{
  "X": [
    [1, 3, 9, 105, 7],
    [48, 80, 301, 342, 47],
    [73, 88, 345, 366, 37],
    [23, 20, 61, 133, 11],
    [17, 21, 88, 228, 19],
    [48, 70, 325, 376, 44],
    [26, 19, 76, 143, 15],
    [15, 11, 92, 261, 18],
    [32, 47, 225, 414, 30],
    [9, 39, 127, 251, 13],
    [22, 38, 239, 321, 21],
    [5, 5, 24, 169, 8],
    [6, 20, 120, 246, 10],
    [9, 21, 80, 227, 8],
    [21, 33, 114, 231, 20],
    [93, 94, 577, 402, 59],
    [15, 9, 44, 102, 12],
    [2, 0, 12, 87, 2],
    [26, 16, 77, 225, 28],
    [106, 92, 463, 680, 62],
    [13, 14, 82, 134, 17],
    [5, 7, 20, 96, 15],
    [10, 4, 51, 97, 8],
    [4, 4, 13, 57, 3],
    [2, 6, 18, 111, 5],
    [4, 8, 36, 161, 2],
    [71, 62, 330, 705, 59],
    [30, 97, 338, 285, 50],
    [34, 94, 279, 338, 46],
    [43, 49, 201, 230, 35],
    [23, 32, 154, 323, 37],
    [14, 23, 79, 64, 18],
    [24, 43, 180, 108, 26],
    [101, 188, 627, 915, 98],
    [19, 68, 238, 256, 38],
    [48, 120, 476, 457, 67],
    [16, 33, 131, 107, 15],
    [23, 56, 210, 324, 26],
    [95, 189, 572, 641, 86],
    [27, 73, 315, 252, 35],
    [5, 10, 21, 76, 12],
    [17, 14, 78, 260, 24],
    [5, 0, 14, 89, 5],
    [26, 39, 85, 282, 29],
    [23, 43, 186, 313, 32],
    [39, 59, 291, 430, 35],
    [3, 13, 57, 158, 5],
    [6, 8, 20, 164, 7],
    [9, 10, 33, 187, 11],
    [11, 4, 102, 209, 13],
    [1, 23, 36, 125, 19],
    [6, 3, 24, 77, 6],
    [27, 12, 175, 285, 17],
    [39, 18, 172, 200, 17],
    [38, 20, 187, 376, 21],
    [19, 11, 140, 257, 14],
    [41, 34, 350, 628, 36],
    [1, 8, 3, 123, 2],
    [4, 15, 37, 113, 12],
    [40, 81, 327, 411, 49],
    [10, 33, 165, 166, 35],
    [115, 147, 767, 1412, 102],
    [28, 30, 139, 225, 26],
    [136, 108, 533, 799, 94],
    [26, 7, 75, 189, 12]
  ],
  "W": [
    [13, 1, 12, 95, 1, 3],
    [20, 35, 323, 349, 46, 45],
    [32, 77, 326, 372, 66, 36],
    [12, 20, 61, 126, 12, 17],
    [17, 26, 68, 233, 15, 14],
    [36, 58, 311, 357, 51, 50],
    [12, 29, 71, 140, 15, 12],
    [16, 18, 78, 240, 15, 30],
    [41, 23, 215, 380, 50, 39],
    [21, 10, 130, 231, 32, 15],
    [22, 26, 211, 298, 52, 32],
    [13, 8, 21, 163, 6, 0],
    [29, 11, 110, 208, 32, 12],
    [9, 11, 76, 213, 23, 13],
    [28, 13, 104, 221, 32, 21],
    [41, 115, 514, 391, 90, 74],
    [9, 14, 35, 103, 12, 9],
    [19, 1, 13, 66, 3, 1],
    [20, 31, 75, 223, 10, 13],
    [70, 145, 410, 658, 60, 60],
    [18, 19, 71, 128, 10, 14],
    [6, 1, 31, 95, 5, 5],
    [15, 9, 41, 93, 4, 8],
    [9, 3, 14, 50, 4, 1],
    [17, 3, 19, 98, 4, 1],
    [6, 7, 32, 150, 13, 3],
    [66, 95, 264, 712, 48, 42],
    [23, 40, 336, 296, 61, 44],
    [23, 41, 289, 360, 47, 31],
    [36, 45, 201, 222, 30, 24],
    [37, 30, 142, 307, 27, 26],
    [12, 13, 87, 64, 12, 10],
    [9, 19, 184, 114, 26, 29],
    [75, 114, 656, 911, 98, 75],
    [15, 39, 230, 269, 46, 20],
    [24, 47, 488, 450, 75, 84],
    [4, 15, 129, 116, 20, 18],
    [28, 34, 201, 301, 42, 33],
    [49, 125, 597, 639, 94, 79],
    [13, 35, 310, 271, 48, 25],
    [11, 6, 18, 75, 6, 8],
    [36, 10, 86, 231, 13, 17],
    [12, 5, 14, 81, 1, 0],
    [41, 29, 81, 284, 18, 8],
    [23, 22, 172, 296, 44, 40],
    [31, 33, 295, 402, 59, 34],
    [10, 9, 60, 142, 10, 5],
    [19, 5, 22, 148, 5, 6],
    [18, 11, 36, 173, 7, 5],
    [29, 7, 97, 174, 14, 18],
    [32, 4, 29, 119, 11, 9],
    [5, 8, 19, 76, 6, 2],
    [24, 35, 151, 254, 24, 28],
    [17, 20, 188, 176, 24, 21],
    [32, 31, 179, 337, 30, 33],
    [14, 17, 141, 235, 17, 17],
    [44, 46, 342, 573, 42, 42],
    [14, 2, 3, 109, 5, 4],
    [21, 5, 35, 108, 7, 5],
    [50, 36, 305, 379, 79, 59],
    [8, 6, 165, 170, 31, 29],
    [110, 163, 687, 1349, 142, 92],
    [15, 29, 138, 221, 23, 22],
    [59, 112, 536, 782, 74, 107],
    [18, 34, 68, 176, 5, 8]
  ],
  "method": "mvn_cdf",
  "mvncdf_method": "genz",
  "mvncdf_samples": 5000,
  "mvncdf_error": 0.001,
  "cond_prob": [
    [
      [3.2171901005e-05, 0.0085393310176, 8.4304598191e-05, 0.9082762637, 0.083067928785],
      [0.47208404388, 0.052216339965, 0.35661027856, 0.087695025889, 0.031394311706],
      [0.026598422323, 0.15185665966, 0.60877101422, 0.12765813442, 0.085115769376],
      [0.00047418898612, 0.0063815940278, 0.0026225008569, 0.95031906258, 0.040202653549],
      [0.0017494074939, 0.30720079815, 0.40843072536, 0.25853379125, 0.024085277746],
      [0.053839764119, 0.033680070042, 0.22649109473, 0.34465706556, 0.34133200555]
    ],
    [
      [0.001574902559, 0.035404192506, 0.0009569919836, 0.82459407647, 0.13746983648],
      [0.60300924759, 0.044678789859, 0.33135318746, 0.010079399845, 0.010879375239],
      [0.052124949553, 0.14586763731, 0.73085627533, 0.033904975644, 0.037246162161],
      [0.0069938430595, 0.037955848246, 0.027991726874, 0.86603467945, 0.061023902374],
      [0.003796359785, 0.32428607577, 0.524723144, 0.13538075334, 0.011813667106],
      [0.1646963511, 0.054425802911, 0.4313454303, 0.12734254583, 0.22218986986]
    ],
    [
      [0.0025744379727, 0.042759947509, 0.0044132373029, 0.8395270684, 0.11072530881],
      [0.58607056076, 0.040090353528, 0.35440144352, 0.012694452559, 0.0067431896347],
      [0.053284542783, 0.13506245067, 0.76238133215, 0.025391671092, 0.023880003306],
      [0.0090214061298, 0.045295013067, 0.036837179205, 0.85815305561, 0.050693345986],
      [0.0039574553114, 0.31285945086, 0.56839058069, 0.10689966465, 0.0078928484996],
      [0.18895190911, 0.055997136733, 0.49489838849, 0.099768378702, 0.16038418696]
    ],
    [
      [0.0021626628167, 0.028403618229, 0.0037359348862, 0.88509056169, 0.080607222376],
      [0.68385310236, 0.037759703518, 0.2501289643, 0.021209685965, 0.0070485438561],
      [0.075604644968, 0.16225350808, 0.68463761364, 0.046057101929, 0.031447131385],
      [0.0054818785338, 0.031493701466, 0.017693455167, 0.90719878046, 0.03813218437],
      [0.0052362483264, 0.33922021516, 0.46030954321, 0.1858363413, 0.0093976520054],
      [0.23126770475, 0.056920561841, 0.37862383493, 0.15342081699, 0.17976708148]
    ],
    [
      [0.0012138424396, 0.026962924405, 0.0091425094104, 0.85541313578, 0.10726758797],
      [0.46848053591, 0.044066363917, 0.46743410682, 0.0084872813574, 0.011531712006],
      [0.032286991361, 0.11555542953, 0.79104234271, 0.029865357747, 0.031249878646],
      [0.0044367582817, 0.029909265378, 0.026874220269, 0.8881796761, 0.050600079968],
      [0.0024246559673, 0.26161609495, 0.57725670235, 0.14863892785, 0.01006361889],
      [0.10951577238, 0.046073954125, 0.49856195718, 0.14507247142, 0.2007758449]
    ],
    [
      [0.001262442151, 0.02770338943, 0.0038870356258, 0.85948236559, 0.1076647672],
      [0.49006786846, 0.044819075426, 0.4320844812, 0.021621616167, 0.011406958752],
      [0.03714508694, 0.12515797347, 0.76801271839, 0.036091928858, 0.033592292337],
      [0.0047501198619, 0.030266863268, 0.024929088626, 0.88962455431, 0.050429373933],
      [0.0027323243457, 0.27903744194, 0.55556640533, 0.15198723532, 0.010676593072],
      [0.12286704683, 0.048857242619, 0.47427280152, 0.14465352672, 0.20934938231]
    ],
    [
      [0.0019867421281, 0.02419736309, 0.0037246752609, 0.85762700605, 0.11246421347],
      [0.63802341751, 0.034458580439, 0.30592940355, 0.011017766533, 0.01057083197],
      [0.061700291833, 0.12809618957, 0.72862746391, 0.040910376359, 0.04066567832],
      [0.0059447728569, 0.027404748417, 0.01982092063, 0.8928129705, 0.054016587594],
      [0.0046773054699, 0.28332138615, 0.52068877105, 0.17846351966, 0.012849017666],
      [0.18252762371, 0.044084814983, 0.39712840017, 0.15112960927, 0.22512955186]
    ],
    [
      [0.00056126514334, 0.0088422383842, 0.00057887168432, 0.92520692697, 0.064810697816],
      [0.46789170181, 0.027551585396, 0.4297344406, 0.062289097805, 0.012533174383],
      [0.034566812907, 0.076250381063, 0.7648781945, 0.08716231425, 0.037142297283],
      [0.0023321137638, 0.0046837330393, 0.015212455641, 0.94899331276, 0.028778384794],
      [0.0024231735456, 0.16332916647, 0.51823215752, 0.30470677185, 0.011308730614],
      [0.10922342706, 0.028034416644, 0.43901824116, 0.19826094186, 0.22546297328]
    ],
    [
      [0.0013082200343, 0.019540563647, 0.013251239019, 0.88959198602, 0.076307991278],
      [0.58608501796, 0.035538309299, 0.35886298152, 0.010481008906, 0.00903268231],
      [0.048418626, 0.10983629463, 0.76102398548, 0.051707990896, 0.029013102994],
      [0.00502200242, 0.020623236756, 0.020165245139, 0.91974752365, 0.034441992034],
      [0.0035244112106, 0.2465838479, 0.54872382804, 0.19189226966, 0.0092756431898],
      [0.15312362808, 0.041041796625, 0.4483002357, 0.18127627835, 0.17625806124]
    ],
    [
      [0.00052897603724, 0.024784725117, 0.0089611247745, 0.90720457241, 0.058520601659],
      [0.41619976324, 0.06919407035, 0.48803849896, 0.015894712481, 0.010672954971],
      [0.024570247483, 0.15787551617, 0.73572750767, 0.057348404488, 0.024478324183],
      [0.0013642664194, 0.026549082345, 0.01780249732, 0.92922246366, 0.025061690255],
      [0.0015244041321, 0.31837295933, 0.47606755027, 0.19690974243, 0.0071253438373],
      [0.084589014863, 0.06286601641, 0.46268779354, 0.22553089386, 0.16432628133]
    ],
    [
      [0.00083336796786, 0.017866068396, 0.00093318801909, 0.91114408767, 0.06922328795],
      [0.43683481817, 0.035754507648, 0.49309741333, 0.025494475763, 0.008818785086],
      [0.02984863452, 0.090539474289, 0.80923646982, 0.047226862112, 0.023148559257],
      [0.0030594034912, 0.017634584211, 0.025063671444, 0.92420727138, 0.030035069477],
      [0.0021784807825, 0.21412481265, 0.60247701149, 0.17349448675, 0.007725208325],
      [0.10315360961, 0.03699699589, 0.51913322803, 0.18411330045, 0.15660286602]
    ],
    [
      [0.007558441892, 0.012445411773, 0.030889607936, 0.85490017216, 0.094206366235],
      [0.48545731882, 0.033427792096, 0.41033734805, 0.055091255974, 0.015686285064],
      [0.032759853512, 0.096376470045, 0.75157070213, 0.072997608822, 0.046295365488],
      [0.0019469439882, 0.0084715100245, 0.010284999524, 0.94494633173, 0.034350214737],
      [0.0021288185012, 0.19433755087, 0.47604944089, 0.31439430955, 0.013089880183],
      ["NaN", "NaN", "NaN", "NaN", "NaN"]
    ],
    [
      [4.3540416952e-05, 0.011524801419, 0.00096596899691, 0.94016812905, 0.047297560114],
      [0.32208318136, 0.042793276185, 0.56326268684, 0.061089823727, 0.010771031893],
      [0.014205524953, 0.095366237205, 0.78911257529, 0.077632489055, 0.023683173496],
      [0.00065891202795, 0.008465174929, 0.018364888007, 0.95433257289, 0.018178452145],
      [0.00093955446915, 0.20366859393, 0.54552546476, 0.24248566799, 0.0073807188502],
      [0.060507928615, 0.035551436436, 0.47475020698, 0.27190382198, 0.15728660599]
    ],
    [
      [0.00044882081362, 0.016772449002, 0.00046956571116, 0.9328490438, 0.049460120676],
      [0.45079173307, 0.05011774837, 0.430086801, 0.060309288325, 0.0086944292367],
      [0.030879987221, 0.13187310288, 0.73725660105, 0.075884080985, 0.024106227858],
      [0.0018914305543, 0.016677516546, 0.013443386824, 0.95148209494, 0.016505571133],
      [0.0019691732195, 0.26527413488, 0.47300247196, 0.25278374923, 0.0069704707129],
      [0.095554371386, 0.047829290863, 0.42237070531, 0.28415798649, 0.15008764595]
    ],
    [
      [0.002057080847, 0.031045855791, 0.01330577286, 0.85302411729, 0.10056717321],
      [0.66105829235, 0.035842341373, 0.28933226014, 0.0062030293316, 0.0075640768051],
      [0.061581545962, 0.12955150699, 0.74016232345, 0.040206170098, 0.028498453495],
      [0.00724411733, 0.03373606552, 0.026677237778, 0.88619681011, 0.04614576926],
      [0.0044264823654, 0.30334372009, 0.55350765336, 0.12941348659, 0.0093086575976],
      [0.20007456143, 0.048987588108, 0.44196775632, 0.13631033517, 0.17265975897]
    ],
    [
      [0.001988235183, 0.031419638195, 0.0061196732707, 0.83093490151, 0.12953755184],
      [0.50829163997, 0.034167429848, 0.43550084589, 0.012852552393, 0.0091875318976],
      [0.040528391985, 0.098923857444, 0.80825452155, 0.024224822201, 0.028068406816],
      [0.0075276631997, 0.033753192738, 0.038519345009, 0.85998657118, 0.060213227871],
      [0.0032539770023, 0.2411361413, 0.63438559079, 0.11147931715, 0.0097449737543],
      [0.14050237891, 0.041026035104, 0.52794466175, 0.10424566251, 0.18628126173]
    ],
    [
      [0.0027481875978, 0.019956714607, 0.0050179700654, 0.83396624045, 0.13831088728],
      [0.67954042487, 0.020623707218, 0.2704876119, 0.019975441009, 0.0093728149943],
      [0.075386667055, 0.091287156523, 0.76115054564, 0.029821359039, 0.04235427174],
      [0.007900195671, 0.022254147015, 0.025911151116, 0.87685604296, 0.067078463238],
      [0.0055663736476, 0.23109221286, 0.60750212016, 0.14114125646, 0.014698036866],
      [0.21585004206, 0.030147054701, 0.39654095538, 0.12900362144, 0.22845832642]
    ],
    [
      [0.0002346524115, 0, 0, 0.95915687987, 0.040608467722],
      [0.74094406058, 0, 0.18102290969, 0.071421908886, 0.0066111208474],
      [0.059938089288, 0, 0.75899705263, 0.15202966333, 0.029035194749],
      [0.001247941819, 0, 0.0046087598065, 0.98426225223, 0.0098810461486],
      [0.068729328116, 0, 0.42471124421, 0.49820193423, 0.0083574934458],
      [0.18685023845, 0, 0.37370352626, 0.27229730073, 0.16714893456]
    ],
    [
      [0.0013409902274, 0.015508289446, 0.002106713101, 0.8357949105, 0.14524909672],
      [0.60971239259, 0.031342674355, 0.32634309972, 0.014336204444, 0.018265628893],
      [0.054803048624, 0.10725373252, 0.71328638481, 0.057673082601, 0.066983751444],
      [0.0049487438861, 0.016993054897, 0.016723875622, 0.89429757858, 0.067036747013],
      [0.003807195805, 0.24642413208, 0.52256579658, 0.20543049694, 0.0217723786],
      [0.14001734875, 0.032345292633, 0.33766681202, 0.15627178954, 0.33369875705]
    ],
    [
      [0.0015411268847, 0.027321060086, 0.013443799844, 0.85750704668, 0.10018696651],
      [0.52875654144, 0.039581844815, 0.41412571233, 0.0080047903497, 0.009531111065],
      [0.041319218247, 0.1134092911, 0.77824189723, 0.038471597458, 0.028557995962],
      [0.0056849077146, 0.0294233825, 0.028172763464, 0.89057924193, 0.046139704395],
      [0.0030586672535, 0.26275666667, 0.58136704425, 0.14340278382, 0.0094148380072],
      [0.13928923028, 0.045406054336, 0.49186378071, 0.14058581596, 0.18285511872]
    ],
    [
      [0.0010186570832, 0.022508202161, 0.00087963603009, 0.84079689702, 0.1347966077],
      [0.45964860143, 0.036997609347, 0.47206470581, 0.017133443008, 0.014155640406],
      [0.031597447546, 0.097350926899, 0.79846477864, 0.033459511167, 0.03912733575],
      [0.0043185520635, 0.024545826481, 0.027344580004, 0.88107251163, 0.062718529826],
      [0.0024077610697, 0.23198609761, 0.60897615043, 0.14354553553, 0.01308445536],
      [0.1020049782, 0.03701822915, 0.48100500806, 0.13941130717, 0.24056047742]
    ],
    [
      [0.03737984358, 0.015356190144, 0.025087904755, 0.73877541204, 0.18340064948],
      [0.88837758713, 0.011938204239, 0.078268142044, 0.011876401982, 0.0095396646059],
      [0.08636686475, 0.13586042794, 0.53265305613, 0.10035159666, 0.14476805452],
      [0.0049879822602, 0.01324628147, 0.0091055934467, 0.90100900492, 0.071651137899],
      [0.0053985108086, 0.25954213591, 0.32231284136, 0.37051363024, 0.042232881676],
      [0.14182393508, 0.025628793923, 0.15647282102, 0.19922960205, 0.47684484794]
    ],
    [
      [0.0025490085597, 0.016393845133, 0.0021994951892, 0.8690088971, 0.10984875402],
      [0.58197336509, 0.012631160671, 0.36723465768, 0.032829879299, 0.0053309372574],
      [0.05268593473, 0.044186562695, 0.86424800566, 0.019242640651, 0.019636856261],
      [0.011303330423, 0.012198590004, 0.048829403259, 0.88013108941, 0.047537586909],
      [0.0043329442362, 0.13572067408, 0.79400354107, 0.058430265326, 0.0075125752876],
      [0.18691746945, 0.018926404978, 0.56382234418, 0.099317123391, 0.131016658]
    ],
    [
      [0.0012193354531, 0.016365930268, 0.0051523811027, 0.90574407486, 0.071518278312],
      [0.74339754123, 0.023072257639, 0.19787838782, 0.029462783642, 0.0061890296703],
      [0.081904280213, 0.12620327156, 0.69651159922, 0.061071412989, 0.034309436016],
      [0.0060874086553, 0.018256362945, 0.0095404950321, 0.93433291398, 0.031782819385],
      [0.0054428542004, 0.2637299691, 0.44722460084, 0.27336730309, 0.010235272767],
      [0.28603158468, 0.048906029171, 0.34290786252, 0.094800281968, 0.22735424166]
    ],
    [
      [0.0003716649773, 0.01616462176, 0.0085778228884, 0.90863380515, 0.066252085228],
      [0.42176012536, 0.053347833033, 0.41842926369, 0.093169490152, 0.013293287769],
      [0.025309339754, 0.14496017704, 0.71864872174, 0.073079186704, 0.038002574771],
      [0.001358863594, 0.016709818186, 0.0088048072316, 0.94504931066, 0.028077200328],
      [0.0015317416941, 0.27519841592, 0.42625134406, 0.28665150254, 0.01036699579],
      [0.10822826501, 0.072558721329, 0.37668702194, 0.12377383991, 0.31875215182]
    ],
    [
      [0.00028457299925, 0.010831090612, 0.00037252658796, 0.95987811998, 0.028633689821],
      [0.40392780424, 0.042479702799, 0.45750875855, 0.089963610948, 0.0061201234651],
      [0.02491383501, 0.10770790708, 0.74577248657, 0.10367616787, 0.017929603477],
      [0.0007009635904, 0.0085072108863, 0.010086295995, 0.97549220678, 0.0052133227434],
      [0.0015165302812, 0.21456053312, 0.46633889189, 0.31240840099, 0.005175643721],
      [0.082898593268, 0.041877982283, 0.45171132217, 0.30273613372, 0.12077596856]
    ],
    [
      [0.0018079704219, 0.025713434218, 0.0041090881975, 0.86029305757, 0.10807644959],
      [0.51882857456, 0.032642890127, 0.43264866002, 0.0068178489088, 0.0090620263781],
      [0.041052464138, 0.094943971783, 0.80679967066, 0.029793493526, 0.02741039989],
      [0.0064825490164, 0.027357626048, 0.033045144578, 0.88292545204, 0.050189228321],
      [0.0032041130495, 0.22953758609, 0.62874691899, 0.12915109301, 0.0093602888558],
      [0.14249372643, 0.039052294057, 0.52200165168, 0.11584061781, 0.18061171002]
    ],
    [
      [0.001084948066, 0.04830299014, 0.0013982518854, 0.78748341619, 0.16173039372],
      [0.40623454405, 0.067966149019, 0.49343950147, 0.017733523994, 0.014626281465],
      [0.025266803251, 0.15925567414, 0.7533350182, 0.026318758937, 0.035823745473],
      [0.0037592044693, 0.051188646362, 0.037130389314, 0.83275138826, 0.075170371599],
      [0.0017185204106, 0.35364038817, 0.53196601372, 0.10135401866, 0.011321059033],
      [0.091328733459, 0.066740358019, 0.4924811809, 0.10587344097, 0.24357628665]
    ],
    [
      [0.0012719146508, 0.051806789667, 0.0013121079756, 0.79673517335, 0.14887401436],
      [0.46178528824, 0.06914961987, 0.43447905826, 0.02192835696, 0.012657676664],
      [0.032538591593, 0.17652232972, 0.72784037331, 0.028753412591, 0.034345292786],
      [0.0055126364263, 0.051639862968, 0.035160831513, 0.83971721593, 0.06796945316],
      [0.0022742273882, 0.3842819696, 0.49935963706, 0.10363565263, 0.01044851332],
      [0.11427285077, 0.07441138372, 0.47362935335, 0.1063618945, 0.23132451766]
    ],
    [
      [0.0017831491471, 0.03702956592, 0.0011343081782, 0.80186561511, 0.15818736165],
      [0.5847567429, 0.03942106984, 0.33707942564, 0.028374565626, 0.010368195997],
      [0.052682873676, 0.13236722549, 0.74982371591, 0.028470388086, 0.036655796835],
      [0.0082279181124, 0.040149489594, 0.034012232413, 0.84731597204, 0.070294387837],
      [0.0039917216769, 0.30571714454, 0.559770415, 0.11821369547, 0.012307023313],
      [0.17025608834, 0.05010308892, 0.44717482533, 0.10345323917, 0.22901275824]
    ],
    [
      [0.00089661723827, 0.019815655974, 0.00077533366558, 0.85398541755, 0.12452697557],
      [0.47442176646, 0.040750332331, 0.44070299099, 0.027651120698, 0.016473789525],
      [0.034513739064, 0.1108327471, 0.76405783942, 0.043471298454, 0.047124375966],
      [0.0035394867678, 0.021619641798, 0.020853045508, 0.89595320637, 0.058034619558],
      [0.002517950719, 0.24647130185, 0.54841897282, 0.18756015424, 0.015031620367],
      [0.10302361978, 0.039004057276, 0.42480048039, 0.16455088576, 0.26862095679]
    ],
    [
      [0.001816992274, 0.044189814869, 0.0014847907227, 0.70238533056, 0.25012307157],
      [0.57912903124, 0.048431272951, 0.32802501883, 0.029606052039, 0.014808624931],
      [0.050153101906, 0.15766410522, 0.71525350516, 0.02989039689, 0.047038890825],
      [0.0092657759094, 0.051251083066, 0.036457975214, 0.78997060612, 0.11305455969],
      [0.0038945606965, 0.3581010555, 0.52119278397, 0.099093434591, 0.017718165251],
      [0.14464544341, 0.054605653687, 0.39031784964, 0.083879282052, 0.3265517712]
    ],
    [
      [0.0021694046564, 0.047287917015, 0.0034386826056, 0.75881302371, 0.18829097201],
      [0.55345848954, 0.046613288652, 0.3832579905, 0.0049423444893, 0.011727886821],
      [0.04407267006, 0.13954056026, 0.75860412075, 0.021604737849, 0.036177911088],
      [0.0090137993419, 0.052395595874, 0.040344521144, 0.80966255358, 0.088583530065],
      [0.0034409271425, 0.32449972761, 0.56890650971, 0.090786919101, 0.012365916441],
      [0.14615019087, 0.055282838886, 0.47286714335, 0.084121223202, 0.24157860369]
    ],
    [
      [0.0013339244585, 0.036127146958, 0.00093123798333, 0.84835492491, 0.11325276569],
      [0.51643278001, 0.056151187151, 0.39468796783, 0.021259456055, 0.011468608956],
      [0.040810183469, 0.16129428231, 0.72612662654, 0.03689134951, 0.034877558179],
      [0.0053646903009, 0.037710933957, 0.025351664895, 0.87892880754, 0.052643903303],
      [0.0028229952614, 0.34677692125, 0.50043318666, 0.13939672459, 0.010570172236],
      [0.13455002653, 0.06321840444, 0.44611790399, 0.13845406241, 0.21765960264]
    ],
    [
      [0.00057631863433, 0.041111907569, 0.0011993621044, 0.79335482804, 0.16375758366],
      [0.33897127422, 0.072813586428, 0.54069611856, 0.029576879062, 0.017942141732],
      [0.016949575271, 0.15653859837, 0.75512175218, 0.031567283642, 0.039822790537],
      [0.0015839560065, 0.043180765472, 0.034182982193, 0.84827594252, 0.072776353809],
      [0.0010398451693, 0.33978617127, 0.5289313534, 0.11772287734, 0.012519752822],
      [0.069957808512, 0.064696204967, 0.48453967388, 0.10421115815, 0.27659515448]
    ],
    [
      [0.00087823630264, 0.033174560119, 0.00091085214509, 0.83670305653, 0.1283332949],
      [0.46293522908, 0.057866540009, 0.43334986336, 0.032173068052, 0.013675299498],
      [0.031428098912, 0.14696120249, 0.74752938009, 0.037500898109, 0.036580420403],
      [0.0037648615526, 0.035521848421, 0.02810327493, 0.8772134247, 0.055396590393],
      [0.0022159112031, 0.31835458363, 0.52345522533, 0.14466098438, 0.011313295454],
      [0.1074246816, 0.058399890499, 0.46322312938, 0.13703499074, 0.23391730778]
    ],
    [
      [0.001601672601, 0.051465372096, 0.0014020385008, 0.78534451674, 0.16018640007],
      [0.50852724504, 0.050706229765, 0.39714704851, 0.034508916987, 0.0091105597001],
      [0.038320537447, 0.14245843059, 0.7706762186, 0.021405212762, 0.027139600601],
      [0.0079046977835, 0.052020671889, 0.042085655275, 0.83547142213, 0.062517552922],
      [0.0029422657714, 0.32634261862, 0.56775349552, 0.094214093979, 0.0087475261108],
      [0.13591916917, 0.060842067107, 0.52127488868, 0.098930493627, 0.18303338142]
    ],
    [
      [0.00065966099787, 0.02657610006, 0.00298363381, 0.89162852823, 0.078152076906],
      [0.41236821292, 0.060745299292, 0.48297148371, 0.032299832708, 0.011615171368],
      [0.026494937344, 0.14793252512, 0.749678133, 0.046240504135, 0.029653900399],
      [0.0018384930354, 0.028612727126, 0.020446672979, 0.91325309797, 0.035849008889],
      [0.0017152990802, 0.30723886783, 0.50291733539, 0.1793094397, 0.0088190579951],
      [0.091215117624, 0.058776610877, 0.47070140671, 0.18853595786, 0.19077090693]
    ],
    [
      [0.0011062664275, 0.042967756994, 0.0010857402481, 0.82964116788, 0.12519906845],
      [0.48671734821, 0.068803504729, 0.41138133195, 0.020084101862, 0.013013713248],
      [0.035740144078, 0.18253175216, 0.70925525808, 0.035731642963, 0.036741202723],
      [0.0049885182696, 0.042767848188, 0.027946841291, 0.86632751995, 0.057969272306],
      [0.0024178231143, 0.38528784831, 0.47244705589, 0.12905891047, 0.010788362208],
      [0.11840911211, 0.073126241067, 0.4408947889, 0.13658805522, 0.2309818027]
    ],
    [
      [0.0011774765829, 0.046533145506, 0.0014771956619, 0.79505595168, 0.15575623057],
      [0.41661433145, 0.054444380995, 0.48691847249, 0.0307775116, 0.011245303463],
      [0.027041974237, 0.1326582777, 0.7886943878, 0.022911892702, 0.028693467565],
      [0.0048907220146, 0.048873999463, 0.043496857044, 0.83609358778, 0.066644833699],
      [0.0020104316121, 0.30532621082, 0.58679784456, 0.096394173755, 0.0094713392507],
      [0.10393171227, 0.058597508532, 0.53957779616, 0.091043614246, 0.20684936879]
    ],
    [
      [0.0010548529706, 0.033707974014, 0.00079378681408, 0.79080914026, 0.17363424594],
      [0.51970957091, 0.064917624213, 0.35537814345, 0.039675259927, 0.020319401501],
      [0.037411292091, 0.19728632457, 0.68122966952, 0.019784337757, 0.064288376063],
      [0.0048956819493, 0.037979079438, 0.018169033079, 0.86054401223, 0.078412193303],
      [0.0024872507097, 0.39037682493, 0.42193971862, 0.16669279085, 0.018503414884],
      [0.10182953548, 0.062232598855, 0.33781870504, 0.14574651945, 0.35237264118]
    ],
    [
      [0.0010284583744, 0.010937244806, 0.0050151187905, 0.88162327861, 0.10139589942],
      [0.69515237523, 0.024369982913, 0.25429351581, 0.012247047028, 0.013937079016],
      [0.070197271178, 0.094435556955, 0.70377771975, 0.07458612774, 0.057003324376],
      [0.0043094375882, 0.0092083573576, 0.013297677186, 0.92727419568, 0.04591033219],
      [0.0048953777586, 0.20415340682, 0.484066636, 0.28949696101, 0.017387618407],
      [0.17149214301, 0.027057448324, 0.31688276286, 0.22122851879, 0.26333912702]
    ],
    [
      [0.010926089464, 0, 0.019731082426, 0.87453145179, 0.094811376322],
      [0.69093065279, 0, 0.2493010403, 0.050168438929, 0.0095998679871],
      [0.083654080145, 0, 0.78878735442, 0.080364087667, 0.047194477772],
      [0.0021509515473, 0, 0.0098622462744, 0.94927348706, 0.038713315114],
      [0.068849465139, 0, 0.67485689935, 0.23853070436, 0.017762931145],
      ["NaN", "NaN", "NaN", "NaN", "NaN"]
    ],
    [
      [0.0018541890684, 0.045629055616, 0.011318494399, 0.8024529449, 0.13874531602],
      [0.60458309275, 0.052636958817, 0.31052326532, 0.022031425391, 0.010225257729],
      [0.055855997126, 0.18473313521, 0.69328778187, 0.028942385791, 0.037180700004],
      [0.0075887955608, 0.045543238586, 0.02705973597, 0.85747953124, 0.062328698639],
      [0.0038179720571, 0.39322387477, 0.4710958832, 0.1207086387, 0.011153631268],
      [0.20534891939, 0.078380432238, 0.40122072381, 0.052405287985, 0.26264463658]
    ],
    [
      [0.00092807374892, 0.021414567361, 0.00066488343113, 0.88013035424, 0.09686212122],
      [0.49283307981, 0.044326544732, 0.42750416474, 0.022320456525, 0.01301575419],
      [0.036348300324, 0.12182746904, 0.75274477472, 0.051358913957, 0.037720541966],
      [0.0037181347613, 0.023283517557, 0.019837179968, 0.90816590882, 0.044995258897],
      [0.0025786218934, 0.26934925689, 0.53342277466, 0.18291691314, 0.011732433417],
      [0.11675979099, 0.045866694796, 0.44412768625, 0.16416913552, 0.22907669244]
    ],
    [
      [0.0011419220232, 0.019234238346, 0.0013281520235, 0.89522208246, 0.083073605142],
      [0.55983155468, 0.036675615451, 0.38197113817, 0.011219128211, 0.010302563485],
      [0.046049210348, 0.1119589191, 0.75829305912, 0.050825745214, 0.032873066216],
      [0.0046399236523, 0.020276002898, 0.019641472757, 0.91765609995, 0.037786500745],
      [0.0033183208757, 0.24777412939, 0.53984944046, 0.19872415784, 0.010333951431],
      [0.14248858295, 0.041056922555, 0.43853936035, 0.18417093773, 0.19374419641]
    ],
    [
      [2.1475180902e-05, 0.011923461739, 0.00051147383954, 0.94893666725, 0.038606921988],
      [0.26910529578, 0.065524418433, 0.56583698353, 0.08674309574, 0.012790206508],
      [0.0052296119159, 0.13959334677, 0.73179040556, 0.096317235963, 0.027069399791],
      [0.00031763160037, 0.0090268540031, 0.01193061246, 0.96500528271, 0.013719619228],
      [0.00030040578541, 0.23947212234, 0.42355420918, 0.32928543324, 0.0073878294568],
      [0.043190625214, 0.047782063681, 0.41304780308, 0.32546136621, 0.17051814181]
    ],
    [
      [0.00078428635981, 0.014193787128, 0.0001075007656, 0.9276786582, 0.057235767544],
      [0.64346244202, 0.041096054749, 0.25984998227, 0.045208827217, 0.010382693745],
      [0.059934129221, 0.16211307439, 0.65017833843, 0.084788841484, 0.042985616477],
      [0.0036311276637, 0.014886691741, 0.0052503324374, 0.95175764657, 0.024474201593],
      [0.0034786269981, 0.29528052663, 0.37254411847, 0.31756537691, 0.011131350994],
      [0.1490725795, 0.04645285392, 0.29250238927, 0.3057913782, 0.20618079912]
    ],
    [
      [0.00066988487429, 0.012438986748, 0.00065682458402, 0.91247615031, 0.073758153485],
      [0.56873959262, 0.04310628506, 0.32149001177, 0.050481763485, 0.016182347058],
      [0.045875326925, 0.14058802244, 0.66551903641, 0.092720555676, 0.055297058554],
      [0.0026756684724, 0.012643045299, 0.0066157349893, 0.94331858786, 0.034746963384],
      [0.0027751414835, 0.26275138103, 0.3946975582, 0.32510161215, 0.014674307138],
      [0.11959562959, 0.042850758221, 0.31713933136, 0.24247258155, 0.27794169927]
    ],
    [
      [0.00085697221206, 0.0033644909554, 0.0059903667945, 0.92698699471, 0.062801175333],
      [0.57080181331, 0.014085342223, 0.38816931517, 0.015817108473, 0.011126420823],
      [0.046104099863, 0.020745394365, 0.82599616023, 0.075217300974, 0.031937044569],
      [0.0016575143716, 0.0014991964855, 0.016005933697, 0.95428866607, 0.026548689375],
      [0.0031564535588, 0.092446562035, 0.59292569476, 0.30107269954, 0.010398590104],
      [0.12082442086, 0.013134280911, 0.43897080137, 0.24718519499, 0.17988530188]
    ],
    [
      [4.106449477e-05, 0.07546258786, 0.0033544910072, 0.71582715247, 0.20531470417],
      [0.18720210969, 0.13423061807, 0.59718637998, 0.061081130059, 0.020299762205],
      [0.0028638297292, 0.24861328488, 0.68338930257, 0.027944290057, 0.037189292759],
      [0.00048481891433, 0.056019454885, 0.042005294588, 0.82761703593, 0.073873395685],
      [0.0001624011712, 0.46066791111, 0.41381690393, 0.11472439838, 0.010628385412],
      [0.011927396841, 0.122758589, 0.45944499934, 0.14338072573, 0.26248828909]
    ],
    [
      [0.0011117155003, 0.0099444021087, 0.0061515708006, 0.88026734461, 0.10252496698],
      [0.56315910963, 0.019563434866, 0.37495061245, 0.029384788207, 0.012942054846],
      [0.043719635304, 0.06567428139, 0.79785570282, 0.048629507717, 0.044120872772],
      [0.004578149732, 0.0071975200953, 0.017583742059, 0.91949636578, 0.05114422233],
      [0.0033952189147, 0.15794946872, 0.59157591535, 0.23252900613, 0.014550390875],
      [0.14509239079, 0.025625412268, 0.46227950213, 0.081363244133, 0.28563945067]
    ],
    [
      [0.00093897555995, 0.0074845579133, 0.0037438000503, 0.92846178782, 0.059370878661],
      [0.48657740343, 0.018209555608, 0.45534024033, 0.031115175006, 0.0087576256253],
      [0.040693077473, 0.044928383824, 0.82845111886, 0.059844087705, 0.026083332134],
      [0.0017939482234, 0.0033203252492, 0.021819733427, 0.94715740526, 0.025908587845],
      [0.0028720127264, 0.12531620539, 0.61468828203, 0.24837046859, 0.0087530312592],
      [0.11707177192, 0.019567809417, 0.48508537071, 0.21616273367, 0.16211231429]
    ],
    [
      [0.002120067112, 0.010059568935, 0.030988127757, 0.88540704, 0.071425196197],
      [0.77155720372, 0.01347600782, 0.20116692854, 0.0072834213743, 0.0065164385507],
      [0.090608914675, 0.06592903354, 0.75275704585, 0.058146617172, 0.032558388762],
      [0.0044275367216, 0.0047333952596, 0.025064783021, 0.932296207, 0.033478077999],
      [0.0070227992469, 0.16221783881, 0.57220778921, 0.24767060797, 0.010880964776],
      [0.26431167528, 0.020881103295, 0.37081666118, 0.18298194482, 0.16100861542]
    ],
    [
      [0.0013031722064, 0.0092415471751, 0.0024937946888, 0.9286516966, 0.058309789326],
      [0.62216730969, 0.018509309887, 0.32856439771, 0.023605500841, 0.007153481875],
      [0.061659124892, 0.067333475649, 0.77876014618, 0.064451761107, 0.027795492167],
      [0.0046424171159, 0.0046750703954, 0.019354844972, 0.94632123091, 0.025006436611],
      [0.0045512859079, 0.15749613367, 0.56478879586, 0.26404397147, 0.0091198130924],
      [0.17979076933, 0.023557788159, 0.4203148316, 0.21766472682, 0.15867188409]
    ],
    [
      [0.00073831821444, 0.0072171394376, 0.00075070988914, 0.93294219649, 0.058351635965],
      [0.54723260428, 0.018839615529, 0.38844346353, 0.036238839971, 0.0092454766905],
      [0.049409733711, 0.051545113152, 0.79655120818, 0.072283310132, 0.030210634823],
      [0.0018265793046, 0.0030166549294, 0.017957998926, 0.95292336852, 0.024275398323],
      [0.0033313323816, 0.13293280613, 0.56473271755, 0.28931307368, 0.0096900702519],
      [0.13141517835, 0.02012082452, 0.426567346, 0.25149931686, 0.17039733427]
    ],
    [
      [0.0007345790554, 0.0091763889566, 0.00084531907852, 0.92806755108, 0.061176161829],
      [0.4793086395, 0.024360442434, 0.44858604752, 0.037677191133, 0.010067679415],
      [0.036399344893, 0.065788645868, 0.80292654674, 0.065576793501, 0.029308668999],
      [0.0029842648605, 0.0043372674003, 0.019775039156, 0.94655160294, 0.026351825645],
      [0.002638698435, 0.15380006831, 0.57701607672, 0.25704309681, 0.0095020597213],
      [0.11071657267, 0.024549632319, 0.45621895551, 0.23416035794, 0.17435448156]
    ],
    [
      [1.5357175436e-05, 0.052669200749, 5.1146279603e-05, 0.91850385215, 0.028760443649],
      [0.39401531806, 0.1637858819, 0.26011945211, 0.16999430322, 0.012085044715],
      [0.021225489684, 0.40209761925, 0.47825087048, 0.057218698915, 0.04120732167],
      [0.00021794452199, 0.020429184407, 0.0010882260009, 0.97124291763, 0.0070217274436],
      [0.00022756531798, 0.59351430401, 0.04874298891, 0.35181992623, 0.0056952155347],
      [0.030796028723, 0.13360348689, 0.17049021444, 0.50118092858, 0.16392934136]
    ],
    [
      [0.00093960629057, 0.044687416118, 0.00094641286625, 0.81137998991, 0.14204657482],
      [0.42488915481, 0.068305550152, 0.42145279922, 0.072198243277, 0.013154252541],
      [0.026690968276, 0.17247623316, 0.74053604016, 0.025489548585, 0.034807209824],
      [0.0040006541577, 0.043944353128, 0.028156232585, 0.86395867876, 0.05994008137],
      [0.0018378366716, 0.36833268189, 0.4994330937, 0.11994694456, 0.010449443179],
      [0.095340619697, 0.071809887838, 0.48343903062, 0.11214577542, 0.23726468643]
    ],
    [
      [0.0012548863558, 0.028972188662, 0.00084813216736, 0.85855220388, 0.11037258894],
      [0.51230326092, 0.046370870223, 0.41823548136, 0.011600532062, 0.011489855438],
      [0.038597300399, 0.12972411988, 0.75745340212, 0.040374564875, 0.033850612724],
      [0.0050499488408, 0.031490772008, 0.025896923621, 0.88657890778, 0.050983447748],
      [0.0027772532478, 0.29589427539, 0.55027940632, 0.1402797401, 0.010769324939],
      [0.12862420424, 0.0509412259, 0.46764103838, 0.13974614996, 0.21304738152]
    ],
    [
      [0.00072971165643, 0.024952866647, 0.036912764922, 0.73395262772, 0.20345202906],
      [0.51491899503, 0.055951854515, 0.3938610731, 0.0097111440309, 0.02555693332],
      [0.025202846227, 0.11226866427, 0.76912993585, 0.040398284026, 0.053000269628],
      [0.0026843006903, 0.02808085369, 0.030822138119, 0.85420338124, 0.084209326262],
      [0.001849780451, 0.25866904208, 0.57334032987, 0.14766743761, 0.018473409993],
      [0.076982910268, 0.039581065629, 0.42833718348, 0.12455620253, 0.33054263809]
    ],
    [
      [0.00092728858687, 0.019925582333, 0.00081682098156, 0.89471492073, 0.083615387371],
      [0.46776971594, 0.039902840549, 0.45922013136, 0.022212170135, 0.010895142014],
      [0.033984098916, 0.10614521691, 0.78271493718, 0.046727774015, 0.030427972983],
      [0.0034425769831, 0.020752217906, 0.022334308546, 0.91551648119, 0.037954415373],
      [0.0024715943472, 0.23647587832, 0.56348667759, 0.18786183687, 0.0097040128724],
      [0.11205930277, 0.041390676554, 0.48030452163, 0.17555087259, 0.19069462647]
    ],
    [
      [0.0011623893059, 0.021901710954, 0.00068634996833, 0.85694449856, 0.11930505121],
      [0.57102857619, 0.036153684656, 0.35522628372, 0.024973260353, 0.012618195084],
      [0.050005543634, 0.11856764593, 0.74551375312, 0.042354702181, 0.043558355135],
      [0.0054359012981, 0.023973036594, 0.020208245766, 0.89532028011, 0.055062536229],
      [0.0036898960629, 0.26341224371, 0.53601313554, 0.18306002669, 0.013824697987],
      [0.14708039241, 0.041098165899, 0.4096781891, 0.15911347961, 0.24302977297]
    ],
    [
      [0.0017586597252, 0.02308975905, 0.00090216554719, 0.85916575858, 0.1150836571],
      [0.64826596969, 0.028880927974, 0.29551287671, 0.017929661965, 0.0094105636661],
      [0.067782467225, 0.11262406593, 0.73970497784, 0.041373267882, 0.038515221116],
      [0.0060744333013, 0.024950658432, 0.024326946656, 0.89146220086, 0.053185760751],
      [0.0049616130755, 0.26105428056, 0.5530145881, 0.16832006808, 0.01264945018],
      [0.20412786756, 0.039318778381, 0.4058010291, 0.13594299447, 0.21480933049]
    ],
    [
      [0.001402932166, 0.0088718925859, 0.013873878577, 0.90106559192, 0.074785704753],
      [0.59931519522, 0.018750660937, 0.35954280196, 0.011963253203, 0.010428088676],
      [0.052043460871, 0.063463748488, 0.77431291362, 0.074903265826, 0.035276611195],
      [0.0044940182494, 0.0048157769752, 0.018244372182, 0.93725673837, 0.035189094226],
      [0.0022532445032, 0.17080698771, 0.64036654577, 0.17410213562, 0.012471086394],
      [0.15710772622, 0.023204609777, 0.43246181999, 0.18161875371, 0.2056070903]
    ]
  ],
  "expected_outcome": [
    [
      [0.00041823471306, 0.031498051179, 0.082382015127, 0.0259519538, 0.020635321474, 0.045447917436, 0.023840905537, 0.0089802422934, 0.053637021407, 0.011108496782, 0.018334095293, 0.098259744596, 0.0012626720916, 0.0040393873226, 0.057598263715, 0.081517642505, 0.02473368838, 0.0044583958185, 0.026819804548, 0.10787888193, 0.018335827497, 0.22427906148, 0.038235128395, 0.010974019078, 0.006318304614, 0.0017074379955, 0.11932604784, 0.024953805518, 0.029254036968, 0.064193369296, 0.033174837816, 0.021803907288, 0.019524641908, 0.10004433439, 0.008644779515, 0.021077671263, 0.0064066904042, 0.01847050794, 0.054207054948, 0.015307195578, 0.011603382676, 0.037024501479, 0.13111307357, 0.076021751803, 0.021345696225, 0.035399582721, 0.00021475180902, 0.014901440836, 0.012057927737, 0.02485219415, 0.0013140638326, 0.0055585775017, 0.022535413439, 0.036041140903, 0.041701510606, 0.010336455002, 0.032321478438, 0.0002150004561, 0.019731732102, 0.06274431779, 0.0058376932514, 0.10200174456, 0.017435839589, 0.10376092379, 0.025252778989],
