{
  "Z_true": {},
  "V_true": [
    [41, 1038, 178, 103, 105, 2032, 63],
    [632, 20, 108, 38, 251, 108, 49],
    [449, 228, 956, 530, 7200, 721, 540],
    [77, 338, 301, 295, 43, 6506, 150],
    [58, 100, 329, 2405, 295, 1039, 99],
    [52, 134, 256, 185, 293, 949, 400],
    [118, 56, 135, 99, 313, 272, 518]
  ],
  "p_true": [
    [0.0115, 0.2916, 0.05, 0.0289, 0.0295, 0.5708, 0.0177],
    [0.524, 0.0166, 0.0896, 0.0315, 0.2081, 0.0896, 0.0406],
    [0.0423, 0.0215, 0.09, 0.0499, 0.6777, 0.0679, 0.0508],
    [0.01, 0.0438, 0.039, 0.0383, 0.0056, 0.8438, 0.0195],
    [0.0134, 0.0231, 0.0761, 0.5561, 0.0682, 0.2402, 0.0229],
    [0.0229, 0.0591, 0.1128, 0.0815, 0.1291, 0.4182, 0.1763],
    [0.0781, 0.0371, 0.0893, 0.0655, 0.2071, 0.18, 0.3428]
  ],
  "Z_est": [
    [
      [0.1936, 0.1774, 0.5477, 0.0166, 0.0665, 0.1051, 0.2379, 0.0332, 0.7894, 0.1438, 1.1407, 0.249, 0.0466, 0.1272, 0.1438, 0.0532, 0.0332, 0.0609, 0.1951, 0.1272, 0.2877, 0.0553, 0.1708, 0.1109, 0.1131, 0.051, 0.1826, 0.1217, 0.1951, 0.0776, 0.0732, 0.082, 0.051, 0.2877, 0.1598, 0.3209, 0.0133, 0.1826, 0.0067, 0.6165, 0.1051],
      [25.9093, 17.3729, 33.6821, 6.1291, 8.8092, 11.4001, 31.2941, 10.8819, 102.1852, 62.6844, 14.1221, 46.6367, 4.1455, 34.2002, 72.546, 6.7617, 7.7729, 20.2092, 20.7274, 1.5546, 30.5729, 13.6513, 21.452, 13.4728, 21.4465, 6.4077, 13.0941, 7.2546, 23.3183, 9.7509, 9.1937, 10.3081, 7.5333, 43.5276, 8.0793, 45.0482, 1.6716, 47.9255, 0.5182, 99.6513, 6.7364],
      [0.4335, 3.3217, 0.8996, 0.0759, 0.0542, 0.2549, 1.061, 0.2818, 0.5419, 0.3793, 0.1301, 0.2493, 0.0325, 0.3468, 0.4335, 0.1654, 0.1084, 0.401, 0.6828, 0.2276, 4.4401, 0.358, 0.5305, 0.9104, 0.3514, 0.1585, 0.3238, 0.4552, 1.6149, 0.2411, 0.2274, 0.2549, 0.1585, 2.2111, 0.1998, 0.3902, 0.0413, 0.831, 0.0207, 1.3982, 0.0434],
      [0.2962, 0.1988, 3.9819, 0.0446, 0.0406, 0.0893, 0.6416, 0.1786, 0.3896, 0.2922, 0.2151, 0, 0.0284, 0.1501, 0.3733, 0.1, 0.1217, 0.2597, 0.3666, 0.1299, 1.0551, 0.2305, 0.3208, 0.2083, 0.2125, 0.0958, 0.1958, 0.211, 0.5562, 0.1458, 0.1375, 0.1542, 0.0958, 0.7223, 0.0254, 0.2759, 0.025, 0.7749, 0.0125, 1.0105, 0.0365],
      [0.2065, 0.2513, 0.4209, 0.2225, 0.0395, 0.0368, 0.1736, 0.1131, 1.1182, 2.8938, 0.1263, 0.2736, 0.0355, 0.3738, 0.5135, 0, 0.1184, 1.1469, 0, 0.075, 0.5091, 0.1539, 0.2419, 0.157, 0.1602, 0.0722, 0.1476, 0.15, 0.2764, 0.1099, 0.1037, 0.1162, 0.0722, 0.5497, 0.0911, 0.5245, 0.0188, 0.5842, 0.0382, 0.8732, 0.0942],
      [92.951, 58.6685, 94.4528, 15.5072, 20.9866, 25.112, 120.5842, 24.5073, 250.9343, 158.5961, 61.2568, 103.5783, 16.707, 83.7949, 133.9707, 16.9169, 24.8419, 78.9127, 66.0184, 6.8842, 88.109, 34.5387, 54.2751, 35.1244, 28.7105, 16.2121, 33.0506, 14.8027, 62.0287, 24.6705, 23.2608, 26.0803, 15.0865, 127.6851, 20.4413, 120.433, 4.2292, 135.6801, 2.4027, 174.4182, 22.9809],
      [0.0098, 0.0093, 0.015, 0.0041, 0.0035, 0.0018, 0.0075, 0.0042, 0.0413, 0.0102, 0.0089, 0.0132, 0.0045, 0.0068, 0.0191, 0.0028, 0.0034, 0.0095, 0.0095, 0.0016, 0.0261, 0.0123, 0.0089, 0.0161, 0.0059, 0.0027, 0.0055, 0.0048, 0.0102, 0.0041, 0.0038, 0.0043, 0.0027, 0.0166, 0.0034, 0.0073, 0.0007, 0.0216, 0.0011, 0.0323, 0.0035]
    ],
    [
      [22.0133, 12.7524, 62.616, 1.9201, 1.4733, 13.9965, 30.3487, 3.7354, 24.3097, 16.1869, 10.6311, 24.4834, 0.7367, 14.9074, 16.1869, 13.8088, 2.9466, 6.8483, 32.1074, 10.1298, 32.3737, 6.2257, 48.285, 18.4931, 23.1268, 28.1296, 16.5852, 13.5964, 33.4595, 21.79, 21.0935, 15.4347, 15.1007, 31.6763, 18.1982, 45.7213, 0, 20.5449, 1.9285, 125.8318, 12.5232],
      [0.9402, 0.5351, 1.2422, 0.2102, 0.0607, 0.6144, 1.3952, 0.4509, 1.296, 2.2933, 0.4246, 0.9705, 0.0303, 1.2613, 0.6673, 0.5459, 0.1213, 0.7453, 0.7644, 0.0573, 1.1275, 0.5351, 1.0129, 0.4969, 1.2132, 0.3822, 0.5542, 0.2675, 0.86, 0.3631, 0.3822, 0.6673, 0.3058, 1.3042, 0.344, 1.9108, 0, 0.8492, 0.0191, 4.6101, 0.498],
      [0.8034, 0.8837, 3.2034, 0.1406, 0.0754, 0.716, 1.7336, 1.6973, 1.0042, 1.0175, 0.241, 0.4619, 0.0377, 1.0552, 0.8034, 0.6025, 0.1507, 0.7431, 1.8466, 0.4522, 2.6221, 1.3055, 2.2989, 1.6871, 3.7009, 1.1046, 0.8291, 0.7179, 2.9925, 1.205, 1.0552, 1.2854, 0.716, 1.6205, 0.8668, 0.723, 0, 1.0552, 0.1507, 2.5908, 0.0803],
      [1.3042, 0.6802, 4.9194, 0.1395, 0.0841, 0.7993, 1.9352, 1.7363, 1.3326, 1.1359, 0.589, 1.1799, 0.0421, 1.1779, 0.9255, 0.7573, 0.1683, 0.8884, 2.0614, 0.5048, 1.8931, 5.0049, 2.5662, 1.5825, 2.1377, 1.0579, 0.9255, 0.7152, 2.4014, 1.1779, 1.1779, 1.1105, 0.7993, 1.809, 0.9676, 2.6504, 0, 1.1779, 0.1943, 3.4564, 0.1249],
      [1.936, 0.9998, 5.3084, 0.2924, 0.1249, 1.1866, 2.8728, 0.5621, 2.0609, 2.3127, 0.8506, 1.9984, 0.0625, 4.2649, 1.3739, 0.6734, 0.2498, 2.5486, 3.0601, 0.5051, 2.8103, 2.224, 3.8095, 2.2329, 5.7993, 2.1233, 1.3739, 1.0617, 3.0038, 1.7486, 1.7486, 1.4975, 1.1866, 2.6854, 1.4364, 3.9344, 0, 1.8302, 0.5505, 6.743, 1.0617],
      [3.9167, 2.109, 7.4818, 0.2641, 0.176, 1.6724, 7.6537, 0.7922, 2.9047, 3.9786, 1.2323, 2.8167, 0.088, 5.2553, 1.9365, 1.5844, 0.3521, 4.1487, 9.0236, 0.3378, 3.961, 1.4964, 2.8577, 2.3766, 3.5208, 1.123, 1.6708, 0.6026, 4.137, 1.6373, 2.4646, 1.9365, 0.84, 3.7849, 1.123, 8.0011, 0, 2.4646, 1.1457, 8.3447, 2.6143],
      [0.0863, 0.0398, 0.229, 0.0332, 0.0056, 0.0148, 0.0609, 0.0258, 0.0919, 0.0752, 0.0314, 0.0891, 0.0028, 0.0779, 0.1066, 0.0277, 0.0111, 0.0775, 0.1364, 0.0129, 0.2122, 0.2085, 0.1698, 0.131, 0.5013, 0.0794, 0.0612, 0.0388, 0.1458, 0.0779, 0.0779, 0.0683, 0.0517, 0.1197, 0.064, 0.0591, 0, 0.0779, 0.0111, 0.4231, 0.0975]
    ],
    [
      [5.0666, 1.5834, 14.623, 0.4011, 1.547, 2.1946, 3.4308, 0.9068, 11.3481, 3.9296, 3.8416, 6.8012, 0.7308, 3.4762, 3.9296, 3.4762, 0.9068, 1.6625, 6.7826, 6.9041, 7.8592, 1.5114, 17.0006, 3.994, 5.5921, 8.0594, 9.1489, 3.325, 2.1905, 5.7558, 10.1305, 0.0681, 5.2376, 7.8592, 5.9278, 3.4308, 0.6046, 4.9876, 0.4534, 38.875, 2.8716],
      [10.3129, 2.9553, 13.67, 1.3261, 3.888, 1.2882, 6.4032, 4.4165, 42.5729, 24.9858, 5.6783, 18.9277, 1.6796, 13.8803, 31.6698, 7.5563, 3.1546, 8.202, 8.4123, 0.6309, 12.4081, 5.8886, 15.7046, 5.468, 9.2535, 7.5523, 7.1585, 2.9443, 9.4638, 3.9958, 5.1528, 4.6268, 3.4847, 17.6658, 4.4059, 6.4032, 1.0515, 18.9277, 0.2103, 50.4925, 2.734],
      [17.702, 15.5921, 35.2665, 3.0979, 2.2128, 5.0456, 18.9773, 10.3115, 22.1276, 15.4893, 5.3106, 10.1787, 1.3277, 14.1616, 17.702, 13.2765, 4.4255, 16.3208, 27.8807, 9.9665, 95.5986, 30.6368, 58.7222, 34.4745, 45.5828, 24.3403, 31.4256, 18.5871, 65.1603, 28.6068, 30.7256, 26.8719, 21.9412, 91.5187, 21.4989, 14.4867, 6.1957, 26.9956, 2.2128, 57.0891, 1.7702],
      [9.215, 0, 25.9773, 1.3664, 1.326, 0, 9.2047, 3.7407, 12.7297, 8.5369, 7.0278, 10.8935, 0.9282, 2.6074, 12.5508, 16.9499, 3.978, 8.4864, 13.3927, 4.2432, 38.5563, 32.5622, 27.6421, 14.0962, 18.795, 12.0667, 20.2966, 6.8952, 19.6161, 12.6522, 28.2872, 9.0325, 9.1231, 23.6029, 10.2102, 6.8876, 7.5671, 21.6139, 1.5054, 37.4648, 1.1934],
      [146.1037, 53.3938, 280.0331, 26.0592, 27.9179, 23.7579, 121.2873, 58.5029, 437.3806, 233.9949, 89.3373, 189.8597, 25.1261, 136.7807, 264.2896, 70.7254, 79.4428, 175.5331, 172.1605, 53.935, 360.6646, 236.5727, 414.9691, 230.0653, 310.1083, 329.5546, 218.3372, 105.7258, 311.8951, 182.7386, 232.0563, 147.4205, 209.3843, 388.9896, 237.0775, 128.0949, 76.5899, 302.444, 26.9486, 712.5322, 39.3095],
      [2.733, 0.5438, 0, 0, 0.4587, 0, 1.1783, 0, 5.7034, 1.8351, 4.1056, 1.2644, 0.3197, 1.2619, 3.6058, 1.5998, 0.6763, 1.5548, 2.0068, 0.2357, 3.0579, 1.3378, 1.994, 0, 0, 2.7679, 1.1658, 0, 0, 1.0512, 2.2659, 0, 0.5861, 12.873, 0.7836, 1.1783, 4.5917, 6.8395, 0.1975, 6.6723, 1.2942],
      [10.8667, 3.9316, 19.43, 2.7494, 2.6495, 1.7138, 8.5184, 4.1215, 27.1378, 13.2284, 5.6987, 17.0749, 5.8879, 8.8318, 18.2524, 4.4159, 4.4159, 11.2403, 12.3646, 2.0845, 33.8553, 16.4904, 27.9674, 20.902, 22.6684, 12.659, 14.4674, 4.5225, 21.6742, 11.1997, 16.3816, 9.9802, 8.243, 21.4908, 12.0961, 8.5184, 7.3995, 16.1917, 1.472, 53.8741, 3.8271]
    ],
    [
      [0.603, 0.3273, 1.7056, 0.0517, 0.1206, 0.843, 0.7408, 0.1034, 1.1646, 0.4479, 0.4273, 1.1484, 0.1786, 0.0319, 0.4479, 0.3963, 0.1034, 0.1895, 0.8097, 0.3963, 0.8959, 0.1723, 1.4472, 0.4996, 0.6375, 0.8097, 0.5685, 0.379, 0.7925, 0.603, 0.7064, 0.3446, 1.9119, 0.8959, 0.5685, 0.9407, 0.0689, 0.5685, 0.0517, 3.6008, 0.3273],
      [10.8746, 6.0898, 14.137, 3.0339, 3.6974, 7.7241, 11.3096, 4.6169, 42.6286, 25.848, 5.8723, 20.081, 1.7399, 14.3545, 30.449, 4.3499, 3.2624, 8.4822, 8.6997, 0.6525, 12.8321, 6.8485, 12.4722, 5.6548, 9.5697, 4.2114, 7.181, 2.8809, 9.7872, 4.227, 4.3499, 5.0666, 3.9414, 18.2694, 3.9149, 15.442, 1.6137, 19.5743, 0.2175, 45.021, 2.8274],
      [0, 1.0907, 1.9864, 0.1735, 0.1239, 0.6039, 1.2147, 2.6076, 1.2395, 0.553, 0.2975, 0.5702, 0.0744, 0, 0.9916, 0.7437, 0.2479, 0.9172, 1.5617, 0.5206, 9.9838, 1.6113, 3.2226, 3.7082, 2.5533, 0.5675, 1.4874, 1.0412, 3.6936, 1.4874, 1.2727, 3.1962, 1.1403, 5.0571, 0.5894, 0.8924, 0.3471, 1.5122, 0.1239, 3.1978, 0.0992],
      [0.0052, 0.3845, 1.6241, 0.0863, 0.0785, 0.1726, 0.6434, 2.2062, 0.7532, 0, 0.4158, 0.6669, 0.0549, 0, 0.7218, 0.5021, 0.2354, 0.5021, 0.7924, 0.2511, 2.04, 1.1534, 1.6006, 0.8944, 0.5691, 0, 0.7454, 0.408, 3.4296, 0.6591, 0.3013, 1.4766, 0.4865, 1.212, 0, 0.5335, 0.996, 1.2789, 0.1098, 1.9537, 0.0706],
      [0, 0.7444, 3.734, 4.4095, 0, 0.3474, 0.8197, 1.0532, 7.2104, 3.238, 1.0262, 4.8196, 0, 1.9354, 4.3369, 0.7199, 1.1166, 2.5303, 2.2952, 0.3556, 4.8966, 2.038, 3.5, 3.1264, 4.2554, 1.0668, 1.8191, 1.4143, 4.2057, 1.9984, 0, 10.8512, 3.8223, 1.8705, 1.5574, 2.144, 1.2173, 4.0893, 0.4004, 9.2689, 0.5211],
      [238.6228, 129.2863, 245.4774, 54.2826, 37.3738, 72.7705, 264.0505, 65.1899, 578.1476, 271.5315, 124.8166, 304.9656, 52.6059, 150.6782, 350.5712, 63.2785, 75.0247, 169.5514, 188.6939, 23.3528, 319.6107, 133.5417, 202.3626, 101.7114, 130.232, 70.3767, 118.5734, 39.1461, 220.7736, 106.4673, 73.0835, 79.5742, 59.8128, 407.7814, 73.0835, 272.8934, 81.4519, 333.2745, 22.5972, 572.6397, 59.0878],
      [2.8944, 1.077, 4.3355, 4.9625, 0.6058, 0.5385, 2.2213, 1.2228, 5.8562, 0.3814, 1.1443, 5.7484, 1.3463, 0, 5.4816, 1.0097, 1.0097, 2.8271, 3.1473, 0.4712, 7.7409, 3.6349, 6.3947, 6.4051, 5.1831, 0.9678, 2.6252, 0.7305, 5.3177, 2.5579, 1.2864, 2.4906, 1.8848, 4.9138, 1.2864, 2.154, 3.3051, 3.7022, 1.4994, 12.3182, 1.0666]
    ],
    [
      [1.3407, 0.9479, 3.3016, 0.1149, 0.8435, 0.7278, 1.2892, 0.2298, 1.8387, 0.996, 0.8342, 4.883, 0.6554, 0.6572, 0.996, 0.881, 0.2298, 0.4214, 1.8004, 2.4239, 1.9919, 0.3831, 3.2177, 1.1109, 1.4173, 1.9105, 1.2641, 0.8427, 1.7621, 1.3407, 1.5706, 0.7661, 1.0726, 1.9919, 1.2641, 2.2218, 0.2701, 1.2641, 0.1149, 8.006, 0.3139],
      [0.8774, 0.5825, 1.1407, 0.101, 0.2983, 0.6456, 0.7921, 0.3685, 3.4395, 2.1058, 0.5126, 2.086, 0.1404, 1.1582, 2.4568, 0.4116, 0.365, 0.6844, 0.7019, 0.0526, 1.0354, 0.4914, 0.9301, 0.4563, 1.5144, 0.862, 0.5089, 0.2457, 0.7897, 0.3334, 0.351, 0.7378, 0.2808, 1.4741, 0.73, 1.2459, 0.4582, 1.5794, 0.0175, 3.6326, 0.0932],
      [11.1966, 13.3516, 23.2329, 1.904, 1.4246, 4.5403, 13.7158, 7.2778, 13.9957, 9.797, 3.359, 6.438, 0.8623, 7.616, 11.1966, 8.3236, 2.7991, 10.3569, 18.3071, 6.5512, 59.6219, 18.1945, 36.3889, 23.5129, 30.4635, 16.1413, 16.7949, 11.7564, 41.7073, 16.7949, 18.7543, 17.9146, 12.8761, 57.1026, 13.7674, 10.0769, 3.9188, 17.0748, 1.7467, 36.109, 1.1197],
      [57.818, 45.4434, 160.3839, 8.7013, 7.975, 20.1594, 64.9463, 34.8301, 76.0347, 57.026, 43.4191, 68.171, 5.5993, 29.305, 72.8666, 35.4746, 23.9688, 50.6898, 80.3091, 25.7315, 205.9272, 103.5616, 161.5737, 90.2912, 125.8427, 72.0745, 69.2047, 40.0259, 137.0208, 65.6048, 61.5786, 64.0497, 48.568, 140.9809, 60.9861, 53.8579, 41.9775, 131.1891, 11.8368, 192.7677, 7.1283],
      [2.1791, 2.0458, 4.2193, 0.3546, 0.3546, 0.8456, 1.8321, 0.8744, 6.5233, 4.7564, 1.8003, 3.279, 0.4364, 2.1652, 3.9417, 0.9733, 5.158, 2.7005, 2.5677, 1.0365, 5.3713, 3.4837, 5.9192, 3.4976, 11.6343, 4.9679, 2.6732, 1.5003, 4.7051, 2.4277, 2.2391, 3.0545, 3.1229, 6.7648, 4.9571, 2.6186, 1.6094, 5.3464, 0.744, 7.8559, 0.3273],
      [28.3002, 11.684, 17.7446, 1.611, 1.8344, 3.8417, 18.4361, 0, 34.5621, 23.9709, 15.2434, 22.127, 6.5893, 10.4433, 19.6852, 6.4866, 14.0299, 32.8891, 16.7769, 1.7255, 5.6076, 9.1598, 6.2367, 5.0045, 21.3121, 13.7558, 6.386, 0, 5.6487, 1.3773, 6.0388, 7.2805, 4.241, 37.499, 11.0671, 25.0203, 8.6672, 37.5572, 3.3133, 34.1474, 2.6283],
      [1.288, 0.9448, 1.9769, 0.2132, 0.2696, 0.2396, 0.9885, 0.4194, 2.606, 1.3479, 0.8315, 6.016, 1.7169, 0.6551, 1.8571, 0.4493, 0.4493, 1.2581, 1.5369, 0.4787, 3.4447, 1.7259, 2.7337, 2.1267, 2.8158, 1.288, 1.1682, 0.629, 2.3663, 1.1212, 1.4677, 1.1968, 0.8387, 2.1866, 1.2281, 0.9585, 2.0989, 1.989, 0.2268, 5.4815, 0.3894]
    ],
    [
      [0.5165, 0.3527, 1.4609, 0.0443, 1.8957, 0.2804, 0.4826, 0.0885, 1.3271, 0.3837, 0.3434, 0.664, 0.6573, 0.3394, 0.3837, 0.167, 0.0885, 0.1623, 0.4733, 0.065, 0.7673, 0.1476, 1.2395, 0.4279, 0.546, 0.6935, 0.487, 0.3246, 0.6788, 0.5165, 0.605, 0.2951, 0.4132, 0.7673, 0.487, 0.5197, 0.059, 0.487, 0.0186, 3.0841, 0],
      [0.8118, 0.3327, 0.7723, 0.1303, 0.202, 0.2861, 0.5211, 0.1503, 2.8048, 1.4257, 0.3208, 1.0693, 0.2205, 0.7841, 1.6633, 0.1804, 0.2405, 0.4634, 0.4752, 0.0356, 0.701, 0.4319, 0.8318, 0.3089, 0.6214, 0.2376, 0.3445, 0.2405, 0.5346, 0.2257, 0.2376, 0.3508, 0.2806, 1.2111, 0.2139, 0.5612, 0.0594, 0.8318, 0.0119, 2.4594, 0],
      [4.0259, 4.4285, 8.3538, 0.7045, 0.5032, 1.7065, 5.2198, 1.5057, 5.0324, 3.5227, 1.2078, 2.3149, 0.3019, 3.2207, 4.0259, 1.8069, 1.0065, 3.724, 6.3408, 0.7372, 20.5903, 6.5421, 13.0842, 12.0848, 10.3667, 3.6137, 3.5134, 4.3309, 19.429, 6.0389, 6.2537, 6.4415, 4.6298, 21.4572, 2.9111, 3.6233, 0.7027, 6.1395, 0.2008, 12.9836, 0],
      [0.3388, 0.2274, 0.9608, 0.0511, 0.0464, 0.1271, 0.3888, 0.1122, 0.4456, 0.3342, 0.246, 0.5009, 0.0325, 0.1717, 0.427, 0.1346, 0.1794, 0.4556, 0.3813, 0.0523, 0.8523, 0.6823, 0.9469, 2.3612, 0.4636, 0.2692, 0.2617, 1.1135, 3.1265, 0.3899, 0.2991, 0.3713, 0.2093, 1.0841, 0.2168, 0.3156, 0.0523, 0.6206, 0.015, 1.1557, 0],
      [4.9878, 1.7867, 7.9666, 1.2329, 1.3487, 1.6123, 3.3418, 1.4226, 13.5621, 7.5872, 2.4304, 6.3543, 1.1336, 8.8254, 7.8717, 1.7071, 2.9488, 8.0614, 3.6514, 0.6639, 9.7976, 5.0265, 7.8717, 11.1194, 8.6836, 8.4297, 3.3194, 3.1187, 12.3292, 4.6472, 3.7936, 4.2785, 5.6963, 13.7518, 5.652, 5.311, 0.6639, 8.2279, 0.1897, 17.9248, 0],
      [60.0761, 27.451, 50.5681, 7.9163, 10.9611, 10.3521, 35.087, 9.0499, 95.6537, 57.2573, 27.9264, 43.8659, 13.3969, 44.3325, 54.5971, 10.9611, 16.3566, 58.0545, 31.0563, 4.2626, 57.0411, 28.7825, 42.2356, 24.8578, 25.0815, 16.6704, 21.1573, 10.4434, 74.4035, 28.8984, 21.876, 16.6626, 10.9329, 91.3347, 14.6168, 38.9211, 4.2626, 55.0952, 1.2179, 112.8028, 0],
      [10.2432, 3.421, 13.9176, 2.9206, 3.0429, 2.6356, 6.9588, 2.6708, 24.1743, 9.4893, 4.5253, 12.2306, 6.2573, 6.3262, 14.0313, 3.0429, 3.1796, 14.0789, 8.6216, 1.1834, 24.2503, 11.3871, 16.7902, 18.84, 16.2372, 6.0858, 5.9168, 4.4283, 19.4984, 8.2835, 6.935, 6.6002, 5.8379, 15.3937, 4.9025, 6.7479, 1.2, 11.598, 0.3463, 38.5897, 0]
    ],
    [
      [5.2663, 2.8589, 14.7452, 0.4514, 1.0533, 0.8526, 6.4701, 0.9028, 7.2224, 3.9121, 1.7817, 6.771, 0.9947, 3.4607, 3.9121, 4.2174, 1.6916, 1.6551, 4.8315, 2.9537, 7.8243, 1.5047, 12.6392, 4.3635, 5.5673, 7.3463, 4.7637, 3.4104, 6.9215, 4.9164, 6.8209, 3.0093, 4.2131, 8.5217, 6.3946, 4.8449, 2.9841, 4.9654, 0.4263, 28.9859, 2.8589],
      [0.2737, 0.1318, 0.3558, 0.0693, 0.0445, 0.0416, 0.2847, 0.115, 1.073, 0.6569, 0.0693, 0.2288, 0.0438, 0.3613, 0.5479, 0.1942, 0.0832, 0.2135, 0.219, 0.0164, 0.323, 0.1533, 0.5964, 0.1423, 0.3814, 0.3467, 0.1588, 0.1664, 0.2464, 0.104, 0.3329, 0.2427, 0.1734, 0.5478, 0.3121, 0.3887, 0.1456, 0.3121, 0.0055, 1.1332, 0.111],
      [5.8385, 5.3317, 10.0575, 0.9036, 0.6059, 1.1327, 7.0777, 2.3183, 6.0587, 4.2411, 1.4541, 2.787, 0.3635, 5.5996, 4.847, 5.0815, 1.2618, 4.537, 6.3802, 2.5447, 20.1432, 6.3518, 15.7526, 7.6222, 9.9814, 9.074, 5.6259, 5.1113, 14.4024, 5.6259, 8.7111, 8.0356, 4.5381, 25.0328, 8.1666, 5.8074, 2.7944, 7.3916, 0.5444, 15.6315, 0.8873],
      [4.0226, 2.0656, 9.1525, 0.6108, 0.4494, 0.6523, 4.24, 1.1959, 4.3147, 4.6749, 1.0872, 3.5877, 0.3146, 3.5877, 4.1349, 10.0816, 1.3483, 2.718, 3.6964, 1.0872, 9.6759, 3.8051, 9.3498, 4.5662, 5.9795, 5.4359, 3.3703, 2.6312, 6.8493, 3.3703, 5.2185, 3.8051, 2.718, 8.5887, 4.5938, 3.479, 2.3821, 6.3446, 0.3262, 11.1913, 0.4463],
      [1.5869, 0.7782, 2.3178, 0.4289, 0.2144, 0.2135, 1.6727, 0.4718, 2.1445, 6.2169, 0.4289, 1.4154, 0.2059, 1.6547, 1.6727, 1.2009, 0.9656, 1.4791, 1.2652, 0.4289, 2.9506, 1.5011, 3.6885, 1.8014, 2.3589, 3.7855, 1.3296, 1.0294, 2.5846, 1.3296, 2.0587, 1.7816, 1.7155, 3.3883, 2.2285, 1.3725, 0.9007, 2.4779, 0.1287, 5.8021, 0.6862],
      [2.4002, 1.2573, 2.2752, 0.4188, 0.2094, 0.2513, 5.0102, 0.4607, 2.0942, 2.8304, 0.4188, 1.3822, 0.2932, 4.2339, 1.6335, 1.1727, 0.7185, 1.8887, 1.4241, 0.2014, 2.6127, 1.143, 3.0383, 0.9253, 1.143, 2.0942, 0.9961, 1.0052, 2.0085, 0.8981, 2.0104, 1.4659, 0.5008, 4.0418, 1.8848, 2.5528, 1.7973, 2.0888, 0.1257, 4.975, 3.3945],
      [17.6117, 6.5765, 26.096, 7.1171, 2.4231, 2.8559, 14.2446, 5.5355, 27.0925, 20.4676, 4.7599, 16.8279, 4.7843, 14.1021, 22.2519, 6.0517, 5.9309, 12.5085, 16.1837, 2.7678, 45.4703, 20.5409, 40.9352, 22.5791, 29.5884, 21.9174, 14.7557, 10.6461, 29.9874, 14.7557, 22.8475, 16.6597, 11.1412, 28.8788, 21.4196, 13.5548, 9.9958, 21.4196, 1.4433, 72.2811, 7.6158]
    ]
  ],
  "V_est": [
    [7.7527, 979.6389, 25.2417, 14.4008, 13.1835, 2519.4022, 0.3801],
    [872.2565, 32.3297, 46.2772, 55.2919, 82.1057, 113.827, 3.912],
    [228.4257, 406.6034, 1000.8146, 512.8216, 7867.1, 77.7399, 530.4949],
    [27.0276, 423.806, 62.3025, 30.0151, 104.7552, 6938.3475, 123.7461],
    [59.5094, 36.6885, 638.0836, 2854.9005, 132.8637, 539.9297, 63.0246],
    [22.7409, 23.586, 224.6268, 20.4207, 228.3292, 1366.4767, 382.8198],
    [209.2872, 11.3475, 265.6537, 167.1494, 71.6627, 71.277, 714.6225]
  ],
  "p_est": [
    [0.0022, 0.2752, 0.0071, 0.004, 0.0037, 0.7077, 0.0001],
    [0.7233, 0.0268, 0.0384, 0.0458, 0.0681, 0.0944, 0.0032],
    [0.0215, 0.0383, 0.0942, 0.0483, 0.7405, 0.0073, 0.0499],
    [0.0035, 0.055, 0.0081, 0.0039, 0.0136, 0.8999, 0.0161],
    [0.0138, 0.0085, 0.1475, 0.6601, 0.0307, 0.1248, 0.0146],
    [0.01, 0.0104, 0.099, 0.009, 0.1006, 0.6022, 0.1687],
    [0.1385, 0.0075, 0.1758, 0.1106, 0.0474, 0.0472, 0.4729]
  ],
  "EI_Z": {},
  "EI_V": 12.4923,
  "MAE_Z": {},
  "MAE_V": 159.1109,
  "MAE_p": 0.0492,
  "runtime": 11.451
}
