{
  "Z_true": {},
  "V_true": [
    [443, 43, 29, 447, 353, 45],
    [26, 40, 52, 74, 772, 250],
    [81, 180, 161, 162, 12764, 581],
    [188, 129, 152, 2249, 605, 231],
    [57, 71, 1289, 463, 910, 138],
    [40, 1016, 44, 351, 519, 112],
    [40, 61, 84, 143, 898, 821]
  ],
  "p_true": [
    [0.3257, 0.0316, 0.0213, 0.3287, 0.2596, 0.0331],
    [0.0214, 0.0329, 0.0428, 0.061, 0.6359, 0.2059],
    [0.0058, 0.0129, 0.0116, 0.0116, 0.9164, 0.0417],
    [0.0529, 0.0363, 0.0428, 0.6328, 0.1702, 0.065],
    [0.0195, 0.0242, 0.4402, 0.1581, 0.3108, 0.0471],
    [0.0192, 0.488, 0.0211, 0.1686, 0.2493, 0.0538],
    [0.0195, 0.0298, 0.041, 0.0699, 0.4387, 0.4011]
  ],
  "Z_est": [
    [
      [0, 0.8479, 9.8837, 10.8721, 10.5984, 1.3178, 8.3987, 12.14, 0, 5.088, 9.3266, 3.624, 4.4513, 6.9186, 14.8256, 16.1434, 0.212, 0.3295, 1.9767, 7.225, 9.5543, 4.2829, 10.3438, 5.9302, 16.1434, 17.4612, 17.1693, 21.4147, 16.2467, 0.3295, 4.9419, 2.5436, 22.5426, 1.6473],
      [0, 0.0043, 0.3003, 0.2359, 0.3174, 0.0901, 0.1894, 0.2671, 0.0257, 0.1158, 0.2137, 0.075, 0.102, 0.1158, 0.3157, 0.3546, 0.0049, 0.0043, 0.0243, 0.5807, 0.1554, 0.1759, 0.17, 0.1603, 0.4375, 0.3088, 0.3934, 0.4976, 0.2531, 0.0686, 0.2316, 0.0214, 0.5003, 0.0043],
      [0, 0.1164, 1.9017, 1.077, 1.5738, 0.3716, 1.1352, 1.6009, 0.2623, 0.6986, 1.2807, 0.4366, 0.6113, 0.8441, 1.892, 2.011, 0.0291, 0.1312, 0.0219, 1.0479, 0.9314, 1.1934, 0.8525, 0.5902, 2.8416, 3.0563, 2.3577, 2.8816, 2.6779, 0.3397, 1.3389, 0.3493, 2.9981, 0.049],
      [0, 1.6672, 25.3162, 15.6484, 25.1232, 3.7927, 19.6146, 27.4286, 4.2112, 12.1518, 22.2782, 6.5513, 10.6328, 13.4314, 32.7144, 36.4056, 0.5063, 1.0908, 1.7801, 18.2276, 13.4645, 22.6641, 17.7213, 18.2452, 56.8514, 50.7044, 38.3692, 50.126, 47.2759, 1.519, 26.8406, 6.0759, 52.0566, 5.5696],
      [0, 0.925, 11.8254, 8.5561, 11.5622, 4.2628, 9.0186, 12.7185, 1.3875, 5.5499, 10.1748, 4.0655, 4.8561, 7.1234, 14.1798, 16.8809, 0.2312, 0.4113, 1.1145, 8.3248, 7.3998, 12.0072, 5.3767, 7.6311, 23.3557, 32.408, 18.7308, 22.4465, 24.0284, 0.6937, 11.888, 2.7749, 23.2029, 3.0363],
      [0, 0.4393, 0.7727, 0.6105, 0.825, 0.165, 0.6435, 0.8449, 0.1133, 0.396, 0.726, 0.2475, 0.3465, 0.5667, 1.0725, 1.2045, 0.0165, 0.033, 0.0825, 0.594, 0.4945, 0.6765, 0.5358, 0.443, 1.3703, 1.0612, 3.9795, 1.6335, 1.518, 0.0495, 0.759, 0.2348, 1.6995, 0.6936]
    ],
    [
      [0, 0.2648, 2.7677, 2.1562, 3.9909, 0.5296, 2.4814, 5.2965, 0, 3.4577, 3.1494, 1.8133, 1.8538, 4.0083, 5.364, 6.4882, 0.512, 0.1324, 0.0954, 2.1186, 2.0042, 1.7214, 5.8216, 2.5299, 6.4882, 7.2883, 5.0004, 4.3901, 5.8216, 0.0954, 1.9862, 0.8589, 16.4151, 1.0032],
      [0.1141, 0.0086, 0.3155, 0.2394, 0.6347, 0.3398, 0.2829, 0.6519, 0.0435, 0.2316, 0.3591, 0.2067, 0.3002, 0.2316, 0.4203, 0.669, 0.0218, 0.0086, 0.0136, 1.9215, 0.2285, 0.3517, 0.6637, 0.3591, 0.8749, 0.6176, 0.5223, 0.5005, 0.5061, 0.0109, 0.3047, 0.0429, 1.8715, 0.0086],
      [0, 0.0165, 0.2392, 0.1815, 0.3982, 0.1402, 0.2145, 0.5751, 0.033, 0.2267, 0.2722, 0.1567, 0.2544, 0.3465, 0.3152, 0.495, 0.0111, 1.9906, 0.0055, 0.3135, 0.1732, 0.2433, 0.2157, 0.1493, 0.6682, 0.7342, 0.396, 0.3795, 0.5032, 0.0082, 0.3263, 0.0742, 1.4189, 0.0163],
      [0.455, 0.1919, 3.5648, 2.6477, 5.1884, 2.0897, 3.196, 6.0233, 0.4917, 3.6838, 4.0565, 2.3356, 3.1849, 4.9043, 5.0399, 7.3755, 0.2458, 2.0985, 0.1229, 4.6711, 2.5814, 6.0233, 18.4026, 4.2485, 13.4827, 10.9403, 5.481, 5.6545, 9.2158, 0.1229, 4.2607, 1.1063, 21.143, 1.3522],
      [0.4309, 0.5598, 12.4961, 9.4798, 18.5287, 8.2632, 11.2034, 21.2967, 1.7236, 13.7888, 14.2197, 8.7083, 15.0815, 18.5817, 16.2647, 24.7857, 0.8397, 1.1171, 0.4309, 16.3742, 9.0489, 24.4115, 26.2849, 16.5298, 34.9029, 39.9064, 20.6832, 19.8214, 26.2849, 0.4309, 12.0652, 3.8781, 74.1148, 4.8586],
      [0, 0.9585, 9.6167, 7.2954, 14.2592, 5.6373, 8.6218, 15.1566, 1.7082, 10.6115, 10.9431, 5.7794, 14.3252, 13.9276, 13.596, 20.1866, 0.3697, 2.6529, 0.3316, 12.6011, 6.9638, 16.2488, 9.6115, 9.1834, 24.5832, 29.5132, 15.9172, 15.254, 18.6684, 0.3316, 9.057, 3.0395, 57.0367, 3.7611]
    ],
    [
      [0, 0.1587, 2.3804, 2.6184, 2.3136, 0.3174, 2.1424, 3.3645, 0, 9.8391, 2.9358, 1.0218, 1.1109, 1.6663, 4.1652, 3.888, 1.0774, 0.0793, 0.4761, 1.1614, 2.3011, 1.0315, 2.7771, 1.4282, 3.888, 3.9826, 3.8086, 5.1575, 3.7293, 0.0793, 1.1902, 0.6348, 7.0879, 0.334],
      [0.158, 0.079, 5.7121, 4.3448, 9.9373, 1.6589, 4.7398, 15.0773, 0.428, 2.1329, 7.1888, 1.7905, 3.8772, 2.1329, 3.9652, 6.1618, 0.316, 0.079, 0.1921, 3.0809, 3.7129, 3.2389, 3.4063, 3.2389, 8.0577, 5.6878, 5.4964, 7.406, 4.6608, 6.2335, 2.9608, 0.395, 11.5422, 0.079],
      [0, 0.4234, 30.8507, 6.0147, 16.1334, 4.618, 4.834, 24.0972, 1.3488, 8.6802, 17.0386, 5.1056, 9.7388, 7.1982, 12.4968, 19.4775, 0.4234, 1.2703, 0.2117, 6.9865, 11.2207, 9.0837, 8.2568, 5.7162, 27.5226, 21.9933, 14.8641, 24.8159, 20.5361, 8.8371, 12.491, 4.446, 39.1421, 0.4234],
      [0.2842, 0, 2.2379, 0, 1.9494, 0.2642, 0, 2.0384, 0.1721, 1.208, 2.1747, 0.4656, 1.6526, 0.3043, 1.8371, 2.3609, 0.1132, 0.1132, 0.0629, 0.2566, 0.9941, 1.6106, 6.6567, 1.5148, 12.832, 0, 0, 2.7244, 3.3597, 0.4152, 1.4158, 0.453, 3.6994, 0],
      [2.5578, 10.5345, 543.1901, 275.3873, 496.2087, 161.76, 376.4524, 576.5913, 41.777, 413.2411, 530.0502, 178.8916, 407.5391, 268.989, 378.2402, 562.6882, 18.757, 12.9221, 17.7747, 192.7997, 303.2603, 369.5667, 334.7662, 311.8732, 884.3879, 710.194, 460.3998, 562.3094, 663.8357, 127.5492, 289.0288, 141.3769, 1162.7196, 57.1237],
      [0, 3.8044, 52.6288, 34.6347, 55.4577, 18.3814, 53.8313, 53.8313, 5.2741, 60.8987, 59.6119, 17.7249, 54.0815, 33.7093, 53.2954, 77.4236, 1.313, 2.5361, 3.2824, 28.7149, 31.511, 32.4685, 34.1369, 28.2286, 87.3118, 57.1423, 55.431, 69.5868, 65.8784, 36.8856, 31.9133, 19.6944, 197.8088, 9.0399]
    ],
    [
      [0, 0.5361, 11.0118, 10.7878, 7.4045, 1.3076, 9.3362, 13.9238, 0, 11.4416, 15.9694, 3.2623, 4.6572, 5.9063, 14.7107, 16.0183, 1.7626, 0.3269, 1.9614, 3.7023, 9.4802, 4.2497, 11.4416, 5.8843, 16.0183, 17.3259, 15.6914, 21.2487, 15.3645, 0.3639, 4.9036, 2.7047, 28.1137, 1.6345],
      [0.0808, 0.0268, 2.0253, 1.4746, 1.0688, 0.563, 1.6087, 2.0376, 0.1609, 0.7239, 5.4732, 0.454, 0.9384, 0.7239, 1.5684, 2.1841, 2.2051, 0.0268, 0.0697, 1.0456, 1.2601, 1.0992, 1.1261, 1.0107, 2.7347, 1.9304, 2.154, 3.0597, 1.5818, 2.3025, 1.1618, 0.1341, 3.0206, 0.0268],
      [0, 0.3928, 17.5117, 7.2664, 12.5204, 2.2585, 11.5621, 20.041, 2.6523, 10.5657, 18.7465, 3.3386, 8.8643, 6.5519, 13.2267, 17.7285, 0.3854, 1.1562, 0.1927, 6.3592, 9.1528, 8.4789, 7.5154, 5.2029, 25.0512, 20.6191, 17.4051, 22.9775, 18.6921, 6.5519, 11.3694, 4.0467, 31.9885, 0.3854],
      [1.601, 2.1441, 92.4244, 34.6186, 52.8139, 11.0169, 62.9537, 96.852, 15.4997, 60.9026, 111.2751, 18.4949, 45.6671, 38.0301, 76.5937, 106.6756, 6.8519, 4.3688, 2.6231, 24.3102, 40.5727, 59.5782, 53.388, 55.6091, 173.095, 130.1044, 94.9552, 144.2186, 148.3486, 25.4537, 59.4066, 19.6345, 147.9598, 10.604],
      [0.3182, 0.8193, 34.7715, 18.005, 16.3322, 7.389, 25.3518, 37.2678, 5.8164, 23.9117, 47.4314, 7.7627, 17.2337, 14.4332, 26.171, 40.4991, 2.7291, 0, 0.9881, 9.6527, 12.038, 20.6804, 17.8133, 18.7416, 57.7128, 56.6221, 41.2821, 38.278, 63.6808, 9.9094, 21.5421, 8.7591, 43.6606, 12.6388],
      [0, 0.0809, 3.2552, 1.8476, 1.8601, 0.465, 5.1876, 2.8778, 2.8707, 3.4545, 4.1044, 0.6874, 2.6394, 1.3547, 2.7295, 4.8944, 0.066, 0.1213, 0.165, 0.9301, 1.4962, 1.9136, 1.7156, 0.5513, 4.388, 3.3982, 4.5122, 4.2175, 3.3322, 1.4187, 1.6166, 2.721, 5.2569, 2.7105]
    ],
    [
      [0, 0.0337, 1.6898, 1.8587, 1.5771, 0.2253, 2.0367, 2.253, 0, 1.9714, 2.8232, 0.5707, 0.8691, 0.9138, 2.5346, 2.7599, 0.3609, 0.0563, 0.3399, 0.6901, 3.4692, 0.7322, 1.9714, 1.0139, 2.7599, 2.9852, 2.7036, 7.826, 2.6473, 0.0563, 0.8449, 0.6228, 4.844, 0.0842],
      [0, 0.0035, 0.1969, 0.1908, 0.2567, 0.0729, 0.3024, 0.2637, 0.0208, 0.0937, 0.3157, 0.0624, 0.1551, 0.0937, 0.1496, 0.2774, 0.1495, 0.0035, 0.0069, 0.0748, 0.3316, 0.1422, 0.1457, 0.1113, 0.3539, 0.2498, 0.281, 0.4025, 0.2047, 0.0803, 0.1588, 0.0173, 0.3577, 0.0035],
      [0, 0.833, 32.9444, 21.9502, 37.9704, 8.9652, 39.3768, 54.8462, 7.176, 19.5709, 54.7986, 10.1117, 25.0292, 17.6138, 26.747, 48.9501, 1.08, 1.4136, 0.5677, 16.9456, 29.3564, 23.2042, 20.5673, 14.2389, 68.5577, 56.4283, 50.355, 65.2365, 51.2485, 17.9305, 30.5331, 11.2263, 83.6595, 1.0547],
      [0, 0, 9.1149, 4.6883, 8.3574, 1.4269, 8.1535, 9.6016, 2.1802, 5.4148, 15.1569, 2.514, 7.2215, 4.8733, 7.4002, 13.7175, 0.6115, 0.361, 0.3397, 0.128, 6.0286, 12.723, 9.1177, 7.2023, 25.4875, 16.8507, 12.2983, 18.6852, 18.1416, 2.2422, 7.8515, 3.3391, 16.3914, 0.4512],
      [0, 1.1034, 55.7238, 38.3188, 52.4926, 18.9139, 66.7582, 75.5811, 12.3327, 32.1576, 92.6891, 17.3322, 50.3062, 29.7929, 43.7851, 83.8615, 2.7586, 2.1128, 1.6552, 22.6205, 49.6549, 76.1696, 40.2756, 37.671, 122.482, 112.6592, 84.965, 105.2112, 104.9665, 22.928, 46.7427, 20.4137, 88.1615, 3.0694],
      [0, 0.0264, 1.3302, 0.9932, 1.3457, 0.3958, 4.3724, 1.4544, 0.2903, 0.7916, 2.2165, 0.409, 1.4189, 0.7124, 1.3834, 2.4335, 0.0396, 0.0528, 0.0906, 0.5409, 1.1593, 1.0287, 0.9223, 0.7627, 2.3589, 1.8269, 3.3972, 2.6387, 1.7914, 0.7627, 0.8691, 1.3807, 2.5859, 0.337]
    ],
    [
      [0, 0.0389, 0.5838, 2.8555, 0.5449, 0.0778, 0.6625, 0.7784, 0, 0.6811, 0.7201, 0.2141, 0.2725, 0.4087, 0.8757, 0.9536, 0.0172, 0.0082, 0, 0.3114, 0.5644, 0.253, 0.6811, 0.3503, 0.9536, 1.0314, 0.9341, 1.3168, 0.7688, 0.0195, 0.2919, 0.1557, 1.6736, 0.0164],
      [1.3829, 0.7458, 52.205, 41.2506, 55.1881, 13.442, 44.7471, 50.2505, 5.023, 19.3073, 67.8665, 13.4241, 23.1688, 20.1362, 37.3147, 58.1713, 1.1042, 0.5516, 0, 28.9527, 35.0519, 30.5772, 29.8312, 32.5428, 76.0701, 53.6966, 55.7154, 88.8137, 44.0014, 5.0189, 42.0506, 3.7289, 97.205, 0.7458],
      [0, 0.1053, 3.509, 2.4909, 3.368, 0.6315, 2.8418, 2.8067, 0.5263, 1.2279, 3.8241, 0.842, 1.4735, 1.4286, 2.299, 3.2978, 0.0702, 0.0351, 0, 1.331, 2.1377, 1.7747, 1.573, 1.089, 5.283, 4.1157, 3.5897, 5.6484, 3.2978, 0.3158, 2.9119, 0.847, 6.6953, 0.0702],
      [0.6171, 0.9256, 29.0018, 11.397, 27.8154, 2.1104, 23.9712, 18.4714, 6.3638, 10.7985, 27.6496, 6.1114, 12.9582, 12.388, 20.98, 29.0018, 0.6171, 0.3085, 0, 9.58, 13.7415, 23.5771, 15.735, 18.2032, 77.6818, 36.098, 29.8964, 49.6733, 36.8544, 2.7768, 25.608, 4.8498, 48.5609, 0.6171],
      [0, 0.2292, 7.1829, 6.9174, 7.3358, 1.3755, 6.1896, 6.1131, 2.6656, 2.2796, 7.2827, 2.9246, 3.2094, 7.5788, 5.0276, 0.3405, 0.1528, 0.0764, 0, 1.9582, 4.3556, 9.7005, 2.1777, 5.9861, 13.4489, 20.0738, 8.2733, 12.3027, 7.1829, 0.6877, 11.1935, 0.8406, 13.2197, 0.1845],
      [0, 0.9552, 1.5174, 6.0885, 1.7478, 0.3628, 2.5879, 1.5799, 0.4213, 0.7055, 1.657, 0.4837, 0.9176, 1.0597, 1.5029, 2.235, 0.0385, 0.0202, 0, 0.8667, 1.1489, 1.1175, 1.0019, 0.8285, 2.5626, 1.9845, 2.5912, 3.2451, 1.8947, 0.1814, 0.9441, 0.578, 5.6454, 0.3661]
    ],
    [
      [0, 0.1199, 1.6828, 1.8511, 1.5706, 0.2244, 1.9422, 2.2438, 0, 2.5212, 2.0755, 0.4938, 0.7853, 1.178, 2.5242, 2.7486, 0.058, 0.0674, 1.1504, 0.7913, 1.6267, 0.7292, 1.9633, 0.8632, 2.7486, 2.9253, 2.6925, 3.6461, 2.4217, 0.0561, 0.8414, 0.4796, 5.3231, 0.2805],
      [0.2641, 0.1321, 9.2449, 7.2638, 6.5969, 4.8332, 8.1297, 7.4519, 0.2981, 4.3948, 9.5831, 1.9872, 6.4583, 3.5659, 5.266, 10.1819, 0.1987, 0.3262, 1.6933, 3.3438, 6.2596, 5.4149, 6.657, 3.5769, 13.4711, 9.509, 8.4374, 15.3201, 7.7921, 2.2853, 7.1318, 0.6603, 20.5028, 0.1321],
      [0, 0.1126, 0.0433, 0.0194, 0.0358, 0.015, 0.0356, 0.033, 0.0013, 0.0299, 0.0391, 0.0088, 0.0286, 0.0169, 0.0233, 0.04, 0.0009, 0.0031, 0.0005, 0.0164, 0.0277, 0.0219, 0.0194, 0.0134, 0.0756, 0.0532, 0.0325, 0.0606, 0.0444, 0.0169, 0.0293, 0.0104, 0.0976, 0.001],
      [0.0427, 0.0712, 2.34, 0, 1.7524, 0.2992, 2.1109, 1.5846, 0.0812, 1.8406, 2.409, 0.5271, 1.6829, 1.0685, 1.4346, 2.4632, 0.0541, 0.6592, 0.0712, 0.8263, 1.6172, 1.8237, 2.9787, 0.9769, 13.5696, 3.3023, 0, 3.918, 3.804, 0.4702, 3.6168, 0.5414, 4.1887, 0.406],
      [0.6931, 3.8288, 67.8101, 42.3356, 50.5398, 26.0356, 62.0261, 57.4316, 2.2973, 52.0713, 68.1521, 15.3151, 49.774, 34.501, 39.3316, 67.9441, 1.5315, 5.3603, 4.0366, 25.2699, 48.2425, 52.464, 51.3055, 27.5672, 131.7097, 98.1366, 56.6658, 80.6308, 79.0208, 16.801, 50.5398, 15.9567, 168.921, 12.0887],
      [0, 0.7355, 5.8789, 4.53, 5.5045, 2.5926, 6.7555, 6.2551, 0.3221, 7.1422, 6.7411, 1.668, 6.2708, 3.6697, 4.4203, 7.6223, 0.1568, 0.5838, 1.0479, 2.7522, 5.2262, 4.5463, 4.076, 3.0025, 10.4252, 8.0737, 6.1717, 9.4244, 7.9169, 3.3706, 3.8409, 2.3516, 22.9669, 2.0917]
    ]
  ],
  "V_est": [
    [274.7308, 6.7153, 39.5008, 686.0562, 328.1482, 24.8487],
    [107.9047, 13.8773, 11.4921, 165.5825, 527.3958, 387.7476],
    [78.1467, 139.1688, 386.2967, 53.1711, 11844.7436, 1427.4731],
    [288.4518, 47.0619, 350.7576, 2028.6459, 760.2428, 78.8401],
    [56.1251, 5.5301, 950.4875, 258.0718, 1615.6664, 42.1191],
    [19.0152, 1129.2822, 71.4578, 634.9398, 178.4676, 48.8375],
    [50.6258, 198.3644, 1.0076, 62.5327, 1566.3357, 168.1339]
  ],
  "p_est": [
    [0.202, 0.0049, 0.029, 0.5045, 0.2413, 0.0183],
    [0.0889, 0.0114, 0.0095, 0.1364, 0.4344, 0.3194],
    [0.0056, 0.01, 0.0277, 0.0038, 0.8504, 0.1025],
    [0.0812, 0.0132, 0.0987, 0.5708, 0.2139, 0.0222],
    [0.0192, 0.0019, 0.3246, 0.0881, 0.5518, 0.0144],
    [0.0091, 0.5424, 0.0343, 0.305, 0.0857, 0.0235],
    [0.0247, 0.0969, 0.0005, 0.0305, 0.7652, 0.0821]
  ],
  "EI_Z": {},
  "EI_V": 14.8768,
  "MAE_Z": {},
  "MAE_V": 192.0803,
  "MAE_p": 0.0709,
  "runtime": 8.517
}
