{
  "Z_true": {},
  "V_true": [
    [1431, 121, 2365, 277, 201],
    [78, 2823, 332, 2221, 471],
    [306, 1153, 992, 10268, 787],
    [687, 198, 5740, 377, 333],
    [91, 78, 310, 245, 416],
    [176, 111, 758, 540, 632],
    [55, 252, 228, 978, 663]
  ],
  "p_true": [
    [0.3256, 0.0275, 0.5381, 0.063, 0.0457],
    [0.0132, 0.4765, 0.056, 0.3749, 0.0795],
    [0.0227, 0.0854, 0.0734, 0.7603, 0.0583],
    [0.0937, 0.027, 0.7825, 0.0514, 0.0454],
    [0.0798, 0.0684, 0.2719, 0.2149, 0.3649],
    [0.0794, 0.0501, 0.3419, 0.2436, 0.2851],
    [0.0253, 0.1158, 0.1048, 0.4494, 0.3047]
  ],
  "Z_est": [
    [
      [43.342, 37.4401, 12.0686, 35.9288, 20.7338, 24.9233, 39.2905, 37.6625, 10.2482, 16.2048, 79.4013, 23.4025, 15.6826, 0.9445, 0.7216, 29.0258, 10.063, 81.2533, 34.8419, 21.7505, 39.6972, 43.1351, 43.3264, 56.8912, 2, 7.2322, 82.9335, 12.8905, 0.7891, 6.5646, 10.1165, 2.2086, 9.6014, 29.1972, 20.927, 6.5322, 58.7757, 0, 46.6442, 56.9742, 78.5101, 13.6909, 9.2867, 3.8597, 1.1418, 116.1606, 14.8868, 183.5441, 114.3795],
      [0.2097, 0.5343, 0.2097, 0.4637, 0.4169, 0, 0, 0.1033, 0.1298, 0.233, 0.8995, 0.7885, 0.0053, 0.023, 0.0103, 0, 0.2055, 0.0873, 0, 0, 0.2415, 0.2144, 0, 0, 0.3974, 0, 1.246, 0.3625, 0.0189, 0.019, 0.072, 0.0212, 0.6552, 0, 0, 0.1245, 0.6149, 0.2486, 0.8379, 0.2415, 0, 0, 0.0103, 0, 0.0073, 0, 0.4554, 4.6895, 1.4628],
      [57.0755, 53.5612, 18.8704, 56.1735, 25.2215, 26.8015, 61.1982, 45.8774, 10.4518, 18.7958, 121.4484, 31.3181, 18.2157, 1.656, 1.2198, 48.9915, 20.8967, 176.735, 58.3314, 59.5593, 71.9079, 61.3158, 98.0031, 100.2925, 1.2382, 15.9941, 106.5708, 18.023, 1.1207, 11.9003, 12.7681, 3.3886, 9.7434, 42.1965, 29.7917, 11.3052, 66.612, 3.2435, 72.368, 94.6067, 145.8571, 21.5389, 18.0107, 7.4674, 2.5843, 181.1093, 21.065, 237.4553, 99.0321],
      [7.1361, 6.2975, 1.6919, 7.1584, 3.3269, 3.9945, 5.5113, 5.8977, 1.1121, 2.5637, 12.4109, 3.1865, 2.0908, 0.3462, 0.0457, 3.9402, 2.7592, 11.9244, 5.8267, 3.6902, 7.7308, 6.9519, 8.5503, 7.8163, 0.3429, 1.7158, 10.7906, 2.5239, 0.0521, 1.4436, 1.935, 0.3648, 0, 5.5247, 4.1065, 0.996, 5.5071, 0.4626, 6.1146, 8.4653, 7.6328, 1.7702, 1.6677, 0.6645, 0.2457, 18.5151, 1.5928, 24.8358, 13.795],
      [0.2367, 0.1669, 0.1594, 0.2756, 0.3009, 0.2808, 0, 0.459, 0.0581, 0.2028, 0.8399, 0.3043, 0.0057, 0.0303, 0.0026, 0.0425, 0.0755, 0, 0, 0, 0.4226, 0.3829, 0.1202, 0, 0.0216, 0.0579, 0.4591, 0.2002, 0.0193, 0.0725, 0.1085, 0.0168, 0, 0.0816, 0.1748, 0.0422, 0.4902, 0.0454, 0.0353, 0.7124, 0, 0, 0.0247, 0.0084, 0.0208, 0.215, 0, 2.4754, 0.3306]
    ],
    [
      [0.9406, 0.3749, 0.1888, 0, 0, 0.1933, 1.0162, 0.307, 0.3023, 0, 1.7174, 0, 0.1867, 0, 0.0156, 0.6125, 0, 0.8968, 0.8269, 1.7255, 0.8343, 0.9664, 1.0307, 2.3443, 0, 0.604, 2.5209, 0, 0, 0, 0, 0.0647, 0.2502, 0.6848, 0.6744, 0.2122, 0.9179, 0, 0.7112, 0.5451, 7.9491, 1.1387, 0.3865, 0.2407, 0.03, 3.6839, 0.671, 0, 1.0687],
      [138.7448, 82.0417, 25.6521, 401.1127, 81.1896, 56.3474, 58.0435, 90.211, 43.4162, 74.8946, 249.4229, 60.6517, 10.6073, 3.2004, 2.4605, 44.5524, 37.1664, 94.379, 50.4785, 26.9747, 89.2355, 77.6368, 102.7103, 137.7172, 0.9355, 12.612, 257.5021, 51.5268, 7.6345, 52.1869, 40.7469, 11.9198, 11.5358, 53.0514, 55.9038, 28.3926, 53.4191, 3.2457, 64.2079, 49.0443, 80.29, 29.2418, 33.531, 14.1219, 2.8636, 217.5582, 64.3071, 603.9784, 184.3474],
      [0, 0, 0, 0, 0, 0, 0.9119, 0, 0, 0, 0, 0, 0.0126, 0, 0.0385, 0.5883, 0, 1.1596, 0.5538, 0.5881, 0, 0, 1.8536, 3.7854, 0, 0.1874, 0, 0, 0, 0, 0, 0, 0.1021, 0, 0, 0.0543, 0.059, 0, 0.3205, 0.1709, 2.6744, 0.8464, 0.4414, 0.3096, 0.0021, 2.6923, 0.2914, 0, 0],
      [47.3773, 23.7534, 5.8092, 129.3978, 21.8039, 22.5175, 20.208, 31.5982, 10.8802, 22.4341, 72.0776, 13.7578, 3.734, 1.2075, 0.2437, 13.6194, 11.0576, 26.1692, 20.4852, 11.1323, 29.165, 25.5405, 34.7399, 44.1654, 0.0419, 5.8856, 67.2339, 15.5254, 0.475, 19.8906, 14.7237, 3.2931, 0.9533, 20.0791, 23.1166, 5.9991, 13.2172, 0.4843, 15.9168, 14.4823, 32.5989, 10.4732, 11.1312, 5.2277, 1.1178, 81.2365, 11.734, 147.3036, 52.8987],
      [19.9374, 9.83, 4.3498, 55.4895, 15.0065, 12.9418, 8.8204, 18.8837, 6.4013, 14.6714, 43.7821, 9.5905, 1.4593, 0.5921, 0.2418, 6.6273, 3.776, 11.3954, 6.6555, 4.5793, 15.7652, 13.8562, 15.6655, 18.9877, 0.0226, 2.7109, 35.7431, 8.9478, 1.8905, 9.9225, 7.5295, 1.7224, 1.1585, 6.1848, 10.3052, 3.3417, 10.3868, 0.27, 6.8437, 9.7574, 14.4875, 4.3, 4.51, 2.1001, 0.9865, 34.8291, 5.9966, 107.718, 18.6852]
    ],
    [
      [26.7935, 16.3032, 6.068, 23.4628, 10.118, 9.7826, 14.3932, 17.6089, 7.3964, 9.3506, 28.2456, 8.2507, 7.4603, 0, 1.021, 12.5137, 5.2339, 24.2905, 17.8294, 9.4376, 18.5994, 23.3953, 15.5815, 26.8715, 0, 2.2872, 42.5149, 3.4396, 0.9996, 4.1712, 5.9225, 2.4082, 3.1625, 12.9116, 10.318, 5.8946, 14.0075, 0, 13.9309, 14.1412, 27.9821, 6.8133, 7.5432, 3.4598, 2.7692, 49.4147, 8.1538, 75.7325, 50.4613],
      [16.1697, 16.2304, 7.5641, 33.1755, 17.7122, 3.4937, 1.4215, 9.2123, 5.9282, 12.5286, 24.7244, 13.0253, 2.5367, 0, 1.3793, 4.887, 11.3548, 18.8349, 1.119, 0, 14.8276, 15.2343, 4.9536, 4.0607, 0.6192, 0, 38.7609, 7.4295, 3.4713, 2.6317, 5.6375, 2.5397, 2.7047, 5.6976, 4.2139, 9.3824, 8.6905, 0.4538, 13.5337, 10.1531, 0, 0, 3.1142, 0, 1.6046, 4.5944, 11.4581, 101.3523, 33.152],
      [15.3283, 10.5572, 6.0353, 7.1848, 0, 2.0417, 15.6414, 6.9337, 3.2204, 0, 25.5817, 3.1191, 5.1382, 0, 2.4443, 17.7932, 1.5777, 50.4143, 22.7282, 21.9028, 21.5933, 18.4211, 28.7637, 39.5592, 0, 4.2889, 30.1974, 0, 0.6649, 3.1893, 0.0072, 2.0645, 1.87, 9.6979, 5.5597, 7.4253, 9.7924, 0, 16.0367, 17.4567, 47.4026, 8.9772, 12.9569, 6.0303, 3.8504, 53.1212, 8.128, 25.3253, 8.3807],
      [421.5533, 271.475, 96.2223, 470.8342, 200.9097, 136.7166, 165.7267, 260.6202, 79.1324, 171.5952, 453.82, 125.5733, 88.4251, 8.0634, 10.3396, 167.1359, 172.911, 424.1646, 246.7431, 149.1595, 376.6876, 380.9336, 282.8502, 331.7793, 4.866, 53.489, 557.242, 92.4783, 11.8775, 91.2585, 129.0625, 45.1718, 14.7417, 228.9421, 202.9829, 99.4036, 142.0132, 4.9858, 202.661, 226.7078, 311.5833, 76.4095, 128.6721, 51.6788, 63.2485, 635.669, 101.0616, 1076.583, 527.3815],
      [36.1552, 22.4341, 15.1103, 42.3428, 30.2602, 16.9655, 13.8172, 33.6249, 9.3227, 24.5256, 56.6282, 18.0317, 6.4397, 0.9366, 1.8159, 15.6701, 11.9227, 35.2957, 14.5803, 11.5001, 42.2921, 43.0156, 24.851, 26.7293, 0.5148, 4.9348, 59.2849, 11.6526, 6.9867, 9.7494, 14.3702, 4.8157, 2.5211, 13.7508, 18.9255, 10.8941, 22.4965, 0.5603, 16.8376, 31.5412, 25.032, 5.8, 9.7136, 3.831, 12.5272, 53.2007, 9.1985, 163.0069, 37.6245]
    ],
    [
      [13.3149, 11.3738, 4.4997, 7.282, 5.0185, 6.9175, 8.9399, 10.0769, 2.9032, 5.3191, 15.0622, 5.2177, 5.3837, 0.0555, 0.2277, 7.5214, 2.6227, 17.9259, 8.1565, 4.0332, 16.2819, 15.7233, 6.8514, 11.4842, 0, 0.8655, 22.2204, 4.6077, 0.2055, 2.2068, 1.8762, 0.2699, 1.7826, 6.9539, 6.777, 3.2454, 18.9488, 0, 10.3703, 12.9862, 13.8775, 3.241, 3.5744, 1.3969, 2.0252, 25.8242, 5.9885, 46.2793, 29.577],
      [0, 1.0777, 0.73, 0.3974, 2.0706, 0, 0, 0, 0.2127, 1.7349, 0.6992, 1.2998, 0, 0.7181, 0.032, 0, 0.3669, 0, 0, 0, 0, 0, 0, 0, 0, 0, 2.0361, 3.393, 0.0494, 0, 0.0285, 0.0076, 0.5015, 0, 0, 0.7397, 1.0328, 1.8623, 1.0654, 0, 0, 0, 0, 0, 0, 0, 2.127, 8.8031, 1.8034],
      [166.1687, 155.8806, 69.476, 109.3236, 54.334, 71.1327, 147.4916, 117.6206, 28.5051, 53.2312, 220.6824, 69.2058, 59.5552, 2.4157, 4.5966, 128.8643, 54.2939, 387.4402, 147.1397, 186.7249, 296.1545, 212.8288, 175.8538, 214.3153, 0, 24.3585, 268.8027, 56.12, 3.4743, 39.3272, 23.2824, 4.2315, 15.3836, 99.5288, 94.4888, 55.078, 190.2678, 5.7565, 150.073, 210.9957, 287.253, 58.074, 74.5892, 35.5986, 49.8803, 434.5074, 80.3856, 581.7132, 238.291],
      [20.4193, 17.9833, 5.7933, 13.4714, 7.1427, 10.2994, 12.7519, 14.7247, 2.9291, 7.3206, 21.8727, 6.8237, 6.6542, 0.7138, 0.1074, 9.6581, 7.1256, 23.8867, 14.1577, 8.1407, 31.6781, 23.877, 14.8673, 16.0763, 0, 2.4999, 26.3497, 8.3557, 0.1371, 4.8075, 3.3453, 0.4328, 0.2644, 12.7009, 13.2296, 4.3099, 15.0434, 1.1233, 12.3697, 18.2094, 14.8696, 4.4779, 6.4112, 2.8458, 4.444, 43.0454, 5.1237, 58.9679, 31.6326],
      [2.097, 1.6846, 1.501, 1.5255, 1.4342, 1.6505, 0.8165, 2.5778, 0.4498, 1.3942, 3.6836, 1.453, 0.4069, 0.0971, 0.0363, 0.9562, 0.5909, 1.7471, 0.5461, 0.1012, 4.8855, 3.5709, 1.4274, 1.1242, 0, 0.2761, 3.5911, 1.5236, 0.1337, 0.6585, 0.4675, 0.0582, 0.0679, 0.8164, 1.5045, 0.627, 3.7071, 0.2578, 1.1217, 3.8086, 0, 0.207, 0.4252, 0.1588, 1.6505, 3.623, 0.3752, 13.2365, 2.6959]
    ],
    [
      [0.1263, 0.1637, 0.0346, 0.0711, 0.0428, 0.0213, 0.0986, 0.0621, 0.0154, 0.026, 0.1032, 0.035, 0.1183, 0, 0.0054, 0.0863, 0.0241, 0.1112, 0.1235, 0.0201, 0.1071, 0.18, 0.0411, 0.0526, 0, 0, 0.1977, 0.0166, 0.0012, 0.012, 0.0308, 0.0049, 0.0197, 0.0351, 0.0527, 0.0474, 0.0649, 0, 0.0463, 0.0674, 0.1117, 0.0411, 0.0671, 0.0027, 0.0117, 0.2462, 0.1076, 0.3165, 0.0429],
      [0.1809, 0.4035, 0.1062, 0.1675, 0.1849, 0.0233, 0.0678, 0.0818, 0.0234, 0.0603, 0.1965, 0.1196, 0.0726, 0.0053, 0.0169, 0.0932, 0.1043, 0.2152, 0.0749, 0.0273, 0.2113, 0.2619, 0.0668, 0.0639, 0, 0, 0.366, 0.071, 0.0207, 0.0215, 0.0769, 0.0103, 0.0362, 0.0486, 0.062, 0.1884, 0.0827, 0, 0.0901, 0.1133, 0.0638, 0.0193, 0.0696, 0.0038, 0.0185, 0.1935, 0.3903, 0.9049, 0.0558],
      [5.2315, 7.8948, 1.9942, 3.729, 2.4257, 0.7353, 4.0232, 2.4754, 0.4923, 1.0826, 5.1652, 1.7647, 3.263, 0.0697, 0.3472, 4.1156, 2.0036, 7.4465, 5.6464, 1.6519, 6.8826, 8.3554, 2.8688, 2.6604, 0, 2.9227, 7.8024, 1.0408, 0.1755, 0.7393, 1.79, 0.2551, 0.4463, 1.6007, 2.5421, 2.9207, 2.0514, 0, 2.1881, 3.6638, 5.147, 1.6574, 3.9385, 0.1635, 0.9951, 10.7348, 4.5806, 14.6685, 1.1668],
      [18.2545, 26.5861, 5.5413, 13.6607, 9.3756, 2.7866, 11.4564, 8.6596, 1.5867, 4.193, 15.5217, 5.5052, 10.7831, 0.4105, 0.5427, 10.8866, 7.4679, 18.7113, 16.7798, 3.9694, 21.2449, 27.0485, 7.7957, 7.0478, 0, 8.7021, 23.9297, 4.0237, 0.3098, 2.5229, 7.7361, 0.8238, 0.8382, 5.6301, 9.4244, 7.9321, 5.7309, 0, 6.2268, 10.1895, 12.4547, 4.4658, 10.8152, 0.4506, 2.8147, 32.1576, 11.9302, 46.1563, 4.4448],
      [16.2069, 22.9519, 8.3236, 12.3717, 12.971, 3.4335, 10.3539, 10.7211, 1.8822, 5.638, 19.0134, 7.5755, 8.763, 0.5145, 1.0878, 10.8183, 5.4002, 16.5158, 11.3755, 3.3314, 23.5541, 30.1542, 7.2276, 6.1752, 0, 8.3752, 25.7042, 4.8479, 1.4928, 2.7043, 8.3661, 0.9059, 1.6596, 3.6854, 8.9189, 8.9114, 9.07, 0, 5.4486, 13.966, 11.2229, 3.8164, 9.1095, 0.3795, 5.16, 28.6679, 11.9914, 65.9537, 3.2897]
    ],
    [
      [0.3273, 0.2555, 0.1131, 0.1368, 0.087, 0.1161, 0.1227, 0.2111, 0.0446, 0.0995, 0.3033, 0.0649, 0.1243, 0, 0.0068, 0.1848, 0.0562, 0.4102, 0.1052, 0.0021, 0.3753, 0.4568, 0.0817, 0.1533, 0, 0, 0.3556, 0.0456, 0.0046, 0.0256, 0.054, 0.0336, 0.1679, 0.1424, 0.198, 0.0466, 0.2369, 0, 0.204, 0.2194, 0.3947, 0.0315, 0.0644, 0, 0.0114, 0.3452, 0.1107, 0.8121, 0.2396],
      [0.0362, 0.185, 0.2054, 0.0687, 0.1033, 0, 0, 0.0069, 0.0182, 0.0976, 0.1304, 0.0768, 0, 0.0074, 0.0067, 0, 0.1078, 0, 0, 0, 0, 0.0237, 0, 0, 0.0478, 0, 0.1776, 0.128, 0.0286, 0.0008, 0.016, 0.023, 0.2305, 0, 0, 0.049, 0.0636, 0, 0.117, 0.0296, 0, 0, 0, 0, 0.0017, 0, 0.1625, 1.0431, 0.0647],
      [40.9999, 36.9724, 22.5473, 21.5892, 13.0188, 12.2783, 22.3088, 26.0929, 4.2949, 13.8904, 46.7204, 9.5759, 11.751, 0.8587, 1.3435, 38.4566, 17.2281, 82.2204, 38.225, 24.3522, 91.092, 64.8365, 22.137, 28.6203, 0.7618, 5.1841, 42.2185, 10.8163, 1.5646, 4.8004, 8.1523, 6.0377, 7.4347, 22.8444, 31.5679, 8.1477, 21.1448, 0, 27.7621, 36.8806, 46.0009, 12.7678, 18.6356, 9.1646, 2.6426, 74.9174, 14.3495, 116.7942, 19.0028],
      [24.4151, 21.023, 10.5321, 13.4364, 8.324, 7.9888, 10.9163, 15.5671, 2.3359, 9.1132, 23.9193, 5.0144, 6.6108, 0.7454, 0.3413, 17.2291, 10.9117, 34.7281, 19.4834, 9.7532, 48.1935, 35.7837, 10.2742, 12.879, 0.7493, 2.6264, 22.0203, 7.0232, 0.4255, 2.7747, 5.8099, 3.2487, 2.0958, 13.7924, 20.2807, 3.7654, 10.0213, 0, 13.37, 17.4694, 18.8019, 5.856, 8.8119, 4.1919, 1.2613, 38.5144, 6.3628, 62.029, 12.3632],
      [10.2215, 8.5641, 7.6022, 5.7689, 5.467, 4.6168, 4.6523, 9.122, 1.3064, 5.7993, 13.9266, 3.268, 2.5138, 0.3886, 0.3017, 8.1295, 3.6962, 14.6413, 6.1863, 3.8925, 25.3392, 18.8993, 4.5071, 5.3475, 0.4411, 1.1894, 11.2279, 3.9868, 0.9766, 1.3986, 2.9678, 1.6569, 2.0712, 4.2208, 8.9534, 1.9913, 7.5335, 0, 5.5469, 11.401, 7.8025, 2.3448, 3.4881, 1.6436, 1.083, 16.2231, 3.0144, 42.3215, 4.3297]
    ],
    [
      [0.1554, 0.0888, 0.0272, 0.1185, 0, 0.046, 0.1389, 0.0715, 0.0898, 0, 0.167, 0.0291, 0.044, 0, 0.002, 0.0554, 0, 0.1121, 0.1165, 0.0309, 0.1047, 0.1432, 0.0871, 0.2029, 0, 0.0111, 0.257, 0, 0, 0.0198, 0, 0.01, 0.0157, 0.075, 0.0529, 0.0216, 0.0483, 0, 0.0931, 0.0666, 0.1748, 0.0435, 0.0777, 0.0402, 0.0107, 0.3253, 0.0815, 0.3157, 0.231],
      [4.6588, 3.5275, 1.5325, 11.6144, 3.3226, 1.1356, 2.4671, 4.3847, 2.2715, 2.4511, 6.9271, 2.0384, 0.7781, 0.0459, 0.0944, 1.4674, 2.6944, 4.4835, 2.3275, 0.998, 5.4842, 4.6289, 3.2693, 4.1582, 0, 0.388, 7.9113, 1.0892, 0.7766, 1.1402, 1.4222, 0.4783, 0.3362, 2.2023, 1.8204, 1.1234, 1.0964, 0.1896, 3.148, 2.4183, 2.6462, 0.739, 2.275, 0.8744, 0.5043, 6.6539, 3.0997, 19.2286, 5.1139],
      [0.1961, 0.1337, 0.0768, 0, 0, 0.0106, 0.4248, 0, 0.0355, 0, 0.4018, 0.0164, 0.0643, 0, 0.01, 0.1904, 0, 0.584, 0.3755, 0.2208, 0.3697, 0.2424, 0.52, 0.7668, 0, 0.0642, 0.4083, 0, 0, 0.0435, 0, 0.0227, 0.0199, 0.1318, 0.0497, 0.0687, 0.0725, 0, 0.2517, 0.2257, 0.665, 0.1383, 0.4277, 0.266, 0.0451, 0.9176, 0.2, 0.0435, 0.1266],
      [41.8443, 26.8817, 9.4099, 93.0411, 23.1172, 11.6967, 24.4295, 40.9323, 15.0237, 18.7802, 53.3778, 12.1392, 7.702, 0.5133, 0.3796, 12.5306, 20.767, 34.4157, 26.5241, 11.1548, 48.3002, 40.8646, 30.9224, 38.2359, 0, 5.081, 55.4338, 8.0698, 1.7231, 11.3023, 13.3874, 3.6649, 1.1066, 22.3308, 19.8594, 6.5939, 7.4669, 0.944, 21.3411, 19.4762, 29.0589, 7.5474, 21.4907, 9.9407, 5.8679, 68.862, 16.1949, 121.1243, 38.4841],
      [26.1453, 16.3684, 9.9536, 59.226, 22.5602, 10.1112, 15.5397, 35.6115, 12.5795, 17.7687, 46.1263, 11.777, 4.4116, 0.4408, 0.5139, 8.7561, 10.5385, 21.4047, 12.6563, 6.5955, 37.7412, 32.1209, 20.2012, 23.6362, 0, 3.4557, 41.9896, 6.8411, 6.5004, 8.4941, 10.1904, 2.8241, 1.5217, 10.2601, 13.2177, 5.1924, 8.3159, 0.8665, 13.1661, 18.8133, 18.455, 4.5319, 12.7289, 5.8787, 7.5719, 43.2411, 11.4239, 122.288, 20.0444]
    ]
  ],
  "V_est": [
    [1646.8262, 16.2605, 2478.9089, 243.0253, 9.9791],
    [36.8347, 4022.9517, 17.6437, 1217.914, 629.656],
    [708.4468, 511.5688, 608.4032, 10573.543, 1104.0382],
    [417.2931, 32.7891, 6214.6962, 593.4721, 76.7496],
    [3.2145, 5.7361, 155.516, 475.5256, 500.0078],
    [7.5822, 3.2574, 1241.0038, 643.1843, 321.9723],
    [3.8025, 143.4364, 8.8283, 1159.3358, 860.597]
  ],
  "p_est": [
    [0.3747, 0.0037, 0.564, 0.0553, 0.0023],
    [0.0062, 0.679, 0.003, 0.2056, 0.1063],
    [0.0525, 0.0379, 0.045, 0.7829, 0.0817],
    [0.0569, 0.0045, 0.8473, 0.0809, 0.0105],
    [0.0028, 0.005, 0.1364, 0.4171, 0.4386],
    [0.0034, 0.0015, 0.5598, 0.2901, 0.1452],
    [0.0017, 0.0659, 0.0041, 0.5328, 0.3955]
  ],
  "EI_Z": {},
  "EI_V": 12.7656,
  "MAE_Z": {},
  "MAE_V": 267.6682,
  "MAE_p": 0.0679,
  "runtime": 0.005
}
