{
  "Z_true": {},
  "V_true": [
    [1431, 121, 2365, 277, 201],
    [78, 2823, 332, 2221, 471],
    [306, 1153, 992, 10268, 787],
    [687, 198, 5740, 377, 333],
    [91, 78, 310, 245, 416],
    [176, 111, 758, 540, 632],
    [55, 252, 228, 978, 663]
  ],
  "p_true": [
    [0.3256, 0.0275, 0.5381, 0.063, 0.0457],
    [0.0132, 0.4765, 0.056, 0.3749, 0.0795],
    [0.0227, 0.0854, 0.0734, 0.7603, 0.0583],
    [0.0937, 0.027, 0.7825, 0.0514, 0.0454],
    [0.0798, 0.0684, 0.2719, 0.2149, 0.3649],
    [0.0794, 0.0501, 0.3419, 0.2436, 0.2851],
    [0.0253, 0.1158, 0.1048, 0.4494, 0.3047]
  ],
  "Z_est": [
    [
      [43.8873, 37.9813, 12.2507, 36.6865, 20.94, 25.3853, 39.4985, 38.2159, 10.3406, 16.4626, 80.6422, 23.6876, 15.7592, 0.9747, 0.708, 29.2636, 10.1639, 81.8068, 34.9494, 21.7849, 40.4774, 43.7307, 43.4023, 56.9292, 2, 7.2381, 83.8248, 13.2153, 0.7801, 6.6974, 10.1803, 2.1998, 9.351, 29.5443, 21.345, 6.5524, 59.4739, 0, 47.0961, 57.6393, 78.6402, 13.7568, 9.3372, 3.8915, 1.1372, 116.8431, 15.0634, 186.5407, 115.5705],
      [0.0292, 0.4042, 0.188, 0.1963, 0.3511, 0, 0, 0, 0.0972, 0.178, 0.5556, 0.7431, 0, 0.0169, 0.0091, 0, 0.1511, 0, 0, 0, 0.1161, 0.1044, 0, 0, 0.5481, 0, 0.9482, 0.3025, 0.0169, 0, 0.03, 0.0131, 0.6978, 0, 0, 0.1017, 0.6207, 0.2426, 0.7512, 0.2188, 0, 0, 0, 0, 0.0038, 0, 0.4015, 4.1886, 1.0749],
      [59.5191, 55.5841, 19.4903, 58.6608, 26.5462, 27.7061, 63.0446, 47.7383, 10.9111, 19.671, 125.8783, 32.5607, 18.898, 1.7295, 1.2714, 50.4538, 21.9429, 181.9704, 60.3775, 61.2711, 74.2211, 63.6221, 101.5458, 103.758, 1.1871, 16.6611, 110.8617, 18.663, 1.1717, 12.3641, 13.5396, 3.5712, 9.9512, 43.7849, 30.8261, 11.7881, 68.3146, 3.3914, 74.6874, 97.5311, 150.0692, 22.1808, 18.6812, 7.7105, 2.7048, 187.2196, 21.7229, 246.1413, 103.3918],
      [4.5224, 4.0286, 0.9719, 4.3831, 1.9819, 2.7813, 3.4569, 3.7959, 0.6301, 1.5813, 7.5299, 1.802, 1.3428, 0.2575, 0.0111, 2.2826, 1.7217, 6.2228, 3.6731, 1.9441, 4.9935, 4.3749, 5.0519, 4.3128, 0.2565, 1.1008, 6.2372, 1.6992, 0.0189, 0.9147, 1.2027, 0.2098, 0, 3.6708, 2.776, 0.5464, 3.2576, 0.324, 3.4653, 5.1107, 3.2906, 1.0624, 0.9816, 0.3981, 0.145, 11.9373, 0.8122, 14.5767, 8.9029],
      [0.0419, 0.0017, 0.0991, 0.0734, 0.1808, 0.1274, 0, 0.2499, 0.0211, 0.1071, 0.3939, 0.2068, 0, 0.0214, 0.0004, 0, 0.0204, 0, 0, 0, 0.1919, 0.1678, 0, 0, 0.0084, 0, 0.128, 0.12, 0.0125, 0.0238, 0.0473, 0.0061, 0, 0, 0.0529, 0.0113, 0.3333, 0.042, 0, 0.5, 0, 0, 0, 0, 0.0092, 0, 0, 1.5527, 0.0599]
    ],
    [
      [0, 0, 0, 0, 0, 0.0862, 1.1157, 0, 0, 0, 0, 0, 0.0389, 0, 0.0013, 0.1361, 0, 0.1203, 1.9263, 2.8143, 0.0216, 0.0425, 0.1455, 1.7631, 0, 1.0106, 0.2263, 0, 0, 0, 0, 0.0044, 0.1349, 0.1001, 0.0312, 0.012, 0.1592, 0, 0.1264, 0.0412, 10.5594, 1.9897, 0.0772, 0.6539, 0.0034, 5.1679, 0.1467, 0, 0],
      [143.6551, 84.7591, 26.2525, 409.7805, 82.4742, 57.1892, 59.5752, 92.0361, 44.4834, 75.9908, 255.2343, 61.4658, 11.2639, 3.2457, 2.5067, 46.3375, 38.5084, 98.1195, 51.6843, 26.9999, 92.2649, 80.728, 106.377, 141.9232, 0.9502, 12.6114, 265.1953, 52.1508, 7.5655, 53.3069, 41.8194, 12.3024, 11.7188, 55.7069, 58.134, 29.2516, 54.5494, 3.2513, 66.4342, 50.5032, 80.3849, 29.2764, 35.0236, 14.1409, 3.0069, 222.4636, 66.0589, 611.2818, 190.1838],
      [0, 0, 0, 0, 0, 0, 0.7768, 0, 0, 0, 0, 0, 0, 0, 0.0487, 0.5224, 0, 1.0202, 0.467, 0.5363, 0, 0, 1.8473, 3.9089, 0, 0.3061, 0, 0, 0, 0, 0, 0, 0.1165, 0, 0, 0.1051, 0, 0, 0.2139, 0.0791, 2.5838, 0.8148, 0.459, 0.3457, 0.0006, 2.2927, 0.3969, 0, 0],
      [38.0966, 19.0248, 4.4525, 107.7037, 16.8363, 18.6464, 16.3741, 25.2119, 8.3548, 17.7666, 57.4597, 10.5868, 2.8971, 1.039, 0.1474, 10.8107, 8.6719, 20.4755, 16.4378, 8.8142, 23.3023, 20.0613, 27.5741, 35.0098, 0.0277, 4.7134, 52.5514, 12.9736, 0.1307, 16.418, 11.7315, 2.5086, 0.62, 16.1776, 18.9745, 4.4599, 10.536, 0.4026, 12.5257, 11.2948, 25.9638, 8.5112, 8.7261, 4.1435, 0.7886, 65.9856, 8.8982, 115.1045, 42.399],
      [25.2483, 12.2161, 5.295, 68.5159, 18.6894, 16.0782, 11.1582, 23.752, 8.1618, 18.2426, 54.3061, 11.9474, 1.8001, 0.7152, 0.2958, 8.1934, 4.8197, 14.2645, 8.4845, 5.8353, 19.4113, 17.1682, 20.0561, 24.395, 0.0221, 3.3586, 45.027, 10.8755, 2.3039, 12.2751, 9.4491, 2.1846, 1.4099, 8.0154, 12.8602, 4.1714, 12.7553, 0.3461, 8.6999, 12.0817, 18.5081, 5.4079, 5.7142, 2.7159, 1.2005, 44.0902, 7.4993, 132.6137, 24.4171]
    ],
    [
      [27.2749, 16.2418, 6.1123, 22.6735, 6.7926, 9.2982, 14.1384, 17.3419, 7.6368, 6.3992, 28.6412, 7.9393, 7.5553, 0, 1.0836, 12.7905, 2.8472, 24.1347, 16.8549, 8.28, 18.4354, 23.9731, 16.4472, 27.4526, 0, 1.8861, 43.8319, 0.7355, 1.0188, 4.0433, 5.9035, 2.5208, 3.5736, 13.3608, 10.4113, 6.122, 13.9217, 0, 14.0672, 13.8674, 25.9006, 6.0019, 7.9194, 3.0212, 2.8169, 47.6595, 8.4951, 72.4301, 45.8407],
      [11.6632, 14.0167, 6.8622, 24.7596, 15.6236, 1.0278, 0, 7.7365, 4.9753, 10.4406, 19.7831, 11.8496, 1.9225, 0, 1.3296, 3.1764, 9.6414, 15.3092, 0, 0, 12.0641, 12.3733, 1.3981, 0, 0.4501, 0, 31.9851, 6.3115, 3.4727, 1.593, 2.3289, 2.1744, 2.4278, 3.1204, 1.8536, 8.5593, 7.2689, 0.1953, 11.4442, 8.7233, 0, 0, 1.7052, 0, 1.4369, 0, 9.9604, 90.1375, 26.6857],
      [4.7615, 2.0874, 2.8404, 0, 0, 0, 9.8087, 0, 1.562, 0, 12.6616, 0, 2.3534, 0, 2.2496, 11.6468, 0, 33.484, 14.6226, 15.6692, 8.1937, 6.7652, 19.7036, 29.0122, 0, 2.8615, 15.7674, 0, 0.5152, 1.1939, 0, 1.176, 1.1638, 3.062, 0, 4.9635, 4.3471, 0, 8.7832, 9.0278, 35.3555, 6.3559, 9.295, 4.335, 2.2651, 32.5764, 4.9142, 0, 0],
      [443.646, 287.128, 102.6351, 497.0455, 211.0421, 145.2873, 176.3355, 275.2789, 83.1378, 180.8965, 482.593, 133.1773, 93.1955, 8.2516, 10.7292, 178.168, 180.7184, 451.6454, 260.486, 158.8591, 401.3567, 402.9438, 299.5107, 351.517, 5.1499, 56.4955, 588.4617, 98.6992, 12.5378, 96.5806, 135.0703, 47.0877, 15.7927, 240.5285, 215.0109, 104.3181, 153.3211, 5.3261, 215.0665, 242.1765, 332.0307, 81.3411, 135.4848, 54.5862, 66.0854, 674.5542, 107.5864, 1146.1393, 553.3884],
      [28.6544, 17.5261, 12.55, 32.5214, 25.5417, 13.3867, 10.7174, 27.6427, 7.6881, 20.2638, 45.3211, 15.0338, 4.9732, 0.7484, 1.6079, 12.2183, 9.793, 28.4266, 11.0365, 9.1917, 33.9502, 34.9447, 19.9403, 21.0182, 0.4, 3.757, 47.9538, 9.2539, 6.4554, 7.5893, 11.6972, 4.0412, 2.0422, 10.9284, 14.7241, 9.037, 18.1412, 0.4786, 13.6389, 26.2049, 18.7132, 4.3012, 7.5956, 3.0576, 11.3958, 41.2099, 7.0439, 133.2931, 31.0852]
    ],
    [
      [13.7785, 11.7704, 4.6336, 7.6307, 8.2674, 7.2034, 9.1576, 10.4343, 2.9894, 8.1382, 15.6462, 5.3731, 5.5653, 0.0253, 0.2061, 7.769, 4.9889, 18.8679, 8.2057, 4.1069, 17.0556, 16.2339, 6.9659, 11.7249, 0, 0.8612, 22.9336, 7.0492, 0.2011, 2.2581, 1.9161, 0.2714, 1.8316, 6.9455, 7.1971, 3.3041, 19.3615, 5.5467e-32, 10.6391, 13.4336, 13.7837, 3.2252, 3.624, 1.4105, 2.0413, 26.1377, 6.2266, 48.0292, 34.5345],
      [0, 0.9658, 0.8387, 1.4509, 3.1675, 1.7209, 0, 0.1199, 0.176, 2.9699, 0.4219, 1.8242, 0, 0.6867, 0.0387, 0, 1.0039, 0, 0, 0, 0, 0, 0, 0, 0, 0, 1.7342, 4.0753, 0.0532, 0, 2.4596, 0.0038, 0.542, 0, 0.2925, 0.7883, 1.369, 2.1368, 1.1031, 0.0373, 0, 0, 0, 0, 0, 0, 2.0915, 14.4155, 2.9727],
      [171.3046, 160.3294, 71.1515, 111.9964, 52.2008, 71.4156, 150.777, 121.0391, 29.4315, 51.2895, 226.7915, 70.6995, 61.1654, 2.2775, 4.7099, 131.6802, 53.296, 395.3312, 150.946, 190.156, 302.6914, 218.7113, 180.402, 219.7766, 0, 25.0784, 276.8701, 54.7965, 3.5557, 40.569, 21.8237, 4.3788, 15.6234, 102.7148, 96.7069, 56.786, 193.4453, 5.6086, 153.5725, 215.3829, 293.2065, 59.4066, 76.6907, 36.4707, 51.4371, 445.5007, 82.4555, 592.3847, 240.6468],
      [14.7558, 13.1879, 3.7014, 9.4083, 4.8475, 7.9994, 9.2866, 10.709, 1.923, 5.1431, 15.2913, 4.5081, 4.9003, 0.9113, 0, 6.5099, 5.0748, 14.7321, 10.2809, 4.4028, 23.9888, 17.2571, 10.182, 10.4851, 0, 1.7983, 17.6176, 6.5006, 0.0485, 3.5262, 2.3199, 0.2849, 0, 9.508, 10.3001, 2.423, 10.4866, 0.936, 8.3266, 12.7316, 8.6155, 3.1395, 4.2327, 1.929, 2.5915, 31.8086, 2.7743, 40.0688, 22.8557],
      [2.1612, 1.7465, 1.6748, 1.5136, 1.5168, 1.6607, 0.7788, 2.6977, 0.4801, 1.4591, 3.8491, 1.595, 0.369, 0.0993, 0.0453, 1.0409, 0.6364, 2.0689, 0.5674, 0.3343, 5.2642, 3.7977, 1.4502, 1.0133, 0, 0.2621, 3.8444, 1.5785, 0.1415, 0.6468, 0.4807, 0.061, 0.003, 0.8317, 1.5035, 0.6986, 4.3376, 0.3187, 1.3587, 4.4147, 0.3942, 0.2288, 0.4525, 0.1898, 1.9301, 3.553, 0.4522, 14.1018, 2.9903]
    ],
    [
      [0.0093, 0, 0, 0.0017, 0, 0.0012, 0.0078, 0.0015, 0.0014, 0, 0.0031, 0, 0.035, 0, 0, 0.0138, 0, 0.0067, 0, 0.0013, 0, 0.0019, 0.0027, 0.0069, 0, 0, 0.0186, 0, 0, 0.0002, 0, 0.0002, 0.0063, 0.0024, 0, 0, 0.0099, 0, 0.0038, 0, 0.0102, 0, 0.0011, 0.0002, 0, 0.0138, 0.0136, 0, 0.0035],
      [0.0446, 0.191, 0.0573, 0.0519, 0.1045, 0.0049, 0, 0.0203, 0.0087, 0.0256, 0.0667, 0.0669, 0.0075, 0.0025, 0.01, 0.0127, 0.0453, 0.0655, 0, 0.0041, 0.0537, 0.0764, 0.0111, 0.0116, 0, 0, 0.1516, 0.0366, 0.016, 0.0033, 0.0208, 0.0036, 0.0222, 0.0118, 0.0018, 0.1126, 0.0317, 0, 0.0337, 0.0365, 0, 0, 0, 0.0009, 0.0027, 0, 0.2601, 0.4773, 0.0183],
      [4.5006, 6.7237, 1.664, 3.3147, 2.0588, 0.6172, 3.4056, 2.0827, 0.4237, 0.9204, 4.3978, 1.4836, 2.7714, 0.0542, 0.3018, 3.4975, 1.7259, 6.2954, 4.8523, 1.3892, 5.7517, 7.0463, 2.4412, 2.2752, 0, 2.4584, 6.6989, 0.8655, 0.1468, 0.6386, 1.5529, 0.2239, 0.3773, 1.3727, 2.1476, 2.5364, 1.688, 0, 1.848, 3.0265, 4.363, 1.4204, 3.4156, 0.1387, 0.8148, 9.1311, 3.966, 12.3801, 0.9968],
      [17.771, 26.2436, 5.3917, 13.4866, 8.9124, 2.7132, 11.3533, 8.312, 1.5206, 4.0162, 15.2163, 5.3223, 10.5831, 0.4011, 0.4951, 10.8222, 7.215, 18.5197, 16.5982, 3.9227, 20.932, 26.2954, 7.6129, 6.9257, 0, 8.5508, 23.2987, 3.9884, 0.2726, 2.4689, 7.3902, 0.7813, 0.856, 5.4958, 9.2482, 7.6218, 5.6568, 0, 6.1214, 9.8891, 12.3214, 4.461, 10.5805, 0.4398, 2.5403, 31.7225, 11.8848, 45.0331, 4.3034],
      [17.6745, 24.8417, 8.887, 13.1452, 13.9243, 3.6636, 11.2333, 11.5835, 2.0456, 6.0379, 20.3161, 8.1272, 9.603, 0.5422, 1.1931, 11.6538, 6.0137, 18.1127, 12.5495, 3.6826, 25.2626, 32.5801, 7.932, 6.7804, 0, 8.9908, 27.8322, 5.1095, 1.5647, 2.889, 9.0361, 0.991, 1.7382, 4.1174, 9.6024, 9.7291, 9.6136, 0, 5.9931, 15.0479, 12.3054, 4.1186, 10.0028, 0.4204, 5.6422, 31.1326, 12.8755, 70.1095, 3.6779]
    ],
    [
      [0.0341, 0.0064, 0, 0.0077, 0, 0.0079, 0, 0.0064, 0.0056, 0, 0.0118, 0, 0.0226, 0, 0.0002, 0, 0, 0.0194, 0, 0, 0, 0.0107, 0, 0, 0, 0, 0.0428, 0, 0, 0.0011, 0, 0, 0.0929, 0.0157, 0, 0.0018, 0.0505, 0, 0.0268, 0, 0, 0, 0, 0, 0.0004, 0, 0.0149, 0, 0.0325],
      [0, 0.1577, 0.2299, 0.0299, 0.0938, 0, 0, 0, 0.0135, 0.0853, 0.0832, 0.0711, 0, 0.0061, 0.0073, 0, 0.0969, 0, 0, 0, 0, 0.0072, 0, 0, 0.0516, 0, 0.1364, 0.1153, 0.0313, 0, 0.0057, 0.0204, 0.2487, 0, 0, 0.0461, 0.0595, 0, 0.1056, 0.022, 0, 0, 0, 0, 0.0006, 0, 0.1513, 0.9723, 0.0421],
      [44.9142, 40.2754, 23.8478, 24.0281, 14.1941, 13.2612, 23.9583, 28.1399, 4.6717, 15.1191, 50.2138, 10.2562, 12.8009, 0.9388, 1.4118, 41.1091, 19.0351, 87.6108, 41.5531, 25.8569, 97.1421, 69.8551, 23.765, 30.776, 0.8129, 5.6023, 45.7311, 11.6751, 1.6106, 5.2345, 9.0839, 6.6464, 7.759, 25.0657, 34.3194, 8.7941, 22.1931, 0, 29.8123, 38.8889, 49.0023, 13.7406, 20.1641, 9.8061, 2.7648, 80.8626, 15.4529, 125.0939, 20.9646],
      [18.458, 16.0901, 7.7974, 10.1166, 6.1044, 6.1193, 8.3723, 11.6687, 1.7162, 6.7749, 18.0025, 3.7272, 5.0486, 0.5839, 0.2217, 13.0957, 8.2071, 26.2659, 14.9012, 7.3854, 37.0752, 27.0339, 7.7096, 9.678, 0.5659, 1.9729, 16.4453, 5.4442, 0.2598, 2.0897, 4.2991, 2.3246, 1.4877, 10.5524, 15.7276, 2.741, 7.6518, 0, 10.1451, 13.1461, 14.2077, 4.4824, 6.5707, 3.1456, 0.8874, 29.4448, 4.7801, 46.4298, 9.4089],
      [12.5936, 10.4703, 9.1248, 6.8177, 6.6076, 5.6116, 5.6695, 11.185, 1.593, 7.0207, 16.6887, 3.9455, 3.1279, 0.4712, 0.359, 9.7952, 4.6608, 18.1038, 7.5457, 4.7576, 30.7827, 23.093, 5.5254, 6.546, 0.5696, 1.4249, 13.6443, 4.7655, 1.0983, 1.6748, 3.6113, 2.0086, 2.4117, 5.3661, 10.953, 2.4171, 9.0451, 0, 6.9102, 13.943, 9.79, 2.777, 4.2652, 2.0483, 1.3467, 19.6926, 3.6008, 50.504, 5.5518]
    ],
    [
      [0.0159, 0, 0.0034, 0, 0, 0.0178, 0.0819, 0, 0.0264, 0, 0.0555, 0, 0.0236, 0, 0.0008, 0.0271, 0, 0.0442, 0.0637, 0.0126, 0.0101, 0.0071, 0.0363, 0.1233, 0, 0.0042, 0.1219, 0, 0, 0, 0, 0.0034, 0.0097, 0.0312, 0.0154, 0.0077, 0.0232, 0, 0.0406, 0.0185, 0.1059, 0.0265, 0.0411, 0.0227, 0.0009, 0.1781, 0.0397, 0, 0.0183],
      [4.6079, 3.5055, 1.5715, 10.7309, 3.1853, 1.0573, 2.4248, 4.0871, 2.2459, 2.3098, 6.8551, 1.9794, 0.806, 0.0421, 0.0986, 1.4734, 2.5529, 4.5057, 2.3157, 0.9959, 5.5012, 4.7108, 3.2138, 4.0651, 0, 0.3886, 7.8491, 1.008, 0.8444, 1.0969, 1.3355, 0.4823, 0.3428, 2.161, 1.7181, 1.1403, 1.1008, 0.1741, 3.128, 2.4589, 2.6151, 0.7236, 2.2712, 0.8581, 0.549, 6.5364, 3.0763, 18.527, 5.0224],
      [0, 0, 0.0059, 0, 0, 0, 0.229, 0, 0, 0, 0.0571, 0, 0.011, 0, 0.0068, 0.0902, 0, 0.288, 0.1815, 0.1213, 0, 0, 0.2951, 0.4931, 0, 0.0322, 0.0707, 0, 0, 0, 0, 0.0038, 0.0088, 0, 0, 0.0267, 0.0119, 0, 0.0828, 0.0636, 0.4198, 0.0809, 0.2944, 0.1933, 0.0129, 0.4169, 0.0917, 0, 0],
      [43.7501, 28.2969, 10.0499, 98.8562, 24.2753, 12.4531, 25.8213, 43.0236, 15.7176, 19.8214, 56.9072, 12.8764, 8.0325, 0.5556, 0.3954, 13.3109, 21.3911, 36.1385, 27.6228, 11.6718, 51.3516, 43.0335, 32.3587, 40.0715, 0, 5.3684, 58.388, 8.6948, 1.7318, 12.0019, 13.9862, 3.8031, 1.2435, 23.0669, 20.9627, 6.8898, 8.0901, 1.0113, 22.3494, 20.6513, 30.5702, 8.0025, 22.4236, 10.3579, 5.9617, 72.547, 17.2641, 129.6479, 39.7416],
      [24.6261, 15.1976, 9.3693, 54.4128, 21.5394, 9.4718, 14.4429, 33.8893, 12.0102, 16.8688, 43.125, 11.1442, 4.1269, 0.4023, 0.4984, 8.0985, 10.056, 20.0235, 11.8163, 6.1984, 35.1371, 30.2486, 19.0961, 22.247, 0, 3.2066, 39.5703, 6.2972, 6.4238, 7.9012, 9.6783, 2.7075, 1.3951, 9.7409, 12.3038, 4.9355, 7.774, 0.8146, 12.3992, 17.8078, 17.2891, 4.1665, 11.9697, 5.568, 7.4755, 40.3217, 10.5282, 114.8251, 19.2177]
    ]
  ],
  "V_est": [
    [1663.847, 13.3006, 2566.4885, 146.5515, 4.8125],
    [28.6561, 4120.1273, 16.8416, 972.3222, 787.0528],
    [685.6936, 407.7872, 325.3804, 11198.404, 888.7347],
    [443.9544, 49.4596, 6344.6816, 414.3102, 82.5942],
    [0.1781, 2.1845, 132.2028, 465.509, 539.9256],
    [0.4123, 2.891, 1335.8157, 486.3646, 391.5164],
    [1.2585, 140.2498, 3.5895, 1222.5384, 808.3639]
  ],
  "p_est": [
    [0.3786, 0.003, 0.584, 0.0333, 0.0011],
    [0.0048, 0.6954, 0.0028, 0.1641, 0.1328],
    [0.0508, 0.0302, 0.0241, 0.8291, 0.0658],
    [0.0605, 0.0067, 0.865, 0.0565, 0.0113],
    [0.0002, 0.0019, 0.116, 0.4083, 0.4736],
    [0.0002, 0.0013, 0.6025, 0.2194, 0.1766],
    [0.0006, 0.0645, 0.0016, 0.5618, 0.3715]
  ],
  "EI_Z": {},
  "EI_V": 14.7531,
  "MAE_Z": {},
  "MAE_V": 309.3424,
  "MAE_p": 0.0746,
  "runtime": 0.006
}
