{
  "X": [
    [85, 160, 285, 581, 111],
    [66, 104, 265, 394, 82],
    [23, 36, 119, 135, 47],
    [67, 447, 198, 741, 177],
    [36, 105, 95, 274, 88],
    [42, 61, 113, 196, 50],
    [64, 62, 252, 251, 54],
    [66, 104, 199, 378, 111],
    [21, 52, 47, 113, 32],
    [31, 92, 87, 236, 70],
    [125, 283, 420, 653, 184],
    [37, 78, 115, 172, 52],
    [29, 14, 98, 126, 24],
    [1, 4, 5, 12, 3],
    [2, 4, 10, 12, 4],
    [50, 51, 239, 235, 51],
    [18, 52, 96, 233, 36],
    [125, 118, 706, 574, 101],
    [62, 54, 273, 350, 52],
    [37, 28, 295, 197, 30],
    [76, 110, 488, 563, 150],
    [84, 98, 366, 541, 142],
    [67, 111, 330, 390, 74],
    [98, 146, 390, 458, 82],
    [2, 2, 2, 6, 1],
    [11, 13, 53, 80, 21],
    [151, 308, 456, 763, 178],
    [21, 64, 86, 138, 38],
    [2, 12, 7, 15, 18],
    [13, 56, 60, 134, 33],
    [18, 48, 46, 176, 44],
    [5, 15, 16, 57, 12],
    [15, 16, 35, 20, 9],
    [50, 61, 176, 309, 39],
    [39, 62, 164, 293, 62],
    [16, 40, 85, 129, 31],
    [93, 65, 290, 199, 62],
    [0, 6, 9, 8, 2],
    [72, 83, 269, 278, 49],
    [85, 62, 364, 315, 90],
    [129, 83, 535, 427, 77],
    [25, 30, 104, 111, 21],
    [21, 39, 129, 189, 40],
    [9, 15, 59, 75, 14],
    [6, 5, 60, 79, 29],
    [196, 229, 758, 918, 180],
    [30, 82, 129, 154, 42],
    [307, 740, 976, 1537, 517],
    [196, 226, 366, 681, 87]
  ],
  "W": [
    [108, 207, 516, 202, 40, 76, 73],
    [98, 116, 337, 188, 58, 67, 47],
    [33, 36, 131, 82, 16, 41, 21],
    [100, 586, 577, 132, 30, 41, 164],
    [50, 118, 259, 70, 25, 27, 49],
    [56, 92, 169, 90, 7, 25, 23],
    [106, 89, 211, 170, 26, 38, 43],
    [90, 141, 328, 145, 22, 51, 81],
    [22, 61, 105, 35, 4, 8, 30],
    [38, 112, 218, 69, 11, 29, 39],
    [215, 367, 589, 262, 40, 85, 107],
    [59, 84, 168, 84, 15, 18, 26],
    [36, 16, 110, 72, 23, 21, 13],
    [3, 5, 9, 4, 1, 2, 1],
    [2, 3, 17, 5, 2, 2, 1],
    [82, 66, 218, 147, 26, 64, 23],
    [34, 52, 203, 65, 15, 32, 34],
    [270, 134, 553, 431, 43, 132, 61],
    [99, 79, 303, 170, 34, 64, 42],
    [85, 45, 192, 199, 9, 38, 19],
    [120, 135, 474, 349, 52, 165, 92],
    [112, 118, 481, 256, 66, 120, 78],
    [150, 156, 357, 199, 18, 37, 55],
    [165, 207, 429, 243, 16, 47, 67],
    [4, 1, 6, 0, 0, 2, 0],
    [25, 22, 65, 28, 20, 9, 9],
    [202, 363, 728, 323, 58, 76, 106],
    [34, 76, 115, 74, 10, 22, 16],
    [2, 10, 24, 4, 2, 3, 9],
    [20, 82, 111, 47, 6, 9, 21],
    [25, 63, 155, 29, 18, 17, 25],
    [6, 17, 57, 5, 2, 11, 7],
    [20, 14, 25, 18, 3, 12, 3],
    [77, 80, 271, 120, 11, 41, 35],
    [55, 90, 242, 116, 21, 61, 35],
    [19, 38, 133, 64, 20, 14, 13],
    [132, 78, 197, 229, 17, 39, 17],
    [4, 4, 6, 9, 0, 0, 2],
    [126, 88, 263, 175, 14, 47, 38],
    [161, 74, 300, 246, 28, 66, 41],
    [232, 138, 412, 316, 29, 73, 51],
    [37, 46, 98, 66, 10, 21, 13],
    [29, 50, 162, 85, 24, 31, 37],
    [12, 22, 65, 40, 1, 15, 17],
    [4, 5, 84, 58, 9, 5, 14],
    [316, 340, 796, 507, 72, 130, 120],
    [38, 83, 138, 94, 29, 24, 31],
    [453, 859, 1442, 709, 128, 223, 263],
    [229, 257, 657, 304, 9, 36, 64]
  ],
  "method": "mult",
  "cond_prob": [
    [
      [0.40131518022, 0.0019412329222, 0.52847652249, 0.066075360031, 0.0021917043355],
      [0.0045437373846, 0.67026478668, 0, 0.22887574887, 0.096315727073],
      [0.051925370736, 0.031336557623, 0.02970604479, 0.81696376514, 0.070068261711],
      [0.065915479348, 0, 0.82261732551, 0.10108583073, 0.010381364409],
      [0.0031563159437, 0.0045221320993, 0.13078793374, 0.45636158805, 0.40517203016],
      [0.0043071247588, 0.00047597505221, 0.53947231987, 0.3212516979, 0.13449288242],
      [0.0021286938373, 0.063819354535, 0.0026863430928, 0.57321024548, 0.35815536306]
    ],
    [
      [0.38204173852, 0.0054517198598, 0.54654290775, 0.064260457434, 0.0017031764373],
      [0.0032318516398, 0.70725567882, 0, 0.20477076139, 0.084741708157],
      [0.048377564643, 0.048161480622, 0.031327087264, 0.80556381138, 0.06657005609],
      [0.060498761659, 0.0057323288688, 0.82915216953, 0.095656022881, 0.0089607170587],
      [0.0028230844666, 0.0069565691946, 0.13611805567, 0.45838045182, 0.39572183885],
      [0.0038130807937, 0.0027617365825, 0.55182740643, 0.31377583624, 0.12782193995],
      [0.0018892137375, 0.07505230957, 0.0028441553457, 0.57195069957, 0.34826362178]
    ],
    [
      [0.36571612002, 0.0063555265524, 0.57182970641, 0.051268449921, 0.0048301971038],
      [0.0052446180472, 0.71255891836, 0, 0.16136799094, 0.12082847265],
      [0.046320251371, 0.057741484687, 0.046070782709, 0.73452165191, 0.11534582932],
      [0.054874124194, 0.0089023440725, 0.84726873922, 0.070649693383, 0.018305099129],
      [0.0021632151749, 0.006636435945, 0.12463954289, 0.34633339078, 0.52022741521],
      [0.0027578777957, 0.0050087513495, 0.54993404899, 0.25688036019, 0.18541896168],
      [0.0012974401792, 0.072975146394, 0.0036562782231, 0.44808824767, 0.47398288753]
    ],
    [
      [0.35928832271, 0.0046373169289, 0.56173475741, 0.071583982133, 0.0027556208117],
      [0, 0.68449271802, 0, 0.22081530547, 0.094691976514],
      [0.040663422351, 0.057496504192, 0.012451939917, 0.8160037344, 0.073384399139],
      [0.055166960179, 0.0030109822604, 0.82820943684, 0.10205606897, 0.011556551756],
      [0.0023694475786, 0.0055837520799, 0.1242984808, 0.45535763526, 0.41239068428],
      [0.0033355870321, 0.0016754524531, 0.52656475219, 0.32771819968, 0.14070600865],
      [0.00072251093328, 0.070819493031, 0, 0.56732379077, 0.36113420527]
    ],
    [
      [0.41467530435, 0.0083388162873, 0.50443068535, 0.066537383391, 0.0060178106154],
      [0, 0.68804739184, 0, 0.1847789491, 0.12717365905],
      [0.039065587062, 0.068386727794, 0, 0.77571306058, 0.11683462456],
      [0.071692559416, 0.029579826539, 0.77619984051, 0.10203897624, 0.020488797298],
      [0.0017126218251, 0.0073943737503, 0.097028273849, 0.37502387283, 0.51884085774],
      [0.0032204825364, 0.003824695922, 0.48217666853, 0.30829486653, 0.20248328648],
      [0, 0.067807968534, 0, 0.47178052228, 0.46041150919]
    ],
    [
      [0.44505809392, 0, 0.4785978335, 0.071330336334, 0.0050137362454],
      [0.0021011040944, 0.6124721631, 0, 0.24475531112, 0.14067142168],
      [0.057885217381, 0.020672651482, 0.012080877009, 0.80897374256, 0.10038751156],
      [0.076860950888, 0, 0.79036297396, 0.11443744311, 0.018338632047],
      [0.0030428418835, 0.0033282935053, 0.10503716017, 0.39809075173, 0.49050095272],
      [0.0046426805706, 0, 0.49113270394, 0.31955116593, 0.18467344956],
      [0.0019996060321, 0.049373253893, 0.00046120581662, 0.50855068517, 0.43961524909]
    ],
    [
      [0.37066496403, 0, 0.57734126867, 0.051993767298, 0],
      [0.011417957053, 0.65217468197, 0.010246118039, 0.22705586438, 0.099105378559],
      [0.068214063792, 0.0067370162055, 0.074130041097, 0.78543470708, 0.065484171829],
      [0.052587914367, 0, 0.8675978787, 0.075011023684, 0.0048031832519],
      [0.0037939093986, 0.0026086213213, 0.15473994073, 0.44062951846, 0.39822801009],
      [0.0032287164069, 0, 0.58707287081, 0.28727021533, 0.12242819745],
      [0.0032295317418, 0.057374854205, 0.0098798933826, 0.56812688034, 0.36138884033]
    ],
    [
      [0.4184722256, 0.0011482947508, 0.50974929226, 0.065530235116, 0.0050999522735],
      [0.0021774206129, 0.63979452778, 0, 0.22410091957, 0.13392713204],
      [0.053685736484, 0.028086199055, 0.021139187538, 0.79457386165, 0.10251501528],
      [0.069496028266, 0, 0.81117639862, 0.10154978831, 0.017777784806],
      [0.0028207282794, 0.0037162451244, 0.11251925685, 0.39362042726, 0.48732334249],
      [0.0041387815231, 0.00013462590177, 0.51162566145, 0.30523808963, 0.17886284149],
      [0.00088276350826, 0.054132450025, 0, 0.50533717635, 0.43964761012]
    ],
    [
      [0.46582802336, 0.0059016159755, 0.47508005832, 0.050547824193, 0.0026424781477],
      [0.0049552436364, 0.71174175263, 0, 0.17836370011, 0.10493930363],
      [0.0704418548, 0.056458650444, 0.030670261955, 0.75364150553, 0.088787727275],
      [0.082949547142, 0.0060776237837, 0.81443192358, 0.083688748314, 0.012852157183],
      [0.0038527395331, 0.0058400243804, 0.12308272363, 0.39668135384, 0.47054315862],
      [0.0055795192722, 0.0022739847227, 0.53686844498, 0.2919823073, 0.16329574372],
      [0.0029945869339, 0.075716347796, 0.0011821810668, 0.50079046721, 0.419316417]
    ],
    [
      [0.42644095874, 0.006131241265, 0.4946267847, 0.067464613365, 0.0053364019291],
      [0, 0.66870138061, 0, 0.20030404346, 0.13099457593],
      [0.042892546369, 0.057470573261, 0, 0.78713391463, 0.11250296574],
      [0.077088420057, 0.025144000571, 0.77146631305, 0.10609611549, 0.020205150835],
      [0.0023673318241, 0.0054824241376, 0.098420594401, 0.38118251026, 0.51254713938],
      [0.0034319594953, 0.0033637945118, 0.47897862216, 0.31424948676, 0.19997613707],
      [0, 0.062848217606, 0, 0.48154419843, 0.45560758396]
    ],
    [
      [0.36930829877, 0.0041835282697, 0.56487649442, 0.057725069408, 0.0039066091399],
      [0.0046796698254, 0.6796265082, 0, 0.19639659735, 0.11929722463],
      [0.047955222891, 0.0419769563, 0.043432479684, 0.77049239205, 0.096142949079],
      [0.05748913619, 0.0026685688301, 0.84229927783, 0.083483594472, 0.014059422681],
      [0.0025798348685, 0.0049114797826, 0.12913001362, 0.38804304555, 0.47533562617],
      [0.0035679028714, 0.0015346768477, 0.5496515601, 0.28140406773, 0.16384179245],
      [0.0015610451961, 0.064739382214, 0.0037554132946, 0.49885766921, 0.43108649008]
    ],
    [
      [0.39665328203, 0.013364948482, 0.53081523389, 0.054008190229, 0.0051583453672],
      [0, 0.72204362767, 0, 0.16378351207, 0.11417286026],
      [0.049111292047, 0.077531405745, 0.018565928912, 0.74745999634, 0.10733137696],
      [0.062115842412, 0.015473888462, 0.82387806863, 0.081234670586, 0.017297529912],
      [0.0023359429354, 0.0079730137959, 0.11764792598, 0.36701138103, 0.50503173627],
      [0.0036067298052, 0.0042643563732, 0.53199470786, 0.27857659519, 0.18155761077],
      [0.0011180097372, 0.078398726818, 0.00063245182369, 0.46689079308, 0.45296001854]
    ],
    [
      [0.43562835974, 0.00014688560901, 0.50599081848, 0.058076916692, 0.0001570194761],
      [0.011670691737, 0.66295701571, 0.00078970850229, 0.23337551921, 0.091207064849],
      [0.06782096129, 0.023061018144, 0.046711125831, 0.8038646083, 0.058542286435],
      [0.074773136485, 0, 0.82715561288, 0.092419916017, 0.0056513346151],
      [0.0051454457515, 0.0031555908704, 0.14186824756, 0.46882889829, 0.38100181754],
      [0.0059211373089, 0, 0.55957242118, 0.31480045395, 0.11970598756],
      [0.0033836366897, 0.059854560067, 0.0049443608368, 0.59246212556, 0.33935531685]
    ],
    [
      [0.3148472914, 0.0076669293889, 0.55198762958, 0.11539780534, 0.0101003443],
      [0, 0.64007471438, 0, 0.24150891269, 0.11841637293],
      [0, 0, 0, 0.89592982782, 0.10407017218],
      [0.013864531453, 0.17951318586, 0.60391301609, 0.17844249594, 0.024266770665],
      [0, 0.005270632284, 0.069720527394, 0.41047735547, 0.51453148485],
      [0, 0.0036980717468, 0.42933225977, 0.37269403542, 0.19427563307],
      [0, 0.045906120711, 0, 0.51325816005, 0.44083571924]
    ],
    [
      [0.36080519379, 0.0051285349228, 0.60992105016, 0.022858243162, 0.0012869779687],
      [0.0052027324622, 0.82016942482, 0.012818325028, 0.081217751114, 0.080591766574],
      [0.060057362988, 0.081134634794, 0.14378179125, 0.6082089501, 0.10681726087],
      [0.045533685855, 0.0063961444171, 0.91931651467, 0.021489392253, 0.0072642628022],
      [0.0026779184459, 0.0084282708732, 0.17361587837, 0.27136494362, 0.54391298869],
      [0.0033942023199, 0.0033428792773, 0.67177452637, 0.17063474859, 0.15085364344],
      [0.0019935734281, 0.094422841801, 0.010049090481, 0.37963176295, 0.51390273134]
    ],
    [
      [0.35397373447, 0, 0.59745761464, 0.048050751977, 0.00051789891164],
      [0.0092799447767, 0.67503681937, 0.0089142922155, 0.20635464779, 0.10041429584],
      [0.057402380287, 0.022417327641, 0.081620336898, 0.76667854098, 0.071881414194],
      [0.05116601633, 0, 0.87662776296, 0.065701622698, 0.0065045980136],
      [0.0033206045278, 0.0035833884151, 0.15829102032, 0.41871634335, 0.41608864338],
      [0.0028871200631, 0, 0.60088486683, 0.26920470093, 0.12702331217],
      [0.0024105527555, 0.063801060728, 0.0082791177885, 0.54481066638, 0.38069860235]
    ],
    [
      [0.2959717444, 0.0060440662594, 0.61460953031, 0.081153458958, 0.0022212000709],
      [0, 0.71473881103, 0, 0.21264662098, 0.072614567989],
      [0.025782786363, 0.055934826238, 0.0077717079243, 0.8517780955, 0.058732583975],
      [0.04034993082, 0.0056438775431, 0.83529085222, 0.10962490848, 0.0090904309355],
      [0.0016044955097, 0.0069514837642, 0.13357353888, 0.4978588218, 0.36001166005],
      [0.001757566332, 0.0033678326215, 0.53837846198, 0.34098967011, 0.11550646896],
      [0, 0.079247614908, 0, 0.61079511459, 0.3099572705]
    ],
    [
      [0.30093821049, 0.00032351036299, 0.65457391024, 0.044164368904, 0],
      [0.0066927245364, 0.7043206796, 0.008653939511, 0.19529265914, 0.085039997215],
      [0.043924869813, 0.034059542154, 0.09116506692, 0.76702459493, 0.06382592618],
      [0.041591425001, 0, 0.89893324633, 0.055421633016, 0.0040536956522],
      [0.0025864267044, 0.0050054581332, 0.17317344166, 0.4351467597, 0.38408791381],
      [0.0031073106896, 0, 0.62288200305, 0.2630916104, 0.11091907586],
      [0.0018380252216, 0.073500321711, 0.0095741437702, 0.56419140991, 0.35089609939]
    ],
    [
      [0.3519379961, 0, 0.58920615062, 0.058855853282, 0],
      [0.010467655297, 0.63896887269, 0.0070103571136, 0.25930601816, 0.084247096741],
      [0.05884296578, 0.0036931455267, 0.075010447918, 0.81433378193, 0.048119658849],
      [0.047979304815, 0, 0.86552743534, 0.083280706266, 0.0032125535778],
      [0.0036330248181, 0.0022028769218, 0.16606914258, 0.49352219734, 0.33457275834],
      [0.0016444636061, 0, 0.5972664, 0.3044285182, 0.09666061819],
      [0.0027743964964, 0.055417574943, 0.0089414929054, 0.6315252197, 0.30134131595]
    ],
    [
      [0.25588814725, 0, 0.70069780344, 0.04341404931, 0],
      [0.038345222824, 0.59943771153, 0.013069488566, 0.24738449551, 0.10176308157],
      [0.049153998017, 0, 0.11407731728, 0.77687227096, 0.059896413751],
      [0.020267399192, 0, 0.9383160719, 0.040907893234, 0.00050863567808],
      [0.0022356112169, 0.0030308789962, 0.1835394605, 0.44104367577, 0.37015037352],
      [5.5970886115e-05, 0, 0.64084715109, 0.25666272101, 0.10243415701],
      [0.0016286843799, 0.052527635267, 0.01161945327, 0.58709369754, 0.34713052954]
    ],
    [
      [0.33081008229, 0.0020121249425, 0.59923267636, 0.064423484846, 0.0035216315627],
      [0.0061803148315, 0.66100355184, 0, 0.21603678589, 0.11677934743],
      [0.039239266877, 0.031281775905, 0.045555577622, 0.79469951403, 0.089223865565],
      [0.046653115381, 0, 0.84858010072, 0.090768187169, 0.013998596733],
      [0.0020588919298, 0.00406372585, 0.13235729246, 0.4085559614, 0.45296412836],
      [0.0022747810187, 0, 0.55207257438, 0.29208153469, 0.15357110992],
      [0.0011380065994, 0.059610760706, 0.0040187599295, 0.52500201668, 0.41023045609]
    ],
    [
      [0.38513454452, 0.0019143018892, 0.54746216593, 0.062070642569, 0.0034183450927],
      [0.0081901420205, 0.65793891496, 0, 0.2164451267, 0.11742581632],
      [0.048638775653, 0.031672221778, 0.03829759628, 0.79196181158, 0.089429594705],
      [0.06141895524, 0, 0.83136264311, 0.093269629787, 0.013948771862],
      [0.0027276123232, 0.0039677366487, 0.12659666914, 0.40982624076, 0.45688174113],
      [0.0038067159336, 0.00019735954063, 0.54030401097, 0.29819773392, 0.15749417963],
      [0.0018354140931, 0.059345048522, 0.0031076344722, 0.52390572466, 0.41180617826]
    ],
    [
      [0.28884234968, 0, 0.65335414638, 0.057002037369, 0.00080146657738],
      [0.0066073251803, 0.65839956215, 0.011881911277, 0.22269162711, 0.10041957428],
      [0.043645657383, 0.013875537246, 0.080570569888, 0.7922975413, 0.069610694185],
      [0.034429392552, 0, 0.88368737209, 0.07471014929, 0.0071730860694],
      [0.0022852682184, 0.0037104424827, 0.15937601374, 0.43309369028, 0.40153458528],
      [0.0022087954236, 0, 0.59829796641, 0.27768045493, 0.12181278324],
      [0.0015835592477, 0.05944206442, 0.0094550251537, 0.5622253701, 0.36729398108]
    ],
    [
      [0.34479498499, 0, 0.6078335509, 0.047371464108, 0],
      [0.011325282815, 0.66530028889, 0.018287192822, 0.21335945712, 0.091727778355],
      [0.062637526152, 0.009465493182, 0.09221268738, 0.77337821255, 0.062306080736],
      [0.04726028079, 0, 0.88195586154, 0.06615750799, 0.004626349679],
      [0.0032882922138, 0.0039958301506, 0.16627554228, 0.44048949274, 0.38595084262],
      [0.0032607013737, 0, 0.60894247995, 0.27402121261, 0.11377560607],
      [0.0030280797381, 0.06206284092, 0.011444667362, 0.57068573578, 0.3527786762]
    ],
    [
      [0.5, 0.099357404979, 0.30953854353, 0.085713276528, 0.0053907749667],
      [0, 0.935532763, 0, 0.041915176043, 0.022552060957],
      [0, 0.1032002962, 0, 0.81099575918, 0.08580394462],
      [0.088048072304, 0.0027809792249, 0.77537626017, 0.11741048623, 0.016384202064],
      [0.0021240708906, 0.0069419403918, 0.051069620242, 0.30983950504, 0.63002486343],
      [0, 0.023917919936, 0.38092291295, 0.37462858139, 0.22053058573],
      [0.001438763716, 0.098960667191, 0.0016460824002, 0.39384953839, 0.5041049483]
    ],
    [
      [0.28928699399, 0, 0.63976548542, 0.068632904296, 0.0023146162941],
      [0.027455265059, 0.57327481514, 0.0085180424392, 0.26752894494, 0.12322293243],
      [0.035187895324, 0, 0.065983634332, 0.82290822111, 0.075920249232],
      [0.030910267427, 0, 0.86994632788, 0.089283897758, 0.0098595069355],
      [0, 0, 0.14613530405, 0.43510423199, 0.41876046396],
      [0, 0, 0.57601610789, 0.29182478557, 0.13215910654],
      [0.0012342927684, 0.043106007443, 0.0071312740776, 0.56456104273, 0.38396738299]
    ],
    [
      [0.41056177965, 0.0061684573187, 0.5275779985, 0.053419032957, 0.0022727315673],
      [0.0069445600894, 0.70937218238, 0, 0.18521729513, 0.098465962392],
      [0.058399521861, 0.053243007496, 0.04147988898, 0.76544233666, 0.081435245007],
      [0.068793849265, 0.0063036165133, 0.8322064369, 0.081578078755, 0.011118018571],
      [0.0034092166666, 0.0063095683185, 0.13452420828, 0.41258074336, 0.44317626337],
      [0.0046791576167, 0.0023374091367, 0.55550655582, 0.28974083156, 0.14773604587],
      [0.0024248058949, 0.074634846871, 0.0038519215532, 0.52295990918, 0.3961285165]
    ],
    [
      [0.37913178495, 0.010662412837, 0.53008737594, 0.074231532619, 0.0058868936521],
      [0, 0.67798388047, 0, 0.20428185121, 0.11773426832],
      [0.029909422426, 0.064604050219, 0, 0.8041591935, 0.10132733385],
      [0.062265997183, 0.045851786749, 0.75837779999, 0.1129153603, 0.020589055779],
      [0.001663408559, 0.0071000067539, 0.10407608567, 0.40236578214, 0.48479471688],
      [0.0020735388884, 0.005819518817, 0.49165050735, 0.31923795112, 0.18121848382],
      [0, 0.068073473244, 0, 0.50436065864, 0.42756586812]
    ],
    [
      [0.39453807142, 0.0094724065544, 0.56032536824, 0.026025071928, 0.0096390818585],
      [0, 0.76344759164, 0, 0.047498785197, 0.18905362317],
      [0.041651190048, 0.14463666768, 0.027705902855, 0.49489413184, 0.29111210758],
      [0.051372034838, 0.012339219174, 0.868575947, 0.034280423213, 0.033432375775],
      [0.00061020227325, 0.010366110175, 0.087732090332, 0.15490862805, 0.74638296917],
      [0.0015289173718, 0.0095413502655, 0.52154654211, 0.14183584228, 0.32554734797],
      [0, 0.086287344274, 0, 0.19145070713, 0.7222619486]
    ],
    [
      [0.32822858533, 0.00094753927395, 0.59501701119, 0.072181690212, 0.003625173989],
      [0, 0.63642541399, 0, 0.24256819549, 0.12100639052],
      [0.037578795009, 0.023708764532, 0.028732102479, 0.82214834708, 0.0878319909],
      [0.046953108798, 0, 0.83674866691, 0.10228653816, 0.014011686129],
      [0.0019948418116, 0.0035858516759, 0.12321573968, 0.42048332527, 0.45072024156],
      [0.0028412905627, 8.5375854277e-05, 0.53337452776, 0.30829548273, 0.1554033231],
      [0.00094501275646, 0.054295662443, 0.0020735175375, 0.53820385954, 0.40448194772]
    ],
    [
      [0.40465856383, 0.0028793879772, 0.51072418422, 0.077398918645, 0.004338945335],
      [0, 0.64677579303, 0, 0.23370877509, 0.11951543188],
      [0.038209980256, 0.036371255618, 4.6463190018e-05, 0.83266142642, 0.092710874512],
      [0.064695366859, 0.00098424184207, 0.80284283673, 0.11535596108, 0.016121593483],
      [0.0017115304993, 0.0042732689391, 0.099444360908, 0.42978606642, 0.46478477324],
      [0.0031773986284, 0.00094011486728, 0.47954428462, 0.34176071446, 0.17457748743],
      [0, 0.056886076474, 0, 0.53549795579, 0.40761596774]
    ],
    [
      [0.36810433989, 0.0035353228754, 0.56476240612, 0.060802708729, 0.0027952223778],
      [0.0038083400217, 0.70116236747, 0, 0.19371260891, 0.1013166836],
      [0.042249695725, 0.044556885396, 0.036218594447, 0.79248847314, 0.084486351297],
      [0.05397693678, 0.0015198762797, 0.8462965781, 0.086565444796, 0.011641164048],
      [0.0024604097477, 0.0051590172009, 0.12755204189, 0.41189402913, 0.45293450203],
      [0.0030529141371, 0.0020936938208, 0.54888279595, 0.29533965682, 0.15063093927],
      [0.001430280716, 0.068333900056, 0.0032382785782, 0.52355356004, 0.40344398061]
    ],
    [
      [0.48006908199, 0.032759104983, 0.48717181303, 0, 0],
      [0.017874699249, 0.82398810528, 0.0072947271175, 0.068091762318, 0.082750706034],
      [0.12650093241, 0.10818817364, 0.074798108107, 0.5896695457, 0.10084324015],
      [0.099032743955, 0.027858934624, 0.85464672752, 0.014690807982, 0.0037707859174],
      [0.0065733864291, 0.012055550374, 0.14876252116, 0.2794002236, 0.55320831843],
      [0.013987866725, 0.019204857722, 0.61955539317, 0.17464927242, 0.17260260997],
      [0.0052284364833, 0.11206477281, 0.0066304934019, 0.36885006717, 0.50722623013]
    ],
    [
      [0.37918418363, 0, 0.54800612786, 0.07174975155, 0.001059936963],
      [0.0085596839755, 0.66314220311, 0, 0.25098840993, 0.077309702985],
      [0.047644221324, 0.021024511291, 0.035785670937, 0.84480466947, 0.050740926977],
      [0.05794954926, 0, 0.82940627107, 0.10584049914, 0.006803680537],
      [0.0031946596424, 0.0044219898609, 0.1455167472, 0.51182613565, 0.33504046764],
      [0.0034730926235, 0, 0.55717947806, 0.33640019259, 0.10294723673],
      [0.0021421485507, 0.062923980079, 0.003766170945, 0.63802216072, 0.29314553971]
    ],
    [
      [0.38049151861, 0, 0.54166732117, 0.074662753171, 0.0031784070493],
      [0.0074934910569, 0.62115301169, 0, 0.2568513485, 0.11450214875],
      [0.042636351466, 0.01741287895, 0.022974046724, 0.83877228287, 0.078204439988],
      [0.05842281579, 0, 0.81455889023, 0.11404811681, 0.012970177173],
      [0.0025077610735, 0.0029502597261, 0.12105372054, 0.44877872084, 0.42470953783],
      [0.0032452205188, 0, 0.51750663386, 0.3324712342, 0.14677691142],
      [0.0015110617422, 0.05201019393, 0.0014203989954, 0.56741013664, 0.37764820869]
    ],
    [
      [0.34379918183, 0.0065515465309, 0.595009206, 0.052420514232, 0.0022195514111],
      [0.0055853787212, 0.74717465222, 0.0014296690386, 0.1578706388, 0.087939661228],
      [0.044320193179, 0.070544074756, 0.055829693825, 0.74739583235, 0.081910205889],
      [0.050709886038, 0.011558037152, 0.86059311256, 0.067342144854, 0.009796819399],
      [0.0023721096027, 0.0094178002921, 0.14603710261, 0.39660443697, 0.44556855052],
      [0.003325399504, 0.0035017380578, 0.5819820285, 0.26895454105, 0.14223629289],
      [0.0016580745785, 0.086417474822, 0.0052845176094, 0.507225436, 0.39941449699]
    ],
    [
      [0.44527026408, 0.0046585747343, 0.50463663397, 0.041720826591, 0.0037137006309],
      [0.011768146176, 0.68486014933, 0.00075635705123, 0.16945098654, 0.1331643609],
      [0.071103895147, 0.044113998242, 0.049707551744, 0.72087928519, 0.11419526968],
      [0.082745994691, 0.0045101846042, 0.83086372512, 0.065691825473, 0.01618827011],
      [0.0038203027712, 0.0048665078867, 0.1206721728, 0.33710991126, 0.53353110528],
      [0.0060742989458, 0.0016297913085, 0.54217504952, 0.25695538819, 0.19316547203],
      [0.0028392238805, 0.064493768469, 0.0042666971018, 0.43922929961, 0.48917101094]
    ],
    [
      [0, 0.062138283369, 0.81087424794, 0.11563957175, 0.011347896938],
      [0, 0.81143219958, 0, 0.12107564311, 0.067492157316],
      [0, 0.075640263329, 0, 0.83097380195, 0.093385934723],
      [0, 0.20692389812, 0.63961144536, 0.12481620675, 0.028648449773],
      [0, 0.0075771209376, 0.099625640194, 0.37645561954, 0.51634161933],
      [0, 0.0018834992691, 0.51469895511, 0.31263926595, 0.17077827968],
      [0, 0.09478070257, 0, 0.47197523409, 0.43324406334]
    ],
    [
      [0.37019185149, 0.0066502812163, 0.57434911442, 0.048528424563, 0.00028032830936],
      [0.0080816982355, 0.7296348979, 0.0036417961145, 0.18087224844, 0.077769359318],
      [0.052969325736, 0.051459022089, 0.060976172092, 0.77057432928, 0.064021150804],
      [0.059258663608, 0.0060877974971, 0.85755989468, 0.07068388575, 0.0064097584685],
      [0.0033089131689, 0.0064380676829, 0.15629351253, 0.44477077414, 0.38918873248],
      [0.0043413564983, 0.0024883230601, 0.59068207678, 0.28446844494, 0.11801979873],
      [0.0024492086339, 0.082842685507, 0.0066224187388, 0.56160853384, 0.34647715328]
    ],
    [
      [0.35387676834, 0.0014998539485, 0.58761925579, 0.052579344129, 0.0044247777959],
      [0.007366711633, 0.66276084435, 0.0023091144585, 0.19570719442, 0.13185613513],
      [0.047137252401, 0.033843614097, 0.058188875404, 0.75569277393, 0.10513748416],
      [0.052789407499, 0, 0.85770621687, 0.074022111632, 0.015482263999],
      [0.0024079833884, 0.0040450268531, 0.13084922857, 0.36391223989, 0.4987855213],
      [0.0033235821184, 0.00044872279586, 0.55879670855, 0.26468788448, 0.17274310206],
      [0.0016232613957, 0.058981959675, 0.005504200304, 0.47502874325, 0.45886183538]
    ],
    [
      [0.3384054801, 0, 0.62869446639, 0.032900053511, 0],
      [0.057602295398, 0.58181191018, 0.019379886581, 0.23622374922, 0.10498215863],
      [0.067917736621, 0, 0.11505483714, 0.75627006623, 0.060757360008],
      [0.043916004211, 0, 0.90902838725, 0.047055608542, 0],
      [0.0038516156039, 0.0021989593747, 0.17748215906, 0.42947084056, 0.3869964254],
      [0.0054071391975, 0, 0.63014888252, 0.25756011831, 0.10688385997],
      [0.0034280199916, 0.051886011251, 0.013040100803, 0.56978289399, 0.36186297397]
    ],
    [
      [0.37002317763, 0, 0.58213374307, 0.047843079295, 0],
      [0.024755366921, 0.63569035943, 0.018399135081, 0.22767723962, 0.093477898954],
      [0.069523459443, 0, 0.091604349902, 0.77968883965, 0.059183351007],
      [0.049106227521, 0, 0.87990953053, 0.067847722633, 0.0031365193117],
      [0.0041147195203, 0.001926881562, 0.16574027638, 0.44658222938, 0.38163589315],
      [0.0014982257986, 0, 0.60798897003, 0.27885484941, 0.11165795477],
      [0.0033442746421, 0.056844203901, 0.010635757899, 0.58057099485, 0.34860476871]
    ],
    [
      [0.32022934681, 0.00035351640583, 0.62105761245, 0.057507036481, 0.00085248785457],
      [0.0077294239094, 0.67061985623, 0.0088282049872, 0.22262306291, 0.09019945196],
      [0.046562777597, 0.019223380187, 0.079981002355, 0.79427233454, 0.059960505317],
      [0.042051838471, 0, 0.87752028199, 0.075426022531, 0.0050018570099],
      [0.0027978341827, 0.0029000130217, 0.16410470739, 0.45063541318, 0.37956203223],
      [0.002077718165, 0, 0.6011479262, 0.2842541619, 0.11252019374],
      [0.0021011952111, 0.061485602973, 0.011558755398, 0.58082929053, 0.34402515589]
    ],
    [
      [0.32163855048, 0, 0.62228696903, 0.055377005734, 0.00069747475648],
      [0.010942776738, 0.64190249108, 0.014072466244, 0.23762393505, 0.095458330887],
      [0.053228328587, 0, 0.092774479564, 0.79505898411, 0.058938207738],
      [0.034921417053, 0, 0.88996447227, 0.071144363888, 0.0039697467925],
      [0.0026945139952, 0.0037545157965, 0.163482766, 0.45057206908, 0.37949613513],
      [0, 0, 0.61097010087, 0.27945779211, 0.10957210702],
      [0.0023649265748, 0.051434745911, 0.015647516057, 0.58474716979, 0.34580564166]
    ],
    [
      [0.28544929372, 0.0018183944547, 0.64608429788, 0.061435559509, 0.0052124544409],
      [0.0059964047728, 0.57272310127, 0.0004264691162, 0.2235552953, 0.19729872955],
      [0.032966675698, 0.019102764166, 0.045837964324, 0.75295890343, 0.14913369239],
      [0.034917809356, 0, 0.86000551207, 0.076620150305, 0.028456528264],
      [0.0012993970414, 0.0020547199666, 0.11056272445, 0.31274901305, 0.5733341455],
      [0.0022756796118, 0.00033130946878, 0.52852488388, 0.25226118987, 0.21660693717],
      [0.0007652948938, 0.036023549915, 0.0032237728528, 0.41913697238, 0.54085040996]
    ],
    [
      [0.36759688759, 0, 0.57313068924, 0.058592154577, 0.00068026859757],
      [0.010834953952, 0.63987699408, 0.007918530035, 0.23893094404, 0.1024385779],
      [0.062078710075, 0.0057718386488, 0.066735178172, 0.79857916838, 0.066835104727],
      [0.050935290361, 0, 0.85701654011, 0.084902117683, 0.007146051845],
      [0.0034189498696, 0.0026875722363, 0.14909473797, 0.44663302129, 0.39816571863],
      [0.002655358382, 0, 0.57628737927, 0.29626426113, 0.12479300122],
      [0.0027107730458, 0.055449443733, 0.0076469490753, 0.57385029173, 0.36034254242]
    ],
    [
      [0.39175815978, 0.011984407201, 0.5543417779, 0.041915655116, 0],
      [0.0080844194659, 0.77478375463, 0.0035103114636, 0.14137339691, 0.072248117531],
      [0.059085473483, 0.083029481589, 0.058898679692, 0.73233062456, 0.066655740671],
      [0.063707662776, 0.022627735556, 0.85516592191, 0.054507095509, 0.0039915842446],
      [0.0037104680075, 0.01345808733, 0.15795102306, 0.41138493779, 0.41349548381],
      [0.0046137963701, 0.0067716178507, 0.59789443684, 0.26511869563, 0.12560145331],
      [0.0026300898644, 0.099989094508, 0.0064514831585, 0.52241639042, 0.36851294205]
    ],
    [
      [0.40517451273, 0.010352007208, 0.52418394995, 0.054825148378, 0.005464381735],
      [0, 0.7031180437, 0, 0.17148265233, 0.12539930397],
      [0.05251903653, 0.070285943562, 0.017562593832, 0.74659018696, 0.11304223911],
      [0.065273985085, 0.012416288298, 0.82046995124, 0.083170532745, 0.018669242636],
      [0.0024725395882, 0.007069789102, 0.11459771819, 0.36059637829, 0.51526357484],
      [0.0036416137251, 0.0046777517257, 0.52374083905, 0.27815715383, 0.18978264167],
      [0.0012002840401, 0.073112511556, 0.0001653988787, 0.46054855663, 0.46497324889]
    ],
    [
      [0.49947381018, 0.0063876347281, 0.43245440579, 0.060240391331, 0.0014437579781],
      [0.0041585156551, 0.71730491244, 0, 0.20583148654, 0.072705085364],
      [0.076805567972, 0.050459665804, 0.012756046243, 0.80271159676, 0.057267123218],
      [0.097292814187, 0.0059322852322, 0.78385207014, 0.10405461191, 0.0088682185307],
      [0.0047676947711, 0.0062049021789, 0.1296432759, 0.49386600308, 0.36551812407],
      [0.0066544940515, 0.0017980782405, 0.52785612868, 0.34342234732, 0.12026895171],
      [0.0036095974562, 0.079904360475, 0.0019778008587, 0.60131466748, 0.31319357373]
    ]
  ],
  "expected_outcome": [
    [
      [43.3420394637, 37.4400903752, 12.0686319606, 35.9288322711, 20.7337652176, 24.9232532598, 39.2904861871, 37.662500304, 10.2482165139, 16.2047564322, 79.4012842348, 23.4025436398, 15.6826209506, 0.94454187419, 0.72161038758, 29.0258462266, 10.0630393097, 81.2533168321, 34.841861614, 21.7504925165, 39.6972098746, 43.1350689864, 43.3263524513, 56.8911725238, 2, 7.2321748498, 82.9334794897, 12.8904806883, 0.78907614283, 6.5645717067, 10.1164640957, 2.2086260394, 9.6013816397, 29.1971821392, 20.9270335234, 6.5321844547, 58.7756748581, 0, 46.6441732873, 56.9741597021, 78.5100713829, 13.6908575725, 9.2866510576, 3.8596626057, 1.1417971749, 116.1606164775, 14.8868100718, 183.5440542677, 114.3795025303],
      [0.2096531556, 0.53426854626, 0.20973237623, 0.46373169289, 0.41694081437, 0, 0, 0.10334652757, 0.12983555146, 0.23298716807, 0.89945857797, 0.78853196044, 0.0052878819244, 0.023000788167, 0.010257069846, 0, 0.20549825282, 0.087347798007, 0, 0, 0.2414549931, 0.21440181159, 0, 0, 0.39742961991, 0, 1.2460283784, 0.36252203644, 0.018944813109, 0.018950785479, 0.071984699431, 0.021211937252, 0.65518209967, 0, 0, 0.12447938409, 0.61493186493, 0.24855313348, 0.83793543326, 0.24147648571, 0, 0, 0.010251975769, 0, 0.0072735778188, 0, 0.45540747364, 4.6894592653, 1.4627683527],
      [57.0754644292, 53.5612049592, 18.8703803114, 56.1734757415, 25.2215342677, 26.8014786757, 61.1981744793, 45.8774363033, 10.4517612831, 18.7958178185, 121.4484462995, 31.3180987996, 18.2156694654, 1.6559628887, 1.2198421003, 48.9915244006, 20.8967240305, 176.7349557658, 58.331408911, 59.5593132922, 71.9079211633, 61.3157625839, 98.0031219569, 100.2925358983, 1.2381541741, 15.9941371355, 106.570755698, 18.022970782, 1.1206507365, 11.9003402238, 12.7681046054, 3.3885744367, 9.7434362606, 42.1964718453, 29.7917026645, 11.305174914, 66.6120356838, 3.2434969918, 72.3679884175, 94.6067001822, 145.8571162026, 21.5389484936, 18.0106707609, 7.4674436284, 2.5843371915, 181.1092977993, 21.0649875602, 237.4553293259, 99.0320589253],
      [7.1361388833, 6.2975248285, 1.6918588474, 7.1583982133, 3.3268691695, 3.9944988347, 5.5113393336, 5.8977211605, 1.1120521323, 2.5636553079, 12.4108899226, 3.1864832235, 2.0907690009, 0.34619341601, 0.045716486323, 3.9401616621, 2.7592176046, 11.9243796041, 5.8267294749, 3.6901941913, 7.7308181815, 6.9519119678, 8.5503056053, 7.8162915778, 0.34285310611, 1.7158226074, 10.7906446573, 2.5238721091, 0.052050143856, 1.4436338042, 1.9349729661, 0.36481625238, 0, 5.5247308693, 4.1064514244, 0.9959897704, 5.50714911, 0.46255828699, 6.1145814949, 8.4652744048, 7.6328124145, 1.7701939339, 1.667704058, 0.6645240688, 0.24574223804, 18.5151208464, 1.5927948944, 24.8357922151, 13.7950496147],
      [0.23670406823, 0.16691129086, 0.15939650443, 0.27556208117, 0.30089053077, 0.28076922974, 0, 0.45899570461, 0.058134519249, 0.2027832733, 0.83992096509, 0.30434237667, 0.0056527011396, 0.0303010329, 0.0025739559373, 0.042467710755, 0.075520802412, 0, 0, 0, 0.42259578752, 0.38285465038, 0.12021998661, 0, 0.021563099867, 0.057865407351, 0.45909177659, 0.20015438417, 0.019278163717, 0.07250347978, 0.10847363337, 0.016771334267, 0, 0.081615146154, 0.17481238771, 0.042171476811, 0.49020848328, 0.045391587754, 0.03532136698, 0.71238922515, 0, 0, 0.024722147783, 0.0083696970778, 0.020849817764, 0.21496487683, 0, 2.475364926, 0.33062057699]
    ],
    [
      [0.94055363861, 0.37489479022, 0.1888062497, 0, 0, 0.19330157669, 1.0161981777, 0.30701630642, 0.30226986182, 0, 1.7174388259, 0, 0.18673106779, 0, 0.015608197387, 0.61247635526, 0, 0.89682508788, 0.82694476849, 1.7255350271, 0.83434250225, 0.96643675842, 1.0307427281, 2.3443335426, 0, 0.6040158313, 2.5208753125, 0, 0, 0, 0, 0.064741780368, 0.25024578948, 0.68477471804, 0.67441419512, 0.21224439141, 0.91791540172, 0, 0.71118944472, 0.54513666085, 7.949116765, 1.1387468784, 0.38647119547, 0.24074108823, 0.029982023864, 3.6838843438, 0.67100681567, 0, 1.0687385234],
      [138.7448108421, 82.0416587427, 25.6521210611, 401.11273276, 81.1895922375, 56.3474390054, 58.0435466955, 90.2110284167, 43.4162469103, 74.8945546285, 249.4229285076, 60.6516647246, 10.6073122513, 3.2003735719, 2.4605082745, 44.5524300787, 37.1664181734, 94.3789710666, 50.4785409424, 26.974697019, 89.235479499, 77.6367919648, 102.7103316953, 137.7171598009, 0.935532763, 12.612045933, 257.5021022057, 51.5267749156, 7.6344759164, 52.1868839474, 40.7468749608, 11.919760247, 11.5358334739, 53.051376249, 55.9037710523, 28.3926367842, 53.4190916479, 3.2457287983, 64.2078710148, 49.0443024821, 80.2900436043, 29.2417565337, 33.5309928115, 14.1218548037, 2.8636155064, 217.5581779866, 64.307051634, 603.9783995349, 184.3473624965],
      [0, 0, 0, 0, 0, 0, 0.91190450544, 0, 0, 0, 0, 0, 0.012635336037, 0, 0.038454975085, 0.58834328622, 0, 1.1596278945, 0.55381821198, 0.58812698547, 0, 0, 1.8535781592, 3.7854489142, 0, 0.18739693366, 0, 0, 0, 0, 0, 0, 0.10212617964, 0, 0, 0.054327423468, 0.058995849996, 0, 0.32047805808, 0.17087446993, 2.6744243481, 0.84636021374, 0.44141024936, 0.30959425736, 0.002132345581, 2.6923002119, 0.29135585148, 0, 0],
      [47.3772800152, 23.7534083208, 5.8092476737, 129.397769003, 21.8039159941, 22.5174886232, 20.2079719296, 31.5982296598, 10.8801857065, 22.434052867, 72.0775512259, 13.7578150135, 3.7340083073, 1.2075445635, 0.24365325334, 13.6194067541, 11.0576242912, 26.1692163243, 20.4851754346, 11.1323022981, 29.1649660957, 25.5405249509, 34.7398938297, 44.1654076228, 0.041915176043, 5.8856367886, 67.2338781336, 15.5254206919, 0.47498785197, 19.8905920299, 14.7236528309, 3.2931143514, 0.95328467246, 20.0790727942, 23.1166213647, 5.9990842742, 13.2171769502, 0.48430257243, 15.9167578624, 14.4823323873, 32.5988773923, 10.4731530223, 11.1311531457, 5.2277265712, 1.1177764765, 81.2365209732, 11.7339919438, 147.3035983528, 52.8986920414],
      [19.9373555041, 9.8300381462, 4.3498250156, 55.4894982371, 15.0064917684, 12.9417707947, 8.8203786917, 18.8837256171, 6.4012975214, 14.6713925045, 43.7820814406, 9.5905202618, 1.4593130376, 0.59208186463, 0.24177529972, 6.6273435257, 3.7759575354, 11.3953596268, 6.6555206425, 4.5793386705, 15.765211903, 13.8562463259, 15.6654535876, 18.9876501194, 0.022552060957, 2.7109045134, 35.7431443482, 8.9478043925, 1.8905362317, 9.9225240227, 7.5294722083, 1.7223836213, 1.1585098845, 6.1847762388, 10.3051933879, 3.3417071267, 10.3868201501, 0.26996862927, 6.84370362, 9.7573539998, 14.4875378903, 4.2999833519, 4.509972598, 2.1000832795, 0.98649364773, 34.8291164846, 5.996593755, 107.7180021123, 18.6852069387]
    ],
    [
      [26.7934912999, 16.3032392847, 6.0679529297, 23.4627946965, 10.1179870492, 9.7826017374, 14.3931674601, 17.6089215669, 7.396394754, 9.3505751084, 28.2456262827, 8.2506970639, 7.4603057419, 0, 1.0209751708, 12.5137189025, 5.2339056318, 24.2904530067, 17.8294186315, 9.4375676194, 18.5994124997, 23.3952510892, 15.5814996856, 26.8714987191, 0, 2.2872131961, 42.5148519149, 3.439583579, 0.99962856116, 4.171246246, 5.9225469398, 2.4082326564, 3.1625233101, 12.9115839787, 10.3179970547, 5.8945856928, 14.007467344, 0, 13.9309326687, 14.1411757203, 27.9821074879, 6.8132990254, 7.5431699707, 3.4598413581, 2.7692007587, 49.4146532198, 8.1537953407, 75.7324506766, 50.4612581577],
      [16.1696637333, 16.2304189696, 7.564134494, 33.1754829188, 17.7121624986, 3.4936781005, 1.4215104194, 9.2122732899, 5.9281582966, 12.528584971, 24.7244272607, 13.0252761652, 2.5367119959, 0, 1.3792887915, 4.8869774257, 11.3547697263, 18.8349268113, 1.1190230946, 0, 14.8275617788, 15.2343386752, 4.9535667969, 4.0606965751, 0.61920177721, 0, 38.7609094569, 7.4294657752, 3.4712800242, 2.6316728631, 5.6375446208, 2.5397424676, 2.7047043409, 5.6976425597, 4.2139167059, 9.3823619426, 8.6904576537, 0.45384157997, 13.5337228093, 10.1530842291, 0, 0, 3.1141875902, 0, 1.60463219, 4.5943835644, 11.4580684594, 101.3523306171, 33.1520004334],
