{
  "Z_true": {},
  "V_true": [
    [1553, 898, 643, 154],
    [552, 5197, 287, 419],
    [456, 168, 22341, 1102],
    [181, 572, 381, 279],
    [119, 216, 1185, 755]
  ],
  "p_true": [
    [0.4781, 0.2765, 0.198, 0.0474],
    [0.0855, 0.8051, 0.0445, 0.0649],
    [0.0189, 0.007, 0.9283, 0.0458],
    [0.1281, 0.4048, 0.2696, 0.1975],
    [0.0523, 0.0949, 0.5209, 0.3319]
  ],
  "Z_est": [
    [
      [3.9719, 1.6726, 0.5704, 23.516, 33.2268, 6.8126, 2.8098, 6.5541, 13.0283, 6.5949, 13.4416, 31.6134, 14.2968, 33.0335, 40.8641, 45.5039, 38.0878, 23.8924, 78.3785, 39.4886, 86.3432, 71.2579, 0.532, 32.6033, 8.4386, 5.0789, 47.782, 32.9838, 3.2371, 1.7046, 3.2059, 0.4946, 3.6644, 29.045, 29.2303, 7.2723, 19.92, 2.3118, 31.3154, 10.0201, 74.0964, 23.6486, 34.7881, 6.3823, 12.7334, 4.4238, 132.1919, 28.3633, 138.4765, 32.2034],
      [0.6827, 0.4196, 0.2473, 3.3692, 9.7207, 0.6142, 1.443, 0.2547, 5.0793, 4.8778, 7.9224, 5.6767, 8.596, 7.5949, 17.4458, 10.2206, 2.9845, 2.5978, 9.1389, 3.1694, 14.137, 20.2294, 0.2599, 5.2175, 1.1237, 1.7328, 12.0531, 5.1328, 0.9955, 0.0714, 0.2218, 0.5673, 2.2397, 3.5297, 3.9022, 0.7444, 1.7148, 1.0378, 3.6279, 2.1301, 11.7215, 2.15, 4.7747, 3.1954, 5.1509, 0.4369, 27.5629, 6.6626, 37.208, 7.7514],
      [1.9864, 0.808, 0.1823, 22.4067, 31.538, 4.4572, 7.2779, 3.9921, 3.9286, 2.0674, 6.8193, 34.7335, 5.2446, 42.1964, 38.9223, 52.8791, 43.774, 24.3534, 71.5155, 31.8741, 86.4349, 75.7187, 1.1372, 36.7631, 8.5818, 9.2474, 44.3766, 40.5272, 1.5813, 2.206, 2.7845, 0.8126, 0.8229, 28.0946, 35.6884, 6.289, 19.24, 7.4297, 36.2945, 13.7559, 93.1857, 34.6983, 39.2193, 10.6312, 18.8545, 3.7615, 168.176, 23.1737, 119.3507, 35.5562],
      [0.359, 0.0998, 0, 2.7081, 3.5145, 0.1163, 0.4693, 0.1991, 0.9638, 0.4599, 1.8167, 1.9764, 1.8625, 5.1752, 3.7678, 4.3963, 3.1537, 2.1571, 8.967, 2.4679, 10.0848, 8.794, 0.0708, 5.4162, 0.8558, 0.9409, 6.7884, 5.3563, 0.1861, 0.018, 0.7878, 0.1255, 0.273, 3.3307, 3.1791, 0.6943, 3.1252, 1.2206, 2.7622, 1.0939, 5.9964, 4.5031, 4.2179, 0.7909, 2.2612, 0.3779, 12.0692, 2.8004, 15.9648, 3.489]
    ],
    [
      [0.4499, 0.4224, 0.6128, 2.6591, 3.4437, 2.2899, 0.3662, 4.3536, 12.2969, 9.1049, 6.8969, 5.1307, 10.6085, 1.43, 5.9789, 3.1738, 6.681, 1.7395, 6.1682, 8.9221, 6.8809, 6.8089, 0.0093, 2.382, 2.3492, 0.9411, 5.2523, 1.935, 1.3242, 1.3405, 0.1878, 0.04, 6.3906, 2.6918, 3.7847, 1.2973, 2.6218, 0.0712, 2.3997, 0.6937, 4.8042, 2.5841, 3.4361, 0.2324, 0.4455, 0.3748, 10.0221, 4.4421, 18.6439, 2.4489],
      [4.9891, 6.1902, 9.3721, 75.4387, 109.6842, 10.9927, 31.428, 20.0176, 300.3299, 229.5537, 254.1639, 118.4358, 408.6719, 63.927, 201.3392, 136.7505, 111.6142, 59.1247, 195.7716, 107.3666, 209.5948, 246.4215, 0.9402, 96.5178, 47.2471, 52.1693, 208.1143, 67.9108, 29.4724, 6.5879, 2.9859, 1.8067, 194.5391, 73.623, 74.1835, 30.5399, 43.0944, 7.6379, 80.7369, 46.2332, 170.8533, 75.3621, 123.5774, 12.2349, 33.2126, 9.3478, 493.7952, 111.9701, 519.5355, 83.3487],
      [0, 0.0039, 0.0151, 0.0751, 0.0509, 0.1327, 0.2609, 0.859, 0.2076, 0.1032, 0.0708, 0.2431, 0.2106, 0.0216, 0.2218, 0.0854, 0.3777, 0.0161, 0.0469, 0.2708, 0.0792, 0.1119, 0.0001, 0.0485, 0.199, 0.1474, 0.1165, 0.0189, 0.0397, 1.4349, 1.4563e-06, 7.9393e-06, 0.0506, 0.0535, 0.2138, 0.0445, 0.035, 0.0063, 0.0804, 0.0353, 0.1793, 0.212, 0.2303, 0.0022, 0.002, 0.0028, 0.6561, 0.1474, 0.4192, 0.0814],
      [0.561, 0.3835, 0, 11.8271, 9.8213, 0.584, 3.9449, 3.769, 24.1656, 16.2387, 25.8685, 11.1904, 43.5095, 6.6215, 15.4601, 11.9903, 18.3271, 8.1196, 30.0133, 17.4405, 27.4451, 25.6577, 0.0506, 18.0517, 10.2047, 7.7423, 27.5169, 10.1353, 2.1637, 0.6361, 0.8263, 0.1534, 15.0197, 11.6316, 10.818, 6.1183, 12.2488, 1.2846, 10.7831, 6.0378, 16.1633, 16.8418, 20.7562, 0.5312, 2.3399, 1.2746, 53.5266, 12.4404, 53.4013, 7.121]
    ],
    [
      [1.2279, 1.807, 0.6692, 20.1102, 27.0421, 2.3482, 1.7164, 9.5455, 7.2194, 2.3323, 4.7126, 19.5995, 6.1049, 25.809, 24.3017, 40.4902, 42.4741, 24.1625, 80.7844, 32.0852, 71.8091, 50.5842, 0.4504, 32.985, 4.9882, 2.4156, 41.2284, 26.6621, 3.9114, 1.7261, 1.9971, 0.4655, 3.0651, 26.2381, 24.6933, 6.932, 16.8293, 1.4531, 30.6734, 10.8806, 66.7238, 21.5306, 34.4152, 4.2448, 10.8384, 4.632, 128.2757, 23.9876, 111.1264, 25.0945],
      [0.0003, 0.1026, 0.1814, 0.2217, 2.6789, 0.0001, 0.8968, 0.0137, 2.9477, 0.8495, 2.0244, 0.1598, 5.9864, 2.7645, 3.4753, 5.4534, 0.5585, 0.8651, 2.3086, 0.0932, 2.7293, 4.7826, 0.2477, 1.5702, 0.0398, 0.2796, 4.5105, 1.0383, 0.3326, 0.0009, 9.6864e-06, 1.6261, 2.3507, 0.5754, 0.7031, 0.0399, 0.0349, 0.274, 1.2689, 1.4397, 5.0419, 0.1417, 1.6055, 1.6662, 3.3651, 0.1107, 16.6203, 0.8324, 6.051, 3.0045],
      [8.345, 9.7099, 5.1494, 324.753, 359.6887, 16.4987, 96.4524, 67.1078, 106.1278, 25.3696, 105.847, 337.7555, 130.7047, 502.3384, 383.4284, 831.6187, 930.536, 448.2586, 1244.0119, 388.8941, 1131.0741, 904.704, 18.6111, 680.8884, 96.0886, 97.4227, 703.2482, 521.8718, 32.39, 23.125, 22.2303, 6.1874, 28.2776, 408.9928, 490.9576, 112.5405, 247.655, 92.4049, 660.956, 362.0988, 1475.4546, 622.5244, 748.8504, 79.9775, 278.9702, 60.7953, 3325.2568, 279.8515, 1361.905, 415.3326],
      [0.4269, 0.3805, 0, 20.9151, 20.5903, 0.1535, 4.9343, 1.3336, 4.705, 1.448, 6.416, 10.4852, 10.2033, 28.0881, 17.7945, 40.4377, 36.4314, 27.7134, 92.895, 14.9275, 70.3875, 57.9292, 0.6904, 54.5564, 4.8833, 5.8822, 60.0129, 33.4277, 1.3659, 0.1485, 2.7725, 0.7211, 2.3067, 25.1937, 18.646, 7.4876, 18.4808, 5.868, 30.1017, 23.5809, 50.7797, 32.8033, 44.1288, 3.1106, 19.8262, 3.4619, 157.8472, 15.3285, 83.9176, 18.5683]
    ],
    [
      [0.1971, 0, 0, 0.6238, 0.6772, 0, 0.0312, 0.2387, 0.8421, 0.5432, 0.7881, 1.3811, 0.8148, 0.1814, 0.6438, 0.8921, 0.9455, 1.1999, 2.8492, 1.5114, 2.5309, 1.7997, 0.0083, 0.7485, 0.7113, 0.2593, 0.8153, 0.8641, 0.0529, 0.0852, 0.3339, 0, 0.4749, 0.6032, 0.3915, 0.4504, 0.6838, 0.038, 1.097, 0.3631, 1.6675, 0.8774, 0.7562, 0, 0.1359, 0.1489, 3.3531, 0.4179, 2.1929, 0.0551],
      [1.0958, 0, 0, 9.3356, 17.0504, 0, 2.3174, 0.563, 23.4951, 10.1047, 35.8697, 20.6944, 26.8999, 6.963, 21.2525, 24.1, 13.9084, 16.8117, 38.5046, 12.1239, 39.5147, 43.7261, 0.5522, 12.5035, 7.2284, 9.5929, 20.4643, 13.8476, 1.3871, 0.2608, 1.6153, 0, 10.1244, 8.4648, 7.0044, 4.8797, 5.2873, 1.5985, 15.9884, 10.1715, 33.5552, 11.4835, 12.4539, 0, 8.0413, 1.7336, 85.809, 8.6797, 50.52, 2.5246],
      [0.1779, 0, 0, 3.6996, 3.7918, 0, 0.5774, 0.6767, 1.0304, 0.7572, 1.2613, 8.91, 1.4852, 1.9561, 2.7079, 8.6883, 13.8291, 10.986, 18.3596, 7.7557, 17.2654, 11.7642, 0.2516, 6.0955, 3.3143, 2.2003, 3.4827, 8.1474, 0.0835, 0.4882, 1.4617, 0, 0.7572, 3.8636, 4.9093, 2.6168, 4.2465, 1.1657, 12.1721, 5.2838, 21.7434, 13.8027, 6.5249, 0, 1.8161, 0.9363, 41.3043, 1.5541, 8.8235, 0.4247],
      [0.5293, 0, 0, 6.341, 7.4807, 0, 1.0741, 0.5217, 7.6324, 3.595, 12.0809, 9.0144, 12.8002, 2.8994, 7.3959, 10.3196, 11.317, 12.0024, 28.2866, 8.609, 24.6891, 21.71, 0.1882, 10.6525, 5.7459, 4.9475, 11.2377, 10.1408, 0.4765, 0.1658, 2.5892, 0, 3.6436, 6.0684, 4.6947, 4.053, 6.7824, 1.1978, 10.7425, 6.1817, 16.034, 12.8364, 9.265, 0, 3.0067, 1.1813, 42.5336, 4.3483, 25.4636, 0.9956]
    ],
    [
      [0.1533, 0.098, 0.1477, 2.0909, 1.6102, 0.5493, 0.0763, 0.3081, 1.6132, 0.4246, 1.1609, 3.2754, 1.175, 1.5461, 2.2115, 2.9399, 3.8115, 2.0057, 6.8196, 2.9927, 5.4359, 5.5492, 0, 2.2812, 0.5126, 0.3051, 3.922, 2.555, 0.4743, 0.1436, 0.2753, 0, 0.405, 2.4219, 1.9001, 1.048, 0.9451, 0.1259, 2.5146, 1.0426, 5.7082, 1.3593, 2.6044, 0.1405, 0.8468, 0.4205, 9.1574, 1.7892, 7.5603, 2.1981],
      [0.2321, 0.2876, 1.1992, 4.6348, 6.8658, 0.393, 0.9148, 0.151, 21.148, 5.6143, 17.0196, 9.0332, 27.8457, 3.7506, 15.4872, 11.4755, 5.9344, 3.6007, 10.2762, 3.247, 11.0243, 23.8404, 0, 4.191, 1.361, 2.2255, 19.8579, 4.0705, 2.8124, 0.079, 0.177, 0, 8.7461, 3.8071, 3.2068, 1.7961, 0.8686, 0.4517, 4.3779, 4.0255, 11.8281, 1.8626, 5.5885, 1.9035, 6.2301, 0.371, 33.2125, 5.8552, 28.6854, 7.3707],
      [0.4907, 0.4782, 0.6532, 27.0656, 18.9307, 1.9114, 3.4314, 2.3644, 9.7056, 1.7026, 8.0017, 36.3579, 10.3549, 28.4876, 24.7197, 54.7284, 81.4832, 34.3859, 88.0661, 27.2053, 73.1463, 74.7013, 0, 43.2045, 6.8162, 5.9823, 56.7761, 44.4346, 2.9055, 1.7459, 2.5236, 0, 2.0918, 30.9954, 34.2309, 11.5092, 12.8234, 5.9934, 49.497, 31.8262, 107.437, 32.7627, 51.1751, 2.3891, 20.3572, 3.5042, 216.6067, 17.2733, 77.5015, 26.605],
      [0.1238, 0.1363, 0, 6.2087, 4.5932, 0.1462, 0.5774, 0.1766, 4.5332, 1.2585, 4.8179, 4.3336, 7.6245, 6.2158, 5.5817, 9.8562, 10.7709, 7.0076, 22.8381, 3.5551, 16.3935, 18.9092, 0, 12.3233, 1.3103, 1.4871, 18.4441, 9.9398, 0.8078, 0.0315, 1.0242, 0, 1.757, 6.7756, 4.6622, 2.6467, 3.3628, 1.429, 7.6105, 7.1056, 13.0267, 6.0154, 10.632, 0.5673, 5.5659, 0.7043, 36.0234, 4.0823, 22.2527, 4.8262]
    ]
  ],
  "V_est": [
    [1371.1072, 289.3384, 1435.3501, 152.2051],
    [189.5649, 5608.7558, 7.9214, 648.7578],
    [1165.3993, 93.866, 21613.2388, 1194.4944],
    [36.2767, 710.1027, 273.1499, 393.471],
    [98.6519, 348.9372, 1507.3398, 320.0717]
  ],
  "p_est": [
    [0.4221, 0.0891, 0.4419, 0.0469],
    [0.0294, 0.8689, 0.0012, 0.1005],
    [0.0484, 0.0039, 0.898, 0.0496],
    [0.0257, 0.5025, 0.1933, 0.2785],
    [0.0434, 0.1534, 0.6626, 0.1407]
  ],
  "EI_Z": {},
  "EI_V": 7.8584,
  "MAE_Z": {},
  "MAE_V": 294.3608,
  "MAE_p": 0.0756,
  "runtime": 74.411
}
