{
  "X": [
    [2, 0, 0, 3, 1],
    [0, 6, 9, 75, 1],
    [3, 4, 3, 70, 0],
    [5, 1, 18, 46, 3],
    [4, 2, 8, 16, 1],
    [2, 5, 20, 92, 0],
    [7, 24, 32, 65, 7],
    [1, 5, 8, 23, 0],
    [3, 2, 7, 49, 1],
    [16, 22, 60, 113, 6],
    [2, 1, 8, 46, 1],
    [22, 34, 113, 395, 8],
    [36, 64, 224, 611, 21],
    [10, 10, 19, 159, 1],
    [9, 16, 25, 203, 6],
    [11, 17, 57, 86, 7],
    [42, 80, 207, 499, 20],
    [4, 5, 3, 44, 1],
    [4, 7, 7, 131, 3],
    [3, 4, 6, 187, 1],
    [11, 29, 45, 205, 7],
    [4, 5, 27, 95, 4],
    [1, 4, 6, 109, 0],
    [2, 5, 5, 39, 3],
    [4, 3, 7, 60, 1],
    [2, 1, 5, 35, 3],
    [1, 1, 6, 55, 1],
    [13, 15, 46, 210, 10],
    [2, 10, 15, 101, 2],
    [11, 2, 23, 139, 4],
    [0, 1, 2, 7, 0],
    [18, 36, 60, 369, 7],
    [1, 1, 2, 19, 0],
    [9, 17, 43, 97, 6],
    [3, 7, 10, 22, 3],
    [2, 9, 13, 87, 2],
    [5, 7, 18, 198, 3],
    [34, 40, 90, 403, 14],
    [9, 7, 18, 39, 1],
    [2, 3, 6, 47, 1],
    [0, 6, 12, 58, 1],
    [0, 1, 8, 42, 3],
    [3, 5, 3, 93, 0],
    [8, 21, 65, 185, 11],
    [17, 59, 140, 513, 14],
    [5, 13, 17, 135, 6],
    [11, 21, 44, 277, 8],
    [39, 85, 107, 642, 10],
    [9, 5, 11, 161, 1],
    [6, 5, 12, 125, 1],
    [7, 10, 8, 126, 7],
    [0, 0, 1, 9, 0],
    [18, 342, 148, 344, 19],
    [0, 0, 5, 44, 0],
    [6, 1, 14, 61, 5],
    [16, 20, 51, 240, 6],
    [9, 31, 53, 309, 7],
    [4, 6, 19, 71, 1],
    [0, 2, 5, 3, 1],
    [0, 0, 7, 30, 0],
    [0, 0, 3, 16, 0],
    [1, 1, 9, 46, 2],
    [19, 19, 57, 197, 4],
    [29, 34, 120, 360, 19],
    [69, 87, 194, 617, 18],
    [16, 26, 90, 184, 8],
    [41, 64, 161, 502, 16],
    [33, 71, 163, 457, 24],
    [6, 10, 20, 239, 8],
    [41, 39, 80, 577, 10],
    [6, 14, 63, 192, 8],
    [4, 10, 39, 78, 6],
    [9, 17, 40, 174, 11],
    [14, 27, 78, 293, 11],
    [2, 26, 9, 126, 5],
    [18, 57, 70, 287, 12],
    [8, 9, 25, 168, 5],
    [4, 13, 6, 51, 4],
    [11, 31, 17, 113, 3],
    [3, 1, 9, 45, 0],
    [7, 18, 30, 172, 1],
    [0, 2, 5, 44, 0],
    [4, 8, 13, 183, 3],
    [3, 9, 10, 26, 1],
    [13, 32, 45, 319, 8],
    [0, 7, 13, 51, 3],
    [0, 3, 5, 15, 0],
    [3, 2, 4, 51, 0],
    [1, 4, 6, 19, 1],
    [2, 6, 17, 49, 5],
    [5, 40, 27, 60, 6],
    [8, 13, 14, 69, 4],
    [2, 8, 17, 66, 1],
    [3, 5, 8, 62, 3],
    [5, 4, 5, 69, 4],
    [9, 7, 3, 67, 3],
    [45, 78, 125, 547, 16],
    [0, 0, 0, 5, 0],
    [358, 724, 1433, 5185, 241],
    [27, 114, 111, 452, 20],
    [107, 257, 350, 1217, 60],
    [6, 49, 50, 161, 8]
  ],
  "W": [
    [1, 0, 0, 4, 1, 0],
    [4, 2, 8, 65, 9, 3],
    [2, 3, 3, 61, 7, 4],
    [4, 1, 13, 44, 6, 5],
    [5, 2, 4, 14, 3, 3],
    [4, 4, 15, 88, 7, 1],
    [8, 10, 29, 59, 24, 5],
    [2, 6, 5, 22, 1, 1],
    [1, 4, 5, 45, 7, 0],
    [13, 13, 49, 112, 28, 2],
    [3, 1, 5, 42, 7, 0],
    [24, 22, 91, 370, 51, 14],
    [41, 58, 180, 550, 104, 23],
    [15, 10, 18, 150, 5, 1],
    [17, 15, 23, 185, 13, 6],
    [9, 9, 46, 81, 22, 11],
    [48, 60, 144, 438, 131, 27],
    [7, 4, 4, 38, 4, 0],
    [4, 6, 3, 128, 9, 2],
    [7, 1, 4, 173, 10, 6],
    [29, 22, 38, 175, 31, 2],
    [6, 6, 21, 84, 10, 8],
    [0, 2, 7, 103, 5, 3],
    [3, 1, 4, 39, 4, 3],
    [0, 4, 7, 54, 7, 3],
    [3, 1, 2, 33, 4, 3],
    [2, 3, 3, 53, 3, 0],
    [17, 14, 33, 178, 45, 7],
    [7, 7, 7, 99, 8, 2],
    [18, 4, 9, 129, 14, 5],
    [0, 1, 2, 7, 0, 0],
    [24, 39, 35, 347, 36, 9],
    [1, 0, 2, 15, 5, 0],
    [13, 13, 30, 83, 26, 7],
    [1, 2, 15, 20, 5, 2],
    [5, 8, 10, 79, 10, 1],
    [13, 4, 10, 186, 15, 3],
    [32, 28, 71, 363, 71, 16],
    [9, 4, 13, 35, 11, 2],
    [6, 1, 6, 41, 5, 0],
    [4, 4, 10, 52, 3, 4],
    [2, 3, 4, 37, 4, 4],
    [12, 4, 3, 81, 4, 0],
    [15, 12, 44, 159, 45, 15],
    [36, 38, 107, 456, 72, 34],
    [11, 12, 15, 119, 13, 6],
    [20, 12, 38, 251, 25, 15],
    [67, 63, 84, 573, 78, 18],
    [6, 4, 7, 155, 10, 5],
    [12, 8, 7, 113, 6, 3],
    [8, 7, 6, 127, 8, 2],
    [2, 0, 1, 7, 0, 0],
    [28, 266, 153, 324, 70, 30],
    [1, 0, 3, 41, 2, 2],
    [8, 2, 14, 52, 9, 2],
    [23, 18, 31, 225, 27, 9],
    [22, 20, 42, 279, 32, 14],
    [7, 4, 9, 66, 11, 4],
    [1, 1, 3, 2, 2, 2],
    [1, 0, 5, 25, 4, 2],
    [0, 1, 1, 14, 3, 0],
    [7, 0, 7, 37, 7, 1],
    [31, 13, 44, 180, 24, 4],
    [36, 27, 103, 328, 54, 14],
    [58, 59, 155, 571, 101, 41],
    [14, 14, 77, 172, 34, 13],
    [59, 48, 126, 441, 76, 34],
    [28, 43, 134, 424, 92, 27],
    [15, 9, 14, 213, 22, 10],
    [47, 28, 51, 538, 71, 12],
    [10, 11, 53, 183, 19, 7],
    [6, 5, 35, 72, 15, 4],
    [9, 10, 38, 154, 35, 5],
    [12, 19, 64, 281, 40, 7],
    [1, 19, 12, 115, 17, 4],
    [35, 55, 51, 256, 37, 10],
    [14, 7, 22, 158, 9, 5],
    [5, 3, 8, 52, 7, 3],
    [19, 19, 19, 100, 13, 5],
    [8, 2, 6, 36, 5, 1],
    [20, 13, 23, 149, 17, 6],
    [3, 2, 4, 38, 2, 2],
    [9, 5, 11, 173, 10, 3],
    [4, 7, 9, 23, 3, 3],
    [20, 21, 31, 291, 38, 16],
    [2, 6, 7, 46, 8, 5],
    [0, 1, 3, 15, 4, 0],
    [4, 3, 5, 44, 3, 1],
    [0, 2, 6, 16, 6, 1],
    [4, 3, 12, 41, 17, 2],
    [7, 28, 23, 58, 17, 5],
    [8, 7, 16, 57, 10, 10],
    [7, 6, 16, 59, 4, 2],
    [6, 7, 5, 50, 9, 4],
    [5, 2, 5, 67, 6, 2],
    [12, 5, 1, 63, 4, 4],
    [56, 61, 92, 512, 77, 13],
    [0, 0, 0, 5, 0, 0],
    [463, 616, 1051, 4782, 793, 236],
    [33, 81, 109, 420, 51, 30],
    [111, 163, 290, 1161, 178, 88],
    [8, 63, 33, 154, 8, 8]
  ],
  "method": "mvn_pdf",
  "cond_prob": [
    [
      [0.97624319209, 0, 0, 0.023756807913, 0],
      [0, 1, 4.294601251e-95, 4.9195073787e-109, 3.2925231471e-108],
      [1, 0, 2.9705604702e-112, 4.3087576696e-153, 7.1783932651e-153],
      [0.25593920198, 0, 0, 0.73813005395, 0.005930744072],
      [0, 0, 0, 0.023722976288, 0.97627702371],
      [0.26413753603, 8.4618756781e-90, 7.5861285005e-25, 0.0013137281314, 0.73454873584]
    ],
    [
      [0, 0.10379395281, 0.051555470832, 0.84309907331, 0.0015515030453],
      [0, 0.9108441932, 0.052750731231, 0.03126862325, 0.0051364523228],
      [0, 0.24092596474, 0.71273648108, 0.038502207868, 0.0078353463117],
      [0, 0, 0.0024866064685, 0.99497522454, 0.0025381689906],
      [0, 0.11072052621, 0.26079417037, 0.56594368646, 0.062541616962],
      [0, 0.27974778286, 0.15920261727, 0.496722008, 0.064327591879]
    ],
    [
      [0.29037238804, 0.0062051551964, 0.0078756639265, 0.69554679284, 0],
      [0.0069279729177, 0.8416439559, 0.061867411591, 0.089560659595, 0],
      [0.062811171547, 0.16532131457, 0.6867448151, 0.085122698778, 0],
      [0.004575323236, 0.0052858345612, 0, 0.9901388422, 0],
      [0.20922165663, 0.031361975275, 0.056434331975, 0.70298203612, 0],
      [0.11659786919, 0.10618103576, 0.085842917063, 0.69137817799, 0]
    ],
    [
      [0.53344641519, 0.0053336784931, 0.052294141018, 0.40433840618, 0.0045873591129],
      [0.00011363135028, 0.62366848636, 0.30229126975, 0.039494507544, 0.034432104992],
      [0.053965052196, 0, 0.92121580579, 0.010873567773, 0.013945574243],
      [0.021532522505, 0, 0.014032224385, 0.94275542854, 0.021679824574],
      [0.12545250534, 0, 0.49756590068, 0.23398846577, 0.14299312822],
      [0.092881801418, 0.070999359933, 0.38198268279, 0.26332516729, 0.19081098857]
    ],
    [
      [0.59121844251, 0.008343144009, 0.048952669468, 0.34229813297, 0.0091876110436],
      [0, 0.68746097214, 0.27659878564, 0.021212529643, 0.014727712576],
      [0.013112396851, 0.034318201481, 0.93815815969, 0.0045414450281, 0.0098697969507],
      [0.032703234087, 0.0044639000957, 0, 0.93462965907, 0.028203206742],
      [0.094618608855, 0.025148380667, 0.64003798617, 0.17253911254, 0.067655911767],
      [0.083252365427, 0.10271659547, 0.50976416138, 0.20849531035, 0.095771567379]
    ],
    [
      [0.21997409248, 0.016345479946, 0.073611664794, 0.69006876278, 0],
      [0.0050271644705, 0.74500866691, 0.2162571369, 0.03370703172, 0],
      [0.0077865770315, 0.064633035438, 0.91406590454, 0.013514482989, 0],
      [0.0046852776597, 0.0063040503277, 0.0079324757613, 0.98107819625, 0],
      [0.071015673432, 0.040112288384, 0.57180920032, 0.31706283786, 0],
      [0.073782168633, 0.14954543349, 0.42881395586, 0.34785844202, 0]
    ],
    [
      [0.38463393018, 0.06790641426, 0.056543377483, 0.48394968935, 0.0069665887281],
      [0.0010525765862, 0.93136149908, 0.049777723453, 0.0084575969846, 0.0093506038997],
      [0.019083536154, 0.28606926514, 0.66566389478, 0.012691294509, 0.016492009412],
      [0.026340258331, 0, 0.026163292545, 0.9246181127, 0.022878336421],
      [0.067469555921, 0.15259202423, 0.38308720529, 0.22035144102, 0.17649977354],
      [0.03712713212, 0.43698328492, 0.20157912194, 0.16697514815, 0.15733531288]
    ],
    [
      [0.25304527008, 0.018204791752, 0.10806809822, 0.62068183995, 0],
      [0.0037252023579, 0.71984959685, 0.26114290489, 0.015282295906, 0],
      [0.0047828216356, 0.042514421068, 0.94936850707, 0.0033342502244, 0],
      [0.01687127981, 0.011360308058, 0.0047306851242, 0.96703772701, 0],
      [0.036321195026, 0.035407284167, 0.7617744724, 0.16649704841, 0],
      [0.040154786667, 0.14658666862, 0.60431429375, 0.20894425097, 0]
    ],
    [
      [0.45828483063, 0.0015540183246, 0.012852703479, 0.52614831251, 0.0011601350592],
      [0.091119433311, 0.49961149542, 0.23431646664, 0.14728033293, 0.027672271693],
      [0.091071737002, 0, 0.85184578894, 0.045786452535, 0.011296021522],
      [0.012287872467, 0, 0.0066052453068, 0.97297582188, 0.0081310603421],
      [0.16698921287, 0, 0.21334520663, 0.5531265869, 0.066538993594],
      [0.12425776072, 0.034476386259, 0.15811116748, 0.59826496907, 0.084889716462]
    ],
    [
      [0.56891169128, 0.026781415747, 0.061646997868, 0.33887125943, 0.0037886356811],
      [0, 0.83869272894, 0.13534595798, 0.013961338462, 0.011999974617],
      [0.018137188315, 0.12463922038, 0.83809825961, 0.0089346332293, 0.01019069847],
      [0.038624670434, 0.01860919213, 0.010502131521, 0.91428606963, 0.017977936283],
      [0.11494517328, 0.073675343334, 0.517170806, 0.18594998527, 0.10825869211],
      [0.085498922722, 0.24718759432, 0.35762777737, 0.18436990642, 0.12531579917]
    ],
    [
      [0.2688308303, 0.0063163790966, 0.039390149695, 0.6831273147, 0.0023353262088],
      [0.00017318991823, 0.70962481191, 0.21688177053, 0.058011221818, 0.015309005817],
      [0.013234531122, 0.044169370656, 0.91542422983, 0.019666900365, 0.0075049680287],
      [0.014241820507, 0, 0.0032066941155, 0.97264912795, 0.0099023574272],
      [0.075572171756, 0.0072255996451, 0.42187792548, 0.42042985119, 0.074894451925],
      [0.048877006007, 0.079920615808, 0.3133551021, 0.46179700628, 0.096050269805]
    ],
    [
      [0.34899674594, 0.017279990628, 0.051939396998, 0.57952715778, 0.002256708655],
      [9.9950046786e-05, 0.78244016529, 0.16948937983, 0.03591493759, 0.012055567242],
      [0.017333666316, 0.098272727702, 0.85967594698, 0.017632274609, 0.007085384396],
      [0.019390782431, 0.0067095802947, 0.0055785113659, 0.96357692361, 0.0047442022963],
      [0.07901025019, 0.049772500546, 0.45436384772, 0.3390776426, 0.07777575894],
      [0.060028807337, 0.17198829505, 0.32554082155, 0.34859007767, 0.09385199838]
    ],
    [
      [0.3298007266, 0.012115245856, 0.046489346298, 0.60859931783, 0.0029953634189],
      [0.00012860130775, 0.7302727168, 0.19907696473, 0.050213373693, 0.020308343462],
      [0.018927393135, 0.079082421551, 0.86957869337, 0.021527445, 0.01088404694],
      [0.017473857211, 0.00037722771539, 0.006863286267, 0.96740674323, 0.0078788855713],
      [0.07764652259, 0.036021087287, 0.41618979583, 0.36865082991, 0.10149176438],
      [0.059909597988, 0.12865013673, 0.30281573159, 0.38463987413, 0.12398465956]
    ],
    [
      [0.37568047266, 0.0081405364971, 0.024144157368, 0.59082894838, 0.0012058850928],
      [0.0001921236905, 0.77223096458, 0.15140818739, 0.063832722823, 0.01233600151],
      [0.03260752366, 0.093632224561, 0.83378228728, 0.032263238475, 0.0077147260258],
      [0.020735365898, 0.001188133202, 0.0023750927409, 0.97350495511, 0.0021964530462],
      [0.11553259936, 0.034372931621, 0.30780382721, 0.47951462756, 0.062776014254],
      [0.087968365887, 0.12011762622, 0.22039154734, 0.4951838487, 0.076338611847]
    ],
    [
      [0.27532586392, 0.0099578433163, 0.023298505975, 0.68755488551, 0.0038629012783],
      [0.0001199507409, 0.77723868302, 0.12520460939, 0.066766996269, 0.03066976058],
      [0.025854098308, 0.11502676803, 0.79615042447, 0.039837384654, 0.023131324542],
      [0.013102811436, 0.0019404932527, 0.00058990251014, 0.97408431877, 0.010282474033],
      [0.074797633082, 0.035416354605, 0.25152921667, 0.48587125596, 0.15238553968],
      [0.054437907571, 0.11785281535, 0.17256411894, 0.4786461426, 0.17649901554]
    ],
    [
      [0.50215897795, 0.023000219701, 0.063961502898, 0.40611028788, 0.0047690115678],
      [0, 0.80591845873, 0.15854496854, 0.018163368607, 0.017373204114],
      [0.018163189171, 0.10495158189, 0.85642112583, 0.0074758043384, 0.012988298771],
      [0.033785071092, 0.01462678345, 0.0070935048537, 0.92515175934, 0.019342881267],
      [0.096135093744, 0.05929517886, 0.50464970493, 0.20776657239, 0.13215345008],
      [0.072136334154, 0.20206324844, 0.35683659703, 0.21177209029, 0.15719173008]
    ],
    [
      [0.37155311308, 0.020008834335, 0.055455089722, 0.55021080625, 0.0027721566152],
      [0.00013498092193, 0.79507124408, 0.16099149563, 0.030726369304, 0.01307591006],
      [0.017476313099, 0.10605199195, 0.85238717999, 0.015841895599, 0.0082426193638],
      [0.02131056966, 0.0086210935069, 0.0054253903389, 0.95744241659, 0.0072005299077],
      [0.081353899032, 0.055117477967, 0.46325895073, 0.30993768896, 0.090331983309],
      [0.061087864688, 0.18768095912, 0.32858031565, 0.31494260952, 0.10770825102]
    ],
    [
      [0.36020866241, 0.010138368671, 0, 0.62643209118, 0.0032208777391],
      [0.043367604538, 0.90369323723, 0, 0.042150405949, 0.010788752281],
      [0.10338247848, 0.21640450352, 0.60955673682, 0.053751809763, 0.016904471427],
      [0.010622664351, 0.0067448997462, 0, 0.96965112065, 0.012981315255],
      [0.12196944643, 0.048083566486, 0.14044326318, 0.59615597858, 0.093347745324],
      [0.083243296831, 0.16086410505, 0.094423469585, 0.55894225471, 0.10252687382]
    ],
    [
      [0.30039559618, 0.015152161699, 0.031857568937, 0.64918508173, 0.0034095914552],
      [0.00012478535408, 0.83691692399, 0.10762775035, 0.038221280338, 0.01710925997],
      [0.018555357982, 0.12280955446, 0.81889872089, 0.025400560758, 0.014335805907],
      [0.01548853521, 0.0059673496003, 0.0028479862204, 0.96484823048, 0.010847898487],
      [0.072755954918, 0.049964430276, 0.32916347406, 0.41958401915, 0.12853212159],
      [0.052333364019, 0.16798026228, 0.22154677837, 0.41045031734, 0.147689278]
    ],
    [
      [0.19077643741, 0.012660897762, 0.017443660754, 0.77788016608, 0.0012388379989],
      [6.373398296e-06, 0.85834902208, 0.073338071398, 0.059407457215, 0.0088990759126],
      [0.021095824605, 0.17268951731, 0.74292978716, 0.053244114091, 0.010040756829],
      [0.0029528382191, 0.0050945292709, 0, 0.99195263251, 0],
      [0.082436736262, 0.049955868223, 0.19897952167, 0.61610544928, 0.052522424563],
      [0.040827815301, 0.16355906304, 0.14050698965, 0.58559916781, 0.069506964191]
    ],
    [
      [0.24570682628, 0.02195780077, 0.038066759578, 0.69026664896, 0.0040019644046],
      [0, 0.84562192864, 0.10372590815, 0.034834666816, 0.015817496392],
      [0.014209095376, 0.15494182746, 0.79083326047, 0.025321138359, 0.014694678336],
      [0.0086338423874, 0.0083113180287, 0.0026962896531, 0.97001106218, 0.010347487754],
      [0.056268081642, 0.064657120145, 0.34314994643, 0.41047401312, 0.12545083866],
      [0.039661732419, 0.20645026227, 0.22646553321, 0.38853548236, 0.13888698975]
    ],
    [
      [0.25837603406, 0.0063223630384, 0.038973694097, 0.69265051375, 0.0036773950561],
      [0.00021506991008, 0.6535285472, 0.23903278709, 0.075262277961, 0.031961317845],
      [0.058172341772, 0.0096810613758, 0.89110968952, 0.026080498896, 0.014956408432],
      [0.002892132612, 0, 0.008744280867, 0.97604762606, 0.012315960459],
      [0.060538572352, 0.020994218444, 0.37104494801, 0.42535657581, 0.12206568538],
      [0.047313667007, 0.078456258156, 0.27171106999, 0.4504083032, 0.15211070165]
    ],
    [
      [0.16728677111, 0.0092865923935, 0.011709528947, 0.81084184932, 0.00087525823146],
      [0, 0.86428206045, 0.063097243361, 0.07262069619, 0],
      [0.034687120581, 0.2130922278, 0.68113029811, 0.071090353511, 0],
      [0, 0.0016087565143, 0, 0.99839124349, 0],
      [0.098852884659, 0.041046973911, 0.15798503173, 0.7021151097, 0],
      [0.087641910879, 0.13628449799, 0.10532275596, 0.67075083517, 0]
    ],
    [
      [0.30632292935, 0.080723369078, 0.050644121323, 0.55112940657, 0.011180173682],
      [0.00019370353863, 0.9595876853, 0.026260952937, 0.0049032380065, 0.0090544202229],
      [0.0084426377398, 0.33669808298, 0.62241054214, 0.0099540868102, 0.022494650335],
      [0.021315563927, 0.011921090823, 0.016283479208, 0.92602196296, 0.024457903084],
      [0.038732756955, 0.1618404814, 0.31120026912, 0.19412408625, 0.29410240628],
      [0.020276312159, 0.44638846929, 0.15076924965, 0.13684643157, 0.24571953733]
    ],
    [
      [0.54302807208, 0.0019127136226, 0.006280032749, 0.44812151579, 0.00065766576094],
      [0, 0.68289311792, 0.13636109095, 0.15952570792, 0.021220083203],
      [0.17938115559, 0.0086666745384, 0.72320973772, 0.075890698765, 0.012851733385],
      [0.011516705074, 0, 0.0046810276708, 0.97846352646, 0.0053387407928],
      [0.22783708784, 0.011170449997, 0.12337115997, 0.58777855634, 0.049842745852],
      [0.17585674065, 0.043189218854, 0.091904619383, 0.62639398454, 0.062655436574]
    ],
    [
      [0.32041147361, 0.0079694424851, 0.053474479257, 0.6084472715, 0.0096973331484],
      [0.00030094465269, 0.67065465199, 0.21995388154, 0.039650046613, 0.069440475204],
      [0.010439978284, 0.037296484302, 0.91225136293, 0.012729145713, 0.027283028774],
      [0.021863732437, 0, 0.015534178993, 0.95215802299, 0.01044406558],
      [0.04851553413, 0.013605346828, 0.37642228692, 0.23843334595, 0.32302348617],
      [0.034006456997, 0.058807554879, 0.25893430012, 0.24486723501, 0.403384453]
    ],
    [
      [0.20096692715, 0.0029307822524, 0.050481265054, 0.74286887714, 0.0027521484006],
      [0.15573716962, 0.30892310061, 0.42548575178, 0.083131047572, 0.026722930417],
      [0.0059284027505, 0.013747168134, 0.96077270569, 0.013675527754, 0.005876195676],
      [3.3137118954e-05, 0, 0.0043031333652, 0.98328825489, 0.012375474623],
      [0.037104387093, 0.0087092097563, 0.50406534304, 0.36985500347, 0.080266056638],
      [0.032315760555, 0.033067363023, 0.38364391402, 0.43649029595, 0.11448266644]
    ],
    [
      [0.30344334777, 0.0084386862605, 0.028877097133, 0.65569464638, 0.0035462224584],
      [0.00021929096876, 0.73191926993, 0.16649498822, 0.071033274222, 0.030333176663],
      [0.025820484167, 0.087211453634, 0.8343976753, 0.033952133102, 0.018618253799],
      [0.014395431381, 0, 0.0035423251362, 0.9717103892, 0.010351854282],
      [0.088790526381, 0.022266020976, 0.30049058852, 0.45609059925, 0.13236226487],
      [0.061193794822, 0.10424623439, 0.21291798159, 0.46425407663, 0.15738791257]
    ],
    [
      [0.19315808918, 0.050390142423, 0.13209747403, 0.62045972673, 0.0038945676505],
      [0, 0.8441097142, 0.13834897617, 0.011579669192, 0.0059616404404],
      [0.0028220751057, 0.10648419856, 0.87973784843, 0.0066491668134, 0.0043067110984],
      [0.0043229090217, 0.018370046926, 0.0079075559797, 0.95683703387, 0.012562454201],
      [0.021034960967, 0.078014173281, 0.6576602941, 0.17986852357, 0.063422048085],
      [0.015945584573, 0.2751817909, 0.45228975743, 0.18168275954, 0.074900107564]
    ],
    [
      [0.37613688399, 0, 0.08012507831, 0.5396860724, 0.0040519652954],
      [0.024042142565, 0.5, 0.40068004787, 0.0486490268, 0.026628782763],
      [0.037305410108, 0, 0.94454671432, 0.010680833328, 0.0074670422442],
      [0.016209479708, 0, 0.0075469122067, 0.96211984237, 0.014123765717],
      [0.07959906316, 0, 0.5817939783, 0.24604797597, 0.092558982573],
      [0.11844181207, 0, 0.46708811983, 0.28735915211, 0.12711091599]
    ],
    [
      [0, 2.5373308038e-15, 3.5704433267e-19, 1, 4.9813619367e-23],
      [0, 0.92615014351, 0.070930349997, 0.0029195064895, 0],
      [0, 0.034505058597, 0.964534825, 0.00096011640187, 0],
      [0, 0.0006913913276, 0, 0.99930860867, 0],
      [0, 1, 1.0645100412e-232, 0, 0],
      [1.4928552596e-135, 2.0334974732e-118, 5.6778928036e-190, 1.1669916118e-299, 1]
    ],
    [
      [0.33123923676, 0.013155386458, 0.049203077771, 0.60394674207, 0.0024555569453],
      [0.00015970269812, 0.74085025146, 0.197649677, 0.045719396754, 0.015620972086],
      [0.017214187881, 0.080009653683, 0.87510547672, 0.019374289806, 0.008296391914],
      [0.017769788201, 0.0039149858791, 0.0048678967576, 0.9674068993, 0.0060404298665],
      [0.076198572943, 0.038807667989, 0.44138578267, 0.35980860999, 0.0837993664],
      [0.059140911667, 0.13724409907, 0.32256096601, 0.3778686176, 0.10318540565]
    ],
    [
      [0.18874262995, 0.0091720966413, 0.0088830089251, 0.79320226449, 0],
      [9.7982191549e-06, 0.95367876595, 0.02075488204, 0.024282198116, 0.0012743556718],
      [0.030602932814, 0.20083953641, 0.70999749491, 0.058560035866, 0],
      [0.012066411462, 0.023757080396, 0, 0.96417650814, 0],
      [0.1138110665, 0.046558524922, 0.11422440025, 0.72540600833, 0],
      [0.043552580206, 0.15069167967, 0.095022785794, 0.68832162346, 0.022411330864]
    ],
    [
      [0.35296642195, 0.020075756824, 0.057127397952, 0.56531933398, 0.0045110892976],
      [0.00042909468026, 0.79526485788, 0.15852312457, 0.028119268092, 0.017663654776],
      [0.015545855121, 0.10126654081, 0.85749671163, 0.013384950308, 0.012305942123],
      [0.02082359614, 0.0089309728215, 0.002660671972, 0.95341299745, 0.014171761615],
      [0.070858955983, 0.0525466835, 0.46060952129, 0.29443095815, 0.12155388108],
      [0.052684470712, 0.17929875274, 0.32499407586, 0.29932370908, 0.14369899161]
    ],
    [
      [0.59828441954, 0.016169541387, 0.011880549896, 0.36890119584, 0.0047642933368],
      [0.00017754827078, 0.91981866176, 0.037264226987, 0.019170801329, 0.023568761656],
      [0.054470347396, 0.28354242395, 0.59015153424, 0.034049480593, 0.037786213823],
      [0.032538222385, 0.004678084259, 0.0051300871296, 0.94806571663, 0.0095878895952],
      [0.14960018453, 0.070844059303, 0.15400272217, 0.31624688023, 0.30930615376],
      [0.092769951297, 0.2216373971, 0.094351314533, 0.26973312941, 0.32150820766]
    ],
    [
      [0.19478216911, 0.0148651683, 0.032440881743, 0.75517367983, 0.0027381010101],
      [0, 0.82673277411, 0.11466524044, 0.0449600229, 0.01364196255],
      [0.012012308994, 0.1233359396, 0.8240776147, 0.029196305922, 0.011377830785],
      [0.0050757119875, 0.0054171593661, 0.0020628156556, 0.97867706422, 0.0087672487737],
      [0.047074338642, 0.048736091718, 0.32932849524, 0.47880500811, 0.096056066294],
      [0.03424143107, 0.16313606253, 0.2234501316, 0.46895020417, 0.11022217063]
    ],
    [
      [0.22213399127, 0.017863712413, 0.049717327161, 0.70754299156, 0.0027419775908],
      [0, 0.80254251839, 0.14699543815, 0.038160647855, 0.01230139561],
      [0.01020619307, 0.10070371695, 0.86033058514, 0.02042249983, 0.008337005013],
      [0.0064514876266, 0.006995860604, 0.0045439844413, 0.97536169596, 0.0066469713728],
      [0.046961453612, 0.049327494304, 0.42804234916, 0.38969239681, 0.085976306114],
      [0.035265893334, 0.16980733622, 0.29885693316, 0.39413737338, 0.1019324639]
    ],
    [
      [0.42409760864, 0.013335580436, 0.029869070106, 0.53009959019, 0.0025981506282],
      [0, 0.80799406137, 0.13030372621, 0.044200096193, 0.017502116225],
      [0.033455714401, 0.12351334601, 0.80337525835, 0.026454942297, 0.01320073894],
      [0.022060904105, 0.0058476776042, 0.0034573165752, 0.96044444333, 0.0081896583903],
      [0.1212512005, 0.048581680232, 0.32991400188, 0.39414968176, 0.10610343563],
      [0.089786085987, 0.16299836711, 0.22982137684, 0.39343432408, 0.12395984598]
    ],
    [
      [0.61867570995, 0.018530388059, 0.04005234767, 0.32153946991, 0.0012020844157],
      [0, 0.85177206355, 0.12428434337, 0.018155784129, 0.0057878089431],
      [0.024158601147, 0.12001658777, 0.83767585748, 0.01363379015, 0.0045151634437],
      [0.031911268286, 0.018925185337, 0.0089949294509, 0.93473577484, 0.0054328420853],
      [0.15960322194, 0.067321532945, 0.47841852289, 0.24113586716, 0.053520855072],
      [0.12266348211, 0.2315021315, 0.33758953383, 0.2440178521, 0.064227000469]
    ],
    [
      [0.2287661132, 0.018991064207, 0.0047068321108, 0.74447429861, 0.003061691867],
      [3.4447529685e-05, 0.91139822318, 0.055303581023, 0.026445893962, 0.0068178543078],
      [0.014234121989, 0.18777671957, 0.75795606971, 0.029117603076, 0.010915485656],
      [0.0064744412128, 0.012308636658, 0, 0.96990651517, 0.011310406961],
      [0.055302410318, 0.06866819423, 0.27374380162, 0.51316711481, 0.089118479029],
      [0.037106522011, 0.22589972904, 0.17387101577, 0.46886855386, 0.09425417933]
    ],
    [
      [0, 0.11375785516, 0.067250707541, 0.81661592413, 0.0023755131704],
      [0, 0.83437822814, 0.12545010001, 0.032025388897, 0.008146282961],
      [0, 0.11318969428, 0.85936038622, 0.020893468361, 0.0065564511462],
      [0, 0, 0.0028043922348, 0.99000959434, 0.0071860134251],
      [0, 0.079046402833, 0.43526715605, 0.41806795197, 0.067618489145],
      [0, 0.20960487888, 0.29599076082, 0.41544932568, 0.078955034618]
    ],
    [
      [0, 0.0032146688743, 0.047424191594, 0.94178598767, 0.0075751518598],
      [0, 0.33119022075, 0.42490474001, 0.16561061368, 0.078294425555],
      [0, 0, 0.95470663003, 0.022664369949, 0.022629000023],
      [0, 0, 0, 0.98536351792, 0.01463648208],
      [0, 0, 0.39399867198, 0.37300496573, 0.23299636228],
      [0, 0, 0.30890404718, 0.39461716946, 0.29647878336]
    ],
    [
      [0.19957866303, 0.018023053987, 0, 0.78239828298, 0],
      [0.0242313783, 0.89330550688, 0.032308050074, 0.050155064741, 0],
      [0.029200095633, 0.19990523986, 0.71483334221, 0.056061322298, 0],
      [0, 0.004898673913, 0, 0.99510132609, 0],
      [0.10513256089, 0.053498254517, 0.18156694327, 0.65980224132, 0],
      [0.043098094791, 0.1772675952, 0.11773229082, 0.61527808804, 0.046623931155]
    ],
    [
      [0.24697966186, 0.021431091105, 0.057716620243, 0.66915669925, 0.0047159275441],
      [0, 0.79547993795, 0.15226796499, 0.033262489217, 0.018989607845],
      [0.0097053393269, 0.10791466626, 0.85112251645, 0.018009100194, 0.013248377761],
      [0.0077772503185, 0.0083685893763, 0.0046889698935, 0.96666220002, 0.012502990387],
      [0.046832587408, 0.053098587601, 0.43511908014, 0.33481511504, 0.13013462981],
      [0.034948060513, 0.17763246064, 0.30211597153, 0.33367528343, 0.15162822389]
    ],
    [
      [0.23174449943, 0.021747171497, 0.052054836166, 0.6916392352, 0.0028142577064],
      [0, 0.810274457, 0.14121274349, 0.036168422751, 0.012344376754],
      [0.010283331011, 0.12071328559, 0.83888066937, 0.021364019104, 0.0087586949168],
      [0.0061868522903, 0.0081644632448, 0.0055321524586, 0.97446843669, 0.0056480953202],
      [0.048818665294, 0.058427490308, 0.42411237735, 0.37961147431, 0.08902999274],
      [0.035903913436, 0.19354636352, 0.29238109801, 0.37502953367, 0.10313909137]
    ],
    [
      [0.23036257661, 0.010631157588, 0.021804051131, 0.73239740542, 0.0048048092496],
      [1.4755367855e-05, 0.78776359324, 0.11008168862, 0.06575093152, 0.036389031255],
      [0.027875818583, 0.12595720248, 0.77269952085, 0.043321411094, 0.030146046989],
      [0.0085849653655, 0.0031339365571, 0, 0.97697920717, 0.011301890907],
      [0.059360961412, 0.0357984095, 0.22584666914, 0.49175297176, 0.18724098819],
      [0.042398989541, 0.11703638943, 0.15211261044, 0.47524698492, 0.21320502567]
    ],
    [
      [0.26048802618, 0.016657127615, 0.032559494889, 0.68699004998, 0.0033053013362],
      [0, 0.82336774702, 0.11411174668, 0.044923881545, 0.01759662475],
      [0.018313782245, 0.13855917062, 0.79835887816, 0.029861464851, 0.014906704128],
      [0.011018323674, 0.0063117547826, 0.0018651979006, 0.97211638012, 0.0086883435234],
      [0.065154796671, 0.053255755866, 0.31819674699, 0.44496900729, 0.11842369317],
      [0.046656439474, 0.17370344352, 0.21458322828, 0.43072934435, 0.13432754438]
    ],
    [
      [0.31132643371, 0.022427782631, 0.03501402035, 0.62954488839, 0.0016868749191],
      [8.3355302027e-05, 0.86001618795, 0.097508784212, 0.033750836934, 0.0086408356008],
      [0.020806708069, 0.17098643751, 0.77401009449, 0.025980623724, 0.0082161362111],
      [0.015787040855, 0.0087863607392, 0.0039539519614, 0.96936316489, 0.002109481551],
      [0.081074723324, 0.073471984745, 0.34758198782, 0.42187973303, 0.075991571084],
      [0.056572847249, 0.23266991436, 0.2287305428, 0.39778359434, 0.084243101254]
    ],
    [
      [0.45633735832, 0.0072485573843, 0.020751022733, 0.51470814516, 0.0009549164023],
      [7.2816245993e-05, 0.78191551728, 0.14302396312, 0.063678591926, 0.011309111428],
      [0.044893831811, 0.09304284618, 0.82179405483, 0.032986394941, 0.0072828722394],
      [0.024673182499, 0.0016791032896, 0.0037586593707, 0.96988905484, 0],
      [0.15352072354, 0.033052074198, 0.29159046157, 0.46629089456, 0.055545846125],
      [0.11757544792, 0.11735298229, 0.21046856183, 0.48608391018, 0.06851909779]
    ],
    [
      [0.29062865507, 0, 0.029249746575, 0.6788772148, 0.0012443835596],
      [0.086361142278, 0.54641572271, 0.24983604626, 0.099821138141, 0.017565950614],
      [0.021448609902, 0.046268090131, 0.89351284831, 0.031807834456, 0.0069626172014],
      [0.0088199345089, 0, 0.005147023974, 0.98412766984, 0.0019053716739],
      [0.080428406205, 0.017915030721, 0.34198249514, 0.50060627376, 0.059067794174],
      [0.064067898312, 0.065769134358, 0.25407201766, 0.54072838041, 0.075362569255]
    ],
    [
      [0.39724828063, 0.02548959809, 0.032677817204, 0.53113603532, 0.01344826876],
      [0.00022940023241, 0.86264962589, 0.069004170875, 0.020645086841, 0.04747171616],
      [0.021604515632, 0.18272249863, 0.72019144481, 0.01916982613, 0.0563117148],
      [0.024323031589, 0.01464974383, 0.0067808946643, 0.93869227563, 0.015554054288],
      [0.064702851042, 0.05682388494, 0.22477161131, 0.23327603723, 0.42042561548],
      [0.042066519684, 0.17304614815, 0.13752654226, 0.20562492508, 0.44173586483]
    ],
    [
      [0, 0, 0.0015725398895, 0.99842746011, 0],
      [1.8891857326e-06, 0.98224843805, 0.0049719060307, 0.012777240836, 5.2589582855e-07],
      [0, 0, 0.99685492022, 0.0031450797791, 0],
      [0, 0, 0, 1, 0],
      [0, 1, 0, 2.0529162438e-99, 2.743890218e-26],
      [0.54033852168, 1.4863364698e-54, 5.6845007284e-39, 0.45966147832, 6.7886618916e-12]
    ],
    [
      [0.27999237715, 0.096700523399, 0.061951329326, 0.55642581793, 0.0049299521975],
      [5.0005224983e-05, 0.93499150624, 0.047861492582, 0.01105663367, 0.0060403622876],
      [0.0086234162484, 0.33938850584, 0.62949056929, 0.012554391483, 0.009943117144],
      [0.014880447073, 0.029069331955, 0.011517627784, 0.93086270142, 0.01366989177],
      [0.046500394032, 0.20306161857, 0.39288954631, 0.23922550298, 0.11832293812],
      [0.025041230998, 0.500847548, 0.19960563358, 0.17376300592, 0.1007425815]
    ],
    [
      [0, 0, 0.04455332011, 0.95544667989, 0],
      [1.5828868842e-05, 0.64731812803, 0.27520348164, 0.070623174317, 0.0068393871476],
      [0, 0, 0.96189352704, 0.038106472964, 0],
      [0, 0, 0, 1, 0],
      [0, 0, 0.5543297277, 0.4456702723, 0],
      [0, 0, 0.48055332169, 0.51944667831, 0]
    ],
    [
      [0.37897105587, 0, 0.01761512122, 0.59865979474, 0.0047540281713],
      [0.099241278943, 0.46685093815, 0.18356575585, 0.11482067613, 0.13552135092],
      [0.092241813595, 0, 0.79538008856, 0.050268101834, 0.062109996016],
      [0.0083934913374, 0, 0.012401526537, 0.97918027763, 2.4704495575e-05],
      [0.10089021662, 0, 0.16532705246, 0.39806794437, 0.33571478655],
      [0.066945052851, 0.03314906185, 0.11190171335, 0.38867046404, 0.3993337079]
    ],
    [
      [0.36201048192, 0.016108659995, 0.063586718519, 0.55525450762, 0.0030396319509],
      [0.00015806531978, 0.74396137245, 0.20720944957, 0.03364742499, 0.015023687673],
      [0.014569315025, 0.076106019537, 0.88792008156, 0.013611350621, 0.0077932332613],
      [0.021060353267, 0.0061938043452, 0.0054090296957, 0.95816644711, 0.0091703655873],
      [0.072822022503, 0.041948072864, 0.50719675669, 0.29023468968, 0.087798458265],
      [0.057165653533, 0.15030061838, 0.37454097128, 0.30863928729, 0.10935346952]
    ],
    [
      [0.22025111051, 0.022375903365, 0.040946567556, 0.71361472208, 0.0028116964895],
      [0, 0.84233854126, 0.10971791576, 0.036114875538, 0.011828667437],
      [0.012037851268, 0.14970042504, 0.8023670419, 0.025481668278, 0.010413013514],
      [0.0055155100441, 0.008325454822, 0.0039624860824, 0.9759276076, 0.0062689414511],
      [0.050330514569, 0.065573446229, 0.36552744168, 0.42382008606, 0.094748511458],
      [0.035677289068, 0.21088494816, 0.243070692, 0.40442166153, 0.10594540924]
    ],
    [
      [0.29956388351, 0.023918473801, 0.10071824389, 0.57401356815, 0.0017858306464],
      [0.00023222759364, 0.76461464013, 0.208325835, 0.020647840522, 0.0061794567473],
      [0.0071536859937, 0.068267976704, 0.9134967313, 0.0082303372, 0.0028512688027],
      [0.018442417441, 0.01395864546, 0.0033220568564, 0.96112679004, 0.0031500902034],
      [0.043605895778, 0.047753186051, 0.6435599674, 0.22006733558, 0.045013615191],
      [0.035219081612, 0.1782861714, 0.48544574426, 0.24253294804, 0.058516054684]
    ],
    [
      [0, 0.12410351918, 0.12858255482, 0.72300681536, 0.02430711064],
      [0, 0.89240617036, 0.083251625051, 0, 0.024342204589],
      [0, 0.08314566004, 0.85941268043, 0, 0.057441659528],
      [0, 0.024359868493, 0, 0.92807187762, 0.047568253889],
      [0, 0.079560583771, 0.66330399668, 0.10272544435, 0.1544099752],
      [0, 0.26310621291, 0.44165989274, 0.10769927035, 0.187534624]
    ],
    [
      [0, 0, 0.027940530467, 0.97205946953, 0],
      [1.8545370082e-05, 0.65012077443, 0.23687270863, 0.10500307506, 0.0079848965155],
      [0, 0, 0.93881563437, 0.061184365633, 0],
      [0, 0, 0, 1, 0],
      [0, 0, 0.39667789955, 0.60332210045, 0],
      [0, 0, 0.34563484975, 0.65436515025, 0]
    ],
    [
      [0.027886871842, 0.00083207789538, 0.030410382554, 0.94042058209, 0.00045008562263],
      [0, 0, 0.64045788044, 0.35954211956, 0],
      [0, 0, 0.98296442668, 0.017035573319, 0],
      [0, 0, 0, 1, 0],
      [0, 0, 0.45885923096, 0.54114076904, 0],
      [0.011418580856, 0.0061819099821, 0.31295916381, 0.64941725244, 0.020023092917]
    ],
    [
      [0.10334637862, 0.029230576688, 0.047873045663, 0.81389148632, 0.0056585127072],
      [1.8193998822e-05, 0.76383504793, 0.15309869645, 0.057448536057, 0.025599525568],
      [0.0060972718646, 0.072025824712, 0.87548751797, 0.028578506034, 0.017810879416],
      [0, 0, 0, 0.98314524224, 0.016854757761],
      [0.029977554909, 0.02793761155, 0.32947830771, 0.46476282935, 0.14784369648],
      [0.024051562258, 0.09564190935, 0.23012790056, 0.47299628517, 0.17718234266]
    ],
    [
      [0.38700104928, 0.020434246731, 0.06189827413, 0.52817510269, 0.002491327167],
      [0.0001218706082, 0.79197522052, 0.17044736759, 0.026804373609, 0.010651167669],
      [0.015652929379, 0.096601823189, 0.86845265582, 0.012782192848, 0.0065103987646],
      [0.023097065067, 0.0097765954333, 0.0056459461724, 0.95426470329, 0.0072156900378],
      [0.079657688592, 0.054309597454, 0.50737970554, 0.28243907301, 0.076213935403],
      [0.060849505863, 0.18929068683, 0.36500940583, 0.29237853248, 0.092471869]
    ],
    [
      [0.38364511327, 0.012368503222, 0.042316076678, 0.55683985257, 0.004830454259],
      [0.00011676454243, 0.7432375839, 0.17852227657, 0.044912978011, 0.033210396972],
      [0.023180308044, 0.087142936825, 0.84987218225, 0.020964883613, 0.018839689264],
      [0.021607508153, 0.0022901879747, 0.0066273024927, 0.9570466716, 0.012428329778],
      [0.088462483245, 0.036696559372, 0.37444359025, 0.33204645617, 0.16835091096],
      [0.066701055829, 0.12705719742, 0.26614113633, 0.33856535504, 0.20153525538]
    ],
    [
      [0.51505417532, 0.015989467635, 0.037373449072, 0.42966561611, 0.0019172918628],
      [0, 0.81672707691, 0.13961932385, 0.031667990116, 0.01198560913],
      [0.031761098892, 0.12130652655, 0.8191446975, 0.019428326606, 0.0083593504574],
      [0.026613213552, 0.0095417299771, 0.0077953648659, 0.9499712907, 0.0060784009068],
      [0.14415820695, 0.056878473951, 0.40158125594, 0.31440774304, 0.082974320115],
      [0.10848204056, 0.19244263508, 0.28332954992, 0.31733666314, 0.098409111292]
    ],
    [
      [0.42966235043, 0.020610110322, 0.05633997941, 0.49007980051, 0.0033077593318],
      [7.9965173745e-05, 0.8028489453, 0.15742165746, 0.025553014279, 0.014096417779],
      [0.018903540061, 0.10675306218, 0.85176128824, 0.012746167368, 0.0098359421515],
      [0.026237357324, 0.010330969221, 0.0050797478439, 0.94696742034, 0.011384505274],
      [0.091758084972, 0.057092818273, 0.47558618384, 0.27364034815, 0.10192256476],
      [0.068879588318, 0.19488499279, 0.33677469304, 0.27827058233, 0.12119014352]
    ],
    [
      [0.358082472, 0.016342223348, 0.045835002506, 0.57708527727, 0.002655024876],
      [0.00011078553565, 0.78654409689, 0.159839129, 0.038565117891, 0.014940870681],
      [0.02006734342, 0.10439438292, 0.84624976761, 0.019752887108, 0.0095356189447],
      [0.019659900828, 0.0060399690362, 0.0049737513863, 0.96245935401, 0.0068670247364],
      [0.085354910796, 0.049264833659, 0.41757880401, 0.3542604353, 0.093541016229],
      [0.064186520288, 0.1682425359, 0.29607566103, 0.360106206, 0.11138907678]
    ],
    [
      [0.39309487662, 0.023405302135, 0.048124054951, 0.53127430565, 0.0041014606491],
      [6.3574446639e-05, 0.83233308382, 0.12456475314, 0.026274813767, 0.016763774826],
      [0.02002626097, 0.13651193876, 0.81359110468, 0.016421201323, 0.013449494274],
      [0.022599714648, 0.010437051572, 0.0048058199533, 0.94992969671, 0.01222771712],
      [0.087316182506, 0.065812494349, 0.41020924813, 0.30476452769, 0.13189754733],
      [0.062656406742, 0.21413591836, 0.27770798376, 0.29576050081, 0.14973919033]
    ],
    [
      [0.20451028568, 0.0089091707419, 0.023380547165, 0.75921043493, 0.0039895614897],
      [0, 0.75273201169, 0.13311438969, 0.080041570719, 0.034112027901],
      [0.019672495714, 0.10502496301, 0.80523142881, 0.045625701751, 0.02444541071],
      [0.0046592202667, 0, 0.00079926784941, 0.9842785281, 0.010262983785],
      [0.057676782627, 0.026947025611, 0.24265452591, 0.52077987786, 0.15194178799],
      [0.039562764025, 0.1028590288, 0.166937866, 0.51442257171, 0.17621776946]
    ],
    [
      [0.40369791139, 0.01534677846, 0.036337876449, 0.54271143126, 0.0019060024399],
      [2.0118901026e-05, 0.81029855727, 0.13795214097, 0.039494923374, 0.01223425949],
      [0.027177017024, 0.11929571337, 0.82205918044, 0.022735971634, 0.0087321175311],
      [0.022133939771, 0.0067689532475, 0.0046407760957, 0.96223523118, 0.0042210997096],
      [0.1092425659, 0.052587191573, 0.3779034437, 0.37980386916, 0.08046292967],
      [0.081277099315, 0.17757274819, 0.26471330126, 0.3815451033, 0.094891747934]
    ],
    [
      [0.25645537001, 0.016140005022, 0.067707253625, 0.65392234157, 0.0057750297755],
      [0, 0.72210093852, 0.2122454379, 0.037719203729, 0.027934419849],
      [0.0090666411083, 0.071775926619, 0.88946933991, 0.015323962154, 0.014364130208],
