{
  "X": [
    [7, 33, 139, 8],
    [5, 16, 138, 10],
    [4, 15, 82, 8],
    [35, 342, 544, 86],
    [54, 406, 1442, 138],
    [5, 38, 70, 6],
    [97, 1649, 1980, 296],
    [2, 50, 70, 8],
    [0, 5, 3, 1],
    [5, 29, 90, 8],
    [1, 14, 14, 0],
    [7, 61, 20, 7],
    [8, 129, 301, 40],
    [42, 527, 1083, 97],
    [8, 100, 151, 17],
    [0, 28, 33, 8],
    [60, 1009, 1223, 245],
    [4, 15, 72, 8],
    [20, 84, 303, 31],
    [5, 69, 103, 11],
    [5, 41, 79, 5],
    [2, 28, 84, 4],
    [7, 24, 102, 11],
    [4, 15, 51, 4],
    [27, 181, 416, 44],
    [4, 4, 9, 2],
    [92, 951, 1767, 198],
    [132, 898, 1876, 175],
    [7, 28, 74, 5],
    [75, 650, 1806, 172],
    [6, 19, 64, 9],
    [4, 1, 18, 5],
    [0, 16, 3, 0],
    [0, 75, 15, 3],
    [14, 95, 203, 22],
    [4, 123, 16, 6],
    [4, 106, 59, 18],
    [6, 28, 80, 13],
    [8, 47, 142, 12],
    [8, 26, 77, 20],
    [16, 110, 180, 25],
    [4, 145, 124, 28],
    [3, 40, 7, 2],
    [1, 99, 48, 18],
    [15, 55, 153, 30],
    [3, 22, 61, 8],
    [11, 44, 108, 20],
    [5, 103, 96, 22],
    [21, 288, 260, 56],
    [7, 67, 74, 12],
    [6, 114, 92, 11],
    [8, 191, 155, 42],
    [4, 96, 62, 10],
    [0, 60, 34, 9],
    [1, 46, 13, 4],
    [6, 204, 73, 31],
    [15, 120, 107, 20],
    [0, 111, 17, 10],
    [1, 15, 4, 2],
    [0, 48, 14, 4],
    [0, 83, 20, 5],
    [5, 115, 121, 28],
    [6, 32, 16, 6],
    [2, 28, 10, 2],
    [4, 32, 55, 11],
    [0, 66, 10, 2],
    [3, 44, 11, 6],
    [3, 39, 39, 4],
    [1, 2, 3, 0],
    [6, 152, 159, 33],
    [6, 89, 143, 23],
    [18, 200, 196, 22],
    [11, 140, 121, 26],
    [13, 285, 264, 64],
    [13, 77, 114, 17],
    [8, 20, 55, 15],
    [0, 77, 7, 6],
    [1, 59, 40, 7],
    [7, 90, 35, 7],
    [6, 136, 126, 15],
    [4, 70, 111, 15],
    [13, 216, 133, 27],
    [4, 78, 156, 19],
    [7, 71, 94, 5],
    [12, 64, 164, 21],
    [0, 6, 11, 1],
    [8, 46, 100, 12],
    [13, 79, 145, 25],
    [13, 93, 135, 24],
    [4, 61, 80, 16],
    [21, 89, 194, 40],
    [2, 36, 66, 6],
    [3, 41, 94, 8],
    [9, 51, 96, 17],
    [2, 40, 11, 6],
    [65, 119, 305, 37],
    [181, 712, 1554, 230],
    [110, 510, 820, 211],
    [2, 7, 1, 3]
  ],
  "W": [
    [5, 21, 122, 24, 5, 10],
    [2, 7, 137, 14, 4, 5],
    [1, 13, 73, 12, 5, 5],
    [78, 36, 527, 270, 24, 72],
    [99, 82, 1340, 307, 66, 146],
    [11, 4, 65, 24, 4, 11],
    [367, 89, 1939, 1289, 143, 195],
    [8, 1, 69, 45, 4, 3],
    [0, 0, 4, 3, 0, 2],
    [6, 3, 88, 22, 5, 8],
    [2, 0, 13, 10, 1, 3],
    [4, 4, 25, 50, 2, 10],
    [25, 23, 276, 108, 19, 27],
    [119, 99, 1015, 399, 37, 80],
    [32, 20, 132, 75, 6, 11],
    [8, 0, 35, 22, 0, 4],
    [192, 61, 1217, 841, 69, 157],
    [5, 7, 67, 9, 5, 6],
    [33, 20, 271, 54, 17, 43],
    [7, 6, 100, 57, 10, 8],
    [9, 9, 82, 25, 2, 3],
    [4, 6, 76, 25, 4, 3],
    [6, 9, 103, 21, 3, 2],
    [5, 9, 45, 9, 2, 4],
    [40, 41, 373, 142, 32, 40],
    [1, 4, 8, 1, 2, 3],
    [236, 216, 1587, 721, 90, 158],
    [241, 260, 1682, 678, 76, 144],
    [8, 7, 67, 21, 6, 5],
    [157, 136, 1690, 475, 111, 134],
    [5, 7, 63, 18, 0, 5],
    [0, 0, 21, 1, 1, 5],
    [4, 0, 2, 11, 0, 2],
    [15, 3, 13, 59, 1, 2],
    [32, 15, 190, 67, 12, 18],
    [17, 1, 15, 110, 0, 6],
    [40, 9, 51, 71, 7, 9],
    [10, 10, 70, 23, 6, 8],
    [15, 12, 129, 29, 16, 8],
    [5, 9, 73, 19, 8, 17],
    [37, 20, 162, 78, 12, 22],
    [31, 5, 112, 115, 15, 23],
    [9, 0, 9, 30, 0, 4],
    [47, 4, 43, 60, 2, 10],
    [14, 19, 139, 35, 14, 32],
    [8, 6, 53, 16, 1, 10],
    [17, 5, 106, 27, 9, 19],
    [21, 4, 103, 78, 6, 14],
    [56, 21, 270, 223, 10, 45],
    [11, 4, 73, 57, 7, 8],
    [19, 5, 90, 85, 12, 12],
    [50, 7, 156, 139, 14, 30],
    [28, 4, 51, 68, 6, 15],
    [11, 2, 34, 45, 5, 6],
    [6, 0, 11, 44, 1, 2],
    [40, 5, 76, 167, 8, 18],
    [19, 9, 101, 99, 15, 19],
    [19, 1, 18, 95, 4, 1],
    [5, 1, 4, 12, 0, 0],
    [9, 1, 12, 40, 1, 3],
    [18, 0, 21, 55, 5, 9],
    [28, 8, 115, 83, 11, 24],
    [6, 0, 23, 26, 1, 4],
    [5, 1, 11, 23, 0, 2],
    [3, 2, 53, 27, 10, 7],
    [5, 1, 14, 56, 1, 1],
    [7, 3, 11, 38, 1, 4],
    [6, 0, 44, 26, 8, 1],
    [1, 0, 3, 1, 1, 0],
    [37, 8, 152, 95, 16, 42],
    [19, 12, 138, 59, 10, 23],
    [57, 30, 167, 160, 8, 14],
    [31, 3, 124, 117, 8, 15],
    [50, 12, 274, 234, 26, 30],
    [22, 9, 112, 45, 7, 26],
    [5, 5, 54, 9, 5, 20],
    [9, 0, 8, 65, 4, 4],
    [19, 7, 31, 38, 3, 9],
    [15, 6, 33, 74, 3, 8],
    [15, 5, 115, 119, 20, 9],
    [21, 5, 96, 61, 8, 9],
    [56, 9, 130, 147, 15, 32],
    [21, 6, 145, 61, 6, 18],
    [20, 12, 81, 53, 3, 8],
    [21, 16, 158, 43, 8, 15],
    [1, 0, 9, 3, 3, 2],
    [10, 8, 92, 29, 12, 15],
    [19, 12, 141, 59, 10, 21],
    [34, 27, 122, 61, 4, 17],
    [19, 5, 78, 45, 5, 9],
    [28, 19, 190, 54, 20, 33],
    [9, 4, 57, 31, 3, 6],
    [11, 10, 87, 20, 11, 7],
    [19, 10, 85, 35, 9, 15],
    [8, 0, 8, 35, 2, 6],
    [17, 82, 290, 79, 9, 49],
    [143, 192, 1497, 558, 82, 205],
    [119, 80, 827, 383, 59, 183],
    [3, 2, 5, 2, 0, 1]
  ],
  "method": "mvn_pdf",
  "cond_prob": [
    [
      [0.00081643002763, 0.83097676839, 0.1158658159, 0.052340985681],
      [0.17944583754, 0.0016873662692, 0.81820022624, 0.00066656994824],
      [0.015452175634, 0.017808809427, 0.94134472625, 0.025394288687],
      [0.00065847192149, 0.95826026459, 0.014556024421, 0.026525239069],
      [0.01638933746, 0.26568991759, 0.61859053617, 0.099330208778],
      [0.14346985304, 0.20740980832, 0.24758766628, 0.40153267236]
    ],
    [
      [0.0014698940632, 0.70119749579, 0.17739948897, 0.11993312118],
      [0.20741657306, 0.00089081478672, 0.79072713245, 0.00096547970828],
      [0.018066341638, 0.0096397577253, 0.93446031892, 0.037833581716],
      [0.0013081406887, 0.90725002672, 0.024580991203, 0.066860841386],
      [0.020752584888, 0.1535148284, 0.66507380672, 0.16065878],
      [0.14944648634, 0.097713328409, 0.21701703721, 0.53582314805]
    ],
    [
      [0.00082334310736, 0.78491110818, 0.1174293135, 0.09683623521],
      [0.1797729593, 0.0014511506702, 0.8175902177, 0.0011856723261],
      [0.015052506045, 0.015090062229, 0.92520129465, 0.044656137072],
      [0.00067358813503, 0.93472665044, 0.014958816931, 0.049640944498],
      [0.015516008269, 0.22250694507, 0.58936430156, 0.17261274509],
      [0.1072943679, 0.13660554897, 0.18576763442, 0.57033244871]
    ],
    [
      [0.0012646521022, 0.79472423375, 0.11116936723, 0.09284174692],
      [0.26005532536, 0.0016932357109, 0.73710949839, 0.0011419405377],
      [0.024266052982, 0.019146793501, 0.909934278, 0.046652875521],
      [0.001057108132, 0.93575327678, 0.014485279431, 0.048704335658],
      [0.023777553465, 0.25543155548, 0.55399087311, 0.16680001795],
      [0.16032897774, 0.1550973504, 0.17296340482, 0.51161026705]
    ],
    [
      [0.001177526286, 0.74316734802, 0.16824789086, 0.087407234827],
      [0.17741468923, 0.0011756341385, 0.8206149381, 0.00079473853221],
      [0.015478388109, 0.012362698906, 0.94196466382, 0.030194249162],
      [0.0010436338393, 0.92709174831, 0.023247874002, 0.048616743849],
      [0.017607291953, 0.19085664218, 0.6664765602, 0.12505950567],
      [0.1435043477, 0.14048451152, 0.25238849342, 0.46362264735]
    ],
    [
      [0.00099011384476, 0.85852204588, 0.098287934209, 0.042199906064],
      [0.24206814928, 0.001859760376, 0.75549706656, 0.00057502378437],
      [0.021559705168, 0.020984343883, 0.93409010485, 0.023365846096],
      [0.00078121638838, 0.96622371552, 0.012060113134, 0.020934954959],
      [0.022042751818, 0.30322840642, 0.58645394342, 0.088274898344],
      [0.19350385838, 0.23054528884, 0.22722477773, 0.34872607505]
    ],
    [
      [0.00098289087707, 0.82603312972, 0.093324319777, 0.07965965963],
      [0.24478282443, 0.0021681880077, 0.75185140049, 0.0011975870687],
      [0.022413202085, 0.023934019277, 0.90589084861, 0.047761930032],
      [0.00080122031342, 0.9465864658, 0.011861967602, 0.040750346289],
      [0.020666662023, 0.29937041203, 0.51962732362, 0.16033560233],
      [0.14276920245, 0.18682979435, 0.16693823666, 0.50346276654]
    ],
    [
      [0.00098662438233, 0.76839980984, 0.13742978759, 0.093183778183],
      [0.18816485137, 0.001270704569, 0.80961267912, 0.00095176493324],
      [0.01548722275, 0.013433592387, 0.93467977763, 0.036399407229],
      [0.00083037139158, 0.93184847991, 0.017986303269, 0.049334845431],
      [0.016908783939, 0.20602335787, 0.62848474504, 0.14858311315],
      [0.12893281029, 0.13770835962, 0.21185932261, 0.52149950748]
    ],
    [
      [1.4269994509e-06, 0.99919780008, 0.00014710461632, 0.0006536683077],
      [0.036780404052, 0.046381004194, 0.91445122313, 0.0023873686258],
      [0.0040058514225, 0.27377279677, 0.67541530966, 0.046806042148],
      [2.2467320704e-06, 0.99929495229, 5.8099195277e-05, 0.00064470178176],
      [0.00011293947362, 0.99048236682, 0.0021802995156, 0.0072243941868],
      [0.0014804024207, 0.88409553526, 0.0064602757451, 0.10796378658]
    ],
    [
      [0.0014623153187, 0.79166566626, 0.1338163226, 0.073055695827],
      [0.25977627931, 0.0012377555189, 0.73826624488, 0.00071972028806],
      [0.023548757628, 0.014274564918, 0.93221368791, 0.029962989542],
      [0.0012118312983, 0.94352595087, 0.01724797665, 0.038014241182],
      [0.025905793677, 0.22003363015, 0.63221078237, 0.1218497938],
      [0.2023448288, 0.1489469902, 0.21843982094, 0.43026836006]
    ],
    [
      [0.00031527918508, 0.93631367368, 0.051533046622, 0.011838000513],
      [0.15387999911, 0.0025422195128, 0.84329065701, 0.00028712437381],
      [0.011130896756, 0.02506658411, 0.95388461654, 0.009917902596],
      [0.00023304226901, 0.98829216871, 0.005906541487, 0.0055682475348],
      [0.011144644891, 0.41258736529, 0.53901937156, 0.037248618259],
      [0.14703646511, 0.39951777743, 0.25490104946, 0.198544708]
    ],
    [
      [0.00082114666001, 0.95588700587, 0.012769646283, 0.030522201191],
      [0.69337578059, 0.0057872293049, 0.29963001527, 0.0012069748339],
      [0.099369211636, 0.11998063992, 0.69091448668, 0.089735661773],
      [0.00060861703241, 0.98380655633, 0.0014864949841, 0.014098331649],
      [0.036864978149, 0.68225087603, 0.1514823913, 0.12940175452],
      [0.23808099989, 0.35696971372, 0.042244388387, 0.362704898]
    ],
    [
      [0.00084087512853, 0.74329770759, 0.14531448152, 0.11054693577],
      [0.15142194473, 0.0013621163864, 0.84603253697, 0.0011834019113],
      [0.012592445297, 0.013732034315, 0.93055106704, 0.043124453347],
      [0.00073460351588, 0.91886812127, 0.019781503092, 0.06061577212],
      [0.013456511507, 0.20056936677, 0.61728868517, 0.16868543655],
      [0.097909449326, 0.13158888575, 0.20760591602, 0.5628957489]
    ],
    [
      [0.00079132959168, 0.82535916951, 0.10794948792, 0.065900012977],
      [0.18419170014, 0.002009519647, 0.812875225, 0.00092355521653],
      [0.01597374834, 0.021023798164, 0.92809395819, 0.034908495305],
      [0.00064838849845, 0.9516719711, 0.013790567735, 0.033889072663],
      [0.015874252133, 0.28407554148, 0.57362289568, 0.12642731071],
      [0.12626098631, 0.20402391434, 0.21198923084, 0.45772586851]
    ],
    [
      [0.0010738181726, 0.77894820772, 0.13603741526, 0.083940558846],
      [0.19741750751, 0.0013998929459, 0.80029084729, 0.00089175226063],
      [0.017204171937, 0.014966079147, 0.93337263775, 0.034457111166],
      [0.00090885366802, 0.93650013021, 0.017936615905, 0.044654400219],
      [0.018510684061, 0.22213395639, 0.62269178337, 0.13666357617],
      [0.14266702078, 0.15355825226, 0.21968895791, 0.48408576906]
    ],
    [
      [0.00029066561843, 0.79269773633, 0.080108043271, 0.12690355478],
      [0.094802260843, 0.0021750445877, 0.90075329606, 0.0022693985063],
      [0.0071074907321, 0.020049369214, 0.8968251579, 0.076017982156],
      [0.00023394565996, 0.92581950792, 0.010018694168, 0.063927852253],
      [0.0062819030357, 0.25937357712, 0.47458410089, 0.25976041896],
      [0.032937465874, 0.1290967223, 0.11707483082, 0.72089098101]
    ],
    [
      [0.00095272226294, 0.7971887388, 0.094435299239, 0.1074232397],
      [0.2369121727, 0.0020826720534, 0.7593955343, 0.0016096209458],
      [0.021167671841, 0.022455217806, 0.89367281576, 0.062704294589],
      [0.0007911668182, 0.93100148819, 0.012227204898, 0.055980140094],
      [0.019066834074, 0.27458972542, 0.50058931664, 0.20575412387],
      [0.11862896721, 0.1542989587, 0.14476436939, 0.5823077047]
    ],
    [
      [0.0011170238356, 0.77426490836, 0.12770456169, 0.096913506112],
      [0.21735796776, 0.001283000319, 0.78031673925, 0.001042292663],
      [0.018724713878, 0.013952436345, 0.92630978466, 0.041013065113],
      [0.00092613278436, 0.93222951602, 0.016474544255, 0.050369806937],
      [0.019909662031, 0.21010685309, 0.60705038076, 0.16293310412],
      [0.1403840729, 0.12987168538, 0.19184083885, 0.53790340288]
    ],
    [
      [0.0018224635581, 0.72242686766, 0.19139324417, 0.084357424613],
      [0.2279426233, 0.00091783208927, 0.77051273909, 0.00062680551833],
      [0.020995093554, 0.010282948154, 0.94335610043, 0.025365857861],
      [0.0016458046692, 0.92360945842, 0.026922003868, 0.047822733043],
      [0.025013827491, 0.16699671196, 0.69766823972, 0.11032122083],
      [0.2047770918, 0.12253712088, 0.26232288548, 0.41036290184]
    ],
    [
      [0.00073236927701, 0.86571835845, 0.077269757967, 0.056279514304],
      [0.23055777485, 0.0025176721212, 0.76592592014, 0.000998632884],
      [0.020094665759, 0.027519138986, 0.912964043, 0.039422152253],
      [0.00057382125888, 0.96231155675, 0.0094312282853, 0.027683393702],
      [0.017988932529, 0.3463994558, 0.50481003295, 0.13080157872],
      [0.13711158302, 0.23293742904, 0.17422518751, 0.45572580044]
    ],
    [
      [0.00029644817789, 0.95080991962, 0.026247133708, 0.022646498497],
      [0.26543599695, 0.0069245423587, 0.72654131061, 0.0010981500724],
      [0.022604479486, 0.075645020896, 0.85851960388, 0.043230895736],
      [0.00021955927802, 0.98623483033, 0.0030326247862, 0.010512985601],
      [0.0121553425, 0.61430701915, 0.285459715, 0.088077923353],
      [0.10222363018, 0.4466465455, 0.10920645151, 0.34192337282]
    ],
    [
      [0.00096380035177, 0.74464524771, 0.18655858844, 0.067832363498],
      [0.13889675827, 0.00093659704007, 0.85961892623, 0.000547718462],
      [0.011474190745, 0.0095639652575, 0.95875482973, 0.020207014263],
      [0.00083186288864, 0.93723396267, 0.025046717067, 0.03688745737],
      [0.014112373241, 0.16482723114, 0.72890866235, 0.092151733274],
      [0.13528109641, 0.14056043045, 0.31255346599, 0.41160500716]
    ],
    [
      [0.0023359001321, 0.66355560245, 0.15598242904, 0.17812606838],
      [0.32836952962, 0.0008012555235, 0.66947839799, 0.0013508168717],
      [0.031543756042, 0.0098564545347, 0.89825752815, 0.060342261272],
      [0.0021104142959, 0.87515400357, 0.021949449328, 0.10078613281],
      [0.033132202688, 0.14424397675, 0.58493174973, 0.23769207083],
      [0.18139146564, 0.069127897775, 0.14390592304, 0.60557471354]
    ],
    [
      [0.00093096866464, 0.84379564871, 0.098918821791, 0.056354560839],
      [0.23148027396, 0.0015896756664, 0.76618811896, 0.00074193141207],
      [0.020214638242, 0.01775269464, 0.93213533387, 0.029897333253],
      [0.00072653694754, 0.95959719246, 0.012014762248, 0.027661508341],
      [0.020850181427, 0.27074556668, 0.59151644817, 0.11688780372],
      [0.16580713427, 0.18692944997, 0.20887938922, 0.43838402654]
    ],
    [
      [0.0014991152289, 0.7686877827, 0.14585369677, 0.083959405297],
      [0.24147113519, 0.0012704054467, 0.7564527944, 0.00080566496212],
      [0.022415953025, 0.014313108015, 0.93047645316, 0.032794485802],
      [0.0012901468005, 0.93378894199, 0.019563800654, 0.045357110557],
      [0.024486129714, 0.21316339941, 0.63153887929, 0.13081159159],
      [0.18500778795, 0.14480777938, 0.22039009413, 0.44979433854]
    ],
    [
      [0.0011723517587, 0.94786782009, 0.023312324356, 0.02764750379],
      [0.67676794154, 0.001758563632, 0.32089756212, 0.0005759327086],
      [0.089829698022, 0.040171748301, 0.82358191678, 0.046416636895],
      [0.00087409155855, 0.98355623132, 0.0027348284582, 0.01283484866],
      [0.057635209972, 0.51168675393, 0.30455002412, 0.12612801198],
      [0.36625351077, 0.21278556866, 0.075621181293, 0.34533973927]
    ],
    [
      [0.00096296270547, 0.80310284818, 0.11738108247, 0.07855310664],
      [0.20163609089, 0.0017701196916, 0.79560086257, 0.00099292684921],
      [0.017828025453, 0.018858045776, 0.92509553603, 0.038218392742],
      [0.00080380618978, 0.9427682359, 0.015277341827, 0.041150616084],
      [0.018036475141, 0.25892377663, 0.58224055974, 0.14079918849],
      [0.13605852042, 0.176505669, 0.20428590507, 0.4831499055]
    ],
    [
      [0.0013841162238, 0.79038192199, 0.13086714132, 0.077366820462],
      [0.24578386007, 0.0014767555105, 0.75191030377, 0.00082908064504],
      [0.023022763788, 0.016671150287, 0.92649111284, 0.033814973083],
      [0.0011709879758, 0.9404870184, 0.01726315459, 0.041078839039],
      [0.024265014628, 0.23844030691, 0.60752056611, 0.12977411235],
      [0.1823484006, 0.16188375897, 0.2123030602, 0.44346478024]
    ],
    [
      [0.0029330099232, 0.75910851765, 0.16785445726, 0.07010401517],
      [0.36679386981, 0.00080332009849, 0.63193576339, 0.00046704670669],
      [0.037780101164, 0.010762112188, 0.92888390644, 0.022573880205],
      [0.0025034641579, 0.93755030643, 0.022284581052, 0.037661648357],
      [0.044671547801, 0.17780957379, 0.67859609606, 0.098922782349],
      [0.33555190284, 0.11381203464, 0.22102758447, 0.32960847804]
    ],
    [
      [0.0010246765591, 0.79230027866, 0.12681995824, 0.079855086544],
      [0.19927884505, 0.0016205314486, 0.79816314676, 0.00093747673726],
      [0.017631724812, 0.017280608207, 0.92896978672, 0.036117880258],
      [0.00086443549647, 0.94017734603, 0.016681522903, 0.042276695571],
      [0.018336039232, 0.24390336519, 0.60099788304, 0.13676271253],
      [0.14048685241, 0.16881055328, 0.21411310332, 0.47658949099]
    ],
    [
      [0.0032198574434, 0.60326214208, 0.19734678214, 0.19617121834],
      [0.35008970113, 0.000529432937, 0.64827502705, 0.0011058388827],
      [0.034298394091, 0.0067530124373, 0.90772038902, 0.051228204456],
      [0.0030460744482, 0.8514016677, 0.029003228982, 0.11654902887],
      [0.038957521369, 0.106060083, 0.63558684533, 0.2193955503],
      [0.21867829413, 0.051787032667, 0.15622686154, 0.57330781166]
    ],
    [
      [0.01046847601, 0.66108989957, 0.10849531566, 0.21994630876],
      [0.83494785148, 0.0002095114358, 0.1642558273, 0.00058680978297],
      [0.15711870664, 0.0078060262871, 0.75612449187, 0.078950775206],
      [0.0086174263742, 0.86585953498, 0.0137723611, 0.11175067755],
      [0.15510847266, 0.108347702, 0.43346040251, 0.30308342282],
      [0.52691836328, 0.023426306608, 0.04888293287, 0.40077239724]
    ],
    [
      [3.0819889886e-05, 0.94834828316, 0.041526388999, 0.010094507953],
      [0.00013864700894, 0.0017356951035, 0.99799206546, 0.00013359242718],
      [0.00070470247672, 0.020038727, 0.97314307354, 0.0061134969848],
      [2.2637118191e-05, 0.99049971192, 0.0047202392419, 0.0047574117195],
      [0.0009172480763, 0.40583101573, 0.56444749155, 0.028804244642],
      [0.0062282488885, 0.50756015045, 0.27043156596, 0.21578003471]
    ],
    [
      [9.5444328679e-05, 0.93208041192, 0.031354264, 0.036469879753],
      [0.079244200212, 0.0066439462567, 0.91252814701, 0.0015837065179],
      [0.0059036575391, 0.06000440121, 0.88221656504, 0.051875376213],
      [7.1339805691e-05, 0.97922328296, 0.0036590895032, 0.017046287731],
      [0.0035346370358, 0.55256201882, 0.31774532347, 0.12615802066],
      [0.02472169751, 0.3866603512, 0.10950092472, 0.47911702657]
    ],
    [
      [0.0017554407233, 0.77321762909, 0.13990669104, 0.085120239142],
      [0.28239876153, 0.0012286770674, 0.71557569366, 0.00079686775008],
      [0.027116601223, 0.014528204582, 0.92431623858, 0.034038955613],
      [0.0014965831061, 0.93435591222, 0.018581748855, 0.04556575582],
      [0.029328729258, 0.215581244, 0.62008458299, 0.13500544375],
      [0.21235054147, 0.13896881318, 0.20491300872, 0.44376763663]
    ],
    [
      [0.0027219084236, 0.88094310767, 0.063954499905, 0.052380484006],
      [0.64192061646, 0.0014028364717, 0.35617620281, 0.00050034425567],
      [0.081127270144, 0.029360541553, 0.85209472214, 0.037417466165],
      [0.0021039671139, 0.96474724244, 0.0076806769133, 0.025468113538],
      [0.070742713452, 0.36259248186, 0.44335485401, 0.12330995068],
      [0.43673752951, 0.16684891041, 0.10217923298, 0.29423432709]
    ],
    [
      [0.00060873178075, 0.83650920536, 0.067337576384, 0.095544486478],
      [0.22192905153, 0.0028771966131, 0.77325774936, 0.001936002494],
      [0.01839687372, 0.030014025539, 0.87852075467, 0.073068346075],
      [0.0004852349147, 0.94337870361, 0.0083642823345, 0.047771779143],
      [0.014687468122, 0.33495195722, 0.43213768391, 0.21822289075],
      [0.088532805253, 0.18090745261, 0.11886188711, 0.61169785502]
    ],
    [
      [0.0020497185734, 0.63205357328, 0.19571292399, 0.17018378416],
      [0.24972452483, 0.00069977931371, 0.74842774318, 0.0011479526685],
      [0.022413519772, 0.0078866494689, 0.92283013794, 0.04686969282],
      [0.0019399349401, 0.86812792071, 0.028804599909, 0.10112754444],
      [0.02560214013, 0.12402705763, 0.65109468799, 0.19927611425],
      [0.16149732269, 0.06940101587, 0.18409158148, 0.58501007996]
    ],
    [
      [0.0012499879551, 0.80539297987, 0.12179254691, 0.07156448527],
      [0.24462079068, 0.0015016166038, 0.75307363487, 0.00080395784349],
      [0.022256357069, 0.016953797791, 0.92799332937, 0.032796515771],
      [0.0010323815786, 0.94619429293, 0.015670900342, 0.037102425149],
      [0.023349405339, 0.2464427741, 0.60350608414, 0.12670173642],
      [0.17909963438, 0.16732388986, 0.21025707231, 0.44331940345]
    ],
    [
      [0.00144259873, 0.75016115193, 0.099873244752, 0.14852300459],
      [0.31307533903, 0.0014923642787, 0.68361571022, 0.001816586475],
      [0.029193168768, 0.017486630576, 0.87632998235, 0.076990218304],
      [0.0012181111189, 0.90710465941, 0.013125021548, 0.078552207924],
      [0.026587973848, 0.22228487799, 0.4907326359, 0.26039451226],
      [0.14096453949, 0.10376396971, 0.11753908438, 0.63773240643]
    ],
    [
      [0.0017510918354, 0.78069920299, 0.12997211992, 0.087577585257],
      [0.29667942403, 0.0013104886399, 0.70114664908, 0.00086343824968],
      [0.02889660991, 0.01570535008, 0.91801791562, 0.037380124391],
      [0.0014806945102, 0.93489606147, 0.017121215757, 0.04650202826],
      [0.030392640287, 0.22667670333, 0.59865393507, 0.14427672131],
      [0.21174022607, 0.14080660384, 0.19056084995, 0.45689232014]
    ],
    [
      [0.00061222892836, 0.81933194511, 0.097676679666, 0.082379146296],
      [0.16194124815, 0.0021661373809, 0.83461592782, 0.0012766866553],
      [0.013335346089, 0.021841388207, 0.91830787549, 0.046515390212],
      [0.00049954313979, 0.94489906919, 0.012411360551, 0.042190027123],
      [0.012682333753, 0.28549915423, 0.53933371498, 0.16248479704],
      [0.092229299424, 0.18624983355, 0.17972906388, 0.54179180315]
    ],
    [
      [0.003600755395, 0.93825052841, 0.024804243551, 0.033344472647],
      [0.9307502315, 0.00067837430259, 0.068402457063, 0.00016893713423],
      [0.2139952263, 0.051583225097, 0.69069018432, 0.043731364287],
      [0.0026730795421, 0.97894372717, 0.0028999560444, 0.015483237245],
      [0.13722643682, 0.50862653178, 0.24342231322, 0.11072471818],
      [0.68134818219, 0.13081148764, 0.032424281831, 0.15541604834]
    ],
    [
      [0.00037838199045, 0.82677312428, 0.071619681738, 0.10122881199],
      [0.13963004861, 0.0029326067707, 0.85532570979, 0.002111634833],
      [0.0107371141, 0.027997610255, 0.88829405101, 0.072971224637],
      [0.00030380446851, 0.93975926945, 0.0089561832211, 0.050980742863],
      [0.0088163569695, 0.32052623385, 0.44672654895, 0.22393086023],
      [0.05361921739, 0.17702649101, 0.12484568893, 0.64450860268]
    ],
    [
      [0.0013055838558, 0.79720247062, 0.10329604607, 0.098195899457],
      [0.28213551583, 0.0016943033953, 0.71492864207, 0.0012415387071],
      [0.026538390653, 0.019568454361, 0.90208982599, 0.051803329001],
      [0.0010797939972, 0.93466520748, 0.013307574237, 0.050947424286],
      [0.025403975361, 0.25818910886, 0.53431128043, 0.18209563535],
      [0.16271861202, 0.14747836249, 0.15675566179, 0.53304736369]
    ],
    [
      [0.001137349403, 0.7119631353, 0.19375233775, 0.09314717755],
      [0.15283967503, 0.00084543453644, 0.84561184975, 0.00070304067532],
      [0.012709815313, 0.0086934861337, 0.95246658499, 0.026130113561],
      [0.0010066884976, 0.92050255027, 0.026594316438, 0.051896444799],
      [0.015584703703, 0.14831063885, 0.71724128676, 0.11886337068],
      [0.13421353594, 0.1137708149, 0.27383861292, 0.47817703624]
    ],
    [
      [0.0022887269039, 0.77228667054, 0.1167646389, 0.10865996366],
      [0.38555030262, 0.0012227459466, 0.61219247623, 0.0010344752074],
      [0.040634433103, 0.016277700475, 0.8933679241, 0.049719942326],
      [0.0019268200482, 0.92539964481, 0.015300870539, 0.057372664598],
      [0.040644389564, 0.22485499542, 0.55136547394, 0.18313514107],
      [0.24241937635, 0.11729627583, 0.14741582939, 0.49286851843]
    ],
    [
      [0.00053380876865, 0.87593243296, 0.04719326629, 0.07634049198],
      [0.26244796541, 0.0040657701228, 0.73136635648, 0.0021199079875],
      [0.022322918341, 0.043463585394, 0.85231894056, 0.081894555702],
      [0.00041315027442, 0.95685809984, 0.0056945982007, 0.037034151681],
      [0.015287160847, 0.41712833532, 0.35930415118, 0.20828035265],
      [0.09285326179, 0.22528102438, 0.099809679702, 0.58205603413]
    ],
    [
      [0.00076652412866, 0.87521599757, 0.052837860436, 0.07117961787],
      [0.30985345709, 0.0035930369582, 0.68485509148, 0.0016984144793],
      [0.029139490303, 0.041296389071, 0.8590450897, 0.070519030926],
      [0.00059619702037, 0.95826252338, 0.0064073684649, 0.034733911135],
      [0.021016248781, 0.40850629379, 0.38410404211, 0.18637341532],
      [0.13113287064, 0.22872020719, 0.11068186249, 0.52946505968]
    ],
    [
      [0.0020052802056, 0.81467195431, 0.097639807075, 0.085682958406],
      [0.40536894415, 0.0014456378162, 0.59226266586, 0.00092275218336],
      [0.042491108525, 0.01985799235, 0.89188611603, 0.045764783095],
      [0.001627992863, 0.94235276618, 0.012338394878, 0.043680846078],
      [0.040851423728, 0.267355779, 0.52808121284, 0.16371158444],
      [0.2553616669, 0.14351514009, 0.14495407893, 0.45616911409]
    ],
    [
      [0.00059111334518, 0.91170659873, 0.050224608096, 0.037477679825],
      [0.27164690773, 0.0039421912592, 0.72344022115, 0.00097067985661],
      [0.024330382443, 0.044499826421, 0.89163098252, 0.039538808613],
      [0.00044874527826, 0.97575077081, 0.0059427131068, 0.017857770802],
      [0.018109712215, 0.46382840125, 0.40918612738, 0.10887575916],
      [0.14301300366, 0.32213307525, 0.1460799966, 0.38877392449]
    ],
    [
      [0.00062776418214, 0.85047448058, 0.06209620726, 0.086801547974],
      [0.23875232486, 0.0032431626449, 0.7560731603, 0.0019313522012],
      [0.020512518594, 0.034256270309, 0.87152014136, 0.073711069733],
      [0.00049682718066, 0.94875067418, 0.0076601240146, 0.04309237463],
      [0.015766789101, 0.36191498743, 0.41421188295, 0.20810634052],
      [0.097079731435, 0.19976821669, 0.11738235573, 0.58576969615]
    ],
    [
      [0.00073119543355, 0.85007530096, 0.10156662042, 0.047626883185],
      [0.18277607071, 0.0020297085079, 0.8145161158, 0.00067810497954],
      [0.015436112415, 0.021345968515, 0.93749923895, 0.025718680123],
      [0.00058437837337, 0.96286347338, 0.012622203802, 0.023929944441],
      [0.015721079744, 0.30151435653, 0.58621472343, 0.096549840287],
      [0.14014747974, 0.23672468851, 0.23325234401, 0.38987548774]
    ],
    [
      [0.00014727369072, 0.91167107099, 0.034539429268, 0.053642226053],
      [0.11263692905, 0.0062299045283, 0.87885227758, 0.0022808888376],
      [0.0082148096011, 0.056473984642, 0.86045049099, 0.074860714768],
      [0.00011117569457, 0.97048215422, 0.0040691116985, 0.025337558383],
      [0.005008587517, 0.50354482559, 0.31705131351, 0.17439527338],
      [0.032797485205, 0.30437763223, 0.097663546496, 0.56516133607]
    ],
    [
      [0.001138597597, 0.77681210742, 0.14004020976, 0.082009085226],
      [0.24157699521, 0.0010175678626, 0.75673221695, 0.00067321997613],
      [0.015798188486, 0.010900223481, 0.94759304174, 0.025708546295],
      [0.00093926148572, 0.93837409412, 0.017696668536, 0.042989975859],
      [0.019288600336, 0.18847007479, 0.67266093329, 0.11958039159],
      [0.18690529551, 0.1338466178, 0.22018601945, 0.45906206724]
    ],
    [
      [0.00065041268915, 0.86261599652, 0.045374511636, 0.091359079156],
      [0.31185514772, 0.0039849434409, 0.68169301558, 0.0024668932567],
      [0.027506277698, 0.044364853842, 0.8288915929, 0.099237275565],
      [0.00050798563765, 0.94923304259, 0.0055256206559, 0.04473335112],
      [0.018096964587, 0.40457887509, 0.33535206967, 0.24197209066],
      [0.10052871719, 0.20026069985, 0.085021380726, 0.61418920223]
    ],
    [
      [0.0023948253354, 0.83710548683, 0.087198324575, 0.07330136326],
      [0.46896973734, 0.0015597616427, 0.52866263063, 0.00080787038937],
      [0.056043612642, 0.023593588789, 0.87626355852, 0.044099240053],
      [0.0019219785099, 0.95024806819, 0.010900499917, 0.03692945338],
      [0.051615567174, 0.30019558548, 0.498620965, 0.14956788234],
      [0.30873677316, 0.15708652861, 0.13390239333, 0.4002743049]
    ],
    [
      [0.00011141107038, 0.87776578201, 0.031089591312, 0.091033215607],
      [0.095970848456, 0.0068334500063, 0.89302662399, 0.004169077548],
      [0.0064495390178, 0.057529447893, 0.80825746607, 0.12776354702],
      [8.5940039315e-05, 0.9523897252, 0.0037436405541, 0.043780694209],
      [0.0034710347398, 0.45838088371, 0.26425004519, 0.27389803635],
      [0.015343353348, 0.21917551784, 0.062891205747, 0.70258992307]
    ],
    [
      [0.00084847760623, 0.82692574718, 0.043691078345, 0.12853469687],
      [0.91158549677, 0.00020454561557, 0.088006457979, 0.00020349963829],
      [0.041358455396, 0.017646385571, 0.87568800201, 0.06530715702],
      [0.00065450732531, 0.93398952248, 0.0052730136397, 0.060082956554],
      [0.028935000912, 0.28549773407, 0.37734776193, 0.30821950309],
      [0.10120878027, 0.11822446547, 0.08819003516, 0.6923767191]
    ],
    [
      [0.00016498523451, 0.88385050737, 0.062097241814, 0.053887265579],
      [0.06280903924, 0.003051093667, 0.93297205399, 0.0011678131032],
      [0.0050792133984, 0.028180179772, 0.9276797519, 0.039060854933],
      [0.00012614447173, 0.96656876822, 0.0073739752289, 0.025931112076],
      [0.0045323416352, 0.37530525677, 0.48311423393, 0.13704816767],
      [0.032348401673, 0.26676758921, 0.16403233595, 0.53685167317]
    ],
    [
      [9.9632328681e-05, 0.95712220472, 0.021031814242, 0.021746348712],
      [0.12159493341, 0.010751496801, 0.86614988553, 0.0015036842588],
      [0.0087372739578, 0.096669919505, 0.84582683229, 0.048765974245],
      [7.3395601888e-05, 0.9874628035, 0.0024240743383, 0.010039726556],
      [0.0041869357441, 0.66766628489, 0.24042292182, 0.087723857551],
      [0.035690151721, 0.51376868719, 0.094774358407, 0.35576680268]
    ],
    [
      [0.0005342704595, 0.84943941564, 0.071739605268, 0.078286708636],
      [0.18688363161, 0.002935998447, 0.80858209766, 0.0015982722811],
      [0.01546722148, 0.029832410925, 0.89601959562, 0.058680771977],
      [0.00042375634291, 0.95175523708, 0.008865524858, 0.038955481723],
      [0.012922191669, 0.34456114258, 0.4620074432, 0.18050922256],
      [0.087297565792, 0.20866769822, 0.14337918348, 0.56065555251]
    ],
    [
      [0.020918268328, 0.86544661383, 0.025049585498, 0.088585532342],
      [0.98646113703, 0.00012085639045, 0.013332262523, 8.5744055937e-05],
      [0.61056641172, 0.022906339475, 0.30942551259, 0.057101736213],
      [0.016045892748, 0.93869201167, 0.0030171611098, 0.042244934472],
      [0.44399847159, 0.25846909211, 0.13142534565, 0.16610709065],
      [0.86946735025, 0.027046572431, 0.0075454156701, 0.095940661652]
    ],
    [
      [0.0012214484774, 0.92293300329, 0.034985330958, 0.040860217273],
      [0.67056448244, 0.0017082803026, 0.32717974842, 0.00054748884327],
      [0.063986345644, 0.037823845039, 0.85543522277, 0.042754586542],
      [0.00090948920238, 0.97598682263, 0.0040807563042, 0.019022931861],
      [0.046712155026, 0.46467196447, 0.35568824465, 0.13292763586],
      [0.34201400733, 0.21889413731, 0.087190236176, 0.35190161919]
    ],
    [
      [0.0013475280729, 0.7948356441, 0.095625550221, 0.1081912776],
      [0.3182778506, 0.0015893983971, 0.67878011031, 0.0013526407025],
      [0.028925509378, 0.019076746167, 0.89331787549, 0.058679868963],
      [0.0011009453294, 0.93137677216, 0.01215406286, 0.055368219654],
      [0.02717299729, 0.25274345942, 0.51402129005, 0.20606225324],
      [0.1645178143, 0.131201566, 0.13649469232, 0.56778592738]
    ],
    [
      [2.1279635958e-05, 0.97194055245, 0.005357936462, 0.022680231449],
      [0.099193086464, 0.031698465054, 0.86431483746, 0.0047936110252],
      [0.0054071696926, 0.22617196091, 0.64378057092, 0.12464029848],
      [1.6129640067e-05, 0.98892420013, 0.00064352390386, 0.010416146322],
      [0.0010570331615, 0.81137090345, 0.073426143014, 0.11414592038],
      [0.0056385124251, 0.53788890231, 0.025171551376, 0.43130103389]
    ],
    [
      [0.001024523373, 0.87885464607, 0.034722509352, 0.085398321209],
      [0.53339767873, 0.0027459287323, 0.46213966987, 0.0017167226693],
      [0.052363643564, 0.043109919483, 0.80756762065, 0.096958816301],
      [0.00078463570246, 0.95431186289, 0.0041596071713, 0.040743894232],
      [0.032790725708, 0.42175350622, 0.29568887066, 0.24976689741],
      [0.17055290018, 0.178865253, 0.063730587989, 0.58685125883]
    ],
    [
      [0.00073575103273, 0.94555996591, 0.025601914998, 0.028102368063],
      [0.54507990443, 0.004343357949, 0.44972394303, 0.00085279459436],
      [0.055454375913, 0.072498918869, 0.82065298967, 0.051393715545],
      [0.00054595451471, 0.9834346659, 0.0029661867125, 0.013053192869],
      [0.029821007708, 0.59233602224, 0.27143631061, 0.10640665944],
      [0.22919145769, 0.34921762179, 0.084799431069, 0.33679148945]
    ],
    [
      [0.042012196412, 0.89859074992, 0.053377064938, 0.0060199887297],
      [0.48728059824, 0.001142097403, 0.51060124437, 0.00097605997989],
      [0.86101020002, 0.00067528342846, 0.13788353992, 0.00043097662506],
      [0.027966372009, 0.96325740539, 0.0057193134503, 0.0030569091491],
      [0.90505736688, 0.007979536123, 0.085852994197, 0.0011101027999],
      [0.29300155834, 0.11727991458, 0.10754217476, 0.48217635232]
    ],
    [
      [0.00036042479489, 0.90145478687, 0.052454770497, 0.045730017839],
      [0.17398526323, 0.0043900380415, 0.82031615577, 0.0013085429599],
      [0.014272893309, 0.043891796895, 0.89459074377, 0.047244566029],
      [0.00027585001205, 0.97150607468, 0.0062577398645, 0.021960335445],
      [0.010614176628, 0.44964581622, 0.41102664269, 0.12871336445],
      [0.082431858248, 0.31333804116, 0.14722919904, 0.45700090155]
    ],
    [
      [0.00043518331784, 0.88598978925, 0.058465719826, 0.055109307602],
      [0.18661501424, 0.0037188460387, 0.80828287849, 0.0013832612317],
      [0.015488352534, 0.037823306974, 0.89587520539, 0.050813135098],
      [0.00033611597292, 0.96592265231, 0.0070380201769, 0.026703211538],
      [0.012076025635, 0.41043879051, 0.43160310234, 0.14588208152],
      [0.088962460263, 0.27058659641, 0.1463829421, 0.49406800123]
    ],
    [
      [0.0020192919115, 0.77224008028, 0.14964729834, 0.076093329467],
      [0.29726091753, 0.0011334709372, 0.70095563338, 0.00064997815827],
      [0.029348299522, 0.013747136496, 0.92842529368, 0.0284792703],
      [0.0017318993619, 0.93723770566, 0.019999360402, 0.04103103458],
      [0.032659434008, 0.20955450247, 0.64147818223, 0.11630788128],
      [0.24465601095, 0.14026651399, 0.21972604535, 0.39535142971]
    ],
    [
      [0.0023038921287, 0.79450898156, 0.096897620939, 0.10628950537],
      [0.4352979844, 0.0014233096875, 0.56215967207, 0.0011190338377],
      [0.048444173703, 0.020206032733, 0.87397572462, 0.057374068943],
      [0.0019061722103, 0.93041146622, 0.012486415868, 0.055195945703],
      [0.044922385554, 0.25816237242, 0.500796146, 0.19611909602],
      [0.25272327418, 0.12706989461, 0.12624772091, 0.4939591103]
    ],
    [
      [0.00071371355504, 0.83034903727, 0.062578741819, 0.10635850736],
      [0.26122405107, 0.0030890670082, 0.73339280681, 0.002294075111],
      [0.022830535135, 0.033030602021, 0.85547854457, 0.088660318275],
      [0.00057243609164, 0.93809203036, 0.0078248354683, 0.053510698078],
      [0.017154358358, 0.33990458708, 0.39870223249, 0.24423882208],
      [0.096527972824, 0.17199051945, 0.1037378305, 0.62774367723]
    ],
    [
      [0.0010510905033, 0.8934543917, 0.060545049275, 0.044949468525],
      [0.35314990152, 0.0028699042867, 0.64311193703, 0.00086825715417],
      [0.035759492251, 0.036239175243, 0.88846278351, 0.039538548996],
      [0.00080851232535, 0.97023554568, 0.0072568054994, 0.0216991365],
      [0.028981345568, 0.40909138944, 0.4440698589, 0.1178574061],
      [0.20943689216, 0.26033045175, 0.14550498894, 0.38472766716]
    ],
    [
      [0.0012241566008, 0.85875206491, 0.064668769053, 0.075355009434],
      [0.37529916371, 0.0023137982951, 0.62109722106, 0.0012898169365],
      [0.037611553812, 0.029597852444, 0.87331453383, 0.059476059916],
      [0.00095556147648, 0.9543277484, 0.0078587320247, 0.036857958103],
      [0.031061880964, 0.34748514417, 0.43942207565, 0.18203089922],
      [0.19003638148, 0.18366345387, 0.11982512347, 0.50647504118]
    ],
    [
      [0.00011070084832, 0.93065915538, 0.020489166807, 0.048740976962],
      [0.13691426462, 0.0097208534731, 0.85023782267, 0.0031270592356],
      [0.0089684232016, 0.084507474481, 0.80830844531, 0.098215657005],
      [8.2668325292e-05, 0.97480032219, 0.0024061772337, 0.022710832254],
      [0.0042788563141, 0.59467072938, 0.21850676882, 0.18254364549],
      [0.025070498302, 0.34184500045, 0.063341117766, 0.56974338348]
    ],
    [
      [0.00027276392797, 0.89250207287, 0.064815328896, 0.042409834306],
      [0.11217699632, 0.003358674261, 0.88348305044, 0.00098127897967],
      [0.0088107105817, 0.032372806947, 0.92465629482, 0.034160187654],
      [0.00020929526408, 0.97159151939, 0.0077420281547, 0.02045715719],
      [0.0075592239101, 0.39790295133, 0.48423948811, 0.11029833665],
      [0.064110711309, 0.30466954766, 0.18703380365, 0.44418593738]
    ],
    [
      [0.001575320951, 0.89759774966, 0.053387236281, 0.047439693104],
      [0.50187498319, 0.0023527427703, 0.49501540071, 0.00075687333261],
      [0.058338545853, 0.037176509743, 0.86142655417, 0.043058390234],
      [0.0012027528276, 0.9696981251, 0.0063501415485, 0.022748980529],
      [0.045582488175, 0.41634539786, 0.41077439265, 0.12729772131],
      [0.29615651933, 0.22745392626, 0.11490583804, 0.36148371636]
    ],
    [
      [0.0010155488634, 0.83283743317, 0.10295335301, 0.063193664954],
      [0.23797201911, 0.0018849364364, 0.75929931718, 0.00084372727227],
      [0.021232908262, 0.020997878869, 0.92381640185, 0.033952811022],
      [0.00082201879815, 0.95406780741, 0.012979748975, 0.032130424817],
      [0.021066678608, 0.28762661591, 0.5672845158, 0.12402218969],
      [0.16428740954, 0.19831901125, 0.20005407485, 0.43733950436]
    ],
    [
