{
  "X": [
    [2, 9, 2, 1],
    [19, 116, 527, 42],
    [16, 100, 329, 33],
    [10, 60, 329, 20],
    [31, 235, 428, 39],
    [12, 193, 247, 22],
    [9, 33, 87, 8],
    [2, 4, 25, 1],
    [14, 164, 357, 16],
    [24, 508, 241, 19],
    [22, 327, 382, 48],
    [37, 482, 521, 44],
    [11, 131, 254, 14],
    [32, 706, 629, 60],
    [2, 4, 5, 2],
    [6, 9, 18, 6],
    [4, 25, 40, 4],
    [0, 5, 3, 0],
    [0, 2, 5, 0],
    [2, 5, 12, 1],
    [31, 159, 334, 27],
    [8, 101, 219, 20],
    [18, 97, 109, 15],
    [2, 16, 41, 3],
    [10, 22, 76, 7],
    [7, 39, 20, 1],
    [3, 11, 16, 3],
    [13, 222, 115, 16],
    [118, 383, 1058, 80],
    [43, 370, 493, 32],
    [80, 314, 671, 54],
    [9, 109, 102, 12],
    [2, 11, 2, 1],
    [75, 796, 888, 82],
    [2, 7, 14, 0],
    [60, 600, 542, 50],
    [5, 26, 21, 1],
    [0, 16, 27, 1],
    [2, 10, 12, 1],
    [3, 6, 13, 1],
    [14, 167, 203, 22],
    [17, 202, 236, 33],
    [5, 52, 67, 3],
    [54, 117, 320, 18],
    [79, 301, 678, 46],
    [11, 79, 181, 19],
    [13, 79, 188, 16],
    [13, 40, 186, 31],
    [15, 148, 261, 28],
    [167, 1491, 2493, 219],
    [5, 47, 33, 4],
    [0, 25, 50, 1],
    [1, 15, 23, 3],
    [0, 12, 15, 2],
    [8, 63, 64, 7],
    [24, 171, 250, 17],
    [165, 713, 1038, 132],
    [10, 70, 59, 5]
  ],
  "W": [
    [3, 2, 8, 0, 1],
    [51, 373, 173, 66, 41],
    [36, 234, 140, 40, 28],
    [28, 236, 90, 31, 34],
    [59, 248, 342, 49, 35],
    [41, 132, 257, 23, 21],
    [10, 54, 54, 12, 7],
    [6, 17, 6, 1, 2],
    [78, 131, 272, 35, 35],
    [57, 126, 571, 20, 18],
    [74, 211, 411, 44, 39],
    [86, 276, 606, 54, 62],
    [36, 125, 202, 27, 20],
    [119, 346, 825, 79, 58],
    [4, 1, 6, 0, 2],
    [7, 13, 15, 1, 3],
    [9, 28, 32, 1, 3],
    [0, 2, 6, 0, 0],
    [1, 3, 2, 0, 1],
    [3, 7, 9, 0, 1],
    [84, 188, 222, 30, 27],
    [26, 133, 157, 22, 10],
    [23, 68, 114, 22, 12],
    [3, 26, 22, 6, 5],
    [14, 48, 39, 9, 5],
    [5, 11, 43, 1, 7],
    [2, 11, 17, 0, 3],
    [32, 47, 253, 19, 15],
    [268, 614, 556, 118, 83],
    [131, 263, 436, 48, 60],
    [198, 383, 397, 82, 59],
    [28, 36, 143, 12, 13],
    [1, 2, 10, 2, 1],
    [171, 532, 968, 98, 72],
    [2, 8, 11, 0, 2],
    [136, 304, 696, 65, 51],
    [8, 15, 29, 0, 1],
    [10, 9, 21, 2, 2],
    [2, 9, 11, 1, 2],
    [6, 6, 7, 2, 2],
    [37, 125, 197, 31, 16],
    [39, 148, 244, 31, 26],
    [11, 35, 71, 8, 2],
    [129, 160, 163, 32, 25],
    [244, 276, 447, 75, 62],
    [34, 93, 103, 37, 23],
    [18, 126, 113, 20, 19],
    [21, 139, 66, 27, 17],
    [50, 149, 192, 41, 20],
    [452, 1469, 1894, 326, 229],
    [12, 14, 55, 4, 4],
    [10, 30, 30, 2, 4],
    [7, 12, 20, 0, 3],
    [2, 11, 14, 1, 1],
    [13, 31, 88, 6, 4],
    [51, 164, 208, 17, 22],
    [285, 627, 926, 97, 113],
    [28, 28, 82, 3, 3]
  ],
  "method": "mvn_pdf",
  "cond_prob": [
    [
      [0.60506455534, 0.32094526071, 0.047447451408, 0.026542732543],
      [0.034042972869, 0.088755732342, 0.69701527667, 0.18018601812],
      [0, 0.95719979489, 0, 0.042800205108],
      [0.013919075843, 0.12550952308, 0.67135784813, 0.18921355295],
      [0.11672038825, 0.20205439404, 0.46362709244, 0.21759812527]
    ],
    [
      [0.21893826529, 0.02554207463, 0.74118243439, 0.014337225698],
      [0.010830149006, 0.011241607357, 0.90680317546, 0.071125068179],
      [0.0087338399346, 0.62438267449, 0.33651085542, 0.030372630159],
      [0.0048671672971, 0.01755719477, 0.89833486552, 0.079240772412],
      [0.047861354659, 0.032372124601, 0.81599103143, 0.10377548931]
    ],
    [
      [0.25675136085, 0.03009703337, 0.6962112438, 0.016940361979],
      [0.014983911204, 0.012241578865, 0.88538323521, 0.087391274726],
      [0.010065668978, 0.67222382419, 0.2851338539, 0.032576652937],
      [0.0062011125534, 0.021303279479, 0.87535203076, 0.097143577205],
      [0.056909915314, 0.038875384962, 0.77942490746, 0.12478979227]
    ],
    [
      [0.19963173092, 0.024406726024, 0.76470551106, 0.011256031998],
      [0.0088832667447, 0.010559829591, 0.92657249717, 0.053984406495],
      [0.0078483410022, 0.61396791119, 0.35430416036, 0.023879587449],
      [0.0043042332727, 0.016516246478, 0.91619518511, 0.062984335138],
      [0.043355254728, 0.031040477645, 0.84199150552, 0.083612762104]
    ],
    [
      [0.31424329146, 0.027442773487, 0.6441618574, 0.014152077653],
      [0.019391766229, 0.013130866283, 0.88861630302, 0.078861064465],
      [0.013518687744, 0.66598109194, 0.29017832848, 0.03032189184],
      [0.0082015122429, 0.02114429441, 0.88242118371, 0.088233009638],
      [0.075006356309, 0.037794790224, 0.77537088348, 0.11182796999]
    ],
    [
      [0.20687157987, 0.041346724406, 0.73568029224, 0.01610140348],
      [0.010211494683, 0.01506596253, 0.89583886825, 0.078883674534],
      [0.0044390815896, 0.72994783245, 0.24016627325, 0.025446812709],
      [0.0045418027931, 0.027805799789, 0.88033593849, 0.087316458932],
      [0.04404964259, 0.051426233804, 0.79123421898, 0.11328990462]
    ],
    [
      [0.50769334266, 0.014925528769, 0.46710017817, 0.010280950401],
      [0.028411072522, 0.014263442406, 0.88040394294, 0.07692154213],
      [0.02229515831, 0.58721172724, 0.35281397599, 0.037679138464],
      [0.014307031341, 0.016009502853, 0.88552595818, 0.084157507626],
      [0.14474939034, 0.025567359625, 0.72984558541, 0.099837664626]
    ],
    [
      [0.23345222618, 0.017066123652, 0.74092939261, 0.0085522575561],
      [0.024256224593, 0.0048253483307, 0.93033183593, 0.040586591145],
      [0.013577051937, 0.62600742807, 0.34305433113, 0.017361188866],
      [0.0056420632622, 0.012318994289, 0.94030499059, 0.041733951856],
      [0.049913224973, 0.023604386876, 0.87007572808, 0.056406660071]
    ],
    [
      [0.1548135177, 0.02611256052, 0.81015823875, 0.0089156830309],
      [0.0046872772956, 0.016081747155, 0.93533304223, 0.043897933323],
      [0.00028732087098, 0.58204222389, 0.39783893678, 0.019831518465],
      [0.0025368534989, 0.015806329239, 0.93113187737, 0.050524939891],
      [0.032673461262, 0.028222999478, 0.87077778099, 0.068325758273]
    ],
    [
      [0.29532800897, 0.076613127162, 0.61565519888, 0.012403664994],
      [0.018559737446, 0.035824869828, 0.87365939917, 0.071955993554],
      [0.0060009030314, 0.8688096979, 0.11494023497, 0.010249164102],
      [0.0077507758558, 0.058836117248, 0.85346609369, 0.07994701321],
      [0.069235856819, 0.10289212832, 0.72924296259, 0.09862905227]
    ],
    [
      [0.21891851602, 0.050858118118, 0.70774299519, 0.022480370671],
      [0.010799741173, 0.019031598307, 0.85912348586, 0.11104517466],
      [0.0037657788308, 0.7672794749, 0.20145400112, 0.027500745155],
      [0.0047403619571, 0.033820564108, 0.83737314971, 0.12406592422],
      [0.045255728249, 0.06104776957, 0.73615255879, 0.15754394339]
    ],
    [
      [0.27286791987, 0.047086266601, 0.66643262889, 0.013613184636],
      [0.016270336173, 0.019027970694, 0.89121181059, 0.073489882546],
      [0.0078823083374, 0.77049616433, 0.20235285711, 0.019268670227],
      [0.0068554586485, 0.034797151073, 0.87639668176, 0.081950708517],
      [0.06283665303, 0.062889345482, 0.7703400318, 0.10393396969]
    ],
    [
      [0.20017344009, 0.026601703669, 0.76298434081, 0.010240515433],
      [0.010176132651, 0.014582803978, 0.92459166, 0.050649403369],
      [0.007541458592, 0.62906734085, 0.34260004455, 0.020791156013],
      [0.0044514548133, 0.018117568899, 0.91959824362, 0.057832732663],
      [0.043908783003, 0.032935547978, 0.84621223268, 0.076943436336]
    ],
    [
      [0.20745830471, 0.068263181496, 0.70747712748, 0.01680138632],
      [0.010120266669, 0.02763733308, 0.87805778746, 0.084184612787],
      [0.0010926914513, 0.82400689567, 0.15710924263, 0.017791170249],
      [0.0044985452656, 0.046409449329, 0.85614280481, 0.092949200595],
      [0.044034378431, 0.083484978179, 0.75434173475, 0.11813890864]
    ],
    [
      [0.40005980762, 0.044322573621, 0.55561761876, 0],
      [0.015756830638, 0.011405547401, 0.44045680583, 0.53238081613],
      [0.050771285457, 0.62711679711, 0.29586928512, 0.026242632305],
      [0.004131578114, 0.0080107451078, 0.37454619284, 0.61331148394],
      [0.039688113074, 0.024301687713, 0.28092850419, 0.65508169502]
    ],
    [
      [0.65458416796, 0.026877538535, 0.31853829351, 0],
      [0.0306537122, 0.039391759059, 0.65251227481, 0.27744225393],
      [0.037091814653, 0.54814288767, 0.37194083853, 0.042824459143],
      [0.018176738765, 0.012243099921, 0.53269850744, 0.43688165387],
      [0.14828620238, 0.02179264918, 0.39192042912, 0.43800071931]
    ],
    [
      [0.3083576704, 0.037794375745, 0.63741281483, 0.016435139019],
      [0.021160032927, 0.012031194389, 0.87878046206, 0.088028310626],
      [0.01315380393, 0.75415242798, 0.20320753316, 0.02948623493],
      [0.0073907761578, 0.029684025599, 0.87104237519, 0.091882823051],
      [0.067995847508, 0.053471818137, 0.76124943086, 0.1172829035]
    ],
    [
      [1.2694997642e-10, 0.055838682467, 0.9336849186, 0.010476398805],
      [0, 0.0078100054764, 0.99218999452, 0],
      [0, 0.83072999817, 0.16927000183, 0],
      [8.0074487166e-06, 0.030197078845, 0.96660486712, 0.003190046588],
      [2.2648543241e-10, 0.062634740597, 0.93361304796, 0.0037522112176]
    ],
    [
      [0, 0.043588806658, 0.95641119334, 0],
      [0, 0.007356496576, 0.99264350342, 0],
      [0, 0.93891182497, 0.061088175033, 0],
      [0.00053301493953, 0.022760646153, 0.97018159613, 0.0065247427809],
      [0, 0.05651805368, 0.94348194632, 0]
    ],
    [
      [0.49076103688, 0.010144120399, 0.48495835493, 0.014136487797],
      [0.026688797314, 0.0069649139131, 0.90210728739, 0.064239001385],
      [0.026021202727, 0.54478376008, 0.38042897933, 0.048766057861],
      [0.010591274749, 0.0096878326588, 0.92803638733, 0.051684505262],
      [0.10670448364, 0.017759400686, 0.80651310951, 0.069023006166]
    ],
    [
      [0.27842068947, 0.031068492736, 0.67616517467, 0.014345643116],
      [0.016861800469, 0.012981507207, 0.89449048238, 0.075666209939],
      [0.011240623897, 0.68536072432, 0.2757567839, 0.027641867892],
      [0.0070128722081, 0.022732335782, 0.88612356253, 0.08413122948],
      [0.064327367579, 0.041395273472, 0.78652599031, 0.10775136864]
    ],
    [
      [0.19686394445, 0.026294823745, 0.75995616607, 0.016885065731],
      [0.0094232995337, 0.014273594017, 0.89536941455, 0.0809336919],
      [0.0071479076305, 0.62241537955, 0.33449704926, 0.035939663555],
      [0.0042101475396, 0.017460652738, 0.8885574171, 0.089771782621],
      [0.041339386233, 0.031459762828, 0.8092707637, 0.11793008724]
    ],
    [
      [0.5378693161, 0.039936275177, 0.40853445066, 0.013659958063],
      [0.038827903864, 0.026931207854, 0.82447705944, 0.10976382884],
      [0.0061468906466, 0.81077137935, 0.1578822586, 0.02519947141],
      [0.017219847467, 0.044573007051, 0.81554627847, 0.12266086702],
      [0.15909384075, 0.07013334469, 0.63322266553, 0.13755014903]
    ],
    [
      [0.26721531801, 0.029271215678, 0.69230065443, 0.011212811877],
      [0.020938254845, 0.0082998563586, 0.90841944318, 0.062342445619],
      [0.014723442529, 0.69873015401, 0.26242372849, 0.024122674967],
      [0.0074442235875, 0.020890743827, 0.90651875646, 0.065146276123],
      [0.057075668565, 0.039796447271, 0.81835158971, 0.084776294453]
    ],
    [
      [0.49646670318, 0.013528601709, 0.4784529879, 0.011551707213],
      [0.02551214085, 0.013811139974, 0.88030712926, 0.080369589914],
      [0.02553566138, 0.53653977068, 0.39487431748, 0.043050250464],
      [0.013839745797, 0.013160899801, 0.88603658721, 0.08696276719],
      [0.14088697774, 0.02083314053, 0.73449765966, 0.10378222207]
    ],
    [
      [0.80318153418, 0.025595994631, 0.16936008427, 0.0018623869185],
      [0.033847695827, 0.11474072856, 0.80988031894, 0.041531256666],
      [0, 0.86012441554, 0.13568089034, 0.004194694119],
      [0.052940372502, 0.060340577353, 0.83684253278, 0.04987651737],
      [0.3655467575, 0.080597366706, 0.51048503614, 0.043370839657]
    ],
    [
      [0.77884884227, 0.0081114505335, 0.20417143415, 0.0088682730497],
      [0.044456090998, 0.011826785282, 0.80716587508, 0.13655124865],
      [0.014011581046, 0.63401080735, 0.29347900225, 0.058498609355],
      [0.028217174242, 0.016442433201, 0.80248098139, 0.15285941116],
      [0.23836281223, 0.025166245288, 0.57456315589, 0.16190778659]
    ],
    [
      [0.2928787574, 0.072981987648, 0.61369556356, 0.020443691399],
      [0.017592097725, 0.031643705347, 0.83793537286, 0.11282882407],
      [0.0066922921226, 0.8527620315, 0.11919406329, 0.021351613087],
      [0.0073289405826, 0.054081091266, 0.81440428272, 0.12418568543],
      [0.064576759476, 0.093399169379, 0.68993333715, 0.15209073399]
    ],
    [
      [0.33299616379, 0.025733262093, 0.62894485424, 0.012325719876],
      [0.020697262645, 0.012534549995, 0.89595156024, 0.070816627122],
      [0.014648939056, 0.65294400885, 0.30463348978, 0.027773562321],
      [0.0089414332648, 0.020195815549, 0.89111846376, 0.07974428743],
      [0.082518187955, 0.035991529031, 0.78072677153, 0.10076351148]
    ],
    [
      [0.25160594715, 0.056993325536, 0.68014036068, 0.011260366639],
      [0.014515221961, 0.023686456594, 0.89967435328, 0.06212396817],
      [0.0056888524467, 0.80235999083, 0.1794533243, 0.012497832424],
      [0.0061862235442, 0.041330016795, 0.88223439005, 0.070249369612],
      [0.057413985855, 0.07485899101, 0.77830596208, 0.089421061056]
    ],
    [
      [0.31775023336, 0.038448886718, 0.63029945947, 0.013501420456],
      [0.019970634407, 0.016160496538, 0.88773315136, 0.076135717698],
      [0.010618161949, 0.7419452306, 0.22499833407, 0.022438273387],
      [0.0084576098712, 0.030081907162, 0.87649341233, 0.084967070635],
      [0.076741805325, 0.053875886798, 0.76274765458, 0.1066346533]
    ],
    [
      [0.24028319925, 0.042889035611, 0.6962615609, 0.020566204245],
      [0.013186568689, 0.015790638258, 0.86746974395, 0.1035530491],
      [0.0074900792871, 0.74251856728, 0.21917610832, 0.030815245114],
      [0.0055372108446, 0.029488598829, 0.8498887516, 0.11508543872],
      [0.050755852314, 0.05358659374, 0.74883976951, 0.14681778444]
    ],
    [
      [0.98419642201, 0.011409501064, 0, 0.0043940769279],
      [0.095265909445, 0.53957794625, 0.26456062397, 0.10059552033],
      [0, 0.9515045857, 0, 0.048495414298],
      [0.092965256884, 0.14748301468, 0.63482029852, 0.12473142991],
      [0.63934124533, 0.099422720046, 0.20123815501, 0.059997879605]
    ],
    [
      [0.29991746329, 0.051508062912, 0.63395344217, 0.014621031621],
      [0.018607031803, 0.022188917824, 0.8775391436, 0.08166490677],
      [0.0082377631741, 0.7918481282, 0.18029966698, 0.019614441644],
      [0.007818131048, 0.039307942239, 0.86204351186, 0.090830414849],
      [0.070483906418, 0.069811812824, 0.74628882208, 0.11341545867]
    ],
    [
      [0.5978017509, 0.010749497144, 0.39144875196, 0],
      [0.036885440351, 0.0089843402491, 0.9541302194, 0],
      [0.016757760918, 0.623388872, 0.35985336708, 0],
      [0.01399513278, 0.013732183261, 0.95393019044, 0.01834249352],
      [0.16248880265, 0.024674345867, 0.81283685149, 0]
    ],
    [
      [0.32116474604, 0.060970716791, 0.60379541305, 0.014069124125],
      [0.020692892951, 0.028476357478, 0.8689783877, 0.081852361875],
      [0.0079574727901, 0.82710879707, 0.14828215876, 0.01665157138],
      [0.0086712671703, 0.047964926063, 0.85247674577, 0.090887060995],
      [0.077037679488, 0.083641703649, 0.72743182346, 0.1118887934]
    ],
    [
      [0.51392216048, 0.050112995469, 0.43053469813, 0.0054301459224],
      [0.036194370855, 0.033535269169, 0.88530960397, 0.044960756009],
      [0.0069659892774, 0.86225596393, 0.12308395736, 0.007694089433],
      [0.016325046088, 0.054156847378, 0.8789384194, 0.050579687138],
      [0.14369346427, 0.090644044853, 0.70664359195, 0.059018898926]
    ],
    [
      [0, 0.10615567347, 0.88313263745, 0.01071168908],
      [0, 0.0037132459158, 0.95797145161, 0.038315302478],
      [0, 0.7018413578, 0.28130761929, 0.01685102291],
      [0, 0.022770871088, 0.93632558596, 0.040903542956],
      [0, 0.060406898037, 0.88340969202, 0.05618340994]
    ],
    [
      [0.62482422373, 0.033870700391, 0.33406982249, 0.0072352533928],
      [0.036678871627, 0.024536526863, 0.87743558437, 0.061349017137],
      [0.009636945311, 0.86365610549, 0.10500829846, 0.021698650742],
      [0.01553764735, 0.048451064874, 0.87825178202, 0.057759505758],
      [0.14934883107, 0.081380816088, 0.70079851532, 0.068471837527]
    ],
    [
      [0.42080744931, 0.026319655091, 0.53042611407, 0.022446781532],
      [0.027214684881, 0.010032346994, 0.89784649153, 0.064906476595],
      [0.012893594267, 0.80339857718, 0.15500315605, 0.028704672502],
      [0.011295437572, 0.027667434018, 0.8996259026, 0.061411225809],
      [0.099510579921, 0.051381539584, 0.77304523444, 0.076062646052]
    ],
    [
      [0.26181022738, 0.059104754828, 0.66128234757, 0.017802670229],
      [0.015332557995, 0.024374825079, 0.86618867491, 0.094103942019],
      [0.006486032302, 0.80829618997, 0.16347367754, 0.021744100182],
      [0.0063853620826, 0.042570021425, 0.84736311149, 0.10368150501],
      [0.057547328105, 0.075765677985, 0.73664986528, 0.13003712862]
    ],
    [
      [0.27921317557, 0.054487898745, 0.64404966883, 0.022249256851],
      [0.016519731725, 0.022521120645, 0.84243757911, 0.11852156852],
      [0.0077105393527, 0.79320352666, 0.17375660781, 0.025329326183],
      [0.00681771798, 0.039060990806, 0.82124727688, 0.13287401434],
      [0.060501730697, 0.068819033614, 0.7056162815, 0.16506295419]
    ],
    [
      [0.29149474408, 0.033048276366, 0.66782503592, 0.0076319436289],
      [0.018495640449, 0.013218699694, 0.9246686746, 0.043616985254],
      [0.013392430384, 0.71656692564, 0.2579612863, 0.012079357677],
      [0.0075180325527, 0.025425077317, 0.91688451623, 0.050172373902],
      [0.067601790829, 0.047081065975, 0.82009676823, 0.065220374963]
    ],
    [
      [0.35265065627, 0.026709996666, 0.6115550097, 0.0090843373673],
      [0.022281880622, 0.01237637488, 0.90748590923, 0.057855835265],
      [0.014543051006, 0.6742265221, 0.29055884464, 0.020671582249],
      [0.009741463647, 0.021840856362, 0.90226086319, 0.066156816802],
      [0.090428811646, 0.039054397708, 0.78712875893, 0.083388031718]
    ],
    [
      [0.26635894726, 0.027717687138, 0.69298876172, 0.012934603882],
      [0.015744205166, 0.012448534727, 0.90422464602, 0.067582614088],
      [0.011943620287, 0.64250111305, 0.3177759966, 0.02777927007],
      [0.0066620871063, 0.019250799752, 0.89821759121, 0.075869521927],
      [0.061686474867, 0.034827116789, 0.80536370998, 0.098122698366]
    ],
    [
      [0.23016257648, 0.038489492368, 0.71283554031, 0.018512390847],
      [0.012254995528, 0.014012940591, 0.88195628663, 0.091775777253],
      [0.0069136654089, 0.72142771701, 0.2417351596, 0.029923457975],
      [0.0051808225928, 0.026238993764, 0.86706931064, 0.101510873],
      [0.049172167072, 0.04827200709, 0.77223352348, 0.13032230236]
    ],
    [
      [0.35925675714, 0.025747333349, 0.602935109, 0.012060800509],
      [0.022950460315, 0.01237406585, 0.892152211, 0.072523262834],
      [0.015481215437, 0.67104787621, 0.28582442512, 0.027646483228],
      [0.0097707522819, 0.021333274937, 0.88855805285, 0.080337919935],
      [0.089306735882, 0.038017904829, 0.77192991349, 0.1007454458]
    ],
    [
      [0.34407544518, 0.01862754557, 0.6124544282, 0.02484258105],
      [0.021822726589, 0.012405781326, 0.83608945189, 0.12968204019],
      [0.018550867611, 0.56207576608, 0.35592338654, 0.063449979769],
      [0.0087585828001, 0.014196236134, 0.80592506432, 0.17112011674],
      [0.075306921026, 0.023771705975, 0.68653546744, 0.21438590556]
    ],
    [
      [0.22283685158, 0.042386316362, 0.71534344845, 0.019433383601],
      [0.011201441737, 0.01548714199, 0.87708460077, 0.0962268155],
      [0.0054569383795, 0.73621390038, 0.22936199139, 0.028967169855],
      [0.0048480350179, 0.028613127401, 0.85957655383, 0.10696228375],
      [0.047132049869, 0.052344646461, 0.76335405044, 0.13716925323]
    ],
    [
      [0.25756548274, 0.043763204481, 0.68366053342, 0.015010779355],
      [0.014617250691, 0.017159372041, 0.88949484252, 0.078728534743],
      [0.0072492257311, 0.75113987066, 0.21924710354, 0.022363800067],
      [0.006247690338, 0.031473514308, 0.87453820268, 0.087740592678],
      [0.05825711769, 0.057173071408, 0.77276876438, 0.11180104652]
    ],
    [
      [0.31847628062, 0.059085297163, 0.60431872806, 0.018119694156],
      [0.019502994731, 0.025236219823, 0.85642858839, 0.098832197056],
      [0.010756223979, 0.82606134593, 0.13724497554, 0.025937454553],
      [0.0080256232744, 0.045667002465, 0.83786048211, 0.10844689215],
      [0.070386973593, 0.080406830168, 0.71456486066, 0.13464133558]
    ],
    [
      [0, 0.13728703685, 0.85842351727, 0.0042894458773],
      [0, 0.0072607217911, 0.96968560336, 0.023053674844],
      [0, 0.76746893769, 0.23253106231, 0],
      [0, 0.033636713269, 0.93038570657, 0.035977580158],
      [0, 0.079491605121, 0.87212336098, 0.048385033894]
    ],
    [
      [0.13070796328, 0.038310452497, 0.80294581077, 0.028035773452],
      [0.0011860114965, 0.011626440765, 0.86899366844, 0.1181938793],
      [0, 0.72304647192, 0.23294127303, 0.044012255048],
      [0.002585835501, 0.023949365008, 0.8480479981, 0.12541680139],
      [0.023604039691, 0.043793368331, 0.76420994754, 0.16839264444]
    ],
    [
      [0, 0.12563557369, 0.85036032243, 0.024004103875],
      [0, 0.013411907595, 0.87829837866, 0.10828971375],
      [0, 0.81990738331, 0.14336642986, 0.036726186838],
      [0, 0.038964969371, 0.85569674453, 0.1053382861],
      [0, 0.083529533412, 0.77517042742, 0.14130003917]
    ],
    [
      [0.41311146403, 0.027624052828, 0.54500142581, 0.014263057336],
      [0.026628247586, 0.012725103544, 0.87012777884, 0.090518870032],
      [0.015019386802, 0.70370872723, 0.24820846037, 0.033063425592],
      [0.011415632435, 0.024632146014, 0.8631314337, 0.10082078785],
      [0.10346886481, 0.043062057709, 0.72997180136, 0.12349727612]
    ],
    [
      [0.32492727515, 0.046674350829, 0.61781475131, 0.010583622716],
      [0.02117906516, 0.020678305402, 0.89550284949, 0.062639779946],
      [0.0098833762521, 0.78425634366, 0.19128704414, 0.014573235948],
      [0.0088063979836, 0.037409121507, 0.88289367962, 0.070890800894],
      [0.079540511596, 0.066685976163, 0.76509466506, 0.088678847177]
    ],
    [
      [0.43263065154, 0.033681187082, 0.51732326754, 0.016364893829],
      [0.027617738408, 0.017487590934, 0.84332539582, 0.11156927484],
      [0.011045897934, 0.73839568214, 0.22033195521, 0.030226464713],
      [0.012775864413, 0.030149694492, 0.82996836273, 0.12710607836],
      [0.11430249552, 0.050948850753, 0.68374799876, 0.15100065497]
    ],
    [
      [0.30291066053, 0.058718641466, 0.62299825049, 0.015372447509],
      [0.019002553168, 0.025045383421, 0.87418213496, 0.081769928447],
      [0.0092061726857, 0.82050586228, 0.14986134234, 0.020426622688],
      [0.0077338797923, 0.044816166272, 0.85778190537, 0.089668048571],
      [0.069440738919, 0.07955936566, 0.73899113973, 0.11200875569]
    ]
  ],
  "expected_outcome": [
    [
      [1.815193666, 11.1658515296, 9.2430489905, 5.5896884658, 18.5403541962, 8.4817347748, 5.0769334266, 1.4007133571, 12.0754543807, 16.8336965111, 16.1999701853, 23.4666411091, 7.2062438431, 24.6875382601, 1.6002392305, 4.5820891757, 2.7752190336, 0, 0, 1.4722831106, 23.3873379158, 5.1184625558, 12.3709942703, 0.80164595404, 6.9505338445, 4.0159076709, 1.5576976845, 9.3721202367, 89.242971895, 32.9603790761, 62.9145462049, 6.7279295789, 0.98419642201, 51.2858862234, 1.1956035018, 43.678405461, 4.1113772839, 0, 1.2496484475, 2.5248446959, 9.6869784129, 10.8893138472, 3.2064421849, 45.4919346587, 64.9915831309, 7.8255276002, 6.4666216286, 7.2255843487, 11.1418425792, 116.4195981988, 3.8217153674, 0, 0.91495574297, 0, 5.3704490324, 16.5712910325, 123.29973569, 8.4814984949],
      [0.96283578214, 1.3026458061, 1.0834932013, 0.68338832866, 1.6191236357, 1.6952157006, 0.14925528769, 0.10239674191, 2.0367797206, 4.3669482482, 3.7635007407, 4.0494189277, 0.95766133209, 8.123318598, 0.17729029448, 0.18814276974, 0.34014938171, 0, 0.043588806658, 0.030432361196, 2.6097533898, 0.68366541736, 0.91853432907, 0.087813647033, 0.18940042393, 0.12797997316, 0.016222901067, 2.3354236047, 6.8965142409, 7.4661256452, 7.6128795701, 1.2008929971, 0.011409501064, 8.8078787579, 0.021498994287, 8.2920174835, 0.40090396375, 1.0615567347, 0.067741400783, 0.15791793055, 2.1868759286, 2.1250280511, 0.36353104003, 3.4455895699, 6.7631156616, 1.3086427405, 0.46345200029, 0.39117845696, 2.1193158181, 19.7809684252, 0.70902356595, 1.3728703685, 0.26817316748, 0.25127114738, 0.35911268676, 2.3803918923, 9.5991383185, 1.6441219611],
      [0.14234235422, 37.8003041538, 25.063604777, 21.4117543096, 38.0055495865, 30.1628919819, 4.6710017817, 4.4455763557, 63.1923426223, 35.0923463361, 52.3729816443, 57.3132060845, 27.4674362693, 84.1897781698, 2.222470475, 2.2297680546, 5.7367153335, 0, 0.95641119334, 1.4548750648, 56.7978746727, 19.7588603178, 9.3962923652, 2.0769019633, 6.6983418306, 0.84680042136, 0.40834286829, 19.6382580338, 168.5572209373, 89.0983872489, 124.7992929748, 19.4953237051, 0, 108.4060386114, 0.78289750391, 82.1161761744, 3.444277585, 8.8313263745, 0.66813964498, 3.1825566844, 24.46744686, 25.1179370845, 7.3460753951, 78.8905962511, 169.0892578605, 24.2364083705, 10.852831962, 12.8615429923, 35.7671724227, 309.0145611076, 7.2518247367, 8.5842351727, 5.6206206754, 1.7007206449, 7.0850185355, 31.5085523167, 147.4371312502, 17.4439510137],
      [0.079628197629, 0.73119851059, 0.60985303126, 0.31516889594, 0.83497258155, 0.66015754269, 0.10280950401, 0.051313545337, 0.69542327641, 0.70700890466, 1.6635474296, 1.1707338787, 0.36865855559, 1.9993649721, 0, 0, 0.14791625117, 0, 0, 0.042409463392, 1.2050340217, 0.43901170901, 0.31417903545, 0.033638435631, 0.16172390099, 0.0093119345923, 0.017736546099, 0.65419812478, 3.3032929268, 1.4751080297, 2.6732812502, 0.57585371885, 0.0043940769279, 2.5001964073, 0, 1.9134008811, 0.043441167379, 0.1071168908, 0.014470506786, 0.13468068919, 0.65869879846, 0.8677210172, 0.083951379918, 1.1718795204, 3.1560433471, 0.62942128878, 0.21709440917, 0.52169420204, 0.97166918004, 6.7848722684, 0.21743632987, 0.042894458773, 0.19625041417, 0.048008207751, 0.18541974537, 0.5397647585, 4.6639947413, 0.43042853025]
    ],
    [
      [0.068085945737, 4.0396455791, 3.5062352217, 2.0964509518, 4.8091580248, 1.3479172981, 1.5341979162, 0.41235581808, 0.61403332572, 2.3385269182, 2.2787453874, 4.4906127836, 1.2720165813, 3.5016122676, 0.015756830638, 0.39849825861, 0.59248092196, 0, 0, 0.18682158119, 3.1700184882, 1.253298838, 2.6402974628, 0.54439462596, 1.2245827608, 0.3723246541, 0.48901700097, 0.82682859307, 12.7081192642, 3.8175033757, 7.6487529777, 0.47471647281, 0.19053181889, 9.8989409192, 0.29508352281, 6.2906394571, 0.54291556282, 0, 0.33010984464, 0.16328810928, 1.9165697493, 2.4449202952, 0.6473474157, 3.5651008995, 4.3454006259, 1.1397145841, 2.8917579997, 3.0333589959, 1.6690148188, 21.4727412653, 0.27304192623, 0, 0.014232137958, 0, 0.82547567516, 3.4733666863, 17.3163219821, 0.53207148869],
      [0.17751146468, 4.1931195442, 2.8645294543, 2.4921197835, 3.2564548382, 1.9887070539, 0.77022588993, 0.082030921622, 2.1067088773, 4.5139335984, 4.0156672428, 5.2517199115, 1.8228504973, 9.5625172455, 0.011405547401, 0.51209286777, 0.33687344289, 0.015620010953, 0.022069489728, 0.048754397392, 2.440523355, 1.8983880043, 1.8313221341, 0.21579626532, 0.66293471877, 1.2621480142, 0.1300946381, 1.4872541513, 7.6962136968, 6.2295380843, 6.1894701739, 0.56846297729, 1.0791558925, 11.8045042821, 0.071874721993, 8.6568126734, 0.50302903754, 0.033419213243, 0.22082874177, 0.060194081962, 3.0468531349, 3.3331258555, 0.46265448928, 1.9802199807, 3.4357955847, 1.3032034749, 1.5591322972, 1.7244036044, 2.3075841565, 25.2071175278, 0.35330707753, 0.21782165373, 0.13951728918, 0.14753098354, 0.39447820987, 3.3912420859, 10.9647195155, 0.70127073579],
      [1.3940305533, 338.2375844458, 207.1796770382, 218.6711093318, 220.3768431498, 118.2507306095, 47.5418129189, 15.8156412108, 122.5286285317, 110.0810842956, 181.2750555164, 245.9744597222, 115.5739575003, 303.8079944625, 0.44045680583, 8.4826595726, 24.6058529376, 1.984379989, 2.9779305103, 6.3147510117, 168.1642106883, 119.084132135, 56.064440042, 23.6189055226, 42.2547422046, 8.9086835084, 8.8788246258, 39.3829625244, 550.114257986, 236.6143549114, 340.0017969701, 31.2289107823, 0.52912124795, 466.8508243968, 7.6330417552, 264.1694298593, 13.2796440595, 8.6217430645, 7.8969202593, 5.3870789492, 108.2735843633, 124.6807617085, 32.3634036111, 145.1977454773, 249.5660023011, 82.0219346565, 112.411178586, 116.216433813, 130.6856055152, 1306.667923669, 11.9900002375, 29.0905681009, 10.4279240213, 9.6612821652, 26.973961144, 146.8624673167, 528.7650231804, 24.477099779],
      [0.36037203624, 26.5296504309, 20.4495582858, 12.7403199329, 19.5575439872, 10.4126450385, 4.153763275, 0.68997204947, 5.7506292653, 9.0664551878, 23.4305318535, 20.2832075827, 6.3311754211, 29.1278760244, 0.53238081613, 3.606749301, 2.4647926975, 0, 0, 0.44967300969, 14.2252474685, 10.7641810227, 7.4639403611, 1.6209035861, 3.8577403159, 0.45684382332, 1.5020637351, 5.3029547312, 43.481409053, 16.3386036287, 29.1599798783, 3.7279097676, 0.20119104066, 43.4457304018, 0, 24.8831180101, 0.67441134014, 0.3448377223, 0.55214115424, 0.38943885957, 11.7629927524, 17.5411921407, 1.5265944839, 9.2569336424, 18.6528014883, 8.5351472845, 9.1379311171, 18.0258035867, 14.3377955095, 115.6522175378, 1.3836507588, 0.69161024533, 1.4183265515, 1.1911868512, 2.806084971, 10.2729239112, 69.953935322, 2.2895579965]
    ],
    [
      [0, 1.5109543087, 1.4091936569, 0.7063506902, 4.6233912083, 1.1408439685, 1.2039385488, 0.08146231162, 0.078151276905, 3.4265156309, 1.5477350995, 4.7766788525, 1.5233746356, 0.90147044731, 0.30462771274, 0.5563772198, 0.42092172575, 0, 0, 0.23419082454, 2.4954185052, 1.122221498, 0.70074553372, 0.32391573564, 0.99589079381, 0, 0.23819687778, 1.693149907, 8.1448101153, 2.4803396668, 4.2154102938, 1.0710813381, 0, 7.9741547525, 0.1843353701, 5.5384010619, 0.20201368904, 0, 0.10600639842, 0.090255159866, 1.2777483635, 1.8813716021, 0.95086255729, 2.370517314, 5.3387982685, 0.71210753712, 1.7493773443, 1.2243572623, 1.0477321689, 13.7300335347, 0.59159231886, 0, 0, 0, 1.3217060386, 2.0557422604, 10.2285014865, 0.75490616023],
      [7.6575983591, 108.0182026862, 94.1113353863, 55.257112007, 227.7655334421, 187.5965929404, 31.7094332708, 3.7560445684, 158.315484897, 496.0903374986, 315.3518641825, 466.920675583, 127.0716028508, 679.8056889251, 3.7627007827, 8.222143315, 24.1328776954, 4.984379989, 1.8778236499, 4.9030538407, 152.150080798, 97.7192145898, 92.4279372455, 15.3720633883, 20.9250510564, 36.9853498684, 10.778183725, 215.7487939692, 363.0368689179, 349.8289560038, 294.5522565477, 106.1801551211, 9.515045857, 766.5089880972, 6.857277592, 575.6677227629, 25.0054229539, 14.7386685138, 9.5002171604, 5.6237900403, 159.2343494245, 193.5416605045, 50.8762517202, 109.8989231031, 287.1979975314, 74.3070548522, 75.8284100121, 37.0970005615, 141.3530688728, 1422.65891503, 45.433374026, 23.0240681307, 14.4609294383, 11.4787033663, 61.9263679964, 163.1253194806, 683.7544016651, 67.2814807074],
      [0, 58.2163779876, 39.9187395456, 31.8873744324, 99.2409883402, 61.7227322248, 19.0519547034, 2.0583259868, 108.2121908035, 65.630874168, 82.7975944593, 122.6258314068, 69.205208999, 129.6151251724, 1.7752157107, 5.579112578, 6.5026410611, 1.015620011, 0.12217635007, 3.423860814, 61.2180060248, 52.516036734, 17.9985774801, 5.7733220267, 15.4000983816, 5.8342782845, 4.9891430382, 30.1560980128, 169.3762203164, 78.2416493927, 89.3243386239, 31.3421834897, 0, 174.5300776389, 3.9583870379, 103.2043824947, 3.5694347635, 5.907460005, 1.155091283, 1.0850220923, 32.204314476, 42.3966123049, 18.3152513275, 47.3610916764, 142.0458704788, 24.8987214393, 32.2981600389, 23.4909435114, 44.0375023462, 415.2540141084, 7.5484736547, 6.9759318693, 4.6588254607, 2.007130018, 21.8423445129, 39.7877051817, 204.0273905241, 12.288630072],
      [0.34240164086, 5.2544650175, 4.5607314112, 2.1491628704, 10.3700870094, 6.5398308662, 2.0346734771, 0.1041671332, 5.3941730226, 5.8522727025, 11.3028062588, 11.6768141578, 4.1998135147, 14.6777154552, 0.15745579383, 0.64236688715, 0.94355951775, 0, 0, 0.43889452075, 6.1364946721, 5.6425271782, 2.8727397407, 0.53069884928, 1.6789597681, 0.18037184712, 0.99447635904, 5.401958111, 15.4421006503, 5.4490549368, 8.9079945346, 4.4065800512, 0.48495414298, 18.9867795113, 0, 11.5894936805, 0.22312859356, 0.35387148111, 0.23868515817, 0.20093270751, 4.2835877359, 6.1803555886, 0.85763439505, 3.3694679066, 12.4173337214, 3.0821161714, 3.1240526047, 4.1876986647, 5.5616966122, 42.3570373269, 1.4265600004, 0, 0.88024510097, 0.51416661573, 2.9095814521, 3.0312330772, 27.9897063243, 1.6749830605]
    ],
    [
      [0, 0.32123304161, 0.24804450213, 0.13343123145, 0.4018740999, 0.10446146424, 0.17168437609, 0.0056420632622, 0.088789872462, 0.15501551712, 0.20857592611, 0.37019476702, 0.12018927996, 0.35538507599, 0, 0.018176738765, 0.0073907761578, 0, 0, 0, 0.21038616624, 0.092623245872, 0.37883664428, 0.044665341525, 0.12455771217, 0.052940372502, 0, 0.13924987107, 1.0550891253, 0.29693873012, 0.69352400944, 0.066446530136, 0.18593051377, 0.76617684271, 0, 0.56363236607, 0, 0, 0.01553764735, 0.022590875144, 0.19794622456, 0.21134925738, 0.060144260422, 0.3117268367, 0.49965653298, 0.19169043594, 0.19541504564, 0.2364817356, 0.19876943573, 2.0367470502, 0.032102493098, 0, 0, 0, 0.068493794607, 0.14970876572, 1.239258848, 0.023201639377],
      [0, 1.1587748548, 0.85213117914, 0.51200364083, 1.0360704261, 0.63953339516, 0.19211403424, 0.012318994289, 0.55322152338, 1.176722345, 1.4881048208, 1.879046158, 0.48917436026, 3.666346497, 0, 0.012243099921, 0.029684025599, 0, 0, 0, 0.68197007347, 0.38413436023, 0.98060615511, 0.12534446296, 0.11844809821, 0.060340577353, 0, 1.0275407341, 2.3831062348, 1.9838408062, 2.4667163873, 0.35386318594, 0.29496602937, 3.8521783394, 0, 3.1177201941, 0, 0.045541742176, 0.048451064874, 0.055334868036, 1.3196706642, 1.210890715, 0.20340061854, 0.69890740358, 1.4438099814, 0.97084276927, 0.42666549875, 0.38329837562, 1.1731382234, 10.2603656645, 0.18266800986, 0.067273426538, 0, 0.038964969371, 0.14779287609, 0.63595506562, 2.9245203658, 0.13444849881],
      [0, 59.2901011244, 35.0140812305, 28.4020507384, 43.2386380017, 20.2477265852, 10.6263114982, 0.94030499059, 32.589615708, 17.0693218737, 36.8444185873, 47.3254208151, 24.8291525779, 67.63528158, 0, 0.53269850744, 0.87104237519, 0, 0, 0, 26.5837068759, 19.5482631762, 17.9420181263, 5.4391125388, 7.9743292849, 0.83684253278, 0, 15.4736813717, 105.1519787233, 42.3472507223, 71.8724598112, 10.1986650192, 1.269640597, 84.4802641627, 0, 55.4109884752, 0, 1.8726511719, 0.87825178202, 1.7992518052, 26.2682564561, 25.4586655832, 7.3350761298, 28.8723476221, 67.3663193411, 32.0815644937, 17.7711610569, 21.7599767368, 35.2426387072, 285.0994540722, 3.3514419284, 1.8607714131, 0, 0.85569674453, 5.1787886022, 15.0091925535, 80.5069311852, 2.5733457161],
      [0, 5.2298909792, 3.8857430882, 1.9525143893, 4.3234174722, 2.0082785554, 1.0098900915, 0.041733951856, 1.7683728962, 1.5989402642, 5.4589006658, 4.4253382599, 1.5614837819, 7.342986847, 0, 0.43688165387, 0.091882823051, 0, 0, 0, 2.5239368844, 1.9749792177, 2.6985390744, 0.39087765674, 0.78266490471, 0.04987651737, 0, 2.3595280231, 9.4098259167, 3.3719697414, 6.9672997921, 1.3810252647, 0.24946285983, 8.9013806552, 0, 5.9076589647, 0, 0.081807085913, 0.057759505758, 0.12282245162, 3.2141266552, 4.1190944445, 0.40137899122, 2.1170181377, 5.6902141445, 3.7559023011, 1.6067583987, 4.620243152, 4.3854536336, 28.6034332131, 0.4337875686, 0.071955160315, 0, 0.1053382861, 0.60492472709, 1.2051436152, 12.329289601, 0.26900414571]
    ],
    [
      [0.11672038825, 1.962315541, 1.5934776288, 1.4740786608, 2.6252224708, 0.92504249438, 1.0132457324, 0.099826449945, 1.1435711442, 1.2462454227, 1.7649734017, 3.8958724878, 0.87817566006, 2.553993949, 0.079376226149, 0.44485860715, 0.20398754252, 0, 0, 0.10670448364, 1.7368389246, 0.41339386233, 1.909126089, 0.28537834282, 0.70443488871, 2.5588273025, 0.7150884367, 0.96865139214, 6.8490096003, 3.4448391513, 4.5277665142, 0.65982608008, 0.63934124533, 5.0748412621, 0.32497760529, 3.9289216539, 0.14369346427, 0, 0.29869766213, 0.19902115984, 0.92075724969, 1.5730449981, 0.13520358166, 2.2607202911, 3.8245614418, 1.1309598427, 1.6968279818, 1.2802176574, 0.94264099737, 13.340879951, 0.28154789437, 0, 0.070812119074, 0, 0.41387545925, 1.7498912551, 12.9161819934, 0.20832221676],
      [0.20205439404, 1.3272571086, 1.0885107789, 1.0553762399, 1.3228176578, 1.0799509099, 0.17897151737, 0.047208773752, 0.98780498172, 1.8520583098, 2.3808630132, 3.8991394199, 0.65871095956, 4.8421287344, 0.048603375426, 0.065377947539, 0.16041545441, 0, 0.05651805368, 0.017759400686, 1.1176723837, 0.31459762828, 0.84160013628, 0.19898223636, 0.10416570265, 0.56418156694, 0.075498735864, 1.4009875407, 2.9872969096, 4.4915394606, 3.1786773211, 0.69662571862, 0.099422720046, 5.0264505233, 0.049348691733, 4.2657268861, 0.090644044853, 0.12081379607, 0.16276163218, 0.10276307917, 1.2122508478, 1.789294874, 0.094162131951, 0.97635994269, 2.1592812409, 1.1102561631, 0.72234019176, 0.40411900157, 1.0468929292, 13.0926333525, 0.32162732067, 0.31796642049, 0.13138010499, 0.083529533412, 0.17224823084, 1.4670914756, 5.7572201351, 0.23867809698],
      [0.46362709244, 33.4556322885, 21.8238974088, 28.6277111878, 27.1379809218, 16.6159185987, 5.1089190979, 1.7401514562, 30.4772223345, 13.1263733266, 28.7099497927, 47.7610819715, 16.9242446537, 43.7518206152, 0.56185700839, 1.1757612874, 2.2837482926, 0, 0.94348194632, 0.80651310951, 21.2362017384, 8.092707637, 7.5986719864, 4.0917579486, 3.6724882983, 3.5733952529, 1.7236894677, 10.3490000573, 64.800322037, 46.6983577247, 45.00211162, 9.7349170036, 0.20123815501, 53.7327951901, 1.625673703, 37.0990229964, 0.70664359195, 1.766819384, 1.4015970306, 1.5460904689, 11.7863978446, 18.3460233189, 1.6401935365, 19.6782189732, 49.9325500186, 17.76137104, 14.6666683562, 11.6711029465, 15.2670810087, 176.9640470428, 2.8582594426, 3.4884934439, 2.2926298426, 0.77517042742, 2.9198872054, 16.8320826314, 77.26352386, 2.2169734192],
      [0.21759812527, 4.2547950619, 3.4941141835, 2.8428339115, 3.9139789496, 2.3790879971, 0.69886365239, 0.11281332014, 2.3914015396, 1.7753229409, 6.1442137923, 6.4439061208, 1.5388687267, 6.8520567014, 1.31016339, 1.3140021579, 0.35184871049, 0, 0, 0.069023006166, 2.9092869532, 1.1793008724, 1.6506017884, 0.42388147227, 0.51891111033, 0.3035958776, 0.48572335976, 2.2813610099, 8.3633714531, 5.3652636634, 6.2914445448, 1.9086311977, 0.059997879605, 8.1659130244, 0, 5.7063284636, 0.059018898926, 0.11236681988, 0.13694367505, 0.1521252921, 2.080594058, 4.291636809, 0.13044074993, 2.084700793, 6.0836072987, 2.9974129542, 1.9141634703, 3.6445603945, 2.7433850647, 25.6024396538, 0.53856534233, 0.19354013558, 0.50517793332, 0.14130003917, 0.49398910447, 1.9509346379, 17.0630740115, 0.33602626707]
    ]
  ],
  "prob": [
    [0.29520401518, 0.041252201567, 0.64926099701, 0.014282786244],
    [0.0170437411, 0.017695665126, 0.88463618231, 0.080624411469],
    [0.0081926274849, 0.7484655367, 0.22041098876, 0.022930847051],
    [0.0073437680235, 0.030281014491, 0.87141974759, 0.090955469894],
    [0.069816718565, 0.054497643272, 0.76080088304, 0.11488475513]
  ],
