{
  "Z_true": {},
  "V_true": [
    [23, 1642, 211, 1980, 49],
    [82, 782, 123, 10225, 321],
    [326, 859, 10012, 1771, 451],
    [140, 207, 215, 1287, 107],
    [444, 203, 442, 565, 314]
  ],
  "p_true": [
    [0.0059, 0.4205, 0.054, 0.507, 0.0125],
    [0.0071, 0.0678, 0.0107, 0.8866, 0.0278],
    [0.0243, 0.064, 0.7461, 0.132, 0.0336],
    [0.0716, 0.1058, 0.1099, 0.658, 0.0547],
    [0.2256, 0.1032, 0.2246, 0.2871, 0.1596]
  ],
  "Z_est": [
    [
      [0.2828, 0.0338, 0.1568, 0.0123, 0.1322, 0.3658, 0.8639, 0.1383, 0.3535, 0.083, 0.2244, 0.0738, 0.2982, 0.2798, 0.1476, 0.656, 0.1506, 0.2828, 0.9133, 0.1937, 0.123, 0.1968, 0.7071, 0.1445, 0.6271, 0, 0, 0.1968, 0.0922, 0.1353, 0.123, 0.1291, 0.2705, 0.3628, 0.166, 0.1722, 0.1014, 0.2121, 0.6241, 0, 0.0215, 1.4726, 0.1629, 0.1477, 1.0053, 0.2398],
      [66.9854, 7.7717, 39.5075, 2.7115, 34.0845, 99.4655, 214.5323, 34.3901, 88.3525, 19.0378, 59.7315, 19.7505, 72.1601, 75.0709, 37.1588, 49.4701, 40.4622, 71.1861, 27.4224, 45.5417, 31.9285, 52.5404, 171.2441, 33.4354, 156.7699, 29.5009, 2.985, 50.5253, 15.5434, 31.5068, 28.3752, 30.7812, 64.6939, 86.9205, 43.5365, 40.4815, 26.1759, 49.3989, 156.8271, 2.3487, 5.8483, 350.642, 36.4525, 36.3187, 257.6867, 51.416],
      [0.2216, 0.0265, 0.1229, 0.2548, 0.1036, 0.2867, 0.677, 0.1084, 0.2771, 0.065, 0.1759, 0.0578, 0.2337, 0.2192, 0.1156, 0.1807, 0.118, 0.2216, 0.1036, 0.1518, 0.0964, 0.1542, 0.5541, 0.1132, 0.4915, 0.0891, 0.0096, 0.1542, 0.0723, 0.106, 0.0964, 0.1012, 0.212, 0.2843, 0.1301, 0.1349, 0.0795, 0.1662, 0.4891, 0.0072, 0.0169, 1.154, 0.1277, 0.1156, 0.7878, 0.5961],
      [21.3513, 2.1151, 9.2984, 0.83, 6.7653, 16.4888, 59.9491, 8.6402, 21.9009, 6.5698, 9.6137, 3.1607, 21.1492, 11.9842, 8.4721, 22.1087, 6.5461, 16.4806, 11.2106, 14.1456, 5.2678, 8.4284, 53.6656, 12.7325, 42.9525, 6.6442, 0.5268, 9.8693, 13.6221, 9.7632, 10.0653, 9.3613, 19.7604, 26.795, 7.7744, 13.967, 4.3459, 17.7869, 39.7949, 0.6441, 0.9219, 108.2144, 15.491, 10.5566, 61.8723, 24.6951],
      [3.1588, 1.0529, 1.9144, 0.1914, 1.9144, 2.3931, 4.9778, 1.723, 4.116, 1.2444, 3.2545, 0.9572, 3.1588, 3.446, 2.1059, 2.5845, 1.723, 3.8288, 3.3502, 2.9673, 2.5844, 2.6802, 3.8291, 0.5744, 3.1591, 0.7658, 0.4786, 3.2545, 0.6701, 2.4887, 1.3401, 1.6273, 3.0631, 3.6375, 2.393, 1.2444, 2.2973, 1.4359, 5.2648, 0, 0.1914, 17.517, 0.7658, 0.8614, 5.6479, 1.053]
    ],
    [
      [0.5711, 0.4651, 0.4433, 0.0083, 0.0637, 0.2289, 0.5927, 0, 0.7421, 0.306, 0.4891, 0.212, 0.3518, 2.3286, 0.2313, 0.5557, 0.2819, 0.1069, 2.6277, 0, 0.4456, 0, 1.118, 0.5469, 0.2113, 0, 0, 3.9034, 0.0624, 2.2496, 0, 2.5736, 0, 0, 0.5976, 0.4144, 0.4024, 3.458, 1.1855, 0, 0.0337, 0.6315, 0.1542, 0.4699, 0, 0.033],
      [1.5306, 0, 1.1884, 0.0298, 0.6265, 0.6136, 1.5888, 0.7725, 1.9892, 0.8202, 1.3111, 1.7076, 0.9429, 5.0711, 0.62, 0, 0.7556, 5.7569, 0, 0, 5.023, 8.1145, 2.9967, 0.549, 2.7949, 0.3015, 2.6176, 3.2529, 0, 0, 0, 0, 0, 0.4577, 1.6017, 1.1109, 1.513, 0.584, 3.1775, 0.2491, 2.5394, 0, 0.4133, 1.1093, 19.1708, 0],
      [2.9988, 1.3241, 2.3281, 0.6629, 1.2273, 1.202, 3.1126, 14.2198, 3.8971, 1.6069, 2.5686, 1.1135, 1.8473, 2.3788, 1.2147, 2.737, 1.4804, 7.807, 4.557, 1.6859, 11.1072, 9.7766, 5.871, 1.0755, 4.2894, 0.4302, 0.4536, 0, 0, 0, 0, 0, 0, 0, 3.1379, 2.1763, 2.113, 2.6289, 6.2253, 0, 1.8116, 33.8909, 0.8098, 4.4484, 0, 1.8823],
      [229.7755, 69.0376, 178.3911, 11.1914, 94.0431, 92.1041, 238.5011, 149.39, 298.6112, 123.1286, 196.8119, 84.1782, 141.5495, 174.6453, 93.0736, 148.3361, 113.4335, 314.5776, 306.7996, 295.0502, 261.1998, 416.9684, 449.8558, 82.4089, 328.6662, 32.9636, 33.8623, 404.0093, 128.9376, 291.6362, 208.8637, 291.4264, 521, 486.9884, 240.4402, 166.7569, 161.4749, 132.1262, 477.0023, 9.7509, 9.4898, 1526.5277, 62.0491, 188.9724, 808.7843, 86.287],
      [2.124, 3.1732, 1.6491, 0.1075, 1.0394, 0.8514, 2.2047, 0.6177, 2.7604, 1.1382, 1.8193, 0.7887, 1.3085, 3.5763, 0.8604, 1.3712, 1.0486, 7.7517, 8.0157, 5.2639, 5.2245, 0.1405, 4.1585, 0.4197, 3.0382, 0.3047, 2.0665, 2.8344, 0, 1.1142, 1.1363, 0, 0, 1.5539, 2.2226, 1.5415, 1.4967, 1.2028, 4.4094, 0, 0.1255, 24.9499, 0.5736, 0, 1.0449, 0.7976]
    ],
    [
      [12.3329, 1.846, 7.7931, 0.186, 0.744, 4.594, 12.7158, 5.3332, 23.6326, 3.2307, 16.7681, 5.0355, 13.927, 15.6458, 10.5324, 10.0731, 13.3576, 7.8036, 5.2161, 5.1657, 5.7536, 6.6484, 18.4717, 4.4802, 2.6041, 0.186, 0, 9.7356, 4.1834, 17.5048, 2.9694, 6.7619, 11.551, 11.5822, 12.172, 8.1243, 9.0838, 5.6112, 34.4305, 0, 1.0856, 49.8969, 3.0167, 6.4623, 19.1534, 0.744],
      [10.0687, 1.0417, 8.4038, 0.1973, 8.5788, 31.8458, 47.7042, 7.0285, 18.6882, 1.7235, 22.244, 7.0465, 13.4192, 22.1058, 8.369, 3.552, 11.8501, 11.4774, 1.9733, 7.4682, 7.1857, 9.6165, 31.3761, 4.3821, 34.3279, 7.5831, 1.0269, 9.9354, 1.1182, 4.6543, 4.0257, 5.4537, 11.7867, 15.7421, 10.7651, 5.5799, 13.5102, 7.042, 34.63, 0.4022, 1.459, 62.9098, 3.4686, 6.7759, 48.7553, 3.6835],
      [303.7498, 43.6438, 218.5228, 27.515, 268.657, 242.4985, 552.1849, 139.6442, 378.784, 106.3195, 513.2237, 84.8209, 523.8899, 459.3765, 245.6505, 277.0639, 226.3803, 179.6363, 83.3167, 130.1262, 138.778, 156.9787, 373.521, 106.7999, 314.183, 90.5411, 10.5339, 156.7976, 84.9057, 141.8564, 73.8788, 98.8662, 286.7398, 245.6519, 187.6866, 156.6703, 150.7798, 103.1857, 694.2176, 4.9928, 16.1646, 1257.7445, 119.0561, 125.4133, 594.1597, 136.5159],
      [46.2129, 2.3223, 9.244, 0.6514, 23.0832, 28.7712, 91.5685, 7.4676, 22.9, 17.5082, 36.9831, 7.9114, 36.1711, 10.4132, 18.7119, 32.4255, 20.1553, 9.881, 4.7356, 11.2509, 7.5132, 8.5605, 56.388, 9.5176, 63.4124, 6.1184, 0.5919, 37.0996, 27.8356, 19.0494, 12.9903, 44.6545, 78.9812, 62.4832, 34.2132, 21.4221, 15.1584, 6.5234, 54.1708, 2.605, 0.4981, 110.2223, 13.2388, 9.1181, 76.3433, 13.5864],
      [10.6357, 2.1462, 5.0363, 0.4502, 8.9369, 10.2905, 20.8267, 4.5265, 12.9952, 4.2181, 10.7812, 3.1857, 12.5928, 11.4587, 7.7362, 9.8856, 5.2567, 8.2017, 8.7583, 6.9891, 5.7695, 6.1959, 8.2433, 0.8203, 8.4726, 2.5714, 0.8473, 7.4318, 0.957, 5.9351, 3.1357, 3.2637, 7.9412, 9.5405, 4.1631, 2.2033, 7.4678, 3.6377, 13.5511, 0, 0.7926, 44.2264, 2.2198, 1.2304, 17.5882, 3.4701]
    ],
    [
      [6.7065, 1.2557, 5.0295, 0.5242, 1.6624, 2.9393, 6.7897, 4.5462, 10.7985, 1.9595, 7.9556, 2.2012, 6.7962, 7.3971, 4.8645, 4.9543, 5.6581, 6.7262, 4.7192, 5.4427, 3.8913, 7.9674, 11.0942, 2.5115, 5.2909, 0.6519, 0, 8.9274, 3.5942, 9.0595, 3.5387, 6.0436, 8.6237, 10.1408, 8.2236, 4.195, 5.4573, 4.4089, 16.4354, 0, 0.4278, 36.8054, 1.6215, 4.9882, 11.7294, 1.1039],
      [0.0753, 0.0144, 0.0664, 0.0108, 0.0305, 0.0323, 0.0646, 0.07, 0.1058, 0.0215, 1.3968, 0.0197, 0.0736, 0.0646, 0.0484, 0.0466, 0.0538, 0.1023, 0.0574, 0.0915, 0.0466, 1.4836, 0.1363, 0.0287, 0.0915, 0.0197, 0.2554, 0.122, 0, 0.0951, 0.0628, 0.0825, 0.122, 0.1615, 0.1148, 0.0466, 0.0761, 0.0484, 0.1722, 0, 0.0036, 0.5328, 0.0161, 0.0574, 0.1328, 0.0144],
      [0.0298, 0.0057, 0.0262, 1.5673, 0.0121, 0.0128, 0.0255, 0.0277, 0.0418, 0.0085, 0.0319, 0.0078, 0.0291, 0.0255, 0.0191, 0.0184, 0.0213, 1.335, 0.0227, 0.0362, 0.0184, 4.0905, 0.0539, 0.0113, 0.0362, 0.1904, 0.0028, 0.0482, 0.022, 0.0376, 0.0248, 0.0326, 0.0482, 0.0638, 0.0454, 0.0184, 0.0277, 0.0191, 0.0681, 0, 0.0069, 0.2106, 0.0064, 0.0227, 0.0525, 0.0057],
      [30.9296, 5.845, 28.257, 3.3285, 13.4754, 13.0338, 25.1277, 30.584, 42.1196, 8.7421, 31.0722, 7.6363, 29.9324, 24.7511, 19.3188, 18.2494, 21.3052, 43.1257, 23.8137, 40.3891, 19.3124, 56.1196, 57.2935, 11.9209, 40.512, 9.0318, 3.3094, 52.2875, 25.8859, 38.6593, 28.0194, 35.4531, 52.6201, 70.9799, 49.4914, 19.2107, 29.5801, 19.8753, 69.8846, 0, 1.3527, 230.0618, 6.43, 24.4925, 54.5694, 5.9969],
      [4.2588, 0.8792, 3.6209, 0.5692, 1.8197, 1.9819, 3.9926, 3.7722, 5.9342, 1.2683, 4.5434, 1.135, 4.1688, 3.7617, 2.7492, 2.7312, 2.9616, 5.7108, 3.387, 5.0406, 2.7312, 7.3389, 7.422, 1.5276, 5.0694, 1.1061, 0.4324, 6.6149, 1.4979, 5.1485, 3.3542, 4.3882, 6.5861, 8.6541, 6.1248, 2.5292, 3.8588, 2.6482, 9.4397, 0, 0.209, 29.3894, 0.926, 2.4392, 7.516, 0.8792]
    ],
    [
      [7.1068, 1.3993, 4.5773, 0.2692, 1.3977, 3.872, 9.038, 3.9823, 11.4732, 2.4208, 8.5628, 2.4775, 6.6268, 8.3488, 5.2243, 5.761, 5.5517, 6.0804, 4.5238, 4.1979, 4.7865, 6.1874, 10.609, 2.317, 5.2665, 0.1621, 0, 8.2369, 3.0678, 9.0508, 2.3689, 5.4918, 8.5548, 7.9142, 6.8408, 4.0941, 4.9551, 4.3098, 16.3245, 0, 0.4313, 32.1937, 2.0446, 3.932, 15.1119, 1.8793],
      [1.34, 0.1722, 0.8339, 0.0506, 0.6797, 2.0428, 4.1101, 0.7389, 1.8643, 0.3969, 4.3166, 0.4756, 1.4042, 1.6877, 0.8037, 0.9313, 0.8783, 1.4774, 0.5469, 0.8987, 0.8162, 1.245, 3.2468, 0.6048, 3.0158, 0.5948, 0.1152, 1.1645, 0.3384, 0.7438, 0.5363, 0.6826, 1.3973, 1.7182, 0.9819, 0.7811, 0.7248, 0.9267, 3.1931, 0, 0.1496, 6.9154, 0.6495, 0.7387, 5.2544, 0.8862],
      [0, 0, 0, 0, 0, 0, 0, 0, 0, 0, 0, 0, 0, 0, 0, 0, 0, 0, 0, 0, 0, 0, 0, 0, 0, 0.7491, 0, 0, 0, 0, 0, 0, 0, 0, 0, 0, 0, 0, 0, 0, 0, 0, 0, 0, 0, 0],
      [29.7306, 5.68, 17.8095, 0.9987, 5.633, 20.602, 44.8537, 19.9182, 41.4683, 13.0512, 30.5191, 9.1134, 19.1979, 29.2062, 19.4236, 23.8802, 14.5599, 27.9352, 13.4406, 17.1643, 27.7069, 32.923, 40.797, 7.4201, 34.4569, 9.242, 0.7096, 36.7342, 16.7188, 32.8919, 9.0612, 25.1048, 47.6383, 32.7535, 25.0808, 14.6433, 17.4407, 14.6881, 54.1474, 0, 0.7375, 128.9737, 10.7911, 15.8604, 92.4306, 15.4346],
      [12.8226, 3.7485, 7.7793, 0.6815, 6.2896, 9.4831, 19.9982, 7.3606, 17.1942, 5.131, 13.6015, 3.9334, 11.7711, 13.7573, 8.5484, 10.4275, 7.0101, 14.507, 11.4888, 10.7391, 10.6904, 11.6445, 16.3471, 2.658, 13.2607, 3.2519, 1.1753, 13.8644, 3.875, 11.3135, 5.0336, 7.7208, 14.4096, 14.6141, 10.0965, 5.4815, 8.8795, 6.0754, 22.3349, 0, 0.6815, 66.9172, 3.5148, 4.4689, 27.203, 4.8]
    ]
  ],
  "V_est": [
    [13.0762, 2948.6765, 10.061, 814.299, 118.8873],
    [29.0973, 82.9015, 152.0978, 11161.0776, 107.8258],
    [428.1464, 591.9817, 10831.6236, 1230.6642, 336.5841],
    [275.6576, 6.3693, 8.4685, 1473.3869, 192.1177],
    [269.0225, 63.071, 0.7491, 1148.5723, 486.585]
  ],
  "p_est": [
    [0.0033, 0.7551, 0.0026, 0.2085, 0.0304],
    [0.0025, 0.0072, 0.0132, 0.9678, 0.0093],
    [0.0319, 0.0441, 0.8072, 0.0917, 0.0251],
    [0.1409, 0.0033, 0.0043, 0.7533, 0.0982],
    [0.1367, 0.032, 0.0004, 0.5836, 0.2472]
  ],
  "EI_Z": {},
  "EI_V": 13.5043,
  "MAE_Z": {},
  "MAE_V": 354.1463,
  "MAE_p": 0.0878,
  "runtime": 1.268
}
