{
  "Z_true": {},
  "V_true": [
    [26, 1015, 155, 907, 304, 53],
    [893, 39, 58, 199, 654, 105],
    [459, 221, 549, 461, 11494, 708],
    [64, 453, 289, 4287, 455, 154],
    [110, 154, 249, 603, 657, 358],
    [28, 83, 1496, 403, 589, 90],
    [146, 68, 114, 203, 681, 695]
  ],
  "p_true": [
    [0.0106, 0.4126, 0.063, 0.3687, 0.1236, 0.0215],
    [0.4584, 0.02, 0.0298, 0.1022, 0.3357, 0.0539],
    [0.033, 0.0159, 0.0395, 0.0332, 0.8274, 0.051],
    [0.0112, 0.0794, 0.0507, 0.7518, 0.0798, 0.027],
    [0.0516, 0.0723, 0.1168, 0.283, 0.3083, 0.168],
    [0.0104, 0.0309, 0.5563, 0.1499, 0.219, 0.0335],
    [0.0766, 0.0357, 0.0598, 0.1064, 0.3571, 0.3644]
  ],
  "Z_est": [
    [
      [4.5338, 3.3681, 0.3781, 0, 2.5175, 0.9558, 9.1565, 19.9742, 2.43, 5.7269, 1.0672, 6.422, 0.8109, 5.8834, 5.9218, 2.0958, 3.3238, 2.2649, 2.3132, 1.8787, 0.1636, 0.7043, 0.4597, 4.7072, 7.1913, 0.3256, 8.1404, 3.1235, 0.2525, 1.5873, 0.9607, 1.2271, 1.0165, 2.3474, 1.2455, 2.7871, 1.2407, 1.231, 2.0646, 1.5834, 6.5391, 0.0968, 8.6283, 1.8143, 16.5645, 8.1169],
      [23.031, 15.5309, 2.0682, 2.4713, 19.7674, 1.7188, 45.9573, 66.766, 11.484, 23.6278, 5.6956, 36.3511, 3.5981, 31.5906, 28.4441, 12.9182, 15.235, 11.3207, 9.1443, 9.8052, 1.6474, 2.7722, 3.1375, 15.3695, 18.1042, 2.5834, 21.8531, 8.9848, 1.3513, 5.9204, 3.8824, 9.6, 5.4114, 11.4219, 4.4492, 11.8696, 4.3672, 8.8709, 6.9139, 5.2991, 40.1275, 2.7768, 31.5153, 4.1971, 34.0496, 12.314],
      [9.2307, 4.142, 0.2695, 0.5866, 7.6688, 0.6143, 13.2634, 25.0017, 4.3772, 12.4053, 2.1379, 10.6921, 1.9301, 14.9454, 11.1661, 5.7788, 5.8655, 6.523, 3.7696, 2.4886, 0.541, 0.8588, 1.0302, 6.8756, 8.9076, 0.8062, 10.9893, 2.8206, 0.3499, 2.345, 1.6628, 2.2547, 1.8042, 3.8237, 2.0079, 3.0052, 1.5608, 3.1704, 3.7411, 3.2925, 12.5801, 0.401, 14.0091, 1.1583, 14.1167, 2.7519],
      [33.9994, 23.1137, 3.2813, 0.9242, 24.6543, 3.2046, 80.076, 89.1829, 15.7388, 55.8784, 11.9745, 81.4083, 10.6284, 76.3223, 51.4108, 21.7904, 41.2332, 34.3894, 25.2119, 13.4427, 3.5615, 3.5722, 5.0361, 21.4062, 32.8207, 3.097, 37.7078, 27.9428, 1.9088, 13.1337, 14.4672, 19.9059, 7.6825, 30.171, 14.5015, 26.136, 14.3671, 16.2033, 16.9153, 10.0615, 84.0916, 2.7071, 76.6008, 9.5429, 85.2127, 25.5266],
      [3.4583, 2.1969, 0.002, 0.0179, 4.407, 0.3234, 1.4987, 9.9028, 1.7015, 4.7145, 0.0181, 0.0317, 0.0033, 3.8725, 4.7809, 2.1108, 0.0444, 1.6305, 0.0387, 0.0097, 0.0051, 0.005, 0.0014, 2.4037, 2.5502, 0.0048, 3.5983, 0.0946, 0.0003, 0.0037, 0.0086, 0.0046, 0.0008, 0.0188, 0.0071, 0.0155, 0.0126, 0.0344, 0.0824, 1.0097, 0.1015, 0.003, 0.5084, 0.108, 0.0974, 1.8453],
      [1.7469, 1.6486, 0.0008, 0, 0.9848, 0.1827, 1.0481, 3.1722, 1.2686, 2.6413, 0.1069, 0.0947, 0.0292, 1.3858, 2.2764, 1.3057, 0.2937, 0.8715, 0.5223, 0.3754, 0.0816, 0.0877, 0.335, 1.237, 2.435, 0.1831, 2.7004, 0.0336, 0.1373, 0.0123, 0.0182, 0.0094, 0.0843, 0.2182, 0.7889, 0.1856, 0.4516, 0.4899, 0.2847, 0.7525, 0.5653, 0.0153, 0.7382, 0.1793, 1.9585, 0.4452]
    ],
    [
      [22.9034, 9.936, 1.5805, 0, 6.2165, 3.0941, 23.9777, 69.8165, 17.1934, 23.7435, 8.6446, 14.8043, 4.6962, 17.354, 17.0966, 8.4576, 12.287, 6.0869, 17.5777, 18.7895, 2.8127, 4.2136, 7.0933, 26.5725, 49.476, 4.1936, 48.7214, 9.3382, 1.8514, 23.4758, 6.5917, 13.9873, 11.1605, 19.7051, 15.9337, 25.3692, 11.6505, 8.2494, 11.1283, 13.2068, 34.0586, 1.0421, 35.335, 6.7029, 117.5513, 19.5754],
      [8.247, 2.8901, 0.4546, 0.7868, 2.6065, 0.5905, 12.7609, 26.5746, 5.3542, 5.5315, 2.6595, 4.6553, 1.1909, 5.6446, 5.6926, 2.7273, 3.3096, 1.5196, 3.2167, 6.4435, 0.939, 0.8692, 1.4885, 8.1359, 8.2049, 1.7017, 9.734, 3.2386, 0.6774, 3.1928, 1.088, 4.6501, 2.9161, 3.6727, 2.2685, 5.7121, 1.4784, 4.6853, 2.0499, 1.8912, 11.9641, 0.6792, 9.45, 1.0363, 16.2179, 2.9865],
      [5.9168, 1.1218, 0.1051, 0.358, 1.3055, 0.3454, 5.2694, 15.2942, 4.2371, 5.0836, 2.1961, 1.92, 1.2639, 3.7772, 3.2304, 2.1315, 2.0753, 1.2079, 2.9482, 3.4985, 0.8187, 0.6218, 1.3919, 7.084, 9.5067, 1.6103, 10.4632, 1.3487, 0.3529, 3.9839, 0.9685, 2.1237, 2.3589, 2.9259, 2.7172, 3.1423, 1.344, 3.0226, 2.3245, 3.47, 6.5896, 0.3022, 7.1859, 0.5051, 15.6591, 1.1231],
      [6.4617, 2.4064, 0.2617, 0.3314, 1.859, 0.6793, 7.8383, 20.4332, 4.5552, 6.9728, 2.4232, 5.1503, 1.6127, 6.753, 5.9608, 3.0893, 4.8544, 2.0671, 3.3988, 4.583, 0.6654, 0.4428, 1.2873, 5.791, 8.646, 0.8851, 8.6685, 3.4943, 0.5197, 3.6663, 1.6264, 4.3496, 2.1042, 3.9864, 4.3, 6.124, 2.1019, 3.458, 1.8259, 2.994, 11.6891, 0.4124, 8.9774, 0.9235, 23.6175, 2.4066],
      [10.3118, 3.1227, 0.5356, 0.5238, 3.4095, 1.746, 20.2728, 43.6846, 11.9128, 11.1782, 7.264, 3.8664, 1.8304, 7.6241, 7.3362, 3.0137, 4.7551, 2.6847, 12.6488, 10.3448, 5.353, 1.6158, 5.3176, 15.5059, 26.8784, 4.3432, 25.1666, 4.1938, 0.4753, 15.2528, 3.3829, 7.8852, 4.674, 11.5376, 14.7235, 15.5012, 8.5315, 9.2661, 6.8615, 7.511, 16.5565, 1.3967, 22.186, 4.1943, 39.6052, 28.0552],
      [1.1592, 0.523, 0.0625, 0, 0.603, 0.5446, 3.8809, 7.1969, 1.7472, 1.4745, 0.8126, 0.6037, 0.4057, 0.8469, 1.6832, 0.5805, 0.6988, 0.4335, 1.2096, 1.3411, 0.4111, 0.2368, 0.4213, 1.9095, 3.3011, 0.2661, 3.2327, 0.3864, 0.1236, 1.4335, 0.3427, 1.0056, 0.7859, 1.1733, 2.0571, 2.1496, 0.8948, 1.3186, 0.7832, 0.9253, 2.1449, 0.1673, 2.8658, 0.638, 7.3973, 1.8531]
    ],
    [
      [12.8388, 10.4715, 4.6495, 0, 1.8459, 0.608, 3.2705, 16.3111, 8.1507, 11.2433, 3.7264, 10.675, 2.3558, 5.8376, 6.2058, 4.0949, 4.7688, 1.7919, 12.7643, 12.2612, 1.5734, 6.0678, 7.097, 9.8675, 21.2803, 2.5926, 21.3912, 2.6776, 1.7008, 18.0804, 5.5339, 11.582, 12.2301, 18.7847, 9.1305, 16.3206, 10.0056, 3.048, 6.3099, 6.0309, 17.2286, 0.5263, 12.2564, 2.6995, 49.0171, 3.5616],
      [3.3979, 2.4142, 0.3673, 0.0236, 2.9267, 0.2242, 4.9405, 8.8655, 1.9569, 3.2352, 0.8623, 8.0084, 0.4952, 4.6022, 3.8177, 1.8893, 2.0637, 1.4343, 1.3206, 1.976, 0.2858, 0.4294, 0.6934, 2.1382, 2.617, 0.4877, 3.0797, 1.7851, 0.1879, 1.0384, 0.5392, 1.7356, 0.9628, 1.7301, 0.6761, 1.9068, 0.6331, 1.3284, 0.9478, 0.8521, 5.8985, 0.0301, 4.1378, 0.0438, 4.8585, 1.2066],
      [26.9784, 8.9316, 2.2996, 0.6235, 5.7655, 0.2831, 4.1431, 16.9975, 17.0164, 24.0773, 7.8454, 13.7484, 5.8425, 13.2654, 9.8735, 11.8719, 6.9247, 4.6074, 22.4704, 17.4044, 7.4256, 6.7722, 19.6171, 13.4925, 26.8835, 10.8945, 28.4671, 1.9204, 2.4053, 27.5052, 7.9549, 19.4543, 23.93, 25.6938, 16.7207, 15.2854, 11.5468, 8.3841, 12.9472, 14.1561, 31.1802, 3.5271, 17.6586, 1.3138, 32.2124, 0.6615],
      [3.5955, 2.7692, 1.1111, 0.0034, 0.5216, 0.0245, 0.2296, 0.9532, 1.7268, 4.2394, 0.8187, 7.3397, 1.0559, 2.7823, 1.7356, 2.1657, 2.3071, 0.6657, 2.8193, 2.0191, 0.4571, 0.4267, 2.5273, 1.0346, 1.866, 0.4863, 1.9622, 0.6219, 0.2015, 1.9132, 1.9532, 5.1936, 1.7173, 5.342, 2.0717, 3.0991, 2.3997, 0.8814, 0.8261, 1.1054, 8.2822, 0.7094, 1.9987, 0.2738, 5.7754, 0.044],
      [343.6707, 207.6386, 64.54, 5.3495, 115.2666, 13.5948, 161.5631, 396.2135, 283.4938, 447.3518, 143.5728, 288.26, 72.5137, 252.0934, 209.1291, 149.1073, 174.8902, 106.3211, 422.6816, 285.0405, 128.7201, 85.2429, 289.0935, 203.6048, 474.7808, 95.7585, 466.1054, 55.2545, 21.4023, 436.2107, 179.2853, 402.8602, 233.9031, 554.4269, 349.3346, 428.8361, 328.2133, 142.2621, 206.5843, 220.2617, 652.5852, 98.9217, 451.124, 84.4007, 751.3817, 115.6257],
      [26.5185, 25.7745, 6.0329, 0, 13.6735, 2.2657, 15.8532, 40.6593, 31.6552, 37.8211, 13.1743, 37.9686, 11.737, 20.4189, 33.2382, 21.8711, 16.0299, 11.1797, 30.9441, 25.3036, 10.5379, 8.0609, 17.9716, 17.8579, 40.6432, 4.7803, 40.9237, 3.7405, 3.1021, 31.3029, 12.7334, 37.196, 24.2513, 42.0351, 42.0663, 43.5403, 28.2008, 17.0959, 16.3988, 18.5816, 54.8526, 12.2854, 37.8244, 8.2686, 83.7509, 6.9006]
    ],
    [
      [3.0644, 3.3271, 0.3279, 0, 2.3844, 0.9963, 5.8591, 14.6, 2.1875, 5.162, 0.7472, 7.083, 0.7252, 4.9792, 5.3116, 2.2764, 3.2905, 1.6863, 1.8156, 1.8137, 0.0903, 0.5145, 0.6439, 2.582, 6.0678, 0.1758, 5.2961, 1.6909, 0.0797, 1.9512, 0.9563, 1.1722, 0.698, 1.8913, 1.2147, 2.8002, 1.0796, 0.7266, 1.6152, 2.3873, 5.4423, 0.1506, 6.3679, 1.6638, 16.6184, 5.4633],
      [27.3796, 24.1324, 3.0148, 1.1471, 31.9247, 2.0787, 39.2062, 71.3835, 17.106, 27.5132, 6.4947, 47.6894, 4.0613, 34.6423, 35.2569, 18.2008, 18.1618, 11.9309, 10.7546, 16.7813, 2.0092, 3.2492, 6.5881, 14.4047, 20.2946, 3.0347, 22.1522, 8.0666, 0.9024, 8.7794, 4.56, 14.7437, 6.6312, 13.8612, 5.4474, 16.322, 5.2176, 9.5666, 7.7609, 7.5941, 50.582, 8.0595, 33.9408, 5.5963, 38.1529, 10.7016],
      [16.0801, 9.3271, 0.6515, 0.596, 17.4892, 1.4248, 16.9504, 36.515, 11.2256, 27.6912, 4.2901, 26.4892, 4.704, 27.7242, 21.368, 16.5942, 12.6092, 11.1105, 8.741, 6.5439, 1.2463, 1.7804, 5.4528, 9.2709, 18.7104, 1.6189, 18.2704, 3.0888, 0.3052, 9.1082, 4.7817, 6.9304, 4.0603, 9.5315, 6.3553, 8.1923, 4.2841, 5.2766, 8.1065, 15.6728, 26.48, 3.0316, 24.5, 2.673, 29.9109, 3.6595],
      [117.5963, 107.2227, 11.9553, 1.1142, 109.5207, 11.0299, 122.2163, 262.163, 83.2338, 216.9754, 34.1289, 279.7239, 32.2661, 221.044, 186.3521, 112.0309, 133.8574, 87.414, 77.4513, 61.1931, 10.4743, 12.3144, 46.0935, 57.1876, 125.089, 8.8921, 113.8153, 33.0366, 2.5915, 69.6262, 53.2015, 85.6349, 27.39, 101.6421, 57.7191, 100.5423, 51.5795, 38.7688, 49.7697, 83.8917, 265.2601, 30.9171, 182.8961, 26.2453, 278.0473, 42.3786],
      [0.2193, 0.3438, 0.0266, 0.1427, 1.103, 0.1119, 0.8477, 1.4026, 0.263, 0.9802, 0.0653, 0.6857, 0.0337, 0.6381, 0.5804, 0.2293, 0.3023, 0.2168, 0.3106, 0.1097, 0.0256, 0.0134, 0.2097, 0.1197, 0.4918, 0.0133, 0.2964, 0.0269, 0, 0.1787, 0.2132, 0.1504, 0.005, 0.2161, 0.1625, 0.3014, 0.1904, 0.0598, 0.2391, 0.502, 0.6456, 0.57, 0.8521, 0.4218, 0.4624, 1.2354],
      [0.6605, 0.6467, 0.0239, 0, 1.5781, 0.3581, 1.9202, 2.9358, 0.9843, 1.6624, 0.2742, 1.3288, 0.2097, 0.9723, 2.1313, 0.6685, 0.7674, 0.6416, 0.927, 0.5595, 0.1542, 0.1282, 1.012, 0.4337, 1.3679, 0.2654, 1.1493, 0.0901, 0.1214, 0.3652, 0.2872, 0.3735, 0.2147, 0.8602, 1.101, 0.8388, 0.6486, 0.6016, 0.5129, 0.9465, 1.6025, 0.2712, 1.4433, 0.3998, 2.8066, 0.5616]
    ],
    [
      [1.4086, 0.9119, 0.2292, 0, 0.0598, 0.0572, 0.0495, 2.374, 0.9692, 1.4861, 0.4617, 1.243, 0.2808, 0.3591, 1.0968, 0.5407, 0.7665, 0.1085, 1.0924, 1.1411, 0.1394, 0.3783, 0.4756, 1.2162, 1.7067, 0.1663, 1.9222, 0.1702, 0.0571, 1.5076, 0.4814, 0.5675, 0.8575, 1.3637, 0.8766, 1.5943, 0.7597, 0.4183, 0.685, 0.766, 2.0597, 0.0467, 2.0292, 0.3724, 3.3441, 0.0202],
      [1.9798, 1.725, 0.2215, 0, 0.9158, 0.0463, 0.9251, 6.1393, 1.1699, 1.9192, 0.5567, 2.1172, 0.2687, 4.4207, 1.5387, 1.1334, 1.1894, 1.6611, 0.6731, 1.1913, 0.1555, 0.2538, 0.3789, 1.781, 1.3298, 0.1501, 1.659, 0.4552, 0.0586, 0.6674, 0.4017, 1.8131, 0.7537, 0.9783, 0.3574, 1.3052, 0.3231, 0.5887, 0.5222, 0.4481, 3.8542, 0.5849, 2.5232, 0.2715, 2.5007, 0.2103],
      [6.1038, 2.6855, 0.2694, 0, 1.5122, 0.0915, 1.7215, 5.37, 3.4021, 6.8036, 1.9663, 3.6139, 1.0182, 4.234, 2.8749, 3.3698, 2.2433, 2.5198, 2.297, 2.3652, 0.708, 0.806, 1.9832, 4.3291, 4.4341, 0.4513, 5.9563, 0.3381, 0.163, 5.0763, 2.5588, 5.6869, 4.4374, 4.0408, 2.1062, 3.5794, 1.4, 1.3604, 2.2268, 3.2469, 8.1222, 1.0682, 6.8091, 0.2866, 6.8981, 0.0893],
      [9.1522, 9.9838, 1.1532, 0, 4.3834, 0.143, 3.4162, 12.2356, 5.1391, 14.7997, 2.9304, 20.2568, 1.7793, 15.8025, 10.0424, 8.8706, 10.2429, 8.8751, 3.9365, 4.482, 0.7813, 0.8978, 3.758, 3.8665, 4.8984, 0.44, 5.6899, 1.4578, 0.3155, 9.7101, 6.3545, 22.7127, 6.7889, 9.4933, 5.2729, 12.1423, 4.1051, 2.14, 2.5817, 3.9686, 22.3019, 3.1886, 11.6325, 0.7391, 11.9146, 0.2314],
      [33.4766, 26.9868, 4.6886, 0, 15.4839, 1.0825, 19.0642, 43.6254, 28.0852, 55.9604, 17.133, 27.943, 5.3184, 32.3335, 25.4612, 17.8361, 21.9903, 24.7625, 29.3164, 22.7597, 10.2963, 7.5349, 20.972, 23.0344, 35.503, 3.8853, 38.6553, 2.8033, 0.8601, 51.618, 30.0769, 56.8689, 26.4859, 47.778, 28.9168, 50.7385, 23.9408, 11.2597, 21.3634, 22.9136, 73.3761, 18.4882, 67.2939, 8.1352, 58.3576, 7.7295],
      [8.8789, 8.7076, 1.4379, 0, 4.645, 0.5796, 5.8235, 13.2559, 11.2344, 14.0253, 5.9513, 8.826, 2.3345, 6.8502, 9.9861, 6.2494, 6.6263, 6.0731, 9.6845, 9.0525, 3.9196, 3.1291, 5.4322, 6.7721, 11.1153, 0.9071, 12.1498, 0.7754, 0.5458, 15.4231, 7.1265, 20.3559, 11.6855, 16.3257, 14.4701, 20.6604, 9.4712, 5.2328, 6.6229, 6.6833, 23.2283, 5.6234, 18.7121, 3.1952, 26.9439, 1.7194]
    ],
    [
      [1.5313, 0.9863, 0.1481, 0, 0.5221, 0.1189, 1.0136, 3.4995, 0.9015, 1.8728, 0.4085, 1.2471, 0.2266, 1.2978, 1.4982, 0.6311, 1.0328, 0.582, 0.8454, 0.8807, 0.0694, 0.3955, 0.4239, 1.1387, 2.5616, 0.0845, 2.9669, 0.3171, 0.1459, 1.08, 0.3082, 0.5175, 0.9007, 1.3798, 0.4099, 0.9193, 0.558, 0.3267, 0.6405, 0.9991, 2.1903, 0.006, 1.7517, 0.1768, 5.3964, 0.6788],
      [8.4982, 5.1701, 0.6398, 0.5029, 6.2186, 0.242, 5.4088, 14.6468, 4.499, 7.9544, 2.1005, 8.743, 1.0188, 9.0038, 8.7787, 4.4337, 4.878, 3.5706, 2.9297, 4.3894, 0.7651, 1.1279, 2.218, 4.2727, 5.5261, 0.7429, 7.2702, 1.1678, 0.6548, 2.6403, 1.1313, 4.183, 3.6134, 5.0795, 1.3046, 3.4849, 1.5175, 2.9854, 2.1093, 2.286, 14.1437, 0.4367, 7.6447, 0.4913, 8.6428, 1.1187],
      [45.9642, 19.5571, 2.1937, 1.5901, 23.5256, 1.1742, 18.0726, 58.8268, 30.3662, 63.8153, 14.5249, 33.7733, 9.0073, 46.5819, 38.707, 27.0429, 25.9406, 23.3686, 28.3193, 21.2013, 7.0116, 7.6822, 22.4374, 24.5368, 49.6806, 4.9061, 57.6469, 4.1803, 2.5757, 32.1774, 11.924, 23.4223, 26.4872, 41.7847, 18.1011, 22.4093, 16.6347, 15.1988, 20.9946, 35.2993, 68.6553, 2.3046, 47.6448, 2.8672, 67.1447, 4.6467],
      [27.5536, 21.1163, 2.9034, 0.5194, 16.8855, 0.8554, 11.1425, 37.0839, 17.8058, 46.5225, 8.8887, 37.0276, 5.8823, 39.9006, 34.5818, 20.1852, 29.8901, 20.8923, 16.8428, 15.1964, 2.7855, 2.9625, 13.3517, 9.7578, 23.6592, 1.7814, 25.8511, 4.067, 2.9639, 18.5443, 11.2419, 32.0763, 18.3034, 41.1433, 13.5909, 20.8019, 16.8012, 9.3717, 8.7911, 17.166, 65.2573, 1.5147, 29.7659, 1.8872, 50.532, 3.4063],
      [10.3098, 6.2005, 1.0141, 0.3876, 7.6867, 0.4755, 6.206, 17.3545, 8.9925, 18.6495, 4.4858, 7.1622, 1.5423, 12.007, 11.167, 4.8561, 7.2186, 7.5544, 11.7974, 6.4281, 4.0272, 2.5249, 10.6844, 5.645, 14.7566, 1.3135, 16.2818, 1.1154, 0.5047, 13.4891, 3.9542, 9.7549, 8.5822, 21.7104, 8.3717, 9.096, 11.4454, 4.3198, 6.6997, 9.9856, 20.0811, 0.6602, 15.3511, 1.3847, 16.2191, 4.7524],
      [1.1432, 0.9694, 0.1009, 0, 1.1617, 0.1342, 1.1565, 2.5885, 1.4353, 2.2633, 0.5919, 1.0471, 0.3227, 1.2092, 2.2671, 0.8511, 1.0349, 1.032, 1.2656, 0.9049, 0.3415, 0.3072, 0.8849, 0.6581, 1.8282, 0.1718, 1.9692, 0.1525, 0.1551, 1.0758, 0.4406, 1.0492, 1.1121, 1.9044, 1.2219, 1.2874, 1.0432, 0.7978, 0.7672, 1.2606, 2.6783, 0.0779, 1.842, 0.1929, 3.0646, 0.397]
    ],
    [
      [2.7198, 1.999, 0.6866, 0, 0.4539, 0.1697, 0.6731, 4.4248, 2.1677, 2.7654, 0.9443, 2.5257, 0.9045, 1.2889, 1.8692, 0.9035, 1.5305, 0.4796, 2.5913, 3.2351, 0.1512, 0.7261, 0.8065, 1.9159, 5.7162, 0.4616, 4.5618, 0.6826, 0.9126, 3.3178, 1.1677, 2.9464, 3.1367, 2.5281, 2.189, 4.2093, 1.7059, 1.0001, 1.5564, 2.0265, 4.4812, 0.1315, 3.6316, 0.5704, 12.5082, 0.5838],
      [1.4666, 1.1372, 0.2339, 0.0682, 0.6404, 0.0995, 0.8011, 2.6244, 1.4299, 2.2187, 0.6307, 1.4357, 0.367, 1.0957, 1.4714, 0.6974, 1.1625, 0.5628, 0.9611, 1.4133, 0.1981, 0.2984, 0.4957, 0.8981, 1.9235, 0.2996, 2.2518, 0.3019, 0.1676, 0.7613, 0.3973, 1.2745, 0.7114, 1.2563, 0.4968, 1.3993, 0.463, 0.9746, 0.6961, 0.6295, 3.43, 0.4328, 2.7883, 0.3638, 3.5776, 0.4622],
      [2.726, 1.2348, 0.2112, 0.2458, 0.7331, 0.0666, 0.5796, 2.9948, 2.3755, 3.1237, 1.0393, 1.7631, 1.234, 1.4719, 1.7801, 1.2109, 1.3414, 0.6628, 2.4545, 2.4979, 0.2489, 0.4786, 1.0873, 1.4112, 3.8771, 0.7128, 3.2069, 0.3031, 0.8482, 2.8041, 1.1492, 3.1277, 3.9219, 2.1996, 1.9916, 2.386, 1.2297, 1.5871, 1.6593, 2.8623, 4.3926, 0.3653, 3.1927, 0.196, 5.0581, 0.068],
      [1.6413, 1.3879, 0.334, 0.1074, 0.1755, 0.0633, 0.0812, 2.9482, 1.8006, 2.6118, 0.8357, 2.0934, 0.7752, 1.3953, 1.9165, 0.8679, 1.6148, 0.6964, 2.3394, 2.0836, 0.275, 0.3836, 0.9461, 0.9564, 3.0208, 0.418, 2.3051, 0.3795, 0.4992, 2.4062, 1.1553, 5.1269, 4.0137, 2.2218, 2.544, 3.1543, 1.6454, 1.1767, 1.2901, 1.8127, 4.1177, 0.5507, 3.1286, 0.3882, 4.9004, 0.0065],
      [24.5536, 18.5107, 5.193, 1.5786, 11.6433, 1.6658, 15.5475, 44.8165, 27.5511, 39.1653, 13.4609, 23.0511, 9.7582, 19.4313, 23.5451, 10.8467, 20.7991, 9.8299, 41.2065, 33.3074, 4.5727, 6.063, 16.7214, 14.6865, 49.0392, 7.6815, 35.8961, 5.5115, 5.7573, 42.247, 19.079, 48.4757, 34.3489, 37.3122, 37.4838, 50.5113, 28.666, 17.7979, 22.1696, 29.8163, 60.654, 8.9602, 50.6846, 6.3554, 69.8767, 9.7565],
      [10.8928, 9.7303, 2.3412, 0, 5.3539, 0.935, 6.3176, 20.1914, 13.6749, 17.1121, 6.0889, 12.131, 4.9611, 8.3167, 13.4177, 6.4737, 8.5491, 4.7685, 15.447, 13.463, 2.554, 3.0501, 6.943, 7.1316, 20.3094, 2.4262, 16.875, 1.8214, 2.8147, 16.3871, 7.0514, 21.0104, 14.8661, 16.4831, 18.2947, 22.3378, 12.2898, 8.4635, 8.6303, 10.8502, 25.9282, 4.5594, 20.5742, 3.1261, 35.0783, 3.123]
    ]
  ],
  "V_est": [
    [165.1416, 655.3151, 249.7214, 1302.1452, 53.2891, 34.3841],
    [833.2523, 213.7847, 156.2308, 206.6551, 474.0366, 64.032],
    [410.4654, 95.0514, 608.9805, 92.0536, 11598.4722, 1087.0222],
    [136.9774, 777.0788, 510.424, 4223.4939, 16.2155, 37.8076],
    [38.6178, 54.1178, 132.6241, 305.0082, 1202.1937, 398.448],
    [45.5878, 190.1853, 1171.9069, 859.0518, 374.2067, 48.161],
    [95.9578, 47.4669, 80.1123, 74.592, 1115.5861, 493.1451]
  ],
  "p_est": [
    [0.0671, 0.2664, 0.1015, 0.5293, 0.0217, 0.014],
    [0.4277, 0.1097, 0.0802, 0.1061, 0.2433, 0.0329],
    [0.0295, 0.0068, 0.0438, 0.0066, 0.8349, 0.0782],
    [0.024, 0.1363, 0.0895, 0.7407, 0.0028, 0.0066],
    [0.0181, 0.0254, 0.0622, 0.1431, 0.5641, 0.187],
    [0.017, 0.0707, 0.4358, 0.3195, 0.1392, 0.0179],
    [0.0503, 0.0249, 0.042, 0.0391, 0.585, 0.2586]
  ],
  "EI_Z": {},
  "EI_V": 11.9519,
  "MAE_Z": {},
  "MAE_V": 174.8898,
  "MAE_p": 0.0603,
  "runtime": 261.832
}
