{
  "X": [
    [1, 7, 38, 65, 0],
    [1, 0, 2, 3, 1],
    [4, 8, 11, 21, 0],
    [4, 3, 32, 53, 4],
    [1, 0, 9, 10, 0],
    [9, 11, 104, 113, 13],
    [3, 5, 44, 24, 7],
    [2, 2, 68, 57, 5],
    [5, 6, 65, 65, 6],
    [7, 2, 44, 26, 6],
    [3, 13, 50, 44, 6],
    [11, 15, 116, 118, 12],
    [11, 18, 154, 110, 7],
    [40, 49, 429, 508, 28],
    [1, 12, 9, 39, 5],
    [3, 4, 77, 39, 4],
    [53, 43, 373, 286, 36],
    [3, 3, 35, 38, 0],
    [3, 3, 38, 36, 2],
    [1, 1, 11, 13, 0],
    [0, 6, 25, 37, 4],
    [0, 4, 12, 13, 1],
    [9, 21, 57, 78, 8],
    [2, 4, 36, 38, 1],
    [2, 3, 2, 5, 2],
    [1, 5, 40, 32, 2],
    [2, 5, 32, 25, 3],
    [23, 21, 132, 227, 8],
    [22, 16, 179, 125, 14],
    [0, 1, 17, 19, 0],
    [9, 14, 102, 114, 2],
    [1, 2, 15, 11, 1],
    [9, 4, 52, 64, 5],
    [51, 35, 353, 427, 36],
    [7, 6, 34, 80, 4],
    [26, 21, 172, 177, 21],
    [2, 0, 2, 5, 1],
    [66, 38, 1013, 337, 108],
    [2, 8, 34, 79, 5],
    [9, 9, 48, 55, 3],
    [15, 26, 106, 178, 13],
    [7, 9, 32, 84, 4],
    [14, 8, 84, 85, 5],
    [17, 16, 129, 103, 15],
    [4, 0, 36, 30, 4],
    [21, 12, 124, 134, 7],
    [362, 293, 2294, 2495, 193],
    [7, 6, 24, 56, 3],
    [6, 13, 96, 84, 3],
    [4, 2, 51, 47, 2],
    [5, 10, 112, 86, 11],
    [11, 9, 124, 151, 7],
    [0, 0, 2, 4, 0],
    [6, 5, 52, 56, 6],
    [36, 48, 257, 330, 22],
    [2, 2, 80, 41, 13],
    [1, 0, 9, 19, 0],
    [8, 10, 69, 74, 8],
    [1, 3, 16, 21, 2],
    [14, 5, 114, 130, 18],
    [5, 5, 88, 77, 7],
    [27, 18, 157, 161, 12],
    [2, 2, 13, 60, 2],
    [3, 8, 6, 63, 2],
    [0, 1, 3, 10, 3],
    [0, 3, 26, 53, 5],
    [1, 1, 1, 5, 0],
    [4, 6, 10, 8, 0],
    [2, 1, 5, 17, 2],
    [1, 1, 13, 11, 3],
    [4, 5, 18, 56, 0],
    [3, 4, 3, 6, 1],
    [0, 1, 8, 9, 2],
    [7, 9, 33, 33, 5],
    [1, 0, 2, 4, 0],
    [1, 0, 7, 4, 3],
    [3, 3, 12, 36, 3],
    [2, 19, 40, 44, 7],
    [1, 3, 9, 36, 0],
    [10, 16, 121, 177, 20],
    [18, 26, 189, 226, 12],
    [3, 11, 19, 110, 5],
    [12, 13, 40, 115, 2],
    [1, 8, 56, 55, 7],
    [31, 46, 158, 202, 30],
    [5, 0, 10, 31, 3],
    [11, 10, 21, 89, 8],
    [1, 9, 21, 96, 2],
    [6, 3, 59, 84, 8],
    [3, 4, 29, 42, 4],
    [5, 5, 18, 118, 4],
    [2, 2, 1, 42, 0],
    [4, 2, 7, 63, 2],
    [8, 4, 9, 29, 2],
    [9, 3, 8, 27, 2],
    [0, 2, 3, 3, 1],
    [15, 19, 47, 99, 3],
    [2, 7, 39, 69, 6],
    [11, 8, 18, 91, 2],
    [2, 1, 5, 3, 0],
    [0, 1, 4, 2, 0],
    [1, 0, 7, 5, 1],
    [0, 0, 1, 5, 0],
    [12, 15, 67, 151, 4],
    [3, 5, 18, 24, 3],
    [0, 0, 11, 6, 1],
    [8, 7, 25, 68, 4],
    [2, 12, 25, 147, 8],
    [15, 30, 116, 233, 12],
    [2, 11, 37, 21, 7],
    [0, 3, 8, 7, 0],
    [0, 0, 13, 26, 1],
    [3, 5, 13, 42, 2],
    [4, 7, 14, 74, 3],
    [9, 10, 36, 73, 8],
    [22, 20, 80, 155, 15],
    [30, 23, 104, 231, 12],
    [6, 13, 24, 80, 5],
    [22, 18, 69, 194, 10],
    [42, 49, 148, 286, 25],
    [9, 5, 19, 112, 6],
    [11, 9, 21, 97, 6],
    [7, 9, 14, 75, 4],
    [23, 24, 331, 126, 47],
    [2, 5, 8, 59, 5],
    [12, 9, 18, 50, 7],
    [5, 16, 40, 117, 4],
    [7, 16, 73, 141, 6],
    [2, 4, 9, 14, 1],
    [1, 0, 7, 2, 0],
    [1, 1, 0, 7, 0],
    [0, 1, 3, 18, 0],
    [1, 0, 2, 8, 1],
    [2, 3, 14, 39, 2],
    [24, 21, 100, 117, 5],
    [25, 21, 168, 200, 18],
    [12, 6, 48, 51, 4],
    [28, 22, 130, 154, 8],
    [44, 43, 213, 274, 25],
    [16, 7, 47, 57, 2],
    [9, 13, 37, 129, 6],
    [26, 31, 125, 331, 19],
    [4, 1, 42, 56, 8],
    [13, 12, 76, 85, 7],
    [25, 29, 153, 222, 18],
    [4, 17, 109, 145, 16],
    [4, 5, 50, 77, 7],
    [4, 2, 7, 3, 0],
    [24, 23, 110, 125, 13],
    [13, 8, 30, 102, 5],
    [0, 6, 18, 25, 5],
    [10, 13, 31, 72, 9],
    [6, 8, 35, 120, 14],
    [1, 5, 4, 23, 3],
    [11, 15, 29, 143, 10],
    [3, 3, 12, 26, 6],
    [24, 22, 83, 188, 8],
    [2, 7, 14, 31, 1],
    [1, 5, 7, 32, 1],
    [3, 2, 28, 30, 1],
    [1, 2, 9, 14, 1],
    [8, 26, 55, 35, 16],
    [8, 4, 44, 64, 7],
    [2, 7, 22, 52, 2],
    [3, 8, 12, 42, 3],
    [7, 5, 7, 37, 4],
    [15, 7, 19, 58, 6],
    [41, 48, 180, 254, 24],
    [0, 0, 5, 2, 0],
    [19, 20, 284, 137, 22],
    [146, 172, 1500, 1183, 221],
    [119, 205, 1123, 1007, 184],
    [6, 0, 14, 16, 2]
  ],
  "W": [
    [15, 5, 30, 53, 8],
    [1, 0, 2, 2, 2],
    [6, 1, 10, 23, 4],
    [10, 3, 31, 40, 12],
    [0, 0, 10, 7, 3],
    [37, 16, 95, 81, 21],
    [9, 6, 40, 18, 10],
    [9, 21, 45, 42, 17],
    [17, 9, 60, 43, 18],
    [8, 11, 32, 20, 14],
    [17, 2, 50, 35, 12],
    [33, 7, 134, 81, 17],
    [28, 10, 152, 93, 17],
    [125, 33, 434, 374, 88],
    [19, 0, 14, 31, 2],
    [15, 6, 70, 24, 12],
    [69, 30, 364, 236, 92],
    [15, 3, 33, 27, 1],
    [7, 5, 37, 25, 8],
    [2, 1, 9, 10, 4],
    [9, 0, 29, 27, 7],
    [6, 0, 14, 7, 3],
    [32, 7, 61, 58, 15],
    [7, 3, 36, 31, 4],
    [2, 0, 3, 5, 4],
    [10, 4, 37, 22, 7],
    [10, 10, 29, 17, 1],
    [52, 14, 121, 184, 40],
    [39, 19, 160, 93, 45],
    [5, 1, 18, 13, 0],
    [34, 13, 97, 84, 13],
    [4, 2, 15, 7, 2],
    [14, 3, 56, 46, 15],
    [110, 27, 366, 320, 79],
    [21, 2, 42, 54, 12],
    [57, 22, 171, 131, 36],
    [0, 0, 1, 7, 2],
    [69, 297, 774, 258, 164],
    [23, 6, 31, 59, 9],
    [22, 5, 47, 39, 11],
    [45, 4, 107, 145, 37],
    [18, 4, 37, 67, 10],
    [23, 9, 85, 63, 16],
    [33, 21, 121, 78, 27],
    [0, 3, 36, 22, 13],
    [24, 10, 122, 119, 23],
    [606, 196, 2349, 1953, 533],
    [17, 4, 28, 32, 15],
    [28, 7, 94, 61, 12],
    [9, 2, 59, 29, 7],
    [20, 11, 107, 72, 14],
    [33, 9, 128, 108, 24],
    [0, 0, 2, 3, 1],
    [11, 7, 56, 36, 15],
    [81, 24, 239, 288, 61],
    [11, 20, 73, 28, 6],
    [2, 2, 7, 13, 5],
    [22, 8, 75, 51, 13],
    [4, 1, 15, 16, 7],
    [34, 15, 102, 107, 23],
    [16, 4, 87, 65, 10],
    [39, 26, 139, 129, 42],
    [18, 0, 16, 42, 3],
    [20, 0, 6, 50, 6],
    [0, 0, 5, 9, 3],
    [13, 4, 20, 39, 11],
    [1, 0, 2, 5, 0],
    [6, 2, 9, 6, 5],
    [3, 0, 7, 13, 4],
    [3, 0, 14, 10, 2],
    [7, 1, 21, 52, 2],
    [3, 0, 4, 6, 4],
    [0, 2, 7, 8, 3],
    [16, 7, 29, 22, 13],
    [1, 0, 1, 3, 2],
    [0, 2, 8, 3, 2],
    [11, 2, 12, 28, 4],
    [23, 2, 40, 34, 13],
    [13, 2, 8, 24, 2],
    [52, 4, 130, 125, 33],
    [61, 10, 188, 171, 41],
    [20, 1, 25, 92, 10],
    [23, 3, 42, 91, 23],
    [13, 6, 50, 47, 11],
    [59, 18, 172, 159, 59],
    [2, 1, 10, 31, 5],
    [18, 1, 27, 81, 12],
    [22, 1, 23, 77, 6],
    [16, 6, 54, 70, 14],
    [9, 4, 31, 31, 7],
    [17, 1, 23, 96, 13],
    [9, 1, 4, 33, 0],
    [13, 1, 7, 54, 3],
    [9, 0, 10, 25, 8],
    [2, 0, 8, 28, 11],
    [1, 1, 5, 2, 0],
    [21, 4, 50, 83, 25],
    [17, 3, 39, 52, 12],
    [21, 1, 22, 71, 15],
    [1, 0, 6, 2, 2],
    [2, 0, 3, 2, 0],
    [1, 1, 7, 5, 0],
    [1, 0, 2, 2, 1],
    [36, 5, 72, 110, 26],
    [11, 3, 16, 19, 4],
    [1, 1, 10, 5, 1],
    [10, 3, 22, 63, 14],
    [33, 3, 35, 106, 17],
    [57, 9, 124, 196, 20],
    [9, 5, 36, 16, 12],
    [7, 0, 7, 2, 2],
    [2, 1, 12, 24, 1],
    [10, 1, 12, 38, 4],
    [17, 0, 12, 60, 13],
    [19, 1, 49, 50, 17],
    [33, 5, 86, 136, 32],
    [43, 6, 122, 191, 38],
    [28, 4, 22, 59, 15],
    [45, 4, 76, 157, 31],
    [87, 26, 154, 219, 64],
    [13, 3, 24, 101, 10],
    [19, 4, 25, 83, 13],
    [14, 1, 16, 64, 14],
    [25, 114, 247, 107, 58],
    [21, 1, 9, 42, 6],
    [13, 1, 21, 45, 16],
    [18, 3, 41, 105, 15],
    [39, 8, 70, 110, 16],
    [3, 3, 7, 13, 4],
    [0, 1, 7, 2, 0],
    [0, 0, 0, 8, 1],
    [6, 0, 3, 13, 0],
    [2, 1, 1, 5, 3],
    [16, 0, 15, 22, 7],
    [29, 3, 112, 92, 31],
    [50, 12, 177, 144, 49],
    [10, 7, 50, 38, 16],
    [43, 13, 141, 115, 30],
    [75, 19, 234, 214, 57],
    [11, 5, 45, 47, 21],
    [23, 1, 44, 105, 21],
    [72, 9, 135, 274, 42],
    [15, 1, 47, 40, 8],
    [25, 2, 86, 59, 21],
    [51, 11, 167, 167, 51],
    [39, 9, 105, 110, 28],
    [16, 7, 43, 66, 11],
    [2, 0, 6, 3, 5],
    [37, 19, 103, 99, 37],
    [19, 2, 38, 83, 16],
    [4, 3, 21, 20, 6],
    [11, 11, 34, 68, 11],
    [31, 2, 30, 97, 23],
    [5, 4, 4, 19, 4],
    [31, 3, 31, 126, 17],
    [8, 1, 11, 21, 9],
    [36, 14, 86, 154, 35],
    [9, 1, 14, 24, 7],
    [11, 2, 10, 19, 4],
    [7, 0, 24, 25, 8],
    [1, 1, 8, 11, 6],
    [16, 12, 58, 29, 25],
    [9, 3, 52, 43, 20],
    [15, 1, 18, 47, 4],
    [13, 4, 11, 34, 6],
    [6, 0, 5, 40, 9],
    [28, 3, 17, 46, 11],
    [78, 20, 175, 204, 70],
    [0, 1, 3, 2, 1],
    [26, 78, 217, 102, 59],
    [275, 231, 1377, 961, 378],
    [265, 129, 1085, 852, 307],
    [2, 3, 12, 15, 6]
  ],
  "method": "mult",
  "cond_prob": [
    [
      [0.001338348263, 0.23170057281, 0.033244368522, 0.7337167104, 0],
      [0, 0, 1, 0, 0],
      [0.0031482677415, 0.010900390298, 0.95300305376, 0.032948288203, 0],
      [0.0026414111351, 0.024726128748, 0.026005411405, 0.94662704871, 0],
      [0.093185244206, 0.2358743594, 0.31661950687, 0.35432088952, 0]
    ],
    [
      [0.026705278525, 0, 0.014178999196, 0.9456438973, 0.013471824979],
      ["NaN", "NaN", "NaN", "NaN", "NaN"],
      [0.045602782471, 0, 0.90750132096, 0.0061228724569, 0.040773024114],
      [0.052448032091, 0, 0.0061965350189, 0.9259839096, 0.015371523292],
      [0.38859654618, 0, 0.079212644424, 0.095071269295, 0.43711954011]
    ],
    [
      [0.016360281206, 0.56428611604, 0.040157029415, 0.37919657334, 0],
      [0, 0, 1, 0, 0],
      [0.056510273665, 0.049660765459, 0.88482406126, 0.0090048996168, 0],
      [0.061448059221, 0.12181769242, 0.020553471753, 0.7961807766, 0],
      [0.48085755351, 0.32896718086, 0.10952184015, 0.080653425489, 0]
    ],
    [
      [0.007856513338, 0.13355084569, 0.0050674029188, 0.84967200118, 0.0038532368756],
      [0, 0, 0.87197780951, 0.00090205879058, 0.1271201317],
      [0.020339365124, 0.0065787183091, 0.87566311017, 0.081510694844, 0.015908111554],
      [0.013355765923, 0.013821816895, 0.00037095412019, 0.97032348341, 0.0021279796547],
      [0.22972365924, 0.075639883308, 0.18108316352, 0.26340024462, 0.25015304932]
    ],
    [
      ["Inf", "NaN", "NaN", "NaN", "NaN"],
      ["NaN", "NaN", "NaN", "NaN", "NaN"],
      [0.0056344676306, 0, 0.82004993131, 0.17431560105, 0],
      [0.0045357401481, 0, 0, 0.99546425985, 0],
      [0.30396838089, 0, 0.26650022895, 0.42953139016, 0]
    ],
    [
      [0.010148695623, 0.180522759, 0.021083890283, 0.78098835477, 0.0072563003224],
      [0, 0, 0.83884533438, 0, 0.16115466562],
      [0.01907535842, 0.0074440826568, 0.89513631146, 0.05101296229, 0.027331285176],
      [0.023858722673, 0.021445775908, 0.013410777329, 0.93346393495, 0.0078207891348],
      [0.2323706036, 0.089350581717, 0.17495943606, 0.17364860593, 0.32967077269]
    ],
    [
      [0.010029481798, 0.30346557439, 0.025190653085, 0.6499078017, 0.011406489022],
      [0, 0, 0.80957677157, 0, 0.19042322843],
      [0.015153598207, 0.0092665085919, 0.92111550973, 0.018284960901, 0.036179422569],
      [0.027372219616, 0.041457525858, 0.012763725935, 0.90266823802, 0.015738290573],
      [0.18108907825, 0.11519140213, 0.18414560367, 0.11714030643, 0.40243360952]
    ],
    [
      [0.0028348653376, 0.085586583126, 0.0067400107545, 0.90261444369, 0.0022240970912],
      [3.9253691648e-06, 3.8645251106e-06, 0.915292945, 0.028241933106, 0.056457332005],
      [0.0026326829655, 0.0016558925788, 0.94104337778, 0.049635085796, 0.0050329608845],
      [0.0032657194303, 0.0049050015835, 0.015037658225, 0.97492350832, 0.0018681124393],
      [0.1011042841, 0.055830256723, 0.33762673018, 0.30017783537, 0.20526089364]
    ],
    [
      [0.006617761986, 0.17437355492, 0.0031310689521, 0.8126737751, 0.0032038390462],
      [5.761234351e-05, 8.268793101e-05, 0.81533705179, 0.080930984237, 0.1035916637],
      [0.011404252052, 0.0066697606243, 0.89142185527, 0.077991612595, 0.012512519459],
      [0.014725180435, 0.019925362268, 0.0014747088369, 0.96145152998, 0.0024232184782],
      [0.19830786963, 0.098773842226, 0.22555636475, 0.24634746779, 0.2310144556]
    ],
    [
      [0.023132747771, 0.13497382871, 0.040466536293, 0.79270810333, 0.008718783893],
      [0, 0, 0.87152812288, 0, 0.12847187712],
      [0.023238864434, 0.0020146090629, 0.94191642223, 0.010494889652, 0.022335214624],
      [0.057969922355, 0.013094477571, 0.04026152367, 0.8786221094, 0.010051967004],
      [0.35084970777, 0.042418023491, 0.22449302666, 0.12500403689, 0.25723520518]
    ],
    [
      [0.0055251380681, 0.40077101817, 0.02271191301, 0.56449029318, 0.0065016375723],
      [0, 0, 0.83776446267, 0, 0.16223553733],
      [0.011960670515, 0.02451665977, 0.90456657592, 0.031549723789, 0.027406370007],
      [0.017179817905, 0.067196505083, 0.017086822531, 0.88927578625, 0.0092610682354],
      [0.1422287917, 0.21743183539, 0.17600008075, 0.14179385899, 0.32254543317]
    ],
    [
      [0.0098389910384, 0.2460630642, 0, 0.73706966114, 0.0070282836226],
      [0.00018618025617, 0.00035257545152, 0.57658640819, 0.24123017537, 0.18164466073],
      [0.033237405595, 0.015629721982, 0.82007600492, 0.099975582165, 0.031081285335],
      [0.019597693545, 0.033343352205, 0, 0.93867441207, 0.0083845421807],
      [0.27251673571, 0.12248568113, 0.12198296959, 0.15051379805, 0.33250081552]
    ],
    [
      [0.01151786504, 0.31640667959, 0.012246238312, 0.65589004206, 0.0039391749975],
      [0, 0, 0.9095376758, 0, 0.090462324202],
      [0.019512245482, 0.013724804669, 0.91709375805, 0.035780546112, 0.013888645689],
      [0.03082780613, 0.04484302248, 0.020078116232, 0.89929302474, 0.004958030416],
      [0.28497955856, 0.16964950419, 0.19389485508, 0.15071673601, 0.20075934616]
    ],
    [
      [0.0092369914803, 0.19902458572, 0.0023737366127, 0.78605591953, 0.0033087666595],
      [3.0609772072e-05, 4.5501509504e-05, 0.89573050684, 0.0076405403843, 0.096552841489],
      [0.018913531854, 0.010076127042, 0.87953222427, 0.077753919949, 0.013724196888],
      [0.020953651299, 0.024639638062, 0, 0.95170645429, 0.0027002563514],
      [0.25908213105, 0.119683653, 0.19803625984, 0.22508473937, 0.19811321674]
    ],
    [
      [0.0014816293485, 0.43077375426, 0.0038905675818, 0.54235732816, 0.021496720652],
      ["NaN", "NaN", "NaN", "NaN", "NaN"],
      [0.045114631515, 0.098995618033, 0.63084848825, 0.072864941855, 0.15217632035],
      [0.0048275825389, 0.073767036768, 0.0015579955413, 0.88997848033, 0.029868904824],
      [0.095294571231, 0.071290938419, 0.022951259357, 0.042884344414, 0.76757888658]
    ],
    [
      [0.0066138111418, 0.1627898012, 0.019901913037, 0.8068061697, 0.0038883049153],
      [4.8762776398e-07, 6.6805466081e-07, 0.91901075693, 6.1965563006e-05, 0.080926121827],
      [0.0052174004427, 0.0022788702414, 0.95916013704, 0.024679629118, 0.0086639631531],
      [0.017904340468, 0.016318125955, 0.012195675121, 0.94952298155, 0.0040588769088],
      [0.17548897541, 0.083916086152, 0.31279174724, 0.1984508388, 0.2293523524]
    ],
    [
      [0.017340075364, 0.27485015355, 0.010330352327, 0.69127738225, 0.0062020365144],
      [0, 0, 0.8716860825, 0, 0.1283139175],
      [0.03073333154, 0.011971683215, 0.89804627393, 0.037006841097, 0.022241870218],
      [0.04441175057, 0.037429295451, 0.012478071992, 0.89756800873, 0.0081128732594],
      [0.3275590107, 0.11787318466, 0.17720602732, 0.14136217833, 0.23599959899]
    ],
    [
      [0.017929440499, 0.15428984916, 0.032700907067, 0.79507980327, 0],
      [0, 0, 1, 0, 0],
      [0.032270805135, 0.0046021050529, 0.92944613568, 0.033680954129, 0],
      [0.040972096532, 0.016292361474, 0.023950201242, 0.91878534075, 0],
      [0.5598752167, 0.093889036033, 0.19110848292, 0.15512726435, 0]
    ],
    [
      [0.0079291376759, 0.18676002233, 0.00099670238516, 0.80211147375, 0.0022026638606],
      [0.00011270256844, 0.0001124998206, 0.78279388868, 0.14574906138, 0.071231847548],
      [0.016872448431, 0.0075089615672, 0.87290612246, 0.095029748546, 0.0076827189997],
      [0.011859638491, 0.021086636562, 0, 0.96551075248, 0.001542972468],
      [0.25289512115, 0.11088998157, 0.22269088863, 0.25032560858, 0.16319840007]
    ],
    [
      [0.0034404185252, 0.17615140531, 0.022609555037, 0.79779862113, 0],
      [0, 0, 0.99969993791, 0.00030006209215, 0],
      [0.0047928836806, 0.0041498499249, 0.94182499977, 0.049232266621, 0],
      [0.0043184656926, 0.010318621098, 0.017835310884, 0.96752760232, 0],
      [0.22669963822, 0.12679058227, 0.3250757113, 0.3214340682, 0]
    ],
    [
      [0, 0.30344154266, 0, 0.6910554692, 0.0055029881401],
      ["NaN", "NaN", "NaN", "NaN", "NaN"],
      [0, 0.034553329197, 0.82411209717, 0.11053169366, 0.030802879967],
      [0, 0.031998515895, 0, 0.96352764512, 0.0044738389811],
      [0, 0.20043137717, 0.15724988315, 0.22283360608, 0.4194851336]
    ],
    [
      [0, 0.37100169726, 0, 0.62818462142, 0.00081368132398],
      ["NaN", "NaN", "NaN", "NaN", "NaN"],
      [0, 0.042683121419, 0.81723598064, 0.12994258481, 0.01013831313],
      [0, 0.044661962789, 0, 0.95357758929, 0.001760447916],
      [1.5353609919e-33, 0.28793079235, 0.18623209036, 0.24555098635, 0.28028613094]
    ],
    [
      [0.0089615454717, 0.37968179708, 0.0046224411314, 0.60044324196, 0.0062909743568],
      [0.00022267751295, 0.00088976174039, 0.81384663966, 0.002618905268, 0.18242201581],
      [0.046440397893, 0.034309761222, 0.81154111411, 0.075891879413, 0.031816847361],
      [0.026817373632, 0.065049126703, 0, 0.89935240682, 0.0087810928486],
      [0.28822665735, 0.19854729187, 0.11007649636, 0.13170931205, 0.27144024238]
    ],
    [
      [0.0068300642618, 0.26129857352, 0.0025921545898, 0.72753190802, 0.0017472996159],
      [1.3513238934e-05, 5.3232537766e-05, 0.93033396282, 0.014486076737, 0.055113214662],
      [0.012895093391, 0.012445912323, 0.89644961728, 0.071380986995, 0.0068283900153],
      [0.016557324874, 0.032449700625, 0.0012047269084, 0.94853639487, 0.0012518527233],
      [0.24366214432, 0.17918918119, 0.22033006833, 0.22236866023, 0.13444994593]
    ],
    [
      [0.0078196371106, 0.61738103668, 0, 0.36115739372, 0.013641932487],
      ["NaN", "NaN", "NaN", "NaN", "NaN"],
      [0.15092989036, 0.073341409418, 0.64455550676, 0.038980997457, 0.092192196006],
      [0.045936504039, 0.13098479828, 0.0012949167222, 0.78637519626, 0.035408584706],
      [0.32547213363, 0.22257242675, 0.014964724026, 0.057216559725, 0.37977415587]
    ],
    [
      [0.0024709039056, 0.26553307362, 0.0057437206297, 0.72428183584, 0.0019704660071],
      [3.2271124608e-06, 7.8850350475e-05, 0.89658201897, 0.030763552298, 0.072572351272],
      [0.0037214832871, 0.0090748479509, 0.92541412159, 0.054748359896, 0.0070411872781],
      [0.0062695710724, 0.033601944651, 0.0074397534564, 0.95087309564, 0.001815635177],
      [0.099950372468, 0.18133452941, 0.27889109187, 0.24131857316, 0.19850543309]
    ],
    [
      [0.011041739859, 0.33809643265, 0, 0.64501289293, 0.0058489345604],
      [0.00017337650551, 0.0015840899651, 0.76546964161, 0.065141759806, 0.16763113211],
      [0.034826972687, 0.021141813608, 0.83749225866, 0.079632174816, 0.026906780232],
      [0.031110088834, 0.048905232084, 0, 0.91172401903, 0.0082606600492],
      [0.34899511826, 0.1586932338, 0.0580280828, 0.089812079426, 0.34447148572]
    ],
    [
      [0.012247956424, 0.20007091081, 0.019221043063, 0.76618299106, 0.0022770986511],
      [0, 0, 0.92643608165, 6.9124468742e-05, 0.073494793885],
      [0.028571576216, 0.011559386858, 0.89654071856, 0.052717039591, 0.01061127877],
      [0.028111646851, 0.023918539708, 0.012601457751, 0.93377669729, 0.0015916584024],
      [0.34333506308, 0.11991538805, 0.18075763613, 0.22409606577, 0.13189584696]
    ],
    [
      [0.015663384955, 0.21383188577, 0.027128461626, 0.73852860434, 0.0048476633035],
      [0, 0, 0.90238214604, 0, 0.097617853963],
      [0.022634651461, 0.0060131158898, 0.92979353101, 0.026646316711, 0.014912384929],
      [0.037909113415, 0.026416774554, 0.019651111637, 0.9105907763, 0.0054322240906],
      [0.31648969345, 0.094259952869, 0.22671579729, 0.16108959024, 0.20144496615]
    ],
    [
      [0, 0.14173354564, 0, 0.85826645436, 0],
      [0, 3.0291970364e-05, 0.87726071385, 0.12270899418, 0],
      [0, 0.010760413564, 0.89570773812, 0.093531848317, 0],
      [0, 0.0075088104369, 0, 0.99249118956, 0],
      ["NaN", "NaN", "NaN", "NaN", "NaN"]
    ],
    [
      [0.01051598734, 0.23892196024, 0.0081603013526, 0.74135663862, 0.001045112447],
      [2.093885912e-05, 4.9821666614e-05, 0.96080629559, 0.004025361787, 0.0350975821],
      [0.021232346051, 0.012483408119, 0.89101596878, 0.070697826312, 0.0045704507405],
      [0.026117062251, 0.031021000843, 0.00090484369698, 0.94105421967, 0.00090287354311],
      [0.33760103302, 0.15841161628, 0.20980862072, 0.21810007536, 0.07607865462]
    ],
    [
      [0.0086327378373, 0.30454277168, 0.00023012261645, 0.68310911879, 0.0034852490769],
      [8.7018190132e-05, 0.00046292328637, 0.75088283643, 0.1352900438, 0.11327717829],
      [0.017398894629, 0.014295084415, 0.87872907715, 0.07505191288, 0.01452503093],
      [0.021197742813, 0.037869724689, 0, 0.93669282763, 0.0042397048711],
      [0.27796369657, 0.15069436384, 0.15818883974, 0.15717747532, 0.25597562453]
    ],
    [
      [0.015897269475, 0.13822365224, 0.00059060908315, 0.84058650271, 0.0047019664976],
      [0.00021392971704, 4.2182346921e-05, 0.7624493155, 0.11183334177, 0.12546123067],
      [0.037957330019, 0.0066719564088, 0.84544187551, 0.090823197461, 0.019105640599],
      [0.028440158138, 0.015515464222, 0, 0.95176416216, 0.0042802154785],
      [0.35619591219, 0.065160093902, 0.15730923318, 0.20193589464, 0.2193988661]
    ],
    [
      [0.015619555738, 0.17075092429, 0.0080602756462, 0.79949390276, 0.0060753415638],
      [5.135599058e-05, 6.1677268453e-06, 0.85392822845, 0.0011648122366, 0.14484943559],
      [0.03226149841, 0.0085414761119, 0.86435209016, 0.070689220987, 0.024155714329],
      [0.035100540273, 0.0205761912, 0.0017702660046, 0.93606409229, 0.0064889102275],
      [0.33215925255, 0.082362915929, 0.15364503026, 0.17229691583, 0.25953588544]
    ],
    [
      [0.0045620340677, 0.15590546111, 0, 0.83614100344, 0.0033915013729],
      [0.00020966029295, 0.00017939040255, 0.77662344298, 0.076315979628, 0.14667152669],
      [0.057735205417, 0.025920731092, 0.73928942737, 0.15559735841, 0.021457277703],
      [0.010497168411, 0.0094679344313, 0, 0.97784403969, 0.0021908574664],
      [0.32600435352, 0.093807280885, 0.11638309703, 0.24581164764, 0.21799362092]
    ],
    [
      [0.018828181046, 0.21471940312, 0.012570443693, 0.74598390997, 0.0078980621701],
      [8.1336826773e-06, 4.9849042476e-06, 0.83175892693, 0.00035107086298, 0.16787688362],
      [0.037409919833, 0.010654433237, 0.86389136085, 0.057743157105, 0.030301128976],
      [0.045143626112, 0.02755533334, 0.003484432682, 0.91412740001, 0.0096892078547],
      [0.35043620631, 0.092478544535, 0.13341402585, 0.1346228974, 0.28904832591]
    ],
    [
      ["NaN", "NaN", "NaN", "NaN", "NaN"],
      ["NaN", "NaN", "NaN", "NaN", "NaN"],
      [0, 0, 0.97004649406, 0, 0.029953505938],
      [0.14297908639, 0, 0.1161168132, 0.7119343882, 0.028969712213],
      [0.49957319765, 0, 0.10856790677, 0.00822964129, 0.38362925428]
    ],
    [
      [0.017209282702, 0.22008020143, 0.0054697051329, 0.7479731891, 0.0092676216405],
      [6.824165525e-05, 2.256141148e-05, 0.83298307075, 0.039683480337, 0.12724264585],
      [0.016104353179, 0.0041869609672, 0.93660729833, 0.021646662264, 0.021454725259],
      [0.041042355447, 0.027706665339, 0.0082078962729, 0.91066678556, 0.012376297378],
      [0.25450362595, 0.075724011684, 0.23277397675, 0.13352017698, 0.30347820864]
    ],
    [
      [0.0034869261321, 0.2065780284, 0.013708012094, 0.77189081562, 0.0043362177465],
      [0, 0, 0.83292424293, 0.00080260505791, 0.16627315201],
      [0.011767970343, 0.015112771782, 0.87194441185, 0.075097712011, 0.026077134011],
      [0.0076472347335, 0.025334546413, 0.0030727861783, 0.96118297496, 0.0027624577187],
      [0.12264519656, 0.14283013146, 0.16395545692, 0.24487455728, 0.32569465778]
    ],
    [
      [0.01957341994, 0.25613266477, 0.018876877526, 0.70202292991, 0.0033941078567],
      [0, 0, 0.90926423315, 0, 0.090735766851],
      [0.041468908046, 0.014005700817, 0.87639480914, 0.05405371284, 0.01407686916],
      [0.049016935895, 0.034389022366, 0.0056774229751, 0.90688245283, 0.0040341659366],
      [0.42806232575, 0.12414923313, 0.14785563666, 0.14968685257, 0.1502459519]
    ],
    [
      [0.0089958747195, 0.27628807773, 0.012967782775, 0.69704553117, 0.0047027336044],
      [0, 2.3338355165e-05, 0.85816151838, 3.2192377887e-06, 0.14181192402],
      [0.022871093432, 0.018789042345, 0.88422151674, 0.051293753389, 0.022824594091],
      [0.023098019043, 0.038680195727, 0.010046851611, 0.92321435524, 0.0049605783763],
      [0.23780448322, 0.16075370911, 0.1598731872, 0.19671419183, 0.24485442863]
    ],
    [
      [0.0077556464691, 0.24598322468, 0.00099478915544, 0.7414598662, 0.0038064734856],
      [9.1998874101e-05, 0.00023384268505, 0.83150613962, 0.010563965319, 0.1576040535],
      [0.074517261165, 0.031898861448, 0.74373656435, 0.12582281096, 0.024024502075],
      [0.011381584221, 0.028421246521, 0.0010099786846, 0.95591447122, 0.0032727193554],
      [0.33403255621, 0.14868851945, 0.10701477838, 0.19097529699, 0.21928884897]
    ],
    [
      [0.020867472686, 0.19038938938, 0.0019314643772, 0.78307944543, 0.003732228124],
      [0.00027692730401, 5.6197686966e-05, 0.89101658508, 0.015712784895, 0.092937505036],
      [0.041678305518, 0.0089628916928, 0.86482763173, 0.070216927783, 0.014314243282],
      [0.04690226904, 0.023090499182, 0, 0.92594779652, 0.0040594352605],
      [0.438753554, 0.08774943892, 0.15162989731, 0.15903797805, 0.16282913172]
    ],
    [
      [0.017757425635, 0.26418782798, 0.009099547911, 0.70152260032, 0.007432598156],
      [6.8086525305e-05, 5.993872803e-05, 0.84473946986, 0.0024820613582, 0.15265044352],
      [0.032976754609, 0.012266472062, 0.88085359255, 0.046429294808, 0.027473885973],
      [0.045095304597, 0.035797330705, 0.0042227142948, 0.90514289184, 0.0097417585662],
      [0.32981311373, 0.11126326107, 0.14990850513, 0.13253854318, 0.27647657689]
    ],
    [
      ["Inf", "NaN", "NaN", "NaN", "Inf"],
      [0.00030998273369, 1.0277191099e-34, 0.45608405199, 0.43030737725, 0.11329858803],
      [0.015114709132, 0, 0.87630066017, 0.098502204098, 0.010082426603],
      [0.011959867456, 5.2046403275e-19, 0, 0.98560939801, 0.0024307345381],
      [0.24552487992, 8.9412479627e-33, 0.23730185216, 0.26766090497, 0.24951236295]
    ],
    [
      [0.020467988106, 0.21791905102, 0.014793227659, 0.74298610485, 0.0038336283663],
      [0, 0, 0.90908251148, 0, 0.090917488521],
      [0.039001009643, 0.01010061708, 0.89111911599, 0.045402777955, 0.014376479333],
      [0.048819380101, 0.026841710112, 0.018447214639, 0.90152372593, 0.0043679692202],
      [0.43222342944, 0.10189147776, 0.15836464037, 0.14555961686, 0.16196083557]
    ],
    [
      [0.016745696127, 0.23427048476, 0.0051554838163, 0.7390360134, 0.0047923218969],
      [0.00013523458382, 7.0306392885e-05, 0.87730758945, 0.0034028480427, 0.11908402153],
      [0.035155803205, 0.012737753846, 0.86605590621, 0.066549376905, 0.019501159837],
      [0.040344910742, 0.030902849886, 0.00062615304818, 0.92254201113, 0.0055840751909],
      [0.35731896766, 0.11396633503, 0.15635138591, 0.16590653578, 0.20645677562]
    ],
    [
      [0.0045324519147, 0.17176695143, 0, 0.82300481517, 0.00069578148028],
      [0.0008130472973, 0.00076133818438, 0.75339590067, 0.13612072898, 0.10890898487],
      [0.054500689649, 0.037477591963, 0.69515612133, 0.2003405009, 0.012525096156],
      [0.011296837084, 0.011672418089, 0, 0.9758388205, 0.0011919243263],
      [0.33547853543, 0.11026843461, 0.10146966667, 0.308537263, 0.1442461003]
    ],
    [
      [0.0081993077888, 0.26985726897, 0.015375061229, 0.70453573538, 0.0020326266363],
      [4.4897698632e-07, 9.9651830459e-07, 0.94069501085, 3.940624501e-05, 0.059264137408],
      [0.014664506013, 0.01225059369, 0.91251052186, 0.052707372105, 0.0078670063278],
      [0.021542145974, 0.036497732905, 0.0074995821807, 0.93231879311, 0.0021417458344],
      [0.25649014746, 0.17217266493, 0.22926413678, 0.20389868404, 0.1381743668]
    ],
    [
      [0.0090887974209, 0.10644248391, 0, 0.88181698016, 0.0026517385167],
      [0.00018896331407, 4.7187889013e-05, 0.44332800118, 0.47823439452, 0.078201453091],
      [0.024141042657, 0.0049057719678, 0.82586295626, 0.13564860448, 0.0094416246318],
      [0.010760587347, 0.01100044897, 0, 0.97626052585, 0.0019784378369],
      [0.31163490668, 0.061924243262, 0.19820422547, 0.25605078222, 0.17218584237]
    ],
    [
      [0.0072276234185, 0.2490763282, 0.018530821426, 0.71693066246, 0.0082345644957],
      [0, 0, 0.83712404927, 0, 0.16287595073],
      [0.01166200711, 0.0092852137129, 0.91676146593, 0.034393057107, 0.027898256144],
      [0.017960946443, 0.032029982509, 0.024679661445, 0.91538794402, 0.0099414655815],
      [0.16531604478, 0.122771202, 0.18218618225, 0.14809983364, 0.38162673734]
    ],
    [
      [0.0090462570802, 0.13733216497, 0.0013895511138, 0.84935075722, 0.0028812696072],
      [5.7237057162e-05, 3.814516308e-05, 0.84453351558, 0.068570904963, 0.086800197241],
      [0.020505238023, 0.0061534066675, 0.87006860748, 0.091901820171, 0.011370927654],
      [0.01517489065, 0.015313008905, 0, 0.96784708551, 0.0016650149372],
      [0.26822498857, 0.084427259756, 0.20769005897, 0.25264036042, 0.18701733228]
    ],
    [
      ["NaN", "NaN", "NaN", "NaN", "NaN"],
      ["NaN", "NaN", "NaN", "NaN", "NaN"],
      [0, 0, 0.83507794582, 0.16492205418, 0],
      [0, 0, 0, 1, 0],
      [0, 0, 0.32984410836, 0.67015589164, 0]
    ],
    [
      [0.0071165697325, 0.18986052813, 0, 0.79888624883, 0.0041366533071],
      [0.00035051182103, 0.00030509146485, 0.62109079805, 0.24120551334, 0.13704808532],
      [0.029620602982, 0.013679470466, 0.80801503969, 0.12903366418, 0.019651222683],
      [0.011400317219, 0.018641414062, 0, 0.96654014826, 0.0034181204548],
      [0.25667326422, 0.098150486532, 0.16023481273, 0.23349880919, 0.25144262732]
    ],
    [
      [0.012789332726, 0.28653996755, 0.024012475718, 0.6721490854, 0.0045091386086],
      [0, 0, 0.88445807839, 0, 0.11554192161],
      [0.027852756962, 0.016162574763, 0.90417714148, 0.03292008545, 0.018887441349],
      [0.033198479484, 0.039954331599, 0.025646264761, 0.89573225792, 0.0054686662342],
      [0.30731300072, 0.1544354059, 0.1695661397, 0.1592972685, 0.20938818518]
    ],
    [
      [0.0076551599386, 0.11142760439, 0.0038821939178, 0.85976747806, 0.017267563698],
      [3.9177766273e-06, 3.8086591991e-06, 0.71036109124, 0.04286223572, 0.24676894661],
      [0.0095431771526, 0.0026564584691, 0.89098790535, 0.046455220398, 0.050357238627],
      [0.016690798339, 0.012131288547, 0.002903600186, 0.94715008342, 0.021124229511],
      [0.12528676658, 0.040103771832, 0.10444269104, 0.12897993371, 0.60118683684]
    ],
    [
      [0.0017434558864, 0, 0, 0.99825654411, 0],
      [1.5478721318e-05, 0, 0.94798162708, 0.052002894196, 0],
      [0.0045382685009, 0, 0.83049797309, 0.16496375841, 0],
      [0.0023156816301, 0, 0, 0.99768431837, 0],
      [0.18692207802, 0, 0.25811018684, 0.55496773515, 0]
    ],
    [
      [0.010736081908, 0.24976888241, 0, 0.73306899967, 0.0064260360129],
      [0.00028883988273, 0.0004743828473, 0.71740175229, 0.11034022925, 0.17149479573],
      [0.037181208107, 0.015928391448, 0.82149729272, 0.096377382303, 0.029015725424],
      [0.022622756949, 0.033823086795, 0, 0.93587804844, 0.007676107819],
      [0.29378032819, 0.12166790301, 0.12680684829, 0.15628277156, 0.30146214895]
    ],
    [
      [0.0029426409998, 0.27448032499, 0.003895600125, 0.71621824717, 0.0024631867172],
      [5.8109727459e-07, 4.1538685221e-06, 0.8400189776, 0.048476180232, 0.1115001072],
      [0.0090332496737, 0.013101685255, 0.90478856812, 0.064716769679, 0.0083597272705],
      [0.003744560825, 0.032075895625, 0.0055730130928, 0.95662544746, 0.0019810829963],
      [0.11325959094, 0.17033356248, 0.2119145558, 0.25855601808, 0.2459362727]
    ],
    [
      [0.016805605207, 0.088367802163, 0.042103956185, 0.84052593339, 0.012196703057],
      [0, 0, 0.79677559517, 0, 0.20322440483],
      [0.02810043746, 0.0026102608063, 0.91181309842, 0.018793548153, 0.038682655157],
      [0.035700075725, 0.0086989014753, 0.038740884384, 0.9030042655, 0.013855872917],
      [0.29315029128, 0.034715898538, 0.15072264756, 0.12537912803, 0.39603203458]
    ],
    [
      [0.0095102704606, 0.16144522869, 0.025496060484, 0.79572951853, 0.0078189218352],
      [0, 0, 0.84915734683, 0, 0.15084265317],
      [0.014677650046, 0.0050916075014, 0.92313831475, 0.03244224894, 0.024650178764],
      [0.021390201978, 0.018189856977, 0.030832691231, 0.92154503581, 0.0080422140078],
      [0.218051699, 0.079156578481, 0.18782753317, 0.15454247184, 0.3604217175]
    ],
    [
      [0.017956255679, 0.2214828674, 0.013127896867, 0.74364444539, 0.003788534667],
      [0, 0, 0.90807004441, 0, 0.091929955591],
      [0.033960164958, 0.010097510648, 0.89175816046, 0.049782114387, 0.014402049551],
      [0.043112197098, 0.027749975644, 0.011143013184, 0.91382286954, 0.0041719445323],
      [0.38137546842, 0.10425874604, 0.1782466158, 0.17130958474, 0.16480958501]
    ],
    [
      [0.0044163264421, 0.078246697455, 0.0023815693012, 0.90919968294, 0.0057557238572],
      ["NaN", "NaN", "NaN", "NaN", "NaN"],
      [0.058724489691, 0.013539842055, 0.78409642626, 0.10704335405, 0.036595887947],
      [0.0054836974166, 0.0050864901566, 0.00142624322, 0.98424716928, 0.0037563999234],
      [0.25019966583, 0.05376312878, 0.11722890573, 0.19444364412, 0.38436465554]
    ],
    [
      [0.0090080960111, 0.25960015617, 0.0061457104317, 0.72153113861, 0.0037148987719],
      ["Inf", "Inf", "NaN", "Inf", "Inf"],
      [0.059038686253, 0.006033551471, 0.87030935222, 0.028104030971, 0.036514379086],
      [0.017293192898, 0.033731411131, 0.00075115303244, 0.94525427695, 0.0029699659923],
      [0.26682438623, 0.18087083519, 0.10294533774, 0.18967319911, 0.25968624174]
    ],
    [
      ["NaN", "NaN", "NaN", "Inf", "NaN"],
      ["NaN", "NaN", "NaN", "NaN", "NaN"],
      [2.6205415554e-18, 0.079650465553, 0.58207179177, 0.21233947772, 0.12593826496],
      [0, 0.022014584389, 0, 0.95007813006, 0.02790728555],
      [0, 0.13453880424, 0.029880347053, 0.12919981361, 0.70638103509]
    ],
    [
      [7.2418043645e-33, 0.12088884662, 0.02874775586, 0.84871680764, 0.0016465898786],
      [5.0210001716e-19, 0, 0.85024955768, 0, 0.14975044232],
      [1.8594309117e-18, 0.0085623411617, 0.94339677919, 0.034875353779, 0.013165525866],
      [0, 0.0067963880458, 0.021762212497, 0.96896779477, 0.0024736046867],
      [0, 0.090194457905, 0.22805627926, 0.31631185718, 0.36543740566]
    ],
    [
      [0.017272980376, 0.57901281537, 0, 0.40371420426, 0],
      ["NaN", "NaN", "NaN", "NaN", "NaN"],
      [0.33957776998, 0.053183803099, 0.49794364284, 0.10929478408, 0],
      [0.060714295932, 0.062923915687, 0.00082254286589, 0.87553924552, 0],
      ["NaN", "NaN", "NaN", "NaN", "NaN"]
    ],
    [
      [0.021923286596, 0.57521989003, 0.0097586188248, 0.39309820455, 0],
      [0.0017394871073, 0.0036398427103, 0.95508326349, 0.039537406692, 0],
      [0.078717870777, 0.055893763937, 0.83162064326, 0.033767722023, 0],
      [0.081278083807, 0.11636224576, 0, 0.80235967044, 0],
      [0.53377039328, 0.26803672488, 0.10933919414, 0.088853687703, 0]
    ],
    [
      [0.0077518086618, 0.15047614437, 0.00025241530419, 0.83349629155, 0.0080233401073],
      ["NaN", "NaN", "Inf", "NaN", "NaN"],
      [0.086828547393, 0.027736955628, 0.67858557237, 0.15518090486, 0.051668019751],
      [0.011723533238, 0.007945717126, 0, 0.9722718869, 0.0080588627334],
      [0.30413470254, 0.062779638711, 0.062285936871, 0.1934275654, 0.37737215647]
    ],
    [
      [0.01235103371, 0.20547394105, 0.026099283284, 0.70044614325, 0.055629598712],
      ["NaN", "NaN", "NaN", "NaN", "NaN"],
      [0.015689048746, 0.0050771105029, 0.88541368151, 0.012992522919, 0.08082763632],
      [0.038021152417, 0.020936917003, 0.044130445078, 0.86302306803, 0.033888417473],
      [0.18154434612, 0.05156472989, 0.042303079098, 0.043267784562, 0.68132006033]
    ],
    [
      [0.013930790942, 0.28865047073, 0.002601649448, 0.69481708888, 0],
      [2.2481717736e-05, 5.5691647654e-05, 0.99955435481, 0.00036747182384, 0],
      [0.088207215533, 0.026966880634, 0.79031861202, 0.09450729181, 0],
      [0.019593697182, 0.038163622614, 0.0025489490562, 0.93969373115, 0],
      [0.51561910102, 0.214289072, 0.12649894783, 0.14359287916, 0]
    ],
    [
      [0.017587078659, 0.62170371171, 0.00071801224805, 0.35263682521, 0.0073543721683],
      ["NaN", "NaN", "NaN", "NaN", "NaN"],
      [0.15165591203, 0.071942539209, 0.70994944908, 0.028078284979, 0.038373814698],
      [0.077723214096, 0.14153740151, 0.0023838319043, 0.76371916883, 0.014636383659],
      [0.46856895783, 0.24947357475, 0.035936293877, 0.06186534286, 0.18415583069]
    ],
    [
      ["NaN", "NaN", "NaN", "NaN", "Inf"],
      [1.2723277727e-18, 0.00033744378655, 0.7119385897, 0.088454422542, 0.19926954398],
      [0, 0.020997649341, 0.87101985136, 0.079706833917, 0.028275665384],
      [0, 0.036938461958, 0, 0.95944556977, 0.003615968274],
      [0, 0.18561129046, 0.15966128703, 0.19652625312, 0.45820116939]
    ],
    [
      [0.018282828061, 0.33474642636, 0.014519307652, 0.62600040946, 0.0064510284704],
      [0, 0, 0.82866096647, 0.024843186317, 0.14649584722],
      [0.040422583956, 0.021182557344, 0.86509533279, 0.047360246104, 0.02593927981],
      [0.048866239901, 0.05075641239, 0.00096291945296, 0.8909984918, 0.0084159364557],
      [0.34308942604, 0.14716322636, 0.14293195643, 0.14112901445, 0.22568637673]
    ],
    [
      [0.00024509933988, 0, 0.28429986224, 0.71545503842, 0],
      ["NaN", "NaN", "NaN", "NaN", "NaN"],
      [0, 0, 1, 0, 0],
      [0.0078200846752, 0, 0.053423437501, 0.93875647782, 0],
      [0.48814732332, 0, 0.27771491263, 0.23413776405, 0]
    ],
    [
      ["Inf", "NaN", "NaN", "NaN", "Inf"],
      [0.0020157879078, 0, 0.41545366182, 0.17480089146, 0.40772965881],
      [0.044296680022, 0, 0.76576324425, 0.082024802143, 0.10791527358],
      [0.034062294712, 0, 0, 0.94817450699, 0.017763198301],
      [0.26970404994, 0, 0.021493361176, 0.074838139484, 0.6339644494]
    ],
    [
      [0.014932427652, 0.17652249973, 0.016538458625, 0.7827171358, 0.0092894781843],
      [0.00017097761623, 0, 0.72943104767, 0.00021826952396, 0.27017970519],
      [0.053800389298, 0.013502796673, 0.8240188361, 0.062508581031, 0.046169396902],
      [0.030707069638, 0.020039812296, 0.0033167467272, 0.93540975125, 0.010526620089],
      [0.33249967979, 0.083776049644, 0.094529979569, 0.11202473992, 0.37716955107]
    ],
    [
      [0.0033351174687, 0.46846560325, 0.023710998289, 0.49690474237, 0.0075835386225],
      [0, 0, 0.80094713229, 0, 0.19905286771],
      [0.0090471355362, 0.038849081871, 0.88794974714, 0.02853825606, 0.035615779393],
      [0.011622940245, 0.092741996688, 0.010929816954, 0.87322230296, 0.011482943153],
      [0.089709762188, 0.27062307408, 0.15101147021, 0.13385402943, 0.3548016641]
    ],
    [
      [0.0017398562565, 0.16174483698, 0.010086224681, 0.82642908209, 0],
      [0, 0, 0.99835226917, 0.00164773083, 0],
      [0.038598131786, 0.038115747832, 0.81041493582, 0.11287118457, 0],
      [0.0040835928153, 0.010918031291, 0.0010491640024, 0.98394921189, 0],
      [0.2852952934, 0.16517919283, 0.18183755911, 0.36768795465, 0]
    ],
    [
      [0.0070712353127, 0.1742625449, 0.009229901287, 0.80106515638, 0.0083711621158],
      [3.6656757032e-06, 0, 0.79327817661, 0.00017005992118, 0.2065480978],
      [0.016948186044, 0.0097505560522, 0.86156144863, 0.075612117625, 0.036127691653],
