{
  "X": [
    [32, 6, 11, 12, 12, 5, 2, 10, 4, 6],
    [27, 9, 5, 17, 11, 7, 2, 12, 2, 8],
    [29, 6, 13, 14, 12, 5, 3, 11, 1, 6],
    [28, 13, 6, 12, 17, 3, 3, 9, 4, 5],
    [25, 11, 5, 13, 11, 7, 4, 11, 2, 11],
    [28, 14, 5, 15, 14, 4, 2, 11, 3, 4],
    [17, 15, 7, 7, 23, 2, 2, 13, 7, 7],
    [11, 25, 3, 6, 22, 1, 3, 16, 7, 6],
    [13, 20, 2, 4, 31, 5, 3, 12, 4, 6],
    [7, 27, 5, 5, 24, 1, 4, 18, 0, 9],
    [8, 17, 6, 7, 24, 4, 2, 16, 5, 11],
    [8, 24, 4, 6, 22, 2, 4, 22, 3, 5],
    [10, 21, 5, 4, 18, 6, 4, 19, 5, 8],
    [4, 20, 6, 6, 18, 6, 2, 29, 7, 2],
    [9, 25, 6, 2, 13, 12, 3, 21, 5, 4],
    [6, 28, 3, 5, 19, 9, 1, 18, 5, 6],
    [7, 15, 2, 7, 13, 7, 3, 34, 6, 6],
    [5, 22, 3, 5, 20, 7, 3, 24, 3, 8],
    [7, 22, 6, 14, 16, 8, 5, 14, 3, 5],
    [10, 14, 5, 14, 15, 7, 8, 16, 3, 8],
    [13, 10, 8, 13, 13, 7, 7, 18, 1, 10],
    [7, 4, 5, 14, 19, 5, 14, 25, 1, 6],
    [11, 11, 15, 8, 14, 2, 8, 17, 5, 9],
    [8, 10, 7, 16, 20, 4, 12, 17, 3, 3],
    [14, 12, 7, 8, 14, 6, 13, 17, 0, 9],
    [17, 21, 17, 6, 14, 5, 4, 9, 1, 6],
    [14, 32, 7, 4, 11, 5, 10, 10, 5, 2],
    [9, 43, 6, 2, 6, 9, 5, 12, 1, 7],
    [20, 33, 9, 4, 4, 7, 4, 14, 2, 3],
    [10, 33, 12, 6, 14, 9, 4, 5, 0, 7],
    [12, 33, 9, 5, 13, 6, 5, 12, 1, 4],
    [9, 16, 8, 12, 15, 13, 4, 16, 3, 4],
    [7, 9, 13, 2, 15, 25, 4, 16, 6, 3],
    [15, 8, 9, 0, 19, 19, 5, 18, 2, 5],
    [12, 9, 15, 2, 12, 14, 5, 15, 4, 12],
    [6, 9, 11, 2, 17, 28, 4, 18, 1, 4],
    [9, 10, 3, 3, 18, 23, 4, 18, 6, 6],
    [10, 14, 8, 5, 17, 10, 2, 17, 4, 13],
    [11, 24, 3, 8, 16, 13, 3, 7, 2, 13],
    [9, 24, 8, 11, 13, 13, 0, 11, 2, 9],
    [9, 18, 3, 12, 15, 11, 6, 17, 4, 5],
    [9, 16, 5, 8, 17, 12, 3, 16, 2, 12],
    [8, 25, 7, 8, 15, 10, 5, 16, 3, 3],
    [9, 25, 5, 11, 22, 7, 1, 16, 1, 3],
    [15, 10, 8, 16, 12, 7, 1, 21, 5, 5],
    [14, 8, 8, 16, 14, 10, 7, 17, 2, 4],
    [13, 11, 11, 17, 10, 5, 3, 24, 3, 3],
    [9, 7, 15, 6, 16, 8, 5, 21, 6, 7],
    [8, 9, 8, 18, 15, 7, 3, 23, 5, 4],
    [18, 11, 8, 17, 14, 3, 1, 24, 3, 1]
  ],
  "W": [
    [57, 3, 11, 5, 5, 8, 5, 6],
    [53, 7, 8, 5, 5, 7, 3, 12],
    [64, 5, 2, 12, 1, 5, 4, 7],
    [57, 6, 4, 7, 6, 4, 11, 5],
    [63, 4, 10, 3, 3, 5, 5, 7],
    [55, 10, 4, 3, 11, 3, 8, 6],
    [20, 41, 5, 6, 5, 7, 7, 9],
    [8, 55, 7, 2, 6, 3, 10, 9],
    [4, 66, 6, 7, 7, 5, 3, 2],
    [7, 56, 4, 13, 7, 7, 2, 4],
    [2, 59, 8, 3, 6, 5, 7, 10],
    [7, 52, 13, 11, 1, 3, 6, 7],
    [6, 32, 30, 6, 7, 5, 6, 8],
    [8, 6, 55, 5, 4, 10, 4, 8],
    [5, 3, 54, 5, 9, 13, 4, 7],
    [8, 8, 57, 4, 2, 7, 7, 7],
    [6, 6, 56, 7, 8, 3, 9, 5],
    [8, 8, 52, 4, 2, 5, 8, 13],
    [4, 6, 41, 19, 7, 8, 12, 3],
    [7, 6, 8, 50, 9, 5, 12, 3],
    [4, 3, 7, 65, 6, 4, 8, 3],
    [8, 5, 9, 63, 3, 4, 4, 4],
    [5, 8, 4, 59, 9, 3, 8, 4],
    [7, 2, 8, 54, 7, 5, 8, 9],
    [5, 5, 3, 56, 8, 8, 6, 9],
    [11, 7, 6, 5, 50, 5, 5, 11],
    [2, 10, 8, 7, 47, 10, 8, 8],
    [3, 7, 4, 6, 62, 10, 6, 2],
    [4, 3, 10, 4, 58, 10, 3, 8],
    [7, 5, 3, 5, 64, 7, 4, 5],
    [5, 6, 9, 2, 60, 5, 6, 7],
    [3, 9, 5, 13, 16, 36, 9, 9],
    [3, 5, 6, 5, 8, 64, 3, 6],
    [6, 6, 4, 5, 12, 57, 4, 6],
    [8, 6, 7, 8, 7, 54, 9, 1],
    [1, 7, 4, 7, 7, 60, 7, 7],
    [4, 6, 7, 4, 8, 62, 2, 7],
    [5, 9, 9, 3, 4, 29, 32, 9],
    [6, 14, 6, 4, 6, 4, 56, 4],
    [5, 8, 5, 5, 6, 8, 53, 10],
    [6, 5, 10, 6, 6, 5, 55, 7],
    [3, 4, 6, 13, 6, 10, 55, 3],
    [8, 6, 4, 7, 3, 9, 56, 7],
    [8, 1, 7, 5, 14, 2, 49, 14],
    [5, 11, 3, 3, 9, 10, 5, 54],
    [6, 7, 6, 2, 4, 9, 11, 55],
    [12, 9, 8, 7, 7, 2, 3, 52],
    [11, 6, 8, 9, 5, 6, 6, 49],
    [5, 3, 9, 6, 6, 6, 7, 58],
    [10, 3, 5, 10, 6, 3, 4, 59]
  ],
  "method": "mcmc",
  "mcmc_stepsize": 3000,
  "mcmc_samples": 100,
  "burn_in": 10000,
  "cond_prob": [
    [
      [0.40350946341, 0.052631747562, 0.10526251825, 0.10526325283, 0.10526307607, 0.035087339078, 0.017543818427, 0.087719426505, 0.035087748336, 0.05263160953],
      [2.9555667785e-06, 0.99998860651, 6.1786031351e-06, 3.7413575862e-09, 1.6893203904e-06, 2.9280719722e-08, 2.5132105857e-08, 3.8124045994e-07, 2.8439396528e-08, 1.021668476e-07],
      [0.27272639727, 8.8914278535e-07, 0.45454177444, 0.090909198004, 0.090910572681, 1.0144339689e-06, 1.8429012068e-08, 0.090908341979, 1.7377658294e-06, 5.5853025321e-08],
      [0.1999977777, 1.6398783275e-06, 7.004094531e-07, 0.79999193842, 9.7823554154e-08, 1.6855291656e-06, 6.2403582884e-08, 1.846573527e-06, 8.4466342803e-09, 4.2428150441e-06],
      [0.19999785094, 1.374160229e-07, 6.3425345497e-07, 0.19999942089, 0.59999847866, 9.4331604556e-07, 2.0172260485e-08, 2.2496441246e-06, 4.3602573371e-08, 2.2110578882e-07],
      [0.24999733284, 4.7053221755e-08, 3.1139680981e-06, 1.3609385302e-06, 0.24999763583, 0.37499926767, 0.12500018699, 9.8121474415e-07, 2.5684323799e-08, 4.7813406535e-08],
      [0.20000102044, 1.074910304e-06, 2.8205261844e-08, 2.8336055881e-06, 1.6633961054e-06, 6.0887241131e-07, 1.7884703549e-08, 0.79999254751, 5.9017403953e-08, 1.4615202007e-07],
      [0.16666657342, 2.5233854425e-08, 4.4465333195e-06, 1.9245379801e-06, 1.6842861992e-07, 1.6002482092e-08, 1.2227080489e-08, 1.4525592895e-06, 0.33332973055, 0.49999565051]
    ],
    [
      [0.33962275777, 0.075471695442, 0.037735800288, 0.16981135657, 0.094339572491, 0.056603827682, 0.018867907581, 0.11320754685, 0.018867904621, 0.075471630707],
      [0.14285724287, 0.57142778077, 0.14285696151, 0.14285725706, 3.1949506972e-07, 5.7735473217e-08, 1.0601280813e-07, 2.2825404288e-07, 1.9346407599e-08, 2.695162569e-08],
      [0.2499998324, 2.9982871935e-07, 0.24999991671, 0.49999943016, 1.4371879438e-07, 1.2559400648e-07, 1.3518138118e-08, 1.1794987941e-07, 5.1894338113e-08, 6.82258396e-08],
      [0.19999974299, 1.4384079435e-07, 9.0919882309e-08, 6.4287001836e-07, 0.79999909801, 4.1630235708e-08, 8.1459374666e-08, 4.2769102993e-08, 6.5881869816e-09, 1.0892467925e-07],
      [0.19999979251, 2.4370563381e-07, 1.7200845134e-07, 3.2242444112e-08, 0.19999988895, 0.59999901675, 1.5426402251e-10, 5.6938815254e-07, 8.1065137087e-08, 2.0322765374e-07],
      [0.14285723298, 9.7847828734e-08, 1.4212425994e-07, 0.14285701701, 3.171825299e-07, 0.14285700679, 0.14285695274, 0.4285709627, 7.8393877151e-08, 1.9223541785e-07],
      [3.8463215106e-09, 1.897119321e-07, 1.9842383518e-07, 4.521754254e-07, 5.4610597693e-07, 9.6551727383e-08, 6.4776436086e-10, 0.66666573191, 0.33333277113, 9.4942531316e-09],
      [0.24999967994, 0.08333334048, 1.3463968871e-07, 0.16666650083, 0.083333373199, 9.1235955607e-08, 8.073466613e-08, 0.083333373345, 1.0033989549e-07, 0.33333332526]
    ],
    [
      [0.32844942725, 0.093443014677, 0.12481694279, 0.1249866556, 0.10956897039, 0.046759958578, 0.015633725295, 0.10938280154, 9.3753374902e-05, 0.046864750507],
      [0.20353322591, 0.00019500399378, 0.79595644729, 2.7436145857e-06, 1.2508072624e-06, 8.7189559378e-07, 3.8493501684e-07, 0.00022608013658, 5.2973464634e-10, 8.3990880099e-05],
      [3.1833806646e-06, 1.0868566352e-07, 0.00014262303464, 0.99351983151, 0.00014106557993, 1.3171693868e-06, 2.702976226e-07, 0.0059843805923, 1.1255431949e-07, 0.00020710719927],
      [0.24838837183, 0.00099801427967, 0.083891451166, 0.33291370718, 0.24939518727, 0.0010986267422, 8.3597225231e-07, 0.082813303113, 1.3424938597e-08, 0.00050048901339],
      [2.0780138167e-06, 6.8490413785e-07, 1.2735445739e-05, 1.704704527e-06, 0.99930300926, 0.00027114666003, 2.8423100452e-07, 3.6660853475e-07, 5.6941039185e-08, 0.00040793322638],
      [0.19866810669, 5.7116999769e-05, 0.0011966187912, 2.0748701422e-06, 0.19885332507, 0.39869060608, 0.20121870449, 0.0012047211859, 5.4297014342e-05, 5.4428808507e-05],
      [0.24832911006, 0.0015987553299, 6.872907776e-05, 0.0030989786996, 0.00013576713716, 0.00011125340887, 0.24833115951, 0.49815230968, 1.1474908956e-06, 0.00017278961284],
      [0.2848920923, 2.0515363642e-06, 0.00266857419, 0.0009183114887, 6.3222765672e-05, 4.2079714945e-07, 1.519920521e-06, 0.14200124157, 0.14196046617, 0.42749209926]
    ],
    [
      [0.33333360535, 0.15789456084, 0.052631466881, 0.10526324591, 0.15789469638, 0.017543804407, 0.017543859616, 0.087719305212, 0.035087686802, 0.035087768601],
      [0.16666636461, 0.50000020808, 0.16666644074, 3.1356447155e-09, 0.16666644532, 1.4886282539e-09, 3.0609778974e-07, 2.2618782601e-07, 1.7862792377e-09, 2.5511336564e-09],
      [0.24999965821, 4.6853208058e-09, 0.49999920151, 0.24999920279, 7.9328242145e-07, 4.6113389439e-07, 3.3415939227e-07, 3.4059937611e-07, 2.567076388e-10, 3.3658281423e-09],
      [0.14285695169, 4.1102630929e-09, 4.5537834042e-07, 0.57142758058, 0.28571409312, 4.5308524291e-07, 1.9200678337e-07, 2.6547178011e-07, 1.0015246189e-09, 3.5589089672e-09],
      [0.1666667458, 3.1447337328e-07, 2.2882447349e-07, 3.7237458641e-09, 0.66666536967, 0.16666657835, 2.3900979164e-09, 2.2635433564e-07, 5.2998906118e-07, 4.2515583277e-10],
      [0.24999965881, 3.0157513907e-09, 2.3599041318e-09, 4.6386447743e-07, 7.9560028864e-07, 0.24999965847, 0.49999840286, 3.4173540863e-07, 3.3643807328e-07, 3.3684122105e-07],
      [0.27272652249, 0.090909543919, 1.2321116088e-07, 0.090909380262, 0.090909505239, 1.0137993303e-09, 2.3263212884e-09, 0.36363554121, 0.090909134388, 2.4594068665e-07],
      [0.19999963105, 3.7077537986e-07, 1.0023803782e-06, 5.7076270597e-09, 3.7029438372e-07, 1.7225939839e-09, 3.6665177991e-07, 2.6934699694e-07, 0.19999936591, 0.59999861615]
    ],
    [
      [0.30158737685, 0.12698405075, 0.047619036888, 0.1269841405, 0.095238097382, 0.06349206317, 0.031746020179, 0.095238113765, 0.015873003562, 0.095238096945],
      [0.24999988378, 0.49999980523, 0.24999976316, 2.2768714207e-07, 2.1816669302e-07, 2.9557748135e-08, 6.1995437748e-10, 4.0133145922e-08, 1.0235873488e-09, 3.064578871e-08],
      [0.19999981254, 0.1000001926, 0.099999975269, 0.2999998513, 0.099999979521, 5.1845439462e-08, 7.0333924826e-08, 0.10000004467, 5.2063360753e-08, 0.099999969853],
      [1.6617545154e-08, 1.9503612647e-07, 4.6591855378e-09, 0.66666594853, 0.3333333467, 8.0867428814e-08, 1.4610822844e-07, 6.4033916164e-08, 7.0065013343e-10, 1.9675294223e-07],
      [8.5568343335e-08, 2.3472608892e-07, 8.5188701744e-08, 8.3988382895e-08, 0.99999901554, 3.1731818585e-09, 4.9199050734e-08, 1.529302837e-07, 1.9186417963e-07, 9.7823356504e-08],
      [0.19999981484, 2.8993196832e-07, 2.0028462241e-07, 5.3089083811e-09, 6.269948566e-08, 0.59999953101, 0.19999983802, 3.1601533539e-08, 3.5167136015e-09, 2.2279378761e-07],
      [0.19999978013, 5.2370589584e-08, 9.6106719604e-08, 1.031302538e-07, 1.8934871425e-07, 1.3329525154e-07, 0.20000004391, 0.59999953878, 9.9089205655e-09, 5.3018668926e-08],
      [0.14285704521, 9.3533434881e-08, 1.7033478933e-08, 1.5496876625e-07, 1.2144029359e-07, 1.1571521004e-07, 3.9044110785e-09, 0.14285710324, 0.14285708658, 0.57142825837]
    ],
    [
      [0.34548495815, 0.12726843087, 0.036359618342, 0.14547150686, 0.12726358121, 0.036363529567, 0.018177472984, 0.10907018045, 0.018185750387, 0.036354971175],
      [0.19995341456, 0.49995148324, 2.3257081208e-05, 0.099976266188, 0.10002282338, 1.3785028499e-06, 1.2581374501e-06, 0.100022507, 2.1575133624e-06, 4.5454401331e-05],
      [0.24993999281, 3.9259105522e-06, 0.74987845177, 5.9799100392e-05, 5.787100812e-05, 3.7933878265e-07, 2.8836463076e-06, 7.8916029595e-08, 2.415553888e-07, 5.6375944028e-05],
      [5.8823679083e-07, 7.6971976818e-06, 7.6500390298e-07, 0.99976283222, 9.7111041763e-07, 4.0978781161e-07, 0.00015034829584, 7.5310153086e-05, 1.53866265e-11, 1.0779759878e-06],
      [0.27266211331, 0.090929676609, 4.128581105e-05, 0.18179702463, 0.36363878359, 2.1047792718e-05, 2.7759175068e-07, 0.090908524422, 1.5067897226e-07, 1.1155633646e-06],
      [1.0362164551e-06, 0.00015052187768, 5.1891390696e-07, 3.6319299243e-06, 0.33325725886, 0.66658169268, 4.4098884412e-07, 4.2386439063e-06, 6.5325651562e-07, 6.6327085929e-09],
      [0.24999768738, 0.12499989052, 2.7478089284e-07, 0.12499903504, 0.12497236145, 1.8620476175e-07, 0.12496987449, 0.25002901468, 2.8546293645e-05, 3.1291613989e-06],
      [0.16662726101, 9.2363734284e-07, 2.4032280786e-06, 1.0534803882e-06, 7.7185739919e-05, 1.8747776947e-06, 7.5445417448e-08, 0.16674169285, 0.33325486662, 0.33329266321]
    ],
    [
      [0.35000437656, 0.14999313623, 0.050005601866, 0.049998206006, 0.19999147172, 3.6926127212e-10, 2.5826746541e-06, 0.10000501902, 0.049998378271, 0.050001227284],
      [0.14633971391, 0.2195125546, 0.14633540242, 0.048780810298, 0.21952039161, 2.7609272555e-07, 3.6284961518e-11, 0.12195058349, 0.048778160165, 0.048782107379],
      [2.266294396e-06, 1.7504501405e-05, 3.8880337951e-09, 0.79996446746, 0.19999282045, 4.755128907e-09, 4.2263392575e-09, 2.2692083855e-06, 2.06576831e-05, 1.5259146358e-09],
      [0.16665617095, 8.6121129379e-06, 1.0919988795e-05, 1.3210872728e-06, 0.66664303363, 0.16665617056, 5.901069704e-10, 1.4586991183e-05, 7.2940730002e-06, 1.8900102522e-06],
      [2.2671546669e-06, 1.4861014464e-05, 1.190699079e-05, 1.5798761544e-06, 0.2000087452, 0.19998966545, 0.39997480618, 0.19999615662, 3.048633723e-09, 8.4648283982e-09],
      [0.14285713956, 0.14285552292, 4.536869553e-09, 2.745538849e-06, 0.14285440371, 1.3629645271e-05, 2.7433051935e-06, 0.57139581456, 1.5741645056e-05, 2.2545735935e-06],
      [0.14285552187, 0.14285089297, 1.6205189067e-06, 9.4893843025e-06, 0.14284814947, 1.127010798e-06, 7.868340369e-06, 1.7501776533e-05, 0.57140508299, 2.7456636135e-06],
      [0.11111509727, 0.11110712504, 1.51017229e-09, 1.0983329578e-05, 0.22222784527, 2.0374853806e-10, 8.7894231553e-10, 0.11110587012, 3.8919169741e-06, 0.44442918446]
    ],
    [
      [0.4999999981, 0.24999999894, 9.9598416961e-14, 1.7667488629e-10, 0.12500000045, 5.3385320498e-14, 1.758514168e-10, 0.12500000107, 4.6517957954e-10, 6.2137969096e-10],
      [0.10909090903, 0.30909090953, 0.036363636243, 0.054545454484, 0.21818181833, 2.5342982195e-11, 0.018181818245, 0.14545454534, 0.054545454323, 0.054545454441],
      [1.8065922392e-11, 0.14285714266, 0.14285714285, 0.42857142741, 0.14285714234, 5.1083974595e-10, 6.8399052e-13, 0.14285714253, 1.1582118126e-09, 5.1141098217e-10],
      [5.5798435886e-13, 6.8898918875e-11, 1.8705173528e-12, 1.0638139464e-13, 0.99999999807, 1.2387504394e-12, 4.7386862961e-13, 1.8500903109e-09, 1.8370845765e-12, 8.6380537168e-12],
      [1.7953656175e-09, 0.16666666628, 6.1934123668e-10, 5.9681524586e-10, 0.49999999818, 0.16666666582, 0.16666666643, 4.0902011913e-11, 3.620548643e-12, 2.3160278616e-10],
      [2.0752191602e-12, 1.8363587308e-12, 9.6638028921e-10, 1.1977164949e-09, 1.2405310204e-09, 1.7015009451e-13, 0.33333333209, 0.66666666449, 6.0292966302e-12, 4.1752113597e-13],
      [0.10000000012, 0.19999999915, 2.1317563599e-12, 2.9763061848e-12, 0.2, 1.2050735011e-11, 1.2217338156e-11, 0.30000000025, 0.20000000042, 2.4940784843e-11],
      [7.0889466418e-10, 0.22222222181, 1.4065863781e-13, 3.222252892e-10, 0.1111111114, 1.0666515947e-14, 1.3807899769e-11, 0.11111111111, 0.2222222218, 0.33333333284]
    ],
    [
      [0.74997840443, 3.7319714118e-07, 0.00094616100799, 7.1909532921e-06, 0.24905124337, 2.0105583361e-07, 5.3430120596e-06, 1.0869421541e-05, 3.9974527252e-08, 1.735816355e-07],
      [0.14998548307, 0.24321750907, 0.028716427482, 0.030981630698, 0.30258238687, 0.044718256284, 0.015151193978, 0.10826823507, 0.031774182193, 0.044604695286],
      [0.00063087973412, 0.17476657294, 0.016816893946, 0.31587803256, 0.4744497534, 1.9212872537e-07, 0.00063093454825, 0.0087251700865, 7.2790307053e-06, 0.0080942916366],
      [6.6957527072e-06, 0.14231503387, 8.9929965654e-07, 0.0080181903923, 0.57034009457, 0.27075391466, 1.1825067654e-06, 0.0069400485986, 0.00054157816299, 0.0010823621946],
      [0.0069433110512, 0.13645848886, 3.1623041124e-06, 1.8671453949e-07, 0.29319014574, 3.2395128995e-06, 0.27075165166, 0.27129542918, 3.1922929497e-09, 0.021354381786],
      [2.1620782592e-07, 0.18952562127, 2.6791622467e-08, 1.9021572203e-07, 0.19924883876, 0.020942551387, 0.020188716399, 0.57009206593, 1.4609237126e-06, 3.1211623049e-07],
      [0.016186116658, 1.5330028038e-07, 3.534935445e-07, 0.0012615925571, 0.01619353078, 0.016193394995, 1.5396694747e-07, 2.5092566021e-06, 0.63302041526, 0.31714177973],
      [2.4871466167e-05, 1.2270217971e-07, 7.6408724966e-08, 5.2313295602e-07, 0.048561252317, 5.3580959306e-08, 1.6751651231e-07, 0.0018928925451, 2.6065149976e-07, 0.94951977968]
    ],
    [
      [0.5714285396, 0.14285714288, 1.577431729e-08, 1.658863216e-10, 0.14285717435, 1.7192268524e-11, 1.7815209937e-11, 0.14285712718, 0, 1.2113772983e-11],
      [0.053571426645, 0.33928571819, 0.03571428375, 0.035714283746, 0.23214285324, 1.9592969866e-09, 0.03571428374, 0.17857142858, 0, 0.089285720149],
      [2.7435780045e-08, 0.24999997247, 0.74999994438, 2.2813918142e-10, 2.7831594395e-08, 5.8315811829e-13, 2.7513632386e-08, 1.2527467019e-10, 0, 9.2327522832e-12],
      [1.6882082444e-08, 0.23076920541, 1.1123762725e-10, 0.23076923054, 0.307692316, 1.0750919333e-11, 6.8971631825e-11, 0.15384616236, 0, 0.076923068608],
      [1.1863954325e-10, 0.14285715879, 7.9080317924e-11, 1.5723241412e-08, 0.71428566662, 4.2824062126e-11, 1.9450425786e-11, 0.1428571429, 0, 1.5709316908e-08],
      [3.7524390205e-11, 0.1428571741, 5.470803353e-11, 6.4561376402e-11, 0.14285715872, 0.1428571271, 0.2857142699, 0.28571426995, 0, 6.93030151e-11],
      [3.6422567569e-12, 3.9715441203e-10, 3.2395520248e-11, 8.2380485614e-13, 4.1599790831e-10, 4.1842934514e-12, 5.4839844089e-08, 0.99999994421, 0, 9.8732650024e-11],
      [8.5355129261e-11, 0.24999997244, 5.4905480625e-08, 1.6182100518e-10, 9.0870941517e-11, 4.3760183929e-12, 8.8173607093e-11, 5.4974211778e-08, 0, 0.74999991725]
    ],
    [
      [0.99999999923, 2.782209308e-13, 3.4475945765e-10, 1.123371418e-13, 1.2608772101e-13, 4.1746491773e-11, 2.2747968328e-14, 3.4191132979e-10, 4.2119657359e-11, 8.491622972e-14],
      [0.10169491523, 0.20338983056, 0.050847457614, 0.067796610169, 0.23728813562, 0.03389830507, 0.016949152529, 0.15254237291, 0.033898305061, 0.10169491524],
      [8.5562440376e-11, 0.24999999984, 0.3749999999, 0.12500000009, 0.1249999999, 9.41950875e-13, 5.6955556709e-14, 0.12499999991, 8.6347040783e-11, 1.8121672675e-10],
      [2.2779618288e-10, 2.7858452861e-11, 9.1087611658e-14, 0.66666666615, 0.33333333353, 2.4816161489e-13, 2.2238151343e-12, 4.6421204489e-13, 3.0131041533e-11, 2.8268976777e-11],
      [1.1500325932e-10, 0.16666666655, 1.4178575564e-10, 1.3115846887e-12, 0.66666666651, 0.16666666654, 1.2784436677e-10, 1.5205245013e-11, 1.8490025721e-14, 2.2327058338e-13],
      [2.544158233e-13, 1.4938939604e-12, 7.2351670536e-14, 1.5968429433e-13, 0.2, 0.19999999986, 0.19999999986, 0.40000000027, 1.8576364657e-13, 1.4639627938e-12],
      [9.9939034653e-11, 0.14285714277, 1.996386998e-12, 1.1309194509e-12, 0.14285714294, 1.0949632264e-10, 1.5206519821e-13, 0.42857142826, 0.28571428579, 2.4243380939e-11],
      [8.5731845363e-13, 0.099999999931, 1.583770811e-13, 8.6395345049e-11, 0.19999999992, 1.4505530886e-10, 6.8977839514e-11, 0.099999999924, 0.099999999999, 0.49999999992]
    ],
    [
      [0.42857127731, 0.28571398476, 3.0058479098e-07, 6.0075406543e-10, 0.14285729265, 1.5008889084e-07, 4.9705421784e-10, 0.14285699319, 7.6484009391e-11, 2.4564577553e-10],
      [0.076923056695, 0.28846159919, 0.038461497921, 0.057692287399, 0.21153842144, 0.019230769192, 0.038461538299, 0.21153850209, 0.019230769159, 0.038461558619],
      [0.076923157699, 0.23076914973, 0.15384599236, 0.23076914922, 0.15384623528, 8.818978912e-12, 1.3645620235e-10, 0.15384631494, 2.7373600344e-10, 3.4405335742e-10],
      [4.4259267272e-10, 0.18181808643, 9.5476494277e-08, 1.9165627931e-07, 0.54545444836, 0.09090899515, 3.7579930943e-10, 0.18181808613, 9.5824044343e-08, 1.559221623e-10],
      [7.0900550134e-11, 1.0511116025e-06, 3.4999078872e-11, 6.2989742916e-12, 1.1946950933e-09, 5.2643859172e-14, 0.99999894755, 3.4896111115e-11, 2.0668395936e-16, 5.7076146004e-18],
      [7.5717727206e-10, 3.5078180214e-07, 3.0580653167e-11, 3.3313852435e-11, 2.4231919957e-11, 1.3496294264e-10, 0.33333298323, 0.6666666646, 2.6519228523e-10, 1.4642904435e-10],
      [6.698078468e-11, 0.16666649166, 1.7524709861e-07, 3.9576715054e-11, 0.16666666615, 3.6312919434e-10, 3.4997837817e-07, 0.4999998247, 0.16666649122, 5.6824118378e-10],
      [1.5042644058e-07, 0.14285714259, 2.0813922338e-10, 3.6365714556e-10, 0.14285729255, 2.9389211525e-10, 2.8228691808e-10, 0.14285699363, 0.1428571425, 0.42857127715]
    ],
    [
      [0.5, 0.16666666667, 1.3070514594e-13, 4.1856765459e-15, 0.16666666667, 7.0515055026e-16, 2.4245275605e-15, 0.16666666667, 4.345206006e-15, 7.6026468569e-14],
      [0.125, 0.28125, 0.0625, 0.03125, 0.15625, 0.03125, 0.03125, 0.1875, 0.03125, 0.0625],
      [0.1, 0.2, 0.1, 0.1, 0.16666666667, 0.033333333333, 0.033333333333, 0.16666666667, 0.033333333333, 0.066666666667],
      [4.3869829279e-14, 0.16666666667, 1.6088878021e-13, 5.310116618e-14, 0.66666666667, 8.4372955509e-14, 3.0324633488e-16, 0.16666666667, 9.2396724521e-14, 1.0274283224e-13],
      [3.7166529294e-15, 0.14285714286, 2.7659474333e-14, 1.534879208e-14, 0.14285714286, 0.57142857143, 1.0561719739e-13, 0.14285714286, 2.4820100652e-15, 1.3781030342e-13],
      [1.9339889058e-13, 0.2, 3.8079187312e-15, 5.1625565786e-15, 3.1197139158e-14, 6.5440022864e-14, 0.4, 0.4, 7.217225851e-14, 1.21407518e-13],
      [1.4997899373e-13, 0.16666666667, 1.4432848141e-16, 7.0919212125e-14, 0.16666666667, 1.1189309951e-13, 1.3912766385e-16, 0.33333333333, 0.33333333333, 2.3137644292e-13],
      [8.2369891807e-14, 0.125, 7.8379716894e-14, 1.468262473e-13, 0.125, 6.4893674493e-14, 3.2815013986e-15, 0.125, 0.125, 0.5]
    ],
    [
      [0.25, 0.375, 5.4600782553e-14, 9.2061492775e-13, 0.125, 8.6995905805e-13, 3.2420912304e-14, 0.25, 5.4618232634e-16, 8.0759987503e-14],
      [7.6341798039e-14, 0.33333333333, 0.33333333333, 1.0546480145e-12, 0.16666666667, 1.1534123438e-12, 1.0457806841e-12, 0.16666666667, 7.7339449995e-14, 1.0153269263e-12],
      [0.036363636364, 0.2, 0.072727272727, 0.10909090909, 0.16363636364, 0.054545454545, 0.018181818182, 0.27272727273, 0.054545454546, 0.018181818182],
      [2.552207853e-12, 0.2, 8.2671928766e-14, 2.6296817936e-12, 0.59999999999, 4.4192254914e-14, 3.9014257396e-16, 0.2, 8.41084094e-15, 1.3551504438e-12],
      [1.1543702513e-16, 1.5888685279e-12, 5.2765807845e-16, 1.0610186613e-13, 0.5, 0.25, 1.5230329144e-12, 0.25, 1.1668675942e-13, 3.4552730721e-15],
      [5.3288238627e-14, 0.2, 7.0408297048e-13, 1.6171583935e-15, 0.1, 0.2, 0.099999999999, 0.4, 1.4086149473e-13, 1.5013153122e-15],
      [1.5796394247e-13, 1.687143971e-13, 1.0881250558e-13, 1.7438831719e-16, 3.305087814e-12, 1.5400999598e-12, 1.5227127188e-12, 0.75, 0.25, 5.1633214771e-14],
      [5.607038779e-14, 0.125, 2.3890856243e-12, 2.3920586649e-12, 0.125, 8.1753353577e-13, 6.0880199292e-14, 0.25, 0.375, 0.125]
    ],
    [
      [0.6, 0.2, 4.7622253419e-14, 6.4034409451e-18, 6.2228894969e-14, 1.4075453388e-14, 3.3090323272e-16, 0.2, 1.6179460286e-15, 2.0845782064e-14],
      [0.33333333333, 0.66666666667, 8.8305141452e-16, 4.8167035129e-16, 6.1336656112e-14, 3.4962793765e-14, 9.0234443155e-16, 4.4995168512e-14, 3.7490330343e-14, 3.4198010316e-14],
      [0.074074074074, 0.25925925926, 0.11111111111, 0.018518518519, 0.12962962963, 0.11111111111, 0.018518518519, 0.2037037037, 0.037037037037, 0.037037037037],
      [5.6701725952e-14, 0.2, 8.1021209437e-15, 0.2, 0.4, 4.3454062006e-14, 2.4037604752e-14, 0.2, 4.0262700921e-14, 6.4507135214e-14],
      [1.817096561e-14, 0.22222222222, 9.60053594e-15, 2.1129551923e-14, 0.33333333333, 0.33333333333, 1.9195008657e-14, 0.11111111111, 4.9144371018e-14, 1.4039917798e-14],
      [0.076923076923, 0.23076923077, 1.8359203929e-14, 9.2063363602e-16, 0.076923076923, 0.23076923077, 0.15384615385, 0.23076923077, 1.010679008e-14, 1.925533353e-14],
      [3.7823021449e-15, 0.25, 1.7563917827e-15, 4.6077096604e-14, 2.8847275523e-14, 7.8014625456e-14, 5.1485259768e-14, 0.75, 3.301781872e-14, 2.4121047462e-14],
      [4.5946848275e-14, 0.14285714286, 1.719473253e-14, 1.7801456529e-14, 4.4938728875e-14, 3.1019535269e-14, 1.8101341632e-15, 0.14285714286, 0.42857142857, 0.28571428571]
    ],
    [
      [0.375, 0.375, 1.2065150184e-14, 1.4896901709e-14, 0.125, 6.7930565593e-14, 1.9968949909e-20, 0.125, 4.8966162826e-15, 1.0926118494e-14],
      [1.0381686506e-13, 0.75, 8.6101865053e-15, 5.8195160783e-15, 0.125, 1.0415007172e-13, 1.1833235634e-14, 0.125, 4.9144488819e-14, 7.2718326301e-14],
      [0.052631578947, 0.26315789474, 0.052631578947, 0.087719298246, 0.19298245614, 0.087719298246, 7.9441090381e-15, 0.17543859649, 0.035087719298, 0.052631578947],
      [3.2499282129e-14, 0.25, 2.6877530845e-15, 2.9772742744e-15, 0.75, 1.2838517587e-14, 1.7893553303e-15, 1.1869314258e-13, 2.527430118e-14, 3.7143755986e-15],
      [9.2798867056e-15, 6.3420097529e-15, 4.8981020034e-16, 5.6049685579e-14, 5.1220778136e-14, 1, 2.094104236e-16, 4.0179040527e-13, 3.8412136634e-14, 6.6675577949e-17],
      [6.7039998983e-14, 0.14285714286, 1.3293503459e-14, 2.1118134176e-15, 0.14285714286, 0.28571428571, 0.14285714286, 0.28571428571, 1.8794319951e-15, 1.0640368851e-14],
      [6.5552588077e-14, 0.14285714286, 1.9006989987e-15, 1.8574855188e-14, 0.14285714286, 1.9469760385e-13, 1.5359991846e-15, 0.42857142857, 0.28571428571, 1.966415618e-15],
      [3.7042317276e-15, 0.14285714286, 6.1343028328e-14, 1.258138935e-13, 0.14285714286, 3.6866229554e-14, 4.0869210824e-17, 0.14285714286, 0.14285714286, 0.42857142857]
    ],
    [
      [0.66666666667, 2.9340958505e-14, 4.4184654168e-17, 6.1167835135e-14, 3.2674637662e-14, 2.7558085888e-16, 5.7514555594e-14, 0.33333333333, 1.2615535716e-16, 4.4482877982e-15],
      [6.4597824993e-14, 0.66666666667, 9.356499762e-17, 1.0061415471e-13, 2.9052209121e-14, 2.2182581912e-14, 3.779082817e-15, 0.33333333333, 5.5275869164e-16, 4.7220044534e-14],
      [0.053571428571, 0.14285714286, 0.035714285714, 0.125, 0.125, 0.053571428571, 0.017857142857, 0.33928571429, 0.053571428571, 0.053571428571],
      [6.7623223339e-14, 0.14285714286, 2.8686201398e-16, 3.8751078338e-16, 0.57142857143, 3.1493091386e-14, 2.173949708e-14, 0.28571428571, 2.543366408e-14, 2.5103279298e-14],
      [1.6620134658e-14, 0.125, 8.9017863298e-17, 2.1709808831e-14, 0.125, 0.5, 3.1615104402e-16, 0.25, 2.1871856541e-14, 1.6417310882e-14],
      [7.8777119054e-16, 3.3123004399e-16, 1.7855084153e-16, 2.3929500623e-17, 1.5825539265e-13, 4.36936128e-14, 0.66666666667, 0.33333333333, 8.4771257898e-15, 7.9070399531e-17],
      [4.5868788735e-14, 0.11111111111, 2.2793403592e-16, 1.9668707833e-14, 0.11111111111, 3.3884453796e-14, 5.7184140226e-17, 0.55555555556, 0.22222222222, 1.0199254926e-14],
      [5.1868576008e-15, 2.7204073595e-14, 3.8120042234e-16, 4.7313173009e-16, 3.046563836e-14, 3.5245878132e-14, 3.0269688862e-14, 0.2, 0.2, 0.6]
    ],
    [
      [0.37500000195, 0.37499999608, 3.0718805656e-14, 1.9606343931e-09, 0.12499999804, 1.6220404067e-12, 1.9612295189e-09, 0.125, 3.310980409e-13, 3.3172909843e-12],
      [1.9629912117e-09, 0.49999999607, 0.24999999607, 4.2080740737e-13, 0.12500000588, 2.3553779307e-12, 1.9619996481e-09, 0.12499999804, 7.1304033234e-13, 5.3910961824e-12],
      [0.038461537858, 0.21153846154, 0.019230769532, 0.096153844946, 0.23076922926, 0.057692308597, 0.019230769231, 0.23076923258, 0.019230769231, 0.076923077224],
      [1.2457179167e-13, 3.92471096e-09, 2.0948678422e-14, 4.288870905e-12, 0.49999999999, 0.49999999215, 4.8371717513e-13, 3.929677271e-09, 6.9282904172e-13, 1.1408103738e-12],
      [9.6243566581e-13, 6.0192105107e-12, 4.242005498e-13, 8.2023651276e-12, 7.8490762189e-09, 0.99999998429, 1.4278794713e-12, 1.0198277416e-12, 1.3438357213e-13, 7.8415651903e-09],
      [3.3237195757e-12, 0.20000000314, 3.1391201091e-09, 6.6924905394e-13, 0.2, 1.19572481e-12, 0.39999999372, 0.2, 1.4442127285e-12, 2.1915890276e-12],
      [1.4549094319e-12, 0.125, 5.1143986563e-14, 7.3186998673e-13, 0.12500000588, 3.4253731912e-12, 1.6572795927e-12, 0.74999999214, 2.2176512991e-12, 1.9634579501e-09],
      [7.5975676891e-13, 0.15384615626, 2.1358237882e-12, 3.6228114523e-09, 0.15384615264, 1.207491795e-09, 1.3869772784e-12, 0.23076922836, 0.15384615384, 0.30769230407]
    ],
    [
      [0.99999999994, 1.6132308566e-11, 2.6765308516e-12, 2.8626818662e-14, 4.2156485351e-12, 2.9775681372e-12, 1.0362425953e-14, 1.7380910722e-15, 1.7877449596e-11, 1.7864874118e-11],
      [2.4225032086e-12, 0.83333333329, 0.16666666666, 1.5889107772e-11, 1.0353394235e-11, 1.3892327898e-11, 6.2424838166e-16, 2.0042867334e-12, 9.9882137779e-15, 1.7997853797e-12],
      [0.048780487807, 0.21951219514, 0.097560975609, 0.17073170731, 0.14634146341, 0.073170731704, 0.048780487802, 0.12195121951, 0.024390243904, 0.048780487802],
      [0.052631578952, 0.21052631578, 0.052631578943, 0.26315789474, 0.26315789473, 0.052631578948, 3.3974799541e-12, 0.10526315789, 6.9775682393e-13, 1.0925139429e-11],
      [2.9612891864e-15, 0.14285714286, 1.7094448221e-12, 4.2944010533e-12, 0.42857142854, 0.42857142856, 1.0221259166e-11, 1.0389469645e-11, 3.9679740351e-16, 1.003395242e-11],
      [3.1874479491e-13, 0.12499999999, 1.552209668e-11, 0.125, 0.125, 0.125, 0.37499999999, 0.125, 1.3327452091e-12, 2.4806410918e-15],
      [3.0792685412e-12, 0.16666666665, 1.3152282277e-14, 0.083333333338, 0.083333333337, 1.1921658674e-11, 4.6486007073e-12, 0.5, 0.16666666665, 1.3066699145e-12],
      [4.7922270608e-12, 7.5187759994e-12, 3.5670509341e-12, 2.3454189642e-11, 4.056231214e-11, 2.5964974825e-15, 8.2954829213e-13, 2.168433487e-14, 3.9650068589e-12, 0.99999999992]
    ],
    [
      [0.57142855978, 0.14285714286, 7.7083711494e-09, 1.1069345225e-09, 0.14285714178, 1.9339769581e-10, 9.6407306663e-10, 0.1428571359, 1.8424792662e-09, 7.8579133023e-09],
      [2.2211252611e-10, 0.49999999803, 0.49999996875, 1.4121925737e-09, 1.1949314701e-08, 9.9645312313e-09, 1.3644626831e-10, 4.4183665489e-10, 8.905509302e-09, 1.8905924547e-10],
      [1.0002675275e-09, 0.12500001478, 5.0129755053e-10, 0.62499998407, 0.12499999891, 1.17089203e-09, 2.8664512675e-10, 0.12499999245, 1.0435783182e-10, 6.7258227862e-09],
      [0.099999996065, 0.13999999714, 0.039999998027, 0.14000000115, 0.18000000136, 0.060000001146, 0.080000003164, 0.16000000272, 0.020000000046, 0.079999999178],
      [1.8274341013e-08, 0.11111111266, 1.188363511e-08, 0.11111110454, 0.33333331294, 0.33333331938, 7.4943368448e-09, 0.11111110652, 1.6407545666e-10, 6.1468773279e-09],
      [2.1772542303e-08, 1.1104574471e-08, 1.4692533158e-09, 7.8781653598e-12, 2.0980752184e-10, 0.19999998828, 0.7999999526, 2.4296307793e-08, 9.43916573e-12, 2.4595536155e-10],
      [0.083333332806, 0.083333330588, 8.9602818755e-09, 0.083333342099, 0.083333333119, 4.6961797646e-09, 8.5017514112e-11, 0.41666665735, 0.16666666074, 0.083333329559],
      [6.5980692465e-10, 4.9450417639e-11, 2.1226779438e-09, 2.5652480738e-09, 2.0476792259e-08, 1.1202552209e-11, 1.4899796039e-10, 6.3001179011e-10, 3.604631752e-11, 0.9999999733]
    ],
    [
      [0.99999644283, 5.9431756105e-09, 7.8735377181e-09, 1.0085242022e-08, 4.938826726e-09, 3.1773163423e-10, 4.3164745776e-10, 1.7625585292e-06, 1.1981809598e-11, 1.7650125721e-06],
      [2.3643045082e-06, 0.99999759483, 9.571406019e-11, 3.8911157393e-09, 2.1221027448e-09, 1.6613033297e-08, 3.4443937568e-12, 1.1268995107e-08, 2.6354591254e-11, 6.8480655879e-09],
      [1.0086709176e-06, 0.14285815487, 0.4285684018, 0.28571225673, 1.013348522e-06, 4.5743651909e-09, 1.013393048e-06, 0.14285713711, 4.6240066633e-11, 1.0094559676e-06],
      [0.12307692418, 0.092307474968, 0.076923291484, 0.15384626278, 0.16923076712, 0.061538678844, 0.061538462624, 0.16923033598, 3.2520974871e-10, 0.092307801685],
      [1.8369175054e-10, 1.1832909266e-06, 1.1835591809e-06, 1.7970132132e-09, 0.16666550804, 0.49999644591, 0.16666783072, 0.16666783965, 1.1806761402e-09, 5.6723008473e-09],
      [4.2142218966e-09, 4.487718229e-09, 4.5928372667e-09, 1.6179523368e-09, 1.7970120098e-09, 5.1276656695e-10, 0.49999645684, 0.50000351584, 7.8250386515e-09, 2.27107987e-09],
      [0.12499999448, 8.8794087036e-07, 2.9855103063e-09, 0.12499911816, 0.12499999513, 8.8752683897e-07, 1.455396911e-09, 0.37499999734, 0.1249999925, 0.12499912248],
      [9.7680995176e-09, 4.5103921845e-09, 2.1845761366e-08, 4.7025071367e-06, 2.9612870582e-10, 4.7633579401e-09, 3.5432012311e-09, 1.2525169778e-08, 3.3826695423e-12, 0.99999524024]
    ],
    [
      [0.37499953265, 4.5829322949e-07, 4.6507283344e-07, 0.12499999034, 0.12499956308, 4.5779814264e-07, 0.12499952979, 0.24999954011, 3.5887779141e-09, 4.592668308e-07],
      [7.3889138434e-07, 0.39999851443, 0.3999984699, 1.681682934e-09, 1.4725280946e-06, 5.4905617909e-10, 7.6474438553e-07, 0.2000000052, 1.4112708578e-09, 3.0671037629e-08],
      [2.0616255531e-08, 4.1697359783e-07, 7.2520286645e-09, 0.55555387231, 0.11111071124, 4.0873691356e-07, 0.11111151787, 0.22222303334, 3.1860160098e-10, 1.1330351775e-08],
      [0.063491941144, 0.031745973524, 0.047618989145, 0.12698424485, 0.26984120345, 0.047619051656, 0.12698430353, 0.23809518555, 5.850602613e-08, 0.047619048639],
      [2.829343345e-08, 1.2214432178e-06, 2.5576473148e-10, 9.2075475194e-09, 1.2235017673e-06, 0.6666641166, 0.33333210858, 7.1543995257e-08, 1.5382682392e-13, 1.2205790998e-06],
      [2.3648747471e-09, 1.5780436538e-09, 1.8368823477e-06, 5.6329752073e-08, 2.0607188672e-08, 4.0879782931e-09, 0.74999718942, 0.25000088803, 6.5109619614e-10, 5.1920367033e-11],
      [3.5598617062e-08, 8.8709032852e-10, 4.9269182116e-08, 9.23342305e-07, 7.5727610573e-09, 2.3470811898e-09, 7.3316855837e-09, 0.74999989834, 0.24999904349, 3.1812022548e-08],
      [1.8324837552e-06, 6.3641559598e-10, 7.9598446624e-10, 9.6150050753e-07, 3.266480484e-08, 6.6006822293e-09, 1.0538414615e-08, 0.24999907579, 2.4725563845e-08, 0.74999805427]
    ],
    [
      [0.99999999761, 1.3748902577e-10, 2.6698447845e-10, 6.6486689562e-11, 1.6733088134e-11, 3.0152822373e-12, 5.6293630589e-10, 8.9642715614e-10, 9.1640694227e-11, 3.4657531392e-10],
      [2.1876831027e-10, 0.62499999849, 0.12499999991, 6.5599163131e-11, 0.12499999968, 8.8328438377e-13, 9.4330526592e-10, 0.12500000029, 1.2213859379e-10, 2.7322574674e-10],
      [7.6928083391e-11, 5.8224618067e-10, 0.9999999974, 7.9163279252e-11, 3.7816682268e-10, 1.0212005603e-11, 1.2739900436e-12, 7.2052551007e-10, 4.4686709113e-10, 3.094044869e-10],
      [0.1016949153, 0.10169491526, 0.13559322033, 0.13559322027, 0.15254237301, 0.016949152553, 0.06779661016, 0.16949152522, 0.033898305073, 0.084745762827],
      [1.4931321174e-10, 5.3173488415e-10, 0.11111111132, 1.6993555614e-11, 0.3333333326, 0.11111111069, 0.33333333224, 0.11111111172, 3.4939832864e-10, 3.8315954767e-10],
      [4.9539536263e-12, 1.0144176267e-10, 3.1011398241e-10, 1.6416931086e-11, 5.1497501152e-11, 2.9206913267e-10, 0.33333333274, 0.66666666578, 6.1402699222e-10, 9.0519975356e-11],
      [5.6698787272e-10, 4.3240248216e-10, 0.12500000015, 2.7706618337e-10, 0.12499999971, 2.4237833743e-10, 4.2761459987e-11, 0.3749999996, 0.37499999894, 4.2070403402e-11],
      [2.7603177837e-10, 3.9817115597e-11, 1.5508292052e-09, 1.6432074483e-10, 6.0084324753e-10, 6.7768090222e-11, 3.6980541839e-10, 6.9374444566e-10, 2.4274897548e-10, 0.99999999599]
    ],
    [
      [0.57142854819, 3.2032200725e-08, 1.0684552398e-08, 0.1428571328, 0.14285713257, 1.0275983432e-08, 1.3698955501e-09, 0.14285713155, 5.0131372239e-10, 1.7137304368e-11],
      [4.0892804313e-09, 0.99999991714, 1.6113032635e-13, 1.9708897049e-10, 3.595694936e-08, 3.7377680306e-08, 8.6673498108e-12, 2.6439719196e-09, 2.4416697061e-09, 1.445566994e-10],
      [9.3851932209e-09, 0.37499997958, 0.24999998946, 0.12499999959, 0.12500000895, 7.6221740913e-10, 7.6631633962e-10, 0.12500000061, 9.0762966831e-09, 1.8161975817e-09],
      [0.074074072604, 0.092592586808, 0.092592588232, 0.20370370509, 0.18518519133, 0.037037035658, 0.11111111271, 0.16666666947, 0.018518518375, 0.018518519728],
      [7.6210197279e-10, 3.1680772955e-08, 2.2028530121e-08, 0.14285713233, 0.71428566761, 6.9873381575e-10, 1.1573689658e-08, 0.1428571333, 6.1497264186e-12, 1.7327535188e-11],
      [1.2395803413e-10, 1.4675014609e-09, 2.3813808984e-09, 9.5701860655e-10, 0.19999998603, 0.39999998225, 0.40000001081, 6.5005822835e-10, 4.6328152019e-13, 1.5335936611e-08],
      [1.83892001e-08, 2.1582056769e-08, 3.6365874299e-11, 0.12499999938, 0.12499999998, 6.8939747443e-10, 0.37499997082, 0.37499997975, 9.3269518377e-09, 4.9525926169e-11],
      [6.3604029569e-10, 1.7114360477e-09, 8.7291431031e-09, 0.11111111915, 0.11111111037, 1.9739123931e-12, 0.11111111072, 0.22222223816, 0.22222220579, 0.22222220473]
    ],
    [
      [0.79999999604, 0.19999999868, 1.8576955923e-12, 1.6637117929e-13, 1.3184015091e-09, 1.3180014025e-09, 4.6325804079e-14, 1.32217635e-09, 0, 1.3180449365e-09],
      [1.3221741624e-09, 0.79999999867, 0.19999999868, 1.627875118e-13, 1.3180566136e-09, 3.1282411848e-13, 3.591124432e-12, 7.4839052373e-12, 0, 5.4266518629e-12],
      [7.1642051296e-12, 5.0911087656e-14, 0.99999999558, 8.7032468003e-14, 1.8519358878e-13, 2.1971412687e-09, 8.7631749235e-12, 2.1968389641e-09, 0, 5.83357735e-12],
      [0.12499999988, 0.10714285726, 0.053571428807, 0.14285714262, 0.14285714274, 0.053571428219, 0.12500000047, 0.16071428607, 0, 0.089285713933],
      [0.12500000082, 8.2860647142e-10, 1.2911538545e-12, 8.2049120506e-12, 0.49999999834, 0.125, 0.125, 0.125, 0, 1.3985066022e-12],
      [0.12499999918, 8.2734319606e-10, 8.239669562e-10, 8.2379255328e-10, 0.12500000082, 0.24999999917, 0.37499999752, 0.12499999918, 0, 1.6478916997e-09],
      [1.0998655704e-09, 1.0319563323e-11, 3.2481191789e-12, 1.1012819522e-09, 1.3322504827e-13, 1.0998836867e-09, 0.16666666557, 0.83333332892, 0, 2.1969641262e-09],
      [0.11111111258, 0.11111111038, 5.799145556e-12, 2.0675491092e-12, 0.11111111111, 7.3226282562e-10, 0.11111111111, 0.11111111111, 0, 0.44444444297]
    ],
    [
      [0.54545454483, 0.27272727256, 0.090909090649, 2.120306712e-10, 0.090909090808, 2.0708668827e-10, 2.1655808827e-10, 2.5697420078e-10, 5.3077263245e-16, 2.5661356074e-10],
      [0.14285714253, 0.28571428546, 0.57142857053, 7.8878386743e-11, 7.9780952416e-11, 3.2493719084e-10, 2.5026367037e-13, 9.7451231591e-10, 1.0360227403e-15, 1.6955149435e-11],
      [0.16666666621, 0.16666666621, 0.50000000036, 0.16666666657, 3.8831715305e-10, 1.8363824499e-10, 9.1789512859e-11, 1.7628278501e-12, 1.2984611941e-13, 1.5240014661e-12],
      [4.8715874775e-10, 0.19999999989, 6.770138331e-10, 0.39999999885, 0.39999999896, 6.3244556437e-13, 1.5612421088e-12, 4.5538971566e-10, 1.1012959834e-10, 5.7566965944e-10],
      [0.16000000007, 0.20000000014, 0.15999999999, 0.059999999976, 0.20000000011, 0.040000000047, 0.039999999955, 0.079999999866, 1.1762172774e-12, 0.05999999984],
      [1.2151206471e-10, 0.19999999976, 3.5052863938e-11, 4.5481638058e-10, 1.1173708213e-11, 0.59999999827, 0.19999999953, 1.3636139149e-09, 5.2583848078e-13, 4.5451894823e-10],
      [4.5578433105e-10, 0.19999999988, 9.0951321242e-10, 1.329934965e-10, 2.2964677819e-11, 1.1118701366e-10, 0.19999999988, 0.5999999986, 4.461711616e-13, 1.0871381505e-11],
      [0.090909091176, 0.18181818197, 0.090909090859, 1.5701205464e-10, 0.090909090699, 5.9486426735e-12, 2.0698203199e-10, 0.18181818136, 0.090909090853, 0.27272727271]
    ],
    [
      [1, 6.9286428274e-14, 4.1065832166e-13, 9.333049369e-14, 6.3603451141e-14, 1.6150073476e-12, 1.0729661609e-14, 3.7897528077e-13, 9.3885221355e-14, 1.5272365909e-16],
      [0.2, 0.5, 5.8342485733e-13, 2.8157238709e-13, 0.1, 1.6634636164e-12, 0.1, 0.099999999999, 1.1436559784e-12, 2.7515887558e-13],
      [0.125, 0.375, 0.5, 1.2877845335e-12, 2.878438575e-13, 1.1741857815e-13, 9.9844790288e-13, 5.5193623625e-13, 3.9250901538e-12, 1.0547509645e-13],
