{
  "X": [
    [16, 3, 5, 19, 8, 13, 7, 13, 6, 10],
    [15, 6, 4, 17, 5, 14, 5, 12, 10, 12],
    [10, 6, 9, 15, 10, 16, 7, 13, 7, 7],
    [10, 9, 5, 17, 8, 12, 10, 11, 12, 6],
    [10, 7, 2, 15, 11, 13, 12, 7, 10, 13],
    [13, 9, 4, 29, 9, 10, 5, 7, 7, 7],
    [20, 8, 3, 30, 3, 5, 8, 10, 4, 9],
    [14, 7, 6, 20, 6, 11, 15, 15, 3, 3],
    [13, 7, 4, 29, 3, 11, 8, 7, 5, 13],
    [14, 3, 4, 29, 3, 17, 7, 11, 4, 8],
    [15, 6, 8, 21, 10, 10, 8, 7, 4, 11],
    [15, 6, 7, 25, 7, 10, 3, 11, 6, 10],
    [14, 13, 13, 16, 3, 5, 11, 16, 5, 4],
    [10, 21, 31, 7, 6, 2, 5, 10, 4, 4],
    [6, 10, 35, 9, 5, 2, 2, 20, 1, 10],
    [15, 11, 33, 4, 7, 4, 6, 7, 6, 7],
    [11, 18, 34, 3, 9, 4, 1, 7, 5, 8],
    [7, 13, 39, 7, 5, 3, 7, 11, 1, 7],
    [11, 15, 28, 9, 4, 4, 6, 10, 5, 8],
    [13, 12, 9, 8, 0, 3, 7, 7, 13, 28],
    [14, 8, 5, 12, 3, 4, 6, 7, 15, 26],
    [16, 5, 6, 12, 0, 1, 7, 15, 15, 23],
    [17, 13, 2, 7, 3, 5, 8, 7, 11, 27],
    [15, 6, 3, 11, 6, 4, 9, 12, 11, 23],
    [21, 2, 6, 6, 6, 4, 6, 12, 11, 26],
    [19, 10, 9, 13, 1, 4, 2, 31, 3, 8],
    [21, 11, 5, 4, 7, 7, 3, 22, 6, 14],
    [19, 13, 6, 13, 7, 8, 3, 22, 6, 3],
    [18, 9, 8, 14, 4, 8, 3, 27, 5, 4],
    [14, 6, 6, 13, 9, 4, 5, 25, 6, 12],
    [22, 12, 6, 10, 3, 6, 0, 28, 5, 8],
    [12, 6, 7, 15, 7, 9, 4, 23, 6, 11],
    [9, 8, 7, 14, 3, 10, 4, 26, 7, 12],
    [8, 7, 2, 12, 2, 14, 5, 30, 4, 16],
    [7, 7, 5, 14, 3, 11, 4, 32, 8, 9],
    [5, 8, 4, 15, 4, 15, 4, 29, 8, 8],
    [10, 5, 6, 11, 4, 9, 2, 31, 11, 11],
    [4, 12, 5, 9, 4, 10, 4, 38, 7, 7],
    [12, 16, 11, 11, 2, 7, 4, 19, 4, 14],
    [15, 15, 7, 10, 1, 9, 2, 23, 9, 9],
    [13, 12, 4, 9, 5, 10, 5, 23, 4, 15],
    [9, 15, 11, 6, 3, 12, 9, 20, 4, 11],
    [10, 14, 11, 5, 2, 12, 5, 22, 4, 15],
    [8, 15, 8, 6, 3, 10, 11, 23, 6, 10],
    [8, 8, 13, 8, 3, 6, 19, 14, 9, 12],
    [6, 7, 4, 7, 7, 4, 28, 14, 10, 13],
    [4, 9, 11, 4, 2, 9, 17, 10, 15, 19],
    [5, 12, 5, 6, 5, 5, 23, 17, 8, 14],
    [9, 17, 7, 7, 5, 4, 16, 7, 9, 19],
    [8, 11, 5, 5, 5, 7, 15, 18, 15, 11]
  ],
  "W": [
    [56, 6, 8, 6, 6, 4, 6, 8],
    [51, 5, 6, 5, 7, 12, 6, 8],
    [44, 10, 11, 7, 7, 8, 8, 5],
    [49, 9, 7, 9, 7, 5, 7, 7],
    [64, 8, 0, 6, 6, 4, 2, 10],
    [58, 9, 4, 6, 5, 8, 5, 5],
    [19, 48, 4, 7, 3, 4, 6, 9],
    [5, 50, 5, 7, 4, 7, 9, 13],
    [8, 53, 7, 8, 4, 8, 7, 5],
    [3, 61, 3, 6, 7, 7, 8, 5],
    [8, 51, 8, 9, 5, 5, 9, 5],
    [5, 49, 11, 9, 7, 6, 6, 7],
    [9, 28, 25, 2, 4, 12, 13, 7],
    [7, 6, 60, 4, 5, 5, 7, 6],
    [4, 8, 55, 4, 7, 10, 7, 5],
    [8, 6, 54, 8, 4, 6, 5, 9],
    [4, 8, 63, 8, 7, 4, 3, 3],
    [8, 6, 61, 8, 7, 3, 3, 4],
    [11, 4, 48, 18, 7, 2, 3, 7],
    [4, 4, 7, 63, 8, 5, 4, 5],
    [7, 12, 4, 54, 3, 10, 1, 9],
    [8, 8, 12, 49, 8, 6, 2, 7],
    [5, 7, 5, 67, 3, 2, 6, 5],
    [8, 11, 7, 51, 6, 4, 9, 4],
    [9, 6, 6, 58, 6, 5, 6, 4],
    [4, 3, 6, 6, 62, 5, 10, 4],
    [3, 5, 4, 8, 55, 4, 10, 11],
    [8, 8, 6, 4, 59, 7, 3, 5],
    [3, 10, 2, 7, 59, 4, 9, 6],
    [7, 8, 6, 9, 54, 1, 9, 6],
    [7, 5, 3, 9, 64, 6, 2, 4],
    [6, 7, 8, 1, 19, 46, 8, 5],
    [7, 7, 7, 9, 9, 49, 7, 5],
    [6, 2, 4, 4, 7, 63, 9, 5],
    [11, 7, 5, 7, 7, 54, 3, 6],
    [7, 5, 4, 4, 5, 60, 5, 10],
    [9, 5, 4, 8, 2, 63, 6, 3],
    [4, 6, 5, 3, 7, 36, 29, 10],
    [6, 6, 8, 4, 9, 8, 53, 6],
    [7, 10, 2, 10, 4, 5, 57, 5],
    [6, 7, 2, 6, 6, 6, 60, 7],
    [5, 6, 6, 5, 1, 2, 67, 8],
    [7, 5, 6, 3, 6, 9, 59, 5],
    [8, 6, 8, 6, 7, 3, 42, 20],
    [8, 5, 10, 1, 9, 8, 6, 53],
    [10, 5, 3, 9, 7, 10, 6, 50],
    [9, 4, 10, 3, 6, 8, 2, 58],
    [5, 6, 9, 5, 4, 7, 4, 60],
    [6, 6, 13, 4, 9, 6, 3, 53],
    [4, 8, 3, 11, 5, 3, 8, 58]
  ],
  "method": "mcmc",
  "mcmc_stepsize": 3000,
  "mcmc_samples": 100,
  "burn_in": 10000,
  "cond_prob": [
    [
      [0.23214284162, 2.7440098618e-08, 0.035714260237, 0.24999998595, 0.089285727205, 0.10714285603, 0.089285699904, 0.035714354767, 0.071428558271, 0.089285688578],
      [0.33333333748, 0.33333308258, 0.16666666053, 3.6652487348e-07, 5.682035471e-09, 2.0238948106e-09, 5.4966120124e-09, 0.16666653838, 4.11459484e-10, 8.8705367237e-10],
      [9.6072893225e-08, 5.2738274659e-11, 0.24999981195, 1.5276701859e-10, 1.7724719491e-09, 0.37499998666, 0.12499990381, 1.043435742e-07, 0.12500009127, 0.12500000392],
      [1.6411505475e-08, 0.16666666076, 6.5166435382e-12, 1.2258582827e-07, 4.3879510861e-11, 0.16666667142, 6.1142977583e-09, 0.49999961648, 4.3256224687e-10, 0.16666690574],
      [9.0371046929e-10, 4.133266527e-12, 1.224515226e-07, 0.16666667707, 8.4136134104e-10, 5.9671540554e-09, 2.187945513e-12, 0.66666653156, 4.4046616823e-10, 0.16666666077],
      [0.24999980789, 1.8763290535e-12, 1.8367237319e-07, 6.2853942496e-11, 0.24999980757, 1.733902454e-08, 3.7527239097e-07, 0.24999999244, 1.2101442442e-11, 0.24999981574],
      [5.8399379212e-10, 4.7030756516e-10, 5.2312868582e-12, 0.33333308805, 0.16666678268, 0.33333345957, 0.16666653883, 1.2280894137e-07, 5.1303321001e-10, 6.4879008092e-09],
      [9.2094323564e-08, 1.3874270538e-12, 1.8731317015e-07, 0.24999990751, 0.12499991207, 0.12499990824, 9.6395365755e-08, 0.24999980914, 0.12499999948, 0.12500008775]
    ],
    [
      [0.17647058824, 0.039215686274, 0.019607843137, 0.21568627451, 0.039215686275, 0.13725490196, 0.039215686275, 0.019607843138, 0.1568627451, 0.1568627451],
      [0.2, 0.2, 9.4321580649e-15, 3.0984030793e-12, 7.257987994e-13, 0.4, 7.2483247717e-14, 0.2, 1.6890657673e-12, 1.0055593121e-13],
      [1.3298712916e-12, 1.4280899256e-12, 0.33333333333, 6.7767174841e-13, 6.1441419994e-14, 0.16666666667, 0.16666666667, 2.0032030073e-12, 0.16666666667, 0.16666666667],
      [0.4, 8.1702706238e-13, 7.3159381425e-17, 1.6961529863e-13, 8.1886353137e-13, 2.3728546891e-12, 7.2728395202e-13, 0.4, 8.8819744752e-13, 0.2],
      [0.14285714286, 1.2204886773e-12, 0.14285714286, 0.28571428571, 4.6651941206e-14, 1.2880559071e-12, 1.6742913615e-14, 0.42857142857, 6.3853357487e-13, 6.0502009622e-13],
      [0.083333333333, 3.5482909893e-13, 4.9315073372e-14, 1.4957228654e-13, 0.16666666667, 0.25, 0.083333333333, 0.33333333333, 1.4212403927e-12, 0.083333333334],
      [1.6068918979e-12, 0.16666666667, 1.2083028752e-13, 0.33333333333, 0.16666666667, 0.16666666667, 6.9093000064e-13, 6.5222698342e-13, 0.16666666667, 8.125343487e-13],
      [0.125, 0.25, 6.4759322328e-16, 0.25, 5.5116066338e-13, 6.8517984209e-13, 0.125, 0.125, 1.8740857861e-12, 0.125]
    ],
    [
      [0.13636363636, 0.022727272727, 0.11363636364, 0.13636363636, 0.15909090909, 0.090909090912, 0.068181818182, 0.068181818181, 0.13636363636, 0.068181818181],
      [0.29999999999, 0.099999999997, 2.842489556e-12, 0.2, 1.2031491172e-14, 0.29999999999, 2.8351343429e-12, 0.10000000001, 2.8368969318e-12, 7.3717784316e-15],
      [3.1364409056e-15, 0.18181818183, 0.36363636363, 2.5905402444e-12, 0.090909090907, 0.27272727272, 0.090909090907, 1.9567233045e-15, 2.5894162953e-12, 2.582319365e-12],
      [8.6860507135e-15, 0.14285714285, 1.3226680352e-17, 8.1054384548e-12, 5.2835749717e-15, 0.14285714285, 1.8552397125e-14, 0.57142857143, 4.0529976715e-12, 0.14285714285],
      [0.14285714285, 5.766985659e-15, 4.0705699417e-12, 0.28571428571, 5.2473314239e-15, 1.1109924279e-14, 0.14285714286, 0.28571428571, 4.0501810099e-12, 0.14285714286],
      [8.8244817786e-15, 3.5485474024e-12, 5.5260655042e-15, 2.0668550818e-15, 0.24999999999, 0.25, 0.125, 0.25, 4.9683872935e-18, 0.125],
      [1.0635782514e-11, 0.125, 3.548930033e-12, 0.49999999999, 8.4460768129e-15, 0.37499999999, 5.4840183728e-18, 1.5430866547e-14, 8.5754757595e-15, 3.547462054e-12],
      [1.2646469273e-14, 1.5909418127e-16, 5.6710012947e-12, 0.19999999999, 1.1347069965e-11, 5.6702699115e-12, 0.19999999999, 0.19999999999, 0.19999999999, 0.2]
    ],
    [
      [0.12244897953, 0.020408163237, 0.061224489813, 0.22448979594, 0.12244897945, 0.10204081637, 0.12244897957, 1.5301627494e-10, 0.18367346937, 0.040816326558],
      [0.22222222206, 0.33333333295, 1.1533848613e-10, 4.9632936037e-10, 7.3972365054e-12, 0.11111111127, 1.1278457178e-10, 0.11111111099, 0.2222222219, 9.8176345358e-11],
      [1.8351603461e-10, 0.42857142829, 0.28571428516, 3.1952910377e-10, 0.14285714286, 0.14285714281, 9.488862024e-11, 1.2732071977e-10, 9.6535443903e-11, 5.0631240752e-11],
      [0.11111111104, 1.7159490863e-10, 7.3500033912e-13, 2.3346538184e-11, 4.8673652127e-10, 0.1111111109, 5.1120276895e-10, 0.44444444392, 1.6604276151e-10, 0.33333333278],
      [0.14285714312, 4.8263505693e-10, 2.9263670308e-11, 0.14285714288, 1.8160632375e-10, 1.1865448002e-10, 0.28571428516, 0.42857142797, 6.4870118641e-11, 3.1936176976e-13],
      [1.4293168605e-10, 4.2529763756e-10, 3.399030364e-10, 1.3244550665e-10, 2.0694926575e-10, 0.39999999966, 0.19999999965, 0.19999999983, 1.2338995793e-12, 0.19999999962],
      [1.5566627749e-10, 0.28571428563, 1.1871115462e-11, 0.57142857033, 9.551008275e-12, 0.14285714268, 2.5107050909e-11, 6.257928398e-10, 4.0755430851e-10, 1.2702081587e-10],
      [2.5087422503e-11, 4.8505242715e-11, 3.5701953814e-12, 0.14285714268, 0.14285714285, 0.14285714296, 0.14285714288, 0.28571428544, 0.14285714263, 4.8791650412e-10]
    ],
    [
      [0.12495599113, 0.078071584517, 0.015624901115, 0.1406334987, 0.12501899234, 0.12501266503, 0.14062098968, 3.0343633923e-05, 0.0937840938, 0.15624694005],
      [3.1342337057e-06, 0.12517838712, 2.5005987657e-07, 0.25013504496, 1.4909550488e-06, 0.12500328309, 1.0531652581e-05, 0.24984932714, 0.24981686823, 1.6825634365e-06],
      [0, 0, 0, 0, 0, 0, 0, 0, 0, 0],
      [0.00042642555767, 1.819010212e-06, 1.8077494788e-07, 3.3745661152e-06, 1.5950873472e-05, 0.16654369699, 0.16657220966, 0.16666833145, 0.16665006246, 0.33311794866],
      [0.3333407292, 0.0001205213324, 0.16666568936, 5.126590236e-07, 4.5970765065e-06, 1.5625333244e-05, 0.16665292888, 0.33319578647, 2.1445786348e-06, 1.4651186056e-06],
      [4.1508185519e-05, 0.00015849328091, 2.1825582697e-06, 0.00031846885963, 8.2359325721e-06, 0.24983892728, 0.24983909118, 0.49978981853, 1.8364126104e-07, 3.0905510626e-06],
      [5.838812756e-06, 0.49999090011, 2.1821695794e-09, 0.49963383335, 0.00031694014267, 2.7312943998e-06, 5.5766950417e-06, 2.2256368661e-06, 4.1885811718e-05, 6.5965705248e-08],
      [1.0854827964e-06, 6.4167857857e-05, 3.7275440704e-08, 0.2997810858, 0.29979824507, 0.20004460679, 0.00014540576829, 9.1495739186e-05, 0.099928530255, 0.10014533996]
    ],
    [
      [0.17160636876, 0.034042040671, 0.017724546971, 0.39715679013, 0.10298315939, 0.11964334604, 0.035431645757, 0.00066559304291, 0.052730861396, 0.06801564785],
      [0.2139056116, 0.11318384052, 0.00092488080044, 0.013663207, 8.8997672924e-07, 0.21714040403, 0.0031198709001, 0.22313022572, 0.21480857419, 0.00012249525545],
      [0.00054937716334, 0.24971189754, 0.4903523731, 5.5147616471e-08, 0.24269407697, 0.00029831090491, 1.2746414143e-06, 0.0020813830992, 0.0070180597147, 0.0072931917217],
      [0.004678992906, 0.16785413094, 7.8313173589e-07, 0.0047115136444, 0.0064324614152, 0.0033088722168, 7.6439750706e-07, 0.32551190181, 0.32569619315, 0.16180438639],
      [0.19415512076, 0.0021044900995, 0.19813362264, 0.0051892879731, 0.00021953241157, 5.6212737902e-07, 0.19249994209, 0.39084432151, 4.7534975669e-09, 0.016853115639],
      [0.0080537923044, 0.12746786492, 0.001171684041, 0.00041289812707, 0.24400333366, 0.12395962017, 0.24415870752, 0.12838378871, 6.1882410377e-06, 0.12238212231],
      [0.011230001314, 0.0077096709289, 0.00021960107537, 0.96416421851, 0.0016649497826, 0.011469207356, 1.1378210681e-06, 0.0018855109855, 0.0016553904058, 3.1181861333e-07],
      [1.0538550121e-05, 0.58642419522, 0.00021971328351, 0.19271945795, 0.011229717851, 0.0072700015159, 0.00022019266828, 0.0002214313252, 0.0035513983608, 0.19813335328]
    ],
    [
      [0.25142485351, 0.0058189719797, 0.052677384091, 0.15214814256, 0.055540457913, 0.049699721903, 0.16955669212, 0.049697812569, 0.052605874153, 0.1608300892],
      [0.23610500036, 0.062507915291, 0.039342935781, 0.43751197414, 0.019690538139, 0.041656845206, 0.059016081067, 0.082191766398, 0.0011532382819, 0.02082370534],
      [0.0001207885436, 0.4722353802, 0.013828615941, 1.0109452521e-08, 2.4994096253e-06, 0.013933168646, 0.23605772203, 0.23617291839, 0.013826629516, 0.01382226721],
      [0.14286012169, 0.13489429058, 2.2109526268e-07, 0.1349627484, 5.4603123527e-06, 0.1428516442, 2.4255533039e-07, 0.15075868441, 0.0080927620009, 0.28557382476],
      [0.018577610359, 6.5160918043e-07, 9.2515007616e-06, 0.31489457766, 2.4899921978e-08, 0.00015149897127, 2.3922436766e-10, 0.66635621976, 8.9675416784e-06, 1.1974588003e-06],
      [6.2101638433e-07, 0.00012201233576, 0.013823966185, 0.236058408, 0.013820346825, 7.1212679319e-06, 0.01382699747, 0.014048799377, 0.47211446482, 0.2361772627],
      [0.15745627561, 8.5300648443e-05, 1.1023147909e-07, 0.36080958798, 0.15737593845, 0.15737598444, 1.5394478307e-06, 0.0092906998326, 3.500590395e-07, 0.1576042133],
      [0.2098789768, 0.2283173595, 3.1658580074e-06, 0.12334404008, 1.7388527419e-08, 0.0061937379271, 0.10512234946, 0.11105847265, 0.10496558213, 0.1111162982]
    ],
    [
      [0.0028874221145, 1.5276692083e-05, 2.0694813332e-06, 5.546172484e-05, 2.9814222584e-06, 2.5762012829e-05, 0.7941061183, 3.8452293322e-06, 0.0057851236511, 0.19711593937],
      [0.2397031291, 0.059135333506, 0.00029772424213, 0.30057136024, 0.05941841688, 0.14028077055, 0.11885245661, 0.081737453996, 2.8569778269e-06, 4.9788800245e-07],
      [2.4645984051e-05, 0.19710194131, 0.20863759204, 0.19997412303, 1.6504840942e-05, 0.19713114799, 0.19709293581, 1.7321876875e-05, 3.7862397575e-06, 8.7217386733e-10],
      [0.0021230849987, 0.14284898372, 9.3096743512e-08, 7.2931237914e-06, 0.28567331943, 0.14283953172, 0.14080673858, 0.0020972090107, 0.28154656065, 0.002057185669],
      [0.0035988338191, 4.2962010295e-05, 0.24638319758, 2.4121436891e-05, 8.3839341623e-06, 2.0643041435e-05, 0.0036167486463, 0.49991965697, 0.2463738258, 1.1626758356e-05],
      [9.4314007699e-06, 0.14079681498, 0.0020710323024, 0.002077355201, 2.9363764482e-05, 0.14078688968, 0.0062200197572, 0.56516561672, 0.002067505093, 0.14077597109],
      [0.1094935754, 0.11910454253, 0.2189852596, 0.10952133113, 2.9047372137e-05, 0.1095015691, 0.003218111183, 0.21903805158, 1.539007439e-06, 0.1111069731],
      [0.075809082752, 1.070221607e-06, 0.1516167289, 0.2285310046, 0.079135998484, 0.0022457906508, 0.23298189194, 0.2285508148, 8.0759385941e-06, 0.0011195417022]
    ],
    [
      [2.8096086605e-06, 0.24996304747, 2.8749917829e-05, 5.3084866843e-05, 3.1366665547e-06, 1.8210892709e-06, 0.24996824382, 1.4220131641e-05, 9.6785402781e-06, 0.4999552079],
      [0.16981156423, 0.056600020979, 0.018865647104, 0.5282840217, 4.6965934396e-06, 0.16980918824, 1.0376364368e-05, 5.8521790967e-06, 0.05660243258, 6.200029674e-06],
      [5.109285387e-06, 0.14283847827, 0.28567521375, 3.827254662e-05, 1.0452940438e-06, 0.14284983091, 0.142837854, 3.0462818979e-05, 1.7870897361e-05, 0.28570586222],
      [0.12498607479, 0.12501483517, 2.8006336527e-07, 2.1418220987e-06, 1.0460168318e-06, 1.5807553273e-05, 8.924858809e-06, 0.24997837587, 0.24996232504, 0.2500301888],
      [0.25001604353, 7.1168221151e-06, 5.6256318316e-05, 7.0435255085e-06, 1.7937190099e-06, 3.6665281933e-06, 0.24996144633, 0.49992649916, 2.0520214456e-06, 1.8082051922e-05],
      [0.24997996033, 2.7110392466e-05, 0.12499063074, 1.9658073467e-05, 0.12498577212, 1.5104532653e-05, 0.24996746333, 0.12500083398, 1.6164445879e-05, 0.12499730205],
      [2.9684806244e-06, 3.1919486047e-05, 1.1676389754e-06, 0.14285816585, 5.3336737881e-07, 0.14283912461, 0.28569282723, 0.1428454348, 3.0427175036e-06, 0.28572481581],
      [2.3123849141e-05, 7.5384466459e-06, 7.4453292155e-07, 8.9058168511e-06, 0.39996264332, 2.7606250047e-06, 6.6488546432e-05, 0.19998102294, 2.2251208838e-06, 0.3999445468]
    ],
    [
      [0.17775429165, 1.1257660166e-06, 0.017863243081, 0.17711732764, 0.010662099035, 0.09933426109, 0.30640049729, 0.092043732379, 0.023703116751, 0.095120305323],
      [0.15703354842, 0.013445373584, 0.015920698773, 0.40436892381, 0.028375857805, 0.19592967363, 0.051536815123, 0.075260648239, 0.018180100903, 0.039948359712],
      [0.11351333542, 0.090873126741, 0.22881379334, 0.092221364826, 0.092978671635, 0.15590714201, 0.19584669502, 0.010949725932, 0.01860211494, 0.00029403012272],
      [0.33558297776, 0.1140460126, 0.010746834877, 0.0058863771818, 0.070103413462, 0.00073762700067, 0.12501016464, 0.076448202916, 0.18484804983, 0.076590339735],
      [0.020074665263, 0.048933557714, 0.21924416978, 0.18422517471, 0.040272246339, 0.053027877309, 0.017907322071, 0.20402204855, 0.039366192573, 0.1729267457],
      [0.061412172725, 0.011515308449, 0.019167919318, 0.050421694593, 0.010015647122, 0.18209731135, 0.027435930397, 0.45365981746, 0.0094480808166, 0.17482611777],
      [0.02124190954, 0.065465652687, 0.03449322132, 0.12219721651, 0.0078753595105, 0.30840529572, 0.04428369605, 0.080007665575, 0.094382606261, 0.22164737683],
      [0.15866193129, 0.055213218732, 0.055898972415, 0.17401109795, 0.024502350156, 0.033004250203, 0.18555587541, 0.07951929568, 0.11164981741, 0.12198319076]
    ],
    [
      [0.12491136412, 0.0046904043927, 0.12479403968, 0.23818794907, 0.12511667446, 0.0032940159752, 0.24406268995, 6.8000921716e-08, 0.0016033888835, 0.13333940547],
      [0.23495046872, 0.020748704395, 0.00025172305889, 0.31636454335, 0.11634389171, 0.17430266596, 0.076856501665, 0.038480154809, 0.00073896646539, 0.020962379865],
      [0.11903565023, 0.24029715213, 0.26754292427, 2.7593675002e-05, 0.0011850344698, 0.00029523155075, 2.2201614099e-07, 5.8500132414e-08, 0.24287763199, 0.12873850116],
      [0.10994808287, 0.10617509178, 5.5153858601e-05, 0.10602317794, 0.21620861037, 0.013633091394, 0.10610261369, 0.011186974197, 0.10992358634, 0.22074361756],
      [0.0074053601315, 0.0003852248959, 0.580857858, 0.0034184292749, 0.0034623215511, 0.19059982356, 0.014810874922, 0.008020029253, 0.19055605736, 0.00048402105043],
      [0.00750493128, 0.00911451658, 0.19790597708, 0.0017095010866, 0.0001437461818, 1.5540782913e-08, 0.018998032409, 0.572226427, 0.0018522052909, 0.19054464755],
      [4.2996297325e-08, 0.11406187634, 0.10601669617, 0.21998160013, 0.0072558843109, 0.00057982499766, 0.005277529934, 0.11024076617, 0.0051739333639, 0.43141184559],
      [0.00037307808515, 0.19045684064, 1.1734578556e-07, 2.5857630268e-07, 0.20536741216, 0.00018692251142, 0.19126985801, 0.20868582963, 0.0017091105525, 0.20195057248]
    ],
    [
      [2.9815781621e-05, 0.19992491918, 5.8373762828e-05, 0.19999500874, 0.3998608779, 0.19996101418, 2.3729595981e-06, 3.7080653261e-05, 1.8883735841e-08, 0.00013051796495],
      [0.28569179365, 0.020414794297, 0.040808843547, 0.38773964122, 0.040819276053, 0.020441524355, 1.155945843e-05, 0.14284161869, 0.061221847396, 9.1013381268e-06],
      [3.9221635503e-05, 0.090927769353, 0.27267576477, 0.090923583663, 0.18177848658, 5.4763318569e-05, 0.090923468364, 8.2145526732e-06, 0.18175412422, 0.09091460354],
      [0.11109849623, 0.22216157153, 1.0733441861e-08, 6.9121830457e-05, 7.4028265715e-05, 0.1110980461, 1.4746528323e-08, 3.2867771774e-05, 8.8660129729e-05, 0.55537718266],
      [1.7860429423e-05, 7.4339342336e-06, 0.14285786965, 0.42843312044, 0.14283571488, 0.14282339828, 2.8685593798e-06, 0.1429262941, 5.3493592588e-09, 9.5434371879e-05],
      [3.190916262e-05, 3.42374588e-05, 5.3145119686e-05, 1.1346122886e-05, 3.1904024298e-05, 0.49985473707, 1.0016796107e-06, 0.33323772661, 2.0850035151e-05, 0.16672314273],
      [3.7595289929e-05, 0.16665449184, 0.16661859693, 0.00010764301349, 4.4504780413e-05, 0.16664762985, 1.1443124513e-08, 0.16661957499, 0.16663515203, 0.16663479984],
      [1.3296929145e-05, 2.9494801095e-05, 8.6535490745e-05, 0.14289360599, 1.8600225823e-06, 0.28561391926, 0.28560532548, 8.0177531559e-05, 1.4289390875e-05, 0.2856614951]
    ],
    [
      [0.44444301429, 0.11111075429, 0.22222150516, 0.11111146779, 7.1437736681e-07, 1.3850428906e-09, 0.11111146811, 1.5937363948e-09, 7.1432175025e-07, 3.5867726016e-07],
      [0.14285748702, 0.14285679901, 4.6003780861e-07, 0.25000000016, 2.4806185327e-10, 0.035714285456, 0.071428456765, 0.32142822546, 0.035714285736, 1.1743387957e-10],
      [7.7399922678e-07, 0.2000002558, 0.27999948522, 0.16000000006, 0.039999871117, 0.04000000096, 0.15999974167, 5.1454798264e-10, 0.079999742465, 0.040000128195],
      [1.969028919e-09, 1.606964724e-06, 2.8240008845e-11, 1.6100073904e-06, 6.5670751808e-10, 0.49999838518, 2.6935349266e-09, 3.4934341803e-09, 0.49999838874, 2.5927899284e-10],
      [2.8099962628e-09, 1.0002849509e-09, 0.24999999711, 0.24999919585, 6.7483779608e-11, 8.2722089269e-11, 2.9415045433e-09, 0.50000079764, 3.0856574654e-13, 2.4965869821e-09],
      [0.2499991934, 2.6903226933e-07, 0.16666693452, 8.7398489275e-10, 0.083333065437, 0.083333867967, 0.1666669339, 0.24999946582, 2.6866841175e-07, 3.7155958936e-10],
      [0.23076848685, 0.23076923034, 0.076922830786, 0.076923323217, 0.076923076288, 0.076922828814, 0.07692307737, 1.486045994e-06, 0.076922829999, 0.076922830298],
      [4.5999214412e-07, 5.0407159844e-10, 9.198569852e-07, 0.28571336687, 1.0228412099e-09, 1.4124918715e-09, 0.14285760372, 0.28571336486, 4.596245249e-07, 0.28571382213]
    ],
    [
      [0.14286587706, 0.14284858412, 8.6178795147e-06, 0.14285125384, 7.8575964607e-06, 0.14284842163, 0.1428563653, 7.9965982414e-06, 0.28569707007, 7.9559170218e-06],
      [0.4999976175, 0.33333185835, 0.16665801509, 1.006875932e-05, 1.7892601193e-08, 7.7440837942e-07, 1.2915860246e-07, 1.1443590452e-06, 3.2112630076e-07, 5.3354972496e-08],
      [0.016668864056, 0.25000373429, 0.49999565709, 0.01666857076, 0.049998376675, 0.016665658352, 0.033332581138, 0.066665732941, 2.7735486947e-06, 0.049998051154],
      [0.24998494594, 1.5580218161e-06, 2.0677562808e-09, 1.4001702629e-05, 2.8718922206e-05, 2.3840337585e-07, 1.3963055161e-05, 3.8792016748e-08, 0.49997056433, 0.24998596877],
      [3.5429272621e-07, 0.19998804001, 3.6875628889e-05, 0.19998789669, 1.1103917054e-05, 1.9075330082e-07, 1.9223892891e-07, 0.5999752125, 9.0692378582e-09, 1.2490591073e-07],
      [0.3999775231, 9.607894053e-08, 1.2732389177e-06, 1.117442245e-05, 1.0756298007e-07, 4.2865133861e-09, 0.3999754861, 0.20001041654, 1.2015714215e-05, 1.190295504e-05],
      [0.1428642844, 0.28569870254, 7.9866994372e-06, 0.2856974537, 0.1428484238, 8.5036196764e-06, 7.2521336012e-07, 0.14286526153, 6.7576494963e-07, 7.9827310749e-06],
      [0.16665702512, 1.1456067297e-06, 9.1657434639e-07, 0.33332217112, 0.33332206487, 9.2411430006e-06, 1.8413208364e-05, 0.16666800836, 8.4304306653e-07, 1.7095738325e-07]
    ],
    [
      [0.2418554218, 0.21862475281, 0.020926803036, 0.041828535427, 0.00010380690476, 0.023432147641, 1.1011250266e-06, 0.43714867361, 1.9928850123e-14, 0.016078757641],
      [0.0089729107208, 0.4475036181, 0.11976493457, 0.24103816788, 0.014522480995, 0.11327776621, 1.1176812546e-06, 0.034005117855, 9.7257890708e-11, 0.02091388589],
      [0.039627918295, 0.064431880715, 0.57933706172, 0.081015582285, 0.048051972047, 0.016076792623, 0.0021200368586, 0.095507161639, 0.016477310854, 0.057354282966],
      [0.25792680278, 0.0080415146779, 1.4496827969e-06, 0.041915988662, 0.0080591931098, 2.1356628482e-06, 0.020906458285, 0.22105359154, 1.0286715038e-07, 0.44209276273],
      [6.4300009852e-05, 0.011951828994, 0.13197256393, 0.013836920243, 2.8998592394e-06, 2.7684391245e-08, 0.0013882952825, 0.57443634336, 5.4187797802e-07, 0.26634627876],
      [0.1748181412, 0.090707388781, 0.097098857952, 0.020025255586, 0.11153597076, 2.525809114e-06, 0.08837992569, 0.23323014346, 4.0828040087e-05, 0.18416096272],
      [1.2528642196e-05, 0.014955520334, 0.016600200298, 0.25528168939, 0.001388175998, 0.016541611141, 0.12487071883, 0.52520131227, 0.011946673246, 0.033201569852],
      [0.00016661940854, 0.17482544256, 0.016726237796, 0.03935534234, 0.21664249016, 8.2591472623e-08, 0.0064292876028, 0.36249821648, 0.0019417409057, 0.18141454016]
    ],
    [
      [0.25000117398, 2.3046118971e-06, 0.24999768303, 1.2978143442e-08, 0.24999767184, 1.1528179806e-06, 0.12499884874, 8.2957757078e-10, 0.12499999909, 1.1520918268e-06],
      [0.66666661334, 1.6733773031e-08, 0.16666665141, 1.8221065224e-08, 1.5368934257e-06, 1.6965212387e-10, 8.7226079373e-12, 0.16666516314, 3.4119660734e-11, 4.7643474344e-11],
      [0.055555384462, 0.1666661507, 0.53703755426, 5.1202683024e-07, 3.416532188e-07, 0.074073554327, 0.074074073621, 3.4157187077e-07, 0.0370370369, 0.055555050482],
      [0.249998859, 1.553345358e-09, 3.0227079142e-11, 1.1638404968e-06, 1.1646094957e-06, 1.1611033033e-10, 1.1521609037e-06, 0.12500002464, 0.24999767089, 0.37499996317],
      [0.24999999791, 2.3275711664e-06, 0.24999767027, 2.57821089e-08, 2.4435963297e-08, 1.982693567e-10, 7.2173797828e-11, 0.49999764624, 1.7873370165e-09, 2.3057367635e-06],
      [0.166668201, 1.4641610335e-09, 5.1559912706e-10, 3.51392385e-11, 0.49999537216, 5.0169989721e-08, 0.16666511455, 0.16666511479, 4.6081294254e-06, 1.5371850126e-06],
      [0.39999631052, 3.6873469434e-06, 9.164008178e-10, 0.19999813597, 4.7488085325e-10, 3.6882651462e-06, 2.0210878424e-08, 0.19999813598, 0.1999981758, 1.8445243758e-06],
      [2.0605408948e-06, 0.22222017298, 9.2910284562e-10, 0.33333022706, 0.22222325608, 1.0968400435e-08, 1.0254018945e-06, 0.11111315767, 1.2496949789e-08, 0.11111007588]
    ],
    [
      [0.2461409724, 0.0052308798209, 0.0039869741871, 0.004820228243, 0.24067687563, 0.22810544529, 0.0095128607242, 0.01044154974, 0.010736772681, 0.24034744128],
      [0.58561294644, 0.12116464203, 0.0031214214064, 0.12300623103, 0.022377758405, 0.0022341460193, 0.00051223918106, 0.12840073014, 0.010373111399, 0.0031967739403],
      [0.080304796222, 0.2358431755, 0.52146648426, 0.014609621007, 0.047655036386, 0.002772508975, 0.00051825939086, 0.016052579793, 0.046258683895, 0.034518854573],
      [0.019179866744, 0.23288497368, 0.0016854708696, 0.0033663649587, 0.24166438218, 0.0070246927629, 1.2634323316e-06, 0.23855801885, 0.013739639358, 0.24189532717],
      [0.0059173674767, 0.027348832113, 0.14839298949, 0.13236055051, 0.26914857114, 0.13201860818, 0.0016306794254, 0.13574425547, 0.00095916279817, 0.1464789834],
      [0.013055734422, 0.007197660622, 0.0048218602059, 0.0044870794307, 0.014110111569, 0.014306989257, 0.00097713828319, 0.25663924803, 0.45664520048, 0.2277589777],
      [0.00093873839975, 0.012306275363, 0.0061594631526, 0.00014429429754, 0.017790157216, 0.31580870786, 1.1491779076e-10, 0.32695309054, 0.00023217637162, 0.31966709668],
      [0.0071435725596, 0.010469401769, 0.0055638999859, 0.034809047174, 0.30961238819, 0.30335170176, 0.30328896171, 0.0178750767, 0.0052874490677, 0.0025985010947]
    ],
    [
      [4.3783726068e-05, 0.37501678274, 1.2922416641e-06, 0.12500932201, 0.1249652534, 1.4618559664e-06, 0.12499967489, 5.1876506908e-06, 1.7782268228e-08, 0.24995722371],
      [0.33331565388, 6.9979096031e-05, 6.318876679e-05, 0.49992873116, 7.2474526897e-07, 6.8477485214e-06, 0.16661043621, 4.390801458e-06, 6.7194774732e-10, 4.6921989511e-08],
      [0.032779596346, 0.13113455772, 0.62294218314, 0.016402574194, 0.049183784569, 0.016388739409, 0.049196144681, 0.049184889864, 0.016387863506, 0.016399666571],
      [0.24998702434, 0.24991629895, 6.4019021622e-09, 6.3258055019e-06, 1.0274320938e-05, 0.00011400254575, 5.6837133925e-06, 0.125009735, 3.5896045976e-05, 0.37491475288],
      [1.4036583276e-06, 0.00012373220314, 6.75407384e-05, 0.14282040325, 4.9311107465e-08, 0.14280852085, 0.14280990825, 0.57132321295, 1.4010548243e-06, 4.3827726568e-05],
      [9.5709576162e-05, 1.3515729474e-08, 0.33321989076, 8.1379950988e-07, 7.8156011758e-07, 0.33322009047, 0.33321988435, 0.00011657863263, 1.3025625057e-10, 0.00012623720243],
      [0.33332202531, 2.161645962e-08, 1.6675421329e-07, 1.6852567389e-05, 0.33331569004, 7.1731420055e-07, 1.9651343643e-08, 0.33334306783, 7.1858773829e-07, 7.2032351877e-07],
      [1.0301207711e-05, 1.0305006478e-05, 1.0872648647e-06, 0.24998739572, 7.7027734488e-06, 6.2577040218e-09, 1.5464383428e-07, 0.49998364057, 1.0261987509e-05, 0.24998914457]
    ],
    [
      [0.27272726807, 0.090909102491, 5.8020943808e-10, 0.18181817392, 0.090909087444, 7.9719815268e-09, 0.18181817374, 4.0448317782e-09, 0.090909086983, 0.090909094758],
      [0.49999998826, 7.4088977702e-10, 9.4781952359e-11, 0.49999998814, 2.9489062136e-13, 5.4260109097e-14, 1.1753231929e-08, 1.0699307263e-08, 2.1007400925e-10, 1.0300529213e-10],
      [0.020833335203, 0.2499999934, 0.52083333323, 2.7646518645e-09, 0.020833334164, 0.062499998198, 0.062499999075, 2.1234387245e-09, 9.3176869411e-10, 0.06250000091],
      [0.16666666958, 0.055555565599, 7.6824164283e-13, 0.166666669, 2.4665367667e-09, 2.4477417109e-09, 2.186609652e-11, 0.33333331835, 0.11111111091, 0.16666666163],
      [0.14285714238, 2.4177302551e-10, 0.42857142175, 0.14285713686, 1.7694147816e-13, 3.1211620221e-12, 0.14285713643, 0.14285715562, 6.1132088806e-09, 5.9541219065e-10],
      [0.49999997712, 2.1396502473e-08, 1.0541299006e-09, 4.3371105507e-10, 2.1814479287e-08, 0.49999997693, 1.8926127319e-10, 5.1509354729e-12, 1.0531072567e-09, 1.9724900522e-12],
      [1.4097505483e-09, 0.33333331823, 1.4264626805e-08, 2.5235869059e-10, 1.2664614644e-10, 4.8081562209e-18, 7.5825127487e-12, 0.66666666444, 5.5835448339e-10, 7.0314700345e-10],
      [1.2306880553e-10, 9.5041364147e-10, 1.2289182876e-10, 0.14285714285, 0.28571427284, 1.2016970889e-10, 1.8641133565e-08, 0.14285714254, 0.28571427925, 0.14285714256]
    ],
    [
      [0.0001073754554, 0.00010783054304, 0.00032980339057, 2.3277438304e-05, 0, 0.25018926269, 0.24986264883, 5.6157484506e-06, 0.24968140125, 0.24969278465],
      [8.8342170286e-07, 0.00017405783565, 0.24998812478, 0.00033428240288, 0, 1.9430661489e-06, 0.24978632509, 0.24990111215, 0.00013941538101, 0.24967385587],
      [0.14278855356, 0.28577236258, 0.42826212101, 0.1426813852, 0, 1.3782227994e-05, 0.00018170376203, 1.3598598598e-05, 5.9477227051e-05, 0.000227015837],
      [0.15871209625, 0.079400678949, 2.0704548105e-05, 0.095198036672, 0, 0.015860727963, 0.063482719206, 0.015944853767, 0.15871921008, 0.41266097256],
      [0.24987961081, 0.12504311877, 0.25010079117, 0.0001707508645, 0, 5.8173842061e-05, 0.12485562956, 0.24972818643, 4.8481164382e-05, 0.00011525737931],
      [7.1266486399e-05, 0.19990035209, 8.3061289995e-05, 0.00018926440597, 0, 7.047537094e-05, 8.6502503725e-05, 0.59939326232, 0.20006304994, 0.00014276559059],
      [0.00022405864074, 0.24968327346, 0.24990510354, 0.00023040602509, 0, 0.24977239684, 2.040018429e-06, 0.00010660954855, 0.24988909357, 0.00018701835242],
      [0.00017911444837, 0.39952866602, 0.39974940074, 0.19981796018, 0, 1.0969498272e-06, 0.00028703178844, 0.00010677393274, 0.00014613689197, 0.00018381905151]
    ],
    [
      [0.14285605023, 3.5141124433e-08, 3.8383350459e-09, 0.28573021052, 1.1220287404e-06, 1.9963347148e-07, 0.28569570627, 8.4766098927e-06, 0.14284795422, 0.14286024151],
      [0.083329160348, 0.24999363339, 8.9477062529e-07, 0.25001523824, 4.7114710013e-06, 0.24998357185, 5.3745159695e-06, 0.083332574105, 0.083333546104, 1.2952126679e-06],
      [2.2679429645e-06, 7.2573854383e-07, 0.50000954466, 1.9355154773e-06, 0.24998359386, 1.9537458275e-06, 0.24998357507, 1.9272925963e-06, 7.3827335569e-10, 1.4475433049e-05],
      [0.20369908415, 0.074075972142, 1.0470896279e-06, 0.055553296282, 1.2420272872e-06, 0.018517614209, 0.018520215176, 0.074075095085, 0.16666798472, 0.38888844912],
      [1.884539813e-05, 3.0296300792e-06, 3.0204355057e-06, 0.33331399941, 2.6714397405e-09, 4.5308196711e-07, 1.8878319594e-05, 0.66662284527, 1.2235496023e-08, 1.8913551244e-05],
      [0.10001192722, 1.8251929989e-06, 0.29998593596, 1.0784082571e-06, 0.099993561572, 1.7750040628e-05, 0.19998699045, 1.0449694036e-06, 1.2089528208e-05, 0.29998779666],
      [2.0615272982e-08, 1.0298688006e-07, 2.8531810609e-12, 0.99993426388, 1.0852611073e-08, 1.3449453444e-06, 6.0562027604e-09, 8.6946712201e-09, 6.4229742981e-05, 1.2227065179e-08],
      [1.3586618968e-05, 0.11110481232, 2.8992780357e-06, 0.22221476445, 0.11111094763, 6.2837228808e-06, 1.2566294128e-05, 8.8183629163e-07, 0.44442282527, 0.11111043258]
    ],
    [
      [0.14058946933, 0.12507029397, 0.031449122018, 0.3433648881, 0, 4.6648421913e-06, 0.12507875683, 0.00010145285249, 0.10931482106, 0.12502653101],
      [0.18767086064, 2.245080091e-05, 2.1942950225e-05, 0.21857415839, 0, 9.6540854047e-07, 0.1249003322, 0.2342168278, 0.0001807244223, 0.23441173738],
      [0.14575415888, 0.072910623803, 0.23960312686, 0.17714007672, 0, 0.072835806867, 0.010475585042, 0.020937355426, 0.26033785479, 5.4116252521e-06],
      [0.2167996115, 0.058645139867, 2.7375314132e-07, 0.045965870231, 0, 0.0025695653266, 0.043389105543, 0.14791827848, 0.18620526715, 0.29850688815],
      [0.00015635327546, 0.015665973684, 0.031404405067, 0.2500144609, 0, 1.9116334307e-06, 0.21847534642, 0.46836642529, 0.015833192329, 8.1931402933e-05],
      [0.14564596618, 1.8487803995e-06, 0.4369353172, 0.16653821785, 0, 2.5603106733e-09, 0.14564447014, 0.083995261924, 0.00011833552425, 0.021120579847],
      [1.189127088e-05, 1.0951607508e-05, 3.4312979202e-05, 0.062644287537, 0, 2.4772786386e-10, 0.00030775426655, 0.062647483249, 0.43732084242, 0.43702247642],
      [0.018076583493, 0.017908273904, 9.2534827097e-06, 0.00026364239695, 0, 1.8080769974e-07, 0.018015570708, 0.17857312911, 0.12484372168, 0.64230964441]
    ],
    [
      [0.05235116403, 0.013185419106, 0.19465859743, 0.002803684025, 1.6025286083e-05, 0.17373800445, 0.21417486033, 0.0001572613276, 0.005293883949, 0.34362110007],
      [0.02697099947, 0.55495827107, 0.12135966757, 0.25117068196, 0.0039167795695, 0.019637691533, 0.0020332156098, 0.00021726363635, 0.018685988845, 0.0010494407338],
      [0.005327764611, 0.38408302501, 0.0040749067589, 0.00017027201061, 4.715544557e-05, 0.33990589591, 0.048395499209, 0.010465437925, 0.19714388998, 0.010386153138],
      [0.24540721155, 0.078583179932, 2.8388773143e-06, 0.020966276777, 0.031564522127, 0.026947026737, 0.056578673818, 0.046737293958, 0.13217435787, 0.36103861835],
      [0.0067745155552, 0.0048309489158, 0.043328429655, 0.56624652152, 0.28303086891, 7.0195889054e-05, 0.0046287180809, 0.090943593961, 4.6289064353e-05, 9.9918441578e-05],
      [0.0033239242285, 3.3418791837e-05, 0.0032468063259, 0.0163638926, 1.10168205e-05, 0.0066364342766, 0.055773794044, 0.84923963383, 0.05530216421, 0.010068914872],
      [0.0055437773478, 0.30598386603, 0.0032391763876, 0.20250867797, 0.0011590109404, 0.039148318504, 0.0086839389854, 0.28860680515, 0.1418904123, 0.0032360163886],
      [0.004058225512, 0.0026827891911, 0.000142128262, 0.17513509689, 0.00027499015826, 0.048098499766, 0.5409214342, 0.022203216528, 0.0078483123414, 0.19863530715]
    ],
    [
      [0.25328765492, 0.09813014826, 0.064148774144, 0.12499825952, 0.10747064822, 9.3288876716e-07, 0.19297502168, 0.033985761257, 0.026868179182, 0.098134619924],
      [0.34370047842, 0.083337624619, 4.6536313572e-08, 0.30540702207, 1.3146972018e-06, 0.039080861856, 0.046653745491, 0.071368673826, 0.063798445881, 0.046651786607],
      [0.038847820439, 0.18545661446, 0.24686824335, 0.073307948356, 2.1006678068e-06, 2.0812342057e-06, 0.20050526967, 0.073307835496, 0.030710533377, 0.15099155295],
      [0.12392849294, 0.034485866278, 1.413177286e-09, 0.068885797917, 0.075848949424, 0.035000931337, 0.050910636366, 0.099505643461, 0.17500454238, 0.33642913848],
      [0.21197742557, 0.085526981525, 0.045316627406, 0.035824431366, 0.13084016844, 0.13084009758, 0.035825264301, 0.24270229672, 0.035825371748, 0.04532133534],
      [0.067973199928, 3.5969882868e-06, 0.12170618264, 0.25657763186, 0.053737912446, 3.6460040763e-06, 0.053736119287, 0.12170593206, 0.12829392912, 0.19626184966],
      [0.060421459746, 0.080899227037, 7.5569292211e-07, 0.12866775832, 0.030209836725, 0.080899954089, 0.13499145331, 0.26168119422, 0.023882024598, 0.19834633626],
      [0.12828878109, 3.5317714701e-08, 5.5802396631e-08, 0.053734602075, 7.009088072e-06, 0.067971558339, 0.32455253526, 0.26423689407, 2.4575538701e-08, 0.16120850438]
    ],
    [
      [0.4443877017, 1.2879201368e-08, 5.727357179e-05, 0.33327689628, 5.3955265356e-05, 3.1470769334e-07, 3.631848594e-05, 2.0305484952e-06, 5.7988716884e-07, 0.22218491667],
      [0.49994371657, 5.4236566044e-05, 9.6357067744e-07, 5.558381759e-05, 1.3446331516e-06, 2.7046070799e-05, 0.16663947239, 0.16663816123, 1.725108083e-07, 0.16663930265],
      [0.16664067851, 1.5229746872e-06, 0.3333044046, 6.7448837917e-07, 2.1635885018e-07, 0.16663868538, 8.0942930842e-05, 9.3040692949e-08, 0.16666651227, 0.16666626944],
      [0.17243658796, 0.034476975946, 1.0225849351e-08, 0.017241293546, 0.086195328302, 0.017241475236, 0.068954069913, 0.12069232455, 0.15517239516, 0.32758953915],
      [0.16664130597, 2.4432857249e-08, 0.49994167993, 1.6497218078e-06, 1.4565704243e-08, 1.2808112217e-06, 1.7419398809e-07, 0.33333246277, 2.7351026988e-05, 5.4056575135e-05],
      [0.20000090488, 2.7404902701e-10, 3.4477906063e-05, 0.19996707424, 3.2806119759e-05, 1.1144179799e-07, 7.1451930721e-08, 6.7347128803e-05, 0.19996575612, 0.39993145044],
      [0.16663824304, 1.2984301662e-11, 0.16663813635, 0.16669351137, 3.06618112e-05, 0.16669340483, 2.6949917006e-05, 0.16663904527, 4.7705831613e-07, 0.16663957033],
      [9.8477098257e-08, 1.4347868545e-07, 1.1212672853e-07, 4.2255043527e-05, 0.24995697656, 0.24995713604, 0.24996287122, 0.2499578979, 9.1870146947e-10, 0.00012250823568]
    ],
    [
      [0.25017004383, 0.00031380572269, 0.00049133107317, 0.24954357393, 1.8948547901e-06, 0.00019431841771, 0.2493794615, 7.26714088e-05, 0.00068739654736, 0.24914550271],
      [0.00027250109695, 0.00051427657022, 0.33284758007, 0.33239072425, 2.3838055887e-05, 0.33232063838, 1.1009870404e-06, 0.0014491535276, 1.8961083567e-07, 0.00017999744868],
      [0.16638797477, 0.00083323412726, 0.33314560558, 0.00020947871473, 2.9049135686e-05, 0.16635494077, 5.8600627744e-05, 0.16608073892, 0.00038958923708, 0.16651078812],
      [0.16657917885, 0.00037393917547, 7.075486477e-06, 0.00073388912878, 0.00038822436826, 0.1662267424, 9.0766242224e-05, 0.33235277263, 0.16621516773, 0.16703224398],
      [0.19374855559, 0.16099740202, 0.080588241553, 0.11303224515, 6.7781853569e-06, 6.157706893e-05, 2.949589044e-05, 0.40316929421, 1.4136695701e-05, 0.048352273641],
      [0.39865799053, 0.00048875375899, 0.19967318725, 0.00025131415537, 3.2992695522e-07, 3.487289037e-05, 0.19938613707, 0.20013781327, 7.5241551273e-05, 0.0012943596033],
      [0.099723069523, 0.00038148618374, 0.00040170032526, 0.29898295041, 0.099636541777, 0.10026703483, 0.00017439537838, 0.10092873483, 0.19954949529, 0.099954591439],
      [0.24944207635, 0.0004653379755, 0.00043048332559, 0.24997701259, 0.00015748762328, 2.70552652e-05, 0.00026981637051, 0.24957203215, 0.00021841683499, 0.24944028151]
    ],
    [
      [9.0584229835e-08, 1.4484712938e-09, 3.3166597898e-10, 2.801307643e-10, 0.3333243453, 4.0233844216e-05, 0.33328435564, 3.4794366605e-07, 5.7607768813e-05, 0.33329301686],
      [0.39997044616, 0.19997605008, 2.4256407394e-05, 0.19997582348, 5.2663047329e-06, 0.20002394052, 2.8839177649e-08, 1.7016635484e-08, 2.761940072e-09, 2.4168420668e-05],
      [1.3817975092e-09, 1.7698032259e-07, 0.24997643578, 6.5738647603e-06, 1.1097261332e-08, 0.24996344935, 6.6694268398e-05, 3.0070265595e-05, 0.49992637719, 3.0209825553e-05],
      [0.37494825491, 3.674299621e-05, 4.4317903703e-09, 3.3062532792e-06, 3.670235774e-05, 0.12498159538, 1.186650263e-09, 0.12499670097, 0.24997831462, 0.12501837689],
