{
  "Z_true": {},
  "V_true": [
    [38, 88, 885, 536],
    [147, 1855, 460, 233],
    [233, 7690, 266, 204],
    [206, 508, 14751, 379],
    [1553, 1126, 713, 175],
    [92, 331, 307, 333]
  ],
  "p_true": [
    [0.0246, 0.0569, 0.5721, 0.3465],
    [0.0545, 0.6883, 0.1707, 0.0865],
    [0.0278, 0.9162, 0.0317, 0.0243],
    [0.013, 0.0321, 0.931, 0.0239],
    [0.4354, 0.3157, 0.1999, 0.0491],
    [0.0865, 0.3114, 0.2888, 0.3133]
  ],
  "Z_est": [
    [
      [4.5024, 0.3752, 0.7504, 0, 0.1876, 7.3164, 17.6344, 6.566, 7.504, 4.69, 8.0668, 12.9444, 3.9396, 3.9396, 14.07, 1.5008, 0, 0.1876, 0, 8.2544, 0.3752, 0.7504, 0, 3.5644, 0.938, 4.1272, 3.752, 9.9428, 3.1892, 0.3752, 6.7536, 8.2544, 8.0668, 4.8776, 1.876, 0.3752, 0, 3.3768, 0.5628, 8.8172, 3.0016, 2.6264, 5.628, 1.3132, 0, 2.4388, 79.3548, 5.8156, 14.8204, 2.814],
      [5.268, 0.439, 0.878, 0, 0.2195, 8.5605, 20.633, 7.6825, 8.78, 5.4875, 9.4385, 15.1455, 4.6095, 4.6095, 16.4625, 1.756, 0, 0.2195, 0, 9.658, 0.439, 0.878, 0, 4.1705, 1.0975, 4.829, 4.39, 11.6335, 3.7315, 0.439, 7.902, 9.658, 9.4385, 5.707, 2.195, 0.439, 0, 3.951, 0.6585, 10.3165, 3.512, 3.073, 6.585, 1.5365, 0, 2.8535, 92.8485, 6.8045, 17.3405, 3.2925],
      [8.7192, 0.7266, 1.4532, 0, 0.3633, 14.1687, 34.1502, 12.7155, 14.532, 9.0825, 15.6219, 25.0677, 7.6293, 7.6293, 27.2475, 2.9064, 0, 0.3633, 0, 15.9852, 0.7266, 1.4532, 0, 6.9027, 1.8165, 7.9926, 7.266, 19.2549, 6.1761, 0.7266, 13.0788, 15.9852, 15.6219, 9.4458, 3.633, 0.7266, 0, 6.5394, 1.0899, 17.0751, 5.8128, 5.0862, 10.899, 2.5431, 0, 4.7229, 153.6759, 11.2623, 28.7007, 5.4495],
      [5.5128, 0.4594, 0.9188, 0, 0.2297, 8.9583, 21.5918, 8.0395, 9.188, 5.7425, 9.8771, 15.8493, 4.8237, 4.8237, 17.2275, 1.8376, 0, 0.2297, 0, 10.1068, 0.4594, 0.9188, 0, 4.3643, 1.1485, 5.0534, 4.594, 12.1741, 3.9049, 0.4594, 8.2692, 10.1068, 9.8771, 5.9722, 2.297, 0.4594, 0, 4.1346, 0.6891, 10.7959, 3.6752, 3.2158, 6.891, 1.6079, 0, 2.9861, 97.1631, 7.1207, 18.1463, 3.4455]
    ],
    [
      [6.6256, 0.404, 0.4848, 0.3232, 0.3232, 5.4136, 11.4736, 2.5048, 3.5552, 2.1816, 5.0904, 10.504, 3.0704, 3.1512, 8.2416, 4.2016, 0.2424, 0.3232, 0.404, 8.6456, 0.4848, 0.7272, 0.1616, 0.404, 0, 6.5448, 2.6664, 5.0096, 2.828, 1.1312, 4.848, 4.1208, 5.3328, 3.5552, 0.404, 0.6464, 0.0808, 1.2928, 0.3232, 5.3328, 2.9088, 2.3432, 0.0808, 0.8888, 0, 1.9392, 55.5904, 7.5952, 17.2104, 6.1408],
      [51.4058, 3.1345, 3.7614, 2.5076, 2.5076, 42.0023, 89.0198, 19.4339, 27.5836, 16.9263, 39.4947, 81.497, 23.8222, 24.4491, 63.9438, 32.5988, 1.8807, 2.5076, 3.1345, 67.0783, 3.7614, 5.6421, 1.2538, 3.1345, 0, 50.7789, 20.6877, 38.8678, 21.9415, 8.7766, 37.614, 31.9719, 41.3754, 27.5836, 3.1345, 5.0152, 0.6269, 10.0304, 2.5076, 41.3754, 22.5684, 18.1801, 0.6269, 6.8959, 0, 15.0456, 431.3072, 58.9286, 133.5297, 47.6444],
      [14.7026, 0.8965, 1.0758, 0.7172, 0.7172, 12.0131, 25.4606, 5.5583, 7.8892, 4.8411, 11.2959, 23.309, 6.8134, 6.9927, 18.2886, 9.3236, 0.5379, 0.7172, 0.8965, 19.1851, 1.0758, 1.6137, 0.3586, 0.8965, 0, 14.5233, 5.9169, 11.1166, 6.2755, 2.5102, 10.758, 9.1443, 11.8338, 7.8892, 0.8965, 1.4344, 0.1793, 2.8688, 0.7172, 11.8338, 6.4548, 5.1997, 0.1793, 1.9723, 0, 4.3032, 123.3584, 16.8542, 38.1909, 13.6268],
      [9.266, 0.565, 0.678, 0.452, 0.452, 7.571, 16.046, 3.503, 4.972, 3.051, 7.119, 14.69, 4.294, 4.407, 11.526, 5.876, 0.339, 0.452, 0.565, 12.091, 0.678, 1.017, 0.226, 0.565, 0, 9.153, 3.729, 7.006, 3.955, 1.582, 6.78, 5.763, 7.458, 4.972, 0.565, 0.904, 0.113, 1.808, 0.452, 7.458, 4.068, 3.277, 0.113, 1.243, 0, 2.712, 77.744, 10.622, 24.069, 8.588]
    ],
    [
      [6.622, 0.5719, 0.1505, 0.1204, 0.4816, 9.6621, 12.7925, 3.5217, 4.0334, 1.2341, 6.8026, 13.3644, 5.5384, 2.3779, 8.6086, 2.1371, 0.1505, 0.1505, 0.1806, 7.0434, 0.3612, 0.3311, 0.2107, 0.1806, 0.1204, 6.5016, 5.5685, 10.1738, 4.3946, 4.3946, 10.3544, 7.7357, 5.3879, 3.1605, 0.4214, 0.3612, 0.1505, 1.806, 0.2408, 5.2374, 3.4013, 2.6488, 1.3846, 1.5953, 0.0301, 3.4314, 61.5244, 7.0434, 16.9463, 1.9866],
      [197.582, 17.0639, 4.4905, 3.5924, 14.3696, 288.2901, 381.6925, 105.0777, 120.3454, 36.8221, 202.9706, 398.7564, 165.2504, 70.9499, 256.8566, 63.7651, 4.4905, 4.4905, 5.3886, 210.1554, 10.7772, 9.8791, 6.2867, 5.3886, 3.5924, 193.9896, 166.1485, 303.5578, 131.1226, 131.1226, 308.9464, 230.8117, 160.7599, 94.3005, 12.5734, 10.7772, 4.4905, 53.886, 7.1848, 156.2694, 101.4853, 79.0328, 41.3126, 47.5993, 0.8981, 102.3834, 1835.7164, 210.1554, 505.6303, 59.2746],
      [8.668, 0.7486, 0.197, 0.1576, 0.6304, 12.6474, 16.745, 4.6098, 5.2796, 1.6154, 8.9044, 17.4936, 7.2496, 3.1126, 11.2684, 2.7974, 0.197, 0.197, 0.2364, 9.2196, 0.4728, 0.4334, 0.2758, 0.2364, 0.1576, 8.5104, 7.289, 13.3172, 5.7524, 5.7524, 13.5536, 10.1258, 7.0526, 4.137, 0.5516, 0.4728, 0.197, 2.364, 0.3152, 6.8556, 4.4522, 3.4672, 1.8124, 2.0882, 0.0394, 4.4916, 80.5336, 9.2196, 22.1822, 2.6004],
      [7.15, 0.6175, 0.1625, 0.13, 0.52, 10.4325, 13.8125, 3.8025, 4.355, 1.3325, 7.345, 14.43, 5.98, 2.5675, 9.295, 2.3075, 0.1625, 0.1625, 0.195, 7.605, 0.39, 0.3575, 0.2275, 0.195, 0.13, 7.02, 6.0125, 10.985, 4.745, 4.745, 11.18, 8.3525, 5.8175, 3.4125, 0.455, 0.39, 0.1625, 1.95, 0.26, 5.655, 3.6725, 2.86, 1.495, 1.7225, 0.0325, 3.705, 66.43, 7.605, 18.2975, 2.145]
    ],
    [
      [6.612, 0.3078, 0.3876, 0.171, 0.1482, 3.7164, 11.856, 2.8842, 3.0324, 4.617, 4.4688, 6.3726, 2.0178, 1.767, 5.8368, 1.8012, 0.1026, 0.1482, 0.1596, 6.7032, 0.114, 0.1368, 0.7182, 1.3224, 0.114, 3.192, 2.0634, 3.4542, 2.9982, 1.1514, 4.1496, 3.4656, 5.3808, 4.0128, 1.3566, 0.7524, 0.1254, 2.8956, 0.3648, 6.0192, 2.7132, 1.8924, 0.8664, 0.9234, 0.1254, 2.736, 48.2562, 3.534, 10.3968, 2.28],
      [17.168, 0.7992, 1.0064, 0.444, 0.3848, 9.6496, 30.784, 7.4888, 7.8736, 11.988, 11.6032, 16.5464, 5.2392, 4.588, 15.1552, 4.6768, 0.2664, 0.3848, 0.4144, 17.4048, 0.296, 0.3552, 1.8648, 3.4336, 0.296, 8.288, 5.3576, 8.9688, 7.7848, 2.9896, 10.7744, 8.9984, 13.9712, 10.4192, 3.5224, 1.9536, 0.3256, 7.5184, 0.9472, 15.6288, 7.0448, 4.9136, 2.2496, 2.3976, 0.3256, 7.104, 125.2968, 9.176, 26.9952, 5.92],
      [549.318, 25.5717, 32.2014, 14.2065, 12.3123, 308.7546, 984.984, 239.6163, 251.9286, 383.5755, 371.2632, 529.4289, 167.6367, 146.8005, 484.9152, 149.6418, 8.5239, 12.3123, 13.2594, 556.8948, 9.471, 11.3652, 59.6673, 109.8636, 9.471, 265.188, 171.4251, 286.9713, 249.0873, 95.6571, 344.7444, 287.9184, 447.0312, 333.3792, 112.7049, 62.5086, 10.4181, 240.5634, 30.3072, 500.0688, 225.4098, 157.2186, 71.9796, 76.7151, 10.4181, 227.304, 4009.0743, 293.601, 863.7552, 189.42],
      [6.902, 0.3213, 0.4046, 0.1785, 0.1547, 3.8794, 12.376, 3.0107, 3.1654, 4.8195, 4.6648, 6.6521, 2.1063, 1.8445, 6.0928, 1.8802, 0.1071, 0.1547, 0.1666, 6.9972, 0.119, 0.1428, 0.7497, 1.3804, 0.119, 3.332, 2.1539, 3.6057, 3.1297, 1.2019, 4.3316, 3.6176, 5.6168, 4.1888, 1.4161, 0.7854, 0.1309, 3.0226, 0.3808, 6.2832, 2.8322, 1.9754, 0.9044, 0.9639, 0.1309, 2.856, 50.3727, 3.689, 10.8528, 2.38]
    ],
    [
      [31.3698, 1.617, 0.9702, 0.6468, 0.6468, 40.7484, 68.2374, 21.3444, 29.106, 7.1148, 28.4592, 74.382, 22.3146, 11.319, 39.1314, 6.468, 0.6468, 1.2936, 1.2936, 26.5188, 0.3234, 1.2936, 2.2638, 1.617, 2.5872, 26.8422, 19.0806, 31.6932, 27.489, 10.3488, 47.5398, 36.8676, 25.5486, 19.0806, 5.1744, 1.9404, 0.9702, 7.1148, 0.3234, 33.6336, 13.5828, 8.4084, 25.5486, 4.2042, 0.9702, 9.3786, 289.443, 19.404, 60.7992, 6.468],
      [32.8733, 1.6945, 1.0167, 0.6778, 0.6778, 42.7014, 71.5079, 22.3674, 30.501, 7.4558, 29.8232, 77.947, 23.3841, 11.8615, 41.0069, 6.778, 0.6778, 1.3556, 1.3556, 27.7898, 0.3389, 1.3556, 2.3723, 1.6945, 2.7112, 28.1287, 19.9951, 33.2122, 28.8065, 10.8448, 49.8183, 38.6346, 26.7731, 19.9951, 5.4224, 2.0334, 1.0167, 7.4558, 0.3389, 35.2456, 14.2338, 8.8114, 26.7731, 4.4057, 1.0167, 9.8281, 303.3155, 20.334, 63.7132, 6.778],
      [19.497, 1.005, 0.603, 0.402, 0.402, 25.326, 42.411, 13.266, 18.09, 4.422, 17.688, 46.23, 13.869, 7.035, 24.321, 4.02, 0.402, 0.804, 0.804, 16.482, 0.201, 0.804, 1.407, 1.005, 1.608, 16.683, 11.859, 19.698, 17.085, 6.432, 29.547, 22.914, 15.879, 11.859, 3.216, 1.206, 0.603, 4.422, 0.201, 20.904, 8.442, 5.226, 15.879, 2.613, 0.603, 5.829, 179.895, 12.06, 37.788, 4.02],
      [13.2599, 0.6835, 0.4101, 0.2734, 0.2734, 17.2242, 28.8437, 9.0222, 12.303, 3.0074, 12.0296, 31.441, 9.4323, 4.7845, 16.5407, 2.734, 0.2734, 0.5468, 0.5468, 11.2094, 0.1367, 0.5468, 0.9569, 0.6835, 1.0936, 11.3461, 8.0653, 13.3966, 11.6195, 4.3744, 20.0949, 15.5838, 10.7993, 8.0653, 2.1872, 0.8202, 0.4101, 3.0074, 0.1367, 14.2168, 5.7414, 3.5542, 10.7993, 1.7771, 0.4101, 3.9643, 122.3465, 8.202, 25.6996, 2.734]
    ],
    [
      [4.3848, 0.1827, 0.1827, 0, 0.3654, 6.2118, 8.4042, 4.9329, 3.4713, 1.2789, 6.0291, 12.789, 2.3751, 3.4713, 4.5675, 3.1059, 0, 0.3654, 0.1827, 4.9329, 0.1827, 0.7308, 0.1827, 0.5481, 0.1827, 4.0194, 2.1924, 3.4713, 3.1059, 2.7405, 5.1156, 2.9232, 6.3945, 3.8367, 0.9135, 0.1827, 0.3654, 2.3751, 0.1827, 6.2118, 3.1059, 1.827, 1.2789, 0.7308, 0.1827, 3.4713, 41.8383, 6.9426, 18.8181, 2.9232],
      [7.4832, 0.3118, 0.3118, 0, 0.6236, 10.6012, 14.3428, 8.4186, 5.9242, 2.1826, 10.2894, 21.826, 4.0534, 5.9242, 7.795, 5.3006, 0, 0.6236, 0.3118, 8.4186, 0.3118, 1.2472, 0.3118, 0.9354, 0.3118, 6.8596, 3.7416, 5.9242, 5.3006, 4.677, 8.7304, 4.9888, 10.913, 6.5478, 1.559, 0.3118, 0.6236, 4.0534, 0.3118, 10.6012, 5.3006, 3.118, 2.1826, 1.2472, 0.3118, 5.9242, 71.4022, 11.8484, 32.1154, 4.9888],
      [5.9664, 0.2486, 0.2486, 0, 0.4972, 8.4524, 11.4356, 6.7122, 4.7234, 1.7402, 8.2038, 17.402, 3.2318, 4.7234, 6.215, 4.2262, 0, 0.4972, 0.2486, 6.7122, 0.2486, 0.9944, 0.2486, 0.7458, 0.2486, 5.4692, 2.9832, 4.7234, 4.2262, 3.729, 6.9608, 3.9776, 8.701, 5.2206, 1.243, 0.2486, 0.4972, 3.2318, 0.2486, 8.4524, 4.2262, 2.486, 1.7402, 0.9944, 0.2486, 4.7234, 56.9294, 9.4468, 25.6058, 3.9776],
      [6.1656, 0.2569, 0.2569, 0, 0.5138, 8.7346, 11.8174, 6.9363, 4.8811, 1.7983, 8.4777, 17.983, 3.3397, 4.8811, 6.4225, 4.3673, 0, 0.5138, 0.2569, 6.9363, 0.2569, 1.0276, 0.2569, 0.7707, 0.2569, 5.6518, 3.0828, 4.8811, 4.3673, 3.8535, 7.1932, 4.1104, 8.9915, 5.3949, 1.2845, 0.2569, 0.5138, 3.3397, 0.2569, 8.7346, 4.3673, 2.569, 1.7983, 1.0276, 0.2569, 4.8811, 58.8301, 9.7622, 26.4607, 4.1104]
    ]
  ],
  "V_est": [
    [290.2172, 339.5665, 562.0251, 355.3459],
    [217.756, 1689.4955, 483.2135, 304.535],
    [252.6293, 7537.7533, 330.6842, 272.7725],
    [180.6216, 468.9824, 15005.8524, 188.5436],
    [1153.5678, 1208.8563, 716.967, 487.6089],
    [194.2101, 331.4434, 264.2618, 273.0847]
  ],
  "p_est": [
    [0.1876, 0.2195, 0.3633, 0.2297],
    [0.0808, 0.6269, 0.1793, 0.113],
    [0.0301, 0.8981, 0.0394, 0.0325],
    [0.0114, 0.0296, 0.9471, 0.0119],
    [0.3234, 0.3389, 0.201, 0.1367],
    [0.1827, 0.3118, 0.2486, 0.2569]
  ],
  "EI_Z": {},
  "EI_V": 4.7685,
  "MAE_Z": {},
  "MAE_V": 131.5679,
  "MAE_p": 0.0525,
  "runtime": 124.97
}
