{
  "X": [
    [2, 5, 2, 2],
    [9, 196, 143, 17],
    [147, 1505, 1258, 189],
    [48, 201, 209, 29],
    [8, 63, 52, 3],
    [114, 571, 682, 69],
    [6, 92, 104, 17],
    [8, 76, 124, 19],
    [14, 150, 136, 15],
    [7, 33, 49, 9],
    [4, 11, 13, 0],
    [8, 37, 37, 7],
    [156, 965, 725, 149],
    [5, 24, 22, 4],
    [249, 1498, 1759, 231],
    [6, 72, 77, 12],
    [2, 105, 47, 12],
    [13, 125, 137, 30],
    [70, 1077, 1546, 264],
    [3, 9, 36, 0],
    [0, 6, 12, 0],
    [4, 16, 29, 4],
    [1, 1, 48, 3],
    [3, 6, 19, 7],
    [1, 1, 30, 0],
    [14, 133, 202, 26],
    [18, 296, 180, 47],
    [2, 22, 11, 7],
    [36, 136, 91, 17],
    [30, 146, 88, 11],
    [4, 37, 26, 5],
    [21, 233, 242, 39],
    [10, 164, 301, 46],
    [80, 525, 815, 102],
    [3, 27, 34, 10],
    [6, 22, 22, 5],
    [1, 19, 28, 3],
    [33, 349, 947, 95],
    [3, 42, 89, 12],
    [5, 67, 74, 21],
    [15, 153, 201, 37],
    [7, 127, 98, 26],
    [19, 180, 209, 31],
    [26, 157, 285, 26],
    [1, 4, 20, 5],
    [1, 14, 169, 8],
    [3, 13, 76, 2],
    [5, 18, 112, 19],
    [21, 144, 247, 24],
    [0, 5, 4, 2],
    [2, 8, 4, 1],
    [0, 3, 50, 6],
    [7, 15, 115, 5],
    [2, 18, 91, 10],
    [0, 1, 8, 1],
    [0, 0, 51, 2],
    [2, 31, 70, 3],
    [17, 127, 145, 22],
    [17, 60, 78, 8],
    [43, 232, 380, 55],
    [2, 21, 65, 3],
    [8, 77, 65, 11],
    [6, 106, 258, 42],
    [7, 80, 176, 36],
    [11, 83, 165, 19],
    [10, 158, 282, 60],
    [6, 85, 174, 27],
    [0, 0, 10, 0],
    [0, 7, 63, 4],
    [0, 12, 60, 5],
    [0, 1, 8, 0],
    [0, 4, 3, 3],
    [0, 3, 5, 0],
    [0, 3, 6, 0],
    [1, 4, 9, 0],
    [1, 2, 4, 0],
    [1, 1, 60, 8],
    [1, 6, 12, 1],
    [7, 35, 46, 13],
    [0, 0, 7, 0],
    [2, 15, 155, 9],
    [0, 0, 37, 1],
    [5, 29, 105, 9],
    [2, 28, 74, 12],
    [0, 5, 80, 4],
    [1, 7, 52, 5],
    [1, 37, 61, 22],
    [2, 41, 46, 20],
    [0, 37, 67, 6],
    [0, 4, 53, 2],
    [1, 22, 166, 14],
    [0, 2, 86, 5],
    [8, 94, 202, 27],
    [2, 10, 78, 6],
    [48, 253, 202, 49],
    [14, 47, 42, 5],
    [3, 37, 240, 20],
    [4, 73, 122, 18],
    [32, 164, 146, 30],
    [0, 18, 28, 5],
    [1, 41, 126, 14],
    [8, 53, 121, 27],
    [11, 67, 149, 20],
    [3, 36, 104, 8],
    [1, 15, 151, 12],
    [0, 5, 82, 5],
    [1, 13, 80, 12],
    [1, 9, 63, 6],
    [0, 10, 31, 3],
    [0, 6, 16, 2],
    [2, 0, 2, 2],
    [0, 2, 8, 2],
    [1, 8, 21, 0],
    [1, 23, 93, 6],
    [7, 70, 191, 23],
    [5, 49, 206, 13],
    [128, 320, 231, 54],
    [252, 1017, 918, 258],
    [177, 597, 995, 200],
    [0, 5, 8, 1]
  ],
  "W": [
    [0, 0, 8, 2, 1],
    [48, 21, 189, 91, 16],
    [353, 182, 1529, 863, 172],
    [62, 54, 216, 121, 34],
    [19, 16, 60, 30, 1],
    [212, 125, 587, 452, 60],
    [25, 8, 86, 78, 22],
    [39, 2, 81, 80, 25],
    [37, 23, 143, 99, 13],
    [20, 4, 39, 26, 9],
    [2, 1, 14, 11, 0],
    [4, 16, 36, 26, 7],
    [205, 189, 1016, 443, 142],
    [6, 8, 24, 13, 4],
    [439, 263, 1601, 1201, 233],
    [13, 3, 79, 58, 14],
    [12, 4, 106, 28, 16],
    [30, 6, 135, 105, 29],
    [351, 58, 1143, 1130, 275],
    [6, 3, 12, 26, 1],
    [4, 1, 5, 8, 0],
    [7, 4, 18, 18, 6],
    [5, 2, 12, 32, 2],
    [5, 2, 9, 17, 2],
    [7, 0, 2, 22, 1],
    [35, 18, 127, 156, 39],
    [37, 14, 303, 131, 56],
    [1, 1, 21, 11, 8],
    [29, 32, 149, 54, 16],
    [19, 32, 152, 60, 12],
    [7, 7, 37, 17, 4],
    [60, 26, 234, 173, 42],
    [71, 12, 169, 217, 52],
    [269, 90, 519, 537, 107],
    [19, 7, 23, 22, 3],
    [7, 2, 27, 15, 4],
    [7, 1, 20, 22, 1],
    [164, 32, 374, 766, 88],
    [32, 3, 46, 50, 15],
    [4, 2, 74, 80, 7],
    [57, 14, 159, 142, 34],
    [32, 11, 116, 73, 26],
    [62, 16, 190, 142, 29],
    [93, 27, 176, 170, 28],
    [6, 0, 5, 15, 4],
    [37, 0, 17, 131, 7],
    [17, 0, 14, 53, 10],
    [27, 2, 20, 86, 19],
    [66, 13, 162, 167, 28],
    [3, 0, 2, 1, 5],
    [1, 1, 9, 3, 1],
    [11, 0, 7, 36, 5],
    [21, 5, 21, 85, 10],
    [23, 3, 18, 68, 9],
    [0, 0, 4, 6, 0],
    [7, 0, 1, 41, 4],
    [13, 1, 37, 52, 3],
    [48, 16, 130, 94, 23],
    [22, 17, 62, 54, 8],
    [77, 44, 264, 275, 50],
    [14, 3, 19, 48, 7],
    [33, 15, 71, 34, 8],
    [49, 5, 124, 186, 48],
    [45, 3, 86, 133, 32],
    [54, 5, 97, 99, 23],
    [68, 7, 172, 201, 62],
    [44, 5, 100, 123, 20],
    [1, 0, 0, 9, 0],
    [9, 0, 7, 55, 3],
    [14, 0, 12, 44, 7],
    [0, 0, 0, 9, 0],
    [1, 0, 5, 4, 0],
    [1, 1, 2, 3, 1],
    [3, 0, 3, 3, 0],
    [1, 1, 4, 8, 0],
    [0, 2, 2, 3, 0],
    [8, 0, 2, 54, 6],
    [1, 2, 5, 12, 0],
    [9, 2, 41, 40, 9],
    [2, 0, 5, 0, 0],
    [32, 1, 20, 121, 7],
    [5, 0, 2, 30, 1],
    [23, 3, 33, 81, 8],
    [24, 8, 29, 52, 3],
    [11, 1, 8, 65, 4],
    [12, 2, 6, 40, 5],
    [12, 0, 38, 47, 24],
    [9, 3, 44, 34, 19],
    [13, 1, 30, 53, 13],
    [12, 1, 6, 37, 3],
    [37, 1, 26, 123, 16],
    [16, 0, 5, 65, 7],
    [33, 5, 100, 168, 25],
    [18, 1, 10, 59, 8],
    [68, 51, 264, 121, 48],
    [6, 13, 60, 25, 4],
    [48, 2, 44, 191, 15],
    [26, 4, 78, 86, 23],
    [35, 32, 179, 90, 36],
    [10, 2, 19, 18, 2],
    [36, 1, 42, 88, 15],
    [46, 8, 59, 79, 17],
    [42, 8, 80, 100, 17],
    [21, 0, 43, 82, 5],
    [34, 0, 20, 116, 9],
    [20, 0, 5, 61, 6],
    [20, 2, 15, 60, 9],
    [7, 0, 8, 56, 8],
    [4, 0, 10, 27, 3],
    [6, 0, 8, 7, 3],
    [1, 0, 2, 1, 2],
    [1, 1, 2, 7, 1],
    [6, 0, 8, 15, 1],
    [16, 2, 27, 73, 5],
    [28, 0, 84, 158, 21],
    [30, 3, 61, 165, 14],
    [49, 105, 361, 153, 65],
    [252, 206, 1104, 664, 219],
    [262, 107, 711, 711, 178],
    [2, 1, 5, 6, 0]
  ],
  "method": "mvn_pdf",
  "cond_prob": [
    [
      [0.024268902541, 0.032478559471, 0.76569179931, 0.17756073868],
      [0.99941880172, 0.00051538304963, 2.0319699331e-05, 4.5495532459e-05],
      [0.25, 0.62352628328, 0.035645885514, 0.09082783121],
      [0, 0, 0.85331875587, 0.14668124413],
      [0, 0.011789733793, 0.0081954041415, 0.98001486207]
    ],
    [
      [0, 0.086315797725, 0.87096237153, 0.042721830746],
      [0.33827890645, 0.62945343632, 0.025262400762, 0.0070052564739],
      [0.008760501518, 0.92210093541, 0.05127111852, 0.017867444549],
      [0, 0.015195503609, 0.94933897241, 0.035465523978],
      [0.015025511104, 0.18615324532, 0.28645049129, 0.51237075228]
    ],
    [
      [0.0027299751095, 0.075941514922, 0.86996299119, 0.051365518779],
      [0.46772299181, 0.50137054674, 0.023210848579, 0.0076956128681],
      [0.037260718913, 0.88194943386, 0.056608601793, 0.02418124543],
      [0, 0.014036930744, 0.94335384966, 0.042609219591],
      [0.022901715457, 0.15307354718, 0.26749863527, 0.55652610209]
    ],
    [
      [0.0032848405431, 0.041250941407, 0.91996848805, 0.035495729998],
      [0.60337873986, 0.35856658669, 0.031268755781, 0.006785917666],
      [0.065518891036, 0.80812772582, 0.098904260819, 0.027449122321],
      [0.00062675263762, 0.0071426280457, 0.9639020377, 0.02832858162],
      [0.028999129437, 0.10764703471, 0.36111688325, 0.50223695261]
    ],
    [
      [0.00039435861306, 0.054189086882, 0.915396574, 0.030019980509],
      [0.40608571076, 0.55312278104, 0.0342377072, 0.0065538009995],
      [0.024637670752, 0.87903277493, 0.077582303535, 0.018747250784],
      [0, 0.0076935288171, 0.96804274219, 0.024263728995],
      [0.016875569053, 0.14767049233, 0.36344130113, 0.47201263748]
    ],
    [
      [0.0044013345072, 0.062039473537, 0.89165187275, 0.041907319201],
      [0.58928950792, 0.38292860385, 0.022103566748, 0.0056783214833],
      [0.063106815736, 0.84586464649, 0.068654461491, 0.02237407628],
      [0.0005596482138, 0.011005687794, 0.95450370036, 0.033930963635],
      [0.03515111274, 0.14140729591, 0.30785026126, 0.51559133008]
    ],
    [
      [0.0024309063557, 0.10052337134, 0.85105631062, 0.045989411686],
      [0.4033336834, 0.57261793047, 0.018312682028, 0.0057357041021],
      [0.025926638755, 0.91755645378, 0.039692331494, 0.016824575974],
      [0, 0.018864182615, 0.94183485028, 0.039300967103],
      [0.021948497317, 0.20566868199, 0.25911054309, 0.5132722776]
    ],
    [
      [0.0054025222797, 0.061447733653, 0.89176595047, 0.041383793603],
      [0.61903823801, 0.35643804155, 0.019381460393, 0.0051422600443],
      [0.067085613175, 0.84686901538, 0.064289055468, 0.021756315976],
      [0.0022695573891, 0.0092511639842, 0.95469182544, 0.033787453183],
      [0.037429035871, 0.14216715759, 0.30398421931, 0.51641958723]
    ],
    [
      [0.0022095333727, 0.089597437855, 0.86264267147, 0.045550357301],
      [0.41844797958, 0.5547463966, 0.020553731916, 0.0062518918962],
      [0.028025574621, 0.90781406194, 0.045906985806, 0.018253377634],
      [0, 0.017074221219, 0.94479568112, 0.038130097664],
      [0.02202204338, 0.1859976092, 0.27000107082, 0.5219792766]
    ],
    [
      [0.004409112005, 0.037948284147, 0.90736164406, 0.050280959791],
      [0.72995025118, 0.24385324105, 0.019653901624, 0.006542606147],
      [0.094191182407, 0.77906377824, 0.087952475982, 0.038792563374],
      [0.00036385090754, 0.0047727681299, 0.95373808623, 0.041125294733],
      [0.034344501968, 0.08422689225, 0.2829794119, 0.59844919388]
    ],
    [
      [0.018966590532, 0.089485786165, 0.8915476233, 0],
      [0.96713565074, 0.031664653076, 0.0011996961829, 0],
      [0.21392365487, 0.75455409202, 0.03152225311, 0],
      [0, 0.020509680575, 0.97949031942, 0],
      [0.32755754884, 0.17187009224, 0.28196046023, 0.2186118987]
    ],
    [
      [0.00073127772637, 0.02479564014, 0.93697255673, 0.037500525408],
      [0.43125494601, 0.49214321805, 0.059652608388, 0.016949227546],
      [0.028859751727, 0.78800343572, 0.13525625344, 0.047880559111],
      [0, 0.0079035805423, 0.96012824192, 0.031968177535],
      [0.0082920986724, 0.064701310072, 0.35215837501, 0.57484821625]
    ],
    [
      [0.0030461547793, 0.054545132965, 0.8891876951, 0.053221017159],
      [0.53369642103, 0.42879306321, 0.028073644918, 0.0094368708379],
      [0.050401839261, 0.8391846237, 0.07720924452, 0.033204292516],
      [0.00018266882821, 0.0094312567964, 0.94697431863, 0.043411755744],
      [0.022660026164, 0.11258263628, 0.27786188753, 0.58689545002]
    ],
    [
      [0.0018229398206, 0.032554682477, 0.92637968647, 0.039242691229],
      [0.49634127518, 0.4545052768, 0.037464968417, 0.011688479601],
      [0.039717437928, 0.82563814682, 0.096843717933, 0.037800697318],
      [0.00074753643848, 0.00094186368014, 0.96494710195, 0.033363497931],
      [0.013848918907, 0.085267484805, 0.31836014452, 0.58252345177]
    ],
    [
      [0.0033615559381, 0.051341816164, 0.90249031914, 0.042806308756],
      [0.56536127154, 0.3989248235, 0.028260085676, 0.0074538192806],
      [0.057416842792, 0.83197392509, 0.082849482283, 0.027759749836],
      [0.00041246006306, 0.0088759304509, 0.95619251509, 0.034519094397],
      [0.027530183179, 0.11971445316, 0.31907774939, 0.53367761428]
    ],
    [
      [0.0033554916638, 0.057151426319, 0.8976860892, 0.041806992818],
      [0.53366583366, 0.43455327898, 0.025031409692, 0.0067494776667],
      [0.049295239163, 0.85637963109, 0.069650549833, 0.024674579919],
      [0.0018903781518, 0.0074408457263, 0.95615071555, 0.034518060571],
      [0.02510109148, 0.13341512236, 0.30684654804, 0.53463723811]
    ],
    [
      [0.00010093708048, 0.084352662352, 0.87207756981, 0.043468830761],
      [0.32279043484, 0.64439616851, 0.025460124719, 0.0073532719336],
      [0.0048720509918, 0.92527856364, 0.050624933686, 0.019224451679],
      [0, 0.014472280451, 0.9493394963, 0.03618822325],
      [0.01194935066, 0.18283948618, 0.28034248727, 0.52486867589]
    ],
    [
      [0.0051955914196, 0.07316996242, 0.85558515322, 0.066049292941],
      [0.5857935917, 0.38906781742, 0.017452325657, 0.0076862652236],
      [0.061259409725, 0.85550568003, 0.052598157598, 0.030636752651],
      [0.0018115217871, 0.012363536209, 0.93066000397, 0.05516493803],
      [0.029970365749, 0.12686400405, 0.22095447436, 0.62221115584]
    ],
    [
      [0.0016887788647, 0.058287842116, 0.88753092097, 0.052492458051],
      [0.4564850458, 0.50221556908, 0.031032741509, 0.010266643604],
      [0.03343387473, 0.86030006615, 0.07458521005, 0.031680849073],
      [0, 0.0096512756965, 0.94726246968, 0.043086254627],
      [0.017149771438, 0.12066744461, 0.28007004331, 0.58211274064]
    ],
    [
      [0.0023351900296, 0.013068907786, 0.98459590218, 0],
      [0.68490892447, 0.24692406211, 0.06816701342, 0],
      [0.061342552638, 0.67178403406, 0.2668734133, 0],
      [0, 0, 1, 0],
      [0.19515145475, 0.11940595821, 0.68544258703, 0]
    ],
    [
      [0, 0.046396416872, 0.95360358313, 0],
      [0, 0.97353231624, 0.02646768376, 0],
      [0, 0.95923216884, 0.040767831163, 0],
      [0, 0.0055901465105, 0.99440985349, 0],
      [0.0035817849389, 0.19941614489, 0.52540998425, 0.27159208593]
    ],
    [
      [0.0035429189873, 0.023519518318, 0.94640895108, 0.026528611615],
      [0.64722271837, 0.31204983555, 0.034365121703, 0.0063623243757],
      [0.065804289997, 0.78387997111, 0.12167578221, 0.028639956677],
      [0.0036413979497, 0, 0.97402971573, 0.022328886321],
      [0.022714385094, 0.079554091587, 0.41916298211, 0.47856854121]
    ],
    [
      [0.0036209987971, 0.0028134960874, 0.97907100074, 0.014494504373],
      [0.059583598241, 0.037268100354, 0.84231101227, 0.060837289134],
      [0.0099316066568, 0.029352061916, 0.87161761153, 0.089098719894],
      [0.023140744192, 0.017379503629, 0.92654520082, 0.032934551364],
      [0.0015223577583, 0.0015137298677, 0.65558260363, 0.34138130875]
    ],
    [
      [0.0068663564977, 0.029301140761, 0.64542140516, 0.31841109759],
      [0.8713546893, 0.097237415863, 0.027348512694, 0.004059382142],
      [0.11043609712, 0.54335253146, 0.15000252759, 0.19620884383],
      [0.012963150819, 0.04414498873, 0.84040963655, 0.1024822239],
      [0.0043302004709, 0.0091909364387, 0.040604689583, 0.94587417351]
    ],
    [
      [0, 0.014673515648, 0.98532648435, 0],
      [1, 1.4986659198e-73, 1.8712522774e-75, 3.2471211594e-76],
      [0.40193948624, 0.30809732337, 0.28996319038, 0],
      [0, 0, 1, 0],
      [0.19612102751, 0.28109074372, 0.52278822877, 0]
    ],
    [
      [0.0027105356316, 0.071129469127, 0.89094841578, 0.035211579458],
      [0.46018063776, 0.50950211488, 0.024937199114, 0.0053800482381],
      [0.03666294551, 0.88588351021, 0.061660503805, 0.015793040475],
      [0, 0.012932193235, 0.95979629496, 0.027271511804],
      [0.024761171625, 0.17473852747, 0.32843153503, 0.47206876587]
    ],
    [
      [0.0032547863139, 0.09246453975, 0.84796239169, 0.056318282242],
      [0.44981648266, 0.52407560897, 0.018928152636, 0.0071797557294],
      [0.033953776729, 0.90161988568, 0.041848984958, 0.022577352631],
      [0, 0.018199917218, 0.93410279283, 0.047697289948],
      [0.023109782146, 0.17262033905, 0.23772659048, 0.56654328833]
    ],
    [
      [0.0070358585164, 0.15255830527, 0.74572914088, 0.094676695338],
      [0.54278259201, 0.44636475423, 0.0053239740871, 0.0055286796736],
      [0.043178067052, 0.9319987537, 0, 0.024823179247],
      [0.026018378128, 0.032915136786, 0.85389860043, 0.087167884651],
      [0.032154997745, 0.18337957602, 0.10700778503, 0.6774576412]
    ],
    [
      [0.0057351687976, 0.061842000575, 0.8821195748, 0.050303255828],
      [0.68874340371, 0.28976241899, 0.01597219137, 0.0055219859296],
      [0.087581749351, 0.82110094585, 0.063437464909, 0.027879839891],
      [0, 0.010775839204, 0.94764107432, 0.041583086472],
      [0.046513158295, 0.12551552046, 0.26766387012, 0.56030745113]
    ],
    [
      [0.0049759611516, 0.067645653337, 0.89037578575, 0.037002599759],
      [0.60352590016, 0.37339441005, 0.018925956905, 0.0041537328829],
      [0.066120515672, 0.85606288396, 0.060984314701, 0.016832285663],
      [0.00083189969365, 0.01197789076, 0.9573277934, 0.029862416144],
      [0.041032964093, 0.16048997142, 0.31399550092, 0.48448156357]
    ],
    [
      [0.0013612760116, 0.055445267742, 0.89071452916, 0.052478927089],
      [0.42026656936, 0.54019198742, 0.028464680464, 0.011076762756],
      [0.02695531875, 0.87232347228, 0.065605808782, 0.035115400189],
      [0, 0.0062348466533, 0.94939708776, 0.04436806559],
      [0.012814572159, 0.11214458661, 0.24964502896, 0.62539581226]
    ],
    [
      [0.0024288620078, 0.073157354043, 0.87533824859, 0.04907553536],
      [0.45559272406, 0.51249765803, 0.024204962356, 0.0077046555541],
      [0.034683138388, 0.8831305967, 0.058125086663, 0.024061178253],
      [0, 0.012939239061, 0.94624662564, 0.040814135303],
      [0.021261977888, 0.15225170629, 0.27496284641, 0.55152346941]
    ],
    [
      [0.00069602095357, 0.053049511776, 0.89997060305, 0.046283864226],
      [0.41870680091, 0.53480016668, 0.036051409027, 0.010441623387],
      [0.02487469266, 0.86326936123, 0.081328321489, 0.030527624621],
      [0, 0.0080219895638, 0.95386797302, 0.038110037415],
      [0.013889958498, 0.11889594001, 0.30645449612, 0.56075960537]
    ],
    [
      [0.0038576960801, 0.066542693884, 0.88413825109, 0.045461358942],
      [0.5390177755, 0.43145154001, 0.022945027576, 0.0065856569107],
      [0.052075347029, 0.86021250948, 0.06425630848, 0.02345583501],
      [0.00052837276664, 0.011654146123, 0.95058150331, 0.037235977798],
      [0.029344286687, 0.1454281108, 0.29243426724, 0.53279333528]
    ],
    [
      [0.00083770468011, 0.096357729954, 0.71688689749, 0.18591766788],
      [0.3590306042, 0.59791834388, 0.030207842176, 0.012843209745],
      [0.019940572113, 0.87893725534, 0.079726913389, 0.021395259161],
      [0, 0.028170866201, 0.82506030937, 0.14676882443],
      [0.0040787410354, 0.049486264835, 0.060882746153, 0.88555224798]
    ],
    [
      [0.0052898772624, 0.06621742501, 0.85904983396, 0.069442863771],
      [0.87797839902, 0.11380120836, 0.0050964245228, 0.0031239680942],
      [0.1448931201, 0.77119713757, 0.046363524961, 0.037546217371],
      [0, 0.0068083486453, 0.93308775721, 0.060103894148],
      [0.073724954607, 0.096106916041, 0.1820816953, 0.64808643405]
    ],
    [
      [0.0021448384459, 0.059016021083, 0.87974058524, 0.059098555236],
      [0.41493369996, 0.5528417349, 0.02278344341, 0.0094411217307],
      [0.026064671831, 0.89168514564, 0.04729211099, 0.034958071537],
      [0.001741663046, 0.0041565477781, 0.93897886899, 0.055122920181],
      [0.010442407286, 0.10889915357, 0.21565512225, 0.6650033169]
    ],
    [
      [0.0020035696086, 0.045190821215, 0.90916166284, 0.043643946341],
      [0.49195588987, 0.4609621666, 0.037095947901, 0.0099859956222],
      [0.040999596856, 0.83275997643, 0.093915266512, 0.032325160197],
      [0, 0.00786502056, 0.9569416428, 0.035193336639],
      [0.018124737319, 0.10637589834, 0.3246455557, 0.55085380865]
    ],
    [
      [0.00077378655711, 0.034095353952, 0.92942312828, 0.035707731207],
      [0.45003253007, 0.49032156943, 0.048941658728, 0.01070424177],
      [0.031353154263, 0.8214443789, 0.11417701628, 0.033025450561],
      [0, 0.0054652728488, 0.9655488151, 0.028985912049],
      [0.012193076259, 0.091885259557, 0.372136761, 0.52378490319]
    ],
    [
      [0.0046438464729, 0.088203029806, 0.68725041063, 0.21990271309],
      [0.53219894565, 0.43271927967, 0.013286886352, 0.021794888327],
      [0.048226703995, 0.85204578801, 0.065740547811, 0.033986960188],
      [0.0034007131555, 0.028921354879, 0.82337391584, 0.14430401612],
      [0.010884796395, 0.059521802659, 0.069958682783, 0.85963471816]
    ],
    [
      [0.0031809016763, 0.065788790691, 0.86931711587, 0.061713191762],
      [0.50352794742, 0.46311422941, 0.023785793277, 0.0095720298971],
      [0.044124962874, 0.86173835678, 0.061894781885, 0.032241898457],
      [0.00030918651628, 0.011364342502, 0.93721515791, 0.051111313074],
      [0.020868345833, 0.12165601044, 0.2408853102, 0.61659033353]
    ],
    [
      [0.0023726123149, 0.13833167111, 0.78264177479, 0.076653941791],
      [0.37341351394, 0.60623740892, 0.012749936462, 0.0075991406813],
      [0.020174308247, 0.93592733925, 0.021589524604, 0.022308827902],
      [0, 0.028836195067, 0.90274707478, 0.068416730154],
      [0.018319538306, 0.20123697823, 0.16962663818, 0.61081684528]
    ],
    [
      [0.0037111749257, 0.065359780033, 0.8796432363, 0.051285808737],
      [0.53002836398, 0.43937883814, 0.022976433901, 0.0076163639777],
      [0.049638083656, 0.86033911625, 0.06272961118, 0.027293188915],
      [0.00077261589935, 0.010880900352, 0.94582643386, 0.042520049885],
      [0.025810550983, 0.13476249278, 0.27132816117, 0.56809879507]
    ],
    [
      [0.0025980629288, 0.033728291683, 0.93241949127, 0.031254154119],
      [0.56300032569, 0.386453695, 0.042494194671, 0.0080517846309],
      [0.055534565524, 0.79341695923, 0.12192973074, 0.02911874451],
      [0.0010283172956, 0.0068330330976, 0.96796745553, 0.024171194075],
      [0.02173121005, 0.093786380646, 0.39726942876, 0.48721298055]
    ],
    [
      [0.028757829692, 0.0071540143938, 0.87610407707, 0.087984078846],
      [0.99202531123, 0.0068148510469, 0.00068187146131, 0.00047796625733],
      [0.10816023817, 0.76402482628, 0.069714810752, 0.058100124793],
      [0.013118026859, 0, 0.92001558551, 0.066866387634],
      [0.022470357026, 0.034237945555, 0.1486419253, 0.79464977211]
    ],
    [
      [0.0056080834451, 0.016194900333, 0.94878747227, 0.029409543957],
      [0.55307957878, 0.37769368724, 0.058583978966, 0.010642755022],
      [0.036590994658, 0.7615220414, 0.16432067426, 0.037566289683],
      [0.00072812733293, 0, 0.97809355746, 0.021178315203],
      [0.010724188962, 0.064987711996, 0.42445086227, 0.49983723677]
    ],
    [
      [0, 0.03723855615, 0.96276144385, 0],
      [0.91375556033, 0.078022315738, 0.0075686722114, 0.0006534517172],
      [0.1436015901, 0.74527995181, 0.11111845809, 0],
      [0, 0, 1, 0],
      [0.098957773859, 0.19330252201, 0.50773970413, 0.2]
    ],
    [
      [0.0042339959189, 0.038081074609, 0.89652782714, 0.061157102331],
      [0.81376236745, 0.16586539037, 0.014621015464, 0.0057512267118],
      [0.12517042995, 0.74024853674, 0.089640625365, 0.044940407945],
      [0, 0.005866821712, 0.94410145117, 0.050031727117],
      [0.039723619805, 0.0700296212, 0.25152470149, 0.63872205751]
    ],
    [
      [0.0038716742443, 0.045216337628, 0.91717217464, 0.033739813489],
      [0.62787322215, 0.3396897244, 0.026874112153, 0.0055629412934],
      [0.070861978408, 0.81485101873, 0.09123388757, 0.023053115294],
      [0.00083259167555, 0.0075857013286, 0.9653807443, 0.026200962695],
      [0.034408367854, 0.11882421941, 0.36138567612, 0.48538173661]
    ],
    [
      [0, 0.2550263696, 0.6597031483, 0.085270482107],
      [5.8231280737e-126, 0.24771889548, 0.5325644666, 0.21971663792],
      [0, 0.91721187171, 0.041510141598, 0.041277986691],
      [0, 0.03516101137, 0.91818869077, 0.04665029786],
      [0, 0.47306722728, 0.20393631623, 0.32299645649]
    ],
    [
      [0.0094968042098, 0.071191305474, 0.88357061152, 0.035741278793],
      [0.88466322512, 0.11202596393, 0.00095312602798, 0.0023576849191],
      [0.11479995747, 0.85101864413, 0.010357762571, 0.023823635821],
      [0.0051250667139, 0.0070209725329, 0.95625354845, 0.031600412302],
      [0.057265153261, 0.13655201579, 0.15349575396, 0.652687077]
    ],
    [
      [0, 0, 0.95729309209, 0.04270690791],
      [0.38062919101, 0.36089747317, 0.20636845809, 0.052104877734],
      [0, 0.42128806418, 0.45509247955, 0.12361945627],
      [0, 0, 0.95834650163, 0.041653498373],
      [0, 0.01019671015, 0.35673091432, 0.63307237553]
    ],
    [
      [0.0027209941274, 0.013390225708, 0.96827686225, 0.015611917911],
      [0.79820499962, 0.15944178647, 0.038782181223, 0.0035710326903],
      [0.11902659046, 0.63700714537, 0.21668128229, 0.027284981883],
      [0.0014422544351, 0.00023092951071, 0.99454269623, 0.0037841198216],
      [0.032968409859, 0.052481726671, 0.53858388787, 0.3759659756]
    ],
    [
      [0.0011796942557, 0.032619917268, 0.91901334265, 0.047187045826],
      [0.44728686654, 0.49287075606, 0.046238748372, 0.013603629028],
      [0.029616186592, 0.8218508101, 0.10757228122, 0.040960722084],
      [0.0001841865016, 0.0042583792418, 0.95554409867, 0.040013335589],
      [0.0094878213036, 0.076471696044, 0.31229745583, 0.60174302682]
    ],
    [
      [1.2136070844e-07, 1.8744887789e-05, 0.99227029734, 0.0077108364074],
      [2.7755575616e-17, 7.8493418711e-06, 0.86543694647, 0.13455520419],
      [0, 0.088207684265, 0.74035269814, 0.1714396176],
      [0, 0.10786154382, 0.83976486791, 0.052373588267],
      [4.7488653557e-09, 8.0201948115e-07, 0.009291045543, 0.99070814769]
    ],
    [
      [0, 0, 0.98479914556, 0.015200854437],
      [0, 0.85655610695, 0.1152708762, 0.028173016848],
      [0, 0, 0.95604442995, 0.04395557005],
      [0, 0, 0.99383642416, 0.0061635758443],
      [0, 0, 0.60076704018, 0.39923295982]
    ],
    [
      [0.0015905855845, 0.026255341768, 0.9514652035, 0.020688869151],
      [0.48545615327, 0.45185707901, 0.055305512685, 0.0073812550287],
      [0.036321729293, 0.802860101, 0.13981230979, 0.021005859917],
      [0.0021109417132, 0.0044258321385, 0.98035888985, 0.013104336302],
      [0.013397760404, 0.090285489936, 0.47464303587, 0.42167371379]
    ],
    [
      [0.0045770536577, 0.070502494989, 0.87618525029, 0.048735201058],
      [0.55371778052, 0.41999150045, 0.019908306218, 0.0063824128093],
      [0.054553244883, 0.86464044702, 0.056856530289, 0.023949777811],
      [0.0013112021231, 0.011721515637, 0.94644192274, 0.040525359496],
      [0.03068009138, 0.14743198484, 0.27250806134, 0.54937986244]
    ],
    [
      [0.0054185685954, 0.060837362252, 0.89470498844, 0.039039080716],
      [0.67233016387, 0.30686321133, 0.016473944405, 0.0043326804022],
      [0.0818409943, 0.83447745102, 0.062821416869, 0.020860137809],
      [0, 0.010568620079, 0.95717573036, 0.032255649563],
      [0.047129632326, 0.14207449878, 0.30675198929, 0.50404387961]
    ],
    [
      [0.0026817760275, 0.035097872703, 0.91494575258, 0.047274598685],
      [0.58305414583, 0.36794076388, 0.037871092326, 0.011133997972],
      [0.060093739127, 0.78479341219, 0.11242085346, 0.042691995221],
      [0.00093316785181, 0.0069786006933, 0.95411338062, 0.037974850838],
      [0.020355050814, 0.080069883651, 0.3164512801, 0.58312378543]
    ],
    [
      [0.0019207278241, 0.051711692299, 0.93060299794, 0.015764581937],
      [0.41589095848, 0.54824293594, 0.032663773143, 0.0032023324363],
      [0.02750982751, 0.89003164712, 0.076024931793, 0.0064335935769],
      [0.001539230146, 0.010555371877, 0.98496966829, 0.0029357296834],
      [0.018409595047, 0.17343547924, 0.45007841817, 0.35807650754]
    ],
    [
      [0.00090300374553, 0.085486436456, 0.85000353962, 0.063607020183],
      [0.40317173717, 0.56655700848, 0.020734301147, 0.0095369532008],
      [0.025268215739, 0.90136828267, 0.045055758456, 0.028307743135],
      [0, 0.014663645623, 0.93194323099, 0.053393123389],
      [0.01607268767, 0.14811005612, 0.21922999644, 0.61658725977]
    ],
    [
      [0.00033032057236, 0.029164447584, 0.92788374527, 0.042621486576],
      [0.44073417093, 0.48136276531, 0.061926369155, 0.015976694613],
      [0.026899881489, 0.78677038285, 0.13883606639, 0.047493669276],
      [0, 0.0063739730974, 0.95842146397, 0.035204562931],
      [0.0092616277653, 0.071230036927, 0.34879166887, 0.57071666644]
    ],
    [
      [0.0036269822927, 0.055788683929, 0.86790521302, 0.072679120758],
      [0.54696986369, 0.41649270886, 0.024729099935, 0.011808327517],
      [0.050640566796, 0.83760426956, 0.070432895801, 0.041322267841],
      [0.0017355787993, 0.0090680792351, 0.93117800808, 0.058018333887],
      [0.019061108781, 0.093750293, 0.21769293753, 0.66949566069]
    ],
    [
      [0.0037006729251, 0.035416617733, 0.92660693044, 0.034275778898],
      [0.63245679009, 0.32820052769, 0.032480597475, 0.0068620847435],
      [0.070285839771, 0.7907659191, 0.10953663951, 0.029411601618],
      [0.0016882174146, 0.0053715292469, 0.96579006975, 0.027150183593],
      [0.028392162163, 0.096105411102, 0.37228486225, 0.50321756448]
    ],
    [
      [0.0013641283239, 0.047683181674, 0.89151594949, 0.059436740511],
      [0.4637626123, 0.48668935903, 0.036010467284, 0.013537561391],
      [0.0338935065, 0.83736221139, 0.08711508746, 0.041629194648],
      [0, 0.0076657994761, 0.94420119825, 0.048133002274],
      [0.013406739838, 0.093283743205, 0.2638162302, 0.62949328676]
    ],
    [
      [0.0009448353286, 0.032956220464, 0.90746913532, 0.058629808891],
      [0.46852535871, 0.46269284288, 0.050264896804, 0.018516901604],
      [0.034191712341, 0.79036980479, 0.1193765087, 0.056061974175],
      [0, 0.0073532743652, 0.9463986921, 0.046248033534],
      [0.0098314608949, 0.064751442973, 0.2737671782, 0.65164991793]
    ],
    [
      [0, 0, 1, 0],
      [0.94120084513, 0.058799154867, 5.8505049149e-16, 4.0032890602e-15],
      [2.1870532214e-282, 1, 0, 0],
      [2.4671622769e-17, 0, 1, 0],
      [1.1102230246e-16, 2.4475896742e-199, 0.8751140587, 0.1248859413]
    ],
    [
      [0, 0.032483993856, 0.93060819237, 0.036907813771],
      [0.21110013983, 0.71834839791, 0.057285762502, 0.013265699751],
      [0, 0.87991021291, 0.092336357614, 0.02775342948],
      [0, 0.0051644767074, 0.96226075814, 0.03257476515],
      [0, 0.088075448685, 0.35127668917, 0.56064786215]
    ],
    [
      [0, 0.034599385087, 0.93740253311, 0.027998081807],
      [0.2693254883, 0.66450807737, 0.056101385135, 0.0100650492],
      [0, 0.8765739769, 0.10069784031, 0.022728182787],
      [0, 0.0052130962871, 0.97302176356, 0.021765140158],
      [0, 0.1096206642, 0.40786183662, 0.48251749919]
    ],
    [
      [0, 1, 2.8274836514e-189, 1.7124915714e-193],
      [0.21263870243, 0.78736129757, 2.0382654791e-32, 2.5871827121e-28],
      [6.0738359557e-80, 1, 2.0283261709e-198, 5.980490258e-194],
      [1.393408858e-92, 0.11111111111, 0.88888888889, 5.5443204009e-20],
      [0, 1, 0, 0]
    ],
    [
      [0, 0.085381646983, 0.079330063159, 0.83528828986],
      [0.0011031344147, 0.18065004301, 0.0022401923161, 0.81600663026],
      [0, 0.51286009078, 0.34800256017, 0.13913734906],
      [0, 0.33757947478, 0.295164284, 0.36725624121],
      [1.6805590063e-13, 2.9761400568e-11, 9.6954740359e-12, 0.99999999996]
    ],
    [
      [0, 0.0055979592169, 0.99440204078, 0],
      [0, 0.95920051217, 0.040799487835, 0],
      [0, 0.95500442715, 0.044995572846, 0],
      [0, 0, 1, 0],
      [0, 0.12519267431, 0.87480732569, 0]
    ],
    [
      [0, 0.023760580761, 0.97623941924, 0],
      [3.3196072219e-12, 0.99950048317, 0.00048158679946, 1.7930022906e-05],
      [0, 0.97214598686, 0.027854013144, 0],
      [0, 0.0040934323839, 0.99590656762, 0],
      [0.00048717699776, 0.16433769093, 0.7177147135, 0.11746041857]
    ],
    [
      [0.0082297133962, 0.033208552047, 0.95856173456, 0],
      [0.80301356687, 0.19263247916, 0.0043539539671, 0],
      [0.035900087829, 0.94048257162, 0.023617340551, 0],
      [0.0056445460524, 0.0015285852884, 0.99282686866, 0],
      [0.027463116488, 0.20517493001, 0.54548459122, 0.22187736229]
    ],
    [
      [3.8152113599e-06, 0.00011116902529, 0.999817662, 6.7353763473e-05],
      [0.46447833572, 0.41843812021, 0.11708354407, 0],
      [0.02345208061, 0.55357345178, 0.42297446761, 0],
      [0.0080463891131, 0.018658952007, 0.97329465888, 0],
      [2.6862038099e-09, 3.4266120098e-08, 0.99999996305, 1.2983316007e-19]
    ],
    [
      [0.009793733029, 0, 0.92199970094, 0.068206566032],
      [0.99999978566, 8.2736042568e-08, 8.5557810814e-08, 4.6049605969e-08],
      [0.290494632, 0.5, 0.13358105374, 0.075924314262],
      [0, 0, 0.94397139392, 0.056028606076],
      [0.05677681196, 0, 0.23039750219, 0.71282568585]
    ],
    [
      [0.0020284571568, 0.064569711143, 0.88424596389, 0.04915586781],
      [0.39650354539, 0.5908058063, 0.0040163680511, 0.0086742802555],
      [0.021720358552, 0.95021503227, 0.0060285319307, 0.022036077251],
      [0.008030221608, 0.00022862624404, 0.92313155336, 0.068609598785],
      [0.0064923453666, 0.090671574462, 0.14271310312, 0.76012297705]
    ],
    [
      [0.0097458107768, 0.07396289959, 0.80191360517, 0.11437768446],
      [0.80872818701, 0.1785116747, 0.0071824814712, 0.0055776568207],
      [0.11944828558, 0.79488814067, 0.046532095053, 0.039131478691],
      [0, 0.016298564769, 0.89260794017, 0.091093495056],
      [0.04416129112, 0.081661577324, 0.12847545404, 0.74570167752]
    ],
    [
      [0, 0, 1, 0],
      [0.00035618462837, 0.0015048198302, 0.99802395703, 0.00011503851182],
      [0, 0, 1, 0],
      [1.6425238558e-09, 1.9133862813e-07, 0.99999887921, 9.2781134847e-07],
      [0, 0, 1, 0]
    ],
    [
      [0.01088506981, 0.0046323896005, 0.95095653114, 0.033526009446],
      [0.60990711087, 0.31643069061, 0.061260554028, 0.012401644486],
      [0.048124157866, 0.70958936871, 0.19265923011, 0.049627243311],
      [0, 0, 0.97372640732, 0.026273592682],
      [0.011326785412, 0.049077923993, 0.40486436595, 0.53473092464]
    ],
    [
      [0, 0, 0.98403922269, 0.015960777306],
      [3.8875656693e-10, 0.20223033623, 0.64893658399, 0.14883307939],
      [0, 0, 0.92356059962, 0.076439400375],
      [0, 0, 0.98944961534, 0.010550384655],
      [0, 0, 0.54919422693, 0.45080577307]
    ],
    [
      [0.0038632122586, 0.035993706989, 0.92044341174, 0.039699669011],
      [0.67543228315, 0.29241235961, 0.025745177309, 0.0064101799361],
      [0.073774220126, 0.79676891084, 0.097850907832, 0.031605961197],
      [0.0027537137029, 0.0033292112921, 0.96083876539, 0.033078309613],
      [0.028406149314, 0.09148343599, 0.33694325535, 0.54316715934]
    ],
    [
      [0, 0.029774057063, 0.86745249541, 0.10277344752],
      [0.24951441942, 0.61195113363, 0.081307596426, 0.057226850523],
      [0, 0.73249325461, 0.14709565342, 0.12041109197],
      [0, 0.020579082593, 0.91982678867, 0.059594128735],
      [0.0012948815396, 0.025798960949, 0.14463745952, 0.82826869799]
    ],
    [
      [0, 0, 0.97603720391, 0.023962796093],
      [0, 0.51927053802, 0.44666250397, 0.034066958013],
      [0, 0.54976922048, 0.38252527936, 0.067705500158],
      [0, 0, 0.98130190517, 0.018698094833],
      [0, 0.020643924533, 0.49302554557, 0.4863305299]
    ],
    [
      [0.00099561552775, 0.028576344167, 0.93057609407, 0.039851946235],
      [0.39652264228, 0.54289548786, 0.04832216096, 0.012259708899],
      [0.020385199168, 0.8425978376, 0.10350897245, 0.033507990777],
      [0.00099785217682, 0.0036345885009, 0.96044220882, 0.034925350502],
      [0.0065564094067, 0.07406446572, 0.33954007234, 0.57983905253]
    ],
    [
      [0.0010604261007, 0.062436289143, 0.85855180192, 0.07795148284],
      [0.39693482361, 0.56024967552, 0.028001518648, 0.014813982222],
      [0.020503649312, 0.87771934695, 0.061783401939, 0.039993601795],
      [0, 0.010726197043, 0.92620528062, 0.06306852234],
      [0.0086723422064, 0.099720753543, 0.20074837143, 0.69085853282]
    ],
    [
      [0.0002438733168, 0.049506669014, 0.85742349236, 0.092825965305],
      [0.39002719612, 0.55299089574, 0.035133790034, 0.021848118105],
      [0.016787407924, 0.8477133987, 0.079930499807, 0.055568693568],
      [0, 0.0075858501548, 0.91973485289, 0.072679296956],
      [0.004688294902, 0.070429412816, 0.1784136952, 0.74646859708]
    ],
    [
      [0, 0.1348562677, 0.83987468603, 0.025269046268],
      [0, 0.98049770128, 0.016572576763, 0.0029297219612],
      [0, 0.96114104915, 0.034778024662, 0.0040809261918],
      [0, 0.017416612482, 0.96422004855, 0.018363338973],
      [0, 0.34685068328, 0.30138870708, 0.35176060963]
    ],
    [
      [0, 0, 0.98498357324, 0.015016426758],
      [0, 0.55661334204, 0.41847376128, 0.024912896678],
      [0, 0.56265133369, 0.3900346561, 0.047314010211],
      [0, 0, 0.99196410541, 0.0080358945899],
      [0, 0.022492885268, 0.57294784102, 0.40455927371]
    ],
    [
      [0, 0.02013654252, 0.94691406533, 0.03294939215],
      [0.41481987516, 0.48850820787, 0.080684308842, 0.015987608125],
      [0.018250633601, 0.76171954992, 0.17576043947, 0.044269377008],
      [0, 0, 0.97355876485, 0.026441235152],
      [0.0069164782011, 0.060108213812, 0.41037473571, 0.52260057228]
    ],
    [
      [0, 0, 0.97768163799, 0.022318362011],
      [0.41986080945, 0.37998527923, 0.17595641372, 0.024197497598],
      [0, 0.4, 0.53968723662, 0.060312763382],
      [0, 0, 0.98279408929, 0.017205910708],
      [0, 0, 0.53957740073, 0.46042259927]
    ],
    [
      [0.0030784416199, 0.057906214177, 0.88597909041, 0.05303625379],
      [0.51874387368, 0.44639235105, 0.026022473492, 0.0088413017735],
      [0.045930391473, 0.85379550063, 0.069458482466, 0.030815625429],
      [0.0010504618079, 0.0089425068629, 0.94583998513, 0.0441670462],
      [0.021407013084, 0.11900967843, 0.27142447603, 0.58815883246]
    ],
    [
      [0.004082613398, 0.0337995267, 0.93209109351, 0.030026766392],
      [0.74183812963, 0.23333597707, 0.020819580832, 0.0040063124656],
      [0.067126863565, 0.81191382642, 0.097337517006, 0.02362179301],
      [0.0048484886697, 0.0042935629636, 0.96852146005, 0.022336488317],
      [0.028418170255, 0.09822675791, 0.38567492788, 0.48768014396]
    ],
    [
      [0.0045114628933, 0.063302369097, 0.8703303893, 0.061855778707],
      [0.58599179417, 0.38486474992, 0.02074359205, 0.0083998638679],
      [0.061936923447, 0.84149705083, 0.06352807539, 0.033037950336],
      [0.00071644400103, 0.010846666476, 0.93742540287, 0.051011486649],
      [0.028533364723, 0.11665976237, 0.24082759755, 0.61397927536]
    ],
    [
      [0.002332741173, 0.019481434534, 0.95376769047, 0.024418133826],
      [0.67863066231, 0.26853775554, 0.044456648316, 0.0083749338283],
      [0.083741547043, 0.71503450842, 0.16146364158, 0.039760302959],
      [0.0019357621856, 0.0099995154493, 0.96770915552, 0.02035556685],
      [0.022729516431, 0.060015544815, 0.45472751164, 0.46252742712]
    ],
    [
      [0.0012795119584, 0.02469201539, 0.93008667238, 0.043941800268],
      [0.50155609633, 0.42422209362, 0.058622633396, 0.015599176652],
      [0.038642295841, 0.76280495468, 0.14798525979, 0.050567489692],
      [0.00040422952915, 0.0025063447123, 0.96121196161, 0.035877464149],
      [0.010533491752, 0.061613948537, 0.34238389071, 0.585468669]
    ],
    [
      [0.00070581015353, 0.044786484421, 0.91658030571, 0.037927399714],
      [0.42122879263, 0.52801596592, 0.041050637318, 0.0097046041344],
      [0.025568733221, 0.85308571678, 0.092825398983, 0.028520151021],
      [0, 0.0066487487548, 0.96236838857, 0.030982862678],
      [0.013146633665, 0.11352214087, 0.34785421586, 0.52547700961]
    ],
    [
      [0.0035478515062, 0.045912728684, 0.90755539522, 0.042984024593],
      [0.60053322902, 0.36403575436, 0.027847155407, 0.0075838612171],
      [0.064643839513, 0.81678737018, 0.08782808009, 0.030740710216],
      [0.00070751028707, 0.0072184216057, 0.95719650981, 0.034877558302],
      [0.028439963057, 0.10803647638, 0.31876499933, 0.54475856124]
    ],
    [
      [0, 0.029884176811, 0.88680158997, 0.083314233223],
      [0, 0.91033117002, 0.057119670758, 0.032549159219],
      [0, 0.82968984421, 0.099987306756, 0.070322849033],
      [0, 0.0015650704213, 0.9324086557, 0.066026273879],
      [0, 0.044108792126, 0.16731506393, 0.78857614395]
    ],
    [
      [0, 0.045825983529, 0.91277009282, 0.041403923654],
      [0.35999986999, 0.58579351532, 0.043157029819, 0.011049584865],
      [0.011883565689, 0.86986815935, 0.088501153078, 0.029747121879],
      [0, 0.0063651034391, 0.95922166284, 0.034413233721],
      [0.0093926914046, 0.11132528548, 0.33123765797, 0.54804436515]
    ],
    [
      [0.0032928364214, 0.041253066635, 0.86035022015, 0.095103876793],
      [0.55898708448, 0.38890490841, 0.032121236628, 0.019986770476],
      [0.051523645157, 0.78570993241, 0.09560102484, 0.067165397595],
