{
  "Z_true": {},
  "V_true": [
    [632, 198, 2095, 314, 68],
    [17, 3179, 224, 1303, 139],
    [102, 2047, 755, 10156, 618],
    [261, 211, 3797, 226, 160],
    [145, 177, 640, 447, 363],
    [29, 78, 451, 286, 400],
    [37, 322, 131, 566, 475]
  ],
  "p_true": [
    [0.1911, 0.0599, 0.6335, 0.095, 0.0206],
    [0.0035, 0.6538, 0.0461, 0.268, 0.0286],
    [0.0075, 0.1497, 0.0552, 0.7425, 0.0452],
    [0.0561, 0.0453, 0.8157, 0.0485, 0.0344],
    [0.0818, 0.0999, 0.3612, 0.2523, 0.2049],
    [0.0233, 0.0627, 0.3625, 0.2299, 0.3215],
    [0.0242, 0.2103, 0.0856, 0.3697, 0.3103]
  ],
  "Z_est": [
    [
      [17.7051, 9.46, 22.3391, 8.3478, 4.2249, 24.0294, 13.8021, 3.3607, 0, 0, 1.1855, 9.8189, 10.1582, 1.5616, 11.1222, 22.3852, 5.8978, 41.5811, 3.4713, 22.0807, 3.5726, 0, 2.2044, 5.4128, 8.4338, 26.4202, 2.9323, 25.1781, 24.598, 14.534, 13.3417, 4.8005, 2.8896, 3.0193, 10.2011, 5.0488, 2.149, 7.067, 5.2986, 0.5166, 2.6894, 6.2639, 16.1292, 10.8372, 0.2562, 32.3011, 3.8185, 107.6179, 21.7041],
      [7.3729, 2.9092, 6.8975, 4.1806, 2.1501, 12.6848, 8.2936, 0.5202, 0.1582, 0.249, 0.843, 10.8467, 11.1452, 1.3109, 3.9862, 11.7254, 2.3837, 15.2557, 1.3857, 6.4071, 2.831, 1.088, 0.9603, 3.9436, 3.1895, 4.6825, 0.3234, 5.839, 15.0939, 6.942, 4.4949, 1.4819, 1.7263, 2.4226, 4.5838, 3.0835, 0.443, 5.9446, 2.4379, 1.318, 1.0393, 1.5055, 8.4558, 2.8834, 0.0148, 11.5297, 1.4804, 53.3679, 7.5335],
      [94.686, 51.6892, 54.9018, 29.297, 15.9543, 117.5718, 63.2174, 4.0756, 0.8122, 0.6584, 3.9457, 48.4705, 26.9022, 6.7696, 29.2616, 77.7243, 16.4443, 219.2678, 16.3538, 94.382, 7.196, 3.6093, 6.7305, 26.9821, 29.3534, 79.6211, 7.1161, 89.8966, 123.0863, 81.7601, 63.5658, 26.5198, 27.5027, 17.1114, 33.3569, 21.2781, 10.3319, 27.4175, 11.864, 8.9672, 11.0564, 12.5768, 68.3572, 40.1734, 0.7062, 151.452, 22.7351, 299.7586, 54.4653],
      [1.6771, 0.7495, 1.3427, 0.8305, 0.5377, 6.1712, 2.3207, 0.0368, 0.0262, 0.0494, 0.0215, 1.702, 4.0095, 0.3554, 0.9824, 3.4085, 1.2514, 5.8495, 0.7006, 2.5228, 0.3797, 0.1991, 0.0768, 0.6234, 0.8715, 2.7644, 0.4111, 4.4531, 5.6636, 2.259, 1.4285, 0.7437, 0.6997, 0.3917, 0.7987, 0.5092, 0.0241, 0.4661, 0.3881, 0.1709, 0.1886, 0.5918, 2.5681, 1.0057, 0.0129, 5.8766, 0.874, 8.1777, 3.002],
      [0.559, 0.1921, 0.5189, 0.3441, 0.133, 0.5428, 0.3663, 0.0066, 0.0034, 0.0432, 0.0043, 0.1618, 1.7849, 0.0025, 0.6476, 0.7565, 0.0228, 1.0458, 0.0886, 0.6075, 0.0207, 0.1036, 0.028, 0.0381, 0.1518, 0.5117, 0.2171, 0.6332, 0.5583, 0.5048, 0.1693, 0.4541, 0.1818, 0.055, 0.0595, 0.0804, 0.0521, 0.1048, 0.0113, 0.0273, 0.0263, 0.062, 0.4896, 0.1003, 0.0099, 0.8406, 0.092, 3.0779, 0.295]
    ],
    [
      [3.2097, 0.7826, 5.3182, 1.1604, 0.5042, 2.498, 1.8531, 1.9378, 0, 0, 0.481, 1.9199, 1.1464, 0.2747, 2.6464, 3.7489, 0.8921, 3.9513, 0.45, 2.2169, 0.5423, 0, 0.5647, 0.9659, 0.2007, 2.886, 0.1596, 2.5788, 3.4543, 2.1106, 1.1691, 0.8458, 0.2297, 0.7033, 2.6339, 0.9317, 0.3058, 2.039, 0.7116, 0.1506, 0.6328, 1.2473, 2.0158, 1.4553, 0.0137, 4.5965, 0.5482, 18.7092, 3.9258],
      [81.889, 22.6587, 102.8353, 44.4123, 13.6707, 106.8605, 79.917, 22.2782, 3.2558, 3.7036, 28.1677, 184.1435, 101.5504, 29.7819, 98.6834, 145.6822, 37.9879, 105.7148, 27.9616, 50.683, 17.5047, 4.1301, 12.4607, 40.9356, 6.1114, 91.6548, 8.7271, 81.8435, 131.1406, 69.7821, 26.1662, 26.8893, 12.0871, 41.6893, 117.4539, 52.7116, 1.9351, 172.2922, 27.5289, 27.3028, 46.9078, 31.8416, 103.1074, 47.7687, 2.6202, 118.4292, 29.6088, 555.7182, 85.7523],
      [9.4525, 3.0311, 7.2219, 2.1758, 1.0183, 5.9408, 5.1768, 1.9226, 0.2956, 0.1632, 2.1501, 6.3767, 1.1438, 1.0835, 4.0981, 6.2113, 1.15, 12.1538, 1.098, 5.3473, 0.4627, 0.2262, 0.8945, 2.8381, 0.366, 3.6627, 0.3391, 4.5302, 9.1048, 6.8159, 3.5965, 2.9493, 1.6364, 2.6874, 7.7905, 2.5839, 1.4066, 7.0138, 0.8302, 2.4334, 2.4427, 1.0447, 4.4296, 2.9418, 0.1037, 11.6212, 2.3111, 28.5837, 4.6342],
      [22.9946, 5.6711, 29.342, 11.91, 3.3571, 39.2752, 25.8831, 6.8466, 1.3754, 0.7332, 6.1985, 73.6456, 46.1157, 16.2312, 39.751, 52.929, 22.1586, 30.8637, 13.0059, 15.7457, 4.1395, 1.4215, 2.6311, 11.2827, 1.1997, 34.7397, 4.2213, 40.5787, 45.4402, 23.3627, 6.5849, 14.2139, 3.8588, 18.3432, 46.4397, 16.3396, 0.2263, 58.1849, 7.441, 13.3165, 20.3235, 13.2389, 34.9215, 17.0947, 1.0675, 50.3489, 16.9817, 137.6107, 39.6092],
      [3.4543, 0.8565, 5.2825, 2.3415, 0.4496, 3.4255, 3.1701, 1.0148, 0.0732, 0.4002, 1.0027, 4.9144, 5.0437, 0.6287, 4.8209, 5.4285, 0.8115, 3.3164, 1.4846, 2.0072, 0.3509, 0.2222, 0.449, 0.9777, 0.1222, 5.0569, 0.5531, 4.4689, 3.8601, 2.9286, 0.4834, 3.1013, 0.188, 2.5769, 4.682, 2.4333, 0.1262, 10.4701, 0.4883, 1.7966, 2.6932, 1.6276, 4.5257, 1.7396, 0.195, 5.0042, 1.5502, 25.3781, 2.0784]
    ],
    [
      [4.3635, 1.5621, 5.8612, 1.639, 0.6265, 3.9572, 1.9566, 1.7217, 0, 0, 0.1918, 1.6665, 2.047, 0.4585, 4.0354, 5.35, 1.3017, 6.9956, 0.8514, 3.8129, 0.3804, 0, 0.7287, 1.4193, 0.8464, 10.6533, 0.9235, 5.7904, 3.5702, 2.7394, 1.8415, 1.0157, 0.3845, 0.7984, 1.7073, 0.8723, 0.5793, 0.9922, 1.2331, 0.0714, 0.6812, 2.0788, 3.3378, 3.5377, 0.1353, 5.6229, 0.6157, 19.8696, 4.4861],
      [54.42, 17.8736, 71.3244, 35.7559, 8.9678, 79.6783, 42.5814, 9.9823, 0.6246, 0.7759, 10.7899, 127.667, 81.8596, 26.5831, 80.4972, 117.1936, 26.3249, 74.7633, 20.2525, 32.3714, 11.0631, 2.2847, 11.6617, 41.167, 7.8566, 76.627, 9.3594, 47.6887, 74.0921, 40.843, 16.1064, 9.6901, 7.7434, 19.849, 47.9738, 29.7365, 0.5784, 62.7377, 32.8976, 10.4221, 20.8426, 20.0477, 86.742, 44.1512, 4.1935, 56.9203, 11.2875, 374.7978, 54.4471],
      [23.1009, 17.3783, 11.7804, 5.101, 1.764, 17.523, 7.7503, 1.9192, 0.0817, 0.0367, 1.066, 9.9936, 3.8969, 2.9546, 11.0178, 16.8004, 3.0973, 48.485, 4.9169, 16.8015, 0.2923, 0.2755, 1.8661, 7.802, 5.0758, 29.9412, 6.1117, 20.2504, 14.2982, 14.8425, 12.5123, 6.4112, 7.1879, 6.4662, 6.068, 3.1705, 1.7616, 4.1519, 2.7639, 2.9261, 4.8118, 2.8283, 13.977, 17.7913, 6.504, 23.9665, 4.7697, 39.2141, 7.4947],
      [240.1868, 101.9364, 223.8692, 121.2891, 33.1516, 408.1467, 205.853, 44.0749, 4.1493, 3.5861, 27.0787, 447.5059, 426.4952, 132.9853, 330.5282, 452.9543, 149.5898, 418.5279, 134.2044, 203.276, 25.2174, 8.7078, 23.4921, 104.8076, 41.8417, 636.3273, 125.5715, 484.2054, 349.5151, 216.8616, 91.2443, 110.1482, 52.254, 138.6545, 225.6591, 116.7733, 1.6533, 265.0108, 81.1065, 67.6537, 149.1032, 121.8442, 374.3925, 237.7964, 96.5928, 412.3711, 119.7616, 1128.9226, 236.7213],
      [20.9288, 9.2497, 23.1647, 13.215, 2.4901, 22.695, 13.8587, 3.302, 0.1444, 0.6013, 1.8736, 21.167, 31.7013, 4.0185, 26.9213, 31.7017, 4.6866, 26.2282, 10.7748, 14.7383, 1.0469, 0.732, 2.2513, 5.8041, 3.3794, 59.4514, 11.0339, 36.0652, 18.5244, 16.7136, 3.2955, 19.7351, 1.4303, 12.232, 12.5917, 8.4476, 0.4274, 23.1073, 2.999, 5.9267, 11.5613, 9.2009, 29.5509, 14.7236, 15.5741, 27.1194, 7.5657, 109.1958, 10.8507]
    ],
    [
      [10.5678, 6.3408, 5.9979, 4.5328, 2.2562, 10.8312, 7.8382, 3.7056, 0, 0, 0.6485, 6.4319, 3.7017, 0.638, 5.5756, 8.9112, 3.0872, 22.7559, 1.6073, 12.4684, 0.9965, 0, 1.0909, 1.8502, 4.8894, 13.9036, 2.9264, 12.6227, 11.1415, 8.3574, 7.946, 2.4879, 2.0328, 0.9617, 4.7927, 2.93, 0.852, 3.7903, 2.0124, 0.2107, 2.1269, 2.9089, 8.7026, 6.5584, 0.4497, 15.3641, 2.1851, 58.5311, 8.6978],
      [2.9085, 1.3667, 0.8898, 1.9418, 0.8818, 3.1466, 3.565, 0.3066, 0.4749, 0.1926, 0.3514, 5.8133, 1.1609, 0.1776, 1.2109, 2.6295, 0.8265, 4.5359, 0.4295, 2.276, 0.4678, 0.4716, 0.3201, 0.5658, 0.9645, 2.8945, 0.6223, 2.2849, 3.8984, 2.6535, 1.6617, 0.4884, 0.9015, 0.2322, 1.6415, 1.535, 0.0318, 2.9379, 0.6059, 0.2118, 1.0611, 0.3984, 3.6343, 1.1432, 0.7202, 2.7691, 0.6583, 25.6151, 1.9841],
      [158.097, 103.6169, 49.5462, 56.6861, 23.5572, 149.933, 112.0338, 16.4248, 6.7205, 3.3535, 8.7916, 121.8194, 39.2347, 12.3434, 58.2577, 109.5494, 34.0977, 299.7799, 31.5278, 150.533, 6.3319, 5.7289, 10.3179, 25.0459, 51.1178, 164.3569, 60.6473, 161.0326, 147.4288, 132.0056, 95.9038, 47.0264, 53.4024, 21.8584, 66.5472, 47.6293, 5.0402, 72.3549, 17.7743, 15.7906, 48.9519, 23.073, 137.6503, 90.4738, 56.0372, 193.8086, 49.2079, 575.0335, 73.6337],
      [3.3654, 2.4968, 0.5025, 1.7938, 0.7423, 6.3042, 4.5887, 0.2622, 0.6893, 0.0797, 0.0651, 6.8442, 3.7065, 0.7279, 2.1067, 3.6018, 2.5858, 7.8986, 1.539, 4.5037, 0.1155, 0.3511, 0.0988, 0.3028, 1.8693, 6.8653, 5.2311, 8.5089, 5.0819, 4.1112, 2.453, 1.6225, 2.1951, 0.4216, 1.7906, 1.5517, 0.0017, 2.0232, 0.4236, 0.3768, 2.2817, 0.9637, 6.1342, 3.1994, 5.4959, 6.3281, 2.7048, 16.2417, 2.7976],
      [3.0613, 2.1788, 1.0635, 2.0456, 0.5625, 2.7851, 2.9744, 0.3008, 0.1154, 0.3742, 0.1435, 2.0912, 2.1961, 0.113, 2.8493, 2.3079, 0.4027, 5.0297, 0.8964, 3.219, 0.0883, 0.4484, 0.1723, 0.2353, 1.159, 4.9796, 2.5729, 4.5509, 2.4496, 2.8723, 1.0356, 2.3748, 0.4683, 0.5261, 1.228, 1.3539, 0.0743, 2.8938, 0.1838, 0.41, 1.5784, 0.6561, 3.8786, 1.6252, 3.2973, 3.7301, 1.2439, 18.5787, 0.8867]
    ],
    [
      [0.6697, 0.6698, 0.7835, 0.4339, 0.1058, 1.1458, 0.5523, 1.2553, 0, 0, 0.279, 0.1178, 0.2103, 0.0273, 0.4043, 0.4169, 0.153, 2.1739, 0.1806, 1.4699, 0.1475, 0, 0.122, 0.1059, 0.4225, 3.9521, 0.4569, 2.1473, 0.6833, 0.7419, 0.6689, 0.2352, 0.1025, 0.3994, 0.8505, 0.5127, 0.114, 0.7426, 0.3927, 0.0354, 0.3498, 0.6964, 0.8523, 1.0394, 0.086, 1.8619, 0.3248, 4.5083, 0.3766],
      [1.1174, 1.1423, 0.9227, 1.0876, 0.1794, 2.7901, 1.2419, 0.995, 0.1333, 0.379, 3.0025, 0.7262, 1.2101, 0.1192, 0.8631, 0.7875, 0.339, 3.2827, 0.4948, 2.0484, 0.5082, 0.0256, 0.167, 0.2019, 0.1518, 4.3352, 0.7076, 3.9496, 1.47, 1.5499, 0.8525, 0.4864, 0.2141, 1.245, 2.807, 2.0801, 0.0117, 6.2771, 1.1106, 0.4172, 1.3333, 0.9862, 2.6329, 1.1809, 0.2436, 3.2211, 0.7614, 9.6453, 0.6134],
      [10.1852, 13.8076, 6.9052, 4.0501, 1.1171, 15.7431, 6.5804, 9.346, 1.0575, 1.0464, 8.8087, 3.3765, 3.433, 1.1273, 4.8201, 5.0636, 1.1613, 34.3519, 3.2755, 20.0923, 1.0209, 0.1602, 1.4013, 2.7363, 5.2228, 33.2085, 7.2317, 21.6287, 8.5623, 12.0009, 10.495, 2.6829, 2.767, 9.0585, 17.5717, 11.049, 1.4598, 17.7557, 5.678, 3.276, 8.5947, 4.5166, 10.3627, 19.9232, 6.792, 25.1694, 9.8415, 35.2141, 2.9962],
      [6.2857, 6.6809, 8.8065, 6.3283, 1.0667, 24.0457, 9.3412, 7.1656, 1.3329, 1.4075, 7.4778, 9.5048, 17.8739, 3.8092, 12.6163, 11.0046, 4.1154, 22.1286, 7.95, 13.6634, 2.1242, 0.3204, 0.9351, 2.5409, 3.857, 64.47, 13.9234, 41.143, 11.6088, 10.4019, 6.0613, 3.5635, 1.8471, 15.7839, 25.2915, 15.2739, 0.0945, 38.2712, 8.1355, 5.6897, 16.427, 11.7639, 20.4938, 19.013, 9.7614, 25.3851, 13.1211, 51.4059, 5.2133],
      [9.742, 7.6993, 12.5823, 9.1001, 1.5311, 18.2754, 9.2842, 5.2381, 0.4763, 2.167, 4.432, 8.2747, 15.2727, 1.9169, 13.2964, 11.7275, 2.2313, 22.0627, 7.099, 14.7258, 1.1991, 0.4939, 1.3746, 2.415, 3.3459, 56.0342, 11.6804, 33.1315, 10.6755, 12.3054, 3.9222, 7.032, 1.0692, 13.5133, 16.4793, 12.0843, 0.32, 34.9534, 3.6832, 5.5817, 13.2951, 9.0369, 20.6584, 13.8434, 10.1169, 23.3625, 8.9512, 73.2264, 4.8007]
    ],
    [
      [0.925, 0.5863, 0.6008, 0.368, 0.0825, 0.7437, 0.8804, 0.4858, 0, 0, 0.0944, 0.2087, 0.1916, 0.0396, 0.1867, 0.4675, 0.1899, 1.8668, 0.1607, 0.8315, 0.241, 0, 0.0885, 0.2423, 0.1847, 1.7081, 0.282, 1.6058, 0.7133, 0.5601, 0.5129, 0.2146, 0.1219, 0.116, 0.6293, 0.2661, 0, 0.2699, 0.2188, 0.0152, 0.2532, 0.2395, 0.6462, 0.573, 0.0192, 1.0574, 0.1892, 4.3303, 0.1309],
      [1.7692, 0.9101, 0.9422, 0.9989, 0.1517, 1.7517, 2.8794, 0.3519, 0, 0.1815, 0.7084, 1.9978, 1.1419, 0.3802, 0.4802, 1.2564, 0.5055, 2.8204, 0.5307, 1.0642, 0.8067, 0, 0.1568, 1.0833, 0.1766, 2.6099, 0.6759, 2.7241, 1.8231, 1.1766, 0.6295, 0.362, 0.3015, 0.5083, 2.2913, 1.0498, 0, 2.1794, 0.8603, 0.3083, 1.1614, 0.3575, 2.0203, 0.7339, 0.1653, 1.7143, 0.5123, 10.9472, 0.217],
      [22.0941, 14.5275, 10.2241, 6.0806, 1.339, 15.7345, 19.4696, 4.6049, 0, 0.6431, 3.3794, 10.5699, 4.5191, 3.006, 5.3367, 11.8255, 3.1408, 39.7058, 5.988, 15.3213, 1.5592, 0, 1.542, 8.6388, 2.7873, 33.4199, 8.6692, 28.6309, 15.2312, 13.3704, 10.1217, 6.8128, 5.0782, 7.9952, 18.1073, 7.0734, 0, 11.3316, 4.2487, 4.3162, 11.7759, 3.4422, 14.006, 14.7426, 4.7464, 21.2026, 7.3133, 59.366, 1.993],
      [6.2212, 3.3832, 4.4844, 3.5617, 0.5039, 10.3074, 12.9205, 1.7747, 0, 0.3223, 1.4954, 11.1877, 11.3845, 3.8238, 4.3731, 8.7944, 4.1248, 12.2591, 5.3672, 4.6342, 1.5399, 0, 0.4271, 3.8815, 0.7677, 21.5591, 6.4362, 21.6824, 8.834, 5.0327, 2.5761, 3.103, 1.6492, 4.4878, 12.8889, 4.7828, 0, 9.6441, 3.0715, 2.5046, 9.0108, 3.0409, 10.4338, 6.9432, 2.058, 9.3076, 4.9803, 33.7806, 1.1848],
      [9.9905, 4.5929, 7.7487, 5.9909, 0.923, 8.4627, 11.85, 1.7829, 0, 0.853, 1.3223, 9.0359, 9.763, 1.7503, 5.6233, 9.6564, 2.039, 13.3479, 4.9535, 6.1489, 0.8531, 0, 0.7856, 3.1541, 1.0836, 22.7031, 5.9367, 18.3568, 8.3984, 6.8602, 2.1596, 6.5076, 0.849, 4.8927, 9.0832, 4.8278, 0, 11.5749, 1.6006, 2.8556, 7.7987, 2.9199, 11.8938, 6.0073, 3.011, 9.7181, 4.0048, 54.576, 1.4744]
    ],
    [
      [1.5593, 0.5985, 0.0994, 0.5181, 0.1999, 1.7947, 1.1173, 0.533, 0, 0, 0.1198, 0.8363, 0.5447, 0.0003, 0.0293, 1.7203, 0.4784, 1.6753, 0.2788, 1.1196, 0.1198, 0, 0.2007, 0.0035, 0.0224, 2.4766, 0.3193, 2.0769, 1.8393, 0.9565, 0.5199, 0.4002, 0.239, 0.0019, 0.1852, 0.4385, 0, 0.099, 0.1329, 0.0001, 0.2666, 0.5653, 1.3162, 0.9989, 0.04, 2.1962, 0.3186, 7.4335, 0.6785],
      [7.523, 2.1394, 8.188, 2.6231, 0.9985, 9.0879, 6.5217, 2.5659, 0.3532, 0.5185, 2.1372, 12.8055, 12.932, 2.6469, 10.2789, 14.7254, 2.6326, 6.6271, 1.9452, 4.15, 0.8184, 0, 1.2734, 2.1029, 0.5497, 9.1961, 1.5843, 7.6702, 12.4819, 4.0529, 2.0888, 2.6019, 1.0261, 4.0537, 8.2487, 3.8034, 0, 14.6311, 4.5587, 2.0197, 4.6545, 3.8631, 9.4073, 5.1387, 2.0424, 8.4163, 1.6913, 40.9085, 3.4524],
      [2.3842, 0.9494, 3.4204, 0.6093, 0.2501, 2.5538, 1.7718, 0.7071, 0.0325, 0.0986, 0.8585, 4.3934, 5.8703, 1.7155, 5.208, 4.8254, 0.9086, 2.2557, 0.84, 1.5227, 0.137, 0, 0.2476, 0.9568, 0.0769, 3.7897, 0.8849, 3.0306, 3.2884, 1.2047, 0.8049, 1.5976, 0.4254, 2.8231, 3.5585, 1.2158, 0, 5.9746, 1.8409, 1.2905, 2.3667, 1.5184, 3.2172, 1.954, 1.1104, 2.7798, 0.8215, 8.83, 0.7831],
      [22.2691, 8.0821, 18.6527, 6.2867, 2.6407, 30.7498, 20.0928, 6.8392, 1.427, 0.8218, 3.663, 32.6099, 42.4148, 9.0672, 29.6424, 41.3074, 9.1742, 23.4726, 7.2329, 15.6543, 1.484, 0, 2.339, 4.561, 2.593, 40.2743, 11.2055, 37.4286, 38.8565, 12.9708, 7.6519, 11.6051, 4.4961, 13.9174, 22.1314, 9.7695, 0, 33.3997, 10.4337, 6.2878, 16.6652, 13.5565, 28.0562, 18.9475, 16.0114, 31.3827, 7.5764, 90.8608, 9.4718],
      [8.2642, 3.2306, 7.6394, 2.9628, 0.9107, 8.8135, 6.4963, 2.3548, 0.1873, 0.561, 1.2216, 8.355, 13.2383, 1.5701, 9.8413, 12.4214, 1.806, 7.9693, 2.703, 5.5534, 0.4409, 0, 0.9393, 1.3758, 0.758, 16.263, 4.0059, 12.7935, 9.5336, 4.8151, 1.9344, 5.7951, 0.8135, 5.2039, 6.8761, 3.7727, 0, 13.8956, 2.0338, 2.402, 6.047, 4.4967, 10.003, 5.9606, 6.7958, 10.225, 2.5922, 37.9671, 2.6141]
    ]
  ],
  "V_est": [
    [601.7678, 271.3456, 2336.9332, 80.165, 16.7886],
    [91.3198, 3283.9386, 197.4917, 1149.1956, 140.0546],
    [125.311, 2154.0945, 480.998, 10153.5994, 763.9982],
    [309.2158, 98.4609, 4001.1145, 145.9469, 100.2623],
    [33.9781, 72.0486, 453.7264, 626.5264, 585.7206],
    [24.3392, 58.3751, 525.0322, 306.5321, 329.7216],
    [37.0685, 273.7367, 97.704, 836.0346, 286.4541]
  ],
  "p_est": [
    [0.182, 0.0821, 0.7067, 0.0242, 0.0051],
    [0.0188, 0.6754, 0.0406, 0.2364, 0.0288],
    [0.0092, 0.1575, 0.0352, 0.7423, 0.0559],
    [0.0664, 0.0212, 0.8595, 0.0314, 0.0215],
    [0.0192, 0.0407, 0.2561, 0.3536, 0.3305],
    [0.0196, 0.0469, 0.4221, 0.2464, 0.265],
    [0.0242, 0.1788, 0.0638, 0.5461, 0.1871]
  ],
  "EI_Z": {},
  "EI_V": 5.7691,
  "MAE_Z": {},
  "MAE_V": 102.3566,
  "MAE_p": 0.0392,
  "runtime": 257.883
}
