{
  "X": [
    [15, 9, 105, 2],
    [0, 16, 23, 1],
    [53, 429, 1236, 80],
    [55, 433, 776, 75],
    [31, 323, 493, 62],
    [47, 247, 655, 45],
    [20, 166, 283, 33],
    [70, 425, 1201, 90],
    [38, 192, 591, 32],
    [1, 10, 117, 7],
    [9, 33, 109, 10],
    [10, 54, 103, 6],
    [4, 10, 72, 1],
    [6, 38, 123, 12],
    [2, 12, 25, 0],
    [4, 7, 93, 3],
    [13, 51, 238, 18],
    [5, 10, 104, 4],
    [3, 14, 140, 4],
    [2, 13, 83, 2],
    [5, 32, 256, 27],
    [57, 132, 729, 48],
    [11, 24, 201, 5],
    [16, 64, 110, 9],
    [4, 14, 97, 2],
    [59, 276, 486, 38],
    [43, 185, 456, 32],
    [3, 12, 79, 4],
    [5, 126, 118, 21],
    [33, 303, 297, 27],
    [36, 341, 307, 30],
    [33, 190, 152, 19],
    [34, 251, 247, 23],
    [39, 374, 204, 22],
    [17, 146, 120, 12],
    [13, 158, 98, 10],
    [27, 209, 366, 19],
    [28, 328, 208, 23],
    [39, 254, 239, 25],
    [22, 197, 268, 30],
    [47, 494, 245, 43],
    [49, 635, 343, 57],
    [23, 249, 138, 24],
    [34, 444, 206, 36],
    [55, 476, 433, 40],
    [43, 301, 222, 30],
    [33, 173, 214, 21],
    [26, 277, 146, 25],
    [40, 417, 489, 47],
    [31, 295, 161, 26],
    [71, 477, 338, 34],
    [11, 139, 184, 25],
    [19, 222, 208, 17],
    [3, 35, 163, 16],
    [9, 25, 195, 7],
    [19, 96, 121, 14],
    [0, 4, 110, 5],
    [177, 1523, 2894, 221],
    [21, 119, 206, 16],
    [131, 497, 890, 68],
    [12, 37, 66, 6]
  ],
  "W": [
    [24, 7, 88, 1, 11],
    [3, 10, 21, 3, 3],
    [96, 358, 1130, 98, 116],
    [84, 368, 693, 100, 94],
    [56, 281, 425, 74, 73],
    [69, 220, 593, 58, 54],
    [31, 135, 255, 44, 37],
    [89, 371, 1102, 122, 102],
    [61, 165, 525, 38, 64],
    [4, 6, 108, 3, 14],
    [6, 32, 92, 14, 17],
    [11, 50, 105, 3, 4],
    [6, 6, 71, 3, 1],
    [12, 34, 113, 12, 8],
    [0, 13, 23, 1, 2],
    [2, 13, 81, 2, 9],
    [11, 32, 229, 24, 24],
    [4, 7, 94, 3, 15],
    [6, 11, 123, 5, 16],
    [2, 12, 78, 3, 5],
    [19, 21, 249, 10, 21],
    [103, 93, 660, 34, 76],
    [8, 22, 185, 5, 21],
    [17, 40, 115, 14, 13],
    [3, 13, 92, 3, 6],
    [97, 151, 481, 41, 89],
    [64, 151, 402, 64, 35],
    [4, 9, 71, 4, 10],
    [19, 70, 153, 15, 13],
    [48, 221, 299, 45, 47],
    [66, 221, 314, 67, 46],
    [46, 127, 153, 39, 29],
    [41, 193, 246, 34, 41],
    [68, 264, 238, 29, 40],
    [22, 105, 126, 20, 22],
    [30, 103, 102, 19, 25],
    [47, 117, 397, 34, 26],
    [42, 238, 221, 49, 37],
    [56, 189, 249, 28, 35],
    [38, 121, 292, 24, 42],
    [73, 386, 262, 48, 60],
    [83, 453, 397, 92, 59],
    [55, 171, 165, 15, 28],
    [67, 335, 233, 46, 39],
    [108, 322, 472, 55, 47],
    [65, 205, 241, 48, 37],
    [54, 118, 213, 23, 33],
    [49, 205, 155, 38, 27],
    [68, 267, 548, 52, 58],
    [49, 207, 171, 41, 45],
    [122, 313, 391, 53, 41],
    [14, 100, 193, 28, 24],
    [35, 153, 225, 25, 28],
    [13, 27, 140, 16, 21],
    [14, 22, 189, 4, 7],
    [28, 59, 129, 17, 17],
    [1, 2, 106, 5, 5],
    [348, 1161, 2837, 191, 278],
    [26, 97, 195, 21, 23],
    [159, 389, 879, 68, 91],
    [22, 20, 71, 3, 5]
  ],
  "method": "mvn_cdf",
  "mvncdf_method": "genz",
  "mvncdf_samples": 5000,
  "mvncdf_error": 1e-06,
  "cond_prob": [
    [
      [0.51972027967, 0.098253506102, 0.35184340617, 0.030182808067],
      [0.050164788553, 0.74743019725, 0.15430948479, 0.04809552941],
      [0.01710668959, 0, 0.97490753822, 0.0079857721864],
      [0.021840482429, 0.24183156779, 0.64039605919, 0.095931890597],
      [0.058939145621, 0.10618844591, 0.82212113051, 0.012751277957]
    ],
    [
      [0, 0.72885668279, 0.20827876841, 0.062864548794],
      [0, 0.93398508918, 0.046336614808, 0.019678296011],
      [0, 0.086401779599, 0.8968291925, 0.016769027903],
      [0, 0.55559211327, 0.37015947785, 0.074248408875],
      [0, 0.33078844947, 0.65596869022, 0.013242860308]
    ],
    [
      [0.3549553878, 0.36349783922, 0.22162121293, 0.059925560051],
      [0.023206655528, 0.82439174901, 0.091049752006, 0.061351843451],
      [0.0038318096985, 0.037658847191, 0.928338551, 0.030170792108],
      [0.013163596022, 0.35189045278, 0.47948674969, 0.15545920151],
      [0.043071747608, 0.18907068612, 0.74238179516, 0.025475771115]
    ],
    [
      [0.40046039715, 0.35993466742, 0.17815022967, 0.061454705766],
      [0.026699211986, 0.83423773105, 0.074773607376, 0.064289449591],
      [0.0066309720412, 0.053270808568, 0.90292768193, 0.037170537462],
      [0.016317042114, 0.38362335757, 0.42444750019, 0.17561210012],
      [0.056479242478, 0.21794677465, 0.69516020848, 0.030413774391]
    ],
    [
      [0.34135294749, 0.38816805262, 0.18897124539, 0.081507754497],
      [0.0208919858, 0.82777094738, 0.072923596835, 0.078413469985],
      [0.0041995488693, 0.058715382716, 0.89685519002, 0.040229878397],
      [0.012492527565, 0.37225977032, 0.40537873115, 0.20986897096],
      [0.045264816734, 0.22133824907, 0.69540544773, 0.037991486472]
    ],
    [
      [0.44566595326, 0.30485645493, 0.1977459097, 0.051731682108],
      [0.033857574198, 0.80923404987, 0.094971844215, 0.061936531714],
      [0.007550238237, 0.031732065607, 0.93109677995, 0.029620916208],
      [0.018781495552, 0.33760772706, 0.48988414773, 0.15372662966],
      [0.059884534903, 0.17657501043, 0.73903806344, 0.024502391224]
    ],
    [
      [0.38970113481, 0.37332267321, 0.16602518903, 0.070951002945],
      [0.02473669605, 0.83648298065, 0.067177984557, 0.071602338747],
      [0.0071338607956, 0.061061297432, 0.88886225645, 0.042942585321],
      [0.015455692873, 0.39262175511, 0.39105729397, 0.20086525805],
      [0.056233131482, 0.2339407209, 0.67345391608, 0.036372231537]
    ],
    [
      [0.45257825, 0.30349191459, 0.18797232995, 0.055957505449],
      [0.034640027352, 0.80754522253, 0.090599375461, 0.067215374661],
      [0.0072994955562, 0.034695505694, 0.9246618784, 0.033343120353],
      [0.019418744026, 0.34068653621, 0.47155658846, 0.1683381313],
      [0.063293673804, 0.18227193482, 0.72696863287, 0.02746575851]
    ],
    [
      [0.41633163673, 0.31847389911, 0.21620302298, 0.048991441174],
      [0.030397450289, 0.81334362181, 0.099851983902, 0.056406943999],
      [0.0068899573731, 0.027839928401, 0.94040098986, 0.024869124371],
      [0.016672228658, 0.33537163416, 0.50946929687, 0.13848684032],
      [0.052147164872, 0.17205171949, 0.7541513328, 0.02164978284]
    ],
    [
      [0.23326000106, 0.36404578639, 0.29498947899, 0.10770473356],
      [0.0080296534202, 0.77420900906, 0.11129110855, 0.10647022897],
      [0, 0.0093362854233, 0.94663706816, 0.044026646416],
      [0.0062606917469, 0.27155742144, 0.49931856661, 0.22286332021],
      [0, 0.14825512215, 0.81553831225, 0.036206565599]
    ],
    [
      [0.64073914019, 0.18020417922, 0.13404482498, 0.045011855614],
      [0.066730862237, 0.75032328321, 0.099330367245, 0.083615487309],
      [0.0075551077285, 0.01508020351, 0.9361055794, 0.041259109363],
      [0.034276016115, 0.28772161871, 0.48174936142, 0.19625300375],
      [0.10854373121, 0.14664402806, 0.71476205492, 0.030050185796]
    ],
    [
      [0.57314950192, 0.27617028941, 0.1200950188, 0.030585189878],
      [0.045650439766, 0.84673106207, 0.065743886324, 0.041874611842],
      [0.0087148262069, 0.061352762254, 0.90037450987, 0.029557901674],
      [0.030635577292, 0.42482235056, 0.41676278368, 0.12777928846],
      [0.10146750176, 0.22726665619, 0.65053714753, 0.020728694526]
    ],
    [
      [0.51050104271, 0.27987402517, 0.1860143075, 0.023610624625],
      [0.035194968705, 0.83682778206, 0.097141020079, 0.030836229159],
      [0.0085115323575, 0.029009508754, 0.95663969039, 0.0058392685022],
      [0.020349893422, 0.35691637565, 0.54047353543, 0.082260195497],
      [0.060455453879, 0.16936490816, 0.75822941081, 0.011950227151]
    ],
    [
      [0.34479176249, 0.32801001571, 0.23582995893, 0.09136826287],
      [0.02222815462, 0.78037670623, 0.10029408066, 0.097101058493],
      [0.0059384639473, 0.024220635999, 0.92880778016, 0.041033119892],
      [0.011143519126, 0.29190866462, 0.47447233209, 0.22247548416],
      [0.03774661718, 0.16140449453, 0.76388682591, 0.036962062384]
    ],
    [
      [0.95144735852, 0.028248092555, 0.018948853215, 0.0013556957108],
      [0.11507157558, 0.7822152396, 0.10271318482, 0],
      [0, 0.049566616306, 0.95043338369, 0],
      [0.073324421444, 0.39970643218, 0.52696914637, 0],
      [0.21537254802, 0.14573163899, 0.63889581299, 0]
    ],
    [
      [0.6708348367, 0.12209242699, 0.17795489498, 0.029117841324],
      [0.076462988261, 0.43097021539, 0.4126572053, 0.079909591049],
      [0.010750754714, 0, 0.97079237933, 0.018456865959],
      [0.029838589327, 0.19586824172, 0.6453319308, 0.12896123815],
      [0.081535907634, 0.084607318062, 0.81718888378, 0.016667890522]
    ],
    [
      [0.56445846833, 0.24992932196, 0.13493958234, 0.050672627371],
      [0.048595982147, 0.80091578678, 0.077679516098, 0.072808714971],
      [0.0097621171036, 0.041562553397, 0.90627783454, 0.042397494957],
      [0.028528702131, 0.35235601923, 0.42610915364, 0.19300612501],
      [0.096486322993, 0.1936292955, 0.67773651173, 0.03214786977]
    ],
    [
      [0.58125326657, 0.21266174655, 0.16824220576, 0.03784278112],
      [0.050322067955, 0.77996947171, 0.10856441743, 0.061144042902],
      [0.011279064656, 0.0065976749757, 0.95376732033, 0.028355940037],
      [0.025963809116, 0.29792278134, 0.53071517133, 0.14539823821],
      [0.078973930205, 0.145041128, 0.75472044198, 0.021264499808]
    ],
    [
      [0.32625309014, 0.32227158228, 0.30047769405, 0.050997633536],
      [0.021133755745, 0.79191244073, 0.131301122, 0.055652681524],
      [0.0023487248692, 0, 0.97977011583, 0.017881159304],
      [0.010057959738, 0.27975904516, 0.58946306746, 0.12071992763],
      [0.029426699273, 0.12228365203, 0.83086136935, 0.017428279342]
    ],
    [
      [0.43067139417, 0.2952803401, 0.2387435227, 0.035304743029],
      [0.026641894978, 0.81549216613, 0.11514513489, 0.042720804005],
      [0.0073482034336, 0.012164355611, 0.96719468811, 0.013292752845],
      [0.013847163609, 0.31210732519, 0.57185961213, 0.10218589907],
      [0.040850622654, 0.1476783226, 0.7968013654, 0.014669689353]
    ],
    [
      [0.22884167621, 0.32871554831, 0.24835166017, 0.1940911153],
      [0.0038324158074, 0.70411285808, 0.10566504452, 0.18638968159],
      [0, 0.021935688732, 0.92129881007, 0.056765501199],
      [0.0060424505311, 0.23053676902, 0.39197117846, 0.37144960199],
      [0.024338234037, 0.15241335133, 0.74948747761, 0.073760937022]
    ],
    [
      [0.42400516185, 0.28654421079, 0.21930680197, 0.070143825384],
      [0.032882254799, 0.77441886596, 0.1072268283, 0.085472050943],
      [0.0085978981193, 0.013361610857, 0.94174596247, 0.036294528556],
      [0.016481954676, 0.29184090073, 0.49976727483, 0.19190986976],
      [0.05308446599, 0.15425971006, 0.76177476042, 0.030881063534]
    ],
    [
      [0.64850141524, 0.17853087479, 0.14794337364, 0.025024336335],
      [0.071537740164, 0.76704333942, 0.11345601827, 0.047962902147],
      [0.0098623011301, 0.0071665206539, 0.96756966596, 0.015401512261],
      [0.037119877509, 0.29742287517, 0.55277917367, 0.11267807364],
      [0.10609682371, 0.1373275637, 0.74076840661, 0.015807205981]
    ],
    [
      [0.61687439925, 0.28499264267, 0.070995812789, 0.027137145291],
      [0.050431303193, 0.8733261955, 0.039017256778, 0.037225244533],
      [0.008495082822, 0.11073435314, 0.83880369577, 0.041966868272],
      [0.040714375912, 0.52829305749, 0.29500109521, 0.1359914714],
      [0.14991902291, 0.314732603, 0.51076465887, 0.024583715221]
    ],
    [
      [0.60699217119, 0.20553123627, 0.16383063436, 0.023645958181],
      [0.051621564546, 0.79681260762, 0.11127220642, 0.040293621411],
      [0.01030214265, 0.013251326065, 0.96526441615, 0.011182115132],
      [0.027358358912, 0.31274505045, 0.56192822911, 0.097968361525],
      [0.079678491131, 0.14458087379, 0.76197640668, 0.013764228397]
    ],
    [
      [0.4354600184, 0.41479850004, 0.10784573415, 0.041895747417],
      [0.026835828765, 0.89068613301, 0.041909240943, 0.040568797284],
      [0.0095667371662, 0.10388323642, 0.84602593767, 0.040524088746],
      [0.021170385576, 0.52850382145, 0.30713108408, 0.1431947089],
      [0.081332378495, 0.33297130354, 0.55820020157, 0.027496116392]
    ],
    [
      [0.47395293623, 0.29706961065, 0.18455181055, 0.044425642574],
      [0.037116757993, 0.81619456554, 0.091667026765, 0.0550216497],
      [0.0083570167077, 0.034701322489, 0.92942226893, 0.027519391874],
      [0.021204238896, 0.35055003973, 0.48749573511, 0.14074998627],
      [0.067022560521, 0.18162946681, 0.7291281122, 0.02221986047]
    ],
    [
      [0.42023966838, 0.29778621963, 0.22643162225, 0.055542489746],
      [0.027330084306, 0.80019971067, 0.106841764, 0.065628441023],
      [0.0081018643311, 0.012027726406, 0.94716533274, 0.03270507652],
      [0.01408585782, 0.3040797268, 0.52484744035, 0.15698697503],
      [0.044149476895, 0.15367702435, 0.77845692488, 0.023716573875]
    ],
    [
      [0.19454051054, 0.6696441497, 0.061686198637, 0.07412914112],
      [0.0076731934899, 0.93060388066, 0.015465622872, 0.046257302977],
      [0.001042520293, 0.2015452859, 0.71427380232, 0.083138391492],
      [0.0072495650624, 0.65946373804, 0.13580077251, 0.19748592439],
      [0.038335205741, 0.56970036129, 0.34034348326, 0.051620949709]
    ],
    [
      [0.41343010997, 0.4538995684, 0.09635556086, 0.036314760765],
      [0.023609908527, 0.90872060218, 0.034890710388, 0.032778778904],
      [0.01100451116, 0.12215583904, 0.82922138392, 0.037618265885],
      [0.020041905401, 0.58011432108, 0.27532829918, 0.12451547434],
      [0.079687879934, 0.37778355986, 0.51781103892, 0.024717521289]
    ],
    [
      [0.36495059999, 0.50749668082, 0.091352730316, 0.036199988879],
      [0.018986145028, 0.92136235932, 0.030012412293, 0.029639083364],
      [0.010713499423, 0.13783566235, 0.81313478837, 0.038316049859],
      [0.016900435601, 0.61690693088, 0.24820209649, 0.11799053703],
      [0.070020746647, 0.41893424591, 0.48661114497, 0.024433862472]
    ],
    [
      [0.49366107371, 0.40125713744, 0.071792215566, 0.033289573278],
      [0.031478590298, 0.90543744485, 0.029258251793, 0.033825713059],
      [0.012690207641, 0.14137854003, 0.79900820863, 0.046923043705],
      [0.027707562718, 0.59900701279, 0.23971927459, 0.1335661499],
      [0.11281423884, 0.39860089858, 0.46153284404, 0.027052018539]
    ],
    [
      [0.48951971466, 0.3881668063, 0.088805670705, 0.033507808336],
      [0.032026995675, 0.89606187958, 0.037052053783, 0.03485907096],
      [0.01077426319, 0.11676034727, 0.83393224006, 0.03853314948],
      [0.026543135241, 0.55835885236, 0.28569205043, 0.12940596197],
      [0.10233039489, 0.352145653, 0.5206600086, 0.024863943503]
    ],
    [
      [0.37423157691, 0.53852924366, 0.057740791192, 0.029498388236],
      [0.024662111103, 0.92564057808, 0.029186890687, 0.020510420131],
      [0.013008438975, 0.21601783005, 0.7263488674, 0.044624863574],
      [0.018719615515, 0.70779080413, 0.16952783466, 0.10396174569],
      [0.085064452821, 0.52681804868, 0.36452373526, 0.02359376324]
    ],
    [
      [0.44857559022, 0.44513142657, 0.074594608003, 0.0316983752],
      [0.0257281017, 0.91720050182, 0.027706125097, 0.029365271387],
      [0.014605057196, 0.14419852662, 0.79921467283, 0.041981743359],
      [0.023290332216, 0.62344886203, 0.2337889091, 0.11947189665],
      [0.096538294796, 0.42104837864, 0.45786129685, 0.024552029713]
    ],
    [
      [0.29579288507, 0.59442812616, 0.076579498599, 0.033199490175],
      [0.015778533009, 0.92740793668, 0.033177829913, 0.0236357004],
      [0.0080218776814, 0.18711530617, 0.76526465498, 0.039598161165],
      [0.012879860843, 0.68628578739, 0.19777997711, 0.10305437465],
      [0.057523026738, 0.50075790191, 0.4188193675, 0.022899703852]
    ],
    [
      [0.38676744696, 0.48064458867, 0.1025053163, 0.030082648069],
      [0.02101779589, 0.91772452521, 0.035382543598, 0.025875135301],
      [0.0098088068117, 0.12290889827, 0.84047466911, 0.026807625817],
      [0.018186758961, 0.59696891027, 0.28464606685, 0.10019826392],
      [0.071169298649, 0.38246766622, 0.52677240866, 0.019590626468]
    ],
    [
      [0.38409953517, 0.50966163811, 0.073645943194, 0.032592883527],
      [0.023107024194, 0.92203116807, 0.029277831369, 0.025583976372],
      [0.011135593925, 0.17125881796, 0.77630388769, 0.041301700422],
      [0.018751049229, 0.6565800789, 0.21204386894, 0.11262500293],
      [0.080772435001, 0.46297758283, 0.43203885843, 0.024211123745]
    ],
    [
      [0.46964523425, 0.41002391343, 0.083432698459, 0.036898153862],
      [0.029362123283, 0.90095807235, 0.033141884066, 0.036537920303],
      [0.011888301607, 0.12640968516, 0.81684940742, 0.044852605813],
      [0.024908783409, 0.57468119647, 0.26152078299, 0.13888923713],
      [0.099794072749, 0.37687143051, 0.49559624076, 0.027738255977]
    ],
    [
      [0.35877182651, 0.4932250587, 0.092229390937, 0.05577372386],
      [0.018712623682, 0.90464989212, 0.030570686377, 0.046066797819],
      [0.0098079877315, 0.13036546811, 0.80310902056, 0.056717523596],
      [0.015731275506, 0.5715038824, 0.23895335, 0.1738114921],
      [0.068118097561, 0.40504764184, 0.48936942115, 0.03746483945]
    ],
    [
      [0.3921503661, 0.49557707386, 0.067638454132, 0.04463410591],
      [0.023622064531, 0.91492435332, 0.023452264997, 0.038001317151],
      [0.012095431774, 0.17615935345, 0.75200290919, 0.059742305587],
      [0.019141402256, 0.63423375165, 0.19339413515, 0.15323071094],
      [0.086118598882, 0.46775170906, 0.41170229774, 0.034427394327]
    ],
    [
      [0.35083955413, 0.54512004866, 0.062019344116, 0.042021053095],
      [0.020464466372, 0.91926272268, 0.026534077283, 0.033738733664],
      [0.011427874113, 0.20420287004, 0.72511973549, 0.059249520356],
      [0.016566552915, 0.67326523396, 0.17107431516, 0.13909389796],
      [0.077100421179, 0.51389968906, 0.37662856688, 0.032371322877]
    ],
    [
      [0.29997916644, 0.5880391402, 0.061167605488, 0.050814087869],
      [0.017267494991, 0.91241543329, 0.034027820947, 0.036289250767],
      [0.0095146678944, 0.2150931842, 0.70516260256, 0.070229545347],
      [0.013072844469, 0.67371274483, 0.15659315699, 0.15662125371],
      [0.063656833312, 0.53709791535, 0.36129634069, 0.037948910643]
    ],
    [
      [0.33041341666, 0.55943481055, 0.066019056381, 0.044132716409],
      [0.018123457309, 0.92466330198, 0.022778022508, 0.034435218201],
      [0.010164349361, 0.19820251548, 0.73272035977, 0.058912775386],
      [0.015043423461, 0.66763129183, 0.17602335306, 0.14130193165],
      [0.07001671807, 0.50931887175, 0.38782481063, 0.032839599549]
    ],
    [
      [0.36438626227, 0.51308061419, 0.086294970109, 0.036238153426],
      [0.018877469317, 0.9235609982, 0.028128592645, 0.029432939836],
      [0.011136980955, 0.14468219441, 0.80414989555, 0.040030929086],
      [0.017059771558, 0.6280374012, 0.23602508868, 0.11887773857],
      [0.071761619315, 0.43337445575, 0.469842677, 0.025021247934]
    ],
    [
      [0.44682643061, 0.44861750655, 0.06737078273, 0.037185280112],
      [0.026006686562, 0.91494680725, 0.024855546168, 0.03419096002],
      [0.015448855341, 0.15720007437, 0.77433631716, 0.053014753124],
      [0.023679824364, 0.62660364405, 0.21030621832, 0.13941031326],
      [0.10175960969, 0.44090739866, 0.42745300655, 0.029879985108]
    ],
    [
      [0.44814650927, 0.40739879838, 0.10195599464, 0.042498697724],
      [0.027806910028, 0.89015704368, 0.040229862545, 0.041806183747],
      [0.010226026295, 0.10606615163, 0.83961491802, 0.044092904056],
      [0.022087521872, 0.53126250686, 0.29759118492, 0.14905878635],
      [0.085839894319, 0.33790320541, 0.54741447631, 0.028842423966]
    ],
    [
      [0.35749737986, 0.52362935835, 0.074042350567, 0.04483091122],
      [0.020951500003, 0.91702166767, 0.024104847367, 0.037921984965],
      [0.010116283397, 0.17148456236, 0.76300081471, 0.055398339534],
      [0.016474248256, 0.63609987636, 0.20109910005, 0.14632677533],
      [0.073834278739, 0.46669692968, 0.42679774187, 0.032671049707]
    ],
    [
      [0.35871776771, 0.51447565941, 0.084771375467, 0.042035197414],
      [0.018419248943, 0.92020863831, 0.027453300031, 0.033918812716],
      [0.010445354968, 0.14375862145, 0.79773755456, 0.048058469025],
      [0.016485904296, 0.61966575129, 0.2281129899, 0.13573535451],
      [0.070826392796, 0.43651043293, 0.46350793082, 0.029155243459]
    ],
    [
      [0.38942052412, 0.50604269138, 0.064395592298, 0.040141192206],
      [0.024788942013, 0.91624936792, 0.023424836931, 0.035536853139],
      [0.012392438959, 0.1864968207, 0.74530738197, 0.055803358365],
      [0.019111870424, 0.65507304063, 0.18626821228, 0.13954687667],
      [0.086319768271, 0.48425195461, 0.3980247936, 0.031403483515]
    ],
    [
      [0.42123215176, 0.48835949601, 0.061382441576, 0.029025910652],
      [0.023084517596, 0.9307688657, 0.021185705166, 0.024960911539],
      [0.018408480258, 0.17954613586, 0.76125688068, 0.040788503201],
      [0.022373803698, 0.67888417732, 0.19061631234, 0.10812570664],
      [0.097577953669, 0.48551429274, 0.39331979297, 0.023587960614]
    ],
    [
      [0.37013411847, 0.45478784359, 0.10637331896, 0.068704718977],
      [0.020050155315, 0.88274036452, 0.037235059994, 0.059974420168],
      [0.0093567194554, 0.11184790649, 0.82090873336, 0.057886640695],
      [0.015427549357, 0.50984777026, 0.26693314439, 0.20779153599],
      [0.065637023877, 0.35402292574, 0.53657308139, 0.043766968993]
    ],
    [
      [0.34143228392, 0.53570006708, 0.088464670519, 0.034402978483],
      [0.016817332487, 0.92861871717, 0.027707541381, 0.026856408959],
      [0.010105939842, 0.14604700215, 0.80702340139, 0.036823656617],
      [0.015389717782, 0.63864665938, 0.23585460552, 0.11010901733],
      [0.064937099403, 0.44089614134, 0.47099472317, 0.023172036086]
    ],
    [
      [0.22083205999, 0.36032770909, 0.29013801716, 0.12870221376],
      [0, 0.75674826247, 0.12226860557, 0.12098313196],
      [0, 0.018277505359, 0.93850113127, 0.043221363372],
      [0.0060212033463, 0.26210478048, 0.47615687997, 0.2557171362],
      [0.0015639984078, 0.14909568844, 0.80563261759, 0.043707695565]
    ],
    [
      [0.45719116793, 0.27066350526, 0.22567055607, 0.046474770741],
      [0.035578046913, 0.78677966509, 0.11733924194, 0.060303046065],
      [0.0072588882416, 0.0091139886928, 0.96070036946, 0.022926753605],
      [0.017780682092, 0.29365001665, 0.55167842979, 0.13689087146],
      [0.053364858694, 0.14348776642, 0.78286647788, 0.020280897009]
    ],
    [
      [0.48061449665, 0.39741268884, 0.079537727003, 0.042435087511],
      [0.030037073606, 0.89483673655, 0.032238952971, 0.042887236871],
      [0.012325856628, 0.12519811665, 0.80844113298, 0.05403489374],
      [0.0251170162, 0.56131486198, 0.25165173972, 0.1619163821],
      [0.10315188063, 0.37553926787, 0.48846233467, 0.032846516828]
    ],
    [
      [0, 0.36864761646, 0.33473254298, 0.29661984056],
      [0, 0.78103546636, 0.12471002262, 0.094254511022],
      [0, 0.00053025665313, 0.96661939075, 0.032850352597],
      [0, 0.26647962813, 0.55435128869, 0.17916908318],
      [0, 0.13613522099, 0.83648710977, 0.027377669245]
    ],
    [
      [0.3531321698, 0.4269085197, 0.16393754519, 0.056021765306],
      [0.020789728242, 0.86739006201, 0.060397748287, 0.051422461462],
      [0.0045734808921, 0.073465487633, 0.88531809569, 0.03664293578],
      [0.014205994276, 0.44628997785, 0.38273711087, 0.15676691701],
      [0.051384245403, 0.26522661499, 0.65495583759, 0.028433302012]
    ],
    [
      [0.50607065678, 0.32321120851, 0.13076656886, 0.039951565851],
      [0.037218049929, 0.85316310436, 0.062199178987, 0.047419666727],
      [0.0086963975934, 0.067020222163, 0.88967573532, 0.034607644921],
      [0.025288876987, 0.43514587425, 0.39467039485, 0.14489485391],
      [0.087180353615, 0.24489916414, 0.64312618123, 0.024794301024]
    ],
    [
      [0.5794488625, 0.28255463023, 0.10335403462, 0.034642472643],
      [0.049987521978, 0.8470113453, 0.056122469055, 0.046878663668],
      [0.0067927296868, 0.078362624322, 0.87855981639, 0.036284829605],
      [0.035252483345, 0.44958073146, 0.36746594882, 0.14770083638],
      [0.12147809396, 0.25422158192, 0.59882752647, 0.025472797653]
    ],
    [
      [0.46372349955, 0.39435006117, 0.098415848488, 0.043510590791],
      [0.028291722232, 0.88856315109, 0.03955155324, 0.043593573443],
      [0.010240022694, 0.10303812661, 0.83679599417, 0.049925856522],
      [0.022375431711, 0.52413542653, 0.29520915793, 0.15827998383],
      [0.087616131752, 0.33298447268, 0.54913544173, 0.030263953834]
    ]
  ],
  "expected_outcome": [
    [
      [12.473286712, 0, 34.075717229, 33.6386733603, 19.1157650594, 30.750950775, 12.0807351791, 40.2794642503, 25.3962298406, 0.93304000424, 3.8444348411, 6.3046445211, 3.0630062562, 4.1375011499, 0, 1.3416696734, 6.2090431516, 2.3250130663, 1.9575185408, 0.86134278834, 4.347991848, 43.6725316708, 5.1880113219, 10.4868647872, 1.8209765136, 42.2396217848, 30.332987919, 1.6809586735, 3.6962697003, 19.8446452788, 24.0867395992, 22.7084093908, 20.0703083011, 25.44774723, 9.8686629849, 8.8737865521, 18.1780700071, 16.1321804772, 26.3001331178, 13.6333294072, 28.6269767251, 29.1196829926, 16.4988541541, 22.1376989164, 39.3537163256, 29.0437179897, 24.1999115003, 17.5173716132, 24.3928082042, 19.0816056817, 51.3903225152, 5.1818776586, 11.9501299372, 2.8708167799, 6.400676351, 13.4572059061, 0, 122.8899950918, 13.1578370763, 92.1323691381, 10.2019169902],
      [2.3580841464, 2.1865700484, 34.895792565, 30.2345120629, 21.7374109467, 21.0350953901, 11.5730028696, 27.0107803988, 19.4269078457, 1.4561831455, 1.0812250753, 3.0378731835, 1.679244151, 3.9361201885, 0, 0.24418485399, 2.7492225416, 0.8506469862, 1.9336294937, 0.5905606802, 6.245595418, 29.5140537113, 1.4282469983, 4.8448749254, 0.6165937088, 40.2354545035, 19.0124550813, 1.1911448785, 12.7232388443, 21.7871792832, 33.4947809339, 18.4578283224, 15.9148390582, 36.6199885689, 9.7928913846, 17.8328437847, 22.5902956676, 21.4057888006, 22.9613391522, 18.7425522305, 36.1771263918, 45.2449640389, 32.3421527112, 37.4821323067, 55.4127063326, 29.1601379255, 21.9995351123, 25.6578385592, 34.9843448399, 24.7960918777, 59.579858513, 6.3670298103, 18.7495023477, 4.6842602182, 3.7892890736, 11.1275552875, 0.36864761646, 148.5641648551, 8.4034914212, 44.9261862065, 8.6757013457],
      [8.444241748, 0.62483630524, 21.2756364412, 14.9646192925, 10.5823897421, 13.6444677694, 5.1467808601, 16.729537366, 13.188384402, 1.179957916, 0.80426894987, 1.3210452067, 1.116085845, 2.8299595072, 0, 0.35590978996, 1.4843354058, 0.67296882305, 1.8028661643, 0.4774870454, 4.7186815433, 22.5886006033, 1.1835469891, 1.2069288174, 0.49149190308, 10.4610362122, 11.811315875, 0.90572648898, 1.1720377741, 4.6250669213, 6.0292802009, 3.302441916, 3.6410324989, 3.926373801, 1.6410813761, 2.297384958, 4.817749866, 3.0931296141, 4.6722311137, 3.5047168556, 4.9376071516, 5.1476055616, 3.3642183018, 4.4232767775, 9.3198567718, 4.3791008775, 5.5056237104, 3.6280751778, 5.7644535318, 3.1553840226, 7.4886578723, 1.4892264655, 3.0962634682, 3.7717942231, 3.159387785, 2.2270563561, 0.33473254298, 57.0502657268, 3.3999307904, 16.4332915051, 2.1651486667],
      [0.7243873936, 0.18859364638, 5.7528537649, 5.1621952843, 4.5644342518, 3.5694860654, 2.1994810913, 4.980217985, 2.9884779116, 0.43081893426, 0.27007113369, 0.33643708866, 0.14166374775, 1.0964191544, 0, 0.058235682647, 0.55739890108, 0.15137112448, 0.30598580121, 0.070609486059, 3.6877311908, 7.2248140146, 0.20019469068, 0.46133146995, 0.070937874543, 4.0638874994, 2.8432411247, 0.22216995899, 1.4084536813, 1.7431085167, 2.389199266, 1.5313203708, 1.3738201418, 2.0058904001, 0.69736425439, 0.99598470524, 1.4138844593, 1.3689011082, 2.0662966163, 2.1194015067, 3.2582897315, 3.4877474069, 2.7947748328, 2.9568919994, 3.9137205701, 2.4170432073, 2.2949296771, 2.1967146498, 2.8583934242, 1.9669184181, 3.5411610995, 0.96186606568, 1.2041042469, 1.6731287788, 0.65064679038, 1.1881824503, 0.29661984056, 19.4955743264, 1.0387407121, 5.5081531502, 0.95723299739]
    ],
    [
      [0.35115351987, 0, 8.3079826791, 9.8253100108, 5.8706480098, 7.4486663236, 3.3394539668, 12.8514501476, 5.0155792977, 0.048177920521, 2.1353875916, 2.2825219883, 0.21116981223, 0.75575725707, 1.4959304825, 0.99401884739, 1.5550714287, 0.35225447569, 0.23247131319, 0.31970273974, 0.080480731955, 3.0580496963, 1.5738302836, 2.0172521277, 0.67108033909, 4.0522101435, 5.6046304569, 0.24597075876, 0.53712354429, 5.2177897845, 4.1959380511, 3.9977809678, 6.1812101653, 6.5107973312, 2.7014506785, 1.6251888999, 2.4590821191, 5.4994717581, 5.5494413004, 2.2642274655, 9.1181169089, 9.2704032666, 2.9527416435, 6.0713581986, 6.0785451201, 5.3313707452, 3.2812153833, 4.2950575005, 4.9179394678, 5.1313109967, 7.2254540076, 2.0050155315, 2.5730518705, 0, 0.78271703208, 1.7721873428, 0, 24.1368744885, 3.6101508431, 19.4451460495, 0.56583444464],
      [5.2320113808, 9.3398508918, 295.1322461472, 306.9994850252, 232.6036362137, 178.031490972, 112.9252023872, 299.5992775572, 134.2016975987, 4.6452540544, 24.0103450627, 42.3365531034, 5.0209666923, 26.5328080119, 10.1687981148, 5.6026128, 25.6293051771, 5.459786302, 8.711036848, 9.7859059936, 14.7863700197, 72.0209545339, 16.8749534671, 34.9330478199, 10.3585638991, 134.4936060843, 123.2453793969, 7.201797396, 65.1422716463, 200.827253082, 203.6210814088, 114.990555496, 172.9399427592, 244.3691126128, 96.3060526906, 95.5230174779, 107.3737694498, 219.4434179996, 170.2810756739, 109.4626369469, 353.1608003823, 416.4260133745, 156.0230390933, 309.7622061638, 297.386641421, 187.5640954862, 105.0385311543, 187.9894418713, 245.6957064287, 189.6636191587, 291.3306549638, 88.2740364524, 142.0786637276, 20.4322030866, 17.3091526319, 52.7953674565, 1.5620709327, 1007.0398619922, 82.7568211226, 329.487413321, 17.7712630217],
      [1.0801663935, 0.46336614808, 32.5958112181, 27.5166875144, 20.4915307107, 20.8938057274, 9.0690279152, 33.612368296, 16.4755773438, 0.66774665131, 3.1785717518, 3.2871943162, 0.58284612047, 3.4099987423, 1.3352714027, 5.3645436689, 2.4857445151, 0.75995092202, 1.444312342, 1.3817416186, 2.218965935, 9.9720950321, 2.496032402, 1.5606902711, 1.4465386835, 6.3282953823, 13.8417210415, 0.96157587602, 1.082593601, 7.7108469957, 6.6327431167, 3.7157979778, 7.1510463801, 7.7053391414, 2.9091431352, 3.417316481, 4.1397576009, 6.9681238657, 6.2638160884, 3.6990530516, 9.0525742887, 12.0199370091, 5.818757382, 7.6306375403, 9.0574068317, 5.0953869643, 4.7471237803, 4.9414937103, 7.3300311082, 4.8489412447, 6.6311257168, 3.7235059994, 4.2392538312, 3.3012523504, 2.5814633226, 1.9020982253, 0.24942004524, 70.1217857617, 6.0333203617, 21.8316404625, 0.7910310648],
      [0.33666870587, 0.19678296011, 21.9639599555, 23.6585174496, 22.0341850658, 13.626036977, 9.6663157308, 24.9369039991, 9.3071457598, 0.6388213738, 2.6756955939, 2.0937305921, 0.18501737495, 3.3014359888, 0, 1.0388246836, 2.3298788791, 0.42800830031, 0.61217949677, 0.51264964806, 3.9141833134, 7.9489007377, 1.0551838472, 1.4890097813, 0.52381707835, 6.1258883899, 8.3082691046, 0.5906559692, 3.2380112084, 7.2441101378, 6.5502374234, 4.2958655584, 6.7278006954, 5.4147509145, 3.0833534957, 2.4344771412, 3.0273908302, 6.0889863766, 6.9056669373, 5.5740825361, 14.6685084201, 15.2836463498, 6.2054618812, 11.5357980973, 9.4774066272, 7.0091468042, 4.9331296821, 7.7740069179, 9.0563229953, 7.3561285998, 7.8127653118, 5.9974420168, 4.1090305707, 3.266544563, 1.3266670134, 2.5303469754, 0.18850902204, 59.7014777575, 4.5997076725, 18.235800167, 0.87187146885]
    ],
    [
      [1.5053886839, 0, 4.3299449593, 4.5952636246, 1.7848082694, 4.4772912746, 1.8191345029, 8.0440441029, 3.6172276209, 0, 0.69506991102, 0.91505675173, 0.60431879738, 0.67104642605, 0, 0.87081113184, 2.2355248167, 1.0602320776, 0.28889315892, 0.57315986782, 0, 5.6746127587, 1.8245257091, 0.97693452453, 0.94779712382, 4.6016005769, 3.3595207165, 0.57523236751, 0.15950560483, 3.2903488368, 3.3640388187, 1.9416017691, 2.6504687448, 3.096008476, 1.8402372068, 0.8182315235, 3.8940963043, 2.4609662575, 2.9601871001, 2.8639324176, 3.1690031248, 4.5368660231, 1.5699202026, 2.3682934011, 5.2566550108, 3.7231741371, 2.1781436008, 1.5680239266, 5.7240545225, 2.1191070621, 7.1977157809, 1.8058468549, 2.2738364645, 0, 1.3719298777, 1.5900355051, 0, 12.9749652909, 1.6957975307, 5.9708093947, 0.72704161129],
      [0, 1.8144373716, 42.554497326, 36.9166703374, 24.9540376541, 18.8171149052, 15.5706308452, 38.2344472747, 14.6159624104, 1.0083188257, 1.3873787229, 6.4420400366, 2.0596751215, 2.7369318679, 1.140032175, 0, 9.5178247278, 0.62018144772, 0, 0.94881973769, 5.4619864943, 8.8186631657, 1.325806321, 12.7344506108, 1.219121998, 49.9678367179, 13.9499316408, 0.8539685748, 30.8364287421, 36.524595873, 43.2803979764, 21.6309166241, 28.7230454293, 51.4122435515, 18.1690143539, 19.0857612292, 48.7948326115, 37.848198769, 31.476011605, 38.0667166878, 46.1537506032, 81.0685394073, 35.4903753931, 46.1811861072, 68.2899957604, 37.8852179234, 22.5920902974, 26.5801071662, 78.7797245546, 31.8909563402, 70.2025391228, 21.5866459524, 32.8605754828, 2.5588507502, 1.7225438629, 16.1505570484, 0.056207205231, 208.4215884149, 13.0689433218, 68.8807467787, 7.3157069896],
      [85.7918633637, 18.8334130425, 1049.0225626323, 625.7288835769, 381.1634557576, 552.140390509, 226.659875395, 1018.9773899934, 493.710519674, 102.2368033614, 86.1217133046, 94.5393235359, 67.9214180174, 104.9552791583, 21.859967825, 78.6341827254, 207.5376241103, 89.6541281112, 120.5117242467, 75.4411856726, 229.4034037073, 621.5523352285, 179.0003882017, 96.4624250133, 88.804326286, 406.9384760181, 373.6277521095, 67.2487386247, 109.2838917548, 247.9371937908, 255.3243235492, 122.24825592, 205.1473310537, 172.8710304418, 100.701048776, 78.0569948085, 333.6684436349, 171.5631591803, 203.3955024473, 234.5078340046, 197.0247622084, 287.8725349884, 116.351829422, 170.7238438268, 379.5587507001, 186.6150524366, 178.8379775378, 118.2651262795, 437.1601798975, 127.4475623173, 297.6514403449, 158.4353855387, 181.5802653139, 131.3901583776, 181.5723698281, 104.288906154, 102.4616554195, 2511.6474374859, 173.4867683879, 772.2540786042, 59.412515586],
      [0.7027479524, 0.35214958596, 34.0929950824, 25.7591824612, 17.0976983189, 17.5652033113, 10.9503592569, 36.7441186289, 13.0562902947, 4.7548778129, 3.7958380614, 3.1035796758, 0.41458806366, 4.6367425478, 0, 1.4950061427, 9.7090263452, 2.6654583635, 2.1993825944, 1.0368347219, 14.1346097984, 23.9543888471, 2.8492797683, 4.8261898513, 1.0287545921, 19.492086687, 11.0627955332, 2.3220604329, 12.7201738982, 11.2478614995, 12.0312396557, 7.1792256869, 9.4791547722, 10.6207175307, 5.2896996633, 4.0390124388, 10.6426274493, 9.1276757932, 11.1682988475, 16.56151689, 15.6524840637, 23.5220595813, 11.5878749823, 13.7266766649, 18.8945985288, 12.7765555029, 9.391788564, 8.5867426278, 26.3360410254, 9.5423742804, 15.9483047515, 11.1721216541, 8.2853227388, 6.0509908721, 4.3331564313, 6.9705012925, 3.4821373753, 103.9560088083, 6.7484907596, 31.8943652225, 3.5447358131]
    ],
    [
      [0.021840482429, 0, 1.2900324101, 1.6317042114, 0.92444703984, 1.089326742, 0.68005048643, 2.3690867712, 0.63354468901, 0.018782075241, 0.47986422561, 0.091906731875, 0.061049680265, 0.13372222951, 0.073324421444, 0.059677178654, 0.68468885114, 0.077891427348, 0.05028979869, 0.041541490828, 0.060424505311, 0.56038645899, 0.18559938755, 0.57000126276, 0.082075076735, 0.86798580861, 1.3570712894, 0.056343431278, 0.10874347594, 0.90188574305, 1.1323291852, 1.080594946, 0.90246659821, 0.54286884994, 0.46580664431, 0.24471735601, 0.61834980467, 0.91880141223, 0.69744593545, 0.37755061215, 0.91878730831, 1.5241228681, 0.19609266703, 0.69199747918, 0.93828743569, 1.1366315695, 0.50801300305, 0.62602143373, 0.85726702342, 0.78358668737, 1.185811596, 0.43197138201, 0.38474294454, 0.09633925354, 0.071122728369, 0.4269892754, 0, 2.7133449068, 0.53106641672, 2.3971688675, 0.067126295134],
      [0.24183156779, 1.6667763398, 34.4852643725, 38.3623357573, 27.5472230037, 19.5812481693, 17.2753572249, 41.563757418, 12.7441220979, 0.81467226431, 4.028102662, 1.2744670517, 1.0707491269, 3.5029039755, 0.39970643218, 0.39173648343, 8.4565444614, 0.89376834403, 1.3987952258, 0.93632197557, 2.3053676902, 9.9225906248, 1.4871143759, 7.3961028048, 0.93823515135, 21.6686566794, 22.4352025426, 1.2163189072, 9.8919560705, 26.1051444485, 41.332764369, 23.3612734987, 18.9842009802, 20.5259333197, 12.4689772407, 13.0394299605, 20.2969429492, 32.1724238662, 16.0910735011, 13.7160931775, 30.4432200794, 61.9404015246, 10.1056911724, 30.7110394242, 34.5420570658, 30.0769749146, 12.2190376577, 24.1717953018, 32.2226190671, 26.8579946657, 35.9808613979, 14.2757375673, 15.9661664844, 4.1936764877, 1.1746000666, 9.5423526537, 1.3323981406, 85.2413857695, 9.1380633593, 30.571489739, 1.5724062796],
      [0.64039605919, 1.1104784336, 46.9897014695, 42.4447500191, 29.9980261054, 28.4132805685, 17.2065209346, 57.5299037919, 19.3598332809, 1.4979556998, 6.7444910599, 1.2502883511, 1.6214206063, 5.693667985, 0.52696914637, 1.2906638616, 10.2266196873, 1.592145514, 2.9473153373, 1.7155788364, 3.9197117846, 16.9920873442, 2.7638958684, 4.1300153329, 1.6857846873, 12.5923744472, 31.199727047, 2.0993897614, 2.0370115877, 12.389773463, 16.6295404646, 9.349051709, 9.7135297146, 4.9163072052, 4.6757781821, 3.7578195651, 9.677966273, 10.390149578, 7.3225819238, 5.7348804, 9.2829184872, 15.738836995, 2.3488973548, 8.0970742407, 12.9813798774, 10.0946984793, 6.8445972533, 7.641765802, 11.8618754749, 7.6369967034, 10.102664554, 7.474128043, 5.8963651379, 7.6185100796, 2.2067137192, 4.2780795752, 2.7717564434, 73.1027881753, 8.2880782918, 24.9876845197, 0.88562747379],
      [0.095931890597, 0.22274522662, 15.2350017479, 17.5612100122, 15.530303851, 8.9161445202, 8.8380713541, 20.5372520189, 5.2624999322, 0.66858996063, 2.7475420525, 0.38333786538, 0.24678058649, 2.66970581, 0, 0.25792247631, 4.6321470002, 0.43619471463, 0.60359963816, 0.30655769722, 3.7144960199, 6.524935572, 0.56339036821, 1.9038805995, 0.29390508458, 5.8709830648, 9.007999121, 0.62794790012, 2.9622888659, 5.6031963454, 7.9053659812, 5.2090798463, 4.399802707, 3.0148906251, 2.3894379329, 1.9580331184, 3.4067409731, 5.5186251435, 3.8888986396, 4.1714758103, 7.3550741251, 12.7966386123, 2.3493188057, 6.499888856, 6.5382756211, 6.6916950366, 3.4283520859, 5.5604174625, 7.0582384345, 5.7214219435, 5.730662452, 5.8181630077, 2.7527254332, 4.0914741792, 0.54756348586, 2.7525784957, 0.89584541591, 29.9424811484, 3.0427919322, 10.0436568739, 0.4748399515]
    ],
    [
      [0.64833060183, 0, 4.9963227225, 5.3090487929, 3.3043316216, 3.2337648848, 2.0806258648, 6.455954728, 3.3374185518, 0, 1.8452434307, 0.40587000703, 0.060455453879, 0.30197293744, 0.43074509604, 0.73382316871, 2.3156717518, 1.1846089531, 0.47082718837, 0.20425311327, 0.51110291477, 4.0344194152, 2.2280332979, 1.9489472978, 0.47807094678, 7.2385816861, 2.3457896182, 0.44149476895, 0.49835767464, 3.7453303569, 3.2209543458, 3.2716129263, 4.1955461906, 3.4025781128, 2.1238424855, 1.4380756685, 1.8504017649, 2.988580095, 3.4927925462, 2.8609600975, 5.1671159329, 4.5489248496, 1.7823913327, 2.7306520047, 3.3727961078, 3.7651055585, 2.8327165125, 1.9935255259, 4.1079307822, 3.8843895722, 4.0006961004, 1.5752885731, 1.8182387833, 0.032843966563, 0.37355401086, 1.7535819707, 0, 14.2848202221, 2.0051481331, 11.0545065502, 0.43808065876],
