{
  "Z_true": {},
  "V_true": [
    [38, 88, 885, 536],
    [147, 1855, 460, 233],
    [233, 7690, 266, 204],
    [206, 508, 14751, 379],
    [1553, 1126, 713, 175],
    [92, 331, 307, 333]
  ],
  "p_true": [
    [0.0246, 0.0569, 0.5721, 0.3465],
    [0.0545, 0.6883, 0.1707, 0.0865],
    [0.0278, 0.9162, 0.0317, 0.0243],
    [0.013, 0.0321, 0.931, 0.0239],
    [0.4354, 0.3157, 0.1999, 0.0491],
    [0.0865, 0.3114, 0.2888, 0.3133]
  ],
  "Z_est": {},
  "V_est": [
    [0, 0, 1256.7804, 290.2196],
    [13.3422, 2227.3021, 231.8037, 222.552],
    [131.2602, 7881.9782, 0, 379.7617],
    [0, 0, 15844, 0],
    [1679.7951, 1488.7198, 49.4159, 349.0692],
    [444.6025, 0, 0, 618.3975]
  ],
  "p_est": [
    [0, 0, 0.8124, 0.1876],
    [0.005, 0.8265, 0.086, 0.0826],
    [0.0156, 0.9391, 0, 0.0452],
    [0, 0, 1, 0],
    [0.4709, 0.4174, 0.0139, 0.0979],
    [0.4183, 0, 0, 0.5817]
  ],
  "EI_Z": {},
  "EI_V": 10.5905,
  "MAE_Z": {},
  "MAE_V": 292.2005,
  "MAE_p": 0.1065,
  "runtime": 0.0134
}
