{
  "X": [
    [21, 618, 666, 96],
    [24, 340, 307, 50],
    [30, 468, 539, 92],
    [0, 36, 86, 3],
    [53, 566, 711, 52],
    [21, 281, 339, 49],
    [73, 956, 961, 135],
    [1, 41, 83, 12],
    [4, 27, 26, 3],
    [8, 36, 23, 3],
    [9, 43, 22, 7],
    [8, 63, 145, 20],
    [4, 51, 64, 20],
    [3, 14, 112, 13],
    [58, 534, 862, 70],
    [30, 274, 410, 28],
    [13, 39, 59, 6],
    [11, 132, 118, 21],
    [9, 82, 117, 17],
    [17, 134, 104, 16],
    [28, 153, 71, 12],
    [3, 29, 40, 7],
    [22, 134, 195, 26],
    [0, 35, 44, 21],
    [0, 7, 75, 7],
    [16, 69, 84, 9],
    [2, 20, 56, 5],
    [7, 70, 124, 12],
    [3, 56, 149, 22],
    [4, 55, 112, 20],
    [6, 33, 47, 3],
    [0, 60, 68, 7],
    [2, 29, 74, 7],
    [11, 543, 400, 41],
    [29, 596, 472, 53],
    [11, 328, 251, 41],
    [7, 222, 142, 22],
    [5, 123, 80, 18],
    [4, 77, 87, 6],
    [3, 339, 217, 38],
    [2, 89, 52, 19],
    [24, 471, 249, 46],
    [12, 169, 125, 10],
    [28, 478, 291, 41],
    [3, 104, 183, 32],
    [2, 26, 78, 8],
    [15, 288, 280, 40],
    [5, 38, 148, 12],
    [1, 27, 82, 15],
    [0, 13, 71, 6],
    [1, 33, 65, 7],
    [125, 570, 630, 58],
    [74, 410, 423, 30],
    [3, 182, 360, 34],
    [20, 204, 237, 89],
    [5, 21, 94, 20],
    [6, 24, 61, 6],
    [4, 91, 170, 5],
    [2, 129, 157, 17],
    [36, 384, 309, 49],
    [12, 45, 87, 13],
    [54, 219, 92, 27],
    [108, 480, 720, 99],
    [91, 445, 787, 87],
    [21, 162, 61, 7],
    [15, 259, 305, 43],
    [4, 157, 170, 64],
    [101, 942, 1214, 129],
    [23, 152, 168, 19],
    [223, 902, 1005, 145],
    [16, 142, 148, 23]
  ],
  "W": [
    [38, 592, 623, 48, 100],
    [30, 323, 282, 36, 50],
    [49, 456, 509, 43, 72],
    [5, 33, 74, 4, 9],
    [114, 485, 686, 23, 74],
    [25, 274, 315, 28, 48],
    [75, 936, 905, 73, 136],
    [4, 36, 89, 2, 6],
    [5, 27, 20, 3, 5],
    [12, 34, 20, 0, 4],
    [11, 39, 25, 2, 4],
    [16, 56, 141, 10, 13],
    [2, 51, 66, 5, 15],
    [4, 18, 112, 4, 4],
    [75, 481, 793, 50, 125],
    [62, 232, 384, 22, 42],
    [16, 40, 51, 5, 5],
    [20, 110, 117, 21, 14],
    [15, 68, 105, 12, 25],
    [34, 104, 99, 18, 16],
    [44, 122, 73, 10, 15],
    [5, 28, 39, 5, 2],
    [45, 110, 194, 8, 20],
    [1, 31, 42, 4, 22],
    [0, 10, 73, 2, 4],
    [14, 70, 82, 3, 9],
    [3, 19, 49, 8, 4],
    [5, 67, 121, 4, 16],
    [3, 55, 145, 14, 13],
    [4, 61, 108, 8, 10],
    [10, 30, 41, 2, 6],
    [3, 52, 73, 3, 4],
    [5, 21, 69, 10, 7],
    [19, 523, 339, 57, 57],
    [47, 569, 404, 54, 76],
    [19, 321, 216, 31, 44],
    [15, 206, 121, 31, 20],
    [3, 122, 73, 10, 18],
    [5, 76, 76, 1, 16],
    [14, 333, 180, 22, 48],
    [7, 84, 45, 12, 14],
    [29, 476, 198, 30, 57],
    [25, 144, 106, 14, 27],
    [39, 461, 236, 39, 63],
    [6, 98, 190, 11, 17],
    [3, 22, 76, 3, 10],
    [32, 249, 254, 35, 53],
    [7, 32, 148, 3, 13],
    [2, 23, 86, 3, 11],
    [1, 11, 71, 1, 6],
    [3, 36, 54, 5, 8],
    [120, 565, 579, 40, 79],
    [72, 386, 403, 22, 54],
    [10, 164, 339, 29, 37],
    [12, 216, 242, 28, 52],
    [7, 21, 92, 6, 14],
    [6, 21, 63, 4, 3],
    [9, 103, 138, 10, 10],
    [4, 125, 129, 28, 19],
    [53, 361, 289, 38, 37],
    [10, 43, 89, 5, 10],
    [106, 155, 75, 18, 38],
    [120, 453, 739, 18, 77],
    [139, 395, 761, 50, 65],
    [42, 135, 56, 8, 10],
    [20, 238, 294, 23, 47],
    [2, 188, 168, 16, 21],
    [185, 846, 1111, 104, 140],
    [29, 140, 150, 16, 27],
    [201, 900, 1000, 65, 109],
    [43, 120, 129, 11, 26]
  ],
  "method": "mvn_pdf",
  "cond_prob": [
    [
      [0.33424663667, 0.62468208223, 0.041038956244, 3.2324858855e-05],
      [0.006056905859, 0.88624625319, 0.064251392884, 0.043445448062],
      [0.0075649109761, 0.013741070132, 0.91236040148, 0.066333617414],
      [0, 0.43712082238, 0.41087590562, 0.152003272],
      [0, 0.40061812818, 0.38281121485, 0.21657065697]
    ],
    [
      [0.46175704104, 0.50655614966, 0.03162379163, 6.3017672604e-05],
      [0.015136165503, 0.88205566646, 0.059357951493, 0.043450216539],
      [0.018580168639, 0.012434739603, 0.90038328626, 0.068601805498],
      [4.5915484791e-05, 0.4452053414, 0.39967987016, 0.15506887296],
      [0.00034093595415, 0.40730692767, 0.37164211736, 0.22071001902]
    ],
    [
      [0.40179701168, 0.55618520534, 0.042017782975, 0],
      [0.010416646516, 0.86117097382, 0.071785631568, 0.056626748092],
      [0.010924669906, 0.011719646741, 0.90041236583, 0.076943317523],
      [0, 0.39046254918, 0.421643715, 0.18789373582],
      [1.8036587015e-05, 0.3513579315, 0.38564314843, 0.26298088348]
    ],
    [
      [0, 0.90308486127, 0.096915138728, 0],
      [0, 0.83979939842, 0.13552155889, 0.02467904269],
      [0, 0.0014555351747, 0.98773582717, 0.010808637654],
      [0, 0.29277489661, 0.62685943882, 0.080365664575],
      [0, 0.27693181739, 0.60481376633, 0.11825441628]
    ],
    [
      [0.35806391457, 0.60562194496, 0.036314140463, 0],
      [0.0087640393776, 0.90752443793, 0.06054548593, 0.023166036767],
      [0.0115582961, 0.017130386375, 0.93129362544, 0.040017692082],
      [0, 0.48646844361, 0.41192700388, 0.10160455251],
      [1.5723190888e-05, 0.45769630573, 0.39397134011, 0.14831663097]
    ],
    [
      [0.47020339778, 0.49199118187, 0.037750236986, 5.5183365147e-05],
      [0.015338418117, 0.86442166359, 0.071693026962, 0.048546891336],
      [0.015958329514, 0.01004541831, 0.90931792545, 0.064678326724],
      [2.5916023568e-05, 0.39956878014, 0.44101921649, 0.15938608735],
      [0.00030393845988, 0.36450941707, 0.40893062726, 0.22625601721]
    ],
    [
      [0.50015965846, 0.46909422237, 0.030731637163, 1.4482009618e-05],
      [0.017570188069, 0.87877059126, 0.062429629649, 0.041229591018],
      [0.020987917971, 0.012322842296, 0.90357375661, 0.063115483123],
      [1.1890679759e-05, 0.44022753728, 0.41270083904, 0.147059733],
      [0.00034849852785, 0.40441086324, 0.38529105058, 0.20994958765]
    ],
    [
      [0.21038879955, 0.7561483768, 0.03345445668, 8.3669766423e-06],
      [0.0019718796349, 0.90865241773, 0.044570380845, 0.044805321795],
      [0.00098266443778, 0.018238463005, 0.88571478093, 0.095064091628],
      [0, 0.49234697086, 0.32395163242, 0.18370139672],
      [0, 0.44266705092, 0.29752161589, 0.25981133319]
    ],
    [
      [0.60813223583, 0.35268511776, 0.038320353135, 0.00086229327289],
      [0.023433559458, 0.83960153833, 0.09559416316, 0.041370739051],
      [0.016068046446, 0.004005953056, 0.94281167434, 0.037114326163],
      [0.00033060314806, 0.32464210228, 0.56523757294, 0.10978972163],
      [0.00085599542356, 0.30265750165, 0.5350819247, 0.16140457823]
    ],
    [
      [0.5718489161, 0.39709233766, 0.028930187865, 0.0021285583684],
      [0.021580374099, 0.87056439853, 0.068617639569, 0.0392375878],
      [0.020104636828, 0.0054273608085, 0.92771090032, 0.04675710204],
      [2.8377733843e-07, 0.41222059773, 0.46795104312, 0.11982807537],
      [0.00049688770517, 0.38178879544, 0.44140499846, 0.1763093184]
    ],
    [
      [0.62878790145, 0.3614855255, 0.0097265730506, 0],
      [0.021326511382, 0.90654038512, 0.025623467893, 0.046509635602],
      [0.050043462838, 0.027007336868, 0.78441126214, 0.13853793815],
      [0, 0.54285963755, 0.23012083842, 0.22701952403],
      [0.00012814231205, 0.47692037572, 0.20579230454, 0.31715917743]
    ],
    [
      [0.40720973463, 0.53769164376, 0.055097072541, 1.5490731602e-06],
      [0.01019788645, 0.82712530663, 0.091998956234, 0.070677850688],
      [0.0064791674095, 0.008466444931, 0.91143096682, 0.073623420836],
      [0, 0.31881216287, 0.47980919864, 0.20137863849],
      [0, 0.28430970498, 0.43512669091, 0.28056360411]
    ],
    [
      [0.583383706, 0.39173059597, 0.024885698031, 0],
      [0.021547587969, 0.83305816224, 0.069723708457, 0.07567054133],
      [0.025983109406, 0.022622529955, 0.82827220649, 0.12312215415],
      [0.00030664642602, 0.35366711824, 0.31942545693, 0.3266007784],
      [0.0011924765794, 0.29794333102, 0.275415104, 0.4254490884]
    ],
    [
      [0.58630478869, 0.31800066277, 0.095694548539, 0],
      [0.017448757203, 0.63251943187, 0.19923471611, 0.15079709482],
      [0.0030413825375, 0.0031820717906, 0.92332907537, 0.070447470298],
      [0, 0.1322454354, 0.61407821799, 0.25367634661],
      [1.7092846033e-05, 0.11431844827, 0.54045690051, 0.34520755837]
    ],
    [
      [0.48679859423, 0.47439927874, 0.038802127029, 0],
      [0.016768602458, 0.87421548152, 0.078801105577, 0.030214810445],
      [0.016875631775, 0.011749271751, 0.93368807116, 0.037687025311],
      [1.3134396716e-05, 0.41102043745, 0.47836740965, 0.1105990185],
      [0.00033099945977, 0.3844337049, 0.45482798221, 0.16040731343]
    ],
    [
      [0.38235939163, 0.57446989565, 0.043170712718, 0],
      [0.009997887541, 0.88991226337, 0.07414850173, 0.025941347362],
      [0.010346423158, 0.013500938988, 0.94110150071, 0.035051137146],
      [0, 0.43509196439, 0.46265000848, 0.10225802713],
      [2.8126586343e-05, 0.40873422811, 0.44189730838, 0.14934033693]
    ],
    [
      [0.67361612076, 0.28453604465, 0.040919120256, 0.00092871433993],
      [0.032000036623, 0.78937968871, 0.12356980564, 0.055050469027],
      [0.01841440999, 0.0068017214478, 0.93258180386, 0.042202064703],
      [0.00010325551037, 0.26289601453, 0.60351740119, 0.13348332876],
      [0.00049788318532, 0.24217357414, 0.56464856951, 0.19267997316]
    ],
    [
      [0.38125691784, 0.59409663929, 0.024465786812, 0.00018065606034],
      [0.010958143402, 0.91081018431, 0.038882179645, 0.03934949264],
      [0.018493243986, 0.01936316498, 0.8757171274, 0.086426463632],
      [8.5676131908e-05, 0.52289040061, 0.31685259877, 0.1601713245],
      [0.00028265171073, 0.47733987317, 0.29434543019, 0.22803204493]
    ],
    [
      [0.4401716876, 0.52045379574, 0.039036312866, 0.0003382037972],
      [0.013384859241, 0.87015529939, 0.070104574213, 0.046355267155],
      [0.014065971904, 0.0089788953408, 0.91424871835, 0.062706414402],
      [7.3137071814e-05, 0.40384719681, 0.44399603593, 0.15208363019],
      [0.00037798251481, 0.36934729331, 0.41293105609, 0.21734366808]
    ],
    [
      [0.40308154413, 0.57280932858, 0.023625776698, 0.00048335059468],
      [0.012310279877, 0.91488543096, 0.039668964229, 0.033135324935],
      [0.020276093258, 0.018825489035, 0.89000934853, 0.07088906918],
      [0.00010863903442, 0.53391416268, 0.33159012278, 0.1343870755],
      [0.00035435357648, 0.49388872911, 0.31197522489, 0.19378169242]
    ],
    [
      [0.51661693638, 0.47345966491, 0.0099233987169, 0],
      [0.017091799449, 0.940060566, 0.019171997256, 0.023675637298],
      [0.043550275909, 0.032687921746, 0.84961016491, 0.074151637437],
      [0, 0.62809402017, 0.25594124337, 0.11596473646],
      [0.00029900835395, 0.58754848022, 0.24289548795, 0.16925702348]
    ],
    [
      [0.43258503362, 0.52601029636, 0.041127188008, 0.00027748201802],
      [0.012539206837, 0.84841371015, 0.07055191158, 0.068495171433],
      [0.01241148385, 0.0056390244015, 0.89525995517, 0.086689536575],
      [0.00027413975271, 0.35409332195, 0.42738239036, 0.21825014794],
      [0.00027923578821, 0.3119880363, 0.38343016608, 0.30430256183]
    ],
    [
      [0.40693444943, 0.55472011335, 0.038099222869, 0.00024621434305],
      [0.011389447675, 0.8732819481, 0.065113991808, 0.050214612412],
      [0.012537435253, 0.011013592177, 0.90299728674, 0.073451685832],
      [0, 0.4148239108, 0.41383676824, 0.17133932095],
      [0.00014240460327, 0.37606762194, 0.38154140495, 0.24224856851]
    ],
    [
      [0, 0.95191079592, 0.048089204076, 0],
      [0, 0.81948283941, 0.092332314472, 0.088184846115],
      [0, 0.043236010465, 0.81885627591, 0.13790771362],
      [0, 0.30285182828, 0.28192416865, 0.41522400307],
      [0, 0.25530915589, 0.2531794902, 0.49151135391]
    ],
    [
      [0.5504823446, 0.33226220946, 0.11725032647, 5.1194762786e-06],
      [0, 0.63197258281, 0.24624831746, 0.12177909973],
      [0, 0, 0.9417770632, 0.058222936799],
      [0, 0.12293448983, 0.67547811775, 0.20158739242],
      [0, 0.10860129805, 0.60920874405, 0.2821899579]
    ],
    [
      [0.73750306984, 0.24369303688, 0.018442139697, 0.00036175357684],
      [0.036649410354, 0.85527024905, 0.070323986653, 0.037756353942],
      [0.037920710944, 0.01167792222, 0.89845695565, 0.051944411184],
      [0, 0.42049825322, 0.44879135861, 0.13071038817],
      [0, 0.38892174092, 0.42214294881, 0.18893531027]
    ],
    [
      [0.47526840823, 0.45648767797, 0.067966899742, 0.00027701406043],
      [0.012313656248, 0.80786730752, 0.12598073848, 0.053838297757],
      [0.0069312906926, 0.004123298996, 0.94517853163, 0.043766878684],
      [0, 0.26350033903, 0.60345272623, 0.13304693474],
      [0.00015051567022, 0.24275344006, 0.56527385251, 0.19182219176]
    ],
    [
      [0.55556764099, 0.41453273373, 0.029868368842, 3.1256438045e-05],
      [0.020656405694, 0.87662329691, 0.066832922428, 0.035887374965],
      [0.023369461509, 0.0096479104545, 0.91612193381, 0.050860694223],
      [6.885948908e-05, 0.42644192226, 0.44673129981, 0.12675791843],
      [0.00063764581554, 0.39502566151, 0.42094832265, 0.18338837003]
    ],
    [
      [0.42490069769, 0.52109423315, 0.054005069161, 0],
      [0.010849171741, 0.8222613048, 0.09215094718, 0.074738576282],
      [0.0077800046403, 0.0083342978281, 0.90738555183, 0.076500145702],
      [0, 0.31350895932, 0.47420549415, 0.21228554654],
      [3.7906795446e-05, 0.27805745548, 0.42768467417, 0.29421996355]
    ],
    [
      [0.49997267003, 0.44363415602, 0.056393173948, 0],
      [0.01470114771, 0.78081786222, 0.10796121747, 0.096519772603],
      [0.010195265037, 0.011565336627, 0.89825864761, 0.079980750721],
      [2.4314597788e-05, 0.26052939869, 0.48593436842, 0.25351191829],
      [0.00020561688395, 0.22622822354, 0.42893841488, 0.3446277447]
    ],
    [
      [0.49782252146, 0.45276417184, 0.049413306704, 0],
      [0.016620936987, 0.85364833368, 0.10060933077, 0.029121398562],
      [0.012687598553, 0.0067723493015, 0.95372575622, 0.026814295927],
      [7.5958067123e-05, 0.33829684167, 0.56677074357, 0.094856456685],
      [0.00046720316841, 0.31810804441, 0.54188158629, 0.13954316613]
    ],
    [
      [0, 0.97877416069, 0.021191252216, 3.4587093888e-05],
      [0, 0.95691429094, 0.023114883037, 0.019970826025],
      [0, 0.039153791478, 0.89128495917, 0.069561249351],
      [0, 0.65671287787, 0.24410657453, 0.099180547603],
      [0, 0.61894224442, 0.23458264559, 0.14647510999]
    ],
    [
      [0.31291007711, 0.63760831741, 0.049239590572, 0.00024201490428],
      [0.006428890928, 0.88235990663, 0.073067088069, 0.038144114375],
      [0.0043542449991, 0.0091956137686, 0.93422849964, 0.052221641592],
      [0, 0.40347292863, 0.46760204207, 0.1289250293],
      [0, 0.37331053392, 0.44022947168, 0.18645999439]
    ],
    [
      [0.31599526045, 0.64283802652, 0.041166713035, 0],
      [0.0045269013975, 0.90568175207, 0.066239294239, 0.023552052298],
      [0.0077537481433, 0.016042321071, 0.93470880564, 0.041495125148],
      [0, 0.46754876041, 0.42831831142, 0.10413292817],
      [0, 0.43905078912, 0.40867110005, 0.15227811083]
    ],
    [
      [0.38951925298, 0.57107640459, 0.039404342427, 0],
      [0.010137595998, 0.89252151459, 0.068620096561, 0.028720792853],
      [0.012176933423, 0.013500213034, 0.9296319497, 0.044690903845],
      [0, 0.44680266253, 0.44010214566, 0.11309519181],
      [6.3445843267e-05, 0.4175425966, 0.41797812394, 0.16441583363]
    ],
    [
      [0.35387764661, 0.60422004067, 0.041845752928, 5.6559797576e-05],
      [0.0071280797825, 0.88270895921, 0.067124650676, 0.043038310329],
      [0.0092046810382, 0.012175780707, 0.91656728324, 0.062052255011],
      [0, 0.42758170416, 0.42563247963, 0.14678581622],
      [0, 0.39284640587, 0.39738131314, 0.20977228098]
    ],
    [
      [0.31911568551, 0.64486649995, 0.035984922373, 3.2892169926e-05],
      [0.005212321361, 0.90554502321, 0.055093068291, 0.034149587134],
      [0.0094175745202, 0.015684371004, 0.9154115992, 0.059486455273],
      [0, 0.4821033362, 0.38814728313, 0.12974938067],
      [0, 0.44708577025, 0.36568424079, 0.18722998895]
    ],
    [
      [0.47534056427, 0.49818081906, 0.026441470699, 3.7145971338e-05],
      [0.016483337338, 0.88736678938, 0.049049102829, 0.047100770455],
      [0.021235449954, 0.013426490379, 0.88222372732, 0.083114332346],
      [0.00018497799722, 0.46646429426, 0.35889791062, 0.17445281712],
      [0.00060964029721, 0.42232958325, 0.33029854678, 0.24676222967]
    ],
    [
      [0.42373331684, 0.53117958165, 0.045087101503, 0],
      [0.01271078886, 0.88181771774, 0.083775490382, 0.02169600302],
      [0.011961900698, 0.010567285089, 0.94977194268, 0.027698871539],
      [1.1093200055e-05, 0.40514732111, 0.50259917227, 0.092242413417],
      [0.00038736976384, 0.38235590974, 0.48264752549, 0.13460919501]
    ],
    [
      [0.21428571429, 0.73866958901, 0.046993123536, 5.1573170263e-05],
      [0, 0.89098421625, 0.06730726695, 0.041708516796],
      [0, 0.016901981748, 0.92139722207, 0.061700796181],
      [0, 0.43716135616, 0.41954696234, 0.1432916815],
      [0, 0.40210364981, 0.39265090067, 0.20524544952]
    ],
    [
      [0.25932149975, 0.70064876345, 0.040029736803, 0],
      [0, 0.87513080997, 0.062501214304, 0.06236797573],
      [0.0041055444834, 0.019455013857, 0.85385339685, 0.12258604481],
      [0, 0.40325144158, 0.33106050656, 0.26568805187],
      [0, 0.34785554973, 0.290968636, 0.36117581427]
    ],
    [
      [0.4620556398, 0.50320670775, 0.034717939662, 1.9712790308e-05],
      [0.015149563248, 0.87903492178, 0.065988499002, 0.039827015971],
      [0.017023214746, 0.011576380748, 0.91343460884, 0.057965795666],
      [2.1851329981e-05, 0.43239547833, 0.428289649, 0.13929302134],
      [0.00031477684167, 0.39863850826, 0.40129670534, 0.19975000955]
    ],
    [
      [0.36595512712, 0.59983086627, 0.034214006616, 0],
      [0.0098703496619, 0.91729919859, 0.059842766749, 0.012987684996],
      [0.013459595892, 0.018156392827, 0.93587244948, 0.032511561802],
      [0, 0.50486914172, 0.40792182472, 0.087209033563],
      [0.00011386319368, 0.47853326379, 0.39310763822, 0.1282452348]
    ],
    [
      [0.44643806382, 0.51921700736, 0.034344928812, 0],
      [0.014301050508, 0.89038251113, 0.064809535219, 0.030506903147],
      [0.016849709942, 0.012937696823, 0.92153282609, 0.048679767148],
      [1.7531705802e-05, 0.45266619746, 0.42872694194, 0.11858932889],
      [0.00030025308244, 0.42185588782, 0.40605165632, 0.17179220279]
    ],
    [
      [0.28785104036, 0.67259113081, 0.039557828828, 0],
      [0.0045303333782, 0.87654401068, 0.05949261988, 0.059433036065],
      [0.0043627425619, 0.016304890626, 0.88168810661, 0.097644260202],
      [0, 0.42119136, 0.3577038587, 0.2211047813],
      [0, 0.37247682294, 0.32217021042, 0.30535296664]
    ],
    [
      [0.3811320971, 0.57089320947, 0.04779937096, 0.00017532246605],
      [0.0092425666074, 0.86916482042, 0.076392252086, 0.045200360882],
      [0.0085781981557, 0.007445972962, 0.92527584451, 0.058699984372],
      [0, 0.37853029298, 0.47516636549, 0.14630334154],
      [0.00013241834995, 0.34642094982, 0.4429509062, 0.21049572563]
    ],
    [
      [0.33708000835, 0.626935045, 0.035924395562, 6.0551088614e-05],
      [0.0069124878539, 0.90043480492, 0.056309671877, 0.036343035348],
      [0.0098119301461, 0.015453270773, 0.91241327108, 0.062321527998],
      [0, 0.47392734695, 0.39010817101, 0.13596448204],
      [0, 0.43806083425, 0.36646328687, 0.19547587888]
    ],
    [
      [0.43153944609, 0.52149181659, 0.046900863704, 6.7873619754e-05],
      [0.012159487386, 0.86210822183, 0.082655707586, 0.043076583198],
      [0.010728095096, 0.0082050137528, 0.92947960805, 0.051587283104],
      [0, 0.37073698198, 0.49168558477, 0.13757743325],
      [0.00018170821839, 0.34119547723, 0.46066712047, 0.19795569409]
    ],
    [
      [0.2851250455, 0.67045865963, 0.044416294867, 0],
      [0.0051949748195, 0.85855551123, 0.063360220335, 0.072889293613],
      [0.0036077382343, 0.014000287862, 0.88061316139, 0.10177881252],
      [0, 0.37574219281, 0.37000219264, 0.25425561455],
      [0, 0.32555041708, 0.32828580775, 0.34616377517]
    ],
    [
      [0, 0.93578110801, 0.06413978743, 7.9104561459e-05],
      [0, 0.86991545772, 0.083944741074, 0.046139801206],
      [0, 0.0035137377828, 0.93920782709, 0.057278435122],
      [0, 0.34740741649, 0.50478102751, 0.14781155599],
      [0, 0.31637767633, 0.47065521825, 0.21296710542]
    ],
    [
      [0.33333333333, 0.56442824254, 0.10199274617, 0.00024567795485],
      [0, 0.7820122579, 0.15240654507, 0.065581197021],
      [0, 0.0071912929461, 0.94928204324, 0.04352666381],
      [0, 0.22392123577, 0.63763407719, 0.13844468705],
      [0, 0.20579224873, 0.59474817722, 0.19945957405]
    ],
    [
      [0.7063546217, 0.27076493198, 0.022880446317, 0],
      [0.035100247877, 0.8545702368, 0.079823547616, 0.030505967709],
      [0.035243187125, 0.013565612465, 0.91120534668, 0.039985853731],
      [0, 0.41162766683, 0.47463385297, 0.1137384802],
      [0, 0.3842585833, 0.45038977459, 0.16535164211]
    ],
    [
      [0.66084456158, 0.31908048707, 0.020074951348, 0],
      [0.028164097413, 0.8903174371, 0.063681488569, 0.017836976919],
      [0.038580272865, 0.018749567231, 0.90895469084, 0.033715469061],
      [0, 0.49063247741, 0.41523863733, 0.094128885258],
      [0, 0.46321637248, 0.39869552749, 0.13808810004]
    ],
    [
      [0.27481106655, 0.67314796539, 0.052040968064, 0],
      [0.0015359105762, 0.88414438286, 0.076317934034, 0.03800177253],
      [0, 0.012315550706, 0.93698512449, 0.050699324806],
      [0, 0.41234062774, 0.45916971504, 0.12848965723],
      [0, 0.38205382874, 0.4326910865, 0.18525508476]
    ],
    [
      [0.63436053526, 0.33909095786, 0.026548506875, 0],
      [0.026283914374, 0.7885611199, 0.095466643176, 0.089688322554],
      [0.027613382652, 0.037067493646, 0.80219395165, 0.13312517205],
      [9.0752627583e-05, 0.29170914719, 0.30617298661, 0.40202711358],
      [0.00048785378417, 0.23968301971, 0.25686236666, 0.50296675984]
    ],
    [
      [0.55290167504, 0.37981668591, 0.067281639045, 0],
      [0.016192029684, 0.68845697019, 0.13274757066, 0.16260342947],
      [0.0085701267098, 0.007156111135, 0.89414402096, 0.090129741193],
      [0, 0.18300233869, 0.4739723208, 0.34302534051],
      [8.5999574889e-05, 0.15195075486, 0.40258897783, 0.44537426774]
    ],
    [
      [0.62256657412, 0.35377553616, 0.023119665687, 0.00053822403438],
      [0.024025194049, 0.87685985801, 0.059333802883, 0.039781145057],
      [0.027904960855, 0.0091611069654, 0.90001255699, 0.062921375187],
      [0.00011807687367, 0.42770704172, 0.42831696595, 0.14385791546],
      [0.0005288796274, 0.3917706197, 0.400404397, 0.20729610368]
    ],
    [
      [0.39631501899, 0.4868469973, 0.11683798371, 0],
      [0.0042054837777, 0.77263895576, 0.19731942725, 0.02583613321],
      [0, 0.022019603137, 0.97404670932, 0.0039336875436],
      [0, 0.20488114161, 0.72288603645, 0.072232821949],
      [0, 0.19490479316, 0.69772508895, 0.10737011789]
    ],
    [
      [0.31573257284, 0.62459765089, 0.059669776273, 0],
      [0.0036609197727, 0.86600960699, 0.091806227418, 0.038523245823],
      [0.0021663157912, 0.011049889709, 0.94419413987, 0.042589654632],
      [0, 0.36836041848, 0.51113983457, 0.12049974695],
      [0, 0.34267794913, 0.4827675293, 0.17455452157]
    ],
    [
      [0.46520903042, 0.5051912446, 0.029505182009, 9.4542968416e-05],
      [0.015410611081, 0.88712709625, 0.055773004492, 0.041689288175],
      [0.019955432451, 0.01348800778, 0.8970762991, 0.069480260665],
      [3.7617820185e-05, 0.46001819349, 0.387113772, 0.1528304167],
      [0.00032814410753, 0.42143936995, 0.36045397176, 0.21777851418]
    ],
    [
      [0.72989836866, 0.25100761793, 0.01882641645, 0.00026759696007],
      [0.036533906838, 0.8399092678, 0.067325986041, 0.056230839323],
      [0.03516730651, 0.01062368165, 0.87616379197, 0.078045219873],
      [0, 0.38871976251, 0.42048929565, 0.19079094183],
      [1.6803997296e-05, 0.3484718826, 0.38356944724, 0.26794186616]
    ],
    [
      [0.46941802477, 0.5076629925, 0.022624455929, 0.00029452680235],
      [0.015845603914, 0.89369699889, 0.044001641474, 0.046455755718],
      [0.0235662254, 0.01668625577, 0.86860559339, 0.091141925443],
      [6.6638451835e-05, 0.48550682572, 0.33363780936, 0.18078872647],
      [0.00044616765414, 0.43879199791, 0.30606982028, 0.25469201416]
    ],
    [
      [0.618239807, 0.35777609371, 0.023984099291, 0],
      [0.025974014832, 0.86182015237, 0.063125967103, 0.049079865696],
      [0.029807843852, 0.01271909651, 0.88329047857, 0.074182581071],
      [0, 0.42443328163, 0.40213145123, 0.17343526714],
      [0.00022075110481, 0.38471595249, 0.37059500265, 0.24446829376]
    ],
    [
      [0.51222841509, 0.44760960146, 0.040100264364, 6.1719090467e-05],
      [0.018120909211, 0.84904556909, 0.082578736554, 0.050254785145],
      [0.016586883625, 0.0092799878954, 0.91507945732, 0.059053671156],
      [6.4707211927e-06, 0.36886089154, 0.47513478285, 0.15599785489],
      [0.00030075677088, 0.33698692679, 0.44115778691, 0.22155452954]
    ],
    [
      [0.42009153392, 0.56100385974, 0.018904606346, 0],
      [0.01435115924, 0.93868148126, 0.03202321664, 0.014944142862],
      [0.02525601611, 0.025040971901, 0.89937506707, 0.05032794492],
      [6.2628195425e-05, 0.59120057127, 0.31353897251, 0.095197828021],
      [0.00039111503116, 0.55839389247, 0.30095567511, 0.14025931739]
    ],
    [
      [0.39720073787, 0.56997246959, 0.032770811152, 5.5981388742e-05],
      [0.01119013145, 0.89341243233, 0.055281746342, 0.040115689875],
      [0.014911328669, 0.014036317941, 0.90272549559, 0.068326857803],
      [0, 0.46616048919, 0.3856381594, 0.14820135141],
      [0.00018730487521, 0.42808559546, 0.35992669742, 0.21180040225]
    ],
    [
      [0.42504109841, 0.52157367987, 0.053385221718, 0],
      [0.0097238854156, 0.74788906285, 0.12623081183, 0.11615623991],
      [0.0078609750338, 0.048888251316, 0.80760178061, 0.13564899304],
      [0, 0.21813719945, 0.31827283655, 0.46358996399],
      [5.6359017445e-05, 0.17382321008, 0.25677963841, 0.56934079249]
    ],
    [
      [0.42091167096, 0.53539297957, 0.043695349469, 0],
      [0.011970949131, 0.87101108127, 0.077774774914, 0.039243194686],
      [0.011693762916, 0.011051121905, 0.92710762479, 0.050147490393],
      [0, 0.40159535149, 0.46717801748, 0.13122663103],
      [8.6766483017e-05, 0.37166579311, 0.4393986844, 0.18884875601]
    ],
    [
      [0.56663316522, 0.40244681028, 0.030920024495, 0],
      [0.022225729851, 0.86952472029, 0.072575664999, 0.035673884856],
      [0.022957064571, 0.010375644617, 0.918960898, 0.047706392811],
      [2.8367784802e-05, 0.41499409763, 0.46049440743, 0.12448312716],
      [0.00044527626344, 0.38516034837, 0.43446966559, 0.17992470978]
    ],
    [
      [0.73280073983, 0.24911610032, 0.017880495361, 0.00020266448695],
      [0.036113593216, 0.85092547626, 0.067456303268, 0.045504627258],
      [0.043204817399, 0.015310409547, 0.87305191672, 0.068432856337],
      [0, 0.43045030439, 0.40739445209, 0.16215524352],
      [0, 0.39270693459, 0.37764028797, 0.22965277744]
    ],
    [
      [0.34494627035, 0.59985650387, 0.054706345277, 0.00049088049984],
      [0.005458659662, 0.85364669737, 0.084886697719, 0.056007945253],
      [0.0039710946937, 0.010628498366, 0.92131105092, 0.064089356024],
      [0, 0.35831979472, 0.47461413882, 0.16706606646],
      [0, 0.32522971609, 0.43812855122, 0.23664173269]
    ]
  ],
  "expected_outcome": [
    [
      [12.7013721933, 13.8527112312, 19.6880535724, 0, 40.8192862614, 11.7550849444, 37.5119743846, 0.84155519818, 3.0406611792, 6.8621869932, 6.9166669159, 6.5153557541, 1.166767412, 2.3452191548, 36.5098945675, 23.7062822813, 10.7778579321, 7.6251383567, 6.602575314, 13.7047725005, 22.7311452006, 2.1629251681, 18.3120502245, 0, 0, 10.3250429778, 1.4258052247, 2.7778382049, 1.2747020931, 1.9998906801, 4.9782252146, 0, 1.5645503856, 6.0039099485, 18.30740489, 6.7236752856, 4.7867352827, 1.4260216928, 2.1186665842, 3, 1.8152504982, 13.3996135542, 9.1488781779, 17.4110844891, 1.7271062422, 1.1433962913, 10.7865602673, 3.0207761226, 0.570250091, 0, 1, 84.7625546042, 47.580808434, 2.7481106655, 7.6123264232, 3.8703117253, 3.7353994447, 3.5668351709, 1.2629302914, 24.6560786123, 7.2989836866, 49.7583106254, 74.1887768398, 71.1997496972, 17.6438444246, 7.9440147573, 0.85008219682, 77.868659128, 16.4323617914, 147.2929487064, 14.8326896251],
      [23.7379191248, 15.1966844898, 27.2530750618, 4.5154243064, 69.0409017258, 12.2997795468, 35.1820666775, 3.0245935072, 1.7634255888, 4.765108052, 3.9763407805, 8.6030663001, 0.78346119195, 1.2720026511, 35.5799459053, 35.6171335303, 4.5525767143, 11.8819327858, 7.8068069361, 19.4755171716, 20.8322252559, 2.6300514818, 24.9624051009, 0.95191079592, 0, 3.4117025164, 1.3694630339, 2.0726636687, 1.5632826994, 1.7745366241, 4.5276417184, 2.9363224821, 3.188041587, 12.2139225038, 26.8405910159, 11.4801807727, 9.6729974992, 1.4945424572, 2.6558979083, 10.3413742461, 4.9045413441, 14.5929945247, 14.9957716567, 20.2494632872, 4.0355467848, 1.7126796284, 20.0619214399, 3.6504427161, 1.3409173193, 0.93578110801, 1.6932847276, 32.4917918378, 22.973795069, 6.7314796539, 4.0690914943, 2.6587168014, 2.122653217, 4.3816229757, 2.4983906036, 26.7751359639, 2.5100761793, 53.812277205, 42.9331312453, 62.2177346027, 23.5621621089, 11.3994493919, 1.0431473597, 99.0477012203, 11.6709574982, 50.0723361642, 25.7938296665],
      [1.5594803373, 0.94871374891, 2.0588713658, 0.48457569364, 4.1398120127, 0.94375592464, 2.3048727872, 0.13381782672, 0.19160176568, 0.34716225437, 0.10699230356, 0.88155316065, 0.049771396061, 0.38277819416, 2.9101595272, 2.6765841885, 0.6547059241, 0.48931573624, 0.585544693, 0.80327640774, 0.43662954354, 0.20563594004, 1.7144650291, 0.048089204076, 0, 0.25818995576, 0.20390069923, 0.14934184421, 0.16201520748, 0.22557269579, 0.49413306704, 0.063573756649, 0.24619795286, 0.78216754766, 1.852004094, 0.79506930563, 0.5397738356, 0.079324412097, 0.22543550752, 0.65790372951, 0.28020815762, 1.0068202502, 0.85535016541, 1.3394522237, 0.23734697297, 0.14339811288, 1.149580658, 0.32830604593, 0.088832589733, 0.06413978743, 0.3059782385, 2.7456535581, 1.4453964971, 0.52040968064, 0.31858208249, 0.47097147331, 0.13871799412, 1.0515418534, 0.23867910509, 1.5637746465, 0.1882641645, 2.3981923285, 2.8780919149, 5.5739367466, 0.79399346652, 0.65541622304, 0.10677044344, 8.0836396517, 0.89668071037, 3.5939795675, 2.3523728469],
      [0.0012283446365, 0.0018905301781, 0, 0, 0, 0.0013795841287, 0.0010861507213, 3.3467906569e-05, 0.0043114663645, 0.025542700421, 0, 2.4785170563e-05, 0, 0, 0, 0, 0.014859429439, 0.0036131212068, 0.005073056958, 0.016433920219, 0, 0.0013874100901, 0.011079645437, 0, 0, 0.0050645500758, 0.00083104218128, 0.00015628219023, 0, 0, 0, 0.00010376128166, 0.0012100745214, 0, 0, 0.0010746361539, 0.00049338254888, 0.00011143791401, 0, 0.00072202438369, 0, 0.00057167091893, 0, 0, 0, 0.00052596739814, 0.0019376348356, 0.00047511533828, 0, 7.9104561459e-05, 0.00073703386455, 0, 0, 0, 0, 0, 0.0032293442063, 0, 0, 0.005010777326, 0.0026759696007, 0.031219841049, 0, 0.0085789535749, 0, 0.0011196277748, 0, 0, 0, 0.040735561877, 0.021107861493]
    ],
    [
      [3.5856882686, 4.8889814575, 4.7499908112, 0, 4.2505590981, 4.202726564, 16.4456960323, 0.070987666857, 0.63270610535, 0.73373271937, 0.83173394389, 0.57108164119, 1.0989269864, 0.31407762966, 8.0656977824, 2.3195099095, 1.2800014649, 1.2053957742, 0.91017042836, 1.2802691072, 2.0851995327, 0.35109779143, 1.2528392443, 0, 0, 2.5654587248, 0.2339594687, 1.3839791815, 0.59670444574, 0.89677001028, 0.49862810962, 0, 0.13500670949, 2.3675694309, 5.768292123, 2.2881136102, 1.0737382004, 2.0109671552, 0.96601995335, 0, 0, 7.2111921062, 1.4213303513, 6.592784284, 0.44397267106, 0.20333646536, 1.7212094756, 0.38910359636, 0.11948442085, 0, 0, 19.8316400506, 10.8713416015, 0.2518893345, 5.6773255048, 0.34003262335, 0.50452907503, 0.4331648291, 0.45761497158, 5.5632306003, 1.570957994, 2.4560686066, 11.7662287188, 7.1577591382, 1.9374064974, 2.663251285, 1.8280904581, 10.1274229648, 3.1116021792, 32.5022338942, 0.65503915944],
      [524.6577818912, 284.903980268, 392.6939640638, 27.7133801478, 440.1493523939, 236.8515358226, 822.529273423, 32.7114870381, 22.669241535, 29.5991895501, 35.3550750198, 46.3190171712, 42.4859662745, 11.3853497737, 420.4976466109, 206.4596451011, 31.5751875484, 100.1891202744, 59.1705603587, 95.1480848198, 114.6873890517, 23.7555838842, 96.0610142915, 25.4039680218, 6.3197258281, 59.8689174336, 15.3494788428, 58.7337608932, 45.2243717638, 47.6298895953, 25.6094500104, 49.7595431288, 18.5295580392, 473.6715563301, 507.8447418005, 283.3495759073, 186.5422747821, 108.2587483041, 67.0181465481, 296.6977440127, 73.5109880372, 418.4206227664, 132.0910845973, 410.4663376291, 85.9013130463, 19.1216260493, 224.2082664254, 27.5874630985, 19.7467767583, 9.5690700349, 28.1524412846, 482.8321837909, 343.6625307202, 144.9996787891, 170.3292018974, 14.457596374, 18.4140570182, 79.5818124438, 108.2512008732, 320.2528817469, 36.1160985153, 138.5230348287, 390.4045290229, 335.3729997909, 126.7219999698, 212.6321588953, 140.6031438162, 736.875374753, 121.7334608411, 765.8329286327, 102.437603684],
      [38.0368245874, 19.1726183324, 32.7342479949, 4.4722114435, 29.3645606759, 19.6438893875, 58.4341333517, 1.6045337104, 2.5810424053, 2.3329997453, 0.99931524784, 5.1519415491, 3.5559091313, 3.5862248899, 37.9033317827, 17.2024524014, 4.9427922256, 4.277039761, 4.7671110465, 4.1255722798, 2.3389836652, 1.9754535242, 7.1625390989, 2.8623017486, 2.4624831746, 4.9226790657, 2.3936340311, 4.4778058027, 5.0683020949, 6.5856342656, 3.0182799231, 1.2019739179, 1.5344088494, 34.6431508872, 39.0448349434, 21.547012867, 11.3491720679, 5.9839905452, 6.366937269, 22.4133198943, 5.2501020015, 31.410525525, 8.6173584118, 29.8771957362, 5.8302767483, 1.6806295459, 14.0211082974, 2.6449826428, 1.4572850677, 0.92339215182, 5.4866356227, 45.1003044032, 24.5810545878, 12.5161411815, 20.6207949261, 2.7876989839, 1.2460098605, 20.3239010066, 11.4757784273, 20.1340546215, 2.8950173998, 6.8202544284, 28.5960630978, 32.6186009389, 4.3231342464, 13.1570556295, 23.7313926233, 65.7974595775, 10.1605930999, 60.7106729411, 10.1864037263],
      [25.7197052529, 14.0344199421, 25.8217971301, 0.81440840876, 11.2355278321, 13.301848226, 38.5908971929, 1.6129915846, 1.1170099544, 1.3340779852, 1.8138757885, 3.9579596385, 3.8591976078, 2.7143477068, 14.533323824, 6.018392588, 2.2020187611, 4.3284441904, 3.1521581665, 3.4460737932, 2.8884277503, 1.9178648001, 5.5236073654, 2.7337302296, 1.2177909973, 2.6429447759, 1.0229276574, 2.4044541227, 4.1106216955, 5.8877061288, 0.87364195687, 1.0384829533, 0.80102640188, 12.3177233518, 16.3421311331, 13.8152976155, 7.0348149496, 5.7462939955, 1.6488962295, 13.888936093, 5.2389099613, 18.9576596024, 1.8702266395, 14.0636823508, 5.8244375344, 0.99440793941, 9.0494158016, 1.3784506623, 1.6764537531, 0.50753781327, 2.3609230928, 17.2358717553, 6.8850730906, 6.2322906949, 19.3726776717, 3.4146720188, 0.8354040462, 2.6611217206, 4.8154057279, 15.0498330313, 2.4179260909, 7.2006421363, 22.2331791605, 19.8506401321, 2.0174592864, 9.5475341902, 21.8373731024, 33.1997427047, 4.9943438798, 40.954164532, 6.7209534303]
    ],
    [
      [4.7129395381, 5.2396075561, 5.5606569821, 0, 7.9289911243, 5.0268737969, 18.9940657637, 0.087457134963, 0.32136092891, 0.40209273657, 1.251086571, 0.91356260474, 1.7148852208, 0.3406348442, 13.3823759977, 3.9730264926, 0.93913490949, 2.1637095463, 1.4769270499, 2.0073332325, 3.1791701414, 0.48404787014, 2.4322624392, 0, 0, 3.1094982974, 0.33963324394, 2.8277048426, 1.1281006728, 1.101088624, 0.52019154065, 0, 0.30044290494, 2.6285206206, 4.9194811029, 1.9882111042, 1.1395265169, 1.5501878466, 0.90910445301, 0, 0.18474950175, 3.3705965197, 1.4267171645, 3.9765315462, 0.82892108676, 0.65194305983, 2.4922302571, 1.5877580742, 0.31026548815, 0, 0, 20.4058053452, 15.5478499646, 0, 6.6824386017, 0.7884516573, 1.7580125339, 0, 0.27945473706, 5.7671199783, 3.1298902794, 1.767466905, 22.0279966063, 12.6226184385, 1.4143369021, 4.3839306286, 1.3206438057, 12.9917705996, 3.4435596857, 43.2048173994, 0.51227121549],
      [8.560686692, 3.5065965682, 5.9653001912, 0.10770960292, 11.7514450534, 3.1643067676, 11.1521722778, 1.6232232074, 0.08011906112, 0.10854721617, 0.67518342169, 1.1937687353, 1.4930869771, 0.35639204054, 9.3171724988, 5.1843605714, 0.34688779384, 2.2654903026, 0.94278401079, 1.8637234145, 2.3862182874, 0.21992195166, 2.1366368824, 1.8159124395, 0, 0.95758962204, 0.2020416508, 1.167397165, 1.2084731851, 1.2490563557, 0.27766632136, 2.8582267779, 0.63449735003, 5.438346843, 5.4540860658, 2.6299686327, 1.8978088915, 0.98013379769, 0.80311366673, 3.0423567147, 0.87547562358, 2.2921233882, 1.9245776396, 3.0532964503, 3.0979292189, 0.56589394511, 3.9251307762, 1.2143420354, 1.2040247561, 0.24947538258, 0.38832981909, 7.8544896174, 7.556075594, 4.1749716893, 8.9703334623, 0.65836222442, 0.57714973882, 3.0387052329, 1.4254357725, 3.8980342484, 0.94550766682, 1.2514691827, 9.3994123207, 7.0620707884, 1.4022944264, 4.1266774748, 8.2132262211, 12.2777964369, 1.5563466926, 15.3104095472, 1.3710762892],
      [568.4005301207, 253.9080867253, 458.3098942075, 73.0924512107, 638.8674270541, 286.4351465175, 817.7342497322, 78.8286155027, 18.8562334867, 18.5542180065, 19.6102815536, 128.5117663221, 54.6659656281, 103.4128564419, 740.4146404316, 361.3829762718, 47.5616719968, 102.4589039061, 95.9961154271, 88.1109255042, 62.0215420383, 34.9151382518, 175.181473627, 34.3919635883, 68.7497256137, 73.6734703634, 46.3137480498, 110.8507539915, 131.5709050153, 97.0119339424, 39.102756005, 65.0638020195, 64.4617664752, 316.8662851111, 375.5713076778, 197.9785331807, 110.7648035035, 64.4023320944, 72.1826676433, 165.8514999728, 38.4234028582, 180.8600525502, 99.2024796448, 217.4817469564, 167.5207402559, 70.3209641828, 231.7529708552, 137.562981991, 75.7327318793, 66.6837557237, 51.2612303352, 527.587895727, 366.3087404096, 317.6379572014, 194.1309362999, 82.2612499285, 56.7007910906, 134.4184458861, 121.801044043, 259.2550504411, 77.9785774851, 65.145419504, 652.7516636613, 696.3754670231, 50.3650037559, 265.4012957026, 135.6770991419, 1030.0165711368, 137.8441347, 873.0519167165, 118.8491255682],
      [41.3258436492, 19.3457091504, 39.1641486191, 0.79983918641, 27.4521367682, 20.373672918, 57.1195122263, 8.4607041549, 0.74228652325, 0.9351420408, 3.4634484538, 10.3809023379, 8.1260621741, 7.8901166733, 29.8858110718, 13.4596366641, 2.1523052999, 10.1118962449, 6.5841735122, 7.0180178488, 5.4130695329, 3.3808919264, 14.2496270514, 5.7921239721, 4.2502743863, 4.2594417171, 2.1445770555, 6.154144001, 11.0925211268, 8.6379210779, 1.099386133, 5.0779712026, 3.6032932698, 14.0668474253, 18.0551251535, 13.4032870824, 7.197861088, 6.0673462613, 2.1051142369, 11.1061433125, 5.5163720165, 11.4772275419, 3.446225551, 11.488425047, 18.5524094384, 4.4611988122, 15.8296681114, 7.6349178994, 8.7529778764, 4.0667688937, 2.3504398457, 23.1518093104, 13.5873340318, 17.1870711094, 32.2162916362, 8.2919361898, 3.9640466368, 0.54284888102, 5.4940654475, 20.0797953322, 6.9460245687, 6.8356444082, 54.8209274118, 44.9398437499, 2.8183649155, 20.088096194, 22.7890308314, 55.7138618266, 7.1559589217, 68.4328563369, 8.2675269271]
    ],
    [
