{
  "X": [
    [21, 618, 666, 96],
    [24, 340, 307, 50],
    [30, 468, 539, 92],
    [0, 36, 86, 3],
    [53, 566, 711, 52],
    [21, 281, 339, 49],
    [73, 956, 961, 135],
    [1, 41, 83, 12],
    [4, 27, 26, 3],
    [8, 36, 23, 3],
    [9, 43, 22, 7],
    [8, 63, 145, 20],
    [4, 51, 64, 20],
    [3, 14, 112, 13],
    [58, 534, 862, 70],
    [30, 274, 410, 28],
    [13, 39, 59, 6],
    [11, 132, 118, 21],
    [9, 82, 117, 17],
    [17, 134, 104, 16],
    [28, 153, 71, 12],
    [3, 29, 40, 7],
    [22, 134, 195, 26],
    [0, 35, 44, 21],
    [0, 7, 75, 7],
    [16, 69, 84, 9],
    [2, 20, 56, 5],
    [7, 70, 124, 12],
    [3, 56, 149, 22],
    [4, 55, 112, 20],
    [6, 33, 47, 3],
    [0, 60, 68, 7],
    [2, 29, 74, 7],
    [11, 543, 400, 41],
    [29, 596, 472, 53],
    [11, 328, 251, 41],
    [7, 222, 142, 22],
    [5, 123, 80, 18],
    [4, 77, 87, 6],
    [3, 339, 217, 38],
    [2, 89, 52, 19],
    [24, 471, 249, 46],
    [12, 169, 125, 10],
    [28, 478, 291, 41],
    [3, 104, 183, 32],
    [2, 26, 78, 8],
    [15, 288, 280, 40],
    [5, 38, 148, 12],
    [1, 27, 82, 15],
    [0, 13, 71, 6],
    [1, 33, 65, 7],
    [125, 570, 630, 58],
    [74, 410, 423, 30],
    [3, 182, 360, 34],
    [20, 204, 237, 89],
    [5, 21, 94, 20],
    [6, 24, 61, 6],
    [4, 91, 170, 5],
    [2, 129, 157, 17],
    [36, 384, 309, 49],
    [12, 45, 87, 13],
    [54, 219, 92, 27],
    [108, 480, 720, 99],
    [91, 445, 787, 87],
    [21, 162, 61, 7],
    [15, 259, 305, 43],
    [4, 157, 170, 64],
    [101, 942, 1214, 129],
    [23, 152, 168, 19],
    [223, 902, 1005, 145],
    [16, 142, 148, 23]
  ],
  "W": [
    [38, 592, 623, 48, 100],
    [30, 323, 282, 36, 50],
    [49, 456, 509, 43, 72],
    [5, 33, 74, 4, 9],
    [114, 485, 686, 23, 74],
    [25, 274, 315, 28, 48],
    [75, 936, 905, 73, 136],
    [4, 36, 89, 2, 6],
    [5, 27, 20, 3, 5],
    [12, 34, 20, 0, 4],
    [11, 39, 25, 2, 4],
    [16, 56, 141, 10, 13],
    [2, 51, 66, 5, 15],
    [4, 18, 112, 4, 4],
    [75, 481, 793, 50, 125],
    [62, 232, 384, 22, 42],
    [16, 40, 51, 5, 5],
    [20, 110, 117, 21, 14],
    [15, 68, 105, 12, 25],
    [34, 104, 99, 18, 16],
    [44, 122, 73, 10, 15],
    [5, 28, 39, 5, 2],
    [45, 110, 194, 8, 20],
    [1, 31, 42, 4, 22],
    [0, 10, 73, 2, 4],
    [14, 70, 82, 3, 9],
    [3, 19, 49, 8, 4],
    [5, 67, 121, 4, 16],
    [3, 55, 145, 14, 13],
    [4, 61, 108, 8, 10],
    [10, 30, 41, 2, 6],
    [3, 52, 73, 3, 4],
    [5, 21, 69, 10, 7],
    [19, 523, 339, 57, 57],
    [47, 569, 404, 54, 76],
    [19, 321, 216, 31, 44],
    [15, 206, 121, 31, 20],
    [3, 122, 73, 10, 18],
    [5, 76, 76, 1, 16],
    [14, 333, 180, 22, 48],
    [7, 84, 45, 12, 14],
    [29, 476, 198, 30, 57],
    [25, 144, 106, 14, 27],
    [39, 461, 236, 39, 63],
    [6, 98, 190, 11, 17],
    [3, 22, 76, 3, 10],
    [32, 249, 254, 35, 53],
    [7, 32, 148, 3, 13],
    [2, 23, 86, 3, 11],
    [1, 11, 71, 1, 6],
    [3, 36, 54, 5, 8],
    [120, 565, 579, 40, 79],
    [72, 386, 403, 22, 54],
    [10, 164, 339, 29, 37],
    [12, 216, 242, 28, 52],
    [7, 21, 92, 6, 14],
    [6, 21, 63, 4, 3],
    [9, 103, 138, 10, 10],
    [4, 125, 129, 28, 19],
    [53, 361, 289, 38, 37],
    [10, 43, 89, 5, 10],
    [106, 155, 75, 18, 38],
    [120, 453, 739, 18, 77],
    [139, 395, 761, 50, 65],
    [42, 135, 56, 8, 10],
    [20, 238, 294, 23, 47],
    [2, 188, 168, 16, 21],
    [185, 846, 1111, 104, 140],
    [29, 140, 150, 16, 27],
    [201, 900, 1000, 65, 109],
    [43, 120, 129, 11, 26]
  ],
  "method": "mvn_pdf",
  "cond_prob": [
    [
      [0.33278110908, 0.64046267096, 0.026726079537, 3.0140420875e-05],
      [0.0056052217882, 0.8907329123, 0.060447946607, 0.043213919305],
      [0.0080835097212, 0.0086781377846, 0.91597802091, 0.067260331581],
      [0, 0.43726222168, 0.41078914638, 0.15194863194],
      [0, 0.39953467941, 0.38827038531, 0.21219493528]
    ],
    [
      [0.46129191456, 0.51800669027, 0.020639986212, 6.1408956887e-05],
      [0.014436360496, 0.88609891903, 0.056074379491, 0.04339034098],
      [0.019467462265, 0.0071727640122, 0.9039623669, 0.069397406822],
      [4.7015320394e-05, 0.44380246199, 0.40096708002, 0.15518344267],
      [0.00013562425663, 0.40500480723, 0.37833146983, 0.21652809869]
    ],
    [
      [0.40205177809, 0.57025905287, 0.027689169043, 0],
      [0.0098441642793, 0.86523757863, 0.068267629787, 0.0566506273],
      [0.011415567706, 0.0072812168195, 0.90366019475, 0.077643020726],
      [0, 0.38836482548, 0.42375194481, 0.18788322971],
      [0, 0.34865477355, 0.39345581639, 0.25788941006]
    ],
    [
      [0, 0.91099770014, 0.08900229986, 0],
      [0, 0.84438476331, 0.13058760849, 0.025027628202],
      [0, 0, 0.98904151806, 0.010958481941],
      [0, 0.2879449843, 0.63137559649, 0.080679419207],
      [0, 0.26983715255, 0.61455807758, 0.11560476987]
    ],
    [
      [0.35609238374, 0.6201882992, 0.023719317059, 0],
      [0.0082426541656, 0.91205425392, 0.056805866189, 0.022897225722],
      [0.012256240501, 0.011595796767, 0.93554244263, 0.0406055201],
      [0, 0.48724379555, 0.41139136102, 0.10136484343],
      [0, 0.45663374132, 0.39866264601, 0.14470361267]
    ],
    [
      [0.47030127687, 0.50486387209, 0.024781001455, 5.3849585439e-05],
      [0.014585713928, 0.8689169059, 0.06793562404, 0.048561756127],
      [0.01663494776, 0.0056887690748, 0.9123390427, 0.06533724047],
      [2.561532331e-05, 0.39779048555, 0.44271318684, 0.15947071229],
      [0.00010951434551, 0.36177239846, 0.41631971451, 0.22179837269]
    ],
    [
      [0.499516692, 0.48038723194, 0.020083158346, 1.291771803e-05],
      [0.016704922236, 0.88317030787, 0.058982961018, 0.041141808871],
      [0.021972885863, 0.0072512379934, 0.90694311705, 0.063832759098],
      [1.1430859586e-05, 0.43911361085, 0.41380487033, 0.14707008796],
      [0.00010400535549, 0.40224915778, 0.3918708467, 0.20577599017]
    ],
    [
      [0.20123361972, 0.77829524772, 0.020469099273, 2.0332877311e-06],
      [0.001598097831, 0.91685745141, 0.039387434866, 0.042157015896],
      [0.0015453258339, 0.012594913548, 0.88890989434, 0.096949866275],
      [0, 0.50769512116, 0.31327731256, 0.17902756628],
      [0, 0.4572688684, 0.29344012101, 0.24929101059]
    ],
    [
      [0.6131103187, 0.36060991192, 0.025408133746, 0.0008716356285],
      [0.02246298008, 0.84291019324, 0.092513630352, 0.042113196324],
      [0.016196546792, 0.0015582470023, 0.94519406239, 0.03705114382],
      [0.00032104113783, 0.31550049663, 0.57430353843, 0.10987492379],
      [0.00061077701357, 0.29214175857, 0.54965988975, 0.15758757466]
    ],
    [
      [0.57384141518, 0.40452453033, 0.01948266923, 0.0021513852507],
      [0.020842254957, 0.87201847138, 0.06720087729, 0.039938396376],
      [0.020215591637, 0.0011586115486, 0.93232426828, 0.046301528529],
      [4.9701418372e-09, 0.39988223605, 0.48011057003, 0.12000718895],
      [0.00023862912703, 0.36847634455, 0.45872319392, 0.1725618324]
    ],
    [
      [0.62777610952, 0.36596265973, 0.0062612307463, 0],
      [0.019457582099, 0.91028517997, 0.024617522092, 0.045639715838],
      [0.053424683735, 0.018252214982, 0.78736700475, 0.14095609653],
      [0, 0.54613632572, 0.22763796106, 0.22622571323],
      [0, 0.48117767453, 0.20789801481, 0.31092431067]
    ],
    [
      [0.40884851907, 0.55449931471, 0.036648152994, 4.0132333348e-06],
      [0.0095552306322, 0.83167301008, 0.08785072982, 0.070921029467],
      [0.0065484452449, 0.0053292191797, 0.91405859778, 0.074063737798],
      [0, 0.31557328329, 0.48315133993, 0.20127537677],
      [0, 0.28055151253, 0.44463176894, 0.27481671852]
    ],
    [
      [0.57929993739, 0.40424689887, 0.016453163739, 0],
      [0.020474150172, 0.8381414554, 0.066528516949, 0.074855877482],
      [0.026980357765, 0.017979881793, 0.82991407439, 0.12512568605],
      [0.00030956207345, 0.35417887785, 0.31868909592, 0.32682246416],
      [0.00099780290838, 0.29924835929, 0.28042432793, 0.41932950987]
    ],
    [
      [0.61192978064, 0.32081131177, 0.067258907584, 0],
      [0.017024973522, 0.62406298492, 0.20064078569, 0.15827125586],
      [0.0021949228039, 0.0052035545891, 0.92308069898, 0.069520823622],
      [0, 0.12104247477, 0.62545458314, 0.2535029421],
      [0, 0.10416325281, 0.55814340209, 0.3376933451]
    ],
    [
      [0.48562968249, 0.48884456105, 0.025525756454, 0],
      [0.01584472613, 0.87958737212, 0.074414822952, 0.0301530788],
      [0.017582038212, 0.0075066570776, 0.93665244429, 0.038258860417],
      [1.2487666049e-05, 0.41061115478, 0.47869637274, 0.11067998482],
      [0.00010623887112, 0.38217436105, 0.46073465172, 0.15698474837]
    ],
    [
      [0.38165189216, 0.58975446572, 0.028593642114, 0],
      [0.0094112924993, 0.89435387358, 0.070363967622, 0.025870866295],
      [0.010818132359, 0.0088060755428, 0.9449037591, 0.035472033],
      [0, 0.43361330512, 0.46414451855, 0.10224217633],
      [0, 0.40533568411, 0.44877454283, 0.14588977306]
    ],
    [
      [0.67852236174, 0.2930588203, 0.027559280957, 0.00085953700665],
      [0.030439433471, 0.79037971368, 0.1225109262, 0.056669926644],
      [0.018128148494, 0.0059283319451, 0.93443270651, 0.041510813047],
      [0.00010525960375, 0.24993691846, 0.61692222856, 0.13303559337],
      [0.00020060041678, 0.22876816129, 0.58358705632, 0.18744418198]
    ],
    [
      [0.37796587388, 0.60640068501, 0.015466611857, 0.00016682925837],
      [0.010401768378, 0.91519442401, 0.035694486202, 0.038709321409],
      [0.019598841039, 0.01242714072, 0.88020389414, 0.087770124106],
      [8.6341912601e-05, 0.52547982845, 0.31498960118, 0.15944422845],
      [0.00011502994167, 0.4793962712, 0.29754550299, 0.22294319586]
    ],
    [
      [0.4393533057, 0.53482936269, 0.025477244343, 0.00034008727404],
      [0.012710873714, 0.87479919851, 0.0661096721, 0.046380255675],
      [0.014658726215, 0.0046224079251, 0.91713924395, 0.063579621907],
      [7.4450082362e-05, 0.40265617802, 0.44478309376, 0.15248627814],
      [0.00021205393993, 0.3669594837, 0.41941463568, 0.21341382668]
    ],
    [
      [0.40171546822, 0.58294544995, 0.014871361393, 0.00046772043249],
      [0.011740543184, 0.91849686434, 0.036898564396, 0.032864028082],
      [0.021376367231, 0.011730425333, 0.8950688303, 0.071824377133],
      [0.00010379507397, 0.53381870845, 0.33180701874, 0.13427047774],
      [0.00015805762942, 0.4928832469, 0.31703640489, 0.18992229058]
    ],
    [
      [0.5160000754, 0.47877673546, 0.0052231891355, 0],
      [0.015508180218, 0.94372632149, 0.01754867113, 0.023216827166],
      [0.04663011912, 0.022610826301, 0.85506191703, 0.075697137545],
      [0, 0.63069272206, 0.25371904571, 0.11558823223],
      [0, 0.58944632518, 0.24483542664, 0.16571824818]
    ],
    [
      [0.43299864075, 0.53964573907, 0.027055257008, 0.00030036316739],
      [0.012001234995, 0.85234335078, 0.067110567162, 0.068544847062],
      [0.012751269108, 0.0017077920801, 0.89851217091, 0.087028767899],
      [0.00027362620206, 0.35051467768, 0.43134801765, 0.21786367847],
      [0.00015229506961, 0.30849010162, 0.3934565403, 0.29790106302]
    ],
    [
      [0.40632176036, 0.56833414737, 0.025090101883, 0.00025399038285],
      [0.010795548438, 0.87704658951, 0.06194353374, 0.050214328308],
      [0.013030981729, 0.0061875066058, 0.90682130375, 0.07396020791],
      [0, 0.41203953542, 0.41674159428, 0.17121887031],
      [0, 0.37265729784, 0.38999455106, 0.2373481511]
    ],
    [
      [0, 0.96850619962, 0.03149380038, 0],
      [0, 0.82317087097, 0.089954043464, 0.086875085561],
      [0, 0.039734694878, 0.81922512676, 0.14104017837],
      [0, 0.30235653996, 0.27963123767, 0.41801222236],
      [0, 0.25613242979, 0.25699775354, 0.48686981667]
    ],
    [
      [0.59406492705, 0.32504132835, 0.080893452856, 2.9173552491e-07],
      [0, 0.63883882753, 0.23309071426, 0.12807045821],
      [0, 0, 0.94232519974, 0.057674800263],
      [0, 0.11100159367, 0.68684273417, 0.20215567216],
      [0, 0.097402134334, 0.62641695207, 0.2761809136]
    ],
    [
      [0.73734498608, 0.24986397301, 0.01242872819, 0.00036231272076],
      [0.034678800735, 0.8601963586, 0.067253421554, 0.037871419116],
      [0.039629928579, 0.0070943598247, 0.90101762133, 0.052258090269],
      [0, 0.41722521487, 0.45194908919, 0.13082569594],
      [0, 0.38386068065, 0.43099623113, 0.18514308822]
    ],
    [
      [0.48218129958, 0.47210288281, 0.045446569787, 0.00026924782192],
      [0.011641489588, 0.81309387446, 0.12086815024, 0.054396485716],
      [0.00678084717, 0.0024627149143, 0.94687699505, 0.043879442867],
      [0, 0.25850622164, 0.60826706824, 0.13322671013],
      [1.5719428334e-06, 0.23654623325, 0.5760140332, 0.18743816161]
    ],
    [
      [0.55011759334, 0.43043377282, 0.019417749235, 3.0884610348e-05],
      [0.01937300176, 0.88311207992, 0.062063746517, 0.035451171801],
      [0.024340441566, 0.0051732812387, 0.91881294898, 0.051673328214],
      [7.0190584127e-05, 0.42915433126, 0.44431298118, 0.12646249698],
      [0.0003716702225, 0.39604608914, 0.42443884286, 0.17914339778]
    ],
    [
      [0.42468112576, 0.53990190106, 0.03541697318, 0],
      [0.010165206976, 0.82903234932, 0.086604137753, 0.074198305952],
      [0.008047380959, 0.0053509902209, 0.90927576762, 0.077325861198],
      [0, 0.31398163295, 0.47423894608, 0.21177942097],
      [0, 0.27783681854, 0.43432230413, 0.28784087733]
    ],
    [
      [0.50629418997, 0.45596568773, 0.037740122293, 0],
      [0.014009946232, 0.78478372637, 0.10377231641, 0.097434010988],
      [0.010366168435, 0.0095862020568, 0.89993252952, 0.080115099986],
      [1.1073433272e-05, 0.25604961788, 0.49066840968, 0.25327089901],
      [5.817414594e-05, 0.22206231755, 0.44008677439, 0.33779273392]
    ],
    [
      [0.5009524819, 0.46545704927, 0.033590468834, 0],
      [0.015751621077, 0.85630300777, 0.098174588874, 0.029770782273],
      [0.012590943145, 0.0039166032082, 0.95672870365, 0.026763749998],
      [6.7158774706e-05, 0.32839565243, 0.57636031964, 0.095176869158],
      [0.00026059369863, 0.30649453961, 0.55671002609, 0.1365348406]
    ],
    [
      [0, 0.98750105084, 0.012494608963, 4.340198965e-06],
      [0, 0.9636571304, 0.018094930031, 0.018247939574],
      [0, 0.032451229778, 0.8962130849, 0.071335685327],
      [0, 0.6731347258, 0.23110749529, 0.095757778913],
      [0, 0.63474552894, 0.22617553206, 0.139078939]
    ],
    [
      [0.30985655947, 0.65823814129, 0.031664219787, 0.00024107945244],
      [0.0059820196412, 0.88890685728, 0.067635193028, 0.037475930051],
      [0.0047115186985, 0.0050306993889, 0.93727921965, 0.052978562258],
      [0, 0.40701291641, 0.46458064358, 0.12840644001],
      [0, 0.3749311241, 0.44332389365, 0.18174498225]
    ],
    [
      [0.31570622071, 0.65729187721, 0.027001902083, 0],
      [0.0041978792185, 0.90931349038, 0.062945770901, 0.023542859504],
      [0.0082775544992, 0.010624653255, 0.93908509239, 0.042012699856],
      [0, 0.46555027467, 0.43019666815, 0.10425305718],
      [0, 0.43512939923, 0.41570647851, 0.14916412226]
    ],
    [
      [0.39034769903, 0.58365759347, 0.025994707506, 0],
      [0.0096523019561, 0.89603275351, 0.06547445768, 0.028840486856],
      [0.012775985972, 0.0084428370842, 0.93365274114, 0.045128435801],
      [0, 0.4435521297, 0.44316628136, 0.11328158894],
      [0, 0.4126675681, 0.42627099621, 0.16106143569]
    ],
    [
      [0.35466244134, 0.61772869881, 0.027553743485, 5.5116367047e-05],
      [0.0067375991207, 0.88612051641, 0.063969492009, 0.04317239246],
      [0.0097159458183, 0.0072352376298, 0.92042294095, 0.062625875602],
      [0, 0.42447493541, 0.4285004781, 0.14702458649],
      [0, 0.38856669613, 0.40562276983, 0.20581053405]
    ],
    [
      [0.31850832332, 0.65792429685, 0.023536795759, 3.0584072568e-05],
      [0.004916728956, 0.90878210481, 0.052186921233, 0.034114244998],
      [0.0099961073162, 0.0097148675353, 0.92017240945, 0.060116615701],
      [0, 0.47987709833, 0.39025433448, 0.12986856719],
      [0, 0.44351664679, 0.37288481888, 0.18359853433]
    ],
    [
      [0.47542186263, 0.50738815592, 0.017155114569, 3.486687602e-05],
      [0.015856673057, 0.89101015365, 0.046122650504, 0.047010522788],
      [0.022329562134, 0.0075392153651, 0.88589561963, 0.08423560287],
      [0.00018609895682, 0.46527761731, 0.35972069755, 0.17481558618],
      [0.00040562631931, 0.42063654956, 0.33633244924, 0.24262537489]
    ],
    [
      [0.42541747476, 0.54482399496, 0.029758530274, 0],
      [0.012157027387, 0.88612526159, 0.07985865427, 0.021859056749],
      [0.012438359185, 0.0064930509732, 0.95296345356, 0.028105136279],
      [1.0921547022e-05, 0.40216100362, 0.50528499103, 0.092543083806],
      [0.0002282703243, 0.37717045415, 0.49071513515, 0.13188614038]
    ],
    [
      [0.21428571429, 0.75465965911, 0.031004654425, 4.9972180279e-05],
      [0, 0.89380904413, 0.064310649853, 0.041880306019],
      [0, 0.012043238788, 0.92562736804, 0.06232939317],
      [0, 0.43383588868, 0.42250995945, 0.14365415187],
      [0, 0.39758709468, 0.40088214753, 0.20153075778]
    ],
    [
      [0.25849653108, 0.71496277788, 0.02654069104, 0],
      [0, 0.87758092444, 0.06012429597, 0.06229477959],
      [0.0042338729424, 0.014269208189, 0.85759524815, 0.12390167072],
      [0, 0.39980058086, 0.33313598063, 0.26706343852],
      [0, 0.34562439737, 0.29816831193, 0.35620729071]
    ],
    [
      [0.46556642147, 0.51144890293, 0.022965308829, 1.9366763647e-05],
      [0.014645509387, 0.88172926492, 0.063464439696, 0.040160785994],
      [0.017778228955, 0.0065870399974, 0.91742120762, 0.058213523425],
      [2.3533905737e-05, 0.42690133919, 0.43352858741, 0.1395465395],
      [0.00011431506921, 0.39216802836, 0.41174870205, 0.19596895452]
    ],
    [
      [0.36553090519, 0.61185757419, 0.022611520621, 0],
      [0.0094471721702, 0.92067709659, 0.056823154835, 0.013052576405],
      [0.014163533752, 0.012159872506, 0.94064449156, 0.033032102185],
      [0, 0.50252920219, 0.41002007415, 0.087450723663],
      [0, 0.47413716371, 0.40013261278, 0.12573022351]
    ],
    [
      [0.44850565004, 0.52881940655, 0.022674943406, 0],
      [0.013763454257, 0.8934319088, 0.062069403612, 0.030735233327],
      [0.017610896497, 0.007703663325, 0.9256297077, 0.049055732482],
      [1.9919307966e-05, 0.44819388296, 0.43291550326, 0.11887069447],
      [0.00010125094711, 0.41597313025, 0.41538676982, 0.16853884899]
    ],
    [
      [0.28156095213, 0.69323060067, 0.025208447199, 0],
      [0.0040377843514, 0.88347269146, 0.054819335397, 0.057670188792],
      [0.0048154285304, 0.011119423521, 0.88466074261, 0.099404405337],
      [0, 0.42801582604, 0.35313074547, 0.2188534285],
      [0, 0.37878988692, 0.32391030303, 0.29729981005]
    ],
    [
      [0.3756281296, 0.59351083449, 0.030685636863, 0.0001753990487],
      [0.0085962839733, 0.87699185399, 0.070153257163, 0.04425860487],
      [0.0089986396149, 0.0036851215188, 0.92763577119, 0.059680467674],
      [0, 0.38340160524, 0.47087337445, 0.14572502031],
      [1.0075307093e-05, 0.34953726575, 0.44516326978, 0.20528938916]
    ],
    [
      [0.33535466675, 0.64128003366, 0.023306645713, 5.8653876959e-05],
      [0.0064866805494, 0.90458814256, 0.052771795181, 0.036153381706],
      [0.010446721288, 0.0098028097434, 0.91645370784, 0.063296761132],
      [0, 0.47410507447, 0.38986817027, 0.13602675526],
      [0, 0.4368490593, 0.37149778467, 0.19165315603]
    ],
    [
      [0.42522375259, 0.54455460558, 0.030155248627, 6.6393211019e-05],
      [0.01125758423, 0.87107534236, 0.075734495566, 0.041932577845],
      [0.01123536424, 0.0046795907346, 0.93173720338, 0.052347841642],
      [0, 0.37683511065, 0.48661825968, 0.13654662967],
      [2.7471462976e-05, 0.34543246498, 0.46218834782, 0.19235171573]
    ],
    [
      [0.27610425907, 0.69586146176, 0.028034279174, 0],
      [0.0046959990596, 0.86772523644, 0.05757970489, 0.069999059608],
      [0.0039509709709, 0.009530548447, 0.88267197035, 0.10384651023],
      [0, 0.38508501336, 0.36357834463, 0.25133664202],
      [0, 0.33415585744, 0.32900670413, 0.33683743844]
    ],
    [
      [0, 0.95993608281, 0.039986621765, 7.7295424977e-05],
      [0, 0.88131034094, 0.074813453014, 0.043876206042],
      [0, 0.00054212965577, 0.94122671351, 0.058231156834],
      [0, 0.35820331076, 0.49571412919, 0.14608256004],
      [0, 0.32482594175, 0.46904243444, 0.20613162381]
    ],
    [
      [0.33333333333, 0.59681884181, 0.06961554811, 0.00023227674577],
      [0, 0.78438166856, 0.14868839936, 0.066929932084],
      [0, 0.0057365263248, 0.9509088958, 0.043354577874],
      [0, 0.21646331841, 0.64509331834, 0.13844336325],
      [0, 0.19746429911, 0.60797800173, 0.19455769916]
    ],
    [
      [0.70742862605, 0.27699591931, 0.015575454635, 0],
      [0.033362271692, 0.85895754112, 0.076908572723, 0.030771614461],
      [0.03671654813, 0.009173293493, 0.91386826965, 0.040241888731],
      [0, 0.40685616381, 0.47923465553, 0.11390918066],
      [0, 0.3780239932, 0.46048718367, 0.16148882313]
    ],
    [
      [0.65964726465, 0.32676373416, 0.013589001196, 0],
      [0.026345965711, 0.89519660925, 0.060707315074, 0.017750109969],
      [0.040535618315, 0.013047155604, 0.91215103301, 0.034266193069],
      [0, 0.49009310165, 0.41578594191, 0.094120956443],
      [0, 0.46087163013, 0.40452613462, 0.13460223525]
    ],
    [
      [0.27214080392, 0.69433231864, 0.033526877442, 0],
      [0.0016987314683, 0.89002514792, 0.070912471839, 0.037363648773],
      [0, 0.0082584247428, 0.94017992764, 0.051561647616],
      [0, 0.41640525042, 0.45564797274, 0.12794677684],
      [0, 0.38424849472, 0.43514322065, 0.18060828463]
    ],
    [
      [0.63434970269, 0.34752379768, 0.018126499639, 0],
      [0.025063084503, 0.79262988818, 0.092726481355, 0.08958054596],
      [0.028752660665, 0.033244473413, 0.80353030649, 0.13447255943],
      [9.4748212303e-05, 0.29011471997, 0.30732036203, 0.40247016978],
      [0.00025731700346, 0.23948622799, 0.26335111007, 0.49690534494]
    ],
    [
      [0.56049298113, 0.39322427154, 0.046282747327, 0],
      [0.015301375426, 0.69036213872, 0.1285944395, 0.16574204636],
      [0.0082089157409, 0.0066337559277, 0.8947597848, 0.090397543529],
      [0, 0.17795637031, 0.47824080995, 0.34380281974],
      [0, 0.14798438707, 0.41344231984, 0.43857329309]
    ],
    [
      [0.61481777288, 0.36987277719, 0.014769351087, 0.00054009883845],
      [0.0223805909, 0.88455397175, 0.054311391443, 0.038754045907],
      [0.029205762421, 0.0045636961543, 0.90260300097, 0.063627540457],
      [0.00012906420794, 0.43282874182, 0.42447250337, 0.1425696906],
      [0.00020722148451, 0.39543403503, 0.40298853291, 0.20137021057]
    ],
    [
      [0.41406398075, 0.50391489265, 0.082021126596, 0],
      [0.0026546036235, 0.77386719944, 0.19654309872, 0.026935098214],
      [0, 0.021654641352, 0.97494225951, 0.0034030991344],
      [0, 0.1941076779, 0.73408822108, 0.071804101018],
      [0, 0.18270271378, 0.7134956669, 0.10380161932]
    ],
    [
      [0.31833273035, 0.64226208105, 0.039405188601, 0],
      [0.0032981972005, 0.87050434874, 0.087556090459, 0.038641363604],
      [0.0024371661128, 0.0073487953204, 0.9472173013, 0.042996737265],
      [0, 0.36576441434, 0.51359828792, 0.12063729775],
      [0, 0.33834262558, 0.49084652677, 0.17081084766]
    ],
    [
      [0.46506966162, 0.51554417907, 0.019293315256, 9.2844053565e-05],
      [0.014720795825, 0.89069359165, 0.052927240941, 0.041658371581],
      [0.020870421844, 0.0078521527962, 0.90121140847, 0.07006601689],
      [3.7965308086e-05, 0.45763509547, 0.38950661728, 0.15282032195],
      [0.0001109742261, 0.41828016587, 0.36809112993, 0.21351772998]
    ],
    [
      [0.72641238988, 0.2608159902, 0.012497915499, 0.00027370442215],
      [0.034154476738, 0.84665349818, 0.063321260486, 0.055870764599],
      [0.036710489904, 0.0063144613, 0.87811241335, 0.078862635442],
      [0, 0.38909978688, 0.4204831929, 0.19041702021],
      [0, 0.34782536863, 0.3897785891, 0.26239604226]
    ],
    [
      [0.47012231941, 0.51477457137, 0.014888353294, 0.00021475592499],
      [0.015099198854, 0.89488656956, 0.043041509001, 0.046972722588],
      [0.024247952456, 0.0097438307507, 0.87452514438, 0.091483072408],
      [5.2098219237e-05, 0.47800810806, 0.33995430085, 0.18198549288],
      [0.00018747679052, 0.43135641847, 0.3168904582, 0.25156564654]
    ],
    [
      [0.61583695966, 0.36834257264, 0.015820467703, 0],
      [0.024423709935, 0.86721203851, 0.059586957384, 0.048777294167],
      [0.031171345386, 0.0077702918787, 0.88613330389, 0.074925058844],
      [0, 0.4245098508, 0.40252626814, 0.17296388106],
      [0, 0.38400538732, 0.3767619192, 0.23923269348]
    ],
    [
      [0.51274106756, 0.46050671305, 0.02669587784, 5.6341543413e-05],
      [0.017159564211, 0.85309432064, 0.079186236828, 0.050559878321],
      [0.017011530729, 0.0055423232535, 0.91815175118, 0.059294394839],
      [3.2198619397e-06, 0.36458494846, 0.47943676565, 0.15597506602],
      [7.735180513e-05, 0.33185161252, 0.45115982313, 0.21691121254]
    ],
    [
      [0.42061230633, 0.56751232456, 0.011875369117, 0],
      [0.013693311282, 0.94087565239, 0.030513851575, 0.014917184754],
      [0.026496828566, 0.016239647156, 0.90646837359, 0.050795150691],
      [5.1818695101e-05, 0.58770148393, 0.31679564621, 0.095451051161],
      [0.0001449161973, 0.5535237184, 0.30852704438, 0.13780432102]
    ],
    [
      [0.39353351597, 0.5852826722, 0.021130625593, 5.3186236246e-05],
      [0.010532507198, 0.89845460282, 0.05135928413, 0.03965360585],
      [0.015719419813, 0.008558300103, 0.90626566036, 0.069456619723],
      [0, 0.46840258246, 0.38372703254, 0.147870385],
      [2.3054092898e-05, 0.42920747782, 0.36353302066, 0.20723644743]
    ],
    [
      [0.43154683419, 0.53271615504, 0.035737010778, 0],
      [0.0093570862681, 0.75032101995, 0.12300644638, 0.1173154474],
      [0.0082010363883, 0.046513808183, 0.80989118025, 0.13539397518],
      [0, 0.21498609142, 0.32227639326, 0.46273751532],
      [0, 0.17238660484, 0.26596064211, 0.56165275306]
    ],
    [
      [0.4215859453, 0.54938745582, 0.029026598887, 0],
      [0.011306412572, 0.87486349325, 0.074412108782, 0.039417985392],
      [0.01209844742, 0.0067560502983, 0.93063601405, 0.050509488235],
      [0, 0.39793642568, 0.4707471026, 0.13131647172],
      [0, 0.36669603735, 0.44845089215, 0.1848530705]
    ],
    [
      [0.56729587558, 0.4122615037, 0.020442620722, 0],
      [0.021207863952, 0.87362889474, 0.069274784783, 0.035888456528],
      [0.023831075642, 0.0059743871925, 0.92208646874, 0.048108068428],
      [3.1738354908e-05, 0.41124367502, 0.4639769009, 0.12474768573],
      [0.00015368499642, 0.38001163891, 0.44341086683, 0.17642380926]
    ],
    [
      [0.73231080059, 0.25515207038, 0.012331436608, 0.00020569242527],
      [0.03382836548, 0.85584792376, 0.064783818884, 0.045539891876],
      [0.045360000149, 0.010160574613, 0.87557645226, 0.068902972979],
      [0, 0.42838801821, 0.40957692899, 0.16203505279],
      [0, 0.38940831811, 0.38547698718, 0.22511469471]
    ],
    [
      [0.34682700522, 0.61542412853, 0.037262508854, 0.00048635740034],
      [0.0048761457465, 0.85500578084, 0.083084886274, 0.057033187139],
      [0.0038860564818, 0.0068594039759, 0.92525858372, 0.063995955818],
      [0, 0.34932486231, 0.48320687811, 0.16746825958],
      [0, 0.31571662208, 0.45207280026, 0.23221057766]
    ]
  ],
  "expected_outcome": [
    [
      [12.6456821451, 13.8387574369, 19.7005371263, 0, 40.5945317462, 11.7575319217, 37.4637518998, 0.80493447887, 3.0655515935, 6.8860969822, 6.9055372048, 6.5415763051, 1.1585998748, 2.4477191226, 36.422226187, 23.6624173141, 10.8563577879, 7.5593174776, 6.5902995854, 13.6583259196, 22.7040033177, 2.1649932038, 18.2844792163, 0, 0, 10.3228298051, 1.4465438987, 2.7505879667, 1.2740433773, 2.0251767599, 5.009524819, 0, 1.5492827973, 5.9984181935, 18.3463418543, 6.7385863855, 4.7776248498, 1.4262655879, 2.1270873738, 3, 1.8094757176, 13.5014262227, 9.1382726298, 17.4917203517, 1.6893657128, 1.1268843888, 10.7313493361, 2.9765662681, 0.55220851813, 0, 1, 84.8914351264, 47.4946030545, 2.7214080392, 7.6121964322, 3.9234508679, 3.6889066373, 3.7265758268, 1.2733309214, 24.648692066, 7.2641238988, 49.8329658574, 73.900435159, 71.2710083913, 17.6657168657, 7.8706703194, 0.86309366837, 77.9933998801, 16.4515803919, 147.1944709186, 14.9135612243],
      [24.3375814965, 15.5402007081, 27.9426935906, 4.5549885007, 70.7014661091, 12.6215968023, 36.0290423954, 3.1131809909, 1.8030495596, 4.854294364, 4.025589257, 8.8719890353, 0.80849379775, 1.2832452471, 36.6633420789, 36.5647768748, 4.6889411247, 12.1280137001, 8.0224404403, 19.8201452984, 21.0661763604, 2.6982286953, 25.5750366317, 0.96850619962, 0, 3.4980956222, 1.4163086484, 2.1521688641, 1.6197057032, 1.8238627509, 4.6545704927, 2.9625031525, 3.2911907065, 12.4885456669, 27.431906893, 11.7368452773, 9.8688644527, 1.5221644678, 2.7241199748, 10.5652352275, 5.0047394451, 14.8320181851, 15.2964393547, 20.6239568555, 4.159383604, 1.7805325035, 20.520961077, 3.811882239, 1.3917229235, 0.95993608281, 1.7904565254, 33.2395103174, 23.5269888594, 6.9433231864, 4.1702855721, 2.7525699008, 2.2192366631, 4.5352340339, 2.5690483242, 27.3238414906, 2.608159902, 54.5661045653, 44.2011087167, 64.0104331144, 23.8355176314, 11.705653444, 1.0654323101, 101.6366793258, 11.9555836072, 51.2855661457, 26.4632375268],
      [1.0155910224, 0.61919958636, 1.3567692831, 0.4450114993, 2.7040021448, 0.61952503637, 1.506236876, 0.081876397091, 0.12704066873, 0.23379203076, 0.068873538209, 0.58637044791, 0.032906327478, 0.26903563034, 1.9144317341, 1.7728058111, 0.44094849531, 0.30933223715, 0.38215866514, 0.50562628735, 0.22982032196, 0.13527628504, 1.1290545847, 0.03149380038, 0, 0.17400219465, 0.13633970936, 0.097088746175, 0.10625091954, 0.15096048917, 0.33590468834, 0.037483826888, 0.15832109893, 0.51303613958, 1.2217512528, 0.52352112622, 0.35305193639, 0.051465343708, 0.14879265137, 0.43406516195, 0.18578483728, 0.66599395603, 0.56528801551, 0.88432279284, 0.15125068319, 0.092056910589, 0.74581266281, 0.21108674039, 0.056068558348, 0.039986621765, 0.20884664433, 1.8690545562, 0.97840808614, 0.33526877442, 0.21751799566, 0.32397923129, 0.088616106523, 0.73819013936, 0.15762075441, 1.0225457086, 0.12497915499, 1.5781654492, 1.8984561243, 3.7107270198, 0.49876550289, 0.42261251186, 0.071474021556, 5.3699207941, 0.59283600094, 2.4786187582, 1.6022878807],
      [0.0011453359933, 0.0018422687066, 0, 0, 0, 0.001346239636, 0.00096882885222, 8.1331509243e-06, 0.0043581781425, 0.025816623008, 0, 6.4211733357e-05, 0, 0, 0, 0, 0.013752592106, 0.0033365851673, 0.0051013091106, 0.015902494705, 0, 0.0015018158369, 0.011429567228, 0, 0, 0.0050723780906, 0.00080774346577, 0.00015442305174, 0, 0, 0, 1.3020596895e-05, 0.0012053972622, 0, 0, 0.0010472109739, 0.00045876108852, 0.00010460062806, 0, 0.00069961052391, 0, 0.00056163614577, 0, 0, 0, 0.0005261971461, 0.0018769240627, 0.00046475247713, 0, 7.7295424977e-05, 0.00069683023731, 0, 0, 0, 0, 0, 0.0032405930307, 0, 0, 0.004920734839, 0.0027370442215, 0.022764128049, 0, 0.0078314745343, 0, 0.0010637247249, 0, 0, 0, 0.04134417748, 0.020913368215]
    ],
    [
      [3.3182912986, 4.6629444402, 4.4889389113, 0, 3.9976872703, 3.9964856164, 15.6358072133, 0.057531521916, 0.60650046217, 0.70863666852, 0.75884570185, 0.5350929154, 1.0441816588, 0.30644952339, 7.6213132683, 2.1834198598, 1.2175773388, 1.1441945216, 0.86433941255, 1.2210164911, 1.8919979866, 0.33603457986, 1.1875103282, 0, 0, 2.4275160515, 0.22118830217, 1.2979911179, 0.55908638365, 0.85460672015, 0.47254863232, 0, 0.12562241247, 2.1954908313, 5.492159813, 2.1627693177, 1.0128461649, 1.934514113, 0.92393408141, 0, 0, 6.9712624681, 1.3603927925, 6.3449524123, 0.39570286644, 0.18911824741, 1.6151834568, 0.36024269536, 0.10800797837, 0, 0, 18.8496835062, 10.1695427644, 0.2785919608, 5.4136262527, 0.32132888394, 0.4699924089, 0.27342417322, 0.41227465006, 5.314207293, 1.4686424998, 2.3403758224, 11.0639406007, 6.7780278632, 1.8485970231, 2.5067367132, 1.7591322184, 9.5652250362, 2.9691009532, 30.4455289321, 0.58513748958],
      [527.3138840817, 286.2099508477, 394.5483358569, 27.8646971891, 442.3463131529, 238.0832322178, 826.6474081706, 33.0068682506, 22.7585752176, 29.6486280268, 35.5011220189, 46.5736885645, 42.7452142252, 11.2331337286, 423.0815259889, 207.4900986716, 31.6151885473, 100.6713866413, 59.4863454988, 95.5236738912, 115.1346112213, 23.8656138219, 96.4751248466, 25.5182970002, 6.3883882753, 60.2137451017, 15.4487836147, 59.1685093548, 45.5967792126, 47.8718073084, 25.6890902332, 50.1101707806, 18.6670440029, 475.5709554673, 509.8426367458, 284.4446857675, 187.2091135915, 108.7032387454, 67.3455198812, 297.6384116948, 73.716797653, 419.7031301033, 132.577501909, 411.8721099591, 86.580323763, 19.2938207879, 225.2424474985, 27.8744109555, 19.9576804382, 9.6944137504, 28.2377400681, 485.3110107347, 345.5458911688, 145.9641242588, 171.2080558472, 14.497604913, 18.5756334068, 79.7083215427, 108.813043592, 321.5403865865, 36.4061004216, 138.7074182814, 392.8470534469, 336.9722566526, 127.0182130724, 213.8321954717, 141.0603517509, 740.1345152925, 122.3080452632, 770.2631313835, 102.6006937009],
      [35.7851843912, 18.1120245755, 31.1300391829, 4.3093910802, 27.5508451017, 18.6143609869, 55.208051513, 1.4179476552, 2.4978680195, 2.2848298279, 0.96008336159, 4.9196408699, 3.3929543644, 3.6115341424, 35.7935298401, 16.3244404882, 4.9004370481, 3.9263934822, 4.4954577028, 3.8374506971, 2.1409378778, 1.8790958805, 6.8137887114, 2.7885753474, 2.3309071426, 4.7077395088, 2.2964948545, 4.1582710166, 4.7632275764, 6.3301113012, 2.9452376662, 0.94093636162, 1.4203390536, 32.920638181, 37.25496642, 20.534206935, 10.750505774, 5.6269633615, 6.0692577245, 21.4154464009, 5.0504408614, 30.2090732955, 8.1825342962, 28.6139950649, 5.3722948689, 1.5433716576, 13.140177, 2.4235038581, 1.3243332125, 0.82294798315, 5.3527823768, 43.4533435884, 23.4330236187, 11.6296453816, 20.0289199727, 2.7004832294, 1.1405392203, 20.243939168, 10.9445113074, 19.1067339797, 2.7228142009, 6.6714338951, 26.9928916949, 31.2785635472, 4.1193699627, 12.2235096228, 23.1252119197, 62.9526440293, 9.6984698696, 58.3054369959, 9.9701863529],
      [25.5826402285, 14.0150801366, 25.8326860489, 0.82591173068, 11.1051544751, 13.3059211789, 38.5087331031, 1.5176525723, 1.1370563008, 1.3579054768, 1.7799489177, 3.9715776502, 3.8176497516, 2.8488826055, 14.5036309027, 6.0020409804, 2.2667970657, 4.2580253549, 3.1538573859, 3.4178589205, 2.8324529143, 1.9192557177, 5.5235761138, 2.6931276524, 1.2807045821, 2.6509993381, 1.0335332286, 2.3752285107, 4.0809068274, 5.9434746703, 0.8931234682, 0.94889285782, 0.78699453106, 12.3129155204, 16.4102370212, 13.8583379797, 7.0275344695, 5.7352837801, 1.6612883129, 13.9461419042, 5.2327614856, 19.1165341331, 1.8795710023, 14.1689425636, 5.6516785016, 0.97368930714, 9.0021920447, 1.341842491, 1.609978371, 0.48263826647, 2.409477555, 17.3859621707, 6.8515424481, 6.1276383988, 19.3493979273, 3.4805829736, 0.81383496405, 2.7743151161, 4.8301704505, 15.0386721408, 2.4024428778, 7.2807720011, 22.0961142576, 19.9711519369, 2.0138199418, 9.4375581922, 22.055304111, 33.347615642, 5.024383914, 40.9859026885, 6.8439824567]
    ],
    [
      [5.0360265563, 5.4898243586, 5.8105239624, 0, 8.4077809835, 5.2400085443, 19.8854617058, 0.13753399922, 0.32393093583, 0.40431183275, 1.3356170934, 0.92333077953, 1.7807036125, 0.24583135404, 13.9425563025, 4.154162826, 0.9245355732, 2.2930644015, 1.5391662525, 2.1162603559, 3.4039986958, 0.49729949522, 2.5280104555, 0, 0, 3.2496541435, 0.33226151133, 2.9451934295, 1.1668702391, 1.119546191, 0.51622866896, 0, 0.3250947902, 2.8060909752, 5.1614983327, 2.0986442968, 1.2095289853, 1.6300580358, 0.94531529804, 0, 0.19052428241, 3.5200893331, 1.5013345777, 4.1561715733, 0.91493142077, 0.68389661073, 2.6534672071, 1.6628339075, 0.3397835035, 0, 0, 21.2588813674, 16.3358541811, 0, 6.9581438809, 0.75522024817, 1.8399630325, 0, 0.31439442856, 6.0315519129, 3.2672336014, 1.8185964342, 23.0356242404, 12.9457748851, 1.4838223997, 4.621509425, 1.3777741132, 13.4413750837, 3.5746613463, 45.3600001493, 0.50130128616],
      [5.4064798398, 2.0227194514, 3.7061393611, 0, 7.9547165824, 1.7919622586, 6.5623703841, 1.1209473057, 0.031164940046, 0.023172230971, 0.45630537454, 0.75141990433, 1.1866721984, 0.58279811398, 5.9527790626, 3.3815330084, 0.3023449292, 1.4539754642, 0.48535283214, 1.1613121079, 1.65059032, 0.066603891124, 1.2003762815, 1.6688571849, 0, 0.58173750562, 0.1206730308, 0.62596702989, 0.77589358203, 1.0353098221, 0.16058073154, 2.3689397738, 0.34711825783, 3.6017574535, 3.410906182, 1.562811328, 1.1754989718, 0.55036272165, 0.49347187396, 2.1677829818, 0.64211436851, 1.3042339195, 1.2889464856, 1.8180645447, 2.1126904689, 0.28006923543, 2.4899136748, 0.69257942871, 0.81962716644, 0.03849120556, 0.30977242154, 5.3113369324, 5.2580037083, 2.7996059878, 8.0451625658, 0.61030554534, 0.28751285772, 2.9883405066, 0.94799459633, 2.2692721581, 0.5619870557, 0.7307873063, 5.7422456984, 4.2177079959, 0.90942024075, 2.5161402303, 7.8143197747, 7.5059718814, 0.89615807887, 10.1605746125, 0.88486311289],
      [570.6543070292, 254.9173874661, 459.9630391271, 73.1890723364, 641.7821156455, 287.386798449, 820.7835209263, 79.1129805965, 18.9038812477, 18.6464853657, 19.6841751189, 128.8822622866, 54.7743289096, 103.3850382863, 742.7653883244, 362.8430434937, 47.6560680322, 102.9838556139, 96.2996206151, 88.6118142, 62.4195199434, 35.0419746656, 175.9233329285, 34.4074553237, 68.7897395808, 73.8834449489, 46.3969727574, 111.1763668267, 131.8449863051, 97.1927131884, 39.2258768496, 65.4235551974, 64.6722661562, 318.3498463201, 377.1957074218, 198.8113552451, 111.3408615431, 64.6703802331, 72.4252224708, 166.6129262476, 38.5917861668, 181.6493991094, 99.708316105, 218.4486110162, 168.0855410963, 70.5003186107, 232.7792417905, 137.8971061008, 75.9097894499, 66.8270966593, 51.3490803732, 529.1297281248, 367.5968663038, 318.7209954705, 194.4543341713, 82.3179002018, 56.863989061, 134.5420318128, 122.191031868, 260.4500970478, 78.1520047885, 65.5893858289, 654.8525115758, 698.7134826468, 50.7622289209, 266.442104146, 136.0617182823, 1033.9366116056, 138.3129703106, 875.5764522592, 119.3583573004],
      [41.9031865747, 19.5700687239, 39.5202975494, 0.81092766364, 27.8553867885, 20.5812307482, 57.7686469839, 8.6285380985, 0.74102287639, 0.92603057058, 3.5239024132, 10.4429870296, 8.2582952796, 7.7863322457, 30.3392763105, 13.6212606719, 2.1170514654, 10.2691045204, 6.6758603003, 7.1106133361, 5.5258910408, 3.3941219481, 14.3482803345, 5.9236874914, 4.2102604192, 4.285163402, 2.1500927005, 6.2524727139, 11.2122498738, 8.6524307984, 1.0973137499, 5.2075050289, 3.6555207958, 14.2423052512, 18.2318880635, 13.5271891301, 7.2741104998, 6.1491990095, 2.1359903572, 11.2192907706, 5.5755751823, 11.5262776381, 3.5014028316, 11.5771528657, 18.886837014, 4.5357155432, 16.0773773276, 7.747480563, 8.9307998802, 4.1344121352, 2.3411472052, 23.3000535754, 13.8092758068, 17.4793985417, 32.542359382, 8.3165740047, 4.0085350488, 0.46962768055, 5.5465791071, 20.2490788812, 7.0187745543, 6.8612304306, 55.3696184854, 45.1230344722, 2.8445284387, 20.4202461987, 22.7461878297, 56.1160414293, 7.2162102642, 68.902972979, 8.2554783006]
    ],
    [
