{
  "X": [
    [23, 40, 291, 339, 37],
    [91, 107, 769, 969, 22],
    [145, 28, 282, 677, 11],
    [29, 31, 213, 174, 13],
    [309, 357, 2051, 3168, 77],
    [70, 104, 469, 865, 31],
    [0, 1, 2, 9, 0],
    [0, 1, 3, 6, 0],
    [4, 1, 14, 24, 0],
    [1, 0, 0, 7, 0],
    [0, 2, 7, 8, 0],
    [22, 38, 113, 299, 9],
    [37, 37, 297, 331, 8],
    [33, 39, 343, 335, 11],
    [25, 7, 201, 145, 5],
    [37, 32, 276, 267, 8],
    [44, 33, 282, 346, 17],
    [36, 69, 667, 695, 22],
    [28, 42, 166, 296, 9],
    [1, 5, 8, 5, 0],
    [39, 69, 387, 459, 13],
    [21, 42, 266, 319, 8],
    [16, 34, 76, 136, 4],
    [11, 25, 77, 175, 6],
    [34, 54, 165, 347, 17],
    [50, 82, 308, 596, 26],
    [15, 17, 65, 183, 3],
    [24, 56, 213, 352, 5],
    [2, 4, 12, 30, 0],
    [26, 8, 160, 158, 4],
    [5, 11, 45, 101, 5],
    [42, 55, 292, 416, 2],
    [18, 30, 117, 259, 12],
    [55, 41, 191, 363, 12],
    [18, 26, 105, 152, 5],
    [25, 29, 179, 326, 10],
    [47, 40, 323, 431, 6],
    [24, 40, 128, 243, 13],
    [8, 20, 76, 145, 5],
    [3, 2, 15, 26, 0],
    [29, 40, 147, 302, 9],
    [24, 33, 99, 302, 14],
    [31, 65, 306, 481, 25],
    [19, 28, 72, 135, 6],
    [47, 44, 225, 421, 7],
    [3, 7, 58, 40, 0],
    [51, 15, 216, 367, 8],
    [194, 132, 639, 1200, 65],
    [144, 132, 530, 903, 43],
    [0, 0, 0, 5, 0]
  ],
  "W": [
    [22, 306, 328, 54, 20],
    [87, 768, 899, 137, 67],
    [188, 477, 345, 45, 88],
    [27, 132, 232, 46, 23],
    [435, 2454, 2405, 440, 228],
    [87, 687, 543, 130, 92],
    [0, 5, 5, 2, 0],
    [1, 4, 3, 0, 2],
    [6, 20, 13, 2, 2],
    [3, 3, 0, 1, 1],
    [1, 10, 6, 0, 0],
    [8, 275, 137, 39, 22],
    [40, 240, 353, 47, 30],
    [42, 257, 396, 42, 24],
    [24, 100, 224, 19, 16],
    [40, 187, 332, 39, 22],
    [56, 241, 346, 43, 36],
    [33, 487, 811, 107, 51],
    [22, 240, 193, 63, 23],
    [1, 4, 8, 5, 1],
    [28, 378, 430, 96, 35],
    [22, 230, 330, 49, 25],
    [18, 104, 93, 30, 21],
    [14, 139, 95, 32, 14],
    [25, 271, 221, 74, 26],
    [52, 465, 400, 94, 51],
    [4, 151, 81, 28, 19],
    [20, 297, 237, 72, 24],
    [2, 16, 15, 5, 10],
    [30, 106, 179, 19, 22],
    [11, 82, 59, 7, 8],
    [47, 293, 376, 59, 32],
    [9, 222, 143, 45, 17],
    [60, 277, 236, 49, 40],
    [9, 121, 119, 33, 24],
    [35, 217, 242, 43, 32],
    [44, 319, 380, 68, 36],
    [25, 208, 155, 41, 19],
    [11, 116, 97, 16, 14],
    [2, 21, 18, 2, 3],
    [25, 236, 181, 53, 32],
    [21, 264, 128, 42, 17],
    [43, 373, 377, 87, 28],
    [23, 102, 80, 45, 10],
    [38, 328, 272, 76, 30],
    [2, 29, 63, 10, 4],
    [107, 256, 233, 16, 45],
    [185, 1077, 716, 121, 131],
    [95, 768, 618, 147, 124],
    [1, 3, 0, 0, 1]
  ],
  "method": "mvn_pdf",
  "cond_prob": [
    [
      [0.37742898544, 0.00020908712394, 0.053429433282, 0.56865153045, 0.00028096370229],
      [0.014864118676, 0.045070109732, 0.06609859927, 0.69268368043, 0.18128349189],
      [0.0030938255029, 0.0053786240802, 0.80472038584, 0.17780965386, 0.0089975107136],
      [0.017532168666, 0.39638292307, 0.026606969068, 0.45047534825, 0.10900259094],
      [0.38037353227, 0.019921522671, 0.029564788635, 0.56549846467, 0.0046416917582]
    ],
    [
      [0.43043699255, 0.00019074366837, 0.042889746102, 0.52645012589, 3.2391787104e-05],
      [0.022188391489, 0.053128151647, 0.068612733461, 0.82922751602, 0.026843207379],
      [0.0043744742581, 0.0060089105272, 0.78669264623, 0.20165409631, 0.0012698726836],
      [0.0243712814, 0.43240134068, 0.025733855591, 0.50241914784, 0.015074374486],
      [0.43386323517, 0.018172197869, 0.02374397563, 0.52368538974, 0.00053520158932]
    ],
    [
      [0.46621702205, 0.00010553158653, 0.028748573703, 0.50490278961, 2.6083056057e-05],
      [0.026259913163, 0.03207639852, 0.050188047147, 0.86788075756, 0.023594883613],
      [0.006485688543, 0.0045455500954, 0.72323055297, 0.26434010734, 0.0013981010457],
      [0.033997068112, 0.3083886336, 0.02218777681, 0.61980531704, 0.015621204446],
      [0.47059807925, 0.01006765102, 0.01593748415, 0.50296521251, 0.00043157306507]
    ],
    [
      [0.47042344869, 0.00020745365797, 0.056717171551, 0.47253829976, 0.00011362634411],
      [0.023497513486, 0.057207155603, 0.089675037677, 0.73557097034, 0.094049322896],
      [0.0037534040451, 0.0052358214802, 0.84251541737, 0.14492380121, 0.0035715558883],
      [0.025064265922, 0.45871083857, 0.032631291918, 0.43250000221, 0.05109360138],
      [0.47551626083, 0.019830728916, 0.03147126757, 0.47129886825, 0.0018828744421]
    ],
    [
      [0.37487207815, 0.00022216604079, 0.043744226563, 0.58112324463, 3.8284615579e-05],
      [0.017687484386, 0.056325689574, 0.063717016264, 0.83339428001, 0.028875529765],
      [0.0036985147498, 0.0067576855693, 0.77314276568, 0.21495188259, 0.0014491514054],
      [0.019015483055, 0.44738932827, 0.023395170155, 0.49432672335, 0.015873295167],
      [0.37711252983, 0.021122390817, 0.024171757841, 0.57696197788, 0.00063134363665]
    ],
    [
      [0.32499775457, 0.00024367381688, 0.0459522112, 0.62875057167, 5.5788745267e-05],
      [0.014048674182, 0.056815659071, 0.061528186706, 0.82888868006, 0.038718799982],
      [0.003013982191, 0.0069911845241, 0.76869363347, 0.21930924572, 0.0019919540904],
      [0.01505157535, 0.45136229095, 0.02250918888, 0.48987205453, 0.021204890288],
      [0.32672593261, 0.023156715122, 0.025372144063, 0.62382579635, 0.00091941186181]
    ],
    [
      [0.17567016758, 0.00013177553412, 0.012536395018, 0.8116291479, 3.251396641e-05],
      [0.00017126050036, 0.021188272598, 0.0070358882595, 0.97050867058, 0.0010959080665],
      [0.00014883874723, 0.0069605993748, 0.33741385995, 0.65525526607, 0.00022143586145],
      [0.00023758738808, 0.29888541752, 0.0033442140701, 0.69657775629, 0.00095502472984],
      [0.17631735478, 0.012571003817, 0.0069346593511, 0.80364072972, 0.00053625232787]
    ],
    [
      [0.062965882664, 0.00066919938342, 0.058304400126, 0.8780590667, 1.4511220331e-06],
      [0.0022458652716, 0.16163746151, 0.053535879093, 0.78231053391, 0.0002702602145],
      [0.00025147631604, 0.0073252041951, 0.89174667281, 0.1006585255, 1.8121175253e-05],
      [1.352991228e-13, 0.99999999998, 1.5834987445e-12, 1.3992247206e-11, 5.4923717312e-15],
      [0.059540208305, 0.072886510276, 0.030207763241, 0.83734249273, 2.3025447263e-05]
    ],
    [
      [0.41833827738, 7.7928175057e-05, 0.062789921425, 0.51878456, 9.3130178174e-06],
      [0.019098455494, 0.022406994025, 0.10423644318, 0.84651892098, 0.0077391863277],
      [0.0022533958382, 0.0015265289823, 0.87397244409, 0.12202061406, 0.00022701703504],
      [0.026815346706, 0.26649371852, 0.049354262443, 0.65163502689, 0.0057016454443],
      [0.43158341952, 0.0075493725164, 0.035186842282, 0.52552382748, 0.00015653819986]
    ],
    [
      [0.19234990112, 1.8754499282e-05, 0.0029066192324, 0.80472423003, 4.9512355612e-07],
      [0.0066394034836, 0.0031686161125, 0.0029487498721, 0.98717080432, 7.2426216584e-05],
      [0.0030277087006, 0.00097136358938, 0.54743125354, 0.4485373779, 3.2296266892e-05],
      [0.012109191154, 0.01599191685, 0.0024159770655, 0.96931690358, 0.00016601135282],
      [0.19528096367, 0.0016624237388, 0.0017675062703, 0.80128110832, 7.9980001911e-06]
    ],
    [
      [0.03134285008, 0.0016450356068, 0.14128123581, 0.82572149896, 9.3795438974e-06],
      [0.0014648010815, 0.27954354108, 0.10708037181, 0.60869119465, 0.0032200913799],
      [0.000140980137, 0.011646294412, 0.92223952586, 0.065893994579, 7.9205012343e-05],
      [6.38186913e-05, 0.98289930486, 0.0017332826357, 0.015220863754, 8.2730057643e-05],
      [0.027228941239, 0.15753516568, 0.069613404301, 0.7454814079, 0.00014108088075]
    ],
    [
      [0.45460115403, 0.00022105944827, 0.029176373054, 0.5159667485, 3.4664973511e-05],
      [0.023533862171, 0.063366439491, 0.047975661062, 0.83555261671, 0.029571420564],
      [0.0059981882535, 0.0092597959581, 0.72024207154, 0.26269265222, 0.0018072920376],
      [0.023766674559, 0.47934610411, 0.01653280969, 0.46509630668, 0.015258104962],
      [0.45398978837, 0.020879556841, 0.016001659058, 0.50856143899, 0.00056755673543]
    ],
    [
      [0.41735841011, 0.00020134240392, 0.043344992135, 0.53906001003, 3.5245320593e-05],
      [0.020790072785, 0.0547620298, 0.06763727704, 0.82827265496, 0.028537965415],
      [0.004128696326, 0.0062346058963, 0.78541447181, 0.2028639786, 0.0013582473649],
      [0.022483618543, 0.44286254444, 0.024968689146, 0.49391043967, 0.015774708205],
      [0.42041343213, 0.019177193467, 0.023976021263, 0.53585137679, 0.00058197635315]
    ],
    [
      [0.39210886231, 0.00023824368139, 0.05116361917, 0.55644266188, 4.6612965971e-05],
      [0.018490809019, 0.061327390979, 0.075538054558, 0.80891088905, 0.035732856396],
      [0.0033782137087, 0.0064214159868, 0.80637603018, 0.18226087786, 0.0015634622675],
      [0.019108934927, 0.47441243724, 0.026648165998, 0.46096213243, 0.018868329405],
      [0.39502687627, 0.022697666385, 0.028304267993, 0.55320139342, 0.00076979593692]
    ],
    [
      [0.50519184381, 8.4151691162e-05, 0.050025861023, 0.44466009586, 3.8047611802e-05],
      [0.029368886776, 0.027221415673, 0.092949139298, 0.81359199779, 0.036868560462],
      [0.0044959445027, 0.002393196716, 0.83811836285, 0.15364511055, 0.001347385388],
      [0.040065896495, 0.27940852607, 0.043243941443, 0.6116074472, 0.025674188788],
      [0.51565364481, 0.0081118804121, 0.028014202696, 0.44758409646, 0.0006361756229]
    ],
    [
      [0.47518682913, 0.00019876049989, 0.03925338689, 0.48532250317, 3.8520307559e-05],
      [0.025717215162, 0.059059134128, 0.066878941908, 0.81424121297, 0.034103495835],
      [0.0051572491224, 0.0067878915809, 0.78500504907, 0.20141254955, 0.0016372606782],
      [0.026838372051, 0.46265470185, 0.023823968489, 0.4684998606, 0.018183097009],
      [0.47752434794, 0.018889208066, 0.021661400802, 0.48129047579, 0.00063456739768]
    ],
    [
      [0.40023949642, 0.0001934532645, 0.039763400652, 0.55972127907, 8.2370596493e-05],
      [0.018845137822, 0.049567483573, 0.058450641643, 0.81012255099, 0.063014185974],
      [0.0042080817296, 0.0063450392671, 0.7629996351, 0.22308459498, 0.0033626489274],
      [0.021215044885, 0.417179011, 0.022464336481, 0.50292674193, 0.03621486571],
      [0.40261952077, 0.018401339427, 0.021966191037, 0.55565454808, 0.001358400688]
    ],
    [
      [0.3145285408, 0.00019416867745, 0.0482876038, 0.63693729714, 5.2389586221e-05],
      [0.013557392072, 0.045289318769, 0.064682523495, 0.84008475141, 0.036386014251],
      [0.0027966124581, 0.0053586815898, 0.77632633979, 0.21371896497, 0.0017994011843],
      [0.015883777845, 0.39362001596, 0.025873281012, 0.54283504503, 0.021787880156],
      [0.31808748518, 0.018560802113, 0.026818978846, 0.63566425538, 0.00086847848045]
    ],
    [
      [0.44130483562, 0.00018853102248, 0.038043947724, 0.52042585562, 3.6830009102e-05],
      [0.022692320081, 0.053282512638, 0.061712906794, 0.83130704622, 0.031005214272],
      [0.0048155962893, 0.0064844197726, 0.76954790709, 0.21757521628, 0.0015768605679],
      [0.024783431201, 0.43440427817, 0.022998025948, 0.50051156051, 0.017302704167],
      [0.44388909852, 0.017928530452, 0.021010845443, 0.51656428143, 0.00060724414558]
    ],
    [
      [0.39612054216, 0.00080740104388, 0.075443737948, 0.52762389754, 4.4213021428e-06],
      [0.0099199881157, 0.19654905722, 0.10034127949, 0.69082325755, 0.0023664176242],
      [0.00098729294145, 0.010483734184, 0.90561197527, 0.082845358565, 7.1639042386e-05],
      [0.003540267959, 0.85112564397, 0.011843412852, 0.13299030403, 0.00050037118452],
      [0.3803461409, 0.075692380954, 0.039689957456, 0.50420140861, 7.0112075119e-05]
    ],
    [
      [0.42459878045, 0.00021033505701, 0.051218101032, 0.52393654547, 3.6237987654e-05],
      [0.021333639015, 0.057590497494, 0.08051943784, 0.81102180323, 0.029534622419],
      [0.0037021259976, 0.0057320954145, 0.81573691582, 0.1735997238, 0.0012291389676],
      [0.022710742798, 0.45585672882, 0.029257576514, 0.47610485246, 0.016070099407],
      [0.42879141128, 0.020078782887, 0.028402603357, 0.52212734961, 0.00059985287397]
    ],
    [
      [0.33890578306, 0.00026878580404, 0.042524814771, 0.61825952802, 4.1088338998e-05],
      [0.014797866521, 0.064171858298, 0.058226468789, 0.83360442473, 0.029199381662],
      [0.0032943831413, 0.0081863664933, 0.75812494394, 0.22883690692, 0.0015573995046],
      [0.014952771613, 0.48550130709, 0.020082354894, 0.46438553239, 0.015078034003],
      [0.33940832396, 0.025460347252, 0.02338777739, 0.61106894662, 0.00067460477149]
    ],
    [
      [0.35750682396, 0.00058476983509, 0.038820626942, 0.60304335454, 4.4424720564e-05],
      [0.014674995326, 0.13314466054, 0.050448136965, 0.77165316983, 0.030079037344],
      [0.0036204441654, 0.018747426074, 0.74127166772, 0.23458782483, 0.0017726372084],
      [0.009815737543, 0.6840106809, 0.011513416484, 0.28438602978, 0.010274135297],
      [0.34694278866, 0.053803735281, 0.020691522155, 0.57785462918, 0.00070732472162]
    ],
    [
      [0.31027337855, 0.00026590608395, 0.037065563698, 0.65234460242, 5.0549250663e-05],
      [0.0128559346, 0.060916312563, 0.04863825242, 0.84306170771, 0.034527792704],
      [0.0032274076259, 0.0087538773606, 0.72519748946, 0.2607496823, 0.0020715432539],
      [0.01322720713, 0.47363696679, 0.017070834796, 0.47792578421, 0.018139207075],
      [0.31012990662, 0.025154840908, 0.020340139437, 0.64354664373, 0.00082846930926]
    ],
    [
      [0.46955893148, 0.00021162523724, 0.024590289732, 0.50557801838, 6.1135166843e-05],
      [0.024598973997, 0.060848586733, 0.040573677163, 0.82154896687, 0.052429795238],
      [0.0071020011575, 0.010073903073, 0.68662855493, 0.29257278671, 0.003622754133],
      [0.025307106022, 0.46691383746, 0.014248567973, 0.46598814232, 0.027542346224],
      [0.46811064522, 0.019950097443, 0.013465111395, 0.49747486998, 0.00099927595642]
    ],
    [
      [0.37508201653, 0.00026888207796, 0.031720035915, 0.59286356098, 6.5504492327e-05],
      [0.017019596178, 0.066128205852, 0.044778137955, 0.8240938629, 0.047980197116],
      [0.0046067498817, 0.010263424244, 0.70692116209, 0.2750968697, 0.0031117940833],
      [0.016968151196, 0.49020132428, 0.015243351764, 0.45314451554, 0.024442657213],
      [0.37353192726, 0.025317948047, 0.01735074255, 0.58272989114, 0.001069491008]
    ],
    [
      [0.43827294853, 0.00014030815982, 0.02732788213, 0.53423482843, 2.4032758842e-05],
      [0.022543616346, 0.040467730777, 0.04523880752, 0.87111973098, 0.020630114375],
      [0.0059025917769, 0.0060791542662, 0.70545532279, 0.28126644778, 0.0012964833911],
      [0.027078267461, 0.36542544671, 0.018528768164, 0.57630136804, 0.012666149626],
      [0.44090114031, 0.013344438731, 0.015091032033, 0.53026715119, 0.00039623773886]
    ],
    [
      [0.37535620906, 0.00024890982158, 0.048769422508, 0.57559863469, 2.6823918436e-05],
      [0.017457684119, 0.063336113454, 0.071221678905, 0.82768911344, 0.020295410086],
      [0.0033223501758, 0.0069105772252, 0.79459513759, 0.19424506826, 0.00092686674836],
      [0.017797497008, 0.48163053401, 0.024777055589, 0.46521598857, 0.010578924824],
      [0.37757544485, 0.023673660019, 0.026936093573, 0.57137251149, 0.00044229006701]
    ],
    [
      [0.1860261701, 0.00027210564692, 0.038031390406, 0.77565781046, 1.2523388267e-05],
      [0.0067219023678, 0.056061742716, 0.044063894523, 0.8858816447, 0.0072708156892],
      [0.0016295834054, 0.0076753095442, 0.72809054529, 0.26216525789, 0.0004393038693],
      [0.0066958691673, 0.49167108602, 0.014912592323, 0.48291558561, 0.0038048668792],
      [0.18628909113, 0.026031870884, 0.020836493441, 0.76663682022, 0.00020572432576]
    ],
    [
      [0.42466477414, 0.0001024644178, 0.05253726132, 0.52266099113, 3.4508992521e-05],
      [0.021793720001, 0.028951828253, 0.085235162916, 0.83488149141, 0.029137797424],
      [0.0035695150286, 0.0027214522539, 0.82398195914, 0.16858597165, 0.0011411019243],
      [0.029294563069, 0.29311006217, 0.039077891578, 0.61850267928, 0.020014803902],
      [0.43365194038, 0.0098865369931, 0.029437398895, 0.52644673607, 0.00057738766388]
    ],
    [
      [0.24385362269, 0.00036888383662, 0.035022736903, 0.72066893767, 8.581890168e-05],
      [0.0088800886164, 0.07522583638, 0.040602750348, 0.82298536569, 0.052305958966],
      [0.0025216143581, 0.012155198973, 0.69437025392, 0.28743606649, 0.0035168662646],
      [0.0080965454187, 0.54182448066, 0.012635749822, 0.41316461312, 0.024278610977],
      [0.24115337598, 0.034655139795, 0.019019895706, 0.7037787023, 0.0013928862202]
    ],
    [
      [0.41351789253, 0.00026061020731, 0.032601542481, 0.55359981634, 2.0138446352e-05],
      [0.020454339288, 0.07023625251, 0.050401704993, 0.84278483463, 0.016122868576],
      [0.0050534228328, 0.0099464445617, 0.7272429453, 0.2568007749, 0.00095641240361],
      [0.019754430977, 0.50681082925, 0.016619602497, 0.44884991326, 0.0079652240176],
      [0.4123678228, 0.024577796436, 0.017856529723, 0.54486861724, 0.00032923380179]
    ],
    [
      [0.4293618142, 0.00017262422264, 0.031817921967, 0.53859230123, 5.5338380546e-05],
      [0.021243080644, 0.04739587731, 0.050138861628, 0.83588511591, 0.045337064513],
      [0.0052504952324, 0.0067188837262, 0.73053393158, 0.25481519215, 0.0026814973174],
      [0.024235188097, 0.40432757792, 0.019513473239, 0.52552144325, 0.02640231749],
      [0.43128748457, 0.016394263821, 0.017548057639, 0.53385900966, 0.00091118430448]
    ],
    [
      [0.45718468878, 0.00019967542729, 0.031209265405, 0.51136384866, 4.2521722232e-05],
      [0.024139235504, 0.057411041676, 0.051479262324, 0.83055408531, 0.036416375182],
      [0.0058790674681, 0.0080155649032, 0.73452783768, 0.24945310926, 0.0021244206887],
      [0.025478657766, 0.4528923845, 0.018550374183, 0.48343714632, 0.019641437226],
      [0.45783390833, 0.018908142646, 0.017164255531, 0.50539560332, 0.00069809017583]
    ],
    [
      [0.42719825365, 0.00024507166065, 0.045052376142, 0.52746428885, 4.0009696559e-05],
      [0.020872655234, 0.06668824864, 0.070243772942, 0.80973205567, 0.032463267516],
      [0.0039868043168, 0.0072944673511, 0.79652550001, 0.19071040501, 0.0014828233111],
      [0.020619626587, 0.4986538073, 0.02366023858, 0.44069199633, 0.016374331208],
      [0.42879883297, 0.02327511512, 0.024821647203, 0.52244604833, 0.0006583563836]
    ],
    [
      [0.31161538538, 0.00019282297093, 0.031382171167, 0.65675686687, 5.2753609266e-05],
      [0.013322871189, 0.044864711423, 0.041891180001, 0.86332726543, 0.036593971955],
      [0.0037359707048, 0.0072120001424, 0.68814270805, 0.29845356942, 0.0024557516835],
      [0.0155314217, 0.39109600388, 0.016671794605, 0.55490600093, 0.021794778883],
      [0.31283457102, 0.018306246641, 0.01730158388, 0.65068936018, 0.00086823828482]
    ],
    [
      [0.44316727233, 0.00014239045943, 0.040284126184, 0.51638213787, 2.4073161028e-05],
      [0.023612296572, 0.041313418322, 0.067118686003, 0.84717431528, 0.020781283824],
      [0.0047053665233, 0.0047231191457, 0.7813528938, 0.20822481636, 0.00099380417602],
      [0.028391563295, 0.36955257165, 0.027548005331, 0.56173027458, 0.012777585139],
      [0.44823702657, 0.013612075402, 0.022373439515, 0.51537837847, 0.00039908004629]
    ],
    [
      [0.41624317805, 0.0003044455278, 0.035362382428, 0.54801811305, 7.1880944767e-05],
      [0.019425360916, 0.078277012677, 0.052098848348, 0.79506328503, 0.055135493029],
      [0.0047075542072, 0.01086407166, 0.7436500928, 0.23758552935, 0.0031927519806],
      [0.017780299116, 0.53901115553, 0.016274973516, 0.40117668017, 0.025756891675],
      [0.41352454128, 0.028619333457, 0.019293867841, 0.5373912691, 0.0011709883236]
    ],
    [
      [0.27533829999, 0.00039271086971, 0.037907041541, 0.68630681972, 5.5127878057e-05],
      [0.01059756633, 0.083889752824, 0.046225984402, 0.82423321236, 0.035053484082],
      [0.002767100033, 0.012504028164, 0.71748968975, 0.26505534812, 0.0021838339352],
      [0.0092646631148, 0.56437523961, 0.013789676295, 0.39692950099, 0.015640919993],
      [0.27210658034, 0.036795231877, 0.020573411015, 0.66963105394, 0.00089372282915]
    ],
    [
      [0.45575499811, 0.00012624881304, 0.031512725959, 0.51259667882, 9.3482948783e-06],
      [0.020098476153, 0.038544951127, 0.054713068396, 0.87847621641, 0.0081672879125],
      [0.0041791215351, 0.0045796775487, 0.76639583306, 0.22442359575, 0.00042177210577],
      [0.023176401048, 0.39711852342, 0.021393864619, 0.55340261391, 0.0049085970021],
      [0.46042121562, 0.012072251236, 0.017411203201, 0.50994092383, 0.00015440610467]
    ],
    [
      [0.39419954314, 0.00022061971936, 0.034153373451, 0.57138548117, 4.0982522452e-05],
      [0.018770191774, 0.057474007163, 0.051043866273, 0.84091391809, 0.031798016696],
      [0.0045832033981, 0.008044573129, 0.73232836369, 0.25318380921, 0.0018600505676],
      [0.019844122961, 0.45442496378, 0.018418022737, 0.4901349706, 0.017177919917],
      [0.39483190346, 0.020897171004, 0.018785075949, 0.56481290433, 0.0006729452506]
    ],
    [
      [0.42988860425, 0.00018758703681, 0.025504288791, 0.54436308084, 5.6439083953e-05],
      [0.021338211166, 0.051306989997, 0.040020633316, 0.84130559756, 0.04602856796],
      [0.0061736996272, 0.0085117584352, 0.68195577229, 0.30017111682, 0.0031876528198],
      [0.023552776103, 0.42352550127, 0.015077063616, 0.5119013878, 0.025943271219],
      [0.42996304078, 0.017742584262, 0.014009421883, 0.53735947468, 0.00092547839312]
    ],
    [
      [0.3329763472, 0.00024913534275, 0.04078948767, 0.62589923065, 8.579914138e-05],
      [0.014136608972, 0.057433326809, 0.053973098605, 0.81549306404, 0.058963901578],
      [0.0033518747599, 0.0078078567364, 0.74705694699, 0.23843663002, 0.0033466914888],
      [0.015043539155, 0.4547166579, 0.019608218524, 0.47858161242, 0.032049971995],
      [0.33362600769, 0.023601424909, 0.022445173383, 0.61891805172, 0.0014093423002]
    ],
    [
      [0.45609155884, 0.00021033871099, 0.040645595094, 0.50300214964, 5.035770934e-05],
      [0.023236334434, 0.059842961741, 0.066288641864, 0.80777131779, 0.04286074417],
      [0.0046206483175, 0.0068166245897, 0.78855230171, 0.19797763592, 0.0020327894635],
      [0.02410008135, 0.46814663962, 0.023437662311, 0.46163506386, 0.022680552858],
      [0.45816800599, 0.019986387185, 0.022408074394, 0.49860821525, 0.00082931717781]
    ],
    [
      [0.49540080866, 0.00013393945671, 0.030556810565, 0.47388525847, 2.3182841694e-05],
      [0.028791863298, 0.04253449297, 0.05572702931, 0.85103904298, 0.021907571447],
      [0.0065888795964, 0.005584989541, 0.74639043348, 0.24023251709, 0.0012031802911],
      [0.034088805466, 0.37452131169, 0.022520642365, 0.55560733245, 0.013261908035],
      [0.49896780432, 0.012750476474, 0.016900644846, 0.47099835194, 0.0003827224163]
    ],
    [
      [0.34989896645, 0.0002252674837, 0.071505653204, 0.57835565657, 1.4456289414e-05],
      [0.014242160851, 0.05657743813, 0.10239690225, 0.81616879167, 0.010614707099],
      [0.0019424915345, 0.0043978174301, 0.85630428865, 0.13700392772, 0.00035147467062],
      [0.014877606521, 0.47563020685, 0.036294499032, 0.46748538459, 0.0057123030051],
      [0.35704378314, 0.021763317148, 0.039911883863, 0.58103974218, 0.00024127366773]
    ],
    [
      [0.31154232021, 0.00015113344967, 0.056883523313, 0.63138230998, 4.0713046674e-05],
      [0.013639798573, 0.03578274694, 0.077289982767, 0.84458005262, 0.028707419098],
      [0.0024301336053, 0.0036556046262, 0.80719632204, 0.18549261351, 0.0012253262194],
      [0.017299761673, 0.33980741724, 0.033464954472, 0.5908120411, 0.01861582552],
      [0.31764828723, 0.014569857831, 0.031842699076, 0.63525872623, 0.00068042963651]
    ],
    [
      [0.49972778422, 0.00020518004254, 0.036751551213, 0.46325120251, 6.4282007912e-05],
      [0.027921393059, 0.061805465331, 0.063580112418, 0.78905580342, 0.057637225769],
      [0.0058800191212, 0.0074663343307, 0.77878017848, 0.20496246411, 0.0029110039626],
      [0.028717582507, 0.47093376899, 0.022331456761, 0.44771564964, 0.030301542104],
      [0.5009494814, 0.019441261782, 0.020235544001, 0.45831735446, 0.0010563583548]
    ],
    [
      [0.52205161558, 0.00021420742858, 0.033295894247, 0.4443857527, 5.2530040073e-05],
      [0.030471561866, 0.067549710862, 0.060298178115, 0.79236565509, 0.049314894068],
      [0.0066699674796, 0.0084816046107, 0.76831669743, 0.21394316433, 0.0025885661448],
      [0.030046676954, 0.49379663174, 0.020302964121, 0.43099968639, 0.024854040795],
      [0.52203498289, 0.020247358638, 0.018287513186, 0.43856903015, 0.00086111514153]
    ],
    [
      [0.025571636125, 6.2751736589e-06, 0.0014694622623, 0.97295229672, 3.2971551686e-07],
      [0.0016185987117, 0.00033909663332, 0.00099547723338, 0.99702638995, 2.0437469355e-05],
      [0.00080890446256, 0.00025426456901, 0.64085039361, 0.35806665303, 1.9784332279e-05],
      [0.008775140851, 0.23067738795, 0.01032107955, 0.73444016923, 0.01578622242],
      [0.026010243771, 0.00045374089122, 0.0009649297444, 0.97256574622, 5.3393732241e-06]
    ]
  ],
  "expected_outcome": [
    [
      [8.3034376797, 37.448018352, 87.648800145, 12.7014331147, 163.0693539956, 28.2748046475, 0, 0.062965882664, 2.5100296643, 0.57704970335, 0.03134285008, 3.6368092322, 16.6943364043, 16.4685722169, 12.1246042515, 19.0074731652, 22.4134117995, 10.3794418463, 9.7087063837, 0.39612054216, 11.8887658526, 7.4559272273, 6.4351228314, 4.3438272996, 11.7389732871, 19.5042648596, 1.7530917941, 7.5071241813, 0.3720523402, 12.7399432243, 2.6823898496, 19.4353409487, 3.8642563278, 27.431081327, 3.8447842829, 10.9065384884, 19.4993599824, 10.4060794513, 3.0287212999, 0.91150999622, 9.8549885785, 9.0276606893, 14.3179829295, 10.4901058534, 18.8252307292, 0.69979793291, 33.3350282626, 92.4496400811, 49.5949034805, 0.025571636125],
      [0.0045999167267, 0.016594699148, 0.019839938268, 0.0056012487652, 0.096642227744, 0.021199622068, 0, 0.00066919938342, 0.00046756905034, 5.6263497845e-05, 0.0016450356068, 0.0017684755861, 0.0080536961569, 0.010006234619, 0.0020196405879, 0.0079504199955, 0.010833382812, 0.0064075663559, 0.0041476824945, 0.00080740104388, 0.0058893815963, 0.0059132876889, 0.010525857032, 0.0037226851753, 0.005290630931, 0.013981868054, 0.00056123263929, 0.0049781964316, 0.00054421129384, 0.0030739325341, 0.0040577222028, 0.012248679744, 0.0015536180038, 0.011980525637, 0.0022056449459, 0.0067488039825, 0.0062651802151, 0.0076111381951, 0.0043198195668, 0.00025249762607, 0.0055154929839, 0.0039393277731, 0.010712819738, 0.0048377903527, 0.005089699355, 0.00045053496739, 0.016171279114, 0.037958307869, 0.020349705715, 6.2751736589e-06],
      [1.1754475322, 3.7314079109, 5.4047318561, 1.5313636319, 19.028738555, 3.9978423744, 0, 0.058304400126, 0.37673952855, 0.0087198576973, 0.14128123581, 0.23341098443, 1.7337996854, 2.1488720051, 1.2006206646, 1.5701354756, 2.2267504365, 1.5934909254, 0.83696684992, 0.075443737948, 1.4341068289, 0.93554592497, 0.69877128496, 0.51891789177, 0.61475724329, 1.6494418676, 0.10931152852, 0.97538845016, 0.076062780812, 1.5761178396, 0.38525010593, 1.5322724966, 0.2863612977, 1.8725559243, 0.40547138528, 1.0983759909, 1.7725015521, 0.8840595607, 0.41697745695, 0.063025451919, 0.85383433627, 0.53559006461, 1.7539479698, 0.93484868715, 1.1611588015, 0.14301130641, 6.0865369945, 6.7990369744, 3.1631099534, 0.0014694622623],
      [12.5103336699, 45.8011609525, 94.9217244461, 12.7585340934, 252.7886114139, 54.7012997352, 0, 0.8780590667, 3.11270736, 2.4141726901, 0.82572149896, 4.127733988, 21.5624004013, 23.3705917988, 10.6718423007, 19.4129001269, 31.3443916278, 21.0189308057, 11.4493688237, 0.52762389754, 14.6702232733, 13.6017096165, 10.8547803817, 9.1328244339, 12.6394504595, 30.8289051712, 2.1369393137, 11.5119726938, 1.5513156209, 15.6798297338, 7.9273583143, 26.0191913679, 4.8473307111, 30.6818309197, 4.7471785997, 22.9864903404, 22.7208140662, 13.7004528262, 7.549375017, 1.0251933576, 14.2846370292, 11.4316246976, 26.9136669179, 11.5690494418, 18.007639822, 1.1567113131, 67.5579071678, 85.7014724651, 42.2166465066, 0.97295229672],
      [0.0061812014505, 0.0028180854781, 0.0049036145387, 0.0030679112911, 0.016653807777, 0.0048536208383, 0, 1.4511220331e-06, 5.5878106904e-05, 1.4853706684e-06, 9.3795438974e-06, 0.00027731978808, 0.0014098128237, 0.0019577445708, 0.00091314268325, 0.0015408123023, 0.0046127534036, 0.0017288563453, 0.00081026020024, 4.4213021428e-06, 0.0010146636543, 0.00090394345796, 0.00079964497014, 0.00070768950929, 0.0015283791711, 0.003406233601, 9.6131035367e-05, 0.00053647836872, 2.5046776534e-05, 0.0010352697756, 0.00094400791848, 0.00094650697852, 0.00049804542491, 0.0025513033339, 0.00036008726903, 0.0018463763243, 0.0010592190852, 0.0017970236192, 0.00060640665863, 1.8696589757e-05, 0.0010245630613, 0.001185220763, 0.0036893630793, 0.0011582273148, 0.00088094798437, 2.8912578829e-05, 0.0043562959941, 0.011892171464, 0.0049903538069, 3.2971551686e-07]
    ],
    [
      [4.548420315, 17.0406846636, 12.5259785786, 3.1016717802, 43.4050866827, 9.6514391632, 0.00085630250182, 0.0089834610864, 0.38196910989, 0.019918210451, 0.014648010815, 6.471812097, 4.9896174684, 4.7521379179, 2.9368886776, 4.8091192352, 4.5416782151, 6.6024499388, 5.4461568195, 0.039679952463, 8.0641155475, 3.4035092999, 1.526199514, 1.7869749095, 6.6663219532, 7.9141122226, 3.4040860682, 5.1849321832, 0.10755043788, 2.3101343201, 0.72816726655, 5.9931214115, 4.7159639029, 6.6865682346, 2.5255912833, 2.8910630481, 7.5323226065, 4.0404750704, 1.2293176943, 0.42206799921, 4.4297652587, 5.6332877477, 5.2729551467, 2.3701061122, 9.4437311617, 0.41302266469, 3.4917884346, 30.0713403245, 23.4021595132, 0.004855796135],
      [13.791453578, 40.8024204648, 15.3004420942, 7.5513445396, 138.2232422156, 39.0323577816, 0.10594136299, 0.64654984605, 0.4481398805, 0.0095058483374, 2.7954354108, 17.4257708601, 13.142887152, 15.7611394816, 2.7221415673, 11.0440580819, 11.9457635411, 22.0558982406, 12.787803033, 0.78619622886, 21.7692080527, 14.7595274084, 13.8470446958, 8.4673674462, 16.4899670048, 30.7496157213, 6.1106273473, 18.8108256958, 0.89698788345, 3.0688937948, 6.1685185832, 20.5792219855, 10.5218847628, 15.9028585443, 8.0692780854, 9.7356423788, 13.1789804448, 16.2816186369, 9.7312113276, 0.80944397366, 13.5638656906, 13.5450453593, 21.4226308996, 6.1039820976, 13.9513136942, 1.6407457058, 9.1603832168, 66.564486161, 51.878177942, 0.0010172899],
      [20.2261713767, 52.6945792981, 23.9396984892, 11.8371049734, 156.3615579107, 42.269864267, 0.035179441298, 0.21414351637, 2.0847288635, 0.0088462496163, 1.0708037181, 13.193306792, 16.2329464896, 19.4132800214, 9.2949139298, 12.5063621368, 14.0866046359, 31.5003889423, 14.8110976306, 0.40136511797, 30.4363475034, 13.3920878215, 5.2466062444, 6.7607170863, 10.9954665113, 20.8218341489, 6.8310599355, 21.1528386348, 0.70502231237, 9.0349272691, 3.3294255285, 14.7676995629, 11.1308272814, 14.2597556637, 8.499496526, 9.0903860603, 21.410860835, 10.8365604564, 5.3622141906, 1.1489744363, 12.0463524405, 10.5654471954, 20.1319657797, 6.7614414701, 18.2784656136, 2.9695101653, 19.7862355885, 68.4757810741, 46.309000792, 0.0029864317002],
      [211.9612062124, 636.846732306, 413.9791213547, 97.0953680845, 2045.1495631482, 569.4465232004, 4.8525433529, 3.1292421356, 16.9303784195, 2.9615124129, 6.0869119465, 229.7769695957, 198.7854371904, 207.8900984853, 81.3591997791, 152.2631068249, 195.2395347881, 409.1212739378, 199.5136910916, 2.7632930302, 306.566241622, 191.7290176879, 80.2519296621, 117.1855773721, 222.6397700213, 383.2036462482, 131.5390793783, 245.8236666906, 14.1741063153, 88.4974380891, 67.4847999865, 246.9359565474, 185.5664957311, 230.063481632, 97.9775787359, 187.3420165985, 270.2486065739, 165.3731632863, 95.611052634, 18.4480005446, 198.4556846699, 222.1046777563, 304.1789128854, 82.3926744148, 279.140806096, 23.6688949583, 216.2124934711, 849.8131002873, 608.5368231088, 2.9910791699],
      [55.4727485178, 20.6155832674, 11.2547594833, 12.4145106223, 70.8605500428, 26.5998155878, 0.0054795403326, 0.001081040858, 0.15478372655, 0.00021727864975, 0.032200913799, 8.1321406552, 6.8491116996, 9.1833440938, 3.6868560462, 6.3773537211, 15.1864188197, 17.7199889405, 7.4412514252, 0.0094656704967, 11.1640872743, 6.7158577822, 3.1282198838, 4.7993631858, 14.2084745094, 22.310791659, 3.1151472706, 6.0277367957, 0.11633305103, 3.0886065269, 4.2890886352, 4.7240004928, 10.0648283218, 10.0873359254, 3.9280553695, 7.9408919143, 6.6292295398, 11.46818255, 4.0662041535, 0.17151304616, 7.5043319404, 12.1515419414, 21.9935352887, 4.3717959053, 7.1856834345, 0.30782650587, 7.349099289, 62.0752921531, 37.873838644, 6.1312408064e-05]
    ],
    [
      [1.014774765, 3.932652358, 2.2375625473, 0.87078973847, 8.8949279734, 1.6365923297, 0.00074419373614, 0.00075442894812, 0.029294145897, 0, 0.00084588082202, 0.82175179073, 1.4574298031, 1.3377726286, 1.0070915686, 1.7122067086, 1.4559962784, 2.2680527035, 0.92941008383, 0.0078983435316, 1.591914179, 1.0871464366, 0.33670130738, 0.30660372446, 1.5695422558, 1.8426999527, 0.47810993393, 0.78739699166, 0.024443751082, 0.63894319013, 0.14877524713, 1.9000869851, 0.75082081824, 1.3874599225, 0.4744297137, 0.90410491056, 1.7880392789, 0.72967090211, 0.2684087032, 0.075224187631, 0.82955981506, 0.79023355228, 1.2636567845, 0.3696518654, 1.7921752502, 0.12237696668, 0.56622113003, 4.2100936908, 4.1220399024, 0],
      [1.7641886983, 5.4020105639, 1.5682147829, 1.2147105834, 16.2522337941, 3.7962131966, 0.034802996874, 0.021975612585, 0.019844876769, 0, 0.069877766471, 1.2685920463, 2.2008158814, 2.5428807308, 0.53607606439, 2.2535800048, 2.1953835864, 4.3458907694, 1.2514930161, 0.083869873475, 2.4648010282, 2.7015009428, 1.7435106249, 0.83161834926, 2.2263325792, 4.1053696977, 0.49241149556, 1.6378068024, 0.11512964316, 0.48713995344, 0.71715673942, 3.7398631552, 0.96080037285, 1.8916733171, 0.86804161478, 1.7453040345, 1.7947852754, 1.6839311074, 1.2128907319, 0.082434195877, 1.4560677363, 1.0895050797, 2.9435619896, 0.54532996718, 1.5191171551, 0.27706249809, 0.8517558779, 5.3458953808, 5.2416316494, 0],
      [263.9482865552, 707.2366889571, 249.5145407764, 195.4635768306, 1859.4083514673, 417.4006429757, 1.6870692997, 2.6752400184, 11.3616417731, 0, 5.5334371552, 98.6731638004, 277.2513085485, 319.3249079495, 187.7385132774, 260.6216762917, 263.9978737435, 629.6006615723, 148.5227460691, 7.2448958021, 350.7668738016, 250.1812315003, 68.9382650984, 68.8937614988, 151.7449106396, 282.7684648355, 57.1418811458, 188.3190476089, 10.9213581793, 147.4927706865, 40.9678449811, 273.4433474331, 104.4663522158, 173.348569693, 94.7865345013, 166.5305353481, 296.9140996438, 115.2657643847, 69.5964999057, 13.7951249951, 132.5514338286, 87.2903388537, 281.6404690153, 63.0841841367, 203.0181979064, 53.9471701849, 188.0767430343, 557.6066077901, 474.8197190132, 0],
      [58.3215664675, 181.2870325785, 91.1973370327, 33.6223218815, 516.9592776352, 119.084920427, 3.2762763303, 0.3019755765, 1.5862679828, 0, 0.39536396747, 35.9888933535, 71.6109844472, 72.1753076331, 34.4165047627, 66.8689664497, 77.1872698628, 173.3260805943, 41.9920167413, 0.66276286852, 74.6478812351, 75.5161792837, 21.8166677089, 24.7712198183, 64.6585858619, 110.0387478808, 22.78258227, 46.0360811777, 3.9324788684, 30.1768889255, 16.9587279228, 96.5570913628, 36.4385724768, 58.8709337848, 22.6945381962, 72.2257637995, 79.1254302151, 36.8257570488, 25.7103687674, 4.0396247235, 45.8262694673, 38.4219029533, 89.8906095193, 15.8382108736, 65.3432446491, 8.6312474461, 43.2197789486, 146.7531243011, 132.2168755575, 0],
      [2.9511835141, 1.1416155425, 0.48234486076, 0.82860096609, 3.4852091301, 1.0816310711, 0.0011071793072, 5.4363525758e-05, 0.0029512214555, 0, 0.00047523007406, 0.24759900915, 0.4794613198, 0.61913105792, 0.30181432691, 0.54357054517, 1.1634765289, 1.4593143605, 0.30433408961, 0.00057311233909, 0.52852975609, 0.51394183652, 0.16485526038, 0.19679660912, 0.80062866339, 1.2447176333, 0.10501515468, 0.21966741936, 0.0065895580395, 0.20425724445, 0.20749510961, 0.35961106376, 0.38345411639, 0.50136328254, 0.17645597402, 0.59429190741, 0.37764558689, 0.49487655699, 0.21183189171, 0.0075918979038, 0.33666915274, 0.40801956094, 1.2617026913, 0.16262315708, 0.32726503918, 0.022142904249, 0.28550100913, 2.0842788372, 1.5997338775, 0]
    ],
    [
      [0.94673710794, 3.3388655518, 1.5298680651, 1.1529562324, 8.3668125441, 1.9567047955, 0.00047517477617, 0, 0.053630693412, 0.012109191154, 0, 0.9269003078, 1.0567300715, 0.80257526695, 0.7612520334, 1.04669651, 0.91224693003, 1.6995642294, 1.5613561657, 0.017701339795, 2.1802313086, 0.73268580906, 0.29447212629, 0.42327062816, 1.8727258456, 1.5950062124, 0.7581914889, 1.2814197845, 0.033479345837, 0.55659669832, 0.056675817931, 1.1655114277, 1.0905834644, 1.2484542305, 0.68044767738, 0.66785113312, 1.9306263041, 0.72899226376, 0.14823460984, 0.046352802095, 1.0517385169, 0.98921659631, 1.3087879065, 1.0845036608, 2.5907492154, 0.14877606521, 0.27679618677, 3.4748274833, 4.4168615122, 0],
      [21.4046778459, 59.2389836737, 13.8774885118, 21.1006985741, 196.8513044379, 58.6770978241, 0.59777083504, 0, 0.53298743703, 0.01599191685, 0, 18.6944980603, 20.8145395887, 19.9253223639, 5.3087619954, 18.0435333721, 17.9386974728, 42.1173417079, 27.3674695249, 4.2556282199, 43.762245967, 23.7895640476, 20.5203204269, 15.1563829373, 34.5516239721, 46.0789244826, 10.2319125079, 34.6773984486, 2.4583554301, 5.5690911812, 3.7927713646, 29.9018389258, 18.1947410064, 22.1917268405, 16.4555756408, 16.817128167, 25.1295748721, 22.0994573766, 9.0300038337, 0.79423704684, 24.0845230804, 17.7880710531, 39.5603492376, 21.066598783, 28.4636196881, 4.7563020685, 5.4369186758, 56.9829860481, 72.5881048665, 0],
      [1.4367763297, 3.525538216, 0.99844995646, 1.5010394282, 10.2938748682, 2.9261945543, 0.0066884281403, 0, 0.098708524887, 0.0024159770655, 0, 0.64477957793, 1.1735283899, 1.1192229719, 0.82163488742, 0.92913477109, 0.96596646867, 2.7684410682, 1.4488756347, 0.059217064259, 2.8087273454, 0.98403538983, 0.34540249451, 0.54626671347, 1.05439403, 1.4328750658, 0.51880550859, 1.7839480024, 0.074562961613, 0.74247993999, 0.088450248752, 0.98055654729, 0.87810629577, 0.90896833498, 0.78078787315, 0.716887168, 1.8732643625, 0.66727391414, 0.22063482072, 0.042787729238, 0.97615520506, 0.63323667186, 1.7059150116, 1.054694804, 1.7115688198, 0.36294499032, 0.53543927155, 2.7021062681, 2.9845357258, 0],
      [24.3256688057, 68.8314232539, 27.8912392666, 19.8950001018, 217.5037582762, 63.6833670886, 1.3931555126, 0, 1.3032700538, 0.96931690358, 0, 18.1387559604, 23.2137906643, 19.3604095622, 11.6205414968, 18.2714945635, 21.625849903, 58.0833498177, 31.5322283122, 0.66495152016, 45.706065836, 22.7548910873, 8.5315808934, 15.2936250947, 34.4831225317, 42.5955844612, 16.1364383051, 33.4955511772, 2.4145779281, 11.7515509064, 2.8921522919, 26.4821448822, 23.6484649464, 23.6884201699, 14.5428358788, 23.8609580399, 38.1976586718, 16.4482438868, 6.3508720158, 1.1068052278, 25.977153442, 21.4998582875, 41.6366002807, 20.7735778737, 42.226157266, 4.6748538459, 9.4529926575, 54.173593606, 63.3569538988, 0],
