{
  "Z_true": {},
  "V_true": [
    [45, 53, 50, 1501, 168, 3020, 42],
    [44, 1018, 31, 99, 718, 232, 67],
    [258, 566, 280, 369, 7923, 983, 393],
    [119, 99, 144, 648, 94, 8234, 130],
    [72, 58, 1415, 193, 406, 1293, 75],
    [750, 24, 46, 152, 305, 1046, 79],
    [41, 95, 47, 56, 356, 260, 462]
  ],
  "p_true": [
    [0.0092, 0.0109, 0.0102, 0.3076, 0.0344, 0.619, 0.0086],
    [0.0199, 0.4608, 0.014, 0.0448, 0.325, 0.105, 0.0303],
    [0.024, 0.0525, 0.026, 0.0343, 0.7355, 0.0913, 0.0365],
    [0.0126, 0.0105, 0.0152, 0.0684, 0.0099, 0.8697, 0.0137],
    [0.0205, 0.0165, 0.4029, 0.055, 0.1156, 0.3682, 0.0214],
    [0.3122, 0.01, 0.0192, 0.0633, 0.127, 0.4355, 0.0329],
    [0.0311, 0.0721, 0.0357, 0.0425, 0.2703, 0.1974, 0.3508]
  ],
  "Z_est": [
    [
      [0.0111, 0, 0.1655, 0, 0.1706, 0, 0, 0.21, 0.2434, 0.1683, 0.2768, 0.0042, 0.0056, 0, 0.3368, 0, 0.1294, 0, 0.0932, 0.514, 0, 0.4354, 0.3366, 0, 0, 0, 0, 0.1224, 0.2865, 0.2546, 0.0779, 0.178, 0, 0, 0.0181, 0.4382, 0, 0.4521, 0.1043],
      [0.0025, 0.0566, 0, 0.0025, 0.0704, 0.0523, 0.0609, 0.0464, 0.0538, 0.0372, 0.0612, 0.0009, 0, 0.0025, 0.0012, 0, 0.0286, 0, 0, 0, 0.0274, 0.0963, 0.0744, 0.0077, 0.0381, 0, 0.0255, 0, 0.0634, 0.0563, 0.0172, 0, 0, 0.02, 0.004, 0.0969, 0.0089, 0.1, 0],
      [0.0126, 0.5458, 0.1874, 0, 0.3607, 0, 0.3119, 0.2378, 0.2756, 0.1906, 0.3134, 0.0047, 0.0083, 0.0126, 0.3134, 0.1323, 0, 0.3103, 0, 0, 0.264, 0.493, 0.3812, 0.0394, 0, 0.0158, 0.1307, 6.1769, 0.3245, 0.2882, 0.0882, 0, 0, 0.1928, 0.8367, 0, 0.8816, 0.5119, 0.1181],
      [1.0579, 24.3323, 15.3732, 1.0817, 30.4311, 22.9852, 26.1837, 19.9684, 23.1421, 16.0011, 26.3159, 0.3967, 0.529, 1.0691, 26.3159, 6.6418, 12.2984, 26.0514, 8.8601, 20.7618, 11.7694, 41.3914, 32.0023, 3.3408, 16.7657, 0.0575, 11.0914, 5.626, 27.2416, 24.2001, 7.4055, 16.9268, 17.9848, 8.5957, 0.9029, 41.6559, 3.0394, 42.9783, 9.9411],
      [0.0073, 0.1685, 0.5091, 0.0073, 0.2098, 0.1557, 0.1814, 0.1383, 0.1603, 0.1108, 0.1823, 0.0027, 0.0037, 0.0073, 0.1823, 0.0769, 0.0852, 0.1804, 0.0614, 0.1438, 0.0815, 0.2867, 0.2217, 0.0229, 0.1136, 1.1293, 0.076, 0.0806, 0.1887, 0.1676, 0.0513, 0.1172, 0.1246, 0.0595, 0.0119, 0.2885, 0.0266, 0.2977, 0.0687],
      [6.9086, 158.8625, 102.7426, 6.9071, 197.7148, 146.7751, 171.2253, 130.3709, 151.0921, 104.4694, 171.8133, 2.5901, 3.4535, 6.9071, 171.8133, 77.1333, 80.2946, 170.4211, 57.9728, 135.5512, 76.8411, 270.2389, 208.9387, 21.5846, 107.0595, 8.6338, 71.6608, 75.9777, 177.8569, 157.9991, 48.3495, 110.754, 117.8907, 56.1199, 11.224, 272.4618, 25.0381, 280.5995, 64.7537],
      [0, 0.0343, 0.0222, 0.0015, 0.0427, 0.0317, 0.0369, 0.0281, 0.0326, 0.0225, 0.0371, 0.0006, 0, 0.0015, 0.0371, 0.0157, 0.1638, 0.0367, 0.0125, 0.0293, 0.0166, 0.0583, 0.0451, 0.0047, 0.0231, 0.1636, 0.0155, 0.0164, 0.0384, 0.0341, 0.0104, 0.0239, 0, 0.0121, 0.0024, 0.0587, 0.0054, 0.0606, 0.014]
    ],
    [
      [0.099, 2.969, 2.8373, 0.099, 1.7486, 1.6496, 1.3527, 5.4853, 4.9487, 3.6291, 2.5404, 0.099, 0.9357, 0.066, 2.2434, 0.9238, 3.1564, 1.7486, 3.3821, 1.5836, 1.0557, 2.0785, 2.5404, 0.3629, 0, 0, 0, 9.2933, 2.5733, 2.6063, 0.9568, 1.5506, 0.7918, 0.6268, 0.1979, 2.7383, 0.5609, 9.7325, 1.5836],
      [1.8269, 65.7694, 52.2663, 1.8269, 32.2757, 30.4488, 24.968, 98.6541, 91.3464, 66.9874, 46.8912, 0.9991, 1.3092, 1.218, 41.4104, 12.2041, 33.4937, 31.6852, 13.309, 28.3062, 19.4872, 38.3655, 46.8912, 6.6987, 38.9745, 2.5792, 31.6668, 19.6852, 47.5001, 48.1091, 17.6603, 28.4111, 14.6154, 11.5705, 3.6539, 50.545, 10.3526, 179.648, 25.0778],
      [0.1055, 4.3907, 3.1289, 0.1055, 1.8631, 1.7577, 1.4413, 5.5542, 5.273, 3.8669, 2.7068, 0.1055, 0.1406, 0.0703, 2.3904, 0.9843, 0, 2.4537, 0.914, 1.6874, 1.1249, 2.2147, 2.7068, 0.3867, 2.2498, 0.1758, 1.828, 4.8776, 2.742, 2.7771, 1.0195, 1.6522, 0.8437, 0.6679, 0.2109, 2.9178, 0.5976, 10.3703, 4.5637],
      [0.8268, 29.7636, 23.7006, 0.8268, 14.6062, 13.7794, 11.2991, 44.6453, 41.3383, 30.3147, 21.2203, 1.6546, 1.0092, 0.5512, 18.74, 7.7165, 15.1574, 14.6062, 7.1653, 13.2282, 8.8188, 17.3621, 21.2203, 3.0315, 19.7491, 1.3779, 16.0462, 13.7794, 21.4959, 21.7715, 7.9921, 12.9527, 6.6141, 5.2362, 1.6535, 22.8738, 4.685, 81.2986, 14.505],
      [0.0754, 2.7135, 2.1608, 0.0754, 1.3316, 1.2563, 1.0301, 4.0703, 3.7688, 2.7638, 1.9346, 0.0754, 0.5217, 0.0503, 1.7085, 0.7035, 1.3819, 1.3316, 0.6533, 1.206, 0.804, 1.5829, 1.9346, 0.2764, 1.608, 0.7563, 1.3065, 1.2563, 1.9598, 1.9849, 0.7286, 1.1809, 0.603, 0.4774, 0.1508, 2.0854, 0.4271, 7.4119, 1.206],
      [0.0626, 2.2548, 1.7955, 0.0626, 1.1065, 1.0439, 0.856, 3.3822, 3.1316, 2.2965, 1.6076, 0.0626, 0.0835, 0.0418, 1.4197, 5.4318, 1.1483, 1.1065, 0.5428, 1.9268, 0.6681, 1.3153, 1.6076, 0.2297, 1.3362, 0.1044, 1.0856, 1.0439, 1.6284, 1.6493, 0.6054, 0.9812, 0.5011, 0.3967, 0.1253, 1.7328, 0.3549, 6.1589, 1.0021],
      [0.0039, 0.139, 0.1107, 0.0039, 0.0682, 0.0644, 0.0528, 0.2085, 0.1931, 0.1416, 0.0991, 0.0039, 0, 0.0026, 0.0875, 0.036, 0.6624, 0.0682, 0.0335, 0.0618, 0.0412, 0.0811, 0.0991, 0.0142, 0.0824, 0.0064, 0.0669, 0.0644, 0.1004, 0.1017, 0.0373, 0.2713, 0.0309, 0.0245, 0.0077, 0.1068, 0.0219, 0.3798, 0.0618]
    ],
    [
      [0.0318, 0, 0, 0, 0, 0, 0, 3.9494, 0, 1.2084, 2.1602, 0.0556, 0.0119, 0, 1.779, 0, 3.5786, 0, 0.6399, 7.6143, 0, 2.2872, 1.9696, 0, 0, 0, 0, 1.2627, 11.8819, 1.4097, 0.683, 0, 0, 0, 0, 1.8981, 0, 3.5738, 0],
      [0.2704, 7.0965, 0, 0.956, 8.2104, 5.0715, 0.0887, 34.3876, 8.6522, 3.7334, 0.2499, 0, 0.0682, 0.4535, 0, 0, 1.1866, 0, 0, 0, 0.3214, 5.5826, 2.1145, 0.3994, 5.8447, 0, 7.895, 0, 12.6991, 8.0734, 2.2252, 0, 0, 1.5078, 0, 8.9658, 6.7123, 129.6098, 0],
      [0.0954, 6.6838, 4.3526, 0, 3.0289, 0, 1.1177, 0, 1.925, 4.3884, 16.257, 0.579, 0.0358, 0, 7.3092, 3.7681, 0, 4.5315, 0, 0, 6.5832, 6.8687, 5.9147, 0.3458, 0, 0.1669, 1.1382, 6.5619, 30.137, 4.2333, 5.7802, 0, 0, 5.6419, 1.6099, 0, 1.2879, 4.5429, 1.6337],
      [0.0725, 11.3821, 0, 0.1916, 4.253, 9.4165, 2.2762, 0, 0.2233, 6.2654, 0, 0.607, 0.0272, 1.5862, 13.8707, 0, 6.7218, 3.446, 1.1698, 2.0585, 0, 5.2234, 0, 0.263, 7.8668, 0, 1.596, 0, 0, 3.2193, 0, 0, 4.0189, 10.3152, 0, 4.3347, 0, 7.4967, 1.2424],
      [7.3452, 464.1452, 345.6901, 18.4292, 225.6106, 198.0755, 222.9459, 444.1154, 423.8915, 328.962, 496.712, 12.4352, 2.7876, 20.4293, 380.6817, 135.8598, 146.4138, 330.0837, 108.6628, 202.7849, 207.6023, 529.3494, 466.4219, 23.2297, 240.1651, 12.9362, 147.511, 282.4574, 689.8256, 311.9074, 152.7757, 226.8696, 111.0288, 160.1859, 115.5318, 412.0268, 95.5307, 705.5009, 125.2763],
      [0.1847, 18.1411, 0, 1.0047, 5.8633, 5.1477, 14.2858, 0, 0, 0, 0, 0.3232, 0.0693, 0.5309, 30.5182, 9.9793, 8.9689, 35.2229, 18.0023, 5.2401, 0, 0, 0, 0.6694, 0, 0.3232, 1.8758, 12.5604, 2.1393, 11.6094, 0, 19.5988, 9.9523, 2.6132, 0, 31.1866, 0, 0, 3.1547],
      [0, 12.5513, 14.9573, 0.4185, 7.0338, 5.2889, 10.2857, 17.5477, 17.3081, 23.4424, 28.6209, 0, 0, 0, 13.8412, 6.3927, 7.1303, 6.716, 0.5253, 9.3022, 11.493, 26.6886, 19.5792, 4.0926, 3.1234, 0.5737, 15.9841, 15.1575, 20.3169, 14.5475, 10.5359, 10.5316, 0, 5.736, 17.8584, 19.588, 4.4691, 49.2758, 5.6929]
    ],
    [
      [0.086, 0, 0.2239, 0, 0, 0, 0, 2.5626, 0.1536, 1.5956, 30.6812, 0.0658, 0.058, 0, 3.6645, 0, 1.4119, 0, 7.2319, 3.2492, 0, 8.5439, 12.4378, 0, 0, 0, 0, 1.8857, 5.0479, 0.6101, 6.6068, 0.7546, 0, 0, 0.5349, 4.8556, 0, 15.3092, 0.4441],
      [0.0623, 1.4473, 0, 0.4002, 1.6477, 1.3304, 0, 18.2451, 1.1935, 0.7348, 1.9238, 0, 0, 0.0713, 0, 0, 0.6502, 0, 0, 0, 0.953, 2.4716, 2.1777, 0, 0.8773, 0, 0.7187, 0, 2.3246, 0.9419, 0.6635, 0, 0, 0.668, 0.3905, 0, 0.3652, 9.6331, 0],
      [0, 5.4148, 10.2243, 0, 2.3062, 0, 0, 0, 4.4651, 3.7845, 11.9935, 0.2666, 2.0661, 0, 6.7714, 2.7157, 0, 6.9142, 0, 0, 3.5654, 32.3846, 20.8168, 0.833, 0, 0.0467, 2.3825, 3.2489, 8.6969, 6.3318, 2.4825, 0, 0, 3.9497, 5.4538, 0, 5.8408, 12.8122, 1.8827],
      [0.0396, 13.8812, 0, 0.5552, 19.9317, 14.1376, 12.3159, 9.8557, 11.4467, 7.0474, 14.7882, 1.1881, 0, 0.6834, 14.4792, 0, 8.6683, 0.8222, 9.3706, 14.351, 8.3424, 60.3913, 15.4949, 2.178, 8.4142, 0, 7.4087, 0, 21.2168, 14.9503, 1.9189, 3.5138, 10.1226, 6.4067, 0, 17.5256, 0, 32.8451, 4.9057],
      [1.372, 11.5697, 12.6681, 0.3371, 0.9197, 3.1936, 10.0345, 10.8062, 12.2386, 13.3855, 11.2013, 2.4555, 1.6388, 1.0031, 8.7899, 0, 3.7856, 0, 0, 14.2731, 18.7375, 19.8231, 13.1158, 0, 24.8592, 2.6434, 3.7078, 5.3392, 14.6135, 0, 6.1061, 5.8081, 1.3428, 3.8893, 2.3855, 0, 2.1262, 19.9394, 4.0026],
      [12.44, 288.7866, 201.3951, 11.5515, 345.1946, 292.3384, 361.8101, 220.35, 235.2863, 136.472, 356.2274, 12.024, 2.2371, 14.2172, 301.2266, 158.8654, 129.7318, 407.2636, 132.3975, 301.941, 179.8334, 424.7249, 419.0885, 42.698, 160.4851, 16.0819, 127.0661, 182.1861, 463.8357, 351.814, 126.5988, 205.0311, 225.5346, 133.2861, 73.1516, 493.9048, 66.3615, 669.2322, 100.4089],
      [0, 3.9004, 7.4885, 0.156, 0, 0, 2.8395, 3.1803, 3.2163, 1.9802, 5.1845, 0, 0, 0.0251, 4.0684, 1.4189, 1.7522, 0, 0, 2.1857, 2.5683, 6.6607, 5.8686, 4.2909, 2.3642, 0.228, 1.7162, 2.3402, 6.2646, 8.3519, 4.6234, 8.8924, 0, 1.8002, 10.0838, 0.714, 7.3063, 9.2289, 1.3561]
    ],
    [
      [0.0279, 0, 0.3626, 0.0124, 0.2975, 0, 0, 0.3347, 0.2727, 0.1983, 0.5702, 0, 0.0896, 0, 0.502, 0, 0.6982, 0, 1.3562, 1.9351, 0, 0.6012, 0.7313, 0, 0, 0, 0, 0.2355, 0.6787, 0.4308, 0.1797, 0.2231, 0, 0, 0.2076, 0.564, 0, 0.7159, 0.0744],
      [0.0035, 0.0684, 0, 0.0015, 0.0369, 0.0307, 0.0407, 0.0415, 0.0338, 0.0246, 0.0707, 0, 0.0015, 0.0042, 0.0623, 0, 0.0204, 0, 0, 0, 0.0311, 0.0746, 0.0907, 0.0054, 0.0261, 0.0004, 0.0165, 0, 0.0842, 0.0534, 0.0223, 0, 0, 0.0184, 0.0257, 0.0699, 1.0383, 0.0888, 0.0092],
      [2.6047, 77.212, 50.3891, 1.7227, 41.3449, 34.047, 45.6517, 46.513, 37.8995, 27.5633, 79.2444, 0, 1.7227, 0.6687, 69.7696, 23.6872, 22.2919, 73.2488, 12.9711, 39.3027, 34.8848, 83.5512, 101.6396, 6.0295, 26.533, 0.4307, 18.5191, 32.7606, 94.3181, 59.864, 24.9792, 29.6189, 26.685, 20.8212, 30.1021, 68.0734, 20.2418, 99.4862, 10.3362],
      [0.1675, 3.3123, 2.1772, 0.0744, 1.7864, 2.1437, 1.9725, 2.0097, 1.6376, 1.1909, 3.424, 0, 0, 1.071, 3.0146, 1.0235, 0.9863, 3.1635, 0.6141, 11.7361, 1.5073, 3.6101, 4.3916, 0.3039, 4.2291, 0.0186, 0.9334, 1.4143, 4.0753, 2.5866, 1.0793, 1.3398, 6.4171, 0.8932, 0, 3.3868, 0, 4.2986, 0.4466],
      [1.1099, 1.3164, 0.9103, 0.0296, 0.71, 0.5917, 0.7839, 0.7987, 0.6508, 0.4733, 1.3608, 0, 0.0296, 2.3688, 1.1981, 0.4068, 0.392, 1.2573, 0.2441, 0.8653, 0.8501, 1.4348, 1.7454, 0.1035, 0.5029, 0.0105, 0.318, 0.5621, 1.6197, 1.028, 0.429, 0.5325, 0.5399, 0.355, 0.4955, 1.346, 0.3476, 1.7084, 0.1775],
      [5.0865, 95.9688, 63.0806, 2.1566, 51.7585, 43.1321, 57.4785, 58.2283, 47.4453, 34.5056, 99.2037, 0, 2.1566, 6.8797, 87.3424, 29.8449, 28.575, 92.2139, 17.792, 63.0806, 43.6712, 104.5952, 127.2396, 7.5481, 36.6622, 0.5392, 23.1835, 40.9755, 118.074, 74.9419, 31.2707, 40.2363, 39.358, 25.8792, 36.1231, 108.4351, 25.3401, 124.5438, 12.9396],
      [0, 0.122, 0.0802, 0.0027, 0.0658, 0.0548, 0.0727, 0.074, 0.0603, 0.0439, 0.1261, 0, 0, 0.0075, 0.1111, 0.0377, 0.0363, 0.1165, 0.0226, 0.0802, 0.0555, 0.133, 0.1618, 0.0096, 0.0466, 0.0007, 0.0295, 0.0521, 0.1501, 0.0953, 0.0398, 0.0494, 0, 0.0329, 0.0459, 0.1248, 0.0322, 0.1584, 0.0165]
    ],
    [
      [1.1239, 24.7258, 24.7258, 1.1239, 29.596, 22.4038, 25.9091, 23.6019, 28.4721, 29.2214, 60.6906, 0, 0, 0.934, 30.72, 9.7338, 11.6136, 55.2725, 21.2806, 35.5902, 23.6713, 46.4546, 46.4546, 2.2413, 20.8127, 0, 13.294, 29.2214, 61.8145, 24.7258, 11.239, 19.1063, 9.4005, 11.2714, 4.8702, 43.4575, 5.5781, 61.8145, 2.6224],
      [0.0065, 0.1419, 0.1419, 0.0065, 0.1699, 0.1333, 0.1828, 0.1355, 0.1635, 0.1678, 0.3484, 0, 0, 0.0086, 0.1764, 0, 0.0667, 0, 0, 0, 0.1419, 0.2667, 0.2667, 0.0258, 1.6503, 0.0065, 1.4005, 0, 0.3549, 0.1419, 0.0645, 0, 0, 0.0753, 0.028, 0.2495, 0.0387, 0.3549, 0.0151],
      [0.1465, 3.2227, 3.2227, 0.1465, 3.8574, 3.0274, 4.1504, 3.0762, 3.711, 3.8086, 7.9102, 0, 0, 0.1953, 4.0039, 1.4649, 1.5137, 8.1437, 0, 4.6387, 4.2772, 6.0547, 6.0547, 2.2861, 2.9785, 0.1465, 1.9043, 3.9764, 8.0567, 3.2227, 1.4649, 2.4902, 2.1973, 3.5497, 0.6348, 5.6641, 2.0442, 8.0567, 0.3418],
      [1.2562, 27.6367, 27.6367, 1.2562, 33.0803, 26.7852, 35.5927, 26.3805, 31.8241, 32.6615, 67.8355, 0, 0, 2.2395, 34.3365, 12.5621, 12.9809, 62.3919, 20.9369, 39.7801, 27.6367, 51.9235, 51.9235, 5.579, 26.0638, 1.2562, 16.3308, 32.6615, 69.0917, 27.6367, 12.5621, 21.3556, 27.4711, 14.6558, 5.4436, 48.5736, 7.5373, 69.0917, 2.9312],
      [0.0779, 1.7127, 1.7127, 0.0779, 2.0501, 1.6089, 6.7936, 1.6349, 1.9722, 2.0241, 4.2039, 0, 0, 0.1038, 2.1279, 0.7785, 0.8045, 3.8666, 1.2975, 2.4653, 1.7127, 3.2178, 3.2178, 0.3114, 1.583, 1.2018, 1.0121, 2.0241, 4.2818, 1.7127, 0.7785, 1.3235, 1.1678, 0.9083, 0.3374, 3.0102, 0.4671, 4.2818, 0.1817],
      [0.3176, 6.9862, 6.9862, 0.3176, 8.3623, 6.5628, 10.3443, 6.6687, 8.0448, 8.2565, 17.148, 0, 0, 0.4234, 8.6799, 4.7453, 3.2814, 15.772, 5.2926, 10.2603, 6.9862, 13.1257, 13.1257, 1.2702, 6.457, 0.3176, 4.1282, 8.2565, 17.4656, 6.9862, 3.1756, 5.3985, 4.7633, 3.7048, 1.3761, 12.2788, 1.9053, 17.4656, 0.741],
      [0.0715, 1.5739, 1.5739, 0.0715, 1.884, 1.4785, 2.027, 1.5024, 1.8124, 1.8601, 3.8633, 0, 0, 0.0954, 1.9555, 0.7154, 0.7393, 3.5533, 1.1924, 2.2655, 1.5739, 2.9571, 2.9571, 0.2862, 1.4547, 0.0715, 0.9301, 1.8601, 3.9349, 1.5739, 0.7154, 1.3259, 0, 0.8347, 0.31, 2.7663, 0.4293, 3.9349, 0.1669]
    ],
    [
      [0.6203, 9.3052, 8.6849, 0.7647, 4.1873, 2.9466, 5.7382, 10.8561, 7.9094, 6.9789, 10.0806, 0.7754, 0.8992, 0, 7.7543, 4.3424, 3.4119, 6.9789, 2.0161, 6.5136, 5.2729, 7.5992, 8.5298, 1.3958, 4.1873, 0, 1.706, 6.9789, 12.7171, 4.9628, 3.2568, 4.1873, 4.8077, 3.1017, 2.1712, 6.0484, 1.861, 21.402, 2.1712],
      [0.828, 12.4198, 11.5918, 1.8064, 5.5889, 3.9329, 7.6589, 14.4897, 10.5568, 9.3148, 13.4548, 0, 0.621, 1.242, 10.3498, 5.7959, 4.5539, 9.3148, 2.691, 8.6938, 7.0379, 10.1428, 11.3848, 1.863, 5.5889, 0.414, 2.277, 9.3148, 16.9737, 6.6239, 4.3469, 5.5889, 6.3846, 4.1399, 2.8979, 8.0729, 2.484, 28.5655, 2.8979],
      [0.0354, 0.5303, 0.495, 0.0253, 0.2387, 0.1679, 0.327, 0.6187, 0.4508, 0.3978, 0.5745, 0.0442, 0.0265, 0.053, 0.4419, 0.2475, 0.1945, 0.3978, 0.1149, 0.3712, 0.3005, 0.4331, 0.4861, 0.0796, 0.2387, 0.0177, 0.0972, 0.3978, 0.7248, 0.2828, 0.1856, 0.2387, 0.274, 0.1768, 2.1518, 0.3447, 0.1061, 1.2198, 0.1237],
      [0.5795, 8.6918, 8.1123, 1.014, 3.9113, 2.7524, 5.3599, 10.1404, 7.388, 6.5188, 9.4161, 3.1536, 0.4346, 1.7997, 7.2431, 4.0562, 3.187, 6.5188, 1.8832, 6.0842, 4.9253, 7.0983, 7.9675, 1.3038, 3.9113, 0.2897, 1.5935, 6.5188, 11.8788, 4.6356, 3.0421, 3.9113, 5.3715, 2.8973, 0, 5.6497, 1.7384, 19.9911, 2.0281],
      [1.0123, 0.3739, 0.349, 0.0436, 0.1682, 0.1184, 0.2306, 0.4362, 0.3178, 0.2804, 0.405, 0.0312, 0.0187, 0.0374, 0.3116, 0.1745, 0.1371, 0.2804, 0.081, 0.2617, 0.2119, 0.3053, 0.3427, 0.0561, 0.1682, 0.3226, 0.0685, 0.2804, 0.511, 0.1994, 0.1309, 0.1682, 0.1932, 0.1246, 0.0872, 0.243, 0.0748, 0.8599, 0.0872],
      [0, 0, 0, 0, 0, 0, 0, 0, 0, 0, 0, 0, 0, 0, 0, 0, 0, 0, 0, 0, 0, 0, 0, 0, 0, 0, 0, 0, 0, 0, 0, 0, 0, 0, 0, 0, 0, 0, 0],
      [0.9246, 28.679, 26.7671, 3.3459, 12.9056, 9.0817, 17.6854, 33.4589, 24.3772, 21.5093, 31.0689, 0.9956, 1, 2.8679, 23.8992, 13.3835, 10.5156, 21.5093, 6.2138, 20.0753, 16.2514, 23.4212, 26.2891, 4.3019, 12.9056, 0.956, 5.2578, 21.5093, 39.1947, 15.2955, 10.0377, 12.9056, 13.9691, 9.5597, 6.6918, 18.6414, 5.7358, 65.9618, 6.6918]
    ]
  ],
  "V_est": [
    [5.033, 1.1132, 13.9604, 632.7133, 5.9891, 4219.0011, 1.1898],
    [80.7467, 1318.6881, 82.8669, 614.6134, 56.5535, 51.8905, 3.641],
    [45.995, 262.376, 136.5188, 109.1442, 9532.1939, 249.1655, 436.6066],
    [108.0145, 49.8918, 167.6507, 369.197, 268.1117, 8383.0794, 122.0549],
    [11.2996, 2.0959, 1476.7297, 82.4367, 29.6036, 1907.4858, 2.3487],
    [874.7896, 6.9308, 121.6411, 1016.8985, 68.044, 257.3777, 56.3184],
    [203.1216, 271.9044, 13.6325, 192.9969, 9.5042, 0, 625.8405]
  ],
  "p_est": [
    [0.001, 0.0002, 0.0029, 0.1297, 0.0012, 0.8647, 0.0002],
    [0.0366, 0.597, 0.0375, 0.2782, 0.0256, 0.0235, 0.0016],
    [0.0043, 0.0244, 0.0127, 0.0101, 0.8849, 0.0231, 0.0405],
    [0.0114, 0.0053, 0.0177, 0.039, 0.0283, 0.8854, 0.0129],
    [0.0032, 0.0006, 0.4205, 0.0235, 0.0084, 0.5431, 0.0007],
    [0.3642, 0.0029, 0.0506, 0.4234, 0.0283, 0.1072, 0.0234],
    [0.1542, 0.2065, 0.0104, 0.1465, 0.0072, 0, 0.4752]
  ],
  "EI_Z": {},
  "EI_V": 18.7649,
  "MAE_Z": {},
  "MAE_V": 264.6925,
  "MAE_p": 0.0803,
  "runtime": 1.3404
}
