{
  "X": [
    [1, 4, 11, 12, 69, 11],
    [9, 6, 15, 52, 111, 36],
    [70, 42, 99, 366, 936, 114],
    [30, 28, 86, 188, 711, 50],
    [81, 30, 84, 307, 1008, 133],
    [48, 41, 71, 391, 564, 87],
    [22, 28, 55, 147, 563, 45],
    [29, 41, 53, 204, 798, 72],
    [15, 12, 21, 113, 338, 25],
    [31, 70, 100, 341, 1040, 108],
    [61, 66, 87, 443, 741, 133],
    [47, 78, 97, 397, 844, 97],
    [33, 81, 85, 354, 594, 75],
    [1, 6, 5, 10, 70, 2],
    [27, 33, 49, 164, 687, 74],
    [9, 29, 32, 229, 180, 46],
    [23, 35, 23, 243, 371, 104],
    [39, 66, 40, 387, 342, 79],
    [55, 51, 63, 543, 613, 135],
    [119, 101, 139, 634, 1669, 185],
    [110, 85, 125, 805, 1182, 210],
    [41, 70, 59, 626, 747, 140],
    [12, 27, 26, 248, 260, 84],
    [72, 27, 78, 266, 1007, 87],
    [48, 54, 85, 396, 485, 95],
    [2, 49, 9, 149, 243, 31],
    [81, 137, 124, 704, 1434, 187],
    [12, 26, 13, 137, 220, 29],
    [71, 62, 62, 580, 1001, 163],
    [17, 13, 11, 141, 331, 25]
  ],
  "W": [
    [5, 23, 68, 5, 7],
    [13, 62, 112, 11, 31],
    [105, 401, 948, 71, 102],
    [35, 209, 731, 41, 77],
    [82, 371, 1014, 47, 129],
    [50, 447, 553, 64, 88],
    [34, 154, 566, 49, 57],
    [30, 242, 789, 75, 61],
    [9, 120, 341, 25, 29],
    [30, 395, 996, 131, 138],
    [58, 502, 748, 96, 127],
    [42, 447, 863, 88, 120],
    [33, 355, 635, 104, 95],
    [1, 14, 70, 4, 5],
    [41, 171, 690, 60, 72],
    [9, 237, 189, 38, 52],
    [24, 260, 369, 64, 82],
    [35, 440, 349, 69, 60],
    [51, 636, 587, 71, 115],
    [108, 728, 1705, 153, 153],
    [129, 919, 1177, 126, 166],
    [56, 676, 731, 100, 120],
    [19, 273, 262, 29, 74],
    [84, 333, 959, 73, 88],
    [50, 458, 483, 83, 89],
    [3, 150, 244, 64, 22],
    [113, 749, 1399, 221, 185],
    [13, 134, 216, 34, 40],
    [73, 625, 985, 78, 178],
    [10, 149, 311, 20, 48]
  ],
  "method": "mvn_cdf",
  "mvncdf_method": "genz",
  "mvncdf_samples": 5000,
  "mvncdf_error": 1e-06,
  "cond_prob": [
    [
      [0.17855240812, 4.5287366463e-05, 0.42245337522, 0.015150755006, 0.25610022929, 0.127697945],
      [0.011440383023, 0.038280037833, 0.10662905921, 0.47877379557, 0.10081699187, 0.2640597325],
      [0.0020344889035, 0.0029767800038, 0.082357802264, 0.0041976718519, 0.8954181081, 0.013015148881],
      [0.00021099082812, 0.48516973044, 0.1421355585, 0.033911116697, 0.26689493186, 0.071677671676],
      [0.0063020779157, 0.012983418417, 0.24584464513, 0.051447691122, 0.23034053961, 0.45308162781]
    ],
    [
      [0.46424258347, 2.8516504156e-05, 0.16894493569, 0.037473196938, 0.15465946478, 0.17465130262],
      [0.01776740454, 0.014343287374, 0.027062499925, 0.68910172677, 0.037568301331, 0.21415678006],
      [0.0086610142462, 0.0031078657043, 0.056448502419, 0.017316977716, 0.88441968404, 0.030045955876],
      [0.00081656833148, 0.39251014681, 0.088350472805, 0.12623268398, 0.2435019429, 0.14858818517],
      [0.016375033119, 0.0082202153442, 0.10122772288, 0.12899934801, 0.14120227583, 0.60397540481]
    ],
    [
      [0.49429490593, 3.6561968123e-05, 0.17884005717, 0.045552280131, 0.187310936, 0.093965258808],
      [0.019161434841, 0.017454749014, 0.027736738964, 0.78238315236, 0.043769601, 0.10949432382],
      [0.0083991713072, 0.0034137923858, 0.051708754143, 0.018165650413, 0.90430916806, 0.014003463688],
      [0.00084515992434, 0.43101478512, 0.086142738238, 0.13965889306, 0.26917682308, 0.073161600588],
      [0.023603759923, 0.013423249503, 0.13788471532, 0.19926097353, 0.21917448149, 0.40665282024]
    ],
    [
      [0.47214196602, 3.7761091042e-05, 0.2474762495, 0.03344090615, 0.18980740591, 0.057095711338],
      [0.023782626229, 0.023690783858, 0.050278347168, 0.75666460847, 0.058165226083, 0.08741840819],
      [0.0077680593308, 0.0034506045123, 0.069944637454, 0.013043466291, 0.89746871417, 0.0083245182398],
      [0.0008069632256, 0.45463650715, 0.12034255091, 0.10365318017, 0.27563006586, 0.044930732693],
      [0.026485048804, 0.016460777366, 0.22640172764, 0.17366809246, 0.26354807076, 0.29343628297]
    ],
    [
      [0.61789077979, 2.4600912077e-05, 0.1213373173, 0.02676274095, 0.15608003363, 0.077904527417],
      [0.037214446562, 0.018318620934, 0.029363633361, 0.71663404759, 0.056880703188, 0.14158854836],
      [0.012696077417, 0.0027885918091, 0.042614847355, 0.012957041592, 0.91484656198, 0.014096879848],
      [0.0014671405861, 0.40522181679, 0.081536454522, 0.11439499427, 0.31279414247, 0.084585451356],
      [0.03822772719, 0.011745864079, 0.12171793127, 0.15220125919, 0.23754250426, 0.43856471401]
    ],
    [
      [0.55861015927, 3.4633494419e-05, 0.16749058784, 0.039651203907, 0.16490643387, 0.069306981624],
      [0.024876920877, 0.019133902101, 0.030038601852, 0.78790107827, 0.04457034131, 0.093479155589],
      [0.010647024484, 0.0036560117237, 0.054722791113, 0.017867716039, 0.9014315149, 0.011674941743],
      [0.0010491731525, 0.45289666639, 0.089298525244, 0.13455990182, 0.2624459886, 0.059749744794],
      [0.031723977337, 0.015234967068, 0.1547263272, 0.20775558229, 0.23119974055, 0.35935940556]
    ],
    [
      [0.43865637756, 4.2265502828e-05, 0.21259516781, 0.044046941215, 0.2256829209, 0.078976327014],
      [0.017211558463, 0.020698717174, 0.033681698485, 0.78006274738, 0.053945997786, 0.094399280712],
      [0.0061691639459, 0.0033077342376, 0.051425829229, 0.014705361413, 0.91454164337, 0.0098502678034],
      [0.00065690680238, 0.44650120922, 0.090702970554, 0.11990407589, 0.28769443178, 0.054540405756],
      [0.02070724458, 0.015535542152, 0.16383133476, 0.19302703556, 0.26410590772, 0.34279293523]
    ],
    [
      [0.51093201868, 3.5986691676e-05, 0.1469485583, 0.033582714749, 0.22220261426, 0.086298107317],
      [0.024777826369, 0.021748264692, 0.028825639729, 0.73160418538, 0.0656599958, 0.12738408803],
      [0.0074311673302, 0.0029115399333, 0.036816257019, 0.011596561368, 0.9301090389, 0.011135435448],
      [0.00087491923386, 0.43097988086, 0.071783886363, 0.10439952025, 0.32382872716, 0.06813306613],
      [0.025879363275, 0.014182251559, 0.12159998635, 0.15769037021, 0.27901564889, 0.40163237971]
    ],
    [
      [0.64529938666, 2.190941602e-05, 0.10503707527, 0.035436786989, 0.15965758594, 0.054547255725],
      [0.030801439263, 0.013668334548, 0.021161779064, 0.80275409139, 0.048451714832, 0.083162640901],
      [0.012302100074, 0.002436264248, 0.03616318714, 0.016764514728, 0.9226828453, 0.0096510885098],
      [0.0014911530374, 0.37897872185, 0.072648505383, 0.15620923517, 0.3296444701, 0.061027914457],
      [0.041710999172, 0.011540423239, 0.11602695775, 0.22264601838, 0.26744525858, 0.34063034288]
    ],
    [
      [0.45131247466, 3.8184559871e-05, 0.19834400377, 0.035080111502, 0.24064946394, 0.074575761566],
      [0.02146729245, 0.022448642613, 0.03791654796, 0.74180784193, 0.069289316725, 0.10707035832],
      [0.0060805021239, 0.0028403566892, 0.045696437363, 0.011145217374, 0.9253799572, 0.0088575292517],
      [0.00072740023103, 0.42439638555, 0.090522146927, 0.10180047049, 0.32756233105, 0.05499126575],
      [0.022677981893, 0.014814758434, 0.16174557488, 0.1621137143, 0.29772660769, 0.34092136281]
    ],
    [
      [0.5882119037, 4.0342127884e-05, 0.14692767448, 0.03879357076, 0.14332360668, 0.08270290224],
      [0.026377015297, 0.022385251841, 0.026503641995, 0.77376063979, 0.038943131681, 0.11203031939],
      [0.012804253539, 0.0048524937457, 0.054738182503, 0.019924770675, 0.89180172387, 0.015878575671],
      [0.0010682547038, 0.50753669546, 0.075615753114, 0.12698200485, 0.22001932885, 0.068777963024],
      [0.03282487309, 0.017397748443, 0.13312658998, 0.19926506627, 0.19703020293, 0.42035551929]
    ],
    [
      [0.54822208052, 6.6749894831e-05, 0.18029931851, 0.039384034712, 0.16474023524, 0.067287581117],
      [0.024176988525, 0.036470849185, 0.032005199986, 0.77356315278, 0.044054750521, 0.089729058999],
      [0.010412049137, 0.0070118158759, 0.058656796767, 0.017665407887, 0.89497002134, 0.011283908998],
      [0.00072368952983, 0.6132948562, 0.067497404366, 0.093803238432, 0.18396544095, 0.040715370521],
      [0.030767374845, 0.02898385337, 0.16446276532, 0.2036432906, 0.22798050223, 0.34416221363]
    ],
    [
      [0.51852381923, 7.0285702384e-05, 0.2077003702, 0.057606144018, 0.13950497822, 0.076594402634],
      [0.016621755299, 0.028020251049, 0.026876701644, 0.82673349086, 0.027215896367, 0.074531904786],
      [0.011124603816, 0.0083737460153, 0.076580176209, 0.029290420765, 0.86007194934, 0.014559103852],
      [0.00064114103382, 0.60713533116, 0.073081501106, 0.12906021303, 0.14649952241, 0.043582291258],
      [0.025611530969, 0.02696266265, 0.1672861439, 0.26329163812, 0.17050830676, 0.3463397176]
    ],
    [
      [0.38370109226, 0.00026332985599, 0.23037087488, 0.025084152778, 0.31723416911, 0.043346381116],
      [0.01463730588, 0.16957708643, 0.043459386588, 0.61388066695, 0.09167591098, 0.066769643178],
      [0.0029458059457, 0.01464587879, 0.038469223176, 0.0058085874026, 0.93436471839, 0.0037657862976],
      [7.8606974937e-05, 0.89392102987, 0.016959265638, 0.012279523622, 0.07144374693, 0.0053178269673],
      [0.014586546885, 0.10349437192, 0.18259549646, 0.1151771554, 0.38252788453, 0.20161854481]
    ],
    [
      [0.45488001615, 4.1942678653e-05, 0.15773839698, 0.046566635437, 0.22363715437, 0.11713585438],
      [0.016576563454, 0.019009487501, 0.023180064746, 0.7621273095, 0.049531517583, 0.12957505721],
      [0.0065236589977, 0.0033366104779, 0.038832773755, 0.015807966708, 0.92064791967, 0.014851070395],
      [0.00068207942358, 0.44033557921, 0.067234921755, 0.12648237416, 0.28453997859, 0.080725066867],
      [0.019009409807, 0.013604855876, 0.10732715974, 0.18007016144, 0.2310141604, 0.44897425273]
    ],
    [
      [0.45538157948, 6.4824541876e-05, 0.2223541567, 0.07406890771, 0.14485314768, 0.10327738389],
      [0.011311084133, 0.020462308005, 0.022646438478, 0.84374254362, 0.022301691665, 0.079535934101],
      [0.0090574952157, 0.0073224993138, 0.077454539, 0.035613905954, 0.85199177135, 0.018559789163],
      [0.00053714181854, 0.5559552907, 0.076053811142, 0.1618468592, 0.14834009225, 0.057266804899],
      [0.018206075799, 0.020569890627, 0.14771603606, 0.28005648068, 0.14620318596, 0.38724833087]
    ],
    [
      [0.52592921332, 3.7802800028e-05, 0.099218994558, 0.055542106312, 0.15672900739, 0.16254287562],
      [0.016190032961, 0.014609234268, 0.012448212107, 0.77379085761, 0.029610677803, 0.15335098525],
      [0.010349320188, 0.0041715237644, 0.033893890473, 0.026127749382, 0.89689521184, 0.028562304356],
      [0.00086516903228, 0.4396540374, 0.046920140811, 0.16717663992, 0.22119588062, 0.12418813223],
      [0.01974896371, 0.011129198615, 0.061273191105, 0.19491099793, 0.14691668422, 0.56602096442]
    ],
    [
      [0.61745124565, 7.7205249571e-05, 0.12411494207, 0.047946780689, 0.12757405906, 0.082835767281],
      [0.022913646012, 0.035820351696, 0.018681873483, 0.79985689964, 0.028939553527, 0.093787675641],
      [0.014697453114, 0.010260573397, 0.051036589913, 0.02717439098, 0.87928297838, 0.017548014216],
      [0.00075609421637, 0.66853567969, 0.043468275179, 0.1069225283, 0.13339876059, 0.046918662028],
      [0.033358643424, 0.032562973501, 0.10983903425, 0.24079651712, 0.17136365692, 0.41207917478]
    ],
    [
      [0.57561936767, 3.8541707018e-05, 0.1297743512, 0.041684044035, 0.16740822025, 0.085475475141],
      [0.024290082516, 0.020123135021, 0.022028519452, 0.78182445447, 0.042792199508, 0.10894160903],
      [0.010936473304, 0.0040460524942, 0.042199959001, 0.018685473378, 0.90980852852, 0.014323513307],
      [0.0010274736235, 0.47681369447, 0.065638147143, 0.13407429393, 0.25258875622, 0.069857634618],
      [0.030742150554, 0.015906575961, 0.11252938694, 0.20487189742, 0.2202592702, 0.41569071893]
    ],
    [
      [0.62762407068, 3.4781627194e-05, 0.12182246915, 0.032838717004, 0.14654568092, 0.071134280624],
      [0.03292432365, 0.022434640111, 0.025585072011, 0.76069773769, 0.046332721691, 0.11202550485],
      [0.013687532512, 0.0041649115177, 0.045223309741, 0.01680234825, 0.90651507675, 0.01360682123],
      [0.001287560811, 0.48875809984, 0.070422672509, 0.12063383243, 0.25248873362, 0.066409100787],
      [0.039498595869, 0.016811665106, 0.12380389308, 0.18904578645, 0.22589599896, 0.40494406054]
    ],
    [
      [0.55638395569, 3.9389982094e-05, 0.14417202383, 0.044680727718, 0.16337967117, 0.091344231612],
      [0.022228476762, 0.01931940404, 0.023018070267, 0.78678605062, 0.039274743122, 0.10937325519],
      [0.010834303875, 0.0042046350322, 0.047694344074, 0.0203791754, 0.90131300735, 0.015574534268],
      [0.00097799992504, 0.47362915715, 0.071268982164, 0.14039841825, 0.24078544367, 0.072939998839],
      [0.028522130067, 0.015484533931, 0.11913381336, 0.20919458954, 0.20481542247, 0.42284951063]
    ],
    [
      [0.47014532247, 5.7666571053e-05, 0.14077164525, 0.068015034263, 0.20567150026, 0.11533883119],
      [0.012853708298, 0.019431413391, 0.015427228597, 0.82347507535, 0.033939870244, 0.094872704121],
      [0.0073052050532, 0.0049315317774, 0.037293172459, 0.024840378882, 0.9098846255, 0.015745086326],
      [0.0005986919701, 0.50594966038, 0.050587775281, 0.15545384133, 0.22043672457, 0.066973306478],
      [0.018852102353, 0.017802987363, 0.091290477312, 0.25012063448, 0.20239562711, 0.41953817139]
    ],
    [
      [0.41257514981, 7.8430583515e-05, 0.157011414, 0.071833053521, 0.18760953694, 0.17089241515],
      [0.010105627351, 0.024078377265, 0.015587970674, 0.79424877198, 0.028086822947, 0.12789242978],
      [0.0067325832201, 0.0071531737355, 0.044254480445, 0.027925514971, 0.88911971151, 0.024814536123],
      [0.00042151200747, 0.57529505466, 0.045846616787, 0.1338950994, 0.16373790852, 0.080803808617],
      [0.013413076676, 0.019951070035, 0.083597586484, 0.21766070528, 0.15174215253, 0.51363540899]
    ],
    [
      [0.56872812225, 1.7733303047e-05, 0.13731087567, 0.023566665511, 0.21227541153, 0.058101191738],
      [0.03827873799, 0.01474683509, 0.037105512766, 0.70546271801, 0.086397877496, 0.11800831865],
      [0.0088013991862, 0.001513578413, 0.036296682674, 0.0085911690919, 0.9368806269, 0.0079165437345],
      [0.0013878909761, 0.29838337068, 0.094789817271, 0.10348086941, 0.43714395225, 0.064814099407],
      [0.03645574624, 0.0087670403635, 0.14265505935, 0.13880244965, 0.33463885862, 0.33868084578]
    ],
    [
      [0.54684009271, 3.722932523e-05, 0.20469524415, 0.037718060872, 0.13914269081, 0.071566682137],
      [0.025233782745, 0.021308775471, 0.0380250086, 0.77643800853, 0.038976422729, 0.10001800192],
      [0.011965141619, 0.0045125895189, 0.076748268806, 0.019514131895, 0.87341906449, 0.013840803675],
      [0.0010192532149, 0.48263307689, 0.1082857724, 0.1270286504, 0.21979978562, 0.061233461474],
      [0.031044699245, 0.016370885515, 0.18902054632, 0.19755321779, 0.19502167091, 0.37098898022]
    ],
    [
      [0.37879461901, 0.00012521474875, 0.13116448012, 0.09524795751, 0.24705945026, 0.14760827836],
      [0.0071312998199, 0.030312933251, 0.010259612252, 0.83592209978, 0.029125247345, 0.087248807557],
      [0.00468013948, 0.0088912910062, 0.028781793995, 0.028747559601, 0.91226801752, 0.016631198401],
      [0.00026623752944, 0.6454104507, 0.027080571095, 0.12549090302, 0.15244627466, 0.049305562996],
      [0.011439747607, 0.030393283755, 0.066559055607, 0.27585871659, 0.19050701586, 0.42524218058]
    ],
    [
      [0.48558940705, 5.2837600283e-05, 0.15533519027, 0.053656140154, 0.21003962288, 0.095326802043],
      [0.016449546719, 0.021961062595, 0.021022351227, 0.80103499118, 0.042796971422, 0.096735076855],
      [0.0074749230044, 0.0044569175093, 0.040606996951, 0.019339444491, 0.91527761869, 0.012844099359],
      [0.00067446849138, 0.50090039852, 0.060653847371, 0.13316506815, 0.24448735877, 0.060118858701],
      [0.02204121118, 0.018383269486, 0.11361382911, 0.22236795702, 0.23306196583, 0.39053176737]
    ],
    [
      [0.54282800219, 7.1673160754e-05, 0.11170985345, 0.068346932936, 0.1919396276, 0.085103910657],
      [0.014349171302, 0.024472487492, 0.012303314719, 0.84617065688, 0.031861615971, 0.070842753632],
      [0.008621881062, 0.0065594181482, 0.031568738303, 0.026589522878, 0.91428825621, 0.012372183398],
      [0.0005985553964, 0.58995018511, 0.03629471968, 0.14188678048, 0.18649509141, 0.044774667927],
      [0.024028191675, 0.025560914639, 0.083299467379, 0.29066414389, 0.21741601429, 0.35903126813]
    ],
    [
      [0.57450481002, 4.7972666075e-05, 0.10538061657, 0.050115394768, 0.17882359269, 0.091127613282],
      [0.02080749867, 0.021425609788, 0.015313967185, 0.80401156246, 0.039115891387, 0.09932547051],
      [0.010348886211, 0.0047570484448, 0.032389339224, 0.021227623784, 0.91684724079, 0.014429861549],
      [0.00089263590293, 0.51451770245, 0.046242868262, 0.13981678521, 0.23393767482, 0.064592333349],
      [0.028865930341, 0.018563733086, 0.085690551354, 0.23096464099, 0.22059267192, 0.4153224723]
    ],
    [
      [0.6540793765, 2.7751294792e-05, 0.073423546922, 0.035281847614, 0.19392455507, 0.043262922608],
      [0.031864310145, 0.017583585674, 0.015051353907, 0.80886278529, 0.059762812318, 0.066875152666],
      [0.010562461614, 0.0026005965803, 0.021321687854, 0.014073319925, 0.94498429948, 0.0064576345498],
      [0.0013332186602, 0.4239669141, 0.044579362595, 0.13635614696, 0.35131894635, 0.042445411335],
      [0.044550046325, 0.015326928816, 0.085097518374, 0.23211450376, 0.34077541189, 0.28213559083]
    ]
  ],
  "expected_outcome": [
    [
      [0.89276204059, 6.0351535851, 51.9009651226, 16.5249688105, 50.6670439426, 27.9305079633, 14.914316837, 15.3279605605, 5.8076944799, 13.5393742399, 34.1162904148, 23.025327382, 17.1112860347, 0.38370109226, 18.6500806623, 4.0984342153, 12.6223011196, 21.6107935978, 29.3565877512, 67.7833996333, 71.7735302834, 26.3281380584, 7.8389278464, 47.773162269, 27.3420046353, 1.136383857, 54.8716029972, 7.0567640285, 41.9388511315, 6.540793765],
      [0.00022643683231, 0.00037071455403, 0.0038390066529, 0.0013216381865, 0.0020172747904, 0.001731674721, 0.0014370270962, 0.0010796007503, 0.00019718474418, 0.0011455367961, 0.0023398434173, 0.0028034955829, 0.0023194281787, 0.00026332985599, 0.0017196498248, 0.00058342087688, 0.00090726720067, 0.002702183735, 0.0019656270579, 0.003756415737, 0.0050813076901, 0.003229327979, 0.0014901810868, 0.0014895974559, 0.0018614662615, 0.00037564424625, 0.005970648832, 0.0009317510898, 0.0035020046234, 0.00027751294792],
      [2.1122668761, 2.1962841639, 18.7782060024, 8.6616687324, 9.9496600188, 8.374529392, 7.2282357054, 4.4084567491, 0.94533367743, 5.950320113, 8.5218051201, 7.5725713774, 6.8541122165, 0.23037087488, 6.4672742761, 2.0011874103, 2.3812558694, 4.3440229725, 6.618491911, 13.1568266677, 18.5981910746, 7.883212134, 2.9832168659, 11.5341135562, 10.2347622075, 0.39349344035, 17.5528765002, 1.4522280949, 7.6927850098, 0.73423546922],
      [0.07575377503, 0.48715156019, 4.7829894138, 1.1704317153, 2.1945447579, 1.9825601953, 1.4975960013, 1.0074814425, 0.3189310829, 1.0524033451, 2.2500271041, 1.6541294579, 1.9010027526, 0.025084152778, 1.9092320529, 0.66662016939, 1.3330105515, 1.6781373241, 2.1258862458, 3.5465814365, 5.7638138756, 3.8088419187, 1.3648280169, 1.9795999029, 1.8859030436, 0.28574387253, 6.0631438374, 0.88851012817, 3.6584238181, 0.35281847614],
      [1.2805011465, 2.0105730421, 19.6676482799, 6.6432592068, 12.7985627577, 8.2453216934, 7.6732193107, 6.6660784277, 1.4369182735, 7.2194839183, 8.3127691877, 6.9190898802, 4.6036642811, 0.31723416911, 9.1691233293, 1.3036783291, 3.7614961774, 4.465092067, 8.5378192328, 15.8269335394, 21.0759775807, 11.5176040144, 3.5645812018, 17.8311345685, 6.9571345405, 0.74117835077, 23.7344773855, 2.4952151588, 13.0541222664, 1.9392455507],
      [0.638489725, 2.2704669341, 9.8663521748, 1.9983498968, 6.3881712482, 3.4653490812, 2.6851951185, 2.5889432195, 0.49092530152, 2.237272847, 4.7967683299, 2.8260784069, 2.5276152869, 0.043346381116, 4.8025700296, 0.92949645497, 3.901029015, 2.8992518548, 4.3592492322, 7.6825023074, 11.783405878, 6.4589745465, 3.2469558879, 4.880500106, 3.5783341068, 0.44282483509, 10.7719286309, 1.1063508385, 6.6523157696, 0.43262922608]
    ],
    [
      [0.26312880952, 1.1015790815, 7.6837353713, 4.9705688819, 13.8065596744, 11.1199836318, 2.6505800033, 5.9962339813, 3.6961727116, 8.4795805176, 13.2412616789, 10.8071138707, 5.9007231311, 0.20492228232, 2.8345923507, 2.6807269395, 4.2094085698, 10.0820042454, 15.4484924802, 23.9689076173, 20.4279701442, 8.6891068093, 2.7588362668, 12.7468197507, 11.557072497, 1.069694973, 12.3207104928, 1.9227889544, 13.0046866689, 4.7477822117],
      [0.88044087015, 0.88928381721, 6.9993543544, 4.9513738263, 6.7962083667, 8.5528542392, 3.1876024449, 5.2630800554, 1.6402001458, 8.8672138321, 11.2373964241, 16.3024695858, 9.9471891222, 2.37407921, 3.2506223627, 4.8495669971, 3.7984009097, 15.7609547462, 12.7983138735, 16.3324180005, 17.7545323127, 13.1356354521, 6.5733969935, 4.9106960849, 9.7594191657, 4.5469399877, 16.4488358837, 3.2793133239, 13.3910061176, 2.6199542654],
      [2.4524683617, 1.6778749954, 11.1224323244, 10.5081745581, 10.893907977, 13.4272550279, 5.1869815666, 6.9758048144, 2.5394134877, 14.9770364444, 13.3048282814, 14.3063243938, 9.5412290835, 0.60843141223, 3.9637910715, 5.3672059192, 3.2365351479, 8.2200243323, 14.0101383713, 18.6259324239, 21.1536065752, 10.4288065314, 4.2555159941, 12.356135751, 17.4154539386, 1.5389418378, 15.7457410689, 1.6486441724, 9.5712294907, 2.2426517322],
      [11.0117972982, 42.7243070597, 313.7356440972, 158.1429031707, 265.8712316577, 352.1917819871, 120.1296630966, 177.0482128615, 96.330490967, 293.0140975626, 388.4278411771, 345.7827292939, 293.4903892537, 8.5943293373, 130.3237699251, 199.9669828376, 201.1856229783, 351.9370358421, 497.2403530449, 553.7879530387, 723.0563805172, 556.669150937, 216.8299147505, 234.9190850968, 355.6086079086, 125.3883149663, 599.9752083949, 113.3868680225, 502.5072265375, 120.5205550081],
      [2.3187908129, 2.3292346825, 17.551610001, 12.1565322513, 21.1027408826, 19.9229425656, 8.307683659, 15.8897189837, 5.8142057798, 27.3692801064, 19.5494521038, 19.6924734831, 9.6616432105, 1.2834627537, 8.4698895067, 5.2855009245, 7.6987762288, 12.7334035521, 27.215838887, 33.730221391, 36.0934889287, 22.9433522847, 7.6677026646, 28.7704932062, 17.8512016098, 4.3687871018, 32.0549315954, 4.2694565401, 24.4474321166, 8.9046590354],
      [6.0733738475, 13.2777203636, 43.9072238516, 18.2704473117, 52.5293514417, 41.7851825484, 14.5374892296, 30.8269493036, 9.9795169081, 42.2927915368, 56.2392203347, 40.1088893726, 26.4588261991, 0.9347750045, 22.1573347833, 18.850016382, 39.8712561654, 41.2665772819, 69.286863343, 81.5545675285, 100.5140215221, 64.1339479855, 34.9146333306, 39.2967701103, 45.8082448803, 13.0873211335, 72.4545725642, 9.4929289866, 62.0784190687, 9.9643977472]
    ],
    [
      [0.13834524544, 0.97003359557, 7.9624143992, 5.6784513708, 12.8738225013, 5.8878045395, 3.4917467934, 5.8631910235, 4.1950161251, 6.0561801154, 9.5775816473, 8.9855984051, 7.0641234232, 0.2062064162, 4.5013247084, 1.7118665958, 3.8188991494, 5.1294111369, 6.4197098295, 23.3372429329, 12.7519756612, 5.3401048939, 1.7639368037, 8.4405418196, 5.7791634022, 1.1419540331, 10.4574172831, 1.8623263094, 10.1936529173, 3.2849255619],
      [0.20242104026, 0.34808095888, 3.2362751817, 2.5223918985, 2.8276320944, 2.0217744832, 1.8721775785, 2.2972050073, 0.83076610857, 2.8289952624, 3.6296653218, 6.0511971009, 5.3173287197, 1.0252115153, 2.3022612297, 1.3839523703, 1.5392922691, 3.5809401154, 2.3750328141, 7.1011741377, 4.9488554329, 3.6049497293, 1.8741315187, 1.4515216981, 2.1795807376, 2.1694750055, 6.2352275955, 1.41683432, 4.6856927181, 0.80878553646],
      [5.6003305539, 6.3222322709, 49.0198989276, 51.1295299788, 43.2114552179, 30.2617034857, 29.1070193438, 29.0480267882, 12.3316468149, 45.5136516133, 40.944160512, 50.6208156097, 48.628411893, 2.6928456223, 26.7946138909, 14.638907871, 12.5068455846, 17.8117698797, 24.7713759335, 77.1057431077, 56.1362429747, 27.2613090677, 11.5946738765, 34.8085186841, 37.0694138334, 7.0227577349, 56.8091887341, 6.8188474735, 31.9034991352, 6.6310449227],
      [0.28544168593, 1.9395015042, 17.2210365915, 9.534773859, 13.1384401743, 9.8808469697, 8.3232345595, 9.1496869192, 5.7166995223, 11.1006365045, 14.9037284646, 15.2452470066, 18.5994171859, 0.40660111818, 10.9074970284, 6.7310282254, 9.6411395219, 9.483862452, 10.9683728731, 28.6480037663, 23.9862894463, 18.1583169625, 7.3164849223, 8.2389311591, 9.4253257052, 7.0144045426, 27.0558828429, 5.7433369416, 20.9092094268, 4.3768024968],
      [60.8884313505, 99.0550046123, 857.2850913237, 656.0496300595, 927.6544138465, 498.4916277382, 517.6305701481, 733.856031693, 314.6348502474, 921.6784373697, 667.0676894526, 772.3591284126, 546.1456878319, 65.4055302872, 635.2470645702, 161.0264447858, 330.9543331674, 306.8697594548, 534.0576062388, 1545.6082058578, 1060.8454096511, 665.1256612423, 232.9493644145, 898.4685211978, 421.8614081466, 222.5933962742, 1280.4733885412, 197.4862633415, 903.0945321771, 293.8901171371],
      [0.88503012393, 3.3651470581, 13.2752835763, 6.0852228333, 14.2942361655, 6.4562427837, 5.5752515767, 8.7858585687, 3.2910211818, 8.8220991347, 11.8771746017, 9.7380134651, 9.2450309463, 0.26360504083, 10.2472385725, 3.5078001518, 10.5394903075, 6.1242569613, 8.4079023111, 23.1996301976, 18.3312268338, 11.5096581042, 6.5014084644, 7.5919654414, 6.6851081751, 4.0580124098, 17.9688950031, 2.672391614, 14.2134136255, 2.008324345]
    ],
    [
      [0.0010549541406, 0.0089822516463, 0.060006354628, 0.033085492249, 0.068955607546, 0.06714708176, 0.032188433317, 0.06561894254, 0.037278825935, 0.095289430265, 0.10255245156, 0.063684678625, 0.066678667517, 0.00031442789975, 0.040924765415, 0.020411389104, 0.055370818066, 0.05217050093, 0.072950627265, 0.19699680409, 0.12322799056, 0.05986919701, 0.012223848217, 0.10131604125, 0.084598016833, 0.017039201884, 0.14905753659, 0.020350883478, 0.069625600429, 0.026664373205],
      [2.4258486522, 4.3176116149, 30.6020497432, 18.640096793, 19.0454253892, 28.985386649, 21.878559252, 32.3234910644, 9.4744680464, 55.5959265076, 48.7235227641, 53.9699473456, 63.1420744409, 3.5756841195, 26.4201347525, 21.1263010465, 28.1378583933, 46.1289618986, 33.8537723076, 74.7799892757, 59.6772738005, 50.5949660375, 16.6835565852, 21.7819860598, 40.058545382, 41.3062688447, 110.6989880723, 20.0583062937, 40.132380791, 8.479338282],
      [0.71067779252, 0.97185520086, 6.1161344149, 4.9340445874, 3.8322133625, 5.7151056156, 4.4444455571, 5.3837914772, 1.8162126346, 11.8584012475, 7.259112299, 5.9397715842, 7.600476115, 0.067837062551, 4.0340953053, 2.8900448234, 3.0028890119, 2.9993109874, 4.6603084472, 10.7746688939, 8.9798917526, 5.0587775281, 1.3295518868, 6.9196566608, 8.9877191095, 1.7331565501, 13.4045002691, 1.2340204691, 3.6069437244, 0.89158725191],
      [0.16955558348, 1.3885595238, 9.9157814071, 4.2497803868, 5.3765647309, 8.6118337166, 5.8752997185, 7.829964019, 3.9052308793, 13.3358616342, 12.1902724656, 8.254684982, 13.422262155, 0.049118094486, 7.5889424495, 6.1501806495, 10.6993049546, 7.3776544527, 9.5192748687, 18.4569763618, 17.6902006996, 15.545384133, 3.8829578827, 7.5541034671, 10.543377983, 8.0314177935, 29.4294800617, 4.8241505362, 10.9057092467, 2.7271229393],
      [1.3344746593, 2.678521372, 19.1115544385, 11.3008327001, 14.7013246962, 16.7965432702, 14.0970271571, 24.2871545371, 8.2411117524, 42.9106653672, 21.1218555694, 16.1889588037, 15.2359503307, 0.28577498772, 17.0723987153, 5.6369235053, 14.1565363597, 9.2045144805, 17.9338016915, 38.630776244, 30.338965903, 22.0436724565, 4.7483993472, 31.9115085144, 18.2433822063, 9.7565615781, 54.0317062873, 6.340833108, 18.2471386363, 7.0263789269],
      [0.35838835838, 1.6344700368, 5.1944736418, 1.8421600404, 3.9755162137, 3.8239836668, 2.6724798821, 5.1099799598, 1.5256978614, 7.2038558132, 6.6026844503, 3.5829526059, 4.5325582908, 0.021271307869, 4.843504012, 2.1761385862, 7.9480404624, 3.2373876799, 4.9598920579, 10.1605924204, 9.1904398537, 6.6973306478, 2.3433104499, 4.7314292567, 5.0823773024, 3.1555560317, 13.286267773, 1.5223387095, 5.0382020012, 0.84890822669]
    ],
    [
      [0.04411454541, 0.5076260267, 2.4075835122, 2.0393487579, 4.9313768075, 2.7917100056, 1.1803129411, 1.5786411597, 1.209618976, 3.1295615012, 4.1687588824, 3.6920849814, 2.4330954421, 0.072932734427, 1.3686775061, 0.94671594154, 1.6194150242, 2.0015186054, 3.5353473138, 6.0432851679, 4.7346735911, 2.2622522823, 0.99256767401, 3.2081056691, 2.7629782328, 0.25167444736, 4.0776240684, 0.96112766699, 5.1381356007, 2.1384022236],
      [0.090883928919, 0.25482667567, 1.3691714493, 1.2674798572, 1.5152164662, 1.340677102, 0.88552590267, 0.86511734507, 0.33467227394, 2.0444366639, 2.2095140522, 3.4780624043, 2.5614529518, 0.51747185962, 0.97954962308, 1.0696343126, 0.91259428639, 1.95377841, 1.8292562355, 2.5721847612, 2.5704326325, 2.1363584835, 1.4763791826, 0.77149955198, 1.4570088108, 0.66865224262, 3.400904855, 1.0224365856, 3.3043444892, 0.73569258318],
      [1.7209125159, 3.1380594094, 14.0642409629, 17.4329330281, 15.7016131338, 13.6159167932, 9.3383860813, 7.4175991672, 3.3647817746, 22.3208893332, 16.9070769275, 19.7355318384, 15.8921836706, 0.91297748229, 7.7275555015, 7.6812338751, 5.0244016706, 6.5903420551, 12.9408794985, 18.9419956411, 19.7762130177, 10.9548572774, 6.1862213998, 12.5536452228, 16.8228286225, 1.4642992234, 21.0185583851, 3.3319786952, 15.252918141, 4.0846808819],
      [0.36013383786, 3.9989797883, 20.3246192996, 13.3724431197, 19.6339624356, 18.2824912411, 11.0025410271, 9.6191125831, 6.4567345331, 22.3716925731, 25.3066634168, 24.4371948723, 25.0127056217, 0.575885777, 12.9650516237, 14.5629369954, 15.98270183, 14.4477910272, 23.5602682029, 28.9240053266, 34.7263018643, 30.0144761375, 16.1068921909, 12.2146155693, 17.5822363835, 6.0688917649, 41.1380720482, 11.6265657555, 41.111706097, 11.1414961802],
      [1.6123837772, 4.3772705509, 22.3557971118, 20.2932014487, 30.6429830498, 20.3455771686, 15.0540367398, 17.0199545825, 7.7559124987, 41.0862718609, 25.0228357716, 27.3576602678, 16.1982891423, 1.9126394226, 16.6330195489, 7.60256567, 12.0471681062, 10.2818194154, 25.3298160725, 34.5620878407, 33.9993601302, 24.2874752527, 11.2289192871, 29.4482195586, 17.356928711, 4.191154349, 43.1164636792, 8.6966405715, 39.2654956026, 16.357219771],
      [3.1715713947, 18.7232375491, 41.4785876643, 22.5945937884, 56.574848107, 31.6236276894, 19.539197308, 24.4995751624, 9.8782799436, 47.0471480677, 53.3851509495, 41.2994656357, 32.9022731715, 1.008092724, 32.3261461968, 20.1369132053, 46.4137190825, 24.7247504869, 47.8044326769, 61.9564412625, 70.1930187642, 50.3445805666, 38.0090202656, 29.8039144283, 33.0180192393, 9.3553279727, 72.2483769641, 14.3612507254, 73.9274000696, 13.5425083601]
    ]
  ],
  "prob": [
    [0.53860574683, 4.4371080353e-05, 0.15322225062, 0.043458073724, 0.17880059391, 0.085868963841],
    [0.022193711315, 0.022255268449, 0.025080273055, 0.78127468762, 0.044036894933, 0.10515916463],
    [0.0097426635736, 0.0043645617875, 0.046758963536, 0.018282483049, 0.9073436378, 0.013507690255],
    [0.0008882022137, 0.49252955004, 0.070551852014, 0.1270183402, 0.24519991742, 0.063812138112],
    [0.027923650839, 0.017499063912, 0.12718387885, 0.20409024969, 0.22505885689, 0.39824429982]
  ],
  "iterations": 113,
  "time": 0.041742,
  "message": "Converged",
  "status": 0,
  "miniter": 0,
  "maxiter": 1000,
  "maxtime": 3600,
  "param_threshold": 0.001,
  "ll_threshold": "-Inf",
  "initial_prob": "random",
  "adjust_prob_cond_method": "",
  "adjust_prob_cond_every": true,
  "candidates_id": ["JACOBSEN, Bronwyn Ann.c", "PARAONE, Rewiti Pomare Kingi.c", "BARON, Steve.c", "WOOD, Michael Philip.c", "WILLIAMSON, Maurice Donald.c", "Other candidates votes.c"],
  "group_id": ["ACT New Zealand.p", "Labour Party.p", "National Party.p", "New Zealand First Party.p", "Other parties votes.p"]
}
