{
  "Z_true": {},
  "V_true": [
    [84, 91, 948, 384],
    [815, 205, 14371, 937],
    [1485, 12369, 2042, 559],
    [1517, 261, 584, 74],
    [166, 288, 502, 332],
    [180, 264, 637, 440]
  ],
  "p_true": [
    [0.0557, 0.0604, 0.6291, 0.2548],
    [0.0499, 0.0126, 0.8801, 0.0574],
    [0.0902, 0.7517, 0.1241, 0.034],
    [0.6227, 0.1071, 0.2397, 0.0304],
    [0.1289, 0.2236, 0.3898, 0.2578],
    [0.1183, 0.1736, 0.4188, 0.2893]
  ],
  "Z_est": {},
  "V_est": [
    [443.1709, 0, 0, 1063.8291],
    [0, 0, 15670.3866, 657.6134],
    [667.8699, 13478, 1880.8449, 428.2851],
    [2436, 0, 0, 0],
    [0, 0, 1152.0318, 135.9682],
    [699.9592, 0, 380.7366, 440.3042]
  ],
  "p_est": [
    [0.2941, 0, 0, 0.7059],
    [0, 0, 0.9597, 0.0403],
    [0.0406, 0.8191, 0.1143, 0.026],
    [1, 0, 0, 0],
    [0, 0, 0.8944, 0.1056],
    [0.4602, 0, 0.2503, 0.2895]
  ],
  "EI_Z": {},
  "EI_V": 14.0045,
  "MAE_Z": {},
  "MAE_V": 461.3901,
  "MAE_p": 0.1717,
  "runtime": 0.0127
}
