{
  "Z_true": {},
  "V_true": [
    [51, 2311, 498, 388],
    [516, 105, 1325, 47],
    [688, 953, 18774, 664],
    [59, 9859, 365, 500],
    [31, 343, 742, 248],
    [146, 537, 595, 1300]
  ],
  "p_true": [
    [0.0157, 0.7115, 0.1533, 0.1195],
    [0.2589, 0.0527, 0.6648, 0.0236],
    [0.0326, 0.0452, 0.8906, 0.0315],
    [0.0055, 0.9143, 0.0338, 0.0464],
    [0.0227, 0.2515, 0.544, 0.1818],
    [0.0566, 0.2083, 0.2308, 0.5043]
  ],
  "Z_est": {},
  "V_est": [
    [0, 3145.937, 0, 102.063],
    [621.5587, 0, 1371.4413, 0],
    [98.4989, 0, 20927.5587, 52.9424],
    [0, 10237.19, 0, 545.81],
    [64.0007, 716.5866, 0, 583.4127],
    [706.9417, 8.2864, 0, 1862.7719]
  ],
  "p_est": [
    [0, 0.9686, 0, 0.0314],
    [0.3119, 0, 0.6881, 0],
    [0.0047, 0, 0.9928, 0.0025],
    [0, 0.9494, 0, 0.0506],
    [0.0469, 0.5254, 0, 0.4277],
    [0.2742, 0.0032, 0, 0.7226]
  ],
  "EI_Z": {},
  "EI_V": 13.2299,
  "MAE_Z": {},
  "MAE_V": 452.5174,
  "MAE_p": 0.1212,
  "runtime": 0.03
}
