{
  "X": [
    [4, 4, 7, 17, 18, 1],
    [1, 8, 6, 15, 17, 1],
    [1, 7, 4, 8, 10, 0],
    [6, 15, 25, 90, 118, 8],
    [0, 3, 1, 6, 4, 0],
    [9, 24, 39, 51, 50, 4],
    [34, 84, 100, 305, 385, 32],
    [70, 103, 180, 324, 454, 48],
    [39, 38, 61, 172, 234, 21],
    [62, 94, 213, 481, 785, 52],
    [63, 47, 85, 296, 476, 19],
    [78, 87, 127, 354, 470, 39],
    [5, 18, 19, 41, 28, 5],
    [3, 8, 20, 40, 18, 2],
    [75, 41, 70, 238, 395, 31],
    [0, 5, 1, 3, 0, 0],
    [3, 13, 4, 24, 12, 6],
    [2, 0, 2, 6, 16, 0],
    [0, 3, 0, 2, 11, 0],
    [32, 70, 61, 201, 274, 17],
    [15, 36, 49, 119, 116, 12],
    [5, 8, 10, 43, 27, 2],
    [22, 67, 98, 218, 122, 21],
    [15, 40, 34, 105, 168, 14],
    [69, 177, 167, 494, 441, 44],
    [5, 24, 35, 77, 62, 7],
    [25, 82, 85, 262, 206, 18],
    [1, 2, 8, 9, 9, 1],
    [34, 107, 63, 282, 318, 27],
    [47, 93, 73, 312, 383, 41],
    [53, 107, 88, 451, 820, 41],
    [2, 4, 2, 20, 11, 1],
    [16, 21, 25, 125, 254, 12],
    [5, 10, 14, 53, 94, 2],
    [45, 50, 79, 265, 398, 29],
    [40, 42, 70, 317, 529, 35],
    [57, 30, 32, 224, 500, 15],
    [63, 65, 68, 361, 625, 27],
    [99, 75, 112, 550, 1169, 32],
    [3, 18, 18, 42, 66, 6],
    [4, 9, 14, 29, 40, 3],
    [1, 1, 1, 7, 7, 1],
    [411, 476, 593, 2364, 3794, 267],
    [61, 218, 192, 604, 568, 78],
    [102, 363, 345, 1003, 805, 116],
    [38, 224, 170, 706, 659, 23]
  ],
  "W": [
    [7, 11, 29, 1, 3],
    [9, 8, 28, 1, 2],
    [7, 7, 13, 0, 3],
    [29, 31, 178, 5, 19],
    [5, 3, 5, 0, 1],
    [31, 52, 73, 3, 18],
    [136, 129, 578, 18, 79],
    [129, 237, 654, 47, 112],
    [55, 79, 359, 35, 37],
    [136, 277, 1073, 46, 155],
    [77, 124, 689, 31, 65],
    [132, 179, 693, 44, 107],
    [27, 19, 64, 2, 4],
    [27, 21, 36, 5, 2],
    [65, 99, 558, 33, 95],
    [3, 3, 3, 0, 0],
    [17, 12, 29, 3, 1],
    [1, 1, 22, 0, 2],
    [3, 2, 11, 0, 0],
    [107, 99, 387, 24, 38],
    [53, 72, 171, 13, 38],
    [17, 14, 51, 4, 9],
    [136, 121, 227, 29, 35],
    [50, 46, 231, 17, 32],
    [270, 283, 708, 43, 88],
    [41, 53, 92, 16, 8],
    [149, 145, 317, 32, 35],
    [3, 7, 16, 0, 4],
    [152, 102, 493, 35, 49],
    [152, 111, 573, 44, 69],
    [111, 141, 1162, 50, 96],
    [5, 6, 24, 1, 4],
    [27, 32, 350, 12, 32],
    [12, 12, 141, 5, 8],
    [60, 105, 596, 22, 83],
    [72, 120, 750, 26, 65],
    [49, 56, 658, 22, 73],
    [105, 101, 889, 25, 89],
    [124, 161, 1565, 63, 124],
    [23, 23, 89, 8, 10],
    [7, 21, 60, 3, 8],
    [4, 1, 12, 0, 1],
    [802, 881, 5340, 315, 567],
    [312, 262, 968, 72, 107],
    [487, 430, 1541, 106, 170],
    [378, 236, 1078, 18, 110]
  ],
  "method": "mvn_pdf",
  "cond_prob": [
    [
      [5.7144288734e-05, 0.3901987635, 0.043105379838, 0.56657685565, 6.1856722253e-05, 7.9390069474e-54],
      [0.060825314706, 0.067570270946, 0.55095223944, 0.30715015631, 0.0135020186, 1.1272243453e-51],
      [0.078949706112, 0.0085417902348, 0.0053454785629, 0.31488598384, 0.59227704125, 2.2210706631e-52],
      [0.57695273459, 0.044992299039, 0.092689043668, 0.2307207856, 0.0546451371, 6.8256646599e-51],
      [0.56739713829, 0.003319431067, 0.10016511738, 0.12648171469, 0.20263659857, 6.6440510667e-52]
    ],
    [
      [4.3222484799e-06, 0.67951486892, 0.030375387739, 0.29007575602, 2.9665073049e-05, 4.276929255e-54],
      [0.0064966874081, 0.16147086614, 0.59443972322, 0.22823028462, 0.0093624386105, 8.7902411112e-52],
      [0.012361218839, 0.029328290996, 0.0079144268786, 0.34420684407, 0.60618921921, 2.5540242327e-52],
      [0.10701592429, 0.23416851495, 0.20695844329, 0.37084263839, 0.081014479071, 1.1493398382e-50],
      [0.12526789969, 0.019533018739, 0.2628821105, 0.23712689992, 0.35519007115, 1.3118912793e-51]
    ],
    [
      [3.963197348e-06, 0.77516741816, 0.014689522089, 0.21010845329, 3.0643265129e-05, 3.2588643909e-54],
      [0.0095935533306, 0.26927117511, 0.44417990298, 0.26149386434, 0.015461504236, 1.0691807044e-51],
      [0.011973689596, 0.030442952325, 0.003893531431, 0.25178818365, 0.701901643, 2.0006468382e-52],
      [0.13281583215, 0.30410642719, 0.1230308292, 0.33289066741, 0.10715624405, 1.0983173612e-50],
      [0.15137456177, 0.023801998629, 0.14943759449, 0.20382063656, 0.47156520856, 1.2123249262e-51]
    ],
    [
      [1.037056024e-05, 0.36316555886, 0.049969798681, 0.58678551854, 6.8753352644e-05, 8.2967857302e-54],
      [0.010641845773, 0.067397381913, 0.58562277587, 0.321359977, 0.014978019441, 1.1740865947e-51],
      [0.013974077465, 0.0089828554187, 0.006451858409, 0.33691550261, 0.63367570609, 2.34754009e-52],
      [0.14633951691, 0.086040010364, 0.20013811497, 0.45552329554, 0.11195906221, 1.3378069592e-50],
      [0.13944266503, 0.0062439192463, 0.2111013375, 0.24459669222, 0.39861538601, 1.2649754149e-51]
    ],
    [
      [7.5238816704e-07, 0.4723598955, 0.0087114348027, 0.51888094658, 4.697073265e-05, 4.4249084875e-54],
      [0.0015419222231, 0.15105448245, 0.24751158814, 0.57794120975, 0.021950797435, 1.3578613462e-51],
      [0.001057155031, 0.0087708427834, 0.0011240219777, 0.28693718985, 0.70211079036, 1.3421381259e-52],
      [0.0046291578143, 0.14929970243, 0.058068269066, 0.64934788296, 0.13865498773, 1.2318654933e-50],
      [0.0045831023687, 0.0094945677662, 0.057178188875, 0.31956392614, 0.60918021485, 1.1510188472e-51]
    ],
    [
      [1.7972949126e-05, 0.54799172827, 0.052697070193, 0.39924351504, 4.9713544932e-05, 6.9188992772e-54],
      [0.01926872094, 0.10506766685, 0.63671328806, 0.22765919812, 0.011291126026, 1.0203576193e-51],
      [0.03302372561, 0.018155311041, 0.00921279302, 0.3102236829, 0.62938448743, 2.6552516963e-52],
      [0.26308586299, 0.12988143394, 0.21243000784, 0.31257153766, 0.082031157566, 1.1266769877e-50],
      [0.26570899863, 0.0099418137576, 0.23682854361, 0.17736351205, 0.31015713195, 1.1267409998e-51]
    ],
    [
      [1.4313841502e-05, 0.45974376083, 0.045901858754, 0.49427854322, 6.1523353172e-05, 7.83498292e-54],
      [0.016136106826, 0.09541382094, 0.5747560967, 0.29892650754, 0.014767467987, 1.2212437671e-51],
      [0.021768267483, 0.013154934454, 0.0067394379041, 0.32183751089, 0.63649984927, 2.5047172922e-52],
      [0.20438521621, 0.11324798479, 0.18679964616, 0.39324393576, 0.10232321708, 1.2912723162e-50],
      [0.19982291188, 0.0084754346838, 0.20214118, 0.21701407507, 0.37254639836, 1.2522132872e-51]
    ],
    [
      [2.3374936321e-05, 0.51564266639, 0.051898109368, 0.43237129585, 6.4553461298e-05, 8.4370608673e-54],
      [0.024901430295, 0.10121086744, 0.6120010638, 0.24723955414, 0.014647084335, 1.2431165181e-51],
      [0.035288689258, 0.014663475754, 0.0075690125699, 0.27961545683, 0.66286336559, 2.6778922612e-52],
      [0.29704003076, 0.11315665361, 0.18787457168, 0.30634070606, 0.095588037892, 1.2379997205e-50],
      [0.28491084682, 0.0083127153792, 0.19946556189, 0.16591411054, 0.34139676537, 1.177933927e-51]
    ],
    [
      [3.2430177151e-05, 0.44256982162, 0.049475491316, 0.50785557294, 6.6683949719e-05, 8.7021855208e-54],
      [0.034079092465, 0.085077345562, 0.58010561118, 0.28583547131, 0.014902479484, 1.2630090677e-51],
      [0.045246668552, 0.011521036776, 0.0066492757095, 0.30294892921, 0.63363408976, 2.5506606573e-52],
      [0.36160375429, 0.083892058603, 0.15599322577, 0.31261386144, 0.085897099899, 1.1103392032e-50],
      [0.34862660599, 0.0061853847792, 0.16646654432, 0.17010753375, 0.30861393117, 1.0620193859e-51]
    ],
    [
      [1.5681065515e-05, 0.42474333072, 0.054723248816, 0.52043345742, 8.428198356e-05, 9.1695820681e-54],
      [0.015728292655, 0.078649273995, 0.60726961707, 0.28034106702, 0.018011749254, 1.2725121252e-51],
      [0.019006110148, 0.009724004187, 0.0064129978506, 0.27039419756, 0.69446269026, 2.3374891279e-52],
      [0.20196241325, 0.09492064891, 0.20136551797, 0.37491382415, 0.12683759572, 1.3677455622e-50],
      [0.18094423364, 0.0065176117178, 0.19972920805, 0.18971945322, 0.42308949338, 1.215780599e-51]
    ],
    [
      [3.9515040141e-05, 0.38644475872, 0.044772138026, 0.56865818501, 8.5403203363e-05, 9.0549954799e-54],
      [0.042452073874, 0.07635810268, 0.53401596093, 0.32764540653, 0.019528455982, 1.3446160598e-51],
      [0.045151693878, 0.0082984309523, 0.0049373250282, 0.27814189506, 0.66347065508, 2.1742501259e-52],
      [0.39386980368, 0.066120147005, 0.12664851859, 0.3145873606, 0.09877417013, 1.0376785208e-50],
      [0.36311400562, 0.0046697167436, 0.12925812597, 0.16379146259, 0.33916668907, 9.4925143723e-52]
    ],
    [
      [3.1052484565e-05, 0.4477349783, 0.043342032832, 0.50882321031, 6.8726074127e-05, 8.5661340862e-54],
      [0.035236974302, 0.093625805765, 0.54468904071, 0.30984105663, 0.016607122592, 1.3441643885e-51],
      [0.042602129687, 0.01157425312, 0.0057439255843, 0.29896600191, 0.6411136897, 2.4704094865e-52],
      [0.35512009478, 0.088337959896, 0.14105049181, 0.32401673328, 0.091474720222, 1.1298016871e-50],
      [0.34095084293, 0.0064969428737, 0.14989956039, 0.17565272802, 0.32699992577, 1.0760443287e-51]
    ],
    [
      [1.7648141327e-05, 0.53562996846, 0.083395753484, 0.38093389919, 2.2730725934e-05, 5.6504904647e-54],
      [0.013390586893, 0.071192167153, 0.75971023948, 0.15208692869, 0.0036200777767, 5.8464241616e-52],
      [0.050520425747, 0.026876426281, 0.022292209215, 0.45645108022, 0.44385985854, 3.3571689123e-52],
      [0.25458842786, 0.11623573752, 0.31796090953, 0.27640435319, 0.034810571904, 8.5448156302e-51],
      [0.28487630091, 0.0097073722966, 0.39024467079, 0.17152612868, 0.14364552732, 9.3657696155e-52]
    ],
    [
      [1.5070340696e-05, 0.25253650181, 0.097213715709, 0.65019589247, 3.8819674871e-05, 7.3516585525e-54],
      [0.0096166761142, 0.028856052132, 0.738620059, 0.21770570315, 0.0052015096088, 6.4009571106e-52],
      [0.026390927062, 0.0079940478707, 0.015967812427, 0.47527243627, 0.47437477637, 2.6758497986e-52],
      [0.18353429819, 0.047856519505, 0.31613744903, 0.40156936471, 0.050902368555, 9.4936611108e-51],
      [0.19317910464, 0.0038129870723, 0.36673895677, 0.23563677213, 0.20063217939, 9.8604512348e-52]
    ],
    [
      [4.9930045179e-05, 0.40695443395, 0.041841137646, 0.55106806411, 8.6434247293e-05, 1.0152056821e-53],
      [0.055291564467, 0.082733506764, 0.51443255216, 0.32717248846, 0.020369888149, 1.5536554048e-51],
      [0.056400755102, 0.008620300426, 0.0045611260332, 0.26638657739, 0.66403124105, 2.4096774063e-52],
      [0.45655457672, 0.063732730215, 0.10853484135, 0.27949679557, 0.09168105615, 1.0668567951e-50],
      [0.42238105217, 0.0045153244057, 0.11115223034, 0.14601498738, 0.31593640571, 9.7929502581e-52]
    ],
    [
      [1.4481334388e-09, 0.98222841447, 0.00058360957448, 0.017187884139, 9.0369099727e-08, 1.3465511816e-55],
      [7.2035613925e-06, 0.79019704235, 0.095106837586, 0.11446037929, 0.00022853721318, 2.4178235067e-52],
      [4.9382976496e-05, 0.36366218206, 0.0038136857285, 0.59381082695, 0.038663922293, 2.6177731738e-52],
      [0.10507420419, 0.44127367325, 0.085198928723, 0.34420321959, 0.024249974256, 2.4327408489e-50],
      [0.21882308053, 0.058477078584, 0.18411607069, 0.35926620531, 0.17931756489, 4.6533860163e-51]
    ],
    [
      [1.5368240995e-05, 0.60736043701, 0.012437090592, 0.38016603613, 2.106803435e-05, 6.7322446277e-54],
      [0.033251644908, 0.22209055046, 0.30633300051, 0.42882278331, 0.0095020208141, 1.9786259311e-51],
      [0.046740284066, 0.030677741244, 0.0034963223845, 0.47597123113, 0.44311442118, 4.2226591045e-52],
      [0.33680224428, 0.17575652866, 0.064076023581, 0.37857750593, 0.044787697558, 1.4083043648e-50],
      [0.42827849911, 0.016136000318, 0.087256374658, 0.26032043047, 0.20800869544, 1.7209271976e-51]
    ],
    [
      [6.7421937571e-05, 0.069166410517, 0.19130307108, 0.73932200881, 0.0001410876581, 1.2606031104e-53],
      [0.0050680378389, 0.00079952668351, 0.9690949028, 0.023124389603, 0.001913143073, 1.0771908009e-52],
      [0.049725266897, 0.00111728662, 0.011060610721, 0.21011443411, 0.72798240165, 1.8463284461e-52],
      [0.46851642527, 0.0050353721597, 0.2987969513, 0.15907909958, 0.068572151696, 5.874400905e-51],
      [0.393827076, 0.00043096150725, 0.29475047062, 0.079320048322, 0.23167144356, 5.1900576847e-52]
    ],
    [
      [6.4030637919e-07, 0.85089051401, 0.0015343594946, 0.14747344672, 0.00010103947114, 4.1633098119e-54],
      [0.0030455172783, 0.43076450552, 0.060577704869, 0.39597704007, 0.10963523226, 2.9781332551e-51],
      [0.0005854172913, 0.0065797594609, 0.00013088049334, 0.058128774333, 0.93457516842, 8.7041676194e-53],
      [0.0057262273503, 0.252321827, 0.011450337759, 0.27797912381, 0.45252248408, 1.7239708377e-50],
      [0.0018959555663, 0.0074684188377, 0.0049362524904, 0.070411302722, 0.91528807038, 7.9512412307e-52]
    ],
    [
      [2.3685896285e-05, 0.49274118705, 0.033771891424, 0.47338782669, 7.5408939094e-05, 8.0485425026e-54],
      [0.031198747794, 0.11913542016, 0.49439100047, 0.33414359243, 0.021131239153, 1.4646831255e-51],
      [0.031492014707, 0.012273139757, 0.0043277847896, 0.2690668956, 0.68284016514, 2.2473621879e-52],
      [0.30944276907, 0.10993428966, 0.12478460328, 0.34187783046, 0.11396050754, 1.2046411056e-50],
      [0.28817770173, 0.0078338757368, 0.12861040074, 0.17972178177, 0.39565624002, 1.1130642938e-51]
    ],
    [
      [1.2912170353e-05, 0.46210819626, 0.037712111345, 0.50011237371, 5.4406508318e-05, 7.3802094361e-54],
      [0.016193191712, 0.10563306899, 0.52807909449, 0.33558475739, 0.014509887425, 1.2783311868e-51],
      [0.02115261549, 0.014036161541, 0.0059412653426, 0.34952412555, 0.60934583208, 2.5385711007e-52],
      [0.19769519401, 0.11993184019, 0.16337859614, 0.42262150697, 0.096372862698, 1.2941466892e-50],
      [0.20066470123, 0.009280660055, 0.1833666444, 0.24165191447, 0.36503607984, 1.3022162079e-51]
    ],
    [
      [1.3714688292e-05, 0.31584739405, 0.031980252691, 0.65212351474, 3.5123830944e-05, 5.8771959907e-54],
      [0.017259254854, 0.070085903208, 0.47133455821, 0.43200753903, 0.0093127447009, 1.0131371973e-51],
      [0.02547481145, 0.010393887147, 0.0056140820041, 0.50835314529, 0.45016407411, 2.2801647652e-52],
      [0.2101658704, 0.075900210848, 0.13347771783, 0.52101794117, 0.059438259751, 9.8206554802e-51],
      [0.2404727024, 0.0065143005924, 0.16802361328, 0.33143573907, 0.25355364466, 1.1076406197e-51]
    ],
    [
      [1.4974880044e-05, 0.38050537945, 0.058725494936, 0.56071510526, 3.9045471549e-05, 7.5345146641e-54],
      [0.014298918978, 0.066863551139, 0.62407494845, 0.28683006042, 0.0079325210142, 9.9403467892e-52],
      [0.028062164022, 0.013405551743, 0.01060755557, 0.4490510368, 0.49887369187, 2.965799076e-52],
      [0.20305501046, 0.088563916076, 0.22591791285, 0.42109207376, 0.061371086852, 1.1729700213e-50],
      [0.21939082638, 0.0073168770577, 0.26995454533, 0.25640088401, 0.24693686722, 1.2558652029e-51]
    ],
    [
      [1.2327094585e-05, 0.57798896289, 0.033242499832, 0.38869174837, 6.4461811342e-05, 7.3544666358e-54],
      [0.017312067408, 0.14723766963, 0.52407521949, 0.29212732381, 0.019247719665, 1.4261936027e-51],
      [0.019486725937, 0.016842479223, 0.0050526853907, 0.26241684761, 0.69620126184, 2.4423913242e-52],
      [0.20399685961, 0.16140293469, 0.15587889353, 0.35528987742, 0.12343143474, 1.3944439981e-50],
      [0.19430156172, 0.011712496335, 0.16427103722, 0.19085390896, 0.43886099576, 1.3176151908e-51]
    ],
    [
      [2.1896152935e-05, 0.48105757521, 0.032474062974, 0.48639534215, 5.1123510442e-05, 7.1445232401e-54],
      [0.029523920821, 0.11979294555, 0.48393004272, 0.35207076706, 0.014682323846, 1.3324391077e-51],
      [0.037109909752, 0.015404682177, 0.0053186852483, 0.3530942302, 0.58907249263, 2.5452827935e-52],
      [0.30192820395, 0.11476880183, 0.12745375292, 0.37375441772, 0.082094823584, 1.1368845889e-50],
      [0.31180530874, 0.0090802051445, 0.14565772154, 0.21788331248, 0.31557345209, 1.1643602988e-51]
    ],
    [
      [9.404937744e-06, 0.40715899374, 0.042522895656, 0.55024467958, 6.4026086782e-05, 8.0043419344e-54],
      [0.010814439784, 0.085097106966, 0.55052943819, 0.33791409379, 0.015644921272, 1.2706918832e-51],
      [0.013482397855, 0.01076936146, 0.0058453758946, 0.33571556867, 0.63418729612, 2.4094920812e-52],
      [0.14284180892, 0.10408304238, 0.18223685388, 0.45863802782, 0.112200267, 1.3866997249e-50],
      [0.1384661082, 0.0076860836175, 0.19534446034, 0.25030677434, 0.4081965735, 1.3336598718e-51]
    ],
    [
      [1.5336346739e-05, 0.40431434352, 0.033236970039, 0.56237384127, 5.9508824416e-05, 7.4706701354e-54],
      [0.019852893797, 0.096411008652, 0.47701325835, 0.3903254563, 0.016397382898, 1.3368645425e-51],
      [0.022812212941, 0.01131847051, 0.0047697690162, 0.35772783896, 0.60337170857, 2.3345817449e-52],
      [0.2196508643, 0.099570662427, 0.13504974139, 0.44680125235, 0.098927479529, 1.2300356176e-50],
      [0.22020063921, 0.007639965514, 0.14978997304, 0.25269185841, 0.36967756383, 1.2229155748e-51]
    ],
    [
      [6.8804071446e-06, 0.42527563908, 0.12865266626, 0.44603168987, 3.3124382158e-05, 6.5368014939e-54],
      [0.0031544767496, 0.027958466472, 0.86206704895, 0.10367768603, 0.0031423217986, 4.0253696874e-52],
      [0.015436407315, 0.013008157882, 0.025424249063, 0.40799998797, 0.53813119777, 3.0563302146e-52],
      [0.092234201239, 0.072614473782, 0.48431795423, 0.30230705811, 0.048526312637, 9.417843025e-51],
      [0.094951042578, 0.0053125861895, 0.54402324649, 0.16886838999, 0.18684473475, 9.4573826623e-52]
    ],
    [
      [1.4221565558e-05, 0.53712348675, 0.026377166389, 0.4364337148, 5.1410492627e-05, 6.6747404294e-54],
      [0.021848953225, 0.15180355349, 0.44986587391, 0.35966649246, 0.016815126905, 1.4177883037e-51],
      [0.025235884628, 0.017910373252, 0.0045177774161, 0.33148116143, 0.62085480328, 2.4894538925e-52],
      [0.23235859152, 0.15097300211, 0.12253769101, 0.39647831581, 0.097652399556, 1.256220443e-50],
      [0.2403240069, 0.011944372939, 0.14023047809, 0.23137388076, 0.37612726131, 1.2884262743e-51]
    ],
    [
      [1.969386201e-05, 0.46435079377, 0.031909081521, 0.50365482266, 6.56081902e-05, 8.4196735674e-54],
      [0.026492596759, 0.1150568025, 0.47617600927, 0.36348294859, 0.018791642882, 1.566062574e-51],
      [0.028397459619, 0.012607151866, 0.0044433505188, 0.31093909728, 0.64361294072, 2.5520430397e-52],
      [0.27184566782, 0.11050455804, 0.12533997593, 0.38693401626, 0.10537578195, 1.3399817024e-50],
      [0.2639520197, 0.0082153208677, 0.13469622169, 0.21208032151, 0.38105611623, 1.2905716576e-51]
    ],
    [
      [1.194589469e-05, 0.56561203829, 0.025379466264, 0.40893166509, 6.488446346e-05, 6.856954766e-54],
      [0.01894160772, 0.16510831988, 0.44579153294, 0.34823927822, 0.021919261236, 1.5043111024e-51],
      [0.018623914617, 0.016590419006, 0.0038245809967, 0.27331591136, 0.68764517402, 2.2485911083e-52],
      [0.20106530933, 0.16461472421, 0.12198614895, 0.38479891602, 0.12753490148, 1.3359581378e-50],
      [0.1931902971, 0.01210634777, 0.12973574166, 0.20879155128, 0.45617606218, 1.2734190001e-51]
    ],
    [
      [6.5890359217e-06, 0.42707533302, 0.008932302697, 0.56396609142, 1.9683827995e-05, 3.7310767025e-54],
      [0.013854650389, 0.1400878615, 0.21937349759, 0.61800881084, 0.0086751796804, 1.077236927e-51],
      [0.017162580085, 0.016390351251, 0.0021495490151, 0.60543387453, 0.35886364512, 2.0321385976e-52],
      [0.14893661369, 0.12604028489, 0.05146505283, 0.62670940439, 0.046848644191, 8.7752987737e-51],
      [0.2078941168, 0.01217061493, 0.076592426807, 0.46444090474, 0.23890193672, 1.1753558577e-51]
    ],
    [
      [1.514453819e-05, 0.46955884077, 0.036787085139, 0.49355366185, 8.5267696774e-05, 8.6499050925e-54],
      [0.018983192869, 0.10641566852, 0.52076383281, 0.3311175163, 0.022719789502, 1.4969762782e-51],
      [0.018478990465, 0.010523651583, 0.0043165346445, 0.25746438359, 0.70921643972, 2.2180911438e-52],
      [0.21434464166, 0.11184046792, 0.14783384303, 0.38629956937, 0.13968147802, 1.4038206719e-50],
      [0.19039923011, 0.0075717314993, 0.14537313392, 0.19371580759, 0.46294009689, 1.2378567517e-51]
    ],
    [
      [1.0523643902e-05, 0.50703483343, 0.071642289768, 0.42125453814, 5.781502267e-05, 6.2452631427e-54],
      [0.0086799251661, 0.072303131268, 0.72444612173, 0.18448881856, 0.010082003276, 7.0741949558e-52],
      [0.017484467988, 0.014605524832, 0.011260303121, 0.29789640429, 0.65875329976, 2.1790405914e-52],
      [0.15380096313, 0.11767472937, 0.29832165149, 0.33397653336, 0.096226122637, 1.0290052114e-50],
      [0.14767293217, 0.0085046987612, 0.31765358297, 0.18060916127, 0.34555962483, 9.8076770722e-52]
    ],
    [
      [1.8907071226e-05, 0.47706665632, 0.040646887231, 0.48220594925, 6.1600122368e-05, 7.7065725756e-54],
      [0.022781102034, 0.10536808239, 0.54439117399, 0.31165862816, 0.015801013421, 1.283791984e-51],
      [0.028767362674, 0.013578891832, 0.005968291369, 0.31416716394, 0.63751829019, 2.4651377408e-52],
      [0.26019617086, 0.11261913256, 0.15922776756, 0.36933098882, 0.098625940202, 1.2227665133e-50],
      [0.25490022451, 0.0084359982919, 0.17264672962, 0.20423509821, 0.35978194937, 1.1882342508e-51]
    ],
    [
      [2.0179051448e-05, 0.35874094351, 0.034326586245, 0.60681849212, 9.3799071923e-05, 1.0017840523e-53],
      [0.024829985249, 0.081263452917, 0.46867048453, 0.40065943724, 0.024576640067, 1.704637338e-51],
      [0.02174402071, 0.0072718817704, 0.0035721380527, 0.28003737355, 0.68737458592, 2.2694546362e-52],
      [0.24957754954, 0.076470466303, 0.12087104482, 0.41802016276, 0.13506077657, 1.4295058281e-50],
      [0.22116586104, 0.0051908396677, 0.11857602696, 0.20921339899, 0.44585387335, 1.2570704913e-51]
    ],
    [
      [4.1248648938e-05, 0.39388921137, 0.028511053613, 0.57744329934, 0.00011518703023, 1.043104651e-53],
      [0.053942107811, 0.09437701105, 0.4148017762, 0.40482661529, 0.032052489647, 1.8849992215e-51],
      [0.038130416322, 0.0068089009394, 0.0025431708567, 0.22843223906, 0.72408527282, 2.026102202e-52],
      [0.4066642422, 0.066324254653, 0.079701683413, 0.31564267146, 0.13166714827, 1.1813877483e-50],
      [0.34789557916, 0.0043441219332, 0.075473960545, 0.15253383645, 0.41975250192, 1.0031240947e-51]
    ],
    [
      [2.7041188976e-05, 0.42549510857, 0.034270655615, 0.54012343056, 8.3764065223e-05, 8.7393532966e-54],
      [0.034081599053, 0.098709763666, 0.47945711875, 0.36527300502, 0.022478513515, 1.5229814993e-51],
      [0.032228536967, 0.0095410661845, 0.0039449263364, 0.27571508316, 0.67857038735, 2.1895407612e-52],
      [0.32210761587, 0.087328042461, 0.11620423501, 0.35824864585, 0.11611146081, 1.2005450562e-50],
      [0.29494056137, 0.0061244126162, 0.11778732649, 0.18525399865, 0.39589370087, 1.0906820836e-51]
    ],
    [
      [2.8531170136e-05, 0.38667802946, 0.039817520837, 0.57336505575, 0.00011086278317, 1.0027214832e-53],
      [0.032705736308, 0.081828220868, 0.50543445563, 0.35295793771, 0.027073649484, 1.5901324763e-51],
      [0.027466151432, 0.0070321487862, 0.00370629753, 0.23661867124, 0.72517673102, 2.0300589943e-52],
      [0.31154949847, 0.073185067487, 0.12410793666, 0.34985563253, 0.14130186485, 1.2667702764e-50],
      [0.26441405625, 0.0047618871512, 0.11661582882, 0.16774323166, 0.44646499611, 1.0668028468e-51]
    ],
    [
      [7.2729519171e-06, 0.57478219876, 0.040880952266, 0.38426162391, 6.7952116308e-05, 7.5585313668e-54],
      [0.009084433966, 0.12702422309, 0.59022732576, 0.25565788223, 0.018006134949, 1.3011428114e-51],
      [0.011098842606, 0.01560726276, 0.0059443537118, 0.24919154147, 0.71815799945, 2.4227337343e-52],
      [0.12728630075, 0.16465464558, 0.20267783634, 0.36829415809, 0.13708705925, 1.5075237601e-50],
      [0.11711579003, 0.011449551186, 0.20628739741, 0.19079827719, 0.47434898418, 1.3773302509e-51]
    ],
    [
      [9.6090905683e-06, 0.62641898069, 0.031736678297, 0.34179165963, 4.3072296566e-05, 5.5562553364e-54],
      [0.014288665542, 0.15527162967, 0.54711259291, 0.26978361268, 0.013543499199, 1.1365619808e-51],
      [0.020592320862, 0.021946699256, 0.0063894351096, 0.30973749221, 0.64133405256, 2.4959551777e-52],
      [0.19016468335, 0.18476206839, 0.17157789537, 0.35823910751, 0.095256245384, 1.2138367989e-50],
      [0.20006876102, 0.014367886448, 0.19861147826, 0.21090480638, 0.37604706789, 1.2637132701e-51]
    ],
    [
      [2.054672541e-05, 0.20881684184, 0.026799555364, 0.7642961645, 6.6891570679e-05, 1.0032212094e-53],
      [0.018235784183, 0.026932538837, 0.64701287688, 0.29667641059, 0.011142389502, 1.0654528652e-51],
      [0.026247600327, 0.0038573972819, 0.0027938709549, 0.35478045913, 0.61232067231, 2.4861400466e-52],
      [0.42870004593, 0.029038454591, 0.07775691775, 0.38413501108, 0.080369570654, 1.122052358e-50],
      [0.41340140223, 0.0022041038684, 0.081236680174, 0.20547813711, 0.29767967661, 1.081594227e-51]
    ],
    [
      [0, 0, 0, 0, 0, 0],
      [0, 0, 0, 0, 0, 0],
      [0, 0, 0, 0, 0, 0],
      [0, 0, 0, 0, 0, 0],
      [0, 0, 0, 0, 0, 0]
    ],
    [
      [1.1603318502e-05, 0.52071293629, 0.038016770805, 0.44121728068, 4.1408908629e-05, 6.7861449742e-54],
      [0.014988823923, 0.12429637709, 0.54320742151, 0.30611011567, 0.011397261799, 1.2129034995e-51],
      [0.023406913579, 0.019865420899, 0.0074157207378, 0.38152522579, 0.56778671899, 2.8791609228e-52],
      [0.19016082616, 0.14820188755, 0.17797904294, 0.40438181019, 0.079276433152, 1.2877613437e-50],
      [0.20629606117, 0.012317379865, 0.21369417354, 0.24765596726, 0.32003641816, 1.3854507176e-51]
    ],
    [
      [1.0847102499e-05, 0.54223337753, 0.042859678065, 0.41486611472, 2.9982582997e-05, 5.7957491127e-54],
      [0.013326250649, 0.12325317153, 0.58172541586, 0.27384497015, 0.0078501918144, 9.8539185771e-52],
      [0.026660089335, 0.025249353949, 0.010191808182, 0.43727713319, 0.50062161534, 2.9964421576e-52],
      [0.1829723968, 0.15922834235, 0.20673456317, 0.391918391, 0.059146306681, 1.1333907415e-50],
      [0.21145534686, 0.014103456845, 0.26443719711, 0.25572807275, 0.25427592644, 1.2989606105e-51]
    ],
    [
      [8.5915631848e-06, 0.4590976486, 0.036230053983, 0.5046181309, 4.5574948233e-05, 5.8971867822e-54],
      [0.011083750708, 0.10950371776, 0.51724692195, 0.34963792908, 0.012527680496, 1.0526506797e-51],
      [0.0157120195, 0.015888096856, 0.00640666589, 0.39554425824, 0.56644895951, 2.2680313243e-52],
      [0.14203996686, 0.13194202874, 0.17120672937, 0.4667552117, 0.088056063341, 1.1293778157e-50],
      [0.15227237073, 0.010837532897, 0.20313506962, 0.28246912983, 0.35128589692, 1.2007030911e-51]
    ]
  ],
  "expected_outcome": [
    [
      [0.00040001002114, 3.8900236319e-05, 2.7742381436e-05, 0.00030074624697, 3.7619408352e-06, 0.00055716142292, 0.0019466824443, 0.0030153667854, 0.0017836597433, 0.00213262491, 0.0030426580909, 0.0040989279625, 0.00047649981583, 0.0004068991988, 0.0032454529366, 4.3444003165e-09, 0.00026126009692, 6.7421937571e-05, 1.9209191376e-06, 0.0025343909025, 0.00068434502873, 0.00023314970096, 0.002036583686, 0.00061635472927, 0.0059119612926, 0.0003856024475, 0.0022851156641, 2.0641221434e-05, 0.0021616779648, 0.0029934670255, 0.0013259943106, 3.2945179608e-05, 0.00040890253112, 0.00012628372683, 0.0011344242736, 0.0014528917043, 0.002021183798, 0.0028393248425, 0.0035378650969, 0.00016727789409, 6.7263633978e-05, 8.218690164e-05, 0, 0.0036202353725, 0.0052825389171, 0.0032476108838],
      [2.7313913445, 6.1156338203, 5.4261719271, 10.531801207, 2.3617994775, 16.9877435764, 62.5251514733, 66.5179039637, 24.341340189, 57.7650929778, 29.7562464214, 59.1010171357, 14.4620091484, 6.8184855487, 26.4520382066, 2.9466852434, 10.3251274291, 0.069166410517, 2.552671542, 52.723307014, 24.4917344018, 5.3694056988, 51.7487316055, 28.8994481447, 129.8855453076, 16.6935187433, 60.2428371847, 1.2758269172, 81.6427699856, 70.5813206533, 62.7829362504, 2.1353766651, 12.6780887009, 6.0844180012, 28.6239993794, 25.8293479327, 19.3005713571, 44.6769863995, 47.9480756535, 13.2199905714, 4.3849328648, 0.83526736737, 0, 162.4624361224, 264.0676548593, 173.5389111722],
      [0.30173765886, 0.27337848965, 0.10282665462, 1.4491241618, 0.043557174014, 1.633609176, 6.2426527906, 6.6948561085, 2.7211520224, 7.442361839, 3.447454628, 5.7211483338, 2.2516853441, 2.6247703241, 2.719673947, 0.0017508287234, 0.21143054007, 0.19130307108, 0.0046030784837, 3.6135923823, 1.9987419013, 0.54366429575, 7.9866673113, 1.6621249916, 8.7679970029, 1.7434387219, 4.9523085357, 0.38595799878, 4.0093292912, 4.8501803911, 2.8171207553, 0.044661513485, 0.99325129875, 0.85970747721, 2.4388132339, 2.4715142096, 1.3970416271, 3.5984188396, 4.9373725837, 0.94026190212, 0.22215674808, 0.10719822146, 0, 11.8612324912, 20.8726632176, 13.6949604056],
      [3.9660379896, 2.6106818042, 1.470759173, 17.0167800378, 2.5944047329, 12.3765489663, 67.2218818777, 55.7758971645, 27.9320565116, 70.7789502085, 43.7866802459, 67.1646637607, 10.2852152781, 17.5552890967, 35.8194241674, 0.051563652417, 6.4628226141, 0.73932200881, 0.44242034016, 50.6524974563, 26.5059558069, 11.0860997506, 76.2572543153, 19.4345874184, 131.3267423804, 22.5600318628, 83.793702349, 1.3380950696, 66.3379246503, 76.5555330437, 45.3914148245, 2.8198304571, 13.32594887, 5.0550544576, 28.9323569551, 43.6909314328, 28.2947216676, 56.7129602092, 71.0972669125, 8.8380173499, 2.3925416174, 3.057184658, 0, 137.6597915716, 202.0397978662, 190.7456534808],
      [0.00043299705577, 0.00026698565744, 0.0002145028559, 0.0019938472267, 0.00023485366325, 0.0015411198929, 0.0083671760313, 0.0083273965075, 0.0036676172346, 0.011462349764, 0.0065760466589, 0.0090718417848, 0.00061372960022, 0.0010481312215, 0.005618226074, 2.7110729918e-07, 0.00035815658395, 0.0001410876581, 0.00030311841341, 0.0080687564831, 0.0028835449409, 0.00059710512605, 0.0053101841307, 0.0032230905671, 0.013803347819, 0.002625069558, 0.008866814838, 9.9373146475e-05, 0.0078143948793, 0.0099724449105, 0.007202175444, 9.8419139974e-05, 0.0023022278129, 0.00069378027204, 0.0036960073421, 0.0067535331785, 0.0056441644812, 0.0087952268484, 0.013746985114, 0.0015628986751, 0.00030150607597, 0.00026756628271, 0, 0.012919579492, 0.01460151792, 0.017227330432],
      [5.5573048632e-53, 3.8492363295e-53, 2.2812050736e-53, 2.4060678618e-52, 2.2124542438e-53, 2.1448587759e-52, 1.0655576771e-51, 1.0883808519e-51, 4.7862020364e-52, 1.2470631613e-51, 6.9723465195e-52, 1.1307296994e-51, 1.5256324255e-52, 1.9849478092e-52, 6.5988369338e-52, 4.0396535449e-55, 1.1444815867e-52, 1.2606031104e-53, 1.2489929436e-53, 8.6119404778e-52, 3.9115110012e-52, 9.9912331842e-53, 1.0246939943e-51, 3.6772333179e-52, 1.9290212748e-51, 3.2817801931e-52, 1.1131298502e-51, 1.9610404482e-53, 1.0145605453e-51, 1.2797903822e-51, 7.6112197903e-52, 1.8655383513e-53, 2.335474375e-52, 7.4943157712e-53, 4.6239435454e-52, 7.2128451765e-52, 5.11121279e-52, 9.1763209614e-52, 1.2433746392e-51, 1.7384622144e-52, 3.8893787355e-53, 4.0128848376e-53, 0, 2.117277232e-51, 2.8225298179e-51, 2.2291366037e-51]
    ],
    [
      [0.66907846177, 0.051973499265, 0.067154873314, 0.32989721895, 0.0046257666694, 1.0019734889, 2.0815577806, 5.90163898, 2.6922483047, 4.3567370654, 5.2640571603, 6.3074184001, 0.25442115097, 0.2019501984, 5.4738648823, 2.1610684177e-05, 0.3990197389, 0.0050680378389, 0.0060910345566, 3.0886760316, 1.1659098033, 0.24162956795, 1.7301691964, 0.79635510075, 8.3552695922, 0.57316530855, 2.8786696005, 0.022081337248, 2.228593229, 2.9406782403, 2.6707666885, 0.083127902335, 0.60746217182, 0.10415910199, 2.3920157136, 2.9795982299, 3.0207580374, 3.4422415044, 5.2656235455, 0.20894198122, 0.30006197638, 0.018235784183, 0, 3.9270718677, 5.7302877789, 2.6157651672],
      [0.7432729804, 1.2917669291, 1.8848982258, 2.0893188393, 0.45316344736, 5.4635186761, 12.3083829012, 23.9869755821, 6.7211102994, 21.7858488967, 9.4684047323, 16.759019232, 1.3526511759, 0.60597709477, 8.1906171696, 2.370591127, 2.6650866055, 0.00079952668351, 0.86152901104, 11.7944065955, 7.6055809673, 0.98120264491, 8.0904896878, 6.772932803, 33.9014035896, 4.5101466692, 13.9795962545, 0.1957092653, 15.4839624564, 12.7713050772, 23.2802731032, 0.84052716899, 3.4053013927, 0.86763757522, 11.0636486514, 9.75161435, 5.2851126188, 9.9696861302, 13.1743435597, 2.9215571311, 3.260704223, 0.026932538837, 0, 32.5656507983, 52.998863759, 25.8428773908],
      [6.0604746338, 4.7555177858, 3.1092593209, 18.1543060521, 0.74253476443, 33.1090909794, 74.1435364747, 145.0442521204, 45.828343283, 168.2136839289, 66.2179791559, 97.4993382876, 14.4344945502, 15.5110212389, 50.9288226642, 0.28532051276, 3.6759960061, 0.9690949028, 0.12115540974, 48.9447090462, 38.0216948029, 6.5986838149, 75.5130687627, 24.1074600964, 136.9522020907, 29.1780602241, 69.1669224607, 6.0344693427, 45.8863191392, 52.8555370289, 62.8566061446, 1.3162409855, 16.6644426498, 8.6933534607, 57.1610732685, 56.2404581436, 23.2288994671, 48.4251689934, 81.3749473559, 13.5752284926, 11.489364451, 0.64701287688, 0, 142.3203444362, 250.1419288182, 122.0702735811],
      [3.3786517194, 1.825842277, 1.8304570504, 9.962159287, 1.7338236292, 11.8382783023, 38.5615194732, 58.5957743302, 22.5810022336, 77.6544755657, 40.6280304097, 55.4615491364, 2.8896516452, 4.5718197661, 32.3900763572, 0.34338113788, 5.1458733998, 0.023124389603, 0.79195408014, 33.0802156506, 24.1621025319, 6.0481055464, 34.7064373104, 13.4378568953, 99.6360270791, 17.9094469708, 56.5971911642, 0.72574380219, 36.6859822311, 40.3466072938, 49.1017382294, 3.708052865, 10.5957605217, 2.2138658228, 32.7241559572, 48.0791324685, 22.6702904565, 36.8925735069, 56.826227972, 5.8801312913, 5.6654558664, 0.29667641059, 0, 80.2008503063, 117.7533371637, 82.5145512639],
      [0.1485222046, 0.074899508884, 0.10823052965, 0.46431860266, 0.065852392306, 0.58713855333, 1.9050033703, 3.4713589874, 1.1772958793, 4.9892545433, 2.4215285418, 2.9726749439, 0.068781477757, 0.10923170179, 2.0166189268, 0.00068561163953, 0.11402424977, 0.001913143073, 0.21927046453, 2.0919926761, 1.0447118946, 0.13037842581, 0.95983504272, 0.8853951046, 4.1550976483, 0.8291808274, 2.3776205202, 0.02199625259, 1.7151429443, 2.0858723599, 3.0906158343, 0.052051078083, 0.72703326405, 0.12098403932, 1.6591064092, 2.949196808, 1.7949394202, 2.2703298651, 4.3588575669, 0.41414110383, 0.28441348317, 0.011142389502, 0, 2.9860825914, 3.3755824802, 2.956532597],
      [1.2399467798e-50, 7.032192889e-51, 7.4842649308e-51, 3.6396684435e-50, 4.0735840386e-51, 5.3058596201e-50, 1.5754044595e-49, 2.946186148e-49, 9.9777716347e-50, 3.5248585867e-49, 1.6673239141e-49, 2.4060542555e-49, 1.1108205907e-50, 1.3442009932e-50, 1.5381188507e-49, 7.25347052e-52, 2.3743511173e-50, 1.0771908009e-52, 5.9562665102e-51, 1.4500362942e-49, 9.2039845449e-50, 1.4183920762e-50, 1.2027819615e-49, 6.5604905723e-50, 3.7708026748e-49, 6.7346669808e-50, 1.9384535866e-49, 2.8177587812e-51, 1.4461440698e-49, 1.7383294571e-49, 2.1210786544e-49, 6.4634215618e-51, 4.7903240901e-50, 8.4890339469e-51, 1.3479815832e-49, 2.0455648056e-49, 1.055599564e-49, 1.5382113143e-49, 2.5601132868e-49, 2.9926284663e-50, 2.3867801598e-50, 1.0654528652e-51, 0, 3.1778071686e-49, 4.2371849882e-49, 2.4842556042e-49]
    ],
    [
      [2.2895414773, 0.34611412749, 0.15565796474, 2.4873857888, 0.0052857751552, 2.4107319696, 12.582058605, 23.078802775, 16.2435540101, 20.3935561889, 31.1095170816, 29.5232758733, 3.2333072478, 0.95007337423, 31.4716213468, 0.00014814892949, 1.3554682379, 1.0939558717, 0.0064395902043, 12.1874096917, 3.6170972487, 1.299215384, 6.3701112331, 4.5014336914, 26.2738161047, 1.2403806026, 7.2314715024, 0.24698251704, 12.4412911215, 16.2717443616, 21.6409887849, 0.41190192205, 6.4676466628, 2.4653099863, 17.1453481535, 16.3080155327, 25.0898139402, 28.6511693633, 42.9845269905, 0.98779699195, 1.2355392517, 0.31497120392, 0, 22.6578923443, 41.0831976657, 16.9375570215],
      [0.24771191681, 0.82119214788, 0.39575838022, 1.5989482645, 0.043854213917, 1.325337706, 7.6035521145, 9.5899131431, 4.1360522025, 10.4338564927, 5.7176189261, 8.0209574125, 1.720091282, 0.28778572335, 4.8101276377, 1.0909865462, 0.88965449606, 0.024580305641, 0.07237735407, 4.7497050858, 2.4001836235, 0.53008824448, 3.0430602457, 3.8906127004, 10.9065149814, 0.99078125433, 3.5879551515, 0.20813052611, 8.8298140132, 7.2238980191, 19.2780668849, 0.39336843002, 3.6832780539, 2.0593790014, 8.0930195321, 5.4539113278, 4.4802568181, 8.482007838, 11.0053128504, 1.3890463856, 1.3168019554, 0.046288767383, 0, 19.22972743, 38.9092544348, 17.1273684106],
      [0.15501887832, 0.2216039526, 0.050615908603, 1.1484307968, 0.0056201098887, 0.67253389046, 3.8953951086, 4.9501342207, 2.3870899797, 6.8811466937, 3.4018169444, 3.9805404299, 1.4267013898, 0.57484124736, 2.5451083265, 0.011441057185, 0.10139334915, 0.24333343586, 0.0014396854268, 1.6748527136, 1.0159563736, 0.28631818221, 2.4079151143, 1.1671703252, 3.7656291558, 0.5377745823, 1.5120167781, 0.40678798501, 2.2272642661, 2.5460398473, 4.4441631182, 0.051589176363, 1.5107871256, 1.5877027401, 3.5571016559, 2.6791035395, 1.6734064237, 3.5070395131, 5.8003556345, 0.52904748035, 0.38336610658, 0.033526451459, 0, 7.1784176742, 15.7055764089, 6.9063858294],
      [9.1316935314, 9.637791634, 3.2732463875, 59.9709594654, 1.4346859492, 22.6463288514, 186.0220812927, 182.8685087651, 108.7586655852, 290.1329739799, 191.6397656985, 207.1834393206, 29.2128691338, 17.1098077058, 148.6437101831, 1.7814324808, 13.8031657028, 4.6225175505, 0.63941651766, 104.1288885984, 59.7686254687, 25.9260104096, 101.9345853529, 60.6182917975, 249.9907149786, 30.8858323175, 113.3997249519, 6.5279998075, 163.4202125843, 178.1681027415, 317.5930889987, 14.5304129886, 90.1125342555, 42.0033930056, 187.2436297079, 210.0280301631, 150.3084133038, 245.1107089272, 370.308220484, 22.1780471906, 18.5842495328, 4.2573655096, 0, 369.3164185668, 673.8440622522, 426.3967103877],
      [17.1760341962, 16.973298138, 9.1247213589, 112.7942756844, 3.5105539518, 45.9450675827, 367.8969128792, 433.5126410961, 227.4746382224, 745.1584666449, 457.1312813494, 444.2917869637, 28.4070309466, 17.0774919493, 370.5294325058, 0.11599176688, 12.8503182141, 16.0156128362, 10.2803268526, 264.2591439106, 104.1981372855, 22.9583677797, 113.244328054, 160.8224914854, 417.0633247794, 58.3452312432, 191.268831616, 8.6100991643, 306.0814180149, 368.7902150305, 799.0436922133, 8.6127274829, 248.2257539022, 92.8842152666, 379.9609009505, 515.5309394368, 476.4481095141, 603.2490743583, 1134.9015840406, 63.9160619515, 38.4800431536, 7.3478480677, 0, 549.6175439847, 771.4579092384, 610.6319783508],
      [6.441104923e-51, 7.1512678516e-51, 2.6008408897e-51, 4.1786213602e-50, 6.7106906295e-52, 1.9383337383e-50, 1.4477265949e-49, 1.7513415388e-49, 9.1568717597e-50, 2.5081258342e-49, 1.4980583367e-49, 1.7119937742e-49, 2.1485881039e-50, 9.633059275e-51, 1.3445999927e-49, 7.8533195215e-52, 1.2245711403e-50, 4.0619225815e-51, 9.5745843814e-52, 8.697291667e-50, 4.3409565822e-50, 1.1628840302e-50, 6.7323639025e-50, 5.641923959e-50, 1.8020602178e-49, 2.2167327147e-50, 7.4006241313e-50, 4.8901283434e-51, 1.227300769e-49, 1.4623206617e-49, 2.6128628678e-49, 4.8771326343e-51, 7.7633190034e-50, 3.0724472338e-50, 1.4692220935e-49, 1.7020909771e-49, 1.3331752489e-49, 1.9465017367e-49, 3.1770423261e-49, 2.1562330236e-50, 1.4975731066e-50, 2.9833680559e-51, 0, 2.7870277732e-49, 4.6175173648e-49, 2.4449377676e-49]
    ],
    [
