{
  "X": [
    [32, 133, 492, 740, 73],
    [32, 51, 267, 426, 39],
    [11, 32, 180, 197, 22],
    [29, 297, 271, 1173, 98],
    [17, 82, 237, 344, 29],
    [40, 69, 296, 389, 43],
    [20, 92, 244, 469, 42],
    [2, 34, 58, 175, 12],
    [2, 56, 155, 346, 35],
    [13, 78, 127, 417, 40],
    [42, 296, 697, 1118, 95],
    [11, 64, 212, 288, 33],
    [10, 20, 144, 149, 13],
    [0, 4, 8, 11, 2],
    [1, 3, 15, 16, 1],
    [28, 53, 359, 328, 35],
    [64, 89, 682, 729, 47],
    [24, 39, 340, 390, 22],
    [30, 65, 444, 664, 73],
    [8, 35, 179, 272, 33],
    [28, 24, 276, 201, 17],
    [36, 66, 559, 582, 73],
    [40, 72, 332, 474, 30],
    [53, 105, 399, 670, 52],
    [0, 0, 13, 7, 1],
    [7, 9, 60, 106, 8],
    [49, 195, 592, 964, 74],
    [9, 36, 123, 212, 18],
    [5, 54, 66, 191, 18],
    [1, 13, 23, 61, 6],
    [8, 25, 57, 72, 16],
    [6, 28, 71, 151, 16],
    [2, 5, 14, 33, 1],
    [9, 7, 35, 47, 4],
    [15, 52, 251, 416, 35],
    [17, 53, 210, 380, 39],
    [49, 60, 314, 218, 15],
    [1, 9, 53, 29, 2],
    [13, 24, 140, 186, 20],
    [42, 40, 346, 333, 21],
    [33, 49, 350, 313, 30],
    [67, 78, 569, 582, 29],
    [14, 24, 124, 181, 19],
    [3, 22, 104, 113, 14],
    [21, 36, 151, 266, 21],
    [21, 22, 188, 224, 24],
    [88, 216, 1158, 1405, 93],
    [26, 60, 193, 258, 19],
    [90, 504, 1109, 1797, 175],
    [85, 257, 732, 1086, 68]
  ],
  "W": [
    [267, 613, 453, 137],
    [110, 375, 239, 91],
    [49, 172, 182, 39],
    [653, 851, 250, 114],
    [124, 321, 227, 37],
    [132, 336, 288, 81],
    [164, 413, 221, 69],
    [65, 151, 45, 20],
    [73, 337, 136, 48],
    [150, 362, 123, 40],
    [468, 981, 638, 161],
    [82, 285, 200, 41],
    [34, 123, 146, 33],
    [8, 13, 4, 0],
    [9, 13, 12, 2],
    [81, 295, 313, 114],
    [137, 644, 708, 122],
    [101, 318, 304, 92],
    [127, 601, 404, 144],
    [53, 276, 135, 63],
    [39, 175, 302, 30],
    [130, 506, 522, 158],
    [171, 373, 340, 64],
    [236, 527, 419, 97],
    [5, 5, 9, 2],
    [18, 76, 64, 32],
    [352, 832, 554, 136],
    [67, 188, 116, 27],
    [66, 183, 55, 30],
    [20, 55, 20, 9],
    [33, 78, 49, 18],
    [50, 144, 56, 22],
    [11, 24, 16, 4],
    [16, 43, 30, 13],
    [128, 349, 243, 49],
    [110, 318, 205, 66],
    [71, 205, 327, 53],
    [9, 26, 53, 6],
    [54, 144, 143, 42],
    [73, 303, 348, 58],
    [85, 266, 355, 69],
    [142, 484, 599, 100],
    [53, 142, 132, 35],
    [36, 98, 98, 24],
    [68, 215, 155, 57],
    [59, 185, 188, 47],
    [419, 1180, 1075, 286],
    [85, 248, 176, 47],
    [609, 1750, 1054, 262],
    [358, 1056, 675, 139]
  ],
  "method": "mult",
  "cond_prob": [
    [
      [0.0014653070686, 0.30335747385, 0.0032526529691, 0.64485597295, 0.047068593171],
      [0.00035257631144, 0.08614435211, 0.13706953801, 0.71633405672, 0.060099476843],
      [0.060731097384, 0.00073221936801, 0.83306514783, 0.10512425418, 0.00034728123694],
      [0.027958495322, 0.00092806899021, 0.21050607578, 0.59134704694, 0.16926031297]
    ],
    [
      [0.002866239849, 0.25178461524, 0.0034112784819, 0.69697373113, 0.044964135297],
      [0.0006583238739, 0.068139874251, 0.13725639229, 0.73913312954, 0.054812280051],
      [0.10734583408, 0.00054704562005, 0.78935345065, 0.10245448313, 0.00029918651924],
      [0.0507984109, 0.00071333924727, 0.20499399712, 0.59323371112, 0.15026054161]
    ],
    [
      [0.0012691288038, 0.31941958811, 0.0030821441178, 0.62448160403, 0.051747534935],
      [0.00031143501084, 0.091996173027, 0.13253061616, 0.70773659949, 0.067425176309],
      [0.055701542489, 0.00080766085188, 0.83581576456, 0.10727262299, 0.00040240911156],
      [0.024632386273, 0.00098495156429, 0.20277771767, 0.58166539513, 0.18993954936]
    ],
    [
      [0.0020384726962, 0.31625905793, 0.0023619851313, 0.63636686143, 0.042973622806],
      [0.00051539185584, 0.094445494036, 0.10460322422, 0.74278108367, 0.057654806223],
      [0.10642476188, 0.00096154253343, 0.76165709435, 0.13055759728, 0.00039900396206],
      [0.041808133278, 0.0010406371407, 0.16425518854, 0.62695310706, 0.16594293398]
    ],
    [
      [0.001558114104, 0.36354622119, 0.0030184623807, 0.59088437947, 0.040992822856],
      [0.00039903798305, 0.10970123436, 0.13543128236, 0.69874158664, 0.055726858655],
      [0.06909339659, 0.00093471541026, 0.82688038427, 0.10276883797, 0.00032266576616],
      [0.032490448203, 0.0012115117168, 0.21338722535, 0.59159410037, 0.16131671436]
    ],
    [
      [0.0029677203031, 0.31086569776, 0.0032230684542, 0.63190786407, 0.051035649417],
      [0.00071989955018, 0.088864626323, 0.13695547693, 0.70775263032, 0.065707366875],
      [0.11687509376, 0.00071069984278, 0.78433894567, 0.097718035967, 0.00035722475907],
      [0.055030835092, 0.00092186730676, 0.20267152333, 0.5628572315, 0.17851854277]
    ],
    [
      [0.0018072104901, 0.32031619335, 0.003009823704, 0.63159571345, 0.043271058999],
      [0.0004459367436, 0.093199279712, 0.13010942446, 0.71957627735, 0.056669081726],
      [0.078901237394, 0.00081184572828, 0.81174384449, 0.10820754123, 0.00033553115738],
      [0.035752448541, 0.0010138802107, 0.20187095253, 0.59998726849, 0.16137545024]
    ],
    [
      [0.00081788431368, 0.30764144286, 0.002890697725, 0.65366845701, 0.034981518085],
      [0.00020069812854, 0.088677706748, 0.12449961022, 0.74102486678, 0.045597118121],
      [0.038650563546, 0.0008278675293, 0.84089512647, 0.1193373555, 0.0002890869569],
      [0.016894119182, 0.0010047762705, 0.20170646169, 0.64429654672, 0.13609809614]
    ],
    [
      [0.00028027125728, 0.31452366308, 0.0027886823403, 0.6338875606, 0.048519822724],
      [6.930735867e-05, 0.091563256761, 0.12084713027, 0.72382965246, 0.063690653148],
      [0.014011040734, 0.00090858809977, 0.86063940368, 0.12401132227, 0.00042964521413],
      [0.0056812938583, 0.00101665947, 0.19153012693, 0.61634950221, 0.18542241753]
    ],
    [
      [0.0020183275626, 0.29524341386, 0.0024271312963, 0.65026161435, 0.050049512923],
      [0.00049912773606, 0.086073253522, 0.105189764, 0.74253857771, 0.065699277029],
      [0.10315013296, 0.00087307853646, 0.76551686853, 0.13000704553, 0.00045287444849],
      [0.039652854097, 0.00092647430289, 0.16153087697, 0.61263883539, 0.18525095924]
    ],
    [
      [0.0013059548286, 0.37538249628, 0.0030358422239, 0.58157716625, 0.038698540421],
      [0.00033777026869, 0.11465506864, 0.13750278439, 0.69439499816, 0.05310937854],
      [0.058342055682, 0.00097803144814, 0.83810002837, 0.10227189933, 0.00030798517587],
      [0.027837265488, 0.0012844324512, 0.21951561631, 0.59594933825, 0.15541334751]
    ],
    [
      [0.0011136620667, 0.36980090883, 0.0029989175342, 0.57435773013, 0.051728781443],
      [0.0002863916898, 0.11193441266, 0.13512121215, 0.68204111, 0.070616873503],
      [0.05080404452, 0.00097624485109, 0.84510981291, 0.10269129196, 0.00041860575832],
      [0.022879910436, 0.0012121456899, 0.20885608497, 0.56643411494, 0.20061774397]
    ],
    [
      [0.0014745496877, 0.29251602376, 0.0031997972907, 0.66127594565, 0.041533683617],
      [0.00035278571985, 0.081892203847, 0.13417387977, 0.73080553301, 0.052775597655],
      [0.061820693374, 0.000702713606, 0.82889190394, 0.10827675876, 0.0003079303241],
      [0.028385351015, 0.00089036010677, 0.20874830049, 0.6105377267, 0.15143826168]
    ],
    [
      [0, 0.39035480132, 0.0052371779779, 0.51661978376, 0.087788236943],
      [0, 0.1019782688, 0.22178686931, 0.56511740076, 0.11111746114],
      [0, 0.00051470125156, 0.95072992222, 0.048384781356, 0.00037059517368],
      [0, 0.000926765006, 0.29879982078, 0.39979787896, 0.30047553525]
    ],
    [
      [0.0020177424673, 0.28497195609, 0.0043996393225, 0.67403526187, 0.03457540025],
      [0.00045682232908, 0.072038548594, 0.1765755265, 0.70894927608, 0.041979826494],
      [0.064183580117, 0.00045265013191, 0.8592673134, 0.075920088511, 0.00017636783555],
      [0.036769748256, 0.00074435494997, 0.26752055686, 0.56987594373, 0.1250893962]
    ],
    [
      [0.0019255480763, 0.3404292615, 0.0037757770799, 0.61170317212, 0.042166241225],
      [0.00046825076596, 0.097443483446, 0.16083328247, 0.68683292563, 0.054422057696],
      [0.069540672408, 0.00071277936375, 0.84271547574, 0.086760325471, 0.00027074701561],
      [0.036939438908, 0.00104287224, 0.24565372232, 0.56376157046, 0.15260239607]
    ],
    [
      [0.0020195486509, 0.28084962914, 0.0031764182956, 0.68029853119, 0.033655872718],
      [0.00047983623214, 0.078704578035, 0.1321644223, 0.74621674545, 0.042434417979],
      [0.082939563777, 0.00067155595161, 0.80619104485, 0.10995164879, 0.000246186632],
      [0.038919374289, 0.00086732762373, 0.20765907067, 0.6302611387, 0.12229308872]
    ],
    [
      [0.0018347055156, 0.22806389935, 0.003881256284, 0.73721342743, 0.029006711423],
      [0.00040697455612, 0.059581747104, 0.15080816285, 0.75505302082, 0.034150094671],
      [0.063854191823, 0.00046048682397, 0.83474866142, 0.10075720439, 0.00017945554483],
      [0.032808982279, 0.00065174585204, 0.23537482907, 0.63330414385, 0.097860298947]
    ],
    [
      [0.001608004668, 0.23216636641, 0.003402083926, 0.7083714983, 0.054452046691],
      [0.00036293219785, 0.061795749649, 0.13448516758, 0.73813680457, 0.065219346006],
      [0.063209473571, 0.00053082876947, 0.82638654842, 0.10949219815, 0.00038095109051],
      [0.027970492119, 0.00064677672322, 0.20071464599, 0.59214461058, 0.17852347459]
    ],
    [
      [0.0012237600842, 0.28429631718, 0.0037623355106, 0.65568108183, 0.055036505395],
      [0.00028361587242, 0.077474748546, 0.1528056959, 0.70172601406, 0.067709925622],
      [0.045239049006, 0.00060642167809, 0.85894523266, 0.094848879047, 0.00036041760446],
      [0.021911066341, 0.0008104240314, 0.22827109997, 0.56316469989, 0.18584270976]
    ],
    [
      [0.002187793928, 0.28008856679, 0.003274721175, 0.66758319241, 0.046865725693],
      [0.00051644909987, 0.077542956796, 0.13541666704, 0.72777969188, 0.058744235183],
      [0.087278108244, 0.00064422128904, 0.8073233059, 0.10442259911, 0.00033176545532],
      [0.040308515417, 0.00081970070652, 0.20459930344, 0.59073983929, 0.16353264115]
    ],
    [
      [0.0015519968465, 0.25970138896, 0.0036288926482, 0.67722316704, 0.057894554503],
      [0.0003545716619, 0.069954608033, 0.14519574465, 0.71430493718, 0.070190138469],
      [0.058196522181, 0.00056649902695, 0.84096066689, 0.099889791335, 0.0003865205698],
      [0.027052612569, 0.00072492539951, 0.21456735493, 0.5673949748, 0.1902601323]
    ],
    [
      [0.0026183811823, 0.26728461324, 0.0031584897031, 0.69221416762, 0.034724348261],
      [0.00061590046841, 0.074130108916, 0.13013391507, 0.75176936095, 0.043350714594],
      [0.10525461659, 0.00062443356079, 0.78455670898, 0.10931605373, 0.00024818714482],
      [0.049236297407, 0.00080453308824, 0.2014203416, 0.62535718111, 0.12318164679]
    ],
    [
      [0.0026882238716, 0.27249108614, 0.002911736781, 0.68100434417, 0.040904609045],
      [0.00064077141762, 0.076637213336, 0.12155793365, 0.74942179397, 0.05174228763],
      [0.11497025515, 0.00067833546785, 0.7695199039, 0.11452018623, 0.0003113192552],
      [0.050677522602, 0.00082330567085, 0.1861755231, 0.61694896531, 0.14537468332]
    ],
    [
      [0, 0, 0.0080856097911, 0.89874583958, 0.093168550626],
      [0, 0, 0.23449612206, 0.68351849388, 0.08198538406],
      [0, 0, 0.94292004123, 0.056811234542, 0.00026872422567],
      [0, 0, 0.30625580301, 0.46888990045, 0.22485429654]
    ],
    [
      [0.0020761372403, 0.22811289411, 0.0027082854857, 0.73318454992, 0.033918133248],
      [0.00048162593601, 0.061455659753, 0.11023463968, 0.78601988622, 0.041808188417],
      [0.095829499739, 0.00059313263603, 0.77223995316, 0.13106259574, 0.00027481871819],
      [0.039348076696, 0.00067438169742, 0.17372355041, 0.66447743567, 0.12177655553]
    ],
    [
      [0.0018311621599, 0.3257094741, 0.0031023248043, 0.63155848723, 0.037798551713],
      [0.0004526023346, 0.095047012209, 0.13428612884, 0.72063935444, 0.049574902184],
      [0.077878835789, 0.00080742597873, 0.8153291067, 0.10569833256, 0.00028629897428],
      [0.03670600209, 0.0010475724832, 0.21094267554, 0.60853168506, 0.14277206482]
    ],
    [
      [0.0016273141142, 0.29755023449, 0.0030624608647, 0.65407836388, 0.043681626649],
      [0.00039297791214, 0.084450206804, 0.12963625747, 0.72950718489, 0.05601337293],
      [0.070400984021, 0.0007410377601, 0.81805184675, 0.11047219335, 0.00033393811965],
      [0.031505090384, 0.00091582641452, 0.20083709813, 0.60698558494, 0.15975640013]
    ],
    [
      [0.0014799215395, 0.40735949517, 0.0024293469699, 0.55001269481, 0.038718541507],
      [0.00040516705606, 0.13107226649, 0.11667873391, 0.69555043134, 0.056293401197],
      [0.079506432863, 0.0012517507456, 0.80425044016, 0.11462609124, 0.00036528499414],
      [0.034145302117, 0.0014897327733, 0.18953325323, 0.60655960161, 0.16827211027]
    ],
    [
      [0.00088232668137, 0.34428605781, 0.0026058251056, 0.60738242804, 0.044843362369],
      [0.00022581164773, 0.10215734078, 0.11744971379, 0.71908604857, 0.061081085215],
      [0.046022027468, 0.00098114788898, 0.83361476309, 0.11898412993, 0.00039793161689],
      [0.018832148968, 0.0011287819751, 0.18687806952, 0.61218861421, 0.18097238532]
    ],
    [
      [0.0031255380724, 0.43989464833, 0.0031701416256, 0.47691702146, 0.076892650506],
      [0.00084794974406, 0.1393052737, 0.15099245674, 0.59797840871, 0.1108759111],
      [0.12725006555, 0.0010114397796, 0.79632707408, 0.074864745017, 0.00054667558167],
      [0.061002015831, 0.0013459333879, 0.20915683455, 0.44420767678, 0.28428753944]
    ],
    [
      [0.0021160472647, 0.31201239605, 0.0032305672976, 0.6317117748, 0.050929214581],
      [0.0005131207919, 0.088763084401, 0.13745217273, 0.70767130448, 0.065600317596],
      [0.08635914648, 0.00072601968736, 0.81268142129, 0.099868917395, 0.0003644951455],
      [0.040014556811, 0.00093257156749, 0.20656024321, 0.57077740464, 0.18171522377]
    ],
    [
      [0.0024265160621, 0.27390638976, 0.0023843219251, 0.70469946595, 0.016583306302],
      [0.00059338021367, 0.076079863084, 0.1029751058, 0.79869870319, 0.021652947703],
      [0.12338548649, 0.00072820218297, 0.74450751279, 0.13123883372, 0.00013996482156],
      [0.051967812098, 0.00086962690959, 0.17112046335, 0.70749148377, 0.068550613876]
    ],
    [
      [0.0066493791446, 0.28948462871, 0.0037893760618, 0.661851755, 0.038224861085],
      [0.0015565286154, 0.078129881586, 0.15600387775, 0.71669330127, 0.047616410774],
      [0.20422759031, 0.00048843639944, 0.71784783094, 0.077233879114, 0.0002022632406],
      [0.11428135728, 0.0007629734064, 0.21969453131, 0.54021629188, 0.12504484613]
    ],
    [
      [0.0013698062656, 0.23655011128, 0.0032027743465, 0.71121726636, 0.047660041743],
      [0.00031287793789, 0.063672043477, 0.12815618586, 0.7500775177, 0.057781375027],
      [0.05714840949, 0.00057252503037, 0.82549738112, 0.11642856998, 0.00035311438653],
      [0.024720606219, 0.00068250060557, 0.19596855136, 0.61635796405, 0.16227037776]
    ],
    [
      [0.0016988947135, 0.26529167494, 0.0029678263591, 0.67879026849, 0.051251335493],
      [0.00040063934898, 0.073696166997, 0.1226191523, 0.73913167424, 0.064152367121],
      [0.074774643819, 0.00067668335059, 0.80698543374, 0.11716282283, 0.00040041626063],
      [0.031426830242, 0.00078396218504, 0.1861192299, 0.60284643127, 0.1788235464]
    ],
    [
      [0.0031853301334, 0.44642324277, 0.0031252479304, 0.52009650448, 0.027169674686],
      [0.0008795891338, 0.1449317986, 0.15116949235, 0.66319056743, 0.039828552485],
      [0.12963668323, 0.0010514706542, 0.78604527779, 0.083070140105, 0.0001964282196],
      [0.072434967476, 0.001618339457, 0.24101792286, 0.56814286173, 0.11678590848]
    ],
    [
      [0.00036261834245, 0.49159031622, 0.0029657457682, 0.47850050632, 0.026580813358],
      [0.00010558869346, 0.16193527276, 0.15166235882, 0.64502614532, 0.0412706344],
      [0.017654231408, 0.0012930548228, 0.89198574926, 0.088843469643, 0.00022349486696],
      [0.009428656979, 0.0019178153476, 0.26072332466, 0.5931628215, 0.13476738151]
    ],
    [
      [0.0019281973722, 0.25915799666, 0.0031130061721, 0.68401162241, 0.051789177389],
      [0.00044989721188, 0.070953985812, 0.12730010362, 0.73713122888, 0.064164784483],
      [0.080814089666, 0.00062485280333, 0.80613027197, 0.11204667495, 0.00038411061629],
      [0.034981481865, 0.00074634379273, 0.1913970302, 0.5952191345, 0.17765600964]
    ],
    [
      [0.0028781103565, 0.27142159164, 0.0035144902642, 0.68866303198, 0.03352277576],
      [0.00067000419415, 0.07436180715, 0.14330715654, 0.740238187, 0.041422845116],
      [0.10533950102, 0.0005758454175, 0.79488417003, 0.098982401611, 0.00021808192426],
      [0.053047090064, 0.00079870506807, 0.21968207856, 0.60980103889, 0.11667108742]
    ],
    [
      [0.00207896122, 0.31299610126, 0.0033433807103, 0.6364365271, 0.045145029709],
      [0.00050284583655, 0.089099959082, 0.14164706795, 0.7107903954, 0.057959731737],
      [0.082281776269, 0.00071817524814, 0.81776105281, 0.098921379697, 0.00031761597782],
      [0.039546588818, 0.00095066353858, 0.21569503658, 0.58164678525, 0.16216092581]
    ],
    [
      [0.0025301731214, 0.28544615489, 0.0032138825113, 0.68259233794, 0.026217451537],
      [0.00060350399809, 0.080279360785, 0.13425068049, 0.75167976888, 0.033186685851],
      [0.10080900731, 0.00066172413165, 0.79135806484, 0.10698522659, 0.0001859771227],
      [0.049384463108, 0.00089231936672, 0.21279025965, 0.6404125933, 0.096520364579]
    ],
    [
      [0.0022364300412, 0.25930995192, 0.0029279092975, 0.68324151322, 0.052284195519],
      [0.0005258346291, 0.071533928539, 0.12066308126, 0.74199545351, 0.065281702068],
      [0.097162835427, 0.00064761508866, 0.78585242972, 0.11593545519, 0.00040166457695],
      [0.040772863622, 0.00075012384186, 0.18087552337, 0.59731265133, 0.18028883784]
    ],
    [
      [0.00063455605338, 0.33996047169, 0.0032675778817, 0.60147709998, 0.054660294399],
      [0.00015705516021, 0.09837865489, 0.14180969556, 0.68778186459, 0.071872729797],
      [0.027365431069, 0.00083666603299, 0.87045177667, 0.100930793, 0.0004153332315],
      [0.01246025291, 0.0010528899003, 0.21730590639, 0.56570057105, 0.20348037975]
    ],
    [
      [0.0026997868495, 0.27663511579, 0.0028207785615, 0.68035980592, 0.037484512878],
      [0.00064849452538, 0.078124402467, 0.11873387415, 0.75469374194, 0.047799486917],
      [0.11835033415, 0.0007000099011, 0.76391795516, 0.11674051885, 0.00029118193922],
      [0.051894187702, 0.00084666377673, 0.18376766505, 0.62748525894, 0.13600622453]
    ],
    [
      [0.002596695791, 0.21666423278, 0.0034607958861, 0.72134779062, 0.055930484922],
      [0.00057810056701, 0.056662554389, 0.13500315816, 0.74164695722, 0.066109229673],
      [0.096792185593, 0.0004659588482, 0.79708300025, 0.10528927679, 0.00036957851504],
      [0.043601671338, 0.00057876482032, 0.19699154739, 0.58134228881, 0.17748572764]
    ],
    [
      [0.0017844737594, 0.29583442968, 0.0034615801498, 0.66673059694, 0.032188919465],
      [0.00042427536288, 0.083064131448, 0.14411717617, 0.73178651772, 0.040607899297],
      [0.069093223929, 0.00066840855807, 0.82833539778, 0.10168079766, 0.00022217207466],
      [0.034515565104, 0.00091876994219, 0.22715649489, 0.62010834475, 0.11730082532]
    ],
    [
      [0.0030353915275, 0.37944978895, 0.0032010893937, 0.58202475278, 0.032288977345],
      [0.00078442896479, 0.11539654321, 0.1449526974, 0.69456927927, 0.044297051147],
      [0.12084807687, 0.00087355929664, 0.78728810685, 0.090762340104, 0.00022791688749],
      [0.063271829478, 0.001261287251, 0.22617073876, 0.58224696674, 0.12704917777]
    ],
    [
      [0.0016231764807, 0.41071710236, 0.0027511610711, 0.54362964469, 0.041278915399],
      [0.00043904113455, 0.13123129404, 0.13030372194, 0.67878460868, 0.059241334207],
      [0.078045050985, 0.001152824229, 0.81748484831, 0.10296345048, 0.00035382600049],
      [0.036119567826, 0.0014680783344, 0.20769768778, 0.58169044753, 0.17302421853]
    ],
    [
      [0.0026068268476, 0.37627850866, 0.003091532914, 0.58861274338, 0.029410388205],
      [0.00067505563016, 0.11505575878, 0.14019608114, 0.70366081162, 0.040412292824],
      [0.10836779182, 0.00091214865624, 0.79417976029, 0.096322487248, 0.00021781198061],
      [0.055472574079, 0.0012851299452, 0.22316703451, 0.60215414872, 0.11792111275]
    ]
  ],
  "expected_outcome": [
    [
      [0.39123698732, 0.31528638339, 0.062187311388, 1.3311226707, 0.1932061489, 0.39173908001, 0.29638252037, 0.053162480389, 0.020459801782, 0.30274913439, 0.61118685977, 0.091320289467, 0.050134689383, 0, 0.018159682206, 0.15596939418, 0.27667816517, 0.18530525708, 0.20421659283, 0.064859284461, 0.085323963193, 0.20175959004, 0.44774318217, 0.63442083371, 0, 0.037370470325, 0.6445690803, 0.10903004565, 0.097674821608, 0.017646533627, 0.10314275639, 0.10580236324, 0.026691676683, 0.10639006631, 0.175335202, 0.18687841848, 0.22615843947, 0.003263565082, 0.1041226581, 0.21010205602, 0.1767117037, 0.35928458324, 0.11853079219, 0.022844017922, 0.18358550576, 0.15320505167, 0.7476945052, 0.25800827984, 0.98851447673, 0.93324401143],
      [80.9964455167, 27.6963076766, 15.6515598176, 206.5171648307, 45.079731427, 41.0342721039, 52.53185571, 19.9966937861, 22.9602274046, 44.2865120797, 175.6790082579, 30.3236745239, 9.9455448078, 3.1228384106, 2.5647476048, 27.5747701811, 38.4763991927, 23.034453834, 29.4851285345, 15.0677048105, 10.9234541048, 33.7611805647, 45.7056688638, 64.307896328, 0, 4.1060320939, 114.6497348817, 19.935865711, 26.8857266813, 6.8857211561, 14.516523395, 15.6006198026, 3.0129702874, 4.6317540594, 30.2784142442, 29.1820842439, 31.6960502364, 4.4243128459, 13.9945318197, 19.8137761895, 26.6046686069, 40.5333539939, 13.7434274517, 12.2385769808, 18.8111878741, 12.783189734, 123.9546260377, 32.2532320608, 250.126715338, 134.7077060989],
      [0.86845834276, 0.37524063301, 0.15102506177, 1.5423762907, 0.37428933521, 0.42544503595, 0.49361108745, 0.18789535212, 0.20357381084, 0.36406969444, 1.4207741608, 0.24591123781, 0.10879310788, 0.041897423823, 0.039596753903, 0.30583794347, 0.4351693065, 0.39200688469, 0.4320646586, 0.19940378206, 0.12771412583, 0.47175604427, 0.54010173922, 0.68716988032, 0.040428048956, 0.048749138742, 1.0920183311, 0.20518487793, 0.16033690002, 0.052116502112, 0.10461467365, 0.16152836488, 0.026227541176, 0.060630016989, 0.40995511635, 0.32646089951, 0.22189260306, 0.026691711914, 0.16810233329, 0.25655778929, 0.28418736037, 0.4563713166, 0.15517919277, 0.11763280374, 0.19181294218, 0.20418695728, 1.4504020828, 0.27209259846, 1.6754570923, 1.1067687832],
      [172.1765447766, 76.6671104243, 30.5995985975, 415.5475605153, 73.2696630548, 83.411838057, 103.5816970064, 42.4884497058, 46.273791924, 97.5392421531, 272.1781138046, 47.0973338705, 22.483382152, 4.1329582701, 6.0663173568, 49.547956942, 93.2008987732, 74.4585561705, 89.9631802843, 34.751097337, 26.0357445041, 88.0390117157, 118.3686226623, 160.7170252234, 4.4937291979, 13.1973218986, 222.3085875039, 43.8232503799, 36.3008378576, 12.1476485608, 15.7382617083, 31.5855887402, 7.7516941255, 10.58962808, 91.0358100944, 74.6669295339, 36.9268518184, 4.3065045568, 36.9366276099, 50.2724013347, 54.0971048038, 96.928111988, 36.2118002009, 21.6531755991, 46.2644668023, 42.5595196467, 279.3601201186, 49.4721039866, 331.070453615, 210.7233621289],
      [12.5673143766, 4.9460548827, 2.5356292118, 28.0617756926, 5.0831100341, 6.7367057231, 7.0964536758, 2.2737986756, 3.5419470588, 7.5074269384, 18.1109169169, 4.2417600783, 1.412145243, 0.70230589554, 0.31117860225, 3.4154655393, 4.6108545624, 2.9296778537, 6.9154099298, 2.9169347859, 1.827763302, 7.5262920854, 5.9378635525, 9.6534877346, 0.46584275313, 0.61052639846, 13.3050902029, 2.9266689855, 2.5554237395, 0.89686724738, 2.5374574667, 2.5464607291, 0.18241636932, 0.61159777737, 6.1004853431, 5.6376469042, 1.9290469027, 0.23922732022, 2.796615579, 2.4471626305, 3.8373275253, 3.7228781183, 2.7710623625, 1.9677705984, 2.5489468757, 3.2998986104, 13.4871572557, 2.7445630744, 25.1388594779, 10.5289189775]
    ],
    [
      [0.21612927891, 0.24687145271, 0.053566821864, 0.43859846932, 0.12809119256, 0.24188624886, 0.18417187511, 0.03030541741, 0.023356579872, 0.18068424045, 0.33135263359, 0.081621631594, 0.043392643541, 0, 0.005938690278, 0.13813397596, 0.3090145335, 0.12941790885, 0.21812225091, 0.078277980787, 0.090378592477, 0.17941326092, 0.22973087472, 0.33768653709, 0, 0.036603571137, 0.37656514239, 0.073879847482, 0.074145571258, 0.012419640625, 0.066140080037, 0.073889394033, 0.014241125128, 0.066930730464, 0.10919440032, 0.12740331297, 0.18031577243, 0.0027453060299, 0.064785198511, 0.20301127083, 0.13375699252, 0.29209593508, 0.074668517332, 0.015391405701, 0.13942632296, 0.1069486049, 0.5006449282, 0.19453838327, 0.76832198546, 0.71285874545],
      [52.8064878435, 25.5524528443, 15.8233417606, 80.3731154248, 35.2140962299, 29.8585144446, 38.4913025211, 13.3903337189, 30.8568175285, 31.1585177749, 112.4766223369, 31.901307609, 10.0727410732, 1.3257174944, 0.93650113172, 28.7458276167, 50.6857482543, 18.9469955791, 37.1392455392, 21.3830305988, 13.5700174394, 35.3970316648, 27.6505306258, 40.3878114281, 0, 4.6706301412, 79.0791141578, 15.8766388791, 23.9862247684, 5.6186537426, 10.8658113485, 12.7818841538, 1.825916714, 3.3595849082, 22.2215431733, 23.4353811052, 29.7110187139, 4.2103170918, 10.2173739569, 22.5316275663, 23.7005891157, 38.8552106201, 10.1578178525, 9.6411081793, 16.7967465305, 10.4825725619, 98.0156751083, 28.6183427171, 229.6547645739, 121.4988812768],
      [84.0236268015, 51.471147108, 22.7952659801, 89.0173438071, 43.4734416367, 46.0170402491, 53.7351923037, 18.7994411432, 40.7254829001, 38.0786945697, 134.8902314875, 38.5095454614, 16.5033872115, 2.883229301, 2.2954818446, 47.4458183274, 85.1138879635, 47.9569957861, 80.8255857141, 42.1743720684, 23.6979167317, 73.4690467939, 48.5399503225, 64.0610310325, 1.1724806103, 8.3778326155, 111.7260591911, 24.3716164039, 21.3522083058, 6.4597342586, 11.7774116258, 19.7931128733, 2.4714025393, 6.7081667434, 44.7265088639, 38.9928904305, 30.9897459318, 3.9432213293, 18.3312149211, 43.4220684318, 37.6781200745, 64.977329355, 17.1341575386, 13.8973501653, 25.5277829432, 24.9755842589, 170.0582678803, 35.9482689553, 228.0315133941, 148.0470616864],
      [439.1127767713, 277.1749235758, 121.7306951123, 632.1067022033, 224.2960493125, 237.8048837874, 297.1850025471, 111.8947548843, 243.9305928806, 268.7989651305, 681.2014931946, 194.3817163497, 89.8890805602, 7.3465262098, 9.216340589, 202.6157130597, 480.5635840703, 240.1068606207, 443.6202195462, 193.6763798803, 127.3614460793, 361.4382982153, 280.4099716336, 394.945285421, 3.4175924694, 59.7375113524, 599.5719428913, 137.1473507585, 127.2857289354, 39.5497326713, 46.6423158797, 101.9046678451, 19.1687688767, 30.8178119547, 261.7770536779, 235.043872407, 135.9540663224, 16.7706797784, 106.146896958, 224.2921706608, 189.0702451754, 363.8130081381, 105.3633543979, 67.4026227296, 162.2591545161, 137.2046870849, 863.5080909133, 172.2531812597, 1187.8730651845, 743.0658170696],
      [36.8409793048, 20.5546050191, 11.5971303251, 49.0642400954, 17.8883216283, 22.07767527, 23.4043307529, 6.8851648362, 21.463750111, 23.7831382844, 52.1003003474, 20.1258089484, 6.4913985115, 1.4445269948, 0.54573774443, 16.0545070202, 27.3277651784, 10.8597301053, 39.1968269496, 18.6879394717, 10.2802411571, 35.5162100651, 16.1698165434, 27.2681855813, 0.4099269203, 3.1774223197, 41.2463186175, 10.5305141109, 10.3016924191, 3.3594596868, 8.648321066, 9.4464457338, 0.51967074487, 2.0475056633, 20.1656998846, 20.4004527443, 8.1648532595, 1.0730364944, 9.2397289655, 12.5511220702, 15.4172886419, 16.0623559518, 9.2700016936, 7.0435275201, 10.2768896872, 12.2302074895, 47.9173211699, 10.9856686846, 103.6723348621, 42.6753812217]
    ],
    [
      [27.5111871151, 25.655654344, 10.137680733, 26.6061904688, 15.684201026, 33.6600270026, 17.4371734641, 1.7392753596, 1.9055015398, 12.6874663542, 37.2222315251, 10.160808904, 9.0258212326, 0, 0.77020296141, 21.7662304638, 58.721211154, 19.4116743143, 25.5366273228, 6.1072716158, 26.3579886896, 30.3785845785, 35.7865696389, 48.1725369058, 0, 6.1330879833, 43.1448750272, 8.1665141464, 4.3728538074, 0.92044054936, 6.2352532117, 4.8361122029, 1.9741677838, 6.1268277092, 13.8870635062, 15.3288019829, 42.3911954151, 0.93567426461, 11.5564148223, 36.6581463538, 29.2100305755, 60.3845953808, 12.8254942764, 2.6818122448, 18.3443017935, 18.1969308915, 74.2752157234, 21.2692615284, 82.2594837385, 73.1482594787],
      [0.33169537371, 0.13074390319, 0.14699427504, 0.24038563336, 0.21218039813, 0.20468155472, 0.17941790595, 0.037254038818, 0.12356798157, 0.10738865998, 0.62398406391, 0.19524897022, 0.10259618648, 0.0020588050063, 0.0054318015829, 0.22309994085, 0.47546161374, 0.13998799449, 0.21445482287, 0.081866926543, 0.19455482929, 0.29571249207, 0.21230741067, 0.28422256103, 0, 0.037960488706, 0.44731399222, 0.085960380172, 0.068846291009, 0.01962295778, 0.0495605492, 0.040657102492, 0.011651234927, 0.014653091983, 0.13912358238, 0.13872008687, 0.34383090393, 0.068531905609, 0.089353950876, 0.20039420529, 0.25495221309, 0.39637275486, 0.085485191704, 0.081993271233, 0.10850153467, 0.087600263462, 0.71853919993, 0.15374643621, 1.2150767373, 0.61570034296],
      [377.3785119676, 188.6554747057, 152.1184691492, 190.4142735875, 187.7018472289, 225.8896163536, 179.3953896322, 37.8402806912, 117.0469589005, 94.1585748289, 534.7078180989, 169.0219625827, 121.018217975, 3.8029196889, 10.3112077609, 263.7699439071, 570.783259756, 253.763593071, 333.8601655614, 115.9576064097, 243.8116383809, 438.9814681151, 266.7492810519, 322.4288397359, 8.4862803711, 49.4233570025, 451.6923251095, 94.8940142233, 44.2337742089, 16.6722952619, 39.0200266297, 45.5101595923, 11.9121202046, 21.5354349281, 200.5958636111, 165.4320139158, 257.0368058388, 47.2752447107, 115.2766288916, 276.6196911706, 290.305173747, 474.0234808399, 103.7325207225, 85.3042741132, 118.4072830503, 149.8516040468, 890.4605526159, 138.5627068049, 861.6290301182, 536.0713381987],
      [47.6212871433, 24.486621469, 19.5236173845, 32.6393993198, 23.3285262181, 28.1427943584, 23.9138666119, 5.3701809973, 16.865539829, 15.9908665997, 65.2494717699, 20.5382583914, 15.8084067786, 0.19353912543, 0.91104106213, 27.1559818723, 77.8457673407, 30.6301901346, 44.2348480523, 12.8045986713, 31.5356249327, 52.1424710768, 37.1674582692, 47.9839580294, 0.51130111088, 8.3880061275, 58.5568762393, 12.8147744282, 6.3044350179, 2.3796825986, 3.6683725058, 5.5926593741, 2.0998213395, 2.3170163734, 28.2921425045, 24.018378681, 27.1639358143, 4.7087038911, 16.0226745172, 34.4458757607, 35.1170897923, 64.084150728, 15.3034800852, 9.8912177141, 18.094780421, 19.7943840373, 109.3068574805, 15.9741718583, 108.5234768014, 65.0176788927],
      [0.15731840033, 0.071505578098, 0.073238458304, 0.099750990514, 0.073245128917, 0.10288073061, 0.074152385782, 0.013008913061, 0.058431749121, 0.055703557164, 0.19649454221, 0.083721151664, 0.044957827319, 0.0014823806947, 0.0021164140266, 0.084743815885, 0.17430013546, 0.054554485629, 0.15390424057, 0.048656376602, 0.10019316751, 0.20176373744, 0.084383629238, 0.13044276793, 0.0024185180311, 0.017588397964, 0.15860963175, 0.038736821879, 0.020090674678, 0.0079586323378, 0.026787103502, 0.020411728148, 0.002239437145, 0.0060678972179, 0.085806795926, 0.082085333429, 0.064232027811, 0.011845227949, 0.054927818129, 0.075892509642, 0.11275367213, 0.1114002965, 0.053019724157, 0.040702656687, 0.045133200579, 0.069480760827, 0.23883498026, 0.040113372198, 0.37293260452, 0.14702308691]
    ],
    [
      [3.8303138591, 4.6226553919, 0.96066306466, 4.7661271937, 1.2021465835, 4.4574976424, 2.4669189493, 0.33788238364, 0.2727021052, 1.5861141639, 4.4817997436, 0.93807632787, 0.93671658348, 0, 0.073539496512, 4.2110960355, 4.7481636632, 3.0184263697, 4.0277508651, 1.3803971795, 1.2092554625, 4.2743127859, 3.1511230341, 4.9157196923, 0, 1.2591384543, 4.9920162842, 0.85063744037, 1.0243590635, 0.16948934071, 1.098036285, 0.88032024984, 0.20787124839, 1.4856576447, 1.2113097047, 2.074170796, 3.8390532762, 0.056571941874, 1.4692222383, 3.0767312237, 2.7287146284, 4.9384463108, 1.4270502268, 0.29904606984, 2.957968699, 2.0492785529, 9.8714516198, 2.9737759855, 9.4633267704, 7.710687797],
      [0.12714545166, 0.064913871501, 0.038413111007, 0.11863263404, 0.044825933523, 0.074671251848, 0.069957734539, 0.020095525409, 0.048799654561, 0.037058972116, 0.20679362464, 0.049697973288, 0.029381883523, 0, 0.0014887098999, 0.11888743536, 0.1058139701, 0.059960618388, 0.093135848144, 0.051056713978, 0.024591021196, 0.11453821312, 0.051490117647, 0.079860650072, 0, 0.021580214317, 0.14246985771, 0.024727313192, 0.044691983199, 0.010159037776, 0.024226800983, 0.020516574485, 0.0034785076384, 0.0099186542832, 0.033442529673, 0.051741504213, 0.085771991221, 0.011506892085, 0.031346439295, 0.046324893948, 0.065595784162, 0.089231936672, 0.026254334465, 0.025269357607, 0.048259835274, 0.027201946555, 0.26276820347, 0.059280500798, 0.38463652362, 0.17863306238],
      [28.8393323813, 18.6544537382, 7.9083309893, 18.7250914936, 7.8953273378, 16.4163933893, 13.9290957243, 4.0341292338, 9.1934460927, 6.4612350788, 35.3420142255, 8.5630994837, 6.8886939163, 0, 0.53504111373, 28.0045243445, 25.3344066212, 21.6544842745, 28.9029090229, 14.3810792982, 6.1379791032, 33.9016420789, 12.8909018626, 18.0590257406, 0.61251160602, 5.5591536132, 28.6882038735, 5.4226016494, 5.6859975969, 1.6819026257, 3.764823022, 4.5443253506, 0.6844818534, 2.856028907, 9.6024590167, 12.2838691734, 12.7739499116, 1.564339948, 8.0386752684, 12.7415605567, 14.8829575239, 21.279025965, 6.3306433178, 5.2153417534, 10.4747569079, 9.2586027273, 64.9667575377, 10.6300247216, 54.416794198, 31.0202177964],
      [81.0145454306, 53.9842677118, 22.6849504102, 71.4726542052, 21.8889817137, 45.5914357516, 41.3991215255, 12.8859309343, 29.5847761061, 24.5055534157, 95.9478434577, 23.2237987124, 20.1477449811, 0, 1.1397518875, 64.2688190328, 76.8918589219, 58.2639812343, 85.2688239232, 35.4793760933, 17.7221951787, 89.6484060187, 40.0228595909, 59.8440496346, 0.9377798009, 21.2632779414, 82.7603091685, 16.3886107935, 18.1967880484, 5.5096975279, 7.9957381821, 12.5571029022, 2.8299659351, 7.0228117944, 30.2015402386, 39.7878644641, 30.1115716718, 3.558976929, 24.9992036489, 35.3684602554, 40.1336281824, 64.0412593296, 20.9059427965, 13.5768137052, 35.7666597593, 27.3230875741, 177.3509865983, 27.3656074368, 152.4028972529, 83.6994266715],
      [23.1886628773, 13.6737092867, 7.4076424249, 18.9174944734, 5.9687184314, 14.4600019647, 11.1349060663, 2.7219619228, 8.9002760415, 7.4100383696, 25.0215489487, 8.2253275027, 4.9974626356, 0, 0.25017879241, 17.3966731519, 14.9197568236, 9.0031475031, 25.7073803406, 11.7080907151, 4.9059792344, 30.0611009033, 7.8836253948, 14.1013442823, 0.44970859308, 3.8968497769, 19.4170008161, 4.3134228036, 5.0481633081, 1.6287514679, 5.11717571, 3.9977349229, 0.2742024555, 1.6255829997, 7.9512485103, 11.8023540624, 6.1896531492, 0.80860428908, 7.461552405, 6.7669230703, 11.1891038811, 9.6520364579, 6.3101093244, 4.8835291139, 7.7523547985, 8.3418291992, 33.5480360407, 5.9713113553, 45.3323452551, 16.3910346728]
    ]
  ],
  "prob": [
    [0.0019414027604, 0.3204141021, 0.0031181035305, 0.63321594493, 0.041310446677],
    [0.00047715764669, 0.093085409491, 0.13417821475, 0.71839223873, 0.05386697938],
    [0.081790410036, 0.00078936688299, 0.81191050778, 0.10519912132, 0.00031059397858],
    [0.038207099385, 0.0010141833378, 0.20822865388, 0.59946012792, 0.15308993548]
  ],
  "iterations": 112,
  "time": 0.000256,
  "message": "Converged",
  "status": 0,
  "miniter": 0,
  "maxiter": 1000,
  "maxtime": 3600,
  "param_threshold": 0.001,
  "ll_threshold": "-Inf",
  "initial_prob": "random",
  "adjust_prob_cond_method": "",
  "adjust_prob_cond_every": true,
  "candidates_id": ["FRANKS, Stephen.c", "KEDGLEY, Susan Jane.c", "BLUMSKY, Mark Herbert.c", "HOBBS, Marian Leslie.c", "Other candidates votes.c"],
  "group_id": ["Green Party.p", "Labour Party.p", "National Party.p", "Other parties votes.p"]
}
