{
  "X": [
    [2, 9, 16, 7, 14, 5, 8, 9, 20, 10],
    [1, 4, 13, 2, 7, 11, 6, 12, 27, 17],
    [3, 8, 14, 11, 11, 13, 8, 11, 12, 9],
    [3, 6, 17, 12, 7, 6, 14, 11, 16, 8],
    [4, 8, 20, 6, 11, 9, 8, 5, 18, 11],
    [3, 9, 16, 6, 15, 10, 10, 7, 16, 8],
    [4, 6, 21, 1, 11, 6, 9, 6, 26, 10],
    [3, 4, 15, 7, 13, 12, 9, 6, 23, 8],
    [5, 8, 22, 4, 9, 10, 3, 7, 24, 8],
    [2, 5, 15, 7, 11, 6, 9, 7, 26, 12],
    [2, 7, 23, 6, 15, 8, 9, 7, 16, 7],
    [3, 2, 23, 5, 7, 11, 5, 8, 24, 12],
    [6, 6, 20, 10, 14, 8, 10, 2, 15, 9],
    [16, 5, 15, 5, 11, 3, 7, 2, 25, 11],
    [14, 7, 9, 6, 10, 3, 7, 3, 24, 17],
    [10, 7, 15, 10, 13, 5, 5, 2, 21, 12],
    [10, 3, 11, 3, 16, 3, 7, 3, 23, 21],
    [11, 4, 10, 7, 20, 3, 7, 3, 21, 14],
    [4, 7, 14, 8, 15, 4, 8, 8, 18, 14],
    [3, 4, 21, 9, 9, 5, 13, 10, 14, 12],
    [5, 1, 26, 15, 11, 1, 5, 8, 19, 9],
    [4, 2, 30, 8, 8, 7, 4, 12, 15, 10],
    [0, 3, 20, 11, 13, 2, 6, 11, 28, 6],
    [5, 4, 24, 12, 8, 6, 9, 6, 18, 8],
    [4, 4, 22, 11, 9, 3, 11, 7, 24, 5],
    [8, 10, 13, 19, 12, 9, 4, 5, 13, 7],
    [11, 2, 8, 16, 20, 18, 5, 7, 9, 4],
    [5, 6, 15, 17, 17, 11, 3, 5, 15, 6],
    [12, 6, 16, 13, 20, 5, 2, 9, 12, 5],
    [7, 6, 10, 13, 15, 11, 8, 6, 17, 7],
    [12, 9, 11, 17, 18, 10, 3, 6, 8, 6],
    [4, 4, 24, 12, 12, 7, 15, 11, 4, 7],
    [3, 1, 19, 16, 14, 5, 9, 13, 12, 8],
    [5, 3, 29, 16, 7, 2, 16, 11, 7, 4],
    [3, 3, 29, 12, 7, 5, 7, 15, 13, 6],
    [1, 4, 19, 17, 5, 6, 11, 22, 11, 4],
    [5, 4, 27, 12, 5, 3, 12, 18, 10, 4],
    [5, 4, 23, 13, 16, 2, 8, 11, 10, 8],
    [5, 8, 22, 4, 29, 2, 6, 8, 7, 9],
    [2, 17, 12, 5, 15, 2, 7, 8, 25, 7],
    [2, 16, 17, 4, 21, 5, 9, 7, 13, 6],
    [5, 16, 18, 7, 20, 7, 1, 7, 10, 9],
    [4, 16, 14, 1, 21, 2, 4, 7, 18, 13],
    [2, 15, 20, 6, 25, 1, 8, 6, 13, 4],
    [3, 5, 11, 11, 20, 10, 8, 11, 7, 14],
    [2, 2, 11, 11, 27, 5, 3, 9, 8, 22],
    [3, 3, 7, 7, 20, 5, 9, 9, 8, 29],
    [3, 4, 12, 10, 28, 10, 5, 5, 12, 11],
    [3, 5, 12, 12, 22, 8, 7, 6, 7, 18],
    [2, 3, 8, 12, 31, 10, 4, 7, 9, 14]
  ],
  "W": [
    [56, 6, 8, 3, 8, 4, 8, 7],
    [48, 9, 8, 9, 4, 9, 6, 7],
    [59, 3, 3, 9, 7, 5, 7, 7],
    [57, 6, 4, 7, 8, 9, 2, 7],
    [55, 6, 4, 12, 6, 4, 7, 6],
    [49, 7, 4, 7, 9, 9, 7, 8],
    [24, 49, 5, 0, 4, 3, 7, 8],
    [6, 55, 8, 6, 8, 3, 8, 6],
    [5, 61, 8, 7, 4, 5, 7, 3],
    [7, 56, 7, 5, 9, 5, 5, 6],
    [6, 55, 4, 8, 2, 9, 7, 9],
    [6, 56, 7, 10, 4, 7, 4, 6],
    [5, 36, 28, 9, 6, 4, 5, 7],
    [8, 3, 56, 6, 3, 6, 11, 7],
    [5, 4, 66, 7, 10, 1, 6, 1],
    [8, 6, 42, 9, 12, 8, 9, 6],
    [7, 7, 60, 7, 9, 4, 1, 5],
    [7, 4, 62, 5, 7, 6, 6, 3],
    [7, 5, 41, 16, 7, 5, 9, 10],
    [4, 9, 13, 50, 7, 3, 6, 8],
    [4, 4, 10, 57, 7, 8, 8, 2],
    [5, 4, 9, 53, 9, 5, 6, 9],
    [9, 10, 7, 50, 5, 9, 5, 5],
    [6, 7, 5, 61, 4, 6, 5, 6],
    [10, 5, 7, 54, 5, 7, 7, 5],
    [8, 6, 5, 6, 52, 9, 8, 6],
    [6, 6, 7, 5, 64, 6, 3, 3],
    [8, 5, 12, 7, 51, 7, 4, 6],
    [5, 3, 7, 7, 57, 10, 9, 2],
    [10, 6, 9, 5, 50, 9, 6, 5],
    [8, 7, 4, 6, 55, 4, 8, 8],
    [9, 5, 9, 3, 13, 46, 9, 6],
    [3, 7, 9, 5, 7, 55, 5, 9],
    [5, 7, 4, 8, 11, 58, 3, 4],
    [3, 8, 10, 9, 7, 52, 6, 5],
    [13, 2, 2, 9, 5, 58, 2, 9],
    [7, 6, 7, 10, 7, 53, 7, 3],
    [8, 6, 3, 6, 10, 29, 32, 6],
    [7, 6, 3, 6, 8, 4, 54, 12],
    [4, 8, 9, 8, 3, 10, 53, 5],
    [9, 9, 6, 5, 11, 4, 51, 5],
    [5, 6, 2, 8, 6, 11, 56, 6],
    [6, 3, 5, 5, 5, 7, 62, 7],
    [3, 7, 9, 5, 4, 5, 49, 18],
    [7, 7, 6, 8, 9, 8, 5, 50],
    [5, 6, 6, 4, 4, 5, 7, 63],
    [3, 8, 6, 3, 2, 8, 7, 63],
    [9, 7, 3, 8, 6, 8, 4, 55],
    [5, 7, 6, 7, 6, 9, 8, 52],
    [6, 4, 0, 5, 8, 6, 8, 63]
  ],
  "method": "mvn_pdf",
  "cond_prob": [
    [
      [0.004862699037, 0.099436209323, 0.16373602308, 0.047863639404, 0.078115938342, 0.069853281731, 0.099654019395, 0.10586487683, 0.23477128268, 0.095842030187],
      [0.0068206976011, 0.050001837131, 0.2619859075, 0.019306435478, 0.08939736614, 0.070885415172, 0.071893054384, 0.048200885413, 0.30914699902, 0.072361402159],
      [0.098637021423, 0.040205845482, 0.075417814242, 0.028174439718, 0.17977214335, 0.0021579939563, 0.061295075367, 0.0034881756964, 0.30773250471, 0.20311898605],
      [0.010386470498, 0.0050691802779, 0.34231061898, 0.1213602648, 0.045540803481, 0.011336591778, 0.073627264072, 0.10808399869, 0.23630271201, 0.045982095414],
      [0.085347556665, 0.075333619796, 0.077531258931, 0.23852255947, 0.27025215319, 0.10178371372, 0.011764852389, 0.044208898029, 0.08056196232, 0.014693425486],
      [0.0052833777231, 0.0035197738657, 0.34792005382, 0.17815412814, 0.026082303741, 0.0094832142885, 0.13368161163, 0.24800003874, 0.03823368792, 0.0096418101207],
      [0.013948114706, 0.24209433741, 0.17738145124, 0.0041344185199, 0.30227735374, 0.0027342059391, 0.02853751138, 0.045570972058, 0.12751429375, 0.055807341259],
      [0.0024972163743, 0.010500974526, 0.035928250251, 0.098915722466, 0.42390395587, 0.050941284184, 0.037025832983, 0.074782888111, 0.02462577961, 0.24087809563]
    ],
    [
      [0.0031016158976, 0.048394244625, 0.097982454197, 0.018315250058, 0.038282044529, 0.14084827629, 0.065923168781, 0.11077761978, 0.30012256462, 0.17625276123],
      [0.0043253062011, 0.024270710759, 0.15535749557, 0.0073748401397, 0.043540113022, 0.14215783547, 0.047343343381, 0.050147790582, 0.39340422272, 0.13207834214],
      [0.059176431196, 0.018809439705, 0.043336719484, 0.010337611666, 0.084029838601, 0.004118475996, 0.038899646523, 0.003494179289, 0.377166842, 0.36063081554],
      [0.0077549401186, 0.0029060209886, 0.2393557788, 0.053993791977, 0.026173139443, 0.026502214713, 0.057205602501, 0.13277579284, 0.35461249094, 0.098720227674],
      [0.072346025923, 0.04906960119, 0.062055672657, 0.11950620753, 0.17600628178, 0.27609679538, 0.01041748862, 0.061700098942, 0.13702526086, 0.035776567116],
      [0.004611630985, 0.0023591756061, 0.28547905747, 0.09254639445, 0.017536179072, 0.025912847268, 0.12164395568, 0.35904766076, 0.066752657493, 0.024110441221],
      [0.012356727503, 0.16360319378, 0.14769322947, 0.002208347321, 0.20513246683, 0.0075665892979, 0.026322122353, 0.066308103423, 0.22643845904, 0.14237076098],
      [0.0016625621145, 0.0053679513198, 0.022546208705, 0.039217928611, 0.21441997593, 0.10705818238, 0.025672603204, 0.081779773858, 0.032785681063, 0.46948913281]
    ],
    [
      [0.0093375335613, 0.087990792119, 0.12809177385, 0.078871911866, 0.06621592857, 0.17499376218, 0.094334946506, 0.11769850998, 0.15095583919, 0.091509002169],
      [0.013996997823, 0.047255552835, 0.21852620224, 0.033906486492, 0.080907585267, 0.1897332617, 0.072686941445, 0.057209456052, 0.21201431308, 0.073763203068],
      [0.21088111115, 0.03734138954, 0.061979001578, 0.048685335535, 0.15995683069, 0.005606838847, 0.060848334896, 0.0040664383767, 0.2071955895, 0.20343912989],
      [0.021184617143, 0.0047439548425, 0.28264819873, 0.21279997729, 0.040828473967, 0.029722838536, 0.073749989015, 0.12717231231, 0.16073381811, 0.04641582006],
      [0.1302297824, 0.051218821485, 0.046746850099, 0.30302068605, 0.17529994376, 0.19631789629, 0.0085815021065, 0.037809032311, 0.039982984065, 0.010792501422],
      [0.0095735739753, 0.002934912651, 0.25539356472, 0.27861427149, 0.020831778505, 0.022141026737, 0.11909732799, 0.25948767661, 0.023255600962, 0.0086702663635],
      [0.031219672578, 0.24856097062, 0.16065297349, 0.0078589336268, 0.29714767058, 0.0078350041404, 0.031283390168, 0.058644393084, 0.095108484496, 0.061688507209],
      [0.0045390521002, 0.0088187321905, 0.026724178321, 0.15485164946, 0.33944008251, 0.12064445023, 0.033259864469, 0.078838183295, 0.015081361496, 0.21780244593]
    ],
    [
      [0.0080245522056, 0.075252793594, 0.15749819182, 0.078049786464, 0.044688178448, 0.075453335825, 0.17573688771, 0.11430016302, 0.19062852466, 0.080367586241],
      [0.01184993521, 0.039829983866, 0.2650060192, 0.033079885177, 0.053788488974, 0.080583467747, 0.13317781182, 0.054772781202, 0.26405521093, 0.06385641587],
      [0.17797205413, 0.031866838488, 0.075941810361, 0.048065110754, 0.10745696777, 0.0024387153816, 0.11280300839, 0.0039427976194, 0.26139357346, 0.17811912365],
      [0.01616896151, 0.0036112152119, 0.30912369863, 0.18674375962, 0.024533479619, 0.011505353515, 0.12194121743, 0.10976399163, 0.1803356701, 0.036272652736],
      [0.13501924045, 0.05286157175, 0.069241179169, 0.36266208124, 0.14261076224, 0.10195686893, 0.019149019223, 0.044306778083, 0.06075566598, 0.011436832941],
      [0.0072590658323, 0.0022170734589, 0.27717110887, 0.24216574292, 0.012431199647, 0.0085059690618, 0.19606900847, 0.22159761174, 0.025853783202, 0.0067294367905],
      [0.028591670684, 0.2271412526, 0.21090043816, 0.0083053075764, 0.21275763313, 0.0036441450148, 0.061912623146, 0.060805103594, 0.12808619298, 0.057855633118],
      [0.0047148436944, 0.0091037092765, 0.03961769005, 0.18535862753, 0.2761874093, 0.063099203251, 0.074549250708, 0.092582618757, 0.022935745809, 0.23185090162]
    ],
    [
      [0.01373471866, 0.094809857161, 0.18101447986, 0.040214414105, 0.069609359062, 0.11584150937, 0.096910045342, 0.061059051885, 0.2096304114, 0.11717615315],
      [0.018699579186, 0.04618512576, 0.28054956316, 0.01574202129, 0.077190563505, 0.11390311345, 0.067758780253, 0.027047894259, 0.26726637488, 0.085656984252],
      [0.25062378787, 0.032166086417, 0.069990099191, 0.019902349242, 0.13434024422, 0.0029862233168, 0.049991922809, 0.0017009480207, 0.22998843945, 0.20830989946],
      [0.030237598785, 0.0049518493426, 0.38829150992, 0.10437911746, 0.041598424433, 0.019157143317, 0.073449102819, 0.063920921134, 0.21645936915, 0.057554963639],
      [0.22292032274, 0.062538666759, 0.074686343914, 0.17269547773, 0.20940532127, 0.14711123788, 0.0099765617388, 0.022298161393, 0.062751519473, 0.015616387102],
      [0.016414344036, 0.0036829830519, 0.4234794626, 0.16418762583, 0.025520582193, 0.017161850164, 0.1430449698, 0.15602705436, 0.037567453988, 0.01291367397],
      [0.040532768943, 0.23563007177, 0.19996947004, 0.0035462977644, 0.27485064652, 0.0045931387985, 0.028311957081, 0.026901056537, 0.11616741887, 0.069497173676],
      [0.0070433294747, 0.010023483132, 0.039776203423, 0.082949405542, 0.37824571782, 0.084438709971, 0.036068153768, 0.043261729233, 0.022043443728, 0.29614982391]
    ],
    [
      [0.0078016787495, 0.11473466829, 0.14162486139, 0.035918127878, 0.091058564627, 0.12840704031, 0.12000187214, 0.073057813188, 0.20106886206, 0.086326511367],
      [0.011020305726, 0.057964381258, 0.22772100116, 0.014609365255, 0.10489387275, 0.13117370013, 0.087078858817, 0.033576228662, 0.26636814282, 0.065594143408],
      [0.1581127088, 0.044878446572, 0.063284446236, 0.020526582985, 0.20343011668, 0.0038168909498, 0.071419821334, 0.0023447432833, 0.25509980693, 0.17708643624],
      [0.018754741831, 0.0065428218063, 0.33241108307, 0.10198851271, 0.059560098364, 0.023229749699, 0.099626768357, 0.083863136259, 0.22751374514, 0.046509342764],
      [0.12734535954, 0.078894816201, 0.060994484918, 0.1603303906, 0.28667329066, 0.17035365962, 0.012848558579, 0.027799284802, 0.062728630619, 0.012031524473],
      [0.0097691919681, 0.0046586739858, 0.34692114401, 0.15331865334, 0.034970212405, 0.019922214434, 0.18614699793, 0.19654445799, 0.037748898714, 0.0099995552166],
      [0.021530590835, 0.26897478236, 0.14688249814, 0.0029809939931, 0.33891208974, 0.0047813022635, 0.032875362597, 0.030213538607, 0.10466384142, 0.048185000046],
      [0.0038292906043, 0.011559442688, 0.02977051824, 0.070712705381, 0.47509130555, 0.089412888123, 0.042578285535, 0.049416482329, 0.020185885895, 0.20744319566]
    ],
    [
      [0.013720117279, 0.079308984726, 0.17561635222, 0.019425641365, 0.059222345677, 0.075030352523, 0.12243118168, 0.086973464835, 0.26807165291, 0.10019990678],
      [0.018398767934, 0.038052932819, 0.26786399713, 0.0075044793115, 0.064657747512, 0.072661911016, 0.084183493076, 0.037761507964, 0.33675384832, 0.072161314914],
      [0.24898106929, 0.026663184681, 0.067308899908, 0.0095462350634, 0.11296453777, 0.0019274103158, 0.062461047577, 0.0023820601721, 0.29155810502, 0.17620745021],
      [0.029661652648, 0.0040724050021, 0.3693412961, 0.049079074629, 0.034784971473, 0.012259764133, 0.091039059495, 0.089425133516, 0.27194132496, 0.048395318041],
      [0.26788706609, 0.062005642302, 0.085724005593, 0.09802746638, 0.21073501865, 0.11268759014, 0.014843850724, 0.037412427959, 0.094847545411, 0.015829386754],
      [0.016285714699, 0.0030666056812, 0.40751550768, 0.077856703753, 0.02161356634, 0.011117477759, 0.18004659123, 0.22378711102, 0.047710444943, 0.011000276894],
      [0.042601497371, 0.20730800298, 0.20401826851, 0.0018101311677, 0.24478615156, 0.0031462117381, 0.037495069103, 0.040135921869, 0.15615441622, 0.062544329482],
      [0.008187244365, 0.0097629731134, 0.044949546772, 0.046636636677, 0.37385790862, 0.063801376852, 0.052928987812, 0.07174338516, 0.032768128499, 0.29536381213]
    ],
    [
      [0.0063934716124, 0.058483115097, 0.11469307708, 0.062645738047, 0.06855915499, 0.15295908365, 0.13334746805, 0.099574623157, 0.21717712764, 0.086167140681],
      [0.0092194356577, 0.030293089666, 0.18812996022, 0.025899924697, 0.080659755785, 0.1597281989, 0.09876468327, 0.046478536531, 0.29392320925, 0.066903206021],
      [0.13690027006, 0.024716772712, 0.05520896919, 0.03837117621, 0.16426833434, 0.0048763274856, 0.085274156791, 0.0034018659937, 0.29643563199, 0.19054649523],
      [0.0145452713, 0.0031804379377, 0.25360290352, 0.17046544806, 0.042535081669, 0.026184459309, 0.10466889106, 0.10828307149, 0.23256047922, 0.043973956427],
      [0.099540484459, 0.039151809537, 0.048073621542, 0.27946382965, 0.20857125977, 0.19717229288, 0.013824435856, 0.036627511078, 0.065908322938, 0.011666432281],
      [0.0070270271509, 0.002097636317, 0.24452459031, 0.23898871842, 0.023149745452, 0.020793239124, 0.1811697277, 0.23769510669, 0.035798545402, 0.0087556634328],
      [0.022647959456, 0.17596122225, 0.15309124438, 0.0066363165103, 0.32738027941, 0.007300148545, 0.046840208091, 0.052706501237, 0.14555958654, 0.061876533591],
      [0.0032643884733, 0.0061685740657, 0.025134211594, 0.12949188233, 0.36822752264, 0.11065827225, 0.049087979528, 0.069903367028, 0.022712812349, 0.21535098973]
    ],
    [
      [0.014464614421, 0.137432098, 0.15173365679, 0.037760002614, 0.056542225102, 0.1252844399, 0.056983323261, 0.10997909312, 0.2182861075, 0.091534439297],
      [0.020605290504, 0.069693569884, 0.24572674768, 0.015439733484, 0.06562315146, 0.12906374588, 0.041778700023, 0.050619207179, 0.29135527597, 0.070094577937],
      [0.28075854143, 0.049650596284, 0.062958508372, 0.019985240021, 0.1167922003, 0.0034535491251, 0.03158944566, 0.0032383991055, 0.25691568346, 0.17465783625],
      [0.033653602019, 0.0075111229159, 0.34297515541, 0.10427224207, 0.035758889866, 0.021907957158, 0.045779287192, 0.12207585522, 0.23845112799, 0.047614760172],
      [0.23171267722, 0.090362272908, 0.06270752545, 0.16339776042, 0.16941344995, 0.15899534537, 0.0058997418358, 0.039864481076, 0.06542499812, 0.012221747644],
      [0.017419889314, 0.0053251350368, 0.35626770759, 0.15713778891, 0.020922063836, 0.018706955336, 0.084697298741, 0.28985245996, 0.039484744252, 0.01018595702],
      [0.041413202836, 0.33836710802, 0.16276525812, 0.0032262367718, 0.21601107436, 0.0048206076576, 0.016238074249, 0.046731060038, 0.11765039272, 0.052776985231],
      [0.008391385766, 0.016272740667, 0.037808194321, 0.088509771482, 0.34611523356, 0.10324768991, 0.024083696728, 0.087924933048, 0.025999188442, 0.26164716607]
    ],
    [
      [0.0046523396665, 0.075606576487, 0.11223455846, 0.052743794175, 0.059612930178, 0.073120216572, 0.12672748109, 0.10815247008, 0.24837657149, 0.1387730618],
      [0.0067975992505, 0.039594546951, 0.1866125899, 0.022132555634, 0.071084324395, 0.077390640362, 0.095180023404, 0.051162307577, 0.34096950285, 0.10907590967],
      [0.08944467333, 0.02912159844, 0.049438319131, 0.029560374098, 0.13049098339, 0.0021537243745, 0.074152180879, 0.0033798443113, 0.31015673095, 0.2821015711],
      [0.010476170719, 0.0040541152056, 0.24590957339, 0.14164194298, 0.036653878976, 0.012504899013, 0.098619570195, 0.11656496303, 0.26360606725, 0.069968819236],
      [0.087161533532, 0.061175168499, 0.056854126832, 0.28388445575, 0.21958652354, 0.11379143251, 0.015888396213, 0.048109719268, 0.090971906868, 0.022576736994],
      [0.0053047947502, 0.0027995469825, 0.24849921383, 0.20771349408, 0.020891610036, 0.010400426104, 0.17879654808, 0.26860809832, 0.042433584313, 0.014552683507],
      [0.015581562818, 0.21689043582, 0.14187033748, 0.005306389435, 0.26881781731, 0.0033387931299, 0.042205260457, 0.054198352915, 0.15762297144, 0.09416807919],
      [0.0023419164151, 0.007816553582, 0.024239521218, 0.1071108489, 0.31478777582, 0.052255682642, 0.0460104836, 0.074802238723, 0.025567529201, 0.3450674499]
    ],
    [
      [0.0064593313657, 0.12715276857, 0.15988658919, 0.050386113434, 0.094142081017, 0.10267252173, 0.11988530318, 0.094504879223, 0.16512180558, 0.079788606721],
      [0.009373666624, 0.06573072092, 0.26399390749, 0.020982196989, 0.11140588644, 0.10782948544, 0.089354980577, 0.044463617997, 0.22456279, 0.062302747527],
      [0.14015402926, 0.052506622285, 0.075794770051, 0.030426442335, 0.22311953879, 0.0032417436976, 0.075656913519, 0.003196430876, 0.22206047744, 0.17384303174],
      [0.014658513859, 0.0067882261772, 0.35335670545, 0.13622865814, 0.058108631167, 0.017577686511, 0.093941021066, 0.10250338413, 0.17624474864, 0.040592424861],
      [0.10170980973, 0.084404109908, 0.066739597549, 0.22105025769, 0.28664756004, 0.13146890849, 0.012429266462, 0.03474145606, 0.050024224125, 0.010784809952],
      [0.0070011328423, 0.0044319743867, 0.33762777014, 0.18858154335, 0.031295556912, 0.013822633938, 0.1608018737, 0.22149653159, 0.026931500962, 0.008009482183],
      [0.017013906018, 0.28858668985, 0.15840067461, 0.0039731554075, 0.33495538095, 0.0036611931653, 0.031348835159, 0.037199952589, 0.082282985635, 0.042577226621],
      [0.0030825561367, 0.012390040559, 0.03276650411, 0.097086831588, 0.47861719081, 0.069615803964, 0.041415238471, 0.062193744153, 0.016205438119, 0.18662665209]
    ],
    [
      [0.007491702366, 0.043872188253, 0.16078252388, 0.039694596759, 0.044625076307, 0.1447693751, 0.07361597202, 0.11521724644, 0.23072667514, 0.13920464373],
      [0.010333917726, 0.021753482595, 0.25231231608, 0.015732406548, 0.050171480461, 0.14446751287, 0.05223455713, 0.051411115734, 0.29843851909, 0.10314469177],
      [0.15255533784, 0.017350303949, 0.072209685563, 0.022731238817, 0.099674823878, 0.0043121313934, 0.044125402951, 0.0036772155345, 0.29417238861, 0.28919147146],
      [0.016450690228, 0.0023089947761, 0.34381087138, 0.10336037811, 0.026719407215, 0.023901951632, 0.0558820564, 0.12088190373, 0.23836324991, 0.06832049662],
      [0.13986558886, 0.034546685194, 0.07907550835, 0.20499425372, 0.15903189994, 0.21941207907, 0.0090410767385, 0.049790312524, 0.082222650259, 0.022019945342],
      [0.008513030845, 0.0016333974976, 0.35630834882, 0.15502332005, 0.015604273474, 0.020357284681, 0.1033185988, 0.28532183218, 0.0393597099, 0.014560203751],
      [0.028367204685, 0.14054435108, 0.22894183489, 0.0044980081429, 0.22626801303, 0.0073649014379, 0.027752766961, 0.065024444425, 0.16487522525, 0.1063632501],
      [0.0040107787835, 0.0048667548554, 0.036927891121, 0.085613027297, 0.25015967234, 0.1099674088, 0.028627197025, 0.084933217171, 0.02532041648, 0.36957363613]
    ],
    [
      [0.007067125442, 0.10484452095, 0.17271606909, 0.098636674172, 0.068863358353, 0.13181773848, 0.14845398881, 0.049106778249, 0.14572554047, 0.072768205996],
      [0.010248875942, 0.054248133617, 0.28584985626, 0.040948568078, 0.081484759739, 0.13847996581, 0.11053827605, 0.023202069099, 0.19813145096, 0.056868044445],
      [0.15556846377, 0.045656464885, 0.086109142398, 0.062615719573, 0.17155962726, 0.0043434855802, 0.098640559826, 0.0017598395531, 0.20678353609, 0.16696316106],
      [0.014546012615, 0.0050975685782, 0.34793541281, 0.24444019332, 0.038701220701, 0.020380389819, 0.10552309552, 0.048357914868, 0.14132063146, 0.033697560307],
      [0.093554433877, 0.060141187195, 0.062268279767, 0.38193463851, 0.18016292565, 0.14624209122, 0.013255841925, 0.015677718742, 0.038239073183, 0.0085238099285],
      [0.0067458841885, 0.0032256741444, 0.32189907625, 0.32966727689, 0.020211602516, 0.015534577156, 0.17532300654, 0.099988907493, 0.020955773915, 0.006448220914],
      [0.02175313108, 0.27932624305, 0.20059358065, 0.0090603104571, 0.28509918399, 0.0054564592151, 0.045320606049, 0.022716449247, 0.085146422346, 0.045527613921],
      [0.003581173588, 0.010834724754, 0.037420115213, 0.20311598633, 0.36704541952, 0.094542405531, 0.054199518037, 0.034303805617, 0.015184954195, 0.17977189721]
    ],
    [
      [0.015805838095, 0.074580645336, 0.19643100314, 0.043050357577, 0.049039579616, 0.10519056389, 0.11096669653, 0.050502071263, 0.27578775833, 0.078645486219],
      [0.020547077736, 0.034711852083, 0.29158569792, 0.016076100729, 0.051951660893, 0.098566572324, 0.074017677559, 0.021338344644, 0.33614794141, 0.055057074708],
      [0.27219729074, 0.025534899579, 0.076340482577, 0.021389065147, 0.095106454903, 0.0026602962572, 0.057750993417, 0.0014104663473, 0.30688067323, 0.1407293778],
      [0.032040672863, 0.0036046580368, 0.39191883105, 0.10366809663, 0.027153657452, 0.015752062205, 0.077717111434, 0.048928427947, 0.2633407034, 0.035875778991],
      [0.25035433085, 0.051145499146, 0.084067590454, 0.19407319242, 0.15201444367, 0.14050238445, 0.011842587135, 0.019172042517, 0.085856203946, 0.010971725404],
      [0.017970614921, 0.0027640375763, 0.44202368886, 0.16917449664, 0.017185392489, 0.01458167868, 0.15664518337, 0.12431534193, 0.047026412656, 0.0083131528778],
      [0.051148188301, 0.20640059208, 0.2405976909, 0.0041793389736, 0.21194862956, 0.0044948385017, 0.035746084376, 0.024561336858, 0.1691798676, 0.051743432844],
      [0.010238596868, 0.0099608144761, 0.05434339739, 0.11295900819, 0.33223171309, 0.096981653113, 0.052126576353, 0.045323599062, 0.036639066757, 0.2491955747]
    ],
    [
      [0.0093321589308, 0.12393847146, 0.12675360105, 0.048447926493, 0.046883451379, 0.096263702714, 0.11682916427, 0.098937450076, 0.22271448602, 0.1098995876],
      [0.013723810638, 0.064983959943, 0.21281216188, 0.020464198981, 0.056231934763, 0.10253901255, 0.088264337512, 0.046583206421, 0.30730708459, 0.087090292721],
      [0.18118006362, 0.048109693414, 0.056368599613, 0.027445965784, 0.10376536874, 0.0027952437069, 0.069446389232, 0.0030610643183, 0.28266031436, 0.22516729721],
      [0.021582708611, 0.006772884065, 0.28807220706, 0.13353790317, 0.029655783298, 0.016600791355, 0.09348246558, 0.11000428154, 0.24306880557, 0.05722216975],
      [0.16014692847, 0.092828877399, 0.059478187763, 0.24060367536, 0.15899771593, 0.14130630845, 0.013599839581, 0.04039353777, 0.075935197645, 0.016709731626],
      [0.010742562701, 0.0046068399107, 0.28675969313, 0.19251757411, 0.016636883062, 0.013638599292, 0.16674150245, 0.25805872245, 0.038560032717, 0.011737590177],
      [0.029017516099, 0.33550909597, 0.14920725811, 0.0045241870258, 0.19477738462, 0.0039897617932, 0.03619250862, 0.045569825719, 0.1316492253, 0.06956323674],
      [0.0054463592312, 0.014765246791, 0.031677035903, 0.1142979353, 0.28490688001, 0.079750327311, 0.049348321172, 0.079191299186, 0.026726706914, 0.31388988818]
    ],
    [
      [0.0093094068136, 0.1157571601, 0.16506209395, 0.064364856088, 0.059001860067, 0.12293005574, 0.080882420793, 0.046991476203, 0.24045538835, 0.095245281884],
      [0.01278256074, 0.05670881212, 0.25861586395, 0.025398119668, 0.066055812209, 0.12201878724, 0.057119121194, 0.021031433396, 0.30984259055, 0.070426898935],
      [0.17796658923, 0.044091744911, 0.071875194751, 0.03576231574, 0.12805782192, 0.003515925538, 0.047143018467, 0.0014735516105, 0.29898790595, 0.19112593188],
      [0.020165180796, 0.0059343695411, 0.35139882031, 0.16610376464, 0.034916864868, 0.019881290755, 0.060724576148, 0.048796491261, 0.24567489805, 0.046403743633],
      [0.13980617163, 0.075546532008, 0.067519171363, 0.27706415616, 0.17476870056, 0.15600291674, 0.0082633321447, 0.017054622513, 0.071341267312, 0.012633129571],
      [0.011059071444, 0.0044450726881, 0.38697943094, 0.2647115808, 0.021587653225, 0.017972163193, 0.11931361995, 0.12058687551, 0.042853908874, 0.010490623378],
      [0.027827569829, 0.29915797126, 0.18654018095, 0.005779607921, 0.23623240565, 0.0049121723801, 0.024161243232, 0.021156456788, 0.13633757374, 0.057894818251],
      [0.0051875345731, 0.013192998903, 0.039328089326, 0.14478246916, 0.34404617993, 0.0971815768, 0.032708293343, 0.036166642687, 0.027456119603, 0.25995009568]
    ],
    [
      [0.008079441269, 0.067095170058, 0.14759707642, 0.026983089238, 0.080699522707, 0.080449142612, 0.11555759562, 0.071420347775, 0.2428250003, 0.159293614],
      [0.01109417085, 0.03295479182, 0.23134803284, 0.010678197999, 0.090400541011, 0.079843277858, 0.081472760176, 0.031712256543, 0.31275648906, 0.11773948185],
      [0.13610755794, 0.022745952671, 0.056974284159, 0.013330783631, 0.15574113554, 0.0020575468504, 0.059617116433, 0.0019592338211, 0.26755693733, 0.28390945162],
      [0.018367468034, 0.0036307930722, 0.33062994483, 0.072509652195, 0.050132297296, 0.013761610599, 0.090963214582, 0.078005898049, 0.26058162118, 0.081417500162],
      [0.14869041193, 0.054056702939, 0.074138929281, 0.14089286168, 0.29564399137, 0.12599200897, 0.014426920718, 0.031590292434, 0.088654678381, 0.025913202293],
      [0.010314168041, 0.0027856835421, 0.37316068931, 0.11768728813, 0.031715883826, 0.012754847488, 0.18367266857, 0.2024804651, 0.046597324716, 0.01883098128],
      [0.024308582625, 0.17261130261, 0.16777615894, 0.0024531348032, 0.3267482135, 0.003264589473, 0.034625545636, 0.03210619881, 0.13869008958, 0.097416184032],
      [0.0037312986622, 0.0063612611403, 0.029079985677, 0.049808249652, 0.39133296158, 0.052516864976, 0.038551566344, 0.04514770094, 0.023012778248, 0.36045733279]
    ],
    [
      [0.0085436018039, 0.073914193697, 0.13729117086, 0.061100114159, 0.10596619781, 0.10854515326, 0.11296199485, 0.075023291177, 0.2180303173, 0.09862396508],
      [0.011966567208, 0.037067689264, 0.21930384527, 0.024549477966, 0.12110811856, 0.10995955248, 0.081256431143, 0.033960400549, 0.28640280757, 0.074425109989],
      [0.15399640616, 0.026799415916, 0.056638968527, 0.03210410913, 0.21883322345, 0.0029150355871, 0.0622891181, 0.0021939738223, 0.25686210671, 0.1873676426],
      [0.018761870928, 0.003867606682, 0.29618280206, 0.16038938152, 0.063547123329, 0.01769033217, 0.085870962613, 0.07909467157, 0.22583401183, 0.048761237302],
      [0.11980535346, 0.045335137836, 0.052694456711, 0.2477422634, 0.29608510702, 0.12910493829, 0.010786224167, 0.0253060902, 0.060847983865, 0.012292445056],
      [0.0096316679819, 0.0027123545247, 0.30476955465, 0.23947168125, 0.036733518483, 0.014979370261, 0.15807192269, 0.18635516764, 0.036952675509, 0.010322087015],
      [0.02415619622, 0.17826549102, 0.14650692177, 0.0051744697323, 0.40456463504, 0.0040664192159, 0.031806035802, 0.031618694963, 0.11708958084, 0.056751555389],
      [0.0037051427901, 0.0065939256436, 0.02544331384, 0.10663451003, 0.483956944, 0.066135014307, 0.035400740752, 0.044494421664, 0.019429391317, 0.20820659565]
    ],
    [
      [0.0040375841494, 0.1151729399, 0.1394712785, 0.049315258603, 0.058285138616, 0.10100210189, 0.11540296811, 0.15544069058, 0.17311411866, 0.088757920988],
      [0.0061283136924, 0.062365262591, 0.24149149011, 0.021525817615, 0.072154981626, 0.11112803604, 0.090016101164, 0.075989950893, 0.24660422968, 0.07259581659],
      [0.095075752376, 0.054582094997, 0.075625722965, 0.034093136385, 0.15759382553, 0.0035980554567, 0.083581931375, 0.0059285404514, 0.26804865367, 0.22187228679],
      [0.0091260898365, 0.006156012442, 0.3095602582, 0.1327399454, 0.036023885438, 0.017089531637, 0.090401199974, 0.168875023, 0.18483681108, 0.04519124299],
      [0.071712603431, 0.089921627982, 0.068234928723, 0.25333876577, 0.20664383475, 0.15402121822, 0.014008884896, 0.066515815472, 0.061523373811, 0.014078946942],
      [0.0040314422439, 0.0037121802971, 0.27289319428, 0.16897678385, 0.017930178229, 0.012424548435, 0.14282376491, 0.34293413894, 0.026040719285, 0.0082330495279],
      [0.012471263438, 0.30968651652, 0.16294464573, 0.0045835468937, 0.24152871547, 0.0041824795922, 0.035518881904, 0.071532575192, 0.10170745396, 0.055843921305],
      [0.0022370736024, 0.013027022751, 0.033075383278, 0.11001676717, 0.33763605854, 0.079404364077, 0.046227662546, 0.11819666297, 0.019713846957, 0.24046515811]
    ],
    [
      [0.0048274689606, 0.084110498006, 0.12623937613, 0.03833982696, 0.048202040588, 0.10944741966, 0.20623833314, 0.11394506002, 0.14389665412, 0.12475332242],
      [0.0073905935704, 0.045875178071, 0.21999172895, 0.0169227107, 0.060201711773, 0.12156097006, 0.16199578542, 0.056615975802, 0.20669288103, 0.10275246463],
      [0.10716366615, 0.037063099018, 0.063913060101, 0.024746357075, 0.12148045467, 0.0036383988627, 0.13850979395, 0.0041074857935, 0.20676874985, 0.29260893453],
      [0.011519035874, 0.0047228531908, 0.29441445405, 0.10841358995, 0.0314042585, 0.019529065539, 0.1703362232, 0.13052751487, 0.16235410502, 0.066778899815],
      [0.097526517729, 0.073746153288, 0.069293315531, 0.21793512917, 0.19214860008, 0.18716000996, 0.027835534772, 0.054971420282, 0.057346870538, 0.022036448641],
      [0.0050826683621, 0.002843698542, 0.25934635538, 0.13734387647, 0.015605913488, 0.014161464608, 0.27036333828, 0.26023921913, 0.022894214504, 0.012119251241],
      [0.016984446267, 0.26126696778, 0.16748515561, 0.0040627297064, 0.22817503335, 0.005158317549, 0.071734632385, 0.060042493235, 0.096066609311, 0.089023614802],
      [0.0026199823935, 0.0092985004708, 0.029399137135, 0.083354728104, 0.27428983051, 0.084203933773, 0.080445259955, 0.085092755566, 0.01605298109, 0.335242891]
    ],
    [
      [0.010980251218, 0.038908154944, 0.17262727752, 0.075619373118, 0.089046186223, 0.053199487934, 0.0822162107, 0.092316965372, 0.23591746622, 0.14916862675],
      [0.015089382516, 0.019215083101, 0.26979651766, 0.029890101129, 0.099823244351, 0.052803902199, 0.0580906144, 0.04121963823, 0.3041116561, 0.10995986032],
      [0.18118435041, 0.012612856303, 0.063456199257, 0.035428198173, 0.16368097979, 0.0013092245826, 0.040247725999, 0.0024289421229, 0.24576917642, 0.25388234694],
      [0.021327145464, 0.0018117632277, 0.32657879285, 0.17411253719, 0.047056522255, 0.0078245344192, 0.055230031596, 0.085685775619, 0.21577031228, 0.064602585093],
      [0.16071777884, 0.024246541274, 0.067161081287, 0.30612952737, 0.25373235639, 0.063392094804, 0.0079729253247, 0.031646575864, 0.066419918271, 0.018581200575],
      [0.011070731805, 0.001285053621, 0.33974303204, 0.26125266287, 0.027519972309, 0.006694276536, 0.10250131313, 0.20039453371, 0.035750293159, 0.013788130813],
      [0.033345448875, 0.099414729237, 0.19680377841, 0.006873979887, 0.3684423257, 0.0021919838819, 0.024808471992, 0.041883236432, 0.13501108171, 0.091224963876],
      [0.0045902468388, 0.0033869160076, 0.030908544368, 0.12653205643, 0.39648590363, 0.031430238385, 0.024855983817, 0.052979401387, 0.020158550104, 0.30867215904]
    ],
    [
      [0.0068040076036, 0.045880890814, 0.19914452951, 0.034685026758, 0.044262562041, 0.1832684289, 0.065093762158, 0.13778506494, 0.17153992675, 0.11153580053],
      [0.0093496460416, 0.022601852769, 0.31174451498, 0.013744371784, 0.04957186258, 0.18215818456, 0.046052738145, 0.061383063659, 0.22103123182, 0.082362533663],
      [0.1579066054, 0.021019798672, 0.10361840144, 0.023049698549, 0.1147521222, 0.0061899782793, 0.045289013121, 0.0051074112337, 0.25389446476, 0.26917250634],
      [0.014658262622, 0.0023605674926, 0.42018057634, 0.088258391793, 0.026015498377, 0.029137813957, 0.048673892185, 0.14228154745, 0.17458587782, 0.053847571964],
      [0.12218122085, 0.035459123823, 0.095825120325, 0.17234476177, 0.15465718585, 0.2761370007, 0.0078332192079, 0.058320942119, 0.059928436464, 0.017312988882],
      [0.0070305088303, 0.0015461809999, 0.40303916072, 0.12160192011, 0.014065977339, 0.022976917067, 0.083187841143, 0.30917957362, 0.026738184866, 0.010633735302],
      [0.025527694311, 0.14828477397, 0.2818306594, 0.0039176934806, 0.22292758458, 0.009070967419, 0.024407158534, 0.077341997934, 0.1219076708, 0.084783799565],
      [0.0038013915475, 0.0053034398228, 0.047649584502, 0.07761493383, 0.25943144812, 0.14497495212, 0.026422061245, 0.10597143066, 0.01965674425, 0.3091740139]
    ],
    [
      [0.002558629913, 0.071095211752, 0.12178006958, 0.048177565076, 0.10216343606, 0.057335445482, 0.079033876763, 0.1099749833, 0.32879559776, 0.079085184317],
      [0.0034880730705, 0.034569483821, 0.18883414548, 0.018933120781, 0.11375315864, 0.056563668778, 0.055483520928, 0.048727964003, 0.42159781796, 0.05804904654],
      [0.047706756107, 0.027159839915, 0.053407182918, 0.02690483163, 0.22450122536, 0.0016784842118, 0.046180975793, 0.0034420151677, 0.40947508395, 0.15954360495],
      [0.0054879736055, 0.0036068789883, 0.25506152697, 0.12272399824, 0.059782132361, 0.0093430855767, 0.058903557846, 0.11324092387, 0.33368371434, 0.038166208216],
      [0.043083309741, 0.053147360085, 0.057022177616, 0.23390831534, 0.35265407696, 0.082731600252, 0.0092199725464, 0.045315682709, 0.11097009012, 0.011947414631],
      [0.0030522354142, 0.0027307981874, 0.28338765566, 0.19648357056, 0.03731896998, 0.008528627968, 0.11685257691, 0.28416739975, 0.058750590316, 0.0087275752629],
      [0.0071892255703, 0.17324614744, 0.12930968425, 0.0040904699946, 0.39487393589, 0.0022042859607, 0.022249031978, 0.046479499071, 0.17508680644, 0.045270913407],
      [0.0012139690884, 0.0068987801473, 0.024765003227, 0.091437549165, 0.52268116772, 0.03859900722, 0.027136070571, 0.071675814696, 0.031736350709, 0.18385628746]
    ],
    [
      [0.015218185229, 0.12057228029, 0.12705301722, 0.048115282497, 0.058398528648, 0.17466598125, 0.10905190088, 0.05945648094, 0.18416420764, 0.10330413541],
      [0.021954233467, 0.06127840591, 0.20814403849, 0.019981511435, 0.068608187009, 0.18231373594, 0.080809480945, 0.027937591553, 0.24894774315, 0.080025072103],
      [0.29044453982, 0.042227204378, 0.051840982119, 0.025018138156, 0.11845324926, 0.0046059551171, 0.059141969865, 0.0017431141682, 0.21262915979, 0.19389568733],
      [0.037795802091, 0.006886071364, 0.30655879133, 0.14110302603, 0.039317344124, 0.031824857654, 0.093522774882, 0.070483427678, 0.21525700823, 0.057250896612],
      [0.22545351336, 0.072855688187, 0.048652476694, 0.18984234377, 0.16210434966, 0.20681384963, 0.01036938706, 0.020099538002, 0.051082285497, 0.012726568147],
      [0.019744495943, 0.0049243262451, 0.32162531593, 0.21326477485, 0.023205646436, 0.027419586312, 0.17581640318, 0.16566196813, 0.035991423389, 0.012346059588],
      [0.046405477031, 0.3294372546, 0.14483081223, 0.0043820178162, 0.2391534527, 0.0069769757982, 0.032854344367, 0.027064631619, 0.10554382008, 0.063351213762],
      [0.0081463129804, 0.012990381819, 0.029298469408, 0.10353412808, 0.33249004517, 0.13235715256, 0.042358248579, 0.044040098265, 0.020270281804, 0.27451488132]
    ],
    [
      [0.0094198196539, 0.088869288466, 0.13643708943, 0.0494079579, 0.061816154745, 0.078200600984, 0.15260562939, 0.073698258893, 0.27977491441, 0.069770286134],
      [0.013089563134, 0.04391856371, 0.21544470055, 0.019769797618, 0.070003419776, 0.078545425773, 0.10881526428, 0.0333257719, 0.36493234032, 0.05215515295],
      [0.18236021859, 0.03305698222, 0.058389623941, 0.026948676179, 0.13171619217, 0.0022165736191, 0.086701181782, 0.0022615223149, 0.33961026849, 0.1367387607],
      [0.020445132143, 0.0045288157012, 0.28810797538, 0.12679774493, 0.036497941874, 0.012746024319, 0.1143692813, 0.076429750564, 0.2861101012, 0.033967232591],
      [0.16476578679, 0.065391404907, 0.063010967214, 0.23617608595, 0.20803073321, 0.11139681937, 0.017434004224, 0.030025408871, 0.093343573868, 0.010425215602],
      [0.01080414707, 0.0032704276472, 0.3051054548, 0.19340326977, 0.021752032618, 0.011095607481, 0.21741560152, 0.18160820506, 0.048130123226, 0.0074151308138],
      [0.029723634104, 0.24433916209, 0.16155924034, 0.0046725870492, 0.263195125, 0.0033209018483, 0.047603413971, 0.03479955516, 0.16624000328, 0.044546377164],
      [0.0056456722397, 0.010888417863, 0.035126130131, 0.11892502107, 0.39532003467, 0.066785806482, 0.06606049792, 0.060980302743, 0.034258840673, 0.20600927621]
    ],
    [
      [0.0072553192341, 0.143795132, 0.14243718787, 0.057370815815, 0.045134173688, 0.090770735515, 0.084120771449, 0.068641365262, 0.24142927325, 0.11904522592],
      [0.01040344236, 0.073647846964, 0.23322875471, 0.023714430172, 0.052782441368, 0.094210494984, 0.062018063041, 0.032032572035, 0.32628905847, 0.091672895902],
      [0.14053910343, 0.055881289163, 0.063317654825, 0.032635411809, 0.099662260699, 0.0027051712951, 0.049818784348, 0.0021903236962, 0.30628463337, 0.24696536736],
      [0.016484497834, 0.0077387167186, 0.31770294403, 0.15405955553, 0.02804131346, 0.015650190767, 0.066206504769, 0.074727383361, 0.25899152825, 0.060397365273],
      [0.12506258271, 0.10765390742, 0.066607521053, 0.27909241507, 0.15287772974, 0.13137897069, 0.0097503631482, 0.028385792669, 0.081387608502, 0.017803108996],
      [0.0089401925917, 0.0057200204006, 0.34475497694, 0.24019976736, 0.017121948249, 0.01394277426, 0.12894857085, 0.18272225254, 0.044243130672, 0.013406366141],
      [0.021545441523, 0.36888761871, 0.1598530695, 0.0051485254701, 0.1786077199, 0.0036767243977, 0.024834683009, 0.03064733554, 0.135383512, 0.071415369959],
      [0.0041907239877, 0.016994555751, 0.035197072297, 0.13312752168, 0.27105606996, 0.074746816301, 0.035117506129, 0.054735647452, 0.028333809734, 0.34650027671]
    ],
    [
      [0.0093738323695, 0.044185968743, 0.10994450226, 0.04906573681, 0.07923152855, 0.20204888878, 0.13015972482, 0.12148449268, 0.17501702145, 0.079488303534],
      [0.013607261732, 0.023087888841, 0.18196869564, 0.020534487024, 0.093845420617, 0.21233394103, 0.096640559206, 0.056970917029, 0.23897018261, 0.062040646269],
      [0.19691170695, 0.018758964131, 0.052890796226, 0.030193619952, 0.18977923298, 0.0064666631528, 0.08284354801, 0.0041410014408, 0.24010581798, 0.17790864917],
      [0.022489971916, 0.0025500102482, 0.25874439143, 0.1389230906, 0.051959449233, 0.03656933865, 0.10784378329, 0.13980343891, 0.19838179675, 0.042734728976],
      [0.1365977698, 0.028120833619, 0.04350251164, 0.20106967449, 0.22806548688, 0.24771983256, 0.012570887163, 0.042160549077, 0.050094796661, 0.010097658122],
      [0.01038119805, 0.0016059587178, 0.23806349909, 0.18389345764, 0.026997657087, 0.027731142586, 0.17982326647, 0.29443659518, 0.028977865824, 0.0080893593488],
      [0.033571814226, 0.13371278257, 0.14892479919, 0.0053120736048, 0.38139541023, 0.0098001938367, 0.045842289464, 0.065025951707, 0.11872099054, 0.057693694629],
      [0.0045409528146, 0.0044426994765, 0.022781199448, 0.095280343845, 0.40108054874, 0.13907348505, 0.044947818801, 0.080688905224, 0.017296232636, 0.18986781397]
    ],
    [
      [0.0049185533548, 0.087019094041, 0.1886645465, 0.053231578192, 0.062427591264, 0.11600016027, 0.070359688692, 0.07730719721, 0.2564360692, 0.083635521279],
      [0.0065610555668, 0.041557131361, 0.28785022826, 0.020472870357, 0.067930085668, 0.11193992524, 0.048273231544, 0.033502368694, 0.32188746108, 0.060025642225],
