{
  "X": [
    [20, 5, 12, 8, 13, 11, 7, 8, 9, 7],
    [28, 7, 12, 9, 11, 4, 9, 4, 9, 7],
    [21, 3, 13, 9, 20, 9, 5, 5, 13, 2],
    [22, 5, 13, 9, 15, 5, 12, 7, 9, 3],
    [24, 4, 12, 11, 15, 5, 4, 7, 10, 8],
    [28, 4, 12, 9, 12, 7, 10, 5, 7, 6],
    [15, 6, 8, 8, 11, 11, 15, 7, 10, 9],
    [14, 2, 4, 3, 13, 15, 16, 13, 14, 6],
    [11, 5, 5, 2, 11, 11, 12, 16, 14, 13],
    [14, 1, 9, 7, 9, 7, 12, 19, 11, 11],
    [17, 4, 5, 2, 7, 9, 23, 18, 7, 8],
    [19, 2, 9, 2, 9, 9, 20, 15, 4, 11],
    [9, 3, 5, 5, 16, 15, 9, 9, 15, 14],
    [6, 10, 2, 7, 16, 5, 6, 12, 21, 15],
    [8, 6, 9, 6, 15, 8, 6, 13, 12, 17],
    [9, 5, 10, 6, 24, 8, 3, 7, 15, 13],
    [16, 8, 6, 9, 16, 5, 5, 15, 18, 2],
    [11, 5, 3, 4, 22, 6, 6, 14, 15, 14],
    [12, 6, 3, 8, 21, 10, 6, 10, 16, 8],
    [28, 6, 4, 6, 13, 9, 12, 8, 7, 7],
    [28, 7, 9, 8, 4, 7, 9, 5, 12, 11],
    [29, 5, 10, 1, 10, 10, 18, 5, 8, 4],
    [27, 3, 5, 4, 14, 7, 18, 10, 5, 7],
    [28, 9, 7, 8, 6, 6, 16, 4, 9, 7],
    [26, 8, 6, 7, 10, 8, 14, 8, 10, 3],
    [15, 10, 8, 12, 12, 19, 5, 8, 11, 0],
    [18, 9, 11, 10, 8, 10, 6, 10, 11, 7],
    [20, 12, 14, 13, 6, 16, 3, 8, 7, 1],
    [13, 11, 7, 14, 3, 20, 2, 7, 19, 4],
    [16, 11, 20, 11, 5, 10, 4, 3, 15, 5],
    [16, 10, 16, 11, 4, 18, 5, 6, 10, 4],
    [28, 12, 11, 3, 9, 10, 3, 6, 11, 7],
    [24, 6, 8, 8, 7, 9, 5, 11, 11, 11],
    [24, 6, 5, 3, 13, 13, 7, 7, 8, 14],
    [21, 4, 11, 4, 11, 10, 7, 7, 14, 11],
    [27, 2, 15, 3, 5, 11, 2, 12, 11, 12],
    [27, 6, 10, 5, 9, 14, 5, 5, 12, 7],
    [18, 8, 9, 5, 6, 17, 8, 5, 10, 14],
    [7, 18, 32, 3, 8, 7, 7, 4, 6, 8],
    [6, 11, 27, 9, 12, 7, 9, 6, 4, 9],
    [14, 15, 29, 6, 9, 1, 6, 7, 7, 6],
    [16, 15, 17, 5, 6, 9, 6, 8, 12, 6],
    [13, 22, 24, 7, 10, 8, 5, 4, 3, 4],
    [14, 11, 24, 7, 10, 6, 5, 7, 6, 10],
    [18, 3, 3, 2, 13, 6, 6, 14, 17, 18],
    [25, 3, 6, 2, 18, 4, 6, 7, 15, 14],
    [22, 3, 5, 3, 17, 4, 6, 12, 18, 10],
    [26, 6, 6, 6, 16, 2, 3, 11, 11, 13],
    [19, 5, 6, 5, 12, 3, 6, 12, 15, 17],
    [23, 4, 6, 2, 9, 4, 5, 10, 16, 21]
  ],
  "W": [
    [53, 6, 4, 10, 6, 7, 8, 6],
    [55, 3, 5, 9, 6, 9, 9, 4],
    [55, 4, 10, 7, 3, 7, 9, 5],
    [56, 5, 5, 5, 4, 11, 8, 6],
    [53, 7, 7, 8, 6, 7, 2, 10],
    [63, 1, 6, 9, 3, 7, 7, 4],
    [19, 35, 10, 11, 10, 7, 5, 3],
    [9, 65, 3, 4, 8, 5, 4, 2],
    [5, 60, 7, 5, 7, 7, 7, 2],
    [9, 46, 6, 11, 9, 6, 5, 8],
    [6, 62, 4, 7, 4, 3, 8, 6],
    [8, 59, 6, 6, 3, 8, 6, 4],
    [5, 37, 31, 9, 4, 7, 4, 3],
    [4, 6, 57, 5, 8, 6, 7, 7],
    [4, 6, 53, 6, 5, 6, 12, 8],
    [6, 9, 48, 7, 12, 7, 3, 8],
    [5, 7, 54, 8, 9, 4, 5, 8],
    [7, 6, 54, 10, 4, 6, 4, 9],
    [8, 5, 46, 20, 5, 5, 3, 8],
    [4, 5, 9, 52, 5, 8, 6, 11],
    [1, 7, 9, 50, 8, 7, 11, 7],
    [11, 7, 5, 50, 7, 8, 5, 7],
    [11, 9, 3, 59, 5, 6, 3, 4],
    [7, 10, 8, 56, 5, 6, 4, 4],
    [10, 7, 6, 56, 6, 6, 5, 4],
    [8, 7, 5, 5, 52, 8, 8, 7],
    [7, 13, 6, 6, 51, 1, 6, 10],
    [7, 6, 4, 4, 64, 5, 7, 3],
    [7, 7, 7, 1, 57, 8, 6, 7],
    [6, 3, 5, 7, 63, 4, 5, 7],
    [8, 4, 7, 7, 56, 6, 6, 6],
    [7, 3, 14, 6, 19, 43, 2, 6],
    [5, 3, 9, 7, 5, 55, 10, 6],
    [2, 9, 14, 8, 5, 51, 6, 5],
    [6, 10, 6, 7, 7, 55, 6, 3],
    [2, 6, 7, 9, 6, 56, 5, 9],
    [7, 6, 4, 7, 9, 57, 4, 6],
    [3, 7, 9, 6, 12, 36, 20, 7],
    [3, 6, 4, 2, 6, 7, 64, 8],
    [3, 4, 12, 3, 5, 8, 61, 4],
    [7, 7, 6, 9, 6, 6, 53, 6],
    [8, 3, 7, 8, 4, 7, 59, 4],
    [6, 5, 6, 6, 4, 4, 60, 9],
    [4, 3, 6, 5, 3, 9, 50, 20],
    [10, 5, 7, 3, 4, 6, 4, 61],
    [5, 6, 6, 3, 8, 6, 7, 59],
    [9, 9, 4, 4, 6, 6, 9, 53],
    [5, 5, 5, 5, 12, 7, 4, 57],
    [6, 5, 3, 9, 7, 4, 9, 57],
    [10, 9, 6, 8, 2, 4, 4, 57]
  ],
  "method": "mvn_pdf",
  "cond_prob": [
    [
      [0.24547511857, 0.017122363589, 0.13255855937, 0.10723100996, 0.17243085208, 0.094791251849, 0.069797337958, 0.050448997276, 0.082330793682, 0.027813715657],
      [0.067283063041, 0.0012261613756, 0.013555860122, 0.002556174639, 0.073106831306, 0.18224452003, 0.16297745025, 0.27008038944, 0.088574940387, 0.13839460941],
      [0.011485422078, 0.052071507765, 0.010204538107, 0.05009590911, 0.22969898275, 0.0722414275, 0.0076420243502, 0.17944571286, 0.18972186815, 0.19739260734],
      [0.32622289176, 0.061963144481, 0.029749279785, 0.053672767123, 0.07578521755, 0.10688457877, 0.16903252993, 0.070730104359, 0.053440452998, 0.052519033247],
      [0.10187708578, 0.13021610554, 0.13890148604, 0.12986796136, 0.014224557065, 0.31973078698, 0.0023632578757, 0.048945523637, 0.11202750761, 0.0018457281152],
      [0.2398641338, 0.034549943841, 0.086297303215, 0.018015990403, 0.047348993957, 0.22599706326, 0.013050954435, 0.085308716621, 0.09280012984, 0.15676677063],
      [0.033809544242, 0.23438809398, 0.37120183968, 0.053871868094, 0.046478958945, 0.086237336841, 0.04662464158, 0.043570867923, 0.030999412279, 0.05281743643],
      [0.18956803556, 0.0070275371178, 0.0056120346302, 0.0035750838657, 0.1449415431, 0.0039525460223, 0.012751128166, 0.17577209243, 0.16516809203, 0.29163190707]
    ],
    [
      [0.33734868534, 0.02297350683, 0.12234237333, 0.1135050875, 0.14399225522, 0.03380890397, 0.093800648308, 0.025218371636, 0.078800761377, 0.028209406494],
      [0.11316843356, 0.0020161068112, 0.015367067369, 0.0033175574496, 0.075029555062, 0.079080642854, 0.2716344694, 0.16331834102, 0.10409667551, 0.17297115096],
      [0.01850239882, 0.082648477435, 0.011105002627, 0.062481681877, 0.226159779, 0.030380556093, 0.012033720866, 0.10474617343, 0.2144424522, 0.23749975766],
      [0.41329378252, 0.076734926169, 0.025344383471, 0.052351452291, 0.058398000326, 0.035082574324, 0.21007758555, 0.03251148051, 0.047130342981, 0.049075471851],
      [0.16568528067, 0.20948823232, 0.15228049441, 0.16341869561, 0.014109098295, 0.13270629323, 0.0037484347713, 0.02900842872, 0.1273369877, 0.0022180542674],
      [0.36553801674, 0.051404692111, 0.088280207131, 0.02110994135, 0.043859884571, 0.08816200572, 0.019350161581, 0.04707276541, 0.09840944639, 0.176812879],
      [0.046256493533, 0.31802145147, 0.34164024201, 0.056956604524, 0.038837042144, 0.030742876574, 0.062531021207, 0.021776920103, 0.02965305899, 0.05358428944],
      [0.2711147997, 0.0098190698723, 0.0054014952655, 0.0039393765158, 0.1260190496, 0.0014787543898, 0.017765703369, 0.09045347899, 0.16455422292, 0.30945404937]
    ],
    [
      [0.24907322133, 0.0095821315363, 0.12947312906, 0.11370334496, 0.23431624956, 0.071029219516, 0.052990586549, 0.025372964738, 0.10564230137, 0.0088168513775],
      [0.092635326377, 0.00093301025791, 0.017975808269, 0.0036757268689, 0.13486117387, 0.18595639158, 0.16860483832, 0.18211361363, 0.15471095622, 0.058533154607],
      [0.013328971231, 0.033275559093, 0.011415640025, 0.060929052615, 0.35946352969, 0.062048462186, 0.0066519300548, 0.10239600305, 0.28077073281, 0.069720119246],
      [0.37518233136, 0.039043598031, 0.032869240915, 0.064381186426, 0.11632916624, 0.090637677508, 0.14513430074, 0.040165300335, 0.077506519738, 0.018750678701],
      [0.11766060135, 0.081795447145, 0.15449006747, 0.15700947594, 0.021955699382, 0.27236942922, 0.0020461848002, 0.028025467679, 0.16397879831, 0.00066882869769],
      [0.29708271133, 0.023505234923, 0.10279142876, 0.02325442332, 0.078230582703, 0.20652237107, 0.012083376414, 0.052069258267, 0.14521950942, 0.059241103806],
      [0.04147552629, 0.15590561766, 0.44124397634, 0.069136215403, 0.076308088598, 0.078231110352, 0.042919700355, 0.026532044803, 0.048066015835, 0.020181704367],
      [0.23912922351, 0.0048875375933, 0.0068033104004, 0.0047037228071, 0.24506387593, 0.0036781110104, 0.012025048191, 0.10878649102, 0.26464047829, 0.11028220125]
    ],
    [
      [0.25326706453, 0.016823354819, 0.13329791255, 0.11738376836, 0.18124881164, 0.037452643501, 0.14023736228, 0.03765513659, 0.072008173448, 0.010625772282],
      [0.077215582803, 0.0013391974534, 0.015168548896, 0.0031087799304, 0.085515501014, 0.079490917519, 0.3712368918, 0.22296274113, 0.086178582593, 0.057783256863],
      [0.0150125753, 0.065114927536, 0.013014984587, 0.069611258368, 0.307497584, 0.036258827483, 0.019310869363, 0.16966359957, 0.21093747919, 0.093577894605],
      [0.31420403003, 0.056861155883, 0.027954709346, 0.054838148733, 0.074392850814, 0.039401305645, 0.32075270798, 0.049259510492, 0.043667006414, 0.018668574662],
      [0.13205302156, 0.16201258953, 0.17582372623, 0.17918570937, 0.018772734575, 0.15622614588, 0.0059099112895, 0.045899959142, 0.12322759576, 0.00088860666546],
      [0.3278097179, 0.044918440506, 0.11481062525, 0.026019359163, 0.065738544643, 0.11704007095, 0.034378518585, 0.084070019696, 0.10735050004, 0.077864203265],
      [0.036493524676, 0.24256039282, 0.39113613677, 0.061685654669, 0.051130003205, 0.035667150263, 0.097843274142, 0.034043437069, 0.028396210771, 0.021044215608],
      [0.25261030939, 0.0088993495421, 0.0072748339174, 0.0050382371709, 0.19681042783, 0.002025939283, 0.032777027148, 0.1689006156, 0.18660123787, 0.13906202226]
    ],
    [
      [0.275879274, 0.017277112595, 0.15976689323, 0.15344558469, 0.17667190813, 0.038430357024, 0.046400260187, 0.03275243255, 0.076015425585, 0.023360752015],
      [0.10405544548, 0.0017007149129, 0.022376717844, 0.0050041618959, 0.10335489406, 0.10130049776, 0.14940381345, 0.23988759379, 0.11292615523, 0.15999000558],
      [0.014718356186, 0.060328329979, 0.013970957386, 0.081701420802, 0.26945092286, 0.033484914951, 0.005819769857, 0.13215310208, 0.20018501763, 0.18818720826],
      [0.40142171881, 0.068719657715, 0.039041283592, 0.083756701051, 0.084935714403, 0.047360992972, 0.1224319329, 0.050157657447, 0.053989071563, 0.04818526954],
      [0.12975557397, 0.15093830346, 0.1899772925, 0.21150467167, 0.016531166749, 0.14447329775, 0.0017868069493, 0.036007394422, 0.11726741822, 0.0017580743008],
      [0.31597222203, 0.040892556475, 0.12158151352, 0.030027708441, 0.056819517792, 0.10617545135, 0.010182126961, 0.064689623211, 0.10034205049, 0.15331722973],
      [0.037231474404, 0.23530642252, 0.44141617341, 0.075406142505, 0.046720807315, 0.034289943996, 0.030409596256, 0.027731694314, 0.0280936544, 0.043394090882],
      [0.23712344483, 0.0078883905038, 0.0074850944409, 0.0056589302998, 0.1654383151, 0.001793451033, 0.0094575018907, 0.1260494691, 0.16967359276, 0.26943181004]
    ],
    [
      [0.32463845866, 0.014021349774, 0.12466629927, 0.11007456183, 0.14407038899, 0.057352072778, 0.10606420557, 0.032205224495, 0.062805923543, 0.024101515091],
      [0.10039190911, 0.0011361097377, 0.014428140167, 0.002968619313, 0.069171051816, 0.12417625259, 0.28259550413, 0.19325513783, 0.076327477475, 0.13554979784],
      [0.018964572447, 0.05355468274, 0.012033781843, 0.064530682377, 0.24092713553, 0.054815975569, 0.014460061097, 0.14343728704, 0.1814820323, 0.21579378906],
      [0.39848250689, 0.046778959657, 0.025871015222, 0.050908698493, 0.058591461273, 0.059667453637, 0.23840397838, 0.041627886527, 0.037672553681, 0.041995486234],
      [0.16179763648, 0.12826097269, 0.15716757652, 0.16053229476, 0.01433073664, 0.23134936356, 0.0042942176339, 0.037579322083, 0.10276484553, 0.0019230341107],
      [0.35194439111, 0.031351138568, 0.090010081832, 0.020507700651, 0.043952657678, 0.15088255019, 0.021876645786, 0.06025736438, 0.078440415983, 0.15077705382],
      [0.049567264567, 0.21301978673, 0.38784374437, 0.061455375392, 0.043272293738, 0.057979810596, 0.078668132731, 0.030941273589, 0.026320289882, 0.050932028409],
      [0.27872064086, 0.0064071708898, 0.0058752713307, 0.0040838718179, 0.134752358, 0.0026655850191, 0.021422436094, 0.12423605974, 0.13986107502, 0.28197553123]
    ],
    [
      [0.24185936081, 0.022394561602, 0.13696088389, 0.17006459296, 0.16213161954, 0.058198185887, 0.094849877408, 0.021425426922, 0.07230012865, 0.01981536233],
      [0.085109338773, 0.0020520291457, 0.017856673399, 0.0051210969101, 0.088623561298, 0.14353689677, 0.28772107591, 0.14384384685, 0.10029681657, 0.12583866439],
      [0.01371138899, 0.083232780608, 0.012736982251, 0.096098306929, 0.26462300113, 0.054096743955, 0.012663647925, 0.091226712545, 0.20298537213, 0.16862506354],
      [0.32223783512, 0.081237992314, 0.030572113654, 0.084442504576, 0.071289561477, 0.065669022176, 0.23011717973, 0.030021447758, 0.047023581083, 0.03738876211],
      [0.10499937098, 0.1805244485, 0.15090570098, 0.2176663362, 0.013996969625, 0.20239650451, 0.0033620554146, 0.021747076985, 0.10302182121, 0.0013797155955],
      [0.28641164639, 0.05468787721, 0.10766568781, 0.03409326172, 0.053792884647, 0.16644434328, 0.021466781712, 0.043555075534, 0.098540510392, 0.13334193132],
      [0.031307458976, 0.29313789662, 0.36640858403, 0.080122867731, 0.041121009234, 0.049877001831, 0.059602939342, 0.017419355005, 0.025687394611, 0.035315492627],
      [0.23798034182, 0.011654640521, 0.0073097968983, 0.0070919850838, 0.1741040888, 0.0031054448474, 0.022111131308, 0.093487044105, 0.18470153647, 0.25845399015]
    ],
    [
      [0.28366186104, 0.0090992759326, 0.082715226498, 0.088374545501, 0.24297169557, 0.06877966686, 0.075371131758, 0.027519561379, 0.10876590608, 0.012741129374],
      [0.093869558018, 0.0007880162879, 0.010235795073, 0.0025171426223, 0.12490326551, 0.16028100428, 0.21452388191, 0.17430978704, 0.14269150818, 0.07588004108],
      [0.014403317476, 0.030155361975, 0.0069628757846, 0.044924356341, 0.35860245869, 0.057629925553, 0.0091034891758, 0.10550195721, 0.27612734486, 0.096588912936],
      [0.38944356524, 0.033669372939, 0.019050409528, 0.045143018998, 0.10917557127, 0.079731826663, 0.18691836467, 0.039594480249, 0.072607303411, 0.024666087033],
      [0.14480346214, 0.08551017171, 0.10781540499, 0.13428591332, 0.024494238282, 0.28262907906, 0.0031586749174, 0.032937837094, 0.18331855866, 0.0010466598396],
      [0.3282914445, 0.021597281363, 0.063543389117, 0.01732925427, 0.078142204216, 0.19195103303, 0.016690184387, 0.054585432008, 0.1448110312, 0.083058745914],
      [0.054089467898, 0.17706511809, 0.33434614231, 0.0624497614, 0.090676798332, 0.08733625341, 0.070212368012, 0.033113648581, 0.057121472429, 0.033588969536],
      [0.24560036692, 0.0041720497612, 0.0039122863663, 0.0032539336011, 0.22943981327, 0.0032367822035, 0.015524011528, 0.1056225112, 0.2453815303, 0.14385671485]
    ],
    [
      [0.26023830876, 0.021519589771, 0.1050565162, 0.074271585386, 0.22026198735, 0.057210709765, 0.070948227375, 0.03935778836, 0.12173317715, 0.029402109892],
      [0.075788338022, 0.0016332176891, 0.011383422081, 0.0018719700072, 0.099677308282, 0.11701006485, 0.17734875739, 0.21991749855, 0.14037738738, 0.15499203575],
      [0.011065625821, 0.060014878027, 0.0073691093615, 0.031562066108, 0.27032507899, 0.040079006168, 0.0071702190916, 0.12638150097, 0.25792992101, 0.18810259446],
      [0.34473619362, 0.07754771952, 0.023306106071, 0.036741290412, 0.09566805126, 0.064032008643, 0.16982920841, 0.054685519557, 0.078434708685, 0.055019193814],
      [0.12040123212, 0.18763839242, 0.12437943971, 0.10172532193, 0.020177917482, 0.21228240701, 0.0026949917075, 0.042685783426, 0.1858281352, 0.0021863790058],
      [0.26681304332, 0.045500614197, 0.071488077159, 0.012987785745, 0.063018911989, 0.14145548534, 0.013960452255, 0.069388923076, 0.14386364314, 0.17152306378],
      [0.036452136721, 0.3146690767, 0.30951298642, 0.038505382281, 0.060419279579, 0.053296935315, 0.048496192299, 0.034759965096, 0.046901978321, 0.056986067274],
      [0.18274919217, 0.0080090169083, 0.0040246143173, 0.0022378490865, 0.16888961883, 0.0021945348743, 0.011903627754, 0.12315863623, 0.22310857052, 0.27372433932]
    ],
    [
      [0.22468497007, 0.0064478821923, 0.17914392903, 0.19914122247, 0.14368559286, 0.036379509589, 0.065513486921, 0.04825183959, 0.075920035116, 0.020831532155],
      [0.07609710067, 0.00056825924734, 0.022198540622, 0.0056648165926, 0.075674263461, 0.086031815857, 0.19026345669, 0.31488901814, 0.10140611081, 0.12720661791],
      [0.012276851231, 0.022671510302, 0.015832104949, 0.10716531819, 0.22585250284, 0.032577691175, 0.00846267548, 0.19925270743, 0.20537569189, 0.17053294651],
      [0.34106454883, 0.026205918582, 0.044942182657, 0.11136519582, 0.071883271479, 0.046627665895, 0.18017578584, 0.07692369639, 0.056125780518, 0.044685953996],
      [0.10803584321, 0.055726386012, 0.21952121114, 0.28540034124, 0.01372845983, 0.13931724726, 0.0025773421298, 0.054223304649, 0.11986531002, 0.0016045545017],
      [0.27462585105, 0.016093272165, 0.14458993028, 0.040573327509, 0.049211065433, 0.10682732078, 0.015337729106, 0.10141895786, 0.10677704675, 0.14454549906],
      [0.031956993678, 0.088052524305, 0.5441628799, 0.10264542693, 0.04006140975, 0.034270035663, 0.045319211664, 0.043114694622, 0.029619028879, 0.040797794609],
      [0.20276528091, 0.0030715692192, 0.008657455108, 0.0074805226673, 0.14154519479, 0.0017862388091, 0.014068758085, 0.19433166001, 0.17792099355, 0.24837232686]
    ],
    [
      [0.38733769582, 0.016268605007, 0.099668090522, 0.073529456274, 0.1317428739, 0.049092480175, 0.12601230727, 0.041698269539, 0.058582644868, 0.016067576635],
      [0.11354615893, 0.001248218601, 0.010917202017, 0.0018669437397, 0.060606348379, 0.10169448215, 0.32043970942, 0.23611818822, 0.068308979457, 0.085253769094],
      [0.024370940011, 0.067945914245, 0.010437842341, 0.046855327894, 0.24218353692, 0.051370781339, 0.018932329077, 0.20029713705, 0.18481171636, 0.15279447476],
      [0.43804933624, 0.049816228068, 0.018866456759, 0.030922448845, 0.049162315172, 0.046970273683, 0.25861422281, 0.04956869454, 0.032338968041, 0.025691055839],
      [0.2039039848, 0.16225613907, 0.13545687176, 0.11593594462, 0.013903239521, 0.20816829633, 0.0054535301029, 0.051657436569, 0.10189865968, 0.0013658975362],
      [0.4266465623, 0.036844669348, 0.07273522165, 0.013748282735, 0.040663596111, 0.13008366705, 0.026507031688, 0.078790787186, 0.074122840369, 0.099857341558],
      [0.060740052821, 0.26922725901, 0.33496586661, 0.04306012431, 0.041059111107, 0.051592028304, 0.097175162585, 0.041554139113, 0.025532501447, 0.035093754689],
      [0.34317229735, 0.0076056228468, 0.0047954801854, 0.0027749871171, 0.12743132821, 0.0023675349725, 0.026499551108, 0.16428550303, 0.13455909736, 0.18650859782]
    ],
    [
      [0.36557788303, 0.009363832877, 0.20434576775, 0.067217034708, 0.1337868422, 0.041364295404, 0.093817516593, 0.02937895339, 0.036971802514, 0.018176071532],
      [0.13031067818, 0.00087250031481, 0.026723106602, 0.0020777475774, 0.074773899358, 0.10404716137, 0.28975159814, 0.20169484061, 0.052346212327, 0.11740225553],
      [0.026748933262, 0.045112646714, 0.024374655365, 0.049899361849, 0.28673740231, 0.050279163205, 0.01639115199, 0.16382931444, 0.13505492425, 0.20157244661],
      [0.47313998092, 0.032504998652, 0.043485852019, 0.032372094121, 0.057029477912, 0.04520413187, 0.2198372086, 0.039882975091, 0.023340863963, 0.033202416855],
      [0.20000285775, 0.095079588117, 0.28854335961, 0.1098895128, 0.014643045593, 0.18164773795, 0.0042154277074, 0.037756344933, 0.066619597273, 0.0016025282784],
      [0.41490314769, 0.021762923304, 0.15290105604, 0.012977192567, 0.042518707957, 0.11276938235, 0.020341770831, 0.057141203148, 0.048136738863, 0.11654787725],
      [0.048351491182, 0.12429478183, 0.59022812127, 0.032956037765, 0.035074538055, 0.036547836913, 0.060891756643, 0.024645785635, 0.013585956845, 0.03342369386],
      [0.3585475749, 0.0048379964689, 0.010675029598, 0.0028126603559, 0.14324521166, 0.0022070038911, 0.021835793887, 0.12784051229, 0.093610182415, 0.23438803454]
    ],
    [
      [0.20872704865, 0.011636707768, 0.13011157331, 0.13422589692, 0.20299733531, 0.10358077798, 0.064283974422, 0.02418012516, 0.094882254286, 0.025374306193],
      [0.066043648314, 0.00096301424727, 0.015135785858, 0.0036359637745, 0.099903037855, 0.23116744421, 0.17455831026, 0.14570611749, 0.11843073119, 0.1444559468],
      [0.01014560902, 0.036931190488, 0.010287661348, 0.065169271596, 0.28483104298, 0.082720381073, 0.0073907487917, 0.088440981513, 0.22905020666, 0.18503290653],
      [0.30302596161, 0.045493025918, 0.031240827395, 0.072208292357, 0.096761834739, 0.12688916323, 0.16893725637, 0.036716880533, 0.066873330188, 0.051853427663],
      [0.086802361538, 0.087980570856, 0.13739649935, 0.16446267817, 0.016830962996, 0.34930919482, 0.0021944614741, 0.023580732038, 0.1297450657, 0.001697473064],
      [0.21808597412, 0.024976695529, 0.089932081516, 0.023697717676, 0.059466076974, 0.26319214816, 0.012877741638, 0.043379283397, 0.11408747514, 0.15030480585],
      [0.030751048186, 0.1689384957, 0.40998534063, 0.071987012174, 0.058714080637, 0.10112899302, 0.046114230148, 0.022417267457, 0.038390364392, 0.051573167664],
      [0.1800711895, 0.0053356761179, 0.0060367953111, 0.0049166129641, 0.19148373877, 0.0048390028774, 0.013175345742, 0.092506994689, 0.21284387842, 0.28879076561]
    ],
    [
      [0.20366793226, 0.028108217875, 0.062425354923, 0.14122348573, 0.18210248517, 0.044074810778, 0.140952705, 0.042793757871, 0.12622234737, 0.028428903026],
      [0.051728489405, 0.0018825816517, 0.0059896950498, 0.0031215483744, 0.072427034198, 0.078492353274, 0.32008242015, 0.20913056985, 0.12692885815, 0.1302164499],
      [0.0085578537645, 0.078105127878, 0.0043893671145, 0.060004524764, 0.22190757368, 0.030602222437, 0.013698993529, 0.13705969758, 0.26526195636, 0.1804126829],
      [0.23880952358, 0.089515987215, 0.012401350791, 0.061853784296, 0.070508162463, 0.04371445418, 0.31134630667, 0.052677157282, 0.072098119908, 0.047075153614],
      [0.091359467636, 0.23364636164, 0.07141769832, 0.18772443979, 0.016428563896, 0.15979550699, 0.0050596194814, 0.045220785067, 0.18728714906, 0.0020604081263],
      [0.22861635343, 0.064989256239, 0.046634261483, 0.026987164251, 0.057456929223, 0.11941503559, 0.029557564428, 0.082502459743, 0.163014876, 0.18082609962],
      [0.02829229897, 0.393677602, 0.17844374666, 0.072149989271, 0.050180762583, 0.040903998534, 0.095264402747, 0.03769291256, 0.048510320129, 0.054883966542],
      [0.14937674445, 0.011057826439, 0.0025341489454, 0.0044748021506, 0.14709438307, 0.0017666416661, 0.024070750459, 0.14084874432, 0.24230046929, 0.27647548921]
    ],
    [
      [0.24032131837, 0.013856656283, 0.16675237524, 0.11417109967, 0.14641615632, 0.068362088987, 0.11715734447, 0.040740232476, 0.063712800636, 0.028509927552],
      [0.066348144825, 0.0010098848889, 0.017124416755, 0.002756400756, 0.063519980218, 0.13338065561, 0.28676961096, 0.2170188884, 0.069763594849, 0.14230842274],
      [0.012701302023, 0.048264276237, 0.014518074888, 0.061409718425, 0.22582101394, 0.059916939538, 0.014458374102, 0.16516758938, 0.16867470802, 0.22906800344],
      [0.30605879935, 0.04741199215, 0.035267072334, 0.054195156931, 0.06144258002, 0.073375929194, 0.2774394354, 0.054274309553, 0.039437425868, 0.051097299205],
      [0.11084564942, 0.11673982541, 0.19708218474, 0.15592306115, 0.013621625734, 0.25788161557, 0.00436909826, 0.044316678779, 0.097093390372, 0.0021268705559],
      [0.25755839282, 0.030498651635, 0.11833868373, 0.020905911963, 0.044221393487, 0.17799794829, 0.023630426462, 0.075058137659, 0.078558040446, 0.17323241351],
      [0.031123033408, 0.17646577052, 0.45881764308, 0.054577635803, 0.037739733918, 0.059260112586, 0.074189261521, 0.033514161989, 0.022910490141, 0.051402157033],
      [0.20392047827, 0.0062596327504, 0.0076420000353, 0.0041755083574, 0.13639135204, 0.0031412538015, 0.023181120955, 0.15464492715, 0.14051693715, 0.32012678949]
    ],
    [
      [0.18801887796, 0.012410615849, 0.27405945277, 0.095694053169, 0.23115192273, 0.047884098922, 0.042017903842, 0.020438379102, 0.069084399176, 0.019240296485],
      [0.079429400618, 0.001372406783, 0.041931354703, 0.0035131182512, 0.15207616716, 0.14184097058, 0.15385628099, 0.16482029881, 0.11507411908, 0.14608588303],
      [0.010529804672, 0.045460169938, 0.024588866302, 0.054029894483, 0.37540342813, 0.044037417498, 0.0055553003183, 0.086471268608, 0.19206337099, 0.16186047906],
      [0.32671104257, 0.05783014728, 0.077480390434, 0.061883349945, 0.13141084458, 0.069837556199, 0.13294603204, 0.03697814935, 0.058077351291, 0.046845136312],
      [0.089192341585, 0.10700160263, 0.33246160561, 0.13339055689, 0.021822686105, 0.18282560602, 0.0016315007685, 0.022688975514, 0.10752012627, 0.0014649986156],
      [0.22887474187, 0.03099149615, 0.21983081956, 0.01990485607, 0.078729386975, 0.14063582659, 0.0097667203995, 0.042586231838, 0.096496455977, 0.13218346457],
      [0.020370817402, 0.13013192605, 0.64283665015, 0.037935443454, 0.049066836652, 0.034427260033, 0.022088550484, 0.013911871034, 0.020561111374, 0.028669533373],
      [0.18763607559, 0.0065807815162, 0.014450553243, 0.0041100310594, 0.25260235364, 0.0025857665637, 0.0099319252558, 0.090558804883, 0.17882692718, 0.25271678107]
    ],
    [
      [0.4156302632, 0.01614041394, 0.12120044275, 0.13234144457, 0.10853571989, 0.031980457928, 0.069819667664, 0.033594908814, 0.064745874656, 0.0060108065832],
      [0.16456360364, 0.0017002457081, 0.017984985197, 0.0046058351705, 0.068261989812, 0.089995902408, 0.24739524428, 0.25979105593, 0.10268473088, 0.043016406981],
      [0.029973417205, 0.078520873494, 0.014645523485, 0.098895564664, 0.23289537325, 0.038962355317, 0.012043223637, 0.18927082753, 0.23868340096, 0.066109440452],
      [0.52443010635, 0.054612119058, 0.025278467518, 0.061905691832, 0.044984975947, 0.033819878787, 0.16072137571, 0.044123059574, 0.03952141396, 0.01060291127],
      [0.20695639469, 0.14901978987, 0.15600974607, 0.1972004637, 0.011020955698, 0.12914581755, 0.0028549862999, 0.039792606916, 0.10750995763, 0.00048928158208],
      [0.49738412057, 0.039464125123, 0.095709124322, 0.026817617129, 0.036357850039, 0.091557398303, 0.015762403025, 0.068539718599, 0.088444749988, 0.039962892901],
      [0.064493064771, 0.25292455345, 0.40918972529, 0.076875379404, 0.034058092235, 0.033721281524, 0.053725075189, 0.033581342021, 0.028299626033, 0.013131860074],
      [0.42952590132, 0.0088507813302, 0.0067460449892, 0.0058508141196, 0.12258474968, 0.0017912053342, 0.016928330176, 0.15451472348, 0.17322118864, 0.079986260941]
    ],
    [
      [0.27685452081, 0.014587443701, 0.081177119026, 0.086077844338, 0.22860984137, 0.053297471355, 0.1024469066, 0.048244446169, 0.084140147383, 0.024564259254],
      [0.075641688888, 0.001054015199, 0.0083248711638, 0.0020681469169, 0.09789657903, 0.10264096778, 0.24547994858, 0.25464126988, 0.091152583877, 0.12109992868],
      [0.012772993092, 0.044526939859, 0.0062317902735, 0.040466095924, 0.307552672, 0.040768701642, 0.011079126327, 0.170604605, 0.1944062354, 0.17159084049],
      [0.34729458533, 0.049346872915, 0.017069092515, 0.040398382939, 0.094305404147, 0.056384816709, 0.23724812729, 0.063314235523, 0.051282454978, 0.043356027648],
      [0.14637757341, 0.14166008429, 0.10989772917, 0.13457226466, 0.024251596361, 0.22972176095, 0.004390055511, 0.060075506678, 0.14695618825, 0.0020972407122],
      [0.30529974306, 0.033085398071, 0.059456018224, 0.016280504233, 0.070796078434, 0.14234993806, 0.021345796673, 0.091429615487, 0.10670386068, 0.15325304708],
      [0.046453107262, 0.24376447955, 0.28836492973, 0.053433281452, 0.076114005152, 0.059855082702, 0.084118306305, 0.051399112392, 0.039154545945, 0.057343149504],
      [0.20799799154, 0.0058766603945, 0.0033461880912, 0.0028138243207, 0.18877841156, 0.0021819628857, 0.018082734586, 0.16255419658, 0.16477698846, 0.24359104157]
    ],
    [
      [0.21965913878, 0.016980284211, 0.082986573588, 0.15576801399, 0.22244220108, 0.092056304988, 0.069318806971, 0.033863883105, 0.091834223065, 0.015090570227],
      [0.069970722602, 0.0014181612306, 0.0098424310799, 0.0042815877753, 0.11014056296, 0.2068565036, 0.18998753018, 0.2064354, 0.11516696458, 0.085900136002],
      [0.010714623811, 0.054290692519, 0.0066691079416, 0.076220721077, 0.31320835042, 0.073675314159, 0.0079227997568, 0.12503519184, 0.22239764105, 0.10986555743],
      [0.30667946336, 0.064111205848, 0.019412166038, 0.081017781277, 0.10210415605, 0.10853814655, 0.17677411104, 0.049453421781, 0.062279632305, 0.029629915747],
      [0.092131106578, 0.13002463812, 0.088084570329, 0.19217477648, 0.018627926793, 0.31563994039, 0.0023721190321, 0.033305921021, 0.12662016571, 0.0010188355511],
      [0.24800236835, 0.03946429608, 0.06229106692, 0.029897207344, 0.070447618741, 0.25401604871, 0.014912705034, 0.065655534239, 0.11924094145, 0.09607221314],
      [0.035093297545, 0.26854074672, 0.27683460816, 0.090725291239, 0.069826506545, 0.097546593057, 0.053864074596, 0.034046743667, 0.040302243391, 0.033219895083],
      [0.20111467402, 0.0082859744098, 0.0041431630882, 0.0061027167954, 0.22293422952, 0.0045462011649, 0.014964315611, 0.13831442887, 0.21868927928, 0.18090501724]
    ],
    [
      [0.29450283167, 0.014697488226, 0.081413340542, 0.12002044534, 0.22626105511, 0.068734770235, 0.078897115709, 0.036255361833, 0.061983418098, 0.017234173231],
      [0.095266830891, 0.0012424878338, 0.0098202592611, 0.0033474140461, 0.11291957929, 0.15569861439, 0.21737098086, 0.22581148078, 0.078712664552, 0.099809688089],
      [0.015687728208, 0.050832792315, 0.0071438117291, 0.063728503102, 0.34713213936, 0.059726000901, 0.0098454553631, 0.14595997046, 0.16287560662, 0.13706799194],
      [0.38663916569, 0.052299354484, 0.018021498445, 0.0590266079, 0.097637491378, 0.076450603234, 0.18818283618, 0.050044174507, 0.039708575722, 0.031989692463],
      [0.14579622194, 0.1322759039, 0.10221473549, 0.17472437673, 0.022079747648, 0.27587559154, 0.0031895159608, 0.041923579903, 0.10055495628, 0.0013653706056],
      [0.33609338759, 0.034506705522, 0.061868145016, 0.023343993622, 0.072045761338, 0.19067639585, 0.0172145162, 0.071230574204, 0.081435553713, 0.11158496695],
      [0.050947133394, 0.25007604912, 0.2922479767, 0.075712153043, 0.0762243649, 0.078728943075, 0.066309901683, 0.039365179484, 0.029375697909, 0.041012600696],
      [0.26031108331, 0.0069009134825, 0.003937830416, 0.0045363682854, 0.21817279645, 0.003281084503, 0.016484313329, 0.14327220068, 0.14215080278, 0.20095260677]
    ],
    [
      [0.31016519051, 0.014740227766, 0.14425608119, 0.16088138247, 0.094182908963, 0.047627816954, 0.058741210354, 0.023298137936, 0.11313914229, 0.03296790157],
      [0.10872759249, 0.0013491370542, 0.018703541248, 0.0048369180649, 0.051450265918, 0.11665121908, 0.17533572109, 0.15652011497, 0.15645278457, 0.2099727055],
      [0.016192189089, 0.049959953211, 0.012322397836, 0.083658395538, 0.14101615193, 0.040658731881, 0.007209808196, 0.091686594147, 0.29539902841, 0.26189674977],
      [0.42023727168, 0.05392604253, 0.032645068153, 0.081286494682, 0.042253556534, 0.0545506866, 0.1441236935, 0.033146059352, 0.074583979916, 0.063247147056],
      [0.13758376077, 0.11848254065, 0.16236927167, 0.20997638782, 0.0083610412541, 0.16933703517, 0.0021347203122, 0.024183427558, 0.16522898798, 0.0023428268171],
      [0.31771928355, 0.03103338809, 0.098027352667, 0.027972689355, 0.027220707856, 0.11773189107, 0.011533187801, 0.04106072423, 0.13376201697, 0.19393875841],
      [0.044006273902, 0.20412753416, 0.42768582243, 0.083124918979, 0.026331815241, 0.044802925712, 0.040551116035, 0.020795741358, 0.043930210713, 0.064643641471],
      [0.23932589839, 0.0060363148864, 0.0060372963195, 0.0052811986035, 0.079351503985, 0.0019921246981, 0.010743295902, 0.079942736222, 0.22821701179, 0.3430726192]
    ],
    [
      [0.29056763029, 0.013026337528, 0.19368695843, 0.046003408411, 0.16631001294, 0.068619410328, 0.11744350018, 0.02351642516, 0.06901656472, 0.011809752007],
      [0.095514033144, 0.0011183541557, 0.023374253284, 0.0013281997981, 0.084409889057, 0.15781629886, 0.33063542438, 0.14753784418, 0.089025369894, 0.069240333257],
      [0.019275741701, 0.056131401863, 0.020840790233, 0.030737405555, 0.31837405862, 0.074344343248, 0.018221392552, 0.11768997543, 0.22745615379, 0.11692873701],
      [0.37365648533, 0.045354272874, 0.041413864997, 0.022371744916, 0.070469234252, 0.074733927465, 0.27543698733, 0.031796564508, 0.043293721584, 0.021473196744],
      [0.14272758728, 0.11625458001, 0.24200501529, 0.065927749949, 0.01616470914, 0.27294193662, 0.0046973493563, 0.02699663815, 0.11135467001, 0.00092976420116],
      [0.331667423, 0.030597539125, 0.14661957731, 0.0090972945786, 0.053099075192, 0.19023133806, 0.02558629025, 0.046140203027, 0.090753228781, 0.076208030672],
      [0.037977211731, 0.16547253336, 0.53317268947, 0.022081014865, 0.042415645204, 0.059307104132, 0.074414290291, 0.019277152715, 0.02468678637, 0.021195571859],
      [0.30198301428, 0.0071793001611, 0.010826846059, 0.0020805436719, 0.18854578286, 0.003848750387, 0.0287828592, 0.10881147111, 0.18665040863, 0.16129102365]
    ],
    [
      [0.25455951627, 0.0090730373972, 0.096970316245, 0.073969608592, 0.28554166605, 0.047149141839, 0.099170812925, 0.054894185515, 0.054627072408, 0.024044642757],
      [0.070263888821, 0.0006548576114, 0.0099241298353, 0.0017764824032, 0.1208138193, 0.090521602413, 0.23280357986, 0.29458893935, 0.059016752466, 0.11963594794],
      [0.011898723983, 0.027358207058, 0.0074143793908, 0.03450504494, 0.38308976846, 0.035887674592, 0.010847700553, 0.194620651, 0.12513891152, 0.1692389385],
      [0.33675368465, 0.032478634919, 0.021551279619, 0.036877288763, 0.12380895917, 0.052872226897, 0.23866170402, 0.076559312523, 0.035307725657, 0.045129183782],
      [0.15548216825, 0.10012709213, 0.15057526976, 0.1325930302, 0.034115346307, 0.23195982778, 0.0049340636928, 0.078309895361, 0.10956025953, 0.002343046995],
      [0.29645413239, 0.021717578039, 0.075103487656, 0.014809797887, 0.092360985356, 0.13282523614, 0.02208781002, 0.11046388883, 0.07330003405, 0.16087704963],
      [0.045497010532, 0.15672249655, 0.36175550895, 0.048318086289, 0.098762481544, 0.055655539446, 0.085908107881, 0.061477319804, 0.026716272676, 0.059187176319],
      [0.19357661436, 0.0036728608288, 0.0040235002165, 0.0024325387221, 0.23601814364, 0.0019464334292, 0.0178574566, 0.18775083486, 0.107421063, 0.24530055435]
    ],
    [
      [0.2868713323, 0.027882893464, 0.16346156218, 0.16275468365, 0.11002443674, 0.042028581897, 0.08904909489, 0.019158589146, 0.079894865067, 0.018873960673],
      [0.10978139018, 0.0027788843553, 0.022925027962, 0.0053361896284, 0.065403889805, 0.11229387455, 0.29114305775, 0.13976260665, 0.12034187118, 0.13023320794],
      [0.017587400213, 0.11168828772, 0.016240303566, 0.0993813364, 0.19372572912, 0.042117423677, 0.01280176982, 0.088233286969, 0.24386067729, 0.17436378522],
      [0.37237092035, 0.098568563094, 0.035255686301, 0.078909027392, 0.047279506894, 0.046189889239, 0.2100203825, 0.026138685857, 0.050575424969, 0.034691913406],
      [0.12125889273, 0.2168447269, 0.17504640769, 0.20187866328, 0.0092768855617, 0.14164777435, 0.0030748430005, 0.018915135097, 0.11077873776, 0.0012779336401],
      [0.33263703157, 0.066684153988, 0.12560086138, 0.032026660433, 0.035902326312, 0.11761687202, 0.019749209017, 0.038167893261, 0.10681542126, 0.12479957075],
      [0.033409400444, 0.32279873482, 0.3977899713, 0.068649730538, 0.025128705953, 0.032303499463, 0.050291271983, 0.013987776978, 0.025426064147, 0.030214844378],
      [0.28507462702, 0.014685178792, 0.008726824997, 0.0068748928193, 0.11942384035, 0.0022641080697, 0.020924129197, 0.084528014091, 0.20715998165, 0.25033840302]
    ],
    [
      [0.26279831816, 0.02177024576, 0.11687830191, 0.12787424699, 0.17934848951, 0.056791675071, 0.081946998665, 0.040172278526, 0.10113222235, 0.011287223058],
      [0.085617117918, 0.0018492175467, 0.014094873648, 0.0035923718835, 0.090160127679, 0.12914639351, 0.2271857154, 0.25337440821, 0.12941799063, 0.065561783567],
      [0.013737140014, 0.073967045281, 0.0099903648158, 0.066582435919, 0.26865761922, 0.048383594873, 0.010032644136, 0.15878748671, 0.2625296449, 0.087332024128],
      [0.34891971966, 0.07859712215, 0.026034449644, 0.063672718881, 0.078461760941, 0.063889219972, 0.19764360838, 0.056151862157, 0.065435877631, 0.021193660584],
      [0.11649741678, 0.17628298221, 0.13098349315, 0.16592721901, 0.015716434322, 0.20202886911, 0.0029662601038, 0.041585313386, 0.14721023406, 0.0008017778769],
      [0.30544169797, 0.052146584823, 0.0903325387, 0.025367352454, 0.058284574997, 0.15995276187, 0.018221916551, 0.080488008601, 0.13559682353, 0.0741677405],
      [0.037028590267, 0.30302454208, 0.34033473985, 0.065498743981, 0.049219945067, 0.052813056109, 0.055970875775, 0.035450046118, 0.038846154575, 0.021813306183],
      [0.23970825699, 0.010538015477, 0.0057958099632, 0.0049936212015, 0.178336056, 0.0028030786291, 0.017682413041, 0.16430332283, 0.24102560566, 0.13481382021]
    ],
    [
      [0.22091722827, 0.013190669414, 0.072193665022, 0.1116954143, 0.33045939764, 0.064822060776, 0.080327729344, 0.036132461618, 0.064722695464, 0.0055386781563],
      [0.074087057188, 0.0011595793922, 0.0091071257725, 0.0032677551052, 0.16939502979, 0.15157033115, 0.23782173036, 0.23550202765, 0.085244736887, 0.032844626706],
      [0.011060041939, 0.042901018624, 0.0060068575415, 0.056181925588, 0.48398892207, 0.053086195472, 0.0093482234476, 0.13724887731, 0.15964785765, 0.040530080353],
      [0.31587821807, 0.050931481854, 0.017485468831, 0.06005914326, 0.15312243204, 0.078375471676, 0.21354289233, 0.054328957596, 0.045118427732, 0.011157506612],
      [0.11876723135, 0.12846378199, 0.098406801778, 0.17670173898, 0.034179501252, 0.27986064154, 0.0034649562138, 0.045337519152, 0.11434222388, 0.00047560385173],
      [0.29697934031, 0.036386330088, 0.064647190256, 0.025773096523, 0.12135358877, 0.20989387502, 0.020315651727, 0.083354105276, 0.099883281622, 0.041413540412],
      [0.041582500984, 0.24104166045, 0.27610360979, 0.077307798494, 0.11910854887, 0.081058657812, 0.073294865986, 0.042734219509, 0.033495529849, 0.014272608267],
      [0.21655882973, 0.0068594074283, 0.003892448815, 0.0047187304796, 0.35363248313, 0.0034370694082, 0.018415892293, 0.15875718166, 0.16405498529, 0.069672971768]
    ],
    [
      [0.322956402, 0.01325629911, 0.10519740671, 0.09742528377, 0.19330736172, 0.037089273298, 0.089051637144, 0.045795329183, 0.069462546878, 0.026458460191],
      [0.095893307132, 0.0010343117788, 0.011735563771, 0.0025345139026, 0.089191832952, 0.076758026266, 0.23210718371, 0.26537170919, 0.081407827221, 0.14396572407],
      [0.016304050931, 0.043634186187, 0.008828328279, 0.049626726894, 0.28444656001, 0.030776266739, 0.010580515413, 0.17675954674, 0.17377536566, 0.20526845315],
      [0.40820310393, 0.045169106239, 0.022422122139, 0.046285299118, 0.080035864529, 0.039587969778, 0.20721666321, 0.060885998438, 0.042797967278, 0.047395905335],
      [0.17915432357, 0.13380253905, 0.1488063918, 0.15961196647, 0.021059222747, 0.16477429372, 0.0039913082481, 0.059443618672, 0.12701742154, 0.0023389141878],
      [0.35601959207, 0.02998668172, 0.077130706173, 0.018468212915, 0.059253152527, 0.097970270831, 0.018617042543, 0.086897604179, 0.088031336983, 0.16762540006],
      [0.053426309973, 0.21372793159, 0.35784749311, 0.059649406334, 0.062400644048, 0.040996006523, 0.07174320274, 0.047847726331, 0.031776085287, 0.060585194066],
      [0.24483516133, 0.0053500568781, 0.0043849327095, 0.0031998636231, 0.16026642991, 0.0015307362603, 0.015960134045, 0.15592512901, 0.13636375454, 0.27218380169]
    ],
    [
      [0.3644279962, 0.016002548319, 0.11886759888, 0.11592398775, 0.17190414106, 0.051702276043, 0.059258778211, 0.04465331812, 0.049703933666, 0.0075554217414],
      [0.13029339904, 0.0015071964189, 0.016016776207, 0.0036394910952, 0.095446883976, 0.12937404701, 0.18819640409, 0.31661975876, 0.07021266502, 0.048693378376],
      [0.022863226909, 0.065818418165, 0.012454820087, 0.073768916995, 0.31967016084, 0.053535227494, 0.0087816842319, 0.21686619452, 0.15488420454, 0.071357146217],
