{
  "X": [
    [42, 48, 65, 171, 473, 560, 52],
    [46, 59, 67, 154, 428, 451, 49],
    [35, 39, 48, 120, 355, 341, 32],
    [60, 38, 60, 149, 415, 342, 49],
    [49, 51, 63, 141, 435, 517, 45],
    [4, 8, 14, 5, 25, 129, 4],
    [8, 12, 15, 31, 39, 136, 10],
    [8, 10, 7, 14, 44, 39, 9],
    [10, 9, 16, 40, 83, 119, 8],
    [3, 7, 16, 30, 42, 133, 9],
    [4, 3, 7, 9, 10, 62, 4],
    [3, 7, 15, 14, 24, 55, 8],
    [14, 19, 12, 35, 128, 97, 6],
    [12, 9, 10, 33, 176, 44, 20],
    [13, 6, 1, 35, 143, 58, 11],
    [21, 30, 23, 79, 457, 151, 31],
    [6, 11, 11, 39, 170, 38, 14],
    [9, 11, 6, 23, 164, 47, 15],
    [3, 7, 6, 26, 141, 35, 16],
    [12, 4, 15, 21, 50, 164, 12],
    [12, 3, 23, 31, 42, 162, 10],
    [3, 2, 3, 19, 21, 89, 2],
    [8, 2, 15, 14, 29, 109, 3],
    [7, 15, 19, 21, 40, 118, 8],
    [0, 2, 2, 7, 15, 50, 1],
    [6, 9, 6, 12, 39, 123, 6],
    [26, 12, 23, 52, 209, 238, 34],
    [56, 28, 49, 143, 432, 450, 58],
    [47, 31, 61, 164, 507, 660, 54],
    [2, 3, 5, 7, 18, 86, 2],
    [16, 17, 20, 50, 168, 228, 26],
    [47, 36, 58, 131, 381, 364, 40],
    [0, 2, 1, 2, 12, 6, 2],
    [44, 50, 78, 205, 527, 547, 49],
    [4, 8, 11, 10, 43, 101, 3],
    [0, 3, 9, 3, 10, 60, 7],
    [37, 52, 13, 88, 382, 158, 49],
    [3, 9, 4, 19, 57, 15, 9],
    [23, 27, 14, 56, 334, 97, 31],
    [14, 11, 14, 33, 105, 162, 21],
    [1, 1, 0, 2, 0, 4, 0],
    [16, 6, 14, 9, 20, 94, 8],
    [9, 5, 8, 14, 31, 92, 7],
    [1, 4, 6, 9, 15, 57, 3],
    [3, 1, 2, 9, 15, 39, 0],
    [0, 7, 3, 4, 66, 11, 3],
    [2, 3, 15, 3, 10, 61, 6],
    [6, 5, 6, 22, 35, 123, 9],
    [10, 16, 21, 29, 109, 167, 9],
    [2, 3, 9, 15, 16, 92, 2],
    [5, 4, 9, 22, 35, 99, 5],
    [6, 5, 13, 18, 25, 118, 9],
    [0, 3, 10, 22, 18, 72, 3],
    [14, 11, 17, 42, 97, 169, 21],
    [9, 27, 16, 63, 227, 170, 25],
    [30, 50, 14, 114, 287, 220, 31],
    [17, 29, 29, 75, 224, 257, 27],
    [2, 0, 2, 8, 34, 42, 5],
    [1, 5, 3, 10, 20, 45, 3],
    [6, 2, 6, 9, 32, 63, 2],
    [17, 9, 12, 25, 69, 123, 4],
    [1, 7, 7, 8, 19, 52, 1],
    [2, 3, 6, 15, 12, 70, 3],
    [0, 1, 0, 1, 3, 1, 0],
    [2, 8, 4, 17, 47, 52, 16],
    [7, 26, 16, 32, 76, 127, 10],
    [0, 5, 1, 6, 21, 32, 4],
    [9, 17, 10, 18, 84, 74, 12],
    [4, 5, 7, 13, 53, 105, 8],
    [7, 7, 5, 9, 31, 90, 7],
    [1, 2, 2, 3, 4, 10, 0],
    [4, 9, 14, 4, 16, 41, 2],
    [8, 6, 13, 8, 45, 133, 6],
    [3, 5, 1, 50, 136, 117, 35],
    [29, 40, 62, 157, 429, 529, 45],
    [11, 20, 9, 32, 74, 102, 9],
    [67, 166, 113, 169, 520, 742, 107],
    [2, 6, 3, 0, 36, 49, 5]
  ],
  "W": [
    [123, 69, 461, 352, 254, 90, 62],
    [107, 76, 424, 326, 192, 72, 57],
    [67, 49, 328, 212, 185, 83, 46],
    [80, 38, 399, 239, 182, 109, 66],
    [113, 87, 377, 342, 200, 111, 71],
    [28, 9, 26, 102, 9, 10, 5],
    [32, 21, 40, 90, 42, 17, 9],
    [13, 10, 43, 27, 17, 13, 8],
    [25, 15, 70, 78, 66, 18, 13],
    [32, 6, 41, 96, 36, 16, 13],
    [13, 2, 13, 48, 13, 5, 5],
    [7, 9, 25, 46, 25, 4, 10],
    [23, 21, 122, 61, 45, 22, 17],
    [14, 8, 151, 31, 52, 16, 32],
    [8, 7, 131, 40, 46, 23, 12],
    [30, 24, 433, 109, 124, 31, 41],
    [9, 4, 164, 30, 44, 18, 20],
    [16, 11, 164, 29, 33, 8, 14],
    [8, 6, 132, 30, 23, 13, 22],
    [43, 11, 44, 103, 41, 23, 13],
    [52, 15, 40, 94, 39, 32, 11],
    [21, 3, 18, 63, 20, 10, 4],
    [24, 2, 25, 76, 19, 22, 12],
    [28, 14, 39, 87, 30, 16, 14],
    [5, 3, 16, 43, 6, 1, 3],
    [23, 5, 42, 76, 29, 15, 11],
    [47, 17, 198, 132, 98, 60, 42],
    [76, 28, 416, 294, 220, 112, 70],
    [124, 38, 460, 422, 293, 120, 67],
    [24, 4, 17, 56, 12, 4, 6],
    [33, 20, 152, 155, 76, 41, 48],
    [81, 35, 370, 232, 191, 85, 63],
    [2, 4, 10, 5, 3, 0, 1],
    [120, 51, 507, 373, 267, 92, 90],
    [16, 14, 35, 67, 24, 19, 5],
    [9, 3, 8, 46, 7, 12, 7],
    [29, 50, 375, 113, 110, 42, 60],
    [5, 9, 57, 11, 18, 6, 10],
    [20, 36, 295, 71, 92, 22, 46],
    [44, 19, 99, 100, 54, 19, 25],
    [1, 0, 2, 2, 2, 1, 0],
    [16, 8, 18, 65, 19, 28, 13],
    [17, 4, 33, 76, 13, 9, 14],
    [17, 4, 10, 41, 13, 4, 6],
    [8, 0, 13, 26, 11, 8, 3],
    [6, 5, 62, 6, 8, 0, 7],
    [27, 1, 9, 36, 5, 9, 13],
    [11, 8, 33, 94, 31, 9, 20],
    [50, 21, 92, 106, 52, 25, 15],
    [19, 4, 17, 71, 21, 2, 5],
    [14, 2, 37, 69, 35, 10, 12],
    [25, 7, 17, 88, 30, 13, 14],
    [26, 4, 18, 53, 23, 4, 0],
    [39, 18, 80, 126, 53, 25, 30],
    [34, 26, 209, 123, 89, 21, 35],
    [33, 57, 286, 133, 146, 42, 49],
    [39, 29, 241, 172, 101, 38, 38],
    [14, 4, 28, 26, 16, 0, 5],
    [8, 4, 19, 33, 15, 5, 3],
    [18, 6, 31, 43, 11, 5, 6],
    [24, 5, 63, 96, 39, 20, 12],
    [8, 5, 23, 45, 9, 2, 3],
    [21, 2, 11, 48, 20, 4, 5],
    [0, 1, 2, 0, 1, 0, 2],
    [10, 3, 48, 41, 20, 5, 19],
    [30, 17, 70, 79, 58, 18, 22],
    [4, 6, 18, 24, 8, 0, 9],
    [17, 13, 90, 43, 28, 16, 17],
    [21, 8, 38, 75, 19, 15, 19],
    [27, 7, 24, 66, 14, 10, 8],
    [6, 2, 2, 6, 2, 0, 4],
    [14, 10, 17, 26, 11, 11, 1],
    [29, 6, 38, 97, 30, 10, 9],
    [0, 1, 149, 115, 55, 4, 23],
    [124, 65, 387, 336, 239, 73, 67],
    [23, 25, 68, 69, 36, 23, 13],
    [199, 164, 506, 542, 213, 121, 139],
    [10, 7, 37, 32, 4, 2, 9]
  ],
  "method": "mult",
  "cond_prob": [
    [
      [0, 0, 0.24596952761, 0.0043187997612, 0, 0.74911985494, 0.00059181768278],
      [0.067941614616, 0.55587769555, 0.052976556628, 0.051625531562, 0.10023667654, 0.12677117543, 0.044570749679],
      [0.0092086065668, 0.0078140253057, 0.010829858056, 0.049151843037, 0.87180380336, 0.021402128967, 0.029789734712],
      [0, 0, 0.0085785825116, 0.011408024118, 0, 0.97607058343, 0.0039428099409],
      [0.014261705068, 0, 0.018662678076, 0.52652106768, 0.18283475207, 0.24578182554, 0.011937971564],
      [0.30117101161, 0, 0.19513258668, 0.036398873424, 0.036897028224, 0.42261773597, 0.007782764098],
      [0.037725755354, 0.097454408726, 0.012514307354, 0.051931484246, 0.23260252267, 0.083929677295, 0.48384184435]
    ],
    [
      [0.0031261988133, 0.0011119907655, 0.30302016178, 0.0071350877574, 1.7976133509e-05, 0.68444140191, 0.0011471828395],
      [0.0789665506, 0.58113055261, 0.056654165052, 0.053765150184, 0.090536219225, 0.097844552858, 0.041102809471],
      [0.015513040353, 0.017890947445, 0.0024109971695, 0.063422456507, 0.86861130348, 0, 0.032151255043],
      [0.0027844389833, 0.0016703149984, 0.027341542699, 0.020652378732, 0.0091155320782, 0.93239191449, 0.0060438780152],
      [0.019355057476, 0.0014176365983, 0.021375864044, 0.56982519392, 0.17951138226, 0.19595175041, 0.012563115282],
      [0.35786925066, 0.00042302897579, 0.21399121583, 0.039321165247, 0.036102725448, 0.34462254956, 0.0076700642851],
      [0.047298694391, 0.11021344334, 0.014455912099, 0.057702386663, 0.22436642335, 0.069004565018, 0.47695857513]
    ],
    [
      [0.0016206760963, 0.00047888690023, 0.27094984965, 0.0038463414173, 0.0013709832035, 0.72143320587, 0.00030005686628],
      [0.062159292782, 0.59124036543, 0.053717386431, 0.046110289419, 0.099958796662, 0.11201798557, 0.034795883712],
      [0.008483966965, 0.013979858323, 0.0011481269836, 0.043890588703, 0.90254563436, 0.0070430417756, 0.022908782893],
      [0, 0, 0.022127296117, 0.010288327629, 0.0023946374444, 0.96244150978, 0.0027482290255],
      [0.014235626686, 0, 0.02038250121, 0.51674537116, 0.20532374516, 0.23378311923, 0.0095296365607],
      [0.29669771934, 0, 0.21344675574, 0.034719929986, 0.042558305023, 0.40637292019, 0.0062043697179],
      [0.039203620621, 0.11764659004, 0.014343310019, 0.052739229105, 0.25978912414, 0.083664058789, 0.43261406729]
    ],
    [
      [0.0036460280444, 0.001230553917, 0.30448765798, 0.00778358793, 0.0027768973177, 0.67889471971, 0.0011805551037],
      [0.082051131422, 0.58814684659, 0.053127162908, 0.054028782336, 0.093147209282, 0.090397920559, 0.039100946902],
      [0, 0.010690854632, 0.00096423343712, 0.066644533532, 0.89103789317, 0, 0.030662485227],
      [0.033259201114, 0.014370897382, 0.026400498366, 0.022443262658, 0.0064632310201, 0.89087958802, 0.0061833214418],
      [0.021058208656, 0.0015907858517, 0.019663152721, 0.58117747497, 0.18845730892, 0.17585877685, 0.01219429204],
      [0.38040379484, 0.00057502996458, 0.20587585275, 0.042257150694, 0.040414277979, 0.32282997559, 0.0076439181783],
      [0.050679061867, 0.11362846595, 0.013765835984, 0.060436071407, 0.23431872954, 0.06270174515, 0.4644700901]
    ],
    [
      [0.0012636192117, 0, 0.24562805253, 0.0050320226999, 0.0063597072112, 0.74171659834, 0],
      [0.077534977175, 0.50999796957, 0.069165888304, 0.0554544919, 0.12387107931, 0.12497477545, 0.039000818289],
      [0.007079983178, 0, 0.00088729947249, 0.047112814804, 0.92401295872, 0, 0.020906943826],
      [0, 0, 0.011301134495, 0.013444330757, 0.017218676828, 0.95645368206, 0.0015821758653],
      [0.010316050876, 0, 0.016140752912, 0.52530395887, 0.21867099183, 0.22070233906, 0.0088659064514],
      [0.3104817889, 0, 0.18851059922, 0.037717294265, 0.050247320701, 0.40707363614, 0.0059693607661],
      [0.041067966386, 0.093382769682, 0.012313673057, 0.056337139463, 0.28100345506, 0.082822792054, 0.4330722043]
    ],
    [
      [0, 0, 0.28630441067, 0, 0, 0.71344715953, 0.00024842979869],
      [0.050410066083, 0.67825018155, 0.048511687272, 0.022992033732, 0.071738814651, 0.095637321283, 0.032459895431],
      [0.0077276632085, 0.044861346637, 0.078279259793, 0.02579674642, 0.80445049196, 0.0087454483711, 0.030139043605],
      [0, 0, 0.0087787457924, 0, 0, 0.98866548643, 0.0025557677766],
      [0.017836322885, 0.0022913808426, 0.02753396403, 0.41877051211, 0.22568329366, 0.29313631792, 0.014748208551],
      [0.30096658075, 0.00077823831816, 0.22966134201, 0.020563622617, 0.034591886305, 0.40623632158, 0.0072020084174],
      [0.035039489677, 0.14018970855, 0.014351878809, 0.029557090857, 0.21231387421, 0.078178458161, 0.49036949974]
    ],
    [
      [0, 0, 0.23231453344, 0.0062459495961, 0, 0.75996037533, 0.0014791416379],
      [0.068605283872, 0.53591095605, 0.051684161261, 0.05825451869, 0.073926287904, 0.15249565932, 0.059123132907],
      [0.011179293162, 0, 0.001431075011, 0.07391699867, 0.83957212219, 0.025905446631, 0.047995064333],
      [0, 0, 0, 0, 0, 0.99283108473, 0.0071689152664],
      [0.01247115654, 0, 0.073513982706, 0.60627162433, 0.047085106885, 0.24428808792, 0.016370041616],
      [0.31111987134, 0, 0.19057253081, 0.04114646992, 0.025319491323, 0.4211998455, 0.010641791109],
      [0.033254547189, 0.082874435882, 0.0106671384, 0.050800729221, 0.16185080274, 0.074149620733, 0.58640272584]
    ],
    [
      [0.0047150421205, 0.0070881683019, 0.28225953749, 0.0067485499963, 0.0048378613223, 0.68778445336, 0.00656638741],
      [0.072770241383, 0.66306811193, 0.035375003624, 0.041304195753, 0.076195257392, 0.059099785272, 0.052187404644],
      [0, 0.00528437628, 0, 0.055442726521, 0.87826839239, 0, 0.061004504804],
      [0.034831363794, 0.070006755532, 0.014062620255, 0.017842435267, 0.0090144305601, 0.83514845943, 0.019093935161],
      [0.022930398475, 0.0089439837066, 0.015086651383, 0.57646815862, 0.190107742, 0.1617362796, 0.024726786217],
      [0.42670534936, 0.0060580887676, 0.17517786876, 0.037959667283, 0.04083128135, 0.29713845434, 0.016129290136],
      [0.041696112549, 0.11611990455, 0.0079249827664, 0.042501191085, 0.1754483074, 0.038309898668, 0.57799960298]
    ],
    [
      [0.00042169386586, 0, 0.28927475261, 0.0034831597637, 0.0012356635054, 0.70558473025, 0],
      [0.082225588007, 0.5164147626, 0.081654448109, 0.050697399399, 0.11059172498, 0.12348613689, 0.03492994001],
      [0.017421377183, 0, 0.0036580747459, 0.043720897567, 0.9056883932, 0.0097600604844, 0.019751196818],
      [0, 0, 0.021523829051, 0.0094762191484, 0.0020061776815, 0.96679318105, 0.00020059306646],
      [0.013292105036, 0, 0.023273898282, 0.51615029218, 0.20490815214, 0.23550408705, 0.0068714653093],
      [0.33473470592, 0, 0.21448172186, 0.03206174184, 0.03925077446, 0.37454290011, 0.0049281558072],
      [0.048774907046, 0.096444504693, 0.016280175739, 0.054601650349, 0.2711623979, 0.08692118362, 0.42581518065]
    ],
    [
      [0, 0, 0.27108590444, 0.0098786214928, 0, 0.71852388276, 0.00051159131017],
      [0.024313811679, 0.67340284388, 0.046595111328, 0.052403412111, 0.071495368556, 0.095339538207, 0.036449914244],
      [0, 0.024569091244, 0.05245996563, 0.074573272708, 0.80696716869, 0.0079944446864, 0.033436057042],
      [0, 0, 0, 0.027225666193, 0, 0.96890415178, 0.0038701820226],
      [0.00034587661221, 0.0060080608822, 0.017442429316, 0.61017391318, 0.14663135869, 0.20828555174, 0.011112809574],
      [0.16463357586, 0.00061577988767, 0.25616295706, 0.055917995532, 0.038497530817, 0.47475796558, 0.0094141952687],
      [0.015963719854, 0.13277750198, 0.012945156226, 0.064411284678, 0.19928342049, 0.076786185165, 0.4978327316]
    ],
    [
      [0, 0, 0.29756827251, 0.0021201037986, 0, 0.69926976955, 0.00104185414],
      [0.071823067768, 0.72892322261, 0.036688742023, 0.029474047025, 0.034858621558, 0.067986415645, 0.030245883371],
      [0.06435752774, 0.059664560342, 0.13510867153, 0.077476625052, 0.60030033208, 0.012965987856, 0.050126295398],
      [0, 0, 0, 0.0011464542601, 0, 0.99289019716, 0.0059633485812],
      [0.029688814194, 0.0029598717078, 0.024982683804, 0.57695139701, 0.11191365557, 0.23829575926, 0.015207818464],
      [0.46806633517, 0.00082219958277, 0.18197577742, 0.026887882597, 0.013654887481, 0.30151213932, 0.0070807784229],
      [0.058683948695, 0.14478498804, 0.013433693376, 0.04329141047, 0.12064529602, 0.068165458356, 0.55099520504]
    ],
    [
      [0, 0, 0.55818407462, 0, 0, 0.44077209776, 0.0010438276226],
      [0.060554327748, 0.56649101946, 0.14730619318, 0.032737524177, 0.05512755829, 0.093148450565, 0.044634926583],
      [0.024744112161, 0.031508874197, 0.11169302658, 0.032833126328, 0.73869593385, 0.014295799944, 0.046229126944],
      [0, 0, 0.056663294027, 0, 0, 0.93496624295, 0.0083704630205],
      [0.019633375035, 0.0031780103686, 0.084523960567, 0.49775980603, 0.13723336612, 0.23981327071, 0.017858211159],
      [0.24389710504, 0.00054242436333, 0.45455791517, 0.020032655782, 0.017070166639, 0.25704710043, 0.0068526325781],
      [0.036998545023, 0.10322390133, 0.043678787462, 0.036040835022, 0.15373388094, 0.068689691664, 0.55763435856]
    ],
    [
      [0.0029056366469, 0.0013931652553, 0.23792367732, 0.0055128220174, 0.0019205930988, 0.75034410567, 0],
      [0.076314145251, 0.63781880462, 0.038969947414, 0.045584083062, 0.090114823376, 0.095942190833, 0.015256005447],
      [0.014191027238, 0.020487111947, 0.00026737138849, 0.052668399104, 0.90748733538, 0, 0.004898754938],
      [0.0013936409894, 0.001984141972, 0.018521896348, 0.014464721878, 0.0034762739814, 0.95637735009, 0.0037819747392],
      [0.019893784276, 0.0018190180645, 0.015671577867, 0.54714854286, 0.19825322831, 0.21397735469, 0.0032364939403],
      [0.38725332621, 0.00059501528826, 0.16386907135, 0.036452168042, 0.040362279805, 0.36922162158, 0.0022465177271],
      [0.064674259674, 0.16813857854, 0.013917115635, 0.069671441093, 0.31344364756, 0.096260268872, 0.27389468863]
    ],
    [
      [0.0031297192799, 0.00076162883954, 0.34752689278, 0.0037524411283, 0.0087418295288, 0.63506720657, 0.0010202818745],
      [0.093961757059, 0.55513851464, 0.057927823399, 0.044541124496, 0.12452982747, 0.081409588921, 0.04249136402],
      [0, 0, 0, 0, 0.97490334493, 0, 0.025096655068],
      [0.00092520981778, 0.00088017311753, 0.029491667322, 0.012198765306, 0.017999430629, 0.93212084767, 0.0063839061402],
      [0.049018586515, 0.029309945107, 0, 0.58391312449, 0.32469175051, 0, 0.013066593379],
      [0.41797643159, 3.8545815495e-05, 0.21374376684, 0.030078673711, 0.054823619747, 0.2759047058, 0.0074342565039],
      [0.06060059266, 0.093631557309, 0.010533092423, 0.042757307848, 0.29224498094, 0.035861275817, 0.464371193]
    ],
    [
      [0.0031542804947, 0.00087013579072, 0.043349070007, 0.0072379298142, 0.0052433247507, 0.93876812074, 0.0013771384006],
      [0.095804187013, 0.56066940274, 0.0063527876077, 0.057960053293, 0.12453939647, 0.10710772445, 0.047566448427],
      [0.0019386751824, 0, 0, 0.0079334730406, 0.96144403623, 0, 0.028683815547],
      [0, 0, 0.00028455455706, 0.015820496589, 0.020061869863, 0.95784236325, 0.0059907157411],
      [0.016260151264, 0.022620274726, 0, 0.67819355661, 0.2341923184, 0.035979330793, 0.012754368206],
      [0.46622279524, 0, 0.025314120424, 0.044473466782, 0.061977765093, 0.39272087196, 0.009290980501],
      [0.048256562445, 0.085651704758, 0.0012609145551, 0.053706501362, 0.26135823688, 0.061564763456, 0.48820131655]
    ],
    [
      [0.0023166591703, 0.0013467942438, 0.31271814507, 0.0035393496003, 0.0039613425722, 0.67530826614, 0.00080944320554],
      [0.065528231205, 0.63085798577, 0.051131711715, 0.036856556787, 0.097968774587, 0.085085614772, 0.032571125161],
      [0, 0, 0, 0.028270408503, 0.94763200554, 0, 0.024097585961],
      [0.00071718244259, 0.0021320695203, 0.026447536885, 0.0097105405326, 0.01171289626, 0.94446525668, 0.004814517677],
      [0.054618945105, 0.073385571533, 0.015840867139, 0.49947476564, 0.24531172486, 0.099568564429, 0.011799561298],
      [0.34518574264, 0.00057195368283, 0.22443460593, 0.03051361196, 0.047259625741, 0.34517632606, 0.0068581339781],
      [0.044052257923, 0.1333918903, 0.014311530173, 0.044608132659, 0.26938640886, 0.065976004529, 0.42827377555]
    ],
    [
      [0.0013146340681, 0.0018678990147, 0.41612411222, 0.0062695279241, 0.0037565926675, 0.56969681032, 0.00097042378524],
      [0.03303348981, 0.7094544005, 0.052540916705, 0.042135361565, 0.078566278325, 0.056050989072, 0.02821856402],
      [0, 0, 0, 0.03522787908, 0.93817877586, 0, 0.026593345065],
      [0, 0.0033157096001, 0.029169596391, 0.082473468493, 0.010276288712, 0.86838409753, 0.0063808392699],
      [0.020896538127, 0.10735483991, 0, 0.64642975239, 0.21409784855, 0, 0.011221021024],
      [0.24624051899, 0.0011132798898, 0.32483231487, 0.049405396309, 0.055204504151, 0.31480647459, 0.0083975111963],
      [0.025212865735, 0.16511240123, 0.016132488192, 0.059562516996, 0.25341656201, 0.046524264108, 0.43403890173]
    ],
    [
      [0.0035905838713, 0.0012414991565, 0.23555017196, 0.0036966720196, 0.0040887542492, 0.7501450329, 0.0016872858342],
      [0.094190304159, 0.59770967372, 0.036289966808, 0.037527103706, 0.097600562298, 0.090138038135, 0.046544351169],
      [0, 0.0053006384881, 0, 0.03163729353, 0.92424933775, 0, 0.03881273023],
      [0.0012825809635, 0.0015599506591, 0.017546727529, 0.010204587611, 0.0065192575449, 0.95552695778, 0.0073599379172],
      [0.10640975515, 0.062288309574, 0.0018092639043, 0.49368161901, 0.23164475469, 0.086928209137, 0.017238088542],
      [0.45269644061, 0.00039127876263, 0.14337134897, 0.02776312599, 0.040698599657, 0.32620681264, 0.0088723933722],
      [0.052583501397, 0.10229584824, 0.008319715341, 0.037857678014, 0.22322558462, 0.058399562565, 0.51731810983]
    ],
    [
      [0.00076614371767, 0.00084995318149, 0.31444419591, 0.0076152052334, 0.0056628418688, 0.66940343694, 0.0012582231422],
      [0.031129356514, 0.5942644221, 0.052069610181, 0.066630205288, 0.12141003953, 0.086307464596, 0.048188901789],
      [0, 0, 0, 0, 0.96982985194, 0, 0.030170148057],
      [0, 0.013717206631, 0, 0.30347763752, 0.018721958543, 0.65689918235, 0.0071840149507],
      [0, 0.01972410023, 0, 0.61699619608, 0.21046545404, 0.14053918947, 0.012275060186],
      [0.19108221611, 0.020620127171, 0.2440022132, 0.063480831505, 0.069108981637, 0.40006313922, 0.011642491161],
      [0.014682995536, 0.10429007657, 0, 0.064491121878, 0.26854161868, 0.044851367213, 0.50314282012]
    ],
    [
      [0, 0, 0.19065122447, 0, 0, 0.80786687597, 0.0014818995532],
      [0.11655962687, 0.36363636364, 0.054397817716, 0.050388184899, 0.12831696537, 0.21061551473, 0.076085526774],
      [0.012906725766, 0, 0.034812455333, 0.022039946549, 0.83887937103, 0.050293163098, 0.04106833822],
      [0, 0, 0, 0, 0, 0.99324482506, 0.0067551749444],
      [0.021296410703, 0, 0.016230119343, 0.45236719571, 0.20252858374, 0.28903534885, 0.018542341658],
      [0.37748150987, 0, 0.14458780346, 0.021223930093, 0.032294623559, 0.4145390343, 0.0098730987246],
      [0.045747738837, 0, 0.052378380433, 0.033905146298, 0.20241329079, 0.08023003248, 0.58532541116]
    ],
    [
      [0, 0, 0.22320361102, 0.0079504258625, 0, 0.76884596312, 0],
      [0.10667145932, 0.17872108816, 0.082979441124, 0.19249107858, 0.13714652204, 0.2182841073, 0.083706303483],
      [0.00068869733804, 0, 0.079169257938, 0.073799694383, 0.78752067528, 0.020014958177, 0.038806716886],
      [0, 0, 0, 0, 0, 0.99956161627, 0.00043838373345],
      [0.011725428666, 0, 0.017219821545, 0.58180739641, 0.14035694911, 0.23684715838, 0.012043245892],
      [0.29749804546, 0, 0.19307350749, 0.043930803492, 0.025436671839, 0.43211707943, 0.0079438922906],
      [0.035922822176, 0.029016697966, 0.012002273881, 0.059177248132, 0.19582551311, 0.083779303066, 0.58427614166]
    ],
    [
      [0, 0, 0.093387948798, 0.017781134113, 0.00099949642474, 0.88783142066, 0],
      [0.052119085364, 0.60909486371, 0.016690147028, 0.075243013854, 0.099454506809, 0.12036295257, 0.027035430664],
      [0, 0, 0, 0.09626694882, 0.88886216717, 0.00038724900982, 0.014483634996],
      [0, 0, 0, 0.032915303614, 0.00078253408747, 0.9663021623, 0],
      [0, 0, 0.0031448031331, 0.65738575114, 0.15329568606, 0.18617375967, 0],
      [0.27079853342, 0, 0.076927130396, 0.09817860514, 0.04767960313, 0.50126501368, 0.0051511142321],
      [0.033914352435, 0.043178852218, 0.039153816881, 0.11622421538, 0.27227966139, 0.093579817762, 0.40166928394]
    ],
    [
      [0, 0, 0.2774112081, 0.0032002931281, 0, 0.71938849877, 0],
      [0.075771026366, 0.54184919815, 0.067649055479, 0.055931259728, 0.10758887649, 0.13204340134, 0.019167182445],
      [0.0092012332546, 0, 0.065425270004, 0.075364596436, 0.82951243981, 0.02049646049, 0],
      [0, 0, 0, 0, 0, 1, 0],
      [0.014695221795, 0, 0.022786978012, 0.54130007746, 0.18107046803, 0.2401472547, 0],
      [0.303287517, 0, 0.22512891205, 0.034121113533, 0.030815161302, 0.40664729612, 0],
      [0.055574377314, 0.076358466976, 0.098784374762, 0.074320797091, 0.32739490087, 0.1207616134, 0.24680546959]
    ],
    [
      [0, 0, 0.33399265541, 0.002760255197, 0, 0.66324708939, 0],
      [0.048610914109, 0.68821880727, 0.054685875229, 0.036358647053, 0.060227923915, 0.085155817439, 0.026742014982],
      [0.016778540474, 0.0711759829, 0.032256969494, 0.052182553428, 0.79222752443, 0.008223480273, 0.027154948998],
      [0, 0, 0.026035374818, 0.0079391247851, 0, 0.96503575378, 0.00098974662097],
      [0.015370554785, 0.0064800062804, 0.029036695111, 0.54718493867, 0.16339500288, 0.22878749024, 0.0097453120336],
      [0.29169555602, 0.0029811986281, 0.26379570324, 0.033769058041, 0.028146821804, 0.37377393396, 0.0058377283051],
      [0.038345613153, 0.1676409999, 0.019119419338, 0.052286804787, 0.2076954555, 0.079576149502, 0.43533555782]
    ],
    [
      [0, 8.3266726847e-17, 0.20599488718, 0.0077792309606, 2.3314683517e-16, 0.78622588186, 0],
      [1.2325951644e-32, 0.5352417285, 0.038165696433, 0.1111393183, 0.089135485788, 0.22631777098, 0],
      [2.1163626407e-16, 0, 0.02954133039, 0.14176059458, 0.81104614708, 0.017651927957, 0],
      [0, 0, 0, 1.5415015072e-50, 0, 1, 0],
      [0, 0, 0.012226534549, 0.66204488129, 0.1358484384, 0.18988014576, 0],
      [0, 0.00014831794104, 0.23221754346, 0.078916951677, 0.054630786005, 0.62921505418, 0.0048713467368],
      [0, 0.13137549885, 0.025763479264, 0.10277671256, 0.29537792433, 0.1129968339, 0.33170955109]
    ],
    [
      [0, 0.0042899832804, 0.11391391697, 0, 0, 0.88179609975, 0],
      [0.039740007997, 0.76929248863, 0.016716328445, 0.017168920978, 0.047832519623, 0.088518536998, 0.020731197327],
      [0.0011670707254, 0.049642326707, 0.028907319643, 0, 0.73626082859, 0.16078562373, 0.023236830604],
      [0, 0, 0, 0, 0, 1, 0],
      [0.016630740397, 0.020102279631, 0.012130953206, 0.39008792882, 0.18347429683, 0.36680118009, 0.010772621022],
      [0.32384523138, 0.002356451584, 0.11044986428, 0.018839903823, 0.023985211119, 0.51477128414, 0.0057520536786],
      [0.037483004301, 0.21377975787, 0.0067041122957, 0.029000627445, 0.19612271147, 0.10584521269, 0.41106457393]
    ],
    [
      [0, 0, 0.19260767404, 0.00040396031497, 0, 0.8056440002, 0.0013443654528],
      [0.084259883076, 0.49307409596, 0.047059478176, 0.043853520818, 0.11816236763, 0.15377491336, 0.059815740987],
      [0.0089114889948, 0.0035358565244, 0.0087471453537, 0.02470229011, 0.88324722679, 0.033915823306, 0.036940168924],
      [0, 0, 0.0029302396133, 4.7159761682e-05, 0, 0.990893951, 0.0061286496245],
      [0.017065113725, 0, 0.015925416417, 0.4434560247, 0.21033158373, 0.29621507099, 0.017006790435],
      [0.32536140626, 0, 0.15140154799, 0.023760898336, 0.035516033452, 0.45428518242, 0.0096749315424],
      [0.038310515385, 0.069467637546, 0.0091409069995, 0.03461621809, 0.22297218175, 0.0885960956, 0.53689644463]
    ],
    [
      [0.0026207865592, 0.00042488316033, 0.23612293403, 0.0039357584478, 0, 0.75555265446, 0.0013429833461],
      [0.082279464267, 0.55553594724, 0.047203298993, 0.048082389904, 0.10048886332, 0.11788770265, 0.048522333632],
      [0.014548941121, 0.01383734678, 0.0022612070094, 0.044031793142, 0.88105156637, 0.0087435093249, 0.035525636249],
      [0, 0, 0.017177578484, 0.0096331925943, 0, 0.96649093634, 0.0066982925829],
      [0.019444586327, 0.00041660816917, 0.017307057602, 0.5149456122, 0.19514194302, 0.23756968615, 0.015174506532],
      [0.35768868838, 0, 0.17125097301, 0.032733418866, 0.037120876804, 0.39222558966, 0.0089804532899],
      [0.044367051795, 0.093781604278, 0.010777611464, 0.046443046772, 0.22257277927, 0.075670149004, 0.50638775742]
    ],
    [
      [0.0011603819769, 5.1470097046e-05, 0.21545266559, 0.0017230272499, 0.0010270145302, 0.77988488853, 0.00070055203186],
      [0.067148186939, 0.54754647315, 0.046959311428, 0.045506585426, 0.11327483476, 0.13293912478, 0.046625483522],
      [0.0057264355063, 0.0087675034629, 0.0024562248556, 0.03253041373, 0.90522123439, 0.016535730552, 0.028762457499],
      [0, 0, 0.012462545984, 0.0025401059092, 0.0011920585934, 0.97978276368, 0.0040225258351],
      [0.012839588997, 0, 0.015935057841, 0.47599108943, 0.21722632597, 0.26509910321, 0.012908834556],
      [0.29603396097, 0, 0.17284589858, 0.030410770809, 0.044322887954, 0.4482561995, 0.0081302821925],
      [0.035585765763, 0.091847763215, 0.010445940552, 0.043380562186, 0.24921387858, 0.08512005337, 0.48440603633]
    ],
    [
      [0, 0, 0.13437396165, 0, 0, 0.86562603835, 0],
      [0.062305763424, 0.63361547228, 0.028762686652, 0.038558563133, 0.088281611561, 0.12822210479, 0.020253798157],
      [0, 0, 0.019829580779, 0.03010311247, 0.79264466893, 0.15742263783, 0],
      [0, 0, 0, 0, 0, 1, 0],
      [0.0076348311648, 0, 0.022200662678, 0.49095945904, 0.19184547235, 0.28735957476, 0],
      [0.34370342906, 0, 0.11920396271, 0.029833440357, 0.036853517376, 0.46730435708, 0.0031012934102],
      [0.047390876013, 0.077589685146, 0.09660791625, 0.053860927588, 0.28705907404, 0.11972824867, 0.31776327229]
    ],
    [
      [0.0004281446635, 0, 0.22246663251, 0.0032424186732, 0, 0.77386280415, 0],
      [0.061131260836, 0.5674900786, 0.047366159379, 0.047519744165, 0.10721175867, 0.13115608763, 0.038124910725],
      [0.0036120744368, 0.004740470445, 0.011128443137, 0.040162239344, 0.89566755193, 0.024057401795, 0.020631818913],
      [0, 0, 0.0050857174571, 0.0064533535447, 0, 0.988460929, 0],
      [0.012278201778, 0, 0.016253585718, 0.50071309714, 0.20386373823, 0.25952894116, 0.0073624359771],
      [0.28267466834, 0, 0.18156339542, 0.033959504497, 0.042341604691, 0.45457885482, 0.0048819722335],
      [0.035237624124, 0.10270097751, 0.011502013539, 0.049815417789, 0.26009681324, 0.096027168069, 0.44461998573]
    ],
    [
      [0.0025769577271, 0, 0.29684387697, 0.0043973651205, 0, 0.69594404776, 0.00023775242135],
      [0.077106836985, 0.59635492966, 0.05623993213, 0.04556321612, 0.088858710904, 0.10272984821, 0.033146525992],
      [0.018480224512, 0.019010001185, 0.0057265044076, 0.049471882129, 0.87551157035, 0.0079759231408, 0.023823894279],
      [0, 0, 0.025912271543, 0.012388986838, 0, 0.95886433317, 0.0028344084467],
      [0.02101412268, 0.0012395728927, 0.024063109088, 0.53198128682, 0.18709596489, 0.22509714574, 0.0095087978862],
      [0.35299179313, 0.0003140348411, 0.21454226554, 0.033278114312, 0.033933193459, 0.3592952074, 0.0056453913062],
      [0.051378479556, 0.12429247047, 0.016264258806, 0.054495143302, 0.24334941828, 0.080821001902, 0.42939922768]
    ],
    [
      [1.2602122269e-33, 0, 0.37314050715, 0.00083742215891, 0.022038009731, 0.59904967708, 0.0049343838801],
      [0, 0.49110345635, 0.055041364858, 0.036568117783, 0.25458531706, 0.068013040223, 0.09468870373],
      [0, 0, 0, 0, 0.93548202606, 0, 0.064517973942],
      [1.3452075218e-33, 0, 0.0017095738202, 0.041315892561, 0.13300652391, 0.80512799804, 0.018840011668],
      [0, 0, 0.0067319642255, 0.54255167778, 0.26051423409, 0.16100957187, 0.029192552029],
      [0, 0.00039691908077, 0.39412804108, 0.043427264624, 0.068211161146, 0.47147989079, 0.022356723279],
      [0, 0.035586174606, 0.0048097644987, 0.017818188393, 0.1361871299, 0.021179779124, 0.78441896348]
    ],
    [
      [0.0013387628586, 0, 0.29649365719, 0.0069801853443, 0, 0.69518739461, 0],
      [0.063022815041, 0.59611518536, 0.05796894232, 0.054033352331, 0.093373841915, 0.10586303049, 0.02962283254],
      [0.010549683983, 0.015760312034, 0.0049222504467, 0.063809480886, 0.88182028677, 0.004706130344, 0.018431855536],
      [0, 0, 0.022913455703, 0.020227295794, 0, 0.95624697569, 0.00061227281309],
      [0.014244922794, 0.00024390561079, 0.021575299772, 0.56787801331, 0.1796084943, 0.20985530709, 0.0065940571292],
      [0.30011932971, 3.5275340791e-05, 0.2297787633, 0.041919108069, 0.038399827563, 0.38471389399, 0.0050338020244],
      [0.04291247101, 0.12821421351, 0.01690882069, 0.067005568374, 0.26296440619, 0.085414698175, 0.39657982205]
    ],
    [
      [0, 0, 0.24609811945, 0, 0, 0.75390188055, 0],
      [0.036401611087, 0.53050575929, 0.057175776864, 0.027728225131, 0.11726243505, 0.20317889091, 0.027747301673],
      [0, 0, 0.024668138523, 0, 0.93042525319, 0.033977476197, 0.010929132089],
      [0, 0, 0, 0, 0, 1, 0],
      [0, 0, 0.032494050362, 0.37794578408, 0.26187266759, 0.3199039026, 0.0077835953646],
      [0.17746552887, 0, 0.2390340185, 0.019209370225, 0.04960616981, 0.51048275042, 0.004202162178],
      [0.023706479262, 0.114583874, 0.015416160847, 0.035225599214, 0.31319615979, 0.10539757022, 0.39247415667]
    ],
    [
      [0, 0, 0.33904420117, 0, 0, 0.65598302446, 0.0049727743735],
      [0, 0.68688462393, 0.061960630086, 0.020562760025, 0.07366021272, 0.09630096953, 0.060630803709],
      [0, 0.01930977382, 0.02447816641, 0.0046625436586, 0.8808937996, 0.014929594974, 0.055726121535],
      [0, 0, 0, 0, 0, 0.97326178421, 0.026738215791],
      [0, 0.0019355626318, 0.034082555069, 0.39673674802, 0.23289263153, 0.30393636633, 0.030416136423],
      [0, 0.010254672821, 0.43718652434, 0, 0, 0.53051678924, 0.022042013598],
      [2.1215165119e-17, 0.092608989339, 0.011725541489, 0.017693447792, 0.15737436347, 0.06057357181, 0.6600240861]
    ],
    [
      [0.0040646499077, 0.00228608933, 0.1815348592, 0.0060926243345, 0.0028577938176, 0.80136849287, 0.0017954905456],
      [0.087529298356, 0.63916815425, 0.023539142195, 0.043263526295, 0.088474762982, 0.07730275233, 0.040722363591],
      [0, 0.0081579836599, 0, 0.049703299035, 0.90291970569, 0, 0.039219011612],
      [0.06027561962, 0.077248540046, 0.0059386136902, 0.015005878918, 0.0076268059192, 0.82549820404, 0.00840633777],
      [0.024561348455, 0.0044098726349, 0.0096091671648, 0.55313593173, 0.20739036833, 0.18491027542, 0.015983036266],
      [0.46922158811, 0.0015305857973, 0.10658151905, 0.036940088821, 0.042961396627, 0.33339707655, 0.0093677450449],
      [0.054757669788, 0.1272932701, 0.0059006073037, 0.048821665052, 0.22365579919, 0.05451785872, 0.48505312985]
    ],
    [
      [0.0016848732409, 0.0022787467629, 0.37195563365, 0.0098748423352, 0.0030642460472, 0.60886233211, 0.0022793258558],
      [0.045120297255, 0.66518963012, 0.045294353254, 0.060408295169, 0.08458601467, 0.053755960154, 0.045645449377],
      [0, 0, 0, 0.063724688548, 0.88933099034, 0, 0.046944321112],
      [4.3603900762e-05, 0.0038769753348, 0.006270520887, 0.12713379044, 0.00561258331, 0.84636929799, 0.010693228139],
      [0.024541932091, 0.097365456207, 0, 0.68664905033, 0.17467222957, 0, 0.016771331803],
      [0.3131719498, 0.0014769019443, 0.26071093949, 0.060720977746, 0.048520914126, 0.30291484222, 0.012483474677],
      [0.026422683914, 0.1197813243, 0.0099331285806, 0.065216341733, 0.2034574155, 0.034433336683, 0.54075576929]
    ],
    [
      [0.0035677804486, 0.00069550750432, 0.28620477689, 0.0036174566619, 0.005899680098, 0.69906385284, 0.00095094555695],
      [0.10445673469, 0.55339097108, 0.048445751708, 0.04010262844, 0.12516537634, 0.088233296008, 0.040205241741],
      [0, 0, 0, 0, 0.97563052426, 0, 0.024369475738],
      [0.0012058769113, 0.00018147160513, 0.022862571292, 0.0094306198663, 0.017873935941, 0.94297156516, 0.0054739592195],
      [0.071324557214, 0.027306648136, 0.006441237842, 0.55797603048, 0.28370557939, 0.040491559041, 0.012754387891],
      [0.44468117444, 0, 0.17292720006, 0.027051417416, 0.048675830138, 0.2998475983, 0.0068167796471],
      [0.059516077833, 0.098672147364, 0.01112222948, 0.040988179235, 0.28530906899, 0.055858099259, 0.44853419784]
    ],
    [
      [0, 0, 0.18934896216, 0.0015013033167, 0, 0.80657471543, 0.0025750190938],
      [0.10671989261, 0.49698032879, 0.041354605645, 0.047689122646, 0.10869177161, 0.13859261708, 0.059971661609],
      [0.015775425643, 0, 0.013004266827, 0.037224471557, 0.87385546013, 0.019281153622, 0.040859222219],
      [0, 0, 0.0018284043852, 0.0042672851254, 0, 0.98485185747, 0.0090524530151],
      [0.023005823472, 0, 0.013748317705, 0.48883098964, 0.19542886476, 0.26096179989, 0.018024204529],
      [0.40727901166, 0, 0.13001644925, 0.028044100202, 0.033959412331, 0.39111376435, 0.0095872622004],
      [0.057197568504, 0.062294950117, 0.0079969444659, 0.039447471303, 0.2089911302, 0.078413364939, 0.54565857047]
    ],
    [
      [0, 0, 0, 0, 0, 1, 0],
      [0, 1, 0, 0, 0, 0, 0],
      [0.076757238427, 0.5, 0, 0.23987473426, 0, 0.18336802731, 0],
      [0, 0, 0, 0, 0, 1, 0],
      [0, 0, 0, 0.75038395374, 0, 0.24961604626, 0],
      [0.84648552315, 0, 0, 0.019482623998, 0, 0.13403185286, 0],
      [0, 1, 0, 0, 0, 0, 0]
    ],
    [
      [0, 0, 0.28732214577, 0, 0, 0.71267785423, 0],
      [0.10353514933, 0.58205383516, 0.0589441478, 0.028171289985, 0.072040529024, 0.11452140711, 0.040733641595],
      [0.024430480272, 0, 0.02159587792, 0.032283878567, 0.8745319949, 0.012029816623, 0.035127951714],
      [0, 0, 0.0033241791251, 0, 0, 0.99667582087, 0],
      [0.078142749791, 0, 0.1325642655, 0.41090763576, 0.066769448882, 0.29725451894, 0.01436138114],
      [0.44264625349, 0, 0.19941191257, 0, 0, 0.35403578854, 0.0039060454004],
      [0.065627908979, 0.10335148606, 0.017249264859, 0.029713445121, 0.18565233314, 0.086129236962, 0.51227632489]
    ],
    [
      [0.0031957427006, 0, 0.25646186045, 0.0081119555325, 0, 0.73223044132, 0],
      [0.11799995097, 0.60641244767, 0.03927431124, 0.052111783348, 0.06737817451, 0.088759611169, 0.028063721098],
      [0.066318509478, 0.023528171101, 0.023888441616, 0.073350735221, 0.78363993746, 0.0037564700064, 0.025517735115],
      [0, 0, 0.014101392779, 0.025370959608, 0, 0.96041096664, 0.00011668097485],
      [0.030676699977, 0.0011418152109, 0.015589683912, 0.61576763007, 0.13990691211, 0.18876862349, 0.0081486352354],
      [0.51718514522, 0.00026854830147, 0.13810634953, 0.035317883898, 0.022162028033, 0.28269876697, 0.0042612780517],
      [0.087978453628, 0.12719000218, 0.012671690439, 0.070145877435, 0.20372294685, 0.077397576448, 0.42089345301]
    ],
    [
      [0, 0.00028171682254, 0.24529561053, 0.0059316247476, 0.0082181194576, 0.74027292845, 0],
      [0.025229480219, 0.7001444454, 0.035559078874, 0.040133008344, 0.087574214991, 0.085270383429, 0.026089388748],
      [0, 0.018400077131, 0.0020039107205, 0.044531826422, 0.91519041809, 0, 0.019873767638],
      [0, 0, 0.013404096222, 0.015429652954, 0.018368556971, 0.95279769385, 0],
      [0, 0.009570551368, 0.014226208815, 0.55031809926, 0.21290617102, 0.20675335619, 0.0062256133509],
      [0.20509413242, 0.00064661666332, 0.21748369252, 0.045412410203, 0.05548781565, 0.46873967856, 0.0071356539946],
      [0.013117591576, 0.14727143778, 0.010542628096, 0.054151896571, 0.26920810113, 0.074470148333, 0.43123819652]
    ],
    [
      [0, 0, 0.12959479499, 0.01020148446, 0, 0.86020372055, 0],
      [0.0044038490007, 0.97655912433, 0.0014465441225, 0.0038262740575, 0.0063271297015, 0.0074370787904, 0],
      [0, 0, 0, 0.092598670366, 0.89784297554, 0.0095583540972, 0],
      [0, 0, 0, 0.010858822151, 0, 0.98914117785, 0],
      [0, 0, 0.0069000931474, 0.61143816397, 0.17077574512, 0.21088599776, 0],
      [0.35238224128, 0, 0.10680772848, 0.051145260427, 0.042124059788, 0.44754071003, 0],
      [0.060314023263, 0.33333333333, 0.010959595872, 0.099098048844, 0.37083854778, 0.1254564509, 0]
    ],
    [
      [0, 0.0018309813602, 0.37936547968, 0.00088783114314, 0.005113013913, 0.6128026939, 0],
      [0, 0.75752368101, 0.05279535968, 0.017498827524, 0.086867205284, 0.068667214441, 0.016647712059],
      [0, 0.0039600053737, 0, 0.009061222515, 0.97956110456, 0, 0.0074176675517],
      [0, 0.0024601987059, 0.031800477482, 0.0055937822626, 0.0053160906442, 0.95258407646, 0.0022453744484],
      [3.5035775073e-17, 0.18800971752, 0.015803382986, 0.38762024433, 0.30830153218, 0.091940333705, 0.0083247892781],
      [0, 0.00077027376426, 0.41704364274, 0.02610577789, 0.064979646932, 0.48499117831, 0.0061094803682],
      [0, 0.20529092018, 0.020371484958, 0.030122633053, 0.32912694372, 0.075545805146, 0.33954221294]
    ],
    [
      [0, 0, 0.32176565169, 0, 0, 0.67823434831, 0],
      [0.026237124659, 0.73834012182, 0.054407863094, 0.021617585866, 0.054078249005, 0.07980376045, 0.025515295111],
      [0.0058622705557, 0.025812992579, 0.0051931101437, 0.03426430562, 0.8876992265, 0.012794029767, 0.028374064834],
      [0, 0, 0.002500840129, 0, 0, 0.99749915987, 0],
      [0.010134076203, 0.0015915085001, 0.037045765412, 0.46357167958, 0.18995168432, 0.28576771827, 0.011937567712],
      [0.19489579809, 0, 0.32174147076, 0.021668444509, 0.025919090145, 0.43135113496, 0.0044240615443],
      [0.0089438366585, 0.15549118481, 0.23386532626, 0.012086866545, 0.059507575352, 0.097827231231, 0.43227797915]
    ],
    [
      [0, 0, 0.19924318738, 0.00062208063151, 0, 0.80013473199, 0],
      [0.09705683356, 0.50902309429, 0.046555633856, 0.061029149044, 0.096162006299, 0.15291922017, 0.037254062781],
      [0.0072700462486, 0, 0.014805763712, 0.084925555851, 0.75129256195, 0.14170607224, 0],
      [0, 0, 0, 0, 0, 1, 0],
      [0.017309681749, 0, 0.015932198745, 0.55221934963, 0.14873768033, 0.26580108954, 0],
      [0.37155355627, 0, 0.14400535166, 0.03541425868, 0.028175991158, 0.41738002198, 0.0034708202506],
      [0.055152583234, 0.046390762282, 0.057867166972, 0.06324262055, 0.22867986973, 0.11513049146, 0.43353650577]
    ],
    [
      [0, 0, 0.24362398833, 0, 0.0094110045961, 0.74696500708, 0],
      [0.055452313453, 0.61504454307, 0.045616120416, 0.036087487029, 0.10874504463, 0.10950647078, 0.029548020612],
