{
  "Z_true": {},
  "V_true": [
    [381, 314, 683, 207, 17103, 547],
    [72, 119, 128, 3720, 510, 223],
    [37, 615, 44, 144, 464, 107],
    [390, 49, 348, 142, 733, 303]
  ],
  "p_true": [
    [0.0198, 0.0163, 0.0355, 0.0108, 0.8892, 0.0284],
    [0.0151, 0.0249, 0.0268, 0.7795, 0.1069, 0.0467],
    [0.0262, 0.4359, 0.0312, 0.1021, 0.3288, 0.0758],
    [0.1985, 0.0249, 0.1771, 0.0723, 0.373, 0.1542]
  ],
  "Z_est": [
    [
      [0.7154, 1.5461, 2.7691, 1.4967, 20, 47, 17, 45, 88, 8, 0, 0, 2.982, 1.9884, 1.7866, 5.996, 4, 0, 0.887, 18, 12, 1.1624, 8, 17, 19, 17, 11, 5.9827, 20, 26, 12, 6, 8, 5, 13, 10, 28, 13, 18, 0, 0.7718, 0, 2.9812, 7, 6, 0.6937, 9, 91, 53],
      [1.2609, 0.7245, 0.8554, 3.2027, 16, 44, 49, 58, 65, 12, 0, 0, 3.9811, 4.9161, 2.5007, 6.9959, 9, 0, 0, 21, 14, 1.3891, 10, 19, 20, 26, 6, 0.9908, 9, 15, 27, 25, 18, 8.9999, 10, 14, 23, 19, 6, 1.4645, 2.0042, 2.0961, 8.9582, 15, 8, 1.0901, 4, 84, 60],
      [0.5448, 2.067, 2.6704, 1.3693, 13, 53, 58, 44, 39, 15, 1.0249, 3.6717, 4.9752, 5.9185, 0, 7.9881, 7, 0, 0, 16, 13, 1.4759, 14, 11, 12, 7, 6, 1.9715, 7, 9, 36, 33, 20, 13, 11, 14, 14, 15, 13, 0, 2.1317, 1.8362, 6.0069, 14, 9, 0.979, 13, 106, 84],
      [1.0385, 1.8787, 4.9379, 6.4532, 26, 170, 290, 190, 120, 71, 3.0395, 0, 14.9917, 9.8516, 2.4666, 23.988, 51, 1.3699, 1.5051, 53, 73, 2.3226, 34, 32, 46, 36, 27, 0.993, 20, 17, 124, 103, 98, 43.9999, 78, 50, 40, 54, 25, 4.3379, 9.3897, 3.6132, 26.9451, 62, 39, 1.2934, 37, 287, 227],
      [9.2939, 27.7838, 61.7505, 25.3419, 327, 964, 372, 972, 1634, 274, 9.3909, 3.3283, 51.0727, 83.3511, 37.7145, 101.0321, 165.0001, 2.3087, 16.6079, 351, 333, 7.6243, 147, 372, 377, 414, 188, 80.4835, 339, 339, 218, 132, 116, 186.0001, 312, 351, 383, 277, 298, 23.1976, 24.3889, 15.4285, 71.1085, 156, 92, 3.9439, 118, 1607, 1107],
      [3.1465, 0, 2.0167, 1.1361, 11, 70, 39, 51, 83, 13, 0.5447, 0, 3.9974, 1.9743, 0.5316, 5, 8, 0.3213, 0, 19, 24, 1.0257, 9, 13, 28, 22, 13, 5.5784, 10, 14, 20, 11, 14, 15.0001, 21, 18, 24, 21, 10, 0, 2.3136, 2.026, 4.0001, 10, 7, 0, 7, 99, 68]
    ],
    [
      [0.107, 0.1735, 0.0671, 0.3615, 1, 9, 13, 9, 7, 2, 0, 0, 0.0158, 0.0016, 0.0468, 1.004, 1, 0, 0.0864, 3, 2, 0.2888, 1, 1, 2, 2, 1, 0.005, 1, 1, 6, 3, 7, 1, 2, 1, 3, 2, 1, 0, 0.1644, 0, 0.0044, 2, 1, 0.1482, 2, 17, 11],
      [0.4083, 0.0948, 0.0841, 0.6543, 2, 11, 41, 12, 5, 2, 0, 0, 1.983, 0.0661, 0.0349, 1.004, 2, 0, 0, 5, 4, 0.9065, 3, 2, 4, 2, 1, 0.0003, 1, 1, 19, 21, 17, 2, 4, 2, 5, 4, 2.5086e-07, 0.3589, 0.7866, 0.7603, 3.0194, 7, 5, 0.4353, 2, 18, 15],
      [0.2276, 0.3665, 0.233, 1.3546, 3, 11, 49, 11, 5, 7, 0.6377, 4.7694, 2.0101, 0.9898, 0, 3.0119, 3, 0, 0, 4, 5, 1.3189, 5, 2, 3, 2, 3, 0.0044, 2, 2, 25, 29, 22, 5, 5, 3, 2, 5, 2, 0, 1.6061, 1.0013, 3.9828, 8, 6, 0.5468, 5, 20, 20],
      [0.4432, 0.4901, 0.8901, 2.3211, 2, 35, 243, 40, 10, 19, 1.7355, 0, 4.0197, 2.1297, 0.1839, 6, 15, 2.3962, 0.3691, 9, 18, 1.8931, 9, 2, 6, 6, 4, 0.4272, 2, 1, 81, 88, 97, 12, 21, 8, 5, 12, 4, 1.6824, 5.3884, 2.0266, 11.0422, 32, 19, 0.693, 13, 54, 51],
      [2.1168, 3.8751, 7.5461, 6.2009, 30, 199, 309, 205, 137, 76, 3.437, 2.2306, 14.9685, 9.7002, 2.6802, 23.976, 47, 2.2128, 2.5445, 65, 85, 3.2047, 39, 31, 56, 50, 32, 3.5525, 26, 25, 144, 111, 116, 49, 86, 56, 51, 61, 32, 4.9587, 9.0931, 4.497, 27.9432, 75, 44, 1.1767, 41, 307, 250],
      [0.6971, 0, 0.1796, 0.1076, 1, 14, 32, 10, 7, 3, 0.1897, 0, 1.0029, 0.1126, 0.0543, 1.004, 2, 0.391, 0, 3, 6, 0.388, 2, 1, 4, 2, 2, 0.0108, 3.3949e-11, 1, 13, 9, 14, 4, 5, 3, 3, 4, 1, 0, 0.9613, 0.7149, 1.0079, 4, 3, 0, 2, 19, 15]
    ],
    [
      [0.0261, 0.0857, 0, 0.0223, 1, 2, 3, 2, 5, 3.2286e-10, 0, 0, 0.001, 0.0001, 0.0815, 0, 8.7182e-06, 0, 0.0266, 1, 2.5015e-11, 0.1233, 2.8394e-08, 1.0268e-11, 1, 1, 1.7091e-06, 0.0009, 2.5035e-09, 1, 1, 1, 1, 0, 2.078e-10, 7.8102e-18, 1, 1, 3.1847e-12, 0, 0.0158, 0, 0.0039, 2.1702e-06, 1.8988e-07, 0.1003, 5.5175e-08, 3, 2],
      [0.0607, 0.0393, 0, 0.0525, 1, 2, 10, 3, 3, 3.4991e-10, 0, 0, 0.0025, 0.0015, 0.053, 0, 8.819e-06, 0, 0, 1, 1.671e-11, 0.2172, 4.3501e-08, 1, 1, 2, 1.208e-06, 0.0037, 1.2224e-11, 2.7779e-15, 3, 6, 3, 0, 4.0599e-13, 3.4104e-15, 1, 2, 1.2081e-13, 0.1072, 0.0774, 0.0732, 0.0123, 1, 3.2751e-06, 0.3504, 1.731e-08, 3, 3],
      [0.0573, 0.2045, 0, 0.1787, 7.4708e-12, 4, 12, 2, 2, 6.5923e-10, 0.073, 0, 1.9983, 0.0897, 0, 0, 1.0351e-06, 0, 0, 1, 1, 0.3352, 1, 1, 1.3233e-09, 1.4167e-17, 2.0658e-06, 0.0211, 7.8649e-12, 1, 5, 8, 4, 1, 1, 1, 2, 1, 9.2547e-12, 0, 0.0739, 0.0821, 0.0101, 1, 1, 0.3748, 1, 6, 5],
      [0.1089, 0.3267, 0, 1.2527, 3, 12, 60, 12, 9, 5, 0.268, 0, 3.9876, 0.8787, 0.1601, 2.0119, 4, 0.4858, 0.1258, 5, 6, 1.2124, 4, 3, 5, 3, 4, 0.0017, 2, 2, 17, 27, 20, 5.0001, 8, 3, 4, 7, 1.1249e-07, 0.6031, 0.7178, 0.2228, 3.0263, 6, 5, 0.7746, 4, 14, 14],
      [0.5919, 1.3438, 0, 2.4529, 21, 60, 78, 58, 98, 13, 0.6254, 0, 9.0073, 1.0296, 3.6841, 6.984, 13, 0.4724, 0.8476, 26, 18, 1.8718, 10, 20, 25, 36, 10, 1.9676, 14, 14, 27, 37, 22, 12.9999, 28, 13, 28, 31, 5, 2.2897, 0.964, 0.5731, 7.9475, 17, 10, 1.3999, 12, 72, 65],
      [0.1552, 0, 0, 0.041, 5.8011e-12, 4, 8, 3, 5, 3.4991e-10, 0.0337, 0, 0.0034, 0.0005, 0.0213, 0.004, 1.1995e-06, 0.0418, 0, 1, 1, 0.2401, 6.3481e-08, 1.3012e-15, 1, 1, 1.4484e-06, 0.005, 2.5076e-09, 2.2954e-15, 2, 2, 2, 1, 1, 1.893e-16, 1, 2, 3.6029e-07, 0, 0.1512, 0.0489, 0, 1, 1.7105e-06, 0, 5.9316e-09, 4, 3]
    ],
    [
      [0.1515, 0.1947, 0.1639, 0.1195, 1, 4, 3, 4, 7, 6.7277e-10, 0, 0, 0.0013, 0.0099, 0.0851, 0, 0, 0, 0, 1, 2.0394e-15, 0.4255, 5.217e-08, 2.0534e-11, 1, 1, 9.6327e-07, 0.0115, 1, 2, 2, 1, 2, 1.3284e-08, 5.1866e-11, 4.2059e-16, 1, 1, 1, 0, 0.0479, 0, 0.0105, 3.656e-07, 1.4537e-06, 0.0578, 1, 8, 4],
      [0.2701, 0.1414, 0.0605, 0.0906, 1, 3, 10, 5, 5, 6.9981e-10, 0, 0, 0.0334, 0.0164, 0.4115, 0, 9.2071e-06, 0, 0, 1, 4.1692e-11, 0.4872, 6.5683e-08, 1, 1, 1, 6.6284e-09, 0.0052, 3.4904e-12, 1, 5, 8, 4, 0, 5.2051e-11, 3.2526e-15, 1, 1, 4.1062e-08, 0.0694, 0.1318, 0.0704, 0.0102, 1, 3.2782e-06, 0.1243, 9.8529e-10, 8, 4],
      [0.1703, 0.362, 0.0966, 0.0974, 6.8861e-13, 4, 12, 4, 3, 6.6961e-15, 0.2643, 0.5589, 0.0165, 0.002, 0, 0, 9.2775e-06, 0, 0, 1, 8.3839e-12, 0.87, 1, 6.1603e-11, 1, 4.4696e-17, 3.846e-07, 0.003, 1.2722e-09, 1.5494e-15, 7, 11, 5, 1, 1.5556e-10, 1, 1, 1, 1, 0, 0.1883, 0.0805, 0.0001, 1, 1, 0.0993, 3, 10, 6],
      [0.4095, 0.3046, 0.172, 0.973, 1, 15, 59, 17, 10, 4, 0.957, 0, 2.001, 0.1401, 0.1893, 1, 4, 0.748, 0, 4, 3, 1.5719, 2, 2, 4, 2, 1, 0.5782, 1, 1, 26, 35, 28, 5, 5, 3, 3, 5, 2, 0.3767, 0.5041, 0.1373, 1.9864, 4, 4, 0.239, 8, 29, 18],
      [2.9974, 4.9973, 5.7034, 5.0042, 23, 85, 77, 90, 147, 16, 2.5468, 0.4411, 9.9515, 6.919, 3.9212, 6.0079, 13, 1.0061, 0, 28, 19, 4.2992, 13, 23, 35, 29, 13, 7.9964, 27, 34, 48, 45, 35, 25, 22, 26, 29, 27, 23, 1.554, 2.5539, 0.5014, 5.0008, 12, 12, 0.4795, 27, 161, 89],
      [2.0012, 0, 0.8037, 0.7152, 2, 7, 9, 6, 8, 2, 0.2319, 0, 1.9964, 0.9126, 0.3929, 1.992, 2, 0.2459, 0, 3, 2, 1.3462, 2, 2, 4, 4, 2, 0.4058, 2, 3, 5, 6, 5, 3, 4, 3, 3, 3, 2, 0, 0.574, 0.2103, 1.992, 2, 2, 0, 4, 11, 8]
    ]
  ],
  "V_est": [
    [687.7591, 757.4303, 763.6312, 2644.4154, 13576.1516, 805.6124],
    [117.4744, 229.5967, 296.0609, 962.1316, 2970.9149, 195.8215],
    [27.4874, 47.0507, 65.4987, 289.1648, 938.0524, 43.746],
    [47.279, 62.9223, 77.8092, 317.2882, 1324.8811, 134.8202]
  ],
  "p_est": [
    [0.0358, 0.0394, 0.0397, 0.1375, 0.7058, 0.0419],
    [0.0246, 0.0481, 0.062, 0.2016, 0.6226, 0.041],
    [0.0195, 0.0333, 0.0464, 0.2049, 0.6648, 0.031],
    [0.0241, 0.032, 0.0396, 0.1615, 0.6742, 0.0686]
  ],
  "EI_Z": {},
  "EI_V": 28.2427,
  "MAE_Z": {},
  "MAE_V": 644.4752,
  "MAE_p": 0.1349,
  "runtime": 0.3509
}
