{
  "X": [
    [33, 22, 16, 29],
    [31, 13, 17, 39],
    [29, 18, 14, 39],
    [20, 20, 26, 34],
    [29, 15, 23, 33],
    [26, 20, 19, 35],
    [34, 18, 15, 33],
    [26, 18, 12, 44],
    [19, 21, 39, 21],
    [15, 27, 51, 7],
    [27, 17, 53, 3],
    [20, 21, 49, 10],
    [19, 11, 62, 8],
    [23, 18, 51, 8],
    [16, 17, 60, 7],
    [22, 21, 51, 6],
    [26, 16, 47, 11],
    [44, 16, 26, 14],
    [49, 12, 23, 16],
    [40, 17, 27, 16],
    [38, 19, 26, 17],
    [39, 14, 28, 19],
    [35, 29, 18, 18],
    [35, 29, 21, 15],
    [42, 16, 33, 9],
    [19, 31, 33, 17],
    [27, 30, 35, 8],
    [26, 28, 36, 10],
    [21, 39, 31, 9],
    [20, 35, 34, 11],
    [19, 34, 35, 12],
    [17, 40, 33, 10],
    [19, 34, 36, 11],
    [27, 37, 21, 15],
    [25, 39, 30, 6],
    [20, 39, 28, 13],
    [35, 33, 23, 9],
    [23, 36, 26, 15],
    [23, 33, 31, 13],
    [29, 32, 29, 10],
    [26, 40, 26, 8],
    [22, 31, 39, 8],
    [32, 35, 28, 5],
    [25, 35, 34, 6],
    [20, 33, 40, 7],
    [23, 42, 30, 5],
    [22, 33, 35, 10],
    [26, 32, 31, 11],
    [31, 18, 44, 7],
    [29, 19, 37, 15]
  ],
  "W": [
    [56, 2, 11, 5, 15, 11],
    [61, 7, 11, 7, 5, 9],
    [57, 11, 9, 5, 9, 9],
    [51, 7, 5, 13, 11, 13],
    [59, 10, 7, 7, 6, 11],
    [54, 10, 9, 5, 10, 12],
    [65, 10, 4, 5, 8, 8],
    [63, 7, 8, 6, 11, 5],
    [25, 44, 8, 7, 6, 10],
    [3, 58, 8, 12, 9, 10],
    [3, 59, 11, 5, 9, 13],
    [14, 51, 14, 6, 7, 8],
    [8, 51, 6, 8, 15, 12],
    [10, 55, 6, 10, 9, 10],
    [7, 66, 3, 12, 6, 6],
    [8, 62, 5, 7, 12, 6],
    [8, 44, 23, 10, 5, 10],
    [7, 5, 61, 8, 7, 12],
    [12, 6, 62, 7, 11, 2],
    [8, 6, 65, 12, 5, 4],
    [4, 6, 67, 7, 6, 10],
    [14, 5, 59, 11, 6, 5],
    [10, 8, 63, 8, 4, 7],
    [8, 6, 52, 11, 9, 14],
    [5, 10, 57, 9, 6, 13],
    [12, 10, 8, 60, 4, 6],
    [5, 12, 7, 56, 11, 9],
    [6, 7, 12, 57, 13, 5],
    [7, 8, 7, 56, 7, 15],
    [3, 6, 10, 61, 9, 11],
    [9, 10, 5, 62, 7, 7],
    [7, 9, 1, 60, 13, 10],
    [7, 9, 12, 62, 6, 4],
    [11, 9, 5, 28, 40, 7],
    [7, 9, 9, 10, 53, 12],
    [9, 10, 10, 4, 63, 4],
    [6, 7, 6, 8, 59, 14],
    [12, 9, 6, 4, 58, 11],
    [8, 9, 6, 8, 63, 6],
    [9, 8, 11, 7, 61, 4],
    [8, 7, 5, 8, 55, 17],
    [10, 5, 7, 9, 42, 27],
    [12, 9, 10, 6, 6, 57],
    [11, 7, 5, 7, 4, 66],
    [6, 12, 9, 15, 5, 53],
    [6, 16, 7, 7, 12, 52],
    [6, 11, 8, 10, 9, 56],
    [10, 11, 11, 8, 13, 47],
    [12, 7, 13, 11, 6, 51],
    [15, 11, 9, 6, 7, 52]
  ],
  "method": "exact",
  "cond_prob": [
    [
      [0.35741170745, 0.11313019113, 0.049622249259, 0.47983585216],
      [0.12214652151, 0.12647333161, 0.74335731976, 0.0080228271212],
      [0.53899686403, 0.14096792007, 0.21381318422, 0.10622203168],
      [0.14939188196, 0.44112472797, 0.35400865076, 0.05547473931],
      [0.2420302545, 0.48378834696, 0.23404840464, 0.0401329939],
      [0.22129750983, 0.39987878805, 0.37288409565, 0.0059396064713]
    ],
    [
      [0.30733559557, 0.064294557437, 0.036995120376, 0.59137472662],
      [0.14078741848, 0.096742903994, 0.74925379015, 0.013215887375],
      [0.55602415519, 0.096085760962, 0.19111405484, 0.15677602901],
      [0.17975258539, 0.3535063362, 0.37125166892, 0.095489409491],
      [0.29335627654, 0.3904022656, 0.24670723315, 0.069534224715],
      [0.26952239485, 0.32414806849, 0.39599651939, 0.010333017267]
    ],
    [
      [0.27745011948, 0.075318922531, 0.020865372199, 0.62636558579],
      [0.18759418306, 0.16719588965, 0.62466378632, 0.020546140971],
      [0.56574195063, 0.12665836546, 0.12103039118, 0.18656929273],
      [0.18340031378, 0.4673526513, 0.23531657241, 0.11393046251],
      [0.28380659861, 0.48897492551, 0.14857269474, 0.078645781142],
      [0.28431874044, 0.44335597271, 0.25959572221, 0.012729564648]
    ],
    [
      [0.23521155645, 0.089391146086, 0.059353978506, 0.61604331896],
      [0.074608432419, 0.093380656746, 0.82250317101, 0.0095077398255],
      [0.41356904104, 0.13003696533, 0.29848802259, 0.15790597104],
      [0.10411087708, 0.37075078512, 0.45011068135, 0.075027656456],
      [0.18185082137, 0.43851455119, 0.3211658402, 0.058468787243],
      [0.15848507323, 0.3456755274, 0.48759397588, 0.0082454234894]
    ],
    [
      [0.32942139398, 0.084208291564, 0.056911248801, 0.52945906566],
      [0.10527240574, 0.08836604216, 0.79808568187, 0.0082758702294],
      [0.515058745, 0.10889798581, 0.25462587572, 0.12141739347],
      [0.14695594351, 0.3523071066, 0.4354265284, 0.065310421484],
      [0.2481447294, 0.40283030926, 0.29979732885, 0.049227632481],
      [0.21713113653, 0.31842117033, 0.45747533637, 0.0069723567646]
    ],
    [
      [0.27218581135, 0.093463761807, 0.036782354621, 0.59756807222],
      [0.12229002462, 0.13786622643, 0.72679097068, 0.013052778259],
      [0.50257944152, 0.14251624822, 0.19376763916, 0.16113667109],
      [0.14022335879, 0.4511667089, 0.32385703346, 0.084752898849],
      [0.22777918457, 0.49602989703, 0.21475080968, 0.061440108723],
      [0.21474519397, 0.42295965411, 0.35292842725, 0.0093667246675]
    ],
    [
      [0.37754322379, 0.1003753245, 0.034587874201, 0.48749357751],
      [0.16658519771, 0.14529665537, 0.67758249991, 0.010535647007],
      [0.59846430482, 0.13139907254, 0.1565355799, 0.11360104273],
      [0.18446694645, 0.45999565766, 0.28953257743, 0.066004818455],
      [0.28692618844, 0.48379167486, 0.18344262882, 0.045839507878],
      [0.27277962716, 0.41584117205, 0.30432711756, 0.0070520832319]
    ],
    [
      [0.25060116991, 0.080116734383, 0.02362802428, 0.64565407142],
      [0.1562474792, 0.16415420533, 0.65999346841, 0.019604847064],
      [0.52371575049, 0.13808577681, 0.14081069489, 0.19738777781],
      [0.15791164815, 0.47442686818, 0.25538842804, 0.11227305564],
      [0.24947919009, 0.50704269519, 0.16435062696, 0.07912748776],
      [0.24738539146, 0.45496984519, 0.28496143352, 0.012683329829]
    ],
    [
      [0.2122698887, 0.079964842273, 0.026969769666, 0.68079549936],
      [0.12738499842, 0.15744795664, 0.69599436476, 0.019172680178],
      [0.47040104693, 0.14585111426, 0.16909600518, 0.21465183363],
      [0.13272773736, 0.46824729355, 0.28518545855, 0.11383951053],
      [0.21508978029, 0.51340152561, 0.18935654114, 0.082152152964],
      [0.21054716334, 0.45482197284, 0.32167982106, 0.012951042762]
    ],
    [
      [0.18457576096, 0.088170567655, 0.028518722561, 0.69873494882],
      [0.10798284301, 0.1677484985, 0.70623659921, 0.018032059285],
      [0.42793871069, 0.16704263083, 0.18544398767, 0.21957467081],
      [0.11141610209, 0.49360687368, 0.28816573196, 0.10681129227],
      [0.18241051656, 0.54657079789, 0.19343216702, 0.077586518539],
      [0.17810702631, 0.48273146722, 0.32702908902, 0.012132417439]
    ],
    [
      [0.46468103958, 0.084541332518, 0.04526217869, 0.40551544921],
      [0.17329095379, 0.10293252916, 0.71732149611, 0.0064550209427],
      [0.64975378652, 0.097308960392, 0.17894438744, 0.073992865651],
      [0.21983068492, 0.37319909627, 0.36007075989, 0.046899458908],
      [0.3433478193, 0.39382133377, 0.23030834969, 0.032522497236],
      [0.31117039675, 0.32250544097, 0.36159446036, 0.0047297019166]
    ],
    [
      [0.30466363512, 0.12388525727, 0.051317278336, 0.52013382928],
      [0.10356879386, 0.13828012232, 0.74993712919, 0.0082139546372],
      [0.48700739005, 0.16337033347, 0.23290687308, 0.1167154034],
      [0.12310727728, 0.46964220733, 0.35173749792, 0.05551301747],
      [0.20188480527, 0.52124043927, 0.23629631407, 0.040578441391],
      [0.18534498253, 0.43244989658, 0.37619613822, 0.0060089826668]
    ],
    [
      [0.29344157854, 0.04187117172, 0.057535664527, 0.60715158522],
      [0.10059735956, 0.046954672576, 0.84313494141, 0.0093130264526],
      [0.5118388209, 0.060036836825, 0.2839296259, 0.14419471637],
      [0.16200704485, 0.2154251409, 0.53693037451, 0.08563743974],
      [0.28668385305, 0.25777346809, 0.38821796725, 0.0673247116],
      [0.23788791285, 0.19334317961, 0.55979520096, 0.008973706585]
    ],
    [
      [0.35144793563, 0.07412763056, 0.038988492906, 0.5354359409],
      [0.15411074418, 0.10624621901, 0.72898819719, 0.010654839622],
      [0.58917438834, 0.10221721685, 0.1847819943, 0.12382640052],
      [0.19115072772, 0.37617860782, 0.35723184511, 0.075438819351],
      [0.30574929529, 0.40664338769, 0.23394791087, 0.053659406154],
      [0.28111324491, 0.33803017802, 0.3729222611, 0.0079343159766]
    ],
    [
      [0.27212626795, 0.073271449977, 0.040953252335, 0.61364902974],
      [0.11916806034, 0.10489064247, 0.76415876868, 0.011782528506],
      [0.51380712972, 0.11330752412, 0.21772473675, 0.15516060941],
      [0.15111579106, 0.38008250148, 0.3831582006, 0.08564350686],
      [0.25068318747, 0.42614163119, 0.26012317924, 0.06305200211],
      [0.22851902253, 0.35109251167, 0.41117280127, 0.0092156645301]
    ],
    [
      [0.37286598613, 0.098093159363, 0.038622249403, 0.49041860511],
      [0.15793556959, 0.13584118462, 0.69693950777, 0.0092837380227],
      [0.59240855697, 0.12818119363, 0.1734334007, 0.1059768487],
      [0.18058587763, 0.44369638466, 0.31507704309, 0.060640694626],
      [0.28371734271, 0.47109353053, 0.20282180279, 0.042367323979],
      [0.26571912597, 0.39886637527, 0.32903409741, 0.0063804013496]
    ],
    [
      [0.2762537481, 0.062546373219, 0.036375384927, 0.62482449375],
      [0.13409080514, 0.099140230175, 0.75272699023, 0.014041974455],
      [0.53286281019, 0.099295277426, 0.19835786954, 0.16948404284],
      [0.16877763533, 0.35648726898, 0.37398833515, 0.10074676055],
      [0.2776091474, 0.39675717731, 0.2519072132, 0.073726462088],
      [0.25583078642, 0.33050089294, 0.40273589337, 0.010932427261]
    ],
    [
      [0.32313722859, 0.06644685031, 0.040627994777, 0.56978792632],
      [0.14057814284, 0.093926054396, 0.7536764724, 0.011819330362],
      [0.56174071447, 0.095286480556, 0.20024720865, 0.14272559633],
      [0.1818192644, 0.34738435164, 0.3840928651, 0.086703518859],
      [0.29653082094, 0.38387496177, 0.25654700587, 0.063047211418],
      [0.26989127012, 0.31554724303, 0.40529749875, 0.0092639880951]
    ],
    [
      [0.3644614295, 0.054332393718, 0.039497110285, 0.5417090665],
      [0.16139295818, 0.078131134927, 0.74896809624, 0.011507810651],
      [0.60766355767, 0.074714588148, 0.18685240934, 0.13076944484],
      [0.21658488648, 0.30062505309, 0.3952414877, 0.087548572722],
      [0.34880610094, 0.3279943973, 0.26033049652, 0.062869005236],
      [0.31500160281, 0.26730312934, 0.40852542212, 0.0091698457331]
    ],
    [
      [0.28625636834, 0.079384848235, 0.044132241928, 0.59022654149],
      [0.11673917208, 0.10505931566, 0.76667065592, 0.011530856348],
      [0.50915835021, 0.11645329548, 0.22260326742, 0.15178508689],
      [0.14871625129, 0.38310647013, 0.3849238422, 0.083253436384],
      [0.24646864972, 0.4305691572, 0.26141490889, 0.061547284193],
      [0.22432074829, 0.35374442166, 0.41288627394, 0.0090485561123]
    ],
    [
      [0.23363201727, 0.075029318847, 0.035329147123, 0.65600951676],
      [0.11607589007, 0.12099549316, 0.74732350165, 0.01560511512],
      [0.47625257362, 0.12615270483, 0.20403817335, 0.19355654821],
      [0.13740459758, 0.40957063624, 0.34827129038, 0.1047534758],
      [0.22724243677, 0.4593594652, 0.23613418497, 0.077263913064],
      [0.21348073544, 0.38985272974, 0.38494806449, 0.011718470329]
    ],
    [
      [0.28671775655, 0.063886404714, 0.048354132098, 0.60104170663],
      [0.11092012641, 0.080264262245, 0.79764666128, 0.011168950064],
      [0.50860650831, 0.093487429357, 0.24343388347, 0.15447217886],
      [0.15434546837, 0.31973294863, 0.43786396528, 0.088057617711],
      [0.26167651848, 0.36769505279, 0.30403481922, 0.066593609507],
      [0.23114150458, 0.2930555878, 0.46629943721, 0.0095034704056]
    ],
    [
      [0.23181904264, 0.13753913791, 0.025743887941, 0.6048979315],
      [0.12799495273, 0.24659919824, 0.60938249812, 0.01602335091],
      [0.4582408848, 0.22422791334, 0.1442561641, 0.17327503777],
      [0.11023677108, 0.60640557888, 0.20511312308, 0.078244526956],
      [0.17218093996, 0.64182329107, 0.13144546768, 0.054550301286],
      [0.17400804012, 0.58670267133, 0.23038227745, 0.0089070110968]
    ],
    [
      [0.26037151844, 0.11122561875, 0.030053555529, 0.59834930728],
      [0.13444924273, 0.18674695587, 0.66408092288, 0.014722878517],
      [0.49745967935, 0.17518806766, 0.16268810677, 0.16466414621],
      [0.13297524825, 0.52679226631, 0.25762381628, 0.082608669161],
      [0.21031724028, 0.56433669095, 0.16706984998, 0.058276218789],
      [0.20620329831, 0.50044204632, 0.28412955982, 0.0092250955499]
    ],
    [
      [0.38556277766, 0.080501720489, 0.056826171412, 0.47710933044],
      [0.12488090807, 0.084766012948, 0.78306291499, 0.0072901639895],
      [0.56595648398, 0.097516921094, 0.2366910809, 0.099835514031],
      [0.17392356921, 0.33750430656, 0.43099091134, 0.057581212896],
      [0.28754555095, 0.37810081096, 0.29190685625, 0.042446781839],
      [0.25179015506, 0.29886331854, 0.44334531094, 0.0060012154642]
    ],
    [
      [0.23158543451, 0.068719732827, 0.032351694405, 0.66734313826],
      [0.12427752174, 0.12001712537, 0.73867882795, 0.017026524945],
      [0.48842359213, 0.11860364992, 0.19185650801, 0.20111624993],
      [0.14572506059, 0.39928910387, 0.34159456432, 0.11339127123],
      [0.24059659748, 0.4453348071, 0.23081043083, 0.083258164595],
      [0.22748680102, 0.38127954877, 0.37853729022, 0.012696359988]
    ],
    [
      [0.39445509848, 0.072908648188, 0.037981512565, 0.49465474077],
      [0.17414054595, 0.10460155989, 0.71104657647, 0.010211317686],
      [0.62514161856, 0.094807650369, 0.16962851832, 0.11042221275],
      [0.21502230298, 0.3664011642, 0.34690747551, 0.071669057311],
      [0.3379222471, 0.38885200827, 0.22315413212, 0.050071612511],
      [0.31151699345, 0.32452746685, 0.35651331219, 0.0074422275162]
    ],
    [
      [0.34865669889, 0.068817119698, 0.043855733638, 0.53867044777],
      [0.1417601946, 0.091043872664, 0.75686631767, 0.010329615074],
      [0.57608761071, 0.093331056382, 0.20431977833, 0.12626155457],
      [0.18707934045, 0.34072207726, 0.39482615897, 0.077372423317],
      [0.30507376105, 0.3753167447, 0.26349078124, 0.056118713015],
      [0.27464116329, 0.30590828237, 0.4112985634, 0.0081519909393]
    ],
    [
      [0.32106139045, 0.10495020572, 0.038489457774, 0.53549894606],
      [0.13793584572, 0.14693465503, 0.70438900718, 0.010740492069],
      [0.54339432981, 0.1456566013, 0.18356673611, 0.12738233278],
      [0.15433093497, 0.46642777175, 0.31094970332, 0.068291589964],
      [0.24608675795, 0.50244269113, 0.2030281366, 0.048442414317],
      [0.23201223525, 0.42888140365, 0.33174094955, 0.0073654115556]
    ],
    [
      [0.24459708705, 0.073360741725, 0.034733600692, 0.64730857053],
      [0.12332349185, 0.12000212987, 0.74133912187, 0.01533525641],
      [0.49547929706, 0.12147485806, 0.19753455087, 0.185511294],
      [0.1461711664, 0.40337427312, 0.34711467967, 0.10333988081],
      [0.24092381125, 0.44914087607, 0.23423488932, 0.075700423358],
      [0.22606539688, 0.38155071545, 0.38093722674, 0.011446660926]
    ],
    [
      [0.28210203103, 0.08374211881, 0.039464059011, 0.59469179115],
      [0.12469713296, 0.12060900464, 0.74230129726, 0.012392565142],
      [0.51669740563, 0.12561404152, 0.20342344512, 0.15426510773],
      [0.15020472633, 0.41201318659, 0.3530117655, 0.084770321576],
      [0.24597784963, 0.45569740204, 0.23659000173, 0.061734746599],
      [0.22801219754, 0.38249447058, 0.38026197107, 0.00923136081]
    ],
    [
      [0.27490479453, 0.096684377112, 0.03834215574, 0.59006867261],
      [0.12227554924, 0.13997241719, 0.72550638763, 0.012245645941],
      [0.5048888882, 0.14519758209, 0.19789191061, 0.1520216191],
      [0.13973784178, 0.45353565762, 0.32717430495, 0.079552195648],
      [0.22710309776, 0.49778946066, 0.21763730977, 0.057470131815],
      [0.21336868289, 0.42348575778, 0.35444121866, 0.0087043406683]
    ],
    [
      [0.27390796804, 0.094810641271, 0.045771125063, 0.58551026563],
      [0.10700852836, 0.12082533488, 0.76138555293, 0.010780583821],
      [0.48611765937, 0.13793809187, 0.22888361748, 0.14706063128],
      [0.13181591071, 0.42229646872, 0.37051976505, 0.075367855524],
      [0.21882214307, 0.47369934644, 0.25181207506, 0.055666435431],
      [0.20015905847, 0.39226581381, 0.3993577138, 0.0082174139269]
    ],
    [
      [0.27234041658, 0.068868722443, 0.020211584782, 0.6385792762],
      [0.19618908056, 0.16069144858, 0.62140987079, 0.021709600072],
      [0.57111140172, 0.11837176283, 0.11937986746, 0.19113696799],
      [0.19242549443, 0.44735944921, 0.23898658684, 0.12122846953],
      [0.29763315824, 0.4676375661, 0.151332996, 0.083396279661],
      [0.29853664435, 0.42468499716, 0.26330573163, 0.013472626861]
    ],
    [
      [0.38072573535, 0.12832131303, 0.056385614524, 0.4345673371],
      [0.11779771941, 0.12947402947, 0.74655140125, 0.0061768498653],
      [0.53878079779, 0.14957908979, 0.2262515015, 0.085388610917],
      [0.14463378886, 0.45101973467, 0.36127504291, 0.043071433563],
      [0.23450011629, 0.49454770945, 0.23984578885, 0.031106385413],
      [0.21257242882, 0.40575389901, 0.37712477794, 0.0045488942294]
    ],
    [
      [0.20640037754, 0.089581353693, 0.038116430394, 0.66590183838],
      [0.095656283754, 0.134882766, 0.75504942152, 0.014411528726],
      [0.42841407043, 0.15259958191, 0.22355181002, 0.19543453763],
      [0.11159848432, 0.44642941754, 0.34637441724, 0.095597680895],
      [0.18659981388, 0.50506801884, 0.23717269477, 0.071159472507],
      [0.17487771209, 0.4284853701, 0.38589059292, 0.010746324883]
    ],
    [
      [0.35586353573, 0.063791374102, 0.026750345418, 0.55359474475],
      [0.20598257609, 0.11952557694, 0.65962772042, 0.014864126552],
      [0.63351401349, 0.093286503355, 0.13445835312, 0.13874113003],
      [0.23169788188, 0.38139865568, 0.29159660459, 0.095306857845],
      [0.35577743429, 0.39588387363, 0.18327294451, 0.065065747568],
      [0.34124321385, 0.34375113623, 0.30496265734, 0.010042992583]
    ],
    [
      [0.22072397048, 0.071724639764, 0.030413901566, 0.67713748819],
      [0.12362526462, 0.13039006302, 0.72824284998, 0.017741822379],
      [0.47823600445, 0.12752563583, 0.1860917953, 0.20814656443],
      [0.14040829328, 0.42002590984, 0.32485437554, 0.11471142134],
      [0.23072844735, 0.46684746799, 0.21854507452, 0.083879010142],
      [0.22048962059, 0.40394392345, 0.36266044868, 0.012906007287]
    ],
    [
      [0.22527360925, 0.0630815778, 0.036918804998, 0.67472600796],
      [0.11087759072, 0.10064593962, 0.77295771782, 0.01551875184],
      [0.47257326874, 0.1085223564, 0.21850962168, 0.20039475318],
      [0.14051207699, 0.36154589473, 0.38603194604, 0.11191008224],
      [0.23701171402, 0.41244895062, 0.26656762042, 0.083971714945],
      [0.21810643301, 0.34362478931, 0.42582611914, 0.01244265854]
    ],
    [
      [0.33499535777, 0.081154420195, 0.046022108502, 0.53782811353],
      [0.12941485368, 0.10191588058, 0.75895297741, 0.0097162883265],
      [0.55087630297, 0.10981178352, 0.21428690385, 0.12502500966],
      [0.16746962656, 0.37410391279, 0.38701686107, 0.071409599578],
      [0.27422434409, 0.41432095901, 0.25938336799, 0.052071328916],
      [0.24752781067, 0.33851191645, 0.40637944678, 0.0075808261091]
    ],
    [
      [0.33776493682, 0.10277772521, 0.039773096115, 0.51968424186],
      [0.1409314621, 0.13947570643, 0.70961161258, 0.0099812188905],
      [0.55619900856, 0.1391550613, 0.18528894714, 0.119356983],
      [0.16154118357, 0.45342065279, 0.31995133294, 0.065086830696],
      [0.25719187766, 0.48812042107, 0.20856203022, 0.046125671051],
      [0.24073426402, 0.41362850387, 0.33868040479, 0.0069568273282]
    ],
    [
      [0.32416072461, 0.098584192541, 0.074047628413, 0.50320745444],
      [0.084625974624, 0.084110278392, 0.82521330296, 0.0060504440247],
      [0.47267233868, 0.11857061994, 0.30659750756, 0.10215953382],
      [0.12374013622, 0.34859313143, 0.47745070198, 0.050216030363],
      [0.2142810255, 0.40835695983, 0.33861727714, 0.038744737519],
      [0.18196637825, 0.31389932767, 0.4988256552, 0.0053086388766]
    ],
    [
      [0.49399119392, 0.138538932, 0.045426467526, 0.32204340656],
      [0.16997534571, 0.15579859521, 0.66910805822, 0.0051180008547],
      [0.63134168765, 0.14622655912, 0.16484765377, 0.057584099454],
      [0.18772048568, 0.48889407488, 0.29128197154, 0.032103467904],
      [0.28796500238, 0.50700001437, 0.18307588433, 0.021959098913],
      [0.26973329398, 0.42978447952, 0.29716291566, 0.0033193108448]
    ],
    [
      [0.39003249788, 0.12314570358, 0.051956802188, 0.43486499636],
      [0.12845699116, 0.13283235412, 0.73224014597, 0.0064705087566],
      [0.55800968039, 0.14549424031, 0.21107746164, 0.085418617659],
      [0.15450996835, 0.4533931461, 0.34781991134, 0.044276974209],
      [0.24788307352, 0.49182024122, 0.2286467029, 0.031649982359],
      [0.22647413804, 0.40677373625, 0.36209213114, 0.0046599945698]
    ],
    [
      [0.25393890203, 0.092877681383, 0.045193242139, 0.60799017445],
      [0.10129950264, 0.12093058781, 0.76704261152, 0.01072729803],
      [0.47007904671, 0.14136655913, 0.2363432479, 0.15221114625],
      [0.12522452939, 0.42420189714, 0.37484029521, 0.075733278256],
      [0.20891199399, 0.47863487242, 0.25628067893, 0.056172454662],
      [0.19070062688, 0.39552952843, 0.40553268217, 0.008237162519]
    ],
    [
      [0.33229309702, 0.13628333169, 0.035570894625, 0.49585267667],
      [0.14337278496, 0.19191898279, 0.65535854369, 0.0093496885555],
      [0.54355759358, 0.18348364462, 0.16457228783, 0.10838647397],
      [0.14334702927, 0.54501933787, 0.2582566233, 0.05337700956],
      [0.22344954661, 0.57448331545, 0.16505866266, 0.037008475289],
      [0.21581826806, 0.5022745312, 0.27616022314, 0.0057469775947]
    ],
    [
      [0.1816088268, 0.057427525687, 0.02496450145, 0.73599914607],
      [0.12457321857, 0.12783746574, 0.72501666055, 0.022572655135],
      [0.4534316291, 0.1176009365, 0.17547970075, 0.25348773364],
      [0.13797165272, 0.401544732, 0.31689263104, 0.14359098424],
      [0.22872792915, 0.45027210608, 0.21538205561, 0.10561790916],
      [0.22275572701, 0.39715212421, 0.36363977336, 0.016452375414]
    ],
    [
      [0.25387556815, 0.073614322572, 0.029380357844, 0.64312975144],
      [0.14306566796, 0.13508958251, 0.70530868189, 0.016536067643],
      [0.52122658878, 0.12432741182, 0.17045311212, 0.18399288728],
      [0.15916132331, 0.42658800315, 0.30920182187, 0.10504885168],
      [0.2562452842, 0.46452539258, 0.20401757226, 0.075211750966],
      [0.24573511092, 0.40337735549, 0.33929731219, 0.011590221394]
    ],
    [
      [0.44368332517, 0.065986131081, 0.072377319374, 0.41795322438],
      [0.11786164326, 0.057356057641, 0.81964898331, 0.0051333157933],
      [0.58189939882, 0.071543227795, 0.26982118312, 0.076736190267],
      [0.18572244278, 0.25660445404, 0.511747287, 0.045925816184],
      [0.31520663413, 0.29450223349, 0.35554892112, 0.034742211261],
      [0.26180175951, 0.22131273857, 0.51223020039, 0.0046553015268]
    ],
    [
      [0.24153631238, 0.036563969414, 0.029157067701, 0.6927426505],
      [0.14801756463, 0.072974173234, 0.75955419129, 0.019454070848],
      [0.53525255843, 0.066712497082, 0.18267424508, 0.2153606994],
      [0.19320726143, 0.2702075521, 0.3912558072, 0.14532937928],
      [0.32158213933, 0.30417729846, 0.26673736076, 0.10750320145],
      [0.29848404872, 0.25572933996, 0.42978429435, 0.016002316975]
    ]
  ],
  "expected_outcome": [
    [
      [20.0150556172, 18.7474713296, 15.8146568103, 11.9957893787, 19.4358622448, 14.6980338127, 24.5403095466, 15.7878737045, 5.3067472176, 0.55372728288, 1.3940431187, 4.2652908916, 2.3475326283, 3.5144793563, 1.9048838756, 2.982927889, 2.2100299848, 2.2619606001, 4.373537154, 2.2900509467, 0.9345280691, 4.0140485917, 2.3181904264, 2.0829721475, 1.9278138883, 2.7790252141, 1.9722754924, 2.0919401934, 2.2474297331, 0.73379126116, 2.5389182793, 1.9243335617, 1.9173557763, 2.9957445824, 2.6650801474, 1.8576033978, 2.1351812144, 2.6486876458, 1.802188874, 3.0149582199, 2.7021194946, 3.2416072461, 5.927894327, 4.2903574767, 1.5236334122, 1.9937585821, 1.0896529608, 2.5387556815, 5.324199902, 3.6230446858],
      [6.3352907033, 3.9219680036, 4.2931785843, 4.5589484504, 4.9682892023, 5.0470431376, 6.5243960925, 5.0473542661, 1.9991210568, 0.26451170296, 0.25362399755, 1.7343936017, 0.33496937376, 0.7412763056, 0.51290014984, 0.7847452749, 0.50037098575, 0.46512795217, 0.65198872461, 0.63507878588, 0.30011727539, 0.894409666, 1.3753913791, 0.88980494999, 0.40250860244, 0.82463679393, 0.36454324094, 0.41290271819, 0.73465144001, 0.22008222517, 0.75367906929, 0.67679063979, 0.66367448889, 0.75755594687, 0.89824919121, 0.80623218324, 0.38274824461, 0.86069567717, 0.5046526224, 0.73038978176, 0.82222180166, 0.98584192541, 1.662467184, 1.3546027394, 0.5572660883, 0.81769999013, 0.34456515412, 0.73614322572, 0.79183357297, 0.5484595412],
      [2.7788459585, 2.2567023429, 1.1893262153, 3.0270529038, 3.3577636792, 1.9862471496, 2.248211823, 1.4885655296, 0.67424424165, 0.085556167684, 0.13578653607, 0.7184418967, 0.46028531622, 0.38988492906, 0.28667276634, 0.30897799522, 0.29100307941, 0.28439596344, 0.47396532342, 0.35305793543, 0.14131658849, 0.67695784938, 0.25743887941, 0.24042844423, 0.28413085706, 0.38822033286, 0.18990756283, 0.26313440183, 0.26942620442, 0.10420080208, 0.3551765311, 0.26839509018, 0.32039787544, 0.2223274326, 0.39469930167, 0.34304787354, 0.16050207251, 0.36496681879, 0.29535043998, 0.41419897652, 0.31818476892, 0.74047628413, 0.54511761031, 0.57152482407, 0.27115945283, 0.21342536775, 0.1497870087, 0.29380357844, 0.86852783249, 0.43735601552],
      [26.870807721, 36.0738583239, 35.7028383901, 31.4182092671, 31.2380848737, 32.2686759001, 31.6870825378, 40.6762064997, 17.019887484, 2.0962048465, 1.2165463476, 7.2818736099, 4.8572126817, 5.354359409, 4.2955432082, 3.9233488408, 4.99859595, 3.9885154843, 6.500508798, 4.721812332, 2.624038067, 8.4145838929, 6.048979315, 4.7867944583, 2.3855466522, 8.0081176591, 2.4732737038, 3.2320226866, 3.7484926224, 1.9419257116, 5.3522261203, 4.1304807083, 4.0985718594, 7.0243720382, 3.0419713597, 5.9931165454, 3.3215684685, 8.1256498582, 5.3978080636, 4.8404530218, 4.1574739348, 5.0320745444, 3.8645208787, 4.7835149599, 3.6479410467, 2.97511606, 4.4159948764, 6.4312975144, 5.0154386925, 10.3911397575]
    ],
    [
      [0.24429304301, 0.98551192934, 2.0635360136, 0.52225902693, 1.0527240574, 1.2229002462, 1.6658519771, 1.0937323544, 5.6049399304, 6.2630048944, 10.2241662734, 5.2820084869, 5.1304653375, 8.4760909298, 7.8650919826, 9.7920053144, 5.8999954262, 0.70289071422, 0.9683577491, 0.70043503245, 0.6964553404, 0.55460063207, 1.0239596218, 0.8066954564, 1.2488090807, 1.2427752174, 2.0896865514, 0.99232136218, 1.1034867658, 0.73994095111, 1.2469713296, 1.1004799432, 0.96307675526, 1.765701725, 1.0601794747, 0.95656283754, 1.4418780326, 1.1126273816, 0.99789831652, 1.0353188295, 0.98652023469, 0.42312987312, 1.5297781114, 0.8991989381, 1.2155940317, 2.2939645594, 1.3703054043, 1.5737223476, 0.82503150282, 1.6281932109],
      [0.25294666322, 0.67720032795, 1.8391547862, 0.65366459722, 0.8836604216, 1.3786622643, 1.4529665537, 1.1490794373, 6.9277100922, 9.7294129131, 6.0730192202, 7.0522862381, 2.3946883014, 5.8435420457, 6.9227824029, 8.4221534464, 4.3621701277, 0.46963027198, 0.46878680956, 0.63035589397, 0.72597295895, 0.40132131123, 1.9727935859, 1.1204817352, 0.84766012948, 1.2001712537, 1.2552187187, 0.63730710865, 1.1754772403, 0.72001277921, 1.2060900464, 1.2597517547, 1.087428014, 1.4462230372, 1.1652662652, 1.34882766, 0.8366790386, 1.1735105672, 0.90581345655, 0.8153270446, 0.97632994502, 0.42055139196, 1.4021873569, 0.92982647884, 1.4511670537, 3.0707037247, 1.4062121231, 1.4859854076, 0.40149240349, 0.80271590557],
      [1.4867146395, 5.2447765311, 6.8713016495, 5.7575221971, 7.9808568187, 7.2679097068, 6.7758249991, 4.6199542788, 30.6237520496, 40.9617227541, 42.3219682707, 38.2467935885, 42.999882012, 40.0943508453, 50.4344787331, 43.2102494817, 33.1199875701, 3.768382362, 4.4938085774, 4.6000239355, 4.4839410099, 3.9882333064, 4.875059985, 3.9844855373, 7.8306291499, 7.3867882795, 8.5325589176, 5.2980642237, 5.6351120574, 4.4480347312, 7.4230129726, 6.5295574886, 6.8524699764, 5.5926888371, 6.7189626113, 7.5504942152, 4.6173940429, 6.5541856498, 6.9566194604, 6.0716238193, 4.9672812881, 4.1260665148, 6.021972524, 5.1256810218, 9.2045113383, 10.4857366991, 7.9751832661, 7.7583955007, 5.7375428831, 8.3550961042],
      [0.016045654242, 0.092511211624, 0.22600755068, 0.066554178779, 0.082758702294, 0.13052778259, 0.10535647007, 0.13723392945, 0.84359792784, 1.0458594385, 0.38084623562, 0.4189116865, 0.47496434908, 0.5860161792, 0.77764688143, 0.57559175741, 0.61784687603, 0.059096651809, 0.069046863905, 0.069185138087, 0.093630690719, 0.05584475032, 0.12818680728, 0.088337271101, 0.072901639895, 0.17026524945, 0.12253581223, 0.072307305516, 0.085923936549, 0.092011538458, 0.12392565142, 0.11021081347, 0.097025254389, 0.19538640065, 0.055591648787, 0.14411528726, 0.10404888586, 0.15967640141, 0.13966876656, 0.077730306612, 0.069868532234, 0.030252220123, 0.046062007692, 0.045293561296, 0.12872757637, 0.14959501689, 0.24829920649, 0.18189674407, 0.035933210553, 0.21399477932]
    ],
    [
      [5.9289655043, 6.116265707, 5.0916775557, 2.0678452052, 3.605411215, 4.5232149737, 2.3938572193, 4.1897260039, 3.7632083754, 3.4235096855, 7.1472916517, 6.8181034606, 3.0710329254, 3.53504633, 1.5414213891, 2.9620427848, 12.2558446345, 34.2661835824, 37.6751405756, 33.0952927636, 31.9089224324, 30.0077839903, 28.8691757424, 25.8679033265, 32.2595195866, 3.9073887371, 4.3759913299, 6.9130513285, 3.8037603086, 4.9547929706, 2.5834870282, 0.5048888882, 5.8334119124, 2.8555570086, 4.8490271801, 4.2841407043, 3.8010840809, 2.8694160267, 2.8354396124, 6.0596393327, 2.7809950428, 3.3087063708, 6.3134168765, 2.7900484019, 4.2307114204, 3.8049031551, 3.6274530328, 5.7334924766, 7.5646921847, 4.8172730259],
      [1.5506471208, 1.0569433706, 1.1399252891, 0.65018482664, 0.76228590066, 1.282646234, 0.52559629017, 1.1046862145, 1.1668089141, 1.3363410466, 1.0703985643, 2.2871846686, 0.36022102095, 0.6133033011, 0.33992257237, 0.64090596816, 2.2837913808, 5.8124753139, 4.6323044651, 7.569464206, 8.4522312234, 5.5157583321, 14.1263585403, 9.1097795185, 5.5584645023, 0.9488291994, 0.66365355259, 1.1199726766, 1.0195962091, 1.2147485806, 0.6280702076, 0.14519758209, 1.6552571025, 0.59185881414, 1.3462118081, 1.5259958191, 0.55971902013, 0.76515381495, 0.65113413839, 1.2079296187, 0.69577530651, 0.82999433958, 1.4622655912, 0.72747120156, 1.2722990322, 1.2843855123, 0.94080749203, 1.36760153, 0.93006196133, 0.60041247374],
      [2.3519450264, 2.1022546033, 1.0892735206, 1.492440113, 1.78238113, 1.7439087525, 0.6261423196, 1.1264855591, 1.3527680414, 1.4835519014, 1.9683882618, 3.2606962231, 1.7035777554, 1.1086919658, 0.65317421025, 0.86716700349, 4.5622309993, 12.2150797277, 11.5848493793, 14.4692123825, 13.6705576142, 14.3625991247, 9.088138338, 8.459781552, 13.4913916113, 1.5348520641, 1.1873996282, 2.45183734, 1.2849671528, 1.9753455087, 1.0171172256, 0.19789191061, 2.7466034098, 0.5968993373, 2.0362635135, 2.2355181002, 0.80675011875, 1.1165507718, 1.3110577301, 2.3571559424, 0.92644473572, 2.1461825529, 1.6484765377, 1.0553873082, 2.1270892311, 1.1520060148, 1.403837606, 1.8749842333, 3.5076753805, 1.6440682058],
      [1.1684423485, 1.7245363191, 1.6791236346, 0.7895298552, 0.8499217543, 1.4502300398, 0.45440417094, 1.5791022225, 1.7172146691, 1.7565973665, 0.81392152216, 1.6340156477, 0.86516829824, 0.7429584031, 0.46548182823, 0.52988424351, 3.8981329854, 8.706261376, 8.10770558, 9.8660306479, 12.96828873, 9.1138585529, 10.9163273792, 8.5625356031, 5.6906242998, 1.6089299995, 0.77295548926, 1.5151386549, 0.89167632947, 1.85511294, 0.77132553863, 0.1520216191, 1.7647275754, 0.95568483995, 0.76849749825, 1.9543453763, 0.8324467802, 1.2488793866, 1.2023685191, 1.3752751062, 0.59678491499, 0.71511673675, 0.57584099454, 0.42709308829, 1.3699003163, 0.75870531779, 2.0279018691, 2.0239217601, 0.99757047347, 1.9382462946]
    ],
    [
      [0.74695940981, 1.2582680977, 0.91700156889, 1.353441402, 1.0286916046, 0.70111679396, 0.92233473227, 0.94746988889, 0.92909416153, 1.3369932251, 1.0991534246, 0.7386436637, 1.2960563588, 1.9115072772, 1.8133894927, 1.2641011434, 1.6877763533, 1.4545541152, 1.5160942054, 1.7845950155, 0.96183218307, 1.6978001521, 0.88189416867, 1.4627277307, 1.5653121229, 8.7435036355, 12.041248967, 10.6635224058, 8.6425323581, 8.9164411502, 9.3126930327, 8.3842705071, 8.1725864638, 5.387913844, 1.4463378886, 0.44639393728, 1.8535830551, 0.56163317313, 1.1240966159, 1.1722873859, 1.2923294686, 1.113661226, 1.1263229141, 1.0815697784, 1.8783679409, 1.0034292049, 1.3797165272, 1.2732905864, 2.0429468705, 1.1592435686],
      [2.2056236399, 2.4745443534, 2.3367632565, 4.8197602065, 2.4661497462, 2.2558335445, 2.2999782883, 2.8465612091, 3.2777310549, 5.9232824841, 1.8659954814, 2.817853244, 1.7234011272, 3.7617860782, 4.5609900178, 3.1058746926, 3.5648726898, 2.7790748131, 2.1043753717, 4.5972776415, 2.8669944537, 3.5170624349, 4.851244631, 5.7947149294, 3.037538759, 23.957346232, 20.5184651952, 19.4211584037, 26.1199552181, 24.6058306604, 25.5448175684, 27.2121394571, 26.1823810608, 12.5260645778, 4.5101973467, 1.7857176702, 3.0511892454, 1.6801036394, 2.8923671578, 2.6187273895, 3.6273652223, 3.1373381829, 2.9333644493, 3.1737520227, 6.3630284571, 3.8151353651, 4.01544732, 3.4127040252, 2.8226489944, 1.6212453126],
      [1.7700432538, 2.5987616824, 1.176582862, 5.8514388575, 3.0479856988, 1.6192851673, 1.4476628872, 1.5323305682, 1.9962982099, 3.4579887835, 1.8003537995, 2.1104249875, 4.295442996, 3.5723184511, 4.5978984072, 2.2055393016, 3.7398833515, 3.0727429208, 2.7666904139, 4.6190861064, 2.4378990327, 4.8165036181, 1.6409049846, 2.8338619791, 3.878918202, 20.4956738589, 19.4268186284, 22.5050910614, 17.4131833859, 21.1739954599, 21.8867294612, 19.630458297, 22.9722254329, 6.6916244314, 3.6127504291, 1.385497669, 2.3327728367, 1.2994175021, 3.0882555683, 2.7091180275, 2.5596106635, 4.2970563178, 1.7476918292, 2.4347393794, 5.6226044282, 1.8077963631, 3.1689263104, 2.473614575, 5.629220157, 2.3475348432],
      [0.27737369655, 0.66842586644, 0.56965231257, 0.97535953393, 0.45717295039, 0.42376449424, 0.33002409227, 0.67363833381, 0.79687657372, 1.2817355073, 0.23449729454, 0.33307810482, 0.68509951792, 0.75438819351, 1.0277220823, 0.42448486238, 1.0074676055, 0.69362815087, 0.61284000905, 0.99904123661, 0.73327433058, 0.96863379483, 0.62595621564, 0.90869536078, 0.51823091606, 6.8034762736, 4.0134672094, 4.4102281291, 3.824329038, 6.3037327295, 5.2557599377, 4.7731317389, 4.6728070425, 3.3943971468, 0.43071433563, 0.38239072358, 0.76245486276, 0.45884568537, 0.89528065791, 0.49986719704, 0.52069464557, 0.45194427327, 0.19262080742, 0.30993881946, 1.1359991738, 0.37363906692, 1.4359098424, 0.84039081341, 0.50518397803, 0.87197627568]
    ],
    [
      [3.6304538175, 1.4667813827, 2.5542593875, 2.0003590351, 1.4888683764, 2.2777918457, 2.2954095075, 2.744271091, 1.2905386817, 1.641694649, 3.0901303737, 1.4131936369, 4.3002577958, 2.7517436576, 1.5040991248, 3.4046081125, 1.388045737, 2.0757157466, 3.8368671104, 1.2323432486, 1.3634546206, 1.5700591109, 0.68872375985, 1.8928551625, 1.7252733057, 0.96238638994, 3.7171447182, 3.9659588936, 1.7226073057, 2.1683143012, 1.7218449474, 2.9523402709, 1.3129328584, 11.9053263295, 12.4285061633, 11.7557882747, 20.9908686231, 13.3822499464, 14.9317379831, 16.7276849894, 14.1455532711, 8.9998030712, 1.7277900143, 0.99153229409, 1.04455997, 2.6813945593, 2.0585513624, 3.3311886945, 1.8912398048, 2.2510749753],
      [7.2568252044, 1.952011328, 4.4007743296, 4.823660063, 2.4169818556, 4.9602989703, 3.8703333989, 5.5774696471, 3.0804091537, 4.919137181, 3.5443920039, 3.6486830749, 3.8666020214, 3.6597904892, 2.5568497871, 5.6531223663, 1.9837858865, 2.6871247324, 3.6079383703, 2.152845786, 2.7561567912, 2.2061703167, 2.5672931643, 5.0790302185, 2.2686048658, 1.7813392284, 4.277372091, 4.879117681, 3.5170988379, 4.0422678847, 3.1898818143, 6.4712629886, 2.8421960786, 18.7055026439, 26.2110286007, 31.819285187, 23.3571485441, 27.0771531434, 25.984283889, 25.2735784996, 26.8466231588, 17.150992313, 3.0420000862, 1.9672809649, 2.3931743621, 6.8937997853, 4.0524489547, 6.0388301035, 1.7670134009, 2.1292410892],
      [3.5107260696, 1.2335361658, 1.3371542526, 3.5328242422, 1.7987839731, 2.1475080968, 1.4675410306, 1.8078568966, 1.1361392468, 1.7408895032, 2.0727751472, 1.6540741985, 5.8232695088, 2.1055311979, 1.5607390754, 2.4338616335, 1.259536066, 1.7958290411, 2.8636354617, 1.3070745444, 1.4168051098, 1.8242089153, 0.52578187073, 1.5036286498, 1.7514411375, 0.92324172331, 2.4546954533, 3.4253801561, 1.4211969562, 2.1081140039, 1.6561300121, 2.829285027, 1.5108724504, 6.0533198402, 12.7118268092, 14.9418797704, 10.8131037263, 12.6756143219, 16.7937600864, 15.8223854472, 11.4709116623, 14.22192564, 1.098455306, 0.91458681158, 1.2814033946, 1.9807039519, 1.9384385005, 2.6522284394, 2.1332935267, 1.8671615253],
      [0.60199490851, 0.34767112357, 0.70781203028, 0.64315665967, 0.29536579489, 0.61440108723, 0.36671606302, 0.87040236536, 0.49291291778, 0.69827866685, 0.29270247512, 0.28404908974, 1.009870674, 0.48293465539, 0.37831201266, 0.50840788775, 0.36863231044, 0.44133047993, 0.69155905759, 0.30773642097, 0.46358347838, 0.39956165704, 0.21820120514, 0.5244859691, 0.25468069103, 0.33303265838, 0.55078773762, 0.7295432692, 0.33909690022, 0.68130381022, 0.43214322619, 0.74711171359, 0.33399861259, 3.3358511864, 1.6486384269, 4.483046768, 3.8388791065, 4.8649825882, 5.2902180416, 3.1763510639, 2.5369119078, 1.6272789758, 0.13175459348, 0.12659992943, 0.28086227331, 0.44410170346, 0.95056118241, 0.97775276255, 0.20845326756, 0.75252241017]
    ],
    [
      [2.4342726082, 2.4257015537, 2.5588686639, 2.060305952, 2.3884425018, 2.5769423276, 2.1822370172, 1.2369269573, 2.1054716334, 1.7810702631, 4.0452151577, 1.4827598602, 2.8546549541, 2.8111324491, 1.3711141352, 1.5943147558, 2.5583078642, 3.2386952415, 0.63000320561, 0.89728299315, 2.1348073544, 1.1557075229, 1.2180562808, 2.8868461764, 3.2732720158, 1.3649208061, 2.803652941, 1.3732058165, 3.4801835287, 2.4867193656, 1.5960853828, 2.1336868289, 0.80063623387, 2.0897565105, 2.5508691458, 0.69951084836, 4.7774049939, 2.4253858264, 1.3086385981, 0.99011124267, 4.0924824883, 4.9130922129, 15.3747977567, 14.9472931108, 10.1071332248, 11.2225499392, 12.4743207125, 11.5495502134, 13.3518897352, 15.5211705335],
      [4.3986666685, 2.9173326164, 3.9902037544, 4.4937818562, 3.5026328737, 5.0755158493, 3.3267293764, 2.2748492259, 4.5482197284, 4.8273146722, 4.1925707326, 3.4595991727, 2.3201181553, 3.3803017802, 2.10655507, 2.3931982516, 3.3050089294, 3.7865669164, 0.53460625869, 1.4149776867, 3.8985272974, 1.465277939, 4.1069186993, 7.0061886484, 3.885223141, 2.2876772926, 2.9207472016, 1.5295414118, 6.4332210547, 4.19705787, 2.6774612941, 4.2348575778, 1.5690632552, 2.9727949801, 4.8690467881, 1.7139414804, 4.8125159072, 4.4433831579, 2.0617487358, 1.3540476658, 7.0316845657, 8.4752818471, 24.4977153324, 26.8470665926, 20.9630650067, 26.1182756225, 22.240518956, 18.958735708, 11.2869496669, 13.2979256777],
