{
  "Z_true": {},
  "V_true": [
    [464, 12, 1328, 172, 72],
    [679, 229, 10972, 705, 523],
    [116, 228, 374, 15716, 552],
    [31, 871, 372, 834, 72],
    [1, 23, 184, 778, 290],
    [43, 48, 373, 696, 509]
  ],
  "p_true": [
    [0.2266, 0.0059, 0.6484, 0.084, 0.0352],
    [0.0518, 0.0175, 0.837, 0.0538, 0.0399],
    [0.0068, 0.0134, 0.022, 0.9252, 0.0325],
    [0.0142, 0.3995, 0.1706, 0.3826, 0.033],
    [0.0008, 0.018, 0.1442, 0.6097, 0.2273],
    [0.0258, 0.0288, 0.2235, 0.417, 0.305]
  ],
  "Z_est": [
    [
      [16.3322, 13.7338, 13.0821, 20.1918, 19.1994, 13.5667, 17.186, 9.3849, 9.9868, 8.0303, 7.8695, 10.2144, 9.7824, 11.9151, 3.1508, 0, 20.9267, 26.6591, 28.5507, 40.5651, 43.6444, 0.9883, 2.0692, 41.2788, 64.9105, 4.0176, 3.6493, 12.5757, 0, 0, 3.4788, 3.8728, 0.8307, 7.3123, 2.3306, 4.9567, 4.7226, 32.7083, 10.4076, 6.1331, 1.245, 2.347, 0, 34.7738, 4.9614, 79.2672, 12.6229],
      [0.0369, 0.0509, 0.0135, 0.0482, 0.0584, 0.0318, 0.033, 0.0193, 0.0144, 0.0244, 0.0192, 0.0314, 0.0185, 0.0259, 0.0043, 0, 0.0449, 0, 0.0514, 0.0607, 0.0516, 0, 0.0009, 0, 0.0915, 0.0048, 0.0078, 0.0194, 0, 0, 0.0095, 0.0097, 0, 0.0077, 0.019, 0.0108, 0.0092, 0.0749, 0.0242, 0.0194, 0, 0.0024, 0, 0.0989, 0.0032, 0.0848, 0.0105],
      [42.5633, 43.9143, 20.0624, 45.551, 48.7469, 29.3507, 33.0918, 19.3181, 14.064, 24.7103, 17.9502, 28.1546, 21.8998, 28.5966, 3.3293, 0, 37.1004, 38.4117, 47.7208, 72.2908, 61.3538, 1.9185, 0.8702, 83.3052, 102.2583, 2.7191, 3.9698, 18.9621, 0, 1.8484, 8.7345, 4.8014, 1.9926, 14.6007, 2.5032, 14.0285, 14.2375, 73.7062, 28.7617, 12.7246, 1.6703, 0.5616, 0, 80.5965, 5.8295, 77.8566, 29.9912],
      [0.8543, 0.7656, 0.4353, 0.6463, 0.888, 0.3685, 0.7403, 0.179, 0.195, 0.382, 0.2472, 0.4066, 0.8266, 0.6222, 0.1532, 0, 0.8425, 0.4649, 0.7072, 1.2452, 0.7807, 0.0397, 0.0086, 1.391, 1.8238, 0.0615, 0.1178, 0.3433, 0, 0, 0.2702, 0.1169, 0.0197, 0.3365, 0.002, 0.332, 0.2249, 1.4225, 1.0165, 0.2796, 0.0274, 0.0187, 0, 1.523, 0.0699, 1.0248, 0.4344],
      [2.2133, 2.5354, 1.4067, 2.5627, 2.1073, 1.6823, 1.9489, 1.0987, 0.7398, 0.853, 0.9139, 1.1929, 1.4727, 1.8403, 0.3625, 0, 2.0855, 1.4644, 2.9699, 3.8383, 3.1694, 0.0535, 0.0511, 4.025, 7.916, 0.197, 0.2553, 1.0996, 0, 0.1516, 0.5071, 0.1992, 0.157, 0.7429, 0.1452, 0.6719, 0.8059, 4.0882, 1.79, 0.8434, 0.0574, 0.0703, 0, 4.0078, 0.136, 6.7665, 0.941]
    ],
    [
      [21.19, 11.5291, 6.1172, 12.2305, 10.8314, 24.5913, 14.1799, 9.8488, 10.9713, 6.2431, 11.6972, 7.7964, 8.3371, 17.0704, 4.0563, 5.3504, 15.2148, 20.2644, 20.2006, 21.7839, 26.9962, 0.8731, 2.7232, 22.8083, 36.609, 3.3027, 3.4228, 10.4524, 2.7379, 0, 3.1182, 4.3089, 0.8142, 9.0054, 0.6131, 9.9561, 8.8811, 21.0249, 4.5283, 3.1053, 1.6499, 1.0439, 1.3715, 35.6276, 10.9664, 79.8841, 6.5055],
      [13.7648, 16.7727, 1.7957, 6.5623, 8.5416, 15.7359, 6.624, 4.0908, 3.5863, 4.9765, 8.3906, 6.5457, 4.459, 9.9103, 1.3949, 1.8177, 7.3474, 2.754, 9.8685, 7.9774, 7.5409, 0, 1.627, 5.4219, 12.6397, 1.6051, 2.0206, 4.0458, 0.6758, 0, 2.1834, 3.1169, 1.3928, 2.9627, 0.6886, 6.9132, 5.9482, 11.6999, 4.3073, 3.7776, 0.1239, 0.6483, 0.4448, 28.2346, 1.9037, 25.2258, 2.0325],
      [562.2358, 463.5633, 91.4131, 267.2946, 276.1354, 512.9984, 262.4843, 192.9411, 152.3776, 209.5383, 258.1555, 221.1549, 181.8823, 403.5214, 39.9604, 34.9208, 258.4601, 287.9446, 324.5836, 372.0267, 375.7178, 14.3293, 19.9353, 441.8671, 555.5578, 28.3916, 38.608, 153.8846, 12.279, 5.9982, 77.4018, 54.5238, 20.0185, 173.9665, 6.9671, 298.2445, 292.1129, 461.0655, 143.8406, 63.2623, 20.8178, 6.3456, 31.173, 801.473, 132.9684, 851.0154, 147.9254],
      [33.0219, 23.7082, 5.8093, 11.0665, 14.7694, 18.4021, 17.1341, 4.8493, 6.1352, 9.6263, 10.3471, 9.3879, 19.8393, 25.634, 5.4465, 0.7721, 17.1292, 10.1777, 14.056, 18.7365, 13.9508, 1.0561, 0.57, 21.583, 28.913, 1.8807, 3.3617, 8.1394, 1.5127, 0, 7.0144, 3.921, 0.8677, 11.7837, 0.0742, 20.7897, 13.5309, 25.9982, 14.8589, 4.0866, 1.0565, 0.2656, 0.0231, 44.538, 4.845, 33.2175, 6.2652],
      [53.7875, 49.4267, 11.8647, 27.8461, 21.7221, 54.2722, 28.5777, 20.27, 14.9295, 12.6158, 24.4095, 17.1151, 22.4823, 47.8639, 8.1419, 1.1389, 26.8485, 19.8593, 37.2913, 36.4755, 35.7942, 0.7416, 2.1445, 39.3197, 78.2805, 3.82, 4.5869, 16.4778, 0.7946, 1.0018, 8.2822, 4.1293, 2.9068, 16.2817, 0.657, 26.0965, 30.5269, 47.2115, 16.465, 7.7681, 1.3518, 1.6967, 2.9875, 73.1268, 4.3164, 130.6572, 8.2714]
    ],
    [
      [0, 0, 0.2068, 0.1223, 0, 0.2761, 0.3087, 0.2481, 0.0783, 0, 0.1382, 0, 0.0786, 0, 0, 0, 0.2505, 0.0951, 0.2478, 0.2595, 0, 0, 0, 0.6275, 0.3956, 0, 0.2223, 0.4024, 0, 0, 0.0343, 0.3434, 0.2633, 0.3759, 0.0057, 0, 0, 0.0404, 0, 0.2858, 0.0443, 0, 0.3044, 0, 0, 0, 0.2199],
      [10.6054, 8.1732, 1.2605, 3.4912, 2.569, 7.2979, 3.4707, 2.6006, 1.7226, 1.8935, 3.8022, 2.3403, 1.7747, 9.3072, 1.4627, 0, 2.847, 1.5519, 4.328, 3.1521, 3.8074, 0, 1.3598, 3.2539, 5.6012, 0.9752, 3.2862, 5.9427, 0, 0, 2.3901, 4.5048, 2.289, 1.681, 0.1284, 4.664, 5.857, 5.4074, 2.1303, 3.8666, 0.0235, 0.0683, 0.9683, 21.5757, 1.3505, 13.4831, 1.3244],
      [7.1118, 5.8489, 0.456, 1.5521, 1.1867, 3.2448, 1.353, 1.5667, 0.787, 1.611, 1.556, 1.144, 2.5021, 5.3577, 0, 1.5717, 0.9623, 2.6285, 1.6737, 1.5684, 2.6371, 0, 2.0702, 4.8804, 3.7771, 0.3998, 0.2274, 2.1979, 0.017, 0.0127, 0.8869, 1.3356, 1.0007, 1.6168, 0.0006, 5.0415, 5.774, 2.4913, 3.5578, 0.9727, 0, 1.7879, 1.364, 9.6192, 2.5746, 18.2021, 1.5608],
      [1227.9531, 710.1147, 179.429, 250.7387, 189.6243, 367.9486, 375.7324, 153.2495, 127.4417, 174.5855, 199.9408, 146.9617, 393.5009, 1069.7837, 231.9622, 39.1247, 277.7476, 229.4952, 262.0595, 312.0992, 307.1024, 14.9176, 106.6766, 719.173, 527.9833, 95.5313, 236.1296, 496.5059, 6.9702, 7.9295, 306.4219, 277.0198, 51.5961, 355.6644, 1.8254, 836.1876, 804.315, 503.1231, 622.1988, 236.1228, 31.5574, 25.3946, 32.9395, 1497.2561, 143.8139, 1045.3186, 172.1829],
      [19.3297, 14.8632, 3.6477, 6.0957, 2.62, 10.2326, 6.1352, 5.335, 2.9704, 1.9101, 4.5628, 2.554, 4.1437, 19.5515, 3.5751, 0.3036, 4.1925, 4.2293, 6.691, 5.9208, 7.4532, 0.0824, 3.8934, 13.0652, 13.2428, 2.0938, 3.1345, 9.9511, 0.0128, 1.0578, 3.2669, 1.7964, 2.8509, 4.6619, 0.0399, 9.1069, 18.054, 8.9379, 6.1131, 4.7521, 0.3748, 1.7492, 3.4239, 23.549, 0.261, 37.9962, 1.712]
    ],
    [
      [0.1827, 0.1025, 0.0423, 0.1087, 0.0668, 0.1846, 0.122, 0.1537, 0.1619, 0.0631, 0.143, 0.0577, 0.0615, 0.178, 0.0884, 0.0233, 0.1053, 0.2314, 0.143, 0.1408, 0.2207, 0.1014, 0.1182, 0.2938, 0.2381, 0.0372, 0.0444, 0.2079, 0.004, 0, 0.0478, 0.0274, 0.0014, 0.0848, 0.0012, 0.0939, 0.0885, 0.175, 0.058, 0.0388, 0.0181, 0.0447, 0.0356, 0.3468, 0.1202, 0.6599, 0.044],
      [37.8505, 56.3401, 4.4332, 19.7728, 18.9258, 42.2689, 19.1386, 19.7985, 18.0925, 18.906, 37.3993, 18.0379, 11.6619, 34.8996, 10.3688, 1.014, 16.891, 14.3763, 24.2229, 17.576, 21.266, 0, 8.5377, 27.9251, 27.9257, 4.8519, 9.5236, 27.5698, 0.2747, 0, 11.7911, 7.4163, 1.7415, 10.145, 0.984, 19.6403, 16.3136, 33.5546, 14.7505, 16.7769, 0.8378, 1.1952, 2.4085, 98.3122, 7.2968, 58.7585, 5.0183],
      [20.1809, 21.5747, 2.6374, 10.0116, 7.4733, 16.0807, 9.3328, 12.1422, 9.6159, 10.5263, 13.0445, 7.4161, 5.6323, 17.7753, 3.7964, 0.4738, 7.3802, 13.9257, 9.5758, 10.0547, 13.1075, 0.2281, 3.2561, 23.7045, 15.1271, 1.3393, 2.0827, 12.7849, 0.1, 0, 5.014, 1.443, 0.1256, 6.7606, 0.0068, 11.3941, 11.3555, 16.3945, 7.1688, 3.1185, 0.9779, 0.8695, 3.1223, 33.5533, 6.1807, 29.419, 4.1671],
      [44.2297, 40.9432, 6.4337, 15.733, 14.7458, 22.22, 23.0634, 13.2186, 14.887, 17.6369, 19.7836, 11.7229, 23.7201, 42.3565, 19.7161, 0.4604, 18.6103, 18.1641, 15.6057, 18.9292, 18.7595, 0.6534, 3.6125, 42.2862, 28.8343, 3.5279, 7.0157, 25.6181, 0.6107, 0, 17.4304, 3.9656, 0.1062, 17.1686, 0.0052, 29.545, 19.672, 34.6594, 27.9336, 7.5514, 2.079, 0.5385, 0.9836, 68.7357, 8.0622, 39.9114, 6.4413],
      [2.5562, 3.0394, 0.4534, 1.3738, 0.7883, 2.2458, 1.3432, 1.687, 1.2427, 0.8678, 1.6295, 0.7654, 0.9242, 2.7906, 1.0303, 0.0284, 1.0131, 1.3025, 1.4527, 1.2993, 1.6463, 0.0171, 0.4756, 2.7903, 2.8748, 0.2437, 0.3336, 1.8193, 0.0106, 0, 0.7167, 0.1476, 0.0252, 0.8409, 0.0028, 1.3267, 1.5704, 2.2165, 1.0891, 0.5145, 0.0872, 0.352, 0.4499, 4.0519, 0.3401, 6.2511, 0.3294]
    ],
    [
      [0.318, 0.2346, 0.1218, 0.3004, 0.1201, 0.4517, 0.3119, 0.1682, 0.2396, 0.0747, 0.1103, 0.1181, 0.0625, 0.2361, 0.1704, 0.1313, 0.0868, 0.3304, 0.2131, 0.2232, 0.3688, 0, 0.1564, 0.525, 0.5755, 0.1107, 0.1225, 0.1325, 0, 0, 0.0411, 0.0688, 0, 0.1677, 0, 0.2428, 0.1691, 0.3733, 0.0659, 0.0553, 0, 0.1037, 0.0397, 0.6808, 0.1357, 1.1922, 0.148],
      [0.9114, 1.2012, 0.1791, 0.7743, 0.4488, 1.4777, 0.7092, 0.325, 0.3722, 0.2454, 0.4157, 0.4634, 0.1684, 0.6494, 0.2982, 0.0615, 0.203, 0.2818, 0.5178, 0.4007, 0.4905, 0, 0.1225, 0.7053, 0.9687, 0.1706, 0.3636, 0.2516, 0, 0, 0.1423, 0.2542, 0, 0.2871, 0, 0.6993, 0.4294, 1.0048, 0.2205, 0.3485, 0, 0.0289, 0.0425, 2.6898, 0.1117, 1.3926, 0.2382],
      [18.5355, 17.5851, 4.1893, 15.0798, 6.8508, 21.6533, 13.2617, 7.6781, 7.6435, 5.2517, 5.6062, 7.3993, 3.1249, 12.6299, 4.193, 1.351, 3.4165, 10.654, 7.9042, 8.8046, 11.598, 0, 1.9292, 23.3755, 20.0428, 1.9527, 3.1809, 4.4883, 0, 0, 2.3426, 2.0065, 0, 7.4453, 0, 15.5808, 11.4751, 18.7518, 4.1147, 2.5926, 0, 0.9976, 2.2618, 35.0816, 3.6812, 26.4627, 7.7638],
      [37.2963, 30.677, 9.3792, 21.7447, 12.4245, 27.4887, 30.086, 7.6754, 10.8491, 8.0938, 7.8121, 10.7486, 12.1237, 27.6284, 19.9825, 1.2107, 7.9102, 12.7616, 11.8239, 15.2138, 15.2426, 0, 1.9529, 38.2676, 35.0794, 4.7203, 9.8259, 8.2456, 0, 0, 7.4798, 5.0553, 0, 17.359, 0, 37.0952, 18.2395, 36.392, 14.7431, 5.7491, 0, 0.5391, 0.6396, 65.9946, 4.4165, 33.0299, 11.0131],
      [6.9388, 7.3021, 2.1307, 6.1007, 2.1558, 8.9285, 5.6312, 3.1533, 2.8955, 1.3344, 2.0557, 2.2706, 1.5205, 5.8562, 3.3559, 0.2455, 1.3835, 2.9722, 3.5411, 3.3577, 4.3001, 0, 0.8389, 8.1267, 11.3336, 1.0457, 1.5071, 1.882, 0, 0, 0.9942, 0.6152, 0, 2.7409, 0, 5.3819, 4.6869, 7.4782, 1.8558, 1.2544, 0, 1.3307, 1.0164, 12.5533, 0.6549, 16.9225, 1.8368]
    ],
    [
      [1.977, 1.4, 0.4297, 1.0463, 0.7823, 1.9296, 0.8916, 1.1963, 1.562, 0.5888, 1.0417, 0.8134, 0.678, 1.6004, 0.5342, 0.495, 1.4158, 2.4197, 1.6447, 2.0276, 2.7698, 0.0373, 0.933, 2.4666, 3.2714, 0.5319, 0.5387, 1.2292, 0.2582, 0, 0.2799, 0.3787, 0.0904, 1.054, 0.0494, 0.7505, 1.1387, 1.6781, 0.9402, 0.3817, 0.0428, 0.4607, 0.2487, 3.571, 0.8164, 6.9965, 0.4597],
      [2.8309, 3.462, 0.318, 1.3511, 1.4564, 3.1877, 1.0245, 1.1657, 1.2118, 0.9541, 1.973, 1.5813, 0.9175, 2.2077, 0.4711, 0.1068, 1.6667, 1.036, 2.0115, 1.833, 1.8435, 0, 0.3521, 1.6938, 2.7732, 0.3924, 0.7982, 1.1708, 0.0495, 0, 0.4836, 0.6981, 0.5767, 0.9164, 0.18, 1.0723, 1.4426, 2.2585, 1.5673, 1.211, 0.0148, 0.057, 0.1359, 7.0889, 0.3341, 4.0551, 0.3761],
      [40.3727, 35.5136, 5.242, 18.5108, 15.6069, 32.6721, 13.4763, 19.3538, 17.5121, 14.3625, 18.6875, 17.7311, 11.9586, 30.1192, 4.721, 1.6825, 19.6805, 27.4356, 21.542, 28.2549, 30.5859, 0.5241, 3.939, 38.8673, 40.237, 3.1976, 4.9311, 14.6822, 0.6041, 1.1407, 5.6203, 3.8896, 1.8626, 16.6101, 0.5223, 16.7107, 27.0449, 29.5908, 20.5563, 6.3293, 0.534, 1.4378, 5.0788, 64.6765, 7.7655, 54.0441, 8.5917],
      [24.6448, 18.7913, 3.5134, 8.0707, 8.548, 12.5721, 9.2437, 5.8282, 7.492, 6.6756, 7.8692, 7.7722, 13.9893, 19.9752, 6.7395, 0.4322, 13.76, 9.9365, 9.7476, 14.7761, 12.1641, 0.3332, 1.1795, 19.2992, 21.3661, 2.2784, 4.5493, 8.1477, 0.9063, 0.0705, 5.3833, 2.9214, 0.4102, 11.6879, 0.0932, 12.0505, 13.0178, 17.4049, 22.2492, 4.2105, 0.2797, 0.2435, 0.4142, 36.9526, 2.7924, 20.4979, 3.6632],
      [14.1745, 13.8331, 2.4969, 7.021, 4.6064, 12.6386, 5.3638, 7.4559, 6.2222, 3.4189, 6.4285, 5.102, 5.4566, 13.0975, 3.5343, 0.2836, 7.4769, 7.1722, 9.0541, 10.1084, 10.6368, 0.1055, 1.5964, 12.6731, 21.3523, 1.5997, 2.1827, 5.7702, 0.182, 0.7888, 2.2329, 1.1122, 1.0601, 5.7317, 0.1551, 5.4162, 10.3559, 11.0677, 8.687, 2.8675, 0.1287, 1.8011, 2.1223, 21.7111, 1.2916, 32.4063, 1.9094]
    ]
  ],
  "V_est": [
    [685.4321, 1.1471, 1266.6287, 22.6554, 72.1367],
    [571.8341, 280.0974, 10603.2832, 550.1521, 1102.6333],
    [5.8752, 169.5892, 117.6882, 16381.3504, 311.497],
    [5.5123, 876.7905, 421.4523, 817.8877, 58.3572],
    [9.499, 21.0668, 389.9378, 694.0103, 161.4861],
    [55.8473, 62.309, 804.0099, 434.9441, 311.8896]
  ],
  "p_est": [
    [0.3347, 0.0006, 0.6185, 0.0111, 0.0352],
    [0.0436, 0.0214, 0.8089, 0.042, 0.0841],
    [0.0003, 0.01, 0.0069, 0.9644, 0.0183],
    [0.0025, 0.4022, 0.1933, 0.3752, 0.0268],
    [0.0074, 0.0165, 0.3056, 0.5439, 0.1266],
    [0.0335, 0.0373, 0.4817, 0.2606, 0.1869]
  ],
  "EI_Z": {},
  "EI_V": 6.0254,
  "MAE_Z": {},
  "MAE_V": 149.6997,
  "MAE_p": 0.0442,
  "runtime": 0.095
}
