{
  "Z_true": {},
  "V_true": [
    [778, 16, 48, 21, 593, 34],
    [53, 1341, 191, 563, 915, 102],
    [113, 528, 542, 3366, 602, 237],
    [298, 285, 311, 80, 18379, 325],
    [225, 201, 3399, 576, 808, 197],
    [45, 87, 120, 101, 674, 331]
  ],
  "p_true": [
    [0.5221, 0.0107, 0.0322, 0.0141, 0.398, 0.0228],
    [0.0167, 0.4237, 0.0603, 0.1779, 0.2891, 0.0322],
    [0.021, 0.098, 0.1006, 0.6247, 0.1117, 0.044],
    [0.0151, 0.0145, 0.0158, 0.0041, 0.934, 0.0165],
    [0.0416, 0.0372, 0.6287, 0.1065, 0.1495, 0.0364],
    [0.0331, 0.0641, 0.0884, 0.0744, 0.4963, 0.2437]
  ],
  "Z_est": [
    [
      [55.2212, 67.0139, 3.624, 5.436, 5.2988, 7.8335, 30.2239, 19.9173, 18.9501, 16.0412, 9.1466, 0.8996, 1.6415, 0.8208, 46.6991, 59.0955, 61.7874, 86.942, 58.7213, 23.7811, 29.4031, 27.4383, 82.7407, 38.9329, 55.7276, 11.7699, 38.202, 28.5823, 57.454, 6.4025, 14.6343, 0.9148, 1.8098, 1.8105, 162.2831, 12.2392, 66.6397, 4.527],
      [0.0785, 0.0942, 0.0048, 0.0072, 0.0072, 0.0121, 0.0423, 0.0266, 0.029, 0.0242, 0.8642, 0.0012, 0.0024, 0.0012, 0.0737, 0.0869, 0.0882, 0.1208, 0.0869, 0.0423, 0.0411, 0.0471, 0.1256, 0.0519, 0.0869, 0.0157, 0.0568, 0.0398, 0.0845, 0.0109, 1.1921, 0.355, 0.0024, 0.0024, 0.2415, 0.0169, 0.0942, 0.006],
      [0.3494, 0.2011, 0, 0, 0.083, 0.1131, 0.2313, 0, 0.1785, 0.2388, 0.0729, 0.0075, 0.005, 0.005, 0.3595, 0.7793, 0.4223, 1.1136, 0.641, 3.4945, 0.2388, 0.2966, 0.7164, 0, 0.5354, 0, 0.5505, 0.2891, 0.4902, 0.0628, 0.1257, 0.0176, 0, 0, 1.6993, 0.1757, 0.4575, 0],
      [0.5394, 0.2754, 0, 0, 0.0409, 0.1773, 0.3395, 0, 0.3319, 0.2904, 0.0754, 0, 0.0264, 0.0151, 0.3847, 0.9619, 0.8487, 1.4786, 0.8563, 0.1886, 0.4338, 1.7884, 1.1052, 0, 4.1794, 0, 0.8977, 0.562, 0.7921, 0.0566, 0.249, 0.0302, 0, 0, 2.1237, 0.2565, 1.5013, 0],
      [8.7147, 10.3081, 0.3666, 0.5499, 0.5499, 1.8437, 4.1052, 2.0162, 4.4608, 3.3669, 3.8159, 0.0916, 0.3179, 0.1553, 13.3842, 10.9436, 9.7379, 10.1513, 11.5727, 5.8555, 3.8177, 9.3633, 19.1425, 3.9407, 11.3563, 1.1914, 7.1962, 3.4696, 11.067, 2.4472, 5.7612, 0.6787, 0.1833, 0.1833, 33.2818, 1.283, 9.1632, 0.4582],
      [0.0968, 0.1073, 0.0046, 0.0069, 0.0202, 0.0203, 0.0579, 0.04, 0.0497, 0.0385, 0.0249, 0, 0.0067, 0.0026, 0.0988, 0.1328, 0.1156, 0.1937, 0.1218, 1.638, 0.0656, 0.0662, 0.1696, 0.0745, 0.1144, 0.023, 0.0967, 0.0571, 0.1121, 0.0199, 0.0378, 0.0038, 0.0045, 0.0038, 0.3705, 0.0286, 0.1441, 0.0087]
    ],
    [
      [0.5753, 0.66, 0.3348, 0.7128, 0.0767, 0.0999, 0.356, 0.2678, 0.1568, 0.2005, 0.0713, 0.0246, 0.0208, 0.0088, 0.4259, 0.6481, 0.6339, 0.9012, 0.654, 0.1853, 0.309, 0.2138, 0.8482, 4.749, 0.51, 0.1455, 0.3929, 0.3409, 0.6176, 0.0499, 0.114, 0.0071, 0.0008, 0.2396, 1.7117, 0.1604, 0.8473, 0.406],
      [59.6461, 33.0876, 4.8005, 27.0307, 23.7099, 33.2392, 55.3178, 55.7425, 94.0676, 45.7169, 21.3332, 3.0579, 3.3422, 1.5293, 43.854, 97.8937, 57.9867, 88.1544, 115.5012, 29.745, 30.395, 56.9772, 117.05, 70.0066, 44.1464, 19.3361, 55.2486, 56.1475, 86.2738, 7.3637, 23.5084, 3.8234, 0.7736, 8.9892, 223.1342, 31.2484, 181.4573, 22.316],
      [0.7382, 0.4248, 0.0743, 0.643, 0.1752, 0.239, 0.7493, 0.5682, 0.377, 6.209, 0.154, 0.0159, 0.0106, 0.0106, 0.7594, 1.6463, 0.8922, 0, 1.3542, 1.7552, 0.5045, 0.6266, 1.5135, 1.291, 1.1311, 0.2177, 1.163, 0.6107, 1.0356, 0.2036, 0.2655, 0.0372, 0, 0.0912, 3.5899, 0.6023, 0.9665, 0.0939],
      [8.0903, 4.8318, 0.7393, 4.0494, 2.712, 3.5775, 12.591, 7.1163, 8.3094, 6.4157, 2.2425, 0.2803, 1.978, 0.1402, 5.8374, 14.3131, 9.0921, 10.5884, 15.1402, 4.0996, 4.5022, 8.2928, 16.6046, 12.3403, 6.5801, 2.6489, 8.1073, 8.2234, 12.4386, 1.393, 3.2165, 0.3504, 0.0701, 1.4294, 33.6683, 7.2294, 26.4569, 1.6055],
      [24.9268, 18.9813, 2.0491, 13.5445, 6.3179, 6.8335, 26.9621, 20.2843, 35.055, 21.4381, 5.1917, 0.6212, 1.9507, 0.3106, 17.1064, 51.4576, 27.3712, 18.3262, 49.3053, 15.1607, 11.2775, 27.8662, 56.9357, 50.5787, 22.6137, 7.6443, 15.0681, 29.6539, 45.5982, 5.5758, 8.8866, 0.7806, 0.1553, 5.2466, 133.7971, 17.7454, 87.1984, 13.5786],
      [0.0233, 0.0144, 0.002, 0.0195, 0.0082, 0.0109, 0.0238, 0.0208, 0.0342, 0.0198, 0.0072, 0, 0.6977, 0.0005, 0.017, 0.0413, 0.0239, 0.0298, 0.0452, 0.0542, 0.0118, 0.0233, 0.048, 0.0344, 0.0188, 0.0075, 0.0201, 0.0236, 0.0362, 0.414, 0.009, 0.0012, 0.0002, 0.004, 0.0988, 0.0141, 0.0736, 0]
    ],
    [
      [4.2887, 2.6649, 0.4676, 1.464, 1.0094, 0.2607, 2.348, 3.9786, 1.0781, 1.4262, 0.082, 1.3699, 0.1531, 0.0972, 1.2338, 7.2164, 9.1229, 11.6607, 6.2797, 0.2131, 5.1911, 0.2459, 6.6213, 6.2758, 2.353, 2.4369, 3.4291, 4.8807, 5.8384, 0.0574, 0.1311, 0.0082, 0.1841, 0.4389, 15.7514, 1.5442, 10.9495, 0.6044],
      [13.2537, 4.8977, 1.0071, 5.0912, 5.3668, 11.5436, 8.4846, 18.0264, 9.1553, 6.9844, 7.7613, 2.5405, 0.5475, 0.4672, 12.376, 19.187, 12.6126, 33.1526, 22.0652, 5.2143, 9.2772, 12.8896, 25.6874, 4.1477, 8.4921, 4.546, 19.8371, 10.8406, 17.1397, 0.4366, 6.245, 2.5301, 0.4932, 0.8907, 29.5111, 2.9086, 39.2185, 3.5572],
      [3.56, 1.8971, 0.1796, 8.6471, 0.0935, 1.2735, 1.7287, 0.7364, 0.2012, 2.6524, 0.6843, 0.0085, 0.0057, 0.1028, 3.3276, 12.7843, 0.476, 12.7565, 5.5786, 2.861, 0.2692, 1.6384, 8.5323, 8.1327, 2.5251, 0.4323, 6.1175, 5.3083, 5.0395, 0.3108, 1.3904, 3.6894, 0.1473, 0.1907, 13.8502, 3.6072, 10.0713, 0.034],
      [126.2961, 65.5877, 14.4254, 40.3478, 33.3866, 40.7429, 69.1406, 103.5874, 75.2004, 64.3701, 17.3336, 7.3519, 4.0663, 3.7045, 94.0011, 235.283, 196.8971, 357.6698, 196.9886, 43.2713, 103.5311, 136.0463, 253.5886, 160.5597, 104.8479, 45.0178, 214.8793, 133.9949, 182.1252, 11.4142, 59.7013, 7.2819, 5.3634, 13.9716, 492.1457, 48.8163, 356.4383, 18.5721],
      [5.9601, 4.7116, 0.1937, 1.3982, 3.4909, 2.1655, 0.9577, 4.8468, 1.0115, 0.8823, 2.4163, 1.7292, 0.0646, 0.18, 15.0444, 28.2162, 2.6133, 25.0323, 3.3138, 2.5592, 6.8549, 10.3898, 6.3236, 13.5403, 1.3988, 1.331, 17.7647, 18.3378, 7.1251, 0.8559, 8.5362, 3.1462, 0.1562, 0.8538, 19.2293, 0.6671, 23.4203, 0.6674],
      [9.6414, 6.2409, 1.7266, 4.0517, 8.6528, 3.0137, 6.3404, 2.8244, 7.3535, 5.6846, 2.7226, 0, 1.1628, 0.4482, 10.0171, 20.3131, 12.278, 30.7281, 15.7742, 9.8811, 10.8765, 6.7901, 20.2468, 6.3438, 10.3831, 3.236, 20.9723, 6.6377, 13.732, 2.9251, 5.9961, 0.3442, 0.6558, 0.6543, 50.5124, 4.4566, 25.902, 0.5649]
    ],
    [
      [2.8467, 3.9891, 2.052, 0.6803, 0.019, 0.0244, 3.1311, 1.5597, 0.0596, 0.0514, 0.0271, 0.0203, 0.0351, 0.0027, 0.1408, 0.1949, 0.563, 4.4123, 0.1922, 0.0704, 0.1906, 0.0812, 0.2626, 2.1629, 0.1706, 1.3557, 0.1245, 0.3294, 0.6579, 0.019, 0.0433, 0.0027, 0.7913, 0.2737, 0.528, 0.741, 0.2301, 0.4846],
      [1.6796, 0.2204, 0.0339, 0.1865, 4.6614, 5.4761, 0.6813, 0.9802, 7.4709, 0.3052, 1.2629, 0.1235, 0.0226, 0.703, 1.183, 0.6783, 0.4126, 8.8175, 6.4602, 0.2035, 0.2317, 0.407, 1.6041, 0.4296, 0.3052, 1.5002, 1.7499, 0.39, 0.5991, 0.0452, 0.3205, 0.1454, 0.6841, 0.0565, 1.4639, 0.1978, 5.6213, 0.3152],
      [0.363, 0.2089, 0.0985, 2.4037, 0.0862, 0.1175, 1.4908, 0.2795, 0.1854, 8.3287, 0.0757, 0.0078, 0.0052, 0.9826, 1.3456, 1.8015, 0.4388, 13.4445, 1.6977, 3.1377, 0.2481, 0.3082, 3.8125, 1.5616, 0.5563, 0.2102, 2.0386, 1.9913, 0.5093, 0.0653, 0.1306, 0.0628, 0.6487, 0.0261, 5.6995, 0.5667, 0.4754, 0.0313],
      [2.1295, 0.6405, 0.9535, 0.4036, 0.3334, 0.4124, 4.0974, 1.0767, 0.7722, 1.3595, 0.1755, 0.0702, 0.0926, 0.0918, 0.895, 2.2375, 5.558, 4.6348, 3.4346, 0.4387, 2.1715, 3.028, 9.9229, 2.2759, 1.8269, 2.457, 4.7814, 1.3074, 2.605, 1.3424, 0.5791, 0.0702, 0.3148, 0.1978, 7.3663, 6.1242, 5.7448, 0.1843],
      [1069.9807, 843.9406, 34.066, 103.2557, 78.8448, 233.9694, 517.7704, 472.1037, 617.4265, 408.9548, 285.2709, 22.7782, 32.6218, 22.4516, 737.9495, 751.1732, 659.027, 729.7921, 1086.2144, 328.9314, 159.0319, 373.1752, 1209.3969, 856.5695, 678.1403, 187.4768, 475.5527, 429.9815, 964.628, 149.8554, 120.8463, 33.7188, 16.0223, 72.4458, 3061.5274, 279.3701, 1183.8063, 140.9845],
      [0.0004, 0.0004, 1.7961, 0.0702, 0.0552, 0.0002, 0.829, 0.0003, 1.0854, 0.0003, 0.188, 0, 1.2227, 0.7683, 0.4861, 0.9146, 0.0006, 3.8989, 0.0008, 0.2183, 4.1262, 0.0004, 0.001, 0.0005, 0.0006, 0.0002, 0.7529, 0.0004, 0.0006, 0.6727, 0.0801, 0, 0.5387, 0, 7.4149, 0.0003, 0.122, 0.0001]
    ],
    [
      [2.357, 5.8878, 0.0504, 0.1008, 0.1245, 0.1748, 0.3171, 0.3912, 0.2726, 0, 0, 0.3165, 0.0148, 0.003, 0, 0, 0.646, 1.4788, 0.3733, 0, 0.3497, 0, 0, 1.0428, 0, 0.1482, 0.7557, 0.3764, 0.7201, 0, 0, 0, 0.0119, 0.0356, 1.5977, 0.2371, 0.6105, 0.5063],
      [2.9565, 0.016, 0.0484, 0.1055, 0.6409, 2.7819, 0.3165, 0.8738, 0.2953, 0.0222, 0.2172, 0.1716, 0.0152, 0.0027, 0.4786, 0.0494, 0.6195, 1.4045, 6.2029, 0.1635, 0.336, 0.4163, 0.937, 0.0313, 0.0222, 0.1459, 0.7221, 0.3718, 0.0436, 0.0033, 0.1727, 0.0227, 0.0116, 0.0366, 0.1066, 0.0144, 0.5571, 0.332],
      [133.8089, 77.1641, 13.6294, 28.2542, 32.5192, 43.1984, 87.6805, 105.277, 69.9656, 77.4477, 27.9754, 2.9563, 1.9709, 0.8964, 137.0221, 292.5861, 165.5525, 415.1101, 245.3974, 43.6803, 93.616, 114.9769, 270.0552, 153.8004, 207.9754, 40.0866, 208.846, 106.6513, 187.6722, 24.325, 48.0229, 3.1839, 2.9822, 9.692, 650.2832, 67.9533, 169.7929, 11.8252],
      [5.2332, 1.3014, 0.4851, 0.9702, 1.338, 1.8561, 3.3836, 4.1961, 2.9482, 2.8508, 0.0734, 0.2577, 0.8248, 0.0285, 0.3743, 0.9357, 11.4847, 15.678, 9.4509, 1.753, 3.7893, 5.0732, 10.3209, 5.9185, 7.9388, 1.6176, 8.1501, 4.1709, 10.9942, 0.7192, 1.9258, 0.1141, 0.1141, 0.4011, 24.8949, 2.7123, 5.8784, 0.5336],
      [13.7857, 7.9938, 0.4213, 0.8427, 1.888, 5.9455, 5.7067, 11.839, 6.5687, 2.2306, 6.5836, 0.2979, 0.2991, 0.0248, 14.6659, 30.9723, 21.3316, 21.5682, 21.2541, 1.3631, 7.2072, 10.327, 15.3083, 8.1664, 25.9642, 3.5609, 13.4968, 4.5397, 30.5186, 2.6728, 2.8312, 0.0991, 0.0991, 0.8975, 46.1168, 2.5844, 5.1055, 1.5177],
      [6.8588, 7.6369, 2.3654, 3.7266, 5.4895, 5.0433, 9.5956, 9.423, 11.9495, 7.4487, 6.1505, 0, 1.8752, 0.0446, 15.4591, 29.4564, 18.3656, 43.7604, 19.3215, 8.0401, 12.7019, 12.2065, 27.3786, 15.0406, 20.0994, 4.4408, 23.0294, 10.8899, 13.0512, 6.2797, 6.0474, 0.5802, 0.781, 0.9373, 77.0009, 6.4985, 24.0556, 1.2852]
    ],
    [
      [4.7111, 5.7843, 0.4712, 0.6061, 0.4716, 0.6066, 2.6239, 1.8855, 1.4828, 1.2807, 0.6731, 0.3692, 0.1346, 0.0676, 3.5005, 4.845, 5.2467, 7.6051, 4.7796, 1.7501, 2.5565, 2.0207, 6.5272, 3.8366, 4.2389, 1.1438, 3.0958, 2.4903, 4.712, 0.4712, 1.0773, 0.0672, 0.2021, 0.2017, 13.1281, 1.0781, 5.7229, 0.4716],
      [1.3856, 0.684, 0.1052, 0.5788, 0.6139, 0.9471, 1.1576, 1.3505, 1.9819, 0.9471, 0.5613, 0.1052, 0.0702, 0.2965, 1.0348, 2.1047, 1.2804, 2.3503, 2.6835, 0.6314, 0.7191, 1.2628, 2.5958, 1.333, 0.9471, 0.456, 1.3856, 1.2102, 1.8592, 0.1403, 0.5613, 0.1234, 0.0351, 0.0246, 4.5427, 0.6139, 4.0516, 0.4736],
      [0.1805, 0.1039, 0.0182, 0.0519, 0.0429, 0.0584, 0.1195, 0.139, 0.0922, 0.1234, 0.0377, 0.0039, 0.0026, 0.0026, 0.1857, 0.4026, 0.2182, 0.5753, 0.3312, 0.0714, 0.1234, 0.1532, 0.3701, 0.2143, 0.2766, 0.0532, 0.2844, 0.1493, 0.2532, 0.0325, 0.0649, 0.0091, 0.2218, 0, 0.8779, 0.0948, 0.2364, 0.0156],
      [0.7115, 0.3632, 0.3967, 0.2289, 0.1891, 0.2338, 0.4478, 1.0235, 0.4378, 1.7135, 0.0995, 0.0398, 0.0119, 0.0199, 0.5075, 1.2688, 1.1195, 1.9504, 1.1294, 0.2488, 0.5722, 0.7712, 1.4578, 0.9055, 0.6269, 0.2587, 1.1842, 0.7414, 1.0449, 0.0746, 0.3284, 0.1532, 0.1375, 0, 2.8012, 2.8613, 1.9803, 0.1045],
      [38.632, 26.0645, 3.9033, 6.4092, 4.9085, 9.2424, 14.4979, 19.9101, 22.4775, 20.1272, 4.7217, 0.4819, 0.7459, 1.8778, 31.8496, 29.2371, 22.919, 54.1299, 42.3398, 14.13, 11.8108, 24.8785, 41.893, 32.2045, 25.5267, 6.7956, 18.9215, 19.0175, 42.063, 3.5928, 10.1385, 3.5765, 2.3837, 0.373, 122.0475, 13.35, 54.3062, 6.7936],
      [13.3792, 10.0001, 2.1053, 3.1251, 3.7741, 3.9116, 7.1533, 7.6915, 9.5277, 7.8081, 2.9068, 0, 1.0348, 0.7357, 12.9219, 17.1418, 12.2163, 28.3891, 17.7366, 7.1683, 8.2181, 9.9134, 20.156, 12.5061, 12.3837, 3.2925, 13.1286, 8.3913, 16.0678, 2.6885, 4.8297, 1.0706, 1.0198, 0.4007, 55.6025, 6.0019, 23.7026, 2.1411]
    ]
  ],
  "V_est": [
    [1220.6066, 4.1647, 13.9516, 20.8065, 226.2925, 4.1782],
    [18.6781, 1932.9518, 30.7405, 277.302, 903.395, 1.9325],
    [123.3566, 398.3832, 130.8413, 4137.9478, 247.3861, 350.0849],
    [28.521, 57.6296, 55.442, 82.1075, 19429.0526, 25.2474],
    [18.9002, 21.6653, 4373.833, 160.6911, 356.5957, 474.3147],
    [101.9376, 43.2054, 6.1916, 28.1451, 808.2781, 370.2422]
  ],
  "p_est": [
    [0.8192, 0.0028, 0.0094, 0.014, 0.1519, 0.0028],
    [0.0059, 0.6107, 0.0097, 0.0876, 0.2854, 0.0006],
    [0.0229, 0.0739, 0.0243, 0.768, 0.0459, 0.065],
    [0.0014, 0.0029, 0.0028, 0.0042, 0.9873, 0.0013],
    [0.0035, 0.004, 0.8091, 0.0297, 0.066, 0.0877],
    [0.0751, 0.0318, 0.0046, 0.0207, 0.5952, 0.2726]
  ],
  "EI_Z": {},
  "EI_V": 12.2371,
  "MAE_Z": {},
  "MAE_V": 248.0396,
  "MAE_p": 0.0614,
  "runtime": 0.9355
}
