{
  "X": [
    [2, 6, 8, 1],
    [135, 326, 603, 62],
    [82, 251, 378, 41],
    [39, 47, 105, 15],
    [1, 15, 6, 5],
    [6, 12, 14, 0],
    [5, 7, 8, 1],
    [1, 0, 6, 0],
    [2, 10, 9, 1],
    [85, 504, 482, 52],
    [122, 602, 646, 58],
    [74, 322, 452, 36],
    [118, 416, 620, 45],
    [65, 153, 308, 38],
    [107, 535, 548, 82],
    [88, 243, 430, 28],
    [107, 304, 552, 73],
    [3, 2, 9, 0],
    [11, 13, 20, 2],
    [13, 93, 59, 16],
    [48, 63, 115, 11],
    [237, 461, 794, 109],
    [45, 77, 135, 18],
    [6, 6, 22, 3],
    [31, 29, 98, 16],
    [13, 4, 23, 5],
    [5, 3, 6, 1],
    [28, 33, 106, 13],
    [9, 17, 25, 7],
    [12, 5, 13, 1],
    [7, 21, 19, 3],
    [74, 230, 443, 23],
    [90, 198, 417, 42],
    [47, 271, 165, 21],
    [12, 15, 23, 4],
    [7, 25, 24, 3],
    [58, 155, 172, 25],
    [94, 323, 387, 49],
    [58, 229, 268, 34],
    [106, 493, 505, 46],
    [45, 108, 180, 25],
    [280, 172, 875, 90],
    [151, 245, 428, 51],
    [69, 245, 207, 21],
    [44, 74, 209, 27],
    [218, 392, 649, 87],
    [93, 225, 320, 38],
    [56, 251, 308, 39],
    [90, 164, 366, 60],
    [36, 51, 106, 14],
    [51, 77, 244, 24],
    [23, 77, 93, 13],
    [37, 112, 253, 17],
    [30, 72, 108, 19],
    [517, 1602, 2139, 215],
    [158, 294, 401, 65],
    [984, 1280, 1930, 328],
    [290, 500, 997, 93]
  ],
  "W": [
    [5, 5, 6, 1],
    [321, 317, 387, 101],
    [180, 192, 316, 64],
    [61, 51, 67, 27],
    [7, 2, 12, 6],
    [6, 11, 15, 0],
    [7, 6, 7, 1],
    [2, 4, 0, 1],
    [4, 6, 9, 3],
    [224, 248, 579, 72],
    [259, 365, 699, 105],
    [188, 249, 372, 75],
    [262, 374, 473, 90],
    [119, 223, 184, 38],
    [215, 335, 595, 127],
    [254, 200, 300, 35],
    [320, 254, 392, 70],
    [5, 5, 4, 0],
    [10, 11, 19, 6],
    [22, 36, 105, 18],
    [96, 53, 67, 21],
    [467, 411, 588, 135],
    [85, 72, 92, 26],
    [15, 8, 12, 2],
    [59, 66, 33, 16],
    [16, 14, 7, 8],
    [8, 3, 1, 3],
    [67, 52, 47, 14],
    [14, 14, 23, 7],
    [9, 10, 11, 1],
    [16, 8, 24, 2],
    [187, 244, 295, 44],
    [222, 206, 267, 52],
    [100, 77, 287, 40],
    [19, 15, 11, 9],
    [21, 8, 27, 3],
    [96, 101, 181, 32],
    [187, 210, 392, 64],
    [131, 144, 278, 36],
    [253, 253, 552, 92],
    [92, 101, 137, 28],
    [620, 435, 228, 134],
    [282, 221, 319, 53],
    [136, 97, 275, 34],
    [78, 142, 99, 35],
    [413, 341, 511, 81],
    [199, 178, 260, 39],
    [142, 155, 284, 73],
    [186, 191, 245, 58],
    [69, 55, 61, 22],
    [138, 120, 104, 34],
    [43, 55, 92, 16],
    [96, 154, 138, 31],
    [60, 74, 75, 20],
    [1192, 1111, 1850, 320],
    [279, 226, 318, 95],
    [1439, 1196, 1569, 318],
    [652, 514, 607, 107]
  ],
  "method": "mult",
  "cond_prob": [
    [
      [0.37321136948, 0.011361088854, 0.55201157898, 0.063415962688],
      [0.070406400359, 0.040997739635, 0.82803205418, 0.060563805829],
      [0.004475656119, 0.83730131781, 0.14411850684, 0.014104519232],
      [0.041886378756, 0.14984318245, 0.43897524636, 0.36929519243]
    ],
    [
      [0.33580332492, 0.009636478852, 0.60407945163, 0.050480744598],
      [0.070189724249, 0.03355074361, 0.84946038454, 0.046799147599],
      [0.0060601820091, 0.76908129318, 0.2099165184, 0.014942006412],
      [0.050120446209, 0.14246943001, 0.55532277946, 0.25208734433]
    ],
    [
      [0.34595434121, 0.0090479210978, 0.5929524891, 0.05204524859],
      [0.073234917551, 0.031948933672, 0.84588279512, 0.048933353657],
      [0.0065595053013, 0.76045137499, 0.21678093676, 0.016208182943],
      [0.052035108908, 0.13502133963, 0.55012463167, 0.26281891979]
    ],
    [
      [0.4464749981, 0.0067091974801, 0.49757966292, 0.049236141501],
      [0.10727895964, 0.027083620458, 0.812735708, 0.05290171191],
      [0.010830893652, 0.73523938231, 0.23417650714, 0.019753216896],
      [0.075776673356, 0.11402086167, 0.52466784725, 0.28553461772]
    ],
    [
      [0.22657639094, 0.023685786236, 0.54546406159, 0.20427376124],
      [0.039047166839, 0.075008666185, 0.71417394855, 0.17177021842],
      [0.001588675476, 0.89205381768, 0.080303849645, 0.026053657204],
      [0.01515888137, 0.17636953146, 0.24856905841, 0.55990252877]
    ],
    [
      [0.59333306653, 0.0071812664261, 0.39948566705, 0],
      [0.15900711357, 0.035292341219, 0.80570054521, 0],
      [0.012600529257, 0.80790309333, 0.17949637742, 0],
      [0.14442094485, 0.19381706601, 0.66176198914, 0]
    ],
    [
      [0.56823807859, 0.0098130271606, 0.37664294362, 0.045305950631],
      [0.14828087361, 0.04712525081, 0.7469599289, 0.057633946682],
      [0.0086887807663, 0.85820546008, 0.12075188178, 0.012353877369],
      [0.089282681891, 0.17325654047, 0.40287118986, 0.33458958778]
    ],
    [
      [0.39207824345, 0, 0.60792175655, 0],
      [0.061251628837, 0, 0.93874837116, 0],
      [0.023910966573, -0, 0.97608903343, 0],
      [0.069524784863, 0, 0.93047521514, 0]
    ],
    [
      [0.42299081348, 0.012966313968, 0.52500363335, 0.039039239207],
      [0.083527566293, 0.049412521509, 0.82759977462, 0.039460137579],
      [0.0047617967065, 0.85543075506, 0.13140522788, 0.0084022203492],
      [0.056331215609, 0.20334138267, 0.50150187624, 0.23882552548]
    ],
    [
      [0.31465946456, 0.011252545579, 0.6168544627, 0.057233527166],
      [0.06409182964, 0.038203745348, 0.84596248833, 0.051741936685],
      [0.0050014735909, 0.79112356292, 0.18894294258, 0.014932020908],
      [0.044007471923, 0.155988495, 0.53176600605, 0.26823802703]
    ],
    [
      [0.35057004877, 0.010520520029, 0.59388162731, 0.04502780389],
      [0.074246359701, 0.037120873028, 0.84632648035, 0.042306286922],
      [0.0059397034153, 0.78772415146, 0.19381925199, 0.012516893132],
      [0.053456478064, 0.15891683496, 0.55790265431, 0.22972403267]
    ],
    [
      [0.30651128541, 0.010615548407, 0.64087751095, 0.041995655228],
      [0.061461785646, 0.035495686501, 0.86565199429, 0.037390533566],
      [0.0050773516278, 0.77884313342, 0.20465619907, 0.011423315885],
      [0.045614275244, 0.15667531789, 0.58811356244, 0.20959684443]
    ],
    [
      [0.33995844943, 0.010511998825, 0.61086667876, 0.038662872991],
      [0.070866278908, 0.036508341718, 0.85687053924, 0.035754840137],
      [0.0057402149323, 0.78487464988, 0.19867480164, 0.010710333555],
      [0.052798059967, 0.16174612403, 0.58448569623, 0.20097011978]
    ],
    [
      [0.36774731653, 0.0092126470859, 0.55819696539, 0.064843070996],
      [0.08036025396, 0.033620083465, 0.82301646011, 0.063003202465],
      [0.0069143792322, 0.77041779322, 0.20262087, 0.020046957543],
      [0.053188412966, 0.13240524378, 0.49858721418, 0.31581912908]
    ],
    [
      [0.36082999636, 0.011026142355, 0.5637318829, 0.064411978377],
      [0.078016052906, 0.03973106121, 0.82044935123, 0.061803534655],
      [0.0059115387825, 0.79880383429, 0.17796375342, 0.017320873508],
      [0.050938915582, 0.1542581512, 0.49046089729, 0.30434203593]
    ],
    [
      [0.29860124356, 0.0097318251666, 0.65089613725, 0.040770794021],
      [0.059428624459, 0.032283590247, 0.87227560337, 0.03601218192],
      [0.0052744712938, 0.76141155417, 0.22149750891, 0.01181646563],
      [0.044946974741, 0.14522333715, 0.60385249307, 0.20597719504]
    ],
    [
      [0.28278991065, 0.0091709254682, 0.63528269888, 0.072756465002],
      [0.056188280069, 0.030355069185, 0.84933325463, 0.064123396112],
      [0.0052106269532, 0.74739864605, 0.22540294682, 0.021987780177],
      [0.037502106198, 0.12048254177, 0.51894457843, 0.32307077361]
    ],
    [
      [0.45098715799, 0.0044469252144, 0.5445659168, 0],
      [0.091920340468, 0.01746338209, 0.89061627744, 0],
      [0.010590024165, 0.71095942852, 0.27845054731, 0],
      [0.092810783617, 0.10960824432, 0.79758097206, 0]
    ],
    [
      [0.60194420257, 0.0053241003928, 0.3679037113, 0.024827985741],
      [0.17359858485, 0.027131576318, 0.76564084924, 0.033628989589],
      [0.017181845763, 0.75666064807, 0.21381239266, 0.012345113507],
      [0.13298134057, 0.12500800336, 0.53203212488, 0.2099785312]
    ],
    [
      [0.40951871396, 0.010921899847, 0.4850510819, 0.094508304297],
      [0.093780887812, 0.042552884018, 0.76565019989, 0.09801602828],
      [0.0066626310495, 0.81219611602, 0.15533488118, 0.025806371743],
      [0.05202250703, 0.1407639588, 0.38809825469, 0.41911527947]
    ],
    [
      [0.42709939903, 0.010217146121, 0.52295483232, 0.039728622528],
      [0.098916396176, 0.039630765911, 0.82043666563, 0.041016172279],
      [0.0074704931846, 0.80422795128, 0.17685354467, 0.011448010862],
      [0.070744315694, 0.16888787896, 0.5363588926, 0.22400891274]
    ],
    [
      [0.38882670577, 0.0085238484742, 0.54192006868, 0.060729377084],
      [0.087510007424, 0.031935769981, 0.819966893, 0.060587329592],
      [0.007862563197, 0.76111413954, 0.21089315039, 0.020130146871],
      [0.058938688139, 0.12788774696, 0.50564160454, 0.30753196036]
    ],
    [
      [0.41127857193, 0.0089730340811, 0.52450387745, 0.055244516539],
      [0.094303698344, 0.034467014337, 0.81474126509, 0.056488022226],
      [0.0079508861611, 0.77823309386, 0.19620775595, 0.017608264023],
      [0.063929387798, 0.13916132228, 0.50504537765, 0.29186391227]
    ],
    [
      [0.32184220135, 0.0049605680878, 0.59962514792, 0.073572082645],
      [0.063965916116, 0.017216063395, 0.85102827058, 0.067789749903],
      [0.0083329212566, 0.64905863478, 0.31017739714, 0.032431046817],
      [0.042225329732, 0.068562960571, 0.50771573556, 0.38149597414]
    ],
    [
      [0.39820352641, 0.0086798169407, 0.52042560882, 0.072691047827],
      [0.090346466909, 0.033102558118, 0.8027937292, 0.073757245771],
      [0.0077490331362, 0.7723654011, 0.19650256127, 0.0233830045],
      [0.056912816082, 0.12449200647, 0.46217540984, 0.3564197676]
    ],
    [
      [0.53667042905, 0.0042208302283, 0.4029025552, 0.056206185525],
      [0.14460489695, 0.019732604955, 0.76595253954, 0.069709958563],
      [0.017115022449, 0.69649937376, 0.25585661499, 0.030528988802],
      [0.095305306695, 0.078745968057, 0.45833849327, 0.36761023198]
    ],
    [
      [0.56653923492, 0.019054369368, 0.37817745653, 0.036228939176],
      [0.14260650745, 0.089003125092, 0.72419078921, 0.044199578247],
      [0.0025573030527, 0.95929923066, 0.035223137413, 0.0029203288724],
      [0.080839652594, 0.32840277083, 0.36465378099, 0.22610379558]
    ],
    [
      [0.33723021369, 0.0074051156491, 0.59305629676, 0.062308373892],
      [0.070692909905, 0.026071777296, 0.84485783333, 0.058377479471],
      [0.0072548391924, 0.72329694637, 0.24731170056, 0.022136513884],
      [0.0488734305, 0.10750924775, 0.53368794116, 0.30992938059]
    ],
    [
      [0.45066310474, 0.0072865564046, 0.4529711931, 0.08907914576],
      [0.10740586863, 0.030185371022, 0.76429277397, 0.098115986373],
      [0.0097341922698, 0.76137343486, 0.19596617878, 0.032926194086],
      [0.060681935739, 0.10231556044, 0.39245988207, 0.44454262176]
    ],
    [
      [0.68930013401, 0.0031573361802, 0.28439843538, 0.023144094432],
      [0.23431766457, 0.019209083357, 0.70910629392, 0.03736695815],
      [0.029313504397, 0.70522335059, 0.24830864466, 0.017154500353],
      [0.17674677887, 0.087688764708, 0.4830783331, 0.25248612332]
    ],
    [
      [0.4024782351, 0.010359065434, 0.51218199374, 0.074980705718],
      [0.088128063203, 0.039434152379, 0.7965611269, 0.07587665752],
      [0.0064879172409, 0.80821188566, 0.16475823512, 0.020541961982],
      [0.05235221763, 0.14054961135, 0.42859630177, 0.37850186925]
    ],
    [
      [0.3024777811, 0.0091448611484, 0.65626519066, 0.032112167083],
      [0.060267004806, 0.030387109197, 0.88093435699, 0.028411529012],
      [0.0055997116809, 0.75041576982, 0.23422316755, 0.009761350947],
      [0.047746463808, 0.14319363089, 0.63885410759, 0.17020579771]
    ],
    [
      [0.32017876517, 0.0083239884103, 0.6171314723, 0.054365774124],
      [0.065922631182, 0.028574179291, 0.85581231336, 0.049690876171],
      [0.0064037308972, 0.7378902363, 0.23785818158, 0.017847851223],
      [0.047260358926, 0.12184724307, 0.56158248551, 0.2693099125]
    ],
    [
      [0.4136553289, 0.01240349933, 0.52325195952, 0.050689212251],
      [0.09433084885, 0.047314335445, 0.80687131258, 0.051483503123],
      [0.0062144942514, 0.82925163393, 0.15198934944, 0.01254452238],
      [0.062689108941, 0.18708152666, 0.49059295066, 0.25963641374]
    ],
    [
      [0.51227293139, 0.013201952889, 0.42666626327, 0.047858852449],
      [0.12977200167, 0.05762653649, 0.75711733333, 0.055484128508],
      [0.0068177589668, 0.86994277983, 0.11245655635, 0.010782904851],
      [0.080836038721, 0.21620197376, 0.42865548275, 0.27430650477]
    ],
    [
      [0.33546766003, 0.011796845731, 0.58902528187, 0.063710212368],
      [0.067574712124, 0.040903833126, 0.83278328929, 0.058738165461],
      [0.0048487031034, 0.81135974827, 0.16827538004, 0.015516168588],
      [0.043616827552, 0.15817040095, 0.48760848959, 0.3106042819]
    ],
    [
      [0.44481302299, 0.0094579487728, 0.48720584777, 0.058523180467],
      [0.10695930202, 0.038048443347, 0.7923101695, 0.062682085136],
      [0.0083926274363, 0.79567915486, 0.1777402088, 0.018188008903],
      [0.069704447444, 0.14756842242, 0.47238047004, 0.3103466601]
    ],
    [
      [0.37721755962, 0.0094971629433, 0.55459022531, 0.058695052118],
      [0.083220621045, 0.034943204259, 0.82433257917, 0.057503595523],
      [0.0069725635989, 0.77757220322, 0.1976381766, 0.017817056574],
      [0.056224106274, 0.14040510724, 0.50979232213, 0.29357846435]
    ],
    [
      [0.34653377686, 0.0098396846817, 0.57854419697, 0.065082341486],
      [0.073654997182, 0.034928806887, 0.82990261829, 0.061513577641],
      [0.0061562827578, 0.77641356751, 0.19841809025, 0.019012059484],
      [0.048871979151, 0.13787464933, 0.50393945493, 0.30931391659]
    ],
    [
      [0.34545470296, 0.011164687304, 0.59948527439, 0.043895335344],
      [0.072552300176, 0.039074228021, 0.84746632844, 0.040907143366],
      [0.0055731305663, 0.79648844036, 0.18631774612, 0.011620682954],
      [0.052216524635, 0.1672261088, 0.55837878582, 0.22217858075]
    ],
    [
      [0.36752901682, 0.0087495609676, 0.55807811455, 0.065643307659],
      [0.080208251465, 0.031956236418, 0.82400752946, 0.063827982659],
      [0.0071602062494, 0.76150315887, 0.21026785884, 0.021068776049],
      [0.053130647191, 0.12600907184, 0.49931001018, 0.32155027079]
    ],
    [
      [0.36743487212, 0.0072829085036, 0.57658836738, 0.048693851997],
      [0.080230970391, 0.026467797653, 0.84618180586, 0.047119426095],
      [0.0082623769561, 0.72435251728, 0.2494420304, 0.017943075359],
      [0.058671044596, 0.11511147816, 0.56655946793, 0.25965800931]
    ],
    [
      [0.41420377113, 0.0082415223841, 0.5218543236, 0.055700382895],
      [0.096072361571, 0.031853606022, 0.81475129065, 0.057322741755],
      [0.0086538109083, 0.76225844989, 0.20999667373, 0.019091065473],
      [0.065605414494, 0.12936787637, 0.50929070224, 0.2957360069]
    ],
    [
      [0.42539119714, 0.010696305346, 0.51952211988, 0.044390377636],
      [0.098725232716, 0.041465598584, 0.81399014881, 0.045819019888],
      [0.0072461855716, 0.80948098783, 0.17083833711, 0.012434489485],
      [0.06866786706, 0.1715798134, 0.51803683501, 0.24171548453]
    ],
    [
      [0.36645625628, 0.0077106100902, 0.56449985292, 0.061333280709],
      [0.079866123055, 0.028132657233, 0.83242924894, 0.059571970775],
      [0.0078252821406, 0.73733588217, 0.23325034022, 0.021588495475],
      [0.054646209205, 0.11462116074, 0.52113794978, 0.30959468028]
    ],
    [
      [0.4061530232, 0.0083067813988, 0.52266572389, 0.062874471506],
      [0.093625671635, 0.031883858404, 0.81022929971, 0.064261170253],
      [0.00842691528, 0.76145122598, 0.2087348518, 0.021387006949],
      [0.062016763792, 0.1255791315, 0.49135993614, 0.32104416856]
    ],
    [
      [0.38113514107, 0.010056815821, 0.54931383608, 0.059494207032],
      [0.084424037364, 0.037153683419, 0.81990001987, 0.058522259342],
      [0.0067402012, 0.78872287915, 0.18726230455, 0.017274615098],
      [0.056331297444, 0.14746424714, 0.5007059348, 0.29549852062]
    ],
    [
      [0.31655785379, 0.010841138113, 0.6162213124, 0.056379695695],
      [0.064543192115, 0.036899544509, 0.84746204888, 0.051095214496],
      [0.0051680906228, 0.78556240007, 0.19413721903, 0.015132290274],
      [0.044634323314, 0.15179452334, 0.53638239882, 0.26718875453]
    ],
    [
      [0.35238912806, 0.0070743415382, 0.56424362149, 0.076292908915],
      [0.076414207385, 0.025587996523, 0.82452293496, 0.073474861136],
      [0.0080334212024, 0.71540491357, 0.24799808996, 0.028563575262],
      [0.049655527167, 0.098910815636, 0.49040021114, 0.36103344605]
    ],
    [
      [0.40843712644, 0.0087433134739, 0.52947578922, 0.053343770872],
      [0.093059142383, 0.033437520552, 0.8192069274, 0.054296409665],
      [0.0080004340905, 0.77374794409, 0.20099439368, 0.017257228146],
      [0.06389927034, 0.13685768595, 0.51411016642, 0.2851328773]
    ],
    [
      [0.30077970532, 0.00805948927, 0.6385068362, 0.052653969211],
      [0.060396643573, 0.027034095493, 0.86555111797, 0.047018142963],
      [0.0060799178556, 0.72732208636, 0.24909940867, 0.017498587111],
      [0.044084418402, 0.1174726465, 0.57801475281, 0.26042818229]
    ],
    [
      [0.39091091734, 0.0095096633188, 0.53674929449, 0.062830124852],
      [0.086985364858, 0.035659506733, 0.81464126698, 0.062713861426],
      [0.0071229866649, 0.78343681468, 0.19044615346, 0.018994045194],
      [0.057014755722, 0.1392853029, 0.48802390668, 0.31567603471]
    ],
    [
      [0.28649883909, 0.0095079387167, 0.66367565869, 0.040317563509],
      [0.056063397822, 0.031113578351, 0.87769813375, 0.035124890082],
      [0.0050973354938, 0.75485411843, 0.22823880261, 0.011809743459],
      [0.042762568129, 0.14125838277, 0.61259766488, 0.20338138422]
    ],
    [
      [0.38996401119, 0.011018134357, 0.52196075408, 0.077057100373],
      [0.087339881937, 0.041440309497, 0.79407731813, 0.077142490437],
      [0.0063433496714, 0.80822485686, 0.16471492726, 0.02071686621],
      [0.052928659629, 0.14964673142, 0.43996553258, 0.35745907637]
    ],
    [
      [0.35424398545, 0.010315131852, 0.58531302821, 0.050127854482],
      [0.075712001591, 0.036669962572, 0.84016391301, 0.04745412283],
      [0.0061196459544, 0.7852444051, 0.19445169989, 0.014184249056],
      [0.05331186581, 0.15349104182, 0.54175407286, 0.25144301951]
    ],
    [
      [0.44688149472, 0.010126232284, 0.48358817665, 0.05940409634],
      [0.10809650729, 0.040815063443, 0.7873341741, 0.063754255174],
      [0.0080432831824, 0.8067696678, 0.16764462821, 0.017542420809],
      [0.069614897691, 0.15632665191, 0.46415653147, 0.30990191892]
    ],
    [
      [0.50018512723, 0.0083182205376, 0.42836632897, 0.063130323267],
      [0.13180728365, 0.0364570238, 0.75805615971, 0.073679532842],
      [0.01077378283, 0.78952947243, 0.17742566327, 0.022271081473],
      [0.082527541582, 0.1356925958, 0.43465149406, 0.34712836856]
    ],
    [
      [0.36606654456, 0.0092750511416, 0.57525642246, 0.04940198184],
      [0.079489988573, 0.033516644287, 0.83945645596, 0.047536911181],
      [0.006883603666, 0.76978751805, 0.20810700461, 0.015221873674],
      [0.056553152291, 0.14177431543, 0.54684512967, 0.25482740261]
    ]
  ],
  "expected_outcome": [
    [
      [1.8660568474, 107.7928673003, 62.2717814181, 27.2349748841, 1.5860347366, 3.5599983992, 3.9776665501, 0.78415648691, 1.6919632539, 70.4837200604, 90.7976426305, 57.6241216575, 89.0691137496, 43.7619306673, 77.5784492181, 75.8447158642, 90.4927714087, 2.2549357899, 6.0194420257, 9.0094117071, 41.0015423071, 181.5820715929, 34.9586786138, 4.8276330202, 23.4940080583, 8.5867268648, 4.5323138794, 22.5944243175, 6.3092834664, 6.2037012061, 6.4396517617, 56.5633450663, 71.079685867, 41.3655328902, 9.7331856964, 7.0448208606, 42.7020502067, 70.5396836498, 45.3959247686, 87.4000398483, 33.8126695479, 227.8096207113, 116.8054634575, 57.853202811, 28.5835879895, 167.7411985829, 75.8458930729, 44.9512152378, 65.5443778191, 28.1821617243, 41.507599334, 16.8091694457, 27.5038885523, 23.3978406717, 422.258830657, 124.6799370274, 719.7663980831, 238.6753870547],
      [0.05680544427, 3.0933097115, 1.6286257976, 0.40926104628, 0.16580050365, 0.043087598557, 0.068691190124, 0, 0.051865255873, 2.5205702098, 2.7248146874, 1.9957231005, 2.7541436921, 1.0963050032, 2.3706206063, 2.4718835923, 2.9346961498, 0.022234626072, 0.053241003928, 0.24028179664, 0.98084602766, 3.9806372375, 0.76270789689, 0.074408521317, 0.5121091995, 0.067533283653, 0.15243495494, 0.49614274849, 0.10201178967, 0.028416025622, 0.16574504695, 1.7100890347, 1.8479254271, 1.240349933, 0.25083710489, 0.24773376036, 0.90796308219, 1.7759694704, 1.2889986933, 2.8246658879, 0.80495960902, 4.5154032722, 2.3241093123, 1.4546975271, 0.60142758704, 3.4307007177, 2.0013063485, 1.5394416121, 1.3158275261, 0.6032886297, 1.1122095193, 0.40891552271, 0.9127621168, 0.66108806142, 12.2956371681, 2.8252188074, 11.9699193536, 6.0473333443],
      [2.7600578949, 193.9095039722, 106.7314480382, 30.3523594381, 3.8182484311, 2.3969140023, 2.6365006053, 1.2158435131, 2.1000145334, 138.1753996447, 153.8153414744, 120.4849720591, 160.0470698345, 66.425438881, 121.2023548244, 165.3276188621, 203.290463641, 2.722829584, 3.679037113, 10.6711238017, 50.2036639025, 253.0766720714, 44.5828295835, 8.9943772188, 30.7051109204, 6.4464408832, 3.0254196522, 39.7347718832, 6.3415967033, 2.5595859184, 8.1949118999, 122.7215906543, 137.0031868504, 52.3251959517, 8.1066590022, 12.3695309193, 46.7717613863, 103.7083721337, 75.7892898034, 151.6697744217, 51.3431865384, 357.4847877785, 147.1629192538, 70.6550083034, 44.0309885281, 215.8609439673, 109.3134533792, 87.5034263614, 104.9493135966, 36.5338294559, 88.1139433957, 23.080219663, 63.7128632341, 31.3176452445, 697.6931296322, 134.9211012864, 616.4191473824, 375.0671874412],
      [0.31707981344, 16.204319016, 9.3681447461, 3.0034046316, 1.4299163287, 0, 0.31714165442, 0, 0.15615695683, 12.8203100852, 11.6622012076, 7.8951831828, 10.1296727237, 7.7163254485, 13.8485753511, 10.3557816814, 23.2820688005, 0, 0.24827985741, 2.0791826945, 3.8139477627, 28.3606190982, 4.6957839058, 1.1035812397, 4.2887718218, 0.8992989684, 0.28983151341, 4.1746610508, 1.2471080406, 0.20829684989, 1.1996912915, 6.0049752446, 12.0692018555, 5.0689212251, 0.90931819653, 1.3379144597, 5.6182253248, 10.9759747461, 8.5257867346, 11.1055198421, 6.0391843047, 30.1901882379, 15.7075079764, 6.0370913584, 4.7839958953, 25.9671567321, 11.8393471994, 8.0059167887, 14.1904810583, 3.6807201902, 7.2662477511, 2.7016953686, 3.8704860968, 4.6234260224, 59.7524025427, 16.5737428788, 90.8445351809, 32.2100921597]
    ],
    [
      [0.3520320018, 22.2501425868, 14.0611041697, 5.4712269415, 0.078094333678, 1.7490782493, 0.88968524165, 0.24500651535, 0.50116539776, 15.8947737508, 27.0999212907, 15.3039846258, 26.5039883118, 17.9203366331, 26.1353777235, 11.8857248917, 14.2718231374, 0.45960170234, 1.9095844333, 3.3761119612, 5.2425689973, 35.9666130514, 6.7898662808, 0.51172732893, 5.962866816, 2.0244685572, 0.42781952234, 3.6760313151, 1.5036821609, 2.3431766457, 0.70502450563, 14.7051491726, 13.5800620234, 7.2634753615, 1.9465800251, 0.54059769699, 10.8028895035, 17.4763304194, 10.6063195943, 18.3557319444, 8.1010333979, 34.9004721201, 21.2319919072, 9.5763475735, 11.3409894738, 31.9263540274, 15.0274786508, 10.0041947779, 14.5951136106, 5.118252831, 7.2475972288, 4.7841950672, 8.6337632646, 6.4631512633, 84.1160337677, 24.4298106468, 157.6415112427, 40.8578541263],
      [0.20498869817, 10.6355857243, 6.1341952651, 1.3812646434, 0.15001733237, 0.38821575341, 0.28275150486, 0, 0.29647512905, 9.4745288463, 13.5491186553, 8.8384259388, 13.6541198024, 7.4972786127, 13.3099055055, 6.4567180494, 7.7101875729, 0.087316910449, 0.2984473395, 1.5319038246, 2.1004305933, 13.1256014622, 2.4816250322, 0.13772850716, 2.1847688358, 0.27625646937, 0.26700937528, 1.3557324194, 0.42259519431, 0.19209083357, 0.31547321904, 7.4144546441, 5.886280934, 3.6432038293, 0.86439804735, 0.32723066501, 3.8428927781, 7.3380728943, 5.0297481918, 9.8857796893, 3.2275798783, 11.5134919789, 7.0396469309, 4.0221630626, 3.9948373272, 10.8723957158, 6.6133556485, 5.719429399, 4.8873073359, 1.8390636303, 3.2440914591, 1.9612728703, 4.791491066, 3.0665829028, 40.7403284178, 9.2242043381, 43.6026004642, 17.2275551637],
      [4.1401602709, 269.2789419, 162.4094966631, 41.4495211078, 1.4283478971, 8.8627059973, 4.4817595734, 3.7549934847, 4.9655986477, 209.798697105, 308.9091653276, 215.5473465776, 320.4695816745, 183.5326706045, 274.8505326617, 174.4551206748, 215.7306466772, 4.4530813872, 8.4220493417, 27.5634071961, 43.4831432786, 337.0063930239, 58.6613710867, 6.8082261647, 52.9843861273, 10.7233355535, 2.1725723676, 43.932607333, 10.7000988356, 7.0910629392, 6.3724890152, 214.9479831044, 176.2973365513, 62.1290910688, 11.35676, 6.6622663143, 80.0233271197, 173.1098416265, 119.5059770337, 214.4089810945, 83.2247604753, 368.0890855495, 180.0600352341, 78.9570444348, 118.204953349, 276.2881912005, 145.9422035377, 131.3566175763, 157.4838805765, 45.056381007, 103.8661341566, 44.8052696841, 135.1655125968, 58.7617215415, 933.4221073501, 177.9375233458, 906.6351670138, 431.4806183629],
      [0.30281902914, 14.8353297889, 9.3952039021, 2.6979873074, 0.34354043685, 0, 0.34580368009, 0, 0.23676082548, 12.8320002979, 15.4417947264, 9.3102428578, 13.3723102113, 14.0497141496, 20.7041841093, 7.202436384, 16.2873426125, 0, 0.36991888548, 3.5285770181, 2.1738571308, 24.9013924625, 4.0671376003, 0.54231799923, 4.8679782209, 0.97593941989, 0.13259873474, 3.0356289325, 1.3736238092, 0.3736695815, 0.60701326016, 6.9324130789, 10.2363204913, 3.9642297405, 0.83226192762, 0.46990532368, 6.3308905987, 12.0757550597, 8.8579551803, 10.3495072717, 6.4466262485, 20.4969503515, 12.6683259279, 4.4444449291, 8.4592198501, 21.9130590563, 10.4169621629, 7.9197582469, 14.033698477, 2.9863025316, 5.6421771555, 3.4492623784, 5.4092330726, 5.7085442923, 52.7215304644, 14.4084616693, 88.1207212793, 24.4339723472]
    ],
    [
      [0.026853936714, 2.3452904375, 2.0728036752, 0.72566987469, 0.019064105712, 0.18900793886, 0.060821465364, 0, 0.042856170358, 2.8958532091, 4.1518526873, 1.8887748056, 2.715121663, 1.2722457787, 3.5173655756, 1.5823413881, 2.0425657656, 0.04236009666, 0.32645506951, 0.6995762602, 0.50052304337, 4.6231871599, 0.73148152682, 0.099995055079, 0.25571809349, 0.11980515714, 0.0025573030527, 0.34097744204, 0.2238864222, 0.32244854837, 0.15571001378, 1.6519149459, 1.7097961496, 1.7835598502, 0.074995348634, 0.13091498379, 1.519065566, 2.7332449308, 1.7114466067, 3.0763680726, 0.98094825617, 1.883821946, 2.7605656798, 1.9927010322, 0.77470293192, 4.3061537081, 1.752452312, 1.4677377369, 1.9681881946, 0.48802647952, 0.63231145699, 0.65531477317, 0.70343229815, 0.47575122535, 11.3213450156, 2.557764052, 16.9040652597, 4.1783474252],
      [5.0238079069, 297.6344604621, 240.3026344976, 49.2610386147, 10.7046458121, 12.1185463999, 6.0074382206, 0, 7.6988767956, 458.0605429317, 550.6191818698, 289.729645633, 371.2457093916, 141.7568739529, 475.2882814037, 228.4234662513, 292.9802692528, 2.8438377141, 14.3765523134, 85.2805921824, 53.8832727359, 447.5351140512, 71.5974446355, 7.7887036174, 25.4880582362, 4.8754956163, 0.95929923066, 33.9949564793, 17.5115890018, 7.7574568565, 19.3970852558, 221.3726520965, 197.0166930925, 237.9952189372, 9.5693705781, 21.9067132032, 144.0179270293, 304.8083036633, 215.8429717676, 439.6616190782, 104.3259327647, 165.1523739402, 243.1604455138, 222.6072716534, 72.9962523345, 389.1015764733, 205.0679485796, 223.0997216201, 175.2742038249, 47.1986245893, 75.6414969817, 72.0761869508, 104.169868344, 60.6168642643, 1452.702149428, 256.55275436, 1238.7717422377, 467.261023454],
      [0.86471104104, 81.2376926191, 68.5027760174, 15.6898259786, 0.96364619574, 2.6924456613, 0.84526317249, 0, 1.1826470509, 109.3979637534, 135.4796571437, 76.1321060524, 93.9731811741, 37.2822400804, 105.8884332837, 66.4492526716, 88.3579551522, 1.1138021893, 4.0624354605, 16.3101625244, 11.849187493, 124.0051724287, 18.0511135475, 3.7221287657, 6.4845845218, 1.7909963049, 0.035223137413, 11.6236499261, 4.507222112, 2.7313950913, 3.9541976428, 69.0958344283, 63.5081344815, 43.6209432895, 1.2370221199, 4.5434352612, 32.1709777933, 77.474165229, 55.1602290891, 102.8473958587, 28.8066966605, 56.872782932, 66.9889389204, 46.980542706, 23.0917836815, 106.6635092678, 48.688199183, 55.1349702052, 60.7595320412, 12.2606580143, 25.9063385019, 17.5210461182, 31.4969547605, 12.3536195446, 359.7356448027, 53.3109917709, 278.3808656721, 126.3209518007],
      [0.084627115395, 5.7825564813, 5.1217858098, 1.323465532, 0.31264388645, 0, 0.08647714158, 0, 0.075619983143, 8.6456401058, 8.7493082992, 4.2494735091, 5.0659877713, 3.688640188, 10.3059197371, 3.544939689, 8.6192098294, 0, 0.23455715663, 2.709669033, 0.76701672776, 11.8365263602, 1.6199602901, 0.38917256181, 0.7716391485, 0.21370292161, 0.0029203288724, 1.0404161526, 0.75730246398, 0.18869950388, 0.49300708757, 2.8795985294, 4.7653762765, 3.6002779232, 0.11861195336, 0.41893655187, 3.2920296114, 6.9842861769, 5.2853525366, 6.4146169905, 2.8864223187, 4.0910211819, 6.090049886, 3.4194846084, 2.137261052, 10.9287605507, 4.4913999254, 4.2975704379, 6.9980759393, 1.0526909169, 1.8198530595, 1.7474521578, 1.6297445974, 1.5537649657, 26.2408607537, 5.5784898171, 34.9433268306, 9.2396773201]
    ],
    [
      [0.041886378756, 5.0621650671, 3.3302469701, 2.0459701806, 0.090953288223, 0, 0.089282681891, 0.069524784863, 0.16899364683, 3.1685379784, 5.6129301967, 3.4210706433, 4.7518253971, 2.0211596927, 6.4692422789, 1.5731441159, 2.6251474339, 0, 0.79788804342, 0.93640512654, 1.4856306296, 7.9567228988, 1.6621640827, 0.084450659463, 0.91060505732, 0.76244245356, 0.24251895778, 0.684228027, 0.42477355017, 0.17674677887, 0.10470443526, 2.1008444076, 2.4575386642, 2.5075643576, 0.72752434849, 0.13085048266, 2.2305423182, 3.5983428015, 1.7593912494, 4.8039202664, 1.4876581214, 7.8619199758, 3.4770869682, 2.33470748, 1.9126173222, 5.0233578671, 2.1969206003, 3.2583056019, 2.8800205757, 1.4057839475, 1.4988702257, 0.91223609155, 1.325639612, 1.0585731926, 17.0597970593, 6.6134152806, 26.2437582231, 6.0511872951],
      [0.14984318245, 14.3894124305, 8.6413657362, 3.0785632651, 1.0582171887, 0, 0.17325654047, 0, 0.610024148, 11.2311716401, 16.6862676704, 11.7506488415, 14.5571511625, 5.0313992636, 19.5907852028, 5.0828168002, 8.4337779238, 0, 0.75004802015, 2.5337512585, 3.5466454582, 17.2648458397, 3.6181943792, 0.13712592114, 1.9918721036, 0.62996774445, 0.98520831249, 1.5051294685, 0.71620892305, 0.087688764708, 0.28109922269, 6.300519759, 6.3360566394, 7.4832610662, 1.9458177638, 0.47451120285, 4.7221895173, 8.9859268636, 4.963487376, 15.38480201, 3.5282540116, 15.4249380738, 6.8564974474, 5.8337136555, 4.0117406258, 10.1719096517, 5.7511056384, 11.081000204, 5.7368273069, 3.0108690908, 3.994069981, 2.2285648463, 4.3790098659, 2.9929346284, 49.1171333827, 14.8510319319, 43.1502454631, 15.169851751],
      [0.43897524636, 56.087600725, 35.2079764271, 14.1660318758, 1.4914143504, 0, 0.40287118986, 0.93047521514, 1.5045056287, 38.2871524356, 58.5797787027, 44.1085171829, 52.6037126605, 18.9463141387, 62.2885339556, 21.1348372573, 36.3261204898, 0, 3.1921927493, 6.9857685845, 11.2635367447, 68.2616166123, 13.131179819, 1.0154314711, 7.3948065574, 3.6667079461, 1.093961343, 7.4716311762, 2.7472191745, 0.4830783331, 0.85719260354, 28.1095807342, 29.2022892463, 19.6237180265, 3.8578993448, 1.4628254688, 15.1161750413, 32.6267086162, 18.1418203774, 51.370848295, 13.980680285, 75.9189687031, 26.9924072189, 17.6132523903, 18.2398282423, 39.8001548275, 19.5275314571, 39.1559151136, 28.4432122462, 11.3104236612, 19.6525015954, 7.8083825068, 18.9905276114, 8.7993106515, 173.361303315, 44.09487049, 138.2191751126, 58.5124288746],
      [0.36929519243, 25.4608217774, 16.8204108666, 7.7094346785, 3.3594151726, 0, 0.33458958778, 0, 0.71647657645, 19.3131379459, 24.1210234303, 15.7197633323, 18.0873107799, 12.001126905, 38.6514385627, 7.2092018266, 22.6149541526, 0, 1.2598711872, 7.5440750305, 4.7041871676, 41.5168146493, 7.588461719, 0.76299194827, 5.7027162817, 2.9408818558, 0.67831138675, 4.3390113283, 3.1117983523, 0.25248612332, 0.75700373851, 7.4890550993, 14.0041154502, 10.3854565496, 2.4687585429, 0.93181284571, 9.9310931232, 18.7890217187, 11.1353009972, 20.4404294286, 9.0034075821, 34.7941732473, 15.6740083655, 8.2183264741, 10.8358138097, 26.0045776537, 11.5244423042, 19.5047790804, 20.9399398712, 6.2729233005, 8.8545581979, 5.0508165553, 6.3048229108, 7.1491815274, 80.461766243, 29.4406822975, 110.3868212013, 27.2665320794]
    ]
  ],
  "prob": [
    [0.38051087896, 0.0094785117546, 0.55482430724, 0.055186302048],
    [0.084440942446, 0.034967954224, 0.82637485764, 0.054216245692],
    [0.0070899408501, 0.77736380189, 0.19871185856, 0.016834398706],
    [0.057967280905, 0.14268001265, 0.51955218371, 0.27980052274]
  ],
  "iterations": 126,
  "time": 0.000448,
  "message": "Converged",
  "status": 0,
  "miniter": 0,
  "maxiter": 1000,
  "maxtime": 3600,
  "param_threshold": 0.001,
  "ll_threshold": "-Inf",
  "initial_prob": "group_proportional",
  "candidates_id": ["SHAW, James Peter Edward.c", "FOSTER-BELL, Paul Ayers Robert.c", "ROBERTSON, Grant Murray.c", "Other candidates votes.c"],
  "group_id": ["Green Party.p", "Labour Party.p", "National Party.p", "Other parties votes.p"]
}
