{
  "X": [
    [10, 2, 36, 59, 1],
    [7, 5, 23, 50, 5],
    [3, 1, 20, 18, 2],
    [14, 17, 104, 226, 5],
    [6, 4, 56, 44, 2],
    [18, 33, 303, 324, 19],
    [37, 48, 393, 529, 32],
    [127, 210, 1839, 2208, 122],
    [0, 5, 20, 24, 2],
    [2, 8, 39, 66, 2],
    [1, 3, 21, 40, 3],
    [2, 0, 6, 11, 0],
    [29, 52, 228, 562, 17],
    [6, 16, 70, 136, 6],
    [88, 103, 1012, 1127, 46],
    [28, 54, 516, 526, 22],
    [18, 39, 594, 469, 25],
    [12, 17, 230, 172, 10],
    [6, 16, 150, 112, 7],
    [13, 14, 129, 167, 7],
    [0, 1, 3, 7, 0],
    [9, 25, 166, 233, 14],
    [5, 2, 13, 21, 0],
    [4, 0, 3, 2, 0],
    [4, 3, 35, 86, 2],
    [26, 24, 134, 160, 14],
    [10, 28, 143, 174, 10],
    [26, 14, 122, 199, 13],
    [5, 8, 35, 122, 7],
    [2, 2, 20, 43, 4],
    [18, 31, 258, 343, 13],
    [22, 17, 159, 245, 17],
    [13, 8, 78, 152, 3],
    [3, 2, 21, 44, 1],
    [1, 0, 4, 17, 0],
    [3, 4, 12, 31, 2],
    [0, 0, 6, 4, 1],
    [8, 11, 53, 191, 5],
    [35, 53, 228, 437, 22],
    [5, 3, 19, 31, 3],
    [2, 3, 27, 44, 3],
    [52, 42, 248, 245, 15],
    [31, 15, 184, 167, 10],
    [26, 25, 174, 329, 9],
    [23, 28, 203, 311, 16],
    [25, 17, 158, 177, 13],
    [39, 57, 539, 589, 27],
    [41, 27, 246, 331, 29],
    [38, 51, 308, 434, 17],
    [22, 41, 311, 369, 20],
    [17, 24, 172, 174, 6],
    [24, 27, 360, 368, 13],
    [8, 9, 133, 85, 2],
    [42, 43, 544, 373, 13],
    [30, 54, 766, 445, 38],
    [4, 1, 13, 26, 1],
    [1, 1, 4, 4, 1],
    [41, 12, 161, 232, 9],
    [170, 138, 1076, 1619, 140],
    [151, 111, 662, 1040, 70]
  ],
  "W": [
    [21, 45, 38, 1, 3],
    [9, 44, 29, 4, 4],
    [1, 14, 24, 2, 3],
    [8, 217, 110, 23, 8],
    [6, 44, 56, 6, 0],
    [33, 285, 305, 54, 20],
    [42, 465, 416, 80, 36],
    [149, 2027, 1945, 269, 116],
    [3, 17, 22, 8, 1],
    [5, 52, 49, 7, 4],
    [6, 39, 20, 1, 2],
    [1, 13, 5, 0, 0],
    [51, 509, 236, 70, 22],
    [4, 133, 71, 19, 7],
    [149, 914, 1061, 168, 84],
    [55, 450, 524, 82, 35],
    [26, 422, 611, 62, 24],
    [13, 156, 229, 31, 12],
    [6, 94, 162, 23, 6],
    [26, 125, 142, 21, 16],
    [1, 5, 3, 2, 0],
    [17, 195, 185, 39, 11],
    [2, 18, 11, 5, 5],
    [1, 5, 3, 0, 0],
    [2, 85, 34, 6, 3],
    [22, 160, 130, 29, 17],
    [9, 156, 145, 35, 20],
    [22, 175, 137, 25, 15],
    [4, 112, 39, 14, 8],
    [4, 34, 26, 4, 3],
    [17, 310, 272, 51, 13],
    [20, 224, 174, 26, 16],
    [10, 131, 84, 19, 10],
    [3, 36, 25, 7, 0],
    [2, 13, 4, 2, 1],
    [2, 28, 9, 9, 4],
    [0, 4, 5, 1, 1],
    [13, 172, 52, 22, 9],
    [34, 409, 228, 59, 45],
    [9, 25, 18, 8, 1],
    [2, 35, 29, 10, 3],
    [42, 223, 268, 46, 23],
    [32, 138, 196, 26, 15],
    [67, 242, 187, 33, 34],
    [39, 246, 225, 38, 33],
    [19, 163, 159, 22, 27],
    [91, 454, 575, 78, 53],
    [28, 298, 264, 46, 38],
    [53, 360, 344, 65, 26],
    [26, 315, 328, 55, 39],
    [19, 143, 179, 35, 17],
    [28, 293, 403, 44, 24],
    [12, 73, 130, 15, 7],
    [31, 350, 574, 46, 14],
    [39, 392, 785, 71, 46],
    [3, 20, 15, 3, 4],
    [0, 5, 3, 2, 1],
    [70, 197, 155, 17, 16],
    [136, 1560, 1138, 151, 158],
    [114, 1004, 720, 104, 92]
  ],
  "method": "mult",
  "cond_prob": [
    [
      [0.31847208266, 0.0030841828463, 0.039422851367, 0.63900564148, 1.5241642224e-05],
      [0.052015324642, 0.024657958543, 0.022700180013, 0.88734967738, 0.013276859424],
      [0.0027318868234, 0.010425530377, 0.89257148647, 0.092718469302, 0.0015526270264],
      [0.00028515827841, 0.28077539061, 0.12031050368, 0.5977889854, 0.00083996202535],
      [0.28909993257, 0.049559493622, 0.037528343703, 0.50968507597, 0.11412715414]
    ],
    [
      [0.37200389593, 0.0067923343172, 0.014334374642, 0.6060256379, 0.00084375721203],
      [0.046246691192, 0.048227281112, 0.0026381755603, 0.83441813595, 0.068469716183],
      [0.024788239981, 0.026869016536, 0.77336711076, 0.16118860755, 0.013787025173],
      [0.00064662702779, 0.44157173047, 0.073687280414, 0.48078909687, 0.0033052652161],
      [0.22391626416, 0.06784505519, 0.0081288924433, 0.30843631767, 0.39167347053]
    ],
    [
      [0.5403848429, 0.0020978853417, 0.0106003772, 0.44673588266, 0.00018101189439],
      [0.084314410933, 0.019158522785, 0.0018805674926, 0.84087376105, 0.053772737735],
      [0.010228796753, 0.0068262122814, 0.82017635199, 0.15252560419, 0.010243034781],
      [0.00098799863975, 0.2418933556, 0.12777645692, 0.62611557538, 0.0032266134593],
      [0.34391542823, 0.027355663238, 0.0077621054137, 0.2893952704, 0.33157153272]
    ],
    [
      [0.30758702664, 0.0049734757031, 0.020134052843, 0.66729255734, 1.2887481586e-05],
      [0.042472926401, 0.034111377231, 0.021585369522, 0.88542425503, 0.016406071815],
      [0.0021330715489, 0.01657640899, 0.87634645202, 0.10240609662, 0.0025379708263],
      [0.00030218263324, 0.31066570257, 0.11215043876, 0.57593091775, 0.00095075829751],
      [0.26013633588, 0.073665898425, 0.022166572199, 0.50168930792, 0.14234188558]
    ],
    [
      [0.45459806873, 0.0042026623456, 0.025351691265, 0.51584757766, 0],
      [0.071780156555, 0.034743976037, 0.056605050481, 0.79614637438, 0.040724442545],
      [0.0019899549654, 0.0092087160343, 0.93293788659, 0.052378949038, 0.0034844933724],
      [0.00044120352736, 0.3217268304, 0.18545766369, 0.49020881918, 0.0021654831953],
      ["NaN", "NaN", "NaN", "NaN", "NaN"]
    ],
    [
      [0.22066880432, 0.0061138218299, 0.040472444354, 0.73272276818, 2.2161317657e-05],
      [0.026568099076, 0.037879097535, 0.047038890899, 0.84810528596, 0.040408626534],
      [0.00047469634399, 0.012030523241, 0.91439631118, 0.068870839196, 0.00422763004],
      [5.4102911712e-05, 0.31311864333, 0.16161945557, 0.52302837233, 0.0021794258686],
      [0.14991586394, 0.071249237697, 0.031999995997, 0.4430502046, 0.30378469776]
    ],
    [
      [0.27950297525, 0.005200997427, 0.025228348834, 0.69000850752, 5.9170973125e-05],
      [0.037812774686, 0.034089804773, 0.027760527515, 0.85945165435, 0.040885238672],
      [0.0015938448299, 0.013545635481, 0.88244055529, 0.0969057399, 0.0055142244951],
      [0.0002999991287, 0.300493762, 0.13880397582, 0.5580230629, 0.0023792001489],
      [0.19419153975, 0.062647599126, 0.023115971841, 0.42833307165, 0.29171181763]
    ],
    [
      [0.25347003165, 0.0062771209103, 0.027505939174, 0.7127103077, 3.6600568899e-05],
      [0.032942353093, 0.039943070865, 0.032493662131, 0.85577352422, 0.038847389694],
      [0.00098351114703, 0.015096180076, 0.8891205945, 0.090002889852, 0.0047968244251],
      [0.00016650334816, 0.33450244986, 0.13820550021, 0.52500801567, 0.0021175309174],
      [0.17673359467, 0.075490302428, 0.021725224687, 0.43853839301, 0.2875124852]
    ],
    [
      [0, 0.011167339616, 0.022565477859, 0.96617152459, 9.5657930541e-05],
      [0, 0.057695156062, 0.012296325092, 0.85989444542, 0.070114073428],
      [0, 0.026028548725, 0.85356409132, 0.11143171279, 0.0089756471602],
      [0, 0.41484599219, 0.11644014758, 0.46530375996, 0.00341010026],
      [0, 0.09428431858, 0.013334850051, 0.30935209304, 0.58302873833]
    ],
    [
      [0.14446345292, 0.0093900488669, 0.014230198857, 0.83190912535, 7.1740021398e-06],
      [0.0080580718294, 0.056308706132, 0, 0.91537752234, 0.020255699696],
      [0.0087153963115, 0.029653350195, 0.78268726695, 0.17585167387, 0.0030923126681],
      [3.3705378516e-05, 0.43888397614, 0.074038319862, 0.48607891751, 0.00096508111122],
      [0.10784316083, 0.12494876107, 0.014726171527, 0.55538469225, 0.19709721432]
    ],
    [
      [0.09615386852, 0.0091658541172, 0.050883347584, 0.843577116, 0.0002198137838],
      [0.0079624701319, 0.048946065531, 0.04780694415, 0.84345472205, 0.051829798139],
      [0.00022894813305, 0.020042149955, 0.93385957026, 0.03931060409, 0.0065587275655],
      [7.3446132977e-06, 0.45534773652, 0.10413645925, 0.43820169996, 0.0023067596486],
      [0.05397707323, 0.089958791976, 0.024450614127, 0.40969468121, 0.42191883946]
    ],
    [
      [0.62991678144, 0, 0.19316205042, 0.17692116814, 0],
      [0.10491089455, 0, 0.071920256297, 0.82316884915, 0],
      [0.0012483178775, 0, 0.97437492354, 0.024376758581, 0],
      ["NaN", "NaN", "NaN", "NaN", "NaN"],
      ["NaN", "NaN", "NaN", "NaN", "NaN"]
    ],
    [
      [0.2170274298, 0.0066369749119, 0.026698242175, 0.74961866242, 1.8690690714e-05],
      [0.027325087219, 0.040892788892, 0.021865227758, 0.88692852521, 0.022988370918],
      [0.0011279393354, 0.020844367184, 0.88023586382, 0.094091846898, 0.0036999827608],
      [0.00010796538757, 0.34324666545, 0.10291608756, 0.55246424231, 0.00126503929],
      [0.17042638297, 0.086388522547, 0.025872669503, 0.52021163881, 0.19710078617]
    ],
    [
      [0.23655785906, 0.0076884377025, 0.026765084587, 0.72896939553, 1.9223127715e-05],
      [0.028604957406, 0.048579269121, 0.03116205873, 0.86184942514, 0.029804289602],
      [0.0010012020969, 0.021805974177, 0.89387831561, 0.079180647008, 0.0041338611125],
      [0.00011135151932, 0.3837998977, 0.11077878958, 0.5037768519, 0.0015331093011],
      [0.16801545729, 0.095397319038, 0.025461205799, 0.46636610719, 0.24475991068]
    ],
    [
      [0.25836921811, 0.0053611303131, 0.034838044354, 0.70142010971, 1.1497507987e-05],
      [0.035059824249, 0.035181652438, 0.032148866937, 0.87052788657, 0.027081769802],
      [0.00068026958389, 0.012675133743, 0.89491006374, 0.088758304897, 0.0029762280335],
      [0.00013860163002, 0.3016682685, 0.14909328837, 0.54761613684, 0.0014837046625],
      [0.19896733375, 0.070435419592, 0.034259725409, 0.48397431952, 0.21236320173]
    ],
    [
      [0.20686216237, 0.0064118928182, 0.041274645946, 0.74543883202, 1.2466852347e-05],
      [0.024474324268, 0.040126852758, 0.045714374738, 0.86187225343, 0.027812194808],
      [0.00042878516336, 0.012307031456, 0.91358647106, 0.071114282171, 0.0025634301493],
      [3.8188050696e-05, 0.32062838697, 0.15931691527, 0.51857721065, 0.0014392990621],
      [0.15375200867, 0.081424283983, 0.039289370083, 0.49631814475, 0.22921619252]
    ],
    [
      [0.19333922169, 0.0055584445691, 0.032769402384, 0.76832022964, 1.2701716604e-05],
      [0.022621168083, 0.033612986708, 0.044172102733, 0.86232390948, 0.037269832992],
      [0.00031192121954, 0.0090964570171, 0.9207851712, 0.06652053836, 0.0032859122033],
      [7.2690659507e-05, 0.28214733813, 0.18212554749, 0.53361969789, 0.0020347258327],
      [0.13466485913, 0.067488743707, 0.025660193218, 0.4747714175, 0.29741478645]
    ],
    [
      [0.28683091554, 0.0051461228874, 0.035314715234, 0.67270824634, 0],
      [0.036834911525, 0.034687025233, 0.056049714325, 0.83465862497, 0.037769723949],
      [0.00048414233997, 0.0081313402834, 0.93534042975, 0.052991290896, 0.0030527967329],
      [0.0001078854252, 0.28699435351, 0.19992523644, 0.51094763295, 0.0020248916802],
      [0.20089490467, 0.063585215189, 0.033876043792, 0.42280542217, 0.27883841417]
    ],
    [
      [0.27254867872, 0.007231425103, 0.019667828754, 0.70051191412, 4.0153303684e-05],
      [0.033917858598, 0.048071691712, 0.021899432123, 0.85129904061, 0.044811976953],
      [0.00069151065698, 0.015567839718, 0.88983593884, 0.089175929227, 0.0047287815622],
      [0.00015218015499, 0.36490383564, 0.15506559712, 0.47765213686, 0.002226250221],
      [0.17681739159, 0.087182362391, 0.017252597103, 0.39038650251, 0.32836114641]
    ],
    [
      [0.23471452753, 0.0053426655555, 0.029772714092, 0.73015696574, 1.3127080605e-05],
      [0.031030859468, 0.034459090685, 0.016629137665, 0.89233392109, 0.025546991097],
      [0.00088330026803, 0.01407244782, 0.86613934803, 0.11579429888, 0.0031106050048],
      [0.00010036731045, 0.30662453133, 0.12567197056, 0.56619892715, 0.001404203649],
      [0.18068928119, 0.06976885073, 0.03227302649, 0.50882567774, 0.20844316384]
    ],
    [
      [0, 0.0058108748049, 0.024784061797, 0.9694050634, 0],
      [0, 0.030969923014, 0.016936010815, 0.95209406617, 0],
      [0, 0.012229959472, 0.90860066272, 0.079169377804, 0],
      [0, 0.40132481586, 0.082366947978, 0.51630823617, 0],
      ["NaN", "NaN", "NaN", "NaN", "NaN"]
    ],
    [
      [0.18731451347, 0.0066742134523, 0.019711784554, 0.78621762592, 8.1862606309e-05],
      [0.022188526485, 0.040249438911, 0.013924002123, 0.87808268448, 0.045555348005],
      [0.00077608435828, 0.017459481892, 0.85451605871, 0.12065469278, 0.0065936822615],
      [0.00011523652977, 0.33262712059, 0.12022026074, 0.54448690008, 0.0025504820545],
      [0.12189279778, 0.075948720953, 0.015968928988, 0.44109723807, 0.3450923142]
    ],
    [
      [0.48495694257, 0.002471523164, 0.13537656168, 0.37719497258, 0],
      [0.089270520696, 0.021672898925, 0.05936183677, 0.82969474361, 0],
      [0.00029838185155, 0.0067736259764, 0.96269726566, 0.030230726509, 0],
      [0.0020874663255, 0.26144427282, 0.16670300989, 0.56976525097, 0],
      [0.48189944207, 0.044642704642, 0.047509768605, 0.42594808469, 0]
    ],
    [
      [0.9654341004, 0, 0.00067026596775, 0.033895633637, 0],
      [0.58890198315, 0, 0.025796583414, 0.38530143343, 0],
      [0.030018661281, 0, 0.95678227232, 0.013199066398, 0],
      ["NaN", "NaN", "NaN", "NaN", "NaN"],
      ["NaN", "NaN", "NaN", "NaN", "NaN"]
    ],
    [
      [0.25877546598, 0.0027079647866, 0.02514214986, 0.71336547271, 8.946666e-06],
      [0.03258921329, 0.016916049807, 0.032234371704, 0.90155403846, 0.016706326739],
      [0.0013524170011, 0.0083098468974, 0.92118774961, 0.066655990619, 0.0024939958774],
      [0.00021345725221, 0.19206602678, 0.13437231482, 0.67223877665, 0.0011094244875],
      [0.22170100561, 0.04059629387, 0.027725576647, 0.54714648152, 0.16283064235]
    ],
    [
      [0.42842300762, 0.0068750129723, 0.037038471032, 0.52747644009, 0.00018706829127],
      [0.070830580466, 0.052237011787, 0.052645442428, 0.77313887266, 0.051148092663],
      [0.0030157401518, 0.018412902649, 0.92323123853, 0.049201003138, 0.0061391155346],
      [0.00087492140344, 0.40724014726, 0.14440657988, 0.44479532168, 0.0026830297804],
      [0.2837871775, 0.075716836108, 0.03259006023, 0.31753552685, 0.29037039932]
    ],
    [
      [0.24040911277, 0.0087822676454, 0.030866140314, 0.71994247927, 0],
      [0.028734261983, 0.056469029792, 0.040584433472, 0.84357067165, 0.0306416031],
      [0.00058196120186, 0.020694505371, 0.90272251733, 0.072981763382, 0.0030192527122],
      [7.473742232e-05, 0.40084017757, 0.13389320053, 0.46379306024, 0.0013988242409],
      [0.16333864659, 0.1040840725, 0.040500304179, 0.4554190055, 0.23665797124]
    ],
    [
      [0.40496584041, 0.0035372260591, 0.016015732569, 0.57529088151, 0.00019031945068],
      [0.067566450257, 0.027232176807, 0.010391845793, 0.85053992327, 0.044269603875],
      [0.0061847178182, 0.012279767686, 0.85044855087, 0.12375055468, 0.0073364089489],
      [0.0010150998786, 0.27185671819, 0.12394033042, 0.60037759176, 0.0028102597512],
      [0.29292925853, 0.045186930514, 0.014608076016, 0.36905654999, 0.27821918495]
    ],
    [
      [0.21282630734, 0.0045394129799, 0.020068200849, 0.76251377307, 5.2305759634e-05],
      [0.025953441248, 0.027272483893, 0.0058444861687, 0.90288346928, 0.038046119408],
      [0.0017551270971, 0.017199637303, 0.84248421601, 0.13101294051, 0.0075480790774],
      [0.00021651069037, 0.27294723435, 0.090055904304, 0.63437679708, 0.0024035535713],
      [0.14630353054, 0.054409627045, 0.018434707633, 0.47952706363, 0.30132507115]
    ],
    [
      [0.20151638205, 0.0033123484344, 0.011734052331, 0.78301523606, 0.00042198112489],
      [0.01178440906, 0.014108048869, 1.6877008559e-05, 0.90823453399, 0.065856131072],
      [0.01730200616, 0.018448780179, 0.75217871418, 0.19831737968, 0.013753119796],
      [0.00022466702955, 0.23116042051, 0.09249943463, 0.6718679082, 0.0042475696281],
      [0.11417124516, 0.034255659332, 0.0086152217314, 0.3814137985, 0.46154407528]
    ],
    [
      [0.26286983462, 0.0053839025534, 0.021691060708, 0.71003272551, 2.2476602407e-05],
      [0.03422779002, 0.034946899529, 0.029839066926, 0.87228122238, 0.02870502115],
      [0.0011666282543, 0.01363880135, 0.88600479751, 0.095575982062, 0.0036137908284],
      [0.00021303496153, 0.30255897143, 0.13989438006, 0.55572091657, 0.0016126969685],
      [0.19941617209, 0.071897945577, 0.019478685852, 0.47567929722, 0.23352789927]
    ],
    [
      [0.33597857931, 0.0042145455605, 0.020319332978, 0.63936352687, 0.00012401528182],
      [0.049225837799, 0.029296892498, 0.01904589158, 0.85497289194, 0.047458486186],
      [0.003181691582, 0.01262531517, 0.86610453238, 0.11081358093, 0.0072748799388],
      [0.00045926081638, 0.28268299458, 0.12912091402, 0.58484996988, 0.0028868607056],
      [0.23051785189, 0.050415154414, 0.016750076755, 0.38819621063, 0.31412070631]
    ],
    [
      [0.33263600359, 0.0028711476219, 0.019159235656, 0.64533226002, 1.3531120281e-06],
      [0.049328001211, 0.020305105283, 0.017310472279, 0.90010450705, 0.01295191418],
      [0.002808076463, 0.0094696750501, 0.86761349479, 0.11819192543, 0.0019168282662],
      [0.00053212430886, 0.21389674876, 0.1272431524, 0.65750006659, 0.0008279079405],
      [0.29656830208, 0.045182880106, 0.024358231717, 0.5212363975, 0.1126541886]
    ],
    [
      [0.36202997462, 0.0020675512868, 0.011104681686, 0.62473425338, 6.3539019566e-05],
      [0.042610278289, 0.014885126673, 0.0019684943077, 0.91606597296, 0.024470127766],
      [0.014966403318, 0.0075086322549, 0.80500478126, 0.16822598191, 0.0042942012608],
      [0.00082571067878, 0.18145956851, 0.11010008978, 0.70596752363, 0.0016471074049],
      ["NaN", "NaN", "NaN", "NaN", "NaN"]
    ],
    [
      [0.23152060716, 0, 0.017498487283, 0.75098090556, 0],
      [0.02200822681, 0, 0.0080919134638, 0.96989985973, 0],
      [0.0010248782123, 0, 0.90288416407, 0.096090957714, 0],
      [8.3372479135e-05, 0, 0.11090606172, 0.8890105658, 0],
      [0.24658557935, 0, 0.026459370669, 0.72695504999, 0]
    ],
    [
      [0.35721733358, 0.0045832553334, 0.33780715325, 0.30038983458, 2.4232525759e-06],
      [0.046488860702, 0.031854760676, 0.0522836604, 0.83623249807, 0.033140220149],
      [0.0006602034348, 0.01297553343, 0.94676135713, 0.035516845666, 0.0040860603351],
      [0.00061555536064, 0.30548724314, 0.13469312772, 0.55743436049, 0.0017697132882],
      [0.24309885101, 0.058183800315, 0.031838209645, 0.41203738235, 0.25484175668]
    ],
    [
      ["NaN", "NaN", "Inf", "NaN", "NaN"],
      [1.8323016715e-17, 0, 0.15829749152, 0.78372652797, 0.057975980503],
      [0, 0, 0.99993929041, 0, 6.0709590164e-05],
      [0, 0, 0.33288097892, 0.66280726281, 0.004311758273],
      [0, 0, 0.034232602938, 0.2022866253, 0.76348077176]
    ],
    [
      [0.1922875458, 0.0041216438387, 0.024285348967, 0.7792932074, 1.2253995045e-05],
      [0.023277297445, 0.024501336231, 0.01905509609, 0.91455871896, 0.018607551272],
      [0.0012139487327, 0.014848887359, 0.90194627682, 0.078528622623, 0.0034622644625],
      [9.6596505071e-05, 0.24713861611, 0.10317272843, 0.64844524909, 0.0011468098713],
      [0.15903514299, 0.058110789025, 0.02620083509, 0.57953386512, 0.17711936778]
    ],
    [
      [0.28421066944, 0.0076249659312, 0.030196916548, 0.67793239183, 3.5056248267e-05],
      [0.038429460923, 0.050011037141, 0.03346053513, 0.84988976423, 0.02820920258],
      [0.0012421083778, 0.022424358506, 0.90014811716, 0.072327564817, 0.0038578511368],
      [0.00016714184233, 0.39044708716, 0.11202944393, 0.49591254469, 0.0014437823732],
      [0.2072472365, 0.091935668577, 0.032098623652, 0.45768578209, 0.21103268918]
    ],
    [
      [0.372962289, 0.0027536494626, 0.038218317576, 0.5853373438, 0.00072840015458],
      [0.055478074095, 0.023807805634, 0.035587171026, 0.79654872652, 0.088578222725],
      [0.0020021772004, 0.0086973981647, 0.92018157969, 0.057059825929, 0.012059019015],
      [0.0014249012932, 0.27356654921, 0.14883221483, 0.57042987301, 0.0057464616651],
      [0.20894914662, 0.034936453393, 0.012429713115, 0.22772989197, 0.5159547949]
    ],
    [
      [0.24451723036, 0.0029821541612, 0.017060724728, 0.73536175139, 7.8139357475e-05],
      [0.028592924228, 0.018147278552, 0.014611707744, 0.89153949128, 0.047108598192],
      [0.0013904728403, 0.0074873828241, 0.86386658459, 0.12012545275, 0.0071301070006],
      [0.00030123780657, 0.20334323983, 0.1358480815, 0.65730699148, 0.0032004493765],
      [0.15562570029, 0.03610481406, 0.014619003811, 0.42289541925, 0.37075506259]
    ],
    [
      [0.49289359645, 0.0069096285376, 0.020774141521, 0.47931912014, 0.00010351335704],
      [0.092570880219, 0.06000863722, 0.022091033622, 0.78695952692, 0.03836992202],
      [0.0083319284254, 0.02236854526, 0.88070714561, 0.083616357285, 0.0049760234158],
      [0.0012767670198, 0.44216165836, 0.12556916169, 0.42908866216, 0.0019037507681],
      [0.36362932868, 0.086681003781, 0.017195178111, 0.3143200104, 0.21817447903]
    ],
    [
      [0.43744841526, 0.0037974451566, 0.028322737912, 0.53033453119, 9.687048068e-05],
      [0.077780537582, 0.03205969119, 0.022984832873, 0.82803314488, 0.039141793478],
      [0.0065777802161, 0.010209865267, 0.89494026594, 0.083514764405, 0.0047573241704],
      [0.0008939503711, 0.29561052052, 0.1608774484, 0.54036572668, 0.0022523540387],
      [0.33036325956, 0.051149149674, 0.022043977832, 0.35615455278, 0.24028906015]
    ],
    [
      [0.20480460352, 0.0056572796226, 0.031838287659, 0.75767559022, 2.4238981128e-05],
      [0.026045165811, 0.03548775553, 0.0194490777, 0.90331810012, 0.01569990084],
      [0.00076487539955, 0.016131607039, 0.86804215123, 0.11318761062, 0.0018737557108],
      [0, 0.31528407028, 0.11017344619, 0.57370082744, 0.00084165609591],
      [0.17153322759, 0.076821782104, 0.035310350545, 0.57454543341, 0.14178920635]
    ],
    [
      [0.23708821429, 0.0058916034074, 0.027054098329, 0.7299386782, 2.7405763576e-05],
      [0.031365253788, 0.037550082063, 0.015310642176, 0.88584451915, 0.029929502822],
      [0.0012387827323, 0.016683938045, 0.85693094983, 0.12096835485, 0.0041779745391],
      [0.00013183764142, 0.32575473757, 0.11515585285, 0.55730711796, 0.001650453976],
      [0.17436276562, 0.072737611871, 0.030093517275, 0.49148756103, 0.2313185442]
    ],
    [
      [0.38257370469, 0.0049442306715, 0.035996994365, 0.5764003513, 8.4718969547e-05],
      [0.060740323883, 0.036915480163, 0.044982372649, 0.82073986665, 0.036621956659],
      [0.0024955895006, 0.012730061293, 0.91460958893, 0.065902045917, 0.0042627143626],
      [0.00040280602832, 0.32829666502, 0.15282034283, 0.51646080963, 0.0020193764862],
      [0.27499134647, 0.060823332393, 0.044405858656, 0.38619377589, 0.23358568659]
    ],
    [
      [0.20779585555, 0.0063892406143, 0.037457492781, 0.74834006709, 1.7343968829e-05],
      [0.025579485871, 0.040373332117, 0.027318937814, 0.87812198048, 0.028606263714],
      [0.00051865380719, 0.014183374993, 0.88784842753, 0.094392130674, 0.00305741299],
      [1.596209678e-08, 0.32948424434, 0.13730268539, 0.53171125362, 0.0015018006849],
      [0.15432572407, 0.079884427231, 0.037096511251, 0.49971173273, 0.22898160472]
    ],
    [
      [0.39248829567, 0.0039963656209, 0.019137069629, 0.58419629512, 0.0001819739665],
      [0.062696384339, 0.02980187445, 0.02262446701, 0.83380441546, 0.051072858745],
      [0.0047031240435, 0.011924572476, 0.87648748747, 0.098969873088, 0.0079149429267],
      [0.00084226091148, 0.28391067772, 0.14045398128, 0.57160437073, 0.0031887093578],
      [0.26437990628, 0.047346443891, 0.022855027664, 0.36176158901, 0.30365703315]
    ],
    [
      [0.29936401631, 0.0068884481406, 0.02229164788, 0.671415455, 4.04326705e-05],
      [0.042680521543, 0.047128462793, 0.014138933026, 0.86807478672, 0.027977295921],
      [0.0023837965292, 0.020651838292, 0.85438831056, 0.11863110625, 0.0039449483752],
      [0.00033778686212, 0.37331387684, 0.11210476941, 0.51276376152, 0.0014798053699],
      [0.22795143186, 0.088424279843, 0.020466843445, 0.45266586999, 0.21049157487]
    ],
    [
      [0.23358454495, 0.0067238064244, 0.029140286254, 0.73055136237, 0],
      [0.029334554675, 0.042672403399, 0.030956428319, 0.86661698542, 0.030419628189],
      [0.00060015258332, 0.016017816705, 0.88891016107, 0.091116646715, 0.003355222927],
      [7.7288142365e-05, 0.34379782642, 0.13626640096, 0.5182799723, 0.0015785121772],
      [0.16629015932, 0.08258075974, 0.036766480852, 0.47768347622, 0.23667912386]
    ],
    [
      [0.3194204513, 0.0066378772405, 0.028944515032, 0.64499630181, 8.5461370907e-07],
      [0.045379023102, 0.046957032042, 0.032908597777, 0.85438288284, 0.020372464238],
      [0.00086534700118, 0.016599744933, 0.89926140464, 0.081318300368, 0.0019552030619],
      [0.00020750499842, 0.36139146093, 0.14729095556, 0.49012315602, 0.00098692249746],
      [0.25174419609, 0.090527604403, 0.036538226942, 0.46223716428, 0.15895280829]
    ],
    [
      [0.26875688489, 0.0045130896466, 0.016823661545, 0.70988681612, 1.9547795369e-05],
      [0.036504222475, 0.030258533476, 0.01346918768, 0.89580556672, 0.023962489654],
      [0.0015620753692, 0.011151799158, 0.86583040086, 0.11852370817, 0.0029320164404],
      [0.00022489646425, 0.27251113246, 0.14144445971, 0.58444068256, 0.0013788288028],
      [0.21415242582, 0.063467428852, 0.017885738007, 0.50715390314, 0.19734050418]
    ],
    [
      [0.29552696671, 0.0053129436805, 0.059142185736, 0.64001198912, 5.9147597966e-06],
      [0.036405615821, 0.041322671288, 0.066713901749, 0.8411995537, 0.014358257443],
      [0.00043087753812, 0.0061435499698, 0.9525562497, 0.040298246919, 0.00057107587079],
      [5.8063392278e-05, 0.30459536834, 0.20961416518, 0.48503093066, 0.00070147243284],
      [0.24845448768, 0.078871092956, 0.063379143496, 0.48543609303, 0.12385918284]
    ],
    [
      [0.41868550793, 0.0060447402939, 0.017628059174, 0.55763199828, 9.6943243666e-06],
      [0.065993979875, 0.047536008255, 0.031171403666, 0.8295886699, 0.025709938302],
      [0.0021856277837, 0.013745964932, 0.91450709461, 0.067152818218, 0.0024084944552],
      [0.00034922244871, 0.37128420723, 0.16006251482, 0.46700964836, 0.0012944071388],
      [0.33230297982, 0.086125196991, 0.018113635289, 0.38065800757, 0.18280018033]
    ],
    [
      [0.25678375184, 0.0069476574719, 0.035324814264, 0.70093314517, 1.0631252075e-05],
      [0.031379553173, 0.045678024433, 0.042583659639, 0.83072531299, 0.049633449769],
      [0.00036145149847, 0.010383610256, 0.93348936837, 0.051865207428, 0.0039003624464],
      [7.6804590589e-05, 0.34051993342, 0.18919626822, 0.46773470101, 0.0024722927685],
      [0.16077078875, 0.075982749061, 0.037118444587, 0.39338984881, 0.3327381688]
    ],
    [
      [0.40613717797, 0.0015642665127, 0.014487262138, 0.5778095363, 1.7570805331e-06],
      [0.062426073692, 0.012927684877, 0.003022516553, 0.90368057016, 0.017943154722],
      [0.010830580989, 0.0061362303376, 0.83135729867, 0.14893636519, 0.0027395248088],
      [0.00090184263148, 0.18030551822, 0.11485271439, 0.70274489693, 0.0011950278301],
      [0.34197568738, 0.025948373303, 0.020292564817, 0.46266995483, 0.14911341967]
    ],
    [
      ["NaN", "NaN", "Inf", "NaN", "NaN"],
      [0.12326717949, 0.022969563793, 0.1220610134, 0.63837407123, 0.093328172083],
      [0, 0.00041225370629, 0.99086433177, 0.0026855925218, 0.0060378219987],
      [0.004482588292, 0.43021487881, 0.20075995905, 0.35637512111, 0.0081674527479],
      [0.37469892599, 0.023485662296, 0.015582019566, 0.087322624054, 0.49891076809]
    ],
    [
      [0.34959952495, 0.0031684596095, 0.052280238454, 0.59487924456, 7.2532419637e-05],
      [0.059164301368, 0.025701100802, 0.047614670205, 0.84008092371, 0.027439003911],
      [0.0018552229323, 0.0095236199579, 0.93333843876, 0.052230463131, 0.0030522552159],
      [0.00035521586212, 0.26439247611, 0.15372881987, 0.57986977111, 0.0016537170505],
      [0.28619172872, 0.046516111374, 0.042465333238, 0.43181268842, 0.19301413825]
    ],
    [
      [0.35031698916, 0.0053668424522, 0.026027381226, 0.61812799639, 0.00016079077749],
      [0.052804385084, 0.037648845858, 0.028471448662, 0.82919173035, 0.051883590042],
      [0.0031210986193, 0.015834385741, 0.88310035906, 0.090215487261, 0.0077286693184],
      [0.00039478777982, 0.33790480282, 0.1267693686, 0.53200588581, 0.002925154988],
      [0.23019383266, 0.060093377776, 0.024901474504, 0.36960367011, 0.31520764495]
    ],
    [
      [0.41910231624, 0.0060892503183, 0.021955304268, 0.55270039527, 0.00015273391065],
      [0.071330978802, 0.047212519264, 0.021127239864, 0.81852722741, 0.041802034662],
      [0.0054170826976, 0.020835102345, 0.86789578191, 0.099387833546, 0.0064641994972],
      [0.0006710804725, 0.39551483638, 0.11091122093, 0.49067123455, 0.0022316276685],
      [0.30039066652, 0.07358303751, 0.020278440591, 0.35436706606, 0.25138078932]
    ]
  ],
  "expected_outcome": [
    [
      [6.6893965203, 3.3471271592, 0.53955032405, 2.4601976378, 2.7274783123, 7.2847286072, 11.7377579866, 37.7677516917, 0, 0.7224036937, 0.57749988245, 0.62975281467, 11.0709600854, 0.94625242071, 38.5040255377, 11.3825062993, 5.028505796, 3.7296630014, 1.6350388084, 6.1033007361, 0, 3.1844678804, 0.97025293252, 0.96545783357, 0.51757477755, 9.4243191696, 2.1637669916, 8.9047111894, 0.85112888252, 0.80579900326, 4.4684403993, 6.7173605279, 3.3256531229, 1.0854446093, 0.4633498322, 0.71428888993, 0, 2.5003329316, 9.6635752249, 3.3574477397, 0.48888830164, 20.6928423893, 13.994132291, 13.7262640689, 9.246504816, 7.2675979715, 18.9153536295, 10.9835476117, 15.8649343943, 6.0733472026, 6.0692825196, 7.523690528, 3.5487739396, 12.975568874, 10.0170034279, 1.2179248188, 0, 24.478954064, 47.6286215157, 47.7606254566],
      [0.064930891699, 0.061307556008, 0.0021030410601, 0.039876179328, 0.025247700211, 0.20208505937, 0.21888386526, 0.93692669084, 0.0335934594, 0.047053894095, 0.055100269832, 0, 0.33923026582, 0.030814159446, 0.8002590356, 0.35320812759, 0.14471094586, 0.0669896966, 0.04344533101, 0.13920616825, 0.005829092619, 0.1136947466, 0.004944976074, 0, 0.005428843925, 0.15149798135, 0.079169935417, 0.078012727064, 0.01820520582, 0.01328405543, 0.091702374571, 0.08447793995, 0.028780393075, 0.0062187088966, 0, 0.0091864031335, 0, 0.053715845864, 0.25974563153, 0.024730254686, 0.0059806824095, 0.29086681103, 0.12174908711, 0.37997104667, 0.23028419999, 0.094123720306, 0.58248517688, 0.11216053246, 0.36588920143, 0.17513420031, 0.12633381628, 0.12657856091, 0.063826460232, 0.18757243566, 0.27121602661, 0.0047043106926, 0, 0.22224001731, 0.73144929551, 0.69577235502],
      [0.82569443934, 0.12915950558, 0.010740707346, 0.16243404147, 0.15306334715, 1.3377549475, 1.0660059252, 4.1216539037, 0.06859261399, 0.072092906939, 0.30547806304, 0.1909838955, 1.3679161319, 0.10773008509, 5.1994869996, 2.2730835175, 0.8566395183, 0.46076352487, 0.11956917502, 0.77541005698, 0.024972814429, 0.33891229065, 0.26811280061, 0.00067913909739, 0.050612115422, 0.81553335812, 0.2792010534, 0.35523970785, 0.080892549797, 0.047482110922, 0.3723324585, 0.40943016538, 0.19299532313, 0.03375506378, 0.03521107597, 0.66778700083, 6.4284152506e-17, 0.31768813891, 1.0302728282, 0.34411021653, 0.034573156777, 0.87695780761, 0.90778714232, 2.1340519474, 1.0580778217, 0.68445344366, 3.4118194743, 0.54049451172, 1.1874699045, 0.7613230001, 0.55215756203, 0.47729855349, 0.70799370898, 0.55370412334, 1.3837781965, 0.043660231216, 2.7388141146e-17, 3.653020812, 3.5550962957, 2.5139736186],
      [13.4196623114, 5.4547356355, 0.44742251938, 5.3373876767, 3.0942106403, 24.1747097439, 28.9748341427, 106.1681420346, 2.8975231538, 4.1584131604, 5.0606203616, 0.17926328983, 38.2209474438, 2.9151254243, 104.4945379771, 40.9905254559, 19.9698091234, 8.7425837771, 4.2017025764, 18.9817462529, 0.96919809295, 13.3615149949, 0.75668929079, 0.033863027334, 1.4263661487, 11.6045342102, 6.4778620196, 12.657793919, 3.0495613691, 3.1317245608, 12.0671376071, 12.7862182263, 6.4525574506, 1.8743884775, 1.5014390918, 0.60873292377, 0, 10.1281058905, 23.0452301817, 5.2671487921, 1.4703995116, 20.1349278771, 16.973200689, 50.7581104244, 28.4640674918, 10.9522196506, 68.0887843121, 16.3586346207, 35.5795351996, 18.990195597, 12.2522100793, 19.8718777736, 7.6793358536, 17.2828500645, 27.3275822414, 1.7337054378, 0, 41.6407750514, 84.062720315, 63.0120138345],
      [0.00031583726961, 0.007670143693, 0.00018340817002, 0.00010446471142, 0, 0.00072164206009, 0.0025180802472, 0.0055256792076, 0.00029077281437, 3.6344865862e-05, 0.0013014230409, 0, 0.00094607304516, 7.7910430984e-05, 0.0016904499122, 0.00067659973638, 0.00033461648343, 0, 0.00024410917218, 0.00033678583636, 0, 0.0014100874682, 0, 0, 1.8114427915e-05, 0.0041152806598, 0, 0.0042424567198, 0.00021199277955, 0.0017102696187, 0.00038716059518, 0.0025131404728, 1.3710248254e-05, 0.00019314048963, 0, 4.782346041e-06, 0, 0.00015719306121, 0.0011761336396, 0.0065629970161, 0.00015834756726, 0.004405114973, 0.003130790586, 0.0016025127078, 0.0010656705311, 0.0016052139355, 0.0015574072623, 0.0051627233911, 0.0021713001398, 0, 1.6022702719e-05, 0.00055458405584, 7.0037506724e-05, 0.00030450245951, 0.00042010764703, 5.201459733e-06, 0, 0.0050100553557, 0.022112578084, 0.017614735256]
    ],
    [
      [2.3386160941, 2.0279947414, 1.1793523848, 9.2169348785, 3.1583433973, 7.5678562926, 17.5797727251, 66.7660374786, 0, 0.41347265888, 0.30986451693, 1.3639229684, 13.9050850664, 3.8040247895, 32.0323525682, 11.0048310884, 9.5432429783, 5.7442236442, 3.1882083103, 3.8766830907, 0, 4.3262188072, 1.6053123692, 2.9436108721, 2.7699747407, 11.3290097401, 4.4794878741, 11.8237600619, 2.9064363071, 0.39536575087, 10.6103743208, 11.0256407074, 6.4614944126, 1.530693524, 0.28562860909, 1.3009739903, 7.4262323507e-17, 4.0024337695, 15.7105786132, 1.386174959, 1.0006264754, 20.6353426477, 10.7278258631, 6.2948486203, 7.7118259649, 9.8949530191, 11.6020892746, 18.6785586014, 15.3619158715, 9.2357495302, 6.4869692742, 10.6932569041, 2.6535187649, 23.0965780923, 12.2918221445, 1.2472785014, 0.61607037022, 11.6447080385, 82.3564411714, 71.6077030368],
      [1.1100874398, 2.1244144231, 0.26829201204, 7.4092918927, 1.5288749573, 10.8009244408, 15.8603802601, 80.9971998937, 0.98116178498, 2.929840809, 1.9103539066, 0, 20.8383643879, 6.4671250308, 32.1669504804, 18.0665639391, 14.1862785316, 5.4126195332, 4.5169856312, 4.3095435592, 0.15499345362, 7.8532593294, 0.39005685341, 0, 1.4392144299, 8.362361385, 8.813922097, 4.7691833644, 3.0582333427, 0.4777631153, 10.8389527509, 6.5670079431, 2.6620329498, 0.53620627699, 0, 0.89224036979, 0, 4.2192180487, 20.4738520776, 0.59530970872, 0.63538872826, 13.3859216799, 4.425322976, 8.5968174117, 9.2437791073, 6.0198393544, 18.3387820127, 8.8860186445, 16.9769841505, 13.4477595899, 6.7161523692, 8.8663911013, 3.0199972183, 16.6307209838, 17.9045549067, 0.25875629155, 0.11446063559, 5.0670674607, 58.7724684244, 47.4375840663],
      [1.0293158363, 0.11454303549, 0.026676480074, 4.6940079968, 2.4982445792, 13.4617268152, 12.9630930544, 66.1405896125, 0.21180481174, 0, 1.8736874648, 0.93883763904, 11.1622238703, 4.1596237627, 29.5537102612, 20.6612955008, 18.7387707856, 8.7771763119, 2.0857981166, 2.0955236552, 0.085008042132, 2.7300094504, 1.0750121379, 0.12932515794, 2.7530025087, 8.4542992304, 6.3599536143, 1.817146695, 0.6481133109, 0.0005662219571, 9.288446759, 4.2756351838, 2.2703554046, 0.069927657953, 0.10508293417, 1.4727165983, 0.63406898155, 3.2918380447, 13.7414963671, 0.89526533881, 0.51378409755, 4.9642760443, 3.206034238, 4.7254695426, 3.7820042635, 7.3627786798, 12.4931085694, 6.7693162668, 5.1128300511, 9.8023822889, 4.7369152197, 3.9987162622, 4.8832999291, 11.0155664275, 16.8110315936, 0.059650076161, 0.61085632865, 9.4318444265, 44.54882216, 21.2497191862],
      [39.9246864243, 36.7202519952, 11.7732958174, 192.1190991699, 35.0234405902, 241.6546105778, 399.5870293369, 1734.3639603898, 14.6153198654, 47.6034122571, 32.8844244638, 10.6972393926, 451.3919795234, 114.6048189028, 795.498515785, 387.7531144004, 363.8076135883, 130.1747834199, 79.9987508836, 111.5255146891, 4.7599985042, 171.2088642957, 14.9296186395, 1.92706397, 76.6174471144, 123.6715054814, 131.5671571607, 148.8430706627, 101.1250049755, 30.8870845012, 270.3644800965, 191.5015152373, 117.9091571954, 32.9826057227, 12.6092884567, 23.4060765293, 3.1340071971, 157.2854672127, 347.5365657403, 19.9090155048, 31.2012884529, 175.4608348453, 114.241641257, 218.5845001868, 217.9009112182, 133.7544293722, 398.5817385595, 248.4484187876, 312.477849667, 272.9334308957, 122.1470201994, 262.4225804328, 61.3948517098, 290.2626725548, 325.5443280857, 18.0754476007, 3.1915574745, 165.4518954151, 1293.3878048795, 821.736272757],
      [0.59729420551, 3.0127958048, 0.75238330567, 3.5606660621, 1.7910964761, 11.5148818736, 19.0097246235, 78.7322126253, 1.1917135378, 1.053274275, 2.0216696478, 0, 11.702347152, 3.9644075141, 24.7484709052, 12.5141950713, 15.7240941163, 5.8911970909, 4.2102570582, 3.1927350058, 0, 8.8816481173, 0, 0, 1.4203612064, 8.182824163, 4.7794792539, 7.7468392159, 4.2622120638, 2.2392204107, 8.8977460727, 10.6302009284, 1.6969600376, 0.88056681838, 0, 0.92799251228, 0.23192382137, 3.2010429245, 11.5375072018, 2.2142344886, 1.6489122459, 8.5536247827, 5.3991756659, 3.7983642386, 7.3614794461, 5.9679995745, 12.9842815838, 15.2176876997, 10.0704202598, 9.5806776952, 2.9129429375, 7.0190552996, 1.048332378, 8.9944619416, 19.4482632695, 0.35886753018, 0.46705519102, 5.4044846593, 80.9344633647, 41.9687209536]
    ],
    [
      [0.10413244446, 0.72645456436, 0.24735620401, 0.2340179551, 0.11150678077, 0.14286572357, 0.66252530595, 1.9043012782, 0, 0.4321280249, 0.004518345337, 0.0063242169332, 0.26410820461, 0.070535362338, 0.71226002023, 0.22170901655, 0.18806087364, 0.10940089278, 0.11149051718, 0.12431016944, 0, 0.14292398575, 0.0033256508639, 0.090931294355, 0.045676645626, 0.39373341876, 0.083267275194, 0.85133385597, 0.068141186296, 0.45521976238, 0.31628440719, 0.55509871958, 0.23583839788, 0.37802948698, 0.0040452425883, 0.0059225987774, 0, 0.062596187086, 0.28110546128, 0.036179053573, 0.04028870228, 2.2479433021, 1.2981816111, 0.14113821433, 0.27742850818, 0.39761499822, 0.29427795796, 1.2475118884, 0.82107190466, 0.19424410271, 0.1530603565, 0.63045524747, 0.055272553134, 1.2578752181, 0.2799832208, 0.16365589732, 0, 0.2891809882, 3.5606870415, 3.9165510058],
      [0.39599260387, 0.77909685275, 0.16426268703, 1.822455836, 0.51643543414, 3.6731186878, 5.6412268702, 29.4106520006, 0.57414975721, 1.4558308828, 0.40024521411, 0, 4.9148160256, 1.5479937005, 13.4722026873, 6.4567466929, 5.5690053403, 1.8636734754, 2.5303350464, 2.0017665557, 0.036601585098, 3.2352731458, 0.074222533437, 0, 0.28208092013, 2.3955132663, 3.0049839987, 1.6829250513, 0.6694219504, 0.48238310878, 3.714438821, 2.1982318046, 0.79522157935, 0.18765223729, 0, 0.11652734905, 0, 0.77017763024, 5.1116903174, 0.15612471589, 0.2169986981, 6.0067225311, 2.0041923544, 3.0163749936, 3.7583090365, 2.0259822715, 8.1699429533, 3.1502638723, 7.1156537242, 5.2625933957, 2.9777627976, 4.5058192782, 0.79679330489, 7.9149773937, 8.1707499041, 0.091950317324, 0.0012203886007, 1.4755196431, 18.0282017898, 15.0083846387],
