{
  "Z_true": {},
  "V_true": [
    [20, 120, 955, 162],
    [494, 990, 180, 29],
    [494, 10843, 242, 233],
    [198, 945, 13808, 444],
    [44, 948, 318, 119],
    [139, 699, 660, 390]
  ],
  "p_true": [
    [0.0159, 0.0955, 0.7597, 0.1289],
    [0.2918, 0.5848, 0.1063, 0.0171],
    [0.0418, 0.918, 0.0205, 0.0197],
    [0.0129, 0.0614, 0.8969, 0.0288],
    [0.0308, 0.6634, 0.2225, 0.0833],
    [0.0736, 0.3702, 0.3496, 0.2066]
  ],
  "Z_est": [
    [
      [0.3248, 0.812, 0, 0.1624, 5.5216, 12.992, 4.3848, 6.8208, 8.6072, 3.0856, 4.06, 3.4104, 6.496, 0, 0.6496, 0.6496, 12.0176, 1.1368, 0.1624, 0.1624, 0.1624, 5.3592, 3.0856, 5.5216, 4.2224, 0.812, 2.9232, 6.496, 6.3336, 10.0688, 9.5816, 0.1624, 6.0088, 0.6496, 8.6072, 3.5728, 6.0088, 9.4192, 1.7864, 3.248, 5.5216, 0, 0.1624, 18.5136, 1.624, 11.0432, 1.7864],
      [0.6362, 1.5905, 0, 0.3181, 10.8154, 25.448, 8.5887, 13.3602, 16.8593, 6.0439, 7.9525, 6.6801, 12.724, 0, 1.2724, 1.2724, 23.5394, 2.2267, 0.3181, 0.3181, 0.3181, 10.4973, 6.0439, 10.8154, 8.2706, 1.5905, 5.7258, 12.724, 12.4059, 19.7222, 18.7679, 0.3181, 11.7697, 1.2724, 16.8593, 6.9982, 11.7697, 18.4498, 3.4991, 6.362, 10.8154, 0, 0.3181, 36.2634, 3.181, 21.6308, 3.4991],
      [0.6452, 1.613, 0, 0.3226, 10.9684, 25.808, 8.7102, 13.5492, 17.0978, 6.1294, 8.065, 6.7746, 12.904, 0, 1.2904, 1.2904, 23.8724, 2.2582, 0.3226, 0.3226, 0.3226, 10.6458, 6.1294, 10.9684, 8.3876, 1.613, 5.8068, 12.904, 12.5814, 20.0012, 19.0334, 0.3226, 11.9362, 1.2904, 17.0978, 7.0972, 11.9362, 18.7108, 3.5486, 6.452, 10.9684, 0, 0.3226, 36.7764, 3.226, 21.9368, 3.5486],
      [0.3936, 0.984, 0, 0.1968, 6.6912, 15.744, 5.3136, 8.2656, 10.4304, 3.7392, 4.92, 4.1328, 7.872, 0, 0.7872, 0.7872, 14.5632, 1.3776, 0.1968, 0.1968, 0.1968, 6.4944, 3.7392, 6.6912, 5.1168, 0.984, 3.5424, 7.872, 7.6752, 12.2016, 11.6112, 0.1968, 7.2816, 0.7872, 10.4304, 4.3296, 7.2816, 11.4144, 2.1648, 3.936, 6.6912, 0, 0.1968, 22.4352, 1.968, 13.3824, 2.1648]
    ],
    [
      [0, 0.6384, 0.9576, 2.5536, 13.4064, 23.94, 11.8104, 22.9824, 31.92, 12.1296, 11.8104, 9.576, 24.8976, 3.5112, 1.2768, 1.2768, 36.708, 6.384, 1.2768, 1.596, 0, 15.6408, 6.7032, 21.0672, 14.364, 6.0648, 8.2992, 10.8528, 14.6832, 22.344, 13.4064, 1.596, 4.788, 0.9576, 13.0872, 9.2568, 16.9176, 7.3416, 2.2344, 3.5112, 10.2144, 0, 1.9152, 56.4984, 3.5112, 45.9648, 10.5336],
      [0, 0.7962, 1.1943, 3.1848, 16.7202, 29.8575, 14.7297, 28.6632, 39.81, 15.1278, 14.7297, 11.943, 31.0518, 4.3791, 1.5924, 1.5924, 45.7815, 7.962, 1.5924, 1.9905, 0, 19.5069, 8.3601, 26.2746, 17.9145, 7.5639, 10.3506, 13.5354, 18.3126, 27.867, 16.7202, 1.9905, 5.9715, 1.1943, 16.3221, 11.5449, 21.0993, 9.1563, 2.7867, 4.3791, 12.7392, 0, 2.3886, 70.4637, 4.3791, 57.3264, 13.1373],
      [0, 0.3304, 0.4956, 1.3216, 6.9384, 12.39, 6.1124, 11.8944, 16.52, 6.2776, 6.1124, 4.956, 12.8856, 1.8172, 0.6608, 0.6608, 18.998, 3.304, 0.6608, 0.826, 0, 8.0948, 3.4692, 10.9032, 7.434, 3.1388, 4.2952, 5.6168, 7.5992, 11.564, 6.9384, 0.826, 2.478, 0.4956, 6.7732, 4.7908, 8.7556, 3.7996, 1.1564, 1.8172, 5.2864, 0, 0.9912, 29.2404, 1.8172, 23.7888, 5.4516],
      [0, 0.2348, 0.3522, 0.9392, 4.9308, 8.805, 4.3438, 8.4528, 11.74, 4.4612, 4.3438, 3.522, 9.1572, 1.2914, 0.4696, 0.4696, 13.501, 2.348, 0.4696, 0.587, 0, 5.7526, 2.4654, 7.7484, 5.283, 2.2306, 3.0524, 3.9916, 5.4004, 8.218, 4.9308, 0.587, 1.761, 0.3522, 4.8134, 3.4046, 6.2222, 2.7002, 0.8218, 1.2914, 3.7568, 0, 0.7044, 20.7798, 1.2914, 16.9056, 3.8742]
    ],
    [
      [0, 0.2272, 0.1846, 0.2272, 6.6882, 9.6986, 3.053, 5.964, 10.2382, 4.2884, 3.408, 3.0672, 6.9154, 0.1562, 0.1704, 0.3124, 7.313, 1.4768, 0.2556, 0.1704, 0.142, 4.4162, 3.124, 6.603, 5.2114, 3.1808, 3.3938, 7.8384, 8.378, 5.2256, 3.2518, 0.2272, 1.207, 0.071, 4.97, 3.479, 4.2458, 1.4342, 1.4626, 1.0082, 3.8482, 0.0426, 1.349, 14.5692, 1.9454, 11.9564, 1.3348],
      [0, 15.1248, 12.2889, 15.1248, 445.2363, 645.6399, 203.2395, 397.026, 681.5613, 285.4806, 226.872, 204.1848, 460.3611, 10.3983, 11.3436, 20.7966, 486.8295, 98.3112, 17.0154, 11.3436, 9.453, 293.9883, 207.966, 439.5645, 346.9251, 211.7472, 225.9267, 521.8056, 557.727, 347.8704, 216.4737, 15.1248, 80.3505, 4.7265, 330.855, 231.5985, 282.6447, 95.4753, 97.3659, 67.1163, 256.1763, 2.8359, 89.8035, 969.8778, 129.5061, 795.9426, 88.8582],
      [0, 0.4128, 0.3354, 0.4128, 12.1518, 17.6214, 5.547, 10.836, 18.6018, 7.7916, 6.192, 5.5728, 12.5646, 0.2838, 0.3096, 0.5676, 13.287, 2.6832, 0.4644, 0.3096, 0.258, 8.0238, 5.676, 11.997, 9.4686, 5.7792, 6.1662, 14.2416, 15.222, 9.4944, 5.9082, 0.4128, 2.193, 0.129, 9.03, 6.321, 7.7142, 2.6058, 2.6574, 1.8318, 6.9918, 0.0774, 2.451, 26.4708, 3.5346, 21.7236, 2.4252],
      [0, 0.2352, 0.1911, 0.2352, 6.9237, 10.0401, 3.1605, 6.174, 10.5987, 4.4394, 3.528, 3.1752, 7.1589, 0.1617, 0.1764, 0.3234, 7.5705, 1.5288, 0.2646, 0.1764, 0.147, 4.5717, 3.234, 6.8355, 5.3949, 3.2928, 3.5133, 8.1144, 8.673, 5.4096, 3.3663, 0.2352, 1.2495, 0.0735, 5.145, 3.6015, 4.3953, 1.4847, 1.5141, 1.0437, 3.9837, 0.0441, 1.3965, 15.0822, 2.0139, 12.3774, 1.3818]
    ],
    [
      [0.052, 0.2184, 0.156, 0.208, 3.8792, 11.6896, 3.0264, 6.0632, 7.1344, 2.0904, 3.1928, 2.3712, 6.7184, 0.1456, 0.1456, 0.1664, 7.644, 1.2688, 0.1768, 0.1248, 0.3536, 3.1304, 2.4336, 4.1496, 3.2552, 0.9672, 3.0472, 4.5448, 5.1584, 6.5624, 3.796, 0.104, 4.0352, 0.2912, 7.5816, 3.7128, 6.4168, 4.6696, 1.5496, 2.34, 3.7024, 0.0312, 1.0504, 16.9208, 1.4768, 10.4936, 1.8616],
      [0.179, 0.7518, 0.537, 0.716, 13.3534, 40.2392, 10.4178, 20.8714, 24.5588, 7.1958, 10.9906, 8.1624, 23.1268, 0.5012, 0.5012, 0.5728, 26.313, 4.3676, 0.6086, 0.4296, 1.2172, 10.7758, 8.3772, 14.2842, 11.2054, 3.3294, 10.4894, 15.6446, 17.7568, 22.5898, 13.067, 0.358, 13.8904, 1.0024, 26.0982, 12.7806, 22.0886, 16.0742, 5.3342, 8.055, 12.7448, 0.1074, 3.6158, 58.2466, 5.0836, 36.1222, 6.4082],
      [4.7125, 19.7925, 14.1375, 18.85, 351.5525, 1059.37, 274.2675, 549.4775, 646.555, 189.4425, 289.3475, 214.89, 608.855, 13.195, 13.195, 15.08, 692.7375, 114.985, 16.0225, 11.31, 32.045, 283.6925, 220.545, 376.0575, 295.0025, 87.6525, 276.1525, 411.8725, 467.48, 594.7175, 344.0125, 9.425, 365.69, 26.39, 687.0825, 336.4725, 581.5225, 423.1825, 140.4325, 212.0625, 335.53, 2.8275, 95.1925, 1533.4475, 133.835, 950.9825, 168.7075],
      [0.0565, 0.2373, 0.1695, 0.226, 4.2149, 12.7012, 3.2883, 6.5879, 7.7518, 2.2713, 3.4691, 2.5764, 7.2998, 0.1582, 0.1582, 0.1808, 8.3055, 1.3786, 0.1921, 0.1356, 0.3842, 3.4013, 2.6442, 4.5087, 3.5369, 1.0509, 3.3109, 4.9381, 5.6048, 7.1303, 4.1245, 0.113, 4.3844, 0.3164, 8.2377, 4.0341, 6.9721, 5.0737, 1.6837, 2.5425, 4.0228, 0.0339, 1.1413, 18.3851, 1.6046, 11.4017, 2.0227]
    ],
    [
      [0, 0.0988, 0.0988, 0.1976, 4.8412, 8.1016, 3.458, 3.8532, 10.9668, 4.6436, 3.458, 2.8652, 5.3352, 0, 0.0988, 0, 3.3592, 0.3952, 0.0988, 0.0988, 0, 2.7664, 1.5808, 5.434, 4.1496, 1.3832, 1.5808, 6.422, 5.6316, 3.3592, 2.3712, 0.0988, 1.3832, 0, 4.7424, 3.8532, 3.6556, 3.458, 4.5448, 1.6796, 2.5688, 0, 2.0748, 17.5864, 1.2844, 7.1136, 0.494],
      [0, 0.5165, 0.5165, 1.033, 25.3085, 42.353, 18.0775, 20.1435, 57.3315, 24.2755, 18.0775, 14.9785, 27.891, 0, 0.5165, 0, 17.561, 2.066, 0.5165, 0.5165, 0, 14.462, 8.264, 28.4075, 21.693, 7.231, 8.264, 33.5725, 29.4405, 17.561, 12.396, 0.5165, 7.231, 0, 24.792, 20.1435, 19.1105, 18.0775, 23.759, 8.7805, 13.429, 0, 10.8465, 91.937, 6.7145, 37.188, 2.5825],
      [0, 0.2074, 0.2074, 0.4148, 10.1626, 17.0068, 7.259, 8.0886, 23.0214, 9.7478, 7.259, 6.0146, 11.1996, 0, 0.2074, 0, 7.0516, 0.8296, 0.2074, 0.2074, 0, 5.8072, 3.3184, 11.407, 8.7108, 2.9036, 3.3184, 13.481, 11.8218, 7.0516, 4.9776, 0.2074, 2.9036, 0, 9.9552, 8.0886, 7.6738, 7.259, 9.5404, 3.5258, 5.3924, 0, 4.3554, 36.9172, 2.6962, 14.9328, 1.037],
      [0, 0.1772, 0.1772, 0.3544, 8.6828, 14.5304, 6.202, 6.9108, 19.6692, 8.3284, 6.202, 5.1388, 9.5688, 0, 0.1772, 0, 6.0248, 0.7088, 0.1772, 0.1772, 0, 4.9616, 2.8352, 9.746, 7.4424, 2.4808, 2.8352, 11.518, 10.1004, 6.0248, 4.2528, 0.1772, 2.4808, 0, 8.5056, 6.9108, 6.5564, 6.202, 8.1512, 3.0124, 4.6072, 0, 3.7212, 31.5416, 2.3036, 12.7584, 0.886]
    ],
    [
      [0.2056, 0.2056, 0.2056, 0.1028, 7.5044, 10.4856, 3.9064, 5.14, 11.2052, 3.7008, 5.7568, 4.0092, 7.5044, 0.4112, 0.2056, 0.9252, 7.5044, 1.3364, 0.514, 0.1028, 1.028, 6.3736, 2.8784, 7.71, 5.9624, 2.7756, 4.2148, 6.2708, 9.4576, 6.168, 4.8316, 0.2056, 1.8504, 0.1028, 5.7568, 3.8036, 3.3924, 2.2616, 5.654, 1.6448, 4.7288, 0.1028, 2.1588, 15.3172, 2.4672, 14.7004, 1.3364],
      [1.0192, 1.0192, 1.0192, 0.5096, 37.2008, 51.9792, 19.3648, 25.48, 55.5464, 18.3456, 28.5376, 19.8744, 37.2008, 2.0384, 1.0192, 4.5864, 37.2008, 6.6248, 2.548, 0.5096, 5.096, 31.5952, 14.2688, 38.22, 29.5568, 13.7592, 20.8936, 31.0856, 46.8832, 30.576, 23.9512, 1.0192, 9.1728, 0.5096, 28.5376, 18.8552, 16.8168, 11.2112, 28.028, 8.1536, 23.4416, 0.5096, 10.7016, 75.9304, 12.2304, 72.8728, 6.6248],
      [0.4032, 0.4032, 0.4032, 0.2016, 14.7168, 20.5632, 7.6608, 10.08, 21.9744, 7.2576, 11.2896, 7.8624, 14.7168, 0.8064, 0.4032, 1.8144, 14.7168, 2.6208, 1.008, 0.2016, 2.016, 12.4992, 5.6448, 15.12, 11.6928, 5.4432, 8.2656, 12.2976, 18.5472, 12.096, 9.4752, 0.4032, 3.6288, 0.2016, 11.2896, 7.4592, 6.6528, 4.4352, 11.088, 3.2256, 9.2736, 0.2016, 4.2336, 30.0384, 4.8384, 28.8288, 2.6208],
      [0.3722, 0.3722, 0.3722, 0.1861, 13.5853, 18.9822, 7.0718, 9.305, 20.2849, 6.6996, 10.4216, 7.2579, 13.5853, 0.7444, 0.3722, 1.6749, 13.5853, 2.4193, 0.9305, 0.1861, 1.861, 11.5382, 5.2108, 13.9575, 10.7938, 5.0247, 7.6301, 11.3521, 17.1212, 11.166, 8.7467, 0.3722, 3.3498, 0.1861, 10.4216, 6.8857, 6.1413, 4.0942, 10.2355, 2.9776, 8.5606, 0.1861, 3.9081, 27.7289, 4.4664, 26.6123, 2.4193]
    ]
  ],
  "V_est": [
    [204.1368, 399.8517, 405.5082, 247.3776],
    [540.4056, 673.9833, 279.6836, 198.7582],
    [167.7304, 11165.8836, 304.7496, 173.6364],
    [160.108, 551.141, 14509.7875, 173.9635],
    [141.1852, 738.0785, 296.3746, 253.2188],
    [194.0864, 962.1248, 380.6208, 351.3568]
  ],
  "p_est": [
    [0.1624, 0.3181, 0.3226, 0.1968],
    [0.3192, 0.3981, 0.1652, 0.1174],
    [0.0142, 0.9453, 0.0258, 0.0147],
    [0.0104, 0.0358, 0.9425, 0.0113],
    [0.0988, 0.5165, 0.2074, 0.1772],
    [0.1028, 0.5096, 0.2016, 0.1861]
  ],
  "EI_Z": {},
  "EI_V": 7.4756,
  "MAE_Z": {},
  "MAE_V": 208.5312,
  "MAE_p": 0.086,
  "runtime": 118.774
}
