{
  "X": [
    [103, 198, 540, 837, 131],
    [28, 38, 148, 209, 27],
    [97, 156, 482, 589, 123],
    [20, 27, 106, 367, 50],
    [37, 89, 292, 275, 32],
    [29, 53, 157, 226, 34],
    [7, 2, 107, 570, 54],
    [52, 120, 374, 471, 100],
    [50, 84, 310, 341, 38],
    [24, 24, 73, 112, 22],
    [10, 32, 95, 104, 23],
    [7, 7, 152, 544, 50],
    [6, 2, 60, 436, 44],
    [8, 9, 145, 585, 39],
    [2, 3, 42, 384, 32],
    [4, 0, 119, 699, 58],
    [2, 3, 124, 656, 46],
    [0, 3, 69, 488, 36],
    [1, 2, 42, 248, 30],
    [2, 7, 86, 487, 46],
    [34, 40, 144, 182, 25],
    [7, 16, 33, 86, 12],
    [28, 25, 162, 583, 71],
    [27, 36, 223, 725, 82],
    [23, 24, 127, 730, 89],
    [20, 17, 116, 407, 67],
    [21, 25, 130, 388, 45],
    [36, 26, 159, 749, 106],
    [25, 28, 99, 533, 69],
    [11, 9, 36, 261, 32],
    [5, 10, 82, 276, 33],
    [11, 6, 59, 190, 16],
    [0, 2, 19, 53, 7],
    [44, 66, 249, 734, 91],
    [4, 10, 46, 205, 31],
    [99, 189, 643, 1751, 270],
    [0, 5, 36, 62, 9]
  ],
  "W": [
    [257, 636, 439, 211, 130, 136],
    [59, 158, 125, 40, 40, 28],
    [203, 454, 385, 154, 160, 91],
    [33, 362, 67, 23, 42, 43],
    [139, 202, 263, 59, 33, 29],
    [69, 191, 137, 40, 39, 23],
    [2, 651, 12, 9, 5, 61],
    [154, 406, 295, 119, 63, 80],
    [137, 258, 265, 72, 69, 22],
    [23, 91, 68, 27, 28, 18],
    [45, 87, 90, 13, 10, 19],
    [7, 619, 44, 20, 7, 63],
    [3, 457, 10, 24, 5, 49],
    [9, 664, 39, 12, 9, 53],
    [1, 407, 13, 1, 2, 39],
    [2, 774, 24, 17, 3, 60],
    [5, 719, 29, 15, 12, 51],
    [2, 523, 16, 11, 3, 41],
    [1, 290, 4, 6, 0, 22],
    [3, 518, 17, 19, 6, 65],
    [60, 148, 102, 35, 51, 29],
    [22, 74, 26, 10, 8, 14],
    [35, 404, 148, 112, 69, 101],
    [59, 546, 218, 122, 51, 97],
    [31, 616, 108, 95, 39, 104],
    [30, 307, 110, 63, 41, 76],
    [38, 284, 130, 68, 40, 49],
    [28, 556, 143, 187, 51, 111],
    [28, 444, 84, 78, 35, 85],
    [12, 179, 53, 43, 23, 39],
    [17, 190, 76, 71, 18, 34],
    [11, 126, 49, 47, 27, 22],
    [2, 40, 23, 9, 0, 7],
    [111, 585, 190, 124, 69, 105],
    [13, 173, 39, 37, 8, 26],
    [196, 1740, 460, 171, 103, 282],
    [10, 53, 28, 4, 3, 14]
  ],
  "method": "mvn_pdf",
  "cond_prob": [
    [
      [0.033281055779, 0.59068204206, 0.3759689904, 3.7002462357e-05, 3.0909294686e-05],
      [0.0016336832371, 0.00053629190328, 0.16689460391, 0.78986603111, 0.04106938984],
      [0.053354420572, 0.094947361985, 0.70139298012, 0.12193848873, 0.028366748586],
      [0.029083997151, 0.0035177426943, 0.011368094665, 0.78725898021, 0.16877118528],
      [0.4816790501, 0.016052050374, 0.19943137116, 0.25221632886, 0.050621199508],
      [0.0084678633125, 0.013854650297, 0.0077505730128, 0.60144533327, 0.3684815801]
    ],
    [
      [0.038188521343, 0.49460914377, 0.46711020524, 5.3530881942e-05, 3.8598770579e-05],
      [0.0013251831024, 0.00031242187825, 0.14609815937, 0.81574742164, 0.036516814006],
      [0.050050683228, 0.064183946188, 0.7122577767, 0.14449175348, 0.029015840405],
      [0.023618249951, 0.0020487291579, 0.0099448456325, 0.81374901408, 0.15063916118],
      [0.44829136153, 0.010581554093, 0.19737748508, 0.29298152222, 0.050768077074],
      [0.0070602854718, 0.0082894700665, 0.0069643115832, 0.63813798069, 0.33954795219]
    ],
    [
      [0.027304863369, 0.57469909728, 0.39792330924, 3.3801069846e-05, 3.8929040104e-05],
      [0.0014082801196, 0.0005473673356, 0.18547728405, 0.758216909, 0.054350159494],
      [0.042682520535, 0.089994346898, 0.7238674806, 0.10861448849, 0.034841163468],
      [0.024565974688, 0.0035178056944, 0.012377815314, 0.74052704037, 0.21901136393],
      [0.43124447367, 0.017032246582, 0.23042179348, 0.25164924728, 0.069652238984],
      [0.006662004066, 0.012904543937, 0.0078599490272, 0.52685318995, 0.44572031302]
    ],
    [
      [0.02690069117, 0.60152910748, 0.37145706994, 5.4623093216e-05, 5.8508312774e-05],
      [0.00093055380902, 0.00037085971438, 0.11601675507, 0.82753785173, 0.05514397968],
      [0.040519248827, 0.08807538461, 0.65133049403, 0.16948874381, 0.050586128724],
      [0.015361529711, 0.0022538091915, 0.0073186724143, 0.76434202569, 0.21072396299],
      [0.36658458403, 0.014635339843, 0.1824597608, 0.34691415492, 0.089406160403],
      [0.0042019375435, 0.008343976485, 0.0046883434966, 0.54845335963, 0.43431238284]
    ],
    [
      [0.038697808279, 0.50439403676, 0.45682714118, 4.8390567893e-05, 3.2623204425e-05],
      [0.0014744644669, 0.00035438003642, 0.15736614607, 0.80701006163, 0.033794947788],
      [0.05236240932, 0.068235045183, 0.71936017551, 0.13474626878, 0.025296101202],
      [0.026713438295, 0.0023639818242, 0.010899468647, 0.81847178045, 0.14155133079],
      [0.46899462126, 0.01133693844, 0.20088978329, 0.2743478449, 0.044430812111],
      [0.0081029102569, 0.0097034920916, 0.0077444362214, 0.65135803177, 0.32309112966]
    ],
    [
      [0.033899838064, 0.57938160275, 0.38663376695, 4.3099526738e-05, 4.1692713338e-05],
      [0.0014377057695, 0.00044733744476, 0.14796821064, 0.80195189615, 0.048194849997],
      [0.051852703118, 0.087740417351, 0.68809938139, 0.13572782764, 0.036579670507],
      [0.024700202801, 0.0028280375961, 0.0097105886828, 0.77095215765, 0.19180901327],
      [0.46033324261, 0.014340088145, 0.18916837946, 0.2727167529, 0.063441536883],
      [0.0069471776241, 0.010766503743, 0.0063982528834, 0.56877913945, 0.4071089263]
    ],
    [
      [0.082342212968, 0.41689540671, 0.50065753697, 5.6132725372e-05, 4.8710622536e-05],
      [0.0026460593523, 0.00021100861662, 0.14882939516, 0.80486588172, 0.043447655149],
      [0.097599698806, 0.041743145692, 0.6908995804, 0.13672831465, 0.033029260448],
      [0.045783082668, 0.0013320448879, 0.0097378369072, 0.7711777281, 0.17196930744],
      [0.65886955769, 0.0043988395924, 0.1226487218, 0.17713342409, 0.036949456832],
      [0.013349773632, 0.0053020032083, 0.0067000512026, 0.59459922633, 0.38004894563]
    ],
    [
      [0.028040543619, 0.58104406163, 0.39085036561, 2.9253169559e-05, 3.5775971928e-05],
      [0.0016216741154, 0.00061936023024, 0.20436134534, 0.73728164385, 0.056115976463],
      [0.045104283858, 0.093454262421, 0.73174050819, 0.096744903844, 0.032956041684],
      [0.028513324656, 0.0040104591858, 0.013739427547, 0.72571304864, 0.22802373997],
      [0.45868549469, 0.017704414781, 0.23313786988, 0.22448253281, 0.065989687836],
      [0.0076399790216, 0.014539800521, 0.008622202641, 0.51022697313, 0.45897104469]
    ],
    [
      [0.036624267715, 0.48480282746, 0.47848142663, 5.3512624614e-05, 3.7965567952e-05],
      [0.0012734491882, 0.00031065616783, 0.15027686243, 0.81232261235, 0.035816419867],
      [0.047336236311, 0.062653303514, 0.71960186948, 0.14229426748, 0.028114323215],
      [0.022854952341, 0.0020534077325, 0.010313939933, 0.81618014385, 0.14859755614],
      [0.43395871835, 0.010703194124, 0.20666373154, 0.29789497966, 0.050779376322],
      [0.0068567745988, 0.008334522097, 0.0072465904785, 0.64232539312, 0.3352367197]
    ],
    [
      [0.040750568336, 0.65927958738, 0.29991223289, 2.7617884747e-05, 2.9993507593e-05],
      [0.0025792843765, 0.00073007843591, 0.17073649536, 0.77383119815, 0.05212294367],
      [0.077335336606, 0.11999305858, 0.6621393873, 0.10788342255, 0.032648794952],
      [0.043826400671, 0.004553155718, 0.011042801615, 0.73485989702, 0.20571774498],
      [0.59699008543, 0.016531599158, 0.15386677092, 0.18441378053, 0.048197763966],
      [0.012098811338, 0.017044243593, 0.0071493573691, 0.53234516454, 0.43136242316]
    ],
    [
      [0.030407200178, 0.5498587506, 0.4196222511, 4.8619031067e-05, 6.3179095316e-05],
      [0.0011163819474, 0.00036454298514, 0.13906878403, 0.79537364094, 0.064076650098],
      [0.042839518145, 0.076099983179, 0.68825999404, 0.14151338224, 0.051287122398],
      [0.018237942764, 0.0021891357656, 0.0086664114748, 0.72680847226, 0.24409803773],
      [0.40267804293, 0.012891470905, 0.19590808613, 0.29589088019, 0.092631519843],
      [0.0047589174456, 0.0077364445981, 0.0053003749237, 0.4970693952, 0.48513486784]
    ],
    [
      [0.030046649785, 0.46960718748, 0.50027181127, 4.1967239008e-05, 3.2384221174e-05],
      [0.0012559772454, 0.00033949452295, 0.19038982893, 0.77099349171, 0.037021207591],
      [0.039382953389, 0.057890129386, 0.76505326153, 0.11332499834, 0.02434865736],
      [0.023408876471, 0.0023234366322, 0.013515727943, 0.8017795781, 0.15897238086],
      [0.42928127625, 0.011018513992, 0.24538281261, 0.26513617341, 0.049181223732],
      [0.0068980219747, 0.0092946717314, 0.009348866542, 0.62144623036, 0.35301220939]
    ],
    [
      [0.076682145089, 0.42084092111, 0.50233269541, 7.7985025888e-05, 6.6253363057e-05],
      [0.0018509674501, 0.0001590979173, 0.11191083665, 0.8416114832, 0.044467614783],
      [0.085541918746, 0.039481245445, 0.65332846751, 0.17924706605, 0.042401302256],
      [0.031246044623, 0.00098154656982, 0.0071587398251, 0.78840682481, 0.17220684417],
      [0.58637041931, 0.0043067436153, 0.11979907922, 0.24040472095, 0.049119036911],
      [0.0090653913849, 0.0038771289118, 0.0048922491379, 0.60373564229, 0.37842958827]
    ],
    [
      [0.030619769646, 0.5400762722, 0.42923568492, 4.1801571786e-05, 2.6471662085e-05],
      [0.0013277551414, 0.00040091608731, 0.16963390448, 0.79722724321, 0.031410181081],
      [0.044833062621, 0.073772372723, 0.73308441597, 0.12608075637, 0.022229392318],
      [0.024666056715, 0.0027348823609, 0.01200421027, 0.82622522474, 0.13436962591],
      [0.45361640585, 0.01299495362, 0.21815279163, 0.27359508439, 0.041640764516],
      [0.0075301579444, 0.011336869782, 0.0086026017864, 0.66347628785, 0.30905408264]
    ],
    [
      [0.017689827544, 0.74640913212, 0.23581703437, 4.7536818633e-05, 3.6469151644e-05],
      [0.0007232212067, 0.00036990925266, 0.088991305719, 0.86854307048, 0.041372493339],
      [0.038196739107, 0.11038121322, 0.59477407943, 0.21150863738, 0.04513933087],
      [0.012235403384, 0.0022981971449, 0.0057282255407, 0.81845278027, 0.16128539366],
      [0.36737032489, 0.016012791058, 0.1511294889, 0.39304481116, 0.072442583996],
      [0.0035672991554, 0.0091294271228, 0.0039223021221, 0.62784461679, 0.35553635481]
    ],
    [
      [0.047870309135, 0.24559367216, 0.70636427073, 9.5706044305e-05, 7.6041927785e-05],
      [0.00093949113924, 8.479976396e-05, 0.12708513479, 0.83080272849, 0.04108784581],
      [0.042049065708, 0.020189050719, 0.72556293845, 0.1737499976, 0.038448947524],
      [0.01641406278, 0.00054370782235, 0.0084573426946, 0.80932753542, 0.16525735129],
      [0.39588125062, 0.0032705462151, 0.19509617193, 0.3406673296, 0.065084701638],
      [0.0048013376332, 0.0021555628583, 0.0058087964024, 0.6229197554, 0.36431454771]
    ],
    [
      [0.015708116004, 0.36527494501, 0.61888089059, 8.1061018918e-05, 5.4987376651e-05],
      [0.00036897047105, 0.00014666693047, 0.1316977455, 0.83263805226, 0.035148564839],
      [0.016142756683, 0.034968198351, 0.74411907388, 0.17223412703, 0.032535844055],
      [0.0066236668994, 0.0009706959853, 0.0090470115423, 0.8374228182, 0.14593580737],
      [0.19039066347, 0.0075673010322, 0.27061051267, 0.45691266992, 0.074518852904],
      [0.0019876991139, 0.0039390898559, 0.0063523215897, 0.65885236365, 0.32886852579]
    ],
    [
      [0.0092513788856, 0.57949677342, 0.41113763767, 6.7161136674e-05, 4.7048887493e-05],
      [0.00026842144583, 0.00024211161762, 0.10810207061, 0.85418320818, 0.037204188141],
      [0.013096215002, 0.066259845774, 0.68462648849, 0.19750385998, 0.038513590763],
      [0.0046760784878, 0.0015601911561, 0.0072258939081, 0.83606450667, 0.15047332978],
      [0.15113343946, 0.013633342605, 0.24116690698, 0.50844495434, 0.085621356609],
      [0.0013925984904, 0.0062796964785, 0.0050229738278, 0.65112798462, 0.33617674659]
    ],
    [
      [0.0083838350404, 0.85142073491, 0.14015542309, 1.7334044787e-05, 2.2672916876e-05],
      [0.00086138624785, 0.00055977002891, 0.13367586023, 0.80003111194, 0.064871871555],
      [0.033387123974, 0.13012760101, 0.64551749757, 0.14006978099, 0.050897996455],
      [0.014237646659, 0.003369048698, 0.0082997317854, 0.72848823761, 0.24560533525],
      [0.46834937852, 0.018249774988, 0.16582595922, 0.26446289046, 0.083111996806],
      [0.0036559228747, 0.011950791404, 0.0050447953926, 0.49592626066, 0.48342222967]
    ],
    [
      [0.0063222621824, 0.80333610817, 0.19030092801, 2.3363402587e-05, 1.7338234582e-05],
      [0.00050787032592, 0.0008934207551, 0.13872681984, 0.82196054442, 0.03791134466],
      [0.018034272296, 0.18078666935, 0.63532915561, 0.1374687778, 0.028381124938],
      [0.0090509624417, 0.0058689979907, 0.0094419767537, 0.81951693402, 0.15612112879],
      [0.23911768738, 0.04104529656, 0.25145776589, 0.39751998961, 0.070859260555],
      [0.0026349325997, 0.023223862028, 0.0064367871426, 0.62593871193, 0.3417657063]
    ],
    [
      [0.034644639979, 0.5173704407, 0.44792251233, 3.5561825412e-05, 2.6845167958e-05],
      [0.0016971626378, 0.00045988914383, 0.1975598793, 0.76445238629, 0.035830682628],
      [0.049800364053, 0.073542934718, 0.74934630217, 0.10519607487, 0.022114324187],
      [0.031597007074, 0.0031481911919, 0.014035634967, 0.79675290638, 0.15446626039],
      [0.48616387813, 0.013194757635, 0.22604603735, 0.23242708143, 0.04216824545],
      [0.0093963681971, 0.012674805413, 0.0097790335696, 0.62160766312, 0.3465421297]
    ],
    [
      [0.040017516565, 0.61000622867, 0.34987523103, 5.5384050646e-05, 4.5639687148e-05],
      [0.0013448878486, 0.00035165989155, 0.10577066771, 0.84923612075, 0.043296663802],
      [0.062009399033, 0.088879662643, 0.63001041397, 0.17816203684, 0.040938487519],
      [0.022667249668, 0.0021706523014, 0.0067712957695, 0.79847824247, 0.16991255979],
      [0.49054665454, 0.011870698827, 0.1414720972, 0.29710844324, 0.059002106184],
      [0.0065389900884, 0.008498000629, 0.0045856694918, 0.60480072794, 0.37557661185]
    ],
    [
      [0.030967234524, 0.47302816667, 0.49584279074, 9.9447282928e-05, 6.2360781167e-05],
      [0.00062449379697, 0.00017348774908, 0.090229334574, 0.874845528, 0.034127155881],
      [0.034595884124, 0.052217202758, 0.64455252302, 0.22869685319, 0.039937536918],
      [0.010786453345, 0.0011041658623, 0.0059627640285, 0.84602122544, 0.13612539132],
      [0.29834941233, 0.0083937444072, 0.17426703549, 0.45103141151, 0.067958396266],
      [0.0032880252347, 0.0045526051186, 0.0042555666532, 0.6765315034, 0.31137229959]
    ],
    [
      [0.034674593113, 0.44724783194, 0.51789254357, 0.00011148394753, 7.3547435667e-05],
      [0.00062666222362, 0.00014835496634, 0.084596268778, 0.87856459932, 0.036064114709],
      [0.036364690385, 0.046684986154, 0.63207088254, 0.24066164881, 0.044217792107],
      [0.01070867668, 0.00093425155858, 0.0055321907369, 0.84052332001, 0.14230156102],
      [0.30103011534, 0.0072123290706, 0.16418077704, 0.45538588795, 0.072190890601],
      [0.0032362297929, 0.0038186002835, 0.003914360382, 0.66638579164, 0.3226450179]
    ],
    [
      [0.040135330394, 0.52724009705, 0.43244759289, 9.912842157e-05, 7.7851248308e-05],
      [0.00081301736678, 0.0001930118907, 0.079245961567, 0.87688846302, 0.042859546154],
      [0.047558658312, 0.061307338138, 0.59641088458, 0.2418249259, 0.052898193069],
      [0.013515719306, 0.0011820629817, 0.0050393403634, 0.81575955778, 0.16450331957],
      [0.35898241249, 0.0085575029606, 0.14014791559, 0.41413597811, 0.078176190849],
      [0.0039556214102, 0.0046805551464, 0.003453818208, 0.62648665614, 0.36142334909]
    ],
    [
      [0.039672471202, 0.42911080307, 0.53099948805, 0.00011409292723, 0.00010314475831],
      [0.00068879675225, 0.00013504788076, 0.083163938378, 0.8672465637, 0.048765653285],
      [0.03991293568, 0.042497499838, 0.62147689151, 0.23654084432, 0.059571828651],
      [0.011315242813, 0.00081725237011, 0.0052254318391, 0.79742338349, 0.18521868948],
      [0.31790685051, 0.0062712836381, 0.15412993498, 0.42854653979, 0.093145391077],
      [0.0032156942539, 0.0031414200921, 0.0034770750877, 0.5944438555, 0.39572195507]
    ],
    [
      [0.036371829475, 0.47557770459, 0.48787595919, 0.00010459668415, 6.9910057841e-05],
      [0.00069738731151, 0.00016555523162, 0.084398151236, 0.87824956115, 0.036489345076],
      [0.040122537884, 0.051751026689, 0.62610883435, 0.23775673164, 0.044260869434],
      [0.011885565531, 0.001039400517, 0.0055017665558, 0.83783324725, 0.14374002015],
      [0.32517838874, 0.0077711769571, 0.15809525513, 0.43851473485, 0.07044044433],
      [0.0035831089888, 0.0042386880706, 0.0038836584107, 0.66252854738, 0.32576599715]
    ],
    [
      [0.045059785914, 0.53250205511, 0.42229289157, 8.0664426651e-05, 6.4602975054e-05],
      [0.0011042390331, 0.00023641792844, 0.093547620668, 0.86213827332, 0.04297344905],
      [0.056908444782, 0.066171301695, 0.6205808026, 0.20959017271, 0.046749278216],
      [0.018492408153, 0.0014584121399, 0.0059916148984, 0.80794958153, 0.16610798328],
      [0.42371800503, 0.0091294542967, 0.14413068229, 0.35474499796, 0.068276860419],
      [0.005408489394, 0.0057716578073, 0.0041040857412, 0.62014341015, 0.36457235691]
    ],
    [
      [0.03944881863, 0.64368795904, 0.31674768031, 6.4547728409e-05, 5.0994290262e-05],
      [0.0012116608805, 0.0003523366698, 0.088003019647, 0.86778012637, 0.042652856437],
      [0.062360561158, 0.098734360517, 0.58263626715, 0.21004984511, 0.046218966066],
      [0.020174128428, 0.0021598713703, 0.0056004032344, 0.80811189968, 0.16395369728],
      [0.45041744995, 0.013051348241, 0.12990715571, 0.34172992964, 0.064894116462],
      [0.0059059987013, 0.0085605111774, 0.003840927205, 0.62098206422, 0.36071049869]
    ],
    [
      [0.046554295957, 0.51758607449, 0.43556498116, 0.00017622047586, 0.00011842792043],
      [0.00054691017998, 0.00010558966201, 0.046031718478, 0.91512784623, 0.038187935455],
      [0.045017446489, 0.047393359629, 0.48933938366, 0.35228765562, 0.065962154597],
      [0.0089969050322, 0.0006400902866, 0.0028980092977, 0.84212539657, 0.14533959881],
      [0.29406130804, 0.0056419949285, 0.09809686833, 0.51842380929, 0.083776019415],
      [0.0027038933305, 0.0026012544812, 0.0020389149784, 0.66357124824, 0.32908468897]
    ],
    [
      [0.022031993476, 0.41785888492, 0.5599263799, 0.00011018026468, 7.2561440483e-05],
      [0.00039683512005, 0.00013417906322, 0.090669360174, 0.8730771761, 0.035722449545],
      [0.022389594939, 0.041274655291, 0.66259822378, 0.23130800195, 0.042429524048],
      [0.0068442497641, 0.00085268368381, 0.005981418764, 0.84366694724, 0.14265470055],
      [0.21386614938, 0.007279683844, 0.19632263154, 0.50291420915, 0.07961732608],
      [0.0020633141193, 0.003475509251, 0.0042199779609, 0.66665999453, 0.32358120414]
    ],
    [
      [0.032575374055, 0.39085544432, 0.57642000516, 0.00010051009804, 4.8666364135e-05],
      [0.00063965387636, 0.00013433991897, 0.10132728448, 0.87172555027, 0.026173171449],
      [0.033374299301, 0.038294727341, 0.68695333197, 0.21270590064, 0.02867174075],
      [0.011433554139, 0.00088355291547, 0.0069156062447, 0.8725149071, 0.1082523796],
      [0.30694313414, 0.0064317658452, 0.19354714306, 0.44170262558, 0.051375331369],
      [0.0036369086256, 0.0038026887992, 0.0051510997119, 0.72782227457, 0.25958702829]
    ],
    [
      [0.012302346361, 0.46419980438, 0.52330148762, 0.00011376864065, 8.2592992683e-05],
      [0.00020281379768, 0.000115982607, 0.076823882813, 0.88349844052, 0.039358880265],
      [0.012758037494, 0.040782658073, 0.64311201076, 0.25228100388, 0.051066289798],
      [0.0033770537055, 0.00071877433183, 0.0049373086817, 0.8345972252, 0.15636963808],
      [0.12600134822, 0.0072869607881, 0.19231749474, 0.57394241755, 0.10045177871],
      [0.00099855237567, 0.0028486974416, 0.0033861694567, 0.63839936025, 0.35436722048]
    ],
    [
      [0.040380928638, 0.48678396873, 0.4726935427, 8.1553217323e-05, 6.0006717053e-05],
      [0.00097305138003, 0.00021580149795, 0.10295458543, 0.85663012809, 0.0392264336],
      [0.048007220446, 0.057742201793, 0.65387667091, 0.19949191941, 0.040881987438],
      [0.016646385015, 0.0013601161041, 0.0067381715553, 0.82032007694, 0.15493525038],
      [0.38970979514, 0.0087390516175, 0.16640315925, 0.3697648418, 0.065383152194],
      [0.0049456353237, 0.0054662533476, 0.0046878091213, 0.63949072995, 0.34540957226]
    ],
    [
      [0.024046656923, 0.54545153787, 0.43032975651, 8.5536295498e-05, 8.6512404232e-05],
      [0.00054276596855, 0.00021084042273, 0.087571017925, 0.85776112157, 0.053914254118],
      [0.029906545717, 0.063639196249, 0.62395499536, 0.22036768518, 0.062131577492],
      [0.0088279898092, 0.0012624298889, 0.0054414001795, 0.78086987385, 0.20359830627],
      [0.27040165544, 0.010283190945, 0.16995860031, 0.44175666628, 0.10759988702],
      [0.0024354102037, 0.0047121793561, 0.0035142640225, 0.56467606936, 0.42466207706]
    ],
    [
      [0.034662278512, 0.65770852222, 0.30755877957, 3.4032828417e-05, 3.638687042e-05],
      [0.0018633688288, 0.000653480587, 0.14968732482, 0.79487398426, 0.052921841505],
      [0.063111546441, 0.11991704851, 0.65169732279, 0.12735311074, 0.037920971509],
      [0.031381137828, 0.0040552676825, 0.0096463734073, 0.74928597194, 0.20563124914],
      [0.5152632486, 0.018316592646, 0.16747207623, 0.23784391279, 0.061104169745],
      [0.0086770761321, 0.015169436447, 0.0062462426514, 0.54372627782, 0.42618096695]
    ],
    [
      [0.010549833069, 0.38307114509, 0.60625509292, 7.17973083e-05, 5.2131615376e-05],
      [0.00026562533323, 0.00016361483093, 0.1355775459, 0.82696390121, 0.03702931272],
      [0.011207508233, 0.038357709704, 0.75762115285, 0.16037002535, 0.03244360387],
      [0.0047201540241, 0.0010724399615, 0.0092123500331, 0.82969134904, 0.15530370694],
      [0.14391649948, 0.0089206226568, 0.29469147532, 0.47023107383, 0.082240328714],
      [0.0013924480545, 0.0042672947876, 0.0063406865041, 0.63783023886, 0.35016933179]
    ]
  ],
  "expected_outcome": [
    [
      [8.5532313353, 2.2531227592, 5.5428872639, 0.88772280859, 5.3789953508, 2.3390888264, 0.16468442594, 4.3182437173, 5.017524677, 0.93726307173, 1.368324008, 0.2103265485, 0.23004643527, 0.27557792681, 0.017689827544, 0.095740618269, 0.078540580022, 0.018502757771, 0.0083838350404, 0.018966786547, 2.0786783987, 0.88038536443, 1.0838532084, 2.0458009936, 1.2441952422, 1.1901741361, 1.38212952, 1.2616740056, 1.1045669216, 0.55865155148, 0.37454388909, 0.35832911461, 0.024604692722, 4.4822830788, 0.31260654, 6.7938065883, 0.10549833069],
      [151.8052848107, 29.1819394823, 116.6639167472, 19.8504605469, 70.1107711103, 39.9773305897, 0.83379081343, 89.4807854916, 66.4179873622, 15.1634305097, 24.743643777, 3.2872503124, 1.2625227633, 4.8606864498, 0.74640913212, 0.49118734432, 1.826374725, 1.1589935468, 0.85142073491, 2.4100083245, 31.0422264417, 13.4201370307, 16.5559858335, 26.3876220842, 16.3444430085, 12.873324092, 18.0719527746, 14.9100575431, 18.0232628532, 6.2110328939, 7.1036010436, 4.2994098875, 0.92839960877, 54.0330205292, 7.0908699923, 128.9108703545, 3.8307114509],
      [96.6240305325, 27.559502109, 80.7784317766, 12.2580833081, 63.4989726246, 26.6777299193, 1.0013150739, 60.1909563034, 65.5519554484, 6.8979813566, 18.8830012993, 3.5019026789, 1.5069980862, 3.8631211642, 0.23581703437, 1.4127285415, 3.094404453, 0.82227527534, 0.14015542309, 0.57090278402, 26.8753507399, 7.6972550827, 17.3544976759, 30.5556600706, 13.4058753795, 15.9299846414, 18.5392864492, 11.824200964, 8.8689350486, 5.2267797739, 9.5187484583, 6.3406200568, 1.0466029752, 52.4689832393, 5.5942868346, 60.2815207962, 6.0625509292],
      [0.0095096328258, 0.0031583220346, 0.0068616171787, 0.0018025620761, 0.0067262889372, 0.0029738673449, 0.00011226545074, 0.004504988112, 0.0073312295722, 0.00063521134919, 0.002187856398, 0.00029377067306, 0.00023395507766, 0.00037621414607, 4.7536818633e-05, 0.00019141208861, 0.00040530509459, 0.00013432227335, 1.7334044787e-05, 7.009020776e-05, 0.0021337095247, 0.0012184491142, 0.0034806549025, 0.0065775529043, 0.0030729810687, 0.003422787817, 0.0039746739978, 0.0022586039462, 0.0018073363954, 0.0021146457103, 0.0018730644996, 0.0011056110785, 0.0002275372813, 0.0090524071229, 0.0011119718415, 0.0066704343698, 0.000717973083],
      [0.0079436887344, 0.0022773274642, 0.0079025951411, 0.0019307743215, 0.0045346254151, 0.0028767972203, 9.7421245072e-05, 0.0055094996769, 0.0052012828094, 0.00068985067464, 0.0028430592892, 0.00022668954822, 0.00019876008917, 0.00023824495876, 3.6469151644e-05, 0.00015208385557, 0.00027493688326, 9.4097774987e-05, 2.2672916876e-05, 5.2014703747e-05, 0.0016107100775, 0.0010040731173, 0.0021826273408, 0.0043392987044, 0.0024133886976, 0.0030943427493, 0.0026565821979, 0.0018088833015, 0.0014278401273, 0.0014211350452, 0.0012335444882, 0.00053533000548, 0.00016518598537, 0.0066607455929, 0.001124661255, 0.0071318266023, 0.00052131615376]
    ],
    [
      [1.0390225388, 0.20937893018, 0.6393591743, 0.33686047887, 0.29784182232, 0.27460180198, 1.7225846383, 0.65839969084, 0.32854989055, 0.23471487826, 0.097125229421, 0.77744991492, 0.84589212468, 0.88162941392, 0.29435103113, 0.72716614177, 0.26528976869, 0.14038441617, 0.24980201188, 0.26307682883, 0.2511800704, 0.099521700794, 0.25229549398, 0.3421575741, 0.50081869794, 0.21146060294, 0.19805799647, 0.61395690243, 0.53797743094, 0.097896922216, 0.075398672809, 0.080596388421, 0.0081125519074, 0.56923505732, 0.093898512559, 3.2422617621, 0.014078142661],
      [0.34108165048, 0.049362656764, 0.24850477036, 0.13425121661, 0.071584767358, 0.085441451949, 0.13736660942, 0.25146025348, 0.080149291299, 0.066437137668, 0.031715239707, 0.21014710971, 0.072707748205, 0.26620828198, 0.15055306583, 0.065635017305, 0.10545352301, 0.12662437602, 0.16233330838, 0.46279195114, 0.068063593286, 0.026022831975, 0.070089050628, 0.08100181162, 0.11889532467, 0.041459699394, 0.047017685781, 0.13144836821, 0.15643748139, 0.0189005495, 0.025494022012, 0.016926829791, 0.0046393042798, 0.1262438763, 0.036475393132, 1.1370562214, 0.0086715860394],
      [106.144968089, 23.0835091811, 84.2066869572, 41.9980653338, 31.787961507, 28.2619282316, 96.8879362483, 82.9707062091, 38.7714305065, 15.537021078, 12.0989842104, 117.8513041061, 51.143252347, 112.6369125736, 36.2194614275, 98.3638943307, 94.6906790171, 56.5373829301, 38.7659994656, 71.8604926786, 29.2388621358, 7.8270294105, 36.4526511678, 46.1895627525, 48.8155123252, 25.531329082, 23.9690749511, 52.0124770914, 39.0733407234, 8.2396776076, 17.2271784331, 12.7672378447, 3.0729553125, 60.2284324752, 15.149786101, 260.4559451832, 7.1856099329],
      [502.3547957837, 128.888092619, 344.230476688, 299.5687023266, 163.0160324502, 153.1728121651, 523.9676890019, 299.3363474026, 209.5792339861, 70.4186390321, 69.197506762, 477.2449713706, 384.6164478241, 529.358889493, 353.4970296865, 643.0413118536, 598.6667595716, 446.7378178799, 232.009022463, 425.7755620075, 113.1389531715, 62.8434729354, 353.4375933116, 479.6962712305, 540.1632932216, 266.2446950572, 249.4228753652, 479.3488799664, 385.2943761061, 163.8078844743, 165.8846634585, 109.8374193345, 35.3399376207, 501.1286249352, 148.3926740308, 1383.0807326142, 43.8290867643],
      [26.120131938, 5.7696566129, 24.6749724101, 19.9621206441, 6.8265794532, 9.2052163494, 28.2844235021, 22.783086444, 9.2406363256, 4.743187874, 5.5746685585, 22.9161274987, 20.321699956, 20.8563602375, 16.838604789, 31.8019926567, 25.2718181195, 19.4577903978, 18.8128427511, 19.6380765339, 5.302941029, 3.2039531213, 13.787370976, 19.6910066313, 26.4014804306, 14.9710555585, 10.3629740015, 23.8932376715, 18.9378682582, 6.8356404464, 6.7872654136, 3.2978196026, 1.5743552106, 22.947463656, 9.3271659625, 92.0840042191, 1.9625535741]
    ],
    [
      [23.4225906309, 6.2563354034, 16.432770406, 2.7147896714, 13.771313651, 7.1038203272, 1.1711963857, 13.3057637381, 12.5441026224, 5.2588028892, 3.855556633, 1.7328499491, 0.85541918746, 1.7484894422, 0.4965576084, 1.009177577, 0.4681399438, 0.20953944003, 0.1335484959, 0.30658262904, 5.0796371334, 1.6122443748, 5.1201908504, 7.927502504, 5.1363350977, 4.3904229248, 5.215929925, 8.1379076038, 5.2382871373, 2.3859246639, 1.7016092154, 1.6353406658, 0.29343486236, 9.1213718848, 1.166355283, 29.031311363, 0.31381023051],
      [41.6818919114, 8.0229932734, 34.6478235557, 5.9010507688, 17.9458168831, 12.0204371771, 0.5009177483, 27.5690074141, 16.6031254311, 8.1595279838, 6.8489984861, 2.547165693, 0.39481245445, 2.8771225362, 1.4349557718, 0.48453721725, 1.0140777522, 1.0601575324, 0.52051040404, 3.0733733789, 7.5013793413, 2.3108712287, 7.7281460081, 10.1773269816, 6.6211925189, 4.6747249822, 6.7276334696, 9.4624961424, 8.2936862834, 2.5118480603, 3.1368738021, 1.8764416397, 0.93800113569, 10.9710183406, 2.4819286537, 55.1618423165, 1.0740158717],
      [307.9115182741, 89.0322220873, 278.6889800326, 43.6391431, 189.1917261594, 94.2696152498, 8.2907949648, 215.8634499171, 190.6944954115, 45.0254783367, 61.9433994636, 33.6623435071, 6.5332846751, 28.5902922228, 7.7320630326, 17.4135105228, 21.5794531426, 10.9540238158, 2.5820699903, 10.8005956454, 76.4333228211, 16.3802707632, 95.3937734063, 137.7914523943, 64.412375535, 68.3624580664, 81.3941484657, 88.7430547718, 48.9414464403, 25.9349873341, 50.357465007, 33.6607132663, 14.7915762475, 124.2365674724, 24.3342448191, 299.7807684843, 21.2133922797],
      [53.5309965542, 18.0614691852, 41.8165780703, 11.3557458352, 35.4382686903, 18.5947123865, 1.6407397758, 28.5397466339, 37.7079808831, 7.3360727336, 12.7362044015, 4.986299927, 1.7924706605, 4.9171494984, 2.7496122859, 4.1699999424, 4.9947896838, 3.1600617596, 0.56027912396, 2.3369692227, 10.7299996371, 4.6322129578, 33.8471342714, 52.4642394409, 26.1170919969, 26.019492875, 30.9083751132, 29.9713946971, 17.6441869894, 18.671245748, 17.5794081479, 10.4225891315, 5.8024630891, 37.9034646888, 8.594339722, 58.5824309419, 4.4903607097],
      [12.4530026293, 3.6269800506, 13.4138479353, 3.3892706245, 6.6528746162, 5.0114148595, 0.39635112538, 9.7220322968, 7.4502956519, 2.2201180567, 4.6158410158, 1.0713409238, 0.42401302256, 0.8669463004, 0.58681130131, 0.92277474057, 0.9435394776, 0.61621745222, 0.20359198582, 0.48247912395, 2.2556610671, 1.0644006755, 5.9107554639, 9.6394786793, 5.7130048514, 6.5529011517, 5.7539130265, 6.6851467849, 3.8823931495, 3.4959941937, 3.2246438277, 1.4049152968, 1.1745246654, 7.7675776132, 2.4231315222, 17.4436468944, 0.90842090836]
    ],
    [
      [6.1367233989, 0.94472999802, 3.7831601019, 0.35331518334, 1.5760928594, 0.98800811205, 0.41204774401, 3.3930856341, 1.6455565686, 1.1833128181, 0.23709325593, 0.46817752942, 0.74990507095, 0.29599268058, 0.012235403384, 0.27903906725, 0.099355003491, 0.051436863366, 0.085425879956, 0.17196828639, 1.1058952476, 0.22667249668, 1.2080827747, 1.3064585549, 1.283993334, 0.71286029723, 0.80821845609, 3.4580803246, 1.5735820174, 0.38686691639, 0.48594173325, 0.53737704454, 0.030393483349, 2.0641517419, 0.32663562294, 5.3661745687, 0.018880616096],
      [0.74224370851, 0.081949166317, 0.54174207694, 0.051837611405, 0.13947492763, 0.11312150384, 0.011988403991, 0.47724464311, 0.14784535674, 0.12293520439, 0.028458764953, 0.046468732644, 0.023557117676, 0.03281858833, 0.0022981971449, 0.00924303298, 0.014560439779, 0.017162102717, 0.020214292188, 0.11151096182, 0.11018669172, 0.021706523014, 0.12366657658, 0.11397869015, 0.11229598326, 0.051486899317, 0.070679235153, 0.27272307016, 0.16846996689, 0.027523882324, 0.060540541551, 0.041526987027, 0.0064689689864, 0.16865439691, 0.046709905889, 0.69345077371, 0.0042897598459],
      [2.3986679743, 0.3977938253, 1.9061835583, 0.16832946553, 0.64306865019, 0.38842354731, 0.087640532164, 1.6349918781, 0.74260367519, 0.29815564359, 0.11266334917, 0.27031455886, 0.1718097558, 0.14405052324, 0.0057282255407, 0.14377482581, 0.13570517314, 0.079484832989, 0.049798390712, 0.17939755832, 0.49124722383, 0.067712957695, 0.66782957119, 0.6749272699, 0.47873733453, 0.32920220587, 0.37412012579, 1.120431986, 0.43683145229, 0.1246143998, 0.42468073225, 0.3250334935, 0.044435778136, 0.83553327286, 0.20133180664, 1.6495298526, 0.036849400132],
      [166.1116448245, 32.5499605633, 114.0411642175, 17.5798665909, 48.2898350463, 30.8380863061, 6.9405995529, 86.3598527882, 58.7649703572, 19.8412172195, 9.4485101394, 16.035591562, 18.9217637955, 9.9147026969, 0.81845278027, 13.7585681021, 12.561342273, 9.1967095734, 4.3709294257, 15.5708217464, 27.8863517233, 7.9847824247, 94.7543772496, 102.5438450412, 77.4971579892, 50.2376731601, 56.9726608127, 151.0865717461, 63.0327281753, 36.2113920526, 59.9003532542, 41.0082006336, 7.5113750268, 101.7196895411, 28.8921853325, 128.1279012021, 3.3187653962],
      [35.6107200938, 6.0255664471, 33.7277500453, 4.8466511488, 8.3515285165, 7.6723605307, 1.5477237669, 27.1348250564, 10.6990240423, 5.5543791144, 3.1732744905, 3.1794476171, 4.1329642601, 1.612435511, 0.16128539366, 2.8093749719, 2.1890371106, 1.6552066276, 1.4736320115, 2.966301447, 5.4063191135, 1.6991255979, 15.246043828, 17.3607904438, 15.627815359, 11.6687774375, 9.7743213703, 31.0621928732, 12.7883883882, 6.2496027488, 10.1284837388, 5.0878618413, 1.4073267428, 19.2119710473, 7.5331373321, 35.1629436028, 0.62121482776]
    ],
    [
      [62.6182765132, 17.9316544613, 68.9991157872, 15.3965525294, 15.4768225015, 17.9529964618, 3.2943477884, 28.8971861657, 29.9431515662, 16.715722392, 4.0267804293, 3.0049689338, 2.9318520966, 4.0825476526, 0.73474064977, 1.1876437519, 2.2846879617, 0.45340031838, 0, 1.4347061243, 24.7943577846, 3.9243732363, 20.5861094505, 15.3525358823, 14.000314087, 13.0341808708, 13.0071355496, 21.6096182567, 15.7646107483, 6.7634100849, 3.8495906888, 8.2874646219, 0, 26.8899758646, 2.1632132435, 53.0721146055, 0.43174949844],
      [2.0867665486, 0.42326216372, 2.7251594532, 0.61468427342, 0.37411896851, 0.55926343765, 0.021994197962, 1.1153781312, 0.73852039456, 0.46288477641, 0.12891470905, 0.077129597946, 0.021533718077, 0.11695458258, 0.032025582116, 0.0098116386453, 0.090807612386, 0.040900027815, 0, 0.24627177936, 0.6729326394, 0.094965590617, 0.5791683641, 0.3678287826, 0.33374261546, 0.25712262916, 0.31084707828, 0.46560216913, 0.45679718842, 0.12976588335, 0.13103430919, 0.17365767782, 0, 0.6029945616, 0.082265527557, 1.8866090426, 0.02676186797],
      [25.9260782505, 7.8950994031, 36.8674869569, 7.6633099535, 6.6293628487, 7.3775667991, 0.61324360902, 14.6876858022, 14.2597974765, 4.3082695856, 1.9590808613, 1.7176796883, 0.59899539608, 1.9633751247, 0.3022589778, 0.58528851578, 3.2473261521, 0.72350072095, 0, 1.5087465953, 11.5283479049, 1.1317767776, 12.024425449, 8.3732196291, 5.4657687081, 6.3193273343, 6.3238102051, 7.3506647966, 4.5467504498, 2.2562279716, 3.5338073678, 5.2257728627, 0, 11.4818179884, 1.3596688025, 17.2496238513, 0.88407442596],
      [32.7881227517, 11.7192608889, 40.2638795653, 14.5703945068, 9.0534788817, 10.635953363, 0.88566712043, 14.1423995673, 20.5547535965, 5.1635858549, 2.9589088019, 1.8559532139, 1.2020236047, 2.4623557595, 0.78608962232, 1.0220019888, 5.482952039, 1.525334863, 0, 2.3851199377, 11.8537811532, 2.3768675459, 31.1211673941, 23.2246802854, 16.1513031463, 17.5704081315, 17.5405893939, 18.0919948962, 11.9605475374, 11.9237476136, 9.0524557648, 11.9259708907, 0, 25.5137740841, 3.5340533303, 24.4979230169, 1.4106932215],
      [6.580755936, 2.0307230829, 11.1443582374, 3.7550587369, 1.4662167997, 2.4742199384, 0.18474728416, 4.1573503337, 3.5037769662, 1.3495373911, 0.92631519843, 0.34426856613, 0.24559518455, 0.37476688064, 0.14488516799, 0.19525410492, 0.89422623485, 0.25686406983, 0, 0.42515556333, 2.150580518, 0.47201684948, 4.6891293423, 3.6817354206, 3.0488714431, 3.8189610342, 2.8176177732, 3.4821198814, 2.2712940762, 1.9268484465, 1.4331118694, 1.3871339469, 0, 4.5114375014, 0.86079909613, 6.2937294837, 0.24672098614]
    ],
    [
      [1.1516294105, 0.19768799321, 0.60624237, 0.18068331437, 0.23498439745, 0.15978508535, 0.81433619158, 0.61119832173, 0.15084904117, 0.21777860408, 0.090419431466, 0.43457538441, 0.44420417786, 0.39909837105, 0.13912466706, 0.28808025799, 0.10137265481, 0.057096538105, 0.080430303243, 0.17127061898, 0.27249467772, 0.091545861237, 0.33209054871, 0.31391428991, 0.41138462666, 0.2443927633, 0.17557234045, 0.60034232273, 0.50200988961, 0.10545183989, 0.070152680057, 0.080011989762, 0.0069898666297, 0.51929170899, 0.063320665296, 2.4469354693, 0.019494272762],
      [1.8842324404, 0.23210516186, 1.1743134983, 0.35879098886, 0.28140127066, 0.2476295861, 0.32342219571, 1.1631840417, 0.18335948613, 0.30679638467, 0.14699244736, 0.58556431908, 0.18997931668, 0.60085409844, 0.35604765779, 0.1293337715, 0.20089358265, 0.25746755562, 0.26291741089, 1.5095510318, 0.36756935699, 0.11897200881, 0.45981311698, 0.3704042275, 0.48677773522, 0.238747927, 0.20769571546, 0.64065401661, 0.72764345008, 0.10144892477, 0.11816731453, 0.083659153583, 0.019940882091, 0.5739566015, 0.12251666326, 4.2777810779, 0.059742127027],
      [1.0540779297, 0.19500072433, 0.71525536148, 0.20159877035, 0.22458865042, 0.14715981632, 0.40870312336, 0.68977621128, 0.15942499053, 0.12868843264, 0.10070712355, 0.58897859215, 0.23972020776, 0.45593789468, 0.15296978276, 0.34852778414, 0.32396840107, 0.20594192694, 0.11098549864, 0.41839116427, 0.28359197352, 0.064199372885, 0.42981223197, 0.37969295705, 0.35919709364, 0.26425770667, 0.19029926213, 0.45555351727, 0.32647881243, 0.079517684156, 0.14347925067, 0.11332419366, 0.023703186197, 0.49221995774, 0.091370864586, 1.7614404277, 0.088769611057],
      [81.7965653254, 17.8678634592, 47.9436402853, 23.5834944642, 18.8893829214, 13.0819202072, 36.2705528061, 40.8181578502, 14.1311586487, 9.5822129617, 9.4443185087, 39.1511125127, 29.5830464725, 35.164243256, 24.4859400549, 37.3751853238, 33.6014705464, 26.6962473693, 10.9103777346, 40.6860162757, 18.0266222304, 8.4672101911, 68.3296818435, 64.6394217888, 65.154612239, 45.1777330177, 32.4638988217, 68.8359185266, 52.783475459, 25.8792786815, 22.6664398139, 16.0120900406, 4.4687955217, 67.1465266447, 14.6815778033, 153.3308103457, 8.9296233441],
      [50.113494894, 9.5073426614, 40.5605484849, 18.6754324622, 9.3696427601, 9.363505305, 23.1829856832, 36.7176835751, 7.3752078334, 7.7645236169, 9.2175624889, 22.2397691916, 18.5430498253, 16.3798663799, 13.8659178375, 21.8588728626, 16.7722948151, 13.78324661, 10.6352890526, 22.2147709092, 10.0497217614, 5.258072566, 31.4486022589, 31.2965667368, 37.5880283055, 30.0748685853, 15.9625338602, 40.4675316167, 30.6603923889, 12.8343028697, 11.0017609409, 5.7109146224, 2.4805705433, 36.2680050871, 11.0412140036, 120.1830326794, 4.9023706451]
    ]
  ],
  "prob": [
    [0.03404805756, 0.54956346339, 0.41628662985, 5.5489058126e-05, 4.6360150755e-05],
    [0.0011697376248, 0.00035148758662, 0.12945959659, 0.82603302717, 0.042986151034],
    [0.047660187199, 0.077520068502, 0.67811090594, 0.15958028411, 0.037128554247],
    [0.020181554782, 0.0022358007821, 0.008552915966, 0.79799164925, 0.17103807922],
    [0.41523055843, 0.012743619551, 0.18747439055, 0.32026971107, 0.064281720395],
    [0.0058590777547, 0.0087776154687, 0.0058131855627, 0.6078805181, 0.37166960311]
  ],
  "iterations": 143,
  "time": 0.023761,
  "message": "Converged",
  "status": 0,
  "miniter": 0,
  "maxiter": 1000,
  "maxtime": 3600,
  "param_threshold": 0.001,
  "ll_threshold": "-Inf",
  "initial_prob": "group_proportional",
  "candidates_id": ["CHAL, Kelly.c", "TRASS, Gerald Ivan.c", "ANAE, Arthur.c", "ROBERTSON, H V Ross.c", "Other candidates votes.c"],
  "group_id": ["ACT.p", "Labour Party.p", "National Party.p", "NZ First.p", "United Future.p", "Other parties votes.p"]
}
