{
  "Z_true": {},
  "V_true": [
    [782, 54, 111, 762, 25],
    [26, 2866, 848, 542, 49],
    [58, 823, 5540, 549, 97],
    [267, 537, 151, 21417, 162],
    [221, 361, 1034, 909, 218],
    [63, 237, 195, 368, 173]
  ],
  "p_true": [
    [0.451, 0.0311, 0.064, 0.4394, 0.0144],
    [0.006, 0.6617, 0.1958, 0.1251, 0.0113],
    [0.0082, 0.1165, 0.7839, 0.0777, 0.0137],
    [0.0118, 0.0238, 0.0067, 0.9504, 0.0072],
    [0.0806, 0.1316, 0.377, 0.3314, 0.0795],
    [0.0608, 0.2288, 0.1882, 0.3552, 0.167]
  ],
  "Z_est": {},
  "V_est": [
    [1040.0154, 48.2284, 33.4514, 349.7773, 262.5275],
    [0, 4268.0819, 18.1692, 0, 44.749],
    [53.2839, 0, 6877.9769, 20.678, 115.0612],
    [0, 76.1874, 0, 22457.8126, 0],
    [318.8018, 0, 949.4025, 1188.2785, 286.5172],
    [4.899, 485.5023, 0, 530.4536, 15.1451]
  ],
  "p_est": [
    [0.5998, 0.0278, 0.0193, 0.2017, 0.1514],
    [0, 0.9855, 0.0042, 0, 0.0103],
    [0.0075, 0, 0.9733, 0.0029, 0.0163],
    [0, 0.0034, 0, 0.9966, 0],
    [0.1162, 0, 0.3461, 0.4332, 0.1045],
    [0.0047, 0.4686, 0, 0.512, 0.0146]
  ],
  "EI_Z": {},
  "EI_V": 13.0588,
  "MAE_Z": {},
  "MAE_V": 343.4019,
  "MAE_p": 0.0938,
  "runtime": 0.0378
}
