{
  "X": [
    [22, 29, 104, 254, 28],
    [20, 72, 139, 383, 43],
    [15, 58, 74, 370, 31],
    [12, 25, 31, 151, 18],
    [32, 36, 181, 389, 42],
    [33, 35, 159, 299, 27],
    [16, 53, 149, 299, 25],
    [35, 40, 96, 154, 27],
    [37, 72, 261, 422, 38],
    [22, 40, 100, 228, 20],
    [31, 31, 142, 216, 34],
    [17, 15, 76, 112, 15],
    [28, 33, 163, 162, 36],
    [119, 119, 614, 811, 125],
    [36, 70, 222, 678, 49],
    [31, 17, 91, 121, 25],
    [28, 42, 177, 348, 55],
    [33, 63, 212, 327, 38],
    [29, 63, 209, 559, 34],
    [2, 12, 18, 142, 11],
    [4, 10, 31, 71, 15],
    [13, 28, 51, 263, 19],
    [26, 21, 53, 270, 19],
    [7, 22, 50, 276, 18],
    [6, 13, 17, 116, 13],
    [3, 15, 38, 126, 16],
    [16, 37, 75, 307, 30],
    [2, 16, 12, 61, 8],
    [23, 37, 74, 216, 40],
    [10, 29, 25, 201, 29],
    [7, 25, 42, 83, 13],
    [5, 13, 17, 69, 6],
    [18, 32, 86, 178, 14],
    [11, 39, 66, 178, 20],
    [3, 7, 7, 33, 2],
    [31, 42, 99, 187, 16],
    [9, 24, 48, 125, 13],
    [19, 53, 93, 362, 35],
    [3, 7, 8, 58, 5],
    [11, 29, 33, 157, 26],
    [5, 2, 11, 23, 0],
    [8, 5, 12, 82, 17],
    [1, 0, 5, 86, 3],
    [2, 2, 16, 63, 3],
    [47, 68, 127, 229, 34],
    [46, 44, 146, 134, 31],
    [22, 57, 101, 265, 36],
    [14, 20, 47, 112, 32],
    [12, 15, 12, 55, 8],
    [9, 14, 24, 152, 11],
    [11, 22, 48, 85, 7],
    [75, 80, 286, 830, 108],
    [13, 12, 26, 126, 21],
    [4, 5, 24, 118, 8],
    [1, 11, 4, 50, 5],
    [28, 26, 78, 289, 31],
    [18, 27, 58, 215, 24],
    [24, 26, 76, 170, 22],
    [21, 25, 58, 122, 24],
    [9, 18, 57, 166, 24],
    [1, 11, 12, 67, 14],
    [11, 24, 32, 153, 23],
    [8, 9, 65, 118, 10],
    [11, 10, 35, 134, 17],
    [9, 23, 57, 139, 12],
    [4, 11, 9, 31, 7],
    [15, 6, 27, 120, 18],
    [7, 9, 32, 77, 17],
    [485, 599, 1994, 5186, 519],
    [43, 140, 223, 564, 71],
    [98, 231, 361, 860, 151],
    [9, 52, 81, 274, 20]
  ],
  "W": [
    [25, 45, 71, 257, 28, 11],
    [27, 88, 104, 375, 48, 15],
    [27, 50, 52, 374, 35, 10],
    [23, 23, 21, 144, 19, 7],
    [41, 41, 141, 373, 69, 15],
    [30, 53, 117, 279, 56, 18],
    [19, 38, 128, 286, 59, 12],
    [16, 43, 76, 159, 43, 15],
    [30, 74, 214, 406, 77, 29],
    [14, 41, 82, 221, 38, 14],
    [25, 24, 106, 217, 73, 9],
    [15, 13, 62, 108, 28, 9],
    [24, 30, 142, 165, 49, 12],
    [81, 123, 473, 814, 246, 51],
    [42, 97, 168, 641, 83, 24],
    [16, 14, 78, 132, 42, 3],
    [47, 50, 116, 340, 79, 18],
    [30, 85, 158, 320, 63, 17],
    [29, 82, 150, 534, 77, 22],
    [8, 13, 8, 143, 5, 8],
    [10, 11, 16, 76, 8, 10],
    [5, 34, 41, 249, 30, 15],
    [13, 18, 44, 275, 32, 7],
    [18, 29, 34, 278, 10, 4],
    [6, 8, 17, 116, 14, 4],
    [13, 19, 28, 121, 12, 5],
    [19, 46, 51, 309, 29, 11],
    [6, 20, 8, 57, 6, 2],
    [20, 34, 62, 218, 40, 16],
    [21, 27, 27, 200, 11, 8],
    [5, 24, 31, 90, 18, 2],
    [7, 11, 14, 70, 8, 0],
    [7, 40, 64, 180, 29, 8],
    [7, 34, 52, 187, 23, 11],
    [1, 4, 5, 34, 8, 0],
    [12, 43, 72, 190, 48, 10],
    [8, 31, 20, 128, 25, 7],
    [28, 61, 63, 357, 40, 13],
    [3, 10, 5, 61, 2, 0],
    [16, 24, 33, 163, 13, 7],
    [2, 4, 8, 19, 7, 1],
    [9, 7, 4, 85, 17, 2],
    [1, 3, 1, 84, 3, 3],
    [2, 1, 13, 64, 5, 1],
    [27, 76, 93, 218, 77, 14],
    [28, 42, 114, 132, 69, 16],
    [30, 57, 67, 271, 45, 11],
    [22, 14, 41, 108, 31, 9],
    [10, 6, 11, 55, 18, 2],
    [10, 16, 14, 152, 13, 5],
    [6, 33, 29, 84, 15, 6],
    [67, 98, 188, 822, 168, 36],
    [12, 12, 15, 127, 22, 10],
    [2, 7, 15, 122, 11, 2],
    [3, 9, 2, 50, 4, 3],
    [13, 38, 56, 296, 40, 9],
    [17, 27, 38, 209, 36, 15],
    [14, 27, 56, 169, 37, 15],
    [10, 25, 38, 131, 36, 10],
    [17, 23, 35, 170, 21, 8],
    [10, 12, 4, 69, 6, 4],
    [13, 18, 33, 151, 23, 5],
    [13, 18, 49, 113, 16, 1],
    [14, 17, 26, 125, 18, 7],
    [7, 23, 39, 141, 23, 7],
    [7, 9, 8, 29, 6, 3],
    [14, 9, 17, 119, 20, 7],
    [6, 9, 24, 83, 18, 2],
    [409, 677, 1440, 5115, 911, 231],
    [36, 151, 184, 540, 74, 56],
    [61, 212, 307, 898, 146, 77],
    [17, 82, 53, 253, 22, 9]
  ],
  "method": "mvn_pdf",
  "cond_prob": [
    [
      [0.045986280617, 0.027983535912, 0.24138338018, 0.25290536661, 0.43174143668],
      [0.00052771022023, 0.47191086215, 0.34853755092, 0.17470782975, 0.0043160469635],
      [0.050884753375, 0.031223434552, 0.90646377228, 0.0077196668753, 0.0037083729206],
      [0.011845757786, 0.010212645839, 0.01344408162, 0.91886870243, 0.045628812328],
      [0.45857325931, 0.023396529119, 0.423210548, 0.042057528219, 0.052762135345],
      [0.12085159303, 0.14252783238, 0.23793395929, 0.1764136213, 0.32227299401]
    ],
    [
      [0.017152717644, 0.037558470077, 0.14196916604, 0.29697194132, 0.50634770493],
      [0, 0.60208881949, 0.19640644178, 0.19682797032, 0.0046767684088],
      [0.031338665024, 0.069961500604, 0.87824154398, 0.013929922699, 0.006528367694],
      [0.0030201303356, 0.013475710715, 0.0081795012268, 0.92997903612, 0.045345621598],
      [0.30089420816, 0.056282546431, 0.44368069495, 0.088188333034, 0.11095421743],
      [0.046812306252, 0.19807702555, 0.14546391658, 0.21580038022, 0.39384637139]
    ],
    [
      [0.019725314213, 0.071848715101, 0.15470581686, 0.32472596857, 0.42899418525],
      [0.00017453832772, 0.72960082873, 0.13344300204, 0.13427942342, 0.0025022074792],
      [0.031453994119, 0.11598769655, 0.83420523521, 0.013560914592, 0.0047921595267],
      [0.004331397098, 0.018512535458, 0.0090651566846, 0.93261402989, 0.035476880873],
      [0.30691798301, 0.095322546337, 0.42912713849, 0.085431812736, 0.083200519427],
      [0.046100998561, 0.32887056525, 0.13623021644, 0.2025499495, 0.28624827026]
    ],
    [
      [0.031072270475, 0.057150093347, 0.13185636213, 0.35417893699, 0.42574233706],
      [0.00054194083281, 0.69374002831, 0.13292205062, 0.16998753067, 0.0028084495722],
      [0.056108722543, 0.10464430485, 0.81780233734, 0.016208901532, 0.0052357337401],
      [0.007592842241, 0.01606870049, 0.0041988996242, 0.94040264536, 0.031736912287],
      [0.44579091422, 0.067950758362, 0.33043147005, 0.08268508587, 0.073141771497],
      [0.075884759086, 0.27529136009, 0.12191542085, 0.23068382124, 0.29622463875]
    ],
    [
      [0.022473761201, 0.028826518847, 0.16802100609, 0.34695692184, 0.43372179202],
      [0.00034399082774, 0.49889127669, 0.24951098887, 0.24703516975, 0.0042185738592],
      [0.035731729603, 0.04624850195, 0.8990166053, 0.014242221143, 0.0047609420045],
      [0.0046664317967, 0.0078437969209, 0.0085939310563, 0.94537528956, 0.033520550671],
      [0.33834582111, 0.037250382708, 0.45316441205, 0.088962741397, 0.082276642731],
      [0.062657171738, 0.15643459663, 0.17639774291, 0.25831726021, 0.34619322851]
    ],
    [
      [0.034234154388, 0.027631068458, 0.20665365411, 0.35790053187, 0.37358059118],
      [0.00074274342135, 0.45935468881, 0.29327419648, 0.24367352584, 0.0029548454511],
      [0.044845334834, 0.035516699768, 0.90436482598, 0.013061205852, 0.0022119335666],
      [0.0081910489393, 0.0052624775006, 0.011067008381, 0.95015195872, 0.025327506462],
      [0.40595005009, 0.027817418179, 0.43853129925, 0.072543274455, 0.055157958028],
      [0.09267779624, 0.14687827365, 0.21115140154, 0.25918367991, 0.29010884867]
    ],
    [
      [0.012527603568, 0.059546977911, 0.1399544238, 0.38817280774, 0.39979818699],
      [0, 0.68003288037, 0.13664543276, 0.18080748051, 0.0025142063617],
      [0.011884827617, 0.11555342484, 0.84841574233, 0.019279328604, 0.0048666766063],
      [0, 0.0078439245242, 0.013552047177, 0.95116746675, 0.027436561553],
      [0.23484474129, 0.093135265329, 0.45921688099, 0.12108906342, 0.091714048966],
      [0.032073155096, 0.29151470982, 0.13178691777, 0.25901067508, 0.28561454223]
    ],
    [
      [0.058709792339, 0.040732655933, 0.17745084247, 0.20603602651, 0.51707068274],
      [0, 0.62802676269, 0.23635441213, 0.130826136, 0.0047926891841],
      [0.07936944987, 0.059054238994, 0.84811201634, 0.0078304683394, 0.0056338264533],
      [0.0078489433312, 0.022124710529, 0.019771975159, 0.88700569637, 0.063248674615],
      [0.57180883039, 0.033340738696, 0.30081816173, 0.033151409745, 0.060880859436],
      [0.14618689573, 0.19356825387, 0.16414057014, 0.13489118618, 0.36121309408]
    ],
    [
      [0.024711405714, 0.042962535193, 0.20055181855, 0.33950414445, 0.39227009609],
      [0.00026084098442, 0.57573704056, 0.23232167723, 0.18897267105, 0.0027077701742],
      [0.032718186216, 0.058056707444, 0.89422013799, 0.012198082354, 0.0028068859988],
      [0.0050761903063, 0.013892529318, 0.0096225842566, 0.94200427404, 0.029404422076],
      [0.32886560009, 0.049294656057, 0.47861902329, 0.077416337648, 0.065804382913],
      [0.06393376807, 0.21539283207, 0.19545164819, 0.23467983189, 0.29054191978]
    ],
    [
      [0.029446414982, 0.045458795497, 0.16491075659, 0.34558520512, 0.41459882782],
      [0.00050319389772, 0.61494273376, 0.19069494815, 0.19087737442, 0.0029817497665],
      [0.045909449661, 0.071452118227, 0.8648545178, 0.013650610616, 0.0041333036974],
      [0.0069269201543, 0.014134388235, 0.0071172734057, 0.94081339044, 0.031008027764],
      [0.40041120763, 0.052551792225, 0.39875418328, 0.078757712477, 0.069525104384],
      [0.075433508873, 0.22651308426, 0.15922212046, 0.2359951675, 0.3028361189]
    ],
    [
      [0.023795286499, 0.04019116436, 0.18059778155, 0.25647753676, 0.49893823082],
      [0.00031752015888, 0.60528583433, 0.23242644527, 0.15772960364, 0.0042405966007],
      [0.034805351348, 0.059894064267, 0.89078953396, 0.0091846748, 0.0053263756286],
      [0.006480241942, 0.016927032752, 0.010224289987, 0.91569848939, 0.050669945927],
      [0.3388971698, 0.049340606117, 0.46103516699, 0.061707331362, 0.089019725736],
      [0.062491579361, 0.20495107788, 0.17876578424, 0.17975201969, 0.37403953882]
    ],
    [
      [0.035149590216, 0.03675693176, 0.19862138595, 0.30687144817, 0.42260064391],
      [0.00057399751763, 0.55621170979, 0.25396270978, 0.18577915042, 0.0034724324961],
      [0.046696295686, 0.049339638496, 0.8905162573, 0.0096114830973, 0.0038363254167],
      [0.0089211644204, 0.013316886501, 0.0089524228951, 0.93320458075, 0.035604945432],
      [0.42075614271, 0.037143992961, 0.420753252, 0.060168756647, 0.061177855682],
      [0.091718454805, 0.18673118496, 0.19546703357, 0.21278527363, 0.31329805303]
    ],
    [
      [0.026608554414, 0.032855498921, 0.16542631767, 0.2019345168, 0.5731751122],
      [0.00060137283399, 0.59023790225, 0.2551779069, 0.14874558045, 0.0052372375749],
      [0.043086298891, 0.053758007959, 0.89032436876, 0.0087818421006, 0.0040494822938],
      [0.009890733308, 0.017057858582, 0.012413128206, 0.89259303455, 0.068045245355],
      [0.38230393807, 0.040653351148, 0.42606604238, 0.049347039281, 0.10162962912],
      [0.071686258758, 0.17201107967, 0.16858071459, 0.14569391497, 0.442028032]
    ],
    [
      [0.027666256219, 0.032831654701, 0.19940010904, 0.24650274261, 0.49359923743],
      [0.0004725182399, 0.54078390489, 0.28459332439, 0.16947666236, 0.0046735901245],
      [0.037646061516, 0.044928804039, 0.9039779325, 0.0087138937037, 0.0047333082384],
      [0.0083262546522, 0.01328894961, 0.012629567228, 0.91333135074, 0.05242387777],
      [0.35914767157, 0.03689535112, 0.4664162561, 0.055361393774, 0.082179327436],
      [0.073851527694, 0.17018490193, 0.20084673472, 0.1763794958, 0.37873733985]
    ],
    [
      [0.019122744287, 0.029009304202, 0.14759035896, 0.40249062417, 0.40178696838],
      [0.00015848063851, 0.49378812325, 0.21744790413, 0.28500875642, 0.0035967355571],
      [0.034196846901, 0.052748445276, 0.88959396345, 0.018967548653, 0.0044931957227],
      [0.0026162373508, 0.0074218809414, 0.0077104205902, 0.9570002037, 0.025251257416],
      [0.31878868658, 0.041565748408, 0.44029113075, 0.11477851786, 0.084575916397],
      [0.054163862931, 0.15895998584, 0.15710120472, 0.3041353618, 0.32563958471]
    ],
    [
      [0.04865710384, 0.031268258395, 0.16771610528, 0.16310135602, 0.58925717647],
      [1.8469041038e-05, 0.59844539255, 0.27074700942, 0.12521570105, 0.0055734279369],
      [0.071190564968, 0.048981903768, 0.86746592917, 0.0088914024409, 0.0034701996562],
      [0.012119098498, 0.01972775194, 0.020924452382, 0.86599853981, 0.081230157372],
      [0.54001172062, 0.02911597721, 0.32403002498, 0.030794554507, 0.076047722689],
      [0.12938347893, 0.15798319241, 0.16415098171, 0.11288351822, 0.43559882873]
    ],
    [
      [0.018242752733, 0.029608162523, 0.18743141643, 0.27247449864, 0.49224316968],
      [0, 0.5169763744, 0.28157487708, 0.19645824615, 0.0049905023627],
      [0.0261563871, 0.043503348179, 0.91468266922, 0.010377673767, 0.0052799217363],
      [0.0026435357712, 0.01109081011, 0.011645227177, 0.92621571177, 0.048404715174],
      [0.28209561865, 0.038864355335, 0.51295388259, 0.071096468686, 0.094989674736],
      [0.051338537909, 0.15955831908, 0.19589199889, 0.20205628176, 0.39115486237]
    ],
    [
      [0.029049492344, 0.035035025472, 0.21885160589, 0.27434263461, 0.44272124169],
      [0.00059019542425, 0.53408884417, 0.28800254906, 0.17332140911, 0.0039970022425],
      [0.036101963375, 0.043818631037, 0.90729597752, 0.0086695451043, 0.0041138829623],
      [0.0082424718303, 0.013300664007, 0.01125386664, 0.92427424966, 0.042928747866],
      [0.35614071822, 0.036954264109, 0.48102088953, 0.057381589294, 0.068502538844],
      [0.076457774813, 0.17904250922, 0.21740690232, 0.1932242968, 0.33386851684]
    ],
    [
      [0.019420938868, 0.034537280347, 0.18866149653, 0.39344292501, 0.36393735924],
      [0, 0.51244164316, 0.24221201157, 0.24286082845, 0.002485516828],
      [0.027339185391, 0.049961360306, 0.90471942528, 0.015449579168, 0.0025304498566],
      [0.0018552820851, 0.0095203404702, 0.0096693588141, 0.95760477498, 0.021350243652],
      [0.28801322121, 0.043976061974, 0.50045771426, 0.099905854428, 0.067647148128],
      [0.053098922604, 0.18245370464, 0.19367437528, 0.28656498804, 0.28420800944]
    ],
    [
      [0.014272963797, 0.039580029944, 0.20159255873, 0.33035150463, 0.4142029429],
      [8.838874265e-05, 0.57038227188, 0.24084311689, 0.18552235116, 0.0031638713299],
      [0.01817567147, 0.051028243372, 0.91686492868, 0.010402832377, 0.0035283241046],
      [0.0021157812022, 0.013543629139, 0.010327963696, 0.94101275477, 0.032999871192],
      [0.2259786356, 0.051240299975, 0.56298456061, 0.083365636376, 0.076430867435],
      [0.038351496787, 0.20840297653, 0.20369474618, 0.23506532811, 0.31448545239]
    ],
    [
      [0.021349292622, 0.031553527314, 0.28637752611, 0.16412660252, 0.49659305143],
      [0.00071579475411, 0.50308136322, 0.38744897066, 0.10415897549, 0.0045948958777],
      [0.020205457362, 0.030196545009, 0.9421026768, 0.0038203276191, 0.003674993206],
      [0.011188826937, 0.0236018459, 0.013307872647, 0.87802693763, 0.073874516884],
      [0.25469665557, 0.03119827, 0.6126162558, 0.031812779361, 0.069676039263],
      [0.056742192188, 0.16240985629, 0.28883148651, 0.11673105076, 0.37528541425]
    ],
    [
      [0.014675726125, 0.028055624597, 0.084675875083, 0.42543871185, 0.44715406234],
      [0.00026620426066, 0.53080128006, 0.13670422135, 0.32760168015, 0.0046266141765],
      [0.042543074333, 0.082361548205, 0.83542557004, 0.030970215484, 0.0086995919387],
      [0.0026758172225, 0.0098206531389, 0.00068097886857, 0.95879498936, 0.028027561414],
      [0.32877867364, 0.053353002626, 0.33694191146, 0.1584050121, 0.12252140018],
      [0.042911045286, 0.15931481121, 0.093227176342, 0.33149785121, 0.37304911595]
    ],
    [
      [0.053248676015, 0.040479878139, 0.14184414867, 0.33742797474, 0.42699932243],
      [0.00041165141519, 0.61054418712, 0.18070059239, 0.20481024847, 0.003533320611],
      [0.09028473408, 0.069610536276, 0.82048287346, 0.014654081945, 0.0049677742371],
      [0.0067730316013, 0.014037970487, 0.0082191066073, 0.93737556423, 0.033594327077],
      [0.57877411783, 0.036601806016, 0.26875241996, 0.060031886278, 0.055839769916],
      [0.13492481797, 0.19848613478, 0.13454817376, 0.22611024671, 0.30593062678]
    ],
    [
      [0.024895638077, 0.035307433253, 0.19944007398, 0.33641317563, 0.40394367906],
      [0.00043252985551, 0.53389363413, 0.2567137226, 0.20569786438, 0.0032622490307],
      [0.032947003078, 0.047260506773, 0.90507020035, 0.011202079766, 0.0035202100367],
      [0.0062858168638, 0.01128590879, 0.0093887378006, 0.94203771634, 0.031001820203],
      [0.34048279679, 0.040099448528, 0.47779503935, 0.075227082183, 0.066395633155],
      [0.06671299704, 0.18405411312, 0.20124359975, 0.23992452362, 0.30806476647]
    ],
    [
      [0.011549515482, 0.046296950684, 0.054878734679, 0.32825350437, 0.55902129478],
      [0.0003688021664, 0.73517821432, 0.06849859201, 0.19153757907, 0.0044168124317],
      [0.061587626515, 0.17718073527, 0.71710428866, 0.030421275369, 0.013706074189],
      [0.0030744894613, 0.011792590849, 0, 0.94006850646, 0.045064413228],
      [0.31430526996, 0.10412774239, 0.264761813, 0.14214875003, 0.17465642462],
      [0.030962070525, 0.25074778743, 0.056325141686, 0.2357468525, 0.42621814786]
    ],
    [
      [0.0093174257814, 0.027923163911, 0.12286126517, 0.32333858593, 0.51655955921],
      [0, 0.54295494952, 0.20169591666, 0.24973980329, 0.0056093305299],
      [0.0045856445427, 0.074598003507, 0.89637412829, 0.016845181814, 0.0075970418445],
      [0, 0.0068067973647, 0.0085232802824, 0.94161858413, 0.043051338227],
      [0.21727396518, 0.051392337376, 0.48051477434, 0.11588478672, 0.13493413638],
      [0.028637567107, 0.1583560401, 0.13492226756, 0.25068218194, 0.42740194329]
    ],
    [
      [0.024537116551, 0.034634527679, 0.15838969021, 0.29613316124, 0.48630550432],
      [0.00045660292965, 0.5713501176, 0.22389437687, 0.1997368397, 0.0045620628975],
      [0.04043548465, 0.057709515693, 0.88411323175, 0.01216073071, 0.0055810371999],
      [0.0065514752406, 0.012407623405, 0.008311754148, 0.9289783299, 0.04375081731],
      [0.36880831798, 0.044103558029, 0.4226056331, 0.074394119812, 0.090088371086],
      [0.066430387544, 0.18215404085, 0.16161675812, 0.21396769375, 0.37583111974]
    ],
    [
      [0.0096328891643, 0.037194554681, 0.083662347681, 0.31110581993, 0.55840438855],
      [0.0052691957491, 0.66242880318, 0.1160949479, 0.21042096744, 0.0057860857364],
      [0.026927117036, 0.10453945859, 0.83779328043, 0.020924188149, 0.009815955799],
      [0.00045488171913, 0.014191185379, 0, 0.93928663654, 0.046067296365],
      [0.25683237233, 0.078114482595, 0.3821914493, 0.12513427276, 0.15772742301],
      [0.027239660895, 0.20717823867, 0.090316008396, 0.23370415368, 0.44156193836]
    ],
    [
      [0.021580660749, 0.033994938573, 0.094955825013, 0.23257077729, 0.61689779838],
      [0.00070200705679, 0.65476425675, 0.15602959222, 0.18287374866, 0.0056303953072],
      [0.055761140739, 0.088751953922, 0.82983351864, 0.016511060034, 0.0091423266668],
      [0.0085411198424, 0.015778075121, 0.0043047576514, 0.90994731289, 0.061428734498],
      [0.40687772881, 0.054829719489, 0.32054724324, 0.074729828202, 0.14301548026],
      [0.059390908831, 0.1826678875, 0.099117019436, 0.17184274626, 0.48698143797]
    ],
    [
      [0.023299427643, 0.039049526212, 0.06040981175, 0.2880829843, 0.5891582501],
      [0.056114828031, 0.7004134284, 0.031642272309, 0.20595576271, 0.0058737085442],
      [0.081533012289, 0.13811087791, 0.74030874858, 0.026028142815, 0.014019218405],
      [0, 0.015825452825, 0, 0.92982442265, 0.054350124524],
      [0.48061978547, 0.065260210635, 0.21679479259, 0.095193060006, 0.1421321513],
      [0.063425336333, 0.20710634961, 0.062996708858, 0.2093354613, 0.4571361439]
    ],
    [
      [0.016981648311, 0.053590733528, 0.15172569622, 0.17266614116, 0.60503578078],
      [0.00048080944271, 0.73265070914, 0.17217654268, 0.091939698969, 0.0027522397673],
      [0.028524176137, 0.089600413484, 0.86934906557, 0.0079074864354, 0.004618858376],
      [0.007439269185, 0.027225498436, 0.017008811318, 0.87305794577, 0.075268475291],
      [0.29244266279, 0.076943172504, 0.46325636604, 0.048747076519, 0.11861072215],
      [0.042900357339, 0.26777226536, 0.1449529273, 0.11616097145, 0.42821347855]
    ],
    [
      [0.030415302112, 0.080478104893, 0.14957070164, 0.31777073236, 0.42176515899],
      [0.00073507869395, 0.77704999538, 0.11111993911, 0.10880727729, 0.0022877095256],
      [0.047063256244, 0.12439360928, 0.81260504086, 0.011390474019, 0.0045476195915],
      [0.0096728147063, 0.020625374955, 0.0076270948299, 0.92701941567, 0.035055299839],
      [0.43037805034, 0.087977067469, 0.35253981851, 0.065987386274, 0.063117677404],
      [0.067370382048, 0.36304913628, 0.12571472036, 0.18557476189, 0.25829099942]
    ],
    [
      [0.038509733821, 0.041699458375, 0.22706163634, 0.2812759765, 0.41145319496],
      [0.00064199062825, 0.57294670862, 0.2663470693, 0.15688003363, 0.0031841978173],
      [0.044984499434, 0.049235907069, 0.89453493297, 0.0078777826825, 0.0033668778425],
      [0.010396035875, 0.016075409732, 0.011739265648, 0.92376165651, 0.038027632235],
      [0.41989489004, 0.038327599884, 0.43686202626, 0.050542849619, 0.054372634192],
      [0.097188250697, 0.20425790571, 0.21554793567, 0.18860598957, 0.29439991835]
    ],
    [
      [0.021296616072, 0.062713608422, 0.16947488595, 0.24050128034, 0.50601360922],
      [0.00035455344685, 0.72064135212, 0.16477061596, 0.11082205589, 0.0034114225879],
      [0.031914119769, 0.093634401528, 0.85999771089, 0.0089673356309, 0.0054864321792],
      [0.0068596770797, 0.022053861095, 0.013034261086, 0.9038112763, 0.054240924442],
      [0.31881881153, 0.078971590808, 0.45052340834, 0.059744971475, 0.09194121784],
      [0.051249305739, 0.29543557057, 0.15383169768, 0.15412697026, 0.34535645575]
    ],
    [
      [0.01718398369, 0.15228963187, 0.11430970796, 0.34187221585, 0.37434446063],
      [0.0011117549878, 0.90414196258, 0.040248708385, 0.052864727503, 0.0016328465462],
      [0.029317547746, 0.24840646668, 0.70469928399, 0.013092398392, 0.0044843031908],
      [0.012100947714, 0.011374325132, 0.011962317042, 0.93269685895, 0.031865551163],
      [0.30254362942, 0.20029789124, 0.34931003239, 0.08368920974, 0.064159237211],
      [0.028689645332, 0.58652763778, 0.073966836461, 0.148474458, 0.16234142243]
    ],
    [
      [0.05128748859, 0.057289138695, 0.23485539956, 0.27337092239, 0.38319705076],
      [0.00012233860172, 0.64594619594, 0.22630959305, 0.12558363265, 0.0020382397573],
      [0.055738855258, 0.063817615348, 0.87056273447, 0.0075958053613, 0.0022849895634],
      [0.011400523636, 0.022042297712, 0.016109769697, 0.91602791283, 0.034419496128],
      [0.47943371457, 0.045419987217, 0.3888905055, 0.042632521241, 0.043623271468],
      [0.11871742083, 0.25737796535, 0.20423053156, 0.16808902847, 0.25158505379]
    ],
    [
      [0.023675511424, 0.043205749685, 0.27754747226, 0.24011478254, 0.4154564841],
      [0.00055323426835, 0.56370306074, 0.30626294409, 0.12585347758, 0.0036272833207],
      [0.023156214908, 0.042807115509, 0.92524598312, 0.0056312488046, 0.0031594376573],
      [0.0079349213933, 0.021536186859, 0.011834165884, 0.91233775244, 0.046356973429],
      [0.27577282335, 0.042941050053, 0.57628470983, 0.046017339401, 0.058984077363],
      [0.060047260845, 0.2133226629, 0.26552261627, 0.16219045168, 0.29891700831]
    ],
    [
      [0.021777648126, 0.042253841584, 0.15483815528, 0.32314061418, 0.45798974083],
      [0.00029365847165, 0.61136833471, 0.19236392335, 0.1921872748, 0.0037868086714],
      [0.036363492927, 0.071468875306, 0.873158173, 0.013675851419, 0.0053336073513],
      [0.0049235634695, 0.013896660031, 0.0075926636137, 0.93559965491, 0.037987457979],
      [0.33943570033, 0.056188265355, 0.4302887559, 0.085030785226, 0.08905649318],
      [0.057405573792, 0.21632666376, 0.15378740634, 0.22744247619, 0.34503787992]
    ],
    [
      [0.062344738966, 0.029068112064, 0.1393277552, 0.24543507335, 0.52382432042],
      [0.00047957148227, 0.59317131153, 0.22633595723, 0.17463788781, 0.0053752719489],
      [0.099993364449, 0.046441153619, 0.84002332894, 0.0084676421096, 0.0050745108825],
      [0.013629683926, 0.011720159662, 0.012494049048, 0.90853491392, 0.053621193444],
      [0.73839626326, 0.016973520528, 0.17820176273, 0.027173971097, 0.039254482383],
      [0.17342618468, 0.14977065769, 0.13806597008, 0.16803711097, 0.37070007658]
    ],
    [
      [0.025545605794, 0.047265818898, 0.078510858357, 0.22594411234, 0.62273360461],
      [0.00062358855043, 0.74993172881, 0.10332288734, 0.14142300987, 0.0046987854335],
      [0.072230324033, 0.1353102358, 0.76415893896, 0.017319100861, 0.010981400347],
      [0.00958368405, 0.019353880828, 0.0014242959854, 0.90458285957, 0.065055279569],
      [0.47435093896, 0.071852519088, 0.25184349903, 0.067590724371, 0.13436231855],
      [0.066285826052, 0.2416260431, 0.077243750226, 0.15621801586, 0.45862636477]
    ],
    [
      [0.047487202368, 0.042054069487, 0.30682423141, 0.60363449673, 0],
      [0, 0.36375766344, 0.237906792, 0.39833554456, 0],
      [0.061479434786, 0.027903551128, 0.88563471654, 0.024982297549, 0],
      [0, 0, 0.004266648865, 0.99573335114, 0],
      [0.59070692041, 0.018327726546, 0.29945001075, 0.091515342293, 0],
      [0.2782416741, 0.10933871241, 0.17243023318, 0.43998938031, 0]
    ],
    [
      [0.01644433749, 0.013635830164, 0.076028659939, 0.18732626136, 0.70656491105],
      [0.00088798796229, 0.50619765944, 0.22442176808, 0.25744758725, 0.011044997261],
      [0.052288205127, 0.044596353213, 0.87444064293, 0.015195461664, 0.013479337063],
      [0.010573671869, 0.0062622550101, 0.0069771985331, 0.9047000667, 0.071486807883],
      [0.39046481861, 0.026845520793, 0.32206650192, 0.073101185119, 0.18752197355],
      [0.049984100517, 0.083421485105, 0.089417352137, 0.15446143672, 0.62271562552]
    ],
    [
      [0.011596653023, 0, 0.15260135349, 0.4757774076, 0.36002458588],
      [0.00024991031442, 0, 0.54452043038, 0.45094672829, 0.0042829310133],
      [0.017252623059, 0, 0.96351857878, 0.016047707829, 0.0031810903321],
      [0, 0, 0, 0.98304605952, 0.016953940482],
      [0.23208097548, 0, 0.56113019002, 0.13315422591, 0.073634608594],
      [0.091386022177, 0, 0.18897606885, 0.39333434082, 0.32630356816]
    ],
    [
      [0.016763025676, 0.027426709119, 0.19029166763, 0.38401460234, 0.38150399524],
      [0.00025396176737, 0.50074263882, 0.26244742112, 0.23356478803, 0.0029911902608],
      [0.021998264451, 0.035305001986, 0.92936556997, 0.01043570099, 0.0028954626072],
      [0.0042139400084, 0.010240125868, 0.0054929564396, 0.95529899411, 0.024753983577],
      [0.27247339334, 0.034510714932, 0.54338922649, 0.087460189178, 0.06216647606],
      [0.048183421778, 0.1575172869, 0.20672148949, 0.28630532567, 0.30127247616]
    ],
    [
      [0.039149918207, 0.046196871473, 0.15506721218, 0.28238428913, 0.47720170901],
      [0, 0.64619382882, 0.18665798414, 0.1629704826, 0.0041777044419],
      [0.062837675475, 0.07578440295, 0.84378835498, 0.011744182987, 0.0058453836077],
      [0.0074983533684, 0.017096229664, 0.0094922189602, 0.92083875987, 0.045074438135],
      [0.48159450454, 0.048334678906, 0.33814466883, 0.058573773894, 0.073352373826],
      [0.098687893223, 0.2246611188, 0.14631558787, 0.18890201827, 0.34143338183]
    ],
    [
      [0.049518714563, 0.046628865613, 0.20724610219, 0.21755474221, 0.47905157542],
      [0, 0.63222942511, 0.24249554381, 0.12124077713, 0.0040342539473],
      [0.059441458921, 0.060012424103, 0.87077753995, 0.0045860401186, 0.0051825369092],
      [0.011563639631, 0.023053521456, 0.01821211802, 0.89104676023, 0.056123960668],
      [0.49804511619, 0.040101530709, 0.3669357535, 0.035150037511, 0.059767562089],
      [0.12160226417, 0.21807931932, 0.18881813589, 0.1406263167, 0.33087396392]
    ],
    [
      [0.026447196307, 0.055739448082, 0.18925907075, 0.24733185114, 0.48122243372],
      [0.000448900018, 0.67731117939, 0.19621881404, 0.12256006488, 0.0034610416718],
      [0.036251849157, 0.077106484426, 0.87348478283, 0.0083855774317, 0.0047713061571],
      [0.0082082700656, 0.021346958893, 0.01279720068, 0.90686463983, 0.050782930531],
      [0.35154491156, 0.063329198112, 0.44961650891, 0.055541043748, 0.079968337672],
      [0.064378246206, 0.26546410005, 0.17395370389, 0.16114751972, 0.33505643014]
    ],
    [
      [0.014577787808, 0.032353552093, 0.070696609788, 0.23031221115, 0.65205983916],
      [0.00086419234789, 0.67774472711, 0.12455906836, 0.19102703871, 0.0058049734765],
      [0.047265381287, 0.10894717123, 0.81105284799, 0.022464513692, 0.010270085798],
      [0.0088462966609, 0.015161404485, 0.0012495750379, 0.91488493928, 0.059857784532],
      [0.33615021005, 0.067046971706, 0.3104389704, 0.095471566425, 0.19089228142],
      [0.039250310183, 0.17967487185, 0.076568741504, 0.17450174996, 0.5300043265]
    ],
    [
      [0.043734348548, 0.18638449648, 0.096426790241, 0.28346644329, 0.38998792144],
      [0.0020515477893, 0.91778258786, 0.031938887934, 0.045760162561, 0.002466813854],
      [0.073625706931, 0.33447381614, 0.56680381603, 0.017735267999, 0.0073613929043],
      [0.020159090968, 0, 0.01623848431, 0.91556754005, 0.048034884669],
      [0.52831753779, 0.15082148208, 0.20054337999, 0.06228819502, 0.058029405113],
      [0.060999384016, 0.61773042654, 0.053179658351, 0.10914221527, 0.15894831583]
    ],
    [
      [0.037211948607, 0.039189381124, 0.1683347381, 0.34696069703, 0.40830323514],
      [0.00053897068448, 0.58446319829, 0.2087576836, 0.20310808369, 0.0031320637266],
      [0.055432933684, 0.058647132333, 0.86929491172, 0.012671050228, 0.0039539720394],
      [0.0082059306976, 0.012657364982, 0.0083431514508, 0.94090247935, 0.029891073522],
      [0.47001395979, 0.039701222601, 0.36266938126, 0.068544791518, 0.059070644833],
      [0.097142593627, 0.19911995845, 0.16470798809, 0.23900196738, 0.30002749245]
    ],
    [
      [0.056091989007, 0.040181718097, 0.29362698278, 0.25834357755, 0.35175573257],
      [0.00045468415449, 0.530627378, 0.3289462907, 0.13770702256, 0.0022646245932],
      [0.050319027446, 0.037452410806, 0.90418963569, 0.0061417457367, 0.0018971803159],
      [0.014365191049, 0.019157333596, 0.013890065893, 0.91916159495, 0.033425814514],
      [0.47734929732, 0.02801386888, 0.42575873525, 0.034777123032, 0.034100975521],
      [0.13704603084, 0.18877704148, 0.2680607519, 0.1660442238, 0.24007195198]
    ],
    [
      [0.021945922164, 0.026599679814, 0.14724596832, 0.28850874333, 0.51569968637],
      [0.00040140774003, 0.51523521845, 0.24634030375, 0.23234899817, 0.005674071887],
      [0.03966155911, 0.048666044348, 0.89168811216, 0.013525963672, 0.006458320714],
      [0.0056121483664, 0.0086770914953, 0.0088494854834, 0.92955628572, 0.047304988935],
      [0.35233457875, 0.036859650621, 0.42526629746, 0.079857763746, 0.10568170942],
      [0.061903248804, 0.1458489776, 0.15657750636, 0.21792944539, 0.41774082184]
    ],
    [
      [0.027528030932, 0.02755545082, 0.11562928276, 0.25792531252, 0.57136192296],
      [0.00058267618188, 0.57779515493, 0.20200334134, 0.21339944702, 0.006219380527],
      [0.059313498891, 0.059574898714, 0.85929893187, 0.013786189962, 0.0080264805603],
      [0.0082762140687, 0.011900208717, 0.0060708070995, 0.91893594877, 0.054816821346],
      [0.45212951357, 0.037352803394, 0.3319120801, 0.068324267827, 0.11028133511],
      [0.077504054599, 0.15090810685, 0.12258662688, 0.19293106503, 0.45607014664]
    ],
    [
      [0.016855217261, 0.022009049908, 0.1860850585, 0.3015575961, 0.47349307824],
      [0.00030433183503, 0.44834178102, 0.31289105543, 0.23348691262, 0.0049759190957],
      [0.023701495139, 0.030639228531, 0.93127433949, 0.0098321163934, 0.0045528204502],
      [0.0041358403148, 0.0064612766284, 0.0095716746375, 0.93700184637, 0.042829362047],
      [0.27324033987, 0.028978231639, 0.53559586192, 0.076000511303, 0.086185055264],
      [0.049210279285, 0.12548235418, 0.2045893079, 0.23238189588, 0.38833616276]
    ],
    [
      [0.0083671363114, 0.085439786066, 0.089621173565, 0.3317862413, 0.48478566275],
      [0.0056228341025, 0.83536635965, 0.04794795502, 0.10768749693, 0.0033753542941],
      [0.018847334129, 0.19397307871, 0.76308731492, 0.017421167987, 0.0066711042561],
      [0, 0.019419247864, 0, 0.93851069161, 0.042070060527],
      [0.20751330866, 0.16456426801, 0.38521909466, 0.11971590816, 0.12298742051],
      [0.018848393749, 0.40273926075, 0.07751795855, 0.19873775155, 0.30215663541]
    ],
    [
      [0.038006770174, 0.022950909615, 0.14066490743, 0.25905352992, 0.53932388286],
      [0.0005175443459, 0.50027311574, 0.26225649982, 0.23041329368, 0.0065395464098],
      [0.069201699663, 0.042155115532, 0.86966657939, 0.012206241928, 0.0067703634845],
      [0.0086196131521, 0.0074171463673, 0.010322376122, 0.91951676091, 0.054124103444],
      [0.50256575621, 0.025385057816, 0.32798544703, 0.057059521734, 0.087004217208],
      [0.10632382001, 0.12441062997, 0.14771550565, 0.19263414478, 0.42891589959]
    ],
    [
      [0.024550983136, 0.038816592986, 0.14309931919, 0.33726041989, 0.4562726848],
      [0.00042020894728, 0.59777785837, 0.18728023262, 0.21058150681, 0.0039401932529],
      [0.043760018418, 0.069869840464, 0.8657685461, 0.014971588467, 0.0056300065474],
      [0.0058824999642, 0.012821342855, 0.0059843361568, 0.93910184312, 0.036209977907],
      [0.38041494839, 0.05100686916, 0.39439191541, 0.087076396011, 0.087109871033],
      [0.065601754045, 0.20194359061, 0.14418035531, 0.24032775657, 0.34794654346]
    ],
    [
      [0.039344611327, 0.037448006007, 0.17832051877, 0.2793575915, 0.4655292724],
      [0.00033517290235, 0.58274292551, 0.2363394724, 0.17641172385, 0.0041707053368],
      [0.056610743499, 0.054871144222, 0.87372809085, 0.0098238380102, 0.0049661834163],
      [0.0086097190048, 0.014538845497, 0.01050947391, 0.92227645638, 0.044065505212],
      [0.46709002867, 0.037474650087, 0.37322973053, 0.054676621314, 0.067528969407],
      [0.10217003765, 0.18835052723, 0.17386485163, 0.19253240868, 0.34308217481]
    ],
    [
      [0.033631649284, 0.037029616206, 0.16113361108, 0.17199602834, 0.59620909509],
      [0.00040688733612, 0.63992136603, 0.2354661706, 0.11994002331, 0.0042655527337],
      [0.053571042145, 0.060024055401, 0.87412501819, 0.0078336635905, 0.0044462206737],
      [0.012339077354, 0.022595447844, 0.015766584361, 0.87320850946, 0.07609038098],
      [0.44769609093, 0.041731576466, 0.3785350124, 0.038634492702, 0.093402827497],
      [0.088433331534, 0.18884151617, 0.15925759352, 0.12027034409, 0.44319721469]
    ],
    [
      [0.019851019225, 0.028532861992, 0.19561557226, 0.23473146253, 0.52126908399],
      [0.00036947250259, 0.51952636175, 0.30261981784, 0.17231674857, 0.0051675993409],
      [0.027322832405, 0.039658386076, 0.92006904202, 0.0080953433185, 0.0048543961787],
      [0.0062269402803, 0.012905730843, 0.011806914496, 0.91269974495, 0.056360669436],
      [0.29514473389, 0.035771095224, 0.51741333085, 0.057794309779, 0.09387653025],
      [0.055139551499, 0.15407803379, 0.2048759473, 0.1737882197, 0.41211824772]
    ],
    [
      [0, 0.041565170189, 0.12839307856, 0.20092049373, 0.62912125752],
      [0, 0.65858225906, 0.19463777453, 0.14215149762, 0.0046284687974],
      [0.01411970377, 0.068743704836, 0.89997478218, 0.0097939668565, 0.007367842358],
      [0, 0.015689281668, 0.015477424067, 0.90147011821, 0.067363176053],
      [0.14366918705, 0.09107066625, 0.52796359707, 0.073796704547, 0.16349984508],
      [0.02037651565, 0.19435048436, 0.13619823708, 0.15039570998, 0.49867905293]
    ],
    [
      [0.012981570676, 0.041090724902, 0.053680662217, 0.28875992823, 0.60348711398],
      [0.00078350894489, 0.71987902168, 0.077290808203, 0.19677335688, 0.005273304291],
      [0.068724660906, 0.16554538449, 0.72059185085, 0.029742100045, 0.01539600371],
      [0.0042160619295, 0.011995671908, 0, 0.93214952913, 0.051638737032],
      [0.33645119466, 0.091863045645, 0.25433022, 0.12642439515, 0.19093114454],
      [0.034843956346, 0.22416079796, 0.056358141086, 0.21207424414, 0.47256286046]
    ],
    [
      [0.0254856998, 0.020897211762, 0.22876687127, 0.33518628848, 0.38966392869],
      [0.00072726302155, 0.3948135847, 0.35535684267, 0.24525066897, 0.0038516406339],
      [0.030900094186, 0.023073020805, 0.93180226842, 0.011054020332, 0.0031705962525],
      [0.00737366818, 0.00012508089647, 0.012367379665, 0.94964896121, 0.030484910046],
      [0.32727906489, 0.022362557119, 0.52060970654, 0.070270630079, 0.059478041365],
      [0.071801010459, 0.11917864775, 0.24402714582, 0.25175651375, 0.31323668222]
    ],
    [
      [0.023885129271, 0.017209239303, 0.10319084453, 0.36047822738, 0.49523655952],
      [0.00075361879989, 0.42886430582, 0.21264391065, 0.3508933022, 0.0068448625307],
      [0.058423527492, 0.042634199489, 0.86881280065, 0.021508618405, 0.0086208539598],
      [0.0065430793238, 0.001412947862, 0.0050589983635, 0.94816393849, 0.038821035959],
      [0.43423727169, 0.025932666305, 0.32792887993, 0.10539378826, 0.10650739382],
      [0.071375592847, 0.10235454111, 0.1165934635, 0.28733058582, 0.42234581672]
    ],
    [
      [0.022082296996, 0.051806141044, 0.22296620164, 0.28988868923, 0.41325667109],
      [0.00022218451595, 0.6292427239, 0.22764481205, 0.13997199005, 0.0029182894855],
      [0.026057526327, 0.061882018994, 0.90020116585, 0.0082028342807, 0.0036564545442],
      [0.0052628365465, 0.018864073087, 0.011402788457, 0.92656997593, 0.037900325981],
      [0.2911661886, 0.057572742436, 0.52272956474, 0.062719841934, 0.065811662293],
      [0.055026837076, 0.25248117728, 0.20928389738, 0.19179855669, 0.29140953157]
    ],
    [
      [0.025814855715, 0.066369102272, 0.087051851581, 0.28313368826, 0.53763050217],
      [0.021543326226, 0.80181016719, 0.056269204386, 0.11548377628, 0.0048935259142],
      [0.059336685176, 0.15907618781, 0.75561584931, 0.016537478408, 0.0094337992938],
      [0.0059778915071, 0.017305665347, 0, 0.92642989295, 0.050286550199],
      [0.46653671657, 0.092579183813, 0.26643616042, 0.074406554123, 0.10004138508],
      [0.059377813141, 0.32972529297, 0.080223480824, 0.17783471607, 0.352838697]
    ],
    [
      [0.043701210558, 0.017341455679, 0.13207418959, 0.28343902899, 0.52344411518],
      [0.00067838878124, 0.44351132186, 0.27222066199, 0.27651974441, 0.0070698829595],
      [0.083332133084, 0.033383703824, 0.86274483798, 0.013503083059, 0.0070362420527],
      [0.0073515358807, 0.0013209695322, 0.010885440272, 0.9300664853, 0.050375569015],
      [0.56052645211, 0.017558203618, 0.28762792037, 0.0570746265, 0.07721279741],
      [0.12572421125, 0.098533616011, 0.1409124775, 0.21345988595, 0.42136980929]
    ],
    [
      [0.01108870053, 0.017743122663, 0.080960183732, 0.13796453521, 0.75224345786],
      [0.00076592863962, 0.59252834949, 0.2222055571, 0.17633638784, 0.008163776942],
      [0.035230102873, 0.05656423673, 0.88688086499, 0.017283576932, 0.004041218472],
      [0.0092544907762, 0.015337957154, 0.013224858218, 0.87707531561, 0.085107378237],
      [0.29144694825, 0.039907991137, 0.38573661291, 0.063777913879, 0.21913053382],
      [0.03344208362, 0.10592507644, 0.094162929694, 0.11256290301, 0.65390700724]
    ],
    [
      [0.029959431823, 0.035467529771, 0.18135767391, 0.31633982947, 0.43687553503],
      [0.00043889852671, 0.54723071944, 0.24347908448, 0.20501062199, 0.0038406755721],
      [0.043876989294, 0.052686426243, 0.88694669639, 0.012116948932, 0.0043729391417],
      [0.0070128079894, 0.011647246684, 0.0094678633371, 0.93515948006, 0.036712601928],
      [0.38975360786, 0.040099017259, 0.42537548095, 0.071512064063, 0.073259829868],
