{
  "Z_true": {},
  "V_true": [
    [26, 1015, 155, 907, 304, 53],
    [893, 39, 58, 199, 654, 105],
    [459, 221, 549, 461, 11494, 708],
    [64, 453, 289, 4287, 455, 154],
    [110, 154, 249, 603, 657, 358],
    [28, 83, 1496, 403, 589, 90],
    [146, 68, 114, 203, 681, 695]
  ],
  "p_true": [
    [0.0106, 0.4126, 0.063, 0.3687, 0.1236, 0.0215],
    [0.4584, 0.02, 0.0298, 0.1022, 0.3357, 0.0539],
    [0.033, 0.0159, 0.0395, 0.0332, 0.8274, 0.051],
    [0.0112, 0.0794, 0.0507, 0.7518, 0.0798, 0.027],
    [0.0516, 0.0723, 0.1168, 0.283, 0.3083, 0.168],
    [0.0104, 0.0309, 0.5563, 0.1499, 0.219, 0.0335],
    [0.0766, 0.0357, 0.0598, 0.1064, 0.3571, 0.3644]
  ],
  "Z_est": [
    [
      [0.6983, 0.7411, 0.09, 0, 0.539, 0.1536, 1.0168, 2.1825, 0.3251, 1.3293, 0.1562, 1.3264, 0.1464, 1.2394, 1.2067, 0.3983, 0.6373, 0.6365, 0.5313, 0.2154, 0.0361, 0.1682, 0.108, 0.5718, 1.271, 0.0319, 1.4121, 0.3047, 0.0227, 0.3886, 0.2879, 0.217, 0.1684, 0.5992, 0.2546, 0.5225, 0.3227, 0.1086, 0.4742, 0.3515, 1.0835, 0.0231, 1.6895, 0.4025, 3.1138, 1.1986],
      [40.9676, 26.6727, 3.4937, 3.2255, 33.6908, 3.0684, 77.7036, 117.6237, 20.0221, 41.032, 10.2829, 60.9071, 6.4474, 56.373, 48.8575, 21.2527, 26.4323, 21.108, 16.3058, 17.9471, 3.0348, 4.7282, 5.36, 28.2318, 32.0054, 4.4491, 40.3891, 17.9643, 2.3979, 10.0769, 6.7261, 16.6142, 9.4812, 19.9789, 7.8115, 20.5035, 7.601, 16.1292, 12.3255, 8.1806, 70.4145, 3.9403, 57.5676, 7.2388, 61.5144, 20.8006],
      [2.1733, 0.8322, 0.0661, 0.0824, 1.5755, 0.1938, 3.855, 5.4443, 1.0084, 3.3375, 0.559, 2.5935, 0.6017, 3.6847, 2.405, 1.4618, 1.2783, 1.6197, 1.2887, 0.5059, 0.1988, 0.2483, 0.3239, 1.8407, 2.6517, 0.26, 3.1499, 0.8267, 0.0579, 0.8535, 0.6015, 0.5331, 0.4273, 1.0004, 0.7153, 0.8535, 0.4825, 0.6785, 1.2962, 1.0356, 2.755, 0.136, 4.0477, 0.3887, 4.045, 0.9448],
      [29.1633, 19.2753, 2.2268, 0.6424, 20.421, 2.8818, 60.601, 77.2783, 14.1108, 52.1899, 8.7912, 64.9994, 9.0839, 66.8822, 46.2737, 20.9721, 34.7824, 30.0654, 19.8271, 8.825, 2.3199, 2.4765, 3.8578, 18.5221, 30.8028, 2.1151, 34.3718, 23.3196, 1.4886, 10.7317, 11.6513, 14.8989, 5.6085, 23.3533, 12.5775, 19.9792, 11.7364, 11.5844, 13.4061, 11.0461, 63.8642, 1.7182, 60.1911, 7.1302, 74.7519, 20.9651],
      [2.7827, 2.2645, 0.0974, 0.0497, 3.4665, 0.6119, 7.1237, 10.5896, 1.3553, 6.6066, 1.1134, 4.7629, 0.6398, 5.4445, 4.7109, 1.7086, 2.6571, 3.262, 2.8414, 0.4464, 0.3696, 0.3424, 0.3143, 2.6179, 4.8824, 0.132, 5.2256, 0.5534, 0.0254, 0.8414, 1.6344, 0.648, 0.2778, 2.8392, 1.4518, 1.9246, 1.7066, 1.3735, 2.327, 1.2639, 5.435, 0.1617, 7.8672, 1.6857, 7.7534, 6.6351],
      [0.2148, 0.2143, 0.0259, 0, 0.3071, 0.0905, 0.6999, 0.8816, 0.1783, 0.5047, 0.0973, 0.4106, 0.0808, 0.3763, 0.5463, 0.2066, 0.2126, 0.3084, 0.2057, 0.0602, 0.0408, 0.0365, 0.036, 0.2157, 0.3867, 0.0118, 0.4515, 0.0314, 0.0076, 0.108, 0.0988, 0.0888, 0.0368, 0.229, 0.1892, 0.2167, 0.1508, 0.1258, 0.171, 0.1222, 0.4477, 0.0207, 0.6369, 0.1541, 0.8214, 0.4559]
    ],
    [
      [32.1377, 15.1863, 2.5648, 0, 8.8711, 5.0316, 38.129, 109.458, 23.8814, 32.0428, 11.9556, 22.1826, 6.2937, 24.5506, 25.8305, 11.5302, 17.4611, 8.1445, 23.4925, 26.3021, 3.9274, 6.243, 9.1397, 38.3217, 67.848, 5.5235, 67.5331, 14.5295, 2.7966, 31.4235, 8.676, 18.3581, 15.4248, 26.4838, 21.4115, 35.0394, 15.4918, 12.315, 14.8445, 17.2734, 46.2058, 1.3222, 49.8333, 9.4439, 160.2323, 32.4083],
      [3.2834, 0.8965, 0.1394, 0.5025, 0.9127, 0.1081, 4.2981, 10.1732, 2.4645, 1.7292, 1.2708, 1.7262, 0.4336, 1.944, 1.8204, 1.0462, 1.2394, 0.4423, 1.2347, 3.4736, 0.4776, 0.2509, 0.7207, 3.2559, 2.9873, 1.0666, 3.3759, 1.0907, 0.2582, 1.3579, 0.333, 2.3884, 1.3955, 1.5361, 1.093, 2.3582, 0.6084, 2.7403, 0.6453, 0.6646, 5.2769, 0.3249, 2.9589, 0.2553, 5.5246, 0.8522],
      [6.0023, 0.952, 0.098, 0.6758, 1.4215, 0.2758, 7.775, 16.102, 4.3533, 4.7342, 2.4107, 2.452, 1.4722, 4.3109, 3.0093, 2.4785, 2.0338, 1.1755, 3.3499, 3.5765, 1.1898, 0.4806, 1.654, 7.3012, 8.4008, 2.5245, 8.9366, 1.7753, 0.2743, 4.0655, 1.0271, 2.6654, 2.3151, 2.6075, 3.5105, 3.3946, 1.3536, 3.9443, 2.3506, 3.0265, 6.9853, 0.4153, 7.0977, 0.5085, 12.3066, 1.4575],
      [0.0307, 0.0017, 0.0001, 0.011, 0.0014, 0.0182, 0.0047, 0.0497, 0.0212, 0.0045, 0.0073, 0.0009, 0.0224, 0.0023, 0.0019, 0.0011, 0.0002, 0.0013, 0.0016, 0.5568, 0.0053, 0, 1.0415, 0.0037, 0.0025, 0.0056, 0.0079, 0.0434, 0.219, 0.2732, 0.0017, 0.2804, 0.2812, 0.0015, 0.0194, 0.014, 0.0019, 0.0052, 0.0002, 0.0093, 0.0024, 0.5887, 0.0469, 0.0107, 0.0274, 0.0922],
      [12.4903, 2.5361, 0.1821, 0.8107, 4.304, 1.3489, 21.2614, 42.6148, 12.8219, 14.2198, 7.6233, 3.9674, 2.4391, 10.3493, 9.0168, 4.3167, 6.6635, 3.8503, 11.9673, 10.1152, 4.9495, 0.897, 4.0271, 14.6439, 24.5973, 3.6583, 23.8895, 4.2585, 0.3902, 12.8519, 3.6634, 9.3516, 4.0955, 11.3106, 14.2203, 15.5914, 7.7916, 9.7492, 6.6114, 8.3595, 22.5083, 1.1372, 24.0601, 3.4361, 37.494, 19.9337],
      [1.0556, 0.4274, 0.0155, 0, 0.4893, 0.2174, 2.5318, 4.6021, 1.4577, 1.2696, 0.7323, 0.6709, 0.339, 0.843, 1.3211, 0.6274, 0.6019, 0.386, 0.9539, 0.9757, 0.4505, 0.1285, 0.4171, 1.4736, 2.164, 0.2216, 2.2569, 0.3026, 0.0618, 1.028, 0.2988, 0.956, 0.4879, 1.0605, 1.7453, 1.6023, 0.7527, 1.246, 0.548, 0.6667, 2.0214, 0.2117, 2.0031, 0.3454, 4.4151, 1.2561]
    ],
    [
      [13.2935, 11.9697, 4.5389, 0, 3.1349, 0.5528, 3.6514, 14.0804, 7.7723, 14.2449, 3.1041, 16.7129, 2.7797, 8.6104, 8.771, 5.6664, 6.5661, 2.9433, 12.0235, 10.0507, 0.8724, 5.5681, 6.5987, 7.4688, 19.3702, 2.1, 19.4794, 2.4953, 1.4238, 15.4088, 5.1672, 10.4549, 10.9682, 17.4554, 7.1427, 14.3972, 8.9156, 1.9831, 6.75, 6.5807, 19.5729, 0.4746, 13.804, 3.2754, 46.036, 2.7599],
      [0.5972, 0.3905, 0.2239, 0.0302, 0.0771, 0, 0.5165, 0.4509, 0.4106, 0.201, 0.2944, 1.0781, 0.1087, 0.3971, 0.408, 0.396, 0.2824, 0.0725, 0.236, 0.3447, 0.2334, 0.1893, 0.4799, 0.3823, 0.5288, 0.2466, 0.7162, 0.2598, 0.1677, 0.3485, 0.0549, 0.927, 0.4936, 0.5975, 0.0974, 0.7089, 0.0875, 0.2089, 0.1588, 0.0656, 1.3801, 0.0982, 0.4789, 0.0689, 0.5139, 0.3501],
      [21.8401, 7.2133, 1.6208, 0.2885, 4.9714, 0.3728, 7.0911, 19.2363, 13.2424, 19.5164, 6.2137, 17.509, 5.7522, 13.8984, 9.411, 10.9604, 7.0689, 4.2626, 15.7974, 13.2248, 4.467, 4.6697, 11.5611, 12.6587, 21.9078, 7.6954, 23.4839, 2.9856, 1.595, 18.2787, 6.1043, 13.9844, 15.1787, 15.002, 11.8178, 11.9509, 6.3284, 7.2979, 9.7564, 10.7307, 26.9964, 3.0514, 17.9342, 1.4332, 33.0818, 0.5037],
      [4.0282, 2.5903, 0.7553, 0.1369, 0.8252, 0, 2.6919, 4.3039, 2.3013, 4.2287, 1.1629, 6.084, 1.147, 3.3099, 2.1816, 2.1437, 2.303, 1.7466, 3.1775, 3.6513, 0.4486, 0.5148, 1.9591, 1.7403, 3.1688, 0.9984, 3.039, 1.2604, 0.5242, 2.7699, 1.9007, 5.1031, 2.7564, 4.8603, 2.9619, 3.7988, 2.5119, 1.7764, 1.2248, 1.644, 7.8749, 0.7081, 3.4982, 0.2932, 8.2663, 1.3542],
      [351.7892, 214.0664, 66.3728, 5.5444, 120.1371, 14.1698, 161.5278, 406.9784, 291.8305, 456.2319, 147.0425, 293.779, 75.1653, 255.3478, 216.7278, 153.4538, 177.241, 108.1282, 432.9039, 293.6582, 132.0977, 88.0101, 297.9754, 208.773, 486.5962, 99.0323, 476.8212, 55.7183, 23.1782, 449.6758, 183.4658, 414.3317, 246.3, 568.6476, 360.4195, 439.4862, 336.5837, 146.8488, 211.2817, 226.548, 663.658, 101.9465, 456.7073, 84.4768, 762.7824, 117.4562],
      [25.4519, 21.7698, 5.4883, 0, 10.8543, 1.9046, 14.5214, 34.9502, 28.4429, 33.5772, 12.1824, 30.837, 9.0472, 17.4364, 26.5006, 18.3797, 13.5386, 8.8468, 28.8616, 23.0704, 10.8808, 8.0479, 18.4258, 16.9768, 36.4282, 4.9274, 38.4603, 3.2805, 2.1111, 29.5183, 11.3071, 33.1989, 21.3031, 41.4371, 37.5606, 38.658, 26.5728, 14.8848, 14.8283, 15.431, 50.5177, 9.7212, 32.5775, 7.4525, 76.3195, 5.5758]
    ],
    [
      [0.5803, 0.6991, 0.0829, 0, 0.681, 0.126, 0.4858, 1.6694, 0.3652, 1.236, 0.1092, 0.9571, 0.123, 0.8602, 1.0186, 0.4731, 0.518, 0.4921, 0.4045, 0.8807, 0.025, 0.1472, 0.193, 0.3558, 1.0099, 0.0281, 0.9202, 0.1561, 0.0054, 0.4828, 0.5777, 0.2371, 0.1576, 0.5113, 0.5683, 0.5234, 0.4901, 0.0373, 0.3498, 0.74, 0.8845, 0.0235, 1.0512, 0.3123, 2.1413, 1.063],
      [25.9825, 22.7032, 2.6931, 0.9742, 28.8559, 1.7783, 26.2944, 64.2428, 17.9412, 26.4995, 6.1511, 42.1997, 3.5981, 29.9612, 31.5369, 17.8894, 16.3013, 9.4808, 9.8491, 17.063, 1.9115, 3.3071, 7.33, 13.5668, 20.3601, 2.7452, 21.107, 4.3283, 0.7156, 9.4217, 4.2234, 13.8841, 6.7183, 13.3014, 5.1115, 15.7641, 4.8287, 8.5931, 7.0736, 9.2192, 46.5794, 7.9691, 28.1642, 4.2196, 36.7401, 6.7802],
      [12.5042, 6.4377, 0.4973, 0.2414, 12.0704, 1.0883, 11.9318, 26.9888, 8.3874, 19.5951, 3.0683, 15.9573, 3.0826, 17.7805, 13.9401, 11.0471, 7.1202, 6.875, 7.0878, 4.7764, 1.2159, 1.6751, 4.4944, 8.0532, 15.2444, 1.5829, 14.8878, 1.8318, 0.1629, 7.4938, 3.7399, 4.1764, 2.9759, 6.0569, 4.6023, 5.9735, 2.9248, 3.2855, 6.7861, 11.3008, 16.4608, 2.6536, 17.9914, 2.097, 21.8173, 2.71],
      [122.7849, 111.3348, 12.4645, 1.759, 117.0052, 12.1207, 140.9875, 284.771, 84.5768, 225.2253, 35.4935, 298.3244, 34.4355, 236.0431, 197.2134, 117.3199, 142.1297, 92.9136, 79.8373, 61.9661, 10.3446, 12.3396, 45.6062, 59.7103, 129.8041, 9.3867, 118.9664, 38.6395, 3.098, 68.8303, 53.4547, 85.4802, 28.3989, 103.7238, 58.9629, 102.2564, 52.3811, 41.897, 51.6007, 85.8429, 279.109, 29.8166, 195.1465, 28.4161, 295.1176, 46.8554],
      [1.3717, 1.4454, 0.0758, 0.0254, 2.0752, 0.2418, 4.1538, 5.1172, 1.4807, 3.2222, 0.4303, 2.0067, 0.188, 2.6848, 2.652, 1.0326, 1.2469, 1.3993, 1.2073, 1.2613, 0.1431, 0.1777, 1.4757, 0.9984, 2.423, 0.1472, 2.0866, 0.8411, 0.0039, 2.2389, 1.1351, 3.9257, 0.2424, 2.3976, 0.936, 2.1706, 1.0525, 0.3598, 0.9237, 1.9003, 3.1248, 1.4459, 3.5578, 0.8051, 3.8842, 4.5832],
      [1.7763, 2.3798, 0.1864, 0, 3.3124, 0.6449, 3.1467, 6.2109, 2.2486, 4.2219, 0.7477, 3.5549, 0.5727, 2.6702, 4.639, 2.2379, 1.6839, 1.8391, 1.6139, 1.0525, 0.36, 0.3533, 0.9008, 1.3156, 3.1586, 0.1099, 3.0319, 0.2032, 0.0142, 1.5324, 0.8693, 1.2966, 0.507, 2.0091, 1.819, 2.312, 1.3228, 0.8274, 1.266, 1.9968, 3.8415, 1.0913, 4.089, 1.1499, 6.2996, 2.0082]
    ],
    [
      [0.0721, 0.0718, 0.0136, 0, 0.0218, 0.0011, 0.0079, 0.0685, 0.0416, 0.0984, 0.016, 0.0743, 0.0099, 0.0606, 0.0526, 0.0396, 0.0452, 0.0382, 0.0421, 0.043, 0.0035, 0.0257, 0.0249, 0.0541, 0.0613, 0.0018, 0.0853, 0.0026, 0.0012, 0.0963, 0.0483, 0.0568, 0.0585, 0.0843, 0.0301, 0.0903, 0.0384, 0.0043, 0.0409, 0.043, 0.1113, 0.0042, 0.1064, 0.0208, 0.1256, 0.0072],
      [1.2207, 0.9307, 0.1644, 0, 0.3956, 0.0075, 0.3975, 1.4679, 0.7855, 0.9201, 0.4017, 1.1692, 0.1262, 0.8578, 0.6994, 0.5879, 0.559, 0.3537, 0.4305, 1.0485, 0.1501, 0.2194, 0.3806, 0.7089, 0.6359, 0.1567, 0.808, 0.0738, 0.0583, 0.7938, 0.3205, 1.9032, 1.0986, 0.8334, 0.3349, 1.1317, 0.2669, 0.3937, 0.2996, 0.2732, 2.2898, 0.4231, 1.1729, 0.0963, 1.2217, 0.0278],
      [2.7617, 1.243, 0.1521, 0, 0.8679, 0.0443, 1.0162, 2.9473, 1.7227, 3.1854, 0.9464, 2.0792, 0.5188, 2.3965, 1.4791, 1.711, 1.141, 1.2726, 1.4515, 1.3387, 0.4751, 0.5456, 1.0908, 1.9723, 2.2214, 0.442, 2.6577, 0.1933, 0.0704, 2.9435, 1.3049, 2.6391, 2.2643, 1.7722, 1.3417, 1.9984, 0.7297, 0.7175, 1.3568, 1.5629, 3.7711, 0.7438, 3.5131, 0.2287, 3.3946, 0.1086],
      [19.8753, 15.7371, 2.6357, 0, 6.1729, 0.2906, 8.6595, 23.0176, 12.7375, 27.0271, 7.9565, 28.5451, 4.163, 23.4581, 15.4105, 13.216, 16.7751, 12.6794, 12.0483, 12.803, 2.8413, 2.823, 8.0943, 10.6768, 14.0311, 1.8918, 15.6734, 2.8693, 1.0021, 19.9654, 13.6297, 40.3704, 16.1345, 22.3495, 12.5967, 25.2364, 9.5978, 6.696, 7.5076, 8.6699, 47.2044, 5.8899, 28.1316, 2.1999, 33.9919, 0.9772],
      [29.8794, 24.6801, 3.9666, 0, 14.9402, 1.1217, 16.0107, 43.1129, 26.2298, 51.2428, 15.4509, 23.8032, 4.384, 30.2532, 23.5248, 16.0393, 19.5228, 23.1354, 26.895, 20.377, 9.889, 7.2425, 19.3807, 21.7667, 33.5321, 2.8873, 36.8782, 2.3386, 0.6348, 49.1684, 26.0208, 48.7321, 24.1981, 44.3101, 27.8347, 47.4645, 23.2776, 9.8202, 20.1486, 22.4194, 63.5667, 16.3539, 61.4126, 8.1202, 53.2574, 7.4956],
      [7.1908, 8.3373, 1.0677, 0, 4.6017, 0.5347, 4.9082, 12.3857, 8.4829, 12.5262, 4.2285, 8.3291, 1.7982, 6.9739, 9.8337, 6.4062, 4.9568, 6.5208, 6.1326, 5.3898, 2.641, 2.1438, 4.0287, 5.8211, 8.5182, 0.6203, 9.8975, 0.5224, 0.2332, 11.0326, 5.6758, 14.2983, 7.246, 10.6504, 9.8619, 14.0787, 6.0897, 3.3682, 4.6465, 5.0317, 16.0568, 5.5851, 14.6633, 2.3341, 18.0087, 1.3836]
    ],
    [
      [0.3067, 0.3507, 0.0578, 0, 0.1832, 0.0185, 0.1003, 0.5206, 0.1914, 0.5172, 0.0741, 0.3484, 0.0455, 0.3334, 0.42, 0.1602, 0.2664, 0.196, 0.2321, 0.1904, 0.0183, 0.0943, 0.1427, 0.1511, 0.4645, 0.0127, 0.5058, 0.0372, 0.0295, 0.3049, 0.1171, 0.2038, 0.2243, 0.5248, 0.1283, 0.2761, 0.24, 0.0359, 0.1511, 0.2348, 0.5411, 0.0071, 0.4016, 0.0568, 0.9771, 0.1286],
      [1.2385, 0.9505, 0.1479, 0.0498, 0.8458, 0.0243, 0.5251, 1.9678, 0.8334, 1.12, 0.3631, 1.2173, 0.1257, 1.0884, 1.2342, 0.5887, 0.7863, 0.4242, 0.5036, 0.9995, 0.1391, 0.1845, 0.4912, 0.5193, 0.8414, 0.1044, 1.0458, 0.1279, 0.1287, 0.5375, 0.1832, 1.1158, 0.8172, 1.258, 0.2786, 0.7618, 0.3884, 0.4891, 0.2722, 0.3498, 2.5616, 0.0884, 0.9768, 0.069, 1.4286, 0.1394],
      [64.3266, 29.0503, 3.3029, 2.3907, 36.1706, 1.9485, 27.0985, 85.9637, 41.7824, 89.0167, 19.6279, 48.7763, 12.1837, 67.6637, 56.8312, 38.8257, 36.6469, 33.987, 38.9023, 29.5562, 10.0871, 10.7526, 32.4559, 33.1754, 66.869, 7.1324, 78.0141, 5.8037, 4.0571, 45.7589, 16.8902, 35.5167, 39.4503, 61.3409, 25.6874, 30.9393, 24.9269, 20.3695, 28.3143, 47.3564, 95.8366, 3.497, 66.1878, 4.0861, 90.2098, 7.079],
      [23.2951, 18.4336, 2.7373, 0.3994, 13.3392, 0.6491, 11.73, 34.2718, 15.5981, 38.2355, 8.2346, 33.765, 4.7473, 33.7028, 30.1512, 15.043, 27.0914, 17.201, 16.2106, 14.2166, 2.9768, 2.7292, 12.0887, 8.9958, 21.1726, 1.4073, 23.1749, 4.4483, 2.4067, 15.5892, 8.8347, 27.0986, 13.8226, 38.7631, 12.122, 19.4884, 16.1871, 9.4838, 7.846, 13.265, 60.6708, 1.1008, 26.7789, 1.8591, 45.6826, 3.6565],
      [5.0176, 4.2658, 0.6493, 0.1601, 4.5743, 0.2721, 2.9216, 9.4972, 4.5905, 10.3866, 2.2765, 3.9352, 0.7007, 6.2742, 6.6001, 2.6795, 4.4327, 4.385, 5.3536, 3.4537, 1.5155, 1.0397, 4.2434, 2.6776, 7.4061, 0.3006, 7.8329, 0.5142, 0.3208, 5.9735, 2.625, 6.1181, 4.0526, 9.3264, 3.8704, 5.4759, 5.263, 2.1581, 2.9446, 5.0417, 11.3839, 0.1988, 8.3016, 0.7418, 10.3559, 3.6132],
      [0.8154, 0.9491, 0.1048, 0, 0.8868, 0.0875, 0.6244, 1.7789, 1.0043, 1.724, 0.4239, 0.9578, 0.1971, 0.9375, 1.7634, 0.7028, 0.7762, 0.8067, 0.7978, 0.5836, 0.2632, 0.1996, 0.5781, 0.4809, 1.2465, 0.0427, 1.4264, 0.0687, 0.0572, 0.836, 0.3497, 0.947, 0.633, 1.7867, 0.9133, 1.0584, 0.9946, 0.4635, 0.4718, 0.7524, 2.006, 0.1079, 1.3533, 0.1872, 2.346, 0.3832]
    ],
    [
      [1.9114, 1.9814, 0.6521, 0, 0.569, 0.1164, 0.6087, 3.0207, 1.4231, 2.5315, 0.5848, 2.3983, 0.602, 1.3456, 1.7007, 0.7322, 1.5059, 0.5495, 2.274, 2.3177, 0.1174, 0.7535, 0.793, 1.0766, 3.9751, 0.3021, 3.0641, 0.4745, 0.7208, 2.895, 1.1258, 2.4722, 2.9983, 2.3411, 1.4645, 3.151, 1.5014, 0.5158, 1.3894, 1.7767, 3.601, 0.1452, 3.1141, 0.4882, 8.3739, 0.4342],
      [0.7101, 0.4558, 0.1376, 0.2179, 0.2221, 0.0134, 0.2649, 1.0737, 0.5426, 0.4981, 0.236, 0.7024, 0.1603, 0.3785, 0.4437, 0.2391, 0.3992, 0.1185, 0.4403, 1.1236, 0.0535, 0.1205, 0.2376, 0.335, 0.641, 0.2315, 0.558, 0.1551, 0.2737, 0.4638, 0.1589, 1.1673, 0.9955, 0.4946, 0.2731, 0.7718, 0.2192, 0.4456, 0.225, 0.247, 1.4976, 0.156, 0.6808, 0.0521, 1.0566, 0.0498],
      [3.3918, 1.2715, 0.2628, 0.3213, 0.9227, 0.0764, 1.2324, 4.3176, 2.5033, 3.6148, 1.1741, 2.6328, 1.3888, 2.2653, 1.9243, 1.5155, 1.7108, 0.8075, 3.1224, 3.0214, 0.3664, 0.628, 1.42, 1.9985, 4.7049, 1.3627, 3.87, 0.5838, 0.7824, 3.6062, 1.332, 3.4848, 4.3884, 2.2201, 2.3248, 2.8897, 1.254, 1.7068, 2.1396, 2.9872, 5.1948, 0.5029, 4.228, 0.2578, 6.1449, 0.1963],
      [0.8225, 0.6271, 0.1802, 0.0513, 0.2351, 0.0396, 0.3254, 1.3076, 0.6544, 1.0889, 0.3539, 1.2812, 0.4009, 0.6017, 0.7678, 0.3044, 0.9182, 0.3926, 0.8975, 0.9813, 0.0635, 0.117, 0.3525, 0.351, 1.0182, 0.1951, 0.7665, 0.4195, 0.2614, 0.8402, 0.5272, 1.7684, 0.9979, 0.9485, 0.7596, 1.2268, 0.5837, 0.5572, 0.4145, 0.5227, 2.2744, 0.1777, 1.2068, 0.0908, 2.1622, 0.0994],
      [22.6691, 15.7418, 4.656, 1.4096, 9.5026, 1.2338, 12.0011, 39.0898, 23.6913, 36.0902, 12.0631, 18.7457, 7.483, 17.6462, 18.7677, 8.7695, 18.2359, 8.8397, 36.8315, 28.6882, 4.0357, 5.2905, 15.5835, 13.5225, 44.5629, 6.8422, 33.2659, 4.7758, 4.4468, 38.2502, 17.4556, 42.8928, 28.8336, 34.1685, 30.2674, 42.8868, 25.3251, 14.6904, 19.7629, 26.4672, 54.3233, 7.756, 46.0933, 5.7343, 60.4726, 9.283],
      [14.4951, 13.9223, 3.1113, 0, 7.5485, 1.5204, 9.5676, 29.1906, 20.1853, 23.1764, 8.5881, 17.2396, 7.9651, 10.7628, 20.3959, 9.4394, 12.2299, 6.2922, 21.4344, 19.8679, 3.3636, 4.0904, 8.6135, 9.7163, 29.0979, 3.0664, 23.4755, 2.5913, 4.5149, 21.9447, 9.4004, 30.2145, 22.7863, 21.8271, 27.9106, 33.0739, 17.1166, 13.0842, 12.0686, 15.9992, 36.1089, 6.2622, 28.677, 4.3766, 52.7897, 3.9372]
    ]
  ],
  "V_est": [
    [28.7023, 1148.8792, 64.9193, 1083.7612, 122.8242, 10.9138],
    [1177.096, 82.936, 160.2283, 3.7242, 476.3763, 47.6392],
    [406.9903, 16.3585, 499.9468, 115.7261, 11880.9141, 972.0642],
    [24.7541, 705.9592, 362.672, 4443.8915, 76.2985, 88.4248],
    [2.0454, 28.5964, 68.3349, 624.2605, 1102.7205, 305.0423],
    [10.5222, 30.3321, 1655.8463, 760.7022, 195.7218, 35.8754],
    [75.8897, 19.9386, 98.0525, 30.9343, 979.1447, 703.0403]
  ],
  "p_est": [
    [0.0117, 0.467, 0.0264, 0.4406, 0.0499, 0.0044],
    [0.6043, 0.0426, 0.0823, 0.0019, 0.2445, 0.0245],
    [0.0293, 0.0012, 0.036, 0.0083, 0.8552, 0.07],
    [0.0043, 0.1238, 0.0636, 0.7794, 0.0134, 0.0155],
    [0.001, 0.0134, 0.0321, 0.2929, 0.5175, 0.1431],
    [0.0039, 0.0113, 0.6158, 0.2829, 0.0728, 0.0133],
    [0.0398, 0.0105, 0.0514, 0.0162, 0.5134, 0.3687]
  ],
  "EI_Z": {},
  "EI_V": 10.3121,
  "MAE_Z": {},
  "MAE_V": 150.8961,
  "MAE_p": 0.0501,
  "runtime": 0.577
}
