{
  "X": [
    [45, 33, 51, 612, 67],
    [8, 8, 11, 74, 15],
    [73, 83, 267, 491, 157],
    [63, 61, 275, 692, 154],
    [78, 63, 302, 528, 166],
    [24, 23, 49, 702, 68],
    [33, 18, 59, 859, 65],
    [10, 17, 43, 576, 80],
    [6, 18, 21, 933, 57],
    [19, 20, 51, 734, 58],
    [21, 24, 72, 521, 70],
    [1, 9, 12, 261, 19],
    [5, 11, 21, 830, 57],
    [4, 8, 20, 296, 27],
    [7, 11, 16, 727, 52],
    [27, 21, 67, 479, 77],
    [29, 31, 109, 578, 76],
    [7, 16, 47, 761, 67],
    [11, 23, 32, 748, 71],
    [28, 28, 118, 758, 92],
    [5, 22, 21, 625, 57],
    [15, 23, 63, 463, 49],
    [27, 23, 119, 408, 82],
    [30, 29, 102, 352, 65],
    [5, 10, 27, 174, 30],
    [20, 35, 136, 441, 85],
    [32, 49, 147, 622, 93],
    [18, 12, 68, 395, 43],
    [8, 4, 9, 132, 16],
    [8, 8, 28, 208, 65],
    [83, 129, 250, 1940, 261],
    [4, 4, 7, 75, 15]
  ],
  "W": [
    [23, 607, 35, 36, 55, 52],
    [8, 76, 8, 11, 4, 9],
    [65, 510, 156, 135, 75, 130],
    [61, 662, 166, 111, 79, 166],
    [54, 492, 162, 148, 104, 177],
    [18, 651, 50, 49, 30, 68],
    [19, 821, 48, 41, 35, 70],
    [22, 578, 29, 24, 8, 65],
    [18, 893, 21, 17, 12, 74],
    [15, 702, 46, 33, 13, 73],
    [18, 510, 53, 56, 19, 52],
    [5, 253, 8, 12, 4, 20],
    [13, 794, 26, 17, 4, 70],
    [6, 288, 18, 10, 4, 29],
    [11, 701, 16, 27, 8, 50],
    [22, 454, 47, 45, 36, 67],
    [25, 550, 79, 76, 29, 64],
    [7, 758, 41, 29, 6, 57],
    [24, 728, 27, 36, 9, 61],
    [33, 709, 77, 63, 35, 107],
    [15, 617, 18, 21, 5, 54],
    [20, 425, 52, 33, 20, 63],
    [26, 377, 80, 68, 35, 73],
    [26, 318, 62, 72, 35, 65],
    [8, 160, 16, 28, 6, 28],
    [30, 426, 97, 73, 26, 65],
    [37, 596, 103, 69, 42, 96],
    [14, 348, 61, 42, 16, 55],
    [4, 111, 5, 29, 7, 13],
    [9, 213, 15, 33, 13, 34],
    [118, 1902, 193, 120, 96, 234],
    [5, 78, 6, 0, 5, 11]
  ],
  "method": "mult",
  "cond_prob": [
    [
      [0.0039580043709, 0.76588889717, 0.008576145018, 0.003164720859, 0.21841223258],
      [3.6714161442e-06, 0.0019270087299, 4.8591279927e-10, 0.97094429226, 0.027125027111],
      [0.022811810161, 0.05762715369, 0.90335581608, 0.010856866157, 0.005348353913],
      [0.12670644906, 0.075169067913, 0.2754914505, 0.057812028243, 0.46482100428],
      [0.69138949218, 0.036748229668, 0.25539195737, 0.00026190402203, 0.016208416766],
      [0.0074017682313, 0.060799291012, 0.0098943221753, 0.43674786808, 0.4851567505]
    ],
    [
      [0.0075296749767, 0.72561060278, 0.0099823029107, 0.0032088040377, 0.2536686153],
      [6.7879673183e-06, 0.0016496362223, 5.4975000374e-10, 0.96813371444, 0.030209860823],
      [0.035445175457, 0.041440590666, 0.90916637235, 0.0089669544685, 0.0049809070633],
      [0.19838613938, 0.05339667397, 0.2630041605, 0.047096729302, 0.43811629685],
      [0.81243351895, 0.017146689344, 0.1604717794, 0.000140431966, 0.009807580344],
      [0.01286115008, 0.049059692989, 0.01051266412, 0.40631828932, 0.52124820349]
    ],
    [
      [0.0042451033058, 0.74646903249, 0.014524674043, 0.0030467984355, 0.23171439173],
      [4.0779533899e-06, 0.0019821336915, 8.5234619748e-10, 0.96814687515, 0.029866912351],
      [0.015172402873, 0.035469152231, 0.93934821329, 0.0064825885244, 0.0035276430834],
      [0.1109824622, 0.060954438926, 0.380053103, 0.04550335014, 0.40250664573],
      [0.60307198188, 0.029853849738, 0.35276119394, 0.00020637206267, 0.014106602389],
      [0.0077890575003, 0.059182541983, 0.016441893259, 0.41258768865, 0.50399881861]
    ],
    [
      [0.0045689624457, 0.70526473472, 0.018495086784, 0.0041711262354, 0.26750008982],
      [3.2242573355e-06, 0.0013753353824, 7.9730475244e-10, 0.97329001716, 0.025331422399],
      [0.012972134312, 0.026613517051, 0.95012901511, 0.0070499371751, 0.0032353963482],
      [0.10055537094, 0.048468143342, 0.40738993556, 0.052440607132, 0.39114594302],
      [0.56785091363, 0.024670219999, 0.39298264693, 0.00024717898247, 0.014249040454],
      [0.0068060210427, 0.045383531252, 0.016997338713, 0.45848576288, 0.47232734612]
    ],
    [
      [0.0041772416043, 0.72145177414, 0.018056355786, 0.0038993819314, 0.25241524654],
      [3.1510111049e-06, 0.0015033351542, 8.3203489883e-10, 0.9729401259, 0.025553387104],
      [0.012150745571, 0.027883850154, 0.95008451318, 0.0067525248073, 0.0031283662885],
      [0.096006497064, 0.05177962968, 0.41545259562, 0.051215873334, 0.38554540431],
      [0.55077010405, 0.026822529836, 0.40786450061, 0.00024567935318, 0.014297186153],
      [0.0065946711642, 0.049186408436, 0.017586776098, 0.45433451771, 0.47229762659]
    ],
    [
      [0.004141820402, 0.74816389437, 0.0090602603212, 0.0042658550803, 0.23436816983],
      [2.8677359185e-06, 0.0014010617109, 3.8321001642e-10, 0.97685471579, 0.021741354383],
      [0.022676055919, 0.053316747575, 0.90465316507, 0.013899402025, 0.0054546294132],
      [0.12371439648, 0.068227383093, 0.27096809671, 0.072602922892, 0.46448720082],
      [0.69309033578, 0.03399455366, 0.25605186607, 0.00033526036355, 0.016527984126],
      [0.0065287926967, 0.049923339382, 0.008810559568, 0.4961864254, 0.43855088295]
    ],
    [
      [0.0064963057736, 0.70404919019, 0.014075612091, 0.0051856645728, 0.27019322737],
      [3.706538325e-06, 0.0010875011377, 4.9057820498e-10, 0.97825271736, 0.020656074474],
      [0.023473822842, 0.03314561933, 0.92807772795, 0.011151960285, 0.0041508695924],
      [0.14887062174, 0.049318626964, 0.32313417551, 0.067733642838, 0.41094293294],
      [0.70712862186, 0.020869687467, 0.2593157558, 0.00026563101486, 0.012420303857],
      [0.0086810833491, 0.039863066327, 0.0116037674, 0.51127288794, 0.42857919498]
    ],
    [
      [0.0055369194819, 0.60737242543, 0.016550668897, 0.004290127921, 0.36624985827],
      [3.7657886825e-06, 0.0011173658162, 6.8774099248e-10, 0.96551670808, 0.033362159623],
      [0.01716638534, 0.024482625888, 0.94562339192, 0.0079085896873, 0.0048190071646],
      [0.10981614381, 0.036470287145, 0.32733507974, 0.048088819932, 0.47828966937],
      [0.65040830663, 0.018430887703, 0.31369425404, 0.00022523089392, 0.01724132073],
      [0.0069827365057, 0.032411463548, 0.012873943423, 0.39919360189, 0.54853825463]
    ],
    [
      [0.0028608389348, 0.74612460204, 0.010551462743, 0.0046734694193, 0.23578962686],
      [1.8117105382e-06, 0.0012725339448, 4.0817988022e-10, 0.97871927732, 0.020006376612],
      [0.013489024874, 0.045563462326, 0.9231208708, 0.013105049028, 0.0047215929744],
      [0.084440009743, 0.066541175326, 0.31191245506, 0.078110871486, 0.45899548838],
      [0.58621329721, 0.039813801378, 0.35393149898, 0.00043322658451, 0.019608175852],
      [0.0042988796446, 0.047254198657, 0.0097797942539, 0.51803675801, 0.42063036944]
    ],
    [
      [0.0063657829233, 0.76648955155, 0.011748220363, 0.0041271247229, 0.21126932044],
      [4.5618785747e-06, 0.0014772744065, 5.1435599967e-10, 0.97823401617, 0.020284147032],
      [0.027150075908, 0.042297740314, 0.91625330379, 0.010470971024, 0.0038279089642],
      [0.17335985668, 0.063135314139, 0.31943154209, 0.063786908876, 0.38028637821],
      [0.74055410408, 0.023507682877, 0.22560714631, 0.00022016236133, 0.010110904375],
      [0.010588564338, 0.053672952427, 0.012054218044, 0.50648945896, 0.41719480623]
    ],
    [
      [0.0043289701807, 0.73426663012, 0.011863474008, 0.0036596921738, 0.24588123352],
      [3.4747193702e-06, 0.0015922403798, 5.817290554e-10, 0.97197074715, 0.026433537167],
      [0.018549125985, 0.040900202941, 0.92674340074, 0.009331111467, 0.0044761588698],
      [0.11761286172, 0.060757633985, 0.32226988809, 0.056580384949, 0.44277923125],
      [0.65406392957, 0.029851004917, 0.3003013772, 0.00025763826423, 0.015526050052],
      [0.0071581440676, 0.051337848836, 0.012101415092, 0.44660861555, 0.48279397645]
    ],
    [
      [0.00073837512984, 0.83523341461, 0.0086150457156, 0.0028529373375, 0.1525602272],
      [7.6200674856e-07, 0.0021217512603, 5.4313248767e-10, 0.97692070444, 0.020956781746],
      [0.0041193421699, 0.055246830635, 0.92760434006, 0.0094493270002, 0.0035801601312],
      [0.031846240561, 0.098491605929, 0.37166132766, 0.068593891792, 0.42940693406],
      [0.32560736403, 0.079424304785, 0.56996487635, 0.00051432130047, 0.024489133531],
      [0.0017121058436, 0.074938843332, 0.012316902569, 0.48844355022, 0.42258859804]
    ],
    [
      [0.0053947191902, 0.67568123062, 0.011686027012, 0.0054712992681, 0.30176672391],
      [2.9120981306e-06, 0.00097342474117, 3.8550753637e-10, 0.977196479, 0.02182718378],
      [0.022974321196, 0.036892615844, 0.92084064252, 0.013842280896, 0.0054501395433],
      [0.12917083438, 0.047987032645, 0.27735261872, 0.073464669672, 0.47202484459],
      [0.72176118447, 0.021940589963, 0.24058069952, 0.00031146716352, 0.015406058874],
      [0.0067212922606, 0.035159582301, 0.0089787019834, 0.5027679654, 0.44637245805]
    ],
    [
      [0.0037933778029, 0.7502268143, 0.011152921149, 0.003623851669, 0.23120303508],
      [3.0726713871e-06, 0.0015353119351, 5.5210965231e-10, 0.97348871861, 0.024972896233],
      [0.016847767321, 0.040503076396, 0.92876592141, 0.0095553383169, 0.0043278965528],
      [0.11147941843, 0.061762573788, 0.32453922839, 0.059369469601, 0.44284930979],
      [0.66519866779, 0.029102418744, 0.29064761263, 0.00025988556226, 0.01479141527],
      [0.006499218994, 0.050971018281, 0.011782146437, 0.4583245723, 0.47242304398]
    ],
    [
      [0.0041467836929, 0.70230839019, 0.0092555535267, 0.0048517249182, 0.27943754767],
      [2.5218915614e-06, 0.0011307929899, 3.4385574229e-10, 0.97611458573, 0.022752099041],
      [0.021892181543, 0.04722886189, 0.90939117318, 0.015229624023, 0.0062581593643],
      [0.11318132588, 0.056889285972, 0.25279036404, 0.074835746538, 0.50230327757],
      [0.69850948514, 0.029927245735, 0.25234765602, 0.00036515159126, 0.018850461512],
      [0.0056891822306, 0.039959529657, 0.0078320521965, 0.49106206578, 0.45545717014]
    ],
    [
      [0.0044640390125, 0.66546683802, 0.01377512002, 0.0044163390861, 0.31187766386],
      [2.9660690836e-06, 0.0011996250334, 5.5909551169e-10, 0.97104187593, 0.027755532405],
      [0.01662994486, 0.032366956128, 0.93627351462, 0.0097918189621, 0.0049377654335],
      [0.10255449228, 0.046833044668, 0.31705401436, 0.057840020715, 0.47571842797],
      [0.62759812781, 0.025552243687, 0.32803211692, 0.00029242626414, 0.018525085322],
      [0.0060528426928, 0.038309229879, 0.01152265219, 0.44199423478, 0.50212104046]
    ],
    [
      [0.0044425364838, 0.74775792605, 0.013418310396, 0.0040629825949, 0.23031824447],
      [3.226286505e-06, 0.0014804159163, 5.9530134671e-10, 0.97609915934, 0.022417197862],
      [0.016995587217, 0.03752005967, 0.93248624048, 0.0092509191422, 0.0037471934929],
      [0.11763613358, 0.060922045048, 0.35538958506, 0.061328483378, 0.40472375293],
      [0.63324715126, 0.029236027811, 0.32336919578, 0.00027267667836, 0.013874948466],
      [0.0071911278174, 0.051620705129, 0.01339955969, 0.48535979811, 0.44242880925]
    ],
    [
      [0.0029399154679, 0.76452970996, 0.0097734187299, 0.0030975365957, 0.21965941925],
      [2.7837888034e-06, 0.0019034304533, 5.6548729225e-10, 0.97023707988, 0.027856705312],
      [0.015116854021, 0.049739282344, 0.92088205788, 0.0094692217863, 0.0047925839701],
      [0.094505197934, 0.072404234363, 0.31236418239, 0.056219863584, 0.46450652172],
      [0.61447678585, 0.039928710959, 0.32701780971, 0.00028764164898, 0.018289051832],
      [0.0055486129063, 0.059451083787, 0.011376993378, 0.43125810593, 0.492365204]
    ],
    [
      [0.004713339592, 0.70712185794, 0.010891494411, 0.0042280034464, 0.27304530461],
      [3.28000738e-06, 0.0013346951913, 4.6304672936e-10, 0.97320472514, 0.025457299202],
      [0.021613815897, 0.042283390932, 0.91925430764, 0.011530907864, 0.0053175776681],
      [0.12354187683, 0.056386303296, 0.28515852412, 0.062770989683, 0.47214230608],
      [0.69387954272, 0.027339158248, 0.26215994907, 0.00028203931763, 0.016339310645],
      [0.0069567710939, 0.044282535124, 0.0099157830039, 0.46038976781, 0.47845514297]
    ],
    [
      [0.0050095231714, 0.68606960638, 0.019156901246, 0.0052055213988, 0.2845584478],
      [2.844110198e-06, 0.0010670766049, 6.6440789529e-10, 0.97726603294, 0.021664045685],
      [0.013670049826, 0.024671047803, 0.9498999791, 0.0084544860486, 0.0033044372197],
      [0.10403902265, 0.044053570275, 0.39811143048, 0.061645197508, 0.39215077908],
      [0.58473490972, 0.022111209385, 0.37879508357, 0.00028661739142, 0.014072179931],
      [0.0065241765095, 0.038281939846, 0.01539161585, 0.50022728066, 0.43957498713]
    ],
    [
      [0.0027463216532, 0.77583589945, 0.0083991093638, 0.0031196870645, 0.20989898247],
      [2.5844773493e-06, 0.0019505266112, 4.8294003654e-10, 0.97159958515, 0.026447303275],
      [0.015975537844, 0.057942008433, 0.91012220258, 0.010784275317, 0.0051759758242],
      [0.094914899457, 0.079832741935, 0.28918450147, 0.060629799107, 0.47543805803],
      [0.63290060448, 0.044212348751, 0.30380297969, 0.00031133725545, 0.018772729827],
      [0.0052826131316, 0.062397509371, 0.0099636225177, 0.44268908903, 0.47966716595]
    ],
    [
      [0.0038204827337, 0.76643784504, 0.013040449356, 0.0042771314413, 0.21242409143],
      [2.6416592102e-06, 0.0014329241422, 5.5084000959e-10, 0.97889884407, 0.01966558958],
      [0.014963329787, 0.039051008189, 0.93248512979, 0.0099674674758, 0.0035330647556],
      [0.10701296793, 0.065395578391, 0.36520168077, 0.068135817638, 0.39425395528],
      [0.60692464615, 0.032672472005, 0.34603896112, 0.00031548125803, 0.01404843947],
      [0.0062392605213, 0.052965014326, 0.013137407809, 0.51558019906, 0.41207811828]
    ],
    [
      [0.0045529094964, 0.65902865559, 0.017748550569, 0.0048983532422, 0.3137715311],
      [2.7338819177e-06, 0.0010793735954, 6.5105020015e-10, 0.97366965335, 0.025248238525],
      [0.01339634732, 0.025447069375, 0.94865230375, 0.0085782945719, 0.0039259849866],
      [0.094919605432, 0.042310030847, 0.37023445859, 0.058236441657, 0.43429946347],
      [0.57805209574, 0.023010772088, 0.3817737981, 0.00029342548158, 0.016869908591],
      [0.005854780912, 0.036161283959, 0.014080388448, 0.46501879138, 0.4788847553]
    ],
    [
      [0.0044070225532, 0.74829480061, 0.015436032688, 0.0043468714367, 0.22751527272],
      [2.9937079717e-06, 0.0013854785683, 6.4054803082e-10, 0.97790334131, 0.020708185777],
      [0.014761230722, 0.032869079172, 0.94046376067, 0.0086658064793, 0.0032401229606],
      [0.11087437506, 0.057935536421, 0.38876250395, 0.062367054066, 0.38006053051],
      [0.60142497988, 0.028066088056, 0.35708185804, 0.00027990327142, 0.013147170758],
      [0.0069198505917, 0.050101239588, 0.014952605228, 0.50398153118, 0.42404477341]
    ],
    [
      [0.0028244817816, 0.74816701149, 0.01295475847, 0.0038991952237, 0.23215455304],
      [2.1259737096e-06, 0.0014568128393, 5.9571937495e-10, 0.97522064992, 0.023320410676],
      [0.011003713394, 0.036303718197, 0.93984030708, 0.0090301152254, 0.0038221461063],
      [0.079736246965, 0.061210560917, 0.365263967, 0.062084542308, 0.43170468281],
      [0.54645355723, 0.035314534017, 0.40021940424, 0.00033242350564, 0.017680081006],
      [0.0046606918003, 0.050091761609, 0.01318421033, 0.47561858676, 0.4564447495]
    ],
    [
      [0.0031754519672, 0.72146046047, 0.014299110518, 0.0038011001671, 0.25726387688],
      [2.4530797912e-06, 0.0015236997093, 6.7482867768e-10, 0.97184012446, 0.026633722079],
      [0.011525985538, 0.034437962692, 0.94185417761, 0.0082111611875, 0.0039707129733],
      [0.081569750966, 0.057155344492, 0.36716341851, 0.055646186066, 0.43846529996],
      [0.5385097166, 0.033597381931, 0.40918226152, 0.00030301764366, 0.018407622297],
      [0.0050504344469, 0.049065606153, 0.01402996759, 0.44624826292, 0.48560572889]
    ],
    [
      [0.0034332075596, 0.76869084117, 0.013275212729, 0.0035553404718, 0.21104539807],
      [2.8460211957e-06, 0.0017487206497, 6.7226684828e-10, 0.97479091277, 0.023457519887],
      [0.013338199621, 0.039422703814, 0.93552851803, 0.0082215379112, 0.0034890406224],
      [0.097708027883, 0.067783236202, 0.37799662293, 0.057726414255, 0.39878569873],
      [0.57296177155, 0.03558839569, 0.37620322387, 0.00028073567693, 0.014965873209],
      [0.0061600985115, 0.059190841958, 0.014694821797, 0.47075665046, 0.44919758728]
    ],
    [
      [0.0070044658717, 0.69227416234, 0.017212049241, 0.0062066514486, 0.2773026711],
      [3.3444112121e-06, 0.0008870794131, 5.0208004415e-10, 0.98138602044, 0.017723555232],
      [0.020940585531, 0.026730224737, 0.93776982579, 0.011039970968, 0.0035193929696],
      [0.14537654116, 0.043440799833, 0.35674734447, 0.073224425268, 0.38121088926],
      [0.68873134422, 0.018075116681, 0.28159994332, 0.00028243131818, 0.011311164463],
      [0.0083946851077, 0.034861529929, 0.012725052488, 0.54916877069, 0.39484996179]
    ],
    [
      [0.0058615425999, 0.74051433901, 0.0092840418315, 0.0059834058668, 0.23835667069],
      [2.8916904801e-06, 0.00089190373702, 2.7972351983e-10, 0.98345957148, 0.01564563281],
      [0.029977209249, 0.044633176949, 0.90206191535, 0.01819244591, 0.0051352525445],
      [0.16116832725, 0.055961457853, 0.25697824404, 0.092881687147, 0.43301028371],
      [0.76819078527, 0.022506448279, 0.19663401042, 0.00034732603592, 0.012321430001],
      [0.007635084327, 0.037063956318, 0.0074585293515, 0.57688134746, 0.37096108255]
    ],
    [
      [0.0028589166448, 0.5414449978, 0.012706005321, 0.0037410683301, 0.4392490119],
      [2.1971861008e-06, 0.0010880643658, 5.9646579168e-10, 0.95380927501, 0.045100462837],
      [0.011452034003, 0.027316009307, 0.94486660675, 0.0089140987002, 0.0074512512436],
      [0.059066611061, 0.032944896421, 0.26338773158, 0.043849308148, 0.60075145279],
      [0.54142555771, 0.026223094458, 0.3980179717, 0.00032382044982, 0.034009555685],
      [0.0034357536239, 0.026678026281, 0.0094189127955, 0.33216946976, 0.62829783754]
    ],
    [
      [0.0042358694773, 0.7281734863, 0.012179837655, 0.003641862777, 0.25176894379],
      [3.4187489456e-06, 0.0016313431044, 6.0051103756e-10, 0.97108416598, 0.027281071564],
      [0.017838337653, 0.04093268269, 0.92757938679, 0.0091302879108, 0.0045193049539],
      [0.1129047725, 0.060874267673, 0.32493895099, 0.05546437394, 0.44581763489],
      [0.63822191087, 0.031060783224, 0.31416333473, 0.00026203998214, 0.016291931192],
      [0.0069410218965, 0.051761801059, 0.012313285756, 0.44018085426, 0.48880303703]
    ],
    [
      [0.0043568763465, 0.60091176285, 0.010624970022, 0.0030784609569, 0.38102792983],
      [4.0287401055e-06, 0.0013112494486, 5.9985397204e-10, 0.95258219682, 0.046102524395],
      [0.018775808606, 0.0294577731, 0.93712242295, 0.0078709426726, 0.0067730526697],
      [0.10030296871, 0.036120971423, 0.24809020066, 0.039272551082, 0.57621330813],
      [0.7068807578, 0.019313340979, 0.25245691592, 0.00019542902774, 0.021153556276],
      [0.0060180485903, 0.030851842536, 0.0090472917042, 0.31514819286, 0.63893462431]
    ]
  ],
  "expected_outcome": [
    [
      [0.09103410053, 0.060237399814, 0.27593171488, 0.27870670919, 0.22557104663, 0.074552767237, 0.1234298097, 0.1218122286, 0.051495100826, 0.095486743849, 0.077921463252, 0.0036918756492, 0.070131349473, 0.022760266817, 0.045614620622, 0.098208858275, 0.11106341209, 0.020579408275, 0.11312015021, 0.16531426466, 0.041194824798, 0.076409654674, 0.11837564691, 0.11458258638, 0.022595854253, 0.095263559017, 0.1270286797, 0.098062522203, 0.0234461704, 0.025730249803, 0.49983259833, 0.021784381732],
      [17.6154446349, 5.8048848222, 48.5204871116, 43.0211488178, 38.9583958034, 13.4669500987, 13.3769346137, 13.3621933595, 13.4302428367, 11.4973432733, 13.2167993422, 4.1761670731, 8.7838559981, 4.5013608858, 7.7253922921, 14.6402704365, 18.6939481514, 5.3517079697, 16.9709245906, 22.6402970107, 11.6375384917, 15.3287569008, 17.1347450454, 19.4556648158, 5.9853360919, 21.6438138141, 28.4415611234, 9.6918382727, 2.962057356, 4.8730049802, 85.9244713831, 3.0045588142],
      [0.19725133541, 0.079858423286, 0.94410381279, 1.1282002938, 0.97504321244, 0.16308468578, 0.26743662973, 0.36411471574, 0.18992632937, 0.17622330545, 0.21354253215, 0.043075228578, 0.15191835116, 0.066917526896, 0.10181108879, 0.30305264045, 0.3354577599, 0.068413931109, 0.26139586587, 0.63217774111, 0.12598664046, 0.26080898711, 0.46146231478, 0.4013368499, 0.10363806776, 0.42897331555, 0.49118287098, 0.24096868937, 0.037136167326, 0.11435404789, 1.4372208433, 0.053124850111],
      [0.072788579758, 0.025670432302, 0.1980418983, 0.25443870036, 0.2105666243, 0.076785391445, 0.098527626884, 0.094382814262, 0.084122449547, 0.061906870844, 0.065874459128, 0.014264686688, 0.071126890485, 0.021743110014, 0.0533689741, 0.097159459894, 0.10157456487, 0.02168275617, 0.10147208271, 0.17178220616, 0.046795305968, 0.085542628827, 0.1273571843, 0.11301865735, 0.031193561789, 0.11403300501, 0.13154759746, 0.08689312028, 0.023933623467, 0.033669614971, 0.42973980769, 0.015392304785],
      [5.0234813494, 2.0293489224, 15.0614354625, 16.3175054789, 13.6304233132, 4.2186270569, 5.13367132, 8.0574968819, 4.2442132835, 3.1690398066, 4.4258622033, 0.76280113602, 3.9229674108, 1.3872182105, 3.0738130244, 6.8613086049, 5.7579561118, 1.5376159347, 6.5530873106, 9.3904287774, 3.1484847371, 4.2484818286, 8.1580598086, 5.9153970906, 1.8572364243, 7.7179163064, 7.8086797285, 3.8822373954, 0.95342668277, 3.9532411071, 29.7087353676, 1.9051396491]
    ],
    [
      [0.0022285495995, 0.00051588551619, 0.0020797562288, 0.0021344583561, 0.0015502974636, 0.0018668960829, 0.0030430679649, 0.0021766258585, 0.0016178575106, 0.0032024387595, 0.0017721068788, 0.00019278770738, 0.0023122059157, 0.00088492935948, 0.0017678459845, 0.001346595364, 0.0017744575777, 0.002110111913, 0.0023878453726, 0.0020164741304, 0.0015946225245, 0.0011227051643, 0.001030673483, 0.000951999135, 0.00034015579354, 0.0010450119911, 0.0016962286326, 0.0011638551018, 0.00032097764329, 0.00046800063948, 0.0065024604946, 0.00031424172823],
      [1.169694299, 0.12537235289, 1.0108881827, 0.91047202314, 0.73964089589, 0.91209117379, 0.89283843408, 0.64583744177, 1.1363728127, 1.0370466333, 0.81204259369, 0.53680306884, 0.77289924449, 0.44216983732, 0.79268588592, 0.54462976514, 0.81422875397, 1.4428002836, 0.97165809926, 0.75655731291, 1.2034749191, 0.60899276046, 0.40692384545, 0.44058218473, 0.23309005429, 0.64909607617, 1.0422375072, 0.30870363576, 0.09900131481, 0.23175770992, 3.1028145846, 0.10227745699],
      [2.9494906915e-07, 4.1781000284e-08, 4.3469656071e-07, 5.2781574612e-07, 4.0936117022e-07, 2.4946972069e-07, 4.0276470629e-07, 3.9751429365e-07, 3.6450463304e-07, 3.6107791177e-07, 2.9668181825e-07, 1.3741251938e-07, 3.0609298388e-07, 1.5900757987e-07, 2.4104287535e-07, 2.5382936231e-07, 3.2741574069e-07, 4.2863936753e-07, 3.3709801897e-07, 4.7106519776e-07, 2.9797400255e-07, 2.3410700408e-07, 2.4544592546e-07, 2.036942738e-07, 9.5315099993e-08, 2.8747701669e-07, 4.0067104157e-07, 1.7472385536e-07, 3.1049310701e-08, 1.2704721363e-07, 1.1421719934e-06, 4.6788609819e-08],
      [589.3631854002, 73.5781622972, 493.7549063273, 644.3179913625, 478.6865419424, 635.9324199776, 803.145480952, 558.0686572728, 873.9963146504, 686.7202793507, 495.7050810476, 247.1609382243, 775.8940043221, 280.3647509593, 684.2563245991, 440.8530116739, 536.8545376369, 735.4397065494, 708.4930398995, 692.8816173512, 599.4769440394, 416.032008729, 367.0734593119, 310.9732625353, 156.0353039864, 414.0038930188, 580.9753840109, 341.5223351138, 109.1640124346, 203.1613755781, 1847.0020836971, 74.3014113517],
      [16.4648914562, 2.2959494226, 15.2321252992, 16.7694016282, 12.5722664549, 14.1536217031, 16.9586371432, 19.283328262, 17.8656943149, 14.2394712162, 13.4811039552, 5.3020657817, 17.3307839214, 7.192194115, 15.949221428, 12.6010117118, 12.3294588241, 21.1153826265, 18.5329138187, 15.3598083907, 16.317986121, 8.3578755713, 9.5185859238, 6.5852030771, 3.7312657082, 11.3459656055, 13.9806818526, 6.1677972206, 1.7366652419, 9.6063985843, 51.8885981157, 3.5959969028]
    ],
    [
      [0.79841335563, 0.28356140366, 2.3668948481, 2.1533742958, 1.9684207825, 1.133802796, 1.1267434964, 0.49782517487, 0.28326952236, 1.2489034918, 0.98310367719, 0.032954737359, 0.5973323511, 0.30325981179, 0.35027490468, 0.78160740844, 1.3426513901, 0.61979101487, 0.58357302921, 1.0525938366, 0.2875596812, 0.77809314894, 1.0717077856, 0.91519630475, 0.1760594143, 1.1180205971, 1.373834561, 1.2773757174, 0.14988604625, 0.17178051004, 3.4427991671, 0.11265485163],
      [2.0169503792, 0.33152472533, 5.5331877481, 4.4178438304, 4.517183725, 2.6658373788, 1.5909897278, 0.70999615074, 0.95683270885, 1.9456960544, 2.1677107559, 0.44197464508, 0.95920801193, 0.72905537513, 0.75566179025, 1.521246938, 2.9640847139, 2.0393105761, 1.1416515552, 1.8996706808, 1.0429561518, 2.0306524258, 2.03576555, 2.0378829086, 0.58085949115, 3.3404823811, 4.0605384928, 1.630543709, 0.22316588474, 0.40974013961, 7.9000077591, 0.1767466386],
      [31.6174535627, 7.2733309788, 146.538321273, 157.7214165089, 153.913691135, 45.2326582533, 44.5477309416, 27.4230783657, 19.3855382867, 42.1476519743, 49.1174002391, 7.4208347205, 23.9418567055, 16.7177865854, 14.5502587709, 44.004855187, 73.6664129978, 37.756164373, 24.8198663062, 73.1422983909, 16.3821996465, 48.4892267492, 75.8921842997, 58.3087531613, 15.0374449132, 91.3598552281, 96.3594373573, 57.2039593735, 4.5103095767, 14.1729991012, 179.0228216509, 5.6227345377],
      [0.37999031551, 0.071735635748, 1.0112838098, 1.1702895711, 1.0939090188, 0.69497010127, 0.53529409369, 0.22934910093, 0.27520602958, 0.48166466711, 0.49454890775, 0.075594616002, 0.3598993033, 0.1719960897, 0.24367398436, 0.46021549122, 0.73082261224, 0.38823809324, 0.31133451234, 0.65099542574, 0.1941169557, 0.51830830874, 0.68626356576, 0.53728000172, 0.14448184361, 0.79648263519, 0.84681840486, 0.67343822903, 0.090962229548, 0.1337114805, 1.7621455668, 0.047225656035],
      [0.18719238696, 0.039847256506, 0.550312321, 0.53707579381, 0.50679533874, 0.27273147066, 0.19924174044, 0.13975120777, 0.099153452462, 0.17608381235, 0.2372364201, 0.02864128105, 0.14170362813, 0.07790213795, 0.10013054983, 0.23207497538, 0.29602828594, 0.19649594278, 0.14357459704, 0.25444166592, 0.093167564836, 0.18371936729, 0.31407879893, 0.20088762356, 0.061154337701, 0.38515915841, 0.35937118411, 0.21468297114, 0.025676262723, 0.11176876865, 0.87222585611, 0.040638316018]
    ],
    [
      [4.5614321663, 2.1822475331, 14.9826323968, 11.1616461747, 14.2089615655, 6.0620054277, 6.1036954915, 2.6355874513, 1.4354801656, 5.7208752706, 6.5863202565, 0.38215488674, 2.1959041844, 1.1147941843, 3.0558957988, 4.6149521526, 8.9403461517, 2.7406507401, 4.4475075657, 6.554458427, 1.9932128886, 3.5314279416, 6.4545331694, 7.982955004, 2.232614915, 5.9545918205, 6.7418539239, 6.1058147288, 4.6738814903, 1.949198165, 13.5485726999, 0],
      [2.7060864449, 0.58736341368, 8.228849255, 5.379963911, 7.6633851926, 3.3431417715, 2.0220637055, 0.87528689148, 1.1311999806, 2.0834653666, 3.4024275032, 1.1818992712, 0.81577955497, 0.61762573788, 1.5360107212, 2.1074870101, 4.6300754237, 2.0997227965, 2.0299069186, 2.7753749273, 1.6764875806, 2.1580540869, 2.8770820976, 4.1713586223, 1.7138957057, 4.1723401479, 4.6770432979, 1.824513593, 1.6228822777, 1.0871815819, 7.3049121208, 0],
      [9.9176922182, 2.8930457655, 51.3071689052, 45.2202828474, 61.486984151, 13.2774367389, 13.248501196, 7.8560419139, 5.302511736, 10.541240889, 18.0471137332, 4.4599359319, 4.7149945182, 3.2453922839, 6.825339829, 14.2674306463, 27.0096084649, 9.0585612894, 10.2657068682, 25.0810201205, 6.0728745308, 12.0516554653, 25.1759431845, 27.9909002841, 10.2273910761, 26.8029295514, 26.0817669825, 14.9833884679, 7.4523690772, 8.691795142, 38.9926741192, 0],
      [2.0812330167, 0.51806402232, 6.1429522689, 5.8209073916, 7.5799492534, 3.5575432217, 2.7770793563, 1.1541316784, 1.3278848153, 2.1049679929, 3.1685015571, 0.8231267015, 1.2488993844, 0.59369469601, 2.0205651565, 2.6028009322, 4.6609647367, 1.6303760439, 2.2597556286, 3.883647443, 1.2732257812, 2.2484819821, 3.9600780327, 4.4904278928, 1.7383671846, 4.0621715828, 3.9831225836, 3.0754258613, 2.6935689273, 1.4470271689, 6.6557248728, 0],
      [16.733556154, 4.8192792653, 54.338397174, 43.4171996754, 57.0607198374, 22.7598728401, 16.8486602506, 11.4789520649, 7.8029233025, 12.549450481, 24.79563695, 5.1528832087, 8.024422358, 4.4284930979, 13.5621884944, 21.4073292588, 30.759005223, 13.47068913, 16.9971230189, 24.7054990822, 9.9841992187, 13.0103805242, 29.5323635159, 27.3643581968, 12.0877311186, 32.0079668974, 27.5162132121, 16.0108573491, 12.5572982275, 19.8247979422, 53.4981161874, 0]
    ],
    [
      [38.0264220696, 3.2497340758, 45.2303986407, 44.8602221769, 57.2800908214, 20.7927100733, 24.7495017652, 5.203266453, 7.0345595665, 9.627203353, 12.4272146619, 1.3024294561, 2.8870447379, 2.6607946712, 5.5880758811, 22.5935326011, 18.3641673866, 3.6868607151, 6.2449158845, 20.4657218402, 3.1645030224, 12.138492923, 20.2318233508, 21.0498742956, 3.2787213434, 14.0012526317, 24.0643944053, 11.0197015075, 5.3773354969, 7.0385322502, 61.2693034439, 3.534403789],
      [2.0211526318, 0.068586757375, 2.2390387303, 1.9489473799, 2.789543103, 1.0198366098, 0.73043906136, 0.14744710163, 0.47776561654, 0.30559987741, 0.56716909342, 0.31769721914, 0.087762359853, 0.11640967498, 0.23941796588, 0.91988077272, 0.84784480651, 0.23957226575, 0.24605242423, 0.77389232847, 0.22106174375, 0.65344944009, 0.80537702309, 0.98231308196, 0.2118872041, 0.87353193021, 1.494712619, 0.28920186689, 0.15754513795, 0.34090022796, 2.9818351895, 0.096566704894],
      [14.0465576553, 0.64188711758, 26.4570895451, 31.0456291077, 42.417908063, 7.6815559822, 9.0760514529, 2.5095540324, 4.2471779877, 2.932892902, 5.7057261667, 2.2798595054, 0.9623227981, 1.1625904505, 2.0187812482, 11.809156209, 9.3777066777, 1.9621068582, 2.3594395416, 13.257827925, 1.5190148984, 6.9207792224, 13.3620829336, 12.4978650314, 2.4013164255, 10.6387387996, 15.8005354025, 4.5055990931, 1.3764380729, 5.1742336321, 30.1596801338, 1.2622845796],
      [0.014404721212, 0.00056172786401, 0.0154779047, 0.019527139615, 0.025550652731, 0.010057810906, 0.0092970855203, 0.0018018471513, 0.0051987190141, 0.0028621106973, 0.0048951270204, 0.0020572852019, 0.0012458686541, 0.001039542249, 0.0029212127301, 0.010527345509, 0.0079076236726, 0.0017258498939, 0.0025383538586, 0.0100316087, 0.0015566862773, 0.0063096251606, 0.010269891855, 0.0097966144996, 0.0019945410338, 0.0078784587352, 0.011790898431, 0.0045189010909, 0.0024312822515, 0.0042096658477, 0.025155838285, 0.00097714513869],
      [0.89146292214, 0.039230321376, 1.0579951792, 1.1256741958, 1.4869073599, 0.49583952377, 0.43471063499, 0.13793056584, 0.23529811022, 0.13144175688, 0.29499495099, 0.097956534126, 0.061624235494, 0.059165661082, 0.1508036921, 0.66690307158, 0.40237350551, 0.10973431099, 0.14705379581, 0.49252629759, 0.093863649136, 0.2809687894, 0.59044680067, 0.46015097653, 0.10608048603, 0.47859817973, 0.62856667476, 0.18097863141, 0.086250010008, 0.44212422391, 1.5640253945, 0.10576778138]
    ],
    [
      [0.38489194803, 0.11575035072, 1.012577475, 1.1297994931, 1.1672567961, 0.44395790337, 0.60767583444, 0.45387787287, 0.3181170937, 0.77296519665, 0.37222349151, 0.034242116872, 0.47049045824, 0.18847735083, 0.28445911153, 0.40554046042, 0.46023218031, 0.31627093566, 0.42436303673, 0.69808688651, 0.28526110911, 0.39307341284, 0.42739900658, 0.44979028846, 0.13049937041, 0.32827823905, 0.5913694571, 0.46170768092, 0.099256096251, 0.11681562321, 1.6241991238, 0.066198534493],
      [3.1615631326, 0.4415372369, 7.6937304578, 7.5336661878, 8.7059942932, 3.394787078, 2.7904146429, 2.1067451306, 3.4968107007, 3.9181255272, 2.6695681395, 1.4987768666, 2.4611707611, 1.4781595301, 1.9979764829, 2.5667184019, 3.3037251283, 3.3887117758, 2.7012346426, 4.0961675635, 3.369465506, 3.3367959026, 2.639773729, 3.2565805733, 1.4025693251, 3.1892644, 5.682320828, 1.9173841461, 0.48183143214, 0.90705289356, 12.1122614478, 0.3393702679],
      [0.51450475312, 0.094613977083, 2.1374461236, 2.8215582263, 3.1128593693, 0.59911805063, 0.81226371801, 0.8368063225, 0.72370477479, 0.87995791722, 0.6292735848, 0.24633805139, 0.62850913884, 0.34168224668, 0.39160260982, 0.77201769673, 0.85757182014, 0.64848862252, 0.60486276324, 1.6469028959, 0.53803561596, 0.82765669194, 1.0278683567, 0.9719193398, 0.36915788924, 0.91194789337, 1.4107028925, 0.69987788683, 0.09696088157, 0.32024303505, 2.8813088668, 0.099520208746],
      [22.7108891402, 3.6568646038, 53.6363995243, 76.1086366375, 80.4172096343, 33.7406769271, 35.7891021557, 25.9475841229, 38.3347200926, 36.9737305038, 23.2236480086, 9.7688710043, 35.193757578, 13.2914125968, 24.553103289, 29.61361373, 31.0630270791, 24.5817120381, 28.0837758363, 53.5243190308, 23.9052108077, 32.4815525408, 33.9463717707, 32.7587995268, 13.3173204292, 29.0061370895, 45.1926384438, 30.2042823878, 7.4994575169, 11.2937619719, 103.0023198963, 3.4666301215],
      [25.228151026, 4.6912338314, 65.5198464193, 78.4063394552, 83.5966799071, 29.8214600409, 30.0005436489, 35.6549865511, 31.1266473383, 30.4552208551, 25.1052867756, 8.4517719608, 31.2460720638, 13.7002682755, 22.7728585068, 33.642109711, 28.3154437922, 28.0648166279, 29.1857637211, 47.0345236232, 25.9020269612, 25.9609214519, 34.958587137, 27.5629102716, 12.7804529861, 31.5643723781, 43.1229683786, 21.7167478984, 4.8224940731, 21.3621264763, 114.3799106653, 7.0282808674]
    ]
  ],
  "prob": [
    [0.0043915263061, 0.72024058171, 0.014084581769, 0.0041132061658, 0.25717010405],
    [3.1486489716e-06, 0.0014423142223, 6.1688820503e-10, 0.97377689069, 0.024777645823],
    [0.016177759366, 0.035633123445, 0.93512421064, 0.0090218898723, 0.0040430166811],
    [0.10920429645, 0.056575003823, 0.35057819227, 0.058519717321, 0.42512279014],
    [0.6151438993, 0.028962608478, 0.34000619303, 0.00027733138822, 0.0156099678],
    [0.0067325364526, 0.048181923138, 0.013322115902, 0.46503105558, 0.46673236893]
  ],
  "iterations": 188,
  "time": 0.000418,
  "message": "Converged",
  "status": 0,
  "miniter": 0,
  "maxiter": 1000,
  "maxtime": 3600,
  "param_threshold": 0.001,
  "ll_threshold": "-Inf",
  "initial_prob": "random",
  "adjust_prob_cond_method": "",
  "adjust_prob_cond_every": false,
  "candidates_id": ["SETTLE, Herbert Bruce.c", "ABEL, Stephen.c", "TAYLOR, Sylvia Rina.c", "FIELD, Taito Phillip Hans.c", "Other candidates votes.c"],
  "group_id": ["Green Party.p", "Labour Party.p", "National Party.p", "NZ First.p", "United Future.p", "Other parties votes.p"]
}
