{
  "X": [
    [39, 139, 187, 617, 59],
    [19, 19, 127, 212, 9],
    [6, 11, 74, 92, 6],
    [22, 20, 136, 273, 9],
    [11, 13, 122, 230, 18],
    [18, 10, 99, 132, 17],
    [7, 5, 10, 212, 13],
    [3, 1, 5, 53, 5],
    [2, 5, 9, 125, 10],
    [3, 2, 8, 96, 6],
    [12, 9, 44, 173, 26],
    [0, 2, 6, 68, 5],
    [5, 10, 15, 134, 13],
    [15, 8, 28, 134, 15],
    [0, 1, 3, 55, 6],
    [3, 4, 3, 82, 9],
    [0, 2, 6, 60, 5],
    [20, 54, 104, 326, 31],
    [53, 146, 235, 822, 61],
    [1, 10, 10, 77, 4],
    [3, 27, 31, 64, 18],
    [50, 33, 191, 561, 33],
    [32, 21, 157, 316, 37],
    [32, 30, 143, 416, 35],
    [29, 44, 147, 435, 38],
    [14, 17, 79, 164, 26],
    [13, 1, 10, 225, 14],
    [5, 4, 5, 85, 10],
    [4, 2, 15, 88, 7],
    [6, 23, 191, 105, 25],
    [2, 1, 7, 55, 1],
    [8, 17, 41, 112, 5],
    [1, 5, 12, 66, 10],
    [15, 26, 73, 260, 13],
    [0, 1, 0, 23, 1],
    [7, 9, 19, 218, 16],
    [5, 0, 7, 53, 2],
    [22, 14, 58, 209, 21],
    [12, 6, 15, 83, 29],
    [1, 0, 6, 59, 6],
    [6, 6, 5, 86, 7],
    [35, 37, 255, 266, 44],
    [26, 39, 216, 332, 28],
    [26, 32, 227, 329, 28],
    [12, 9, 21, 194, 16],
    [12, 11, 68, 137, 28],
    [6, 12, 43, 48, 13],
    [3, 4, 5, 94, 10],
    [3, 0, 5, 82, 17],
    [29, 12, 72, 317, 64],
    [19, 15, 81, 248, 21],
    [7, 2, 14, 91, 5],
    [28, 176, 211, 601, 62],
    [9, 43, 63, 153, 13],
    [18, 5, 23, 296, 22],
    [8, 10, 39, 86, 5],
    [0, 1, 24, 34, 7],
    [7, 17, 37, 64, 10],
    [26, 17, 101, 388, 20],
    [43, 64, 128, 556, 98],
    [19, 22, 41, 200, 28],
    [29, 26, 62, 154, 13],
    [9, 3, 20, 123, 12],
    [9, 3, 19, 169, 23],
    [4, 3, 6, 104, 14],
    [12, 3, 12, 82, 11],
    [3, 1, 4, 67, 2],
    [15, 11, 8, 91, 5],
    [3, 3, 5, 69, 1],
    [4, 2, 8, 78, 7],
    [24, 11, 64, 291, 26],
    [23, 22, 101, 575, 44],
    [335, 568, 1649, 5750, 427],
    [22, 109, 136, 400, 46],
    [67, 279, 406, 1214, 123],
    [2, 68, 58, 222, 14]
  ],
  "W": [
    [34, 156, 114, 667, 37, 33],
    [24, 15, 102, 206, 29, 10],
    [5, 12, 51, 94, 20, 7],
    [37, 29, 102, 264, 22, 6],
    [13, 14, 102, 226, 26, 13],
    [18, 13, 77, 132, 30, 6],
    [19, 2, 8, 202, 11, 5],
    [1, 2, 1, 55, 5, 3],
    [3, 7, 4, 128, 3, 6],
    [7, 3, 7, 94, 2, 2],
    [20, 9, 39, 176, 16, 4],
    [2, 2, 2, 71, 4, 0],
    [7, 7, 14, 135, 7, 7],
    [12, 10, 20, 139, 11, 8],
    [2, 1, 3, 54, 2, 3],
    [1, 2, 4, 82, 6, 6],
    [2, 3, 4, 61, 1, 2],
    [22, 66, 58, 353, 18, 18],
    [51, 157, 140, 868, 62, 39],
    [6, 8, 6, 73, 5, 4],
    [10, 35, 16, 62, 9, 11],
    [61, 36, 157, 540, 56, 18],
    [44, 26, 136, 284, 61, 12],
    [33, 28, 120, 395, 53, 27],
    [35, 39, 123, 426, 53, 17],
    [15, 19, 77, 159, 24, 6],
    [18, 4, 5, 216, 13, 7],
    [4, 2, 5, 87, 6, 5],
    [7, 4, 12, 85, 3, 5],
    [3, 27, 155, 98, 47, 20],
    [6, 0, 3, 53, 4, 0],
    [8, 9, 29, 108, 17, 12],
    [0, 8, 4, 69, 6, 7],
    [15, 23, 57, 255, 26, 11],
    [0, 0, 0, 24, 0, 1],
    [12, 7, 17, 218, 6, 9],
    [2, 2, 8, 52, 3, 0],
    [32, 23, 42, 198, 19, 10],
    [6, 14, 16, 81, 16, 12],
    [4, 1, 3, 62, 0, 2],
    [10, 5, 2, 91, 1, 1],
    [26, 34, 205, 247, 104, 21],
    [33, 29, 182, 322, 54, 21],
    [34, 29, 178, 325, 59, 17],
    [15, 6, 26, 189, 8, 8],
    [9, 10, 51, 139, 32, 15],
    [8, 6, 39, 50, 11, 8],
    [4, 3, 5, 100, 1, 3],
    [13, 1, 3, 77, 7, 6],
    [42, 13, 53, 316, 53, 17],
    [34, 13, 58, 248, 23, 8],
    [8, 4, 9, 91, 4, 3],
    [27, 210, 118, 640, 41, 42],
    [9, 47, 45, 163, 9, 8],
    [32, 6, 20, 292, 12, 2],
    [7, 8, 33, 85, 9, 6],
    [1, 6, 15, 29, 6, 9],
    [9, 12, 29, 67, 12, 6],
    [46, 15, 71, 370, 38, 12],
    [56, 99, 82, 557, 54, 41],
    [27, 16, 30, 202, 23, 12],
    [19, 17, 56, 157, 27, 8],
    [10, 3, 20, 122, 8, 4],
    [22, 1, 14, 172, 10, 4],
    [7, 3, 6, 106, 5, 4],
    [12, 5, 6, 79, 11, 7],
    [3, 0, 1, 63, 8, 2],
    [8, 7, 6, 98, 10, 1],
    [6, 4, 3, 67, 0, 1],
    [7, 5, 2, 77, 6, 2],
    [20, 16, 55, 295, 18, 12],
    [37, 17, 79, 567, 48, 17],
    [410, 680, 1179, 5739, 482, 239],
    [26, 101, 117, 394, 42, 33],
    [73, 274, 299, 1238, 128, 77],
    [7, 77, 34, 229, 3, 14]
  ],
  "method": "mvn_pdf",
  "cond_prob": [
    [
      [0.35054330105, 0.00019790760616, 0.029940484155, 0.61931830719, 1.5219847801e-37],
      [1.669141692e-05, 0.74466498229, 0.25398357546, 0.0013347508372, 6.6427341692e-39],
      [0.013337412824, 0.025392533813, 0.95411782322, 0.0071522301444, 1.9951319899e-39],
      [0.031755845974, 0.019624133903, 0.019275119294, 0.92934490083, 2.7322598569e-37],
      [0.22309541254, 0.016206891531, 0.54762218917, 0.21307550677, 4.8336314869e-37],
      [0.0075553690538, 0.30103170252, 0.23344245651, 0.45797047192, 8.4585120204e-37]
    ],
    [
      [0.30066095467, 0.00016615524822, 0.031587867984, 0.6675850221, 1.3877026619e-37],
      [1.5146219738e-05, 0.71069209519, 0.28776509931, 0.0015276592845, 6.4688443005e-39],
      [0.010707652162, 0.020200238662, 0.96186708804, 0.0072250211343, 1.716978595e-39],
      [0.025325037914, 0.015456689584, 0.019040648255, 0.94017762425, 2.3347182216e-37],
      [0.18797338216, 0.013437908535, 0.57326083764, 0.22532787167, 4.3424256854e-37],
      [0.0063967789703, 0.25711601543, 0.24590478511, 0.49058242049, 7.6789938259e-37]
    ],
    [
      [0.24195281589, 0.00014774138026, 0.048994243811, 0.70890519891, 1.732676624e-37],
      [1.0886068661e-05, 0.58917636353, 0.40935599398, 0.00145675642, 7.3328226178e-39],
      [0.0054560377053, 0.011582468403, 0.97809645164, 0.0048650422526, 1.3733897975e-39],
      [0.018859930136, 0.012917217267, 0.027707789932, 0.94051506266, 2.7397025186e-37],
      [0.11521861452, 0.0092155013821, 0.69331059309, 0.18225529101, 4.1624525522e-37],
      [0.0044523210249, 0.2026167736, 0.3371105982, 0.45582030718, 8.422316052e-37]
    ],
    [
      [0.28912756791, 8.7507450367e-05, 0.03594964772, 0.67483527692, 1.3289873354e-37],
      [2.110142348e-05, 0.52371479089, 0.4740317447, 0.0022323629906, 8.9528963625e-39],
      [0.0091769232069, 0.0094606059416, 0.97485939808, 0.0065030727729, 1.4618506417e-39],
      [0.024333924373, 0.0080996592823, 0.021586484536, 0.94597993181, 2.226627303e-37],
      [0.16911253709, 0.0066215714283, 0.61102630885, 0.21323958264, 3.8900675959e-37],
      [0.0067388012029, 0.14575733789, 0.305733113, 0.54177074791, 8.0298581662e-37]
    ],
    [
      [0.20613491389, 9.1233590115e-05, 0.028470352234, 0.76530350029, 1.5682375282e-37],
      [1.6197257463e-05, 0.59437856386, 0.4028854662, 0.0027197726821, 1.1357661512e-38],
      [0.0082521695164, 0.012390847654, 0.97008667082, 0.0092703120066, 2.171751069e-39],
      [0.015545412453, 0.0075687728089, 0.015317595249, 0.96156821949, 2.3543295945e-37],
      [0.1416828049, 0.0080869348908, 0.56677772139, 0.28345253882, 5.3845606691e-37],
      [0.0047444413922, 0.15029248076, 0.23860004356, 0.60636303429, 9.3498714217e-37]
    ],
    [
      [0.37607398369, 8.3398511606e-05, 0.030596794097, 0.59324582371, 1.5642801462e-37],
      [2.9438129174e-05, 0.55933528782, 0.43851333442, 0.0021219396301, 1.1451344547e-38],
      [0.013751407288, 0.010505897148, 0.9691184731, 0.0066242224676, 2.0039618056e-39],
      [0.03512846605, 0.0086708792525, 0.020607923319, 0.93559273138, 2.943783353e-37],
      [0.2350789739, 0.0067628911716, 0.55788519351, 0.20027294141, 4.9060920165e-37],
      [0.0097844478024, 0.15840456713, 0.29405277735, 0.53775820772, 1.0682760729e-36]
    ],
    [
      [0.15299218106, 0.00010884182997, 0.0086201363842, 0.83827884072, 1.5472811251e-37],
      [1.2535945466e-05, 0.86853939288, 0.12834012226, 0.0031079489119, 1.1663688991e-38],
      [0.017800434281, 0.043214416369, 0.90959906357, 0.029386085774, 6.1991000416e-39],
      [0.010710719092, 0.0083918780241, 0.004299903131, 0.97659749975, 2.1541342407e-37],
      [0.17627981993, 0.016084933573, 0.29090744008, 0.51672780642, 8.8300103624e-37],
      [0.0037987196252, 0.20175529509, 0.078041694918, 0.71640429036, 9.9385335087e-37]
    ],
    [
      [0.3052446069, 3.074993141e-05, 0.016664139395, 0.67806050377, 1.4689195209e-37],
      [4.150675802e-05, 0.47888377723, 0.51645579576, 0.0046189202526, 2.0885810778e-38],
      [0.01417247236, 0.0055273657418, 0.97011756407, 0.010182597827, 2.560035154e-39],
      [0.022825824428, 0.002854570648, 0.0098955010686, 0.96442410386, 2.4836388141e-37],
      [0.24771342803, 0.0033207331021, 0.45238155357, 0.29658428531, 6.0076974256e-37],
      [0.0083974951584, 0.068045866011, 0.19724386569, 0.72631277315, 1.1867978877e-36]
    ],
    [
      [0.13784803373, 6.5330513623e-05, 0.017220215983, 0.84486641978, 1.6986215724e-37],
      [1.4582981649e-05, 0.63820945183, 0.35768113289, 0.0040948322962, 1.690439975e-38],
      [0.0076199553653, 0.012877385988, 0.96525887116, 0.014243787492, 3.2899604297e-39],
      [0.0093974821594, 0.0049847364458, 0.008506508156, 0.97711127324, 2.345445493e-37],
      [0.12114443273, 0.0075282222883, 0.47281751023, 0.39850983475, 7.4463195459e-37],
      [0.0033534335713, 0.1175989481, 0.15967533744, 0.71937228089, 1.0893333399e-36]
    ],
    [
      [0.16811675603, 4.2762067015e-05, 0.011019860548, 0.82082062136, 1.4811402643e-37],
      [2.4911223841e-05, 0.6646704719, 0.32966694663, 0.0056376702443, 2.1046334241e-38],
      [0.013620289675, 0.012606714587, 0.95331158356, 0.020461412182, 4.2846791022e-39],
      [0.011662814164, 0.0033598422367, 0.0056074345093, 0.97936990909, 2.1076154738e-37],
      [0.17609830377, 0.0058453146822, 0.35895659293, 0.45909978862, 7.7299792561e-37],
      [0.0045723600343, 0.087248169369, 0.11556021883, 0.79261925176, 1.0783557444e-36]
    ],
    [
      [0.25499186995, 0.00010417573893, 0.018244324009, 0.7266596303, 1.8286902683e-37],
      [2.0180662723e-05, 0.73265162445, 0.26470970909, 0.0026184857955, 1.3451553821e-38],
      [0.015132081076, 0.021289986653, 0.95046466347, 0.013113268805, 3.7801259286e-39],
      [0.020091312779, 0.0090957685692, 0.010316518079, 0.96049640057, 2.8877694767e-37],
      [0.21373293343, 0.01129474656, 0.44701180195, 0.32796051806, 7.6534622234e-37],
      [0.0064033445355, 0.192207615, 0.16876616795, 0.63262287252, 1.1984276275e-36]
    ],
    [
      [0.072273485134, 9.3206078602e-05, 0.028071200297, 0.89956210849, 1.8215566278e-37],
      [4.1196731191e-06, 0.67872576998, 0.3190616875, 0.0022084228439, 9.2447508365e-39],
      [0.0021283301066, 0.0094817561859, 0.98093851313, 0.0074514005792, 1.7466895504e-39],
      [0.0047767625602, 0.006684570837, 0.012949290872, 0.97558937573, 2.3535226834e-37],
      [0.046088062582, 0.0079443900121, 0.64457519931, 0.3013923481, 5.7197591709e-37],
      [0.001504775686, 0.15098398226, 0.22451301713, 0.62299822492, 9.5401684005e-37]
    ],
    [
      [0.19464979649, 0.00016510484564, 0.011250064556, 0.79393503411, 1.6613151924e-37],
      [1.0745659747e-05, 0.88120653505, 0.11676415024, 0.0020185690468, 8.6457553387e-39],
      [0.017009147453, 0.050803307117, 0.91094957026, 0.02123797517, 5.1136336807e-39],
      [0.013941578199, 0.013294032183, 0.0058557305245, 0.96690865909, 2.4158906809e-37],
      [0.20003576062, 0.021945205224, 0.34115459837, 0.43686443578, 8.4912450073e-37],
      [0.0043329252848, 0.28109932208, 0.093913718698, 0.62065403393, 9.7847013982e-37]
    ],
    [
      [0.51510526714, 5.2837525193e-05, 0.0139767531, 0.47086514224, 1.1149953072e-37],
      [6.8121655879e-05, 0.63949436019, 0.35748339268, 0.002954125468, 1.4320100432e-38],
      [0.036971100322, 0.013632719797, 0.9387307688, 0.010665411076, 2.8972223387e-39],
      [0.057851360195, 0.0068307976107, 0.011681463541, 0.92363637865, 2.610795446e-37],
      [0.43158659771, 0.0057834350483, 0.34833191254, 0.2142980547, 4.7064235012e-37],
      [0.019120149783, 0.14911968185, 0.19999866486, 0.63176150351, 1.1263377345e-36]
    ],
    [
      [0.057709540934, 4.1762678557e-05, 0.0067684032693, 0.93548029312, 1.9234564896e-37],
      [9.4588748271e-06, 0.78642044178, 0.20709319049, 0.0064769088605, 2.7866339407e-38],
      [0.0074532546727, 0.018064977191, 0.94099379782, 0.033487970315, 8.1192975914e-39],
      [0.0038100322133, 0.0029082934343, 0.0030604377943, 0.99022123656, 2.4227506493e-37],
      [0.078060638827, 0.0070214275808, 0.27699460108, 0.63792333251, 1.2345542258e-36],
      [0.0016025043877, 0.080632799638, 0.066248827403, 0.85151586857, 1.3215241751e-36]
    ],
    [
      [0.18501485566, 0.00010083623312, 0.0048608591931, 0.81002344891, 1.7054057221e-37],
      [1.4521554245e-05, 0.92370545425, 0.073277845238, 0.0030021789583, 1.3013189154e-38],
      [0.033076007568, 0.06492708106, 0.85727522838, 0.044721682993, 1.0945584906e-38],
      [0.01272058636, 0.0080277033151, 0.0024926682259, 0.9767590421, 2.4512257091e-37],
      [0.24333575526, 0.016749228426, 0.18258136441, 0.55733365191, 1.0935331791e-36],
      [0.0046766909603, 0.20643268999, 0.046736299002, 0.74215432004, 1.1765272506e-36]
    ],
    [
      [0.064599070377, 5.588677689e-05, 0.018344531599, 0.91700051125, 1.8076273345e-37],
      [6.7070258442e-06, 0.60874714974, 0.38716697267, 0.0040791705634, 1.6860419185e-38],
      [0.0029129514172, 0.0089817694983, 0.97632785591, 0.01177742317, 2.7246458946e-39],
      [0.0042696768158, 0.0039450689537, 0.0083758859578, 0.98340936827, 2.3076121086e-37],
      [0.053965593449, 0.0062889426929, 0.53530310478, 0.40444235908, 7.5199449736e-37],
      [0.001562674623, 0.097166372733, 0.16680772401, 0.73446322864, 1.0963616798e-36]
    ],
    [
      [0.33008990608, 0.00016600859603, 0.042402300866, 0.62734178446, 1.5846353262e-37],
      [1.5575980656e-05, 0.63546669446, 0.36316776966, 0.001349959898, 6.9256475996e-39],
      [0.0087901225765, 0.015127140503, 0.97097955954, 0.0051031773834, 1.4671135487e-39],
      [0.029195908213, 0.016216428487, 0.02687173314, 0.92771593016, 2.8022049567e-37],
      [0.17111935599, 0.011163057436, 0.64144578337, 0.17627180321, 4.1179967753e-37],
      [0.0066675868924, 0.2404410719, 0.31442721758, 0.43846412362, 8.333386082e-37]
    ],
    [
      [0.32823882525, 0.00019999429122, 0.031377483153, 0.64018369731, 1.4694955642e-37],
      [1.5416084222e-05, 0.73768186659, 0.26094703453, 0.0013556827879, 6.2957308367e-39],
      [0.012027733655, 0.024577889376, 0.95629937637, 0.0070950005964, 1.8469112029e-39],
      [0.028970974883, 0.019245883735, 0.019605818723, 0.93217732266, 2.5601181665e-37],
      [0.20528220244, 0.016062272383, 0.56242080308, 0.21623472209, 4.5794108472e-37],
      [0.0069045632701, 0.2953952694, 0.23754028453, 0.4601598828, 7.9352746726e-37]
    ],
    [
      [0.094422946069, 0.00026467603931, 0.018091121216, 0.88722125668, 1.6145224073e-37],
      [3.0562641432e-06, 0.88661986902, 0.11210047495, 0.0012765997664, 4.8233912523e-39],
      [0.0049446178167, 0.04915330867, 0.93220965253, 0.013692420986, 2.9038886908e-39],
      [0.0061697447106, 0.019071874062, 0.0084142540335, 0.96634412719, 2.0960239283e-37],
      [0.081168234139, 0.030002871187, 0.48457243001, 0.40425646466, 6.8978404244e-37],
      [0.0016342858724, 0.35669904698, 0.11773237424, 0.5239342929, 7.2306195321e-37]
    ],
    [
      [0.16895368908, 0.00020420924905, 0.034167378179, 0.79667472349, 2.7166992699e-37],
      [7.0755808885e-06, 0.73011469716, 0.26836751347, 0.0015107137884, 1.0715133681e-38],
      [0.0052821604522, 0.022407017014, 0.96477956167, 0.007531260862, 2.9879874311e-39],
      [0.011989681031, 0.016125235535, 0.017483119136, 0.9544019643, 3.8812734545e-37],
      [0.10228850989, 0.016289266118, 0.62164477453, 0.25977744946, 8.3087602115e-37],
      [0.0030398787201, 0.26986708912, 0.2301942951, 0.49689873706, 1.2859760528e-36]
    ],
    [
      [0.32846341401, 8.7280317278e-05, 0.019862917838, 0.65158638783, 1.2491551219e-37],
      [3.1162170317e-05, 0.66248852961, 0.33469127391, 0.0027890343051, 1.0832910529e-38],
      [0.018865658902, 0.01684552888, 0.95296931441, 0.011319497812, 2.4651507696e-39],
      [0.028982228779, 0.0084098889882, 0.012422587953, 0.95018529428, 2.1787700968e-37],
      [0.26056062084, 0.0088871764626, 0.45168323705, 0.27886896565, 4.9360758322e-37],
      [0.0091379315457, 0.17130669569, 0.19915285415, 0.62040251862, 8.9355043726e-37]
    ],
    [
      [0.25981097121, 7.6617452336e-05, 0.0178437209, 0.72226869044, 1.4659747535e-37],
      [2.7616362129e-05, 0.65905159612, 0.33746348072, 0.003457306797, 1.426410072e-38],
      [0.016584371934, 0.016457116351, 0.95304649122, 0.013912020492, 3.2179397878e-39],
      [0.020920593647, 0.0067400836009, 0.010187477555, 0.9621518452, 2.3344268362e-37],
      [0.22201996905, 0.0084046176777, 0.43717426703, 0.33240114624, 6.2394268848e-37],
      [0.0070539074957, 0.14705060613, 0.17468108829, 0.67121439809, 1.0240533837e-36]
    ],
    [
      [0.28069618368, 0.00010073381451, 0.0175168276, 0.7016862549, 1.3811929814e-37],
      [2.4888409314e-05, 0.72063029981, 0.27653489842, 0.002809913354, 1.1218176241e-38],
      [0.018093050751, 0.021858391301, 0.94636515783, 0.013683400113, 3.0637049861e-39],
      [0.023125591367, 0.0090817297073, 0.010247438414, 0.95754524051, 2.2538136222e-37],
      [0.23903687644, 0.011009782915, 0.42783449956, 0.32211884108, 5.8579503201e-37],
      [0.0074256242596, 0.18876652779, 0.16734727581, 0.63646057214, 9.4138520999e-37]
    ],
    [
      [0.24890441595, 0.0001698608542, 0.019624690543, 0.73130103265, 1.502855847e-37],
      [1.4434925155e-05, 0.79576455948, 0.20230894839, 0.0019120572067, 7.9685578636e-39],
      [0.014253387939, 0.032725187011, 0.94037064834, 0.012650776706, 2.9566676652e-39],
      [0.019652461395, 0.014654380079, 0.010985855038, 0.95470730349, 2.346317738e-37],
      [0.20271082291, 0.017764445006, 0.45850202517, 0.32102270691, 6.0950546657e-37],
      [0.0056060498738, 0.2713569707, 0.15942488563, 0.5636120938, 8.7058425886e-37]
    ],
    [
      [0.26932751712, 0.00010061157863, 0.015138343334, 0.71543352797, 1.5667439233e-37],
      [2.3694327614e-05, 0.75464471782, 0.24246763383, 0.0028639540252, 1.2838925545e-38],
      [0.019439647904, 0.024936390094, 0.9399189665, 0.015704995499, 3.9486092293e-39],
      [0.021531558939, 0.0089147528783, 0.0086951493653, 0.96085853882, 2.5123348639e-37],
      [0.24385867578, 0.011746986913, 0.39595724874, 0.34843708857, 7.0817965088e-37],
      [0.007094972858, 0.19248627418, 0.14634944339, 0.65406930958, 1.0786080522e-36]
    ],
    [
      [0.26242803408, 2.5353922951e-05, 0.0084378830822, 0.72910872892, 1.3586418926e-37],
      [6.9013652511e-05, 0.57779756963, 0.41336167719, 0.0087717395218, 3.3316903431e-38],
      [0.031697773167, 0.010506357804, 0.93094115985, 0.026854709182, 5.7112910593e-39],
      [0.020787727729, 0.0022286530052, 0.0048101958224, 0.97217342344, 2.1649547953e-37],
      [0.29031856812, 0.0035933607465, 0.27304826507, 0.43303980606, 7.4642737698e-37],
      [0.0085784266272, 0.058935678528, 0.10185017499, 0.83063571986, 1.1629963944e-36]
    ],
    [
      [0.28562998262, 0.00010517565571, 0.0066570020993, 0.70760783962, 1.6141278284e-37],
      [2.0497011581e-05, 0.90362744554, 0.093911654902, 0.002440402545, 1.1428825398e-38],
      [0.037362583656, 0.050564711415, 0.8828743194, 0.029198385527, 7.7140146929e-39],
      [0.021909217212, 0.0094713608953, 0.0038553260878, 0.9647640958, 2.6240635813e-37],
      [0.32739083003, 0.015537338719, 0.22467213319, 0.43239969806, 9.1790591999e-37],
      [0.0075927022977, 0.23208412743, 0.068956320511, 0.69136684976, 1.1876674355e-36]
    ],
    [
      [0.22023225187, 3.6230564803e-05, 0.016290957014, 0.76344056055, 1.4635465963e-37],
      [3.230153665e-05, 0.51271123108, 0.48199553397, 0.0052609334058, 2.0926707358e-38],
      [0.012804198716, 0.0076838415935, 0.96566575304, 0.013846206645, 3.0853472525e-39],
      [0.016067955805, 0.0030341563886, 0.0088329124503, 0.97206497536, 2.2213643818e-37],
      [0.19316735958, 0.0041734128907, 0.44201001882, 0.36064920871, 6.4607373264e-37],
      [0.0059863404554, 0.073681160032, 0.17281003663, 0.74752246289, 1.0811193986e-36]
    ],
    [
      [0.17746826602, 0.00014639624615, 0.042188049411, 0.78019728832, 2.3634253195e-37],
      [9.1267579358e-06, 0.61091448126, 0.38727984679, 0.0017965451862, 1.1161406711e-38],
      [0.0048879152942, 0.013591044517, 0.97508197175, 0.0064390684381, 2.2435255242e-39],
      [0.013045925175, 0.011795667171, 0.022049644849, 0.95310876281, 3.4452900452e-37],
      [0.096829954416, 0.010300234455, 0.6642806267, 0.22858918443, 6.4500118478e-37],
      [0.0033770206576, 0.19820200587, 0.29064001883, 0.50778095464, 1.1604481213e-36]
    ],
    [
      [0.14991226204, 0.00010572334976, 0.037851307311, 0.8121307073, 1.376044186e-37],
      [3.3032328331e-06, 0.83773478208, 0.16143357175, 0.0008283429406, 2.8290837887e-39],
      [0.00288496826, 0.0070916141134, 0.98539526193, 0.0046281557012, 9.1193523697e-40],
      [0.010248264118, 0.0083499865718, 0.01890288372, 0.96249886559, 1.9386977347e-37],
      [0.072918341247, 0.0068556195186, 0.70914921217, 0.21107682706, 3.3669856123e-37],
      [0.0027296901946, 0.19491146651, 0.28215934755, 0.52019949575, 6.660416637e-37]
    ],
    [
      [0.26266198058, 0.00037669035863, 0.02621342859, 0.71074790047, 1.4438438283e-37],
      [6.4815244801e-06, 0.87870988546, 0.12047544997, 0.0008081830497, 3.3583036505e-39],
      [0.010368116596, 0.052036395859, 0.92900510734, 0.008590380208, 2.0087389417e-39],
      [0.020199765609, 0.032662105038, 0.014670482479, 0.93246764687, 2.2596628806e-37],
      [0.178433879, 0.033382439186, 0.52781047585, 0.26037320597, 4.9231079406e-37],
      [0.0040970371126, 0.45300907471, 0.15362526689, 0.38926862129, 5.9699088777e-37]
    ],
    [
      [0.12353094412, 7.4869607658e-05, 0.028512319808, 0.84788186646, 2.1415382595e-37],
      [9.9112195589e-06, 0.54878183074, 0.44813797374, 0.0030702843074, 1.6122155065e-38],
      [0.0042598030529, 0.0091131480449, 0.97791997638, 0.0087070725232, 2.550923887e-39],
      [0.0082983976672, 0.0056492660719, 0.013898704554, 0.97215363171, 2.9255392121e-37],
      [0.082948443894, 0.0066437847337, 0.60644435516, 0.30396341621, 7.1886319692e-37],
      [0.0026771271839, 0.12023446724, 0.23649282867, 0.6405955769, 1.2226267057e-36]
    ],
    [
      [0.24957141479, 0.00016471816181, 0.0199256263, 0.73033824075, 1.3502224637e-37],
      [1.4245022222e-05, 0.79213856825, 0.20595316072, 0.00189402601, 7.1268551018e-39],
      [0.013747506472, 0.030976751959, 0.94305544554, 0.012220296025, 2.5792232686e-39],
      [0.019528169091, 0.014229915817, 0.01115650915, 0.95508540594, 2.1102308076e-37],
      [0.20093367704, 0.017109290654, 0.4650685034, 0.31688852891, 5.4239839984e-37],
      [0.0055828837351, 0.26691480944, 0.16307167238, 0.56443063445, 7.852053679e-37]
    ],
    [
      [0.017225600448, 0.00016242905733, 0.0019711543862, 0.98064081611, 1.6946149417e-37],
      [1.3310864822e-09, 0.9999981741, 2.852918683e-08, 1.7960420794e-06, 5.27318311e-42],
      [0.0014461209675, 0.034580196997, 0.9497400097, 0.014233672336, 2.6880875223e-39],
      [0.0018304290344, 0.011028587304, 0.00086631934685, 0.98627466431, 2.0104087955e-37],
      [0.023053841891, 0.042637440299, 0.034213931287, 0.90009478652, 1.4671970367e-36],
      [0.0004797364057, 0.48893503369, 0.0052230687408, 0.50536216116, 6.5898156963e-37]
    ],
    [
      [0.19242411446, 0.00010140126059, 0.011854284899, 0.79562019938, 1.5510294087e-37],
      [1.6990325648e-05, 0.80303957592, 0.19373274582, 0.0032106879419, 1.2747561609e-38],
      [0.016676251957, 0.0304077573, 0.93188049933, 0.02103549141, 4.6884470037e-39],
      [0.013991828375, 0.0081853500067, 0.0061990203517, 0.97162380127, 2.2637978365e-37],
      [0.19602349068, 0.01332205296, 0.35514315318, 0.43551130318, 7.8621202656e-37],
      [0.0048479771719, 0.18805243054, 0.11045196927, 0.69664762302, 1.0213824651e-36]
    ],
    [
      [0.56138417938, 5.1795886683e-06, 0.0033565497842, 0.43525409125, 6.2198543285e-38],
      [0.0003667967453, 0.4225018537, 0.56094781288, 0.016183536681, 4.9471936782e-38],
      [0.10968594911, 0.0044818508963, 0.85446875766, 0.031363442325, 5.3546928409e-39],
      [0.056721481575, 0.00071754146119, 0.0030135600947, 0.93954741687, 1.5902538898e-37],
      [0.62584559371, 0.00074687184417, 0.11108544632, 0.26232208813, 3.515645144e-37],
      [0.025606289952, 0.018403990496, 0.071136957866, 0.88485276169, 9.5096600466e-37]
    ],
    [
      [0.35596733488, 5.4647589988e-05, 0.018146841505, 0.62583117602, 1.3288714164e-37],
      [4.4989973692e-05, 0.57588945361, 0.42045400675, 0.0036115496571, 1.5649271162e-38],
      [0.021488054139, 0.011353181748, 0.95562134745, 0.011537416667, 2.8005494706e-39],
      [0.03220065514, 0.0054766755303, 0.011793548201, 0.95052912113, 2.4115720454e-37],
      [0.28949642597, 0.0057463928459, 0.43001524739, 0.2747419338, 5.4033380822e-37],
      [0.010882419144, 0.12017749922, 0.20428223139, 0.66465785024, 1.0617502075e-36]
    ],
    [
      [0.48056859701, 2.4191039319e-05, 0.0050573074008, 0.51434990455, 1.6933163327e-37],
      [0.00015265508645, 0.68219919436, 0.30984731206, 0.0078008384971, 5.3074607157e-38],
      [0.089602284629, 0.016241538299, 0.86376859141, 0.030387585661, 1.1567983344e-38],
      [0.049850684057, 0.002913054053, 0.0039391166307, 0.94329714526, 3.6999982918e-37],
      [0.5307234643, 0.0034304795785, 0.16039078255, 0.30545527357, 9.3358426171e-37],
      [0.020811318052, 0.078512789077, 0.084043383381, 0.81663250949, 2.0192194303e-36]
    ],
    [
      [0.12011454062, 2.6018473324e-05, 0.051274268722, 0.82858517218, 1.9407111264e-37],
      [7.798241739e-06, 0.15782841139, 0.83969111811, 0.0024726722573, 1.2084077305e-38],
      [0.0013683747825, 0.0011231492247, 0.9945948458, 0.0029136301951, 7.8932720435e-40],
      [0.0081475930689, 0.0019818404398, 0.025253791479, 0.96461677501, 2.6908921198e-37],
      [0.039954960849, 0.0012611955905, 0.80282502936, 0.1559588142, 3.4360422669e-37],
      [0.0022338337121, 0.033246904128, 0.42122430912, 0.54329495304, 9.6309712183e-37]
    ],
    [
      [0.34332467128, 0.00018477911459, 0.019945118131, 0.63654543147, 1.4506842957e-37],
      [1.2444808608e-05, 0.83909419222, 0.15977703595, 0.0011163270195, 5.2307486661e-39],
      [0.012703294992, 0.027346776671, 0.95237719774, 0.0075727306005, 1.9871298943e-39],
      [0.028485138651, 0.018097292723, 0.012563273098, 0.94085429553, 2.5589323728e-37],
      [0.24250239292, 0.018086559779, 0.49268109302, 0.24672995428, 5.235590147e-37],
      [0.0070822115083, 0.33465766938, 0.1748043696, 0.48345574951, 8.3334538344e-37]
    ],
    [
      [0.28746880872, 0.00015509358888, 0.026803043657, 0.68557305403, 1.7578731356e-37],
      [1.6669167485e-05, 0.72284382705, 0.27535106747, 0.0017884363165, 9.3143475285e-39],
      [0.012340850194, 0.022344351656, 0.95644108368, 0.0088737144693, 2.5915201339e-39],
      [0.023990898239, 0.014133944158, 0.015849688507, 0.9460254691, 2.8991273064e-37],
      [0.19905836671, 0.013788140011, 0.53139049363, 0.25576299965, 6.0657953171e-37],
      [0.0064818237056, 0.24752601045, 0.21757184165, 0.5284203242, 1.0188188097e-36]
    ],
    [
      [0.25605059452, 0.00021282240686, 0.028897394533, 0.71483918854, 1.5908399828e-37],
      [1.1405638435e-05, 0.76968785418, 0.22886516595, 0.0014355742259, 6.4846998089e-39],
      [0.010101719887, 0.028265910189, 0.9531130815, 0.0085192884281, 2.1589783717e-39],
      [0.020443433246, 0.018583582285, 0.016369592138, 0.94460339233, 2.5132582947e-37],
      [0.17082946509, 0.018259812279, 0.55373055508, 0.25718016756, 5.293406286e-37],
      [0.0050899950192, 0.30112951939, 0.20738475995, 0.48639572565, 8.140905592e-37]
    ],
    [
      [0.25794258595, 0.00016484803425, 0.035948396609, 0.70594416941, 1.6670016887e-37],
      [1.306148601e-05, 0.67477854625, 0.3235977559, 0.0016106363595, 7.7202598232e-39],
      [0.0083003395279, 0.01784478008, 0.96699581445, 0.0068590659454, 1.8438924169e-39],
      [0.020849396641, 0.014564129737, 0.020605867457, 0.94398060617, 2.6650271384e-37],
      [0.15232096273, 0.012523759873, 0.61030383774, 0.22485143965, 4.9108568874e-37],
      [0.0052549025115, 0.23842102649, 0.26431054916, 0.49201352185, 8.7374505268e-37]
    ],
    [
      [0.2942895478, 9.2817662878e-05, 0.0066374886102, 0.69898014593, 1.3087470839e-37],
      [2.9730963388e-05, 0.87221209473, 0.12449337411, 0.0032648002041, 1.246793243e-38],
      [0.043311468988, 0.047725602781, 0.87726188377, 0.031701044461, 6.8051949397e-39],
      [0.023892935884, 0.0084565330363, 0.0039156935577, 0.96373483752, 2.155873066e-37],
      [0.33696644768, 0.013658114475, 0.21954376996, 0.42983166789, 7.4542352912e-37],
      [0.0085790669432, 0.20273657056, 0.071918648439, 0.71676571406, 1.0093266346e-36]
    ],
    [
      [0.28251360451, 0.00011021550147, 0.025814380214, 0.69156179978, 2.0519207795e-37],
      [1.997850195e-05, 0.6656526603, 0.33209992321, 0.0022274379899, 1.349038469e-38],
      [0.01220594239, 0.016277541305, 0.96243620766, 0.0090803086427, 3.0855288384e-39],
      [0.023111337423, 0.01000897465, 0.015179977283, 0.95169971064, 3.371285177e-37],
      [0.19892199948, 0.010021047206, 0.52873826196, 0.26231869136, 7.2217477943e-37],
      [0.0067575293566, 0.19197368931, 0.22701147245, 0.57425730888, 1.2824582717e-36]
    ],
    [
      [0.32282699633, 0.00050742788993, 0.031984323043, 0.64468125274, 2.4226948782e-37],
      [5.4748682315e-06, 0.89581163516, 0.10367143074, 0.00051145922933, 3.9683685513e-39],
      [0.010158511947, 0.057543907597, 0.92600644521, 0.0062911352506, 2.7601963972e-39],
      [0.026067471292, 0.047183655006, 0.019145105313, 0.90760376839, 4.0583218304e-37],
      [0.18988898645, 0.039531944654, 0.56526980875, 0.20530926015, 7.2482532923e-37],
      [0.0041820468466, 0.53800928295, 0.15970654478, 0.29810212543, 8.5165115213e-37]
    ],
    [
      [0.21746484412, 0.00010311472316, 0.0090719066989, 0.77336013445, 1.7542357027e-37],
      [1.5586874675e-05, 0.86469246696, 0.13264065635, 0.0026512898166, 1.2364669242e-38],
      [0.019867196824, 0.035488243298, 0.92223579467, 0.022408765211, 5.8802234674e-39],
      [0.015486805993, 0.0085616899033, 0.0048649897516, 0.97108651435, 2.6288195857e-37],
      [0.23490688187, 0.014586369711, 0.30258658178, 0.44792016664, 9.4588475629e-37],
      [0.0053728026435, 0.20885068266, 0.088703715003, 0.69707279969, 1.1921873095e-36]
    ],
    [
      [0.13696240223, 2.6731997894e-05, 0.0092771069473, 0.85373375883, 2.5821474899e-37],
      [3.2258136212e-05, 0.57691955045, 0.41401038117, 0.0090378102476, 5.6452520189e-38],
      [0.014491193024, 0.0096471862881, 0.94891995249, 0.026941668195, 9.4133469055e-39],
      [0.0094414879726, 0.0020254742141, 0.0045667311238, 0.98396630669, 3.5509314544e-37],
      [0.1574836768, 0.0039161116926, 0.31840905479, 0.52019115671, 1.4646269147e-36],
      [0.003929557235, 0.052950644891, 0.097989050329, 0.84513074755, 1.9232543312e-36]
    ],
    [
      [0.27742280994, 7.566624464e-05, 0.017073860453, 0.70542766337, 2.0792697298e-37],
      [2.9961105786e-05, 0.66774945484, 0.32878389606, 0.0034366879983, 2.0550272517e-38],
      [0.018329531348, 0.016816878226, 0.95077730537, 0.014076285056, 4.7192386003e-39],
      [0.022818132599, 0.0068057418972, 0.0099619435771, 0.96041418193, 3.3851263903e-37],
      [0.23956061365, 0.0083827707419, 0.42392401334, 0.32813260227, 8.9352437233e-37],
      [0.0077115248709, 0.14908646866, 0.17140151485, 0.67180049162, 1.4876317079e-36]
    ],
    [
      [0.27652527906, 0.00014933172391, 0.034900716226, 0.68842467299, 1.6065808876e-37],
      [1.4508476427e-05, 0.66671493338, 0.33163315612, 0.0016374020169, 7.768714362e-39],
      [0.0088892659724, 0.016363121993, 0.96803496, 0.0067126520382, 1.786575882e-39],
      [0.02274590488, 0.013524100582, 0.020478515943, 0.94325147859, 2.6312537485e-37],
      [0.16386228971, 0.01145414553, 0.60440736928, 0.22027619548, 4.7596230702e-37],
      [0.0058106603818, 0.22775969352, 0.26829596833, 0.49813367777, 8.7476593114e-37]
    ],
    [
      [0.38122880141, 3.2432048725e-05, 0.01887363057, 0.59986513597, 1.1475266858e-37],
      [5.2432108811e-05, 0.45032454283, 0.54563062174, 0.0039924033291, 1.579870731e-38],
      [0.018121211067, 0.005796688814, 0.96694315753, 0.0091389425899, 2.0229181251e-39],
      [0.033674093957, 0.0033763852064, 0.01269073666, 0.95025878418, 2.1670495209e-37],
      [0.29050962169, 0.0032910256131, 0.45712320109, 0.24907615161, 4.4432872089e-37],
      [0.01163393981, 0.076655145265, 0.23349959057, 0.67821132435, 9.7874509028e-37]
    ],
    [
      [0.26481752023, 0.00020616483366, 0.03355503532, 0.70142127961, 1.7182039416e-37],
      [1.1934898004e-05, 0.72996968951, 0.26859122906, 0.0014271465283, 7.0815967128e-39],
      [0.0090800194385, 0.023773050937, 0.95986432644, 0.00728260318, 2.0253969117e-39],
      [0.021492149037, 0.018274280223, 0.019313755908, 0.94091981483, 2.7573562627e-37],
      [0.16210359453, 0.016229323074, 0.58968523863, 0.23198184376, 5.2466949258e-37],
      [0.0052054548453, 0.28493330367, 0.23794589033, 0.47191535115, 8.6886726838e-37]
    ],
    [
      [0.30570469412, 0.00022610627993, 0.029562360823, 0.66450683877, 1.5700956952e-37],
      [1.2285401933e-05, 0.77596588029, 0.22278284418, 0.0012389901185, 6.0006798058e-39],
      [0.011042782784, 0.028798975691, 0.95271661848, 0.0074416230434, 2.0197473158e-39],
      [0.025188538441, 0.021014180328, 0.017807038932, 0.9359902423, 2.6411592212e-37],
      [0.19473012205, 0.018867612856, 0.5565325927, 0.22986967239, 5.0487387121e-37],
      [0.0059145532357, 0.32447636765, 0.2156775301, 0.45393154901, 8.099735605e-37]
    ],
    [
      [0.26596752637, 5.3405766854e-05, 0.010753239134, 0.72322582872, 1.4353296736e-37],
      [3.983708458e-05, 0.70041966823, 0.29461409136, 0.0049264033254, 1.9870354137e-38],
      [0.026052517717, 0.017881388987, 0.9345293098, 0.021536783501, 4.8718650369e-39],
      [0.02132791306, 0.004720802743, 0.0061630113839, 0.96778827281, 2.2963833303e-37],
      [0.27256845266, 0.0070377260211, 0.32141211915, 0.39898170217, 7.3202706345e-37],
      [0.0080485505453, 0.11649895748, 0.11917663271, 0.75627585927, 1.1278810855e-36]
    ],
    [
      [0.37141381054, 0.00014710378828, 0.020692698882, 0.60774638679, 1.2237647814e-37],
      [1.9829079825e-05, 0.7825610035, 0.2158764942, 0.0015426732183, 6.415791134e-39],
      [0.018020229584, 0.026050144439, 0.94662680649, 0.0093028194843, 2.1753491358e-39],
      [0.032499194731, 0.01497571374, 0.013592006504, 0.93893308502, 2.2516477549e-37],
      [0.27686140696, 0.014460691325, 0.46289126911, 0.2457866326, 4.6245595288e-37],
      [0.0087920700387, 0.27694749127, 0.19113172022, 0.52312871848, 7.9666834011e-37]
    ],
    [
      [0.073271726152, 3.291852057e-05, 0.037397100246, 0.88929825508, 2.1775962467e-37],
      [7.5827227859e-06, 0.27913270473, 0.71699927059, 0.0038604419584, 2.0405588995e-38],
      [0.0021163602751, 0.0031615320074, 0.98757973006, 0.0071423776605, 2.1000911139e-39],
      [0.0049028488302, 0.0023661439099, 0.017427536906, 0.97530347035, 2.8330108957e-37],
      [0.04295961691, 0.0025257975709, 0.68171106808, 0.27280351744, 6.4099389133e-37],
      [0.0016171456375, 0.049353854211, 0.2991889909, 0.64984000925, 1.2103115061e-36]
    ],
    [
      [0.32445325999, 0.00050120252928, 0.032081648966, 0.64296388851, 1.9912975114e-37],
      [5.8167890437e-06, 0.88930711814, 0.1101496865, 0.00053737857294, 3.4380697001e-39],
      [0.010149276447, 0.056441745594, 0.92717915725, 0.0062298207139, 2.2408636301e-39],
      [0.026392235984, 0.046704426733, 0.019274086113, 0.90762925117, 3.3486237786e-37],
      [0.19021348383, 0.038919547384, 0.56671993844, 0.20414703035, 5.9203518913e-37],
      [0.0042912906684, 0.52976796795, 0.16341803853, 0.30252270285, 7.1193226327e-37]
    ],
    [
      [0.24417362084, 0.00011053691083, 0.026754004891, 0.72896183735, 1.4133063172e-37],
      [1.7532978352e-05, 0.65412821505, 0.34349326275, 0.0023609892158, 9.2849494927e-39],
      [0.010388179341, 0.015855943358, 0.9643875994, 0.0093682778964, 2.0661775236e-39],
      [0.019351087264, 0.0095813310435, 0.01503982889, 0.9560277528, 2.2164688094e-37],
      [0.17134800394, 0.00998075148, 0.54285473706, 0.27581650752, 4.9423867237e-37],
      [0.0057093471621, 0.18422179597, 0.22643802094, 0.58363083593, 8.5048489149e-37]
    ],
    [
      [0.30670777832, 7.4914772759e-05, 0.016949407415, 0.6762678995, 1.7467538599e-37],
      [3.4312709011e-05, 0.65991256353, 0.33664048265, 0.0034126411113, 1.7856878284e-38],
      [0.020568867733, 0.016874157979, 0.94883979236, 0.013717181926, 4.0224499851e-39],
      [0.026263301703, 0.0070001267121, 0.010283469275, 0.95645310231, 2.9552999233e-37],
      [0.2629260496, 0.0082379987297, 0.41611183381, 0.31272411786, 7.4548439526e-37],
      [0.0088122330238, 0.15105384653, 0.17537474002, 0.66475918043, 1.2897409313e-36]
    ],
    [
      [0.32554295054, 0.00023247731446, 0.018152292588, 0.65607227956, 1.7275032134e-37],
      [1.3813974874e-05, 0.85842730663, 0.140289364, 0.0012695153987, 6.7997489428e-39],
      [0.019006559249, 0.046620707481, 0.92270388375, 0.01166884952, 3.5071136794e-39],
      [0.027806605974, 0.021997762768, 0.011119713067, 0.93907591819, 2.9552251763e-37],
      [0.26290086719, 0.024272195845, 0.42704491071, 0.28578202625, 6.9649775003e-37],
      [0.0069474116225, 0.36547839125, 0.14249139511, 0.48508280202, 9.6128700751e-37]
    ],
    [
      [0.60845199434, 0.00021762883921, 0.011031286997, 0.38029908982, 8.7471224296e-38],
      [2.788063998e-05, 0.90533815329, 0.093822449791, 0.00081151627453, 3.8064250587e-39],
      [0.054346473177, 0.068221946608, 0.8668799272, 0.010551653017, 2.7791877527e-39],
      [0.081668998142, 0.033034377679, 0.010824419385, 0.87447220479, 2.4006680199e-37],
      [0.52304431394, 0.024286732483, 0.27556875393, 0.17710019965, 3.7737809376e-37],
      [0.017499249255, 0.4762482655, 0.11901077323, 0.38724171201, 6.7113257188e-37]
    ],
    [
      [0.32023232661, 4.8247852965e-05, 0.010090279033, 0.66962914651, 1.359735093e-37],
      [4.7652053206e-05, 0.707133524, 0.28815154539, 0.0046672785517, 1.9454975295e-38],
      [0.031474101558, 0.01687366596, 0.93117837088, 0.020473861603, 4.7951265691e-39],
      [0.026611458082, 0.0045713414753, 0.006183943119, 0.96263325732, 2.332488936e-37],
      [0.32537229636, 0.0063402586984, 0.30236209309, 0.36592535185, 6.9049243978e-37],
      [0.01007903302, 0.11493425526, 0.12083957151, 0.75414714022, 1.1527411286e-36]
    ],
    [
      [0.21462444319, 8.9714555606e-05, 0.018985044583, 0.76630079767, 1.9846193244e-37],
      [1.7558874383e-05, 0.71004981178, 0.28708096554, 0.0028516637971, 1.5026624272e-38],
      [0.011785589104, 0.016886358234, 0.95857356309, 0.012754489572, 3.7766026947e-39],
      [0.016164122879, 0.0074814009612, 0.010235781174, 0.96611869499, 2.9898450848e-37],
      [0.1778433234, 0.009604747908, 0.47097416032, 0.34157776837, 8.1973827771e-37],
      [0.0053056137723, 0.16550427691, 0.17379241193, 0.65539769739, 1.2764185458e-36]
    ],
    [
      [0.18880770908, 6.1007033996e-05, 0.007468738584, 0.8036625453, 1.9095170508e-37],
      [2.4416050517e-05, 0.80980333561, 0.18536937502, 0.004802873315, 2.3458295177e-38],
      [0.023702854611, 0.02716784885, 0.91824478718, 0.030884509362, 8.4729119373e-39],
      [0.013430742298, 0.0048968803804, 0.0038787385364, 0.97779363879, 2.7728038884e-37],
      [0.22366828485, 0.009271644572, 0.26102488996, 0.50603518063, 1.1178888379e-36],
      [0.0052408479603, 0.1281623452, 0.077957323158, 0.78863948368, 1.4105051242e-36]
    ],
    [
      [0.4917330243, 3.1628165623e-05, 0.010892108119, 0.49734323942, 1.224971672e-37],
      [9.4135915145e-05, 0.58108202309, 0.41427821043, 0.0045456305622, 2.3095532764e-38],
      [0.042912167577, 0.010040605174, 0.93332858731, 0.013718639941, 3.896564643e-39],
