{
  "X": [
    [2, 6, 20, 4],
    [0, 1, 4, 1],
    [3, 5, 57, 2],
    [7, 3, 25, 4],
    [2, 2, 18, 2],
    [5, 5, 21, 1],
    [0, 1, 10, 3],
    [1, 4, 20, 3],
    [1, 3, 14, 2],
    [0, 0, 10, 2],
    [1, 6, 19, 7],
    [23, 103, 342, 37],
    [74, 124, 629, 84],
    [3, 11, 43, 2],
    [42, 72, 236, 33],
    [37, 84, 388, 50],
    [47, 77, 345, 60],
    [2, 1, 12, 3],
    [24, 10, 329, 23],
    [25, 13, 206, 16],
    [60, 22, 554, 33],
    [23, 10, 313, 26],
    [52, 13, 497, 29],
    [22, 14, 245, 19],
    [19, 4, 423, 17],
    [26, 6, 211, 15],
    [20, 7, 254, 13],
    [19, 34, 176, 18],
    [77, 242, 637, 108],
    [17, 159, 293, 60],
    [4, 16, 58, 3],
    [34, 155, 249, 55],
    [35, 182, 363, 55],
    [58, 217, 504, 90],
    [25, 190, 346, 37],
    [49, 192, 348, 46],
    [47, 146, 489, 60],
    [58, 132, 568, 38],
    [34, 83, 266, 35],
    [20, 72, 148, 21],
    [35, 109, 176, 38],
    [11, 63, 126, 20],
    [1, 0, 4, 0],
    [613, 1344, 5252, 548],
    [57, 167, 930, 120],
    [121, 297, 1423, 195],
    [11, 15, 75, 12]
  ],
  "W": [
    [0, 20, 9, 0, 3],
    [0, 5, 0, 1, 0],
    [0, 54, 3, 2, 8],
    [1, 27, 6, 4, 1],
    [2, 18, 3, 1, 0],
    [0, 21, 4, 3, 4],
    [1, 11, 1, 0, 1],
    [0, 21, 4, 2, 1],
    [1, 13, 3, 1, 2],
    [0, 9, 1, 1, 1],
    [0, 16, 8, 6, 3],
    [22, 306, 114, 27, 36],
    [37, 587, 151, 70, 66],
    [4, 35, 14, 4, 2],
    [21, 220, 81, 22, 39],
    [22, 367, 93, 35, 42],
    [20, 337, 93, 39, 40],
    [3, 12, 1, 1, 1],
    [4, 315, 17, 31, 19],
    [5, 203, 21, 21, 10],
    [16, 542, 33, 53, 25],
    [9, 311, 16, 12, 24],
    [6, 486, 35, 38, 26],
    [10, 239, 18, 16, 17],
    [5, 403, 7, 17, 31],
    [8, 219, 13, 8, 10],
    [6, 231, 12, 23, 22],
    [8, 168, 43, 20, 8],
    [56, 536, 313, 98, 61],
    [17, 268, 164, 31, 49],
    [3, 50, 22, 4, 2],
    [20, 196, 202, 44, 31],
    [33, 278, 241, 47, 36],
    [30, 416, 256, 92, 75],
    [20, 286, 211, 46, 35],
    [33, 277, 222, 63, 40],
    [39, 429, 170, 67, 37],
    [30, 509, 160, 57, 40],
    [13, 223, 124, 35, 23],
    [16, 113, 90, 27, 15],
    [14, 156, 124, 40, 24],
    [12, 100, 76, 20, 12],
    [0, 4, 0, 1, 0],
    [216, 4852, 1550, 675, 464],
    [57, 883, 174, 72, 88],
    [88, 1332, 367, 123, 126],
    [19, 56, 19, 12, 7]
  ],
  "method": "mvn_cdf",
  "mvncdf_method": "genz",
  "mvncdf_samples": 5000,
  "mvncdf_error": 1e-06,
  "cond_prob": [
    [
      [0.30002646467, 0.0047292001999, 0.13172527739, 0.56351905775],
      [0, 0, 0.9227106554, 0.0772893446],
      [0.020457543031, 0.65511942939, 0.14677313255, 0.17764989503],
      [0.86101374372, 0.0076097158144, 0.052721614877, 0.078654925584],
      [0.60529403757, 0.03464171182, 0.074942899694, 0.28512135091]
    ],
    [
      [1.728405595e-10, 0.00027957020332, 2.0538148437e-06, 0.99971837581],
      [0, 0.0076923070597, 0.8, 0.19230769294],
      [0.0096308377467, 0.76468234922, 0.15596273203, 0.069724081005],
      [0, 0.9615384647, 0, 0.038461535298],
      [0.3404020572, 0.14527752758, 0.24104638873, 0.2732740265]
    ],
    [
      [0.15260670307, 0.028784885216, 0.53586213901, 0.28274627271],
      [0.0034754375117, 0.00041287985789, 0.98766283026, 0.0084488523707],
      [0.0030924969868, 0.88983566171, 0.089228908616, 0.017842932685],
      [0.41274995152, 0.090513276174, 0.41415056768, 0.082586204623],
      [0.24719362255, 0.26589636877, 0.3212774131, 0.16563259559]
    ],
    [
      [0.76759801233, 0.0012536955187, 0.045948489824, 0.18519980233],
      [0.011590380722, 0.0095783343796, 0.88829784598, 0.090533438923],
      [0.18644422332, 0.45450458376, 0.15208782782, 0.20696336509],
      [0.97097296557, 0.0021925914045, 0.010209579296, 0.016624863732],
      [0.91690450596, 0.0043334080482, 0.016644384735, 0.06211770126]
    ],
    [
      [0.52167358615, 0.0013321157592, 0.19310845333, 0.28388584476],
      [0, 0, 0.93596518086, 0.064034819138],
      [0, 0.6654983411, 0.24722635944, 0.087275299461],
      [0.9566528277, 0.00084074518603, 0.024730759507, 0.017775667611],
      [0.85193618323, 0.0094144020085, 0.053430022803, 0.085219391963]
    ],
    [
      [0.51117286348, 0.025191250797, 0.23768576753, 0.22595011819],
      [0, 0.017598430361, 0.96001216398, 0.022389405656],
      [0, 0.94605061923, 0.039532751708, 0.014416629061],
      [0.83077742757, 0.043455094494, 0.092439909686, 0.033327568245],
      [0.62691692932, 0.1789663005, 0.10107345511, 0.093043315063]
    ],
    [
      [0, 0.0050053152067, 0.052501275792, 0.942493409],
      [0, 0.0016378676357, 0.89639163119, 0.10197050117],
      [0, 0.94544308197, 0.015799798385, 0.038757119648],
      [0.063894252144, 0.022125855373, 0.17216369772, 0.74181619476],
      [0, 0.031535058834, 0.071390982682, 0.89707395848]
    ],
    [
      [0.053477756557, 0.014505222402, 0.16373123375, 0.76828578729],
      [0.0068589091, 0.00092167072717, 0.91601258301, 0.076206837166],
      [0.002758034655, 0.906946746, 0.039190560852, 0.051104658489],
      [0.36170512742, 0.082285856642, 0.23423187064, 0.32177714529],
      [0.12152051544, 0.18828621743, 0.13850977216, 0.55168349497]
    ],
    [
      [0.098722990657, 0.015088244093, 0.37401927934, 0.51216948591],
      [0, 0, 0.96031072449, 0.039689275513],
      [0.030021029647, 0.85548177788, 0.077993828614, 0.036503363858],
      [0.40668015359, 0.061469825374, 0.36401978016, 0.16783024087],
      [0.2022668834, 0.17849829845, 0.27197001816, 0.34726479999]
    ],
    [
      [0.0022548662136, 0.00012255073151, 0.16671100115, 0.83091158191],
      [0, 0, 0.96325212519, 0.036747874811],
      [0, 0, 0.56497017438, 0.43502982562],
      [0, 0, 0.55743770056, 0.44256229944],
      [0, 0, 0.20832299835, 0.79167700165]
    ],
    [
      [0.024371896134, 0.0045971488019, 0.13910896676, 0.8319219883],
      [0, 0.021500551899, 0.95741218142, 0.021087266676],
      [0, 0.63210641472, 0.17130480248, 0.1965887828],
      [0.1369733362, 0.066355313742, 0.30976225037, 0.48690909969],
      [0.059386660942, 0.067002656456, 0.15079772505, 0.72281295755]
    ],
    [
      [0.14317977655, 0.022946845896, 0.42940689172, 0.40446648583],
      [0, 0.0010192677596, 0.96883672026, 0.030144011977],
      [0.0024830737105, 0.81250357645, 0.13565085821, 0.049362491628],
      [0.40186481655, 0.078490295276, 0.38178368004, 0.13786120814],
      [0.24212845739, 0.20662854911, 0.28657374401, 0.26466924948]
    ],
    [
      [0.21779757195, 0.013350260491, 0.32131304688, 0.44753912068],
      [0.0012866993189, 0.0013267162792, 0.95448075341, 0.042905830996],
      [0.011994590951, 0.74077860786, 0.16089847492, 0.086328326261],
      [0.5568763038, 0.041760586523, 0.26153601127, 0.13982709841],
      [0.36960110361, 0.12040071306, 0.215576129, 0.29442205433]
    ],
    [
      [0.13873975045, 0.015021834613, 0.60838739144, 0.2378510235],
      [0.0072657603308, 0.0023650402645, 0.98969013709, 0.00067906231522],
      [0.0081050838546, 0.74106114612, 0.22186192788, 0.028971842144],
      [0.38906100216, 0.047034955922, 0.49172486751, 0.072179174407],
      [0.26051210201, 0.14707019143, 0.4271645879, 0.16525311866]
    ],
    [
      [0.32964945301, 0.01652584511, 0.28095968657, 0.37286501531],
      [0, 0.0025122523174, 0.95373299865, 0.043754749034],
      [0.011045540917, 0.80419059344, 0.12147102292, 0.063292842723],
      [0.68260260931, 0.041182421351, 0.18292170982, 0.093293259525],
      [0.4914209043, 0.1296105232, 0.16449118992, 0.21447738258]
    ],
    [
      [0.19278555208, 0.018302393311, 0.3293622731, 0.45954978152],
      [0.0012557078315, 0.0018369354323, 0.95377229467, 0.043135062066],
      [0.008245584192, 0.79571352979, 0.12751422584, 0.068526660181],
      [0.51383558187, 0.059446324746, 0.27805670885, 0.14866138454],
      [0.32254258059, 0.1628860097, 0.2173521437, 0.29721926602]
    ],
    [
      [0.23591173428, 0.012305335253, 0.23394138574, 0.51784154472],
      [0.0036648432871, 0.0035814441464, 0.93358868309, 0.059165029478],
      [0.014670009097, 0.7491480422, 0.12911045688, 0.10707149182],
      [0.60917053135, 0.038494592041, 0.19125937787, 0.16107549874],
      [0.39811878895, 0.10937224009, 0.15588494643, 0.33662402453]
    ],
    [
      [0.23688961707, 0.0046423451316, 0.18443637027, 0.57403166753],
      [0.0042465417419, 0.0011492820541, 0.93061546137, 0.063988714833],
      [0.005005030889, 0.92453087995, 0.034816632694, 0.035647456469],
      [0.7472021681, 0.011165171644, 0.11815292537, 0.12347973488],
      [0.48616544891, 0.036585528364, 0.12633579466, 0.35091322807]
    ],
    [
      [0.18331766297, 0.00547855964, 0.41401274456, 0.39719103283],
      [0.0011846617514, 0, 0.96774380697, 0.031071531282],
      [0.01642890569, 0.52370287827, 0.33598193693, 0.12388627911],
      [0.51610748471, 0.0010072459362, 0.35323142108, 0.12965384827],
      [0.34815460388, 0.05494274773, 0.30751488663, 0.28938776176]
    ],
    [
      [0.39743319926, 0.0054047645996, 0.26559622571, 0.33156581043],
      [0, 0, 0.95859768492, 0.041402315083],
      [0.047756286428, 0.58510590762, 0.2499285403, 0.11720926566],
      [0.7585961644, 0.012063497546, 0.15515056553, 0.074189772515],
      [0.60794325362, 0.043241866852, 0.15700276108, 0.19181211845]
    ],
    [
      [0.37016287829, 0.0066846744948, 0.31732532933, 0.30582711789],
      [0, 0, 0.96931891794, 0.030681082055],
      [0.032382408497, 0.618225202, 0.25472057143, 0.094671818074],
      [0.73083901907, 0.0022620412128, 0.19503839774, 0.07186054198],
      [0.57097225825, 0.054869014316, 0.19236509069, 0.18179363673]
    ],
    [
      [0.28707701145, 0.005617710885, 0.31086920445, 0.39643607321],
      [0, 0, 0.958533114, 0.041466886002],
      [0.026688658101, 0.57633019501, 0.26652540256, 0.13045574432],
      [0.65704623941, 0.015462949983, 0.22007578771, 0.1074150229],
      [0.5043638956, 0.022608420084, 0.21637761721, 0.2566500671]
    ],
    [
      [0.42582880241, 0.0027351738515, 0.29013132645, 0.28130469729],
      [0, 0, 0.96757902172, 0.032420978275],
      [0.093525274845, 0.35476615414, 0.40913103648, 0.14257753453],
      [0.77470449766, 0, 0.16413059502, 0.061164907325],
      [0.64357198673, 0.021798983151, 0.17150994599, 0.16311908413]
    ],
    [
      [0.29426108774, 0.0089092044114, 0.33439425991, 0.36243544793],
      [0.00013866525041, 0, 0.96464686318, 0.035214471565],
      [0.021278962553, 0.67877999654, 0.21178755931, 0.088153481597],
      [0.65212032702, 0.023639980963, 0.22918202548, 0.095057666541],
      [0.48278244527, 0.077331077814, 0.21331580143, 0.22657067549]
    ],
    [
      [0.1531247285, 0.0049377576633, 0.53461250573, 0.30732500811],
      [0.0010557500264, 0, 0.98440596823, 0.014538281742],
      [0.013481649009, 0.46728265165, 0.42496547164, 0.094270227697],
      [0.42104016152, 0.016431561289, 0.46102374903, 0.10150452817],
      [0.34054370348, 0.013709551877, 0.41287645933, 0.23287028531]
    ],
    [
      [0.78655601903, 0.0014616857769, 0.082466328061, 0.12951596714],
      [0.0013826266, 0, 0.9454154907, 0.0532018827],
      [0.21381723572, 0.45287718144, 0.20818536883, 0.12512021401],
      [0.95142374371, 0.0019883001125, 0.029002224164, 0.017585732015],
      [0.90137426084, 0.0084996754111, 0.035584932419, 0.054541131328]
    ],
    [
      [0.16814193495, 0.005265075091, 0.53155139986, 0.29504159009],
      [0.0039831935622, 0, 0.98213201732, 0.013884789113],
      [0.014549418124, 0.487213469, 0.41050872676, 0.087728386116],
      [0.46373792573, 0, 0.44251633951, 0.093745734759],
      [0.32865751673, 0.050993087339, 0.40155523041, 0.21879416552]
    ],
    [
      [0.27012745868, 0.01271566617, 0.30974785551, 0.40740901964],
      [0.00052781178807, 0.00035366076337, 0.95696083883, 0.042157688623],
      [0.014440059759, 0.75014602158, 0.15634407415, 0.079069844513],
      [0.63013689507, 0.035255376424, 0.22281989748, 0.11178783103],
      [0.4408309349, 0.10968415077, 0.19667538689, 0.25280952745]
    ],
    [
      [0.16747763908, 0.013582657194, 0.36214379738, 0.45679590634],
      [0.00076888621565, 0.0018341170307, 0.95860043205, 0.038796564703],
      [0.0089789982351, 0.72795096818, 0.17716676609, 0.085903267503],
      [0.4709947484, 0.046704395624, 0.32494603573, 0.15735482024],
      [0.29903635097, 0.1283705026, 0.25593781115, 0.31665533528]
    ],
    [
      [0.093212187322, 0.028282603675, 0.31168524755, 0.56681996145],
      [0, 0.0011040818803, 0.94320142161, 0.055694496511],
      [0, 0.85342998323, 0.086590535976, 0.059979480793],
      [0.31581394338, 0.1160632781, 0.33513052182, 0.2329922567],
      [0.11479919532, 0.29924128413, 0.21088725968, 0.37507226086]
    ],
    [
      [0.2134389036, 0.012130172759, 0.50608714638, 0.26834377726],
      [0.0035965626218, 0.00097053805031, 0.98420953224, 0.011223367084],
      [0.011399861097, 0.70743119837, 0.23562458897, 0.045544351555],
      [0.54042396795, 0.033035762524, 0.35531618764, 0.071224081889],
      [0.3836811711, 0.10972658244, 0.33312812034, 0.17346412612]
    ],
    [
      [0.15597388895, 0.013574683908, 0.33812697683, 0.49232445031],
      [0.0009065091849, 0.0019539545051, 0.95435406949, 0.042785466817],
      [0.0084943336993, 0.73353846188, 0.16716838444, 0.090798819976],
      [0.45954867378, 0.048617822881, 0.31614664464, 0.17568685869],
      [0.28280159248, 0.13005089458, 0.24211602648, 0.34503148645]
    ],
    [
      [0.14330568394, 0.014403729016, 0.44612295302, 0.39616763403],
      [8.604058926e-05, 0.0031212324459, 0.96742546895, 0.029367258019],
      [0.0068088006255, 0.71941706466, 0.20240871085, 0.071365423863],
      [0.40844259019, 0.049630987475, 0.40401102243, 0.1379153999],
      [0.26136862379, 0.13735570358, 0.3212401337, 0.28003553893]
    ],
    [
      [0.13062430386, 0.017532633913, 0.3800536816, 0.47178938062],
      [0, 0, 0.96052435283, 0.039475647168],
      [0.00098642082114, 0.77334984744, 0.15257937431, 0.073084357428],
      [0.39420879861, 0.064846723293, 0.36634573999, 0.17459873811],
      [0.23415383576, 0.16707415326, 0.27008174496, 0.32869026602]
    ],
    [
      [0.12169634538, 0.027745558075, 0.4727592989, 0.37779879764],
      [0, 0.0018923535196, 0.974329068, 0.023778578482],
      [0, 0.83186618253, 0.12966288663, 0.038470930837],
      [0.33678937941, 0.10516341654, 0.42731946223, 0.13072774182],
      [0.20210747541, 0.2440741159, 0.31060389237, 0.24321451632]
    ],
    [
      [0.18097059633, 0.021974926273, 0.42808671352, 0.36896776387],
      [0.001135127588, 0.0024534761391, 0.97113230067, 0.025279095599],
      [0.0069040613662, 0.80454753298, 0.14277037917, 0.045778026482],
      [0.46520951115, 0.068970609068, 0.35030491431, 0.11551496547],
      [0.29681597883, 0.19101284625, 0.27763143473, 0.23453974019]
    ],
    [
      [0.16012478708, 0.019353089453, 0.40443916776, 0.4160829557],
      [9.5243788247e-05, 0.0014223486355, 0.96550136123, 0.032981046347],
      [0.0062013606256, 0.7867307279, 0.14805681162, 0.059011099857],
      [0.44062703192, 0.065176521982, 0.35423806402, 0.13995838208],
      [0.27400084524, 0.17632408732, 0.27359946554, 0.27607560189]
    ],
    [
      [0.24750447529, 0.016653269866, 0.42930923506, 0.30653301978],
      [0.0017863475537, 0.0024048486194, 0.97848058508, 0.01732821875],
      [0.011458856941, 0.76251594642, 0.17866373441, 0.047361462228],
      [0.5607116191, 0.045996806211, 0.30905604161, 0.084235533081],
      [0.39679088593, 0.1412991144, 0.27179283165, 0.19011716801]
    ],
    [
      [0.2249665132, 0.0088510122306, 0.37536910356, 0.390813371],
      [0.0013442134013, 0.0046344949661, 0.96112464561, 0.032896646019],
      [0.01640793714, 0.63764190093, 0.24615139369, 0.099798768245],
      [0.561167133, 0.026647413423, 0.29450606693, 0.11767938665],
      [0.39566269041, 0.080486490385, 0.25908350095, 0.26476731825]
    ],
    [
      [0.16705605849, 0.016502015832, 0.44739266684, 0.36904925884],
      [0.0011942324141, 0.0011971657938, 0.97149858314, 0.026110018653],
      [0.0078164215051, 0.75395528226, 0.18047902949, 0.05774926675],
      [0.44864523065, 0.053688064569, 0.37828832947, 0.11937837532],
      [0.29168370923, 0.15300899102, 0.30703199243, 0.24827530732]
    ],
    [
      [0.21071648374, 0.019571724301, 0.27421933663, 0.49549245532],
      [0.0027287776604, 0.0049090887506, 0.93822700146, 0.054135132124],
      [0.0098100194636, 0.81801562432, 0.10074480055, 0.071429555667],
      [0.55379784806, 0.062328498662, 0.22695051751, 0.15692313577],
      [0.34399681569, 0.16804586051, 0.17613087878, 0.31182644502]
    ],
    [
      [0.1169686871, 0.018820353448, 0.43359086529, 0.43062009417],
      [0, 0, 0.96625931837, 0.033740681629],
      [0, 0.77810969273, 0.15981457455, 0.062075732727],
      [0.35292537162, 0.072922177784, 0.41662601422, 0.15752643638],
      [0.21148902688, 0.18161462964, 0.30771248579, 0.29918385769]
    ],
    [
      [0.22211067293, 2.0506380319e-07, 0.77788912201, 2.0864741924e-26],
      [0.058823529385, 0, 0.94117647062, 0],
      [0.0096308377467, 0.76468234922, 0.15596273203, 0.069724081005],
      [0.76470588246, 0, 0.23529411754, 0],
      [0.3404020572, 0.14527752758, 0.24104638873, 0.2732740265]
    ],
    [
      [0.2280848806, 0.018195855731, 0.35520025207, 0.3985190116],
      [0.0011214620581, 0.0020389400232, 0.96161499337, 0.035224604549],
      [0.0099639777916, 0.78797582046, 0.14091028028, 0.061149921472],
      [0.55168241776, 0.054140685707, 0.27527597868, 0.11890091786],
      [0.36737615156, 0.15575274485, 0.22693658984, 0.24993451376]
    ],
    [
      [0.1344563616, 0.021379785394, 0.35170126864, 0.49246258436],
      [0, 0.0010936343272, 0.95531527729, 0.043591088387],
      [0, 0.81431671306, 0.12062071506, 0.065062571886],
      [0.40352108793, 0.078645998336, 0.33672027888, 0.18111263485],
      [0.23048260293, 0.19843242238, 0.24065651528, 0.33042845941]
    ],
    [
      [0.1773212915, 0.013797639406, 0.32894655128, 0.47993451781],
      [0.0012164063295, 0.001839955311, 0.95338041431, 0.043563224049],
      [0.009610343179, 0.73915170223, 0.16107216848, 0.090165786112],
      [0.49488671604, 0.047207979208, 0.29342467598, 0.16448062877],
      [0.31251913569, 0.1290454849, 0.22972437023, 0.32871100918]
    ],
    [
      [0.16564504947, 0.012417589217, 0.47862735305, 0.34331000826],
      [0.0034970229331, 0.0020843459526, 0.97136652855, 0.02305210256],
      [0.0094744434005, 0.70284791472, 0.22524858094, 0.062429060935],
      [0.44711591172, 0.039340003266, 0.40334961673, 0.11019446829],
      [0.30164363008, 0.11730743038, 0.34137660776, 0.23967233178]
    ]
  ],
  "expected_outcome": [
    [
      [0, 0, 0, 0.76759801233, 1.0433471723, 0, 0, 0, 0.098722990657, 0, 0, 3.1499550841, 8.0585101621, 0.5549590018, 6.9226385132, 4.2412821457, 4.7182346856, 0.7106688512, 0.7332706519, 1.9871659963, 5.9226060526, 2.583693103, 2.5549728144, 2.9426108774, 0.7656236425, 6.2924481522, 1.0088516097, 2.1610196694, 9.3787477884, 1.5846071845, 0.64031671079, 3.119477779, 4.7290875699, 3.9187291159, 2.4339269076, 5.972029679, 6.244866696, 7.4251342587, 2.9245646717, 2.6728969358, 2.9500307724, 1.4036242451, 0, 49.2663342095, 7.6640126114, 15.6042736523, 3.14725594],
      [0, 0, 0, 0.0012536955187, 0.0026642315183, 0, 0.0050053152067, 0, 0.015088244093, 0, 0, 0.50483060971, 0.49395963816, 0.060087338452, 0.34704274732, 0.40265265285, 0.24610670506, 0.013927035395, 0.02191423856, 0.027023822998, 0.10695479192, 0.050559397965, 0.016411043109, 0.089092044114, 0.024688788316, 0.011693486215, 0.031590450546, 0.10172532936, 0.76062880287, 0.48080426248, 0.036390518277, 0.27149367817, 0.47532305751, 0.5259790174, 0.55491116149, 0.72517256702, 0.75477048867, 0.49959809597, 0.115063159, 0.26403225331, 0.27400414021, 0.22584424137, 0, 3.930304838, 1.2186477675, 1.2141922677, 0.23593419512],
      [0, 0, 0, 0.045948489824, 0.38621690666, 0, 0.052501275792, 0, 0.37401927934, 0, 0, 9.4469516179, 11.8885827346, 2.4335495657, 5.900153418, 7.2459700081, 4.6788277149, 0.55330911082, 1.6560509782, 1.3279811285, 5.0772052692, 2.7978228401, 1.7407879587, 3.3439425991, 2.6730625286, 0.65973062449, 3.1893083992, 2.477982844, 20.2800526534, 5.2986492084, 1.5182614391, 6.7625395366, 14.7220574497, 11.401610448, 9.4551859781, 14.1268615462, 15.7731275428, 12.8792770518, 4.8797983463, 7.1582826694, 3.8390707129, 5.2030903835, 0, 76.7232544468, 20.0469723126, 28.9472965125, 9.0939197079],
      [0, 0, 0, 0.18519980233, 0.56777168952, 0, 0.942493409, 0, 0.51216948591, 0, 0, 8.8982626883, 16.5589474652, 0.951404094, 7.8301653215, 10.1100951933, 10.3568308944, 1.7220950026, 1.5887641313, 1.6578290522, 4.8932338863, 3.5679246589, 1.6878281837, 3.6243544793, 1.5366250405, 1.0361277371, 1.7702495405, 3.2592721572, 25.5805707552, 9.6359393447, 0.80503133179, 9.8464890062, 13.0735319229, 14.1536814187, 7.5559759528, 12.1759362078, 16.2272352725, 9.1959905935, 5.0805738231, 5.9047881415, 6.9368943745, 5.16744113, 0, 86.0801065057, 28.0703673085, 42.2342375675, 6.5228901569]
    ],
    [
      [0, 0, 0.18767362563, 0.31294027949, 0, 0, 0, 0.1440370911, 0, 0, 0, 0, 0.75529250022, 0.25430161158, 0, 0.46084477414, 1.2350521877, 0.050958500903, 0.37316845168, 0, 0, 0, 0, 0.033140994847, 0.42546726066, 0.3027952254, 0.92011771288, 0.088672380395, 0.41212301159, 0, 0.17982813109, 0.17767580024, 0.023919283814, 0, 0, 0.31443034186, 0.040859585158, 0.90925090484, 0.2997595885, 0.13494826279, 0.42568931502, 0, 0.23529411754, 5.4413339057, 0, 1.6202532309, 0.19583328425],
      [0, 0.038461535298, 0.022295512326, 0.25861502825, 0, 0.36956703758, 0.018016543993, 0.019355085271, 0, 0, 0.34400883039, 0.31189593444, 0.77878245588, 0.082776409259, 0.55269550984, 0.67415530365, 1.2069466773, 0.013791384649, 0, 0, 0, 0, 0, 0, 0, 0, 0, 0.059415008246, 0.98308672845, 0.29589394392, 0.048526902515, 0.38297508301, 0.86770261996, 0, 0.5412131066, 0.67961289052, 0.61018756461, 1.2240679473, 1.0334923774, 0.1352797347, 0.76581784509, 0, 0, 9.8929369925, 0.96567911089, 2.4508204742, 0.11672337335],
      [18.454213108, 4, 53.333792834, 23.9840418413, 16.8473732555, 20.1602554437, 9.8603079431, 19.2362642431, 12.4840394183, 8.6692691267, 15.3185949028, 296.4640364005, 560.2802022494, 34.6391547981, 209.8212597026, 350.0344321438, 314.6193862008, 11.1673855365, 304.8392991944, 194.5953300382, 525.370853526, 298.1037984534, 470.2434045583, 230.5506003012, 396.7156051973, 207.0459924632, 226.872496002, 160.7694209228, 513.8098315792, 252.777980991, 49.2104766122, 187.0533976206, 268.9442803668, 399.5781307782, 278.6581134477, 269.0036472866, 414.2000839676, 498.0466178041, 214.3307959719, 109.7793398947, 146.3634122285, 96.6259318371, 3.7647058825, 4665.7559478287, 843.5433898434, 1269.9027118612, 54.396525599],
      [1.545786892, 0.9615384647, 0.45623802802, 2.4444028509, 1.1526267445, 0.47017751877, 1.1216755129, 1.6003435805, 0.51596058167, 0.33073087329, 0.33739626681, 9.224067665, 25.1857227945, 0.023767181033, 9.6260447876, 15.8305677784, 19.9386149341, 0.76786457799, 9.7875323539, 8.4046699618, 16.629146474, 12.8962015466, 15.7565954417, 8.416258704, 5.858927542, 11.6512123114, 3.2073862851, 7.0824916886, 20.7949586808, 14.9261250651, 0.56116835421, 8.3859514961, 8.1640977294, 16.4218692218, 6.8006734457, 7.0023094811, 14.1488688827, 8.8200633438, 7.3359520622, 2.9504321078, 8.4450806114, 3.3740681629, 0, 170.9097812731, 38.4909310457, 58.0262144337, 1.2909177433]
    ],
    [
      [0.18411788728, 0, 0.0092774909605, 1.1186653399, 0, 0, 0, 0.01103213862, 0.090063088942, 0, 0, 0.28307040299, 1.8111832336, 0.11347117396, 0.89468881432, 0.76683932986, 1.3643108461, 0.005005030889, 0.27929139673, 1.002882015, 1.0686194804, 0.42701852961, 3.2733846196, 0.38302132596, 0.094371543065, 2.7796240643, 0.17459301749, 0.62092256964, 2.8104264476, 0, 0.25079694414, 1.7158554073, 1.6409209507, 0.25252373021, 0, 1.5327016233, 1.0542313064, 1.8334171106, 2.0345842054, 0.70347793545, 1.2164424135, 0, 0, 15.444165577, 0, 3.5269959467, 0.18001442461],
      [5.8960748645, 0, 2.6695069851, 2.7270275026, 1.9964950233, 3.7842024769, 0.94544308197, 3.627786984, 2.5664453336, 0, 5.0568513178, 92.6254077154, 111.8575697873, 10.3748560457, 65.1394380685, 74.0013582702, 69.6707679245, 0.92453087995, 8.9029489306, 12.28722406, 20.4014316659, 9.2212831202, 12.416815395, 12.2180399376, 3.2709785616, 5.8874033588, 5.846561628, 32.2562789278, 227.848653039, 139.9625172499, 15.5634863642, 148.1747693, 173.3795125824, 197.9775609454, 175.5237645147, 178.6095523212, 133.7442237431, 122.0025514266, 79.0675957149, 67.8559754034, 101.4339374161, 59.1363366473, 0, 1221.3625217086, 141.6911080722, 271.2686747183, 13.3541103797],
      [1.3209581929, 0, 0.26768672585, 0.91252696692, 0.74167907832, 0.15813100683, 0.015799798385, 0.15676224341, 0.23398148584, 0.56497017438, 1.3704384198, 15.4641978359, 24.2956697137, 3.1060669903, 9.8391528567, 11.8588230032, 12.0072724898, 0.034816632694, 5.7116929278, 5.2484993462, 8.4057788572, 4.264406441, 14.3195862767, 3.8121760677, 2.9747583015, 2.7064097948, 4.9261047211, 6.7227951885, 55.4531977851, 14.2008479, 5.1837409574, 33.7680136576, 48.780499316, 39.0603198228, 27.3588690786, 31.6950241765, 25.1696579749, 28.5861975063, 30.5227728173, 16.2431126537, 12.4923552677, 12.1459076655, 0, 218.4109344332, 20.9880044196, 59.1134858318, 4.2797230379],
      [1.5988490553, 0, 0.053528798056, 1.2417801906, 0.26182589838, 0.057666516244, 0.038757119648, 0.20441863395, 0.10951009157, 0.43502982562, 1.5727102624, 5.6273240456, 13.0355772654, 0.40560579001, 5.1267202606, 6.3729793968, 9.9576487396, 0.035647456469, 2.1060667449, 2.4613945788, 3.1241699965, 2.0872919092, 4.9902137087, 1.5867626687, 0.65989159388, 1.6265627821, 1.0527406334, 3.4000033141, 26.8877227284, 9.8366348501, 1.0019757342, 18.3413616352, 17.1990671509, 18.7095955016, 8.1173664066, 10.162721879, 10.0318869757, 7.5778339565, 12.3750472624, 5.1974340075, 8.8572649027, 4.7177556872, 0, 94.7823782812, 11.3208875082, 33.0908435032, 1.1861521578]
    ],
    [
      [0, 0, 0.82549990304, 3.8838918623, 0.9566528277, 2.4923322827, 0, 0.72341025484, 0.40668015359, 0, 0.82184001717, 10.8503500467, 38.981341266, 1.5562440086, 15.0172574047, 17.9842453654, 23.7576507226, 0.7472021681, 15.999332026, 15.9305194525, 38.7344680106, 7.8845548729, 29.438770911, 10.4339252322, 7.1576827458, 7.6113899497, 10.6659722918, 12.6027379014, 46.1574853435, 9.7902322446, 2.1616958718, 20.2201416464, 19.196801739, 36.2672094721, 15.4923114531, 29.3081992025, 29.5220111385, 31.9605622886, 19.640849655, 12.1134212274, 22.1519139225, 7.0585074323, 0.76470588246, 372.385631985, 29.053518331, 60.8710660729, 5.3653909406],
      [0, 0.9615384647, 0.18102655235, 0.008770365618, 0.00084074518603, 0.13036528348, 0, 0.16457171328, 0.061469825374, 0, 0.39813188245, 2.1192379724, 2.9232410566, 0.18813982369, 0.90601326973, 2.0806213661, 1.5012890896, 0.011165171644, 0.031224624023, 0.25333344847, 0.11988818428, 0.1855553998, 0, 0.3782396954, 0.27933654191, 0.0159064009, 0, 0.70510752848, 4.5770307712, 3.5979616212, 0.1321430501, 2.1391842068, 2.3326564113, 5.965898543, 4.8375171607, 4.3451483713, 4.3668269728, 2.621817954, 0.93265946982, 1.4495777434, 2.4931399465, 1.4584435557, 0, 36.5449628524, 5.6625118802, 5.8065814425, 0.47208003919],
      [0, 0, 0.82830113536, 0.040838317182, 0.024730759507, 0.27731972906, 0, 0.46846374129, 0.36401978016, 0.55743770056, 1.8585735022, 10.3081593611, 18.3075207886, 1.96689947, 4.024277616, 9.7319848097, 7.4591157371, 0.11815292537, 10.9501740536, 3.2581618762, 10.3370350801, 2.6409094525, 6.2369626106, 3.6669124077, 7.8374037335, 0.23201779331, 10.1778758087, 4.4563979496, 31.844711502, 10.3890461763, 1.4212647506, 13.9104523643, 18.9885180543, 33.7038080787, 19.6566952626, 22.0692096016, 23.7339502897, 17.6161943718, 10.3077123426, 10.2137848956, 9.0780207003, 8.3325202844, 0.23529411754, 185.8112856071, 24.2438600795, 36.0912351454, 4.8401954007],
      [0, 0.038461535298, 0.16517240925, 0.06649945493, 0.017775667611, 0.099982704734, 0, 0.64355429059, 0.16783024087, 0.44256229944, 2.9214545981, 3.7222526197, 9.7878968888, 0.28871669763, 2.0524517095, 5.2031484588, 6.2819444507, 0.12347973488, 4.0192692964, 1.5579852228, 3.8086087249, 1.2889802748, 2.3242664784, 1.5209226647, 1.7255769788, 0.14068585612, 2.1561518995, 2.2357566206, 15.4207723833, 7.2227599578, 0.28489632756, 7.7302217825, 6.4820237954, 16.0630839062, 6.0134761236, 7.2774428245, 9.3772115991, 4.8014253856, 4.1187785326, 3.2232161336, 6.2769254308, 3.1505287276, 0, 80.2581195555, 13.0401097094, 20.2311173392, 1.3223336195]
    ],
    [
      [1.8158821127, 0, 1.9775489804, 0.91690450596, 0, 2.5076677173, 0, 0.12152051544, 0.40453376681, 0, 0.17815998283, 8.7166244662, 24.3936728381, 0.52102420401, 19.1654152678, 13.5467883849, 15.9247515579, 0.48616544891, 6.6149374737, 6.0794325362, 14.2743064564, 12.1047334945, 16.732871655, 8.2073015695, 10.556854808, 9.0137426084, 7.2304653681, 3.5266474792, 18.2412174089, 5.6251605709, 0.76736234219, 8.766849367, 9.4092704565, 17.5615376817, 7.0737616393, 11.8726391533, 10.138031274, 15.8716354373, 9.1002418795, 4.3752556385, 8.2559235766, 2.5378683225, 0, 170.4625343228, 20.2824690577, 39.3774110972, 2.1115054105],
      [0.10392513546, 0, 2.1271709502, 0.0043334080482, 0, 0.71586520202, 0.031535058834, 0.18828621743, 0.35699659689, 0, 0.20100796937, 7.438627768, 7.946447062, 0.29414038285, 5.0548104047, 6.8412124072, 4.3748896035, 0.036585528364, 1.0439122069, 0.43241866852, 1.3717253579, 0.54260208201, 0.56677356192, 1.3146283228, 0.42499610819, 0.084996754111, 1.1218479214, 0.87747320614, 7.8306006585, 14.6628229225, 0.21945316489, 4.0315777321, 4.9448053288, 12.5305614943, 8.5425940565, 7.6405138499, 6.5239912309, 5.6519645761, 1.8511892789, 2.2951348653, 4.0331006521, 2.1793755557, 0, 72.2692736085, 17.4620531692, 16.2597310972, 0.82115201264],
      [0.22482869908, 0, 2.5702193048, 0.016644384735, 0, 0.40429382046, 0.071390982682, 0.13850977216, 0.54394003632, 0.20832299835, 0.45239317516, 10.3166547845, 14.2280245138, 0.85432917581, 6.4151564068, 9.1287900352, 6.2353978574, 0.12633579466, 5.8427828459, 1.5700276108, 4.8091272674, 5.193062813, 4.4592585957, 3.6263686243, 12.7991702391, 0.35584932419, 8.834215069, 1.5734030951, 15.6122064803, 10.3334757242, 0.66625624068, 7.5055968209, 11.5646448132, 20.2561308723, 10.871136233, 11.1052573891, 10.1231802251, 10.871713266, 5.9589205219, 4.6054798865, 4.2271410906, 3.6925498294, 0, 105.2985776842, 21.1777733449, 28.9452706491, 2.3896362543],
      [0.85536405274, 0, 1.3250607647, 0.06211770126, 0, 0.37217326025, 0.89707395848, 0.55168349497, 0.69452959998, 0.79167700165, 2.1684388726, 9.5280929813, 19.4318555861, 0.33050623733, 8.3646179208, 12.4832091726, 13.4649609812, 0.35091322807, 5.4983674735, 1.9181211845, 4.5448409184, 6.1596016105, 4.2410961875, 3.8517014833, 7.2189788447, 0.54541131328, 4.8134716415, 2.0224762196, 19.3159754523, 18.3785407824, 0.34692825224, 10.69597608, 10.0812794014, 24.6517699517, 8.5125080712, 9.3815896076, 10.2147972701, 7.6046867206, 6.0896483197, 3.7241296097, 7.4838346806, 3.5902062923, 0, 115.9696143845, 29.0777044282, 41.4175871564, 1.6777063225]
    ]
  ],
  "prob": [
    [0.20303841949, 0.016297893938, 0.3622954238, 0.41836826277],
    [0.00098690224017, 0.0015949070216, 0.96101295131, 0.036405239429],
    [0.0096308377467, 0.76468234922, 0.15596273203, 0.069724081005],
    [0.51931980028, 0.051318202283, 0.2971841017, 0.13217789573],
    [0.3404020572, 0.14527752758, 0.24104638873, 0.2732740265]
  ],
  "iterations": 135,
  "time": 0.100293,
  "message": "Converged",
  "status": 0,
  "miniter": 0,
  "maxiter": 1000,
  "maxtime": 3600,
  "param_threshold": 0.001,
  "ll_threshold": "-Inf",
  "initial_prob": "random",
  "adjust_prob_cond_method": "project_lp",
  "adjust_prob_cond_every": true,
  "candidates_id": ["LOLE-TAYLOR, Asenati.c", "BAKSHI, Kanwaljit Singh.c", "SALESA, Jennifer Teresia.c", "Other candidates votes.c"],
  "group_id": ["Green Party.p", "Labour Party.p", "National Party.p", "New Zealand First Party.p", "Other parties votes.p"]
}
