{
  "X": [
    [25, 307, 505, 36],
    [33, 387, 556, 63],
    [16, 251, 341, 20],
    [19, 111, 239, 12],
    [7, 139, 187, 15],
    [12, 82, 258, 10],
    [2, 10, 52, 2],
    [13, 72, 282, 17],
    [27, 209, 492, 25],
    [23, 243, 319, 43],
    [7, 155, 140, 19],
    [18, 164, 274, 13],
    [45, 353, 451, 38],
    [14, 174, 184, 19],
    [41, 479, 704, 54],
    [10, 191, 247, 15],
    [18, 204, 335, 26],
    [21, 224, 325, 25],
    [27, 192, 330, 20],
    [12, 186, 93, 31],
    [26, 264, 511, 19],
    [37, 415, 481, 42],
    [20, 175, 141, 17],
    [17, 272, 180, 28],
    [29, 274, 280, 39],
    [31, 364, 443, 42],
    [24, 384, 346, 29],
    [15, 295, 317, 34],
    [24, 243, 268, 26],
    [23, 185, 167, 24],
    [22, 295, 314, 25],
    [5, 115, 91, 11],
    [4, 99, 101, 12],
    [49, 483, 499, 54],
    [15, 338, 446, 36],
    [62, 740, 812, 75],
    [33, 353, 410, 36],
    [12, 131, 282, 19],
    [65, 296, 566, 38],
    [31, 138, 239, 18],
    [12, 101, 209, 14],
    [10, 249, 166, 44],
    [2, 45, 22, 5],
    [34, 421, 376, 88],
    [18, 324, 345, 57],
    [114, 1288, 2243, 139],
    [16, 190, 186, 22],
    [112, 690, 766, 104],
    [25, 74, 123, 8]
  ],
  "W": [
    [41, 212, 512, 61, 47],
    [62, 255, 587, 77, 58],
    [34, 162, 348, 38, 46],
    [33, 58, 231, 29, 30],
    [31, 70, 197, 24, 26],
    [28, 34, 249, 26, 25],
    [4, 6, 50, 0, 6],
    [25, 42, 261, 12, 44],
    [77, 121, 471, 32, 52],
    [74, 139, 323, 46, 46],
    [31, 99, 140, 31, 20],
    [45, 86, 283, 30, 25],
    [119, 208, 478, 40, 42],
    [41, 118, 189, 29, 14],
    [130, 289, 712, 80, 67],
    [40, 113, 262, 19, 29],
    [59, 98, 341, 38, 47],
    [56, 157, 324, 28, 30],
    [67, 115, 330, 37, 20],
    [23, 152, 100, 24, 23],
    [57, 154, 530, 42, 37],
    [58, 307, 505, 60, 45],
    [36, 109, 155, 30, 23],
    [39, 209, 186, 42, 21],
    [62, 197, 307, 22, 34],
    [77, 252, 454, 50, 47],
    [59, 253, 348, 68, 55],
    [36, 229, 312, 48, 36],
    [66, 146, 275, 38, 36],
    [56, 109, 169, 37, 28],
    [85, 168, 330, 39, 34],
    [20, 83, 96, 14, 9],
    [22, 70, 98, 10, 16],
    [118, 328, 535, 61, 43],
    [72, 211, 463, 50, 39],
    [138, 498, 845, 115, 93],
    [112, 197, 435, 36, 52],
    [40, 78, 292, 10, 24],
    [176, 127, 589, 26, 47],
    [71, 71, 229, 32, 23],
    [33, 56, 204, 15, 28],
    [28, 186, 167, 64, 24],
    [6, 25, 19, 17, 7],
    [57, 322, 384, 96, 60],
    [37, 254, 325, 93, 35],
    [312, 858, 2262, 176, 176],
    [39, 133, 187, 41, 14],
    [240, 459, 787, 84, 102],
    [51, 42, 124, 6, 7]
  ],
  "method": "mvn_pdf",
  "cond_prob": [
    [
      [0, 0.6388951626, 0.269531168, 0.091573669401],
      [0.004954318738, 0.86818550976, 0.044039285334, 0.082820886163],
      [0, 0.092341316894, 0.90371680067, 0.0039418824398],
      [0.15330012987, 0.6670062513, 0.033211484461, 0.14648213436],
      [0.31060375543, 0.18689009965, 0.42306364103, 0.079442503889]
    ],
    [
      [2.3068159317e-05, 0.6534413784, 0.20811214395, 0.13842340949],
      [0.0060218201649, 0.84397098213, 0.032507088558, 0.11750010915],
      [7.4927458898e-05, 0.12230117325, 0.87475245292, 0.0028714463772],
      [0.15004257768, 0.62391302016, 0.023518858287, 0.20252554387],
      [0.34251284021, 0.19727487668, 0.33650168178, 0.12371060133]
    ],
    [
      [0, 0.70042155611, 0.23027525536, 0.069303188527],
      [0, 0.9054101934, 0.035805898667, 0.058783907936],
      [0, 0.11681194192, 0.88149785433, 0.0016902037433],
      [0.1132673976, 0.74487643603, 0.028909079411, 0.11294708696],
      [0.2542573672, 0.25115990008, 0.42413668278, 0.070446049941]
    ],
    [
      [0.00022714378752, 0.61649993057, 0.30836055999, 0.074912365649],
      [0.0094503849762, 0.86820816537, 0.052391635713, 0.069949813944],
      [0.0014299853359, 0.076479683422, 0.92011346573, 0.0019768655122],
      [0.22153977962, 0.62485377896, 0.036982871004, 0.11662357041],
      [0.3896467235, 0.15039540799, 0.4055557602, 0.054402108317]
    ],
    [
      [0, 0.72617114218, 0.18642576315, 0.087403094673],
      [0, 0.89909740862, 0.028735239464, 0.072167351914],
      [0, 0.13742387332, 0.85589788601, 0.0066782406706],
      [0.08572609528, 0.75262418498, 0.02307359436, 0.13857612538],
      [0.19009898897, 0.32370740403, 0.38629556815, 0.099898038848]
    ],
    [
      [0.00012218732509, 0.58283280336, 0.34331239164, 0.073732617673],
      [0.0065911999032, 0.86013348829, 0.061115107743, 0.072160204059],
      [0.00087673329347, 0.061849639645, 0.93455039169, 0.0027232353714],
      [0.16684281858, 0.65896947929, 0.046054193375, 0.12813350875],
      [0.2886503234, 0.15609504682, 0.4963553125, 0.058899317286]
    ],
    [
      [0.00028972828439, 0.53789355477, 0.35976760828, 0.10204910866],
      [0.0066085190242, 0.82649980914, 0.064257319739, 0.10263435209],
      [0.0032630552434, 0.042128285037, 0.94427885167, 0.010329808047],
      [0.16852847625, 0.6016883721, 0.046461063183, 0.18332208847],
      [0.29933953509, 0.13050211237, 0.49357384413, 0.076584508408]
    ],
    [
      [0, 0.51541968451, 0.35536240232, 0.12921791317],
      [0.0059380792147, 0.79498011804, 0.066978232853, 0.13210356989],
      [0, 0.048535482556, 0.94750473004, 0.0039597874009],
      [0.14699216838, 0.58132987404, 0.047422249502, 0.22425570809],
      [0.24969760574, 0.13821871577, 0.50988755971, 0.10219611878]
    ],
    [
      [0.0001979397443, 0.59258079736, 0.32348126068, 0.083740002217],
      [0.0088628349957, 0.85423208919, 0.056719309773, 0.080185766044],
      [0.0011069221903, 0.069191029836, 0.92681285841, 0.002889189559],
      [0.20837977132, 0.61800542236, 0.039910399281, 0.13370440703],
      [0.36005466483, 0.14700090852, 0.43120994914, 0.061734477512]
    ],
    [
      [0, 0.65265095758, 0.2069570283, 0.14039201412],
      [0.0058286271674, 0.84255672859, 0.03235032944, 0.1192643148],
      [9.2225206248e-05, 0.12299993868, 0.87479439965, 0.0021134364683],
      [0.14565884985, 0.62415954422, 0.02344415838, 0.20673744755],
      [0.33608097802, 0.19887227474, 0.33807525526, 0.12697149197]
    ],
    [
      [0, 0.69814182993, 0.20489867519, 0.09695949488],
      [0, 0.88554787015, 0.031692363782, 0.08275976607],
      [0, 0.12354013706, 0.8696528208, 0.0068070421476],
      [0.067748994244, 0.75306979915, 0.025177815827, 0.15400339078],
      [0.24498905892, 0.25237905829, 0.39893449264, 0.10369739015]
    ],
    [
      [0.00017928483817, 0.69051398739, 0.23916450704, 0.07014222073],
      [0.0087179915307, 0.89427647773, 0.03705549863, 0.059950032105],
      [0.0010859432072, 0.1119709166, 0.88615057383, 0.00079256636272],
      [0.21057449264, 0.65951400906, 0.026902017933, 0.10300948036],
      [0.42470512815, 0.18183615248, 0.33852605479, 0.054932664583]
    ],
    [
      [0, 0.69976967178, 0.20075781633, 0.099472511896],
      [0.01017845341, 0.87769426676, 0.029896546128, 0.082230733707],
      [0, 0.1308439221, 0.8634600375, 0.0056960404015],
      [0.38263033818, 0.49352503971, 0.016706892036, 0.10713773008],
      [0.65661114676, 0.11625250528, 0.1783134442, 0.048822903769]
    ],
    [
      [0.00018875613727, 0.68469455966, 0.22146221483, 0.09365446938],
      [0.0094647857064, 0.8768073916, 0.033650553135, 0.080077269555],
      [0.0009708515639, 0.11579472097, 0.87837024411, 0.0048641833522],
      [0.21973762217, 0.62543905552, 0.023743572717, 0.1310797496],
      [0.4513953069, 0.17437971219, 0.30348172691, 0.070743254]
    ],
    [
      [6.3723277706e-05, 0.66393510773, 0.24433732586, 0.09166384313],
      [0.0071451511791, 0.87405706217, 0.03858171928, 0.080216067366],
      [0.00035550390633, 0.10541080209, 0.89047717957, 0.0037565144299],
      [0.17714032703, 0.65581330733, 0.028470685668, 0.13857567997],
      [0.36570779611, 0.18758790073, 0.36997946357, 0.076724839592]
    ],
    [
      [0, 0.73438791887, 0.19227866297, 0.073333418163],
      [0, 0.91055698297, 0.029439889266, 0.060003127764],
      [0, 0.13953456842, 0.85742298303, 0.0030424485436],
      [0.10746118323, 0.75372977431, 0.023376551163, 0.1154324913],
      [0.2744219834, 0.2707800528, 0.37562655058, 0.07917141321]
    ],
    [
      [0, 0.68257641514, 0.22006089002, 0.097362694844],
      [0, 0.88268133726, 0.034014105839, 0.083304556898],
      [0, 0.11678796721, 0.87785357558, 0.0053584572037],
      [0.12356225712, 0.69760889721, 0.026522293729, 0.15230655194],
      [0.28307732403, 0.23173160728, 0.38993848257, 0.09525258613]
    ],
    [
      [0.00012365121896, 0.64311899108, 0.26513454787, 0.091622809833],
      [0.0097951672975, 0.86527819956, 0.042844940515, 0.082081692629],
      [0.00067346449544, 0.093694511051, 0.90172295809, 0.0039090663661],
      [0.22784651985, 0.60952707847, 0.029625282482, 0.13300111921],
      [0.42857764046, 0.15709597971, 0.34793544428, 0.066390935543]
    ],
    [
      [0, 0.63513985126, 0.28038080358, 0.08447934516],
      [0.0056017045301, 0.87247602778, 0.046041781286, 0.075880486404],
      [0, 0.087545927303, 0.90912824812, 0.0033258245783],
      [0.38494052466, 0.48972087885, 0.025634491898, 0.099704104597],
      [0.60565022833, 0.10505291219, 0.24794416163, 0.041352697848]
    ],
    [
      [0.00016142100023, 0.70983606851, 0.133464553, 0.15653795749],
      [0.0057602722663, 0.8554102398, 0.020446674637, 0.1183828133],
      [0.00090065100749, 0.18615353753, 0.80787750288, 0.0050683085848],
      [0.12508876172, 0.64262787224, 0.014428051765, 0.21785531428],
      [0.34906654568, 0.24404309949, 0.24732161766, 0.15956873717]
    ],
    [
      [0.00012716459958, 0.67291515695, 0.259627476, 0.067330202445],
      [0.0090416537332, 0.89112896609, 0.041361838341, 0.058467541838],
      [0.0008538957544, 0.10256931253, 0.89657679172, 0],
      [0.21264594165, 0.65657505462, 0.029908325419, 0.10087067831],
      [0.41126061199, 0.1749212795, 0.36188274287, 0.051935365641]
    ],
    [
      [8.3560626549e-05, 0.68747570987, 0.22082542511, 0.091615304388],
      [0.0094848203519, 0.87882582585, 0.033809177899, 0.0778801759],
      [0.00053427463392, 0.11864994757, 0.87684574128, 0.0039700365184],
      [0.22333548612, 0.62536236876, 0.023687975933, 0.12761416919],
      [0.45363057285, 0.17526476989, 0.30187399612, 0.069230661131]
    ],
    [
      [0.00023997840852, 0.75622883244, 0.15391851101, 0.089612678146],
      [0.0099400218504, 0.8958948318, 0.023042401149, 0.071122745204],
      [0.0013365841195, 0.17007411908, 0.8225833863, 0.0060059104965],
      [0.22720815523, 0.64077786938, 0.015678932942, 0.11633504245],
      [0.51671666088, 0.19732177508, 0.21637039191, 0.069591172135]
    ],
    [
      [0.0001252900945, 0.71678248029, 0.19021665573, 0.092875573889],
      [0.0070526095211, 0.88750068948, 0.028437354403, 0.077009346598],
      [0.00070932162077, 0.13797500129, 0.85640788793, 0.0049077891612],
      [0.16928215481, 0.67548628502, 0.021153670223, 0.13407788994],
      [0.3942539987, 0.21543166466, 0.3075153358, 0.082799000845]
    ],
    [
      [0, 0.69465507613, 0.1671455758, 0.13819934807],
      [0.013292429121, 0.8502416708, 0.024670148815, 0.11179575126],
      [0, 0.15275765657, 0.84082807907, 0.0064142643661],
      [0.29390251991, 0.52942671139, 0.015060598922, 0.16161016978],
      [0.58575105956, 0.14381729163, 0.18562945687, 0.084802191939]
    ],
    [
      [0.0001055483697, 0.67496556081, 0.22614692599, 0.098781964831],
      [0.008082362076, 0.87200858796, 0.034920933432, 0.084988116527],
      [0.00062691592277, 0.11386602831, 0.88095444136, 0.0045526144003],
      [0.19326467339, 0.63847952214, 0.025211677063, 0.1430441274],
      [0.40440987306, 0.18430499339, 0.33133428173, 0.079950851816]
    ],
    [
      [0, 0.72294561309, 0.20958489189, 0.06746949502],
      [0, 0.91264192848, 0.032650214939, 0.054707856579],
      [0, 0.13129486979, 0.86842698352, 0.00027814668939],
      [0.11767540005, 0.74959120388, 0.025803104406, 0.10693029166],
      [0.29087405084, 0.25063607947, 0.38921428426, 0.069275585429]
    ],
    [
      [0, 0.64900468964, 0.25926744048, 0.091727869877],
      [0, 0.87559522173, 0.041791316476, 0.082613461799],
      [0, 0.096398690557, 0.89904780762, 0.0045535018213],
      [0.11706876921, 0.69954842111, 0.032744544886, 0.15063826479],
      [0.26057497439, 0.20749471475, 0.44504184825, 0.086888462618]
    ],
    [
      [0.00017312902631, 0.70468780926, 0.20415106618, 0.090987995533],
      [0.0080831614471, 0.88508190299, 0.030762092536, 0.076072843026],
      [0.00086589812445, 0.12843717253, 0.86610646291, 0.0045904664365],
      [0.19344604326, 0.65476004651, 0.022367931791, 0.12942597844],
      [0.42276000791, 0.1963206261, 0.3057084837, 0.075210882285]
    ],
    [
      [0.0001472237684, 0.70248069361, 0.1917555393, 0.10561654331],
      [0.0097385804985, 0.87415697823, 0.028320732312, 0.087783708956],
      [0.0007370436915, 0.13426507708, 0.85865818107, 0.0063396981559],
      [0.22579108735, 0.61346360142, 0.019650853226, 0.141094458],
      [0.4804078421, 0.17817925896, 0.26194342166, 0.079469477281]
    ],
    [
      [0.00019090214783, 0.73216030815, 0.18951360148, 0.078135188224],
      [0.0070599497995, 0.90077454675, 0.028626743729, 0.063538759723],
      [0.0009074917605, 0.14231829436, 0.8540856874, 0.0026885264723],
      [0.17377391818, 0.69168208986, 0.021241165825, 0.11330282613],
      [0.40356019591, 0.22045915614, 0.30604025346, 0.069940394486]
    ],
    [
      [0, 0.73019612332, 0.18223775405, 0.087566122622],
      [0.0043718546284, 0.89601045043, 0.02706485187, 0.072552843072],
      [2.9587153607e-05, 0.14234997122, 0.85172765244, 0.0058927891916],
      [0.12386648553, 0.72216226514, 0.021212096668, 0.13275915266],
      [0.32224054463, 0.2501490221, 0.33844869183, 0.089161741435]
    ],
    [
      [0, 0.67946961397, 0.22334842575, 0.097181960279],
      [0, 0.88051365575, 0.034576928134, 0.08490941612],
      [0, 0.11066579561, 0.88231968135, 0.0070145230346],
      [0.089350960381, 0.72440721552, 0.027895653697, 0.1583461704],
      [0.19415564976, 0.27039952907, 0.43247902216, 0.102965799]
    ],
    [
      [0, 0.70568883647, 0.1894748224, 0.10483634113],
      [0.011179700929, 0.87427322895, 0.028195077105, 0.086351993017],
      [0, 0.13840939633, 0.85561205377, 0.0059785499013],
      [0.32035427689, 0.5399233157, 0.017128765435, 0.12259364198],
      [0.59980109779, 0.13913369551, 0.19992284206, 0.061142364635]
    ],
    [
      [0, 0.6899138148, 0.21928339855, 0.090802786648],
      [0, 0.88837432817, 0.033973301663, 0.077652370168],
      [0, 0.11857462769, 0.87661664955, 0.0048087227529],
      [0.094449546813, 0.73390289602, 0.0269704069, 0.14467715026],
      [0.26352622203, 0.23805191455, 0.40567178372, 0.092750079699]
    ],
    [
      [7.9250008253e-05, 0.7009426205, 0.20945128908, 0.089526840412],
      [0.0073873170826, 0.88553455119, 0.031981296471, 0.075096835258],
      [0.00049983728178, 0.12663921906, 0.86908982024, 0.0037711234202],
      [0.18160470387, 0.66492065046, 0.023496779871, 0.1299778658],
      [0.39788468972, 0.20212577387, 0.32350546966, 0.076484066744]
    ],
    [
      [0.0001676830332, 0.72468395159, 0.18242414601, 0.092724219365],
      [0.0085096916024, 0.88850553989, 0.02734703532, 0.07563773319],
      [0.00087248177404, 0.14479741441, 0.84930033202, 0.0050297717936],
      [0.20299688861, 0.65037377553, 0.019385794566, 0.12724354129],
      [0.45418062871, 0.19998990148, 0.26995378181, 0.075875688001]
    ],
    [
      [0.00012668433843, 0.63487781362, 0.24141534086, 0.12358016119],
      [0.0078771740663, 0.84470473009, 0.038380497271, 0.10903759857],
      [0.00082882060776, 0.10138830255, 0.89301481837, 0.0047680584729],
      [0.18711676083, 0.60481091894, 0.027102629849, 0.18096969038],
      [0.38613874265, 0.16935104056, 0.34659809655, 0.097912120244]
    ],
    [
      [0, 0.65753188646, 0.22863196321, 0.11383615033],
      [0.03848106997, 0.83695951745, 0.033025014769, 0.091534397808],
      [0, 0.11330049411, 0.8798724202, 0.0068270856874],
      [0.72172024615, 0.21332101924, 0.0087042777288, 0.056254456875],
      [0.87974846199, 0.036174292214, 0.065860231496, 0.018217014295]
    ],
    [
      [0, 0.61339770403, 0.29129962318, 0.095302672793],
      [0, 0.86549952411, 0.048399544492, 0.086100931394],
      [0, 0.078189295305, 0.91593969729, 0.0058710074028],
      [0.4677698045, 0.41686179512, 0.022369251365, 0.092999149013],
      [0.69701592417, 0.076233510142, 0.19197184225, 0.034778723439]
    ],
    [
      [8.2866547202e-05, 0.62526371456, 0.27594827541, 0.098705143486],
      [0.0065218609291, 0.85820069313, 0.045235091816, 0.090042354122],
      [0.00045714262492, 0.086761113324, 0.90765962239, 0.0051221216623],
      [0.16325898521, 0.646596922, 0.033552462187, 0.1565916306],
      [0.32463926137, 0.17531563057, 0.41766756678, 0.082377541285]
    ],
    [
      [0, 0.66479004769, 0.191458783, 0.14375116931],
      [0, 0.85151303654, 0.031041799442, 0.11744516402],
      [0, 0.13168174821, 0.8656893351, 0.0026289166896],
      [0.065351789115, 0.69217775925, 0.023099798545, 0.21937065309],
      [0.24239522903, 0.23809272191, 0.36736972128, 0.15214232778]
    ],
    [
      [0, 0.72802365496, 0.1978512791, 0.074125065944],
      [0, 0.90172193787, 0.031251870834, 0.067026191299],
      [0, 0.11781036687, 0.87341391376, 0.0087757193723],
      [0.033521868083, 0.81623809578, 0.025973207655, 0.12426682849],
      [0.20430403466, 0.28205214641, 0.427883809, 0.085760009932]
    ],
    [
      [2.9366652926e-05, 0.63022258578, 0.19122043576, 0.17852761181],
      [0.0057597864252, 0.82761228513, 0.031405678255, 0.13522225019],
      [0, 0.13063027212, 0.86936972788, 0],
      [0.13396290827, 0.58971488403, 0.021575911543, 0.25474629615],
      [0.32138726129, 0.19685839058, 0.31797572919, 0.16377861893]
    ],
    [
      [0, 0.57708852757, 0.30219741087, 0.12071406156],
      [0, 0.83261304147, 0.053298735767, 0.11408822277],
      [0, 0.076081059772, 0.92152576547, 0.0023931747611],
      [0.10687334722, 0.64889256287, 0.039809908705, 0.20442418121],
      [0.2303079631, 0.17401883356, 0.48807490362, 0.10759829972]
    ],
    [
      [8.7783904301e-05, 0.63748695254, 0.27336098493, 0.089064278629],
      [0.0087469624296, 0.86592176226, 0.04496720318, 0.080364072135],
      [0.00049880200012, 0.091485092899, 0.90504383992, 0.0029722651756],
      [0.20754500901, 0.62670138362, 0.03179454, 0.13395906738],
      [0.39097446561, 0.16422997238, 0.37684379218, 0.067951769831]
    ],
    [
      [0.00020158951121, 0.66782706922, 0.23793760313, 0.094033738136],
      [0.0091763043967, 0.87187362653, 0.036903878015, 0.082046191057],
      [0.0010248364919, 0.10613202958, 0.88825866891, 0.0045844650121],
      [0.21073345656, 0.62758701478, 0.026220307452, 0.1354592212],
      [0.42428381294, 0.17269963094, 0.33091528643, 0.072101269689]
    ],
    [
      [0, 0.66186549457, 0.20633665507, 0.13179785036],
      [0.010643944766, 0.84795852319, 0.030912780947, 0.1104847511],
      [0, 0.12293778927, 0.87043244091, 0.0066297698122],
      [0.43277456886, 0.42311835134, 0.015511278891, 0.12859580091],
      [0.69373887812, 0.094562132228, 0.15644076376, 0.055258225896]
    ],
    [
      [0, 0.59622853507, 0.30383911257, 0.099932352361],
      [0.29158204351, 0.64397859502, 0.047656764688, 0.016782596784],
      [0, 0.13228771894, 0.8501014528, 0.017610828252],
      [0.98116648163, 0.011367284113, 0.0061236764881, 0.0013425577697],
      [0.980936469, 0.010480409514, 0.0076141336461, 0.00096898783896]
    ]
  ],
  "expected_outcome": [
    [
      [0, 0.0014302258777, 0, 0.0074957449882, 0, 0.0034212451026, 0.0011589131376, 0, 0.015241360311, 0, 0, 0.0080678177174, 0, 0.0077390016279, 0.0082840261018, 0, 0, 0.0069244682618, 0, 0.0037126830052, 0.0072483821758, 0.0048465163399, 0.0086392227067, 0.0048863136856, 0, 0.0081272244671, 0, 0, 0.011426515736, 0.0082445310306, 0.016226682566, 0, 0, 0, 0, 0.010936501139, 0.018780499719, 0.0050673735372, 0, 0, 0.0027345960576, 0, 0, 0.0016738992168, 0, 0.027388578142, 0.0078619909371, 0, 0],
      [26.1947016668, 40.5133654609, 23.8143329078, 20.3444977088, 22.5113054075, 16.3193184942, 2.1515742191, 12.8854921127, 45.628721397, 48.2961708609, 21.6423967278, 31.0731294324, 83.2725909415, 28.0724769459, 86.3115640046, 29.3755167546, 40.2720084932, 36.0146635003, 42.5543700342, 16.3262295758, 38.3561639462, 39.8735911727, 27.2242379677, 27.9545167311, 43.0686147201, 51.9723481822, 42.6537911721, 23.364168827, 46.5093954113, 39.3389188424, 62.2336261928, 14.6039224665, 14.9483315074, 83.271282704, 49.6737946656, 96.7300816296, 81.1646025786, 25.3951125447, 115.7256120167, 43.5512369859, 20.6337025805, 18.6141213354, 4.3681419298, 35.9226873895, 21.3522755201, 198.8959291917, 26.0452556997, 158.8477186965, 30.4076552887],
      [11.0507778878, 12.9029529247, 7.8293586823, 10.1758984798, 5.7791986577, 9.6127469658, 1.4390704331, 8.884060058, 24.908057072, 15.3148200941, 6.3518589309, 10.762402817, 23.8901801428, 9.0799508079, 31.7638523624, 7.6911465188, 12.983592511, 14.8475346807, 18.7855138401, 3.0696847189, 14.7987661322, 12.8078746564, 5.5410663963, 7.4184495735, 10.3630256998, 17.4133133013, 12.3655086217, 9.3336278574, 13.4739703678, 10.738310201, 16.1086561256, 3.6447550811, 4.9136653665, 22.3580290427, 15.7884046957, 28.9042778924, 20.4315043528, 9.6566136343, 40.2392255254, 20.6822732458, 9.1062930884, 5.3608459239, 1.1871076746, 10.8995648381, 11.1813042023, 85.2886272981, 9.2795665221, 49.5207972169, 15.4957947409],
      [3.7545204454, 8.5822513886, 2.3563084099, 2.4721080664, 2.7094959349, 2.0645132948, 0.40819643463, 3.2304478293, 6.4479801707, 10.3890090449, 3.0057443413, 3.1563999329, 11.8372289157, 3.8398332446, 11.9162996069, 2.9333367265, 5.7443989958, 5.1308773507, 5.6601161257, 3.6003730222, 3.8378215394, 5.3136876545, 3.2260564133, 3.6221473817, 8.5683595801, 7.606211292, 3.9807002062, 3.3022033156, 6.0052077052, 5.9145264255, 6.6414909991, 1.7513224524, 2.1380031261, 12.3706882533, 6.5378006386, 12.3547039768, 10.3851125689, 4.9432064475, 20.0351624579, 6.7664897683, 3.257269735, 4.0250327407, 0.44475039566, 10.1760738732, 4.4664202776, 27.7880549321, 3.6673157873, 31.6314840866, 5.0965499704]
    ],
    [
      [1.0503155725, 1.535564142, 0, 0.54812232862, 0, 0.22410079671, 0.039651114145, 0.24939932702, 1.0724030345, 0.81017917627, 0, 0.74974727164, 2.1171183093, 1.1168447134, 2.0649486908, 0, 0, 1.5378412657, 0.64419602096, 0.87556138448, 1.3924146749, 2.911839848, 1.0834623817, 1.4739953899, 2.6186085369, 2.0367552431, 0, 0, 1.1801415713, 1.0615052743, 1.1860715663, 0.36286393415, 0, 3.6669419046, 0, 3.6788839071, 1.6764092457, 0.61441957717, 4.8870958862, 0, 0.36522421203, 0, 0, 1.8546512289, 0, 7.5048937646, 1.2204484848, 4.8855706478, 12.2464458272],
      [184.0553280701, 215.2126004433, 146.6764513303, 50.3560735913, 62.9368186035, 29.244538602, 4.9589988549, 33.3891649576, 103.3620827917, 117.115385274, 87.6692391447, 76.9077770852, 182.5604074852, 103.4632722092, 252.6024909684, 102.8929390756, 86.5027710518, 135.8486773308, 100.3347431948, 130.022356449, 137.2338607775, 269.7995285355, 97.6525366659, 185.487644101, 167.497609148, 219.7461641672, 230.898407906, 200.5113057752, 129.2219578367, 95.2831106275, 151.3301238537, 74.3688673856, 61.6359559022, 286.7616190954, 187.4469832438, 440.9962064919, 175.0355913579, 65.886968947, 106.2938587164, 61.4504662121, 48.0592388154, 158.3814247964, 22.5430484467, 266.4911558127, 211.4837125326, 742.960872015, 115.9591923287, 389.2129621443, 27.047100991],
      [9.3363284908, 8.2893075823, 5.8005555841, 3.0387148714, 2.0114667625, 2.0779136633, 0.38554391843, 2.8130857798, 6.8630364825, 4.4966957922, 3.1375440144, 3.1867728822, 6.2184815946, 3.97076527, 11.150116872, 3.326707487, 3.3333823722, 6.7266556608, 5.2948048479, 3.1078945448, 6.3697231045, 10.3794176151, 2.5116217252, 5.9434070702, 4.8600193166, 8.8000752249, 8.2605043795, 9.5702114729, 4.4912655102, 3.086959822, 4.8092929465, 2.2463827053, 2.4203849694, 9.2479852904, 7.1683666508, 15.9266856425, 5.387365958, 2.9936787871, 4.1941768757, 3.4363676589, 2.5331651417, 5.7737746962, 0.78129677085, 10.1126283982, 13.5378788848, 38.5818603286, 4.908215776, 14.1889664547, 2.0015841169],
      [17.5580278666, 29.9625278324, 9.5229930856, 4.0570892087, 5.051714634, 2.453446938, 0.61580611256, 5.5483499356, 9.7024776913, 16.5777397576, 8.193216841, 5.155702761, 17.103992611, 9.4491178074, 23.1824434688, 6.7803534373, 8.163846576, 12.8868257427, 8.7262559364, 17.9941876217, 9.0040014431, 23.9092140014, 7.7523792272, 16.094953439, 22.0237629985, 21.4170053648, 13.8410877145, 18.9184827519, 11.1066350818, 9.5684242762, 10.6745116334, 6.021885975, 5.9436591284, 28.3234537095, 16.3846501053, 37.3982239585, 14.9006334385, 8.5049326888, 11.6248685217, 6.113166129, 5.0423718308, 21.8448005074, 1.6756547825, 43.5415645602, 28.9784085827, 68.9523738919, 10.9121434106, 50.7125007533, 0.70486906491]
    ],
    [
      [0, 0.043982418373, 0, 0.3303266126, 0, 0.21830659007, 0.16315276217, 0, 0.52136035163, 0.029788741618, 0, 0.30732192765, 0, 0.18349094558, 0.25311878131, 0, 0, 0.21820249652, 0, 0.090065100749, 0.45256474983, 0.26980869013, 0.20717053851, 0.13193382146, 0, 0.28461982894, 0, 0, 0.23812198422, 0.12456038386, 0.29947228096, 0.0028403667463, 0, 0, 0, 0.42236250311, 0.37952957171, 0.24201561746, 0, 0, 0.093257095483, 0, 0, 0, 0, 1.1282901243, 0.19164442399, 0, 0],
      [47.2787542499, 71.7907886963, 40.6505557891, 17.6668068704, 27.0725030447, 15.4005602717, 2.1064142518, 12.6677609472, 32.5889750529, 39.7289801929, 17.295619188, 31.6877693987, 62.5433947632, 21.8852022642, 75.0524910916, 36.5580569265, 39.8246968191, 30.3570215804, 28.89015601, 18.6153537531, 54.3617356405, 59.918223521, 26.3614884581, 25.6633502394, 46.8966005659, 51.695176854, 45.6906146872, 30.0763914537, 35.320222445, 22.6907980265, 46.9650371401, 13.665597237, 10.8452479701, 74.0490270361, 54.9000526221, 107.0101401054, 62.9868752674, 29.6053843456, 66.7339910325, 17.9053486248, 17.699267118, 21.9908519504, 2.2383969705, 50.1620244959, 24.7263444259, 206.9392801384, 19.8466895323, 96.7520401594, 16.4036771491],
      [462.7030019409, 513.4796898619, 306.7612533082, 212.5462105837, 168.6118835432, 232.7030475307, 47.2139425836, 247.2987345412, 436.5288563132, 282.5585910862, 121.7513949113, 250.780612393, 412.7338979248, 166.0119761366, 634.019751853, 224.6448215551, 299.3480692744, 292.1582384205, 300.0123218792, 80.7877502876, 475.1856996096, 442.8070993471, 127.5004248764, 159.2918671552, 258.1342202737, 399.9533163793, 302.2125902649, 280.5029159781, 238.1792773007, 145.1132326013, 281.8482768431, 81.7658546339, 86.4673287725, 457.7524487667, 405.8735087433, 734.3808981015, 369.4456444307, 260.7603269628, 518.2448554976, 209.7501906799, 185.1625629674, 144.5701189624, 16.5948643615, 333.8379755041, 299.4958737768, 2047.20916591, 166.1043710864, 685.0303309984, 105.4125801477],
      [2.0182438092, 1.6855390234, 0.58819090267, 0.45665593333, 1.3156134121, 0.67808560749, 0.51649040236, 1.0335045116, 1.3608082823, 0.68263997927, 0.95298590067, 0.22429628065, 2.7227073119, 0.91933065357, 2.6746382741, 0.79712151842, 1.8272339065, 1.2665375026, 1.0975221108, 0.50683085848, 0, 2.0048684418, 0.93091612696, 0.91284878399, 1.9691791604, 2.0668869377, 0.096795047908, 1.4206925683, 1.26237827, 1.0714089883, 0.88721373587, 0.56570776239, 0.68742325739, 3.1985241972, 2.2264386346, 3.1865992901, 2.1879507302, 1.3922730741, 4.0211534699, 1.3444606952, 1.0449128191, 0.43902908716, 0.16673866807, 0, 0.77778179737, 6.7232638273, 0.85729495727, 5.2176288422, 2.1837427032]
    ],
    [
      [9.3513079223, 11.5532784816, 4.3041611088, 6.4246536089, 2.0574262867, 4.3379132831, 0, 1.7639060205, 6.6681526823, 6.7003070931, 2.1002188216, 6.3172347793, 15.305213527, 6.3723910428, 14.1712261624, 2.0417624813, 4.6953657707, 6.3797025557, 14.2427994124, 3.0021302812, 8.9311295495, 13.4001291671, 6.8162446569, 7.1098505022, 6.465855438, 9.6632336696, 8.0019272035, 5.6193009221, 7.3509496438, 8.3542702319, 6.7771828091, 1.7341307974, 0.89350960381, 19.5416108903, 4.7224773406, 20.8845409446, 7.3078879901, 1.8711676083, 18.7647264, 14.968633744, 2.4488847782, 4.1825145034, 0.56987175741, 12.8604391942, 9.9392212916, 36.5279215854, 8.6400717191, 36.353063784, 5.8869988898],
      [40.6873813296, 48.041302552, 28.3053045691, 18.1207595899, 18.0629804396, 17.1332064616, 0, 6.9759584884, 19.7761735156, 28.7113390339, 23.3451637737, 19.7854202718, 19.7410015884, 18.13773261, 52.4650645866, 14.320865712, 26.5091380939, 17.0667581971, 18.1196725173, 15.4230689338, 27.5761522941, 37.5217421255, 19.2233360814, 28.3704239707, 11.6473876506, 31.9239761072, 50.972201864, 33.5783242133, 24.8808817674, 22.6981532527, 26.9756015047, 10.110271712, 7.2440721552, 32.9353222575, 36.6951448012, 76.4658748028, 23.4134559192, 6.0481091894, 5.5463465003, 13.3395774439, 9.69895383, 44.2993765919, 13.8760476282, 56.6126288672, 60.3470083467, 110.2994435162, 25.7310676062, 35.5419415126, 0.06820370468],
      [2.0259005521, 1.8109520881, 1.0985450176, 1.0725032591, 0.55376626464, 1.1974090278, 0, 0.56906699402, 1.277132777, 1.0784312855, 0.78051229063, 0.80706053798, 0.66827568145, 0.68856360879, 2.2776548534, 0.44415447209, 1.0078471617, 0.82950790951, 0.94847620022, 0.34627324236, 1.2561496676, 1.421278556, 0.47036798827, 0.88845414938, 0.33133317629, 1.2605838532, 1.7546110996, 1.5717381545, 0.84998140806, 0.72708156935, 0.82840546717, 0.29696935335, 0.27895653697, 1.0448546915, 1.348520345, 2.7021296851, 0.69788860439, 0.27102629849, 0.22631122095, 0.71581604368, 0.50328693281, 1.4783871069, 0.44154453013, 2.0712875081, 3.7023215095, 5.59583904, 1.0750326055, 1.3029474269, 0.036742058929],
      [8.935410196, 15.5944668783, 4.2919893045, 3.382083542, 3.325827009, 3.3314712275, 0, 2.691068497, 4.2785410251, 9.5099225875, 4.7741051141, 3.0902844109, 4.2855092031, 3.8013127384, 11.0860543976, 2.1932173346, 5.7876489737, 3.7240313377, 3.6890518701, 5.2285275427, 4.2365684888, 7.6568501514, 3.4900512734, 5.6312713777, 3.5554237351, 7.1522063701, 7.2712598329, 7.23063671, 4.9181871807, 5.220494946, 4.4188102191, 1.8586281373, 1.583461704, 7.4782121606, 7.2338575132, 14.9474545675, 4.5807674864, 1.8096969038, 1.4626158787, 2.9759727684, 2.348874459, 14.0397217979, 2.1125360843, 24.4556444305, 19.0114488522, 23.5767958584, 5.5538280692, 10.8020472765, 0.0080553466182]
    ],
    [
      [14.5983765052, 19.8657447321, 11.6958388912, 11.6894017049, 4.9425737133, 7.216258085, 1.7960372105, 10.9866946525, 18.7228425713, 15.459724989, 4.8997811784, 10.6176282037, 27.5776681637, 6.3195342967, 24.5024223394, 7.9582375187, 13.3046342293, 12.8573292138, 12.1130045666, 8.0285305506, 15.2166426436, 20.4133757784, 11.8844832002, 8.2793339727, 19.9155360251, 19.0072640339, 15.9980727965, 9.3806990779, 15.2193602849, 13.4514195788, 13.7210466611, 2.9001649017, 3.1064903962, 25.7914472051, 10.2775226594, 37.0032761441, 23.6173926928, 9.2673298235, 41.3481777138, 16.031366256, 9.0898993182, 5.8174854966, 1.4301282426, 19.2832356777, 8.0607787084, 68.8115059477, 5.9399733812, 70.7613655682, 6.866555283],
      [8.7838346836, 11.4419428476, 11.5533554037, 4.5118622396, 8.4163925047, 3.9023761705, 0.78301267421, 6.081623494, 7.6440472428, 9.1481246382, 5.0475811658, 4.5459038119, 4.8826052217, 2.4413159706, 12.5683893487, 7.8526215313, 10.891385542, 4.7128793914, 2.1010582438, 5.6129912882, 6.4720873417, 7.8869146453, 4.5384008269, 4.5240649578, 4.8897879154, 8.6623346895, 13.7849843706, 7.4698097308, 7.0675425396, 4.9890192509, 7.4956113087, 2.2513411989, 4.3263924651, 5.9827489071, 9.2840246673, 18.7976969703, 10.399474877, 4.0644249734, 1.7001917341, 1.7533707333, 4.9088376561, 5.7142253259, 1.9743650249, 11.8115034347, 6.0906591748, 28.9044751387, 2.4177948332, 9.6453374873, 0.073362866601],
      [19.8839911284, 19.5170975431, 19.5102874078, 12.1666728061, 10.043684772, 12.4088828124, 2.9614430648, 22.435052627, 22.4229173553, 15.551461742, 7.9786898528, 8.4631513699, 7.4891646563, 4.2487441767, 24.7886240591, 10.8931699669, 18.3271086806, 10.4380633285, 4.9588832326, 5.6883972063, 13.389661486, 13.5843298254, 4.9765190138, 6.4578220518, 6.3114015336, 15.5727112413, 21.4067856343, 16.021506537, 11.0055054132, 7.3344158064, 10.4053686177, 3.0460382265, 6.9196643546, 8.5966822086, 15.8211995651, 30.0860086785, 14.0375966541, 8.3183543173, 3.0954308803, 4.4153523716, 11.6946918697, 8.8168733107, 2.995186663, 19.0785437515, 17.0826216266, 66.3245074233, 4.63281401, 15.9569579032, 0.053298935522],
      [3.7337976828, 7.1752148773, 3.2405182973, 1.6320632495, 2.59734901, 1.4724829321, 0.45950705045, 4.4966292265, 3.2101928306, 5.8406886308, 2.073947803, 1.3733166146, 2.0505619583, 0.99040555601, 5.1405642527, 2.2959709831, 4.4768715481, 1.9917280663, 0.82705395696, 3.6700809549, 1.9216085287, 3.1153797509, 1.6005969591, 1.7387790177, 2.8832745259, 3.7576900353, 3.8101571986, 3.1279846543, 2.7075917623, 2.2251453639, 2.3779734125, 0.80245567291, 1.6474527841, 2.6291216793, 3.6172531082, 7.1130182072, 3.9455357761, 2.3498908859, 0.85619967188, 0.79991063909, 2.306571156, 3.6514158668, 0.60032006953, 9.826717136, 3.7659404902, 11.9595114903, 1.0094177756, 5.6363390414, 0.0067829148727]
    ]
  ],
  "prob": [
    [6.435171753e-05, 0.66832672762, 0.23102669988, 0.10058222079],
    [0.0083702112056, 0.86861538066, 0.036150339176, 0.086864068953],
    [0.00037935634603, 0.11207141644, 0.88353478558, 0.0040144416326],
    [0.19988881621, 0.62951072335, 0.025719607983, 0.14488085246],
    [0.40860060427, 0.17954224195, 0.33188656934, 0.079970584444]
  ],
  "iterations": 95,
  "time": 2.896087,
  "message": "Converged",
  "status": 0,
  "miniter": 0,
  "maxiter": 1000,
  "maxtime": 3600,
  "param_threshold": 0.001,
  "ll_threshold": "-Inf",
  "initial_prob": "random",
  "adjust_prob_cond_method": "project_lp",
  "adjust_prob_cond_every": true,
  "candidates_id": ["STEEDMAN, Geoffrey.c", "LITTLE, Andrew James.c", "YOUNG, Jonathan Edgar Joseph.c", "Other candidates votes.c"],
  "group_id": ["Green Party.p", "Labour Party.p", "National Party.p", "New Zealand First Party.p", "Other parties votes.p"]
}
