{
  "X": [
    [35, 50, 40, 73, 157, 429, 43],
    [19, 28, 44, 49, 60, 231, 16],
    [99, 65, 83, 207, 304, 418, 66],
    [3, 11, 7, 11, 33, 80, 18],
    [7, 17, 5, 10, 30, 72, 9],
    [19, 22, 14, 22, 28, 114, 8],
    [43, 52, 49, 82, 132, 452, 33],
    [6, 21, 26, 44, 63, 100, 14],
    [48, 196, 50, 96, 470, 970, 87],
    [26, 120, 35, 72, 261, 520, 45],
    [19, 27, 12, 53, 96, 235, 17],
    [45, 90, 23, 85, 208, 480, 58],
    [4, 8, 3, 7, 27, 90, 20],
    [23, 66, 32, 37, 156, 300, 30],
    [26, 140, 40, 92, 284, 566, 62],
    [23, 20, 30, 64, 76, 102, 15],
    [6, 15, 10, 30, 90, 132, 15],
    [11, 39, 37, 64, 194, 347, 42],
    [47, 40, 63, 101, 185, 315, 42],
    [23, 3, 21, 32, 57, 37, 7],
    [52, 59, 213, 260, 387, 480, 115],
    [10, 28, 65, 147, 251, 210, 54],
    [84, 53, 130, 204, 440, 313, 95],
    [29, 26, 84, 114, 252, 170, 71],
    [37, 44, 103, 154, 343, 210, 77],
    [47, 20, 55, 91, 350, 123, 43],
    [33, 29, 60, 95, 229, 183, 39],
    [22, 14, 42, 52, 114, 66, 21],
    [46, 45, 149, 173, 339, 369, 79],
    [35, 19, 60, 84, 195, 165, 38],
    [41, 20, 67, 97, 242, 131, 49],
    [20, 22, 64, 80, 169, 133, 37],
    [28, 16, 46, 62, 225, 92, 28],
    [52, 84, 204, 178, 418, 685, 73],
    [33, 18, 48, 77, 253, 123, 41],
    [58, 71, 36, 68, 144, 469, 32],
    [4, 5, 14, 53, 81, 105, 24],
    [33, 90, 61, 163, 325, 573, 55],
    [3, 1, 5, 14, 29, 31, 5],
    [209, 207, 129, 249, 761, 914, 183],
    [19, 13, 4, 9, 42, 92, 13]
  ],
  "W": [
    [120, 31, 202, 253, 103, 81, 37],
    [80, 18, 78, 139, 75, 38, 19],
    [134, 85, 389, 273, 212, 84, 65],
    [22, 3, 35, 67, 13, 13, 10],
    [30, 2, 40, 42, 13, 18, 5],
    [37, 19, 34, 83, 31, 17, 6],
    [154, 46, 169, 281, 102, 52, 39],
    [36, 9, 82, 77, 44, 15, 11],
    [356, 33, 559, 637, 139, 143, 50],
    [225, 27, 302, 302, 100, 80, 43],
    [77, 14, 121, 134, 66, 37, 10],
    [151, 32, 255, 338, 113, 67, 33],
    [21, 1, 36, 56, 16, 22, 7],
    [119, 28, 181, 167, 52, 64, 33],
    [208, 22, 352, 393, 113, 83, 39],
    [24, 18, 118, 71, 53, 18, 28],
    [33, 4, 97, 81, 47, 24, 12],
    [101, 16, 223, 185, 99, 85, 25],
    [88, 49, 243, 206, 122, 51, 34],
    [9, 12, 78, 26, 38, 7, 10],
    [125, 45, 552, 358, 283, 114, 89],
    [49, 17, 325, 149, 137, 53, 35],
    [77, 61, 564, 231, 217, 83, 86],
    [50, 27, 309, 122, 126, 70, 42],
    [51, 40, 412, 153, 195, 62, 55],
    [23, 34, 397, 78, 111, 36, 50],
    [47, 22, 302, 133, 98, 35, 31],
    [23, 17, 142, 46, 55, 24, 24],
    [88, 47, 430, 248, 194, 130, 63],
    [35, 28, 246, 118, 89, 49, 31],
    [33, 28, 325, 81, 92, 40, 48],
    [37, 22, 198, 103, 95, 35, 35],
    [23, 19, 258, 73, 71, 28, 25],
    [175, 43, 564, 440, 248, 145, 79],
    [29, 23, 292, 81, 94, 29, 45],
    [167, 63, 169, 295, 96, 56, 32],
    [6, 0, 104, 89, 59, 7, 21],
    [186, 28, 398, 364, 196, 83, 45],
    [3, 4, 33, 25, 18, 2, 3],
    [278, 152, 957, 648, 288, 189, 140],
    [30, 17, 53, 64, 12, 0, 16]
  ],
  "method": "mvn_pdf",
  "cond_prob": [
    [
      [0.0010531179068, 0.26818786861, 0, 0.0064158114739, 0.0070253931653, 0.71556455668, 0.0017532521675],
      [0.64089890537, 0.0061726309417, 0.063956663282, 0.02715510438, 0.013690960334, 0.24192417413, 0.0062015615614],
      [0.0014119133206, 0.0010160988813, 0, 0.13491780412, 0.70286330537, 0.022926672442, 0.13686420587],
      [0.00074952595548, 0.001141290241, 0, 0.0043151797239, 0.0053725916868, 0.98030443456, 0.0081169778325],
      [0.073680719383, 0.021652384952, 0.14292883538, 0.40389554219, 0.07978245875, 0.26167363275, 0.01638642659],
      [0.0099270650798, 0.14126383476, 0.13703354994, 0.0079418175906, 0.026322472605, 0.61343888073, 0.064072379296],
      [0.16588423944, 0.093501068582, 0.32962042835, 0.021584578782, 0.055274760422, 0.17144487867, 0.16269004575]
    ],
    [
      [0.0040563745285, 0.26980250567, 0, 0.0099623443813, 0.0067353979499, 0.70757598829, 0.0018673891792],
      [0.64450369399, 0.0042243352402, 0.12865055475, 0.033460627594, 0.011628063727, 0.17250656038, 0.0050261643242],
      [0.00081546702858, 0, 0.00012322240969, 0.17957979707, 0.6754543167, 0.022971710107, 0.12105548669],
      [0, 0, 0, 0.0012697958804, 0.003440476171, 0.98638015666, 0.0089095712849],
      [0.054565369477, 0.012485054521, 0.26437063346, 0.43528548934, 0.058867680627, 0.16292008652, 0.011505686057],
      [0.010069462942, 0.11420650644, 0.30373981417, 0.0095193275551, 0.024488879589, 0.48087883318, 0.057097176129],
      [0.13346183237, 0.05597553571, 0.54235622203, 0.021518379312, 0.039081402916, 0.099882396612, 0.10772423105]
    ],
    [
      [0.0024039321109, 0.34511472581, 0, 0.015294831498, 0.017302683164, 0.61687115012, 0.0030126772937],
      [0.77515089899, 0.0034537203282, 0.066517006324, 0.041297424772, 0.015224481166, 0.093156814981, 0.0051996534434],
      [0.0012506459102, 0, 0, 0.18977225309, 0.69564371381, 0.0091595131566, 0.10417387403],
      [0.0011126689582, 0.00011739284625, 0, 0.00014955716503, 0.015539583304, 0.96674049078, 0.016340306949],
      [0.073133518105, 0.011251026682, 0.14592235826, 0.58330607527, 0.080121928515, 0.093577339344, 0.012687753828],
      [0.019984562197, 0.14420194698, 0.25470965542, 0.018225819012, 0.05027813032, 0.41977045955, 0.09282942653],
      [0.2279504267, 0.06047432406, 0.38484466857, 0.036709525593, 0.066622105379, 0.074440268725, 0.14895868097]
    ],
    [
      [0, 0.36684551137, 0.0050026684596, 0.018080996285, 0.045268015695, 0.56480280819, 0],
      [0.60191473631, 0.0059343818876, 0.091781433029, 0.068240678738, 0.062170218186, 0.12542591959, 0.044532632255],
      [0.0012332319768, 0.0051369330665, 0.0077941911955, 0.071776222604, 0.70003342051, 0.030976304994, 0.18304969566],
      [0.0029209158487, 0.013394020613, 0.015040793459, 0.0061937206487, 0.039174914202, 0.91636644251, 0.0069091927163],
      [0.025472623482, 0.011401679185, 0.10898356564, 0.54342110756, 0.18693256898, 0.07647052462, 0.04731793053],
      [0.0059328126411, 0.10182384304, 0.15186486696, 0.013830012843, 0.092682271146, 0.2527035382, 0.38116265518],
      [0.054712064041, 0.036247177681, 0.19430375175, 0.022608440567, 0.10567111092, 0.043807532131, 0.54264992291]
    ],
    [
      [0, 0.39669588508, 0, 0.0078765456565, 0.0058729414817, 0.58500489401, 0.004549733773],
      [0.93297000324, 0.0020081502665, 0.013631272928, 0.0055466642386, 0.0028085329003, 0.041383303546, 0.001652072881],
      [0, 0, 0, 0.11649684606, 0.70330019798, 0.025121219949, 0.15508173601],
      [0, 0, 0, 0, 0, 0.98595837432, 0.014041625681],
      [0.20447846764, 0.027246192734, 0.12959801529, 0.35539109753, 0.082769116782, 0.18385320545, 0.016663904582],
      [0, 0.24112162052, 0.12896101105, 0.022937162346, 0.025170940365, 0.50873343627, 0.073075829444],
      [0.49516798284, 0.080143494406, 0.1933330113, 0.01195665385, 0.031422265145, 0.080938505947, 0.10703808652]
    ],
    [
      [0.0012298796517, 0.45575843709, 0.0027992272175, 0.0080202687939, 0.0084038416107, 0.52067196237, 0.0031163832691],
      [0.77990550186, 0.0055282561621, 0.070487121848, 0.027494427596, 0.010408718493, 0.10116651386, 0.0050094601763],
      [0.00034823549831, 0, 0.0010408799276, 0.16529046663, 0.69993892585, 0.013704787324, 0.11967670476],
      [0, 0, 0.00045425603701, 0.0012413849758, 0.0072895783065, 0.97569348441, 0.015321296273],
      [0.083112240654, 0.022994936983, 0.19301253991, 0.48799514343, 0.072450072652, 0.12617402917, 0.014261037201],
      [0.016136832795, 0.21871146412, 0.23907278233, 0.010925040882, 0.032428719691, 0.41025527074, 0.07246988944],
      [0.21227404879, 0.10016050401, 0.40607567873, 0.024061661767, 0.048515540591, 0.079786191217, 0.1291263749]
    ],
    [
      [0.0044180322654, 0.26447314865, 0.0011914469677, 0.0080968566938, 0.0083622468066, 0.71163198579, 0.0018262828241],
      [0.65008932949, 0.0048279624, 0.086186231283, 0.036885152042, 0.014562241942, 0.20167305855, 0.0057760242892],
      [0.00028848440801, 0, 0.00097704454701, 0.16715831883, 0.69360911765, 0.020981727861, 0.11698530671],
      [0, 0, 0.00052245045933, 0.0018515135112, 0.0056703971208, 0.98318991852, 0.0087657203897],
      [0.055971405836, 0.014802279396, 0.17658325894, 0.47741461093, 0.073446469982, 0.18869429288, 0.013087682035],
      [0.010197633513, 0.12864887271, 0.20065860457, 0.01025120754, 0.030443134781, 0.55500632216, 0.064794224737],
      [0.1571128121, 0.073063460453, 0.41267388644, 0.027102122821, 0.055242190813, 0.13339199377, 0.14141353361]
    ],
    [
      [0, 0.46953254821, 0.00035713848371, 0.017647741854, 0.01765687825, 0.4906075643, 0.0041981289045],
      [0.53171322096, 0.0079762208586, 0.22156413072, 0.079314179039, 0.02542086867, 0.12473390256, 0.0092774771952],
      [0, 0, 0, 0.20254295662, 0.68626539627, 0.0037756361249, 0.10741601099],
      [0, 0, 0, 0.002326363718, 0.019512568608, 0.95502543261, 0.023135635069],
      [0.0086791391578, 0.020950089006, 0.25099229336, 0.57369356521, 0.071108500455, 0.061753579382, 0.01282283343],
      [0.0055409741178, 0.16023821999, 0.41633674496, 0.017309055814, 0.042462226062, 0.27627882349, 0.081833955563],
      [0.068144025149, 0.063605914612, 0.60948670508, 0.032822593334, 0.053966079732, 0.046147476735, 0.12582720535]
    ],
    [
      [0.0015991468683, 0.41529241864, 0, 0.0011586219236, 0.0098508423702, 0.57035171973, 0.0017472504665],
      [0.69633545906, 0.0097802465253, 0.053215402243, 0.018927633655, 0.016144791607, 0.20026359448, 0.0053328724213],
      [0.0018695857253, 0, 0, 0.082933158421, 0.77979907844, 0.023201065774, 0.11219711164],
      [0, 0, 0, 0, 0.0057832128558, 0.98540087536, 0.0088159117807],
      [0.082584883093, 0.040753930608, 0.15008753462, 0.339760405, 0.11110660097, 0.25899555513, 0.016711090577],
      [0.018084997263, 0.24017225992, 0.092638849739, 0.0042809967695, 0.052973981669, 0.53369401398, 0.058154900659],
      [0.18682163573, 0.15647442612, 0.28268737802, 0.015288085866, 0.066992672869, 0.14715419244, 0.14458160896]
    ],
    [
      [0.00090764902797, 0.39931648333, 0, 0.0040379974696, 0.010234914512, 0.58388779328, 0.0016151623744],
      [0.55081060837, 0.013673209018, 0.071717700763, 0.032225368391, 0.024956511519, 0.299414864, 0.0072017379386],
      [0, 0, 0, 0.096786781824, 0.78502652495, 0.019809906088, 0.098376787139],
      [0, 0, 0, 0, 0.0090651259902, 0.98318506489, 0.0077498091242],
      [0.055371741533, 0.038389786609, 0.11456143226, 0.39632834661, 0.11926823842, 0.26078425558, 0.015296198991],
      [0.0060658421509, 0.23329466877, 0.11164634847, 0.0060566069615, 0.035322287839, 0.55319812053, 0.054416125284],
      [0.11398723296, 0.16935028939, 0.29478537153, 0.02033475103, 0.080349603976, 0.1698206686, 0.15137208251]
    ],
    [
      [0, 0.25195604107, 0, 0.009247972354, 0.0082007536788, 0.72932065889, 0.001274574009],
      [0.72128223039, 0.0044923390465, 0.039875266906, 0.027827809872, 0.012161769723, 0.19049681421, 0.003863769857],
      [0, 0, 0, 0.15554049932, 0.72112932091, 0.024435607004, 0.098894572769],
      [0, 0, 0, 0.00087815964969, 0.0063106482085, 0.98668986768, 0.0061213244582],
      [0.091625776184, 0.023558277809, 0.068757348491, 0.48915617959, 0.080571143151, 0.23474172459, 0.011589550185],
      [0.013460673787, 0.13751740229, 0.11281641513, 0.010597916487, 0.030804449438, 0.64178274556, 0.053020397297],
      [0.23567026163, 0.089350187106, 0.27295539029, 0.028381221743, 0.063854242334, 0.17632877404, 0.13345992286]
    ],
    [
      [0, 0.43444914732, 0, 0.0069323191017, 0.010643881831, 0.54563347457, 0.0023411771779],
      [0.76859472688, 0.0073927143463, 0.038201496351, 0.024438332424, 0.014856775154, 0.13975409945, 0.0067618553986],
      [0, 0, 0, 0.11096408947, 0.72650753514, 0.01834958605, 0.14417878934],
      [0, 0, 0, 0, 0.0065027046549, 0.97882434254, 0.014672952801],
      [0.10512868289, 0.032890467705, 0.05833832851, 0.47379911391, 0.12018948958, 0.1877483466, 0.021905570808],
      [0.015133196621, 0.23982122871, 0.11343296994, 0.0090169755713, 0.039122530905, 0.48700633476, 0.096466763497],
      [0.22762131515, 0.13263535518, 0.22985793968, 0.02217918567, 0.068406045814, 0.11425619215, 0.20504396635]
    ],
    [
      [0, 0.20380093262, 0, 0.0031647371793, 0.026842592428, 0.76619173777, 0],
      [0.71805159353, 0.0039291726901, 0.033666946608, 0.01419899094, 0.013948382546, 0.19382590805, 0.022379005641],
      [0.006455992227, 0.0082037775347, 0, 0.053095325379, 0.61875514087, 0.032377502784, 0.2811122612],
      [0, 0, 0, 0, 0.015121638283, 0.98487836172, 0],
      [0.081064489087, 0.020226368956, 0.10747657345, 0.30386915102, 0.1217232619, 0.29996148159, 0.065678673994],
      [0.040572998197, 0.12542702443, 0.012996660393, 0.0037775720454, 0.045819367354, 0.53654175105, 0.23486462653],
      [0.12284212865, 0.048271258594, 0.1372544785, 0.0089852590441, 0.049251726999, 0.11343814487, 0.51995700334]
    ],
    [
      [0.0015313696551, 0.38199229008, 2.680103875e-06, 0.0022785151677, 0.010196346051, 0.60201658083, 0.0019822181143],
      [0.55917739374, 0.011945391334, 0.086807155683, 0.028376558986, 0.023484777003, 0.28296483977, 0.0072438834817],
      [0.003131568496, 0.00020328066166, 0.00029233760347, 0.089938346868, 0.78438412891, 0.017752142582, 0.10429819488],
      [0.00032073255025, 0.00019884197755, 6.7862279787e-05, 0, 0.0097550879731, 0.98119690595, 0.0084605692668],
      [0.046382315432, 0.03498341334, 0.17226182261, 0.36109896952, 0.11323060426, 0.25617018898, 0.015872685855],
      [0.006529884761, 0.21185430117, 0.14109545769, 0.0047972835142, 0.034582513253, 0.54488465079, 0.056255908825],
      [0.11244335532, 0.14426161653, 0.3490033495, 0.017312112127, 0.073489750617, 0.15668250873, 0.14680730717]
    ],
    [
      [0.0010490041396, 0.48737238578, 0, 0.016452375538, 0.01723881895, 0.47585231598, 0.0020350996033],
      [0.61701871412, 0.016201790666, 0.075668081273, 0.03312150696, 0.020594898484, 0.22953890916, 0.0078560993394],
      [0, 0, 0, 0.11030869892, 0.74415683911, 0.022501430646, 0.12303303133],
      [0, 0, 0, 0, 0.0036751396485, 0.9848819721, 0.011442888249],
      [0.059960375684, 0.047058105333, 0.14080409827, 0.42174870206, 0.10125020502, 0.21152093705, 0.01765757657],
      [0.0070926473209, 0.30352378866, 0.12775899749, 0.0068236635299, 0.031315319657, 0.45926731794, 0.064218265405],
      [0.12418418586, 0.19897600002, 0.30308826449, 0.020425725911, 0.064955280648, 0.12750488139, 0.16086566168]
    ],
    [
      [0.001728734254, 0.47723905313, 0.0011723264457, 0.006396900997, 0.0087069976367, 0.50358645914, 0.0011695283985],
      [0.7419981484, 0.0068145116718, 0.087003395912, 0.039548792477, 0.010023218164, 0.11160179359, 0.0030101397796],
      [0.004072771469, 0.00015928068191, 0.0057325840598, 0.27024095634, 0.60516258988, 0.021999174701, 0.092632642873],
      [0, 0, 0.0033813102566, 0, 0.0033227319977, 0.98530724804, 0.0079887097062],
      [0.063879072645, 0.02104282369, 0.18286579561, 0.56989229767, 0.047263418856, 0.10801217528, 0.0070444162549],
      [0.014915328226, 0.23300250163, 0.26623705822, 0.011911807039, 0.023984514209, 0.40619471095, 0.043754079734],
      [0.19528178268, 0.11055327534, 0.46446895987, 0.029552105746, 0.036744003468, 0.082722335134, 0.080677537768]
    ],
    [
      [0, 0.27201719132, 0, 0.0062212309706, 0.014525695551, 0.70464122167, 0.0025946604904],
      [0.56328328759, 0.0074201171894, 0.063470037406, 0.038206785733, 0.033927034152, 0.28484495624, 0.0088477816848],
      [0, 0, 0, 0.084683986588, 0.81150754721, 0.011875996252, 0.091932469946],
      [0, 0, 0, 0, 0.011411217343, 0.97756184023, 0.011026942425],
      [0.046637436513, 0.029922868008, 0.080436653593, 0.44502565324, 0.14997352555, 0.22952566681, 0.018478196281],
      [0.0065131392501, 0.14310634937, 0.11026408907, 0.008479869432, 0.054031767666, 0.60169676346, 0.075908021739],
      [0.11654933262, 0.096068753021, 0.27660491614, 0.025650247276, 0.11657375839, 0.17037920846, 0.19817378408]
    ],
    [
      [0, 0.24110212205, 8.0837135881e-05, 0.0057646843095, 0.012313980648, 0.73784168421, 0.0028966916451],
      [0.44049282212, 0.0080945957704, 0.097721495833, 0.040619790325, 0.031822166926, 0.37016430018, 0.011084828842],
      [0, 0, 0, 0.094680840347, 0.77359916182, 0.014374351663, 0.11734564617],
      [0, 0, 0, 0.00053234237462, 0.010497551726, 0.97816862969, 0.010801476212],
      [0.017628793432, 0.018978484427, 0.15289836565, 0.40767383905, 0.1221285735, 0.26080549423, 0.019886449715],
      [0.0031183218486, 0.12340414865, 0.13706935429, 0.0075401515244, 0.041067817613, 0.61246856606, 0.075331640014],
      [0.077672277563, 0.086037981863, 0.34561832806, 0.022196662295, 0.088439194228, 0.18036448543, 0.19967107056]
    ],
    [
      [0.001255163269, 0.32287706439, 0.00026681787435, 0.0088409299188, 0.01019423449, 0.65432816771, 0.0022376223509],
      [0.68229695231, 0.0049748168901, 0.10616416138, 0.035117941931, 0.014226692286, 0.15138261839, 0.005836816808],
      [0.00077471699396, 0.00014066335677, 0.0008647391532, 0.16383573375, 0.69729080412, 0.016487114064, 0.12060622856],
      [0.00043656063366, 0.0001946738315, 0.00053131036102, 0.0010108352725, 0.0076025083482, 0.97854384328, 0.011680268269],
      [0.060074899447, 0.015432749074, 0.22346766655, 0.46817009248, 0.073723641598, 0.14552003099, 0.013610919853],
      [0.01167934266, 0.13928403516, 0.27376496491, 0.010623831173, 0.032942888376, 0.46018639379, 0.071518543938],
      [0.15453008943, 0.06713197415, 0.47734782473, 0.024186381521, 0.050695462957, 0.093883018898, 0.13222524831]
    ],
    [
      [0.0074087127701, 0.27450351878, 0.0027595425845, 0.016385837022, 0.013701175065, 0.68402090188, 0.0012203118929],
      [0.92181378889, 0, 0.043707603258, 0.010543712434, 0.0032211569404, 0.020707014907, 6.7235730763e-06],
      [0, 0, 0, 0.22132260722, 0.69739359276, 0.0055125305413, 0.07577126947],
      [0, 0, 0.0013641688142, 0.0067673163234, 0.011053454415, 0.9731338705, 0.0076811899446],
      [0.18455295203, 0, 0.32986322703, 0.36967551438, 0.045860236383, 0.064292737911, 0.0057553322638],
      [0.060932993974, 0.072663501587, 0.48306414414, 0.012684645914, 0.02759268203, 0.30265480617, 0.04040722619],
      [0.44320129835, 0.0020823819856, 0.44989528522, 0.015042726176, 0.021810773405, 0.030216200507, 0.037751334347]
    ],
    [
      [0.002033269337, 0.35002305065, 0, 0.019140215552, 0.016527753903, 0.60792921909, 0.0043464914626],
      [0.62199045212, 0.0035231663484, 0.2112793287, 0.047276293552, 0.014569082292, 0.093779111606, 0.0075825653745],
      [0, 0, 0, 0.20122299472, 0.64423518677, 0.0075925119458, 0.14694930656],
      [0, 0, 0, 0.0020265310549, 0.015648417939, 0.95810526701, 0.024219784],
      [0.049040961756, 0.0053561867245, 0.31120643788, 0.49474118153, 0.05786549471, 0.067697992312, 0.014091745083],
      [0.01025538484, 0.093002989889, 0.50303324255, 0.01421392924, 0.031119795022, 0.26228413474, 0.086090523711],
      [0.097849044254, 0.033375668451, 0.65253054647, 0.023003441954, 0.03522330003, 0.039742833979, 0.11827516486]
    ],
    [
      [0, 0.35324145396, 0.0010281112894, 0.019162748656, 0.020958335891, 0.60184264024, 0.0037667099666],
      [0.49698257923, 0.0068130575277, 0.18002895252, 0.094488292922, 0.035255737527, 0.17365690446, 0.012774475804],
      [0, 0, 0, 0.17766412186, 0.7038942843, 0.0073170438242, 0.11112455002],
      [0, 0, 0, 0.0019473496661, 0.018638764888, 0.95771239344, 0.021701492005],
      [0, 0.010288655649, 0.19340341775, 0.61291046306, 0.088604867108, 0.080014691488, 0.01477790495],
      [0, 0.13019174033, 0.32325993332, 0.019565327394, 0.05602001414, 0.36169788944, 0.10926509538],
      [0.044322747229, 0.064732534756, 0.52171673304, 0.040515252622, 0.077798517017, 0.067095900367, 0.18381831497]
    ],
    [
      [0.0025831238656, 0.42075849991, 0.00048749002053, 0.014997207383, 0.018812840594, 0.53889728185, 0.0034635563749],
      [0.77308116319, 0.0037736693248, 0.098667697337, 0.033210368123, 0.014801974014, 0.07090476682, 0.0055603611878],
      [0.0021269032007, 0.00063167291534, 0.0015698261028, 0.15753808808, 0.71977293807, 0.0014270070252, 0.11693356461],
      [0.0012797109596, 0.00057062720663, 0.0011980999431, 0.0033548585898, 0.017655615846, 0.95348634076, 0.022454746693],
      [0.07816437103, 0.013262293731, 0.23531737083, 0.4968488499, 0.086150884269, 0.075531856156, 0.014724374087],
      [0.01919068467, 0.14804844696, 0.36289550047, 0.014615382853, 0.048464648788, 0.30885520497, 0.09793013129],
      [0.19294728523, 0.054853307345, 0.4836906362, 0.025158736772, 0.056986032457, 0.047606360991, 0.13875764101]
    ],
    [
      [0.0019982014577, 0.35132075199, 0.0015367763127, 0.023013183617, 0.034357029657, 0.58158169875, 0.0061923582097],
      [0.65896841101, 0.0033173152719, 0.15340432263, 0.055793109683, 0.030088449518, 0.085445412375, 0.01298297951],
      [0, 0, 0.0062024843656, 0.13407926216, 0.7247337845, 0, 0.13498446898],
      [0.00095249631327, 0, 0.0035455428982, 0.0056673502964, 0.028862962453, 0.91990560904, 0.041066039],
      [0.045536861993, 0.0029747647716, 0.23466189444, 0.53013835266, 0.11148610695, 0.055709893091, 0.019492126086],
      [0.011248897957, 0.09402101506, 0.38825657748, 0.017792291157, 0.068036510816, 0.25421112302, 0.16643358451],
      [0.10634930503, 0.033050082681, 0.49254193924, 0.02805060232, 0.076093674253, 0.037409035348, 0.22650536113]
    ],
    [
      [0.00078110640094, 0.48082942997, 0.00054047774398, 0.013135751717, 0.021264816288, 0.47962443497, 0.0038239829142],
      [0.61667587669, 0.0079553244848, 0.16234174912, 0.053028069637, 0.030921117546, 0.11734286366, 0.011734998865],
      [0, 0, 0.0021261667658, 0.12611851616, 0.746947979, 0.0018613120295, 0.12294602604],
      [0, 0.00058416269558, 0.0014695777054, 0.0037294582668, 0.021981749637, 0.94387859249, 0.028356459203],
      [0.033521764332, 0.021363935246, 0.24153257171, 0.49464070533, 0.11234383195, 0.077596698214, 0.019000493212],
      [0.0082495998372, 0.17645420792, 0.33778200387, 0.01346048749, 0.057472445868, 0.28750959153, 0.11907166349],
      [0.095361986755, 0.072072380654, 0.49702916092, 0.025236915241, 0.074591559075, 0.049240058842, 0.18646793851]
    ],
    [
      [0.0019724121112, 0.38519066285, 0.00030796847731, 0.010124101793, 0.023305943866, 0.57676080394, 0.0023381069592],
      [0.77480660196, 0.0040919698841, 0.075683142506, 0.02740895668, 0.022150370397, 0.091206489972, 0.0046524685985],
      [0.00063896306802, 0.00081280051619, 0.001649523061, 0.096787335577, 0.81746513647, 0.006298841238, 0.076347400069],
      [0.00055988093098, 0.00045210578304, 0.00074970825817, 0.0011798309161, 0.020903744605, 0.96122732439, 0.014927405114],
      [0.082802131106, 0.015473399096, 0.19461220831, 0.44848309877, 0.13857465076, 0.10691009841, 0.01314441356],
      [0.018286024286, 0.15735130935, 0.27125334133, 0.011464021303, 0.070157705322, 0.38632053442, 0.085167063982],
      [0.20929075154, 0.065226945718, 0.40678553141, 0.022486267315, 0.09278471628, 0.067650988277, 0.13577479946]
    ],
    [
      [0.0023140943866, 0.41791361111, 0, 0.010763112005, 0.012641512555, 0.55436667302, 0.0020009969287],
      [0.77324712408, 0.0039671337032, 0.10533517728, 0.025363219924, 0.010627755755, 0.077954574424, 0.003505014836],
      [0.00053512441671, 0.0012077343067, 0, 0.16578393267, 0.71912308914, 0.01053966112, 0.10281045835],
      [0.00082188289419, 0.00080025611496, 0, 0.0024617417535, 0.011608077131, 0.97124390695, 0.013064135155],
      [0.091005817891, 0.015902949924, 0.28134376616, 0.43411211979, 0.070715298779, 0.096397825673, 0.010522221784],
      [0.01837508816, 0.15428442276, 0.38459275301, 0.011011020407, 0.034533075384, 0.33523245388, 0.061971186405],
      [0.19507047085, 0.059392568507, 0.53710292453, 0.019793874946, 0.042394651185, 0.054555666007, 0.091689843973]
    ],
    [
      [0.0034025108779, 0.41099864649, 4.5112524747e-05, 0.018972961495, 0.023419516994, 0.53928135925, 0.0038798923632],
      [0.75558514754, 0.0030877141713, 0.12693665483, 0.035113676053, 0.015699652138, 0.058462082573, 0.0051150726939],
      [0, 0, 0, 0.15952474067, 0.73945618169, 0, 0.10101907764],
      [0.0023353254384, 0.00061290994494, 0.00023174703296, 0.0049838351194, 0.021648058497, 0.94680177833, 0.023386345637],
      [0.083259267392, 0.012415121894, 0.27438545965, 0.49314854491, 0.085083622765, 0.038928821179, 0.012779162207],
      [0.018118164688, 0.11763397095, 0.4604346553, 0.015608410588, 0.050214029469, 0.2532160738, 0.08477469521],
      [0.16480308802, 0.040012463556, 0.57036445451, 0.024464499053, 0.054630523859, 0.034646691424, 0.11107827958]
    ],
    [
      [0.0013631481735, 0.32204538394, 0, 0.015770642669, 0.018856218095, 0.63820646537, 0.0037581417479],
      [0.62613158947, 0.0038201067345, 0.17287352094, 0.048493511387, 0.020830339734, 0.11990881283, 0.0079421189072],
      [0, 0, 0, 0.15719713808, 0.71507444523, 0.01026939234, 0.11745902435],
      [0, 0, 0, 0.0011703594984, 0.015445213428, 0.96343067953, 0.019953747544],
      [0.043521821251, 0.0029982787566, 0.26374901279, 0.5051597832, 0.081785866122, 0.08819990227, 0.014585335611],
      [0.0098517009546, 0.10263250576, 0.40778508172, 0.014267148107, 0.043997204866, 0.33252237588, 0.088943982713],
      [0.10679212395, 0.040580466167, 0.58246945097, 0.025273693402, 0.054969965106, 0.055821900167, 0.13409240024]
    ],
    [
      [0.0025428528701, 0.33474499504, 0.00023390407183, 0.015016480101, 0.019462451844, 0.62467193274, 0.0033273833345],
      [0.75643914772, 0.0027274935306, 0.10719920858, 0.032758090582, 0.015063519083, 0.080646092996, 0.0051664475096],
      [0.00051708362109, 0, 0, 0.15382757549, 0.73272505281, 0.0062483972524, 0.10668189083],
      [0.0011661864456, 0, 0, 0.003114837055, 0.01568525404, 0.96148951518, 0.01854420728],
      [0.0782595219, 0.0054004682004, 0.24914535204, 0.48211476447, 0.086279287395, 0.085348269813, 0.013452336177],
      [0.017856260681, 0.11107805398, 0.3828516753, 0.014041681322, 0.047921761505, 0.3394386704, 0.086811896817],
      [0.18147861999, 0.041422227099, 0.51795377729, 0.02425180308, 0.057057735188, 0.053452657159, 0.1243831802]
    ],
    [
      [0.0024469511576, 0.35104367221, 0.00024255158932, 0.011797130006, 0.013933142787, 0.6178604912, 0.0026760610477],
      [0.77706039197, 0.0030089784895, 0.098444404679, 0.026025725426, 0.010844544468, 0.080397510223, 0.004218444741],
      [0.0010488674792, 0, 0, 0.16340083101, 0.70780055658, 0.010663996603, 0.11708574833],
      [0.000782330369, 0.00018550278015, 0.00043382346282, 0.0020384802005, 0.011340208257, 0.97005178463, 0.015167870304],
      [0.089589661235, 0.011411284243, 0.26674712258, 0.44717371431, 0.072526944091, 0.099808340711, 0.012742932833],
      [0.019308525072, 0.12464872243, 0.37305466353, 0.011693775396, 0.036696878772, 0.35901226957, 0.075585165223],
      [0.20297331478, 0.047510305132, 0.51536439474, 0.02091363942, 0.044634734969, 0.057846290105, 0.11075732085]
    ],
    [
      [0.0011889882961, 0.40670139045, 0.00055185530123, 0.020284638936, 0.029904514817, 0.53632557176, 0.0050430404416],
      [0.60876622544, 0.0049060099052, 0.18972837858, 0.058666803719, 0.031960500549, 0.095117805443, 0.010854276363],
      [0, 0, 0, 0.13594146532, 0.7538243408, 0, 0.11023419388],
      [0, 0.0015002275599, 0.0027918880822, 0.00928502361, 0.026988818328, 0.92752574926, 0.031908293158],
      [0.032848927476, 0.011695694031, 0.26220124327, 0.51103305916, 0.10846164445, 0.056853720354, 0.016905711266],
      [0.0087622159291, 0.11666751167, 0.42555066952, 0.016468291401, 0.063965402471, 0.25152127226, 0.11706463675],
      [0.089594994447, 0.042718258723, 0.56327431454, 0.027471436967, 0.074591110383, 0.037824628243, 0.16452525669]
    ],
    [
      [0.0033249947102, 0.4340216154, 0.00055640781915, 0.015418356884, 0.031194699844, 0.51224715656, 0.0032367687861],
      [0.79804693091, 0.0029265566781, 0.099693992648, 0.026070202133, 0.018792024641, 0.050379806123, 0.0040904868713],
      [0, 0, 0, 0.11148275945, 0.81056808637, 0, 0.07794915418],
      [0.012877392992, 0.0052680792028, 0.006249441075, 0.0039493358032, 0.030715940018, 0.91828081917, 0.022658991741],
      [0.087166375332, 0.011524857251, 0.26723455415, 0.43961970677, 0.12281081207, 0.059604784993, 0.012038909434],
      [0.021824115293, 0.13092828403, 0.42279291555, 0.013246058587, 0.070190673852, 0.25416409764, 0.086853855043],
      [0.20082783477, 0.043722866778, 0.51299810325, 0.020612067165, 0.074869480204, 0.035122592601, 0.11184705523]
    ],
    [
      [0, 0.31911110502, 0, 0.0068180594055, 0.0066538118488, 0.66739538458, 2.1639147232e-05],
      [0.60251914662, 0.005458755666, 0.18608090592, 0.024945229574, 0.010404231643, 0.16715381128, 0.0034379193082],
      [0, 0, 0, 0.1604455307, 0.7026717963, 0.032410844011, 0.10447182899],
      [0, 0, 0, 0.00042083555824, 0.0044017289017, 0.99147941179, 0.0036980237488],
      [0.065864527707, 0.023368902504, 0.35530330922, 0.33458256564, 0.052722216124, 0.16129520676, 0.0068632720502],
      [0.0090980819865, 0.12207625445, 0.39106128054, 0.0069396090784, 0.01940604936, 0.41436230528, 0.037056419308],
      [0.106810784, 0.056003612824, 0.64784069218, 0.013607951614, 0.028551397211, 0.081060646329, 0.066124915844]
    ],
    [
      [0.0019090762796, 0.35165811327, 0.00039118824401, 0.011565269688, 0.024211051613, 0.6070518018, 0.0032134991037],
      [0.74843596052, 0.0038156720864, 0.086078463567, 0.032493957947, 0.023655484953, 0.099040140987, 0.0064803199373],
      [0.0013234922336, 0.00020557789773, 0.0017461249728, 0.10348590688, 0.79324297052, 0.0061093534671, 0.093886574028],
      [0.00071391420189, 0.00030254065241, 0.0008948894598, 0.0013851866558, 0.019942780251, 0.95800991618, 0.018750772603],
      [0.070568416246, 0.012791680038, 0.19591069628, 0.46958877529, 0.13217824307, 0.10260583734, 0.016356351731],
      [0.016077337402, 0.13537072139, 0.28142481737, 0.012432413934, 0.069142384599, 0.38286501106, 0.10268731425],
      [0.18192553337, 0.05558779721, 0.4188793597, 0.02411725191, 0.090702372352, 0.066373467807, 0.16241421765]
    ],
    [
      [0.00038248904975, 0.32938472227, 0, 0.0066840726779, 0.0093990739264, 0.65226718583, 0.0018824562412],
      [0.69004576367, 0.0066274869943, 0.061696400477, 0.028790349611, 0.016234743006, 0.19093454421, 0.0056707120323],
      [0.00031039936798, 0.0007370741238, 0, 0.12600704764, 0.74451688074, 0.018312074363, 0.11011652376],
      [0, 0.00036147132916, 0, 0.0025251128559, 0.0074770317552, 0.98042672994, 0.0092096541214],
      [0.081764826902, 0.025539617041, 0.13569543357, 0.43547659966, 0.096027284454, 0.21049168503, 0.015004553343],
      [0.011564118253, 0.1716477996, 0.15224801775, 0.0085481561105, 0.035593010451, 0.55422555018, 0.066173347656],
      [0.18480530373, 0.10249812866, 0.3300148798, 0.023294318257, 0.067708148089, 0.13993891277, 0.15174030869]
    ],
    [
      [0.0005995344391, 0.2877946512, 0, 0.013230710933, 0.015811740334, 0.67904574844, 0.0035176146488],
      [0.59555393931, 0.0056238490982, 0.084659859022, 0.068309649965, 0.028698017212, 0.20327888929, 0.0138757961],
      [0, 0, 0, 0.15484514183, 0.69095698837, 0.013575795546, 0.14062207425],
      [0, 0, 0, 0.0012688103953, 0.012618970508, 0.96921796581, 0.016894253284],
      [0.02843678722, 0.017561910708, 0.10288891684, 0.60590317438, 0.097417235397, 0.12835248078, 0.019439494676],
      [0.0074261018494, 0.12559277642, 0.17036315623, 0.016374931822, 0.052015078347, 0.49157490119, 0.13665305414],
      [0.10793569688, 0.064663329815, 0.32081008633, 0.040042145117, 0.086228188362, 0.10664872099, 0.27367183251]
    ],
    [
      [3.6270631503e-05, 0.34931750599, 0, 0.0082701513543, 0.010506519183, 0.63070239376, 0.0011671590774],
      [0.60890653882, 0.0083869790618, 0.084474782951, 0.044677798381, 0.021543515003, 0.22564806987, 0.0063623159173],
      [0, 0, 0, 0.14920951243, 0.73958399869, 0.016461321652, 0.094745167228],
      [0, 0, 0, 0.0024828322755, 0.0089720092689, 0.98067770642, 0.0078674520385],
      [0.046946396241, 0.024751209005, 0.14286349081, 0.49827041104, 0.093286708133, 0.18168296093, 0.012198823837],
      [0.0080901557897, 0.18072989922, 0.16851466669, 0.010896399274, 0.03853336949, 0.53130675323, 0.061928756302],
      [0.13490875515, 0.10978421937, 0.36992765651, 0.030138553249, 0.0742191488, 0.13654659533, 0.1444750716]
    ],
    [
      [0.00051474547264, 0.19143716366, 0.00043852447275, 0.012733815942, 0.022492790556, 0.76872902826, 0.0036539316375],
      [0.58510733468, 0.0032227517307, 0.10930530138, 0.060395128282, 0.03722290071, 0.19333363341, 0.011412949797],
      [0, 0, 0.0019249203292, 0.11088723087, 0.78024825302, 0.0082707889671, 0.098668806814],
      [0, 0, 0.0016383225038, 0.0013264128369, 0.009632327175, 0.96881685084, 0.018586086647],
      [0.020756399383, 0.0091091839747, 0.15292320443, 0.54974987881, 0.12863141379, 0.11922994998, 0.019599969638],
      [0.006489005869, 0.072767584356, 0.22719443859, 0.014753269559, 0.071179396374, 0.49558764925, 0.11202865599],
      [0.090477741407, 0.034432340615, 0.41665874353, 0.034258247295, 0.11230175181, 0.096602225551, 0.21526894979]
    ],
    [
      [0.0013021223744, 0.49568082243, 0, 0.0069281565764, 0.011515940524, 0.48213776092, 0.002435197182],
      [0.83935823937, 0.0050147929602, 0.043431153697, 0.01811831243, 0.010844406831, 0.078740364284, 0.0044927304247],
      [0, 0, 0, 0.11668877404, 0.73576415457, 0.015080491972, 0.13246657941],
      [0, 0, 0, 0, 0.011910619779, 0.97111473688, 0.016974643339],
      [0.12413523949, 0.01966801726, 0.15798655378, 0.44526596545, 0.099402488454, 0.13520916758, 0.01833256799],
      [0.023735837144, 0.25070520748, 0.18753421531, 0.009356624059, 0.040915539453, 0.39668152887, 0.091071047678],
      [0.29156096715, 0.10993435464, 0.29610264611, 0.018884515894, 0.056749196607, 0.07406955399, 0.1526987656]
    ],
    [
      [0.0013722561884, 0.34432461389, 0, 0, 0.0087344880736, 0.64297102996, 0.002597611888],
      [0.76772594505, 0.014557896442, 0, 0.013270318927, 0.031455765528, 0.16688877508, 0.0061012989678],
      [0.0006496537758, 0.001889199706, 0, 0.08558398685, 0.72836691361, 0.021189624857, 0.1623206212],
      [0, 0, 0, 0, 0.0070323655609, 0.98156880299, 0.011398831447],
      [0.1120297991, 0.032685191564, 0.11011717286, 0.33463612217, 0.10078503422, 0.28601868494, 0.02372799515],
      [0.013558472966, 0.19310936998, 0.085376573438, 0.0046869087088, 0.027831641706, 0.59614821828, 0.079288814918],
      [0.28304387557, 0.12065171629, 0.16741212036, 0.01392623807, 0.058767444741, 0.15613013729, 0.20006846768]
    ]
  ],
  "expected_outcome": [
    [
      [0.12637414882, 0.32450996228, 0.32212690287, 0, 0, 0.045505547114, 0.68037696888, 0, 0.56929628511, 0.20422103129, 0, 0, 0, 0.18223298896, 0.21819286103, 0.041489622096, 0, 0, 0.11045436768, 0.066678414931, 0.25415866712, 0, 0.19890053765, 0.099910072885, 0.039836426448, 0.045365478559, 0.10876243617, 0.078257750192, 0.11995703927, 0.088999850454, 0.0807493882, 0.043992566957, 0.076474878336, 0, 0.055363212108, 0.063875671309, 0.0035972066346, 0.0067463374595, 0.0015442364179, 0.36199002008, 0.041167685651],
      [32.1825442327, 21.5842004535, 46.2453732587, 8.0706012502, 11.9008765525, 16.8630621723, 40.7288648927, 16.9031717355, 147.8441010352, 89.8462087503, 19.4006151621, 65.6018212457, 4.2798195851, 45.4570825189, 101.3734562433, 11.4537372751, 8.9765673137, 24.3513143274, 28.413181666, 2.470531669, 43.7528813318, 17.3088312439, 32.3984044933, 17.5660375997, 24.5223009284, 8.8593852456, 19.6419397219, 9.4529688693, 28.3399937871, 11.7160748263, 11.584441183, 15.0479514467, 9.9824971541, 55.8444433777, 10.1980852848, 55.0072486195, 1.7267679072, 64.9730561143, 0.57431149098, 137.7992686348, 10.3297384167],
      [0, 0, 0, 0.11005870611, 0, 0.10357140705, 0.18348283302, 0.012856985414, 0, 0, 0, 0, 0, 0.00031893236113, 0, 0.028135834696, 0, 0.008164550724, 0.023479972943, 0.024835883261, 0, 0.050377453182, 0.037536731581, 0.076838815636, 0.027564364943, 0.007083274978, 0, 0.0010375880692, 0, 0.0081866425141, 0.0080042024474, 0.020418646146, 0.01279737984, 0, 0.011344459076, 0, 0, 0, 0.0013155734183, 0, 0],
      [0.76989737686, 0.7969875505, 2.0495074207, 0.39778191828, 0.2362963697, 0.29674994537, 1.2469159308, 0.63531870673, 0.4124694048, 0.90854943066, 0.71209387126, 1.0467801844, 0.066459480765, 0.27114330495, 3.4220941119, 0.15352562393, 0.20530062203, 0.58223311526, 0.77800183285, 0.1474725332, 2.392526944, 0.93897468415, 1.1547849685, 1.1506591808, 0.66992333757, 0.23285434124, 0.50586626425, 0.43637811439, 1.3878165549, 0.52557680352, 0.38930529019, 0.75053164062, 0.35462220832, 1.193160396, 0.33539282094, 1.1162401372, 0.079384265599, 1.5382481519, 0.038201447825, 1.9260275282, 0],
      [0.84304717983, 0.53883183599, 2.318559544, 0.9958963453, 0.17618824445, 0.31094213959, 1.2877860082, 0.63564761699, 3.5068998838, 2.3028557652, 0.63145803327, 1.6072261564, 0.563694441, 1.2133651801, 3.5856743416, 0.20896794328, 0.47934795317, 1.2437120455, 0.89709263513, 0.12331057558, 2.0659692379, 1.0269584587, 1.4485887257, 1.7178514829, 1.0845056307, 0.53603670891, 0.59415109009, 0.53864889087, 1.6593471924, 0.68118581455, 0.45979371196, 1.1064670482, 0.71747809642, 1.1644170735, 0.70212049678, 1.5696453457, 0.094870442004, 1.9542125681, 0.067478371668, 3.2014314657, 0.26203464221],
      [85.8677468017, 56.6060790634, 82.6607341163, 12.4256617802, 17.5501468202, 19.2648626076, 109.5913258115, 17.6618723148, 203.0452122251, 131.3747534883, 56.1576907347, 82.3906546596, 16.0900264931, 71.6399731191, 98.9772817246, 12.0860750193, 23.253160315, 74.522010105, 57.5808787585, 6.156188117, 75.9911523864, 29.4902893718, 41.4950907024, 29.0790849376, 24.4608461834, 13.2654984906, 26.0552336319, 12.4034712629, 56.1621689526, 21.863517646, 20.3893962096, 19.844046155, 11.7816846009, 116.794192302, 17.6045022522, 108.928620034, 4.0742744907, 117.3106452398, 2.3061870848, 134.0342975346, 19.2891308988],
      [0.2103902601, 0.14939113434, 0.40369875736, 0, 0.13649201319, 0.11530618096, 0.2812475549, 0.15113264056, 0.62202116608, 0.36341153424, 0.098142198693, 0.35351775387, 0, 0.2358839556, 0.42330071749, 0.028068681565, 0.085623796184, 0.29256585616, 0.19691076688, 0.010982807036, 0.54331143283, 0.18456878836, 0.26669384087, 0.30961791049, 0.19502312863, 0.053776460062, 0.094046855649, 0.089237524353, 0.33071647382, 0.11645841671, 0.088310014573, 0.18659249634, 0.07444568208, 0.0037868507657, 0.093191474006, 0.31437019228, 0.021105687893, 0.2170915884, 0.010961794912, 0.67698481659, 0.07792835664]
    ],
    [
      [19.8678660665, 11.6010664918, 65.8878264138, 1.8057442089, 1.8659400065, 14.8182045354, 29.9041091565, 4.7854189887, 22.9790701491, 14.8718864259, 10.0979512254, 24.5950312602, 0.71805159353, 15.6569670247, 13.5744117106, 13.3559666713, 2.2531331504, 7.047885154, 33.4325506634, 11.0617654667, 27.9895703456, 8.448703847, 47.1579509548, 17.7921470974, 24.6670350675, 26.3434244667, 17.0114367297, 12.8449475081, 29.4281847049, 21.1802961361, 21.7576909753, 13.3928569597, 15.1628916872, 25.9083233045, 17.214027092, 43.4728831113, 0, 17.0493830869, 2.3404293387, 127.5824523847, 13.0513410659],
      [0.19135155919, 0.076038034324, 0.2935662279, 0.017803145663, 0.0040163005331, 0.10503686708, 0.2220862704, 0.071785987727, 0.32274813534, 0.36917664349, 0.062892746651, 0.23656685908, 0.0039291726901, 0.33447095736, 0.35643939466, 0.12266121009, 0.029680468757, 0.12951353233, 0.24376602762, 0, 0.15854248568, 0.11582197797, 0.23019382881, 0.089567512341, 0.31821297939, 0.13912697606, 0.08727694147, 0.052491140913, 0.17954501652, 0.076369818857, 0.084251397707, 0.10793221792, 0.055604576884, 0.23472649364, 0.087760457988, 0.41753168064, 0, 0.23483541373, 0.012891006923, 0.76224852994, 0.24748423951],
