{
  "X": [
    [47, 153, 122, 363, 30],
    [86, 238, 111, 415, 40],
    [10, 9, 25, 49, 5],
    [11, 41, 120, 246, 31],
    [32, 179, 231, 482, 94],
    [25, 84, 117, 252, 20],
    [47, 220, 261, 543, 62],
    [55, 207, 200, 473, 64],
    [22, 125, 145, 343, 38],
    [19, 160, 67, 253, 43],
    [67, 309, 386, 998, 112],
    [110, 199, 432, 1007, 97],
    [35, 139, 106, 356, 22],
    [53, 97, 267, 511, 58],
    [90, 156, 270, 729, 53],
    [119, 146, 507, 1237, 126],
    [27, 89, 124, 307, 37],
    [88, 424, 330, 988, 67],
    [44, 38, 136, 301, 45],
    [61, 108, 242, 540, 52],
    [108, 351, 479, 1267, 109],
    [71, 297, 309, 832, 65],
    [43, 206, 169, 511, 56],
    [67, 282, 317, 1045, 64],
    [20, 42, 78, 166, 29],
    [41, 97, 112, 313, 43],
    [8, 61, 33, 130, 12],
    [9, 102, 101, 300, 34],
    [70, 318, 269, 774, 69],
    [10, 57, 86, 219, 27],
    [137, 328, 567, 1102, 216],
    [15, 50, 64, 93, 19]
  ],
  "W": [
    [46, 33, 187, 189, 143, 96, 21],
    [61, 31, 180, 265, 143, 185, 25],
    [2, 11, 31, 16, 15, 16, 7],
    [15, 27, 185, 85, 102, 15, 20],
    [66, 84, 330, 239, 174, 84, 41],
    [28, 29, 172, 133, 87, 37, 12],
    [61, 55, 381, 275, 233, 83, 45],
    [79, 75, 303, 271, 161, 78, 32],
    [30, 37, 223, 150, 162, 40, 31],
    [44, 26, 124, 190, 103, 36, 19],
    [88, 101, 608, 402, 447, 152, 74],
    [44, 135, 630, 301, 416, 236, 83],
    [27, 31, 192, 156, 152, 81, 19],
    [17, 48, 418, 134, 228, 87, 54],
    [37, 54, 440, 260, 307, 136, 64],
    [43, 118, 836, 266, 588, 186, 98],
    [28, 33, 174, 132, 145, 46, 26],
    [93, 64, 525, 579, 389, 183, 64],
    [13, 48, 202, 66, 139, 55, 41],
    [32, 59, 359, 167, 232, 97, 57],
    [97, 124, 764, 444, 496, 276, 113],
    [77, 70, 474, 392, 358, 140, 63],
    [63, 46, 295, 250, 198, 92, 41],
    [76, 43, 549, 394, 497, 152, 64],
    [11, 23, 130, 58, 65, 33, 15],
    [31, 30, 178, 125, 127, 85, 30],
    [18, 10, 55, 75, 58, 21, 7],
    [6, 15, 176, 143, 161, 18, 27],
    [105, 73, 432, 363, 335, 140, 52],
    [13, 24, 115, 72, 143, 17, 15],
    [137, 232, 757, 523, 361, 215, 125],
    [16, 18, 71, 69, 47, 16, 4]
  ],
  "method": "mvn_cdf",
  "mvncdf_method": "genz",
  "mvncdf_samples": 5000,
  "mvncdf_error": 0.001,
  "cond_prob": [
    [
      [0.014085198647, 0.70168806534, 0.038035927335, 0.15239271512, 0.093798093558],
      [0.061288688605, 0.00029524031688, 0.45935935718, 0.090753534734, 0.38830317916],
      [0.023006309532, 0.0029755660338, 0.38669272294, 0.55536390851, 0.031961492978],
      [0.012866197373, 0.57883187992, 0.047114164906, 0.34320228649, 0.017985471303],
      [0.0067867798417, 0.016733111322, 0.098985331135, 0.86994381341, 0.0075509642919],
      [0.36753711859, 0.086881646655, 0.026937425316, 0.51761206718, 0.0010317422596],
      [0.063885240514, 0.0011179481792, 0.33973700073, 0.48495531676, 0.11030449382]
    ],
    [
      [0.013036225636, 0.73613949354, 0.027360627603, 0.12300682708, 0.10045682614],
      [0.064219193759, 0.00040236428059, 0.38107947081, 0.083113719378, 0.47118525177],
      [0.026804420327, 0.0042477839757, 0.35692762769, 0.56753208148, 0.044488086524],
      [0.012605409454, 0.63999040246, 0.034176184255, 0.29171702062, 0.021510983212],
      [0.0077041559317, 0.022063267755, 0.088705691473, 0.87056419296, 0.010962691877],
      [0.38996260234, 0.10556176177, 0.021258817587, 0.48114758905, 0.002069229257],
      [0.072159613412, 0.0014794647136, 0.30384324699, 0.47825158193, 0.14426609296]
    ],
    [
      [0.025306375813, 0.59347553861, 0.061541547942, 0.21817057068, 0.10150596696],
      [0.0773793182, 0, 0.53199965026, 0.090302388124, 0.30031864342],
      [0.028061791988, 0.00010966925622, 0.42334489347, 0.5288610575, 0.019622587793],
      [0.02123519339, 0.4383312144, 0.070834007416, 0.45303405426, 0.016565530525],
      [0.0086034614866, 0.0081697208929, 0.11163617422, 0.86728608512, 0.0043045582765],
      [0.4509368484, 0.042021420489, 0.029143131325, 0.47789859979, 0],
      [0.077784943665, 0.00020874345094, 0.37529317438, 0.46734658074, 0.079366557761]
    ],
    [
      [0.0148359706, 0.48469253105, 0.0689346779, 0.22570602288, 0.20583079757],
      [0.034300318119, 0, 0.44238356152, 0.07138367448, 0.45193244589],
      [0.014989907192, 0, 0.43217067172, 0.50849248541, 0.044346935682],
      [0.012802832401, 0.38066140931, 0.08088527779, 0.48659211306, 0.039058367447],
      [0.0050976889201, 0.006530589506, 0.11875487803, 0.8576825035, 0.01193434005],
      [0.3098575447, 0.046734271848, 0.038225913687, 0.60280618942, 0.0023760803433],
      [0.04110754134, 0.0003129017964, 0.3754207263, 0.43649514191, 0.14666368865]
    ],
    [
      [0.0082273956143, 0.60827384935, 0.046739862743, 0.15102560965, 0.18573328265],
      [0.025752691762, 0.0005163267937, 0.38465528129, 0.062307095105, 0.52676860505],
      [0.0099633600653, 0.0036645763936, 0.42994345021, 0.50097986668, 0.055448746651],
      [0.0061773968763, 0.53340189668, 0.062100694475, 0.36152350293, 0.036796509038],
      [0.0024598952402, 0.015027210339, 0.1199877234, 0.84853480606, 0.013990364969],
      [0.27006008206, 0.08883545312, 0.038882392363, 0.59990214635, 0.0023199261028],
      [0.034546108333, 0.0010067881814, 0.35943258664, 0.41546839076, 0.18954612608]
    ],
    [
      [0.02006941159, 0.61697451801, 0.059859131738, 0.19909546692, 0.10400147174],
      [0.064313108447, 0.00021301641204, 0.53218891453, 0.08714302211, 0.3161419385],
      [0.023600527822, 0.001995081168, 0.43387804493, 0.51714128455, 0.023385061534],
      [0.017158978171, 0.4757325196, 0.069180755438, 0.4203986868, 0.017529059985],
      [0.0073173566631, 0.011131765295, 0.1176264132, 0.85837848704, 0.005545977802],
      [0.40009006147, 0.057456711451, 0.031893349999, 0.50992603347, 0.00063384361209],
      [0.065966595353, 0.00071625393534, 0.38740414091, 0.45755511559, 0.088357894204]
    ],
    [
      [0.011906051406, 0.69483682779, 0.043080303379, 0.13349733754, 0.11667947988],
      [0.045767160772, 0.00024678284469, 0.45990309972, 0.070172199566, 0.4239107571],
      [0.019819025502, 0.0029114201031, 0.44357206523, 0.49210057613, 0.041596913035],
      [0.011307184474, 0.59663169793, 0.054984007623, 0.31256106042, 0.024516049555],
      [0.0063375569665, 0.01826943268, 0.12355122745, 0.84044023529, 0.01140154762],
      [0.3517400113, 0.097737646278, 0.034435855481, 0.51403362306, 0.0020528638812],
      [0.053887574756, 0.0010980000626, 0.38467244574, 0.42367143955, 0.13667053989]
    ],
    [
      [0.01817903345, 0.65655606415, 0.042992362724, 0.1631287378, 0.11914380187],
      [0.067704771966, 0.00019513858414, 0.43674950033, 0.081953476995, 0.41339711213],
      [0.026107112376, 0.0023587920234, 0.39530157179, 0.53842810516, 0.037804418652],
      [0.015620321244, 0.54065914961, 0.053155093651, 0.36667089395, 0.02389454155],
      [0.0074860892243, 0.014489387704, 0.10385106231, 0.86450712933, 0.0096663314376],
      [0.41993969713, 0.070795981109, 0.026420988363, 0.48125055885, 0.0015927745446],
      [0.074433737855, 0.00091293953823, 0.34016018956, 0.46036248132, 0.12413065173]
    ],
    [
      [0.0093496284348, 0.72892902623, 0.034676087438, 0.12507225156, 0.10197300633],
      [0.042702303441, 0.00026679669225, 0.43819438661, 0.07782788646, 0.4410086268],
      [0.017685034848, 0.0032505765731, 0.40912874323, 0.52831711631, 0.04161852904],
      [0.0088520818313, 0.62976294147, 0.044875974314, 0.29492579375, 0.021583208629],
      [0.0053303673033, 0.020500844114, 0.10807148563, 0.85521069169, 0.010886611265],
      [0.31226912878, 0.11429978472, 0.03113783526, 0.54030593516, 0.0019873160842],
      [0.048827942561, 0.001284187205, 0.35568790659, 0.45671758688, 0.13748237677]
    ],
    [
      [0.009176251712, 0.70105107566, 0.022203031729, 0.11679968741, 0.15076995349],
      [0.038493760256, 0.00060883928144, 0.2756172573, 0.068034632093, 0.61724551107],
      [0.020481185496, 0.0055665471883, 0.32266359407, 0.58133451892, 0.06995415432],
      [0.0097802444127, 0.64080920636, 0.026842709549, 0.29244943096, 0.030118408715],
      [0.0060227719193, 0.023341773806, 0.077705737226, 0.87743902422, 0.015490692828],
      [0.32224808473, 0.11829755032, 0.02147898301, 0.53556242583, 0.0024129561062],
      [0.051379850537, 0.0016319619275, 0.26156226906, 0.46234601395, 0.22307990453]
    ],
    [
      [0.0099074291291, 0.66864891179, 0.040198447001, 0.15150753864, 0.12973767344],
      [0.037977116525, 0.00023180519227, 0.42037057857, 0.078419185669, 0.46300131405],
      [0.014944528711, 0.0026994681632, 0.39864480539, 0.5394297187, 0.04428147904],
      [0.0085576432398, 0.56486899244, 0.050904995309, 0.34915101871, 0.026517350301],
      [0.0039864671007, 0.015962938935, 0.10466670162, 0.86407623054, 0.011307661809],
      [0.29429737017, 0.093460070838, 0.031956459926, 0.57810660915, 0.0021794899148],
      [0.04393054553, 0.0010203697806, 0.34489001222, 0.4635235232, 0.14663554927]
    ],
    [
      [0.014825996771, 0.62411174513, 0.052485244863, 0.18735391191, 0.12122310132],
      [0.049577793015, 0.00016648260979, 0.48395582251, 0.085422956449, 0.38087694542],
      [0.018940955662, 0.0018987849946, 0.41506378798, 0.53174565767, 0.03235081369],
      [0.012856665904, 0.4957388744, 0.062366468125, 0.40608416504, 0.022953826529],
      [0.0057532165822, 0.011964230812, 0.11037461319, 0.86381017777, 0.0080977616535],
      [0.33924990864, 0.068062195482, 0.032575772146, 0.55874277315, 0.0013693505819],
      [0.052959988476, 0.00076113457062, 0.36735419933, 0.46728797986, 0.11163669777]
    ],
    [
      [0.0094261445476, 0.78051209196, 0.025311880496, 0.12408820804, 0.060661674957],
      [0.060326174108, 0.00062666519798, 0.45618586154, 0.109250729, 0.37361057015],
      [0.020963874436, 0.0053014362071, 0.3448470975, 0.60391108547, 0.024976506382],
      [0.0091750534359, 0.66147113607, 0.031033712872, 0.28848743702, 0.0098326606031],
      [0.0060270656355, 0.023881673919, 0.081727271704, 0.88438251092, 0.0039814778216],
      [0.31366355347, 0.1238985834, 0.022440642374, 0.53999722075, 0],
      [0.057692034956, 0.0017670645788, 0.3096146452, 0.53378740299, 0.097138852273]
    ],
    [
      [0.01504988274, 0.64849103504, 0.047750915084, 0.14593085773, 0.14277730941],
      [0.049920562371, 0.00021739952608, 0.43729973622, 0.065935931594, 0.44662637029],
      [0.02253691978, 0.002615906802, 0.4431299335, 0.4860119585, 0.045705281417],
      [0.014017931235, 0.5547650026, 0.060902078038, 0.34081910044, 0.029495887688],
      [0.0072124283643, 0.015593880619, 0.12492070323, 0.83972218443, 0.012550803352],
      [0.39219817422, 0.079629414269, 0.033379758577, 0.49265064906, 0.002142003873],
      [0.060804720771, 0.00092766691726, 0.37819809466, 0.4113745939, 0.14869492375]
    ],
    [
      [0.024073960056, 0.60465053446, 0.05089563612, 0.20039203489, 0.11998783448],
      [0.07940141102, 0.00012722524131, 0.46008470238, 0.089778505766, 0.3706081556],
      [0.027292045421, 0.0014276768978, 0.38947882859, 0.55090090655, 0.030900542543],
      [0.019143195755, 0.47131921305, 0.059974403654, 0.4273222622, 0.022240925338],
      [0.0070401818945, 0.010683166169, 0.10168025261, 0.87307016466, 0.0075262346641],
      [0.44428043876, 0.052417308495, 0.025499663863, 0.47672715321, 0.0010754356775],
      [0.082068451389, 0.00064688850279, 0.33788228387, 0.47452867122, 0.10487370502]
    ],
    [
      [0.021859061133, 0.52554470348, 0.057874692524, 0.21403032921, 0.18069121365],
      [0.057372752218, 0, 0.41939502284, 0.076891740115, 0.44634048483],
      [0.023753992029, 0, 0.40061809042, 0.53280668178, 0.042821235768],
      [0.018700912023, 0.41564226687, 0.068595682205, 0.46263270675, 0.034428432149],
      [0.0076153548542, 0.0072106219679, 0.10700459755, 0.86714761292, 0.011021812709],
      [0.40596539972, 0.046060080079, 0.029126857938, 0.51697437604, 0.0018732862167],
      [0.066019415026, 0.00034402195118, 0.34207450541, 0.45098728781, 0.1405747698]
    ],
    [
      [0.015445448825, 0.60816478203, 0.049943500928, 0.17052573161, 0.15592053661],
      [0.047453104041, 0.00011640663508, 0.42600356897, 0.071503360077, 0.45492356027],
      [0.021095836537, 0.0017792023007, 0.41961581353, 0.51258937665, 0.044919770987],
      [0.014274851373, 0.50527423364, 0.062002542914, 0.38707123858, 0.031377133488],
      [0.0067719143131, 0.012411382724, 0.113959339, 0.85486439662, 0.011992967344],
      [0.3695336652, 0.06833070348, 0.032088779303, 0.52789501502, 0.0021518369934],
      [0.056390111007, 0.00072699184132, 0.35945342216, 0.43627713087, 0.14715234412]
    ],
    [
      [0.012315841888, 0.7030581747, 0.038631705905, 0.15593644075, 0.090057836761],
      [0.054682900185, 0.00033370704972, 0.47320325315, 0.094494198399, 0.37728594121],
      [0.019764763181, 0.0032417586092, 0.3867938442, 0.56058568286, 0.029613951144],
      [0.011050360396, 0.57634108706, 0.04754148675, 0.34875659101, 0.016310474787],
      [0.0057162865518, 0.016755582861, 0.098651109146, 0.87227376099, 0.0066032604494],
      [0.33213866488, 0.090703743723, 0.028308258491, 0.54796072301, 0.0008886098968],
      [0.055863290819, 0.0011580154654, 0.34333220865, 0.49408480124, 0.10556168383]
    ],
    [
      [0.02983141, 0.52139421096, 0.055887057427, 0.19964889468, 0.19323842694],
      [0.075071153742, 0, 0.39141702617, 0.069953632601, 0.46355818749],
      [0.029262704436, 0, 0.4036347648, 0.51929693622, 0.047805594547],
      [0.02492550575, 0.42345392659, 0.068550869011, 0.44517869068, 0.037891007968],
      [0.0074607006971, 0.0076825182835, 0.11057325917, 0.8615706123, 0.012712909554],
      [0.50347059479, 0.039963790877, 0.025362905348, 0.42932817245, 0.0018745365331],
      [0.090846500108, 0.00019603811723, 0.33322508133, 0.42428416365, 0.1514482168]
    ],
    [
      [0.020051891689, 0.60314871509, 0.055301991486, 0.19030269184, 0.1311947099],
      [0.062281669887, 9.362830239e-05, 0.47374716481, 0.080544322476, 0.38333321452],
      [0.024047259366, 0.0013898952879, 0.4207398514, 0.51968256324, 0.034140430709],
      [0.017138766188, 0.4789744192, 0.065727824471, 0.41306626672, 0.025092723421],
      [0.0072090837951, 0.011034768682, 0.11375765847, 0.85908083654, 0.008917652516],
      [0.40866634601, 0.057834069747, 0.03030447982, 0.50170620047, 0.0014889039543],
      [0.067990138134, 0.00063237776864, 0.36711910356, 0.44978660644, 0.1144717741]
    ],
    [
      [0.010236441663, 0.68646709448, 0.040585857651, 0.16230937579, 0.10040123042],
      [0.043321867807, 0.00031976801381, 0.46814561429, 0.092784137278, 0.39542861261],
      [0.014758890926, 0.0030312279347, 0.38978157461, 0.5600815468, 0.032346759723],
      [0.008504608, 0.56070389194, 0.049775477025, 0.36168524851, 0.019330774524],
      [0.0038161155699, 0.015691870705, 0.099762066444, 0.87305761396, 0.0076723333242],
      [0.28836149325, 0.091296686831, 0.030756034903, 0.58828519707, 0.0013005879527],
      [0.045157074977, 0.0010938141742, 0.34645159508, 0.49430897803, 0.11298853774]
    ],
    [
      [0.01254312407, 0.69529330323, 0.040877709907, 0.15621304035, 0.095072822446],
      [0.053044514637, 0.00029928461357, 0.47709704791, 0.090200302312, 0.37935885053],
      [0.019683962519, 0.0029587831462, 0.39911464272, 0.54749631415, 0.03074629747],
      [0.011280969713, 0.57066874756, 0.05038623413, 0.3497621115, 0.017901937103],
      [0.0058265051431, 0.016295064147, 0.10361639202, 0.86713327092, 0.0071287677731],
      [0.33569207591, 0.088816060849, 0.029721799348, 0.54467122135, 0.0010988425433],
      [0.055332469703, 0.0010947935224, 0.35346283024, 0.4817443197, 0.10836558683]
    ],
    [
      [0.010573454341, 0.69954505694, 0.032127286088, 0.14389376425, 0.11386043838],
      [0.04651040983, 0.0002733962561, 0.3938161037, 0.086379836949, 0.47302025327],
      [0.01882005934, 0.0031078966968, 0.35954698909, 0.57469518064, 0.043829874238],
      [0.0097787784032, 0.59328552161, 0.04003016509, 0.33324048595, 0.023665048945],
      [0.0053195183776, 0.017759024708, 0.089200317638, 0.87693695789, 0.010784181385],
      [0.31545886728, 0.099055553536, 0.025735663518, 0.55769244624, 0.0020574694267],
      [0.05176343877, 0.0011823765746, 0.31115105406, 0.49206824051, 0.14383489009]
    ],
    [
      [0.011642426664, 0.66362318883, 0.040664871458, 0.17573712478, 0.10833238827],
      [0.04676590971, 0.00027018220873, 0.44900173879, 0.095878936237, 0.40808323306],
      [0.016696978093, 0.0027738031074, 0.37122348705, 0.57568941005, 0.033616321695],
      [0.0099572644501, 0.53436624591, 0.048923782988, 0.38593357721, 0.020819129437],
      [0.0045039606024, 0.01418677744, 0.092890775464, 0.88046066927, 0.0079578172263],
      [0.30058569872, 0.081419188216, 0.028311655213, 0.58819468159, 0.0014887762665],
      [0.048233494766, 0.00098993784677, 0.32897879869, 0.50648944515, 0.11530832355]
    ],
    [
      [0.015073786226, 0.6083437239, 0.041357460828, 0.14241688083, 0.19280814822],
      [0.045155018, 0.00025368069626, 0.34252172637, 0.058262077732, 0.5538074972],
      [0.024340965282, 0.0028983653765, 0.40887025644, 0.50380531324, 0.060085099663],
      [0.014872112221, 0.54237688895, 0.05588822018, 0.34766779708, 0.03919498157],
      [0.0076911629517, 0.015069009975, 0.11281039013, 0.84956816511, 0.014861271833],
      [0.40450937128, 0.074991348148, 0.029869996186, 0.48896771403, 0.0016615703487],
      [0.061332006518, 0.00090247907352, 0.33026885895, 0.40507321838, 0.20242343708]
    ],
    [
      [0.013596644447, 0.62726331862, 0.038871969363, 0.14932897584, 0.17093909173],
      [0.044568703164, 0.00023174447229, 0.35303778025, 0.06703092987, 0.53513084224],
      [0.021899411976, 0.0027836574297, 0.38658486389, 0.53271807554, 0.056013991161],
      [0.013099812106, 0.54631574282, 0.050947333143, 0.35527829629, 0.034358815638],
      [0.00672672766, 0.015214668229, 0.10244383957, 0.86226887979, 0.013345884755],
      [0.36642885055, 0.080024411179, 0.028542098336, 0.52341489866, 0.0015897412724],
      [0.056837479085, 0.00095293660356, 0.31956223809, 0.43759517503, 0.18505217119]
    ],
    [
      [0.0082011831269, 0.71386457444, 0.029166201257, 0.14724374271, 0.10152429846],
      [0.039628509711, 0.00023682968373, 0.39550701883, 0.095826548338, 0.46880109344],
      [0.014790207548, 0.0028597387411, 0.338948288, 0.60288219254, 0.040519573172],
      [0.0072221053846, 0.59714351529, 0.035222308091, 0.33821283879, 0.022199232441],
      [0.0038250467552, 0.017184867124, 0.079824663364, 0.88864222121, 0.010523201546],
      [0.2658583963, 0.10475915683, 0.024621933052, 0.60247518625, 0.0022853275778],
      [0.042299321941, 0.0011936427175, 0.29845973899, 0.52480512966, 0.1332421667]
    ],
    [
      [0.0062520393383, 0.69805930517, 0.028294276189, 0.11454807398, 0.15284630532],
      [0.025483667699, 0.00030434757888, 0.31711293884, 0.063511722366, 0.59358732351],
      [0.011612247626, 0.0042431525041, 0.37429373579, 0.5442844464, 0.065566417677],
      [0.0049057034664, 0.63718871761, 0.039469771852, 0.28755366883, 0.030882138239],
      [0.0023723862961, 0.022183790338, 0.097830920536, 0.86330871563, 0.014304187204],
      [0.25110264755, 0.12959798132, 0.030181944609, 0.58610987641, 0.0030075501133],
      [0.034561471148, 0.0014053180606, 0.30591156209, 0.44085620447, 0.21726544423]
    ],
    [
      [0.011557653967, 0.72261258354, 0.034102155673, 0.14106770753, 0.090659899289],
      [0.054649663542, 0.00036881472177, 0.44771086579, 0.091326108045, 0.4059445479],
      [0.020628737342, 0.0035903266315, 0.37953058104, 0.56250121481, 0.033749140175],
      [0.010659379067, 0.60624616845, 0.042628255441, 0.32281084544, 0.017655351601],
      [0.0060072109478, 0.018919378149, 0.096056077928, 0.87120133118, 0.007816001794],
      [0.33586142056, 0.10053688369, 0.026909930277, 0.53547705489, 0.0012147105786],
      [0.057366100292, 0.0012926846916, 0.33382569948, 0.49078825959, 0.11672725594]
    ],
    [
      [0.0090883889177, 0.68199288935, 0.038915510603, 0.12686941532, 0.14313379581],
      [0.033568824212, 0.00017689634771, 0.39766966501, 0.063681904862, 0.50490270957],
      [0.01597459191, 0.0027573844661, 0.42850962109, 0.49931125667, 0.053447145868],
      [0.0087710376451, 0.60257222009, 0.051750260697, 0.30658165759, 0.030324823972],
      [0.0050707754939, 0.018265226411, 0.11835131705, 0.84414790052, 0.014164780521],
      [0.30805206567, 0.10585715755, 0.034969176893, 0.54849821359, 0.0026233863036],
      [0.043040024732, 0.0010699207185, 0.3617791241, 0.41933590764, 0.17477502282]
    ],
    [
      [0.01911083584, 0.5432363748, 0.058337797246, 0.18520928201, 0.1941057101],
      [0.049279048964, 0.00019020572259, 0.41495169993, 0.065619123139, 0.46995992224],
      [0.022632140624, 0.0018578732536, 0.43337356294, 0.49470955125, 0.047426871923],
      [0.017195756197, 0.45215345464, 0.072332611605, 0.42079542462, 0.03752275294],
      [0.0071459157438, 0.010546519117, 0.12188322276, 0.84797647283, 0.012447869548],
      [0.40281020831, 0.054709639047, 0.033209561137, 0.50756228393, 0.0017083075726],
      [0.061114358534, 0.00063965040277, 0.3656422825, 0.41268925346, 0.1599144551]
    ],
    [
      [0.024181187281, 0.60518402023, 0.063296593435, 0.12298979734, 0.18434840171],
      [0.061770484723, 0.0012579093348, 0.45092298531, 0.042561896395, 0.44348672424],
      [0.03050924726, 0.0064498489948, 0.5401206495, 0.37002407281, 0.052896181436],
      [0.021864838314, 0.55047592479, 0.081810728795, 0.30548932863, 0.040359179473],
      [0.01100813289, 0.018484783384, 0.18116044441, 0.77177991548, 0.017566723842],
      [0.56006880923, 0.061309994645, 0.03594199669, 0.34036969514, 0.0023095042924],
      [0.086979671449, 0.00097262150105, 0.44688038345, 0.29900127825, 0.16616604535]
    ]
  ],
  "expected_outcome": [
    [
      [0.64791913774, 0.79520976381, 0.050612751626, 0.22253955901, 0.54300811054, 0.56194352452, 0.72626913577, 1.4361436425, 0.28048885305, 0.40375507533, 0.87185376336, 0.65234385793, 0.25450590279, 0.25584800658, 0.89073652207, 0.93993962872, 0.43247256709, 1.1453732956, 0.38780833, 0.64166053406, 0.99293484134, 0.96582055337, 0.6661276235, 0.88482442646, 0.16581164849, 0.42149597786, 0.14762129628, 0.03751223603, 1.2135536665, 0.11814905593, 2.61818451, 0.3868989965],
      [32.2776510056, 44.9045091057, 1.1869510772, 7.2703879658, 40.146074057, 17.2752865043, 42.3850464951, 51.8679290678, 21.867870787, 30.8462473289, 58.8411042375, 27.4609167857, 21.0738264829, 11.0243475957, 22.3720697751, 22.5984222496, 17.0286138968, 65.3844102472, 6.7781247424, 19.3007588828, 66.5873081643, 53.5375843484, 44.0713385872, 50.4353623513, 6.6917809628, 19.4451628772, 12.8495623399, 4.188355831, 75.8743212715, 8.8659075616, 74.4233833479, 9.6829443237],
      [1.7496526574, 1.6689982838, 0.12308309588, 1.0340201685, 3.0848309411, 1.6760556887, 2.6278985061, 3.3963966552, 1.0402826231, 0.9769333961, 3.5374633361, 2.309350774, 0.6834207734, 0.81176555643, 1.8831385364, 2.4886117785, 1.398418026, 3.5927486491, 0.72653174655, 1.7696637276, 3.9368281922, 3.1475836628, 2.0240190236, 3.0905302308, 0.45493206911, 1.2050310503, 0.52499162263, 0.16976565714, 3.5807263457, 0.50590163783, 7.9922782226, 1.012745495],
      [7.0100648955, 7.5034164521, 0.43634114136, 3.3855903431, 9.9676902368, 5.5746730737, 8.1433375902, 12.8871702865, 3.7521675468, 5.139186246, 13.3326634003, 8.2435721242, 3.350381617, 2.4808245813, 7.4145052908, 9.2033041561, 4.7747204851, 14.5020889893, 2.5954356308, 6.0896861389, 15.7440094518, 12.0284041071, 9.0653071477, 13.356021483, 1.5665856892, 4.6291982509, 2.6503873688, 0.6872884439, 14.8121092909, 1.6493023991, 25.3736716353, 1.9678367575],
      [4.3147123037, 6.1278663946, 0.20301193392, 3.0874619636, 12.2583966547, 2.9120412088, 7.1174482728, 9.4123603479, 3.05919019, 6.6338779537, 11.4169152628, 5.3338164581, 1.6378652238, 2.4272142599, 4.4395498757, 7.7697221871, 4.365775025, 8.3753788187, 2.5120995502, 4.1982307167, 9.7389193504, 7.3206073283, 7.173207618, 8.2332615085, 2.1208896304, 5.2991118437, 1.8274373723, 0.91707783189, 9.5192894254, 1.8607393456, 26.5924822841, 2.9495744274]
    ],
    [
      [2.022526724, 1.9907950065, 0.8511725002, 0.92610858922, 2.163226108, 1.865080145, 2.5171938424, 5.0778578974, 1.5799852273, 1.0008377667, 3.835688769, 6.693002057, 1.8701113974, 2.3961869938, 4.2876761951, 6.7699847617, 1.5659524333, 3.4997056118, 3.6034153796, 3.6746185233, 5.371911608, 3.7131160246, 2.1394788522, 2.0109341175, 1.038565414, 1.3370610949, 0.39628509711, 0.38225501549, 3.9894254386, 0.80565178108, 11.4327393597, 1.111868725],
      [0.0097429304569, 0.012473292698, 0, 0, 0.043371450671, 0.0061774759493, 0.013573056458, 0.01463539381, 0.0098714776133, 0.015829821318, 0.023412324419, 0.022475152322, 0.019426621137, 0.010435177252, 0.0068701630306, 0, 0.0038414189578, 0.021357251182, 0, 0.005524069841, 0.039651233712, 0.02094992295, 0.01257622778, 0.011617834975, 0.0058346560139, 0.0069523341688, 0.0023682968373, 0.0045652136832, 0.02692347469, 0.0042455123449, 0.044127727642, 0.022642368026],
      [15.1588587871, 11.813463595, 5.8519961528, 11.9443561609, 32.3110436287, 15.4334785214, 25.2946704845, 32.7562125247, 16.2131923045, 7.1660486899, 42.4574284352, 65.3340360382, 14.1417617078, 20.9903873385, 24.8445739283, 49.4886126953, 14.0581177761, 30.2850082017, 18.788017256, 27.9510827241, 58.0500561717, 33.3967933536, 18.1155407702, 19.3070747678, 7.8779997066, 10.5911334076, 3.9550701883, 4.7566940827, 32.682893203, 9.5440719601, 96.2687943843, 8.1166137356],
      [2.9948666462, 2.5765253007, 0.99332626937, 1.9273592109, 5.2337959888, 2.5271476412, 3.8594709761, 6.1465107746, 2.879631799, 1.7689004344, 7.9203377526, 11.5320991206, 3.3867725991, 3.1649247165, 4.8480393114, 9.0732253336, 2.3596108825, 6.0476286975, 3.3577743649, 4.7521150261, 11.5052330225, 6.3140211618, 3.9734724996, 4.1227942582, 1.3400277878, 2.0109278961, 0.95826548338, 0.95267583549, 6.6668058873, 1.5283657167, 15.2236365683, 0.76611413512],
      [12.8140049123, 14.606742805, 3.3035050776, 12.2021760389, 44.2485628238, 9.1681162165, 23.3150916405, 31.0047834094, 16.3173191915, 16.0483832877, 46.7631327188, 51.4183876318, 11.5819276746, 21.438065774, 20.0128404023, 52.6681772094, 15.012477489, 24.1463002377, 22.2507929995, 22.6166596567, 49.0331479641, 26.5551195371, 21.7589316502, 17.5475790215, 12.7375724356, 16.0539252672, 4.6880109344, 8.9038098527, 29.6339519965, 12.1176650298, 109.0307019602, 7.9827610363]
    ],
    [
      [4.3021798825, 4.8247956589, 0.86991555161, 2.7731328305, 3.2879088215, 4.0592907855, 7.5510487163, 7.9104550499, 3.9437627711, 2.5396670015, 9.086273456, 11.9328020671, 4.0250638917, 9.4204324682, 12.0084999852, 19.8583373362, 3.6706755575, 10.3765006699, 5.9110662961, 8.6329661123, 11.2757926675, 9.330198234, 5.5519175053, 9.1666409733, 3.1643254867, 3.8980953317, 0.81346141512, 2.0437555822, 8.9116145318, 1.8370780696, 17.1325304521, 2.1661565554],
      [0.55643084833, 0.76460111563, 0.0033997469427, 0, 1.2093102099, 0.34315396089, 1.1092510593, 0.7147139831, 0.72487857581, 0.69025185135, 1.6412766433, 1.1962345466, 1.0178757518, 1.0934490432, 0.62817783505, 0, 0.30958120033, 1.7019232699, 0, 0.49897240837, 2.3158581421, 1.4024632113, 0.91682952554, 1.5228179059, 0.37678749894, 0.49549102248, 0.15728563076, 0.74679484071, 1.5510211048, 0.31709921361, 1.406410053, 0.45793927863],
      [72.3115391903, 64.2469729846, 13.1236916974, 79.9515742682, 141.8813385688, 74.6270237276, 169.0009568543, 119.7763762512, 91.2357097392, 40.010285665, 242.3760416774, 261.4901864264, 66.2106427206, 185.2283122035, 171.3706845794, 334.9167235921, 73.0131515542, 203.0667682058, 81.5342224898, 151.0456066508, 297.7931230028, 189.180340648, 106.0663617814, 203.8016943902, 53.1531333372, 68.8121057729, 18.6421558401, 65.8756974995, 163.9572110084, 49.2786064251, 328.0637871493, 38.3485661147],
      [103.8530508919, 102.1557746665, 16.3946927824, 94.0711098, 165.323356005, 88.9483009421, 187.4903195038, 163.1437158642, 117.8147169379, 72.0854803465, 327.9732689673, 334.999764335, 115.9509284106, 203.1529986529, 242.3963988813, 445.4263859698, 89.1905515363, 294.3074835038, 104.8979811156, 186.566040204, 427.902301759, 259.5132529061, 169.5350782876, 316.0534861198, 65.4946907209, 94.8238174463, 33.1585205895, 95.7940625664, 243.0005247992, 57.4207945169, 374.4951303, 26.2717091692],
      [5.9767991869, 8.0078555744, 0.6083002216, 8.2041831012, 18.2980863947, 4.0222305839, 15.8484238663, 11.4547388515, 9.280931976, 8.6743151356, 26.9231392561, 20.3810126249, 4.7954892254, 19.1048076322, 13.596238719, 35.7985531019, 7.8160401517, 15.5473243508, 9.6567300985, 12.2564146245, 24.7129244286, 14.5737450006, 12.9298129001, 18.4553606108, 7.8110629562, 9.9704904267, 2.2285765245, 11.5396895111, 14.5796285558, 6.1464217748, 35.9021420457, 3.755628882]
    ],
    [
      [2.4317113034, 3.3404335052, 0.33976309425, 1.0882407541, 1.4763978534, 2.2821440968, 3.1094757303, 4.2331070572, 1.3278122747, 1.8582464384, 3.4401725824, 3.8698564372, 1.431308336, 1.8784027854, 4.9772308964, 4.974442598, 1.8842803813, 6.3981586695, 1.6450833795, 2.8621739534, 3.776045952, 4.4221401276, 2.4446946008, 3.9231621933, 0.8625825088, 1.6374765132, 0.54165790384, 0.70151559569, 3.8693546014, 0.63151471045, 8.9933804908, 1.5086738437],
      [109.3992253058, 169.5974566509, 7.0132994305, 32.356219791, 127.483053306, 63.2724251073, 164.0737169307, 146.5186295433, 94.464441221, 121.7537492083, 227.07733496, 149.2174011945, 103.1894972263, 74.3385103478, 122.5429953935, 110.5608429874, 66.696198841, 333.7014894079, 27.9479591551, 79.9887280064, 248.9525280233, 223.7021490419, 148.3213804023, 210.5403008889, 31.4578595588, 68.2894678528, 44.7857636469, 91.1179866188, 220.0673591487, 43.3851998466, 236.4762567749, 37.9828388103],
      [8.9045771672, 9.0566888277, 1.1333441187, 6.8752486122, 14.8420659796, 9.2010404733, 15.1206020963, 14.4050303794, 6.7313961471, 5.1001148143, 20.4638081144, 18.7723069056, 4.8412592081, 8.1608784571, 15.5933449501, 18.2464514665, 8.1843356647, 27.526520828, 4.5243573547, 10.9765466866, 22.1003117992, 19.7514037791, 10.0075412726, 19.2759704972, 3.2415167704, 6.3684166428, 2.6416731068, 5.6441773748, 15.474056725, 3.7260187702, 37.8299558696, 5.6449402869],
      [64.8652321473, 77.3050104652, 7.2485448682, 41.3603296098, 86.4041172009, 55.9130253447, 85.954291615, 99.3678122601, 44.2388690628, 55.5653918833, 140.3587095224, 122.2313336774, 45.0040401755, 45.6697594596, 111.1037881722, 123.0602999964, 51.0934034926, 201.9300661929, 29.3817935848, 68.9820665422, 160.5882503368, 137.1067477068, 83.3101214881, 152.0578294222, 20.1647322309, 44.4097870364, 25.3659629094, 41.1201746425, 117.1803368936, 22.0738793468, 220.0760070772, 21.0787636755],
      [3.3992540763, 5.7004105511, 0.26504848841, 3.319961233, 8.7943656601, 2.331364978, 6.7419136277, 6.47542076, 3.2374812944, 5.7224976558, 10.6599748209, 6.9091017854, 1.5338950541, 3.9524489501, 5.7826405878, 9.1579629517, 4.1417816204, 9.4437649018, 2.5008065259, 4.1904848113, 8.5828638887, 7.0175593446, 5.9162622362, 8.2027369983, 2.273308931, 4.2948519547, 1.6649424331, 4.4161457682, 6.4088926313, 2.183387326, 19.6243997875, 2.7847833836]
    ],
    [
      [0.97050951736, 1.1016942982, 0.1290519223, 0.51996426985, 0.4280217718, 0.63661002969, 1.4766507732, 1.2052603651, 0.86351950313, 0.62034550769, 1.781950794, 2.3933380982, 0.9161139766, 1.6444336671, 2.1613358416, 4.4778286543, 0.9819275754, 2.2236354686, 1.0370373969, 1.6725074405, 1.8927933226, 2.0858888412, 1.0532646388, 2.2384684194, 0.49992559186, 0.85429441282, 0.2218527118, 0.38195419368, 2.0124156675, 0.72512089562, 2.5796755835, 0.51738224581],
      [2.3928349191, 3.155047289, 0.12254581339, 0.66612012961, 2.6147345989, 0.96846358068, 4.2567778145, 2.3327914203, 3.3211367465, 2.404202702, 7.1354337038, 4.9771200178, 3.6300144357, 3.5554047811, 3.2797320138, 4.2398457171, 1.799650495, 6.5179217328, 1.0678700414, 2.5600663343, 7.7831678695, 5.8336329647, 3.5162868923, 7.0508283878, 0.97948564839, 1.932262865, 0.99672229321, 3.5715902444, 6.3379916798, 2.6119273768, 3.8072934011, 0.86878481906],
      [14.1549023523, 12.6849138806, 1.6745426133, 12.1129975589, 20.8778638709, 10.233497948, 28.7874359954, 16.7200210313, 17.5075806715, 8.0036909343, 46.7860156238, 45.915839085, 12.422545299, 28.4819203367, 31.2158375527, 62.9187033606, 16.524104155, 38.3752814578, 15.3696830242, 26.3917767654, 49.4819849564, 37.0946683426, 17.6616628923, 46.1667154055, 7.3326753583, 13.0103676252, 4.6298304751, 15.7507782064, 32.178786106, 16.9242383381, 43.9998434175, 8.5145408871],
      [124.4019653175, 124.4906795937, 13.0092912768, 87.4836153565, 147.6450562537, 74.6789283728, 195.8225748215, 139.1856478219, 138.5441320539, 90.3762194947, 386.24207505, 359.3450339512, 134.4261416598, 191.456658051, 268.0325405499, 509.882796395, 123.9553375096, 339.3144930259, 119.7583151094, 199.3067540761, 433.0365765226, 310.4337109887, 173.6335176624, 437.5889526258, 55.2219307323, 109.5081477331, 51.5412488302, 138.9927032157, 291.8524459457, 120.7131497749, 306.119506691, 36.2736560275],
      [1.0797878937, 1.5676649384, 0.064568374147, 1.2173026851, 2.4343235047, 0.48250006877, 2.6565605954, 1.5562793615, 1.7636310249, 1.5955413613, 5.0545248284, 3.3686688478, 0.60518462888, 2.8615831642, 2.3105540419, 6.4808258731, 1.738980265, 2.5686683148, 1.767094428, 2.0688953837, 3.8054773288, 2.5520988628, 2.1352679143, 3.9550351615, 0.96598266913, 1.6949273639, 0.61034568968, 2.3029741398, 2.618360601, 2.0255636145, 4.4936809069, 0.82563602059]
    ],
    [
      [35.2835633842, 72.143081432, 7.2149895744, 4.6478631706, 22.685046893, 14.8033322744, 29.194420938, 32.7552963764, 12.4907651513, 11.6009310502, 44.733200266, 80.0629784392, 25.4067478314, 34.1212411572, 60.4221396707, 75.5095643485, 16.9985485992, 60.7813756721, 27.6908827134, 39.6406355628, 79.587772136, 46.9968906279, 29.0222157899, 45.689026205, 13.3488092524, 31.1464522969, 5.5830263222, 4.5198476559, 47.020598879, 5.2368851163, 86.6041947872, 8.9611009478],
      [8.3406380789, 19.5289259282, 0.67234272783, 0.70101407773, 7.4621780621, 2.1258983237, 8.1122246411, 5.5220865265, 4.5719913887, 4.2587118116, 14.2059307673, 16.0626781338, 10.0357852551, 6.9277590414, 7.1287539554, 8.5671748947, 3.1432123601, 16.5987851013, 2.1980084982, 5.6099047654, 25.1978855654, 12.4342485189, 9.1131109253, 12.3757166089, 2.4747144889, 6.8020749502, 2.1999422934, 2.3327636638, 14.0751637166, 1.7995716783, 11.7625723952, 0.98095991431],
      [2.5859928304, 3.9328812536, 0.4662901012, 0.5733887053, 3.2661209585, 1.18005395, 2.858176005, 2.0608370923, 1.2455134104, 0.77324338838, 4.8573819087, 7.6878822264, 1.8176920323, 2.9040389962, 3.4679542853, 5.4175955764, 1.4760838479, 5.1804113039, 1.3949597942, 2.9395345425, 8.4886656333, 4.1610519088, 2.3676810437, 4.3033715923, 0.98570987414, 2.4260783585, 0.5170605941, 0.54327500297, 3.7673902388, 0.59447600718, 7.1400556444, 0.57507194704],
      [49.6907584496, 89.0123039736, 7.6463775966, 9.0420928412, 50.3917802938, 18.8672632383, 42.6647907138, 37.5375435903, 21.6122374062, 19.28024733, 87.8722045909, 131.8632944633, 43.7397748811, 42.8606064682, 64.8348928364, 96.1572339442, 24.283170691, 100.2768123115, 23.6130494849, 48.6655014457, 162.3667143904, 76.2539709883, 51.3077050539, 89.4055916013, 16.1359345631, 44.4902663862, 12.6519789112, 10.5499777753, 74.9667876847, 9.3244696311, 109.1258910452, 5.4459151222],
      [0.099047256926, 0.38280741255, 0, 0.035641205149, 0.19487379264, 0.023452213647, 0.17038770214, 0.12423641448, 0.079492643368, 0.086866419822, 0.33128246705, 0.32316673732, 0, 0.18635433695, 0.14625925214, 0.3484312363, 0.098984501697, 0.16261561111, 0.10309950932, 0.14442368357, 0.35896227494, 0.15383795606, 0.18928718726, 0.2262939925, 0.054831821506, 0.13512800816, 0.047991879135, 0.05413590204, 0.170059481, 0.04459756716, 0.36728612811, 0.036952068679]
    ],
    [
      [1.3415900508, 1.8039903353, 0.54449460565, 0.8221508268, 1.4163904417, 0.79159914423, 2.424940864, 2.3818796113, 1.5136662194, 0.97621716019, 3.2508603692, 4.3956790435, 1.0961486642, 3.2834549217, 5.2523808889, 6.4699026726, 1.4661428862, 3.5752506124, 3.7247065044, 3.8754378736, 5.1027494724, 3.4859455913, 2.1223009896, 3.086943665, 0.91998009777, 1.7051243725, 0.29609525359, 0.933159721, 2.9830372152, 0.64560037097, 7.6392948167, 0.3479186858],
      [0.023476911762, 0.03698661784, 0.0014612041566, 0.0062580359281, 0.041278315436, 0.0085950472241, 0.049410002818, 0.029214065223, 0.039809803356, 0.031007276623, 0.075507363764, 0.063174169361, 0.033574226997, 0.050094013532, 0.041400864178, 0.033714151215, 0.018901787874, 0.074112989784, 0.0080375628063, 0.036045532812, 0.12360100169, 0.068971991909, 0.04847743956, 0.063356022193, 0.013537186103, 0.028588098107, 0.0083554990222, 0.037943587637, 0.067219603961, 0.016048810777, 0.079956300346, 0.0038904860042],
      [7.1344770153, 7.5960811747, 2.6270522207, 7.508414526, 14.7367360524, 4.648849691, 17.3102600584, 10.8851260658, 11.0263251042, 4.9696831121, 25.5218609045, 30.4903985445, 5.8826782588, 20.4226971117, 21.6244661677, 33.5233015305, 9.3457889761, 21.9732613537, 13.6622283345, 20.9257889031, 39.1490302444, 22.2681583051, 12.7571932163, 21.0546431161, 4.9540328842, 9.5868671428, 2.0892181729, 8.2596121765, 17.3589363732, 5.4266868614, 45.7052853123, 1.7875215338],
      [10.1840616519, 11.9562895482, 3.2714260652, 8.7299028383, 17.034204021, 5.4906613871, 19.0652147797, 14.7315994024, 14.1582451933, 8.7845742651, 34.3007407165, 38.7849023281, 10.1419606568, 22.2142280705, 30.3698349579, 44.196754205, 11.3432054027, 31.6214272791, 17.3956507096, 25.637836567, 55.8569145171, 30.3498921412, 20.1747978607, 32.4153244897, 6.0760982758, 13.1278552509, 3.6736359076, 11.9031175206, 25.5209894986, 6.2900386146, 51.5861566831, 1.196005113],
      [2.3163943702, 3.606652324, 0.55556590432, 2.933273773, 7.7713911695, 1.0602947304, 6.150174295, 3.9721808552, 4.2619536798, 4.238518186, 10.851030646, 9.2658459146, 1.8456381932, 8.0295258827, 6.7119171213, 13.7763274407, 3.8259609472, 6.755947765, 6.2093768886, 6.5248911235, 12.7677047644, 6.8270319705, 5.8972304939, 7.379732707, 3.0363515561, 5.5515651357, 0.93269516689, 5.8661669942, 6.0698173091, 2.6216253422, 19.9893068876, 0.66466418141]
    ]
  ],
  "prob": [
    [0.013802770475, 0.65727630336, 0.042702525352, 0.15912030735, 0.12709809346],
    [0.050869074962, 0.00024431205309, 0.43439130198, 0.078977533535, 0.43551777747],
    [0.02022449902, 0.0024647751027, 0.40199986586, 0.53540450538, 0.039906354639],
    [0.012271804172, 0.54792208583, 0.052946255727, 0.36213397523, 0.024725879039],
    [0.0058658864942, 0.014737616296, 0.10536678391, 0.86415332813, 0.0098763851715],
    [0.3547873084, 0.080830481512, 0.029341391211, 0.53348345236, 0.0015573665165],
    [0.057361435528, 0.00090857161267, 0.34716534229, 0.45902343119, 0.13554121938]
  ],
  "iterations": 121,
  "logLik": -559.3744503395,
  "time": 0.080512,
  "message": "Converged",
  "status": 0,
  "miniter": 0,
  "maxiter": 1000,
  "maxtime": 3600,
  "param_threshold": 0.001,
  "ll_threshold": "-Inf",
  "initial_prob": "group_proportional",
  "adjust_prob_cond_method": "project_lp",
  "adjust_prob_cond_every": false,
  "candidates_id": ["BALDOCK, Larry.c", "MACINDOE, Timothy Harley.c", "WILSON, Margaret Anne.c", "PETERS, Winston Raymond.c", "Other candidates votes.c"],
  "group_id": ["ACT.p", "Green Party.p", "Labour Party.p", "National Party.p", "NZ First.p", "United Future.p", "Other parties votes.p"]
}
