{
  "Z_true": {},
  "V_true": [
    [1243, 22, 136, 33, 1187, 15],
    [39, 2027, 284, 533, 376, 43],
    [71, 592, 570, 3200, 253, 52],
    [698, 469, 640, 106, 21695, 213],
    [110, 171, 2215, 304, 682, 41],
    [49, 173, 106, 113, 326, 135]
  ],
  "p_true": [
    [0.4715, 0.0083, 0.0516, 0.0125, 0.4503, 0.0057],
    [0.0118, 0.6139, 0.086, 0.1614, 0.1139, 0.013],
    [0.015, 0.1249, 0.1203, 0.6754, 0.0534, 0.011],
    [0.0293, 0.0197, 0.0269, 0.0044, 0.9108, 0.0089],
    [0.0312, 0.0485, 0.6287, 0.0863, 0.1936, 0.0116],
    [0.0543, 0.1918, 0.1175, 0.1253, 0.3614, 0.1497]
  ],
  "Z_est": [
    [
      [0.9529, 1.1697, 16.4963, 22.3783, 0, 4.013, 25.7754, 20.8345, 8.5015, 18.9515, 50.5799, 19.1515, 6.5816, 2.5033, 11.2556, 50.7012, 22.3099, 37.0571, 25.1628, 52.1368, 18.6776, 45.0725, 20.3285, 2.7617, 0.7818, 16.4658, 19.9145, 8.2976, 0.8129, 41.4718, 0, 347.7256, 26.0002, 43.062, 8.9987],
      [0.001, 0.0023, 0.0076, 0.0109, 0, 0.0036, 0.0141, 0.0102, 0.0113, 0.0087, 0.0179, 0.0068, 0.0052, 0.0023, 0.0115, 0.0271, 0.0149, 0.0074, 0.0134, 0.0389, 0.0176, 0.0181, 0.0108, 0, 0, 0.0344, 0.0252, 0.0108, 0.001, 0.0298, 0, 0.0455, 0.0197, 0.0031, 0.0095],
      [0.4824, 1.212, 3.8734, 5.5349, 0.2479, 3.408, 9.3904, 5.9792, 8.8092, 6.2157, 16.1367, 7.7777, 2.771, 3.672, 7.3107, 15.6844, 6.123, 6.0426, 8.2934, 25.8919, 7.6447, 11.4424, 5.2887, 0.7293, 0.394, 18.0825, 15.4223, 9.1589, 0.7328, 13.6879, 0, 177.2089, 7.4858, 15.5538, 3.0038],
      [0.1672, 0.1804, 1.1877, 1.4222, 0.1075, 0.4909, 2.4286, 1.5371, 1.2719, 1.6316, 4.1659, 1.9716, 0.5505, 0.3084, 1.3582, 3.8416, 1.6135, 1.7564, 1.6616, 3.72, 0.8104, 3.1157, 1.702, 0.1493, 0.0944, 1.6397, 2.0728, 0.9355, 0.2895, 3.9293, 0, 31.3139, 2.4128, 3.6463, 1.1458],
      [2.3945, 3.4356, 13.431, 22.6491, 0.6446, 4.0837, 26.3869, 19.637, 17.4062, 23.1856, 43.0866, 26.0881, 9.0917, 5.5133, 20.064, 51.7308, 26.933, 28.133, 28.8655, 48.2042, 17.8497, 34.3513, 16.6629, 3.345, 0.7297, 26.7675, 20.5478, 12.5921, 2.1618, 46.8796, 0, 444.6574, 20.0742, 38.729, 16.8404],
      [0.0018, 0, 0.0039, 0.0046, 0, 0.0008, 0.0046, 0.002, 0, 0.0069, 0.0131, 0.0043, 0, 0.0006, 0, 0.0149, 0.0057, 0.0035, 0.0032, 0.0083, 0, 0, 0.0071, 0.0146, 0, 0.01, 0.0174, 0.0051, 0.0021, 0.0015, 0, 0.0487, 0.0074, 0.0058, 0.0018]
    ],
    [
      [0, 0, 0, 0.0121, 0, 0.0506, 0.0128, 0.01, 0, 0.014, 0, 0.0117, 0.0029, 0, 0, 0.0121, 0.016, 0, 0.0111, 0.0161, 0.0086, 0, 0, 0.1643, 0.1014, 0, 0.038, 0, 0, 0.0253, 0, 0.1102, 0, 0.0205, 0],
      [7.8818, 9.4619, 34.2606, 51.998, 0.8847, 52.4587, 56.5469, 58.9539, 87.6213, 38.9322, 96.4863, 48.1955, 14.3655, 24.1976, 63.2836, 58.3653, 50.3599, 30.7274, 49.4902, 51.9804, 25.4731, 120.0008, 54.9184, 7.7029, 1.9436, 76.6555, 42.4764, 43.0917, 5.271, 81.674, 0, 585.0788, 106.5987, 184.6435, 70.8864],
      [0.3482, 0.5531, 2.735, 3.5863, 0.1536, 5.3619, 4.1446, 4.8685, 6.4519, 3.3891, 6.8371, 5.064, 1.2261, 6.6148, 6.3324, 4.8123, 3.0207, 2.6288, 3.2713, 7.3658, 3.6502, 7.354, 3.2574, 0.7112, 0.2662, 13.744, 6.1273, 8.5461, 0.1343, 6.6628, 0, 86.0579, 7.6206, 10.6286, 4.7858],
      [0.8792, 0.5743, 5.8141, 6.3828, 0.8168, 5.5523, 7.4147, 8.6572, 6.4225, 6.1563, 12.1939, 8.8726, 1.6881, 3.882, 8.1106, 8.1297, 5.5239, 5.2326, 4.5369, 7.2827, 2.7787, 13.8509, 7.3177, 1.0293, 0.6273, 8.7282, 5.7178, 6.1075, 0.3974, 13.2377, 0, 104.6569, 17.0591, 17.2234, 13.1149],
      [0.4404, 0.4107, 2.4764, 3.8261, 0.1449, 1.6078, 3.0245, 4.1549, 3.5455, 3.28, 4.7732, 4.4063, 1.0397, 2.6585, 4.5109, 4.1238, 3.4764, 3.1923, 2.9589, 3.5654, 2.2184, 5.851, 2.7222, 0.7373, 0.0615, 5.5517, 2.1637, 3.1559, 0.1031, 5.9458, 0, 56.1885, 5.4742, 7.0174, 7.3116],
      [0.4504, 0, 4.7139, 6.1946, 0, 7.9687, 4.8565, 5.3554, 13.9588, 5.2284, 10.7095, 5.4499, 0.6778, 6.6471, 4.7625, 7.5568, 6.6031, 6.2189, 3.7315, 8.7896, 1.8709, 8.9433, 5.7843, 0.6551, 0, 11.3206, 4.4769, 6.0987, 1.0943, 7.4544, 0, 80.9077, 14.2475, 22.4666, 6.9014]
    ],
    [
      [0.2592, 0.4313, 7.087, 5.7046, 0, 2.8129, 5.9893, 6.4699, 1.942, 6.0018, 13.1461, 5.9788, 2.6494, 1.1763, 1.9669, 9.9418, 8.0169, 6.6504, 5.8778, 10.9926, 3.6131, 14.6073, 5.9742, 0.0659, 0, 4.9813, 4.0954, 2.514, 0.0696, 9.54, 0, 80.1121, 8.3279, 14.4976, 2.4304],
      [1.3526, 3.2654, 10.1384, 9.8603, 0, 10.9773, 14.3569, 10.8946, 13.8908, 10.8692, 28.7694, 11.1624, 5.5778, 3.1076, 6.2866, 18.0539, 17.5886, 6.1512, 14.1297, 18.6209, 4.9415, 29.5455, 12.6348, 0.0891, 0, 14.9394, 10.3004, 6.7442, 1.294, 18.6555, 0, 134.9357, 16.365, 44.0129, 5.6677],
      [1.351, 4.0169, 15.7842, 13.2851, 0, 22.2873, 20.4917, 17.5096, 19.7875, 18.4769, 39.4522, 22.8036, 9.5215, 16.7611, 12.2454, 28.8434, 20.5891, 10.3188, 18.198, 51.0692, 14.0206, 35.0842, 14.7014, 0.1882, 0, 52.0202, 29.2962, 26.3022, 0.7986, 29.4469, 0, 380.9957, 22.6753, 49.0483, 7.6911],
      [5.2178, 6.4061, 51.3285, 36.0594, 0, 34.0869, 56.1295, 47.582, 30.1853, 51.3087, 107.6053, 61.142, 20.0928, 14.9028, 24.0521, 74.4549, 57.2813, 31.3157, 38.6096, 77.1159, 16.3968, 100.538, 50.2701, 0.4338, 0, 49.914, 41.215, 28.3176, 3.7562, 89.3631, 0, 707.9926, 77.8641, 121.0011, 31.1396],
      [1.6587, 2.8803, 14.0364, 13.8882, 0, 6.7247, 14.714, 14.6886, 10.0757, 17.5925, 27.0262, 19.5381, 7.9336, 6.4742, 8.5669, 24.3222, 23.1992, 12.2408, 16.182, 24.3266, 8.3463, 27.1155, 11.907, 0.209, 0, 20.0273, 10.0288, 9.3282, 0.5731, 25.8165, 0, 245.058, 15.6716, 31.4048, 11.0388],
      [0.1607, 0, 2.6255, 2.2024, 0, 3.1109, 2.3185, 1.8553, 4.1188, 2.7508, 6.0008, 2.3751, 0.2249, 1.5781, 0.8822, 4.3837, 4.3249, 2.3231, 2.0028, 5.8747, 0.6817, 4.1095, 2.5125, 0.0139, 0, 4.1178, 2.0644, 1.7938, 0.5084, 3.178, 0, 34.9059, 4.0961, 10.0354, 1.0324]
    ],
    [
      [0.5075, 0, 20.3548, 27.3993, 0, 5.6845, 22.2573, 23.1794, 5.0779, 14.6777, 37.1702, 15.3639, 8.4426, 3.6284, 4.9576, 29.1525, 20.8085, 25.3234, 23.333, 26.0666, 10.687, 40.029, 18.344, 0.8798, 0.053, 12.1178, 10.4747, 8.6476, 0.0785, 28.5586, 0, 244.5593, 23.7292, 46.9614, 6.738],
      [0.8539, 2.8874, 8.169, 12.5722, 0, 5.5904, 13.6537, 10.4792, 15.0762, 6.7778, 21.1058, 7.2305, 5.5623, 4.6075, 5.0629, 14.0143, 11.9144, 6.5689, 14.1853, 11.8473, 4.1813, 22.0538, 10.3043, 0, 0, 12.5984, 6.8182, 7.2019, 1.0503, 14.9669, 0, 101.7266, 13.0421, 33.4196, 4.945],
      [0.2775, 2.6656, 5.3367, 6.7391, 0.3829, 5.6758, 10.2667, 8.1577, 12.2846, 5.2042, 15.5072, 7.873, 4.8849, 8.2098, 5.3991, 10.6589, 4.3972, 2.8669, 9.4943, 15.2278, 5.7167, 12.8469, 5.1194, 0.4317, 0.0505, 12.9875, 7.2585, 8.8968, 0.3914, 10.5402, 0, 161.8523, 8.5549, 21.7779, 0.6223],
      [1.7698, 3.2919, 19.6246, 22.582, 0.5601, 9.3411, 26.2664, 22.3108, 16.7865, 15.9504, 39.7365, 20.0394, 9.2661, 10.1461, 9.4126, 28.4456, 19.2966, 17.7159, 18.9098, 23.7628, 4.8391, 38.7768, 19.9405, 0.7523, 0.0984, 17.5306, 13.7034, 14.4574, 1.6658, 33.7434, 0, 284.0142, 27.3799, 52.1501, 12.3474],
      [44.2909, 115.1551, 421.9489, 672.7065, 13.057, 136.8907, 547.131, 535.8336, 435.3019, 425.0353, 785.5271, 504.3819, 288.8441, 325.4721, 258.0509, 720.4685, 591.6671, 513.1226, 638.8293, 577.0592, 248.377, 791.8707, 375.6886, 27.6466, 1.7981, 545.5583, 246.67, 343.3056, 22.5353, 767.9657, 4, 7593.5585, 458.2001, 1026.2216, 328.7915],
      [0.3005, 0, 1.566, 2.001, 0, 0.8174, 1.4249, 1.0395, 1.4729, 1.3546, 2.9532, 1.1113, 0, 0.9362, 0.1169, 2.2602, 1.9161, 1.4023, 1.2483, 2.0364, 0.199, 1.4229, 1.6032, 0.2896, 0, 2.2074, 1.0752, 1.4908, 0.2786, 1.2252, 0, 16.2891, 2.0939, 4.4694, 0.5558]
    ],
    [
      [0.2752, 0.314, 4.9338, 4.4401, 0, 1.3938, 4.9242, 4.3917, 1.4515, 3.2928, 10.9844, 4.3766, 1.3032, 0.666, 1.7973, 8.016, 4.7561, 3.8369, 4.4832, 7.6858, 2.9564, 12.0593, 5.2413, 0.1229, 0.0565, 3.3151, 1.4456, 1.5038, 0.0385, 6.2533, 0, 66.3188, 4.8038, 11.2042, 0.7793],
      [0.0939, 0.1806, 0.4907, 0.5315, 0.0198, 0.3752, 0.8132, 0.5129, 0.6986, 0.4125, 1.6423, 0.5601, 0.2121, 0.1263, 0.3997, 1.0102, 0.7255, 0.2441, 0.7423, 0.9192, 0.2905, 1.6705, 0.7638, 0.009, 0, 0.7663, 0.2582, 0.2937, 0.037, 0.8549, 0, 7.5569, 0.659, 2.2699, 0.126],
      [3.3337, 7.8459, 25.2543, 23.7858, 1.0729, 25.8304, 38.7298, 27.3164, 33.5472, 23.3773, 75.56, 38.3558, 12.0297, 21.9789, 25.7175, 53.4255, 28.2086, 13.691, 31.9005, 82.133, 26.4167, 66.3124, 29.6898, 0.8357, 1.2097, 79.9436, 24.3011, 36.3655, 0.8911, 44.4176, 0, 722.8816, 29.9968, 86.9787, 5.6934],
      [1.6176, 1.6321, 10.9866, 8.6579, 1.0444, 5.2663, 14.2405, 9.9594, 6.8653, 8.6929, 27.7521, 13.8142, 3.377, 2.6011, 6.7596, 18.5516, 10.5099, 5.5531, 9.0893, 16.6851, 4.0953, 25.5839, 13.5684, 0.2209, 0.3874, 10.2811, 4.5363, 5.2338, 0.4814, 18.1154, 0, 181.655, 13.8126, 28.9423, 3.0558],
      [3.6668, 5.0275, 20.2806, 22.5378, 0.863, 7.0989, 25.24, 20.7866, 15.3746, 20.1801, 46.9186, 29.8431, 9.0744, 7.6066, 16.3136, 40.897, 28.7299, 14.6405, 25.7443, 35.4701, 14.2294, 46.2956, 21.668, 0.8097, 0.3464, 27.5996, 7.4339, 11.5646, 0.5465, 35.3071, 1, 422.8258, 18.6615, 50.4116, 7.3368],
      [0.0126, 0, 0.0539, 0.047, 0, 0.0354, 0.0523, 0.0331, 0.0627, 0.0443, 0.1427, 0.0502, 0.0035, 0.0212, 0.0122, 0.0996, 0.07, 0.0343, 0.0404, 0.1068, 0.0116, 0.0783, 0.0688, 0.0018, 0, 0.0942, 0.0249, 0.0385, 0.0055, 0.0517, 0, 0.7619, 0.0662, 0.1933, 0.0087]
    ],
    [
      [0.0052, 0.085, 0.1281, 0.0657, 0, 0.0453, 0.0409, 0.1145, 0.0271, 0.0622, 0.1194, 0.1176, 0.0203, 0.026, 0.0226, 0.1764, 0.0926, 0.1322, 0.132, 0.102, 0.0573, 0.2319, 0.112, 0.0054, 0.0072, 0.12, 0.0317, 0.0369, 0.0005, 0.1509, 0, 1.1739, 0.1389, 0.2544, 0.0536],
      [0.8168, 2.2024, 4.9337, 3.0271, 0.0955, 4.5946, 2.6152, 5.1492, 5.7018, 2.9995, 6.9783, 5.8447, 1.277, 1.9587, 1.9558, 8.5293, 5.3966, 3.301, 8.4391, 4.5933, 2.096, 12.7114, 6.368, 0.1989, 0.0564, 10.0059, 2.1217, 2.6577, 0.3466, 7.8188, 0, 52.6565, 7.3156, 20.651, 3.3654],
      [0.2071, 0.7066, 2.0163, 1.0689, 0.1427, 2.4365, 0.9768, 2.1686, 2.1196, 1.3368, 2.5068, 3.1258, 0.5668, 2.7636, 0.9949, 3.5753, 1.6614, 1.4518, 2.8425, 3.3124, 1.551, 3.9601, 1.9432, 0.104, 0.0796, 9.2222, 1.5946, 2.7305, 0.052, 3.2446, 0, 39.0037, 2.6668, 6.0127, 1.2037],
      [1.3483, 1.9152, 11.0584, 4.8956, 2.4713, 6.2625, 4.5203, 9.9536, 5.4687, 6.2602, 11.5462, 14.1602, 2.0255, 4.1597, 3.307, 15.5765, 7.7748, 7.4263, 10.1928, 8.4336, 3.0796, 19.1347, 11.2014, 0.4144, 0.7925, 14.9063, 3.7548, 4.9482, 0.4097, 16.6112, 0, 122.3673, 15.4715, 25.0367, 8.1965],
      [0.5486, 1.0908, 3.8267, 2.3923, 0.2905, 1.5942, 1.5036, 3.8993, 2.2961, 2.7264, 3.6684, 5.7425, 1.0165, 2.2753, 1.4937, 6.4576, 3.9944, 3.6707, 5.4198, 3.3745, 1.9792, 6.5159, 3.3513, 0.2524, 0.0643, 7.4956, 1.1559, 2.0536, 0.0802, 6.0852, 0, 53.7117, 3.9184, 8.2156, 3.6809],
      [0.074, 0, 1.0368, 0.5504, 0, 1.0669, 0.3433, 0.7147, 1.3868, 0.6149, 1.1808, 1.0092, 0.0938, 0.8168, 0.2261, 1.6848, 1.0801, 1.0179, 0.9738, 1.1842, 0.2369, 1.446, 1.0241, 0.0249, 0, 2.2499, 0.3412, 0.5731, 0.111, 1.0894, 0, 11.0868, 1.4888, 3.8295, 0.4999]
    ]
  ],
  "V_est": [
    [996.8841, 0.4407, 430.6926, 84.63, 1123.153, 0.1996],
    [0.6377, 2292.8666, 238.3117, 325.9699, 162.119, 282.0951],
    [253.9238, 515.1793, 1025.0615, 2143.0788, 682.5939, 118.1627],
    [765.2429, 410.4676, 398.5566, 856.6142, 21332.9611, 57.1577],
    [189.4216, 26.2664, 1749.0278, 493.6257, 1062.3306, 2.3279],
    [3.8899, 208.7795, 109.3498, 385.0815, 155.8423, 39.0569]
  ],
  "p_est": [
    [0.3782, 0.0002, 0.1634, 0.0321, 0.4261, 0.0001],
    [0.0002, 0.6944, 0.0722, 0.0987, 0.0491, 0.0854],
    [0.0536, 0.1087, 0.2163, 0.4523, 0.1441, 0.0249],
    [0.0321, 0.0172, 0.0167, 0.036, 0.8956, 0.0024],
    [0.0538, 0.0075, 0.4965, 0.1401, 0.3015, 0.0007],
    [0.0043, 0.2315, 0.1212, 0.4269, 0.1728, 0.0433]
  ],
  "EI_Z": {},
  "EI_V": 9.6693,
  "MAE_Z": {},
  "MAE_V": 209.0818,
  "MAE_p": 0.0604,
  "runtime": 0.036
}
