{
  "X": [
    [0, 12, 19, 3],
    [0, 9, 6, 5],
    [16, 65, 262, 31],
    [5, 51, 143, 16],
    [37, 126, 648, 104],
    [22, 24, 159, 28],
    [5, 16, 42, 5],
    [7, 23, 89, 24],
    [35, 116, 263, 68],
    [50, 134, 337, 67],
    [59, 92, 261, 79],
    [9, 58, 122, 21],
    [26, 108, 251, 57],
    [90, 311, 700, 150],
    [51, 183, 379, 76],
    [11, 72, 87, 26],
    [93, 175, 449, 122],
    [45, 49, 170, 57],
    [145, 383, 600, 189],
    [3, 15, 12, 1],
    [0, 7, 5, 2],
    [2, 6, 8, 0],
    [0, 2, 9, 1],
    [25, 136, 487, 53],
    [14, 104, 303, 39],
    [45, 135, 431, 81],
    [9, 84, 253, 43],
    [12, 11, 86, 18],
    [62, 620, 682, 125],
    [19, 230, 444, 77],
    [34, 235, 489, 95],
    [16, 73, 263, 51],
    [15, 169, 406, 53],
    [0, 2, 10, 7],
    [126, 183, 785, 148],
    [89, 149, 727, 136],
    [36, 117, 390, 71],
    [54, 145, 628, 93],
    [67, 78, 459, 65],
    [6, 7, 97, 14],
    [6, 10, 22, 5],
    [3, 6, 6, 1],
    [43, 78, 399, 60],
    [29, 195, 295, 44],
    [35, 340, 421, 70],
    [24, 125, 216, 46],
    [31, 76, 470, 51],
    [1, 12, 19, 0],
    [6, 14, 23, 6],
    [2, 11, 14, 3],
    [3, 6, 16, 4],
    [28, 56, 170, 15],
    [28, 279, 882, 120],
    [6, 26, 34, 7],
    [1, 25, 32, 7],
    [12, 130, 354, 60],
    [129, 428, 848, 149],
    [31, 67, 184, 41],
    [230, 471, 997, 276],
    [40, 66, 210, 20]
  ],
  "W": [
    [1, 0, 6, 13, 8, 2, 3, 1],
    [3, 2, 3, 3, 5, 0, 4, 0],
    [9, 5, 33, 201, 36, 20, 43, 27],
    [6, 1, 8, 125, 26, 18, 18, 13],
    [12, 12, 51, 606, 85, 47, 42, 60],
    [3, 8, 52, 135, 12, 11, 6, 6],
    [0, 4, 9, 38, 8, 3, 4, 2],
    [2, 3, 18, 90, 11, 4, 7, 8],
    [25, 32, 68, 204, 85, 20, 28, 20],
    [26, 31, 103, 253, 92, 24, 31, 28],
    [18, 22, 111, 211, 54, 20, 17, 38],
    [11, 8, 24, 103, 43, 5, 11, 5],
    [23, 14, 58, 204, 72, 15, 34, 22],
    [59, 60, 165, 596, 201, 52, 64, 54],
    [31, 28, 90, 313, 126, 30, 41, 30],
    [15, 11, 31, 63, 53, 8, 9, 6],
    [44, 36, 153, 357, 136, 23, 55, 35],
    [14, 12, 53, 150, 37, 9, 16, 30],
    [87, 95, 263, 434, 300, 32, 68, 38],
    [1, 0, 5, 11, 9, 0, 3, 2],
    [1, 1, 2, 5, 4, 0, 1, 0],
    [0, 0, 2, 8, 6, 0, 0, 0],
    [0, 0, 0, 8, 4, 0, 0, 0],
    [17, 11, 36, 462, 79, 42, 28, 26],
    [16, 6, 38, 281, 64, 29, 11, 15],
    [17, 5, 61, 398, 82, 34, 46, 49],
    [11, 6, 16, 239, 56, 13, 29, 19],
    [4, 4, 24, 54, 15, 15, 2, 9],
    [113, 40, 121, 560, 432, 87, 96, 40],
    [24, 11, 25, 430, 134, 50, 53, 43],
    [45, 17, 81, 408, 147, 48, 53, 54],
    [20, 10, 44, 225, 49, 13, 20, 22],
    [19, 15, 38, 360, 107, 36, 33, 35],
    [3, 1, 2, 10, 3, 0, 0, 0],
    [54, 53, 226, 588, 130, 55, 75, 61],
    [23, 42, 159, 571, 112, 67, 67, 60],
    [17, 18, 88, 304, 95, 13, 43, 36],
    [22, 30, 79, 540, 92, 66, 50, 41],
    [10, 23, 113, 379, 55, 24, 26, 39],
    [0, 5, 15, 89, 5, 0, 2, 8],
    [0, 0, 11, 19, 10, 1, 1, 1],
    [0, 0, 1, 8, 5, 1, 0, 1],
    [18, 23, 72, 337, 43, 38, 23, 26],
    [26, 7, 64, 243, 146, 22, 32, 23],
    [59, 18, 58, 352, 243, 38, 75, 23],
    [18, 8, 51, 164, 84, 21, 42, 23],
    [10, 11, 51, 411, 60, 37, 23, 25],
    [2, 0, 4, 16, 8, 0, 1, 1],
    [3, 0, 8, 24, 8, 2, 2, 2],
    [3, 2, 2, 14, 7, 1, 1, 0],
    [2, 1, 2, 19, 3, 1, 0, 1],
    [12, 5, 40, 142, 35, 8, 14, 13],
    [46, 17, 74, 776, 174, 59, 89, 74],
    [13, 0, 14, 25, 15, 2, 3, 1],
    [4, 2, 7, 25, 20, 2, 2, 3],
    [3, 7, 17, 328, 121, 30, 7, 43],
    [101, 47, 229, 697, 306, 44, 70, 60],
    [15, 11, 44, 147, 50, 23, 10, 23],
    [86, 73, 348, 849, 360, 51, 115, 92],
    [20, 6, 84, 171, 40, 6, 4, 5]
  ],
  "method": "mvn_pdf",
  "cond_prob": [
    [
      [0, 0.88892133517, 0.062998363178, 0.048080301647],
      [0.015801593339, 0.00063548100398, 0.21845209991, 0.76511082575],
      [0, 0.03043303674, 0.73787737065, 0.23168959261],
      [0, 0.058781359202, 0.9396978373, 0.0015208034967],
      [0, 0.94952925052, 0.020789203864, 0.029681545621],
      [0, 0.44730706119, 0.50045072604, 0.052242212776],
      [0, 0.54691364261, 0.31111281732, 0.14197354007],
      [0, 0.032733720415, 0.19311199309, 0.7741542865]
    ],
    [
      [0, 0.8344894973, 0.053030325332, 0.11248017737],
      [0, 0.00027991657308, 0.087284475861, 0.91243560757],
      [0, 0.020665351377, 0.57206638987, 0.40726825875],
      [0, 0.057312531314, 0.93889016138, 0.0037973073018],
      [0, 0.89225271615, 0.037299063369, 0.07044822048],
      [0.0054870676853, 0.42022041011, 0.4474505614, 0.1268419608],
      [0, 0.45019361153, 0.23674377542, 0.31306261305],
      [0.0027107929977, 0.012030809498, 0.076861339277, 0.90839705823]
    ],
    [
      [0.010442865977, 0.75348988459, 0.16444018928, 0.071627060154],
      [0.10949916133, 0.00040059685518, 0.34100958897, 0.54909065285],
      [0.37936921254, 0.0090034024367, 0.53042359592, 0.08120378911],
      [0.0032547822575, 0.030980751843, 0.9657644659, 0],
      [0.0025924026707, 0.88651009143, 0.060599360476, 0.050298145422],
      [0.031187895114, 0.23712384012, 0.68684099789, 0.044847266879],
      [0.010338142863, 0.33778957581, 0.51995722866, 0.13191505267],
      [0.03790735595, 0.018909362954, 0.3302146768, 0.6129686043]
    ],
    [
      [0.0071290434936, 0.83422976098, 0.093598937083, 0.065042258443],
      [0.097174875822, 0.00055849840095, 0.24802060135, 0.65424602443],
      [0.41802707615, 0.014761556737, 0.45588523015, 0.11132613696],
      [0.0024341440378, 0.052686963113, 0.94487889285, 0],
      [0.0082925542222, 0.92302405776, 0.032420032847, 0.03626335517],
      [0.029887266827, 0.36459274445, 0.54862284642, 0.056897142302],
      [0.0021059790347, 0.46646655172, 0.37165751936, 0.15976994988],
      [0.032313954924, 0.02556978922, 0.23272883774, 0.70938741811]
    ],
    [
      [0.017874993383, 0.68112123695, 0.11339216286, 0.1876116068],
      [0.10044649026, 0.00019754521639, 0.12663307157, 0.77272289296],
      [0.52344347977, 0.0067018723929, 0.29658326251, 0.17327138533],
      [0.0055710163457, 0.038151171413, 0.9552682543, 0.0010095579399],
      [0.0045385325895, 0.81807811751, 0.042760523556, 0.13462282634],
      [0.062076353324, 0.25168127336, 0.54930464734, 0.13693772598],
      [0.0040603207763, 0.29651304371, 0.34511932444, 0.35430731107],
      [0.033909857894, 0.009059359552, 0.11924023564, 0.83779054691]
    ],
    [
      [0.0093417786334, 0.72562514453, 0.1013590817, 0.16367399514],
      [0.061100188645, 0.00023271452249, 0.13075629827, 0.80791079856],
      [0.39262025596, 0.0097574564898, 0.38358629386, 0.21403599369],
      [0.0037859345747, 0.04386988617, 0.95234417926, 0],
      [0.0022890662058, 0.84766434627, 0.036894390386, 0.11315219714],
      [0.035865655748, 0.28821123968, 0.54427985434, 0.13164325023],
      [0.0022859641153, 0.33117256749, 0.33186311258, 0.33467835582],
      [0.020018647477, 0.010351547185, 0.11932185513, 0.85030795021]
    ],
    [
      [0.0035491185297, 0.93042499481, 0.040439574493, 0.025586312166],
      [0.11457765456, 0.001188678882, 0.24280253779, 0.64143112876],
      [0.46226463746, 0.02878138245, 0.45576336666, 0.053190613426],
      [0.0059489594733, 0.089349475272, 0.90470156525, 0],
      [0.00078126794838, 0.97009062076, 0.013202507278, 0.015925604018],
      [0.022987127975, 0.57620761695, 0.36628633299, 0.034518922082],
      [0.0014699267738, 0.68603763882, 0.22446948802, 0.088022946389],
      [0.03707797499, 0.05371720495, 0.22295152998, 0.68625329008]
    ],
    [
      [0.0047101387695, 0.7264795674, 0.04321169644, 0.22559859739],
      [0.024465507396, 0.00017990737762, 0.043839629387, 0.93151495584],
      [0.30301619475, 0.018759124491, 0.28881340271, 0.38941127804],
      [0.014208059802, 0.088431231892, 0.89736070831, 0],
      [0.0011306969141, 0.83125636637, 0.015430079958, 0.15218285676],
      [0.02522098788, 0.39944303578, 0.3231998732, 0.25213610314],
      [0.0012291189166, 0.34951022727, 0.14987679942, 0.49938385439],
      [0.0077801078108, 0.0077327834867, 0.038660594299, 0.9458265144]
    ],
    [
      [0.011463620754, 0.74475361224, 0.12144086178, 0.12234190522],
      [0.091468285699, 0.00030427470004, 0.19269836535, 0.71552907425],
      [0.43226325597, 0.0094052502586, 0.41217767074, 0.14615382302],
      [0.0032101935296, 0.036384940579, 0.95738766626, 0.0030171996315],
      [0.0028207979457, 0.86771980569, 0.044359256357, 0.085100140006],
      [0.040121489552, 0.27578990691, 0.59416436916, 0.089924234381],
      [0.002812963936, 0.34852696903, 0.39955857561, 0.24910149142],
      [0.030834142296, 0.013930062654, 0.18105004729, 0.77418574776]
    ],
    [
      [0.010095104693, 0.78367441812, 0.12032534286, 0.085905134328],
      [0.10410314651, 0.00041467324664, 0.24714562711, 0.64833655314],
      [0.42094973056, 0.011019955382, 0.45392421066, 0.1141061034],
      [0.0038890212487, 0.040666629528, 0.95418140203, 0.0012629471885],
      [0.0024389930327, 0.89574018646, 0.043148732132, 0.058672088373],
      [0.036136485512, 0.29729292244, 0.60191280084, 0.06465779121],
      [0.0026342843421, 0.3905342674, 0.42094716377, 0.18588428449],
      [0.035544974512, 0.019221714308, 0.23510662785, 0.71012668333]
    ],
    [
      [0.010057414147, 0.80204855325, 0.079028937804, 0.1088650948],
      [0.095060854379, 0.0003856608897, 0.14866611247, 0.75588737226],
      [0.48054482006, 0.012797609417, 0.34099763551, 0.16565993502],
      [0.0052990343828, 0.05769252081, 0.9330135819, 0.0039948629066],
      [0.0023768724383, 0.89719543059, 0.027726842373, 0.072700854601],
      [0.044101961584, 0.37148694066, 0.4840027674, 0.10040833036],
      [0.0028736843812, 0.43626150652, 0.30251422003, 0.25835058907],
      [0.031837197097, 0.017532823419, 0.13868880912, 0.81194117037]
    ],
    [
      [0.0064069861789, 0.789611887, 0.10442354468, 0.099557582136],
      [0.063260969237, 0.00038711455131, 0.20327295982, 0.73307895639],
      [0.33813075906, 0.013245938673, 0.4865768104, 0.16204649187],
      [0, 0.043213755227, 0.95160368376, 0.0051825610162],
      [0.0013995658845, 0.89441584518, 0.036952436282, 0.067232152649],
      [0.0250479864, 0.32079826188, 0.573033913, 0.081119838729],
      [0.0017227230646, 0.39925338225, 0.3769182304, 0.22210566429],
      [0.020785192369, 0.017318630615, 0.18638191878, 0.77551425823]
    ],
    [
      [0.0089228580828, 0.76562078936, 0.10614909957, 0.11930725299],
      [0.075769911513, 0.00033255400061, 0.17917811377, 0.74471942072],
      [0.39692853326, 0.011360911787, 0.42404650201, 0.16766405294],
      [0.0020412794569, 0.043063721381, 0.95167609394, 0.0032189052269],
      [0.0021614656671, 0.87797957389, 0.038171145314, 0.081687815132],
      [0.033884402522, 0.30750783446, 0.56351143972, 0.095096323292],
      [0.0022985093808, 0.37602782013, 0.36656759015, 0.25510608034],
      [0.025167212715, 0.015001878289, 0.16587112337, 0.79395978562]
    ],
    [
      [0.0098145749508, 0.80515996383, 0.08717381817, 0.097851643054],
      [0.099399946617, 0.00042329223329, 0.17623208734, 0.72394467381],
      [0.46430880987, 0.013034508191, 0.37440452078, 0.14825216116],
      [0.0037711943103, 0.054238460751, 0.93907303309, 0.0029173118449],
      [0.0023267710553, 0.90143304072, 0.030676642937, 0.06556354529],
      [0.041223400897, 0.3610296259, 0.51116146649, 0.086585506722],
      [0.0027759166812, 0.43729550827, 0.33032095361, 0.22960762144],
      [0.033507432356, 0.019349145943, 0.16540006142, 0.78174336028]
    ],
    [
      [0.011067802202, 0.79973458671, 0.096568163201, 0.09262944789],
      [0.1128372395, 0.00041987450395, 0.19600246454, 0.69074042146],
      [0.48146704473, 0.011742316706, 0.37878696387, 0.1280036747],
      [0.0039201740428, 0.04938586358, 0.94459120408, 0.0021027582939],
      [0.0026371589941, 0.90081710933, 0.034156788123, 0.062388943558],
      [0.044199878814, 0.33941580824, 0.53859291995, 0.077791392995],
      [0.0030700950356, 0.42471214797, 0.3590393611, 0.21317839589],
      [0.038475154347, 0.019441981096, 0.18627625335, 0.75580661121]
    ],
    [
      [0.0051003423416, 0.82374975841, 0.082468343635, 0.088681555613],
      [0.058389159163, 0.00046899241166, 0.18689462623, 0.75424722219],
      [0.32168442546, 0.017046812473, 0.47525139142, 0.18601737065],
      [0, 0.055670703648, 0.9418034158, 0.0025258805569],
      [0, 0.9117663675, 0.029745621693, 0.058488010804],
      [0.022656055298, 0.3808721459, 0.51420109287, 0.082270705928],
      [0.0015008726085, 0.45638851816, 0.32571021029, 0.21640039895],
      [0.019040104827, 0.020799647104, 0.16986784042, 0.79029240765]
    ],
    [
      [0.020520765477, 0.67287099138, 0.13111187191, 0.17549637123],
      [0.11726387317, 0.00019905606562, 0.14942320843, 0.73311386233],
      [0.53688155719, 0.0059913454266, 0.31419870313, 0.14292839426],
      [0.0051657836478, 0.033717305965, 0.96111691039, 0],
      [0.005270233482, 0.81733994011, 0.049988236777, 0.12740158963],
      [0.065747580114, 0.22939699401, 0.58659025135, 0.11826517452],
      [0.0045372250079, 0.28497629267, 0.38848518757, 0.32200129475],
      [0.040286582898, 0.0092770704781, 0.14297263559, 0.80746371103]
    ],
    [
      [0.042252286288, 0.61565980992, 0.12101299211, 0.22107491168],
      [0.18504981671, 0.00013581221053, 0.10464367818, 0.7101706929],
      [0.70494267386, 0.0033247592585, 0.17748507891, 0.11424748797],
      [0.0072949014186, 0.036730778765, 0.94966484151, 0.0063094783056],
      [0.011185119777, 0.77574238659, 0.047603496242, 0.16546899739],
      [0.13134284532, 0.20012321125, 0.52486962246, 0.14366432098],
      [0.0090474797998, 0.24941077001, 0.34749920161, 0.39404254859],
      [0.066365951581, 0.0066384777971, 0.1049505125, 0.82204505812]
    ],
    [
      [0.013428650969, 0.7556960873, 0.11197896073, 0.118896301],
      [0.10953458007, 0.00032054993591, 0.1825080546, 0.70763681539],
      [0.48486255725, 0.0093685369006, 0.36801698558, 0.13775192027],
      [0.0039355764477, 0.04083251524, 0.95241165957, 0.0028202487432],
      [0.0032872549619, 0.87375955869, 0.040686607157, 0.082266579186],
      [0.048740274583, 0.29284286614, 0.56750969769, 0.090907161594],
      [0.0033987784447, 0.36729076506, 0.37975223178, 0.24955822472],
      [0.037422297711, 0.014845789308, 0.17355246147, 0.77417945151]
    ],
    [
      [0.0019134229161, 0.97076727396, 0.016514528057, 0.010804775069],
      [0.14752141574, 0.0022798776864, 0.22462679123, 0.62557191534],
      [0.57744023246, 0.04227688135, 0.38028288619, 0],
      [0.0014188238959, 0.18076228507, 0.81781889103, 0],
      [0.00042225492862, 0.98746738016, 0.012110364911, 0],
      [0.017140452496, 0.75691522585, 0.20629171881, 0.019652602844],
      [0.00097557744004, 0.84140035248, 0.15762407008, 0],
      [0.044275662621, 0.20902785232, 0.25209887259, 0.49459761247]
    ],
    [
      [0, 0.97814783503, 0.0051902340329, 0.016661930942],
      [0, 0.00078322186465, 0.033341856958, 0.96587492118],
      [0, 0.094370372414, 0.4726240388, 0.43300558879],
      [0, 0.20217322129, 0.79425430176, 0.0035724769485],
      [0, 0.98730203805, 0.0019270932042, 0.010770868746],
      [0.00097012242179, 0.87659549869, 0.081322396102, 0.041111982784],
      [0, 0.87225393963, 0.037239949793, 0.090506110578],
      [0.0011618145749, 0.034347255692, 0.030151886252, 0.93433904348]
    ],
    [
      [0.019504559058, 0.89304536779, 0.064039689642, 0.023410383508],
      [0.48760225367, 0.00035416768936, 0.19475306791, 0.31729051073],
      [0.96498021379, 0.00058967226669, 0.034430113942, 0],
      [0.0057507068312, 0.024761477175, 0.96948781599, 0],
      [0.0040056529612, 0.96678813968, 0.02920620736, 0],
      [0.12809531394, 0.2653641255, 0.58619668245, 0.02034387811],
      [0.0090485958474, 0.50325675214, 0.4180704263, 0.069624225711],
      [0.15045845258, 0.021535862538, 0.20306554339, 0.6249401415]
    ],
    [
      [6.0798421505e-10, 0.32280470396, 0.41766521387, 0.25953008156],
      [0.065166257879, 0.00010335255116, 0.25751042415, 0.67721996542],
      [0.32058207147, 0.0029415084895, 0.55293207414, 0.1235443459],
      [0, 0, 0.99875951296, 0.0012404870369],
      [0, 0.5, 0.25248097407, 0.24751902593],
      [0.018832658416, 0.066850421516, 0.85599214632, 0.05832477375],
      [4.3134306711e-09, 0.062392096804, 0.86052054158, 0.0770873573],
      [0.021364576479, 0.0047122784403, 0.24061476533, 0.73330837975]
    ],
    [
      [0.011621245411, 0.79551306748, 0.088575216217, 0.10429047089],
      [0.10984243904, 0.00038550768715, 0.16586063157, 0.72391142171],
      [0.50527200319, 0.011480277705, 0.34136206022, 0.14188565888],
      [0.0045630314049, 0.052519002014, 0.93957846144, 0.0033395051434],
      [0.0027670645612, 0.89573131622, 0.031320265141, 0.070181354078],
      [0.048108932642, 0.34968840718, 0.51152214439, 0.090680515791],
      [0.0032380490191, 0.4244182269, 0.33075635462, 0.24158736946],
      [0.037170028105, 0.017752727098, 0.15677161865, 0.78830562615]
    ],
    [
      [0.0052558453307, 0.80739076657, 0.07695737638, 0.11039601172],
      [0.051158765548, 0.00040117396055, 0.14868473539, 0.7997553251],
      [0.33072164234, 0.016856682426, 0.43324471705, 0.21917695818],
      [3.1721379561e-05, 0.059185806739, 0.9371813786, 0.0036010932799],
      [0.0012365975254, 0.89853421558, 0.026878838916, 0.073350347975],
      [0.023728460026, 0.38587802333, 0.48573013343, 0.10466338322],
      [0.0015043786649, 0.44055972856, 0.29500975124, 0.26292614154],
      [0.016586801133, 0.01765103849, 0.13425200713, 0.83151015325]
    ],
    [
      [0.018153528309, 0.75957351861, 0.088497822135, 0.13377513094],
      [0.13577881071, 0.00029192733747, 0.13138900347, 0.73254025848],
      [0.59532290234, 0.0083134319423, 0.25849961366, 0.13786405206],
      [0.0059134168599, 0.052031879947, 0.93723898243, 0.0048157207639],
      [0.0044056360222, 0.87193182862, 0.031896853379, 0.091765681979],
      [0.072517506423, 0.32220829264, 0.49301701802, 0.11225718292],
      [0.0048146862089, 0.38576426344, 0.31453977575, 0.2948812746],
      [0.046855634169, 0.013700713571, 0.12657245494, 0.81287119732]
    ],
    [
      [0.0088047595614, 0.75209326077, 0.090702347922, 0.14839963175],
      [0.064462582526, 0.00027970256589, 0.13110671753, 0.80415099738],
      [0.41082438908, 0.011266786083, 0.36656665428, 0.21134217056],
      [0.0037321521562, 0.050541843113, 0.94348338428, 0.002242620447],
      [0.0021337205648, 0.86359008398, 0.032652523484, 0.10162367197],
      [0.035818400527, 0.3227049784, 0.51515693288, 0.12631968819],
      [0.0022614779046, 0.36802390564, 0.31229003476, 0.31742458169],
      [0.021078270597, 0.012453902601, 0.11979190025, 0.84667592656]
    ],
    [
      [0.024663598796, 0.42975198691, 0.31537769857, 0.23020671573],
      [0.095278476227, 8.1518317652e-05, 0.23909280267, 0.66554720279],
      [0.41511217372, 0, 0.46595825802, 0.11892956827],
      [0.0025965742805, 0, 0.99562432007, 0.0017791056479],
      [0.030465473035, 0.52404243296, 0.24384258735, 0.20164950665],
      [0.044062003041, 0.077372038442, 0.79382826792, 0.084737690602],
      [0.0035347448715, 0.11268052137, 0.60920377807, 0.27458095569],
      [0.032482543183, 0.0037875405973, 0.22799290373, 0.73573701249]
    ],
    [
      [0.0070121215713, 0.84447159781, 0.076649744648, 0.071866535968],
      [0.09375217153, 0.00058792477553, 0.20463464681, 0.70102525689],
      [0.42361918911, 0.017489988421, 0.42006165079, 0.13882917167],
      [0.0022424476588, 0.065455750025, 0.93230180232, 0],
      [0.0016270712405, 0.92824344462, 0.02753058178, 0.042598902365],
      [0.031949302107, 0.41147758789, 0.48758616544, 0.068986944561],
      [0.0021547384194, 0.4990933759, 0.31560441529, 0.18314747039],
      [0.031362797063, 0.026675038427, 0.19063730873, 0.75132485578]
    ],
    [
      [0.0073755835507, 0.85142966761, 0.055656209195, 0.085538539647],
      [0.090989235993, 0.00054055143042, 0.13622376642, 0.77224644615],
      [0.48375039543, 0.018532766158, 0.32268180798, 0.17503503044],
      [0.0050652999767, 0.076522036792, 0.91243724671, 0.0059754165218],
      [0.0016943068755, 0.92379106143, 0.018983503168, 0.055531128531],
      [0.038096534575, 0.46812942809, 0.40087893055, 0.092895106787],
      [0.002381102543, 0.52741495578, 0.24074996326, 0.22945397842],
      [0.030051238102, 0.024290247573, 0.12565684324, 0.82000167109]
    ],
    [
      [0.0064975446873, 0.81383769404, 0.091341458713, 0.088323302564],
      [0.07267207609, 0.00047103038269, 0.20371485756, 0.72314203597],
      [0.3639337511, 0.015493399566, 0.46284182873, 0.15773102061],
      [0.00016886574588, 0.053191753587, 0.94387927979, 0.0027601008788],
      [0.0015338934614, 0.90753234582, 0.03200531037, 0.058928450347],
      [0.027138662162, 0.36228351617, 0.53291848143, 0.077659340233],
      [0.0018437689354, 0.44289019585, 0.34733573532, 0.20793029989],
      [0.024051782522, 0.021149100578, 0.18777566285, 0.76702345405]
    ],
    [
      [0.0081758847613, 0.70678405358, 0.12726098995, 0.15777907171],
      [0.054414631851, 0.00023997517372, 0.16824437254, 0.77710102043],
      [0.32950904634, 0.0094654781867, 0.46025179483, 0.20077368065],
      [0, 0.033565852842, 0.96504163256, 0.0013925145992],
      [4.265129495e-05, 0.84102469733, 0.047305875365, 0.11162677601],
      [0.027819342321, 0.25369308568, 0.60592342619, 0.11256414581],
      [0.0018716214809, 0.30749339554, 0.39049741214, 0.30013757084],
      [0.017852916102, 0.010683320607, 0.15372497732, 0.81773878597]
    ],
    [
      [0.0048224276903, 0.84620528726, 0.086007860578, 0.062964424472],
      [0.070752856827, 0.00063742249758, 0.25083992472, 0.67776979595],
      [0.32161682206, 0.019151122368, 0.52480524156, 0.13442681402],
      [0, 0.058546646337, 0.94145335366, 0],
      [0, 0.9320084324, 0.029626305403, 0.038365262198],
      [0.021128548195, 0.39406963789, 0.52675845144, 0.058043362475],
      [0.001461608993, 0.49081764774, 0.34941824489, 0.15830249837],
      [0.023336598611, 0.028560321915, 0.23066640769, 0.71743667179]
    ],
    [
      [0, 0.012223603572, 0.61295038745, 0.37482600898],
      [0, 2.6856949875e-07, 0.00022684596455, 0.99977288547],
      [0, 0.00011498521117, 0.015985046025, 0.98389996876],
      [0, 0.18779986282, 0.81220013718, 0],
      [0, 0.028366774021, 0.0023168426257, 0.96931638335],
      [0.0014024541886, 0.006416119298, 0.034289165971, 0.95789226054],
      [1.8347226095e-05, 0.0011988328872, 0.0030505444803, 0.99573227541],
      [2.8164735303e-05, 1.2042941423e-05, 0.0001860983714, 0.99977369395]
    ],
    [
      [0.01981412703, 0.65853956994, 0.18165617708, 0.13999012595],
      [0.12515643216, 0.00021614951677, 0.22914289783, 0.64548452049],
      [0.48272866818, 0.0055037378381, 0.40240943658, 0.1093581574],
      [0.0044691510741, 0.015706773555, 0.97697641315, 0.0028476622169],
      [0.0052172476096, 0.81959276284, 0.071000084805, 0.10418990474],
      [0.053095056607, 0.18821841841, 0.67968718676, 0.07899933822],
      [0.0040613495269, 0.25898556347, 0.49895602487, 0.23799706214],
      [0.043756309482, 0.01024574188, 0.22302985394, 0.7229680947]
    ],
    [
      [0.018293158745, 0.6590227363, 0.1684897256, 0.15419437935],
      [0.11112382563, 0.00020773968078, 0.20423955611, 0.68442887858],
      [0.47218136176, 0.005818708907, 0.39461834697, 0.12738158236],
      [0.0040390125606, 0.017848928383, 0.97561602998, 0.0024960290735],
      [0.004788930575, 0.81564064285, 0.065478698455, 0.11409172812],
      [0.051346625841, 0.19719328538, 0.66033833482, 0.091121753957],
      [0.0037957635277, 0.2622470299, 0.46848001877, 0.2654771878],
      [0.038300727794, 0.0097097675489, 0.19601934581, 0.75597015885]
    ],
    [
      [0.010719857609, 0.70802621373, 0.16354247988, 0.11771144878],
      [0.082747581258, 0.00028119261448, 0.25147453215, 0.66549669398],
      [0.36338127329, 0.0081097710406, 0.50149492383, 0.12701403184],
      [0.0018806038254, 0.023742788669, 0.96908315035, 0.005293457151],
      [0.0027220859179, 0.85113371107, 0.061640810816, 0.084503392193],
      [0.031610756977, 0.22128738812, 0.67417381993, 0.072928034975],
      [0.0023656930452, 0.29832100051, 0.48391747009, 0.21539583636],
      [0.027994098372, 0.01291065759, 0.23699492662, 0.72210031742]
    ],
    [
      [0.017882669096, 0.71801359927, 0.13276378137, 0.13133995026],
      [0.12738382186, 0.00026435586374, 0.18821478949, 0.68413703278],
      [0.52216916098, 0.0071017899077, 0.34892792675, 0.12180112236],
      [0.0041831275106, 0.031681772511, 0.96145733785, 0.0026777621313],
      [0.0044917830203, 0.85274677275, 0.049513468433, 0.093247975801],
      [0.05819680283, 0.24881776312, 0.6030710896, 0.089914344442],
      [0.0041935207386, 0.32283138117, 0.41725474614, 0.25572035195],
      [0.04416841437, 0.01244700157, 0.18194673553, 0.76143784853]
    ],
    [
      [0.019066769964, 0.71226864113, 0.15850846466, 0.11015612425],
      [0.14522778669, 0.00027805077368, 0.24021045836, 0.61428370417],
      [0.51365767182, 0.0064624864074, 0.3854242111, 0.094455630676],
      [0.0044652880421, 0.024227110418, 0.96999337382, 0.0013142277245],
      [0.0048401099442, 0.85637875175, 0.0597376554, 0.079043482908],
      [0.056247083315, 0.22239477559, 0.6530358944, 0.06832224669],
      [0.0043169708034, 0.30765317761, 0.48105856892, 0.20697128266],
      [0.051411662448, 0.013366513597, 0.23701781991, 0.69820400405]
    ],
    [
      [0.0097321631433, 0.69104189835, 0.14993139512, 0.14929454339],
      [0.062578463066, 0.00019741753575, 0.18481695526, 0.75240716414],
      [0.3571306925, 0.0071877948971, 0.46907387608, 0.16660763652],
      [0.001675015064, 0.023485951413, 0.97204018498, 0.0027988485463],
      [0.0024228835617, 0.83729792738, 0.055551250529, 0.10472793852],
      [0.030554405415, 0.2114744509, 0.66067128876, 0.097299854924],
      [0.0021684250501, 0.27184997781, 0.44627400495, 0.27970759219],
      [0.020577461066, 0.0088445900742, 0.16974079462, 0.80083715424]
    ],
    [
      [0.012463065181, 0.729461891, 0.081143818945, 0.17693122487],
      [0.069469562111, 0.00016000555707, 0.084376498967, 0.84599393337],
      [0.52678919168, 0.0067517588851, 0.26845219435, 0.19800685508],
      [0.0050177955658, 0.0424070666, 0.94180541556, 0.010769722277],
      [0.0029313792399, 0.85153281191, 0.028446672398, 0.11708913646],
      [0.055125917035, 0.28306295262, 0.50747569721, 0.15433543314],
      [0.0032769946502, 0.31455161136, 0.28498492758, 0.39718646641],
      [0.022264071703, 0.0070537038276, 0.075795617746, 0.89488660672]
    ],
    [
      [0.43076894898, 0.53279694496, 0.010440849714, 0.02599325634],
      [0.99004794543, 5.7603705592e-06, 0.00082747457277, 0.0091188196218],
      [0.99999999681, 1.9798163109e-10, 1.34847844e-09, 1.6477998549e-09],
      [0, 0.16692533129, 0.74388678834, 0.089187880368],
      [0.048387904794, 0.92320778617, 0.0051337305362, 0.023270578497],
      [0.93028772422, 0.046030831367, 0.017162451301, 0.0065189931095],
      [0.24404034424, 0.51567957801, 0.080938359052, 0.1593417187],
      [0.827772755, 0.0025275872536, 0.0060745879344, 0.16362506981]
    ],
    [
      [0.015870279093, 0.72293524712, 0.13585360477, 0.12534086902],
      [0.11764971979, 0.00027443086728, 0.2000427812, 0.68203306814],
      [0.49154806476, 0.0075057901789, 0.3779229612, 0.12302318386],
      [0.0040122770567, 0.030792361316, 0.96252405129, 0.0026713103333],
      [0.0039721482575, 0.85687674838, 0.050487824574, 0.088663278789],
      [0.051442745175, 0.24817211333, 0.61500840804, 0.085376733456],
      [0.0037274942691, 0.32405891288, 0.42767973554, 0.24453385731],
      [0.040516705019, 0.012839057788, 0.19210241439, 0.75454182281]
    ],
    [
      [0.0071864787732, 0.83265360677, 0.090258152759, 0.069901761697],
      [0.094097142125, 0.00055984793544, 0.23507495159, 0.67026805835],
      [0.40394936418, 0.015690170408, 0.45621801798, 0.12414244743],
      [0.0024396938574, 0.05515704322, 0.94240326292, 0],
      [0.0016812046197, 0.92530384591, 0.03133912825, 0.041675821218],
      [0.030405010121, 0.37376228092, 0.53372258449, 0.062110124466],
      [0.0021201951744, 0.4698452091, 0.35706878592, 0.1709658098],
      [0.03159366519, 0.025546804566, 0.22009593885, 0.72276359139]
    ],
    [
      [0.0098626867661, 0.82162309991, 0.089497950854, 0.079016262469],
      [0.11556953286, 0.0004981493854, 0.20869698147, 0.67523533629],
      [0.4773331057, 0.013420276988, 0.38849874512, 0.1207478722],
      [0.0035403143046, 0.055385230917, 0.94107445478, 0],
      [0.0029527906902, 0.9153033433, 0.031282126208, 0.050461739801],
      [0.041265756061, 0.36641672285, 0.52280320989, 0.069514311205],
      [0.002864687713, 0.45824013294, 0.34852993869, 0.19036524065],
      [0.039385246823, 0.023075443787, 0.19843982123, 0.73909948816]
    ],
    [
      [0.0082878900946, 0.80704622413, 0.098968126977, 0.085697758797],
      [0.091256468768, 0.00045404850007, 0.21644930127, 0.69184018146],
      [0.41212666077, 0.013338245302, 0.44048711304, 0.13404798088],
      [0.0026806029118, 0.048932468949, 0.94677035243, 0.0016165757102],
      [0.0019658867594, 0.90572044037, 0.034845777843, 0.057467895025],
      [0.033153862031, 0.3415139924, 0.55338871482, 0.071943430752],
      [0.0023108555286, 0.42941807179, 0.37007661273, 0.19819445995],
      [0.030620266457, 0.020716970117, 0.2026248981, 0.74603786533]
    ],
    [
      [0.018954342962, 0.65641973137, 0.17251280349, 0.15211312217],
      [0.11491894963, 0.00020417637767, 0.20746799983, 0.67740887416],
      [0.4814760963, 0.0055722601025, 0.39133414739, 0.12161749621],
      [0.0040676409214, 0.016867702739, 0.97658083364, 0.002483822698],
      [0.0049679554262, 0.81518623019, 0.06715283585, 0.11269297854],
      [0.052457030456, 0.1924546068, 0.66677392361, 0.088314439133],
      [0.0039082319923, 0.25850050626, 0.47695584733, 0.26063541442],
      [0.039615600246, 0.0095695899381, 0.1996068004, 0.75120800941]
    ],
    [
      [0.0013615746631, 0.93648468671, 0.062153738628, 0],
      [0.06044024785, 0.0013256169312, 0.50632901633, 0.43190511888],
      [0.19553165573, 0.067876949383, 0.73659139488, 0],
      [0.00065711916713, 0.064453810615, 0.93488907022, 0],
      [0.00030177096915, 0.97956476232, 0.020133466711, 0],
      [0.0078738203487, 0.44251477267, 0.53576105118, 0.013850355804],
      [0.00056456195347, 0.64452873905, 0.354906699, 0],
      [0.20165759136, 0.34321502161, 0.45512738703, 0]
    ],
    [
      [0.011179069964, 0.82956098086, 0.034354164482, 0.1249057847],
      [0.090657572606, 0.00027184823348, 0.050985292397, 0.85808528676],
      [0.66904018772, 0.01018610206, 0.1409531501, 0.17982056012],
      [0.016279711019, 0.092555753533, 0.86234413831, 0.028820397139],
      [0.0025391823623, 0.90623367276, 0.011666882094, 0.079560262783],
      [0.069038472868, 0.48243564639, 0.29291262056, 0.15561326019],
      [0.0037038696801, 0.48480576573, 0.15090586456, 0.36058450003],
      [0.028815039961, 0.012068974919, 0.046040479673, 0.91307550545]
    ],
    [
      [0.0092626239082, 0.867332363, 0.044419702022, 0.078985311069],
      [0.11426485425, 0.00035713908835, 0.088615033203, 0.79676297346],
      [0.76757864428, 0.0073446566908, 0.13759930611, 0.08747739292],
      [0.0094906572496, 0.060681805145, 0.90790104669, 0.021926490917],
      [0.002046083943, 0.93395782174, 0.014730575084, 0.049265519229],
      [0.057947783457, 0.46332879694, 0.38397588533, 0.094747534276],
      [0.0033855586699, 0.53202049826, 0.21660765076, 0.24798629231],
      [0.034614119331, 0.015995128349, 0.079911470251, 0.86947928207]
    ],
    [
      [0.039190352939, 0.65451151347, 0.024926203725, 0.28137192986],
      [0.11405688111, 5.5486007797e-05, 0.010068936574, 0.87581869631],
      [0.94403045164, 0.00068200811654, 0.0093839726241, 0.045903567622],
      [0.033310603483, 0.10514058545, 0.82666850073, 0.034880310337],
      [0.0092949295726, 0.79687326768, 0.0092053861621, 0.18462641659],
      [0.2264834069, 0.29891808505, 0.17832536485, 0.2962731432],
      [0.0091059480632, 0.2402588188, 0.072138078263, 0.67849715487],
      [0.032231847932, 0.0023484592711, 0.0086676734428, 0.95675201935]
    ],
    [
      [0.01964315702, 0.79535445749, 0.12664445576, 0.058357929728],
      [0.2252956276, 0.00045128591027, 0.28534327431, 0.48890981218],
      [0.59961751814, 0.025852926655, 0.35978252488, 0.014747030322],
      [0.0054857997704, 0.03746957739, 0.95704462284, 0],
      [0.0047312235655, 0.91018003344, 0.045296822106, 0.039791920889],
      [0.067404881572, 0.28360331663, 0.60720177796, 0.041790023834],
      [0.005298456716, 0.40522095574, 0.45910101739, 0.13037957015],
      [0.084239185642, 0.023113226247, 0.29934580614, 0.59330178197]
    ],
    [
      [0.0064907158176, 0.78189616912, 0.11502411551, 0.096588999556],
      [0.064825187558, 0.00040581111052, 0.22925874992, 0.70551025141],
      [0.31887801161, 0.013191073878, 0.51425479939, 0.15367611512],
      [0, 0.041615670479, 0.95533463909, 0.0030496904301],
      [0, 0.8928915699, 0.041212297522, 0.065896132577],
      [0.023950317243, 0.30819017584, 0.59278306347, 0.075076443454],
      [0, 0.39169003061, 0.40023380892, 0.20807616047],
      [0.021477801453, 0.018232586646, 0.2115000992, 0.7487895127]
    ],
    [
      [0.008304334873, 0.77496767346, 0.10223756125, 0.11449043042],
      [0.070995342285, 0.00030982386648, 0.16962440245, 0.7590704314],
      [0.40670274738, 0.010646650009, 0.42263809767, 0.16001250494],
      [0.0029215655997, 0.030215024518, 0.9522915597, 0.014571850186],
      [0.0019738146766, 0.88494618898, 0.036063922777, 0.077016073562],
      [0.032860623002, 0.30259750794, 0.57284522124, 0.091696647817],
      [0.0022184817232, 0.37590706962, 0.36829697176, 0.2535774769],
      [0.02318213204, 0.013882472409, 0.15514914462, 0.80778625093]
    ],
    [
      [0.0022178827634, 0.84248892375, 0.085407657736, 0.069885535753],
      [0.029520322748, 0.00050920413482, 0.22355201787, 0.74641845525],
      [0.12601624856, 0.020908943508, 0.6408125711, 0.21226223683],
      [0, 0.049243113532, 0.94898307585, 0.0017738106212],
      [0, 0.92568918516, 0.029002295083, 0.045308519757],
      [0.0099782662702, 0.37109538499, 0.55452071878, 0.064405629958],
      [0.00068755905798, 0.4644468081, 0.35693399245, 0.1779316404],
      [0.0095474776213, 0.022239121501, 0.19934837177, 0.76886502911]
    ],
    [
      [0.011312275555, 0.73525249571, 0.11696416512, 0.13647106362],
      [0.084003603755, 0.00027886150717, 0.17175636088, 0.74396117386],
      [0.43470442302, 0.0092398038054, 0.39406420476, 0.16199156842],
      [0.00371688788, 0.03793387366, 0.95601483327, 0.0023344051866],
      [0.002791115885, 0.85915151623, 0.042861982271, 0.095195385614],
      [0.040241023681, 0.27680685097, 0.58120103725, 0.1017510881],
      [0.0027459109435, 0.34094622325, 0.38090396897, 0.27540389683],
      [0.028017358651, 0.0126683884, 0.16014412626, 0.79917012669]
    ],
    [
      [0.012962040838, 0.78315029516, 0.11001866166, 0.093869002337],
      [0.12528059565, 0.00039387447301, 0.21239716003, 0.66192836985],
      [0.49391341544, 0.010247088686, 0.38117463418, 0.1146648617],
      [0.003995337223, 0.043751435212, 0.95103719749, 0.0012160300741],
      [0.0031311887652, 0.89332639009, 0.039447987435, 0.064094433708],
      [0.048006845769, 0.30989514163, 0.56886115046, 0.073236862138],
      [0.0034376792879, 0.39914371183, 0.39096409057, 0.20645451832],
      [0.043344019577, 0.018477550141, 0.20458449429, 0.73359393599]
    ],
    [
      [0.021967575812, 0.71344857939, 0.13413240752, 0.13045143728],
      [0.15230255043, 0.0002495572575, 0.18374962918, 0.66369826313],
      [0.57650529675, 0.0060958478421, 0.31100502157, 0.10639383385],
      [0.0030370358707, 0.030388042676, 0.9629569677, 0.0036179537487],
      [0.0055217799108, 0.85167770628, 0.050074245842, 0.09272626797],
      [0.070523341208, 0.2401636712, 0.60169471062, 0.087618276977],
      [0.0051575170441, 0.31772678906, 0.42264730702, 0.25446838687],
      [0.053599128894, 0.011971693863, 0.18081343732, 0.75361573993]
    ],
    [
      [0.019500881471, 0.73197436712, 0.097520959065, 0.15100379235],
      [0.13071518378, 0.00025580113141, 0.13064513999, 0.7383838751],
      [0.58248962678, 0.0075291449099, 0.26513365448, 0.14484757382],
      [0.0069229932506, 0.048587140006, 0.94058633036, 0.0039035363845],
      [0.0048184885618, 0.8539589556, 0.035768429547, 0.1054541263],
      [0.07338953087, 0.29461946914, 0.51222094128, 0.11977005871],
      [0.0048922247843, 0.35310962277, 0.32773216804, 0.31426598441],
      [0.045180180219, 0.011983511885, 0.1256814576, 0.8171548503]
    ],
    [
      [0.0097030270975, 0.81587925837, 0.10417379076, 0.070243923778],
      [0.1179221103, 0.0004957619119, 0.25108699225, 0.63049513553],
      [0.44993144763, 0.014751729944, 0.43473241389, 0.10058440854],
      [0.0045094080786, 0.046817845125, 0.9486727468, 0],
      [0.0022923383519, 0.91426018865, 0.036529391566, 0.046918081435],
      [0.038000511681, 0.33368816135, 0.57066297713, 0.05764834984],
      [0.0027482030084, 0.43654606374, 0.39572822123, 0.16497751201],
      [0.04047339958, 0.023144532091, 0.24027467038, 0.69610739794]
    ]
  ],
  "expected_outcome": [
    [
      [0, 0, 0.093985793789, 0.042774260962, 0.21449992059, 0.0280253359, 0, 0.0094202775391, 0.28659051884, 0.26247272201, 0.18103345464, 0.070476847968, 0.2052257359, 0.5790599221, 0.34310186825, 0.076505135125, 0.902913681, 0.59153200804, 1.1682926343, 0.0019134229161, 0, 0, 0, 0.19756117199, 0.084093525291, 0.30860998126, 0.096852355176, 0.098654395186, 0.79236973755, 0.17701400522, 0.29238951093, 0.16351769523, 0.091626126116, 0, 1.0699628596, 0.42074265114, 0.18223757935, 0.3934187201, 0.19066769964, 0, 0, 0, 0.28566502368, 0.1868484481, 0.5818985192, 0.1491820217, 0.18954342962, 0.0027231493261, 0.033537209891, 0.027787871725, 0.078380705878, 0.23571788424, 0.29857292761, 0.10795635335, 0.0088715310535, 0.033936826666, 1.3091661246, 0.32951363718, 1.6770758065, 0.19406054195],
      [0.88892133517, 2.5034684919, 6.7814089613, 5.0053785659, 8.1734548434, 2.1768754336, 0, 1.4529591348, 18.618840306, 20.375534871, 14.4368739585, 8.685730757, 17.6092781553, 47.5044378657, 24.7917721879, 12.3562463762, 29.6063236209, 8.6192373389, 65.7455595949, 0.97076727396, 0.97814783503, 0, 0, 13.5237221472, 12.918252265, 12.9127498164, 8.2730258684, 1.7190079476, 95.4252905529, 20.4343120226, 36.6226962316, 14.1356810716, 16.0779004579, 0.036670810717, 35.5611367769, 15.157522935, 12.0364456334, 15.796299184, 7.1226864113, 0, 0, 0, 13.0128344481, 21.648993776, 48.4757628948, 14.5268320344, 6.5641973137, 1.8729693734, 2.4886829426, 2.601997089, 1.3090230269, 9.5442534899, 35.9672237795, 10.074579755, 3.369955695, 2.2057574871, 79.0981798113, 10.7017286908, 62.9497955719, 16.3175851674],
      [0.062998363178, 0.159090976, 1.4799617035, 0.5615936225, 1.3607059544, 0.30407724509, 0, 0.08642339288, 3.0360215446, 3.1284589144, 1.4225208805, 1.1486589915, 2.4414292901, 5.143255272, 2.9936130592, 1.2370251545, 5.768922364, 1.6941818896, 9.7421695836, 0.016514528057, 0.0051902340329, 0, 0, 1.5057786757, 1.2313180221, 1.5044629763, 0.99772582714, 1.2615107943, 8.6614211452, 1.3357490207, 4.1103656421, 2.545219799, 1.634149351, 1.8388511623, 9.8094335621, 3.8752636889, 2.780222158, 2.9208031902, 1.5850846466, 0, 0, 0, 2.4453648859, 2.3467119717, 5.2803791004, 1.7814262856, 1.7251280349, 0.12430747726, 0.10306249345, 0.13325910607, 0.04985240745, 1.5197334691, 5.2911093133, 1.3290882962, 0.34163063094, 0.35089249536, 11.1118848281, 2.0119861128, 8.3868024796, 2.0834758151],
