{
  "Z_true": {},
  "V_true": [
    [41, 1038, 178, 103, 105, 2032, 63],
    [632, 20, 108, 38, 251, 108, 49],
    [449, 228, 956, 530, 7200, 721, 540],
    [77, 338, 301, 295, 43, 6506, 150],
    [58, 100, 329, 2405, 295, 1039, 99],
    [52, 134, 256, 185, 293, 949, 400],
    [118, 56, 135, 99, 313, 272, 518]
  ],
  "p_true": [
    [0.0115, 0.2916, 0.05, 0.0289, 0.0295, 0.5708, 0.0177],
    [0.524, 0.0166, 0.0896, 0.0315, 0.2081, 0.0896, 0.0406],
    [0.0423, 0.0215, 0.09, 0.0499, 0.6777, 0.0679, 0.0508],
    [0.01, 0.0438, 0.039, 0.0383, 0.0056, 0.8438, 0.0195],
    [0.0134, 0.0231, 0.0761, 0.5561, 0.0682, 0.2402, 0.0229],
    [0.0229, 0.0591, 0.1128, 0.0815, 0.1291, 0.4182, 0.1763],
    [0.0781, 0.0371, 0.0893, 0.0655, 0.2071, 0.18, 0.3428]
  ],
  "Z_est": [
    [
      [0, 0, 0, 0, 0, 0, 0, 0, 0, 0, 0, 0, 0, 0, 0, 0, 0, 0, 0, 0.0687, 0, 0, 0.1068, 0, 0, 0, 0.0539, 0.0314, 0, 0.029, 0.031, 0, 0.0177, 0, 0, 0, 0, 0, 0, 0, 0],
      [25.7859, 17.7859, 38.5655, 6.3777, 10.5286, 12.6973, 31.2726, 12.7183, 112.8099, 70.8551, 15.3809, 48.6676, 4.0572, 37.5142, 76.8542, 8.5252, 7.5967, 21.2139, 22.0465, 1.7098, 33.1012, 13.9133, 25.4739, 15.3214, 19.5825, 7.269, 14.4466, 8.2945, 23.8912, 9.2248, 9.6562, 12.0071, 7.6767, 44.3632, 8.3378, 41.4632, 0.9928, 50.9982, 0.3327, 105.2782, 6.9383],
      [0, 0, 0.1066, 0.0469, 0, 0, 0, 0.1733, 0, 0, 0, 0, 0, 0, 0, 0, 0, 0, 0, 0.0005, 0.4917, 0.0525, 0.0603, 0.1152, 0.0295, 0, 0.024, 0.0464, 0.2384, 0.0361, 0.0135, 0.09, 0.0055, 0.0097, 0, 0, 0, 0, 0, 0, 0],
      [0, 0.1189, 0.7092, 0.0122, 0, 0, 0, 0.4677, 0, 0, 0, 0, 0, 0, 0, 0.1414, 0, 0, 0.0901, 0.0076, 0.9331, 0.2314, 0.1379, 0.1797, 0.0341, 0, 0.0706, 0.0822, 0.4158, 0.0734, 0.0379, 0.1302, 0, 0.145, 0, 0, 0, 0, 0, 0, 0],
      [0, 0, 0, 0.2717, 0, 0, 0, 0.0595, 0, 0, 0, 0, 0, 0, 0, 0, 0.0342, 0, 0, 0, 0, 0.0184, 0.0577, 0.2783, 0.1565, 0.0425, 0, 0.0678, 0.2079, 0.0577, 0, 0.2228, 0.0987, 0, 0.0737, 0, 0, 0, 0.0047, 0, 0],
      [94.2141, 62.0952, 94.6187, 15.1386, 19.4714, 24.3027, 122.7274, 22.5561, 243.1901, 154.1449, 61.6191, 102.3324, 16.901, 81.4858, 131.1458, 15.3334, 25.3691, 79.7861, 65.8635, 7.2133, 90.3591, 34.778, 51.1459, 34.04, 31.173, 15.6885, 32.4041, 14.4709, 63.1916, 25.5703, 23.2593, 24.5148, 15.1988, 130.482, 20.5884, 125.5368, 5.0071, 135.0018, 2.6623, 172.7218, 23.0617],
      [0, 0, 0, 0.153, 0, 0, 0, 0.0251, 0, 0, 0, 0, 0.0417, 0, 0, 0, 0, 0, 0, 0, 0.1149, 0.0062, 0.0174, 0.0654, 0.0244, 0, 0.0007, 0.0068, 0.0551, 0.0086, 0.0021, 0.0352, 0.0025, 0, 0.0001, 0, 0, 0, 0.0003, 0, 0]
    ],
    [
      [27.698, 15.7391, 75.8264, 2.6198, 1.9333, 16.9108, 39.4244, 6, 30.0867, 23.6132, 12.8284, 29.4268, 0.9689, 23, 19.4155, 15.8378, 3.6215, 11, 42.5533, 11.3032, 38.1385, 10, 54.5064, 23.1904, 33.9254, 30.7542, 19.7122, 15.0803, 39.6511, 24.8133, 25.0228, 18.4779, 17.1823, 37.031, 20.7209, 54.7985, 0, 24.5735, 2.8006, 139.1609, 15.6669],
      [0.145, 0.0659, 0.3263, 0.0141, 0.005, 0.1193, 0.7755, 0.1855, 0.2011, 0.2414, 0.0473, 0.1783, 0.0014, 1.4078, 0.1925, 0.12, 0.0173, 2.2526, 0.2313, 0.0095, 0.1708, 0.15, 0.2546, 0.1063, 0.3166, 0.163, 0.091, 0.0624, 0.1957, 0.0866, 0.1074, 0.1158, 0.0703, 0.1995, 0.0956, 1.2753, 0, 0.1616, 0.5452, 0.9767, 0.0961],
      [0.7258, 0.8447, 2.1001, 0.0887, 0.0129, 0.6374, 1.5807, 1.6051, 0.512, 0.6107, 0.1486, 0.3314, 0.004, 0.9528, 0.4673, 0.5187, 0.0562, 0.6368, 1.8113, 0.2603, 2.5581, 3.6359, 1.9024, 1.2493, 1.7995, 0.7521, 0.6474, 0.6796, 2.6619, 1.003, 0.8607, 1.2163, 0.5411, 2.3386, 0.5633, 1.5827, 0, 0.6588, 0.2371, 2.6638, 0.1578],
      [1.105, 0.6931, 4.3633, 0.1374, 0.0241, 0.727, 2.1645, 0.765, 0.9427, 1.1462, 0.4957, 0.9947, 0.0084, 1.0989, 0.967, 1.0454, 0.133, 0.9219, 2.3508, 0.321, 2.5644, 1.9711, 2.6063, 1.4584, 2.1458, 1.117, 0.8968, 0.7528, 2.6677, 1.245, 1.1835, 1.2637, 0.6552, 1.7228, 0.8, 2.3702, 0, 1.3846, 0.2053, 4.6951, 0.3484],
      [0.1693, 0.102, 0.4563, 0.0409, 0.0042, 0.1096, 0.2944, 0.1217, 0.3058, 0.3267, 0.07, 0.2155, 0.0028, 0.3331, 0.2273, 0, 0.0432, 0.2712, 0.3373, 0.0005, 0.3734, 0.3162, 0.5161, 0.3661, 0.5787, 0.41, 0.1651, 0.1749, 0.5482, 0.2711, 0.1942, 0.3443, 0.2356, 0.3466, 0.2594, 0.4784, 0, 0.2707, 0.0563, 0.9862, 0.0161],
      [1.0743, 0.5144, 1.7294, 0.0729, 0.0182, 0.4502, 1.6384, 0.2779, 0.8565, 0.9775, 0.3851, 0.7539, 0.0117, 1.123, 0.6473, 0.4597, 0.1179, 0.83, 1.5537, 0.0972, 0.9945, 0.8033, 1.0213, 0.4761, 1.027, 0.7292, 0.431, 0.2033, 1.0847, 0.4955, 0.5512, 0.4756, 0.2709, 1.2552, 0.4968, 2.3434, 0, 0.8728, 0.1384, 3.0949, 0.6892],
      [0.0826, 0.0408, 0.1982, 0.0263, 0.0023, 0.0455, 0.1221, 0.0448, 0.0952, 0.0843, 0.0249, 0.0995, 0.0029, 0.0845, 0.083, 0.0185, 0.0109, 0.0875, 0.1621, 0.0083, 0.2003, 0.1235, 0.1928, 0.1534, 0.207, 0.0745, 0.0564, 0.0466, 0.1907, 0.0855, 0.0802, 0.1062, 0.0447, 0.1062, 0.0639, 0.1514, 0, 0.0781, 0.0172, 0.4225, 0.0255]
    ],
    [
      [3.1873, 1.3249, 13.5673, 0, 3.6464, 1.305, 0, 0, 11.3635, 0, 4.3142, 10.5701, 1.3815, 0, 2.8633, 3.6669, 1.0688, 0, 1.4702, 6.5473, 0, 0, 8.4494, 0.3702, 0, 9.7741, 8.7395, 0, 0, 1.1845, 9.9738, 0, 0, 7.8135, 6.8959, 0, 1.8715, 3.926, 0, 48.1509, 1.4576],
      [17.9066, 3.566, 3.508, 0, 1.7017, 0.777, 11.5034, 0, 31.4215, 22.4458, 7.6697, 13.9432, 2.4757, 9.9204, 22.0383, 4.6494, 4.1811, 6.8845, 5.6631, 0, 0.737, 0, 4.0018, 0, 1.3281, 4.5273, 2.7855, 0, 0, 0.8873, 2.6978, 0, 0, 10.8582, 2.7038, 15.6295, 1.5939, 14.8797, 0.0333, 19.8379, 4.4859],
      [11.2467, 10.9669, 29.8398, 2.1909, 1.8966, 3.4042, 14.2875, 9.3851, 19.1017, 10.9716, 3.773, 7.1462, 0.8238, 10.6033, 15.3698, 12.121, 2.6707, 11.9024, 23.4751, 8.5226, 87.4253, 26.4074, 55.6856, 22.5387, 39.3949, 23.0786, 29.0287, 16.4433, 54.3536, 26.5687, 32.5052, 17.7595, 20.2069, 81.1535, 19.3751, 8.8269, 4.8678, 21.4074, 1.7798, 52.1042, 1.1466],
      [7.2808, 6.1986, 44.9078, 2.2463, 1.4883, 2.6035, 13.3082, 10.6014, 11.039, 6.7033, 6.2698, 7.7756, 0, 4.8132, 16.0866, 18.6393, 0.6404, 5.4364, 21.1118, 7.3863, 69.9399, 43.6845, 55.4988, 31.4891, 32.5543, 19.319, 29.0258, 14.9248, 45.9049, 24.1814, 32.4322, 18.7848, 17.3867, 41.8334, 16.3413, 5.3612, 9.8416, 28.4373, 2.0974, 53.262, 0.516],
      [135.0113, 49.084, 268.1195, 25.4417, 26.698, 22.9725, 112.1391, 55.7831, 426.1777, 229.7954, 85.1072, 183.1659, 22.9001, 135.8441, 255.9265, 68.3833, 77.4898, 169.5977, 164.9465, 51.9956, 341.8621, 227.8483, 395.2677, 222.2485, 302.3407, 317.3824, 211.2238, 101.2682, 297.0765, 175.286, 222.0149, 145.7175, 205.469, 373.9029, 226.6609, 121.7204, 71.607, 289.0824, 25.6338, 685.5191, 36.8668],
      [11.9429, 2.0738, 1.8038, 0, 1.0901, 0.5561, 6.2692, 0, 20.027, 14.0891, 6.4155, 8.334, 1.922, 9.1259, 11.8782, 4.3606, 5.019, 12.884, 7.736, 0, 0, 0, 0, 0, 0, 1.3653, 0, 0, 0, 0, 0.2622, 0, 0, 16.6235, 0.4679, 6.3963, 3.5948, 15.8022, 0.8708, 15.9556, 3.2827],
      [15.4245, 4.7859, 27.2538, 5.1211, 3.4789, 2.3818, 11.4925, 6.2304, 39.8695, 17.9948, 7.4505, 24.065, 6.497, 10.6931, 27.8374, 6.1795, 5.9303, 16.295, 18.5973, 3.5481, 52.0357, 27.0598, 45.0966, 32.3536, 36.3819, 21.5532, 21.1967, 9.3637, 32.665, 17.892, 25.1138, 15.7382, 14.9374, 31.8149, 19.5551, 11.0658, 10.6233, 24.4651, 2.5849, 82.1704, 5.2444]
    ],
    [
      [0, 0, 0.4812, 0, 0, 0, 0, 0, 0, 0, 0, 0, 0, 0, 0, 0, 0, 0, 0, 0.587, 7.2224, 0, 10.135, 0, 0, 0, 0.4783, 2.9218, 1.8455, 5.3768, 0.2155, 0, 7.4991, 0, 0, 0, 0, 0, 0, 0.7583, 0],
      [3.0396, 5.3571, 18.9231, 4.0599, 3.7171, 7.4669, 6.6799, 6.7826, 43.7532, 19.8809, 2.6164, 23.41, 0, 10.5658, 35.0961, 5.2241, 2.232, 4.3416, 10.0738, 1.0186, 21.1803, 10.5224, 19.0927, 8.0488, 15.7135, 5.9776, 10.0275, 4.198, 16.4919, 7.097, 5.7333, 8.0385, 6.8686, 23.0549, 5.4539, 10.0917, 2.1816, 19.8058, 0.0595, 68.1953, 1.3183],
      [0, 0, 0.4426, 0.435, 0, 0, 0, 0.793, 0, 0, 0, 0, 0, 0, 0, 0, 0, 0, 0, 0.0046, 4.0346, 0.673, 0.5434, 13.9274, 0.2656, 0, 0.1923, 1.5837, 7.18, 0.411, 0.0816, 6.6213, 1.7013, 0.0628, 0, 0, 0, 0, 0, 0, 0],
      [0, 0.3758, 2.9918, 0.122, 0, 0, 0, 2.1544, 0, 0, 0, 0, 0, 0, 0, 1.2512, 0, 0, 0.5222, 0.0679, 7.7172, 2.169, 1.2801, 1.0925, 0.33, 0, 0.5868, 0.3371, 3.3438, 0.8534, 0.2416, 1.0262, 0.0006, 0.9691, 0, 0, 0.0198, 0, 0, 0, 0],
      [0, 0, 0, 2.7457, 0, 0, 0, 0.5157, 0, 0, 0, 0, 0, 0, 0, 0, 0.4568, 0, 0, 0, 5.0059, 0.606, 1.234, 2.1091, 1.9183, 0.7408, 0.2612, 0.4441, 2.405, 1.0032, 0.1081, 2.0885, 1.2733, 0, 0.841, 0, 0, 0, 0.3531, 0, 0],
      [249.0523, 132.4814, 248.1307, 56.7138, 37.9977, 74.9484, 273.0087, 65.8558, 589.9874, 281.6196, 131.0523, 311.8813, 54.6216, 155.966, 355.4514, 64.3648, 77.9366, 179.3716, 193.6637, 24.1841, 307.5513, 133.3315, 196.0334, 94.5075, 132.6756, 70.7086, 120.2341, 36.028, 213.7573, 101.9943, 73.7972, 83.7691, 54.9591, 413.1258, 73.9649, 283.7202, 85.8589, 342.4997, 24.3323, 572.8659, 62.6817],
      [0.9081, 0.7857, 2.0306, 2.9235, 0.2853, 0.5847, 1.3113, 0.8985, 3.2593, 0.4995, 0.3313, 2.7087, 1.3784, 0.4682, 2.4526, 0.1599, 0.3746, 1.2867, 1.7403, 0.1377, 5.2883, 1.6982, 2.6814, 2.3147, 2.097, 0.5729, 1.2197, 0.4872, 2.9764, 1.2642, 0.8227, 1.4565, 0.698, 2.7875, 0.7401, 1.1881, 0.9396, 1.6944, 0.2551, 6.1806, 0]
    ],
    [
      [0.1997, 0.1217, 1.5722, 0, 0.1569, 0.139, 0, 0, 0.4918, 0, 0.3679, 0.6879, 0.5496, 0, 0.1564, 0.2376, 0.0639, 0, 0, 2.6392, 0.1291, 0, 1.4086, 2.4772, 0, 0.4957, 0.4917, 1.4884, 0, 0.3988, 0.4752, 0, 0.3734, 0.2818, 0.3935, 0, 0.1192, 0.1006, 0, 2.5298, 0.0516],
      [0.2184, 0, 0, 0, 0.034, 0.0538, 0.0631, 0, 0.3245, 0.4162, 0.1039, 0.3081, 0.9271, 0.1977, 0.4346, 0.1308, 0.0956, 0.1734, 0.079, 0.0748, 0, 0, 0, 0, 2.6752, 0.0536, 0, 0.1836, 0, 0, 0, 0, 0, 0.1389, 0.005, 0.1908, 0.0201, 0.424, 0, 0.6031, 0.0203],
      [18.0832, 22.5373, 33.6262, 2.2138, 1.8929, 7.2807, 20.8532, 9.7123, 19.817, 14.4901, 6.1392, 10.9727, 1.6813, 10.8615, 15.721, 9.1972, 5.3807, 17.4582, 26.3389, 8.9311, 79.6664, 23.5172, 46.0952, 30.2722, 44.34, 19.9198, 20.4667, 14.0899, 53.2004, 20.4124, 19.4138, 24.8868, 15.7097, 79.2798, 17.7216, 17.0541, 6.3801, 28.0018, 2.4277, 45.1688, 1.2844],
      [60.1823, 39.2667, 142.7152, 7.5112, 7.9776, 17.8719, 61.0158, 28.1218, 78.8967, 58.9732, 44.6558, 72.271, 6.63, 27.6587, 69.9498, 37.1461, 27.824, 54.8456, 72.2434, 22.8279, 165.7913, 92.4318, 132.4745, 74.041, 112.1389, 64.5264, 59.9775, 32.4934, 111.0442, 53.1717, 56.314, 54.189, 40.8406, 124.119, 54.5215, 56.2756, 40.0303, 126.1481, 11.2923, 174.5453, 6.7959],
      [9.1194, 5.142, 15.7489, 1.4712, 1.2435, 2.5523, 8.0956, 3.2634, 18.8346, 12.4441, 5.8778, 12.2998, 1.9767, 6.2852, 12.1798, 1.9249, 6.4459, 11.3478, 9.5443, 2.5263, 18.1675, 10.7638, 19.0578, 12.6048, 20.9088, 14.3646, 8.302, 4.9861, 16.3708, 8.0071, 7.3641, 9.9807, 8.7149, 19.1784, 11.3242, 9.947, 4.6722, 18.3132, 2.042, 29.8416, 1.5413],
      [10.8554, 5.8081, 11.4473, 0.6567, 1.03, 2.0206, 8.5995, 1.4502, 13.4311, 9.6384, 6.6713, 9.8901, 2.0236, 4.9431, 9.1486, 3.3591, 5.1782, 10.5809, 9.2046, 0.1865, 7.7838, 5.1655, 9.3574, 0, 5.5981, 7.7537, 5.3747, 0, 6.4543, 3.8245, 5.019, 2.0666, 2.9537, 18.1408, 6.2272, 8.8952, 4.7812, 16.5633, 1.4396, 20.641, 1.4083],
      [4.3416, 2.1242, 6.8902, 1.1471, 0.665, 1.0818, 3.3728, 1.4523, 7.2043, 4.038, 2.1841, 6.5703, 2.2116, 2.0538, 5.4098, 1.0041, 2.0117, 4.5941, 4.5898, 0.8143, 11.4619, 5.1218, 8.6064, 6.6048, 9.3389, 3.8861, 3.3874, 1.7585, 6.9303, 3.1855, 3.4139, 3.8768, 2.4077, 6.8613, 3.8069, 3.6373, 2.9968, 6.449, 0.7983, 14.6704, 0.8982]
    ],
    [
      [0, 0.0207, 0.251, 0, 0.1759, 0.0345, 0, 0, 0.1385, 0, 0.088, 0.1722, 0.0812, 0, 0.0011, 0.0324, 0, 0, 0, 0.0536, 0.0303, 0, 0.2131, 0, 0, 0.054, 0.0674, 0.0605, 0, 0.1053, 0.0873, 0, 0.0592, 0.0302, 0.0407, 0, 0.0055, 0.005, 0, 0.8773, 0],
      [2.6243, 1.1163, 3.2153, 0.388, 0.9636, 0.8295, 1.4682, 0.6788, 6.942, 4.1868, 1.1108, 3.1588, 0.5079, 3.3756, 4.8771, 1.011, 0.7822, 2.5595, 1.6809, 0.1536, 3.4406, 1.8697, 3.5801, 2.3451, 3.2415, 1.5717, 1.4235, 1.1151, 4.1131, 1.5456, 1.4961, 1.388, 1.2131, 4.869, 1.0847, 2.078, 0.1305, 3.3233, 0.0221, 10.5315, 0],
      [2.9185, 3.1189, 4.0858, 0.5409, 0.539, 1.0972, 2.7545, 1.1756, 3.8603, 2.2356, 0.7994, 1.4008, 0.0581, 2.3846, 2.683, 1.0704, 0.4411, 2.3046, 2.9766, 0.5158, 10.6743, 2.9782, 5.3921, 5.4401, 4.0112, 1.6145, 2.1767, 2.1096, 11.6692, 3.488, 2.5392, 2.8944, 1.8593, 12.7434, 1.3925, 2.2575, 0.1948, 3.0679, 0.0703, 7.1356, 0],
      [0, 0.1556, 0.686, 0.0456, 0, 0.0608, 0.1699, 0.1573, 0, 0, 0, 0, 0, 0, 0.0827, 0.1801, 0, 0, 0.2242, 0.0356, 1.2871, 0.5432, 0.5257, 0.6586, 0.2909, 0.0755, 0.19, 0.2026, 1.4642, 0.356, 0.2296, 0.2634, 0.1132, 0.5741, 0.0718, 0.0373, 0.029, 0.2179, 0.0064, 0.2465, 0],
      [4.6687, 2.2117, 5.9866, 1.079, 1.1154, 1.1651, 3.2985, 1.1194, 11.3423, 6.3366, 2.4246, 4.801, 1.0275, 4.8726, 6.2264, 0.9502, 2.0051, 6.2495, 3.3236, 0.5141, 7.3412, 4.005, 6.5041, 6.2184, 5.2322, 3.3341, 2.6349, 2.1118, 10.1901, 3.948, 2.8945, 3.13, 2.879, 9.2969, 2.5381, 4.0485, 0.4623, 6.1256, 0.1582, 14.0807, 0],
      [60.0264, 27.2928, 58.1288, 7.25, 12.2274, 11.5212, 38.0197, 9.5808, 100.4184, 57.5018, 28.3676, 45.538, 14.2629, 45.7981, 56.2104, 12.9547, 17.7892, 62.3508, 35.6808, 5.0399, 71.465, 34.8713, 53.3322, 40.3271, 38.1392, 25.0084, 23.6071, 14.8865, 83.0349, 32.3118, 26.7099, 21.5307, 18.025, 102.4404, 19.7919, 40.6639, 4.9036, 60.2879, 1.4375, 124.0642, 0],
      [10.7621, 4.084, 11.6466, 3.6964, 2.9786, 2.2917, 6.2891, 2.2881, 20.2986, 9.7392, 4.2096, 11.9292, 6.0624, 7.5691, 12.9193, 1.8011, 2.9823, 11.5357, 7.1139, 0.6874, 19.7615, 8.7326, 13.4526, 15.0108, 11.0851, 4.3419, 4.9003, 3.514, 19.5284, 7.2453, 6.0434, 5.7935, 3.8513, 15.046, 4.0804, 6.9148, 1.2743, 9.9723, 0.3056, 32.0642, 0]
    ],
    [
      [3.915, 1.7936, 7.3019, 0.3802, 1.0875, 0.6108, 3.5756, 0, 5.9195, 2.3868, 1.4015, 4.1431, 1.0188, 0, 3.5636, 3.2253, 1.2458, 0, 2.9765, 1.801, 6.4797, 0, 9.1808, 2.9623, 3.0746, 5.922, 3.457, 2.4177, 4.5033, 3.0923, 5.1944, 1.5221, 2.8682, 6.8434, 4.949, 3.2015, 2.0037, 4.3949, 0.1994, 17.5228, 1.8239],
      [0.2801, 0.1087, 0.4618, 0.1603, 0.0499, 0.0563, 0.2373, 0.6347, 0.5477, 1.9738, 0.071, 0.3341, 0.0308, 3.0186, 0.5072, 0.3395, 0.095, 1.5745, 0.2254, 0.0336, 0.3701, 1.5445, 0.5968, 0.1783, 1.1427, 0.4377, 0.2258, 0.1463, 0.3081, 0.1586, 0.3092, 0.4506, 0.1713, 0.5161, 0.3191, 0.2716, 0.081, 0.4074, 0.0072, 1.5774, 0.141],
      [7.0259, 6.5322, 12.7991, 1.4838, 0.6586, 1.5805, 9.524, 3.1556, 6.7091, 6.6921, 1.1398, 3.1488, 0.4328, 7.1979, 5.7589, 7.0926, 1.4513, 4.698, 8.398, 2.765, 28.1495, 7.7358, 20.3209, 10.4571, 13.1594, 9.6349, 7.4642, 7.0474, 19.6964, 8.0808, 11.5859, 10.5317, 5.9762, 28.4122, 8.9475, 6.2788, 2.5573, 7.8641, 0.4852, 21.9277, 1.4112],
      [4.432, 2.1914, 10.6267, 0.9253, 0.51, 0.7368, 5.3416, 1.7325, 5.1216, 5.1773, 1.5787, 3.9587, 0.3616, 3.4292, 4.9139, 5.5964, 1.4027, 2.796, 4.4575, 1.3536, 11.7671, 5.9691, 11.4767, 5.0807, 6.506, 5.962, 4.2524, 3.2071, 8.1594, 4.1191, 6.5612, 4.3427, 3.0038, 8.6365, 5.2654, 3.9557, 3.0793, 6.8121, 0.3986, 16.2512, 1.3397],
      [8.0313, 3.4604, 13.6887, 1.9498, 0.9389, 1.2004, 8.1723, 2.1373, 13.3395, 12.0972, 2.5205, 7.5177, 1.0929, 8.6651, 9.4401, 4.7415, 3.525, 6.5339, 6.8482, 1.9635, 14.2498, 7.4423, 17.3624, 8.1749, 11.8648, 13.7256, 6.4129, 4.947, 12.2014, 6.4268, 9.4243, 7.5162, 6.3295, 15.2751, 11.3026, 7.8057, 4.2585, 11.2081, 0.7518, 30.5724, 3.5757],
      [1.8347, 0.7342, 2.1412, 0.168, 0.1652, 0.2008, 1.7369, 0.2792, 2.0895, 2.0287, 0.489, 1.2703, 0.2572, 1.5579, 1.5182, 1.1678, 0.5901, 1.1966, 1.2977, 0.279, 1.8463, 1.0503, 2.1097, 0.6493, 1.3869, 1.7463, 0.9489, 0.4113, 1.4772, 0.8036, 1.4013, 0.6431, 0.5926, 2.9323, 1.4628, 1.4442, 0.8542, 1.9723, 0.1191, 4.6567, 0.8764],
      [11.4812, 4.1795, 17.9807, 4.9326, 1.5899, 1.6144, 10.4121, 3.0608, 16.273, 12.6442, 2.7996, 12.6272, 3.806, 9.1314, 13.298, 5.8368, 3.6901, 8.201, 9.7967, 1.8042, 26.1374, 11.2579, 24.9527, 14.4973, 17.8656, 12.5714, 8.2388, 5.8232, 16.654, 8.3189, 13.5237, 9.9936, 6.0584, 16.3842, 12.7535, 9.0426, 8.1659, 12.3411, 1.0386, 47.4919, 6.8319]
    ]
  ],
  "V_est": [
    [0.3385, 1041.5261, 1.5402, 4.0186, 1.6521, 2510.365, 0.5595],
    [1055.0145, 11.7776, 41.6147, 52.4588, 10.3397, 31.0436, 3.751],
    [174.8835, 257.2426, 851.7565, 787.353, 7562.5782, 190.1486, 800.0376],
    [37.5207, 483.39, 38.9533, 27.4525, 24.1099, 7036.6858, 61.8878],
    [18.5986, 7.9496, 872.4974, 2581.7471, 404.7766, 265.5715, 173.8592],
    [2.6847, 92.013, 120.6694, 9.1807, 167.8513, 1542.7983, 333.8026],
    [137.9594, 20.1011, 335.9685, 192.7893, 328.6922, 50.3872, 445.1023]
  ],
  "p_est": [
    [0.0001, 0.2926, 0.0004, 0.0011, 0.0005, 0.7052, 0.0002],
    [0.8748, 0.0098, 0.0345, 0.0435, 0.0086, 0.0257, 0.0031],
    [0.0165, 0.0242, 0.0802, 0.0741, 0.7118, 0.0179, 0.0753],
    [0.0049, 0.0627, 0.0051, 0.0036, 0.0031, 0.9127, 0.008],
    [0.0043, 0.0018, 0.2017, 0.5969, 0.0936, 0.0614, 0.0402],
    [0.0012, 0.0406, 0.0532, 0.004, 0.074, 0.6799, 0.1471],
    [0.0913, 0.0133, 0.2223, 0.1276, 0.2175, 0.0333, 0.2946]
  ],
  "EI_Z": {},
  "EI_V": 13.888,
  "MAE_Z": {},
  "MAE_V": 176.8873,
  "MAE_p": 0.0555,
  "runtime": 0.017
}
