{
  "Z_true": {},
  "V_true": [
    [41, 1038, 178, 103, 105, 2032, 63],
    [632, 20, 108, 38, 251, 108, 49],
    [449, 228, 956, 530, 7200, 721, 540],
    [77, 338, 301, 295, 43, 6506, 150],
    [58, 100, 329, 2405, 295, 1039, 99],
    [52, 134, 256, 185, 293, 949, 400],
    [118, 56, 135, 99, 313, 272, 518]
  ],
  "p_true": [
    [0.0115, 0.2916, 0.05, 0.0289, 0.0295, 0.5708, 0.0177],
    [0.524, 0.0166, 0.0896, 0.0315, 0.2081, 0.0896, 0.0406],
    [0.0423, 0.0215, 0.09, 0.0499, 0.6777, 0.0679, 0.0508],
    [0.01, 0.0438, 0.039, 0.0383, 0.0056, 0.8438, 0.0195],
    [0.0134, 0.0231, 0.0761, 0.5561, 0.0682, 0.2402, 0.0229],
    [0.0229, 0.0591, 0.1128, 0.0815, 0.1291, 0.4182, 0.1763],
    [0.0781, 0.0371, 0.0893, 0.0655, 0.2071, 0.18, 0.3428]
  ],
  "Z_est": [
    [
      [0, 0, 0, 0, 0, 0, 0, 0, 0, 0, 0, 0, 0, 0, 0, 0, 0, 0, 0, 0.0701, 0, 0, 0.1069, 0, 0, 0, 0.0597, 0.0298, 0, 0.0303, 0.0311, 0, 0.0186, 0, 0.0099, 0, 0, 0, 0, 0, 0],
      [28.6703, 19.6305, 41.8032, 7.183, 11.2705, 13.9992, 34.6979, 13.8567, 122.8851, 76.1817, 16.9427, 53.5535, 4.505, 40.3365, 83.369, 9.2642, 8.3909, 23.2268, 24.3508, 1.8843, 36.538, 15.2118, 27.6033, 16.4585, 21.0162, 7.6937, 15.7534, 8.7949, 26.1142, 10.1501, 10.2884, 13.0815, 8.2314, 48.903, 8.9802, 45.7569, 1.229, 55.7894, 0.4115, 113.8775, 7.7888],
      [0, 0, 0.1141, 0.0431, 0, 0, 0, 0.1711, 0, 0, 0, 0, 0, 0, 0, 0.0004, 0, 0, 0, 0.0011, 0.4698, 0.0512, 0.0625, 0.1122, 0.0251, 0, 0.0271, 0.0484, 0.2334, 0.0376, 0.0148, 0.0863, 0.0075, 0, 0, 0, 0, 0, 0, 0, 0],
      [0, 0.0454, 0.8409, 0, 0, 0, 0, 0.5179, 0, 0, 0, 0, 0, 0, 0, 0.2019, 0, 0, 0.0987, 0.0115, 1.014, 0.2784, 0.1627, 0.1759, 0.0123, 0, 0.103, 0.0944, 0.4555, 0.0884, 0.0576, 0.1232, 0.0002, 0.1922, 0, 0, 0, 0, 0, 0, 0],
      [0, 0, 0, 0.3076, 0, 0, 0, 0.0457, 0, 0, 0, 0, 0, 0, 0, 0, 0.0812, 0, 0, 0, 0, 0, 0.0363, 0.2895, 0.179, 0.0418, 0, 0.0623, 0.2085, 0.0456, 0, 0.2413, 0.0957, 0, 0.0748, 0, 0, 0, 0.0053, 0, 0],
      [91.3297, 60.3241, 91.2418, 14.2956, 18.7295, 23.0008, 119.3021, 21.4086, 233.1149, 148.8183, 60.0573, 97.4465, 16.3656, 78.6635, 124.631, 14.5335, 24.5279, 77.7732, 63.5505, 7.0329, 86.9186, 33.4587, 49.0196, 32.9043, 29.739, 15.2645, 31.0568, 13.9686, 60.9605, 24.6454, 22.608, 23.4368, 14.6444, 125.9048, 19.9334, 121.2431, 4.771, 130.2106, 2.5827, 164.1225, 22.2112],
      [0, 0, 0, 0.1707, 0, 0, 0, 0, 0, 0, 0, 0, 0.1293, 0, 0, 0, 0, 0, 0, 0, 0.0596, 0, 0.0087, 0.0596, 0.0284, 0, 0, 0.0016, 0.0279, 0.0025, 0, 0.0309, 0.0023, 0, 0.0018, 0, 0, 0, 0.0004, 0, 0]
    ],
    [
      [27.8552, 15.7675, 76.3973, 2.6261, 1.9393, 17.0077, 38.2591, 6, 30.3405, 23.8468, 12.948, 29.6622, 0.9703, 23, 19.629, 15.8624, 3.6585, 11, 42.83, 11.341, 38.2966, 10, 54.8029, 23.3439, 34.2401, 30.9511, 19.8459, 15.1413, 39.8525, 24.9474, 25.1301, 18.5834, 17.2936, 37.1475, 20.8346, 53.7291, 0, 24.8559, 2.7289, 139.9826, 15.7216],
      [0.0939, 0.0383, 0.1847, 0.0091, 0.0032, 0.086, 2.0768, 0.2806, 0.1274, 0.1579, 0.0286, 0.121, 0.0009, 1.4652, 0.1255, 0.0813, 0.0108, 2.3881, 0.1432, 0.002, 0.0991, 0.0922, 0.1512, 0.0572, 0.1971, 0.0982, 0.0547, 0.0319, 0.111, 0.0483, 0.0625, 0.0681, 0.0397, 0.1234, 0.0581, 2.6009, 0, 0.1016, 0.4904, 0.676, 0.333],
      [0.8493, 0.9881, 2.4288, 0.1069, 0.0146, 0.7389, 1.8497, 1.6543, 0.5747, 0.7067, 0.1691, 0.3816, 0.0047, 1.1143, 0.5315, 0.6132, 0.0638, 0.73, 2.0809, 0.2975, 2.9383, 4.0623, 2.1838, 1.4271, 2.06, 0.8592, 0.7287, 0.7821, 3.0552, 1.143, 0.9854, 1.4047, 0.6079, 2.6751, 0.6486, 1.8474, 0, 0.7511, 0.2714, 3.0794, 0.1878],
      [0.9395, 0.5763, 3.8492, 0.1242, 0.0208, 0.5973, 1.8564, 0.6624, 0.8365, 1.0116, 0.414, 0.8424, 0.0071, 0.9836, 0.8497, 0.9632, 0.1109, 0.7867, 2.0321, 0.2838, 2.2272, 1.7167, 2.3131, 1.2744, 1.8388, 0.9933, 0.7951, 0.6738, 2.3358, 1.1078, 1.0804, 1.0994, 0.583, 1.4884, 0.7066, 1.9857, 0, 1.1782, 0.1704, 4.1663, 0],
      [0.0569, 0.0471, 0.112, 0.0266, 0.0015, 0.058, 0.1139, 0.0682, 0.1616, 0.1768, 0.0202, 0.1088, 0.0015, 0.186, 0.1199, 0, 0.0244, 0.1511, 0.13, 0, 0.193, 0.1705, 0.2822, 0.2394, 0.3728, 0.2575, 0.0787, 0.1089, 0.3275, 0.1547, 0.0823, 0.2319, 0.1535, 0.1709, 0.1621, 0.2372, 0, 0.1372, 0.1785, 0.4663, 0],
      [1.1079, 0.5342, 1.8145, 0.0775, 0.0182, 0.456, 1.7028, 0.285, 0.8573, 1.0059, 0.3913, 0.7658, 0.0121, 1.1571, 0.6539, 0.4799, 0.119, 0.8468, 1.6029, 0.0675, 1.0276, 0.8229, 1.0585, 0.4922, 1.0557, 0.7577, 0.4374, 0.2133, 1.1161, 0.5095, 0.5758, 0.4948, 0.2746, 1.2791, 0.5185, 2.412, 0, 0.8877, 0.1401, 3.1415, 0.7164],
      [0.0973, 0.0485, 0.2136, 0.0296, 0.0025, 0.0561, 0.1413, 0.0495, 0.102, 0.0943, 0.0288, 0.1181, 0.0034, 0.0938, 0.0906, 0, 0.0125, 0.0973, 0.1809, 0.0082, 0.2182, 0.1354, 0.2082, 0.1658, 0.2355, 0.083, 0.0594, 0.0487, 0.202, 0.0894, 0.0834, 0.1176, 0.0477, 0.1155, 0.0717, 0.1878, 0, 0.0883, 0.0203, 0.488, 0.0411]
    ],
    [
      [1.921, 0.8367, 11.6012, 0, 3.3397, 1.0692, 0, 0, 8.6812, 0, 3.8197, 7.8214, 1.059, 0, 1.494, 2.7927, 0.6297, 0, 0.184, 7.2944, 0, 0, 3.194, 0, 0, 7.6987, 7.4799, 0, 0.0354, 0, 8.2983, 0, 0, 5.4783, 5.1805, 0, 1.3848, 2.1642, 0, 43.0617, 0.8336],
      [17.6743, 3.5875, 5.1586, 0, 1.9192, 1.067, 10.9315, 0, 32.9168, 21.2292, 8.2135, 16.3334, 0.3726, 9.5103, 24.451, 5.9056, 2.2571, 6.0952, 6.695, 0.1614, 2.1051, 0, 6.0529, 0, 0, 5.7193, 3.7381, 0, 2.0931, 0.5952, 3.0145, 0, 1.6494, 12.8235, 3.2522, 15.1799, 2.1469, 16.7401, 0.0613, 25.5625, 4.1347],
      [11.9188, 11.261, 31.3626, 2.2099, 2.0767, 3.4694, 15.0691, 9.5183, 20.5159, 11.7862, 4.0884, 7.5936, 0.4776, 11.1274, 16.3026, 12.949, 2.8414, 12.3967, 24.4009, 9.0205, 90.6023, 26.8532, 58.2404, 22.6232, 40.4771, 24.4219, 30.4854, 16.3511, 52.0522, 27.8025, 34.197, 17.5686, 18.2991, 84.3903, 20.339, 9.2238, 5.06, 22.7507, 1.8379, 54.9403, 1.207],
      [0.6154, 3.7232, 31.9803, 1.114, 0.402, 1.2399, 7.8679, 7.8885, 0, 0, 2.2812, 0, 0, 0.5471, 6.7594, 14.8387, 0, 0, 13.8114, 5.2799, 52.7439, 34.0891, 40.1803, 22.6475, 19.9526, 10.3946, 21.6888, 11.2916, 34.016, 17.9087, 24.9877, 13.1083, 11.8545, 27.9444, 9.0475, 0, 5.778, 16.3997, 0.9453, 28.6548, 0],
      [139.8229, 51.2304, 276.8401, 25.9902, 27.5303, 23.9665, 116.3152, 57.4196, 435.9365, 236.3188, 87.8402, 188.4947, 23.9773, 140.0698, 262.1696, 70.8008, 79.6083, 174.0796, 169.6195, 53.3864, 347.5822, 233.6351, 405.4509, 227.6805, 309.5178, 324.2205, 214.8173, 103.9483, 305.59, 179.7848, 226.8396, 149.5162, 209.5246, 383.5968, 231.9445, 126.2479, 73.636, 297.2089, 26.2204, 702.351, 37.859],
      [12.4038, 1.7006, 0.3781, 0, 0.8511, 0.3703, 5.5087, 0, 16.6141, 12.3987, 5.934, 6.8972, 2.8095, 8.0237, 9.4813, 3.8158, 4.6206, 11.8745, 6.7872, 0, 0, 0, 0, 0, 0, 0.1013, 0, 0, 0, 0, 0, 0, 0, 13.9181, 0, 5.5603, 3.2555, 14.0735, 0.7885, 9.9743, 3.0599],
      [17.6437, 5.6607, 31.6791, 5.6859, 3.881, 2.8177, 13.3075, 7.1736, 44.3355, 20.267, 8.8231, 27.8597, 7.304, 11.7217, 31.3421, 6.8974, 7.043, 18.554, 21.5021, 2.8575, 58.9665, 30.4227, 50.8815, 36.0488, 42.0525, 24.4437, 23.7906, 10.4089, 36.2133, 19.9087, 27.6628, 17.8069, 16.6725, 35.8486, 22.2363, 12.7881, 12.7387, 28.6631, 3.1466, 92.4553, 5.9058]
    ],
    [
      [0, 0, 0, 0, 0, 0, 0, 0, 0, 0, 0, 0, 0, 0, 0, 0, 0, 0, 0, 0.5939, 5.0134, 0, 12.4483, 0, 0, 0, 0.5076, 2.7241, 0, 5.4745, 0.2047, 0, 6.4455, 0, 0.0932, 0, 0, 0, 0, 0, 0],
      [0, 3.2994, 13.544, 3.0254, 2.5986, 5.7203, 2.2978, 5.1642, 29.2577, 12.3857, 0.3787, 15.567, 0, 6.5597, 25.2688, 3.0894, 0.5886, 1.0135, 6.5396, 0.7356, 15.6687, 8.3601, 14.2812, 6.3667, 11.8312, 4.2346, 7.5031, 3.0413, 11.3154, 6.1426, 4.1336, 6.0041, 4.4463, 15.6619, 4.1102, 4.4324, 1.3673, 12.6681, 0, 52.0911, 0.0627],
      [0, 0, 0.4737, 0.3997, 0, 0, 0, 0.7826, 0, 0, 0, 0, 0, 0, 0, 0.0031, 0, 0, 0, 0.0096, 3.8539, 1.2159, 0.5627, 14.519, 0.226, 0, 0.2169, 2.5122, 11.7838, 0.4274, 0.0895, 7.334, 4.7505, 0, 0, 0, 0, 0, 0, 0, 0],
      [0, 0.1402, 3.4996, 0, 0, 0, 0, 2.3721, 0, 0, 0, 0, 0, 0, 0, 1.7697, 0, 0, 0.5467, 0.0969, 8.3295, 2.5797, 1.4722, 1.0515, 0.115, 0, 0.8288, 0.3794, 3.6258, 1.0088, 0.3499, 0.9578, 0.0039, 1.2254, 0, 0, 0, 0, 0, 0, 0],
      [0, 0, 0, 2.9565, 0, 0, 0, 0.3334, 0, 0, 0, 0, 0, 0, 0, 0, 0.6073, 0.1023, 0, 0, 8.2382, 0.0948, 0.6558, 1.9415, 1.8527, 0.5885, 0.8677, 0.3372, 2.001, 0.6646, 0, 2.041, 1.0891, 0, 0.7041, 0, 0, 0, 0.2088, 0, 0],
      [252.0661, 134.8466, 253.898, 57.7778, 39.1056, 76.7, 277.6622, 67.6266, 604.2934, 289.1118, 133.3352, 319.2619, 54.137, 160.0634, 365.4218, 66.1377, 79.3271, 182.5274, 197.4234, 24.45, 312.4421, 135.393, 199.2401, 96.05, 136.9914, 72.6721, 122.0604, 36.5891, 216.7881, 103.2219, 75.5386, 85.3457, 55.6525, 420.8766, 75.4282, 289.3048, 86.7279, 349.9031, 24.5374, 590.0789, 63.89],
      [0.9339, 0.7138, 1.5848, 2.8405, 0.2958, 0.5797, 1.0401, 0.7211, 3.4489, 0.5025, 0.2861, 3.1712, 1.863, 0.3768, 2.3093, 0, 0.477, 1.3568, 1.4903, 0.1141, 4.4542, 1.3565, 2.3397, 2.0713, 1.9836, 0.5048, 1.0155, 0.4166, 2.486, 1.0602, 0.6837, 1.3174, 0.6121, 2.2362, 0.6643, 1.2628, 0.9049, 1.4288, 0.2538, 5.8301, 0.0472]
    ],
    [
      [0.0116, 0.0133, 1.1872, 0, 0.1107, 0.0875, 0, 0, 0.6498, 0, 0.2618, 1.8715, 0.5545, 0, 0, 0.1314, 0, 0, 0, 1.3083, 0, 0, 1.0656, 1.6507, 0, 0.2708, 0.3598, 0.8276, 0, 0.2773, 0.3307, 0, 0.2565, 0, 0.2074, 0, 0.0447, 0, 0, 1.915, 0.0185],
      [0.1378, 0, 0, 0, 0.0255, 0.0509, 0, 0, 1.8699, 1.4966, 0.0428, 0.2593, 2.4819, 0.1619, 0.3933, 0.1026, 2.709, 1.1066, 0.0066, 0, 0, 0, 0, 0.1207, 4.3012, 0, 0, 0.6659, 0, 0, 0.4565, 0, 0, 0, 0.011, 0.2594, 0.0002, 0.2984, 0, 0.4902, 0.0117],
      [18.106, 22.7097, 32.9603, 2.2814, 1.8558, 7.3305, 20.5403, 9.8147, 19.286, 14.185, 6.0267, 10.9911, 1.8755, 10.7346, 15.32, 8.7994, 5.3928, 17.5395, 25.9339, 8.6619, 78.854, 22.7513, 44.965, 30.4772, 44.1505, 19.1218, 19.5929, 13.6986, 52.3484, 19.775, 18.5122, 24.682, 15.0078, 78.0338, 17.2648, 17.0062, 6.3985, 27.303, 2.3772, 44.0258, 1.2763],
      [66.6193, 42.1399, 154.8354, 8.7149, 9.0252, 19.3694, 66.4199, 30.5313, 89.1818, 65.0349, 48.6226, 79.8787, 6.6152, 31.4458, 78.7982, 39.9048, 28.3546, 60.0593, 79.4949, 24.8532, 181.7591, 101.1635, 146.7357, 82.6853, 124.7956, 72.6983, 66.6396, 35.8084, 122.1686, 58.9545, 62.8201, 59.7354, 46.0153, 137.0809, 61.2478, 61.7154, 43.9784, 137.8969, 12.4547, 197.782, 8.0329],
      [7.1465, 4.177, 11.6307, 1.2394, 0.9503, 2.1062, 6.3613, 2.5461, 14.5916, 9.707, 4.3943, 9.8216, 1.7668, 4.7516, 9.408, 0.8195, 5.2538, 9.4319, 7.2025, 1.6939, 13.9856, 8.0617, 14.6862, 10.3605, 17.3632, 11.1379, 6.1479, 3.9013, 13.0319, 6.1635, 5.3808, 8.3083, 6.7957, 14.736, 8.9316, 8.0019, 3.63, 14.0249, 1.663, 23.0594, 1.2198],
      [10.8648, 5.8758, 11.3164, 0.6455, 1.0037, 2.0042, 8.5809, 1.0333, 13.1016, 9.4656, 6.6282, 9.8463, 2.5033, 4.8432, 8.8691, 3.2422, 5.2001, 10.6231, 9.1698, 0.1761, 7.5075, 4.8639, 9.0359, 0, 3.4853, 7.5992, 5.1199, 0, 5.9653, 3.6522, 4.3542, 1.874, 2.7832, 17.8878, 6.1213, 8.8771, 4.8136, 16.3568, 1.4465, 20.0469, 1.4091],
      [0.114, 0.0843, 0.07, 0.1188, 0.0288, 0.0513, 0.0976, 0.0746, 0.3192, 0.1109, 0.0236, 0.3315, 0.2028, 0.0629, 0.2114, 0, 0.0898, 0.2395, 0.1923, 1.3066, 0.8939, 0.1596, 0.5116, 0.7057, 0.9043, 0.172, 0.1399, 0.0982, 0.4858, 0.1775, 0.1454, 0.4003, 0.1415, 0.2615, 0.2161, 0.14, 0.1346, 0.12, 0.0585, 0.6807, 0.0318]
    ],
    [
      [0.0104, 0.0201, 0.2453, 0, 0.1888, 0.0339, 0, 0, 0.1611, 0, 0.0981, 0.1805, 0.0918, 0, 0, 0.0292, 0, 0, 0, 0.0554, 0.0432, 0, 0.2188, 0, 0, 0.0549, 0.0737, 0.0603, 0, 0.1118, 0.0902, 0, 0.0637, 0.0467, 0.0405, 0, 0.0057, 0.0105, 0, 0.886, 0],
      [3.1753, 1.351, 3.9085, 0.4939, 1.1406, 1.0255, 1.7895, 0.8705, 8.4491, 4.9859, 1.3326, 3.8649, 0.6131, 4.0142, 5.9278, 1.2496, 0.9582, 3.0525, 2.064, 0.1888, 4.2655, 2.2913, 4.3817, 2.8437, 3.9159, 1.8708, 1.7503, 1.3406, 5.094, 1.923, 1.7796, 1.7161, 1.482, 6.0229, 1.3068, 2.5278, 0.178, 4.0395, 0.0299, 12.8668, 0],
      [2.442, 2.8292, 3.6791, 0.4876, 0.4541, 0.9827, 2.4838, 1.0567, 3.2608, 1.8602, 0.6583, 1.1049, 0.2399, 2.0002, 2.3751, 0.9661, 0.3214, 1.7614, 2.6525, 0.4664, 9.6289, 2.6764, 4.8526, 4.9001, 3.5739, 1.4511, 1.9587, 1.9117, 10.6338, 3.1651, 2.2843, 2.6142, 1.6816, 11.5977, 1.2529, 1.9603, 0.1743, 2.7624, 0.0628, 6.3612, 0],
      [0, 0.0858, 0.5763, 0.0173, 0, 0.0253, 0.092, 0.1358, 0, 0, 0, 0, 0, 0, 0, 0.175, 0, 0, 0.1513, 0.026, 1.1523, 0.4932, 0.4153, 0.5332, 0.1636, 0.0262, 0.1525, 0.1731, 1.3372, 0.3066, 0.1954, 0.1997, 0.0744, 0.4261, 0.0283, 0, 0.0161, 0.0906, 0.0029, 0, 0],
      [3.3516, 1.6566, 4.334, 0.8352, 0.7834, 0.8772, 2.4386, 0.8249, 8.3719, 4.6909, 1.7209, 3.5109, 0.3717, 3.6612, 4.5518, 0.6422, 1.5169, 4.7235, 2.4412, 0.3723, 5.3561, 2.9103, 4.7759, 4.7314, 3.9157, 2.4743, 1.9163, 1.5744, 7.6957, 2.929, 2.0867, 2.3819, 2.1596, 6.8211, 1.8876, 3.0281, 0.3374, 4.4716, 0.117, 10.287, 0],
      [59.7876, 27.1608, 57.7957, 7.1006, 12.1728, 11.3225, 37.8982, 9.45, 100.439, 57.615, 28.2887, 44.8402, 13.9745, 46.0119, 55.7973, 12.8922, 17.7507, 62.4127, 35.4787, 5.0795, 70.8713, 34.689, 53.1826, 40.1592, 37.7397, 25.2897, 23.633, 14.9763, 83.1486, 32.4058, 26.8872, 21.4447, 18.2321, 102.887, 19.9083, 40.4927, 4.7886, 60.0704, 1.4166, 123.2129, 0],
      [12.233, 4.8965, 13.4611, 4.0654, 3.2603, 2.7329, 7.2979, 2.6622, 22.3181, 10.848, 4.9013, 13.4986, 6.709, 8.3125, 14.348, 2.0455, 3.4527, 13.0499, 8.2124, 0.8116, 22.6827, 9.9398, 15.1731, 16.8325, 12.6912, 4.833, 5.5156, 3.9636, 22.0907, 8.1586, 6.6766, 6.6435, 4.3066, 17.1985, 4.5755, 7.9911, 1.4998, 11.555, 0.3707, 35.3861, 0]
    ],
    [
      [5.2017, 2.3624, 9.5691, 0.3739, 1.4216, 0.8016, 4.7409, 0, 8.1673, 2.1532, 1.8724, 5.4643, 1.3244, 0, 4.877, 4.1842, 1.7118, 0, 3.986, 2.3369, 8.6468, 0, 12.1635, 4.0054, 2.7599, 8.0245, 4.6735, 3.2169, 6.1121, 4.1588, 6.9148, 1.4166, 3.922, 9.3275, 6.6339, 4.2709, 2.5648, 5.9694, 0.2711, 23.1547, 2.4264],
      [0.2485, 0.0934, 0.4009, 0.2885, 0.0423, 0.0511, 0.2065, 0.828, 0.4941, 3.563, 0.0611, 0.301, 0.0265, 3.9523, 0.4646, 0.3072, 0.0854, 2.1173, 0.2009, 0.0279, 0.3236, 2.0446, 0.5296, 0.1533, 2.7385, 0.3834, 0.2003, 0.1252, 0.2724, 0.1407, 0.2648, 1.1303, 0.1513, 0.4652, 0.2815, 0.2428, 0.0786, 0.363, 0.0068, 1.4359, 0.669],
      [6.6839, 6.212, 11.9815, 1.4714, 0.5988, 1.4785, 9.0571, 3.0024, 6.3625, 6.4619, 1.0575, 2.9288, 0.4023, 7.0234, 5.4709, 6.6687, 1.3806, 4.5724, 7.9318, 2.543, 26.6528, 7.3897, 19.133, 9.9412, 12.4873, 9.146, 6.9904, 6.6959, 18.8933, 7.6494, 10.9167, 10.3101, 5.6456, 27.3032, 8.4947, 5.9624, 2.3672, 7.4328, 0.4506, 20.5933, 1.3289],
      [4.8258, 2.2893, 11.4184, 1.0296, 0.552, 0.7681, 5.7638, 1.8921, 5.9817, 5.9535, 1.6822, 4.2789, 0.3778, 4.0235, 5.5927, 6.1467, 1.5345, 3.154, 4.865, 1.4488, 12.7741, 6.6795, 12.7207, 5.6324, 7.1221, 6.8876, 4.7924, 3.5792, 9.0611, 4.6251, 7.509, 4.7762, 3.4688, 9.6426, 5.9698, 4.2989, 3.2275, 7.4347, 0.4267, 18.3969, 0.9671],
      [6.622, 2.8888, 11.0832, 1.6446, 0.7345, 0.9922, 6.771, 1.7621, 10.9384, 10.1064, 2.0245, 6.064, 0.8827, 7.3314, 7.7507, 3.7374, 2.9082, 5.5116, 5.6067, 1.5474, 11.645, 6.1276, 14.1126, 6.7572, 9.7988, 11.2794, 5.172, 4.0676, 10.1454, 5.2577, 7.6105, 6.2794, 5.1818, 12.6752, 9.2954, 6.4848, 3.3966, 9.1574, 0.607, 24.8363, 2.9213],
      [1.4401, 0.5578, 1.5555, 0.103, 0.1192, 0.1462, 1.3451, 0.1964, 1.5798, 1.5847, 0.3653, 0.9422, 0.198, 1.2371, 1.1456, 0.8987, 0.4546, 0.9422, 0.9875, 0.1941, 1.2329, 0.7725, 1.4634, 0.3943, 0.9888, 1.3155, 0.6925, 0.2527, 1.0213, 0.5652, 1.0362, 0.404, 0.4132, 2.2466, 1.0904, 1.1099, 0.6434, 1.4978, 0.0881, 3.4231, 0.7133],
      [11.9781, 4.5962, 18.9915, 5.089, 1.5317, 1.7623, 11.1156, 3.319, 16.4763, 13.1773, 2.9371, 13.0208, 3.7884, 9.4322, 13.6985, 6.0571, 3.9249, 8.7025, 10.4221, 1.9019, 27.7249, 11.9861, 25.8772, 15.1162, 19.1045, 12.9635, 8.479, 6.0624, 17.4943, 8.603, 13.7481, 10.6834, 6.2174, 17.3397, 13.2343, 9.6303, 8.722, 13.1448, 1.1496, 48.1599, 6.9741]
    ]
  ],
  "V_est": [
    [0.3564, 1135.6735, 1.5058, 4.4739, 1.7148, 2415.7519, 0.5237],
    [1058.3698, 12.919, 47.5971, 45.4819, 5.5696, 31.8872, 4.1753],
    [137.3533, 279.348, 880.1089, 501.9821, 7758.5891, 161.2006, 905.4181],
    [33.5053, 330.7565, 49.1604, 30.3528, 25.2845, 7183.9049, 57.0355],
    [13.4122, 17.4598, 857.9676, 2852.0675, 315.5912, 258.1928, 10.3088],
    [2.8206, 112.082, 107.5865, 7.0711, 123.5341, 1538.7044, 377.2012],
    [181.1823, 25.7611, 319.0736, 213.5706, 269.7169, 37.3581, 464.3374]
  ],
  "p_est": [
    [0.0001, 0.319, 0.0004, 0.0013, 0.0005, 0.6786, 0.0001],
    [0.8776, 0.0107, 0.0395, 0.0377, 0.0046, 0.0264, 0.0035],
    [0.0129, 0.0263, 0.0828, 0.0472, 0.7303, 0.0152, 0.0852],
    [0.0043, 0.0429, 0.0064, 0.0039, 0.0033, 0.9318, 0.0074],
    [0.0031, 0.004, 0.1984, 0.6594, 0.073, 0.0597, 0.0024],
    [0.0012, 0.0494, 0.0474, 0.0031, 0.0544, 0.6781, 0.1662],
    [0.1199, 0.017, 0.2112, 0.1413, 0.1785, 0.0247, 0.3073]
  ],
  "EI_Z": {},
  "EI_V": 14.4743,
  "MAE_Z": {},
  "MAE_V": 184.3549,
  "MAE_p": 0.0573,
  "runtime": 0.01
}
