{
  "X": [
    [35, 50, 40, 73, 157, 429, 43],
    [19, 28, 44, 49, 60, 231, 16],
    [99, 65, 83, 207, 304, 418, 66],
    [3, 11, 7, 11, 33, 80, 18],
    [7, 17, 5, 10, 30, 72, 9],
    [19, 22, 14, 22, 28, 114, 8],
    [43, 52, 49, 82, 132, 452, 33],
    [6, 21, 26, 44, 63, 100, 14],
    [48, 196, 50, 96, 470, 970, 87],
    [26, 120, 35, 72, 261, 520, 45],
    [19, 27, 12, 53, 96, 235, 17],
    [45, 90, 23, 85, 208, 480, 58],
    [4, 8, 3, 7, 27, 90, 20],
    [23, 66, 32, 37, 156, 300, 30],
    [26, 140, 40, 92, 284, 566, 62],
    [23, 20, 30, 64, 76, 102, 15],
    [6, 15, 10, 30, 90, 132, 15],
    [11, 39, 37, 64, 194, 347, 42],
    [47, 40, 63, 101, 185, 315, 42],
    [23, 3, 21, 32, 57, 37, 7],
    [52, 59, 213, 260, 387, 480, 115],
    [10, 28, 65, 147, 251, 210, 54],
    [84, 53, 130, 204, 440, 313, 95],
    [29, 26, 84, 114, 252, 170, 71],
    [37, 44, 103, 154, 343, 210, 77],
    [47, 20, 55, 91, 350, 123, 43],
    [33, 29, 60, 95, 229, 183, 39],
    [22, 14, 42, 52, 114, 66, 21],
    [46, 45, 149, 173, 339, 369, 79],
    [35, 19, 60, 84, 195, 165, 38],
    [41, 20, 67, 97, 242, 131, 49],
    [20, 22, 64, 80, 169, 133, 37],
    [28, 16, 46, 62, 225, 92, 28],
    [52, 84, 204, 178, 418, 685, 73],
    [33, 18, 48, 77, 253, 123, 41],
    [58, 71, 36, 68, 144, 469, 32],
    [4, 5, 14, 53, 81, 105, 24],
    [33, 90, 61, 163, 325, 573, 55],
    [3, 1, 5, 14, 29, 31, 5],
    [209, 207, 129, 249, 761, 914, 183],
    [19, 13, 4, 9, 42, 92, 13]
  ],
  "W": [
    [120, 31, 202, 253, 103, 81, 37],
    [80, 18, 78, 139, 75, 38, 19],
    [134, 85, 389, 273, 212, 84, 65],
    [22, 3, 35, 67, 13, 13, 10],
    [30, 2, 40, 42, 13, 18, 5],
    [37, 19, 34, 83, 31, 17, 6],
    [154, 46, 169, 281, 102, 52, 39],
    [36, 9, 82, 77, 44, 15, 11],
    [356, 33, 559, 637, 139, 143, 50],
    [225, 27, 302, 302, 100, 80, 43],
    [77, 14, 121, 134, 66, 37, 10],
    [151, 32, 255, 338, 113, 67, 33],
    [21, 1, 36, 56, 16, 22, 7],
    [119, 28, 181, 167, 52, 64, 33],
    [208, 22, 352, 393, 113, 83, 39],
    [24, 18, 118, 71, 53, 18, 28],
    [33, 4, 97, 81, 47, 24, 12],
    [101, 16, 223, 185, 99, 85, 25],
    [88, 49, 243, 206, 122, 51, 34],
    [9, 12, 78, 26, 38, 7, 10],
    [125, 45, 552, 358, 283, 114, 89],
    [49, 17, 325, 149, 137, 53, 35],
    [77, 61, 564, 231, 217, 83, 86],
    [50, 27, 309, 122, 126, 70, 42],
    [51, 40, 412, 153, 195, 62, 55],
    [23, 34, 397, 78, 111, 36, 50],
    [47, 22, 302, 133, 98, 35, 31],
    [23, 17, 142, 46, 55, 24, 24],
    [88, 47, 430, 248, 194, 130, 63],
    [35, 28, 246, 118, 89, 49, 31],
    [33, 28, 325, 81, 92, 40, 48],
    [37, 22, 198, 103, 95, 35, 35],
    [23, 19, 258, 73, 71, 28, 25],
    [175, 43, 564, 440, 248, 145, 79],
    [29, 23, 292, 81, 94, 29, 45],
    [167, 63, 169, 295, 96, 56, 32],
    [6, 0, 104, 89, 59, 7, 21],
    [186, 28, 398, 364, 196, 83, 45],
    [3, 4, 33, 25, 18, 2, 3],
    [278, 152, 957, 648, 288, 189, 140],
    [30, 17, 53, 64, 12, 0, 16]
  ],
  "method": "mult",
  "cond_prob": [
    [
      [0, 0.2389191624, 0, 0, 0, 0.7610808376, 0],
      [0.89855489043, 0.0030275999865, 0.027395436962, 0.030307647467, 0.0018365892918, 0.035738703691, 0.0031391321704],
      [0.009510057517, 0.08749652269, 0.059004182355, 0.0030464922666, 0.69219274059, 0.061404880562, 0.087345124019],
      [0, 0, 0, 0, 0, 0.99630876863, 0.0036912313697],
      [0.00011280122229, 0.0013374280461, 0.17578650322, 0.64678897938, 0.069383820345, 0.10548379295, 0.001106674836],
      [0.00012894188249, 0.039201681353, 0.030148590896, 0, 0.041377406961, 0.73811819215, 0.15102518676],
      [0.14058659351, 0.006715028391, 0.18064461957, 0.1304272058, 0.17897374793, 0.038921381043, 0.32373142376]
    ],
    [
      [0, 0.24538133727, 0, 0.00056719706466, 0, 0.75405146567, 0],
      [0.87597264201, 0.0021251016766, 0.054891939159, 0.032017301906, 0.0026189228653, 0.029678250536, 0.0026958418479],
      [0.010727165167, 0.04599321238, 0.14437183748, 0.047732725361, 0.65679952898, 0.021802845834, 0.072572684794],
      [0, 0.023736679024, 0, 0.0010085448322, 0, 0.97011960432, 0.0051351718213],
      [0.00017745443497, 0, 0.30279641952, 0.5618649392, 0.055693344991, 0.078344141851, 0.0011237000002],
      [0.00052868025492, 0.035552628908, 0.07445305447, 0.0022568653321, 0.043595966845, 0.71475702904, 0.12885577515],
      [0.12433550676, 0.004914333689, 0.32694706513, 0.12049164042, 0.1520446586, 0.029360500984, 0.24190629442]
    ],
    [
      [0, 0.3119642422, 0.00085156197447, 0.0062752639222, 0, 0.6809089319, 0],
      [0.89879155569, 0.0021729478486, 0.028573728909, 0.045284180106, 0.0013173522756, 0.02134739948, 0.0025128356863],
      [0.029823108166, 0.013261305698, 0.080623534096, 0.082211590346, 0.71167128239, 0.00097195011353, 0.08143722919],
      [0, 0.049611755852, 0.001735089987, 0.012819039705, 0, 0.93002912664, 0.0058049878126],
      [0.0055998229852, 0, 0.15547328563, 0.73035542458, 0.054861998267, 0.053379282767, 0.00033018577464],
      [0.00292037622, 0.046530002146, 0.043798531963, 0.0068606827692, 0.051595021588, 0.6880440482, 0.16025133712],
      [0.14721622483, 0.0061679005161, 0.18433040261, 0.17566777659, 0.17051031939, 0.023931169335, 0.29217620672]
    ],
    [
      [0, 0.32649822812, 0.0019588806479, 0, 0.013981805725, 0.64980068705, 0.0077603984527],
      [0.87535776929, 0.003046214715, 0.035635210544, 0.041397054971, 0.0088512681721, 0.025830601021, 0.0098818812897],
      [0, 0, 0.063140317563, 0.031827372392, 0.74257849002, 0, 0.16245382002],
      [0, 0.045155656821, 0.0059658769071, 0, 0.044126786968, 0.862355633, 0.042396046308],
      [0, 0, 0.17549080114, 0.67037761766, 0.095335709097, 0.049657533277, 0.0091383388216],
      [0, 0.037996128245, 0.037506696239, 0.0013330214609, 0.064245141276, 0.54619734194, 0.31272167084],
      [0.037392669214, 0.028852166291, 0.14714066607, 0.10296124928, 0.16445535371, 0.010295229326, 0.50890266611]
    ],
    [
      [0, 0.37568483076, 0, 0, 0, 0.62431516924, 0],
      [0.96962804132, 0.0016146819519, 0.0073111131331, 0.010375532077, 0.00072518745771, 0.0091017546301, 0.0012436894345],
      [0.083491646359, 0.047980732947, 0.051918210654, 0.010050832599, 0.68825830382, 0.02127628163, 0.097023991987],
      [0, 0.061870890057, 0, 0, 0, 0.93108667461, 0.0070424353356],
      [0.0085185034394, 0.0019580828228, 0.14275373724, 0.69424461084, 0.073100017817, 0.077209829096, 0.0022152187438],
      [0.010488189331, 0.063369361349, 0.025227294814, 0, 0.043524017532, 0.67626440541, 0.18112673156],
      [0.28431002207, 0.0084630864244, 0.11975189137, 0.11040713818, 0.14689698498, 0.023832547813, 0.30633832916]
    ],
    [
      [0, 0.37835559151, 0, 0, 0, 0.62164440849, 0],
      [0.8951438386, 0.0045278636323, 0.038890173735, 0.031434395557, 0.003050378485, 0.023999637512, 0.0029537124793],
      [0.031447428283, 0.031381805373, 0.10204063018, 0.03646828339, 0.70489799403, 0.010889959228, 0.082873899517],
      [0, 0.068919724002, 0, 0, 0, 0.92409594681, 0.0069843291873],
      [0.0028231336852, 0.0016419154312, 0.23646775521, 0.6248189175, 0.06794112426, 0.064651578432, 0.001655575481],
      [0.0019956662121, 0.060325292665, 0.057806782532, 0.0014886714592, 0.051597566018, 0.6660291617, 0.16075685941],
      [0.13360183919, 0.0085109794589, 0.24641492637, 0.12802183197, 0.16536292292, 0.024374482267, 0.29371301782]
    ],
    [
      [0, 0.22531085932, 0, 0, 0, 0.77468914068, 0],
      [0.83171852902, 0.045148170384, 0.040210404832, 0.040356951659, 0.0024758949103, 0.037017852206, 0.0030721969925],
      [0, 0.064683513565, 0.089166419395, 0.046555797838, 0.68825546462, 0.032595991435, 0.078742813145],
      [0, 0.0081771248148, 0, 0, 0, 0.98812160287, 0.0037012723117],
      [0, 0, 0.20137555019, 0.65117530918, 0.062365959663, 0.084126200823, 0.00095698013965],
      [0, 0.034413746995, 0.047765367948, 0.001768760537, 0.046896642343, 0.72881150925, 0.14034397292],
      [0.12156276065, 0.0052951568732, 0.2322331089, 0.14778957192, 0.17361492373, 0.034489415605, 0.28501506233]
    ],
    [
      [0, 0.38490845777, 0.0047517697267, 0.014385139212, 0.0012705509555, 0.59468408233, 0],
      [0.66666666667, 0.031176071724, 0.18380733345, 0.073599449093, 0.0075791980676, 0.031668795587, 0.0055024854121],
      [0, 0, 0.11607702823, 0.096201709977, 0.70023887019, 0, 0.087482391605],
      [0, 0.06706744456, 0.01016382773, 0.030806260016, 0.0043293544223, 0.8782676229, 0.0093654903699],
      [0, 0, 0.22306081879, 0.69389289058, 0.057866216774, 0.023485026882, 0.0016950469689],
      [0, 0.058031825893, 0.070443948281, 0.0090514447536, 0.054990523957, 0.63000253961, 0.17747971751],
      [0, 0.075276386829, 0.27294581707, 0.17200535003, 0.1601934854, 0.01785160322, 0.30172735745]
    ],
    [
      [0, 0.3451828686, 0, 0, 0, 0.6548171314, 0],
      [0.91940990824, 0.0038609246772, 0.017415762934, 0.025347132361, 0.0048971999973, 0.025978942392, 0.003090129396],
      [0.015529935852, 0.058885106303, 0.036701121155, 0, 0.77985063124, 0.029721040303, 0.079312165142],
      [0, 0.045930427587, 0, 0, 0, 0.94865521654, 0.0054143558707],
      [0.0046750750566, 0.01345238069, 0.13874854148, 0.64159578525, 0.10497542954, 0.09425619924, 0.0022965887424],
      [0.0011268224565, 0.05908460599, 0.022802853633, 0, 0.058544916927, 0.70237049228, 0.15607030872],
      [0.16334535685, 0.0098810379345, 0.12724995526, 0.11963460964, 0.21876763415, 0.031595391285, 0.32952601488]
    ],
    [
      [0, 0.33858538579, 0, 0, 0, 0.66141461421, 0],
      [0.88321604903, 0.0058468825496, 0.026173782747, 0.037468076481, 0.0065494224384, 0.037254577774, 0.0034912089845],
      [0, 0.07029539906, 0.039027310381, 0, 0.78251248333, 0.041055430372, 0.067109376856],
      [0, 0.041012095931, 0, 0, 0, 0.95732385842, 0.0016640456506],
      [0, 0.014966100129, 0.14184999619, 0.65034907972, 0.097070050692, 0.094655905686, 0.0011088675747],
      [0, 0.062323843402, 0.02325199551, 0, 0.058636848673, 0.72018749168, 0.13559982074],
      [0.050073643635, 0.082861427814, 0.15027676443, 0.13845241774, 0.23503355035, 0.036853560123, 0.30644863591]
    ],
    [
      [0, 0.22003463683, 0, 0, 0, 0.77996536317, 0],
      [0.92485715176, 0.0020426989197, 0.012078167112, 0.029571636582, 0.0014401502951, 0.027950623392, 0.0020595719414],
      [0.031567454565, 0.06788043085, 0.033788527726, 0.018852811165, 0.72595166323, 0.049041020369, 0.072918092094],
      [0, 0.0028262531525, 0, 0, 0, 0.99503866251, 0.0021350843338],
      [0.0039668693341, 0.00064826890926, 0.091313805057, 0.73670662897, 0.066580091721, 0.10042742219, 0.00035691382193],
      [0.0026516750076, 0.036016606694, 0.01779257178, 0, 0.046511443421, 0.76455934014, 0.13246836296],
      [0.18724125217, 0.0061084927902, 0.1057457516, 0.1682169425, 0.20244771847, 0.036530861771, 0.29370898069]
    ],
    [
      [0, 0.35465886627, 0, 0, 0, 0.64534113373, 0],
      [0.92694519508, 0.0037811776546, 0.011925850499, 0.026326454682, 0.0033994003456, 0.023930015706, 0.0036919060346],
      [0.030672137075, 0.064052577406, 0.029778701655, 0, 0.73919496199, 0.027047840793, 0.10925378108],
      [0, 0.046056147633, 0, 0, 0, 0.94456169523, 0.0093821571347],
      [0.016561728808, 0.0022947806685, 0.097266484177, 0.70689116788, 0.086916569421, 0.087135370383, 0.0029338986586],
      [0.0026947063714, 0.057684396573, 0.016490830566, 0, 0.052401682127, 0.66925639983, 0.20147198453],
      [0.16558600367, 0.0091201086255, 0.088751681878, 0.12966216604, 0.18375814648, 0.02855152336, 0.39457036994]
    ],
    [
      [0, 0.21452534117, 0, 0, 0, 0.77931517562, 0.0061594832114],
      [0.97031898878, 0.00087130118406, 0.004720498573, 0.0070556396189, 0.0015010127544, 0.012144533295, 0.0033880257917],
      [0.029417593849, 0.010348932498, 0.013266501194, 0, 0.66603585508, 0.078040946632, 0.20289017075],
      [0, 0, 0, 0, 0, 0.96673244356, 0.033267556444],
      [0.034654829168, 0.1551188951, 0.1172217691, 0.41344918038, 0.11042642605, 0.15645422081, 0.012674679396],
      [0.0041710926129, 0.027870365924, 0.010902723869, 0, 0.016895271347, 0.63520548503, 0.30495506122],
      [0.18920090407, 0.0037835131999, 0.05746817539, 0.053965353473, 0.1260984883, 0.028279665322, 0.54120390025]
    ],
    [
      [0, 0.33896219226, 0, 0, 0, 0.66103780774, 0],
      [0.82142857143, 0.052327282488, 0.039797914969, 0.035128284257, 0.0066419031853, 0.041325261868, 0.0033507818034],
      [0, 0.052542926005, 0.061477511966, 0.0030227826735, 0.77386616869, 0.044329924396, 0.064760686274],
      [0, 0.039279797011, 0, 0, 0, 0.95846364108, 0.0022565619056],
      [0, 0.0031126645378, 0.20643474953, 0.60472701476, 0.091377730102, 0.093138307334, 0.0012095337321],
      [0, 0.062721321485, 0.031253399718, 0, 0.057205950743, 0.71893612819, 0.12988319986],
      [0, 0.1197671628, 0.21283042901, 0.12192362453, 0.22216446563, 0.037489241958, 0.28582507608]
    ],
    [
      [0, 0.40081249323, 0, 0, 0, 0.59918750677, 0],
      [0.89222763349, 0.0057039049283, 0.024158236528, 0.038623052327, 0.0054489564589, 0.029720865092, 0.0041173511705],
      [0.0042442249965, 0.069463084369, 0.046314102361, 0.019202802827, 0.74480011546, 0.026935579369, 0.089040090623],
      [0, 0.0642972725, 0, 0, 0, 0.92982652503, 0.0058762024666],
      [0, 0.0034806900216, 0.13557478698, 0.69732957653, 0.083256382296, 0.078487461047, 0.0018711031211],
      [0, 0.071419108882, 0.028615468812, 0, 0.054841187398, 0.67225693746, 0.17286729745],
      [0.1250519196, 0.011912248727, 0.14027999808, 0.14340164372, 0.19873570678, 0.029373907069, 0.35124457602]
    ],
    [
      [0, 0.38600982329, 1.4891384757e-05, 0.0084128265339, 0, 0.60556245879, 0],
      [0.88124620176, 0.0045187075677, 0.034064444232, 0.053510219636, 0, 0.026660426807, 0],
      [0.023667089487, 0.050047322345, 0.10973749039, 0.12575145852, 0.60000690715, 0.032337471009, 0.058452261092],
      [0, 0.043513166169, 4.4278356775e-05, 0.024925885336, 0, 0.93151667014, 0],
      [0.0024796432798, 0.0019359319318, 0.16602726419, 0.75292111825, 0.015462973668, 0.061173068689, 0],
      [0.0016218091683, 0.069424901292, 0.053674976269, 0.0097219431093, 0.035680081069, 0.71623467927, 0.11364160982],
      [0.14943707679, 0.010969859088, 0.23816858595, 0.21952442864, 0.13347878186, 0.032096831436, 0.21632443623]
    ],
    [
      [0, 0.25426852402, 0, 0, 0.002460615595, 0.74327086038, 0],
      [0.91462299595, 0.0027022876045, 0.015958801921, 0.027724607211, 0.0061113168196, 0.029751559257, 0.0031284312355],
      [0.0064915604792, 0.023268669863, 0.029292458897, 0, 0.82070372159, 0.047635020807, 0.072608568363],
      [0, 0.0072671268413, 0, 0, 0.007496995938, 0.97934656743, 0.0058893097884],
      [0, 0.057637945387, 0.11474006652, 0.60328863832, 0.11178235231, 0.11063948126, 0.0019115162021],
      [0, 0.039926505467, 0.013393389903, 0, 0.063202889302, 0.73961433145, 0.14386288388],
      [0.14265222081, 0.007117645124, 0.1150476496, 0.12787796416, 0.24234973759, 0.03788223468, 0.32707254803]
    ],
    [
      [0, 0.22996847478, 0, 0, 0, 0.77003152522, 0],
      [0.6875, 0.14925494849, 0.045626718635, 0.049166480185, 0.0094453421761, 0.052927300581, 0.0060792099362],
      [0, 0.027332623885, 0.055590527861, 0, 0.78062605548, 0.053248798242, 0.083201994536],
      [0, 0.0054783536729, 0, 0, 0.00055290029955, 0.98663470405, 0.0073340419767],
      [0, 0.011177948173, 0.1771665546, 0.60666005971, 0.095271679705, 0.10730431889, 0.0024194389285],
      [0, 0.035911694677, 0.020722308383, 0, 0.055570316727, 0.73426727823, 0.15352840198],
      [0, 0.084692935957, 0.18289598685, 0.12615961623, 0.22046417544, 0.037689226669, 0.34809805886]
    ],
    [
      [0, 0.27671312143, 0, 0.0011220505985, 0, 0.72216482797, 0],
      [0.87408185714, 0.0029218897017, 0.042467313642, 0.041470683395, 0.0026540380223, 0.032712164706, 0.0036920533976],
      [0.00075725225441, 0.027551393929, 0.10041513631, 0.056836939301, 0.69802272347, 0.027930721791, 0.088485832946],
      [0, 0.031745523829, 0, 0.0026539135643, 0, 0.95836620704, 0.0072343555665],
      [0, 5.3829844003e-05, 0.21257311416, 0.65159737033, 0.059037096077, 0.075162476546, 0.0015761130402],
      [0, 0.040470566747, 0.052010060538, 0.0029657721129, 0.047866812271, 0.69566000454, 0.16102678379],
      [0.1172346089, 0.0059099982526, 0.23328795567, 0.14308764879, 0.16490285843, 0.029044489761, 0.3065324402]
    ],
    [
      [0.0077925364498, 0.20936751289, 0.00012752292365, 0.0012789690174, 0, 0.78143345872, 0],
      [0.94508008629, 0.00017022764629, 0.024794613959, 0.023647885845, 0, 0.0056237593116, 0.0006834269519],
      [0.093517704873, 0.0020686104562, 0.11564699565, 0.067690650838, 0.68444092594, 0, 0.036635112247],
      [0.022842488515, 0.028291383362, 0.00036868338789, 0.0037256025862, 0, 0.94038308651, 0.0043887556404],
      [0.03442942022, 0, 0.22794477823, 0.65403174106, 0.044576530801, 0.0046332951571, 0.034384234531],
      [0.0079078276375, 0.026975115192, 0.066630126043, 0.0037126551864, 0.053178952825, 0.7256468175, 0.11594850562],
      [0.23369476932, 0.0027896262855, 0.25429530425, 0.14487834696, 0.15474469365, 0.019406057216, 0.19019120232]
    ],
    [
      [0, 0.2923037256, 0.0037586547079, 0.0081116541404, 0, 0.69534918542, 0.00047678013521],
      [0.85103488519, 0.0022028677121, 0.06529503411, 0.049492670467, 0.0042897770599, 0.02283479093, 0.0048499745329],
      [0, 0.0038136540128, 0.16413457034, 0.09555059255, 0.62967784594, 0, 0.10682333715],
      [0.014003978838, 0.043767226784, 0.010765180881, 0.02326669706, 0.02301163803, 0.87274342615, 0.012441852254],
      [0, 0, 0.27863602999, 0.6422581744, 0.049419039052, 0.026528200595, 0.0031585559633],
      [0.00037887642779, 0.037416917798, 0.084464058753, 0.010108185793, 0.046983030254, 0.6216777238, 0.19897120717],
      [0.09715521157, 0.003635645176, 0.29946938041, 0.14352889765, 0.13084235009, 0.013852790851, 0.31151572425]
    ],
    [
      [0, 0.31044399523, 0.001044860038, 0.0056808410894, 0, 0.68283030364, 0],
      [0.58823529412, 0.0054241564101, 0.23895938683, 0.10098230768, 0.010026890638, 0.048406899584, 0.0079650647368],
      [0, 0, 0.082625196757, 0.10488943288, 0.71887720861, 0, 0.093608161754],
      [0, 0.056108299427, 0.0081601940156, 0.017313101014, 0.00063630384334, 0.90867785636, 0.0091042453403],
      [0, 0, 0.16606790056, 0.73841985437, 0.058844662705, 0.035502859892, 0.0011647224732],
      [0, 0.04323225691, 0.050498399325, 0.0093048414456, 0.054911588933, 0.65451018923, 0.18754272416],
      [0, 0.058416781258, 0.2111347682, 0.19084414777, 0.17507450816, 0.022070439904, 0.3424593547]
    ],
    [
      [0.0013884858609, 0.35848428038, 0.0008119219835, 0.0021131431406, 0.0004720023348, 0.63661758394, 0.00011258235574],
      [0.898408867, 0.0024793533021, 0.035800266311, 0.037918951015, 0.0046268806578, 0.017352613859, 0.0034130678535],
      [0.0056631927431, 0.010732147793, 0.10326305084, 0.07124160496, 0.7188845584, 0, 0.090215445266],
      [0.053888717366, 0.061823361744, 0.0024360347681, 0.0063731733351, 0.0028390113498, 0.8625112469, 0.010128454537],
      [0.0049103894524, 0, 0.20721191255, 0.67620158164, 0.067678415448, 0.041639887996, 0.0023578129097],
      [0.0026357371023, 0.0527918077, 0.058465236941, 0.00500405141, 0.057541131834, 0.64075373822, 0.18280829679],
      [0.14143593712, 0.006158394208, 0.2224765275, 0.14791493309, 0.16409980754, 0.017016541743, 0.3008978588]
    ],
    [
      [0, 0.32916941011, 0.0022446832927, 0.0035171907662, 0.00579020893, 0.6580861329, 0.0011923740043],
      [0.86458783105, 0.0021171775256, 0.052855739461, 0.047201170399, 0.0088674098926, 0.018229365746, 0.0061413059211],
      [0, 0, 0.073214082904, 0.073292780232, 0.73683021787, 0, 0.11666291899],
      [0, 0.052186032979, 0.1190078253, 0.0086186231596, 0.015914111519, 0.78729515576, 0.016978251282],
      [0.013100765261, 0.00095807691731, 0.2418825082, 0.65623215373, 0.082225926784, 0, 0.0056005691108],
      [0, 0.04062426856, 0.070001856354, 0.0076164735798, 0.067590845028, 0.57370271206, 0.24046384442],
      [0.095367431872, 0.0036488854047, 0.23669591876, 0.13410388627, 0.1608853484, 0.0093881341354, 0.35991039516]
    ],
    [
      [0, 0.41208222814, 0.00049224368562, 0.00024064719482, 0.0035099841159, 0.58311835859, 0.00055653826746],
      [0.85600215644, 0.0049263789043, 0.051501144304, 0.045970826474, 0.0093201671716, 0.026392168617, 0.0058871580856],
      [0, 0, 0.098245373203, 0.048428657371, 0.75125674866, 0, 0.10206922076],
      [0, 0.077328139502, 0.0014770062132, 0.0007519575007, 0.012109416086, 0.89536888281, 0.012964597886],
      [0, 0.022057259792, 0.22641290568, 0.63997721956, 0.089041895828, 0.017873362461, 0.0046373566833],
      [0, 0.063159361934, 0.057643811686, 0.0026385182365, 0.06315588616, 0.60870538477, 0.20469703721],
      [0.050180249859, 0.049790904823, 0.22704256651, 0.12949257556, 0.17816051607, 0.017978152015, 0.34735503517]
    ],
    [
      [0, 0.33450895692, 0, 0, 0.0018187470857, 0.66367229599, 0],
      [0.91032653839, 0.002889128719, 0.025271508368, 0.029215092436, 0.0075730602481, 0.022283872559, 0.0024407992775],
      [0.019392143363, 0.01440639292, 0.061516078551, 0.026182795665, 0.81667640375, 0.00025527694126, 0.061570908809],
      [0, 0.054289406099, 0, 0, 0.0075449474908, 0.9316939961, 0.0064716503094],
      [0.0024398483226, 0, 0.17226870183, 0.6549393513, 0.10034159632, 0.068460823221, 0.0015496790164],
      [0.0015237261547, 0.051966333675, 0.040308020769, 0.00072814972633, 0.068730011587, 0.70249293074, 0.13425082735],
      [0.16049078948, 0.0076672787455, 0.1829194176, 0.13775271189, 0.22558897933, 0.02631023999, 0.25927058296]
    ],
    [
      [0.0012710478684, 0.33517971521, 0.00057617194094, 0.0021906803364, 0, 0.66078238465, 0],
      [0.90208686455, 0.0024864299437, 0.033124404037, 0.036138677941, 0.0035793032399, 0.019883074253, 0.0027012460361],
      [0.024767720239, 0.012377897974, 0.10094500117, 0.071817200082, 0.71131547392, 0, 0.078776706619],
      [0.0038164210322, 0.056414488392, 0.0016306929223, 0.0062315578572, 0.0065243378632, 0.91774738147, 0.0076351204622],
      [0.0036710005676, 0, 0.19992708535, 0.67999579009, 0.062734118355, 0.05224407766, 0.0014279279778],
      [0.0021050882464, 0.050008197675, 0.055962890257, 0.0043557153235, 0.05475241701, 0.67522806845, 0.15758762304],
      [0.15075735731, 0.0064617052746, 0.2254953224, 0.15459219435, 0.16683764762, 0.022338598257, 0.27351717479]
    ],
    [
      [0.0012941277766, 0.38238902755, 0.0021058955196, 0.0041060225303, 0.0027066209535, 0.60732892774, 6.9377929344e-05],
      [0.89066346287, 0.0018763032287, 0.046006274978, 0.039638029467, 0.006406426172, 0.012547653958, 0.0028618493281],
      [0, 0, 0.11514886518, 0.079518514596, 0.73203030677, 0, 0.073302313447],
      [0.059220550794, 0.066116187682, 0.054612276827, 0.0082487205659, 0.0073304969997, 0.79541558667, 0.009056180458],
      [0.015046603621, 0.012108097925, 0.24906607186, 0.65106117787, 0.070932022681, 0, 0.0017860260443],
      [0.0025131215401, 0.055859535751, 0.079652435603, 0.0072107355713, 0.065600963124, 0.62401227685, 0.16515093156],
      [0.13403886416, 0.0052181805919, 0.27899423881, 0.14913426357, 0.16948532028, 0.01052970472, 0.25259942786]
    ],
    [
      [0, 0.296752537, 0.0026517698, 0.0051761514068, 0.0023693965466, 0.69273339957, 0.00031674567343],
      [0.84792485741, 0.0023613780487, 0.065003215929, 0.049697145925, 0.0069677942204, 0.023747656657, 0.0042979518053],
      [8.2359337505e-05, 0.0048675792274, 0.12105155622, 0.079107074198, 0.71067446413, 0, 0.084216966891],
      [0, 0.04562643176, 0.047515186174, 0.01462018966, 0.0080685113512, 0.87414547543, 0.010024205622],
      [0, 0, 0.26983732798, 0.62973491118, 0.067174600272, 0.030748979774, 0.0025041807972],
      [0, 0.039184814894, 0.081798757877, 0.010285941342, 0.059197706893, 0.63960455965, 0.16992821935],
      [0.097017733117, 0.0043230459491, 0.29989329542, 0.14382759895, 0.16103844503, 0.016211876787, 0.27768800474]
    ],
    [
      [0.00086487835597, 0.2900040435, 0.0010742532491, 0.0025260240265, 0.0013037215082, 0.7041547407, 7.2338658871e-05],
      [0.89097739577, 0.0017251345716, 0.040820459905, 0.039563438657, 0.0055266045616, 0.018194825063, 0.0031921414681],
      [0, 0.0024196806499, 0.11301832822, 0.072799593821, 0.73083263293, 0, 0.080929764382],
      [0.046394107408, 0.052056131385, 0.0036220574654, 0.0085493900632, 0.005631836578, 0.87476152575, 0.0089849513495],
      [0.0031155877423, 0, 0.22219068287, 0.6624106348, 0.069252720035, 0.041036426849, 0.001993947701],
      [0.0022814260056, 0.039244516297, 0.064594503557, 0.0062569300978, 0.059776296367, 0.66134352631, 0.16650280137],
      [0.13415420382, 0.0045389828231, 0.24675533185, 0.14919834506, 0.16960354184, 0.018232069564, 0.27751752504]
    ],
    [
      [0.00094225492397, 0.31177060985, 0.00044990709443, 0.0017461278814, 0, 0.68509110025, 0],
      [0.89750515781, 0.0022332896803, 0.035194183567, 0.038585530116, 0.0029397869408, 0.020564446091, 0.0029776057949],
      [0.025533251183, 0.0092755226761, 0.10522153898, 0.076885272821, 0.69796812773, 0, 0.085116286611],
      [0.0025276211901, 0.051031595816, 0.0011045734415, 0.0043191930439, 0, 0.93257570054, 0.0084413159727],
      [0.003594868523, 0.0049622209233, 0.20122000879, 0.6828270955, 0.058487290596, 0.047328019873, 0.0015804957906],
      [0.0022557847702, 0.044490568342, 0.057107290286, 0.0048837674759, 0.05216793373, 0.67217888069, 0.16691577471],
      [0.14405745673, 0.0055163869707, 0.22743151852, 0.15643689891, 0.15855200771, 0.021588008369, 0.2864177228]
    ],
    [
      [0, 0.35355493711, 0.0023336920601, 0.0033285535328, 0.0065214709097, 0.63342617778, 0.0008351686105],
      [0.8447001213, 0.0030942348232, 0.063852002178, 0.049974226279, 0.010541920925, 0.022492457957, 0.0053450365387],
      [0, 0, 0.088730055273, 0.066203668352, 0.75513232651, 0, 0.089933949869],
      [0, 0.058291948546, 0.071204223913, 0.0092987511756, 0.019815362755, 0.82859906299, 0.012790650623],
      [0, 0, 0.25981097907, 0.62879375616, 0.087456031305, 0.019726070683, 0.0042131627731],
      [0, 0.049030628146, 0.074690610323, 0.0057048451406, 0.068054574437, 0.61270638376, 0.1898129582],
      [0.04047420947, 0.032292899304, 0.29457454187, 0.13646389774, 0.17941049213, 0.011542677514, 0.30524128198]
    ],
    [
      [0.00080865695016, 0.35788583216, 0.00032595157183, 6.7226576014e-06, 0.0041629210304, 0.63671168944, 9.8226186421e-05],
      [0.91018902056, 0.002088613898, 0.031993575326, 0.030685849535, 0.008079018618, 0.014454846042, 0.0025090760186],
      [0, 0.0063929192971, 0.070926804196, 0.045947548685, 0.81211075979, 0, 0.064621968032],
      [0.088295155052, 0.060908520055, 0.065075702139, 5.3546690158e-05, 0.014919515139, 0.76236312071, 0.0083844402163],
      [0.0036133035951, 0, 0.2113776938, 0.64810281843, 0.095713592753, 0.039199445846, 0.0019931455718],
      [0.002275291996, 0.052928167164, 0.060056297816, 0.0026560290915, 0.077128666918, 0.65114780697, 0.15380774004],
      [0.15688041798, 0.0060503349205, 0.22582363381, 0.13875075381, 0.2072713229, 0.016527280241, 0.24869625634]
    ],
    [
      [0, 0.27944572731, 0, 0.0010982833396, 0, 0.71945598935, 0],
      [0.86389576015, 0.0028708679986, 0.06221063344, 0.034614844181, 0.0039734767235, 0.029747570489, 0.0026868470158],
      [0.0097133585128, 0.022736761151, 0.14962817032, 0.049546779326, 0.68013617084, 0.024677428053, 0.063561331801],
      [0, 0.035595211518, 0, 0.0027848917068, 0, 0.9565377174, 0.0050821793711],
      [0, 0, 0.31465239587, 0.55274562682, 0.059419236313, 0.072128239099, 0.0010545019051],
      [0.00032186078115, 0.041537286482, 0.079983936623, 0.0029385938214, 0.047042398062, 0.70956560751, 0.11861031672],
      [0.11806934556, 0.0058888291117, 0.3456099964, 0.12205841355, 0.16044584589, 0.02843765656, 0.21948991294]
    ],
    [
      [0.00034093148953, 0.30966097208, 0, 0, 0.0025776706039, 0.68735789147, 6.2534361063e-05],
      [0.90585088312, 0.0025249198012, 0.028197922723, 0.030721601561, 0.0070459695973, 0.022542969186, 0.0031157340156],
      [0.017741472852, 0.011137582665, 0.069654203781, 0.030984591151, 0.79433047416, 0, 0.07615167539],
      [0.0011504198282, 0.050743186471, 0, 0, 0.0086926271212, 0.93121258573, 0.0082011808491],
      [0.0022067498554, 0.00011733591887, 0.18366790823, 0.65157197941, 0.095017341125, 0.065119714468, 0.0022989709937],
      [0.0013966602717, 0.045062391122, 0.043204767319, 0.00097621342131, 0.065089242707, 0.68649331914, 0.15777740602],
      [0.1474202436, 0.0062566109586, 0.18877108106, 0.13266280654, 0.20656379768, 0.024230088819, 0.29409537135]
    ],
    [
      [0, 0.27399337558, 0, 0, 0, 0.72600662442, 0],
      [0.85284285719, 0.041283542022, 0.029323114042, 0.031518885486, 0.0037649043157, 0.038286487854, 0.0029802090912],
      [0, 0.089821695992, 0.054578899384, 0, 0.74702928901, 0.032901135428, 0.075668980187],
      [0, 0.015025011516, 0, 0, 0, 0.98069434033, 0.0042806481543],
      [0, 0.0027020281173, 0.17714744547, 0.64286904522, 0.083353331874, 0.092470028276, 0.0014581210444],
      [0, 0.045139147411, 0.035004590743, 0, 0.054073444919, 0.72308454567, 0.14269827126],
      [0.13346562491, 0.0075878486541, 0.18632493664, 0.13434005856, 0.20265088782, 0.034683294684, 0.30094734874]
    ],
    [
      [0, 0.20483141479, 0, 0, 0, 0.79516858521, 0],
      [0.91165718128, 0.0015471179821, 0.017080335441, 0.036748144426, 0.0043122260661, 0.024300044943, 0.0043549498654],
      [0.013314952566, 0.020643656682, 0.048653999151, 0.055558065996, 0.70803834558, 0.031303314949, 0.12248766507],
      [0, 0.015362368088, 0, 0, 0, 0.97447027908, 0.010167352834],
      [0.00075827133807, 3.6893602329e-06, 0.1084484163, 0.74539624055, 0.061524840813, 0.081586450515, 0.0022820911234],
      [0.0008132488622, 0.025431214736, 0.024902484887, 0.0023046525256, 0.048201653981, 0.68409105074, 0.21425569427],
      [0.12213400867, 0.0037421086229, 0.11272429203, 0.15368811315, 0.16174451779, 0.030635760021, 0.41533119971]
    ],
    [
      [0, 0.29994289061, 0, 0, 0, 0.70005710939, 0],
      [0.88770961205, 0.0036299341333, 0.026825778155, 0.04207821949, 0.0048989986806, 0.031704011318, 0.0031534461737],
      [0.0054375794593, 0.042060476274, 0.057162541017, 0.041205274847, 0.74675591564, 0.035360475447, 0.072017737313],
      [0, 0.034802458749, 0, 0, 0, 0.96127216909, 0.0039253721615],
      [0, 0.0015222992642, 0.13930102486, 0.7035555117, 0.071555789846, 0.08345329509, 0.00061207923717],
      [0.00012704008763, 0.048668076511, 0.033282194327, 0.0010909717321, 0.053874800052, 0.72374015276, 0.13921676453],
      [0.13265399801, 0.0080666364957, 0.16517253078, 0.16521510039, 0.20349845327, 0.033285512085, 0.29210776897]
    ],
    [
      [0, 0.13718209923, 0, 0, 0.0017793860711, 0.86090144404, 0.00013707066176],
      [0.68223546992, 0.12258801033, 0.067852326271, 0.042597883483, 0.044615102003, 0.035024557432, 0.0050866505603],
      [0, 0.0018584301923, 0.055694096528, 0.02864462297, 0.79455634425, 0.023895132192, 0.095351373869],
      [0, 0, 0, 0, 0.0083529124655, 0.9814952479, 0.010151839634],
      [0, 0, 0.13206785583, 0.69192659551, 0.092391070975, 0.080363411708, 0.0032510659758],
      [0, 0.014973196948, 0.03141255208, 0.0014700371961, 0.058505505866, 0.70829477447, 0.18534393344],
      [0.090352706771, 0.0022756902524, 0.15021300012, 0.14223903816, 0.20232299087, 0.029381972878, 0.38321460094]
    ],
    [
      [0, 0.40963142269, 0, 0, 0, 0.59036857731, 0],
      [0.92093807642, 0.0044471525044, 0.020259218931, 0.027409870113, 0.0030676385722, 0.020667689131, 0.0032103543245],
      [0.0449965829, 0.026711118619, 0.057408881142, 0.029942319587, 0.73390912513, 0.01042247499, 0.096609497629],
      [0, 0.080387464506, 0, 0, 0, 0.91061551511, 0.00899702038],
      [0.0066492032904, 0.0017020360131, 0.15286737877, 0.68674320629, 0.080067344685, 0.069607285701, 0.0023635452434],
      [0.0046879404443, 0.068078192209, 0.033657197995, 0, 0.054428675844, 0.65192000255, 0.18722799096],
      [0.16539065184, 0.010256536385, 0.14709488544, 0.13140611775, 0.177401937, 0.024450754548, 0.34399911703]
    ],
    [
      [0, 0.25962679789, 0, 0, 0, 0.74037320211, 0],
      [0.92479849558, 0.0195904856, 0.011048602817, 0, 0, 0.042143630697, 0.0024187853019],
      [0.01572838119, 0.078013681159, 0.02277311726, 0, 0.71432028699, 0.057734685918, 0.11142984748],
      [0, 0.00098009173698, 0, 0, 0, 0.99828188325, 0.00073802501766],
      [0.0015383609976, 0.0009790460584, 0.10635573929, 0.66940963773, 0.10164745072, 0.11742379878, 0.0026459664235],
      [0.00091142701179, 0.040375370795, 0.016232972993, 0.0014267514916, 0.049548547285, 0.69422763674, 0.19727729368],
      [0.151647565, 0.041809892668, 0.08305810412, 0.060442771701, 0.1825784613, 0.044581109263, 0.43588209595]
    ]
  ],
  "expected_outcome": [
    [
      [0, 0, 0, 0, 0, 0, 0, 0, 0, 0, 0, 0, 0, 0, 0, 0, 0, 0, 0, 0.070132828048, 0, 0, 0.10691341129, 0, 0, 0, 0.059739249815, 0.029764938863, 0, 0.030270742459, 0.031094412491, 0, 0.018599109854, 0, 0.0098870131963, 0, 0, 0, 0, 0, 0],
      [28.6702994883, 19.6305069813, 41.8032084552, 7.1829610187, 11.2705449227, 13.9991568857, 34.6978723351, 13.8567044799, 122.8851012199, 76.1817118027, 16.9426670362, 53.5534888062, 4.5050321646, 40.3365008794, 83.3689985914, 9.2642357589, 8.3908612928, 23.2268159527, 24.3507546856, 1.884307616, 36.5379656996, 15.2117557662, 27.6032895895, 16.4584705055, 21.0161936353, 7.6937060092, 15.7534466148, 8.7949476337, 26.1142232563, 10.1501415226, 10.2884301249, 13.0815326729, 8.2313741397, 48.9030022795, 8.9801681903, 45.7568937216, 1.2289884888, 55.7893776542, 0.41154629769, 113.8775355074, 7.7888039368],
      [0, 0, 0.11410930458, 0.043095374254, 0, 0, 0, 0.17106371016, 0, 0, 0, 0, 0, 0, 0, 0.00035739323417, 0, 0, 0, 0.0011477063129, 0.46983183849, 0.05119814186, 0.062517992729, 0.11223416464, 0.025104427967, 0, 0.027080081224, 0.048435596952, 0.2333557424, 0.037598863719, 0.014846934116, 0.086346606223, 0.007496886152, 0, 0, 0, 0, 0, 0, 0, 0],
      [0, 0.045375765173, 0.84088536557, 0, 0, 0, 0, 0.51786501165, 0, 0, 0, 0, 0, 0, 0, 0.20190783681, 0, 0, 0.098740452671, 0.011510721157, 1.0139567675, 0.27836121338, 0.16271202183, 0.17585953831, 0.012273006936, 0, 0.10296197581, 0.094438518196, 0.4555013238, 0.088410840927, 0.057622220086, 0.12315648071, 0.00015462112483, 0.19219958443, 0, 0, 0, 0, 0, 0, 0],
      [0, 0, 0, 0.30759972595, 0, 0, 0, 0.045739834398, 0, 0, 0, 0, 0, 0, 0, 0, 0.081200314635, 0, 0, 0, 0, 0, 0.03634417978, 0.2895104465, 0.17900918991, 0.041831182972, 0, 0.062252281932, 0.2085068961, 0.045630252787, 0, 0.24129442366, 0.0957471837, 0, 0.074752447512, 0, 0, 0, 0.0053381582133, 0, 0],
      [91.3297005117, 60.3241172536, 91.2417968746, 14.2956151151, 18.7294550773, 23.0008431143, 119.3021276649, 21.4086269639, 233.1148987801, 148.8182881973, 60.0573329638, 97.4465111938, 16.365618688, 78.6634991206, 124.6310014086, 14.533499011, 24.5279383926, 77.7731840473, 63.5505048617, 7.0329011284, 86.9186481774, 33.4586848785, 49.0195539635, 32.9043066448, 29.7390362882, 15.2644628078, 31.0567720784, 13.968565338, 60.9605391622, 24.6454159244, 22.6080063084, 23.4367685779, 14.6443688572, 125.9047981361, 19.9333788525, 121.2431062784, 4.7710115112, 130.2106223458, 2.5827043321, 164.1224644926, 22.2111960632],
      [0, 0, 0, 0.17072876596, 0, 0, 0, 0, 0, 0, 0, 0, 0.12934914744, 0, 0, 0, 0, 0, 0, 0, 0.059597516901, 0, 0.0086688413922, 0.059618700216, 0.028383451641, 0, 0, 0.0015956923749, 0.027873619262, 0.0025318530605, 0, 0.030901238589, 0.0022592022877, 0, 0.0018134964708, 0, 0, 0, 0.00041121198527, 0, 0]
    ],
    [
      [27.8552016034, 15.7675075562, 76.3972822341, 2.6260733079, 1.9392560826, 17.0077329334, 38.2590523347, 6, 30.340526972, 23.8468333237, 12.9480001246, 29.6622462425, 0.97031898878, 23, 19.6290079369, 15.8624316316, 3.6584919838, 11, 42.8300109996, 11.3409610354, 38.2965698335, 10, 54.8029408872, 23.3438714385, 34.2400862577, 30.9511023053, 19.8459110201, 15.1412788688, 39.8524682985, 24.9473670817, 25.1301444187, 18.5834026686, 17.2935913907, 37.1475176866, 20.8345703117, 53.729100003, 0, 24.8558691374, 2.7289418797, 139.9825876164, 15.7215744249],
      [0.093855599581, 0.038251830179, 0.18470056713, 0.0091386441449, 0.0032293639039, 0.086029409014, 2.0768158377, 0.28058464551, 0.12741051435, 0.15786582884, 0.028597784876, 0.12099768495, 0.00087130118406, 1.4651639097, 0.12548590842, 0.081336736218, 0.010809150418, 2.3880791758, 0.14317259538, 0.0020427317555, 0.099129047046, 0.092210658972, 0.15124055143, 0.05716379319, 0.19705515617, 0.098230376447, 0.05470145876, 0.031897154887, 0.11098476829, 0.048303768003, 0.062532111048, 0.06807316611, 0.039683664061, 0.12344732394, 0.058073155428, 2.6008631474, 0, 0.10163815573, 0.49035204131, 0.67596718067, 0.33303825521],
      [0.84925854581, 0.98805490486, 2.4287669572, 0.10690563163, 0.014622226266, 0.73891330096, 1.8496786223, 1.654266001, 0.57472017681, 0.70669213418, 0.16909433957, 0.38162721598, 0.004720498573, 1.1143416191, 0.53148120361, 0.61315999618, 0.063835207683, 0.73002749816, 2.0808983685, 0.29753536751, 2.938276535, 4.0623095761, 2.183816245, 1.4271049655, 2.0600457722, 0.85923128453, 0.72873688882, 0.78210667463, 3.0551511487, 1.1429728773, 0.98543713987, 1.4047440479, 0.6078779312, 2.6750572379, 0.64855222264, 1.8473561846, 0, 0.75112178834, 0.27140930509, 3.0794012775, 0.18782624789],
      [0.93953707148, 0.57631143431, 3.849155309, 0.12419116491, 0.020751064153, 0.59725351559, 1.8564197763, 0.66239504184, 0.83645536792, 1.011638065, 0.41400291215, 0.84244654983, 0.0070556396189, 0.98359195919, 0.8497071512, 0.96318395345, 0.11089842884, 0.78666368297, 2.0320634863, 0.28377463014, 2.227170171, 1.7166992306, 2.3130560119, 1.2744316008, 1.838833059, 0.99331314282, 0.7950509147, 0.67384650094, 2.3357658585, 1.1077762824, 1.0803948432, 1.0994329781, 0.58303114116, 1.4884382998, 0.70659683591, 1.9856897856, 0, 1.1781901457, 0.17039153393, 4.1663002572, 0],
      [0.056934268045, 0.047140611575, 0.11197494342, 0.026553804516, 0.0014503749154, 0.057957191215, 0.11389116587, 0.068212782608, 0.16160759991, 0.17683440584, 0.020162104132, 0.10878081106, 0.0015010127544, 0.18597328919, 0.1198770421, 0, 0.024445267278, 0.15112547482, 0.13004786309, 0, 0.1930399677, 0.17045714084, 0.28223972013, 0.2394200671, 0.37280668687, 0.25748404843, 0.078744671277, 0.10890924492, 0.32748632836, 0.15474492773, 0.082314034341, 0.23192226036, 0.15350135374, 0.17085949911, 0.16205730074, 0.23718897189, 0, 0.13717196306, 0.17846040801, 0.46628106298, 0],
      [1.1078998144, 0.53420850965, 1.8145289558, 0.077491803064, 0.01820350926, 0.45599311273, 1.7028212015, 0.28501916029, 0.85730509894, 1.0058735999, 0.39130872749, 0.76576050261, 0.012144533295, 1.1571073323, 0.65385903203, 0.47988768252, 0.11900623703, 0.84683680929, 1.6028960706, 0.067485111739, 1.0275655918, 0.82291729293, 1.0585094454, 0.49219287515, 1.0556867447, 0.75765166702, 0.43742763356, 0.21331011729, 1.1161398629, 0.50945510177, 0.57580449055, 0.49483407505, 0.27464207479, 1.279145531, 0.51848829127, 2.4120487348, 0, 0.88771231691, 0.14009822973, 3.1414887479, 0.71644172185],
      [0.097313097283, 0.048525153263, 0.21359103334, 0.029645643869, 0.0024873788691, 0.056120537107, 0.14132106165, 0.049522368709, 0.10197427007, 0.09426264258, 0.028834007179, 0.11814099311, 0.0033880257917, 0.093821890496, 0.09058172575, 0, 0.012513724942, 0.097267358979, 0.18091061648, 0.0082011234228, 0.21824885398, 0.13540610053, 0.20819713906, 0.16581525987, 0.23548632342, 0.082987175436, 0.059427412795, 0.048651438577, 0.20200373485, 0.089379961106, 0.083372962257, 0.11759080385, 0.047672444354, 0.11553442168, 0.071661882359, 0.18775317275, 0, 0.088296492864, 0.020346602241, 0.48797385732, 0.041119350133]
    ],
    [
