{
  "X": [
    [51, 605, 484, 49, 47, 58],
    [25, 132, 159, 24, 20, 20],
    [20, 62, 107, 14, 18, 11],
    [30, 453, 411, 70, 46, 39],
    [4, 25, 15, 0, 1, 5],
    [1, 17, 11, 0, 3, 1],
    [0, 24, 12, 0, 1, 1],
    [14, 102, 195, 14, 18, 16],
    [16, 258, 267, 37, 38, 20],
    [5, 154, 180, 19, 18, 11],
    [2, 15, 19, 0, 1, 1],
    [5, 61, 19, 4, 3, 2],
    [6, 25, 45, 1, 4, 5],
    [51, 450, 510, 31, 79, 40],
    [25, 84, 166, 20, 13, 15],
    [13, 55, 75, 10, 8, 6],
    [16, 275, 115, 28, 28, 19],
    [5, 41, 13, 3, 3, 5],
    [13, 209, 45, 11, 10, 15],
    [0, 46, 12, 3, 2, 3],
    [31, 617, 176, 64, 42, 58],
    [46, 418, 289, 43, 45, 33],
    [76, 226, 257, 21, 41, 38],
    [58, 473, 730, 59, 74, 65],
    [44, 262, 353, 26, 35, 36],
    [59, 932, 453, 98, 46, 82],
    [38, 248, 208, 27, 21, 19],
    [27, 333, 195, 22, 23, 26],
    [43, 440, 273, 57, 36, 54],
    [26, 548, 262, 51, 49, 54],
    [7, 411, 51, 24, 20, 31],
    [9, 290, 53, 18, 10, 17],
    [16, 443, 79, 31, 11, 36],
    [23, 225, 197, 28, 18, 23],
    [53, 697, 546, 75, 70, 61],
    [29, 327, 241, 34, 41, 33],
    [20, 262, 139, 43, 17, 28],
    [43, 615, 491, 74, 79, 64],
    [16, 308, 180, 34, 33, 27],
    [31, 436, 363, 60, 50, 41],
    [38, 452, 319, 48, 42, 44],
    [30, 277, 265, 30, 38, 30],
    [27, 343, 201, 35, 31, 29],
    [37, 457, 319, 54, 52, 47],
    [24, 329, 213, 34, 46, 34],
    [50, 502, 305, 46, 61, 48],
    [11, 346, 210, 43, 30, 48],
    [78, 850, 671, 105, 95, 80],
    [10, 174, 82, 17, 8, 10],
    [91, 920, 618, 75, 68, 94],
    [40, 133, 132, 8, 13, 19]
  ],
  "W": [
    [40, 34, 59, 436, 676, 49],
    [12, 19, 26, 156, 150, 17],
    [9, 15, 12, 96, 88, 12],
    [33, 35, 54, 382, 508, 37],
    [0, 8, 0, 13, 27, 2],
    [0, 3, 3, 9, 18, 0],
    [0, 1, 1, 10, 26, 0],
    [3, 9, 17, 195, 124, 11],
    [22, 19, 22, 262, 296, 15],
    [8, 9, 20, 153, 183, 14],
    [2, 1, 1, 17, 16, 1],
    [4, 4, 6, 19, 60, 1],
    [3, 1, 4, 40, 35, 3],
    [27, 54, 106, 426, 492, 56],
    [12, 14, 20, 138, 126, 13],
    [10, 7, 8, 60, 76, 6],
    [22, 23, 33, 105, 277, 21],
    [3, 4, 4, 11, 45, 3],
    [10, 10, 16, 38, 220, 9],
    [1, 3, 2, 8, 46, 6],
    [47, 35, 46, 160, 669, 31],
    [27, 39, 61, 248, 464, 35],
    [14, 41, 43, 227, 312, 22],
    [38, 43, 76, 651, 597, 54],
    [15, 25, 35, 331, 324, 26],
    [59, 68, 64, 406, 1023, 50],
    [12, 26, 18, 182, 298, 25],
    [21, 28, 26, 153, 383, 15],
    [43, 32, 35, 243, 518, 32],
    [32, 31, 51, 224, 604, 48],
    [15, 11, 32, 41, 435, 10],
    [12, 8, 15, 38, 314, 10],
    [17, 16, 19, 61, 478, 25],
    [16, 15, 24, 170, 263, 26],
    [51, 33, 73, 470, 810, 65],
    [20, 23, 52, 194, 393, 23],
    [14, 23, 10, 138, 304, 20],
    [47, 38, 76, 436, 725, 44],
    [13, 18, 29, 172, 343, 23],
    [25, 30, 56, 322, 515, 33],
    [36, 25, 50, 276, 522, 34],
    [25, 28, 34, 228, 319, 36],
    [25, 18, 20, 182, 395, 26],
    [35, 26, 52, 287, 524, 42],
    [20, 21, 42, 188, 380, 29],
    [31, 43, 67, 271, 569, 31],
    [26, 11, 27, 207, 385, 32],
    [63, 49, 114, 625, 989, 39],
    [8, 11, 13, 72, 189, 8],
    [65, 131, 90, 498, 981, 101],
    [1, 24, 13, 129, 167, 11]
  ],
  "method": "mvn_pdf",
  "cond_prob": [
    [
      [0.0020285982577, 0.39184411416, 0.16405810248, 0.3491365547, 0.034294782621, 0.058637847784],
      [0.41129139944, 0.37995551661, 0.1500358134, 0.0053838185596, 0.0045558333563, 0.048777618633],
      [0.03079469051, 0.20234118111, 0.32493884548, 0.0043022721382, 0.42727452517, 0.010348485599],
      [0.024142785295, 0.00085897323018, 0.91774836248, 0.021386353588, 0.029959281269, 0.005904244134],
      [0.035726588492, 0.8165913781, 0.043774001148, 0.035277707893, 0.0079482007624, 0.060682123605],
      [0.0089925212125, 0.24651702572, 0.47827664374, 0.0290912903, 0.037324143414, 0.19979837561]
    ],
    [
      [0.0021491220424, 0.28619877699, 0.10773871182, 0.51424929034, 0.027700522505, 0.061963576299],
      [0.53310301975, 0.29518787423, 0.1048287187, 0.0080925368269, 0.0040267320715, 0.054761118418],
      [0.047289015032, 0.19247126523, 0.27977587341, 0.0079721374788, 0.45839318811, 0.014098520733],
      [0.037601282204, 0.0027462328027, 0.87182135323, 0.04391117653, 0.035940438345, 0.0079795168907],
      [0.050175796504, 0.7577125159, 0.037784195114, 0.06478739809, 0.009443057658, 0.080097036734],
      [0.013151133531, 0.22750014514, 0.39820333669, 0.052924793501, 0.038217405827, 0.27000318531]
    ],
    [
      [0.0026005804843, 0.18522430598, 0.20550338727, 0.47022385404, 0.088204528856, 0.048243343363],
      [0.63278040079, 0.15494005527, 0.16173542082, 0.006368472588, 0.0093000218656, 0.034875628658],
      [0.028735462043, 0.054727297579, 0.23458206129, 0.0035149315116, 0.67314300669, 0.005297240886],
      [0.022270215878, 0.0052224522146, 0.88665524291, 0.023850740178, 0.054376124604, 0.0076252242192],
      [0.089075863486, 0.63070413774, 0.088342968342, 0.078404964107, 0.030128929366, 0.083343136954],
      [0.013620542353, 0.112402776, 0.58469741113, 0.036747595676, 0.093124090491, 0.15940758435]
    ],
    [
      [0.00092764111683, 0.29150326483, 0.12197945495, 0.51717558501, 0.029368101433, 0.039045952659],
      [0.32845542502, 0.43290485596, 0.17079840292, 0.012069994263, 0.0060180530753, 0.049753268762],
      [0.020184545129, 0.19118933633, 0.30677874776, 0.0079058159062, 0.46519915102, 0.0087424038632],
      [0.015071008679, 0.0027559465364, 0.90189045363, 0.040734984741, 0.034411925225, 0.0051356811908],
      [0.022442845513, 0.80279925352, 0.044097736871, 0.067741456083, 0.009802515031, 0.05311619298],
      [0.0060916674134, 0.24404610201, 0.47315886188, 0.057038323659, 0.042552258607, 0.17711278643]
    ],
    [
      [0.0018160014074, 0.45949535491, 0.17420833745, 0.16334912995, 0.03353660612, 0.16759457016],
      [0.35379408504, 0.38774677577, 0.13725543736, 0, 0.0071972541959, 0.11400644764],
      [0.020575751288, 0.16923264637, 0.26993315117, 0.0014570132734, 0.51807048876, 0.020730949135],
      [0.022528959097, 0.0061775011769, 0.93671692817, 0, 0.031245752906, 0.0033308586527],
      [0.031464981943, 0.79392814968, 0.037723283239, 0, 0.017985454946, 0.11889813019],
      [0.013608169486, 0.19082911855, 0.35305389376, 0, 0.025309947551, 0.41719887065]
    ],
    [
      [0.00099290054261, 0.46581064599, 0.25484321238, 0.14561308036, 0.094997953994, 0.037742206734],
      [0.23643394201, 0.47191580374, 0.2436269744, 0, 0.013183136589, 0.034840143261],
      [0.0050637587752, 0.077606518075, 0.20211004115, 0, 0.71101079594, 0.0042088860547],
      [0, 0, 0.94360038179, 0, 0.048774982797, 0.0076246354096],
      [0.015305938758, 0.85285739081, 0.065021417622, 0, 0.021580186513, 0.045235066298],
      [0.0032675402287, 0.20475666567, 0.61206306556, 0.0084580288574, 0.079772821506, 0.091681878175]
    ],
    [
      [0.00061473859363, 0.51460750219, 0.25147301722, 0.16618852866, 0.031312660811, 0.035803552525],
      [0, 0.69618065503, 0.26540436148, 0, 0.0048827030857, 0.033532280409],
      [0, 0.18176238464, 0.38802549117, 0, 0.42583261737, 0.0043795068221],
      [0, 0, 0.97696059165, 0, 0.019161527796, 0.0038778805515],
      [0, 0.88930988309, 0.060652470417, 0, 0.014525746215, 0.035511900279],
      [0.0020827676354, 0.234561328, 0.63673599676, 0.0099068033151, 0.02712888462, 0.089584219666]
    ],
    [
      [0.0018581025522, 0.29883399057, 0.15931760829, 0.42671197383, 0.040505147356, 0.072773177398],
      [0.43288213611, 0.32367844184, 0.162515597, 0.0073162700924, 0.0060710919145, 0.067536463046],
      [0.027442229176, 0.14809113018, 0.30657802386, 0.0052246518359, 0.50050366263, 0.012160302308],
      [0.023164233425, 0, 0.90568205774, 0.028350478353, 0.037223108534, 0.0055801219434],
      [0.040506560654, 0.75480118274, 0.048950792695, 0.053627502948, 0.012631805152, 0.089482155814],
      [0.0083754120328, 0.18886328901, 0.46997098565, 0.035185902001, 0.044584769371, 0.25301964194]
    ],
    [
      [0.00090157076968, 0.30077374413, 0.14314752347, 0.4511308141, 0.065812751891, 0.03823359565],
      [0.31882128296, 0.42286053098, 0.18955521751, 0.010136699326, 0.012508137199, 0.046118132025],
      [0.012357772849, 0.11860075558, 0.21730406928, 0.0043593359733, 0.64224161023, 0.0051364560911],
      [0.012041690114, 0.002249379104, 0.88887170523, 0.0318167433, 0.060960002666, 0.0040604795859],
      [0.021666772363, 0.8000671551, 0.05142596868, 0.060107108239, 0.016710763993, 0.050022231625],
      [0.0054935089741, 0.22201304556, 0.49080282182, 0.043928575201, 0.084482839069, 0.15327920937]
    ],
    [
      [0.0004916514506, 0.2647956042, 0.22287074165, 0.43643151524, 0.042782170914, 0.032628316547],
      [0.25208514327, 0.38411305273, 0.3046049708, 0.010004793187, 0.0085761337895, 0.040615906225],
      [0.010076263898, 0.11908339569, 0.38641073172, 0.0047839978898, 0.47473503355, 0.0049105772416],
      [0.0010716080374, 0.0058699224531, 0.94090663225, 0.020954593369, 0.029428708902, 0.0017685349923],
      [0.012675348584, 0.78064065244, 0.080788094197, 0.063520324197, 0.016065308901, 0.046310271681],
      [0.0030164571748, 0.16340087473, 0.64317419453, 0.035182333428, 0.045950911901, 0.10927522824]
    ],
    [
      [0.15907716494, 0.48764575563, 0.27997578325, 0, 0.032326819931, 0.040974476248],
      [0.55687281275, 0.27093494206, 0.15009708456, 0, 0.0027661108472, 0.019329049776],
      [0.034583225247, 0.16311596383, 0.42487056096, 0, 0.37232526474, 0.0051049852251],
      [0.008991500276, 0, 0.96069607044, 0, 0.02088508096, 0.0094273483248],
      [0.057423902258, 0.83639336819, 0.05524298386, 0, 0.011191044707, 0.039748700984],
      [0.018751691291, 0.20836369179, 0.64935984875, 0, 0.026151892925, 0.097372875244]
    ],
    [
      [0.0023936115256, 0.52593809383, 0.075479115879, 0.34486904684, 0.017441864425, 0.033878267496],
      [0.43254388375, 0.47104266999, 0.063509656574, 0.0047857814112, 0.0022076470204, 0.025910361253],
      [0.04519797559, 0.37831176109, 0.22005217919, 0.0059627057636, 0.34251706286, 0.0079583155032],
      [0.047296704371, 0.0041872174979, 0.87481350835, 0.03891469035, 0.030136562461, 0.0046513169735],
      [0.034630087684, 0.90356818279, 0.003159073266, 0.02982156558, 0.0044575695361, 0.024363521143],
      [0.012619521261, 0.4485582783, 0.31273078047, 0.036931400947, 0.02625071813, 0.16290930089]
    ],
    [
      [0.0056741123545, 0.27964740092, 0.34454225048, 0.21599807857, 0.059671333452, 0.094466824221],
      [0.74956579863, 0.099692906567, 0.11799458515, 0.00094715979934, 0.0030480411479, 0.028751508708],
      [0.060467619795, 0.078198060347, 0.38640620155, 0.0004143852856, 0.46537711752, 0.0091366155017],
      [0.013804185354, 0.020908663427, 0.92819913602, 0, 0.029021313698, 0.0080667015005],
      [0.12527255236, 0.64566559901, 0.094008170719, 0.0091548978246, 0.019320722919, 0.10657805717],
      [0.0182782128, 0.10464338233, 0.6281674804, 0.0096598798295, 0.039783879443, 0.1994671652]
    ],
    [
      [0.0020116929147, 0.36183814312, 0.22066010411, 0.31422610656, 0.052348418258, 0.048915535038],
      [0.40373473756, 0.34587441777, 0.19889082526, 0.0044690339732, 0.0069428478013, 0.040088137626],
      [0.023319101584, 0.14214196626, 0.3317017611, 0.0023035096707, 0.49403791326, 0.0064957481321],
      [0.018168518888, 0.0022086916411, 0.9288212575, 0.012198476733, 0.035228262579, 0.00337479266],
      [0.037576995145, 0.80133330251, 0.062124190693, 0.03161252535, 0.014247740142, 0.053105246158],
      [0.0079377328091, 0.2015931371, 0.56962015059, 0.022865744698, 0.050473787711, 0.14750944709]
    ],
    [
      [0.0026265467495, 0.16460465491, 0.26344551844, 0.4881658093, 0.033398673106, 0.047758797495],
      [0.63856727496, 0.12786318717, 0.19213814987, 0.0059562909238, 0.0036074444302, 0.031867652641],
      [0.049991712141, 0.077949626108, 0.47457382551, 0.0054965432316, 0.38390359389, 0.0080846991141],
      [0.015165604207, 0.014314692948, 0.9251842008, 0.019446647443, 0.018994599398, 0.0068942552098],
      [0.1012700721, 0.59927798326, 0.11180883355, 0.085792419241, 0.014532026273, 0.08731866557],
      [0.013524837008, 0.091631806249, 0.68414695637, 0.035016090715, 0.032180753505, 0.14349955616]
    ],
    [
      [0.0022761953556, 0.20853057777, 0.29879928781, 0.40009212584, 0.05330278423, 0.036999029],
      [0.64126520561, 0.13946734229, 0.18841391155, 0.0044666112714, 0.0051293688642, 0.021257560409],
      [0.041009235644, 0.07233680674, 0.40353606923, 0.0036420967599, 0.47478110501, 0.0046946866231],
      [0.015494677674, 0.012069593152, 0.92331225468, 0.016154678684, 0.027817244647, 0.0051515511589],
      [0.094069699837, 0.65807498312, 0.10260005296, 0.063352230471, 0.022173571717, 0.059729461904],
      [0.013554978996, 0.10364234441, 0.71141364693, 0.025770908626, 0.046431934389, 0.099186186651]
    ],
    [
      [0.0010480866958, 0.4066095939, 0.091151670443, 0.42257911748, 0.036678196574, 0.041933334907],
      [0.31949097955, 0.51193594329, 0.1082939078, 0.008549485491, 0.0064341047865, 0.045295579088],
      [0.020390074106, 0.23665496771, 0.20460058503, 0.0060837596995, 0.52398526432, 0.0082853491359],
      [0.023109015581, 0.0031517817077, 0.86713438563, 0.045072867333, 0.054902478723, 0.0066294710304],
      [0.019431314202, 0.86264215502, 0.018696214689, 0.045449438059, 0.010343925095, 0.043436952932],
      [0.0069931641783, 0.34226829921, 0.35829152882, 0.046843417469, 0.053502572639, 0.19210101768]
    ],
    [
      [0.0029905842759, 0.43327389899, 0.10473121855, 0.35112789333, 0.029868198105, 0.078008206744],
      [0.53126571202, 0.33373595161, 0.075579666769, 0.0042671732752, 0.0034773744161, 0.051674121912],
      [0.045376533011, 0.23114351896, 0.22804802645, 0.0045508407101, 0.47630063414, 0.014580446738],
      [0.043553723029, 0, 0.88010735521, 0.027987907159, 0.037343415496, 0.011007599103],
      [0.048110983632, 0.81281497181, 0.017273851016, 0.033704918792, 0.010558842923, 0.077536431829],
      [0.013458016772, 0.28799556312, 0.33759712281, 0.02891864656, 0.035119289824, 0.29691136091]
    ],
    [
      [0.0020325245116, 0.48442125544, 0.096347609472, 0.33368159978, 0.026764136306, 0.056752874495],
      [0.40201509257, 0.45782558054, 0.085774864346, 0.0048933054116, 0.0034865899511, 0.046004567179],
      [0.036277125101, 0.29978662246, 0.23145456607, 0.0048227025223, 0.4155954187, 0.012063565138],
      [0.037326955564, 0.0024060376051, 0.88070914711, 0.032815400006, 0.037889984761, 0.0088524749494],
      [0.031214047689, 0.87027379178, 0.013624988415, 0.02727032652, 0.0059007230869, 0.051716122513],
      [0.010397224947, 0.35880911791, 0.33456190699, 0.032292297017, 0.034443059794, 0.22949639334]
    ],
    [
      [0, 0.43475111436, 0.102869916, 0.40135908259, 0.02504910075, 0.035970786298],
      [0, 0.79656897205, 0.14350868895, 0.0089229466076, 0.005367279465, 0.045632112935],
      [0, 0.26427177707, 0.24709833594, 0.0055435611968, 0.47566571361, 0.0074206121869],
      [0, 0.0063607917077, 0.9217359384, 0.033219743845, 0.03334252953, 0.0053409965147],
      [0, 0.88015016416, 0.0249468513, 0.044704064072, 0.011310992622, 0.038887927845],
      [0, 0.35153408838, 0.40849411304, 0.039773342857, 0.036745289468, 0.16345316626]
    ],
    [
      [0.0010892826352, 0.3784377116, 0.085468718899, 0.44288228736, 0.033999891774, 0.058122107727],
      [0.33239182617, 0.48496350639, 0.10357740033, 0.0091335659436, 0.0060262770965, 0.063907424073],
      [0.022632518269, 0.23671630463, 0.20575184346, 0.0067894899511, 0.51568856283, 0.012421280858],
      [0.025520429349, 0.0027279124523, 0.8578256476, 0.05022935996, 0.053626787875, 0.010069862763],
      [0.020884531999, 0.83898293486, 0.017199033905, 0.049358861792, 0.0095547978791, 0.064019839568],
      [0.0070636566644, 0.31079694859, 0.32693287428, 0.048218226321, 0.048289214743, 0.25869907941]
    ],
    [
      [0.0021178265839, 0.35124148627, 0.14875295832, 0.41697641863, 0.036936305041, 0.043975005153],
      [0.45337155692, 0.3548462184, 0.14172885703, 0.0068027758535, 0.0051553561684, 0.038095235626],
      [0.032988673587, 0.18432876859, 0.29996522173, 0.0054248498593, 0.46949374666, 0.0077987395764],
      [0.027306437808, 0.00041710422473, 0.90355644461, 0.028990274944, 0.035473718864, 0.0042560195515],
      [0.041174875272, 0.80741293632, 0.043083185139, 0.048683160442, 0.010306548591, 0.049339294232],
      [0.010625147751, 0.24829651906, 0.48816485738, 0.039052513315, 0.045223471496, 0.16863749099]
    ],
    [
      [0.0061302831177, 0.27857962082, 0.23136397785, 0.33673115953, 0.066392199481, 0.080802759196],
      [0.75244164111, 0.1193338276, 0.092513617684, 0.002365882806, 0.0042021294622, 0.029142901341],
      [0.074964223319, 0.094432630323, 0.29118810439, 0.0028028846168, 0.52731085986, 0.0093012974938],
      [0.030379500793, 0.022219269936, 0.88356941757, 0.015048606156, 0.041714244652, 0.0070689608889],
      [0.11014443705, 0.65711212474, 0.080454604886, 0.038985355635, 0.020806980464, 0.092496497227],
      [0.026336186818, 0.14017445809, 0.53521195375, 0.022216998976, 0.057406522033, 0.21865388033]
    ],
    [
      [0.0019415470245, 0.26420041545, 0.23719548429, 0.38553826755, 0.051653696789, 0.05947058889],
      [0.42712757137, 0.27409666556, 0.23204622191, 0.006400801902, 0.0074032728319, 0.052925466429],
      [0.023082004121, 0.10572744879, 0.36295399552, 0.0037096879581, 0.49645348618, 0.008073377432],
      [0.016224362046, 0.0033315750985, 0.92739339283, 0.016719974762, 0.032433090604, 0.0038976046643],
      [0.044954382209, 0.72564628307, 0.079447853795, 0.052609225251, 0.017171703945, 0.080170551734],
      [0.007512545562, 0.14368990938, 0.59741875834, 0.02777711151, 0.048572307447, 0.17502936776]
    ],
    [
      [0.0030544329422, 0.31563552403, 0.2013430061, 0.36237957023, 0.047589126851, 0.069998339847],
      [0.54267530645, 0.24979175347, 0.15026793406, 0.0045562553047, 0.0052238023517, 0.047484948361],
      [0.039857038728, 0.13304960477, 0.32608307391, 0.0036762390807, 0.48732486831, 0.010009175196],
      [0.027548989606, 0.0030813583902, 0.91155246054, 0.018097108353, 0.034530119087, 0.0051899640274],
      [0.060332615246, 0.74303034411, 0.060055178322, 0.04208045476, 0.013788470869, 0.080712936692],
      [0.012531599612, 0.17700676987, 0.52417333677, 0.026827749579, 0.046240910321, 0.21321963385]
    ],
    [
      [0.0012431264559, 0.36499653872, 0.11299020262, 0.44457532916, 0.023935198828, 0.052259604216],
      [0.34511033417, 0.4537396969, 0.13248999683, 0.008904039986, 0.0040125160336, 0.055743416073],
      [0.027011226928, 0.25286308466, 0.29997455779, 0.0075486819206, 0.40024821711, 0.012354231589],
      [0.021804322911, 0.0018893150462, 0.89904516021, 0.040362184178, 0.029580969927, 0.0073180477291],
      [0.023964603091, 0.8293373976, 0.031951645508, 0.050819811168, 0.0049573984074, 0.05896914423],
      [0.0072418045509, 0.28496895518, 0.40854036325, 0.046115032341, 0.032355878452, 0.22077796622]
    ],
    [
      [0.0027872519297, 0.30600563752, 0.18182383586, 0.42785623073, 0.043202038013, 0.038325005954],
      [0.54953761296, 0.26353593617, 0.14755228635, 0.0059565419236, 0.0051864906994, 0.028231131896],
      [0.040339985266, 0.14043034231, 0.32134553534, 0.004826321646, 0.48712784706, 0.0059299683725],
      [0.028611113345, 0.0025776372461, 0.90724891278, 0.02456744852, 0.034401649686, 0.002593238418],
      [0.058406597254, 0.76986806882, 0.057334877246, 0.054431075589, 0.013683974201, 0.046275406892],
      [0.013602667786, 0.20233749446, 0.55969757369, 0.037289807815, 0.049580039351, 0.1374924169]
    ],
    [
      [0.001828907596, 0.36160518581, 0.22288581674, 0.31948556054, 0.044906400634, 0.049288128673],
      [0.38040041175, 0.35839609346, 0.20825398731, 0.0048779456169, 0.0061599539061, 0.041911607957],
      [0.022413780044, 0.15094100927, 0.35817045504, 0.003072547162, 0.45837306689, 0.0070291415968],
      [0.016183229394, 0.0013000728851, 0.9350140474, 0.01401538404, 0.029808899901, 0.0036783663795],
      [0.034319625233, 0.80478983554, 0.061268119453, 0.032843341201, 0.012421032708, 0.054358045868],
      [0.0071448379338, 0.20088773854, 0.57686769133, 0.023398739136, 0.043251328395, 0.14844966467]
    ],
    [
      [0.0019552172405, 0.31799571803, 0.13582911156, 0.44228807967, 0.037626085899, 0.064305787599],
      [0.44337426181, 0.34464798111, 0.13883383306, 0.0077041909196, 0.0056350996632, 0.059804633442],
      [0.031081312199, 0.17251638667, 0.28307671067, 0.0058789309004, 0.49563350071, 0.011813158849],
      [0.027048551497, 0.00066104942708, 0.89343240851, 0.033060422283, 0.039174449822, 0.0066231184564],
      [0.040079931036, 0.77607624493, 0.041798646145, 0.054419106014, 0.011357793783, 0.076268278097],
      [0.0095594082308, 0.22160141605, 0.43916270936, 0.040829261033, 0.045370440816, 0.24347676451]
    ],
    [
      [0.00099790664223, 0.3684666269, 0.12420270416, 0.40791527527, 0.042450784732, 0.055966702299],
      [0.31148177789, 0.46460003552, 0.14771175242, 0.0082876809316, 0.0073782903039, 0.06054046293],
      [0.017644382646, 0.19018008949, 0.24596128036, 0.0051943470483, 0.5311311564, 0.0098887440552],
      [0.016645429873, 0.001559921232, 0.89302175852, 0.033470686885, 0.048192985984, 0.0071092175067],
      [0.018887024782, 0.82610954968, 0.034568470076, 0.046440030982, 0.011557344416, 0.062437580062],
      [0.0057485228707, 0.26641024813, 0.41637904187, 0.039118100154, 0.053110292185, 0.21923379479]
    ],
    [
      [0.00063282694518, 0.45593683193, 0.078964876997, 0.37695059262, 0.026877661346, 0.060637210167],
      [0.25042293522, 0.57692544918, 0.094500800503, 0.007626396403, 0.0046973812856, 0.065827037407],
      [0.018107709481, 0.30892890686, 0.20596515839, 0.0062206649548, 0.4466667667, 0.014110793617],
      [0.020692087718, 0.0030194520251, 0.8724332941, 0.046207173408, 0.046270227968, 0.011377764781],
      [0.0063385810738, 0.88316718273, 0.0080040501097, 0.036259161906, 0.0068604613165, 0.059370562864],
      [0.005075024144, 0.36275205402, 0.29336061152, 0.039555993273, 0.037044733193, 0.26221158385]
    ],
    [
      [0.0010952240571, 0.43741141702, 0.11336613443, 0.37586757372, 0.026588931623, 0.045670719157],
      [0.30509705436, 0.51238724699, 0.1253266108, 0.0070076693367, 0.0042748633487, 0.04590655516],
      [0.022484871973, 0.27343579545, 0.27413168751, 0.0057048562156, 0.41454575959, 0.0096970292626],
      [0.019855098973, 0.0017822801131, 0.90627294415, 0.033096851256, 0.032985108565, 0.0060077169381],
      [0.017164874539, 0.869966941, 0.025703430497, 0.037312474378, 0.0058133538864, 0.044038925697],
      [0.0064543430543, 0.33130819692, 0.40157691339, 0.037415761495, 0.034972027415, 0.18827275773]
    ],
    [
      [0.0011349505691, 0.42548670054, 0.090961698452, 0.40679867469, 0.019858761416, 0.05575921433],
      [0.31593425695, 0.51208474042, 0.10332954768, 0.0078554743401, 0.0032230458628, 0.05757293475],
      [0.027482212248, 0.31980867091, 0.2636019546, 0.0074732551003, 0.3673176533, 0.014316253832],
      [0.024980979894, 0.0023589683875, 0.88867160426, 0.044487616892, 0.030151587159, 0.0093492434103],
      [0.018216886726, 0.86366020233, 0.016953957587, 0.041897742307, 0.0023096667781, 0.056961544269],
      [0.0068833627144, 0.3409412684, 0.33915926559, 0.043035105626, 0.02754117491, 0.24243982277]
    ],
    [
      [0.0020073540194, 0.31078356306, 0.16473118188, 0.44454987942, 0.029968210416, 0.047959811209],
      [0.4490254145, 0.33028147419, 0.1650836292, 0.0075473376593, 0.0043473828263, 0.043714761627],
      [0.033217886495, 0.17575137647, 0.35954335573, 0.0061625333713, 0.41600723336, 0.0093176145819],
      [0.023241271863, 0, 0.91771270702, 0.028125284328, 0.025806448555, 0.0051142882334],
      [0.042713972367, 0.78074641092, 0.051755699574, 0.056291892848, 0.0082145658351, 0.060277458457],
      [0.0096338805024, 0.21226545274, 0.52446526666, 0.040000958028, 0.035522970054, 0.17811147202]
    ],
    [
      [0.0017212180361, 0.3276431777, 0.17587458641, 0.40435078683, 0.044520759473, 0.045889471552],
      [0.39878437689, 0.36107291288, 0.18280825404, 0.0071839790021, 0.0067621296999, 0.043388347498],
      [0.023664352772, 0.15233562712, 0.31349538106, 0.0046297716908, 0.49861993995, 0.0072549274082],
      [0.01908532155, 0.00047136945393, 0.91555708621, 0.024156137693, 0.036741905119, 0.0039881799704],
      [0.035232571453, 0.79401273978, 0.053416017664, 0.049595285426, 0.013055289035, 0.054688096643],
      [0.007943872073, 0.21357581798, 0.53128855483, 0.035038451087, 0.050208551478, 0.16194475255]
    ],
    [
      [0.0017546334963, 0.30078468937, 0.19492935502, 0.40436785353, 0.0469359768, 0.051227491775],
      [0.40471821939, 0.33063907127, 0.20206360381, 0.0071379055167, 0.0071259822592, 0.048315217749],
      [0.022713747091, 0.13235825435, 0.33007232345, 0.0044096598214, 0.50266486339, 0.0077811518991],
      [0.01757700439, 0.0002217723998, 0.92075293925, 0.021797305969, 0.035149988302, 0.0045009896849],
      [0.037891578661, 0.76899961172, 0.060785206521, 0.052257808697, 0.014741649151, 0.06532414525],
      [0.0075627900018, 0.18422204764, 0.55545794844, 0.032746635474, 0.049836701256, 0.17017387719]
    ],
    [
      [0.0010050531397, 0.25388769064, 0.073438601171, 0.60264805944, 0.027113003335, 0.041907592276],
      [0.36279647829, 0.43525466294, 0.11873689352, 0.015082516156, 0.0064679912861, 0.06166145781],
      [0.023272771156, 0.20002748027, 0.2230195274, 0.010903104612, 0.53149260794, 0.011284508629],
      [0.024110265208, 0.0054239526805, 0.84300514518, 0.069203576397, 0.049317167853, 0.0089398926801],
      [0.02609730941, 0.79067725639, 0.031352118726, 0.075420568748, 0.011072211443, 0.065380535287],
      [0.0074041942195, 0.26600244348, 0.35724808155, 0.081452590397, 0.049250331592, 0.23864235876]
    ],
    [
      [0.0013138162616, 0.30587851831, 0.16256418687, 0.42535131781, 0.052371750313, 0.052520410445],
      [0.35829762659, 0.37871814158, 0.18981346282, 0.0084850704008, 0.0089022380994, 0.055783460503],
      [0.017895235444, 0.13516979364, 0.27545735403, 0.004632223493, 0.5589077541, 0.0079376392898],
      [0.015732501986, 0.00069125959035, 0.90546442985, 0.027153576198, 0.045753345283, 0.0052048870883],
      [0.028717662098, 0.78163754841, 0.052879457272, 0.054949500749, 0.015333858665, 0.066481972809],
      [0.006436978272, 0.20388418561, 0.50208442692, 0.037651344022, 0.060403347737, 0.18953971744]
    ],
    [
      [0.00097529887552, 0.34038959707, 0.10445048479, 0.46365639282, 0.044317478248, 0.046210748187],
      [0.31603114706, 0.47324320112, 0.13691738916, 0.010240448056, 0.0084429107742, 0.055124903829],
      [0.016604815436, 0.17994910901, 0.21259210539, 0.0059176407468, 0.57653957442, 0.0083967550022],
      [0.017627371022, 0.0020546376263, 0.87222258431, 0.043155980618, 0.057903134708, 0.0070362917165],
      [0.019376096328, 0.82530138917, 0.031643190039, 0.055528981292, 0.012090470327, 0.056059872839],
      [0.0060570418975, 0.27853301295, 0.39724178052, 0.049880782486, 0.062864445165, 0.20542293698]
    ],
    [
      [0.0011556768435, 0.27747042496, 0.14709080173, 0.49340422963, 0.038237579615, 0.042641287217],
      [0.35321548302, 0.38522964786, 0.19258129478, 0.010850710843, 0.007328950398, 0.050793913099],
      [0.019414581049, 0.1517024221, 0.30864254798, 0.0063550434418, 0.505889851, 0.0079955544249],
      [0.015177692361, 0.0014313458825, 0.907849861, 0.033202593125, 0.037481329806, 0.0048571778236],
      [0.027554119031, 0.77993929879, 0.052446191105, 0.067336719278, 0.013171714484, 0.059551957312],
      [0.0063587517622, 0.20852672883, 0.51284438681, 0.048904396567, 0.049755732883, 0.17361000315]
    ],
    [
      [0.0019055364995, 0.34066561074, 0.16270598799, 0.40220308477, 0.03894529149, 0.053574488513],
      [0.4186759956, 0.35883298608, 0.16162313022, 0.0068164988019, 0.0056547357086, 0.048396653582],
      [0.027980875959, 0.17087134531, 0.31363451911, 0.0049699141655, 0.47334541861, 0.0091979268442],
      [0.022431486939, 0, 0.91192836012, 0.025752151289, 0.034520325193, 0.0053676764565],
      [0.037501226994, 0.79426018453, 0.047583816703, 0.04751217248, 0.011022564725, 0.062120034564],
      [0.0087860621096, 0.22405381676, 0.4967441326, 0.035083322934, 0.044351224797, 0.1909814408]
    ],
    [
      [0.0019491057227, 0.32164840536, 0.1900837937, 0.37620538365, 0.058251140068, 0.0518621715],
      [0.42063079961, 0.33314318904, 0.18562633941, 0.006240747225, 0.0082709244571, 0.046088000248],
      [0.022192892625, 0.12551892356, 0.28554626795, 0.0035922155585, 0.55617754277, 0.0069721575394],
      [0.019785550434, 3.186503148e-05, 0.91123002312, 0.020416988312, 0.043764452844, 0.0047711202585],
      [0.039530124296, 0.77851067915, 0.057401063048, 0.045637023944, 0.016371392079, 0.062549717482],
      [0.0082732352572, 0.19474903598, 0.53528917112, 0.030130699556, 0.061148051042, 0.17040980704]
    ],
    [
      [0.0018655673847, 0.34864143594, 0.14335838542, 0.40145438419, 0.057529503825, 0.047150723239],
      [0.41849125406, 0.37646163648, 0.14593194953, 0.0069660503197, 0.00848517386, 0.043663935746],
      [0.022568202342, 0.14529585146, 0.22997201656, 0.0041170725074, 0.59133942138, 0.0067074357399],
      [0.024138670244, 0.00015115419877, 0.88693077024, 0.028292986642, 0.055408002042, 0.0050784166361],
      [0.03630580071, 0.80573677592, 0.042298883182, 0.047203191734, 0.014412220204, 0.054043128253],
      [0.0090432665683, 0.24262311786, 0.46386022698, 0.036974066749, 0.069429134418, 0.17807018742]
    ],
    [
      [0.0017017184277, 0.3313989367, 0.13713007544, 0.43203345603, 0.044958264255, 0.052777549149],
      [0.4060053604, 0.37920694533, 0.14797103763, 0.007945130252, 0.0070770924317, 0.051794433953],
      [0.024573234049, 0.16342859382, 0.25980169896, 0.0052408306274, 0.53804413375, 0.0089115087931],
      [0.023366277331, 7.8890353646e-05, 0.89229524565, 0.032046808957, 0.046108434171, 0.0061043435406],
      [0.034432071133, 0.7959628353, 0.041371707096, 0.052452864223, 0.012780702283, 0.06299981997],
      [0.008522986816, 0.23657625076, 0.4541905242, 0.040880891343, 0.055570304517, 0.20425904236]
    ],
    [
      [0.001486979699, 0.33000600042, 0.14454011858, 0.40844547298, 0.061752254944, 0.053769173371],
      [0.37468576854, 0.3912971126, 0.16159180333, 0.0077881558134, 0.0099461597991, 0.054690999907],
      [0.017866840599, 0.13335969443, 0.22488182012, 0.0041226354696, 0.61227829996, 0.0074907094146],
      [0.019325654777, 0.0003027480469, 0.88723603294, 0.028659757633, 0.058480326165, 0.0059954804346],
      [0.030286984416, 0.79471704961, 0.045202155832, 0.050096765425, 0.015074731303, 0.064622313416],
      [0.0072129236362, 0.22524613712, 0.45839792772, 0.036882182138, 0.073024059755, 0.19923676963]
    ],
    [
      [0.0020367241988, 0.36011870134, 0.14322004559, 0.38828268231, 0.050040920557, 0.056300926004],
      [0.43466870798, 0.36575467852, 0.13718155303, 0.0063502148324, 0.00697264291, 0.049072202722],
      [0.027178011066, 0.16277887678, 0.24862997946, 0.0043207286794, 0.54836435599, 0.0087280480226],
      [0.026828706256, 0.00035189703422, 0.89023069124, 0.02749030008, 0.048901951378, 0.0061964540135],
      [0.038407540688, 0.80241602669, 0.0401682579, 0.043714967534, 0.012907099804, 0.06238610738],
      [0.0097003328527, 0.24298713073, 0.44822281008, 0.034741965819, 0.058449269483, 0.20589849104]
    ],
    [
      [0.0005050495264, 0.35234911975, 0.091088585986, 0.44614348691, 0.03255619768, 0.077357560153],
      [0.26486595525, 0.50133869354, 0.12246240175, 0.010152215207, 0.0063931433765, 0.094787590877],
      [0.016326970899, 0.22594624642, 0.22467269516, 0.0069580390536, 0.50947997356, 0.016616074906],
      [0.014781456228, 0.0066193497247, 0.87111670729, 0.047978371127, 0.049362284671, 0.010141830959],
      [0.011522318435, 0.81894375145, 0.025028308545, 0.051273762162, 0.009717800223, 0.083514059188],
      [0.0042706547997, 0.26750309075, 0.32066844927, 0.044650208225, 0.042747155756, 0.3201604412]
    ],
    [
      [0.0018378806013, 0.32458375172, 0.13978776814, 0.44452762887, 0.037557914804, 0.051705055872],
      [0.42903183492, 0.36117796992, 0.14670865846, 0.0079635996297, 0.005760997697, 0.049356939361],
      [0.029424944197, 0.1758598228, 0.29024912447, 0.0058946047744, 0.48900321607, 0.0095682876876],
      [0.025139070369, 0.00035367786223, 0.89791492247, 0.032551582694, 0.038209920797, 0.0058308258081],
      [0.037846886802, 0.79117098287, 0.043015445159, 0.054528385465, 0.011021472293, 0.062416827414],
      [0.0093517934539, 0.23375211789, 0.46608062426, 0.042544760169, 0.046763057752, 0.20150764647]
    ],
    [
      [0.0012196699771, 0.3700000563, 0.11625047298, 0.45458518284, 0.021273969179, 0.036670648723],
      [0.33853191318, 0.46961662633, 0.13915894091, 0.0091419631135, 0.0036409501139, 0.039909606352],
      [0.026035345758, 0.26119917793, 0.31912062939, 0.0077994273607, 0.37710941996, 0.008735999602],
      [0.019963465864, 0.0013457872014, 0.90983282277, 0.039208706205, 0.025425081232, 0.0042241367293],
      [0.023454727878, 0.8463325831, 0.033382009559, 0.052648813295, 0.004304704906, 0.039877161263],
      [0.0072023736427, 0.30310905784, 0.44668957978, 0.048463978461, 0.030392532481, 0.16414247779]
    ],
    [
      [0.0016573437494, 0.38033614855, 0.16912759077, 0.35683854746, 0.034528287581, 0.057512081891],
      [0.37112637363, 0.39893488422, 0.16734859588, 0.0058933167903, 0.0049133738406, 0.051783455644],
      [0.025730891091, 0.19645182134, 0.33448961846, 0.0044239945952, 0.42875369538, 0.010149979127],
      [0.019376427472, 0.00099743984963, 0.92282749919, 0.021721142508, 0.029498006101, 0.0055794848766],
      [0.030128685235, 0.81623415896, 0.046672023468, 0.037532853428, 0.0082077909089, 0.061224488],
      [0.0074577862924, 0.23875823373, 0.49135272533, 0.029687645743, 0.037448780498, 0.19529482841]
    ],
    [
      [0.0075125855562, 0.36906100089, 0.17072746282, 0.32447391621, 0.042276986044, 0.085948048489],
      [0.72982479054, 0.16178043298, 0.071365309873, 0.0021315094788, 0.0028833739453, 0.032014583181],
      [0.095443876203, 0.15808335588, 0.28181435092, 0.0032812869335, 0.44881319003, 0.012563940036],
      [0.05088315681, 0.017001509322, 0.87023928757, 0.017593327815, 0.035355846502, 0.0089268719832],
      [0.086013641224, 0.73197785529, 0.055887089016, 0.030265131228, 0.012240106097, 0.083616177148],
      [0.02797424889, 0.20542076779, 0.44171877968, 0.023445174802, 0.040813513817, 0.26062751502]
    ]
  ],
  "expected_outcome": [
    [
      [0.081143930307, 0.025789464509, 0.023405224359, 0.030612156856, 0, 0, 0, 0.0055743076566, 0.019834556933, 0.0039332116048, 0.31815432988, 0.0095744461023, 0.017022337063, 0.054315708697, 0.031518560994, 0.022761953556, 0.023057907308, 0.0089717528277, 0.020325245116, 0, 0.051196283854, 0.057181317764, 0.085823963648, 0.073778786931, 0.045816494133, 0.073344460898, 0.033447023157, 0.038407059517, 0.084074341343, 0.031933012551, 0.0094924041777, 0.013142688686, 0.019294159675, 0.03211766431, 0.087782119839, 0.035092669926, 0.014070743956, 0.061749364296, 0.012678885382, 0.028891921087, 0.068599313981, 0.048727643068, 0.046639184617, 0.059560144969, 0.029739593981, 0.063138450164, 0.013131287686, 0.11578647788, 0.0097573598166, 0.10772734371, 0.0075125855562],
      [15.6737645662, 3.4343853239, 1.6670187538, 9.6196077393, 0, 0, 0, 0.89650197171, 6.6170223708, 2.1183648336, 0.97529151126, 2.1037523753, 0.83894220275, 9.7696298642, 1.9752558589, 2.0853057777, 8.9454110658, 1.299821697, 4.8442125544, 0.43475111436, 17.7865724454, 9.4835201293, 3.9001146915, 10.0396157873, 4.7345328604, 21.5347957845, 3.6720676502, 7.593708902, 13.6738158753, 11.7909320608, 6.8390524789, 5.2489370042, 7.2332739092, 4.972537009, 16.7098020628, 6.0156937875, 3.554427669, 14.3762903604, 4.425064762, 6.9367606241, 12.2639619866, 8.0412101339, 8.7160358985, 11.5989627846, 6.6001200084, 11.1636797416, 9.1610771134, 20.4487763581, 2.9600004504, 24.7218496556, 0.36906100089],
      [6.5623240994, 1.2928645418, 1.8495304855, 4.0253220134, 0, 0, 0, 0.47795282488, 3.1492455162, 1.7829659332, 0.5599515665, 0.30191646352, 1.0336267515, 5.9578228111, 3.1613462213, 2.9879928781, 2.0053367497, 0.31419365566, 0.96347609472, 0.102869916, 4.0170297883, 4.0163298747, 3.2390956899, 9.013428403, 3.0201450915, 6.6664219547, 2.1818860303, 4.6806021516, 5.8406517969, 3.974486533, 1.1844731549, 1.3603936131, 1.5463488737, 2.63569891, 8.969603907, 3.8985871005, 1.0281404164, 7.6405167827, 1.3578563023, 3.6772700432, 5.8574155676, 4.7520948424, 3.5839596355, 4.7995526403, 2.8908023716, 4.4398214133, 2.3683032356, 8.8066293927, 0.93000378383, 10.9932934002, 0.17072746282],
      [13.9654621878, 6.1709914841, 4.2320146864, 17.0667943054, 0, 0, 0, 1.2801359215, 9.9248779101, 3.4914521219, 0, 1.3794761874, 0.64799423571, 8.484104877, 5.8579897116, 4.0009212584, 9.2967405846, 1.05338368, 3.3368159978, 0.40135908259, 20.815467506, 11.258363303, 4.7142362334, 14.650454167, 5.4356935535, 26.2299444203, 5.1342747688, 6.7091967714, 19.018387426, 13.0532888087, 5.6542588893, 4.5104108846, 6.9155774698, 7.1127980707, 20.6218901281, 8.0873570706, 8.4370728321, 19.9915119369, 6.0275331067, 12.3351057408, 14.4793110517, 9.4051345914, 10.0363596047, 15.1211709609, 8.1689094596, 12.0367631516, 11.5997306596, 28.0052406187, 3.6366814627, 23.1945055849, 0.32447391621],
      [1.3717913049, 0.33240627006, 0.7938407597, 0.96914734729, 0, 0, 0, 0.12151544207, 1.4478805416, 0.34225736731, 0.064653639862, 0.0697674577, 0.17901400036, 1.413407293, 0.40078407727, 0.5330278423, 0.80692032462, 0.089604594315, 0.26764136306, 0.02504910075, 1.5979949134, 0.9972802361, 0.92949079273, 1.962840478, 0.71383690276, 1.4121767308, 0.51842445616, 0.94303441331, 1.6179216937, 1.3584251114, 0.40316492018, 0.31906717947, 0.33759894407, 0.47949136666, 2.2705587331, 0.938719536, 0.3795820467, 2.4614722647, 0.57612721722, 0.95593949036, 1.4020304936, 1.4562785017, 1.4382375956, 1.5735392489, 1.2350450989, 1.5512685373, 0.84646113968, 2.3661486326, 0.17019175343, 2.2443386927, 0.042276986044],
      [2.3455139114, 0.74356291559, 0.43419009027, 1.2885164378, 0, 0, 0, 0.21831953219, 0.8411391043, 0.26102653237, 0.081948952496, 0.13551306998, 0.28340047266, 1.320719446, 0.57310556994, 0.36999029, 0.92253336795, 0.23402462023, 0.56752874495, 0.035970786298, 2.7317390632, 1.1873251391, 1.1312386287, 2.2598823778, 1.0499750977, 3.0833166487, 0.45990007144, 1.0350507021, 2.7651488668, 1.7909344736, 0.9095581525, 0.54804862988, 0.94790664362, 0.76735697935, 2.3403630492, 1.0245498355, 0.58670629186, 2.4684592909, 0.60073972643, 1.0660321804, 1.9286815865, 1.2965542875, 1.178768081, 1.8472142202, 1.0753834674, 1.7453287061, 2.011296564, 3.25741852, 0.29336518979, 3.7382853229, 0.085948048489]
    ],
    [
      [13.983907581, 10.1289573753, 9.4917060119, 11.4959398756, 2.8303526803, 0.70930182603, 0, 3.895939225, 6.0576043763, 2.2687662894, 0.55687281275, 1.730175535, 0.74956579863, 21.8016758283, 8.9399418495, 4.4888564393, 7.3482925296, 2.1250628481, 4.0201509257, 0, 11.633713916, 17.6814907197, 30.8501072855, 18.3664855687, 13.5668826613, 23.4675027238, 14.287977937, 10.6512115289, 14.1879763779, 9.6559351147, 2.7546522874, 2.4407764349, 5.0549481111, 6.7353812176, 13.1598844372, 9.308519046, 8.3443190008, 13.6153098106, 5.6885606471, 10.5964644906, 10.4668998901, 11.7776623891, 7.5328425731, 10.5561393704, 7.8684011394, 18.6907544433, 2.9135255078, 21.0225599113, 3.7238510449, 48.6175549458, 17.515794973],
