{
  "X": [
    [46, 207, 534, 36],
    [21, 190, 322, 29],
    [0, 20, 17, 6],
    [8, 69, 134, 13],
    [3, 28, 24, 3],
    [3, 11, 28, 1],
    [3, 15, 32, 2],
    [1, 11, 26, 3],
    [2, 23, 42, 1],
    [4, 63, 285, 28],
    [5, 33, 92, 8],
    [14, 124, 236, 32],
    [6, 45, 57, 13],
    [1, 19, 28, 6],
    [0, 9, 18, 3],
    [3, 7, 12, 2],
    [17, 191, 497, 79],
    [19, 177, 385, 86],
    [13, 130, 93, 19],
    [22, 219, 224, 37],
    [16, 124, 376, 49],
    [14, 112, 176, 67],
    [13, 187, 234, 21],
    [1, 19, 109, 13],
    [8, 50, 166, 18],
    [92, 549, 858, 86],
    [79, 455, 783, 95],
    [106, 645, 1033, 111],
    [9, 89, 175, 21],
    [1, 15, 16, 1],
    [5, 18, 7, 5],
    [5, 20, 36, 7],
    [2, 14, 18, 2],
    [5, 21, 19, 7],
    [5, 80, 256, 43],
    [6, 60, 206, 23],
    [5, 39, 113, 13],
    [8, 101, 416, 44],
    [11, 72, 222, 15],
    [4, 36, 99, 14],
    [16, 271, 573, 74],
    [49, 329, 802, 86],
    [5, 115, 203, 17],
    [14, 197, 165, 24],
    [0, 2, 5, 2],
    [5, 60, 139, 16],
    [46, 313, 340, 39],
    [0, 7, 19, 0],
    [2, 7, 25, 1],
    [55, 395, 955, 71],
    [2, 13, 53, 9],
    [5, 13, 36, 6],
    [99, 1039, 1917, 241],
    [1, 12, 31, 3],
    [11, 52, 177, 34],
    [1, 2, 20, 3],
    [16, 204, 441, 54],
    [3, 59, 107, 30],
    [14, 152, 344, 43],
    [4, 34, 130, 7],
    [15, 137, 402, 31],
    [64, 472, 640, 75],
    [8, 127, 416, 29],
    [26, 241, 853, 89],
    [20, 163, 399, 28],
    [9, 90, 246, 19],
    [2, 15, 98, 14],
    [17, 100, 383, 32],
    [5, 60, 84, 15],
    [102, 857, 1684, 144],
    [16, 143, 210, 31],
    [86, 675, 1300, 226],
    [12, 108, 235, 38]
  ],
  "W": [
    [25, 30, 206, 507, 12, 43],
    [21, 90, 134, 277, 16, 24],
    [1, 11, 12, 15, 2, 2],
    [4, 29, 44, 126, 7, 14],
    [0, 24, 4, 24, 3, 3],
    [2, 4, 7, 27, 1, 2],
    [3, 5, 9, 27, 2, 6],
    [0, 10, 1, 27, 3, 0],
    [6, 5, 13, 36, 3, 5],
    [17, 12, 57, 250, 20, 24],
    [2, 6, 34, 89, 4, 3],
    [9, 22, 117, 212, 14, 32],
    [8, 22, 30, 51, 1, 9],
    [1, 13, 14, 20, 1, 5],
    [0, 4, 6, 18, 0, 2],
    [0, 2, 11, 9, 0, 2],
    [26, 26, 180, 463, 27, 62],
    [21, 39, 187, 338, 27, 55],
    [9, 65, 85, 77, 8, 11],
    [8, 108, 141, 216, 5, 24],
    [26, 26, 109, 355, 16, 33],
    [14, 34, 99, 153, 35, 34],
    [13, 94, 117, 205, 7, 19],
    [19, 8, 19, 83, 5, 8],
    [7, 22, 37, 149, 10, 17],
    [30, 80, 496, 827, 43, 109],
    [52, 127, 368, 731, 36, 98],
    [43, 96, 619, 982, 55, 100],
    [12, 13, 75, 172, 9, 13],
    [0, 3, 11, 16, 2, 1],
    [1, 2, 21, 6, 0, 5],
    [3, 3, 21, 34, 3, 4],
    [0, 2, 13, 19, 2, 0],
    [2, 1, 16, 20, 3, 10],
    [42, 22, 72, 213, 13, 22],
    [19, 13, 53, 180, 11, 19],
    [13, 8, 35, 101, 5, 8],
    [18, 32, 103, 384, 8, 24],
    [16, 33, 59, 190, 9, 13],
    [7, 11, 32, 98, 4, 1],
    [33, 41, 247, 533, 36, 44],
    [44, 93, 293, 715, 37, 84],
    [17, 35, 87, 172, 10, 19],
    [13, 72, 135, 143, 18, 19],
    [0, 2, 0, 6, 1, 0],
    [10, 29, 38, 114, 16, 13],
    [20, 47, 281, 320, 13, 57],
    [0, 2, 6, 17, 0, 1],
    [6, 5, 4, 19, 0, 1],
    [70, 85, 349, 852, 48, 72],
    [7, 2, 11, 50, 3, 4],
    [5, 5, 13, 30, 2, 5],
    [115, 149, 985, 1771, 101, 175],
    [2, 3, 10, 26, 2, 4],
    [18, 17, 49, 154, 17, 19],
    [3, 0, 2, 19, 2, 0],
    [17, 51, 178, 400, 27, 42],
    [2, 22, 63, 100, 3, 9],
    [23, 37, 126, 312, 25, 30],
    [17, 15, 26, 105, 5, 7],
    [30, 54, 116, 343, 15, 27],
    [24, 53, 429, 622, 47, 76],
    [22, 30, 115, 373, 17, 23],
    [72, 59, 224, 744, 53, 57],
    [19, 48, 133, 370, 8, 32],
    [16, 29, 70, 225, 7, 17],
    [10, 9, 12, 89, 0, 9],
    [33, 23, 95, 349, 22, 10],
    [3, 3, 62, 83, 4, 9],
    [95, 225, 710, 1547, 69, 141],
    [8, 42, 115, 206, 9, 20],
    [77, 223, 565, 1228, 52, 142],
    [12, 65, 75, 220, 7, 14]
  ],
  "method": "mvn_pdf",
  "cond_prob": [
    [
      [0, 0.00034078792639, 0.9471791718, 0.052480040273],
      [0.043028406628, 0.75850975786, 0.11619092012, 0.082270915398],
      [0.12930274952, 0.73665041962, 0.090360539098, 0.043686291761],
      [0.010582334941, 0.041096651049, 0.93012873819, 0.01819227582],
      [0.001347763937, 0.12764454735, 0.53945170103, 0.33155598768],
      [0.29514800973, 0.23531312729, 0.23655421797, 0.23298464502]
    ],
    [
      [0.00013366599325, 0.0054519979195, 0.94682267515, 0.047591660937],
      [0.027640945729, 0.75768044587, 0.13544554449, 0.079233063908],
      [0.083031949175, 0.76238505162, 0.11174868972, 0.042834309493],
      [0.0088936339843, 0.039763540427, 0.93516657434, 0.016176251253],
      [0.0011806651772, 0.13202242151, 0.577698145, 0.28909876831],
      [0.20419997719, 0.26699214816, 0.27783287438, 0.25097500027]
    ],
    [
      [0, 0.088087249743, 0.79169136347, 0.12022138678],
      [0, 0.75772417772, 0.070861934767, 0.17141388751],
      [0, 0.8213108922, 0.08341338421, 0.095275723592],
      [0, 0.052905752806, 0.8949268244, 0.052167422793],
      [0, 0.16605100434, 0.32074756052, 0.51320143514],
      [0, 0.29776389408, 0.18123462826, 0.52100147767]
    ],
    [
      [7.1782289864e-05, 0.00037390662557, 0.93489006579, 0.064664245295],
      [0.023136750694, 0.77485847048, 0.12641466427, 0.075590114556],
      [0.074420666176, 0.80491583709, 0.077384397433, 0.043279099306],
      [0.010359979303, 0.046898339167, 0.92179248922, 0.020949192313],
      [0.0012063184036, 0.15130092645, 0.52597769529, 0.32151505985],
      [0.19574544057, 0.29592961983, 0.24012881984, 0.26819611977]
    ],
    [
      ["NaN", "NaN", "NaN", "NaN"],
      [0.048130689354, 0.83090138013, 0.06339730549, 0.057570625023],
      [0.12655077157, 0.75609184772, 0.091884177354, 0.025473203353],
      [0.018356067268, 0.12911838504, 0.83605823307, 0.01646731462],
      [0.0035813040671, 0.27923882659, 0.45975854771, 0.25742132163],
      [0.29579028087, 0.3658139217, 0.22208490735, 0.11631089009]
    ],
    [
      [0.001052474391, 0.031791717512, 0.93475206795, 0.032403740148],
      [0.052445265897, 0.79846268897, 0.11479252452, 0.034299520615],
      [0.18844088472, 0.76548707859, 0.02845810838, 0.017613928314],
      [0.017965180185, 0.063808723879, 0.90806849293, 0.01015760301],
      [0.0048518168797, 0.19060887548, 0.60462668712, 0.19991262052],
      [0.48955805636, 0.23535591939, 0.17482150563, 0.10026451863]
    ],
    [
      [0.00093739748276, 0.010184641126, 0.96185926932, 0.027018692075],
      [0.022129999995, 0.76878376174, 0.17357735902, 0.035508879245],
      [0.080403347428, 0.82750272386, 0.072881909422, 0.019212019291],
      [0.013755182695, 0.045081922068, 0.93617868386, 0.0049842113729],
      [0.0024570980468, 0.17568591216, 0.63638637847, 0.18547061133],
      [0.29776725864, 0.35156983884, 0.17350016514, 0.17716273737]
    ],
    [
      ["NaN", "NaN", "NaN", "NaN"],
      [0.034222137206, 0.83029654663, 0.044813467184, 0.090667848981],
      [0.11886090603, 0.79209912651, 0.029673254857, 0.059366712601],
      [0.019728700981, 0.055099713855, 0.89310020242, 0.032071382741],
      [0.0020809318067, 0.13908104438, 0.46949553595, 0.38934248786],
      ["NaN", "NaN", "NaN", "NaN"]
    ],
    [
      [0.013165175731, 0.00065398690186, 0.97579386529, 0.010386972081],
      [0.022958384883, 0.8250938978, 0.14836889266, 0.0035788246596],
      [0.041985692634, 0.91549404393, 0.040122932017, 0.0023973314151],
      [0.0064655151625, 0.091925962711, 0.89969285275, 0.001915669373],
      [0.0013820104004, 0.31506378668, 0.54377915641, 0.13977504651],
      [0.20469968798, 0.54293160017, 0.17230281208, 0.080065899769]
    ],
    [
      [3.2879768395e-06, 0.00073529408244, 0.94610754178, 0.053153876161],
      [0.0098120464404, 0.65945203794, 0.21038992887, 0.12034598675],
      [0.030748584775, 0.74848864895, 0.14523642184, 0.075526344431],
      [0.0010808863143, 0.022364330317, 0.95495077998, 0.021604003388],
      [0.00011776377888, 0.082093823782, 0.56699673172, 0.35079168072],
      [0.077373056699, 0.2157193125, 0.33480779037, 0.37209984043]
    ],
    [
      [6.6109625588e-05, 0.00022568881192, 0.91969694058, 0.080011260984],
      [0.02824624544, 0.67622056997, 0.18451249291, 0.11102069168],
      [0.095122214534, 0.73987307643, 0.098105632552, 0.066899076484],
      [0.0103104201, 0.030369512153, 0.93316418428, 0.026155883467],
      [0.0011600997377, 0.10126849993, 0.53426068005, 0.36331072028],
      [0.22465574205, 0.22619334089, 0.1764281778, 0.37272273926]
    ],
    [
      [2.1939905969e-05, 0.00030033732645, 0.93075079138, 0.068926931388],
      [0.018761278047, 0.70859500292, 0.16814529473, 0.1044984243],
      [0.063671552947, 0.77738195612, 0.09551204999, 0.063434440942],
      [0.0061965775316, 0.03665498506, 0.93172697608, 0.025421461329],
      [0.00076098034464, 0.11494367745, 0.51900814982, 0.36528719239],
      [0.15041108024, 0.25232655364, 0.24865323495, 0.34860913117]
    ],
    [
      [0.00037869182807, 0.00041959089338, 0.85900790184, 0.14019381544],
      [0.030520801854, 0.74859251697, 0.084285092762, 0.13660158841],
      [0.090565727332, 0.76537982174, 0.069160479861, 0.074893971064],
      [0.016226630841, 0.064137878158, 0.87209242232, 0.047543068682],
      [0.0008767504855, 0.070413669959, 0.23172396623, 0.69698561333],
      [0.19778956458, 0.24719642125, 0.16560142713, 0.38941258704]
    ],
    [
      [0.00010538516083, 0.038118751746, 0.91713709824, 0.044638764853],
      [0.01254475317, 0.61563972824, 0.20961175657, 0.16220376202],
      [0.035710174034, 0.65729968001, 0.21779358499, 0.089196560968],
      [0.00099495731775, 0.039182603396, 0.93618505702, 0.023637382271],
      [0.00031448551213, 0.087410158844, 0.61484530255, 0.2974300531],
      [0.063331351057, 0.17706140684, 0.39405068674, 0.36555655536]
    ],
    [
      ["NaN", "NaN", "NaN", "NaN"],
      [0, 0.71858867203, 0.11831332225, 0.16309800572],
      [0, 0.8386553561, 0.070465603785, 0.090879040118],
      [0, 0.033388375429, 0.92282107112, 0.043790553448],
      ["NaN", "NaN", "NaN", "NaN"],
      [0, 0.24636120878, 0.24658690404, 0.50705188717]
    ],
    [
      ["NaN", "NaN", "NaN", "NaN"],
      [0.047709515683, 0.42176133398, 0.40162376365, 0.12890538668],
      [0.21150462982, 0.53363819068, 0.15936099114, 0.095496188358],
      [0.0036696351218, 0.0073773275773, 0.96804793536, 0.020905101944],
      ["NaN", "NaN", "NaN", "NaN"],
      [0.27250166226, 0.11003064318, 0.36567507595, 0.2517926186]
    ],
    [
      [0, 0.00032140196609, 0.90466490418, 0.095013693857],
      [0.015383611388, 0.73813794619, 0.090482797664, 0.15599564475],
      [0.048315206391, 0.76201906299, 0.10020779453, 0.089457936093],
      [0.0031263623823, 0.038657911634, 0.92339859738, 0.034817128601],
      [0.00040628593199, 0.098119455923, 0.44406076025, 0.45741349789],
      [0.10394860404, 0.22723850345, 0.21879944552, 0.450013447]
    ],
    [
      [0, 0.00043213625415, 0.89278162456, 0.10678623919],
      [0.016299480636, 0.59692705895, 0.19314351043, 0.19362994998],
      [0.059976516082, 0.70525241975, 0.11192542345, 0.12284564072],
      [0.0043782490266, 0.031421603811, 0.92926812788, 0.034932019279],
      [0.00044251881794, 0.071619252526, 0.42262140475, 0.50531682391],
      [0.10285301034, 0.16862446253, 0.22337326618, 0.50514926095]
    ],
    [
      [0.00031858431209, 0.020622314947, 0.89865928856, 0.080399812182],
      [0.032079146496, 0.79188939811, 0.085108746892, 0.090922708505],
      [0.085365587598, 0.79660638023, 0.072171156665, 0.045856875506],
      [0.014377348747, 0.073346969388, 0.88197731534, 0.030298366528],
      [0.0018727140005, 0.20060621153, 0.42363922376, 0.3738818507],
      [0.23035233705, 0.30704360307, 0.17673476977, 0.28586929012]
    ],
    [
      [5.7922953684e-05, 0.0005112743596, 0.90172858683, 0.097702215854],
      [0.028496298327, 0.79327161402, 0.075439132726, 0.10279295493],
      [0.079700047767, 0.78714874834, 0.079593439909, 0.053557763985],
      [0.013000965391, 0.068331437156, 0.88419280429, 0.034474793166],
      [0.00092825714141, 0.09751013038, 0.39452018794, 0.50704142454],
      [0.20297416049, 0.29531087075, 0.18574263658, 0.31597233218]
    ],
    [
      [6.9877421348e-05, 0.0012880372557, 0.90330134526, 0.095340740063],
      [0.021060889983, 0.70103496554, 0.13782500213, 0.14007914234],
      [0.070830213575, 0.76014585125, 0.08475232587, 0.0842716093],
      [0.0079531772093, 0.039084657065, 0.91750646505, 0.035455700678],
      [0.00075437008327, 0.10283167773, 0.43183961107, 0.46457434111],
      [0.1483229981, 0.22313163754, 0.21419644178, 0.41434892259]
    ],
    [
      [0.00018215633201, 0.0088422194954, 0.84072070101, 0.15025492317],
      [0.020428159504, 0.6457597875, 0.14222221944, 0.19158983356],
      [0.072861611676, 0.73678584507, 0.078574833471, 0.11177770978],
      [0.010587617993, 0.052717844223, 0.88994321029, 0.046751327499],
      [0.00084580465048, 0.067127720378, 0.27845629564, 0.65357017933],
      [0.13059070931, 0.19303756207, 0.16788719677, 0.50848453184]
    ],
    [
      [9.7601541325e-05, 0.012351554485, 0.94089901611, 0.046651827865],
      [0.020397552348, 0.80426010693, 0.10532093057, 0.070021410155],
      [0.056957968945, 0.79705280052, 0.11052329326, 0.035465937281],
      [0.0068768815338, 0.052651734682, 0.92535797582, 0.015113407963],
      [0.00085774034314, 0.15184945254, 0.55879558242, 0.2884972247],
      [0.15797442084, 0.32248685804, 0.28036662554, 0.23917209558]
    ],
    [
      [0, 0, 0.91040279247, 0.089597207525],
      [0.0069931383855, 0.47637833446, 0.34919812115, 0.167430406],
      [0.025125277778, 0.66972941773, 0.18415848395, 0.12098682054],
      [0.0006909977299, 0.013266723654, 0.95919604543, 0.026846233189],
      [6.3021012208e-05, 0.050610487919, 0.574890456, 0.37443603507],
      [0.051125837312, 0.13874048557, 0.36525334103, 0.44488033609]
    ],
    [
      [7.7382620953e-05, 0.00016472017995, 0.93949801006, 0.060259887143],
      [0.024387004676, 0.65588848906, 0.20957014279, 0.11015436348],
      [0.086398661106, 0.73296231236, 0.11213119612, 0.068507830416],
      [0.0080200381829, 0.026594459543, 0.94243575932, 0.022949742958],
      [0.00094200307908, 0.092126476398, 0.55493235001, 0.35199917051],
      [0.1801051787, 0.20975620036, 0.27599205258, 0.33414656836]
    ],
    [
      [7.0616723273e-06, 0.0005389071817, 0.93031038264, 0.069143648508],
      [0.03243886339, 0.79866283922, 0.09723841705, 0.071659880342],
      [0.098947645229, 0.79805158745, 0.064721006504, 0.038279760814],
      [0.013622311087, 0.059336144779, 0.90484442572, 0.022197118417],
      [0.0016620349276, 0.17355032748, 0.48936371513, 0.33542392246],
      [0.26595897499, 0.30021616933, 0.19138546892, 0.24243938676]
    ],
    [
      [3.5046695676e-05, 0.0015184154279, 0.92198382632, 0.076462711555],
      [0.031930008211, 0.75279162596, 0.13014678232, 0.085131583509],
      [0.10700104116, 0.78130912112, 0.062470629207, 0.049219208508],
      [0.013083680761, 0.0544835288, 0.9042940031, 0.028138787335],
      [0.0015315176873, 0.15214136095, 0.46089357512, 0.38543354624],
      [0.26476916438, 0.27030817122, 0.18273390975, 0.28218875465]
    ],
    [
      [0, 0.00047665845795, 0.92766199491, 0.071861346636],
      [0.033801387909, 0.77383029058, 0.10813831134, 0.084230010172],
      [0.10368135482, 0.78042730136, 0.069630100206, 0.046261243613],
      [0.012810170082, 0.05278450735, 0.90941704073, 0.024988281838],
      [0.0015377552638, 0.15279393604, 0.48553415468, 0.36013415402],
      [0.25912144568, 0.27369243548, 0.19876311798, 0.26842300086]
    ],
    [
      [0.00013068323283, 0.0047794162971, 0.90013454014, 0.094955360328],
      [0.020579105938, 0.82416140286, 0.05808187304, 0.097177618164],
      [0.062156878598, 0.82630139587, 0.057331815944, 0.054209909592],
      [0.010864783373, 0.062355239606, 0.89070684368, 0.036073133339],
      [0.00099592421196, 0.1630273949, 0.40715376175, 0.42882291913],
      [0.16857165162, 0.31258433161, 0.175190308, 0.34365370877]
    ],
    [
      ["NaN", "NaN", "NaN", "NaN"],
      [0.014889577802, 0.85761323874, 0.10336951081, 0.024127672654],
      [0.048007488038, 0.91462374233, 0.026165493603, 0.011203276025],
      [0.015644906164, 0.083890300948, 0.89127219972, 0.0091925931695],
      [0.0016577819291, 0.26509352474, 0.46566509139, 0.26758360194],
      [0.17361483569, 0.49386725346, 0.21038565968, 0.12213225116]
    ],
    [
      [0.013551384398, 0.033814037917, 0.7165304723, 0.23610410538],
      [0.050630065487, 0.71273308687, 0.07002562717, 0.16661122047],
      [0.15278958715, 0.72761498243, 0.027613454818, 0.091981975603],
      [0.026371885313, 0.0390494433, 0.86243006503, 0.072148606361],
      ["NaN", "NaN", "NaN", "NaN"],
      [0.30367516854, 0.20530169949, 0.077791066406, 0.41323206557]
    ],
    [
      [0.00096365714736, 0.015701268158, 0.8711025859, 0.11223248879],
      [0.047212313575, 0.71824316559, 0.091595411518, 0.14294910932],
      [0.1477369636, 0.71918870434, 0.053911629221, 0.079162702837],
      [0.016627104819, 0.046581347072, 0.89034297467, 0.046448573433],
      [0.0021730506602, 0.11518756293, 0.37392073561, 0.5087186508],
      [0.29528878411, 0.19146885457, 0.14658461208, 0.36665774924]
    ],
    [
      ["NaN", "NaN", "NaN", "NaN"],
      [0.046251432933, 0.82283943503, 0.037742424632, 0.093166707401],
      [0.10466311884, 0.82526888269, 0.036338151469, 0.033729846997],
      [0.025380124671, 0.067621612142, 0.87700519792, 0.029993065262],
      [0.032327110231, 0.17050751211, 0.39451021053, 0.40265516713],
      ["NaN", "NaN", "NaN", "NaN"]
    ],
    [
      [0.0039783191606, 0.1514022844, 0.70773417984, 0.1368852166],
      [0.030664305747, 0.86911045974, 0.021733095889, 0.078492138626],
      [0.085747977128, 0.8335072594, 0.034877274548, 0.045867488927],
      [0.028824070832, 0.12358462173, 0.7889979224, 0.058593385032],
      [0.004761690908, 0.25683480306, 0.26373661931, 0.47466688672],
      [0.29986449325, 0.32497719772, 0.043359384571, 0.33179892445]
    ],
    [
      [0, 0.00046858093172, 0.86242215197, 0.1371092671],
      [0.010031514733, 0.58308505692, 0.23107667144, 0.17580675691],
      [0.038493131112, 0.74573985399, 0.10284078408, 0.11292623081],
      [0.0017869038101, 0.038284979762, 0.92231837824, 0.037609738191],
      [0.00022197005439, 0.082036417419, 0.42534229809, 0.49239931444],
      [0.073832050616, 0.19263657934, 0.24121736146, 0.49231400859]
    ],
    [
      [0, 0.00019036860033, 0.93085819429, 0.068951437106],
      [0.015120290442, 0.674990139, 0.18980989718, 0.12007967338],
      [0.054014455145, 0.76203142855, 0.10878372285, 0.075170393458],
      [0.0039630912766, 0.030384722441, 0.93931269203, 0.026339494253],
      [0.00050714752476, 0.09476031841, 0.52677547962, 0.37795705444],
      [0.11693342363, 0.22748589129, 0.27420071016, 0.38137997492]
    ],
    [
      [0.00022266807158, 0.00018481762636, 0.90922722946, 0.090365284844],
      [0.021848506656, 0.70002741363, 0.15825827778, 0.11986580193],
      [0.073715137145, 0.77394509405, 0.080004912657, 0.072334856151],
      [0.009342788062, 0.038458185422, 0.91996431525, 0.032234711264],
      [0.00091487601069, 0.11003985297, 0.47176134227, 0.41728392875],
      [0.16176143593, 0.23435297221, 0.2298256625, 0.37405992936]
    ],
    [
      [0, 9.4146013122e-05, 0.92328115222, 0.076624701765],
      [0.012082579687, 0.55578039012, 0.26548573675, 0.16665129344],
      [0.048997201101, 0.68914093299, 0.14738058136, 0.11448128454],
      [0.0015182584203, 0.020415860202, 0.9499801547, 0.028085726676],
      [0.00030308380505, 0.062818055099, 0.45038685722, 0.48649200388],
      [0.0825504097, 0.16206591797, 0.30457173085, 0.45081194148]
    ],
    [
      [0.00011874725591, 0.0012511261916, 0.9582797474, 0.040350379149],
      [0.029336133014, 0.66033660328, 0.22282799913, 0.087499264575],
      [0.099068689882, 0.71331108042, 0.13549632608, 0.052123903615],
      [0.0078402774127, 0.024108450185, 0.95412778992, 0.013923482479],
      [0.0010559650265, 0.091611341058, 0.63891519066, 0.26841750326],
      [0.20659988906, 0.20757020946, 0.32964615617, 0.25618374531]
    ],
    [
      [0.00023083757956, 0.033931321763, 0.75801564471, 0.20782219595],
      [0.020737288637, 0.65785335444, 0.15041628115, 0.17099307577],
      [0.074120605763, 0.74312819082, 0.078491433647, 0.10425976977],
      [0.011021269647, 0.043643402292, 0.89813426305, 0.047201065011],
      [0.0008029416273, 0.09304872991, 0.35433985214, 0.55180847633],
      [0.31511838556, 0.096743398155, 0.093068330272, 0.49506988601]
    ],
    [
      [3.4729313079e-06, 0.0010780999301, 0.91523558444, 0.0836828427],
      [0.012203394877, 0.76005016897, 0.11012080845, 0.1176256277],
      [0.039876339765, 0.80647356833, 0.084361922969, 0.069288168935],
      [0.0023725149651, 0.045251966174, 0.92055547744, 0.031820041423],
      [0.0003302140191, 0.12200480528, 0.45673438027, 0.42093060043],
      [0.099401184096, 0.27481644172, 0.23514478249, 0.3906375917]
    ],
    [
      [3.9476817044e-05, 0.00025893575076, 0.93945540606, 0.060246181376],
      [0.024379569734, 0.67547013183, 0.19960285924, 0.1005474392],
      [0.0859071823, 0.75013940448, 0.10178736082, 0.062166052394],
      [0.007918735396, 0.032284430984, 0.93726528055, 0.022531553068],
      [0.00095398860724, 0.10559730129, 0.54462290065, 0.34882580945],
      [0.18884482422, 0.23081631848, 0.26168424505, 0.31865461225]
    ],
    [
      [0, 0.00032889807457, 0.95413613822, 0.045534963709],
      [0.0084774737957, 0.7571904836, 0.16907308288, 0.06525895972],
      [0.029778808587, 0.84274754501, 0.088096445204, 0.039377201196],
      [0.0016347978631, 0.042758224007, 0.94031458942, 0.015292388713],
      [0.00028970806059, 0.14541744023, 0.57912667576, 0.27516617594],
      [0.09623419774, 0.33500612941, 0.29854530944, 0.2702143634]
    ],
    [
      [0.00014042089056, 0.013143857662, 0.92077007954, 0.065945641905],
      [0.018657005861, 0.8318726229, 0.089039207988, 0.060431163249],
      [0.057273138871, 0.85465371763, 0.055513482181, 0.032559661317],
      [0.010489084693, 0.076554989316, 0.89021096389, 0.0227449621],
      [0.00098312637842, 0.18620947829, 0.45625115676, 0.35655623858],
      [0.17922952489, 0.38194289685, 0.19011353885, 0.24871403941]
    ],
    [
      ["NaN", "NaN", "NaN", "NaN"],
      [0, 0.73616918051, 0.019669943257, 0.24416087623],
      ["NaN", "NaN", "NaN", "NaN"],
      [0, 0.080807288705, 0.80060492877, 0.11858778253],
      [0, 0.042817906754, 0.15703054089, 0.80015155236],
      ["NaN", "NaN", "NaN", "NaN"]
    ],
    [
      [0.00010093913563, 0.0070079475275, 0.94744665289, 0.045444460449],
      [0.017006162788, 0.7305377221, 0.17056233946, 0.081893775656],
      [0.056049460414, 0.77634528349, 0.11942065339, 0.048184602703],
      [0.0053351484161, 0.03594017715, 0.94098490993, 0.017739764504],
      [0.00055103555162, 0.1060643462, 0.53143449682, 0.36195012143],
      [0.13530068491, 0.26530739053, 0.32815454746, 0.27123737711]
    ],
    [
      [0.00014777943848, 0.0052352160666, 0.92831562318, 0.066301381315],
      [0.028947313201, 0.81614435697, 0.091178902081, 0.063729427744],
      [0.089237686533, 0.82265315665, 0.054266177372, 0.033842979442],
      [0.015114462223, 0.068794161397, 0.89344712946, 0.02264424692],
      [0.0014901743474, 0.19178359153, 0.46318953422, 0.34353669989],
      [0.25797772977, 0.33094132534, 0.17499891097, 0.23608203392]
    ],
    [
      ["NaN", "NaN", "NaN", "NaN"],
      [0, 0.65015659498, 0.34984340502, 0],
      [0, 0.86810495316, 0.13189504684, 0],
      [0, 0.0090813763008, 0.9909186237, 0],
      ["NaN", "NaN", "NaN", "NaN"],
      [0, 0.33667369398, 0.66332630602, 0]
    ],
    [
      [0, 0, 0.94329030889, 0.05670969111],
      [0.069868313093, 0.70909001162, 0.16907538099, 0.051966294291],
      [0.23481891605, 0.60898676871, 0.13394744861, 0.022246866628],
      [0.011647647348, 0.045990146867, 0.93068855115, 0.011673654634],
      ["NaN", "NaN", "NaN", "NaN"],
      [0.49007747074, 0.14479007655, 0.27600897539, 0.089123477325]
    ],
    [
      [4.7428265127e-05, 0.00038261766824, 0.95037325842, 0.049196695651],
      [0.025496227245, 0.73224451736, 0.16876244409, 0.073496811303],
      [0.08545888489, 0.78208056, 0.08962993465, 0.042830620457],
      [0.0090473536987, 0.03964905701, 0.93488305789, 0.016420531406],
      [0.0011120672819, 0.13256888175, 0.56844800443, 0.29787104653],
      [0.21170312914, 0.27280575625, 0.26447704777, 0.25101406684]
    ],
    [
      [0.00056846056397, 0.0052312721959, 0.83369255033, 0.16050771691],
      [0.024544753347, 0.7144252966, 0.058384709943, 0.20264524011],
      [0.071714663554, 0.75902789218, 0.057434775629, 0.11182266864],
      [0.012600910867, 0.044006067277, 0.89295818576, 0.050434836098],
      [0.00090184096458, 0.08427795966, 0.35124368133, 0.56357651804],
      [0.13132972601, 0.18302161115, 0.17848996599, 0.50715869685]
    ],
    [
      [0, 0, 0.90230634031, 0.097693659688],
      [0.056199203377, 0.59162376399, 0.20782844987, 0.14434858276],
      [0.20018491396, 0.63931749839, 0.075440854851, 0.085056732797],
      [0.010021764027, 0.029257965143, 0.92110394171, 0.039616329124],
      [0.0026678392519, 0.083916176845, 0.47905817974, 0.43435780416],
      [0.36212230046, 0.1370364786, 0.17547206507, 0.32536915587]
    ],
    [
      [5.0982932022e-06, 0.0007971887218, 0.92068973728, 0.078507975709],
      [0.01919564441, 0.76430589222, 0.10789091333, 0.10860755004],
      [0.060006448544, 0.79569686098, 0.081739772382, 0.062556918096],
      [0.0064420091073, 0.045464212667, 0.91862803435, 0.029465743875],
      [0.00072020078796, 0.12863709444, 0.47077914371, 0.39986356107],
      [0.1460078426, 0.27289068642, 0.22909894847, 0.35200252252]
    ],
    [
      [0.00023385976104, 0.012296507291, 0.95142797825, 0.036041654698],
      [0.010434753175, 0.67518366456, 0.24130021482, 0.073081367449],
      [0.040325492081, 0.80855382194, 0.10294595701, 0.048174728968],
      [0.0047088435224, 0.023131503698, 0.95495468069, 0.017204972094],
      [0.00061559585205, 0.10502646695, 0.63843734502, 0.25592059218],
      [0.11032799421, 0.26321143557, 0.30952186027, 0.31693870994]
    ],
    [
      [0.00017128513066, 0.00025162706621, 0.88999321035, 0.10958387745],
      [0.030103107387, 0.5899126647, 0.19734789212, 0.1826363358],
      [0.10909109254, 0.67840076919, 0.098486680386, 0.11402145789],
      [0.010836254986, 0.02921273163, 0.9227115655, 0.037239447882],
      [0.0009351031371, 0.07256135367, 0.39598566616, 0.53051787703],
      [0.18184318351, 0.1575270547, 0.20894859456, 0.45168116723]
    ],
    [
      [0.025855892378, 0.033955366835, 0.76057784798, 0.17961089281],
      ["NaN", "NaN", "NaN", "NaN"],
      [0.22412780003, 0.62449107676, 0.04448733415, 0.10689378907],
      [0.024753781501, 0.029237214994, 0.89385423809, 0.052154765414],
      [0.00192743715, 0.046822330544, 0.32303063202, 0.62821960029],
      ["NaN", "NaN", "NaN", "NaN"]
    ],
    [
      [0, 0.00028677322401, 0.92884471361, 0.070868513165],
      [0.013827577344, 0.69379035561, 0.18683768915, 0.10554437789],
      [0.05046485258, 0.78743406479, 0.095534452546, 0.066566630083],
      [0.0034048275836, 0.036774783241, 0.93397160183, 0.025848787348],
      [0.00046904852055, 0.11065254903, 0.51324061994, 0.37563778251],
      [0.11755843935, 0.25597669205, 0.26737256427, 0.35909230433]
    ],
    [
      [0, 0.00054881424456, 0.80497003822, 0.19448114753],
      [0.008554733508, 0.50936503969, 0.19409513686, 0.28798508994],
      [0.035380911832, 0.66641754061, 0.11345461183, 0.18474693573],
      [0.0013921667733, 0.046101246846, 0.91653139297, 0.035975193415],
      [0.00010539184323, 0.02555713868, 0.24778256984, 0.72655489964],
      [0.049251729391, 0.12464114881, 0.17509326237, 0.65101385944]
    ],
    [
      [1.556543826e-05, 0.0020457709059, 0.92323760691, 0.074701056751],
      [0.016516431572, 0.72465951895, 0.15659525928, 0.10222879019],
      [0.057805228061, 0.79899055139, 0.080422646467, 0.062781574078],
      [0.0061246463298, 0.042566608116, 0.9227404665, 0.028568279059],
      [0.00065005936068, 0.12324948582, 0.47177966161, 0.4043207932],
      [0.13926447174, 0.27019055716, 0.2382913302, 0.3522536409]
    ],
    [
      [0.00025858744031, 7.2293911532e-05, 0.95843644334, 0.041232675306],
      [0.020403586748, 0.65427319496, 0.2510624958, 0.074260722489],
      [0.072409905871, 0.74989948936, 0.13203173535, 0.045658869422],
      [0.0064662306262, 0.024955384342, 0.95772760171, 0.010850783324],
      [0.00079976326487, 0.094562687826, 0.66892533615, 0.23571221276],
      [0.16056280394, 0.22773679438, 0.37168472101, 0.24001568067]
    ],
    [
      [4.1663969461e-05, 0.00040189769236, 0.95461886131, 0.044937577028],
      [0.019652600181, 0.6533544844, 0.23351984337, 0.093473072048],
      [0.07003604423, 0.73917229298, 0.13220137977, 0.058590283028],
      [0.0051927432781, 0.025166864859, 0.95346679135, 0.016173600509],
      [0.00068605966578, 0.091461108708, 0.61684514628, 0.29100768534],
      [0.14896024819, 0.22069124627, 0.3379339236, 0.29241458195]
    ],
    [
      [5.0792420567e-05, 0.00057016629034, 0.92192039732, 0.077458643974],
      [0.029635311369, 0.84360619523, 0.051814668942, 0.074943824455],
      [0.083267332901, 0.81942959954, 0.058714484453, 0.038588583106],
      [0.014193871617, 0.067720981244, 0.89229043509, 0.025794712053],
      [0.0013910043582, 0.18552958657, 0.44804559512, 0.36503381396],
      [0.2343744515, 0.32759932311, 0.18258454718, 0.2554416782]
    ],
    [
      [1.1715678902e-06, 0.00033102673376, 0.9531203326, 0.046547469097],
      [0.011308345763, 0.66956223167, 0.22812521094, 0.091004211624],
      [0.041833575893, 0.77529329477, 0.12458221484, 0.058290914498],
      [0.0015701191167, 0.027950254324, 0.95341580899, 0.017063817572],
      [0.00035241850374, 0.097559841221, 0.60632167914, 0.29576606114],
      [0.098183351298, 0.24622432172, 0.34474245003, 0.31084987696]
    ],
    [
      [0, 0.00016151699716, 0.9340742532, 0.065764229799],
      [0.017591064006, 0.64672830074, 0.21324113266, 0.1224395026],
      [0.063521350805, 0.73930961604, 0.11932578845, 0.077843244703],
      [0.0045019928346, 0.027535007172, 0.94317072206, 0.024792277937],
      [0.00055114248357, 0.088648860333, 0.53008766603, 0.38071233115],
      [0.12902897233, 0.21125635272, 0.29162783895, 0.368086836]
    ],
    [
      [5.1023790394e-05, 0.00032621026028, 0.94971481833, 0.049907947621],
      [0.021728177796, 0.71918865208, 0.18382882317, 0.075254346956],
      [0.075426958946, 0.78740337164, 0.091872739408, 0.045296930005],
      [0.0079710913231, 0.037836993283, 0.93718827127, 0.017003644122],
      [0.00078064758073, 0.12547684698, 0.54075746883, 0.33298503662],
      [0.18652323449, 0.27326862457, 0.27583876491, 0.26436937602]
    ],
    [
      [6.111179977e-05, 0.0018888120408, 0.94309322721, 0.054956848954],
      [0.017875573667, 0.7153398441, 0.18190516767, 0.084879414568],
      [0.063057409749, 0.7936431917, 0.091031154909, 0.052268243641],
      [0.0064563260955, 0.036604902078, 0.93659304344, 0.020345728386],
      [0.00073859299533, 0.1214984366, 0.54267807426, 0.33508489615],
      [0.15345696294, 0.26960635798, 0.27828802146, 0.29864865762]
    ],
    [
      [0.00010558743029, 0.0015050013168, 0.8432582247, 0.15513118655],
      [0.014667530725, 0.50247329405, 0.24406924053, 0.23878993469],
      [0.059713483338, 0.64458913651, 0.12931359661, 0.16638378355],
      [0.00461389875, 0.018594980814, 0.93947447703, 0.037316643403],
      ["NaN", "NaN", "NaN", "NaN"],
      [0.082193062263, 0.11918526776, 0.24508921922, 0.55353245077]
    ],
    [
      [1.7289920418e-05, 0.0031759847467, 0.9294149194, 0.067391805929],
      [0.031677671101, 0.676796237, 0.18017582419, 0.11135026771],
      [0.10759227774, 0.72274752929, 0.10351781373, 0.066142379239],
      [0.009735284932, 0.032114618826, 0.93282451332, 0.02532558292],
      [0.0011528670343, 0.10101473333, 0.52003508553, 0.3777973141],
      [0.26265990964, 0.22375376657, 0.13545443679, 0.378131887]
    ],
    [
      [1.9224480376e-05, 0.20587795132, 0.67488942674, 0.11921339746],
      [0.026789405717, 0.73693274082, 0.053820973601, 0.18245687986],
      [0.052117259596, 0.80177825744, 0.069405851157, 0.076698631802],
      [0.0071491416207, 0.054708293241, 0.89517047196, 0.042972093177],
      [0.00068036884398, 0.13167468418, 0.37796578491, 0.48967916206],
      [0.12135597606, 0.26598098737, 0.1888548572, 0.42380817938]
    ],
    [
      [4.1045012749e-05, 0.00040478462025, 0.94269895149, 0.056855218875],
      [0.022682464308, 0.74545838208, 0.15711842719, 0.074740726425],
      [0.077047458582, 0.80054222805, 0.078292755819, 0.044117557545],
      [0.0091316456439, 0.045170451302, 0.92608707026, 0.019610832798],
      [0.0010614142371, 0.14386353192, 0.53203797483, 0.32303707901],
      [0.19850324303, 0.2910862107, 0.24210481497, 0.2683057313]
    ],
    [
      [6.354763076e-05, 0.00044449013337, 0.89492454996, 0.10456741228],
      [0.02273649229, 0.75486476103, 0.11959515723, 0.10280358945],
      [0.076116268561, 0.80498602873, 0.057825859505, 0.0610718432],
      [0.012094889187, 0.057206087337, 0.89368971341, 0.037009310062],
      [0.0010670268215, 0.14545984848, 0.39990452426, 0.45356860043],
      [0.18950188222, 0.28125690916, 0.17342057361, 0.35582063501]
    ],
    [
      [5.3381171651e-05, 0.00048859563859, 0.88745062052, 0.11200740267],
      [0.023160160912, 0.69126150475, 0.14170865032, 0.14386968402],
      [0.079798489723, 0.75808780142, 0.075369388723, 0.086744320132],
      [0.0099409013251, 0.045203214664, 0.90500600346, 0.039849880547],
      [0.00076998727025, 0.10310580717, 0.3786133995, 0.51751080605],
      [0.16547578104, 0.2226789098, 0.18624154608, 0.42560376307]
    ],
    [
      [0.00011737588479, 0.003277843486, 0.89394927825, 0.10265550238],
      [0.027570019513, 0.69155616778, 0.10273006736, 0.17814374535],
      [0.08056845744, 0.68958473901, 0.1324911464, 0.097355657148],
      [0.0089571999009, 0.036757427149, 0.91771650834, 0.036568864614],
      [0.00075031838762, 0.08252523734, 0.40422454788, 0.51249989639],
      [0.1562906933, 0.1875963509, 0.20936533093, 0.44674762487]
    ]
  ],
  "expected_outcome": [
    [
      [0, 0.0028771233853, 0, 0.00043922161211, 0, 0.00098995640862, 0.0030583417977, 0, 0.12083265356, 2.628767698e-05, 0.00020225585156, 0.00030205336159, 0.0046342805596, 4.9562590893e-05, 0, 0, 0, 0, 0.0024503003174, 0.00070883815893, 0.0023026351011, 0.003901024791, 0.0011334607953, 0, 0.00082860562515, 0.00032406730578, 0.0008570871019, 0, 0.0018091580826, 0, 0.0063732096215, 0.0013596224909, 0, 0.0044797711862, 0, 0, 0.0044280009184, 0, 0.0024564201457, 0.0020794676624, 5.3899491964e-05, 0.0026570590576, 0, 0.0019018155596, 0, 0.0010393514455, 0.0023670053066, 0, 0, 0.0050785727844, 0.0060870207701, 0, 0.00027573835916, 0.00053475853974, 0.0047162690287, 0.039929664914, 0, 0, 0.00016836961843, 0.0067245426223, 0.0018050509476, 0.001864732559, 1.2121732045e-05, 0, 0.0014829712134, 0.0012062074182, 0.0016151714246, 0.00087279718374, 8.8223090392e-05, 0.0059647246792, 0.00077767072857, 0.0060613242079, 0.0016746537513],
      [0.013032586337, 0.061977558123, 0.041752959642, 0.0022878605736, 0, 0.031003403505, 0.015749437215, 0, 0.0060024244534, 0.0060854368437, 0.00069047256638, 0.0041348353631, 0.0051347871172, 0.018098151637, 0, 0, 0.01278286726, 0.013881819714, 0.092779918481, 0.0062567730532, 0.024888622289, 0.072776172338, 0.082049315665, 0, 0.0017638077646, 0.024730997183, 0.061750938534, 0.031353220827, 0.032485381633, 0, 0.016662966437, 0.023202375165, 0, 0.14413730461, 0.030105115935, 0.0055329318352, 0.003675302945, 0.0025922736208, 0.012273397022, 0.11477019815, 0.027922696572, 0.017428142221, 0.0085529642051, 0.090520953549, 0, 0.035871712973, 0.063286639427, 0, 0, 0.040970330067, 0.021345687407, 0, 0.089918544642, 0.011732226734, 0.0069284527766, 0.050375445015, 0.0074575113373, 0.0016790428231, 0.03074462314, 0.0018799965259, 0.011979284729, 0.020932407508, 0.0075403174765, 0.017789229185, 0.0094810758229, 0.019239058639, 0.007622114973, 0.057573841792, 0.29192024738, 0.058823926525, 0.0054394941515, 0.052634714401, 0.02277495151],
      [23.7543302184, 19.9838291451, 0.83921949681, 3.7695796704, 0, 1.9042301376, 2.8960293834, 0, 5.8438549939, 16.1246101038, 1.8653406833, 8.4217770571, 6.9893944785, 0.93730929043, 0, 0, 23.648802893, 18.8128020471, 8.2214242224, 7.2867926858, 23.665298224, 11.8289097514, 12.3290307597, 17.6014211987, 6.6092067201, 28.0950713504, 48.258991233, 40.1384423138, 10.9183634724, 0, 0.78346275831, 2.6579183726, 0, 1.5811505455, 37.0608714241, 17.7813171559, 11.951807286, 16.7147508029, 15.3760848993, 5.7529917628, 30.4004371528, 41.5012866409, 16.2603845894, 12.08989487, 0, 9.5112372355, 18.6773522012, 0, 5.748730606, 66.7042698507, 5.9620810021, 4.569884969, 106.4879158759, 1.9167060648, 16.1279912462, 2.4614067674, 15.8960995763, 1.6345177562, 21.3670214461, 16.3797152835, 28.7213622624, 22.284082406, 21.0319162141, 67.5734995478, 18.1049547731, 15.1647775124, 8.715339979, 30.8796529086, 2.3806417974, 89.9017312994, 7.2501051315, 68.9084261961, 10.8059129085],
      [1.2326371953, 0.95131617335, 0.11902754355, 0.22769324739, 0, 0.063776502458, 0.085162837544, 0, 0.029309928106, 0.86927817164, 0.13376658829, 0.57378605419, 1.0008364538, 0.044542995337, 0, 0, 2.3384142398, 2.1733161332, 0.68334555884, 0.70624170299, 2.3075105186, 2.0944130515, 0.5877864638, 1.3985788013, 0.38820086649, 1.8798735851, 3.6784007413, 2.8302044653, 1.0473419879, 0, 0.19350106564, 0.31751962974, 0, 0.27023237874, 4.90902346, 1.2131499123, 1.0400894101, 1.2826569234, 0.60918528352, 1.1301585713, 2.5715862512, 2.4786281579, 0.73106244635, 0.81768236089, 0, 0.4518517001, 1.2569941541, 0, 0.25126939399, 3.2496812465, 1.0104862897, 0.43011503104, 8.4218898411, 0.071026949907, 1.860364032, 0.44828812265, 1.0964429124, 0.36380320095, 1.6020655611, 0.61168017731, 1.2648534019, 1.6931204539, 0.96053134671, 4.408711223, 0.88408117982, 0.81477722153, 1.2754227346, 2.0619004524, 0.32734973215, 5.0334800494, 0.74367770367, 8.0328777652, 1.1696374863]
    ],
    [
      [0.9989042306, 1.9042189836, 0, 0.52831166793, 0.82282699678, 0.1768521483, 0.097284108102, 0.26471961228, 0.13593857112, 0.098943035428, 0.12980331753, 0.32103473965, 0.52045039864, 0.11252240375, 0, 0.079217661435, 0.30404819034, 0.4954177821, 1.5704803107, 2.3259971071, 0.42350331393, 0.54831620585, 1.4367289095, 0.050036030435, 0.42741993726, 2.0037798118, 3.2484344978, 2.493829153, 0.2013853522, 0.034939513584, 0.076545813651, 0.10879333123, 0.062448458926, 0.023368435026, 0.18234105916, 0.15555427707, 0.13415402987, 0.31766450773, 0.75774418322, 0.18034577355, 0.3927625237, 1.8033958053, 0.23914402152, 1.0453118371, 0, 0.38487334978, 1.049902014, 0, 0.27753328828, 1.7028698041, 0.034429007336, 0.23548883733, 2.1632079767, 0.025814988109, 0.40358646148, 0, 0.56417108785, 0.14607323953, 0.48370987419, 0.24080600581, 0.83827153892, 1.1641043619, 0.27968301657, 0.82052123886, 0.82944634059, 0.41255662492, 0.10474547837, 0.57802684903, 0.051619510559, 4.044134035, 0.75322021716, 4.0690320738, 1.3477244748],
