{
  "X": [
    [43, 63, 244, 519, 69],
    [3, 12, 5, 13, 2],
    [8, 54, 73, 186, 33],
    [61, 377, 136, 596, 190],
    [42, 312, 57, 370, 151],
    [40, 439, 75, 442, 164],
    [57, 144, 277, 594, 79],
    [46, 121, 299, 618, 58],
    [37, 104, 222, 503, 54],
    [31, 51, 235, 440, 37],
    [44, 79, 304, 520, 69],
    [75, 59, 286, 523, 55],
    [12, 17, 130, 194, 21],
    [32, 45, 312, 485, 52],
    [6, 12, 106, 164, 16],
    [25, 37, 278, 438, 47],
    [24, 123, 84, 387, 71],
    [40, 185, 99, 481, 64],
    [26, 52, 221, 509, 53],
    [52, 60, 376, 633, 71],
    [28, 114, 170, 438, 58],
    [26, 35, 203, 397, 43],
    [2, 11, 10, 48, 7],
    [11, 63, 48, 199, 24],
    [3, 8, 5, 31, 10],
    [0, 6, 1, 6, 2],
    [12, 90, 29, 194, 30],
    [0, 9, 10, 16, 9],
    [6, 10, 24, 42, 6],
    [79, 370, 445, 1257, 176],
    [12, 35, 173, 180, 32],
    [105, 238, 551, 1174, 233],
    [11, 33, 37, 54, 23]
  ],
  "W": [
    [630, 100, 21, 104, 83],
    [12, 16, 2, 0, 5],
    [214, 57, 9, 41, 33],
    [638, 431, 61, 44, 186],
    [317, 352, 72, 12, 179],
    [393, 495, 78, 15, 179],
    [726, 181, 31, 122, 91],
    [770, 161, 28, 121, 62],
    [586, 115, 36, 116, 67],
    [555, 65, 24, 103, 47],
    [663, 89, 28, 157, 79],
    [680, 82, 17, 146, 73],
    [258, 29, 12, 49, 26],
    [637, 60, 20, 157, 52],
    [197, 16, 3, 68, 20],
    [560, 55, 25, 138, 47],
    [409, 141, 28, 31, 80],
    [520, 221, 34, 29, 65],
    [605, 72, 30, 87, 67],
    [805, 85, 26, 188, 88],
    [476, 139, 33, 86, 74],
    [495, 46, 18, 106, 39],
    [56, 15, 2, 1, 4],
    [219, 70, 7, 22, 27],
    [37, 8, 0, 1, 11],
    [7, 7, 0, 0, 1],
    [201, 91, 14, 9, 40],
    [21, 12, 3, 4, 4],
    [47, 11, 1, 16, 13],
    [1363, 411, 105, 261, 187],
    [221, 45, 9, 127, 30],
    [1481, 332, 32, 260, 196],
    [62, 46, 3, 16, 31]
  ],
  "method": "mvn_cdf",
  "mvncdf_method": "genz",
  "mvncdf_samples": 5000,
  "mvncdf_error": 1e-06,
  "cond_prob": [
    [
      [0.043673848173, 6.3351211527e-07, 0.22606867181, 0.72039181571, 0.0098650307955],
      [0.034156490458, 0.57892155697, 0.00010568731272, 0.18538423673, 0.20143202852],
      [0.0054762492107, 0.12606448038, 0.0012691969376, 0.83600070759, 0.031189365877],
      [0.00052563411308, 3.7864622968e-12, 0.9798882297, 0.019555003367, 3.1132812576e-05],
      [0.14216787856, 0.014390535217, 0.00065029710937, 0.3373059382, 0.50548535092]
    ],
    [
      [0.04470026858, 4.1196997413e-07, 0.47902257061, 0.47429443617, 0.0019823126689],
      [0.053624496089, 0.70468515816, 0.00025974574332, 0.17318218807, 0.068248411931],
      [0.0083145887786, 0.1293723641, 0.0033620712651, 0.84919265776, 0.0097583180977],
      [0.00018789121976, 8.7040167436e-13, 0.99525885141, 0.004551037587, 2.2197811751e-06],
      [0.33918563637, 0.019316919686, 0.0021650485529, 0.42344803616, 0.21588435922]
    ],
    [
      [0.030926711019, 3.6343573533e-06, 0.15731802411, 0.79101209786, 0.020739532655],
      [0.005854333046, 0.84104936204, 1.7666759695e-05, 0.048968486842, 0.10411015131],
      [0.002239743455, 0.43078699079, 0.00050733962499, 0.52820604737, 0.038259878761],
      [0.00052145493781, 3.0391704334e-11, 0.96934448276, 0.030042507442, 9.1554834366e-05],
      [0.061209453009, 0.050903431299, 0.00027314768434, 0.22383844954, 0.66377551847]
    ],
    [
      [0.055045093496, 2.9692832338e-06, 0.1511242, 0.77286477664, 0.020962960585],
      [0.012920698468, 0.79966948926, 2.1236016933e-05, 0.059745590629, 0.12764298562],
      [0.0044220147372, 0.37856699623, 0.00054345602026, 0.57401105805, 0.042456474966],
      [0.00097816125439, 2.6205011064e-11, 0.9679434375, 0.030980725613, 9.767560964e-05],
      [0.10677484571, 0.040137866091, 0.00025961029385, 0.21598902147, 0.63683865644]
    ],
    [
      [0.0491138107, 2.4355745772e-06, 0.14827745416, 0.78700855055, 0.015597749011],
      [0.014000018952, 0.79686810009, 2.5246093775e-05, 0.073810396031, 0.11529623883],
      [0.004237366439, 0.3334970016, 0.00057190375464, 0.62776916234, 0.033924565861],
      [0.00088168711049, 2.1713285591e-11, 0.96717813801, 0.031866757432, 7.3417426178e-05],
      [0.11600042942, 0.040028943337, 0.00030923244169, 0.26734125495, 0.57632013985]
    ],
    [
      [0.041575223585, 2.6162042192e-06, 0.15699004882, 0.78627928147, 0.015152829919],
      [0.011267575014, 0.81212478783, 2.543027595e-05, 0.07013480204, 0.10644740484],
      [0.0035094712085, 0.35013602007, 0.00059253712893, 0.61352689757, 0.032235074018],
      [0.0007086861355, 2.2143117924e-11, 0.96899865124, 0.030224948561, 6.7714041169e-05],
      [0.1013663721, 0.044406642419, 0.00033842035478, 0.2760049146, 0.57788365053]
    ],
    [
      [0.053199135835, 1.4119046497e-06, 0.21688660213, 0.71887830313, 0.011034547001],
      [0.024011560351, 0.73932865743, 5.8574438924e-05, 0.10684030998, 0.12976089781],
      [0.005758679794, 0.24319417713, 0.0010511079571, 0.71985187269, 0.030144162425],
      [0.00066722254916, 8.7953511861e-12, 0.97895710136, 0.020339382622, 3.6293462737e-05],
      [0.15644040282, 0.028969701843, 0.00056416745501, 0.30429766595, 0.50972806193]
    ],
    [
      [0.042185693955, 1.0366307146e-06, 0.2355786787, 0.71351160308, 0.0087229876352],
      [0.024660015858, 0.70480629871, 8.2400696726e-05, 0.13734157306, 0.13310971168],
      [0.0049502400576, 0.19340679794, 0.0012376784621, 0.77457650973, 0.025828773808],
      [0.00048839308765, 5.9599446742e-12, 0.98085482244, 0.018630303526, 2.6480937242e-05],
      [0.14566658093, 0.024995384298, 0.00071969946603, 0.35472752597, 0.47389080934]
    ],
    [
      [0.04420574026, 1.893995011e-06, 0.18587183351, 0.75862643575, 0.011294096486],
      [0.015756375818, 0.79009211973, 3.96262554e-05, 0.089005934989, 0.10510594321],
      [0.0042586623958, 0.29152185658, 0.0008014650134, 0.67592997343, 0.027488042573],
      [0.00064295536931, 1.3679730995e-11, 0.97442870074, 0.024885272808, 4.3071069194e-05],
      [0.12821965794, 0.038375414129, 0.0004765588088, 0.3165149849, 0.51641338422]
    ],
    [
      [0.04023821377, 9.7854601156e-07, 0.24346632912, 0.70752045819, 0.0087740203739],
      [0.024170989836, 0.69767944872, 8.7396884593e-05, 0.13985796507, 0.13820419949],
      [0.0047995188399, 0.18652807196, 0.0012995287762, 0.78093433643, 0.026438543994],
      [0.00045016977158, 5.4364566371e-12, 0.98167307025, 0.017851020252, 2.5739716424e-05],
      [0.1398039374, 0.023773154754, 0.000746736792, 0.35333680103, 0.48233937002]
    ],
    [
      [0.048417192301, 1.8487017574e-06, 0.22711194684, 0.70988517762, 0.014583834534],
      [0.017055830256, 0.76641582157, 4.7854060059e-05, 0.082329169821, 0.13415132429],
      [0.0048640341979, 0.29751418492, 0.0010210800424, 0.65958317618, 0.037017524655],
      [0.00058038407461, 1.1005966743e-11, 0.98017821785, 0.019195559114, 4.5838951309e-05],
      [0.12291249571, 0.032816326668, 0.00050977009127, 0.25932793676, 0.58443347076]
    ],
    [
      [0.096630638844, 9.4255241699e-07, 0.20630549127, 0.68677376444, 0.010289162893],
      [0.05671842429, 0.65251972893, 7.246451849e-05, 0.13274921453, 0.15794016773],
      [0.011741486181, 0.18284766661, 0.0011232910058, 0.77270732209, 0.031580234115],
      [0.0012717503199, 6.1653902669e-12, 0.97828719022, 0.020405524274, 3.5535181087e-05],
      [0.26549506856, 0.018069132611, 0.00050066450178, 0.27119469765, 0.44474043668]
    ],
    [
      [0.029721174169, 3.981411691e-07, 0.33756448425, 0.62548499478, 0.0072289486564],
      [0.032471504629, 0.53315928061, 0.00021857602448, 0.22396459509, 0.21018604365],
      [0.0044647564146, 0.094961153928, 0.0022618464589, 0.87087323574, 0.027439007456],
      [0.00023972871008, 1.5939540606e-12, 0.98837497174, 0.011370014281, 1.5285266135e-05],
      [0.12476405629, 0.011703905175, 0.0012379922955, 0.37500887404, 0.4872851722]
    ],
    [
      [0.03886192741, 1.0454216378e-06, 0.25107659559, 0.69637475185, 0.013685679723],
      [0.020773759278, 0.66473888231, 8.0240290799e-05, 0.1225169838, 0.19189013432],
      [0.0045656865637, 0.19659918693, 0.0013200919076, 0.75688930271, 0.040625731893],
      [0.00042241830204, 5.6424162321e-12, 0.98246779035, 0.017070792993, 3.8998348596e-05],
      [0.10678057075, 0.020129010925, 0.00060982657825, 0.27532517057, 0.59715542118]
    ],
    [
      [0.025462871671, 9.3892309402e-07, 0.19871708826, 0.76518140785, 0.010637693298],
      [0.013797002119, 0.69500513954, 6.3621882018e-05, 0.1352030851, 0.15593115136],
      [0.0028534216941, 0.17336112224, 0.00099208841374, 0.79245966715, 0.030333700504],
      [0.00034261120652, 6.2622276781e-12, 0.97645233122, 0.023167588574, 3.746899124e-05],
      [0.080525710239, 0.021170430165, 0.00054882370148, 0.34481986239, 0.5529351735]
    ],
    [
      [0.033957278129, 7.0815303711e-07, 0.25846962454, 0.69550628087, 0.012066108307],
      [0.023932613597, 0.59145717531, 0.00010883846651, 0.16128549039, 0.22321588224],
      [0.004290615084, 0.14252523362, 0.0014613362634, 0.81323551733, 0.0384872977],
      [0.00035851128995, 3.7117942764e-12, 0.98305146116, 0.016556634964, 3.3392586297e-05],
      [0.10259748654, 0.014975896458, 0.00068974795604, 0.30222474957, 0.57951211947]
    ],
    [
      [0.037026511682, 2.2307699469e-06, 0.13991964675, 0.80797734487, 0.015074265933],
      [0.011226580152, 0.78897687165, 2.5336844573e-05, 0.080514103434, 0.11925710792],
      [0.0032327529425, 0.31096777685, 0.00054641612626, 0.65200639292, 0.033246661158],
      [0.00070525497651, 2.109261273e-11, 0.96452333733, 0.034696153238, 7.525443232e-05],
      [0.091064591097, 0.038335908431, 0.00030390187256, 0.28556429951, 0.58473129909]
    ],
    [
      [0.050611066932, 1.923124537e-06, 0.14353086268, 0.79400116453, 0.011854982743],
      [0.017763209731, 0.78198255395, 3.0130067648e-05, 0.091697955597, 0.10852615066],
      [0.0047029774451, 0.28446271392, 0.00059716860652, 0.68241300095, 0.027824139078],
      [0.0009429403385, 1.7794413556e-11, 0.96563195878, 0.033367183519, 5.7917346988e-05],
      [0.13875627225, 0.036792507733, 0.0003478180414, 0.31301372553, 0.51108967645]
    ],
    [
      [0.030566235574, 7.8384138908e-07, 0.22417992628, 0.73592662159, 0.0093264327186],
      [0.021253911944, 0.64081604144, 9.3173511596e-05, 0.16837650322, 0.16946036988],
      [0.0036691174627, 0.14965825459, 0.0012043078179, 0.81723362826, 0.028234691873],
      [0.00037086496921, 4.721095761e-12, 0.97947030328, 0.020129170088, 2.9661662576e-05],
      [0.10563708765, 0.018920461861, 0.00068479582313, 0.36593713754, 0.50882051713]
    ],
    [
      [0.045276137372, 8.2157991168e-07, 0.23988184302, 0.70421492918, 0.010626268844],
      [0.029836556592, 0.63457515291, 9.4598653346e-05, 0.15281820211, 0.18267548974],
      [0.0055574535627, 0.16044554003, 0.0013185473736, 0.79978313124, 0.032895327795],
      [0.00051517437455, 4.6426496491e-12, 0.98137949851, 0.018073622118, 3.1704992284e-05],
      [0.14152816792, 0.017929111605, 0.00066349710596, 0.31695146276, 0.52292776061]
    ],
    [
      [0.035607793589, 1.3810482283e-06, 0.18093525504, 0.773813826, 0.0096417443158],
      [0.016559254807, 0.74807916897, 5.0263670224e-05, 0.11833997686, 0.1169713357],
      [0.0036928486319, 0.22806344625, 0.00083948692801, 0.74216564031, 0.025238577877],
      [0.00053062725863, 1.0217192809e-11, 0.97343379769, 0.025997910367, 3.7664678638e-05],
      [0.1154726933, 0.03125212198, 0.00051813413001, 0.36072534952, 0.49203170107]
    ],
    [
      [0.041975490507, 1.178847831e-06, 0.20043707556, 0.74065941206, 0.016926843028],
      [0.019522879668, 0.65964068069, 5.5702436126e-05, 0.11331217546, 0.20746856175],
      [0.0045488701363, 0.20538239153, 0.000972131318, 0.74267454586, 0.046422061155],
      [0.00056680743302, 7.9038186245e-12, 0.97681748654, 0.022555791725, 5.991429752e-05],
      [0.098136586362, 0.019359354987, 0.00041379803379, 0.24887800801, 0.63321225261]
    ],
    [
      [0.027433003016, 1.3633461063e-06, 0.15946041148, 0.79432312255, 0.018782099607],
      [0.0094958727127, 0.70648152327, 3.1617449757e-05, 0.087571920837, 0.19641906573],
      [0.0026900195339, 0.23090415904, 0.00068686585936, 0.71704216902, 0.04867678655],
      [0.00043018776725, 1.0535496375e-11, 0.97161243091, 0.027880779822, 7.6601493939e-05],
      [0.053207434333, 0.020415714894, 0.00026248520423, 0.21464343731, 0.71147092825]
    ],
    [
      [0.035509580162, 2.8029019316e-06, 0.13217680958, 0.8189898071, 0.01332100026],
      [0.0087450434339, 0.83815328477, 1.9333236165e-05, 0.065970805253, 0.087111533306],
      [0.0028414365847, 0.36462281303, 0.00047191132589, 0.60491971034, 0.027144128718],
      [0.00070700583822, 2.7689248828e-11, 0.9624842339, 0.036739276017, 6.9484217331e-05],
      [0.091911694456, 0.051172169882, 0.00030011089613, 0.30277944182, 0.55383658295]
    ],
    [
      [0.051043038467, 5.5625771935e-06, 0.11783939636, 0.79936061833, 0.03175138426],
      [0.0040990376102, 0.90185047429, 5.300212275e-06, 0.019953892184, 0.074091295698],
      [0.0025156411194, 0.60185545873, 0.00024903566401, 0.35291968502, 0.042460179469],
      [0.0010076459296, 5.4489078509e-11, 0.96317264166, 0.035655701192, 0.0001640111667],
      [0.065240848071, 0.054321763921, 0.00012354261893, 0.13726525966, 0.74304858572]
    ],
    [
      [0.0083824739228, 2.8884116085e-06, 0.10935719922, 0.86271419333, 0.019543245112],
      [0.00097965002312, 0.87885307357, 5.1596394987e-06, 0.023315521749, 0.09684659502],
      [0.00064084233556, 0.47920912556, 0.00027630065161, 0.47484856627, 0.045025165182],
      [0.00011017935777, 1.6278239211e-11, 0.9779322573, 0.021899275788, 5.8287541525e-05],
      [0.0066204961431, 0.03511203977, 7.0660154171e-05, 0.094016462753, 0.86418034118]
    ],
    [
      [0.037376739287, 3.8757812747e-06, 0.11773040895, 0.83115629002, 0.013732685962],
      [0.0070589439609, 0.87330661433, 1.32165405e-05, 0.051378346417, 0.068242878755],
      [0.0026085758675, 0.43745162074, 0.0003665791513, 0.53523243597, 0.024340788269],
      [0.00082871783584, 4.2642807531e-11, 0.95756446228, 0.041527041558, 7.9778285153e-05],
      [0.093015443755, 0.067623556266, 0.00025709354282, 0.29548923872, 0.54361466771]
    ],
    [
      [0.016125944934, 1.9529439386e-06, 0.28016314364, 0.64125719867, 0.062451759811],
      [0.0031713226731, 0.57408255012, 2.8450179372e-05, 0.038410056249, 0.38430762078],
      [0.001469748114, 0.32007920098, 0.0010278904772, 0.52376180409, 0.15366135634],
      [0.00013240945192, 7.7575327521e-12, 0.98813437402, 0.011602865378, 0.00013035114322],
      [0.009601984886, 0.0098943998096, 0.00013306149144, 0.052960065878, 0.92741048794]
    ],
    [
      [0.06228125211, 1.602279372e-06, 0.17449528984, 0.75619437562, 0.0070274801452],
      [0.020234849499, 0.83796208747, 3.2204534272e-05, 0.078056165422, 0.063714693073],
      [0.0061606810572, 0.28351327454, 0.00075744742878, 0.69141896878, 0.018149628188],
      [0.00087646579549, 1.123977683e-11, 0.97500375122, 0.024093732849, 2.6050121113e-05],
      [0.21495912603, 0.038833637177, 0.00049276719129, 0.35260140538, 0.39311306423]
    ],
    [
      [0.040167571182, 2.3408033731e-06, 0.14734581258, 0.79792768163, 0.0145565938],
      [0.011936617077, 0.79771651908, 2.6256082271e-05, 0.078165804306, 0.11215480345],
      [0.00349207017, 0.32264303048, 0.00057391855832, 0.6414072305, 0.031883750293],
      [0.00073414430969, 2.1243940576e-11, 0.96630635758, 0.032889747542, 6.9750551161e-05],
      [0.10050851303, 0.040827215577, 0.00032725637933, 0.28811993593, 0.57021707908]
    ],
    [
      [0.038154591987, 1.5011326541e-06, 0.21952598081, 0.72454422865, 0.017773697421],
      [0.014749354604, 0.71069651159, 5.031175568e-05, 0.091665077884, 0.18283874417],
      [0.0039592262568, 0.25295382133, 0.0010156193998, 0.6951751232, 0.046896209811],
      [0.0004669394595, 9.1190678387e-12, 0.97948247569, 0.019993588186, 5.6996655769e-05],
      [0.086689013214, 0.024082420842, 0.00043643242504, 0.23506405547, 0.65372807805]
    ],
    [
      [0.052505600664, 1.5280592551e-06, 0.19984202023, 0.72545945722, 0.022191393833],
      [0.02000973299, 0.66931328357, 4.5654241068e-05, 0.091125867505, 0.21950546169],
      [0.0053833345602, 0.24852036572, 0.0009179466159, 0.6878431232, 0.057335229901],
      [0.00071554511956, 1.0341601158e-11, 0.97690451757, 0.022300644867, 7.9292434784e-05],
      [0.10177000186, 0.020664502509, 0.00034372287546, 0.20289216724, 0.67432960551]
    ],
    [
      [0.054217000449, 8.373332185e-07, 0.3686645674, 0.56870608336, 0.008411511455],
      [0.036417405169, 0.6896592081, 0.00014134667792, 0.12352204316, 0.15025999689],
      [0.0078295119132, 0.19625792499, 0.002320379289, 0.76261365356, 0.030978530246],
      [0.0003811289759, 2.9304880778e-12, 0.99055884033, 0.0090444874589, 1.5543233323e-05],
      [0.19882059386, 0.02127051636, 0.0011252827017, 0.29051176497, 0.48827184211]
    ]
  ],
  "expected_outcome": [
    [
      [27.5145243489, 0.53640322297, 6.618316158, 35.1187696505, 15.5690779918, 16.3390628689, 38.622572616, 32.4829843457, 25.9045637921, 22.3322086425, 32.1005984954, 65.7088344142, 7.6680629357, 24.7550477602, 5.0161857192, 19.0160757521, 15.1438432781, 26.3177548045, 18.4925725224, 36.4472905844, 16.9493097482, 20.7778678008, 1.5362481689, 7.7765980554, 1.8885924233, 0.05867731746, 7.5127245967, 0.33864484362, 2.9272188492, 54.7483995212, 8.4321648291, 77.7607945832, 3.3614540278],
      [0.00039911263262, 4.9436396895e-06, 0.0007777524736, 0.0018944027032, 0.00077207714096, 0.0010281682581, 0.0010250427757, 0.00079820565027, 0.0011098810764, 0.00054309303642, 0.0012256892651, 0.00064093564355, 0.00010272042163, 0.00066593358326, 0.00018496784952, 0.00039656570078, 0.0009123849083, 0.0010000247592, 0.0004742240404, 0.0006613718289, 0.00065737895669, 0.00058352967634, 7.6347381953e-05, 0.00061383552302, 0.00020581535616, 2.021888126e-05, 0.00077903203622, 4.1011822711e-05, 7.5307130484e-05, 0.0031905149975, 0.00033175031655, 0.0022630557568, 5.1914659547e-05],
      [142.4232632406, 5.7482708473, 33.6660571595, 96.4172396002, 47.0039529699, 61.6970891873, 157.4596731446, 181.3955825954, 108.9208944378, 135.1238126602, 150.575220758, 140.2877340613, 87.0916369367, 159.9357913936, 39.147266387, 144.7429897426, 57.2271355201, 74.6360485912, 135.6288553981, 193.1048836314, 86.1251814009, 99.2163524008, 8.9297830429, 28.9467212979, 4.3600576655, 0.76550039457, 23.6638121994, 5.8834260165, 8.2012786226, 200.8323425462, 48.5152417587, 295.9660319562, 22.8572031788],
      [453.8468438967, 5.6915332341, 169.2765889418, 493.0877274935, 249.4817105245, 309.0077576173, 521.9056480741, 549.4039343741, 444.555091348, 392.6738542968, 470.6538727612, 467.0061598216, 161.3751286538, 443.5907169289, 150.7407373461, 389.4835172877, 330.4627340503, 412.8806055531, 445.2356060607, 566.8930179927, 368.3353811776, 366.6264089701, 44.4820948628, 179.3587677543, 29.5763428783, 6.0389993533, 167.0624142934, 13.4664011721, 35.5411356542, 1087.5754300676, 160.1242745319, 1074.4054561379, 35.2597771685],
      [6.2149694012, 0.023787752027, 4.4382599882, 13.3743688531, 4.9444864366, 5.9550621583, 8.0110811226, 6.7167004791, 6.618340541, 4.8695813075, 9.6690822961, 6.9966307673, 1.8650687534, 8.7177779837, 2.0956255797, 6.7570206519, 6.1653747667, 6.1645910264, 5.6424917947, 8.5541464197, 4.5894702943, 8.3787872986, 1.051797578, 2.9172990569, 1.1748012176, 0.13680271578, 2.7602698784, 1.311486956, 0.33029156683, 19.84063735, 3.9279871299, 32.8654542668, 0.52151371021]
    ],
    [
      [3.4156490458, 0.85799193743, 0.33369698362, 5.5688210399, 4.9280066713, 5.5774496317, 4.3460924236, 3.9702625531, 1.8119832191, 1.5711143393, 1.5179688928, 4.6509107918, 0.94167363424, 1.2464255567, 0.22075203391, 1.3162937478, 1.5829478014, 3.9256693506, 1.5302816599, 2.5361073103, 2.3017364182, 0.89805246474, 0.14243809069, 0.61215304037, 0.032792300882, 0.0068575501619, 0.64236390044, 0.038055872077, 0.22258334449, 4.9059496187, 0.66372095717, 6.6432313526, 1.6752006378],
      [57.8921556971, 11.2749625306, 47.9398136364, 344.6575498727, 280.4975712333, 402.0017699768, 133.8184869941, 113.4738140922, 90.8605937684, 45.3491641667, 68.2110081196, 53.5066177726, 15.4616191378, 39.8843329383, 11.1200822327, 32.530144642, 111.2457389025, 172.8181444227, 46.1387549836, 53.9388879976, 103.9830044866, 30.3434713117, 10.597222849, 58.670729934, 7.2148037944, 6.151971515, 79.4709019038, 6.8889906015, 9.2175829622, 327.861489342, 31.9813430214, 222.2120101461, 31.7243235727],
      [0.010568731272, 0.0041559318931, 0.0010070053026, 0.0091527232982, 0.0088866250088, 0.012587986595, 0.010601973445, 0.013266512173, 0.004557019371, 0.0056807974985, 0.0042590113453, 0.0059420905162, 0.00633870471, 0.0048144174479, 0.0010179501123, 0.005986115658, 0.0035724950848, 0.0066587449502, 0.0067084928349, 0.0080408855344, 0.0069866501611, 0.0025623120618, 0.00047426174635, 0.0013533265315, 4.24016982e-05, 3.6117476491e-05, 0.0012027051855, 0.00034140215246, 0.000354249877, 0.010791249813, 0.0022640290056, 0.015157208034, 0.0065019471842],
      [18.5384236734, 2.7709150092, 2.79120375, 25.7503495612, 25.9812594028, 34.7167270097, 19.3380961058, 22.1119932627, 10.2356825237, 9.0907677299, 7.327296114, 10.8854355915, 6.4949732576, 7.3510190281, 2.1632493616, 8.8707019712, 11.3524885841, 20.2652481869, 12.123108232, 12.9895471789, 16.4492567834, 5.212360071, 1.3135788125, 4.6179563677, 0.15963113747, 0.16320865225, 4.6754295239, 0.46092067499, 0.85861781964, 32.1261455698, 4.1249285048, 30.2537880116, 5.6820139854],
      [20.1432028524, 1.0919745909, 5.9342786246, 55.0141268029, 40.5842760676, 52.6914653952, 23.4867225031, 21.4306635797, 12.0871834694, 8.9832729666, 11.9394678622, 12.9510937536, 6.0953952657, 11.5134080594, 2.4948984217, 12.2768735233, 16.8152522168, 23.9842792949, 12.2011466316, 15.5274166276, 16.2590156617, 9.5435538405, 2.946285986, 6.0978073314, 0.59273036559, 0.67792616514, 6.2101019667, 4.6116914493, 0.7008616238, 46.0956242197, 8.2277434877, 72.8758132816, 6.9119598569]
    ],
    [
      [0.11500123343, 0.016629177557, 0.020157691095, 0.26974289897, 0.3050903836, 0.27373875426, 0.17851907361, 0.13860672161, 0.15331184625, 0.11518845216, 0.13619295754, 0.19960526507, 0.053577076975, 0.091313731274, 0.0085602650824, 0.1072653771, 0.090517082391, 0.15990123313, 0.11007352388, 0.14449379263, 0.12186400485, 0.081879662454, 0.0053800390678, 0.019890056093, 0, 0, 0.036520062145, 0.004409244342, 0.0061606810572, 0.36666736785, 0.035633036311, 0.17226670593, 0.02348853574],
      [2.647354088, 0.25874472819, 3.8770829171, 23.0925867701, 24.0117841154, 27.3106095656, 7.5390194911, 5.4153903423, 10.494786837, 4.4766737271, 8.3303971778, 3.1084103324, 1.1395338471, 3.9319837385, 0.52008336672, 3.5631308404, 8.7070977519, 9.6717322734, 4.4897476376, 4.1715840407, 7.5260937264, 3.6968830475, 0.46180831808, 2.5523596912, 0, 0, 6.1243226904, 0.96023760293, 0.28351327454, 33.8775182005, 2.276584392, 7.952651703, 0.58877377497],
      [0.02665313569, 0.0067241425303, 0.0045660566249, 0.033150817236, 0.041177070334, 0.046217896057, 0.03258434667, 0.034654996939, 0.028852740482, 0.031188690629, 0.028590241188, 0.019095947099, 0.027142157506, 0.026401838151, 0.0029762652412, 0.036533406584, 0.015299651535, 0.020303732622, 0.036129234538, 0.034282231713, 0.027703068624, 0.017498363724, 0.0013737317187, 0.0033033792812, 0, 0, 0.0051321081182, 0.0030836714316, 0.00075744742878, 0.060261448624, 0.0091405745985, 0.029374291709, 0.0069611378671],
      [17.5560148594, 1.6983853155, 4.7538544263, 35.0146745408, 45.1993796887, 47.8550980107, 22.3154080535, 21.6881422725, 24.3334790436, 18.7424240742, 18.4683289331, 13.1360244755, 10.4504788289, 15.1377860542, 2.3773790014, 20.3308879334, 18.2561790018, 23.2020420322, 24.5170088478, 20.7943614123, 24.4914661302, 13.3681418255, 1.434084338, 4.2344379724, 0, 0, 7.4932541036, 1.5712854123, 0.69141896878, 67.3477592023, 6.2565761088, 22.0109799425, 2.2878409607],
      [0.65497668342, 0.019516636195, 0.34433890885, 2.5898449729, 2.442568742, 2.5143357734, 0.93446903517, 0.72320566661, 0.98956953264, 0.63452505586, 1.0364906903, 0.53686397995, 0.32926808948, 0.81251463787, 0.091001101513, 0.96218244251, 0.93090651242, 0.94602072864, 0.84704075619, 0.85527852266, 0.83287306993, 0.83559710078, 0.097353573099, 0.19000890103, 0, 0, 0.34077103576, 0.46098406902, 0.018149628188, 3.3477937808, 0.4220658883, 1.8347273568, 0.092935590739]
    ],
    [
      [0.05466594776, 0, 0.02137965245, 0.043039095193, 0.010580245326, 0.010630292033, 0.081401150998, 0.059095563605, 0.07458282284, 0.046367486472, 0.091120299714, 0.1856755467, 0.011746706794, 0.066319673421, 0.023297562043, 0.049474558014, 0.021862904272, 0.027345269816, 0.032265252321, 0.096852782414, 0.045633944242, 0.060081587901, 0.00043018776725, 0.015554128441, 0.0010076459296, 0, 0.0074584605225, 0.00052963780769, 0.014023452728, 0.19161166483, 0.059301311356, 0.18604173109, 0.0060980636145],
      [3.9379207887e-10, 0, 1.2460598777e-09, 1.1530204868e-09, 2.6055942709e-10, 3.3214676886e-10, 1.0730328447e-09, 7.2115330558e-10, 1.5868487954e-09, 5.5995503362e-10, 1.7279367786e-09, 9.0014697896e-10, 7.8103748968e-11, 8.8585934844e-10, 4.2583148211e-10, 5.1222761014e-10, 6.5387099462e-10, 5.1603799311e-10, 4.1073533121e-10, 8.7281813403e-10, 8.7867858155e-10, 8.378047742e-10, 1.0535496375e-11, 6.0916347422e-10, 5.4489078509e-11, 0, 3.8378526778e-10, 3.1030131009e-11, 1.7983642928e-10, 5.5446684904e-09, 1.1581216155e-09, 2.688816301e-09, 4.6887809244e-11],
      [101.9083758891, 0, 39.743123793, 42.5895112499, 11.6061376561, 14.5349797686, 119.4327663656, 118.6834335156, 113.0337292859, 101.1123262362, 153.8879802023, 142.8299297719, 48.4303736153, 154.2474430851, 66.3987585231, 135.6611016396, 29.9002234573, 28.0033268046, 85.213916385, 184.4993457201, 83.7153066009, 103.5426535729, 0.97161243091, 21.1746531458, 0.96317264166, 0, 8.6180801605, 3.9525374961, 15.6000600196, 252.2059593273, 124.3942744126, 253.9951745677, 15.8489414453],
      [2.0337203502, 0, 1.2317428051, 1.363151927, 0.38240108918, 0.45337422842, 2.4814046799, 2.2542667267, 2.8866916457, 1.838655086, 3.0137027809, 2.9792065441, 0.55713069975, 2.6801144998, 1.575396023, 2.284815625, 1.0755807504, 0.96764832204, 1.7512377977, 3.3978409581, 2.2358202916, 2.3909139228, 0.027880779822, 0.80826407238, 0.035655701192, 0, 0.37374337402, 0.046411461513, 0.38549972559, 8.5842241084, 2.5391856996, 5.7981676655, 0.14471179934],
      [0.0032378125079, 0, 0.003753748209, 0.0042977268242, 0.00088100911413, 0.0010157106175, 0.0044278024539, 0.0032041934063, 0.0049962440265, 0.0026511907916, 0.0071967153555, 0.0051881364386, 0.00074897804063, 0.0061227407296, 0.0025478914043, 0.004608176909, 0.0023328874019, 0.0016796030626, 0.0025805646441, 0.0059605385493, 0.0032391623628, 0.0063509155371, 7.6601493939e-05, 0.0015286527813, 0.0001640111667, 0, 0.00071800456637, 0.00052140457287, 0.0004168019378, 0.018204893853, 0.0072385752827, 0.020616033044, 0.00024869173317]
    ],
    [
      [11.7999339202, 1.6959281819, 2.0199119493, 19.8601213012, 20.7640768665, 18.144580605, 14.2360766567, 9.0313280174, 8.5907170817, 6.5707850579, 9.7100871614, 19.3811400049, 3.2438654635, 5.5525896791, 1.6105142048, 4.8220818675, 7.2851672878, 9.0191576961, 7.0776848725, 12.4544787773, 8.5449793043, 3.8273268681, 0.21282973733, 2.4816157503, 0.71764932878, 0.0066204961431, 3.7206177502, 0.038407939544, 2.7944686384, 18.7950919372, 2.6006703964, 19.9469203655, 6.1634384097],
      [1.194414423, 0.096584598432, 1.6798132329, 7.465643093, 7.1651808574, 7.948788993, 2.6362428677, 1.5497138264, 2.5711527466, 1.1173382734, 2.5924898068, 1.3190466806, 0.30430153455, 1.0467085681, 0.42340860331, 0.70386713353, 3.0668726745, 2.3915130027, 1.2676709447, 1.5777618212, 2.3126570265, 0.75501484448, 0.081662859578, 1.3816485868, 0.59753940313, 0.03511203977, 2.7049422507, 0.039577599238, 0.5048372833, 7.6346893129, 0.72247262525, 4.0502424918, 0.65938600715],
      [0.053974660077, 0.010825242765, 0.0090138735834, 0.048287514656, 0.055352607063, 0.060577243505, 0.051339238406, 0.044621366894, 0.031929440189, 0.035096629224, 0.04027183721, 0.03654850863, 0.032187799684, 0.031710982069, 0.01097647403, 0.032418153934, 0.024312149805, 0.022608172691, 0.04588132015, 0.058387745324, 0.038341925621, 0.016138123318, 0.0010499408169, 0.0081029941955, 0.0013589688082, 7.0660154171e-05, 0.010283741713, 0.00053224596575, 0.0064059734868, 0.061196942935, 0.013092972751, 0.06736968359, 0.034883763754],
      [27.9963928706, 2.1172401808, 7.3866688349, 40.1739579938, 47.8540846367, 49.404879714, 27.6910876013, 21.9931066104, 21.2065039885, 16.6068296484, 20.4869070043, 19.7972129281, 9.7502307251, 14.3169088697, 6.8963972479, 14.2045632298, 22.8451439611, 20.3458921592, 24.5177882149, 27.8917287227, 26.6936758648, 9.7062423124, 0.85857374925, 8.1750449291, 1.5099178563, 0.094016462753, 11.8195695488, 0.21184026351, 4.5838182699, 53.8784280189, 7.051921664, 39.766864779, 9.005864714],
      [41.9552841262, 1.0794217961, 21.9045921094, 118.4519900973, 103.1613050324, 103.4411734444, 46.3852536359, 29.3812301788, 34.599696743, 22.6699503911, 46.1702441903, 32.4660518778, 12.6694144772, 31.0520819011, 11.05870347, 27.2370696152, 46.7785039268, 33.2208289694, 34.0909746477, 46.0176429334, 36.4103458788, 24.6952778517, 2.845883713, 14.9535877396, 8.173534443, 0.86418034118, 21.7445867086, 3.7096419517, 5.1104698349, 106.6305937882, 19.6118423416, 132.1686026801, 15.1364271055]
    ]
  ],
  "prob": [
    [0.04548482265, 1.7381953132e-06, 0.20103709297, 0.73974879488, 0.013727551304],
    [0.01736142451, 0.75407416334, 4.6088060894e-05, 0.093186249028, 0.13533207506],
    [0.0045551897863, 0.27493397923, 0.00090260820843, 0.68502819369, 0.034580029086],
    [0.00061805367162, 1.1728797417e-11, 0.97666204431, 0.022670995564, 4.8906442246e-05],
    [0.12011734659, 0.031949775766, 0.00047233809395, 0.28245158518, 0.56500895437]
  ],
  "iterations": 111,
  "time": 0.034372,
  "message": "Converged",
  "status": 0,
  "miniter": 0,
  "maxiter": 1000,
  "maxtime": 3600,
  "param_threshold": 0.001,
  "ll_threshold": "-Inf",
  "initial_prob": "random",
  "adjust_prob_cond_method": "",
  "adjust_prob_cond_every": false,
  "candidates_id": ["FILIPAINA, Jerry Cassidy.c", "HARRIS, Mita Whare.c", "FIELD, Taito Lemalu Phillip Hans.c", "SIO, Su'a Viliamu.c", "Other candidates votes.c"],
  "group_id": ["Labour Party.p", "National Party.p", "New Zealand First Party.p", "New Zealand Pacific Party.p", "Other parties votes.p"]
}
