{
  "Z_true": {},
  "V_true": [
    [32, 133, 1003, 125],
    [309, 372, 12586, 598],
    [334, 12281, 547, 406],
    [1049, 760, 577, 118],
    [123, 1025, 683, 768]
  ],
  "p_true": [
    [0.0247, 0.1029, 0.7757, 0.0967],
    [0.0223, 0.0268, 0.9078, 0.0431],
    [0.0246, 0.9051, 0.0403, 0.0299],
    [0.4189, 0.3035, 0.2304, 0.0471],
    [0.0473, 0.3944, 0.2628, 0.2955]
  ],
  "Z_est": [
    [
      [0.0036, 0.0072, 0.241, 0.2656, 0.1743, 0.2512, 0.4846, 0.1384, 0.1077, 0.0897, 0.2225, 0.2153, 0.0179, 0.0108, 0.1615, 0.0574, 0.1897, 0.122, 0.24, 0.2717, 0.0667, 0.1487, 0.1128, 0.0144, 0.2051, 0.0564, 0, 0.082, 0.1589, 0.0872, 0.1487, 0.082, 0.0256, 0.0615, 0.1184, 0.0154, 0.4358, 0.4732, 0.6922, 0.1487],
      [0.1342, 0.4697, 2.2269, 6.0257, 2.2814, 3.2879, 2.9593, 1.4052, 1.304, 2.684, 3.1721, 2.8182, 0.3811, 1.5574, 5.9055, 2.1009, 1.6077, 1.6775, 2.3172, 3.5563, 0.6788, 1.9459, 1.4762, 1.1611, 2.684, 0.7381, 0.0671, 1.8041, 2.0801, 1.1407, 3.2717, 2.2328, 0.3355, 0.8052, 3.0595, 0.2013, 6.9605, 0.9394, 9.0584, 1.9459],
      [1.2653, 4.9999, 29.7356, 41.1238, 21.5109, 31.001, 40.4911, 17.0822, 13.2861, 26.5976, 29.7356, 26.5723, 6.3267, 6.8637, 53.1446, 6.3267, 21.9473, 16.1941, 34.8026, 39.2875, 8.2248, 18.3475, 13.9188, 12.4961, 25.3069, 6.9594, 0.5313, 10.1228, 19.6129, 10.7554, 18.3839, 8.9635, 3.1634, 7.5354, 27.8376, 1.898, 53.7772, 8.8574, 85.4109, 24.2753],
      [0.5969, 1.5233, 14.7965, 17.5849, 10.0334, 14.4599, 20.0651, 8.3742, 6.3022, 10.6287, 13.8697, 12.3942, 3.2742, 0.5681, 24.7884, 1.5149, 13.2553, 7.0064, 15.6403, 9.8845, 4.0298, 8.5579, 6.4922, 1.3285, 11.804, 3.2461, 0.4016, 3.991, 9.1481, 5.0167, 7.1958, 4.7216, 1.4755, 3.5979, 12.9844, 0.8853, 23.8264, 3.7299, 39.8385, 2.6302]
    ],
    [
      [0.1384, 0.2768, 11.5613, 10.2429, 8.8139, 7.0593, 18.6864, 10.2183, 4.291, 3.4605, 8.5819, 4.7062, 0.6921, 0.4153, 6.2288, 1.7639, 7.0593, 4.7062, 8.0282, 7.3362, 4.6579, 8.8588, 6.6441, 0.5537, 9.8465, 3.4938, 0, 1.7886, 7.3362, 5.164, 7.1977, 2.5262, 35.5007, 1.6042, 4.5678, 5.2162, 13.9607, 4.0141, 16.4717, 1.3842],
      [0, 0.2813, 5.8447, 19.2824, 7.8503, 18.7026, 7.0676, 6.3722, 4.1387, 0, 11.2206, 2.1965, 1.153, 0.4106, 10.5438, 1.2242, 4.2194, 7.3228, 5.7041, 5.9385, 1.7815, 7.6575, 15.1016, 0.9033, 8.9569, 5.7509, 1.66, 1.5931, 25.1224, 4.9433, 15.3161, 2.25, 2.1679, 1.4288, 4.6314, 1.3283, 18.2686, 1.2047, 1.6973, 1.708],
      [22.2566, 31.9691, 560.1381, 718.4698, 428.6949, 468.07, 644.8227, 343.1133, 218.0021, 210.9366, 593.1164, 176.8661, 102.3783, 22.6905, 582.858, 61.0555, 300.3556, 319.6722, 527.365, 396.0083, 235.5767, 644.9292, 548.1235, 50.0811, 480.5246, 263.0056, 8.5228, 86.6465, 332.3625, 295.6702, 345.6929, 122.3771, 83.4512, 77.2507, 247.9315, 107.1916, 619.3149, 103.6185, 886.4355, 94.4785],
      [2.605, 2.4728, 49.4559, 45.0049, 32.6409, 30.1681, 52.4233, 28.2962, 25.5682, 16.603, 38.0811, 14.2311, 9.7766, 1.4837, 42.3694, 3.9565, 36.3656, 18.2987, 41.9027, 25.7171, 18.9839, 48.5546, 44.1308, 3.4619, 34.672, 22.7497, 1.8172, 6.9718, 29.179, 25.2225, 18.7933, 9.8468, 10.8803, 6.7162, 24.8693, 6.2639, 50.4557, 7.1626, 100.3955, 6.4293]
    ],
    [
      [0.1901, 0.3802, 13.4969, 14.0672, 14.0672, 9.695, 28.4327, 11.5622, 5.0203, 4.7524, 11.7861, 6.4633, 0.9505, 0.5703, 8.5544, 3.9852, 9.695, 6.3142, 8.4362, 9.0055, 4.064, 12.1663, 9.1247, 0.7604, 14.9248, 4.7524, 0, 5.6369, 10.0752, 9.695, 10.1034, 5.5128, 35.4506, 6.2366, 6.2732, 5.4651, 22.0513, 5.5128, 24.4546, 1.9903],
      [22.0431, 15.1505, 329.7655, 861.8982, 509.8839, 459.976, 438.2177, 198.0423, 183.1062, 184.2807, 612.9333, 223.3622, 56.8996, 30.7663, 658.7087, 147.5848, 238.066, 231.0452, 304.489, 329.5234, 100.5167, 432.0456, 340.8863, 184.4045, 573.8253, 332.4415, 9.5599, 277.2894, 519.5693, 359.8245, 524.1591, 339.9327, 104.0869, 228.2045, 298.9051, 74.9467, 1008.5656, 79.1536, 880.6845, 104.8717],
      [0.2407, 0.1879, 6.7545, 7.61, 5.6275, 4.6209, 6.7956, 0, 0, 2.3479, 6.1612, 2.0022, 1.0181, 0.3081, 10.7225, 1.4825, 2.5222, 2.349, 5.5569, 3.3501, 2.3924, 6.958, 2.04, 3.0061, 9.3148, 2.8935, 0.0848, 2.7918, 3.4869, 3.7968, 5.237, 1.4487, 0.8569, 2.3201, 1.3078, 1.1284, 0, 0.1908, 9.0974, 6.5983],
      [2.5261, 0.2814, 15.9832, 10.4246, 8.4213, 5.7081, 12.5541, 6.3955, 5.8735, 4.6189, 9.1195, 4.1723, 2.1318, 0.3553, 11.0144, 0.9475, 11.7168, 4.2917, 7.5179, 6.1209, 4.0268, 9.8301, 7.949, 0.829, 7.9351, 10.9125, 0.3553, 4.2819, 8.8687, 6.6838, 4.5005, 4.1058, 2.6056, 4.2389, 6.5139, 1.4599, 13.3831, 1.1428, 30.7635, 1.5396]
    ],
    [
      [0.3628, 0.9838, 33.2039, 36.3993, 40.4375, 25.864, 66.4042, 32.4643, 15.2484, 12.2971, 30.4967, 16.6307, 2.4594, 1.4513, 22.1347, 7.3773, 25.0794, 16.724, 28.5292, 27.058, 8.7077, 31.5615, 23.6104, 1.9675, 33.0169, 12.2971, 0, 9.7962, 26.6738, 26.7976, 25.3976, 16.3759, 63.6585, 10.3479, 16.2321, 12.9199, 51.158, 14.2646, 56.4361, 4.7167],
      [0.1556, 0.6223, 9.999, 43.9032, 19.039, 21.5401, 16.5394, 6.7892, 6.5265, 5.5877, 39.2989, 3.5426, 1.089, 0.6223, 10.5791, 2.9559, 7.2185, 8.2455, 9.7584, 12.1348, 2.7593, 14.072, 21.8636, 5.0013, 14.1573, 6.3788, 0.3208, 4.3815, 15.7738, 13.0683, 12.1065, 13.1727, 3.1548, 5.0151, 8.8271, 2.5773, 26.5597, 2.4062, 16.2816, 2.0225],
      [0.4282, 2.1804, 40.1619, 64.6594, 53.1696, 43.5484, 68.5133, 28.9021, 18.8411, 18.0863, 56.0952, 15.7977, 2.9975, 1.7274, 31.6553, 8.1359, 22.6052, 25.5755, 42.1739, 35.3569, 10.277, 60.3863, 37.6823, 5.5667, 39.3802, 16.2719, 0.4801, 11.5616, 29.4944, 37.5896, 29.9745, 24.4078, 7.034, 11.142, 21.4104, 16.6873, 55.7845, 11.3339, 56.9672, 5.5667],
      [0.0534, 0.2136, 6.6352, 6.0381, 6.354, 4.0475, 8.5431, 3.8444, 3.384, 2.029, 5.1091, 2.029, 0.4541, 0.1991, 3.6308, 0.5308, 3.0969, 2.455, 4.5385, 3.4503, 2.256, 5.9802, 4.8437, 0.4645, 4.4456, 3.0522, 0.1991, 1.2607, 4.058, 6.5445, 2.5214, 3.0435, 2.1527, 1.495, 3.5304, 1.8154, 7.4978, 0.9953, 7.3151, 0.6941]
    ],
    [
      [0.3051, 0.352, 12.4968, 13.0249, 10.5071, 8.1305, 20.9921, 11.6168, 6.3327, 4.4003, 10.9127, 5.9844, 0.8801, 0.5524, 7.9205, 2.8162, 8.9766, 6.1335, 12.7664, 9.3286, 5.5037, 11.2648, 8.5081, 0.704, 10.0067, 4.4003, 0, 3.6962, 8.7559, 9.2562, 9.1526, 4.503, 28.3645, 3.7499, 5.8084, 2.3834, 28.3941, 4.7352, 20.9454, 1.7601],
      [2.6671, 1.4762, 26.164, 80.8905, 32.9454, 25.4934, 32.216, 23.391, 23.9246, 16.4477, 51.3751, 16.0805, 4.4773, 2.6433, 44.2629, 9.1342, 18.8884, 24.709, 42.7314, 28.847, 8.2636, 34.279, 32.6723, 3.5299, 31.3765, 22.6907, 0.3922, 17.9319, 27.4545, 29.0233, 34.1466, 17.4118, 8.2549, 15.5464, 23.5769, 5.9464, 108.6456, 6.2961, 68.2781, 7.4519],
      [3.8092, 2.6628, 40.21, 65.1371, 31.9972, 24.7597, 40.3774, 25.9025, 20.8706, 18.0317, 55.8915, 14.7617, 7.2794, 2.4104, 46.6196, 7.9993, 20.5696, 27.2092, 45.1016, 31.9972, 25.5291, 43.379, 31.2353, 3.85, 30.4735, 19.8696, 0.3809, 13.8773, 26.0434, 28.188, 29.7116, 10.8029, 6.4946, 6.7518, 20.5126, 6.0947, 72.1233, 7.9993, 70.089, 8.0812],
      [3.2187, 0.509, 13.1292, 11.9476, 8.5504, 6.6164, 12.4145, 7.0898, 9.8721, 5.1204, 10.8207, 4.1734, 2.3633, 0.3939, 11.197, 1.0503, 5.5654, 4.9482, 11.4005, 6.8272, 4.7035, 10.0773, 9.5843, 0.9161, 8.1432, 6.0394, 0.2269, 2.4945, 7.7462, 7.5325, 4.9891, 3.2823, 4.8859, 2.9519, 7.102, 1.5755, 17.8369, 1.9694, 24.6874, 1.7068]
    ]
  ],
  "V_est": [
    [6.4062, 90.4583, 834.6732, 361.4622],
    [265.0538, 242.9447, 12362.0243, 994.9772],
    [361.6753, 12809.616, 134.6082, 262.1004],
    [887.5422, 416.0473, 1069.6095, 130.8011],
    [326.3225, 1011.9337, 995.0847, 265.6591]
  ],
  "p_est": [
    [0.005, 0.07, 0.6455, 0.2796],
    [0.0191, 0.0175, 0.8916, 0.0718],
    [0.0267, 0.9441, 0.0099, 0.0193],
    [0.3544, 0.1662, 0.4272, 0.0522],
    [0.1256, 0.3894, 0.3829, 0.1022]
  ],
  "EI_Z": {},
  "EI_V": 6.5345,
  "MAE_Z": {},
  "MAE_V": 221.0549,
  "MAE_p": 0.0653,
  "runtime": 3.979
}
