{
  "Z_true": {},
  "V_true": [
    [10, 489, 186, 541],
    [787, 148, 1605, 89],
    [321, 180, 10450, 288],
    [244, 11155, 1457, 568],
    [189, 593, 1540, 393],
    [67, 298, 438, 546]
  ],
  "p_true": [
    [0.0082, 0.3989, 0.1517, 0.4413],
    [0.2994, 0.0563, 0.6105, 0.0339],
    [0.0286, 0.016, 0.9298, 0.0256],
    [0.0182, 0.831, 0.1085, 0.0423],
    [0.0696, 0.2184, 0.5672, 0.1448],
    [0.0497, 0.2209, 0.3247, 0.4047]
  ],
  "Z_est": {},
  "V_est": [
    [0, 0, 1226, 0],
    [529.4157, 0, 2099.5843, 0],
    [544.2076, 0, 9334.3439, 1360.4485],
    [295.3825, 12377.4864, 134.9413, 616.1898],
    [0, 485.5136, 2150.2949, 79.1916],
    [248.9942, 0, 730.8356, 369.1702]
  ],
  "p_est": [
    [0, 0, 1, 0],
    [0.2014, 0, 0.7986, 0],
    [0.0484, 0, 0.8305, 0.121],
    [0.022, 0.922, 0.0101, 0.0459],
    [0, 0.1788, 0.792, 0.0292],
    [0.1846, 0, 0.5418, 0.2737]
  ],
  "EI_Z": {},
  "EI_V": 16.0746,
  "MAE_Z": {},
  "MAE_V": 436.452,
  "MAE_p": 0.1522,
  "runtime": 0.015
}
