{
  "Z_true": {},
  "V_true": [
    [254, 101, 1747, 391, 111],
    [444, 408, 8105, 1030, 242],
    [316, 461, 453, 20961, 623],
    [53, 1061, 285, 579, 92],
    [572, 77, 258, 603, 212]
  ],
  "p_true": [
    [0.0975, 0.0388, 0.6709, 0.1502, 0.0426],
    [0.0434, 0.0399, 0.7924, 0.1007, 0.0237],
    [0.0139, 0.0202, 0.0199, 0.9188, 0.0273],
    [0.0256, 0.5126, 0.1377, 0.2797, 0.0444],
    [0.3322, 0.0447, 0.1498, 0.3502, 0.1231]
  ],
  "Z_est": [
    [
      [0.1747, 3, 0.7463, 3.9969, 3.1042, 3.5617, 1.6671, 0.9057, 14, 0.7745, 0.1177, 0, 0, 3, 0.7911, 0.1714, 6, 0, 0.3369, 0.142, 0.3047, 3, 7, 2, 0, 0.0992, 8, 3, 0.1262, 0.0795, 4, 2, 12, 8, 2, 3, 0.1803, 0.0712, 0.16, 0, 0, 0, 3, 5, 4, 3, 3, 1.9503, 3, 4, 1.1699, 8, 0.159, 5, 2, 3, 4, 4, 11, 11, 13],
      [0, 1, 0, 0.0002, 1.9317, 0.5173, 0.0431, 1.0342, 19, 0.0388, 0.4615, 0, 0, 1, 0.0492, 0.0854, 9, 0, 0.1047, 0.0857, 0.3772, 3, 8, 1, 0.1107, 0.1603, 9, 2, 0.0847, 0.0791, 3, 1, 8, 4, 2, 3.1765e-10, 0.0894, 0.15, 0.0644, 0.2024, 0, 0, 1, 3, 3, 1, 1, 0.0005, 3, 2, 0.0781, 2, 0.1296, 1, 1, 2, 1, 5, 6, 11, 12],
      [0.2161, 11, 1.8256, 6.997, 14.0257, 7.8314, 2.2173, 0.9766, 103, 2.2625, 1.8745, 0, 0, 10, 1.9863, 1.4227, 31, 0.6544, 2.1232, 0.7342, 3.2197, 12, 43, 2, 0.7478, 0.9169, 39, 9, 0.1718, 0.6766, 16, 4, 57, 27, 10, 4, 0.2692, 0.2536, 0.2854, 0.3078, 0, 0, 5, 13, 10, 6, 5, 1.0048, 10, 11, 0.7118, 27, 1.1962, 14, 8, 10, 8, 11, 78, 59, 52],
      [0.6014, 31, 2.2581, 14.0058, 14.8865, 8.9607, 4.9998, 6.0451, 119, 2.7879, 2.4317, 0, 0, 35, 7.1662, 3.3205, 105, 1.3456, 3.3774, 0.9579, 2.9203, 29, 113, 9, 1.1416, 1.7916, 48, 15, 0.5822, 2.0888, 57, 15, 62, 36, 23, 12, 0.3778, 0.5253, 0.4734, 0.4898, 0, 0, 13, 27, 37, 25, 14, 4.0197, 33, 38, 2.037, 30, 1.5153, 18, 17, 23, 24, 38, 103, 115, 104],
      [0.0079, 1, 0.17, 0.0002, 0.0519, 0.129, 0.0728, 0.0385, 7, 0.1362, 0.1147, 0, 0, 1, 0.0072, 0, 4, 0, 0.0578, 0.0802, 0.1781, 1, 6, 1.3171e-11, 0, 0.032, 3, 6.2709e-06, 0.0352, 0.076, 3, 2.9262e-16, 5, 2, 1, 1.6913e-10, 0.0833, 0, 0.0167, 0, 0, 0, 1, 1, 1, 1, 3.7091e-07, 0.0248, 2, 2, 0.0032, 2, 0, 1, 1, 1, 1, 1, 3, 7, 6]
    ],
    [
      [1.487, 9, 1.6097, 6.0079, 3.0488, 3.1759, 1.478, 0.931, 42, 0.1585, 0.2063, 2.3604, 0, 2, 0.9711, 0.1298, 17, 0, 0.3448, 0.2663, 0.2745, 4, 20, 1, 0, 0.2293, 28, 10, 0.3426, 0.4141, 5, 5, 34, 18, 6, 4, 0.6338, 0.3909, 1.1151, 0, 0.551, 0, 3, 14, 7, 4, 3, 3.0683, 5, 9, 0.8296, 21, 0.2396, 10, 6, 9, 11, 9, 27, 29, 36],
      [0, 10, 0, 1.9968, 0.8894, 3.2301, 0.2108, 3.9164, 63, 3.7685, 1.2017, 0.9137, 0, 9, 1.7499, 0.1525, 48, 0, 0.619, 1.1145, 0.6099, 23, 37, 8, 0.2635, 0.977, 37, 10, 0.641, 0.6348, 10, 7, 32, 15, 20, 7, 1.1644, 1.533, 1.1327, 0.6801, 0.4826, 0, 8, 16, 9, 5, 5, 4.0193, 12, 16, 2.8105, 11, 0.2202, 8, 9, 17, 9, 15, 18, 36, 37],
      [2.8732, 67, 7.2137, 20.0049, 22.7947, 18.1703, 5.2652, 9.1494, 345, 12.1413, 6.5156, 5.3918, 1.1017, 47, 5.2286, 1.6333, 165, 0.6171, 11.4875, 11.8788, 4.7767, 77, 186, 22, 2.2123, 3.9889, 162, 49, 1.2388, 3.5517, 46, 26, 203, 77, 79, 30, 5.2839, 2.1428, 4.4756, 0.9116, 8.208, 2.164, 35, 66, 35, 18, 14, 15.9129, 31, 59, 4.9027, 104, 2.014, 52, 41, 69, 37, 40, 225, 183, 173],
      [9.3451, 188, 8.7081, 39.9875, 22.2161, 20.3624, 13.9272, 25.9735, 399, 16.9006, 11.0364, 12.8604, 2.7589, 158, 19.8966, 4.0844, 544, 1.3829, 18.3361, 25.6463, 4.964, 173, 483, 75, 3.5241, 6.5462, 201, 82, 3.5403, 7.8278, 159, 98, 221, 106, 176, 86, 5.3682, 3.9333, 6.9319, 1.4082, 8.5059, 4.5406, 82, 136, 121, 72, 39, 31.9981, 103, 187, 18.4423, 116, 3.5262, 70, 88, 159, 109, 128, 298, 356, 338],
      [0.2947, 7, 0.4686, 1.003, 0.051, 0.0613, 0.1188, 0.0298, 24, 1.0311, 1.0399, 0.4736, 0.1394, 6, 0.1539, 0, 24, 0, 0.2125, 2.0941, 0.3749, 8, 26, 5, 0, 0.2586, 13, 2, 0.2373, 0.5716, 9, 5, 18, 6, 8, 3, 0.5498, 0, 0.3447, 0, 1.2525, 0.2954, 8, 7, 5, 3, 1, 2.0014, 6, 10, 0.015, 8, 0, 5, 5, 10, 6, 4, 10, 21, 21]
    ],
    [
      [3.9855, 22, 1.3397, 10.9948, 2.9188, 3.6524, 4.4368, 3.0485, 56, 1.0471, 0.3514, 4.2425, 0, 8, 1.2098, 0.6022, 59, 0, 1.2317, 0.4722, 0.3687, 11, 57, 4, 0, 0.5931, 40, 16, 0.4352, 0.4312, 19, 16, 44, 26, 15, 11, 0.8007, 0.4354, 1.6736, 0, 0.4131, 0, 8, 31, 23, 14, 8, 5.955, 18, 28, 2.9241, 25, 0.4955, 14, 12, 20, 28, 30, 37, 61, 69],
      [0, 22, 0, 1.0029, 0.0632, 2.108, 0.7166, 9.043, 82, 2.9773, 3.8318, 1.9842, 0, 23, 3.0055, 0.671, 152, 0, 0.2081, 3.4689, 0.8496, 50, 98, 18, 0.6258, 1.6187, 51, 15, 0.9933, 1.0442, 27, 18, 40, 19, 42, 11, 1.327, 1.8728, 1.7414, 0.7861, 0.4874, 0, 16, 29, 26, 20, 9, 3.9775, 35, 42, 4.7435, 12, 0.5431, 8, 22, 34, 25, 46, 23, 69, 69],
      [8.1877, 168, 7.9797, 37.992, 21.2543, 23.1995, 13.0802, 24.8017, 462, 18.662, 16.8853, 12.6886, 4.3903, 155, 18.3818, 5.8904, 544, 1.7285, 15.8794, 24.6227, 5.8913, 184, 521, 65, 4.0399, 5.0981, 232, 78, 2.0042, 5.4371, 152, 85, 268, 117, 184, 81, 6.684, 2.7722, 6.89, 1.1542, 8.0803, 3.5793, 82, 143, 114, 71, 39.9999, 31.0963, 108, 178, 17.3686, 130, 5.4013, 70, 98, 154, 105, 128, 317, 379, 321],
      [30.2347, 466, 10.8443, 72.0134, 22.7301, 26.7469, 37.1825, 80.1092, 534, 26.3302, 30.4117, 34.1553, 12.8887, 513, 63.3695, 17.8364, 1794, 4.2715, 33.024, 62.9644, 6.5363, 410, 1351, 222, 7.3343, 11.1819, 286, 136, 7.0051, 15.9806, 517, 307, 289, 156, 406, 223, 8.2373, 5.9195, 12.0688, 2.0597, 9.575, 8.7635, 195, 292, 395, 281, 106.0001, 57.9729, 352, 563, 73.5874, 142, 9.5601, 95, 209, 352, 305, 411, 421, 735, 636],
      [0.5921, 17, 0.8363, 1.9969, 1.0336, 0.2931, 0.5839, 1.9975, 32, 1.9835, 1.5198, 0.9294, 0.721, 19, 1.0335, 0, 82, 0, 0.6568, 5.4718, 0.3541, 21, 75, 16, 0, 0.5083, 19, 4, 0.5623, 1.1068, 29, 16, 24, 10, 19, 9, 0.951, 0, 0.6262, 0, 1.4442, 0.6572, 19, 16, 17, 12, 4, 3.9983, 23, 32, 2.3764, 10, 0, 7, 13, 23, 17, 15, 15, 44, 40]
    ],
    [
      [0.0812, 1, 0.0635, 0.0002, 0.0164, 0.144, 0, 0.0403, 8, 0.0046, 0.3218, 0.1576, 0, 2.9355e-19, 0.0211, 0.087, 4, 0, 0.0232, 0.1136, 0.0521, 1, 3, 1.1315e-06, 0, 0.0379, 6, 1, 0.0632, 0.0706, 1, 1, 4, 2, 1, 1.2583e-10, 0.181, 0.1025, 0.0513, 0, 0, 0, 8.7728e-10, 3, 2, 1, 2.3285e-06, 0.0256, 2, 2, 0.0103, 2, 0.019, 1, 1, 2, 2, 3, 2, 5, 7],
      [0, 1, 0, 0, 0.0067, 0.0215, 0, 0.0012, 12, 0.1311, 0.4149, 0.0269, 0, 1, 0.141, 0.0695, 12, 0, 0.0276, 0.2776, 0.1633, 5, 5, 2, 0, 0.1361, 8, 1, 0.1975, 0.196, 1, 1, 4, 1, 3, 5.5745e-10, 0.1721, 0.4443, 0.0615, 0.3313, 0, 0, 1, 3, 2, 1, 0, 0.0023, 3, 3, 0.0197, 1, 0.0413, 1.1332e-07, 2, 4, 2, 5, 1, 5, 7],
      [0.2551, 11, 0.3383, 1.0057, 2.0547, 0.1493, 0, 1.053, 67, 2.7849, 2.2867, 0.3445, 0, 8, 1.2554, 0.81, 43, 0, 0.4137, 1.4785, 1.1123, 22, 30, 9, 0, 0.4844, 35, 7, 0.3877, 1.1255, 12, 6, 29, 11, 16, 6, 0.6278, 0.8313, 0.3489, 0.6264, 0, 0.2567, 6, 16, 11, 5, 5, 2.9839, 11, 13, 1.6677, 13, 0.3301, 6, 10, 19, 13, 15, 18, 31, 33],
      [0.642, 32, 0.5738, 2.9911, 2.0711, 1.681, 0, 7.9015, 80, 3.0443, 4.7267, 2.4141, 0, 32, 5.5713, 2.0335, 145, 0, 1.5198, 3.7681, 1.5794, 50, 83, 32, 0, 1.2912, 46, 14, 1.2836, 3.4466, 37, 20, 34, 17, 34, 16, 0.9413, 1.6219, 0.5259, 1.0423, 0, 0.6959, 17, 35, 43, 21, 13, 6.9876, 41, 43, 5.2855, 17, 0.6096, 9, 21, 46, 30, 51, 26, 64, 66],
      [0.0217, 1, 0.0244, 0.0029, 0.8511, 0.0043, 0, 0.0039, 4, 0.0352, 0.2498, 0.0568, 0, 1, 0.0113, 0, 6, 0, 0.0157, 0.3623, 0.0929, 2, 4, 4, 0, 0.0504, 3, 1, 0.0681, 0.1613, 2, 1, 3, 1.5655e-14, 1, 1.7692e-10, 0.0778, 0, 0.0124, 0, 0, 0.0474, 1, 1, 1, 1.5896e-13, 4.9318e-09, 0.0006, 3, 2, 0.0167, 1, 0, 1, 1, 2, 1, 1, 1, 4, 4]
    ],
    [
      [0.2717, 1, 0.2408, 1.0003, 0.9118, 0.4659, 0.4181, 0.0745, 4, 0.0154, 0.0028, 0.2394, 0, 5.187e-18, 0.0069, 0.0096, 2, 0, 0.0633, 0.0059, 0, 1.1376e-19, 3, 3.3178e-07, 0, 0.0405, 3, 1, 0.033, 0.0046, 1, 1.0234e-16, 4, 2, 1, 1.6391e-10, 0.2041, 0, 0, 0, 0.0359, 0, 6.1003e-12, 2, 1, 3.2758e-14, 0, 0.0009, 1, 1, 0.0662, 3, 0.0869, 1, 1, 1, 2, 2, 4, 6, 9],
      [0, 1, 0, 0.0001, 0.109, 0.123, 0.0295, 0.0052, 6, 0.0842, 0.09, 0.0753, 0, 1.128e-18, 0.0545, 0.0216, 6, 0, 0.0406, 0.0533, 0, 1, 5, 1, 0, 0.1078, 4, 1, 0.0835, 0.0459, 1, 1.4579e-10, 4, 1, 2, 6.5091e-10, 0.2471, 0, 0, 0, 0.03, 0, 1, 2, 2, 1, 5.1067e-06, 0.0004, 2, 2, 0.3482, 1, 0.0657, 1.3972e-07, 1, 2, 2, 3, 2, 7, 9],
      [0.4679, 7, 1.6427, 4.0003, 6.8705, 2.6496, 1.4373, 0.0193, 36, 1.1494, 0.4378, 1.575, 0.5081, 5, 1.148, 0.2436, 24, 0, 1.0963, 0.2858, 0, 5, 28, 4, 0, 0.5117, 20, 5, 0.1976, 0.2091, 10, 4, 28, 9, 12, 5, 1.1352, 0, 0, 0, 0.7117, 0, 5, 12, 8, 4, 3, 0.0021, 6, 12, 1.3492, 19, 1.0585, 6, 9, 12, 10, 9, 36, 39, 44],
      [1.1768, 22, 2.6158, 10.0023, 7.0962, 3.249, 3.8905, 1.9707, 42, 2.937, 0.3934, 4.5701, 1.3524, 18, 3.9965, 0.7252, 81, 0, 1.7427, 1.6633, 0, 12, 74, 14, 0, 1.1892, 25, 9, 0.5889, 0.6561, 37, 17, 30, 13, 28, 17, 1.0754, 0, 0, 0, 0.9191, 0, 13, 26, 30, 16, 8, 2.0216, 21, 39, 5.6477, 22, 1.7889, 8, 20, 29, 33, 31, 48, 76, 89],
      [0.0836, 2, 0.5008, 0.997, 1.0125, 0.5124, 0.2245, 1.9303, 5, 0.814, 0.0758, 0.5402, 0.1396, 2, 0.7941, 0, 6, 0, 0.0571, 0.9918, 0, 3, 6, 2, 0, 0.1507, 3, 2, 0.0971, 0.0842, 3, 2, 4, 3, 3, 3, 0.3381, 0, 0, 0, 0.3033, 0, 3, 5, 3, 2, 2, 0.975, 3, 4, 0.5887, 3, 0, 2, 3, 4, 3, 3, 3, 6, 7]
    ]
  ],
  "V_est": [
    [186.7901, 131.8781, 759.9091, 1459.1073, 66.3155],
    [438.2641, 601.9326, 2966.251, 5915.4795, 307.0728],
    [884.0591, 1202.691, 6095.1209, 13900.8952, 731.2339],
    [69.688, 99.8834, 562.0126, 1279.2491, 59.1669],
    [60.1987, 71.6149, 464.7065, 1009.2689, 116.211]
  ],
  "p_est": [
    [0.0717, 0.0506, 0.2918, 0.5603, 0.0255],
    [0.0428, 0.0588, 0.29, 0.5783, 0.03],
    [0.0388, 0.0527, 0.2672, 0.6093, 0.0321],
    [0.0337, 0.0483, 0.2715, 0.618, 0.0286],
    [0.035, 0.0416, 0.2699, 0.5861, 0.0675]
  ],
  "EI_Z": {},
  "EI_V": 37.8065,
  "MAE_Z": {},
  "MAE_V": 1192.84,
  "MAE_p": 0.1656,
  "runtime": 0.4452
}
