{
  "X": [
    [6, 0, 12, 42, 1],
    [36, 35, 264, 739, 28],
    [4, 0, 19, 25, 2],
    [22, 3, 70, 139, 4],
    [10, 3, 67, 69, 3],
    [11, 6, 52, 61, 1],
    [8, 1, 22, 60, 1],
    [5, 14, 36, 122, 4],
    [124, 182, 1013, 1174, 72],
    [2, 7, 37, 52, 4],
    [1, 6, 28, 49, 3],
    [7, 3, 20, 54, 2],
    [0, 0, 6, 17, 1],
    [13, 34, 225, 756, 29],
    [3, 5, 28, 100, 2],
    [1, 1, 10, 28, 0],
    [88, 227, 807, 2669, 122],
    [0, 0, 3, 7, 0],
    [2, 1, 31, 58, 1],
    [1, 5, 39, 95, 9],
    [1, 2, 15, 16, 1],
    [19, 82, 300, 674, 35],
    [90, 153, 808, 2104, 117],
    [7, 30, 102, 352, 27],
    [0, 1, 7, 12, 0],
    [1, 3, 11, 22, 1],
    [85, 109, 488, 606, 41],
    [31, 29, 148, 256, 9],
    [1, 2, 4, 13, 1],
    [1, 2, 11, 30, 2],
    [30, 42, 236, 807, 46],
    [24, 27, 125, 457, 24],
    [98, 88, 585, 636, 54],
    [56, 40, 241, 328, 21],
    [25, 69, 301, 667, 32],
    [18, 18, 126, 354, 15],
    [2, 3, 14, 16, 2],
    [1, 4, 6, 12, 0],
    [3, 3, 12, 20, 1],
    [0, 2, 3, 5, 0],
    [1, 1, 17, 19, 3],
    [0, 0, 6, 14, 1],
    [14, 27, 133, 320, 32],
    [55, 53, 250, 516, 30],
    [37, 42, 178, 626, 27],
    [22, 28, 104, 415, 18],
    [14, 15, 67, 180, 7],
    [11, 8, 51, 103, 7],
    [29, 55, 166, 550, 37],
    [44, 65, 273, 870, 50],
    [5, 8, 26, 105, 3],
    [59, 27, 293, 327, 24],
    [1, 1, 10, 17, 0],
    [31, 17, 148, 200, 16],
    [22, 35, 166, 355, 23],
    [35, 59, 264, 609, 40],
    [47, 39, 173, 501, 28],
    [48, 74, 203, 659, 24],
    [81, 50, 674, 896, 32],
    [112, 128, 691, 1346, 82],
    [134, 134, 623, 1233, 78]
  ],
  "W": [
    [1, 14, 43, 1, 2],
    [47, 281, 695, 46, 33],
    [5, 18, 21, 1, 5],
    [25, 69, 124, 4, 16],
    [34, 49, 48, 5, 16],
    [21, 45, 56, 2, 7],
    [9, 21, 56, 0, 6],
    [9, 40, 119, 9, 4],
    [262, 873, 1166, 171, 93],
    [6, 34, 51, 6, 5],
    [5, 20, 53, 8, 1],
    [0, 22, 54, 3, 7],
    [0, 4, 18, 0, 2],
    [50, 222, 718, 42, 25],
    [10, 28, 87, 7, 6],
    [5, 6, 25, 3, 1],
    [155, 798, 2631, 210, 119],
    [2, 2, 6, 0, 0],
    [6, 31, 51, 2, 3],
    [2, 41, 97, 6, 3],
    [7, 11, 14, 3, 0],
    [48, 285, 676, 80, 21],
    [177, 752, 2102, 125, 116],
    [14, 111, 325, 47, 21],
    [2, 6, 12, 0, 0],
    [3, 12, 19, 2, 2],
    [107, 441, 628, 98, 55],
    [29, 153, 249, 24, 18],
    [1, 6, 11, 2, 1],
    [3, 13, 24, 5, 1],
    [83, 229, 744, 53, 52],
    [22, 141, 442, 29, 23],
    [144, 508, 665, 74, 70],
    [77, 222, 328, 31, 28],
    [38, 289, 666, 55, 46],
    [19, 130, 335, 22, 25],
    [1, 13, 18, 2, 3],
    [1, 8, 11, 3, 0],
    [1, 14, 23, 1, 0],
    [1, 3, 4, 2, 0],
    [0, 19, 20, 0, 2],
    [0, 7, 13, 1, 0],
    [23, 136, 320, 25, 22],
    [49, 239, 511, 58, 47],
    [55, 177, 575, 59, 44],
    [36, 102, 398, 28, 23],
    [23, 62, 167, 18, 13],
    [7, 57, 103, 10, 3],
    [51, 157, 536, 60, 33],
    [57, 281, 843, 63, 58],
    [4, 27, 101, 7, 8],
    [69, 260, 319, 34, 48],
    [3, 6, 16, 1, 3],
    [39, 145, 194, 17, 17],
    [29, 149, 354, 35, 34],
    [39, 264, 583, 73, 48],
    [38, 172, 480, 48, 50],
    [59, 196, 630, 75, 48],
    [201, 578, 813, 48, 93],
    [203, 625, 1288, 109, 134],
    [187, 605, 1135, 117, 158]
  ],
  "method": "mcmc",
  "mcmc_stepsize": 3000,
  "mcmc_samples": 1000,
  "burn_in": 10000,
  "cond_prob": [
    [
      [0.17466547552, 0, 0.21609839274, 0.60136713165, 0.0078690000929],
      [0.10621328303, 0, 0.20522700142, 0.66750954039, 0.021050175156],
      [0.092685226315, 0, 0.19041202701, 0.70313257867, 0.013770167997],
      [0.081169471523, 0, 0.2551253142, 0.64203853742, 0.021666676853],
      [0.13585717951, 0, 0.23394055577, 0.58837994122, 0.041822323503]
    ],
    [
      [0.063829787234, 0.021276595745, 0.23404255319, 0.65957446809, 0.021276595745],
      [0.032028469751, 0.035587188612, 0.2384341637, 0.66903914591, 0.024911032028],
      [0.031654676259, 0.031654676259, 0.24172661871, 0.67050359712, 0.024460431655],
      [0.021739130435, 0.021739130435, 0.23913043478, 0.69565217391, 0.021739130435],
      [0.030303030303, 0.030303030303, 0.21212121212, 0.66666666667, 0.060606060606]
    ],
    [
      [0.14926996467, 0, 0.36512375742, 0.45161137348, 0.033994904434],
      [0.089425754663, 0, 0.40076188059, 0.48378180197, 0.026030562781],
      [0.063796856782, 0, 0.37998559214, 0.51639425296, 0.039823298116],
      [0.06347667532, 0, 0.33830832865, 0.57378075788, 0.024434238141],
      [0.048155185, 0, 0.32853231974, 0.52316212542, 0.10015036984]
    ],
    [
      [0.15987407074, 8.1281504701e-06, 0.2798812538, 0.560230217, 6.3303071516e-06],
      [0.087070725967, 0.028938441178, 0.28992583218, 0.57952885635, 0.014536144332],
      [0.088667516139, 0.0080879316528, 0.30638738349, 0.58075289153, 0.016104277182],
      [6.1082300002e-05, 2.8131599464e-06, 0.25143285578, 0.74778410072, 0.00071914803876],
      [0.062515738084, 8.0985869981e-06, 0.25001995364, 0.62514115839, 0.062315051293]
    ],
    [
      [0.091301203114, 0.056813908514, 0.41252100192, 0.43783832258, 0.0015255638654],
      [0.062221393215, 0.018150754053, 0.46519794441, 0.45338969107, 0.0010402172513],
      [0.060807351737, 0.0013167298849, 0.44279846512, 0.47354442074, 0.021533032521],
      [0.0032785929842, 0.0013455488392, 0.41094335687, 0.41421589915, 0.17021660216],
      [0.056985311145, 0.0068130864543, 0.42940897177, 0.44351190492, 0.063280725715]
    ],
    [
      [0.16960498321, 0.024631942738, 0.37292238301, 0.42670002754, 0.0061406635038],
      [0.070576064278, 0.071781057534, 0.40378415553, 0.45249747975, 0.0013612429088],
      [0.065222226835, 0.037643576848, 0.41427705046, 0.47762368783, 0.0052334580214],
      [0.072007733362, 0.010748379761, 0.07462792391, 0.84047726104, 0.0021387019262],
      [0.066558898666, 0.017577792926, 0.37851032631, 0.46414739889, 0.073205583211]
    ],
    [
      [0.1852287563, 0.0047848694849, 0.24636733973, 0.55553503582, 0.0080839986538],
      [0.070379922376, 0.010038640947, 0.25072358975, 0.66319949241, 0.0056583545183],
      [0.07922928723, 0.012796416958, 0.23357478231, 0.66397294147, 0.010426572032],
      [0, 0, 0, 0, 0],
      [0.069687123081, 0.0049208941858, 0.23955179136, 0.6484184358, 0.037421755577]
    ],
    [
      [0.10063017198, 0.11490657474, 0.10850870046, 0.67167846935, 0.0042760834697],
      [0.023274198038, 0.097909824976, 0.22873499082, 0.64933708715, 0.00074389901446],
      [0.025617879239, 0.075991573476, 0.20841803016, 0.67318684211, 0.01678567501],
      [0.0044816660475, 0.00013688165234, 0.11700020157, 0.87794306678, 0.00043818394559],
      [0.018624476706, 0.0013046624542, 0.0048186648778, 0.49267211934, 0.48258007662]
    ],
    [
      [0.053435114504, 0.072519083969, 0.39312977099, 0.45419847328, 0.026717557252],
      [0.048109965636, 0.072164948454, 0.39518900344, 0.45704467354, 0.027491408935],
      [0.048027444254, 0.070325900515, 0.39622641509, 0.45797598628, 0.027444253859],
      [0.046783625731, 0.070175438596, 0.3918128655, 0.46783625731, 0.023391812865],
      [0.043010752688, 0.064516129032, 0.38709677419, 0.45161290323, 0.05376344086]
    ],
    [
      [0.12908159276, 0.0064749407508, 0.37708268134, 0.46465795668, 0.022702828473],
      [0.0046603512554, 0.11083967241, 0.35709704532, 0.49707646435, 0.030326466659],
      [0.020531574695, 0.058378758518, 0.36592060214, 0.51627776107, 0.038891303574],
      [0.00075853872336, 0.021847235945, 0.46414723667, 0.50737774737, 0.0058692412925],
      [0.0030793917922, 0.01684027868, 0.22987404836, 0.58740403462, 0.16280224655]
    ],
    [
      [0.023531736895, 0.092290880184, 0.37490098297, 0.4863433406, 0.022933059353],
      [0.010316939048, 0.06008664471, 0.32578119955, 0.5518215727, 0.051993643999],
      [0.0066293554936, 0.072298698435, 0.31859086917, 0.57380512931, 0.0286759476],
      [0.040224898432, 0.051867439416, 0.28584077281, 0.59084278832, 0.031224101016],
      [0.00284750595, 0.090042172521, 0.43782884593, 0.39343768326, 0.075843792334]
    ],
    [
      [0, 0, 0, 0, 0],
      [0.10729158063, 0.041531977975, 0.24508387625, 0.58456533496, 0.02152723019],
      [0.078565662502, 0.036743889476, 0.23497416972, 0.63250605067, 0.017210227631],
      [0.052544052033, 0.0089561338326, 0.11484252817, 0.80470734528, 0.01894994069],
      [0.034201042148, 0.010751150192, 0.22500313902, 0.6528734084, 0.077171260241]
    ],
    [
      [0, 0, 0, 0, 0],
      [0, 0, 0.275413631, 0.68973313545, 0.034853233549],
      [0, 0, 0.24390308759, 0.7160394355, 0.040057476911],
      [0, 0, 0, 0, 0],
      [0, 0, 0.25404494972, 0.67617880957, 0.069776240703]
    ],
    [
      [0.06, 0.02, 0.2, 0.7, 0.02],
      [0.009009009009, 0.040540540541, 0.21171171171, 0.71171171171, 0.027027027027],
      [0.011142061281, 0.032033426184, 0.21587743733, 0.71448467967, 0.026462395543],
      [6.9892586742e-21, 0.02380952381, 0.19047619048, 0.7619047619, 0.02380952381],
      [2.0747910534e-19, 4.5119865317e-20, 0.2, 0.72, 0.08]
    ],
    [
      [0.079109091092, 0.0049224543084, 0.19862794754, 0.71661711117, 0.00072339589443],
      [0.034681620307, 0.062495694945, 0.18673411734, 0.71059269097, 0.0054958764308],
      [0.013905671495, 0.034545471067, 0.21128549848, 0.72838452129, 0.011878837674],
      [0.0030141125972, 0.020140036743, 0.17933923482, 0.79589402047, 0.0016125953687],
      [0.001155252038, 0.0090766263998, 0.19132537127, 0.66608700767, 0.13235574262]
    ],
    [
      [0.034273050133, 0.017087643072, 0.28454841503, 0.66409089177, 0],
      [0.021634974301, 0.025419727076, 0.27221399451, 0.68073130411, 0],
      [0.024088712072, 0.026838789313, 0.23561571492, 0.71345678369, 0],
      [0.028989726048, 0.023169544363, 0.26999828752, 0.67784244207, 0],
      [0.0096379235851, 0.021565056261, 0.24358622211, 0.72521079805, 0]
    ],
    [
      [0.038709677419, 0.058064516129, 0.2, 0.67741935484, 0.025806451613],
      [0.021303258145, 0.06015037594, 0.20676691729, 0.68170426065, 0.03007518797],
      [0.022424933485, 0.057772709996, 0.20676548841, 0.6818700114, 0.031166856708],
      [0.019047619048, 0.057142857143, 0.20476190476, 0.69047619048, 0.028571428571],
      [0.016806722689, 0.050420168067, 0.20168067227, 0.68067226891, 0.050420168067]
    ],
    [
      [0, 0, 0.3271965499, 0.6728034501, 0],
      [0, 0, 0.30853005802, 0.69146994198, 0],
      [0, 0, 0.28809113069, 0.71190886931, 0],
      [0, 0, 0, 0, 0],
      [0, 0, 0, 0, 0]
    ],
    [
      [0.056157110565, 0.01744534259, 0.35386345868, 0.56289372425, 0.0096403639148],
      [0.011123991103, 0.019969273516, 0.37056435975, 0.59148642453, 0.0068559511028],
      [0.024150980496, 0.0040806224762, 0.31135982101, 0.64752976488, 0.01287881114],
      [0.011592619821, 0.013802518592, 0.20683766939, 0.75992344762, 0.0078437445787],
      [0.021109455828, 0.01352122733, 0.3654326284, 0.58089786344, 0.019038825003]
    ],
    [
      [0.070981886413, 0.042838604967, 0.367123957, 0.47897006377, 0.040085487854],
      [0.0064944834057, 0.027183774684, 0.28972779891, 0.62551913756, 0.051074805446],
      [0.0048685343668, 0.035761494024, 0.25384219116, 0.64911797867, 0.056409801771],
      [0.018933404027, 0.046270985504, 0.24640858736, 0.62801037603, 0.060376647081],
      [0.001971383265, 0.017765731534, 0.095256087872, 0.55442301509, 0.33058378224]
    ],
    [
      [0.043524128179, 0.053879598172, 0.45995964992, 0.41719177606, 0.025444847671],
      [0.024955417192, 0.05544740405, 0.43424171387, 0.45127065959, 0.034084805299],
      [0.02633454111, 0.060687747695, 0.42081009171, 0.4668753765, 0.025292242982],
      [0.0173793127, 0.054430966837, 0.37076077135, 0.52647501369, 0.030953935422],
      [0, 0, 0, 0, 0]
    ],
    [
      [0.0625, 0.0625, 0.25, 0.60416666667, 0.020833333333],
      [0.014035087719, 0.080701754386, 0.2701754386, 0.60701754386, 0.028070175439],
      [0.016272189349, 0.073964497041, 0.27218934911, 0.60650887574, 0.031065088757],
      [0.0125, 0.0625, 0.275, 0.625, 0.025],
      [5.4171988897e-21, 0.047619047619, 0.2380952381, 0.57142857143, 0.14285714286]
    ],
    [
      [0.039548022599, 0.045197740113, 0.24293785311, 0.6384180791, 0.033898305085],
      [0.026595744681, 0.04920212766, 0.24734042553, 0.64228723404, 0.034574468085],
      [0.027117031399, 0.04662226451, 0.24785918173, 0.64272121789, 0.035680304472],
      [0.024, 0.04, 0.24, 0.664, 0.032],
      [0.025862068966, 0.043103448276, 0.24137931034, 0.63793103448, 0.051724137931]
    ],
    [
      [0.14285710943, 0.071428638273, 0.14285711259, 0.6428571397, 9.4077074412e-13],
      [0.0090090111694, 0.072072085767, 0.19819822629, 0.67567562164, 0.045045055133],
      [0.012307688507, 0.055384609965, 0.19999999351, 0.68307694494, 0.049230763077],
      [2.4074620082e-08, 0.042553174256, 0.19148932916, 0.68085107541, 0.085106397096],
      [1.5798985839e-08, 0.047619053114, 0.19047623547, 0.66666659007, 0.095238105548]
    ],
    [
      [0, 0.055335251334, 0.37388277463, 0.57078197404, 0],
      [0, 0.04392453866, 0.36871842672, 0.58735703462, 0],
      [0, 0.052148522114, 0.3366603242, 0.61119115368, 0],
      [0, 0, 0, 0, 0],
      [0, 0, 0, 0, 0]
    ],
    [
      [0.033057223772, 0.053444664387, 0.30563354491, 0.59718558503, 0.010678981902],
      [0.01910795776, 0.081419528695, 0.33240928728, 0.54551430793, 0.021548918333],
      [0.031214874878, 0.085194822809, 0.26832016454, 0.58851947809, 0.026750659683],
      [0.018961397864, 0.068046265888, 0.24221142276, 0.64558747804, 0.025193435455],
      [0.020263708573, 0.053918748672, 0.255840973, 0.59461325505, 0.075363314706]
    ],
    [
      [0.07476635514, 0.084112149533, 0.36448598131, 0.44859813084, 0.028037383178],
      [0.063492063492, 0.083900226757, 0.36734693878, 0.45578231293, 0.02947845805],
      [0.063694267516, 0.081210191083, 0.36942675159, 0.45541401274, 0.03025477707],
      [0.061224489796, 0.081632653061, 0.35714285714, 0.4693877551, 0.030612244898],
      [0.054545454545, 0.072727272727, 0.36363636364, 0.45454545455, 0.054545454545]
    ],
    [
      [0.1034479518, 0.068965409152, 0.31034461123, 0.51724181159, 2.1623723362e-07],
      [0.065359579565, 0.065359456636, 0.32026151983, 0.53594754853, 0.013071895435],
      [0.064257002907, 0.060241014198, 0.31325289877, 0.54618485228, 0.016064231845],
      [0.041666536089, 0.041666536121, 0.29166692803, 0.58333333313, 0.041666666629],
      [0.055555729698, 0.055555381498, 0.2777786485, 0.49999912925, 0.11111111106]
    ],
    [
      [0.12615641752, 0.084695766728, 0.17177111582, 0.58221956706, 0.035157132868],
      [0.057092091823, 0.10683747418, 0.20647323511, 0.59004530749, 0.039551891397],
      [0.039561675136, 0.090299554273, 0.18219695674, 0.63682317882, 0.051118635032],
      [0.031575767454, 0.098757878943, 0.19383611136, 0.64178871438, 0.034041527858],
      [0.032961070133, 0.083468533277, 0.19755072664, 0.58887619227, 0.097143477684]
    ],
    [
      [0.026487883721, 0.026350996805, 0.22554602352, 0.69628275971, 0.025332336245],
      [0.03185209146, 0.048828950946, 0.27320597194, 0.60214117231, 0.043971813346],
      [0.017967253233, 0.043510364293, 0.2265478206, 0.66585727689, 0.046117284982],
      [0.014120147261, 0.039201585452, 0.22509617882, 0.68932034112, 0.032261747353],
      [0.0046443459543, 0.045913976981, 0.2090557057, 0.65614012992, 0.084245841441]
    ],
    [
      [0.048192771084, 0.036144578313, 0.19277108434, 0.68674698795, 0.036144578313],
      [0.021834061135, 0.043668122271, 0.20087336245, 0.6943231441, 0.039301310044],
      [0.025537634409, 0.036290322581, 0.20430107527, 0.69489247312, 0.038978494624],
      [0.018867924528, 0.018867924528, 0.22641509434, 0.69811320755, 0.037735849057],
      [0.019230769231, 0.019230769231, 0.19230769231, 0.71153846154, 0.057692307692]
    ],
    [
      [0.090909090906, 0.045454545455, 0.18181818182, 0.68181818182, 1.3300761804e-17],
      [0.035460992909, 0.049645390075, 0.18439716312, 0.69503546099, 0.035460992907],
      [0.036199095022, 0.040723981899, 0.19230769231, 0.69457013575, 0.036199095022],
      [0.034482758623, 0.034482758626, 0.20689655173, 0.68965517239, 0.034482758633],
      [4.4496829296e-18, 6.3386830665e-12, 0.17391304347, 0.73913043479, 0.086956521736]
    ],
    [
      [0.083333333333, 0.055555555556, 0.39583333333, 0.43055555556, 0.034722222222],
      [0.066929133858, 0.062992125984, 0.39960629921, 0.43503937008, 0.035433070866],
      [0.066165413534, 0.06015037594, 0.4030075188, 0.43458646617, 0.036090225564],
      [0.054054054054, 0.054054054054, 0.39189189189, 0.45945945946, 0.040540540541],
      [0.057142857143, 0.057142857143, 0.4, 0.42857142857, 0.057142857143]
    ],
    [
      [0.10389610389, 0.051948051949, 0.35064935065, 0.46753246753, 0.025974025975],
      [0.081081081081, 0.067567567567, 0.34684684685, 0.47747747748, 0.027027027027],
      [0.079268292683, 0.057926829268, 0.35670731707, 0.4756097561, 0.030487804878],
      [0.064516129031, 0.032258064518, 0.35483870968, 0.54838709677, 5.0498996083e-16],
      [0.071428571429, 0.035714285715, 0.32142857143, 0.46428571429, 0.10714285714]
    ],
    [
      [0.052631578947, 0.052631578947, 0.26315789474, 0.60526315789, 0.026315789474],
      [0.020761245675, 0.069204152249, 0.27335640138, 0.60899653979, 0.0276816609],
      [0.022522522523, 0.063063063063, 0.27627627628, 0.60960960961, 0.028528528529],
      [0.018181818182, 0.054545454545, 0.29090909091, 0.61818181818, 0.018181818182],
      [0.021739130435, 0.04347826087, 0.26086956522, 0.60869565217, 0.065217391304]
    ],
    [
      [0.15789473684, 1.671866268e-11, 0.21052631577, 0.63157894737, 8.9016074149e-12],
      [0.030769230772, 0.053846153848, 0.23076923078, 0.66153846152, 0.023076923081],
      [0.032835820894, 0.03283582089, 0.24179104477, 0.6656716418, 0.026865671639],
      [5.7193270906e-12, 2.5338716184e-11, 0.27272727274, 0.72727272722, 8.0418436054e-12],
      [6.5563787437e-12, 2.6036476963e-11, 0.19999999999, 0.67999999997, 0.12]
    ],
    [
      [0.18028941947, 0.08941467663, 0.26919574711, 0.37778377827, 0.083316378521],
      [0.048757512321, 0.089567063789, 0.4064500753, 0.41293564535, 0.042289703245],
      [0.044483090648, 0.073723881909, 0.37133147415, 0.45762890695, 0.052832646345],
      [0.090509698136, 0.086038673149, 0.31388710009, 0.47065965958, 0.038904869047],
      [0.068049297476, 0.08236875782, 0.37840417972, 0.35847106266, 0.11270670233]
    ],
    [
      [0.071191871664, 0.14996418066, 0.2535691215, 0.52527482618, 0],
      [0.048860483626, 0.19162443903, 0.26785573552, 0.49165934183, 0],
      [0.039584085503, 0.17025365377, 0.25202265255, 0.53813960817, 0],
      [0.034166439598, 0.14808337186, 0.27711193878, 0.54063824977, 0],
      [0, 0, 0, 0, 0]
    ],
    [
      [0.1600313676, 0.064385762419, 0.28543615286, 0.47340722135, 0.016739495769],
      [0.07964962398, 0.080909538985, 0.31968691499, 0.49513394899, 0.024619973058],
      [0.072765420969, 0.075712337314, 0.29956658133, 0.52472926956, 0.02722639083],
      [0.051269214379, 0.061496933566, 0.34891566665, 0.52594429308, 0.012373892326],
      [0, 0, 0, 0, 0]
    ],
    [
      [0, 0.20244215167, 0.30775121689, 0.48980663144, 0],
      [0, 0.22671034081, 0.30387950091, 0.46941015827, 0],
      [0, 0.1965372775, 0.28854528215, 0.51491744036, 0],
      [0, 0.16563885795, 0.31321457589, 0.52114656615, 0],
      [0, 0, 0, 0, 0]
    ],
    [
      [0, 0, 0, 0, 0],
      [0.028998100336, 0.025401402291, 0.43200067976, 0.44767769149, 0.065922126122],
      [0.020655004562, 0.024370602601, 0.40401282406, 0.47875011393, 0.072211454849],
      [0, 0, 0, 0, 0],
      [0.01796800119, 0.014980652218, 0.35586530167, 0.45956079157, 0.15162525335]
    ],
    [
      [0, 0, 0, 0, 0],
      [0, 0, 0.3091413215, 0.64865640409, 0.04220227441],
      [0, 0, 0.27533072357, 0.67411742101, 0.050551855423],
      [0, 0, 0.25671134307, 0.69587869829, 0.047409958634],
      [0, 0, 0, 0, 0]
    ],
    [
      [0.1304347825, 0.043478260832, 0.21739130423, 0.56521739157, 0.04347826087],
      [0.022058823529, 0.058823529412, 0.25735294114, 0.6029411765, 0.058823529411],
      [0.025000000005, 0.050000000005, 0.25625000004, 0.60937499998, 0.059374999976],
      [3.5091284058e-11, 0.039999999965, 0.2399999999, 0.68000000011, 0.04],
      [2.772863744e-13, 0.045454545455, 0.22727272716, 0.59090909067, 0.13636363672]
    ],
    [
      [0.10204081633, 0.061224489796, 0.26530612245, 0.55102040816, 0.020408163265],
      [0.058577405858, 0.066945606695, 0.27615062762, 0.5690376569, 0.029288702929],
      [0.060665362035, 0.05675146771, 0.27984344423, 0.57142857143, 0.031311154599],
      [0.051724137931, 0.051724137931, 0.27586206897, 0.60344827586, 0.01724137931],
      [0.042553191489, 0.042553191489, 0.25531914894, 0.55319148936, 0.10638297872]
    ],
    [
      [0.072727272727, 0.054545454545, 0.18181818182, 0.67272727273, 0.018181818182],
      [0.039548022599, 0.050847457627, 0.19774011299, 0.68361581921, 0.028248587571],
      [0.04, 0.045217391304, 0.19826086957, 0.68695652174, 0.029565217391],
      [0.033898305085, 0.033898305085, 0.18644067797, 0.72881355932, 0.016949152542],
      [0.022727272727, 0.045454545455, 0.18181818182, 0.68181818182, 0.068181818182]
    ],
    [
      [0.083333333333, 0.027777777778, 0.16666666667, 0.69444444444, 0.027777777778],
      [0.039215686275, 0.049019607843, 0.17647058824, 0.70588235294, 0.029411764706],
      [0.035175879397, 0.050251256281, 0.1783919598, 0.70603015075, 0.030150753769],
      [0.035714285714, 0.035714285714, 0.17857142857, 0.75, 5.6769826137e-15],
      [1.4242683429e-15, 0.04347826087, 0.17391304348, 0.69565217391, 0.086956521739]
    ],
    [
      [0.13043422822, 0.043478167509, 0.21739177912, 0.60869580902, 1.6126416959e-08],
      [0.048387196339, 0.080644839794, 0.22580681779, 0.62903197389, 0.01612917219],
      [0.047904113793, 0.053892231175, 0.23952065274, 0.63473089888, 0.023952103407],
      [1.2936192908e-07, 7.9817674488e-07, 0.27777797534, 0.72222109685, 2.7398971196e-10],
      [1.3266123584e-06, 3.9282535467e-07, 0.23077029336, 0.61538262725, 0.15384535995]
    ],
    [
      [0.27861021726, 7.321039297e-05, 0.14354186687, 0.57423870976, 0.0035359957147],
      [0.053829076867, 0.070513428205, 0.2791736689, 0.56137092466, 0.035112901363],
      [0.057815191158, 0.038616732032, 0.30190573544, 0.56284409632, 0.038818245052],
      [0.0025638420318, 0.0002300643049, 0.29838853903, 0.69876079842, 5.6756209179e-05],
      [0.00028932937053, 0.00013269240091, 0.00071055461878, 0.673878807, 0.32498861661]
    ],
    [
      [0.058823529412, 0.058823529412, 0.19607843137, 0.64705882353, 0.039215686275],
      [0.031847133758, 0.076433121019, 0.1974522293, 0.65605095541, 0.03821656051],
      [0.033582089552, 0.065298507463, 0.20149253731, 0.65671641791, 0.042910447761],
      [0.033333333333, 0.05, 0.18333333333, 0.68333333333, 0.05],
      [0.030303030303, 0.060606060606, 0.18181818182, 0.63636363636, 0.090909090909]
    ],
    [
      [0.070175438596, 0.035087719298, 0.19298245614, 0.66666666667, 0.035087719298],
      [0.032028469751, 0.056939501779, 0.20996441281, 0.66548042705, 0.035587188612],
      [0.033214709371, 0.049822064057, 0.21115065243, 0.66785290629, 0.037959667853],
      [0.031746031746, 0.047619047619, 0.20634920635, 0.68253968254, 0.031746031746],
      [0.01724137931, 0.034482758621, 0.20689655172, 0.6724137931, 0.068965517241]
    ],
    [
      [0.29246569782, 0.019537031708, 0.17795585264, 0.50925073381, 0.00079068402006],
      [0.030725119741, 0.10409207276, 0.18158156258, 0.68304745348, 0.00055379143287],
      [0.028951285645, 0.046965081645, 0.17196602057, 0.72858846637, 0.023529145777],
      [0.0014649834558, 0.0028169907574, 0.23824990538, 0.75507612406, 0.002391996341],
      [0.0082780301774, 0.043521715901, 0.16864462308, 0.70596848117, 0.073587149672]
    ],
    [
      [0.11594202899, 0.028985507246, 0.39130434783, 0.4347826087, 0.028985507246],
      [0.080769230769, 0.042307692308, 0.4, 0.44615384615, 0.030769230769],
      [0.078369905956, 0.037617554859, 0.40752351097, 0.44514106583, 0.031347962382],
      [0.058823529412, 0.029411764706, 0.38235294118, 0.5, 0.029411764706],
      [0.0625, 0.020833333333, 0.39583333333, 0.45833333333, 0.0625]
    ],
    [
      [0.052990517225, 0.043200906044, 0.39872333346, 0.50508524327, 0],
      [0.03993320077, 0.036705255446, 0.33565902253, 0.58770252125, 0],
      [0.030971839984, 0.033945793497, 0.33757864965, 0.59750371687, 0],
      [0.018993499767, 0.041313168821, 0.33012199184, 0.60957133957, 0],
      [0.028962101399, 0.021906628139, 0.35283182609, 0.59629944438, 0]
    ],
    [
      [0.12820512604, 0.025641028722, 0.35897435482, 0.46153846086, 0.025641029567],
      [0.068965516951, 0.055172412421, 0.35862069206, 0.48275862, 0.034482758563],
      [0.072164948165, 0.041237112504, 0.36082474237, 0.48969072322, 0.036082473743],
      [0.058823532865, 6.6659856996e-09, 0.35294117334, 0.52941175645, 0.058823530683],
      [0.058823536701, 8.2186078108e-09, 0.35294116751, 0.47058823301, 0.11764705456]
    ],
    [
      [0.068965519643, 0.034482761022, 0.27586205215, 0.58620690616, 0.034482761022],
      [0.040268455909, 0.060402684096, 0.27516778383, 0.59060402825, 0.033557047915],
      [0.033898305281, 0.062146892459, 0.27683615839, 0.59039548062, 0.036723163252],
      [0.028571428571, 0.057142861123, 0.28571428372, 0.59999999403, 0.028571432551],
      [0.029411762658, 0.029411762658, 0.26470590284, 0.58823528183, 0.088235290021]
    ],
    [
      [0.076923076923, 0.051282051282, 0.25641025641, 0.58974358974, 0.025641025641],
      [0.034090909091, 0.064393939394, 0.26136363636, 0.60227272727, 0.037878787879],
      [0.034305317324, 0.058319039451, 0.2641509434, 0.60377358491, 0.039451114923],
      [0.027397260274, 0.054794520548, 0.2602739726, 0.6301369863, 0.027397260274],
      [0.020833333333, 0.041666666667, 0.25, 0.60416666667, 0.083333333333]
    ],
    [
      [0.10526315789, 0.026315789474, 0.21052631579, 0.63157894737, 0.026315789474],
      [0.063953488372, 0.052325581395, 0.21511627907, 0.63372093023, 0.03488372093],
      [0.058333333333, 0.052083333333, 0.21875, 0.63541666667, 0.035416666667],
      [0.041666666667, 0.041666666667, 0.27083333333, 0.625, 0.020833333333],
      [0.04, 0.04, 0.2, 0.66, 0.06]
    ],
    [
      [0.067796610169, 0.084745762712, 0.18644067797, 0.64406779661, 0.016949152542],
      [0.045918367347, 0.076530612245, 0.20408163265, 0.65306122449, 0.020408163265],
      [0.047619047619, 0.073015873016, 0.20317460317, 0.65238095238, 0.02380952381],
      [0.04, 0.066666666667, 0.2, 0.68, 0.013333333333],
      [0.041666666667, 0.0625, 0.1875, 0.64583333333, 0.0625]
    ],
    [
      [0.054726368159, 0.029850746269, 0.38805970149, 0.51243781095, 0.014925373134],
      [0.046712802768, 0.031141868512, 0.3892733564, 0.51557093426, 0.017301038062],
      [0.045510455105, 0.028290282903, 0.38991389914, 0.51783517835, 0.018450184502],
      [0.041666666667, 0.020833333333, 0.375, 0.54166666667, 0.020833333333],
      [0.043010752688, 0.021505376344, 0.38709677419, 0.51612903226, 0.032258064516]
    ],
    [
      [0.054187192118, 0.054187192118, 0.29064039409, 0.56650246305, 0.034482758621],
      [0.0464, 0.0576, 0.2928, 0.5696, 0.0336],
      [0.047360248447, 0.053571428571, 0.29425465839, 0.57065217391, 0.034161490683],
      [0.045871559633, 0.045871559633, 0.28440366972, 0.5871559633, 0.036697247706],
      [0.044776119403, 0.05223880597, 0.29104477612, 0.5671641791, 0.044776119403]
    ],
    [
      [0.069518716578, 0.064171122995, 0.27807486631, 0.55614973262, 0.032085561497],
      [0.059504132231, 0.061157024793, 0.28595041322, 0.55867768595, 0.034710743802],
      [0.060792951542, 0.060792951542, 0.28281938326, 0.56035242291, 0.035242290749],
      [0.059829059829, 0.059829059829, 0.28205128205, 0.5641025641, 0.034188034188],
      [0.056962025316, 0.056962025316, 0.27848101266, 0.56329113924, 0.044303797468]
    ]
  ],
  "expected_outcome": [
    [
      [0.17466547552, 3, 0.74634982333, 3.9968517685, 3.1042409059, 3.5617046473, 1.6670588067, 0.90567154783, 14, 0.77448955658, 0.11765868447, 0, 0, 3, 0.79109091092, 0.17136525067, 6, 0, 0.33694266339, 0.14196377283, 0.30466889725, 3, 7, 1.9999995321, 0, 0.099171671317, 8, 2.9999906021, 0.12615641752, 0.079463651162, 4, 1.9999999999, 12, 7.9999999999, 2, 3, 0.18028941947, 0.071191871664, 0.1600313676, 0, 0, 0, 2.9999999974, 5, 4, 3, 2.9999872491, 1.9502715208, 3, 4, 1.1698627913, 8, 0.15897155167, 4.9999999154, 2.0000000696, 3, 4, 4, 11, 11, 13],
      [0, 1, 0, 0.00020320376175, 1.9316728895, 0.5172707975, 0.043063825364, 1.0341591726, 19, 0.038849644505, 0.46145440092, 0, 0, 1, 0.049224543084, 0.085438215361, 9, 0, 0.10467205554, 0.085677209935, 0.3771571872, 3, 8, 1.0000009358, 0.11067050267, 0.16033399316, 9, 1.9999968654, 0.084695766728, 0.079052990415, 3, 1, 8, 4, 2, 3.1765459091e-10, 0.08941467663, 0.14996418066, 0.064385762419, 0.20244215167, 0, 0, 0.99999999913, 3, 3, 1, 0.9999978527, 0.00051247275079, 3, 2, 0.078148126834, 2, 0.12960271813, 1.0000001202, 1.0000000696, 2, 1, 5, 6, 11, 12],
      [0.21609839274, 11, 1.8256187871, 6.9970313451, 14.0257140653, 7.8313700433, 2.2173060576, 0.97657830411, 103, 2.262496088, 1.8745049149, 0, 0, 10, 1.9862794754, 1.4227420751, 31, 0.6543930998, 2.1231807521, 0.734247914, 3.2197175494, 12, 43, 1.9999995762, 0.74776554926, 0.91690063474, 39, 8.9999937256, 0.17177111582, 0.67663807055, 16, 4.0000000001, 57, 27, 10, 3.9999999996, 0.26919574711, 0.2535691215, 0.28543615286, 0.30775121689, 0, 0, 4.9999999973, 13, 10, 6, 5.0000109198, 1.0047930681, 10, 11, 0.71182341054, 27, 1.1961700004, 13.9999998379, 7.9999995125, 10, 8, 11, 78, 59, 52],
      [0.60136713165, 31, 2.2580568674, 14.005755425, 14.8865029679, 8.9607005783, 4.9998153224, 6.0451062242, 119, 2.7879477401, 2.431716703, 0, 0, 35, 7.1661711117, 3.3204544588, 105, 1.3456069002, 3.3773623455, 0.95794012753, 2.9203424324, 29, 113, 8.9999999559, 1.1415639481, 1.7915567551, 48, 15.000012536, 0.58221956706, 2.0888482791, 57, 15, 62, 36, 23, 12, 0.37778377827, 0.52527482618, 0.47340722135, 0.48980663144, 0, 0, 13.0000000061, 27, 37, 25, 14.0000036075, 4.0196709683, 33, 38, 2.0370029352, 30, 1.5152557298, 17.9999999734, 17.0000002786, 23, 24, 38, 103, 115, 104],
      [0.0078690000929, 1, 0.16997452217, 0.00015825767879, 0.051869171423, 0.12895393358, 0.072755987885, 0.038484751227, 7, 0.13621697084, 0.11466529676, 0, 0, 1, 0.0072339589443, 0, 4, 0, 0.057842183489, 0.080170975708, 0.1781139337, 1, 6, 1.3170790418e-11, 0, 0.032036945706, 3, 6.2708797751e-06, 0.035157132868, 0.075997008735, 3, 2.9261675968e-16, 5, 2.0000000001, 1, 1.6913054088e-10, 0.083316378521, 0, 0.016739495769, 0, 0, 0, 1, 1, 1, 1, 3.7090759006e-07, 0.024751970003, 2, 2, 0.0031627360802, 2, 0, 1.0000001531, 1.0000000696, 1, 1, 1, 3, 7, 6]
    ],
    [
      [1.4869859624, 9, 1.6096635839, 6.0078800917, 3.0488482675, 3.1759228925, 1.4779783699, 0.93096792153, 42, 0.15845194268, 0.20633878096, 2.3604147738, 0, 2, 0.97108536859, 0.12980984581, 17, 0, 0.3448437242, 0.26627381963, 0.27450958911, 4, 20, 1.0000002398, 0, 0.22929549312, 28, 10.0000156734, 0.34255255094, 0.41407718898, 5, 5.0000000002, 34, 18, 6, 4.0000000004, 0.63384766017, 0.39088386901, 1.1150947357, 0, 0.55096390639, 0, 3, 14, 7, 4, 3.000006173, 3.0682573814, 5, 9, 0.829578233, 21, 0.23959920462, 9.9999999579, 5.9999999304, 9, 11, 9, 27, 29, 36],
      [0, 10, 0, 1.9967524413, 0.88938694858, 3.230147589, 0.21081145989, 3.916392999, 63, 3.768548862, 1.2017328942, 0.91370351544, 0, 9, 1.7498794585, 0.15251836246, 48, 0, 0.619047479, 1.1145347621, 0.60992144455, 23, 37, 8.0000015201, 0.26354723196, 0.97703434434, 37, 9.9999968653, 0.64102484511, 0.6347763623, 10, 7.0000000005, 32, 14.9999999999, 20, 7.0000000002, 1.1643718293, 1.5329955122, 1.1327335458, 0.68013102244, 0.48262664353, 0, 8, 16, 9, 5, 4.9999800672, 4.0192654077, 12, 16, 2.8104859646, 11, 0.22023153268, 7.9999998011, 8.9999999304, 17, 9, 15, 18, 36, 37],
      [2.8731780199, 67, 7.2137138506, 20.0048824203, 22.7946992763, 18.1702869989, 5.2651953848, 9.1493996328, 345, 12.141299541, 6.515623991, 5.3918452775, 1.101654524, 47, 5.2285552856, 1.6332839671, 165, 0.61706011604, 11.4874951523, 11.8788397552, 4.7766588526, 77, 186, 22.0000031182, 2.2123105603, 3.9889114474, 162, 49.000012534, 1.2388394106, 3.5516776352, 46, 26.0000000001, 203, 77.0000000001, 79, 30.0000000009, 5.2838509788, 2.1428458841, 4.4756168099, 0.91163850274, 8.2080129155, 2.1639892505, 34.9999999957, 66, 35, 18, 14.0000227028, 15.9128991273, 31, 59, 4.9027021898, 104, 2.0139541352, 52.0000003488, 40.9999997911, 69, 37, 40, 225, 183, 173],
      [9.3451335655, 188, 8.7080724354, 39.9874910878, 22.2160948623, 20.3623865886, 13.9271893405, 25.973483486, 399, 16.9005997879, 11.0364314539, 12.8604373691, 2.7589325418, 158, 19.8965953472, 4.0843878247, 544, 1.382939884, 18.3360791603, 25.6462846398, 4.9639772555, 173, 483, 74.999994002, 3.5241422077, 6.5461716951, 201, 81.9999749257, 3.5402718449, 7.82783524, 159, 97.9999999993, 221, 106, 176, 85.999999998, 5.3681633895, 3.9332747346, 6.9318752858, 1.4082304748, 8.5058761383, 4.5405948286, 82.0000000043, 136, 121, 72, 38.9999823812, 31.9981427059, 103, 187, 18.442281244, 116, 3.5262151275, 69.9999999006, 88.0000002089, 159, 109, 128, 298, 356, 338],
      [0.29470245218, 7, 0.46855013005, 1.0029939589, 0.050970645314, 0.061255930897, 0.11882544488, 0.029755960579, 24, 1.0310998664, 1.03987288, 0.47359906419, 0.13941293419, 6, 0.15388454006, 0, 24, 0, 0.21253448419, 2.0940670233, 0.37493285829, 8, 26, 5.0000011198, 0, 0.25858701999, 13, 2.0000000015, 0.23731134838, 0.5716335735, 9, 4.9999999999, 18, 6, 8, 3.0000000006, 0.54976614219, 0, 0.34467962281, 0, 1.2525203963, 0.29541592087, 7.9999999999, 7, 5, 3, 1.0000086757, 2.0014353777, 6, 10, 0.014952368688, 8, 0, 4.9999999916, 5.0000001393, 10, 6, 4, 10, 21, 21]
    ],
    [
      [3.9854647316, 22, 1.3397339924, 10.9947720012, 2.9187528834, 3.6524447028, 4.4368400849, 3.0485276294, 56, 1.0471103094, 0.35135584116, 4.2425457751, 0, 8, 1.2097934201, 0.6022178018, 59, 0, 1.2317000053, 0.47224783358, 0.36868357554, 11, 57, 3.9999987648, 0, 0.59308262268, 40, 15.9999937238, 0.4351784265, 0.43121407759, 19, 15.9999999998, 44, 26.0000000001, 15, 10.9999999994, 0.80069563166, 0.43542494053, 1.6736046823, 0, 0.41310009123, 0, 8.0000000017, 31, 23, 14, 7.9999870034, 5.9549646893, 18, 28, 2.9240798501, 25, 0.49554943974, 13.9999999441, 12.0000000696, 20, 28, 30, 37, 61, 69],
      [0, 22, 0, 1.0029035249, 0.063203034474, 2.1080403035, 0.71659934963, 9.0429972436, 82, 2.9773166844, 3.831831017, 1.9841700317, 0, 23, 3.0054559828, 0.67096973283, 152, 0, 0.20811174629, 3.4688649204, 0.84962846773, 50, 98, 17.9999982386, 0.62578226537, 1.6187016334, 51, 15.0000125354, 0.993295097, 1.044248743, 27, 17.9999999992, 40, 19, 42, 10.9999999983, 1.3270298744, 1.8727901915, 1.7413837582, 0.78614910998, 0.48741205203, 0, 16.0000000017, 29, 26, 20, 9.0000026062, 3.9775233993, 35, 42, 4.7434732461, 12, 0.54313269595, 7.9999998257, 21.9999999304, 34, 25, 46, 23, 69, 69],
      [8.1877171616, 168, 7.979697435, 37.9920355532, 21.2543263257, 23.1995148259, 13.0801878094, 24.8017455894, 462, 18.6619507092, 16.8853160658, 12.6886051649, 4.3902555766, 155, 18.3818383676, 5.8903928731, 544, 1.7285467842, 15.8793508716, 24.622692543, 5.8913412839, 184, 521, 64.9999978899, 4.0399238905, 5.0980831263, 232, 77.9999717946, 2.0041665242, 5.4371476944, 152, 85, 268, 116.9999999999, 184, 80.9999999995, 6.6839665347, 2.7722491781, 6.8900313706, 1.1541811286, 8.0802564811, 3.5792994064, 82.0000000121, 143, 114, 71, 39.9999490076, 31.0962907505, 108, 178, 17.3685680774, 130, 5.4012583943, 70.0000000188, 98.0000000697, 154, 105, 128, 317, 379, 321],
      [30.234700883, 466, 10.8442793122, 72.01335855, 22.7301321955, 26.7469265187, 37.1824847223, 80.1092342114, 534, 26.3301658147, 30.4116718532, 34.1553267362, 12.888709839, 513, 63.3694533518, 17.8364195923, 1794, 4.2714532158, 33.0240180086, 62.9644439312, 6.536255271, 410, 1351, 222.0000071065, 7.3342938442, 11.1818700836, 286, 136.0000282167, 7.005054967, 15.9805746454, 517, 307.0000000012, 289, 156.0000000001, 406, 223.0000000038, 8.2373203251, 5.9195356899, 12.0687731998, 2.0596697614, 9.5750022786, 8.7635264731, 194.9999999923, 292, 395, 281, 106.0000601138, 57.9729419205, 352, 563, 73.587435103, 142, 9.56005947, 95.0000003053, 209.0000001392, 352, 305, 411, 421, 735, 636],
      [0.59211722386, 17, 0.83628926043, 1.9969303706, 1.033585561, 0.2930736492, 0.58388803377, 1.9974953262, 32, 1.9834564823, 1.5198252228, 0.92935229206, 0.7210345844, 19, 1.0334588777, 0, 82, 0, 0.65681936816, 5.4717507718, 0.35409140174, 21, 75, 15.9999980002, 0, 0.50826253398, 19, 3.9999937295, 0.56230498535, 1.1068148396, 29, 15.9999999999, 24, 10, 19, 8.999999999, 0.95098763421, 0, 0.6262069891, 0, 1.444229097, 0.6571741205, 18.9999999922, 16, 17, 12, 4.0000012691, 3.9982792404, 23, 32, 2.3764437235, 10, 0, 6.9999999061, 12.9999997911, 23, 17, 15, 15, 44, 40]
    ],
    [
      [0.081169471523, 1, 0.06347667532, 0.00024432920001, 0.016392964921, 0.14401546672, 0, 0.040334994427, 8, 0.0045512323402, 0.32179918746, 0.1576321561, 0, 2.9354886432e-19, 0.02109878818, 0.086969178145, 4, 0, 0.023185239643, 0.11360042416, 0.052137938101, 1, 3, 1.1315071439e-06, 0, 0.037922795728, 6, 0.99999686614, 0.063151534907, 0.070600736307, 1, 1.0000000001, 4, 2, 1, 1.2582519599e-10, 0.18101939627, 0.10249931879, 0.051269214379, 0, 0, 0, 8.7728210146e-10, 3, 2, 1, 2.3285147235e-06, 0.025638420318, 2, 2, 0.010254884191, 2, 0.018993499767, 1.0000000587, 1, 2, 2, 3, 2, 5, 7],
      [0, 1, 0, 1.1252639786e-05, 0.006727744196, 0.021496759522, 0, 0.0012319348711, 12, 0.13108341567, 0.41493951533, 0.026868401498, 0, 1, 0.1409802572, 0.069508633088, 12, 0, 0.027605037184, 0.27762591302, 0.16329290051, 5, 5, 1.99999919, 0, 0.13609253178, 8, 0.99999686691, 0.19751575789, 0.19600792726, 1, 1.0000000001, 4, 1, 3, 5.5745175605e-10, 0.1720773463, 0.44425011558, 0.061496933566, 0.3312777159, 0, 0, 0.99999999912, 3, 2, 1, 1.4367181408e-05, 0.002300643049, 3, 3, 0.019718935302, 1, 0.041313168821, 1.1332175689e-07, 2.0000001393, 4, 2, 5, 1, 5, 7],
      [0.2551253142, 11, 0.33830832865, 1.0057314231, 2.0547167843, 0.14925584782, 0, 1.0530018141, 67, 2.78488342, 2.2867261825, 0.3445275845, 0, 8, 1.2553746438, 0.80999486257, 43, 0, 0.41367533878, 1.4784515242, 1.1122823141, 22, 30, 8.9999984707, 0, 0.48442284551, 35, 7.0000062727, 0.38767222272, 1.1254808941, 12, 6.0000000001, 29, 11.0000000001, 16, 6.0000000003, 0.62777420018, 0.83133581633, 0.34891566665, 0.62642915179, 0, 0.25671134307, 5.9999999974, 16, 11, 5, 5.0000035561, 2.9838853903, 11, 13, 1.6677493377, 13, 0.33012199184, 5.9999999467, 9.9999999303, 19, 13, 15, 18, 31, 33],
      [0.64203853742, 32, 0.57378075788, 2.9911364029, 2.0710794957, 1.6809545221, 0, 7.9014876011, 80, 3.0442664842, 4.7267423066, 2.4141220358, 0, 32, 5.5712581433, 2.0335273262, 145, 0, 1.5198468952, 3.7680622562, 1.5794250411, 50, 83, 32.0000005442, 0, 1.2911749561, 46, 13.9999999951, 1.2835774288, 3.4466017056, 37, 19.9999999993, 34, 16.9999999999, 34, 15.9999999989, 0.94131931916, 1.6219147493, 0.52594429308, 1.0422931323, 0, 0.69587869829, 17.0000000026, 35, 43, 21, 12.9999797433, 6.9876079842, 41, 43, 5.2855328685, 17, 0.60957133957, 8.9999998596, 20.9999997911, 46, 30, 51, 26, 64, 66],
