{
  "Z_true": {},
  "V_true": [
    [272, 190, 15499, 1003],
    [332, 4426, 791, 509],
    [827, 91, 463, 105],
    [80, 106, 649, 851]
  ],
  "p_true": [
    [0.016, 0.0112, 0.9136, 0.0591],
    [0.0548, 0.7306, 0.1306, 0.084],
    [0.5565, 0.0612, 0.3116, 0.0707],
    [0.0474, 0.0629, 0.3849, 0.5047]
  ],
  "Z_est": [
    [
      [1.5168, 2.6615, 2.4562, 14.961, 5.5178, 2.5924, 2.0623, 0, 1.9362, 6.884, 35.0003, 0.5883, 1.8597, 2.0399, 0.4586, 56, 51, 118, 91, 2.0488, 6.1003, 0.4975, 2.4739, 0.8548, 2.7453, 0.8637, 0, 0, 1.27, 1.0486, 0.9365, 0, 1.708, 13.9975, 23.0003, 1.3576, 12.996, 23.9974, 19.9966, 0.8548, 18.9399, 4.9016, 27, 5.967, 6.9965, 11.9988, 7.847, 9.9273, 34, 0, 8.9999, 19.9971, 31, 13.9991, 22.9999, 29.9985, 33, 18.9944, 19.9627, 7.991, 79, 59, 0],
      [2.6698, 5.7342, 7.8201, 8.9901, 9.0022, 1.6508, 8.4216, 6.4004, 22.4594, 22.9258, 148.9965, 3.0889, 0.5283, 0, 2.0565, 173, 42, 505, 204, 1.8972, 6.1339, 1.9269, 1.5343, 0.8194, 3.9923, 0, 0, 0.8768, 2.5933, 2.4259, 0, 0, 0.8473, 46.9953, 63.9991, 10.9394, 40.9964, 30.9982, 43.9863, 0, 8.9892, 10.0654, 9, 10.01, 21.9931, 4.9987, 4.0248, 24.7301, 107.9999, 9.2737, 60.9984, 95.9852, 88, 60.9971, 79, 69.9893, 67, 72.9967, 62.9879, 23.9902, 314, 227, 0.8569],
      [15.9068, 26.8717, 12.4616, 236.0678, 51.4013, 24.9939, 29.605, 40.4565, 47.6041, 57.17, 350.0035, 10.0332, 3.612, 3.3134, 4.1262, 741, 989, 1182, 689, 8.6921, 17.2105, 5.5756, 20.7552, 10.3258, 49.6198, 14.6924, 6, 9.1232, 8.0965, 6.5255, 13.0635, 7.1447, 14.6382, 165.0052, 277.0012, 40.1139, 109.0095, 180.0018, 177.0194, 7.5212, 197.082, 159.2049, 490, 233.0074, 323.0277, 284.0016, 139.2392, 81.319, 242.0001, 31.231, 92.0025, 180.0139, 217, 116.0047, 137.0001, 210.0114, 208, 137.0091, 104.0614, 101.0436, 1329, 844, 7.2432],
      [3.9067, 2.7326, 3.2622, 27.981, 8.0787, 1.7629, 3.9111, 8.1431, 10.0003, 11.0202, 49.9997, 2.2897, 0, 0.6467, 1.3587, 72, 127, 140, 72, 1.3619, 3.5552, 0, 3.2366, 0, 10.6426, 3.4439, 0, 0, 1.0401, 0, 0, 0.8553, 0.8065, 26.0019, 33.9994, 7.5891, 15.9982, 30.0025, 23.9977, 1.6241, 19.9889, 12.8282, 49, 22.0156, 30.9827, 43.0009, 23.889, 11.0236, 39, 2.4953, 29.9992, 39.0038, 38, 20.9992, 24, 26.0009, 27, 23.9998, 14.988, 12.9752, 226, 135, 0.8999]
    ],
    [
      [0.7658, 0.9104, 2.9373, 0.2517, 1.1732, 0.2252, 0.7224, 0, 0.9233, 3.0045, 17.0001, 0.3601, 0.5975, 0, 0.3106, 15, 2, 62, 35, 0.4285, 3.7168, 0.3739, 0.3586, 0.0818, 0.0813, 0.0929, 0, 0, 0.3821, 0.5543, 0, 0, 0.1061, 4.9985, 5.9995, 0.5286, 5.0018, 6.0006, 6.0011, 0, 1.0322, 0.0842, 1, 0.0102, 0.0035, 0.0008, 0.0895, 3.0801, 23, 0, 8.0002, 12.001, 18, 9.0007, 18.0001, 12.0028, 14, 12.0021, 14.0284, 1.9985, 22, 19, 0],
      [1.7326, 2.0653, 11.235, 1.5067, 2.6363, 0.1959, 3.2581, 1.8229, 14.4609, 15.1483, 76.0034, 2.488, 0.2812, 0, 1.6152, 50, 3, 271, 82, 0.5516, 5.129, 1.5838, 0.3656, 0.101, 0.5024, 0, 0, 0.1232, 1.411, 1.5769, 0, 0, 0.0811, 19.005, 21.001, 6.0929, 21.0044, 9.0038, 15.0102, 0, 1.9806, 1.8335, 1, 0.9875, 3.9931, 0.0006, 0.9125, 12.1391, 76.0001, 4.491, 62.0024, 56.005, 56, 46.0037, 67, 33.004, 30, 54.0048, 50.0015, 7.0103, 91, 79, 0.1431],
      [6.0354, 7.3174, 12.7366, 13.232, 9.121, 1.4377, 8.6625, 8.7576, 25.3732, 34.8633, 178.9965, 5.8055, 1.1212, 0, 2.3433, 207, 48, 631, 274, 1.6929, 10.9494, 3.0423, 3.732, 0.8171, 3.1197, 1.5063, 0, 0.8768, 2.7914, 2.8688, 0, 0, 0.7496, 62.9973, 87.999, 13.9435, 49.9931, 46.9966, 55.9841, 0, 16.9872, 16.9174, 25, 14.9929, 29.9896, 12.9984, 6.9009, 36.7073, 168.9999, 11.52, 93.997, 105.995, 135, 86.9952, 116.9999, 93.9925, 88, 98.9912, 80.9493, 29.9849, 382, 286, 0.7568],
      [1.4662, 0.7069, 3.0911, 1.0096, 1.0695, 0.1412, 1.357, 1.4195, 6.2427, 6.9839, 25, 1.3464, 0, 0, 0.731, 20, 6, 74, 29, 0.327, 2.2048, 0, 0.5438, 0, 0.2966, 0.4008, 0, 0, 0.4155, 0, 0, 0, 0.0632, 9.9991, 10.0004, 2.435, 7.0007, 6.999, 7.0045, 0, 1.0001, 1.1649, 2, 1.0094, 2.0138, 1.0003, 1.0971, 4.0735, 27, 0.9889, 31.0003, 22.9991, 24, 16.0003, 20, 11.0007, 11, 18.0019, 11.0208, 4.0062, 65, 45, 0.1001]
    ],
    [
      [0.1324, 0.1532, 0.5137, 1.0198, 0.1223, 0.1824, 0.142, 0, 0.0649, 0.0497, 2.9998, 0, 0.2634, 0.9601, 0.103, 3, 2, 12, 12, 0.4038, 1.0954, 0.1286, 0.1675, 0.0633, 0.108, 0.0434, 0, 0, 0, 0.397, 0.0635, 0, 0.1043, 0.0029, 2.0002, 0.0341, 1.0008, 3.0009, 1.0011, 0.0784, 1.0108, 0.0074, 1, 0.0126, 0, 0.0006, 0.0043, 0.9758, 5, 0, 0.9999, 1.002, 4, 1.0003, 3, 2.9993, 4, 1.0012, 2.0107, 0.0044, 3, 3, 0],
      [0.2239, 0.5761, 1.5098, 0.242, 0.122, 0.1533, 0.9608, 0.2561, 0.7576, 1.9433, 11.9997, 0, 0.1036, 0, 0.6092, 12, 2, 55, 29, 0.4314, 1.6455, 0.4893, 0.1001, 0.0795, 0.1375, 0, 0, 0, 0, 0.9973, 0, 0, 0.0322, 3.9991, 5.9997, 0.2979, 3.0008, 3.9985, 3.0012, 0, 0.0151, 0.0133, 3.2108e-07, 0.0025, 3.6622e-06, 0.0005, 0.0599, 5.0802, 17, 0.6732, 7.0001, 10.0087, 14, 9.9998, 11, 7.0066, 9, 7.9994, 9.0073, 2.0068, 15, 13, 0],
      [1.3352, 3.0256, 2.5149, 17.2543, 5.8349, 1.5685, 2.4736, 1.408, 2.9758, 5.9615, 31.0009, 0, 0.633, 1.6866, 1.0147, 53, 55, 128, 101, 1.9536, 4.1342, 1.3821, 1.5128, 0.8571, 2.8854, 0.8013, 0, 0, 0, 2.6057, 0.9365, 0, 0.822, 13.9984, 26.0001, 1.4294, 10.9985, 25.0011, 15.9966, 0.7723, 17.9655, 6.8903, 27, 7.9849, 11, 7.9991, 8.2227, 16.0183, 39, 2.0948, 11.9998, 18.9902, 36, 19.9992, 21, 23.9932, 32, 16.9994, 16.9866, 10.9863, 65, 52, 0],
      [0.3085, 0.2451, 0.4617, 2.4838, 0.9208, 0.0958, 0.4236, 0.3359, 0.2017, 0.0455, 4.9997, 0, 0, 0.3533, 0.2731, 5, 7, 15, 10, 0.2112, 1.125, 0, 0.2196, 0, 0.8691, 0.1553, 0, 0, 0, 0, 0, 0, 0.0414, 1.9997, 3, 0.2385, 0.9999, 3.9996, 2.0011, 0.1493, 2.0086, 0.0891, 2, 0, 1, 1.9998, 0.7132, 2.9258, 6, 0.2321, 4.0002, 2.9991, 6, 3.0007, 3, 2.0008, 4, 3, 1.9954, 1.0025, 10, 8, 0]
    ],
    [
      [0.585, 0.2748, 0.0929, 0.7675, 1.1866, 0, 0.0733, 0, 0.0757, 0.0618, 2.9998, 0.0516, 0.2794, 0, 0.1278, 5, 4, 8, 9, 0.119, 1.0875, 0, 0, 0, 0.0655, 0, 0, 0, 0.3479, 0, 0, 0, 0.0816, 1.0011, 1, 0.0797, 1.0014, 2.0011, 2.0011, 0.0668, 1.0171, 0.0069, 1, 0.0102, 0, 0.9998, 0.0592, 0.0168, 4, 0, 1, 2, 3, 1, 3, 1.9994, 2, 1.0023, 0.9983, 1.006, 8, 6, 0],
      [1.3738, 0.6245, 0.4351, 0.2611, 1.2395, 0, 0.3596, 0.5205, 1.3221, 3.9826, 13.0004, 0.4231, 0.0868, 0, 0.7191, 18, 4, 38, 20, 0.1198, 1.0916, 0, 0, 0, 0.3677, 0, 0, 0, 0.9956, 0, 0, 0, 0.0393, 6.0006, 5.0002, 0.6697, 5.9984, 2.9995, 4.0023, 0, 0.0152, 0.0878, 1.14e-07, 0, 1.0138, 0.0002, 0.0028, 1.0506, 16, 0.5621, 11.9991, 12.001, 11, 7.9994, 11, 5.0001, 5, 5.9991, 3.0033, 4.9927, 33, 24, 0],
      [7.7227, 1.7853, 0.2869, 18.4459, 10.6429, 0, 1.2589, 3.3779, 4.0469, 10.0052, 30.9991, 1.1613, 0.6338, 0, 1.5159, 79, 94, 92, 70, 0.6615, 2.7059, 0, 0, 0, 3.3752, 0, 0, 0, 3.1121, 0, 0, 0.8553, 0.7902, 21.999, 20.9996, 2.5132, 18.9989, 21.0006, 19, 0.7066, 11.9654, 10.9874, 30, 9.0149, 23.9827, 26.0009, 12.6372, 2.9554, 36, 2.1542, 18.0007, 22.0009, 28, 15.0008, 19, 17.0029, 17, 11.0004, 5.0027, 20.9851, 141, 90, 0],
      [2.3186, 0.3154, 0.1851, 2.5255, 2.931, 0, 0.3083, 1.1015, 1.5553, 3.9504, 6.0006, 0.364, 0, 0, 0.6372, 8, 13, 12, 9, 0.0998, 1.1149, 0, 0, 0, 1.1916, 0, 0, 0, 0.5444, 0, 0, 0.1447, 0.0889, 4.9993, 4.0002, 0.7374, 4.0012, 4.9989, 3.9966, 0.2266, 2.0024, 1.9178, 5, 1.9749, 4.0034, 4.999, 3.3008, 0.9771, 7, 0.2837, 7.0002, 5.9981, 6, 3.9998, 5, 3.9976, 4, 2.9983, 1.9957, 4.0162, 25, 16, 0]
    ]
  ],
  "V_est": [
    [985.8032, 2870.5931, 11524.2647, 1583.3389],
    [366.2227, 1377.5056, 3766.5384, 547.7332],
    [79.4291, 279.5408, 997.9044, 129.1257],
    [79.545, 285.3604, 1113.2925, 207.8021]
  ],
  "p_est": [
    [0.0581, 0.1692, 0.6793, 0.0933],
    [0.0605, 0.2274, 0.6217, 0.0904],
    [0.0535, 0.1881, 0.6715, 0.0869],
    [0.0472, 0.1693, 0.6603, 0.1232]
  ],
  "EI_Z": {},
  "EI_V": 32.1236,
  "MAE_Z": {},
  "MAE_V": 1051.8067,
  "MAE_p": 0.2028,
  "runtime": 0.3983
}
