{
  "Z_true": {},
  "V_true": [
    [32, 175, 68, 1133, 725],
    [1180, 198, 843, 279, 91],
    [343, 647, 3809, 257, 151],
    [377, 1109, 311, 18064, 629],
    [130, 3614, 715, 660, 192],
    [115, 108, 123, 318, 327]
  ],
  "p_true": [
    [0.015, 0.082, 0.0319, 0.5312, 0.3399],
    [0.4554, 0.0764, 0.3254, 0.1077, 0.0351],
    [0.0659, 0.1243, 0.7315, 0.0494, 0.029],
    [0.0184, 0.0541, 0.0152, 0.8816, 0.0307],
    [0.0245, 0.6805, 0.1346, 0.1243, 0.0362],
    [0.116, 0.109, 0.1241, 0.3209, 0.33]
  ],
  "Z_est": [
    [
      [1.5195, 1.8061, 0.0501, 0, 0.2686, 0.5093, 0.0501, 0.7055, 0.5775, 0.2741, 0, 0.0598, 0, 0.8126, 1.6023, 1.3108, 0.7605, 2.7182, 2.0506, 0.6206, 0.4188, 0.8572, 2.4275, 1.4068, 1.3818, 0.4195, 0.9741, 0.6318, 1.4722, 0.9666, 0.0981, 0.1423, 0, 15.9187, 1.3463, 2.5027, 0.6812],
      [3.5905, 1.8098, 0.0113, 0, 0.7741, 1.2276, 0.0113, 1.1369, 1.1628, 0.519, 0, 0.0988, 0, 2.1377, 4.4936, 2.972, 2.3413, 5.0197, 3.8512, 1.3637, 1.5377, 1.5905, 5.1809, 2.7274, 2.8634, 1.0941, 2.6524, 1.3923, 2.0138, 0.2716, 0.121, 0.0583, 0, 32.8764, 1.9361, 4.2331, 0.5827],
      [1.5871, 1.9978, 6.9171e-06, 0, 0.5405, 0.0073, 0.1906, 0.805, 0.7705, 0.4025, 0, 0.0934, 0, 1.4145, 2.9794, 3.7487, 1.932, 3.6225, 2.6221, 0.7475, 0.3588, 1.403, 3.933, 2.0585, 1.5526, 0.7015, 2.7714, 1.518, 4.2018, 0.1725, 0.1998, 0.4232, 0, 20.0452, 1.8975, 2.6616, 0.8625],
      [58.6727, 70.5383, 1.3592, 0, 5.4367, 9.0611, 1.3592, 11.494, 9.0611, 5.6444, 0, 1.3592, 0, 16.7845, 31.7138, 33.2903, 15.1811, 46.9539, 54.2646, 17.5068, 11.0714, 19.802, 65.3105, 33.7096, 39.8965, 10.6085, 19.4172, 11.354, 37.5333, 8.0677, 3.0944, 3.3502, 0, 476.562, 33.0993, 38.9627, 12.7817],
      [28.6301, 23.8481, 1.5794, 0, 4.9802, 9.1947, 1.3888, 8.8586, 8.4281, 3.1599, 0, 1.3888, 0, 15.8507, 29.2108, 19.6781, 12.7852, 29.6857, 30.2115, 8.7613, 7.6133, 11.3473, 36.1481, 18.0976, 21.3057, 6.1764, 16.1849, 10.1039, 20.7789, 4.5215, 1.4867, 2.0259, 0, 251.5977, 18.7208, 37.6399, 8.092]
    ],
    [
      [46.1248, 21.7796, 7.0686, 3.5015, 12.7381, 29.6161, 20.4337, 60.6164, 43.7333, 15.6643, 1.6166, 1.5557, 0, 33.9377, 76.8931, 50.3014, 40.1976, 57.4065, 85.075, 23.7967, 12.074, 43.5593, 105.3388, 73.2333, 43.6173, 17.545, 49.2072, 35.4354, 65.5709, 5.5047, 2.3335, 3.1114, 0.7778, 447.9877, 72.284, 183.6607, 57.2345],
      [2.0687, 0.7578, 1.8174, 0.0677, 2.5065, 1.2162, 3.1823, 3.7663, 4.546, 0.5413, 0.0558, 0.0541, 0, 1.5038, 3.4135, 2.1855, 2.8498, 1.9756, 3.6266, 1.0386, 0.8729, 1.6847, 7.8451, 2.9432, 1.5696, 0.7392, 2.1838, 1.4226, 2.6945, 0.1894, 0.0812, 0.115, 0.0285, 16.5893, 3.0142, 7.2733, 0.3115],
      [11.9674, 4.0188, 0.2283, 1.0145, 4.1019, 7.214, 0.4086, 16.2955, 10.0402, 2.8705, 0.3025, 0.2871, 0.1776, 8.8413, 20.6632, 12.7656, 11.7609, 10.4775, 20.9642, 5.8438, 9.2886, 8.1139, 31.5467, 17.1153, 9.8873, 4.4839, 14.1529, 7.8801, 16.5438, 1.0047, 0.4306, 0.5741, 0.1435, 116.9972, 17.7379, 42.1148, 21.9081],
      [4.2403, 0.3516, 0.5246, 0.1335, 2.8329, 0.5023, 1.5381, 5.4057, 1.587, 0.2511, 0.0251, 0.0251, 0.4708, 0.8971, 3.0342, 1.2431, 5.0064, 0.9166, 3.9047, 1.1461, 2.8031, 0.7032, 10.6305, 1.3627, 0.7283, 0.3737, 1.9496, 0.5901, 3.9716, 0.0879, 0.0377, 0.0502, 0.0126, 7.697, 7.4073, 10.3425, 5.6886],
      [2.5988, 1.0923, 0.3611, 1.2828, 0.8207, 1.4515, 0.4372, 2.916, 2.0935, 0.6728, 0, 0.078, 0.3516, 1.8201, 3.996, 2.5044, 2.1853, 2.2239, 5.4295, 1.1747, 0.9615, 1.9389, 5.6389, 3.3455, 2.1975, 0.8582, 2.5066, 1.6718, 3.2192, 0.2133, 0.117, 0.1493, 0.0375, 23.7288, 3.5565, 8.6088, 2.8573]
    ],
    [
      [0.0549, 0.5442, 0.1658, 0.0238, 0.0151, 0.617, 0.2245, 0.4806, 0.4313, 0.2566, 0.2647, 0.0584, 0, 0.9346, 2.4412, 1.1007, 0.0463, 2.5568, 1.7129, 0.4719, 0.0151, 2.6512, 0.1194, 1.1972, 1.022, 0.4804, 1.8996, 1.1675, 1.3509, 1.5419, 0.0675, 0.1747, 0.0543, 13.0025, 1.2197, 16.1642, 0.4512],
      [4.0304, 1.5627, 0.2234, 0.0653, 4.9826, 1.6401, 1.7865, 0.8318, 0.7666, 0.6676, 0.0703, 0.0354, 0, 2.6181, 6.4723, 2.1039, 4.5962, 6.7215, 4.677, 1.4041, 1.2567, 0.6519, 8.7622, 3.2486, 3.0126, 2.4399, 4.7432, 0.5248, 3.2904, 0.4933, 0.7997, 0.0236, 0.1214, 37.3064, 2.9954, 7.0439, 0.2005],
      [111.179, 55.6314, 7.1703, 7.0309, 38.2986, 65.1266, 19.4072, 46.3821, 42.7382, 26.2187, 2.4325, 6.3304, 1.6858, 96.9766, 248.7741, 117.5625, 132.6636, 266.3545, 176.6975, 49.3003, 130.9381, 95.604, 254.3424, 123.8853, 105.464, 49.4267, 196.1394, 108.012, 143.3597, 12.1403, 5.8108, 6.3322, 5.0973, 1360.4155, 125.8839, 273.9479, 44.2553],
      [7.3116, 2.9979, 0.3429, 0.2704, 2.0953, 1.1175, 2.4175, 0.7831, 0.7217, 0.4815, 0.2324, 0.1075, 0.2114, 5.0444, 20.3875, 1.9809, 7.524, 17.18, 7.2224, 1.1605, 8.1141, 4.9288, 4.3149, 2.1037, 4.6232, 1.9466, 15.4962, 5.5837, 2.4262, 2.3687, 0.9307, 0.1075, 0.137, 61.0462, 4.1245, 21.7334, 0.7371],
      [6.4241, 3.2638, 1.0975, 0.6096, 2.6085, 3.4988, 1.1643, 2.5223, 2.3423, 1.3757, 0, 0.4683, 1.1028, 5.4262, 13.9249, 6.252, 7.1699, 15.1872, 9.6901, 2.6632, 2.676, 5.1641, 13.461, 6.5652, 5.8782, 2.7063, 10.7217, 5.7121, 7.5729, 1.4559, 0.3914, 0.362, 0.5899, 75.2295, 6.7765, 16.1105, 2.356]
    ],
    [
      [0.1246, 1.6472, 0.5189, 0.0098, 0.0342, 3.5446, 0.5904, 2.3326, 2.841, 4.8477, 0.0837, 0.0328, 0, 1.0775, 2.2022, 4.1252, 0.105, 8.0371, 6.7634, 1.5295, 0.0342, 6.5847, 0.2711, 11.4362, 4.7713, 0.9709, 0.8375, 4.1553, 4.9428, 0.7358, 0.2194, 0.284, 0.1558, 22.4811, 3.2424, 8.8079, 0.149],
      [35.2743, 9.6433, 7.2516, 0.4869, 18.5822, 20.8243, 5.1938, 14.529, 36.4626, 7.2623, 0.0812, 0.4869, 0, 26.3028, 44.5407, 32.3521, 25.8882, 42.7711, 39.1694, 14.2722, 10.3188, 8.1152, 54.7526, 22.825, 15.3794, 12.9518, 18.68, 7.2225, 20.5568, 2.5888, 1.2406, 0.3246, 2.0978, 283.0415, 11.6194, 23.4979, 2.7592],
      [4.3765, 2.2687, 0.2189, 0.3267, 1.2859, 10.96, 0.5745, 2.2222, 8.0254, 3.8133, 0.17, 1.3904, 0.0547, 7.1901, 9.6511, 21.2811, 11.2387, 13.9264, 12.2241, 3.5366, 1.0009, 6.6909, 31.6496, 23.7564, 4.1247, 3.5116, 13.8529, 6.0135, 23.3877, 0.7547, 0.1915, 1.2094, 0.6479, 101.7344, 10.0634, 9.5484, 4.6542],
      [699.9577, 530.992, 14.7426, 21.9389, 108.0576, 251.7059, 99.6171, 408.752, 303.8083, 185.9053, 12.6651, 26.7331, 9.5311, 577.91, 499.69, 426.9521, 405.7775, 400.5255, 874.7341, 265.5373, 101.798, 252.2393, 884.1316, 674.0518, 564.4792, 151.0153, 282.4359, 255.9738, 517.0823, 133.3177, 26.8221, 21.71, 6.835, 7184.8873, 445.6388, 903.0133, 290.902],
      [16.267, 5.4489, 3.2681, 1.2378, 2.0401, 7.9652, 0.0242, 4.1643, 3.8626, 0.1714, 0, 1.3569, 0.4142, 12.5197, 16.916, 8.2894, 3.9906, 6.7399, 17.109, 2.1245, 1.8481, 1.3699, 15.195, 4.9305, 10.2455, 0.5504, 4.1937, 2.6348, 9.0303, 3.6031, 0.5263, 0.4721, 0.2635, 120.8556, 7.436, 23.1325, 0.5357]
    ],
    [
      [0, 0.5058, 0.0241, 0.0361, 0, 0.3372, 0.1626, 0.3131, 0.4396, 0.1505, 0.0349, 0.0361, 0, 0.6624, 1.5657, 1.0117, 0, 1.5597, 1.3429, 0.4637, 0, 0.6263, 0, 0.9996, 1.1442, 0.2108, 1.0177, 0.548, 0.5962, 0.0783, 0.0241, 0.0301, 0.012, 11.7788, 0.6684, 1.4934, 0.1626],
      [93.9956, 67.6817, 3.0921, 3.8354, 28.2697, 48.8067, 26.0983, 44.4862, 63.4621, 22.0086, 0.7927, 4.3741, 0, 94.5917, 214.317, 139.7588, 108.8092, 213.2504, 181.4265, 63.5024, 80.3066, 81.3441, 239.3884, 133.2301, 147.9009, 30.6387, 134.5125, 70.679, 84.5025, 10.8528, 3.3102, 2.5494, 1.7522, 1579.1683, 89.906, 202.0656, 21.7961],
      [7.9314, 5.5924, 0.3275, 0.4519, 2.4529, 3.116, 0.2755, 3.8119, 4.941, 1.4648, 0.095, 0.834, 0.0819, 7.7346, 18.4427, 11.5523, 9.3266, 18.5445, 15.3999, 5.1373, 11.6552, 9.3897, 20.4011, 11.5853, 13.0807, 1.9475, 12.5657, 7.7034, 7.2555, 0.9202, 0.3144, 0.3963, 0.1113, 132.3873, 8.3413, 18.3786, 2.7723],
      [0.845, 5.2808, 0.0307, 0.2237, 0.2535, 0.4302, 0.2074, 0.3994, 0.5607, 0.192, 0.0774, 0.3261, 0.7867, 1.0128, 13.0334, 7.8993, 4.0113, 13.5967, 13.8742, 4.4405, 5.8593, 7.9421, 12.6126, 12.7722, 19.2552, 0.2689, 13.3021, 7.6964, 0.7605, 0.158, 0.0307, 0.4321, 0.0154, 139.4252, 6.0569, 12.1288, 0.2074],
      [7.2281, 4.9393, 0.5255, 1.4528, 2.0239, 3.3099, 0.2562, 2.9893, 3.5965, 1.184, 0, 0.4297, 0.1314, 5.9985, 12.6412, 7.778, 5.8529, 12.0487, 10.9565, 3.456, 4.1789, 4.6978, 13.5979, 7.4128, 8.619, 1.9342, 7.602, 4.3732, 5.8853, 0.9907, 0.3206, 1.5921, 0.1091, 93.2404, 6.0274, 13.9337, 2.0615]
    ],
    [
      [3.1763, 1.717, 0.1725, 0.4288, 0.9441, 1.3757, 0.5388, 1.5517, 1.9773, 0.8068, 0, 0.2572, 0, 2.5752, 4.2955, 2.1502, 1.8906, 4.7217, 2.0551, 1.1176, 1.4579, 1.7214, 2.8432, 1.7267, 2.0636, 1.3734, 2.0639, 2.062, 2.0671, 0.1727, 0.2574, 0.2575, 0, 24.8312, 2.2391, 6.371, 2.3216],
      [12.0404, 6.5449, 0.6041, 1.5446, 4.8848, 5.2851, 1.7278, 7.2498, 7.5999, 2.0012, 0, 0.9507, 0, 9.8459, 16.7629, 8.6276, 7.5154, 18.2617, 7.2493, 4.419, 5.7074, 6.6136, 10.0707, 7.0258, 8.274, 5.1363, 8.2282, 7.7588, 7.942, 0.6041, 1.4473, 0.9291, 0, 99.0181, 8.5289, 23.8862, 8.3501],
      [0.9585, 0.491, 0.055, 0.176, 0.3203, 0.5761, 0.1434, 0.4833, 0.4848, 0.2301, 0, 0.0648, 0, 0.8429, 2.4894, 1.0898, 1.0782, 2.0746, 0.0924, 0.4344, 2.7585, 0.7985, 0.127, 0.5991, 0.8908, 0.9288, 1.5176, 0.873, 1.2515, 0.0077, 0.0529, 0.0648, 0, 11.4204, 1.0759, 2.3488, 0.5475],
      [2.9727, 0.8395, 0, 0.4336, 0.3241, 1.1831, 0.8607, 1.1657, 4.2611, 0.5257, 0, 0.4491, 0, 3.3512, 3.1411, 0.6344, 1.4996, 6.8273, 0, 1.2088, 0.3541, 2.3846, 0, 0, 0.0176, 2.7871, 0.3991, 3.8019, 0.2261, 0, 0.0844, 0.35, 0, 2.3823, 1.6732, 8.8193, 6.6833],
      [17.852, 10.4077, 1.1684, 2.417, 4.5266, 7.5799, 1.7293, 7.5495, 8.677, 2.4363, 0, 1.2783, 0, 13.3849, 23.3111, 12.4981, 10.0162, 23.1146, 14.6032, 5.8202, 6.7222, 8.4819, 19.9591, 10.6484, 12.754, 5.7745, 11.7911, 9.5043, 12.5133, 1.2155, 1.1579, 1.3987, 0, 151.3481, 12.4829, 32.5747, 9.0975]
    ]
  ],
  "V_est": [
    [47.3421, 93.6531, 68.2224, 1214.3018, 709.4805],
    [1850.5321, 86.7314, 470.1668, 88.4728, 95.0969],
    [54.9804, 122.1702, 4559.0159, 220.3127, 250.5208],
    [110.5271, 879.3465, 357.5275, 18821.8663, 320.7327],
    [28.0367, 4336.463, 376.7198, 306.4057, 263.3748],
    [85.5816, 332.6358, 37.3475, 59.6407, 475.7944]
  ],
  "p_est": [
    [0.0222, 0.0439, 0.032, 0.5693, 0.3326],
    [0.7142, 0.0335, 0.1815, 0.0341, 0.0367],
    [0.0106, 0.0235, 0.8756, 0.0423, 0.0481],
    [0.0054, 0.0429, 0.0174, 0.9186, 0.0157],
    [0.0053, 0.8165, 0.0709, 0.0577, 0.0496],
    [0.0864, 0.3357, 0.0377, 0.0602, 0.4801]
  ],
  "EI_Z": {},
  "EI_V": 9.7832,
  "MAE_Z": {},
  "MAE_V": 239.5129,
  "MAE_p": 0.069,
  "runtime": 1.1218
}
