{
  "Z_true": {},
  "V_true": [
    [42, 742, 71, 881, 261, 9],
    [162, 541, 609, 8002, 527, 72],
    [343, 178, 294, 192, 14026, 50],
    [37, 30, 999, 497, 271, 8],
    [456, 193, 174, 478, 1378, 107]
  ],
  "p_true": [
    [0.0209, 0.3699, 0.0354, 0.4392, 0.1301, 0.0045],
    [0.0163, 0.0546, 0.0614, 0.8072, 0.0532, 0.0073],
    [0.0227, 0.0118, 0.0195, 0.0127, 0.9299, 0.0033],
    [0.0201, 0.0163, 0.5423, 0.2698, 0.1471, 0.0043],
    [0.1637, 0.0693, 0.0625, 0.1716, 0.4946, 0.0384]
  ],
  "Z_est": {},
  "V_est": [
    [0, 1072.485, 0, 595.041, 338.4739, 0],
    [0, 142.1394, 0, 9454.959, 259.6973, 56.2043],
    [0, 0, 0, 0, 15083, 0],
    [0, 0, 1642.9823, 0, 161.8136, 37.2041],
    [1040, 469.3756, 504.0177, 0, 620.0151, 152.5916]
  ],
  "p_est": [
    [0, 0.5346, 0, 0.2966, 0.1687, 0],
    [0, 0.0143, 0, 0.9538, 0.0262, 0.0057],
    [0, 0, 0, 0, 1, 0],
    [0, 0, 0.892, 0, 0.0878, 0.0202],
    [0.3733, 0.1685, 0.1809, 0, 0.2225, 0.0548]
  ],
  "EI_Z": {},
  "EI_V": 15.2611,
  "MAE_Z": {},
  "MAE_V": 321.8059,
  "MAE_p": 0.0819,
  "runtime": 0.0341
}
