{
  "Z_true": {},
  "V_true": [
    [14, 18, 246, 155, 40],
    [3, 431, 130, 77, 10],
    [418, 26, 120, 116, 16],
    [175, 77, 848, 522, 62],
    [14, 59, 3564, 147, 121],
    [24, 75, 310, 4948, 95],
    [104, 166, 449, 389, 102]
  ],
  "p_true": [
    [0.0296, 0.0381, 0.5201, 0.3277, 0.0846],
    [0.0046, 0.6621, 0.1997, 0.1183, 0.0154],
    [0.6006, 0.0374, 0.1724, 0.1667, 0.023],
    [0.1039, 0.0457, 0.5036, 0.31, 0.0368],
    [0.0036, 0.0151, 0.9127, 0.0376, 0.031],
    [0.0044, 0.0138, 0.0569, 0.9076, 0.0174],
    [0.086, 0.1372, 0.3711, 0.3215, 0.0843]
  ],
  "Z_est": [
    [
      [1.7857, 2.7525, 1.676, 0.9481, 1.3976, 1.0898, 1.5932, 0.7194, 1.002, 2.0379, 0.5761, 1.1294, 1.2551, 0.1265, 0.8573, 1.4685, 2.4402, 0.7819, 0.8764, 0.8131, 1.8868, 0.2531, 1.3344, 1.0482, 2.1956, 0.814, 0.949, 0.7895, 1.1521, 1.2038, 1.6026, 0.5997, 1.5006, 0.367, 1.9661, 5.0629],
      [1.2089, 0.5428, 0.1423, 0.1764, 0.1878, 0.165, 0.1158, 0.0722, 0.1612, 0.2675, 0.1441, 0.1632, 0.1764, 0.0076, 0.1688, 0.0674, 0.3358, 0.1025, 0.1593, 0.1043, 0.2542, 0.0152, 0.2465, 0.2218, 0.2259, 0.076, 0.0571, 0.1612, 0.2427, 0.093, 0.112, 0.0588, 0.0647, 0.0701, 0.1709, 0.9214],
      [5.2437, 1.1575, 1.1569, 0.724, 2.9651, 1.3924, 1.3356, 0.0038, 1.3555, 4.2601, 0.026, 1.3985, 1.3572, 0.0008, 0.6441, 0.0057, 2.7748, 1.1757, 1.359, 0.4443, 0.2763, 0.0015, 0.4225, 0.0034, 1.4701, 2.6368, 0.0057, 0.1038, 0.7946, 0.5858, 3.349, 0.7789, 0.0064, 0.0008, 1.6862, 4.0288],
      [3.7584, 2.6225, 2.5566, 3.4641, 2.526, 1.9684, 1.9125, 1.3666, 1.3717, 3.7113, 0.6833, 2.9772, 1.827, 0.2733, 1.907, 2.0499, 7.5354, 1.4888, 1.5028, 1.483, 2.5965, 0.5466, 2.2779, 1.2299, 3.9529, 1.7789, 2.0499, 1.0933, 1.3666, 2.7233, 2.717, 1.0376, 2.3232, 0.2733, 3.2958, 4.5097],
      [11.0032, 5.9246, 9.4682, 6.6873, 7.9235, 7.3843, 6.0429, 7.8381, 4.1097, 13.7231, 3.5705, 7.3317, 7.3843, 1.5918, 9.4228, 11.4086, 13.9138, 5.4511, 5.1026, 5.1552, 13.9862, 3.1836, 9.7187, 6.4967, 17.1556, 5.6944, 11.9384, 5.8523, 6.444, 3.3941, 8.2194, 2.525, 13.1051, 1.2888, 13.881, 18.4772]
    ],
    [
      [0, 0.0449, 0.4023, 0.0399, 0.0947, 0.0698, 0.1894, 0.0847, 0.1047, 0.1097, 0.0548, 0.0648, 0.1047, 0, 0.0349, 0.1097, 0.1545, 0.0449, 0.0648, 0.0648, 0.1446, 0.3718, 0.0947, 0.1794, 0.1296, 0.0249, 0.1495, 0.0598, 0.1097, 0.0698, 0.1246, 0.0598, 0.0897, 0.0598, 0.1346, 0.6281],
      [5.0297, 5.765, 10.468, 9.3738, 14.1601, 13.329, 8.1636, 3.2297, 11.2147, 17.8528, 9.8787, 10.8884, 11.5828, 3.4037, 10.3835, 9.1643, 21.272, 5.3549, 10.2468, 9.2682, 16.2433, 14.4219, 16.4343, 15.7384, 11.5828, 4.3343, 17.1692, 11.951, 15.6965, 5.1234, 3.9241, 4.5657, 9.9834, 5.8598, 8.1217, 74.7463],
      [0.7909, 3.1439, 5.1452, 1.4621, 8.8637, 8.9364, 4.8974, 1.0706, 4.1769, 10.1014, 2.8187, 3.33, 5.1607, 0.5273, 4.3155, 1.45, 7.8697, 1.0855, 3.1657, 6.9479, 5.3257, 7.7118, 5.5462, 5.2222, 4.9011, 3.1138, 5.8542, 4.2305, 4.0558, 1.7516, 0.6591, 2.9026, 1.5818, 2.7719, 3.4401, 33.279],
      [0, 0.9496, 0.7913, 0, 0.7435, 0.5131, 0.6391, 0.4217, 0.4348, 0.6739, 0.165, 2.5788, 0, 0, 0.0452, 0, 2.4692, 0.4044, 0.4261, 0.6087, 1.9552, 1.596, 0.7039, 0.7081, 0, 0.4304, 0.5096, 1.6206, 0, 0, 0.1542, 0.4304, 0, 0.2809, 0, 6.0016],
      [0.1794, 0.0966, 0.1932, 0.1242, 0.138, 0.1518, 0.1104, 0.1932, 0.069, 0.2622, 0.0828, 0.138, 0.1518, 0.069, 0.2208, 0.276, 0.2346, 0.1104, 0.0966, 0.1104, 0.3312, 0.8985, 0.2208, 0.1518, 0.3864, 0.0966, 0.3174, 0.138, 0.138, 0.0552, 0.138, 0.0414, 0.345, 0.0276, 0.3036, 0.345]
    ],
    [
      [6.245, 4.0815, 6.2105, 3.602, 8.8765, 8.0956, 16.1151, 7.6108, 9.1336, 10.3151, 6.4445, 7.4035, 11.0056, 5.9995, 4.5265, 11.4851, 14.8646, 5.0175, 5.0635, 7.4035, 13.4376, 7.1695, 7.4725, 12.5953, 10.1271, 2.3975, 12.9811, 5.754, 9.1451, 6.7217, 11.2856, 4.584, 8.163, 3.2341, 10.1386, 59.7153],
      [0.5338, 0.3432, 0.5721, 0.876, 0.8768, 0.8013, 0.497, 0.2294, 0.8767, 1.1815, 0.8386, 0.7626, 0.8773, 0.3435, 0.8002, 0.8774, 1.5629, 0.4576, 0.7489, 0.4961, 1.22, 0.8387, 1.1988, 1.2575, 0.8766, 0.2287, 1.3721, 0.8764, 1.3715, 0.4197, 0.3442, 0.267, 1.105, 0.4191, 0.6101, 5.338],
      [4.1327, 3.497, 5.9945, 2.4288, 6.643, 16.4689, 10.9838, 5.1699, 5.5689, 7.9538, 5.0981, 5.6127, 10.2097, 4.6171, 5.025, 11.8827, 11.0798, 5.6256, 2.1093, 8.2499, 9.6787, 6.5983, 3.1639, 5.0095, 4.7193, 1.4472, 8.4694, 4.6426, 5.3612, 5.4715, 9.4053, 1.8456, 6.4807, 1.3183, 4.0282, 41.9268],
      [0.9693, 0.0132, 1.5966, 0.0115, 1.5066, 1.5229, 1.3174, 0.8608, 1.3673, 1.3733, 3.5573, 4.1241, 2.7974, 0.9895, 1.5033, 1.5668, 3.3273, 0.823, 0.0132, 1.7705, 2.4407, 2.3142, 0.0198, 0.0313, 0.0264, 0.8633, 0.9649, 0.6336, 0.0264, 1.3526, 0.8654, 0.2733, 0.0264, 0.0082, 0.0247, 15.7287],
      [0.1192, 0.0651, 0.6263, 0.0817, 0.0971, 0.1113, 0.0868, 0.129, 0.0535, 0.1763, 0.0615, 0.0971, 0.1101, 0.0504, 0.145, 0.188, 0.1654, 0.0762, 0.0651, 0.0799, 0.223, 0.0793, 0.145, 0.1063, 0.2506, 0.0633, 0.2126, 0.0934, 0.0959, 0.0344, 0.0996, 0.0301, 0.2248, 0.0203, 0.1984, 0.2913]
    ],
    [
      [0.0788, 0.2157, 1.6181, 1.9197, 4.9434, 3.8124, 11.4996, 5.6967, 6.0394, 6.4411, 3.0236, 3.6505, 6.7032, 4.429, 1.473, 5.7322, 9.8709, 2.3282, 5.0592, 3.602, 8.0716, 4.0684, 6.5187, 9.9778, 8.7006, 1.0522, 10.3688, 4.4155, 7.0318, 3.9339, 6.8471, 4.2369, 6.5641, 4.5855, 7.6507, 35.8085],
      [0.4431, 0.0221, 0.0662, 1.0329, 1.6597, 1.5173, 0.6999, 0.3569, 1.9026, 2.5384, 1.4782, 1.6656, 2.4102, 1.5947, 2.4886, 1.748, 4.2788, 1.2518, 2.4723, 0.8479, 2.6758, 1.6196, 3.0831, 2.9678, 2.94, 0.2948, 3.8495, 2.1895, 3.1151, 0.9819, 1.2589, 0.3439, 4.5083, 1.4013, 1.8897, 12.0875],
      [0.4671, 0.2336, 0.7007, 1.4014, 5.6055, 5.1384, 25.3647, 14.1391, 11.9083, 18.0909, 7.4652, 9.2864, 22.4318, 18.095, 22.7266, 12.8728, 30.6285, 14.7276, 32.7532, 5.4148, 18.0584, 21.8592, 33.1256, 24.0616, 31.4241, 15.1363, 28.8161, 18.1031, 22.6126, 8.4994, 15.6365, 9.0908, 31.0827, 15.7621, 20.3015, 90.3307],
      [0.3899, 0.195, 0.5849, 1.1698, 11.0888, 10.803, 19.4852, 11.8297, 14.8101, 17.5906, 5.5754, 10.6749, 25.3654, 17.4769, 36.9154, 6.4419, 38.9731, 11.0223, 17.8009, 11.5452, 19.5839, 31.4822, 19.892, 22.8734, 36.8198, 10.9661, 39.5353, 22.3489, 27.1673, 6.3998, 12.5539, 10.1862, 29.3102, 16.7682, 18.6402, 94.2545],
      [0.6211, 0.3337, 0.03, 0.4762, 0.7027, 0.7289, 0.9506, 0.9777, 0.3396, 1.3391, 0.4576, 0.7227, 1.0893, 1.4043, 2.3964, 1.2051, 1.2488, 0.6703, 0.9144, 0.5902, 1.6103, 0.9706, 1.3806, 1.1194, 2.1156, 0.5507, 2.4303, 0.943, 1.0731, 0.1849, 0.7036, 0.1422, 2.5347, 0.483, 1.5178, 3.5188]
    ],
    [
      [3.6103, 0.7178, 0.2645, 0.257, 1.0502, 0.1783, 2.4851, 1.0637, 3.149, 1.0462, 0.4658, 0.1656, 1.0395, 0.6179, 0.0892, 0.811, 1.2875, 0.1146, 0.1656, 0.3101, 0.9062, 0.1656, 0.8572, 2.8953, 1.5445, 0.0637, 2.1884, 0.2876, 1.5062, 0.9242, 0.9401, 0.7968, 0.2293, 1.55, 0.9974, 5.5457],
      [1.5199, 0.0068, 0.0699, 3.8444, 0.743, 0.5659, 0.0098, 0.0045, 1.1785, 1.7117, 1.8673, 1.4374, 1.719, 1.0039, 1.332, 1.1872, 2.3837, 0.9954, 2.0639, 0.0098, 2.6433, 0.0165, 1.3816, 1.4074, 1.9292, 0.0045, 3.8838, 1.332, 6.0983, 1.3625, 0.964, 0.0053, 2.4955, 0.5233, 1.3878, 6.4734],
      [51.4879, 85.6673, 116.4739, 70.6477, 120.3366, 67.5796, 87.9272, 64.2077, 42.4128, 115.9603, 43.8405, 36.5682, 116.8827, 69.7269, 90.5959, 81.7034, 137.5017, 101.5003, 150.4431, 117.6601, 81.0995, 101.025, 93.0212, 90.1708, 131.3018, 63.9138, 96.2288, 69.7241, 114.7575, 52.5391, 65.4794, 77.4671, 118.5204, 62.2394, 93.5158, 444.72],
      [12.3688, 13.6011, 11.4235, 6.0311, 11.5723, 4.9949, 6.4439, 4.5279, 2.2547, 7.9321, 7.6798, 4.7068, 8.0146, 3.4511, 6.7092, 4.0493, 6.8101, 1.253, 1.3204, 7.684, 4.0953, 6.5037, 6.4584, 8.7964, 16.125, 5.011, 6.3923, 3.4511, 15.2688, 18.1703, 4.6064, 5.7278, 6.3965, 4.684, 8.8037, 22.0409],
      [0.013, 0.007, 0.7681, 0.2199, 0.2979, 0.6813, 0.134, 0.1962, 0.005, 0.3496, 0.1466, 0.122, 0.3442, 0.2002, 0.2737, 0.2491, 0.017, 0.1367, 0.007, 0.336, 0.2557, 0.2891, 0.2815, 0.7301, 1.0995, 0.007, 0.3068, 0.2052, 0.3692, 0.004, 0.01, 0.003, 0.3582, 0.0034, 0.2954, 0.2201]
    ],
    [
      [1.5905, 0.581, 0.0289, 0.021, 1.6169, 0.0368, 5.1776, 1.0246, 0.936, 1.2219, 0.1312, 0.0342, 0.174, 1.3025, 0.0184, 1.2901, 1.0576, 0.0237, 0.8331, 0.0342, 3.7243, 0.0342, 1.6468, 8.5568, 2.2263, 0.0132, 2.1487, 0.0316, 1.7313, 0.8075, 3.7019, 0.9123, 0.0474, 1.5967, 5.3389, 14.6012],
      [1.8889, 0, 0, 2.0687, 0, 0, 0, 0, 2.8046, 0.9317, 3.5441, 0.8552, 1.263, 0.3794, 1.0595, 4.4738, 2.2448, 0.827, 1.2206, 0, 2.2721, 0, 4.2862, 4.6503, 0, 0, 1.7668, 1.5917, 1.4284, 0.6578, 0.166, 0, 3.9104, 0, 0, 9.8186],
      [2.6962, 7.9282, 13.6968, 5.4715, 18.6801, 8.5883, 6.6182, 12.0382, 2.8027, 19.2328, 4.9782, 2.4124, 15.603, 9.512, 6.3295, 7.5286, 12.2652, 13.6034, 21.7016, 19.9224, 4.7894, 10.2304, 2.2113, 5.1441, 7.2018, 4.6093, 5.9601, 6.1482, 6.2794, 4.6718, 7.224, 3.0369, 10.4774, 5.3414, 8.1788, 42.9827],
      [193.7603, 149.9179, 157.3775, 141.0545, 133.8845, 91.4481, 108.5494, 71.289, 73.0474, 115.482, 75.6723, 86.1217, 160.0555, 103.1332, 209.0693, 111.0584, 217.0408, 72.0057, 69.4509, 109.332, 145.6389, 156.177, 90.6257, 126.2692, 179.6033, 73.8046, 170.3564, 117.4749, 140.7101, 63.5355, 70.0896, 75.8052, 203.1635, 82.8982, 114.6954, 633.5512],
      [1.0641, 0.573, 2.8967, 1.3842, 0.8185, 1.9267, 0.6548, 4.6482, 0.4093, 3.1315, 1.6743, 1.5765, 1.9046, 1.6728, 3.5232, 6.649, 1.3915, 1.5403, 0.7938, 1.7114, 7.5754, 2.5583, 4.2299, 2.3795, 6.9687, 0.573, 7.768, 2.7537, 1.8508, 0.3274, 0.8185, 0.2456, 8.4014, 0.1637, 5.7869, 2.0463]
    ],
    [
      [0.6897, 0.6066, 0.7996, 1.2122, 1.0206, 0.7173, 0.94, 0.8002, 0.6354, 0.8282, 0.304, 0.552, 0.718, 0.5244, 0.0007, 1.1035, 1.3247, 0.6892, 0.9374, 0.7722, 0.8289, 0.9374, 1.0757, 0.7471, 1.0764, 0.6346, 1.2145, 0.662, 1.3238, 0.3391, 0.4982, 0.8105, 1.406, 0.6069, 0.7737, 4.6383],
      [3.3757, 2.3202, 3.6814, 5.6279, 5.3725, 4.6214, 3.514, 2.1073, 4.8618, 6.5163, 4.2491, 4.2276, 4.9712, 2.2672, 4.7673, 5.4819, 8.922, 3.0108, 5.0882, 2.2737, 6.6913, 5.0882, 7.3694, 6.7567, 5.4455, 1.0617, 7.9016, 4.8983, 8.0475, 2.3617, 2.2308, 1.7593, 6.9326, 2.7265, 3.8199, 30.6149],
      [11.1813, 12.3725, 16.832, 17.8645, 20.9061, 13.896, 20.873, 19.3708, 10.7749, 14.4006, 4.7733, 9.3918, 16.355, 11.5209, 16.3633, 18.5567, 25.8803, 15.2821, 20.4682, 17.3607, 15.772, 18.5738, 19.5092, 15.3883, 21.9819, 17.1429, 22.6658, 13.0476, 23.1389, 7.4808, 10.2468, 12.878, 24.8504, 11.5662, 15.8494, 87.7321],
      [9.7532, 6.7007, 7.6695, 19.2689, 9.6785, 6.7496, 8.6524, 6.7042, 6.714, 8.2367, 1.667, 5.8165, 3.9401, 4.6759, 8.8505, 14.8337, 11.8441, 6.0028, 7.4858, 7.5765, 6.6897, 9.3802, 11.0222, 4.0916, 10.4728, 6.1457, 12.1916, 5.3776, 15.4609, 1.8185, 5.0135, 5.5395, 17.7802, 7.0872, 7.5402, 44.9135],
      [0, 0, 0.0175, 0.0265, 0.0223, 0.0157, 0.0205, 0.0175, 0.0139, 0.0181, 0.0066, 0.0121, 0.0157, 0.0115, 0.0181, 0.0241, 0.0289, 0.0151, 0.0205, 0.0169, 0.0181, 0.0205, 0.0235, 0.0163, 0.0235, 0.0151, 0.0265, 0.0145, 0.0289, 0, 0.0109, 0.0127, 0.0307, 0.0133, 0.0169, 0.1013]
    ]
  ],
  "V_est": [
    [48.052, 7.4607, 44.9314, 80.7582, 291.7977],
    [4.2682, 435.9259, 177.6071, 26.2553, 6.9436],
    [344.4216, 32.2961, 257.9175, 56.6111, 4.7536],
    [217.9686, 75.6818, 663.3524, 688.5202, 38.477],
    [40.287, 55.5624, 3524.8475, 275.3601, 8.943],
    [64.2534, 54.1099, 346.0962, 4893.1493, 94.3912],
    [32.7491, 190.9633, 652.2479, 333.3458, 0.6939]
  ],
  "p_est": [
    [0.1016, 0.0158, 0.095, 0.1707, 0.6169],
    [0.0066, 0.6696, 0.2728, 0.0403, 0.0107],
    [0.4949, 0.0464, 0.3706, 0.0813, 0.0068],
    [0.1294, 0.0449, 0.3939, 0.4089, 0.0228],
    [0.0103, 0.0142, 0.9026, 0.0705, 0.0023],
    [0.0118, 0.0099, 0.0635, 0.8975, 0.0173],
    [0.0271, 0.1578, 0.539, 0.2755, 0.0006]
  ],
  "EI_Z": {},
  "EI_V": 8.191,
  "MAE_Z": {},
  "MAE_V": 65.8606,
  "MAE_p": 0.072,
  "runtime": 1.646
}
