{
  "X": [
    [11, 24, 72, 172, 35],
    [8, 29, 22, 177, 23],
    [1, 1, 0, 10, 0],
    [9, 30, 61, 230, 41],
    [0, 3, 2, 18, 2],
    [3, 7, 4, 32, 7],
    [3, 9, 10, 36, 5],
    [3, 23, 18, 76, 12],
    [7, 24, 24, 94, 11],
    [29, 79, 91, 282, 44],
    [263, 796, 856, 2572, 326],
    [101, 345, 414, 1571, 177],
    [69, 200, 117, 470, 46],
    [94, 323, 361, 923, 122],
    [6, 11, 17, 57, 3],
    [2, 13, 5, 18, 2],
    [6, 10, 11, 44, 3],
    [451, 1332, 716, 2393, 258],
    [185, 351, 247, 720, 70],
    [63, 130, 119, 321, 43],
    [7, 24, 44, 134, 23],
    [7, 5, 11, 110, 12],
    [10, 27, 59, 148, 16],
    [7, 25, 29, 151, 11],
    [30, 65, 288, 452, 67],
    [17, 37, 72, 301, 34],
    [7, 12, 35, 74, 19],
    [1, 3, 25, 62, 9],
    [2, 9, 4, 43, 2],
    [10, 71, 41, 284, 27],
    [1, 2, 3, 12, 3],
    [0, 0, 7, 10, 0],
    [27, 106, 118, 770, 95],
    [9, 14, 69, 139, 13],
    [0, 1, 4, 8, 1],
    [38, 105, 233, 630, 117],
    [0, 6, 5, 25, 2],
    [11, 45, 198, 381, 67],
    [15, 22, 62, 195, 29],
    [0, 5, 14, 10, 2],
    [9, 12, 88, 163, 21],
    [0, 3, 9, 22, 4],
    [3, 3, 33, 36, 4],
    [9, 14, 62, 67, 22],
    [10, 11, 41, 96, 19],
    [10, 24, 16, 109, 20],
    [17, 36, 50, 279, 45],
    [3, 13, 10, 38, 6],
    [0, 6, 5, 17, 6],
    [13, 17, 30, 74, 13],
    [9, 23, 43, 97, 13],
    [6, 17, 15, 58, 6],
    [16, 31, 61, 177, 29],
    [12, 19, 32, 70, 12],
    [14, 58, 83, 170, 32],
    [10, 21, 32, 71, 17],
    [13, 31, 34, 84, 17],
    [10, 18, 26, 65, 15],
    [41, 120, 104, 183, 19],
    [9, 25, 18, 41, 13],
    [1, 3, 10, 7, 5],
    [14, 25, 57, 179, 25],
    [18, 36, 103, 251, 43],
    [8, 16, 44, 89, 27],
    [3, 13, 21, 53, 4],
    [23, 34, 130, 212, 43],
    [21, 31, 158, 140, 35],
    [29, 84, 176, 441, 65],
    [29, 28, 108, 181, 48],
    [0, 0, 3, 3, 2],
    [2, 8, 27, 36, 20],
    [25, 64, 79, 222, 49],
    [19, 62, 56, 254, 46],
    [26, 28, 40, 178, 17],
    [1, 5, 12, 40, 11],
    [0, 0, 2, 3, 3],
    [12, 40, 64, 247, 51],
    [6, 17, 14, 64, 5],
    [6, 38, 29, 157, 32],
    [13, 24, 53, 168, 25],
    [12, 30, 41, 133, 29],
    [12, 40, 129, 221, 44],
    [16, 30, 106, 114, 29],
    [9, 43, 46, 179, 29],
    [0, 2, 3, 23, 4],
    [6, 11, 23, 36, 13],
    [5, 20, 30, 105, 17],
    [3, 9, 25, 55, 9],
    [8, 18, 96, 114, 34],
    [16, 57, 69, 160, 31],
    [27, 41, 146, 339, 51],
    [0, 1, 8, 5, 3],
    [8, 27, 39, 97, 17],
    [25, 43, 241, 247, 57],
    [65, 302, 147, 782, 49],
    [184, 568, 621, 1687, 302],
    [101, 292, 378, 839, 181],
    [0, 0, 5, 7, 1]
  ],
  "W": [
    [22, 32, 171, 70, 19],
    [7, 11, 209, 16, 16],
    [0, 0, 11, 0, 1],
    [21, 28, 242, 49, 31],
    [0, 3, 17, 2, 3],
    [3, 6, 33, 4, 7],
    [4, 7, 39, 7, 6],
    [3, 17, 87, 17, 8],
    [10, 25, 101, 13, 11],
    [28, 116, 279, 66, 36],
    [213, 777, 2834, 658, 331],
    [129, 541, 1476, 302, 160],
    [27, 230, 504, 85, 56],
    [110, 367, 956, 250, 140],
    [4, 17, 55, 12, 6],
    [2, 13, 16, 6, 3],
    [6, 5, 51, 7, 5],
    [205, 1761, 2281, 500, 403],
    [69, 501, 697, 184, 122],
    [39, 168, 335, 77, 57],
    [17, 10, 156, 29, 20],
    [1, 8, 119, 9, 8],
    [9, 21, 165, 49, 16],
    [18, 48, 137, 12, 8],
    [75, 100, 446, 226, 55],
    [16, 47, 317, 60, 21],
    [15, 5, 92, 23, 12],
    [7, 5, 65, 18, 5],
    [1, 8, 44, 2, 5],
    [9, 95, 280, 33, 16],
    [2, 1, 14, 2, 2],
    [2, 1, 10, 3, 1],
    [43, 172, 740, 94, 67],
    [23, 25, 129, 52, 15],
    [1, 2, 8, 3, 0],
    [68, 117, 659, 176, 103],
    [0, 6, 26, 5, 1],
    [45, 47, 397, 153, 60],
    [19, 24, 217, 49, 14],
    [3, 2, 15, 9, 2],
    [18, 14, 180, 65, 16],
    [0, 1, 27, 8, 2],
    [9, 6, 38, 21, 5],
    [16, 16, 81, 48, 13],
    [17, 9, 106, 29, 16],
    [4, 42, 104, 13, 16],
    [17, 30, 319, 33, 28],
    [5, 7, 46, 6, 6],
    [5, 7, 18, 2, 2],
    [6, 26, 79, 20, 16],
    [13, 32, 88, 33, 19],
    [5, 22, 59, 12, 4],
    [15, 49, 171, 54, 25],
    [11, 23, 68, 29, 14],
    [20, 53, 205, 57, 22],
    [7, 29, 67, 22, 26],
    [8, 30, 98, 26, 17],
    [6, 20, 76, 14, 18],
    [32, 135, 192, 69, 39],
    [5, 22, 53, 16, 10],
    [4, 2, 12, 7, 1],
    [23, 13, 195, 40, 29],
    [16, 34, 289, 68, 44],
    [21, 28, 88, 28, 19],
    [5, 21, 44, 17, 7],
    [45, 48, 227, 97, 25],
    [44, 43, 156, 118, 24],
    [59, 65, 497, 132, 42],
    [22, 23, 210, 89, 50],
    [1, 0, 4, 2, 1],
    [9, 8, 40, 18, 18],
    [21, 77, 234, 65, 42],
    [28, 76, 252, 44, 37],
    [11, 72, 140, 40, 26],
    [2, 8, 44, 11, 4],
    [0, 0, 4, 2, 2],
    [18, 47, 258, 42, 49],
    [6, 16, 69, 8, 7],
    [7, 57, 141, 26, 31],
    [22, 37, 166, 38, 20],
    [10, 37, 143, 27, 28],
    [27, 58, 235, 99, 27],
    [20, 31, 135, 88, 21],
    [16, 26, 201, 28, 35],
    [3, 3, 23, 2, 1],
    [3, 5, 50, 15, 16],
    [13, 26, 98, 27, 13],
    [9, 10, 58, 18, 6],
    [22, 13, 138, 72, 25],
    [24, 72, 153, 53, 31],
    [43, 37, 388, 104, 32],
    [3, 0, 6, 3, 5],
    [9, 32, 99, 32, 16],
    [45, 43, 309, 169, 47],
    [28, 342, 793, 89, 93],
    [174, 545, 1837, 511, 295],
    [102, 240, 972, 291, 186],
    [1, 1, 7, 4, 0]
  ],
  "method": "mvn_pdf",
  "cond_prob": [
    [
      [0.016594467452, 0.0025979731988, 0.50382108703, 0.19277148477, 0.28421498754],
      [0.15165118495, 0.46878015017, 0.00012314929236, 0.37943469157, 1.0824024595e-05],
      [0.011705461185, 0.041705565415, 0.024230314345, 0.85199322624, 0.070365432816],
      [0.010331478642, 0.0017402856564, 0.78672680506, 0.067800041379, 0.13340138927],
      [0.1395279192, 0.12751677265, 0.06283078422, 0.22976376098, 0.44036076295]
    ],
    [
      [0.021952676406, 0.005478748691, 0.52914686973, 0.18363232272, 0.25978938245],
      [0.12861605391, 0.63998513523, 8.1900489047e-05, 0.23131055125, 6.359113506e-06],
      [0.01542001268, 0.087766833917, 0.025045702085, 0.80753998987, 0.064227461451],
      [0.013182783345, 0.0035429880299, 0.80350503473, 0.062357004913, 0.11741218898],
      [0.16266866533, 0.23659609998, 0.056868619757, 0.1913980566, 0.35246855833]
    ],
    [
      [0.054992635837, 0.0045219100127, 0.53410050858, 0.33399009529, 0.07239485028],
      [0.34567721696, 0.39198371106, 2.3554586321e-05, 0.26231404744, 1.4699609081e-06],
      [0.020825637702, 0.041988522861, 0.0057453625588, 0.91998226698, 0.011458209897],
      [0.01828186571, 0.001666777575, 0.89568240116, 0.063935430409, 0.020433525148],
      [0.69640261935, 0.097839994617, 0.0091223016385, 0.15477371972, 0.041861364681]
    ],
    [
      [0.012260151576, 0.002692478443, 0.5507678965, 0.17732247895, 0.25695699453],
      [0.11793040028, 0.51251207892, 0.00014288301437, 0.36940420884, 1.0428948587e-05],
      [0.0093530333145, 0.046698870145, 0.028695615505, 0.84610273569, 0.069149745341],
      [0.0072609933612, 0.0017158736242, 0.81693623706, 0.059340204097, 0.11474669186],
      [0.11237619433, 0.14453765559, 0.075218815426, 0.23140655785, 0.4364607768]
    ],
    [
      [0.0053764433676, 0.0030191047186, 0.5332817129, 0.26822253675, 0.19010020227],
      [0.037913427829, 0.53429592644, 6.8863040891e-05, 0.42771653898, 5.2437154575e-06],
      [0.0026902693552, 0.035628808603, 0.0123466139, 0.91818419796, 0.031150110184],
      [0.0027001440214, 0.0016202571745, 0.85111954367, 0.075019780529, 0.069540274609],
      [0.049294368712, 0.17852507664, 0.052116625297, 0.36321566932, 0.35684826003]
    ],
    [
      [0.025485627187, 0.0048749066549, 0.36519055076, 0.23679429594, 0.36765461946],
      [0.1449359188, 0.57632116742, 4.8057570074e-05, 0.27868702919, 7.8270203806e-06],
      [0.013964543175, 0.062192195952, 0.012441880264, 0.84406613648, 0.067335244133],
      [0.017599403777, 0.0036250061881, 0.69875543445, 0.092239992996, 0.18778016259],
      [0.16446388021, 0.18140161426, 0.030173842912, 0.20599483738, 0.41796582524]
    ],
    [
      [0.019177332021, 0.0045235646974, 0.62384680188, 0.17213301884, 0.18031928257],
      [0.12842906155, 0.6325461449, 9.3365781127e-05, 0.23892679248, 4.63528259e-06],
      [0.014411711915, 0.078968993334, 0.028190568758, 0.8324219377, 0.04600678829],
      [0.010099831733, 0.0025646094088, 0.86494283339, 0.051176406142, 0.071216319327],
      [0.17784594248, 0.24274826355, 0.072507445308, 0.21510232881, 0.29179601985]
    ],
    [
      [0.013910307619, 0.0061267442951, 0.53858422877, 0.17213193232, 0.269246787],
      [0.078993590864, 0.71171788174, 7.6837758456e-05, 0.20920549639, 6.1932473814e-06],
      [0.010185049379, 0.10281334853, 0.025503620973, 0.79352490764, 0.067973073474],
      [0.0081601936763, 0.0038672456284, 0.81267794693, 0.057035604875, 0.1182590089],
      [0.10610084859, 0.27557289516, 0.057561436936, 0.18462622581, 0.3761385935]
    ],
    [
      [0.014543062071, 0.0031873673727, 0.68927031068, 0.13952581268, 0.1534734472],
      [0.1348781074, 0.58909330077, 0.00016054501247, 0.27586222261, 5.8242172875e-06],
      [0.013694266302, 0.068487536601, 0.042140585074, 0.82531628385, 0.050361328174],
      [0.0074261024379, 0.0017519015751, 0.89151643113, 0.040264815734, 0.059040749123],
      [0.16099133619, 0.20559960081, 0.10715361772, 0.21646566493, 0.30978978035]
    ],
    [
      [0.014450406648, 0.0023801010646, 0.6459380997, 0.13776961565, 0.19946177695],
      [0.15863762829, 0.51346356993, 0.00019161955523, 0.32769792054, 9.2616875347e-06],
      [0.013868936994, 0.05182814878, 0.042335205495, 0.82443102816, 0.067536680573],
      [0.0077780328607, 0.0013787978532, 0.86788112232, 0.041918405253, 0.081043641715],
      [0.15273266581, 0.14720131703, 0.1019660761, 0.2075483537, 0.39055158737]
    ],
    [
      [0.022808843438, 0.0044131426207, 0.65456578117, 0.14738251869, 0.17082971408],
      [0.16122432283, 0.61154430514, 0.00012874300021, 0.22709743359, 5.1954428794e-06],
      [0.019917834614, 0.087288551261, 0.03981462218, 0.79994450396, 0.053034487986],
      [0.012239987514, 0.0025488962086, 0.87119058542, 0.044715286191, 0.069305244662],
      [0.20453774891, 0.23197663662, 0.089510514751, 0.18926334951, 0.28471175021]
    ],
    [
      [0.011859680351, 0.0023325582728, 0.6368744997, 0.17266564998, 0.17626761169],
      [0.12451952291, 0.48020542558, 0.0001855386729, 0.39508156183, 7.9510103837e-06],
      [0.0095247660719, 0.042434358654, 0.035550812414, 0.86220324821, 0.050286814651],
      [0.0064949657789, 0.0013748314236, 0.86570382018, 0.053458261707, 0.072968120913],
      [0.12790212292, 0.14746073925, 0.10456409143, 0.26665618136, 0.35341686504]
    ],
    [
      [0.028171189269, 0.0048308721115, 0.66153156772, 0.15087628807, 0.15459008283],
      [0.18086245116, 0.60872050064, 0.0001160114495, 0.21029680421, 4.2325442094e-06],
      [0.023938564786, 0.093066845561, 0.038642208665, 0.79783289439, 0.046519486601],
      [0.014959527866, 0.0027612215145, 0.8749518946, 0.045297881357, 0.062029474667],
      [0.24184323138, 0.24272401008, 0.085244257425, 0.18471357488, 0.24547492624]
    ],
    [
      [0.015857927509, 0.0034285128314, 0.69669290999, 0.13355337451, 0.15046727516],
      [0.14129028949, 0.59941260644, 0.00017172252865, 0.2591196305, 5.7510496494e-06],
      [0.015456990022, 0.075724303565, 0.047108222015, 0.80964233804, 0.052068146354],
      [0.0081808294542, 0.0019036139081, 0.89228880618, 0.038951125482, 0.058675624978],
      [0.16946795256, 0.21473994842, 0.11304303315, 0.20418929179, 0.29855977409]
    ],
    [
      [0.017789056955, 0.0021644864667, 0.72822346844, 0.15796116065, 0.093861827495],
      [0.19051614967, 0.45725786355, 0.00017781296816, 0.35204421792, 3.9558973292e-06],
      [0.015517653522, 0.043242552894, 0.038643226038, 0.87440869784, 0.028187869705],
      [0.0086746430278, 0.0011363933558, 0.91203918455, 0.043507997183, 0.034641781879],
      [0.22914169337, 0.15941812879, 0.12102270333, 0.27742390932, 0.21299356519]
    ],
    [
      [0.033852257538, 0.015887293546, 0.37980806321, 0.3644574362, 0.20599494951],
      [0.074678823316, 0.76094430144, 1.7197527113e-05, 0.16435811071, 1.567012792e-06],
      [0.011847047742, 0.13048754312, 0.0072494797844, 0.82852914516, 0.02188678419],
      [0.022099181431, 0.011145527482, 0.73175354695, 0.13367188851, 0.10132985563],
      [0.16024702222, 0.4436131099, 0.019805433815, 0.22662801831, 0.14970641576]
    ],
    [
      [0.08061586754, 0.0074842111963, 0.59122693969, 0.18917022397, 0.13150275761],
      [0.30308287135, 0.55714442765, 4.8985879246e-05, 0.13972187193, 1.8431937791e-06],
      [0.052111669673, 0.11287456295, 0.023658428964, 0.78212356955, 0.029231768862],
      [0.043736883643, 0.0043904680974, 0.83956969212, 0.058222852266, 0.054080103878],
      [0.46851574055, 0.23490375932, 0.040320552816, 0.13639880455, 0.11986114276]
    ],
    [
      [0.023854263793, 0.0042143592352, 0.67693966941, 0.14859242261, 0.14639928496],
      [0.17177099629, 0.59478723936, 0.00013559177832, 0.23330163626, 4.5363081606e-06],
      [0.020888706084, 0.083579906647, 0.041266918689, 0.80869517789, 0.045569290687],
      [0.012540718549, 0.0023845807248, 0.88272109772, 0.044165518105, 0.058188084899],
      [0.22215108285, 0.23008127669, 0.096117473, 0.19821906028, 0.25343110718]
    ],
    [
      [0.039993438074, 0.0041202420047, 0.66556410184, 0.15367682691, 0.13664539117],
      [0.25935408705, 0.52370429365, 0.00011900929059, 0.21681881474, 3.7952764034e-06],
      [0.033786318756, 0.078870509126, 0.038910152108, 0.80748454452, 0.040948475488],
      [0.021177080143, 0.0023482464621, 0.87576668968, 0.046006558248, 0.054701425466],
      [0.32924196005, 0.19862194661, 0.082902237737, 0.18079386578, 0.20843998982]
    ],
    [
      [0.027346068052, 0.0032923014731, 0.70082204905, 0.12294235142, 0.14559723001],
      [0.23054755948, 0.54464579559, 0.00016045046159, 0.2246409794, 5.2150741325e-06],
      [0.028267378055, 0.077193865097, 0.049643477821, 0.79166671084, 0.053228568185],
      [0.013979565762, 0.0018116346436, 0.89243033214, 0.035534404202, 0.056244063253],
      [0.26951072787, 0.18970883162, 0.10326318458, 0.1725260251, 0.26499123084]
    ],
    [
      [0.01519814679, 0.0040082898383, 0.64201979091, 0.13944940294, 0.19932436952],
      [0.12085751211, 0.64017327792, 0.0001345361586, 0.23882805229, 6.6215210276e-06],
      [0.013870775472, 0.083575678259, 0.039432256333, 0.79911841536, 0.06400287458],
      [0.0081646398053, 0.0023176120398, 0.86646260527, 0.042339248004, 0.080715894883],
      [0.14584070503, 0.22505026508, 0.089631164894, 0.18869457921, 0.35078328579]
    ],
    [
      [0.028546538093, 0.0018298894533, 0.52946099704, 0.19467490159, 0.24548767382],
      [0.27457939782, 0.33730443371, 0.00012478712889, 0.38798199676, 9.3845771834e-06],
      [0.020144851987, 0.029431183323, 0.024355021632, 0.86553383042, 0.06053511264],
      [0.016874529988, 0.0011661849108, 0.80803512435, 0.065121103488, 0.10880305726],
      [0.24462982722, 0.088324913383, 0.061967845681, 0.22784141678, 0.37723599694]
    ],
    [
      [0.017630904976, 0.003263466375, 0.69518539162, 0.14166691517, 0.14225332186],
      [0.15633848652, 0.57414850258, 0.00016131097731, 0.26934644976, 5.2501537578e-06],
      [0.016373917857, 0.069105555923, 0.043299887792, 0.8247599174, 0.046460721023],
      [0.0090306658894, 0.0017993072582, 0.89314630353, 0.04101364454, 0.055010078782],
      [0.19052806364, 0.20524729751, 0.10871132235, 0.21515512915, 0.28035818734]
    ],
    [
      [0.0089100325599, 0.0017438975602, 0.67347428314, 0.17736822063, 0.13850356611],
      [0.10938378606, 0.42208251093, 0.0002134957331, 0.46831316107, 7.0462155774e-06],
      [0.0071212275646, 0.031662254887, 0.035528308088, 0.8870186516, 0.03866955786],
      [0.0046579980648, 0.00098093156321, 0.88735971557, 0.052380259942, 0.054621094855],
      [0.11188877428, 0.12798728789, 0.12238281011, 0.31601617394, 0.32172495379]
    ],
    [
      [0.010788878132, 0.0016088779799, 0.71162952755, 0.13084195895, 0.14513075738],
      [0.15231150957, 0.44616173376, 0.00027566463186, 0.40124235757, 8.7344575848e-06],
      [0.01120003529, 0.037882647422, 0.051048358297, 0.84648775627, 0.05338120272],
      [0.0054923781469, 0.00088142743772, 0.90013892547, 0.037649508664, 0.055837760281],
      [0.14093107885, 0.12303537084, 0.14046366129, 0.2440656271, 0.35150426192]
    ],
    [
      [0.017405424329, 0.0024585413402, 0.59951449624, 0.17795276353, 0.20266877456],
      [0.16717173729, 0.46372103305, 0.00015499899018, 0.36894402467, 8.2060113832e-06],
      [0.013428075382, 0.043064201076, 0.031583138186, 0.85672283494, 0.055201750414],
      [0.0098168209893, 0.0014924799766, 0.84569181737, 0.056733182751, 0.08626569891],
      [0.16846890659, 0.13880927592, 0.086216637394, 0.24448355388, 0.36202162622]
    ],
    [
      [0.022913694945, 0.0028075553555, 0.63483641834, 0.10185178831, 0.23759054305],
      [0.22837962354, 0.5586198883, 0.00015899877579, 0.21283199615, 9.493231182e-06],
      [0.026754107232, 0.075328140282, 0.049132655851, 0.75198763922, 0.096797457417],
      [0.012279074659, 0.0016208102162, 0.85943225412, 0.030885015838, 0.095782845171],
      [0.21927572403, 0.15402568937, 0.085113802733, 0.13402912984, 0.40755565403]
    ],
    [
      [0.0053336696753, 0.0010486360099, 0.70100209648, 0.12691847478, 0.16569712306],
      [0.099593296441, 0.39649827637, 0.00031582762423, 0.50358031543, 1.2284129285e-05],
      [0.0056685101621, 0.025547390479, 0.04738569837, 0.86060600434, 0.060792396651],
      [0.0026905615071, 0.00056795329003, 0.89803889103, 0.036065486286, 0.062637107888],
      [0.075804966324, 0.087275903182, 0.13975330417, 0.25587557921, 0.44129024712]
    ],
    [
      [0.013460873439, 0.0041560175631, 0.65616558834, 0.21240867947, 0.11380884118],
      [0.093109890155, 0.59887191284, 9.5457358165e-05, 0.30791960279, 3.1368579843e-06],
      [0.0087178487664, 0.062083633851, 0.023692668331, 0.88004540024, 0.025460448811],
      [0.0067714401557, 0.0022507694207, 0.88768285341, 0.060277023591, 0.043017913424],
      [0.14263670859, 0.25596356998, 0.081784515006, 0.30523966502, 0.21437554141]
    ],
    [
      [0.01080937677, 0.0032669226673, 0.5699493574, 0.19622445875, 0.21974988442],
      [0.091802361023, 0.54690694033, 0.00012985944624, 0.36115296194, 7.8772603674e-06],
      [0.0075914593152, 0.052052676462, 0.027116999178, 0.85891499134, 0.054323873704],
      [0.0062774435189, 0.0020417623448, 0.83109167849, 0.064404756108, 0.096184359538],
      [0.10080151056, 0.17861979736, 0.078877501071, 0.26104345198, 0.38065773904]
    ],
    [
      [0.015538264804, 0.0030705495291, 0.51021719426, 0.15009111114, 0.32108288027],
      [0.12801946787, 0.6329686833, 7.1083128084e-05, 0.23893256396, 8.2017412639e-06],
      [0.012263690558, 0.05943827286, 0.020449346387, 0.82947314032, 0.078375549875],
      [0.0082430850466, 0.001752511013, 0.82252783948, 0.044962678458, 0.12251388601],
      [0.14189760011, 0.15704526816, 0.045355176838, 0.16982907187, 0.48587288302]
    ],
    [
      [0.00030357810212, 7.6536042395e-05, 0.96439256142, 0.024131759351, 0.011095565084],
      [0.03702031985, 0.24395839515, 0.0013090930321, 0.71770674781, 5.4441513129e-06],
      [0.0014215484992, 0.0082154237585, 0.13664478125, 0.83627314418, 0.017445102309],
      [0.00013607970767, 3.592125813e-05, 0.99002743144, 0.0059323307145, 0.0038682368779],
      [0.016395298167, 0.029429939905, 0.53819274488, 0.2487239974, 0.16725801964]
    ],
    [
      [0.010991175382, 0.0023254106176, 0.51865877806, 0.21572981378, 0.25229482216],
      [0.10608279985, 0.44059067895, 0.00013799805151, 0.45317810611, 1.0417038068e-05],
      [0.0071756658483, 0.034405516922, 0.023430581237, 0.87659187162, 0.058396364375],
      [0.0067960897369, 0.0015474264642, 0.79843806232, 0.075400632986, 0.11781778849],
      [0.099680368757, 0.12360906117, 0.071275405253, 0.27994578098, 0.42548938384]
    ],
    [
      [0.013457242408, 0.0017065603335, 0.68139866622, 0.18095470863, 0.1224828224],
      [0.15660601864, 0.39138781829, 0.00020804856243, 0.4517921992, 5.9153143429e-06],
      [0.010524954622, 0.030401504529, 0.035878023426, 0.88956567574, 0.033629841681],
      [0.0070188049295, 0.00095762521291, 0.89043609543, 0.05329881438, 0.048288660048],
      [0.16573682004, 0.12216943646, 0.12233442054, 0.31406186887, 0.2756974541]
    ],
    [
      [0.00066880756023, 0.00039308554307, 0.82850758755, 0.06959115715, 0.1008393622],
      [0.020799422468, 0.43215398109, 0.00027121295306, 0.54676625472, 9.1287617042e-06],
      [0.0012353066295, 0.016680753744, 0.040322456551, 0.89674165597, 0.045019827101],
      [0.00028217399452, 0.00017041760002, 0.954285176, 0.015759406185, 0.029502826218],
      [0.0058697922675, 0.042473486004, 0.15358141499, 0.22009044394, 0.5779848628]
    ],
    [
      [0.012231238444, 0.002287219376, 0.63397538843, 0.14284085321, 0.20866530054],
      [0.13858153625, 0.5090858148, 0.00019802273133, 0.35212450981, 1.0116398684e-05],
      [0.011415558897, 0.048397637034, 0.04097664036, 0.83011763047, 0.069092533242],
      [0.0066882101172, 0.0013460140318, 0.86160256454, 0.044153292719, 0.086209918595],
      [0.1295445459, 0.14193831318, 0.10173656508, 0.2163111291, 0.41046944674]
    ],
    [
      [0.005447264571, 0.0036803131165, 0.62608341146, 0.1937664288, 0.17102258206],
      [0.041160014363, 0.64636345427, 8.8291214269e-05, 0.31238349322, 4.746925557e-06],
      [0.0038224314062, 0.060010253044, 0.021549761667, 0.8762513814, 0.038366172486],
      [0.0026897318818, 0.0019457436778, 0.87969581187, 0.053644087822, 0.062024624747],
      [0.056306672378, 0.23893679711, 0.073487120946, 0.28846496308, 0.34280444649]
    ],
    [
      [0.0071679472938, 0.0016625668136, 0.70143714865, 0.1260868335, 0.16364550374],
      [0.10635624703, 0.48644696822, 0.00028495515365, 0.4069014735, 1.0356086939e-05],
      [0.0076429328183, 0.040232303347, 0.051555866178, 0.83874295448, 0.061825943179],
      [0.0036795268616, 0.00091833624252, 0.89537081109, 0.036578120686, 0.063453205123],
      [0.094382336263, 0.12838110549, 0.13940123013, 0.23737470823, 0.40046061988]
    ],
    [
      [0.025055757216, 0.0023201867417, 0.6036806507, 0.14899209119, 0.21995131415],
      [0.24497385699, 0.44382813151, 0.00015592647531, 0.31103316822, 8.916795807e-06],
      [0.022208780992, 0.04678425494, 0.036322595095, 0.82608504784, 0.068599321136],
      [0.01398907912, 0.0013946951271, 0.84495056427, 0.047035066702, 0.092630594785],
      [0.23114766428, 0.12382169271, 0.081459025161, 0.19305454997, 0.37051706788]
    ],
    [
      [0.0017470483936, 0.0024204624114, 0.90427356125, 0.030251597268, 0.061307330677],
      [0.0181583658, 0.90784092317, 0.00017873450543, 0.073819478455, 2.4980716268e-06],
      [0.0053224118193, 0.1840291642, 0.13220326797, 0.61884340093, 0.059601755079],
      [0.00075382883526, 0.0011169486882, 0.97113381362, 0.0073627673674, 0.019632641486],
      [0.037509091412, 0.38269761586, 0.22691204038, 0.098070711188, 0.25481054116]
    ],
    [
      [0.011110036328, 0.0012007110352, 0.76182597183, 0.10205833012, 0.12380495069],
      [0.19645445527, 0.41705316229, 0.00035355883418, 0.38612972826, 9.0953455838e-06],
      [0.014360630997, 0.035336106834, 0.066488598744, 0.82740870313, 0.056405960296],
      [0.0053792772964, 0.00062569808967, 0.92080527665, 0.027928791723, 0.045260956245],
      [0.16764118551, 0.10498463732, 0.16795325303, 0.21689552481, 0.34252539933]
    ],
    [
      [0.0028188872303, 0.0018716194643, 0.72313683881, 0.089170688724, 0.18300196577],
      [0.037370876867, 0.68473579908, 0.00020148921159, 0.27768201681, 9.8180266047e-06],
      [0.0038340413169, 0.0604340574, 0.051252277223, 0.80221690976, 0.082262714305],
      [0.0013370306335, 0.00094548416865, 0.91089622444, 0.023645524461, 0.063175736297],
      [0.035772110939, 0.16245243359, 0.11948368649, 0.17791012484, 0.50438164414]
    ],
    [
      [0.0067220972146, 0.00060985511168, 0.85580230286, 0.066112005519, 0.070753739291],
      [0.20846831285, 0.3726771509, 0.00058890591829, 0.41825735844, 8.2718810083e-06],
      [0.012803966908, 0.026783889191, 0.10040438246, 0.8137439284, 0.04626383305],
      [0.0029904411022, 0.00029192336016, 0.95632761745, 0.016611454082, 0.023778564006],
      [0.15690494338, 0.080147367858, 0.26096689439, 0.20936126009, 0.29261953428]
    ],
    [
      [0.01429894106, 0.0014539412344, 0.70645824422, 0.069432755857, 0.20835611763],
      [0.24768647841, 0.49831816006, 0.00030943292415, 0.25367144497, 1.448363376e-05],
      [0.023629596239, 0.054967331303, 0.077508523158, 0.7241218831, 0.1197726662],
      [0.0072115532993, 0.00078951503191, 0.89313001561, 0.019809909214, 0.07905900685],
      [0.17774291633, 0.10435094347, 0.12570822666, 0.12044996436, 0.47174794917]
    ],
    [
      [0.027469316312, 0.0022730026664, 0.62574197301, 0.1391318214, 0.20538388661],
      [0.27076320636, 0.43994140474, 0.00015770030933, 0.28912946971, 8.2188782111e-06],
      [0.025638817097, 0.048520061353, 0.039074312604, 0.81960320108, 0.067163607869],
      [0.01492062382, 0.0013296364248, 0.85690209101, 0.042731652575, 0.084115996167],
      [0.26020036651, 0.12332383015, 0.084193220258, 0.18227535566, 0.35000722742]
    ],
    [
      [0.013760911469, 0.002087081271, 0.49490951027, 0.16667106764, 0.32257142935],
      [0.15175630166, 0.45364640972, 0.00013977304517, 0.3944429632, 1.4552369941e-05],
      [0.01098802037, 0.037910170263, 0.025974639844, 0.83567194347, 0.089455226051],
      [0.0084909633675, 0.0013860502866, 0.78289183456, 0.058115924316, 0.14911522747],
      [0.11797351559, 0.10438518223, 0.060903840043, 0.20246285228, 0.51427460985]
    ],
    [
      [0.019393683949, 0.0026893396214, 0.56726594919, 0.14851571975, 0.26213530749],
      [0.18596641644, 0.50682451106, 0.0001462226727, 0.30705226408, 1.0585744874e-05],
      [0.01702889027, 0.053640520877, 0.034013275283, 0.81401343515, 0.081303878425],
      [0.011245037693, 0.0016787082625, 0.8237843297, 0.048689824163, 0.11460210018],
      [0.17174486679, 0.13879570016, 0.074489756363, 0.18645801676, 0.42851165992]
    ],
    [
      [0.021074988484, 0.007849098546, 0.62058322308, 0.15024138331, 0.20025130657],
      [0.095598914058, 0.76207173545, 6.4584967419e-05, 0.14226123014, 3.535386274e-06],
      [0.016610462173, 0.14402942196, 0.029816597139, 0.75582441263, 0.053719106096],
      [0.011158266393, 0.004476348228, 0.85998246795, 0.044972272198, 0.079410645234],
      [0.16195986624, 0.35327194453, 0.060542769051, 0.15593947784, 0.26828594234]
    ],
    [
      [0.00322358146, 0.0018165550223, 0.45587208325, 0.092236983945, 0.44685079632],
      [0.049969531282, 0.64817528469, 0.00014059401645, 0.30169202725, 2.2562759448e-05],
      [0.0039995318728, 0.052528757906, 0.030834836414, 0.74582163802, 0.16681523579],
      [0.0019768712804, 0.00119210382, 0.77016731571, 0.031790579262, 0.19487312993],
      [0.024591164791, 0.088093312834, 0.047806447636, 0.10679297675, 0.73271609799]
    ],
    [
      [0.018719782147, 0.0015271618076, 0.74792269848, 0.090991897806, 0.14083845976],
      [0.27569036355, 0.4407764819, 0.00027031470112, 0.2832544477, 8.3921520081e-06],
      [0.025834488323, 0.048078089469, 0.066368931395, 0.7919513549, 0.067767135913],
      [0.0090539723789, 0.00079542452653, 0.91393657105, 0.024890821287, 0.051323210757],
      [0.24585307685, 0.11552866995, 0.1360057525, 0.16638560842, 0.3362268923]
    ],
    [
      [0.013866277159, 0.0025096507942, 0.66613509224, 0.17234731528, 0.14514166453],
      [0.13761683817, 0.4945703735, 0.00017062449895, 0.36763621124, 5.9525898903e-06],
      [0.011079624156, 0.045731220457, 0.035235961735, 0.86745948638, 0.040493707273],
      [0.0072887980691, 0.0014192942334, 0.88253400778, 0.051152823137, 0.057605076785],
      [0.15581400257, 0.16467034324, 0.10770371224, 0.27331122152, 0.29850072043]
    ],
    [
      [0.022869666458, 0.0039221052329, 0.60351035774, 0.1842797547, 0.18541811587],
      [0.16420794597, 0.55984955919, 0.00010171161428, 0.27583562138, 5.1618454715e-06],
      [0.016630667792, 0.065280038606, 0.027282218883, 0.84507649597, 0.045730578744],
      [0.012456038774, 0.0022999375402, 0.8526393186, 0.056720087522, 0.075884617567],
      [0.20485040509, 0.20266463564, 0.071666284292, 0.22663213282, 0.29418654215]
    ],
    [
      [0.017066659523, 0.0022881520204, 0.58015153552, 0.17714383181, 0.22334982112],
      [0.1701664138, 0.44889582925, 0.0001539423636, 0.38077450554, 9.3090487197e-06],
      [0.013170836629, 0.04014006184, 0.030335780243, 0.85579644893, 0.060556872356],
      [0.0097853980207, 0.0014118615502, 0.83481832421, 0.057392872825, 0.096591543397],
      [0.16209764967, 0.12679509609, 0.081309019976, 0.23860776079, 0.39119047347]
    ],
    [
      [0.040322632201, 0.0042875163253, 0.55034489046, 0.20210303792, 0.2029419231],
      [0.24033649284, 0.50535400632, 8.2921720279e-05, 0.25422171121, 4.8679153308e-06],
      [0.026479574159, 0.064462790357, 0.02384209653, 0.83905713564, 0.046158403318],
      [0.023541446435, 0.0026948249325, 0.81768997781, 0.066659592106, 0.089414158714],
      [0.29478213425, 0.18072743499, 0.056337367905, 0.20406855371, 0.26408450914]
    ],
    [
      [0.011272141986, 0.0028591743093, 0.73505695809, 0.084412972623, 0.166398753],
      [0.13091168083, 0.65739039991, 0.00022668075811, 0.21146313715, 8.1013587311e-06],
      [0.015842237275, 0.091368583877, 0.069782366177, 0.74072814983, 0.082278662839],
      [0.0055736291152, 0.0015216410816, 0.90724457528, 0.023598163605, 0.062061990923],
      [0.1382002182, 0.20524110471, 0.13287691155, 0.1469627067, 0.37671905884]
    ],
    [
      [0.011438796258, 0.0017696784538, 0.71884856666, 0.10910996394, 0.15883299469],
      [0.16327226602, 0.50162200299, 0.00025898218611, 0.33483740102, 9.3477849948e-06],
      [0.013554353189, 0.047840442991, 0.055398578939, 0.81744100752, 0.06576561736],
      [0.0056912617894, 0.00094752084385, 0.90315519067, 0.030668438176, 0.059537588524],
      [0.14918422115, 0.13467334484, 0.13301332192, 0.20108765387, 0.38204145822]
    ],
    [
      [0.024732923224, 0.0038382461593, 0.65725515224, 0.11289429799, 0.20127938039],
      [0.19802157471, 0.6095759831, 0.00013360224694, 0.19226225919, 6.5807572255e-06],
      [0.026454399873, 0.093726327367, 0.046209207336, 0.75857197067, 0.075038094749],
      [0.012979206901, 0.0021688883068, 0.87181370227, 0.033505643271, 0.079532559248],
      [0.22762253824, 0.20519876477, 0.085578456984, 0.14524945292, 0.33635078708]
    ],
    [
      [0.013305977575, 0.0016047077929, 0.77221341419, 0.06937104896, 0.14350485148],
      [0.22252065819, 0.53137270759, 0.00031447338753, 0.24578241571, 9.7451180418e-06],
      [0.022653874268, 0.06240695436, 0.083860266965, 0.74571756263, 0.085361341778],
      [0.0063022078535, 0.00081852072251, 0.92314781605, 0.01858982584, 0.051141629532],
      [0.1923280193, 0.13420974467, 0.15379383398, 0.13998811746, 0.37968028459]
    ],
    [
      [0.024529495631, 0.0045960908818, 0.75526902736, 0.11202677025, 0.10357861589],
      [0.17614551914, 0.64971341144, 0.00014532697715, 0.1739926014, 3.1410405177e-06],
      [0.026800734147, 0.11403369542, 0.055968387945, 0.7633219107, 0.039875271789],
      [0.011940815517, 0.0024082681634, 0.9166947528, 0.030831358024, 0.038124805492],
      [0.25158645601, 0.27571470474, 0.11446568499, 0.16318105719, 0.19505209708]
    ],
    [
      [0.034520824587, 0.0064306707468, 0.52521594876, 0.10889665847, 0.32493589743],
      [0.18496878331, 0.69323148812, 6.7668582505e-05, 0.12172530112, 6.7588696476e-06],
      [0.03404189476, 0.14574079733, 0.032976097174, 0.67830474321, 0.10893646753],
      [0.020270922813, 0.0040682401677, 0.79685638176, 0.036196761981, 0.14260769328],
      [0.22764872351, 0.24566591674, 0.046779266879, 0.098649369689, 0.38125672318]
    ],
    [
      [0.0057261311113, 0.001321552769, 0.620142532, 0.028346791504, 0.34446299262],
      [0.12356752011, 0.76749567204, 0.0001997614623, 0.10871826028, 1.8786103863e-05],
      [0.015994590601, 0.091118436564, 0.086642954741, 0.53040000418, 0.27584401391],
      [0.0030475615074, 0.00075663883228, 0.85940660964, 0.0086046065228, 0.12818458349],
      [0.063530373791, 0.088188615325, 0.080470895677, 0.042864006463, 0.72494610874]
    ],
    [
      [0.025073810597, 0.0035822892676, 0.6198270509, 0.17350085425, 0.17801599499],
      [0.18817841833, 0.53178730207, 0.0001238775749, 0.27990479988, 5.6021437975e-06],
      [0.019296614871, 0.062831469192, 0.032430513479, 0.83707800434, 0.048363398119],
      [0.013817062409, 0.0021251214159, 0.85594471057, 0.054041838325, 0.074071267281],
      [0.22405611001, 0.18608371815, 0.081116157136, 0.21815616578, 0.29058784893]
    ],
    [
      [0.010106295077, 0.0014375294946, 0.76953325814, 0.083933327147, 0.13498959015],
      [0.17865966274, 0.50014568496, 0.00036513885151, 0.32081941369, 1.0099762918e-05],
      [0.015147751152, 0.048935058758, 0.078538327229, 0.78575845266, 0.071620410203],
      [0.0048633609793, 0.00074458003957, 0.92250922781, 0.02283485382, 0.04904797735],
      [0.15116691471, 0.12556040937, 0.17093030673, 0.17850741377, 0.37383495543]
    ],
    [
      [0.009207012648, 0.0012856721237, 0.62241844292, 0.10611197845, 0.26097689386],
      [0.16032721146, 0.4428846098, 0.00028053741754, 0.39648902897, 1.861235815e-05],
      [0.010969386647, 0.034897493035, 0.049465951192, 0.79631062259, 0.10835654654],
      [0.0050250083969, 0.0007549762111, 0.85439017381, 0.032723529533, 0.10710631205],
      [0.10306261517, 0.083970840893, 0.10182998877, 0.16853825163, 0.54259830354]
    ],
    [
      [0.0089706415337, 0.00222749808, 0.68338685236, 0.19440178577, 0.11101322226],
      [0.094004180085, 0.47087991518, 0.0001691815329, 0.43494209481, 4.6283911599e-06],
      [0.0065096636062, 0.037039198341, 0.030535228327, 0.8984784317, 0.027437478029],
      [0.0045758879936, 0.0012212617495, 0.89551550745, 0.055872785599, 0.042814557208],
      [0.1140396802, 0.16592459206, 0.11719660188, 0.34685321358, 0.25598591228]
    ],
    [
      [0.018646669863, 0.001800361615, 0.67298820455, 0.11503631941, 0.19152844456],
      [0.23676592984, 0.44857119369, 0.0002296137951, 0.31442306558, 1.0197099639e-05],
      [0.020906497694, 0.045868725357, 0.05164397256, 0.80586709411, 0.075713710277],
      [0.0097741723211, 0.0010157686879, 0.8793124194, 0.034089525847, 0.075808113746],
      [0.2056124272, 0.11560516816, 0.11040084167, 0.1797134849, 0.38866807806]
    ],
    [
      [0.01513906958, 0.0014146593696, 0.75971843831, 0.075713494011, 0.14801433873],
      [0.25559159401, 0.46961981296, 0.00034187919843, 0.27443629749, 1.0416338205e-05],
      [0.02421886612, 0.051488497154, 0.082882330379, 0.75806907874, 0.083341227606],
      [0.0073408688578, 0.00073840151115, 0.91696213147, 0.020759533294, 0.054199064872],
      [0.20878577542, 0.11353599636, 0.15520285571, 0.14765265137, 0.37482272113]
    ],
    [
      [0.019014922588, 0.0036477425785, 0.64454346867, 0.14495468365, 0.18783918252],
      [0.15552946476, 0.5871796379, 0.00014432226788, 0.25714003525, 6.5398196003e-06],
      [0.017039167683, 0.074189745446, 0.039862201775, 0.80928750676, 0.059621378336],
      [0.010275482133, 0.0021216321064, 0.86662795724, 0.044283553044, 0.076691375473],
      [0.18036434613, 0.20242956235, 0.091990381064, 0.19583949176, 0.32937621869]
    ],
    [
      [0.030704438199, 0.0020981809179, 0.65713621663, 0.10472081958, 0.20534034468],
      [0.32533273812, 0.43598703102, 0.00018665114797, 0.23848444284, 9.1368610486e-06],
      [0.036057719206, 0.056044959731, 0.052792102842, 0.76986783133, 0.085237386896],
      [0.016267856101, 0.0011968968495, 0.86901153118, 0.031376687874, 0.082147027995],
      [0.29226603207, 0.1159252893, 0.092507793717, 0.14068421527, 0.35861666965]
    ],
    [
      [0.00035043439881, 0.00010796588097, 0.74714451377, 0.02289321987, 0.22950386608],
      [0.001804587496, 0.27527623516, 0.00077695501323, 0.72206939347, 7.282885389e-05],
      [0.0011045493408, 0.0074888058084, 0.063382988275, 0.74007942584, 0.18794423074],
      [0.00015775770993, 4.886417225e-05, 0.93159421037, 0.0057866092069, 0.062412558544],
      [0.00024300501767, 0.0024802492541, 0.064364517203, 0.035803840764, 0.89710838776]
    ],
    [
      [0.0053002865209, 0.0012287386072, 0.65168812033, 0.069250084, 0.27253277054],
      [0.11649379434, 0.55535364396, 0.0003534400683, 0.3277750065, 2.411512682e-05],
      [0.0086244037321, 0.045918960361, 0.068302288999, 0.72374376592, 0.15341058099],
      [0.0027867795433, 0.00069479176777, 0.86878885203, 0.020579871301, 0.10714970536],
      [0.063815234289, 0.087203563916, 0.11159382639, 0.11880519952, 0.61858217588]
    ],
    [
      [0.017743441711, 0.0029589928325, 0.58509628647, 0.13673588416, 0.25746539482],
      [0.16800686771, 0.55166302445, 0.00014941284577, 0.28017041125, 1.0283747312e-05],
      [0.01659229703, 0.062840435573, 0.037358196792, 0.79832891004, 0.084880160569],
      [0.010107276188, 0.0018141405477, 0.83341051466, 0.044030085403, 0.1106379832],
      [0.16005030323, 0.15612001013, 0.078641269162, 0.17551996847, 0.42966844901]
    ],
    [
      [0.017237015522, 0.003580779056, 0.49872387086, 0.19559513448, 0.28486320008],
      [0.13239100253, 0.54202003664, 0.00010373129595, 0.32547598931, 9.2402197136e-06],
      [0.011854445796, 0.0559207953, 0.023469191328, 0.83971304538, 0.069042522199],
      [0.010801015164, 0.0024147763461, 0.78287729621, 0.069270296212, 0.13463661607],
      [0.13654203344, 0.16607660313, 0.059008244193, 0.22068294555, 0.41769017367]
    ],
    [
      [0.0300001308, 0.0023950908718, 0.4894227671, 0.29426021573, 0.1839217955],
      [0.21382624211, 0.3340881362, 9.2513238566e-05, 0.45198763377, 5.4746793574e-06],
      [0.014813368012, 0.026867310044, 0.016300265486, 0.91018229269, 0.03183676377],
      [0.019062560173, 0.0016378637456, 0.78540930232, 0.10562449954, 0.088265774225],
      [0.23728435711, 0.11021536538, 0.056694040783, 0.32920762645, 0.26659861028]
    ],
    [
      [0.0046625290832, 0.0010914096157, 0.46833647626, 0.099128157751, 0.42678142729],
      [0.097373616691, 0.46662585783, 0.00022363942659, 0.43574381743, 3.3068618534e-05],
      [0.0055854545298, 0.029993189738, 0.034403392358, 0.76025141263, 0.16976655074],
      [0.0028953680265, 0.0007274727381, 0.76781117114, 0.034688451606, 0.19387753649],
      [0.039959313859, 0.055636711006, 0.056229522393, 0.12309225573, 0.72508219701]
    ],
    [
      [0.0011649752538, 0.0002604052488, 0.36943943789, 0.031429331229, 0.59770585037],
      [0.042170658616, 0.49820087973, 0.00025433972102, 0.45928007622, 9.4045715792e-05],
      [0.0022613955832, 0.0118017166, 0.025515042728, 0.63954985749, 0.3208719876],
      [0.00058103025597, 0.00013659534675, 0.8090141227, 0.0093168962476, 0.18095135545],
      [0.0024840678675, 0.0045358524478, 0.014203794242, 0.020832346885, 0.95794393856]
    ],
    [
      [0.0091895153448, 0.0019280528892, 0.62652457991, 0.13344619722, 0.22891165463],
      [0.12058761378, 0.49921351619, 0.00022182117529, 0.37996431906, 1.2729799822e-05],
      [0.0090945464194, 0.043327756801, 0.042282287288, 0.82523440781, 0.080061001684],
      [0.00503343374, 0.0011364722157, 0.85795414225, 0.041309821149, 0.094566130648],
      [0.10047959001, 0.12352436085, 0.1022281776, 0.20825661127, 0.46551126027]
    ],
    [
      [0.023985461176, 0.0045500787989, 0.66846731056, 0.17011199483, 0.13288515464],
      [0.15910485138, 0.60465308945, 0.00010512124033, 0.23613342495, 3.5129731418e-06],
      [0.018588923308, 0.080876369953, 0.032393387761, 0.83254891831, 0.035592400666],
      [0.012335390982, 0.0025205193205, 0.88414267326, 0.049457610538, 0.051543805896],
      [0.22698520149, 0.24800946708, 0.083430684362, 0.21985289965, 0.22172174741]
    ],
    [
      [0.0087067739157, 0.00242028588, 0.48543485099, 0.19265103249, 0.31078705672],
