{
  "Z_true": {},
  "V_true": [
    [1082, 1561, 754, 177],
    [423, 6627, 698, 373],
    [213, 406, 15959, 544],
    [61, 675, 443, 669],
    [111, 260, 1054, 734]
  ],
  "p_true": [
    [0.3027, 0.4368, 0.211, 0.0495],
    [0.0521, 0.816, 0.086, 0.0459],
    [0.0124, 0.0237, 0.9321, 0.0318],
    [0.033, 0.3653, 0.2397, 0.362],
    [0.0514, 0.1204, 0.4882, 0.34]
  ],
  "Z_est": [
    [
      [135.9018, 38.4358, 57.7554, 21.1165, 66.8625, 98.2093, 63.583, 27.6831, 90.4683, 20.9631, 36.7819, 13.6125, 3.0425, 35.152, 1.5684, 38.4571, 0, 2.1002, 28.562, 55.5319, 44.403, 56.4988, 41.0119, 24.3475, 73.613, 0, 5.7589, 4.3243, 6.6836, 134.4015, 18.7421, 146.3987, 24.2673],
      [69.9908, 24.8229, 39.2143, 22.6811, 48.2354, 50.3727, 33.4829, 20.1987, 52.7348, 7.3713, 20.9706, 10.5764, 0.7365, 15.6984, 0.1235, 20.7657, 0.8715, 1.5455, 14.8186, 40.9752, 25.3028, 29.7074, 21.2942, 6.7417, 48.2523, 1.1132, 3.5999, 0.6934, 2.4949, 79.4586, 9.8627, 62.6233, 20.7352],
      [93.8716, 27.249, 47.3777, 18.6486, 61.8485, 108.0415, 72.2144, 36.6936, 68.5415, 15.4925, 33.8787, 18.5611, 1.2141, 29.8099, 0.3029, 37.2935, 1.1136, 2.3144, 22.2617, 61.7076, 58.9782, 60.2015, 50.1574, 24.755, 98.2369, 0.8868, 4.5544, 2.9823, 8.7245, 147.3722, 15.2446, 79.6659, 23.7958],
      [1.2358, 0.4924, 0.6526, 0.5538, 1.0536, 0.3765, 0.7197, 0.4245, 1.2554, 0.1731, 0.3688, 0.25, 0.0069, 0.3398, 0.0052, 0.4836, 0.0149, 0.0399, 0.3577, 0.7854, 0.316, 0.5923, 0.5366, 0.1559, 0.8979, 0, 0.0868, 0, 0.097, 1.7677, 0.1506, 1.3121, 0.2017]
    ],
    [
      [7.367, 3.1192, 4.3685, 1.3815, 3.0725, 3.6796, 2.6062, 1.1408, 3.8641, 2.5935, 4.2535, 1.4918, 0.4194, 4.1222, 0.5572, 3.0194, 0, 0.2523, 1.4695, 5.0013, 1.241, 3.0046, 4.0922, 1.5627, 3.9875, 0, 0.1333, 0.2368, 0.5169, 11.4515, 1.8716, 8.4878, 0.5188],
      [485.3446, 236.5071, 356.5494, 159.6487, 270.8908, 232.1148, 171.4276, 109.8513, 278.9684, 119.9474, 299.7068, 157.663, 18.5602, 231.9365, 4.844, 202.7801, 5.0646, 20.4914, 96.1065, 471.8565, 88.5559, 196.7021, 264.4106, 54.3056, 334.2904, 11.48, 10.8753, 4.5744, 22.6824, 846.1248, 123.943, 495.6972, 54.4304],
      [33.0095, 12.6717, 21.7719, 6.2435, 17.5736, 25.375, 18.7377, 10.0555, 18.4064, 12.7337, 24.4873, 13.9933, 1.4207, 22.2755, 0.5546, 18.4069, 0.3174, 1.3551, 7.2531, 36.1556, 10.4327, 20.1623, 31.5667, 9.936, 34.5954, 0.52, 0.625, 0.8603, 3.9439, 79.8092, 9.6031, 32.2316, 3.1471],
      [68.2789, 35.702, 47.3102, 33.7263, 47.463, 24.8305, 29.2285, 17.9524, 56.7611, 21.7253, 42.5524, 29.8519, 1.5997, 39.6658, 3.0442, 37.7935, 0.618, 3.9012, 19.1709, 71.9866, 10.7703, 31.131, 52.9305, 9.1957, 50.1266, 0, 1.3665, 0.3285, 9.8568, 150.6145, 15.5824, 81.5833, 4.9038]
    ],
    [
      [17.9553, 6.1598, 10.965, 4.0067, 10.068, 13.0799, 14.6443, 3.6581, 17.509, 4.9407, 7.8811, 3.4787, 1.0637, 8.9133, 0.6169, 9.0413, 0, 0.5094, 5.528, 11.44, 5.4461, 10.8355, 10.6281, 5.0835, 14.4523, 0, 0.7398, 1.2016, 1.348, 29.9159, 4.8696, 29.2051, 3.7058],
      [38.1952, 15.3938, 28.6306, 17.0295, 28.2545, 28.1592, 29.6129, 11.7371, 41.5704, 7.0876, 17.7386, 12.0019, 1.5009, 15.7594, 1.0298, 19.116, 0.2193, 1.128, 11.6619, 34.3577, 12.7815, 22.0985, 21.1023, 2.9968, 41.277, 0.776, 1.5342, 0.2842, 1.5449, 70.9718, 10.2514, 56.8645, 11.3696],
      [798.172, 267.8374, 550.8486, 209.7565, 573.5648, 869.5921, 1032.0201, 335.6381, 825.6802, 243.8341, 452.8498, 330.2842, 38.3452, 479.2064, 24.3533, 544.6812, 13.4756, 31.8918, 271.765, 819.4749, 448.5538, 713.8477, 805.7613, 283.3866, 1298.7656, 16.224, 35.1953, 58.5142, 87.1071, 2071.8962, 249.2158, 1105.4476, 214.7646],
      [7.6775, 3.609, 5.5559, 4.2074, 7.1128, 0.1687, 7.7227, 2.9667, 10.2403, 2.1376, 3.5304, 3.2352, 0.0903, 4.1209, 0, 5.1615, 0.3051, 0.4708, 3.0452, 7.7275, 1.2186, 5.2183, 6.5084, 1.5331, 8.505, 0, 0.5308, 0, 0, 18.2161, 1.6632, 13.4829, 1.1601]
    ],
    [
      [2.4704, 0.6811, 1.1396, 0.3189, 0.9512, 1.065, 0.7592, 0.3145, 1.0105, 0.7654, 0.8729, 0.4333, 0.0535, 1.0992, 0.0437, 0.554, 0, 0.0236, 0.6254, 1.1256, 0.3585, 0.5752, 1.0591, 0.4997, 1.1417, 0, 0, 0.0699, 0.0785, 2.9313, 0.4581, 1.768, 0.0105],
      [82.5518, 28.3538, 49.7819, 21.4913, 44.1514, 35.0985, 25.8688, 15.0939, 37.9723, 17.9245, 32.2929, 22.4108, 1.1256, 31.9998, 0.475, 19.4204, 0.5121, 1.2926, 21.2276, 53.8951, 13.25, 19.5957, 35.5971, 9.1605, 48.5214, 0.9156, 0, 0.9307, 1.9616, 111.7035, 15.9026, 49.3694, 0.5922],
      [15.759, 4.4003, 8.5402, 2.4842, 8.0416, 10.735, 7.9229, 3.8772, 7.0248, 5.3186, 7.4016, 5.5617, 0.2439, 8.6162, 0.1497, 4.9481, 0.0936, 0.2535, 4.5066, 11.541, 4.379, 5.6353, 11.904, 4.6889, 14.0579, 0.0844, 0, 0.5069, 0.9457, 29.5057, 3.4643, 8.9503, 0.0952],
      [64.2187, 23.5648, 36.5383, 25.7056, 42.8557, 21.1015, 24.4491, 13.7144, 42.9924, 17.9916, 25.4326, 23.5942, 0.5769, 30.2848, 2.3316, 20.0774, 0.3943, 1.4303, 23.6403, 45.4383, 9.0125, 17.1938, 39.4398, 8.6509, 40.2791, 0, 0, 0.4925, 5.0142, 109.8596, 11.1751, 44.9123, 0.3021]
    ],
    [
      [7.3054, 2.6041, 3.7716, 1.1763, 4.0457, 3.9662, 3.4073, 1.2035, 5.1481, 2.7372, 3.2106, 0.9838, 0.4209, 3.7133, 0.2138, 3.9281, 0, 0.1145, 1.8151, 3.9013, 1.5514, 3.0858, 3.2088, 1.5067, 5.8055, 0, 0.3681, 0.1675, 0.3729, 10.2998, 1.0586, 9.1404, 0.4977],
      [59.9176, 26.9224, 40.8237, 20.1495, 46.4679, 32.2547, 28.6078, 14.119, 47.7541, 15.6692, 29.291, 12.3479, 2.0768, 26.6059, 0.5277, 33.9177, 1.3324, 1.5425, 15.1855, 45.9156, 14.1098, 25.8964, 26.5958, 6.7953, 60.6589, 0.7152, 3.9907, 0.5173, 2.3163, 96.7414, 9.0404, 62.4456, 6.8727],
      [43.1879, 15.8417, 26.4616, 8.8672, 31.9715, 37.2564, 33.1049, 13.7355, 33.347, 17.6212, 25.3826, 11.5996, 1.776, 27.092, 0.6396, 32.6703, 0.9998, 1.1852, 12.2136, 37.1209, 17.6562, 28.1532, 33.6107, 13.2336, 66.3442, 0.2848, 2.6253, 1.1362, 4.2788, 96.4166, 7.4722, 42.7046, 4.1973],
      [32.5891, 15.6318, 20.9431, 16.807, 31.5149, 13.5227, 18.88, 8.9419, 37.7508, 10.9724, 16.1158, 9.0687, 0.7263, 17.5888, 1.6189, 24.4839, 0.6677, 1.1578, 11.7859, 27.0622, 6.6825, 15.8646, 20.5847, 4.4644, 35.1914, 0, 2.0159, 0.1791, 4.032, 66.5422, 4.4288, 39.7095, 2.4323]
    ]
  ],
  "V_est": [
    [1416.2376, 808.0662, 1333.9921, 15.7041],
    [90.8844, 6438.3322, 540.2312, 1051.5523],
    [268.8904, 614.0367, 16101.9511, 137.1218],
    [23.2576, 850.4403, 201.6372, 772.6649],
    [90.7299, 818.1247, 730.1884, 519.9569]
  ],
  "p_est": [
    [0.3963, 0.2261, 0.3732, 0.0044],
    [0.0112, 0.7928, 0.0665, 0.1295],
    [0.0157, 0.0359, 0.9404, 0.008],
    [0.0126, 0.4602, 0.1091, 0.4181],
    [0.042, 0.3789, 0.3382, 0.2408]
  ],
  "EI_Z": {},
  "EI_V": 8.6427,
  "MAE_Z": {},
  "MAE_V": 283.689,
  "MAE_p": 0.0773,
  "runtime": 0.011
}
