{
  "X": [
    [1, 1, 3, 5, 0],
    [1, 7, 47, 87, 5],
    [1, 0, 1, 16, 1],
    [0, 2, 17, 42, 1],
    [3, 9, 48, 228, 12],
    [0, 1, 3, 17, 2],
    [4, 9, 49, 172, 12],
    [1, 1, 4, 18, 2],
    [0, 0, 1, 6, 0],
    [3, 4, 55, 131, 5],
    [2, 1, 5, 10, 0],
    [2, 1, 24, 68, 2],
    [2, 3, 16, 31, 2],
    [0, 4, 11, 28, 1],
    [7, 17, 110, 267, 12],
    [0, 0, 1, 7, 1],
    [0, 0, 5, 22, 0],
    [5, 9, 73, 258, 28],
    [5, 16, 108, 285, 7],
    [0, 0, 2, 5, 2],
    [0, 1, 1, 18, 0],
    [0, 0, 8, 13, 1],
    [0, 0, 6, 7, 1],
    [0, 6, 16, 42, 2],
    [0, 3, 111, 178, 9],
    [2, 3, 46, 114, 9],
    [0, 5, 44, 106, 5],
    [0, 0, 3, 3, 1],
    [1, 1, 85, 112, 0],
    [7, 7, 38, 117, 8],
    [0, 0, 1, 8, 0],
    [1, 1, 6, 18, 0],
    [0, 0, 4, 29, 0],
    [0, 0, 3, 12, 0],
    [0, 0, 1, 5, 0],
    [2, 15, 124, 343, 10],
    [1, 5, 49, 141, 1],
    [0, 0, 7, 22, 1],
    [2, 5, 45, 151, 3],
    [1, 2, 5, 13, 0],
    [0, 0, 2, 22, 1],
    [1, 3, 24, 85, 2],
    [2, 5, 17, 73, 5],
    [4, 6, 34, 107, 6],
    [0, 1, 13, 43, 2],
    [0, 7, 66, 158, 9],
    [3, 9, 113, 316, 13],
    [0, 1, 14, 26, 0],
    [0, 0, 6, 16, 1],
    [0, 4, 17, 59, 3],
    [0, 1, 1, 16, 1],
    [0, 1, 13, 14, 1],
    [11, 14, 113, 367, 19],
    [0, 1, 9, 15, 0],
    [0, 0, 4, 7, 1],
    [0, 2, 12, 16, 0],
    [0, 0, 2, 4, 0],
    [0, 0, 2, 5, 0],
    [0, 2, 21, 33, 1],
    [3, 5, 13, 33, 5],
    [0, 1, 5, 6, 1],
    [7, 14, 108, 411, 21],
    [0, 0, 3, 24, 0],
    [3, 4, 23, 48, 7],
    [0, 0, 5, 16, 0],
    [2, 2, 10, 28, 1],
    [0, 0, 1, 5, 0],
    [0, 0, 0, 10, 0],
    [0, 2, 7, 18, 0],
    [1, 0, 2, 8, 0],
    [2, 3, 29, 119, 3],
    [0, 0, 4, 9, 0],
    [1, 2, 22, 72, 2],
    [0, 1, 5, 17, 2],
    [1, 3, 22, 57, 6],
    [5, 5, 23, 79, 5],
    [5, 4, 37, 110, 2],
    [4, 2, 19, 63, 2],
    [3, 3, 12, 59, 5],
    [1, 0, 2, 8, 2],
    [2, 0, 9, 40, 5],
    [0, 0, 4, 5, 0],
    [2, 2, 18, 62, 0],
    [6, 6, 67, 204, 8],
    [0, 1, 2, 5, 1],
    [10, 3, 48, 123, 10],
    [4, 1, 14, 25, 1],
    [0, 1, 1, 9, 0],
    [2, 4, 13, 31, 1],
    [0, 0, 6, 21, 1],
    [0, 1, 14, 40, 2],
    [0, 3, 19, 82, 3],
    [0, 2, 2, 11, 1],
    [0, 0, 1, 6, 0],
    [0, 6, 69, 115, 9],
    [0, 0, 1, 5, 0],
    [0, 1, 3, 11, 0],
    [1, 0, 4, 10, 0],
    [0, 0, 1, 4, 1],
    [0, 0, 5, 13, 0],
    [14, 17, 135, 272, 16],
    [0, 0, 0, 9, 0],
    [1, 0, 5, 24, 0],
    [0, 1, 2, 10, 1],
    [2, 2, 1, 10, 0],
    [2, 2, 15, 39, 5],
    [0, 0, 5, 9, 1],
    [3, 0, 16, 42, 0],
    [2, 3, 15, 53, 5],
    [5, 3, 36, 173, 10],
    [2, 14, 52, 290, 9],
    [0, 5, 31, 116, 3],
    [0, 0, 2, 4, 1],
    [8, 7, 55, 136, 9],
    [1, 0, 1, 4, 1],
    [0, 0, 3, 8, 1],
    [2, 3, 32, 130, 11],
    [3, 18, 89, 435, 16],
    [0, 4, 17, 77, 2],
    [6, 2, 17, 67, 3],
    [0, 0, 2, 15, 0],
    [0, 0, 4, 21, 2],
    [3, 0, 7, 14, 0],
    [0, 1, 13, 9, 0],
    [0, 2, 13, 21, 3],
    [0, 1, 6, 25, 0],
    [0, 0, 4, 4, 0],
    [1, 0, 7, 11, 1],
    [0, 1, 0, 9, 0],
    [0, 0, 5, 5, 0],
    [0, 3, 17, 40, 3],
    [1, 1, 2, 6, 0],
    [0, 2, 4, 0, 0],
    [0, 2, 2, 3, 0],
    [1, 1, 3, 6, 0],
    [1, 0, 3, 5, 3],
    [1, 0, 4, 12, 2],
    [0, 2, 2, 24, 1],
    [1, 4, 7, 21, 3],
    [1, 1, 5, 24, 1],
    [0, 0, 4, 6, 0],
    [0, 0, 3, 3, 0],
    [2, 2, 8, 22, 1],
    [1, 3, 2, 5, 0],
    [0, 1, 5, 1, 0],
    [0, 1, 3, 4, 0],
    [2, 1, 10, 15, 1],
    [1, 0, 3, 4, 0],
    [2, 5, 5, 9, 2],
    [0, 2, 2, 5, 0],
    [1, 0, 7, 12, 1],
    [2, 1, 8, 12, 0],
    [0, 0, 9, 14, 1],
    [1, 1, 4, 0, 0],
    [0, 0, 3, 8, 0],
    [1, 4, 11, 22, 2],
    [1, 1, 4, 24, 0],
    [0, 4, 19, 43, 0],
    [1, 1, 29, 71, 3],
    [2, 2, 6, 19, 1],
    [0, 0, 4, 23, 2],
    [3, 3, 13, 31, 0],
    [0, 1, 5, 12, 2],
    [1, 3, 9, 7, 0],
    [0, 0, 3, 15, 0],
    [0, 1, 3, 10, 3],
    [0, 0, 5, 17, 1],
    [0, 3, 6, 27, 1],
    [1, 0, 4, 8, 1],
    [0, 3, 14, 35, 1],
    [1, 1, 8, 3, 0],
    [1, 3, 2, 9, 0],
    [0, 0, 7, 6, 0],
    [1, 1, 6, 11, 0],
    [0, 0, 3, 6, 1],
    [0, 3, 14, 18, 1],
    [1, 0, 2, 3, 0],
    [2, 0, 5, 18, 2],
    [0, 1, 7, 5, 1],
    [0, 2, 18, 45, 0],
    [2, 3, 19, 39, 1],
    [1, 5, 20, 48, 5],
    [3, 5, 10, 31, 2],
    [1, 0, 6, 11, 0],
    [1, 0, 8, 29, 1],
    [0, 1, 11, 28, 0],
    [1, 6, 13, 52, 2],
    [1, 2, 4, 18, 0],
    [3, 2, 9, 14, 1],
    [2, 0, 6, 12, 0],
    [0, 1, 4, 15, 0],
    [0, 1, 8, 7, 0],
    [0, 3, 14, 29, 0],
    [3, 2, 24, 63, 0],
    [0, 0, 17, 27, 2],
    [0, 2, 4, 15, 0],
    [3, 6, 32, 81, 6],
    [0, 0, 5, 15, 0],
    [1, 1, 20, 52, 4],
    [0, 0, 9, 14, 0],
    [1, 1, 2, 14, 1],
    [0, 3, 8, 26, 1],
    [1, 1, 8, 22, 3],
    [2, 5, 29, 29, 2],
    [1, 4, 13, 42, 0],
    [0, 1, 3, 5, 0],
    [0, 0, 6, 13, 0],
    [0, 0, 3, 11, 0],
    [0, 0, 5, 5, 0],
    [0, 0, 13, 15, 2],
    [1, 0, 7, 6, 0],
    [0, 0, 3, 5, 1],
    [0, 2, 10, 22, 1],
    [0, 0, 3, 7, 0],
    [0, 0, 1, 6, 0],
    [0, 2, 17, 37, 0],
    [1, 2, 17, 45, 1],
    [0, 1, 6, 17, 0],
    [0, 0, 11, 36, 4],
    [0, 0, 13, 30, 2],
    [0, 1, 2, 7, 2],
    [0, 0, 7, 15, 0],
    [1, 1, 4, 7, 0],
    [0, 0, 8, 6, 0],
    [2, 0, 8, 13, 0],
    [1, 1, 18, 39, 1],
    [0, 2, 12, 19, 2],
    [0, 0, 4, 3, 1],
    [2, 3, 12, 19, 2],
    [1, 0, 12, 27, 1],
    [2, 2, 8, 30, 3],
    [1, 0, 8, 17, 1],
    [1, 0, 3, 3, 0],
    [1, 0, 1, 4, 1],
    [0, 1, 1, 6, 0],
    [0, 0, 0, 5, 1],
    [1, 3, 12, 11, 0],
    [0, 0, 4, 2, 1],
    [1, 1, 1, 6, 0],
    [3, 0, 2, 10, 1],
    [1, 3, 3, 8, 3],
    [0, 0, 1, 4, 1],
    [0, 3, 7, 18, 1],
    [1, 0, 5, 5, 0],
    [0, 0, 2, 8, 1],
    [2, 0, 3, 14, 0],
    [1, 1, 9, 10, 0],
    [1, 0, 7, 9, 1],
    [0, 0, 7, 8, 0],
    [0, 0, 5, 6, 0],
    [2, 2, 7, 10, 0],
    [1, 1, 14, 37, 1],
    [0, 3, 18, 61, 5],
    [0, 1, 5, 2, 0],
    [1, 0, 6, 12, 0],
    [0, 1, 3, 10, 0],
    [0, 1, 1, 2, 2],
    [0, 0, 4, 3, 0],
    [0, 1, 2, 9, 0],
    [2, 2, 5, 14, 0],
    [0, 0, 3, 24, 0],
    [0, 2, 4, 8, 0],
    [2, 2, 18, 50, 2],
    [2, 0, 4, 7, 1],
    [0, 0, 0, 8, 0],
    [2, 1, 2, 3, 0],
    [1, 0, 2, 10, 0],
    [0, 0, 5, 11, 1],
    [1, 0, 1, 8, 4],
    [0, 2, 13, 30, 1],
    [2, 0, 7, 19, 2],
    [1, 1, 5, 13, 0],
    [0, 0, 8, 33, 2],
    [2, 4, 16, 26, 2],
    [1, 0, 2, 6, 1],
    [1, 0, 2, 3, 0],
    [0, 0, 5, 3, 0],
    [2, 1, 6, 3, 1],
    [1, 1, 24, 41, 6],
    [0, 0, 3, 9, 0],
    [0, 0, 2, 4, 0],
    [0, 0, 7, 8, 0],
    [0, 1, 12, 24, 1],
    [0, 0, 7, 12, 0],
    [0, 1, 4, 9, 0],
    [2, 2, 23, 20, 4],
    [0, 0, 1, 8, 0],
    [1, 0, 3, 11, 1],
    [0, 1, 2, 3, 0],
    [0, 1, 6, 10, 1],
    [2, 3, 12, 30, 1],
    [1, 0, 1, 11, 1],
    [0, 1, 2, 3, 0],
    [1, 0, 5, 7, 2],
    [0, 1, 5, 8, 1],
    [0, 0, 7, 14, 2],
    [0, 2, 13, 29, 0],
    [0, 0, 3, 15, 0],
    [0, 0, 4, 19, 2],
    [1, 6, 16, 41, 0],
    [0, 0, 1, 9, 0],
    [1, 2, 2, 29, 2],
    [0, 0, 2, 18, 0],
    [0, 2, 9, 24, 3],
    [0, 2, 4, 13, 0],
    [4, 0, 13, 23, 0],
    [2, 1, 6, 11, 1],
    [1, 0, 1, 4, 0],
    [0, 0, 4, 18, 0],
    [4, 2, 9, 19, 2],
    [0, 0, 1, 9, 0],
    [2, 2, 6, 21, 2],
    [0, 0, 10, 29, 1],
    [0, 1, 0, 6, 0],
    [0, 5, 1, 2, 0],
    [1, 1, 8, 32, 0],
    [0, 1, 13, 59, 3],
    [0, 2, 12, 62, 1],
    [1, 1, 14, 27, 1],
    [0, 0, 3, 3, 1],
    [0, 3, 1, 2, 0],
    [2, 3, 3, 7, 1],
    [0, 0, 0, 5, 2],
    [0, 1, 18, 6, 2],
    [0, 0, 4, 14, 2],
    [0, 0, 3, 9, 2],
    [1, 3, 4, 33, 0],
    [0, 0, 1, 4, 2],
    [2, 0, 4, 2, 0],
    [0, 0, 23, 36, 10],
    [3, 0, 0, 3, 0],
    [4, 31, 113, 234, 8],
    [34, 116, 951, 2257, 220],
    [38, 67, 743, 1266, 135],
    [13, 11, 67, 146, 12]
  ],
  "W": [
    [1, 5, 1, 2, 1, 0],
    [10, 95, 24, 6, 3, 9],
    [0, 12, 3, 2, 1, 1],
    [4, 37, 10, 4, 1, 6],
    [19, 204, 25, 6, 17, 29],
    [2, 13, 2, 2, 2, 2],
    [16, 166, 13, 12, 13, 26],
    [2, 17, 1, 2, 1, 3],
    [0, 6, 0, 0, 1, 0],
    [13, 139, 12, 9, 8, 17],
    [2, 10, 3, 1, 0, 2],
    [9, 67, 9, 5, 2, 5],
    [2, 34, 4, 5, 3, 6],
    [10, 21, 2, 2, 3, 6],
    [33, 264, 57, 14, 12, 33],
    [0, 5, 3, 0, 0, 1],
    [5, 18, 1, 0, 0, 3],
    [19, 263, 34, 8, 10, 39],
    [43, 255, 60, 12, 18, 33],
    [0, 6, 1, 0, 1, 1],
    [0, 16, 1, 1, 0, 2],
    [0, 11, 8, 0, 1, 2],
    [0, 9, 2, 0, 0, 3],
    [5, 40, 3, 4, 2, 12],
    [18, 161, 82, 1, 8, 31],
    [18, 105, 23, 5, 4, 19],
    [19, 96, 19, 7, 8, 11],
    [1, 4, 2, 0, 0, 0],
    [60, 91, 34, 3, 4, 7],
    [7, 117, 15, 13, 6, 19],
    [2, 6, 0, 0, 0, 1],
    [1, 16, 1, 2, 1, 5],
    [0, 26, 3, 0, 3, 1],
    [0, 13, 1, 0, 1, 0],
    [0, 4, 1, 0, 0, 1],
    [32, 344, 52, 5, 16, 45],
    [15, 132, 27, 1, 6, 16],
    [6, 13, 7, 0, 1, 3],
    [26, 128, 26, 8, 7, 11],
    [2, 14, 1, 1, 0, 3],
    [0, 20, 2, 0, 0, 3],
    [7, 78, 15, 2, 6, 7],
    [5, 64, 13, 2, 3, 15],
    [9, 96, 22, 6, 8, 16],
    [6, 39, 4, 2, 0, 8],
    [6, 163, 30, 4, 8, 29],
    [27, 312, 65, 7, 5, 38],
    [1, 22, 10, 2, 0, 6],
    [2, 13, 4, 0, 2, 2],
    [10, 52, 8, 3, 1, 9],
    [0, 15, 2, 0, 0, 2],
    [2, 11, 12, 1, 2, 1],
    [36, 368, 43, 16, 13, 48],
    [1, 14, 8, 0, 2, 0],
    [1, 10, 0, 1, 0, 0],
    [1, 18, 8, 1, 1, 1],
    [0, 6, 0, 0, 0, 0],
    [1, 5, 1, 0, 0, 0],
    [4, 32, 7, 5, 1, 8],
    [4, 34, 10, 3, 2, 6],
    [1, 6, 2, 1, 0, 3],
    [32, 408, 46, 9, 18, 48],
    [2, 22, 0, 0, 1, 2],
    [7, 57, 5, 4, 2, 10],
    [0, 16, 2, 0, 1, 2],
    [0, 29, 2, 8, 1, 3],
    [0, 2, 2, 2, 0, 0],
    [0, 9, 0, 0, 0, 1],
    [0, 17, 4, 0, 0, 6],
    [0, 10, 0, 1, 0, 0],
    [8, 115, 14, 2, 4, 13],
    [1, 9, 2, 0, 1, 0],
    [4, 64, 13, 4, 3, 11],
    [1, 9, 3, 8, 0, 4],
    [4, 53, 11, 7, 6, 8],
    [9, 75, 9, 8, 9, 7],
    [11, 98, 14, 10, 5, 20],
    [4, 62, 9, 5, 4, 6],
    [5, 50, 6, 7, 2, 12],
    [1, 8, 0, 1, 1, 2],
    [0, 46, 4, 0, 0, 6],
    [0, 6, 1, 0, 1, 1],
    [3, 66, 6, 5, 2, 2],
    [14, 200, 28, 7, 9, 33],
    [0, 7, 1, 0, 0, 1],
    [10, 117, 24, 14, 4, 25],
    [3, 23, 6, 5, 3, 5],
    [0, 9, 0, 0, 0, 2],
    [3, 36, 6, 1, 1, 4],
    [2, 14, 7, 0, 4, 1],
    [1, 37, 6, 2, 6, 5],
    [2, 75, 10, 1, 6, 13],
    [2, 8, 1, 1, 1, 3],
    [0, 7, 0, 0, 0, 0],
    [28, 116, 28, 4, 3, 20],
    [0, 5, 1, 0, 0, 0],
    [1, 11, 1, 0, 0, 2],
    [0, 10, 1, 1, 1, 2],
    [0, 4, 1, 0, 0, 1],
    [2, 12, 1, 3, 0, 0],
    [21, 284, 68, 11, 15, 55],
    [2, 7, 0, 0, 0, 0],
    [0, 23, 4, 1, 0, 2],
    [0, 8, 2, 0, 1, 3],
    [2, 8, 0, 0, 1, 4],
    [3, 37, 5, 5, 6, 7],
    [1, 9, 2, 1, 1, 1],
    [3, 38, 6, 7, 3, 4],
    [4, 54, 6, 5, 2, 7],
    [15, 158, 19, 5, 11, 19],
    [9, 275, 30, 4, 12, 37],
    [6, 106, 31, 0, 2, 10],
    [0, 3, 2, 0, 1, 1],
    [5, 130, 22, 14, 11, 33],
    [1, 3, 1, 1, 0, 1],
    [0, 7, 2, 0, 0, 3],
    [3, 134, 19, 4, 2, 16],
    [23, 404, 62, 6, 18, 48],
    [4, 68, 16, 0, 1, 11],
    [5, 69, 3, 5, 3, 10],
    [0, 14, 1, 1, 0, 1],
    [2, 20, 1, 2, 0, 2],
    [1, 11, 5, 4, 2, 1],
    [1, 13, 7, 1, 0, 1],
    [1, 27, 4, 0, 2, 5],
    [6, 18, 5, 1, 1, 1],
    [0, 4, 2, 0, 2, 0],
    [0, 12, 2, 1, 2, 3],
    [0, 8, 0, 0, 0, 2],
    [0, 5, 2, 1, 1, 1],
    [2, 46, 5, 1, 0, 9],
    [0, 6, 2, 1, 0, 1],
    [0, 3, 1, 1, 0, 1],
    [1, 2, 1, 1, 1, 1],
    [1, 4, 2, 2, 2, 0],
    [1, 8, 0, 0, 0, 3],
    [0, 15, 0, 2, 1, 1],
    [4, 17, 1, 1, 4, 2],
    [5, 16, 2, 1, 1, 11],
    [1, 26, 1, 1, 1, 2],
    [1, 4, 2, 0, 2, 1],
    [0, 4, 0, 1, 1, 0],
    [1, 19, 6, 3, 4, 2],
    [0, 7, 1, 1, 0, 2],
    [2, 2, 0, 0, 2, 1],
    [0, 2, 0, 2, 1, 3],
    [1, 17, 2, 2, 0, 7],
    [0, 3, 1, 1, 0, 3],
    [3, 6, 1, 2, 4, 7],
    [3, 4, 0, 0, 0, 2],
    [1, 10, 0, 2, 1, 7],
    [2, 8, 4, 4, 2, 3],
    [0, 10, 6, 1, 2, 5],
    [0, 2, 0, 1, 0, 3],
    [2, 6, 0, 2, 0, 1],
    [0, 21, 6, 2, 2, 9],
    [5, 20, 3, 1, 0, 1],
    [5, 41, 9, 2, 1, 8],
    [9, 71, 13, 2, 3, 7],
    [1, 19, 3, 2, 0, 5],
    [1, 16, 4, 0, 1, 7],
    [2, 29, 7, 1, 4, 7],
    [0, 10, 3, 0, 3, 4],
    [1, 10, 1, 1, 2, 5],
    [2, 12, 2, 0, 0, 2],
    [1, 8, 2, 1, 1, 4],
    [2, 15, 2, 0, 0, 4],
    [4, 23, 3, 1, 2, 4],
    [1, 9, 0, 3, 0, 1],
    [10, 30, 4, 0, 1, 8],
    [2, 4, 1, 0, 2, 4],
    [2, 8, 0, 1, 0, 4],
    [1, 7, 5, 0, 0, 0],
    [1, 14, 0, 2, 0, 2],
    [1, 5, 1, 2, 0, 1],
    [4, 16, 7, 1, 0, 8],
    [0, 1, 2, 0, 2, 1],
    [1, 17, 2, 2, 4, 1],
    [1, 6, 3, 1, 0, 3],
    [5, 46, 7, 2, 0, 5],
    [4, 46, 5, 3, 2, 4],
    [5, 47, 10, 1, 2, 14],
    [0, 29, 10, 3, 0, 9],
    [1, 11, 1, 1, 2, 2],
    [4, 28, 3, 0, 1, 3],
    [5, 24, 5, 2, 2, 2],
    [3, 41, 12, 2, 3, 13],
    [3, 17, 1, 1, 2, 1],
    [1, 18, 1, 5, 0, 4],
    [1, 10, 4, 2, 3, 0],
    [0, 16, 1, 2, 0, 1],
    [0, 8, 4, 1, 1, 2],
    [1, 25, 12, 0, 1, 7],
    [7, 54, 16, 3, 2, 10],
    [2, 27, 9, 1, 1, 6],
    [0, 17, 3, 0, 0, 1],
    [5, 80, 17, 8, 5, 13],
    [2, 15, 2, 0, 1, 0],
    [3, 56, 10, 2, 3, 4],
    [1, 17, 3, 0, 1, 1],
    [1, 12, 2, 0, 2, 2],
    [4, 15, 7, 2, 5, 5],
    [2, 25, 2, 0, 0, 6],
    [5, 32, 12, 2, 9, 7],
    [4, 35, 8, 4, 1, 8],
    [0, 5, 2, 1, 0, 1],
    [0, 13, 2, 0, 1, 3],
    [2, 8, 2, 0, 0, 2],
    [0, 3, 1, 5, 1, 0],
    [5, 16, 3, 3, 3, 0],
    [0, 5, 3, 4, 1, 1],
    [1, 4, 0, 1, 1, 2],
    [3, 18, 6, 4, 2, 2],
    [0, 8, 1, 0, 0, 1],
    [1, 5, 0, 0, 1, 0],
    [0, 38, 9, 1, 2, 6],
    [5, 45, 8, 0, 3, 5],
    [1, 20, 2, 0, 1, 0],
    [1, 31, 5, 2, 4, 8],
    [0, 29, 6, 1, 5, 4],
    [0, 8, 1, 1, 0, 2],
    [0, 18, 0, 0, 0, 4],
    [0, 7, 4, 1, 0, 1],
    [1, 11, 2, 0, 0, 0],
    [2, 14, 1, 1, 2, 3],
    [2, 41, 7, 2, 3, 5],
    [0, 20, 7, 0, 2, 6],
    [0, 2, 4, 2, 0, 0],
    [2, 19, 4, 4, 4, 5],
    [1, 34, 4, 0, 2, 0],
    [0, 29, 4, 1, 4, 7],
    [3, 15, 3, 0, 3, 3],
    [0, 2, 2, 2, 0, 1],
    [0, 3, 0, 3, 1, 0],
    [2, 3, 0, 0, 2, 1],
    [2, 2, 0, 0, 0, 2],
    [2, 10, 4, 2, 4, 5],
    [1, 3, 1, 1, 0, 1],
    [1, 5, 0, 1, 0, 2],
    [0, 10, 1, 3, 1, 1],
    [1, 9, 0, 1, 2, 5],
    [0, 4, 1, 1, 0, 0],
    [0, 18, 5, 0, 0, 6],
    [0, 7, 2, 2, 0, 0],
    [1, 9, 0, 0, 1, 0],
    [0, 13, 2, 1, 2, 1],
    [1, 10, 2, 3, 2, 3],
    [0, 13, 3, 0, 0, 2],
    [1, 7, 2, 2, 2, 1],
    [1, 7, 0, 0, 0, 3],
    [1, 9, 4, 5, 0, 2],
    [2, 36, 7, 2, 2, 5],
    [7, 58, 13, 0, 2, 7],
    [1, 2, 2, 2, 1, 0],
    [1, 12, 2, 1, 0, 3],
    [1, 10, 1, 0, 0, 2],
    [1, 2, 0, 1, 1, 1],
    [0, 5, 1, 1, 0, 0],
    [0, 8, 2, 0, 1, 1],
    [0, 15, 1, 2, 3, 2],
    [1, 21, 0, 1, 1, 3],
    [0, 7, 2, 1, 0, 4],
    [3, 55, 8, 1, 2, 5],
    [0, 6, 3, 2, 1, 2],
    [0, 5, 0, 1, 0, 2],
    [0, 3, 0, 1, 1, 3],
    [0, 10, 1, 1, 1, 0],
    [0, 14, 1, 0, 0, 2],
    [2, 6, 1, 1, 1, 3],
    [0, 36, 6, 0, 1, 3],
    [2, 21, 1, 2, 1, 3],
    [3, 11, 1, 0, 2, 3],
    [3, 31, 3, 1, 3, 2],
    [4, 23, 6, 8, 2, 7],
    [0, 4, 2, 1, 1, 2],
    [0, 1, 1, 2, 0, 2],
    [0, 4, 1, 0, 3, 0],
    [0, 3, 2, 1, 1, 6],
    [8, 43, 8, 2, 1, 11],
    [1, 8, 1, 1, 0, 1],
    [2, 1, 0, 0, 1, 2],
    [4, 7, 3, 0, 0, 1],
    [3, 26, 6, 3, 0, 0],
    [2, 15, 1, 0, 1, 0],
    [1, 9, 1, 0, 2, 1],
    [5, 26, 9, 5, 3, 3],
    [0, 7, 0, 1, 1, 0],
    [0, 11, 3, 1, 0, 1],
    [1, 3, 0, 0, 0, 2],
    [2, 10, 2, 1, 0, 3],
    [2, 31, 5, 3, 1, 6],
    [0, 8, 1, 0, 2, 3],
    [1, 3, 0, 1, 1, 0],
    [2, 6, 1, 4, 1, 1],
    [1, 8, 3, 2, 0, 1],
    [2, 13, 1, 4, 2, 1],
    [4, 31, 4, 0, 1, 4],
    [1, 13, 0, 3, 0, 1],
    [1, 18, 3, 0, 0, 3],
    [2, 38, 10, 1, 4, 9],
    [0, 10, 0, 0, 0, 0],
    [0, 29, 2, 2, 1, 2],
    [3, 14, 0, 0, 3, 0],
    [3, 24, 6, 0, 1, 4],
    [1, 12, 0, 3, 1, 2],
    [1, 24, 7, 3, 2, 3],
    [1, 12, 2, 3, 0, 3],
    [0, 3, 0, 2, 1, 0],
    [0, 14, 1, 2, 2, 3],
    [1, 24, 0, 7, 3, 1],
    [1, 9, 0, 0, 0, 0],
    [2, 20, 1, 5, 2, 3],
    [1, 30, 2, 0, 1, 6],
    [0, 3, 0, 2, 2, 0],
    [0, 1, 0, 1, 0, 6],
    [2, 27, 7, 1, 1, 4],
    [1, 50, 12, 1, 3, 9],
    [2, 54, 7, 1, 2, 11],
    [2, 27, 6, 0, 1, 8],
    [1, 5, 1, 0, 0, 0],
    [1, 1, 1, 2, 0, 1],
    [1, 7, 0, 2, 0, 6],
    [0, 5, 0, 1, 0, 1],
    [0, 17, 3, 3, 1, 3],
    [0, 13, 2, 1, 1, 3],
    [1, 13, 0, 0, 0, 0],
    [3, 30, 1, 0, 4, 3],
    [1, 3, 0, 1, 0, 2],
    [0, 4, 0, 3, 1, 0],
    [4, 45, 11, 0, 2, 7],
    [0, 2, 0, 2, 0, 2],
    [36, 236, 46, 9, 9, 54],
    [215, 2246, 461, 81, 102, 473],
    [130, 1302, 358, 70, 75, 314],
    [22, 133, 18, 30, 15, 31]
  ],
  "method": "mvn_pdf",
  "cond_prob": [
    [
      [0.0085172698946, 0.12096226839, 0.51795796201, 0.35256249971, 0],
      [0.024095916894, 0.040886628431, 0.15571503302, 0.77930242166, 0],
      [0.0038004110017, 0.030754815024, 0.80139324881, 0.16405152517, 0],
      [0.39939511846, 0.26188509183, 0.26579535903, 0.072924430683, 0],
      [0.068412497711, 0.12007959077, 0.37048290604, 0.44102500547, 0],
      [0.009414407685, 0.88567292144, 0.062423658162, 0.042127147424, 0.00036186528909]
    ],
    [
      [0.0012299321995, 0.077885498735, 0.52042921809, 0.38225384483, 0.018201506143],
      [0.00089427793349, 0.013457657003, 0.17437619634, 0.77773118795, 0.033540680773],
      [0, 0.021114386646, 0.77034239026, 0.20323847564, 0.0053047474511],
      [0.12086660791, 0.18686443456, 0.46967429786, 0.1699923804, 0.052602279267],
      [0.022498451609, 0.078768414942, 0.39638543115, 0.47574783008, 0.026599872211],
      [0.01222769689, 0.34204782952, 0.3038388578, 0.21867527867, 0.12321033712]
    ],
    [
      [0.0016263685063, 0.0040073187737, 0.14278235049, 0.83477084224, 0.016813119986],
      [0, 0, 0, 0.95209900165, 0.047900998353],
      [0.072495357701, 0, 0.16983309216, 0.74368285666, 0.013988693478],
      [0.35748581263, 0, 0.14895884338, 0.42267233608, 0.070883007915],
      [0.027982096823, 0, 0.08341364292, 0.86487685781, 0.023727402449],
      [0.039560204816, 0, 0.10916939384, 0.63354188029, 0.21772852105]
    ],
    [
      [0, 0.025940836249, 0.4206586309, 0.54485231683, 0.0085482160221],
      [0, 0.0065625092181, 0.1131849573, 0.87214413695, 0.008108396529],
      [0, 0.0082815827096, 0.68045710305, 0.3098987633, 0.0013625509401],
      [0, 0.14743888209, 0.50237365447, 0.31584802128, 0.034339442163],
      [0, 0.033791898749, 0.3042346771, 0.6493974247, 0.012575999452],
      [0, 0.15784342662, 0.3352036218, 0.42324675378, 0.083706197806]
    ],
    [
      [0.0021049019076, 0.036116960024, 0.3329789285, 0.6072113899, 0.021587819673],
      [0.0024782169758, 0.009043934208, 0.070734498791, 0.89049863805, 0.027244711975],
      [4.7047461751e-05, 0.013134813573, 0.59189239294, 0.3887080097, 0.0062177363246],
      [0.21040700745, 0.09223927308, 0.33129834735, 0.29685838816, 0.069196983955],
      [0.031716093205, 0.032600590337, 0.22824299574, 0.67857483797, 0.028865482743],
      [0.022470992584, 0.17354479888, 0.22683902655, 0.40574615906, 0.17139902293]
    ],
    [
      [0, 0.029562305084, 0.24233776201, 0.68452681106, 0.04357312185],
      [0, 0.026245931527, 0.0257726156, 0.89838360181, 0.049597851065],
      [0, 0.013364157974, 0.50380027358, 0.46933731719, 0.013498251252],
      [0, 0.13185560238, 0.29589596788, 0.38813679393, 0.18411163581],
      [0, 0.031962484998, 0.15838602881, 0.75221536007, 0.057436126122],
      [0, 0.12265689465, 0.13205796632, 0.36629030599, 0.37899483305]
    ],
    [
      [0.0022017612494, 0.039928137007, 0.41202326148, 0.52187102112, 0.023975819147],
      [0.0026769397419, 0.010383191262, 0.1095267854, 0.8446628581, 0.032750225498],
      [1.8480607518e-05, 0.01324078386, 0.67368804183, 0.30683045975, 0.006222233957],
      [0.20654238632, 0.096169033079, 0.38480107084, 0.2399048983, 0.072582611463],
      [0.034508295562, 0.037235055613, 0.29199223908, 0.60311365264, 0.033150757109],
      [0.022809349879, 0.18566637493, 0.27133557455, 0.33568834526, 0.18450035537]
    ],
    [
      [0.0039082473201, 0.029065138066, 0.35318633906, 0.58003508545, 0.033805190108],
      [0.015601663777, 0.022039794581, 0.069722687909, 0.84380331916, 0.048832534569],
      [0.0007824190339, 0.010186770263, 0.63176259469, 0.34816105736, 0.0091071586541],
      [0.30450046443, 0.065099846335, 0.29950788506, 0.23412463755, 0.096767166629],
      [0.038006498064, 0.02545444986, 0.23820746588, 0.65357062068, 0.044760965515],
      [0.026388458396, 0.13378410106, 0.21311859891, 0.34176415007, 0.28494469156]
    ],
    [
      [1.5876206714e-06, 9.4038770943e-07, 0.40932134262, 0.59004926297, 0.00062686640293],
      [0, 0, 0.12083337412, 0.87916662588, 0],
      [2.9025114226e-09, 6.8300718624e-06, 0.73378495709, 0.26604685002, 0.00016135990925],
      [0, 0, 0.56722460846, 0.38241815233, 0.050357239211],
      [0, 0, 0.27499975529, 0.72500024471, 0],
      [1.2467410441e-09, 5.9675913807e-49, 0.31108594076, 0.54213975461, 0.14677430338]
    ],
    [
      [0.0020981843834, 0.02260629284, 0.5475309596, 0.41569885058, 0.012065712601],
      [0.0040816735973, 0.0060349686164, 0.16779520187, 0.80445969085, 0.017628465062],
      [0.00012664859086, 0.0064950862869, 0.7783299674, 0.21244095515, 0.0026073425722],
      [0.1914616649, 0.055525091976, 0.52062417943, 0.19479055094, 0.037598512747],
      [0.033252725155, 0.022512422634, 0.41376032101, 0.5125281109, 0.01794642031],
      [0.024392612034, 0.12408772418, 0.4248767455, 0.31608156507, 0.11056135321]
    ],
    [
      [0, 0.094450277025, 0.48525297239, 0.42029675059, 0],
      [0, 0.025955009702, 0.15624943765, 0.81779555265, 0],
      [0, 0, 0.74749750765, 0.25250249235, 0],
      [0.98277009456, 0.0053220517525, 0.0038251499267, 0.0080827037585, 0],
      [0.82611674766, 0.0079200066372, 0.065419746853, 0.099238420085, 0.0013050787643],
      [0.50861495272, 0.27311364859, 0.11034100294, 0.10793039575, 0]
    ],
    [
      [0.0029381636027, 0.016147794935, 0.46553245727, 0.50344948392, 0.011932100271],
      [0.0070414524986, 0.0016948404264, 0.12912230081, 0.84596209903, 0.016179307241],
      [0.00057655996639, 0.0048058502984, 0.71627852706, 0.27547445546, 0.0028646072107],
      [0.25315291635, 0.04005620463, 0.43792399973, 0.23219089962, 0.036675979669],
      [0.038745711024, 0.015561465808, 0.33481405422, 0.59402727265, 0.016851496297],
      [0.030666833334, 0.093291785914, 0.37065177598, 0.39224297346, 0.11314663131]
    ],
    [
      [0.0031786041968, 0.049593007675, 0.56217794483, 0.3707525659, 0.014297877388],
      [0.011501650433, 0.018777394115, 0.17512810297, 0.76434220479, 0.030250647693],
      [0.00089835651214, 0.01434796581, 0.79688995023, 0.1839747246, 0.0038890028509],
      [0.25445281382, 0.10773774365, 0.45364528913, 0.14600732353, 0.038156829872],
      [0.047754872596, 0.04971301362, 0.42167206432, 0.45958081899, 0.021279230474],
      [0.030577427327, 0.25286049373, 0.36674769495, 0.23769698874, 0.11211739525]
    ],
    [
      [0, 0.07502889886, 0.40290085781, 0.51068781555, 0.011382427784],
      [0, 0, 0.11651568658, 0.86735724079, 0.016127072632],
      [0, 0.025679583059, 0.67121891104, 0.3002365013, 0.0028650046035],
      [0, 0.2560470344, 0.45294157836, 0.25623136597, 0.034780021278],
      [0, 0.088050905284, 0.28940236679, 0.60772418861, 0.014822539324],
      [0, 0.40368417677, 0.2346056541, 0.29041858127, 0.071291587858]
    ],
    [
      [0.0033851583449, 0.057791794138, 0.4553773262, 0.46677529263, 0.016670428682],
      [0.0052871638812, 0.011614281188, 0.13465724248, 0.82486279925, 0.023578513201],
      [0.00028152992703, 0.01796587014, 0.71370611456, 0.26395296306, 0.0040935223124],
      [0.26965328423, 0.12298218444, 0.37379260265, 0.18905078619, 0.044521142487],
      [0.051635246033, 0.054583304529, 0.32607404627, 0.54437299649, 0.023334406678],
      [0.032777647653, 0.26139077955, 0.29078189996, 0.29115546915, 0.12389420368]
    ],
    [
      [1.0226679551e-07, 0.0011031047592, 0.12340155451, 0.83586475555, 0.03963048292],
      [0, 0, 0, 0.95728668635, 0.042713313655],
      [0, 0, 0.32310141848, 0.65862207902, 0.018276502498],
      [2.4696591781e-07, 1.5387087171e-13, 0.2310922016, 0.57787393694, 0.19103361449],
      [1.3877787808e-17, 0.00091691260174, 0.075135084047, 0.8726828232, 0.051265180155],
      [0, 0, 0.030695744553, 0.23770033121, 0.73160392423]
    ],
    [
      [0, 0, 0.35642603414, 0.64357396586, 0],
      [0, 0, 0.0756260537, 0.9243739463, 0],
      [0, 0, 0.61695236388, 0.38304763612, 0],
      [0, 0.012294264636, 0.5805283413, 0.32004700211, 0.087130391954],
      [0.00050930221635, 0.0055923281482, 0.24210573252, 0.74573217546, 0.0060604616505],
      [0, 0, 0.41321616628, 0.58678383372, 0]
    ],
    [
      [0.003141640945, 0.032317330701, 0.40103535927, 0.51545053545, 0.048055133639],
      [0.0050872759999, 0.0081472506451, 0.10776152268, 0.83244224044, 0.046561710231],
      [0.00022510556036, 0.011016686319, 0.66764470837, 0.31040231496, 0.010711184793],
      [0.25683336443, 0.068786391061, 0.33170176837, 0.21032004894, 0.1323584272],
      [0.046770071809, 0.029387912837, 0.27745532817, 0.58037547279, 0.066011214395],
      [0.027495743885, 0.12883349244, 0.22848615887, 0.28805478876, 0.32712981604]
    ],
    [
      [0.002380030513, 0.048903043391, 0.41861508275, 0.51910315798, 0.010998685369],
      [0.0031778403772, 0.011092956972, 0.11638479528, 0.85935760431, 0.0099868030611],
      [0.00012532375034, 0.016102314592, 0.6781347511, 0.30396840187, 0.0016692086863],
      [0.21607638676, 0.11777349714, 0.39096069061, 0.23907670161, 0.036112723865],
      [0.036466222322, 0.045855572087, 0.29864822509, 0.60273453978, 0.016295440715],
      [0.02516610072, 0.23829224143, 0.28988324974, 0.35109481392, 0.095563594186]
    ],
    [
      [1.0863760643e-05, 0.0015863645351, 0.30268535382, 0.27044291187, 0.42527450601],
      [0, 0, 0.17634332459, 0.73058287881, 0.093073796599],
      [0, 0, 0.7300048422, 0.23546250575, 0.034532652052],
      [0, 2.879251408e-11, 0.52575041746, 0.30317097511, 0.1710786074],
      [0, 0, 0.18878058965, 0.32412306118, 0.48709634917],
      [0, 0, 0.023154620592, 0.056917160221, 0.91992821919]
    ],
    [
      [0.00019168100259, 0.026681515104, 0.1874216572, 0.78128618638, 0.0044189603145],
      [0, 0.019364469114, 0, 0.98063553089, 0],
      [0, 0.013112951603, 0.42093327227, 0.56595377613, 0],
      [0, 0.15206823039, 0.29357093965, 0.55436082996, 0],
      [0.0020290599136, 0.022777544751, 0.12132240763, 0.84823256371, 0.005638423996],
      [0, 0.26249365609, 0.14274789404, 0.59475844987, 0]
    ],
    [
      [5.7778087892e-05, 0.0050089840537, 0.45291412819, 0.52722807458, 0.014791035086],
      [0, 0, 0.10751669954, 0.85157129357, 0.040912006891],
      [0, 0, 0.71241768478, 0.26816976182, 0.019412553393],
      [6.9388939039e-17, 0.0011266018474, 0.593069109, 0.31389087477, 0.091913414377],
      [0, 0, 0.33328515776, 0.64305197408, 0.023662868162],
      [0, 0, 0.39234483453, 0.42215285103, 0.18550231445]
    ],
    [
      [2.1684360655e-05, 0.0036654559788, 0.77215721583, 0.2152262775, 0.0089293663307],
      [0, 0, 0.24351046363, 0.69080116226, 0.065688374119],
      [0, 0, 0.90178251261, 0.086690636333, 0.011526851057],
      [3.469446952e-17, 0.0010241344745, 0.74910353443, 0.19184631776, 0.058026013333],
      [5.9543076257e-05, 0.0043944273645, 0.65459972028, 0.32506945574, 0.015876853534],
      [0, 0, 0.66828026738, 0.20313608901, 0.12858364361]
    ],
    [
      [0, 0.077266678869, 0.45039561937, 0.46043890367, 0.011898798088],
      [0, 0, 0.14149028435, 0.84034901656, 0.018160699087],
      [0, 0.023110395099, 0.71509063285, 0.25882009207, 0.0029788799828],
      [0, 0.24075060579, 0.49439213209, 0.22615058459, 0.038706677519],
      [0, 0.08906726926, 0.33311875622, 0.56064137067, 0.017172603853],
      [0, 0.36693320489, 0.27494438248, 0.2734582886, 0.08466412403]
    ],
    [
      [0, 0.015780129359, 0.5075165578, 0.46136962128, 0.015333691566],
      [0, 0, 0.14728719959, 0.82928010485, 0.023432695567],
      [0, 0, 0.74774858475, 0.24783814418, 0.004413271065],
      [0, 0.046535433644, 0.65033160328, 0.24907381094, 0.054059152134],
      [0, 0.016023449143, 0.39604255338, 0.56556591876, 0.022368078718],
      [0, 0.081975311121, 0.41991634988, 0.35757809525, 0.14053024375]
    ],
    [
      [0.0022404837751, 0.020689542181, 0.4414510335, 0.50969201437, 0.025926926174],
      [0.0039089109333, 0.0015134338843, 0.12113237663, 0.83752814165, 0.035917136898],
      [0.00036478312001, 0.006088885698, 0.69783815288, 0.28890670951, 0.0068014687864],
      [0.19875139608, 0.052800959253, 0.42573783306, 0.24200542282, 0.080704388785],
      [0.031475681622, 0.019919254819, 0.3161813812, 0.59648645018, 0.035937232184],
      [0.022167680285, 0.10447113138, 0.31006787601, 0.34969798076, 0.21359533157]
    ],
    [
      [0, 0.034824613477, 0.45146050312, 0.49660335915, 0.017111524254],
      [0, 0.0039956865093, 0.12875784358, 0.84182328626, 0.025423183651],
      [0, 0.010040930397, 0.70654977568, 0.27877555614, 0.0046337377805],
      [0, 0.18727287297, 0.48931453957, 0.26472027109, 0.058692316372],
      [0, 0.047138891375, 0.33196412092, 0.59684924903, 0.024047738679],
      [0, 0.18872250179, 0.32328517955, 0.34772083986, 0.1402714788]
    ],
    [
      [8.1605714926e-17, 0, 0.52790300331, 0.27650590712, 0.19559108957],
      [0, 0, 0.21113535856, 0.58776241383, 0.20110222761],
      [0, 0, 0.81377778123, 0.18622221877, 0],
      [3.481003476e-10, 0, 0.74505438925, 0.18367688494, 0.071268725455],
      [2.0816681712e-17, 2.2717219269e-63, 0.4830972273, 0.47660636415, 0.040296408556],
      [0, 1.4264326452e-70, 0.45293486924, 0.28601800225, 0.26104712852]
    ],
    [
      [0.0019222314395, 0.0041259854373, 0.57351152915, 0.42044025397, 0],
      [0, 0, 0.18133686139, 0.81866313861, 0],
      [0, 0, 0.78932733024, 0.21067266976, 0],
      [0.13787220757, 0.037105490443, 0.61476064609, 0.2102616559, 0],
      [0.021833625358, 0.013824549781, 0.44913204593, 0.51520977893, 0],
      [0.054816427067, 0.083689457616, 0.51567350203, 0.34582061328, 0]
    ],
    [
      [0.0048860746648, 0.043547894298, 0.42791429223, 0.5015793695, 0.022072369309],
      [0.0057426276489, 0.011982216581, 0.11679684732, 0.8334137282, 0.032064580249],
      [1.2551834034e-05, 0.014377014406, 0.69001244084, 0.28972717675, 0.0058708161675],
      [0.37642357249, 0.082120764134, 0.31046933097, 0.17873280393, 0.052253528472],
      [0.075544538738, 0.039388234973, 0.29363580886, 0.5618294288, 0.029601988637],
      [0.049839373165, 0.19861530738, 0.27322452892, 0.31258565994, 0.16573513059]
    ],
    [
      [0, 0, 0.22973539289, 0.77026460711, 0],
      [0, 0, 0.048035361481, 0.95196463852, 0],
      [1.1439146944e-09, 0.00070227152613, 0.50640980706, 0.49234693014, 0.00054099012316],
      [2.451447734e-08, 5.2313170176e-09, 0.42035306957, 0.48527008726, 0.094376813419],
      [3.4857052437e-17, 0.0012235392742, 0.14159237304, 0.85511722126, 0.0020668664296],
      [0, 0, 0.25231704534, 0.74768295466, 0]
    ],
    [
      [0.006528184133, 0.018365833642, 0.43892064779, 0.53618533443, 0],
      [0.0037317079939, 0.017473444271, 0.1135267984, 0.86526804933, 0],
      [0.00091870991201, 0.006313910901, 0.70339345991, 0.28937391928, 0],
      [0.26599296077, 0.047760370219, 0.4342941996, 0.25195246941, 0],
      [0.037011626361, 0.017488551661, 0.31023278175, 0.63526704023, 0],
      [0.072769646031, 0.116547171, 0.37248718739, 0.43819599558, 0]
    ],
    [
      [0.00023707167155, 0.0050106324573, 0.29414634151, 0.69528961101, 0.0053163433441],
      [0, 0, 0.051357427168, 0.94864257283, 0],
      [0, 0, 0.55415337804, 0.44584662196, 0],
      [0.0041469838443, 0.018354599176, 0.44377945924, 0.50779574142, 0.025923216316],
      [0, 0, 0.21221526106, 0.78778473894, 0],
      [0, 0, 0.36560097632, 0.63439902368, 0]
    ],
    [
      [9.6767507002e-06, 0.00028292670849, 0.50320277911, 0.49421812743, 0.0022864900024],
      [0, 0, 0.14330054691, 0.85669945309, 0],
      [0, 0, 0.76532133443, 0.23467866557, 0],
      [0, 4.5243859437e-33, 0.63052587743, 0.29615603791, 0.073318084668],
      [0, 0, 0.37177155569, 0.62822844431, 0],
      [1.4549360103e-05, 3.80805934e-18, 0.48259540982, 0.50850757182, 0.0088824689995]
    ],
    [
      [2.9347919067e-08, 0.00041373314805, 0.20436797317, 0.79436285254, 0.0008554117875],
      [0, 0, 0.056696165668, 0.94330383433, 0],
      [0, 0, 0.53573371949, 0.46426628051, 0],
      [6.3578308779e-07, 4.3574300976e-20, 0.30764678071, 0.62765051294, 0.064702070562],
      [1.6479873022e-17, 2.981759289e-28, 0.090868940477, 0.90267139167, 0.00645966785],
      [0, 0, 0.23748161784, 0.76251838216, 0]
    ],
    [
      [0.0013404570298, 0.037460210424, 0.47234154183, 0.47702431203, 0.011833478683],
      [0.00014153961599, 0.010164479502, 0.13892550963, 0.83807332925, 0.012695142006],
      [0, 0.011528440513, 0.72244899431, 0.26376056306, 0.0022620021185],
      [0.15004744766, 0.096951647288, 0.47590788906, 0.2370545666, 0.040038449388],
      [0.024422013489, 0.036308706918, 0.34865622028, 0.5731544163, 0.017458643015],
      [0.017053917622, 0.19198924142, 0.34598463724, 0.34148231067, 0.10348989304]
    ],
    [
      [0.0016209390516, 0.030888678639, 0.4356508265, 0.52521724991, 0.0066223058967],
      [0.00022930276823, 0.0096348237568, 0.1216047031, 0.86853117037, 0],
      [0, 0.0098855451093, 0.69038768174, 0.29972677316, 0],
      [0.16758229545, 0.082638023369, 0.45337002934, 0.26902740587, 0.027382245968],
      [0.024537293448, 0.029269576192, 0.3152695094, 0.62002680638, 0.010896814587],
      [0.039413243293, 0.17123174288, 0.33924764377, 0.39961347768, 0.050493892379]
    ],
    [
      [0, 0, 0.27685570177, 0.70376372442, 0.019380573809],
      [0, 0, 0.04922805672, 0.92176766024, 0.029004283038],
      [0, 0, 0.52535964822, 0.46202278595, 0.012617565826],
      [2.702294375e-07, 0.026727017968, 0.40233768382, 0.5124993483, 0.058435679681],
      [0, 0, 0.1918813301, 0.79153898528, 0.016579684624],
      [0, 0, 0.27650072812, 0.58957986113, 0.13391941075]
    ],
    [
      [0.001543786787, 0.031608780401, 0.36464637317, 0.5917217286, 0.010479331042],
      [0.0014242340359, 0.0090065686824, 0.088866191118, 0.89181311657, 0.0088898895889],
      [0, 0.011208826025, 0.62320432943, 0.36351637238, 0.0020704721693],
      [0.17424670408, 0.086165363992, 0.3896298034, 0.3103941782, 0.039563950323],
      [0.024831977658, 0.028765580894, 0.25563305696, 0.67531613805, 0.015453246438],
      [0.019069282792, 0.16756540576, 0.27586722211, 0.43648764192, 0.10101044741]
    ],
    [
      [0.0082243974212, 0.097264953299, 0.49194993185, 0.40256071743, 0],
      [0.0057857532806, 0.010048631297, 0.17201207339, 0.81215354203, 0],
      [0.00061547405111, 0.026806496647, 0.76328085755, 0.20929717175, 0],
      [0.7138062759, 0.087371795793, 0.14113633271, 0.057685595594, 0],
      [0.082747367065, 0.09440472681, 0.34111485173, 0.47470822633, 0.0070248280661],
      [0.062709636425, 0.51687032093, 0.23450463951, 0.18591540313, 0]
    ],
    [
      [7.9918424433e-05, 0.0054294026272, 0.22888423402, 0.75337577371, 0.012230671214],
      [0, 0, 0.01861828055, 0.95343443033, 0.027947289119],
      [0, 0, 0.47625802759, 0.51842555906, 0.0053164133519],
      [0, 0.004486741886, 0.52266775785, 0.36991499126, 0.102930509],
      [0.00045222539147, 0.0047737098205, 0.15050963607, 0.82822161834, 0.016042810376],
      [0, 0, 0.22503944461, 0.63148675842, 0.14347379697]
    ],
    [
      [0.0018340849612, 0.034629884296, 0.38118215295, 0.57062172955, 0.011732148243],
      [0.0041177481946, 0.011411715521, 0.094122496427, 0.87787271308, 0.012475326778],
      [0.00045863592913, 0.012369284724, 0.64196320929, 0.34251088289, 0.002697987167],
      [0.1846452318, 0.092942096438, 0.39334215195, 0.28890272906, 0.040167790741],
      [0.025798754339, 0.032141972926, 0.2683854499, 0.65735827856, 0.01631554428],
      [0.019287788216, 0.18617167115, 0.28053215221, 0.41027970002, 0.10372868842]
    ],
    [
      [0.0038781464421, 0.048526787454, 0.31562591842, 0.60913257048, 0.022836577197],
      [0.0087824523914, 0.013109219886, 0.060233830804, 0.88627120048, 0.031603296436],
      [0.0010750163164, 0.018367792256, 0.57651446773, 0.39655529258, 0.0074874311253],
      [0.34691722911, 0.10165838329, 0.25305905858, 0.23914166943, 0.0592236596],
      [0.053504933547, 0.042594344594, 0.21041563396, 0.66389735633, 0.029587731571],
      [0.036680522918, 0.22323299269, 0.19565680913, 0.37385240703, 0.17057726824]
    ],
    [
      [0.0042745517203, 0.043810111233, 0.37662625372, 0.55502793957, 0.020261143755],
      [0.0068752337511, 0.011880046766, 0.091573347173, 0.86167919387, 0.027992178438],
      [0.00057195927751, 0.015538947711, 0.64020208912, 0.33767509514, 0.006011908749],
      [0.3509707202, 0.089022544451, 0.29497683745, 0.21367269766, 0.051357200237],
      [0.062498053634, 0.039232878809, 0.2557833893, 0.61563213222, 0.026853546035],
      [0.042694671252, 0.20471058516, 0.24492176801, 0.3529750372, 0.15469793837]
    ],
    [
      [0, 0.014816495909, 0.40915550266, 0.56270118505, 0.013326816382],
      [0, 0, 0.1055978411, 0.87377364949, 0.020628509408],
      [0, 0.0043699064022, 0.66859589801, 0.32335542914, 0.0036787664477],
      [0, 0.070270298207, 0.54125949178, 0.33744118791, 0.051029022099],
      [0.0081613120749, 0.014381011147, 0.29320612157, 0.66651671669, 0.017734838514],
      [0, 0.094135100315, 0.33373107568, 0.4472895584, 0.1248442656]
    ],
    [
      [0, 0.030463122694, 0.50380194433, 0.44916617999, 0.016568752992],
      [0, 0.0046340715553, 0.15119290748, 0.81828361146, 0.025889409504],
      [0, 0.0082243187111, 0.74750379297, 0.24009184517, 0.0041800431432],
      [0, 0.17496199778, 0.53372398929, 0.23434673309, 0.056967279845],
      [0, 0.044339434439, 0.37940112004, 0.55184708448, 0.024412361041],
      [0, 0.16415774387, 0.37025950718, 0.32309845823, 0.14248429072]
    ],
    [
      [0.0018721206354, 0.027085215445, 0.44404136453, 0.51092706465, 0.016074234738],
      [0.0020394782558, 0.0056343054867, 0.12330835687, 0.847981631, 0.021036228387],
      [0, 0.008530469582, 0.69779467626, 0.28978254135, 0.0038923128117],
      [0.18906367736, 0.069231399125, 0.4400485526, 0.2497606985, 0.051895672416],
      [0.030298300934, 0.025746709844, 0.32056246174, 0.60067485607, 0.022717671413],
      [0.022057849496, 0.1406042633, 0.3289176232, 0.36966147431, 0.1387587897]
    ],
    [
      [0, 0.014797014048, 0.46291802242, 0.52228496353, 0],
      [0, 0, 0.1231293905, 0.8768706095, 0],
      [0, 0, 0.71471598825, 0.28528401175, 0],
      [0, 0.058887441486, 0.62477444076, 0.31633811775, 0],
      [0.0063937299385, 0.014100698132, 0.33661493675, 0.63590526251, 0.0069853726687],
      [0, 0.1445713505, 0.40525443709, 0.45017421242, 0]
    ],
    [
      [0, 0, 0.40512655026, 0.57711955478, 0.017753894961],
      [0, 0, 0.092886820657, 0.86583997584, 0.041273203504],
      [0, 0, 0.669849338, 0.31913022262, 0.011020439373],
      [3.5377307175e-07, 0.019109472419, 0.53206336217, 0.38409653263, 0.064730279005],
      [0, 0, 0.28938912584, 0.68694821732, 0.023662656845],
      [0, 0, 0.36202131362, 0.4697119397, 0.16826674667]
    ],
    [
      [0, 0.048060734354, 0.36383080894, 0.57039321694, 0.017715239762],
      [0, 0.0090288715939, 0.089315323349, 0.87563662631, 0.026019178749],
      [0, 0.016108697151, 0.62907547083, 0.34950686738, 0.0053089646411],
      [0, 0.21562099616, 0.40960204264, 0.31309342973, 0.061683531472],
      [0, 0.055237394397, 0.25816312519, 0.66334257467, 0.023256905746],
      [0, 0.24654681928, 0.24419134185, 0.37380949552, 0.13545234335]
    ],
    [
      [3.3637942624e-05, 0.043074730759, 0.19426817849, 0.7440103487, 0.018613104113],
      [0, 0.017900685522, 0, 0.93842848995, 0.043670824526],
      [0, 0.061769718206, 0.39186116635, 0.53710318291, 0.0092659325309],
      [0, 0.21116782082, 0.37032187098, 0.32568533775, 0.092824970448],
      [5.5674026676e-05, 0.037148980716, 0.12652399988, 0.81191897103, 0.024352374351],
      [0, 0.30397514038, 0.10813883365, 0.42468314244, 0.16320288353]
    ],
    [
      [0, 0.034529945586, 0.50230147615, 0.44423927015, 0.018929308106],
      [0, 0.022065607588, 0.13019472824, 0.80837590542, 0.039363758751],
      [0, 0.024882729409, 0.74072925115, 0.21312843046, 0.021259588974],
      [0, 0.11511760927, 0.57450812909, 0.24573653706, 0.064637724582],
      [0, 0.0386682608, 0.37704367782, 0.55724495115, 0.02704311022],
