{
  "X": [
    [7, 16, 16, 9, 8, 111, 98, 43],
    [11, 12, 3, 10, 10, 96, 76, 24],
    [8, 17, 9, 11, 12, 106, 90, 28],
    [18, 26, 4, 13, 8, 152, 115, 36],
    [18, 33, 2, 12, 15, 169, 122, 40],
    [22, 22, 8, 5, 4, 143, 122, 39],
    [31, 21, 9, 7, 6, 162, 97, 48],
    [15, 13, 12, 9, 12, 124, 91, 42],
    [9, 21, 4, 6, 5, 97, 92, 28],
    [8, 29, 12, 7, 11, 125, 103, 41],
    [17, 17, 6, 7, 9, 67, 88, 19],
    [9, 32, 4, 10, 6, 102, 57, 32],
    [13, 30, 4, 4, 8, 104, 89, 46],
    [13, 34, 5, 4, 11, 134, 105, 38],
    [21, 14, 26, 18, 24, 85, 147, 62],
    [13, 6, 18, 7, 26, 69, 65, 28],
    [12, 21, 13, 11, 13, 105, 100, 57],
    [10, 32, 21, 29, 22, 113, 112, 37],
    [14, 45, 23, 24, 23, 121, 122, 56],
    [12, 35, 32, 24, 21, 158, 114, 74],
    [8, 3, 23, 18, 19, 68, 68, 21],
    [11, 12, 18, 32, 12, 70, 74, 33],
    [6, 19, 41, 57, 16, 105, 140, 47],
    [16, 31, 35, 60, 31, 150, 195, 95],
    [30, 15, 31, 27, 24, 126, 138, 63],
    [29, 37, 23, 14, 54, 103, 139, 101],
    [39, 30, 19, 5, 50, 84, 149, 77],
    [20, 25, 17, 3, 38, 95, 132, 83],
    [30, 11, 23, 16, 52, 100, 135, 60],
    [11, 8, 23, 43, 40, 98, 112, 59],
    [17, 2, 31, 45, 54, 100, 100, 43],
    [11, 16, 34, 97, 28, 108, 136, 39],
    [13, 14, 71, 123, 49, 104, 152, 65],
    [16, 13, 52, 78, 38, 88, 114, 50],
    [7, 11, 42, 79, 33, 85, 106, 80],
    [9, 12, 41, 99, 21, 104, 120, 40],
    [18, 14, 13, 14, 21, 90, 107, 35],
    [26, 38, 12, 9, 7, 128, 115, 60],
    [14, 5, 38, 21, 35, 98, 146, 33],
    [13, 12, 24, 28, 31, 96, 97, 43],
    [13, 5, 35, 8, 42, 100, 103, 48],
    [10, 8, 41, 27, 49, 87, 110, 44],
    [14, 5, 45, 28, 49, 101, 128, 44],
    [16, 5, 35, 30, 69, 110, 149, 48],
    [9, 2, 29, 11, 52, 64, 93, 32],
    [19, 3, 22, 13, 42, 83, 103, 29],
    [16, 3, 31, 14, 50, 84, 87, 24],
    [33, 6, 52, 36, 67, 133, 171, 48],
    [7, 8, 38, 29, 40, 95, 123, 37],
    [17, 8, 27, 32, 36, 102, 125, 51],
    [17, 9, 42, 30, 41, 109, 131, 45],
    [25, 7, 57, 38, 62, 187, 179, 63],
    [83, 80, 154, 221, 126, 1064, 745, 343]
  ],
  "W": [
    [15, 15, 23, 140, 107, 8],
    [13, 12, 2, 115, 95, 5],
    [26, 9, 10, 110, 115, 11],
    [9, 15, 9, 165, 168, 6],
    [14, 11, 8, 209, 165, 4],
    [23, 10, 11, 172, 140, 9],
    [32, 9, 17, 190, 127, 6],
    [19, 13, 11, 150, 121, 4],
    [27, 7, 3, 110, 110, 5],
    [34, 8, 14, 135, 139, 6],
    [18, 8, 9, 78, 109, 8],
    [32, 10, 7, 119, 76, 8],
    [31, 6, 9, 136, 110, 6],
    [26, 13, 10, 159, 136, 0],
    [15, 17, 35, 129, 187, 14],
    [10, 7, 21, 85, 91, 18],
    [20, 17, 20, 153, 110, 12],
    [13, 33, 26, 161, 134, 9],
    [22, 26, 24, 188, 153, 15],
    [29, 33, 31, 212, 147, 18],
    [5, 14, 33, 92, 76, 8],
    [17, 29, 26, 85, 102, 3],
    [16, 52, 29, 151, 176, 7],
    [28, 53, 40, 213, 222, 57],
    [17, 33, 29, 159, 192, 24],
    [44, 16, 38, 137, 219, 46],
    [37, 6, 35, 103, 244, 28],
    [34, 4, 28, 123, 199, 25],
    [13, 17, 40, 115, 216, 26],
    [24, 41, 35, 119, 167, 8],
    [11, 48, 42, 134, 146, 11],
    [13, 84, 46, 136, 179, 11],
    [28, 122, 79, 132, 222, 8],
    [12, 73, 61, 124, 160, 19],
    [19, 90, 46, 118, 160, 10],
    [19, 99, 36, 125, 163, 4],
    [32, 19, 21, 105, 128, 7],
    [39, 12, 12, 179, 147, 6],
    [8, 29, 43, 125, 171, 14],
    [22, 27, 32, 126, 131, 6],
    [20, 18, 38, 120, 143, 15],
    [19, 30, 57, 114, 135, 21],
    [13, 27, 61, 122, 174, 17],
    [23, 31, 51, 131, 215, 11],
    [4, 15, 56, 85, 121, 11],
    [20, 13, 38, 99, 131, 13],
    [18, 13, 43, 105, 118, 12],
    [27, 34, 71, 160, 243, 11],
    [20, 30, 48, 112, 153, 14],
    [17, 37, 41, 112, 176, 15],
    [17, 29, 53, 137, 177, 11],
    [19, 38, 87, 225, 231, 18],
    [81, 218, 196, 1227, 1033, 61]
  ],
  "method": "mvn_cdf",
  "mvncdf_method": "genz",
  "mvncdf_samples": 5000,
  "mvncdf_error": 0.001,
  "cond_prob": [
    [
      [0.090529602146, 0.33591566666, 0.00041510971087, 0, 0.010170324516, 0.10361452325, 0.20296267864, 0.25639209508],
      [0, 0.00053817925215, 0.11220464203, 0.56679378038, 0, 0.03173910892, 0.083634084725, 0.20509020469],
      [0.0011821132936, 0.00036364301803, 0.55650016272, 0.020927563811, 0.30091247034, 0.0046158871613, 0.081969602148, 0.033528557504],
      [0, 0.058628226273, 0.0012887072313, 0, 0, 0.6711328843, 0.18801407149, 0.08093611071],
      [0.048976144888, 0.025163684806, 0.011940099747, 0.00014738150676, 0.0012982199742, 0.13918124715, 0.59708645482, 0.17620676711],
      [0.046802482384, 0.00554532118, 0.0066487869906, 0.00012368817591, 0.098443597144, 0.0015666082206, 0.20069087831, 0.6401786376]
    ],
    [
      [0.16108271957, 0.30894932336, 0.00040605141259, 0, 0.029687172765, 0.11210430941, 0.19630540007, 0.19146502341],
      [0.00023592937, 0.00030888501537, 0.068590055945, 0.79019949676, 0.0010335437041, 0.017718395075, 0.041951998657, 0.079961695471],
      [0.0014857045423, 2.7507418591e-05, 0.41553858849, 0.032728359671, 0.48202115366, 0.0028789368912, 0.049623426793, 0.015696322542],
      [0.010416093635, 0.061008098083, 0.00081210225004, 0, 0.0027141550631, 0.70211440144, 0.1677902809, 0.055144868634],
      [0.076803204462, 0.0098871198804, 0.012733725187, 0.0047359214127, 0.074692030064, 0.14288217748, 0.55364972699, 0.12461609452],
      [0.081193378437, 0.0049378986113, 0.0074935663621, 0.00044735705996, 0.24595024678, 0.001460467381, 0.19055051885, 0.46796656651]
    ],
    [
      [0.094953525577, 0.35240213857, 0.0010188684654, 0.00029474433264, 0.022191701304, 0.14286068001, 0.20548383323, 0.18079450851],
      [0, 0.00023848383138, 0.048192391943, 0.88559262605, 0, 0.010429862795, 0.020671420966, 0.034875214416],
      [0.00055282035107, 0.00019158408657, 0.55339084346, 0.068653761269, 0.31609608569, 0.0030705661853, 0.045388778643, 0.012655560317],
      [0.0012176352678, 0.058285821582, 0.003492973024, 0.0031734885271, 0, 0.74322273347, 0.14971849592, 0.040888852205],
      [0.041752775409, 0.011752302065, 0.021548921561, 0.017129818269, 0.051938640031, 0.17725804871, 0.56618153362, 0.11243796033],
      [0.053651916359, 0.006411553668, 0.013046949603, 0.0014956873948, 0.20810102778, 0.001988328084, 0.22159807661, 0.4937064605]
    ],
    [
      [0.11814878135, 0.52343598683, 0, 0, 0.0092429688722, 0.09697433527, 0.1216337611, 0.13056416657],
      [0.0025619510624, 0.040225022765, 0.0067251768984, 0.77788548558, 0, 0.027995328576, 0.0471515228, 0.097455512315],
      [0.0028840285345, 0, 0.42981382743, 0.04963311355, 0.40472727169, 0.006738623771, 0.078753633061, 0.027449501963],
      [0, 0.10815100472, 0, 0, 0, 0.71320667279, 0.1323500691, 0.046292253399],
      [0.096809573829, 0.01642104129, 0, 0.0052503203891, 0.020540460765, 0.19614789495, 0.53246646393, 0.13236424485],
      [0.10137784029, 0.013675010383, 0.0051329832829, 0.00049431148978, 0.13724507107, 0.0024510131281, 0.19951887812, 0.54010489224]
    ],
    [
      [0.12268135373, 0.49688926128, 0, 5.1641456375e-05, 0.016824848025, 0.084410182481, 0.13126595682, 0.14787675621],
      [0.032683270252, 0, 0, 0.85100940653, 0.00053373177347, 0.015323062282, 0.031493390479, 0.068957138689],
      [0.0879162001, 0, 0.24767132279, 0.062343310639, 0.51212005289, 0.0044046998152, 0.062613075957, 0.022931337807],
      [0.0037316359057, 0.1139776262, 0, 0.0019734383354, 0.00027024164314, 0.67536704249, 0.14793153459, 0.056748480844],
      [0.08536768622, 0.013200297672, 0, 0.010448038818, 0.059472508991, 0.16033737945, 0.531344288, 0.13982980085],
      [0.088508835914, 0.011044337593, 0.0046573544154, 0.00076301140605, 0.198044042, 0.0017716682834, 0.1813616134, 0.51384913698]
    ],
    [
      [0.19779951476, 0.34130280439, 0, 0, 0, 0.10205257779, 0.18504355232, 0.17380155075],
      [4.1039690619e-05, 0.077847630584, 0.11331648209, 0.5, 0, 0.039145045218, 0.095011456764, 0.17463834565],
      [0.0033683710027, 0.058016567758, 0.54070142661, 0, 0.27700202412, 0.0052560805437, 0.088518199, 0.027137330966],
      [0, 0.062474314577, 0, 0, 0, 0.69409980759, 0.18474365564, 0.058682222189],
      [0.11633706017, 0.013763062941, 0.0061504023085, 0, 0, 0.14857701834, 0.58595180273, 0.12922065351],
      [0.12510669541, 0.0067740032214, 0.0064514625714, 0, 0.10588641497, 0.0019526553586, 0.22344693203, 0.53038183644]
    ],
    [
      [0.30934394238, 0.25515222103, 0, 0, 0, 0.099137592863, 0.13733532805, 0.19903091569],
      [0, 0.00040531597665, 0.065800892543, 0.6952797532, 0, 0.029518828192, 0.054498211245, 0.15449699885],
      [0.0043592417445, 0.019223941616, 0.49297741522, 0.037206703025, 0.32190383332, 0.0066716566156, 0.079540585133, 0.038116623327],
      [0, 0.038045805799, 0, 0, 0, 0.72706900202, 0.15525255153, 0.079632640656],
      [0.15687723274, 0.041317073459, 0, 0.00085447661043, 0, 0.15979750156, 0.47517958726, 0.16597412837],
      [0.18391302931, 0.0047837741224, 0.0045293180762, 0.00024162337929, 0.087939138915, 0.0018527218871, 0.15280054696, 0.56393984735]
    ],
    [
      [0.17123373555, 0.25297012557, 0.0010342568029, 0, 0.023955401089, 0.10901770895, 0.18086291985, 0.26092585218],
      [0.00013387529299, 6.7882653895e-05, 0.1408627532, 0.65604247476, 0.00081321165782, 0.021243355689, 0.047420593251, 0.1334158535],
      [0.0014019952967, 0, 0.59122242174, 0.019837303315, 0.32828808751, 0.0023591386047, 0.038747973296, 0.018143080238],
      [0.0099200120319, 0.049343741353, 0.0044636370811, 0, 0.0001447470447, 0.69756578139, 0.15906982067, 0.079492260429],
      [0.082079142144, 0.0064193448026, 0.024215555851, 0.0020833373161, 0.059424075887, 0.14038381187, 0.51265369117, 0.17274104095],
      [0.077454673304, 0.0035958038706, 0.011514717453, 0.0002884191125, 0.17777035653, 0.0013102338702, 0.15733484321, 0.57073095265]
    ],
    [
      [0.098006378251, 0.4026896508, 0.00038251911201, 0, 0.013037849822, 0.1116098051, 0.19612363984, 0.17815015707],
      [1.9642847621e-05, 0.00028960053394, 0.076618818793, 0.77149864136, 3.9111105419e-05, 0.020092941855, 0.047402971951, 0.084038271557],
      [0.0011670096486, 3.3177959719e-05, 0.55511380123, 0.03616866677, 0.3199475443, 0.003801824337, 0.064628825565, 0.019139150194],
      [0, 0.076607225645, 0.0014997210758, 0, 0, 0.69695469499, 0.17173572314, 0.053202635147],
      [0.054962027479, 0.015083928665, 0.014335464262, 0.0044419912403, 0.02654929291, 0.15599976827, 0.6011510476, 0.12747647958],
      [0.060873247126, 0.0078451433407, 0.0092256923176, 0.00047689475191, 0.15348788482, 0.0018976474784, 0.23228193252, 0.53391155765]
    ],
    [
      [0.073068803166, 0.44772235449, 0.00064008101133, 0, 0.013927188329, 0.1132760939, 0.15948453938, 0.19188093973],
      [0, 0.0002409864525, 0.096150247818, 0.73661311852, 5.5055675157e-05, 0.022812338934, 0.04308143333, 0.10104681927],
      [0.00041435836885, 0, 0.58087288013, 0.031508673649, 0.31253293842, 0.0037262841064, 0.050866260472, 0.020078604858],
      [0, 0.081609703301, 0.002565691465, 0, 0, 0.71314042253, 0.14227863278, 0.060405549914],
      [0.037624456259, 0.019462615904, 0.01918323635, 0.0047718878494, 0.037394043997, 0.17718305198, 0.54794800698, 0.15643270069],
      [0.046676709192, 0.0088164165688, 0.010662790141, 0.00044686828483, 0.15880031634, 0.0019241419406, 0.19139302534, 0.58127973219]
    ],
    [
      [0.1906711387, 0.41700184731, 0, 0, 0.013410848642, 0.081999451075, 0.17673573183, 0.12018098245],
      [0, 0.00027971579153, 0.07016124007, 0.78462044184, 0.0001232986859, 0.018856246472, 0.054087970776, 0.071871086364],
      [0.0026528299418, 6.9877937884e-06, 0.48433687295, 0.036360521167, 0.38513990612, 0.0040173209573, 0.072085640286, 0.015399920784],
      [0.0086253439559, 0.10130832528, 0, 0, 0, 0.65152599001, 0.19873423395, 0.03980610681],
      [0.10799034804, 0.013901780947, 0.009341846628, 0.003603035783, 0.035750746326, 0.13303483231, 0.60812266449, 0.088254745473],
      [0.13753990857, 0.0092903296281, 0.0076771175577, 0.00038260930504, 0.17431597878, 0.0021475097552, 0.24383020262, 0.42481634379]
    ],
    [
      [0.083805916397, 0.54022569427, 0, 0.00014547074949, 0.0078098494404, 0.094356365546, 0.11026710622, 0.16338959737],
      [0.00022560727352, 0, 0.036895336594, 0.84882160807, 0, 0.016458593671, 0.025165477628, 0.072433376764],
      [0.0017396676355, 0, 0.46762968584, 0.067860482907, 0.37005510862, 0.0056988825479, 0.058646087447, 0.028370085003],
      [0, 0.11126169507, 0, 0.0016974428627, 0, 0.70570875167, 0.11630150711, 0.065030603292],
      [0.076082470492, 0.018083964017, 0.0040878976219, 0.010837660925, 0.027192570191, 0.1944057014, 0.49542876615, 0.1738809692],
      [0.065188646463, 0.012281850641, 0.005869826737, 0.00080594299848, 0.13663296538, 0.0027429290867, 0.16460120489, 0.6118766338]
    ],
    [
      [0.10803579459, 0.44636717182, 0, 0, 0.0089761883373, 0.07651918747, 0.14123195004, 0.21886970774],
      [0.00015631012582, 0.00014451182773, 0.06697707316, 0.65505412123, 0.00045896955073, 0.025155002431, 0.06233207575, 0.18972193592],
      [0.0035539655769, 0.040037414068, 0.39709013982, 0.0076606104169, 0.4327191559, 0.0046071877554, 0.075880557694, 0.038450968768],
      [0, 0.10641025585, 0, 0, 0, 0.63525724062, 0.1689653425, 0.089367161031],
      [0.083889845216, 0.011641918552, 0, 0, 0.028123664388, 0.13664936293, 0.54195836852, 0.1977368404],
      [0.065013973817, 0.0081680065326, 0.0040543837731, 0.00012162980684, 0.12181814307, 0.0015159729503, 0.16169749316, 0.63761039688]
    ],
    [
      [0.092597284561, 0.52462634737, 0, 0, 0.010598798252, 0.086289589979, 0.13116541087, 0.15472256897],
      [0.096011891913, 0.039780107431, 0.09368781232, 0.30026846366, 0.0014686954713, 0.060267411424, 0.12295257277, 0.28556304501],
      [0.0021832684653, 0, 0.37820584398, 0.0096509972388, 0.49528943583, 0.0058577402942, 0.078578338732, 0.030234375451],
      [0, 0.11386537145, 0, 0, 0, 0.67728208863, 0.15057872329, 0.058273816637],
      [0.068547671484, 0.012779261114, 0, 0, 0.04229738122, 0.17078356483, 0.55340820207, 0.15218391928],
      [0.069862941459, 0.012419740462, 0.0044807743299, 0.00010151034503, 0.15777427961, 0.0017089324827, 0.18810617851, 0.5655456428]
    ],
    [
      [0.18010870952, 0.24454303296, 0.00098608334797, 5.4069750413e-05, 0.023575445012, 0.061986525921, 0.21029181266, 0.27845432083],
      [0.00012088650896, 0.00022932158612, 0.07401860479, 0.8104630056, 0.0002005769853, 0.0064614343603, 0.03033382389, 0.078172346284],
      [0.0016169522844, 0.00031229135706, 0.56015694673, 0.047443318161, 0.32421138651, 0.00095782389306, 0.045708251347, 0.019593029718],
      [0.014289717078, 0.067611748821, 0.0056281813655, 0.0027728887973, 0, 0.54244116719, 0.25216406007, 0.11509223668],
      [0.081938916075, 0.0082749951845, 0.022714371982, 0.011722670524, 0.053456240999, 0.074568783885, 0.57107772245, 0.1762462989],
      [0.076697867673, 0.0034061531236, 0.010555455434, 0.0007828342993, 0.16423163724, 0.00054005264682, 0.17210436853, 0.57168163105]
    ],
    [
      [0.21849670853, 0.20862619436, 0.0019357175701, 2.3098421891e-05, 0.056998120585, 0.098434906468, 0.19419620057, 0.22128905349],
      [5.6394159411e-05, 0, 0.13781789521, 0.77404357493, 0.00066112216574, 0.0091946381066, 0.024339559565, 0.053886815868],
      [0.00091645163206, 0, 0.57496309168, 0.022170905041, 0.37272689799, 0.0012670684969, 0.020268094963, 0.007687490196],
      [0.013540203614, 0.042223194443, 0.008214194197, 0.0019507936101, 0, 0.67799432092, 0.18336622775, 0.072711065465],
      [0.089860437821, 0.0031616644743, 0.042755916197, 0.01030777658, 0.12337729331, 0.11289715853, 0.48736612716, 0.13027362592],
      [0.081509751247, 0.0020586145336, 0.019594319548, 0.00066943665632, 0.35393291054, 0.0011956291584, 0.14031023073, 0.40072910758]
    ],
    [
      [0.12026403089, 0.32926096343, 0.00028542658145, 0, 0.015048437684, 0.072247598407, 0.17396032564, 0.28893321737],
      [0.00032534844143, 0.00042121803343, 0.098341679629, 0.59631016003, 0.00019112134828, 0.020893254676, 0.06720424403, 0.21631297381],
      [0.001974001929, 0.00016890010299, 0.48976715738, 0.022430616638, 0.38188930504, 0.0032176512626, 0.06620491998, 0.034347447666],
      [0.0064413027334, 0.085639310518, 0.0010778195007, 0.00030198139198, 0, 0.59766771111, 0.20385692802, 0.10501494672],
      [0.071711282711, 0.011292306171, 0.01177471043, 0.0033230905898, 0.03288688722, 0.1061666126, 0.55446625774, 0.20837885255],
      [0.056329000307, 0.0049394862273, 0.0055846030037, 0.00019765240728, 0.12003654071, 0.0011685409992, 0.15606871671, 0.65567545964]
    ],
    [
      [0.076187936672, 0.57701382829, 0.00069952666629, 0, 0.019110247649, 0.059984483351, 0.13325233644, 0.13375164094],
      [0, 0, 0.082915573645, 0.80323670034, 0.00078312500382, 0.013733806936, 0.034120068335, 0.065210725737],
      [0, 0, 0.53434952086, 0.03876230158, 0.36800918156, 0.0041073564363, 0.041252351958, 0.013519287615],
      [0.007510588767, 0.14783098162, 0.0061019878133, 0.0010010342909, 0.0019574720128, 0.58835556268, 0.18343999446, 0.063802378358],
      [0.054336512107, 0.0043919437389, 0.024363679584, 0.0098325037364, 0.072593046722, 0.12624755679, 0.57312997794, 0.13510477939],
      [0.057695489941, 0.012167970045, 0.012716842063, 0.00073855845298, 0.23498485335, 0.0019751798883, 0.19288222995, 0.48683887631]
    ],
    [
      [0.076484906253, 0.60089638165, 0.00083836340824, 1.5312798972e-05, 0.017214290638, 0.047733613516, 0.10920302549, 0.14761410625],
      [0, 0, 0.090451241744, 0.80130978707, 0.00065753480348, 0.010899157355, 0.027274047168, 0.069408231861],
      [0, 0, 0.59021945308, 0.038702807149, 0.31906064405, 0.0039924319751, 0.033177842169, 0.014846821578],
      [0.013328333604, 0.16815928988, 0.0075239044709, 0.0019689979209, 0.0020426709242, 0.54041733828, 0.18057564109, 0.085983823836],
      [0.05839550283, 0, 0.031572018417, 0.012120960835, 0.074309704946, 0.11721393069, 0.53437578713, 0.17201209515],
      [0.058472894126, 0.011088873813, 0.014636265825, 0.00080417774147, 0.21288848356, 0.002564870128, 0.158961603, 0.54058283181]
    ],
    [
      [0.08808932913, 0.41455809891, 0.0010448181976, 0.00013832282129, 0.019894815102, 0.080555037965, 0.13961684906, 0.25610272882],
      [0, 0, 0.15821802373, 0.66003974806, 0.00017397488158, 0.016081372274, 0.036497373757, 0.12898950729],
      [0.00042013650987, 0, 0.65857428906, 0.021962218532, 0.26920502088, 0.0023961059084, 0.030173551424, 0.017268677681],
      [0.0054405306313, 0.099235439985, 0.0051412319562, 0.0019972073857, 8.6154000483e-05, 0.64001041673, 0.15497592765, 0.093113091661],
      [0.050814102259, 0.012414436624, 0.033845853833, 0.0074929161878, 0.061705968462, 0.13163488522, 0.49320268613, 0.20888915129],
      [0.044962205419, 0.0063877595044, 0.014856713334, 0.00049897401488, 0.1657173073, 0.0014668253207, 0.13642369042, 0.62968652468]
    ],
    [
      [0.18719102357, 0.16922323059, 0.0018195155571, 1.0106231099e-05, 0.041891376215, 0.10039558505, 0.26142812349, 0.2380410393],
      [0, 0, 0.046361384257, 0.91460091005, 0.00041022505394, 0.0042409967347, 0.012266792368, 0.022119691536],
      [0, 0, 0.56972684468, 0.079608611088, 0.30980296445, 0.0027889227618, 0.029353571549, 0.0087190854721],
      [0.015915517131, 0.023287309331, 0.008671978417, 0.0049372266358, 0.0028471414106, 0.64699214474, 0.2262978609, 0.071050821432],
      [0.066117061492, 0, 0.034189521974, 0.027601058777, 0.081186939263, 0.10278849549, 0.56816480165, 0.11995212135],
      [0.07186507909, 0.0014314235794, 0.018078935492, 0.0020684055849, 0.26614471844, 0.0014263369592, 0.19406603749, 0.44491906337]
    ],
    [
      [0.14547151335, 0.30525113192, 0.00087800497382, 0, 0.017918391165, 0.092437453978, 0.18082988757, 0.25721361704],
      [0, 0, 0.034980784184, 0.90923704428, 0, 0.0048694947344, 0.013817298947, 0.037095377852],
      [0.0017524881964, 0.00036929282788, 0.55212691995, 0.10840229438, 0.2747007421, 0.0019922265097, 0.041474245587, 0.019181790452],
      [0.0075014508785, 0.067433659975, 0.0039512424985, 0.0032383159595, 0, 0.65588676958, 0.17570298099, 0.086285580121],
      [0.074855810536, 0.010347615777, 0.022027420413, 0.024834200056, 0.040285529281, 0.12236934301, 0.52953623956, 0.17574384137],
      [0.06950119349, 0.0046037456099, 0.010892920348, 0.0017735998891, 0.14801468964, 0.0011672147705, 0.16647001265, 0.5975766236]
    ],
    [
      [0.080552622495, 0.3349181411, 0.0031158298155, 0, 0.029016321796, 0.078817498128, 0.22537651474, 0.24820307193],
      [0, 0, 0.072352227315, 0.89389924706, 0, 0.0030871698847, 0.012172726359, 0.018488629386],
      [0, 0.00033725547805, 0.76828925253, 0.071028020838, 0.13443191377, 0.0011011937603, 0.0186164336, 0.0061959300204],
      [0, 0.0762078447, 0.011573920489, 0.0069119747091, 0, 0.58078662735, 0.2368583719, 0.087661260851],
      [0.025375374172, 0.011884740651, 0.073080575703, 0.041994125289, 0.057844027145, 0.090002509796, 0.55764020727, 0.14217843997],
      [0.035013169407, 0.0046329184817, 0.042514180228, 0.0032503309745, 0.20809493921, 0.0010328746382, 0.18726096889, 0.51820061817]
    ],
    [
      [0.097129265359, 0.35723085054, 0.001367143426, 0, 0.021377223337, 0.076602281792, 0.20720821466, 0.23908502088],
      [0, 0, 0.040502747995, 0.91172361076, 0, 0.0038248878638, 0.013753639238, 0.030195114143],
      [0.0002937122419, 8.2057588302e-05, 0.59023093911, 0.10553569888, 0.24960799484, 0.0015810381899, 0.038104228687, 0.014564330461],
      [0.0022244905844, 0.086153489678, 0.0071924717878, 0.0041220555786, 0, 0.59012961579, 0.22077876392, 0.089399112663],
      [0.045527786306, 0.010465816264, 0.030563352926, 0.029160497546, 0.047508434036, 0.098297782526, 0.58032132425, 0.15815500614],
      [0.047151702208, 0.0056166555992, 0.015592560273, 0.0018524979121, 0.17316220346, 0.0012185902151, 0.19452363619, 0.56088215415]
    ],
    [
      [0.24970100549, 0.24079951891, 0.0013000090824, 5.9034348068e-06, 0.023554455838, 0.083016481839, 0.17583159721, 0.2257910282],
      [0, 0, 0.13324607159, 0.73624197394, 0, 0.011958688079, 0.034214849172, 0.084338417225],
      [0.00034616862139, 8.8995163177e-05, 0.65058918953, 0.028375610549, 0.27205009155, 0.0017421676943, 0.032896269901, 0.013911506989],
      [0.010211201799, 0.058825390946, 0.006490411694, 0.0014984904761, 0, 0.64655826388, 0.19083816109, 0.085578080111],
      [0.1108972212, 0.0076145093553, 0.032789485638, 0.0084828137086, 0.058992174121, 0.11099885089, 0.51417988293, 0.15604506216],
      [0.11788318585, 0.0036918484252, 0.016089011869, 0.0005858990822, 0.18265100687, 0.0012090379708, 0.16091566091, 0.51697434903]
    ],
    [
      [0.13318663734, 0.40745146186, 0.00069068907321, 0, 0.030942423532, 0.057525908061, 0.12529350642, 0.24490937371],
      [0.00015426341177, 0, 0.093374241218, 0.72318849728, 0.0012891451469, 0.012177353991, 0.035286210153, 0.1345302888],
      [0.00064200742307, 0, 0.42436796361, 0.025556803201, 0.49489969514, 0.0022107983972, 0.032740351934, 0.019582380301],
      [0.013081689038, 0.12315793717, 0.0041485276937, 0.00067515229843, 0.0028514351647, 0.56988984834, 0.1731884362, 0.11300697409],
      [0.083876768838, 0.0090134828655, 0.020202158129, 0.0061955984305, 0.10229392086, 0.10064593639, 0.46865826536, 0.20911386913],
      [0.064167819275, 0.0049031638716, 0.0077612669549, 0.00018464349249, 0.23953702915, 0.0016009293466, 0.11555211106, 0.56629303684]
    ],
    [
      [0.19692227116, 0.38988217478, 0.00038941764431, 0, 0.028855708669, 0.054593114932, 0.12953124825, 0.19982606457],
      [0, 0.00021598074315, 0.10212109073, 0.69012207991, 0.0015521602849, 0.014968801593, 0.047450443507, 0.14356944323],
      [0.0005221911877, 0, 0.40015760068, 0.019693112607, 0.51967031394, 0.0020012091413, 0.038613138357, 0.019342434087],
      [0.013271963335, 0.12482202758, 0.0030665701605, 0, 0.0031221928313, 0.56813708139, 0.18740453097, 0.10017563374],
      [0.1124204055, 0.010443636633, 0.015805059578, 0.00069675647259, 0.096543770946, 0.095376419877, 0.49016531372, 0.17854863728],
      [0.10350028966, 0.0060052667844, 0.0069663469807, 0, 0.24486781633, 0.0010797780335, 0.13100635978, 0.50657414244]
    ],
    [
      [0.12043032378, 0.33431630511, 0.00064234235425, 0, 0.031054469002, 0.06723842031, 0.15335036497, 0.29296777447],
      [5.7592325325e-05, 0.00024200953302, 0.11034697734, 0.64581689974, 0.0014069933667, 0.015585704955, 0.047594992497, 0.17894883024],
      [0.0051593042846, 8.4798904904e-05, 0.43876823485, 0.014883300037, 0.47826415331, 0.0020102217752, 0.038556752975, 0.022273233869],
      [0.0090343102953, 0.09148120124, 0.0036138158394, 0, 0.0032157846928, 0.58927027816, 0.18706161843, 0.11632299135],
      [0.067179837354, 0.011378935657, 0.018223780842, 0, 0.089768232207, 0.10094953851, 0.49944568882, 0.2130539866],
      [0.051226812093, 0.0045322908163, 0.0072092055604, 0, 0.21150816246, 0.0010424920902, 0.1247138958, 0.59976714118]
    ],
    [
      [0.24231701597, 0.23037719427, 0.00083449528697, 0, 0.043338826341, 0.083436649414, 0.17183920633, 0.22785661238],
      [0, 0, 0.087133683876, 0.77575111603, 0.0011041889475, 0.012490876197, 0.034585666253, 0.088934468692],
      [0.00019923983228, 5.9351728301e-05, 0.40999645537, 0.028345537883, 0.51198998667, 0.0018429040626, 0.033065474696, 0.014501049757],
      [0.01279847514, 0.056061630819, 0.0042565247911, 0.00098116369769, 0.001723526603, 0.65278933424, 0.18564220267, 0.085747142041],
      [0.10543057384, 0.0068343027195, 0.020316595498, 0.0072011610452, 0.10701047498, 0.10893661018, 0.49040988484, 0.15386039689],
      [0.099887715721, 0.0030548259128, 0.008851374695, 0.00038941927229, 0.29329832397, 0.0010838946879, 0.13762025278, 0.45581419297]
    ],
    [
      [0.11440736485, 0.18047335742, 0.0013930056749, 3.762024943e-05, 0.058875811814, 0.096685774419, 0.2052344126, 0.34289265297],
      [0, 0, 0.047538376624, 0.88619029964, 0, 0.0059816208163, 0.015281518978, 0.045008183943],
      [0, 0, 0.44152318683, 0.063228567806, 0.45376076287, 0.0021722235347, 0.026006887255, 0.013308371695],
      [0.0081866705557, 0.03072596928, 0.0068736353954, 0.004459792157, 0.0006731135983, 0.64934406892, 0.19176004858, 0.10797670151],
      [0.041866608828, 0, 0.027888997092, 0.023419333839, 0.12087782804, 0.10825183651, 0.48937813321, 0.18831726248],
      [0.036035721645, 0.0015311346932, 0.011094719584, 0.0013188672338, 0.30483200184, 0.0010332797034, 0.12399959223, 0.52015468307]
    ],
    [
      [0.2129150503, 0.11808564337, 0.0024407262578, 8.8253535292e-05, 0.11689255244, 0.083132419152, 0.20171404815, 0.26473130679],
      [0, 0, 0.086633853373, 0.84150638225, 0, 0.0076297805478, 0.021165625574, 0.043064358257],
      [0.0017398244009, 0, 0.42595913819, 0.030123023994, 0.51216973446, 0.0030480094126, 0.018678563172, 0.0082817063715],
      [0.016170797292, 0, 0.013241769305, 0.0049343774727, 0, 0.63891604875, 0.22427938259, 0.10245762459],
      [0.080935980983, 0.0047950275203, 0.047809101672, 0.018286635597, 0.1760088732, 0.088789123564, 0.4440018243, 0.13937343316],
      [0.054665614663, 8.9445906043e-05, 0.015447028585, 0.00095458881351, 0.50052341709, 0.0012122686857, 0.10027201584, 0.32683562041]
    ],
    [
      [0.10974860343, 0.33653003695, 0.0014046965254, 2.6636887762e-05, 0.030228844271, 0.09386556787, 0.21871197658, 0.20948363748],
      [0, 0.0003544276876, 0.027792101832, 0.94662243648, 0.00085797879596, 0.0030903630638, 0.0098002356984, 0.011482456441],
      [0.00037445244384, 0.00035270344638, 0.54390898792, 0.15071478968, 0.26377484113, 0.0016607739699, 0.031466232201, 0.0077472192051],
      [0.0061543081767, 0.071515076851, 0.0058740387716, 0.008911792409, 0.0027266770766, 0.63715704183, 0.20561147308, 0.06204959181],
      [0.045479140326, 0.010037732275, 0.031455111965, 0.051917316513, 0.069567794221, 0.11048250914, 0.56263501979, 0.11842537577],
      [0.052571937506, 0.0051189732999, 0.01800496658, 0.004116846111, 0.23434989686, 0.0012758811885, 0.2010226312, 0.48353886726]
    ],
    [
      [0.11117920027, 0.22996539664, 0.0024494945525, 0.00014003588221, 0.050834006151, 0.08660032975, 0.21902893911, 0.29980259764],
      [0, 0, 0.065806295595, 0.89080689888, 0.00028582620409, 0.0034564766537, 0.012912166608, 0.026732336054],
      [0, 0, 0.62585439908, 0.068652405463, 0.27589010222, 0.0010440283026, 0.02064182241, 0.0079172425245],
      [0.0057886646208, 0.05005412153, 0.010953850811, 0.0075116512624, 0.0027253345334, 0.6106587235, 0.2133452299, 0.09896242385],
      [0.039703571601, 0.0042065988692, 0.053243451628, 0.035516866193, 0.10404418783, 0.092150606951, 0.51051745604, 0.16061726089],
      [0.038585720874, 0.0024949879059, 0.024324249305, 0.0022268797778, 0.28611313735, 0.0008295168408, 0.14559447756, 0.49983103039]
    ],
    [
      [0.16089741025, 0.26965599384, 0.0022178256818, 2.2118240643e-06, 0.042699807888, 0.074317896907, 0.19544981521, 0.25475903839],
      [0.00083181497543, 0.00055683545758, 0.057886572298, 0.90609773626, 0.00036295558306, 0.0018815830497, 0.010063691581, 0.022318810791],
      [0.0012676881766, 0.00044213754921, 0.62225846273, 0.079109765872, 0.26897703848, 0.00016738964671, 0.020321505957, 0.0074560115916],
      [0.012806206283, 0.067317805401, 0.010885742303, 0.0075036103693, 0.0027642139996, 0.59112496133, 0.21370399491, 0.093893465404],
      [0.069597333335, 0.0080191929107, 0.049953893114, 0.037827766892, 0.096900394185, 0.085310884626, 0.50227584707, 0.15011468787],
      [0.063559825912, 0.0034752610264, 0.02354974442, 0.0024343475819, 0.27403587342, 0.00059906110395, 0.14825841941, 0.48408746713]
    ],
    [
      [0.080716642585, 0.20088223785, 0.0017147875889, 0.00011370724125, 0.037967344687, 0.070319398989, 0.17019120987, 0.43809467119],
      [0, 0, 0.081783743933, 0.81413048218, 0.0023919263693, 0.0091284069413, 0.024273628085, 0.06829181249],
      [0, 0, 0.58881772435, 0.047995879448, 0.32071903227, 0.003111841071, 0.026968690229, 0.012386832637],
      [0.0029482657116, 0.051807069403, 0.009059393409, 0.0042444806589, 0.0048550493733, 0.57524595482, 0.19944968905, 0.15239009757],
      [0.030416189088, 0.0065601649765, 0.039501198666, 0.018800374697, 0.092657969679, 0.092560727726, 0.46739846633, 0.25210490884],
      [0.025189818279, 0.0020376895068, 0.013206655306, 0.00093770421274, 0.19121006189, 0.0010490999844, 0.10223628134, 0.66413268949]
    ],
    [
      [0.10795820739, 0.2609040714, 0.002609872761, 0.00028993518923, 0.035290804145, 0.10763550451, 0.23140923239, 0.25390237222],
      [0, 0, 0.063003640016, 0.89912547299, 0, 0.0046131032915, 0.012590395004, 0.020667388698],
      [0, 0, 0.68048394113, 0.077754154758, 0.21058860609, 0.0013964270687, 0.022655338497, 0.0071215324607],
      [0.0041545988479, 0.0492209667, 0.010175613251, 0.0078931892441, 0.00088085634462, 0.66065382724, 0.1960136947, 0.07100725368],
      [0.038356678902, 0.0053790167612, 0.054178820991, 0.037941065868, 0.071737336049, 0.11571390017, 0.54178820934, 0.13490497192],
      [0.044332635654, 0.0033555184586, 0.028132674362, 0.0027193605081, 0.23624802075, 0.0012156706166, 0.18199833333, 0.50199778632]
    ],
    [
      [0.18425912405, 0.24964818126, 0.00030374166199, 0, 0.029427050134, 0.10318248391, 0.22643004125, 0.20674937774],
      [0.00024306781389, 6.0426183768e-05, 0.098811432545, 0.70259813569, 0.0012188496033, 0.021593697346, 0.062986085956, 0.11248830486],
      [0.0018579208656, 0, 0.43924736767, 0.023288063782, 0.46054039996, 0.0029258667251, 0.055617322668, 0.016523058325],
      [0.010716702312, 0.049916483792, 0.0015492532377, 0, 0.0017355549085, 0.67138018636, 0.20112054965, 0.063581269742],
      [0.080682209594, 0.0058054955693, 0.013052501091, 0.0012495770491, 0.067209984697, 0.12282552505, 0.58466548573, 0.12450922121],
      [0.086785261877, 0.0036822673023, 0.007896656813, 0.00023431717011, 0.22553093535, 0.0014071842676, 0.2049570548, 0.46950632242]
    ],
    [
      [0.17526786813, 0.40783542618, 0.0005943510139, 0, 0.0085684801554, 0.064279783032, 0.13191982832, 0.21153426316],
      [0, 0, 0.10704758111, 0.67980976669, 0, 0.017305360515, 0.047362511892, 0.14847477979],
      [0.0023260842364, 0, 0.60767788152, 0.028242055083, 0.27906750204, 0.0030149288864, 0.05227687714, 0.027394671088],
      [0.0021519331939, 0.11435031594, 0.00352329471, 0, 0, 0.60334424778, 0.1794186674, 0.09721154098],
      [0.12322374788, 0.010749544886, 0.01849061143, 0.0034122243272, 0.018125482982, 0.1173004075, 0.51454431776, 0.19415366323],
      [0.10625885856, 0.0075881213112, 0.0085541876027, 0.00029686043753, 0.1087622085, 0.0012441223901, 0.15091630868, 0.61637933252]
    ],
    [
      [0.16826942229, 0.1807827938, 0.0018346021186, 0, 0.046795686863, 0.10012793815, 0.2980647921, 0.20412476468],
      [0, 0, 0.18799870112, 0.67008207221, 0.0017655229974, 0.014748650339, 0.053641021311, 0.071764032027],
      [0, 0, 0.60011451614, 0.016718570945, 0.33950510115, 0.0030793418262, 0.033808991008, 0.0067734789267],
      [0.014267689082, 0.028228742343, 0.0066716270081, 0.00034332441902, 0.0046582298976, 0.63330470741, 0.25448074996, 0.05804492988],
      [0.058148075619, 0, 0.032871227597, 0.0046817325183, 0.088919822526, 0.10206086858, 0.61780723744, 0.095511035716],
      [0.066218753963, 0.0017960611958, 0.019535954376, 0.00037353873957, 0.29915332854, 0.00166835586, 0.22506957751, 0.38618442982]
    ],
    [
      [0.14734902438, 0.23189246936, 0.0016733726307, 2.5224589845e-05, 0.052834618182, 0.089944047702, 0.20191114678, 0.27437009637],
      [8.4199037551e-05, 0, 0.069716148001, 0.86530698007, 0.00016971093797, 0.005360064857, 0.016256357231, 0.043106539868],
      [0.00066464188892, 0, 0.51496360853, 0.049495185715, 0.39917350229, 0.0010723313524, 0.023900264904, 0.01073046532],
      [0.010622821921, 0.0499972702, 0.0076659860912, 0.0037358449134, 0.00085391708929, 0.63876552716, 0.19582349595, 0.092535136681],
      [0.061672460285, 0.0044520700226, 0.03470482656, 0.01965177058, 0.11506993158, 0.10192798393, 0.50262227389, 0.15989868315],
      [0.052868614953, 0.0025814093137, 0.014961301047, 0.001202041548, 0.3129582568, 0.00086204669025, 0.13949104661, 0.47507528303]
    ],
    [
      [0.14830763562, 0.1590764477, 0.001746547176, 0, 0.073827967854, 0.10661626805, 0.22097885029, 0.28944628331],
      [0.021077384348, 0, 0.32763611153, 0.44444444444, 0.0018799448446, 0.019355435908, 0.052735604962, 0.13287107396],
      [0.0036548456841, 0, 0.57648069606, 0, 0.38719310311, 0.0027699850619, 0.020685053332, 0.0092163167535],
      [0.014914159848, 0.015123249533, 0.0054493900158, 0, 0, 0.67574353316, 0.19798969748, 0.090779969958],
      [0.049238964761, 0, 0.043408873923, 0, 0.14099547979, 0.11399043182, 0.4973803823, 0.15498586741],
      [0.045646606047, 0.00024540680201, 0.019997121717, 0, 0.37426067387, 0.0016107753997, 0.13073278077, 0.42750663539]
    ],
    [
      [0.12550461075, 0.1970975438, 0.0020928458435, 0, 0.068068785102, 0.094570987291, 0.24992217707, 0.26274305015],
      [0, 0, 0.12230408734, 0.78656855013, 0, 0.0081272570582, 0.027421000894, 0.055579104571],
      [0.00012707081748, 0, 0.5354910353, 0.027075734946, 0.40111234277, 0.0020870272807, 0.024630821555, 0.0094759673305],
      [0.00690366961, 0.036838723239, 0.0088319986946, 0.0022505186729, 0, 0.63035589532, 0.22951599754, 0.08530319692],
      [0.044158083078, 0.00018761875015, 0.039856041586, 0.011761048536, 0.12696030429, 0.095950345372, 0.54486562356, 0.13626093484],
      [0.040943324199, 0.0014382708253, 0.018129087212, 0.00072980585779, 0.36684040316, 0.001262108696, 0.15729566099, 0.41336133906]
    ],
    [
      [0.15540273733, 0.17348690268, 0.0020862569392, 6.6190842848e-05, 0.060513386339, 0.10541292889, 0.24833479574, 0.25469680124],
      [0, 0, 0.09807284088, 0.83003042997, 0.00037006304936, 0.0073246541022, 0.021566161799, 0.042635850202],
      [0, 0, 0.55793410962, 0.037515327993, 0.36867988979, 0.0024929745066, 0.024867762103, 0.0085099359882],
      [0.015010088525, 0.022331969003, 0.0090314601966, 0.0034590541838, 0.0012486667854, 0.65977247554, 0.21321973976, 0.075926546008],
      [0.053109776066, 0, 0.039445838903, 0.016429969651, 0.11375542611, 0.10784062314, 0.53949926525, 0.12991910088],
      [0.053378387009, 0.0011864733393, 0.019148068, 0.0011213866236, 0.33929879453, 0.0013696691489, 0.16392631739, 0.42057090396]
    ],
    [
      [0.14481440591, 0.15061983698, 0.0024317209132, 7.4599054079e-05, 0.10837035978, 0.10023546008, 0.24533386107, 0.24811975621],
      [0, 0, 0.10326073324, 0.81602090589, 0, 0.0082053424722, 0.025897062397, 0.046615956002],
      [0.00096955255883, 0, 0.42171251923, 0.025928535244, 0.51813042416, 0.0027311663003, 0.023009380081, 0.0075184224294],
      [0.0099399622472, 0.011657433922, 0.010687303558, 0.0031672826972, 0, 0.65507884934, 0.22933967788, 0.08012949036],
      [0.050629653964, 0, 0.040330769181, 0.013747970951, 0.16121281849, 0.099874454736, 0.51131458656, 0.12288974612],
      [0.039300984272, 0.00078362779037, 0.014954278897, 0.00077755036472, 0.49291582889, 0.001144753529, 0.12771817862, 0.32240479764]
    ],
    [
      [0.15631874151, 0.14331846719, 0.0015436192178, 0, 0.081588747993, 0.088216937769, 0.25884908819, 0.27016439813],
      [0.00031255904115, 0, 0.14275109701, 0.69295826487, 0.00071947386108, 0.0129954915, 0.049793656706, 0.10046945701],
      [0.0017002227529, 0, 0.39684739794, 0.010814750482, 0.54534771118, 0.0030880109415, 0.030398960372, 0.011802946341],
      [0.013850796248, 0.016713537734, 0.0098200956084, 0, 0, 0.61772983523, 0.24985050693, 0.092035228252],
      [0.054408759591, 0, 0.030333255863, 0, 0.13808050098, 0.088924528417, 0.55070684841, 0.13754610674],
      [0.046731507509, 0.00055231125853, 0.011279336135, 0, 0.4014218596, 0.0011243027774, 0.14932138812, 0.3895692946]
    ],
    [
      [0.24348415078, 0.13559265328, 0.0017448405108, 0, 0.067428759273, 0.10204926631, 0.24777840379, 0.20192192606],
      [0, 0, 0.094589713556, 0.81025203355, 0, 0.010669902638, 0.033020490566, 0.051467859692],
      [0.0012388299219, 0, 0.42522376165, 0.02729522997, 0.50370834314, 0.0037405005794, 0.031245313399, 0.007548021345],
      [0.028017985063, 0.0028826798829, 0.0076833700176, 0.0017965294761, 0, 0.67023868303, 0.22723263392, 0.062148118611],
      [0.077906802078, 0, 0.027892474591, 0.0094911533884, 0.12521873331, 0.10916787066, 0.54781432228, 0.10250864369],
      [0.084897681066, 0.00021243277641, 0.012489705219, 0.00063902407821, 0.39283490094, 0.0018112492745, 0.16677974312, 0.34033526352]
    ],
    [
      [0.22081525693, 0.13140002509, 0.003224220133, 0.00023040542229, 0.12766615295, 0.096715467172, 0.22807970445, 0.19186876785],
      [0, 0, 0.13057762669, 0.81388077706, 0, 0.0067600126646, 0.020020288521, 0.028761295064],
      [0.002763868922, 0, 0.48687088565, 0.02278231608, 0.45707448183, 0.0049690104377, 0.021888221377, 0.0036512157006],
      [0.013546914718, 0, 0.014272337782, 0.0046788321658, 0, 0.66996664641, 0.23461006808, 0.062925200843],
      [0.083027634468, 0.0053796571895, 0.055507841438, 0.016380292248, 0.18019617234, 0.09820651333, 0.47193775558, 0.089364133406],
      [0.05723267492, 0, 0.021707170894, 0.00096759554092, 0.56538818265, 0.0018922942712, 0.11419964529, 0.23861243644]
    ],
    [
      [0.25760563441, 0.14423952252, 0.0020880931572, 0.00012910070279, 0.068664783993, 0.094070823221, 0.2265854532, 0.2066165888],
      [0, 0, 0.096536844201, 0.83941828078, 0, 0.00712867036, 0.021368420658, 0.035547784003],
      [0.00034649106331, 0, 0.5229432885, 0.036512689737, 0.40664947072, 0.0029664993623, 0.024397270268, 0.0061842903455],
      [0.025288376434, 0.013080390138, 0.0097089838885, 0.0040382114031, 0.00081122612808, 0.65692335298, 0.22227240563, 0.067877053403],
      [0.086379362485, 0, 0.040218189431, 0.017306582395, 0.13098438724, 0.10241273014, 0.51521806636, 0.10748068195],
