{
  "X": [
    [21, 91, 261, 25, 21],
    [14, 113, 292, 29, 21],
    [35, 191, 873, 55, 26],
    [8, 14, 20, 3, 5],
    [21, 35, 25, 2, 9],
    [19, 25, 30, 1, 9],
    [5, 9, 35, 1, 2],
    [113, 236, 281, 55, 16],
    [82, 393, 658, 148, 42],
    [58, 98, 148, 11, 25],
    [9, 26, 62, 11, 6],
    [9, 12, 35, 3, 0],
    [22, 51, 38, 8, 3],
    [3, 14, 39, 5, 3],
    [61, 266, 902, 80, 39],
    [15, 46, 214, 26, 12],
    [74, 230, 809, 98, 41],
    [76, 197, 257, 49, 16],
    [1, 20, 37, 5, 3],
    [24, 76, 168, 26, 12],
    [15, 53, 145, 20, 5],
    [24, 63, 85, 19, 7],
    [6, 25, 109, 12, 9],
    [31, 145, 632, 62, 26],
    [9, 43, 45, 8, 7],
    [3, 10, 26, 3, 1],
    [4, 18, 28, 4, 0],
    [47, 210, 686, 39, 24],
    [35, 149, 432, 38, 19],
    [71, 269, 610, 67, 39],
    [0, 7, 20, 3, 0],
    [5, 2, 53, 13, 5],
    [2, 20, 39, 7, 7],
    [0, 6, 12, 2, 0],
    [1, 10, 11, 5, 0],
    [37, 199, 590, 56, 43],
    [0, 12, 25, 2, 0],
    [1, 6, 22, 3, 0],
    [3, 8, 47, 3, 3],
    [36, 98, 508, 40, 23],
    [32, 154, 660, 58, 36],
    [1, 9, 7, 1, 0],
    [1, 4, 4, 0, 1],
    [2, 13, 6, 1, 3],
    [1, 18, 18, 0, 0],
    [2, 25, 29, 12, 1],
    [80, 311, 626, 106, 50],
    [2, 25, 23, 10, 4],
    [0, 24, 29, 6, 5],
    [0, 3, 4, 0, 0],
    [33, 134, 209, 38, 23],
    [0, 1, 13, 0, 0],
    [22, 76, 139, 28, 9],
    [1, 8, 15, 1, 0],
    [0, 5, 17, 2, 0],
    [4, 4, 25, 5, 0],
    [39, 110, 385, 38, 28],
    [46, 119, 102, 23, 15],
    [29, 145, 554, 75, 30],
    [33, 172, 507, 70, 34],
    [92, 339, 355, 62, 35],
    [0, 5, 3, 0, 0],
    [2, 3, 5, 2, 0],
    [0, 1, 4, 1, 0],
    [3, 23, 44, 13, 6],
    [2, 3, 9, 3, 1],
    [63, 112, 175, 22, 28],
    [91, 261, 408, 64, 26],
    [1, 1, 16, 3, 0],
    [15, 96, 209, 44, 13],
    [12, 89, 230, 24, 19],
    [70, 122, 93, 10, 26],
    [2, 3, 11, 1, 0],
    [5, 4, 9, 5, 1],
    [2, 7, 38, 1, 5],
    [41, 170, 563, 53, 26],
    [11, 59, 116, 17, 6],
    [48, 176, 311, 69, 30],
    [0, 4, 11, 0, 0],
    [13, 56, 253, 33, 8],
    [11, 40, 47, 7, 2],
    [28, 81, 96, 7, 14],
    [120, 355, 387, 56, 28],
    [51, 127, 144, 20, 23],
    [58, 207, 725, 83, 50],
    [22, 54, 248, 31, 13],
    [90, 280, 369, 88, 34],
    [11, 71, 306, 36, 18],
    [1, 5, 10, 0, 0],
    [1, 9, 18, 0, 0],
    [7, 42, 72, 13, 6],
    [0, 7, 13, 1, 4],
    [11, 40, 156, 12, 5],
    [19, 69, 223, 45, 20],
    [168, 322, 450, 39, 41],
    [298, 911, 1620, 180, 149],
    [232, 746, 1263, 174, 141],
    [1, 5, 6, 1, 1]
  ],
  "W": [
    [26, 49, 74, 257, 13],
    [24, 50, 80, 300, 15],
    [54, 90, 141, 865, 30],
    [6, 12, 8, 24, 0],
    [3, 34, 25, 29, 1],
    [2, 29, 23, 29, 1],
    [0, 7, 8, 36, 1],
    [40, 191, 191, 273, 6],
    [135, 183, 329, 658, 18],
    [9, 81, 89, 153, 8],
    [8, 18, 23, 63, 2],
    [3, 12, 10, 33, 1],
    [6, 35, 42, 38, 1],
    [3, 5, 14, 42, 0],
    [62, 160, 180, 927, 19],
    [29, 37, 34, 209, 4],
    [82, 159, 167, 832, 12],
    [39, 128, 166, 253, 9],
    [3, 9, 12, 39, 3],
    [26, 44, 63, 168, 5],
    [15, 36, 39, 143, 5],
    [22, 51, 41, 80, 4],
    [9, 18, 18, 112, 4],
    [60, 89, 116, 606, 25],
    [10, 28, 29, 43, 2],
    [1, 4, 11, 26, 1],
    [4, 7, 16, 27, 0],
    [39, 137, 132, 685, 13],
    [34, 78, 109, 440, 12],
    [59, 178, 192, 604, 23],
    [3, 1, 6, 20, 0],
    [9, 7, 4, 57, 1],
    [9, 3, 20, 38, 5],
    [0, 1, 5, 14, 0],
    [3, 3, 9, 10, 2],
    [55, 101, 143, 598, 28],
    [23, 3, 10, 2, 1],
    [4, 1, 4, 23, 0],
    [2, 8, 8, 43, 3],
    [35, 81, 58, 517, 14],
    [53, 87, 120, 663, 17],
    [1, 5, 5, 7, 0],
    [0, 4, 3, 3, 0],
    [2, 5, 10, 7, 1],
    [1, 13, 6, 17, 0],
    [10, 16, 17, 26, 0],
    [89, 211, 231, 623, 19],
    [13, 10, 17, 24, 0],
    [5, 10, 19, 28, 2],
    [0, 1, 3, 3, 0],
    [36, 102, 82, 214, 3],
    [0, 1, 1, 12, 0],
    [19, 39, 54, 156, 6],
    [3, 3, 5, 14, 0],
    [3, 1, 3, 17, 0],
    [3, 4, 5, 24, 2],
    [26, 82, 83, 405, 4],
    [17, 80, 105, 98, 5],
    [50, 111, 105, 556, 11],
    [50, 95, 106, 552, 13],
    [47, 267, 225, 326, 18],
    [0, 5, 0, 3, 0],
    [2, 2, 2, 6, 0],
    [0, 1, 2, 3, 0],
    [11, 7, 25, 42, 4],
    [3, 3, 2, 9, 1],
    [25, 126, 73, 170, 6],
    [33, 201, 192, 409, 15],
    [1, 1, 2, 16, 1],
    [37, 36, 74, 205, 25],
    [19, 65, 61, 224, 5],
    [11, 134, 74, 93, 9],
    [1, 5, 3, 8, 0],
    [1, 6, 5, 12, 0],
    [2, 6, 4, 41, 0],
    [52, 137, 103, 552, 9],
    [15, 36, 34, 122, 2],
    [65, 132, 129, 293, 15],
    [0, 3, 1, 11, 0],
    [23, 53, 31, 249, 7],
    [7, 35, 19, 45, 1],
    [5, 60, 55, 102, 4],
    [37, 295, 249, 360, 5],
    [19, 101, 98, 144, 3],
    [66, 153, 145, 742, 17],
    [25, 58, 33, 245, 7],
    [73, 204, 188, 386, 10],
    [20, 49, 47, 322, 4],
    [2, 3, 3, 8, 0],
    [0, 3, 9, 16, 0],
    [12, 24, 32, 64, 8],
    [4, 3, 5, 13, 0],
    [10, 26, 24, 158, 6],
    [33, 42, 58, 238, 5],
    [32, 239, 268, 467, 14],
    [205, 620, 663, 1595, 75],
    [167, 568, 523, 1235, 63],
    [1, 1, 6, 5, 1]
  ],
  "method": "mvn_pdf",
  "cond_prob": [
    [
      [0.00014902239313, 0.083540406388, 0.34350048205, 0.48710118965, 0.085708899523],
      [0.27294123419, 0.53016284159, 0.073476164508, 0.023344871339, 0.10007488838],
      [0.10121900773, 0.75239597227, 0.055608901369, 0.045218620411, 0.045557498215],
      [0.00049343722509, 0.020663675628, 0.92252539794, 0.028788030982, 0.027529458223],
      [0.0003834618033, 0.14323873934, 0.55881303336, 0.03436680775, 0.26319795775]
    ],
    [
      [0, 0.10817420924, 0.29044827658, 0.52680588377, 0.074571630407],
      [0.20032374381, 0.63747898336, 0.057697047464, 0.023647559268, 0.080852666099],
      [0.049780968119, 0.83564414103, 0.039518116743, 0.041415497438, 0.033641276675],
      [0, 0.028868643657, 0.90438390038, 0.037522834117, 0.029224621842],
      [8.9024004237e-05, 0.20118302875, 0.51118463561, 0.0402793864, 0.24726392524]
    ],
    [
      [7.5417418114e-05, 0.09114815712, 0.3889011344, 0.47083684479, 0.04903844627],
      [0.25248359551, 0.58127978978, 0.085260120004, 0.023054338329, 0.057922156376],
      [0.086967792781, 0.78419097973, 0.061663067907, 0.042410052954, 0.024768106624],
      [0, 0.021238605718, 0.94349478629, 0.023680453636, 0.011586154353],
      [0.000331502715, 0.16068321155, 0.65028150744, 0.03455033568, 0.15415344262]
    ],
    [
      [0, 0.21727937147, 0.16107039794, 0.31629798766, 0.30535224293],
      [0.51283415789, 0.38941199643, 0.031354394575, 0.0078773808969, 0.058522070209],
      [0.23074876317, 0.70457172996, 0.023233340307, 0.01132578945, 0.030120377112],
      [0, 0.09945024893, 0.76964408979, 0.038211549487, 0.092694111792],
      [0.0012926447417, 0.20789902352, 0.12775997983, 0.010952695545, 0.65209565636]
    ],
    [
      [0.00031954260912, 0.16183982104, 0.1967808308, 0.3604024736, 0.28065733194],
      [0.46303586571, 0.41829946975, 0.020674032587, 0, 0.097990631949],
      [0.21019382424, 0.71146442721, 0.018391375821, 0.0097942403765, 0.050156132349],
      [0, 0.080250065022, 0.79460518762, 0.022721598364, 0.10242314899],
      [0.00097633190839, 0.17843599942, 0.20340556304, 0.015010217213, 0.60217188842]
    ],
    [
      [0.00029623239304, 0.088914912664, 0.3443753407, 0.27962946484, 0.2867840494],
      [0.46836146864, 0.32520168167, 0.055432689977, 0, 0.15100415971],
      [0.23448366093, 0.61330504125, 0.053197808464, 0.011765313148, 0.08724817621],
      [0.00079845019247, 0.041203456965, 0.90168892849, 0.0054940780825, 0.050815086271],
      [0.00064568754473, 0.090405205576, 0.33117278838, 0.010810603506, 0.56696571499]
    ],
    [
      [0.00026900985333, 0.088644415332, 0.4041106472, 0.43197643908, 0.074999488533],
      [0.5093664682, 0.38021911688, 0.045567910946, 0.010336697196, 0.054509806781],
      [0.17923005802, 0.72134168794, 0.042806367872, 0.024680788597, 0.031941097577],
      [0, 0.011876743645, 0.93698154967, 0.019628494138, 0.031513212545],
      [0.0005942584982, 0.1401699071, 0.60723789219, 0.023571021907, 0.22842692031]
    ],
    [
      [0, 0.080104123137, 0.26166319499, 0.62035399899, 0.037878682892],
      [0.41916074695, 0.46396628797, 0.051809391281, 0.027672026769, 0.037391547034],
      [0.17243796021, 0.70878126841, 0.043372856429, 0.058265702418, 0.017142212539],
      [0, 0.028096988527, 0.91145479785, 0.049111184391, 0.01133702923],
      [0.00077448899497, 0.18842898972, 0.5877505124, 0.060730071199, 0.16231593769]
    ],
    [
      [2.4346622309e-05, 0.08178116203, 0.23967997444, 0.63301729339, 0.045497223513],
      [0.2743966331, 0.57361898396, 0.058198401765, 0.034254195041, 0.059531786141],
      [0.096577199137, 0.77258959563, 0.042276550727, 0.063001985521, 0.025554668983],
      [0, 0.029300877502, 0.89858007756, 0.052287671562, 0.019831373378],
      [0.00045726851497, 0.19585081683, 0.54545665023, 0.063400365321, 0.1948348991]
    ],
    [
      [0, 0.10933325814, 0.29379392103, 0.43174671412, 0.16512610671],
      [0.49087876899, 0.3674614636, 0.03640440455, 0.0092716087293, 0.095983754133],
      [0.20489903151, 0.68125177439, 0.035694192566, 0.024928925527, 0.053226076002],
      [0, 0.035147265427, 0.88933053465, 0.02578609676, 0.049736103164],
      [0.00035073838465, 0.15533532429, 0.3953428753, 0.024916511193, 0.42405455083]
    ],
    [
      [0.00039476245627, 0.052924761872, 0.23486362442, 0.6482544295, 0.063562421753],
      [0.32994903737, 0.46701294151, 0.064627640062, 0.038381503548, 0.1000288775],
      [0.12603275654, 0.69701012916, 0.050798925126, 0.077986870042, 0.04817131913],
      [0.0025077712609, 0.014035490958, 0.90032278738, 0.050964916466, 0.032169033934],
      [0.00050811883434, 0.12745002841, 0.53454130032, 0.059304875908, 0.27819567653]
    ],
    [
      [0, 0.097157699297, 0.40247230937, 0.50036999133, 0],
      [0.52839907096, 0.40279936828, 0.053742006906, 0.015059553855, 0],
      [0.2658680857, 0.64480550638, 0.05395185903, 0.035374548888, 0],
      [0, 0.0062204992171, 0.96560245492, 0.028177045867, 0],
      [0.00053029148432, 0.22160294477, 0.74327938649, 0.034587377254, 0]
    ],
    [
      [0, 0.11027754755, 0.23682934538, 0.60796604568, 0.044927061392],
      [0.429681833, 0.48479523704, 0.030630092003, 0.020507250574, 0.034385587383],
      [0.16571773008, 0.75271575561, 0.024143492344, 0.04150714777, 0.015915874194],
      [0, 0.039709777619, 0.89419424717, 0.048375751552, 0.017720223657],
      [0.00099118165949, 0.24746813309, 0.51356263664, 0.052871190519, 0.18510685809]
    ],
    [
      [0.00039780341291, 0.064323442312, 0.23398981038, 0.62945536045, 0.071833583445],
      [0.28265888813, 0.5326298018, 0.054483770719, 0.030651727496, 0.099575811858],
      [0.099694145177, 0.75639585745, 0.038144015941, 0.059610347094, 0.046155634337],
      [0.0045189075389, 0.013198539518, 0.89265703553, 0.050567390996, 0.039058126421],
      [0.00035512766297, 0.14427168397, 0.49543977118, 0.049389198984, 0.31054421819]
    ],
    [
      [0.00010069022083, 0.094371541952, 0.31361701029, 0.53750595873, 0.054404798811],
      [0.27238028969, 0.57504340188, 0.065563763928, 0.025459632128, 0.061552912368],
      [0.096692925891, 0.78161124831, 0.047623139921, 0.047201484363, 0.026871201517],
      [0, 0.025830104702, 0.91956768816, 0.03589213131, 0.018710075825],
      [0.00043074709906, 0.18460464969, 0.58179636944, 0.043832447851, 0.18933578592]
    ],
    [
      [0.00028644453282, 0.056337271988, 0.34738287917, 0.53466959813, 0.061323806179],
      [0.29408126349, 0.47974426799, 0.097734582965, 0.033780376927, 0.094659508622],
      [0.11151423492, 0.70099684168, 0.076042638416, 0.067125048651, 0.044321236339],
      [0.0015204705604, 0.011217041666, 0.93386785358, 0.032505270361, 0.02088936383],
      [0.00035600624191, 0.10935671789, 0.63647145734, 0.042213637075, 0.21160218145]
    ],
    [
      [0.00014123984359, 0.076737300997, 0.28581720074, 0.58189489161, 0.055409366811],
      [0.33140685944, 0.50629684849, 0.064585475945, 0.029788578869, 0.067922237251],
      [0.1260885987, 0.73331059315, 0.04999490573, 0.058907959255, 0.031697943169],
      [0.0002782957719, 0.022580907914, 0.91350514105, 0.042178792854, 0.021456862414],
      [0.00053246801733, 0.16301316402, 0.57570602142, 0.05148749982, 0.20926084672]
    ],
    [
      [0, 0.087754700045, 0.25751146721, 0.61169065699, 0.043043175751],
      [0.39619512805, 0.48544191272, 0.048804443407, 0.026306191776, 0.043252324049],
      [0.15229162531, 0.73456390793, 0.039412262608, 0.053915607193, 0.019816596952],
      [0, 0.030418815104, 0.90556159883, 0.048632299369, 0.015387286695],
      [0.00073486754645, 0.20082588129, 0.56228488058, 0.058101032839, 0.17805333774]
    ],
    [
      [0, 0.10914101905, 0.20944576832, 0.63047117121, 0.050942041424],
      [0.11111111111, 0.76179955136, 0.040471597039, 0.026720336332, 0.059897404162],
      [0, 0.90984634179, 0.023845536005, 0.041919900181, 0.024388222025],
      [0, 0.028724385227, 0.88002243605, 0.05658934128, 0.034663837438],
      [0, 0.25932461844, 0.46679896117, 0.052693449098, 0.22118297129]
    ],
    [
      [0.00017191320534, 0.086604377556, 0.28498023216, 0.56572971787, 0.062513759205],
      [0.35125716746, 0.50261330963, 0.054795733044, 0.024735870587, 0.066597919275],
      [0.13468635996, 0.74096437266, 0.04276496649, 0.049601725971, 0.031982574918],
      [0.0003091062675, 0.024235443472, 0.90914916262, 0.040733587184, 0.025572700462],
      [0.00060887158294, 0.17619811577, 0.54964990033, 0.046899529289, 0.22664358302]
    ],
    [
      [0.00024313314225, 0.065264185141, 0.28518163362, 0.61688622642, 0.032424821674],
      [0.29549722322, 0.54034892693, 0.078232773317, 0.037430981064, 0.048490095468],
      [0.10596210663, 0.7453438737, 0.057654120102, 0.070226558525, 0.020813341038],
      [0.0015635774122, 0.019041361708, 0.92608777692, 0.044510446371, 0.0087968375885],
      [0.00046784767906, 0.15543001093, 0.64536657453, 0.059072334378, 0.13966323248]
    ],
    [
      [0.00024448731531, 0.099120627551, 0.2787868683, 0.57018665863, 0.051661358205],
      [0.35996312939, 0.52028259244, 0.047494567989, 0.022619134989, 0.04964057519],
      [0.13645454145, 0.75918755986, 0.036917903952, 0.044160839187, 0.023279155555],
      [0.00048754629951, 0.029151707372, 0.90902602551, 0.041252745186, 0.020081975632],
      [0.00071544419396, 0.20652685886, 0.55218745677, 0.047875901062, 0.19269433912]
    ],
    [
      [0.00016206336964, 0.056715978626, 0.28086439466, 0.5776993693, 0.084558194038],
      [0.238516262, 0.50903952463, 0.080574948343, 0.036441436748, 0.13542782828],
      [0.086823106934, 0.72207380186, 0.060507998637, 0.069945072328, 0.060650020239],
      [0.0012610017803, 0.016758129453, 0.90898380514, 0.041999174906, 0.030997888725],
      [0.00030014736918, 0.11315145421, 0.53163530678, 0.04546023086, 0.30945286078]
    ],
    [
      [1.6639357104e-05, 0.057204222989, 0.37184991237, 0.52361157558, 0.04731764971],
      [0.23906255253, 0.5261172006, 0.11699578023, 0.037146808336, 0.080677658305],
      [0.083764716501, 0.72505647658, 0.08604911992, 0.069683117906, 0.035446569093],
      [0, 0.012981870199, 0.94424649694, 0.02993308303, 0.012838549836],
      [0.00022909396072, 0.11079004574, 0.68325223057, 0.042181981215, 0.16354664852]
    ],
    [
      [0, 0.11361568357, 0.29144645576, 0.49769878613, 0.097239074535],
      [0.23783897738, 0.6005121645, 0.048777552467, 0.019149568482, 0.093721737173],
      [0.080684535273, 0.80910945928, 0.034644441271, 0.034347219945, 0.041214344231],
      [0, 0.027818448007, 0.90173218409, 0.033124404284, 0.037324963616],
      [0.0003285552681, 0.19456748745, 0.4702956302, 0.033202729274, 0.3016055978]
    ],
    [
      [0.00030293502927, 0.045043671529, 0.25813864739, 0.67144814438, 0.025066601671],
      [0.3596372205, 0.48571374554, 0.073183163266, 0.036767077958, 0.044698792735],
      [0.12970241226, 0.71722794756, 0.054438970407, 0.075734209213, 0.022896460558],
      [0.0051460568015, 0, 0.92919427287, 0.049645718989, 0.016013951342],
      [0.00062417122808, 0.12259392316, 0.69124893051, 0.057618548744, 0.12791442636]
    ],
    [
      [0.019148208396, 0.094297054058, 0.33361084301, 0.55294389454, 0],
      [0.31924366206, 0.59814100433, 0.060347802776, 0.022267530832, 0],
      [0.1054589066, 0.80842429471, 0.044401853433, 0.041714945256, 0],
      [5.0334308416e-05, 0.018556890301, 0.94565527236, 0.035737503034, 0],
      [0.00046900868583, 0.1996083664, 0.68391620159, 0.041822243464, 0.074184179865]
    ],
    [
      [9.8658480831e-05, 0.1061563719, 0.39379086021, 0.44649098758, 0.05346312182],
      [0.2557107044, 0.59452282682, 0.076020327591, 0.018602731457, 0.055143409731],
      [0.090597429637, 0.79631823248, 0.054750192959, 0.034709567102, 0.023624577817],
      [0, 0.024776875287, 0.94134614133, 0.020511154025, 0.013365829361],
      [0.00037885416231, 0.17877753552, 0.62909533015, 0.031267223871, 0.1604810563]
    ],
    [
      [0.00019499080417, 0.10817187004, 0.3239665685, 0.51211932619, 0.055547244471],
      [0.29505254016, 0.57180594463, 0.058257839736, 0.02069756273, 0.054186112744],
      [0.10656271285, 0.78768090491, 0.042905441239, 0.038939961229, 0.023910979773],
      [0.00081255741033, 0.028275781162, 0.9201944133, 0.032396087456, 0.018321160671],
      [0.00053426825547, 0.20189419925, 0.57323251872, 0.03956656349, 0.18477245028]
    ],
    [
      [0.00011172763441, 0.089433490901, 0.31989089835, 0.530721065, 0.059842818114],
      [0.2860447509, 0.55216636501, 0.067621459696, 0.025443434109, 0.068723990284],
      [0.10436328477, 0.76651220921, 0.050158735606, 0.048198044563, 0.030767725851],
      [4.9001233022e-05, 0.023715176985, 0.92066107807, 0.034652952216, 0.0209217915],
      [0.00043891255866, 0.17145652163, 0.58174125145, 0.042352965166, 0.20401034919]
    ],
    [
      [0, 0.088222998465, 0.29298552207, 0.61879147946, 0],
      [0, 0.90559261175, 0.0672015605, 0.027205827751, 0],
      [0, 0.92052338859, 0.03716633031, 0.042310281103, 0],
      [0, 0.015329903067, 0.94154219457, 0.043127902362, 0],
      [9.4469474046e-05, 0.19062358218, 0.70725215353, 0.048230016046, 0.053799778768]
    ],
    [
      [0.00051162618751, 0, 0.15289290168, 0.78668342546, 0.059912046674],
      [0.56769535659, 0.063242691938, 0.15288345367, 0.067106189072, 0.14907230873],
      [0.25524774586, 0.37904591055, 0.06999744748, 0.19808798018, 0.097620915925],
      [0, 0, 0.8739326877, 0.079989018344, 0.046078293957],
      [0.00053688470185, 0.041117514245, 0.45962672048, 0.098379880977, 0.4003389996]
    ],
    [
      [0.00046612445824, 0.088970860948, 0.26400233336, 0.49088589641, 0.15567478483],
      [0.19103407537, 0.56069155602, 0.051973325485, 0.021160450282, 0.17514059284],
      [0.067696413257, 0.78321848749, 0.042066784084, 0.042343570673, 0.064674744493],
      [0.0017528688633, 0.031269018077, 0.88819980941, 0.040142054188, 0.038636249462],
      [0.00043307436438, 0.13291902933, 0.37502611681, 0.029255221783, 0.46236655771]
    ],
    [
      [5.9416033697e-06, 0.023980450534, 0.037765985153, 0.93678070166, 0.0014669210503],
      [0, 0.93093747575, 0.025013726921, 0.044048797334, 0],
      [0, 0.92174739706, 0.013293167778, 0.064959435159, 0],
      [0, 0.032880395638, 0.85060860244, 0.11651100192, 0],
      [0.00014060784915, 0.3157414851, 0.50317397653, 0.14665270083, 0.034291229687]
    ],
    [
      [0.00099006080501, 0.03406870808, 0.098866883819, 0.8660743473, 0],
      [0.16943586352, 0.69713953, 0.059810225557, 0.07361438092, 0],
      [0.043304959392, 0.79628169312, 0.047631686435, 0.11278166106, 0],
      [0, 0.023730775045, 0.88822070992, 0.088048515035, 0],
      [0.049488796244, 0.20126614863, 0.60653819738, 0.14270685775, 0]
    ],
    [
      [1.172057236e-05, 0.10190531631, 0.31523904207, 0.50081474373, 0.082029177319],
      [0.24753822209, 0.58189213825, 0.061623787332, 0.022058571028, 0.086887281297],
      [0.083837783684, 0.79273648984, 0.044676901311, 0.040839564816, 0.03790926035],
      [0, 0.027157644532, 0.91189287675, 0.032375315357, 0.028574163356],
      [0.0003282810836, 0.1793754344, 0.52632546352, 0.036670609595, 0.25730021141]
    ],
    [
      [0, 0.12308837211, 0.79671861482, 0.080193013073, 0],
      [0, 0.59202738394, 0.39902972472, 0.0089428913393, 0],
      [0, 0.73204729852, 0.2556293179, 0.01232338358, 0],
      [0, 0.011495186437, 0.98764166688, 0.00086314668767, 0],
      [0, 0.049421931605, 0.94680617227, 0.003771896129, 0]
    ],
    [
      [0.017788501395, 0.19362343199, 0.26774221345, 0.52084585316, 0],
      [0.33365747772, 0.64195847097, 0.017350064067, 0.0070339872413, 0],
      [0.081003245039, 0.8930870912, 0.012171986875, 0.013737676887, 0],
      [0.011790240719, 0.043965192881, 0.90708665803, 0.037157908373, 0],
      [0.00064855585197, 0.40825662876, 0.50153153695, 0.034434808495, 0.055128469943]
    ],
    [
      [0.00043737367598, 0.027146857353, 0.44478096202, 0.47388367142, 0.053751135527],
      [0.27616761331, 0.36265303127, 0.18620675927, 0.041189908635, 0.13378268752],
      [0.090559566508, 0.61299361195, 0.14841764454, 0.084608583711, 0.063420593288],
      [0.0014680273042, 0, 0.95789691658, 0.022226828165, 0.018408227949],
      [0.00072754668082, 0.046844379854, 0.74795847748, 0.030030369102, 0.17443922688]
    ],
    [
      [0.00015254010295, 0.082080463514, 0.3373505377, 0.51927609801, 0.061140360674],
      [0.34678282146, 0.49288967661, 0.068734443733, 0.023828698063, 0.067764360139],
      [0.13431841356, 0.73073074604, 0.054420252146, 0.048225668338, 0.032304919912],
      [0.00020747200579, 0.020624053285, 0.92661921607, 0.031978638346, 0.020570620295],
      [0.00053725318565, 0.15415008236, 0.60048085045, 0.040369088451, 0.20446272555]
    ],
    [
      [3.6788030969e-05, 0.07102795233, 0.34516908865, 0.51485815014, 0.068908020841],
      [0.24757442856, 0.53678018923, 0.089107299408, 0.030012856308, 0.096525226486],
      [0.087118648541, 0.74699449292, 0.066001310678, 0.056817773451, 0.043067774414],
      [0, 0.017605128265, 0.92877431319, 0.031089778995, 0.022530779554],
      [0.00028453672369, 0.13082958078, 0.60330448999, 0.039455485623, 0.22612590688]
    ],
    [
      [0.014625403677, 0.15853069793, 0.26034523072, 0.56649866767, 0],
      [0.15385285867, 0.80338483439, 0.024673539293, 0.018088767645, 0],
      [0.041957576127, 0.92195044215, 0.013443776343, 0.022648205377, 0],
      [0.00090320318843, 0.030684702767, 0.93558117016, 0.032830923888, 0],
      [0.00031205168884, 0.33887047742, 0.57926763502, 0.0298585519, 0.051691283972]
    ],
    [
      [3.7298037104e-05, 0.039756207507, 0.89592232499, 0.0026989194018, 0.061585250063],
      [0.19482158366, 0.44867817308, 0.18677181371, 0, 0.16972842955],
      [0.073571221782, 0.73509576922, 0.11381656021, 0, 0.077516448787],
      [0, 0, 0.97048768818, 0, 0.029512311817],
      [6.0796959195e-05, 0.032262742632, 0.90391221613, 0.0017413000961, 0.062022944183]
    ],
    [
      [0.0033188517312, 0.20724910781, 0.15247137833, 0.33721691927, 0.29974374286],
      [0.21413241186, 0.63321250494, 0.01431017861, 0.0058525936342, 0.13249231096],
      [0.084171042166, 0.86624706511, 0.012593442996, 0.010525744957, 0.02646270477],
      [0.011302555717, 0.081092973794, 0.76846171312, 0.025906110922, 0.11323664645],
      [0.0018719255738, 0.18931779201, 0.11833992848, 0.009702967262, 0.68076738667]
    ],
    [
      [0, 0.50219936477, 0.49780063523, 0, 0],
      [0.065814508568, 0.87348927941, 0.060696212023, 0, 0],
      [0.024068564769, 0.9424056943, 0.03352574093, 0, 0],
      [0, 0.028706225712, 0.97129377429, 0, 0],
      [0.00020589785847, 0.30301277324, 0.62295909003, 0.011450581421, 0.062371657451]
    ],
    [
      [0, 0.040414128853, 0.20543286178, 0.74192783399, 0.012225175381],
      [0.125, 0.65564791943, 0.10844245601, 0.071721084748, 0.039188539817],
      [0, 0.79823564747, 0.070511527546, 0.11902994426, 0.012222880729],
      [0, 0.020595615144, 0.92353446607, 0.054218278912, 0.0016516398739],
      [0.0001453780381, 0.13261651896, 0.68205027162, 0.09555099808, 0.089636833303]
    ],
    [
      [1.4627008353e-05, 0.071762356271, 0.26651655223, 0.60395892385, 0.057747540637],
      [0.27232337771, 0.54199110433, 0.069186105885, 0.035171160046, 0.081328252027],
      [0.097537831809, 0.74867745636, 0.051033846987, 0.066501971546, 0.036248893301],
      [0, 0.022951881004, 0.90734378183, 0.045599368758, 0.024104968404],
      [0.00038033430533, 0.15839542071, 0.55882967228, 0.055588360218, 0.22680621249]
    ],
    [
      [0, 0.13229142034, 0.17829488449, 0.59444537166, 0.094968323503],
      [0.15420774867, 0.71305029014, 0.026657819529, 0.021956064739, 0.084128076925],
      [0.026936618432, 0.88508037372, 0.01539746568, 0.036271592331, 0.036313949841],
      [0, 0.045972595041, 0.83974297457, 0.059834685473, 0.054449744913],
      [0.00030225518782, 0.2744066651, 0.33575159424, 0.044567542379, 0.3449719431]
    ],
    [
      [0, 0.066091565919, 0.2472530189, 0.59177997804, 0.094875437139],
      [0, 0.73296711325, 0.071299775631, 0.03769436292, 0.1580387482],
      [0, 0.82670668443, 0.047327491394, 0.064742507217, 0.061223316957],
      [0, 0.013133461793, 0.90078663874, 0.048145550798, 0.037934348668],
      [0, 0.13235355177, 0.46474446398, 0.042986710551, 0.35991527369]
    ],
    [
      [4.2450716989e-06, 0.016960327953, 0.98230394163, 8.3029853697e-13, 0.00073148534788],
      [0, 0.65915275932, 0.34084724068, 0, 0],
      [0, 0.78028241356, 0.21971758644, 0, 0],
      [0, 0, 1, 0, 0],
      [1.6516184859e-08, 3.7873794545e-05, 0.99992870215, 3.3407542586e-05, 4.1450995804e-15]
    ],
    [
      [0, 0.094289359207, 0.24794401627, 0.5797679979, 0.077998626626],
      [0.25127556328, 0.58128258272, 0.051539967919, 0.027408284649, 0.088493601433],
      [0.089862091938, 0.7840792395, 0.037288364397, 0.050244159412, 0.03852614475],
      [0, 0.030121008696, 0.88938874089, 0.047045436685, 0.033444813734],
      [0.00040033551319, 0.19145537706, 0.47670075215, 0.048320839686, 0.28312269559]
    ],
    [
      [1.3807434545e-06, 0.0079231222056, 0.7789679059, 0.20729127125, 0.0058163199077],
      [0, 0.28865733078, 0.71134266922, 0, 0],
      [0, 0.71134266922, 0.28865733078, 0, 0],
      [0, 0, 1, 0, 0],
      [2.3884223585e-06, 0.00690507502, 0.98044160657, 0.006654674844, 0.0059962551398]
    ],
    [
      [0.00052365382397, 0.11588892567, 0.15850720048, 0.67998559216, 0.045094627867],
      [0.36400855078, 0.54860497246, 0.02630045016, 0.022281368117, 0.03880465848],
      [0.13520627486, 0.78209271507, 0.02092316366, 0.044084715164, 0.017693131248],
      [0.0031148432862, 0.053244376439, 0.84255824717, 0.073035581906, 0.0280469512],
      [0.0011104503424, 0.31056452463, 0.39895137314, 0.072862499341, 0.21651115255]
    ],
    [
      [0.022601652753, 0.20487631974, 0.45739137923, 0.31513064827, 0],
      [0.1835436103, 0.77700167796, 0.0362340814, 0.0032206303367, 0],
      [0.052491809352, 0.91955823323, 0.023300030685, 0.0046499267313, 0],
      [0.0085075117202, 0.032612488623, 0.95733024748, 0.0015497521805, 0],
      [0.00031639199502, 0.30093456935, 0.63282511047, 0.016135467511, 0.049788460668]
    ],
    [
      [0, 0.1673850795, 0.3417346891, 0.49088023139, 0],
      [0, 0.95534280049, 0.034554658936, 0.010102540572, 0],
      [0, 0.96863362725, 0.01716364392, 0.01420272883, 0],
      [0, 0.037447122309, 0.93463237306, 0.027920504633, 0],
      [9.082942199e-05, 0.30447364581, 0.62257283474, 0.029758762646, 0.043103927377]
    ],
    [
      [0, 0.022443914237, 0.17936431638, 0.79819176938, 0],
      [0.70912831088, 0.20252568596, 0.054775537166, 0.033570465994, 0],
      [0.23269735129, 0.56061856946, 0.096002916355, 0.11068116289, 0],
      [0, 0, 0.92877687775, 0.071223122254, 0],
      [0, 0.15973633307, 0.73607262726, 0.10419103967, 0]
    ],
    [
      [0.0001641284716, 0.075417330038, 0.28251235406, 0.55745814931, 0.08444803812],
      [0.33808098078, 0.47607254017, 0.060497682102, 0.026996859699, 0.098351937253],
      [0.13300885078, 0.71584019058, 0.048570897349, 0.055221021724, 0.047359039566],
      [0.00057109178637, 0.022231422969, 0.90516853776, 0.0408180901, 0.031210857383],
      [0.000516361892, 0.14568475121, 0.51730664708, 0.044418582294, 0.29207365753]
    ],
    [
      [0, 0.084112097613, 0.24652304633, 0.60152057793, 0.067844278127],
      [0.38052626961, 0.47507934324, 0.046283435938, 0.026242365043, 0.071868586168],
      [0.14814107675, 0.72447752912, 0.03725439521, 0.053934896355, 0.03619210257],
      [0, 0.026409542658, 0.89460570289, 0.048456285637, 0.030528468817],
      [0.00061707449838, 0.18109422874, 0.50467259145, 0.052576172411, 0.2610399329]
    ],
    [
      [0, 0.043564906727, 0.27301981447, 0.63874152223, 0.044673756571],
      [0.1934501182, 0.53542020165, 0.11269823084, 0.05843960587, 0.09999184344],
      [0.071669295005, 0.69784841154, 0.080396092203, 0.10720728431, 0.042878916942],
      [0, 0.016095429527, 0.92162433614, 0.04425689498, 0.018023339354],
      [0.00016008217226, 0.10608820476, 0.63407137077, 0.064775379558, 0.19490496275]
    ],
    [
      [6.7308336226e-05, 0.1043922505, 0.21358526003, 0.61730307016, 0.064652110972],
      [0.25182939573, 0.60826123622, 0.04290566296, 0.027356692147, 0.069647012945],
      [0.085535310492, 0.80484714741, 0.030510642224, 0.049483174208, 0.029623725669],
      [0, 0.037400433288, 0.87525641963, 0.055341603854, 0.032001543224],
      [0.00046915976048, 0.23359486417, 0.4514636387, 0.057090688041, 0.25738164932]
    ],
    [
      [0, 0.081313191547, 0.29808741283, 0.57100814461, 0.049591251017],
      [0.26491529253, 0.56829494909, 0.071379457559, 0.031174235014, 0.064236065809],
      [0.094495670663, 0.76841973546, 0.051748293927, 0.057368705381, 0.027967594566],
      [0, 0.022941278468, 0.91900411105, 0.039985034702, 0.018069575782],
      [0.00033838864334, 0.17056840729, 0.59404833852, 0.049778690618, 0.18526617493]
    ],
    [
      [0.99999999427, 5.7349678751e-09, 1.0620912296e-136, 0, 4.1872471071e-47],
      [0, 0.98363256371, 0.016367436289, 0, 0],
      [0.012880855952, 0.98053091194, 0.0048563919377, 0.00032655309184, 0.0014052870821],
      [0, 0.027279060482, 0.97272093952, 0, 0],
      [0.00016071766435, 0.43692908793, 0.55082756728, 0.002528698764, 0.0095539283641]
    ],
    [
      [0, 0.13751478377, 0.064266520923, 0.79821869531, 0],
      [0.71508160833, 0.28268646176, 0, 0.0022319299106, 0],
      [0.28491839167, 0.70546368119, 0, 0.0096179271483, 0],
      [0, 0.12477835776, 0.81191115969, 0.063310482543, 0],
      [0.0038694388821, 0.54471511816, 0.33306181933, 0.064288871651, 0.054064751968]
    ],
    [
      [1.2478203196e-221, 1.5001400324e-227, 0, 1, 5.805736181e-287],
      [0, 0.13494430771, 0.64933467483, 0.21572101746, 0],
      [0, 0.30412061117, 0.30373989755, 0.39213949127, 0],
      [0, 0.085604823314, 0.91439517669, 0, 0],
      [0, 1.3988605267e-212, 1, 6.9277157967e-96, 0]
    ],
    [
      [0, 0.041745478565, 0.20794578417, 0.68478293797, 0.065525799289],
      [0.1930881556, 0.51824093736, 0.083510466919, 0.057129242083, 0.14803119804],
      [0.065912465589, 0.70622665439, 0.060577735845, 0.10371719974, 0.063565944439],
      [0, 0.019952363457, 0.89437330674, 0.052544850519, 0.03312947928],
      [0.00014281777452, 0.10486188736, 0.51247520658, 0.06691731809, 0.3156027702]
    ],
    [
      [0, 0.043070605049, 0.14923067229, 0.76499159916, 0.042707123502],
      [0.53169143054, 0.39405310734, 0.014940657947, 0.017704057065, 0.041610747109],
      [0.2024628542, 0.70456232658, 0.019018910103, 0.047604219017, 0.026351690105],
      [0, 0.013032045975, 0.88232550029, 0.054138881248, 0.050503572484],
      [0, 0.16221579589, 0.52851868645, 0.069454662059, 0.2398108556]
    ],
    [
      [0, 0.09038634055, 0.31560420354, 0.47376680912, 0.12024264679],
      [0.4001920322, 0.42871701905, 0.052499758525, 0.016813046602, 0.10177814362],
      [0.17222261913, 0.69185442778, 0.045096602149, 0.03766147743, 0.05316487351],
      [0, 0.025606722494, 0.90785800142, 0.030008251532, 0.036527024555],
      [0.00059212434787, 0.14391350563, 0.47783552321, 0.03111588119, 0.34654296562]
    ],
    [
      [0.00016837810185, 0.071397748038, 0.24232157462, 0.64607960123, 0.040032698015],
      [0.33232269924, 0.51800669865, 0.061061389796, 0.035198075979, 0.053411136335],
      [0.12429840947, 0.73582849991, 0.046559928812, 0.069282644032, 0.024030517775],
      [0.00079071293751, 0.025842542694, 0.90503817347, 0.052076398504, 0.016252172392],
      [0.0005923176276, 0.17839039619, 0.5753286271, 0.066869683024, 0.17881897606]
    ],
    [
      [0.00058780911086, 0.002248717683, 0.073682491349, 0.92348098186, 0],
      [0.59837668528, 0.21536349467, 0.093013884727, 0.093245935324, 0],
      [0.1801397998, 0.37476496372, 0.14717610893, 0.29791912754, 0],
      [0, 0, 0.92326479943, 0.076735200572, 0],
      [0.040755906008, 0.032857860197, 0.76671461522, 0.15967161858, 0]
    ],
    [
      [0, 0.083853013139, 0.21717156223, 0.66049448778, 0.038480936848],
      [0.24723342399, 0.61138228254, 0.053825739533, 0.03589840016, 0.051660153778],
      [0.082304647029, 0.79496390276, 0.037966812373, 0.06350910233, 0.021255535504],
      [0, 0.032338926033, 0.8920799443, 0.057669580775, 0.017911548887],
      [0.00036211424971, 0.21723470804, 0.53363971505, 0.069896956598, 0.17886650606]
    ],
    [
      [0, 0.057927451316, 0.34675778909, 0.52394393022, 0.071370829376],
      [0.13193458047, 0.59193533852, 0.11159534662, 0.038117819902, 0.12641691449],
      [0.056135283103, 0.74195001253, 0.079092835367, 0.069041312495, 0.053780556501],
      [0, 0.016188452316, 0.92975197138, 0.03194645624, 0.022113120066],
      [0, 0.10768346759, 0.61375998622, 0.039976154472, 0.23858039172]
    ],
    [
      [1.2171308439e-05, 0.13520042512, 0.269670795, 0.43810294932, 0.15701365925],
      [0.42213858907, 0.45322511954, 0.02950485053, 0.0059615237997, 0.089169917054],
      [0.1814493276, 0.72437870259, 0.025915724476, 0.021484365787, 0.04677187954],
      [0, 0.047563515776, 0.86920375183, 0.027554845027, 0.055677887373],
      [0.00067165968144, 0.1947998162, 0.36958430588, 0.025508856953, 0.40943536128]
    ],
    [
      [0.0091692988459, 0.01044893937, 0.70240101324, 0.27798074854, 0],
      [0.26045800124, 0.28405640021, 0.40645340213, 0.049032196416, 0],
      [0.1071769533, 0.45259275664, 0.35250505498, 0.087725235082, 0],
      [0.045876229381, 0.026436348705, 0.9009771014, 0.026710320517, 0],
      [2.3037932754e-05, 0.006419407252, 0.9812779549, 0.00844718125, 0.003832418661]
    ],
    [
      [0.001242798951, 0.0068949328183, 0.019789939625, 0.96768046411, 0.0043918644954],
      [0.61159246846, 0.22294583782, 0.10158430023, 0.019943152189, 0.043934241309],
      [0.22952213686, 0.36033749776, 0.086043620787, 0.2952814697, 0.028815274902],
      [0.015132642167, 0.071145212623, 0.66170717959, 0.20302110619, 0.048993859429],
      [0.0010505720713, 0.088275953077, 0.22718721975, 0.52142606714, 0.16206018797]
    ],
    [
      [0.0006154247416, 0.077285052434, 0.29674072383, 0.23874250451, 0.38661629449],
      [0.2037168335, 0.4163714319, 0.050703161946, 0.0069530898047, 0.32225548284],
      [0.08279271564, 0.70319567296, 0.042092929952, 0.016082481223, 0.15583620022],
      [0.010860909437, 0.037424844191, 0.9008275088, 0.010157720177, 0.040729017393],
      [0.00014305658724, 0.062567372591, 0.22314506181, 0.0072612573853, 0.70688325162]
    ],
    [
      [0, 0.072783861768, 0.36531262022, 0.51035700876, 0.051546509251],
      [0.23506583544, 0.56515969408, 0.096091302208, 0.030228411177, 0.073454757102],
      [0.085374316488, 0.7572899417, 0.069496628734, 0.055907298984, 0.031931814093],
      [0, 0.017315798528, 0.93808574407, 0.029353632833, 0.015244824564],
      [0.00026954963747, 0.13657514634, 0.65086131746, 0.039831788226, 0.17246219834]
    ],
    [
      [7.656192961e-05, 0.1218111857, 0.24361197788, 0.58688012803, 0.04762014646],
      [0.23264013891, 0.65490714482, 0.04275346498, 0.023322447761, 0.046376803536],
      [0.07714367235, 0.83475679952, 0.029003556967, 0.040041752765, 0.019054218395],
      [0, 0.038405909655, 0.89198141098, 0.048312366768, 0.021300312592],
      [0.00046085523343, 0.26446141974, 0.49942125776, 0.050830810189, 0.18482565708]
    ],
    [
      [2.4633773913e-05, 0.062074353759, 0.26845369895, 0.61481711948, 0.054630194042],
      [0.26820061898, 0.52771339198, 0.078059845415, 0.039526240217, 0.086499903405],
      [0.097602770021, 0.73037668248, 0.057781167981, 0.075501347787, 0.038738031732],
      [0, 0.020399444202, 0.91157749723, 0.045089199515, 0.022933859052],
      [0.0003439844153, 0.14075800489, 0.58004217435, 0.057907613533, 0.22094822282]
    ],
    [
      [3.0694984684e-05, 0.15386990182, 0.62098054887, 0.2117058567, 0.013412997626],
      [0, 0.95739737489, 0.042602625108, 0, 0],
      [0, 0.97901264446, 0.020987355543, 0, 0],
      [0, 0.01352683917, 0.98647316083, 0, 0],
      [7.3194817632e-05, 0.20056568544, 0.77028551395, 0.0084588584334, 0.02061674736]
    ],
    [
      [0, 0.042007236398, 0.2837486449, 0.64541129861, 0.028832820085],
      [0.203472922, 0.54457845432, 0.12278179734, 0.061165315346, 0.068001510996],
      [0.071443097103, 0.70463128455, 0.085617815598, 0.10990526058, 0.028402542173],
      [0, 0.014359323182, 0.93362550876, 0.044315421245, 0.007699746817],
      [0.00017130342339, 0.1074477415, 0.6913488492, 0.067453635806, 0.13357847007]
    ],
    [
      [0.00053570156087, 0.11390050943, 0.30727780771, 0.54351642537, 0.034769555931],
      [0.26223494307, 0.62929300877, 0.054507322096, 0.022916064749, 0.031048661314],
      [0.089010900747, 0.82322766891, 0.037731597945, 0.037607668573, 0.012422163828],
      [0.002806406293, 0.028986653827, 0.92508350879, 0.036363120783, 0.006760310303],
      [0.00053168409557, 0.23171599575, 0.59564081598, 0.042436618045, 0.12967488613]
    ],
    [
      [0.00037300452859, 0.14645158126, 0.27407907619, 0.44953751063, 0.12955882739],
      [0.34096203964, 0.53090179478, 0.033493034231, 0.010018998656, 0.084624132688],
      [0.13156701431, 0.78070088625, 0.026338351365, 0.022232942588, 0.039160805481],
      [0.0029509832318, 0.044967892795, 0.87841073604, 0.027641030193, 0.046029357738],
      [0.0008066305025, 0.22209014938, 0.39337954097, 0.02724390139, 0.35647977776]
    ],
    [
      [0.00018857024194, 0.078685111842, 0.32777605822, 0.55039627295, 0.042953986745],
      [0.30899748022, 0.53265459127, 0.07649942647, 0.029337875704, 0.052510626333],
      [0.11463016996, 0.74892070172, 0.057567459286, 0.055866680225, 0.023014988808],
      [0.00081523957744, 0.021310926452, 0.92997987727, 0.035656819361, 0.012237137335],
      [0.00047353335933, 0.16047163732, 0.63558037126, 0.046681244411, 0.15679321364]
    ],
    [
      [0.00017056134683, 0.10208954857, 0.28546962964, 0.49918616695, 0.11308409349],
      [0.36315259735, 0.47724092661, 0.045852237387, 0.017750355161, 0.096003883484],
      [0.14605174883, 0.73276423557, 0.037742935059, 0.037160431502, 0.046280649037],
      [2.3276925866e-05, 0.031504348582, 0.89504562857, 0.034571428017, 0.038855317904],
      [0.0006412463682, 0.17048123572, 0.4532076369, 0.034223011705, 0.3414468693]
    ],
    [
      [0.00011043031533, 0.068992399252, 0.28984190208, 0.57046109419, 0.070594174163],
      [0.27911259721, 0.51565402509, 0.074175236785, 0.03304940108, 0.098008739841],
      [0.10399522175, 0.73114181894, 0.056205550516, 0.063972410049, 0.044684998745],
      [0.0002732036303, 0.020431672276, 0.91226862558, 0.040699698634, 0.02632679988],
      [0.00037999875358, 0.13973948448, 0.55697048406, 0.048107857357, 0.25480217534]
    ],
    [
      [0.00025871492324, 0.047148047247, 0.30193499629, 0.6040073831, 0.046650858439],
      [0.30541766129, 0.46629709703, 0.09965090593, 0.04433922086, 0.084295114887],
