{
  "X": [
    [4, 31, 6, 1, 5, 4, 2],
    [3, 26, 3, 1, 3, 7, 2],
    [3, 14, 0, 0, 0, 3, 2],
    [9, 49, 1, 6, 3, 6, 7],
    [8, 130, 0, 10, 5, 17, 14],
    [14, 66, 4, 2, 9, 15, 7],
    [6, 100, 1, 3, 6, 16, 19],
    [12, 73, 2, 4, 3, 10, 11],
    [2, 33, 0, 0, 0, 4, 3],
    [20, 159, 7, 10, 6, 30, 34],
    [32, 291, 13, 13, 16, 40, 54],
    [7, 58, 3, 0, 1, 15, 8],
    [7, 46, 2, 2, 5, 8, 10],
    [4, 85, 0, 2, 2, 12, 9],
    [3, 34, 2, 1, 1, 3, 4],
    [12, 66, 0, 4, 4, 15, 10],
    [3, 53, 2, 2, 1, 11, 8],
    [32, 157, 9, 11, 7, 15, 20],
    [6, 51, 0, 2, 2, 7, 5],
    [2, 3, 0, 0, 0, 1, 0],
    [6, 23, 3, 1, 3, 16, 3],
    [2, 25, 2, 5, 3, 5, 4],
    [2, 5, 1, 0, 2, 3, 0],
    [9, 60, 1, 4, 1, 6, 3],
    [0, 13, 0, 0, 0, 2, 1],
    [31, 42, 1, 4, 2, 9, 5],
    [7, 42, 2, 3, 2, 11, 7],
    [12, 45, 2, 1, 5, 11, 4],
    [7, 16, 0, 0, 1, 3, 2],
    [1, 46, 3, 5, 3, 2, 3],
    [0, 37, 0, 4, 3, 10, 13],
    [0, 4, 0, 0, 4, 7, 2],
    [24, 183, 2, 22, 11, 48, 15],
    [4, 80, 0, 4, 10, 21, 17],
    [6, 68, 6, 2, 5, 10, 4],
    [4, 38, 0, 2, 6, 13, 3],
    [4, 97, 3, 4, 7, 23, 11],
    [6, 104, 4, 4, 3, 15, 7],
    [13, 176, 3, 3, 4, 24, 12],
    [5, 34, 7, 3, 2, 7, 13],
    [2, 9, 1, 0, 0, 3, 1],
    [2, 15, 0, 0, 3, 3, 3],
    [12, 99, 3, 2, 2, 10, 10],
    [12, 199, 14, 7, 7, 30, 32],
    [14, 89, 6, 3, 8, 12, 10],
    [4, 51, 1, 3, 1, 14, 8],
    [1, 18, 0, 0, 1, 8, 2],
    [5, 22, 0, 1, 0, 6, 0],
    [5, 31, 1, 1, 0, 3, 0],
    [17, 83, 6, 3, 7, 25, 18],
    [1, 16, 1, 1, 2, 5, 6],
    [7, 43, 1, 0, 2, 4, 9],
    [6, 22, 1, 3, 2, 14, 6],
    [12, 54, 0, 3, 7, 12, 8],
    [10, 58, 4, 3, 5, 13, 7],
    [10, 47, 3, 3, 3, 8, 8],
    [6, 90, 9, 6, 3, 28, 17],
    [10, 24, 0, 2, 1, 2, 6],
    [4, 27, 1, 3, 0, 6, 4],
    [3, 14, 0, 2, 3, 8, 3],
    [2, 1, 0, 1, 0, 1, 1],
    [10, 57, 2, 2, 0, 12, 7],
    [2, 3, 0, 0, 0, 1, 1],
    [0, 12, 0, 1, 0, 3, 2],
    [0, 18, 0, 0, 1, 6, 3],
    [7, 31, 1, 1, 0, 8, 5],
    [12, 26, 1, 0, 0, 3, 3],
    [9, 55, 0, 3, 3, 14, 9],
    [15, 142, 9, 10, 8, 15, 19],
    [19, 103, 1, 2, 1, 12, 10],
    [2, 8, 1, 1, 0, 2, 4],
    [16, 92, 7, 2, 1, 12, 12],
    [1, 2, 0, 0, 0, 2, 2],
    [6, 24, 1, 2, 4, 7, 4],
    [2, 23, 2, 2, 0, 3, 2],
    [4, 28, 0, 0, 2, 4, 6],
    [3, 13, 1, 0, 2, 2, 3],
    [2, 18, 1, 0, 0, 5, 1],
    [1, 27, 1, 0, 2, 6, 5],
    [1, 16, 0, 0, 2, 2, 2],
    [15, 70, 1, 2, 3, 6, 10],
    [3, 3, 0, 0, 0, 2, 3],
    [3, 41, 1, 2, 4, 2, 8],
    [2, 2, 0, 0, 0, 2, 1],
    [3, 37, 2, 1, 3, 4, 6],
    [4, 19, 1, 2, 2, 8, 1],
    [13, 48, 4, 1, 3, 12, 4],
    [3, 9, 0, 0, 1, 1, 2],
    [3, 12, 0, 2, 0, 2, 6],
    [2, 11, 0, 1, 0, 0, 1],
    [18, 93, 3, 5, 3, 20, 13],
    [2, 43, 1, 3, 0, 7, 5],
    [2, 7, 0, 1, 1, 4, 0],
    [1, 4, 1, 0, 0, 0, 4],
    [1, 4, 1, 0, 0, 0, 4],
    [2, 6, 1, 0, 1, 2, 4],
    [0, 19, 1, 0, 2, 6, 9],
    [1, 9, 0, 0, 0, 2, 2],
    [2, 6, 2, 2, 3, 5, 2],
    [1, 2, 0, 0, 2, 1, 3],
    [2, 1, 0, 0, 3, 3, 1],
    [3, 42, 2, 2, 2, 9, 4],
    [5, 13, 0, 0, 1, 2, 3],
    [5, 10, 2, 0, 2, 6, 2],
    [1, 0, 0, 0, 2, 1, 2],
    [14, 81, 8, 4, 2, 13, 11],
    [1, 9, 0, 0, 0, 3, 3],
    [2, 19, 2, 0, 0, 5, 7],
    [3, 15, 0, 0, 2, 6, 3],
    [0, 6, 2, 0, 1, 1, 2],
    [2, 35, 0, 2, 2, 9, 6],
    [3, 10, 1, 1, 1, 5, 5],
    [2, 15, 2, 0, 0, 4, 3],
    [3, 19, 4, 1, 1, 4, 7],
    [4, 69, 0, 2, 6, 16, 11],
    [2, 16, 2, 2, 1, 2, 4],
    [2, 11, 0, 0, 0, 2, 1],
    [0, 7, 2, 1, 1, 2, 3],
    [0, 10, 1, 0, 0, 4, 7],
    [1, 19, 3, 0, 1, 8, 2],
    [1, 12, 1, 0, 3, 1, 3],
    [10, 20, 2, 1, 2, 7, 2],
    [9, 61, 0, 2, 1, 7, 9],
    [3, 15, 1, 1, 1, 3, 2],
    [6, 43, 3, 4, 1, 25, 13],
    [8, 95, 6, 4, 5, 13, 11],
    [4, 24, 0, 1, 2, 8, 8],
    [16, 104, 6, 7, 4, 18, 25],
    [23, 103, 7, 0, 2, 8, 22],
    [10, 96, 9, 4, 4, 10, 4],
    [19, 81, 12, 8, 1, 8, 10],
    [12, 151, 5, 4, 3, 22, 16],
    [5, 38, 4, 2, 1, 8, 6],
    [8, 49, 6, 3, 4, 9, 3],
    [4, 23, 3, 0, 3, 5, 4],
    [6, 25, 0, 1, 0, 12, 4],
    [2, 10, 0, 1, 2, 0, 2],
    [0, 7, 0, 1, 0, 1, 1],
    [3, 50, 1, 3, 1, 15, 10],
    [0, 3, 0, 0, 1, 1, 1],
    [0, 8, 0, 1, 2, 3, 1],
    [2, 7, 0, 1, 1, 2, 1],
    [8, 47, 2, 5, 1, 10, 8],
    [23, 82, 11, 6, 2, 20, 14],
    [16, 94, 5, 4, 5, 14, 15],
    [8, 38, 2, 4, 2, 5, 4],
    [18, 47, 6, 2, 2, 19, 6],
    [2, 24, 1, 2, 2, 7, 3],
    [10, 32, 0, 1, 1, 6, 4],
    [0, 1, 1, 1, 0, 2, 1],
    [3, 21, 2, 2, 1, 1, 3],
    [1, 17, 0, 0, 2, 3, 0],
    [9, 26, 0, 2, 0, 5, 2],
    [0, 4, 0, 0, 0, 0, 2],
    [4, 19, 0, 1, 0, 3, 0],
    [8, 32, 0, 0, 2, 11, 5],
    [8, 49, 4, 5, 4, 11, 9],
    [4, 26, 1, 2, 4, 8, 3],
    [2, 23, 1, 2, 0, 7, 2],
    [0, 5, 0, 0, 0, 0, 2],
    [5, 16, 2, 0, 1, 1, 1],
    [4, 19, 0, 1, 1, 4, 1],
    [8, 21, 2, 2, 0, 11, 3],
    [5, 24, 4, 1, 5, 12, 5],
    [3, 30, 3, 0, 3, 4, 3],
    [7, 34, 1, 0, 2, 2, 4],
    [2, 10, 1, 2, 1, 5, 6],
    [8, 13, 3, 2, 0, 3, 1],
    [0, 11, 1, 0, 5, 3, 1],
    [0, 3, 1, 0, 0, 2, 1],
    [5, 65, 0, 6, 2, 13, 8],
    [6, 4, 1, 0, 3, 2, 2],
    [9, 36, 2, 1, 2, 9, 4],
    [0, 17, 1, 2, 0, 5, 2],
    [1, 12, 0, 0, 0, 3, 0],
    [1, 5, 0, 0, 0, 3, 0],
    [1, 8, 0, 0, 0, 2, 3],
    [3, 17, 2, 1, 2, 4, 2],
    [0, 3, 0, 1, 1, 1, 2],
    [2, 3, 0, 1, 0, 0, 1],
    [3, 24, 0, 1, 2, 9, 3],
    [0, 1, 0, 0, 0, 5, 1],
    [1, 7, 0, 0, 0, 3, 1],
    [6, 31, 3, 1, 2, 10, 10],
    [2, 15, 0, 0, 2, 4, 4],
    [2, 8, 1, 0, 1, 1, 3],
    [1, 3, 0, 0, 0, 1, 1],
    [2, 21, 2, 3, 4, 6, 5],
    [1, 2, 0, 1, 2, 1, 1],
    [2, 25, 1, 3, 0, 7, 8],
    [2, 10, 1, 2, 2, 0, 1],
    [7, 89, 6, 3, 3, 14, 12],
    [4, 43, 1, 0, 2, 12, 4],
    [3, 5, 0, 0, 0, 4, 1],
    [0, 6, 0, 1, 0, 0, 1],
    [2, 10, 0, 0, 1, 1, 7],
    [3, 24, 1, 4, 0, 6, 2],
    [2, 6, 1, 0, 0, 3, 2],
    [0, 5, 0, 1, 1, 1, 0],
    [1, 19, 2, 2, 0, 3, 3],
    [0, 7, 2, 0, 0, 1, 0],
    [0, 5, 0, 0, 1, 1, 1],
    [2, 10, 1, 0, 0, 3, 0],
    [1, 26, 4, 1, 3, 6, 9],
    [1, 8, 0, 0, 2, 5, 1],
    [1, 5, 0, 0, 2, 0, 1],
    [4, 22, 4, 1, 0, 9, 5],
    [1, 1, 0, 1, 0, 2, 1],
    [5, 45, 2, 0, 2, 14, 7],
    [15, 54, 3, 3, 5, 19, 18],
    [0, 6, 0, 0, 0, 2, 3],
    [39, 336, 21, 16, 21, 84, 39],
    [14, 75, 10, 9, 8, 10, 7],
    [150, 630, 42, 76, 44, 138, 112],
    [0, 14, 0, 2, 3, 4, 4]
  ],
  "W": [
    [0, 1, 7, 3, 39, 3],
    [3, 0, 3, 0, 35, 4],
    [2, 0, 1, 2, 14, 3],
    [4, 1, 1, 7, 64, 4],
    [1, 4, 7, 12, 152, 8],
    [5, 11, 4, 7, 87, 3],
    [4, 3, 5, 10, 116, 13],
    [4, 3, 1, 8, 97, 2],
    [0, 5, 0, 0, 32, 5],
    [16, 9, 9, 12, 200, 20],
    [7, 23, 13, 11, 382, 23],
    [2, 6, 3, 1, 75, 5],
    [3, 2, 4, 7, 56, 8],
    [2, 7, 0, 4, 98, 3],
    [0, 2, 3, 2, 40, 1],
    [4, 3, 2, 8, 88, 6],
    [3, 6, 2, 1, 64, 4],
    [5, 7, 11, 11, 209, 8],
    [1, 0, 1, 2, 68, 1],
    [0, 0, 0, 0, 6, 0],
    [2, 0, 4, 3, 45, 1],
    [1, 3, 2, 3, 36, 1],
    [0, 0, 2, 0, 10, 1],
    [3, 2, 1, 4, 72, 2],
    [0, 0, 0, 1, 15, 0],
    [0, 2, 1, 26, 60, 5],
    [4, 0, 4, 2, 62, 2],
    [3, 7, 5, 1, 61, 3],
    [0, 1, 2, 2, 24, 0],
    [3, 1, 0, 8, 51, 0],
    [4, 3, 6, 4, 48, 2],
    [0, 0, 7, 0, 9, 1],
    [5, 7, 8, 23, 252, 10],
    [2, 3, 10, 6, 112, 3],
    [4, 2, 7, 4, 80, 4],
    [2, 6, 7, 2, 49, 0],
    [5, 13, 3, 4, 121, 3],
    [1, 2, 4, 6, 127, 3],
    [1, 0, 1, 1, 228, 4],
    [3, 0, 2, 5, 51, 10],
    [0, 3, 2, 0, 11, 0],
    [0, 0, 2, 0, 22, 2],
    [3, 3, 4, 6, 115, 7],
    [14, 7, 11, 12, 237, 20],
    [4, 6, 6, 8, 106, 12],
    [2, 6, 1, 2, 66, 5],
    [0, 1, 4, 1, 21, 3],
    [0, 1, 0, 6, 27, 0],
    [0, 1, 0, 6, 34, 0],
    [6, 8, 11, 11, 114, 9],
    [5, 3, 1, 5, 15, 3],
    [4, 4, 2, 5, 50, 1],
    [2, 5, 6, 6, 31, 4],
    [0, 8, 7, 4, 72, 5],
    [5, 3, 8, 4, 74, 6],
    [6, 9, 5, 6, 52, 4],
    [5, 12, 2, 11, 119, 10],
    [0, 0, 2, 3, 36, 4],
    [1, 1, 2, 4, 35, 2],
    [2, 2, 2, 1, 23, 3],
    [0, 0, 0, 2, 3, 1],
    [3, 4, 1, 1, 76, 5],
    [0, 0, 0, 2, 5, 0],
    [1, 1, 0, 0, 14, 2],
    [2, 3, 2, 0, 19, 2],
    [4, 1, 0, 2, 45, 1],
    [1, 1, 0, 2, 37, 4],
    [0, 6, 3, 8, 68, 8],
    [6, 10, 8, 9, 166, 19],
    [4, 6, 1, 9, 120, 8],
    [0, 1, 1, 0, 15, 1],
    [4, 4, 1, 7, 119, 7],
    [7, 0, 0, 0, 0, 0],
    [1, 3, 4, 1, 34, 5],
    [1, 1, 2, 3, 25, 2],
    [1, 2, 2, 1, 35, 3],
    [3, 2, 2, 1, 14, 2],
    [2, 0, 0, 0, 22, 3],
    [2, 1, 3, 2, 28, 6],
    [1, 2, 0, 0, 18, 2],
    [5, 4, 4, 2, 83, 9],
    [1, 0, 0, 0, 7, 3],
    [1, 6, 6, 3, 43, 2],
    [2, 0, 0, 0, 4, 1],
    [1, 1, 3, 2, 47, 2],
    [1, 2, 2, 3, 24, 5],
    [2, 5, 6, 2, 66, 4],
    [0, 0, 1, 0, 14, 1],
    [1, 1, 3, 4, 15, 1],
    [0, 0, 0, 0, 14, 1],
    [5, 5, 6, 8, 123, 8],
    [0, 3, 1, 0, 49, 8],
    [1, 1, 0, 2, 9, 2],
    [0, 0, 1, 0, 8, 1],
    [0, 0, 1, 0, 8, 1],
    [1, 2, 1, 2, 9, 1],
    [3, 1, 4, 0, 24, 5],
    [2, 0, 0, 0, 11, 1],
    [1, 0, 3, 2, 16, 0],
    [1, 1, 2, 0, 5, 0],
    [2, 1, 5, 0, 2, 0],
    [0, 0, 4, 5, 50, 5],
    [2, 2, 1, 1, 17, 1],
    [2, 0, 1, 2, 19, 3],
    [1, 0, 1, 0, 3, 1],
    [8, 3, 4, 8, 95, 15],
    [1, 2, 0, 1, 10, 2],
    [1, 2, 3, 0, 27, 2],
    [0, 1, 5, 3, 19, 1],
    [2, 1, 1, 3, 4, 1],
    [2, 5, 3, 4, 37, 5],
    [3, 2, 4, 1, 15, 1],
    [1, 2, 2, 1, 17, 3],
    [1, 2, 3, 2, 24, 7],
    [4, 5, 13, 3, 73, 10],
    [0, 5, 2, 6, 14, 2],
    [1, 0, 1, 0, 12, 2],
    [0, 1, 1, 0, 13, 1],
    [0, 2, 0, 0, 18, 2],
    [1, 2, 2, 2, 24, 3],
    [3, 0, 4, 1, 12, 1],
    [2, 1, 3, 6, 32, 0],
    [3, 3, 2, 4, 66, 11],
    [1, 0, 2, 2, 20, 1],
    [1, 3, 7, 5, 71, 8],
    [4, 2, 8, 10, 110, 8],
    [2, 2, 4, 1, 30, 8],
    [12, 13, 4, 9, 131, 11],
    [12, 8, 2, 7, 124, 12],
    [6, 2, 4, 8, 114, 3],
    [6, 7, 4, 11, 105, 6],
    [13, 5, 4, 8, 173, 10],
    [3, 3, 3, 3, 52, 0],
    [1, 3, 5, 9, 60, 4],
    [3, 4, 2, 1, 29, 3],
    [1, 1, 0, 0, 39, 7],
    [2, 0, 2, 1, 11, 1],
    [0, 0, 2, 0, 7, 1],
    [2, 5, 1, 10, 54, 11],
    [0, 1, 1, 0, 4, 0],
    [1, 0, 1, 1, 11, 1],
    [1, 1, 1, 1, 9, 1],
    [2, 4, 2, 6, 59, 8],
    [9, 4, 3, 19, 114, 9],
    [6, 7, 3, 10, 117, 10],
    [5, 3, 1, 6, 45, 3],
    [6, 1, 3, 8, 75, 7],
    [1, 1, 2, 3, 29, 5],
    [2, 0, 2, 3, 45, 2],
    [1, 1, 0, 1, 3, 0],
    [2, 0, 0, 4, 23, 4],
    [0, 0, 3, 0, 19, 1],
    [2, 1, 4, 1, 32, 4],
    [0, 0, 0, 0, 5, 1],
    [0, 0, 0, 1, 25, 1],
    [4, 1, 3, 5, 43, 2],
    [7, 2, 5, 8, 63, 5],
    [4, 3, 7, 1, 31, 2],
    [0, 2, 0, 2, 31, 2],
    [0, 0, 0, 2, 5, 0],
    [2, 0, 0, 1, 21, 2],
    [0, 0, 2, 2, 25, 1],
    [1, 5, 1, 5, 31, 4],
    [1, 2, 6, 6, 36, 5],
    [0, 1, 5, 0, 33, 7],
    [2, 4, 0, 3, 35, 6],
    [0, 2, 1, 2, 18, 4],
    [0, 0, 0, 5, 22, 3],
    [2, 0, 4, 0, 15, 0],
    [0, 0, 1, 0, 5, 1],
    [2, 0, 2, 3, 86, 6],
    [2, 1, 4, 0, 9, 2],
    [1, 1, 3, 7, 43, 8],
    [1, 0, 0, 1, 23, 2],
    [1, 1, 0, 1, 13, 0],
    [1, 0, 0, 1, 5, 2],
    [2, 1, 1, 0, 9, 1],
    [1, 2, 2, 0, 24, 2],
    [1, 0, 1, 0, 6, 0],
    [0, 1, 0, 1, 4, 1],
    [1, 2, 5, 1, 31, 2],
    [0, 0, 1, 0, 5, 1],
    [0, 1, 0, 0, 10, 1],
    [4, 0, 4, 2, 45, 8],
    [5, 1, 1, 1, 18, 1],
    [9, 0, 1, 0, 4, 2],
    [1, 0, 0, 0, 5, 0],
    [2, 2, 2, 3, 30, 4],
    [0, 0, 2, 0, 4, 2],
    [4, 1, 4, 1, 32, 4],
    [1, 2, 0, 2, 10, 3],
    [7, 3, 3, 4, 110, 7],
    [4, 0, 4, 3, 51, 4],
    [3, 0, 0, 3, 7, 0],
    [0, 0, 0, 0, 7, 1],
    [5, 0, 2, 0, 14, 0],
    [0, 4, 0, 2, 30, 4],
    [2, 1, 0, 0, 10, 1],
    [0, 0, 1, 1, 6, 0],
    [2, 1, 4, 2, 19, 2],
    [0, 0, 0, 1, 9, 0],
    [0, 0, 2, 0, 5, 1],
    [1, 1, 0, 0, 14, 0],
    [4, 1, 4, 0, 36, 5],
    [0, 0, 5, 0, 10, 2],
    [1, 0, 2, 0, 6, 0],
    [3, 0, 4, 1, 36, 1],
    [0, 1, 1, 1, 3, 0],
    [4, 1, 3, 3, 58, 6],
    [8, 3, 16, 7, 70, 13],
    [1, 1, 0, 0, 8, 1],
    [23, 18, 32, 24, 414, 45],
    [4, 6, 7, 15, 89, 12],
    [42, 58, 61, 102, 845, 84],
    [1, 1, 3, 2, 20, 0]
  ],
  "method": "mvn_cdf",
  "mvncdf_method": "genz",
  "mvncdf_samples": 5000,
  "mvncdf_error": 0.001,
  "cond_prob": [
    [
      [0.10363700598, 0.21776242972, 0.33805629602, 6.0850772718e-06, 0.056564154318, 0.089447035793, 0.19452699308],
      [0.070309608539, 0.4104462576, 0.03535820754, 0.021098514184, 0.15965428613, 0.13950544239, 0.16362768362],
      [0.024452328365, 0.030691275908, 0.23378463957, 0.0016766279653, 0.51397699165, 0.13841836753, 0.056999769009],
      [0.2008319392, 0.10648605004, 0.54950239304, 0.1031772311, 0.0055940118384, 0.031143538774, 0.0032648360005],
      [0.074949035456, 0.75076190093, 0.036860096525, 0.016271005046, 0.030982432499, 0.063679265437, 0.026496264103],
      [0.077671964165, 0.25851417484, 0.41403279063, 0.0076880666498, 0.0058032897797, 0.10488133884, 0.13140837511]
    ],
    [
      [0.11798572811, 0.23762148844, 0.11368945061, 0.0011031077404, 0.0924841896, 0.21280898193, 0.22430705357],
      [0.057608969382, 0.32768871962, 0.0096865604419, 0.02771375081, 0.19607497648, 0.2426597151, 0.13856730816],
      [0.015672402586, 0.011584389067, 0.055579325301, 0.0013588634161, 0.66173165974, 0.21227053016, 0.041802829734],
      [0.26822025179, 0.13598501368, 0.21890955728, 0.27632665225, 0.0079835185654, 0.087666479818, 0.0049085266272],
      [0.063571816506, 0.68742528058, 0.053793101668, 0.026637369139, 0.020186826799, 0.13272225642, 0.015663348897],
      [0.093503007547, 0.29812438683, 0.15235877847, 0.015076541666, 0.0077033785065, 0.2698706223, 0.16336328468]
    ],
    [
      [0.18497385238, 0.36236258441, 0, 0, 0, 0.1698138053, 0.28284975791],
      [0.083569872016, 0.52429629477, 0.0011460895028, 0.0075677097359, 0.012069384003, 0.19824623667, 0.17310441331],
      [0.17896265195, 0.059851930895, 0, 0, 0, 0.58962626187, 0.17155915529],
      [0.64837103571, 0.25323017514, 0, 0, 0, 0.088558678507, 0.0098401106464],
      [0.051527222665, 0.81260533491, 0, 0, 0, 0.089845101841, 0.046022340584],
      [0.14432215152, 0.44416262043, 0, 0, 0, 0.21193244825, 0.1995827798]
    ],
    [
      [0.15532881234, 0.22734392678, 0.022852947285, 0, 0.10687011993, 0.10934691559, 0.37825727807],
      [0.073482189904, 0.29737983404, 0.0019197038342, 0.069191044133, 0.21883464938, 0.11856500043, 0.22062757827],
      [0.018733105572, 0.011393953439, 0.010398612034, 0.0005590043618, 0.79430163746, 0.09846361681, 0.066150070323],
      [0.29195613951, 0.10371120684, 0.03428298277, 0.51868434692, 0.0074633925442, 0.036886562129, 0.0070153692887],
      [0.088944753977, 0.71544228874, 0.0081497835699, 0.033458207648, 0.0229516848, 0.069863434039, 0.06118984723],
      [0.13757805601, 0.31689139461, 0.033675716782, 0.039533558394, 0.0095579146016, 0.15402950175, 0.30873385785]
    ],
    [
      [0.10534174835, 0.30278520335, 0, 2.723322449e-05, 0.040517152113, 0.13894288489, 0.41238577808],
      [0.044441937525, 0.4119775404, 0, 0.052752919234, 0.081268756042, 0.1565412229, 0.2530176239],
      [0.042829881805, 0.036047886539, 0, 0.0011753963177, 0.45340994568, 0.29483523396, 0.1717016557],
      [0.25454640112, 0.18981754236, 0, 0.47648848049, 0.0041781989937, 0.064731080544, 0.01023829649],
      [0.023766102402, 0.80542865667, 0, 0.025314314301, 0.0090913945168, 0.078704004384, 0.057695527726],
      [0.093759618784, 0.3867503884, 0, 0.026886971997, 0.0035634811821, 0.17890799411, 0.31013154552]
    ],
    [
      [0.16833468467, 0.20617707008, 0.046197757466, 0, 0.17086856346, 0.16213826475, 0.24628365958],
      [0.077710483543, 0.261925811, 0.0045507800877, 0.015230680479, 0.32810373153, 0.17114359984, 0.14133491352],
      [0.017585208072, 0.0093418172164, 0.018168598597, 4.0646060872e-05, 0.79098246809, 0.12607626975, 0.037804992218],
      [0.47956637751, 0.14417823524, 0.10680414445, 0.16175127464, 0.01682143282, 0.084334550863, 0.0065439844798],
      [0.09667293585, 0.69129832249, 0.030879101397, 0.0077148206241, 0.013883752347, 0.12067281519, 0.038878252106],
      [0.1552201213, 0.2994539189, 0.070722468209, 0.0096172045811, 0.015649926539, 0.23784907383, 0.21148728665]
    ],
    [
      [0.059927385231, 0.23024076483, 0.015895777161, 0, 0.068511225229, 0.1229304753, 0.50249437225],
      [0.031400170534, 0.33192443388, 0.0013030573676, 0.014044204203, 0.14785585186, 0.14696702579, 0.32650525636],
      [0.012011142054, 0.020708143188, 0.012466769916, 0.0001050496469, 0.60820676086, 0.19266340204, 0.15383873229],
      [0.2908754135, 0.27557107783, 0.063474135688, 0.22443033185, 0.013091917794, 0.1096927343, 0.022864389036],
      [0.016888267579, 0.78466463975, 0, 0.0053430947234, 0.017460196298, 0.092630159763, 0.083013641888],
      [0.056787774084, 0.32330107183, 0.018110193292, 0.0071722948243, 0.0065424454416, 0.17400262582, 0.4140835947]
    ],
    [
      [0.13510857312, 0.21083042544, 0.025201316688, 0.00010656596395, 0.059916551395, 0.11537379742, 0.45346276998],
      [0.073178743652, 0.31498592787, 0.0024413568796, 0.027571425156, 0.1353949006, 0.14283260177, 0.30359504408],
      [0.028786138454, 0.018656797255, 0.020289138703, 0.00043216703847, 0.6067273716, 0.18448186362, 0.14062652333],
      [0.41791218576, 0.15916559231, 0.063149468718, 0.27436098584, 0.0073738963481, 0.065089237588, 0.012948633442],
      [0.078658888711, 0.71478013358, 0.013324857142, 0.017460031973, 0.017292023525, 0.08330920542, 0.075174859648],
      [0.11901682355, 0.29303301074, 0.036937315684, 0.013958152793, 0.005552134153, 0.16190915749, 0.36959340559]
    ],
    [
      [0.1129032886, 0.4190753117, 0.01616471966, 4.1967345867e-06, 0.013013339445, 0.14910123707, 0.2897379068],
      [0.088645572938, 0.568505586, 0, 0, 0, 0.16814886007, 0.17469998099],
      [0.044433918107, 0.068749799795, 0.024455252603, 0.00032167722919, 0.22890333577, 0.46364735133, 0.16948866516],
      [0.39385991947, 0.34236245412, 0.043379162419, 0.1196909317, 0.0017485402866, 0.090130915799, 0.0088280762098],
      [0.03159453714, 0.8635249678, 0, 0, 0, 0.070199027696, 0.034681467359],
      [0.10914938937, 0.50493462005, 0, 0, 0, 0.18257736267, 0.20333862791]
    ],
    [
      [0.11009010092, 0.22186740028, 0.035981009514, 8.8550544401e-05, 0.031264881564, 0.13574660998, 0.46496144719],
      [0.060549133993, 0.33495375187, 0.0035963737321, 0.043186587183, 0.069361576206, 0.16972590022, 0.31862667679],
      [0.034263415389, 0.02859142289, 0.042159008241, 0.00095993312047, 0.36519743399, 0.31500443587, 0.2138243505],
      [0.30336101953, 0.15281421899, 0.081225874897, 0.37713092145, 0.0034875010284, 0.069755610537, 0.012224853569],
      [0.059515096881, 0.72250658764, 0.020196148687, 0.023324402414, 0.0074538862408, 0.095106077802, 0.071897800335],
      [0.092094691513, 0.29215634334, 0.049928258694, 0.020540648418, 0.0028051771368, 0.18035991643, 0.36211496448]
    ],
    [
      [0.10434859998, 0.19998920242, 0.04048643756, 3.2874157263e-05, 0.055609759633, 0.10558584089, 0.49394728535],
      [0.057853409718, 0.30405689261, 0.0041209161981, 0.035384681339, 0.12447897756, 0.13285160893, 0.34125351365],
      [0.026587755352, 0.021269793436, 0.038799238209, 0.00064968513276, 0.52731128607, 0.19952735644, 0.18585488535],
      [0.32194521962, 0.15495667841, 0.10271922963, 0.33772402495, 0.0069776070188, 0.061014525302, 0.014662715063],
      [0.06268574124, 0.71799552573, 0.025214061129, 0.021098876008, 0.014909503631, 0.077387409292, 0.080708882972],
      [0.091562608159, 0.27614980208, 0.058945256113, 0.017510495388, 0.0052384528474, 0.14688288463, 0.40371050078]
    ],
    [
      [0.13170353581, 0.24044733054, 0.049188485819, 0, 0.01885856656, 0.21613203512, 0.34367004614],
      [0.083176498502, 0.36373587696, 0.0052879472007, 0, 0.041724869194, 0.27155601003, 0.23451879812],
      [0.039785077175, 0.03003189283, 0.056477041918, 0, 0.22140103909, 0.49937472961, 0.15293021938],
      [0.54011234311, 0.19020099583, 0.13024402084, 0, 0.0023764224303, 0.12671484726, 0.010351370536],
      [0.067111369849, 0.714094447, 0.029930799408, 0, 0.00051320382845, 0.1326618387, 0.055688341214],
      [0.10894272481, 0.2998619755, 0.06508204859, 0, 0.0013727649783, 0.27278458626, 0.25195589986]
    ],
    [
      [0.09554321238, 0.20737283931, 0.026234016394, 0, 0.10204120031, 0.11569012534, 0.45311860627],
      [0.04885495019, 0.29251312288, 0.00246921792, 0.015175071373, 0.22024149921, 0.13528701792, 0.2854591205],
      [0.014012354677, 0.012293182963, 0.014571559112, 7.473224697e-05, 0.73463620221, 0.12786864618, 0.096543322611],
      [0.38673412624, 0.20254703765, 0.08560521898, 0.20879744429, 0.014983702871, 0.08428038549, 0.01705208448],
      [0.056234498546, 0.73077637955, 0.016741045878, 0.0078733375333, 0.020312112006, 0.087967861395, 0.080094765093],
      [0.087917530192, 0.30029699826, 0.040167272065, 0.0083577395502, 0.0090605499214, 0.16933975836, 0.38486015165]
    ],
    [
      [0.095839721601, 0.30404890225, 0, 6.1736136401e-07, 0.044651516213, 0.16209823665, 0.39336100592],
      [0.039836625871, 0.41966665708, 0, 0.019224763845, 0.092157766905, 0.18545424776, 0.24365993854],
      [0.019659967879, 0.031042687348, 0.015371007027, 0.00035760125481, 0.49301761719, 0.2993705204, 0.1411805989],
      [0.3430150026, 0.27588362117, 0, 0.25120877295, 0.0065933711017, 0.10958367023, 0.013715561944],
      [0.019355437814, 0.80792632147, 0, 0.0084826712945, 0.012524252673, 0.094964208707, 0.056747108042],
      [0.086857086507, 0.39130720238, 0, 0.0097628465695, 0.0039474509728, 0.21093221939, 0.29719319418]
    ],
    [
      [0.10875680601, 0.30313086639, 0.057198086107, 7.5289676988e-06, 0.017144077778, 0.093364398179, 0.42039823658],
      [0.060598546388, 0.46861600637, 0.0060738252716, 0.021600931094, 0.038382717107, 0.11924745199, 0.28548052178],
      [0.042808429252, 0.04840502823, 0.087301350996, 0.00085704530236, 0.29373107859, 0.28799119504, 0.23890587259],
      [0.34227628233, 0.22590571197, 0.14699532679, 0.21983101714, 0.0019404994455, 0.051427967638, 0.011623194687],
      [0.049435465145, 0.80189668503, 0.033838878745, 0.012619679106, 0.00091804756314, 0.041844321383, 0.059446923032],
      [0.088406449005, 0.38987407758, 0.078402493091, 0.0097778033874, 0.0014384286041, 0.12090272031, 0.31119802802]
    ],
    [
      [0.15418490065, 0.21083057747, 0, 0.0001708811011, 0.083703030204, 0.17641779235, 0.37469281823],
      [0.071051602083, 0.29154954419, 0, 0.026338366977, 0.1758477375, 0.2023135553, 0.23289919395],
      [0.031819734187, 0.014317484967, 0, 0.00040270052189, 0.64668748291, 0.21699196298, 0.089780634431],
      [0.45412073405, 0.15442795024, 0, 0.27472569807, 0.0096393546311, 0.096200499191, 0.010885763814],
      [0.075224102623, 0.696411584, 0, 0.018584662699, 0.019565195246, 0.12518512618, 0.065029329253],
      [0.14229653659, 0.28895851562, 0, 0.014373345252, 0.007569613699, 0.24458485691, 0.30221713193]
    ],
    [
      [0.084955757423, 0.27261451083, 0.03923757181, 0.00028905876565, 0.02114328424, 0.18657608017, 0.39518373676],
      [0.04383497433, 0.39364961416, 0.0041393624724, 0.034277540238, 0.044690949521, 0.22364784241, 0.25575971687],
      [0.026388275365, 0.035026978701, 0.046298492221, 0.00093315310838, 0.26593845839, 0.4451063993, 0.18030824291],
      [0.24432606444, 0.19308042841, 0.091855423426, 0.36009486796, 0.0023860742311, 0.097686942982, 0.010570198552],
      [0.029961590526, 0.75307879221, 0.022911801025, 0.021361230754, 0.0019927583462, 0.11201810805, 0.058675719087],
      [0.066869618225, 0.34002042384, 0.051660859061, 0.016096909955, 0.0016562312484, 0.23533151203, 0.28836444564]
    ],
    [
      [0.22849886017, 0.22886066177, 0.055653740079, 8.3519991791e-06, 0.032575038999, 0.091304071935, 0.36309927504],
      [0.12848953382, 0.35439158953, 0.0057123147124, 0.06466961228, 0.074224356347, 0.11714640781, 0.2553661855],
      [0.075745223014, 0.032310401213, 0.070199361357, 0.0014060895703, 0.41297255571, 0.22780672607, 0.17955964307],
      [0.41348515908, 0.10382608955, 0.082425461015, 0.36114528668, 0.0024292060833, 0.030195683886, 0.0064931137059],
      [0.11033120107, 0.71522195616, 0.030564543439, 0.030249230185, 0.0082522333677, 0.047475036506, 0.057905799278],
      [0.1896654671, 0.2995081661, 0.076860308968, 0.02963958832, 0.0029272696301, 0.1203932058, 0.28100599408]
    ],
    [
      [0.15217231559, 0.24769270113, 0, 8.4042961741e-05, 0.066891902079, 0.14184778948, 0.39131124876],
      [0.069259590877, 0.34719567404, 0.001400958777, 0.02931993598, 0.14529564644, 0.16482807936, 0.24270011452],
      [0.031873798811, 0.016864754166, 0, 0.00043042046956, 0.68139221013, 0.17674585031, 0.092692966111],
      [0.42760644824, 0.17124336186, 0, 0.31086697754, 0.0072279541811, 0.072959271364, 0.010095986811],
      [0.070905793822, 0.73613513564, 0, 0.020033762313, 0.018108005265, 0.093247103287, 0.061570199676],
      [0.13914700921, 0.33576659776, 0, 0.01545574417, 0.0059156213902, 0.19468479396, 0.30903023351]
    ],
    [
      [0.86056855226, 0.063474268355, 0.00054205504124, 2.4118373001e-07, 4.7339967786e-07, 0.059342286676, 0.016072123084],
      [0.077204902256, 0.34060431725, 0.0047133823446, 0.037279450635, 0.1028860807, 0.19367002735, 0.24364183947],
      [0.037520189927, 0.025016704682, 0.047661053165, 0.0006849074426, 0.44213068735, 0.306389777, 0.14059668043],
      [0.3641085017, 0.14829032458, 0.10156565147, 0.29585268177, 0.0049763984649, 0.076087652702, 0.0091187893042],
      [0.33333333333, 0.5, 0, 0, 0, 0.16666666667, 0],
      [0.76194357386, 0.10347214315, 0.00065031325746, 0.00028642515374, 2.2837274702e-05, 0.10911600292, 0.024508704388]
    ],
    [
      [0.10988282158, 0.10682537023, 0.053473539495, 0.0002166474448, 0.062908002734, 0.47445612893, 0.19223748959],
      [0.052769235209, 0.13973551887, 0.0045478658565, 0.011614358235, 0.12933664337, 0.54576247928, 0.11623389919],
      [0.01746981138, 0.01249024704, 0.029015742709, 0.00054961193413, 0.39231092016, 0.50812423788, 0.040039428905],
      [0.36039237248, 0.086304139613, 0.14214882976, 0.13259061237, 0.0082921255937, 0.26367434725, 0.0065975729314],
      [0.10104089179, 0.49672358991, 0.05074481099, 0.013197558527, 0.028332041978, 0.25880398976, 0.051157117044],
      [0.082337863229, 0.12491430674, 0.067026966324, 0.0057062865547, 0.0051220481152, 0.58138820961, 0.13350431943]
    ],
    [
      [0.083007093038, 0.1994255647, 0.059514348936, 0, 0.10344987366, 0.1434405173, 0.41116260236],
      [0.035866582268, 0.23459490919, 0.0057969663015, 0.18340389695, 0.18820323804, 0.14039545088, 0.21173895638],
      [0.0084821592927, 0.011522154792, 0.027971358217, 0, 0.74587013122, 0.13407524858, 0.072078947898],
      [0.060482722269, 0.037424684264, 0.03658180297, 0.8392513501, 0.0028588567691, 0.019850291345, 0.0035502922836],
      [0.042855118572, 0.65857823263, 0.046589834486, 0.050709218947, 0.022866842449, 0.10900040056, 0.069400352354],
      [0.068196406175, 0.25265497059, 0.080172585321, 0.10650237679, 0.0084172513128, 0.1836573387, 0.30039907112]
    ],
    [
      [0.24239870794, 0.11149400828, 0.055974035793, 1.0103231206e-06, 0.15261452475, 0.30391728187, 0.13360043104],
      [0.099051685719, 0.13825646402, 0.0042556809472, 0.0017629781727, 0.34092142088, 0.33884481562, 0.076906954637],
      [0.015246401665, 0, 0.019705475259, 0, 0.8507388021, 0.11430932097, 0],
      [0.3641085017, 0.14829032458, 0.10156565147, 0.29585268177, 0.0049763984649, 0.076087652702, 0.0091187893042],
      [0.16579178068, 0.48463322822, 0.087127631532, 0, 0.028672485031, 0.23377487454, 0],
      [0.31158938989, 0.15366771778, 0.08931273416, 0, 0.011797545481, 0.43363261268, 0]
    ],
    [
      [0.21513889072, 0.34136412646, 0.028749822482, 0.00019629189246, 0.026665917359, 0.1358203682, 0.25206458289],
      [0.10563304932, 0.46575525546, 0.0025115602239, 0.064702738592, 0.053594069876, 0.15349451806, 0.15430880847],
      [0.068717518284, 0.045728031902, 0.035234621939, 0.0016195506717, 0.3943763915, 0.33388274491, 0.1204411408],
      [0.36109759809, 0.14010643242, 0.038528937056, 0.41376502601, 0.0018214503858, 0.041163362654, 0.0035171933816],
      [0.087483157736, 0.78618922438, 0.0089644832193, 0.029872203945, 0.0056489331446, 0.061837650558, 0.020004347019],
      [0.16571098076, 0.41630959647, 0.036967125075, 0.031263654185, 0.0022143643615, 0.1673514118, 0.18018286735]
    ],
    [
      [0.044167119242, 0.38812647741, 0.0093123088658, 2.3738964492e-06, 0.0031654307997, 0.21464301465, 0.34058327514],
      [0.02202735146, 0.53354568945, 0.00087370743165, 0.0054814988602, 0.0025874267532, 0.24998137358, 0.18550295246],
      [0.037520189927, 0.025016704682, 0.047661053165, 0.0006849074426, 0.44213068735, 0.306389777, 0.14059668043],
      [0, 0.79820940337, 0, 0, 0, 0.18690268892, 0.014887907705],
      [0, 0.81345270644, 0, 0, 0, 0.12087315407, 0.065674139486],
      [0.033482274182, 0.46654201099, 0.011176164082, 0.0027317548987, 0.00035891439603, 0.27227826105, 0.2134306204]
    ],
    [
      [0.40730239299, 0.16009077187, 0.019118920722, 7.6510863893e-06, 0.042742305939, 0.11755497508, 0.25318298231],
      [0.24230461966, 0.26876017317, 0.0018250071652, 0.023400927673, 0.10976418088, 0.16344223763, 0.19050285382],
      [0.097897890117, 0.017177451509, 0.017574765734, 0.00039171822826, 0.55764219949, 0.2181005063, 0.091215468621],
      [0.70799070281, 0.090477880219, 0.024262200617, 0.11708812926, 0.005816060069, 0.04566677848, 0.008698248539],
      [0.17068664117, 0.63259700617, 0.0035127981445, 0.014239675465, 0.017486974911, 0.10717093393, 0.05430597021],
      [0.35370722549, 0.22741138923, 0.027438023046, 0.010826907547, 0.0044786764617, 0.1674845484, 0.20865322982]
    ],
    [
      [0.14998116816, 0.19853996291, 0.03556986563, 0.00018504629912, 0.029223431117, 0.18696230162, 0.39953822426],
      [0.080475217165, 0.29740501203, 0.0034092391125, 0.057422876235, 0.064104218889, 0.23164638611, 0.26553705046],
      [0.041473569036, 0.021937123658, 0.037467989438, 0.0012495798552, 0.3378204953, 0.39871266034, 0.16133858238],
      [0.31213950973, 0.10138519753, 0.059210614095, 0.44685445089, 0.0024108116688, 0.070307760299, 0.0076916557881],
      [0.086543915172, 0.65164965638, 0.024085400548, 0.033016859058, 0.0084170140437, 0.1295020449, 0.066785109894],
      [0.12208964556, 0.25652128144, 0.048066258768, 0.026753666009, 0.0025739001458, 0.24377892387, 0.30021632421]
    ],
    [
      [0.31696532403, 0.21147565069, 0.035300026273, 0.00012968518701, 0.061126349337, 0.1625413402, 0.21246162429],
      [0.16863510914, 0.32022679869, 0.0042419243317, 0.019127422203, 0.13838300013, 0.20465012892, 0.14473561658],
      [0.063990776496, 0.019796879597, 0.028793917179, 0.00048116776964, 0.55635161578, 0.26371828778, 0.066867355403],
      [0.65576217778, 0.10407411321, 0.056621312475, 0.11563946223, 0.0048280980813, 0.059166628649, 0.0039082075783],
      [0.1326695603, 0.67334236467, 0.024832120452, 0.011805803023, 0.017123117496, 0.11547829479, 0.024748739274],
      [0.26669967509, 0.28234756704, 0.049685401647, 0.0091732345199, 0.0056145356221, 0.21929700917, 0.16718257691]
    ],
    [
      [0.50425685165, 0.14860121462, 0.008544656161, 2.7854238581e-06, 0.015875371982, 0.087001398656, 0.23571772151],
      [0.33172068698, 0.28524762952, 0, 0, 0.045044009488, 0.13972703154, 0.19826064248],
      [0.1931224787, 0.031020800903, 0, 0, 0.34042384297, 0.29323788065, 0.14219499677],
      [0.91067264624, 0.058390726981, 0, 0, 0.0014775043703, 0.024611854232, 0.0048472681785],
      [0.1858620443, 0.64733038811, 0, 0, 0.011298053993, 0.092690562446, 0.062818951151],
      [0.44767043447, 0.21304452189, 0.012722026936, 0.0039228591854, 0.0015366229462, 0.12685745243, 0.19424608213]
    ],
    [
      [0.046872085491, 0.26990129044, 0.048637115678, 0.00046911995613, 0.31958813678, 0.068771147067, 0.24576110458],
      [0.016280986096, 0.25592969694, 0.0031914018793, 0.02644235641, 0.54042181261, 0.054512204599, 0.10322154147],
      [0.00098934223885, 0.0022548098223, 0.0035461738267, 5.7753157938e-05, 0.97623411629, 0.0099473549543, 0.0069704497118],
      [0.10538784468, 0.24806266205, 0.12557057665, 0.44809786225, 0.028176545884, 0.03675938924, 0.0079451192401],
      [0, 0.84215421834, 0.036202600742, 0.027203282073, 0.025007870784, 0.028335279221, 0.04109674884],
      [0.051906469385, 0.44815211834, 0.085395559808, 0.025133848476, 0.031363785317, 0.11814854711, 0.23989967156]
    ],
    [
      [0, 0.18030282626, 0, 0.0001908265506, 0.024357903553, 0.11603256494, 0.6791158787],
      [0, 0.25176195786, 0, 0.041219707219, 0.058000502589, 0.15752164935, 0.49149618298],
      [0, 0.041945056858, 0, 0.0011349474117, 0.32974784707, 0.30190532646, 0.32526682219],
      [0, 0.29367036099, 0, 0.59479152163, 0.0043245261761, 0.085673759592, 0.021539831606],
      [0, 0.70015111617, 0, 0.03022504707, 0.015157886886, 0.13698228453, 0.11748366535],
      [0, 0.24494873006, 0, 0.019399770882, 0.0026015601847, 0.16701406884, 0.56603587004]
    ],
    [
      [0.021242449317, 0.055619573717, 0.0096276000262, 6.5228264593e-07, 0.091893192193, 0.5226575989, 0.29895893356],
      [0.010184948356, 0.070076826802, 0.00082799721704, 0.0010827016482, 0.1803789662, 0.57530521438, 0.16214334539],
      [0, 0.039690469482, 0, 0, 0.48981293337, 0.37897445204, 0.091522145106],
      [0.3641085017, 0.14829032458, 0.10156565147, 0.29585268177, 0.0049763984649, 0.076087652702, 0.0091187893042],
      [0, 0.40193066336, 0, 0, 0.062252982356, 0.40889444218, 0.12692191211],
      [0, 0.10479074342, 0, 0, 0.011032625219, 0.66712885608, 0.21704777528]
    ],
    [
      [0.12711583217, 0.23358312031, 0.022690530912, 0, 0.090028924632, 0.24887301591, 0.27770857606],
      [0.057294321922, 0.28815101644, 0.0016305152614, 0.078323471164, 0.16458914646, 0.25443131286, 0.15558021589],
      [0.021062556152, 0.016507026428, 0.013884359144, 0.00075444130604, 0.57525531552, 0.30496190089, 0.067574400555],
      [0.22663240804, 0.10558382934, 0.032543154968, 0.54185056016, 0.0063948079357, 0.082244427487, 0.0047508120748],
      [0.065727300901, 0.69171467563, 0.0028409620237, 0.033934772119, 0.018145026924, 0.14873512305, 0.038902139351],
      [0.10190349243, 0.29424447387, 0.029964387121, 0.04315747138, 0.0076061460039, 0.3162047682, 0.20691926099]
    ],
    [
      [0.057649995415, 0.14936117502, 0, 6.7462459641e-05, 0.092918464094, 0.15445164578, 0.54555125723],
      [0.025055772972, 0.21612362516, 0, 0.018840782841, 0.20085357447, 0.185606338, 0.35351990656],
      [0.012828735089, 0.013244276053, 0, 0.00052971796497, 0.64337936493, 0.19693347916, 0.1330844268],
      [0.28773081004, 0.19114461049, 0, 0.33114243585, 0.018429680013, 0.14617042442, 0.025382039191],
      [0.015830299981, 0.68852220022, 0, 0.017141284349, 0.023573754888, 0.14820906165, 0.10672339891],
      [0.060622293758, 0.21970330874, 0, 0.010455694911, 0.0089900238533, 0.22950181725, 0.47072686149]
    ],
    [
      [0.11681916935, 0.32446400938, 0.11648455145, 0.00014612989333, 0.0533698625, 0.14929757536, 0.23941870207],
      [0.060164131791, 0.46147512385, 0.010519849362, 0.025584365698, 0.11247430168, 0.17599270154, 0.15378952608],
      [0.026541685689, 0.031042592689, 0.10028331473, 0.00066189051606, 0.50347791374, 0.25779004894, 0.080202553697],
      [0.282976979, 0.19393136184, 0.23452290605, 0.21204997707, 0.005240569284, 0.066259283206, 0.0050189235652],
      [0.046710034419, 0.79020291199, 0.040938469118, 0.013096134644, 0.012479444479, 0.078162338347, 0.018410667004],
      [0.089473147421, 0.39248428987, 0.14946743468, 0.011930708918, 0.0044771787597, 0.18206743807, 0.17009980228]
    ],
    [
      [0.1281192467, 0.25312258581, 0, 0.00033877267328, 0.084378544449, 0.29296616541, 0.24107468496],
      [0.051453958001, 0.31906234354, 0, 0.029934952444, 0.15861584697, 0.30556998232, 0.13536291674],
      [0.025778713168, 0.017421412732, 0, 0.0015091329797, 0.55329598502, 0.34769779931, 0.05429695679],
      [0.34072596845, 0.16767635116, 0, 0.33496671772, 0.0089235524719, 0.14185861314, 0.0058487970648],
      [0.052512955704, 0.71677710563, 0, 0.023249293341, 0.020176098555, 0.16047032559, 0.026814221184],
      [0.08901283534, 0.31733732931, 0.021190268121, 0.015634948726, 0.0070175564968, 0.37258080218, 0.17722625983]
    ],
    [
      [0.070521275479, 0.25168411285, 0.034414931736, 0.00014882776263, 0.097333868873, 0.22426424145, 0.32163274185],
      [0.031513207032, 0.32406319518, 0.0031038855015, 0.02823353229, 0.18700583151, 0.23897740032, 0.18710294817],
      [0.010583308639, 0.016324811672, 0.01991775483, 0.00042834585188, 0.6212155815, 0.25853481447, 0.072995383031],
      [0.22350604095, 0.19713513267, 0.089119419548, 0.33792955284, 0.012047771141, 0.13048703682, 0.0097750460311],
      [0.017655630246, 0.74138785087, 0.018426289407, 0.018453807645, 0.017728907988, 0.13709205776, 0.049255456084],
      [0.05853886055, 0.3277709923, 0.047254289617, 0.015435322495, 0.0084063834573, 0.29542700316, 0.24716714842]
    ],
    [
      [0.09627894062, 0.31810017763, 0.048259027925, 3.0924652724e-05, 0.039454899064, 0.17381612322, 0.32405990689],
      [0.047990095881, 0.43709285248, 0.0043675002075, 0.031608960285, 0.080281744614, 0.19801384448, 0.20064500205],
      [0.024978851085, 0.034523607965, 0.047836208031, 0.00069682781078, 0.42410410867, 0.34304015556, 0.12482024088],
      [0.26431304853, 0.216751748, 0.10921928601, 0.30865213934, 0.0043722645306, 0.088247525446, 0.0084439881382],
      [0.030681151524, 0.78892108842, 0.022896776439, 0.016029379699, 0.0084049729422, 0.093538536996, 0.039528093978],
      [0.07514697617, 0.39204365602, 0.062818271911, 0.015439928565, 0.0033000087267, 0.21637207146, 0.23487908714]
    ],
    [
      [0.11889648375, 0.27982239831, 0.030272758742, 1.0243925297e-05, 0.066156626673, 0.16815189675, 0.33668959185],
      [0.05897584779, 0.38138318502, 0.0027065012055, 0.024193367635, 0.13504517529, 0.18993335661, 0.20776256645],
      [0.024192039162, 0.023636330262, 0.023183793541, 0.0003749348845, 0.57293076797, 0.25491589246, 0.10076624172],
      [0.35456190957, 0.20800759615, 0.073888822365, 0.25286458388, 0.0078451585199, 0.093203544725, 0.0096283847938],
      [0.053114863931, 0.7633127917, 0.011872794462, 0.011827247059, 0.01460531579, 0.099129465723, 0.046137521337],
      [0.098040147822, 0.36330429204, 0.041414372018, 0.012534476967, 0.0057638616521, 0.2205526203, 0.2583902292]
    ],
    [
      [0.064285104136, 0.11516288041, 0.13330740474, 0.00068766420214, 0.032776457124, 0.079901847147, 0.57387864224],
      [0.043688446017, 0.21272790428, 0.016329798287, 0.029181069914, 0.093037757514, 0.1237447158, 0.48129030819],
      [0.017822979005, 0.014301616163, 0.13913820016, 0.00089205138729, 0.4395668673, 0.1640713789, 0.22420690708],
      [0.20895044191, 0.093677988324, 0.36949709129, 0.25972968404, 0.0047503669929, 0.048234025195, 0.01516040224],
      [0.061818139524, 0.61819604023, 0.050576812018, 0.030562639131, 0.018727616375, 0.099257036153, 0.12086171657],
      [0.057402140428, 0.16295201333, 0.1894898516, 0.013880988874, 0.0043676623951, 0.1128872731, 0.45902007027]
    ],
    [
      [0.25540248587, 0.26902282528, 0.069412073008, 1.9469817793e-06, 0.0087976875198, 0.17410613938, 0.22325684196],
      [0.1613408184, 0.42317416232, 0.017346888467, 0, 0, 0.24030290647, 0.15783522434],
      [0.19554051037, 0.029373508891, 0.10459378075, 0, 0, 0.55228480614, 0.11820739386],
      [0.67463921967, 0.13373659151, 0.12212511423, 0.0031875830938, 0.00072187436977, 0.061434886734, 0.0041547303848],
      [0.10226332037, 0.69743004502, 0.067161070283, 0, 0, 0.10677469712, 0.026370867207],
      [0.19142186741, 0.33377669307, 0.09349304659, 0.0022531658856, 0.00076725287393, 0.22005642685, 0.15823154732]
    ],
    [
      [0.088162916982, 0.1409863951, 0.008821026601, 1.7408493306e-06, 0.24607304989, 0.11122162652, 0.40473324406],
      [0.035757697958, 0.16031958969, 0.0006859537242, 0.0033143691892, 0.4954019733, 0.10724475876, 0.19727565738],
      [0.0036172122804, 0.00062903458528, 0, 0, 0.9537762752, 0.024963566454, 0.017013911484],
      [0.54633612795, 0.18927238564, 0.037627258057, 0.056656139228, 0.044442268747, 0.10788787851, 0.017777941866],
