{
  "Z_true": {},
  "V_true": [
    [1155, 1550, 648, 27],
    [1041, 9389, 2985, 170],
    [197, 230, 14610, 257],
    [63, 471, 475, 90],
    [149, 360, 1753, 453]
  ],
  "p_true": [
    [0.3417, 0.4586, 0.1917, 0.008],
    [0.0766, 0.6911, 0.2197, 0.0125],
    [0.0129, 0.015, 0.9553, 0.0168],
    [0.0573, 0.4286, 0.4322, 0.0819],
    [0.0549, 0.1326, 0.6457, 0.1669]
  ],
  "Z_est": [
    [
      [2.5688, 57.177, 26.9465, 32.532, 17.2872, 63.978, 72.7879, 94.1457, 75.5861, 75.9505, 121.3203, 25.3895, 71.5524, 87.0793, 36.6993, 9.2219, 39.4119, 46.3884, 24.8339, 22.0853, 52.7822, 50.5113, 39.7177, 20.8387, 76.1093, 31.7159, 24.4586, 51.5244, 2.8844, 14.4642, 166.6586, 38.7382, 185.1402, 60.3645],
      [1.1951, 42.7076, 20.334, 26.9462, 13.9763, 48.6821, 59.7753, 66.1625, 49.8904, 55.5969, 89.9481, 21.5533, 45.8399, 62.9568, 25.6566, 12.109, 27.4354, 48.5279, 21.6015, 23.0805, 46.1281, 38.6058, 33.0527, 14.43, 62.0145, 15.3895, 29.0134, 38.1664, 0.0724, 10.6535, 209.5936, 17.645, 72.6518, 39.5298],
      [0.051, 2.6393, 2.0708, 0.7085, 2.0542, 2.2241, 2.8471, 2.4924, 2.1543, 3.0012, 3.8204, 0.7608, 1.3863, 2.1371, 3.3732, 1.4527, 0.976, 2.0387, 0.9931, 2.0447, 1.3305, 0.9773, 1.046, 0.4742, 4.1774, 1.0974, 0.7233, 3.1798, 0.0094, 0.2495, 9.79, 1.1546, 4.909, 1.1727],
      [0.1851, 2.4762, 1.6486, 2.8134, 1.6823, 4.1158, 4.5898, 4.1995, 3.3692, 4.4514, 6.9112, 1.2964, 3.2213, 2.8267, 2.2709, 1.2164, 2.1766, 3.045, 1.5714, 1.7895, 2.7593, 2.9055, 2.1836, 1.2571, 4.6988, 1.7971, 0.8047, 3.1295, 0.0339, 1.6328, 11.9578, 1.4622, 6.299, 3.9331]
    ],
    [
      [1.3531, 17.8862, 11.1938, 4.1359, 3.5628, 12.2582, 14.2676, 19.6055, 26.0459, 17.1896, 25.4929, 13.179, 10.3414, 37.253, 11.8157, 2.4595, 21.864, 21.0534, 12.5447, 7.52, 29.707, 27.1464, 25.9276, 14.4905, 21.6055, 6.8406, 2.1715, 16.556, 2.3384, 12.0418, 29.4071, 9.2411, 57.7231, 6.0245],
      [16.6984, 278.7744, 177.778, 73.5331, 61.319, 196.3498, 245.8443, 289.4221, 361.7259, 263.2221, 396.2085, 236.0652, 141.6865, 564.9486, 172.9767, 89.2692, 324.9735, 469.0477, 231.9381, 170.0478, 569.1799, 451.7624, 489.8665, 232.962, 366.8998, 71.1464, 57.993, 256.0093, 8.9796, 250.8743, 800.8454, 90.7473, 488.0346, 83.0996],
      [9.3907, 102.4927, 124.3598, 29.3419, 41.1478, 69.3572, 87.2871, 77.6794, 97.8475, 91.4969, 122.1077, 64.158, 44.4235, 131.034, 134.9373, 61.1933, 168.2358, 230.4565, 129.2857, 89.4892, 237.5908, 165.2656, 220.3901, 107.1747, 147.7892, 25.4733, 20.8849, 126.3057, 2.0448, 74.3795, 331.5138, 34.9458, 187.9433, 38.3104],
      [1.5577, 10.8466, 9.6683, 4.9891, 4.9704, 11.0349, 12.601, 12.2929, 16.3807, 14.0914, 20.1909, 9.5979, 6.5486, 16.7645, 10.2703, 6.078, 16.9268, 19.4424, 11.2315, 8.943, 21.5222, 21.8256, 19.8158, 12.3729, 18.7054, 5.5398, 0.9506, 14.1289, 0.6372, 17.7044, 30.2336, 5.0658, 28.299, 5.5656]
    ],
    [
      [0.3081, 1.8794, 0.9512, 0.3203, 0.5256, 1.0656, 1.3346, 2.0435, 2.4682, 1.6448, 1.7525, 0.5796, 0.7349, 1.9521, 1.3511, 0.1047, 1.6565, 1.4992, 0.9388, 0.285, 2.2595, 2.3234, 1.6917, 0.8112, 1.5579, 1.0086, 0.2692, 1.5401, 0.2021, 1.2239, 1.4485, 0.7203, 2.8389, 0.739],
      [1.595, 19.8843, 10.4166, 3.8062, 7.9302, 11.6793, 15.7116, 21.6944, 25.8841, 17.44, 19.0942, 7.3222, 7.3938, 21.2554, 12.8616, 4.6001, 16.3392, 35.1136, 13.4475, 8.6674, 31.1138, 26.3349, 23.1787, 8.907, 18.3493, 8.4728, 4.3916, 16.0935, 0.8405, 17.0846, 59.5658, 6.5357, 28.6575, 6.4495],
      [73.1592, 486.3794, 469.9498, 97.286, 420.3971, 272.6172, 368.7738, 381.0954, 456.0522, 401.4944, 381.5359, 125.3375, 150.4604, 318.7119, 685.7431, 214.8498, 556.3757, 1104.209, 487.0588, 294.4587, 847.9385, 632.484, 678.8871, 262.6752, 490.6072, 203.3326, 102.7219, 527.2465, 21.9573, 313.6762, 1574.9535, 167.9669, 697.3756, 186.6522],
      [1.9377, 7.8569, 5.6823, 2.5875, 7.1471, 6.6379, 8.18, 9.1667, 11.5955, 9.4209, 9.6174, 2.7607, 3.4109, 6.0807, 8.0442, 3.4454, 8.6287, 14.1782, 6.5548, 4.5888, 11.6882, 12.8577, 9.2425, 4.6065, 9.4857, 6.1861, 0.6173, 9.1199, 1.0001, 11.0153, 22.0323, 3.7771, 16.128, 4.1593]
    ],
    [
      [0.0126, 0.1087, 0.0531, 0.0054, 0.0208, 0.0728, 0.0907, 0.1101, 0.1182, 0.1089, 0.086, 0.0358, 0.0864, 0.179, 0.0469, 0.014, 0.1054, 0.1441, 0.0518, 0.0357, 0.1717, 0.1651, 0.1106, 0.0809, 0.1029, 0.0571, 0.0158, 0.0576, 0.0232, 0.0873, 0.1093, 0.0354, 0.0995, 0],
      [1.7688, 20.1355, 9.9561, 2.3522, 4.361, 12.3677, 17.9929, 17.9772, 19.532, 20.0675, 17.4426, 7.8804, 10.0571, 31.4352, 8.4601, 5.6205, 18.4765, 39.7347, 11.4116, 9.5616, 39.8683, 33.4463, 24.6438, 16.0661, 20.3664, 6.4225, 3.1144, 11.2847, 0.461, 22.0413, 38.4691, 4.3125, 17.5496, 0],
      [2.5898, 16.7866, 15.9426, 2.0151, 7.2759, 9.9336, 14.4341, 11.048, 12.0002, 15.7378, 12.0622, 4.8967, 7.1445, 16.8242, 14.5799, 8.9316, 21.7889, 42.7891, 14.4455, 11.5247, 37.1427, 27.225, 25.4411, 16.6075, 18.6178, 5.5806, 2.6511, 12.2907, 0.3917, 14.2085, 34.8285, 3.7515, 14.3907, 0],
      [0.6288, 2.9692, 2.0482, 0.6273, 1.3423, 2.6259, 3.4824, 2.8646, 3.3496, 4.0858, 3.4092, 1.1872, 1.712, 3.5617, 1.9131, 1.4339, 3.6292, 6.3321, 2.091, 1.8781, 5.8173, 6.1637, 3.8045, 3.2455, 3.913, 1.9397, 0.2188, 2.367, 0.124, 6.6629, 5.5931, 0.9007, 3.9602, 0]
    ],
    [
      [0.7573, 5.9487, 2.8553, 1.0065, 2.6036, 3.6254, 4.5192, 7.0952, 10.7815, 6.1062, 9.3484, 3.8162, 4.2849, 10.5366, 5.087, 1.1998, 5.9623, 6.9149, 3.6307, 3.074, 9.0796, 9.8538, 6.5524, 3.7787, 7.6245, 2.3778, 1.0849, 6.322, 1.5519, 3.1827, 10.3766, 4.265, 22.1982, 1.8721],
      [1.7426, 17.4982, 8.5153, 3.3622, 8.4136, 10.9212, 14.6759, 19.7438, 27.9676, 17.6735, 27.3066, 13.1789, 11.0227, 30.4041, 14.045, 6.4012, 16.7755, 28.576, 12.6012, 12.6427, 32.7099, 30.8506, 23.2582, 11.6349, 24.37, 4.5688, 5.4877, 18.4461, 0.6465, 12.3464, 51.5261, 7.7596, 34.1065, 4.9211],
      [8.8094, 51.702, 47.6769, 10.6485, 51.1249, 30.8679, 41.658, 42.6848, 60.9459, 49.2698, 67.4738, 28.847, 27.5853, 57.2929, 88.3664, 35.5726, 69.6235, 111.5068, 56.2168, 53.4827, 108.9975, 90.0482, 84.2357, 43.0684, 78.8084, 13.5161, 16.0188, 72.9772, 1.5969, 29.4863, 168.9142, 24.1812, 104.3814, 17.8648],
      [0.6907, 2.8511, 1.9525, 0.9827, 2.8579, 2.5854, 3.1468, 3.4762, 5.305, 3.9505, 5.8712, 2.158, 2.1072, 3.7665, 3.5016, 1.8263, 3.6388, 5.0023, 2.5512, 2.8006, 5.213, 6.2475, 3.9536, 2.518, 5.1971, 1.5373, 0.4086, 4.2547, 0.2048, 3.9846, 8.1832, 1.7942, 8.3139, 1.3421]
    ]
  ],
  "V_est": [
    [1818.8503, 1390.9218, 69.517, 100.7109],
    [552.2435, 8980.2289, 3625.7337, 426.7939],
    [42.03, 538.112, 14454.4199, 259.4381],
    [2.6025, 524.637, 475.8783, 95.8821],
    [189.2737, 566.1002, 1845.4511, 114.1749]
  ],
  "p_est": [
    [0.5381, 0.4115, 0.0206, 0.0298],
    [0.0407, 0.661, 0.2669, 0.0314],
    [0.0027, 0.0352, 0.9451, 0.017],
    [0.0024, 0.4774, 0.433, 0.0872],
    [0.0697, 0.2085, 0.6797, 0.0421]
  ],
  "EI_Z": {},
  "EI_V": 6.5003,
  "MAE_Z": {},
  "MAE_V": 234.4862,
  "MAE_p": 0.0484,
  "runtime": 0.091
}
