{
  "X": [
    [6, 60, 102, 14],
    [36, 424, 772, 119],
    [43, 578, 920, 96],
    [7, 71, 119, 11],
    [16, 240, 369, 61],
    [9, 138, 260, 33],
    [25, 438, 764, 123],
    [3, 30, 52, 3],
    [8, 71, 184, 15],
    [5, 65, 221, 29],
    [35, 320, 571, 120],
    [47, 408, 725, 124],
    [64, 668, 842, 156],
    [27, 201, 334, 79],
    [37, 424, 569, 97],
    [0, 10, 48, 11],
    [30, 477, 416, 70],
    [11, 145, 197, 32],
    [16, 223, 246, 56],
    [39, 299, 503, 55],
    [47, 311, 497, 71],
    [29, 276, 483, 75],
    [47, 807, 1051, 124],
    [35, 607, 918, 145],
    [44, 586, 867, 135],
    [29, 511, 717, 97],
    [11, 129, 94, 19],
    [6, 89, 143, 21],
    [15, 245, 216, 59],
    [7, 149, 311, 51],
    [71, 990, 1101, 181],
    [19, 135, 249, 46],
    [159, 903, 1469, 306],
    [20, 133, 129, 20]
  ],
  "W": [
    [3, 6, 91, 65, 8, 9],
    [35, 39, 624, 501, 65, 87],
    [55, 59, 631, 731, 85, 76],
    [7, 12, 96, 83, 4, 6],
    [19, 30, 279, 288, 24, 46],
    [15, 9, 208, 157, 28, 23],
    [43, 44, 623, 497, 65, 78],
    [3, 3, 40, 34, 2, 6],
    [14, 6, 143, 94, 4, 17],
    [7, 11, 188, 93, 6, 15],
    [35, 37, 494, 368, 36, 76],
    [48, 41, 618, 475, 50, 72],
    [66, 63, 677, 738, 72, 114],
    [18, 20, 285, 241, 17, 60],
    [37, 33, 480, 469, 42, 66],
    [2, 1, 39, 14, 3, 10],
    [40, 37, 317, 502, 46, 51],
    [10, 5, 161, 161, 22, 26],
    [25, 36, 174, 258, 18, 30],
    [39, 75, 330, 350, 49, 53],
    [36, 83, 349, 358, 41, 59],
    [19, 44, 351, 360, 38, 51],
    [53, 83, 787, 892, 105, 109],
    [57, 49, 710, 709, 72, 108],
    [51, 69, 634, 688, 80, 110],
    [41, 59, 481, 658, 44, 71],
    [8, 14, 70, 145, 8, 8],
    [7, 9, 119, 100, 5, 19],
    [23, 23, 153, 278, 19, 39],
    [4, 9, 267, 174, 40, 24],
    [77, 70, 824, 1142, 107, 123],
    [5, 13, 219, 166, 23, 23],
    [78, 108, 1276, 1095, 77, 203],
    [7, 30, 97, 142, 8, 18]
  ],
  "method": "mult",
  "cond_prob": [
    [
      [0.011957412938, 0.53387806424, 0.42666383084, 0.027500691986],
      [0.30292491017, 0.036969022741, 0.65636991118, 0.0037361559092],
      [0.029191700491, 0.039955969476, 0.83726428248, 0.093588047556],
      [0.0119896753, 0.77933517811, 0.18067312924, 0.028002017348],
      [4.6916467413e-05, 0.091538422268, 0.8987753221, 0.0096393391657],
      [0.091590832165, 0.10107289463, 0.37951912188, 0.42781715132]
    ],
    [
      [0.010183296498, 0.49613137278, 0.46251750461, 0.031167826115],
      [0.24831167288, 0.034735164618, 0.71269709796, 0.0042560645387],
      [0.02312401108, 0.034874571016, 0.84349933764, 0.098502080264],
      [0.01064040087, 0.75175480155, 0.20453439173, 0.03307040585],
      [3.7503889322e-05, 0.080237653326, 0.90947654128, 0.010248301506],
      [0.073003629967, 0.089452883218, 0.38949887856, 0.44804460826]
    ],
    [
      [0.010202015514, 0.47269178663, 0.49286870963, 0.024237488221],
      [0.23795250949, 0.031698589513, 0.72717976714, 0.0031691338533],
      [0.02245110821, 0.032213203272, 0.87109866551, 0.074237023011],
      [0.01098448186, 0.73791581376, 0.22459975413, 0.026499950254],
      [3.5663892275e-05, 0.072580773993, 0.91981922421, 0.0075643379035],
      [0.079319739976, 0.092482427967, 0.45026955559, 0.37792827647]
    ],
    [
      [0.010718987461, 0.50132717957, 0.46582516935, 0.022128663618],
      [0.26239315655, 0.034010777104, 0.70065620971, 0.0029398566366],
      [0.024837329309, 0.035700658599, 0.86793618625, 0.071525825841],
      [0.011176198934, 0.76023466032, 0.20515881287, 0.023430327877],
      [3.9148703265e-05, 0.080105627782, 0.91263893853, 0.0072162849799],
      [0.087484419455, 0.10160675889, 0.44288847816, 0.3680203435]
    ],
    [
      [0.0079630642235, 0.4959088342, 0.463791378, 0.032336723573],
      [0.20560207341, 0.036548470965, 0.75319835588, 0.0046510997468],
      [0.018060818417, 0.034778378594, 0.84505416307, 0.10210663992],
      [0.0083254980315, 0.75220017334, 0.20514288682, 0.034331441812],
      [2.9221505073e-05, 0.079870171295, 0.90950583123, 0.010594775966],
      [0.056960005025, 0.089030044484, 0.38914564309, 0.4648643074]
    ],
    [
      [0.0086215459667, 0.50136387185, 0.46238119827, 0.027633383914],
      [0.22127509463, 0.036278114651, 0.73853980305, 0.0039069876718],
      [0.019867053138, 0.035648859458, 0.85582595905, 0.088658128354],
      [0.0089791939421, 0.75812953325, 0.20366642062, 0.029224852191],
      [3.1719739984e-05, 0.080888096562, 0.91000064662, 0.0090795370763],
      [0.065894116937, 0.095774895396, 0.41331531373, 0.42501567394]
    ],
    [
      [0.0068976591388, 0.50759839582, 0.4524802093, 0.033023735736],
      [0.1857372245, 0.039248848375, 0.77003359653, 0.0049803305955],
      [0.015967850857, 0.036375194148, 0.84125583174, 0.10640112326],
      [0.0071255306401, 0.7604059492, 0.19782632985, 0.034642190315],
      [2.5850225232e-05, 0.083536224121, 0.90538844801, 0.011049477642],
      [0.049606694685, 0.091814792096, 0.3822717216, 0.47630679162]
    ],
    [
      [0.011775451009, 0.50117668972, 0.4756727393, 0.011375119969],
      [0.28958412709, 0.031786051923, 0.67720596516, 0.0014238558322],
      [0.027647526972, 0.035704414284, 0.89935784203, 0.037290216715],
      [0.012314709491, 0.76615130634, 0.20945334281, 0.012080641356],
      [4.2040938768e-05, 0.077817266447, 0.91850997692, 0.0036307156959],
      [0.11562264811, 0.11928783435, 0.53507294874, 0.2300165688]
    ],
    [
      [0.011616824385, 0.43272642262, 0.53681850189, 0.018838251112],
      [0.25256643828, 0.026186594945, 0.71901544511, 0.0022315216646],
      [0.024076876515, 0.027598914538, 0.89394906356, 0.054375145386],
      [0.013102243015, 0.70941143615, 0.25591053946, 0.021575781377],
      [3.7687466269e-05, 0.061472198156, 0.93303101702, 0.0054590973554],
      [0.094461696433, 0.087537939969, 0.50901605992, 0.30898430368]
    ],
    [
      [0.0058585931805, 0.42355955167, 0.53726970286, 0.033312152282],
      [0.1444212332, 0.029274934845, 0.8217955995, 0.0045082324476],
      [0.011789175978, 0.026234809765, 0.86861199329, 0.093364020968],
      [0.0066381040995, 0.69764611108, 0.25738722566, 0.038328559161],
      [1.8953409039e-05, 0.059973972295, 0.93038268939, 0.0096243849008],
      [0.040021466751, 0.072111804991, 0.42885415335, 0.45901257491]
    ],
    [
      [0.011896001924, 0.505176685, 0.44376564447, 0.039161668605],
      [0.28614094073, 0.034833148286, 0.67375756086, 0.0052683501232],
      [0.027131367073, 0.035650326542, 0.81290311954, 0.12431518684],
      [0.012236491225, 0.75368973429, 0.19316834063, 0.040905433856],
      [4.5288024891e-05, 0.084430785065, 0.90221305373, 0.013310873176],
      [0.076615851178, 0.081775218736, 0.3356136553, 0.50599527478]
    ],
    [
      [0.01374440669, 0.49982140623, 0.45137367085, 0.035060516227],
      [0.31312196781, 0.032687206413, 0.6497186252, 0.004472200575],
      [0.031200146681, 0.035120528792, 0.82290815981, 0.11077116472],
      [0.014239909796, 0.75095766919, 0.19791627821, 0.036886142807],
      [5.1652238812e-05, 0.082481894129, 0.90570295029, 0.01176350334],
      [0.091842802911, 0.083992619428, 0.35428875375, 0.46987582391]
    ],
    [
      [0.013520861344, 0.53007606499, 0.4231488208, 0.03325425287],
      [0.321817086, 0.036295718685, 0.63744741044, 0.0044397848749],
      [0.032497178833, 0.039455303087, 0.81681106278, 0.1112364553],
      [0.013589755612, 0.7724614688, 0.18000830292, 0.033940472666],
      [5.3621112361e-05, 0.09233508881, 0.89583741385, 0.011773876225],
      [0.09438035876, 0.093126565282, 0.34712344954, 0.46536962642]
    ],
    [
      [0.015116971659, 0.49874605424, 0.44660512272, 0.039531851385],
      [0.33729175322, 0.031718648101, 0.62608128131, 0.0049083173713],
      [0.034021811759, 0.034693922728, 0.8074410639, 0.12384320161],
      [0.015618437779, 0.74770291138, 0.1952038398, 0.041474811037],
      [5.7236475063e-05, 0.082859320937, 0.90371866816, 0.013364774429],
      [0.094849107577, 0.078494676242, 0.328595191, 0.49806102518]
    ],
    [
      [0.012680820881, 0.52939902364, 0.42620032375, 0.031719831721],
      [0.30725772111, 0.036772261611, 0.65167258289, 0.0042974343873],
      [0.030517648757, 0.039432079701, 0.82380031875, 0.10624995279],
      [0.012770352009, 0.77315755319, 0.18163437371, 0.032437721095],
      [4.998360701e-05, 0.091632710578, 0.89715442247, 0.011162883343],
      [0.090790338239, 0.095282517316, 0.35829973913, 0.45562740532]
    ],
    [
      [0, 0.40525089042, 0.55227521674, 0.042473892836],
      [0, 0.03089980389, 0.96259202177, 0.0065081743399],
      [0, 0.023394700767, 0.86188198731, 0.11472331192],
      [0, 0.68464040152, 0.26599536627, 0.049364232206],
      [0, 0.054186402686, 0.93394869887, 0.011864898447],
      [0, 0.06049464557, 0.39570583847, 0.54379951596]
    ],
    [
      [0.011632830891, 0.56440810475, 0.39438374649, 0.029575317877],
      [0.30391299161, 0.042226224386, 0.6495456069, 0.0043151771029],
      [0.030054066788, 0.045130533236, 0.81844776154, 0.10636763843],
      [0.011326728452, 0.79694491095, 0.16248590405, 0.029242456546],
      [4.8854944989e-05, 0.10409875832, 0.88476293709, 0.011089449644],
      [0.088457670261, 0.10786371427, 0.35202051222, 0.45165810325]
    ],
    [
      [0.012713817726, 0.52868078371, 0.42924801504, 0.029357383524],
      [0.31049735352, 0.036221772204, 0.64935086279, 0.0039300114892],
      [0.030657435862, 0.039324359774, 0.83146307031, 0.098555134051],
      [0.012821162924, 0.77408626317, 0.18302947374, 0.030063100172],
      [4.9743784902e-05, 0.090723203582, 0.89896745802, 0.01025959461],
      [0.094094604624, 0.097667076579, 0.37104840369, 0.43718991511]
    ],
    [
      [0.009100711182, 0.51766024896, 0.42962310097, 0.043615938887],
      [0.24072412215, 0.039015483943, 0.7138448368, 0.0064155571053],
      [0.021110430158, 0.037117853031, 0.80085446323, 0.14091725358],
      [0.0092280776064, 0.76161011422, 0.18425095577, 0.044910852407],
      [3.5503372645e-05, 0.088622162622, 0.89615184331, 0.015190490692],
      [0.056751361101, 0.080970719423, 0.31410596833, 0.54817195114]
    ],
    [
      [0.011666586522, 0.49070390409, 0.47319467163, 0.024434837756],
      [0.27064436029, 0.032656313277, 0.69352676536, 0.0031725610689],
      [0.02645443046, 0.034427768532, 0.86197499753, 0.077142803476],
      [0.012300496656, 0.75043148208, 0.2111069633, 0.02616105796],
      [4.2197816081e-05, 0.077910134987, 0.91415783507, 0.0078898321314],
      [0.090656915319, 0.095851912232, 0.43186407557, 0.38162709688]
    ],
    [
      [0.013010668922, 0.5036422453, 0.45366161709, 0.029685468692],
      [0.30048271926, 0.033387322695, 0.66229062919, 0.00383932886],
      [0.029952896958, 0.035877392051, 0.83902142628, 0.095148284708],
      [0.013473677043, 0.75651159117, 0.19879730044, 0.03121743135],
      [4.8717170575e-05, 0.082781430578, 0.90724700392, 0.0099228483346],
      [0.093862397474, 0.091350443701, 0.38444897917, 0.43033817965]
    ],
    [
      [0.011295833998, 0.46887107693, 0.48611462488, 0.033718464191],
      [0.25978843357, 0.03087535224, 0.70500420412, 0.0043320100706],
      [0.024384902341, 0.03131376981, 0.84296833578, 0.10133299207],
      [0.012128847286, 0.73024881838, 0.22085731659, 0.036765017749],
      [3.9875297412e-05, 0.072659955923, 0.91667337234, 0.01062679644],
      [0.076388632819, 0.079663984062, 0.38590262724, 0.45804475588]
    ],
    [
      [0.0082403079131, 0.52912495436, 0.43901864264, 0.023616095084],
      [0.21856318549, 0.04040894841, 0.73751159956, 0.0035162665404],
      [0.020094444271, 0.039965484075, 0.85979077391, 0.080149297747],
      [0.0083644170199, 0.77867376041, 0.18861940043, 0.024342422142],
      [3.1730607836e-05, 0.089499641665, 0.90235013764, 0.0081184900881],
      [0.068378883383, 0.11054133283, 0.42821911989, 0.3928606639]
    ],
    [
      [0.0079720976963, 0.50261875569, 0.45835870795, 0.031050438664],
      [0.20658079404, 0.037453176612, 0.75145444762, 0.0045115817261],
      [0.018332398777, 0.03579216099, 0.84650332291, 0.09937211732],
      [0.00828486117, 0.75733820295, 0.20160941718, 0.032767518698],
      [2.9575978379e-05, 0.081902464897, 0.90778348837, 0.010284470756],
      [0.058306882323, 0.092509818605, 0.39393321178, 0.45525008729]
    ],
    [
      [0.0094037760058, 0.50213997787, 0.45796442502, 0.030491821105],
      [0.23507453674, 0.03610705211, 0.72454308899, 0.0042753221652],
      [0.021607726817, 0.035729817161, 0.8451501071, 0.097512348923],
      [0.009772596104, 0.75661919819, 0.20143052996, 0.032177675753],
      [3.4923329448e-05, 0.081905575376, 0.90794987941, 0.010109621881],
      [0.068640709635, 0.092243091606, 0.39284104518, 0.44627515358]
    ],
    [
      [0.0077302605607, 0.4715890779, 0.49138153357, 0.029299127968],
      [0.19175405904, 0.033606985773, 0.77056762874, 0.0040713264422],
      [0.016885990245, 0.031896289775, 0.86213375666, 0.089083963324],
      [0.0083190506472, 0.73587006324, 0.22379254614, 0.032018339974],
      [2.7055962364e-05, 0.072494922769, 0.91832293255, 0.0091550887205],
      [0.056794613745, 0.087165670564, 0.42411928086, 0.43192043483]
    ],
    [
      [0.015595234891, 0.55875202789, 0.38754306891, 0.038109668313],
      [0.37799474796, 0.037763612401, 0.57921089448, 0.0050307451518],
      [0.039213621209, 0.043301257385, 0.78380349518, 0.13368162622],
      [0.015148576702, 0.78825827469, 0.15900084952, 0.037592299086],
      [6.6136832541e-05, 0.10390068572, 0.88160429512, 0.01442888233],
      [0.1023484538, 0.0913568409, 0.29654234664, 0.50975235866]
    ],
    [
      [0.0079796780795, 0.51477454276, 0.45046863281, 0.026777146349],
      [0.21361475517, 0.038410219733, 0.74406440452, 0.0039106205791],
      [0.018855249314, 0.037434893, 0.85557119225, 0.08813866544],
      [0.0081946673607, 0.76839204236, 0.19548911197, 0.027924178316],
      [2.9958854917e-05, 0.084625333211, 0.90636571633, 0.0089789916024],
      [0.062623254062, 0.10054208301, 0.4123608513, 0.42447381163]
    ],
    [
      [0.010163099186, 0.53729171483, 0.40902325931, 0.043521926669],
      [0.27055319264, 0.040660674342, 0.68235879879, 0.0064273342268],
      [0.024426804128, 0.039917369237, 0.78999482387, 0.14566100277],
      [0.010093788966, 0.77421081617, 0.17180151693, 0.043893877935],
      [4.1274361519e-05, 0.095777297559, 0.88839976303, 0.015781665051],
      [0.06385297474, 0.084628395021, 0.30109307825, 0.55042555199]
    ],
    [
      [0.0058986871355, 0.5065498032, 0.45114287272, 0.036408636948],
      [0.1653021482, 0.040145614151, 0.78891481246, 0.005637425187],
      [0.013574484639, 0.035983909042, 0.83380003149, 0.11664157482],
      [0.0060868987773, 0.75883403103, 0.19692769588, 0.038151374306],
      [2.2118163453e-05, 0.083299779102, 0.90448630466, 0.012191798076],
      [0.040800513899, 0.087657104729, 0.36525308338, 0.50628929799]
    ],
    [
      [0.012386950808, 0.52241636978, 0.43365315119, 0.031543528223],
      [0.29821350077, 0.036222002541, 0.6613009591, 0.0042635375963],
      [0.029441261112, 0.038464818299, 0.82775549744, 0.10433842315],
      [0.012571608735, 0.76863017398, 0.18628950146, 0.03250871582],
      [4.8152766789e-05, 0.089217813276, 0.8997868316, 0.010947202357],
      [0.088644622802, 0.094136230153, 0.36479628685, 0.45242286019]
    ],
    [
      [0.016766507605, 0.49764621101, 0.44706918588, 0.038518095507],
      [0.36233349406, 0.030393141337, 0.60267688818, 0.0045964764248],
      [0.03768664368, 0.034521280395, 0.80723832049, 0.12055375544],
      [0.017330034193, 0.74680382949, 0.19543754788, 0.040428588437],
      [6.3414218195e-05, 0.082532692204, 0.90439449516, 0.013009398421],
      [0.10540386551, 0.078245104958, 0.32891133759, 0.48743969193]
    ],
    [
      [0.019991424056, 0.49887818714, 0.44297307434, 0.038157314459],
      [0.4019498028, 0.028922943507, 0.56481451658, 0.004312737113],
      [0.044996272999, 0.034786405569, 0.80069995708, 0.11951736435],
      [0.020621009184, 0.74599715781, 0.19341435877, 0.039967474232],
      [7.6378080895e-05, 0.083728249344, 0.9031807544, 0.013014618176],
      [0.12409938971, 0.078002826098, 0.32334852047, 0.47454926372]
    ],
    [
      [0.01612073807, 0.5653586276, 0.39147851695, 0.027042117384],
      [0.38080778643, 0.037760207049, 0.57790236192, 0.0035296445959],
      [0.04175120501, 0.045162289697, 0.81544057132, 0.097645933971],
      [0.015648979278, 0.79708650011, 0.16060693033, 0.026657590282],
      [6.8059875921e-05, 0.10459691903, 0.88514403146, 0.010190989641],
      [0.1231260831, 0.10796664788, 0.34994122677, 0.41896604225]
    ]
  ],
  "expected_outcome": [
    [
      [0.035872238814, 0.35641537743, 0.56111085328, 0.075032912226, 0.15129822025, 0.1293231895, 0.29659934297, 0.035326353026, 0.1626355414, 0.041010152264, 0.41636006733, 0.6597315211, 0.89237684868, 0.27210548986, 0.4691903726, 0, 0.46531323563, 0.12713817726, 0.22751777955, 0.45499687438, 0.46838408119, 0.21462084597, 0.43673631939, 0.45440956869, 0.4795925763, 0.31694068299, 0.12476187912, 0.055857746557, 0.23375128128, 0.023594748542, 0.95379521219, 0.083832538024, 1.5593310764, 0.11284516649],
      [1.6016341927, 17.3645980472, 25.9980482647, 3.509290257, 9.4222678498, 7.5204580777, 21.8267310204, 1.5035300692, 6.0581699166, 2.9649168617, 17.6811839751, 23.991427499, 34.9850202894, 8.9774289762, 19.5877638748, 0.81050178084, 22.5763241899, 5.2868078371, 12.941506224, 19.1374522597, 18.1311208307, 8.9085504617, 28.0436225811, 28.6492690744, 25.6091388713, 19.3351521939, 4.4700162231, 3.6034217993, 12.3577094411, 2.0261992128, 40.226060473, 2.488231055, 38.9124985971, 3.9575103932],
      [1.2799914925, 16.1881126613, 27.1077790299, 3.2607761855, 8.812036182, 6.9357179741, 19.4566489999, 1.4270182179, 7.5154590264, 3.76088792, 15.5317975564, 21.665936201, 27.9278221725, 8.038892209, 15.7694119789, 1.1045504335, 15.7753498594, 4.2924801504, 10.7405775243, 18.4545921935, 16.3318182152, 9.2361778727, 23.26798806, 26.1264463531, 23.356185676, 20.1466428765, 3.1003445513, 3.1532804297, 9.4075349642, 1.8045714909, 33.3912926416, 2.2353459294, 34.5518997988, 2.7403496186],
      [0.082502075958, 1.090873914, 1.3330618522, 0.15490064533, 0.61439774789, 0.41450075871, 1.4200206367, 0.034125359906, 0.26373551557, 0.23318506597, 1.3706584012, 1.6829047789, 2.1947806894, 0.71157332493, 1.1736337737, 0.084947785672, 1.1830127151, 0.29357383524, 1.0903984722, 0.95295867248, 1.0686768729, 0.64065081962, 1.2516530394, 1.7698750038, 1.5550828764, 1.2012642467, 0.3048773465, 0.18744002444, 1.0010043134, 0.14563454779, 2.4288516732, 0.19259047753, 2.9762705278, 0.18929482169]
    ],
    [
      [1.817549461, 9.6841552424, 14.0391980601, 3.1487178786, 6.1680622023, 1.9914758517, 8.1724378782, 0.86875238127, 1.5153986297, 1.5886335652, 10.5872148069, 12.8380006803, 20.2744764182, 6.7458350644, 10.1395047967, 0, 11.2447806895, 1.5524867676, 8.6660683976, 20.298327022, 24.9400656985, 11.4306910772, 18.1407443958, 10.1224589081, 16.220143035, 11.3134894835, 5.2919264715, 1.9225327965, 6.2227234307, 1.4877193338, 20.8749450537, 4.7103354227, 43.4105787025, 11.424233593],
      [0.22181413645, 1.3546714201, 1.8702167812, 0.40812932525, 1.096454129, 0.32650303186, 1.7269493285, 0.095358155768, 0.15711956967, 0.3220242833, 1.2888264866, 1.3401754629, 2.2866302772, 0.63437296201, 1.2134846332, 0.03089980389, 1.5623703023, 0.18110886102, 1.4045574219, 2.4492234958, 2.7711477837, 1.3585154986, 3.353942718, 1.835205654, 2.4913865956, 1.9828121606, 0.52869057361, 0.3456919776, 0.93519550988, 0.36131052736, 2.5355401779, 0.39511083738, 3.1236778988, 1.1328062115],
      [3.9382194671, 27.7951868205, 42.9036062613, 8.4078745165, 22.5959506763, 6.6468582274, 33.8814782471, 2.0316178955, 4.3140926707, 9.0397515945, 24.929029752, 26.6384636333, 40.1591868575, 12.5216256261, 21.5051952353, 0.96259202177, 24.0331874554, 3.2467543139, 25.6984141247, 52.0145074021, 54.9701222224, 31.0201849811, 61.2134627633, 36.8212679333, 49.99347314, 45.4634900958, 8.1089525228, 6.6965796407, 15.6942523722, 7.1002333122, 46.2910671367, 7.8347995464, 60.9999677906, 17.3370708576],
      [0.022416935455, 0.16598651701, 0.18697889734, 0.035278279639, 0.1395329924, 0.035162889047, 0.2191345462, 0.0042715674967, 0.013389129987, 0.049590556924, 0.19492895456, 0.18336022358, 0.27970644712, 0.098166347427, 0.14181533478, 0.0065081743399, 0.15966155281, 0.019650057446, 0.23096005579, 0.23794208017, 0.31866429538, 0.19060844311, 0.29185012285, 0.22106750458, 0.2949972294, 0.24020826009, 0.070430432125, 0.035195585212, 0.14782868722, 0.050736826683, 0.29844763174, 0.059754193523, 0.46577560821, 0.10588933788]
    ],
    [
      [2.6564447446, 14.4293829139, 14.1666492805, 2.3843836137, 5.0389683383, 4.1323470526, 9.9479710842, 1.1059010789, 3.4429933416, 2.2163650838, 13.4028953341, 19.2816906487, 22.0005900702, 9.6962163512, 14.6484714033, 0, 9.5271391718, 4.9358471738, 3.6732148475, 8.729962052, 10.4535610383, 8.5591007216, 15.8143276411, 13.0160031315, 13.6992988022, 8.1221613077, 2.7449534847, 2.2437746684, 3.7373010317, 3.6243873986, 24.2595991562, 8.2533749658, 57.4152443471, 4.0498668859],
      [3.6359932224, 21.761732314, 20.3265312645, 3.4272632255, 9.7031676277, 7.4149627673, 22.6617459543, 1.4281765714, 3.946644779, 4.9321442358, 17.6112613117, 21.7044867934, 26.71124019, 9.8877679776, 18.9273982564, 0.91239332991, 14.3063790359, 6.3312219237, 6.4585064274, 11.3611636155, 12.5212098258, 10.9911332034, 31.4528359672, 25.4124343028, 22.6527040801, 15.3421153818, 3.0310880169, 4.454752267, 6.1073574933, 9.6077037143, 31.6950102781, 7.5601604065, 44.3874535061, 4.3807421006],
      [76.1910497054, 526.3435866871, 549.6632579354, 83.32187388, 235.770111497, 178.0117994825, 524.1023831716, 35.9743136811, 127.8347160891, 163.2990547383, 401.5741410545, 508.557242763, 552.9810895011, 230.1207032113, 395.424153001, 33.6133975052, 259.4479404085, 133.8655543202, 139.3486766013, 284.4517491854, 292.8184777728, 295.8818858596, 676.6553390651, 601.0173592685, 535.8251679003, 414.6863369519, 54.8662446629, 101.8129718772, 120.8692080514, 222.6246084089, 682.0705298894, 176.7851921869, 1021.6931452373, 79.0977354183],
      [8.5165123276, 61.465298085, 46.8435615197, 6.8664792808, 28.487752537, 18.4408906976, 66.2878997899, 1.4916086686, 7.7756457902, 17.552435942, 61.4117022996, 68.4565797948, 75.3070802388, 35.2953124599, 50.9999773394, 4.4742091649, 33.7185413838, 15.8673765823, 24.5196021237, 25.4571251471, 33.2067513631, 35.5678802154, 63.0774973266, 70.5542032972, 61.8228292174, 42.8493863586, 9.3577138355, 10.4885011874, 22.2861334236, 31.1433004782, 85.9748606762, 26.4012724408, 152.5041569095, 9.4716555952]
    ],
    [
      [0.77932889448, 5.3308408359, 8.0296562393, 0.92762451156, 2.3977434331, 1.4097334489, 3.5413887281, 0.4187001227, 1.2316108434, 0.61734368126, 4.5030287708, 6.7639571531, 10.0292396419, 3.7640435048, 5.9892950921, 0, 5.6860176828, 2.0642072307, 2.3808440224, 4.3051738294, 4.8235763814, 4.3663850228, 7.4610599817, 5.8739665695, 6.7235461195, 5.4739353259, 2.1965436218, 0.81946673607, 2.8060733326, 1.0591203873, 14.3567771757, 2.876785676, 22.5800050565, 2.2221550574],
      [50.6567865774, 376.6291555767, 539.4164598583, 63.0994768067, 216.6336499207, 119.0263367195, 377.9217567518, 26.0491444155, 66.6846749983, 64.8810883303, 277.3578222188, 356.7048928633, 570.0765639724, 180.1964016434, 362.6108924452, 9.5849656213, 400.066345299, 124.6278883703, 196.4954094692, 262.6510187281, 270.831149638, 262.8895746155, 694.5769942876, 536.9527858916, 520.5540083515, 484.2025016119, 114.2974498297, 76.8392042355, 215.2306068941, 132.0371214, 877.7756586858, 123.9694356949, 816.8668878039, 113.1862830152],
      [11.7437534005, 102.4717302568, 164.1824202665, 17.0281814679, 59.0811514045, 31.9756280376, 98.3196859336, 7.1214136557, 24.0555907089, 23.9370119864, 71.0859493513, 94.0102321502, 132.846127558, 47.0441253919, 85.1865212691, 3.7239351278, 81.5679238319, 29.4677452714, 47.5367465875, 73.8874371563, 71.1694335572, 79.5086339721, 168.2485051801, 142.9410767822, 138.5842046108, 147.2554953593, 23.055123181, 19.5489111968, 47.7608217074, 34.2654190834, 212.742610672, 32.4426329486, 211.7887228555, 22.8061841073],
      [1.8201311276, 16.5682733306, 19.3714636358, 1.9447172138, 9.8874552417, 4.5883017939, 17.2171685864, 0.41074180609, 2.0281234494, 3.564556002, 15.0531996591, 17.5209178334, 25.0480688276, 9.9954294599, 15.2132911936, 0.69109925088, 14.6797131863, 4.8401591277, 11.5869999209, 9.1563702862, 11.1758404234, 13.2354063897, 21.7134405506, 23.2321707567, 22.1382409182, 21.0680677029, 5.4508833675, 2.7924178316, 12.2024980658, 6.6383391293, 37.1249534666, 6.7111456805, 43.7643842842, 3.78537782]
    ],
    [
      [0.0003753317393, 0.002437752806, 0.0030314308434, 0.00015659481306, 0.00070131612175, 0.00088815271957, 0.0016802646401, 8.4081877536e-05, 0.00015074986507, 0.00011372045424, 0.0016303688961, 0.0025826119406, 0.00386072009, 0.00097302007607, 0.0020993114944, 0, 0.0022473274695, 0.0010943632678, 0.00063906070761, 0.002067692988, 0.0019974039936, 0.0015152613016, 0.0033317138228, 0.0021294704433, 0.0027938663558, 0.001190462344, 0.00052909466033, 0.00014979427459, 0.00078421286886, 0.0008847265381, 0.0051523460464, 0.0014585270185, 0.0058811122289, 0.00054447900737],
      [0.73230737814, 5.2154474662, 6.1693657894, 0.32042251113, 1.9168841111, 2.2648667037, 5.4298545679, 0.15563453289, 0.24588879262, 0.35984383377, 3.0395082623, 4.1240947064, 6.6481263944, 1.4086084559, 3.8485738443, 0.16255920806, 4.7885428826, 1.9959104788, 1.5951989272, 3.8175966143, 3.3940386537, 2.7610783251, 9.3974623748, 5.8969774726, 6.55244603, 3.1897766018, 0.83120548574, 0.42312666605, 1.8197686536, 3.3319911641, 9.5463060206, 1.8982519207, 6.4470751995, 0.83677535221],
      [7.1902025768, 59.1159751832, 78.184634058, 3.6505557541, 21.8281399496, 25.4800181054, 58.8502491208, 1.8370199538, 3.7321240681, 5.5822961364, 32.4796699344, 45.2851475146, 64.5002937974, 15.3632173587, 37.6804857438, 2.8018460966, 40.6990951063, 19.7772840765, 16.1307331796, 44.7937339182, 37.1971271606, 34.8335881489, 94.7467644521, 65.3604111626, 72.6359903531, 40.4062090321, 7.052834361, 4.5318285817, 16.8795954975, 36.1794521864, 96.2771909812, 20.8010733886, 69.5449180887, 7.0811522517],
      [0.077114713325, 0.66613959788, 0.6429687218, 0.02886513992, 0.25427462318, 0.25422703814, 0.71821604674, 0.0072614313918, 0.021836389421, 0.057746309405, 0.47919143434, 0.58817516702, 0.84771908819, 0.2272011653, 0.46884110039, 0.035594695341, 0.51011468362, 0.22571108141, 0.27342883246, 0.38660177444, 0.40683678172, 0.40381826472, 0.85244145925, 0.74048189443, 0.80876975045, 0.4028239037, 0.11543105864, 0.044894958012, 0.29985163597, 0.48767192302, 1.1713506522, 0.29921616367, 1.0021255996, 0.081527917124]
    ],
    [
      [0.82431748948, 6.3513158071, 6.0283002382, 0.52490651673, 2.6201602312, 1.5155646895, 3.8693221854, 0.69373588866, 1.6058488394, 0.60032200126, 5.8228046895, 6.6126818096, 10.7593608986, 5.6909464546, 5.9921623238, 0, 4.5113411833, 2.4464597202, 1.702540833, 4.8048165119, 5.537881451, 3.8958202738, 7.4532982887, 6.2971432908, 7.5504780598, 4.0324175759, 0.81878763038, 1.1898418272, 2.4902660149, 0.97921233358, 10.9032886047, 2.4242889068, 25.1921761119, 2.2162694957],
      [0.90965605167, 7.7824008399, 7.0286645255, 0.60964055333, 4.0953820462, 2.2028225941, 7.1615537835, 0.71572700608, 1.4881449795, 1.0816770749, 6.214916624, 6.0474685988, 10.6164284421, 4.7096805745, 6.2886461429, 0.6049464557, 5.5010494279, 2.539343991, 2.4291215827, 5.0801513483, 5.3896761783, 4.0628631872, 12.0490052784, 9.9910604094, 10.1467400767, 6.1887626101, 0.7308547272, 1.9102995771, 3.3005074058, 2.1037705135, 11.5787563088, 1.799637414, 15.834573698, 1.9433996619],
      [3.4156720969, 33.8864024347, 34.2204862246, 2.6573308689, 17.900699582, 9.5062522158, 29.8171942844, 3.2104376925, 8.6532730186, 6.4328123003, 25.5066378031, 25.5087902701, 39.5720732476, 19.71571146, 23.6477827823, 3.9570583847, 17.953046123, 9.6472584958, 9.42317905, 22.8887960053, 22.6824897711, 19.6810339892, 46.6758840681, 42.5447868723, 43.2125149699, 30.1124689413, 2.3723387731, 7.8348561747, 11.7426300516, 8.7660740011, 44.8699432831, 7.5649607647, 65.6397496553, 6.2989420818],
      [3.8503543619, 38.9798809182, 28.7225490117, 2.208122061, 21.3837581406, 9.7753605006, 37.1519297467, 1.3800994128, 5.2527331626, 6.8851886236, 38.4556408834, 33.8310593215, 53.0521374116, 29.8836615109, 30.071408751, 5.4379951596, 23.0345632657, 11.3669377929, 16.4451585343, 20.2262361345, 25.3899525996, 23.3602825498, 42.8218123648, 49.1670094274, 49.0902668936, 30.6663508727, 4.0780188693, 8.065002421, 21.4665965277, 12.1509431518, 55.6480118034, 11.2111129145, 96.3335005348, 7.5413887606]
    ]
  ],
  "prob": [
    [0.01149279878, 0.50696105001, 0.4497317678, 0.031814383409],
    [0.27537580555, 0.035142390405, 0.6851841048, 0.0042976992514],
    [0.026565814139, 0.036327884687, 0.83477837323, 0.10232792795],
    [0.011861120576, 0.75829307987, 0.19650428521, 0.033341514351],
    [4.3363014512e-05, 0.084054761807, 0.90518599535, 0.010715879833],
    [0.081574812843, 0.090742303206, 0.37566098684, 0.45202189711]
  ],
  "iterations": 174,
  "time": 0.000312,
  "message": "Converged",
  "status": 0,
  "miniter": 0,
  "maxiter": 1000,
  "maxtime": 3600,
  "param_threshold": 0.001,
  "ll_threshold": "-Inf",
  "initial_prob": "random",
  "adjust_prob_cond_method": "",
  "adjust_prob_cond_every": true,
  "candidates_id": ["GOLDIE, Xavier Heath.c", "HENARE, Raymond Tau.c", "CARTER, Chris Joseph.c", "Other candidates votes.c"],
  "group_id": ["ACT New Zealand.p", "Green Party.p", "Labour Party.p", "National Party.p", "New Zealand First Party.p", "Other parties votes.p"]
}
