{
  "X": [
    [1, 13, 22, 3],
    [1, 11, 29, 2],
    [0, 26, 24, 3],
    [39, 494, 408, 71],
    [87, 696, 1213, 117],
    [43, 220, 291, 44],
    [32, 391, 556, 57],
    [90, 704, 672, 76],
    [39, 304, 216, 35],
    [39, 288, 326, 54],
    [12, 197, 241, 22],
    [38, 523, 693, 60],
    [13, 183, 199, 26],
    [1, 14, 16, 2],
    [0, 14, 15, 5],
    [0, 14, 27, 1],
    [26, 502, 701, 75],
    [8, 95, 107, 19],
    [2, 8, 12, 2],
    [2, 17, 10, 3],
    [4, 11, 38, 2],
    [27, 307, 361, 38],
    [18, 254, 188, 27],
    [49, 495, 375, 68],
    [32, 293, 295, 43],
    [13, 247, 122, 33],
    [14, 244, 395, 47],
    [59, 496, 395, 76],
    [44, 594, 550, 76],
    [20, 345, 660, 51],
    [27, 249, 497, 26],
    [5, 10, 19, 1],
    [10, 91, 411, 22],
    [4, 10, 27, 1],
    [37, 336, 747, 48],
    [27, 229, 343, 39],
    [39, 352, 655, 30],
    [25, 105, 501, 39],
    [101, 84, 129, 23],
    [8, 84, 273, 28],
    [13, 223, 296, 39],
    [26, 177, 434, 30],
    [112, 1116, 1593, 153],
    [0, 2, 3, 1],
    [10, 64, 44, 7],
    [96, 970, 1335, 137],
    [1, 67, 123, 11]
  ],
  "W": [
    [0, 6, 10, 21, 1, 1],
    [0, 7, 6, 26, 1, 3],
    [3, 8, 17, 22, 1, 2],
    [39, 80, 396, 373, 87, 37],
    [74, 159, 511, 1116, 179, 74],
    [32, 49, 160, 276, 63, 18],
    [45, 108, 269, 504, 74, 36],
    [43, 140, 523, 606, 164, 66],
    [21, 43, 237, 191, 67, 35],
    [36, 62, 210, 294, 67, 38],
    [13, 47, 137, 225, 28, 22],
    [63, 126, 373, 591, 109, 52],
    [11, 77, 103, 186, 27, 17],
    [0, 5, 11, 14, 3, 0],
    [0, 4, 8, 17, 3, 2],
    [0, 7, 9, 25, 1, 0],
    [24, 147, 370, 651, 65, 47],
    [8, 24, 78, 98, 12, 9],
    [1, 5, 4, 8, 4, 2],
    [0, 6, 11, 10, 2, 3],
    [1, 8, 4, 34, 3, 5],
    [17, 91, 218, 318, 62, 27],
    [19, 40, 196, 171, 35, 26],
    [47, 84, 378, 332, 92, 54],
    [20, 59, 230, 263, 61, 30],
    [11, 32, 214, 110, 32, 16],
    [30, 55, 194, 362, 41, 18],
    [33, 69, 406, 376, 102, 40],
    [51, 92, 469, 495, 109, 48],
    [20, 87, 251, 611, 58, 49],
    [29, 77, 179, 448, 42, 24],
    [0, 3, 3, 18, 7, 4],
    [18, 26, 68, 375, 27, 20],
    [2, 5, 8, 21, 4, 2],
    [33, 88, 239, 687, 76, 45],
    [16, 31, 186, 318, 63, 24],
    [14, 89, 244, 615, 76, 38],
    [25, 49, 71, 450, 51, 24],
    [16, 21, 92, 114, 69, 25],
    [11, 22, 55, 255, 31, 19],
    [13, 35, 193, 277, 27, 26],
    [20, 64, 110, 397, 47, 29],
    [93, 220, 855, 1470, 210, 126],
    [0, 1, 1, 4, 0, 0],
    [2, 14, 46, 43, 12, 8],
    [52, 282, 740, 1214, 140, 110],
    [9, 31, 43, 114, 2, 3]
  ],
  "method": "mvn_cdf",
  "mvncdf_method": "genz",
  "mvncdf_samples": 5000,
  "mvncdf_error": 1e-06,
  "cond_prob": [
    [
      [0.0064524223557, 0.16075432815, 0.24330811312, 0.58948513637],
      [0.0020098373478, 0.67028664521, 0.26839364959, 0.059309867861],
      [1.220372596e-05, 0.90814681655, 3.6499732997e-13, 0.091840979723],
      [6.8447467871e-08, 1.9211948054e-06, 0.9749655375, 0.025032472853],
      [0.78261922023, 0.11180642156, 0.043650698681, 0.061923659531],
      [0.26300222457, 0.24606495529, 0.16290111496, 0.32803170518]
    ],
    [
      [0.004456424735, 0.21237820123, 0.45402796665, 0.32913740739],
      [0.0010378516705, 0.62238459528, 0.34989223889, 0.026685314154],
      [7.1633770611e-06, 0.95387663021, 5.4174328429e-13, 0.046116206409],
      [3.0044060425e-08, 1.5580148161e-06, 0.99034157648, 0.009656835464],
      [0.41748609133, 0.33100953092, 0.17436779114, 0.077136586604],
      [0.13852479522, 0.34303445889, 0.31922588978, 0.19921485611]
    ],
    [
      [0.0012540845073, 0.41285990114, 0.28214865827, 0.30373735608],
      [0.00020829904633, 0.82928450906, 0.15223464061, 0.018272551283],
      [1.1521863246e-06, 0.97464036658, 2.009242538e-13, 0.025358481229],
      [1.3102308624e-08, 4.6635463679e-06, 0.98524047367, 0.014754849679],
      [0.067355056947, 0.72421698456, 0.12706764432, 0.081360314183],
      [0.02552176876, 0.61447060876, 0.18770827292, 0.17229934956]
    ],
    [
      [0.0070819118602, 0.29990183971, 0.32220320939, 0.37081303904],
      [0.0014709438873, 0.7466382277, 0.22084415092, 0.031046677493],
      [9.6871051187e-06, 0.94877778992, 3.6968620317e-13, 0.051212522975],
      [8.6350158616e-08, 3.8808500623e-06, 0.97915594653, 0.020840086273],
      [0.38860743167, 0.41564543954, 0.11445269229, 0.081294436498],
      [0.16125606024, 0.4381580171, 0.18548564287, 0.21510027979]
    ],
    [
      [0.0078290448463, 0.26378686489, 0.40169498896, 0.3266891013],
      [0.0016963293893, 0.66968310198, 0.3001742075, 0.028446361131],
      [1.1623327236e-05, 0.95127020972, 4.9227826033e-13, 0.048718166956],
      [6.9004127049e-08, 2.5770045962e-06, 0.98587542845, 0.014121925543],
      [0.4204851178, 0.36001421752, 0.14620514998, 0.073295514701],
      [0.18795650559, 0.37369318571, 0.25669758984, 0.18165271886]
    ],
    [
      [0.018563963341, 0.29939029595, 0.28088014101, 0.4011655997],
      [0.0034349832407, 0.75502378257, 0.21169879629, 0.029842437902],
      [2.2789293705e-05, 0.94671918049, 3.0610509349e-13, 0.053258030219],
      [2.074573046e-07, 4.1015186231e-06, 0.97802625085, 0.021969440175],
      [0.56963344881, 0.29624492393, 0.075134334756, 0.058987292506],
      [0.36300494077, 0.31913508332, 0.13424669552, 0.18361328039]
    ],
    [
      [0.0064822045187, 0.31124843789, 0.37191653791, 0.31035281968],
      [0.001348889309, 0.71608135745, 0.25747282122, 0.025096932027],
      [8.5835349095e-06, 0.95964530518, 3.9985835277e-13, 0.04034611128],
      [6.3449363953e-08, 3.1962511881e-06, 0.98555828234, 0.014438457956],
      [0.35593723838, 0.4338892145, 0.13921918357, 0.070954363538],
      [0.15656513199, 0.42424046326, 0.24194985779, 0.17724454696]
    ],
    [
      [0.01032983405, 0.33885679413, 0.35391633976, 0.29689703206],
      [0.0019792389263, 0.73859688289, 0.23583889733, 0.023584980857],
      [1.3093315512e-05, 0.96438180674, 3.817845817e-13, 0.035605099948],
      [9.3462393977e-08, 3.2587335474e-06, 0.98735040595, 0.012646241859],
      [0.44860140864, 0.38738558086, 0.10866017195, 0.055352838551],
      [0.23909349095, 0.40130860731, 0.21371175373, 0.14588614802]
    ],
    [
      [0.010210400227, 0.33745670953, 0.33567539791, 0.31665749234],
      [0.0020325088383, 0.75172810774, 0.22197470275, 0.024264680678],
      [1.2129370127e-05, 0.96369653687, 3.2163137254e-13, 0.036291333761],
      [1.100743976e-07, 3.7890558495e-06, 0.98445350062, 0.015542600246],
      [0.48193495915, 0.35877150841, 0.099483344953, 0.059810187492],
      [0.23277957677, 0.41114889724, 0.19173779113, 0.16433373487]
    ],
    [
      [0.0095712337842, 0.27110501692, 0.31414998252, 0.40517376678],
      [0.0020922113886, 0.72737056951, 0.23871169186, 0.03182552724],
      [1.3342469461e-05, 0.94891414952, 3.5727641669e-13, 0.05107250801],
      [1.0450435912e-07, 3.2577410289e-06, 0.98057834329, 0.019418294463],
      [0.45598649682, 0.34892819014, 0.11384135635, 0.081243956692],
      [0.22699780525, 0.36531060328, 0.19707229332, 0.21061929815]
    ],
    [
      [0.0056331677393, 0.3826506865, 0.32071790893, 0.29099823682],
      [0.0010171436869, 0.78133209597, 0.19589794629, 0.021752814055],
      [6.0306585031e-06, 0.96744222437, 3.1129915734e-13, 0.032551744976],
      [6.0669846192e-08, 4.4800917222e-06, 0.98516137758, 0.014834081658],
      [0.32908882164, 0.4786232559, 0.12173477056, 0.070553151906],
      [0.13926438934, 0.49960416628, 0.20149136326, 0.15964008112]
    ],
    [
      [0.0050280515437, 0.26537673947, 0.4952006686, 0.23439454039],
      [0.0011981247017, 0.64735048193, 0.32739253384, 0.024058859529],
      [6.3695550567e-06, 0.95703045935, 5.3583366585e-13, 0.042963171096],
      [3.5527584179e-08, 2.2122181822e-06, 0.99111122611, 0.0088865261426],
      [0.2857280919, 0.45443415789, 0.20362432136, 0.056213428851],
      [0.10821922299, 0.38551897068, 0.36322585799, 0.14303594835]
    ],
    [
      [0.0074418234943, 0.36143186413, 0.24442063918, 0.3867056732],
      [0.0014030147578, 0.80020284031, 0.17300635023, 0.025387794701],
      [8.1619673533e-06, 0.954195691, 2.586061587e-13, 0.045796147033],
      [9.8155628145e-08, 5.4215605645e-06, 0.97573758619, 0.024256894094],
      [0.38546729495, 0.42853153918, 0.10214255544, 0.083858610418],
      [0.15824971058, 0.46770836834, 0.17722942741, 0.19681249368]
    ],
    [
      [0.0032460773203, 0.1954374449, 0.42021123414, 0.38110524364],
      [0.00081810560609, 0.61728475209, 0.34974193287, 0.032155209426],
      [5.6146929916e-06, 0.94434669695, 5.0519680579e-13, 0.055647688354],
      [2.0938668176e-08, 1.3583490357e-06, 0.98989736476, 0.01010125595],
      [0.32414694038, 0.37773442199, 0.19249448331, 0.10562415432],
      [0.10052261848, 0.33980308004, 0.31579505046, 0.24387925101]
    ],
    [
      [0.00052879300059, 0.18758166168, 0.026994486492, 0.78489505882],
      [0.00021444430107, 0.88502581637, 0.040324030093, 0.074435709235],
      [1.052822476e-06, 0.88182143754, 7.3587451107e-14, 0.11817750964],
      [2.1409529726e-08, 1.0447632913e-05, 0.856243089, 0.14374644195],
      [0.086835040172, 0.5980325002, 0.024170789512, 0.29096167011],
      [0.022442536995, 0.40035381905, 0.034010352456, 0.5431932915]
    ],
    [
      [0.00053353817642, 0.30299378432, 0.46266696726, 0.23380571025],
      [0.00010248196415, 0.7098259767, 0.27454986928, 0.015521672057],
      [6.4163335932e-07, 0.9762591598, 3.8139455495e-13, 0.023740198566],
      [3.4916489116e-09, 2.0274367971e-06, 0.99335001342, 0.0066479556494],
      [9.0780840937e-07, 0.67480972465, 0.24573681645, 0.079452551098],
      [0.0034765759769, 0.51224572098, 0.33669876836, 0.14757893469]
    ],
    [
      [0.0050046175376, 0.29788768371, 0.34960046971, 0.34750722904],
      [0.0011318234122, 0.70291114438, 0.26396576414, 0.031991268064],
      [7.2953905374e-06, 0.9511847032, 4.1855940248e-13, 0.048808001405],
      [5.0791461828e-08, 2.8923458305e-06, 0.98281426328, 0.017182793578],
      [0.30918548213, 0.45916152458, 0.13848886654, 0.093164126748],
      [0.135557822, 0.4198512717, 0.22980347588, 0.21478743042]
    ],
    [
      [0.0088410592778, 0.22136778651, 0.31263488701, 0.4571562672],
      [0.0023371498885, 0.6739214749, 0.27726054227, 0.046480832935],
      [1.5146841885e-05, 0.92440732217, 4.3484847704e-13, 0.075577530985],
      [9.6373411097e-08, 2.5969797073e-06, 0.97683304164, 0.023164265005],
      [0.50246589561, 0.29024774975, 0.11016437633, 0.097121978313],
      [0.22561298188, 0.31299368943, 0.20446300709, 0.25693032159]
    ],
    [
      [0.0048841271665, 0.16587446142, 0.51918753202, 0.3100538794],
      [0.0012606782818, 0.52863137102, 0.44259762875, 0.027510321942],
      [1.0095094954e-05, 0.94475361214, 7.5659181898e-13, 0.055236292764],
      [2.845573161e-08, 1.0507472953e-06, 0.99234992888, 0.0076489919138],
      [0.41602433738, 0.28890539751, 0.21592913046, 0.079141134651],
      [0.150591162, 0.27762622162, 0.3763466955, 0.19543592088]
    ],
    [
      [0.0094600850003, 0.29249227443, 0.14105193089, 0.55699570968],
      [0.0021184394725, 0.84689587463, 0.11031330934, 0.040672376554],
      [1.124462513e-05, 0.94539146802, 1.436588079e-13, 0.054597287355],
      [1.6693878639e-07, 5.6113996043e-06, 0.96106773936, 0.038926482306],
      [0.59748921531, 0.28852640385, 0.037029410072, 0.07695497077],
      [0.26183315548, 0.38816576945, 0.085719633178, 0.2642814419]
    ],
    [
      [0.018960416175, 0.24959489651, 0.45306840444, 0.27837628288],
      [0.0040909838315, 0.65198398132, 0.32209851137, 0.02182652348],
      [2.7728799753e-05, 0.96288924449, 5.0446668508e-13, 0.03708302671],
      [1.3475809234e-07, 1.907786807e-06, 0.99099719003, 0.0090007674206],
      [0.73365740894, 0.16276431061, 0.075324743086, 0.02825353737],
      [0.41468131167, 0.26264607274, 0.21068211362, 0.11199050197]
    ],
    [
      [0.0065595416251, 0.27823705687, 0.40314368052, 0.31205972098],
      [0.0013926869427, 0.68314380257, 0.28961705651, 0.025846453975],
      [9.3751054298e-06, 0.95636579234, 4.7991114804e-13, 0.043624832549],
      [5.9760880714e-08, 2.7527274868e-06, 0.98651394139, 0.013483246122],
      [0.3720727924, 0.39922361207, 0.15526504452, 0.073438551015],
      [0.16022727414, 0.40289341608, 0.26093520061, 0.17594410917]
    ],
    [
      [0.0076736580011, 0.37568852968, 0.31310496431, 0.30353284801],
      [0.0013798477943, 0.79042831374, 0.18723280677, 0.020959031699],
      [7.9338668767e-06, 0.96544452094, 2.7136453761e-13, 0.034547545193],
      [9.3303772477e-08, 4.5866985061e-06, 0.98282930591, 0.017166014089],
      [0.38304623987, 0.44626810384, 0.10647814914, 0.06420750715],
      [0.17658080976, 0.46159159297, 0.19377067015, 0.16805692711]
    ],
    [
      [0.0087915548577, 0.33453790722, 0.31164183655, 0.34502870138],
      [0.0018046401376, 0.75790956303, 0.21133997223, 0.028945824601],
      [1.0567122767e-05, 0.95818944445, 3.1902982391e-13, 0.041799988429],
      [9.7203802845e-08, 3.8608799646e-06, 0.9821492765, 0.017846765419],
      [0.43334315697, 0.38928650708, 0.10883839152, 0.068531944427],
      [0.19324558029, 0.4301604975, 0.19588843345, 0.18070548876]
    ],
    [
      [0.0082815003181, 0.26966585055, 0.3691478185, 0.35290483064],
      [0.0018596518659, 0.69084201272, 0.27664185106, 0.030656484348],
      [1.2006165386e-05, 0.94901848732, 4.4336596997e-13, 0.05096950651],
      [7.8903569426e-08, 2.8061268974e-06, 0.98402302239, 0.015974092581],
      [0.43733183181, 0.35385193081, 0.13233430605, 0.076481931329],
      [0.20039670174, 0.36869811824, 0.23548318005, 0.19542199998]
    ],
    [
      [0.0056890461989, 0.28839921846, 0.27562396144, 0.4302877739],
      [0.0012354426736, 0.75435596887, 0.2078521195, 0.03655646895],
      [7.7589657911e-06, 0.94295462248, 3.0559324114e-13, 0.057037618551],
      [7.5635426548e-08, 4.1777134849e-06, 0.97347796158, 0.026517785066],
      [0.34258874017, 0.44748882631, 0.10434312389, 0.10557930962],
      [0.14672523046, 0.42055155757, 0.18644578791, 0.24627742406]
    ],
    [
      [0.0046202441959, 0.23274031252, 0.38376086898, 0.3788785743],
      [0.00098782894678, 0.63851976393, 0.32797377395, 0.032518633178],
      [7.0367836102e-06, 0.94038404686, 4.8210599036e-13, 0.059608916354],
      [4.0540474957e-08, 2.3760400565e-06, 0.9840123587, 0.015985224717],
      [0.29569532805, 0.41116035256, 0.18486180568, 0.10828251371],
      [0.11331373266, 0.35520502623, 0.2985328273, 0.23294841381]
    ],
    [
      [0.010197989428, 0.34004884598, 0.28976059638, 0.35999256822],
      [0.0023837487906, 0.74561050085, 0.21858411132, 0.033421639043],
      [1.8111767704e-05, 0.94099025817, 2.9941765041e-13, 0.058991630066],
      [1.4247346878e-07, 4.3641294833e-06, 0.97388676501, 0.026108728385],
      [0.461431953, 0.37778778054, 0.084618880789, 0.076161385675],
      [0.24439107337, 0.3940497043, 0.14642872289, 0.21513049944]
    ],
    [
      [0.0061631529171, 0.30399715082, 0.36553258232, 0.32430711394],
      [0.0012645391762, 0.72660616537, 0.24630293838, 0.02582635708],
      [7.9168343294e-06, 0.95849746773, 3.8361410165e-13, 0.041494615436],
      [6.1202891915e-08, 3.2940328901e-06, 0.98483603405, 0.015160610714],
      [0.34413661653, 0.44407047351, 0.13672592775, 0.075066982216],
      [0.15217593407, 0.43025248303, 0.23513531115, 0.18243627175]
    ],
    [
      [0.0041966613934, 0.25950360566, 0.42497318544, 0.3113265475],
      [0.00089183899811, 0.67644084128, 0.29652949289, 0.026137826832],
      [6.3810544971e-06, 0.95659252127, 5.4178082654e-13, 0.043401097671],
      [3.540863097e-08, 2.4350519999e-06, 0.98748767959, 0.012509849948],
      [0.28072947861, 0.45112826329, 0.19076652088, 0.07737573722],
      [0.11321002065, 0.41181389264, 0.29263954207, 0.18233654464]
    ],
    [
      [0.010279919718, 0.27476905023, 0.48596534351, 0.22898568655],
      [0.0022179940643, 0.63473072532, 0.34486844107, 0.01818283954],
      [1.7589560024e-05, 0.96654644594, 7.1505387444e-13, 0.033435964495],
      [6.4715378661e-08, 1.9700467059e-06, 0.9929417083, 0.0070562569393],
      [0.49513690916, 0.31229505959, 0.15124158707, 0.041326444187],
      [0.24853932248, 0.34273038055, 0.28735653344, 0.12137376353]
    ],
    [
      [0.014752094446, 0.44565655415, 0.30156828993, 0.23802306148],
      [0.0022688190854, 0.83840028766, 0.14636263455, 0.01296825871],
      [1.2294727359e-05, 0.98227798703, 1.8955176992e-13, 0.017709718241],
      [1.4197209128e-07, 4.4055858533e-06, 0.98961007746, 0.010385374982],
      [0.55399804801, 0.3566677011, 0.060510851577, 0.028823399314],
      [0.2922579597, 0.47410384274, 0.13908819593, 0.094550001631]
    ],
    [
      [0.0037790237186, 0.14245734793, 0.59884204662, 0.25492158173],
      [0.00093070963631, 0.47230097958, 0.49874949185, 0.028018818936],
      [9.0278266175e-06, 0.9361820786, 1.2053919249e-12, 0.063808893573],
      [2.1936960919e-08, 1.0259912829e-06, 0.9921705187, 0.0078284333689],
      [0.30182856674, 0.27544430928, 0.34021412692, 0.082512997055],
      [0.10645324658, 0.25445840159, 0.47504256596, 0.16404578587]
    ],
    [
      [0.015234545161, 0.11157270149, 0.72199931245, 0.1511934409],
      [0.0040567851666, 0.3555654019, 0.62521329977, 0.015164513164],
      [4.7959501625e-05, 0.95525628215, 1.5463942862e-12, 0.044695758345],
      [6.9553742308e-08, 5.5019917198e-07, 0.9967795192, 0.0032198610447],
      [0.76879639074, 0.084015942634, 0.12920381149, 0.01798385513],
      [0.40925095521, 0.13869556243, 0.37890734425, 0.073146138104]
    ],
    [
      [0.0067694033788, 0.26797753562, 0.45492163893, 0.27033142207],
      [0.001588087334, 0.60213891353, 0.3725492908, 0.023723708339],
      [1.0749144207e-05, 0.96125680315, 5.5393209591e-13, 0.038732447706],
      [5.3582308114e-08, 2.3246772667e-06, 0.99061685806, 0.0093807636814],
      [0.38757244919, 0.36568536215, 0.18462183807, 0.06212035059],
      [0.17978913762, 0.37441990344, 0.28891268328, 0.15687827565]
    ],
    [
      [0.0062099107806, 0.24435928053, 0.3957836604, 0.35364714829],
      [0.0014699433531, 0.65642202995, 0.31183996454, 0.030268062156],
      [9.8042777041e-06, 0.94596427448, 5.1938872627e-13, 0.054025921238],
      [5.3573416419e-08, 2.2822906492e-06, 0.98546893391, 0.014528730228],
      [0.3761172734, 0.3763753391, 0.16224618727, 0.085261200224],
      [0.16082793156, 0.36251964916, 0.27208074133, 0.20457167795]
    ],
    [
      [0.0081449157504, 0.34184685008, 0.39834506247, 0.2516631717],
      [0.0017977068519, 0.67814176235, 0.30291623609, 0.017144294706],
      [1.135761687e-05, 0.9673278578, 3.6048218145e-13, 0.03266078458],
      [7.7395787831e-08, 3.0682909127e-06, 0.99159880652, 0.0083980477944],
      [0.41565264895, 0.39616076311, 0.14514005028, 0.043046537661],
      [0.2140573513, 0.40099042044, 0.25960492651, 0.12534730176]
    ],
    [
      [0.0052542622895, 0.13599223479, 0.52373268504, 0.33502081787],
      [0.0017593334586, 0.40101122114, 0.55713850798, 0.040090937424],
      [1.4515930772e-05, 0.89750748206, 1.1734503487e-12, 0.10247800201],
      [3.0083975343e-08, 8.6054974067e-07, 0.98995471762, 0.010044391748],
      [0.33611317458, 0.2183089653, 0.33166841952, 0.1139094406],
      [0.15340376185, 0.20796757513, 0.41893455795, 0.21969410506]
    ],
    [
      [0, 0, 0, 0],
      [0, 0, 0, 0],
      [0, 0, 0, 0],
      [0, 0, 0, 0],
      [0, 0, 0, 0],
      [0, 0, 0, 0]
    ],
    [
      [0.003060747658, 0.1802110554, 0.39099452396, 0.42573367297],
      [0.00076833356722, 0.60581441486, 0.35218353899, 0.04123371259],
      [5.6830033853e-06, 0.91698450312, 5.6672790876e-13, 0.083009813878],
      [2.1308123844e-08, 1.6539646109e-06, 0.98462114185, 0.015377182881],
      [0.21667885885, 0.40539604574, 0.2403147963, 0.13761029911],
      [0.089002463602, 0.32144451662, 0.3325555846, 0.25699743517]
    ],
    [
      [0.0052157152884, 0.22250098333, 0.35886037969, 0.41342292169],
      [0.0013376936231, 0.6546515217, 0.30587987243, 0.038130912245],
      [8.9705185342e-06, 0.93615263767, 5.0135347334e-13, 0.063838391808],
      [5.3017658214e-08, 2.4800874883e-06, 0.98195825987, 0.018039207026],
      [0.36998568051, 0.36982152695, 0.15855375999, 0.10163903254],
      [0.14390241275, 0.34372472301, 0.25271256181, 0.25966030243]
    ],
    [
      [0.0083067839767, 0.26031254384, 0.43799562423, 0.29338504795],
      [0.0017923424573, 0.6567043796, 0.31660339353, 0.02489988442],
      [1.2444464112e-05, 0.95649512897, 5.3807987994e-13, 0.043492426569],
      [6.7931772269e-08, 2.4048741189e-06, 0.98856719255, 0.011430334642],
      [0.42960717703, 0.35468509891, 0.1525083069, 0.063199417156],
      [0.19865998084, 0.36216003373, 0.27618911437, 0.16299087105]
    ],
    [
      [0.0082901424701, 0.29180932021, 0.3921031351, 0.30779740222],
      [0.0017539584623, 0.70321079709, 0.26940498317, 0.025630261281],
      [1.1496843669e-05, 0.95845975026, 4.4008580949e-13, 0.041528752898],
      [7.4269753268e-08, 2.9351832225e-06, 0.98606924448, 0.013927746069],
      [0.42838261515, 0.36823141587, 0.13648876105, 0.066897207926],
      [0.19379382295, 0.38968482541, 0.24497884112, 0.17154251052]
    ],
    [
      [-0, 3.165932145e-08, 6.7782467463e-98, 0.99999996834],
      [0, 0.99968126716, 3.3710268529e-08, 0.00031869912802],
      [5.4480090685e-40, 0.9823364744, 4.6400120061e-15, 0.017663525597],
      [4.7504498872e-41, 8.1258901229e-06, 0.89678960053, 0.10320227358],
      [0.042343284374, 0.95765671516, 3.949661313e-13, 4.6117287492e-10],
      [0.00023846559352, 0.99976153441, -0, -0]
    ],
    [
      [0.01862235883, 0.39132557811, 0.22228609059, 0.36776597247],
      [0.0038014254407, 0.83764175787, 0.13008297526, 0.028473841429],
      [1.7462929341e-05, 0.96614903095, 1.8690544919e-13, 0.033833506117],
      [2.8920266482e-07, 7.3031870842e-06, 0.97115524094, 0.028837166667],
      [0.61846517625, 0.29061186993, 0.048393732023, 0.042529221799],
      [0.35278170814, 0.4016121197, 0.10316047953, 0.14244569263]
    ],
    [
      [0.010816968759, 0.25232079939, 0.39142382599, 0.34543840586],
      [0.0023842331709, 0.67102309369, 0.29698405087, 0.029608622266],
      [1.6447189901e-05, 0.94787659618, 4.9485746011e-13, 0.052106956631],
      [9.9382956736e-08, 2.5299125656e-06, 0.9856875306, 0.014309840104],
      [0.50305830747, 0.30196834946, 0.12553743845, 0.069435904615],
      [0.24805220273, 0.33941794824, 0.23417597631, 0.17835387272]
    ],
    [
      [0.0034547145094, 0.28791383277, 0.35101149207, 0.35761996066],
      [0.00073982715791, 0.71743863028, 0.25262663528, 0.029194907285],
      [4.6599788526e-06, 0.95370562859, 3.8347696197e-13, 0.046289711427],
      [3.38136172e-08, 3.0445046318e-06, 0.98366064435, 0.016336277327],
      [0.2746722652, 0.47506834514, 0.15506623797, 0.095193151678],
      [0.09613142197, 0.4399804443, 0.24693672858, 0.21695140515]
    ]
  ],
  "expected_outcome": [
    [
      [0, 0, 0.0037622535218, 0.27619456255, 0.57934931863, 0.59404682692, 0.29169920334, 0.44418286416, 0.21441840476, 0.34456441623, 0.073231180611, 0.31676724725, 0.081860058438, 0, 0, 0, 0.1201108209, 0.070728474222, 0.0048841271665, 0, 0.018960416175, 0.11151220763, 0.14579950202, 0.41320307831, 0.16563000636, 0.062579508188, 0.13860732588, 0.33653365111, 0.31432079877, 0.083933227868, 0.29811767182, 0, 0.068022426935, 0.030469090323, 0.2233903115, 0.099358572489, 0.11402882051, 0.13135655724, 0, 0.033668224238, 0.06780429875, 0.16613567953, 0.77098324972, 0, 0.03724471766, 0.56248237549, 0.031092430585],
      [0, 0, 1.2385797034, 11.6961717485, 19.5202280021, 9.5804894704, 14.0061797051, 14.5708421476, 7.0865909001, 9.7597806091, 4.9744589246, 16.7187345864, 3.9757505054, 0, 0, 0, 7.149304409, 1.7709422921, 0.16587446142, 0, 0.24959489651, 4.7300299668, 7.138082064, 15.7232816392, 5.393317011, 3.1723914031, 6.9822093757, 11.2216119172, 15.5038546918, 5.1900721133, 7.9683024566, 0, 2.5642322628, 0.22314540297, 8.8432586755, 3.9097484885, 4.7858559011, 3.3998058699, 0, 1.9823216094, 2.8925127833, 5.2062508769, 27.1382667796, 0, 0.78265115622, 13.1206815683, 2.5912244949],
      [0, 0, 0.8464459748, 12.5659251663, 29.7254291833, 8.9881645124, 16.7362442061, 15.2184026096, 7.049183356, 11.3093993706, 4.1693328161, 31.1976421216, 2.688627031, 0, 0, 0, 8.3904112731, 2.5010790961, 0.51918753202, 0, 0.45306840444, 6.8534425689, 5.9489943219, 14.6471663178, 7.3829563699, 3.0318635758, 11.5128260694, 9.5620996805, 18.6421616984, 8.4994637088, 14.0929949617, 0, 10.7791568392, 1.4439986249, 15.0124140847, 6.3325385663, 5.5768308746, 13.093317126, 0, 4.3009397636, 4.665184936, 8.7599124845, 36.4655915643, 0, 0.44457218119, 20.3540389515, 3.1591034286],
      [0, 0, 0.91121206825, 14.4617085226, 24.174993496, 12.8372991903, 13.9658768855, 12.7665723786, 6.6498073391, 14.5862556042, 3.7829770787, 14.7668560448, 4.2537624052, 0, 0, 0, 8.340173497, 3.6572501376, 0.3100538794, 0, 0.27837628288, 5.3050152567, 5.7671241121, 16.2163489647, 7.0580966127, 4.7331655129, 11.366357229, 11.8797547512, 16.539662811, 6.2265309501, 6.6405849099, 0, 4.5885884711, 0.3023868818, 8.9209369284, 5.6583543727, 3.5232844039, 8.3755204469, 0, 4.6830704027, 5.3744979819, 5.867700959, 28.6251584064, 0, 0.73553194494, 17.9627971047, 3.2185796459]
    ],
    [
      [0.012059024087, 0.0072649616934, 0.0016663923706, 0.11767551098, 0.26971637291, 0.16831417879, 0.14568004537, 0.27709344968, 0.087397880048, 0.12971710609, 0.047805753283, 0.15096371241, 0.10803213635, 0.0040905280304, 0.00085777720428, 0.00071737374905, 0.16637804159, 0.056091597324, 0.0063033914091, 0.012710636835, 0.032727870652, 0.12673451179, 0.055193911771, 0.15158977156, 0.10971946009, 0.039534165556, 0.054330592073, 0.16447866655, 0.11633760421, 0.077589992835, 0.17078554295, 0.0068064572561, 0.024198450544, 0.020283925833, 0.1397516854, 0.045568243946, 0.15999590982, 0.08620733947, 0, 0.016903338479, 0.046819276809, 0.11470991726, 0.38587086171, 0, 0.05321995617, 0.6723537542, 0.022934641895],
      [4.0217198712, 4.356692167, 6.6342760725, 59.7310582158, 106.4796132141, 36.9961653459, 77.3367866045, 103.4035636045, 32.3243086326, 45.0969753096, 36.7226085104, 81.5661607236, 61.6156187038, 3.0864237605, 3.5401032655, 4.9687818369, 103.3279382238, 16.1741153977, 2.6431568551, 5.0813752478, 5.2158718505, 62.1660860338, 31.6171325495, 63.6644032943, 40.7596787506, 24.139391004, 35.118587016, 51.4471245585, 66.8477672136, 58.8503531913, 48.8742658498, 2.515200863, 12.2798254691, 1.7778270095, 52.9882243904, 20.3490829285, 60.3546168494, 19.6495498359, 0, 13.3279171268, 22.9128032596, 42.0290802942, 154.7063753601, 0.99968126716, 11.7269846102, 189.2285124206, 22.2405975385],
      [1.6103618975, 2.4492456722, 1.2178771248, 17.6675320738, 47.7276989932, 10.3732410181, 27.8070646912, 33.0174456258, 9.5449122182, 14.8001248954, 9.2072034758, 41.2514592633, 13.3214889679, 1.7487096644, 0.16129612037, 1.921849085, 38.8029673291, 6.6542530146, 2.2129881438, 0.66187985603, 2.576788091, 26.3551521427, 7.4893122707, 17.7525576677, 16.3218692128, 6.6512678241, 18.0385575671, 15.082303681, 22.6598703309, 25.7980658815, 26.5548699626, 0.43908790365, 12.967486788, 3.1260664989, 32.7843375903, 9.6670389008, 26.959545012, 27.2997868908, 0, 7.7480378577, 10.705795535, 20.2626171856, 59.2690962963, 3.3710268529e-08, 1.8211616536, 83.7495023461, 7.8314256937],
      [0.35585920716, 0.18679719908, 0.14618041026, 2.4837341994, 4.5229714198, 1.4622794572, 2.7104686589, 3.30189732, 1.0433812692, 1.9731826889, 1.0223822606, 3.0314163007, 1.9548601919, 0.16077604713, 0.29774283694, 0.1086517044, 4.7027164055, 1.1155399904, 0.13755160971, 0.24403425933, 0.17461218784, 2.3520273117, 0.83836126797, 2.4314492664, 1.8087325765, 1.1698070064, 1.7885248248, 2.306093094, 2.3760248514, 2.2739909344, 1.4000786446, 0.038904776131, 0.72848929234, 0.07582256582, 2.0876863339, 0.93830992683, 1.5258422288, 1.9644559338, 0, 0.90714167697, 1.3345819286, 1.5935926029, 5.6386574818, 0.00031869912802, 0.39863378, 8.3496314791, 0.90504212585]
    ],
    [
      [0.0001220372596, 4.2980262367e-05, 1.9587167517e-05, 0.003836093627, 0.0059395202177, 0.0036462869927, 0.0023089708907, 0.0068478040126, 0.00287466072, 0.0028019185868, 0.00082620021492, 0.0023758440361, 0.00084068263739, 6.1761622907e-05, 8.422579808e-06, 5.7747002338e-06, 0.0026992944988, 0.001181453667, 4.0380379816e-05, 0.00012369087643, 0.00011091519901, 0.0020437729837, 0.0015550379078, 0.0039943724058, 0.0027614180387, 0.0016604186793, 0.0013651360204, 0.0073533776878, 0.0037129953005, 0.0016016446788, 0.0031485312444, 3.6884182076e-05, 0.00061389220999, 0.000383676013, 0.0025690454654, 0.001823595653, 0.0027712585163, 0.0010306310848, 0, 0.00031256518619, 0.0017313100771, 0.0013688910523, 0.0098298013367, 5.4480090685e-40, 0.00080329474967, 0.012170920527, 0.00020037909066],
      [9.0814681655, 5.7232597813, 16.5688862319, 375.7160048081, 486.099077165, 151.4750688779, 258.1445870947, 504.3716849228, 228.3960792379, 199.2719713992, 132.539584738, 356.9723613371, 98.282156173, 10.3878136665, 7.0545715003, 8.7863324382, 351.9383401857, 72.1037711295, 3.7790144486, 10.3993061482, 3.851556978, 208.4877427311, 189.2271261042, 362.1956100013, 218.2742520845, 201.7922892114, 182.4345050913, 382.0420448153, 449.535312365, 240.1047228398, 173.0118138241, 2.9468339611, 63.6603813448, 7.6420502572, 229.7403759527, 175.9493550539, 236.0279973039, 63.7230312263, 0, 50.4341476715, 180.6774590708, 105.2144641863, 819.4830864709, 0.9823364744, 44.4428554239, 701.428681172, 41.0093420295],
      [3.6499732997e-12, 3.2504597057e-12, 3.4157123145e-12, 1.4639573646e-10, 2.5155419103e-10, 4.8976814959e-11, 1.075618969e-10, 1.9967333623e-10, 7.6226635292e-11, 7.5028047505e-11, 4.2647984556e-11, 1.9986595736e-10, 2.6636434346e-11, 5.5571648637e-12, 5.8869960885e-13, 3.4325509946e-12, 1.5486697892e-10, 3.3918181209e-11, 3.0263672759e-12, 1.5802468869e-12, 2.0178667403e-12, 1.0462063027e-10, 5.3187449372e-11, 1.2059327344e-10, 1.0197417309e-10, 6.5396953603e-11, 9.3528562131e-11, 1.2156356607e-10, 1.7991501367e-10, 1.3598698746e-10, 1.2799464352e-10, 5.6865530976e-13, 8.1966650891e-11, 1.237115429e-11, 1.3238977092e-10, 9.6606303087e-11, 8.7957652275e-11, 8.3314974755e-11, 0, 3.1170034982e-11, 9.6761220355e-11, 5.9188786793e-11, 3.7627336711e-10, 4.6400120061e-15, 8.597650663e-12, 3.6619452048e-10, 1.6489509365e-11],
      [0.91840979723, 0.27669723846, 0.43109418089, 20.2801590982, 24.8949833145, 8.5212848351, 10.8531039343, 18.621467273, 8.6010461013, 10.7252266821, 4.4595890617, 16.0252628187, 4.7170031444, 0.6121245719, 0.94542007709, 0.2136617871, 18.0589605197, 5.8950474168, 0.22094517106, 0.60057016091, 0.14833210684, 9.5102134958, 6.7713188578, 15.8003956262, 11.7229864974, 12.2060503699, 11.5641297726, 23.9506018069, 19.4609746395, 10.8936755154, 5.9850376446, 0.053129154724, 4.339004763, 0.35756606676, 9.2570550017, 10.0488213503, 7.9692314375, 7.2759381426, 0, 4.5655397633, 12.320809619, 4.7841669226, 35.5070837274, 0.017663525597, 1.5563412814, 38.5591479072, 1.9904575914]
    ],
    [
      [1.4373968253e-06, 7.8114557105e-07, 2.8825078973e-07, 3.2208609164e-05, 7.7008605786e-05, 5.725821607e-05, 3.1978479432e-05, 5.663821075e-05, 2.1024209942e-05, 3.0724281581e-05, 1.3650715393e-05, 2.099680225e-05, 1.8256946835e-05, 2.9314135446e-07, 3.6396200534e-07, 8.729122279e-08, 3.306524165e-05, 9.4445942875e-06, 2.2764585288e-07, 1.6693878639e-06, 4.5817751397e-06, 1.9003960067e-05, 1.5954945093e-05, 3.2271662544e-05, 2.0751638759e-05, 8.3198969203e-06, 1.4675651934e-05, 5.357002426e-05, 3.0295431498e-05, 2.1634673523e-05, 2.899248964e-05, 2.5554976431e-06, 8.2263603444e-06, 1.4606285885e-06, 3.6811045675e-05, 1.7036346421e-05, 4.7598409516e-05, 1.3537788904e-05, 0, 5.4335715803e-06, 1.4685891325e-05, 2.6968913591e-05, 0.0001091765373, 1.9001799549e-40, 1.2435714587e-05, 0.00012065090948, 3.8547523609e-06],
      [4.0345090913e-05, 4.0508385218e-05, 0.00010259802009, 0.0014475570732, 0.0028759371293, 0.00113201914, 0.0016109105988, 0.0019747925297, 0.00072370966726, 0.00095777586251, 0.0010080206375, 0.0013074209457, 0.001008410265, 1.90168865e-05, 0.00017760975952, 5.0685919928e-05, 0.0018829171357, 0.00025450401132, 8.4059783627e-06, 5.6113996043e-05, 6.4864751437e-05, 0.0008753673408, 0.00078432544454, 0.0012818121482, 0.00073801137402, 0.00045954848334, 0.00086012650046, 0.0016409126857, 0.0016305462806, 0.0014878167719, 0.00088258092423, 7.930054536e-05, 0.00038474673108, 1.1554182611e-05, 0.0015970532822, 0.00072576842644, 0.0018869989113, 0.0003872473833, 0, 0.00042176097578, 0.00068698423427, 0.00095473502519, 0.0043147193371, 3.2503560492e-05, 0.00031403704462, 0.0030713138546, 0.00034707352802],
      [20.4742762876, 25.7488809884, 21.6752904208, 365.2251680544, 1100.2369781484, 269.9352452342, 496.7213743012, 598.334346003, 188.0306186191, 288.2900329276, 221.6613099555, 585.746734632, 181.4871910314, 13.8585631067, 14.556132513, 24.8337503356, 639.8120853982, 95.7296380809, 7.9387994311, 9.6106773936, 33.6939044612, 313.7114333619, 168.0638113104, 326.0735597969, 258.7980548882, 107.0825757743, 356.2124738504, 366.1814236446, 487.4938368551, 603.3549722304, 444.8378853178, 17.8129813943, 372.0639445136, 20.9323699032, 680.5537814865, 313.3791209826, 609.8332660091, 445.4796229284, 0, 251.0783911707, 272.0024379835, 392.4611754433, 1449.5217893825, 3.5871584021, 41.7596753605, 1196.6246621492, 112.1373134564],
      [0.52568192992, 0.25107772206, 0.32460669295, 7.7733521799, 15.7600689059, 6.0635654884, 7.2769828097, 7.6636225663, 2.968636647, 5.7089785723, 3.3376683731, 5.2519369503, 4.5117823014, 0.1414175833, 2.4436895132, 0.16619889123, 11.1859986194, 2.2700979705, 0.06119193531, 0.38926482306, 0.3060260923, 4.2876722668, 2.9353884092, 5.9251261193, 4.2011863488, 2.9169563573, 5.7866513474, 9.8168818727, 7.5045023032, 7.6435183181, 3.1612031088, 0.18693674968, 2.9356625134, 0.067617081939, 6.4445846491, 4.6201362126, 5.1647993935, 4.5199762864, 0, 3.9211816348, 4.9968603463, 4.5378428528, 20.4737867217, 0.41280909432, 1.2399981667, 17.372145886, 1.8623356153]
    ],
    [
      [0.78261922023, 0.41748609133, 0.067355056947, 33.8088465554, 75.2668360861, 35.8869072748, 26.3393556403, 73.5706310176, 32.2896422628, 30.5510952868, 9.2144870059, 31.1443620167, 10.4076169637, 0.97244082115, 0.26050512052, 9.0780840937e-07, 20.0970563386, 6.0295907473, 1.6640973495, 1.1949784306, 2.2009722268, 23.0685131286, 13.4066183956, 39.8675704408, 26.6772417404, 10.9628396855, 12.1235084501, 47.0660592059, 37.5108912018, 16.2823097593, 20.7957501848, 3.8779863361, 8.1493713019, 3.075185563, 29.4555061383, 23.6953882245, 31.5896013201, 17.1417719037, 0, 6.7170446244, 9.9896133738, 20.1915373205, 89.9603491824, 0, 7.421582115, 70.4281630464, 0.54934453041],
      [0.11180642156, 0.33100953092, 0.72421698456, 36.1611532402, 64.4425449352, 18.6634302077, 32.1078018734, 63.531235261, 24.0376910634, 23.3781887396, 13.4014511651, 49.5333232103, 11.570351558, 1.133203266, 1.7940975006, 0.67480972465, 29.8454990975, 3.482972997, 1.15562159, 0.57705280769, 0.48829293182, 24.7518639482, 15.6193836344, 35.8143586518, 21.5849677794, 14.319642442, 16.8575744549, 38.5343536148, 48.4036816122, 26.1654392711, 13.1163925026, 2.4966739077, 7.4369963507, 0.33606377053, 27.7920875233, 23.7116463636, 30.1082179965, 11.1337572303, 0, 12.5672774179, 9.9851812276, 16.6701996486, 77.3285973335, 0, 3.4873424392, 42.2755689239, 0.95013669029],
      [0.043650698681, 0.17436779114, 0.12706764432, 9.9573842291, 26.1707218472, 4.7334630896, 10.3022195845, 17.820268199, 6.6653841119, 7.6273708753, 3.4085735756, 22.1950510283, 2.757848997, 0.57748344993, 0.072512368537, 0.24573681645, 9.0017763253, 1.3219725159, 0.86371652184, 0.074058820145, 0.22597422926, 9.6264327603, 3.7267352198, 10.0131320201, 8.0723926692, 3.3389799645, 7.5793340329, 8.6311258405, 14.9031261244, 11.0644582109, 6.3521466568, 0.42357596104, 9.185781427, 0.51681524598, 14.0312596936, 10.2215097978, 11.0306438212, 16.9150893954, 0, 7.4497586852, 4.2809515199, 7.1678904245, 28.6626398197, 0, 0.58072478428, 17.5752413836, 0.31013247595],
      [0.061923659531, 0.077136586604, 0.081360314183, 7.0726159754, 13.1198971316, 3.7161994279, 5.2506229018, 9.0778655224, 4.007282562, 5.4433450984, 1.9754882534, 6.1272637447, 2.2641824813, 0.31687246295, 0.87288501034, 0.079452551098, 6.0556682386, 1.1654637398, 0.3165645386, 0.15390994154, 0.08476061211, 4.5531901629, 2.2472627503, 6.3049388873, 4.665397811, 3.3785379079, 4.4395830621, 7.7684613388, 8.1823010615, 4.4877927588, 1.7357106558, 0.2017637952, 2.2278509205, 0.071935420521, 4.7211466448, 5.3714556141, 3.2715368622, 5.8093814707, 0, 4.2659192726, 2.7442538787, 2.9703726063, 14.0484136644, 0, 0.51035066158, 9.7210266461, 0.19038630336]
    ],
    [
      [0.26300222457, 0.41557438567, 0.05104353752, 5.966474229, 13.9087814134, 6.5340889338, 5.6363447515, 15.7801704025, 8.1472851869, 8.6259165996, 3.0638165654, 5.6273995953, 2.6902450798, 0, 0.044885073991, 0, 6.371217634, 2.030516837, 0.30118232399, 0.78549946643, 2.0734065584, 4.3261364019, 4.5911010538, 10.4352613358, 6.0119010521, 2.3476036874, 2.0396471879, 9.7756429347, 7.3044448354, 5.5472910118, 5.9649437394, 1.1690318388, 2.1290649316, 0.81850191043, 8.090511193, 3.8598703574, 8.1341793492, 3.6816902845, 0, 1.6910468084, 3.7414627315, 5.7611394445, 24.418021692, 0, 2.8222536651, 27.2857423005, 0.28839426591],
      [0.24606495529, 1.0291033767, 1.2289412175, 16.2118466325, 27.6532957429, 5.7444314998, 15.2726566772, 26.4863680824, 14.3902114032, 13.8818029248, 10.9912916582, 20.0469864752, 7.9510422617, 0, 0.80070763809, 0, 19.7330097701, 2.8169432049, 0.55525244324, 1.1644973083, 1.3132303637, 10.8781222341, 12.0013814173, 23.2286668649, 11.0609435471, 6.7288249211, 6.3936904721, 15.7619881719, 20.6521191857, 20.1788807392, 8.2255291332, 1.896415371, 5.0891680318, 0.27739112486, 16.8488956548, 8.7004715799, 15.2376359766, 4.9912218032, 0, 6.1074458158, 8.9368427983, 10.5026409781, 49.1002880013, 0, 3.2128969576, 37.3359743067, 1.3199413329],
      [0.16290111496, 0.95767766934, 0.37541654583, 6.8629687862, 18.9956216478, 2.4164405193, 8.7101948806, 14.104975746, 6.7108226895, 7.488747146, 4.4328099917, 18.8877446155, 3.0129002659, 0, 0.068020704912, 0, 10.8007633663, 1.8401670638, 0.75269339101, 0.25715889953, 1.0534105681, 7.0452504164, 5.0380374239, 10.5779754061, 7.0644954014, 2.9831326066, 5.3735908914, 5.8571489156, 11.2864949352, 14.3393375614, 6.8965568025, 0.55635278372, 9.5008513192, 0.75781468851, 13.0010707478, 6.5299377918, 9.8649872072, 10.0544293908, 0, 6.3185561075, 6.570526607, 8.0094843168, 30.8673339808, 0, 0.82528383624, 25.7593573939, 0.74081018573],
      [0.32803170518, 0.59764456832, 0.34459869912, 7.9587103523, 13.4423011959, 3.3050390471, 6.3808036907, 9.6284857691, 5.7516807204, 8.0035333296, 3.5120817847, 7.4378693141, 3.3458123925, 0, 1.086386583, 0, 10.0950092295, 2.3123728943, 0.39087184176, 0.7928443257, 0.55995250984, 4.7504909476, 4.369480105, 9.7580963932, 5.8626599994, 3.940438785, 4.1930714486, 8.6052199777, 8.7569410438, 8.9344906876, 2.9129703248, 0.37820000652, 3.2809157173, 0.14629227621, 7.0595224045, 4.9097202708, 4.763197467, 5.2726585215, 0, 4.8829512682, 6.7511678632, 4.7267352606, 21.6143563259, 0, 1.139565541, 19.6189259989, 0.65085421545]
    ]
  ],
  "prob": [
    [0.0077254133794, 0.27872592114, 0.37412160315, 0.32366351553],
    [0.0016786221024, 0.68922968492, 0.2739676713, 0.027583626709],
    [1.0994689755e-05, 0.94433222473, 4.399342511e-13, 0.045586728038],
    [7.3774351879e-08, 2.8894507035e-06, 0.97773955893, 0.014730738107],
    [0.39935059269, 0.36695640559, 0.1346609414, 0.070718560117],
    [0.18307438875, 0.3805138675, 0.23845630383, 0.17878366079]
  ],
  "iterations": 999,
  "time": 303.88723,
  "message": "Maximum iterations reached",
  "status": 2,
  "miniter": 0,
  "maxiter": 1000,
