{
  "X": [
    [4, 7, 14, 1],
    [2, 5, 24, 6],
    [21, 50, 109, 26],
    [59, 176, 503, 78],
    [30, 88, 446, 48],
    [9, 40, 133, 15],
    [68, 241, 1083, 115],
    [20, 39, 78, 8],
    [6, 19, 35, 6],
    [6, 12, 36, 4],
    [13, 11, 40, 3],
    [5, 8, 29, 3],
    [5, 2, 15, 1],
    [11, 13, 32, 4],
    [62, 115, 229, 16],
    [136, 259, 570, 49],
    [70, 154, 340, 50],
    [77, 250, 626, 77],
    [58, 300, 488, 57],
    [77, 208, 410, 64],
    [34, 121, 276, 45],
    [38, 183, 343, 37],
    [44, 301, 461, 81],
    [91, 245, 546, 47],
    [86, 271, 914, 94],
    [90, 247, 544, 67],
    [65, 250, 549, 62],
    [26, 119, 122, 14],
    [53, 170, 314, 28],
    [5, 10, 12, 2],
    [43, 191, 300, 38],
    [5, 11, 15, 1],
    [16, 63, 70, 7],
    [28, 60, 100, 16],
    [5, 8, 11, 1],
    [2, 2, 15, 1],
    [14, 45, 60, 6],
    [2, 5, 17, 4],
    [0, 2, 3, 2],
    [1, 5, 2, 3],
    [4, 20, 23, 8],
    [3, 4, 37, 4],
    [0, 1, 14, 1],
    [11, 16, 33, 8],
    [1, 4, 15, 1],
    [1, 4, 8, 1],
    [92, 349, 659, 72],
    [45, 110, 260, 24],
    [142, 553, 772, 66],
    [15, 108, 168, 35],
    [5, 4, 19, 2],
    [52, 190, 409, 69],
    [114, 389, 1053, 112],
    [1, 7, 6, 1],
    [76, 220, 449, 56],
    [52, 87, 318, 34],
    [103, 193, 426, 38],
    [2, 10, 22, 1],
    [37, 107, 140, 8],
    [195, 736, 1398, 207],
    [20, 75, 229, 21],
    [2, 22, 74, 9],
    [58, 154, 333, 35],
    [503, 868, 1659, 166],
    [79, 158, 278, 14]
  ],
  "W": [
    [6, 10, 8, 2, 0],
    [6, 15, 11, 3, 2],
    [47, 57, 78, 4, 20],
    [92, 406, 242, 52, 24],
    [46, 374, 108, 37, 47],
    [23, 104, 39, 18, 13],
    [103, 923, 318, 90, 73],
    [28, 55, 45, 8, 9],
    [16, 16, 24, 6, 4],
    [11, 24, 19, 1, 3],
    [17, 26, 17, 2, 5],
    [14, 14, 14, 2, 1],
    [9, 8, 6, 0, 0],
    [24, 18, 15, 2, 1],
    [102, 130, 166, 8, 16],
    [265, 293, 376, 41, 39],
    [130, 203, 228, 21, 32],
    [176, 362, 407, 26, 59],
    [128, 278, 417, 34, 46],
    [129, 254, 297, 28, 51],
    [97, 142, 185, 20, 32],
    [100, 183, 267, 26, 25],
    [116, 256, 401, 50, 64],
    [167, 337, 335, 46, 44],
    [159, 678, 395, 62, 71],
    [159, 317, 367, 59, 46],
    [123, 385, 330, 27, 61],
    [54, 66, 136, 13, 12],
    [101, 174, 253, 15, 22],
    [10, 4, 11, 2, 2],
    [75, 182, 255, 22, 38],
    [8, 4, 18, 2, 0],
    [21, 38, 86, 4, 7],
    [47, 47, 79, 16, 15],
    [9, 5, 9, 0, 2],
    [2, 11, 5, 2, 0],
    [20, 46, 52, 2, 5],
    [2, 17, 7, 2, 0],
    [0, 1, 4, 0, 2],
    [1, 3, 5, 0, 2],
    [5, 19, 24, 2, 5],
    [7, 31, 7, 1, 2],
    [3, 12, 1, 0, 0],
    [13, 26, 22, 2, 5],
    [3, 11, 4, 2, 1],
    [2, 2, 8, 1, 1],
    [227, 350, 451, 77, 67],
    [76, 169, 154, 22, 18],
    [295, 358, 755, 50, 75],
    [36, 105, 130, 26, 29],
    [10, 10, 7, 2, 1],
    [99, 244, 288, 34, 55],
    [251, 743, 550, 67, 57],
    [1, 4, 8, 2, 0],
    [134, 271, 298, 55, 43],
    [86, 233, 129, 20, 23],
    [197, 227, 281, 16, 39],
    [8, 9, 14, 2, 2],
    [73, 60, 138, 8, 13],
    [415, 868, 945, 150, 158],
    [42, 176, 102, 17, 8],
    [6, 58, 32, 6, 5],
    [113, 214, 195, 31, 27],
    [652, 1131, 1144, 113, 156],
    [150, 157, 186, 9, 27]
  ],
  "method": "mult",
  "cond_prob": [
    [
      [0.49108310729, 0.099960116026, 0.40713936334, 0.001817413342],
      [0.027266612385, 0.025912380205, 0.92431278071, 0.022508226702],
      [0.097269640878, 0.65664887577, 0.22521416039, 0.020867322965],
      [0.001339052689, 0.44396224783, 0.25616136488, 0.2985373346],
      [0.0098708936549, 0.1296387169, 0.47683183994, 0.3836585495]
    ],
    [
      [0.29376729904, 0.067610689197, 0.63146842484, 0.0071535869179],
      [0, 0, 0.90986168862, 0.090138311377],
      [0.02093741257, 0.3630514045, 0.46945048676, 0.14656069617],
      [0.00047195248057, 0.17253626048, 0.23242975016, 0.59456203688],
      [0.0028344050087, 0.041580816944, 0.35100975838, 0.60457501967]
    ],
    [
      [0.35118906044, 0.10007518308, 0.54282794129, 0.0059078151873],
      [0.0021035014602, 0.0029291466783, 0.91087724615, 0.084090105713],
      [0.054850703004, 0.54492157103, 0.29774223131, 0.10248549466],
      [0.00070324063407, 0.27746730431, 0.22507641171, 0.49675304334],
      [0.0046523389582, 0.075787663853, 0.37214420202, 0.54741579517]
    ],
    [
      [0.40115967348, 0.10245534998, 0.49196468975, 0.0044202867847],
      [0.0030449853452, 0.0049379616442, 0.9132491776, 0.07876787541],
      [0.0853353336, 0.59942060876, 0.26720443571, 0.04803962193],
      [0.00094925629067, 0.33161479305, 0.23934334503, 0.42809260562],
      [0.0065222471232, 0.09439745065, 0.41044812723, 0.48863217499]
    ],
    [
      [0.39996655367, 0.097769622688, 0.49953744285, 0.002726380801],
      [0.0031145489785, 0, 0.95597024459, 0.040915206436],
      [0.092796704062, 0.59344855993, 0.28286038935, 0.030894346663],
      [0.0011391181619, 0.38415671476, 0.29456096375, 0.32014320332],
      [0.0079256553779, 0.11056073272, 0.51150486055, 0.37000875135]
    ],
    [
      [0.30759474576, 0.13100894604, 0.55851924318, 0.0028770650292],
      [0, 0.013344137187, 0.94700420478, 0.039651658036],
      [0.047253878189, 0.66803479933, 0.25804509955, 0.026666222926],
      [0.00072378663612, 0.43496936038, 0.27657775007, 0.28772910291],
      [0.0053378029825, 0.13201525484, 0.50949705587, 0.35314988631]
    ],
    [
      [0.3795281309, 0.10134166963, 0.51600974758, 0.0031204518978],
      [0.0024669733399, 0, 0.94956278634, 0.047970240316],
      [0.081835184256, 0.5951928535, 0.2886393803, 0.034332581941],
      [0.0010204670409, 0.37210583299, 0.28497618498, 0.34189751499],
      [0.007070623253, 0.10686240612, 0.49273102219, 0.39333594844]
    ],
    [
      [0.47402305393, 0.10584799116, 0.41801073907, 0.0021182158345],
      [0.037072797013, 0.040591777633, 0.89448089666, 0.02785452869],
      [0.10175355873, 0.64240942391, 0.23218227936, 0.023654738003],
      [0.0014481947959, 0.45407144348, 0.26717183732, 0.27730852441],
      [0.010872772561, 0.14030142821, 0.50151919109, 0.34730660814]
    ],
    [
      [0.31033392721, 0.11182263467, 0.57402852533, 0.0038149127816],
      [0.0017444346214, 0.0031612529918, 0.94215795491, 0.052936357476],
      [0.041000617223, 0.61008155893, 0.30390237886, 0.045015444986],
      [0.00067948831357, 0.35358286839, 0.26748218429, 0.378255459],
      [0.0046636168572, 0.099200793158, 0.46061652943, 0.43551906056]
    ],
    [
      [0.39914197298, 0.090161968613, 0.5071246925, 0.0035713659049],
      [0, 0, 0.94313634289, 0.05686365711],
      [0.083646708029, 0.54872341691, 0.32598804815, 0.041641826914],
      [0.00096045518387, 0.32151598366, 0.26498262976, 0.4125409314],
      [0.0063967964945, 0.086985813466, 0.44253353616, 0.46408385388]
    ],
    [
      [0.56807358783, 0.02255187469, 0.40770139859, 0.0016731388817],
      [0.034427429909, 0, 0.95216126473, 0.013411305361],
      [0.13984662565, 0.54898772033, 0.28729519434, 0.023870459682],
      [0.0019660539548, 0.38089544922, 0.32803864556, 0.28909985127],
      [0.013262217044, 0.10440719725, 0.55455754921, 0.3277730365]
    ],
    [
      [0.28600647219, 0.0028482333297, 0.70391266866, 0.0072326258208],
      [0.0016295460289, 0.0020934614774, 0.94059052038, 0.055686472111],
      [0.069108957137, 0.52562453714, 0.35479962883, 0.0504668769],
      [0.00067855131301, 0.25413949971, 0.28357324137, 0.4616087076],
      [0.004213242327, 0.063793753347, 0.44261406717, 0.48937893716]
    ],
    [
      [0.45795536982, 0, 0.54204463018, 0],
      [0.0027084490294, 0, 0.92829015932, 0.06900139165],
      [0.14278901322, 0.33333333333, 0.44921284231, 0.074664811133],
      [0.00076497611206, 0.10729690405, 0.18461368967, 0.70732443017],
      [0.0038801560959, 0.021209924168, 0.23693269116, 0.73797722858]
    ],
    [
      [0.4056974244, 0.11859470666, 0.46485268767, 0.010855181275],
      [0.0027155322309, 0.003572629071, 0.91316546355, 0.080546375146],
      [0.080471802302, 0.62470524568, 0.24354976773, 0.051273184291],
      [0.00082697906529, 0.31565350845, 0.20280087191, 0.48071864057],
      [0.0056512415137, 0.087534014922, 0.34770889232, 0.55910585125]
    ],
    [
      [0.42109665349, 0.097599532511, 0.4790784413, 0.0022253726927],
      [0.0030304032982, 0.0034067764441, 0.95585990919, 0.037702911065],
      [0.11142699401, 0.59865586938, 0.27026764677, 0.019649489836],
      [0.0012973860759, 0.41181105108, 0.30341276347, 0.28347879937],
      [0.0091830512862, 0.12066275129, 0.53627995747, 0.33387423995]
    ],
    [
      [0.37974824208, 0.096051523909, 0.52156230193, 0.0026379320794],
      [0.0025175737649, 0.0030767762801, 0.95346812966, 0.040937520291],
      [0.091196002601, 0.56628184251, 0.31671231194, 0.025809842948],
      [0.0010991373441, 0.37856017977, 0.30914578854, 0.31119489435],
      [0.0075462852752, 0.10774129641, 0.52976977891, 0.35494263941]
    ],
    [
      [0.38745894153, 0.098784564335, 0.50958186902, 0.004174625118],
      [0.0025553539818, 0.0031555145852, 0.9296411181, 0.064648013334],
      [0.082837672634, 0.57310240666, 0.28898450201, 0.055075418698],
      [0.00094252867775, 0.32831585071, 0.25446934983, 0.41627227079],
      [0.0064005712509, 0.092357987292, 0.43140272652, 0.46983871494]
    ],
    [
      [0.30740280713, 0.098993807222, 0.58957128973, 0.0040320959248],
      [0.0017774767585, 0.0027682118937, 0.94083490386, 0.054619407489],
      [0.053927359358, 0.53568733102, 0.35896063949, 0.051424670134],
      [0.00073112498945, 0.32088187532, 0.28742199348, 0.39096500621],
      [0.0048510991662, 0.088259741352, 0.47598755439, 0.43090160509]
    ],
    [
      [0.29183697473, 0.12221490933, 0.58251201652, 0.0034360994271],
      [0.0017181090948, 0.0034824290591, 0.94736634109, 0.047433120755],
      [0.047773295747, 0.63510448081, 0.28251953648, 0.034602686969],
      [0.00068385383611, 0.39061582559, 0.27998848553, 0.32871183504],
      [0.0048373380271, 0.11454064698, 0.49435573574, 0.38626627926]
    ],
    [
      [0.39359937685, 0.10352722853, 0.49903856811, 0.0038348265067],
      [0.002662210579, 0.0033906484672, 0.93308851451, 0.06085862644],
      [0.084764403742, 0.60184897244, 0.26575985844, 0.047626765376],
      [0.00098182836291, 0.35256052605, 0.25547472791, 0.39098291768],
      [0.0068031332091, 0.1012337895, 0.44187395467, 0.45008912261]
    ],
    [
      [0.27413420239, 0.10564702778, 0.61542335536, 0.0047954144709],
      [0.0015007223148, 0.002805664964, 0.93393443987, 0.061759172855],
      [0.038162079787, 0.54847039349, 0.34579902137, 0.067568505353],
      [0.00058498801034, 0.30866488322, 0.26999554106, 0.42075458771],
      [0.0038811024663, 0.084797294417, 0.44726607166, 0.46405553145]
    ],
    [
      [0.26590467692, 0.11496335892, 0.61563369523, 0.0034982689267],
      [0.0014814626391, 0.0031049238897, 0.94961191915, 0.045801694317],
      [0.041256147387, 0.59460243015, 0.32687679558, 0.037264626889],
      [0.00062208697815, 0.36768496705, 0.29588035019, 0.33581259578],
      [0.004274361263, 0.10467220173, 0.5075462299, 0.3835072071]
    ],
    [
      [0.25365501894, 0.13209482139, 0.60986708282, 0.0043830768514],
      [0.0014114500579, 0.0035587891658, 0.93782916922, 0.057200591555],
      [0.034793227332, 0.64638526696, 0.26968194011, 0.049139565596],
      [0.0005235789853, 0.37203230747, 0.25830122795, 0.36914288559],
      [0.0036941168534, 0.10881005106, 0.45490049516, 0.43259533693]
    ],
    [
      [0.37145037751, 0.10429652896, 0.52186391048, 0.0023891830465],
      [0.0025746531755, 0, 0.96632450443, 0.031100842392],
      [0.082741688527, 0.60733470105, 0.28391626278, 0.026007347642],
      [0.0010702762752, 0.40978102701, 0.30832054783, 0.28082814888],
      [0.0075552379542, 0.11989608114, 0.54324263008, 0.32930605083]
    ],
    [
      [0.35250694232, 0.10056345063, 0.5437756524, 0.0031539546436],
      [0, 0, 0.95378586639, 0.046214133609],
      [0.074531470871, 0.57006025864, 0.32088217194, 0.034526098551],
      [0.00093419823887, 0.36330268829, 0.29550616306, 0.34025695042],
      [0.006387956143, 0.10298369737, 0.50426780041, 0.38636054607]
    ],
    [
      [0.37022357482, 0.096059648661, 0.53057361545, 0.00314316107],
      [0.0023931392953, 0.0030040570292, 0.94698642884, 0.047616374838],
      [0.081750843132, 0.55909732638, 0.32421908282, 0.034932747661],
      [0.0010051941559, 0.35561626695, 0.29538504796, 0.34799349094],
      [0.0068252296135, 0.10009024461, 0.5006081734, 0.39247635238]
    ],
    [
      [0.34552717187, 0.11909434982, 0.53215960778, 0.0032188705334],
      [0, 0.018190464264, 0.93361305659, 0.048196479147],
      [0.066975181459, 0.63683320036, 0.26421607849, 0.031975539698],
      [0.00085624376964, 0.40283975995, 0.27066240588, 0.3256415904],
      [0.0061513015973, 0.11994158351, 0.48531394421, 0.38859317068]
    ],
    [
      [0.34538819466, 0.14614480998, 0.5056220569, 0.0028449384679],
      [0.0023207455761, 0.0047849188315, 0.9476504344, 0.04524390119],
      [0.052273864506, 0.75587098779, 0.17069808789, 0.021157059819],
      [0.00081346831519, 0.47392303135, 0.24579773651, 0.27946576383],
      [0.0063373016317, 0.15274348932, 0.4784308108, 0.36248839825]
    ],
    [
      [0.34544098481, 0.10549519106, 0.54617692956, 0.002886894564],
      [0.0021742115525, 0.0032188890877, 0.95189390983, 0.04271298953],
      [0.069477389277, 0.59521926103, 0.30562981797, 0.029673531725],
      [0.00092003234297, 0.38418246796, 0.29884774678, 0.31604975291],
      [0.0063894432633, 0.11053131548, 0.51816043895, 0.36491880231]
    ],
    [
      [0.42061941223, 0.11816041435, 0.45825706659, 0.0029631068297],
      [0.0027997593067, 0.0040733656944, 0.94196403724, 0.051162837763],
      [0.069687351728, 0.70304730668, 0.21285091779, 0.014414423804],
      [0.00096498077812, 0.41299807548, 0.22936054049, 0.35667640325],
      [0.0070580049669, 0.12129293464, 0.42474600424, 0.44690305616]
    ],
    [
      [0.34568639476, 0.12030752088, 0.53087209558, 0.0031339887666],
      [0.0022232919805, 0.0037557653606, 0.94659562593, 0.047425316732],
      [0.064371194949, 0.65747034217, 0.24855142185, 0.029607041028],
      [0.00085795351452, 0.40877339403, 0.27102394793, 0.31934470453],
      [0.0061934621828, 0.12224828202, 0.48844867066, 0.38310958514]
    ],
    [
      [0.39852157133, 0.081062293588, 0.51859017808, 0.001825957009],
      [0.0023936767491, 0.0025416822555, 0.96624896204, 0.02881567896],
      [0.099995096943, 0.53444179212, 0.3510507746, 0.014512336341],
      [0.0011704887105, 0.36069133208, 0.33368439224, 0.30445378697],
      [0.007636239449, 0.095411651107, 0.55120519958, 0.34574690986]
    ],
    [
      [0.40642266839, 0.1152865417, 0.47585864013, 0.0024321497828],
      [0.0028677900545, 0.0040150309361, 0.95184257465, 0.041274604357],
      [0.084815515512, 0.67117023776, 0.22357610663, 0.0204381401],
      [0.0011111088144, 0.44075243858, 0.27179625339, 0.28634019922],
      [0.0082241674849, 0.13468017819, 0.5031743624, 0.35392129192]
    ],
    [
      [0.41739258695, 0.099127743388, 0.48055585423, 0.0029238154305],
      [0.0029287317027, 0.0033993361869, 0.94493497952, 0.04873695259],
      [0.10258728476, 0.60026862892, 0.2697557861, 0.027388300217],
      [0.0011607392748, 0.38153986225, 0.27666394235, 0.34063545613],
      [0.0081287132792, 0.11035785195, 0.48430670891, 0.39720672586]
    ],
    [
      [0.45737227923, 0.15395180616, 0.38867591462, 0],
      [0.0032951867422, 0.010168358283, 0.95148320126, 0.035053253714],
      [0.094448063072, 0.69876485353, 0.2067870834, 0],
      [0.0011334629046, 0.45712090655, 0.23055950791, 0.31118612263],
      [0.008570492797, 0.1373541357, 0.44170850579, 0.41236686571]
    ],
    [
      [0.58668670029, 0.0337165317, 0.37816623934, 0.0014305286673],
      [0, 0, 0.99157178708, 0.0084282129207],
      [0.16453313077, 0.28898116895, 0.51674709849, 0.029738601796],
      [0.0019804727842, 0.24383054594, 0.3763211855, 0.37786779578],
      [0.011501502655, 0.054473270242, 0.5513692493, 0.3826559778]
    ],
    [
      [0.44311662306, 0.13108533724, 0.42307073043, 0.0027273092667],
      [0.0034487332762, 0.0050637248074, 0.94000468515, 0.051482856768],
      [0.094861247735, 0.7778861694, 0.10841583085, 0.018836752008],
      [0.0011237958873, 0.46945120253, 0.22564459061, 0.30378041097],
      [0.0087986668174, 0.15127573998, 0.4418914978, 0.3980340954]
    ],
    [
      [0.57451326012, 0.076373894989, 0.34371291691, 0.005399927988],
      [0.0033870088626, 0.012152626854, 0.85006255842, 0.13439780586],
      [0.11307831506, 0.59333379098, 0.22178753295, 0.071800361018],
      [0.0009230618496, 0.24366050833, 0.15449897119, 0.60091745863],
      [0.0060473522829, 0.06252356075, 0.2541980821, 0.67723100486]
    ],
    [
      [2.7755575616e-17, 0.11732588592, 0.87344244287, 0.0092316712103],
      [0, 0.0017414302525, 0.92582393716, 0.072434632583],
      [0, 0.47813001663, 0.37611296962, 0.14575701376],
      [0, 0.19566583285, 0.17865000178, 0.62568416538],
      [0, 0.042869251623, 0.28486209218, 0.6722686562]
    ],
    [
      [0.70932817274, 0.12738002181, 0.15652240344, 0.0067694020129],
      [0.0057985448188, 0.10215839611, 0.55282756307, 0.339215496],
      [0.052906157749, 0.87973172136, 0, 0.06736212089],
      [0.00060797902916, 0.30806451294, 0.04993165091, 0.64139585712],
      [0.0043727020312, 0.083743091519, 0.092497453681, 0.81938675277]
    ],
    [
      [0.44524109193, 0.13388890093, 0.41490898714, 0.0059610200074],
      [0.0030746148043, 0.0049048036351, 0.88456119291, 0.10745938865],
      [0.070261187825, 0.75097523245, 0.098043235855, 0.080720343866],
      [0.00075843602799, 0.34858258685, 0.15868877641, 0.49197020071],
      [0.0055182958449, 0.10335869474, 0.28967543715, 0.60144757227]
    ],
    [
      [0.34346947177, 0, 0.63910314886, 0.017427379371],
      [0, 0, 0.93553903435, 0.064460965653],
      [0.083495170685, 0.51588102249, 0.34727526874, 0.053348538085],
      [0.00082160245003, 0.25915556748, 0.2616921694, 0.47833066067],
      [0.0052129501767, 0.064838637554, 0.41597442132, 0.51397399094]
    ],
    [
      [0, 0.058196691993, 0.90561845069, 0.036184857314],
      [0, 0, 0.92801853983, 0.071981460168],
      [0, 0.82540992402, 0.14692216994, 0.027667906041],
      [0, 0.30815198728, 0.14485664349, 0.54699136923],
      [0, 0.055794631016, 0.23335733148, 0.7108480375]
    ],
    [
      [0.54591395864, 0.089062647082, 0.36048064516, 0.0045427491214],
      [0.042515585776, 0.021332469384, 0.82825184835, 0.10790009649],
      [0.12499690687, 0.60113763273, 0.21820037367, 0.055665086739],
      [0.0013075345454, 0.31175616273, 0.18568748201, 0.50124882071],
      [0.0090332574695, 0.087800227707, 0.32148407424, 0.58168244058]
    ],
    [
      [0.32860707203, 0.11585553368, 0.55378190465, 0.0017554896438],
      [0, 0, 0.98632990153, 0.013670098472],
      [0.0019839215306, 0.65005741734, 0.33118912712, 0.016769534016],
      [0.00066394257943, 0.46092929924, 0.30099560238, 0.2374111558],
      [0.0049152126191, 0.13034513114, 0.56227765602, 0.30246200022]
    ],
    [
      [0.3020803069, 0.063824667482, 0.63173213969, 0.0023628859317],
      [0.00113471342, 0.0015507839874, 0.96777610514, 0.02953839745],
      [0.048658771403, 0.44383759956, 0.48994419906, 0.017559429979],
      [0.00062719355699, 0.25897278409, 0.35101719548, 0.38938282688],
      [0.0036725945837, 0.059575516503, 0.53041272239, 0.40633916652]
    ],
    [
      [0.30062898882, 0.11736983039, 0.57915804833, 0.0028431324614],
      [0.0017975950455, 0.0033918220588, 0.95501858133, 0.039792001564],
      [0.050350464312, 0.62528989158, 0.298291572, 0.026068072109],
      [0.00076218053077, 0.4051970459, 0.30076796172, 0.29327281185],
      [0.0053927457654, 0.11886562901, 0.53113414239, 0.34460748284]
    ],
    [
      [0.39454606934, 0.099445431199, 0.50342710719, 0.0025813922714],
      [0.0031852528757, 0, 0.96034017837, 0.036474568758],
      [0.09290989374, 0.5957404276, 0.28235035344, 0.02899932522],
      [0.0011368369499, 0.39318979257, 0.29876887409, 0.30690449638],
      [0.0079476080727, 0.11377477454, 0.52151000278, 0.35676761461]
    ],
    [
      [0.32352790911, 0.11812285316, 0.55593300215, 0.0024162355758],
      [0.002025798167, 0.0035718822575, 0.95902174964, 0.03538056994],
      [0.060028144325, 0.64327060271, 0.27578091709, 0.020920335871],
      [0.00086744992453, 0.43076452009, 0.30507370468, 0.26329432531],
      [0.0062587947426, 0.12889991225, 0.54935600476, 0.31548528824]
    ],
    [
      [0.27473545226, 0.13930298822, 0.58161558465, 0.0043459748728],
      [0.001579298425, 0.0039157277123, 0.93523562431, 0.059269349557],
      [0.037020109346, 0.68505138879, 0.22875709258, 0.049171409285],
      [0.00055655675313, 0.38990544737, 0.24414388186, 0.36539411402],
      [0.0040211273634, 0.11654202897, 0.44054949782, 0.43888734585]
    ],
    [
      [0.42111540086, 0, 0.57888459914, 0],
      [0.0025180398395, 0, 0.96380461721, 0.033677342952],
      [0.10780312539, 0.48979100724, 0.35882455121, 0.043581316168],
      [0.0011132217748, 0.2548194456, 0.29942665272, 0.44464067991],
      [0.0068172716921, 0.061824058147, 0.46248267268, 0.46887599748]
    ],
    [
      [0.33610067119, 0.10271750828, 0.55703258817, 0.0041492323679],
      [0.0020403028013, 0.00302235048, 0.93578065801, 0.059156688709],
      [0.062178693048, 0.56518686578, 0.3173372053, 0.055297235872],
      [0.00079109643184, 0.33041647431, 0.2693401933, 0.39945223596],
      [0.0053425234925, 0.0924642853, 0.45404748217, 0.44814570904]
    ],
    [
      [0.32419296745, 0.11086637076, 0.56120652475, 0.0037341370447],
      [0, 0, 0.94352002976, 0.056479970244],
      [0.058672692413, 0.60197094249, 0.30116327344, 0.038193091654],
      [0.0007757291158, 0.36104989026, 0.27500032921, 0.36317405142],
      [0.0053615875965, 0.10347684075, 0.47433259174, 0.41682897992]
    ],
    [
      [0.48963410754, 0.11048873846, 0.39755046114, 0.0023266928598],
      [0.0025072530113, 0.0042417594041, 0.94738846678, 0.045862520801],
      [0.062333015664, 0.7523768451, 0.1735553286, 0.011734810635],
      [0.00083637754927, 0.42676473156, 0.21222652146, 0.36017236943],
      [0.0061604986552, 0.12348843409, 0.40010822039, 0.47024284686]
    ],
    [
      [0.37661644672, 0.10385610817, 0.51657203852, 0.0029554065921],
      [0.0025009965901, 0.0033391589779, 0.94812184735, 0.046037997083],
      [0.082189645897, 0.60151421779, 0.28679813725, 0.029497999063],
      [0.0010211250982, 0.38434716946, 0.28740652815, 0.32722517729],
      [0.0071383652568, 0.11134972563, 0.50151447109, 0.37999743803]
    ],
    [
      [0.4238243169, 0.087677269295, 0.4853384901, 0.0031599237115],
      [0.0029641870808, 0, 0.94629431032, 0.050741502598],
      [0.11355649135, 0.54573023318, 0.30262709486, 0.038086180602],
      [0.0012081057066, 0.3429182779, 0.28487678252, 0.37099683387],
      [0.0081523329596, 0.095747356611, 0.47990802867, 0.41619228176]
    ],
    [
      [0.38678137987, 0.098007301673, 0.51242786403, 0.002783454423],
      [0.0025982940184, 0.0031838682995, 0.95039178801, 0.043826049669],
      [0.092175287168, 0.57893227135, 0.30079298342, 0.02809945806],
      [0.0010961620821, 0.37872958104, 0.29765470276, 0.32251955412],
      [0.0075759265441, 0.10846620305, 0.5135249057, 0.3704329647]
    ],
    [
      [0.20834205456, 0.10860226958, 0.68166737553, 0.0013883003235],
      [0.00096744246441, 0.0026448342514, 0.97953972248, 0.016848000801],
      [0.022585878473, 0.57270076023, 0.40168588537, 0.0030274759323],
      [0.00053520178291, 0.42742051797, 0.38797088556, 0.18407339469],
      [0.003641939577, 0.11736332797, 0.66562966356, 0.21336506889]
    ],
    [
      [0.36374152691, 0.11841882812, 0.51621366701, 0.0016259779618],
      [0.0024506178879, 0.0038787172656, 0.96779568479, 0.025874980055],
      [0.073811528209, 0.66895672279, 0.24669106114, 0.010540687857],
      [0.0010789483782, 0.48250697106, 0.31534036927, 0.2010737113],
      [0.0080929986754, 0.1497399229, 0.59096706375, 0.25120001468]
    ],
    [
      [0.33265202231, 0.1195044864, 0.54414018545, 0.0037033058315],
      [0.0020876015425, 0.0036198552594, 0.93998978254, 0.05430276066],
      [0.05729147546, 0.64340982869, 0.25764864218, 0.041650053669],
      [0.00078417544323, 0.38288669186, 0.26242012907, 0.35390900363],
      [0.0055652023808, 0.11271083474, 0.46474497196, 0.41697899092]
    ],
    [
      [0.32856092351, 0.11269173516, 0.55542954206, 0.0033177992779],
      [0, 0, 0.95153725222, 0.048462747782],
      [0.060214679614, 0.61685737446, 0.28916503699, 0.033762908938],
      [0.00080212349237, 0.38041864359, 0.28104744559, 0.33773178733],
      [0.0056134740729, 0.11004724841, 0.49109531196, 0.39324396556]
    ],
    [
      [0.20098569791, 0.1248567043, 0.66973527171, 0.0044223260782],
      [0, 0, 0.94362776106, 0.056372238942],
      [0.02434405408, 0.58395423881, 0.35138027496, 0.040321432147],
      [0.00037568736477, 0.34662340904, 0.27575801592, 0.37724288768],
      [0.0025643915564, 0.096916735607, 0.4704922668, 0.43002660603]
    ],
    [
      [0.3725930376, 0.11197061413, 0.51255774692, 0.002878601342],
      [0.0040743058659, 0.014517663095, 0.93910563565, 0.042302395392],
      [0.075914309965, 0.62764410888, 0.26648022732, 0.029961353834],
      [0.0009885659244, 0.40632437662, 0.27940361295, 0.31328344451],
      [0.0070796040227, 0.12051421461, 0.49952637925, 0.37287980212]
    ],
    [
      [0.48791586198, 0.097680438942, 0.41204162126, 0.002362077823],
      [0.0040716322479, 0.0039325564608, 0.94596244889, 0.046033362402],
      [0.15587741997, 0.63983421251, 0.18672587265, 0.017562494865],
      [0.0015581670856, 0.42373603391, 0.26907497353, 0.30563082547],
      [0.01137179866, 0.12828283016, 0.49003501875, 0.37031035243]
    ],
    [
      [0.40226615782, 0.11972846509, 0.47647451627, 0.0015308608213],
      [0.0029499580584, 0.0042507032777, 0.96643636714, 0.026362971522],
      [0.096384375593, 0.70155524791, 0.19577830237, 0.006282074127],
      [0.0012389560985, 0.50383443373, 0.30112324981, 0.19380336035],
      [0.0095662387397, 0.16109569659, 0.58049775663, 0.24884030804]
    ]
  ],
  "expected_outcome": [
    [
      [2.9464986437, 1.7626037943, 16.5058858407, 36.9066899605, 18.3984614686, 7.0746791524, 39.0913974828, 13.2726455101, 4.9653428354, 4.3905617028, 9.6572509932, 4.0040906107, 4.1215983284, 9.7367381857, 42.9518586561, 100.633284152, 50.369662399, 54.1028940543, 37.3551327654, 50.7743196138, 26.5910176315, 26.5904676918, 29.4239821972, 62.0322130448, 56.048603829, 58.8655483964, 42.4998421394, 18.6509625114, 34.8895394659, 4.2061941223, 25.9264796074, 3.1881725706, 8.5348760363, 19.6174515866, 4.116350513, 1.1733734006, 8.8623324612, 1.1490265202, 0, 0.70932817274, 2.2262054596, 2.4042863024, 0, 7.0968814623, 0.9858212161, 0.60416061379, 68.2427804621, 29.9855012698, 95.4407331889, 9.8904762812, 4.2111540086, 33.2739664477, 81.3724348288, 0.48963410754, 50.4666038604, 36.4488912532, 76.195931835, 1.6667364365, 26.5531314641, 138.0505892592, 13.7995587874, 1.2059141875, 42.1030132492, 318.1211420091, 60.3399236737],
      [0.59976069616, 0.40566413518, 4.7035336049, 9.4258921981, 4.4974026437, 3.0132057589, 10.4381919714, 2.9637437526, 1.7891621548, 0.99178165474, 0.38338186972, 0.039875266616, 0, 2.8462729597, 9.9551523161, 25.4536538358, 12.8419933635, 17.4229100711, 15.6435083937, 13.3550124803, 10.2477616945, 11.4963358921, 15.3229992811, 17.4175203364, 15.9895886504, 15.2734841371, 14.6486050281, 7.8918197388, 10.6550142975, 1.1816041435, 9.0230640663, 0.64849834871, 2.4210173756, 4.6590039392, 1.3855662554, 0.0674330634, 2.6217067448, 0.15274778998, 0, 0.12738002181, 0.66944450463, 0, 0.17459007598, 1.1578144121, 0.34756660103, 0.12764933496, 26.6429514976, 7.5578527711, 34.8462416824, 5.0149075758, 0, 10.1690333195, 27.8274590616, 0.11048873846, 13.9167184946, 7.5402451594, 19.3074384296, 0.86881815667, 8.6445744529, 49.594361857, 4.7330528766, 0.74914022578, 12.6526793968, 63.6876461901, 17.9592697628],
      [2.4428361801, 3.788810549, 25.5129132406, 45.2607514571, 22.9787223709, 12.845942593, 53.1490040003, 11.7043006939, 9.1844564053, 5.5783716175, 6.9309237761, 9.8547773612, 4.8784016716, 11.156464504, 48.8660010131, 138.2140100111, 66.2456429722, 103.7645469918, 74.5615381142, 64.3759752866, 59.6960654703, 61.5633695235, 70.7445816069, 87.15127305, 86.4603287322, 84.3612048564, 65.4556317568, 27.3035910725, 55.1638698857, 4.5825706659, 39.8154071689, 4.1487214246, 9.9930314426, 22.586125149, 3.4980832316, 0.75633247868, 8.4614146086, 0.68742583381, 0, 0.15652240344, 2.0745449357, 4.473722042, 2.7168553521, 4.6862483871, 1.6613457139, 1.2634642794, 131.4688769715, 38.2604601464, 164.0002356338, 20.9381610476, 5.7888459914, 55.1462262284, 140.8628377114, 0.39755046114, 69.2206531616, 41.7391101482, 100.9482892141, 5.4533390043, 37.6835976917, 225.8181769637, 23.3280407664, 4.0184116303, 57.9190254023, 268.6511370601, 71.4711774403],
      [0.010904480052, 0.042921521507, 0.2776673138, 0.4066663842, 0.12541351684, 0.066172495672, 0.32140654548, 0.059310043367, 0.061038604506, 0.039285024954, 0.028443360989, 0.10125676149, 0, 0.26052435061, 0.22698801465, 0.69905200104, 0.54270126534, 0.70964888277, 0.43982072667, 0.49469261936, 0.46515520368, 0.34982689267, 0.50843691476, 0.39899356877, 0.50147878833, 0.49976261013, 0.39592107561, 0.15362667727, 0.29157635096, 0.029631068297, 0.2350491575, 0.014607656072, 0.051075145439, 0.13741932523, 0, 0.0028610573345, 0.054546185335, 0.010799855976, 0, 0.0067694020129, 0.029805100037, 0.12199165559, 0.10855457194, 0.059055738578, 0.0052664689315, 0.0047257718635, 0.64539106873, 0.19618581263, 0.71278949485, 0.15645509542, 0, 0.41077400443, 0.93726839823, 0.0023266928598, 0.39602448334, 0.27175343919, 0.54834052134, 0.011106402588, 0.11869639121, 1.5368719201, 0.13934756967, 0.026533956469, 0.32528195165, 1.5400747406, 0.2296291232]
    ],
    [
      [0.27266612385, 0, 0.11989958323, 1.2362640502, 1.1648413179, 0, 2.2770163927, 2.0390038357, 0.027910953942, 0, 0.89511317763, 0.022813644404, 0.021667592235, 0.048879580156, 0.39395242876, 0.73764911312, 0.5187368583, 0.64344658658, 0.47763432836, 0.67620148705, 0.2131025687, 0.27110766296, 0.36133121482, 0.86765812015, 0, 0.75862515662, 0, 0.15316920802, 0.37831281013, 0.011199037227, 0.40463914045, 0.0095747069962, 0.10897602207, 0.13765039003, 0.016475933711, 0, 0.1586417307, 0.057579150664, 0, 0.017395634457, 0.058417681281, 0, 0, 1.1054052302, 0, 0.00226942684, 0.62915826591, 0.53830773599, 0.72523574378, 0.16582633463, 0.025180398395, 0.49783388352, 0, 0.010029012045, 0.67777007591, 0.69065558982, 0.58981274217, 0.0087069821797, 0.14703707327, 1.8120381389, 0, 0, 0.8719014553, 4.6050160724, 0.46314341517],
      [0.25912380205, 0, 0.16696136066, 2.0048124276, 0, 1.3877902674, 0, 2.2325477698, 0.050580047869, 0, 0, 0.029308460683, 0, 0.064307323278, 0.44288093773, 0.90149545008, 0.6405694608, 1.0020927055, 0.96811527844, 0.86122471068, 0.39840442489, 0.56820107182, 0.91105002645, 0, 0, 0.95228607825, 7.0033287415, 0.31580464288, 0.56008670126, 0.016293462778, 0.68354929562, 0.010166729022, 0.15257117557, 0.15976880079, 0.050841791413, 0, 0.23293134114, 0.20659465651, 0.0017414302525, 0.30647518834, 0.093191269068, 0, 0, 0.55464420397, 0, 0.0031015679749, 1.1871377206, 0, 1.2787338482, 0.41115140979, 0, 0.73745351713, 0, 0.016967037616, 0.90491208302, 0, 0.722738104, 0.023803508263, 0.23272303594, 3.1420343651, 0, 0, 3.1067799023, 4.4477213572, 0.66736041459],
      [9.2431278071, 13.6479253293, 51.9200030304, 370.7791661056, 357.5328714751, 98.4884372969, 876.4464517953, 49.1964493165, 15.0745272786, 22.6352722294, 24.756192883, 13.1682672854, 7.4263212746, 16.4369783439, 124.261788195, 279.3661619914, 188.7171469741, 340.5822351969, 263.3678428232, 237.0044826866, 132.618690461, 173.7789812052, 240.0842673207, 325.6513579937, 646.6668174131, 300.1946979414, 359.4410267868, 62.5449286706, 165.6295403105, 3.7678561489, 172.2804039187, 3.8649958481, 36.1700178368, 44.4119440375, 4.7574160063, 10.9072896579, 43.2402155168, 14.4510634932, 0.92582393716, 1.6584826892, 16.8066626652, 29.0017100647, 11.136222478, 21.534548057, 10.8496289168, 1.9355522103, 334.2565034662, 162.2974901439, 343.3297863694, 98.1997405521, 9.6380461721, 228.3304805545, 701.0353821085, 3.7895538671, 256.9410206317, 220.4865743049, 215.738935879, 8.8158575023, 58.0677410875, 815.911131243, 167.4705563903, 54.7304101414, 200.9686060286, 1069.8835296938, 151.7305096412],
      [0.22508226702, 1.3520746707, 4.7931360257, 31.9797574166, 15.302287207, 4.1237724357, 44.276531812, 1.531999078, 0.84698171962, 1.3647277706, 0.34869393939, 0.77961060955, 0.5520111332, 1.4498347526, 4.9013784385, 11.9946934454, 13.1235467068, 19.772225511, 13.18640757, 15.4580911157, 8.7698025454, 8.38171006, 14.643351438, 10.4809838862, 31.3331825869, 15.0943908238, 18.5556444717, 2.9860974785, 7.4320601781, 0.20465135105, 8.6314076452, 0.11526271584, 1.5684349656, 2.2906367717, 0.17526626857, 0.092710342127, 2.3682114113, 2.2847626996, 0.072434632583, 1.017646488, 2.0417283844, 1.9982899353, 0.86377752202, 2.8054025088, 0.15037108319, 0.059076794899, 13.9272005473, 6.1642021201, 12.6662440386, 6.2232817035, 0.33677342952, 14.4342320449, 41.9646178915, 0.1834500832, 12.4762972094, 11.8227701053, 9.9485132748, 0.15163200721, 1.5524988033, 47.134796253, 8.5294436097, 3.2695898586, 9.0527126138, 52.0637328767, 4.138986529]
    ],
    [
      [0.77815712703, 0.23031153828, 4.2783548343, 20.6511507313, 10.0220440387, 1.8429012494, 26.0235885934, 4.5789101428, 0.98401481336, 1.5892874525, 2.3773926361, 0.96752539992, 0.85673407935, 1.2070770345, 18.4968810059, 34.2896969781, 18.8869893604, 21.9484352586, 19.9214643266, 25.1750279113, 7.0599847607, 11.0153913523, 13.9520841601, 27.7184656564, 29.439930994, 30.0025594295, 22.1018098813, 7.1092455728, 17.5777794871, 0.76656086901, 16.4146547119, 1.799911745, 7.294134334, 8.1043954958, 0.85003256765, 0.82266565385, 4.9327848822, 0.7915482054, 0, 0.26453078875, 1.6862685078, 0.58446619479, 0, 2.7499319511, 0.0079356861225, 0.38927017123, 22.7080594048, 14.308123636, 45.3212489654, 4.812614215, 0.75462187773, 17.907463598, 32.2699808274, 0.49866412531, 24.4925144772, 14.6487873847, 25.9012556943, 0.31620229862, 10.1859908928, 54.1404443092, 6.1418973206, 0.77900973057, 14.8032904432, 178.3237684469, 17.9274938603],
      [5.2531910061, 3.9935654495, 42.5038825402, 145.0597873199, 64.0924444723, 26.0533571739, 189.2713274127, 28.9084240758, 14.6419574143, 10.4257449212, 9.3327912456, 7.3587435199, 2, 9.3705786852, 99.3768743168, 212.9219727837, 130.6673487174, 218.0247437252, 264.8385684968, 178.7491448151, 101.4670227949, 158.7588488494, 259.2004920511, 203.4571248509, 225.1738021625, 205.1887187828, 210.1549561175, 102.798454339, 150.5904730413, 7.7335203735, 167.6549372528, 9.6199522581, 57.7206404471, 47.4212216848, 6.2888836818, 1.4449058447, 40.450080809, 4.1533365368, 1.9125200665, 4.3986586068, 18.0234055789, 3.6111671574, 0.82540992402, 13.22502792, 2.6002296693, 3.5507007965, 282.0057411038, 91.7440258505, 485.669305046, 89.0566805429, 3.4285370507, 162.7738173453, 331.0840183685, 6.0190147608, 179.2512369002, 70.3992000806, 162.6799682507, 8.0178106432, 92.316027745, 608.0222881107, 62.9194521951, 18.6865356419, 122.3906012311, 731.9703391154, 130.4892761111],
      [1.8017132831, 5.1639553544, 23.2238940418, 64.6634734419, 30.5489220494, 10.0637588826, 91.7873229369, 10.4482025712, 7.2936570927, 6.1937729149, 4.8840183037, 4.9671948036, 2.6952770539, 3.6532465159, 44.8644293646, 119.08382929, 65.8884664589, 146.0969802718, 117.8106467106, 78.9306779571, 63.9728189542, 87.2761044189, 108.1424579847, 95.1119480326, 126.7484579157, 118.9884033962, 87.1913059009, 23.2149399527, 77.3243439452, 2.3413600957, 63.380612573, 6.3189139428, 19.2275451702, 21.3107071022, 1.8610837506, 2.5837354924, 5.6376232043, 1.5525127306, 1.5044518785, 0, 2.3530376605, 2.4309268812, 0.14692216994, 4.8004082207, 1.3247565085, 3.9195535925, 134.5294989702, 43.4819544296, 208.2145924058, 29.7384220351, 2.5117718584, 91.3931151257, 165.6398003942, 1.3884426288, 85.4658449017, 39.038895237, 84.5228283402, 5.6236023951, 34.043366438, 243.4779668632, 29.4948337726, 11.2441687988, 51.9636443281, 213.6143983121, 36.4147642411],
      [0.16693858372, 1.6121676579, 7.9938685837, 11.625588507, 3.3365894396, 1.0399826941, 10.9177610571, 1.0644632101, 1.0803706797, 0.79119471137, 0.4057978146, 0.70653627659, 0.4479888668, 0.76909776437, 3.2618153127, 9.7045009483, 12.5571954633, 20.9298407444, 14.429320466, 14.1451493165, 12.5001734903, 9.9496553794, 19.7049658041, 8.71246146, 13.6378089278, 12.8203183915, 10.5519281002, 2.8773601354, 7.5074035264, 0.15855866184, 7.5497954623, 0.26122205414, 1.7576800486, 2.1636757171, 0, 0.14869300898, 0.9795111044, 0.50260252713, 0.58302805502, 0.33681060445, 1.9372882528, 0.37343976659, 0.027667906041, 1.2246319083, 0.067078136065, 0.14047543983, 11.7567005213, 4.4658960839, 15.7948535828, 6.392283207, 0.30506921317, 15.9256039311, 21.0062004098, 0.093878485078, 8.7904037209, 4.9131172976, 7.8959477148, 0.042384663053, 1.4546149242, 39.3593007168, 3.4438167116, 1.2902858287, 5.8424639976, 20.0914941257, 1.1684657876]
    ],
    [
      [0.002678105378, 0.0014158574417, 0.0028129625363, 0.049361327115, 0.042147371989, 0.01302815945, 0.091842033679, 0.011585558367, 0.0040769298814, 0.00096045518387, 0.0039321079095, 0.001357102626, 0, 0.0016539581306, 0.010379088607, 0.045064631106, 0.019793102233, 0.019009249726, 0.023251030428, 0.027491194162, 0.011699760207, 0.016174261432, 0.026178949265, 0.049232708657, 0.05792029081, 0.059306455199, 0.02311858178, 0.010575088098, 0.013800485145, 0.0019299615562, 0.018874977319, 0.002340977421, 0.0044444352577, 0.018571828397, 0, 0.0039609455684, 0.0022475917745, 0.0018461236992, 0, 0, 0.001516872056, 0.00082160245003, 0, 0.0026150690908, 0.0013278851589, 0.00062719355699, 0.058687900869, 0.025010412898, 0.043372496226, 0.014470475581, 0.0022264435496, 0.026897278683, 0.051973850759, 0.0016727550985, 0.056161880402, 0.024162114132, 0.017538593314, 0.0010704035658, 0.0086315870259, 0.11762631649, 0.01363609937, 0.0022541241886, 0.030645543656, 0.17607288068, 0.011150604886],
      [0.88792449567, 0.51760878143, 1.1098692172, 17.2439692388, 14.2137984461, 7.8294484868, 33.4895249694, 3.6325715478, 2.1214972104, 0.32151598366, 0.76179089843, 0.50827899943, 0, 0.63130701691, 3.2944884087, 15.5209673706, 6.8946328649, 8.3429287584, 13.2809380701, 9.8716947293, 6.1732976644, 9.5598091433, 18.6016153736, 18.8499272427, 22.5247666738, 20.9813597498, 10.8766735186, 6.1609994075, 5.7627370194, 0.82599615096, 8.9930146686, 0.72138266415, 1.7630097543, 6.1046377959, 0, 0.48766109187, 0.93890240507, 0.48732101666, 0, 0, 0.6971651737, 0.25915556748, 0, 0.62351232546, 0.92185859848, 0.25897278409, 31.2001725344, 8.6501754366, 21.5382260044, 10.1375416315, 0.5096388912, 11.2341601266, 24.1903426471, 0.85352946313, 21.1390943203, 6.858365558, 6.0596732966, 0.85484103594, 3.8600557685, 57.4330037785, 6.467116941, 2.0797404543, 12.5960556753, 47.8821718317, 4.5345099036],
