{
  "Z_true": {},
  "V_true": [
    [1350, 218, 175],
    [11698, 898, 797],
    [451, 13785, 576],
    [369, 707, 640],
    [603, 1246, 926]
  ],
  "p_true": [
    [0.7745, 0.1251, 0.1004],
    [0.8734, 0.067, 0.0595],
    [0.0304, 0.9307, 0.0389],
    [0.215, 0.412, 0.373],
    [0.2173, 0.449, 0.3337]
  ],
  "Z_est": [
    [
      [101.8661, 23.2064, 46.8915, 62.8693, 30.9457, 49.0952, 32.6347, 23.8676, 80.6209, 13.1224, 32.9106, 11.1638, 3.4966, 0.606, 27.7351, 24.0183, 13.3293, 54.8529, 49.2738, 51.1164, 34.7326, 51.7367, 2.1261, 3.709, 2.8778, 83.2997, 5.0754, 104.3151, 31.4961],
      [49.3945, 6.8578, 17.5254, 30.7143, 10.7879, 46.3189, 33.9186, 16.1885, 48.6485, 6.3459, 14.6111, 6.4504, 1.3189, 0.2938, 20.7904, 15.854, 12.0491, 32.1331, 34.9651, 45.2362, 27.502, 47.1139, 0.7558, 2.05, 0.9329, 48.3459, 1.6936, 54.3305, 14.4045],
      [3.7394, 0.9358, 1.5832, 2.4164, 1.2664, 1.5859, 1.4467, 0.9439, 2.7305, 0.5317, 1.4782, 0.3859, 0.1845, 0.1002, 1.4745, 1.1277, 0.6216, 2.0141, 1.7612, 1.6475, 1.7654, 2.1494, 0.1181, 0.241, 0.1893, 3.3543, 0.2309, 5.3544, 1.0994]
    ],
    [
      [717.6395, 328.2965, 620.2289, 549.8754, 291.9091, 363.6425, 335.5165, 192.3608, 546.6015, 172.6828, 397.9163, 246.7657, 33.6229, 12.299, 290.4639, 389.6595, 201.7189, 854.408, 427.5964, 295.2633, 420.9936, 660.9364, 9.8315, 27.0881, 87.4453, 774.6279, 116.0436, 738.5253, 145.748],
      [71.0757, 16.7476, 45.349, 54.9369, 18.9082, 70.7815, 72.1993, 26.7412, 67.9832, 17.0094, 35.7901, 29.2803, 2.4417, 1.6148, 44.8503, 52.8904, 37.2518, 103.0412, 62.4273, 53.9459, 68.7068, 123.8639, 0.6666, 3.0242, 5.912, 92.4592, 7.5298, 79.4858, 13.6211],
      [117.2848, 58.9559, 93.4221, 94.1876, 53.1827, 52.576, 66.2842, 33.898, 82.4154, 31.3078, 79.2936, 37.954, 7.9354, 7.0862, 68.6858, 81.4501, 42.0293, 139.5508, 67.9763, 42.7908, 95.2996, 122.1997, 2.5019, 7.8878, 23.6427, 138.913, 23.4266, 167.9889, 22.631]
    ],
    [
      [62.6822, 31.4814, 50.7637, 55.8423, 24.2492, 39.6571, 43.3294, 25.1714, 66.0421, 19.8156, 38.6831, 22.9426, 3.9264, 2.6458, 29.5889, 41.3664, 16.5615, 64.1925, 45.632, 38.7181, 53.6107, 67.5316, 2.5333, 3.3449, 14.4019, 98.9635, 13.9021, 80.5491, 22.3477],
      [605.3344, 181.5786, 374.9133, 544.5351, 166.3817, 710.3787, 941.5586, 343.1276, 789.4725, 193.3182, 339.151, 265.547, 30.1489, 16.476, 440.8671, 545.2019, 301.7195, 749.5, 640.4847, 659.0553, 852.3437, 1224.9573, 19.9985, 36.8154, 85.925, 1146.8626, 92.2119, 816.1207, 206.9726],
      [21.9834, 11.94, 16.323, 20.6227, 9.3691, 8.9642, 19.112, 9.701, 20.4854, 7.8662, 16.1659, 7.5104, 1.9247, 0.8782, 14.5441, 18.4316, 7.719, 22.3075, 14.8834, 9.2265, 26.0456, 26.5111, 1.4682, 1.8397, 6.6731, 38.1739, 5.886, 36.3302, 7.6797]
    ],
    [
      [90.1107, 29.9068, 56.1754, 71.9056, 31.9589, 33.705, 30.0044, 13.8184, 55.0214, 17.6153, 35.2977, 20.9531, 1.7942, 1.0283, 31.7751, 54.4354, 24.0686, 63.1847, 28.5811, 36.5901, 48.8934, 73.4085, 1.7584, 1.5985, 11.9061, 93.9219, 7.6226, 63.5896, 7.2197],
      [18.937, 3.8003, 9.0819, 15.2224, 4.8024, 13.7829, 13.5156, 4.0581, 14.3944, 3.6856, 6.7869, 5.2414, 0.2912, 0.2183, 10.3193, 15.5706, 9.4114, 16.0472, 8.7898, 14.0339, 16.7827, 28.9807, 0.2666, 0.379, 1.6694, 23.6346, 1.0981, 14.3651, 1.4292],
      [30.9522, 11.2928, 17.7427, 25.8721, 12.2386, 10.5121, 12.48, 5.1235, 17.5843, 6.699, 14.9154, 6.8055, 0.9147, 1.7533, 15.9055, 23.9939, 10.5199, 21.7681, 9.629, 11.376, 23.3239, 28.6108, 0.975, 1.0225, 7.4245, 35.4435, 3.2792, 31.0453, 2.3511]
    ],
    [
      [71.7015, 43.1089, 41.9406, 59.5074, 23.9371, 30.9002, 43.5151, 25.7818, 66.7142, 17.7639, 39.1922, 23.1748, 6.1599, 1.4209, 27.437, 39.5203, 14.3217, 84.3619, 44.9168, 26.3121, 52.7697, 72.3867, 1.7507, 3.2596, 8.3689, 87.187, 12.3562, 70.0208, 10.1885],
      [71.2585, 26.0157, 32.1304, 59.5914, 17.1198, 59.738, 92.8078, 35.8846, 82.5015, 17.6409, 35.6609, 27.4809, 4.7994, 1.397, 42.1728, 53.483, 26.5681, 101.2786, 65.3331, 47.7286, 85.6648, 135.0843, 1.3124, 3.7314, 5.5607, 103.6977, 8.4665, 74.698, 9.5727],
      [24.0401, 15.8755, 12.929, 20.9012, 8.9431, 9.3618, 17.6772, 9.3336, 20.7844, 6.5952, 16.1469, 7.3443, 3.0407, 2.1821, 13.3901, 16.9966, 6.1101, 28.3595, 14.7501, 7.9593, 24.5655, 27.529, 0.9368, 2.0091, 5.0705, 32.1153, 5.1772, 33.2812, 3.2388]
    ]
  ],
  "V_est": [
    [1052.9912, 647.5314, 42.4774],
    [10249.7069, 1280.5353, 1862.7578],
    [1080.4765, 13320.9575, 410.566],
    [1037.849, 276.5964, 401.5546],
    [1049.9764, 1328.3794, 396.6442]
  ],
  "p_est": [
    [0.6041, 0.3715, 0.0244],
    [0.7653, 0.0956, 0.1391],
    [0.0729, 0.8993, 0.0277],
    [0.6048, 0.1612, 0.234],
    [0.3784, 0.4787, 0.1429]
  ],
  "EI_Z": {},
  "EI_V": 10.7596,
  "MAE_Z": {},
  "MAE_V": 494.0674,
  "MAE_p": 0.1303,
  "runtime": 0.016
}
