{
  "X": [
    [37, 62, 852, 26, 93],
    [30, 97, 730, 39, 64],
    [3, 11, 16, 1, 5],
    [23, 97, 798, 52, 53],
    [26, 80, 565, 28, 48],
    [19, 50, 642, 36, 50],
    [8, 39, 339, 14, 23],
    [18, 49, 756, 33, 54],
    [29, 49, 784, 27, 59],
    [10, 17, 209, 6, 17],
    [17, 38, 783, 43, 51],
    [0, 11, 254, 8, 23],
    [18, 22, 688, 28, 45],
    [98, 285, 543, 34, 78],
    [119, 388, 432, 25, 114],
    [91, 397, 382, 26, 129],
    [30, 104, 490, 28, 35],
    [21, 48, 745, 34, 51],
    [27, 39, 846, 32, 55],
    [38, 109, 639, 41, 72],
    [21, 26, 582, 23, 29],
    [2, 4, 65, 1, 8],
    [12, 48, 224, 12, 20],
    [39, 116, 441, 24, 40],
    [20, 76, 227, 16, 28],
    [3, 5, 18, 1, 2],
    [122, 414, 2798, 104, 263],
    [21, 47, 185, 17, 19],
    [4, 3, 14, 0, 5],
    [15, 42, 480, 18, 28],
    [103, 217, 1582, 76, 160],
    [6, 28, 68, 3, 3]
  ],
  "W": [
    [30, 797, 77, 54, 112],
    [20, 731, 117, 46, 46],
    [6, 15, 8, 5, 2],
    [25, 763, 118, 69, 48],
    [17, 557, 93, 36, 44],
    [17, 620, 55, 50, 55],
    [6, 320, 46, 20, 31],
    [20, 734, 62, 44, 50],
    [23, 749, 82, 51, 43],
    [10, 203, 19, 11, 16],
    [14, 796, 46, 32, 44],
    [3, 245, 14, 13, 21],
    [12, 675, 32, 45, 37],
    [97, 466, 331, 82, 62],
    [129, 356, 419, 99, 75],
    [118, 273, 446, 96, 92],
    [29, 464, 120, 35, 39],
    [14, 744, 60, 45, 36],
    [17, 839, 50, 49, 44],
    [30, 604, 140, 67, 58],
    [15, 579, 31, 26, 30],
    [1, 62, 7, 2, 8],
    [7, 219, 58, 7, 25],
    [26, 398, 138, 63, 35],
    [14, 219, 78, 24, 32],
    [3, 17, 7, 1, 1],
    [124, 2653, 490, 237, 197],
    [15, 192, 49, 13, 20],
    [1, 14, 4, 5, 2],
    [10, 482, 45, 20, 26],
    [70, 1583, 271, 88, 126],
    [6, 56, 30, 5, 11]
  ],
  "method": "mult",
  "cond_prob": [
    [
      [0.39533741041, 0.43361642532, 0.00066558239242, 1.0976306131e-05, 0.17036960556],
      [0, 0, 0.96987252391, 0.021854499381, 0.0082729767093],
      [0.15153936237, 0.62814186998, 0.21173778168, 0.0002383084459, 0.008342677519],
      [0.097350320379, 0.011566356515, 0.30497529617, 0.10943450898, 0.47667351796],
      [0.073343120398, 0, 0.41267103383, 0.023694834547, 0.49029101123]
    ],
    [
      [0.33298076963, 0.48252569808, 3.3298515506e-05, 3.6642528157e-05, 0.18442359125],
      [0.0032895856288, 0.0055648394741, 0.9342153535, 0.040208775773, 0.016721445621],
      [0.12447096853, 0.70387018413, 0.16141939905, 0.00048903579802, 0.0097504124949],
      [0.077444328862, 0.012688874381, 0.25333417462, 0.16878417613, 0.48774844601],
      [0.061090327538, 0.0075019264837, 0.35974932386, 0.038812234119, 0.532846188]
    ],
    [
      [0.24929015409, 0.58779223914, 0, 0, 0.16291760677],
      [0.020345157723, 0.054391373262, 0.8948558626, 0.022184530696, 0.0082230757229],
      [0.092145166464, 0.80767302239, 0.094861479163, 0, 0.0053203319824],
      [0.071333141966, 0.032856108086, 0.23041361368, 0.12358602952, 0.54181110675],
      [0.05262733404, 0.015855623328, 0.33310107968, 0.024650945985, 0.57376501697]
    ],
    [
      [0.27626690199, 0.57070093085, 0.00092261032716, 8.8776134871e-06, 0.15210067922],
      [0, 0, 0.95448458606, 0.043802082833, 0.001713331104],
      [0.08039535096, 0.68996613445, 0.22373403054, 0.000392611715, 0.0055118723414],
      [0.061119137648, 0.013448565203, 0.31127704361, 0.2305509509, 0.38360430264],
      [0.049780323733, 0.0080942055204, 0.45471799924, 0.054675938821, 0.43273153269]
    ],
    [
      [0.34825019945, 0.492049849, 4.2944393875e-05, 1.4775099e-05, 0.15964223205],
      [0.0036248442398, 0.009117588422, 0.93979372875, 0.036387070483, 0.011076768104],
      [0.12775328466, 0.70612860748, 0.15802901374, 0.00033194615995, 0.0077571479656],
      [0.087563504816, 0.014209116008, 0.27328005208, 0.16721442643, 0.45773290067],
      [0.068803789107, 0.0085265260099, 0.38634961087, 0.038217277732, 0.49810279628]
    ],
    [
      [0.32323728238, 0.52744576869, 0.0005688486943, 6.2321409823e-06, 0.14874186809],
      [0.00023890788381, 0.0013876996646, 0.95698933161, 0.038171818092, 0.0032122427486],
      [0.11065494495, 0.70944823759, 0.17335843664, 0.00034631730843, 0.0061920635023],
      [0.077583547704, 0.014025874511, 0.30400072042, 0.19629833364, 0.40809152372],
      [0.061666253709, 0.0082200244925, 0.43494898066, 0.045443685504, 0.44972105563]
    ],
    [
      [0.25899641934, 0.59253913259, 0.00057148435775, 0, 0.14789296371],
      [0, 0.0013305544436, 0.96914791061, 0.029521534942, 0],
      [0.080073089545, 0.7470155731, 0.17275406254, 0.00015727481353, 0],
      [0.063176896404, 0.016230811469, 0.33302309399, 0.16909754526, 0.41847165289],
      [0.048358756026, 0.010698554531, 0.4600674497, 0.037545912004, 0.44332932774]
    ],
    [
      [0.31526272809, 0.49728022006, 0.00071919675709, 2.5329841722e-05, 0.18671252526],
      [0, 0, 0.96033381997, 0.032755421808, 0.0069107582176],
      [0.09849267146, 0.61668661632, 0.2761151898, 0.00039002512544, 0.0083154972909],
      [0.067769732409, 0.011484347918, 0.30002644764, 0.16175957131, 0.45895990071],
      [0.052126631634, 0.0062902815695, 0.41560573479, 0.036308222011, 0.48966912999]
    ],
    [
      [0.42430561753, 0.37851104024, 0.00093482916335, 3.5168301708e-05, 0.19621334476],
      [0, 0, 0.96390824469, 0.026053204241, 0.010038551074],
      [0.14210323145, 0.4840778847, 0.36315490689, 0.0003978500289, 0.01026612693],
      [0.091117577176, 0.0081532455997, 0.295633684, 0.12334469778, 0.48175079544],
      [0.068407194925, 0.0042800931053, 0.39895821885, 0.027026461947, 0.50132803117]
    ],
    [
      [0.4143690064, 0.4239360793, 0.00046460748631, 1.1060355018e-05, 0.16121924646],
      [0.0020712522892, 0.00033705956694, 0.96614897275, 0.021925637349, 0.0095170780489],
      [0.15934367452, 0.65561392278, 0.17671222852, 0.00022476726053, 0.0081054069178],
      [0.10516509292, 0.011964665194, 0.29291491666, 0.10697894524, 0.48297637999],
      [0.078218742712, 0.0064962665561, 0.39296975203, 0.022996627438, 0.49931861126]
    ],
    [
      [0.34938013187, 0.46134664127, 0.00032212184334, 3.4923000322e-05, 0.18891618201],
      [0.00095359175474, 0, 0.94202992119, 0.043934665066, 0.013081821993],
      [0.13732790763, 0.6719161122, 0.18093181311, 0.00050449543916, 0.009319671627],
      [0.074915877003, 0.01095884032, 0.26029507997, 0.18939363952, 0.46443656319],
      [0.059891529593, 0.0064164311554, 0.3747128879, 0.044175327975, 0.51480382338]
    ],
    [
      [2.4651903288e-32, 0.69314642573, 0.00062995947613, 2.1217885298e-05, 0.30620239691],
      [0, 0, 0.96591243078, 0.024168509323, 0.0099190598982],
      [6.2898786876e-33, 0.62649066069, 0.36211617, 0.00030422823782, 0.011088941074],
      [0, 0.011514728702, 0.29984670313, 0.11901962798, 0.56961894019],
      [0, 0, 0.39913957429, 0.025101771574, 0.57575865413]
    ],
    [
      [0.44345682324, 0.38300705423, 0.00051504973952, 1.8599536169e-05, 0.17300247325],
      [0, 0, 0.96268407365, 0.029876185405, 0.0074397409482],
      [0.1766145513, 0.54387235466, 0.27023922493, 0.00037054609646, 0.0089033230084],
      [0.093487142969, 0, 0.31360646477, 0.14683078423, 0.44607560803],
      [0.076214352592, 0, 0.41681415079, 0.032813753826, 0.47415774279]
    ],
    [
      [0.37742998611, 0.48601537784, 0, 0, 0.13655463606],
      [0.0043348334149, 0.011974374665, 0.94368732123, 0.03539124323, 0.0046122274604],
      [0.13972713492, 0.69606100506, 0.16034372302, 0, 0.0038681370008],
      [0.10000215812, 0.015722542825, 0.29402333848, 0.18182670683, 0.40842525375],
      [0.079345166959, 0.0095323962914, 0.42029068116, 0.041901462821, 0.44893029277]
    ],
    [
      [0.33688999558, 0.50422363511, 0, 0, 0.15888636931],
      [0.009860238168, 0.02607086478, 0.92697935606, 0.026816272477, 0.010273268511],
      [0.13642184023, 0.7412948837, 0.11532588715, 0, 0.0069573889156],
      [0.09502769424, 0.021063038695, 0.26351857727, 0.13364485104, 0.48674583875],
      [0.072832706594, 0.013148348119, 0.36780617833, 0.029634223265, 0.51657854369]
    ],
    [
      [0.28106025175, 0.53133918182, 0, 1.4476842108e-05, 0.18758608958],
      [0.0023490634389, 0.0088906013896, 0.94291411042, 0.032555794405, 0.013290430347],
      [0.10274335862, 0.73871730486, 0.14647196901, 0.00030042407428, 0.011766943437],
      [0.068173116772, 0.015804396905, 0.26501860815, 0.14562186943, 0.50538200874],
      [0.052450421964, 0.009670677138, 0.36756699231, 0.032574687583, 0.537737221]
    ],
    [
      [0.34069100382, 0.52758007219, 0.00068720527619, 0, 0.13104171871],
      [0.00068767465921, 0.0055466133112, 0.95182579167, 0.040149857023, 0.0017900633329],
      [0.11713556571, 0.71031709811, 0.16797188834, 0.00016240310388, 0.0044130447396],
      [0.086388508449, 0.015148765592, 0.30731154065, 0.21179038297, 0.37936080234],
      [0.069769594, 0.0091869426046, 0.44667623557, 0.049700373461, 0.42466685437]
    ],
    [
      [0.36794793265, 0.45620479933, 0.00032456327531, 2.4407283912e-05, 0.17549829746],
      [0.001683526327, 0.00044239852106, 0.95173624001, 0.034477876517, 0.011659958624],
      [0.13860965363, 0.6751342693, 0.17716812366, 0.00038668489717, 0.0087012685126],
      [0.086074530989, 0.011805526108, 0.27564837033, 0.15662912512, 0.46984244745],
      [0.066840340085, 0.0067967632499, 0.38526192948, 0.035461290143, 0.50563967704]
    ],
    [
      [0.44098792171, 0.398438798, 0.00035894606989, 1.6596213725e-05, 0.160197738],
      [0.0018386716053, 0, 0.95971595439, 0.028614936982, 0.009830437026],
      [0.17767323131, 0.62835938245, 0.18527976994, 0.00031520858027, 0.008372407711],
      [0.10980594034, 0.010946859354, 0.28771066086, 0.13560813314, 0.4559284063],
      [0.08400925481, 0.0061858000676, 0.39614548424, 0.030255154181, 0.4834043067]
    ],
    [
      [0.35047968713, 0.47678901336, 0.00057193272083, 7.7258195325e-05, 0.17208210859],
      [0, 0, 0.9457020733, 0.042448144155, 0.011849782547],
      [0.13166352978, 0.66822433469, 0.19072858572, 0.00069306761447, 0.0086904821922],
      [0.079892209962, 0.011402732278, 0.27335472856, 0.1895509896, 0.44579933959],
      [0.063792019816, 0.0065679255095, 0.39244863676, 0.044173403705, 0.49301801421]
    ],
    [
      [0.4846740375, 0.38535762444, 0.00040859076379, 9.8255398369e-06, 0.12954992177],
      [0.0021490480229, 0.0010913673264, 0.95993535164, 0.03087724916, 0.0059469838512],
      [0.19574239857, 0.61578088719, 0.18144875893, 0.00031789584167, 0.00671005947],
      [0.12997879687, 0.011512223816, 0.30203193519, 0.15583230698, 0.40064473715],
      [0.1012709186, 0.0066402876473, 0.42378535659, 0.03534768669, 0.43295575047]
    ],
    [
      [0.39515355509, 0.36964676068, 0.0003915942072, 1.3402866295e-05, 0.23479468715],
      [0, 0, 0.9613962474, 0.012937961615, 0.025665790981],
      [0.15001694291, 0.51640360305, 0.31941526134, 0.00019439329059, 0.013969799412],
      [0.075057867424, 0.0077640089911, 0.2534593517, 0.054560342474, 0.60915842941],
      [0.050576513709, 0, 0.33127694175, 0.010918942377, 0.60722760217]
    ],
    [
      [0.3274215804, 0.50724090018, 0, 1.5392515656e-05, 0.16532212691],
      [0.0035946518805, 0.010891278559, 0.93074658954, 0.043393179399, 0.011374300623],
      [0.11754925517, 0.7197457196, 0.15432952068, 0.00036870312163, 0.0080068014208],
      [0.077501561099, 0.013778811907, 0.26001323146, 0.19338904626, 0.45531734928],
      [0.062418097917, 0.0088968109553, 0.37581168285, 0.044867114363, 0.50800629391]
    ],
    [
      [0.38081193015, 0.5025357549, 0.00052772402099, 0, 0.11612459093],
      [1.5179649306e-05, 0.012927737473, 0.95834630894, 0.028710773942, 0],
      [0.13503447249, 0.69815918904, 0.16537519016, 0.0014311483056, 0],
      [0.11929802507, 0.017311570551, 0.3273486022, 0.17444920163, 0.36159260055],
      [0.08406615809, 0.010063823597, 0.46056314393, 0.039580394358, 0.40572648003]
    ],
    [
      [0.32598382324, 0.54297553854, 0, 0, 0.13104063822],
      [0.0083595697943, 0.039516989834, 0.90468241624, 0.042812726034, 0.0046282980957],
      [0.11628933349, 0.75343224602, 0.12586145292, 0, 0.0044169675625],
      [0.090182700396, 0.020421841504, 0.267734098, 0.21007132289, 0.41159003721],
      [0.074078995865, 0.0151963219, 0.39474184885, 0.049446914039, 0.46653591935]
    ],
    [
      [0.48133450248, 0.33468664971, 0.0028136573516, 0.00046771982417, 0.18069747064],
      [0, 0, 0.93961005249, 0.045418933795, 0.014971013719],
      [0.19983011203, 0.56951853614, 0.21792509819, 0.0014920733156, 0.011234180317],
      [0.087534995964, 0.0061241475477, 0.20095119716, 0.18064508517, 0.52474457416],
      [0.069650712368, 0.0031861503455, 0.29176125116, 0.035385367631, 0.60001651849]
    ],
    [
      [0.30902687234, 0.51222826583, 0.00061327320195, 9.5128158072e-06, 0.17812207581],
      [0.00046318975085, 3.725348216e-05, 0.96521925447, 0.025727844445, 0.0085524578499],
      [0.10961298254, 0.70550994011, 0.17670881907, 0.00024829520673, 0.0079199630729],
      [0.074666049315, 0.013542635812, 0.29948639495, 0.12712914007, 0.48517577986],
      [0.056069087765, 0.0074892700771, 0.40422170083, 0.027876031728, 0.5043439096]
    ],
    [
      [0.42484962126, 0.44940672713, 0, 0, 0.12574365161],
      [0.014931524243, 0.029762992933, 0.8784371385, 0.063847197067, 0.013021147259],
      [0.1695665602, 0.69642134361, 0.12651004979, 0.00022822077438, 0.0072738256291],
      [0.11283490224, 0.014948365891, 0.22772004605, 0.26214771548, 0.38234897034],
      [0.099239392382, 0.011271492821, 0.35903581851, 0.066111752201, 0.46434154409]
    ],
    [
      [0.62584247643, 0.25259536942, 0, 0, 0.12156215416],
      [0.053307358455, 0.020811401003, 0.87976951546, 0, 0.046111725082],
      [0.3068759372, 0.59056904352, 0.08544873866, 0, 0.017106280618],
      [0.21982674962, 0.015718604038, 0.16844254318, 0, 0.59601210317],
      [0.15060850415, 0.007587911142, 0.24960955652, 0, 0.59219402818]
    ],
    [
      [0.35789403095, 0.494053335, 0.00014353870798, 6.8318978807e-06, 0.14790226345],
      [0.0036092737151, 0.0096083048069, 0.94814128367, 0.029647936647, 0.0089932011592],
      [0.12985448708, 0.70878750953, 0.1541824526, 0.00024208219945, 0.0069334685852],
      [0.096010407896, 0.015147490231, 0.28690892471, 0.14333365961, 0.45859951756],
      [0.073758833976, 0.0088413845941, 0.39684911623, 0.032002281764, 0.48854838343]
    ],
    [
      [0.40990700943, 0.41077308458, 0, 4.29494035e-05, 0.17927695658],
      [0.0060928594457, 0.0053284222075, 0.9305437323, 0.036924846421, 0.021110139627],
      [0.16932102826, 0.65671140245, 0.16246057095, 0.00045947092033, 0.011047527429],
      [0.10051709395, 0.011346356776, 0.24461110717, 0.14912432475, 0.49440111735],
      [0.078809602477, 0.0066962084568, 0.34441809216, 0.034107178252, 0.53596891865]
    ],
    [
      [0.32464483069, 0.62016278021, 0.001013773406, 0, 0.054178615692],
      [0, 0.010144505614, 0.9666868633, 0.023168631087, 0],
      [0.084437343815, 0.75161792652, 0.16394472967, 0, 0],
      [0.10224052188, 0.024103687072, 0.43013695876, 0.22995238328, 0.21356644901],
      [0.091618917455, 0.094715888493, 0.61731148464, 0.050254067518, 0.14609964189]
    ]
  ],
  "expected_outcome": [
    [
      [11.8601223124, 6.6596153926, 1.4957409245, 6.9066725498, 5.9202533907, 5.4950338004, 1.553978516, 6.3052545618, 9.7590292032, 4.143690064, 4.8913218462, 7.3955709864e-32, 5.3214818789, 36.6107086525, 43.4588094298, 33.1651097068, 9.8800391109, 5.1512710572, 7.4967946691, 10.514390614, 7.2701105624, 0.39515355509, 2.2919510628, 9.9011101838, 4.5637735254, 1.4440035074, 38.3193321697, 6.3727443188, 0.62584247643, 3.5789403095, 28.6934906602, 1.9478689842],
      [13.0084927597, 9.6505139616, 3.5267534349, 14.2675232712, 8.364847433, 8.9665780678, 3.5552347955, 9.9456044011, 8.7057539255, 4.239360793, 6.4588529778, 2.0794392772, 4.5960846508, 47.1434916501, 65.0448489294, 62.6980234548, 15.2998220936, 6.3868671906, 6.773459566, 14.3036704009, 5.7803643665, 0.36964676068, 3.5506863012, 13.0659296274, 7.6016575396, 1.0040599491, 63.5163049635, 6.741100907, 0.25259536942, 4.94053335, 28.7541159206, 3.7209766813],
      [0.019967471773, 0.00066597031013, 0, 0.023065258179, 0.00073005469588, 0.0096704278031, 0.0034289061465, 0.014383935142, 0.021501070757, 0.0046460748631, 0.0045097058068, 0.0018898784284, 0.0061805968742, 0, 0, 0, 0.01992895301, 0.0045438858543, 0.0061020831881, 0.017157981625, 0.0061288614569, 0.0003915942072, 0, 0.013720824546, 0, 0.0084409720549, 0.076045877042, 0, 0, 0.0014353870798, 0, 0.0060826404361],
      [0.00032928918392, 0.00073285056314, 0, 0.00022194033718, 0.000251176683, 0.0001059463967, 0, 0.00050659683444, 0.00080887093928, 0.00011060355018, 0.00048892200451, 6.3653655895e-05, 0.00022319443403, 0, 0, 0.0017082673687, 0, 0.00034170197477, 0.00028213563332, 0.0023177458597, 0.00014738309755, 1.3402866295e-05, 0.00010774760959, 0, 0, 0.0014031594725, 0.0011795891601, 0, 0, 6.8318978807e-05, 0.003006458245, 0],
      [5.1110881669, 3.6884718249, 0.9775056406, 3.8025169805, 2.7139179449, 2.5286117576, 0.88735778228, 3.7342505051, 4.5129069295, 1.6121924646, 2.6448265481, 0.91860719072, 2.076029679, 13.2457996975, 20.4963416409, 22.135158571, 3.8002098426, 2.4569761645, 2.723361546, 5.1624632576, 1.9432488265, 0.23479468715, 1.1572548884, 3.0192393642, 1.834568935, 0.54209241192, 22.0871374006, 1.8861547741, 0.12156215416, 1.4790226345, 12.5493869609, 0.32507169415]
    ],
    [
      [0, 2.4046870946, 0.30517736585, 0, 2.0190382416, 0.14812288796, 0, 0, 0, 0.42046421472, 0.75905903678, 0, 0, 2.0200323714, 3.5102447878, 0.64129431883, 0.31908104187, 1.2525435873, 1.5426454769, 0, 1.2442988053, 0, 0.78722876183, 0.0060415004236, 1.830745785, 0, 1.228842409, 2.8668526546, 0.74630301837, 1.7396699307, 9.6449965025, 0],
      [0, 4.0678976555, 0.81587059892, 0, 5.0784967511, 0.86037379203, 0.42577742195, 0, 0, 0.068423092089, 0, 0, 0, 5.5800585939, 9.2812278617, 2.4271341794, 2.5736285764, 0.32914449967, 0, 0, 0.63190168196, 0, 2.3851900045, 5.1452395141, 8.6542207737, 0, 0.09883348817, 5.7144946431, 0.29135961404, 4.6312029169, 8.4348923545, 0.56809231438],
      [772.9884015562, 682.9114234113, 13.4228379389, 728.2717391662, 523.4651069146, 593.3333855991, 310.1273313967, 704.8850238612, 721.9672752694, 196.1282414674, 749.8558172645, 236.6485455407, 649.8117497116, 439.7582916932, 330.0046507585, 257.4155521445, 441.6471673368, 708.0917625685, 805.2016857308, 571.2040522717, 555.8025685992, 59.6065673391, 203.8335031088, 381.4218309566, 198.125449157, 15.9733708923, 2560.7266821133, 168.6599305917, 12.3167732164, 457.0040987297, 1473.0507282292, 54.1344643447],
      [17.4180360065, 29.3926150897, 0.33276796045, 33.4209892015, 20.2675982589, 23.6665272167, 9.4468911813, 24.0424796071, 19.5138499763, 4.4509043819, 34.9719933924, 5.9212847842, 20.1664251484, 16.492319345, 9.546593002, 8.8877318726, 18.6295336585, 25.6515401285, 24.0079321276, 25.6386790698, 17.8779272637, 0.80215362013, 9.5031062884, 11.4268880288, 9.3759870014, 0.77212187452, 68.2559713137, 12.2586618368, 0, 14.290305464, 58.4520318848, 1.2974433409],
      [6.5935624373, 12.2233767488, 0.12334613584, 1.3072716323, 6.1697598339, 1.9915905041, 0, 5.0724965317, 7.5188747543, 1.9319668439, 10.4131303063, 2.4301696751, 5.0218251401, 2.1492979966, 3.65728359, 3.6282874847, 0.83058938646, 8.675009216, 8.2477366648, 7.1572686584, 3.4433036498, 1.5912790408, 2.4909718364, 0, 1.013597283, 0.25450723322, 22.6896706758, 2.5000602738, 0.64556415115, 4.3347229587, 33.417351029, 0]
    ],
    [
      [11.6685309026, 14.5631033184, 0.73716133171, 9.4866514133, 11.8810554736, 6.0860219724, 3.6833621191, 6.1065456305, 11.652464979, 3.0275298158, 6.3170837508, 8.8058301626e-32, 5.6516656416, 46.2496816588, 57.1607510582, 45.8235379435, 14.0562678855, 8.316579218, 8.8836615657, 18.4328941692, 6.0680143557, 1.0501186004, 6.8178567997, 18.6347572035, 9.0705680125, 1.3988107842, 53.710361444, 8.3087614498, 1.2275037488, 5.8434519186, 45.8859986572, 2.5331203144],
      [48.3669239885, 82.3528115431, 6.4613841791, 81.4160038648, 65.6699604952, 39.0196530676, 34.3627163627, 38.234570212, 39.6943865454, 12.4566645329, 30.9081411611, 8.7708692497, 17.4039153492, 230.3961926743, 310.6025562692, 329.4679179663, 85.2380517728, 40.5080561579, 31.4179691227, 93.5514068569, 19.0892075029, 3.6148252213, 41.7452517371, 96.3459680879, 58.7677151898, 3.986629753, 345.6998706558, 34.1246458369, 2.3622761741, 31.895437929, 177.968790063, 22.5485377956],
      [16.3038091897, 18.8860696883, 0.75889183331, 26.4006156032, 14.6966982775, 9.5347140154, 7.9466868768, 17.1191417677, 29.778702365, 3.3575323419, 8.3228634031, 5.06962638, 8.6476551979, 53.0737723196, 48.321546717, 65.3264981802, 20.1566266005, 10.6300874195, 9.263988497, 26.7020020009, 5.6249115268, 2.2359068294, 8.9511121997, 22.8217762425, 9.8171933278, 1.5254756874, 86.5873213432, 6.1989924395, 0.34179495464, 6.9382103671, 44.0268147272, 4.91834189],
      [0.018349750334, 0.057217188368, 0, 0.04632818237, 0.030870992875, 0.019047451964, 0.0072346414225, 0.024181557777, 0.032623702369, 0.0042705779501, 0.023206790201, 0.0042591953295, 0.011857475087, 0, 0, 0.13398913713, 0.019488372466, 0.02320109383, 0.015760429013, 0.097029466026, 0.0098547710916, 0.0013607530341, 0.021384781055, 0.19749846618, 0, 0.010444513209, 0.1216646513, 0.011182817944, 0, 0.010893698975, 0.12451661941, 0],
      [0.64238616896, 1.1407982619, 0.04256265586, 0.65040093628, 0.7214147608, 0.34056349263, 0, 0.51556083203, 0.84182240825, 0.15400273144, 0.42870489484, 0.15524517503, 0.28490633627, 1.2803533473, 2.9151459557, 5.2480567728, 0.52956536876, 0.52207611076, 0.41862038555, 1.2166675069, 0.20801184357, 0.097788595883, 0.46439448241, 0, 0.34452346987, 0.078639262217, 3.8807819057, 0.35641745583, 0.068425122473, 0.31200608634, 2.9938799332, 0]
    ],
    [
      [5.2569173005, 3.5624391277, 0.35666570983, 4.2172204977, 3.1522861734, 3.8791773852, 1.2635379281, 2.981868226, 4.646996436, 1.1568160221, 2.3973080641, 0, 4.2069214336, 8.2001769659, 9.4077417297, 6.5446192102, 3.0235977957, 3.8733538945, 5.3804910767, 5.3527780674, 3.3794487185, 0.15011573485, 0.54251092769, 7.5157755792, 2.1643848095, 0.087534995964, 17.6958536876, 1.4668537291, 1.0991337481, 1.9202081579, 8.845504268, 0.51120260941],
      [0.62458325184, 0.58368822151, 0.16428054043, 0.92795099899, 0.5115281763, 0.70129372553, 0.32461622937, 0.50531130841, 0.41581552558, 0.13161131713, 0.35068289023, 0.14969147313, 0, 1.2892485117, 2.0852408308, 1.5172221029, 0.53020679573, 0.53124867487, 0.53639610833, 0.76398306265, 0.29931781921, 0.015528017982, 0.096451683348, 1.0906289447, 0.49012419608, 0.0061241475477, 3.2096046873, 0.19432875659, 0.078593020189, 0.30294980463, 0.99847939632, 0.12051843536],
      [16.4686659934, 11.6533720324, 1.1520680684, 21.4781160091, 9.8380818748, 15.2000360212, 6.6604618797, 13.2011636964, 15.0773178841, 3.2220640833, 8.329442559, 3.8980071407, 14.1122909144, 24.1099137552, 26.0883391499, 25.4417863824, 10.7559039227, 12.4041766647, 14.0978223823, 18.3147668137, 7.8528303149, 0.5069187034, 1.8200926202, 20.6229619388, 6.4256183521, 0.20095119716, 70.9782756029, 2.9603605986, 0.84221271588, 5.7381784941, 21.5257774311, 2.1506847938],
      [5.9094634847, 7.7640721019, 0.61793014758, 15.9080156124, 6.0197193513, 9.8149166822, 3.3819509051, 7.1174211378, 6.2905795867, 1.1767683976, 6.0605964645, 1.5472551638, 6.6073852906, 14.90978996, 13.2308402531, 13.9796994652, 7.4126634041, 7.0483106306, 6.6447985238, 12.6999163034, 4.0516399814, 0.10912068495, 1.3537233238, 10.9902997024, 5.0417117494, 0.18064508517, 30.1296061954, 3.4079203012, 0, 2.8666731922, 13.1229405777, 1.1497619164],
      [25.7403699696, 22.4364285165, 2.7090555338, 26.4686968818, 16.4783844242, 20.4045761859, 8.3694330577, 20.1942356314, 24.5692905676, 5.3127401799, 14.8619700221, 7.4050462224, 20.0734023614, 33.4908708072, 48.1878380364, 48.5166728394, 13.2776280818, 21.1429101353, 22.3404919089, 29.8685557528, 10.416763166, 1.2183168588, 3.1872214449, 22.7803338349, 9.8781608929, 0.52474457416, 114.9866598268, 4.9705366144, 2.9800605159, 9.1719903511, 43.5072983268, 1.067832245]
    ],
    [
      [8.2144294845, 2.8101550668, 0.10525466808, 2.3894555392, 3.0273667207, 3.391643954, 1.4991214368, 2.6063315817, 2.9415093818, 1.2514998834, 2.6352273021, 0, 2.8199310459, 4.9194003515, 5.4624529945, 4.8254388206, 2.721014166, 2.4062522431, 3.6964072116, 3.6999371493, 3.0381275581, 0.40461210967, 1.5604524479, 2.9423155331, 2.3705278677, 0.069650712368, 11.0456102897, 1.9847878476, 0.30121700831, 1.9177296834, 9.9300099121, 1.007808092],
      [0, 0.34508861825, 0.031711246657, 0.38852186498, 0.37516714443, 0.45210134709, 0.33165519047, 0.31451407848, 0.18404400353, 0.1039402649, 0.28232297084, 0, 0, 0.59100857007, 0.98612610893, 0.88970229669, 0.35829076158, 0.244683477, 0.27217520297, 0.38093967955, 0.19920862942, 0, 0.22242027388, 0.35223382588, 0.4862823008, 0.0031861503455, 1.4753862052, 0.22542985643, 0.015175822284, 0.22987599945, 0.84372226556, 1.0418747734],
      [46.219155789, 16.5484688977, 0.66620215935, 21.8264639633, 16.9993828784, 23.9221939365, 14.2620909406, 20.7802867396, 17.1552034107, 6.2875160325, 16.4873670676, 8.3819310602, 15.4221235792, 26.058022232, 27.5854633746, 33.8161632929, 17.420373187, 13.8694294614, 17.4304013067, 22.762020932, 12.7135606976, 2.650215534, 9.3952920712, 16.1197100375, 12.6317391631, 0.29176125116, 79.6316750636, 7.1807163701, 0.49921911304, 10.318077022, 43.3966796125, 6.7904263311],
      [2.6538214693, 1.7853627695, 0.04930189197, 2.6244450634, 1.6815602202, 2.4994027027, 1.1639232721, 1.8154111005, 1.1621378637, 0.36794603901, 1.9437144309, 0.52713720304, 1.2141088916, 2.5978906949, 2.2225667449, 2.9968712577, 1.938314565, 1.2766064451, 1.331226784, 2.5620574149, 1.0604306007, 0.087351539019, 1.1216778591, 1.3853138025, 1.5823012492, 0.035385367631, 5.4915782504, 1.322235044, 0, 0.83205932586, 4.2975044598, 0.55279474269],
      [54.9125932572, 24.5109246478, 1.1475300339, 20.7711135691, 21.9165230362, 24.7346580597, 13.74320916, 24.4834564997, 21.5571053403, 7.9890977802, 22.6513682285, 12.0909317368, 17.5438364833, 27.8336781515, 38.7433907771, 49.4718243321, 16.5620073204, 18.2030283734, 21.2697894948, 28.5950448243, 12.9886725142, 4.8578208174, 12.7001573479, 14.2004268009, 14.9291494192, 0.60001651849, 99.3557501911, 9.2868308818, 1.1843880564, 12.7022579693, 67.5320837501, 1.6070960608]
    ]
  ],
  "prob": [
    [0.34649926946, 0.48950869832, 0.00029127809852, 1.5658995796e-05, 0.16368509513],
    [0.0020349465091, 0.0039102659728, 0.95135656548, 0.033062091063, 0.00963613098],
    [0.12718938338, 0.69544323162, 0.16930094348, 0.00032626776705, 0.0077401737496],
    [0.086091900485, 0.013612063824, 0.28658510459, 0.15722342081, 0.45648751029],
    [0.066784001175, 0.0078700907002, 0.39974486096, 0.035640887841, 0.48996015932]
  ],
  "iterations": 126,
  "time": 0.082939,
  "message": "Converged",
  "status": 0,
  "miniter": 0,
  "maxiter": 1000,
  "maxtime": 3600,
  "param_threshold": 0.001,
  "ll_threshold": "-Inf",
  "initial_prob": "random",
  "adjust_prob_cond_method": "project_lp",
  "adjust_prob_cond_every": true,
  "candidates_id": ["ROSS, Todd Caleb.c", "HAUITI, Claudette.c", "SIO, Su'a Viliamu.c", "Informal Candidate Votes.c", "Other candidates votes.c"],
  "group_id": ["Green Party.p", "Labour Party.p", "National Party.p", "New Zealand First Party.p", "Other parties votes.p"]
}
