{
  "Z_true": {},
  "V_true": [
    [545, 38, 753, 167, 33],
    [799, 860, 7880, 736, 211],
    [265, 866, 480, 18983, 351],
    [63, 2842, 582, 868, 106],
    [209, 118, 441, 375, 93],
    [54, 105, 111, 370, 296]
  ],
  "p_true": [
    [0.3548, 0.0247, 0.4902, 0.1087, 0.0215],
    [0.0762, 0.082, 0.7515, 0.0702, 0.0201],
    [0.0127, 0.0413, 0.0229, 0.9063, 0.0168],
    [0.0141, 0.6371, 0.1305, 0.1946, 0.0238],
    [0.1691, 0.0955, 0.3568, 0.3034, 0.0752],
    [0.0577, 0.1122, 0.1186, 0.3953, 0.3162]
  ],
  "Z_est": [
    [
      [9.1524, 80.6557, 66.3551, 1.1441, 0, 17.1608, 42.0253, 0, 5.1482, 1.7161, 13.5585, 50.6311, 38.3258, 5.7203, 0.634, 13.7286, 8.5804, 29.2328, 12.3388, 10.8685, 14.8727, 16.0167, 0.3559, 0, 39.4698, 1.1441, 0.3559, 18.3048, 2.2881, 10.0744, 6.6179, 13.7286, 1.3365, 9.1524, 29.7856, 17.1608, 1.7625, 0.3541, 1.2679, 0, 7.2033, 17.1608, 15.4447, 5.1482, 11.9683, 19.4489, 1.1441, 0, 0, 0, 48.6223, 76.0795, 52.6264],
      [3.0348, 26.7445, 22.0026, 0.3794, 0.3794, 5.6903, 13.8464, 0, 1.7071, 0.569, 3.1325, 33.918, 12.7084, 1.8968, 0.1897, 4.5523, 2.8452, 9.2942, 5.9421, 3.6039, 4.9316, 5.311, 0.1897, 0, 13.0877, 0.3794, 0.1897, 6.0697, 0.7587, 20.3938, 2.6555, 4.5523, 0.1869, 3.0348, 10.4322, 5.6903, 0.569, 0.4076, 0.3794, 0, 2.6989, 5.6903, 5.1213, 1.7071, 7.0743, 6.449, 0.3794, 0, 0, 0.7234, 10.5518, 25.2271, 17.4503],
      [1.3816, 12.1751, 10.0164, 0.1727, 1.4323, 2.5904, 6.3034, 0, 1.3345, 0.259, 1.8997, 9.5847, 7.0544, 0.8635, 0.0863, 2.0724, 1.2952, 4.2311, 2.0724, 1.6406, 2.2451, 2.4178, 0.0863, 0, 5.958, 0.1727, 0.3025, 2.7631, 0.3454, 3.4539, 2.5994, 2.0724, 0.1727, 1.3816, 7.147, 2.5904, 0.259, 0.0863, 0.1727, 0, 1.1225, 2.5904, 2.3314, 0.7771, 2.1587, 2.9358, 0.1727, 0, 0, 1.0966, 7.3396, 11.4843, 7.944],
      [1.4403, 12.6927, 10.4423, 0.18, 0.18, 2.7006, 6.5714, 0, 0.8102, 0.2701, 1.9804, 9.9922, 6.0313, 0.9002, 0.09, 2.1605, 1.3503, 4.411, 2.1605, 1.7104, 2.3405, 2.5205, 0.3061, 0, 6.2113, 0.18, 0.09, 2.8806, 0.3601, 3.6008, 1.2603, 2.1605, 0.18, 1.4403, 4.9511, 2.7006, 0.2701, 0.09, 0.18, 0, 1.1703, 2.7006, 2.4305, 0.8102, 2.2505, 3.0607, 0.18, 0, 0, 0.18, 13.2224, 11.9726, 8.2818],
      [0.9909, 8.7319, 7.1837, 0.1239, 0.0084, 1.8579, 4.2534, 0, 0, 0.1858, 1.4289, 6.8741, 2.8801, 0.6193, 0, 1.4863, 0.9289, 1.831, 1.4863, 1.1766, 1.6101, 1.734, 0.0619, 0, 4.2731, 0.1239, 0.0619, 1.9817, 0.2477, 2.4771, 0.867, 1.4863, 0.1239, 0.9909, 2.6842, 1.8579, 0.1394, 0.0619, 0, 0, 0.8051, 1.8579, 1.6721, 0.5574, 1.5482, 2.1056, 0.1239, 0, 0, 0, 5.2639, 8.2365, 5.6974]
    ],
    [
      [1.6442, 10.134, 4.2303, 0, 0, 1.6947, 5.4878, 0, 1.0516, 0.4035, 15.2493, 0, 5.3801, 0.6485, 0.3911, 1.402, 1.4661, 5.2053, 0, 0, 1.228, 11.6318, 0, 0, 5.9451, 0.4715, 0, 0.2314, 2.4052, 0, 0, 5.0457, 1.0338, 2.6901, 0, 2.8784, 0.7715, 0, 0.7048, 0, 0, 0.6204, 3.4298, 1.3163, 0, 2.986, 2.9771, 0.9651, 0.6505, 0, 9.0927, 26.5358, 33.1447],
      [5.1256, 35.323, 34.1833, 0.983, 0.205, 14.4546, 14.4582, 0, 0, 0, 0, 18.664, 7.0787, 3.1633, 0, 5.8286, 3.6382, 15.0849, 5.2721, 11.4405, 8.2175, 10.5149, 0, 0.1955, 0, 1.4201, 0.1674, 6.0513, 2.6586, 5.8981, 0, 3.2804, 0, 5.8579, 9.3108, 0.226, 0.3222, 0.2564, 1.5917, 0, 6.7246, 10.7483, 8.3378, 3.6299, 6.3255, 0.1755, 0, 0.6995, 0.205, 0.3222, 0, 0, 14.2807],
      [143.1319, 1028.7399, 819.0705, 19.5524, 6.0879, 96.3493, 346.8434, 5.2149, 52.888, 25.5032, 76.478, 448.2743, 347.1385, 83.6367, 6.8009, 169.1712, 92.6616, 327.6203, 147.9798, 256.6207, 187.8735, 294.8253, 5.1006, 3.4004, 388.6929, 17.296, 6.0826, 124.9656, 26.1858, 117.3147, 39.7984, 91.6726, 1.6447, 170.0213, 367.3674, 181.9227, 8.7952, 5.1006, 1.7771, 4.4642, 162.5552, 226.1283, 216.7771, 54.8745, 125.8157, 194.8766, 18.2813, 2.1859, 5.4374, 9.6327, 211.6765, 638.6501, 450.0992],
      [17.6762, 124.3894, 96.6633, 2.3232, 0.707, 12.7268, 41.2107, 0.7851, 6.0604, 3.9089, 6.6641, 52.8466, 40.4026, 19.8876, 0.8081, 21.3749, 11.0097, 39.0896, 25.6416, 23.7977, 22.3225, 39.8211, 0.606, 0.404, 44.6449, 0, 0.707, 14.848, 3.5352, 13.9389, 5.9188, 11.3127, 0.303, 20.2013, 42.3218, 27.6574, 1.1111, 0.606, 0.9264, 0.505, 5.7202, 26.8678, 25.7567, 6.7674, 14.949, 22.4235, 9.551, 1.1714, 0.707, 1.0452, 25.1506, 100.0496, 57.8768],
      [7.422, 7.4137, 2.8526, 0.1414, 0, 0.7746, 0, 0, 0, 0.1844, 0.6086, 3.215, 0, 0.6639, 0, 1.2233, 0.2244, 0, 1.1065, 0.1412, 1.3586, 2.2069, 0.2933, 0, 2.7171, 0.8124, 0.043, 0.9037, 0.2152, 0.8483, 0.2828, 0.6885, 0.0184, 1.2295, 0, 1.3155, 0, 0.0369, 0, 0.0307, 0, 1.6352, 0.6986, 0.4119, 0.9098, 1.5384, 0.1906, 1.9781, 0, 0, 3.0802, 6.7645, 17.5987]
    ],
    [
      [0, 0, 0, 0, 0, 3.7778, 10.6047, 0, 0.8913, 1.3414, 0.3531, 0, 2.8472, 0, 0.8899, 0, 4.9065, 3.2312, 0, 0.9146, 0, 2.0315, 0, 0, 8.5833, 0.0921, 0, 0, 1.6966, 0, 0, 4.4652, 0.6274, 2.5311, 0, 0.9544, 1.806, 0, 0.0273, 0, 0, 0, 7.8505, 0.8392, 0, 0.9282, 0.5936, 0.0256, 0.5658, 0, 5.284, 31.5701, 8.8146],
      [5.463, 7.4199, 15.2831, 5.3622, 0, 4.0139, 28.9295, 0, 0, 0, 0, 12.3964, 0, 4.3299, 0, 6.2509, 10.6243, 10.0345, 3.2737, 2.9112, 7.3671, 7.6234, 0, 0.562, 0, 1.8203, 0, 11.0774, 0.8786, 4.1956, 0, 5.8137, 0, 11.8794, 0, 0, 1.6801, 0.3418, 0.029, 0, 0.8979, 13.0484, 13.7046, 6.8219, 5.4399, 0, 0, 0.0483, 2.152, 0.1688, 0, 0, 0],
      [0, 60.5315, 64.2458, 1.7518, 1.0044, 0, 1.4537, 0.3903, 1.4058, 0.7326, 1.1547, 32.4609, 18.9707, 0, 2.0172, 6.4428, 2.9752, 0, 0, 4.3344, 10.8348, 0, 0.0678, 1.8544, 19.6213, 0.3012, 3.0454, 6.9706, 0, 19.1203, 3.2521, 0, 0, 5.9996, 22.779, 7.5165, 0, 1.4151, 0.0502, 0.4795, 2.4023, 16.6189, 12.1865, 0, 16.8147, 22.1426, 0, 0.0837, 0, 0.1506, 3.5638, 0, 0],
      [420.3392, 3541.9782, 1503.471, 43.3747, 25.9956, 260.3796, 1288.0122, 10.6097, 81.703, 62.6935, 66.5515, 1238.4368, 759.182, 266.1888, 9.0929, 611.016, 399.4941, 438.7343, 290.3506, 249.8093, 331.419, 385.5963, 8.6806, 4.5837, 921.8797, 15.7147, 7.1921, 251.0914, 87.8776, 326.8165, 183.2578, 276.7887, 5.5154, 184.6585, 745.221, 494.2946, 11.5139, 6.2035, 2.8935, 7.4887, 89.6999, 510.8508, 651.2583, 149.5227, 224.9019, 408.2065, 114.7456, 4.8226, 10.2822, 8.6806, 395.537, 966.4437, 791.9869],
      [3.1978, 7.0704, 0, 1.5113, 0, 4.8288, 0, 0, 0, 0.2325, 0.9407, 0.7059, 0, 4.4813, 0, 4.2903, 0, 0, 1.3757, 1.0304, 4.3791, 1.7487, 0.2516, 0, 0.9157, 0.0716, 0.7625, 8.8606, 0.5472, 4.8676, 3.4902, 1.9324, 0.8572, 4.9313, 0, 7.2345, 0, 0.0396, 0, 0.0318, 0, 4.4819, 0, 6.8162, 0.8435, 1.7226, 0.6608, 0.0199, 0, 0, 1.6152, 3.9863, 3.1986]
    ],
    [
      [0.2439, 1.4795, 1.2008, 0, 0, 0.1092, 0.3344, 0, 0.0372, 2.6067, 0.0279, 0, 0.3391, 0.1045, 1.085, 0.2369, 0.1626, 0.5716, 0, 0.288, 0.2578, 0.4134, 0, 0, 2.4369, 0.0023, 0, 0.1231, 0.0302, 0.0674, 0, 0.1208, 0.0023, 0.1394, 0, 0.3577, 0.0141, 0, 0, 0, 0, 0.2764, 0.2648, 0.0883, 0, 0.2067, 0.0557, 0.0093, 0.0085, 0, 0.0859, 0.8548, 0.3995],
      [85.3713, 517.9194, 420.3522, 6.5045, 5.8485, 38.2138, 117.1537, 1.5924, 7.4319, 1.8196, 9.7567, 178.5688, 118.7068, 36.5877, 3.8103, 82.9321, 56.9142, 164.2382, 81.306, 100.8195, 90.2497, 144.7247, 2.6065, 3.2636, 154.932, 0.8131, 2.4392, 43.0922, 10.5698, 23.5787, 9.8974, 42.2791, 0.8131, 48.7836, 136.5941, 125.2113, 4.0653, 1.6308, 0, 0, 41.6104, 96.7542, 92.6889, 30.8963, 44.0307, 72.3624, 18.8038, 3.2522, 2.4392, 1.6261, 30.0832, 151.6218, 139.8464],
      [19.1736, 116.3196, 94.4069, 1.4608, 3.138, 8.5824, 26.2952, 0.3652, 8.5069, 1.4608, 2.1913, 39.9906, 26.6604, 8.2172, 1.0956, 18.6257, 12.7824, 36.8863, 18.2605, 22.6431, 20.2692, 32.5037, 0.7304, 0.7304, 35.2428, 0.1826, 0.5548, 9.6781, 2.3739, 5.2956, 7.0684, 9.4955, 0.1826, 10.9563, 31.1531, 28.1212, 0.913, 0.3652, 0, 0, 9.3129, 21.73, 20.817, 6.939, 9.8607, 16.2519, 4.3825, 0.7304, 0.5478, 0.3709, 6.7564, 34.1472, 31.4081],
      [0.158, 0.9584, 0.7779, 0.012, 0.0135, 0.0707, 0.2167, 0.0424, 0.0241, 2.1087, 0.0181, 0.3295, 0.2937, 0.0677, 0.009, 0.1535, 0.1053, 0.3039, 0.3827, 0.1866, 0.167, 0.2678, 0.4009, 0.006, 0.2904, 0.0015, 0.0045, 0.0797, 0.0196, 0.0436, 0.0256, 0.0782, 0.0015, 0.0903, 0.2528, 0.2317, 0.0075, 0.003, 0, 0, 0.0767, 0.179, 0.1715, 0.0572, 0.0812, 0.1339, 0.0361, 0.006, 0.0045, 0.003, 0.0557, 0.2814, 0.2588],
      [0.0533, 0.3232, 0.2623, 0.0226, 0, 0.0238, 0, 0, 0, 0.0041, 0.0061, 0.1111, 0, 0.0228, 0, 0.0518, 0.0355, 0, 0.0507, 0.0629, 0.0563, 0.0903, 0.2621, 0, 0.0979, 0.0005, 0.0015, 0.0269, 0.0066, 0.0147, 0.0086, 0.0264, 0.0005, 0.0304, 0, 0.0781, 0, 0.001, 0, 0, 0, 0.0604, 0.0578, 0.0193, 0.0274, 0.0452, 0.7218, 0.002, 0, 0, 0.0188, 0.0949, 0.0873]
    ],
    [
      [1.9322, 60.5437, 36.0686, 1.8541, 0, 12.2376, 53.4588, 0, 3.8645, 1.9322, 5.7967, 39.289, 27.0515, 4.5086, 0, 20.6106, 3.8645, 27.6955, 9.6612, 12.8816, 20.6106, 14.8139, 0.6441, 0, 33.4923, 1.2882, 0.6441, 19.3225, 2.5763, 23.831, 8.3731, 20.6106, 0, 15.458, 34.1364, 20.6106, 0.6441, 0.6441, 0, 0, 5.7967, 21.8988, 19.9666, 11.5935, 9.0172, 17.3902, 3.2204, 0, 0.7751, 0, 21.8988, 70.8491, 68.9168],
      [0.6114, 19.1557, 11.4119, 0.6114, 0.4076, 3.8719, 27.7924, 0.4076, 1.2227, 0.6114, 1.8341, 12.4309, 8.5589, 1.4265, 0, 6.5211, 1.2227, 8.7627, 3.0568, 4.0757, 6.5211, 4.687, 0.2038, 0.9789, 10.5968, 0.4076, 0.2038, 6.1135, 0.8151, 7.54, 2.6492, 6.5211, 0, 4.8908, 10.8006, 6.5211, 0.2038, 0.2038, 0, 0, 1.8341, 6.9287, 6.3173, 3.6681, 2.853, 5.5022, 1.0189, 0, 0.2038, 0, 6.9287, 22.4163, 21.8049],
      [0.0443, 1.3896, 0.8278, 0.0443, 1.3177, 0.2809, 1.2269, 0.0296, 0.8751, 0.0443, 0.133, 0.9017, 0.6209, 0.1035, 0, 0.473, 0.0887, 0.6356, 0.2217, 0.2956, 0.473, 0.34, 0.0148, 0.0148, 0.7687, 0.0296, 0.0148, 0.4435, 0.0591, 0.547, 0.1922, 0.473, 0, 0.3548, 0.7835, 0.473, 0.0148, 0.0148, 0, 0.0563, 0.133, 0.5026, 0.4583, 0.2661, 0.207, 0.3991, 0.0739, 0, 0.0148, 0, 0.5026, 1.6261, 1.5817],
      [0.0189, 0.591, 0.3521, 0.0189, 0.0126, 0.1195, 0.5218, 1.5629, 0.0377, 0.0189, 0.0566, 0.3835, 0.2641, 0.044, 0, 0.2012, 0.0377, 0.2703, 0.0943, 0.1257, 0.2012, 0.1446, 0.0063, 0.0063, 0.3269, 0.0126, 0.0063, 0.1886, 0.0251, 0.2326, 0.0817, 0.2012, 0, 0.1509, 0.3332, 0.2012, 0.0063, 0.0063, 0, 0.0063, 0.0566, 0.2138, 0.1949, 0.1132, 0.088, 0.1697, 0.0314, 0, 0.0063, 0, 0.2138, 0.6916, 0.6727],
      [0.3932, 12.32, 7.3396, 0.4713, 0.2621, 2.4902, 0, 0, 0, 0.3932, 1.1796, 7.9949, 5.5047, 0.9174, 0, 4.194, 0.7864, 5.6357, 1.966, 2.6213, 4.194, 3.0145, 0.1311, 0, 6.8153, 0.2621, 0.1311, 3.9319, 0.5243, 4.8494, 1.7038, 4.194, 0, 3.1455, 6.9464, 4.194, 0.1311, 0.1311, 0, 0.9374, 1.1796, 4.4562, 4.063, 2.3591, 1.8349, 3.5387, 0.6553, 0, 0, 0, 4.4562, 14.417, 14.0238]
    ],
    [
      [0.0272, 0.187, 0.1453, 0.0018, 0, 0.02, 0.089, 0, 0.0073, 0, 0.0145, 0.0799, 0.0563, 0.0182, 0, 0.0218, 0.02, 0.0635, 0, 0.0472, 0.0309, 0.0926, 0, 0, 0.0726, 0.0018, 0, 0.0182, 0.0036, 0.0272, 0.0091, 0.0291, 0, 0.0291, 0.0781, 0.0381, 0.0018, 0.0018, 0, 0, 0, 0.0436, 0.0436, 0.0145, 0.0145, 0.0399, 0.0091, 0, 0, 0, 0.0163, 0.1108, 0.098],
      [2.3938, 16.4374, 12.7669, 0.1596, 0.1596, 1.7555, 7.8198, 0, 0.6383, 0, 1.2767, 7.0218, 4.9472, 1.5959, 0, 1.915, 1.7555, 5.5855, 4.1493, 4.1493, 2.713, 8.1389, 0, 0, 6.3835, 0.1596, 0, 1.5959, 0.3192, 2.3938, 0.7979, 2.5534, 0, 2.5534, 6.8622, 3.3513, 0.1596, 0.1596, 0, 0, 2.2342, 3.8301, 3.8301, 1.2767, 1.2767, 3.5109, 0.7979, 0, 0, 0.1596, 1.4363, 9.7348, 8.6177],
      [0.2686, 1.8444, 1.4325, 0.0179, 0.0197, 0.197, 0.8774, 0, 0.9897, 0, 0.1433, 0.7879, 0.5551, 0.1791, 0, 0.2149, 0.197, 0.6267, 0.4656, 0.4656, 0.3044, 0.9132, 0, 0, 0.7163, 0.0179, 0, 0.1791, 0.0358, 0.2686, 0.0895, 0.2865, 0, 0.2865, 0.77, 0.376, 0.0179, 0.0179, 0, 0, 3.4741, 0.4298, 0.4298, 0.1433, 0.1433, 0.3939, 0.0895, 0, 0, 0.7492, 0.1612, 1.0923, 0.967],
      [1.3675, 9.3903, 7.2935, 0.0912, 0.0912, 1.0029, 4.4673, 0, 0.3647, 0, 0.7293, 4.0114, 2.8262, 0.9117, 0, 1.094, 1.0029, 3.1909, 2.3704, 2.3704, 1.5499, 4.6496, 0, 0, 3.6467, 0.0912, 0, 0.9117, 0.1823, 1.3675, 0.4558, 1.4587, 0, 1.4587, 3.9202, 1.9145, 0.0912, 0.0912, 0, 0, 1.2764, 2.188, 2.188, 0.7293, 0.7293, 2.0057, 0.4558, 0, 0, 0.0912, 0.8205, 5.5613, 4.9231],
      [10.9428, 75.1408, 58.3618, 0.7295, 0.7295, 8.0247, 35.7466, 0, 2, 0, 5.8362, 32.099, 22.6152, 7.2952, 0, 8.7543, 8.0247, 25.5333, 19.0148, 18.9676, 12.4019, 37.2056, 0, 0, 29.1809, 0.7295, 0, 7.2952, 1.459, 10.9428, 3.6476, 11.6724, 0, 11.6724, 31.3695, 15.32, 0.7295, 0.7295, 0, 0, 7.0154, 17.5085, 17.5085, 5.8362, 5.8362, 16.0495, 3.6476, 0, 0, 0, 6.5657, 44.5009, 39.3942]
    ]
  ],
  "V_est": [
    [845.8716, 314.7284, 140.6453, 144.0567, 90.698],
    [171.1444, 282.3208, 8861.0556, 1097.7007, 73.7784],
    [109.0443, 211.8428, 377.1425, 20153.0389, 93.9315],
    [15.0424, 3607.4074, 826.1341, 9.5491, 2.8671],
    [792.2741, 263.3273, 20.3872, 9.3209, 150.6904],
    [1.6232, 149.3733, 21.6353, 85.3336, 678.0346]
  ],
  "p_est": [
    [0.5507, 0.2049, 0.0916, 0.0938, 0.059],
    [0.0163, 0.0269, 0.845, 0.1047, 0.007],
    [0.0052, 0.0101, 0.018, 0.9622, 0.0045],
    [0.0034, 0.8087, 0.1852, 0.0021, 0.0006],
    [0.641, 0.213, 0.0165, 0.0075, 0.1219],
    [0.0017, 0.1596, 0.0231, 0.0912, 0.7244]
  ],
  "EI_Z": {},
  "EI_V": 13.5615,
  "MAE_Z": {},
  "MAE_V": 358.0223,
  "MAE_p": 0.1277,
  "runtime": 2.5332
}
