{
  "Z_true": {},
  "V_true": [
    [111, 444, 470, 118, 11359, 585],
    [479, 140, 62, 6030, 574, 524],
    [18, 28, 18, 108, 562, 427],
    [5, 3, 558, 17, 246, 20],
    [266, 348, 30, 512, 770, 613]
  ],
  "p_true": [
    [0.0085, 0.0339, 0.0359, 0.009, 0.868, 0.0447],
    [0.0613, 0.0179, 0.0079, 0.7722, 0.0735, 0.0671],
    [0.0155, 0.0241, 0.0155, 0.093, 0.4841, 0.3678],
    [0.0059, 0.0035, 0.6572, 0.02, 0.2898, 0.0236],
    [0.1048, 0.1371, 0.0118, 0.2017, 0.3033, 0.2414]
  ],
  "Z_est": [
    [
      [0.0045, 0.0077, 0, 0, 0, 4.8759, 0.3021, 0, 0, 0, 0, 0, 0.7263, 0, 0, 1.348, 0, 1.303, 0, 0.3956, 0, 0, 0, 0, 0, 1.3585, 0, 0, 0.0057, 0.1837, 0.2245, 0.0478, 1.2617, 0, 3.5104, 0, 0, 0.16],
      [0.1372, 0.0998, 0.4034, 0, 0.1848, 5.8403, 5.5443, 0, 0, 0, 0, 0, 0.7025, 0, 0, 6.9648, 0.3254, 4.6514, 0, 5.384, 1.1165, 0, 0, 0, 0.4692, 4.2922, 1.4447, 0.6724, 0.3557, 0, 2.5383, 0.165, 9.4308, 0, 7.121, 0, 14.4559, 0.3429],
      [0, 0, 0, 0.7847, 0, 4.0579, 15.8543, 10.9709, 0, 0, 0, 11.7297, 0.0023, 17.4308, 0, 9.0082, 6.7072, 6.0308, 4.8657, 6.05, 2.0121, 2.1078, 10.5133, 17.316, 4.8466, 0.0198, 18.7978, 10.5583, 0, 0.91, 12.5952, 0, 6.0165, 0, 5.1537, 3.0159, 48.9616, 0],
      [0.1473, 0.3352, 5.7893, 0, 2.6893, 12.052, 3.0659, 0, 0, 0, 0, 0, 1.1546, 0, 0, 3.6454, 1.2518, 4.5364, 0, 0, 0, 0, 0, 0, 2.3106, 0.8733, 0, 0, 0.1096, 1.2274, 0.9682, 0.2681, 4.1491, 0, 9.0523, 0, 0, 0.6327],
      [12.2688, 17.3415, 232.8345, 109.073, 69.0877, 707.6253, 564.759, 315.1978, 484.8515, 47.7092, 68.9676, 399.0908, 19.2123, 618.7758, 131.2667, 466.1628, 268.576, 353.9811, 172.8179, 564.0624, 220.322, 338.3243, 562.4539, 518.6117, 175.6042, 358.1884, 357.9947, 305.2804, 16.6919, 17.8165, 283.3363, 10.135, 461.2642, 81.518, 959.404, 222.9309, 1260.0786, 47.6732],
      [0.4421, 1.2159, 17.9728, 6.1423, 5.0382, 48.5485, 56.4744, 21.8313, 34.1485, 5.2908, 5.0324, 21.1795, 1.2019, 45.7934, 7.7333, 36.8708, 14.1397, 36.4972, 13.3165, 32.1079, 19.5495, 23.5679, 23.0328, 44.0723, 9.7694, 45.2677, 31.7627, 21.4889, 0.837, 4.8625, 34.3374, 1.3842, 31.8778, 10.482, 65.7586, 8.0531, 97.5039, 2.1913]
    ],
    [
      [3.6163, 3.8223, 6.0997, 0, 0, 64.3589, 26.977, 0.3287, 16.138, 3.7217, 5.5776, 4.6197, 0, 8.8593, 7.5847, 90.4108, 8.4705, 16.9124, 10.0181, 35.9702, 10.2016, 6.47, 6.4827, 8.1896, 4.3848, 12.3853, 9.4932, 8.9079, 0.8441, 0.6331, 11.62, 0.7077, 27.4005, 1.97, 47.0214, 4.5135, 47.1159, 3.9734],
      [1.0269, 0.6526, 2.4593, 0.6641, 0.6762, 25.8326, 10.9817, 3.6457, 13.6173, 1.2855, 1.1579, 7.8619, 1.7237, 12.929, 3.6862, 29.623, 2.3169, 5.892, 5.1271, 12.0023, 6.194, 11.2909, 7.0279, 7.7401, 1.2685, 4.3301, 5.696, 5.8889, 1.244, 0, 3.9139, 0.2999, 21.6043, 1.295, 15.1875, 4.1559, 24.2822, 1.6715],
      [0, 0, 0, 3.2258, 0, 0, 1.1004, 3.9951, 5.0527, 0, 0, 3.2642, 0, 4.7122, 0.0254, 0, 0.3013, 0, 2.0617, 0, 0, 7.8556, 11.6558, 12.478, 0.1145, 0, 0.8478, 0.3812, 0, 0.0874, 1.2667, 0, 0, 0, 0, 0.0633, 3.5854, 0],
      [31.1207, 45.4782, 137.4124, 38.9099, 15.3336, 1073.2263, 397.2744, 40.4914, 213.372, 35.5657, 28.6199, 113.5016, 26.9193, 118.1411, 49.6139, 685.7207, 106.9732, 182.83, 63.3156, 345.08, 77.6328, 106.0528, 88.7235, 76.6117, 55.0895, 153.4881, 102.4575, 83.6993, 19.6045, 14.4497, 168.3917, 8.5018, 395.6472, 51.7059, 599.1959, 74.5263, 503.0694, 67.0681],
      [0.966, 0.4447, 7.4923, 3.217, 0.6791, 43.1005, 20.4338, 3.1377, 21.5991, 2.6498, 8.1981, 8.1512, 0, 9.214, 8.4436, 28.1886, 6.8288, 8.629, 5.1235, 24.9734, 5.8585, 10.4241, 8.0582, 7.1983, 3.0514, 8.5446, 5.9775, 5.6477, 0.9408, 0, 7.7264, 0.1259, 19.0488, 6.0432, 37.4802, 5.6055, 28.9264, 4.3446],
      [0.2701, 0.6022, 3.5363, 0.9832, 0.3111, 21.4816, 14.2327, 1.4013, 7.2208, 1.7773, 1.4465, 2.6013, 0.357, 4.1444, 1.6461, 21.0568, 2.1093, 6.7366, 2.354, 7.9741, 3.1131, 3.9066, 2.0519, 3.7823, 1.0913, 7.2519, 3.5281, 2.475, 0.3667, 0.8297, 7.0812, 0.3647, 10.2992, 2.9859, 15.115, 1.1355, 15.0206, 0.9423]
    ],
    [
      [0.0602, 0, 0.1448, 0, 0, 1.3241, 0.5539, 0.0429, 0.8088, 0.0407, 0.2416, 0.2897, 0.0058, 0.433, 0.5946, 2.4217, 1.0599, 0.7039, 0.4324, 1.6981, 0.7071, 0.2972, 0.4407, 0.7246, 0.3044, 0.9061, 0.674, 0.455, 0.0171, 0.0352, 0.5532, 0.0158, 1.5417, 0.094, 2.4391, 0.2864, 1.2085, 0.0775],
      [0.5801, 0, 1.383, 0.392, 0.7596, 14.8578, 6.2003, 4.1047, 11.807, 0.3727, 1.4885, 7.1538, 0.4618, 6.9783, 5.2475, 21.046, 6.9407, 6.5452, 3.431, 15.9951, 7.0631, 7.5202, 5.467, 7.0277, 1.9819, 8.3989, 6.6395, 4.4995, 0.8018, 0, 5.0843, 0.2354, 31.811, 2.2849, 21.8341, 4.5813, 15.0347, 0.8419],
      [0, 0, 0, 0.0017, 0, 0, 0.0065, 0.0245, 0, 0, 0, 0.0246, 0, 0.015, 0, 0, 0.0372, 0, 0.0125, 0, 0, 0.0103, 0.0158, 0.0683, 0.0044, 0, 0.0589, 0.0126, 0, 0.0031, 0.0411, 0, 0, 0, 0, 0, 0.0342, 0],
      [0.0565, 0, 0.293, 0.1089, 0.0525, 2.3139, 0.8818, 0.439, 1.0567, 0.0403, 0.1072, 0.6891, 0.0258, 0.5908, 0.3483, 2.0509, 1.3833, 0.8377, 0.2802, 1.7272, 0.5457, 0.4607, 0.538, 0.658, 0.3916, 1.2109, 0.7672, 0.447, 0.0431, 0.0885, 0.8645, 0.0213, 2.4968, 0.3009, 3.3299, 0.4671, 1.3885, 0.1143],
      [0.9624, 0, 4.7701, 2.1973, 0.7244, 37.1393, 15.0774, 9.2211, 24.792, 0.7919, 4.4832, 13.8733, 0.3216, 12.6116, 11.1338, 35.2011, 25.1744, 13.8287, 6.4995, 33.9869, 12.4758, 11.5648, 12.5327, 16.7053, 6.653, 21.2581, 14.4713, 8.9454, 0.7639, 0.8265, 14.3365, 0.311, 41.3883, 7.4146, 58.5877, 9.3592, 25.804, 2.055],
      [0.3408, 0, 3.4091, 1.3, 0.4635, 23.3649, 13.2801, 6.1678, 15.5355, 0.7545, 2.6795, 6.9696, 0.185, 8.3713, 5.6758, 24.2802, 13.4044, 12.0845, 4.3444, 17.5927, 9.2083, 7.1468, 5.0058, 12.8161, 3.6648, 22.226, 11.3891, 5.6405, 0.3742, 2.0468, 15.1205, 0.4164, 24.7623, 7.9056, 36.8092, 3.3061, 17.5302, 0.9113]
    ],
    [
      [0, 0, 1.9462, 0, 0, 0.0002, 0.0003, 0, 0, 0.3904, 0, 0, 0.0001, 0, 0, 0.0001, 0, 0.0017, 0, 0, 0, 0, 0, 0, 0, 0.0001, 0, 0, 0, 0, 0.0002, 0, 0.0001, 0, 0.0001, 0, 0, 0.977],
      [0, 0, 0.9634, 0, 1.8895, 0, 0.0002, 0, 0, 0.5958, 0.5121, 0, 0.0001, 0, 0, 0.0001, 0, 0.0014, 0, 0, 0, 0, 0, 0, 0, 0.0002, 0, 0, 0, 0, 0.0003, 0, 0.0003, 0.7003, 0, 0, 0, 0],
      [0, 0, 19, 8.9693, 12, 22.9421, 19.9734, 43.9099, 16.9473, 1, 4, 34.9234, 0.9977, 101.7373, 5.9746, 4.9918, 32.9188, 16.9692, 7.9868, 20.95, 4.9879, 7.9835, 80.6973, 63.8906, 8.9848, 4.9802, 26.9908, 26.9612, 0, 0.9981, 10.9921, 0, 7.9835, 1, 56.8463, 21.9208, 130.9267, 5],
      [0, 0, 0.0397, 0, 0.0846, 0.0094, 0.0021, 0, 0, 0, 0, 0, 0.0021, 0, 0, 0.0003, 0.0111, 0.0069, 0, 0, 0, 0, 0, 0, 0.0044, 0, 0, 0, 0, 0.0019, 0.0006, 0, 0.0008, 0, 0.0225, 0, 0, 0.0078],
      [0, 0, 0.0507, 0.0307, 0.0195, 0.0483, 0.0237, 0.0901, 0.0518, 0.0133, 1.4847, 0.0766, 0, 0.2621, 0.0247, 0.0077, 0.07, 0.0183, 0.0123, 0.05, 0.0114, 0.0161, 0.3027, 0.1094, 0.0108, 0.019, 0.0092, 0.0388, 0, 0, 0.0064, 0, 0.015, 0.2993, 0.1311, 0.0792, 0.0704, 0.0151],
      [0, 0, 0, 0, 0.0064, 0, 0.0003, 0, 0.0009, 0.0006, 0.0032, 0, 0, 0.0006, 0.0007, 0.0001, 0, 0.0024, 0.001, 0, 0.0007, 0.0004, 0, 0, 0, 0.0005, 0, 0, 0, 0, 0.0005, 0, 0.0002, 0.0004, 0, 0, 0.0029, 0]
    ],
    [
      [2.3189, 2.17, 4.8094, 1.0025e-15, 0, 27.4408, 11.1667, 0.6284, 7.0532, 1.8473, 3.1809, 3.0905, 0.2678, 7.7078, 5.8207, 34.8194, 6.4696, 15.0789, 6.5494, 21.9361, 9.0913, 4.2328, 8.0766, 9.0858, 6.3108, 9.3499, 9.8328, 7.6371, 0.133, 0.148, 5.602, 0.2288, 14.796, 0.936, 29.029, 3.2001, 29.6756, 2.812],
      [2.2558, 1.2477, 4.7908, 0.9439, 3.4899, 32.4693, 13.2735, 6.2496, 10.5756, 1.7461, 1.8414, 7.9843, 2.1119, 13.0927, 5.0663, 32.3661, 4.4171, 14.91, 5.442, 21.6186, 9.6264, 11.1889, 10.5051, 9.2322, 4.2804, 8.9787, 10.2198, 7.9392, 0.5986, 0, 5.4632, 0.2997, 32.1536, 1.7198, 26.8575, 5.2629, 39.2272, 3.1438],
      [0, 0, 0, 0.0185, 0, 0, 0.0655, 0.0995, 0, 0, 0, 0.0581, 0, 0.1048, 0, 0, 0.0355, 0, 0.0733, 0, 0, 0.0428, 0.1178, 0.2472, 0.0497, 0, 0.3047, 0.0866, 0, 0.0014, 0.1049, 0, 0, 0, 0, 0, 0.4921, 0],
      [1.6755, 2.1867, 7.4656, 1.9811, 1.84, 36.3983, 13.7757, 5.0696, 7.5713, 1.3939, 1.2729, 5.8093, 0.8982, 8.2681, 3.0378, 22.5827, 6.3806, 13.7889, 3.4042, 17.1928, 5.8215, 5.4865, 7.7385, 6.7303, 6.2039, 9.4276, 8.7753, 5.8537, 0.2428, 0.2325, 6.7751, 0.2087, 17.7061, 1.9932, 29.3994, 4.0066, 26.542, 3.1771],
      [3.8028, 4.2138, 16.8525, 5.482, 3.4893, 82.0865, 32.7061, 14.3534, 22.7055, 3.8358, 5.8664, 15.8081, 1.4661, 24.1365, 11.1311, 54.4398, 16.3507, 31.5429, 10.5469, 46.9273, 17.3323, 17.6707, 24.6525, 22.3752, 14.6806, 22.9899, 22.5473, 16.0877, 0.6035, 0.3571, 15.5944, 0.428, 42.2838, 5.725, 73.397, 11.0252, 68.1206, 7.912],
      [1.947, 4.1819, 17.0817, 4.5745, 3.1808, 73.605, 41.0125, 13.5996, 20.0943, 5.1769, 4.8384, 11.2496, 1.256, 22.6902, 7.9441, 53.792, 12.3466, 39.6793, 9.9842, 34.3252, 18.1284, 15.3783, 13.9096, 24.3293, 11.4746, 34.2539, 25.3201, 14.3956, 0.4221, 1.2609, 23.4603, 0.8348, 36.0605, 8.626, 65.3172, 5.5053, 65.9425, 4.9551]
    ]
  ],
  "V_est": [
    [15.7156, 72.6423, 236.3173, 54.2584, 11821.29, 886.7765],
    [525.8009, 266.2526, 62.0745, 6394.8157, 376.4724, 183.5839],
    [21.6337, 246.852, 0.3708, 27.4172, 518.2429, 346.4834],
    [3.3165, 4.6636, 837.3352, 0.1944, 3.4684, 0.0219],
    [312.5334, 372.5895, 1.9022, 308.3143, 791.5263, 752.1343]
  ],
  "p_est": [
    [0.0012, 0.0056, 0.0181, 0.0041, 0.9033, 0.0678],
    [0.0673, 0.0341, 0.0079, 0.8189, 0.0482, 0.0235],
    [0.0186, 0.2126, 0.0003, 0.0236, 0.4464, 0.2984],
    [0.0039, 0.0055, 0.9863, 0.0002, 0.0041, 0],
    [0.1231, 0.1467, 0.0007, 0.1214, 0.3117, 0.2962]
  ],
  "EI_Z": {},
  "EI_V": 8.0066,
  "MAE_Z": {},
  "MAE_V": 135.8185,
  "MAE_p": 0.0494,
  "runtime": 0.002
}
