{
  "Z_true": {},
  "V_true": [
    [371, 146, 602, 89, 58],
    [670, 1355, 8508, 623, 527],
    [157, 2933, 266, 15119, 821],
    [31, 324, 215, 546, 636],
    [58, 1051, 336, 836, 650]
  ],
  "p_true": [
    [0.293, 0.1153, 0.4755, 0.0703, 0.0458],
    [0.0573, 0.116, 0.7282, 0.0533, 0.0451],
    [0.0081, 0.152, 0.0138, 0.7835, 0.0425],
    [0.0177, 0.1849, 0.1227, 0.3116, 0.363],
    [0.0198, 0.3586, 0.1146, 0.2852, 0.2218]
  ],
  "Z_est": [
    [
      [2, 1.9984, 4, 3, 4, 3, 3, 0.295, 5, 1.9998, 2, 2, 4, 3, 3, 3, 3, 2, 1.0182, 3, 0.0607, 3, 0.707, 4, 2, 2, 3, 0.2222, 0.79, 4, 4, 4, 3, 1.9999, 4, 3.0009, 10, 5],
      [3, 1.0006, 7, 4, 9, 7, 7, 1.081, 7, 2.0001, 2, 3, 7, 4, 8, 9, 7, 2.4144e-07, 1.841, 9, 0.1431, 5, 0.1081, 10, 3, 3.4104e-07, 1, 0.1825, 1.603, 12, 15, 12, 2, 0.0001, 11, 3.0001, 17, 1],
      [4, 2.0006, 10, 8, 16, 8, 7, 0.7349, 20, 4.0001, 5, 9, 19, 9, 20, 8, 6, 1, 1.0976, 13, 0.3067, 8, 0.5241, 13, 3, 1, 3, 0.153, 1.1949, 13, 26, 17, 4, 1, 16, 3.0021, 33, 9],
      [10, 2.9987, 23, 19, 27, 22, 14, 2.303, 21, 2.9999, 4, 7, 22, 11, 21, 19, 13, 4, 3.0422, 29, 0.4746, 23, 0.3386, 31, 9, 2, 4, 0.4424, 2.1908, 28, 37, 30, 8, 1.9999, 34, 5.996, 52, 18],
      [1, 0.0016, 3, 1, 5, 2, 2, 0.5861, 5, 0.0001, 1, 1, 5, 2, 4, 2, 1, 1.5491e-07, 0.001, 3, 0.0148, 2, 0.3223, 3, 1, 2.8854e-07, 1.2828e-09, 0, 0.2212, 2, 6, 3, 1, 0.0001, 4, 1.0008, 12, 2]
    ],
    [
      [5, 2.001, 10, 7, 25, 10, 13, 0.3691, 22, 1.0001, 9, 11, 22, 14, 24, 7, 7, 2, 1.8346, 13, 0.2371, 13, 1.4469, 13, 5, 1, 9, 1.3341, 0.828, 19, 18, 21, 7, 2.0002, 22, 2.0001, 51, 9],
      [35, 15.9968, 63, 53, 94, 49, 64, 2.9543, 73, 19.9998, 38, 39, 79, 80, 120, 42, 26, 13, 8.639, 67, 2.5991, 41, 2.9444, 75, 69, 18, 31, 1.2041, 5.2333, 117, 97, 97, 43, 11.9999, 122, 8.9966, 124, 9],
      [44, 21.9982, 79, 94, 157, 59, 67, 3.1064, 191, 44.9996, 107, 163, 195, 161, 295, 45, 25, 18.0001, 15.1314, 107, 4.5221, 69, 5.2475, 87, 67, 24, 75, 1.8617, 13.3159, 134, 179, 137, 71, 35.0004, 184, 14.999, 233, 38],
      [109, 37.0036, 186, 222, 263, 147, 129, 10.235, 195, 37.0005, 84, 127, 220, 211, 307, 101, 48, 53.9999, 29.9739, 226, 11.0989, 182, 4.9894, 213, 173, 69, 84, 5.6001, 15.6214, 279, 251, 242, 134, 55, 385, 23.001, 357, 74],
      [10, 6.0003, 28, 20, 51, 16, 20, 1.3352, 48, 8.0001, 21, 31, 52, 47, 63, 14, 5, 4.9999, 2.4211, 28, 0.5428, 19, 3.3718, 22, 21, 6, 18, 0, 3.0014, 29, 40, 29, 21, 13.9995, 49, 6.0034, 87, 11]
    ],
    [
      [12, 1.9979, 22, 18, 38, 24, 22, 1.2532, 25, 1.0001, 6, 9, 26, 17, 25, 16, 10, 5, 4.1427, 26, 0.6155, 27, 0.6507, 27, 10, 4, 9, 2.1017, 1.3668, 36, 29, 37, 11, 2.9998, 45, 5.9949, 72, 15],
      [72, 22.9986, 129, 123, 148, 117, 116, 8.6197, 76, 16.0001, 27, 30, 89, 92, 122, 87, 52, 32.9999, 17.4145, 126, 5.6202, 96, 1.537, 152, 153, 40, 28, 1.9669, 7.1289, 223, 148, 167, 66, 12.9998, 244, 17.005, 173, 13],
      [100, 33.0046, 173, 229, 253, 140, 123, 8.0276, 210, 41.0003, 81, 128, 230, 190, 307, 97, 50, 45, 31.6943, 210, 8.3055, 165, 3.8429, 187, 154, 65, 76, 3.2837, 16.4714, 260, 277, 237, 114, 53.9998, 371, 30.9909, 330, 63],
      [242, 53.9949, 399, 536, 420, 360, 234, 24.9747, 213, 32.9998, 62, 100, 258, 247, 319, 219, 93, 135, 68.0161, 440, 23.3243, 429, 3.57, 448, 392, 183, 83, 10.6477, 21.8477, 539, 389, 422, 210, 78.0001, 780, 50.0077, 504, 121],
      [23, 9.0039, 61, 50, 81, 40, 37, 4.1248, 53, 6.9997, 16, 25, 60, 55, 65, 31, 10, 12.0001, 5.7324, 55, 1.1344, 46, 2.3994, 47, 49, 16, 17, 0, 4.1853, 56, 62, 50, 33, 20.0004, 100, 14.0015, 122, 18]
    ],
    [
      [1, 0.0012, 2, 1, 4, 2, 1, 0.0275, 3, 6.877e-06, 1.7513e-12, 1, 3, 1, 3, 1, 7.5145e-07, 7.711e-08, 0.0041, 2, 0, 1, 0.1867, 2, 6.0517e-19, 2.5673e-07, 1.9789e-09, 0.0885, 0.0061, 2, 3, 3, 1.0824e-17, 0.0001, 4, 0.0001, 4, 3.8288e-10],
      [6, 1.0015, 11, 9, 18, 10, 7, 0.6076, 10, 1, 3, 3, 12, 9, 17, 6, 4, 1, 0.0062, 9, 0, 6, 0.2319, 13, 12, 1, 2, 0.1754, 0.0337, 14, 16, 14, 4, 2.0002, 23, 0.0002, 11, 1.375e-08],
      [9, 2.9976, 15, 17, 31, 12, 8, 0.4702, 29, 3.9998, 8, 14, 31, 19, 43, 7, 5, 2.9999, 1.0616, 16, 0, 12, 0.1994, 16, 13, 2, 7, 0.1944, 1.2056, 16, 30, 19, 9, 9.9998, 34, 0.0033, 22, 4],
      [25, 6.9983, 38, 44, 55, 31, 17, 1.8359, 32, 5, 9, 13, 37, 27, 47, 18, 9, 6, 4.9135, 35, 0, 27, 0.2682, 43, 33, 9, 9, 0.5418, 2.7615, 35, 45, 36, 17, 17.0001, 74, 3.9959, 34, 9],
      [2, 0.0013, 5, 4, 10, 4, 2, 0.0588, 7, 0.0002, 1, 3, 9, 5, 9, 3, 1, 0.0001, 0.0146, 4, 0, 2, 0.1138, 4, 3, 1, 3, 0, 0.9931, 4, 6, 5, 2, 4.9999, 10, 0.0006, 7, 1]
    ],
    [
      [1, 0.0014, 3, 2, 7, 3, 3, 0.0551, 3, 0, 1, 2, 4, 3, 4, 3, 1, 1.482e-07, 0.0004, 3, 0.0866, 2, 1.0087, 3, 1, 4.4796e-07, 2, 0.2535, 0.009, 4, 4, 5, 2, 0, 6, 0.0041, 11, 2],
      [6, 3.0024, 22, 13, 28, 14, 17, 0.7374, 12, 2.0001, 8, 8, 15, 17, 20, 16, 8, 3.0001, 0.0993, 16, 0.6376, 9, 2.1787, 21, 25, 5, 6, 0.4712, 1.0012, 29, 21, 23, 11, 1, 32, 1.9981, 28, 2],
      [9, 4.999, 28, 23, 47, 16, 19, 0.661, 33, 7.0001, 24, 36, 38, 34, 50, 17, 8, 5, 1.0151, 28, 0.8656, 16, 4.186, 26, 26, 8, 16, 0.5073, 1.8122, 34, 40, 32, 19, 3, 49, 3.0047, 53, 11],
      [22, 9.0044, 67, 56, 79, 43, 37, 2.6515, 34, 5.9998, 19, 28, 43, 45, 52, 40, 16, 17, 2.0543, 58, 2.1022, 45, 4.8338, 64, 66, 23, 18, 1.7681, 3.5786, 71, 56, 58, 37, 5.9999, 103, 5.9994, 82, 22],
      [4, 4.9928, 13, 7, 17, 6, 7, 0.895, 10, 2.9999, 7, 9, 11, 12, 12, 8, 4, 2.9999, 1.8308, 10, 0.308, 7, 4.7927, 9, 11, 3, 5, 0, 1.599, 9, 11, 8, 7, 3.0002, 15, 4.9938, 23, 6]
    ]
  ],
  "V_est": [
    [109.0923, 192.9597, 323.014, 564.7861, 76.148],
    [402.0513, 1858.5671, 3265.1822, 5301.5238, 855.6756],
    [645.1233, 3053.2906, 5095.6211, 9144.383, 1357.5819],
    [44.3142, 256.0566, 471.1318, 857.3151, 123.1823],
    [86.4189, 448.126, 772.0509, 1344.992, 279.4122]
  ],
  "p_est": [
    [0.0862, 0.1524, 0.2551, 0.4461, 0.0601],
    [0.0344, 0.1591, 0.2795, 0.4538, 0.0732],
    [0.0334, 0.1582, 0.2641, 0.4739, 0.0704],
    [0.0253, 0.1462, 0.2689, 0.4893, 0.0703],
    [0.0295, 0.1529, 0.2634, 0.4589, 0.0953]
  ],
  "EI_Z": {},
  "EI_V": 36.7756,
  "MAE_Z": {},
  "MAE_V": 1086.44,
  "MAE_p": 0.1498,
  "runtime": 0.3061
}
