{
  "X": [
    [7, 24, 51, 7],
    [38, 108, 157, 15],
    [1, 41, 11, 1],
    [0, 7, 15, 1],
    [2, 4, 10, 1],
    [4, 8, 18, 1],
    [128, 305, 438, 35],
    [59, 219, 260, 34],
    [114, 562, 448, 32],
    [41, 169, 460, 50],
    [83, 546, 324, 30],
    [76, 526, 331, 42],
    [54, 313, 165, 19],
    [17, 72, 72, 7],
    [1, 6, 5, 0],
    [11, 32, 53, 2],
    [5, 15, 2, 0],
    [5, 8, 13, 0],
    [8, 22, 13, 1],
    [30, 287, 238, 11],
    [7, 20, 21, 1],
    [1, 18, 11, 1],
    [74, 312, 595, 34],
    [38, 146, 177, 21],
    [4, 15, 16, 3],
    [44, 169, 157, 10],
    [27, 79, 197, 21],
    [17, 41, 86, 10],
    [15, 60, 141, 16],
    [49, 201, 509, 66],
    [115, 153, 635, 28],
    [42, 53, 156, 12],
    [92, 594, 424, 27],
    [21, 57, 115, 11],
    [85, 194, 315, 21],
    [71, 196, 259, 16],
    [99, 614, 488, 48],
    [15, 42, 50, 0],
    [18, 61, 46, 6],
    [12, 45, 41, 5],
    [8, 25, 16, 3],
    [26, 72, 78, 20],
    [84, 337, 421, 45],
    [114, 378, 440, 35],
    [171, 744, 788, 40],
    [67, 138, 274, 36],
    [26, 99, 161, 17],
    [4, 2, 10, 2],
    [66, 140, 248, 30],
    [2, 12, 5, 1],
    [21, 96, 190, 21],
    [45, 81, 124, 21],
    [36, 108, 205, 18],
    [71, 320, 748, 79],
    [67, 164, 432, 34],
    [70, 324, 343, 33],
    [15, 89, 61, 3],
    [201, 1165, 1523, 155],
    [3, 37, 29, 2],
    [101, 458, 443, 30],
    [64, 290, 310, 29],
    [410, 1101, 1201, 115],
    [50, 116, 164, 3]
  ],
  "W": [
    [8, 37, 29, 6, 9],
    [53, 117, 118, 10, 20],
    [7, 4, 42, 1, 0],
    [3, 10, 7, 2, 1],
    [1, 9, 5, 2, 0],
    [5, 14, 10, 1, 1],
    [259, 224, 348, 41, 34],
    [124, 141, 232, 38, 37],
    [264, 228, 598, 20, 46],
    [65, 377, 188, 52, 38],
    [215, 155, 561, 16, 36],
    [159, 166, 544, 51, 55],
    [81, 104, 311, 23, 32],
    [35, 27, 82, 13, 11],
    [5, 3, 4, 0, 0],
    [16, 37, 38, 5, 2],
    [3, 1, 16, 0, 2],
    [13, 3, 10, 0, 0],
    [9, 10, 23, 0, 2],
    [83, 115, 336, 15, 17],
    [11, 10, 24, 2, 2],
    [3, 7, 19, 1, 1],
    [194, 300, 415, 61, 45],
    [63, 102, 180, 16, 21],
    [8, 6, 17, 1, 6],
    [108, 60, 182, 8, 22],
    [41, 151, 89, 28, 15],
    [22, 69, 46, 9, 8],
    [17, 113, 65, 14, 23],
    [68, 391, 253, 67, 46],
    [323, 286, 234, 48, 40],
    [86, 77, 77, 11, 12],
    [215, 157, 692, 39, 34],
    [46, 71, 62, 16, 9],
    [170, 170, 213, 27, 35],
    [111, 150, 213, 28, 40],
    [216, 190, 732, 49, 62],
    [22, 32, 48, 3, 2],
    [28, 23, 72, 3, 5],
    [21, 24, 50, 7, 1],
    [10, 10, 29, 1, 2],
    [34, 56, 81, 13, 12],
    [179, 223, 365, 53, 67],
    [227, 235, 425, 45, 35],
    [382, 315, 913, 69, 64],
    [133, 165, 159, 29, 29],
    [48, 103, 113, 21, 18],
    [3, 7, 5, 2, 1],
    [92, 186, 158, 21, 27],
    [3, 1, 14, 1, 1],
    [45, 122, 119, 28, 14],
    [62, 82, 89, 12, 26],
    [47, 155, 115, 25, 25],
    [124, 519, 402, 105, 68],
    [116, 296, 202, 39, 44],
    [141, 165, 385, 42, 37],
    [33, 22, 104, 1, 8],
    [431, 1013, 1289, 189, 122],
    [15, 13, 36, 4, 3],
    [237, 234, 487, 31, 43],
    [132, 184, 318, 33, 26],
    [649, 712, 1234, 93, 139],
    [121, 64, 133, 7, 8]
  ],
  "method": "mult",
  "cond_prob": [
    [
      [0.38748167014, 0.061482514835, 0.55019561022, 0.00084020480606],
      [0.019806085764, 0, 0.90720876558, 0.072985148651],
      [0.035529415879, 0.7886951007, 0.17251781738, 0.0032576660438],
      [0.0025706736837, 0.026634448206, 0.71294708231, 0.2578477958],
      [0.23572715144, 0.052908363544, 0.41677906597, 0.29458541904]
    ],
    [
      [0.44428512336, 0.07503960791, 0.48067526873, 0],
      [0.052905476726, 0.013517923084, 0.86977954366, 0.063797056527],
      [0.020549464088, 0.8535318165, 0.12591871942, 0],
      [0.0037116331999, 0.03753098138, 0.71662724522, 0.2421301402],
      [0.29004972953, 0.06746198098, 0.38676614027, 0.25572214922]
    ],
    [
      [0.13640466737, 0.19861387508, 0.66498145755, 0],
      [0.011232999861, 0.053047951978, 0.8226897943, 0.11302925386],
      [0, 0.93732055114, 0.062679448856, 0],
      [0.00023532896314, 0.030047918504, 0.42183376796, 0.54788298457],
      [0.053049229774, 0.052489253437, 0.22991106588, 0.6645504509]
    ],
    [
      [0, 0.12102484313, 0.87897515687, 0],
      [0, 0.032494939456, 0.93380666829, 0.033698392252],
      [0, 0.87662005508, 0.12337994492, 0],
      [8.3266726847e-17, 0.040004330979, 0.77638803577, 0.18360763325],
      [0, 0.095627028519, 0.60857216051, 0.29580081097]
    ],
    [
      [0.7604528041, 0.023504896001, 0.2160422999, 0],
      [0.090939109208, 0, 0.85805412804, 0.051006762748],
      [0.07989778067, 0.78563408872, 0.13446813061, 0],
      [0.010803154839, 0.024162330194, 0.69456494733, 0.27046956763],
      [0.52411062469, 0.035987885055, 0.24145259465, 0.1984488956]
    ],
    [
      [0.50059052756, 0.041515947857, 0.45789352458, 0],
      [0.037910204411, 0, 0.91974197638, 0.042347819205],
      [0.062023972645, 0.77116245397, 0.16681357338, 0],
      [0.0045272279309, 0.028889870148, 0.76818290428, 0.19839999764],
      [0.34153754604, 0.051905850817, 0.39782606965, 0.2087305335]
    ],
    [
      [0.39889633915, 0.062681182407, 0.53803898135, 0.00038349708911],
      [0.040109949368, 0, 0.8922636218, 0.067626428833],
      [0.020175437071, 0.82004160236, 0.15839153079, 0.0013914297753],
      [0.0032356460207, 0.031755802887, 0.72114570043, 0.24386285066],
      [0.25139723277, 0.061444359277, 0.41451841513, 0.27263999283]
    ],
    [
      [0.3632077133, 0.091548913514, 0.5450719904, 0.00017138278167],
      [0.03121923378, 0.016201722712, 0.8719599725, 0.080619071008],
      [0.0066452576182, 0.86754525683, 0.12480644477, 0.0010030407768],
      [0.0014577581431, 0.038429085291, 0.68043957516, 0.27967358141],
      [0.21522262191, 0.071153702572, 0.39602481149, 0.31759886403]
    ],
    [
      [0.35647611263, 0.097725606769, 0.5457982806, 0],
      [0.034934311758, 0.016785238986, 0.88513165453, 0.063148794726],
      [0.0026002964582, 0.88305494237, 0.11434476117, 0],
      [0.0021015843285, 0.039126231943, 0.71682371274, 0.24194847099],
      [0.22452770033, 0.076609242354, 0.42140424464, 0.27745881267]
    ],
    [
      [0.32934207855, 0.078577309792, 0.59170553008, 0.00037508157997],
      [0.026806118915, 0.0058643072475, 0.89854964075, 0.06877993309],
      [0.0094509526444, 0.83698772857, 0.15218849356, 0.0013728252306],
      [0.0016638903137, 0.033675400628, 0.71996225241, 0.24469845665],
      [0.20061991237, 0.067810979692, 0.44043294918, 0.29113615876]
    ],
    [
      [0.33256265061, 0.12478425087, 0.54265309853, 0],
      [0.02836687681, 0.026099195562, 0.86286281734, 0.082671110285],
      [0, 0.91201052623, 0.08798947377, 0],
      [0.0016795580764, 0.040592067671, 0.65581820411, 0.30191017014],
      [0.19653586903, 0.078850901501, 0.38140725215, 0.34320597732]
    ],
    [
      [0.36577832327, 0.10640195023, 0.5278197265, 0],
      [0.03438583064, 0.033204711874, 0.86748588823, 0.06492356926],
      [0, 0.91311557579, 0.086884424206, 0],
      [0.001375503603, 0.045308342703, 0.67612865287, 0.27718750083],
      [0.21932814599, 0.082263800598, 0.38775123594, 0.31065681747]
    ],
    [
      [0.46056583756, 0.10899423076, 0.43043993168, 0],
      [0.067271380857, 0.040457263838, 0.84782634623, 0.044445009073],
      [0, 0.95124108733, 0.048758912668, 0],
      [0.0029538812285, 0.053988689234, 0.68189089625, 0.26116653329],
      [0.30093763375, 0.090193558023, 0.34727853351, 0.26159027471]
    ],
    [
      [0.35957561357, 0.072328631326, 0.5680957551, 0],
      [0.035268030317, 0.0040183911482, 0.90668610897, 0.054027469562],
      [0.010655476427, 0.83158625907, 0.15775826451, 0],
      [0.0021847146937, 0.033540368485, 0.75042399984, 0.21385091699],
      [0.23276966804, 0.066718482622, 0.44949399471, 0.25101785464]
    ],
    [
      [0.2, 0.33944847221, 0.46055152779, 0],
      [0, 0.10091921299, 0.89908078701, 0],
      [0, 1, 0, 0],
      [0.0016600997359, 0.074864608317, 0.92347529195, 0],
      [0.21265569754, 0.1746791248, 0.61266517766, 0]
    ],
    [
      [0.45153142609, 0.056142791017, 0.4923257829, 0],
      [0.055960591112, 0, 0.92007178756, 0.023967621329],
      [0.026541786344, 0.8104683957, 0.15856932666, 0.0044204912971],
      [0.0048392012456, 0.034662525019, 0.82866320062, 0.13183507311],
      [0.33608571207, 0.065301841009, 0.45559045894, 0.14302198798]
    ],
    [
      [0.81730623657, 0.052091129952, 0.13060263348, 0],
      [0.21351321601, 0.010178655748, 0.77630812824, 0],
      [0.050427228116, 0.91770557977, 0.03186719211, 0],
      [0.020593229655, 0.11344873823, 0.86595803212, 0],
      [0.76386621221, 0.075129339003, 0.16100444878, 0]
    ],
    [
      [0.3626211125, 0.017154135881, 0.62022475162, 0],
      [0.027292080574, 0, 0.97270791943, 0],
      [0.020404929577, 0.77769962335, 0.20189544707, 0],
      [0.0026586528817, 0.031930171875, 0.96541117524, 0],
      [0.30136369275, 0.070735969886, 0.62790033736, 0]
    ],
    [
      [0.6011865791, 0.079776107512, 0.31903731339, 0],
      [0.10634533491, 0.020201476554, 0.82419906023, 0.049254128297],
      [0.031469010789, 0.91058665546, 0.057944333747, 0],
      [0.0053955271627, 0.045564865577, 0.65775329189, 0.29128631537],
      [0.40104009539, 0.068253595588, 0.27697695051, 0.25372935852]
    ],
    [
      [0.2746960693, 0.078477763251, 0.64677644601, 4.9721439669e-05],
      [0.021775693748, 0.0048042387581, 0.93098071577, 0.042439351721],
      [0.0045712426075, 0.82786655152, 0.16743626172, 0.00012594414891],
      [0.0015211743761, 0.033962866803, 0.80001175623, 0.1645042026],
      [0.18454507854, 0.074191404738, 0.5291771991, 0.21208631763]
    ],
    [
      [0.46126848502, 0.047774733653, 0.49095678133, 0],
      [0.055231260435, 0, 0.9157527407, 0.02901599886],
      [0.029816974236, 0.80378996492, 0.16639306085, 0],
      [0.0046101289367, 0.032017432312, 0.79383951809, 0.16953292066],
      [0.32445321046, 0.059741953584, 0.43041775092, 0.18538708504]
    ],
    [
      [0.28496317458, 0.10376358947, 0.61127323594, 0],
      [0, 0.059954016656, 0.89268201531, 0.047363968035],
      [0, 0.90290210217, 0.097097897827, 0],
      [0.00060775205485, 0.03804604586, 0.66717723925, 0.29416896283],
      [0.14450272419, 0.075845127836, 0.40536888705, 0.37428326092]
    ],
    [
      [0.27882578879, 0.041866636526, 0.67806445178, 0.001243122911],
      [0, 0, 0.95650832775, 0.043491672253],
      [0.027337432299, 0.72325867432, 0.24623488742, 0.0031690059526],
      [0.0017082423844, 0.020512723857, 0.81547760927, 0.16230142449],
      [0.18796799524, 0.05498325587, 0.54603079078, 0.21101795812]
    ],
    [
      [0.39737073662, 0.054823931385, 0.54581754821, 0.0019877837776],
      [0.028035695851, 0, 0.88828303168, 0.083681272467],
      [0.028336404606, 0.7835496227, 0.18185302266, 0.0062609500259],
      [0.0030404663581, 0.026416856173, 0.68652936941, 0.28401330806],
      [0.23603820595, 0.051642406543, 0.39479101147, 0.31752837604]
    ],
    [
      [0.33344814196, 0.069167280422, 0.59657910716, 0.00080547046148],
      [0.025417586366, 0.00074191568184, 0.89187105976, 0.081969438191],
      [0.0055598813281, 0.82849355535, 0.16354518034, 0.0024013829775],
      [0.0014790003074, 0.028305483413, 0.67074675602, 0.29946876026],
      [0.18065206054, 0.054919056359, 0.40418766039, 0.36024122271]
    ],
    [
      [0.33698347462, 0.090843964093, 0.57217256128, 0],
      [0.034590119892, 0.010713492085, 0.90535010609, 0.049346281932],
      [0.0035380815857, 0.86033899444, 0.13612292397, 0],
      [0.0019637076992, 0.037303389904, 0.75435522577, 0.20637767663],
      [0.22139713804, 0.075723556621, 0.45796104756, 0.24491825778]
    ],
    [
      [0.39061657628, 0.07009695983, 0.5390128629, 0.00027360098664],
      [0.039035629845, 0.0013900221653, 0.89305446623, 0.066519881758],
      [0.014650644804, 0.8319618302, 0.15220831514, 0.0011792098579],
      [0.0028731086058, 0.032830638839, 0.7228173334, 0.24147891916],
      [0.24706572248, 0.063484701646, 0.41758818918, 0.27186138669]
    ],
    [
      [0.45317758282, 0.066480450617, 0.48019147743, 0.00015048913235],
      [0.054178406025, 0.0027832401334, 0.86755384674, 0.075484507099],
      [0.021498870564, 0.83839631847, 0.13908378616, 0.0010210248044],
      [0.0041304626642, 0.033437670227, 0.69014600963, 0.27228585748],
      [0.28320761904, 0.059777104458, 0.37067547763, 0.28633979887]
    ],
    [
      [0.349689103, 0.079218120254, 0.57109277675, 0],
      [0.029394361288, 0.013282382683, 0.89760868799, 0.059714568042],
      [0.0097495930443, 0.84599026069, 0.14426014627, 0],
      [0.0019170696145, 0.03628730331, 0.73610361204, 0.22569201504],
      [0.22057216961, 0.071956240066, 0.44257743377, 0.26489415655]
    ],
    [
      [0.34922268769, 0.062754557937, 0.58676940457, 0.0012533498101],
      [0.0077411371044, 0, 0.91033913768, 0.081919725212],
      [0.049719921664, 0.76159284367, 0.1838292622, 0.0048579724642],
      [0.0021499013139, 0.023769391611, 0.70370742934, 0.27037327774],
      [0.20658454479, 0.053416334228, 0.42391035982, 0.31608876116]
    ],
    [
      [0.29057158034, 0, 0.70705223932, 0.0023761803325],
      [0, 0, 0.95979679192, 0.040203208076],
      [0.055367105077, 0.64402331032, 0.2979494012, 0.0026601834024],
      [0.0022946059624, 0.013588401859, 0.83322837588, 0.1508886163],
      [0.20198339688, 0.041157552371, 0.56012805714, 0.19673099361]
    ],
    [
      [0.38828820879, 0, 0.60766776979, 0.0040440214216],
      [0.0010787093807, 0, 0.93055719784, 0.068364092783],
      [0.072828866871, 0.680155332, 0.2420094071, 0.0050063940232],
      [0.0038539319145, 0.016083441412, 0.73959898718, 0.24046363949],
      [0.23949478513, 0.037593465007, 0.44311286325, 0.27979888661]
    ],
    [
      [0.33851994406, 0.074216429461, 0.58701460702, 0.00024901945543],
      [0.030520065698, 0.0040777819754, 0.90708370178, 0.058318450543],
      [0.010051406302, 0.82920466813, 0.15974314881, 0.0010007767558],
      [0.0020996470199, 0.033327517949, 0.74954279287, 0.21503004216],
      [0.21732653875, 0.067466245646, 0.45897912965, 0.25622808596]
    ],
    [
      [0.35334809737, 0.076153659695, 0.5703930733, 0.00010516963568],
      [0.030048505388, 0.0058282089273, 0.89905815191, 0.06506513378],
      [0.0096890335632, 0.83774224029, 0.1516405509, 0.00092817524577],
      [0.001699525519, 0.033918437235, 0.72613951984, 0.23824251741],
      [0.22051457213, 0.066712769596, 0.43431592998, 0.27845672829]
    ],
    [
      [0.38500706947, 0.072005168392, 0.54298776214, 0],
      [0.041429629475, 0.0046947830863, 0.9060716144, 0.047803973039],
      [0.015417622181, 0.83374006101, 0.1508423168, 0],
      [0.0030422862552, 0.035604240671, 0.76898687092, 0.19236660216],
      [0.26113331217, 0.068944592985, 0.45050991412, 0.21941218072]
    ],
    [
      [0.42254707586, 0.077056051142, 0.500396873, 0],
      [0.053052300872, 0.012775837537, 0.90184852953, 0.03232333206],
      [0.017558726826, 0.85151743354, 0.13092383963, 0],
      [0.0040152342076, 0.040893820223, 0.79957245717, 0.1555184884],
      [0.30717485192, 0.075304059553, 0.44759652563, 0.16992456289]
    ],
    [
      [0.33509555663, 0.068494136551, 0.59531424037, 0.0010960664436],
      [0.029753753454, 0.00064952480225, 0.89736485506, 0.072231866682],
      [0.011413586542, 0.81130358799, 0.17334829385, 0.0039345316112],
      [0.0020176300838, 0.029704543484, 0.71405835443, 0.254219472],
      [0.20181511916, 0.060517866932, 0.43601598631, 0.3016510276]
    ],
    [
      [0.47791737292, 0.063152926947, 0.45892970014, 0],
      [0.063940227797, 0.0052977924042, 0.9307619798, 0],
      [0.033163790578, 0.8364315754, 0.13040463402, 0],
      [0.0056065161038, 0.044735534741, 0.94965794915, 0],
      [0.41552450513, 0.079092013459, 0.50538348141, 0]
    ],
    [
      [0.47712670552, 0.058060470396, 0.46333914273, 0.0014736813498],
      [0.050578853634, 0, 0.83657560798, 0.11284553839],
      [0.030193154896, 0.81997179648, 0.1451836989, 0.0046513497231],
      [0.0034798501352, 0.028889855149, 0.59502976029, 0.37260053443],
      [0.25855838178, 0.049933583425, 0.3093898836, 0.3821181512]
    ],
    [
      [0.45799126913, 0.074863961723, 0.46714476914, 0],
      [0.050576212109, 0.0082175625251, 0.8462888288, 0.094917396561],
      [0.017706795775, 0.85862983769, 0.12366336654, 0],
      [0.0033376952467, 0.034369222646, 0.62382113655, 0.33847194556],
      [0.25965060212, 0.058558860265, 0.32911167398, 0.35267886363]
    ],
    [
      [0.56292998613, 0.056511952946, 0.37971594693, 0.00084211398999],
      [0.066806265342, 0, 0.78275207033, 0.15044166433],
      [0.0398549524, 0.83866503582, 0.1180916951, 0.0033883166743],
      [0.0039667241093, 0.027488652192, 0.49040195647, 0.47814266723],
      [0.27143857079, 0.043052889745, 0.23012935647, 0.455379183]
    ],
    [
      [0.50507070701, 0.067264698, 0.42361626108, 0.0040483339125],
      [0.060751831771, 0.00032215469206, 0.79095974951, 0.14796626402],
      [0.028003637414, 0.84825711163, 0.11301944909, 0.010719801865],
      [0.0046597544136, 0.029619528626, 0.53377362669, 0.43194709027],
      [0.25805182872, 0.050089974255, 0.26747238558, 0.42438581144]
    ],
    [
      [0.33988801934, 0.086228658652, 0.57388332201, 0],
      [0.029041137673, 0.012874741976, 0.89444866655, 0.063635453798],
      [0.006366334701, 0.85435859972, 0.13927506558, 0],
      [0.0015110499664, 0.037195902608, 0.72751609682, 0.2337769506],
      [0.21313541826, 0.072861655287, 0.43909075599, 0.27491217046]
    ],
    [
      [0.3922033017, 0.073543847737, 0.53425285056, 0],
      [0.039519063475, 0.0052449262906, 0.89098662488, 0.064249385352],
      [0.015906420955, 0.83809181126, 0.14574248736, 0.00025928042771],
      [0.0028971103465, 0.034838841081, 0.727358182, 0.23490586658],
      [0.2512077636, 0.066177750089, 0.41917345018, 0.26344103613]
    ],
    [
      [0.34142288553, 0.056005185855, 0.60219151405, 0.00038041456568],
      [0.027780585928, 0, 0.92817777416, 0.044041639913],
      [0.018284054178, 0.78485583358, 0.19554145187, 0.0013186603795],
      [0.0026008479162, 0.029367639097, 0.79902877489, 0.1690027381],
      [0.23363708109, 0.062598060173, 0.49882049611, 0.20494436263]
    ],
    [
      [0.38855591333, 0.058090935138, 0.54960384047, 0.0037493110664],
      [0.028371172794, 0, 0.87679465932, 0.094834167885],
      [0.026038833198, 0.80460942139, 0.16358840885, 0.0057633365604],
      [0.0026857819307, 0.027106772471, 0.66175660637, 0.30845083923],
      [0.22147440904, 0.053617628419, 0.38034730473, 0.34456065781]
    ],
    [
      [0.35982492216, 0.071571600577, 0.56819900047, 0.00040447678754],
      [0.032429277752, 0.00098703517473, 0.90055897296, 0.066024714112],
      [0.011499624714, 0.82858572069, 0.15845412505, 0.0014605295399],
      [0.0021406031612, 0.032199656396, 0.72676693812, 0.23889280233],
      [0.22465432604, 0.064251073712, 0.43341399615, 0.2776806041]
    ],
    [
      [0.65069179084, 0, 0.34396499499, 0.0053432141673],
      [0.010919086274, 0, 0.87554693013, 0.1135339836],
      [0.31489493953, 0.4, 0.27344924698, 0.011655813495],
      [0, 0, 0.60657702508, 0.39342297492],
      [0.39701632591, 0, 0.25887621909, 0.344107455]
    ],
    [
      [0.46557726173, 0.064468258336, 0.46948887084, 0.0004656090875],
      [0.059669105984, 0, 0.85690955619, 0.083421337826],
      [0.026847192885, 0.83427248642, 0.13716039535, 0.0017199253437],
      [0.0044921925283, 0.032872576996, 0.67281152967, 0.2898237008],
      [0.28637946994, 0.05790900967, 0.35635043864, 0.29936108174]
    ],
    [
      [0.50670859492, 0.057617025392, 0.43567437969, 0],
      [0.13821297186, 0.0029157747025, 0.83907236242, 0.019798891013],
      [0.009106162615, 0.84017140676, 0.15072243062, 0],
      [0.0022045264909, 0.022967413652, 0.50387809107, 0.47094996878],
      [0.21197044027, 0.038866040792, 0.23991237874, 0.5092511402]
    ],
    [
      [0.31488548046, 0.060969066308, 0.62240209702, 0.0017433562179],
      [0.0048437096594, 0, 0.92138126739, 0.07377502295],
      [0.030000443379, 0.77158192543, 0.19328948736, 0.0051281438308],
      [0.0014111359878, 0.023173264117, 0.72396317274, 0.25145242716],
      [0.18783258795, 0.05637796388, 0.4507837986, 0.30500564957]
    ],
    [
      [0.48197345011, 0.065906836018, 0.4503551741, 0.0017645397714],
      [0.061888600037, 0.0011046914505, 0.83872582835, 0.098280880164],
      [0.029133167322, 0.84219993139, 0.12500867614, 0.0036582251456],
      [0.004854600021, 0.033018410268, 0.6363028964, 0.32582409331],
      [0.28429514608, 0.056583717331, 0.32850209032, 0.33061904627]
    ],
    [
      [0.41850951259, 0.077664901881, 0.50382558553, 0],
      [0.047224271047, 0.02029741087, 0.88369668958, 0.048781628508],
      [0.015352926696, 0.85525213166, 0.12939494165, 0],
      [0.003574662494, 0.04069845605, 0.75610704053, 0.19961984092],
      [0.28621351055, 0.07328777541, 0.42256465172, 0.21793406233]
    ],
    [
      [0.31751368382, 0.062092071751, 0.61935461614, 0.0010396282852],
      [0.0032808764556, 0, 0.93064502471, 0.066074098838],
      [0.040712731601, 0.76112713701, 0.19449479263, 0.0036653387595],
      [0.0017132816894, 0.023593346574, 0.74512581253, 0.2295675592],
      [0.19675170066, 0.05662018582, 0.46720798266, 0.27942013086]
    ],
    [
      [0.36444106503, 0.05439611511, 0.5806310063, 0.00053181355732],
      [0.015279972175, 0, 0.93164032896, 0.053079698866],
      [0.046649613884, 0.76304280408, 0.18871292963, 0.0015946524074],
      [0.0027834222449, 0.027029081391, 0.77286194218, 0.19732555418],
      [0.24250430047, 0.05684704656, 0.46862814471, 0.23202050826]
    ],
    [
      [0.35905609187, 0.064848669121, 0.57514426898, 0.00095097003654],
      [0.031312714466, 0, 0.90108211449, 0.067605171043],
      [0.015167787645, 0.80874699272, 0.17304264995, 0.0030425696873],
      [0.0024358782091, 0.029721588766, 0.72642190886, 0.24142062417],
      [0.2233672441, 0.060552398086, 0.43499915624, 0.28108120157]
    ],
    [
      [0.34474042805, 0.071624609393, 0.58363496255, 0],
      [0.0341264555, 0.0037726761155, 0.91732753009, 0.044773338298],
      [0.0099723100522, 0.82668140651, 0.16334628343, 0],
      [0.0022581070425, 0.033556019836, 0.774879456, 0.18930641712],
      [0.22917568759, 0.068120839784, 0.47449345508, 0.22821001754]
    ],
    [
      [0.32780387381, 0.085106457227, 0.58686349396, 0.00022617500321],
      [0.026410140866, 0.013622286995, 0.89004693266, 0.069920639478],
      [0.0064997440485, 0.85261189037, 0.13998652865, 0.00090183692939],
      [0.001435806861, 0.036311555767, 0.71372977507, 0.24852286231],
      [0.1992911485, 0.070820733452, 0.43530105244, 0.29458706561]
    ],
    [
      [0.16787996951, 0.16527781224, 0.66684221825, 0],
      [0.0093449054096, 0.053436278674, 0.9079557402, 0.029263075712],
      [0, 0.92576234506, 0.074237654944, 0],
      [0, 0.049838672151, 0.74951391096, 0.20064741689],
      [0.12010556234, 0.099787361014, 0.50777696058, 0.27233011606]
    ],
    [
      [0.34569163254, 0.09615314592, 0.55815522154, 0],
      [0.033420614951, 0.018098177802, 0.89481815843, 0.053663048815],
      [0.0030759051116, 0.87553290833, 0.12139118656, 0],
      [0.001901427229, 0.039856290072, 0.74353671821, 0.21470556449],
      [0.22543602689, 0.078061847999, 0.44564226283, 0.25085986228]
    ],
    [
      [0.3699196028, 0.084828866053, 0.54525153115, 0],
      [0.033592474811, 0.013363980046, 0.88204229264, 0.071001252499],
      [0.0093826459698, 0.85945767867, 0.13112975669, 2.9918672365e-05],
      [0.0021070703932, 0.03704621833, 0.70632658567, 0.25452012561],
      [0.22832239707, 0.069751935789, 0.41242215724, 0.28950350989]
    ],
    [
      [0.4578389582, 0.069836142469, 0.47232489933, 0],
      [0.054759539935, 0.0048500148054, 0.86686444509, 0.073526000172],
      [0.026753077334, 0.84288955876, 0.13035736391, 0],
      [0.0040896282959, 0.035745830166, 0.69624162948, 0.26392291206],
      [0.29122367507, 0.063115505652, 0.37152659585, 0.27413422343]
    ],
    [
      [0.35783052535, 0.059758045243, 0.58241142941, 0],
      [0.037067366452, 0, 0.94168182437, 0.021250809177],
      [0.016122279789, 0.81154446792, 0.17233325229, 0],
      [0.0028569872389, 0.035401551529, 0.86364213007, 0.098099331162],
      [0.27074160718, 0.073256428971, 0.53684535202, 0.11915661182]
    ]
  ],
  "expected_outcome": [
    [
      [3.0998533611, 23.5471115379, 0.95483267159, 0, 0.7604528041, 2.5029526378, 103.31415184, 45.0377564495, 94.1096937353, 21.4072351056, 71.5009698801, 58.1587534002, 37.3058328426, 12.585146475, 1, 7.2245028174, 2.4519187097, 4.7140744625, 5.4106792119, 22.799773752, 5.0739533352, 0.85488952375, 54.0922030246, 25.0343564073, 2.6675851357, 36.3942152593, 16.0152796276, 9.969906822, 5.9447147509, 23.7471427626, 93.8546204507, 33.392785956, 72.7817879728, 16.2540124791, 65.4512018099, 46.9027254206, 72.3806402331, 10.5141822042, 13.3595477546, 9.6178166518, 5.6292998613, 17.1724040382, 60.8399554616, 89.030149486, 130.4235422718, 51.6779364724, 17.2715962638, 1.9520753725, 42.8331080795, 1.5201257848, 14.1698466205, 29.8823539069, 19.6699470917, 39.3716967935, 42.2751635434, 50.6269089533, 11.3764341258, 141.2834696105, 2.5181995426, 81.9289169119, 48.8293875695, 297.1374838698, 43.2974935669],
      [0.49186011868, 3.9770992192, 1.3902971255, 0.36307452939, 0.023504896001, 0.20757973929, 16.2344262435, 11.3520652758, 25.799560187, 5.1075251365, 26.8286139361, 16.9179100864, 8.8285326914, 2.5315020964, 1.697242361, 0.89828465627, 0.15627338986, 0.22300376645, 0.71798496761, 6.5136543499, 0.52552207018, 0.31129076842, 8.1221274861, 3.4539076773, 0.55333824338, 9.811148122, 2.873975353, 1.4625699136, 1.3467080443, 4.2673099397, 0, 0, 15.9565323341, 3.503068346, 12.2408786266, 8.5532216768, 14.7947334949, 1.3893643928, 1.6256931711, 1.5721431962, 0.56511952946, 2.286999732, 15.4349298987, 16.6944534364, 21.3939809967, 7.7260943734, 3.4354368277, 0, 5.9310797669, 0.17285107618, 2.7436079839, 4.0862238331, 3.6502503884, 7.6994168972, 6.3099493528, 9.143662346, 2.36361211, 36.6808830649, 2.4791671836, 22.788295583, 11.197410319, 45.3236564626, 7.2307234744],
      [4.4015648817, 25.4757892429, 4.6548702029, 2.6369254706, 0.2160422999, 2.2894676229, 139.3520961704, 67.5889268098, 144.0907460777, 38.4608594552, 116.6704161838, 83.9233365134, 34.865634466, 19.8833514286, 2.302757639, 7.8772125263, 0.39180790044, 8.062921771, 2.8713358205, 53.6824450186, 5.4005245946, 1.8338197078, 131.5445036445, 34.3865055374, 4.7726328572, 61.7946366186, 22.0995273789, 10.5642125035, 9.7085772048, 39.9003195106, 228.3778733019, 52.2594282018, 126.2081405101, 26.2380813717, 92.3079195635, 55.5440529026, 128.5878759201, 10.096453403, 12.9734959965, 9.810040152, 3.7971594693, 14.4029528768, 102.7251146397, 121.2753970776, 230.0371583674, 73.0973107824, 27.2735520227, 1.031894985, 43.1929761175, 1.3070231391, 28.0080943658, 27.9220207941, 23.6798025199, 76.799972402, 67.3531967312, 81.0953419255, 19.2599537642, 252.9381658983, 10.0026332738, 132.2827875051, 71.9732021115, 306.5388596676, 70.4717829587],
      [0.0067216384484, 0, 0, 0, 0, 0, 0.099325746079, 0.021251464927, 0, 0.024380302698, 0, 0, 0, 0, 0, 0, 0, 0, 0, 0.0041268794925, 0, 0, 0.24116584473, 0.12523037799, 0.0064437636918, 0, 0.011217640452, 0.0033107609117, 0, 0.085227787088, 0.7675062474, 0.34778584226, 0.053539182918, 0.0048378032411, 0, 0, 0.23675035183, 0, 0.041263077796, 0, 0.0084211398999, 0.13764335302, 0, 0, 0.14531836409, 0.49865837184, 0.019414885802, 0.016029642502, 0.04283603605, 0, 0.078451029807, 0.10940146583, 0, 0.12891390736, 0.061690372649, 0.13408677515, 0, 0.097481426383, 0, 0, 0, 0, 0]
    ],
    [
      [0.73282517327, 6.189940777, 0.044931999444, 0, 0.81845198287, 0.53074286176, 8.9846286585, 4.401911963, 7.9650230808, 10.105906831, 4.3968659055, 5.7080478863, 6.9962236091, 0.95223681855, 0, 2.0705418712, 0.21351321601, 0.081876241721, 1.0634533491, 2.5042047811, 0.55231260435, 0, 0, 2.8596409768, 0.15250551819, 2.0754071935, 5.8943801066, 3.7383100157, 3.3215628255, 3.0267846078, 0, 0.083060622311, 4.7916503146, 2.1334438825, 7.0430370107, 7.9578451307, 5.6532131563, 2.0460872895, 1.1633136336, 1.2138290906, 0.66806265342, 3.4021025792, 6.4761737011, 9.2869799166, 8.7508845672, 4.681243511, 3.3402156085, 0.07643360392, 11.098453713, 0.13821297186, 0.59093257845, 5.074865203, 7.3197620123, 1.7027748805, 4.5228717638, 5.1665978868, 0.75078202099, 26.7534726972, 0.12148377032, 7.8204238985, 6.1810153652, 38.9887924337, 2.3723114529],
      [0, 1.5815970008, 0.21219180791, 0.32494939456, 0, 0, 0, 2.2844429024, 3.8270344889, 2.2108438323, 4.045375312, 5.5119821711, 4.2075554391, 0.108496561, 0.30275763896, 0, 0.010178655748, 0, 0.20201476554, 0.55248745718, 0, 0.41967811659, 0, 0, 0.004451494091, 0.64280952508, 0.20989334697, 0.19204356921, 1.5009092432, 0, 0, 0, 0.64021177014, 0.41380283384, 0.79811312467, 1.9163756305, 0.12340971243, 0.16952935694, 0, 0.1972215006, 0, 0.018040662756, 2.8710674606, 1.2325576783, 0, 0, 0.101664623, 0, 0, 0.0029157747025, 0, 0.090584698944, 3.1460986848, 0, 0, 0, 0.082998874542, 13.7993767257, 0.69467162277, 4.2349736057, 2.4589723285, 3.4532105415, 0],
      [33.5667243266, 101.7642066086, 3.2907591772, 9.3380666829, 7.7224871524, 12.8763876694, 199.8670512828, 122.9463561224, 201.8100172329, 338.7532145616, 133.7437366883, 144.0026574454, 88.1739400082, 24.4805249423, 2.697242361, 34.0426561397, 0.77630812824, 2.9181237583, 8.2419906023, 107.0627823139, 9.157527407, 6.2487741072, 286.952498324, 90.6048692315, 5.3512263586, 54.3210063655, 134.851224401, 59.8612154253, 101.4297817425, 355.9426028343, 274.5018824903, 71.6529042334, 142.4121411801, 63.8331287853, 154.032174448, 135.2772794298, 170.4993224618, 29.7843833535, 19.2412389835, 20.3109318913, 7.8275207033, 44.2937459728, 199.4620526412, 209.3818568475, 292.3759988602, 144.6711187879, 92.757574215, 6.1288285109, 159.3851774513, 0.83907236242, 112.4085146216, 68.7755179246, 136.9729868842, 483.0047678227, 275.7655373718, 148.6785488911, 20.1812056619, 901.6175427854, 11.8034246227, 209.387449073, 162.2957818465, 617.2074849027, 60.2676367598],
      [2.7004505001, 7.4642556137, 0.45211701543, 0.33698392252, 0.45906086473, 0.59286946886, 15.1483200587, 11.3672890122, 14.3979251974, 25.9300347751, 12.8140220942, 10.7773124972, 4.6222809436, 1.4587416782, 0, 0.88680198917, 0, 0, 0.49254128297, 4.8805254479, 0.2901599886, 0.33154777625, 13.047501676, 8.5354897917, 0.49181662915, 2.9607769159, 10.0445021455, 5.2084309898, 6.7477461887, 32.0306125579, 11.4981175097, 5.2640351443, 9.1559967352, 4.6196244984, 8.1266754166, 4.848499809, 13.7240546695, 0, 2.5954473829, 2.2780175175, 1.5044166433, 8.2861107852, 14.190706197, 15.0986055576, 13.8731165726, 15.647637701, 6.8005455536, 0.79473788518, 15.5163688357, 0.019798891013, 9.0005527999, 8.0590321735, 7.5611524188, 34.2924572969, 15.7115908645, 11.1548532221, 0.98501344255, 70.8296077916, 0.38041998425, 12.5571534228, 13.0642304598, 52.3505121222, 1.3600517873]
    ],
    [
      [1.0303530605, 2.4248367624, 0, 0, 0.39948890335, 0.62023972645, 7.0210521006, 1.5416997674, 1.554977282, 1.7767790971, 0, 0, 0, 0.87374906704, 0, 1.0085878811, 0.80683564986, 0.20404929577, 0.72378724815, 1.5359375161, 0.71560738167, 0, 11.3450344043, 5.1005528291, 0.094517982577, 0.6439308486, 1.3039073876, 0.98894804593, 0.63372354788, 12.579140181, 12.9559025881, 5.607822749, 6.9555731613, 0.60072008092, 3.2839535245, 3.740008814, 8.3547453488, 1.5918619477, 2.1739071525, 0.88533978876, 1.1557936196, 2.2682946305, 2.3237121659, 6.7602289058, 16.6933414648, 4.1401744785, 1.2994575926, 1.5744746976, 4.2418564759, 0.12748627661, 3.5700527621, 2.5928518917, 1.76558657, 16.3665181037, 9.4232220046, 5.8395982434, 1.0371202454, 8.3781700786, 0, 1.4979657894, 2.9836814184, 33.0132974301, 2.144263212],
      [22.8721579202, 100.7167543466, 39.367463148, 6.1363403856, 3.9281704436, 7.7116245397, 285.3744776227, 201.2704995856, 528.0668555369, 157.3536929703, 511.6379052151, 496.7348732317, 295.8359781603, 68.1900732434, 4, 30.7977990366, 14.6832892764, 7.7769962335, 20.9434930757, 278.1631613104, 19.290959158, 17.1551399413, 300.1523498445, 141.0389320866, 14.084390441, 156.581696988, 74.0446028878, 38.5662306495, 54.9893669446, 192.6829894478, 150.701454616, 52.3719605644, 573.8096303438, 51.9400188981, 177.5866329961, 181.3732133443, 593.8742264121, 40.1487156191, 59.0379693463, 42.9314918844, 24.3212860389, 68.708826042, 311.8408888982, 356.1890197835, 716.5733760546, 127.9328980008, 93.6301864382, 2, 131.8150528551, 11.7623996947, 91.8182491265, 74.9557938941, 98.3539951403, 305.9731090768, 154.1346464243, 311.3675921966, 85.9748662774, 1099.0167266883, 33.327444422, 426.3845263551, 273.3075418171, 1040.1257155049, 107.9354142332],
      [5.003016704, 14.858408891, 2.632536852, 0.86365961443, 0.67234065304, 1.6681357338, 55.1202527149, 28.9550951867, 68.378167181, 28.6114367892, 49.3620947849, 47.2651267683, 15.1640218397, 12.9361776895, 0, 6.025634413, 0.50987507375, 2.0189544707, 1.3327196762, 56.2585839395, 3.9934334603, 1.8448600587, 102.1874782809, 32.7335440797, 2.7802680658, 24.7743721634, 13.5465400472, 6.3978541636, 9.3769095075, 46.5088033377, 69.7201598798, 18.6347243468, 110.54225898, 9.4017141558, 32.1294134794, 27.8867778417, 126.8909510996, 6.2594224332, 10.4532263211, 6.1831683268, 3.424659158, 9.1545753764, 50.835398936, 61.940557129, 178.5293455542, 26.0105570076, 17.9053161311, 1.3672462349, 21.6713424647, 2.1101140287, 23.0014489955, 11.1257721763, 14.8804182897, 78.1869066382, 38.1200117848, 66.6214202304, 16.9880134772, 180.4426354311, 2.672555578, 59.1175078555, 41.6992626267, 160.860987065, 22.9203225549],
      [0.09447231527, 0, 0, 0, 0, 0, 0.4842175618, 0.23270546023, 0, 0.25809114334, 0, 0, 0, 0, 0, 0.16797866929, 0, 0, 0, 0.042317234035, 0, 0, 1.3151374703, 1.1269710047, 0.040823510617, 0, 0.10494967735, 0.046967141002, 0, 1.2290670334, 0.62248291616, 0.38549233979, 0.69253751504, 0.057546865237, 0, 0, 2.8800771394, 0, 0.33489718006, 0, 0.098261183554, 0.86830395103, 0, 0.11019418178, 1.2039369265, 0.9163705131, 0.16503983801, 0.058279067473, 0.2717482043, 0, 0.61024911586, 0.32558203796, 0, 1.4734661813, 0.3221197863, 1.1713893296, 0, 1.162467802, 0, 0, 0.009514137812, 0, 0]
    ],
    [
      [0.015424042102, 0.037116331999, 0.00023532896314, 1.6653345369e-16, 0.021606309679, 0.0045272279309, 0.13266148685, 0.055394809439, 0.042031686571, 0.086522296313, 0.026872929223, 0.070150683753, 0.067939268256, 0.028401291018, 0, 0.024196006228, 0, 0, 0, 0.022817615641, 0.0092202578735, 0.00060775205485, 0.10420278545, 0.048647461729, 0.0014790003074, 0.015709661593, 0.080447040961, 0.037174163977, 0.026838974603, 0.14404338803, 0.11014108619, 0.042393251059, 0.081886233777, 0.027192408304, 0.082141728891, 0.11242655781, 0.098863874105, 0.016819548311, 0.010439550406, 0.023363866727, 0.0039667241093, 0.060576807377, 0.080085648219, 0.13036996559, 0.17945850622, 0.07788767599, 0.044952666384, 0, 0.094336043094, 0.0022045264909, 0.039511807658, 0.058255200251, 0.08936656235, 0.17989457739, 0.10855346755, 0.10230688478, 0.0022581070425, 0.27136749672, 0, 0.0589442441, 0.069533322976, 0.38033543152, 0.019998910672],
      [0.15980668924, 0.3753098138, 0.030047918504, 0.080008661959, 0.048324660388, 0.028889870148, 1.3019879184, 1.4603052411, 0.78252463886, 1.7511208326, 0.64947308274, 2.3107254778, 1.2417398524, 0.4360247903, 0, 0.1733126251, 0, 0, 0, 0.50944300204, 0.064034864624, 0.03804604586, 1.2512761553, 0.42266969877, 0.028305483413, 0.29842711923, 0.91925788749, 0.30093903204, 0.50802224634, 1.5925492379, 0.65224328921, 0.17691785553, 1.2997732, 0.54269499575, 0.96131449813, 1.1450269663, 1.4555226307, 0.13420660422, 0.086669565448, 0.24058455852, 0.027488652192, 0.38505387214, 1.9713828382, 1.5677478487, 2.0263670977, 0.78609640167, 0.67619278431, 0, 0.69032411691, 0.022967413652, 0.64885139528, 0.39622092322, 1.0174614013, 2.4773013902, 1.0541341743, 1.2483067282, 0.033556019836, 6.8628840399, 0.1993546886, 1.2355449922, 1.2225252049, 3.3243622054, 0.2478108607],
      [4.2776824938, 7.1662724522, 0.42183376796, 1.5527760715, 1.3891298947, 0.76818290428, 29.5669737175, 25.8567038559, 14.3364742549, 37.4380371251, 10.4930912657, 34.4825612962, 15.6834906137, 9.7555119979, 0, 4.1433160031, 0, 0, 0, 12.0001763434, 1.5876790362, 0.66717723925, 49.7441341656, 10.9844699106, 0.67074675602, 6.0348418062, 20.2388853351, 6.2113140867, 10.3054505686, 47.1483977657, 39.9949620424, 8.135588859, 29.2321689219, 11.6182323174, 20.7626455148, 22.3880288007, 34.9888593671, 2.8489738475, 1.7850892809, 4.3667479559, 0.49040195647, 6.939057147, 38.5583531316, 32.7311181898, 55.1329854674, 19.1909415848, 15.2621057005, 1.2131540502, 14.1290421231, 0.50387809107, 20.2709688366, 7.6356347568, 18.9026760133, 78.2382103162, 30.1416157452, 30.509720172, 0.774879456, 134.8949274873, 2.9980556438, 23.0496382645, 23.308777327, 64.7504715416, 6.0454949105],
      [1.5470867748, 2.421301402, 0.54788298457, 0.3672152665, 0.54093913527, 0.19839999764, 9.9983768773, 10.6275960936, 4.8389694197, 12.724319746, 4.8305627223, 14.1365625422, 6.0068302656, 2.7800619208, 0, 0.65917536557, 0, 0, 0, 2.4675630389, 0.33906584132, 0.29416896283, 9.9003868937, 4.5442129289, 0.29946876026, 1.651021413, 6.7614097364, 2.4505727173, 3.1596882105, 18.1150096083, 7.2426535822, 2.6451000344, 8.3861716443, 3.8118802785, 5.1938982582, 4.3545176752, 12.456754128, 0, 1.1178016033, 2.3693036189, 0.47814266723, 5.6153121735, 12.390178382, 10.570763996, 11.6611889287, 8.9450743375, 5.0167488488, 0.78684594984, 6.0862977169, 0.47094996878, 7.0406679604, 3.9098891197, 4.9904960231, 24.1045937162, 7.695696613, 10.139666215, 0.18930641712, 46.9708209761, 0.80258966756, 6.6558724991, 8.3991641451, 24.5448308215, 0.68669531813]
    ],
    [
      [2.121544363, 5.8009945907, 0, 0, 0, 0.34153754604, 8.547505914, 7.9632370106, 10.3282742153, 7.62355667, 7.0752912851, 12.0630480297, 9.63000428, 2.5604663484, 0, 0.67217142415, 1.5277324244, 0, 0.80208019078, 3.1372663352, 0.64890642091, 0.14450272419, 8.4585597857, 4.956802325, 1.0839123632, 4.870737037, 3.7059858372, 2.2656609523, 5.0731599011, 9.5028890605, 8.079335875, 2.8739374216, 7.3891023176, 1.9846311492, 9.139665926, 12.2869940769, 12.5125373877, 0.83104901026, 1.2927919089, 0.25965060212, 0.54287714157, 3.0966219447, 14.2800730232, 8.7922717261, 14.95277319, 6.4227578621, 4.0437778687, 0.39701632591, 7.7322456884, 0.21197044027, 2.6296562313, 7.3916737981, 7.1553377637, 13.379115645, 10.6701892207, 8.2645880317, 1.8334055007, 24.3135201171, 0.36031668703, 9.6937491561, 5.9363823239, 40.4800908349, 2.1659328575],
      [0.47617527189, 1.3492396196, 0, 0.095627028519, 0, 0.051905850817, 2.0891082154, 2.6326869952, 3.5240251483, 2.5768172283, 2.838632454, 4.5245090329, 2.8861938567, 0.73390330884, 0, 0.13060368202, 0.15025867801, 0, 0.13650719118, 1.2612538805, 0.11948390717, 0.075845127836, 2.4742465141, 1.0844905374, 0.32951433815, 1.6659182457, 0.95227052469, 0.47821683567, 1.6549935215, 2.4571513745, 1.6463020948, 0.45112158009, 2.293852352, 0.60041492637, 2.4130607545, 3.0121623821, 3.7521077498, 0.15818402692, 0.24966791712, 0.058558860265, 0.086105779491, 0.60107969106, 4.8817309043, 2.3162212531, 4.0062758511, 1.5549112242, 1.1565193268, 0, 1.5635432611, 0.038866040792, 0.78929149432, 1.4711766506, 1.8321943852, 3.8501726358, 2.5012700486, 2.2404387292, 0.54496671827, 8.6401294812, 0.29936208304, 3.356659464, 1.8135503305, 8.7730552856, 0.58605143177],
