{
  "X": [
    [3, 5, 10, 8, 8, 83, 15],
    [5, 5, 2, 3, 7, 69, 5],
    [2, 8, 2, 12, 8, 100, 4],
    [1, 2, 3, 12, 17, 59, 6],
    [0, 3, 3, 7, 13, 69, 1],
    [3, 9, 5, 8, 9, 49, 8],
    [5, 14, 23, 15, 80, 154, 13],
    [0, 0, 1, 1, 2, 17, 0],
    [1, 1, 0, 1, 1, 2, 1],
    [2, 4, 5, 6, 16, 55, 11],
    [7, 2, 4, 5, 3, 22, 0],
    [2, 7, 2, 12, 9, 53, 2],
    [0, 2, 5, 8, 9, 34, 3],
    [1, 2, 8, 5, 9, 27, 3],
    [22, 25, 16, 13, 118, 186, 20],
    [39, 63, 58, 80, 407, 631, 74],
    [4, 4, 3, 8, 18, 113, 2],
    [2, 4, 2, 2, 4, 63, 4],
    [11, 9, 5, 6, 99, 67, 20],
    [46, 46, 75, 38, 300, 289, 68],
    [1, 3, 3, 4, 9, 30, 4],
    [7, 5, 9, 15, 16, 136, 6],
    [0, 5, 0, 3, 4, 28, 0],
    [10, 7, 6, 21, 26, 109, 4],
    [2, 4, 8, 10, 15, 46, 2],
    [3, 3, 2, 2, 7, 60, 3],
    [3, 2, 3, 6, 7, 38, 1],
    [4, 3, 2, 11, 13, 100, 4],
    [0, 3, 0, 4, 5, 44, 2],
    [2, 0, 2, 0, 1, 4, 3],
    [2, 2, 8, 9, 9, 30, 3],
    [3, 4, 9, 9, 30, 57, 3],
    [0, 2, 2, 9, 11, 53, 4],
    [1, 1, 1, 4, 6, 17, 3],
    [0, 0, 5, 12, 18, 46, 2],
    [11, 11, 15, 14, 58, 167, 10],
    [3, 10, 10, 9, 15, 62, 10],
    [4, 12, 8, 12, 42, 82, 10],
    [0, 3, 4, 3, 8, 30, 1],
    [3, 13, 5, 10, 30, 70, 8],
    [1, 1, 3, 3, 15, 21, 2],
    [4, 8, 2, 8, 12, 85, 8],
    [6, 9, 9, 15, 26, 101, 6],
    [0, 0, 9, 6, 7, 51, 4],
    [5, 12, 9, 17, 24, 169, 4],
    [0, 1, 2, 4, 11, 84, 3],
    [2, 1, 12, 6, 36, 35, 10],
    [0, 0, 1, 5, 7, 11, 0],
    [1, 2, 4, 4, 14, 24, 1],
    [1, 3, 1, 6, 11, 29, 3],
    [2, 1, 9, 6, 11, 26, 3],
    [0, 3, 4, 5, 11, 45, 1],
    [12, 36, 40, 25, 234, 366, 38],
    [6, 5, 2, 11, 8, 55, 2],
    [2, 2, 2, 8, 12, 85, 7],
    [4, 24, 14, 20, 121, 188, 18],
    [17, 46, 31, 47, 217, 555, 67],
    [7, 10, 7, 7, 18, 67, 4],
    [12, 5, 9, 22, 49, 131, 7],
    [1, 1, 3, 8, 18, 106, 8],
    [4, 24, 17, 37, 52, 242, 17],
    [29, 19, 61, 56, 170, 332, 32],
    [7, 8, 9, 14, 21, 128, 6],
    [6, 4, 1, 10, 11, 85, 1],
    [7, 4, 6, 11, 20, 73, 3],
    [1, 2, 2, 13, 8, 62, 2],
    [4, 3, 8, 9, 33, 47, 3],
    [2, 3, 8, 9, 32, 122, 5],
    [0, 2, 1, 5, 12, 39, 0],
    [3, 7, 2, 3, 12, 50, 5],
    [11, 19, 21, 15, 163, 163, 38],
    [9, 18, 14, 8, 92, 126, 30],
    [29, 48, 35, 56, 396, 420, 100],
    [26, 33, 33, 39, 231, 317, 56],
    [1, 0, 1, 0, 6, 1, 1],
    [0, 1, 4, 5, 6, 26, 3],
    [2, 4, 2, 14, 14, 51, 2],
    [2, 1, 0, 1, 1, 23, 1],
    [123, 68, 84, 80, 446, 540, 99],
    [61, 39, 33, 49, 271, 368, 76],
    [34, 18, 27, 18, 154, 152, 37],
    [50, 41, 41, 21, 243, 295, 59],
    [73, 50, 52, 37, 280, 501, 68],
    [18, 5, 12, 20, 36, 140, 11],
    [1, 1, 5, 2, 6, 99, 4],
    [0, 20, 11, 6, 52, 82, 17],
    [9, 42, 19, 34, 145, 306, 44],
    [2, 15, 9, 8, 70, 159, 20],
    [4, 44, 29, 24, 123, 279, 38],
    [2, 4, 13, 11, 21, 105, 7],
    [10, 19, 33, 39, 126, 171, 24],
    [12, 7, 9, 20, 41, 151, 8],
    [0, 1, 3, 2, 3, 21, 0],
    [1, 4, 14, 6, 10, 34, 2],
    [1, 6, 5, 3, 6, 65, 4],
    [3, 8, 11, 17, 35, 123, 8],
    [0, 0, 0, 9, 3, 25, 0],
    [3, 14, 5, 17, 13, 132, 10],
    [1, 2, 5, 3, 11, 23, 10],
    [4, 29, 24, 27, 112, 165, 33],
    [1, 2, 6, 1, 12, 36, 5],
    [0, 2, 2, 1, 11, 24, 4],
    [0, 1, 0, 2, 14, 12, 3],
    [0, 2, 10, 7, 23, 38, 1],
    [1, 7, 6, 8, 12, 60, 8],
    [5, 4, 2, 9, 18, 42, 3],
    [2, 2, 10, 23, 12, 109, 3],
    [0, 1, 0, 4, 6, 25, 5],
    [3, 1, 6, 12, 10, 52, 5],
    [3, 2, 7, 7, 10, 67, 2],
    [1, 1, 0, 1, 8, 11, 4],
    [43, 46, 36, 77, 338, 656, 100],
    [17, 16, 21, 20, 70, 150, 23],
    [66, 67, 174, 126, 438, 832, 95],
    [6, 0, 5, 9, 23, 54, 8]
  ],
  "W": [
    [21, 6, 26, 43, 14, 14, 8],
    [10, 3, 9, 47, 10, 5, 12],
    [22, 4, 14, 60, 21, 12, 3],
    [13, 3, 16, 41, 13, 4, 10],
    [7, 6, 18, 54, 6, 4, 1],
    [8, 4, 13, 35, 10, 10, 11],
    [30, 20, 82, 102, 26, 25, 19],
    [4, 0, 5, 4, 6, 0, 2],
    [1, 0, 3, 2, 1, 0, 0],
    [11, 5, 16, 42, 16, 4, 5],
    [6, 3, 3, 17, 8, 4, 2],
    [14, 1, 9, 33, 13, 10, 7],
    [3, 5, 10, 24, 7, 3, 9],
    [4, 9, 13, 21, 3, 3, 2],
    [17, 13, 144, 101, 50, 32, 43],
    [66, 53, 455, 424, 174, 83, 97],
    [11, 5, 20, 85, 16, 9, 6],
    [6, 3, 7, 55, 3, 2, 5],
    [5, 10, 96, 33, 45, 8, 20],
    [61, 41, 321, 169, 146, 52, 72],
    [7, 3, 7, 22, 11, 2, 2],
    [38, 17, 19, 83, 21, 5, 11],
    [6, 1, 4, 19, 5, 4, 1],
    [30, 6, 24, 77, 26, 10, 10],
    [10, 10, 19, 28, 9, 6, 5],
    [6, 1, 6, 46, 5, 12, 4],
    [13, 1, 8, 28, 5, 2, 3],
    [28, 4, 12, 57, 19, 7, 10],
    [4, 1, 8, 30, 4, 4, 7],
    [0, 3, 2, 4, 1, 0, 2],
    [9, 6, 12, 23, 9, 3, 1],
    [15, 9, 34, 37, 12, 3, 5],
    [16, 2, 13, 31, 12, 3, 4],
    [4, 0, 9, 8, 8, 0, 4],
    [10, 8, 16, 29, 8, 5, 7],
    [17, 10, 68, 125, 35, 14, 17],
    [13, 11, 17, 44, 16, 11, 7],
    [9, 8, 50, 51, 27, 6, 19],
    [2, 3, 11, 19, 7, 5, 2],
    [20, 13, 29, 41, 26, 6, 4],
    [6, 6, 12, 13, 4, 3, 2],
    [11, 3, 12, 71, 14, 10, 6],
    [22, 5, 30, 74, 19, 13, 9],
    [6, 11, 8, 31, 16, 3, 2],
    [16, 6, 40, 119, 29, 19, 11],
    [9, 4, 18, 53, 14, 6, 1],
    [9, 12, 29, 22, 15, 2, 13],
    [4, 1, 8, 2, 5, 4, 0],
    [5, 4, 19, 13, 6, 1, 2],
    [7, 3, 11, 15, 8, 5, 5],
    [8, 5, 12, 20, 8, 1, 4],
    [5, 5, 11, 25, 12, 4, 7],
    [34, 39, 252, 193, 147, 38, 48],
    [11, 3, 9, 41, 14, 4, 7],
    [17, 2, 14, 63, 9, 9, 4],
    [32, 20, 121, 107, 60, 26, 23],
    [99, 35, 247, 338, 154, 46, 61],
    [18, 5, 23, 34, 24, 10, 6],
    [16, 12, 44, 104, 27, 19, 13],
    [15, 8, 25, 77, 13, 2, 5],
    [49, 12, 71, 155, 52, 33, 21],
    [68, 51, 184, 216, 107, 35, 38],
    [20, 7, 27, 103, 19, 10, 7],
    [17, 5, 13, 61, 19, 0, 3],
    [24, 7, 22, 42, 12, 8, 9],
    [10, 5, 12, 51, 0, 7, 5],
    [6, 7, 31, 34, 17, 6, 6],
    [12, 11, 32, 82, 31, 5, 8],
    [14, 3, 14, 21, 3, 2, 2],
    [3, 4, 15, 32, 9, 13, 6],
    [15, 23, 192, 83, 58, 29, 30],
    [14, 15, 108, 79, 44, 14, 23],
    [49, 40, 431, 293, 152, 46, 73],
    [34, 34, 253, 209, 100, 38, 67],
    [0, 0, 9, 0, 1, 0, 0],
    [7, 1, 7, 19, 5, 1, 5],
    [22, 2, 14, 25, 15, 8, 3],
    [6, 0, 5, 9, 3, 1, 5],
    [83, 76, 517, 364, 195, 92, 113],
    [46, 27, 326, 241, 160, 45, 52],
    [22, 13, 160, 97, 89, 20, 39],
    [31, 29, 247, 193, 145, 53, 52],
    [80, 43, 308, 335, 160, 61, 74],
    [22, 12, 52, 95, 36, 15, 10],
    [8, 4, 14, 78, 11, 1, 2],
    [5, 7, 73, 46, 19, 21, 17],
    [48, 26, 185, 182, 67, 41, 50],
    [23, 13, 88, 77, 40, 22, 20],
    [35, 26, 163, 162, 69, 50, 36],
    [13, 12, 19, 64, 32, 13, 10],
    [63, 25, 131, 102, 47, 27, 27],
    [27, 3, 50, 93, 43, 16, 16],
    [3, 2, 2, 16, 4, 2, 1],
    [4, 13, 14, 29, 6, 1, 4],
    [12, 5, 11, 45, 5, 5, 7],
    [16, 9, 37, 90, 24, 23, 6],
    [6, 2, 2, 19, 6, 1, 1],
    [18, 4, 24, 104, 19, 17, 8],
    [3, 6, 10, 15, 13, 2, 6],
    [31, 33, 112, 105, 65, 28, 20],
    [4, 2, 16, 17, 18, 0, 6],
    [4, 2, 11, 13, 9, 1, 4],
    [2, 1, 13, 7, 4, 2, 3],
    [5, 10, 22, 31, 7, 3, 3],
    [11, 14, 16, 32, 12, 8, 9],
    [7, 3, 20, 30, 8, 5, 10],
    [12, 15, 11, 81, 26, 6, 10],
    [1, 0, 5, 15, 16, 0, 4],
    [7, 11, 15, 33, 11, 4, 8],
    [17, 5, 12, 43, 6, 7, 8],
    [0, 0, 10, 10, 2, 2, 2],
    [107, 29, 364, 454, 189, 52, 101],
    [19, 16, 76, 112, 45, 24, 25],
    [152, 165, 471, 589, 191, 98, 132],
    [11, 8, 26, 37, 11, 1, 11]
  ],
  "method": "mvn_cdf",
  "mvncdf_method": "genz",
  "mvncdf_samples": 5000,
  "mvncdf_error": 0.001,
  "cond_prob": [
    [
      [0.0012580503735, 0.0014642756615, 0.038127416932, 0.21129435938, 0, 0.74785589765, 0],
      [0.00075811928399, 0.008879208381, 0.69979293102, 0.072003854052, 0.0032316510087, 0.19012511385, 0.025209122413],
      [0.048562045689, 0.050688895982, 0.079620070273, 0.012292909496, 0.27495540094, 0.21308834493, 0.32079233269],
      [0.004020221957, 0.00082644803725, 0.0042746109732, 0.035663903544, 0.00024138486021, 0.9524183663, 0.0025550643269],
      [0.049230720833, 0.021067656122, 0.060759554473, 0.021247752068, 0.03763985727, 0.57590510146, 0.23414935777],
      [0.032336688991, 0.21833963442, 0.090794611039, 0.053722243109, 0.0028493243704, 0.58768073736, 0.014276760711],
      [0.048950719607, 0.026353041514, 0.078109780278, 0.028506487111, 0.03181769719, 0.42122337544, 0.36503889886]
    ],
    [
      [0.0072337003777, 0.0092916981222, 0.010893612367, 0.13529294075, 0.0003329219256, 0.83538734129, 0.001567785167],
      [0.0030159640936, 0.047127179648, 0.40688540232, 0.094889604722, 0.021905369398, 0.39840111078, 0.02777536904],
      [0.068752935268, 0.089237863347, 0.012804227339, 0.0004048892684, 0.55620333094, 0.14685930318, 0.12573745066],
      [0.018868510985, 0.0059933222232, 0.0010841423704, 0.018732646968, 0.00029233937649, 0.94709137799, 0.007937660091],
      [0.12145739898, 0.055650032448, 0.015957208009, 0.012377362411, 0.094153335836, 0.59524986021, 0.10515480211],
      [0.055748913617, 0.42452208269, 0.016662809739, 0.023277906713, 0.0072265325002, 0.46526166663, 0.0073000881053],
      [0.15997500937, 0.083480318941, 0.02177740026, 0.019846684143, 0.077809893547, 0.4447573188, 0.19235337495]
    ],
    [
      [0.00094701156172, 0.0072623187619, 0.003069263051, 0.26897988523, 0, 0.71803509844, 0.0017064229553],
      [0.00073488963552, 0.038543393097, 0.29803353146, 0.21572162547, 0.012955607129, 0.41717486229, 0.016836090926],
      [0.031489416052, 0.10679322246, 0.015241691534, 0.0037687920184, 0.47510438978, 0.25845001789, 0.10915247028],
      [0.0026054574253, 0.0017266773042, 0.00074138134512, 0.057976611887, 0.0001607537453, 0.93115321251, 0.0056359057864],
      [0.04600324672, 0.065522593738, 0.011551998659, 0.036569169461, 0.048482461442, 0.72003919673, 0.071831333246],
      [0.019276395052, 0.36883850043, 0.013535990507, 0.060533236912, 0.0040734066753, 0.52854412324, 0.0051983471838],
      [0.060553998371, 0.095104396171, 0.025817222317, 0.064614939947, 0.073352773173, 0.52789425807, 0.15266241195]
    ],
    [
      [0.00046688046571, 0.0027518370384, 0.016244789549, 0.40816497835, 0.0007295433522, 0.56958849871, 0.0020534725366],
      [0.00020175182711, 0.013018837614, 0.46813757794, 0.25046383223, 0.03209658617, 0.2121915224, 0.023889891819],
      [0.0057027624133, 0.024839338197, 0.017212498319, 0.00089893201848, 0.76294592407, 0.088883704718, 0.099516840264],
      [0.0019686890504, 0.00086474866312, 0.0043105301764, 0.098008313009, 0.00091111951409, 0.88547988952, 0.008456710065],
      [0.030584164196, 0.02191835318, 0.028239163438, 0.050093073675, 0.20409297335, 0.53638195819, 0.12869031397],
      [0.021343057859, 0.22303292866, 0.039854188655, 0.12368220604, 0.022879754417, 0.55760513278, 0.011602731583],
      [0.03383984828, 0.031521519333, 0.040574741239, 0.076380125713, 0.19050078215, 0.40285742161, 0.22432556167]
    ],
    [
      [0, 0.0040658782052, 0.0099488195638, 0.26451880281, 0.00086428197503, 0.72058298648, 1.9230961356e-05],
      [0, 0.022717346518, 0.37014596344, 0.20458150849, 0.020516339792, 0.37615347497, 0.0058853667828],
      [0, 0.068053247931, 0.018045187432, 0.0038321086097, 0.65286650091, 0.22088532996, 0.036317625162],
      [0, 0.0011853841663, 0.0024403142893, 0.06001172385, 0.004472886524, 0.93166242898, 0.00022726219219],
      [0, 0.050595746548, 0.020744622806, 0.039870423533, 0.11358844672, 0.74164860414, 0.033552156259],
      [0, 0.28317391145, 0.02104410757, 0.06992020906, 0.0097945393166, 0.61402717708, 0.0020400555222],
      [0, 0.10999544061, 0.044247969882, 0.092364909049, 0.15701026121, 0.50729080761, 0.089090611638]
    ],
    [
      [0.004326258513, 0.010548370744, 0.031134433535, 0.35228126692, 0.00051065249729, 0.60068807705, 0.00051094073901],
      [0.0011797897856, 0.03859066088, 0.61355441732, 0.14461101223, 0.013901432552, 0.16065308532, 0.027509601912],
      [0.049416539687, 0.10017311201, 0.033648930881, 0.0028162355968, 0.52151599922, 0.10400366473, 0.18842551787],
      [0.012304398739, 0.0033795152858, 0.0091308727241, 0.087163509282, 0.00026358275901, 0.88389811285, 0.0038600083636],
      [0.07475043248, 0.080009008161, 0.045874969105, 0.037647820541, 0.1079509296, 0.46451547735, 0.18925136276],
      [0.029780628132, 0.54080087906, 0.042294506447, 0.057420907969, 0.0069016149435, 0.3125111794, 0.010290284045],
      [0.076571926804, 0.10296527519, 0.059817769102, 0.051389513002, 0.091168201629, 0.31755771669, 0.30052959758]
    ],
    [
      [0.0023481338838, 0.006918382248, 0.047199808609, 0.22182369537, 0.0010720976409, 0.72000677617, 0.00063110607495],
      [9.3203168429e-05, 0.017219433257, 0.68899199012, 0.074666342932, 0.039616316087, 0.16265981498, 0.016752899455],
      [0.011871160801, 0.029428476869, 0.02446134895, 0.00033530631911, 0.80174573157, 0.064828545273, 0.067329430213],
      [0.0083950945746, 0.004259146026, 0.0088486739426, 0.045527679682, 0.0037956710195, 0.92494818416, 0.0042255505989],
      [0.050606344423, 0.036587138046, 0.056457680603, 0.019301213811, 0.28479393576, 0.43813544876, 0.1141182386],
      [0.031364068432, 0.34849800693, 0.078079332323, 0.045787619897, 0.028860755761, 0.4575999654, 0.0098102512508],
      [0.052531074844, 0.049304005632, 0.077678293655, 0.028111672519, 0.25889689959, 0.35023284822, 0.18324520554]
    ],
    [
      [0, 0, 0.023605849194, 0.14033961979, 0.0023088785719, 0.83374565244, 0],
      ["NaN", "NaN", "NaN", "NaN", "NaN", "NaN", "NaN"],
      [0, 0, 0.10559032306, 0.01163828822, 0.36846926573, 0.514302123, 0],
      [0, 0, 0.0068785873826, 0.032390636245, 0.0016267445911, 0.95910403178, 0],
      [0, 0, 0.041414820132, 0.030782367023, 0.017162367132, 0.91064044571, 0],
      ["NaN", "NaN", "NaN", "NaN", "NaN", "NaN", "NaN"],
      [0, 0, 0.050810858812, 0.033096666302, 0.019468487958, 0.89662398693, 0]
    ],
    [
      [0.043274997777, 0.040832856152, 0, 0.71498451285, 0.013302677819, 0.16986932027, 0.017735635133],
      ["NaN", "NaN", "NaN", "NaN", "NaN", "NaN", "NaN"],
      [0.15616412691, 0.24705477985, 0, 0, 0.30307605127, 0.037763565114, 0.25594147686],
      [0.07491737457, 0.018803605268, 0, 0.12492473534, 0.011680294364, 0.76874150896, 0.00093248149661],
      [0.33839787236, 0.18039559377, 0, 0.035166016478, 0.05410857963, 0.17935696646, 0.2125749713],
      ["NaN", "NaN", "NaN", "NaN", "NaN", "NaN", "NaN"],
      ["NaN", "NaN", "NaN", "NaN", "NaN", "NaN", "NaN"]
    ],
    [
      [0.0039091304593, 0.0058365693051, 0.036019809215, 0.24946406202, 0.0051908518294, 0.6984895044, 0.0010900727672],
      [0.00086007936599, 0.026786795632, 0.61058008683, 0.086231037355, 0.039109092427, 0.17477266579, 0.061660242599],
      [0.035408515848, 0.055991481618, 0.019375243995, 0.00071971924732, 0.681788187, 0.033366716597, 0.17335013569],
      [0.0060934158531, 0.0027302515002, 0.0074622080389, 0.054275187176, 0.013531257832, 0.91101771589, 0.0048899637112],
      [0.048313062386, 0.041761515664, 0.033179488651, 0.016415710242, 0.21033744902, 0.32554420951, 0.32444856452],
      [0.032721403171, 0.46743616788, 0.050614555529, 0.042077998549, 0.023686118846, 0.35567120989, 0.027792546138],
      [0.045268967573, 0.050680113692, 0.03882699648, 0.020540680712, 0.16205753742, 0.20294967959, 0.47967602453]
    ],
    [
      [0.019476161962, 0.012888278597, 0.025491792199, 0.38275996923, 0.0098449256429, 0.54953887237, 0],
      [0.001846950043, 0.0050390473322, 0.74830187117, 0.10468891228, 0.014468949949, 0.12565426924, 0],
      [0.30863840883, 0.050641548718, 0.049123173237, 0.015760712957, 0.53133893987, 0.044497216387, 0],
      [0.04046948677, 0.0018487973026, 0.0063086981427, 0.09469014235, 0.027206901724, 0.82947597371, 0],
      [0.35220213106, 0.081896311999, 0.11954843509, 0.052460765198, 0.082207141692, 0.31168521496, 0],
      [0.32947106243, 0.24067039546, 0.066709742547, 0.058704866636, 0.013203915842, 0.29124001709, 0],
      [0.56410218916, 0.053173454156, 0.062149897132, 0.038926650418, 0.065258325243, 0.21638948389, 0]
    ],
    [
      [0.0016679576333, 0.00771354734, 0.014293309733, 0.42943038787, 0.0004341608628, 0.54642597508, 3.4661473187e-05],
      [0.00072766110015, 0.039066817744, 0.55096681294, 0.26700083324, 0.020213972736, 0.10856246868, 0.013461433564],
      [0.027771778736, 0.087108313645, 0.020312068582, 0.00067407299647, 0.68816447948, 0.11697413776, 0.0589951488],
      [0.0080443040288, 0.0064162650807, 0.0053153315338, 0.10180162655, 0.0012553238533, 0.87663562717, 0.00053152178157],
      [0.060403355686, 0.064179692911, 0.027631726877, 0.058790914576, 0.13554039058, 0.59859460503, 0.054859314341],
      [0.02371050975, 0.43943436992, 0.025735488192, 0.094935119785, 0.009740119064, 0.40360404751, 0.002840345778],
      [0.062594881292, 0.089793177424, 0.039163565945, 0.091688616585, 0.12562507207, 0.4917086576, 0.099426029088]
    ],
    [
      [0, 0.0032574445302, 0.024107153183, 0.55151759494, 4.5276361269e-05, 0.4203472477, 0.00072528328233],
      [0, 0.010644622081, 0.55650492244, 0.24072826806, 0.010351257552, 0.17296188701, 0.0088090428496],
      [0, 0.03746674238, 0.04291926158, 0.0035062653797, 0.67144295452, 0.16588782238, 0.078776953753],
      [0, 0.0012368986989, 0.012842630068, 0.11901845231, 0.0019664566896, 0.85804284739, 0.0068927148421],
      [0, 0.039567238192, 0.056296936029, 0.08003043564, 0.13053195638, 0.61805098049, 0.075522453265],
      [0, 0.23318125235, 0.061043534714, 0.16031125784, 0.015196885899, 0.52415822065, 0.0061088485391],
      [0, 0.061793015448, 0.092281003829, 0.13435039362, 0.13635211389, 0.41371230391, 0.1615111693]
    ],
    [
      [0.0015767649554, 0.0052175271563, 0.042772225435, 0.35576759376, 0.0027275026467, 0.59027848215, 0.0016599038901],
      [0.0011369310042, 0.012946489163, 0.72169136907, 0.12173537529, 0.0094581322278, 0.11625578183, 0.01677592142],
      [0.035703996946, 0.045477247733, 0.043632029517, 0.0049632499372, 0.62839679572, 0.11138111994, 0.13044556021],
      [0.0052588607158, 0.0059640448711, 0.0058030392412, 0.090851156867, 0.00026231629415, 0.8829886759, 0.0088719061092],
      [0.066259977698, 0.040358377167, 0.069011496073, 0.044494134776, 0.14463179872, 0.47996761139, 0.15527660418],
      [0.028432046907, 0.30810560214, 0.08083483953, 0.08412106807, 0.016204914088, 0.4716782124, 0.010623316865],
      [0.062398225998, 0.050385194091, 0.097534781029, 0.061534547706, 0.12339483723, 0.3734649052, 0.23128750875]
    ],
    [
      [0.0061162166875, 0.0072026430223, 0.024346196288, 0.21070073378, 0.00026932201358, 0.75136488821, 0],
      [0.0020144582231, 0.028982788534, 0.54396164779, 0.11021799064, 0.029631419004, 0.26939421261, 0.015797483197],
      [0.047180568845, 0.052021746287, 0.021189248941, 0.00053193408952, 0.70143428598, 0.11127207416, 0.066370141702],
      [0.020166755458, 0.0043514838304, 0.0045652406333, 0.040774677515, 0.0064539588795, 0.92239223553, 0.0012956481585],
      [0.11014757164, 0.043717304523, 0.032411557029, 0.020445584243, 0.17165541095, 0.54409213608, 0.077530435542],
      [0.059497089358, 0.36138697694, 0.039538693904, 0.042329892998, 0.015451016323, 0.47630256143, 0.0054937690482],
      [0.13087690008, 0.065579046451, 0.049219907768, 0.03287388189, 0.15987495306, 0.42078113721, 0.14079417355]
    ],
    [
      [0.0035579468385, 0.006339887343, 0.02715438827, 0.3345132301, 0.00022981342844, 0.6280518533, 0.00015288071884],
      [0.00092070827071, 0.023651727828, 0.54975087486, 0.1619168942, 0.024060333198, 0.22032781344, 0.019371648205],
      [0.023473050701, 0.039675317501, 0.019978903623, 0.0010777001882, 0.75471418749, 0.083934718571, 0.077146121928],
      [0.012706867827, 0.0040070291101, 0.0053815949353, 0.074996419404, 0.002904384788, 0.89725955163, 0.0027441523082],
      [0.068852750114, 0.04026324526, 0.037412223907, 0.03406247218, 0.22437371516, 0.48844844897, 0.10658714441],
      [0.039786024604, 0.35033065364, 0.048121379162, 0.074321608563, 0.022752892952, 0.45616065789, 0.008526783186],
      [0.075936179184, 0.056634300279, 0.053556857479, 0.051094147811, 0.20777014067, 0.37517002066, 0.17983835392]
    ],
    [
      [0.0036223453492, 0.0038650406709, 0.010623191793, 0.21323460404, 0.00040497528981, 0.76822159226, 2.8250603424e-05],
      [0.0015310843695, 0.020607127805, 0.37751223543, 0.15910148948, 0.030881116914, 0.40033042319, 0.010036522816],
      [0.046175161458, 0.037783134484, 0.012860823383, 0.0015006812359, 0.71495315157, 0.15126618362, 0.035460864246],
      [0.010600944981, 0.0033379978111, 0.0010806762418, 0.043385487123, 0.0029630623888, 0.93828156228, 0.00035026917832],
      [0.075541542693, 0.027156510473, 0.017642588407, 0.025489839127, 0.14324652598, 0.66751827558, 0.04340471774],
      [0.041122638016, 0.23636963864, 0.021770963114, 0.053653738496, 0.014199884226, 0.6298145145, 0.0030686230114],
      [0.091524466922, 0.042204249107, 0.028048280399, 0.041735134253, 0.14507882984, 0.57000514393, 0.081403895544]
    ],
    [
      [0.0046614970451, 0.016811869816, 0.015357396338, 0.12225412359, 0.0003515513662, 0.8394706419, 0.0010929199503],
      [0.0015888300358, 0.079382124714, 0.45784742467, 0.068894284234, 0.015746271571, 0.33912971962, 0.03741134515],
      [0.058237369811, 0.140382634, 0.016617406618, 0.00032650399089, 0.46788443073, 0.11692112346, 0.1996305314],
      [0.014553569314, 0.003195577527, 0.0030259300964, 0.016491537986, 0.00027130558912, 0.95466440489, 0.0077976745961],
      [0.10725347095, 0.12958736749, 0.026995577636, 0.0140917791, 0.10537450523, 0.38730310223, 0.22939419737],
      [0.029163256794, 0.7410388246, 0.02114859076, 0.016727370256, 0.0045124760725, 0.17816534897, 0.0092441325548],
      [0.075813940047, 0.12634149067, 0.02565628638, 0.01494844216, 0.067078117357, 0.42051137038, 0.26965035301]
    ],
    [
      [0.0075618753807, 0.00845803707, 0.014502005917, 0.24646961929, 0.00037999426727, 0.72212163954, 0.00050682854366],
      [0.0025588317289, 0.038712816137, 0.39551201804, 0.15114710511, 0.063795031701, 0.29967951963, 0.048594677659],
      [0.026088168326, 0.02813299456, 0.0022927061028, 0.00093545309327, 0.8114508311, 0.048518623939, 0.082581222881],
      [0.024839387065, 0.0046664822522, 0.0011150506659, 0.047448821218, 0.017955723252, 0.89739221779, 0.0065823177602],
      [0.10893972147, 0.037320256691, 0.0054050783372, 0.017188731976, 0.30442867488, 0.38017943906, 0.14653809758],
      [0.067223010007, 0.38099371204, 0.018854922102, 0.04283993453, 0.055061285924, 0.42076089316, 0.014266242242],
      [0.10861834135, 0.04942295069, 0.016070271508, 0.024217692012, 0.2864275201, 0.28233518089, 0.23290804345]
    ],
    [
      [0.0085156165552, 0.009841884859, 0.081093818975, 0.274194076, 0.0018852679716, 0.62358598848, 0.00088334715776],
      [0.0010490927011, 0.016393128695, 0.79098416282, 0.063486439237, 0.023135669038, 0.08771869974, 0.01723280777],
      [0.03538765599, 0.038185225208, 0.031701398044, 0.00084643656757, 0.75557175801, 0.048308234134, 0.089999292045],
      [0.031782088622, 0.0063711560889, 0.0129059845, 0.064126218005, 0.0044441985262, 0.87410698602, 0.006263368242],
      [0.11458729914, 0.044201833827, 0.080123319419, 0.020774092263, 0.26003784665, 0.33822820098, 0.14204740773],
      [0.068721689512, 0.40009538183, 0.10876139453, 0.047267704964, 0.029626886587, 0.33327206677, 0.012254875803],
      [0.1167173682, 0.05742939559, 0.1098898481, 0.028767253413, 0.22417650886, 0.24197638062, 0.22104324521]
    ],
    [
      [0.0025720019875, 0.014294237383, 0.034183675222, 0.2793829511, 0.0021734256154, 0.66508608683, 0.0023076218698],
      [0.00064805590406, 0.036648380944, 0.62308505077, 0.089611697442, 0.039446290346, 0.17961046223, 0.03095006236],
      [0.012402516936, 0.054776627879, 0.015903567177, 0.0012928822337, 0.7760651098, 0.026781837509, 0.11277745846],
      [0.0095802314823, 0.0092762785136, 0.0081614482222, 0.06319816202, 0.0018172518684, 0.8974482423, 0.010518385591],
      [0.049796510862, 0.071401454607, 0.03829559318, 0.022186642706, 0.26454183097, 0.35157141831, 0.20220654936],
      [0.021261685832, 0.61666290278, 0.04136499018, 0.037289488572, 0.017482594216, 0.25377040986, 0.012167928564],
      [0.046092058034, 0.091869433407, 0.048300392333, 0.028721231507, 0.22454325541, 0.24970269558, 0.31077093374]
    ],
    [
      [0.0071427352668, 0.0061697654055, 0.011976765008, 0.21382799519, 0, 0.75979455714, 0.0010881819939],
      [0.0024633719166, 0.028164374362, 0.42945216085, 0.1495722432, 0.024422985574, 0.34343710736, 0.022487756736],
      [0.060014072547, 0.052819606016, 0.015433859476, 0.00099639852953, 0.62858443228, 0.14531644543, 0.096835185715],
      [0.018043549435, 0.0044808219492, 0.001286562611, 0.038803975132, 0.0007604481109, 0.93270096394, 0.0039236788188],
      [0.11236464727, 0.034089485153, 0.018825818627, 0.022040688319, 0.11071225176, 0.61811061694, 0.083856491927],
      [0.065490306118, 0.33102518961, 0.026404974683, 0.050376567446, 0.010323850195, 0.50919593944, 0.0071831725074],
      [0.12379160294, 0.049115334371, 0.028800100348, 0.034309931687, 0.10927375461, 0.50798917093, 0.14672010511]
    ],
    [
      [0, 0.009659864029, 0, 0.24563947015, 0.004395588576, 0.74030507724, 0],
      [0, 0.14885627948, 0, 0.28420739476, 0.034100457622, 0.53283586813, 0],
      [0, 0.19420650572, 0, 0.018104422245, 0.70015864625, 0.087530425785, 0],
      [0, 0.0051707690135, 0, 0.030558450271, 0.013054034188, 0.95121674653, 0],
      [0, 0.13844008765, 0, 0.081310699514, 0.14269621718, 0.63755299566, 0],
      [0, 0.73913983355, 0, 0.024044036191, 0.0078240479882, 0.22899208228, 0],
      [0, 0.2693541298, 0, 0.086197897851, 0.1460874985, 0.49836047386, 0]
    ],
    [
      [0.0061838125404, 0.006917583647, 0.020592708521, 0.36545130173, 0.00059075728127, 0.60023429207, 2.9544219728e-05],
      [0.0022651662326, 0.025979368388, 0.50711044407, 0.20187491621, 0.031379458684, 0.21876769037, 0.012622956053],
      [0.056169563545, 0.044451039317, 0.017252382906, 0.00058745138337, 0.76272544888, 0.06823616711, 0.050577946855],
      [0.025962117805, 0.0056604655634, 0.0048386890138, 0.083552277139, 0.0028048000538, 0.87647440812, 0.00070724230796],
      [0.1543336554, 0.041109794416, 0.029575032045, 0.03826756767, 0.20049832955, 0.4782377588, 0.057977862117],
      [0.080644322551, 0.34858068414, 0.035983538034, 0.07984006857, 0.019144597183, 0.43129947094, 0.0045073185752],
      [0.16346237644, 0.057925399202, 0.042413362265, 0.058422983294, 0.18682176119, 0.3806991222, 0.11025499541]
    ],
    [
      [0.0018643349065, 0.005774584047, 0.024235708177, 0.38264234585, 5.778548919e-05, 0.58537506062, 5.0180914251e-05],
      [0.0011371993254, 0.018473243854, 0.58275073789, 0.20165117823, 0.014370187926, 0.17502074914, 0.0065967036424],
      [0.034332240622, 0.056884016764, 0.035095825389, 0.0019943999825, 0.67991303094, 0.1407460059, 0.051034480406],
      [0.0085955841989, 0.0065971612387, 0.007497465968, 0.093447370351, 0, 0.88340702353, 0.00045539471293],
      [0.062032677718, 0.040424058916, 0.046299065754, 0.05377831996, 0.13473961054, 0.60996271905, 0.052763548062],
      [0.029130243606, 0.3069340449, 0.049591400108, 0.1002644574, 0.013170107334, 0.49781225429, 0.0030974923698],
      [0.068784033438, 0.057316817634, 0.06782916348, 0.083410633145, 0.12913910783, 0.50198662687, 0.091533617597]
    ],
    [
      [0.0060161537815, 0.0029520733602, 0.021478290002, 0.12112180508, 0.040899658794, 0.80623174623, 0.001300272747],
      [0.0013780743523, 0.012484007185, 0.62450226348, 0.066514710615, 0.038524488197, 0.2231644311, 0.033432025066],
      [0.036560110268, 0.017072764496, 0.015803571874, 0.00016512935497, 0.77609469493, 0.037294132663, 0.11700959641],
      [0.019048335478, 0.00062083830928, 0.0058875342381, 0.015405354127, 0.0010323222556, 0.94888634738, 0.0091192682172],
      [0.10553813799, 0.017869009129, 0.028856594538, 0.011167924374, 0.21149198275, 0.47351761495, 0.15155873626],
      [0.079496937026, 0.22201474096, 0.049264393717, 0.031758829597, 0.022320958382, 0.57898987112, 0.016154269203],
      [0.096321743772, 0.02132161658, 0.036381073255, 0.015042953973, 0.17167778783, 0.43786044703, 0.22139437756]
    ],
    [
      [0.008120997837, 0.0093341953971, 0.052992460603, 0.29876474503, 0, 0.63077225777, 1.5343359698e-05],
      [0.0011542145414, 0.01774266608, 0.88151072357, 0.035493059927, 0.0058401431738, 0.050016938978, 0.0082422537338],
      [0.075671598578, 0.051451937386, 0.041367717381, 0.0018938477526, 0.70624302071, 0.07728186414, 0.046090014051],
      [0.029080537447, 0.008641392385, 0.012129991662, 0.060963570583, 0.0017448697063, 0.88682220529, 0.00061743292299],
      [0.16416449444, 0.04564292899, 0.066896576056, 0.027281383922, 0.16664886365, 0.46841221193, 0.060953541014],
      [0.078958553496, 0.40039030562, 0.075634636728, 0.05173488431, 0.012954169469, 0.3762611291, 0.0040663212822],
      [0.16496846575, 0.059447683899, 0.091084543087, 0.039519269364, 0.14540222739, 0.40202791027, 0.097549900233]
    ],
    [
      [0.0084264165691, 0.0037171013656, 0.0037385349308, 0.23274580286, 0.00075830689634, 0.74955596568, 0.0010578717018],
      [0.0017632115637, 0.019673860523, 0.31904506192, 0.17224075254, 0.025946235056, 0.44189151311, 0.019439365284],
      [0.038374254567, 0.033333778063, 0.0094529502469, 0.0012211439016, 0.72054839526, 0.11844746928, 0.078622008688],
      [0.010284694664, 0.0022014294197, 0.00073935550363, 0.044083439495, 0.0023594186773, 0.93687108999, 0.0034605722512],
      [0.080088040365, 0.023076500244, 0.0073927396415, 0.025271242831, 0.138357527, 0.65277546726, 0.073038482653],
      [0.043940555482, 0.21547536762, 0.016707136206, 0.055705740952, 0.014538668067, 0.64744605531, 0.0061864763587],
      [0.088103218388, 0.0344957828, 0.020615010097, 0.039665093133, 0.13633511695, 0.54869888826, 0.13208689037]
    ],
    [
      [0, 0.0056063384588, 0, 0.26123266159, 7.9592764279e-05, 0.73197425984, 0.0011071473466],
      [0, 0.036126661578, 0, 0.36866497529, 0.016083612774, 0.56374268247, 0.015382067891],
      [0, 0.096453789636, 0, 0.0075764760216, 0.5220469319, 0.28908490498, 0.084837897459],
      [0, 0.0013347707374, 0, 0.055573499564, 0.00062777544879, 0.93367457632, 0.0087893779284],
      [0, 0.058084134439, 0, 0.0386048722, 0.067891914928, 0.77889107741, 0.056528001024],
      [0, 0.31495692773, 0, 0.061597022357, 0.0055802051592, 0.61354574775, 0.0043200970009],
      [0, 0.091087185242, 0, 0.065397143576, 0.070642973876, 0.65938520686, 0.11348749044]
    ],
    [
      ["NaN", "NaN", "NaN", "NaN", "NaN", "NaN", "NaN"],
      [0.010722404311, 0, 0.62342684894, 0, 0.036566331072, 0.16306006861, 0.16622434706],
      [0.18706386352, 0, 0, 0, 0.32199466326, 0.045089408848, 0.44585206437],
      [0.11901320799, 0, 0.027521254516, 0, 0.027178234887, 0.78719567255, 0.039091630058],
      [0.49743691308, 0, 0.00057943993536, 0, 0.055190000925, 0.060370259019, 0.38642338704],
      ["NaN", "NaN", "NaN", "NaN", "NaN", "NaN", "NaN"],
      [0.31010765749, 0, 0.0095274975899, 0, 0.041204369891, 0.10574401363, 0.5334164614]
    ],
    [
      [0.0051489800649, 0.0052649464188, 0.061063195543, 0.48078836628, 0.00078247963864, 0.4450003407, 0.0019516913506],
      [0.0016999940324, 0.0078552705815, 0.78660446591, 0.10889675737, 0.0083713359014, 0.077077195042, 0.0094949811641],
      [0.04165859184, 0.042986712126, 0.072618185942, 0.0021028565371, 0.62772279399, 0.099121566698, 0.11378929287],
      [0.01862310147, 0.0064611738564, 0.0088794695289, 0.13139524622, 0.00022438748422, 0.82716072474, 0.0072558966982],
      [0.084852898188, 0.034409906273, 0.11750522342, 0.059920076013, 0.13639878333, 0.44455623379, 0.12235687899],
      [0.041525147661, 0.28855639433, 0.13590256105, 0.12389047066, 0.013589438095, 0.38743381934, 0.0091021688509],
      [0.12697325266, 0.065677975069, 0.18990372026, 0.061247121541, 0.13653786356, 0.15507073196, 0.26458933494]
    ],
    [
      [0.0030762199762, 0.007393527502, 0.036916412389, 0.3029670334, 0, 0.64963028495, 1.6521780407e-05],
      [0.0011987267242, 0.019021554233, 0.65855799605, 0.113138594, 0.020983495409, 0.17868998135, 0.0084096522405],
      [0.030256040037, 0.043793111982, 0.028811949289, 0.0030815155092, 0.76575679964, 0.083748256011, 0.044552327536],
      [0.012726561337, 0.006285447428, 0.0080257723542, 0.067865020234, 0.0018782942557, 0.9025148529, 0.00070405148941],
      [0.074851392508, 0.042726293752, 0.053559661015, 0.031726069276, 0.21918396474, 0.51189602924, 0.066056589474],
      [0.041553673218, 0.39263297972, 0.070172953667, 0.067217933882, 0.011095877183, 0.41239244409, 0.0049341382388],
      [0.084120459868, 0.061152254597, 0.077887440725, 0.047820648809, 0.20848505157, 0.40538318975, 0.11515095468]
    ],
    [
      [0, 0.0018515825007, 0.013253057346, 0.33147372516, 0, 0.64950068009, 0.003920954896],
      [0, 0.016984247273, 0.44713018599, 0.20814857528, 0.0096176521911, 0.29732207013, 0.020797269133],
      [0, 0.038139996406, 0.020044778633, 0.0067360202356, 0.67604670742, 0.14536203292, 0.11367046438],
      [0, 0.0010354512042, 0.0016077899179, 0.070423093267, 0.00079408618423, 0.91658629937, 0.0095532800518],
      [0, 0.034415302198, 0.029003920647, 0.04157387858, 0.13488664546, 0.64843743978, 0.11168281333],
      [0, 0.26192140715, 0.031241513899, 0.087284156296, 0.013226135943, 0.59715053916, 0.0091762475527],
      [0, 0.052434849249, 0.035373877832, 0.062175020154, 0.12730566851, 0.53419059368, 0.18851999057]
    ],
    [
      [0.0026284166322, 0.015048062258, 0.036502996174, 0.49076008105, 0, 0.45114796969, 0.0039124741993],
      ["NaN", "NaN", "NaN", "NaN", "NaN", "NaN", "NaN"],
      [0.03731306991, 0.054992656896, 0.034752717785, 0.0025359984793, 0.56134808517, 0.16433845457, 0.1447190172],
      [0.0029615730595, 0.0053876810748, 0.0087543490543, 0.12146828572, 0.003648904725, 0.84859743825, 0.0091817681204],
      [0.053687318734, 0.032037573556, 0.037485617096, 0.074674220207, 0.075211860862, 0.61190435155, 0.114999058],
      ["NaN", "NaN", "NaN", "NaN", "NaN", "NaN", "NaN"],
      [0.050119392484, 0.036367950463, 0.042823456511, 0.11124891052, 0.079245277204, 0.50808692796, 0.17210808486]
    ],
    [
      [0, 0, 0.010128091668, 0.44674326404, 0.0045394028547, 0.53833435825, 0.00025488318352],
      [0, 0, 0.44262570044, 0.30020524027, 0.035467106911, 0.21197158349, 0.0097303688818],
      [0, 0, 0.010609643444, 0.0011040490948, 0.84873713083, 0.09939927944, 0.040149897192],
      [0, 0, 0.0018314843659, 0.097608277485, 0.0084166567595, 0.89055001505, 0.0015935663449],
      [0, 0, 0.029650799515, 0.077267428356, 0.24672010826, 0.58889455808, 0.057467105788],
      [0, 0, 0.095691136551, 0.18715447546, 0.032771698653, 0.67897819254, 0.0054044968],
      [0, 0, 0.059883437027, 0.10410125724, 0.24419608822, 0.4854996307, 0.10631958682]
    ],
    [
      [0.0052821181654, 0.0065205695238, 0.040379705129, 0.24580597649, 0.00013046358029, 0.70185582187, 2.5345245109e-05],
      [0.0010901320119, 0.018561514242, 0.689312934, 0.095261473408, 0.019469583036, 0.16438309711, 0.011921266194],
      [0.03924198969, 0.04548967319, 0.033666013318, 0.001324750566, 0.71056678906, 0.10264504166, 0.067065742517],
      [0.018932949032, 0.0044989938738, 0.0072232542314, 0.052409946816, 0.00084141399057, 0.91517286095, 0.00092058110265],
      [0.09554332775, 0.03970736357, 0.055057328151, 0.024871170532, 0.17954147125, 0.52518061372, 0.08009872503],
      [0.051915533167, 0.33616196146, 0.067424865948, 0.05162854655, 0.017125909125, 0.46974663978, 0.0059965439755],
      [0.10549381221, 0.055990469366, 0.079839139983, 0.037298038514, 0.16797962719, 0.41708089225, 0.13631802048]
    ],
    [
      [0.002942626864, 0.013522115226, 0.039016928659, 0.29018401432, 0.0019497303931, 0.65191025599, 0.00047432854616],
      [0.001103269743, 0.03829552585, 0.64251286349, 0.1040306249, 0.024557622958, 0.15323759973, 0.036262493333],
      [0.032297576108, 0.078269284853, 0.025580456891, 0.0013668703517, 0.63408635581, 0.049221241616, 0.17917821437],
      [0.013807940549, 0.0051673114196, 0.0088609045837, 0.067651345305, 0.0045230349661, 0.89682230685, 0.003167156323],
      [0.064752530845, 0.072593788763, 0.044356063022, 0.024653680847, 0.16480001126, 0.39315964026, 0.235684285],
      [0.029176777019, 0.5496509184, 0.04581771929, 0.042359688063, 0.014215258449, 0.30544575193, 0.01333388685],
      [0.062288094986, 0.091051635731, 0.055242705671, 0.031851355479, 0.13326714885, 0.27030756437, 0.35599149491]
    ],
    [
      [0.0021040385024, 0.0094990415127, 0.022467185677, 0.36416938827, 0.00052796238377, 0.60087280634, 0.00035957731811],
      [0.00056877692151, 0.042392382635, 0.5099778234, 0.18471250494, 0.022943256159, 0.22377015758, 0.015635098358],
      [0.022150335339, 0.082261739003, 0.023847239087, 0.0023336428274, 0.6795770598, 0.1093725093, 0.080457474641],
      [0.005496146081, 0.0029314766663, 0.0060318533356, 0.084847993954, 0.0060337301288, 0.89101954729, 0.0036392525408],
      [0.050119366774, 0.075436876284, 0.036525671973, 0.042308047957, 0.1688358279, 0.53398763013, 0.092786578985],
      [0.021454680642, 0.52724694839, 0.036304104632, 0.068653731429, 0.0063378044317, 0.33503133223, 0.0049713982398],
      [0.058249591279, 0.11118420817, 0.053366762955, 0.065610839457, 0.15413341487, 0.39281616308, 0.16463902019]
    ],
    [
      [0, 0.0044294224155, 0.036401811566, 0.30718597202, 0.00014730272605, 0.65183549127, 0],
      [0, 0.013874107232, 0.69497602983, 0.098705979963, 0.0052563489929, 0.18446548659, 0.0027220473962],
      [0, 0.071827754874, 0.057621074999, 0.0071064324713, 0.635893991, 0.17834078295, 0.0492099637],
      [0, 0.0020487431526, 0.0099895246719, 0.067622500094, 0.0010017930634, 0.91901145219, 0.00032598682889],
      [0, 0.050824683776, 0.067015170333, 0.039353488402, 0.10324701273, 0.69844286075, 0.04111678401],
      [0, 0.32465458531, 0.070319667155, 0.067204722176, 0.0087571674768, 0.52671979109, 0.0023440667874],
      [0, 0.070720848492, 0.098965482763, 0.057506913699, 0.10177672592, 0.59863368645, 0.072396342676]
    ],
    [
      [0.0042257415106, 0.016901531384, 0.0099369653999, 0.24339998014, 0.0048369909853, 0.71767809763, 0.0030206929506],
      [0.0013483063801, 0.14284149081, 0.33728294317, 0.16759744107, 0.063342169412, 0.23768907557, 0.049898573605],
      [0.026852622028, 0.07110080776, 0.0018929274805, 0.01836245444, 0.71935222372, 0.079312025087, 0.083126939481],
      [0.0059748083995, 0.006739086904, 0.00091020395223, 0.040611184397, 0.016947204458, 0.91870640366, 0.010111108232],
      [0.057680059266, 0.12416514062, 0.0083498210677, 0.019796560392, 0.25214811266, 0.40378870998, 0.13407159602],
      [0.01805172174, 0.7424088725, 0.0072349038597, 0.022511837701, 0.010519774531, 0.19257290858, 0.006699981087],
      [0.066568033078, 0.19601427815, 0.015966100238, 0.026470581994, 0.22619813273, 0.23388121913, 0.23490165467]
    ],
    [
      [0.010775555834, 0.0019673984598, 0.0085253601588, 0.22636565343, 0.0047201180279, 0.74286020593, 0.0047857081666],
      [0.0025525727856, 0.016358176159, 0.46451858099, 0.13359117127, 0.12208995693, 0.21384255314, 0.047046988731],
      [0.014402308791, 0.003706386443, 0.0010445369758, 0.002703389998, 0.9124290772, 0.015296710398, 0.050417590192],
      [0.015550871846, 0.00088992451647, 0.0012794325845, 0.044861806507, 0.012356600728, 0.91160518119, 0.013456182627],
      [0.062767647667, 0.013977889152, 0.009634534819, 0.012992357868, 0.48493612808, 0.29822053345, 0.11747090897],
      [0.052757491107, 0.24620763777, 0.020950263001, 0.04504042105, 0.098710651376, 0.52064147168, 0.015692064016],
      [0.0678495624, 0.019733213165, 0.01559017877, 0.018762096306, 0.44673917397, 0.23527450827, 0.19605126712]
    ],
    [
      [0.0055557371368, 0.011973370646, 0.013619992972, 0.24897601814, 0.026404915746, 0.69283746162, 0.00063250374029],
      [0.0018308716924, 0.055363085344, 0.39991866338, 0.15393906228, 0.0404695262, 0.28997664144, 0.058502149662],
