{
  "Z_true": {},
  "V_true": [
    [53, 771, 100, 87, 1018, 27],
    [173, 63, 304, 1451, 430, 172],
    [199, 62, 429, 3793, 125, 57],
    [421, 297, 609, 293, 19110, 194],
    [277, 97, 2973, 787, 807, 83],
    [158, 32, 127, 228, 245, 140]
  ],
  "p_true": [
    [0.0258, 0.375, 0.0486, 0.0423, 0.4951, 0.0131],
    [0.0667, 0.0243, 0.1172, 0.5596, 0.1658, 0.0663],
    [0.0427, 0.0133, 0.092, 0.8131, 0.0268, 0.0122],
    [0.0201, 0.0142, 0.0291, 0.014, 0.9133, 0.0093],
    [0.0551, 0.0193, 0.5918, 0.1566, 0.1606, 0.0165],
    [0.1699, 0.0344, 0.1366, 0.2452, 0.2634, 0.1505]
  ],
  "Z_est": [
    [
      [0.8766, 1.0714, 1.948, 0, 0.487, 3.409, 4.9674, 4.1882, 3.7012, 0, 1.1688, 2.0454, 0.0974, 0.5844, 0.1948, 4.9674, 1.461, 6.7206, 1.7532, 3.7986, 2.6298, 3.6038, 7.8894, 5.0648, 1.5584, 1.948, 0.8766, 0.8766, 1.0714, 1.8506, 0, 0.2922, 0.2922, 0.3896, 0.7792, 0, 0.974, 4.7726, 7.2076, 1.8506, 8.0842, 6.331, 8.4738, 2.435, 73.2448, 3.1168, 8.4738, 2.7272],
      [2.088, 2.552, 4.64, 0, 1.16, 8.12, 11.832, 9.976, 8.816, 0, 2.784, 4.872, 0.232, 1.392, 0.464, 11.832, 3.48, 16.008, 4.176, 9.048, 6.264, 8.584, 18.792, 12.064, 3.712, 4.64, 2.088, 2.088, 2.552, 4.408, 0, 0.696, 0.696, 0.928, 1.856, 0, 2.32, 11.368, 17.168, 4.408, 19.256, 15.08, 20.184, 5.8, 174.464, 7.424, 20.184, 6.496],
      [1.5381, 1.8799, 3.418, 0, 0.8545, 5.9815, 8.7159, 7.3487, 6.4942, 0, 2.0508, 3.5889, 0.1709, 1.0254, 0.3418, 8.7159, 2.5635, 11.7921, 3.0762, 6.6651, 4.6143, 6.3233, 13.8429, 8.8868, 2.7344, 3.418, 1.5381, 1.5381, 1.8799, 3.2471, 0, 0.5127, 0.5127, 0.6836, 1.3672, 0, 1.709, 8.3741, 12.6466, 3.2471, 14.1847, 11.1085, 14.8683, 4.2725, 128.5168, 5.4688, 14.8683, 4.7852],
      [1.4022, 1.7138, 3.116, 0, 0.779, 5.453, 7.9458, 6.6994, 5.9204, 0, 1.8696, 3.2718, 0.1558, 0.9348, 0.3116, 7.9458, 2.337, 10.7502, 2.8044, 6.0762, 4.2066, 5.7646, 12.6198, 8.1016, 2.4928, 3.116, 1.4022, 1.4022, 1.7138, 2.9602, 0, 0.4674, 0.4674, 0.6232, 1.2464, 0, 1.558, 7.6342, 11.5292, 2.9602, 12.9314, 10.127, 13.5546, 3.895, 117.1616, 4.9856, 13.5546, 4.3624],
      [2.6028, 3.1812, 5.784, 0, 1.446, 10.122, 14.7492, 12.4356, 10.9896, 0, 3.4704, 6.0732, 0.2892, 1.7352, 0.5784, 14.7492, 4.338, 19.9548, 5.2056, 11.2788, 7.8084, 10.7004, 23.4252, 15.0384, 4.6272, 5.784, 2.6028, 2.6028, 3.1812, 5.4948, 0, 0.8676, 0.8676, 1.1568, 2.3136, 0, 2.892, 14.1708, 21.4008, 5.4948, 24.0036, 18.798, 25.1604, 7.23, 217.4784, 9.2544, 25.1604, 8.0976],
      [0.4932, 0.6028, 1.096, 0, 0.274, 1.918, 2.7948, 2.3564, 2.0824, 0, 0.6576, 1.1508, 0.0548, 0.3288, 0.1096, 2.7948, 0.822, 3.7812, 0.9864, 2.1372, 1.4796, 2.0276, 4.4388, 2.8496, 0.8768, 1.096, 0.4932, 0.4932, 0.6028, 1.0412, 0, 0.1644, 0.1644, 0.2192, 0.4384, 0, 0.548, 2.6852, 4.0552, 1.0412, 4.5484, 3.562, 4.7676, 1.37, 41.2096, 1.7536, 4.7676, 1.5344]
    ],
    [
      [1.6644, 0.2628, 2.0148, 0.2628, 0.9636, 3.1536, 6.132, 7.0956, 4.7304, 0.5256, 2.3652, 4.6428, 0.3504, 1.1388, 0.438, 3.1536, 1.5768, 5.0808, 3.4164, 4.6428, 7.2708, 7.2708, 11.4756, 7.6212, 4.1172, 0.876, 1.752, 0.438, 2.19, 1.5768, 0.2628, 0.438, 0.2628, 0.3504, 0.7884, 0.5256, 1.0512, 2.1024, 2.628, 2.0148, 8.322, 5.694, 6.8328, 3.2412, 58.692, 10.1616, 19.7976, 5.7816],
      [1.3433, 0.2121, 1.6261, 0.2121, 0.7777, 2.5452, 4.949, 5.7267, 3.8178, 0.4242, 1.9089, 3.7471, 0.2828, 0.9191, 0.3535, 2.5452, 1.2726, 4.1006, 2.7573, 3.7471, 5.8681, 5.8681, 9.2617, 6.1509, 3.3229, 0.707, 1.414, 0.3535, 1.7675, 1.2726, 0.2121, 0.3535, 0.2121, 0.2828, 0.6363, 0.4242, 0.8484, 1.6968, 2.121, 1.6261, 6.7165, 4.5955, 5.5146, 2.6159, 47.369, 8.2012, 15.9782, 4.6662],
      [3.0343, 0.4791, 3.6731, 0.4791, 1.7567, 5.7492, 11.179, 12.9357, 8.6238, 0.9582, 4.3119, 8.4641, 0.6388, 2.0761, 0.7985, 5.7492, 2.8746, 9.2626, 6.2283, 8.4641, 13.2551, 13.2551, 20.9207, 13.8939, 7.5059, 1.597, 3.194, 0.7985, 3.9925, 2.8746, 0.4791, 0.7985, 0.4791, 0.6388, 1.4373, 0.9582, 1.9164, 3.8328, 4.791, 3.6731, 15.1715, 10.3805, 12.4566, 5.9089, 106.999, 18.5252, 36.0922, 10.5402],
      [8.8369, 1.3953, 10.6973, 1.3953, 5.1161, 16.7436, 32.557, 37.6731, 25.1154, 2.7906, 12.5577, 24.6503, 1.8604, 6.0463, 2.3255, 16.7436, 8.3718, 26.9758, 18.1389, 24.6503, 38.6033, 38.6033, 60.9281, 40.4637, 21.8597, 4.651, 9.302, 2.3255, 11.6275, 8.3718, 1.3953, 2.3255, 1.3953, 1.8604, 4.1859, 2.7906, 5.5812, 11.1624, 13.953, 10.6973, 44.1845, 30.2315, 36.2778, 17.2087, 311.617, 53.9516, 105.1126, 30.6966],
      [3.1711, 0.5007, 3.8387, 0.5007, 1.8359, 6.0084, 11.683, 13.5189, 9.0126, 1.0014, 4.5063, 8.8457, 0.6676, 2.1697, 0.8345, 6.0084, 3.0042, 9.6802, 6.5091, 8.8457, 13.8527, 13.8527, 21.8639, 14.5203, 7.8443, 1.669, 3.338, 0.8345, 4.1725, 3.0042, 0.5007, 0.8345, 0.5007, 0.6676, 1.5021, 1.0014, 2.0028, 4.0056, 5.007, 3.8387, 15.8555, 10.8485, 13.0182, 6.1753, 111.823, 19.3604, 37.7194, 11.0154],
      [0.9519, 0.1503, 1.1523, 0.1503, 0.5511, 1.8036, 3.507, 4.0581, 2.7054, 0.3006, 1.3527, 2.6553, 0.2004, 0.6513, 0.2505, 1.8036, 0.9018, 2.9058, 1.9539, 2.6553, 4.1583, 4.1583, 6.5631, 4.3587, 2.3547, 0.501, 1.002, 0.2505, 1.2525, 0.9018, 0.1503, 0.2505, 0.1503, 0.2004, 0.4509, 0.3006, 0.6012, 1.2024, 1.503, 1.1523, 4.7595, 3.2565, 3.9078, 1.8537, 33.567, 5.8116, 11.3226, 3.3066]
    ],
    [
      [1.2648, 0.2635, 0.7378, 0.1581, 1.4756, 3.7417, 7.0091, 8.3793, 9.0644, 0.4743, 2.0553, 4.6903, 0.3689, 0.9486, 0.2635, 4.3741, 1.2121, 6.0605, 1.0013, 2.6877, 6.5875, 8.2739, 13.5439, 11.8048, 6.0078, 1.1067, 1.4229, 1.3175, 1.2121, 2.1607, 0, 0.4216, 0.2635, 0.3162, 0.9486, 0.8959, 0.9486, 2.5296, 2.5823, 1.9499, 7.5888, 4.3214, 7.7469, 1.054, 79.8932, 7.1672, 15.2303, 2.3188],
      [0.7848, 0.1635, 0.4578, 0.0981, 0.9156, 2.3217, 4.3491, 5.1993, 5.6244, 0.2943, 1.2753, 2.9103, 0.2289, 0.5886, 0.1635, 2.7141, 0.7521, 3.7605, 0.6213, 1.6677, 4.0875, 5.1339, 8.4039, 7.3248, 3.7278, 0.6867, 0.8829, 0.8175, 0.7521, 1.3407, 0, 0.2616, 0.1635, 0.1962, 0.5886, 0.5559, 0.5886, 1.5696, 1.6023, 1.2099, 4.7088, 2.6814, 4.8069, 0.654, 49.5732, 4.4472, 9.4503, 1.4388],
      [1.956, 0.4075, 1.141, 0.2445, 2.282, 5.7865, 10.8395, 12.9585, 14.018, 0.7335, 3.1785, 7.2535, 0.5705, 1.467, 0.4075, 6.7645, 1.8745, 9.3725, 1.5485, 4.1565, 10.1875, 12.7955, 20.9455, 18.256, 9.291, 1.7115, 2.2005, 2.0375, 1.8745, 3.3415, 0, 0.652, 0.4075, 0.489, 1.467, 1.3855, 1.467, 3.912, 3.9935, 3.0155, 11.736, 6.683, 11.9805, 1.63, 123.554, 11.084, 23.5535, 3.586],
      [17.9208, 3.7335, 10.4538, 2.2401, 20.9076, 53.0157, 99.3111, 118.7253, 128.4324, 6.7203, 29.1213, 66.4563, 5.2269, 13.4406, 3.7335, 61.9761, 17.1741, 85.8705, 14.1873, 38.0817, 93.3375, 117.2319, 191.9019, 167.2608, 85.1238, 15.6807, 20.1609, 18.6675, 17.1741, 30.6147, 0, 5.9736, 3.7335, 4.4802, 13.4406, 12.6939, 13.4406, 35.8416, 36.5883, 27.6279, 107.5248, 61.2294, 109.7649, 14.934, 1131.9972, 101.5512, 215.7963, 32.8548],
      [1.5816, 0.3295, 0.9226, 0.1977, 1.8452, 4.6789, 8.7647, 10.4781, 11.3348, 0.5931, 2.5701, 5.8651, 0.4613, 1.1862, 0.3295, 5.4697, 1.5157, 7.5785, 1.2521, 3.3609, 8.2375, 10.3463, 16.9363, 14.7616, 7.5126, 1.3839, 1.7793, 1.6475, 1.5157, 2.7019, 0, 0.5272, 0.3295, 0.3954, 1.1862, 1.1203, 1.1862, 3.1632, 3.2291, 2.4383, 9.4896, 5.4038, 9.6873, 1.318, 99.9044, 8.9624, 19.0451, 2.8996],
      [0.492, 0.1025, 0.287, 0.0615, 0.574, 1.4555, 2.7265, 3.2595, 3.526, 0.1845, 0.7995, 1.8245, 0.1435, 0.369, 0.1025, 1.7015, 0.4715, 2.3575, 0.3895, 1.0455, 2.5625, 3.2185, 5.2685, 4.592, 2.337, 0.4305, 0.5535, 0.5125, 0.4715, 0.8405, 0, 0.164, 0.1025, 0.123, 0.369, 0.3485, 0.369, 0.984, 1.0045, 0.7585, 2.952, 1.681, 3.0135, 0.41, 31.078, 2.788, 5.9245, 0.902]
    ],
    [
      [1.0914, 0.4386, 2.1828, 0.0408, 0.7548, 3.4782, 4.6512, 4.386, 4.6614, 0.4998, 1.989, 2.8866, 0.3774, 0.7548, 0.1836, 4.6002, 2.4888, 7.446, 2.1726, 3.417, 6.0894, 4.2534, 10.0164, 8.7924, 3.6822, 1.9992, 1.5402, 0.51, 1.5504, 1.3464, 0.1734, 0.2958, 0.1632, 0.3366, 0.612, 0.561, 0.9282, 3.06, 5.61, 1.8462, 5.5182, 3.417, 5.4774, 2.2134, 77.6424, 5.1306, 9.4044, 2.754],
      [0.749, 0.301, 1.498, 0.028, 0.518, 2.387, 3.192, 3.01, 3.199, 0.343, 1.365, 1.981, 0.259, 0.518, 0.126, 3.157, 1.708, 5.11, 1.491, 2.345, 4.179, 2.919, 6.874, 6.034, 2.527, 1.372, 1.057, 0.35, 1.064, 0.924, 0.119, 0.203, 0.112, 0.231, 0.42, 0.385, 0.637, 2.1, 3.85, 1.267, 3.787, 2.345, 3.759, 1.519, 53.284, 3.521, 6.454, 1.89],
      [2.14, 0.86, 4.28, 0.08, 1.48, 6.82, 9.12, 8.6, 9.14, 0.98, 3.9, 5.66, 0.74, 1.48, 0.36, 9.02, 4.88, 14.6, 4.26, 6.7, 11.94, 8.34, 19.64, 17.24, 7.22, 3.92, 3.02, 1, 3.04, 2.64, 0.34, 0.58, 0.32, 0.66, 1.2, 1.1, 1.82, 6, 11, 3.62, 10.82, 6.7, 10.74, 4.34, 152.24, 10.06, 18.44, 5.4],
      [2.0651, 0.8299, 4.1302, 0.0772, 1.4282, 6.5813, 8.8008, 8.299, 8.8201, 0.9457, 3.7635, 5.4619, 0.7141, 1.4282, 0.3474, 8.7043, 4.7092, 14.089, 4.1109, 6.4655, 11.5221, 8.0481, 18.9526, 16.6366, 6.9673, 3.7828, 2.9143, 0.965, 2.9336, 2.5476, 0.3281, 0.5597, 0.3088, 0.6369, 1.158, 1.0615, 1.7563, 5.79, 10.615, 3.4933, 10.4413, 6.4655, 10.3641, 4.1881, 146.9116, 9.7079, 17.7946, 5.211],
      [100.3981, 40.3469, 200.7962, 3.7532, 69.4342, 319.9603, 427.8648, 403.469, 428.8031, 45.9767, 182.9685, 265.5389, 34.7171, 69.4342, 16.8894, 423.1733, 228.9452, 684.959, 199.8579, 314.3305, 560.1651, 391.2711, 921.4106, 808.8146, 338.7263, 183.9068, 141.6833, 46.915, 142.6216, 123.8556, 15.9511, 27.2107, 15.0128, 30.9639, 56.298, 51.6065, 85.3853, 281.49, 516.065, 169.8323, 507.6203, 314.3305, 503.8671, 203.6111, 7142.3396, 471.9649, 865.1126, 253.341],
      [0.5457, 0.2193, 1.0914, 0.0204, 0.3774, 1.7391, 2.3256, 2.193, 2.3307, 0.2499, 0.9945, 1.4433, 0.1887, 0.3774, 0.0918, 2.3001, 1.2444, 3.723, 1.0863, 1.7085, 3.0447, 2.1267, 5.0082, 4.3962, 1.8411, 0.9996, 0.7701, 0.255, 0.7752, 0.6732, 0.0867, 0.1479, 0.0816, 0.1683, 0.306, 0.2805, 0.4641, 1.53, 2.805, 0.9231, 2.7591, 1.7085, 2.7387, 1.1067, 38.8212, 2.5653, 4.7022, 1.377]
    ],
    [
      [1.0332, 0.1722, 2.6404, 0.4018, 2.2386, 5.2808, 7.4046, 7.9786, 6.6584, 0.4018, 2.4682, 5.0512, 0.1722, 0.6314, 0.1722, 6.0844, 1.9516, 6.7732, 2.1238, 4.2476, 5.9696, 6.9454, 14.6944, 9.758, 4.2476, 1.3202, 1.7794, 0.9758, 2.0664, 3.0422, 0.4018, 0.5166, 0.4018, 0.2296, 0.9184, 0.7462, 1.148, 4.2476, 5.9122, 2.6978, 8.036, 5.5104, 9.2988, 2.8126, 111.7004, 5.2234, 12.8002, 1.0906],
      [0.855, 0.1425, 2.185, 0.3325, 1.8525, 4.37, 6.1275, 6.6025, 5.51, 0.3325, 2.0425, 4.18, 0.1425, 0.5225, 0.1425, 5.035, 1.615, 5.605, 1.7575, 3.515, 4.94, 5.7475, 12.16, 8.075, 3.515, 1.0925, 1.4725, 0.8075, 1.71, 2.5175, 0.3325, 0.4275, 0.3325, 0.19, 0.76, 0.6175, 0.95, 3.515, 4.8925, 2.2325, 6.65, 4.56, 7.695, 2.3275, 92.435, 4.3225, 10.5925, 0.9025],
      [10.0692, 1.6782, 25.7324, 3.9158, 21.8166, 51.4648, 72.1626, 77.7566, 64.8904, 3.9158, 24.0542, 49.2272, 1.6782, 6.1534, 1.6782, 59.2964, 19.0196, 66.0092, 20.6978, 41.3956, 58.1776, 67.6874, 143.2064, 95.098, 41.3956, 12.8662, 17.3414, 9.5098, 20.1384, 29.6482, 3.9158, 5.0346, 3.9158, 2.2376, 8.9504, 7.2722, 11.188, 41.3956, 57.6182, 26.2918, 78.316, 53.7024, 90.6228, 27.4106, 1088.5924, 50.9054, 124.7462, 10.6286],
      [3.4884, 0.5814, 8.9148, 1.3566, 7.5582, 17.8296, 25.0002, 26.9382, 22.4808, 1.3566, 8.3334, 17.0544, 0.5814, 2.1318, 0.5814, 20.5428, 6.5892, 22.8684, 7.1706, 14.3412, 20.1552, 23.4498, 49.6128, 32.946, 14.3412, 4.4574, 6.0078, 3.2946, 6.9768, 10.2714, 1.3566, 1.7442, 1.3566, 0.7752, 3.1008, 2.5194, 3.876, 14.3412, 19.9614, 9.1086, 27.132, 18.6048, 31.3956, 9.4962, 377.1348, 17.6358, 43.2174, 3.6822],
      [2.0682, 0.3447, 5.2854, 0.8043, 4.4811, 10.5708, 14.8221, 15.9711, 13.3284, 0.8043, 4.9407, 10.1112, 0.3447, 1.2639, 0.3447, 12.1794, 3.9066, 13.5582, 4.2513, 8.5026, 11.9496, 13.9029, 29.4144, 19.533, 8.5026, 2.6427, 3.5619, 1.9533, 4.1364, 6.0897, 0.8043, 1.0341, 0.8043, 0.4596, 1.8384, 1.4937, 2.298, 8.5026, 11.8347, 5.4003, 16.086, 11.0304, 18.6138, 5.6301, 223.5954, 10.4559, 25.6227, 2.1831],
      [0.4878, 0.0813, 1.2466, 0.1897, 1.0569, 2.4932, 3.4959, 3.7669, 3.1436, 0.1897, 1.1653, 2.3848, 0.0813, 0.2981, 0.0813, 2.8726, 0.9214, 3.1978, 1.0027, 2.0054, 2.8184, 3.2791, 6.9376, 4.607, 2.0054, 0.6233, 0.8401, 0.4607, 0.9756, 1.4363, 0.1897, 0.2439, 0.1897, 0.1084, 0.4336, 0.3523, 0.542, 2.0054, 2.7913, 1.2737, 3.794, 2.6016, 4.3902, 1.3279, 52.7366, 2.4661, 6.0433, 0.5149]
    ],
    [
      [0.9114, 0, 1.0416, 0.1302, 1.0416, 1.953, 3.1248, 4.1664, 3.255, 0.3906, 0.7812, 2.0832, 0, 0.2604, 0.1302, 1.6926, 0.651, 2.4738, 1.1718, 1.5624, 3.1248, 3.906, 4.2966, 4.6872, 2.7342, 0.5208, 1.5624, 0.3906, 1.0416, 1.4322, 0.1302, 0.1302, 0.2604, 0.2604, 0.651, 0.5208, 0.9114, 1.5624, 3.3852, 1.8228, 3.6456, 1.8228, 3.7758, 1.4322, 34.8936, 2.4738, 10.416, 2.4738],
      [1.0612, 0, 1.2128, 0.1516, 1.2128, 2.274, 3.6384, 4.8512, 3.79, 0.4548, 0.9096, 2.4256, 0, 0.3032, 0.1516, 1.9708, 0.758, 2.8804, 1.3644, 1.8192, 3.6384, 4.548, 5.0028, 5.4576, 3.1836, 0.6064, 1.8192, 0.4548, 1.2128, 1.6676, 0.1516, 0.1516, 0.3032, 0.3032, 0.758, 0.6064, 1.0612, 1.8192, 3.9416, 2.1224, 4.2448, 2.1224, 4.3964, 1.6676, 40.6288, 2.8804, 12.128, 2.8804],
      [1.2915, 0, 1.476, 0.1845, 1.476, 2.7675, 4.428, 5.904, 4.6125, 0.5535, 1.107, 2.952, 0, 0.369, 0.1845, 2.3985, 0.9225, 3.5055, 1.6605, 2.214, 4.428, 5.535, 6.0885, 6.642, 3.8745, 0.738, 2.214, 0.5535, 1.476, 2.0295, 0.1845, 0.1845, 0.369, 0.369, 0.9225, 0.738, 1.2915, 2.214, 4.797, 2.583, 5.166, 2.583, 5.3505, 2.0295, 49.446, 3.5055, 14.76, 3.5055],
      [1.6919, 0, 1.9336, 0.2417, 1.9336, 3.6255, 5.8008, 7.7344, 6.0425, 0.7251, 1.4502, 3.8672, 0, 0.4834, 0.2417, 3.1421, 1.2085, 4.5923, 2.1753, 2.9004, 5.8008, 7.251, 7.9761, 8.7012, 5.0757, 0.9668, 2.9004, 0.7251, 1.9336, 2.6587, 0.2417, 0.2417, 0.4834, 0.4834, 1.2085, 0.9668, 1.6919, 2.9004, 6.2842, 3.3838, 6.7676, 3.3838, 7.0093, 2.6587, 64.7756, 4.5923, 19.336, 4.5923],
      [1.1739, 0, 1.3416, 0.1677, 1.3416, 2.5155, 4.0248, 5.3664, 4.1925, 0.5031, 1.0062, 2.6832, 0, 0.3354, 0.1677, 2.1801, 0.8385, 3.1863, 1.5093, 2.0124, 4.0248, 5.031, 5.5341, 6.0372, 3.5217, 0.6708, 2.0124, 0.5031, 1.3416, 1.8447, 0.1677, 0.1677, 0.3354, 0.3354, 0.8385, 0.6708, 1.1739, 2.0124, 4.3602, 2.3478, 4.6956, 2.3478, 4.8633, 1.8447, 44.9436, 3.1863, 13.416, 3.1863],
      [0.8708, 0, 0.9952, 0.1244, 0.9952, 1.866, 2.9856, 3.9808, 3.11, 0.3732, 0.7464, 1.9904, 0, 0.2488, 0.1244, 1.6172, 0.622, 2.3636, 1.1196, 1.4928, 2.9856, 3.732, 4.1052, 4.4784, 2.6124, 0.4976, 1.4928, 0.3732, 0.9952, 1.3684, 0.1244, 0.1244, 0.2488, 0.2488, 0.622, 0.4976, 0.8708, 1.4928, 3.2344, 1.7416, 3.4832, 1.7416, 3.6076, 1.3684, 33.3392, 2.3636, 9.952, 2.3636]
    ]
  ],
  "V_est": [
    [200.2544, 476.992, 351.3704, 320.3248, 594.5952, 112.6688],
    [227.1468, 183.3251, 414.1021, 1206.0043, 432.7717, 129.9093],
    [245.8455, 152.5455, 380.1975, 3483.3555, 307.4235, 95.6325],
    [213.4248, 146.468, 418.48, 403.8332, 19632.9892, 106.7124],
    [288.3776, 238.64, 2810.4256, 973.6512, 577.2576, 136.1504],
    [121.086, 140.988, 171.585, 224.781, 155.961, 115.692]
  ],
  "p_est": [
    [0.0974, 0.232, 0.1709, 0.1558, 0.2892, 0.0548],
    [0.0876, 0.0707, 0.1597, 0.4651, 0.1669, 0.0501],
    [0.0527, 0.0327, 0.0815, 0.7467, 0.0659, 0.0205],
    [0.0102, 0.007, 0.02, 0.0193, 0.9383, 0.0051],
    [0.0574, 0.0475, 0.5594, 0.1938, 0.1149, 0.0271],
    [0.1302, 0.1516, 0.1845, 0.2417, 0.1677, 0.1244]
  ],
  "EI_Z": {},
  "EI_V": 7.0296,
  "MAE_Z": {},
  "MAE_V": 141.3412,
  "MAE_p": 0.045,
  "runtime": 186.983
}
