{
  "X": [
    [20, 19, 35, 357, 80],
    [39, 49, 74, 782, 141],
    [18, 24, 45, 404, 49],
    [50, 25, 152, 594, 80],
    [52, 19, 192, 559, 75],
    [30, 24, 54, 336, 51],
    [29, 26, 83, 666, 96],
    [22, 30, 70, 253, 51],
    [66, 24, 158, 519, 111],
    [28, 29, 109, 471, 71],
    [17, 11, 65, 173, 35],
    [70, 46, 352, 857, 138],
    [34, 9, 97, 284, 47],
    [66, 31, 275, 774, 104],
    [6, 4, 11, 30, 6],
    [0, 2, 4, 29, 1],
    [2, 6, 8, 12, 5],
    [19, 30, 103, 311, 46],
    [28, 20, 93, 396, 61],
    [33, 26, 95, 397, 64],
    [9, 20, 29, 152, 31],
    [3, 5, 4, 27, 7],
    [1, 4, 3, 13, 3],
    [13, 9, 21, 181, 45],
    [11, 10, 26, 117, 26],
    [19, 14, 30, 270, 69],
    [6, 10, 35, 183, 33],
    [17, 11, 88, 106, 33],
    [71, 155, 206, 1153, 214],
    [42, 39, 89, 485, 78],
    [24, 8, 53, 165, 57],
    [57, 30, 121, 566, 96],
    [29, 41, 75, 481, 82],
    [30, 55, 125, 411, 104],
    [7, 6, 40, 50, 13],
    [105, 58, 330, 1153, 176],
    [68, 38, 237, 744, 144],
    [14, 7, 32, 74, 22],
    [11, 10, 51, 241, 27],
    [19, 13, 63, 214, 39],
    [70, 175, 271, 1176, 214],
    [23, 47, 56, 256, 41],
    [9, 8, 35, 103, 22],
    [32, 22, 50, 234, 43],
    [21, 17, 58, 312, 54],
    [25, 12, 42, 282, 55],
    [4, 3, 6, 44, 9],
    [0, 0, 0, 1, 1],
    [1, 4, 45, 134, 41],
    [40, 53, 244, 918, 143],
    [8, 20, 28, 190, 35],
    [111, 185, 318, 1054, 267],
    [3, 14, 34, 90, 11]
  ],
  "W": [
    [10, 22, 316, 39, 44, 31, 26, 23],
    [18, 58, 667, 73, 82, 67, 56, 64],
    [6, 30, 344, 45, 36, 22, 25, 32],
    [33, 38, 473, 138, 68, 30, 70, 51],
    [40, 30, 410, 178, 71, 29, 94, 45],
    [19, 28, 281, 43, 42, 19, 39, 24],
    [25, 30, 586, 75, 57, 37, 52, 38],
    [16, 34, 205, 58, 38, 4, 39, 32],
    [39, 35, 412, 133, 68, 24, 112, 55],
    [27, 25, 359, 109, 71, 14, 58, 45],
    [10, 16, 139, 54, 29, 7, 30, 16],
    [94, 50, 659, 324, 129, 27, 124, 56],
    [15, 12, 225, 86, 46, 11, 45, 31],
    [80, 46, 572, 246, 97, 34, 121, 54],
    [4, 9, 23, 10, 1, 1, 8, 1],
    [1, 2, 25, 4, 3, 0, 0, 1],
    [3, 4, 12, 12, 0, 0, 1, 1],
    [16, 22, 253, 103, 39, 15, 37, 24],
    [26, 23, 315, 83, 46, 23, 56, 26],
    [19, 36, 298, 91, 43, 27, 64, 37],
    [5, 22, 139, 24, 17, 12, 9, 13],
    [1, 5, 26, 5, 2, 0, 4, 3],
    [1, 4, 12, 3, 2, 1, 0, 1],
    [6, 10, 155, 25, 25, 25, 10, 13],
    [3, 15, 108, 28, 9, 7, 8, 12],
    [11, 15, 234, 33, 33, 31, 26, 19],
    [8, 9, 152, 29, 17, 21, 11, 20],
    [20, 17, 79, 70, 19, 7, 30, 13],
    [44, 187, 925, 173, 150, 103, 110, 107],
    [18, 44, 390, 93, 50, 42, 57, 39],
    [22, 20, 123, 48, 22, 12, 40, 20],
    [35, 66, 444, 92, 65, 37, 77, 54],
    [23, 56, 383, 63, 64, 35, 42, 42],
    [27, 80, 340, 100, 67, 26, 45, 40],
    [10, 6, 38, 34, 9, 1, 9, 9],
    [75, 81, 954, 268, 155, 46, 134, 109],
    [48, 63, 591, 208, 78, 42, 132, 69],
    [11, 8, 58, 31, 16, 0, 14, 11],
    [12, 12, 204, 41, 29, 11, 22, 9],
    [17, 12, 171, 58, 39, 4, 28, 19],
    [88, 241, 908, 250, 147, 63, 117, 92],
    [14, 69, 205, 39, 37, 14, 29, 16],
    [9, 11, 89, 26, 12, 1, 15, 14],
    [9, 14, 212, 41, 41, 13, 41, 10],
    [8, 16, 266, 48, 44, 25, 39, 16],
    [10, 21, 231, 39, 36, 24, 31, 24],
    [1, 6, 38, 7, 4, 2, 5, 3],
    [0, 0, 0, 0, 0, 0, 1, 1],
    [1, 4, 135, 44, 18, 9, 4, 10],
    [63, 78, 747, 177, 134, 56, 70, 73],
    [4, 26, 170, 25, 22, 11, 13, 10],
    [94, 243, 844, 283, 145, 63, 153, 110],
    [5, 30, 64, 34, 3, 2, 6, 8]
  ],
  "method": "mvn_pdf",
  "cond_prob": [
    [
      [0.058401815012, 0.0047762007217, 0.4745417935, 0.29258706612, 0.16969312465],
      [0.013988225297, 0.5762221665, 0.0095123154353, 0.19494240939, 0.20533488338],
      [0.0092694644877, 0.01110508183, 0.0039183177099, 0.85238982857, 0.1233173074],
      [0.022892441022, 0.023204621785, 0.63089293653, 0.23924033604, 0.083769664625],
      [0.037082832997, 0.026784187153, 0.052484190411, 0.69008682083, 0.19356196861],
      [0.0020818813469, 0.0086806584513, 2.9245288825e-05, 0.5469432318, 0.44226498311],
      [0.4554763623, 0.00035119566614, 0.076778764841, 0.36673788653, 0.10065579067],
      [0.052585569106, 0.0034432011858, 0.025199842008, 0.54280407484, 0.37596731286]
    ],
    [
      [0.050243861613, 0.0049682738893, 0.53082600794, 0.28915464817, 0.12480720839],
      [0.012714379955, 0.61421221619, 0.011315307232, 0.20288669595, 0.15887140067],
      [0.0083701258836, 0.012082738628, 0.0046323879261, 0.88002476964, 0.094889977919],
      [0.018869950669, 0.023082712992, 0.67267652769, 0.2263477396, 0.059023069052],
      [0.03391464674, 0.029528573642, 0.06288487759, 0.72273692359, 0.15093497844],
      [0.002053753749, 0.010313314655, 3.7759829434e-05, 0.61711398684, 0.37048118493],
      [0.42439847729, 0.00040199220599, 0.095219689439, 0.39851333781, 0.081466503251],
      [0.050953453451, 0.0040276143716, 0.032016330712, 0.60280248723, 0.31020011424]
    ],
    [
      [0.045671047346, 0.0039561791256, 0.58885408992, 0.27620399583, 0.085314687776],
      [0.013954861733, 0.60479044588, 0.014981932999, 0.23465618349, 0.1316165759],
      [0.0081658480896, 0.010354502341, 0.0054489068734, 0.90620705889, 0.069823683808],
      [0.016477943371, 0.017676830825, 0.71925114535, 0.20781675121, 0.038777329242],
      [0.033539556035, 0.025635663604, 0.07504678834, 0.75329810201, 0.11247989001],
      [0.0021793048833, 0.009617264673, 4.8314047244e-05, 0.69112361824, 0.29703149816],
      [0.41915407182, 0.00034334103844, 0.11210610811, 0.40864412655, 0.059752352484],
      [0.052986796657, 0.0036720640028, 0.040114564901, 0.66011703036, 0.24310954408]
    ],
    [
      [0.050221075247, 0.0022588114801, 0.65122756073, 0.22330958128, 0.072982971267],
      [0.022850824287, 0.50331460202, 0.024996781771, 0.28173367534, 0.16710411658],
      [0.011082414992, 0.0072738785537, 0.0075380134489, 0.90060781247, 0.073497880531],
      [0.017744998377, 0.0098712751017, 0.77543785908, 0.16446811301, 0.032477754428],
      [0.043970286701, 0.017399147979, 0.1002156394, 0.72396820521, 0.11444672071],
      [0.0029315160849, 0.0066940217288, 6.6242704685e-05, 0.68083900104, 0.30946921844],
      [0.47318926279, 0.00020369009598, 0.13041317131, 0.34308975259, 0.053104123219],
      [0.068932105953, 0.0024765598929, 0.05322320105, 0.62995266937, 0.24541546373]
    ],
    [
      [0.039789036746, 0.0020332824024, 0.656207693, 0.22943096596, 0.072539021892],
      [0.019015489044, 0.47627412485, 0.026495221558, 0.30385786197, 0.17435730258],
      [0.0086029998724, 0.0064100386462, 0.0074523837643, 0.90601391161, 0.07152066611],
      [0.013989418969, 0.0088391596475, 0.77696630412, 0.16809382784, 0.032111289428],
      [0.034527755085, 0.01551566763, 0.10022874779, 0.73702478941, 0.11270304008],
      [0.0022888721178, 0.0059326842571, 6.586668612e-05, 0.68882476052, 0.30288781642],
      [0.41027332682, 0.00020130085628, 0.14450351118, 0.38706702058, 0.057954840562],
      [0.054522525508, 0.0022251421403, 0.053636317502, 0.646112253, 0.24350376185]
    ],
    [
      [0.061821730124, 0.0042835596718, 0.60442069671, 0.23980012831, 0.08967388519],
      [0.018231373244, 0.63655855369, 0.014903902819, 0.19670306308, 0.13360310717],
      [0.012443216008, 0.012628157271, 0.0063224508337, 0.8859826194, 0.082623556489],
      [0.02229987036, 0.019139316205, 0.73740321199, 0.18040732896, 0.040750272483],
      [0.049206074435, 0.030099866819, 0.083803460456, 0.7087612303, 0.12812936799],
      [0.0031851666864, 0.011251974093, 5.3777087957e-05, 0.64803970046, 0.33746938168],
      [0.51536038981, 0.00033777931412, 0.10491747902, 0.32233201554, 0.05705233632],
      [0.075850370805, 0.0042049935167, 0.04370903938, 0.60592604204, 0.27030955426]
    ],
    [
      [0.038853972542, 0.003702909706, 0.57675352865, 0.27625933859, 0.10443025052],
      [0.012121806048, 0.56967866989, 0.015134880322, 0.23908726569, 0.16397737806],
      [0.0068764598424, 0.0095695784089, 0.0053377825324, 0.89384029466, 0.084375884555],
      [0.014192863499, 0.016732481455, 0.71075477616, 0.21029523448, 0.048024644409],
      [0.028087676403, 0.02357871685, 0.073077579482, 0.73995164647, 0.1353043808],
      [0.0017462455537, 0.0084533772424, 4.502993629e-05, 0.64865798315, 0.34109736412],
      [0.37262744219, 0.00034008359117, 0.11732111998, 0.43232270166, 0.077388652574],
      [0.043150692633, 0.0032880267832, 0.038039161576, 0.63108633449, 0.28443578452]
    ],
    [
      [0.035854494627, 0.004984142241, 0.66598026415, 0.19786651073, 0.095314588245],
      [0.0098565556726, 0.69133052133, 0.015292518048, 0.15115236501, 0.13236803995],
      [0.0085186996382, 0.017325511265, 0.0082118975199, 0.86239932161, 0.10354456997],
      [0.012454383951, 0.02143023562, 0.78118930543, 0.14325290617, 0.041673168832],
      [0.032551743718, 0.039943500489, 0.1052909918, 0.66689606057, 0.15531770343],
      [0.0020347687368, 0.014407034049, 6.516755384e-05, 0.58825520427, 0.39523782539],
      [0.40187386195, 0.0005308901317, 0.15623656161, 0.35942521608, 0.081933470228],
      [0.049719872851, 0.0055309528995, 0.054424612638, 0.56515346401, 0.3251710976]
    ],
    [
      [0.045424361292, 0.0024304611978, 0.64716011554, 0.20197711164, 0.10300795033],
      [0.019161077033, 0.50302948234, 0.023044829111, 0.2361489422, 0.21861566932],
      [0.010628644172, 0.0082953365832, 0.007947155821, 0.86319901735, 0.10992984608],
      [0.016187932367, 0.010709977678, 0.77690162479, 0.14999072521, 0.046209739959],
      [0.040820102174, 0.019216002809, 0.10229431069, 0.67188420384, 0.16578538049],
      [0.0024966118478, 0.0067787264599, 6.2014392994e-05, 0.57933338009, 0.4113292672],
      [0.45288840979, 0.00023273340265, 0.13774563686, 0.32954381821, 0.079589401737],
      [0.060279357842, 0.00257683692, 0.051189962143, 0.55082505345, 0.33512878964]
    ],
    [
      [0.035052094205, 0.0061244578709, 0.57913428411, 0.27808090261, 0.10160826121],
      [0.0079071527419, 0.69182219954, 0.011017457572, 0.17393870572, 0.11531448443],
      [0.0061479686642, 0.015679741676, 0.0053232668173, 0.89155039742, 0.081298625427],
      [0.01265213908, 0.027362364083, 0.70466206835, 0.20915765874, 0.046165769744],
      [0.024982530637, 0.03847061179, 0.072493544507, 0.73430867657, 0.1297446365],
      [0.001575153286, 0.013973677449, 4.5307162842e-05, 0.65260222906, 0.33180363304],
      [0.34803266437, 0.00058270521659, 0.12232360487, 0.45103730868, 0.078023716868],
      [0.039139397027, 0.0054653873536, 0.038488732289, 0.63863637712, 0.27827010621]
    ],
    [
      [0.032491597697, 0.0020813067921, 0.72776124542, 0.16022184749, 0.077444002592],
      [0.016225832239, 0.5347591423, 0.030150278411, 0.22277521879, 0.19608952825],
      [0.0095434978335, 0.0089512595775, 0.011010153406, 0.86626686533, 0.10422822385],
      [0.011015342799, 0.0087320639714, 0.83397884849, 0.1132290344, 0.033044710339],
      [0.035630300463, 0.02014147886, 0.13807902991, 0.65348383263, 0.15266535814],
      [0.0022803420645, 0.0074493442437, 8.7414771811e-05, 0.59088983012, 0.3992930688],
      [0.41031545955, 0.00024756666842, 0.18965541506, 0.32538140891, 0.074400149806],
      [0.05431276009, 0.002783295615, 0.071133800393, 0.55237455083, 0.31939559307]
    ],
    [
      [0.037318889832, 0.0033955529208, 0.6529953849, 0.21954773748, 0.08674243487],
      [0.013389006759, 0.59238800985, 0.019854828136, 0.21808163186, 0.1562865234],
      [0.0082561761515, 0.01094724701, 0.0076134176373, 0.88574800723, 0.087435151971],
      [0.013126337495, 0.014766071864, 0.7727875283, 0.16090743364, 0.038412628707],
      [0.032463752648, 0.02597071109, 0.10028847123, 0.70625963141, 0.13501743363],
      [0.0020803484795, 0.0095940725358, 6.3727372537e-05, 0.63782832867, 0.35043352294],
      [0.39643552048, 0.0003474018514, 0.14900553118, 0.38260826125, 0.071603285226],
      [0.050276319835, 0.0036527612795, 0.052657882753, 0.6073659718, 0.28604706433]
    ],
    [
      [0.053022434335, 0.0018944549398, 0.69279244279, 0.18010035093, 0.072190317013],
      [0.027393152342, 0.49574554287, 0.030015902506, 0.25855857755, 0.18828682473],
      [0.014138455697, 0.0073821870384, 0.0096237986508, 0.88081824207, 0.088037316545],
      [0.018397632918, 0.0081371562069, 0.81158965545, 0.13032176049, 0.031553794932],
      [0.053646436591, 0.016878756781, 0.12242839713, 0.67603192229, 0.13101448721],
      [0.0035681252998, 0.0064836500858, 8.0702013484e-05, 0.63508346494, 0.35478405766],
      [0.51915305765, 0.00017559334729, 0.14187339021, 0.28476428019, 0.054033678598],
      [0.082415894467, 0.002351164602, 0.063632559953, 0.5760113251, 0.27558905588]
    ],
    [
      [0.038696055466, 0.0023400632268, 0.64417852169, 0.23857837633, 0.076206983289],
      [0.017011137722, 0.50023496619, 0.023977397736, 0.29045807104, 0.16831842731],
      [0.0080506135348, 0.0070956254802, 0.00705648752, 0.90554495886, 0.07225231461],
      [0.013679905655, 0.010226938803, 0.76643025543, 0.17574326012, 0.033919639988],
      [0.032467435374, 0.01726126314, 0.095343591007, 0.74050179932, 0.11442591115],
      [0.002135366872, 0.0065464069057, 6.2175626378e-05, 0.686421901, 0.30483414959],
      [0.39655337175, 0.00023085696226, 0.14162197838, 0.40093590469, 0.060657888218],
      [0.051205946095, 0.0024729311492, 0.050976702943, 0.64847976848, 0.24686465133]
    ],
    [
      [0.07270549774, 0.0015834170884, 0.60747286645, 0.23140937608, 0.086828842649],
      [0.03348258464, 0.42247961526, 0.021698714915, 0.30671472768, 0.21562435751],
      [0.014422727668, 0.0047539345847, 0.0057938293378, 0.89394074423, 0.081088764183],
      [0.025827639503, 0.0070072940676, 0.75578735909, 0.17244762495, 0.03893008239],
      [0.058792438935, 0.011525114886, 0.079157979402, 0.72164558069, 0.12887888608],
      [0.0036775601479, 0.0042769242902, 4.9269178552e-05, 0.64650591235, 0.34549033403],
      [0.60138370244, 0.00010685951892, 0.083552542424, 0.26791071803, 0.047046177581],
      [0.088969420204, 0.0015797018307, 0.04005080887, 0.59835312122, 0.27104694787]
    ],
    [
      [0.0070254717938, 0.0033178486863, 0.64644374523, 0.29620029159, 0.047012642702],
      [0.0015015820796, 0.76625488066, 0.0079100630487, 0.17383067165, 0.050502802562],
      [0.0011949143293, 0.0080522896701, 0.0038144081181, 0.95102296079, 0.035915427095],
      [0.0024329465499, 0.013555704594, 0.76338346762, 0.20126155972, 0.019366321512],
      [0.0050872399492, 0.021971786707, 0.058543846672, 0.85126183239, 0.06313529428],
      [0.00036603295641, 0.0085004056625, 3.8226742335e-05, 0.81321662082, 0.17787871382],
      [0.089902206799, 0.00045676916328, 0.14536025258, 0.71161353319, 0.052667238265],
      [0.0084659266849, 0.0033498807382, 0.033507770558, 0.8043359704, 0.15034045162]
    ],
    [
      [0.10590021143, 0.043769551638, 0.35994168713, 0.21455163693, 0.27583691287],
      [0.0016515272914, 0.96289681759, 0.00048995588991, 0.010179741284, 0.024781957942],
      [0.015501046738, 0.10645394376, 0.0028160588813, 0.6717896593, 0.20343929133],
      [0.036875421186, 0.2054465083, 0.46863245369, 0.16474794474, 0.12429767208],
      [0.053001695527, 0.21708178757, 0.030655854931, 0.43166149432, 0.26759916765],
      [0.0025387975252, 0.062983016938, 1.5587954615e-05, 0.30518264874, 0.62927994884],
      [0.81693825379, 0.0012249257023, 0.021198150109, 0.10066528438, 0.059973386016],
      [0.0759055014, 0.026427950348, 0.014523654148, 0.32783826538, 0.55530462873]
    ],
    [
      [0.031797158243, 0.0088589241517, 0.66196161653, 0.21664642986, 0.080735871216],
      [0.0056263358455, 0.80610831035, 0.0098409303317, 0.10643339413, 0.07199102934],
      [0.0070132034351, 0.028561895006, 0.0076157589106, 0.87545589455, 0.081353248103],
      [0.010862515592, 0.037494817499, 0.76266703324, 0.15425241715, 0.034723216522],
      [0.027077013489, 0.066621565819, 0.098599925829, 0.68439969435, 0.12330180052],
      [0.001795718786, 0.025444985873, 6.4783823952e-05, 0.64032908438, 0.33236542713],
      [0.36473775265, 0.00096663131995, 0.1598257671, 0.40332816175, 0.071141687181],
      [0.044016948961, 0.0098011627608, 0.054268113617, 0.61738411666, 0.274529658]
    ],
    [
      [0.036435746689, 0.0036157699471, 0.61885546246, 0.24837809336, 0.092714927545],
      [0.011921072945, 0.59265694649, 0.017021802706, 0.22554611536, 0.1528540625],
      [0.0071565026753, 0.01037362709, 0.0063500336709, 0.8929637728, 0.083156063765],
      [0.01299930924, 0.015962504092, 0.74474595343, 0.18465585524, 0.041636377993],
      [0.028827024554, 0.025213521406, 0.085754279429, 0.72868998, 0.13151519461],
      [0.0018255359703, 0.0092066240169, 5.3812606538e-05, 0.65075386575, 0.33816016166],
      [0.37480872087, 0.00035560493588, 0.13476087538, 0.41648209175, 0.073592707061],
      [0.044713334609, 0.0035477811869, 0.045056961475, 0.62735100622, 0.27933091651]
    ],
    [
      [0.039381608359, 0.0033088083329, 0.61218501098, 0.25408457769, 0.091039994637],
      [0.013609530885, 0.56642046127, 0.017789477402, 0.24364208516, 0.15853844528],
      [0.0075955503471, 0.0093193648177, 0.0061710534033, 0.89674757506, 0.080166456369],
      [0.014118900604, 0.014674363844, 0.74029626441, 0.18982390864, 0.041086562507],
      [0.030743666801, 0.022753967467, 0.083733669468, 0.73537033276, 0.12739836351],
      [0.0019577066558, 0.0083581319303, 5.2839216051e-05, 0.66033822105, 0.32929310114],
      [0.39044769129, 0.00031392542435, 0.12862381592, 0.41091347263, 0.069701094742],
      [0.04775666753, 0.0032082378358, 0.044062580305, 0.63403993538, 0.27093257894]
    ],
    [
      [0.044522589354, 0.004845860835, 0.70232348373, 0.16589698252, 0.082411083552],
      [0.01258184683, 0.72121297729, 0.016049391564, 0.13131230028, 0.11884348403],
      [0.012327620211, 0.019802615169, 0.0097656658775, 0.8527296914, 0.10537440734],
      [0.015100328945, 0.020414997156, 0.81163511, 0.1175851979, 0.035264366001],
      [0.045696306171, 0.044126524064, 0.12172071816, 0.635818657, 0.15263779461],
      [0.0029276016518, 0.016401656139, 7.7101999528e-05, 0.57850471152, 0.40208892869],
      [0.49646126044, 0.00048771386977, 0.15114337198, 0.28495687641, 0.066950777308],
      [0.07013528077, 0.0061152910268, 0.062845703486, 0.53991083286, 0.32099289185]
    ],
    [
      [0.061690985567, 0.010284213055, 0.46484463801, 0.2704051072, 0.19277505618],
      [0.0058478776744, 0.81616021371, 0.0032757600949, 0.074998975425, 0.099717173092],
      [0.0094448759955, 0.024360982863, 0.003254786466, 0.82139881901, 0.14154053567],
      [0.022823693838, 0.04815175772, 0.62946031389, 0.21012134745, 0.089442887106],
      [0.037374557562, 0.058225574874, 0.042781619579, 0.64210258264, 0.21951566534],
      [0.0019518472448, 0.017778179018, 2.2461021649e-05, 0.47895402723, 0.50129348548],
      [0.53797106872, 0.00066728929515, 0.057956592527, 0.30277653186, 0.1006285176],
      [0.052035362114, 0.0071923562073, 0.019974292059, 0.48915147861, 0.43164651101]
    ],
    [
      [0.077931368294, 0.0082199282795, 0.61787340015, 0.19719626316, 0.098779040118],
      [0.0071524232154, 0.87555993048, 0.0035664767852, 0.058090762626, 0.055630406895],
      [0.014444228485, 0.026631394635, 0.0045523018732, 0.85382943813, 0.10054263688],
      [0.023220158562, 0.033199190233, 0.77118254065, 0.13256302334, 0.039835087212],
      [0.062648511522, 0.064071647709, 0.061591773818, 0.65577845057, 0.15590961638],
      [0.003311766457, 0.022172356949, 3.5462574155e-05, 0.55640890053, 0.41807151349],
      [0.97972418444, 3.7919292841e-05, 0.0035802085372, 0.013423988745, 0.0032336989815],
      [0.099225775842, 0.0084323557641, 0.03041202814, 0.53070606045, 0.33122377981]
    ],
    [
      [0.10089788093, 0.0042557864301, 0.45795067297, 0.27472211173, 0.16217354793],
      [0.025200040208, 0.5663802528, 0.0094966429181, 0.19237947133, 0.20654359274],
      [0.016716463755, 0.010419414501, 0.0039147994769, 0.84482497029, 0.12412435197],
      [0.040276433936, 0.021183183838, 0.62700150362, 0.22972797131, 0.081810907295],
      [0.065669677632, 0.02458729307, 0.051317945478, 0.66789772589, 0.19052735793],
      [0.00374744605, 0.008141169063, 2.9198899476e-05, 0.54124883326, 0.44683335273],
      [0.61736831308, 0.0002328637696, 0.054402510141, 0.25643174695, 0.071564566062],
      [0.0918094439, 0.0031025181896, 0.024209282046, 0.51622900489, 0.36464975098]
    ],
    [
      [0.09965268787, 0.0027633145059, 0.59875634622, 0.19392097859, 0.10490667281],
      [0.036848267429, 0.54346027187, 0.018071728834, 0.20204409068, 0.19957564118],
      [0.023225827279, 0.0095641251598, 0.0070796115471, 0.84645390866, 0.11367652735],
      [0.036457099242, 0.012616915521, 0.75335313193, 0.14896263577, 0.048610217531],
      [0.087248899784, 0.021480199228, 0.08885991572, 0.63621115848, 0.16619982678],
      [0.0053862692346, 0.0077495715885, 5.466021457e-05, 0.56095039729, 0.42585910167],
      [0.68038361266, 0.00016241639444, 0.075284372664, 0.194453884, 0.049715714273],
      [0.12514090813, 0.0027773445747, 0.042786611708, 0.50302199359, 0.326273142]
    ],
    [
      [0.061143670013, 0.005035253041, 0.4599374547, 0.28812407991, 0.18575954233],
      [0.013791362633, 0.58447124056, 0.0086703793401, 0.18102520053, 0.21204181694],
      [0.0096917690947, 0.011708600437, 0.0037860291489, 0.83984322878, 0.13497037254],
      [0.02425401201, 0.024777953945, 0.61976103789, 0.23843228138, 0.092774714769],
      [0.038421635008, 0.027991705361, 0.050242482792, 0.67341097916, 0.20993319768],
      [0.0021031132564, 0.0088437828219, 2.7305812914e-05, 0.52052952285, 0.46849627526],
      [0.46722298164, 0.00036116019602, 0.072465775911, 0.35245741785, 0.10749266441],
      [0.053424581379, 0.0035250135464, 0.023650060405, 0.51923747892, 0.40016286575]
    ],
    [
      [0.025030955779, 0.0041431130435, 0.68909232659, 0.20082380958, 0.080909795006],
      [0.0075518075596, 0.68254300028, 0.016968799117, 0.16911401074, 0.1238223823],
      [0.0059587512623, 0.014484927326, 0.0083020217303, 0.88274691157, 0.088507388107],
      [0.0085331400708, 0.017510101639, 0.79659195097, 0.14265841895, 0.034706388377],
      [0.023305342451, 0.034211068238, 0.10929196329, 0.6974580951, 0.13573353093],
      [0.0014918304871, 0.012621714089, 6.9046140643e-05, 0.63099988659, 0.3548175227],
      [0.325092421, 0.00050107753327, 0.18010853282, 0.41518031638, 0.079117652263],
      [0.036629695401, 0.0048567919234, 0.057980847755, 0.60789497961, 0.29263768532]
    ],
    [
      [0.030530992352, 0.0019141610586, 0.75685172456, 0.12676873709, 0.083934384938],
      [0.016393152732, 0.53143711128, 0.033858889898, 0.1894307625, 0.2288800836],
      [0.010837899083, 0.0099456664153, 0.013897710089, 0.82888921208, 0.13642951233],
      [0.01024581583, 0.0079484890738, 0.85767521311, 0.088692994065, 0.035437487916],
      [0.038109355857, 0.021080629995, 0.16405488079, 0.58841344819, 0.18834168517],
      [0.0023526097359, 0.0075256767818, 0.00010027228229, 0.51312611686, 0.47689532434],
      [0.4189079671, 0.00024666423045, 0.2145062092, 0.27899900273, 0.087340156746],
      [0.055986763074, 0.0028076560628, 0.081469766965, 0.47913018286, 0.38060563104]
    ],
    [
      [0.040091665685, 0.0052032513125, 0.64537277018, 0.21923630068, 0.090096012149],
      [0.010949630252, 0.68475920392, 0.014904451649, 0.16580142936, 0.12358528483],
      [0.0087951036341, 0.016640431741, 0.0074464265689, 0.87703305371, 0.09008498435],
      [0.014082155197, 0.022591659722, 0.76301997218, 0.16046023119, 0.039845981705],
      [0.03422119108, 0.039054073555, 0.097086841552, 0.69200744675, 0.13763044706],
      [0.0021956306867, 0.014449545544, 6.1749784816e-05, 0.62578410938, 0.35750896461],
      [0.41356618258, 0.00051703152418, 0.14275478754, 0.37094351309, 0.072218485266],
      [0.053206336905, 0.0055162142224, 0.051168903238, 0.59747747231, 0.29263107333]
    ],
    [
      [0.06242757989, 0.0051820369808, 0.56998951505, 0.26450138186, 0.097899486226],
      [0.016002476567, 0.65708558391, 0.012303816621, 0.18818338499, 0.12642473791],
      [0.011442968847, 0.01388042713, 0.0054695885161, 0.8872324055, 0.081974610003],
      [0.022907546024, 0.023538838392, 0.70594295331, 0.20236262278, 0.045248039493],
      [0.045772173026, 0.033482388645, 0.073292291807, 0.71878384912, 0.1286692974],
      [0.0029332097015, 0.012380642513, 4.6581932441e-05, 0.64993399469, 0.33470557116],
      [0.49937792959, 0.00039516307202, 0.096300919546, 0.34369244887, 0.060233538928],
      [0.070580279131, 0.0046833036069, 0.038278964726, 0.61502769642, 0.27142975611]
    ],
    [
      [0.05026126922, 0.0017297205316, 0.5310033781, 0.22869952741, 0.18830610475],
      [0.019701437035, 0.33934449429, 0.017428644808, 0.24935079113, 0.37417463274],
      [0.0097249108617, 0.0048976923474, 0.0053469823918, 0.81336662108, 0.16666379332],
      [0.019456755346, 0.0082850859072, 0.69603268217, 0.18456820815, 0.091657268433],
      [0.037322348826, 0.011322545255, 0.068767119167, 0.631302897, 0.25128508975],
      [0.0019356739792, 0.003396523588, 3.5373464342e-05, 0.46184711013, 0.53278531884],
      [0.44641406547, 0.00014526251217, 0.098318663776, 0.32761234867, 0.12750965958],
      [0.049295778103, 0.0013591936126, 0.03075382409, 0.4623488025, 0.4562424017]
    ],
    [
      [0.054669217628, 0.0015767696296, 0.65770816377, 0.20868320265, 0.07736264632],
      [0.029649829007, 0.41513196452, 0.030034346513, 0.31391168308, 0.21127217688],
      [0.012771815, 0.0053777035511, 0.0080460663675, 0.89129638458, 0.082508030501],
      [0.019359572613, 0.0069035493963, 0.78520312323, 0.1540326304, 0.034501124353],
      [0.049905647355, 0.012663199181, 0.10537769873, 0.70553363033, 0.1265198244],
      [0.0032811032908, 0.0048073336799, 6.8670930884e-05, 0.6543814225, 0.33746146959],
      [0.50318945123, 0.00013893477296, 0.12848607218, 0.31319710217, 0.054988439652],
      [0.076609994906, 0.0017659605026, 0.054792378333, 0.6011444224, 0.26568724386]
    ],
    [
      [0.045508437182, 0.0038678862486, 0.60085529252, 0.25259847459, 0.097169909457],
      [0.014283760756, 0.59617001739, 0.015833302923, 0.2200380153, 0.15367490363],
      [0.008751296827, 0.010869054518, 0.0060322395067, 0.88898568497, 0.085361724175],
      [0.016425538358, 0.017272102874, 0.73208301983, 0.19005278336, 0.044166555577],
      [0.035133583319, 0.026308651686, 0.081171636995, 0.72289461809, 0.13449150991],
      [0.0022172950542, 0.0095829108522, 5.0776288578e-05, 0.64363318289, 0.34451583491],
      [0.42636017766, 0.00034561875911, 0.11869812439, 0.38455243623, 0.070043642957],
      [0.054033197615, 0.0036725548876, 0.042277650973, 0.61699312417, 0.28302347236]
    ],
    [
      [0.034411600634, 0.0030032949523, 0.70219741023, 0.16500287024, 0.095384823944],
      [0.013783108723, 0.58678449056, 0.023627853423, 0.18331902413, 0.19248552317],
      [0.0096429216872, 0.012290511155, 0.010279796623, 0.84573381657, 0.12205295397],
      [0.011855302305, 0.012794164995, 0.81549998685, 0.11847821011, 0.041372335733],
      [0.035621476445, 0.027370221611, 0.12733908224, 0.63270446448, 0.17696475522],
      [0.0021841939601, 0.009689389831, 7.7356368186e-05, 0.54731060847, 0.44073845137],
      [0.41226609292, 0.00034353854863, 0.17782981206, 0.32154185563, 0.088018700841],
      [0.05279681643, 0.0036838969178, 0.063909964344, 0.5204977032, 0.35911161911]
    ],
    [
      [0.038740474154, 0.0036239890551, 0.7369594983, 0.14196323742, 0.078712801075],
      [0.012255443179, 0.71452082956, 0.019109023772, 0.12609039456, 0.12802430893],
      [0.0122847514, 0.016983394189, 0.011841700723, 0.84356058519, 0.1153295685],
      [0.012967271151, 0.015116634857, 0.83935840395, 0.099352666515, 0.033205023527],
      [0.044456726638, 0.037072650987, 0.14381484628, 0.61128344814, 0.16337232795],
      [0.0028192595904, 0.013612377699, 9.0429452706e-05, 0.55087527337, 0.43260265989],
      [0.48525633547, 0.00039950081186, 0.17563923129, 0.2684902497, 0.070214682728],
      [0.067444381897, 0.0050428957994, 0.073357602153, 0.51179631094, 0.34235880921]
    ],
    [
      [0.049223073357, 0.0022737504029, 0.69966859798, 0.18070200826, 0.06813257],
      [0.024019222831, 0.53594862957, 0.028908032311, 0.2441579951, 0.16696612019],
      [0.013215002339, 0.0088972003907, 0.0098921752708, 0.88463071112, 0.083364910883],
      [0.017008269073, 0.0097118550157, 0.81351678432, 0.13011720979, 0.029645881805],
      [0.050091047994, 0.020338605306, 0.12562388755, 0.67988718925, 0.1240592699],
      [0.0033898610566, 0.0079382666313, 8.4293294629e-05, 0.64860830323, 0.33997927579],
      [0.49632897966, 0.00022072809612, 0.15136986791, 0.29872054188, 0.053359882451],
      [0.078061700586, 0.0028792380677, 0.06636029305, 0.58832942835, 0.26436933995]
    ],
    [
      [0.035180730557, 0.0021481756958, 0.67039170603, 0.20165053445, 0.09062885326],
      [0.016380696766, 0.48508339292, 0.026392779143, 0.26005642836, 0.2120867028],
      [0.0083883125911, 0.0074661977472, 0.008404566816, 0.87724311538, 0.098497807466],
      [0.012333453748, 0.0093082916254, 0.79107039085, 0.14729170437, 0.039996159405],
      [0.032562653587, 0.017481720436, 0.10933756786, 0.69046204731, 0.15015601082],
      [0.0020415661031, 0.0063210158089, 6.79491089e-05, 0.61012553144, 0.38144393754],
      [0.39222251324, 0.0002306456571, 0.16024170802, 0.36879634848, 0.078508784598],
      [0.049331357312, 0.0024062025514, 0.056148441092, 0.58085262036, 0.31126137868]
    ],
    [
      [0.090952037406, 0.0039626626599, 0.56216246341, 0.19892256327, 0.14400027325],
      [0.024601258392, 0.61201006219, 0.01262633466, 0.1509663377, 0.19979600706],
      [0.019978006029, 0.012870058409, 0.0063582653345, 0.81483379355, 0.14595987668],
      [0.034195922488, 0.018589256349, 0.72229365599, 0.15663799133, 0.068283173844],
      [0.074093560268, 0.028714428274, 0.078820806727, 0.60645546163, 0.2119157431],
      [0.0041950261677, 0.0094355249517, 4.4440191041e-05, 0.4874740395, 0.49885096919],
      [0.63855745608, 0.00024734158483, 0.076421840036, 0.21228125165, 0.072492110655],
      [0.10148840821, 0.0035414401992, 0.036386520407, 0.45850088968, 0.4000827415]
    ],
    [
      [0.028194962096, 0.0025549443635, 0.69523961708, 0.20961466106, 0.064395815398],
      [0.012135408216, 0.57142773958, 0.024741500994, 0.25134232796, 0.14035302326],
      [0.0066249428665, 0.0087973549339, 0.0083857661222, 0.90682244278, 0.069369493301],
      [0.0096260148824, 0.010797266257, 0.80276645988, 0.14913459836, 0.027675660619],
      [0.026428873121, 0.021161146615, 0.11240507136, 0.73146693898, 0.10853796993],
      [0.0017730415563, 0.0081954726971, 7.4560702039e-05, 0.69322336549, 0.29673355955],
      [0.34740768159, 0.00029669399827, 0.17631384667, 0.41557979927, 0.060401978471],
      [0.042573928581, 0.0030883067625, 0.061200400211, 0.65355339693, 0.23958396751]
    ],
    [
      [0.046628545066, 0.0044902773042, 0.62050020882, 0.22523531917, 0.10314564965],
      [0.012947918308, 0.6537980291, 0.014420216912, 0.17402257007, 0.1448112656],
      [0.0098018104397, 0.013825143741, 0.0067772817369, 0.87035230268, 0.099243461405],
      [0.016648791873, 0.019883065067, 0.74935662948, 0.1677368683, 0.04637464528],
      [0.038321640223, 0.032617960262, 0.08881852134, 0.68799845944, 0.15224341874],
      [0.0023720821942, 0.011645508334, 5.4505771715e-05, 0.60144332596, 0.38448457774],
      [0.45038035857, 0.00040798311846, 0.12422733536, 0.34931924972, 0.075665073232],
      [0.057929413795, 0.0044605834853, 0.0454212836, 0.57662648945, 0.31556222967]
    ],
    [
      [0.03976739543, 0.0047142087703, 0.5921943982, 0.26015867747, 0.10316532013],
      [0.011066505567, 0.630403216, 0.013960864295, 0.20041541348, 0.14415400067],
      [0.007429730117, 0.012836510124, 0.0058306103479, 0.88608574723, 0.087817402185],
      [0.014393790333, 0.021089812504, 0.72129623696, 0.1962063924, 0.047013767803],
      [0.029849258562, 0.031107919298, 0.078470758666, 0.72201769895, 0.13855436452],
      [0.001866421092, 0.011216340638, 4.8654756313e-05, 0.6361848622, 0.35068372131],
      [0.38508693313, 0.0004401064164, 0.12325230077, 0.41353636143, 0.077684298257],
      [0.045940638814, 0.0043504750236, 0.04095088727, 0.61711900408, 0.29163899481]
    ],
    [
      [0.047627076824, 0.0029992161501, 0.71089802538, 0.17609901738, 0.062376664269],
      [0.019909483517, 0.61846707597, 0.024639454692, 0.20494076947, 0.13204321635],
      [0.013037164094, 0.012037024793, 0.010032139577, 0.88661851457, 0.078275156966],
      [0.01622678808, 0.012648823407, 0.81918803408, 0.12515343968, 0.026782914757],
      [0.049424062986, 0.027465203516, 0.12766873398, 0.67916760035, 0.11627439917],
      [0.0033963146152, 0.010922616732, 8.6840075218e-05, 0.65997649543, 0.32561773315],
      [0.4999683166, 0.00029627448679, 0.15359720471, 0.29643622101, 0.049701983183],
      [0.078364013813, 0.003950082292, 0.068392317973, 0.5970111644, 0.25228242152]
    ],
    [
      [0.030793181502, 0.0023549096842, 0.73149815017, 0.15466972914, 0.08068402951],
      [0.013873296097, 0.57841462895, 0.026761780311, 0.19508681915, 0.18586347549],
      [0.0092007757839, 0.010361186019, 0.011006001846, 0.85838103319, 0.11105100317],
      [0.010375703427, 0.0098306716475, 0.83691713691, 0.10867170308, 0.034204784934],
      [0.034218266404, 0.023208767859, 0.13784811985, 0.64284186281, 0.16188298308],
      [0.0021464857049, 0.0084293550564, 8.5340191159e-05, 0.57098256564, 0.4183562534],
      [0.40688896926, 0.00028661637024, 0.19152838684, 0.32195312144, 0.079342906091],
      [0.051718414332, 0.003172922727, 0.070207191352, 0.53807982371, 0.33682164788]
    ],
    [
      [0.067105256057, 0.009783754429, 0.65811411004, 0.17626772813, 0.088729151351],
      [0.010639659497, 0.83158920877, 0.008687892532, 0.077895561724, 0.071187677476],
      [0.017228818613, 0.036885481441, 0.0087301509467, 0.83266912543, 0.10448642357],
      [0.023177063474, 0.041955352825, 0.76923548408, 0.1270225225, 0.038609577116],
      [0.06197939655, 0.080134989322, 0.10537015143, 0.60518028907, 0.14733517363],
      [0.0041051297726, 0.030592809185, 6.9126407125e-05, 0.56680096088, 0.39843197375],
      [0.57970707952, 0.00079404440571, 0.11716878463, 0.24416621645, 0.05816387499],
      [0.09651322722, 0.0112579811, 0.055449447321, 0.52242823191, 0.31435111245]
    ],
    [
      [0.034423613365, 0.0039572956109, 0.6784633907, 0.19687702448, 0.086278675846],
      [0.011090252639, 0.65387103892, 0.018188139543, 0.17642748309, 0.14042308581],
      [0.0083231507462, 0.014006412866, 0.0084765720297, 0.87369341974, 0.095500444619],
      [0.011891554533, 0.016924863897, 0.79193173349, 0.14173692777, 0.037514920308],
      [0.032072463817, 0.032566571536, 0.10967467583, 0.6812951816, 0.14439110721],
      [0.0020408866796, 0.011951265615, 6.9049365424e-05, 0.61202241109, 0.37391638725],
      [0.39511127234, 0.00043137003603, 0.16238351373, 0.36612398616, 0.075949857731],
      [0.049493915468, 0.0045527153411, 0.057251568513, 0.58341041044, 0.30529139024]
    ],
    [
      [0.066761046531, 0.0022944756945, 0.57217207897, 0.24744273015, 0.11132966866],
      [0.026506337671, 0.45726076407, 0.018934251341, 0.27355408442, 0.2237445625],
      [0.012862772431, 0.0064791628253, 0.0057112770539, 0.87662568179, 0.098321105896],
      [0.024803124679, 0.010559078908, 0.72073424502, 0.19179628357, 0.052107267826],
      [0.051110815194, 0.015499010923, 0.076051763523, 0.70418005952, 0.15315835084],
      [0.0031287205836, 0.005487383685, 4.616655004e-05, 0.60920827077, 0.38212945841],
      [0.52702139646, 0.00017025300266, 0.093138807269, 0.31302301158, 0.066646531689],
      [0.075344902047, 0.0020725245202, 0.037917023941, 0.57550801222, 0.30915753727]
    ],
    [
      [0.066336586272, 0.0021401694551, 0.50993149278, 0.28509588197, 0.13649586953],
      [0.02246128087, 0.43829582635, 0.013095364544, 0.27868608784, 0.24746144039],
      [0.010498911912, 0.0051429778601, 0.0037931889705, 0.87789765768, 0.10266726358],
      [0.024648970834, 0.0099427664509, 0.6791289853, 0.22234846582, 0.063930811593],
      [0.043650728739, 0.012731330503, 0.052619257801, 0.72470509294, 0.16629359002],
      [0.0024829504644, 0.0042744152619, 2.9904915374e-05, 0.59021252418, 0.40300020518],
      [0.54505849516, 0.00013907204429, 0.065535207851, 0.31787661763, 0.071390607318],
      [0.063183526412, 0.0016650566769, 0.02550831216, 0.57568734235, 0.33395576241]
    ],
    [
      [0.02393928644, 0.0024964886942, 0.67540053972, 0.19290467642, 0.10525900873],
      [0.0070197807646, 0.67027220677, 0.010305789824, 0.1505410592, 0.16186116344],
      [0.0038863203653, 0.0056582130687, 0.0034006093987, 0.91244630415, 0.074608553018],
      [0.0075588404258, 0.0097783877683, 0.81785244842, 0.12280473168, 0.04200559171],
      [0.018024910835, 0.016040469888, 0.053653945794, 0.77518785913, 0.13709281435],
      [0.0011293390954, 0.005857132143, 3.3180933729e-05, 0.64118257591, 0.35179777192],
      [5.9660141272e-05, 3.6378049266e-61, 5.8908211384e-06, 0.68462163712, 0.31531281191],
      [5.7497528249e-05, 0, 4.2582856925e-06, 0.0075864313614, 0.99235181282]
    ],
    [
      [0.011142001366, 0.0017003517802, 0.73631249014, 0.12592328731, 0.1249218694],
      [0.00565354869, 0.46539539732, 0.030212321077, 0.17758246659, 0.32115626632],
      [0.0037611081166, 0.0083614258237, 0.01244281824, 0.78232516112, 0.1931094867],
      [0.0037927646067, 0.0071388275453, 0.84684709026, 0.088997780601, 0.053223536984],
      [0.013193064764, 0.017731890708, 0.14755437427, 0.55496908277, 0.26655158749],
      [0.00069891151422, 0.0054036322372, 7.6787511758e-05, 0.41430671317, 0.57951395557],
      [0.2010513897, 0.00028525885249, 0.26678550174, 0.36206787055, 0.16980997917],
      [0.017782640913, 0.0021681642048, 0.067207172065, 0.41586622969, 0.49697579312]
    ],
    [
      [0.025571998233, 0.0021074102308, 0.73753663374, 0.17116770242, 0.063616255381],
      [0.013447472204, 0.53643846045, 0.032749603852, 0.24928732613, 0.16807713737],
      [0.0072901212504, 0.0087582915831, 0.011042047968, 0.89023351008, 0.082676029118],
      [0.0086092619868, 0.0087685637739, 0.8355928345, 0.12006476405, 0.026964575695],
      [0.027767669655, 0.020119896595, 0.1409852784, 0.68748575175, 0.1236414036],
      [0.0018705851523, 0.007816954227, 9.4115021496e-05, 0.65284872903, 0.33736961657],
      [0.34387325376, 0.00027266953363, 0.21225488564, 0.37719006831, 0.066409122753],
      [0.044198311798, 0.0029093134599, 0.076051831792, 0.60765506609, 0.26918547686]
    ],
    [
      [0.033017588331, 0.0040283761868, 0.64761593015, 0.21525089123, 0.1000872141],
      [0.010123311284, 0.63339718279, 0.016168410178, 0.18426123217, 0.15604986358],
      [0.007236522951, 0.012980264107, 0.0071790673035, 0.87172421852, 0.10087992711],
      [0.011545266192, 0.017449966606, 0.77000314458, 0.15694815128, 0.044053471346],
      [0.028405676352, 0.030694849159, 0.094767894225, 0.69089966305, 0.15523191722],
      [0.0017399295668, 0.010875225764, 5.7353908331e-05, 0.59846540109, 0.38886208967],
      [0.37683533147, 0.00042689216893, 0.14782458524, 0.38930718721, 0.085606003915],
      [0.043093219693, 0.0042192079324, 0.048524308415, 0.58104398584, 0.32311927812]
    ],
    [
      [0.052347550721, 0.0049120583594, 0.61849635783, 0.2077403239, 0.11650370919],
      [0.014436435436, 0.65116425044, 0.014454850238, 0.15860187192, 0.16134259196],
      [0.01169920477, 0.01600035597, 0.007286795102, 0.84637595172, 0.11863769244],
      [0.01887169111, 0.021888768914, 0.75029484446, 0.15606188291, 0.05288281261],
      [0.044317621202, 0.036557876749, 0.092463870164, 0.65018212539, 0.1764785065],
      [0.0026753542414, 0.01272772985, 5.53541261e-05, 0.55316415306, 0.43137740872],
      [0.48100781922, 0.00043497389066, 0.12213599911, 0.31320851757, 0.083212690209],
