{
  "Z_true": {},
  "V_true": [
    [23, 1642, 211, 1980, 49],
    [82, 782, 123, 10225, 321],
    [326, 859, 10012, 1771, 451],
    [140, 207, 215, 1287, 107],
    [444, 203, 442, 565, 314]
  ],
  "p_true": [
    [0.0059, 0.4205, 0.054, 0.507, 0.0125],
    [0.0071, 0.0678, 0.0107, 0.8866, 0.0278],
    [0.0243, 0.064, 0.7461, 0.132, 0.0336],
    [0.0716, 0.1058, 0.1099, 0.658, 0.0547],
    [0.2256, 0.1032, 0.2246, 0.2871, 0.1596]
  ],
  "Z_est": [
    [
      [0.0967, 0.0139, 0.0459, 0.0016, 0.001, 0.0333, 0.1297, 0.0325, 0.1015, 0.0256, 0.0653, 0.0206, 0.0995, 0.0847, 0.057, 0.0974, 0.0453, 0.0567, 0.0616, 0.0406, 0.0236, 0.0227, 0.1957, 0.0634, 0.0044, 0.0002, 0, 0.0554, 0.04, 0.0522, 0.0261, 0.0464, 0.0678, 0.0865, 0.0493, 0.0664, 0.0263, 0.0441, 0.1885, 0, 0.0142, 0.379, 0.0548, 0.0494, 0.1469, 0.0018],
      [59.1834, 6.8762, 36.294, 2.5567, 29.8785, 97.2951, 207.8768, 32.5736, 81.8829, 15.9783, 53.6305, 18.9852, 64.9852, 70.995, 32.7072, 43.2135, 35.9717, 69.5548, 24.4623, 42.1357, 30.8014, 51.3853, 167.1139, 32.3133, 153.4431, 28.9785, 3.8625, 44.0044, 12.5853, 26.0125, 25.5864, 24.1643, 51.9216, 76.6549, 37.6711, 36.9934, 25.1788, 48.9089, 146.0811, 2.1685, 6.7521, 326.5102, 34.5506, 34.3951, 250.1044, 49.0012],
      [4.8325, 0.7975, 3.3476, 0.6226, 3.2031, 3.4767, 7.8059, 3.1149, 6.3926, 1.5989, 4.5802, 0.8355, 7.2964, 5.8713, 3.2385, 4.7629, 2.6668, 4.2192, 2.5016, 2.9101, 2.0108, 2.5674, 8.5473, 2.6784, 6.1652, 1.6199, 0.0368, 1.9131, 1.3513, 1.9779, 1.5297, 1.1079, 3.3206, 3.9317, 2.054, 3.0178, 1.0493, 3.3837, 11.3745, 0.0314, 0.1357, 27.0315, 2.4238, 2.5714, 11.2239, 3.8752],
      [26.5491, 3.0248, 10.7462, 0.7705, 9.2411, 17.0653, 61.9478, 8.7939, 25.1224, 8.9823, 13.9302, 3.9334, 23.1379, 12.9825, 11.2377, 25.4481, 9.7863, 17.0161, 14.8395, 16.9389, 6.6946, 9.5674, 52.1891, 11.6015, 42.7814, 6.0249, 0.0781, 17.2768, 15.7367, 15.3022, 12.4063, 16.248, 31.8168, 36.0691, 13.6502, 15.3935, 6.3256, 15.8417, 43.3346, 0.8002, 0.0665, 118.4069, 15.349, 10.7141, 63.403, 24.0498],
      [1.3384, 0.2876, 0.5663, 0.0486, 0.6763, 1.1296, 3.2399, 0.4851, 1.5006, 0.4149, 0.7937, 0.2253, 1.481, 1.0664, 0.7596, 1.4781, 0.53, 1.1532, 1.1351, 0.9746, 0.4696, 0.4572, 1.954, 0.3434, 1.6059, 0.3764, 0.0226, 0.7502, 0.2867, 0.6553, 0.4515, 0.4334, 0.8732, 1.2578, 0.5753, 0.529, 0.4201, 0.8216, 2.0213, 0, 0.0315, 6.6723, 0.6219, 0.2701, 2.1217, 1.072]
    ],
    [
      [2.0118, 0.7924, 1.7844, 0.0568, 0.2988, 0.5681, 1.4739, 1.3453, 3.8222, 0.8578, 2.2017, 1.0643, 1.511, 2.7715, 1.1258, 1.4672, 1.6599, 2.5221, 3.2427, 1.7644, 2.277, 2.5554, 3.982, 0.9343, 0.7796, 0.0146, 0, 3.2895, 0.7957, 2.5133, 1.071, 2.0848, 2.7258, 2.8161, 2.1827, 1.7358, 1.6621, 1.653, 5.8056, 0, 0.4726, 12.2385, 0.4677, 2.0043, 5.0622, 0.2409],
      [0.8959, 0.1767, 1.0496, 0.0378, 0.5317, 1.1515, 2.4996, 1.1106, 1.735, 0.3038, 1.3798, 0.6601, 0.6922, 1.7563, 0.4656, 0.3131, 0.7589, 2.4477, 0.7008, 1.3377, 2.0429, 3.3693, 2.558, 0.398, 1.9612, 0.2977, 0.7576, 1.9082, 0.1779, 0.8348, 0.8749, 1.3494, 1.9232, 2.244, 1.2231, 0.7007, 1.0397, 0.7426, 2.9213, 0.0605, 0.5439, 7.5765, 0.314, 1.1471, 5.388, 0.5294],
      [0.9657, 0.3871, 1.1341, 0.6278, 1.0852, 1.4577, 5.6895, 1.6731, 1.3912, 0.3952, 2.0928, 0.2885, 2.1854, 1.6682, 0.7452, 1.6029, 0.7033, 1.9278, 1.5466, 1.096, 2.2498, 3.0223, 1.5128, 0.3558, 1.5146, 0.2621, 0.4474, 1.2129, 1.1917, 1.4845, 0.6137, 1.6266, 2.5375, 1.7932, 0.9686, 0.4894, 0.7517, 0.5624, 2.3773, 0.0136, 0.2431, 7.3298, 0.9962, 1.0309, 3.8032, 1.9224],
      [222.9568, 67.0751, 171.8792, 10.6416, 89.1757, 86.6292, 225.7986, 153.28, 285.5885, 120.321, 187.655, 81.8849, 133.8205, 169.3477, 88.2519, 142.1843, 108.562, 310.1431, 296.7247, 283.1123, 261.9775, 411.6573, 441.0082, 81.1044, 323.9007, 31.7527, 34.4566, 393.0673, 124.9662, 279.4759, 200.8182, 282.617, 501.9336, 467.4941, 234.8743, 163.9639, 154.8354, 130.9513, 461.3633, 9.9259, 11.5272, 1482.8732, 60.1101, 186.6662, 790.3625, 83.179],
      [10.1698, 5.5686, 8.1526, 0.6361, 5.9086, 5.1935, 10.5384, 7.5909, 15.4631, 5.1221, 9.6706, 4.1023, 7.7909, 12.4563, 5.4116, 7.4325, 5.316, 18.9593, 19.7851, 14.6897, 14.4528, 14.3957, 14.939, 2.2075, 10.844, 1.673, 3.3383, 14.522, 1.8685, 10.6913, 6.6223, 6.3222, 11.8799, 14.6525, 8.7514, 5.1101, 8.7111, 6.0906, 19.5325, 0, 1.2133, 75.9819, 2.1119, 4.1515, 24.3841, 3.1283]
    ],
    [
      [9.7158, 1.0923, 4.5802, 0.1077, 1.345, 5.1455, 14.251, 2.2927, 13.2839, 2.6842, 12.5436, 3.1955, 11.855, 11.0889, 7.4083, 8.4323, 8.7747, 3.7726, 3.3723, 3.0513, 2.6516, 2.7693, 13.2114, 3.2532, 4.6789, 0.1154, 0, 7.4185, 3.5452, 9.2111, 2.0513, 6.4857, 9.6886, 8.8355, 7.2989, 5.4625, 5.4438, 4.1499, 21.9606, 0, 0.3625, 29.6958, 2.7316, 3.4897, 14.0672, 1.2252],
      [17.2827, 1.5077, 10.5343, 0.3193, 12.5722, 31.1411, 51.4675, 6.9332, 22.7629, 4.83, 29.6705, 7.9413, 20.147, 26.6368, 11.8923, 8.9971, 15.3024, 13.6791, 3.7618, 8.5251, 8.6774, 13.1114, 33.8968, 5.492, 36.2776, 6.9478, 1.8102, 15.5001, 3.6645, 8.1502, 5.5545, 9.8743, 20.8572, 22.7342, 15.3578, 8.9207, 13.3191, 6.6956, 42.3129, 0.771, 2.2348, 72.0598, 5.277, 7.6558, 61.995, 5.3587],
      [293.4783, 41.8021, 208.4752, 27.52, 261.8549, 233.7853, 532.3262, 140.0854, 362.557, 103.1266, 496.5419, 82.4037, 506.2774, 441.2743, 236.3166, 266.8485, 219.1983, 172.6415, 79.8525, 122.2457, 136.8758, 153.2073, 359.5339, 102.1673, 303.6099, 87.0471, 10.002, 147.6222, 80.1188, 132.781, 69.2542, 93.4677, 273.6147, 233.418, 181.6663, 151.2804, 146.0573, 97.7373, 668.0748, 4.955, 16.887, 1211.0415, 113.62, 120.937, 561.468, 129.3353],
      [49.8554, 4.454, 20.0338, 0.6139, 24.915, 35.8872, 100.6787, 11.3153, 45.05, 18.0885, 47.249, 11.2636, 46.2463, 27.6209, 26.3012, 37.7586, 26.3818, 19.5848, 11.3502, 20.8087, 12.3784, 15.0123, 68.6816, 13.2105, 66.2933, 9.8445, 0.6093, 41.9123, 29.1047, 32.1611, 16.9657, 43.6261, 81.9993, 68.2818, 37.1104, 24.2382, 23.8432, 13.7596, 80.11, 2.2739, 0.1355, 165.5409, 16.1459, 15.0739, 101.586, 18.2192],
      [12.6678, 2.1439, 5.3765, 0.4391, 9.3128, 12.041, 26.2764, 3.3735, 13.3462, 4.2707, 13.995, 3.1958, 15.4743, 12.3792, 9.0815, 10.9635, 7.3427, 7.3219, 5.6632, 6.3691, 4.4168, 3.8997, 12.6764, 1.8771, 12.1403, 3.0452, 0.5785, 8.5469, 2.5667, 6.6967, 3.1742, 5.5463, 10.8402, 11.7305, 7.5666, 4.0983, 7.3365, 3.6576, 18.5417, 0, 0.3802, 46.6619, 3.2255, 1.8436, 16.8839, 3.8616]
    ],
    [
      [6.6898, 1.3266, 6.4046, 0.6976, 1.3017, 2.1339, 4.4774, 5.8709, 13.479, 1.6033, 8.626, 2.3887, 7.4903, 8.6238, 5.4974, 4.5704, 7.573, 7.9236, 5.7325, 6.0636, 3.8383, 9.4563, 12.4748, 3.1118, 3.9923, 0.5141, 0, 10.3661, 3.4915, 12.4928, 3.7822, 6.2796, 7.5648, 10.7669, 10.9954, 4.8509, 7.1141, 6.1649, 20.6111, 0, 0.661, 43.8383, 1.2668, 5.8215, 9.8219, 0.6618],
      [0.0681, 0.0098, 0.0792, 0.003, 0.0415, 0.1183, 0.0654, 0.075, 0.1223, 0.0103, 0.1148, 0.0283, 0.0835, 0.1083, 0.0544, 0.0257, 0.0731, 0.1688, 0.0319, 0.0925, 0.0658, 0.2411, 0.1825, 0.0412, 0.1588, 0.0513, 0.1318, 0.123, 0.0175, 0.0567, 0.0578, 0.0647, 0.0889, 0.1486, 0.0903, 0.0438, 0.0864, 0.0658, 0.2116, 0, 0.0485, 0.5294, 0.0164, 0.0762, 0.1533, 0.0091],
      [1.9018, 0.4593, 2.657, 0.4304, 1.4934, 1.0199, 1.336, 2.9722, 3.2203, 0.405, 3.3193, 0.5169, 3.4296, 3.0905, 1.7918, 1.3394, 1.7093, 3.3022, 1.1929, 2.1602, 1.7412, 4.6048, 3.0932, 0.9699, 2.0497, 0.842, 0.2529, 1.8725, 0.7305, 1.572, 1.1266, 0.8438, 1.9126, 2.5256, 2.0853, 1.2191, 1.633, 1.2814, 5.5904, 0, 0.2963, 15.8733, 0.5001, 1.8636, 2.6891, 0.3132],
      [30.1481, 5.1548, 25.086, 4.1892, 12.2629, 12.9256, 27.1385, 26.9066, 37.459, 9.0581, 29.4102, 7.2248, 26.4182, 20.6279, 17.2027, 17.879, 18.5359, 39.8524, 21.473, 38.0608, 18.0019, 57.8741, 55.818, 11.1554, 41.5622, 8.5432, 2.9775, 51.2626, 25.7491, 35.7433, 27.9067, 36.815, 55.256, 71.3002, 46.6697, 18.5272, 26.6289, 17.6092, 63.3272, 0, 0.8126, 211.2896, 6.6674, 22.9414, 56.9257, 6.4234],
      [3.1921, 1.0496, 2.7732, 0.6799, 1.9004, 1.8023, 2.9828, 3.1753, 4.7194, 0.9233, 3.5296, 0.8412, 3.5784, 3.5495, 2.4537, 2.1856, 2.1087, 5.7531, 3.5697, 4.6229, 2.3529, 4.8237, 4.4314, 0.7218, 3.237, 1.0494, 0.6379, 4.3758, 1.0115, 3.1352, 2.1267, 1.997, 3.1777, 5.2587, 4.1593, 1.3589, 3.5376, 1.8787, 6.2597, 0, 0.1816, 25.4694, 0.5494, 1.2973, 4.41, 0.5925]
    ],
    [
      [8.4859, 1.7749, 5.1849, 0.1364, 1.0534, 4.1193, 9.668, 4.4586, 16.3133, 2.8291, 10.5633, 3.331, 7.0441, 11.4312, 6.9115, 7.4327, 6.9471, 6.725, 5.5909, 4.0801, 6.2096, 6.1963, 12.1362, 2.6373, 4.5448, 0.3557, 0, 9.8706, 3.1276, 13.7307, 2.0693, 6.1036, 8.953, 7.495, 7.4737, 4.8845, 5.7537, 5.9882, 20.4342, 0, 0.4897, 34.8483, 2.4791, 4.6351, 17.9018, 1.8703],
      [2.5699, 0.4296, 2.0429, 0.0833, 0.976, 4.294, 6.0907, 2.3075, 4.4969, 0.8775, 4.2043, 1.385, 2.0921, 4.5036, 1.8805, 1.4506, 1.894, 4.1496, 1.0432, 1.909, 3.4125, 4.8929, 5.2489, 0.7555, 5.1593, 1.7247, 0.438, 3.4642, 0.5548, 1.9458, 0.9265, 1.5474, 3.209, 3.2182, 2.6577, 1.3414, 2.376, 1.5869, 6.473, 0, 0.4208, 14.324, 0.842, 1.7259, 13.3594, 1.1016],
      [5.8217, 1.554, 5.386, 0.7992, 2.3634, 4.2605, 8.8424, 6.1544, 9.439, 2.4743, 9.4657, 1.9554, 6.8112, 10.0957, 4.908, 5.4463, 3.7223, 6.9093, 2.9065, 3.588, 7.1224, 7.5982, 7.3127, 1.8286, 5.6607, 2.2289, 0.2609, 4.3792, 1.6076, 4.1846, 1.4758, 1.9539, 5.6147, 4.3316, 4.2258, 2.9933, 3.5086, 3.0352, 13.583, 0, 0.4379, 31.7239, 2.46, 3.5971, 15.8157, 3.554],
      [28.4906, 5.2913, 15.2548, 0.7848, 7.4053, 18.4927, 44.4364, 15.7043, 33.78, 12.5501, 26.7555, 7.6933, 18.3771, 20.421, 16.0065, 21.73, 12.734, 25.4036, 15.6126, 19.0793, 21.9476, 28.8889, 40.303, 6.9283, 35.4624, 7.8348, 0.8784, 36.481, 17.4433, 29.3175, 10.9031, 26.6939, 48.9943, 36.8548, 24.6954, 13.8771, 16.367, 12.8382, 46.865, 0, 0.4582, 125.8894, 9.7276, 13.6045, 81.7229, 14.1285],
      [5.6318, 1.9503, 3.1314, 0.1964, 2.2019, 4.8336, 8.9625, 3.3752, 7.9707, 2.269, 6.0111, 1.6354, 4.6754, 6.5485, 4.2935, 4.9403, 2.7026, 6.8125, 4.8468, 4.3436, 5.3079, 4.4237, 5.9992, 0.8502, 5.1728, 1.856, 0.4226, 5.805, 1.2666, 4.8214, 1.6254, 2.7012, 5.2289, 5.1005, 3.9475, 1.9037, 3.9948, 2.5515, 8.6448, 0, 0.1934, 28.2144, 1.4913, 1.4375, 11.2002, 2.3456]
    ]
  ],
  "V_est": [
    [2.8156, 2754.1792, 181.0049, 922.6218, 44.3785],
    [91.7065, 62.8885, 68.9768, 10841.8943, 467.5339],
    [297.7962, 740.4106, 10414.3913, 1583.5745, 382.8273],
    [308.413, 4.1348, 95.2295, 1404.8011, 143.4216],
    [314.2686, 131.3869, 243.3974, 1075.1083, 203.8388]
  ],
  "p_est": [
    [0.0007, 0.7053, 0.0464, 0.2363, 0.0114],
    [0.008, 0.0055, 0.006, 0.9401, 0.0405],
    [0.0222, 0.0552, 0.7761, 0.118, 0.0285],
    [0.1577, 0.0021, 0.0487, 0.7182, 0.0733],
    [0.1597, 0.0668, 0.1237, 0.5463, 0.1036]
  ],
  "EI_Z": {},
  "EI_V": 9.5191,
  "MAE_Z": {},
  "MAE_V": 249.6359,
  "MAE_p": 0.0645,
  "runtime": 0.213
}
