{
  "Z_true": {},
  "V_true": [
    [84, 91, 948, 384],
    [815, 205, 14371, 937],
    [1485, 12369, 2042, 559],
    [1517, 261, 584, 74],
    [166, 288, 502, 332],
    [180, 264, 637, 440]
  ],
  "p_true": [
    [0.0557, 0.0604, 0.6291, 0.2548],
    [0.0499, 0.0126, 0.8801, 0.0574],
    [0.0902, 0.7517, 0.1241, 0.034],
    [0.6227, 0.1071, 0.2397, 0.0304],
    [0.1289, 0.2236, 0.3898, 0.2578],
    [0.1183, 0.1736, 0.4188, 0.2893]
  ],
  "Z_est": [
    [
      [8.0875, 8.3859, 6.4915, 3.4487, 2.1338, 9.6174, 0.2082, 3.7633, 0.0833, 0, 0.6139, 5.3326, 6.6975, 5.9537, 2.7374, 12.3065, 11.3629, 14.1974, 9.8604, 3.317, 2.9942, 10.8324, 17.9269, 8.0458, 3.3238, 2.5432, 4.4167, 1.8094, 1.4728, 13.6645, 26.5595, 7.6469, 8.0702, 11.3419, 2.9977, 3.0594, 5.1279, 12.9968, 2.5778, 4.3126, 4.7123, 1.3224, 0.9614, 10.1844, 3.3689, 16.9451, 1.2386, 20.7131, 2.1789, 23.8458, 5.6621],
      [2.2717, 1.1658, 1.5061, 0.5265, 0.7076, 3.1338, 1.2124, 0.6393, 0.5431, 0, 0.1728, 3.1755, 1.3454, 4.9227, 3.2183, 2.3292, 1.241, 3.1612, 2.0305, 4.5995, 0.9646, 4.2834, 4.7659, 2.187, 0.5265, 0.4137, 1.2778, 0.3664, 1.2546, 3.5098, 5.1678, 1.6654, 1.7269, 2.5466, 0.4513, 0.6393, 1.3796, 3.6083, 0.9154, 1.3228, 0.8601, 2.9898, 0.1504, 2.2414, 1.7016, 4.0309, 0.1128, 5.4158, 0.3008, 6.7909, 1.6108],
      [3.927, 3.2324, 2.5089, 0.4649, 1.0443, 8.9885, 2.9457, 0.5645, 2.0203, 0, 0.6577, 4.4849, 2.6382, 5.2025, 2.671, 3.8994, 1.0958, 4.8505, 6.444, 7.0012, 2.5792, 15.0248, 26.3809, 4.5227, 0.4649, 0.3653, 5.6562, 1.6154, 11.7883, 9.7045, 7.4205, 5.1486, 1.0499, 7.2047, 0.3985, 0.5645, 2.9775, 12.6456, 2.3409, 2.9684, 6.2767, 0.5752, 0.1328, 15.2857, 1.9367, 17.0302, 0.0996, 12.1605, 0.2656, 21.9187, 14.3698],
      [18.7138, 18.216, 14.4935, 9.5599, 5.1144, 26.2602, 3.6337, 12.033, 3.3534, 0, 1.5556, 10.007, 9.3189, 7.9211, 6.3733, 22.4648, 19.3004, 25.7909, 19.665, 3.0823, 6.462, 21.8593, 39.9263, 18.2445, 9.6849, 7.6779, 11.6494, 3.2088, 14.4843, 23.1212, 45.8523, 13.5392, 15.153, 21.9068, 8.1526, 12.7368, 12.515, 28.7493, 7.1659, 8.3962, 6.1509, 2.1126, 2.7554, 21.2886, 5.9928, 33.9938, 1.5489, 39.7106, 5.2546, 70.4446, 14.3573]
    ],
    [
      [2.743, 7.9554, 2.3231, 1.1756, 1.1401, 4.3975, 0.1399, 5.8576, 0.056, 0.5789, 0.3095, 3.6189, 3.7058, 3.2528, 1.4426, 20.7274, 17.2391, 22.6502, 14.1977, 1.422, 2.1202, 3.079, 9.4503, 2.715, 1.0916, 0.8117, 1.0916, 0.8215, 0.9237, 18.2472, 45.9615, 5.3859, 6.4907, 7.9687, 1.0356, 5.2049, 1.6514, 4.0025, 0.6717, 2.803, 2.1949, 0.1959, 2.56, 6.0939, 3.6326, 11.9514, 0.5878, 17.6989, 0.8117, 9.7418, 1.903],
      [2.7728, 2.2678, 0.1931, 4.7371, 1.5211, 3.1814, 0.5002, 2.0581, 0.1291, 0.0056, 0.5054, 3.2236, 1.857, 4.2746, 3.2385, 0.2686, 1.0524, 0.4627, 0.2052, 0.3116, 0.6469, 0.6808, 2.745, 1.3478, 3.9653, 0.2603, 1.1908, 0.0205, 0.056, 2.9819, 0.6725, 1.2733, 1.7466, 2.1199, 0.1548, 0.792, 2.3808, 0.4869, 1.0565, 0.6041, 0.0625, 0.6507, 2.1777, 0.0793, 0.4746, 3.4624, 3.4766, 4.8455, 8.6704, 7.6863, 0.5719],
      [458.411, 422.3642, 429.7832, 284.3587, 108.6, 509.7061, 89.4031, 313.9668, 19.5295, 12.5565, 14.0907, 126.0162, 134.2761, 104.2588, 90.512, 653.2981, 537.9354, 804.8524, 501.0459, 60.1594, 100.5006, 116.5164, 391.6453, 487.0865, 175.207, 202.2001, 196.6338, 30.9195, 157.339, 454.4129, 897.4655, 194.1195, 271.9296, 328.5476, 187.9374, 422.6223, 338.524, 787.8336, 172.9792, 109.3118, 90.9097, 11.7726, 59.2943, 140.4977, 87.3267, 561.3009, 96.6423, 740.5763, 105.2566, 798.5508, 87.7603],
      [41.0732, 40.4126, 34.7006, 30.7286, 10.7388, 51.7151, 4.9567, 31.1175, 4.2855, 1.859, 3.0944, 10.1413, 14.1611, 6.2138, 5.8069, 46.7059, 42.7731, 47.0348, 38.5512, 3.1069, 10.7323, 21.7238, 51.1594, 35.8507, 34.7361, 22.7278, 20.0838, 4.2384, 18.6814, 30.358, 88.9005, 21.2213, 30.833, 37.3638, 25.8721, 39.3808, 28.4439, 44.677, 15.2926, 13.281, 4.833, 1.3808, 7.968, 27.3291, 7.566, 51.2854, 25.2933, 70.8792, 17.2613, 176.0211, 10.7648]
    ],
    [
      [20.1463, 24.1455, 15.2094, 7.2429, 3.4294, 12.4829, 0.6859, 21.9855, 0.2743, 1.1562, 0.6615, 17.0489, 32.8977, 18.8451, 3.0178, 36.0759, 39.1954, 42.9347, 30.5298, 6.1788, 4.6741, 17.3496, 39.8785, 17.4583, 5.3498, 5.3113, 5.3498, 2.5916, 4.5267, 47.9916, 88.0879, 29.9574, 27.07, 44.1071, 5.6201, 15.2122, 9.173, 34.1291, 3.2922, 14.8742, 6.8472, 0.9602, 7.6116, 11.1239, 11.533, 46.2488, 4.4851, 64.7848, 3.9781, 51.1948, 4.2893],
      [367.4125, 614.9989, 201.6618, 153.8479, 131.3718, 474.8978, 45.7301, 385.5657, 14.0929, 5.8865, 9.2634, 336.7638, 212.5854, 302.5936, 137.6339, 280.0646, 279.1018, 485.8139, 214.13, 144.7285, 166.0589, 446.5573, 505.1677, 338.0753, 115.0083, 69.1851, 142.607, 21.3511, 57.2628, 584.43, 703.5642, 217.9324, 266.2549, 330.8306, 163.5568, 212.1899, 195.3479, 511.907, 152.3318, 246.0015, 64.9943, 60.1438, 59.4276, 81.1073, 191.5686, 469.64, 79.3958, 886.938, 113.1266, 769.1805, 90.6358],
      [67.0438, 86.9898, 45.9928, 23.7073, 18.2255, 86.3766, 9.2086, 53.8139, 2.0905, 2.1124, 0.9799, 28.0113, 21.2792, 41.4346, 15.2427, 73.1333, 68.0352, 142.9081, 73.1188, 25.0294, 15.1192, 59.197, 60.2007, 66.6661, 13.353, 15.0404, 23.8265, 6.3106, 15.5182, 107.1139, 120.1657, 33.8146, 31.6326, 42.8535, 35.6442, 40.5614, 36.8107, 119.6603, 45.1072, 25.0422, 12.06, 2.8678, 4.4772, 7.8456, 12.7787, 114.4003, 10.3906, 140.3341, 10.9584, 133.4341, 18.8778],
      [3.3974, 5.8658, 2.1361, 4.2019, 0.9734, 5.2428, 0.3754, 7.6349, 0.5423, 0.845, 0.0951, 0.176, 0.2376, 0.1267, 0.1056, 2.7262, 2.6676, 4.3434, 2.2215, 0.0633, 0.1478, 1.8961, 0.7531, 2.8004, 4.2889, 4.4632, 1.2167, 0.7467, 0.6923, 0.4645, 6.1822, 0.2956, 5.0425, 3.2087, 6.1789, 3.0365, 1.6684, 4.3037, 1.2688, 1.082, 0.0985, 0.0282, 0.4836, 0.9231, 0.1197, 0.7109, 0.7286, 0.9431, 3.9369, 7.1906, 0.1971]
    ],
    [
      [48.6332, 52.9743, 45.617, 20.1027, 12.7985, 43.3399, 3.0487, 35.0836, 0.8339, 1.6678, 0.9319, 24.355, 23.9905, 34.1077, 10.0366, 78.5655, 82.5931, 84.8878, 53.4001, 10.1714, 17.1988, 18.1946, 74.9696, 48.4322, 21.3047, 14.4664, 19.0724, 4.1696, 19.1564, 62.7854, 166.4991, 42.5297, 55.6772, 60.2134, 18.2338, 27.0875, 32.5878, 65.4535, 12.5081, 23.3792, 15.504, 3.8284, 16.9977, 26.7444, 16.8498, 88.4009, 10.699, 122.5087, 14.7965, 90.0924, 14.005],
      [2.9456, 3.3694, 2.7595, 1.197, 0.8283, 2.7247, 0.3571, 2.0925, 0.0542, 0.0822, 0.0378, 1.0585, 0.9829, 2.1912, 0.4915, 4.0957, 4.3592, 4.4368, 2.6981, 0.4158, 3.2087, 0.7561, 4.1218, 2.9117, 2.9732, 0.8338, 5.2771, 0.2131, 1.162, 2.5707, 8.5014, 2.1732, 3.0975, 3.0563, 1.1268, 1.4462, 2.0357, 3.7848, 1.0403, 1.37, 0.7916, 1.9078, 0.9763, 1.3784, 0.7183, 4.8017, 0.659, 6.9671, 1.0313, 4.9877, 0.7834],
      [14.5548, 13.7681, 17.8905, 5.1595, 4.137, 10.8762, 1.4892, 6.1656, 0.0287, 0.2168, 0.027, 2.2733, 0.7022, 8.5411, 2.2965, 16.2675, 19.0069, 12.5054, 8.0863, 0.2971, 3.3279, 0.5401, 13.6525, 14.8254, 7.7971, 4.2883, 10.1903, 0.5211, 8.2497, 1.8365, 26.8438, 5.7582, 14.4429, 6.8421, 5.1495, 2.7938, 12.7851, 14.6592, 9.137, 3.9167, 2.58, 3.2283, 5.8325, 5.2958, 1.2191, 18.5327, 3.3267, 26.8202, 4.8286, 11.0959, 2.9043],
      [0.8663, 0.8882, 0.7331, 0.5408, 0.2362, 1.0592, 0.1051, 0.6583, 0.0832, 0.0332, 0.0033, 0.3131, 0.3244, 0.1599, 0.1755, 1.0713, 1.0408, 1.1699, 0.8154, 0.1157, 0.2646, 0.5092, 1.2561, 0.8308, 1.925, 0.4115, 0.4602, 0.0962, 0.4319, 0.8074, 2.1557, 0.5389, 0.7825, 0.8882, 0.4899, 0.6726, 0.5913, 1.1025, 0.3146, 0.3341, 0.1244, 0.0355, 0.1935, 0.5814, 0.2128, 1.2646, 0.3153, 1.7041, 0.3437, 2.824, 0.3073]
    ],
    [
      [0.7068, 0.8006, 0.5986, 0.3029, 0.1803, 0.6563, 0.0361, 0.577, 0.0144, 0.0288, 0, 0.44, 0.5481, 0.5265, 0.1587, 1.2694, 1.3054, 1.4497, 0.9088, 0.1947, 0.2452, 0.4183, 1.2333, 0.6996, 0.2813, 0.2092, 0.2813, 0.0721, 0.238, 1.2189, 2.8128, 0.7357, 0.8511, 1.0602, 0.2669, 0.476, 0.4255, 1.0314, 0.1731, 0.3895, 0.2596, 0.0505, 0.238, 0.4327, 0.3101, 1.4208, 0.1515, 1.9473, 0.2092, 1.5435, 0.2236],
      [0.8192, 4.1664, 0.4498, 0.3498, 0.2933, 1.056, 0.1043, 0.8518, 0.0326, 0.013, 0, 0.0818, 0.2174, 0, 0.6085, 0.6258, 0.6236, 1.0777, 0.478, 0, 0.1529, 1.7085, 1.1277, 0.7518, 0.2673, 0.1543, 0.3281, 0.0478, 0.1304, 1.295, 1.5666, 0.4867, 0.5954, 0.7388, 0.3607, 0.4693, 0.4389, 1.1342, 0.339, 0.5432, 0.1456, 1.3069, 0.1369, 0.1847, 0.1395, 1.0517, 0.1825, 1.9729, 0.6085, 1.7209, 0.2042],
      [24.0217, 37.6306, 17.8743, 16.3782, 8.0439, 60.7682, 7.4337, 26.0191, 1.844, 0.9042, 0, 10.8356, 10.5911, 9.8863, 7.7523, 25.5428, 28.3529, 39.1154, 20.3739, 4.538, 8.1191, 13.9572, 57.2743, 43.9898, 42.0555, 14.7776, 22.1095, 6.5073, 7.1951, 51.4536, 70.3886, 16.7592, 27.8948, 48.3765, 11.6691, 14.1862, 26.5868, 65.053, 10.8445, 17.0546, 5.2729, 2.43, 2.4619, 6.9403, 7.1219, 30.6425, 2.4963, 95.4888, 10.5375, 53.4644, 5.245],
      [1.4523, 2.4024, 1.0773, 0.9691, 0.4825, 3.5195, 0.4259, 1.5521, 0.1089, 0.0539, 0, 0.6426, 0.6434, 0.5872, 0.4806, 1.562, 1.718, 2.3572, 1.2393, 0.2672, 0.4828, 0.9159, 3.3646, 2.5588, 2.3959, 0.859, 1.2811, 0.3728, 0.4365, 3.0325, 4.232, 1.0184, 1.6588, 2.8245, 0.7034, 0.8685, 1.5487, 3.7814, 0.6434, 1.0127, 0.3219, 0.2126, 0.1632, 0.4422, 0.4286, 1.885, 0.1697, 5.5909, 0.6449, 3.2713, 0.3272]
    ],
    [
      [17.6832, 16.7383, 12.7604, 9.7273, 5.318, 20.506, 0.8813, 12.733, 0.7381, 0.5683, 0.4832, 10.2046, 8.1603, 10.3141, 4.6069, 27.0554, 29.304, 34.8802, 17.1032, 5.716, 6.7675, 8.1261, 27.5415, 19.6492, 7.6488, 5.6583, 8.7883, 0.5358, 6.6824, 25.0923, 60.0792, 15.7446, 19.8409, 22.3086, 8.846, 14.9601, 10.0344, 25.3867, 4.7771, 8.2415, 6.4819, 0.6426, 4.6313, 5.4205, 7.3055, 32.033, 3.8381, 42.3471, 7.0257, 37.5817, 4.9169],
      [0.7782, 0.0317, 0.4298, 0.3417, 0.278, 1.0063, 0.0959, 0.7927, 0.1481, 0.0127, 0.0206, 0.6968, 0.0119, 0.0178, 1.8093, 0.616, 0.622, 1.0477, 0.4582, 0.9445, 2.9679, 0.0139, 1.0719, 0.7265, 0.2595, 0.1528, 0.3192, 0.001, 0.1342, 1.2126, 1.5275, 0.469, 0.5787, 0.7078, 0.3495, 0.4632, 0.417, 1.0787, 0.3171, 0.1583, 0.1459, 0.001, 0.1312, 0.0089, 0.3974, 1.0133, 0.1733, 1.8607, 0.2624, 1.6337, 0.1938],
      [15.0416, 9.0149, 6.9504, 11.9314, 5.9494, 24.2844, 0.5196, 7.47, 1.4871, 0.2101, 0.2446, 7.3786, 1.5132, 4.6768, 3.5256, 15.8589, 20.5739, 28.7683, 4.9311, 5.9749, 4.354, 2.7644, 17.8462, 20.9095, 7.1225, 5.3283, 10.5838, 0.1261, 6.9097, 12.4787, 35.716, 9.3999, 15.0502, 12.1756, 11.2014, 18.2719, 7.3159, 21.1484, 4.5912, 4.7063, 5.9008, 0.1261, 1.8012, 1.1349, 5.6169, 22.0934, 3.0444, 25.6202, 9.1533, 27.5361, 2.8429],
      [7.497, 6.215, 4.8595, 4.9996, 2.4547, 10.2033, 0.5033, 5.0043, 0.6267, 0.2089, 0.2516, 3.72, 2.3146, 2.9912, 2.0582, 9.4698, 10.5001, 13.3038, 5.5076, 2.3645, 2.9105, 3.0956, 10.5404, 8.7149, 3.9692, 2.8606, 4.3088, 0.3371, 3.2737, 8.2163, 20.6773, 5.3866, 7.5303, 7.808, 4.6031, 7.3047, 4.2328, 10.3861, 2.3146, 2.8939, 2.4713, 0.2303, 1.4363, 2.4356, 2.6802, 11.8604, 1.9443, 15.172, 3.5586, 18.2484, 2.0463]
    ]
  ],
  "V_est": [
    [357.4523, 103.0809, 275.5137, 770.9531],
    [293.8327, 90.1067, 14478.7437, 1465.3169],
    [969.205, 13109.9237, 2266.7961, 109.0752],
    [1891.4853, 113.8411, 397.5111, 33.1626],
    [30.6094, 32.1398, 1156.2602, 68.9906],
    [704.4152, 28.9078, 509.1752, 278.5018]
  ],
  "p_est": [
    [0.2372, 0.0684, 0.1828, 0.5116],
    [0.018, 0.0055, 0.8867, 0.0897],
    [0.0589, 0.7967, 0.1378, 0.0066],
    [0.7765, 0.0467, 0.1632, 0.0136],
    [0.0238, 0.025, 0.8977, 0.0536],
    [0.4631, 0.019, 0.3348, 0.1831]
  ],
  "EI_Z": {},
  "EI_V": 9.6811,
  "MAE_Z": {},
  "MAE_V": 318.9523,
  "MAE_p": 0.1292,
  "runtime": 1.0641
}
