{
  "Z_true": {},
  "V_true": [
    [16, 703, 218, 216],
    [439, 62, 907, 25],
    [344, 126, 13471, 285],
    [182, 10809, 2514, 716],
    [105, 497, 1505, 581]
  ],
  "p_true": [
    [0.0139, 0.6097, 0.1891, 0.1873],
    [0.3064, 0.0433, 0.6329, 0.0174],
    [0.0242, 0.0089, 0.9469, 0.02],
    [0.0128, 0.7601, 0.1768, 0.0503],
    [0.0391, 0.1849, 0.5599, 0.2161]
  ],
  "Z_est": [
    [
      [1.8786, 0.2454, 0, 0.5735, 2.8451, 0.8736, 0.4336, 1.4054, 0.2449, 0, 0, 0.8026, 1.5122, 2.5484, 0.8295, 1.139, 1.7741, 1.5995, 0.1759, 0.5998, 11.1135, 0.3224, 1.2201, 1.7488, 1.4451, 0.9539, 2.8596, 1.3469, 1.7727, 2.5997, 0.9467, 0.4636, 1.3357, 0, 5.8192, 3.0124, 0, 0.4142, 0.1555, 0, 0.3795, 0.1516, 0.6144, 0.8477, 2.1187, 0.141, 5.4388, 0.6948, 9.6923, 1.4591],
      [8.577, 1.1744, 0, 1.9683, 20.5057, 6.0913, 3.8973, 10.0872, 4.7586, 0, 1.8488, 7.4066, 15.9911, 25.9168, 17.316, 15.2517, 32.5023, 37.9795, 0.5595, 6.0371, 60.176, 1.237, 19.5762, 31.6956, 14.8453, 22.4647, 36.3539, 15.3748, 25.8974, 24.1771, 9.4869, 8.2287, 7.5005, 0, 55.7752, 27.1277, 0, 4.2335, 4.0451, 2.9064, 1.1581, 0.6639, 4.358, 17.7051, 25.8678, 1.4459, 67.2132, 4.8405, 53.1624, 9.7418],
      [2.6623, 0.225, 0, 0.6923, 5.9899, 1.3069, 1.0702, 1.6558, 1.2205, 0, 0.1512, 1.3399, 4.1946, 6.3457, 4.1434, 3.8215, 7.6604, 9.612, 0.1698, 2.3033, 19.1275, 0.1922, 3.5166, 7.4151, 3.0194, 5.3028, 6.0946, 3.5413, 5.6874, 6.9422, 1.9934, 2.4689, 1.8825, 0, 13.9192, 4.6422, 0, 0.7837, 1.0393, 0.8339, 0.1803, 0.0983, 0.6332, 4.5601, 7.2452, 0.1754, 15.7209, 0.7154, 10.3968, 2.8611],
      [1.882, 0.3552, 0, 0.766, 3.6593, 0.7282, 0.5989, 1.8515, 0.776, 0, 0, 1.4509, 2.3021, 2.1891, 2.7111, 1.7878, 3.0632, 4.809, 0.0948, 2.0598, 8.583, 0.2484, 3.6871, 5.1405, 2.6902, 3.2786, 4.6918, 2.737, 3.6425, 4.2809, 1.573, 0.8387, 1.2813, 0, 8.4865, 3.2177, 0, 0.5686, 0.7602, 0.2596, 0.2822, 0.0862, 0.3944, 2.887, 2.7683, 0.2377, 8.627, 0.7493, 9.7485, 0.938]
    ],
    [
      [22.1821, 1.6726, 1.3784, 4.0577, 16.5825, 3.5172, 4.0229, 12.2665, 0.6966, 1.1132, 0, 2.545, 12.6566, 16.7316, 4.4348, 10.803, 10.4535, 10.1326, 4.1415, 3.3485, 62.0188, 1.814, 5.7401, 11.5533, 10.0938, 7.6082, 18.1063, 9.1415, 13.3817, 14.5989, 6.3019, 4.8065, 16.931, 0.6809, 26.0621, 6.3808, 0, 1.6146, 1.3125, 0, 3.8193, 2.9595, 4.3677, 5.8624, 16.9194, 2.6355, 40.7911, 10.2789, 77.8496, 15.6114],
      [14.4776, 1.0271, 1.0409, 2.0899, 17.8152, 2.3651, 4.3552, 8.8791, 0.7863, 0.7654, 0, 3.0975, 14.8908, 18.5207, 8.4983, 15.9117, 15.0465, 19.5904, 2.4014, 3.9191, 56.9441, 0.7109, 4.8822, 14.7003, 9.7534, 12.647, 19.1519, 6.8513, 16.4235, 12.051, 7.1791, 10.6546, 6.2048, 1.3279, 20.2711, 4.9045, 0, 0.8311, 5.4341, 3.2274, 1.1796, 1.625, 2.2723, 7.851, 24.3556, 3.0502, 50.9293, 9.4293, 47.7058, 15.653],
      [12.2893, 0.8741, 0.3851, 1.6857, 9.4362, 0.8277, 1.9978, 5.1367, 0.4168, 0.0655, 0, 0.9229, 4.6162, 6.4437, 2.9241, 5.7526, 4.338, 7.1961, 2.147, 3.2297, 36.8227, 0.299, 1.5051, 7.5096, 3.4546, 5.1368, 8.6512, 3.697, 6.14, 8.0002, 8.3505, 5.6372, 10.578, 0.7687, 10.4012, 2.0787, 0, 0.4382, 3.3475, 2.4833, 0.519, 1.2106, 2.0906, 4.0655, 12.3985, 0.9331, 21.4022, 5.0005, 26.8164, 9.2973],
      [4.051, 0.4262, 0.1955, 1.1668, 3.1661, 0.29, 0.6241, 1.7176, 0.1003, 0.056, 0, 0.4346, 1.8365, 1.304, 1.1427, 1.5327, 1.1621, 2.0809, 0.31, 1.5028, 8.2143, 0.1761, 0.8723, 2.2368, 1.6981, 1.6079, 2.0906, 1.3102, 2.0548, 2.3498, 1.1685, 0.9017, 1.2862, 0.2224, 3.2657, 0.636, 0, 0.116, 0.9058, 0.2893, 0.4821, 0.2049, 0.2695, 1.2211, 2.3264, 0.3811, 5.8774, 1.2912, 9.6282, 1.4382]
    ],
    [
      [4.2668, 0.4272, 0.3371, 0.5955, 1.5938, 1.039, 0.7051, 4.7006, 0.2044, 0.4471, 0, 0.2521, 1.5396, 2.5552, 0.5636, 1.6068, 1.5859, 1.3973, 0.8168, 0.4476, 6.6554, 0.9786, 2.5053, 3.3603, 2.7228, 1.7071, 6.4862, 4.5172, 3.0478, 4.3843, 1.9838, 0.5936, 14.8022, 0.1547, 8.5512, 1.0056, 0, 1.457, 0.1123, 0, 1.6689, 1.4026, 2.3775, 1.8172, 2.872, 0.7634, 8.6374, 2.9076, 25.1309, 2.8752],
      [0.0923, 0.0222, 0.0372, 0.002, 0.0694, 0.2234, 0.0996, 0.7418, 0.0703, 0.0785, 0.7528, 0.0339, 0.2871, 0.6717, 0.3406, 0.6755, 1.2102, 0.9322, 0.0124, 0.0069, 0.1505, 0.0747, 1.0331, 1.7875, 1.1049, 1.5375, 3.5705, 0.7904, 1.5422, 0.5478, 0.5959, 0.0697, 0.5773, 0.0296, 2.0016, 0.1122, 0.2461, 0.1651, 0.0715, 0.0441, 0.0168, 0.1362, 0.3145, 0.8754, 0.6821, 0.6152, 3.7964, 0.7288, 2.7884, 0.3149],
      [197.047, 24.0587, 23.5534, 23.022, 131.2436, 58.2882, 63.2522, 378.0546, 40.5899, 7.2876, 8.2472, 17.2232, 181.4996, 249.3025, 134.7518, 231.2598, 310.1828, 384.5141, 23.8155, 58.2916, 376.2715, 24.7628, 466.5198, 720.7499, 285.5793, 486.4912, 1020.6142, 482.0926, 498.8911, 402.2555, 267.4318, 122.0698, 969.2871, 20.7314, 772.5485, 75.6469, 3.7539, 147.5466, 38.341, 26.5277, 21.3529, 51.3012, 134.7198, 427.1539, 344.2636, 135.3844, 1063.9095, 228.7454, 1273.1199, 171.9048],
      [7.5939, 1.4919, 1.0723, 1.3806, 3.0932, 1.4493, 1.9431, 15.503, 1.1354, 0.1869, 0, 0.4908, 4.6738, 3.4706, 4.3439, 5.4579, 6.0211, 10.1564, 0.3553, 3.2539, 6.9226, 1.1839, 20.9419, 28.1023, 13.593, 18.2641, 28.3291, 21.5998, 16.5188, 15.8124, 8.9885, 2.2668, 26.3334, 1.0843, 26.8987, 1.2353, 0, 3.8313, 1.4751, 0.4281, 1.9614, 1.16, 2.5883, 18.1535, 7.1823, 5.237, 30.6567, 7.6182, 52.9607, 2.9051]
    ],
    [
      [9.5173, 0.5801, 1.1431, 2.553, 6.3246, 3.2223, 2.6029, 3.6376, 0.8302, 1.2079, 0, 1.1651, 8.5007, 10.8937, 1.8713, 4.9309, 6.8067, 4.3735, 2.8658, 1.3929, 38.5476, 1.7332, 2.9554, 4.801, 7.2798, 3.4933, 6.4812, 10.3848, 5.8957, 9.5349, 1.5134, 3.0049, 5.6639, 0.1139, 15.8177, 3.7496, 0, 1.2379, 0.3574, 0, 0.9119, 1.3678, 1.3745, 5.288, 8.5738, 1.3, 15.1589, 4.6309, 50.4191, 8.6276],
      [124.0771, 10.4962, 23.4149, 22.271, 171.141, 65.0598, 74.1669, 148.2292, 38.6228, 12.9812, 7.3984, 42.4501, 363.5778, 398.4872, 197.5851, 308.7031, 533.638, 501.9234, 20.0267, 39.9989, 529.5586, 16.4213, 245.8866, 385.9753, 272.1144, 389.4324, 508.4771, 297.1651, 431.6389, 251.0223, 83.0039, 149.6808, 133.3425, 8.0103, 511.1291, 103.7923, 4.7705, 47.6025, 44.0314, 33.0757, 11.6525, 20.1173, 36.6918, 300.5425, 348.6858, 99.3728, 922.332, 142.8113, 844.8876, 164.6054],
      [27.0022, 1.7999, 4.6794, 3.6675, 26.3358, 8.4671, 16.1485, 29.4407, 15.0039, 0.3036, 0.6016, 1.8845, 67.434, 72.7393, 26.5889, 64.2639, 119.4687, 113.8942, 7.8677, 11.7537, 124.0807, 1.9561, 63.8323, 121.8497, 55.5548, 123.5883, 144.0268, 114.7701, 94.8173, 76.1489, 21.3448, 71.9802, 56.9937, 0.9151, 117.2174, 9.5918, 0.2295, 16.0035, 3.6743, 12.1446, 0.1209, 5.2954, 9.1543, 123.9847, 103.3269, 23.8531, 191.1284, 33.6424, 167.7531, 43.4946],
      [17.4034, 2.1237, 2.7627, 6.5085, 19.1986, 4.2508, 7.0817, 14.6925, 3.5431, 0.5073, 0, 3.5003, 31.4875, 16.8798, 18.9546, 21.1021, 30.0866, 39.8089, 1.2399, 9.8545, 47.813, 1.8893, 27.3258, 40.374, 32.051, 38.4859, 34.0149, 37.68, 36.6482, 30.2938, 7.1379, 10.3341, 11.9999, 0.9608, 48.8358, 6.8662, 0, 3.1561, 4.9368, 1.7797, 1.3147, 1.2195, 1.7794, 36.1848, 23.4135, 8.474, 70.3808, 11.9154, 94.9402, 9.2724]
    ],
    [
      [1.1551, 0.0746, 0.1414, 0.2204, 0.6539, 0.3478, 0.2354, 0.9898, 0.0239, 0.2318, 0, 0.2351, 0.791, 1.271, 0.3007, 0.5203, 0.3798, 0.4971, 0, 0.2113, 1.6646, 0.1518, 0.5792, 0.5366, 0.4585, 0.2374, 1.0667, 0.6095, 0.9021, 0.8822, 0.2542, 0.1313, 1.2671, 0.0505, 1.7499, 0.8517, 0, 0.2763, 0.0622, 0, 1.2204, 0.1185, 0.266, 0.1847, 0.5162, 0.1601, 1.9738, 0.4877, 4.908, 0.4267],
      [4.776, 0.2801, 1.507, 0.6689, 6.4688, 3.2604, 3.481, 8.0627, 0.7621, 1.175, 0, 3.0119, 18.2533, 20.4037, 13.26, 14.4581, 16.6031, 25.5746, 0, 2.038, 10.1707, 0.5561, 13.6218, 13.8413, 8.182, 10.9183, 21.4466, 8.8183, 23.4979, 9.2017, 2.7341, 4.3661, 3.3749, 0.6322, 20.823, 5.0633, 0.9834, 3.1678, 3.4178, 0.7463, 1.993, 0.4577, 1.3635, 6.0259, 10.4086, 4.5159, 39.7292, 5.1901, 30.4558, 3.6849],
      [35.9992, 3.0422, 5.3821, 4.9326, 32.9945, 10.1101, 12.5313, 64.7122, 3.7688, 1.3434, 0, 5.6296, 44.2556, 54.1688, 36.5917, 42.9021, 41.3501, 79.7835, 0, 17.4217, 52.6976, 2.7898, 84.6262, 92.4758, 31.3919, 51.4809, 133.6131, 56.899, 91.4642, 59.6531, 29.8795, 18.8439, 109.2587, 4.5848, 111.9136, 20.0404, 1.0166, 30.228, 11.5978, 3.0104, 5.8269, 4.0944, 15.4021, 36.2357, 44.7658, 18.654, 159.839, 27.8963, 167.9138, 17.4421],
      [5.0697, 0.6031, 0.9695, 1.1781, 3.8828, 1.2817, 1.7523, 8.2353, 0.4452, 0.2498, 0, 1.1234, 6.7001, 5.1565, 5.8476, 5.1194, 4.667, 10.1448, 0, 3.329, 5.4671, 0.5024, 12.1728, 12.1463, 5.9676, 7.3634, 12.8736, 8.6731, 12.1358, 8.263, 3.1322, 1.6586, 8.0993, 0.7325, 14.5134, 2.0447, 0, 2.328, 1.9221, 0.2433, 1.9596, 0.3293, 0.9684, 5.5537, 4.3095, 2.67, 19.4581, 3.4258, 25.7224, 1.4462]
    ]
  ],
  "V_est": [
    [78.5492, 775.1278, 185.5538, 113.7691],
    [541.9787, 533.6797, 279.7186, 77.6228],
    [140.56, 32.681, 13605.4535, 447.3059],
    [294.6378, 10442.0786, 2551.8188, 932.4648],
    [30.2744, 413.4329, 1992.4553, 251.8375]
  ],
  "p_est": [
    [0.0681, 0.6723, 0.1609, 0.0987],
    [0.3782, 0.3724, 0.1952, 0.0542],
    [0.0099, 0.0023, 0.9564, 0.0314],
    [0.0207, 0.7343, 0.1794, 0.0656],
    [0.0113, 0.1538, 0.7412, 0.0937]
  ],
  "EI_Z": {},
  "EI_V": 5.6733,
  "MAE_Z": {},
  "MAE_V": 191.3094,
  "MAE_p": 0.0783,
  "runtime": 98.454
}
