{
  "Z_true": {},
  "V_true": [
    [20, 424, 523, 579],
    [866, 2035, 180, 58],
    [222, 6244, 100, 151],
    [241, 3844, 15984, 477],
    [93, 1854, 303, 753],
    [64, 356, 173, 168]
  ],
  "p_true": [
    [0.0129, 0.2743, 0.3383, 0.3745],
    [0.2759, 0.6483, 0.0573, 0.0185],
    [0.0331, 0.9296, 0.0149, 0.0225],
    [0.0117, 0.1871, 0.778, 0.0232],
    [0.031, 0.6174, 0.1009, 0.2507],
    [0.0841, 0.4678, 0.2273, 0.2208]
  ],
  "Z_est": [
    [
      [0, 1.6486, 3.799, 0.1434, 1.2902, 0.215, 0.0717, 1.4336, 1.6486, 1.56, 1.8637, 1.792, 2.0787, 3.0105, 0, 0, 0, 2.0787, 0.0717, 8.1714, 3.2256, 0.1434, 0, 0.0717, 0.215, 0, 2.007, 3.3689, 6.1644, 6.5945, 2.2937, 4.5875, 0.0151, 0.0717, 0, 0.9318, 2.4371, 0.6451, 0.7885, 1.2185, 1.9353, 2.6521, 0, 31.754, 1.7203, 5.8777, 0.2867],
      [0, 5.5631, 12.8193, 0.4837, 4.3537, 0.7256, 0.2419, 4.8375, 5.5631, 6.6943, 6.2887, 6.0469, 7.0144, 10.1587, 0, 0, 0, 7.0144, 0.2419, 27.5737, 10.8843, 0.4837, 0, 0.2419, 0.7256, 0, 6.7725, 11.3681, 20.8012, 22.2524, 7.74, 15.4799, 2.9025, 0.8704, 2.1769, 3.1444, 8.2237, 2.1769, 2.6606, 4.1119, 6.5306, 8.9493, 0, 107.1503, 5.805, 19.8337, 0.9675],
      [0, 1.3317, 3.0687, 0.1158, 1.0422, 0.1737, 0.0579, 1.158, 1.3317, 4.0216, 1.5054, 1.4475, 1.6791, 2.4318, 0, 0, 0, 2.7676, 0.0579, 6.6006, 2.6055, 0.1158, 0, 0.0579, 0.1737, 0, 4.3932, 2.7213, 4.9794, 5.3268, 1.8528, 3.7056, 0.6948, 0.0579, 4.7676, 3.1654, 8.9569, 0.5211, 0.6369, 0.9843, 1.5633, 2.1423, 0.1539, 25.6499, 1.3896, 4.7478, 0.2316],
      [0, 14.4566, 33.3129, 1.2571, 11.3138, 1.8856, 0.6285, 12.5709, 14.4566, 0.724, 16.3422, 15.7137, 18.2278, 26.3989, 0, 0, 0, 17.1394, 0.6285, 71.6543, 28.2846, 1.2571, 0, 0.6285, 1.8856, 0, 14.8273, 29.5417, 54.055, 57.8262, 20.1135, 40.2269, 8.3876, 0, 2.0555, 5.7584, 14.3823, 5.6569, 6.914, 10.6853, 16.9707, 23.2562, 0.8461, 278.4459, 15.0851, 51.5408, 2.5142]
    ],
    [
      [0.2944, 14.4277, 24.7333, 2.0611, 10.3055, 2.65, 0.8833, 10.5662, 23.8499, 7.8405, 13.25, 26.7944, 26.6111, 41.811, 0, 0.8833, 0.9989, 21.7888, 1.4722, 55.3554, 33.2721, 1.1903, 2.4125, 0.8833, 1.4556, 0, 16.1944, 17.6223, 31.211, 41.2221, 18.712, 14.4277, 2.65, 0.8833, 1.3336, 5.4075, 15.9, 10.0111, 4.2134, 20.3166, 14.1333, 36.8055, 0, 210.5272, 21.4944, 75.9665, 18.55],
      [0.6616, 32.4182, 55.5741, 4.6312, 23.1559, 5.9544, 1.9848, 32.4182, 53.5893, 17.2015, 29.7718, 60.2053, 60.3885, 93.9467, 1.3232, 1.9848, 2.6464, 48.9581, 3.308, 124.3801, 74.7604, 5.9544, 5.2928, 1.9848, 7.6139, 0, 36.3878, 71.5754, 70.1292, 92.6235, 43.0038, 32.4182, 5.9544, 2.0061, 5.2928, 13.8935, 36.1104, 22.4943, 9.9239, 46.1411, 31.7566, 82.6996, 0, 473.0414, 48.2965, 170.6919, 41.6806],
      [0.044, 1.8054, 3.095, 0.2579, 1.2896, 0.3316, 0.1105, 5.667, 2.9844, 0.958, 1.658, 3.3529, 3.3529, 5.232, 0.0737, 0.1105, 0.3263, 3.253, 0.1842, 6.9269, 4.1635, 1.7913, 0.2948, 0.1105, 0.3685, 0, 2.4178, 3.574, 3.9056, 5.1583, 2.4155, 1.8054, 0.3316, 0.1105, 1.3167, 1.699, 1.9896, 1.2527, 0.756, 2.5423, 1.7686, 4.6056, 0, 26.3442, 2.6897, 9.506, 2.3212],
      [0, 0.3486, 0.5976, 0.0498, 0.249, 0.064, 0.0213, 0.3486, 0.5763, 0, 0.3202, 0.6475, 0.6475, 1.0103, 0.6031, 0.0213, 0.0285, 0, 0.0356, 1.3376, 0.804, 0.064, 0, 0.0213, 0.5621, 0, 0, 4.2284, 0.7542, 0.9961, 0.8688, 0.3486, 0.064, 0, 0.0569, 0, 0, 0.2419, 0.1067, 0, 0.3415, 0.8894, 0, 5.0871, 0.5194, 1.8356, 0.4482]
    ],
    [
      [0, 0.0031, 0.0052, 0.0002, 0.0013, 0.0002, 0.0001, 0, 0.001, 0.0075, 0.0009, 0.0064, 0, 0.0063, 0, 0.0001, 0, 0.0012, 0.0746, 0.0046, 0.0044, 0, 0.0011, 0.0331, 0, 0, 0.0019, 0, 0.0048, 0.0066, 0, 0.0027, 0, 0, 0, 0, 0.0013, 0.0008, 0.0003, 0.0016, 0.0015, 0.0047, 0, 0.0372, 0.0029, 0.007, 0.0011],
      [0, 164.9696, 278.9487, 12.9976, 67.9875, 12.9976, 2.9994, 52.9902, 55.9897, 40.9925, 48.991, 341.9371, 267.9557, 339.9374, 3.5903, 4.9991, 11.9978, 63.9882, 8.9239, 244.9549, 238.956, 9.9982, 5.9989, 3.9662, 23.9956, 0.9998, 102.981, 204.9661, 259.9522, 353.9349, 102.981, 143.9971, 36.9932, 1, 20.9961, 38.9928, 71.9985, 41.9923, 13.9974, 83.9983, 81.9849, 253.9533, 0, 1999.632, 156.9711, 374.931, 56.9895],
      [0, 0.0003, 0.0005, 0, 0.0001, 0, 5.5793e-06, 0.0011, 0.0001, 0.0001, 0.0001, 0.0006, 0.0005, 0.0006, 0.221, 9.2988e-06, 0, 0.0106, 0, 0.0005, 0.0004, 0.0002, 0, 7.4391e-06, 0, 0, 0.017, 0.0004, 0.0005, 0.0007, 0.0021, 0.0003, 0.0001, 1.8598e-06, 0.0039, 0.0072, 0.0001, 0.0001, 0, 0.0002, 0.0002, 0.0005, 0, 0.0037, 0.0003, 0.0007, 0.0001],
      [0, 0.027, 0.0456, 0.0021, 0.0111, 0.0021, 0.0005, 0.0087, 0.0092, 0, 0.008, 0.0559, 0.0438, 0.0556, 0.1887, 0.0008, 0.0022, 0, 0.0015, 0.0401, 0.0391, 0.0016, 0, 0.0007, 0.0044, 0.0002, 0, 0.0335, 0.0425, 0.0579, 0.0168, 0, 0.0067, 0, 0, 0, 0, 0.0069, 0.0023, 0, 0.0134, 0.0415, 0, 0.3271, 0.0257, 0.0613, 0.0093]
    ],
    [
      [0.3722, 11.9141, 6.4515, 1.7945, 6.0754, 0.4695, 1.0446, 0, 6.4907, 5.9262, 10.2175, 0.7327, 0, 1.1598, 0, 2.7843, 0, 3.802, 1.0478, 33.8107, 15.5186, 0, 4.281, 2.0112, 0, 0, 1.1354, 0, 9.2861, 9.5191, 0, 1.9778, 0, 0.0446, 0, 0, 6.6624, 1.6758, 0, 6.9979, 3.9403, 2.1958, 0, 3.9424, 7.781, 56.5309, 5.8291],
      [0, 32.1205, 100.3186, 2.0804, 32.7687, 6.6913, 0.8703, 33.0181, 41.6654, 25.7091, 59.1246, 140.4902, 223.7868, 230.1713, 0.2794, 1.1041, 1.6452, 54.6553, 0, 42.8619, 86.0289, 2.222, 0.0772, 0, 12.1133, 0.0882, 57.5983, 132.8727, 91.658, 135.9954, 38.2957, 89.5543, 5.9131, 1.1375, 22.1925, 19.3483, 67.7741, 13.3198, 1.9713, 34.0723, 36.6265, 105.8928, 0.088, 741.1655, 25.7805, 98.06, 5.7754],
      [10.6278, 343.9369, 784.0526, 47.599, 403.1332, 16.4313, 12.8179, 334.8201, 313.8123, 152.3647, 335.5007, 354.2436, 382.4379, 510.1577, 1.6773, 6.8714, 31.6328, 512.5427, 14.6853, 691.436, 452.2657, 30.9884, 32.6418, 5.8043, 56.3719, 9.6496, 393.2663, 527.52, 613.1505, 689.3149, 250.0768, 388.4679, 51.86, 4.8179, 151.8075, 165.6517, 361.5635, 85.9176, 70.512, 131.9298, 259.0155, 510.3279, 0.8281, 4920.191, 350.0086, 1022.2765, 177.2248],
      [0, 5.0285, 25.1773, 1.5261, 6.0226, 1.408, 0.2672, 1.1617, 7.0315, 0, 11.1572, 21.5335, 1.7752, 7.5113, 0.0433, 0.2402, 3.722, 0, 1.2669, 5.8914, 1.1869, 3.7897, 0, 0.1845, 1.5148, 0.2622, 0, 14.6073, 34.9054, 33.1705, 13.6275, 0, 5.2268, 0, 0, 0, 0, 8.0868, 2.5167, 0, 13.4178, 34.5836, 0.0839, 128.7011, 17.4298, 64.1327, 5.1707]
    ],
    [
      [0.0015, 0.0238, 0.0457, 0.0007, 0.013, 0.0015, 0.0004, 0.0089, 0.0227, 0.0063, 0.0086, 0.0498, 0, 0.0558, 0, 0.0004, 0.0011, 0.0104, 0.0019, 0.0506, 0.0227, 0.0026, 0.3313, 0.0007, 0.0019, 0, 0.0149, 0.0305, 0.0495, 0.0547, 0.016, 0.026, 0.003, 0.0004, 0.0026, 0.0056, 0.0123, 0.0078, 0.0022, 0.0126, 0.0156, 0.0491, 0, 0.3533, 0.0231, 0.0584, 0.0056],
      [1.3299, 57.8268, 111.136, 1.8071, 31.6241, 3.6142, 0.9035, 21.6851, 55.1162, 15.3603, 20.7815, 121.0749, 96.719, 135.5317, 1.8071, 0.9035, 2.7106, 25.2992, 4.5177, 122.882, 55.1162, 6.3248, 3.6142, 1.8071, 4.5177, 0.9035, 36.1418, 74.0906, 120.1714, 132.821, 38.8524, 65.4234, 7.2284, 0.986, 6.3248, 13.5532, 29.817, 18.9744, 5.4213, 33.5239, 37.9489, 119.2679, 0.9035, 858.3672, 56.0198, 141.8565, 13.5532],
      [2.6686, 0.8723, 1.6765, 0.0273, 0.477, 0.0545, 0.0136, 0.3271, 0.8314, 1.6334, 0.3135, 1.8264, 1.4584, 2.0445, 0.028, 0.0136, 0.0409, 0.3816, 0.0681, 1.8537, 0.8314, 0.0954, 0.0545, 0.0273, 0.0681, 0.014, 3.8433, 1.1177, 1.8128, 2.0036, 0.5861, 0.9541, 0.109, 0.0136, 0.0954, 1.4413, 0.4498, 0.2862, 0.0818, 0.4634, 0.5725, 1.7991, 0.0136, 12.9484, 0.8451, 2.1399, 0.2044],
      [0, 5.277, 10.1418, 0.1649, 2.8859, 0.3298, 0.0825, 1.9789, 5.0297, 0, 1.8964, 11.0488, 8.8226, 12.3681, 0.1649, 0.0825, 0.2474, 2.3087, 0.4123, 11.2137, 5.0297, 0.5772, 0, 0.1649, 0.4123, 0.0825, 0, 6.7612, 10.9664, 12.1207, 3.5455, 3.5965, 0.6596, 0, 0.5772, 0, 2.721, 1.7315, 0.4947, 0, 3.4631, 10.8839, 0.0828, 78.3312, 5.1121, 12.9453, 1.2368]
    ],
    [
      [0.3319, 3.9826, 7.9653, 0, 4.3145, 0.6638, 0, 1.9913, 2.987, 1.6594, 1.6594, 9.6247, 5.3102, 9.9566, 0, 0.3319, 0, 3.3189, 0.3319, 13.6073, 9.9566, 0.6638, 1.9742, 0, 1.3275, 0, 4.6464, 4.9783, 11.2841, 14.603, 4.9783, 4.9783, 0.3319, 0, 0.6638, 2.6551, 2.987, 1.6594, 0.9957, 10.4527, 5.974, 9.2928, 0, 64.3859, 4.9783, 24.5596, 1.3275],
      [0.0085, 0.1017, 0.2033, 0, 0.1101, 0.0169, 0, 0.0508, 0.0763, 0.0424, 0.0424, 0.2457, 0.1356, 0.2542, 0, 0.0085, 0, 0.0847, 0.0085, 0.3474, 0.2542, 0.0169, 0.0169, 0, 0.0339, 0.0085, 0.1186, 0.1271, 0.2881, 0.3728, 0.1271, 0.1271, 0.0085, 0, 0.0169, 0.0678, 0.0763, 0.0424, 0.0254, 0.1525, 0.1525, 0.2372, 0.0085, 1.6437, 0.1271, 0.627, 0.0339],
      [0.6596, 0.0534, 0.1067, 0, 0.0578, 0.0089, 0, 0.0267, 0.04, 0.0222, 0.0222, 0.129, 0.0712, 0.1334, 0, 0.0044, 0, 0.0445, 0.0044, 0.1823, 0.1334, 0.0089, 0.0089, 0, 0.0178, 0.3363, 0.0623, 0.0667, 0.1512, 0.1957, 0.0667, 0.0667, 0.0044, 0, 0.0089, 0.0356, 0.04, 0.0222, 0.0133, 0.0801, 0.0801, 0.1245, 0.0044, 0.8628, 0.0667, 0.3291, 0.0178],
      [0, 7.8623, 15.7247, 0, 8.5175, 1.3104, 0, 3.9312, 5.8967, 3.276, 3.276, 19.0006, 10.4831, 19.6558, 0, 0.6552, 0, 6.5519, 0.6552, 26.8629, 19.6558, 1.3104, 0, 0, 2.6208, 0.6552, 9.1727, 9.8279, 22.2766, 28.8285, 9.8279, 9.8279, 0.6552, 0, 1.3104, 5.2416, 5.8967, 3.276, 1.9656, 7.3147, 11.7935, 18.3454, 0.9871, 127.1076, 9.8279, 48.4843, 2.6208]
    ]
  ],
  "V_est": [
    [109.8827, 377.8741, 110.3868, 947.8564],
    [903.3728, 2086.2293, 124.2526, 25.1452],
    [0.2257, 6715.3057, 0.2749, 1.1938],
    [233.4227, 2854.9829, 16974.2317, 483.3627],
    [1.4053, 2716.1605, 49.4824, 235.9518],
    [257.6908, 6.4476, 4.3716, 492.4901]
  ],
  "p_est": [
    [0.0711, 0.2444, 0.0714, 0.6131],
    [0.2878, 0.6646, 0.0396, 0.008],
    [0, 0.9997, 0, 0.0002],
    [0.0114, 0.139, 0.8262, 0.0235],
    [0.0005, 0.9045, 0.0165, 0.0786],
    [0.3386, 0.0085, 0.0057, 0.6472]
  ],
  "EI_Z": {},
  "EI_V": 9.5082,
  "MAE_Z": {},
  "MAE_V": 282.9652,
  "MAE_p": 0.1176,
  "runtime": 1.0157
}
