{
  "Z_true": {},
  "V_true": [
    [24, 75, 1180, 79],
    [511, 123, 15197, 380],
    [773, 8439, 1692, 550],
    [43, 432, 492, 188],
    [531, 512, 915, 795]
  ],
  "p_true": [
    [0.0177, 0.0552, 0.8689, 0.0582],
    [0.0315, 0.0076, 0.9374, 0.0234],
    [0.0675, 0.7368, 0.1477, 0.048],
    [0.0372, 0.374, 0.426, 0.1628],
    [0.1929, 0.186, 0.3324, 0.2888]
  ],
  "Z_est": [
    [
      [0.9259, 0.5703, 0.2169, 0.0781, 0.0881, 0.2501, 0.0541, 0.2271, 0.1634, 2.8216, 0.3536, 0.042, 0.8656, 0.2125, 0.4279, 0.7504, 1.3037, 0.7188, 0.559, 1.2307, 0.0626, 0.0044, 0, 0.3417, 0.2329, 0.2867, 0.5024, 0.1513, 0.1875, 0.5515, 0.6664, 0.683, 0.2434, 0.5524, 2.0682, 0.0065, 1.3733, 0.1753, 1.8046, 0.6197],
      [19.348, 6.8888, 11.9004, 2.9575, 5.9558, 14.6987, 3.9992, 10.502, 6.7115, 60.7035, 10.7049, 2.9235, 13.3388, 2.9054, 6.5195, 10.5088, 8.1005, 14.3243, 4.7202, 4.7726, 0.262, 0.5417, 0, 18.0135, 9.6727, 18.1512, 17.3494, 6.5807, 2.9172, 7.9359, 27.4598, 17.3784, 2.2883, 7.3818, 45.4356, 3.4052, 41.7882, 9.1548, 44.4266, 15.0543],
      [25.5911, 17.1268, 7.632, 2.7905, 4.6601, 12.0741, 2.7078, 12.5228, 7.7208, 78.8459, 8.8717, 5.8608, 23.5121, 3.6338, 9.427, 22.7822, 19.6916, 21.8928, 13.0764, 25.4314, 0.6424, 1.3615, 0, 30.2415, 11.2329, 34.9142, 28.7552, 8.6741, 6.597, 19.5119, 35.2339, 15.279, 11.7253, 14.1006, 54.941, 3.3155, 51.9795, 12.9828, 74.767, 29.2057],
      [1.1349, 1.414, 0.2508, 0.1739, 0.2961, 0.9771, 0.2389, 0.7481, 0.4043, 2.629, 1.0698, 0.1738, 1.2835, 0.2483, 0.6257, 0.9586, 0.9042, 2.0641, 0.6444, 1.5653, 0.033, 0.0924, 0, 2.4032, 0.8616, 1.648, 1.3929, 0.5939, 0.2984, 2.0007, 2.64, 0.6596, 0.743, 0.9652, 3.5552, 0.2728, 2.859, 0.6871, 5.0018, 2.1203]
    ],
    [
      [6.6376, 2.9123, 4.5902, 0.9675, 1.3342, 5.9934, 4.5711, 7.2311, 4.3315, 16.8691, 13.5391, 8.3524, 45.3057, 8.6046, 26.6122, 61.4955, 69.9371, 25.7612, 16.2091, 33.3706, 1.4747, 0.3428, 3.11, 9.7044, 4.8721, 5.9899, 14.3336, 5.3129, 5.0759, 11.8364, 14.1159, 13.0904, 5.9045, 17.2283, 30.585, 1.3193, 30.2212, 4.2991, 49.8416, 3.7746],
      [0.1945, 0.011, 0.8429, 0.0416, 0.2248, 0.7058, 0.5396, 0.5764, 0.3586, 0.6236, 0.5437, 1.0668, 0.9038, 0.2188, 0.4112, 1.3679, 0.2033, 0.6174, 0.2364, 0.4528, 0.0003, 0.0064, 0.3504, 1.1488, 0.3393, 0.7127, 1.09, 0.7478, 0.4315, 0.1567, 1.2311, 0.728, 0.0124, 0.16, 1.1819, 0.8842, 1.6369, 0.6034, 3.1031, 0.0596],
      [192.5264, 81.597, 164.3581, 36.2621, 68.9042, 277.4013, 186.6478, 273.7937, 148.0305, 490.6291, 326.4987, 390.3776, 827.4731, 128.2314, 450.8764, 1119.0489, 780.4374, 598.9515, 301.4287, 1012.0969, 14.1567, 37.6077, 43.2678, 475.0916, 186.1834, 378.7643, 496.037, 182.4123, 131.8006, 302.6862, 554.7477, 312.9499, 162.8427, 322.4299, 749.9571, 234.4558, 888.6313, 199.752, 1378.4713, 152.5844],
      [3.6415, 3.4796, 2.2088, 0.7288, 1.5369, 7.8995, 6.2415, 8.3989, 4.2793, 7.8782, 14.4185, 11.2033, 29.3173, 4.9452, 17.1002, 36.0878, 25.4221, 29.6699, 10.1258, 39.0797, 0.3682, 2.0432, 1.2717, 23.0552, 6.6052, 12.5331, 15.5394, 7.527, 4.692, 18.3207, 20.9053, 5.2318, 8.2404, 13.1818, 22.2759, 10.3407, 24.5106, 6.3455, 56.584, 5.5815]
    ],
    [
      [22.5425, 6.942, 17.2711, 4.7334, 5.5101, 22.9531, 15.4658, 15.1166, 9.3294, 54.5928, 44.4159, 5.4962, 61.2356, 15.5136, 45.5431, 59.1162, 95.7448, 43.342, 12.8874, 15.7526, 3.0487, 0.4253, 1.9141, 12.0964, 12.3172, 7.7534, 17.6101, 7.1297, 1.7149, 15.2152, 27.7488, 45.8357, 5.4873, 28.7284, 79.4473, 2.2386, 66.7631, 6.0086, 60.0429, 10.0021],
      [186.0975, 45.1358, 244.7684, 50.7265, 97.2625, 338.7872, 218.8602, 191.5588, 109.2676, 487.6758, 338.1134, 89.4399, 321.4379, 72.8878, 220.9984, 298.8268, 224.6748, 298.6823, 65.8617, 86.1343, 5.6018, 10.9703, 14.7912, 203.9232, 149.8821, 160.8181, 213.7103, 92.4437, 17.1655, 99.7113, 366.37, 354.513, 27.5235, 138.6036, 608.0903, 149.3741, 636.9394, 103.695, 565.2465, 105.3703],
      [32.7014, 11.199, 49.7966, 7.6395, 15.198, 46.357, 41.2068, 39.2024, 28.0918, 119.579, 58.5911, 24.2692, 91.4014, 16.8548, 57.5511, 86.4967, 107.4533, 54.8836, 8.2488, 19.08, 1.7512, 9.1548, 0.6699, 33.5741, 29.0774, 41.8096, 36.1238, 15.1591, 1.091, 17.808, 54.7247, 51.2387, 14.4555, 47.4351, 118.1394, 24.0434, 124.2739, 14.4259, 86.7401, 28.172],
      [12.6586, 7.7232, 9.1639, 3.9006, 7.0294, 31.9027, 22.4672, 17.1223, 9.3112, 27.1525, 49.8796, 5.7947, 34.9251, 8.7438, 27.9074, 27.5602, 30.1271, 46.0921, 5.0021, 10.0332, 0.5983, 2.4496, 0.6248, 25.4063, 16.7233, 14.6188, 16.5557, 9.2675, 1.0286, 18.2655, 39.1565, 19.4126, 5.5337, 20.2329, 58.323, 15.3439, 53.0236, 7.8705, 57.9705, 14.4555]
    ],
    [
      [4.5511, 1.6344, 2.3158, 0.4411, 0.5297, 4.4884, 2.6633, 2.6296, 1.5296, 5.1984, 5.8439, 1.4871, 7.9843, 2.8124, 11.3327, 9.8815, 8.2399, 11.0013, 3.2746, 4.5023, 0.3206, 0.2027, 0.63, 2.5376, 2.4149, 1.1841, 5.4401, 0.6306, 0.8173, 2.6811, 7.648, 7.6844, 1.66, 3.7603, 10.8417, 0, 12.1817, 1.7879, 11.452, 1.384],
      [10.8262, 2.6709, 9.6534, 1.3258, 2.4501, 18.7277, 10.7981, 8.2792, 4.657, 12.5108, 13.0895, 3.9043, 9.6334, 3.5697, 13.9951, 9.8425, 4.7434, 17.9895, 2.6476, 2.2903, 0.154, 1.0479, 0.984, 8.5769, 7.7113, 4.7463, 13.9703, 1.7154, 1.0798, 3.4664, 24.6402, 17.8388, 1.3882, 4.4281, 22.5995, 0, 30.176, 6.7037, 22.4183, 3.5595],
      [13.8912, 6.4668, 6.3185, 0.9969, 1.6506, 17.1067, 9.3394, 11.2529, 5.9333, 12.6932, 11.1497, 11.5571, 21.1392, 5.6028, 29.9753, 29.8054, 14.909, 36.2384, 8.9444, 17.0007, 0.4527, 4.147, 1.2144, 15.7279, 9.9309, 8.8446, 28.1572, 2.1951, 2.7705, 9.5031, 37.0668, 16.1769, 9.6063, 9.9897, 26.491, 0, 41.3984, 11.0008, 41.8615, 5.891],
      [1.7315, 1.228, 0.7123, 0.2362, 0.3696, 3.6773, 2.1991, 1.8383, 0.8801, 1.5976, 3.917, 1.0514, 3.2431, 1.0151, 4.6969, 3.4706, 2.1076, 7.7709, 1.1334, 2.2068, 0.0727, 0.6024, 0.1716, 3.1576, 1.943, 1.225, 3.4325, 0.459, 0.3324, 2.3494, 6.645, 2.3, 1.3455, 1.8219, 5.0679, 0, 6.2439, 1.5076, 7.2681, 1.1655]
    ],
    [
      [2.3428, 0.941, 0.606, 0.7799, 0.5379, 2.315, 1.2457, 1.7957, 0.6461, 4.5181, 3.8475, 0.6223, 7.6088, 0.857, 4.0843, 6.7564, 11.7745, 5.1767, 3.0699, 2.1439, 1.0934, 0.0247, 0.3458, 1.3199, 1.1629, 0.7858, 2.1137, 0.7756, 0.2044, 2.7158, 2.821, 4.7065, 0.7047, 3.7305, 8.0577, 0.4357, 7.4606, 0.7291, 7.8588, 1.2196],
      [17.5338, 4.2934, 9.8349, 6.9486, 9.1069, 32.0806, 16.8028, 19.0838, 7.0053, 37.4863, 26.5486, 6.6654, 27.6861, 3.4182, 15.0758, 22.454, 17.2779, 25.3866, 7.5341, 5.35, 0.9818, 0.4337, 1.8744, 16.3374, 12.3947, 12.5718, 18.8799, 7.5125, 1.406, 9.7297, 30.299, 34.5418, 1.7877, 12.4266, 52.6928, 23.3365, 60.4596, 9.8431, 50.8055, 9.9564],
      [27.2899, 12.6104, 6.8949, 9.3109, 8.5871, 34.0609, 16.0982, 33.2282, 10.2236, 52.2528, 27.8888, 22.9354, 81.4742, 5.6771, 35.1702, 86.8668, 74.5086, 60.0336, 36.3016, 56.391, 4.9969, 1.7291, 2.848, 37.3648, 18.5754, 30.6672, 43.9269, 13.5594, 3.7409, 38.4908, 50.2269, 41.3556, 15.3702, 38.0447, 80.4715, 37.1853, 103.7169, 18.8385, 123.1601, 22.1468],
      [7.8336, 5.1552, 2.6642, 2.9606, 3.768, 17.5435, 9.8533, 11.8923, 4.125, 13.7428, 21.7151, 5.7768, 26.2309, 3.0477, 14.6697, 23.9228, 20.439, 30.403, 9.0943, 16.1151, 0.9278, 0.8125, 0.9319, 17.9778, 8.867, 9.9751, 14.0795, 6.1526, 1.6487, 18.0637, 23.6531, 12.396, 5.1374, 13.7982, 32.778, 15.0426, 35.3629, 6.5893, 49.1756, 8.6772]
    ]
  ],
  "V_est": [
    [22.3732, 517.6813, 771.3126, 46.6329],
    [597.0582, 24.7252, 15060.4006, 528.8161],
    [985.0319, 8011.9406, 1665.6693, 791.3581],
    [167.6005, 340.8089, 554.3971, 92.1934],
    [109.9361, 685.844, 1424.2203, 532.9995]
  ],
  "p_est": [
    [0.0165, 0.3812, 0.568, 0.0343],
    [0.0368, 0.0015, 0.929, 0.0326],
    [0.086, 0.6995, 0.1454, 0.0691],
    [0.1451, 0.2951, 0.48, 0.0798],
    [0.0399, 0.2491, 0.5173, 0.1936]
  ],
  "EI_Z": {},
  "EI_V": 6.0764,
  "MAE_Z": {},
  "MAE_V": 200.1007,
  "MAE_p": 0.079,
  "runtime": 158.266
}
