{
  "X": [
    [22, 17, 15, 29, 17],
    [21, 11, 14, 40, 14],
    [21, 13, 16, 43, 7],
    [29, 19, 16, 30, 6],
    [23, 13, 16, 31, 17],
    [15, 19, 21, 33, 12],
    [32, 13, 13, 34, 8],
    [16, 15, 20, 35, 14],
    [9, 29, 15, 40, 7],
    [11, 32, 20, 25, 12],
    [9, 35, 17, 29, 10],
    [12, 31, 10, 25, 22],
    [16, 38, 16, 21, 9],
    [13, 38, 13, 20, 16],
    [5, 32, 14, 33, 16],
    [9, 40, 11, 26, 14],
    [13, 31, 16, 27, 13],
    [18, 14, 27, 31, 10],
    [18, 16, 13, 28, 25],
    [20, 18, 14, 22, 26],
    [8, 14, 25, 28, 25],
    [14, 23, 17, 31, 15],
    [12, 15, 17, 32, 24],
    [14, 19, 20, 24, 23],
    [13, 23, 13, 35, 16],
    [21, 22, 29, 21, 7],
    [16, 20, 39, 15, 10],
    [10, 22, 30, 28, 10],
    [25, 16, 35, 18, 6],
    [13, 26, 32, 22, 7],
    [13, 21, 38, 25, 3],
    [15, 25, 33, 18, 9],
    [14, 28, 29, 19, 10],
    [15, 24, 31, 20, 10],
    [17, 23, 30, 13, 17],
    [26, 31, 26, 8, 9],
    [18, 30, 27, 9, 16],
    [18, 34, 26, 12, 10],
    [19, 35, 17, 18, 11],
    [22, 34, 22, 15, 7],
    [18, 32, 33, 7, 10],
    [12, 29, 36, 18, 5],
    [8, 22, 33, 20, 17],
    [7, 20, 34, 20, 19],
    [10, 21, 41, 16, 12],
    [8, 23, 42, 18, 9],
    [15, 16, 39, 17, 13],
    [13, 23, 22, 24, 18],
    [8, 14, 42, 19, 17],
    [9, 19, 30, 24, 18]
  ],
  "W": [
    [56, 2, 11, 5, 15, 11],
    [61, 7, 11, 7, 5, 9],
    [57, 11, 9, 5, 9, 9],
    [51, 7, 5, 13, 11, 13],
    [59, 10, 7, 7, 6, 11],
    [54, 10, 9, 5, 10, 12],
    [65, 10, 4, 5, 8, 8],
    [63, 7, 8, 6, 11, 5],
    [25, 44, 8, 7, 6, 10],
    [3, 58, 8, 12, 9, 10],
    [3, 59, 11, 5, 9, 13],
    [14, 51, 14, 6, 7, 8],
    [8, 51, 6, 8, 15, 12],
    [10, 55, 6, 10, 9, 10],
    [7, 66, 3, 12, 6, 6],
    [8, 62, 5, 7, 12, 6],
    [8, 44, 23, 10, 5, 10],
    [7, 5, 61, 8, 7, 12],
    [12, 6, 62, 7, 11, 2],
    [8, 6, 65, 12, 5, 4],
    [4, 6, 67, 7, 6, 10],
    [14, 5, 59, 11, 6, 5],
    [10, 8, 63, 8, 4, 7],
    [8, 6, 52, 11, 9, 14],
    [5, 10, 57, 9, 6, 13],
    [12, 10, 8, 60, 4, 6],
    [5, 12, 7, 56, 11, 9],
    [6, 7, 12, 57, 13, 5],
    [7, 8, 7, 56, 7, 15],
    [3, 6, 10, 61, 9, 11],
    [9, 10, 5, 62, 7, 7],
    [7, 9, 1, 60, 13, 10],
    [7, 9, 12, 62, 6, 4],
    [11, 9, 5, 28, 40, 7],
    [7, 9, 9, 10, 53, 12],
    [9, 10, 10, 4, 63, 4],
    [6, 7, 6, 8, 59, 14],
    [12, 9, 6, 4, 58, 11],
    [8, 9, 6, 8, 63, 6],
    [9, 8, 11, 7, 61, 4],
    [8, 7, 5, 8, 55, 17],
    [10, 5, 7, 9, 42, 27],
    [12, 9, 10, 6, 6, 57],
    [11, 7, 5, 7, 4, 66],
    [6, 12, 9, 15, 5, 53],
    [6, 16, 7, 7, 12, 52],
    [6, 11, 8, 10, 9, 56],
    [10, 11, 11, 8, 13, 47],
    [12, 7, 13, 11, 6, 51],
    [15, 11, 9, 6, 7, 52]
  ],
  "method": "mvn_pdf",
  "cond_prob": [
    [
      [0.29148170003, 0.07601748069, 0.069851316892, 0.4146387711, 0.14801073128],
      [0.04551247181, 0.51690170478, 0.030546085781, 0.2381334722, 0.16890626543],
      [0.11994901667, 0.15075055654, 0.098080848165, 0.26555992083, 0.36565965779],
      [0.17029146807, 0.2585323722, 0.36474540655, 0.16800997763, 0.03842077554],
      [0.19888208536, 0.45057490684, 0.21767953789, 0.024191812622, 0.10867165729],
      [0.039261095496, 0.18178873511, 0.44176587742, 0.1072614243, 0.22992286768]
    ],
    [
      [0.27010828648, 0.047165469884, 0.067310200968, 0.49888184449, 0.11653419818],
      [0.052689365083, 0.39765386124, 0.036546008334, 0.35856515889, 0.15454560646],
      [0.1252390332, 0.10533202975, 0.10616467702, 0.36108191756, 0.30218234246],
      [0.17555798131, 0.17741343104, 0.39031446132, 0.22468721312, 0.032026913215],
      [0.23558779999, 0.35589627403, 0.26794372091, 0.03705585556, 0.10351634951],
      [0.041121637197, 0.12881128819, 0.48872493351, 0.14758450124, 0.19375763986]
    ],
    [
      [0.27495394657, 0.046377114423, 0.07830986822, 0.54952446682, 0.050834603969],
      [0.056983066493, 0.39371448922, 0.043564638738, 0.41922230216, 0.086515503388],
      [0.13929580454, 0.10962010629, 0.13029789601, 0.44231483769, 0.17847135547],
      [0.16923121414, 0.16007449749, 0.41574712428, 0.23923053287, 0.015716631222],
      [0.24572137213, 0.34637875062, 0.3089726976, 0.042157152432, 0.056770027212],
      [0.043277850397, 0.12458698854, 0.55832839126, 0.16769549911, 0.1061112707]
    ],
    [
      [0.39329194583, 0.072172812514, 0.057876484693, 0.42794393568, 0.048714821281],
      [0.072987248249, 0.5408925643, 0.029682117398, 0.28157110549, 0.074866964554],
      [0.2109304798, 0.17093890745, 0.10238689259, 0.33896325526, 0.1767804649],
      [0.24807518639, 0.24336930504, 0.31504350198, 0.1803205402, 0.013191466396],
      [0.29853354609, 0.43465569216, 0.19377357075, 0.029223174229, 0.043814016773],
      [0.066746245842, 0.21024849963, 0.46934732246, 0.14180179433, 0.11185613774]
    ],
    [
      [0.31094970888, 0.055251483862, 0.080729103743, 0.40511121924, 0.14795848427],
      [0.05768265961, 0.42384006404, 0.040959151478, 0.27534829532, 0.20216982955],
      [0.13069516077, 0.10782053129, 0.11301426581, 0.26612261415, 0.38234742798],
      [0.18609996232, 0.18420287734, 0.4217978072, 0.16835028263, 0.039549070518],
      [0.23399925652, 0.34524210796, 0.27107112149, 0.026234434884, 0.12345307914],
      [0.041416289048, 0.12601320941, 0.49611637494, 0.10420347497, 0.23225065163]
    ],
    [
      [0.21656562573, 0.084166276007, 0.11291618154, 0.47242553804, 0.11392637869],
      [0.032424518543, 0.54703854161, 0.048673210209, 0.2575935101, 0.11427021954],
      [0.093508479072, 0.17016617664, 0.16867498461, 0.30597429435, 0.26167606533],
      [0.10456159755, 0.22706991162, 0.4951418987, 0.15091025085, 0.022316341277],
      [0.13533092001, 0.44171020146, 0.32816071228, 0.025044754595, 0.069753411653],
      [0.021959793796, 0.15839070976, 0.59503355143, 0.096193199639, 0.12842274537]
    ],
    [
      [0.39571520125, 0.051182203589, 0.066394758759, 0.41812946801, 0.068578368398],
      [0.086301542633, 0.44513860272, 0.038610970934, 0.32461421081, 0.1053346729],
      [0.21683275049, 0.12119950159, 0.1140523063, 0.33608797268, 0.21182746894],
      [0.26251664097, 0.175915367, 0.36150665751, 0.1808606413, 0.019200693211],
      [0.33656250246, 0.33651531066, 0.23725002153, 0.029811045043, 0.059861120308],
      [0.067885283274, 0.14565917661, 0.51706103579, 0.13603737672, 0.13335712761]
    ],
    [
      [0.2049203941, 0.074614504146, 0.12002460692, 0.46350049591, 0.13693999892],
      [0.034065455922, 0.48513989468, 0.058481535492, 0.27193372733, 0.15037938658],
      [0.086386192212, 0.13512864827, 0.18137855144, 0.28810171849, 0.30900488958],
      [0.098203419247, 0.18332171215, 0.54689789288, 0.14501452803, 0.026562447692],
      [0.1335336368, 0.37407509889, 0.37923163179, 0.025779869661, 0.087379762862],
      [0.020475384447, 0.12150428583, 0.62502305944, 0.087490636771, 0.14550663351]
    ],
    [
      [0.19057418654, 0.066042492637, 0.078659449924, 0.60977600588, 0.054947865023],
      [0.031864135696, 0.46590009685, 0.045129445291, 0.39247157247, 0.064634749699],
      [0.094062603936, 0.14304563843, 0.12729347969, 0.46492730517, 0.17067097277],
      [0.11579170159, 0.20888272967, 0.40859080199, 0.25255356091, 0.014181205836],
      [0.16522285589, 0.43970187113, 0.29731117761, 0.043913970665, 0.053850124705],
      [0.027924348797, 0.16045779809, 0.5385467642, 0.17360734726, 0.099463741646]
    ],
    [
      [0.33241940789, 0.050526790036, 0.10232979845, 0.42360050931, 0.091123494322],
      [0.069678885194, 0.43294919316, 0.053720260771, 0.31263616194, 0.13101549893],
      [0.15691800594, 0.1160593585, 0.16759594093, 0.31182543409, 0.24760126054],
      [0.17595421005, 0.15436706365, 0.49409388118, 0.15414376155, 0.021441083568],
      [0.24249691091, 0.31518258901, 0.34627065449, 0.026406507695, 0.069643337893],
      [0.041209966886, 0.11198434934, 0.61909054879, 0.10143138988, 0.1262837451]
    ],
    [
      [0.28089023965, 0.057106334012, 0.08545820196, 0.50262277754, 0.07392244683],
      [0.057198005646, 0.46032450005, 0.046045791158, 0.34438164363, 0.092050059521],
      [0.1368250815, 0.13473590158, 0.14399136666, 0.37919748642, 0.20525016385],
      [0.15901303219, 0.18712209913, 0.44092916834, 0.19523193938, 0.017703760972],
      [0.21915911671, 0.37996961582, 0.30841131652, 0.033029608347, 0.059430342607],
      [0.039236449241, 0.14093104151, 0.57405161479, 0.13300124391, 0.11277965055]
    ],
    [
      [0.29735810855, 0.062032365715, 0.057014847502, 0.40783688181, 0.17575779642],
      [0.058873376014, 0.45242939379, 0.028291422804, 0.26394303205, 0.19646277534],
      [0.12168592946, 0.11973652838, 0.079956161763, 0.25775791718, 0.42086346322],
      [0.19610386857, 0.22847360559, 0.34099750609, 0.18555580932, 0.048869210437],
      [0.22960766756, 0.39557209807, 0.20325876823, 0.027673873158, 0.14388759298],
      [0.043370550846, 0.15518625991, 0.39634336165, 0.11419077645, 0.29090905114]
    ],
    [
      [0.4333318193, 0.06305764201, 0.068774762641, 0.36460371981, 0.070232056235],
      [0.073531966658, 0.52726074187, 0.041968365582, 0.26361963435, 0.093619291534],
      [0.22109079268, 0.15687418217, 0.12180414342, 0.29212944065, 0.20810144107],
      [0.25431705532, 0.21482543586, 0.36450325619, 0.14870200062, 0.017652252002],
      [0.30946315003, 0.38722672023, 0.22739453445, 0.023509780112, 0.052405815167],
      [0.065015558067, 0.17808263709, 0.52097052728, 0.11196079491, 0.12397048266]
    ],
    [
      [0.36161658421, 0.070362087857, 0.065787993194, 0.36439086367, 0.13784247107],
      [0.063931315367, 0.51636356222, 0.032634902155, 0.22175718399, 0.16531303627],
      [0.1570694946, 0.14923884668, 0.099216963118, 0.2475995709, 0.3468751247],
      [0.21590485707, 0.24367647756, 0.35536355217, 0.14943537712, 0.035619736072],
      [0.25058025272, 0.41877044521, 0.21013813057, 0.020622164096, 0.099889007398],
      [0.051092399992, 0.17952513367, 0.4507019974, 0.099389557042, 0.21929091189]
    ],
    [
      [0.16710752589, 0.052040794294, 0.078921457935, 0.56103526726, 0.14089495462],
      [0.021264137876, 0.39548890887, 0.044054173665, 0.36430163619, 0.1748911434],
      [0.070649376266, 0.10609195848, 0.11454887829, 0.36645200802, 0.34225777895],
      [0.10208438167, 0.18400693361, 0.44094968802, 0.23584166076, 0.037117335932],
      [0.1435386651, 0.3783898165, 0.31207404342, 0.040683089106, 0.12531438587],
      [0.021436919909, 0.12279141275, 0.50541453016, 0.14254844215, 0.20780869504]
    ],
    [
      [0.25797204282, 0.069831428951, 0.066383539106, 0.48261149188, 0.12320149725],
      [0.044213476459, 0.49172211881, 0.030930900193, 0.28933246081, 0.14380104373],
      [0.11278128436, 0.14950231373, 0.10044422083, 0.32779927724, 0.30947290384],
      [0.15629009523, 0.24637248882, 0.36476650129, 0.20031083018, 0.032260084474],
      [0.19316893854, 0.45064028311, 0.22934746207, 0.030608399067, 0.096234917211],
      [0.036503961019, 0.17912913576, 0.45724328618, 0.13200375142, 0.19511986562]
    ],
    [
      [0.34019870806, 0.06145494244, 0.076533645744, 0.43541992474, 0.086392779015],
      [0.063547869475, 0.49026115474, 0.040982125013, 0.29405156965, 0.11115728113],
      [0.16397850957, 0.14372737935, 0.12795456657, 0.32598506786, 0.23835447664],
      [0.19674906416, 0.20724569683, 0.40102490514, 0.17342931483, 0.021551019042],
      [0.2515385901, 0.3930924664, 0.26118692853, 0.027443898959, 0.066738116007],
      [0.048561476643, 0.15932206266, 0.53253786084, 0.12092023336, 0.1386583665]
    ],
    [
      [0.34759614893, 0.044938623359, 0.10511596209, 0.45169577331, 0.050653492314],
      [0.075841139709, 0.41865864285, 0.064712966153, 0.36122103795, 0.079566213343],
      [0.18537085868, 0.11821277317, 0.1860492158, 0.37868012997, 0.13168702238],
      [0.18400988057, 0.13641938666, 0.50514406973, 0.1656297959, 0.0087968671413],
      [0.26568372172, 0.29110188661, 0.37236656795, 0.031133192216, 0.039714631503],
      [0.045677815246, 0.10434074662, 0.66199189477, 0.11579714633, 0.072192397034]
    ],
    [
      [0.32402303282, 0.051870189417, 0.062043065328, 0.43386489781, 0.12819881462],
      [0.062082163841, 0.42831890831, 0.033546188725, 0.30415009696, 0.17190264217],
      [0.14923383508, 0.1154770661, 0.097152076321, 0.30678974826, 0.33134727424],
      [0.21104512652, 0.19516437357, 0.36420400475, 0.19397555059, 0.035610944561],
      [0.26458789626, 0.36333591714, 0.23311945435, 0.030231518042, 0.1087252142],
      [0.049475051626, 0.14261023779, 0.45851766035, 0.12869034993, 0.2207067003]
    ],
    [
      [0.40237991983, 0.061924741475, 0.061338536258, 0.34403421302, 0.13032258942],
      [0.073637213204, 0.49281653651, 0.032095801848, 0.23327578771, 0.16817466073],
      [0.17894595095, 0.14265119607, 0.098167264072, 0.2395052756, 0.34073031331],
      [0.25046538608, 0.22333733108, 0.34373777788, 0.14738169953, 0.035077805433],
      [0.29197461105, 0.38433381962, 0.20409129047, 0.021021957768, 0.098578321082],
      [0.060548215504, 0.16841450844, 0.44763373683, 0.1016346181, 0.22176892113]
    ],
    [
      [0.20370332571, 0.052750656483, 0.12346796265, 0.48959937614, 0.13047867902],
      [0.036327867544, 0.41244092048, 0.06251332032, 0.324140777, 0.16457711466],
      [0.077585424318, 0.10939863261, 0.17215002957, 0.32465000609, 0.31621590741],
      [0.10008518518, 0.15091460893, 0.55450891767, 0.16630735538, 0.028183932848],
      [0.14440896428, 0.3221714228, 0.40663007117, 0.030163192477, 0.096626349274],
      [0.020194598066, 0.099521266723, 0.62756533957, 0.10000767827, 0.15271111737]
    ],
    [
      [0.26539839669, 0.090443309221, 0.080408367011, 0.48230404327, 0.081445883814],
      [0.038614613279, 0.59200405376, 0.03272432548, 0.25420466122, 0.082452346262],
      [0.12462828766, 0.19315038253, 0.12983980695, 0.34353604449, 0.20884547837],
      [0.14098946447, 0.28713096346, 0.377828398, 0.17590886051, 0.018142313557],
      [0.16866254038, 0.51860892895, 0.23190134941, 0.026637606179, 0.054189575075],
      [0.035084211328, 0.22156133222, 0.50051842994, 0.1226540721, 0.12018195441]
    ],
    [
      [0.24657197001, 0.052912876575, 0.078468289963, 0.49961953995, 0.12242732351],
      [0.045388963237, 0.42102024793, 0.040765304403, 0.33585326722, 0.15697221721],
      [0.11017976368, 0.11473701856, 0.12203489858, 0.34284840646, 0.31019991272],
      [0.14915992137, 0.18534001477, 0.42681967194, 0.20698869281, 0.031691699114],
      [0.20010833028, 0.36978895171, 0.2924104123, 0.034321606378, 0.10337069933],
      [0.033732970035, 0.13034302236, 0.51668528997, 0.13204755542, 0.18719116222]
    ],
    [
      [0.29605567547, 0.064978965877, 0.074283359899, 0.43310215897, 0.13157983979],
      [0.051058251563, 0.48317556403, 0.036033803045, 0.27190876789, 0.15782361347],
      [0.13228728091, 0.13886907159, 0.11177249999, 0.29125815146, 0.32581299606],
      [0.17519166822, 0.22260517583, 0.3942544519, 0.17520690157, 0.032741802478],
      [0.21609586462, 0.40855810305, 0.24910637364, 0.026592951594, 0.09964670709],
      [0.04102109626, 0.15958880748, 0.48561456926, 0.11369241166, 0.20008311534]
    ],
    [
      [0.25755504002, 0.068001033885, 0.045053974993, 0.55362896676, 0.075760984345],
      [0.045236765274, 0.5014467485, 0.020503794685, 0.34302077299, 0.089791918557],
      [0.13578854992, 0.16462900352, 0.069142558105, 0.41724543641, 0.21319445205],
      [0.17599414805, 0.26819308375, 0.27670823566, 0.25678668272, 0.022317849819],
      [0.21877554424, 0.49831425558, 0.17688298109, 0.039205055455, 0.066822163625],
      [0.047946861811, 0.21985006599, 0.39053033529, 0.19018054492, 0.151492192]
    ],
    [
      [0.37133277193, 0.060816197388, 0.0712945457, 0.40736513181, 0.089191353167],
      [0.069120592719, 0.4944876485, 0.037918730051, 0.2811944855, 0.11727854324],
      [0.18035356548, 0.14310415228, 0.11981283257, 0.30743815386, 0.24929129581],
      [0.21624239688, 0.21080229874, 0.37932650697, 0.16710430038, 0.026524497025],
      [0.27604776471, 0.38672875905, 0.24303841426, 0.025729098773, 0.068455963203],
      [0.055206235654, 0.16424049457, 0.51250523587, 0.11849898577, 0.14954904814]
    ],
    [
      [0.32408034934, 0.054039821709, 0.10635715965, 0.37554413428, 0.13997853501],
      [0.062243718511, 0.43896739877, 0.055561979074, 0.25818250791, 0.18504439574],
      [0.1384474308, 0.11160075287, 0.15619658583, 0.2473086236, 0.3464466069],
      [0.1760315029, 0.16371768342, 0.49527683314, 0.13061538178, 0.034358598751],
      [0.22381478561, 0.31866281276, 0.33605539057, 0.021126717435, 0.10034029362],
      [0.038201645721, 0.11194506933, 0.58622026663, 0.08289706633, 0.18073595199]
    ],
    [
      [0.16533672146, 0.050972501436, 0.064474467677, 0.60387506795, 0.11534124148],
      [0.029096405334, 0.39289658499, 0.03366689195, 0.39816790538, 0.14617221234],
      [0.072838944214, 0.11080522981, 0.10014928451, 0.41665919948, 0.29954734199],
      [0.10151858954, 0.20353752016, 0.39063652254, 0.26529125102, 0.039016116741],
      [0.15540950041, 0.40910153663, 0.27657081827, 0.045150601758, 0.11376754293],
      [0.024670878811, 0.13885350267, 0.46279822281, 0.17622094601, 0.1974564497]
    ],
    [
      [0.48032730766, 0.038882641277, 0.071301905447, 0.3466971606, 0.062790985013],
      [0.11347700033, 0.41254542844, 0.050815707925, 0.31462591234, 0.10853595096],
      [0.26306568155, 0.10420742952, 0.1340672002, 0.29880720065, 0.19985248809],
      [0.26898366989, 0.1429092609, 0.40732968302, 0.16107858906, 0.019698797134],
      [0.39083531146, 0.2706633988, 0.25967579758, 0.025384627774, 0.053440864383],
      [0.072633358581, 0.12002957833, 0.56851318433, 0.1177579194, 0.12106595936]
    ],
    [
      [0.24363048702, 0.071876144755, 0.071460323119, 0.52464219165, 0.088390853448],
      [0.04020995374, 0.51177609436, 0.0330305782, 0.3136272038, 0.10135616991],
      [0.11321741785, 0.16135673866, 0.11387905006, 0.37543564987, 0.23611114356],
      [0.14511832725, 0.24328738767, 0.37457636286, 0.211350007, 0.025667915216],
      [0.18385066673, 0.46739067233, 0.24598723021, 0.033284844749, 0.069486585978],
      [0.035345515919, 0.18664553768, 0.48960016857, 0.14527633396, 0.14313244388]
    ],
    [
      [0.24073234199, 0.057854033255, 0.096218544344, 0.5516840213, 0.053511059113],
      [0.045130988569, 0.45962998682, 0.050510265677, 0.37490135672, 0.069827402219],
      [0.11968926851, 0.1375317685, 0.16454097558, 0.42289137641, 0.155346611],
      [0.13284735009, 0.18620071205, 0.46957366332, 0.20853035089, 0.0028479236502],
      [0.18891141865, 0.38471000174, 0.34596681382, 0.036742641561, 0.043669124232],
      [0.032105293945, 0.13684869014, 0.61012724908, 0.14075615899, 0.080162607837]
    ],
    [
      [0.26903601774, 0.064855934037, 0.075925613462, 0.43939168622, 0.15079074854],
      [0.045589638758, 0.4713560824, 0.035796566524, 0.2696307555, 0.17762695682],
      [0.1117966439, 0.13074274295, 0.10909285883, 0.28175004762, 0.36661770671],
      [0.16130532054, 0.22233037533, 0.39959602066, 0.17909564033, 0.03767264314],
      [0.19689745169, 0.40744140436, 0.25405455023, 0.02740374829, 0.11420284543],
      [0.035665837842, 0.15365002009, 0.47587883557, 0.11138442019, 0.22342088632]
    ],
    [
      [0.2665738203, 0.085692507657, 0.077170202569, 0.42839058107, 0.1421728884],
      [0.039615974905, 0.55219288702, 0.03227595356, 0.22992078455, 0.14599439997],
      [0.10980712435, 0.17090640309, 0.10906092186, 0.27186001066, 0.33836554003],
      [0.14987729014, 0.26930878627, 0.38138585835, 0.16306360776, 0.036364457477],
      [0.17198314528, 0.48219849229, 0.22723001654, 0.023532806689, 0.095055539208],
      [0.033865782732, 0.19730098099, 0.46282265514, 0.10462955556, 0.20138102557]
    ],
    [
      [0.22204690266, 0.04702080186, 0.081222451032, 0.54122462368, 0.10848522077],
      [0.042749469674, 0.39121350813, 0.043865268591, 0.37741375192, 0.14475800169],
      [0.10197673176, 0.10507788735, 0.12856936263, 0.3812927121, 0.28308330617],
      [0.13542887286, 0.16618495362, 0.44424072672, 0.22267057121, 0.031474875601],
      [0.19137422953, 0.34887787901, 0.32111550884, 0.037712602447, 0.10091978017],
      [0.030839651964, 0.11830947255, 0.54079401524, 0.14286596001, 0.16719090025]
    ],
    [
      [0.26715545608, 0.04423994327, 0.087229037166, 0.42916807489, 0.17220748859],
      [0.052624664115, 0.36800587252, 0.047802748946, 0.30031670516, 0.23125000926],
      [0.11028586651, 0.08789304843, 0.12278833727, 0.27021435044, 0.40881839735],
      [0.16169923455, 0.15472640917, 0.46654183611, 0.17543620415, 0.04159631602],
      [0.21931202693, 0.29885224116, 0.3198810151, 0.035110410565, 0.12684430625],
      [0.03526560493, 0.10006643629, 0.51958040022, 0.10381918115, 0.2412683774]
    ],
    [
      [0.45580743203, 0.064878370722, 0.10052679262, 0.28903641368, 0.089750990949],
      [0.086727605901, 0.53380992323, 0.055263769891, 0.20330188194, 0.12089681904],
      [0.21893881573, 0.15079518744, 0.1670271107, 0.21550466874, 0.24773421739],
      [0.23240519079, 0.18971951602, 0.45788477404, 0.10022416668, 0.019766352481],
      [0.28071084858, 0.35284740282, 0.29569672503, 0.0084410365118, 0.062303987065],
      [0.056666167943, 0.14544477882, 0.60297932193, 0.069481200784, 0.12542853053]
    ],
    [
      [0.30660453589, 0.061771187083, 0.08047626863, 0.37176624554, 0.17938176286],
      [0.053609069367, 0.45695615818, 0.039544388597, 0.23317703679, 0.21671334707],
      [0.12321688101, 0.11958337337, 0.11101256678, 0.22879502723, 0.41739215161],
      [0.18024770922, 0.20876661247, 0.42005917253, 0.14751537768, 0.043411128106],
      [0.22117105729, 0.37438317755, 0.26252654843, 0.022666699261, 0.11925251747],
      [0.039623854239, 0.13960279677, 0.48033689499, 0.089066773432, 0.25136968057]
    ],
    [
      [0.31040741259, 0.07481409799, 0.091265365852, 0.41815150941, 0.10536161416],
      [0.051355504232, 0.53654080765, 0.042390519497, 0.24915315644, 0.12056001218],
      [0.13893797097, 0.16372286479, 0.14079820603, 0.287697716, 0.26884324221],
      [0.16379702584, 0.23130105326, 0.43189331825, 0.14911682841, 0.023891774239],
      [0.20509240201, 0.42243853593, 0.27496638869, 0.022849710153, 0.074652963219],
      [0.038976024108, 0.16948973359, 0.5457170801, 0.099260607333, 0.14655655487]
    ],
    [
      [0.21409477739, 0.048667935526, 0.039162813746, 0.61103696992, 0.087037503411],
      [0.042381838099, 0.3965967826, 0.02053987108, 0.42377705782, 0.1167044504],
      [0.10679041542, 0.11553289705, 0.068080478979, 0.46407018099, 0.24552602756],
      [0.16581108887, 0.21411336654, 0.27621997167, 0.31453008075, 0.029325492174],
      [0.23306958131, 0.43842131058, 0.18463827105, 0.042135381492, 0.10173545556],
      [0.042531735278, 0.1691064319, 0.37523082114, 0.22375332571, 0.18937768596]
    ],
    [
      [0.32021091291, 0.062712276348, 0.069157355491, 0.48090996701, 0.067009488234],
      [0.059279237939, 0.49717598688, 0.036066171891, 0.32112427276, 0.086354330531],
      [0.16133143498, 0.15267657232, 0.11965868898, 0.37256343141, 0.19376987231],
      [0.19398804456, 0.21963432864, 0.3731312972, 0.19630123415, 0.016945095456],
      [0.25100753554, 0.41863898655, 0.24761442617, 0.033798544437, 0.048940507314],
      [0.049961528943, 0.17608021065, 0.51410244255, 0.14219962988, 0.11765618798]
    ],
    [
      [0.36665775165, 0.081304700151, 0.11589266236, 0.31947836761, 0.11666651823],
      [0.05988690242, 0.56755949488, 0.053054564886, 0.18766867538, 0.13183036244],
      [0.15799848087, 0.16953206973, 0.17247367304, 0.21233382105, 0.28766195531],
      [0.17124420595, 0.21944289114, 0.48530657005, 0.10000849229, 0.023997840564],
      [0.21447271263, 0.40164544926, 0.30534059831, 0.0037430600684, 0.074798179728],
      [0.040681436646, 0.15782016163, 0.59781899495, 0.062522763772, 0.141156643]
    ],
    [
      [0.21809634787, 0.067667182709, 0.093386275864, 0.56896330914, 0.051886884409],
      [0.038067357808, 0.49335474074, 0.045790193456, 0.35678715683, 0.066000551172],
      [0.10675888208, 0.15681173887, 0.1557027878, 0.42690961805, 0.1538169732],
      [0.11948841656, 0.2100923241, 0.45122008531, 0.2100681361, 0.0091310379305],
      [0.16695159014, 0.43958499347, 0.32768806097, 0.040473224458, 0.025302130966],
      [0.029408334179, 0.16316561683, 0.58975509004, 0.14620648689, 0.071464472064]
    ],
    [
      [0.24156798385, 0.076436292874, 0.07430189125, 0.48468301537, 0.12301081666],
      [0.037518329611, 0.5218676119, 0.032530287065, 0.27463786767, 0.13344590376],
      [0.10366058089, 0.1607376717, 0.11085651039, 0.32221688692, 0.3025283501],
      [0.13816959826, 0.25727329536, 0.38406936317, 0.18996070878, 0.030527034434],
      [0.16931869915, 0.47011784738, 0.24148118245, 0.028958117765, 0.090124153254],
      [0.033017256736, 0.18270583167, 0.47287256743, 0.12590142418, 0.18550291998]
    ],
    [
      [0.22471536596, 0.068949910507, 0.066041423753, 0.50372112155, 0.13657217823],
      [0.036188815286, 0.48319021502, 0.030111507314, 0.29611119414, 0.15439826824],
      [0.095179095033, 0.14218482114, 0.097611973153, 0.33051020925, 0.33451390143],
      [0.13834641942, 0.24708015115, 0.3663697278, 0.2121117265, 0.036091975124],
      [0.17096984622, 0.4549736153, 0.23266942225, 0.032487958917, 0.10889915731],
      [0.032524385931, 0.17573999779, 0.44059754755, 0.13816673237, 0.21297133636]
    ],
    [
      [0.32560259783, 0.067081477294, 0.095847652412, 0.41626083536, 0.095207437102],
      [0.057432571276, 0.51152326804, 0.046621415543, 0.26736848785, 0.1170542573],
      [0.14933227167, 0.15006204409, 0.15259802704, 0.29686944577, 0.25113821143],
      [0.17098943625, 0.20488132363, 0.45273734544, 0.14957482518, 0.021817069493],
      [0.2192129373, 0.39066778262, 0.29913634256, 0.023771268025, 0.067211669496],
      [0.044382960045, 0.15249273123, 0.56991194267, 0.099239800074, 0.13397256598]
    ],
    [
      [0.26013464662, 0.066107429606, 0.10771737059, 0.48934669305, 0.07669386013],
      [0.046136195019, 0.49711586706, 0.052070924477, 0.31280489057, 0.091872122874],
      [0.1207659013, 0.14861947317, 0.17323268509, 0.35203426552, 0.20534767492],
      [0.13131022664, 0.19308395355, 0.49059789556, 0.16929656191, 0.015711362347],
      [0.18036522101, 0.39228337676, 0.34358478676, 0.029717341221, 0.054049274241],
      [0.034078797158, 0.14519571233, 0.61059095152, 0.11640610973, 0.09372842926]
    ],
    [
      [0.44996707846, 0.039001224023, 0.068626401396, 0.36502170408, 0.077383592038],
      [0.10183130986, 0.40209517705, 0.046907452308, 0.32001258141, 0.12915347938],
      [0.23520768273, 0.10095124311, 0.12606985499, 0.30245652981, 0.23531468936],
      [0.28283847964, 0.14452283881, 0.38961169407, 0.16088184739, 0.022145140084],
      [0.36974711739, 0.27725660381, 0.25904739524, 0.026723253764, 0.067225629789],
      [0.056112192964, 0.11776424895, 0.55064566569, 0.12537056043, 0.15010733198]
    ],
    [
      [0.29060355158, 0.055535836372, 0.037962886447, 0.50895524931, 0.1069424763],
      [0.055371511714, 0.43862230346, 0.018170335926, 0.34790044627, 0.13993540264],
      [0.13950580953, 0.12699717904, 0.064640867145, 0.37668270533, 0.29217343897],
      [0.21311311171, 0.23056248579, 0.2675814309, 0.25458357727, 0.034159394332],
      [0.26581245965, 0.42578003782, 0.16814569778, 0.038358292194, 0.10190351255],
      [0.059358448541, 0.18815291385, 0.34857239114, 0.17882354091, 0.22509270557]
    ],
    [
      [0.23342885703, 0.052378223937, 0.11059283559, 0.4666705859, 0.13692949755],
      [0.042353799522, 0.41687701039, 0.056885716025, 0.31028006123, 0.17360341284],
      [0.09793576054, 0.10747621735, 0.16135021055, 0.30383784272, 0.32939996884],
      [0.12114925127, 0.15930279352, 0.52170190951, 0.16643205875, 0.031413986941],
      [0.16836739377, 0.32885536493, 0.37109285893, 0.028833679351, 0.10285070302],
      [0.025222864811, 0.10452291169, 0.59238931501, 0.10341854633, 0.17444636216]
    ],
    [
      [0.23270890256, 0.057773153015, 0.064427394371, 0.52132072248, 0.12376982758],
      [0.041334740076, 0.43762471692, 0.032023175999, 0.33603898212, 0.15297838489],
      [0.10327219748, 0.12345611251, 0.099745365052, 0.35780805568, 0.31571826928],
      [0.1491820299, 0.21310349993, 0.37494758882, 0.22858561499, 0.034181266367],
      [0.19397289479, 0.41180350081, 0.24989328559, 0.036542945605, 0.10778737321],
      [0.03600638655, 0.15475346732, 0.45739783329, 0.14684949133, 0.20499282151]
    ]
  ],
  "expected_outcome": [
    [
      [16.3229752019, 16.4766054754, 15.6723749542, 20.0578892372, 18.3460328236, 11.6945437895, 25.721488081, 12.9099848283, 4.7643546634, 0.99725822366, 0.84267071896, 4.1630135197, 3.4666545544, 3.6161658421, 1.1697526813, 2.0637763425, 2.7215896645, 2.4331730425, 3.8882763939, 3.2190393586, 0.81481330284, 3.7155775536, 2.4657197001, 2.3684454037, 1.2877752001, 4.4559932632, 1.6204017467, 0.99202032875, 3.3622911536, 0.73089146107, 2.1665910779, 1.8832521242, 1.8660167421, 2.4425159292, 1.8700881926, 4.1022668883, 1.8396272153, 3.7248889511, 1.7127582191, 2.8818982162, 2.9332620132, 2.1809634787, 2.8988158062, 2.4718690256, 1.953615587, 1.5608078797, 2.6998024708, 2.9060355158, 2.8011462844, 3.4906335384],
      [4.2569789186, 2.8770936629, 2.6434955221, 3.6808134382, 3.2598375479, 4.5449789044, 3.3268432333, 4.7007137612, 1.6510623159, 0.15158037011, 0.17131900204, 0.86845312002, 0.50446113608, 0.70362087857, 0.36428556006, 0.55865143161, 0.49163953952, 0.31457036351, 0.622442273, 0.4953979318, 0.21100262593, 1.2662063291, 0.52912876575, 0.51983172702, 0.34000516942, 0.72979436866, 0.27019910855, 0.30583500861, 0.27217848894, 0.21562843427, 0.52068629929, 0.45399153826, 0.5998475536, 0.51722882046, 0.30967960289, 0.58390533649, 0.3706271225, 0.89776917588, 0.38934348421, 0.56441048713, 0.65043760121, 0.67667182709, 0.91723551449, 0.75844901557, 0.40248886376, 0.39664457764, 0.23400734414, 0.55535836372, 0.62853868724, 0.86659729522],
      [3.9116737459, 4.105922259, 4.4636624886, 2.9517007193, 4.7630171208, 6.0974738029, 4.3156593193, 7.5615502359, 1.9664862481, 0.30698939535, 0.25637460588, 0.79820786503, 0.55019810112, 0.65787993194, 0.55245020554, 0.53106831284, 0.61226916596, 0.73581173463, 0.74451678394, 0.49070829007, 0.49387185059, 1.1257171382, 0.78468289963, 0.59426687919, 0.22526987496, 0.8555345484, 0.53178579826, 0.38684680606, 0.49911333813, 0.21438096936, 0.86596689909, 0.53147929423, 0.54019141798, 0.89344696135, 0.61060326016, 0.90474113354, 0.48285761178, 1.0951843902, 0.31330250997, 0.62241619942, 0.92714129888, 0.93386275864, 0.891622695, 0.72645566128, 0.57508591447, 0.64630422356, 0.41175840837, 0.37962886447, 1.327114027, 0.96641091556],
      [23.2197711817, 30.4317925138, 31.3228946088, 21.8251407199, 23.9015619354, 25.510979054, 27.1784154206, 29.2005312424, 15.244400147, 1.2708015279, 1.5078683326, 5.7097163453, 2.9168297585, 3.6439086367, 3.9272468708, 3.860891935, 3.483359398, 3.1618704132, 5.2063787737, 2.7522737042, 1.9583975045, 6.7522566057, 4.9961953995, 3.4648172717, 2.7681448338, 4.8883815817, 1.8777206714, 3.6232504077, 2.4268801242, 1.573926575, 4.9651561917, 3.0757418035, 2.9987340675, 5.9534708605, 3.0041765243, 2.6013277231, 2.2305974732, 5.0178181129, 4.8882957594, 4.3281897031, 2.5558269409, 5.6896330914, 5.8161961844, 5.5409323371, 2.4975650121, 2.9360801583, 2.1901302245, 5.0895524931, 5.6000470308, 7.8198108372],
      [8.2886009519, 7.1085860889, 2.8975724263, 2.4844558853, 8.7295505722, 6.1520244492, 4.4575939459, 8.6272199321, 1.3736966256, 0.27337048297, 0.22176734049, 2.4606091499, 0.56185644988, 1.3784247107, 0.98626468232, 0.98561197797, 0.69114223212, 0.35457444619, 1.5383857755, 1.0425807154, 0.52191471609, 1.1402423734, 1.2242732351, 1.0526387183, 0.37880492173, 1.070296238, 0.69989267507, 0.69204744887, 0.43953689509, 0.26517256034, 0.48159953201, 1.0555352398, 0.9952102188, 1.1933374285, 1.2054524201, 0.80775891854, 1.0762905772, 1.2643393699, 0.69630002729, 0.6030853941, 0.93333214585, 0.51886884409, 1.4761298, 1.5022939605, 0.57124462261, 0.46016316078, 0.46430155223, 1.069424763, 1.6431539706, 1.8565474137]
    ],
    [
      [0.091024943619, 0.36882555558, 0.62681373142, 0.51091073774, 0.5768265961, 0.32424518543, 0.86301542633, 0.23845819145, 1.4020219706, 4.0413753412, 3.3746823331, 3.0025421767, 3.7501302996, 3.5162223452, 1.4034330998, 2.7412355405, 2.7961062569, 0.37920569855, 0.37249298305, 0.44182327922, 0.21796720526, 0.19307306639, 0.3631117059, 0.30634950938, 0.45236765274, 0.69120592719, 0.74692462213, 0.20367483734, 0.90781600263, 0.24125972244, 0.45130988569, 0.41030674882, 0.35654377414, 0.38474522706, 0.47362197704, 0.86727605901, 0.37526348557, 0.46219953809, 0.38143654289, 0.47423390351, 0.41920831694, 0.19033678904, 0.3376649665, 0.253321707, 0.68919085531, 0.73817912031, 1.1201444084, 0.60908662885, 0.29647659666, 0.45468214084],
      [1.0338034096, 2.7835770287, 4.3308593814, 3.7862479501, 4.2384006404, 5.4703854161, 4.4513860272, 3.3959792627, 20.4996042612, 25.1110532036, 27.159145503, 23.0738990834, 26.8902978355, 28.3999959221, 26.1022679857, 30.4867713661, 21.5714908085, 2.0932932142, 2.5699134498, 2.956899219, 2.4746455229, 2.9600202688, 3.3681619834, 2.8990533842, 5.014467485, 4.944876485, 5.2676087852, 2.750276095, 3.3003634275, 3.0706565661, 4.5962998682, 4.2422047416, 4.9697359832, 3.5209215731, 3.3120528527, 5.3380992323, 3.1986931072, 4.8288672689, 3.5693710434, 3.977407895, 3.9729164642, 2.4667737037, 4.6968085071, 3.3823315051, 6.1382792164, 7.9538538729, 4.4230469475, 4.824845338, 2.9181390727, 4.8138718861],
      [0.061092171561, 0.25582205834, 0.47921102612, 0.20777482179, 0.40959151478, 0.48673210209, 0.38610970934, 0.40937074844, 1.9856955928, 3.1157751247, 2.7167016783, 1.442862563, 2.1403866447, 1.7949196185, 2.9075754619, 1.917715812, 1.8032135006, 0.32356483077, 0.20127713235, 0.19257481109, 0.37507992192, 0.1636216274, 0.32612243523, 0.21620281827, 0.20503794685, 0.37918730051, 0.66674374889, 0.23566824365, 0.4065256634, 0.1981834692, 0.50510265677, 0.32216909872, 0.29048358204, 0.39478741732, 0.43022474051, 0.55263769891, 0.27681072018, 0.38151467547, 0.18485883972, 0.28852937513, 0.3713819542, 0.22895096728, 0.29277258358, 0.2107805512, 0.55945698652, 0.83313479163, 0.51598197539, 0.19987369519, 0.39820001218, 0.35225493598],
      [0.4762669444, 2.5099561122, 4.6114453238, 1.9709977385, 2.7534829532, 2.575935101, 3.2461421081, 1.9035360913, 17.2687491886, 18.1328973927, 20.3185169739, 13.4610946345, 13.4446013521, 12.1966451194, 24.0439079884, 17.9386125702, 12.9382690645, 1.8061051897, 1.8249005818, 1.3996547263, 1.944844662, 1.2710233061, 2.6868261377, 1.6314526073, 3.4302077299, 2.811944855, 3.0981900949, 2.7871753376, 2.5170072987, 1.8817632228, 3.7490135672, 2.4266767995, 2.069287061, 3.3967237673, 2.7028503465, 2.0330188194, 1.6322392575, 2.2423784079, 3.8139935204, 2.5689941821, 1.3136807276, 1.7839357841, 2.471740809, 2.072778359, 3.2084218542, 5.0048782492, 3.5201383955, 3.8269049089, 2.1719604286, 3.6964288033],
      [0.33781253085, 1.0818192452, 0.95167053726, 0.52406875188, 2.0216982955, 1.1427021954, 1.053346729, 1.052655706, 2.8439289867, 7.5988989378, 5.4309535117, 10.0196015424, 4.7745838682, 9.0922169948, 11.5428154642, 8.9156647112, 4.8909203696, 0.39783106672, 1.031415853, 1.0090479644, 0.98746268795, 0.41226173131, 1.2557777377, 0.94694168084, 0.89791918557, 1.1727854324, 2.2205327488, 1.0232054864, 0.86828760768, 0.60813701944, 0.69827402219, 1.5986426114, 1.3139495997, 1.3028220152, 2.0812500833, 1.2089681904, 1.5169934295, 1.0850401096, 1.0503400536, 0.69083464425, 0.92281253707, 0.33000275586, 1.2010131338, 1.0807878777, 1.4046510876, 1.469953966, 1.4206882732, 1.539289429, 1.2152238899, 1.6827622338]
    ],
    [
      [1.3194391833, 1.3776293652, 1.2536622409, 1.054652399, 0.91486612542, 0.84157631165, 0.86733100197, 0.69108953769, 0.75250083149, 1.2553440475, 1.5050758965, 1.7036030124, 1.3265447561, 0.94241696757, 0.2119481288, 0.56390642179, 3.7715057201, 11.3076223794, 9.2524977752, 11.631486812, 5.1982234293, 7.3530689719, 6.9413251117, 6.8789386073, 7.7399473457, 1.4428285238, 0.96913201557, 0.87406733057, 1.8414597708, 1.1321741785, 0.59844634253, 0.1117966439, 1.3176854922, 0.50988365879, 0.9925727986, 2.1893881573, 0.73930128607, 0.83362782581, 0.64074249249, 1.7746457848, 0.78999240436, 0.74731217457, 1.0366058089, 0.47589547516, 1.3439904451, 0.84536130909, 1.8816614618, 1.5345639048, 1.273164887, 0.92944977728],
      [1.658256122, 1.1586523273, 0.98658095661, 0.85469453726, 0.75474371902, 1.5314955897, 0.48479800635, 1.0810291862, 1.1443651075, 0.92847486802, 1.4820949174, 1.6763113973, 0.94124509302, 0.89543308011, 0.31827587543, 0.74751156866, 3.3057297251, 7.2109791633, 7.159578098, 9.2723277443, 7.3297083847, 11.3958725692, 7.2284321693, 7.2211917224, 9.3838532005, 1.1448332182, 0.78120527009, 1.3296627577, 0.72945200664, 1.6135673866, 0.6876588425, 0.13074274295, 2.0508768371, 0.52538943674, 0.79103743587, 1.5079518744, 0.71750024021, 0.98233718875, 0.69319738233, 1.6794422955, 0.84766034866, 1.0976821721, 1.607376717, 0.7109241057, 1.3505583968, 1.0403363122, 0.80760994488, 1.3969689694, 1.3971908256, 1.1111050126],
      [1.0788893298, 1.1678114473, 1.1726810641, 0.51193446296, 0.79109986068, 1.5180748615, 0.45620922518, 1.4510284116, 1.0183478375, 1.3407675274, 1.5839050333, 1.1193862647, 0.73082486052, 0.59530177871, 0.34364663486, 0.50222110414, 2.9429550311, 11.3490021639, 6.0234287319, 6.3808721647, 11.5340519811, 7.6605486102, 7.6881986106, 5.8121699993, 3.941125812, 0.9585026606, 1.0933761008, 1.2017914141, 0.93847040137, 1.1387905006, 0.8227048779, 0.10909285883, 1.3087310623, 0.64284681313, 1.1050950354, 1.670271107, 0.66607540067, 0.8447892362, 0.40848287388, 1.3162455787, 0.86236836519, 1.0899195146, 1.1085651039, 0.48805986577, 1.3733822433, 1.2126287956, 1.00855884, 0.71104953859, 2.0975527372, 0.89770828546],
      [2.9211591292, 3.9719010932, 3.9808335392, 1.6948162763, 1.862858299, 2.7537686492, 1.3443518907, 2.3048137479, 3.7194184414, 2.4946034727, 4.1711723506, 3.6086108405, 1.7527766439, 1.4855974254, 1.0993560241, 1.6389963862, 7.4976565609, 23.0994879284, 19.0209643921, 15.5678429139, 21.7515504083, 20.268626625, 21.5994496069, 15.1454238761, 23.7829898752, 2.4595052309, 1.7311603652, 4.9999103938, 2.0916504045, 3.7543564987, 2.1144568821, 0.28175004762, 3.262320128, 1.9064635605, 2.4319291539, 2.1550466874, 1.3727701634, 1.726186296, 2.784421086, 4.0981977456, 1.0616691053, 2.9883673263, 3.2221688692, 1.6525510462, 2.6718250119, 2.4642398587, 2.4196522384, 4.1435097586, 3.9498919554, 3.2202725012],
      [4.0222562357, 3.3240057671, 1.6062421992, 0.88390232448, 2.6764319958, 2.3550845879, 0.84730987577, 2.4720391166, 1.3653677821, 1.9808100843, 2.2577518023, 5.8920884851, 1.2486086464, 2.0812507482, 1.0267733369, 1.5473645192, 5.4821529628, 8.032908365, 20.5435310028, 22.1474703651, 21.1864657966, 12.3218832236, 19.5425945015, 16.942275795, 12.1520837666, 1.9943303665, 2.4251262483, 3.5945681038, 1.3989674166, 2.3611114356, 0.776733055, 0.36661770671, 4.0603864804, 1.4154165309, 3.6793655762, 2.4773421739, 2.5043529097, 1.6130594532, 1.4731561653, 2.1314685954, 1.4383097765, 1.0767188124, 3.025283501, 1.6725695071, 2.2602439029, 1.4374337244, 1.8825175149, 3.2139078286, 4.2821995949, 2.8414644235]
    ],
    [
