{
  "X": [
    [34, 79, 141, 350, 22],
    [9, 20, 88, 105, 20],
    [143, 1897, 1943, 2368, 134],
    [33, 598, 517, 426, 51],
    [4, 31, 71, 15, 0],
    [71, 310, 423, 694, 38],
    [212, 708, 1638, 2615, 133],
    [19, 94, 174, 330, 17],
    [132, 574, 948, 1229, 67],
    [5, 22, 33, 31, 1],
    [4, 19, 11, 45, 3],
    [28, 224, 202, 414, 29],
    [34, 113, 193, 352, 26],
    [23, 172, 182, 299, 20],
    [12, 124, 73, 123, 12],
    [16, 103, 99, 214, 18],
    [10, 46, 47, 170, 9],
    [22, 157, 135, 170, 15],
    [13, 178, 153, 230, 20],
    [26, 294, 219, 336, 22],
    [43, 300, 259, 224, 16],
    [17, 183, 176, 220, 22],
    [17, 90, 149, 93, 8],
    [34, 266, 471, 142, 37],
    [23, 108, 143, 419, 20],
    [21, 148, 211, 297, 25],
    [25, 98, 166, 255, 18],
    [19, 116, 198, 410, 25],
    [18, 76, 123, 144, 8],
    [19, 90, 135, 214, 12],
    [34, 200, 354, 476, 34],
    [16, 82, 113, 228, 12],
    [28, 159, 205, 293, 21],
    [26, 153, 307, 426, 26],
    [35, 132, 197, 225, 24],
    [33, 263, 272, 374, 30],
    [4, 93, 95, 121, 6],
    [3, 10, 9, 13, 1],
    [12, 335, 244, 304, 24],
    [92, 655, 800, 773, 85],
    [60, 426, 535, 568, 48]
  ],
  "W": [
    [25, 203, 332, 44, 1, 21],
    [7, 107, 98, 17, 0, 13],
    [681, 2870, 2303, 250, 255, 126],
    [225, 793, 418, 69, 76, 44],
    [15, 89, 14, 3, 0, 0],
    [103, 565, 690, 125, 25, 28],
    [196, 1972, 2559, 364, 122, 93],
    [24, 214, 331, 45, 14, 6],
    [139, 1272, 1164, 260, 59, 56],
    [4, 50, 24, 8, 2, 4],
    [4, 18, 44, 11, 2, 3],
    [75, 315, 386, 71, 32, 18],
    [25, 230, 358, 67, 17, 21],
    [31, 290, 298, 40, 25, 12],
    [44, 129, 134, 22, 8, 7],
    [24, 153, 215, 31, 11, 16],
    [8, 64, 173, 27, 8, 2],
    [63, 199, 169, 37, 17, 14],
    [62, 229, 242, 27, 26, 8],
    [90, 364, 326, 50, 41, 26],
    [104, 386, 239, 44, 50, 19],
    [68, 266, 208, 34, 25, 17],
    [22, 201, 91, 29, 5, 9],
    [82, 611, 138, 68, 22, 29],
    [29, 201, 401, 55, 16, 11],
    [22, 277, 318, 53, 18, 14],
    [23, 223, 252, 34, 15, 15],
    [31, 252, 385, 60, 20, 20],
    [23, 157, 146, 27, 9, 7],
    [23, 176, 215, 41, 12, 3],
    [32, 456, 464, 98, 27, 21],
    [19, 157, 218, 33, 13, 11],
    [36, 291, 280, 65, 21, 13],
    [28, 373, 396, 92, 30, 19],
    [45, 256, 228, 51, 15, 18],
    [85, 410, 353, 69, 36, 19],
    [19, 158, 103, 16, 14, 9],
    [1, 15, 14, 4, 2, 0],
    [157, 381, 281, 27, 54, 19],
    [278, 1097, 727, 119, 121, 63],
    [134, 718, 552, 104, 86, 43]
  ],
  "method": "mvn_pdf",
  "cond_prob": [
    [
      [0.020793740642, 0.96745321687, 0.00093375478718, 0.00095685762494, 0.0098624300773],
      [0.020823056758, 0.23981233693, 0.63336517216, 0.08727042834, 0.018729005809],
      [0.023445674389, 0.010759140757, 0.020399612535, 0.93963699148, 0.0057585808402],
      [0.39938213362, 0.018563204617, 0.11151732689, 0.3740882519, 0.096449082977],
      [0.040889178234, 0.79341609099, 0.033172152861, 0.11916814819, 0.013354429727],
      [0.22927373079, 0.11980613319, 0.046049897848, 0.079842295088, 0.52502794308]
    ],
    [
      [0.016761559962, 0.94517218932, 0.001629668515, 0.0010590848066, 0.035377497397],
      [0.011012972918, 0.15174165795, 0.72969870518, 0.063496842563, 0.044049821388],
      [0.01648179471, 0.0089250432422, 0.030630491278, 0.92607685235, 0.017885818423],
      [0.2498785619, 0.013572525001, 0.14765205565, 0.31915108163, 0.26974577583],
      [0.031650366257, 0.74010141204, 0.055456643802, 0.12684692656, 0.045944651337],
      [0.074550301703, 0.045628085344, 0.031750043434, 0.035316716128, 0.81275485339]
    ],
    [
      [0.0058476008724, 0.98852281229, 0.00073095094915, 0.00041355934933, 0.0044850765366],
      [0.0073774064404, 0.31182863915, 0.62256550085, 0.047490190465, 0.010738263096],
      [0.015007968579, 0.025568780736, 0.036694722904, 0.91674053456, 0.0059879932225],
      [0.26141750066, 0.045790368572, 0.20816170887, 0.38122427921, 0.10340614268],
      [0.012649674887, 0.89539950255, 0.028616766302, 0.056646433729, 0.0066876225336],
      [0.12986255125, 0.25363644981, 0.073906655498, 0.070256038903, 0.47233830453]
    ],
    [
      [0.0041956220576, 0.98992114835, 0.00062377359643, 0.00026655273076, 0.0049929032692],
      [0.0059385003306, 0.34974266279, 0.59656120963, 0.034346581555, 0.013411045689],
      [0.016128041193, 0.038147842919, 0.046771676358, 0.88898209671, 0.0099703428204],
      [0.24372790442, 0.059074812486, 0.22946511682, 0.31839109893, 0.14934106734],
      [0.0093195611012, 0.92047000253, 0.025073271253, 0.037492897677, 0.0076442674394],
      [0.094650067331, 0.25663162145, 0.063838113976, 0.045900500141, 0.5389796971]
    ],
    [
      [0.019740427869, 0.97625101324, 0.001427274005, 0.00036655565543, 0.0022147292291],
      [0.015527498677, 0.18642209828, 0.76840858307, 0.026345159757, 0.0032966602107],
      [0.048876288393, 0.022293303469, 0.065605199623, 0.86046956655, 0.0027556419662],
      [0.58356501349, 0.021177146906, 0.19781021975, 0.17279981494, 0.024647804916],
      [0.041819706807, 0.85184865316, 0.054115509129, 0.04901532342, 0.0032008074842],
      [0.4235647188, 0.19635709231, 0.11653261136, 0.051776512981, 0.21176906455]
    ],
    [
      [0.0093758555059, 0.98405068956, 0.00083949734566, 0.0004272989876, 0.0053066585979],
      [0.010764595106, 0.28161677257, 0.6514014567, 0.044656308973, 0.011560866653],
      [0.02296001232, 0.024110418942, 0.040078899863, 0.9060987281, 0.0067519407734],
      [0.34468890349, 0.037072204459, 0.19525713987, 0.32267863545, 0.10030311673],
      [0.020077620327, 0.88162763883, 0.032523875416, 0.057939333517, 0.0078315319134],
      [0.17674981168, 0.21259929153, 0.071701606084, 0.061444078756, 0.47750521195]
    ],
    [
      [0.013669646586, 0.97573225754, 0.0013410601789, 0.00072967277491, 0.0085273629201],
      [0.010974182163, 0.19576408464, 0.72695198965, 0.053318241642, 0.012991501895],
      [0.019976505521, 0.014361081033, 0.03832544001, 0.92085454046, 0.0064824329795],
      [0.32045150421, 0.023680238768, 0.20018877194, 0.3525975956, 0.10308188948],
      [0.027422175593, 0.81941982569, 0.048683969752, 0.092683248313, 0.011790780655],
      [0.17734953651, 0.14611362023, 0.079176476885, 0.072398150351, 0.52496221602]
    ],
    [
      [0.0076360341669, 0.98218570816, 0.0010678208528, 0.0005264307154, 0.0085840061072],
      [0.007352586001, 0.23414689672, 0.69667003254, 0.04614402137, 0.015686463372],
      [0.015259435529, 0.01935938449, 0.041335355146, 0.91515059373, 0.0088952311059],
      [0.25033496053, 0.032395743636, 0.21932554547, 0.353032042, 0.14491170836],
      [0.016030579957, 0.86103261226, 0.040529888409, 0.069989600316, 0.012417319057],
      [0.10939261554, 0.15886474843, 0.068774578445, 0.057321446014, 0.60564661156]
    ],
    [
      [0.0092383524545, 0.9844455061, 0.00090531903461, 0.0004948390854, 0.0049159833237],
      [0.010032343528, 0.26700875668, 0.66391635308, 0.048912056977, 0.010130489731],
      [0.019776177028, 0.021185759778, 0.037862730163, 0.91570300598, 0.0054723270485],
      [0.32150433762, 0.035372660803, 0.20026704282, 0.35472121257, 0.088134746186],
      [0.019555579739, 0.87226904633, 0.034677328136, 0.066325778933, 0.0071722668596],
      [0.17826523732, 0.21886410794, 0.07940143783, 0.072974933763, 0.45049428314]
    ],
    [
      [0.0094244807649, 0.98715211733, 0.00074029713616, 0.00067936163871, 0.0020037431307],
      [0.01152239877, 0.28819503164, 0.61959041908, 0.076072225636, 0.0046199248737],
      [0.013970547551, 0.013058680306, 0.020136000004, 0.95133419121, 0.0015005809262],
      [0.3297816421, 0.029183458816, 0.14286624724, 0.46592985313, 0.032238798715],
      [0.019892790903, 0.85792001028, 0.028042495323, 0.091245240199, 0.0028994632968],
      [0.25740396976, 0.26795097095, 0.082648884166, 0.1331071736, 0.25888900152]
    ],
    [
      [0.0022086646761, 0.99563581804, 0.00024771111604, 0.00016554294568, 0.0017422632235],
      [0.0052147198264, 0.54780004889, 0.40365177186, 0.035565290498, 0.0077681689273],
      [0.013170473053, 0.049656847655, 0.027187465864, 0.90471930137, 0.0052659120619],
      [0.25638927486, 0.095352545397, 0.16601813217, 0.38173744734, 0.10050260023],
      [0.0050811595973, 0.95772083938, 0.010309540188, 0.024124903148, 0.0027635576916],
      [0.093303984504, 0.42049113597, 0.044769055707, 0.051853748829, 0.38958207499]
    ],
    [
      [0.0060791933585, 0.98635831632, 0.00060856449624, 0.00050140688803, 0.0064525189351],
      [0.0084337147059, 0.34026458822, 0.57098298743, 0.063332837189, 0.01698587245],
      [0.013023168192, 0.021007335671, 0.025343312037, 0.93345224075, 0.0071739433511],
      [0.24773842119, 0.040881751205, 0.15627545636, 0.41976698058, 0.13533739066],
      [0.013053818645, 0.88556992191, 0.023635605139, 0.068192368348, 0.0095482859582],
      [0.11039732401, 0.20412436985, 0.049922966716, 0.069388002917, 0.5661673365]
    ],
    [
      [0.0083342786936, 0.9838193961, 0.00098300377806, 0.00040409913075, 0.0064592222935],
      [0.0086160948745, 0.25222341344, 0.68846429262, 0.038030042994, 0.01266615607],
      [0.021275955967, 0.02486976955, 0.048732485568, 0.89656968004, 0.0085521088733],
      [0.30760054913, 0.036708229476, 0.22803858074, 0.30530733228, 0.12234530837],
      [0.017834615115, 0.87983556779, 0.038046720238, 0.054758930864, 0.0095241659943],
      [0.14331392028, 0.1918420523, 0.076179500956, 0.052847213139, 0.53581731333]
    ],
    [
      [0.0061567005524, 0.98742315895, 0.00055479668298, 0.00033272326837, 0.0055326205456],
      [0.0092221243876, 0.36754610797, 0.56213344957, 0.045371080762, 0.01572723731],
      [0.019290032815, 0.030642431955, 0.033700481378, 0.90738207074, 0.0089849831075],
      [0.30416760943, 0.049131668734, 0.17123585105, 0.33535903062, 0.14010584016],
      [0.013563082478, 0.9095203507, 0.022103567256, 0.046414286517, 0.0083987130504],
      [0.12485327229, 0.22704227509, 0.050605290388, 0.051250459972, 0.54624870226]
    ],
    [
      [0.0031401110864, 0.99267321899, 0.00032245364458, 0.00012344248312, 0.0037407737971],
      [0.0064692652918, 0.5053830935, 0.45037685626, 0.023144187129, 0.014626597815],
      [0.024275144835, 0.074370240568, 0.047833935338, 0.83859512373, 0.014925555529],
      [0.29973388381, 0.092361076343, 0.18831713548, 0.23710819673, 0.18247970764],
      [0.0072184457819, 0.95548018013, 0.013415051942, 0.017957780793, 0.0059285413526],
      [0.088762774614, 0.31309178974, 0.040628895112, 0.026376591652, 0.53113994888]
    ],
    [
      [0.005207180419, 0.98870560926, 0.00052511402599, 0.00031221412505, 0.0052498821731],
      [0.0080843460931, 0.37961935868, 0.55270031, 0.044138135417, 0.01545784982],
      [0.017314191393, 0.032193032743, 0.033717464394, 0.90774842485, 0.0090268866208],
      [0.28153520945, 0.053118729368, 0.17634566524, 0.343814349, 0.14518604694],
      [0.011540269231, 0.91557708808, 0.021044338417, 0.043821644318, 0.0080166599578],
      [0.11144556384, 0.23755980262, 0.050308524954, 0.050630931606, 0.55005517699]
    ],
    [
      [0.0044293078931, 0.9886384948, 0.00052882400521, 0.00031164140333, 0.0060917318981],
      [0.0068640989912, 0.3732681134, 0.55800366766, 0.043938378731, 0.017925741211],
      [0.014759671484, 0.031344366697, 0.033762212798, 0.90962700318, 0.010506745841],
      [0.24458694462, 0.052554961605, 0.17973907894, 0.34900310134, 0.17411591349],
      [0.0098382718774, 0.91576150515, 0.021234689294, 0.043839418292, 0.0093261153879],
      [0.085948546078, 0.20983611638, 0.045603440648, 0.045735260622, 0.61287663627]
    ],
    [
      [0.0068875166903, 0.98793807517, 0.00062192952858, 0.00028580962709, 0.0042666689834],
      [0.0097376751824, 0.34615223606, 0.59586999051, 0.036798060943, 0.011442037303],
      [0.024510636026, 0.034576630111, 0.042782666631, 0.89027279349, 0.0078572737441],
      [0.34943300736, 0.049910737832, 0.19574978661, 0.29467468352, 0.11023178468],
      [0.015235828195, 0.913348436, 0.024877752679, 0.040035512384, 0.0065024707439],
      [0.15783435912, 0.25471525219, 0.063780650647, 0.049584822453, 0.4740849156]
    ],
    [
      [0.0041969858169, 0.98685727339, 0.00059293348243, 0.0002471921106, 0.0081056151953],
      [0.0060948447916, 0.35566427361, 0.58321137251, 0.032681644069, 0.022347865027],
      [0.01711136816, 0.039692042299, 0.04678272224, 0.87929888333, 0.017114983972],
      [0.23168615757, 0.054680339725, 0.20429026755, 0.27826479684, 0.23107843831],
      [0.0093499244557, 0.91943751452, 0.02389497175, 0.034870852193, 0.012446737076],
      [0.069419941824, 0.18491125908, 0.044153252997, 0.031106320353, 0.67040922575]
    ],
    [
      [0.0044079773156, 0.99175035718, 0.00047416773749, 0.00029173736193, 0.0030757604089],
      [0.0072932915028, 0.40857751685, 0.53052542594, 0.043948680947, 0.0096550847611],
      [0.015805036291, 0.035395122925, 0.033052205493, 0.91002696233, 0.0057206729581],
      [0.27626473285, 0.063168547249, 0.18690807478, 0.37484524264, 0.098813402487],
      [0.0098272654074, 0.92513214638, 0.019125461525, 0.041189435257, 0.0047256914357],
      [0.12655764941, 0.32486361069, 0.061470285046, 0.063756000213, 0.42335245464]
    ],
    [
      [0.010935761277, 0.98506759016, 0.00062309127259, 0.00020924430383, 0.0031643129825],
      [0.015559709169, 0.34901468274, 0.59978051451, 0.027102645096, 0.0085424484838],
      [0.0504840706, 0.045245504464, 0.055880055136, 0.84081685057, 0.0075735192258],
      [0.50508778264, 0.045770598987, 0.17912244207, 0.19583435825, 0.074184818055],
      [0.0243185866, 0.91632000339, 0.025061670446, 0.029451758346, 0.0048479812159],
      [0.26292518756, 0.26874589888, 0.067280276919, 0.038095293822, 0.36295334282]
    ],
    [
      [0.0062892735191, 0.98568386405, 0.00069383061576, 0.00043454911833, 0.0068984827003],
      [0.0081313349555, 0.31645987213, 0.60731320655, 0.051173251761, 0.0169223346],
      [0.015232273409, 0.023617024789, 0.03256427678, 0.91993273033, 0.0086536946914],
      [0.26160823597, 0.041272245727, 0.18033905382, 0.36965442563, 0.14712603887],
      [0.013582475371, 0.88961069655, 0.027094104535, 0.059447949266, 0.01026477428],
      [0.10934667776, 0.19402141787, 0.054206034891, 0.057373620156, 0.58505224932]
    ],
    [
      [0.0077795926746, 0.98765778251, 0.00086285371513, 0.00027634622389, 0.0034234248779],
      [0.0089555983578, 0.28122104624, 0.67338266542, 0.028967465492, 0.0074732244971],
      [0.027877274375, 0.034580184671, 0.059472628155, 0.87173441672, 0.0063354960798],
      [0.36462429912, 0.045460019365, 0.24792359198, 0.26108531953, 0.080906770003],
      [0.017071542971, 0.90513265024, 0.03422479956, 0.038397117618, 0.0051738896092],
      [0.18848544061, 0.26661949114, 0.092778384366, 0.05038814407, 0.40172853982]
    ],
    [
      [0.0069435120344, 0.98516246496, 0.0010517610569, 0.00024666948286, 0.0065955924616],
      [0.0069532808235, 0.24590828233, 0.71211844995, 0.022486768162, 0.012533218729],
      [0.027185340096, 0.038518202213, 0.080136862432, 0.84075804323, 0.013401552027],
      [0.30185253623, 0.04366185806, 0.28783640352, 0.21946318902, 0.14718601317],
      [0.015148965684, 0.89934347427, 0.041515328481, 0.034075313731, 0.0099169178315],
      [0.12285329621, 0.1992177846, 0.084080998102, 0.03322193106, 0.56062599003]
    ],
    [
      [0.0082517391732, 0.9823801044, 0.00079444377327, 0.00069041925853, 0.0078832933948],
      [0.0095131518874, 0.28053766493, 0.62023925968, 0.072465487623, 0.01724443588],
      [0.012942319652, 0.015222058734, 0.024175314175, 0.94124664185, 0.0064136655931],
      [0.25440333882, 0.030545972438, 0.15376311333, 0.43629960743, 0.12498796798],
      [0.017120209808, 0.85108536933, 0.029800209801, 0.090724716864, 0.011269494201],
      [0.12388632755, 0.16679903213, 0.053692513725, 0.078831158262, 0.57679096833]
    ],
    [
      [0.0038527781711, 0.98981731266, 0.00070625657973, 0.0002118529472, 0.0054117996379],
      [0.0050870762753, 0.32464699539, 0.63124834465, 0.025458237637, 0.013559346044],
      [0.017975332835, 0.045747562169, 0.063929581509, 0.85925262454, 0.013094898943],
      [0.23459782054, 0.061036494108, 0.27040660647, 0.26412317592, 0.16983590295],
      [0.0086014517435, 0.92459216363, 0.028531284007, 0.029947133385, 0.0083279672342],
      [0.083248362983, 0.24327600041, 0.068882579871, 0.0348605694, 0.56973248734]
    ],
    [
      [0.013158916053, 0.97743182992, 0.00096760046238, 0.00055805050523, 0.0078836030561],
      [0.013472909394, 0.24793964246, 0.67124303028, 0.05203319849, 0.015311219377],
      [0.024715438529, 0.018099367148, 0.03516802585, 0.91435238801, 0.0076647804653],
      [0.37089129868, 0.027470726148, 0.16918327665, 0.31932564095, 0.11312905757],
      [0.027449806692, 0.85103038743, 0.036474845043, 0.0737189027, 0.01132605813],
      [0.18532997616, 0.15464474328, 0.060903536687, 0.059429808964, 0.53969193491]
    ],
    [
      [0.0068873280718, 0.98372277402, 0.0010451804954, 0.00073772265201, 0.0076069947629],
      [0.0066205053053, 0.2345859221, 0.68035104911, 0.06457175237, 0.013870771121],
      [0.01009285886, 0.014291399709, 0.029751008798, 0.9400823898, 0.0057823428286],
      [0.20518048368, 0.029756804116, 0.19635451946, 0.45205059166, 0.11665760108],
      [0.014093136998, 0.84088201532, 0.038674971003, 0.095624606524, 0.010725270159],
      [0.10559549713, 0.17133453286, 0.07230389006, 0.086142370454, 0.56462370949]
    ],
    [
      [0.010796832839, 0.98317498912, 0.00099106638178, 0.00038573507244, 0.0046513765844],
      [0.011130166193, 0.24997696622, 0.69358867457, 0.036210897965, 0.0090932950471],
      [0.028394782954, 0.02518212728, 0.050117502151, 0.8899871468, 0.0063184408188],
      [0.38659035266, 0.034399806083, 0.21715597589, 0.27788475059, 0.083969114788],
      [0.023149875209, 0.87922420097, 0.038389697561, 0.052369195481, 0.006867030779],
      [0.20885565877, 0.2108093815, 0.08490953192, 0.056090468818, 0.43933495899]
    ],
    [
      [0.0074042749738, 0.98495474014, 0.00085653920521, 0.00038432528832, 0.0064001203882],
      [0.0084284451924, 0.27701387684, 0.66090689933, 0.039822635449, 0.013828143195],
      [0.01988894317, 0.025916845686, 0.04440547865, 0.90088098794, 0.008907744555],
      [0.29843322401, 0.03947467335, 0.21450168967, 0.31525680908, 0.13233360389],
      [0.015996466895, 0.8884440901, 0.03345214962, 0.05258013113, 0.0095271622597],
      [0.13016848935, 0.19408915258, 0.06737097738, 0.051210718201, 0.55716066249]
    ],
    [
      [0.0054490150828, 0.98742366617, 0.00090380736298, 0.00039830227292, 0.0058252091131],
      [0.0059899513746, 0.27026315029, 0.67174101652, 0.039855202529, 0.012150679289],
      [0.014288032862, 0.025834637745, 0.046137655684, 0.90580679763, 0.007932876082],
      [0.23316374351, 0.043229797677, 0.24466188156, 0.35051369594, 0.12843088131],
      [0.011740896691, 0.89002709276, 0.035232765735, 0.054348684713, 0.0086505601009],
      [0.10504889649, 0.21781468883, 0.078901160722, 0.058583781197, 0.53965147276]
    ],
    [
      [0.0077850173803, 0.98549434208, 0.0008058388349, 0.00056638197793, 0.0053484197269],
      [0.0090586586161, 0.28315816094, 0.63595907971, 0.060021922326, 0.011802178407],
      [0.014661349157, 0.018167583765, 0.02929563938, 0.93266445037, 0.0052109773264],
      [0.27755067279, 0.034901500045, 0.17844311356, 0.41181569821, 0.097289015385],
      [0.016456452634, 0.86912797851, 0.030783882433, 0.075844573029, 0.0077871133907],
      [0.14737806809, 0.20880572513, 0.068146842256, 0.081143860879, 0.49452550365]
    ],
    [
      [0.0063709844389, 0.98726378173, 0.00071295745923, 0.00038734804393, 0.0052649283257],
      [0.0081762138894, 0.31470768659, 0.61904088646, 0.045254851181, 0.012820361878],
      [0.017228732128, 0.026460252874, 0.037410203666, 0.91151542935, 0.0073853819808],
      [0.28332963311, 0.044426132792, 0.19907351035, 0.35293619699, 0.12023452676],
      [0.013844942703, 0.89693968899, 0.028021817235, 0.053309277019, 0.0078842740575],
      [0.12947202928, 0.22785299731, 0.065291004801, 0.059890182109, 0.51749378649]
    ],
    [
      [0.0058253360139, 0.98681039848, 0.0011148051471, 0.00055977198088, 0.0056896883802],
      [0.0054589292943, 0.22995254643, 0.70671824655, 0.047754445996, 0.010115831729],
      [0.011067890496, 0.018670583577, 0.041205603728, 0.92344291818, 0.0056130040139],
      [0.20554051166, 0.035571917277, 0.24882979463, 0.40665011398, 0.10340766245],
      [0.012187736403, 0.86323919457, 0.042191074405, 0.07417839201, 0.008203602611],
      [0.10834573374, 0.20959235203, 0.093808655917, 0.07940901385, 0.50884424446]
    ],
    [
      [0.013063443014, 0.97750578202, 0.00096373972735, 0.00038956488754, 0.0080774703508],
      [0.01362053847, 0.25284303102, 0.68057703487, 0.036982621756, 0.015976773883],
      [0.033915510522, 0.025090928359, 0.048488840416, 0.88163978623, 0.010864934477],
      [0.40706903583, 0.030540169068, 0.1870620372, 0.24683837072, 0.12849038718],
      [0.02784955046, 0.8705571591, 0.037144565884, 0.052586077734, 0.011862646823],
      [0.1854065848, 0.15655656894, 0.061330755046, 0.04190172377, 0.55480436744]
    ],
    [
      [0.0068694693524, 0.98573989635, 0.00067647206397, 0.00043137534532, 0.0062827868839],
      [0.0090288844039, 0.32253727316, 0.60114346971, 0.051620390893, 0.01566998183],
      [0.016838421225, 0.024072413485, 0.03224828816, 0.91884799244, 0.0079928846889],
      [0.28372199966, 0.041452089199, 0.17595168618, 0.36549955475, 0.13337467022],
      [0.014836473308, 0.8903822717, 0.026426915252, 0.05900335037, 0.0093509893696],
      [0.12548798377, 0.20547592275, 0.055823521348, 0.060025316673, 0.55318725546]
    ],
    [
      [0.0032953906627, 0.99284804292, 0.00056895711116, 0.00055723757089, 0.0027303717325],
      [0.004775264672, 0.35527059008, 0.55882819276, 0.073625571665, 0.0075003808205],
      [0.0063424309499, 0.018596231994, 0.021032478978, 0.95131801381, 0.0027108442664],
      [0.15927924228, 0.047537901926, 0.17047379797, 0.55544998156, 0.067259076269],
      [0.0070841018602, 0.89077377622, 0.022104283389, 0.075994952573, 0.0040428859534],
      [0.095420388777, 0.32097382457, 0.073340163021, 0.1220361266, 0.38822949703]
    ],
    [
      [0.0069423132885, 0.99030665975, 0.00036902880525, 0.00013580158273, 0.0022461965722],
      [0.013909636285, 0.43713801056, 0.51580273372, 0.024585583463, 0.0085640359742],
      [0.044839185307, 0.044424087977, 0.038647746076, 0.86488977318, 0.0071992074575],
      [0.59239853872, 0.043452071527, 0.12074723664, 0.16762626703, 0.075775886078],
      [0.016040784149, 0.94537552411, 0.015328163965, 0.019693684147, 0.0035618436237],
      [0.2065298397, 0.21999191611, 0.038472802674, 0.026892095338, 0.50811334618]
    ],
    [
      [0.0047523846888, 0.98781481536, 0.00068627815336, 0.00051911023, 0.0062274115631],
      [0.0061389130769, 0.31770359882, 0.59980487858, 0.061086561736, 0.015266047787],
      [0.0098180080882, 0.020327532823, 0.027571344589, 0.93561072955, 0.0066723849455],
      [0.19836186362, 0.041976245087, 0.18040136013, 0.44551379166, 0.1337467395],
      [0.010166833656, 0.88373740506, 0.026556076905, 0.070359087201, 0.0091805971805],
      [0.08909528612, 0.21135894172, 0.058120127256, 0.074141329, 0.5672843159]
    ],
    [
      [0.014040453838, 0.97401694297, 0.0010238964477, 0.00059320969839, 0.010325497047],
      [0.013731008761, 0.23787047422, 0.67642158325, 0.052813980605, 0.019162953164],
      [0.024950408185, 0.017389647441, 0.035532626597, 0.91259007787, 0.0095372399051],
      [0.35962807532, 0.025683532498, 0.16624438273, 0.31236070519, 0.13608330427],
      [0.028958287129, 0.84068346, 0.038207113546, 0.077474515197, 0.01467662413],
      [0.16790820362, 0.13394966053, 0.055563034673, 0.054150059387, 0.58842904179]
    ],
    [
      [0.0083314668328, 0.9845336478, 0.00091299218221, 0.00041532751452, 0.0058065656686],
      [0.0090578910516, 0.26704517248, 0.67081228266, 0.041105745559, 0.011978908254],
      [0.020884898839, 0.024734432203, 0.04464255276, 0.90217570324, 0.0075624129574],
      [0.31270249104, 0.037937342239, 0.21694226119, 0.32034239201, 0.11207551353],
      [0.017835333307, 0.88193587472, 0.035361730979, 0.056300482519, 0.0085665784701],
      [0.15246754431, 0.20678809678, 0.075737215538, 0.057984859055, 0.50702228432]
    ]
  ],
  "expected_outcome": [
    [
      [0.51984351605, 0.11733091974, 3.9822161941, 0.94401496295, 0.29610641803, 0.9657131171, 2.6792507309, 0.18326482001, 1.2841309912, 0.03769792306, 0.0088346587045, 0.45593950189, 0.20835696734, 0.19085771712, 0.1381648878, 0.12497233006, 0.035434463145, 0.43391355149, 0.26021312065, 0.39671795841, 1.1373191728, 0.4276705993, 0.17115103884, 0.56936798682, 0.23930043602, 0.084761119764, 0.30265506922, 0.21350717023, 0.2483271553, 0.1702983244, 0.17436848265, 0.14791533022, 0.2293554398, 0.16310940839, 0.58785493562, 0.58390489496, 0.062612422592, 0.0069423132885, 0.74612439613, 3.903246167, 1.1164165556],
      [24.1863304217, 6.6162053252, 673.1840351712, 222.7322583779, 14.6437651986, 101.357221025, 191.2435224778, 23.5724569958, 136.8379253482, 3.9486084693, 3.9825432722, 73.9768737242, 24.5954849026, 30.6101179275, 43.6776216355, 23.7289346222, 7.9091079584, 62.2400987357, 61.1851509505, 89.2575321458, 102.4470293771, 67.0265027552, 21.7284712152, 80.7833221271, 28.4890230276, 21.7759808786, 22.4809320882, 30.4954059946, 22.6130247498, 22.6539590233, 31.5975573174, 18.7243924995, 35.5414961424, 27.6306911574, 43.9877601909, 83.7878911901, 18.8641128155, 0.99030665975, 155.0869260123, 270.7767101453, 131.9275088055],
      [0.02334386968, 0.011407679605, 0.49777759637, 0.1403490592, 0.021409110075, 0.086468226603, 0.26284779506, 0.025627700468, 0.12583934581, 0.0029611885446, 0.00099084446414, 0.045642337218, 0.024575094451, 0.017198697172, 0.014187960362, 0.012602736624, 0.0042305920416, 0.039181560301, 0.036761875911, 0.042675096374, 0.06480149235, 0.047180481872, 0.018982781733, 0.086244406665, 0.023038869425, 0.015537644754, 0.022254810635, 0.032400595357, 0.022794526781, 0.01970040172, 0.028921835615, 0.015310937863, 0.025666468532, 0.031214544118, 0.043368287731, 0.057500125438, 0.010810185112, 0.00036902880525, 0.10774567008, 0.28464321247, 0.12234095242],
      [0.023921440623, 0.0074135936462, 0.2816339169, 0.059974364421, 0.0054983348315, 0.044011795723, 0.14301586388, 0.01263433717, 0.068782632871, 0.0027174465548, 0.00066217178271, 0.037605516602, 0.010102478269, 0.010314421319, 0.0054314692573, 0.0074931390013, 0.0024931312266, 0.018006006507, 0.015325910857, 0.026256362573, 0.021761407599, 0.029549340046, 0.0060796169255, 0.020226897594, 0.020022158497, 0.0046607648384, 0.01283516162, 0.022869402212, 0.0088719066661, 0.0088394816313, 0.012745672733, 0.010761257581, 0.013944529581, 0.015673615465, 0.017530419939, 0.036666904352, 0.010587513847, 0.00013580158273, 0.08150030611, 0.16491229615, 0.055653886946],
      [0.24656075193, 0.24764248178, 3.0543371214, 1.1234032356, 0.033220938437, 0.54658583558, 1.6713631323, 0.20601614657, 0.68332168199, 0.0080149725228, 0.0069690528938, 0.48393892013, 0.16148055734, 0.17151123691, 0.16459404707, 0.12599717215, 0.048733855185, 0.26880014596, 0.50254814211, 0.2768184368, 0.32908855018, 0.46909682362, 0.075315347314, 0.54083858185, 0.22861550845, 0.11905959203, 0.18132287029, 0.23581683765, 0.10698166144, 0.14720276893, 0.18640669162, 0.10161997481, 0.18953741972, 0.15931127464, 0.36348616579, 0.53403688513, 0.051877062918, 0.0022461965722, 0.9777036154, 2.8704881791, 0.7780797996]
    ],
    [
      [4.2270805219, 1.1783881022, 21.1731564838, 4.7092307622, 1.3819473823, 6.0819962347, 21.6410872259, 1.5734534042, 12.7611409673, 0.57611993851, 0.093864956875, 2.6566201324, 1.9817018211, 2.6744160724, 0.83453522264, 1.2369049522, 0.43930233544, 1.9377973613, 1.3957194573, 2.654758107, 6.0060477392, 2.1629350982, 1.8000752699, 4.2484545832, 1.9121435294, 1.4091201283, 3.0044587948, 1.6683673369, 1.7474360923, 1.4834063539, 2.7314178268, 1.4222094027, 2.3792782418, 2.0361806268, 3.4868578484, 3.7018426056, 0.75449181817, 0.20864454428, 2.3389258823, 15.062916611, 6.5035657751],
      [48.6819043975, 16.236357401, 894.9481943599, 277.3459315952, 16.5915667471, 159.1134765004, 386.0467749197, 50.1074358983, 339.6351384992, 14.4097515818, 9.86040088, 107.1833452899, 58.0113850921, 106.5883713106, 65.1944190621, 58.0817618773, 23.8891592578, 68.8842949769, 81.4471186557, 148.7222161344, 134.719667539, 84.1783259876, 56.5254302934, 150.249960506, 56.3880706505, 89.9272177243, 55.2905402682, 59.1156523685, 39.2463836969, 48.7544423234, 123.2399965301, 44.4558312677, 91.579936798, 85.7722998192, 64.7278159411, 132.2402819947, 56.1327532333, 6.5570701584, 121.0450711508, 260.9439102232, 191.73843384],
      [128.5731299482, 78.0777614541, 1786.7629874336, 473.0730392382, 68.3883638935, 368.0418230359, 1433.5493235982, 149.0873869626, 844.5016011204, 30.9795209542, 7.2657318935, 179.8596410415, 158.346787302, 163.0187003759, 58.0986144574, 84.5631474293, 35.7122347305, 118.5781281108, 133.555404304, 193.1112550408, 231.5152786, 161.5453129424, 135.3499157488, 435.1043729204, 124.6680911961, 174.8557914678, 149.6871957525, 171.4484643747, 108.893421908, 116.3196142815, 306.3139035339, 99.8455755145, 180.1408979601, 263.6059059626, 174.227720927, 246.4688225831, 88.2948544557, 7.7370410058, 228.5256587384, 742.0344768204, 481.6432189468],
      [17.7158969531, 6.7941621542, 136.2968466357, 27.2368391735, 2.3447192184, 25.23081457, 105.1435725188, 9.8748205732, 62.2161364753, 3.8036112818, 0.64017522897, 19.9498437146, 8.7469098886, 13.1576134211, 2.9856001397, 6.7531347187, 2.8120562388, 7.3228141276, 7.4840964919, 15.9973198647, 10.461621007, 13.6120849684, 5.8224605639, 13.7394153469, 14.5655630122, 7.0519318253, 11.6034032633, 16.2720815973, 5.6851109805, 7.0087838389, 18.1739723534, 9.4234418052, 13.1691616937, 17.8124083566, 9.4675511696, 21.1643602662, 11.6328403231, 0.36878375194, 23.2739800215, 57.936936724, 29.5139253117],
      [3.8019881793, 4.7133308885, 30.8188150869, 10.634959231, 0.29340275875, 6.5318896589, 25.6192417373, 3.3569031617, 12.8859829378, 0.23099624369, 0.13982704069, 5.3505498217, 2.9132158962, 4.5608988199, 1.8868311181, 2.3650510224, 1.1472474375, 2.2769654233, 5.1176610911, 3.5144508531, 3.2973851148, 4.5013410035, 1.5021181239, 7.6577966435, 3.4661316119, 3.7559388543, 3.4144019211, 3.4954343225, 1.4276473224, 2.4337532023, 5.5407097557, 1.8529420099, 3.7307253065, 3.7732052348, 4.0900541139, 6.4246925505, 1.1850601696, 0.12846053961, 5.8163642069, 21.0217596214, 8.6008561264]
    ],
    [
      [7.7839638971, 1.6152158816, 34.5633516375, 6.7415212187, 0.68426803751, 15.8424085007, 51.119877629, 5.0508731603, 23.0194700602, 0.33529314123, 0.57950081434, 5.0269429219, 7.6167922362, 5.7484297788, 3.2528694079, 3.7225511496, 2.5534231668, 4.1422974884, 4.1409510948, 5.1524418309, 12.0656928733, 3.1683128691, 2.5368319682, 3.7515769332, 5.1898701805, 5.7161558415, 6.2282905093, 3.885750661, 4.1456383113, 4.2761227816, 6.6296472478, 3.1961741161, 4.8240449957, 4.3828846366, 7.732736399, 5.9439626923, 0.65327038784, 0.6277485943, 2.7588602728, 18.1389467506, 11.5284641593],
      [3.5720347312, 0.87465423773, 58.8849020341, 15.9457983402, 0.31210624857, 16.6361890703, 36.7500063633, 6.4079562662, 24.6602243815, 0.31340832734, 2.1849012968, 8.1088315689, 8.9033774987, 9.1314447227, 9.9656122361, 6.9215020398, 5.4225754385, 5.8434504888, 9.6054742364, 11.5388100735, 10.8136755669, 4.9123411561, 3.146796805, 5.3155119053, 6.1040455522, 14.5477247696, 4.5610405214, 5.502188888, 3.6765905828, 5.5721218226, 11.9872719135, 3.9605332607, 7.4088708049, 7.3935510966, 5.720731666, 8.4975619602, 1.9154118954, 0.62193723168, 5.7120367233, 12.6422736899, 13.653406576],
      [6.7726713617, 3.0017881452, 84.5079468481, 19.5505607175, 0.91847279472, 27.6544409053, 98.0748009843, 13.6820025532, 44.0722179097, 0.48326400009, 1.196248498, 9.7825184462, 17.4462298334, 10.0427434506, 6.4097473353, 7.2492548447, 5.8408628141, 7.2302706606, 11.3214187822, 10.7750189909, 13.3553331775, 6.7733695701, 5.4120091621, 11.0588870156, 9.6943009843, 20.3296069198, 8.8623425141, 11.4541383871, 7.317155314, 9.5471779097, 21.4078722374, 6.3864493848, 10.4748570264, 16.3174190762, 11.0554556149, 11.3836457203, 2.1663453347, 0.54106844506, 7.7475478295, 25.8322195358, 24.6426891234],
      [311.959481171, 90.75553153, 2111.2534510889, 371.5945164246, 12.0465739317, 625.2081223901, 2356.4667690288, 302.9148465242, 1065.8782989641, 22.8320205891, 39.8076492601, 360.3125649295, 320.971945455, 270.3998570818, 112.3717465798, 195.1659113425, 157.3654715502, 150.4561020995, 212.7903297653, 296.6687897203, 200.9552272873, 191.3460079088, 79.3278319215, 116.0246099661, 377.4399033801, 273.2423346053, 230.416801778, 361.9317200749, 129.9381234323, 193.6894124068, 420.2943540992, 203.3208501812, 255.2243202184, 365.6833956011, 201.0138712593, 324.353341332, 97.9857554226, 12.1084568246, 262.9066150048, 663.4529866127, 498.0009881889],
      [1.9118488389, 1.7528102055, 13.7903483914, 4.1676032989, 0.038578987527, 4.6588391336, 16.5885459945, 2.944321496, 6.3697886844, 0.036013942229, 0.23170013072, 2.7691421335, 3.0616549766, 2.677524966, 2.0000244408, 1.9407806235, 1.8176670304, 1.3278792628, 4.1418261213, 1.8649393843, 1.810071095, 1.7999684958, 0.57653014326, 1.8494141798, 2.5718799029, 4.1641778638, 1.9315246773, 2.226201989, 0.92249235955, 1.9151650793, 3.6808545021, 1.1359930572, 2.0679069546, 2.2227495895, 2.4772050608, 2.8214882952, 0.27921695943, 0.10078890441, 1.8749401697, 6.933573411, 4.1744519525]
    ],
    [
      [17.5728138792, 4.2479355522, 65.3543751656, 16.817225405, 1.7506950405, 43.0861129359, 116.6443475338, 11.2650732241, 83.5911277817, 2.6382531368, 2.8202820235, 17.5894279045, 20.6092367916, 12.1667043771, 6.5941454438, 8.727591493, 6.6038475049, 12.9290212725, 6.2555262545, 13.8132366424, 22.223862436, 8.8946800229, 10.5741046746, 20.5259724637, 13.992183635, 12.4336844886, 12.6103041551, 12.3108290209, 10.4379395217, 12.2357621844, 22.850046864, 9.1591722022, 18.4164261522, 18.9097270727, 20.7605208276, 19.5768179762, 2.5484678765, 2.3695941549, 5.3557703177, 42.7957409627, 32.521059068],
      [0.81678100314, 0.23073292502, 11.4475921429, 4.0761620615, 0.063531440719, 4.6340255573, 8.6196069116, 1.4578084636, 9.1968918087, 0.23346767053, 1.0488779994, 2.9026043356, 2.4594513749, 1.9652667494, 2.0319436795, 1.6466806104, 1.4189839633, 1.8466972998, 1.4763691726, 3.1584273624, 2.0139063554, 1.4032563547, 1.3183405616, 2.9690063481, 1.6800284841, 3.2349341878, 0.93400468902, 1.7854082469, 0.92879476424, 1.6184616074, 4.2365201724, 1.1517495015, 2.8876986315, 3.2726163895, 1.5575486224, 2.8601941547, 0.76060643081, 0.17380828611, 1.1333586174, 3.0563403673, 3.9454835928],
      [4.9067623832, 2.510084946, 52.0404272178, 15.8330930608, 0.59343065925, 24.4071424843, 72.8687129867, 9.869649546, 52.0694311339, 1.1429299779, 1.8261994539, 11.0955574017, 15.2785849097, 6.8494340421, 4.1429769806, 5.4667156223, 4.8529551314, 7.2427421044, 5.5158372238, 9.3454037389, 7.8813874512, 6.1315278297, 7.1897841675, 19.5728754393, 8.4569712333, 14.3315501431, 5.7522314061, 11.7812711678, 5.863211349, 8.7945692765, 23.9768643924, 5.8886227475, 12.9397781727, 22.8923411061, 9.5401638972, 12.1406663463, 2.7275807675, 0.48298894658, 4.8708367236, 19.7830815444, 22.5619951639],
      [16.4598830834, 5.4255683876, 95.3060698035, 21.9689858263, 0.51839944482, 40.3348294318, 128.3455247985, 15.8864418899, 92.2275152673, 3.7274388251, 4.1991119207, 29.8034556215, 20.4555912631, 13.4143612249, 5.216380328, 10.6582448191, 9.4230837361, 10.9029632901, 7.5131495148, 18.7422621319, 8.6167117631, 12.5682504713, 7.5714742663, 14.9234968532, 23.9964784085, 13.9985283239, 10.8570717925, 27.1230354998, 7.5028882658, 12.9255291723, 34.3503422025, 13.5899180411, 22.9408528044, 37.4118104862, 12.5887569069, 25.2194692777, 8.8871997049, 0.67050506813, 12.0288723749, 37.1709239173, 33.3156087686],
      [4.243759651, 4.5856781891, 25.8515356702, 10.3045336464, 0.073943414749, 12.5378895907, 37.5218077693, 6.5210268764, 22.9150340083, 0.25791038972, 1.1055286026, 9.6089547367, 8.1971356608, 5.6042336064, 4.014553568, 4.5007674551, 4.7011296642, 4.0785760332, 6.2391178344, 4.9406701243, 3.2641319944, 5.0022853214, 2.3462963301, 10.0086488958, 6.8743382391, 9.0013028566, 3.8463879573, 6.9994560646, 2.2671660993, 5.4256777595, 12.5862263687, 3.2105375077, 7.8152442392, 9.5135049455, 6.5530097459, 9.202852245, 1.0761452203, 0.30310354431, 3.6111619665, 16.1939132084, 11.6558534067]
    ],
    [
      [0.040889178234, 0, 3.2256670962, 0.70828664369, 0, 0.50194050817, 3.3455054223, 0.2244281194, 1.1537792046, 0.039785581805, 0.010162319195, 0.41772219663, 0.30318845695, 0.33907706194, 0.057747566255, 0.12694296154, 0.078706175019, 0.25900907931, 0.24309803585, 0.4029178817, 1.21592933, 0.33956188427, 0.085357714853, 0.33327724504, 0.27392335693, 0.15482613138, 0.41174710038, 0.28186273996, 0.20834887688, 0.19195760275, 0.31700421067, 0.21393388424, 0.29074379677, 0.36563209209, 0.4177432569, 0.5341130391, 0.099177426043, 0.032081568298, 0.54900901744, 3.5039527427, 1.5338386644],
      [0.79341609099, 0, 228.3268731498, 69.9557201922, 0, 22.0406909707, 99.9692187338, 12.0544565717, 51.4638737336, 1.7158400206, 1.9154416788, 28.3382375011, 14.9572046524, 22.7380087675, 7.643841441, 10.0713479688, 7.3260920412, 15.526923412, 23.9053753776, 37.9304180014, 45.8160001696, 22.2402674137, 4.5256632512, 19.785556434, 13.6173659092, 16.6426589453, 12.7654558115, 16.8176403063, 7.9130178087, 10.6613290811, 24.0307315045, 11.2986637207, 18.8357334687, 25.8971758371, 13.0583573865, 32.0537617812, 12.4708328671, 1.8907510482, 47.7218198731, 101.7226986598, 75.8464852263],
      [0.033172152861, 0, 7.2972754071, 1.9055686152, 0, 0.81309688541, 5.9394443098, 0.56741843773, 2.04596236, 0.056084990645, 0.020619080376, 0.75633936446, 0.64679424405, 0.55258918139, 0.10732041554, 0.23148772259, 0.16987751436, 0.42292179555, 0.62126926551, 0.78414392251, 1.2530835223, 0.67735261336, 0.1711239978, 0.91333722659, 0.47680335681, 0.51356311213, 0.54712267564, 0.77349942007, 0.34550727805, 0.40142579544, 0.95128467483, 0.40019047162, 0.58845816192, 1.2657322321, 0.55716848826, 0.95136894907, 0.30945996744, 0.03065632793, 1.4340281529, 4.6230607391, 3.0411088642],
      [0.11916814819, 0, 14.4448406009, 2.8494602235, 0, 1.4484833379, 11.3073562942, 0.97985440443, 3.913220957, 0.1824904804, 0.048249806296, 2.1821557872, 0.93090182468, 1.1603571629, 0.14366224634, 0.48203808749, 0.35071534634, 0.68060371053, 0.90664215701, 1.6887668455, 1.4725879173, 1.4861987316, 0.19198558809, 0.74965690207, 1.4515954698, 0.53904840094, 1.1057835405, 1.9124921305, 0.47132275933, 0.63096157356, 1.4674144873, 0.98597944938, 1.1194948174, 2.2253517603, 0.78879116601, 2.1241206133, 1.063929336, 0.039387368295, 3.7993907088, 9.3744163388, 4.8418414966],
      [0.013354429727, 0, 1.7053437461, 0.5809643254, 0, 0.19578829783, 1.4384752399, 0.1738424668, 0.42316374472, 0.0057989265936, 0.0055271153832, 0.30554515066, 0.1619108219, 0.20996782626, 0.04742833082, 0.088183259536, 0.074608923103, 0.11054200265, 0.32361516399, 0.19375334886, 0.24239906079, 0.25661935701, 0.025869448046, 0.21817219229, 0.18031190722, 0.14990341022, 0.16989087196, 0.21450540317, 0.061803277011, 0.11432594712, 0.23356512273, 0.10123247408, 0.16556975521, 0.24610807833, 0.17793970235, 0.33663561731, 0.056600403348, 0.0071236872474, 0.49575224775, 1.7758715197, 0.73672574843]
    ],
    [
