{
  "Z_true": {},
  "V_true": [
    [18, 31, 929, 354, 497],
    [20, 1119, 125, 1855, 286],
    [181, 395, 211, 12006, 890],
    [63, 51, 4319, 554, 303],
    [129, 75, 609, 697, 574],
    [702, 30, 457, 627, 290],
    [47, 90, 187, 1097, 1276]
  ],
  "p_true": [
    [0.0098, 0.0169, 0.5079, 0.1935, 0.2717],
    [0.0059, 0.3286, 0.0367, 0.5448, 0.084],
    [0.0132, 0.0289, 0.0154, 0.8774, 0.065],
    [0.0119, 0.0096, 0.8164, 0.1047, 0.0573],
    [0.0619, 0.036, 0.2922, 0.3345, 0.2754],
    [0.3333, 0.0142, 0.217, 0.2977, 0.1377],
    [0.0174, 0.0334, 0.0693, 0.4067, 0.4731]
  ],
  "Z_est": [
    [
      [0, 3, 3, 3, 3, 2, 1, 2, 3, 0, 0.6297, 3, 1.0001, 4, 1.9402, 2, 3, 1.9991, 3, 2, 2, 2, 0.8352, 2, 2, 2, 2, 3, 2, 3, 0.2814, 2, 2, 4, 2, 0.6522, 4, 1, 5, 3, 4, 3, 0.5, 0.64, 0.3924, 3, 3, 3, 2, 4, 2, 3, 2, 2, 5, 3, 4, 3, 4, 3, 5, 3, 0.8531, 0.8848, 2, 0, 0, 0.1808, 2, 4, 2, 9, 2],
      [0, 3.8273e-11, 1.6768e-08, 4.9264e-13, 1.1738e-12, 5.3472e-14, 8.003e-09, 1, 1, 0.5017, 0, 5, 0.9998, 3, 0.0028, 2, 1, 0.0003, 2, 3, 1, 2, 0.0728, 1, 5.7914e-12, 1, 8.4205e-13, 1, 4.9328e-10, 2.427e-10, 0.0626, 1, 3.9554e-12, 7.0396e-26, 1, 1.6795, 2, 1, 3, 1.0136e-21, 4.0543e-10, 1, 0.0695, 0.136, 0.1165, 1.0179e-29, 7.0337e-23, 7.6642e-15, 9.61e-14, 2, 6.8384e-13, 2.9783e-17, 9.8868e-17, 2.8609e-09, 6, 3.1683e-07, 1, 2, 2, 3, 2, 3.5318e-14, 0.438, 0.0617, 6.8428e-12, 0, 0.1245, 0.0391, 1.9203e-12, 5, 1.2531e-15, 20, 4],
      [0, 1, 1, 2, 1, 1, 6.197e-06, 1, 4, 1.6044, 0.5447, 7, 1, 7, 0.0338, 4, 9, 0.0004, 15, 8, 5, 6, 0.3725, 2, 4.7567e-10, 1.9453e-10, 1, 2, 9.1406e-11, 2.3759e-09, 0.1286, 6, 3, 5, 9, 8.6779, 36, 2, 43, 8, 4, 1, 1.5039, 0.705, 0.9625, 5, 2, 3.519e-15, 1, 11, 1, 2, 1, 1, 22, 12, 8, 38, 8, 15, 14, 9, 1.1693, 0.0645, 1.0262e-11, 0, 0.3402, 0.2022, 1, 28, 2, 39, 4],
      [0, 6, 6, 9, 5, 6, 1, 8, 17, 2.5933, 0.6463, 21, 3, 25, 1.9789, 13, 12, 1.9997, 21, 18, 11, 13, 2.0948, 11, 4, 2, 5, 12, 3, 8, 1.2622, 18, 7, 14, 11, 5.8559, 35, 7, 52, 15, 7, 12, 1.7078, 2.1667, 1.1795, 18, 13, 5, 7, 34, 8, 8, 8, 6, 49, 13, 21, 37, 28, 25, 35, 11, 2.1561, 0.9378, 4, 0, 2.2574, 0.5779, 2, 54, 8, 88, 16],
      [0, 3, 1, 3, 1, 1, 3.4639e-08, 1, 2, 0.3006, 0.1793, 5, 0.0001, 5, 0.0443, 2, 1, 0.0005, 6, 5, 3, 3, 0.6247, 2, 1, 9.7794e-09, 1, 3, 2.4297e-12, 1, 0.2652, 4, 1, 2, 2, 1.1345, 7, 2, 11, 3, 2, 3, 0.2187, 0.3523, 0.3491, 4, 2, 5.2213e-15, 1, 7, 2, 2, 1, 1, 11, 2, 3, 7, 5, 3, 7, 3, 0.3835, 0.0512, 1, 0, 0.2778, 0, 1, 10, 2, 24, 3]
    ],
    [
      [2.9253, 1, 1, 2, 1, 3, 1.9999, 4, 3, 0, 0.6955, 3, 0, 4, 1.9627, 4, 2, 0.9991, 3, 3, 3, 2, 0.6024, 3, 2, 1, 3, 3, 2, 2, 0.1493, 3, 3, 3, 2, 0.0155, 1, 3, 2, 2, 1.5395e-07, 3, 0.4262, 0.3191, 0, 3, 3, 2, 1, 6, 2, 1, 2, 1, 6, 1, 2, 3, 4, 3, 2, 2, 0.4764, 0.854, 2, 0, 0, 0.3148, 3.847e-14, 4, 2, 19, 1],
      [0.0539, 4, 3, 3, 3, 2, 1, 6, 6, 0.381, 0, 19, 1.9995, 14, 0.0136, 8, 3, 2.9998, 2, 8, 2, 13, 0.5389, 5, 2, 4, 2, 3, 3, 2, 0.8356, 2, 1, 2, 2, 2.6375, 3, 2, 2, 2, 3, 6, 0.5673, 0.7194, 0, 2, 4, 4, 1, 4, 1, 3, 6.6655e-12, 2, 14, 3, 3, 1, 6, 5, 6, 1, 1.8812, 0.8545, 4, 0, 0.1043, 0.4662, 2, 8, 3, 53, 13],
      [1.0174, 3, 3, 5, 2, 9, 2, 7, 11, 0.4656, 1.2258, 24, 2.0005, 24, 1.0085, 15, 14, 2.0014, 16, 20, 11, 23, 0.6825, 8, 3, 3, 4, 6, 1, 2, 0.0416, 7, 4, 8, 6, 3.9062, 21, 6, 27, 4, 3, 6, 2.8321, 0.9944, 0, 6, 8, 4, 1, 18, 1, 5, 2, 5, 41, 10, 10, 20, 14, 18, 19, 6, 2.9621, 0.1849, 4, 0, 0.2023, 0.9554, 3, 39, 7, 105, 15],
      [3.9817, 15, 11, 17, 12, 34, 8.0001, 39, 44, 1.0312, 1.4441, 67, 5.0002, 86, 5.9979, 47, 19, 6.9978, 23, 45, 24, 51, 2.359, 47, 19, 15, 17, 26, 14, 17, 2.9273, 21, 10, 23, 8, 3.3954, 21, 18, 33, 8, 6, 45, 3.6848, 4.267, 0, 24, 39, 27, 5, 57, 8, 18, 15, 17, 92, 11, 24, 20, 49, 31, 46, 7, 5.4557, 1.9787, 20, 0.8892, 1.5443, 2.2637, 6, 76, 24, 232, 52],
      [1.0216, 7, 3, 6, 4, 7, 2, 6, 7, 0.1223, 0.6345, 17, 0.9999, 18, 2.0174, 9, 3, 1.0019, 6, 12, 6, 14, 0.8172, 10, 6, 3, 4, 6, 3, 3, 1.0463, 4, 1, 4, 1, 0.0455, 4, 5, 7, 1, 1, 12, 0.4896, 0.7, 0, 5, 7, 4, 1, 13, 2, 5, 3, 3, 20, 2, 3, 3, 9, 4, 9, 2, 1.2246, 0.1279, 6, 0.1108, 0.1492, 0, 2, 15, 7, 65, 9]
    ],
    [
      [2.0409, 5, 6, 7, 4, 6, 5, 8, 14, 0, 0.654, 4, 0.9998, 11, 1.0141, 5, 2, 1.0003, 3, 3, 9, 1, 0.677, 10, 4, 4, 7, 15, 9, 6, 0.4575, 11, 9, 18, 2, 0.198, 6, 3, 11, 16, 6, 11, 0.5699, 0.5548, 0.3322, 13, 11, 7, 8, 23, 7, 10, 11, 7, 21, 2, 7, 3, 14, 5, 9, 5, 0.3561, 1.0961, 5, 0, 0, 0.9852, 8, 11, 4, 45, 2],
      [3.9337, 7, 8, 8, 8, 12, 4, 16, 18, 0.9234, 0, 25, 5.9998, 33, 0.969, 21, 8, 5.9985, 8, 14, 10, 16, 0.1319, 21, 8, 7, 16, 22, 5, 9, 1.6083, 13, 7, 6, 5, 1.6464, 8, 11, 9, 7, 4, 23, 1.3338, 0.7508, 0.4689, 12, 17, 12, 7, 24, 7, 8, 5, 4, 41, 3, 9, 8, 22, 16, 11, 5, 1.7186, 2.7948, 12, 0, 0.5693, 0.9826, 8, 25, 11, 134, 18],
      [5.014, 17, 21, 26, 20, 34, 12.0001, 22, 57, 1.4572, 1.9332, 33, 12.9995, 63, 6.9203, 35, 33, 12.9997, 44, 33, 43, 31, 2.6993, 38, 15, 16, 25, 55, 13, 12, 1.8808, 63, 36, 62, 26, 12.3462, 99, 22, 149, 77, 38, 33, 7.7461, 2.0434, 2.0037, 59, 41, 22, 26, 100, 30, 28, 20, 26, 134, 39, 49, 79, 58, 58, 67, 46, 5.222, 7.7984, 20, 0, 1.6582, 3.1446, 113, 141, 31, 263, 24],
      [16.08, 63, 70, 83, 84, 131, 40.9999, 112, 213, 3.2201, 2.4301, 93, 32.0007, 222, 17.0385, 111, 44, 29.0025, 62, 72, 92, 67, 7.3241, 217, 78, 60, 97, 235, 83, 93, 16.7032, 184, 79, 165, 34, 8.581, 96, 66, 181, 139, 59, 222, 8.8623, 9.8477, 3.149, 216, 200, 133, 119, 309, 139, 96, 149, 89, 302, 40, 117, 77, 202, 97, 157, 54, 6.7498, 18.3438, 90, 10.4136, 9.7526, 7.8876, 195, 270, 99, 579, 81],
      [6.9314, 30, 21, 30, 27, 27, 12, 19, 37, 0.3993, 0.9827, 24, 7.0003, 48, 6.0582, 22, 6, 6.999, 17, 19, 24, 19, 3.1676, 47, 25, 14, 26, 58, 21, 20, 6.3502, 40, 13, 32, 6, 1.2284, 19, 18, 40, 30, 19, 60, 1.4878, 1.8034, 1.0462, 51, 39, 23, 24, 69, 37, 27, 31, 18, 67, 8, 16, 14, 39, 14, 33, 16, 1.9535, 6.9669, 28, 1.5864, 1.0199, 0, 80, 53, 29, 162, 14]
    ],
    [
      [0.0204, 1, 1, 2, 1, 1, 1, 2, 3, 0, 0.3334, 1, 0, 3, 0.0403, 1, 1, 0.0007, 2, 1, 3, 1, 0.5305, 2, 1.0014e-10, 1, 1, 2, 1, 3.0783e-09, 0.0432, 3, 3, 7, 3, 0.122, 6, 6.8168e-10, 9, 8, 3, 1, 0.3524, 0.2453, 0.1382, 3, 2, 1, 1, 7, 1, 2, 6.6638e-12, 2, 8, 2, 3, 2, 4, 3, 4, 4, 0.0478, 0.0742, 1, 0, 0, 0.2555, 4, 6, 1, 19, 8.2794e-09],
      [0.9743, 1, 2, 2, 1, 3, 1, 3, 3, 0, 0, 11, 1.0006, 9, 0.0083, 7, 4, 2.0003, 4, 6, 5, 8, 0.1252, 3, 1, 1, 2, 3, 4.5281e-11, 2.2257e-09, 0.1158, 3, 2, 2, 3, 1.7526, 6, 2, 7, 2, 1, 3, 0.5466, 0.2208, 0.247, 3, 4, 2, 1.4546e-13, 6, 2.7344e-12, 1, 3, 1, 15, 2, 4, 7, 6, 8, 5, 3, 0.4764, 0.0797, 2, 0, 0.0825, 0.2681, 4, 13, 3, 56, 6],
      [1.9649, 5, 7, 8, 6, 10, 3.9999, 6, 14, 0, 1.6253, 16, 5.9995, 21, 2.9941, 13, 27, 5.9982, 29, 18, 20, 21, 1.8158, 9, 4, 4, 6, 11, 2, 2, 0.5479, 24, 15, 26, 33, 18.0975, 104, 8, 126, 41, 19, 7, 5.672, 0.7349, 1.9771, 19, 11, 4, 5, 35, 10, 10, 1, 10, 54, 33, 25, 66, 20, 38, 34, 34, 2.7044, 4.7252, 7, 0, 0.3264, 1.4632, 69, 81, 12, 113, 11],
      [3.0184, 15, 20, 24, 19, 33, 8.0001, 26, 46, 0, 1.4997, 40, 11, 67, 8.9982, 36, 31, 10.9997, 40, 34, 42, 40, 3.9838, 41, 13, 14, 16, 43, 10, 10, 2.5876, 63, 28, 65, 40, 9.8495, 99, 16, 152, 71, 26, 35, 4.6482, 2.3647, 1.972, 62, 47, 23, 15, 98, 29, 25, 13, 27, 121, 35, 58, 64, 67, 61, 77, 39, 3.9919, 6.1496, 22, 0, 1.4101, 2.0132, 114, 151, 33, 248, 31],
      [1.022, 7, 5, 8, 6, 7, 2, 4, 7, 0, 0.5417, 10, 2, 14, 2.9591, 7, 4, 2.0011, 11, 9, 11, 11, 1.5446, 9, 4, 3, 4, 10, 2, 1, 0.7055, 14, 4, 12, 7, 2.1784, 19, 4, 34, 15, 8, 9, 0.7809, 0.4344, 0.6656, 14, 9, 3, 3, 22, 7, 7, 2, 5, 26, 7, 7, 12, 12, 9, 16, 12, 0.7795, 1.9714, 6, 0, 0.181, 0, 46, 29, 10, 69, 5]
    ],
    [
      [0.0088, 1, 1.0561e-10, 4.8616e-13, 5.9097e-13, 1, 0, 1, 1, 0, 0.1694, 1.0347e-22, 2.0096e-06, 1, 0.0049, 1.0205e-17, 6.6949e-09, 0.0007, 1.186e-10, 4.0784e-16, 1, 1.0946e-18, 0.1609, 1, 7.413e-11, 1, 1, 1, 1, 1, 0.0201, 2, 1, 3, 4.025e-09, 0.0097, 1, 3.853e-08, 2, 3, 2, 1, 0.0618, 0.0237, 0, 1, 1, 3.7387e-15, 4.5834e-14, 3, 1, 2, 1, 1, 3, 7.7117e-08, 1, 2.8738e-19, 2, 1, 1, 5.6456e-14, 0.0398, 0.028, 1.3693e-11, 0, 0, 0.05, 1, 1, 3.0792e-14, 5, 2.1023e-15],
      [0.0112, 1, 2.376e-10, 2.2532e-16, 1.3461e-12, 1, 0, 2, 2, 0.0869, 0, 2, 0, 3, 0.0013, 2, 9.9063e-09, 0.0003, 1, 2, 1, 1, 0.0249, 3, 1, 1, 2, 2, 2.6158e-10, 1, 0.2013, 2, 2.2983e-12, 7.5284e-26, 9.5851e-09, 0.0517, 1, 1, 1, 1, 1, 2, 0.1639, 0.0263, 0, 1, 1, 1, 9.7977e-14, 3, 1.8378e-15, 1, 5.3997e-14, 2.8777e-09, 5, 3.89e-09, 1, 1, 2, 2, 1, 1.3794e-14, 0.1761, 0.0422, 1, 0, 0.0246, 0.0508, 1, 3, 1, 15, 8.2762e-09],
      [0.9832, 2, 1, 2, 2, 6, 3, 4, 6, 0.2366, 0.7127, 5, 0.0003, 8, 0.0074, 6, 5, 1.0005, 9, 8, 8, 2, 0.4653, 7, 3, 3, 6, 5, 1, 2, 0.2229, 12, 5, 10, 4, 3.0967, 19, 4, 34, 18, 12, 5, 1.5707, 0.105, 0, 10, 6, 2, 2, 16, 6, 6, 6, 4, 20, 7, 7, 22, 8, 13, 7, 10, 0.7082, 0.07, 4, 0, 0.1464, 0.2191, 15, 18, 7, 31, 1],
      [1.9552, 13, 6, 13, 13, 21, 8, 18, 28, 0.6102, 0.8882, 12, 2.9996, 28, 1.9757, 17, 9, 3.9973, 12, 16, 13, 7, 2.4913, 35, 19, 15, 21, 27, 12, 19, 4.4342, 38, 15, 28, 6, 4.387, 18, 9, 42, 33, 22, 29, 1.7872, 0.7642, 0, 33, 25, 15, 13, 50, 32, 23, 23, 17, 47, 11, 19, 19, 31, 22, 21, 9, 1.7962, 1.7865, 13, 0.8981, 0.7903, 0.6801, 28, 38, 21, 70, 5],
      [0.0416, 5, 1, 3, 3, 4, 1, 2, 4, 0.0663, 0.2297, 2, 0.0001, 5, 0.0107, 3, 1, 0.0012, 3, 4, 3, 2, 0.8576, 7, 5, 3, 5, 6, 2, 4, 1.1215, 8, 2, 5, 6.7211e-09, 0.4548, 3, 2, 9, 6, 6, 7, 0.4164, 0.0808, 0, 7, 4, 2, 2, 11, 7, 5, 4, 3, 10, 1, 2, 3, 6, 3, 3, 2, 0.2797, 0.0732, 4, 0.1019, 0.0386, 0, 10, 7, 5, 19, 2.7672e-09]
    ],
    [
      [0.0107, 5.5971e-10, 2.3818e-10, 1, 5.4383e-12, 5.9315e-18, 1, 2, 1, 0, 0.3505, 1.6438e-22, 5.1751e-06, 1.2464e-27, 0.0249, 1.6456e-17, 3.284e-09, 0, 8.3392e-09, 4.1165e-16, 1, 7.9343e-12, 0.0889, 1, 4.8165e-10, 9.5889e-09, 2.0931e-13, 1, 1, 1.2894e-10, 0.0461, 1, 2, 3, 4.4903e-09, 0.0026, 1, 3.922e-08, 2, 4, 1, 2.6027e-26, 0.033, 0.0552, 0.0671, 1, 1, 3.3641e-15, 1, 4, 1, 2, 1, 1, 3, 3.2366e-07, 1, 2.0274e-15, 2, 1, 1, 1, 0.2084, 0.0176, 3.4287e-12, 0, 0, 0.1496, 2.8801e-12, 1, 2.0331e-09, 7, 2.4072e-12],
      [0.0128, 2.8333e-10, 6.6596e-08, 1, 3.6145e-12, 1, 1.2799e-08, 3, 2, 0, 0, 3, 0.0005, 2, 0.0028, 2, 1, 0.0004, 1, 1, 1, 2, 0.0316, 1, 1, 4.6436e-08, 1, 1, 1, 4.8976e-12, 0.1539, 1, 1, 1, 9.909e-09, 0.2231, 1, 2, 2, 1, 1, 1, 0.0442, 0.03, 0.0639, 1, 2, 1, 1.8599e-13, 4, 2.5017e-15, 1, 6.5945e-12, 4.7843e-09, 6, 1.1446e-07, 2, 2.173e-15, 2, 2, 2, 9.4069e-14, 0.9996, 0.059, 3.4894e-12, 0, 0.0594, 0.1308, 9.6055e-13, 3, 2.0331e-09, 20, 4.7515e-13],
      [1.038, 1, 2, 4, 2, 4, 2, 4, 7, 0, 1.5009, 4, 1, 4, 1.0269, 5, 6, 0.9998, 7, 4, 7, 5, 0.7838, 3, 2, 1, 2, 5, 2, 1.6951e-09, 0.1152, 9, 8, 12, 6, 2.6492, 18, 4, 38, 22, 9, 2, 1.0429, 0.1391, 0.607, 7, 6, 2, 3, 18, 5, 5, 3, 4, 21, 11, 12, 12, 8, 12, 12, 13, 2.6496, 0.0852, 2, 0, 0.2057, 0.7567, 4, 17, 2, 40, 1],
      [3.962, 8, 8, 13, 9, 19, 8.0001, 26, 27, 0, 2.2114, 14, 5.0001, 16, 4.9812, 18, 9, 4.0017, 12, 12, 19, 11, 2.0139, 23, 12, 7, 13, 23, 16, 4, 2.6189, 28, 18, 36, 10, 1.8269, 20, 16, 48, 41, 15, 20, 0.7172, 0.6408, 0.8285, 28, 32, 17, 14, 59, 23, 20, 25, 16, 47, 12, 31, 13, 29, 22, 28, 18, 4.5765, 1.9093, 10, 1.7433, 1.5235, 1.963, 9, 34, 10, 89, 5],
      [2.9765, 4, 4, 6, 4, 3, 3, 5, 6, 0, 0.9372, 4, 1.9995, 4, 2.9642, 3, 2, 2.998, 2, 2, 4, 4, 1.0818, 4, 5, 3, 4, 6, 6, 3, 1.0658, 6, 3, 8, 1, 1.2982, 3, 4, 11, 9, 6, 5, 0.1628, 0.1349, 0.4335, 7, 7, 4, 3, 13, 7, 6, 4, 4, 12, 5, 4, 3, 7, 4, 8, 6, 1.5659, 0.9289, 3, 0.2567, 0.2114, 0, 4, 6, 4, 26, 8.9513e-09]
    ],
    [
      [0.9938, 2, 1, 2, 1, 1, 1.0001, 1, 2, 0, 0.1675, 1, 0.0001, 2, 0.0129, 1, 3.2564e-09, 0.0002, 6.6481e-15, 1.9967e-18, 1, 1.1813e-16, 0.1051, 1, 1, 1, 1, 3, 2, 1, 0.0024, 1, 1, 2, 2.964e-10, 0, 2.1987e-21, 8.1598e-11, 2, 2, 3.8976e-09, 2, 0.0567, 0.1619, 0.0701, 2, 2, 1, 1, 3, 1, 2, 1, 1, 4, 4.232e-09, 1, 2.6319e-20, 2, 9.0064e-20, 1, 1, 0.0185, 0.0455, 1, 0, 0, 0.0641, 1, 1, 1, 9, 5.5261e-09],
      [1.0141, 2, 1, 2, 2, 2, 5.5879e-07, 2, 2, 0.107, 0, 6, 0.9999, 6, 0.0023, 4, 1, 0.0004, 8.3858e-09, 2, 2, 3, 0.0746, 3, 1, 1, 2, 4, 1, 2, 0.0225, 2, 1.5392e-14, 6.2887e-26, 4.1712e-09, 0.0092, 2.157e-18, 2, 1, 1.6336e-25, 7.7358e-08, 4, 0.2746, 0.1167, 0.1037, 1, 2, 2, 5.1982e-14, 3, 1, 1, 4.7999e-14, 1.5292e-11, 7, 1.3936e-08, 1, 1.7583e-16, 3, 2, 2, 3.408e-12, 0.31, 0.1081, 2, 0, 0.0353, 0.0624, 1, 4, 2, 27, 2],
      [1.9824, 5, 4, 7, 6, 7, 1.9999, 4, 8, 0.2362, 0.4575, 8, 2.0004, 12, 1.0091, 8, 7, 0.9999, 5, 6, 9, 7, 1.1807, 7, 3, 3, 5, 11, 2, 3, 0.063, 11, 6, 8, 4, 0.2263, 14, 4, 28, 13, 4, 6, 1.6324, 0.2782, 0.4497, 10, 7, 3, 4, 15, 7, 5, 3, 5, 26, 6, 7, 8, 10, 8, 14, 10, 0.5845, 2.0717, 6, 0, 0.1209, 0.259, 21, 22, 8, 54, 3],
      [7.0027, 25, 14, 24, 27, 26, 7.9999, 21, 34, 0.5453, 0.8801, 25, 5.9994, 45, 4.0296, 26, 10, 3.0013, 8, 13, 21, 16, 2.7331, 40, 20, 13, 20, 48, 17, 25, 0.4666, 31, 13, 23, 5, 0.1042, 14, 14, 35, 23, 7, 45, 1.5924, 1.949, 0.8709, 39, 36, 23, 18, 48, 34, 20, 26, 19, 58, 7, 18, 8, 35, 14, 34, 12, 1.2737, 6.8942, 26, 4.0558, 0.7218, 0.6145, 36, 43, 25, 121, 12],
      [4.0069, 14, 6, 10, 10, 7, 4.0001, 6, 8, 0.1115, 0.4949, 8, 3.0002, 12, 2.9462, 8, 4, 2.9983, 4, 6, 7, 6, 1.9064, 11, 8, 5, 8, 14, 6, 7, 0.4455, 9, 5, 7, 3, 0.6602, 5, 6, 10, 8, 4, 14, 0.4439, 0.4941, 0.5056, 12, 9, 6, 5, 13, 11, 7, 9, 6, 15, 3, 5, 4, 8, 4, 9, 5, 0.8133, 4.8805, 10, 0.9442, 0.122, 0, 17, 11, 9, 36, 5]
    ]
  ],
  "V_est": [
    [172.789, 84.3049, 435.31, 943.4143, 193.1818],
    [160.7402, 300.0526, 689.4805, 1843.218, 411.5086],
    [489.9358, 845.8299, 2864.8666, 7665.3865, 1816.9813],
    [157.2039, 272.8982, 1424.6463, 2797.4864, 637.7651],
    [52.5778, 77.8616, 464.545, 1239.2416, 249.7741],
    [53.0545, 83.8119, 445.5998, 1210.5185, 313.0153],
    [73.6988, 126.2408, 512.5518, 1490.7347, 493.7738]
  ],
  "p_est": [
    [0.0945, 0.0461, 0.238, 0.5158, 0.1056],
    [0.0472, 0.0881, 0.2025, 0.5413, 0.1209],
    [0.0358, 0.0618, 0.2094, 0.5602, 0.1328],
    [0.0297, 0.0516, 0.2693, 0.5288, 0.1206],
    [0.0252, 0.0374, 0.2229, 0.5946, 0.1199],
    [0.0252, 0.0398, 0.2116, 0.5748, 0.1486],
    [0.0273, 0.0468, 0.19, 0.5527, 0.1831]
  ],
  "EI_Z": {},
  "EI_V": 34.897,
  "MAE_Z": {},
  "MAE_V": 620.0503,
  "MAE_p": 0.1377,
  "runtime": 0.6689
}
