{
  "X": [
    [25, 7, 22, 34, 91, 87, 0],
    [26, 8, 26, 32, 90, 115, 0],
    [57, 14, 17, 30, 96, 168, 4],
    [59, 12, 27, 13, 125, 173, 1],
    [46, 7, 12, 9, 97, 138, 4],
    [41, 20, 40, 40, 126, 221, 1],
    [19, 20, 34, 45, 79, 117, 0],
    [27, 33, 57, 53, 159, 187, 3],
    [34, 48, 72, 65, 172, 210, 2],
    [18, 52, 125, 98, 142, 131, 0],
    [17, 56, 169, 107, 135, 138, 0],
    [36, 39, 49, 53, 135, 177, 0],
    [40, 21, 23, 73, 94, 171, 3],
    [27, 45, 59, 76, 94, 153, 0],
    [10, 31, 82, 89, 131, 131, 1],
    [18, 27, 56, 79, 94, 138, 1],
    [32, 48, 59, 100, 124, 134, 0],
    [23, 47, 35, 64, 111, 119, 1],
    [33, 46, 57, 132, 143, 151, 1],
    [40, 77, 55, 71, 213, 229, 1],
    [22, 66, 33, 41, 112, 115, 0],
    [31, 57, 27, 36, 121, 102, 0],
    [17, 57, 21, 41, 111, 97, 1],
    [31, 31, 36, 24, 103, 121, 2],
    [27, 62, 40, 50, 189, 144, 1],
    [29, 43, 45, 54, 157, 187, 1],
    [20, 29, 27, 38, 100, 121, 2],
    [27, 38, 45, 64, 137, 147, 0],
    [40, 43, 55, 95, 218, 150, 3],
    [40, 36, 23, 76, 137, 153, 3],
    [10, 28, 23, 59, 107, 100, 0],
    [41, 32, 39, 58, 131, 186, 1],
    [28, 37, 40, 83, 102, 146, 1],
    [46, 23, 42, 65, 135, 182, 0],
    [13, 44, 18, 35, 94, 127, 2],
    [13, 29, 24, 57, 103, 135, 0],
    [18, 28, 47, 43, 86, 110, 0],
    [61, 12, 28, 36, 162, 257, 4],
    [44, 11, 18, 16, 74, 178, 4],
    [29, 43, 125, 65, 150, 107, 0],
    [30, 8, 9, 15, 61, 123, 1],
    [74, 11, 15, 37, 71, 204, 1],
    [49, 11, 11, 27, 65, 173, 1],
    [20, 11, 18, 31, 76, 119, 0],
    [11, 14, 18, 29, 86, 90, 0],
    [14, 17, 15, 31, 56, 109, 0],
    [18, 4, 13, 9, 61, 197, 1],
    [28, 9, 8, 16, 54, 119, 1],
    [16, 3, 4, 26, 47, 120, 0],
    [26, 12, 15, 21, 66, 100, 1],
    [40, 8, 26, 24, 97, 165, 2],
    [116, 144, 340, 346, 567, 1004, 4]
  ],
  "W": [
    [12, 9, 11, 21, 89, 86, 38],
    [11, 13, 11, 15, 88, 104, 55],
    [17, 4, 19, 14, 83, 174, 75],
    [17, 7, 6, 16, 119, 158, 87],
    [23, 4, 6, 8, 83, 109, 80],
    [18, 22, 19, 29, 113, 216, 72],
    [5, 15, 30, 27, 78, 111, 48],
    [15, 25, 36, 50, 151, 172, 70],
    [40, 30, 53, 71, 160, 178, 71],
    [12, 27, 46, 140, 147, 113, 81],
    [11, 42, 77, 184, 137, 110, 61],
    [20, 24, 31, 42, 140, 166, 66],
    [15, 25, 18, 23, 96, 170, 78],
    [17, 31, 55, 64, 91, 146, 50],
    [9, 20, 42, 80, 143, 124, 57],
    [7, 21, 36, 53, 100, 128, 68],
    [12, 29, 48, 63, 131, 134, 80],
    [13, 26, 43, 32, 117, 121, 48],
    [31, 31, 67, 61, 153, 154, 66],
    [36, 62, 52, 60, 193, 198, 85],
    [7, 51, 52, 28, 108, 103, 40],
    [17, 39, 48, 31, 108, 95, 36],
    [17, 45, 40, 23, 100, 78, 42],
    [12, 31, 21, 32, 97, 94, 61],
    [13, 59, 45, 42, 179, 124, 51],
    [19, 18, 46, 43, 145, 185, 60],
    [11, 21, 29, 23, 93, 114, 46],
    [30, 27, 40, 42, 132, 137, 50],
    [28, 31, 46, 56, 207, 147, 89],
    [27, 39, 35, 35, 122, 150, 60],
    [14, 14, 33, 31, 101, 100, 34],
    [13, 17, 43, 39, 137, 178, 61],
    [13, 15, 35, 36, 107, 146, 85],
    [13, 17, 43, 44, 141, 170, 65],
    [10, 12, 48, 16, 98, 116, 33],
    [18, 6, 38, 24, 90, 146, 39],
    [11, 6, 33, 38, 80, 119, 45],
    [31, 10, 15, 17, 152, 245, 90],
    [14, 7, 8, 10, 67, 177, 62],
    [5, 14, 67, 129, 148, 99, 57],
    [10, 7, 3, 6, 52, 131, 38],
    [28, 3, 11, 15, 60, 197, 99],
    [27, 5, 5, 8, 63, 172, 57],
    [5, 12, 16, 10, 70, 118, 44],
    [8, 9, 17, 13, 74, 91, 36],
    [17, 9, 18, 12, 54, 98, 34],
    [9, 5, 1, 9, 54, 180, 45],
    [19, 4, 8, 6, 51, 113, 34],
    [16, 5, 1, 1, 43, 112, 38],
    [30, 7, 6, 11, 61, 90, 36],
    [32, 8, 7, 15, 74, 149, 77],
    [75, 86, 157, 362, 569, 905, 367]
  ],
  "method": "mvn_pdf",
  "cond_prob": [
    [
      [0.37099883782, 0.012515481442, 6.4847390092e-05, 0.049256059585, 0.33735797914, 0.22938262819, 0.00042416643419],
      [0.00013297198494, 0.33487756386, 0.00098884576599, 0.17736038367, 0.45473144814, 0.031908786584, 1.7607772629e-14],
      [8.6407312727e-07, 0.33076608088, 0.042160891577, 0.53795728724, 0.086461208894, 0.0026536673311, 3.5869131491e-17],
      [1.7229876163e-09, 0.00094578150494, 0.78289417298, 0.21518617765, 0.00094856192639, 2.5304223936e-05, 4.5271658025e-23],
      [0.0019785956248, 0.0031374050197, 0.019005978526, 0.10244789303, 0.81989175556, 0.05353837089, 1.351327691e-09],
      [0.10732621587, 0.0019651388901, 0.0060804698238, 0.059991986782, 0.05830084399, 0.7660825623, 0.00025278235027],
      [0.30350748186, 0.003372273256, 0.070926555042, 0.17207485336, 0.10182923207, 0.34550105839, 0.0027885460218]
    ],
    [
      [0.33014978426, 0.012226714041, 0.0001406866541, 0.04714143733, 0.3250044599, 0.28475868749, 0.00057823033286],
      [0.00012232649923, 0.3332788213, 0.0021979088033, 0.17395917163, 0.44973565212, 0.040706119647, 2.4642555098e-14],
      [7.6607694374e-07, 0.31644394528, 0.090367761892, 0.50750702268, 0.082418120703, 0.0032623833649, 4.8369700965e-17],
      [8.0667640383e-10, 0.00048057626022, 0.89233399651, 0.10669197888, 0.00047702525496, 1.6422290973e-05, 3.2230434477e-23],
      [0.0017741884931, 0.0030664498962, 0.041286192274, 0.098027462156, 0.78927662988, 0.06656907546, 1.843775458e-09],
      [0.081629768916, 0.0016355820665, 0.011245447356, 0.048913356154, 0.047877694561, 0.80840494444, 0.00029320650365],
      [0.24051786795, 0.0029319843077, 0.13763092028, 0.14648869868, 0.087384186601, 0.38164168257, 0.0034046596142]
    ],
    [
      [0.44728468263, 0.018318697926, 4.2060233425e-05, 0.029157403916, 0.28952319979, 0.20684229179, 0.0088316637139],
      [0.00015925037905, 0.48531680832, 0.00062937933966, 0.10295859961, 0.38253455661, 0.028401405742, 3.59228737e-13],
      [1.1557789829e-06, 0.53913559886, 0.029840297427, 0.34693921912, 0.081444408436, 0.0026393203794, 8.1686718285e-16],
      [3.3475597761e-09, 0.0022033783692, 0.79460697033, 0.20185364996, 0.0012994313428, 3.6566655432e-05, 1.4968040673e-21],
      [0.0029001203494, 0.0055054383794, 0.014798461573, 0.072811081126, 0.84566724856, 0.058317616273, 3.3743695246e-08],
      [0.14198102667, 0.0031439421394, 0.0043107515413, 0.038832403068, 0.054794859405, 0.75120964053, 0.0057273766385],
      [0.37485564712, 0.0050420366889, 0.046826485007, 0.10389443991, 0.089490967221, 0.31839845481, 0.061491969247]
    ],
    [
      [0.4480234298, 0.02805201288, 6.908176573e-05, 0.02071589158, 0.27241073414, 0.22968322017, 0.0010456296698],
      [0.00012881569851, 0.62426131657, 0.00083302168152, 0.058837333299, 0.29048794723, 0.025451565518, 3.4449823145e-14],
      [9.3632181252e-07, 0.69805605388, 0.039548275356, 0.19792905571, 0.062096887316, 0.0023687914171, 7.8440718502e-17],
      [2.3067437468e-09, 0.0023033326603, 0.89855086281, 0.098276009295, 0.00084188227929, 2.7910650764e-05, 1.2228747055e-22],
      [0.0030701824644, 0.0088920172844, 0.025701701985, 0.054646262822, 0.8392809214, 0.068408909806, 4.2364100536e-09],
      [0.13316647542, 0.0044951152289, 0.0066297458934, 0.025825813063, 0.048324421339, 0.78092247818, 0.00063595087804],
      [0.38355004784, 0.0078626916058, 0.078738285459, 0.075318986248, 0.086089278798, 0.3611516492, 0.0072890608413]
    ],
    [
      [0.37828587276, 0.016846069442, 4.1328578279e-05, 0.020252175223, 0.31223006984, 0.26344498288, 0.0088995012741],
      [0.00013706422279, 0.47022689225, 0.00062752298186, 0.072532577318, 0.41973930662, 0.036736636601, 3.6792749292e-13],
      [1.1087581003e-06, 0.5911059052, 0.033165893881, 0.2723557706, 0.099566802342, 0.0038045192118, 9.3255133176e-16],
      [3.0316676578e-09, 0.0021576787472, 0.84656761587, 0.14972758418, 0.0014973524431, 4.9765732536e-05, 1.6144158472e-21],
      [0.0023169227003, 0.0047770633591, 0.013718881967, 0.047710687547, 0.86143969782, 0.070036714518, 3.2086941324e-08],
      [0.10203678039, 0.0024529955981, 0.0035980595338, 0.022903807237, 0.050147085144, 0.81395782952, 0.0049034425713],
      [0.31586287493, 0.004610382884, 0.045824225738, 0.071780456637, 0.096036305267, 0.40417090407, 0.061714850476]
    ],
    [
      [0.31760891896, 0.018665425921, 0.00010475981094, 0.038764005843, 0.33324668387, 0.29031964086, 0.0012905647359],
      [0.00010317555577, 0.4380119989, 0.0014240927988, 0.12411608171, 0.40012357076, 0.03622108028, 4.787798392e-14],
      [7.0788646272e-07, 0.4571927021, 0.063927192576, 0.39506305205, 0.080634359983, 0.0031819854027, 1.0292276169e-16],
      [1.0663467875e-09, 0.0010009976898, 0.87856465503, 0.11974233024, 0.00066908699089, 2.292898642e-05, 9.8070867943e-23],
      [0.0017340386184, 0.0047086818587, 0.030949855858, 0.081168999096, 0.81280963946, 0.068628780959, 4.1512846734e-09],
      [0.078727124266, 0.0024941815754, 0.0083629412426, 0.040190267253, 0.049142456796, 0.8204300877, 0.00065294116261],
      [0.2453100566, 0.0047340375212, 0.10785327915, 0.12731404188, 0.09498605371, 0.4116816627, 0.0081208684439]
    ],
    [
      [0.28367029891, 0.02144598623, 0.00012422961635, 0.058326862767, 0.33451868154, 0.30135720921, 0.000556731718],
      [8.0589372791e-05, 0.44557211636, 0.0014928274157, 0.16541850876, 0.35443142537, 0.033004532725, 1.8196446504e-14],
      [4.8802913128e-07, 0.40947601154, 0.059256473743, 0.46582883251, 0.062880240383, 0.002557953796, 3.4528915371e-17],
      [7.62216772e-10, 0.00093082506444, 0.85265190978, 0.14585817477, 0.00053998996935, 1.9099655494e-05, 3.4109270597e-23],
      [0.001454563573, 0.0051288103472, 0.034787281243, 0.11579101045, 0.77565492795, 0.067183404744, 1.6940193651e-09],
      [0.066929435437, 0.0027311727382, 0.009460312224, 0.057661217195, 0.046931010646, 0.81601760121, 0.00026925054675],
      [0.20432198596, 0.005085606892, 0.11987426527, 0.17929114633, 0.088865482155, 0.39932653155, 0.0032349818412]
    ],
    [
      [0.24557069784, 0.025768809129, 9.7693348191e-05, 0.043906253702, 0.37979016804, 0.29897859694, 0.0058877810011],
      [6.4621611883e-05, 0.48626462822, 0.0010759697915, 0.11382276654, 0.36859802003, 0.030173993808, 1.7625918456e-13],
      [4.4560628378e-07, 0.51030259984, 0.048493420689, 0.36380078229, 0.074738751134, 0.0026640004328, 3.8077987416e-16],
      [8.7218780196e-10, 0.0014629008703, 0.85415271815, 0.14355302804, 0.00080640750103, 2.494456981e-05, 4.712698452e-22],
      [0.0011935599239, 0.0057780489349, 0.025664992361, 0.081780256446, 0.82274543084, 0.062837694701, 1.6794239443e-08],
      [0.059614627205, 0.0033666799269, 0.0076247368047, 0.044504646487, 0.054772958806, 0.82720535977, 0.0029109910021],
      [0.18772310623, 0.0064659793179, 0.099327412418, 0.14264340405, 0.10709016422, 0.41953242954, 0.037217504221]
    ],
    [
      [0.25404646889, 0.027907239742, 8.0467345907e-05, 0.042512031993, 0.34325037285, 0.32954910938, 0.0026543097999],
      [6.6881448871e-05, 0.52319658029, 0.00088561154443, 0.11006548113, 0.33255480508, 0.033230640511, 7.9528872982e-14],
      [4.5618844113e-07, 0.54301798313, 0.03946657555, 0.34783711746, 0.06677533016, 0.0029025375068, 1.6995371529e-16],
      [1.0757149534e-09, 0.0018891648654, 0.83151477793, 0.16569418053, 0.00086911782003, 3.2757784107e-05, 2.5342863236e-22],
      [0.0013447432456, 0.0068011194462, 0.022977478011, 0.08607939951, 0.80746642544, 0.075330826101, 8.2483258337e-09],
      [0.057282346702, 0.0033884211126, 0.0058325067309, 0.040024639913, 0.046029641064, 0.8462230782, 0.0012193662732],
      [0.19479116866, 0.007027758735, 0.08194991737, 0.13851991951, 0.097186665076, 0.46384009782, 0.016684472834]
    ],
    [
      [0.19019313948, 0.067499833952, 0.00011416142506, 0.081126714754, 0.39694706744, 0.26348582834, 0.00063325460688],
      [2.6364743496e-05, 0.67255838623, 0.000662322159, 0.11067391541, 0.20209980581, 0.013979205656, 1.0013278946e-14],
      [1.6115729107e-07, 0.62306872765, 0.026418139426, 0.31304377377, 0.036375004062, 0.001094193928, 1.9172389408e-17],
      [5.40852598e-10, 0.0030625725916, 0.78367276906, 0.21257388226, 0.00067320543974, 1.757011553e-05, 4.0667792567e-23],
      [0.00083300663387, 0.013598970998, 0.026976414482, 0.13595476541, 0.77282330287, 0.049813537979, 1.6320153389e-09],
      [0.049533321674, 0.0094312236295, 0.0095394270018, 0.088046013768, 0.061266678748, 0.78184713654, 0.00033619863954],
      [0.14146165725, 0.016475739108, 0.11288495946, 0.25680721275, 0.10885946815, 0.35970003165, 0.0038109316338]
    ],
    [
      [0.23242139631, 0.025444904271, 0.00011767032973, 0.061726484896, 0.32450078946, 0.35514986277, 0.00063889196428],
      [6.1706206979e-05, 0.48129311016, 0.0013151318554, 0.16218404694, 0.31896298566, 0.036183019168, 1.9412986371e-14],
      [3.7008572777e-07, 0.4384461836, 0.051575533452, 0.4509334913, 0.056266522991, 0.0027778985787, 3.6476881483e-17],
      [6.76636354e-10, 0.001192874578, 0.83144676499, 0.16676841941, 0.00056763789234, 2.4302454742e-05, 4.214951023e-23],
      [0.0012103113132, 0.0061392478149, 0.033247072722, 0.12368933566, 0.75567510468, 0.080038925849, 1.96410872e-09],
      [0.048457571842, 0.0028598306763, 0.0078931014524, 0.053784865905, 0.040257737589, 0.84647466528, 0.00027222725618],
      [0.16158424323, 0.005823423058, 0.10885512622, 0.1828322131, 0.083395981927, 0.45391833537, 0.0035906770881]
    ],
    [
      [0.31750749828, 0.043090358658, 9.9886433562e-05, 0.048913533407, 0.30454448632, 0.28521796006, 0.00062627683617],
      [6.5388477373e-05, 0.64504644122, 0.00086350667835, 0.099582025283, 0.23186560569, 0.022577032646, 1.4765879578e-14],
      [4.1711701663e-07, 0.62449517899, 0.035974666091, 0.2941382081, 0.043547306588, 0.0018442231059, 2.9507901629e-17],
      [1.0813108893e-09, 0.0023497932049, 0.84322466126, 0.15378043292, 0.00062223904894, 2.2872491037e-05, 4.8381993085e-23],
      [0.001813869553, 0.011380435614, 0.030933366208, 0.10739749787, 0.77785407623, 0.07062075241, 2.1129034604e-09],
      [0.079040417766, 0.0057809304067, 0.0080112875695, 0.050949420977, 0.045168467484, 0.8107307867, 0.00031868909386],
      [0.241563062, 0.010766188422, 0.10124219986, 0.15836667526, 0.085611326198, 0.39859533575, 0.0038552125052]
    ],
    [
      [0.34833614382, 0.02375819046, 5.9725129993e-05, 0.083570277461, 0.27057671677, 0.26835976407, 0.0053391822883],
      [9.5183553592e-05, 0.47130870496, 0.00068419621285, 0.22584759604, 0.27386091313, 0.028203406111, 1.66472249e-13],
      [5.0415477168e-07, 0.37639607435, 0.023660054693, 0.55542142497, 0.042609248842, 0.0019126929837, 2.7625762126e-16],
      [1.543397204e-09, 0.001684662719, 0.65546399107, 0.34210468408, 0.0007186502779, 2.8010314723e-05, 5.347889852e-22],
      [0.0020529485729, 0.0064856872617, 0.019070850433, 0.18947748291, 0.71432841519, 0.068584597103, 1.8522755822e-08],
      [0.087801814797, 0.0032311054172, 0.004854012143, 0.088226808165, 0.04064687224, 0.77249263456, 0.0027467526764],
      [0.24374494886, 0.0054655778929, 0.055618010261, 0.24934197671, 0.069976024045, 0.34502461052, 0.030828851704]
    ],
    [
      [0.30501317609, 0.029201858455, 8.3899001033e-05, 0.063959595811, 0.29223879684, 0.30891184752, 0.00059082627403],
      [7.7331810427e-05, 0.53279745883, 0.00089753745395, 0.16109657101, 0.27499517587, 0.030135925025, 1.7186757262e-14],
      [4.5506777889e-07, 0.47580155687, 0.034541676578, 0.43980964697, 0.047576009935, 0.0022706545734, 3.1689083865e-17],
      [1.1385666923e-09, 0.0017589229803, 0.77542961947, 0.22212806371, 0.00065620923679, 2.7183469036e-05, 5.0136554311e-23],
      [0.0017377837507, 0.007726735203, 0.025992086082, 0.14054544988, 0.74763695955, 0.076360983548, 1.9919127294e-09],
      [0.070506327046, 0.0036442947622, 0.0062530809414, 0.061915479234, 0.040253059052, 0.81714820256, 0.00027955640603],
      [0.22103661182, 0.0069671248713, 0.081034864933, 0.19762516647, 0.078277321465, 0.41160105569, 0.0034578547438]
    ],
    [
      [0.17018281617, 0.038365761442, 0.00017605185736, 0.10380618665, 0.39877341966, 0.28712349519, 0.001572269022],
      [3.1744159495e-05, 0.51368522806, 0.00137556374, 0.19085827974, 0.2735552721, 0.020493912206, 3.3394866411e-14],
      [1.7298577265e-07, 0.42349610401, 0.049008962988, 0.48223311176, 0.043831883896, 0.001429764366, 5.7013379728e-17],
      [3.2299872027e-10, 0.001163784956, 0.81673093756, 0.18164100356, 0.00045150152282, 1.2772075976e-05, 6.7295102159e-23],
      [0.00070613142876, 0.0073321006607, 0.039479911693, 0.16501645535, 0.73605409977, 0.051411297262, 3.8319772679e-09],
      [0.040607167706, 0.0049110588816, 0.01347478648, 0.10316827473, 0.056338294127, 0.78073639284, 0.00076402523192],
      [0.10993866162, 0.0081517893285, 0.15183865656, 0.28603852631, 0.095061577067, 0.34067146385, 0.0082993252627]
    ],
    [
      [0.23217183867, 0.031211594458, 0.0001364627956, 0.095961220362, 0.33370611511, 0.30526866855, 0.0015441000548],
      [5.093863977e-05, 0.49426256992, 0.0012571050771, 0.20826998315, 0.27046528676, 0.025694116449, 3.8680800989e-14],
      [2.7122253122e-07, 0.3976676744, 0.043767650497, 0.51451952735, 0.042293537042, 0.0017513394813, 6.4523826687e-17],
      [5.4516199657e-10, 0.0011741198014, 0.79011008043, 0.20823052536, 0.00046843540793, 1.6838453232e-05, 8.1985962356e-23],
      [0.0011140490589, 0.0069257100216, 0.035486109609, 0.17696717786, 0.71613418586, 0.063372763231, 4.3639165166e-09],
      [0.053000203076, 0.0038334612134, 0.010022018714, 0.091507075398, 0.045221779453, 0.79569622525, 0.00071923689234],
      [0.15165039409, 0.0067083165203, 0.11904585495, 0.26747607911, 0.080462411914, 0.36642421513, 0.0082327282842]
    ],
    [
      [0.28491495992, 0.052219323323, 9.4953677855e-05, 0.097172462247, 0.33595251063, 0.22899592863, 0.00064986156566],
      [4.708024892e-05, 0.62116517492, 0.00065861614778, 0.1587141843, 0.20487401665, 0.014540927741, 1.2287851782e-14],
      [2.6453253422e-07, 0.52802023629, 0.024145386979, 0.41290595255, 0.033881947157, 0.0010462124938, 2.1627355321e-17],
      [8.8333048753e-10, 0.0025926067693, 0.71858560746, 0.27818122742, 0.00062384351156, 1.6713959886e-05, 4.5649708552e-23],
      [0.0013889488962, 0.01176463437, 0.02506958972, 0.18201467894, 0.73138786866, 0.048374277539, 1.8700052997e-09],
      [0.079918624206, 0.0078870202857, 0.0085727489358, 0.11393800431, 0.056053074027, 0.73325814005, 0.00037238818133],
      [0.20459721719, 0.012328065972, 0.09079974692, 0.29737951706, 0.089111339971, 0.30200564225, 0.0037784706363]
    ],
    [
      [0.27630432295, 0.057657976041, 0.0001000661423, 0.076932662409, 0.33956667949, 0.24785744984, 0.0015808431345],
      [4.3741741508e-05, 0.66384572525, 0.00066813839289, 0.12109329884, 0.1992402631, 0.015108832683, 2.8651600845e-14],
      [2.6179934849e-07, 0.60191106307, 0.026108454319, 0.33572132686, 0.035100929687, 0.0011579642672, 5.3721424015e-17],
      [8.5520797392e-10, 0.0028704238816, 0.7756425471, 0.22083727521, 0.00063165993168, 1.8093029838e-05, 1.1100350546e-22],
      [0.0013729588181, 0.013293990767, 0.027053206226, 0.14749818056, 0.7573009179, 0.053480741092, 4.6383109115e-09],
      [0.074585567993, 0.0083840152088, 0.0087035453582, 0.08687994471, 0.054545049486, 0.76602946587, 0.00087241137181],
      [0.20453585246, 0.014033682937, 0.098919173441, 0.24283064163, 0.092839085268, 0.33725741943, 0.0095841448384]
    ],
    [
      [0.27260063517, 0.035821078801, 0.00010486174429, 0.12519991155, 0.32368279602, 0.24116615762, 0.0014245591069],
      [5.369669595e-05, 0.50257085336, 0.00086580607195, 0.24334696541, 0.23492954028, 0.018233138183, 3.2023466844e-14],
      [2.663082578e-07, 0.37720900375, 0.028038127407, 0.55929338398, 0.034301185812, 0.001158032746, 4.975863207e-17],
      [7.3308693544e-10, 0.0015435488187, 0.68735092798, 0.31056875185, 0.00052151396117, 1.5256659487e-05, 8.6595564498e-23],
      [0.0012972491663, 0.0078664066534, 0.026992744722, 0.22859031999, 0.68559085153, 0.049662423949, 3.9906125787e-09],
      [0.071843512397, 0.005087456541, 0.0088925647609, 0.13789800962, 0.05077557552, 0.72473683074, 0.00076605042299],
      [0.17788361289, 0.007698412291, 0.091202468309, 0.34845475524, 0.078130317203, 0.28904974729, 0.0075806867873]
    ],
    [
      [0.25672525494, 0.040870791291, 5.3180539011e-05, 0.042144794712, 0.35951890898, 0.29951923847, 0.0011678310757],
      [5.4027312277e-05, 0.61005957314, 0.00046701678325, 0.087062978667, 0.27821160475, 0.024144799346, 2.7999597475e-14],
      [3.7361253176e-07, 0.64153330287, 0.021063494309, 0.27857712527, 0.056687451499, 0.0021382524461, 6.0652668165e-17],
      [1.5224021281e-09, 0.0038634413186, 0.76539802007, 0.22942253926, 0.0012743027792, 4.1695044864e-05, 1.5627479741e-22],
      [0.0013262045598, 0.009713945874, 0.014800751481, 0.083209868489, 0.82413042667, 0.066818799381, 3.5456793584e-09],
      [0.06268263097, 0.0053701043342, 0.0041719636116, 0.042946277786, 0.052204651297, 0.83204327659, 0.00058109541251],
      [0.21194653132, 0.011068890289, 0.058191468467, 0.14769975692, 0.10957693107, 0.45367397301, 0.0078424489212]
    ],
    [
      [0.34031433521, 0.034297309165, 7.940090794e-05, 0.037236531263, 0.2881248186, 0.29947769507, 0.00046990978629],
      [8.3650177555e-05, 0.61283815682, 0.00083045627134, 0.091840733353, 0.26589337618, 0.028513627195, 1.3351388977e-14],
      [5.6001905423e-07, 0.62387854199, 0.036352392799, 0.2849474321, 0.052377334606, 0.00244373848, 2.8003265868e-17],
      [1.426776542e-09, 0.0023361090073, 0.85085395027, 0.14604661521, 0.00073356212506, 2.9761958407e-05, 4.5135877483e-23],
      [0.0020667033202, 0.0097766761801, 0.026476841342, 0.088083874597, 0.79414647174, 0.079449431125, 1.7013621683e-09],
      [0.081730314761, 0.0044631653006, 0.0061723401411, 0.037585627751, 0.041408472521, 0.82840796593, 0.00023211359014],
      [0.26634654212, 0.008828942196, 0.082922082826, 0.12408352397, 0.083377855175, 0.43148215156, 0.0029589021483]
    ],
    [
      [0.41756858918, 0.029167993592, 3.5077080589e-05, 0.028319149047, 0.2928874442, 0.23164150533, 0.00038024156463],
      [0.00011574673003, 0.59035248171, 0.00041475299319, 0.078931979578, 0.30524476791, 0.024940271085, 1.2216832649e-14],
      [8.349500683e-07, 0.64927590286, 0.019545909122, 0.26409187501, 0.064781959712, 0.0023035183507, 2.7612223566e-17],
      [3.5761642451e-09, 0.0040763950666, 0.7661055444, 0.22824385503, 0.0015270101363, 4.7191790154e-05, 7.4846513249e-23],
      [0.0026407921965, 0.008670630938, 0.012187705307, 0.069863221067, 0.84247360681, 0.06416404224, 1.43733685e-09],
      [0.12230592391, 0.0046377475001, 0.0033301365758, 0.034927502678, 0.051418871482, 0.78315026076, 0.00022955709958],
      [0.369030236, 0.008466017937, 0.041137729868, 0.10638008971, 0.095575132809, 0.3767125742, 0.0026982194715]
    ],
    [
      [0.24201304234, 0.044619817786, 4.8576472743e-05, 0.046163923366, 0.36229721101, 0.30321769508, 0.0016397339522],
      [4.6972497358e-05, 0.62639506956, 0.00039776920447, 0.089154442417, 0.26137404155, 0.02263170477, 3.6417355196e-14],
      [3.1903303411e-07, 0.64736602381, 0.017636599927, 0.28079053586, 0.052238457789, 0.0019680635818, 7.7494579733e-17],
      [1.4501900014e-09, 0.0043052458928, 0.73715406194, 0.25719256019, 0.0013053502156, 4.2780304846e-05, 2.2295228111e-22],
      [0.0012170554132, 0.010434326222, 0.01328594291, 0.08964407878, 0.81928666836, 0.066131923444, 4.8662995789e-09],
      [0.057974751644, 0.0057555400768, 0.0037473210011, 0.046230289701, 0.051591416173, 0.83389737117, 0.0008033102285],
      [0.19807831401, 0.011974120358, 0.052810695332, 0.16057444628, 0.10924692625, 0.45629394, 0.011021557775]
    ],
    [
      [0.3696217055, 0.022263935941, 6.3864972205e-05, 0.026519714576, 0.26936455713, 0.30873117886, 0.0034350430208],
      [0.00012211877786, 0.53916044936, 0.00089226814107, 0.087386922191, 0.33304898376, 0.039389257771, 1.3012340347e-13],
      [8.7954650579e-07, 0.59185853884, 0.042039708388, 0.29199496599, 0.07047455059, 0.0036313566422, 2.9363693537e-16],
      [1.975003575e-09, 0.0019197659655, 0.8651608579, 0.13201156429, 0.00086882483002, 3.8985046056e-05, 4.1712608946e-22],
      [0.0024550066845, 0.0069122439482, 0.023162947394, 0.068254597284, 0.80990891667, 0.089306274521, 1.349345861e-08],
      [0.087357979472, 0.0028481037412, 0.0048821000069, 0.026327305898, 0.038050686578, 0.83887071913, 0.0016631051718],
      [0.29090040824, 0.0057541338433, 0.066913410171, 0.088751716339, 0.078289440971, 0.4470425619, 0.022348328537]
    ],
    [
      [0.30490046188, 0.028714890743, 5.0431902392e-05, 0.034869691912, 0.33857627165, 0.29146728504, 0.0014209668706],
      [8.0676298777e-05, 0.5449966661, 0.00056238626847, 0.091554533625, 0.33307730835, 0.029728429363, 4.3076072602e-14],
      [5.7945812245e-07, 0.59582724724, 0.026372766568, 0.30462821152, 0.070437416312, 0.0027337788945, 9.6925518475e-17],
      [1.9273894868e-09, 0.002922802426, 0.79128394746, 0.20445890639, 0.001290852431, 4.3489362328e-05, 2.0389218695e-22],
      [0.00167117409, 0.007318408154, 0.015037860214, 0.073779741558, 0.832755736, 0.069437075376, 4.6029138475e-09],
      [0.075736165737, 0.003852971735, 0.0040396304977, 0.036280470415, 0.050190238389, 0.82917838569, 0.0007221375384],
      [0.2537723043, 0.0078442601918, 0.055691305979, 0.12325413265, 0.10405438146, 0.44570941747, 0.0096741979475]
    ],
    [
      [0.24300326758, 0.040299217582, 7.3515492224e-05, 0.045256464247, 0.40514279331, 0.26494576974, 0.0012789720468],
      [4.9158203609e-05, 0.58673026859, 0.00062278550982, 0.09024877448, 0.30179157269, 0.020557440526, 2.9515784641e-14],
      [3.4049059168e-07, 0.61893911209, 0.028166548616, 0.28956158698, 0.061509016943, 0.0018233948728, 6.4046062948e-17],
      [1.0858010131e-09, 0.0028801234237, 0.80975646341, 0.18625379426, 0.0010817964826, 2.7821333514e-05, 1.2916492169e-22],
      [0.0011282502411, 0.0086213950024, 0.018438836724, 0.080487393682, 0.83812516972, 0.053198951138, 3.4942468085e-09],
      [0.064986030855, 0.0057950743025, 0.0063175020091, 0.05051208181, 0.06431991056, 0.80737193533, 0.00069746513239],
      [0.20384774671, 0.011089080039, 0.081934956861, 0.16127530208, 0.12526511595, 0.40784047021, 0.0087473281548]
    ],
    [
      [0.26328820375, 0.030703156349, 8.2215402594e-05, 0.046953782937, 0.36889787175, 0.28513543431, 0.0049393354971],
      [6.2807524163e-05, 0.53460326495, 0.00082687481724, 0.11139503984, 0.32693308589, 0.026178926976, 1.3446269198e-13],
      [4.2314250391e-07, 0.54817022252, 0.036445915434, 0.3484479956, 0.064677502994, 0.002257940308, 2.83849599e-16],
      [1.0376655014e-09, 0.0019464479859, 0.82545309216, 0.17170190704, 0.00087207533574, 2.647644623e-05, 4.4045395331e-22],
      [0.0012988253482, 0.007037614405, 0.022069018224, 0.08938062995, 0.81916447463, 0.061049423104, 1.4341681172e-08],
      [0.065833799159, 0.0041344985896, 0.0066234776701, 0.049109875933, 0.054790086421, 0.8169870875, 0.0025211747316],
      [0.20505210209, 0.0078483570239, 0.085420823176, 0.15562360061, 0.10583238739, 0.40815654713, 0.03206618257]
    ],
    [
      [0.26308225349, 0.033327821197, 9.8440232233e-05, 0.062074257812, 0.35794507403, 0.28290231894, 0.00056983429365],
      [5.9197661892e-05, 0.53913238806, 0.00092970080398, 0.13804672585, 0.29739581334, 0.024436174283, 1.4672693771e-14],
      [3.6761313969e-07, 0.50837234795, 0.037747721738, 0.39759734409, 0.05433901097, 0.0019432076356, 2.8550331064e-17],
      [8.6899800515e-10, 0.0017653671266, 0.80796017785, 0.18954390582, 0.00070856628694, 2.1982046896e-05, 4.2695689474e-23],
      [0.0012961601974, 0.007586538165, 0.026272179313, 0.1174515023, 0.78706836535, 0.060325253019, 1.657068425e-09],
      [0.065489352085, 0.0044684164972, 0.0078866339834, 0.06458173213, 0.052993659397, 0.80429030238, 0.00028990352377],
      [0.19838467018, 0.0082607638285, 0.098965992481, 0.19934361338, 0.099675273341, 0.39190084186, 0.0034688449271]
    ],
    [
      [0.26607991321, 0.033782344702, 7.3724379888e-05, 0.066636280254, 0.42153297737, 0.20805226822, 0.0038424918742],
      [5.6668734716e-05, 0.51251629566, 0.00065595560484, 0.1395208931, 0.3302515684, 0.016998618501, 9.3162732478e-14],
      [3.6171149571e-07, 0.49680529422, 0.0273202339, 0.41243033456, 0.062054353833, 0.0013894217698, 1.8628665093e-16],
      [1.103876359e-09, 0.0022363724035, 0.74269271139, 0.25400540579, 0.001045218724, 2.0290590224e-05, 3.5941175746e-22],
      [0.0011692740254, 0.0068351987715, 0.017478810475, 0.11207205908, 0.82290236115, 0.039542286585, 9.9167128329e-09],
      [0.082783483966, 0.0056564079621, 0.0073724048995, 0.086552264121, 0.077961454254, 0.73723840078, 0.0024355840177],
      [0.21681933945, 0.00903715422, 0.079773158315, 0.23081644177, 0.12678260697, 0.311046455, 0.025724844283]
    ],
    [
      [0.33959349805, 0.022885707589, 3.0531746225e-05, 0.05956389987, 0.32694423849, 0.24398619669, 0.0069959275621],
      [9.6044366e-05, 0.46382042264, 0.000362623264, 0.16667483151, 0.34249352647, 0.02655255175, 2.2554624271e-13],
      [5.9809734664e-07, 0.43869081572, 0.01473643833, 0.48173642535, 0.062718337733, 0.0021173847676, 4.4008017841e-16],
      [2.5923158883e-09, 0.0028060337115, 0.57419285035, 0.42145841019, 0.0014987883256, 4.3914827638e-05, 1.206359619e-21],
      [0.0018569510087, 0.0057992359803, 0.0090438604301, 0.12532316959, 0.80010038613, 0.057876374369, 2.2493349001e-08],
      [0.094100500655, 0.003422779893, 0.0027261738508, 0.069100872665, 0.053984805894, 0.77270936213, 0.0039555049098],
      [0.26781775242, 0.0059290260556, 0.031904126363, 0.19985183487, 0.095202661007, 0.35342550164, 0.045869097649]
    ],
    [
      [0.16173137537, 0.045551480252, 4.9230685485e-05, 0.084528257779, 0.46259640435, 0.24515215134, 0.00039110021917],
      [2.7180512349e-05, 0.55705764933, 0.00034757522243, 0.14065069074, 0.28614168996, 0.015775214236, 7.5253309981e-15],
      [1.6898413638e-07, 0.52614295109, 0.014109099325, 0.4062213166, 0.052270592381, 0.0012558716133, 1.4660130879e-17],
      [7.9929366063e-10, 0.0036105611412, 0.60740990989, 0.38758867851, 0.0013624301936, 2.8419463199e-05, 4.3872452603e-23],
      [0.00063544287494, 0.0082518764307, 0.010457524598, 0.12743395839, 0.81162971139, 0.041591485403, 9.0723552974e-10],
      [0.044576898698, 0.0067169407396, 0.0043463174164, 0.09690224735, 0.075200592782, 0.77203685639, 0.00022014662309],
      [0.13202745668, 0.012187462313, 0.053406452786, 0.29374427479, 0.13868145098, 0.36739723969, 0.0025556627618]
    ],
    [
      [0.39051659581, 0.020837566365, 5.5373999682e-05, 0.040099566845, 0.26346354928, 0.28368197724, 0.0013453704616],
      [0.00013025079341, 0.50320913111, 0.00077846880853, 0.13282054616, 0.3265829308, 0.03647867233, 5.1436123684e-14],
      [8.4980991452e-07, 0.4992654462, 0.03318343289, 0.40184652803, 0.062656539104, 0.00304720397, 1.0513871527e-16],
      [2.2289428678e-09, 0.0019181830484, 0.78480739024, 0.21232988763, 0.00090630084477, 3.8236008263e-05, 1.7437531774e-22],
      [0.0025933304418, 0.0064296362207, 0.019999676615, 0.10275708582, 0.78632134747, 0.081898918155, 5.2824332008e-09],
      [0.097783844559, 0.0028227328549, 0.0044763657466, 0.042114214873, 0.039414873152, 0.81269861386, 0.00068935494976],
      [0.30716340069, 0.0053911611301, 0.057895045989, 0.13421062056, 0.07662724675, 0.41007369987, 0.0086388250053]
    ],
    [
      [0.24096116657, 0.075290192387, 0.00010474346281, 0.10448696723, 0.33976243756, 0.23810727047, 0.001287222317],
      [3.0604083957e-05, 0.6983171681, 0.00055687591166, 0.13094513316, 0.15855504087, 0.011595177877, 1.8652348129e-14],
      [1.7546406152e-07, 0.60408954595, 0.020819384041, 0.34747151241, 0.026768005738, 0.00085137640339, 3.3497477083e-17],
      [6.7955923673e-10, 0.0033841221272, 0.72494965617, 0.27107900205, 0.00057144465651, 1.5774322645e-05, 8.2020043314e-23],
      [0.0011413540853, 0.016411351454, 0.026800776373, 0.18963971507, 0.71723909377, 0.048767705659, 3.5882186079e-09],
      [0.065667539928, 0.01101614079, 0.0091777637553, 0.11887157864, 0.054948371838, 0.73960328077, 0.00071532427796],
      [0.1692693826, 0.017361113524, 0.098074709078, 0.31281381498, 0.088041045132, 0.30707628692, 0.0073636477637]
    ],
    [
      [0.43460819791, 0.011647109231, 4.7793477508e-05, 0.037488982175, 0.24124165012, 0.27439013485, 0.00057613223348],
      [0.00019582915677, 0.37820334221, 0.00090867213356, 0.16792522918, 0.40503826351, 0.047728663805, 2.9838308001e-14],
      [1.2721392159e-06, 0.37372531527, 0.038593985928, 0.50641026206, 0.07729999422, 0.0039691703888, 6.0732441126e-17],
      [2.8287129552e-09, 0.0012257852242, 0.77098558988, 0.22679827598, 0.00094812166153, 4.2224421028e-05, 8.5380699301e-23],
      [0.0031353096587, 0.0039132717676, 0.018777544401, 0.10453040905, 0.78348059342, 0.086162869232, 2.464235394e-09],
      [0.11138469078, 0.0016184216733, 0.0039591933078, 0.040352350634, 0.036997965236, 0.80538472406, 0.00030265431407],
      [0.34495360465, 0.0030443192167, 0.050410212718, 0.12666186917, 0.070853137221, 0.40037542576, 0.0037014312697]
    ],
    [
      [0.22503691522, 0.05084580216, 6.2176169336e-05, 0.044859897803, 0.32686396344, 0.34390396875, 0.0084272764594],
      [4.0685395593e-05, 0.67521329855, 0.00047565568208, 0.081010616943, 0.2193578227, 0.023901920735, 1.7329959832e-13],
      [2.7078174215e-07, 0.68435373582, 0.02067600331, 0.24997558983, 0.042957603083, 0.0020367971684, 3.6135249463e-16],
      [1.1117439427e-09, 0.0040595669643, 0.78888119556, 0.20604810136, 0.00097114396981, 3.9991036654e-05, 9.3895189057e-22],
      [0.0012131631656, 0.012732717283, 0.018255100785, 0.093403911246, 0.7939935009, 0.080401579977, 2.66441187e-08],
      [0.048777677592, 0.0059304720139, 0.0043377280442, 0.040631575389, 0.042086247311, 0.85451389175, 0.0037224079017],
      [0.16798353125, 0.012457404893, 0.061803422866, 0.14240350738, 0.089908719083, 0.47205517365, 0.053388240883]
    ],
    [
      [0.15810129239, 0.05440708073, 7.5948824781e-05, 0.08094672927, 0.47810225308, 0.22792852243, 0.00043817327574],
      [2.3932990562e-05, 0.60025251622, 0.00048156217664, 0.12098201087, 0.26506107619, 0.013198901551, 7.5754732542e-15],
      [1.510323166e-07, 0.57561789972, 0.019846523771, 0.35431267367, 0.049155978301, 0.0010667735085, 1.4978840605e-17],
      [5.9367326124e-10, 0.0032660393514, 0.71533200211, 0.28031630398, 0.0010655897743, 2.0064183487e-05, 3.7255607225e-23],
      [0.00060734147594, 0.0095942900656, 0.015732492363, 0.11887723813, 0.81742257177, 0.037766065207, 9.9130290941e-10],
      [0.046125311263, 0.0084922989847, 0.0070993263244, 0.098239156105, 0.082223460558, 0.75755978848, 0.00026065828434],
      [0.12967645141, 0.014637501213, 0.083062482676, 0.28272515362, 0.14399476636, 0.34301455616, 0.0028890885545]
    ],
    [
      [0.21909294914, 0.061678049962, 0.00018242198913, 0.067538972819, 0.42932920209, 0.22169082341, 0.00048758058767],
      [3.1671372034e-05, 0.66092002816, 0.0011118048526, 0.097018965156, 0.22860731873, 0.012310211732, 8.081600704e-15],
      [1.9867349059e-07, 0.62910362811, 0.045633583331, 0.28214048235, 0.042133237239, 0.00098887029732, 1.5883398953e-17],
      [4.1719883956e-10, 0.0018851891629, 0.87843110323, 0.11918648722, 0.00048728724008, 9.932726197e-06, 2.1101248711e-23],
      [0.0009087181296, 0.011810069052, 0.041081621044, 0.10771504278, 0.79864920549, 0.039835342313, 1.1957106792e-09],
      [0.064769232885, 0.0097778030797, 0.017336182536, 0.083311699052, 0.075022096596, 0.74948832648, 0.00029465937115],
      [0.16336744047, 0.015104624346, 0.18241324408, 0.21486327889, 0.11769807527, 0.30362541046, 0.002927926483]
    ],
    [
      [0.36610271417, 0.014235736955, 7.2333219256e-05, 0.031416990034, 0.30792920386, 0.27408103223, 0.006161989528],
      [0.00014158467134, 0.39930503099, 0.0011678169307, 0.11945966301, 0.4392363185, 0.040689585899, 2.7133627103e-13],
      [1.0305990265e-06, 0.44345533906, 0.055552016732, 0.40321977881, 0.093979241883, 0.003792592919, 6.1881035077e-16],
      [1.7523356554e-09, 0.0010871232076, 0.86009042452, 0.13790997579, 0.00088162014597, 3.0854583948e-05, 6.6555863326e-22],
      [0.0022049662362, 0.003952927973, 0.023527869769, 0.072453384777, 0.82642139604, 0.071439433402, 2.1801443342e-08],
      [0.095190797169, 0.0019975399265, 0.0060560864684, 0.034170939622, 0.047691281361, 0.81162773936, 0.0032656160912],
      [0.28873650971, 0.0036879796597, 0.075857485076, 0.10526049496, 0.089696685822, 0.39673234901, 0.04002849575]
    ],
    [
      [0.4053730187, 0.023765197844, 7.6340188405e-05, 0.026581849912, 0.26564686185, 0.26356849909, 0.014988232406],
      [0.00012713628319, 0.57458427791, 0.0010061298565, 0.082667811808, 0.30974321801, 0.031871426136, 5.3624960714e-13],
      [8.9312266268e-07, 0.61760397812, 0.046254398754, 0.26941473764, 0.063859236754, 0.0028667556092, 1.180309743e-15],
      [1.8148741475e-09, 0.0017017779165, 0.8876827282, 0.10987445677, 0.00071318135351, 2.7853945077e-05, 1.5186093925e-21],
      [0.0027511698201, 0.007480017565, 0.02817969629, 0.069532106387, 0.81428799427, 0.077768955802, 5.9863366206e-08],
      [0.10778909458, 0.003410049506, 0.00655893488, 0.029664331618, 0.042115324386, 0.8023242745, 0.0081379905318],
      [0.30337602036, 0.0058307068487, 0.076323940062, 0.084605695509, 0.073338911461, 0.36249422553, 0.094030500224]
    ],
    [
      [0.35404066423, 0.022424574858, 8.6371296609e-05, 0.037040850832, 0.35588289758, 0.23002166355, 0.00050297764317],
      [0.00010372002005, 0.47515451613, 0.0010741548498, 0.10835430558, 0.38923841974, 0.026074883673, 1.6988402198e-14],
      [7.3311502793e-07, 0.511970159, 0.049657868433, 0.35517838907, 0.080833881613, 0.0023589687739, 3.7618770684e-17],
      [1.4286048384e-09, 0.0014709296732, 0.85779327295, 0.13984513254, 0.00086867226964, 2.1991138617e-05, 4.6331221031e-23],
      [0.0018504830726, 0.0054739580858, 0.024686792571, 0.075091315141, 0.84042801356, 0.05246943601, 1.5633373098e-09],
      [0.10393743758, 0.0035642339097, 0.0081922228311, 0.045641214465, 0.062395488875, 0.7759662852, 0.00030311714629],
      [0.29696191915, 0.0061879078977, 0.09632186278, 0.13221373822, 0.1102080703, 0.35469978669, 0.0034067149536]
    ],
    [
      [0.38133328264, 0.029814091869, 5.2340764501e-05, 0.031725340512, 0.32141699523, 0.23413742147, 0.0015205275074],
      [9.4455638064e-05, 0.60044728559, 0.00054766630085, 0.078414742517, 0.2980381094, 0.022457740558, 4.3335159202e-14],
      [6.6847525857e-07, 0.65294058401, 0.025340824128, 0.25786317898, 0.061819654512, 0.0020350898982, 9.6099174153e-17],
      [2.2143859516e-09, 0.0027696712198, 0.82440927126, 0.17166796548, 0.001120871664, 3.2218159707e-05, 2.018496344e-22],
      [0.0021936492322, 0.0079987913504, 0.016469244242, 0.070801084985, 0.84372223056, 0.058814994439, 5.1919968066e-09],
      [0.1109809665, 0.0046717286333, 0.0049312596331, 0.038832051574, 0.055675591366, 0.78400029496, 0.00090810733422],
      [0.32949776396, 0.0084127509209, 0.060430670347, 0.1167291978, 0.10210487494, 0.37202528477, 0.010799457259]
    ],
    [
      [0.4736009728, 0.023900320062, 3.4611039176e-05, 0.035637966546, 0.23230938869, 0.23347674272, 0.0010399981374],
      [0.00015171990809, 0.58306494086, 0.00046403835262, 0.1126745924, 0.27487505911, 0.028769649365, 3.8113779211e-14],
      [9.9578489284e-07, 0.58166491924, 0.019868225709, 0.34303993257, 0.053007743775, 0.0024181829201, 7.8372016628e-17],
      [3.9620365983e-09, 0.0031932170408, 0.72044101656, 0.27515679811, 0.001162922807, 4.6041512288e-05, 1.9728127933e-22],
      [0.0036009998662, 0.0083790453213, 0.014224591699, 0.10399646038, 0.79280478842, 0.076994109646, 4.6665398798e-09],
      [0.13714311007, 0.0037335390058, 0.0032332882899, 0.043265859805, 0.040120271838, 0.77188835903, 0.00061557196369],
      [0.39400610656, 0.0065230091222, 0.038197695545, 0.12614300986, 0.071372110823, 0.35671835431, 0.0070397137858]
    ],
    [
      [0.42766688241, 0.042886516322, 4.7912556765e-05, 0.039260817825, 0.22774739281, 0.2610775363, 0.0013129417716],
