{
  "Z_true": {},
  "V_true": [
    [30, 56, 1152, 201],
    [1994, 2731, 399, 215],
    [1886, 9138, 378, 447],
    [433, 432, 12311, 648],
    [249, 823, 437, 533]
  ],
  "p_true": [
    [0.0208, 0.0389, 0.8006, 0.1397],
    [0.3735, 0.5115, 0.0747, 0.0403],
    [0.1592, 0.7712, 0.0319, 0.0377],
    [0.0313, 0.0312, 0.8906, 0.0469],
    [0.1219, 0.403, 0.214, 0.261]
  ],
  "Z_est": [
    [
      [15.6004, 11.2468, 7.4374, 5.8048, 12.1538, 0.1814, 1.814, 1.4512, 0.1814, 0.3628, 0.7256, 7.9816, 6.1676, 5.442, 2.1768, 5.8048, 3.4466, 16.6888, 2.721, 9.4328, 1.814, 1.814, 2.721, 2.5396, 3.8094, 9.4328, 7.4374, 4.535, 3.0838, 6.1676, 5.2606, 3.628, 5.442, 5.6234, 1.0884, 0.907, 2.5396, 3.0838, 10.3398, 0.1814, 21.9494, 3.2652, 29.7496, 7.8002],
      [19.1522, 13.8074, 9.1307, 7.1264, 14.9209, 0.2227, 2.227, 1.7816, 0.2227, 0.4454, 0.8908, 9.7988, 7.5718, 6.681, 2.6724, 7.1264, 4.2313, 20.4884, 3.3405, 11.5804, 2.227, 2.227, 3.3405, 3.1178, 4.6767, 11.5804, 9.1307, 5.5675, 3.7859, 7.5718, 6.4583, 4.454, 6.681, 6.9037, 1.3362, 1.1135, 3.1178, 3.7859, 12.6939, 0.2227, 26.9467, 4.0086, 36.5228, 9.5761],
      [33.7378, 24.3226, 16.0843, 12.5536, 26.2841, 0.3923, 3.923, 3.1384, 0.3923, 0.7846, 1.5692, 17.2612, 13.3382, 11.769, 4.7076, 12.5536, 7.4537, 36.0916, 5.8845, 20.3996, 3.923, 3.923, 5.8845, 5.4922, 8.2383, 20.3996, 16.0843, 9.8075, 6.6691, 13.3382, 11.3767, 7.846, 11.769, 12.1613, 2.3538, 1.9615, 5.4922, 6.6691, 22.3611, 0.3923, 47.4683, 7.0614, 64.3372, 16.8689],
      [17.5096, 12.6232, 8.3476, 6.5152, 13.6412, 0.2036, 2.036, 1.6288, 0.2036, 0.4072, 0.8144, 8.9584, 6.9224, 6.108, 2.4432, 6.5152, 3.8684, 18.7312, 3.054, 10.5872, 2.036, 2.036, 3.054, 2.8504, 4.2756, 10.5872, 8.3476, 5.09, 3.4612, 6.9224, 5.9044, 4.072, 6.108, 6.3116, 1.2216, 1.018, 2.8504, 3.4612, 11.6052, 0.2036, 24.6356, 3.6648, 33.3904, 8.7548]
    ],
    [
      [169.11, 48.4782, 90.7557, 39.459, 121.7592, 7.8918, 20.2932, 11.8377, 4.5096, 3.9459, 18.0384, 179.2566, 126.8325, 50.733, 35.5131, 117.8133, 33.822, 79.4817, 11.8377, 50.1693, 48.4782, 2.8185, 33.822, 41.7138, 15.2199, 105.4119, 54.1152, 25.9302, 29.3124, 22.548, 93.5742, 43.4049, 70.4625, 128.5236, 36.0768, 29.3124, 25.9302, 46.7871, 114.4311, 3.9459, 258.7383, 41.1501, 372.042, 144.3072],
      [76.83, 22.0246, 41.2321, 17.927, 55.3176, 3.5854, 9.2196, 5.3781, 2.0488, 1.7927, 8.1952, 81.4398, 57.6225, 23.049, 16.1343, 53.5249, 15.366, 36.1101, 5.3781, 22.7929, 22.0246, 1.2805, 15.366, 18.9514, 6.9147, 47.8907, 24.5856, 11.7806, 13.3172, 10.244, 42.5126, 19.7197, 32.0125, 58.3908, 16.3904, 13.3172, 11.7806, 21.2563, 51.9883, 1.7927, 117.5499, 18.6953, 169.026, 65.5616],
      [26.37, 7.5594, 14.1519, 6.153, 18.9864, 1.2306, 3.1644, 1.8459, 0.7032, 0.6153, 2.8128, 27.9522, 19.7775, 7.911, 5.5377, 18.3711, 5.274, 12.3939, 1.8459, 7.8231, 7.5594, 0.4395, 5.274, 6.5046, 2.3733, 16.4373, 8.4384, 4.0434, 4.5708, 3.516, 14.5914, 6.7683, 10.9875, 20.0412, 5.6256, 4.5708, 4.0434, 7.2957, 17.8437, 0.6153, 40.3461, 6.4167, 58.014, 22.5024],
      [27.66, 7.9292, 14.8442, 6.454, 19.9152, 1.2908, 3.3192, 1.9362, 0.7376, 0.6454, 2.9504, 29.3196, 20.745, 8.298, 5.8086, 19.2698, 5.532, 13.0002, 1.9362, 8.2058, 7.9292, 0.461, 5.532, 6.8228, 2.4894, 17.2414, 8.8512, 4.2412, 4.7944, 3.688, 15.3052, 7.0994, 11.525, 21.0216, 5.9008, 4.7944, 4.2412, 7.6526, 18.7166, 0.6454, 42.3198, 6.7306, 60.852, 23.6032]
    ],
    [
      [26.2456, 13.3136, 18.444, 11.1088, 21.624, 2.0776, 4.0704, 2.0776, 0.1696, 0.2968, 2.1624, 22.9384, 24.6768, 13.8648, 6.8688, 17.0448, 7.208, 15.1368, 4.9184, 7.1232, 6.9536, 0.9328, 6.6144, 5.8512, 2.2048, 17.8504, 8.0136, 4.9608, 5.2152, 3.4768, 12.084, 7.2504, 8.0984, 14.5432, 4.24, 3.604, 4.7064, 5.3848, 22.8112, 2.2896, 41.8064, 8.268, 64.66, 19.2072],
      [560.9378, 284.5468, 394.197, 237.4244, 462.162, 44.4038, 86.9952, 44.4038, 3.6248, 6.3434, 46.2162, 490.2542, 527.4084, 296.3274, 146.8044, 364.2924, 154.054, 323.5134, 105.1192, 152.2416, 148.6168, 19.9364, 141.3672, 125.0556, 47.1224, 381.5102, 171.2718, 106.0254, 111.4626, 74.3084, 258.267, 154.9602, 173.0842, 310.8266, 90.62, 77.027, 100.5882, 115.0874, 487.5356, 48.9348, 893.5132, 176.709, 1381.955, 410.5086],
      [14.856, 7.536, 10.44, 6.288, 12.24, 1.176, 2.304, 1.176, 0.096, 0.168, 1.224, 12.984, 13.968, 7.848, 3.888, 9.648, 4.08, 8.568, 2.784, 4.032, 3.936, 0.528, 3.744, 3.312, 1.248, 10.104, 4.536, 2.808, 2.952, 1.968, 6.84, 4.104, 4.584, 8.232, 2.4, 2.04, 2.664, 3.048, 12.912, 1.296, 23.664, 4.68, 36.6, 10.872],
      [16.9606, 8.6036, 11.919, 7.1788, 13.974, 1.3426, 2.6304, 1.3426, 0.1096, 0.1918, 1.3974, 14.8234, 15.9468, 8.9598, 4.4388, 11.0148, 4.658, 9.7818, 3.1784, 4.6032, 4.4936, 0.6028, 4.2744, 3.7812, 1.4248, 11.5354, 5.1786, 3.2058, 3.3702, 2.2468, 7.809, 4.6854, 5.2334, 9.3982, 2.74, 2.329, 3.0414, 3.4798, 14.7412, 1.4796, 27.0164, 5.343, 41.785, 12.4122]
    ],
    [
      [19.075, 11.4886, 7.4556, 6.4964, 13.0582, 1.2644, 2.7686, 1.2208, 0.2398, 0.3052, 1.1118, 9.701, 5.9732, 4.251, 1.5478, 8.72, 3.0956, 18.748, 2.9866, 9.3304, 2.507, 1.1118, 1.7876, 2.8994, 3.9458, 12.4914, 6.9542, 6.213, 2.8776, 4.033, 5.4936, 3.3572, 3.8586, 5.6462, 2.5942, 1.8312, 2.7904, 3.8586, 12.1208, 1.0028, 28.9722, 5.3846, 37.6704, 13.1236],
      [15.225, 9.1698, 5.9508, 5.1852, 10.4226, 1.0092, 2.2098, 0.9744, 0.1914, 0.2436, 0.8874, 7.743, 4.7676, 3.393, 1.2354, 6.96, 2.4708, 14.964, 2.3838, 7.4472, 2.001, 0.8874, 1.4268, 2.3142, 3.1494, 9.9702, 5.5506, 4.959, 2.2968, 3.219, 4.3848, 2.6796, 3.0798, 4.5066, 2.0706, 1.4616, 2.2272, 3.0798, 9.6744, 0.8004, 23.1246, 4.2978, 30.0672, 10.4748],
      [821.0125, 494.4841, 320.8986, 279.6134, 562.0417, 54.4214, 119.1641, 52.5448, 10.3213, 13.1362, 47.8533, 417.5435, 257.0942, 182.9685, 66.6193, 375.32, 133.2386, 806.938, 128.5471, 401.5924, 107.9045, 47.8533, 76.9406, 124.7939, 169.8323, 537.6459, 299.3177, 267.4155, 123.8556, 173.5855, 236.4516, 144.4982, 166.0791, 243.0197, 111.6577, 78.8172, 120.1024, 166.0791, 521.6948, 43.1618, 1247.0007, 231.7601, 1621.3824, 564.8566],
      [19.6875, 11.8575, 7.695, 6.705, 13.4775, 1.305, 2.8575, 1.26, 0.2475, 0.315, 1.1475, 10.0125, 6.165, 4.3875, 1.5975, 9, 3.195, 19.35, 3.0825, 9.63, 2.5875, 1.1475, 1.845, 2.9925, 4.0725, 12.8925, 7.1775, 6.4125, 2.97, 4.1625, 5.67, 3.465, 3.9825, 5.8275, 2.6775, 1.89, 2.88, 3.9825, 12.51, 1.035, 29.9025, 5.5575, 38.88, 13.545]
    ],
    [
      [27.2526, 13.1121, 18.5112, 10.0269, 22.6248, 0.7713, 1.2855, 4.6278, 0.5142, 0.5142, 4.6278, 21.3393, 21.5964, 14.3976, 4.6278, 16.4544, 6.4275, 13.6263, 5.9133, 7.4559, 6.1704, 1.0284, 3.3423, 5.6562, 2.3139, 14.9118, 8.7414, 4.8849, 7.713, 3.8565, 13.1121, 13.3692, 13.6263, 28.5381, 5.3991, 5.142, 7.713, 4.6278, 16.7115, 7.1988, 42.9357, 13.3692, 68.1315, 10.7982],
      [26.0124, 12.5154, 17.6688, 9.5706, 21.5952, 0.7362, 1.227, 4.4172, 0.4908, 0.4908, 4.4172, 20.3682, 20.6136, 13.7424, 4.4172, 15.7056, 6.135, 13.0062, 5.6442, 7.1166, 5.8896, 0.9816, 3.1902, 5.3988, 2.2086, 14.2332, 8.3436, 4.6626, 7.362, 3.681, 12.5154, 12.7608, 13.0062, 27.2394, 5.1534, 4.908, 7.362, 4.4172, 15.951, 6.8712, 40.9818, 12.7608, 65.031, 10.3068],
      [19.5252, 9.3942, 13.2624, 7.1838, 16.2096, 0.5526, 0.921, 3.3156, 0.3684, 0.3684, 3.3156, 15.2886, 15.4728, 10.3152, 3.3156, 11.7888, 4.605, 9.7626, 4.2366, 5.3418, 4.4208, 0.7368, 2.3946, 4.0524, 1.6578, 10.6836, 6.2628, 3.4998, 5.526, 2.763, 9.3942, 9.5784, 9.7626, 20.4462, 3.8682, 3.684, 5.526, 3.3156, 11.973, 5.1576, 30.7614, 9.5784, 48.813, 7.7364],
      [33.2098, 15.9783, 22.5576, 12.2187, 27.5704, 0.9399, 1.5665, 5.6394, 0.6266, 0.6266, 5.6394, 26.0039, 26.3172, 17.5448, 5.6394, 20.0512, 7.8325, 16.6049, 7.2059, 9.0857, 7.5192, 1.2532, 4.0729, 6.8926, 2.8197, 18.1714, 10.6522, 5.9527, 9.399, 4.6995, 15.9783, 16.2916, 16.6049, 34.7763, 6.5793, 6.266, 9.399, 5.6394, 20.3645, 8.7724, 52.3211, 16.2916, 83.0245, 13.1586]
    ]
  ],
  "V_est": [
    [261.0346, 320.4653, 564.5197, 292.9804],
    [3009.5943, 1367.3179, 469.2981, 492.2558],
    [502.3976, 10737.5638, 284.376, 324.6626],
    [301.3632, 240.5376, 12971.0592, 311.04],
    [524.9982, 501.1068, 376.1364, 639.7586]
  ],
  "p_est": [
    [0.1814, 0.2227, 0.3923, 0.2036],
    [0.5637, 0.2561, 0.0879, 0.0922],
    [0.0424, 0.9062, 0.024, 0.0274],
    [0.0218, 0.0174, 0.9383, 0.0225],
    [0.2571, 0.2454, 0.1842, 0.3133]
  ],
  "EI_Z": {},
  "EI_V": 13.3165,
  "MAE_Z": {},
  "MAE_V": 459.3275,
  "MAE_p": 0.1034,
  "runtime": 84.659
}
