{
  "Z_true": {},
  "V_true": [
    [970, 1294, 823, 63],
    [372, 10421, 745, 577],
    [316, 389, 13323, 463],
    [71, 756, 355, 537],
    [98, 308, 943, 525]
  ],
  "p_true": [
    [0.3079, 0.4108, 0.2613, 0.02],
    [0.0307, 0.8602, 0.0615, 0.0476],
    [0.0218, 0.0268, 0.9194, 0.032],
    [0.0413, 0.4398, 0.2065, 0.3124],
    [0.0523, 0.1644, 0.5032, 0.2801]
  ],
  "Z_est": [
    [
      [0.5834, 25.9613, 13.1265, 18.0854, 18.6688, 28.8783, 18.3771, 2.917, 0.2917, 1.4585, 1.4585, 1.4585, 22.7526, 0.2917, 0.5834, 2.917, 0, 27.4198, 19.2522, 3.2087, 37.0459, 17.502, 44.0467, 43.755, 43.4633, 7.5842, 35.5874, 35.5874, 12.2514, 25.0862, 11.3763, 3.5004, 12.5431, 8.751, 6.4174, 17.7937, 7.2925, 32.3787, 54.2562, 28.0032, 2.6253, 70.8831, 2.3336, 12.8348, 18.3771, 97.7195, 22.1692],
      [0.4718, 20.9951, 10.6155, 14.6258, 15.0976, 23.3541, 14.8617, 2.359, 0.2359, 1.1795, 1.1795, 1.1795, 18.4002, 0.2359, 0.4718, 2.359, 0, 22.1746, 15.5694, 2.5949, 29.9593, 14.154, 35.6209, 35.385, 35.1491, 6.1334, 28.7798, 28.7798, 9.9078, 20.2874, 9.2001, 2.8308, 10.1437, 7.077, 5.1898, 14.3899, 5.8975, 26.1849, 43.8774, 22.6464, 2.1231, 57.3237, 1.8872, 10.3796, 14.8617, 79.0265, 17.9284],
      [0.7754, 34.5053, 17.4465, 24.0374, 24.8128, 38.3823, 24.4251, 3.877, 0.3877, 1.9385, 1.9385, 1.9385, 30.2406, 0.3877, 0.7754, 3.877, 0, 36.4438, 25.5882, 4.2647, 49.2379, 23.262, 58.5427, 58.155, 57.7673, 10.0802, 47.2994, 47.2994, 16.2834, 33.3422, 15.1203, 4.6524, 16.6711, 11.631, 8.5294, 23.6497, 9.6925, 43.0347, 72.1122, 37.2192, 3.4893, 94.2111, 3.1016, 17.0588, 24.4251, 129.8795, 29.4652],
      [0.1696, 7.5472, 3.816, 5.2576, 5.4272, 8.3952, 5.3424, 0.848, 0.0848, 0.424, 0.424, 0.424, 6.6144, 0.0848, 0.1696, 0.848, 0, 7.9712, 5.5968, 0.9328, 10.7696, 5.088, 12.8048, 12.72, 12.6352, 2.2048, 10.3456, 10.3456, 3.5616, 7.2928, 3.3072, 1.0176, 3.6464, 2.544, 1.8656, 5.1728, 2.12, 9.4128, 15.7728, 8.1408, 0.7632, 20.6064, 0.6784, 3.7312, 5.3424, 28.408, 6.4448]
    ],
    [
      [0.0924, 2.2176, 1.5972, 0.9768, 2.6268, 2.0064, 1.4916, 0.2244, 0.1056, 0.726, 0.6336, 0.33, 1.7556, 0.066, 0.0792, 0.1188, 0.066, 9.5436, 6.4152, 1.4256, 8.7252, 5.016, 4.9368, 2.838, 5.28, 1.1616, 5.5704, 6.6264, 5.8608, 5.61, 3.6564, 2.8512, 3.3528, 3.6036, 4.6068, 2.442, 4.7652, 4.2768, 5.94, 2.376, 0.2244, 16.1172, 0.2508, 1.3464, 3.5244, 15.708, 0.7524],
      [6.4617, 155.0808, 111.6951, 68.3094, 183.6969, 140.3112, 104.3103, 15.6927, 7.3848, 50.7705, 44.3088, 23.0775, 122.7723, 4.6155, 5.5386, 8.3079, 4.6155, 667.4013, 448.6266, 99.6948, 610.1691, 350.778, 345.2394, 198.4665, 369.24, 81.2328, 389.5482, 463.3962, 409.8564, 392.3175, 255.6987, 199.3896, 234.4674, 252.0063, 322.1619, 170.7735, 333.2391, 299.0844, 415.395, 166.158, 15.6927, 1127.1051, 17.5389, 94.1562, 246.4677, 1098.489, 52.6167],
      [0.231, 5.544, 3.993, 2.442, 6.567, 5.016, 3.729, 0.561, 0.264, 1.815, 1.584, 0.825, 4.389, 0.165, 0.198, 0.297, 0.165, 23.859, 16.038, 3.564, 21.813, 12.54, 12.342, 7.095, 13.2, 2.904, 13.926, 16.566, 14.652, 14.025, 9.141, 7.128, 8.382, 9.009, 11.517, 6.105, 11.913, 10.692, 14.85, 5.94, 0.561, 40.293, 0.627, 3.366, 8.811, 39.27, 1.881],
      [0.2149, 5.1576, 3.7147, 2.2718, 6.1093, 4.6664, 3.4691, 0.5219, 0.2456, 1.6885, 1.4736, 0.7675, 4.0831, 0.1535, 0.1842, 0.2763, 0.1535, 22.1961, 14.9202, 3.3156, 20.2927, 11.666, 11.4818, 6.6005, 12.28, 2.7016, 12.9554, 15.4114, 13.6308, 13.0475, 8.5039, 6.6312, 7.7978, 8.3811, 10.7143, 5.6795, 11.0827, 9.9468, 13.815, 5.526, 0.5219, 37.4847, 0.5833, 3.1314, 8.1969, 36.533, 1.7499]
    ],
    [
      [0.2314, 7.921, 5.073, 2.9904, 8.2592, 8.5262, 6.5504, 1.335, 0.0534, 0.3204, 0.3026, 0.3204, 8.01, 0.0712, 0.267, 0.6052, 0.0534, 9.078, 8.2592, 1.6554, 11.125, 5.785, 9.6654, 14.8808, 8.3304, 1.78, 7.1734, 7.743, 2.6166, 5.8028, 3.738, 0.445, 3.2752, 1.6732, 2.1004, 5.0196, 1.6732, 10.2884, 18.5298, 7.3336, 0.9256, 21.1998, 0.7476, 5.0018, 5.2688, 22.7662, 3.1684],
      [0.286, 9.79, 6.27, 3.696, 10.208, 10.538, 8.096, 1.65, 0.066, 0.396, 0.374, 0.396, 9.9, 0.088, 0.33, 0.748, 0.066, 11.22, 10.208, 2.046, 13.75, 7.15, 11.946, 18.392, 10.296, 2.2, 8.866, 9.57, 3.234, 7.172, 4.62, 0.55, 4.048, 2.068, 2.596, 6.204, 2.068, 12.716, 22.902, 9.064, 1.144, 26.202, 0.924, 6.182, 6.512, 28.138, 3.916],
      [12.2863, 420.5695, 269.3535, 158.7768, 438.5264, 452.7029, 347.7968, 70.8825, 2.8353, 17.0118, 16.0667, 17.0118, 425.295, 3.7804, 14.1765, 32.1334, 2.8353, 482.001, 438.5264, 87.8943, 590.6875, 307.1575, 513.1893, 790.1036, 442.3068, 94.51, 380.8753, 411.1185, 138.9297, 308.1026, 198.471, 23.6275, 173.8984, 88.8394, 111.5218, 266.5182, 88.8394, 546.2678, 983.8491, 389.3812, 49.1452, 1125.6141, 39.6942, 265.5731, 279.7496, 1208.7829, 168.2278],
      [0.1963, 6.7195, 4.3035, 2.5368, 7.0064, 7.2329, 5.5568, 1.1325, 0.0453, 0.2718, 0.2567, 0.2718, 6.795, 0.0604, 0.2265, 0.5134, 0.0453, 7.701, 7.0064, 1.4043, 9.4375, 4.9075, 8.1993, 12.6236, 7.0668, 1.51, 6.0853, 6.5685, 2.2197, 4.9226, 3.171, 0.3775, 2.7784, 1.4194, 1.7818, 4.2582, 1.4194, 8.7278, 15.7191, 6.2212, 0.7852, 17.9841, 0.6342, 4.2431, 4.4696, 19.3129, 2.6878]
    ],
    [
      [0.6455, 5.164, 2.8402, 1.5492, 7.746, 3.4857, 2.3238, 0.3873, 0.3873, 1.291, 0.2582, 0.3873, 1.5492, 0, 0.1291, 0.2582, 0.1291, 10.1989, 6.7132, 4.0021, 12.3936, 5.9386, 8.3915, 9.1661, 7.1005, 2.1947, 6.1968, 9.1661, 5.0349, 5.9386, 5.9386, 1.5492, 6.455, 3.2275, 4.1312, 3.4857, 4.0021, 11.619, 9.5534, 2.7111, 1.0328, 23.3671, 0.1291, 3.873, 5.5513, 13.6846, 0.6455],
      [1.0775, 8.62, 4.741, 2.586, 12.93, 5.8185, 3.879, 0.6465, 0.6465, 2.155, 0.431, 0.6465, 2.586, 0, 0.2155, 0.431, 0.2155, 17.0245, 11.206, 6.6805, 20.688, 9.913, 14.0075, 15.3005, 11.8525, 3.6635, 10.344, 15.3005, 8.4045, 9.913, 9.913, 2.586, 10.775, 5.3875, 6.896, 5.8185, 6.6805, 19.395, 15.947, 4.5255, 1.724, 39.0055, 0.2155, 6.465, 9.2665, 22.843, 1.0775],
      [0.8645, 6.916, 3.8038, 2.0748, 10.374, 4.6683, 3.1122, 0.5187, 0.5187, 1.729, 0.3458, 0.5187, 2.0748, 0, 0.1729, 0.3458, 0.1729, 13.6591, 8.9908, 5.3599, 16.5984, 7.9534, 11.2385, 12.2759, 9.5095, 2.9393, 8.2992, 12.2759, 6.7431, 7.9534, 7.9534, 2.0748, 8.645, 4.3225, 5.5328, 4.6683, 5.3599, 15.561, 12.7946, 3.6309, 1.3832, 31.2949, 0.1729, 5.187, 7.4347, 18.3274, 0.8645],
      [2.4125, 19.3, 10.615, 5.79, 28.95, 13.0275, 8.685, 1.4475, 1.4475, 4.825, 0.965, 1.4475, 5.79, 0, 0.4825, 0.965, 0.4825, 38.1175, 25.09, 14.9575, 46.32, 22.195, 31.3625, 34.2575, 26.5375, 8.2025, 23.16, 34.2575, 18.8175, 22.195, 22.195, 5.79, 24.125, 12.0625, 15.44, 13.0275, 14.9575, 43.425, 35.705, 10.1325, 3.86, 87.3325, 0.4825, 14.475, 20.7475, 51.145, 2.4125]
    ],
    [
      [0.1549, 7.1254, 2.7882, 2.6333, 6.6607, 5.5764, 5.8862, 0.6196, 0, 0.4647, 0.9294, 0.4647, 8.5195, 0, 0, 1.2392, 0, 14.4057, 10.5332, 2.0137, 13.4763, 7.745, 8.2097, 11.4626, 11.3077, 3.2529, 11.9273, 9.6038, 5.2666, 8.5195, 4.8019, 1.7039, 6.9705, 4.1823, 5.2666, 4.647, 4.8019, 11.9273, 12.5469, 7.2803, 0.3098, 26.1781, 0.7745, 4.4921, 5.8862, 25.5585, 2.1686],
      [0.2883, 13.2618, 5.1894, 4.9011, 12.3969, 10.3788, 10.9554, 1.1532, 0, 0.8649, 1.7298, 0.8649, 15.8565, 0, 0, 2.3064, 0, 26.8119, 19.6044, 3.7479, 25.0821, 14.415, 15.2799, 21.3342, 21.0459, 6.0543, 22.1991, 17.8746, 9.8022, 15.8565, 8.9373, 3.1713, 12.9735, 7.7841, 9.8022, 8.649, 8.9373, 22.1991, 23.3523, 13.5501, 0.5766, 48.7227, 1.4415, 8.3607, 10.9554, 47.5695, 4.0362],
      [0.296, 13.616, 5.328, 5.032, 12.728, 10.656, 11.248, 1.184, 0, 0.888, 1.776, 0.888, 16.28, 0, 0, 2.368, 0, 27.528, 20.128, 3.848, 25.752, 14.8, 15.688, 21.904, 21.608, 6.216, 22.792, 18.352, 10.064, 16.28, 9.176, 3.256, 13.32, 7.992, 10.064, 8.88, 9.176, 22.792, 23.976, 13.912, 0.592, 50.024, 1.48, 8.584, 11.248, 48.84, 4.144],
      [0.2608, 11.9968, 4.6944, 4.4336, 11.2144, 9.3888, 9.9104, 1.0432, 0, 0.7824, 1.5648, 0.7824, 14.344, 0, 0, 2.0864, 0, 24.2544, 17.7344, 3.3904, 22.6896, 13.04, 13.8224, 19.2992, 19.0384, 5.4768, 20.0816, 16.1696, 8.8672, 14.344, 8.0848, 2.8688, 11.736, 7.0416, 8.8672, 7.824, 8.0848, 20.0816, 21.1248, 12.2576, 0.5216, 44.0752, 1.304, 7.5632, 9.9104, 43.032, 3.6512]
    ]
  ],
  "V_est": [
    [918.855, 743.085, 1221.255, 267.12],
    [159.918, 11183.3565, 399.795, 371.9305],
    [257.9398, 318.802, 13695.4441, 218.8141],
    [221.9229, 370.4445, 297.2151, 829.4175],
    [290.2826, 540.2742, 554.704, 488.7392]
  ],
  "p_est": [
    [0.2917, 0.2359, 0.3877, 0.0848],
    [0.0132, 0.9231, 0.033, 0.0307],
    [0.0178, 0.022, 0.9451, 0.0151],
    [0.1291, 0.2155, 0.1729, 0.4825],
    [0.1549, 0.2883, 0.296, 0.2608]
  ],
  "EI_Z": {},
  "EI_V": 7.8111,
  "MAE_Z": {},
  "MAE_V": 260.4915,
  "MAE_p": 0.0764,
  "runtime": 96.963
}
