{
  "X": [
    [46, 91, 269, 9],
    [0, 3, 26, 4],
    [44, 34, 81, 6],
    [29, 38, 154, 4],
    [29, 16, 122, 8],
    [154, 206, 459, 30],
    [11, 31, 178, 8],
    [52, 32, 133, 7],
    [31, 38, 240, 7],
    [10, 18, 169, 9],
    [146, 237, 998, 64],
    [232, 417, 1498, 78],
    [29, 33, 70, 6],
    [8, 23, 19, 0],
    [15, 47, 145, 7],
    [15, 13, 159, 4],
    [75, 41, 135, 8],
    [14, 14, 1, 0],
    [20, 25, 209, 11],
    [6, 23, 142, 5],
    [7, 19, 190, 11],
    [41, 150, 692, 42],
    [27, 30, 97, 4],
    [51, 169, 322, 21],
    [107, 425, 731, 63],
    [46, 50, 393, 11],
    [18, 42, 218, 12],
    [9, 19, 152, 11],
    [17, 40, 266, 24],
    [111, 117, 358, 19],
    [39, 66, 142, 13],
    [36, 108, 226, 15],
    [7, 20, 172, 14],
    [4, 13, 54, 0],
    [30, 137, 229, 33],
    [68, 216, 454, 37],
    [77, 291, 453, 51],
    [63, 147, 282, 13],
    [13, 17, 45, 1],
    [54, 123, 204, 12],
    [66, 115, 282, 11],
    [98, 249, 467, 32],
    [89, 234, 384, 24],
    [96, 240, 439, 18],
    [34, 60, 322, 18],
    [131, 233, 337, 31],
    [70, 164, 311, 29],
    [183, 400, 627, 66],
    [112, 248, 658, 42],
    [26, 48, 238, 19],
    [63, 64, 141, 10],
    [16, 37, 239, 8],
    [15, 60, 146, 15],
    [198, 352, 1161, 47],
    [17, 19, 95, 10],
    [15, 23, 69, 4],
    [112, 121, 481, 28],
    [66, 113, 411, 16],
    [105, 106, 419, 15],
    [17, 134, 178, 39],
    [433, 966, 2718, 154],
    [67, 109, 308, 17],
    [310, 364, 1089, 98],
    [71, 55, 246, 14]
  ],
  "W": [
    [19, 28, 103, 195, 44, 26],
    [2, 0, 2, 27, 0, 2],
    [9, 31, 42, 56, 9, 18],
    [10, 25, 39, 128, 17, 6],
    [9, 20, 29, 102, 8, 7],
    [23, 93, 253, 377, 58, 45],
    [28, 11, 34, 144, 4, 7],
    [5, 40, 46, 116, 7, 10],
    [17, 20, 41, 193, 25, 20],
    [14, 6, 24, 150, 6, 6],
    [67, 110, 264, 847, 98, 59],
    [99, 139, 437, 1240, 209, 101],
    [4, 32, 32, 54, 9, 7],
    [2, 4, 25, 14, 2, 3],
    [7, 3, 68, 99, 22, 15],
    [8, 9, 28, 133, 9, 4],
    [15, 56, 53, 112, 12, 11],
    [0, 10, 13, 0, 1, 5],
    [27, 12, 28, 180, 9, 9],
    [8, 8, 23, 128, 6, 3],
    [15, 6, 29, 154, 12, 11],
    [61, 41, 193, 555, 46, 29],
    [9, 15, 36, 86, 7, 5],
    [23, 32, 188, 244, 39, 37],
    [39, 74, 432, 590, 137, 54],
    [26, 20, 70, 350, 17, 17],
    [15, 15, 63, 170, 15, 12],
    [20, 6, 18, 142, 0, 5],
    [30, 7, 47, 243, 10, 10],
    [21, 61, 162, 306, 32, 23],
    [11, 32, 84, 104, 15, 14],
    [12, 40, 107, 176, 31, 19],
    [21, 1, 24, 152, 3, 12],
    [5, 3, 13, 46, 3, 1],
    [21, 20, 136, 198, 33, 21],
    [56, 36, 200, 394, 55, 34],
    [52, 57, 265, 387, 58, 53],
    [23, 51, 176, 206, 27, 22],
    [3, 5, 28, 32, 4, 4],
    [15, 26, 171, 138, 24, 19],
    [24, 38, 147, 227, 17, 21],
    [29, 73, 295, 367, 46, 36],
    [25, 72, 253, 302, 45, 34],
    [19, 62, 310, 328, 41, 33],
    [26, 13, 89, 267, 24, 15],
    [17, 72, 274, 262, 63, 44],
    [18, 47, 182, 244, 47, 36],
    [39, 115, 440, 495, 122, 65],
    [37, 74, 272, 541, 85, 51],
    [23, 9, 55, 209, 17, 18],
    [9, 32, 82, 123, 15, 17],
    [27, 9, 42, 206, 8, 8],
    [16, 11, 65, 118, 14, 12],
    [55, 129, 434, 968, 105, 67],
    [8, 24, 17, 85, 3, 4],
    [3, 11, 37, 50, 8, 2],
    [21, 56, 190, 397, 34, 44],
    [26, 32, 135, 352, 39, 22],
    [24, 61, 153, 351, 26, 30],
    [3, 11, 158, 157, 27, 12],
    [189, 297, 1068, 2261, 296, 160],
    [14, 49, 120, 282, 22, 14],
    [83, 177, 457, 960, 67, 117],
    [12, 63, 67, 225, 9, 10]
  ],
  "method": "mult",
  "cond_prob": [
    [
      [0.00011852727346, 0.0080879654338, 0.94302705223, 0.048766455065],
      [0.90646348109, 0.018493498681, 0.071998458399, 0.0030445618356],
      [0.087008301348, 0.69796587366, 0.19918725301, 0.015838571986],
      [0.0094668951242, 0.0063670852916, 0.96908819063, 0.015077828952],
      [0.019583379702, 0.39705038415, 0.55173780393, 0.031628432222],
      [0.42159867503, 0.18152622863, 0.31314471153, 0.083730384814]
    ],
    [
      [0, 0.011589006563, 0.73049025739, 0.25792073604],
      [0, 0.27726405712, 0.56531694928, 0.1574189936],
      [0, 0.869325596, 0.08540196429, 0.045272439709],
      [0, 0.010885755995, 0.89813193235, 0.090982311653],
      [0, 0.54928700017, 0.32510907858, 0.12560392125],
      [0, 0.28926860071, 0.24201078487, 0.46872061442]
    ],
    [
      [0.00013749917705, 0.007949057306, 0.91124268583, 0.080670757688],
      [0.9196236737, 0.015837564718, 0.060183422293, 0.0043553392886],
      [0.09974936428, 0.68552648383, 0.1889822704, 0.025741881492],
      [0.011218829603, 0.0063921296738, 0.95704670876, 0.025342331968],
      [0.022740674634, 0.3931999008, 0.53184626933, 0.052213155229],
      [0.44178051319, 0.16133746988, 0.27142034408, 0.12546167284]
    ],
    [
      [0.00012170286454, 0.0091819158894, 0.94197780489, 0.048718576356],
      [0.90765085339, 0.020246882347, 0.069187186172, 0.0029150780867],
      [0.080895278877, 0.72523396952, 0.17962189004, 0.014248861568],
      [0.0097206309282, 0.0072272616225, 0.96805628371, 0.014995823738],
      [0.019046099971, 0.42976818984, 0.52133645512, 0.029849255069],
      [0.41912900199, 0.19912286369, 0.30086315082, 0.080884983498]
    ],
    [
      [0.00013776454101, 0.0050737802989, 0.88173454011, 0.11305391505],
      [0.92606308708, 0.010015979161, 0.057882645857, 0.0060382879045],
      [0.13155549485, 0.57998859032, 0.2410809738, 0.047374941033],
      [0.011511167359, 0.0041775354527, 0.94798349805, 0.036327799134],
      [0.02639350184, 0.29202589479, 0.59689132463, 0.084689278741],
      [0.45086896699, 0.1044559659, 0.26653189917, 0.17814316794]
    ],
    [
      [0.00015275810503, 0.0086956823228, 0.89805118059, 0.093100378978],
      [0.92439865866, 0.015926382781, 0.055008072834, 0.0046668857255],
      [0.10373991319, 0.69228978992, 0.17591675275, 0.028053544145],
      [0.012568208108, 0.0070525732666, 0.95067353485, 0.029705683772],
      [0.024323060758, 0.41056320024, 0.50685361046, 0.058260128534],
      [0.45279377446, 0.16334952593, 0.25012300804, 0.13373369157]
    ],
    [
      [7.7868795991e-05, 0.0094654033068, 0.90997670559, 0.080480022308],
      [0.86526210039, 0.030377880934, 0.097340629361, 0.0070193893096],
      [0.051810404839, 0.75121096596, 0.17343845972, 0.023540169485],
      [0.0063898328052, 0.0076523855801, 0.96048390879, 0.025473872828],
      [0.012072800927, 0.44019618668, 0.49887279636, 0.048858216038],
      [0.30072559298, 0.22821812477, 0.32285682348, 0.14819945876]
    ],
    [
      [0.00014090445248, 0.00723830589, 0.90293018195, 0.08969060771],
      [0.92230700732, 0.014156920071, 0.058779953918, 0.0047561186904],
      [0.10841049511, 0.66185691941, 0.1993583895, 0.03037419598],
      [0.011571000979, 0.0058584217054, 0.95420037135, 0.028370205966],
      [0.024089896462, 0.37002545713, 0.54585841399, 0.060026232422],
      [0.44843354867, 0.14569215474, 0.26756977749, 0.13830451911]
    ],
    [
      [0.00011831470308, 0.0073838344866, 0.94260698236, 0.049890868452],
      [0.90855026783, 0.016796721081, 0.071559619349, 0.0030933917374],
      [0.092005738617, 0.68020257049, 0.21066150085, 0.017130190038],
      [0.0094569894023, 0.0058164147824, 0.96930902175, 0.015417574063],
      [0.02020772046, 0.37649059164, 0.56988047462, 0.033421213284],
      [0.42799518706, 0.16820701324, 0.31694934601, 0.086848453697]
    ],
    [
      [0.00010342805494, 0.00700035214, 0.88734326096, 0.10555295885],
      [0.90326800273, 0.017174231111, 0.072533847285, 0.0070239188785],
      [0.083241039, 0.67552146643, 0.20403354769, 0.037203946878],
      [0.0086266134929, 0.0057506874706, 0.95171846776, 0.033904231278],
      [0.017957447684, 0.36597291789, 0.54440255193, 0.071667082492],
      [0.37330946096, 0.1561933747, 0.29075807418, 0.17973909016]
    ],
    [
      [0.00011290790157, 0.0082779853732, 0.8836863141, 0.10792279263],
      [0.9012675782, 0.020024089126, 0.071554685882, 0.0071536467961],
      [0.081455888281, 0.69990433357, 0.18405836819, 0.034581409963],
      [0.009422494529, 0.0068100058597, 0.94880870017, 0.034958799442],
      [0.018433503008, 0.40066303436, 0.51162105155, 0.069282411082],
      [0.37533244827, 0.1744727161, 0.27636450001, 0.17383033562]
    ],
    [
      [0.0001314401746, 0.008699627468, 0.90636288292, 0.084806049433],
      [0.91278444588, 0.018338633681, 0.063975167674, 0.0049017527622],
      [0.090684562438, 0.70270226691, 0.18060993765, 0.026003233004],
      [0.010767028955, 0.0070252058461, 0.95523066363, 0.026977101574],
      [0.021006423783, 0.41191722117, 0.51376760891, 0.053308746137],
      [0.41982853941, 0.17625815899, 0.27261610626, 0.13129719534]
    ],
    [
      [9.7033117883e-05, 0.0096912502822, 0.8725349243, 0.1176767923],
      [0.88671283646, 0.026308403075, 0.078379901691, 0.0085988587712],
      [0.062351606805, 0.74454929231, 0.16000942436, 0.033089676529],
      [0.00817062161, 0.0080422558468, 0.9458187776, 0.037968344939],
      [0.014834140618, 0.44462151503, 0.47033189888, 0.070212445472],
      [0.32773774327, 0.20681735357, 0.27252454079, 0.19292036237]
    ],
    [
      [0.00016761499474, 0.012731116449, 0.98710126856, 0],
      [0.93399027561, 0.018877820693, 0.047131903697, 0],
      [0.08523521461, 0.77617662283, 0.13858816256, 0],
      [0.012882673892, 0.0096320145472, 0.97748531156, 0],
      [0.02254366963, 0.51637737054, 0.46107895983, 0],
      [0.50780965269, 0.23343918502, 0.25875116229, 0]
    ],
    [
      [0.00010626637616, 0.0062125290282, 0.9272900936, 0.066391110992],
      [0.90484783998, 0.015204813117, 0.075531435629, 0.0044159112717],
      [0.093914446737, 0.64599214067, 0.23431393922, 0.025779473373],
      [0.0086032614591, 0.0049551780418, 0.96571266305, 0.020728897449],
      [0.019351894611, 0.33673364735, 0.5965810389, 0.047333419145],
      [0.40658228954, 0.14763234727, 0.32488902756, 0.12089633563]
    ],
    [
      [0.00012970762603, 0.0043079060061, 0.94156904144, 0.05399334493],
      [0.9246614285, 0.0087426687842, 0.063628913737, 0.002966988983],
      [0.13839474243, 0.54919297218, 0.28718695757, 0.025225327821],
      [0.010384956004, 0.0033975670214, 0.969588998, 0.01662847897],
      [0.026141450382, 0.2608002299, 0.67052319206, 0.042535127654],
      [0.48395380719, 0.09980777972, 0.32055784596, 0.095680567133]
    ],
    [
      [0.00016061791419, 0.0082333101087, 0.90191398583, 0.089692086151],
      [0.92926959198, 0.014306432186, 0.052189366329, 0.0042346095083],
      [0.11190830033, 0.68004307856, 0.18048634831, 0.027562272798],
      [0.013171169899, 0.0066547223393, 0.95179904409, 0.028375063671],
      [0.026073674644, 0.39899501608, 0.51788080705, 0.057050502221],
      [0.47175896145, 0.15317436033, 0.24729859695, 0.12776808127]
    ],
    [
      [0.00059489533184, 0.048346990287, 0.95105811438, 0],
      [0.96578148956, 0.022163230321, 0.01205528012, 0],
      [0.087077427819, 0.87912639113, 0.033796181051, 0],
      [0.044122720078, 0.035316390099, 0.92056088982, 0],
      [0.032135452017, 0.80231987062, 0.16554467736, 0],
      [0.6121761549, 0.31070367124, 0.077120173857, 0]
    ],
    [
      [0.00013044224788, 0.0081517463759, 0.89484393374, 0.096873877634],
      [0.91707613145, 0.016634314949, 0.060910624715, 0.0053789288894],
      [0.09291530915, 0.69390830326, 0.18279958405, 0.030376803539],
      [0.01078492538, 0.0066405236161, 0.95164965165, 0.030924899351],
      [0.021302983528, 0.39970370724, 0.51700655988, 0.061986749345],
      [0.42059073306, 0.16449265196, 0.26578494684, 0.14913166814]
    ],
    [
      [6.1731132559e-05, 0.0097756064976, 0.91347914797, 0.076683514399],
      [0.83841506067, 0.037383499703, 0.11627271465, 0.0079287249831],
      [0.040318970973, 0.76745086926, 0.17034283432, 0.021887325443],
      [0.0050597594389, 0.0078917836346, 0.96289801975, 0.02415043718],
      [0.0094458090367, 0.45101653583, 0.49370795025, 0.045829704884],
      [0.25563810818, 0.25062614964, 0.34348960039, 0.15024614179]
    ],
    [
      [5.61356664e-05, 0.0053129038959, 0.89157879287, 0.10305216757],
      [0.83875125011, 0.022644806079, 0.12666758112, 0.011936362692],
      [0.056739923837, 0.63964315338, 0.25787790657, 0.045739016222],
      [0.0046887065192, 0.004371409083, 0.95774406917, 0.03319581523],
      [0.010786128278, 0.30607837409, 0.6056228264, 0.077512671233],
      [0.25574904951, 0.15031555766, 0.37123564199, 0.22269975084]
    ],
    [
      [6.607927641e-05, 0.007442637412, 0.88764427161, 0.1048470117],
      [0.8458534946, 0.028672171397, 0.11441621671, 0.011058117287],
      [0.053225512545, 0.70310230887, 0.20621125338, 0.037460925208],
      [0.0055222973554, 0.0061309536183, 0.95436071425, 0.033986034775],
      [0.011329031093, 0.37853792214, 0.53948641284, 0.070646633933],
      [0.26747458549, 0.19050052098, 0.33690061002, 0.20512428351]
    ],
    [
      [0.00018240976019, 0.0094043623035, 0.91851285886, 0.071900369074],
      [0.93743308742, 0.014056332689, 0.0456075414, 0.0029030384951],
      [0.11420621446, 0.70171799506, 0.1643624569, 0.019713333584],
      [0.014746725862, 0.0074910408696, 0.95543732625, 0.022324907016],
      [0.027953648126, 0.43198787789, 0.49701259011, 0.043045883873],
      [0.50640343995, 0.16342202104, 0.23436776092, 0.095806778093]
    ],
    [
      [9.9944242001e-05, 0.0093895298413, 0.90395374416, 0.086556781757],
      [0.88799681437, 0.025062666207, 0.080623967142, 0.0063165522823],
      [0.066631808628, 0.73421488776, 0.17358625416, 0.025567049454],
      [0.0082201962239, 0.007612129434, 0.95658241338, 0.027585260965],
      [0.015548294772, 0.433370749, 0.49819023929, 0.052890716942],
      [0.34979564353, 0.20765307064, 0.29612527139, 0.14642601444]
    ],
    [
      [0.00010022465264, 0.010062491599, 0.87018369153, 0.11965359222],
      [0.88631736369, 0.026939510153, 0.077966184022, 0.0087769421344],
      [0.063331631874, 0.74439044233, 0.15870262377, 0.033575302029],
      [0.0084509685781, 0.008364019424, 0.94402780306, 0.039157208942],
      [0.015099717324, 0.44917263072, 0.4648493318, 0.070878320154],
      [0.32995373703, 0.20989725573, 0.26934996033, 0.19079904691]
    ],
    [
      [0.0001670312314, 0.007174847111, 0.93581709767, 0.056841023983],
      [0.93360954152, 0.011906204358, 0.051907964836, 0.0025762892823],
      [0.12771448939, 0.64710828483, 0.20595492187, 0.019222303918],
      [0.013366432309, 0.0056585469764, 0.96336332103, 0.017611699681],
      [0.028592686104, 0.36572688231, 0.56748497143, 0.038195460159],
      [0.51122495208, 0.13827479263, 0.26680049608, 0.083699759216]
    ],
    [
      [7.8901229256e-05, 0.0061985562345, 0.90008858393, 0.093633958603],
      [0.87372241602, 0.020188089868, 0.09778743263, 0.00830206148],
      [0.071059928617, 0.65904511455, 0.23271950114, 0.037175455698],
      [0.0065310164265, 0.0050561047569, 0.95847746683, 0.029935411986],
      [0.014403340254, 0.3372062791, 0.58139373248, 0.066996648167],
      [0.32057755103, 0.15800787757, 0.33876494929, 0.1826496221]
    ],
    [
      [0.00010530787849, 0.011058404224, 0.8506385521, 0.13819773579],
      [0.89762916374, 0.02624523198, 0.067236095648, 0.008889508636],
      [0.06003930498, 0.76707188256, 0.13842355816, 0.0344652543],
      [0.0090131062035, 0.0093206998797, 0.93613729711, 0.045528896809],
      [0.015024273771, 0.47917779901, 0.42872447014, 0.077073457075],
      [0.33372458733, 0.21660832305, 0.24376307046, 0.20590401916]
    ],
    [
      [0.00011866738368, 0.0081922433558, 0.83172194571, 0.15996714355],
      [0.91068331546, 0.018143774544, 0.061514097269, 0.0096588127283],
      [0.08492793061, 0.69386490131, 0.17076724946, 0.050439918625],
      [0.010305847269, 0.0070095713947, 0.92897905136, 0.053705529977],
      [0.019341115936, 0.39870724368, 0.47973737747, 0.10221426292],
      [0.36818048292, 0.15834174731, 0.2373234215, 0.23615434827]
    ],
    [
      [0.00017289429763, 0.007864880669, 0.90574834662, 0.08621387841],
      [0.93404991625, 0.012808313293, 0.049304152638, 0.0038376178205],
      [0.12388712422, 0.66168737827, 0.18705164627, 0.027373851238],
      [0.014127460905, 0.0063347431447, 0.9522447526, 0.027293043355],
      [0.028551488447, 0.38552302126, 0.5300054349, 0.055920055396],
      [0.49492196663, 0.1424967055, 0.24310098809, 0.11948033979]
    ],
    [
      [0.0001050739368, 0.0078521242592, 0.8727431774, 0.1192996244],
      [0.89762821631, 0.020017926855, 0.074083200238, 0.0082706565989],
      [0.078778705863, 0.69397897544, 0.18779287916, 0.039449439537],
      [0.008849234058, 0.0065177526376, 0.9458525501, 0.038780463207],
      [0.01752447393, 0.38975569151, 0.51474366664, 0.077976167923],
      [0.3579692129, 0.16877349722, 0.27676488793, 0.19649240194]
    ],
    [
      [7.8357274111e-05, 0.009861707367, 0.89381748063, 0.096242454726],
      [0.86063980845, 0.032476624892, 0.098238594088, 0.00864497257],
      [0.050946742342, 0.75418851106, 0.16719280869, 0.027671937906],
      [0.0065034243923, 0.0080675220801, 0.95452964011, 0.030899413413],
      [0.011960341263, 0.44735487424, 0.48303920249, 0.057645582015],
      [0.28943955306, 0.2301499377, 0.30849261825, 0.171917891]
    ],
    [
      [8.8720891028e-05, 0.0077808417839, 0.85417360605, 0.13795683128],
      [0.88961150596, 0.021475086815, 0.07856788811, 0.010345519111],
      [0.066992658696, 0.70342044469, 0.18398705005, 0.045599846564],
      [0.0075967947299, 0.0065605243212, 0.9403037174, 0.045538963553],
      [0.01481604033, 0.39115933658, 0.50390472484, 0.090119898255],
      [0.31937164706, 0.171701676, 0.27684564947, 0.23208102748]
    ],
    [
      [0.00011031520204, 0.011008858412, 0.98888082639, 0],
      [0.91114032906, 0.022443880204, 0.066415790741, 0],
      [0.063512417822, 0.77704997464, 0.15943760754, 0],
      [0.0085325143694, 0.008375403801, 0.98309208183, 0],
      [0.015878056603, 0.48495891682, 0.49916302658, 0],
      [0.42438179254, 0.25045351904, 0.32516468842, 0]
    ],
    [
      [9.1320413415e-05, 0.01047005305, 0.80566426996, 0.18377435658],
      [0.87847073677, 0.030016643998, 0.07712784297, 0.014384776262],
      [0.055905249221, 0.7524550685, 0.14188021641, 0.049759465865],
      [0.0081020358149, 0.0091553135875, 0.91963160595, 0.063111044651],
      [0.013480711585, 0.45890608231, 0.4211309587, 0.10648224741],
      [0.28450697211, 0.20548403801, 0.23400958698, 0.27599940289]
    ],
    [
      [0.00013188545923, 0.011695704835, 0.86909604846, 0.11907636124],
      [0.90876635679, 0.024238377987, 0.060241293763, 0.0067539714621],
      [0.073001657293, 0.75907799445, 0.13869212945, 0.029228218807],
      [0.011091840404, 0.0096956485189, 0.94037775447, 0.038834756611],
      [0.01844732436, 0.48524536259, 0.43085734638, 0.065449966668],
      [0.38248622734, 0.21441463897, 0.23620259108, 0.16689654261]
    ],
    [
      [0.00010079788085, 0.0121012307, 0.84482056334, 0.14297740808],
      [0.88286940541, 0.032015388137, 0.07475880521, 0.010356401243],
      [0.055198748135, 0.77662164614, 0.13343642472, 0.034743181],
      [0.0086564486872, 0.010244321618, 0.9334700761, 0.047629153598],
      [0.013912248731, 0.49520444949, 0.4133192631, 0.077564038679],
      [0.30923984675, 0.23507007492, 0.24334775169, 0.21234232664]
    ],
    [
      [0.0001064894466, 0.0090427662291, 0.9251633981, 0.065687346227],
      [0.89447474259, 0.022863397958, 0.078125333627, 0.004536525826],
      [0.072771807356, 0.72528446889, 0.18206527227, 0.019878451481],
      [0.0086198288342, 0.0072150623844, 0.96357528562, 0.020589823162],
      [0.016836116885, 0.42429848374, 0.51808682174, 0.040778577635],
      [0.37746671939, 0.20273577849, 0.3071004942, 0.11269700792]
    ],
    [
      [0.00017551591469, 0.0064740875775, 0.96082083188, 0.032529564626],
      [0.94281301212, 0.0095240488529, 0.046390095731, 0.0012728432973],
      [0.14227183664, 0.62723524129, 0.21913703731, 0.011355884763],
      [0.013789314801, 0.0050083124229, 0.97150186908, 0.0097005036936],
      [0.031240431572, 0.34660958441, 0.59969761116, 0.022452372857],
      [0.55575889355, 0.12536986977, 0.27020590036, 0.04866533631]
    ],
    [
      [0.00013677730184, 0.0077709377601, 0.91761341982, 0.074478865114],
      [0.91882728891, 0.015608536405, 0.061482849051, 0.0040813256376],
      [0.1016759599, 0.67773686325, 0.19610627743, 0.024480899415],
      [0.01111239475, 0.0062227386152, 0.95925513371, 0.023409732926],
      [0.022860427503, 0.3854563638, 0.5428351099, 0.048848098796],
      [0.44500358912, 0.15945736146, 0.27851053049, 0.11702851893]
    ],
    [
      [0.00014547066822, 0.0089289517336, 0.93006252754, 0.060863050062],
      [0.92087625069, 0.016959772141, 0.059007075378, 0.0031569017861],
      [0.097699945519, 0.70436371054, 0.17984340293, 0.018092941018],
      [0.011697865773, 0.0070772090639, 0.9622766011, 0.018948324065],
      [0.022981130446, 0.41885720036, 0.52041382889, 0.037747840307],
      [0.45704268405, 0.17723395297, 0.2732844864, 0.092438876585]
    ],
    [
      [0.00010940480872, 0.0091655971942, 0.89292365712, 0.097801340875],
      [0.89667280595, 0.022708930029, 0.073986666224, 0.006631597799],
      [0.073704959986, 0.72357187115, 0.17349296122, 0.029230207638],
      [0.0090659143597, 0.0074869576993, 0.95201933681, 0.031427791132],
      [0.017158909132, 0.42617448591, 0.49638535072, 0.060281254237],
      [0.36628621912, 0.19435913357, 0.28075112315, 0.15860352417]
    ],
    [
      [0.00010855293577, 0.010232741083, 0.90274821644, 0.086910489541],
      [0.8935690358, 0.025451540282, 0.075065906571, 0.0059135173497],
      [0.067552827222, 0.74649353638, 0.1619682737, 0.023985362699],
      [0.0089258310787, 0.0082940331897, 0.9550763821, 0.027703753633],
      [0.016241543471, 0.45400168256, 0.47866341154, 0.051093362427],
      [0.36160491116, 0.21587474818, 0.28228162772, 0.14023871294]
    ],
    [
      [0.00011792321062, 0.0085379518793, 0.93167221551, 0.059671909396],
      [0.90429089773, 0.019775354285, 0.072152214886, 0.0037815331033],
      [0.08343544444, 0.70777042361, 0.19006872876, 0.018725403182],
      [0.0094940536635, 0.0067759692833, 0.96510344512, 0.018626531938],
      [0.019064964325, 0.40919797881, 0.53382839081, 0.037908666057],
      [0.40899352141, 0.18748134389, 0.30330080344, 0.10022433126]
    ],
    [
      [0.0001421773807, 0.0065426237392, 0.89549801485, 0.097817184034],
      [0.92487311179, 0.012560899944, 0.057439292679, 0.0051266955863],
      [0.11725583947, 0.63473295618, 0.21236488976, 0.035646314592],
      [0.011745608217, 0.0053265477124, 0.9516537156, 0.031274128472],
      [0.025196911763, 0.34478573642, 0.56199095551, 0.068026396306],
      [0.45369303489, 0.1310592631, 0.26540573689, 0.14984196511]
    ],
    [
      [0.00015547564652, 0.0093811691819, 0.88006004496, 0.11040331021],
      [0.92480550415, 0.01686845979, 0.052894607525, 0.0054314285359],
      [0.099820649535, 0.70585373231, 0.16288618746, 0.031439430693],
      [0.012956750349, 0.0077065484355, 0.94366528098, 0.035671420236],
      [0.023959026094, 0.42860791356, 0.48057965761, 0.06685340274],
      [0.44295592981, 0.16928605351, 0.23537604727, 0.15238196942]
    ],
    [
      [0.00011329613159, 0.0091131808179, 0.8706400347, 0.12013348835],
      [0.900667221, 0.021818603499, 0.069650978591, 0.0078631969117],
      [0.076216476077, 0.71923190935, 0.16873867156, 0.035812943017],
      [0.009544103192, 0.0075672798193, 0.94367516465, 0.039213452342],
      [0.017775934019, 0.42423550535, 0.48395122868, 0.074037331953],
      [0.36470420696, 0.18556808427, 0.26260445068, 0.18712325809]
    ],
    [
      [0.00013298784019, 0.0095573092546, 0.85888831875, 0.13142138415],
      [0.91279990252, 0.019891262629, 0.059815077093, 0.0074937577586],
      [0.08534204826, 0.71811995512, 0.1590829851, 0.037455011519],
      [0.011281652196, 0.0079924824697, 0.93745760544, 0.043268259898],
      [0.020375649639, 0.4338720005, 0.4665818789, 0.079170470966],
      [0.39335088502, 0.17923701897, 0.23899347827, 0.18841861774]
    ],
    [
      [0.00011762611293, 0.0090190096764, 0.89334657207, 0.097516792138],
      [0.9034072208, 0.020951019478, 0.069437811147, 0.0062039485729],
      [0.079716498931, 0.71624929741, 0.17469841998, 0.029335783676],
      [0.0097383429775, 0.0073605821385, 0.95157706433, 0.031324010557],
      [0.018547155013, 0.42159803035, 0.49940930589, 0.060445508743],
      [0.38447804207, 0.18675873401, 0.27439789833, 0.1543653256]
    ],
    [
      [0.00014105955717, 0.0081688455971, 0.86294924848, 0.12874084636],
      [0.92254033962, 0.015628688857, 0.055115201417, 0.0067157701029],
      [0.10001388746, 0.68403576144, 0.17568358525, 0.040266765853],
      [0.011934320506, 0.0068101758781, 0.93914113231, 0.042114371309],
      [0.022990667028, 0.39692745271, 0.49779541277, 0.08228646749],
      [0.42282404955, 0.15330274208, 0.23919942455, 0.18467378382]
    ],
    [
      [0.00019094911898, 0.0089040137182, 0.89261623213, 0.098288805036],
      [0.93930792634, 0.013078669392, 0.043684757914, 0.0039286463504],
      [0.1239563714, 0.68148149442, 0.16640528125, 0.028156852932],
      [0.015723237178, 0.0072262477999, 0.94579644998, 0.03125406504],
      [0.029910343066, 0.41512439838, 0.49461158168, 0.060353676874],
      [0.50541989983, 0.14873364677, 0.22009010745, 0.12575634595]
    ],
    [
      [0.00011671322348, 0.0090986486295, 0.92501844607, 0.065766192075],
      [0.90634647896, 0.020403825318, 0.06923347982, 0.0040162159052],
      [0.078314256663, 0.72426385048, 0.17799426958, 0.019427623276],
      [0.0094446601393, 0.0072540379782, 0.96274403657, 0.02055726531],
      [0.01832827906, 0.42724392149, 0.51395620793, 0.040471591521],
      [0.40270815698, 0.19573383034, 0.29348939881, 0.10806861387]
    ],
    [
      [8.2283628831e-05, 0.0092603665162, 0.8474006051, 0.14325674475],
      [0.87189791683, 0.028665213146, 0.087379789801, 0.012057080221],
      [0.055574617174, 0.73782575559, 0.16401153676, 0.042588090468],
      [0.0070762543759, 0.0078472096429, 0.93753961385, 0.047536922127],
      [0.012859752286, 0.431200652, 0.46824089966, 0.087698696044],
      [0.28666918968, 0.20182059183, 0.27240349666, 0.23910672182]
    ],
    [
      [0.00012749835075, 0.0083549126987, 0.92186999608, 0.069647592874],
      [0.91086629939, 0.018107618416, 0.066888764219, 0.0041373179775],
      [0.090877035619, 0.69732643885, 0.18974158077, 0.022054944762],
      [0.010331317005, 0.0066739134437, 0.961085037, 0.021909732549],
      [0.020743579089, 0.40277340773, 0.53192128551, 0.044561727677],
      [0.42355593891, 0.1760214016, 0.28827735377, 0.11214530571]
    ],
    [
      [7.3386278618e-05, 0.0099551774601, 0.80717033267, 0.18280110359],
      [0.85685056133, 0.034203813213, 0.092042110122, 0.01690351534],
      [0.045852861591, 0.75998770178, 0.14421566894, 0.049943767685],
      [0.0065178212535, 0.0087122722976, 0.92255737634, 0.062212530109],
      [0.011014747452, 0.45415925726, 0.42775673412, 0.10706926118],
      [0.24526066844, 0.21045929483, 0.24902946093, 0.2952505758]
    ],
    [
      [0.0001138625817, 0.0059686354, 0.90015403416, 0.093763467863],
      [0.91241493541, 0.013675623421, 0.068156336879, 0.0057531042954],
      [0.1016221219, 0.63380317972, 0.22822039655, 0.036354301821],
      [0.0093986131846, 0.0048533897653, 0.95621543398, 0.029532563067],
      [0.020944503808, 0.32894867047, 0.58298688282, 0.0671199429],
      [0.41004186824, 0.13357132525, 0.29462422965, 0.16176257687]
    ],
    [
      [0.00015100652878, 0.0064631354064, 0.90241446773, 0.090971390332],
      [0.92748613446, 0.011977022159, 0.055924435895, 0.0046124074888],
      [0.12481212282, 0.6267666692, 0.21507613232, 0.033345075661],
      [0.012399968349, 0.0052315049207, 0.95340615396, 0.028962372765],
      [0.026847975897, 0.34093726644, 0.56866083433, 0.063553923329],
      [0.47096799376, 0.12760837233, 0.26408937245, 0.13733426147]
    ],
    [
      [0.00015672343844, 0.0086227129121, 0.92268160066, 0.068538962993],
      [0.92673862574, 0.01527913568, 0.054662023434, 0.0033202151509],
      [0.10694114698, 0.69094783221, 0.18139561398, 0.020715406838],
      [0.012661557916, 0.006866278032, 0.95901750708, 0.021454656975],
      [0.025053336184, 0.40927249305, 0.52264189783, 0.043032272931],
      [0.47410677518, 0.16470226787, 0.26108322662, 0.10010773034]
    ],
    [
      [0.00015610962156, 0.0073919548124, 0.93148385611, 0.060968079451],
      [0.92794219596, 0.013249476744, 0.055820321081, 0.0029880062156],
      [0.11827851524, 0.65779451168, 0.20345212225, 0.020474850825],
      [0.012538984921, 0.0058525704107, 0.96263083747, 0.018977607199],
      [0.026498724411, 0.37251290463, 0.56033412972, 0.040654241238],
      [0.4881718893, 0.1463352419, 0.27319863073, 0.092294238075]
    ],
    [
      [6.3050824141e-05, 0.008489921635, 0.73299533175, 0.25845169579],
      [0.84208391175, 0.033527169043, 0.096567717917, 0.027821201292],
      [0.045586275155, 0.71970898041, 0.15221611438, 0.082488630056],
      [0.005961584339, 0.0079110835402, 0.89165665719, 0.09447067493],
      [0.010185648325, 0.40703229894, 0.419036326, 0.16374572673],
      [0.20425330436, 0.17264699416, 0.22047153166, 0.40262816983]
    ],
    [
      [0.00011934583525, 0.0092386849305, 0.89898896875, 0.091653000485],
      [0.903586733, 0.021277260721, 0.069345512174, 0.0057904941056],
      [0.079524963629, 0.72023123987, 0.17308743841, 0.027156358096],
      [0.0098366382998, 0.0075067404222, 0.95331115879, 0.029345462491],
      [0.018633670659, 0.42715165236, 0.49791772166, 0.056296955319],
      [0.38850153268, 0.19090108622, 0.27588638145, 0.14471099966]
    ],
    [
      [0.00013514212159, 0.010003760389, 0.89148001522, 0.098381082266],
      [0.91370577426, 0.020322944657, 0.060514668264, 0.0054566128229],
      [0.08384100551, 0.7298368735, 0.15930735888, 0.027014762111],
      [0.011183019219, 0.0081595756821, 0.94914325297, 0.031514152133],
      [0.020315957218, 0.44684936366, 0.47477476423, 0.058059914895],
      [0.41021731425, 0.19201151562, 0.25330296127, 0.14446820886]
    ],
    [
      [0.00015144742641, 0.0085100682612, 0.86140809455, 0.12993038976],
      [0.92417445172, 0.015772862383, 0.053451038113, 0.0066016477869],
      [0.10412204777, 0.685147161, 0.17103522691, 0.039695564314],
      [0.012809805654, 0.0070958922676, 0.93742378995, 0.042670512131],
      [0.024273953055, 0.40415628583, 0.48966571141, 0.081904049703],
      [0.43323171305, 0.15446434083, 0.23207638194, 0.18022756418]
    ],
    [
      [0.0001260562361, 0.0086437781673, 0.88324066939, 0.10798949621],
      [0.91072017448, 0.01878861003, 0.064096148332, 0.006395067158],
      [0.086916857893, 0.70484772585, 0.17532437898, 0.032911037273],
      [0.01051043932, 0.0071038921478, 0.94758129011, 0.034804378421],
      [0.020155034551, 0.41198370486, 0.5001317943, 0.067729466294],
      [0.39913803558, 0.17338659163, 0.26177275446, 0.16570261833]
    ]
  ],
  "expected_outcome": [
    [
      [0.0022520181958, 0, 0.0012374925934, 0.0012170286454, 0.0012398808691, 0.0035134364158, 0.0021803262877, 0.00070452226241, 0.0020113499524, 0.0014479927692, 0.0075648294054, 0.013012577286, 0.00038813247153, 0.00033522998947, 0.00074386463315, 0.0010376610082, 0.0024092687129, 0, 0.0035219406927, 0.00049384906047, 0.000842034996, 0.004030835861, 0.0016416878417, 0.002298717566, 0.0039087614529, 0.0043428120165, 0.0011835184388, 0.0021061575699, 0.0035600215105, 0.0036307802503, 0.0011558133049, 0.00094028728933, 0.0018631387116, 0.00055157601018, 0.0019177286817, 0.0073855857171, 0.0052414898041, 0.0024492572718, 0.00052654774408, 0.0020516595276, 0.0034912960372, 0.003172739453, 0.0027138233943, 0.0022405410018, 0.0036966118982, 0.0026430859909, 0.0020393303686, 0.0051865257676, 0.0043521661786, 0.0032443698148, 0.0017185420708, 0.0031512570341, 0.0013165380613, 0.007012409291, 0.00058709022894, 0.0003415877451, 0.0031711371043, 0.0040748093994, 0.0037466309174, 0.00018915247242, 0.022556362863, 0.0018919897022, 0.012570136392, 0.0015126748332],
      [0.15367134324, 0.023178013127, 0.071541515754, 0.091819158894, 0.04566402269, 0.20000069343, 0.26503129259, 0.03619152945, 0.12552518627, 0.09800492996, 0.55462502001, 0.86126311933, 0.038765001129, 0.025462232898, 0.043487703198, 0.034463248049, 0.12349965163, 0, 0.22009715215, 0.078204851981, 0.079693558439, 0.45400088213, 0.084639260732, 0.21595918635, 0.39243717238, 0.18654602489, 0.092978343517, 0.22116808447, 0.24576730067, 0.16516249405, 0.086373366852, 0.1183404884, 0.16339767746, 0.055044292062, 0.21987111405, 0.65495947076, 0.62926399638, 0.20798362327, 0.019422262732, 0.1165640664, 0.21429484161, 0.26580231863, 0.25581852708, 0.16222108571, 0.17010821722, 0.15947987609, 0.16403725472, 0.37273506093, 0.33370335803, 0.18788344873, 0.080136123464, 0.245663513, 0.14816586426, 0.45952019843, 0.079641419681, 0.0179059062, 0.13572584354, 0.22419053571, 0.1774069155, 0.025469764905, 1.7461114519, 0.14005264544, 0.70633566568, 0.10372533801],
      [17.9175139923, 1.4609805148, 8.2011841725, 9.4197780489, 7.935610861, 20.6551771537, 25.4793477565, 4.5146509097, 16.0243187001, 12.4228056534, 59.2069830445, 89.7299254095, 3.4901396972, 1.9742025371, 6.4910306552, 7.5325523315, 13.5287097874, 0, 24.160786211, 7.3078331838, 13.373681893, 54.1463005684, 8.2666157298, 20.7909361157, 33.9371639697, 24.3312445395, 13.501328759, 17.0127710421, 24.9516583714, 19.0207152791, 9.6001749514, 10.7258097676, 17.937645727, 4.9444041319, 16.9189496691, 48.669378714, 43.9306692937, 21.2787581562, 2.8824624956, 13.7642012974, 22.3215006609, 25.8947860566, 22.568705411, 17.7017720948, 23.282948386, 14.9610207643, 15.6715206246, 33.4966444314, 33.0538231667, 19.8478327151, 8.0335460891, 24.9754980439, 13.5584096816, 50.7028497842, 6.4573626614, 2.7004621025, 18.9507038224, 23.9897216171, 22.3556125468, 2.1989859953, 169.9089150936, 12.4807202131, 71.4968718477, 10.5988880327],
      [0.92656264623, 0.51584147209, 0.72603681919, 0.48718576356, 1.0174852354, 2.1413087165, 2.2534406246, 0.44845303855, 0.84814476369, 1.4777414239, 7.2308271061, 8.3957988939, 0.4707071692, 0, 0.46473777694, 0.43194675944, 1.3453812923, 0, 2.6155946961, 0.61346811519, 1.5457825136, 6.3956677136, 0.64710332167, 1.9908059804, 4.6664900965, 1.4778666236, 1.404509379, 2.7639547159, 4.7990143065, 1.8104914466, 1.3122958684, 1.1549094567, 2.8970934568, 0, 3.8592614882, 6.6682762295, 7.4348252202, 1.5108089632, 0.097588693878, 1.1171829767, 1.4607132015, 2.8362388854, 2.1727622385, 1.1337662785, 2.5432467849, 1.8768562736, 2.1624027904, 5.1254339819, 3.6081213091, 2.9610394663, 0.88459924533, 1.775687186, 2.2921079161, 3.8306176081, 1.4624088287, 0.28129040359, 1.910399197, 1.7820130378, 1.4632339068, 0.77535508737, 17.3224170917, 1.3773351517, 10.7842223502, 1.2958739545]
    ],
    [
      [25.3809774704, 0, 28.5083338847, 22.6912713348, 18.5212617416, 85.9690752554, 9.5178831043, 36.8922802928, 18.1710053566, 5.4196080164, 99.1394336016, 126.8770379777, 28.3748107668, 3.7359611024, 2.7145435199, 8.3219528565, 52.0390971507, 9.6578148956, 11.0049135774, 6.7073204853, 5.0325075007, 34.6799932788, 14.0614963112, 28.4158980598, 65.5874849131, 18.6721908305, 13.1058362403, 5.3857749824, 6.3747832082, 56.9770448911, 28.7241029218, 34.425592338, 0.88961150596, 2.7334209872, 17.5694147354, 32.7155888444, 50.3235561084, 45.618211872, 4.7140650606, 23.8895095116, 34.9932975264, 65.4571148342, 64.3369705774, 56.066035659, 12.0233504533, 66.5859962987, 42.3313593869, 104.9719887898, 66.8521343393, 8.3028630566, 30.057853643, 8.1571183106, 9.5908770851, 117.5017526209, 20.5644134718, 10.0365642895, 51.9392235296, 29.6556360235, 56.6044739535, 9.2629230292, 268.365259701, 44.7715829386, 163.5788779539, 57.3753709922],
      [0.51781796306, 0, 0.49096450627, 0.50617205868, 0.20031958322, 1.4811535986, 0.33415669028, 0.56627680285, 0.33593442163, 0.10304538667, 2.2026498038, 2.5490700817, 0.84186889841, 0.07551128277, 0.045614439352, 0.078684019057, 0.80116020244, 0.22163230321, 0.19961177938, 0.29906799762, 0.13586883647, 1.1755590273, 0.21084499034, 0.80200531864, 1.9935237513, 0.23812408715, 0.30282134801, 0.15747139188, 0.12700642181, 0.78130711089, 0.64057365936, 1.2990649957, 0.021475086815, 0.067331640612, 0.60033287997, 0.87258160755, 1.8248771238, 1.1660332959, 0.047620244265, 0.40582194654, 0.64447134135, 1.6577518921, 1.8325109003, 1.2260719657, 0.16329169927, 1.2145291049, 1.0254743644, 2.2874952023, 1.5503754414, 0.14065819971, 0.41851742055, 0.18363442786, 0.31531734461, 2.3358827757, 0.82089151712, 0.15043185763, 0.67071324089, 0.48893234176, 0.8082180814, 0.36879885947, 6.3193464341, 0.9958242882, 2.7917966419, 1.1836824319],
      [2.0159568352, 0, 1.8656860911, 1.7296796543, 1.1576529171, 5.1157507735, 1.070746923, 2.3511981567, 1.431192387, 0.43520308371, 7.871015447, 8.8925483067, 2.5081568541, 0.18852761479, 0.22659430689, 0.57266022364, 2.9226045144, 0.1205528012, 0.73092749658, 0.93018171717, 0.76000548669, 4.6910648852, 0.68411312099, 2.5799669486, 5.7694976176, 1.0381592967, 1.4668114895, 0.40341657389, 0.43059868088, 3.0075533109, 2.3706624076, 3.9295437635, 0.07856788811, 0.19924737222, 1.5425568594, 2.1686865755, 4.2612518969, 3.984392015, 0.23195047866, 1.5985540753, 2.2422688644, 5.4010266343, 5.4047452731, 4.4734373229, 0.74671080482, 3.8084117418, 3.2735959938, 6.8787338657, 5.1383980249, 0.49603681275, 1.3979122532, 0.62310131838, 0.96117768781, 8.6286505843, 2.2090106429, 0.74971970567, 3.1317684101, 1.7491847499, 3.405039586, 1.0622448971, 20.5956171156, 2.9652187449, 9.4608337459, 4.0380573449],
      [0.085247731397, 0, 0.13501551795, 0.072876952168, 0.12076575809, 0.43402037247, 0.077213282405, 0.19024474762, 0.061867834748, 0.042143513271, 0.78690114757, 0.68134363395, 0.27516348068, 0, 0.013247733815, 0.026702900847, 0.23713813247, 0, 0.064547146673, 0.063429799865, 0.071618176151, 0.45338280876, 0.043545577426, 0.20212967303, 0.64949371795, 0.051525785646, 0.1245309222, 0.053337051816, 0.067611689098, 0.23409468705, 0.26466101116, 0.3457989028, 0.010345519111, 0, 0.28769552523, 0.24314297264, 0.59031487083, 0.23136281713, 0.0063642164864, 0.10611446658, 0.11996226787, 0.48410663933, 0.42577324918, 0.23445505241, 0.066647042622, 0.39106285458, 0.36957025485, 0.86178214224, 0.45909219439, 0.060441930926, 0.12571668321, 0.036145943147, 0.13262788243, 0.5337140191, 0.40568436816, 0.06328414725, 0.25829481937, 0.10624688483, 0.18226837915, 0.30603321421, 1.7197767494, 0.26737402832, 1.1684916583, 0.40288923096]
    ],
    [
      [8.9618550388, 0, 4.1894732998, 3.1549158762, 3.8151093507, 26.2461980359, 1.7615537645, 4.986882775, 3.7722352833, 1.997784936, 21.5043545063, 39.6291537853, 1.9952514178, 2.1308803652, 6.3861823781, 3.875052788, 5.9311399174, 1.1320065616, 2.6016286562, 0.92733633238, 1.6454577913, 10.2725239212, 4.1114237206, 12.5267800221, 27.3592649695, 8.940014257, 4.4767755029, 1.0807074896, 3.9916127387, 20.0697141237, 6.6174112925, 5.4513014306, 1.6078238087, 0.82566143168, 7.6031138941, 14.6003314586, 14.6276682556, 12.8078380947, 3.9836114258, 17.3865891436, 14.3618919912, 21.7429631957, 17.0908652871, 25.8649877765, 10.4357697131, 27.3508579725, 13.8713986461, 37.5505012346, 21.6828877093, 5.5007638101, 10.164422455, 3.2891987799, 3.6123501163, 39.4406334586, 0.77949864705, 3.7600185103, 23.7143033353, 14.4370548423, 18.0966128317, 7.2026314746, 84.9326611554, 10.0609206612, 47.5837758322, 5.8234294788],
