{
  "Z_true": {},
  "V_true": [
    [36, 571, 196, 579],
    [1617, 271, 2927, 85],
    [664, 185, 9603, 257],
    [570, 14412, 2065, 493],
    [145, 419, 1528, 790],
    [175, 269, 517, 339]
  ],
  "p_true": [
    [0.026, 0.4132, 0.1418, 0.419],
    [0.33, 0.0553, 0.5973, 0.0173],
    [0.062, 0.0173, 0.8967, 0.024],
    [0.0325, 0.8217, 0.1177, 0.0281],
    [0.0503, 0.1454, 0.5302, 0.2741],
    [0.1346, 0.2069, 0.3977, 0.2608]
  ],
  "Z_est": [
    [
      [0.308, 0.8537, 0.0853, 0.3383, 0.3722, 0.0628, 0.2295, 0.1649, 0.3245, 0.0735, 0.4178, 0.1803, 0.2831, 0.3956, 0.0387, 0.2219, 0.3757, 0.2959, 0.3218, 0.151, 0.5241, 0.1452, 0.1952, 0.516, 0.2245, 0, 0.0107, 0.0038, 0.3014, 0.3797, 0.029, 0.246, 0.0194, 0, 0.3637, 0.0869, 0.3414, 0.1049, 0.2682, 0.4937, 0.2502, 0.1669, 0.1714, 0.281, 0.1335, 0.6468, 0, 0, 4.4927, 0.2226, 1.0446, 0.29],
      [3.1334, 0.6058, 0.2363, 6.4408, 5.0208, 0.8722, 4.5062, 1.8131, 3.2238, 0.1969, 3.6342, 1.5403, 6.1463, 5.4622, 0.1576, 2.057, 5.3127, 3.2884, 5.84, 1.8093, 5.3342, 0.6956, 10.0987, 6.0586, 0.7361, 0.0815, 0.1695, 0.1621, 2.8787, 3.451, 0.1182, 1.541, 0.0788, 0, 2.4487, 0.8277, 2.1565, 0.8811, 1.7501, 3.5716, 0.7878, 1.2217, 1.7495, 2.2529, 0.9834, 9.6578, 0, 0, 44.2586, 0.9059, 9.1167, 2.7438],
      [2.0322, 0.4231, 0.992, 2.0197, 0.9087, 0.6406, 5.3954, 1.4361, 3.2799, 0.0989, 7.8979, 4.4508, 7.0678, 6.398, 0.0791, 1.924, 2.7174, 4.9514, 2.8559, 1.4109, 9.8557, 1.9174, 1.1714, 4.1087, 0.3561, 0.1374, 0.1121, 0.9409, 2.0746, 2.7807, 0.0593, 0.3165, 0.0396, 0, 6.7312, 0.3121, 4.9022, 0.4596, 4.505, 7.6247, 0.3956, 0.2769, 2.4131, 4.9081, 0.1978, 5.6304, 0, 0, 35.9333, 0.455, 3.6793, 1.8689],
      [19.5264, 5.1175, 4.6863, 20.2013, 9.6983, 2.4244, 10.869, 6.5859, 13.1718, 4.6306, 25.0501, 10.8286, 12.5027, 23.7442, 3.7246, 11.7971, 23.5941, 18.4642, 20.9823, 9.6289, 31.2861, 8.2417, 6.5348, 33.3167, 16.6833, 0.7811, 0.7077, 1.8932, 18.7453, 20.3887, 2.7935, 13.8965, 1.8623, 0, 24.4564, 6.7733, 25.5999, 7.5544, 18.4767, 35.31, 18.5664, 12.3344, 10.6661, 18.5579, 8.6853, 40.0651, 0, 0, 289.3154, 21.4165, 62.1594, 11.0973]
    ],
    [
      [49.448, 8.12, 21.72, 44.8795, 36.932, 21.2536, 23.1864, 57.9491, 106.9307, 18.0844, 45.5959, 13.5226, 22.9095, 39.5947, 10.3265, 48.7115, 50.6644, 24.8356, 26.0721, 22.22, 56.9693, 35.0958, 19.2789, 77.27, 43.7102, 0, 0.7231, 0.9783, 57.6991, 100.6862, 32.4059, 81.3989, 12.3333, 0, 27.9981, 8.6361, 17.6179, 15.2121, 18.8075, 28.9444, 44.1564, 24.8557, 19.0507, 23.896, 29.9309, 83.0146, 5.7989, 8.1974, 721.7938, 79.3789, 230.8318, 115.1752],
      [2.0222, 0.0701, 0.2423, 2.7399, 5.5739, 1.335, 3.3994, 3.5156, 3.7465, 0.7875, 0.4782, 0.7811, 0.2232, 4.565, 0.0893, 0.4719, 0.5356, 0.2359, 0.3061, 2.7794, 3.9116, 2.3998, 1.9802, 6.2411, 1.331, 0.0425, 0.0219, 0.039, 3.2174, 2.905, 2.1945, 2.6669, 0.797, 0, 1.1028, 0.5025, 0.8031, 0.5571, 0.7194, 1.509, 1.56, 0.9242, 1.0037, 1.1426, 0.9532, 0.9182, 0.2196, 0.1509, 29.3083, 2.2325, 6.6672, 2.89],
      [27.2966, 2.7539, 15.9817, 28.1753, 17.4148, 19.3927, 19.3256, 48.4746, 82.2015, 7.9929, 28.6833, 11.603, 11.7553, 29.6211, 3.5049, 24.686, 32.5388, 11.7466, 21.4073, 18.8934, 42.8252, 71.4111, 22.6757, 64.1064, 39.721, 1.9481, 0.2504, 1.9687, 45.8595, 87.1755, 30.7442, 78.7476, 11.792, 0, 20.6378, 12.7728, 12.2758, 13.1329, 8.2679, 15.1454, 28.9944, 17.0521, 8.8336, 17.7655, 22.9993, 59.6427, 3.6223, 3.647, 569.4833, 51.0481, 128.7174, 100.8228],
      [0.2332, 0.056, 0.056, 0.2052, 0.0793, 0.0187, 0.0886, 0.0606, 0.1213, 0.1353, 0.2426, 0.0933, 0.112, 0.2192, 0.0793, 0.1306, 0.2612, 0.1819, 0.2146, 0.1073, 0.2939, 0.0933, 0.0653, 0.3825, 0.2379, 0.0093, 0.0047, 0.014, 0.2239, 0.2332, 0.6554, 0.1866, 0.0777, 0, 0.2612, 0.0886, 0.3032, 0.098, 0.2052, 0.4012, 0.2892, 0.1679, 0.112, 0.1959, 0.1166, 0.4245, 0.3592, 0.0047, 3.4146, 0.3405, 0.7837, 0.112]
    ],
    [
      [2.3559, 3.0907, 1.0716, 3.7311, 1.0903, 0.4435, 0.8984, 1.22, 2.6375, 3.1186, 2.1397, 0.8743, 0.8019, 1.5753, 5.8199, 1.6987, 2.0222, 1.1893, 1.314, 0.9193, 2.2545, 1.1524, 0.2035, 2.7451, 0.4883, 0, 0.08, 0.0102, 1.6443, 3.5863, 1.0988, 3.0114, 0.3185, 0.8575, 0.8028, 0.0916, 0.3642, 0.173, 1.9595, 1.6564, 3.9142, 1.671, 1.8204, 1.4101, 1.2407, 3.7567, 0.1721, 0.2128, 32.3368, 11.5033, 8.0298, 4.0355],
      [1.6329, 0.2224, 1.0529, 4.0663, 0.1799, 0.1104, 4.4907, 0.8371, 0.7195, 1.5996, 4.7149, 0.6758, 0.7441, 0.5886, 0.4649, 1.596, 2.9763, 1.1601, 1.0424, 0.3556, 0.9064, 0.4088, 1.0275, 0.9852, 1.4684, 0.0143, 0.063, 0.0463, 2.1074, 2.0941, 0.7616, 1.902, 0.0981, 4.0108, 0.3767, 0.174, 0.2908, 0.1788, 0.2599, 0.5841, 0.5197, 1.0318, 0.9534, 1.0099, 0.2384, 1.443, 0.0841, 0.0889, 22.5948, 2.6242, 4.7278, 1.4452],
      [211.8077, 22.6344, 101.0266, 102.2302, 41.5271, 26.1631, 76.2666, 69.0231, 170.8035, 94.865, 188.9512, 90.0349, 60.7561, 137.4253, 54.0633, 128.7065, 167.6977, 104.0621, 123.4091, 83.442, 194.9165, 96.5314, 50.7786, 229.6514, 272.3243, 24.8006, 8.7862, 3.7029, 103.0155, 302.415, 96.5368, 264.1911, 22.978, 13.6088, 275.8585, 126.4177, 150.5088, 140.3562, 174.8445, 381.278, 272.1351, 169.4235, 131.4954, 138.5154, 108.1581, 338.701, 12.5043, 12.3546, 2945.0988, 314.7158, 618.4716, 170.8212],
      [5.2035, 1.0525, 0.849, 3.9724, 1.2028, 0.283, 1.3443, 0.9198, 1.8395, 6.4167, 5.1942, 1.415, 1.698, 4.4108, 2.6519, 2.9987, 5.3038, 3.5885, 4.2345, 2.2831, 5.9226, 1.9074, 0.9905, 7.6183, 5.719, 0.1851, 0.0708, 0.2406, 4.2328, 5.9045, 1.6028, 4.8955, 0.6054, 0.5229, 3.962, 2.3167, 12.8362, 3.292, 4.9362, 12.4815, 7.431, 3.8738, 2.7308, 4.0646, 4.3628, 9.0993, 0.2395, 0.3437, 74.9696, 11.1567, 16.7709, 1.698]
    ],
    [
      [10.4215, 4.8288, 2.8752, 5.6519, 2.4293, 1.1176, 0.5177, 5.2633, 14.3087, 2.4586, 8.4188, 0.2483, 5.7489, 3.0195, 5.5323, 12.9734, 9.3305, 6.3287, 1.9398, 0.4024, 5.6631, 0.2297, 0.1241, 4.6275, 2.9593, 0, 0.1572, 0.0062, 5.8888, 7.5752, 0.211, 1.6671, 0.2508, 0.1074, 3.2226, 0.0559, 2.3389, 1.3084, 3.5738, 5.4053, 4.9378, 2.9573, 3.7432, 2.1865, 3.4069, 11.6028, 0.9959, 2.5458, 67.0435, 5.902, 52.7645, 8.6098],
      [296.6145, 45.4442, 169.219, 295.8777, 121.9745, 88.5175, 296.3974, 261.3382, 496.5757, 120.1225, 300.3516, 119.9888, 235.4277, 481.9154, 85.5703, 433.078, 454.5352, 289.8096, 363.1192, 236.5966, 481.3591, 229.418, 122.0359, 598.8807, 153.5843, 5.7641, 10.684, 3.719, 300.331, 328.687, 143.7257, 319.0791, 66.9396, 5.6853, 151.7582, 70.5991, 116.9006, 72.4579, 104.6395, 236.0464, 210.8301, 125.9354, 159.8367, 169.014, 96.7855, 629.4943, 12.6052, 14.6586, 4071.7108, 270.2918, 843.801, 291.867],
      [34.7942, 2.3433, 16.8794, 11.1304, 4.5587, 15.3561, 9.043, 16.3698, 70.0583, 8.7151, 26.0492, 17.7188, 8.7705, 17.3233, 5.5417, 22.5295, 26.2198, 14.1484, 27.0506, 17.4388, 30.8389, 27.3083, 12.8091, 36.6092, 20.4548, 1.168, 1.1566, 0.2319, 12.5741, 28.3028, 22.6732, 52.5827, 3.6571, 0.1485, 22.6004, 25.8476, 9.8575, 17.3528, 37.356, 62.0514, 37.2912, 53.4878, 5.0227, 20.52, 10.4577, 53.5579, 2.7413, 2.6403, 331.0479, 29.9654, 71.5402, 22.4703],
      [5.1698, 1.3836, 0.0264, 2.3399, 0.0375, 0.0088, 0.0419, 0.0287, 0.0573, 5.7038, 2.1804, 0.0441, 0.0529, 0.7419, 2.3557, 1.4191, 4.9145, 1.7134, 3.8904, 0.5622, 0.1388, 0.0441, 0.0309, 7.8826, 6.0017, 0.0679, 0.0022, 0.0429, 6.2061, 1.435, 0.39, 1.6711, 1.1524, 0.0588, 1.4188, 1.4974, 1.903, 0.881, 1.4306, 3.497, 6.9409, 2.6196, 0.3974, 4.2794, 1.3499, 1.345, 0.6575, 0.1553, 63.1978, 7.8408, 16.8942, 0.0529]
    ],
    [
      [0.0446, 0.0077, 0.0192, 0.0385, 0.0115, 0.0069, 0.0077, 0.0146, 0.0231, 0.0285, 0.0354, 0.0154, 0.0169, 0.0293, 0.0123, 0.0223, 0.0277, 0.0239, 0.0208, 0.0185, 0.0539, 0.0131, 0.0123, 0.0547, 0.04, 0, 0, 0.0015, 0.0362, 0.0431, 0.0177, 0.0446, 0.0031, 0.0062, 0.0631, 0, 0.057, 0.0239, 0.047, 0.097, 0.0685, 0.057, 0.0277, 0.0316, 0.0216, 0.1016, 0.0008, 0.0008, 0.6551, 0.0554, 0.117, 0.0154],
      [1.2141, 0.4353, 2.4566, 2.7184, 0.2148, 0.1289, 0.1432, 1.62, 0.4296, 0.6852, 0.6587, 0.4418, 0.3893, 0.5441, 0.2291, 0.4153, 0.5155, 0.4439, 0.3866, 0.3437, 3.0291, 0.2434, 0.2291, 1.0167, 0.9439, 0.0648, 0, 0.0337, 1.0628, 1.2281, 0.5149, 1.2417, 0.0573, 0.2462, 1.3722, 0.5354, 1.2126, 0.5379, 1.0101, 2.1113, 3.0785, 1.2238, 0.7223, 0.8065, 0.5263, 3.5648, 0.0306, 0.0331, 17.4567, 1.3807, 3.2696, 0.6637],
      [41.5036, 6.178, 18.5769, 33.9077, 9.9277, 7.9744, 4.913, 14.4734, 21.6351, 27.2101, 30.4747, 14.0247, 14.694, 24.2752, 10.8417, 20.2762, 20.4451, 19.6571, 14.444, 16.8187, 47.9361, 11.0883, 11.5091, 46.6501, 35.9816, 3.2065, 0, 1.1555, 31.8886, 39.6331, 18.1662, 43.7006, 2.3211, 6.7351, 62.2896, 24.0386, 53.0209, 23.5674, 45.8272, 95.7214, 65.7467, 59.4609, 27.357, 27.91, 19.9043, 98.7254, 0.4528, 0.6727, 609.6759, 49.2165, 100.457, 12.563],
      [15.2376, 3.3789, 3.9472, 13.3353, 4.8459, 0.8898, 4.9361, 2.892, 7.9122, 9.0762, 14.8312, 5.5181, 6.8998, 13.1514, 4.9169, 8.2862, 15.0116, 10.8751, 12.1486, 6.8192, 18.9809, 5.6552, 4.2495, 23.2786, 15.0344, 0.7287, 0, 0.8093, 14.0123, 15.0958, 4.3012, 13.013, 1.6185, 1.0125, 18.275, 6.4259, 19.7096, 6.8709, 14.1157, 28.0703, 20.1064, 13.2583, 7.893, 12.2519, 7.5479, 29.6082, 0.5159, 0.2934, 223.2124, 21.3474, 48.1564, 6.7579]
    ],
    [
      [0.4219, 0.0991, 0.2287, 0.3606, 0.1648, 0.1155, 0.1603, 0.388, 0.7754, 0.2364, 0.3924, 0.1592, 0.2397, 0.3857, 0.2703, 0.3721, 0.5794, 0.3266, 0.3315, 0.2889, 0.5351, 0.3638, 0.186, 0.7868, 0.5777, 0, 0.029, 0, 0.4301, 0.7295, 0.2375, 0.632, 0.075, 0.029, 0.5498, 0.1296, 0.2806, 0.1778, 0.3441, 0.4032, 0.6729, 0.2922, 0.1866, 0.1948, 0.2665, 0.8776, 0.0323, 0.0432, 6.6782, 0.9378, 2.2123, 0.8742],
      [1.3829, 0.2222, 0.7928, 1.1569, 0.0361, 0.0361, 0.0632, 1.876, 2.305, 0.6082, 0.1624, 0.5721, 2.0694, 1.9246, 0.4888, 0.3818, 2.1247, 3.0621, 2.3057, 1.1155, 1.4597, 2.8343, 0.6287, 2.8178, 0.9363, 0.0328, 0.0616, 0, 1.4027, 1.6348, 0.6852, 1.5693, 0.0292, 0.0576, 0.9413, 0.3612, 0.6364, 0.3872, 0.621, 1.1775, 1.224, 0.663, 0.7345, 0.7741, 0.5132, 2.9219, 0.0605, 0.0684, 19.6708, 1.5648, 4.4178, 1.3902],
      [12.5657, 2.6673, 8.5434, 10.5366, 2.6629, 3.4731, 5.0564, 11.2229, 27.0216, 9.118, 12.9438, 6.1677, 6.9563, 12.9571, 11.9693, 10.8777, 21.3813, 10.4344, 11.8331, 11.9963, 18.6276, 12.7435, 7.0563, 28.8741, 25.1623, 0.7393, 1.6947, 0, 12.5876, 22.6929, 7.8202, 21.4615, 2.2122, 1.5075, 25.8824, 5.6111, 11.4348, 7.1312, 15.1993, 15.1791, 29.4371, 11.2988, 5.8782, 5.3809, 9.2828, 31.7426, 0.6793, 0.6854, 230.7609, 37.5993, 77.1346, 15.4536],
      [4.6295, 1.0114, 2.435, 3.9458, 1.1363, 0.3753, 1.7201, 2.5131, 2.8979, 3.0374, 4.5015, 2.1009, 2.7346, 4.7325, 3.2717, 3.3684, 6.9147, 4.1769, 4.5296, 3.5994, 6.3777, 4.0584, 2.1291, 9.5213, 7.3237, 0.2279, 0.2147, 0, 4.5795, 6.9428, 2.2571, 6.3372, 0.6837, 0.4058, 7.6265, 1.898, 4.6481, 2.3038, 4.8356, 6.2402, 8.666, 3.7461, 2.2008, 2.6502, 2.9376, 10.4578, 0.2279, 0.2029, 77.8902, 10.8981, 23.2353, 4.282]
    ]
  ],
  "V_est": [
    [17.448, 178.0152, 161.1434, 1025.3934],
    [2714.8017, 114.8103, 2057.5358, 12.8522],
    [130.6136, 83.7499, 10220.7911, 273.8454],
    [315.8835, 15611.5985, 1438.3627, 174.1553],
    [2.1916, 63.8619, 2048.8306, 767.1159],
    [26.0616, 74.9643, 909.3363, 289.6378]
  ],
  "p_est": [
    [0.0126, 0.1288, 0.1166, 0.742],
    [0.554, 0.0234, 0.4199, 0.0026],
    [0.0122, 0.0078, 0.9544, 0.0256],
    [0.018, 0.8901, 0.082, 0.0099],
    [0.0008, 0.0222, 0.7109, 0.2662],
    [0.02, 0.0577, 0.6995, 0.2228]
  ],
  "EI_Z": {},
  "EI_V": 11.0857,
  "MAE_Z": {},
  "MAE_V": 357.6331,
  "MAE_p": 0.0964,
  "runtime": 1.936
}
