{
  "X": [
    [178, 520, 2083, 90],
    [152, 409, 1504, 71],
    [18, 33, 98, 3],
    [13, 41, 68, 20],
    [7, 14, 87, 3],
    [93, 383, 858, 63],
    [214, 704, 1913, 119],
    [200, 707, 2580, 145],
    [12, 18, 34, 4],
    [190, 1383, 1145, 108],
    [77, 277, 385, 45],
    [5, 16, 28, 4],
    [12, 55, 134, 25],
    [5, 76, 135, 7],
    [18, 30, 61, 11],
    [2, 8, 26, 6],
    [77, 193, 587, 33],
    [49, 81, 383, 16],
    [40, 108, 372, 20],
    [74, 142, 607, 33],
    [106, 189, 718, 33],
    [62, 193, 550, 48],
    [10, 15, 91, 1],
    [2, 1, 10, 0],
    [1, 9, 9, 2],
    [16, 23, 122, 2],
    [7, 7, 98, 5],
    [3, 10, 60, 2],
    [8, 20, 179, 4],
    [17, 49, 306, 9],
    [7, 20, 102, 6],
    [16, 60, 68, 15],
    [5, 10, 102, 6],
    [9, 22, 71, 6],
    [5, 6, 113, 4],
    [3, 9, 72, 9],
    [4, 13, 99, 3],
    [34, 88, 203, 37],
    [26, 125, 291, 25],
    [3, 16, 7, 7],
    [3, 3, 27, 2],
    [1, 3, 15, 0],
    [9, 13, 174, 12],
    [40, 65, 375, 18],
    [25, 50, 152, 18],
    [39, 85, 368, 18],
    [28, 96, 125, 22],
    [36, 66, 230, 16],
    [21, 99, 347, 21],
    [16, 32, 149, 12],
    [19, 86, 224, 14],
    [55, 173, 354, 26],
    [30, 101, 251, 18],
    [44, 152, 437, 30],
    [30, 71, 185, 26],
    [43, 102, 257, 33],
    [0, 3, 5, 2],
    [36, 91, 335, 22],
    [3, 7, 53, 4],
    [22, 136, 85, 12],
    [45, 350, 323, 47],
    [14, 198, 78, 19],
    [16, 120, 89, 15],
    [27, 199, 98, 7],
    [31, 142, 159, 14],
    [5, 17, 17, 3],
    [31, 124, 160, 18],
    [1, 13, 34, 0],
    [15, 48, 130, 16],
    [9, 12, 15, 4],
    [4, 18, 83, 3],
    [3, 19, 58, 6],
    [82, 153, 413, 22],
    [327, 810, 1377, 140],
    [227, 535, 1067, 103],
    [1, 1, 3, 0]
  ],
  "W": [
    [83, 582, 1888, 239, 79],
    [96, 441, 1331, 170, 98],
    [8, 40, 88, 7, 9],
    [5, 46, 63, 14, 14],
    [3, 13, 80, 10, 5],
    [40, 394, 733, 178, 52],
    [104, 785, 1719, 210, 132],
    [101, 766, 2354, 255, 156],
    [5, 21, 34, 4, 4],
    [66, 1394, 947, 292, 127],
    [38, 294, 329, 73, 50],
    [0, 20, 24, 9, 0],
    [9, 62, 127, 18, 10],
    [3, 80, 116, 15, 9],
    [10, 34, 55, 14, 7],
    [0, 10, 21, 10, 1],
    [36, 222, 531, 62, 39],
    [14, 116, 345, 29, 25],
    [27, 122, 334, 37, 20],
    [32, 181, 532, 71, 40],
    [50, 234, 609, 99, 54],
    [29, 222, 477, 91, 34],
    [1, 21, 83, 4, 8],
    [0, 4, 9, 0, 0],
    [0, 11, 7, 1, 2],
    [5, 30, 96, 25, 7],
    [3, 9, 83, 13, 9],
    [4, 12, 51, 4, 4],
    [10, 19, 161, 11, 10],
    [14, 49, 263, 39, 16],
    [5, 15, 91, 19, 5],
    [6, 69, 57, 20, 7],
    [1, 11, 93, 14, 4],
    [2, 25, 65, 10, 6],
    [2, 14, 91, 13, 8],
    [2, 13, 64, 10, 4],
    [0, 18, 86, 12, 3],
    [8, 102, 157, 68, 27],
    [7, 137, 252, 51, 20],
    [0, 15, 4, 11, 3],
    [0, 6, 22, 5, 2],
    [0, 4, 14, 1, 0],
    [4, 18, 160, 14, 12],
    [22, 76, 354, 25, 21],
    [11, 61, 135, 23, 15],
    [17, 115, 321, 27, 30],
    [5, 106, 116, 28, 16],
    [15, 88, 197, 34, 14],
    [13, 108, 298, 54, 15],
    [3, 36, 143, 17, 10],
    [10, 86, 205, 27, 15],
    [18, 183, 273, 87, 47],
    [13, 114, 208, 44, 21],
    [26, 181, 376, 54, 26],
    [15, 76, 160, 39, 22],
    [20, 116, 231, 48, 20],
    [0, 2, 4, 3, 1],
    [6, 99, 296, 57, 26],
    [0, 9, 52, 4, 2],
    [7, 147, 60, 27, 14],
    [13, 361, 274, 83, 34],
    [6, 214, 50, 24, 15],
    [6, 120, 67, 36, 11],
    [11, 195, 77, 32, 16],
    [10, 162, 121, 32, 21],
    [0, 20, 13, 8, 1],
    [12, 122, 128, 49, 22],
    [0, 12, 27, 3, 6],
    [4, 59, 120, 14, 12],
    [2, 16, 15, 3, 4],
    [2, 20, 82, 3, 1],
    [2, 20, 47, 13, 4],
    [43, 180, 364, 26, 57],
    [126, 951, 1187, 215, 175],
    [83, 638, 894, 188, 129],
    [0, 1, 2, 1, 1]
  ],
  "method": "mvn_cdf",
  "mvncdf_method": "genz",
  "mvncdf_samples": 5000,
  "mvncdf_error": 0.001,
  "cond_prob": [
    [
      [0.63096332882, 0.0066644231374, 0.3428330589, 0.019539189139],
      [0.11509545735, 0.80024248187, 0.052213269416, 0.032448791372],
      [0.0061904948201, 0.00058467751944, 0.98532745344, 0.0078973742163],
      [0.048970690594, 0.20122353515, 0.56220523564, 0.18760053862],
      [0.44623845899, 0.057081422492, 0.37330949228, 0.12337062624]
    ],
    [
      [0.6046574455, 0.0072513277032, 0.36630309177, 0.021788135029],
      [0.094656393698, 0.82635690827, 0.047711659219, 0.031275038816],
      [0.0055006874744, 0.00051808482252, 0.98591879304, 0.0080624346583],
      [0.042145764535, 0.21667777855, 0.55233636482, 0.18884009209],
      [0.38493082257, 0.064853905534, 0.42488740727, 0.12532786463]
    ],
    [
      [0.71774892216, 0.0063560663979, 0.26564071364, 0.010254297806],
      [0.15596042686, 0.77491360966, 0.048177338934, 0.020948624547],
      [0.0081804447948, 0.00054676320455, 0.98635267166, 0.0049201203439],
      [0.075774037543, 0.2097016527, 0.56951108675, 0.14501322301],
      [0.52992157153, 0.048508927933, 0.35135200228, 0.070217498257]
    ],
    [
      [0.63437760202, 0.020143157035, 0.24712768793, 0.098351553019],
      [0.082797359656, 0.79976293801, 0.032102170035, 0.085337532303],
      [0.01678205737, 0.013730837132, 0.94569486944, 0.023792236056],
      [0.031303291785, 0.1739990571, 0.22580571434, 0.56889193678],
      [0.32313698188, 0.057797109135, 0.18197178309, 0.43709412589]
    ],
    [
      [0.67966771142, 0.036099600052, 0.27038368712, 0.013849001403],
      [0.10898675794, 0.8541810292, 0.015209554393, 0.021622658461],
      [0.0077957712619, 0.00024445268517, 0.98418025581, 0.0077795202474],
      [0.055153538667, 0.24540379314, 0.53941658886, 0.16002607933],
      [0.47379438497, 0.062750734804, 0.3725076757, 0.090947204532]
    ],
    [
      [0.62698017666, 0.010306444792, 0.33974363716, 0.022969741388],
      [0.086231434371, 0.84303005652, 0.041928383569, 0.028810125542],
      [0.006229149917, 0.00094449443865, 0.9830145582, 0.0098117974487],
      [0.045228673134, 0.25716189483, 0.49243761382, 0.20517181822],
      [0.410171867, 0.076284004552, 0.37859432636, 0.13494980208]
    ],
    [
      [0.62580555638, 0.0083834268406, 0.33976349819, 0.02604751859],
      [0.096277442847, 0.8233873856, 0.043653254301, 0.036681917255],
      [0.0062460423914, 0.00044340886522, 0.98215796287, 0.011152585877],
      [0.04484837879, 0.22493533716, 0.49947005187, 0.23074623219],
      [0.40290396277, 0.066442312666, 0.3801404735, 0.15051325107]
    ],
    [
      [0.58046569049, 0.0088553048644, 0.38130755209, 0.029371452559],
      [0.084071436281, 0.83261792414, 0.044297202824, 0.039013436753],
      [0.0048222790048, 0.00070026398716, 0.98328588249, 0.011191574514],
      [0.037758531477, 0.21966680818, 0.50583526107, 0.23673939927],
      [0.35893701773, 0.068312992338, 0.40970077508, 0.16304921485]
    ],
    [
      [0.88068091193, 0.0075286797379, 0.092766559514, 0.019023848818],
      [0.16921697627, 0.78574048886, 0.0047196005957, 0.040322934271],
      [0.025873449316, 0.0033390203406, 0.93841720125, 0.032370329091],
      [0.11020473576, 0.28295489625, 0.25332630726, 0.35351406073],
      [0.68063067974, 0.054115014648, 0.12939137957, 0.13586292604]
    ],
    [
      [0.6480587969, 0.014533320049, 0.31380106523, 0.023606817812],
      [0.056773363434, 0.90112791631, 0.023267869967, 0.018830850289],
      [0.0051267578715, 0.0052175285621, 0.9795268251, 0.010128888464],
      [0.040245289166, 0.3622228628, 0.41361826549, 0.18391358254],
      [0.40534950108, 0.11935755948, 0.34224631548, 0.13304662396]
    ],
    [
      [0.68087362906, 0.0076362218632, 0.28004550849, 0.031444640587],
      [0.081412513125, 0.85540338191, 0.027974425758, 0.03520967921],
      [0.0078156279592, 0.0011635364511, 0.97500150125, 0.016019334337],
      [0.045537770949, 0.28221913846, 0.40810164061, 0.26414144998],
      [0.42591848719, 0.084728573768, 0.31133751655, 0.17801542249]
    ],
    [
      ["NaN", "NaN", "NaN", "NaN"],
      [0.20803113787, 0.71507558807, 0.027144411041, 0.049748863022],
      [0.0058332965131, 0.0051419258297, 0.97080564298, 0.018219134674],
      [0.077708680705, 0.17500911319, 0.46197514973, 0.28530705638],
      ["NaN", "NaN", "NaN", "NaN"]
    ],
    [
      [0.54197402478, 0.011919402252, 0.32248883766, 0.12361773531],
      [0.061394708055, 0.79885515197, 0.037693913844, 0.10205622613],
      [0.0058911749674, 0.014875956217, 0.96011159935, 0.019121269468],
      [0.020362136653, 0.15856989087, 0.23990473862, 0.58116323385],
      [0.2201064197, 0.062020148222, 0.25081193903, 0.46706149305]
    ],
    [
      [0.34650647733, 0.0057072017124, 0.62031848716, 0.027467833806],
      [0.023780900273, 0.89607604966, 0.052491764494, 0.027651285571],
      [0.00096723678681, 0, 0.9908176131, 0.0082151501162],
      [0.015127815606, 0.23081139992, 0.58690803644, 0.16715274803],
      [0.19098798276, 0.092735935904, 0.57791552368, 0.13836055766]
    ],
    [
      [0.80339990871, 0.0033091633731, 0.15755248659, 0.035738441322],
      [0.13740543897, 0.78023387763, 0.022820315157, 0.059540368245],
      [0.015039502483, 0.0021169167125, 0.9567360886, 0.0261074922],
      [0.064634265107, 0.20930266117, 0.32347098498, 0.40259208874],
      [0.50888051999, 0.05604126447, 0.21421510796, 0.22086310758]
    ],
    [
      ["NaN", "NaN", "NaN", "NaN"],
      [0.13077881442, 0.69710950332, 0.072156512721, 0.099955169535],
      [0.0028608391757, 0.0016187094665, 0.97990947143, 0.015610979926],
      [0.031611936754, 0.096367489862, 0.43394913072, 0.43807144266],
      [0.31601486555, 0.031237169362, 0.36084466549, 0.2919032996]
    ],
    [
      [0.67538891068, 0.0069688334245, 0.29652063287, 0.021121623019],
      [0.12252575442, 0.79756545999, 0.044479025155, 0.035429760434],
      [0.0074736581525, 0.00036347402017, 0.9815141482, 0.01064871963],
      [0.056209342413, 0.21397316702, 0.50980241338, 0.22001507718],
      [0.46235359041, 0.057185867129, 0.35023464897, 0.13022589349]
    ],
    [
      [0.67600418826, 0.0025126244516, 0.3061374129, 0.015345774388],
      [0.21115714975, 0.65592308155, 0.087012240095, 0.045907528595],
      [0.0040262709216, 0.0026577377472, 0.98585819565, 0.0074577956777],
      [0.06459730958, 0.11283015809, 0.63424046997, 0.18833206236],
      [0.47117306188, 0.0275500676, 0.40426420955, 0.097012660968]
    ],
    [
      [0.61777142135, 0.0061023389309, 0.35077151069, 0.025354729026],
      [0.10006226395, 0.81156051473, 0.050270107848, 0.038107113471],
      [0.0053256143987, 0.00035720217458, 0.98368114533, 0.010636038097],
      [0.042352902554, 0.20276104518, 0.53312169055, 0.22176436172],
      [0.38833814092, 0.060169492667, 0.40606054817, 0.14543181824]
    ],
    [
      [0.63591696853, 0.0045226175439, 0.34018786087, 0.019372553049],
      [0.16397295188, 0.71784843565, 0.072025922784, 0.046152689687],
      [0.0049650334967, 0.0012537200085, 0.9849603419, 0.0088209045952],
      [0.053596866959, 0.13788524091, 0.60387339581, 0.20464449632],
      [0.43811943355, 0.036696955927, 0.40508458588, 0.12009902464]
    ],
    [
      [0.65545038565, 0.0043745360919, 0.32582213128, 0.014352946977],
      [0.16779798867, 0.72846381751, 0.070155763085, 0.033582430732],
      [0.0050510734674, 0.0020719378095, 0.98729135409, 0.0055856346287],
      [0.059126185749, 0.15119482255, 0.6274310434, 0.1622479483],
      [0.46357694886, 0.038715598854, 0.40585809137, 0.09184936092]
    ],
    [
      [0.6082242708, 0.0073257081696, 0.3540155807, 0.030434440326],
      [0.11014484063, 0.7868980728, 0.052595653959, 0.050361432607],
      [0.0059293405732, 0.00016018832753, 0.98145730917, 0.012453161932],
      [0.042456984757, 0.1783456488, 0.51494504225, 0.26425232419],
      [0.38874883705, 0.052656424363, 0.38359346068, 0.17500127791]
    ],
    [
      [0.8290612768, 0.0013164112934, 0.16184037745, 0.0077819344592],
      [0.22405205095, 0.67127156655, 0.093244831155, 0.011431551339],
      [0.0036505738067, 0.0025040284064, 0.99287737856, 0.00096801922379],
      [0.071582986129, 0.12055127887, 0.72257057855, 0.085295156449],
      [0.48456451034, 0.02649265223, 0.44761417917, 0.041328658258]
    ],
    [
      ["NaN", "NaN", "NaN", "NaN"],
      [0.49696514228, 0.24959421632, 0.2534406414, 0],
      [0.0013488256529, 0.00018034830316, 0.99847082604, 0],
      ["NaN", "NaN", "NaN", "NaN"],
      ["NaN", "NaN", "NaN", "NaN"]
    ],
    [
      ["NaN", "NaN", "NaN", "NaN"],
      [0.05423282312, 0.79154319871, 0.061878695409, 0.092345282759],
      [0.00092753195329, 0, 0.97586105263, 0.023211415417],
      [0.017004791194, 0.10941485489, 0.52787386215, 0.34570649177],
      [0.18997071541, 0.091804979638, 0.48021655997, 0.23800774498]
    ],
    [
      [0.65074549204, 0.0037570134231, 0.34079046339, 0.0047070311451],
      [0.23409325185, 0.65005398647, 0.11048102555, 0.0053717361333],
      [0.0039217001718, 0.00081738451398, 0.99462377312, 0.00063714219664],
      [0.076134228333, 0.12891332376, 0.73446048758, 0.060491960329],
      [0.4919480085, 0.02547047591, 0.44803178685, 0.034549728741]
    ],
    [
      [0.5067736083, 0.0028066434351, 0.47096084237, 0.019458905903],
      [0.16366939518, 0.67005997737, 0.10455478983, 0.061715837619],
      [0.002178959966, 4.7690818108e-05, 0.9876359071, 0.010137442117],
      [0.054319401055, 0.057970814146, 0.69939474683, 0.18831503796],
      [0.3466276364, 0.02260681684, 0.50891248515, 0.12185306161]
    ],
    [
      [0.35671731484, 0.0034514765059, 0.61874540463, 0.021085804031],
      [0.064308667891, 0.78704508038, 0.1088102549, 0.03983599683],
      [0.00084823563949, 3.7203854117e-05, 0.99023275292, 0.0088818075861],
      [0.015603642833, 0.099708167612, 0.74291055252, 0.14177763703],
      [0.17393803425, 0.035230765612, 0.68644567841, 0.10438552172]
    ],
    [
      [0.42295648227, 0.0086550805956, 0.54869224496, 0.019696192172],
      [0.05422353313, 0.89021707778, 0.030230032024, 0.025329357068],
      [0.0012341980192, 0.0014107685104, 0.99254402554, 0.004811007933],
      [0.021843663544, 0.19463004026, 0.64470129912, 0.13882499708],
      [0.23012018677, 0.063126054321, 0.60474045401, 0.1020133049]
    ],
    [
      [0.47104090151, 0.0074282307977, 0.50485768074, 0.016673186952],
      [0.078046351184, 0.83205079717, 0.064409512213, 0.025493339433],
      [0.003139501081, 0.0011580383981, 0.99230565693, 0.0033968035864],
      [0.029024316895, 0.17718463082, 0.66271450293, 0.13107654935],
      [0.28896993923, 0.056921937925, 0.55960456144, 0.094503561405]
    ],
    [
      [0.59866271326, 0.012953445237, 0.36606123534, 0.022322606159],
      [0.060442807156, 0.90409749259, 0.012698796198, 0.022760904057],
      [0.0047093123774, 0.00051253960763, 0.98291001292, 0.011868135098],
      [0.042544718155, 0.30846204289, 0.44854440868, 0.20044883027],
      [0.37262945102, 0.093270093143, 0.40241138798, 0.13168906787]
    ],
    [
      [0.68051181191, 0.016148109386, 0.25967207896, 0.043667999744],
      [0.10768811433, 0.8020103155, 0.030897691671, 0.059403878497],
      [0.01013682396, 0.0007837598066, 0.96790449413, 0.021174922099],
      [0.04708275873, 0.20487588685, 0.36330879353, 0.38473256089],
      [0.42385644277, 0.06031536117, 0.26761353781, 0.24821465825]
    ],
    [
      [0.77234068739, 0.0028179782117, 0.19351674051, 0.031324593893],
      [0.13777417322, 0.75187123778, 0.052393015289, 0.057961573716],
      [0.0043804146673, 0.00013194796537, 0.98242604502, 0.013061592343],
      [0.052648007073, 0.11246196488, 0.58490369651, 0.24998633154],
      [0.39192318603, 0.034964934289, 0.41897153822, 0.15414034145]
    ],
    [
      [0.7737700947, 0.0028488943433, 0.19801839707, 0.025362613887],
      [0.13705321544, 0.78647236632, 0.032078261922, 0.044396156315],
      [0.0074923841808, 5.2459460625e-05, 0.97484724556, 0.017607910797],
      [0.059529980875, 0.20164154496, 0.46085596909, 0.27797250507],
      [0.49063744068, 0.052111289784, 0.30472933424, 0.1525219353]
    ],
    [
      [0.29800373016, 0.00091887129436, 0.68587342877, 0.015203969777],
      [0.19041487392, 0.40421883953, 0.32074106138, 0.084625225167],
      [0.00085701756004, 1.6305937966e-05, 0.99189232923, 0.00723434727],
      [0.016810347125, 0.021547767862, 0.84949328675, 0.11214859826],
      [0.18020764928, 0.007186710179, 0.72903294939, 0.083572691147]
    ],
    [
      [0.37983812407, 0.0034037287836, 0.5419951893, 0.074762957841],
      [0.095659587898, 0.63829460558, 0.098444992785, 0.16760081373],
      [0.001740190846, 0, 0.98470478196, 0.013555027192],
      [0.016207047363, 0.060705161895, 0.48096326655, 0.44212452419],
      [0.18082660535, 0.022077762725, 0.45137150101, 0.34572413091]
    ],
    [
      ["NaN", "NaN", "NaN", "NaN"],
      [0.15140029151, 0.67047664655, 0.13338165993, 0.044741402006],
      [0.0021513391388, 7.0167719149e-05, 0.9924412927, 0.0053372004471],
      [0.025335346739, 0.071291144108, 0.78034433942, 0.12302916973],
      [0.26191847532, 0.02329740296, 0.62834895883, 0.086435162889]
    ],
    [
      [0.66215675605, 0.0027076792496, 0.29986454065, 0.03527102405],
      [0.13127203237, 0.74277051022, 0.062122321359, 0.063835136052],
      [0.0074392272318, 0.0037302740018, 0.97571374733, 0.013116751432],
      [0.048215988236, 0.15325104089, 0.46385355376, 0.33467941712],
      [0.40245751016, 0.044778619451, 0.35316692257, 0.19959694782]
    ],
    [
      [0.61453931063, 0.0040985469271, 0.34917221253, 0.032189929907],
      [0.085448712293, 0.82530439222, 0.046905395168, 0.042341500317],
      [0.0045739721582, 0.00024972276968, 0.98284242077, 0.012333884305],
      [0.036187145998, 0.2062613002, 0.51288950369, 0.24466205011],
      [0.34967829059, 0.066117599447, 0.41480503263, 0.16939907734]
    ],
    [
      ["NaN", "NaN", "NaN", "NaN"],
      [0.083673051798, 0.85471615554, 0.011689787829, 0.049921004838],
      [0.012293270801, 0.027400636409, 0.92420038988, 0.036105702915],
      [0.049126460455, 0.23564223561, 0.23676459512, 0.47846670882],
      [0.38511335827, 0.1591968432, 0.17448035893, 0.2812094396]
    ],
    [
      ["NaN", "NaN", "NaN", "NaN"],
      [0.31660388429, 0.46580846532, 0.14143507476, 0.076152575632],
      [0.0025520954983, 0, 0.97913890566, 0.018308998844],
      [0.046193557056, 0.037082766871, 0.72394354963, 0.19278012644],
      [0.406631404, 0.0098676868632, 0.49530793942, 0.088192969714]
    ],
    [
      ["NaN", "NaN", "NaN", "NaN"],
      [0.22221054867, 0.73230711498, 0.045482336348, 0],
      [0.0032162698068, 0, 0.99678373019, 0],
      [0.066130028035, 0.070771540063, 0.8630984319, 0],
      ["NaN", "NaN", "NaN", "NaN"]
    ],
    [
      [0.50758301532, 0.0032958285492, 0.44531484637, 0.043806309755],
      [0.15063005886, 0.64449681334, 0.091732214037, 0.11314091376],
      [0.0025169022958, 7.8835959175e-05, 0.98318765082, 0.01421661093],
      [0.029482513342, 0.077675203253, 0.55380973312, 0.33903255028],
      [0.28690561042, 0.023817287228, 0.45868336397, 0.23059373838]
    ],
    [
      [0.68818894602, 0.0056950093008, 0.28303325478, 0.023082789898],
      [0.14092167499, 0.7740244771, 0.040673841404, 0.044380006508],
      [0.007622772986, 0.00040983142546, 0.97944258729, 0.012524808294],
      [0.061799251426, 0.19583751959, 0.47564024778, 0.2667229812],
      [0.4717310936, 0.047991962935, 0.33658925481, 0.14368768865]
    ],
    [
      [0.68452557264, 0.0060317497779, 0.27372798383, 0.035714693759],
      [0.14069310017, 0.74644790094, 0.044984317389, 0.067874681504],
      [0.0083337320395, 0.00068353476649, 0.97413213586, 0.016850597332],
      [0.051752484467, 0.15860940488, 0.44002598625, 0.3496121244],
      [0.43817190817, 0.044002352634, 0.30776751947, 0.21005821972]
    ],
    [
      [0.53355333728, 0.004466715408, 0.44117199903, 0.020807948274],
      [0.14765142771, 0.69952354046, 0.099674539641, 0.05315049219],
      [0.0042614170697, 0.0017778092066, 0.98624855036, 0.0077122233613],
      [0.040526132411, 0.10951643079, 0.65118458819, 0.19877284861],
      [0.3495852875, 0.031707943293, 0.49565784701, 0.1230489222]
    ],
    [
      [0.85616822064, 0.0041779674121, 0.102449762, 0.037204049957],
      [0.11334188996, 0.81998507625, 0.020081793245, 0.046591240543],
      [0.01560244834, 0.0027546794527, 0.954575672, 0.027067200204],
      [0.062819042642, 0.26926758524, 0.29918435984, 0.36872901228],
      [0.50850633499, 0.075103554795, 0.20319631739, 0.21319379282]
    ],
    [
      [0.66246246156, 0.0049328966863, 0.31367565792, 0.018928983829],
      [0.18790241114, 0.69077906049, 0.070355177718, 0.050963350649],
      [0.0041522382098, 0.0018061540796, 0.983531682, 0.010509925706],
      [0.059618879214, 0.12754201982, 0.59392242574, 0.21891667523],
      [0.47732986253, 0.031800585657, 0.36817897585, 0.12269057596]
    ],
    [
      [0.47572866709, 0.0087880593914, 0.48783265426, 0.027650619256],
      [0.075878256467, 0.81891216733, 0.063987014349, 0.041222561859],
      [0.0025684752654, 0.00045655360522, 0.98752955174, 0.0094454193906],
      [0.027721391497, 0.17466130131, 0.59245643114, 0.20516087605],
      [0.29055432397, 0.058365194093, 0.49807494969, 0.15300553225]
    ],
    [
      [0.87592498367, 0.0026978628209, 0.09105586572, 0.030321287792],
      [0.15043948023, 0.77357128854, 0.02499240454, 0.05099682669],
      [0.010506496135, 0.0012072533058, 0.96895941267, 0.019326837888],
      [0.068493497537, 0.20464859902, 0.3982726826, 0.32858522084],
      [0.52895853553, 0.049167661793, 0.24952742233, 0.17234638035]
    ],
    [
      [0.60892098012, 0.014369004332, 0.3478346931, 0.028875322448],
      [0.062335156916, 0.8841753745, 0.02496232931, 0.028527139279],
      [0.0047970731247, 0.00112431596, 0.98067911388, 0.013399497032],
      [0.036689515005, 0.30070186954, 0.43691889555, 0.2256897199],
      [0.37172998722, 0.097852833377, 0.36925761483, 0.16115956457]
    ],
    [
      [0.60502672527, 0.0093928847997, 0.36850851296, 0.017071876971],
      [0.10089935329, 0.81928622728, 0.054701385303, 0.025113034125],
      [0.0064112377591, 0.003747138392, 0.98419269179, 0.0056489320578],
      [0.047469994363, 0.21932299617, 0.56584160421, 0.16736540526],
      [0.4205272314, 0.059520830496, 0.4136950815, 0.1062568566]
    ],
    [
      [0.5767085495, 0.0082051238149, 0.39265838216, 0.022427944519],
      [0.10389883754, 0.80321552358, 0.055516124897, 0.037369513982],
      [0.0049485748693, 0.00019478377448, 0.98567323075, 0.0091834106092],
      [0.040782207079, 0.18450535458, 0.57511743262, 0.19959500572],
      [0.37307622346, 0.055619670269, 0.44006684585, 0.13123726042]
    ],
    [
      [0.53622529726, 0.0061958343522, 0.42895072822, 0.028628140162],
      [0.099611660396, 0.784595581, 0.066436848295, 0.049355910311],
      [0.0043379035518, 0.00018899309494, 0.985203496, 0.010269607356],
      [0.034095741308, 0.15687968522, 0.58083558909, 0.22818898438],
      [0.32908499898, 0.049405528481, 0.46232981611, 0.15917965644]
    ],
    [
      [0.66718861269, 0.0087586432948, 0.28420075737, 0.039851986639],
      [0.10263397068, 0.80732465496, 0.034190954412, 0.055850419942],
      [0.0088290928165, 0.00085571823735, 0.97271138831, 0.017603800637],
      [0.045152643235, 0.20591683008, 0.40496769854, 0.34396282814],
      [0.40992641368, 0.061103421919, 0.30504153326, 0.22392863115]
    ],
    [
      [0.7143687481, 0.0073743543267, 0.24163883936, 0.036618058209],
      [0.12483933054, 0.78255270758, 0.034904872312, 0.057703089571],
      [0.01028413875, 0.0016910905392, 0.96956373083, 0.018461039878],
      [0.054476463722, 0.19986344365, 0.39166686769, 0.35399322494],
      [0.46203781927, 0.054615581239, 0.26745132766, 0.21589527183]
    ],
    [
      ["NaN", "NaN", "NaN", "NaN"],
      [0, 0.97140678943, 0.0044485022615, 0.024144708311],
      [0, 0.010524509869, 0.96301720297, 0.026458287165],
      [0, 0.27241250474, 0.23200648296, 0.4955810123],
      [0, 0.19785086745, 0.44301473474, 0.35913439781]
    ],
    [
      [0.82766074906, 0.0029518232588, 0.14723675302, 0.022150674654],
      [0.13211334557, 0.78351125424, 0.049768700027, 0.034606700164],
      [0.0074554200299, 0.00060597349233, 0.98149377352, 0.01044483296],
      [0.059664643538, 0.20765836163, 0.51841712886, 0.21425986597],
      [0.47488943399, 0.053799235551, 0.3506748028, 0.12063652766]
    ],
    [
      ["NaN", "NaN", "NaN", "NaN"],
      [0.1819622463, 0.71538519593, 0.019497417469, 0.083155140306],
      [0.0057840395108, 0.00025996768523, 0.97213315404, 0.021822838764],
      [0.046405194297, 0.12082124546, 0.41990101988, 0.41287254037],
      [0.43797447579, 0.03236496759, 0.2969975766, 0.23266298002]
    ],
    [
      [0.59990372718, 0.020399037879, 0.35683315429, 0.022864080642],
      [0.074546155954, 0.8621122131, 0.03579792205, 0.027543708893],
      [0.0053691591691, 0.021305124423, 0.964067214, 0.0092585024035],
      [0.04041382526, 0.24958902651, 0.51139049944, 0.19860664879],
      [0.38779043945, 0.079250016262, 0.39916407524, 0.13379546905]
    ],
    [
      [0.63729297535, 0.0068299235428, 0.31675922955, 0.039117871553],
      [0.056453761743, 0.88515274398, 0.024331185786, 0.034062308493],
      [0.0044083995078, 0.0033620739957, 0.97486814849, 0.01736137801],
      [0.034423480989, 0.31028867686, 0.38322030973, 0.27206753243],
      [0.36089214541, 0.10870299893, 0.32874745748, 0.20165739818]
    ],
    [
      [0.44132221081, 0.018254796715, 0.4981858968, 0.042237095678],
      [0.033316685764, 0.88594736708, 0.040808015502, 0.03992793165],
      [0.0014816485192, 0.052158395707, 0.93416986509, 0.012190090683],
      [0.020142628253, 0.19881654146, 0.5147553583, 0.26628547199],
      [0.24431936517, 0.061214525559, 0.48102316321, 0.21344294606]
    ],
    [
      [0.60447174316, 0.032123932581, 0.33338470478, 0.030019619484],
      [0.056075460406, 0.8894080588, 0.025460365672, 0.029056115124],
      [0.0043681337043, 0.012973890386, 0.96882850133, 0.013829474579],
      [0.036350311275, 0.3041516909, 0.42099392168, 0.23850407615],
      [0.36753073894, 0.1145070746, 0.35246882918, 0.16549335729]
    ],
    [
      [0.69957239054, 0.021982334684, 0.26390826362, 0.014537011157],
      [0.051010912336, 0.9280981884, 0.015225641034, 0.0056652582324],
      [0.0073173746917, 0.0083755786036, 0.97848040927, 0.005826637437],
      [0.045585576491, 0.4604739677, 0.37292836808, 0.12101208773],
      [0.45846246872, 0.14993506638, 0.30320686291, 0.088395601988]
    ],
    [
      [0.57404928636, 0.010322396566, 0.3959990506, 0.019629266475],
      [0.095002103368, 0.82425705453, 0.050727463992, 0.030013378107],
      [0.0051288122679, 0.0064684576575, 0.98116193257, 0.0072407975046],
      [0.040647485351, 0.19915021236, 0.58483088, 0.17537142229],
      [0.3784695512, 0.057697287039, 0.44699896792, 0.11683419384]
    ],
    [
      ["NaN", "NaN", "NaN", "NaN"],
      [0.17896133698, 0.75529193303, 0.028625808744, 0.037120921242],
      [0.008541456983, 0.017869475241, 0.95888303128, 0.014706036494],
      [0.086065042587, 0.20249149472, 0.4652157201, 0.24622774259],
      [0.62121397894, 0.041926203374, 0.24027865767, 0.096581160023]
    ],
    [
      [0.67276164059, 0.017884040156, 0.28724600175, 0.022108317509],
      [0.078266679762, 0.86782055043, 0.029561206826, 0.024351562983],
      [0.0080480140807, 0.0033243208687, 0.97672357032, 0.011904094735],
      [0.050283812622, 0.31472566378, 0.42438925904, 0.21060126456],
      [0.44928512551, 0.093827898617, 0.32413136604, 0.13275560983]
    ],
    [
      ["NaN", "NaN", "NaN", "NaN"],
      [0.0031620565145, 0.9212046554, 0.075633288084, 0],
      [0.00024183037548, 0.010024448167, 0.98973372146, 0],
      [0.0067859601254, 0.26548644985, 0.72772759002, 0],
      [0.15586133689, 0.14640411419, 0.69773454893, 0]
    ],
    [
      [0.65570272448, 0.0031620849045, 0.28863049673, 0.052504693887],
      [0.11023248607, 0.76326343904, 0.047048553244, 0.079455521649],
      [0.0083540087876, 0.0016813993421, 0.9729132167, 0.017051375175],
      [0.039756395431, 0.15500054885, 0.38968111102, 0.4155619447],
      [0.35953348613, 0.048586096004, 0.3220409845, 0.26983943336]
    ],
    [
      [0.90382646109, 0.0040469377511, 0.068738112994, 0.023388488163],
      [0.23167836765, 0.69453929512, 0.0032289340624, 0.07055340317],
      [0.023785902187, 0.0094990413553, 0.91914682863, 0.04756822783],
      [0.11861580662, 0.18895318833, 0.21271991894, 0.47971108611],
      [0.6932143107, 0.04248305432, 0.09637466069, 0.16792797429]
    ],
    [
      [0.62384153901, 0.020145661476, 0.33085721305, 0.025155586469],
      [0.086257344221, 0.84932379517, 0.031728588551, 0.032690272063],
      [0.0039975451877, 0.00082382712678, 0.98063782664, 0.014540801041],
      [0.048393366103, 0.28016653858, 0.37625895697, 0.29518113835],
      [0.55419123388, 0.065179333605, 0.16263514711, 0.21799428541]
    ],
    [
      [0.39029921957, 0.01131043757, 0.56231820481, 0.036072138044],
      [0.051694052634, 0.83220801502, 0.063923130531, 0.052174801816],
      [0.0013916170393, 0, 0.98268519755, 0.015923185407],
      [0.019306069267, 0.16136615542, 0.55956299199, 0.25976478333],
      [0.21728390171, 0.058864701018, 0.53409444972, 0.18975694754]
    ],
    [
      [0.67654663504, 0.0057319388063, 0.29894441126, 0.018777014895],
      [0.12137704827, 0.79557748938, 0.051923782047, 0.031121680299],
      [0.0074128761145, 0.0013366171891, 0.98242094594, 0.008829560757],
      [0.059091003992, 0.22508497811, 0.49839118668, 0.21743283121],
      [0.47063110516, 0.056330534305, 0.35508270828, 0.11795565225]
    ],
    [
      [0.71949827222, 0.0067017047285, 0.24978217226, 0.024017850795],
      [0.1319238382, 0.78886964436, 0.038626370454, 0.040580146992],
      [0.0088383134934, 0.0013814894012, 0.97591847998, 0.013861717125],
      [0.062816229589, 0.22043179489, 0.45655054348, 0.26020143204],
      [0.49649760056, 0.056616511994, 0.2984009452, 0.14848494225]
    ],
    [
      [0.69283485473, 0.0059826971782, 0.27865936828, 0.022523079813],
      [0.14127231474, 0.76920162841, 0.04706416799, 0.042461888855],
      [0.0070515182846, 0.0015134214719, 0.97959989822, 0.011835162021],
      [0.059804846243, 0.19170208333, 0.50673015148, 0.24176291894],
      [0.47919071171, 0.049300827486, 0.3319128354, 0.13959562541]
    ],
    [
      ["NaN", "NaN", "NaN", "NaN"],
      [0.094299523582, 0.88129389844, 0.024406577974, 0],
      [0, 0, 1, 0],
      [0.14242353848, 0.096214893206, 0.76136156832, 0],
      [0.76327693794, 0.02249120835, 0.21423185371, 0]
    ]
  ],
  "expected_outcome": [
    [
      [52.3699562919, 58.0471147678, 5.7419913773, 3.1718880101, 2.0390031343, 25.0792070666, 65.083777863, 58.6270347394, 4.4034045597, 42.7718805957, 25.8731979041, 0, 4.877766223, 1.039519432, 8.0339990871, 0, 24.3140007846, 9.4640586356, 16.6798283765, 20.349342993, 32.7725192824, 17.6385038532, 0.8290612768, 0, 0, 3.2537274602, 1.5203208249, 1.4268692593, 4.2295648227, 6.5945726211, 2.9933135663, 4.0830708714, 0.77234068739, 1.5475401894, 0.59600746031, 0.75967624814, 0, 5.2972540484, 4.3017751744, 0, 0, 0, 2.0303320613, 15.1401568124, 7.529781299, 9.0704067338, 4.2808411032, 9.9369369234, 6.1844726722, 2.627774951, 6.0892098012, 10.8904810549, 7.4972111436, 13.9418577289, 10.0078291904, 14.2873749621, 0, 4.9659644944, 0, 4.1993260903, 8.2848086796, 2.6479332648, 3.6268304589, 7.6952962959, 5.7404928636, 0, 8.0731396871, 0, 2.6228108979, 1.8076529222, 1.247683078, 0.78059843914, 29.0915053068, 90.6567822999, 57.5052929426, 0],
      [0.55314712041, 0.69612745951, 0.050848531184, 0.10071578517, 0.10829880016, 0.41225779167, 0.87187639142, 0.8943857913, 0.037643398689, 0.95919912325, 0.2901764308, 0, 0.10727462027, 0.017121605137, 0.033091633731, 0, 0.25087800328, 0.035176742323, 0.16476315114, 0.1447237614, 0.2187268046, 0.21244553692, 0.0013164112934, 0, 0, 0.018785067115, 0.0084199303054, 0.013805906024, 0.086550805956, 0.10399523117, 0.064767226187, 0.096888656315, 0.0028179782117, 0.0056977886866, 0.0018377425887, 0.0068074575671, 0, 0.021661433997, 0.02868982849, 0, 0, 0, 0.013183314197, 0.12529020462, 0.066349247556, 0.075934161936, 0.02088983706, 0.073993450294, 0.11424477209, 0.0080935884628, 0.14369004332, 0.1690719264, 0.10666660959, 0.16109169316, 0.13137964942, 0.14748708653, 0, 0.017710939553, 0, 0.14279326516, 0.088789006056, 0.10952878029, 0.19274359548, 0.24180568152, 0.10322396566, 0, 0.21460848187, 0, 0.012648339618, 0.0080938755022, 0.040291322953, 0.02262087514, 0.24647336867, 0.84441479579, 0.49656386579, 0],
      [28.4551438891, 35.1650968099, 2.1251257091, 1.2356384396, 0.81115106137, 13.5897454862, 35.3354038122, 38.5120627608, 0.46383279757, 20.7108703055, 10.6417293228, 0, 2.9023995389, 1.8609554615, 1.5755248659, 0, 10.6747427834, 4.2859237806, 9.4708307886, 10.886011548, 16.2911065642, 10.2664518404, 0.16184037745, 0, 0, 1.7039523169, 1.4128825271, 2.4749816185, 5.4869224496, 7.0680075304, 1.8303061767, 1.5580324738, 0.19351674051, 0.39603679415, 1.3717468575, 1.0839903786, 0, 2.3989163252, 2.4442054877, 0, 0, 0, 1.7812593855, 6.2267316052, 3.0110078221, 7.4999239836, 0.51224880998, 4.7051348688, 6.3418245054, 0.27316759716, 3.478346931, 6.6331532332, 5.1045589681, 11.1527189338, 4.2630113606, 4.8327767872, 0, 0.88342051814, 0, 2.4978320801, 4.1178699842, 2.9891153808, 2.0003082287, 2.9029908998, 3.959990506, 0, 3.446952021, 0, 1.1545219869, 0.13747622599, 0.6617144261, 1.1246364096, 12.8546096841, 31.4725537042, 23.1287275671, 0],
      [1.6217526986, 2.0916609628, 0.082034382445, 0.4917577651, 0.041547004208, 0.91878965552, 2.7089419334, 2.9665167085, 0.095119244088, 1.5580499756, 1.1948963423, 0, 1.1125596178, 0.082403501418, 0.35738441322, 0, 0.76037842868, 0.21484084143, 0.68457768371, 0.61992169757, 0.71764734884, 0.88259876947, 0.0077819344592, 0, 0, 0.023535155726, 0.058376717709, 0.084343216123, 0.19696192172, 0.23342461733, 0.11161303079, 0.26200799846, 0.031324593893, 0.050725227774, 0.030407939553, 0.14952591568, 0, 0.2821681924, 0.22532950935, 0, 0, 0, 0.17522523902, 0.50782137776, 0.39286163134, 0.35373512066, 0.18602024978, 0.28393475744, 0.35945805033, 0.090963863376, 0.28875322448, 0.30729378549, 0.29156327875, 0.7443316442, 0.59777979958, 0.73236116418, 0, 0.13290404793, 0, 0.1600485645, 0.50853233018, 0.25342257407, 0.1801177169, 0.15990712272, 0.19629266475, 0, 0.26529981011, 0, 0.21001877555, 0.046776976325, 0.050311172937, 0.072144276087, 0.8074116405, 3.0262492001, 1.8694156245, 0]
    ],
    [
      [66.9855561757, 41.7434696209, 6.2384170742, 3.8086785442, 1.4168278533, 33.9751851423, 75.5777926345, 64.3987201911, 3.5535565016, 79.1420686271, 23.9352788587, 4.1606227573, 3.8064718994, 1.9024720218, 4.6717849249, 1.3077881442, 27.2007174808, 24.4942293715, 12.2075962014, 29.6791042906, 39.2647293484, 24.4521546208, 4.70509307, 1.9878605691, 0.59656105432, 7.0227975554, 1.4730245567, 0.77170401469, 1.0302471295, 3.824271208, 0.90664210734, 7.4304798888, 1.5155159054, 3.426330386, 2.6658082349, 1.2435746427, 2.7252052472, 13.3897473019, 11.7064735841, 1.255095777, 1.8996233058, 0.88884219467, 2.7113410596, 10.7100472993, 8.5822791103, 16.9799141868, 12.0142403356, 16.5354121806, 8.1948516984, 5.4158212882, 5.3608234948, 18.4645816517, 11.8444674795, 18.0297105316, 7.8001817719, 14.4813623426, 0, 13.0792212113, 1.6376602167, 10.9582849252, 20.3798079894, 7.1297707535, 6.7290552487, 9.9471279055, 15.3903407455, 3.5792267396, 9.548534931, 0.037944678174, 6.5037166779, 3.7068538824, 1.7251468844, 1.0338810527, 21.8478686894, 125.4595701245, 90.1317368068, 0.094299523582],
      [465.741124446, 364.4233965459, 30.9965443865, 36.7890951483, 11.1043533796, 332.1538422682, 646.3590976945, 637.7853298925, 16.5005502662, 1256.1723153361, 251.4885942807, 14.3015117614, 49.5290194223, 71.6860839729, 26.5279518394, 6.9710950332, 177.0595321185, 76.0870774604, 99.0103827976, 129.9305668522, 170.4605332984, 174.6913721615, 14.0967028976, 0.99837686527, 8.7069751858, 19.5016195941, 6.0305397963, 9.4445409645, 16.9141244778, 40.7704890614, 13.5614623888, 55.3387117696, 8.2705836156, 19.661809158, 5.6590637534, 8.2978298726, 12.068579638, 75.7625920423, 113.0667017344, 12.820742333, 2.7948507919, 2.9292284599, 11.6009426401, 58.8258602594, 45.5333219572, 80.4452071526, 86.9184180829, 60.7885573231, 88.4425140712, 27.8485663875, 76.0390822066, 149.9293795928, 91.5665696883, 142.0118001608, 61.3566737772, 90.7761140789, 1.9428135789, 77.5676141697, 6.4384667634, 126.7304953261, 319.5401405761, 189.592736556, 106.7289670557, 180.9791467376, 133.5296428345, 15.1058386607, 105.8741071523, 11.0544558648, 45.0325429034, 11.1126287219, 16.9864759033, 16.6441603004, 143.2039480882, 750.2150317838, 490.750638926, 0.88129389844],
      [30.3881228, 21.0408417154, 1.9270935574, 1.4766998216, 0.19772420711, 16.5197831261, 34.2678046262, 33.9316573632, 0.099111612511, 32.4354107337, 8.2244811729, 0.54288822082, 2.3370226583, 4.1993411596, 0.77589071535, 0.72156512721, 9.8743435845, 10.093419851, 6.1329531575, 13.0366920239, 16.416448562, 11.676235179, 1.9581414543, 1.0137625656, 0.6806656495, 3.3144307664, 0.94099310844, 1.3057230588, 0.57437060846, 3.1560660984, 0.19048194297, 2.1319407253, 0.57632316818, 0.80195654804, 4.4903748594, 1.2797849062, 2.4008698787, 6.3364767786, 6.426039138, 0.17534681744, 0.84861044853, 0.18192934539, 1.6511798527, 3.0912119467, 2.7440433607, 11.4625720587, 2.128670084, 6.1912556392, 6.9105975497, 0.89972656344, 2.1467603206, 10.0103535105, 6.3288382382, 12.0250695414, 2.5985125353, 4.0489651882, 0.0088970045229, 4.9271013027, 0.17547675722, 5.2622945414, 8.7835580687, 8.7329153173, 3.0552438807, 2.9690000016, 8.2178491666, 0.57251617487, 3.6064672328, 0.90759945701, 2.7758646414, 0.051662944998, 0.63457177102, 1.2784626106, 9.3462807685, 36.7336783019, 30.0269391774, 0.024406577974],
      [18.8851965783, 13.7922921178, 0.83794498189, 3.9255264859, 0.28109456, 11.3511894635, 28.7953050448, 29.8842925532, 0.8467816197, 26.2502053031, 10.3516456878, 0.99497726044, 6.32748602, 2.2121028457, 2.0243725203, 0.99955169535, 7.8654068163, 5.325273317, 4.6490678435, 8.3536368333, 7.8582887912, 11.1802380387, 0.24006257811, 0, 1.0157981103, 0.161152084, 0.55544253857, 0.47803196196, 0.48125778429, 1.2491736322, 0.34141356085, 4.0988676163, 0.63757731087, 1.1099039079, 1.1847531523, 2.1788105785, 0.8053452361, 6.5111838773, 5.8007855435, 0.74881507256, 0.45691545379, 0, 2.0365364477, 3.3728804946, 4.1403555718, 6.1123066019, 4.9386714976, 4.4847748571, 4.4520366808, 1.8358857608, 2.453333978, 4.5956852449, 4.260124594, 8.9334197663, 4.2446319156, 6.6935583903, 0.048289416621, 3.4260633162, 0.74839626275, 4.0489252073, 12.2964933658, 8.5445773731, 3.4867338149, 1.1047253553, 4.8621672533, 0.74241842485, 2.9708906839, 0, 4.6878757773, 1.1288544507, 0.65380544125, 1.0434960363, 5.6019024539, 38.5917197897, 27.0906850898, 0]
    ],
    [
      [11.6876542204, 7.3214150284, 0.71987914194, 1.0572696143, 0.62366170095, 4.5659668891, 10.7369468707, 11.3516447772, 0.87969727673, 4.8550397043, 2.5713415986, 0.13999911631, 0.74817922087, 0.11219946727, 0.82717263656, 0.060077622689, 3.968512479, 1.389063468, 1.7787552092, 2.6413978203, 3.0761037416, 2.8282954534, 0.30299762596, 0.012139430876, 0.006492723673, 0.37648321649, 0.18085367718, 0.043260017614, 0.19870588109, 0.82568878431, 0.42854742634, 0.57779896574, 0.40737856406, 0.48700497176, 0.077988597964, 0.11137221414, 0.18501516593, 1.1679586754, 1.1526409839, 0.049173083203, 0.056146100964, 0.045027777295, 0.40270436733, 2.6984616371, 1.1250538253, 1.3679148794, 1.8098840074, 0.81799092732, 0.76540562908, 1.5024289474, 0.98339999057, 1.7502679082, 1.0293035728, 1.6310517355, 1.4126548506, 2.3756360513, 0, 2.2068043289, 0.30077005456, 0.32214955015, 1.2079014651, 0.074082425958, 0.29266495819, 0.56343785126, 0.62058628442, 0.11103894078, 1.0301458023, 0.0065294201379, 1.0024810545, 0.3567885328, 0.32779870539, 0.065406000848, 2.6982869057, 10.4910781167, 6.3040573464, 0],
