{
  "Z_true": {},
  "V_true": [
    [939, 19, 48, 631, 21],
    [39, 1964, 1492, 519, 31],
    [92, 589, 4333, 266, 108],
    [806, 621, 469, 21162, 445],
    [263, 340, 724, 706, 172],
    [60, 195, 214, 499, 307]
  ],
  "p_true": [
    [0.5663, 0.0115, 0.029, 0.3806, 0.0127],
    [0.0096, 0.4855, 0.3689, 0.1283, 0.0077],
    [0.0171, 0.1093, 0.8042, 0.0494, 0.02],
    [0.0343, 0.0264, 0.02, 0.9004, 0.0189],
    [0.1193, 0.1542, 0.3283, 0.3202, 0.078],
    [0.0471, 0.1529, 0.1678, 0.3914, 0.2408]
  ],
  "Z_est": [
    [
      [49.9735, 13.0967, 0.9484, 35.8959, 31.5019, 20.0472, 17.0795, 21.1764, 97.4094, 30.0825, 0, 0.5486, 2.3674, 9.729, 30.0546, 38.2779, 52.3257, 13.7227, 42.9178, 50.9913, 6.694, 9.3084, 16.1364, 0, 0, 8.8181, 38.242, 64.5313, 21.2509, 27.0035, 26.411, 255.672, 33.7191, 54.3517, 14.4227],
      [0.0387, 0.0161, 0.0545, 0.0252, 0.0444, 0.0137, 0.0076, 0.0361, 0.0785, 0.0106, 0, 0, 0.0038, 0.0165, 0.04, 0.0299, 0.0507, 0.0217, 0.042, 0.0609, 0.0016, 0.0108, 0.0184, 0.0177, 0, 0.0216, 0.0386, 0.0531, 0.0497, 0.0214, 0.0329, 0.232, 0.0473, 0.1145, 0.0416],
      [0.1749, 0.0636, 0.1031, 0.1022, 0.1339, 0.0599, 0.0426, 0.1524, 0.5798, 0.1321, 0, 0.0112, 0.0073, 0.0573, 0.1462, 0.1107, 0.138, 0.0755, 0.172, 0.2834, 0.024, 0.0378, 0.1015, 0.189, 0, 0.0794, 0.1738, 0.399, 0.1522, 0.0622, 0.1483, 1.1519, 0.1631, 0.3432, 0.1383],
      [10.8391, 6.435, 0.8488, 18.2748, 16.2889, 7.4486, 4.4883, 7.1858, 26.9413, 10.0304, 0, 0.4274, 0.6048, 5.9842, 11.7029, 10.7183, 21.764, 8.6283, 18.7789, 29.1093, 1.1404, 5.3843, 5.5286, 0.7075, 0, 3.8251, 12.5338, 23.9008, 11.6053, 6.3549, 19.3465, 116.5803, 16.24, 32.8469, 13.8106],
      [0.9739, 0.3887, 0.0451, 0.702, 1.031, 0.4306, 0.3819, 0.4494, 1.991, 0.7445, 0, 0.0128, 0.0167, 0.213, 1.0563, 1.8633, 0.7216, 0.5518, 1.0893, 1.5551, 0.14, 0.2587, 0.2151, 0.0859, 0, 0.2558, 1.0117, 2.1158, 0.9419, 0.558, 1.0613, 5.3638, 0.8305, 2.3436, 0.5868]
    ],
    [
      [0.0107, 0.0037, 0, 0.0175, 0.0081, 0.0115, 0.0234, 0.0298, 0, 0.0068, 0.1077, 0.1091, 0.0027, 0.0005, 0.0077, 0.0091, 0.005, 0.0019, 0.0081, 0.0008, 0, 0.0012, 0, 0, 0, 0.0012, 0.0025, 0, 0.0038, 0.0008, 0.0032, 0.0469, 0.0153, 0.0099, 0.002],
      [139.7542, 59.3746, 4.2394, 95.5686, 65.7123, 163.0987, 105.9355, 94.4041, 71.8589, 31.0804, 5.8322, 0, 7.1101, 46.8035, 80.9336, 46.9217, 76.7497, 32.5234, 69.1822, 82.0646, 5.5416, 15.2915, 87.7571, 1.0524, 1.9621, 44.4818, 51.8195, 60.3164, 70.1424, 21.2971, 57.2215, 462.5075, 98.5667, 247.7619, 155.2286],
      [79.9573, 26.897, 0.7349, 44.2823, 24.7796, 64.421, 71.7637, 49.6382, 36.0612, 26.1831, 2.011, 1.7127, 1.7425, 19.2833, 34.242, 19.9596, 27.2743, 11.4691, 33.3075, 43.7864, 3.3356, 6.1926, 60.4412, 0.8659, 0, 17.7532, 26.8223, 33.5464, 24.8502, 8.0524, 29.6012, 263.858, 40.9936, 89.8516, 73.8033],
      [3.242, 1.7185, 0.021, 5.1299, 2.4957, 3.4677, 2.2448, 1.9278, 1.0766, 1.7251, 0.0391, 0.1729, 0.1447, 0.9127, 1.8164, 2.1068, 2.9706, 0.9987, 2.4989, 2.1454, 0.1228, 0.5117, 1.8016, 0.0801, 0.0379, 0.759, 1.3541, 1.1372, 2.0004, 0.6496, 3.169, 20.5837, 3.4184, 7.3722, 4.955],
      [0.0358, 0.0061, 0.0048, 0.0018, 0.0043, 0.0012, 0.0326, 0.0002, 0.0032, 0.0046, 0.01, 0.0053, 0, 6.8406e-06, 0.0002, 0.0029, 0.0004, 0.0069, 0.0034, 0.0028, 0, 0.003, 0.0001, 0.0016, 0, 0.0047, 0.0016, 0, 0.0032, 0.0001, 0.0052, 0.0039, 0.0059, 0.0045, 0.0111]
    ],
    [
      [15.3546, 4.8193, 0.0128, 10.3034, 5.4801, 10.0584, 7.8505, 6.0169, 22.4801, 9.6045, 0.6441, 0.1506, 1.1215, 3.4526, 8.9764, 9.8488, 7.7324, 1.9737, 11.2992, 14.3714, 4.0687, 1.3949, 5.0369, 0, 0, 2.4468, 11.1888, 17.1818, 4.3401, 5.1748, 5.735, 61.7128, 8.1821, 15.775, 3.7671],
      [14.1396, 7.5279, 1.1878, 8.3178, 7.103, 18.2562, 7.6191, 8.797, 18.0132, 5.1194, 0.7206, 0, 1.1399, 8.0585, 12.8736, 5.9517, 7.5844, 4.5565, 10.9711, 17.0953, 1.44, 2.1317, 6.1178, 0.2445, 0, 6.8199, 10.3955, 14.3202, 9.3174, 3.3914, 7.2204, 56.5953, 10.9183, 30.9077, 8.2997],
      [188.0379, 80.0261, 7.0349, 90.0621, 62.8608, 168.6172, 119.8446, 108.273, 212.4499, 102.6107, 7.0528, 2.6658, 7.6248, 78.0857, 127.2364, 58.5595, 63.1896, 38.1637, 123.3861, 212.782, 21.9216, 21.1086, 96.2972, 5.7532, 0, 64.7217, 126.0608, 187.2514, 77.2884, 30.6017, 87.5287, 748.1442, 105.8998, 260.1918, 90.5201],
      [19.2068, 13.6926, 0.5756, 29.5441, 15.4478, 21.7496, 13.5849, 11.5923, 36.5074, 17.5544, 0.9819, 0.962, 1.7934, 12.8231, 20.2024, 14.4287, 17.8926, 7.4924, 27.6347, 45.8984, 4.3328, 4.9451, 10.5583, 1.1652, 0, 6.5256, 20.2864, 36.2565, 13.4763, 7.0985, 23.6094, 155.255, 22.2098, 53.1412, 22.038],
      [10.261, 4.934, 0.189, 6.7726, 6.1084, 7.3186, 6.101, 4.3208, 15.5494, 8.1109, 0.6006, 0.2215, 0.3203, 2.5801, 10.7112, 14.2112, 3.6009, 2.8136, 9.7089, 14.8529, 3.2369, 1.4197, 1.9897, 0.8371, 0, 2.486, 10.0686, 18.9901, 6.5778, 3.7337, 7.9065, 43.2926, 6.79, 22.9843, 5.375]
    ],
    [
      [30.8379, 8.5438, 0.0206, 21.7951, 13.7963, 14.0671, 14.1143, 10.6542, 32.4822, 12.843, 0.733, 0.0627, 1.559, 6.5596, 18.4167, 17.9707, 17.5784, 3.4677, 21.4753, 22.1846, 4.813, 2.3455, 10.9393, 0, 0, 6.0357, 15.8096, 22.5862, 10.5174, 9.1735, 10.7209, 118.4364, 12.5566, 21.5144, 5.145],
      [20.6463, 9.3765, 0.9647, 11.7646, 12.6754, 17.0236, 9.8286, 10.6876, 18.9386, 4.1116, 0.5193, 0, 1.0957, 11.1572, 18.181, 8.7949, 12.3751, 5.8684, 14.5513, 18.683, 1.324, 2.5354, 9.6185, 0.0848, 0.0379, 10.857, 10.4249, 13.0653, 15.7437, 4.7197, 9.732, 75.0184, 11.7496, 30.9168, 10.548],
      [77.6399, 29.1621, 2.2814, 36.2456, 31.697, 47.7687, 42.6857, 37.8587, 65.4298, 28.3887, 1.3726, 0.1445, 1.9761, 32.5618, 53.2289, 26.2828, 28.1975, 14.5512, 47.6274, 68.599, 6.3658, 7.066, 41.9679, 1.267, 0, 31.9185, 36.6947, 51.0425, 39.4396, 12.08, 35.0995, 295.3728, 33.1796, 76.4071, 33.5683],
      [655.7026, 407.799, 16.5942, 1041.9571, 663.2031, 502.0711, 389.7054, 335.1191, 877.6927, 403.0089, 21.1572, 11.5784, 41.2971, 423.2841, 673.3497, 489.6291, 690.5874, 231.742, 873.997, 1199.0666, 102.6002, 139.3904, 355.1246, 21.5251, 8.9621, 256.6988, 485.7961, 781.5624, 546.5723, 223.4309, 784.5965, 4992.8897, 565.0807, 1268.7948, 613.4877],
      [5.1733, 2.1185, 0.1391, 3.2376, 3.6281, 2.0696, 2.666, 1.6804, 5.4566, 2.6476, 0.2179, 0.2145, 0.0721, 0.4374, 4.8237, 2.3225, 1.2616, 1.3708, 4.3489, 5.4668, 0.897, 0.6628, 0.3497, 0.1231, 0, 1.49, 3.2748, 4.7436, 3.7269, 1.5959, 3.8512, 17.2827, 2.4336, 7.367, 2.251]
    ],
    [
      [11.0134, 3.9199, 0.0156, 7.0231, 3.3928, 5.7884, 5.6558, 5.1977, 11.8139, 4.9442, 0.3849, 0.1005, 0.8877, 2.6228, 7.5036, 5.2581, 4.6537, 1.2576, 7.6002, 9.6405, 2.1748, 0.7072, 2.2444, 0, 0, 1.3502, 4.9248, 13.0219, 4.4912, 5.5529, 3.6011, 46.697, 5.5595, 10.1786, 1.9897],
      [4.1285, 2.4903, 0.1327, 2.3177, 1.7873, 4.3296, 2.2413, 3.091, 3.8532, 1.083, 0.1989, 0, 0.3556, 2.4835, 4.3909, 1.3852, 1.8552, 1.1765, 3.0172, 4.6818, 0.3057, 0.4363, 1.0228, 0.0325, 0, 1.5203, 1.862, 4.4289, 3.9148, 1.4722, 1.8455, 17.5317, 3.036, 8.1335, 1.6876],
      [37.0232, 17.8585, 0.506, 16.9203, 10.6912, 26.8131, 23.845, 25.7706, 30.6865, 14.5153, 1.2417, 0.4045, 1.573, 16.2122, 29.2931, 9.2971, 10.4568, 6.6172, 22.8682, 39.3066, 3.1153, 2.8941, 11.743, 0.3616, 0, 9.7288, 15.2207, 39.0441, 21.9492, 8.9563, 15.0755, 156.3538, 19.8258, 46.1327, 12.917],
      [26.7913, 21.6698, 0.2679, 39.7731, 18.3831, 24.6884, 18.6329, 19.2842, 36.4552, 18.1658, 1.5574, 1.2651, 2.7988, 18.7574, 32.2671, 16.0478, 20.7803, 9.2785, 36.6487, 60.3421, 4.8213, 4.8707, 7.5094, 0.3037, 0, 6.3213, 17.2998, 51.7357, 26.3735, 13.9706, 28.9809, 232.0631, 29.6757, 67.3581, 20.1782],
      [11.0436, 6.0615, 0.0779, 6.9657, 5.7456, 6.3805, 6.625, 5.6565, 12.1913, 6.2917, 0.6171, 0.2299, 0.3849, 2.924, 13.5453, 13.0119, 3.254, 2.6702, 9.8658, 15.0291, 2.5829, 1.0917, 1.4804, 0.3022, 0, 2.0794, 6.6927, 21.7694, 10.2713, 6.048, 7.4971, 49.3544, 6.903, 22.1971, 4.2274]
    ],
    [
      [1.8099, 0.6165, 0.0026, 1.965, 0.8208, 1.0275, 1.2766, 0.9251, 4.8144, 1.5189, 0.1303, 0.0285, 0.0618, 0.6355, 1.0409, 0.6355, 1.7047, 0.5765, 1.6994, 1.8114, 0.2495, 0.2427, 0.643, 0, 0, 0.3479, 1.8323, 2.6789, 0.3965, 1.0944, 0.5289, 8.4349, 1.9673, 3.1703, 0.6735],
      [7.2927, 4.2145, 1.4209, 7.0061, 4.6777, 8.2782, 5.3679, 5.9843, 17.2576, 3.5951, 0.729, 0, 0.2949, 6.4808, 6.5808, 1.9166, 7.3849, 5.8535, 7.2363, 9.4144, 0.3871, 1.5944, 3.4653, 0.5682, 0, 4.2994, 7.4595, 9.8161, 3.832, 3.0982, 2.9478, 34.115, 11.682, 27.1657, 6.1944],
      [4.1669, 1.9927, 0.3397, 3.3876, 1.8374, 3.3202, 3.8183, 3.3072, 8.7927, 3.1701, 0.3219, 0.0612, 0.0763, 2.7998, 2.8533, 0.7902, 2.7438, 2.1233, 3.6387, 5.2426, 0.2378, 0.7009, 2.4492, 0.5632, 0, 1.7985, 4.0277, 5.7166, 1.3203, 1.2475, 1.5469, 20.1193, 4.9382, 10.0736, 3.053],
      [9.2181, 7.6851, 0.6926, 25.321, 10.1814, 9.5746, 9.3436, 7.8907, 31.3267, 12.5153, 1.2644, 0.5941, 0.3612, 10.2385, 9.6616, 3.0694, 18.0051, 8.86, 18.4419, 25.4382, 0.9825, 3.8979, 5.4775, 2.2184, 0, 3.8702, 14.7298, 24.4074, 3.9722, 6.4956, 8.2978, 93.6283, 22.3754, 45.4867, 15.5305],
      [12.5125, 6.4911, 0.5442, 13.3203, 9.4827, 7.7995, 10.1935, 6.8927, 34.8085, 13.2007, 1.5544, 0.3161, 0.2058, 4.8454, 12.8633, 11.5882, 8.1616, 8.5868, 14.9837, 19.0933, 2.1432, 2.5641, 2.965, 5.6502, 0, 3.684, 16.9507, 30.3811, 6.479, 8.0643, 7.6787, 60.7026, 17.037, 47.1035, 9.5486]
    ]
  ],
  "V_est": [
    [1134.7075, 1.292, 5.7097, 486.3037, 29.9871],
    [0.4508, 2660.0957, 1299.4743, 84.8081, 0.1711],
    [297.5562, 333.1526, 3781.8528, 710.4633, 264.9751],
    [519.7558, 413.6193, 1375.1686, 21095.0541, 99.4022],
    [201.1678, 92.2293, 705.218, 935.3168, 271.0682],
    [45.3619, 227.6111, 112.5766, 471.054, 418.3964]
  ],
  "p_est": [
    [0.6844, 0.0008, 0.0034, 0.2933, 0.0181],
    [0.0001, 0.6576, 0.3213, 0.021, 0],
    [0.0552, 0.0618, 0.7019, 0.1319, 0.0492],
    [0.0221, 0.0176, 0.0585, 0.8975, 0.0042],
    [0.0912, 0.0418, 0.3198, 0.4242, 0.1229],
    [0.0356, 0.1785, 0.0883, 0.3695, 0.3282]
  ],
  "EI_Z": {},
  "EI_V": 8.1062,
  "MAE_Z": {},
  "MAE_V": 205.7564,
  "MAE_p": 0.0497,
  "runtime": 0.567
}
