{
  "Z_true": {},
  "V_true": [
    [510, 255, 13857, 883],
    [73, 4137, 1268, 1000],
    [16, 67, 744, 156],
    [744, 11, 364, 54],
    [63, 339, 1021, 1006]
  ],
  "p_true": [
    [0.0329, 0.0164, 0.8937, 0.0569],
    [0.0113, 0.6386, 0.1957, 0.1544],
    [0.0163, 0.0682, 0.7569, 0.1587],
    [0.6343, 0.0094, 0.3103, 0.046],
    [0.0259, 0.1396, 0.4203, 0.4142]
  ],
  "Z_est": [
    [
      [0, 0.5612, 0, 3.9605, 23.6527, 18.0595, 25.9862, 1.5293, 20.4013, 20.3293, 10.3815, 5.0783, 10.5813, 26.1154, 8.9691, 19.2544, 10.2656, 21.1794, 2.3277, 13.495, 10.3948, 8.4818, 5.3149, 3.6753, 6.4097, 11.8986, 7.1225, 4.3063, 13.4617, 13.2614, 3.2001, 0, 2.1149, 1.1666, 0.9698, 33.8368, 10.7448, 91.2004, 0.0244],
      [0, 0.0515, 0, 0.1403, 0.5809, 0.2279, 0.6099, 0, 0.6949, 0.5404, 0.3978, 0.1279, 0.0272, 0.0456, 0.0226, 0.0535, 0.0276, 0.0938, 0.0779, 0.2731, 1.3266, 0.3404, 1.562, 1.4997, 0.2619, 0.7121, 0.7094, 3.2489, 0.1432, 0.3491, 0.5175, 0.6738, 0.7087, 0.5226, 0.4043, 0.9312, 0.1817, 2.6498, 0],
      [8.615, 27.3128, 2.2145, 70.1666, 613.7818, 306.5907, 579.181, 56.2804, 251.1717, 501.3821, 371.3984, 373.1005, 242.3247, 586.1519, 317.4021, 521.2823, 230.7285, 440.7691, 198.6332, 175.954, 432.8968, 400.2097, 294.444, 467.4583, 248.7197, 574.4866, 369.2214, 329.728, 397.7329, 443.9919, 290.199, 169.8137, 149.6678, 159.4922, 67.5514, 1148.3414, 205.0771, 1466.1785, 59.4964],
      [1.385, 2.0745, 0.7855, 9.7326, 85.9845, 39.1218, 64.2229, 4.1904, 39.7321, 56.7482, 53.8224, 36.6933, 30.0668, 54.6872, 23.6062, 43.4098, 24.9783, 31.9577, 17.9612, 20.2779, 46.3818, 39.968, 34.6792, 49.3667, 23.6086, 62.9027, 33.9467, 31.7167, 42.6622, 47.3976, 27.0834, 13.5125, 20.5086, 12.8185, 13.0745, 108.8906, 18.9964, 186.9714, 9.4792]
    ],
    [
      [0, 0.0167, 0, 0.0014, 0.0202, 0, 0, 0.01, 0, 0.0116, 0, 0, 0.0004, 0.0819, 0, 0.0004, 0.0002, 0, 0, 0, 0, 0.0004, 0, 0, 0.0198, 0.0004, 0, 0, 0.0328, 0, 0.0001, 0, 0, 0.0001, 0, 0, 0, 0, 0],
      [9.7093, 4.648, 3.8685, 7.3013, 198.3248, 84.2997, 129.5159, 20.2394, 85.1376, 136.9885, 96.1027, 23.1665, 8.0029, 16.2049, 6.2664, 17.0438, 8.6818, 17.1132, 7.3864, 52.8786, 272.1302, 154.1098, 221.4615, 291.5275, 117.6639, 257.3122, 213.9079, 216.0098, 162.2691, 160.2396, 131.3039, 89.8236, 130.1783, 62.1069, 31.0182, 437.0743, 53.2909, 426.9364, 31.6749],
      [2.3044, 2.5349, 0.6409, 2.7061, 56.6793, 23.8503, 30.0359, 5.7797, 19.6629, 33.572, 24.962, 9.0232, 5.418, 16.9595, 4.7409, 14.4766, 5.3487, 8.2715, 1.6091, 11.8224, 97.1041, 47.0055, 72.0424, 85.8383, 31.0947, 67.6712, 66.95, 107.1598, 55.0588, 41.7155, 35.7907, 40.0366, 30.4796, 28.5876, 10.9814, 159.102, 13.7647, 100.4712, 9.5398],
      [1.9863, 0.8004, 1.4906, 1.9913, 35.9758, 13.85, 16.4482, 1.9709, 14.1996, 17.4279, 16.9353, 5.8103, 4.5787, 9.7537, 2.9926, 7.4792, 3.9693, 4.6153, 2.0045, 6.2989, 48.7657, 20.8843, 40.4962, 41.6342, 13.2217, 33.0162, 28.1422, 51.8304, 26.6393, 20.0449, 14.9053, 15.1398, 19.3421, 10.3054, 10.0004, 67.8237, 5.9444, 58.5924, 6.7853]
    ],
    [
      [0, 0, 0, 0, 0.002, 0, 0.0009, 0.0019, 0.0039, 0.0009, 0.0006, 0.0014, 0.0001, 0, 5.5438e-06, 0, 0, 0, 0, 0, 0, 0, 0, 0, 0.0007, 0.0002, 0, 0, 0.0012, 0.0008, 0.0002, 0, 0, 0, 0.0002, 0, 0, 0, 6.4121e-06],
      [0, 0, 0, 0, 13.2889, 4.2504, 12.2403, 1.0282, 7.0837, 15.7935, 7.8329, 2.6383, 0.6415, 1.0743, 0.4295, 1.0557, 0.793, 1.7363, 0.7605, 2.797, 13.2439, 11.0769, 7.9646, 13.958, 6.9353, 16.1685, 5.7364, 5.2438, 8.0481, 8.9345, 6.8208, 4.0272, 7.4582, 5.7281, 1.198, 28.9813, 2.3776, 16.5248, 0.9854],
      [0, 0, 0, 0, 30.3267, 9.6144, 24.9898, 2.6505, 13.2651, 30.0941, 16.9092, 12.3122, 5.2019, 10.9652, 3.9422, 8.5305, 6.0711, 10.8395, 3.6319, 5.1777, 38.5238, 26.3553, 21.6084, 33.0057, 14.6775, 33.5242, 13.9474, 22.0651, 21.9362, 18.6549, 14.8153, 14.9085, 14.1519, 18.3572, 3.5498, 81.3775, 4.8066, 26.7059, 2.3635],
      [0, 0, 0, 0, 7.3824, 2.1353, 4.769, 0.3194, 3.6472, 6.1115, 4.2573, 2.0481, 1.1565, 1.9605, 0.6283, 1.4137, 1.1359, 1.4242, 0.6076, 1.0252, 7.2323, 4.5678, 4.427, 6.0362, 2.3865, 6.3071, 2.3162, 3.691, 4.0144, 3.4098, 2.3636, 2.0643, 3.3899, 2.9147, 1.252, 13.6412, 0.8158, 6.7693, 0.651]
    ],
    [
      [0, 5.4221, 0, 7.0002, 44.3203, 20.9376, 39.0113, 5.4561, 32.5947, 17.653, 16.618, 22.9203, 17.3491, 85.2359, 36.9727, 68.6356, 32.6194, 65.8206, 20.6641, 22.5013, 17.6046, 11.5177, 7.6843, 5.3245, 3.5666, 15.1008, 9.877, 7.6923, 14.5001, 33.7364, 9.7995, 0, 7.8846, 2.8331, 2.0299, 57.161, 28.2504, 137.7996, 0.9756],
      [0, 0.0005, 0, 0.0003, 0.0046, 0, 0.0021, 0.0033, 0.0026, 0.0001, 0.0047, 0, 0.0002, 0, 0, 0, 0, 0, 0.0004, 0.0031, 0, 0, 0, 0, 0, 0.0001, 6.7399e-06, 0.0088, 0, 0.0003, 0.0148, 0.2922, 0.0427, 0.0073, 0.0119, 0.0004, 0.0002, 0.0253, 0.2662],
      [0, 1.5651, 0, 0.9937, 10.6457, 3.0555, 7.9657, 1.5374, 3.3948, 3.3431, 5.3587, 12.0607, 3.6366, 16.7249, 11.0148, 16.3399, 6.36, 12.1694, 11.3191, 2.4837, 6.3812, 4.4783, 3.3122, 3.6724, 0.4327, 5.8934, 4.1196, 4.2881, 3.4962, 10.2388, 6.1705, 0.7075, 4.0529, 2.1541, 0.9467, 17.8047, 4.7392, 20.1081, 3.7538],
      [0, 0.0123, 0, 0.0058, 0.0294, 0.0069, 0.0209, 0.0032, 0.0078, 0.0038, 0.0186, 0.019, 0.0141, 0.0392, 0.0125, 0.0244, 0.0206, 0.01, 0.0164, 0.0118, 0.0141, 0.004, 0.0034, 0.0031, 0.0008, 0.0057, 0.0034, 0.0108, 0.0037, 0.0244, 0.0151, 0.0003, 0.0198, 0.0055, 0.0114, 0.0339, 0.0102, 0.067, 0.0044]
    ],
    [
      [0, 0, 0, 0.0379, 0.0047, 0.0029, 0.0017, 0.0027, 0, 0.0053, 0, 0, 0.0691, 0.5668, 0.0582, 0.1095, 0.1147, 0, 0.0082, 0.0037, 0.0006, 0, 0.0008, 0.0002, 0.0032, 0, 0.0005, 0.0013, 0.0041, 0.0013, 0, 0, 0.0005, 0.0002, 0, 0.0022, 0.0048, 0, 0],
      [0.2907, 0.3, 0.1315, 0.5581, 8.8008, 3.222, 8.6317, 0.7292, 5.0812, 6.6775, 3.6619, 1.0673, 0.3282, 0.6752, 0.2815, 0.847, 0.4976, 1.0568, 0.7748, 2.0481, 7.2993, 6.4729, 4.0119, 7.0147, 5.1389, 10.8071, 5.6463, 3.4887, 4.5396, 6.4764, 5.3428, 2.1833, 3.612, 1.635, 0.3676, 12.0128, 2.1496, 14.8638, 1.0734],
      [2.0805, 5.5872, 1.1446, 9.1336, 74.5666, 27.8891, 66.8277, 6.7521, 35.5055, 50.6088, 29.3716, 17.5033, 12.4188, 55.1985, 13.9, 34.3706, 18.4917, 25.9505, 16.8067, 14.5621, 80.0941, 57.9512, 39.593, 62.0253, 40.0754, 83.4246, 52.7616, 50.759, 45.7759, 50.399, 43.0245, 30.5336, 25.6478, 22.4088, 3.9707, 128.3744, 17.6124, 104.5363, 9.8464],
      [1.6288, 2.1128, 2.7238, 6.2704, 53.6279, 17.886, 37.5389, 2.5161, 29.4133, 28.7085, 21.9665, 9.4294, 8.1839, 25.5595, 5.7603, 14.6729, 9.896, 9.9928, 7.4103, 8.3861, 43.606, 29.5759, 23.3943, 32.9598, 19.7824, 46.7683, 24.5915, 23.751, 24.6804, 27.1233, 20.6326, 12.2831, 17.7397, 8.9559, 4.6617, 61.6107, 8.2332, 68.5999, 8.0801]
    ]
  ],
  "V_est": [
    [469.7127, 20.7358, 13549.1479, 1465.4036],
    [0.1965, 4392.9189, 1380.7921, 704.0924],
    [0.0151, 244.8558, 619.8569, 118.2722],
    [935.0705, 0.6922, 236.7194, 0.5179],
    [1.0053, 149.7973, 1467.4836, 810.7138]
  ],
  "p_est": [
    [0.0303, 0.0013, 0.8739, 0.0945],
    [0, 0.6781, 0.2132, 0.1087],
    [0, 0.2491, 0.6306, 0.1203],
    [0.7972, 0.0006, 0.2018, 0.0004],
    [0.0004, 0.0617, 0.6042, 0.3338]
  ],
  "EI_Z": {},
  "EI_V": 6.6491,
  "MAE_Z": {},
  "MAE_V": 176.6525,
  "MAE_p": 0.0622,
  "runtime": 0.116
}
