{
  "Z_true": {},
  "V_true": [
    [21, 17, 50, 509, 363],
    [726, 33, 454, 438, 38],
    [342, 266, 6664, 605, 373],
    [234, 141, 156, 15406, 526],
    [79, 1196, 637, 612, 120],
    [117, 65, 245, 526, 225]
  ],
  "p_true": [
    [0.0219, 0.0177, 0.0521, 0.5302, 0.3781],
    [0.4298, 0.0195, 0.2688, 0.2593, 0.0225],
    [0.0415, 0.0322, 0.8078, 0.0733, 0.0452],
    [0.0142, 0.0086, 0.0095, 0.9358, 0.032],
    [0.0299, 0.4523, 0.2409, 0.2315, 0.0454],
    [0.0993, 0.0552, 0.208, 0.4465, 0.191]
  ],
  "Z_est": [
    [
      [2.322, 1.2384, 3.4056, 5.7276, 0, 4.4892, 2.322, 8.2044, 13.3128, 2.6316, 0, 0.1548, 0, 0.3096, 0.1548, 2.0124, 0, 0, 4.9536, 0.3096, 5.418, 3.2508, 1.2384, 6.5016, 4.1796, 8.6688, 2.322, 3.87, 5.5728, 4.4892, 4.644, 3.5604, 0.6192, 0.9288, 10.5264, 2.0124, 2.322, 5.418, 0.1548, 2.0124, 10.836, 0.3096, 7.4304, 0.774],
      [1.632, 0.8704, 2.3936, 4.0256, 0, 3.1552, 1.632, 5.7664, 9.3568, 1.8496, 0, 0.1088, 0, 0.2176, 0.1088, 1.4144, 0, 0, 3.4816, 0.2176, 3.808, 2.2848, 0.8704, 4.5696, 2.9376, 6.0928, 1.632, 2.72, 3.9168, 3.1552, 3.264, 2.5024, 0.4352, 0.6528, 7.3984, 1.4144, 1.632, 3.808, 0.1088, 1.4144, 7.616, 0.2176, 5.2224, 0.544],
      [1.9905, 1.0616, 2.9194, 4.9099, 0, 3.8483, 1.9905, 7.0331, 11.4122, 2.2559, 0, 0.1327, 0, 0.2654, 0.1327, 1.7251, 0, 0, 4.2464, 0.2654, 4.6445, 2.7867, 1.0616, 5.5734, 3.5829, 7.4312, 1.9905, 3.3175, 4.7772, 3.8483, 3.981, 3.0521, 0.5308, 0.7962, 9.0236, 1.7251, 1.9905, 4.6445, 0.1327, 1.7251, 9.289, 0.2654, 6.3696, 0.6635],
      [4.1055, 2.1896, 6.0214, 10.1269, 0, 7.9373, 4.1055, 14.5061, 23.5382, 4.6529, 0, 0.2737, 0, 0.5474, 0.2737, 3.5581, 0, 0, 8.7584, 0.5474, 9.5795, 5.7477, 2.1896, 11.4954, 7.3899, 15.3272, 4.1055, 6.8425, 9.8532, 7.9373, 8.211, 6.2951, 1.0948, 1.6422, 18.6116, 3.5581, 4.1055, 9.5795, 0.2737, 3.5581, 19.159, 0.5474, 13.1376, 1.3685],
      [4.95, 2.64, 7.26, 12.21, 0, 9.57, 4.95, 17.49, 28.38, 5.61, 0, 0.33, 0, 0.66, 0.33, 4.29, 0, 0, 10.56, 0.66, 11.55, 6.93, 2.64, 13.86, 8.91, 18.48, 4.95, 8.25, 11.88, 9.57, 9.9, 7.59, 1.32, 1.98, 22.44, 4.29, 4.95, 11.55, 0.33, 4.29, 23.1, 0.66, 15.84, 1.65]
    ],
    [
      [5.748, 8.3346, 8.0472, 24.7164, 0, 5.4606, 8.9094, 15.5196, 35.3502, 7.4724, 0, 2.0118, 0, 1.1496, 0.8622, 2.874, 0.2874, 1.437, 15.2322, 1.1496, 15.807, 6.6102, 5.748, 22.1298, 14.6574, 29.6022, 14.37, 13.7952, 18.1062, 10.9212, 11.496, 12.6456, 2.2992, 1.437, 27.0156, 5.748, 8.9094, 12.933, 1.1496, 14.9448, 35.0628, 8.622, 41.3856, 5.4606],
      [1.964, 2.8478, 2.7496, 8.4452, 0, 1.8658, 3.0442, 5.3028, 12.0786, 2.5532, 0, 0.6874, 0, 0.3928, 0.2946, 0.982, 0.0982, 0.491, 5.2046, 0.3928, 5.401, 2.2586, 1.964, 7.5614, 5.0082, 10.1146, 4.91, 4.7136, 6.1866, 3.7316, 3.928, 4.3208, 0.7856, 0.491, 9.2308, 1.964, 3.0442, 4.419, 0.3928, 5.1064, 11.9804, 2.946, 14.1408, 1.8658],
      [2.368, 3.4336, 3.3152, 10.1824, 0, 2.2496, 3.6704, 6.3936, 14.5632, 3.0784, 0, 0.8288, 0, 0.4736, 0.3552, 1.184, 0.1184, 0.592, 6.2752, 0.4736, 6.512, 2.7232, 2.368, 9.1168, 6.0384, 12.1952, 5.92, 5.6832, 7.4592, 4.4992, 4.736, 5.2096, 0.9472, 0.592, 11.1296, 2.368, 3.6704, 5.328, 0.4736, 6.1568, 14.4448, 3.552, 17.0496, 2.2496],
      [6.696, 9.7092, 9.3744, 28.7928, 0, 6.3612, 10.3788, 18.0792, 41.1804, 8.7048, 0, 2.3436, 0, 1.3392, 1.0044, 3.348, 0.3348, 1.674, 17.7444, 1.3392, 18.414, 7.7004, 6.696, 25.7796, 17.0748, 34.4844, 16.74, 16.0704, 21.0924, 12.7224, 13.392, 14.7312, 2.6784, 1.674, 31.4712, 6.696, 10.3788, 15.066, 1.3392, 17.4096, 40.8456, 10.044, 48.2112, 6.3612],
      [3.224, 4.6748, 4.5136, 13.8632, 0, 3.0628, 4.9972, 8.7048, 19.8276, 4.1912, 0, 1.1284, 0, 0.6448, 0.4836, 1.612, 0.1612, 0.806, 8.5436, 0.6448, 8.866, 3.7076, 3.224, 12.4124, 8.2212, 16.6036, 8.06, 7.7376, 10.1556, 6.1256, 6.448, 7.0928, 1.2896, 0.806, 15.1528, 3.224, 4.9972, 7.254, 0.6448, 8.3824, 19.6664, 4.836, 23.2128, 3.0628]
    ],
    [
      [1.863, 0.966, 1.265, 3.634, 0.092, 0.851, 0.966, 15.502, 12.696, 2.047, 0.391, 0.966, 1.173, 0.253, 1.288, 3.174, 0.092, 0.552, 5.06, 2.024, 8.372, 7.13, 3.312, 5.129, 4.232, 7.015, 5.198, 7.659, 9.016, 3.174, 4.531, 5.957, 0.253, 0.092, 6.831, 4.232, 7.314, 1.725, 0.138, 7.475, 14.513, 3.542, 17.503, 0.552],
      [2.3085, 1.197, 1.5675, 4.503, 0.114, 1.0545, 1.197, 19.209, 15.732, 2.5365, 0.4845, 1.197, 1.4535, 0.3135, 1.596, 3.933, 0.114, 0.684, 6.27, 2.508, 10.374, 8.835, 4.104, 6.3555, 5.244, 8.6925, 6.441, 9.4905, 11.172, 3.933, 5.6145, 7.3815, 0.3135, 0.114, 8.4645, 5.244, 9.063, 2.1375, 0.171, 9.2625, 17.9835, 4.389, 21.6885, 0.684],
      [70.9155, 36.771, 48.1525, 138.329, 3.502, 32.3935, 36.771, 590.087, 483.276, 77.9195, 14.8835, 36.771, 44.6505, 9.6305, 49.028, 120.819, 3.502, 21.012, 192.61, 77.044, 318.682, 271.405, 126.072, 195.2365, 161.092, 267.0275, 197.863, 291.5415, 343.196, 120.819, 172.4735, 226.7545, 9.6305, 3.502, 260.0235, 161.092, 278.409, 65.6625, 5.253, 284.5375, 552.4405, 134.827, 666.2555, 21.012],
      [3.7179, 1.9278, 2.5245, 7.2522, 0.1836, 1.6983, 1.9278, 30.9366, 25.3368, 4.0851, 0.7803, 1.9278, 2.3409, 0.5049, 2.5704, 6.3342, 0.1836, 1.1016, 10.098, 4.0392, 16.7076, 14.229, 6.6096, 10.2357, 8.4456, 13.9995, 10.3734, 15.2847, 17.9928, 6.3342, 9.0423, 11.8881, 0.5049, 0.1836, 13.6323, 8.4456, 14.5962, 3.4425, 0.2754, 14.9175, 28.9629, 7.0686, 34.9299, 1.1016],
      [2.2032, 1.1424, 1.496, 4.2976, 0.1088, 1.0064, 1.1424, 18.3328, 15.0144, 2.4208, 0.4624, 1.1424, 1.3872, 0.2992, 1.5232, 3.7536, 0.1088, 0.6528, 5.984, 2.3936, 9.9008, 8.432, 3.9168, 6.0656, 5.0048, 8.296, 6.1472, 9.0576, 10.6624, 3.7536, 5.3584, 7.0448, 0.2992, 0.1088, 8.0784, 5.0048, 8.6496, 2.04, 0.1632, 8.84, 17.1632, 4.1888, 20.6992, 0.6528]
    ],
    [
      [3.3777, 2.3247, 2.4462, 7.3386, 0.0243, 3.3615, 3.8556, 4.0338, 10.6353, 2.3976, 0.0324, 0.4455, 0.081, 0.2511, 0.2025, 0.9963, 0.0243, 0.1377, 6.7716, 0.0567, 4.3335, 1.5795, 1.0611, 5.1273, 2.835, 6.7878, 2.8188, 2.6082, 4.9572, 4.1958, 2.3814, 2.106, 0.4779, 0.3888, 8.5131, 1.4175, 1.8144, 3.9852, 0.3726, 3.9447, 11.3643, 1.7253, 8.9262, 0.8343],
      [2.5854, 1.7794, 1.8724, 5.6172, 0.0186, 2.573, 2.9512, 3.0876, 8.1406, 1.8352, 0.0248, 0.341, 0.062, 0.1922, 0.155, 0.7626, 0.0186, 0.1054, 5.1832, 0.0434, 3.317, 1.209, 0.8122, 3.9246, 2.17, 5.1956, 2.1576, 1.9964, 3.7944, 3.2116, 1.8228, 1.612, 0.3658, 0.2976, 6.5162, 1.085, 1.3888, 3.0504, 0.2852, 3.0194, 8.6986, 1.3206, 6.8324, 0.6386],
      [5.7129, 3.9319, 4.1374, 12.4122, 0.0411, 5.6855, 6.5212, 6.8226, 17.9881, 4.0552, 0.0548, 0.7535, 0.137, 0.4247, 0.3425, 1.6851, 0.0411, 0.2329, 11.4532, 0.0959, 7.3295, 2.6715, 1.7947, 8.6721, 4.795, 11.4806, 4.7676, 4.4114, 8.3844, 7.0966, 4.0278, 3.562, 0.8083, 0.6576, 14.3987, 2.3975, 3.0688, 6.7404, 0.6302, 6.6719, 19.2211, 2.9181, 15.0974, 1.4111],
      [401.4042, 276.2662, 290.7052, 872.1156, 2.8878, 399.479, 458.1976, 479.3748, 1263.8938, 284.9296, 3.8504, 52.943, 9.626, 29.8406, 24.065, 118.3998, 2.8878, 16.3642, 804.7336, 6.7382, 514.991, 187.707, 126.1006, 609.3258, 336.91, 806.6588, 334.9848, 309.9572, 589.1112, 498.6268, 283.0044, 250.276, 56.7934, 46.2048, 1011.6926, 168.455, 215.6224, 473.5992, 44.2796, 468.7862, 1350.5278, 205.0338, 1060.7852, 99.1478],
      [3.9198, 2.6978, 2.8388, 8.5164, 0.0282, 3.901, 4.4744, 4.6812, 12.3422, 2.7824, 0.0376, 0.517, 0.094, 0.2914, 0.235, 1.1562, 0.0282, 0.1598, 7.8584, 0.0658, 5.029, 1.833, 1.2314, 5.9502, 3.29, 7.8772, 3.2712, 3.0268, 5.7528, 4.8692, 2.7636, 2.444, 0.5546, 0.4512, 9.8794, 1.645, 2.1056, 4.6248, 0.4324, 4.5778, 13.1882, 2.0022, 10.3588, 0.9682]
    ],
    [
      [4.54, 2.497, 5.3345, 12.031, 0.1135, 2.1565, 3.859, 6.129, 25.424, 4.994, 0, 1.135, 0.681, 0.227, 0.7945, 2.3835, 0, 1.0215, 5.5615, 0.908, 17.1385, 9.1935, 5.675, 11.2365, 10.669, 14.6415, 10.3285, 11.2365, 10.3285, 5.5615, 6.81, 9.761, 0.3405, 0, 13.847, 8.2855, 6.9235, 5.221, 0.227, 9.761, 32.8015, 4.54, 15.0955, 0.681],
      [14.416, 7.9288, 16.9388, 38.2024, 0.3604, 6.8476, 12.2536, 19.4616, 80.7296, 15.8576, 0, 3.604, 2.1624, 0.7208, 2.5228, 7.5684, 0, 3.2436, 17.6596, 2.8832, 54.4204, 29.1924, 18.02, 35.6796, 33.8776, 46.4916, 32.7964, 35.6796, 32.7964, 17.6596, 21.624, 30.9944, 1.0812, 0, 43.9688, 26.3092, 21.9844, 16.5784, 0.7208, 30.9944, 104.1556, 14.416, 47.9332, 2.1624],
      [4.44, 2.442, 5.217, 11.766, 0.111, 2.109, 3.774, 5.994, 24.864, 4.884, 0, 1.11, 0.666, 0.222, 0.777, 2.331, 0, 0.999, 5.439, 0.888, 16.761, 8.991, 5.55, 10.989, 10.434, 14.319, 10.101, 10.989, 10.101, 5.439, 6.66, 9.546, 0.333, 0, 13.542, 8.103, 6.771, 5.106, 0.222, 9.546, 32.079, 4.44, 14.763, 0.666],
      [10.4, 5.72, 12.22, 27.56, 0.26, 4.94, 8.84, 14.04, 58.24, 11.44, 0, 2.6, 1.56, 0.52, 1.82, 5.46, 0, 2.34, 12.74, 2.08, 39.26, 21.06, 13, 25.74, 24.44, 33.54, 23.66, 25.74, 23.66, 12.74, 15.6, 22.36, 0.78, 0, 31.72, 18.98, 15.86, 11.96, 0.52, 22.36, 75.14, 10.4, 34.58, 1.56],
      [6.204, 3.4122, 7.2897, 16.4406, 0.1551, 2.9469, 5.2734, 8.3754, 34.7424, 6.8244, 0, 1.551, 0.9306, 0.3102, 1.0857, 3.2571, 0, 1.3959, 7.5999, 1.2408, 23.4201, 12.5631, 7.755, 15.3549, 14.5794, 20.0079, 14.1141, 15.3549, 14.1141, 7.5999, 9.306, 13.3386, 0.4653, 0, 18.9222, 11.3223, 9.4611, 7.1346, 0.3102, 13.3386, 44.8239, 6.204, 20.6283, 0.9306]
    ],
    [
      [4.2588, 2.8392, 4.0222, 13.7228, 0, 4.9686, 5.4418, 13.2496, 11.3568, 2.6026, 0.2366, 0.9464, 0.4732, 0.2366, 0.7098, 4.2588, 0.2366, 0.4732, 11.1202, 2.1294, 13.4862, 8.7542, 3.3124, 10.4104, 5.6784, 12.3032, 6.1516, 7.8078, 5.2052, 5.915, 6.3882, 8.9908, 0.9464, 0, 14.6692, 4.2588, 6.1516, 6.8614, 0.9464, 9.7006, 25.5528, 4.2588, 26.7358, 0.9464],
      [2.6442, 1.7628, 2.4973, 8.5202, 0, 3.0849, 3.3787, 8.2264, 7.0512, 1.6159, 0.1469, 0.5876, 0.2938, 0.1469, 0.4407, 2.6442, 0.1469, 0.2938, 6.9043, 1.3221, 8.3733, 5.4353, 2.0566, 6.4636, 3.5256, 7.6388, 3.8194, 4.8477, 3.2318, 3.6725, 3.9663, 5.5822, 0.5876, 0, 9.1078, 2.6442, 3.8194, 4.2601, 0.5876, 6.0229, 15.8652, 2.6442, 16.5997, 0.5876],
      [2.3796, 1.5864, 2.2474, 7.6676, 0, 2.7762, 3.0406, 7.4032, 6.3456, 1.4542, 0.1322, 0.5288, 0.2644, 0.1322, 0.3966, 2.3796, 0.1322, 0.2644, 6.2134, 1.1898, 7.5354, 4.8914, 1.8508, 5.8168, 3.1728, 6.8744, 3.4372, 4.3626, 2.9084, 3.305, 3.5694, 5.0236, 0.5288, 0, 8.1964, 2.3796, 3.4372, 3.8338, 0.5288, 5.4202, 14.2776, 2.3796, 14.9386, 0.5288],
      [4.4388, 2.9592, 4.1922, 14.3028, 0, 5.1786, 5.6718, 13.8096, 11.8368, 2.7126, 0.2466, 0.9864, 0.4932, 0.2466, 0.7398, 4.4388, 0.2466, 0.4932, 11.5902, 2.2194, 14.0562, 9.1242, 3.4524, 10.8504, 5.9184, 12.8232, 6.4116, 8.1378, 5.4252, 6.165, 6.6582, 9.3708, 0.9864, 0, 15.2892, 4.4388, 6.4116, 7.1514, 0.9864, 10.1106, 26.6328, 4.4388, 27.8658, 0.9864],
      [4.2786, 2.8524, 4.0409, 13.7866, 0, 4.9917, 5.4671, 13.3112, 11.4096, 2.6147, 0.2377, 0.9508, 0.4754, 0.2377, 0.7131, 4.2786, 0.2377, 0.4754, 11.1719, 2.1393, 13.5489, 8.7949, 3.3278, 10.4588, 5.7048, 12.3604, 6.1802, 7.8441, 5.2294, 5.9425, 6.4179, 9.0326, 0.9508, 0, 14.7374, 4.2786, 6.1802, 6.8933, 0.9508, 9.7457, 25.6716, 4.2786, 26.8601, 0.9508]
    ]
  ],
  "V_est": [
    [148.608, 104.448, 127.392, 262.752, 316.8],
    [485.4186, 165.8598, 199.9776, 565.4772, 272.2668],
    [189.75, 235.125, 7222.875, 378.675, 224.4],
    [133.3503, 102.0706, 225.5431, 15847.2838, 154.7522],
    [300.094, 952.8976, 293.484, 687.44, 410.0844],
    [278.7148, 173.0482, 155.7316, 290.4948, 280.0106]
  ],
  "p_est": [
    [0.1548, 0.1088, 0.1327, 0.2737, 0.33],
    [0.2874, 0.0982, 0.1184, 0.3348, 0.1612],
    [0.023, 0.0285, 0.8755, 0.0459, 0.0272],
    [0.0081, 0.0062, 0.0137, 0.9626, 0.0094],
    [0.1135, 0.3604, 0.111, 0.26, 0.1551],
    [0.2366, 0.1469, 0.1322, 0.2466, 0.2377]
  ],
  "EI_Z": {},
  "EI_V": 8.8755,
  "MAE_Z": {},
  "MAE_V": 184.5155,
  "MAE_p": 0.0796,
  "runtime": 143.047
}
