{
  "Z_true": {},
  "V_true": [
    [1419, 126, 3421, 516, 83],
    [491, 72, 7177, 780, 138],
    [531, 5541, 952, 11015, 639],
    [160, 181, 835, 385, 205],
    [163, 200, 474, 873, 722]
  ],
  "p_true": [
    [0.255, 0.0226, 0.6147, 0.0927, 0.0149],
    [0.0567, 0.0083, 0.8289, 0.0901, 0.0159],
    [0.0284, 0.2967, 0.051, 0.5897, 0.0342],
    [0.0906, 0.1025, 0.4728, 0.218, 0.1161],
    [0.067, 0.0822, 0.1949, 0.359, 0.2969]
  ],
  "Z_est": [
    [
      [27.6332, 25.1211, 17.0265, 19.424, 3.3495, 36.8443, 46.6137, 54.9874, 25.6794, 0, 34.8905, 21.7716, 53.0335, 16.1892, 5.5707, 0.4873, 1.3956, 25.1211, 30.7036, 11.4441, 4.7606, 18.7013, 2.0146, 0, 104.3208, 4.466, 29.308, 0.9884, 1.7423, 4.7451, 5.0242, 8.9048, 13.1188, 17.8639, 21.7716, 27.3541, 0, 3.9205, 5.1566, 53.3126, 8.4766, 0, 5.8807, 1.6802, 7.5363, 10.6794, 462.2288, 11.1649, 142.3531, 82.8997],
      [1.0477, 0.9524, 0.6455, 0.6349, 0.1379, 1.3969, 1.7673, 2.0847, 0.9736, 0.5794, 1.3228, 0.8254, 2.0107, 0.6138, 0.5131, 0, 0.0529, 0.9524, 1.1641, 0.4339, 0.1799, 0.709, 0.0741, 0.0317, 4.5504, 0.1693, 1.1112, 0.1164, 1.3902, 0.1799, 0.1905, 0.3704, 0.4974, 0.6773, 0.8254, 1.0371, 0.0317, 0.1482, 0.2222, 2.0212, 0.7619, 0, 0.2222, 0.0635, 0.2857, 0, 17.5245, 0.4233, 5.397, 14.5059],
      [69.3705, 63.064, 42.7434, 37.8574, 8.4085, 92.4939, 117.0188, 138.0402, 64.4655, 1.4014, 87.589, 54.7265, 133.1352, 40.694, 14.7149, 4.2043, 3.5036, 63.064, 77.0783, 28.7292, 11.9121, 46.9477, 4.905, 2.9422, 317.0084, 11.2114, 73.5747, 7.9314, 3.9844, 11.9121, 12.6128, 25.4212, 32.9334, 44.8455, 54.6555, 68.6697, 2.5264, 9.81, 14.7149, 134.0097, 62.1371, 0, 14.7149, 4.2043, 18.9192, 37.3206, 1160.3784, 28.0285, 357.3629, 196.7484],
      [0.8586, 0.7805, 0.529, 0.5204, 0.1041, 1.1448, 1.4483, 1.7085, 0.7979, 0.0173, 1.0841, 0.6765, 1.6478, 0.503, 0.1821, 1.3085, 0.0434, 0.7805, 0.954, 0.3929, 0.1474, 0.5811, 0, 0.026, 3.7292, 0.1388, 0.9106, 1.9638, 1.3948, 0.1474, 0.1561, 0.3035, 0.4076, 0.555, 0.6765, 0.8499, 0.4419, 0.1214, 0.9063, 1.6565, 0.6244, 0, 0.1821, 0.052, 0.2342, 0, 14.3618, 0.3469, 4.423, 2.5758],
      [0.0901, 0.0819, 0.0555, 1.5633, 0, 0.1201, 0.1519, 0.1792, 0.0837, 0.0018, 0.1137, 0, 0.1728, 0, 0.0191, 0, 0.0045, 0.0819, 0.1001, 0, 0, 0.0609, 0.0064, 0, 0.3912, 0.0146, 0.0955, 0, 1.4882, 0.0155, 0.0164, 0, 0.0428, 0.0582, 0.071, 0.0892, 0, 0, 0, 0, 0, 0, 0, 0, 0.0246, 0, 1.5065, 0.0364, 0.4639, 0.2702]
    ],
    [
      [21.3111, 16.5678, 7.758, 4.2061, 3.3649, 26.078, 25.9845, 30.9384, 18.6004, 0, 13.3375, 7.9905, 23.1061, 1.4084, 0, 0.3739, 2.3237, 9.8434, 24.489, 7.4776, 3.9257, 19.2547, 2.6814, 0, 39.5376, 6.3232, 16.0687, 0.6543, 0.1869, 3.4584, 4.2996, 0, 8.5778, 10.2945, 10.2817, 14.9551, 0, 5.0302, 1.6825, 9.5386, 4.9539, 0, 2.6098, 0.9787, 2.8483, 2.3367, 223.181, 10.0947, 140.2543, 24.8629],
      [7.3117, 6.4779, 2.6617, 1.4431, 1.7042, 8.9472, 8.9151, 10.6147, 6.3817, 0.9857, 8.5061, 3.271, 7.472, 2.1486, 3.7775, 0, 0.3094, 17.6389, 8.402, 2.5655, 1.3469, 6.6061, 1.9647, 1.1265, 13.565, 0.7696, 6.2855, 0.2245, 0.0641, 1.1865, 1.4752, 1.5072, 2.7258, 7.6574, 3.5276, 5.131, 0.0962, 0.6093, 0.5772, 6.8627, 1.6996, 0.9426, 0.7696, 0.2886, 4.2006, 0.8017, 86.6816, 3.4634, 22.7046, 8.5303],
      [187.5592, 141.1551, 68.2781, 37.0183, 29.6146, 229.5133, 228.6906, 272.2899, 163.703, 5.7584, 143.1373, 83.9081, 191.6724, 60.9529, 29.4083, 3.2905, 3.7456, 238.0043, 215.5286, 67.0319, 34.5504, 169.4614, 5.2012, 6.581, 347.9717, 11.5034, 161.2351, 5.7584, 1.6453, 30.4372, 38.5433, 43.7743, 69.2905, 117.6358, 90.4891, 125.6431, 2.7941, 12.6658, 14.9801, 187.6532, 44.1987, 0, 19.7431, 7.4037, 20.4479, 20.9475, 2223.564, 88.8438, 508.3429, 218.8191],
      [8.3365, 12.4415, 3.0348, 1.6454, 1.3163, 10.2012, 10.1646, 12.1025, 7.2761, 0.2559, 6.362, 6.8304, 8.5193, 2.4901, 1.2797, 0.3356, 0.2559, 10.2378, 9.5796, 2.9251, 2.177, 7.5321, 0, 0.2925, 15.4663, 0.8775, 7.1664, 0.3628, 0.0731, 1.3528, 1.6819, 1.7185, 3.1079, 5.2286, 4.022, 5.8501, 0.1097, 0.6947, 0.6581, 9.9455, 1.9379, 0.0574, 0.8775, 0.3291, 1.0603, 0.9141, 128.2983, 3.9488, 25.8869, 9.7259],
      [3.4816, 25.3577, 1.2674, 0.6872, 0, 4.2604, 4.2451, 5.0544, 3.0388, 0, 2.657, 0, 2.2302, 0, 0.5345, 0, 0.3653, 4.2756, 4.0008, 0, 0, 3.1456, 0.1527, 0, 6.4593, 4.5263, 5.2443, 0, 0.0305, 0.565, 0, 0, 1.298, 2.1836, 1.6797, 8.4206, 0, 0, 0.1021, 0, 0.21, 0, 0, 0, 0.4428, 0, 41.2752, 1.6492, 10.8113, 4.0619]
    ],
    [
      [1.3898, 0, 11.7338, 1.3174, 1.8209, 3.6093, 9.9529, 14.2484, 15.6982, 0, 0, 0, 7.0627, 0, 0, 0.023, 0.0843, 0, 4.0719, 0.5295, 3.1357, 2.239, 1.1882, 0, 0, 5.5413, 0, 0, 0, 1.7343, 0.4395, 0, 2.9948, 0, 6.1954, 10.2675, 0, 0.574, 0, 0, 0, 0, 1.8013, 2.398, 1.9007, 0.3144, 0, 5.1964, 33.3021, 18.319],
      [298.5097, 160.9863, 53.6787, 10.5985, 10.8892, 130.332, 99.6881, 144.074, 137.3033, 4.0879, 147.9601, 31.5229, 143.1148, 29.6789, 21.0188, 0, 2.7856, 108.1327, 105.4722, 21.2809, 7.3607, 72.8448, 1.5194, 6.8418, 138.0067, 24.0945, 91.726, 0.9865, 3.4826, 20.9628, 21.9085, 24.8227, 31.333, 70.8389, 89.5781, 90.394, 0.4618, 9.8541, 7.38, 107.538, 26.6766, 2.0259, 8.0217, 2.354, 13.1684, 8.2317, 1440.0888, 59.4285, 508.1301, 140.3144],
      [4.9335, 0, 3.5884, 0, 1.2603, 11.6858, 18.3086, 29.6997, 7.2295, 1.5581, 31.6258, 14.0592, 21.2497, 6.9167, 12.611, 0.0879, 0, 13.8553, 29.3905, 6.5662, 4.0327, 24.1437, 0.1758, 0.4767, 97.616, 0, 6.9405, 0.3517, 0, 3.8638, 15.1299, 4.2184, 0, 15.3072, 1.3394, 0, 0.1172, 0, 1.2393, 48.5477, 3.7369, 0, 1.7778, 2.9233, 0, 4.8778, 157.8092, 0.9508, 0, 0],
      [542.0037, 447.8388, 107.5575, 63.8184, 29.0296, 257.4488, 329.813, 422.9864, 273.4935, 5.354, 378.7333, 177.4179, 692.5728, 199.4043, 44.6754, 2.8891, 6.5399, 286.7956, 211.2561, 92.6234, 42.4709, 215.6816, 2.8666, 3.6815, 697.1513, 83.4738, 294.6896, 10.6618, 8.3202, 39.6682, 59.522, 110.9589, 115.1974, 176.4699, 242.3981, 182.1655, 3.421, 21.5719, 27.3807, 352.9144, 51.5864, 5.9741, 23.3992, 11.3247, 33.2741, 27.576, 4245.4124, 91.9941, 762.239, 362.8625],
      [40.1633, 10.1749, 0.4416, 1.2657, 0, 13.9241, 10.2374, 26.9915, 13.2755, 0, 13.6807, 0, 0, 0, 4.6948, 0, 1.5902, 18.2163, 2.8094, 0, 0, 0.0908, 0.2499, 0, 8.226, 1.8903, 10.6438, 0, 0.1973, 0.7708, 0, 0, 14.4747, 11.3839, 7.489, 16.173, 0, 0, 0, 0, 0, 0, 0, 0, 3.6568, 0, 57.6896, 7.4302, 24.3288, 6.504]
    ],
    [
      [1.6977, 1.8038, 0.3891, 0.2476, 1.2291, 1.627, 1.7684, 2.5819, 1.2733, 0, 0.955, 0.7427, 1.4855, 0.4244, 0.1415, 0.0354, 0.0354, 1.8038, 2.2282, 0.7781, 0.2122, 1.344, 0.0354, 0, 2.3343, 0.1061, 1.8745, 0.0354, 0.0707, 0.1768, 0.7074, 0.5659, 0.8135, 1.4147, 1.4855, 1.2379, 0, 0.2339, 0, 0.8488, 0.2476, 0, 0.0707, 0.3548, 0.0707, 0.1061, 21.398, 0.5659, 4.7394, 0.8135],
      [1.5132, 1.6077, 0.3468, 0.2207, 0.9864, 1.4501, 1.5762, 2.3013, 1.1349, 0.5265, 0.8511, 0.662, 1.324, 0.3783, 0.1261, 0, 0.0315, 1.6077, 1.986, 0.6935, 0.1891, 1.1979, 0.0315, 0, 2.0806, 0.0946, 1.6708, 0.0315, 0.063, 0.1576, 0.6305, 0.5044, 0.7251, 1.261, 1.324, 1.1033, 0, 0.1576, 0, 0.7566, 0.2207, 0.0315, 0.063, 0.063, 0.063, 0.0946, 19.0721, 0.5044, 4.2242, 0.7251],
      [32.8872, 34.9427, 7.5367, 4.7961, 17.454, 31.5169, 34.2576, 50.016, 24.6654, 2.0555, 18.4991, 14.3882, 28.7763, 8.2218, 2.7406, 0.6852, 0.6852, 34.9427, 43.1645, 15.0733, 4.1109, 26.0357, 0.6852, 0, 45.22, 2.0555, 36.313, 0.8272, 1.3703, 3.4258, 14.0903, 10.9624, 15.7585, 27.406, 28.7763, 23.9803, 0, 3.4258, 0, 16.4436, 4.7961, 0, 1.3703, 1.3703, 1.3703, 2.0555, 414.5164, 10.9624, 91.8102, 15.7585],
      [5.0848, 5.4025, 1.1653, 0.7415, 2.3305, 4.8729, 5.2966, 7.7331, 3.8136, 0.3178, 2.8602, 2.2246, 4.4492, 1.2712, 0.4237, 0.2795, 0.1059, 5.4025, 6.6737, 5.455, 0.6356, 4.0254, 0.1059, 0, 6.9915, 0.3178, 5.6144, 0.1059, 0.2119, 0.5297, 2.1186, 1.6949, 2.4364, 4.2373, 4.4492, 3.7076, 0, 0.5297, 0, 2.5424, 0.7415, 0.9685, 0.2119, 0.2119, 0.2119, 0.3178, 64.0891, 1.6949, 14.1949, 2.4364],
      [6.8172, 7.2432, 1.5623, 0.9942, 0, 6.5331, 7.1012, 10.3678, 5.1129, 0.1002, 3.8346, 2.9825, 5.965, 1.7043, 0.5681, 0, 0.142, 7.2432, 8.9475, 0, 0.8521, 5.3969, 0.142, 0, 9.3736, 0.4261, 7.5273, 0, 0.284, 0.7101, 2.4532, 2.2724, 3.2666, 5.681, 5.965, 4.9708, 0, 0.6531, 0, 3.4086, 0.9942, 0, 0.284, 0, 0.284, 0.4261, 85.9246, 2.2724, 19.0312, 3.2666]
    ],
    [
      [7.9682, 4.5073, 2.0927, 0.8049, 2.2356, 6.8414, 6.6804, 7.2439, 4.7487, 0, 2.8171, 2.4951, 5.3122, 2.978, 1.2878, 0.0805, 0.161, 5.2317, 4.5073, 1.7707, 0.9658, 3.461, 0.0805, 0, 7.8073, 0.5634, 4.7487, 0.3219, 0, 0.8854, 1.5293, 1.5293, 2.4951, 4.4268, 4.2658, 4.1853, 0, 0.2415, 0.161, 3.3, 0.3219, 0, 2.6375, 1.5884, 0.6439, 0.5634, 58.1923, 2.978, 18.3511, 4.1048],
      [40.6178, 22.9757, 10.6673, 4.1028, 3.2822, 34.8739, 34.0533, 36.9253, 24.2066, 0.8206, 14.3598, 12.7187, 27.0785, 15.1804, 6.5645, 0, 0.8206, 26.6683, 22.9757, 9.0262, 4.9234, 17.6421, 0.4103, 0, 39.7972, 2.872, 24.2066, 1.6411, 0, 4.5131, 7.7953, 7.7953, 12.7187, 22.5654, 21.7449, 21.3346, 0.4103, 1.2308, 0.8206, 16.8215, 1.6411, 0, 4.9234, 1.2308, 3.2822, 2.872, 296.6331, 15.1804, 93.544, 20.9243],
      [3.2496, 1.8382, 0.8534, 0.3282, 0.2626, 2.7901, 2.7244, 2.9542, 1.9366, 0.2266, 1.1488, 5.9181, 2.1664, 1.2145, 0.5252, 0.7321, 0.0656, 2.1336, 1.8382, 3.5994, 0.3939, 1.4114, 0.0328, 0, 3.184, 0.2298, 1.9366, 0.1313, 0, 0.3611, 0.6237, 0.6237, 1.0176, 1.8053, 1.7397, 1.7069, 0.5623, 0.0985, 0.0656, 1.3458, 0.1313, 0, 0.3939, 0.0985, 0.2626, 2.7986, 23.7319, 1.2145, 7.4839, 1.674],
      [2.7165, 1.5366, 0.7134, 0.2744, 0.2195, 2.3323, 2.2774, 2.4695, 1.6189, 0.0549, 0.9604, 0.8506, 1.811, 8.3314, 0.439, 0.1874, 0.0549, 1.7835, 1.5366, 0.6037, 0.569, 1.1799, 0.0274, 0, 2.6616, 0.1921, 1.6189, 1.9056, 0, 0.3018, 0.5213, 5.3241, 0.8506, 1.5092, 1.4543, 1.4268, 0.0274, 0.0823, 0.0549, 8.9413, 0.1098, 0, 0.3293, 0.0823, 0.2195, 0.1921, 19.8385, 1.0152, 6.2561, 1.3994],
      [44.4479, 25.1422, 11.6732, 4.4897, 2, 38.1623, 37.2644, 40.4072, 26.4891, 0.8979, 15.7139, 9.0175, 29.6319, 9.2957, 7.1835, 0, 0.8979, 29.1829, 25.1422, 7, 5.1479, 19.3056, 0.449, 0, 43.5499, 3.1428, 26.4891, 0, 0, 4.9387, 8.5304, 3.7276, 13.918, 24.6933, 23.7953, 23.3464, 0, 1.3469, 0.8979, 10.5914, 1.7959, 0, 3.716, 0, 3.5917, 0.5739, 324.6042, 16.6118, 102.3648, 22.8974]
    ]
  ],
  "V_est": [
    [1517.6602, 71.8271, 3914.6457, 53.3962, 7.4707],
    [814.0307, 302.9255, 7030.3856, 356.9442, 153.714],
    [169.0838, 4691.4898, 610.2021, 12878.5597, 328.6646],
    [63.1114, 56.3648, 1212.2015, 191.2371, 243.0852],
    [200.1139, 997.3929, 91.5651, 88.8627, 1054.0655]
  ],
  "p_est": [
    [0.2727, 0.0129, 0.7034, 0.0096, 0.0013],
    [0.094, 0.035, 0.812, 0.0412, 0.0178],
    [0.0091, 0.2512, 0.0327, 0.6895, 0.0176],
    [0.0357, 0.0319, 0.6864, 0.1083, 0.1376],
    [0.0823, 0.4101, 0.0377, 0.0365, 0.4334]
  ],
  "EI_Z": {},
  "EI_V": 12.4192,
  "MAE_Z": {},
  "MAE_V": 368.5916,
  "MAE_p": 0.0789,
  "runtime": 1.1987
}
