{
  "Z_true": {},
  "V_true": [
    [27, 1329, 68, 109, 94, 1],
    [39, 30, 1503, 224, 107, 0],
    [291, 40, 188, 7113, 318, 4],
    [264, 58, 158, 311, 9342, 3],
    [331, 330, 600, 1252, 1094, 18]
  ],
  "p_true": [
    [0.0166, 0.8163, 0.0418, 0.067, 0.0577, 0.0006],
    [0.0205, 0.0158, 0.7898, 0.1177, 0.0562, 0],
    [0.0366, 0.005, 0.0236, 0.8943, 0.04, 0.0005],
    [0.026, 0.0057, 0.0156, 0.0307, 0.9217, 0.0003],
    [0.0913, 0.091, 0.1655, 0.3454, 0.3018, 0.005]
  ],
  "Z_est": [
    [
      [11, 2, 3, 2, 2.9993, 0.975, 1.9924, 0.9903, 1.7029, 1.999, 2, 3, 3, 3, 2, 1.9956, 1, 2.0003, 3, 2.9961, 1.9865, 4, 3, 3, 5, 4, 2.9999, 2, 0.9984, 0.995, 1.9966, 1, 2, 2, 2, 2.8794, 3, 3, 1.9493, 1.9233, 2, 3, 2, 3, 3, 3, 2.0094, 1.9999, 2.9999, 4, 1.9998, 0.9998, 2, 2, 3, 3, 3, 0.9989, 2, 3, 1.9984, 2.0001, 2, 3, 2, 3],
      [35, 1, 1, 0.9999, 0.0013, 0.0073, 0, 0.001, 0.0003, 2.1421e-07, 1, 0, 6, 3, 8.2465e-09, 0.0051, 3.5417e-07, 3.3336e-07, 0.0001, 0.0026, 0.0094, 17, 16, 13, 16, 13, 8, 3.266e-08, 0.0011, 0, 0.0001, 1.62e-06, 7.588e-06, 0.9999, 2.0858e-06, 0.0001, 2.7712e-06, 4, 0.0004, 0.0013, 1.5115e-07, 5.1855e-07, 3.5169e-10, 1, 2, 3, 0.0194, 0, 2.8983e-06, 1, 0.0001, 1.0025, 1, 3, 2, 1, 5.6373e-13, 0.0001, 1.6213e-06, 0, 0.0004, 4.0249e-07, 1, 1.7362e-06, 0, 2],
      [47, 1, 1, 0.0001, 0.0006, 0.0035, 0, 0.0033, 0.1271, 7.6337e-07, 1.0001, 0, 6, 2, 5.1276e-08, 0.0038, 1.0747e-06, 3.3534e-07, 2.0001, 0.0004, 0.0034, 6, 14, 9, 8, 11, 5.0002, 8.8171e-08, 0, 0.0016, 0.0019, 0, 3.7927e-08, 5.4316e-06, 6.2602e-06, 0.0603, 0, 3, 0.0147, 0.0085, 1.8716e-06, 1, 1, 3, 4, 3, 0.0209, 0, 1, 1, 1.0001, 2.0009, 3, 5, 3, 2, 1, 0.999, 1, 1, 0.0006, 1.334e-09, 1, 4, 3, 1],
      [141, 5, 6, 4, 1.9987, 0.9825, 0.0038, 1.0091, 1.0795, 2.0029, 5, 2, 16, 10, 5, 2.0058, 2, 3, 3, 5.002, 2.9939, 21, 25, 25, 23, 25, 13, 3, 0.9983, 0.0032, 1.9998, 2, 2, 4.0001, 4, 3.94, 3, 12, 0.0314, 1.0908, 3, 4, 3, 7, 8, 7, 3.9928, 3, 5.0001, 9, 3.9996, 3.9986, 7, 7, 8, 4, 5, 2.0032, 4, 5, 1.9996, 2.9999, 4, 5, 3.9999, 8],
      [172, 9, 11, 5, 3, 1.0318, 0.0038, 0.9963, 1.0902, 1.9981, 5.9999, 2, 21, 16, 5, 1.9897, 2, 3.9997, 5.9999, 4.999, 4.0068, 25, 26, 23, 24, 23, 17.9998, 3, 1.0021, 1.0002, 3.0016, 2, 3, 4, 4, 4.1201, 4, 14, 1.0041, 1.9761, 5, 5, 6, 10, 12, 11, 3.9575, 3, 7, 8, 3.0004, 7.9982, 6.9999, 9, 10, 8, 6, 2.9989, 5, 7, 1.001, 3.9999, 4, 4, 4.0001, 14],
      [4.5472e-47, 6.2353e-15, 0, 0, 1.7139e-11, 0, 0, 0, 0, 2.3133e-15, 0, 1.7098e-10, 7.7149e-22, 0, 0, 0, 1.8433e-13, 0, 0, 0, 0, 0, 0, 0, 0, 0, 0, 0, 0, 0, 1.2696e-12, 0, 0, 0, 3.3644e-09, 0, 0, 2.0061e-19, 0, 0, 0, 0, 0, 0, 0, 0, 0, 0, 1.036e-15, 1.1143e-17, 0, 0, 0, 2.2356e-21, 0, 5.1857e-16, 7.2246e-20, 3.8249e-13, 0, 0, 0, 0, 0, 0, 0, 0]
    ],
    [
      [9, 1, 1, 7.6126e-07, 0, 0.9414, 0.0013, 1.9839, 0.1404, 1, 0, 8.2358e-06, 2.2485e-12, 1.9211e-07, 1, 0.0005, 1.9999, 2.245e-06, 0, 0, 0.0088, 3.2721e-09, 2.3182e-09, 1, 1.5482e-10, 7.0292e-10, 1, 2, 0.9972, 0.9961, 0.0001, 1, 1, 0.0001, 0, 0.0604, 1, 1, 0.0008, 0.0568, 1.1463e-06, 1, 2, 1, 2, 1.2573e-07, 0.0142, 0, 6.8591e-08, 1, 1, 1.998, 1, 1, 2, 2, 1, 0.9999, 9.7545e-07, 3.8118e-06, 0.9985, 1.0001, 1, 1, 1, 1],
      [43, 2, 3, 1.9999, 2, 0.0149, 0.9967, 0.0061, 0.8556, 1.9981, 1.9999, 2, 7, 4, 1, 0.9939, 1, 1.0003, 4.9999, 2.9986, 1.9877, 9, 14, 11, 9, 13, 7, 2, 0.9986, 0.0035, 0.9999, 2, 2, 2, 3, 3.0598, 2, 5, 1.876, 1.8964, 2, 2, 2, 4, 5, 5, 1.9613, 2, 3, 3, 2.0001, 1.0001, 3, 4, 4, 3, 3, 1.0012, 4, 4, 0.9991, 1.9999, 1, 5, 5.9999, 3],
      [55, 1.1246e-10, 2, 1, 1, 0.0088, 0.9969, 0.0215, 0.841, 0.0019, 2.9999, 1, 5, 2, 1, 0.0019, 0.0001, 1, 7.0001, 1.0024, 0.0015, 2, 11, 6, 4, 9, 3.0001, 5.9116e-08, 0.0004, 0.0004, 0.0016, 1, 8.8586e-06, 1, 0, 1.0001, 1, 3, 0.0812, 0.0601, 1, 1, 3, 5, 6, 5, 0.0012, 0, 2, 9.6063e-12, 2, 2.0008, 4, 10, 4, 4, 3, 3.002, 5, 2, 0.0041, 2.0001, 3, 13, 14.0003, 2.8847e-08],
      [163, 3, 8, 6.9999, 1, 1.0187, 4.0188, 3.9859, 1.0503, 4, 6.0002, 5, 12, 7, 6, 1.0016, 5.0001, 3, 11, 8.005, 1.0048, 8, 20, 17, 9, 19, 8.9999, 6, 1.0021, 2.9961, 3.0047, 6, 5, 2.9999, 4, 8.8193, 5, 12, 2.0379, 3.0396, 5, 7, 9, 12, 13, 8, 0.9991, 3.9999, 8, 5, 8.9996, 4.0014, 8.9999, 11, 10, 7, 11, 7, 12, 8, 3.9973, 5.9998, 7, 17, 20, 4],
      [200, 6, 13, 9.0002, 2, 1.0161, 3.9863, 6.0025, 1.1127, 4, 5.9999, 4, 17, 12, 7, 1.0021, 5.9999, 2.9997, 17, 7.9939, 0.9972, 10, 20, 16, 9, 18, 12, 6, 1.0017, 4.0038, 3.9937, 6, 6, 3, 4, 9.0604, 8, 14, 5.004, 3.9472, 8, 8, 16, 16, 19, 12, 1.0243, 4.0001, 9, 4, 9.0003, 7.9998, 9.0001, 15, 13, 13, 13, 8.9969, 15, 10, 3.0011, 8.0001, 7, 15, 18.9998, 8],
      [4.9543e-47, 6.6277e-21, 0, 0, 1.5933e-16, 0, 0, 0, 0, 2.2536e-15, 0, 2.9974e-16, 2.2195e-24, 0, 0, 0, 4.4777e-13, 0, 0, 0, 0, 0, 0, 0, 0, 0, 0, 0, 0, 0, 2.9974e-16, 0, 0, 0, 1.785e-15, 0, 0, 2.4704e-20, 0, 0, 0, 0, 0, 0, 0, 0, 0, 0, 3.2556e-17, 2.161e-22, 0, 0, 0, 3.2506e-22, 0, 6.3594e-20, 2.9122e-22, 1.1936e-15, 0, 0, 0, 0, 0, 0, 0, 0]
    ],
    [
      [31, 5, 3, 1.9999, 5, 2.987, 4.0116, 2.017, 5.7359, 5.001, 4.0001, 2, 2, 1, 7, 4.0093, 4.9999, 5.9997, 1, 2.0014, 1.9811, 1, 2.3182e-09, 1, 2, 1, 1, 13, 7.9989, 6.0089, 1.9999, 5, 5, 2.9999, 4, 0.9999, 5, 4, 1.0297, 1.9384, 4, 7, 5, 5, 4, 1, 3.958, 3, 2, 11, 4, 0.0004, 1, 4, 6, 4, 6, 1.0011, 2, 2, 5.0048, 9.9999, 9, 2, 2, 5],
      [132, 7, 7, 4.9999, 1.9994, 1.9553, 0.9968, 1.9915, 0.8899, 2.999, 4.9999, 3.9999, 13, 9, 5, 3.9879, 2.9999, 1.9998, 4.0001, 3.9986, 2.9883, 18, 19, 20, 20, 17, 11, 4, 2.996, 3.993, 3.9948, 2, 4, 5.0001, 3, 4.9397, 4, 12, 1.0485, 1.0385, 3, 5, 5, 8, 11, 8, 1.0122, 4.9999, 5, 9, 5.9996, 4.997, 6, 8, 7, 4, 6, 1.9988, 4, 6, 2.9973, 2.9999, 5, 4, 4, 7],
      [181, 8, 11, 7.9999, 4, 1.9948, 7.0038, 3.995, 4.0444, 6.999, 13.9999, 8, 13, 9, 12, 3.9933, 7, 5.9997, 15, 7.9947, 3.9719, 9, 19, 14, 11, 17, 10, 8, 5.9992, 2.0068, 7.0012, 10, 7.9999, 3.9999, 9, 8.8792, 9, 14, 4.9035, 6.9586, 8, 12, 12, 15, 19, 12, 4.9338, 7.9999, 12, 10, 13.0001, 8.002, 13, 21, 11, 6, 17, 9.9978, 16, 13, 8.994, 9.9999, 15, 23, 23, 7],
      [526, 36, 34, 40.9997, 22.9993, 33.0246, 42.9989, 29.9832, 48.7236, 40.0019, 44.9999, 35, 35, 28, 87, 53.0092, 36.0005, 43.001, 18.9999, 41.999, 23.0668, 23, 31, 35, 29, 33, 18, 53, 40.0097, 38.9885, 45.9941, 47, 45.9999, 32.9997, 42.0001, 37.5416, 25.9999, 42, 16.0988, 33.8842, 26, 48, 34, 36, 35, 21, 32.1257, 38, 35.9998, 57, 52, 12.9963, 26, 30, 26, 15, 57, 21.005, 32, 45, 38.9973, 47, 66, 30, 28.9999, 25],
      [646, 56, 56, 55.0006, 29.0013, 40.0383, 51.9889, 44.0134, 51.6062, 44.999, 45.0002, 33, 44, 44, 89, 43.0002, 38.9999, 47.9998, 30, 41.0063, 30.9919, 27, 32, 33, 29, 30, 25, 57, 46.9963, 51.0028, 62.01, 48, 59.0002, 33.0003, 44, 38.6396, 38.0002, 48, 35.9196, 47.1802, 41, 53, 56, 48, 54, 31, 35.9703, 42.0001, 44.0001, 50, 49.0003, 26.0044, 26.9999, 38, 34, 26, 65, 27.9972, 38, 53, 33.0066, 58.0002, 59, 25, 28.0001, 44],
      [1, 1.1655e-11, 0, 0, 0, 0, 0, 0, 0, 3.0982e-09, 0, 2.3771e-06, 3.9981e-13, 0, 0, 0, 1, 0, 0, 0, 0, 0, 0, 0, 0, 0, 0, 0, 0, 0, 4.0535e-08, 0, 0, 0, 3.3743e-06, 0, 0, 1.7383e-13, 0, 0, 0, 0, 0, 0, 0, 0, 0, 0, 2.9006e-08, 2.08e-11, 0, 0, 0, 1.3163e-08, 0, 1.8979e-11, 1.5543e-13, 0.0001, 0, 0, 0, 0, 0, 0, 0, 0]
    ],
    [
      [41, 8, 5, 3.0001, 9.0013, 3.0069, 4.9975, 2.9937, 7.2159, 6, 3.9999, 2, 3, 2, 7, 2.9932, 5.0002, 7.0003, 2, 2, 3.0278, 2, 1, 1, 3, 1, 3.0001, 13, 8.9999, 8.0015, 2.9999, 5, 7, 4, 5, 1.0601, 8.0001, 4, 2.937, 1.9984, 7, 9, 9, 7, 6, 2, 4.0169, 2.9999, 2, 10, 4, 0.9994, 1, 5, 10, 9, 7, 1, 3, 3, 3.9975, 12.9998, 9, 2, 1.9999, 9],
      [174, 9, 9, 6.0001, 3, 0.996, 1.0027, 0.9962, 1.1263, 3.001, 6, 4, 18, 15, 5, 3.0052, 2.0001, 2.9998, 6.9999, 3.9994, 4.0038, 22, 23, 22, 23, 22, 18, 4, 2.0028, 1.9987, 3.0019, 2, 5, 5.9999, 3, 4.9399, 5, 14, 3.0625, 1.0574, 6, 5, 5, 11, 16, 13, 1.9925, 6.0001, 6, 8, 3.9999, 8.001, 7, 10, 10, 10, 6, 2.001, 5, 8, 1.999, 3.0001, 5, 5, 4.0001, 12],
      [233, 8, 14, 11.0002, 4, 3.9114, 8.0014, 5.9798, 5.1176, 4.9981, 13, 7, 17, 13, 11, 2.9882, 6.9999, 5.0002, 21.9998, 6.0007, 3.022, 8, 20, 16, 12, 20, 11.9998, 9, 3.9994, 4.9899, 7.997, 8, 8.0001, 4.0001, 6, 8.9401, 12, 14, 6.0004, 5.9055, 10, 12, 17, 19, 27, 16, 2.0545, 8, 13, 7, 11.9996, 18.9986, 16.9999, 25, 18, 15, 15, 12.0021, 16, 14, 6.9999, 11.9998, 13, 23, 19.9998, 9],
      [694, 54, 53, 61.0004, 30.9982, 39.9991, 55.9872, 45.0073, 51.9797, 48.001, 48.0001, 36, 47, 54, 89, 49.9897, 36.9997, 51.9993, 35.0001, 51.9981, 39.9227, 31, 40, 42, 35, 43, 29.9999, 55, 45.002, 46.9846, 66.0014, 54.9999, 60.0001, 37.0002, 47, 42.94, 42.0001, 52, 34.8206, 51.1657, 46, 55, 56, 50, 57, 34, 37.9131, 46, 50.0002, 50, 49.0015, 27.0004, 37.0001, 35, 45, 32, 64, 32.9951, 40, 57, 33.0047, 60.9999, 60, 32, 30.0003, 48],
      [849, 82, 84, 77.9993, 50.0006, 47.0867, 68.0113, 65.023, 54.5606, 51, 47, 35, 62, 82, 91, 38.0238, 40, 58.0003, 51.0001, 46.0019, 50.0237, 33, 40, 37, 34, 37, 39.0001, 58, 50.9958, 62.0253, 84.9997, 54.0001, 74.9999, 41.9998, 48, 43.1198, 59.9999, 60, 78.1796, 66.873, 72, 60, 89, 65, 84, 47, 42.0231, 50, 59.9997, 45, 44.999, 54.0007, 38.9999, 49, 58, 63, 70, 42.0009, 45, 65, 26.9989, 73.0004, 56, 30, 26.9999, 81],
      [1, 4.9993e-11, 0, 0, 1, 0, 0, 0, 0, 8.4254e-09, 0, 0, 1.458e-12, 0, 0, 0, 1, 0, 0, 0, 0, 0, 0, 0, 0, 0, 0, 0, 0, 0, 2.0695e-06, 0, 0, 0, 1.6927e-07, 0, 0, 1.1567e-11, 0, 0, 0, 0, 0, 0, 0, 0, 0, 0, 6.942e-07, 1.0731e-12, 0, 0, 0, 1.0992e-10, 0, 8.7322e-12, 2.6915e-13, 0.001, 0, 0, 0, 0, 0, 0, 0, 0]
    ],
    [
      [15, 2, 1, 0.9999, 1.9994, 0.0897, 0.9972, 0.0151, 2.205, 1, 1, 1, 1, 7.8466e-09, 3, 1.0015, 1, 1.9997, 1, 0.0025, 0.9959, 1, 2.3182e-09, 3.0657e-13, 1, 3.5147e-10, 5.1975e-08, 6, 3.0056, 1.9985, 0.0035, 2, 1.0001, 1, 2, 0.0002, 2, 1, 0.0832, 0.0831, 1, 1, 2, 1, 1, 4.3738e-08, 3.0015, 1.0001, 0, 5, 1.0003, 0.0025, 0, 2, 4, 3, 2, 0.0001, 1, 1, 2.0008, 4.0002, 5, 1, 0.0001, 3],
      [66, 2, 2, 1.0001, 0.9994, 0.0265, 0.0038, 0.0052, 0.1279, 1.0019, 2, 1.0001, 5, 3, 2, 1.0079, 0.0001, 1, 2, 1.0008, 1.0108, 9, 9, 10, 12, 12, 3.9999, 2, 1.0015, 0.0048, 0.0032, 1, 1, 2, 1, 1.0604, 1, 4, 0.0125, 0.0064, 1, 1, 1, 3, 4, 3, 1.0147, 2, 2, 4, 1.0003, 2.9995, 3.9999, 4, 4, 4, 2, 0.999, 1, 3, 0.0042, 1.0001, 3, 2, 2, 4],
      [88, 2, 4, 2, 0.9994, 0.0816, 1.9979, 1.0004, 1.8699, 1.001, 4, 3, 5, 3, 4, 0.0128, 1, 1.0002, 8.0001, 2.0019, 1.0012, 3, 7, 6, 6, 10, 1.9999, 3, 2.0009, 1.0013, 1.9982, 3, 2, 1, 2, 3.1202, 3, 4, 1.0002, 1.0673, 1, 2, 4, 5, 7, 4, 0.9897, 2, 4, 3, 4.0001, 6.9978, 8, 11, 7, 6, 6, 4.9991, 5, 5, 2.0015, 3.0001, 8, 9, 8.9999, 3],
      [262, 12, 15, 16.0001, 8.0038, 8.9751, 16.9914, 10.0145, 20.167, 12.9942, 15.9999, 16, 13, 11, 34, 16.9936, 12.9998, 16.9997, 11, 13.9959, 11.0118, 12, 14, 19, 16, 24, 7.0002, 28, 18.9879, 18.0275, 15, 20.0001, 15, 12.0001, 18, 13.7591, 15, 15, 6.0113, 10.8197, 7, 11, 16, 14, 14, 8, 22.9693, 18, 13.9999, 25, 19.9993, 13.0033, 18, 15, 20, 13, 25, 11.9967, 15, 19, 16.0011, 20.0003, 35, 12, 14.9999, 15],
      [324, 19, 26, 23.9999, 10.9981, 12.8271, 23.0097, 17.9648, 23.6303, 17.0029, 20, 18, 19, 21, 36, 15.9842, 14.0002, 22.0005, 20, 15.9989, 16.9803, 15, 17, 19, 19, 23, 12, 32, 24.0041, 21.968, 22.995, 22.9999, 22.9999, 13.9999, 21, 18.0601, 23, 18, 15.8927, 17.0235, 13, 16, 27, 19, 24, 15, 29.0248, 20.9999, 19.0001, 24, 21.0001, 25.997, 22.0001, 19, 28, 24, 31, 17.0062, 18, 25, 14.9924, 26.9994, 34, 12, 14.0001, 27],
      [2, 2, 0, 0, 2, 0, 0, 0, 0, 1, 0, 1, 1, 0, 0, 0, 1, 0, 0, 0, 0, 0, 0, 0, 0, 0, 0, 0, 0, 0, 1, 0, 0, 0, 1, 0, 0, 1, 0, 0, 0, 0, 0, 0, 0, 0, 0, 0, 1, 1, 0, 0, 0, 2, 0, 2, 1, 0.9989, 0, 0, 0, 0, 0, 0, 0, 0]
    ]
  ],
  "V_est": [
    [165.3855, 154.0529, 159.2513, 518.1355, 631.1749, 3.5543e-09],
    [52.1985, 251.6475, 218.0285, 622.9817, 758.1439, 4.5379e-13],
    [275.6834, 514.8217, 841.6721, 2887.4484, 3432.3744, 2.0001],
    [355.2473, 643.1871, 969.9059, 3694.7122, 4469.9465, 3.0011],
    [103.4853, 223.291, 328.1423, 1285.7222, 1663.3603, 20.9988]
  ],
  "p_est": [
    [0.1016, 0.0946, 0.0978, 0.3183, 0.3877, 7.9688e-10],
    [0.0274, 0.1322, 0.1146, 0.3274, 0.3984, 4.5389e-13],
    [0.0347, 0.0647, 0.1058, 0.363, 0.4315, 0.0003],
    [0.035, 0.0635, 0.0957, 0.3645, 0.441, 0.0003],
    [0.0285, 0.0616, 0.0905, 0.3547, 0.4589, 0.0058]
  ],
  "EI_Z": {},
  "EI_V": 48.2529,
  "MAE_Z": {},
  "MAE_V": 812.1281,
  "MAE_p": 0.1719,
  "runtime": 0.5812
}
