{
  "Z_true": {},
  "V_true": [
    [10, 2349, 592, 131, 24],
    [191, 5288, 10418, 1031, 260],
    [237, 999, 494, 14203, 354],
    [925, 339, 520, 781, 126],
    [29, 629, 286, 305, 103],
    [37, 142, 142, 284, 292]
  ],
  "p_true": [
    [0.0032, 0.7563, 0.1906, 0.0422, 0.0077],
    [0.0111, 0.3077, 0.6061, 0.06, 0.0151],
    [0.0146, 0.0613, 0.0303, 0.872, 0.0217],
    [0.3437, 0.126, 0.1932, 0.2902, 0.0468],
    [0.0214, 0.4652, 0.2115, 0.2256, 0.0762],
    [0.0412, 0.1583, 0.1583, 0.3166, 0.3255]
  ],
  "Z_est": [
    [
      [0.0108, 0.005, 0.0544, 0, 0.0144, 0.0247, 0.0866, 0.0057, 0.0413, 0.0019, 0.002, 0.0142, 0.0077, 0.008, 0.0341, 0.0066, 0.0013, 0.0179, 0.0082, 0.0276, 0, 0.0197, 0.007, 0, 0.0078, 0.0024, 0.008, 0.0009, 0.0063, 0.0071, 0.0033, 0.0061, 0.0089, 0.0005, 0, 0.0254, 0, 0, 0, 0.0384, 0.0412],
      [24.7761, 6.861, 677.2295, 223.6689, 14.8433, 102.3503, 193.8958, 23.7983, 138.0743, 3.9804, 3.9848, 74.5918, 24.8188, 30.8464, 43.5283, 23.8849, 7.9631, 62.6535, 61.6309, 89.5129, 103.2694, 67.5963, 21.8746, 81.3634, 28.7994, 21.8807, 22.8179, 30.7415, 22.8402, 22.8491, 31.788, 18.8822, 35.7985, 27.777, 44.6437, 84.5096, 18.9106, 0.9961, 156.0047, 275.3343, 133.083],
      [0.1293, 0.0714, 2.766, 0.9781, 0.1424, 0.46, 1.4827, 0.1371, 0.6694, 0.0162, 0.0082, 0.2339, 0.1277, 0.0965, 0.2749, 0.0717, 0.0223, 0.2406, 0.247, 0.3304, 0.5586, 0.2491, 0.1016, 0.4935, 0.1191, 0.0825, 0.1217, 0.1755, 0.1223, 0.1021, 0.1508, 0.08, 0.1346, 0.1651, 0.2456, 0.3045, 0.0682, 0.0024, 0.6225, 1.7586, 0.6462],
      [0.0253, 0.0092, 0.2813, 0.0612, 0, 0.0331, 0.1371, 0.0095, 0.0564, 0.0015, 0.001, 0.0333, 0.0066, 0.0085, 0.116, 0.0058, 0.0017, 0.0068, 0.0495, 0.0585, 0.0995, 0.0177, 0, 0, 0.0172, 0.0075, 0.0098, 0.0216, 0.0053, 0.0036, 0.0106, 0.0068, 0.0083, 0.0152, 0.0201, 0.025, 0.0111, 0, 0.0901, 0.2009, 0.0367],
      [0.0584, 0.0534, 0.6688, 0.2918, 0, 0.1319, 0.3979, 0.0494, 0.1586, 0, 0.004, 0.1268, 0.0393, 0.0406, 0.0467, 0.031, 0.0116, 0.0811, 0.0644, 0.0706, 0.0726, 0.1173, 0.0168, 0.1431, 0.0565, 0.0269, 0.0426, 0.0606, 0.0259, 0.0382, 0.0474, 0.0249, 0.0497, 0.0423, 0.0906, 0.1354, 0.0101, 0.0015, 0.2827, 0.6678, 0.1929]
    ],
    [
      [7.3406, 3.7108, 38.3161, 8.1211, 2.1083, 11.4303, 41.0854, 2.9994, 24.412, 1.1603, 0.2195, 5.0422, 4.0547, 5.0022, 1.7791, 2.461, 0.855, 3.8284, 2.5833, 5.2998, 7.681, 4.1859, 3.657, 9.2018, 3.6422, 2.6982, 5.4023, 2.9111, 3.2576, 2.9292, 4.9076, 2.844, 4.6736, 3.2884, 5.8689, 7.1062, 0.7283, 0.3168, 3.5664, 27.0008, 12.8911],
      [47.728, 12.4871, 894.0171, 276.0895, 15.797, 159.9666, 375.7056, 50.3847, 341.953, 14.6852, 10.0192, 107.5927, 58.9836, 105.9805, 62.6762, 58.1085, 24.3795, 68.7085, 81.2345, 146.7719, 133.241, 84.1683, 57.2519, 152.7414, 56.6479, 90.807, 54.9027, 59.4898, 39.4425, 49.3368, 125.46, 44.7639, 92.4883, 87.1632, 64.7321, 132.3949, 56.4672, 6.4693, 120.868, 254.9929, 192.4818],
      [125.9734, 79.1753, 1767.0303, 469.177, 68.9309, 360.8888, 1418.171, 146.8156, 828.3121, 30.3999, 6.8857, 175.6013, 154.7624, 160.8962, 58.6007, 83.0396, 34.6181, 116.4163, 132.6127, 191.278, 230.1989, 158.8781, 133.0822, 430.2303, 121.7624, 171.7649, 147.436, 168.299, 107.0413, 113.8673, 300.093, 97.7775, 176.0544, 258.4898, 171.1134, 241.7446, 87.5681, 7.6162, 225.7237, 732.9522, 472.9414],
      [18.1949, 7.7626, 140.6281, 28.3849, 2.1638, 25.9812, 110.9137, 10.3139, 64.4495, 3.7545, 0.6762, 20.9181, 9.1062, 13.5322, 4.0336, 6.9747, 2.9568, 7.5291, 8.3501, 17.0112, 11.7529, 14.0618, 5.5559, 10.0775, 15.291, 8.0282, 11.8281, 17.3992, 5.7804, 7.1585, 19.3193, 9.6639, 13.5881, 19.585, 10.0114, 21.8818, 12.1504, 0.2535, 24.5278, 61.1512, 30.6245],
      [3.7631, 3.8641, 30.0084, 11.2275, 0, 6.7331, 26.1243, 3.4864, 12.8734, 0, 0.1993, 5.8457, 3.0932, 4.5889, 1.9103, 2.4163, 1.1905, 2.5177, 4.2194, 3.6391, 3.1261, 4.706, 1.453, 8.749, 3.6565, 3.7018, 3.431, 3.9009, 1.4782, 2.7081, 6.2201, 1.9508, 4.1957, 4.4736, 4.2742, 6.8724, 1.086, 0.3443, 6.3141, 20.903, 9.0612]
    ],
    [
      [6.9241, 0.5884, 34.3552, 6.6448, 0.5908, 16.0676, 52.5763, 5.1107, 23.7788, 0.3794, 0.8174, 5.073, 8.2654, 5.809, 3.4717, 4.023, 2.6682, 4.3686, 4.0581, 5.5273, 11.1127, 3.2615, 2.6595, 3.9011, 5.2938, 5.8382, 6.083, 3.1393, 4.2062, 4.4709, 6.4044, 3.4991, 5.0301, 3.6814, 7.3062, 6.0906, 0.3776, 0.5395, 2.3705, 17.7087, 12.139],
      [2.5494, 0, 58.5331, 15.1707, 0.3133, 16.8179, 19.2619, 5.954, 24.7321, 0.3714, 1.2748, 7.92, 8.877, 8.2827, 6.7334, 6.0927, 4.9968, 5.4743, 8.796, 9.4807, 10.6348, 4.8297, 3.22, 5.3028, 5.9097, 13.5704, 4.348, 4.6205, 3.7459, 5.599, 12.0543, 4.0169, 7.2583, 6.8168, 5.6913, 8.3039, 1.9077, 0.5236, 5.6477, 11.2481, 13.5015],
      [6.2274, 4.238, 73.8692, 17.3637, 0.8651, 23.4998, 95.498, 11.6934, 37.6295, 0.4391, 1.3641, 7.9454, 14.298, 9.0337, 7.2723, 6.5439, 5.0357, 6.3164, 10.2568, 10.5741, 12.6303, 5.6781, 4.6242, 9.3247, 7.5399, 17.2267, 7.809, 10.3103, 6.2757, 7.8096, 17.6938, 5.2564, 8.7414, 13.9531, 9.6505, 9.5558, 2.1802, 0.5555, 6.6398, 23.1904, 20.5949],
      [312.5032, 90.6979, 2111.8253, 371.0884, 12.2309, 624.9745, 2361.042, 302.7512, 1066.3998, 22.8102, 39.8162, 359.6428, 320.7953, 270.0084, 112.9536, 194.7375, 156.9184, 150.2733, 212.6616, 296.9417, 201.4745, 190.8871, 79.436, 115.8379, 377.2307, 274.0567, 230.1956, 362.3812, 130.0596, 193.3422, 420.617, 203.0555, 254.857, 366.9621, 200.7673, 323.6753, 98.0721, 12.0004, 262.7488, 662.5005, 498.007],
      [3.7959, 2.4757, 24.4171, 7.7325, 0, 8.6402, 30.6218, 5.4907, 11.4598, 0, 0.7275, 5.4188, 5.7642, 4.8663, 3.569, 3.603, 3.381, 2.5674, 6.2275, 3.4762, 3.1476, 3.3436, 1.0603, 3.6334, 5.0259, 7.308, 3.5644, 4.5487, 1.7126, 3.7782, 7.2305, 2.1721, 4.1133, 4.5866, 4.5848, 5.3744, 0.4624, 0.381, 3.5932, 12.3524, 7.7576]
    ],
    [
      [16.6943, 4.116, 60.1583, 15.7055, 1.2865, 40.3797, 107.8426, 10.4703, 77.6075, 2.6436, 2.7925, 16.6821, 19.7477, 11.2644, 6.3376, 8.4001, 6.3658, 12.3815, 5.9914, 13.0929, 20.872, 8.4024, 9.632, 18.79, 13.2247, 11.7362, 11.7486, 11.6732, 9.6024, 11.3457, 21.3523, 8.6468, 17.2704, 17.7809, 19.7086, 18.3378, 2.3938, 2.1421, 5.0365, 40.4936, 30.7155],
      [0.4931, 0.0875, 6.8121, 2.4242, 0.0465, 2.7713, 4.7476, 0.8612, 5.4481, 0.1463, 0.5954, 1.7587, 1.443, 1.2151, 1.2202, 0.9999, 0.8755, 1.0837, 0.9229, 1.8611, 1.2088, 0.8485, 0.7759, 1.7239, 1.0154, 1.9058, 0.5678, 1.0273, 0.55, 0.9699, 2.482, 0.6878, 1.7218, 1.8411, 0.9379, 1.7295, 0.4509, 0.1078, 0.6731, 1.8049, 2.3078],
      [7.3017, 3.9484, 73.3339, 22.3254, 1.0617, 34.0583, 101.8485, 13.7501, 71.9508, 1.618, 2.5487, 15.6885, 20.6434, 10.1073, 6.2722, 7.8827, 6.8935, 10.0972, 8.2093, 13.2729, 11.3335, 8.7455, 9.8202, 26.3617, 11.9327, 19.78, 8.3428, 16.0413, 8.1289, 12.207, 32.3282, 8.1916, 17.9328, 29.9937, 13.4979, 17.2567, 3.7984, 0.7647, 6.8568, 28.3743, 30.9224],
      [16.7897, 5.8726, 93.2458, 21.7832, 0.6053, 39.6436, 125.6811, 15.7677, 89.8587, 3.5922, 4.2692, 30.2103, 19.9333, 13.7852, 5.5342, 10.8301, 9.7519, 10.7655, 7.9371, 18.5647, 8.5584, 12.6763, 7.2573, 14.3277, 24.2567, 13.8685, 10.9221, 26.5986, 7.2799, 12.8466, 33.4211, 13.3802, 22.7353, 35.9276, 12.5911, 25.4008, 8.6248, 0.7207, 12.0414, 37.6329, 32.5295],
      [2.7212, 2.9755, 16.4499, 6.7617, 0, 8.1471, 23.8803, 4.1506, 15.1349, 0, 0.7942, 6.6603, 5.2326, 3.628, 2.6357, 2.8872, 3.1133, 2.6721, 3.9393, 3.2083, 2.0272, 3.3272, 1.5146, 6.7966, 4.5705, 5.7096, 2.4186, 4.6596, 1.4387, 3.6308, 8.4163, 2.0936, 5.3398, 6.4567, 4.2645, 6.2753, 0.7321, 0.2647, 2.3921, 10.6942, 7.5248]
    ],
    [
      [0.0038, 0, 0.2828, 0.0574, 0, 0.0461, 0.3097, 0.0205, 0.1067, 0.0043, 0.0014, 0.0386, 0.0294, 0.0311, 0.006, 0.0122, 0.0074, 0.0247, 0.0217, 0.0402, 0.0554, 0.0321, 0.0079, 0.0318, 0.0255, 0.014, 0.0367, 0.0244, 0.0189, 0.018, 0.028, 0.0207, 0.0274, 0.0296, 0.0363, 0.05, 0.0036, 0.0016, 0.0353, 0.312, 0.1472],
      [0.8338, 0, 229.2703, 69.867, 0, 22.2317, 101.0705, 12.0834, 51.9049, 1.7556, 1.9232, 28.7246, 14.9824, 22.9443, 7.6493, 10.1479, 7.3787, 15.6037, 23.9337, 38.1124, 46.2281, 22.4234, 4.5139, 19.5604, 13.882, 16.5434, 12.9919, 16.9732, 7.9421, 10.6926, 23.9789, 11.4388, 18.9448, 25.823, 13.199, 32.3679, 12.6054, 1.9033, 48.0787, 103.4483, 76.0628],
      [0.0683, 0, 14.3439, 3.7239, 0, 1.5844, 11.7326, 1.0991, 3.9781, 0.1108, 0.0382, 1.4752, 1.2337, 1.0877, 0.2135, 0.45, 0.3214, 0.8229, 1.2204, 1.5467, 2.5257, 1.3293, 0.3293, 1.7458, 0.9352, 0.9757, 1.0895, 1.4983, 0.6726, 0.7722, 1.811, 0.7808, 1.1325, 2.3992, 1.0942, 1.861, 0.6108, 0.0612, 2.8366, 9.3172, 5.9056],
      [0.086, 0, 10.0828, 1.9925, 0, 1.0171, 8.0088, 0.6918, 2.7446, 0.1263, 0.0332, 1.562, 0.6551, 0.8125, 0.1034, 0.3376, 0.2472, 0.4789, 0.6489, 1.1821, 1.0499, 1.0547, 0.1328, 0.5189, 1.0436, 0.3782, 0.7814, 1.3654, 0.3288, 0.4445, 1.0318, 0.6964, 0.7879, 1.5832, 0.5608, 1.5058, 0.7448, 0.0254, 2.7312, 6.8122, 3.4248],
      [0.008, 0, 1.0201, 0.3592, 0, 0.1207, 0.8785, 0.1051, 0.2658, 0.003, 0.0041, 0.1996, 0.0995, 0.1243, 0.0277, 0.0524, 0.0454, 0.0698, 0.1754, 0.1185, 0.1409, 0.1605, 0.016, 0.1431, 0.1137, 0.0887, 0.1005, 0.1387, 0.0376, 0.0728, 0.1503, 0.0633, 0.1075, 0.165, 0.1097, 0.2154, 0.0354, 0.0085, 0.3182, 1.1103, 0.4596]
    ],
    [
      [3.0264, 0.5798, 9.8332, 2.4713, 0, 3.0516, 10.0996, 0.3934, 6.0538, 0.8106, 0.1671, 1.1499, 1.8952, 0.8853, 0.3714, 1.0971, 0.1023, 1.3789, 0.3373, 2.0122, 3.2788, 1.0985, 1.0366, 2.0752, 0.806, 0.711, 1.7214, 1.2511, 0.9086, 0.229, 1.3044, 0.9833, 0.9897, 1.2192, 2.08, 1.3899, 0.4967, 0, 0.9914, 6.4465, 4.0661],
      [2.6195, 0.5644, 31.1379, 10.7797, 0, 5.8622, 13.3186, 0.9183, 11.8876, 1.0612, 1.2026, 3.4122, 3.8953, 2.731, 2.1926, 3.7661, 0.4064, 3.4763, 1.482, 8.261, 5.4179, 3.1338, 2.3637, 5.3081, 1.7455, 3.2928, 2.3717, 3.1478, 1.4793, 0.5525, 4.2369, 2.2103, 2.7883, 3.579, 2.796, 3.6943, 2.6582, 0, 3.7277, 8.1717, 8.563],
      [1.2999, 0.5668, 11.6566, 3.432, 0, 2.5087, 9.2673, 0.5046, 5.4601, 0.4159, 0.1551, 1.0557, 1.9349, 0.7787, 0.3663, 1.0121, 0.109, 1.1065, 0.4538, 1.9979, 1.753, 1.12, 1.0424, 2.8441, 0.7107, 1.1703, 1.201, 1.6757, 0.7592, 0.2418, 1.9233, 0.9138, 1.0044, 1.9991, 1.3984, 1.2774, 0.7743, 0, 1.3205, 4.4073, 3.9895],
      [2.4009, 0.6577, 11.9367, 2.6898, 0, 2.3506, 9.2174, 0.4658, 5.491, 0.7153, 0.2041, 1.6335, 1.5036, 0.8531, 0.2592, 1.1144, 0.124, 0.9464, 0.3528, 2.2418, 1.0648, 1.3024, 0.6179, 1.2378, 1.1609, 0.661, 1.263, 2.234, 0.546, 0.2047, 1.6001, 1.1972, 1.0235, 1.9268, 1.0493, 1.5113, 1.3968, 0, 1.8607, 4.7023, 3.3775],
      [11.6533, 10.6313, 61.4356, 24.6273, 0, 14.227, 51.0972, 3.7178, 27.1075, 0.997, 1.2709, 10.7488, 11.7711, 6.7519, 3.8105, 9.0102, 1.2583, 7.0919, 5.3741, 11.4872, 7.4855, 10.3454, 3.9394, 17.5348, 6.5769, 8.165, 8.4429, 11.6914, 3.307, 1.772, 11.9354, 5.6954, 7.194, 10.2759, 10.6763, 11.1271, 3.674, 0, 11.0997, 39.2722, 23.0038]
    ]
  ],
  "V_est": [
    [0.5551, 3084.6533, 14.8103, 1.5092, 4.4721],
    [290.5678, 4869.5798, 10964.22, 833.3258, 230.3066],
    [306.2107, 350.3834, 557.2038, 14849.2366, 223.9655],
    [750.8663, 61.151, 755.4236, 918.0192, 205.5398],
    [2.0002, 1200.0194, 84.7343, 57.8131, 7.433],
    [78.7997, 180.2132, 75.6079, 75.0962, 487.283]
  ],
  "p_est": [
    [0.0002, 0.9931, 0.0048, 0.0005, 0.0014],
    [0.0169, 0.2833, 0.6379, 0.0485, 0.0134],
    [0.0188, 0.0215, 0.0342, 0.9117, 0.0138],
    [0.279, 0.0227, 0.2807, 0.3411, 0.0764],
    [0.0015, 0.8876, 0.0627, 0.0428, 0.0055],
    [0.0878, 0.2009, 0.0843, 0.0837, 0.5432]
  ],
  "EI_Z": {},
  "EI_V": 8.3293,
  "MAE_Z": {},
  "MAE_V": 230.5594,
  "MAE_p": 0.0813,
  "runtime": 0.133
}
