{
  "Z_true": {},
  "V_true": [
    [127, 1180, 444],
    [768, 14131, 1106],
    [14025, 601, 489],
    [1047, 732, 845],
    [650, 291, 354],
    [557, 621, 643]
  ],
  "p_true": [
    [0.0725, 0.6739, 0.2536],
    [0.048, 0.8829, 0.0691],
    [0.9279, 0.0398, 0.0324],
    [0.399, 0.279, 0.322],
    [0.5019, 0.2247, 0.2734],
    [0.3059, 0.341, 0.3531]
  ],
  "Z_est": [
    [
      [0.1599, 1.6677, 2.1082, 3.6918, 0.3305, 5.0965, 0.1599, 1.0198, 1.495, 0.0746, 1.9194, 0.0853, 2.1712, 3.0902, 2.0559, 2.733, 2.4626, 3.0733, 2.8458, 4.0233, 3.367, 0.5164, 1.2792, 0.4371, 4.0718, 3.5451, 0, 3.8351, 0.7964, 0, 2.5508, 19.1915, 5.2092, 2.648, 7.9312, 0.5725, 10.2876, 4.3238, 6.9389, 0.1493, 24.764, 0.1812, 6.2353, 4.878],
      [4.7459, 9.8082, 7.2606, 6.8968, 12.1945, 33.0463, 4.7459, 6.6442, 10.7574, 2.2147, 25.4419, 2.5311, 19.049, 22.2952, 2.809, 20.9773, 24.9897, 19.0441, 22.0656, 21.9253, 20.02, 22.1851, 24.589, 16.2932, 18.9426, 24.6835, 0, 3.247, 3.6309, 0, 12.2944, 37.3999, 8.5274, 18.9747, 25.1792, 22.8949, 36.0751, 45.4634, 14.8969, 4.4295, 67.4577, 5.6171, 76.6266, 10.9866],
      [10.0942, 19.5241, 11.6312, 5.4114, 18.475, 29.8572, 10.0942, 13.336, 21.7477, 4.7106, 23.6387, 5.3836, 10.7797, 15.6147, 2.1351, 21.2896, 22.5478, 15.8826, 14.0885, 29.0514, 26.613, 23.2985, 27.1318, 24.2697, 20.9856, 24.7714, 0, 0.918, 4.5727, 0, 15.1548, 23.4086, 8.2635, 20.3774, 23.8895, 28.5325, 33.6373, 24.2128, 9.1643, 9.4212, 61.7783, 11.2017, 60.1381, 10.1355]
    ],
    [
      [7.037, 30.3393, 21.36, 2.374, 36.3669, 24.5852, 33.6283, 12.2776, 43.354, 14.1405, 70.4236, 8.5285, 3.9344, 8.4724, 6.2742, 5.0614, 4.6111, 6.4746, 2.1614, 15.7252, 16.5256, 23.9875, 40.3225, 16.9026, 26.7344, 38.7901, 0.1801, 1.16, 2.2362, 0.6659, 19.4342, 9.84, 16.043, 16.6084, 12.0319, 11.3575, 12.6254, 20.1797, 6.291, 11.2105, 51.1291, 9.5913, 18.2732, 8.1547],
      [308.7186, 453.0599, 361.9209, 81.6089, 520.3736, 698.0605, 295.253, 274.6116, 701.8479, 202.1596, 557.2859, 220.5468, 93.5391, 178.4419, 35.1555, 402.1582, 318.219, 215.5756, 174.4816, 473.6594, 358.4816, 454.6488, 477.0983, 413.5387, 409.5881, 486.3341, 10.3822, 40.5618, 46.6044, 12.2991, 268.1732, 220.9239, 92.2146, 341.1551, 408.3358, 373.6903, 418.0808, 365.1956, 106.9646, 320.0174, 1117.2116, 160.4122, 585.2306, 144.5869],
      [24.2444, 30.6008, 12.7191, 4.0171, 18.2596, 27.3543, 18.1187, 26.1108, 34.7981, 6.6999, 27.2904, 21.9247, 9.5266, 16.0857, 1.5703, 35.7804, 35.17, 17.9499, 15.3569, 46.6154, 39.9928, 21.3637, 35.5791, 33.5588, 28.6775, 30.8758, 0.4377, 1.2782, 7.1594, 1.035, 22.3926, 15.2361, 7.7424, 26.2365, 25.6323, 35.9523, 37.2938, 18.6248, 6.7444, 34.772, 68.6594, 17.9966, 100.4962, 11.2584]
    ],
    [
      [172.923, 286.9924, 191.9453, 205.1494, 602.5882, 487.8366, 186.6191, 206.0166, 401.7072, 111.5635, 585.3963, 68.1818, 190.1695, 297.2537, 110.2671, 234.6438, 216.7981, 306.6584, 99.2981, 388.2867, 305.0997, 656.8233, 631.0998, 538.1956, 402.8402, 587.961, 8.9632, 100.827, 54.7459, 14.3971, 238.4655, 382.7541, 148.0479, 485.3876, 572.738, 618.4632, 615.7023, 396.7779, 123.0672, 219.2606, 1210.0238, 174.456, 538.7766, 160.0312],
      [9.533, 2.4344, 1.6229, 11.6166, 10.8026, 5.8512, 1.5819, 1.7459, 3.3933, 1.5293, 11.1734, 0.5901, 1.207, 2.1799, 0.3963, 2.3337, 5.9205, 8.5126, 4.0148, 7.2841, 2.5983, 10.6138, 5.2155, 5.6932, 6.3109, 13.364, 0.5654, 1.7804, 1.8355, 2.2189, 2.0163, 3.1511, 1.0449, 12.9882, 28.2601, 14.2091, 8.9575, 5.5007, 1.3061, 16.1357, 25.9434, 4.5695, 13.1703, 2.0457],
      [4.544, 7.5733, 4.4318, 1.234, 5.6093, 10.3122, 4.799, 5.2376, 8.8994, 1.9071, 9.4302, 3.2281, 3.6234, 5.5664, 0.3366, 7.0224, 11.2815, 4.829, 3.6871, 10.4292, 9.302, 6.5628, 7.6847, 10.1112, 7.849, 6.675, 0.4714, 0.3926, 5.4186, 0.384, 5.5181, 4.0948, 1.9071, 8.6242, 6.0019, 18.3276, 14.3401, 5.7214, 1.6267, 12.6037, 15.0328, 11.9745, 18.0531, 3.923]
    ],
    [
      [16.1137, 24.0663, 21.4687, 11.7409, 46.0437, 32.7767, 14.4383, 24.5882, 31.386, 11.1485, 50.483, 7.5758, 12.8866, 25.4385, 3.243, 23.6973, 18.1899, 19.7265, 10.8446, 23.9604, 20.1615, 38.8775, 24.5268, 37.1, 23.0974, 8.6955, 0.7104, 2.1217, 2.4596, 0, 27.0425, 7.5166, 4.3139, 20.9193, 30.5272, 34.159, 20.149, 21.8049, 14.45, 13.9818, 67.0799, 11.0868, 28.769, 3.0168],
      [45.501, 59.2835, 54.1641, 14.1266, 72.3543, 68.3926, 31.1523, 41.9663, 72.8855, 24.6469, 73.8367, 22.1172, 15.8726, 33.1702, 4.7209, 62.6826, 47.1719, 29.846, 32.8183, 45.1426, 39.0137, 59.4182, 53.6484, 60.1113, 38.2886, 39.5881, 1.2775, 4.8362, 5.402, 0, 39.5, 25.0439, 10.4814, 40.4787, 52.8287, 50.944, 47.9419, 33.5811, 17.3754, 28.4884, 132.3067, 19.5339, 42.6056, 13.7243],
      [0.3853, 0.6502, 0.3672, 0.1324, 0.602, 0.8308, 0.4094, 0.4455, 0.7284, 0.2047, 0.6803, 0.307, 0.2408, 0.3913, 0.0361, 0.6201, 0.6381, 0.4274, 0.3371, 0.897, 0.8248, 0.7044, 0.8248, 0.7886, 0.6141, 0.7164, 0.012, 0.0421, 0.1385, 0, 0.4575, 0.4395, 0.2047, 0.602, 0.6442, 0.897, 0.909, 0.6141, 0.1746, 0.5298, 1.6134, 0.3793, 1.6255, 0.2589]
    ],
    [
      [3.2072, 14.1423, 9.9421, 6.2062, 27.6727, 22.7165, 9.7202, 10.5334, 20.9153, 6.1259, 19.7419, 2.8375, 1.6996, 16.5735, 0, 11.6189, 11.1116, 14.2166, 2.7228, 18.3601, 26.1542, 37.0161, 39.8213, 35.6448, 16.3614, 28.5052, 0, 0.8895, 0.4956, 0.5182, 4.9356, 6.7484, 7.9454, 32.8391, 31.4284, 38.7601, 26.4171, 21.2297, 2.5605, 3.3246, 49.8262, 5.5131, 25.7788, 4.7385],
      [0, 0.7456, 1.3487, 0.6361, 3.4283, 2.1697, 0.7421, 1.795, 4.3609, 1.3099, 3.714, 0, 0.7223, 1.3045, 0, 2.048, 3.1544, 1.5201, 0, 2.2663, 10.1092, 3.0456, 3.1211, 2.7599, 0, 10.1748, 0, 0.2857, 0.3126, 0.0809, 0, 1.5956, 0.6253, 2.2694, 2.8515, 2.5712, 2.8462, 10.4934, 0.7816, 0, 7.4766, 1.0565, 3.4263, 0.9541],
      [3.7928, 11.112, 7.7092, 4.1578, 18.899, 17.1138, 7.5377, 8.6716, 16.7239, 5.5642, 15.5441, 3.1625, 2.5781, 11.122, 0, 10.3332, 10.7341, 10.2633, 3.2772, 15.3736, 22.7366, 23.9383, 26.0576, 23.5953, 11.6386, 23.32, 0, 0.8248, 1.1918, 0.4009, 5.0644, 6.6561, 5.4293, 20.8916, 20.72, 25.6687, 19.7368, 19.2769, 2.6578, 4.6754, 37.6973, 5.4304, 23.7949, 4.3074]
    ],
    [
      [2.5592, 4.7919, 3.1758, 0.8377, 10.998, 6.9886, 3.4341, 2.5645, 5.1425, 2.947, 3.0356, 1.7912, 4.1387, 1.1716, 0.1598, 3.2455, 2.8268, 3.8506, 2.1272, 5.6443, 4.692, 16.7793, 3.9504, 5.7199, 4.8949, 2.5031, 0.1462, 2.1667, 0.2663, 0.4188, 3.5714, 4.9495, 2.4406, 1.5977, 2.3433, 3.6877, 8.8185, 4.684, 0.6923, 3.0732, 8.1771, 1.1716, 7.1672, 2.1808],
      [9.5015, 19.6685, 13.6828, 3.1151, 16.8468, 28.4797, 15.5248, 6.237, 15.755, 11.1396, 17.5481, 8.2147, 3.6099, 4.6083, 0.9183, 8.8002, 5.5446, 7.5016, 9.6197, 19.7222, 11.7772, 15.0884, 15.3277, 13.6036, 12.8698, 11.8556, 0.7749, 2.289, 0.2146, 0.4011, 14.016, 7.8856, 3.1064, 5.1339, 11.5446, 12.6904, 14.0985, 14.7659, 3.6755, 9.9289, 36.604, 4.8108, 14.9406, 4.7024],
      [20.9393, 38.5396, 24.1415, 7.0472, 38.1552, 52.5317, 27.0411, 20.1985, 38.1025, 14.9134, 36.4163, 16.9941, 13.2514, 16.22, 1.922, 27.9543, 25.6286, 21.6478, 19.2531, 46.6335, 37.5308, 41.1323, 39.7219, 38.6764, 32.2353, 32.6413, 1.0789, 3.5443, 4.5191, 1.1801, 27.4126, 23.1649, 10.453, 23.2684, 30.1121, 39.6219, 45.083, 33.55, 8.6322, 25.9978, 83.2189, 16.0176, 65.8922, 13.1168]
    ]
  ],
  "V_est": [
    [153.9732, 799.8576, 797.1692],
    [747.4043, 14198.407, 1059.1887],
    [14535.1998, 283.2184, 296.5818],
    [892.3836, 1708.27, 23.3463],
    [677.5158, 98.1032, 519.381],
    [167.5232, 468.1438, 1185.333]
  ],
  "p_est": [
    [0.0879, 0.4568, 0.4553],
    [0.0467, 0.8871, 0.0662],
    [0.9616, 0.0187, 0.0196],
    [0.3401, 0.651, 0.0089],
    [0.5232, 0.0758, 0.4011],
    [0.092, 0.2571, 0.6509]
  ],
  "EI_Z": {},
  "EI_V": 6.9132,
  "MAE_Z": {},
  "MAE_V": 296.5832,
  "MAE_p": 0.1193,
  "runtime": 1.166
}
