{
  "X": [
    [139, 197, 916, 1869, 153],
    [23, 8, 84, 181, 23],
    [4, 5, 46, 83, 10],
    [6, 1, 0, 24, 2],
    [66, 81, 435, 960, 76],
    [1, 0, 5, 6, 0],
    [11, 10, 79, 174, 21],
    [0, 2, 6, 8, 0],
    [0, 1, 3, 3, 0],
    [2, 0, 6, 7, 0],
    [3, 8, 18, 38, 4],
    [0, 5, 12, 6, 1],
    [8, 14, 57, 95, 19],
    [134, 226, 2427, 2044, 496],
    [6, 9, 109, 89, 16],
    [23, 56, 529, 599, 117],
    [1, 6, 73, 38, 15],
    [74, 62, 547, 1522, 91],
    [11, 8, 100, 82, 11],
    [4, 11, 58, 75, 11],
    [2, 8, 71, 55, 19],
    [7, 7, 98, 82, 16],
    [49, 68, 525, 499, 100],
    [2, 7, 59, 40, 2],
    [60, 59, 494, 567, 104],
    [15, 19, 63, 176, 22],
    [12, 7, 39, 106, 12],
    [27, 25, 168, 214, 37],
    [7, 13, 129, 115, 23],
    [41, 49, 227, 797, 55],
    [5, 7, 32, 64, 9],
    [21, 16, 60, 260, 22],
    [7, 8, 46, 137, 9],
    [41, 53, 184, 548, 58],
    [43, 14, 86, 313, 29],
    [4, 7, 14, 79, 5],
    [26, 25, 80, 290, 25],
    [33, 20, 151, 384, 54],
    [0, 1, 2, 5, 1],
    [26, 13, 77, 208, 19],
    [9, 3, 20, 147, 18],
    [17, 9, 70, 269, 18],
    [5, 12, 46, 91, 17],
    [0, 0, 9, 7, 0],
    [16, 28, 76, 244, 24],
    [2, 9, 52, 32, 7],
    [17, 15, 191, 195, 42],
    [17, 17, 230, 170, 45],
    [5, 15, 95, 109, 29],
    [1, 7, 88, 52, 31],
    [3, 5, 74, 48, 15],
    [24, 14, 142, 389, 38],
    [21, 17, 146, 212, 35],
    [1, 5, 46, 75, 17],
    [9, 5, 50, 37, 7],
    [18, 11, 133, 203, 26],
    [7, 16, 165, 115, 47],
    [17, 9, 155, 127, 21],
    [5, 4, 51, 47, 7],
    [4, 15, 118, 118, 39],
    [7, 7, 125, 89, 24],
    [2, 4, 45, 13, 9],
    [14, 14, 80, 90, 22],
    [8, 6, 24, 90, 10],
    [2, 0, 5, 22, 1],
    [0, 0, 2, 14, 4],
    [0, 0, 1, 5, 0],
    [1, 2, 9, 9, 1],
    [15, 6, 53, 151, 20],
    [0, 4, 16, 15, 6],
    [1, 2, 1, 7, 0],
    [13, 23, 57, 252, 21],
    [11, 84, 253, 232, 40],
    [127, 256, 1985, 1790, 348],
    [120, 193, 1098, 1104, 289],
    [1, 0, 11, 8, 2]
  ],
  "W": [
    [376, 151, 1185, 1384, 178],
    [55, 15, 96, 135, 18],
    [9, 2, 63, 64, 10],
    [7, 0, 3, 23, 0],
    [228, 77, 505, 708, 100],
    [0, 0, 6, 6, 0],
    [39, 12, 91, 138, 15],
    [2, 3, 5, 6, 0],
    [0, 1, 3, 3, 0],
    [2, 1, 5, 6, 1],
    [4, 3, 26, 32, 6],
    [0, 2, 12, 3, 7],
    [17, 10, 81, 71, 14],
    [318, 210, 2818, 1540, 441],
    [7, 5, 139, 66, 12],
    [91, 45, 608, 462, 118],
    [3, 3, 87, 24, 16],
    [250, 49, 707, 1184, 106],
    [20, 12, 113, 63, 4],
    [4, 5, 74, 68, 8],
    [5, 6, 84, 39, 21],
    [13, 6, 113, 63, 15],
    [91, 57, 622, 353, 118],
    [7, 7, 62, 27, 7],
    [129, 44, 597, 405, 109],
    [30, 8, 87, 156, 14],
    [24, 3, 48, 87, 14],
    [29, 21, 212, 178, 31],
    [19, 5, 141, 104, 18],
    [158, 48, 299, 608, 56],
    [8, 5, 43, 46, 15],
    [48, 9, 86, 210, 26],
    [26, 8, 61, 98, 14],
    [94, 31, 292, 403, 64],
    [72, 5, 121, 252, 35],
    [16, 10, 13, 61, 9],
    [49, 17, 115, 230, 35],
    [68, 28, 173, 292, 81],
    [1, 0, 4, 4, 0],
    [56, 17, 94, 152, 24],
    [28, 5, 30, 114, 20],
    [44, 9, 78, 231, 21],
    [20, 7, 61, 65, 18],
    [0, 0, 10, 6, 0],
    [60, 23, 107, 168, 30],
    [5, 8, 55, 26, 8],
    [27, 13, 223, 134, 63],
    [31, 8, 266, 126, 48],
    [10, 8, 114, 92, 29],
    [12, 7, 111, 30, 19],
    [11, 7, 84, 29, 14],
    [48, 7, 207, 312, 33],
    [43, 20, 180, 151, 37],
    [9, 8, 57, 57, 13],
    [8, 6, 60, 22, 12],
    [42, 22, 154, 145, 28],
    [11, 14, 196, 91, 38],
    [22, 13, 191, 84, 19],
    [12, 4, 61, 26, 11],
    [18, 6, 135, 90, 45],
    [16, 7, 138, 60, 31],
    [2, 2, 52, 12, 5],
    [8, 11, 105, 69, 27],
    [17, 2, 35, 79, 5],
    [5, 0, 9, 16, 0],
    [2, 0, 2, 12, 4],
    [1, 0, 1, 3, 1],
    [2, 1, 9, 8, 2],
    [29, 4, 68, 126, 18],
    [0, 3, 19, 16, 3],
    [1, 0, 3, 7, 0],
    [41, 15, 83, 197, 30],
    [42, 90, 287, 145, 56],
    [294, 204, 2294, 1363, 351],
    [211, 115, 1355, 865, 258],
    [1, 2, 8, 8, 3]
  ],
  "method": "mvn_pdf",
  "cond_prob": [
    [
      [0.12798217195, 0.0042254941311, 0.0011587343912, 0.86654057424, 9.3025284375e-05],
      [0.0011038873673, 0.60123040038, 0.19307354576, 0.20015785821, 0.0044343082828],
      [0.021339124156, 0.06015260908, 0.71962668294, 0.13337130602, 0.065510277798],
      [0.04097860455, 0.014145623048, 0.0036339526315, 0.93722824271, 0.0040135770631],
      [0.048936885017, 0.077342919613, 0.16080449849, 0.3246518087, 0.38826388818]
    ],
    [
      [0.20823536824, 0.00020457350013, 0.0017116363492, 0.78940041805, 0.00044800385872],
      [0.0016029638131, 0.37616713978, 0.39266791126, 0.21580648567, 0.01375549947],
      [0.018190816936, 0.015993174873, 0.77768668361, 0.080793649048, 0.10733567554],
      [0.06637636126, 0.0030388701367, 0.0037310725768, 0.9150064383, 0.011847257727],
      [0.045326838539, 0.022258283587, 0.15856805043, 0.17021223573, 0.60363459172]
    ],
    [
      [0.086460578553, 0.0028942828283, 0.00018753110472, 0.90988216807, 0.00057543944742],
      [0.0010049558845, 0.51075538771, 0.20996777999, 0.27209195249, 0.0061799239281],
      [0.017507051745, 0.044151788942, 0.70166251513, 0.15423396461, 0.082444679577],
      [0.027753352725, 0.01088418275, 0.00010081977425, 0.95437505251, 0.0068865922441],
      [0.034068604692, 0.047429027979, 0.13671857414, 0.34701334518, 0.43477044801]
    ],
    [
      [0.50429008494, 0.010154141244, 0, 0.48555577381, 0],
      [0.00039454785516, 0.98901973356, 1.3088115408e-05, 0.010110633738, 0.0004619967315],
      [0.20742937545, 0.033337282691, 0, 0.092566675196, 0.66666666667],
      [0.080333968655, 0.036039528836, 0, 0.88362650251, 0],
      [9.4555689379e-05, 1.0941915498e-05, 2.2435042503e-06, 8.7671594469e-05, 0.9998045873]
    ],
    [
      [0.12001672644, 0.0043337244219, 0.00052972479467, 0.87511982434, 0],
      [0.00098099319068, 0.54001971582, 0.26440444109, 0.1894290849, 0.0051657649984],
      [0.014907564669, 0.04332104827, 0.7798377578, 0.10120048674, 0.060733142523],
      [0.038297829928, 0.014462589846, 0.00094374199352, 0.94181669486, 0.0044791433744],
      [0.039174661479, 0.063137497264, 0.20033843762, 0.27974174752, 0.41760765612]
    ],
    [
      [0.30915239018, 0.0002065951579, 0.00016158583725, 0.69045424644, 2.5182386497e-05],
      [0.0040212476785, 0.034490559412, 0.60400103103, 0.35506141846, 0.0024257434201],
      [0.097994928261, 0, 0.83333333333, 0.068671738406, 0],
      [0.068671738406, 0, 0, 0.93132826159, 0],
      [0.14849926512, 0.0082014164359, 0.32462466857, 0.44624818103, 0.072426468839]
    ],
    [
      [0.11707185604, 0.0035092921654, 0.0011961489737, 0.87780748453, 0.00041521829471],
      [0.00093696633998, 0.45417420516, 0.35669242735, 0.1759253525, 0.012271048653],
      [0.010332691844, 0.025727847654, 0.78881380392, 0.068158058594, 0.10696759799],
      [0.037378566073, 0.011609454421, 0.0030060065207, 0.93531380576, 0.012692167222],
      [0.021629129493, 0.031313886471, 0.16507706702, 0.15858102307, 0.62339889395]
    ],
    [
      [0, 0.025222719113, 0.0037632434385, 0.97101403745, 0],
      [0, 0.55821847429, 0.37920001387, 0.062581511838, 0],
      [0, 0.026462817722, 0.95907083605, 0.014466346231, 0],
      [0, 0.023764175049, 0.0099198818791, 0.96631594307, 0],
      [0.0044888422274, 0.080324563226, 0.58956341781, 0.17487553195, 0.15074764479]
    ],
    [
      [1.1164122788e-05, 0.0031553955197, 0.00033571789348, 0.99647802601, 1.96964509e-05],
      [0, 0.9067126258, 0.081916210633, 0.011371163566, 0],
      [0, 0.020689890753, 0.96851530612, 0.010794803131, 0],
      [0, 0.010405900647, 0.0041792903401, 0.98541480901, 0],
      [0, 5.8793267123e-34, 1, 2.8692439698e-73, 8.5203873912e-225]
    ],
    [
      [0.53595878643, 0, 0.00081439419051, 0.46322681938, 0],
      [0, 0, 0.84199321875, 0.15800678125, 0],
      [0, 0, 0.91532482165, 0.084675178354, 0],
      [0.11988736852, 0, 0.0021338379924, 0.87797879349, 0],
      [0.20875821602, 0, 0.56695085668, 0.2242909273, 0]
    ],
    [
      [0.12825060721, 0.0080542186679, 0.0026722290675, 0.85976236459, 0.0012605804667],
      [0.0012344024724, 0.88261453939, 0.054698555411, 0.059405615039, 0.0020468876877],
      [0.028834574472, 0.15233445318, 0.63157892122, 0.12494471771, 0.062307333418],
      [0.046167064712, 0, 0.019903162821, 0.92162703809, 0.012302734378],
      [0.042708226116, 0.22654062073, 0.12787704258, 0.27368430288, 0.32918980768]
    ],
    [
      [0.01569177281, 0.024696980981, 0.00047056743411, 0.95902306051, 0.00011761826913],
      [0, 0.90802453379, 0.060889304116, 0.031086162094, 0],
      [0, 0.068331331773, 0.82178745977, 0.10988120846, 0],
      [0, 0.049193258493, 0.020905039114, 0.92990170239, 0],
      [0, 0.31662788224, 0.27915096531, 0.26136400959, 0.14285714286]
    ],
    [
      [0.1367541788, 0.0051002420166, 0.00046796034494, 0.85767761884, 0],
      [0.0013828882864, 0.65369042501, 0.16673578944, 0.17031020321, 0.0078806940534],
      [0.023627581208, 0.065502731539, 0.66348542845, 0.12012822347, 0.12725603534],
      [0.04587227767, 0.01722640009, 0.0012191590736, 0.92964013601, 0.0060420271602],
      [0.035041734653, 0.060542569616, 0.10684334151, 0.21296733502, 0.58460501919]
    ],
    [
      [0.11904832682, 0.0040761478761, 0.00093336529616, 0.87533742979, 0.00060473021384],
      [0.00078993755098, 0.480203803, 0.33833377629, 0.17163668528, 0.0090357978769],
      [0.009590069602, 0.029927864373, 0.8038105939, 0.071932613055, 0.084738859075],
      [0.037119918082, 0.013361482779, 0.0025674302063, 0.93609216651, 0.010859002423],
      [0.02672846984, 0.042965036425, 0.1962834483, 0.19344887393, 0.5405741715]
    ],
    [
      [0.1103931932, 0.0031589520105, 0.00014773174701, 0.88595946777, 0.00034065527182],
      [0.0011321587024, 0.49598041195, 0.27111155913, 0.22526406239, 0.0065118078232],
      [0.018077842192, 0.037414711293, 0.75916807347, 0.11238626112, 0.07295311193],
      [0.034351955169, 0.010925922089, 0, 0.94853316227, 0.0061889604696],
      [0.036794812356, 0.048019129045, 0.17658715586, 0.28725703402, 0.45134186872]
    ],
    [
      [0.087606456786, 0.0045801897223, 0.00093708203206, 0.90621876132, 0.00065751014191],
      [0.00025262299814, 0.50066078596, 0.32261421811, 0.16824554386, 0.0082268290696],
      [0.0030214121021, 0.03375576666, 0.80508631271, 0.076993358604, 0.081143149928],
      [0.023595912656, 0.01488443899, 0.0026547236901, 0.94830199131, 0.010562933357],
      [0.019306052476, 0.047909749357, 0.20066207839, 0.20369119688, 0.5284309229]
    ],
    [
      [0.062914994892, 0.0041266855446, 0.0003174621455, 0.93216312625, 0.00047773117212],
      [0.0002986128238, 0.51706399603, 0.29519878898, 0.18031989283, 0.0071187093376],
      [0.0017072110139, 0.038035931958, 0.79308412468, 0.09020645392, 0.076966278426],
      [0.017158574789, 0.013744507047, 0, 0.9608236225, 0.0082732956606],
      [0.015626626481, 0.049839606615, 0.19469577495, 0.23467640698, 0.50516158497]
    ],
    [
      [0.096019270548, 0.0022039194026, 0.0013236024716, 0.9003422225, 0.00011098507623],
      [0.0010990116826, 0.45784830532, 0.2417885807, 0.2937014503, 0.0055626519997],
      [0.017034328032, 0.036524240256, 0.72356747813, 0.1574081034, 0.065465850179],
      [0.028359848147, 0.0070055650375, 0.0054550215824, 0.95570346527, 0.003476099964],
      [0.040754723262, 0.046200248334, 0.15849534278, 0.37436454082, 0.38018514481]
    ],
    [
      [0.21837817864, 0.0026278268973, 0.0010070470723, 0.7770340629, 0.00095288448459],
      [0.0015196169651, 0.41658557121, 0.40659726308, 0.16644524631, 0.0088523024374],
      [0.016142871812, 0.019469387823, 0.8324770768, 0.060047724521, 0.071862939047],
      [0.072807089563, 0.0097123944078, 0.0021589137542, 0.90415673181, 0.01116487047],
      [0.050802466586, 0.034123733949, 0.22369266424, 0.17867720292, 0.5127039323]
    ],
    [
      [0.10882999397, 0.0081051679858, 0.00036743427839, 0.88213653579, 0.0005608679727],
      [0.00064567882657, 0.70459224663, 0.17993998342, 0.1097487186, 0.0050733725238],
      [0.013411982107, 0.068319305872, 0.75326220461, 0.081598523158, 0.083407984249],
      [0.034751244012, 0.024216917821, 0, 0.93036629787, 0.010665540298],
      [0.02573504516, 0.092779881069, 0.16967840054, 0.20243891188, 0.50936776135]
    ],
    [
      [0.075658321489, 0.0042969153882, 0.00025557737318, 0.91925629536, 0.00053289038592],
      [0.00034291509172, 0.52491228632, 0.28761049212, 0.17904822865, 0.0080860778188],
      [0.0052018257547, 0.038681998112, 0.78016224788, 0.08911211445, 0.086841813799],
      [0.020738178794, 0.014569013126, 0, 0.95531284621, 0.0093799618709],
      [0.017805169793, 0.048169635799, 0.17806811134, 0.2184195493, 0.53753753377]
    ],
    [
      [0.1400355609, 0.0033601869368, 0.00041833094835, 0.85558970253, 0.00059621867684],
      [0.0012304553023, 0.45255875719, 0.36055459485, 0.17792978284, 0.0077264098126],
      [0.015396298307, 0.025873212251, 0.81909288017, 0.069587730758, 0.070049878514],
      [0.046065195636, 0.011288295504, 0.00015457638936, 0.93329133495, 0.0092005975193],
      [0.035351062845, 0.040408628372, 0.21760002378, 0.2099324995, 0.4967077855]
    ],
    [
      [0.15611364305, 0.0042811606722, 0.00037463777808, 0.83893214548, 0.00029841302239],
      [0.0012554853891, 0.53316257311, 0.27993448049, 0.17935759268, 0.0062898683272],
      [0.018123899569, 0.040626290513, 0.78116447376, 0.090753608927, 0.069331727227],
      [0.050986824399, 0.014716425857, 0.00039434677957, 0.92710593942, 0.0067964635456],
      [0.046192214157, 0.057251666821, 0.1947977583, 0.24336144586, 0.45839691486]
    ],
    [
      [0.082083632787, 0.005081407013, 0.0020328329392, 0.91080212726, 0],
      [0.00063500805204, 0.51675928859, 0.32927007002, 0.15325603117, 7.9602174734e-05],
      [0.011121930933, 0.038314692645, 0.87479190732, 0.0745715964, 0.0011998727066],
      [0.019677347936, 0.016904140074, 0.0063478008443, 0.95707071115, 0],
      [0.028588771719, 0.073598914972, 0.32462725756, 0.29817781618, 0.27500723957]
    ],
    [
      [0.16713379043, 0.0041731719028, 0.00032863427198, 0.82792488553, 0.00043951786887],
      [0.001315714788, 0.5289892985, 0.28200692947, 0.18042735509, 0.0072607021558],
      [0.018701808803, 0.039507327204, 0.77306372102, 0.090039688938, 0.07868745403],
      [0.054598552168, 0.014422602216, 0.00029346035534, 0.92261815133, 0.008067233935],
      [0.046829872483, 0.05283581149, 0.18267347144, 0.22793431706, 0.48972652753]
    ],
    [
      [0.1600076998, 0.0085271446302, 0.001584505041, 0.82988065053, 0],
      [0.00077482644066, 0.75910791142, 0.14017023277, 0.093057335389, 0.0068896939765],
      [0.017613144985, 0.086242242771, 0.68033753495, 0.082816150021, 0.13299092728],
      [0.052939728676, 0.025286001142, 0.0067475104794, 0.90452527273, 0.010501486968],
      [0.028759221968, 0.08740221932, 0.11350898654, 0.14629815731, 0.62403141486]
    ],
    [
      [0.19528508429, 0.005561797403, 0, 0.79843998449, 0.00071313381558],
      [0.0013002722692, 0.61545888153, 0.22743774196, 0.1493470712, 0.006456033042],
      [0.02738998267, 0.050482271768, 0.75052738223, 0.087709931105, 0.083890432224],
      [0.060470286373, 0.019775207032, 0, 0.91056679949, 0.0091877071036],
      [0.052401648397, 0.062610582937, 0.16374088764, 0.21142935071, 0.50981753032]
    ],
    [
      [0.23488564464, 0.003952476951, 0.00038992421489, 0.76028481076, 0.00048714344035],
      [0.0012677783559, 0.55083018789, 0.25844367178, 0.18140331156, 0.008055050416],
      [0.022710952896, 0.042971358942, 0.74322568276, 0.099776058479, 0.091315946921],
      [0.074672893115, 0.014802654032, 0.00078827504144, 0.90074728494, 0.0089888928703],
      [0.066296644248, 0.050746571275, 0.15668443185, 0.21473322026, 0.51153913237]
    ],
    [
      [0.12381790694, 0.0097397834228, 0.0031585227993, 0.86190341978, 0.0013803670601],
      [0.00036483167825, 0.57817483403, 0.33292737529, 0.081183538436, 0.0073494205619],
      [0.0036202054759, 0.038680321081, 0.86213608108, 0.019273865735, 0.076289526629],
      [0.036862847019, 0.032227618019, 0.012757615812, 0.89856846634, 0.019583452814],
      [0.016747252649, 0.062137355466, 0.24374287298, 0.11384343136, 0.56352908754]
    ],
    [
      [0.099041444265, 0.0031776649918, 0.00088372148706, 0.89640499174, 0.00049217751112],
      [0.00094456819309, 0.52323468643, 0.20905953974, 0.26010585846, 0.0066553471815],
      [0.017677093, 0.046968765432, 0.69406991831, 0.15464165164, 0.086642571623],
      [0.029516898781, 0.010563694833, 0.0028159418734, 0.9510802706, 0.0060231939099],
      [0.037042629765, 0.052076368938, 0.13547349759, 0.32836199521, 0.4470455085]
    ],
    [
      [0.12132677515, 0.0035312223638, 0.00070664229345, 0.87375532709, 0.00068003309931],
      [0.0016977029467, 0.57643121628, 0.16756827502, 0.24956502121, 0.0047377845513],
      [0.029668380304, 0.058717913954, 0.67559761047, 0.16412633668, 0.071889758592],
      [0.041707253121, 0.013331443092, 0.0032870727299, 0.93534057177, 0.0063336592919],
      [0.055108219163, 0.063431830498, 0.13030685938, 0.37860223326, 0.3725508577]
    ],
    [
      [0.14568609497, 0.0039335717093, 0.00073966166805, 0.84893380756, 0.00070686409468],
      [0.0014387974576, 0.61654013741, 0.15337435658, 0.22259237292, 0.0060543356291],
      [0.030479574078, 0.066305145565, 0.64131037699, 0.1632093652, 0.098695538174],
      [0.047401709591, 0.013605616502, 0.0026820502548, 0.92909043221, 0.0072201914396],
      [0.054558303057, 0.065496359126, 0.11031554063, 0.31164806574, 0.45798173144]
    ],
    [
      [0.090092075973, 0.0026069412757, 0.0023394376222, 0.90446115243, 0.00050039270002],
      [0.0011971371897, 0.4739783677, 0.19642434615, 0.32372442243, 0.0046757265314],
      [0.021084491509, 0.042681066769, 0.68278326591, 0.19078349552, 0.062667680288],
      [0.027961705825, 0.0088408873762, 0.008402096472, 0.95064713971, 0.0041481706122],
      [0.044401983874, 0.047888610675, 0.13532822698, 0.4352144099, 0.33716676857]
    ],
    [
      [0.12599225663, 0.0034157928356, 0.0031978216529, 0.86603970618, 0.0013544226943],
      [0.001255132438, 0.62879379829, 0.11685969293, 0.2478415792, 0.0052497971418],
      [0.033398586027, 0.081704525583, 0.57799876642, 0.20904059198, 0.097857529989],
      [0.039150579984, 0.01126701796, 0.013328204269, 0.92736410381, 0.0088900939732],
      [0.056058561208, 0.074812156539, 0.092653877657, 0.37721237448, 0.39926303011]
    ],
    [
      [0.24734463993, 0.0032255281645, 0.0017569922858, 0.74655998029, 0.0011128593364],
      [0.0026123306604, 0.5586587652, 0.18931298352, 0.2425696208, 0.006846299819],
      [0.04303418069, 0.050914776073, 0.65604197595, 0.15640600973, 0.093603057555],
      [0.065673528271, 0.011957298225, 0.0057780121606, 0.90824820178, 0.0083429595612],
      [0.097750265262, 0.051444031101, 0.11685124238, 0.29231883682, 0.44163562443]
    ],
    [
      [0.095990030389, 0.0034096274908, 0, 0.90012151337, 0.00047882875367],
      [0.0012961497753, 0.526152476, 0.24666269375, 0.22059847199, 0.0052902084821],
      [0.019171661432, 0.038933310247, 0.76578883314, 0.11496686654, 0.061139328635],
      [0.031038278355, 0.01140764903, 0, 0.95215865671, 0.0053954159],
      [0.034292381976, 0.053546841788, 0.17534647018, 0.31286930462, 0.42394500144]
    ],
    [
      [0.16035509404, 0.003778918934, 0.0015201819464, 0.83347565094, 0.00087015413453],
      [0.0014335805803, 0.6281389833, 0.1390563002, 0.22652641892, 0.0048447170014],
      [0.036378198229, 0.073824509445, 0.62723392013, 0.17935819133, 0.083205180867],
      [0.050052528277, 0.013102143056, 0.0066012820832, 0.9230825695, 0.0071614770849],
      [0.069218720632, 0.07523310763, 0.11175309392, 0.35353031412, 0.39026476369]
    ],
    [
      [0.15039691316, 0.0013472754034, 0.00080270164087, 0.8468431874, 0.00060992240394],
      [0.0018481077093, 0.41451077625, 0.2980762749, 0.27722977925, 0.0083350618933],
      [0.023729827539, 0.025754866075, 0.74473488936, 0.12431822114, 0.081462195882],
      [0.049150939423, 0.0039645407065, 0.0025993365997, 0.93701589358, 0.0072692896857],
      [0.052641091527, 0.03319562741, 0.16050788203, 0.29057452166, 0.46308087738]
    ],
    [
      [0, 0.0095828793837, 0, 0.98408857465, 0.0063285459689],
      [0, 1, 0, 0, 0],
      [0, 0.23758853797, 0.5, 0.04419857354, 0.21821288849],
      [0, 0.010015742187, 0, 0.9597792828, 0.030204975014],
      [5.5977754555e-10, 1.6490088025e-06, 2.8538732511e-05, 4.7292119088e-08, 0.99996976441]
    ],
    [
      [0.20778530478, 0.0020063979937, 0.0011556950032, 0.78811183805, 0.00094076417278],
      [0.0015919805516, 0.45811533602, 0.26710549999, 0.2658105994, 0.0073765840418],
      [0.031034738641, 0.032259428707, 0.7268519506, 0.13208281545, 0.077771066601],
      [0.062661260808, 0.007430930611, 0.0028149632692, 0.92001674412, 0.0070761011949],
      [0.078965924486, 0.039074718692, 0.15177207528, 0.2953594634, 0.43482781815]
    ],
    [
      [0.11167170004, 6.3784402901e-05, 0.0010651460422, 0.88695179023, 0.00024757929337],
      [0.0020033323225, 0.38324950782, 0.19690389903, 0.40262428606, 0.015218974768],
      [0.03063697847, 0.023565418371, 0.57126345205, 0.20229438137, 0.17223976974],
      [0.037058433561, 0, 0.0039731693067, 0.952024712, 0.0069436851316],
      [0.035970247867, 0.018750197325, 0.069740577662, 0.2776289917, 0.59790998544]
    ],
    [
      [0.12639899679, 0.0028184656118, 0.00030172056314, 0.86992984311, 0.00055097392897],
      [0.0011796481079, 0.43711095755, 0.3470096319, 0.20676727947, 0.0079324829745],
      [0.01424587849, 0.025969336133, 0.80313302586, 0.084660356471, 0.071991403048],
      [0.041501774917, 0.0091768568035, 0, 0.94087754711, 0.0084438211668],
      [0.034749465732, 0.037929845483, 0.20091721863, 0.23409334287, 0.49231012729]
    ],
    [
      [0.094328806134, 0.0059767898762, 8.0363638591e-05, 0.89912854103, 0.00048549932029],
      [0.00059863355115, 0.69087505788, 0.16069391514, 0.14155154685, 0.0062808465838],
      [0.013028677173, 0.071735250985, 0.69772040987, 0.11060309558, 0.10691256639],
      [0.028991513134, 0.019484475106, 0, 0.94281325671, 0.0087107550461],
      [0.023890876734, 0.077888755855, 0.12847723995, 0.2220509908, 0.54769213667]
    ],
    [
      [0.0091778452595, 0.00048725295563, 0.00031679995516, 0.98996040023, 5.7701598609e-05],
      [0.00021706060846, 0.14465415771, 0.56711206762, 0.28535052863, 0.0026661854324],
      [0, 0, 0.9, 0.1, 0],
      [0, 0, 0, 1, 0],
      [0.0072541551144, 0.013895967106, 0.37459373088, 0.39947584502, 0.20478030189]
    ],
    [
      [0.10830737899, 0.0041492565458, 0.0013213555062, 0.88497358464, 0.0012484243179],
      [0.0010123937462, 0.64504326531, 0.13989928449, 0.20874721271, 0.0052978437472],
      [0.022759524447, 0.076679904328, 0.64183902012, 0.16826942809, 0.090452123022],
      [0.034438556671, 0.013903152638, 0.0034208970184, 0.94073753757, 0.0074998561008],
      [0.041910852268, 0.079152336634, 0.11505164249, 0.33505546373, 0.42882970488]
    ],
    [
      [0.10839153365, 0.0090091107526, 0.0015772598928, 0.88033482276, 0.00068727293672],
      [0.00061693223189, 0.61400175917, 0.29295992785, 0.087572287223, 0.0048490935255],
      [0.0075316813666, 0.047483678288, 0.86085181967, 0.030244489157, 0.053888331521],
      [0.033561228576, 0.030257417061, 0.0049161267553, 0.92088194013, 0.010383287483],
      [0.020784056966, 0.08058065293, 0.27172061255, 0.16142128019, 0.46549339736]
    ],
    [
      [0.13587444855, 0.002283325029, 0.00049453057914, 0.8611196413, 0.00022805454168],
      [0.0015162215935, 0.43102097326, 0.31735876176, 0.24348116191, 0.0066228814796],
      [0.019612196267, 0.02623149297, 0.78224011316, 0.10780709567, 0.064109101933],
      [0.044499914561, 0.0073609831691, 0.0011696683143, 0.9417345237, 0.005234910258],
      [0.047224931581, 0.03966798246, 0.19467782512, 0.29128739795, 0.4271418629]
    ],
    [
      [0.15642993911, 0.0044381185827, 0.00073781594132, 0.83780658338, 0.00058754298409],
      [0.0011241264779, 0.49912952602, 0.33547220547, 0.15672391094, 0.007550231102],
      [0.01468441331, 0.032437564954, 0.81510828606, 0.064727049183, 0.073042686491],
      [0.0511439261, 0.01521758881, 0.0014596434851, 0.92230086996, 0.0098779716459],
      [0.037322713469, 0.048407784336, 0.21438814355, 0.19472708188, 0.50515427677]
    ],
    [
      [0.097868090464, 0.0070101281699, 0.00066194342596, 0.89382931517, 0.00063052276969],
      [0.00041816279744, 0.62406315013, 0.24100622039, 0.12677041572, 0.0077420509533],
      [0.0070858033968, 0.052047744802, 0.77201688573, 0.07137909312, 0.097470472954],
      [0.028907066002, 0.023269096369, 0.001940551184, 0.93383618601, 0.012047100432],
      [0.018991108053, 0.064248060134, 0.16816810762, 0.17232406185, 0.57626866235]
    ],
    [
      [0.063250635048, 0.0036316745169, 0.0032764449053, 0.92984124553, 0],
      [0, 0.46651867215, 0.3297923009, 0.18556154638, 0.018127480571],
      [0, 0.022396697819, 0.74962949448, 0.07849478723, 0.14947902048],
      [0.0033603540077, 0.025282857883, 0.007551553941, 0.94887338635, 0.014931847816],
      [0.0073779873261, 0.023487895072, 0.11666926578, 0.124413224, 0.72805162783]
    ],
    [
      [0.095951037684, 0.0023113334679, 0.00053273163278, 0.9002976975, 0.00090719971628],
      [0.00083964007081, 0.40407153126, 0.38618520716, 0.19902083072, 0.0098827907991],
      [0.0091121967919, 0.01776883489, 0.8150695551, 0.074905448118, 0.0831439651],
      [0.029743936805, 0.007924550594, 0.00068402821949, 0.95111765287, 0.010529831511],
      [0.022190171936, 0.030262893932, 0.20036886109, 0.20207928124, 0.54509879181]
    ],
    [
      [0.11472222603, 0.0018333634394, 0.0014715109859, 0.88141149689, 0.00056140265615],
      [0.0016464969391, 0.44977208261, 0.20247798694, 0.33811845993, 0.0079849735764],
      [0.026877415482, 0.037433348437, 0.6481638211, 0.1866439968, 0.10088141817],
      [0.036414341683, 0.0057805811175, 0.0087017132353, 0.94226208896, 0.0068412750042],
      [0.04717903219, 0.036707561864, 0.10991442626, 0.35467696471, 0.45152201497]
    ],
    [
      [0.16033609173, 0.0022264669624, 0.00039615225863, 0.83648614031, 0.00055514874198],
      [0.0017741194695, 0.45161770313, 0.2899712086, 0.24807595594, 0.0085610128572],
      [0.023505227601, 0.029632479189, 0.74563847155, 0.11454290664, 0.086680915019],
      [0.05250680864, 0.0076847076431, 0.00072685302464, 0.93157613079, 0.0075054999058],
      [0.051637745766, 0.037234344589, 0.15834761068, 0.26442859199, 0.48835170697]
    ],
    [
      [0.054985466709, 0.0018782300455, 0.0013066206854, 0.94182968256, 0],
      [0, 0.40602512369, 0.31900248033, 0.25995941989, 0.01501297609],
      [0, 0.019033115738, 0.72851159074, 0.11406735042, 0.13838794309],
      [0.0066696979282, 0.0065351593601, 0.0065090674015, 0.97361979387, 0.0066662814405],
      [0.0096121552086, 0.021346404572, 0.11846485053, 0.18813002101, 0.66244656868]
    ],
    [
      [0.40349969857, 0.0018630844121, 0.0036313484212, 0.59045481426, 0.00055105433151],
      [0, 0.43715457164, 0.30308676314, 0.25439400227, 0.0053646629555],
      [0.009726832526, 0.029229921881, 0.76353104835, 0.14583511721, 0.051677080037],
      [0.13669492708, 0.007620787298, 0.0097618193616, 0.8413780134, 0.0045444528601],
      [0.18175867201, 0.036726271787, 0.17715047558, 0.29079784541, 0.3135667352]
    ],
    [
      [0.14736281435, 0.00014614577643, 0.00098081915827, 0.85081556758, 0.000694653137],
      [0.0019639311766, 0.35837104095, 0.35322406222, 0.2776630272, 0.0087779384553],
      [0.021449989058, 0.014864495413, 0.77750005782, 0.11049694796, 0.075688509753],
      [0.048898900807, 0.00046236542202, 0.0026700460222, 0.94049507468, 0.0074736130651],
      [0.049068442116, 0.026911560597, 0.18091823749, 0.2774587053, 0.46564305449]
    ],
    [
      [0.11438388089, 0.0045313026947, 0.00096451704513, 0.87952456409, 0.00059573527481],
      [0.00073533621035, 0.49928571132, 0.32893719177, 0.15911989155, 0.011921869149],
      [0.0089076356137, 0.031571244039, 0.78500293894, 0.063980695779, 0.11053748563],
      [0.035406239509, 0.01502798865, 0.0040257402932, 0.93194244538, 0.013597586167],
      [0.020095216518, 0.036964339819, 0.16203555864, 0.15133085292, 0.62957403211]
    ],
    [
      [0.20917747736, 0.0010433752613, 0.0011064506611, 0.788295682, 0.00037701471769],
      [0.0023589767063, 0.3736361563, 0.33276517375, 0.2839787087, 0.0072609845519],
      [0.026637897772, 0.016981014589, 0.76927760251, 0.12087116773, 0.066232317394],
      [0.06850077464, 0.0036293273037, 0.0035279783944, 0.91889623096, 0.0054456886985],
      [0.080290802988, 0.030080970121, 0.18007045064, 0.2995839655, 0.40997381075]
    ],
    [
      [0.13556895971, 0.0021229979454, 0.00026060957126, 0.86204743278, 0],
      [0.0019129037984, 0.42114432791, 0.30376683728, 0.26826197275, 0.004913958263],
      [0.025839650376, 0.027340053457, 0.78014027907, 0.11819452343, 0.048485493669],
      [0.045052512789, 0.0070980722962, 0.00031707672997, 0.94494054689, 0.0025917912989],
      [0.05617607844, 0.0397866884, 0.19863675619, 0.34582388794, 0.35957658903]
    ],
    [
      [0.081941570371, 0.0071514188937, 0.0011425354714, 0.9088821296, 0.00088234566886],
      [0.00014698413439, 0.59738687122, 0.26943611206, 0.12527134675, 0.007758685837],
      [0.00013388613867, 0.047273116906, 0.79690645142, 0.064888247883, 0.090798297654],
      [0.020971528108, 0.023410716806, 0.0034422320839, 0.93885854358, 0.013316979418],
      [0.013747948224, 0.062180398617, 0.18823657467, 0.16958469333, 0.56625038516]
    ],
    [
      [0.12079572072, 0.0024865586923, 0.00079682873843, 0.87542185176, 0.0004990400844],
      [0.0010864158001, 0.40487396328, 0.39242295361, 0.19406281101, 0.0075538563027],
      [0.012574307117, 0.018439998586, 0.83263926342, 0.072821723314, 0.063524707564],
      [0.038816597947, 0.0081335991855, 0.0016463631872, 0.94334547933, 0.0080579603463],
      [0.032110106418, 0.035269727806, 0.23346096522, 0.22531239088, 0.47384680967]
    ],
    [
      [0.1927054263, 0.0081791474124, 0.001412198147, 0.79646983267, 0.001233395473],
      [0.0009068074684, 0.59679246419, 0.31583263606, 0.076659523256, 0.0098085690256],
      [0.014938913127, 0.042473393403, 0.83429635525, 0.004138941633, 0.10415239658],
      [0.060464047272, 0.029056344586, 0.0041976639657, 0.88388597104, 0.022395973137],
      [0.022076696515, 0.046552836958, 0.18634557818, 0.086376934154, 0.65864795419]
    ],
    [
      [0.28783992907, 0.0032941366478, 0.00064911144909, 0.70763003535, 0.00058678748181],
      [0.00056078646477, 0.56988171846, 0.21438102207, 0.20816891111, 0.0070075618853],
      [0.027796778158, 0.050414373569, 0.7013749708, 0.13215338846, 0.088260489008],
      [0.087893290439, 0.013659837092, 0.0039879327699, 0.88577420201, 0.0086847376901],
      [0.10028937665, 0.054404074801, 0.13766950261, 0.26128059139, 0.44635645455]
    ],
    [
      [0.16166180244, 0.0068933660147, 0.0010996191706, 0.83034521238, 0],
      [0.00098646502085, 0.70936851445, 0.15674173604, 0.12240304408, 0.010500240411],
      [0.019942687148, 0.065837240845, 0.65467530893, 0.087585799837, 0.17195896324],
      [0.055974291233, 0.024150686013, 0.0040814345556, 0.91044034346, 0.0053532447346],
      [0.025962674189, 0.050373624843, 0.08635077195, 0.1298070347, 0.70750589432]
    ],
    [
      [0.12421259933, 0, 0.0067077487119, 0.86348800112, 0.0055916508319],
      [0.0034391906445, 0.17913339165, 0.12376422794, 0.68948767434, 0.0041755154287],
      [0.071296991078, 0, 0.513797381, 0.34010904164, 0.074796586287],
      [0.046079005227, 0, 0.021392801716, 0.91384866373, 0.018679529329],
      [0.082022854914, 0.0082655819622, 0.055570942118, 0.58220244461, 0.2719381764]
    ],
    [
      [0, 0, 0.0328833275, 0.96705140034, 6.5272162719e-05],
      [0.00040661933839, 0.1968918423, 0.48996989255, 0.27266696256, 0.040064683246],
      [0, 0, 0.79519817655, 0.042549394373, 0.16225242908],
      [0, 0, 0.0083240476493, 0.97757451817, 0.014101434181],
      [0, 0, 0.060987105027, 0.062476048136, 0.87653684684]
    ],
    [
      [0, 0, 0.001462654328, 0.99853734567, 0],
      [1.1476422999e-07, 0.001635713366, 0.99810249054, 0.00026164788024, 3.3446585911e-08],
      [0, 0, 0.95385789451, 0.04614210549, 0],
      [0, 0, 0.00031199816332, 0.99968800184, 0],
      [0, 0, 0.043743456672, 0.95625654333, 0]
    ],
    [
      [0.13344043378, 0.0136873957, 0.00082349464477, 0.85137776314, 0.00067091273441],
      [0.0025952738031, 0.82245237741, 0.15035770469, 0.023255207521, 0.0013394365741],
      [0.015957794318, 0.05701641268, 0.90222434565, 0, 0.024801447354],
      [0.067059136118, 0.047700589711, 0.00085602437057, 0.8774332096, 0.0069510402013],
      [0.025215310416, 0.12771019969, 0.36056400011, 0.1272617947, 0.35924869508]
    ],
    [
      [0.17960255764, 0.0028998739293, 0.00034267396434, 0.81714101869, 1.387577415e-05],
      [0.0017835820041, 0.4818851799, 0.28560866703, 0.21875193086, 0.011970640207],
      [0.02300657429, 0.031196271617, 0.72707352301, 0.09947260857, 0.11925102251],
      [0.059024489405, 0.010223135644, 0.00051831150267, 0.92186594804, 0.0083681154102],
      [0.043492154644, 0.032161187516, 0.13007338738, 0.19492532772, 0.59934794273]
    ],
    [
      [0.04888232672, 0.012087529612, 0.00088817492894, 0.93614472108, 0.0019972476604],
      [0, 0.72009133973, 0.21652253008, 0.052807036495, 0.010579093686],
      [0, 0.048186348843, 0.77150372951, 0.017442703712, 0.16286721793],
      [0, 0.050731226356, 0.024866067787, 0.89863268721, 0.025770018645],
      [0, 0.037495243691, 0.098001488134, 0.04401484153, 0.82048842664]
    ],
    [
      [0.13924856912, 0.20049395637, 0.016780884951, 0.64347658957, 0],
      [0, 1, 0, 0, 0],
      [0.13076740895, 0.59983534788, 0.053862469366, 0.21553477381, 0],
      [0.066921314862, 0, 0.11737595814, 0.815702727, 0],
      [0.029753468079, 0.88639152246, 1.3441485774e-36, 0.08385500946, 0]
    ],
    [
      [0.098033806844, 0.0042880639068, 0.0011277041509, 0.89559421905, 0.00095620604956],
      [0.00079836740555, 0.67285842106, 0.11804721084, 0.2038171714, 0.0044788292898],
      [0.022026046708, 0.089095699919, 0.61469875403, 0.18678910199, 0.087390397361],
      [0.030128000763, 0.013445736466, 0.0048512116655, 0.943876958, 0.0076980931106],
      [0.040175346045, 0.089585329563, 0.10691235616, 0.3592041086, 0.40412285963]
    ],
    [
      [0.087456238467, 0.0063398743696, 0.00098399227582, 0.90513629226, 8.3602623067e-05],
      [0, 0.64340927353, 0.20882929899, 0.14422034253, 0.003541084951],
      [0.0073542566605, 0.061047880293, 0.77517679042, 0.099518387877, 0.056902684744],
      [0.025783447107, 0.020461850426, 0.0024884778933, 0.94640205198, 0.0048641725952],
      [0.026385115933, 0.095342512553, 0.20227620124, 0.27168517927, 0.40431099101]
    ],
    [
      [0.12599026943, 0.0055674237357, 0.00083109388125, 0.86713359845, 0.00047761449809],
      [0.00075325881993, 0.55103370844, 0.2937333846, 0.1479194628, 0.0065601853434],
      [0.010843161194, 0.041398455362, 0.8054914098, 0.071324664436, 0.070942309206],
      [0.039730086669, 0.018625755311, 0.0020216703149, 0.93065875541, 0.0089637322934],
      [0.03070904866, 0.061530882649, 0.21162739947, 0.2073518171, 0.48878085212]
    ],
    [
      [0.17931512375, 0.0072174241813, 0.0012182984194, 0.81172113708, 0.00052801656068],
      [0.00090332421808, 0.64854759389, 0.22476775639, 0.11837026949, 0.0074110560143],
      [0.016149477379, 0.056786715641, 0.75765684343, 0.071097245779, 0.098309717771],
      [0.058392035085, 0.024664120169, 0.0036422744057, 0.90143431281, 0.011867257535],
      [0.037476644982, 0.072146071943, 0.1632521583, 0.16680934293, 0.56031578185]
    ],
    [
      [0.1778588395, 0, 0.0043928987985, 0.8149699678, 0.0027782939024],
      [0.025578280428, 0, 0.90588768104, 0.058485369916, 0.010048668618],
      [0, 0, 0.95886200278, 0, 0.041137997221],
      [0.086916238566, 0, 0.022708055923, 0.86100393821, 0.029371767301],
      [0.025218230372, 0, 0.44375708984, 0.060009262231, 0.47101541756]
    ]
  ],
  "expected_outcome": [
    [
      [48.1212966526, 11.4529452532, 0.77814520698, 3.5300305946, 27.3638136293, 0, 4.5658023856, 0, 0, 1.0719175729, 0.51300242884, 0, 2.3248210396, 37.8573679296, 0.77275235239, 7.9721875675, 0.18874498468, 24.0048176371, 4.3675635729, 0.43531997588, 0.37829160744, 1.8204622918, 14.2063415176, 0.57458542951, 21.560258965, 4.8002309939, 4.686842023, 6.8116836945, 2.3525402318, 15.6485481939, 0.97061420121, 6.9929325586, 2.3423939753, 11.8432721237, 17.8088140746, 1.5358404862, 7.8573996081, 10.2269900946, 0, 11.6359770679, 3.126807601, 5.5615558586, 1.8865761227, 0, 6.4984427393, 0.54195766826, 3.6686101109, 4.8493281125, 0.97868090464, 0.75900762057, 1.0554614145, 5.5066668493, 6.8944519444, 0.49486920038, 3.2279975886, 6.1892382028, 1.2582226898, 4.6019045018, 1.6268275165, 1.4749482667, 1.9327315315, 0.3854108526, 2.3027194325, 2.7482506414, 0.62106299667, 0, 0, 0.26688086756, 5.2084741716, 0, 0.13924856912, 4.0193860806, 3.6731620156, 37.0411392133, 37.8354911123, 0.1778588395],
      [1.5887857933, 0.011251542507, 0.026048545455, 0.071078988708, 0.98808916819, 0, 0.13686239445, 0.050445438227, 0, 0, 0.032216874672, 0, 0.086704114282, 1.2962150246, 0.022112664073, 0.41679726473, 0.012380056634, 0.55097985065, 0.052556537946, 0.032420671943, 0.021484576941, 0.043682430179, 0.38958562117, 0.035569849091, 0.53833917546, 0.25581433891, 0.13348313767, 0.11462183158, 0.18505588503, 0.50207106871, 0.02824977891, 0.18881144205, 0.067780473168, 0.32108452655, 0.23223802784, 0.054554039853, 0.18516702777, 0.09161472743, 0.0095828793837, 0.11235828765, 0.0017859632812, 0.12401248692, 0.11953579752, 0, 0.24895539275, 0.045045553763, 0.061649775784, 0.13758167606, 0.070101281699, 0.043580094203, 0.025424668147, 0.088001445094, 0.095738079382, 0.016904070409, 0.014904675297, 0.0061381226099, 0.049844329642, 0.022954255748, 0.025475975345, 0.12872554009, 0.039784939078, 0.016358294825, 0.026353093183, 0.11718722225, 0, 0, 0, 0.0273747914, 0.08409634395, 0, 0.20049395637, 0.17581062018, 0.26627472352, 1.6368225783, 1.5228765023, 0],
      [0.4356841311, 0.094139999207, 0.0016877799425, 0, 0.12077725318, 0, 0.046649809974, 0.007526486877, 0, 0.001628788381, 0.01068891627, 0, 0.0079553258639, 0.29681016418, 0.0010341222291, 0.085274464917, 0.00095238643649, 0.33090061791, 0.020140941445, 0.0014697371136, 0.0012778868659, 0.0054383023285, 0.034092037806, 0.014229830575, 0.042393821085, 0.047535151229, 0, 0.011307802232, 0.060011933186, 0.13962799496, 0.0056531383476, 0.035503760066, 0.060825378178, 0.30059523537, 0.12650344458, 0, 0.074488915376, 0.054583711579, 0, 0.06471892018, 0.029824089183, 0.013275704778, 0.0016072727718, 0, 0.079281330374, 0.0078862994642, 0.013352325637, 0.022872294181, 0.0066194342596, 0.039317338864, 0.0058600479605, 0.070632527323, 0.017034547121, 0.011759586169, 0.02905078737, 0.041194404647, 0.010609687496, 0.024341914545, 0.0031273148551, 0.020565638485, 0.012749259815, 0.0028243962941, 0.0051928915927, 0.0186935259, 0.03353874356, 0.065766654999, 0.001462654328, 0.0016469892895, 0.0099375449659, 0, 0.016780884951, 0.046235870188, 0.041327675584, 0.24434160109, 0.25706096649, 0.0043928987985],
