{
  "Z_true": {},
  "V_true": [
    [11, 366, 18, 44, 947, 47],
    [183, 622, 208, 154, 14896, 324],
    [184, 131, 582, 9131, 1250, 453],
    [642, 24, 68, 376, 529, 83],
    [10, 7, 746, 386, 393, 64],
    [64, 93, 155, 313, 666, 311]
  ],
  "p_true": [
    [0.0077, 0.2554, 0.0126, 0.0307, 0.6609, 0.0328],
    [0.0112, 0.038, 0.0127, 0.0094, 0.909, 0.0198],
    [0.0157, 0.0112, 0.0496, 0.7784, 0.1066, 0.0386],
    [0.3728, 0.0139, 0.0395, 0.2184, 0.3072, 0.0482],
    [0.0062, 0.0044, 0.4645, 0.2403, 0.2447, 0.0399],
    [0.04, 0.0581, 0.0968, 0.1954, 0.4157, 0.1941]
  ],
  "Z_est": [
    [
      [1.9719, 0.5916, 0.7527, 1.1291, 0, 0, 0, 0.1479, 0.6022, 0.1882, 0.3482, 0.1972, 0.2258, 1.9194, 0.9409, 0.5198, 0.6022, 0.1882, 0.493, 0, 1.8908, 1.7313, 0.6902, 2.1829, 0.7395, 2.2205, 0.5916, 1.0353, 2.1198, 0.9785, 0.2635, 0.3387, 0.6022, 0.8656, 2.5142, 0.986, 0.6902, 1.6184, 0.6022, 1.1667, 1.7747, 1.2325, 1.5604, 1.7254, 0.9033, 1.8818, 0.414, 3.1058, 0.3764, 3.4249, 0.0493],
      [12.0825, 7.7063, 6.7676, 9.2475, 2.677, 0.3547, 0, 3.6427, 4.932, 1.5413, 0.3781, 1.5413, 0.3554, 19.1899, 7.7063, 3.9499, 4.932, 1.5413, 4.0035, 0, 9.5558, 14.1795, 23.427, 15.2996, 10.7411, 18.6454, 11.7135, 9.2244, 12.1346, 8.0145, 2.1578, 2.7743, 4.932, 5.348, 11.7272, 8.1735, 6.9243, 13.2548, 4.932, 9.5558, 8.8842, 9.9503, 6.3966, 9.2396, 7.398, 15.4125, 3.3908, 17.413, 3.0985, 37.6407, 12.33],
      [2.9769, 1.4593, 0.5649, 1.7511, 0, 0.0584, 0, 0.8172, 0.9339, 0.2919, 0.0546, 0.3169, 0.3502, 4.9895, 1.4593, 0.7588, 0.9339, 0.2919, 0.7588, 0, 1.8095, 2.8713, 4.4362, 3.3855, 2.3157, 3.0125, 0.8473, 1.2238, 1.6475, 1.5176, 0.5179, 0.5253, 0.8943, 1.3425, 3.0936, 2.4477, 0.4707, 2.5099, 0.9339, 1.8095, 3.6679, 1.6004, 0.9414, 2.4477, 1.4009, 3.1538, 0.6421, 5.6807, 0.5837, 5.3117, 0.6119],
      [7.24, 8.8163, 1.6158, 2.4237, 0.255, 0.0808, 0, 2.1829, 1.2926, 0.4039, 0.1892, 0.4039, 0.4847, 4.1203, 2.0197, 1.0503, 1.2926, 0.4039, 1.0503, 0, 1.7804, 3.53, 4.583, 7.2441, 5.8578, 4.7666, 3.07, 1.7025, 3.4739, 2.1005, 0.4562, 0.4228, 0.6788, 1.8917, 4.2818, 2.1587, 1.6158, 3.4739, 1.2926, 2.5045, 3.0712, 2.4237, 2.1813, 3.1936, 1.9389, 3.9389, 0.8887, 11.7475, 0.8012, 5.5415, 6.6536],
      [26.2483, 6.2073, 10.1237, 15.1855, 1.0484, 0.5062, 0, 7.0866, 8.0989, 2.5309, 1.0124, 2.5309, 4.5544, 20.2319, 12.6546, 6.6072, 8.0989, 2.5309, 6.5804, 0, 15.6917, 23.2844, 42.648, 29.3586, 23.9601, 29.8648, 20.7024, 13.667, 23.247, 13.1608, 3.5433, 4.8599, 8.6476, 11.6422, 30.746, 15.0087, 10.1237, 21.7659, 8.0989, 15.6917, 20.2686, 14.4402, 15.6653, 19.982, 12.1484, 25.3092, 5.568, 39.6706, 5.0618, 38.0911, 20.2473],
      [0.4803, 0.2192, 0.1754, 0.2631, 0.0196, 0, 0, 0.1228, 0.1403, 0.0438, 0.0175, 0.0098, 0.0294, 0.549, 0.2192, 0.114, 0.1403, 0.0438, 0.114, 0, 0.2719, 0.4034, 0.2157, 0.5294, 0.3859, 0.4901, 1.0752, 0.147, 0.3771, 0.228, 0.0614, 0.0789, 0.2451, 1.9099, 0.6372, 0.2255, 0.1754, 0.3771, 0.1403, 0.2719, 0.3333, 0.3529, 0.2549, 0.4117, 0.2105, 0.3039, 0.0965, 0.3823, 0.0784, 0.9901, 0.1078]
    ],
    [
      [6.9818, 1.0636, 0.6266, 3.9828, 0, 0, 0, 0.3621, 2.6552, 0.9655, 0.4424, 1.6366, 0.3621, 3.2587, 0.9786, 1.2069, 5.001, 0.3621, 2.5508, 0.1207, 6.0987, 3.368, 1.6897, 3.8111, 1.8104, 7.4208, 1.4483, 2.9405, 5.1897, 3.9572, 2.1492, 2.3366, 2.9431, 1.8129, 6.1553, 2.4138, 1.6897, 5.6725, 1.569, 3.0173, 4.3449, 3.0173, 4.1249, 4.2242, 2.4138, 3.839, 3.138, 6.8488, 0.9655, 7.8449, 0.1207],
      [12.3616, 6.4982, 2.4661, 12.7252, 2.9086, 1.0907, 0.6664, 2.813, 7.1152, 3.2722, 0.3636, 1.6823, 0.3636, 19.6332, 2.3166, 1.1547, 14.2573, 1.6052, 4.434, 1.9245, 17.0159, 14.1954, 6.3964, 13.0446, 7.2255, 30.6587, 7.2615, 10.1802, 11.6345, 14.7342, 7.0165, 2.9816, 8.4193, 5.4537, 11.9981, 8.3623, 8.3623, 13.816, 7.724, 10.9073, 9.0894, 10.1802, 6.5444, 9.453, 7.6351, 15.6339, 3.9994, 17.8153, 4.9523, 47.6287, 6.1539],
      [13.3183, 5.2781, 0, 10.9622, 0, 0.553, 0.203, 2.2454, 4.4661, 3.3901, 0.203, 2.5907, 0.5503, 18.7835, 1.8559, 1.011, 11.1371, 0.9946, 5.4589, 0.5304, 13.5824, 16.3284, 5.2821, 10.4125, 5.7676, 18.6649, 3.6541, 5.2781, 7.1051, 11.7934, 11.5383, 6.384, 8.7992, 4.8721, 14.8193, 9.9825, 2.03, 13.5384, 5.8871, 11.3682, 10.1502, 4.8223, 4.0601, 10.5562, 7.2425, 13.6013, 5.4811, 23.1424, 4.3045, 22.7965, 2.6353],
      [4.1558, 0.9023, 0, 2.2094, 0.0752, 0.0465, 0.0578, 0.8343, 1.5154, 0.5655, 0.0983, 1.9378, 0.0918, 0, 0, 0, 1.1767, 0.1506, 0.3725, 0.0463, 2.2657, 1.4344, 0, 1.7369, 0.9621, 4.2799, 0.9107, 0.8849, 1.4055, 2.0101, 0.2371, 0.2198, 0.3528, 0.2394, 2.5595, 0, 0.9621, 2.5218, 3.7069, 1.6309, 1.5964, 0, 2.882, 1.6782, 0.402, 1.5674, 9.5894, 3.6149, 0.4164, 2.8804, 0.4884],
      [559.901, 115.3846, 57.1556, 416.8669, 21.6856, 15.3098, 23.0727, 94.3965, 239.7129, 143.7704, 13.6943, 52.9836, 23.3016, 398.86, 77.7383, 50.9001, 238.8655, 37.3454, 193.4203, 41.8749, 569.8791, 376.6805, 209.6436, 437.7407, 242.6699, 862.5251, 230.5002, 311.1811, 409.2568, 507.15, 385.9397, 275.704, 416.6281, 208.2276, 650.4821, 302.6242, 245.4917, 572.0148, 285.0405, 403.4989, 421.0727, 252.8959, 320.6655, 423.9899, 306.4052, 462.1191, 318.3838, 791.9871, 161.8758, 818.1522, 121.8432],
      [8.2816, 2.8732, 1.7517, 6.2534, 0.3306, 0, 0, 1.3487, 2.5352, 2.0362, 0.1983, 0.169, 0.3306, 9.4647, 1.1107, 0.7272, 4.5624, 0.5421, 2.7635, 1.5032, 8.1581, 5.9932, 2.9882, 6.2541, 3.5645, 8.4506, 4.2253, 2.5352, 5.4084, 8.3551, 4.1191, 2.374, 5.8575, 4.3943, 10.9858, 3.6172, 3.4642, 7.4365, 4.0725, 5.5774, 5.7464, 6.0844, 4.7232, 7.0985, 4.9013, 5.2394, 5.4084, 6.5915, 1.4855, 20.6972, 1.7586]
    ],
    [
      [1.4411, 0.3831, 0.3186, 1.0536, 0, 0, 0, 0.0958, 0.7024, 0.2554, 1.0188, 0.1277, 1.3521, 1.5186, 0.4943, 1.8679, 0.3539, 0.0958, 0.3193, 0.0319, 1.5006, 0.8621, 0.447, 1.5316, 0.4789, 1.3488, 0.3831, 2.5467, 1.3729, 0.7801, 0.1519, 0.3382, 0.2352, 0.5109, 1.6283, 0.6386, 0.4139, 1.9424, 0.4151, 0.7982, 1.1494, 0.7982, 0.7982, 1.102, 0.6342, 0.9082, 0.6253, 1.9979, 0.2442, 2.0753, 0.0319],
      [7.6911, 3.811, 3.3931, 9.0301, 1.3136, 1.1455, 0.2922, 2.0359, 4.298, 3.5608, 0.2262, 0.6609, 0.2262, 13.0988, 3.3271, 1.5835, 2.7564, 0.6725, 1.0786, 0.6786, 6.1077, 8.8222, 9.2746, 12.2778, 5.6552, 15.3822, 5.8814, 7.274, 6.5435, 6.2798, 1.2224, 1.8097, 1.8935, 3.3931, 7.4649, 5.2028, 5.2028, 8.596, 4.0718, 7.5708, 5.6552, 6.3517, 4.0718, 5.8814, 4.7504, 9.6579, 2.4883, 11.0843, 2.4883, 40.858, 4.1998],
      [14.5464, 5.5019, 2.5393, 13.1745, 0, 0.6348, 0.2663, 3.5974, 4.6554, 5.7465, 0.2116, 1.2697, 0.8912, 27.2646, 8.838, 1.6929, 3.6863, 0.8464, 3.3858, 0.3847, 5.6416, 13.3324, 9.0993, 20.9574, 7.4064, 13.5431, 3.809, 5.8056, 7.4064, 8.3983, 5.6526, 2.0064, 2.5323, 6.795, 15.4476, 12.4911, 2.1161, 16.0825, 5.7592, 12.3943, 11.0839, 7.1948, 4.2322, 8.2034, 6.8276, 12.3328, 5.7135, 24.1237, 2.7509, 20.6478, 2.7509],
      [414.0374, 140.1161, 91.1069, 362.7576, 12.3452, 8.5466, 9.8171, 182.4724, 241.8524, 147.7843, 16.5818, 16.0019, 38.5453, 413.6928, 132.5937, 57.1485, 96.8537, 9.9961, 35.2916, 7.5426, 148.2283, 235.5075, 215.5654, 624.4068, 314.3266, 381.9291, 172.8321, 147.5218, 229.9223, 210.4334, 38.9347, 36.0858, 57.9273, 163.0869, 449.7868, 185.2728, 119.4759, 414.0599, 151.5971, 306.4867, 265.7489, 220.6703, 169.8602, 270.9386, 177.2909, 254.3452, 184.8474, 588.0419, 68.2779, 474.4414, 114.9058],
      [18.359, 0, 3.1565, 4.9871, 0.4553, 0.673, 1.6245, 0.8534, 7.3848, 13.7361, 0.3992, 0.3994, 2.3639, 20.262, 12.3061, 9.0467, 0, 0, 1.7878, 0.1194, 3.7445, 11.4818, 10.7236, 39.2033, 11.0808, 14.041, 11.5827, 23.745, 11.6306, 10.1662, 2.0262, 7.8339, 3.1669, 8.7857, 33.5475, 24.9641, 1.5311, 26.5389, 6.1426, 17.9147, 16.9431, 10.5283, 7.9856, 10.175, 8.4624, 11.3563, 0, 24.6742, 3.915, 24.5528, 4.1664],
      [27.9249, 9.1879, 6.4855, 19.9971, 0.886, 0, 0, 5.9451, 8.1069, 8.917, 0.5623, 0.5405, 1.6214, 34.1633, 8.4408, 3.6606, 11.3497, 1.3892, 3.1369, 3.2428, 10.7773, 18.994, 11.8902, 31.6231, 14.052, 26.7557, 13.5116, 8.1069, 16.1243, 25.9422, 3.0122, 4.9261, 13.2448, 14.4284, 38.1248, 12.4306, 10.2602, 23.7803, 12.0142, 17.8353, 18.4194, 19.4566, 14.052, 22.6994, 15.0344, 16.3997, 16.3255, 21.078, 4.3237, 55.4247, 5.9451]
    ],
    [
      [21.6805, 7.5083, 5.3427, 21.2174, 0, 0, 0, 1.7809, 13.9542, 4.9235, 0, 1.5518, 0.3771, 13.7491, 7.5428, 5.3517, 13.06, 1.671, 4.5516, 0.6429, 27.9008, 16.217, 7.92, 22.2513, 8.9045, 36.9598, 7.1236, 10.1841, 25.5263, 19.2342, 8.9045, 6.7885, 10.0918, 9.7255, 30.2754, 11.8727, 8.3109, 27.9084, 7.7172, 14.8409, 21.3708, 14.8085, 13.8368, 20.7772, 11.9597, 17.3485, 16.217, 38.8471, 5.0683, 38.5862, 0.5936],
      [0.4561, 0.2549, 0.2012, 2.5372, 0, 0, 0, 0.1356, 0.3583, 0.184, 0, 0.0387, 0.0097, 0.3002, 0.1937, 0.0939, 0.3085, 0.029, 0.1065, 0.2726, 0.6197, 0.5232, 0.2033, 0.5713, 0.2518, 1.0259, 0.3488, 0.213, 0.4293, 0.4938, 0.1476, 0.1073, 0.2146, 0.2012, 0.4427, 0.3085, 0.9871, 0.5098, 0.3292, 0.581, 0.3354, 0.2905, 0.2415, 0.3488, 0.3055, 0.4454, 0.4164, 0.6573, 0.1646, 0.7262, 0.3219],
      [0.3828, 0.1968, 0.0908, 0.783, 0, 0, 0, 0.1287, 0.1665, 0.1514, 0, 0.0312, 0.0078, 0.2422, 0.1562, 0.0606, 0.2187, 0.0234, 0.0859, 0.0234, 0.4241, 0.4618, 0.164, 0.4609, 0.2031, 0.7655, 0.1363, 0.1719, 0.2649, 0.3922, 0.2422, 0.1135, 0.1438, 0.28, 0.5526, 0.3936, 0.0757, 0.5781, 0.2195, 0.4687, 0.375, 0.2343, 0.1514, 0.3936, 0.3179, 0.4683, 0.2044, 1.1775, 0.6069, 0.5859, 0.0984],
      [4.1926, 3.5648, 1.1979, 9.0274, 0, 0, 0, 4.6757, 3.6648, 2.1668, 0, 0.3057, 0.0856, 0.5948, 1.7113, 0.8497, 2.3958, 0.1558, 0.5382, 0.2567, 2.9946, 3.5122, 1.7968, 5.0483, 2.2247, 8.3853, 2.5775, 0, 3.2526, 4.3363, 0.5806, 0.5382, 0.8639, 2.4075, 4.8868, 2.7474, 11.2749, 6.3318, 8.0608, 5.1339, 0.9742, 0.3494, 2.5775, 4.6205, 2.9092, 3.8379, 3.8108, 9.682, 1.4546, 6.4173, 1.8269],
      [22.1656, 12.4153, 7.1271, 36.2113, 0, 0, 0, 7.2423, 18.8059, 11.5269, 0, 2.0692, 0.5173, 16.0364, 10.3461, 3.624, 11.9466, 1.1132, 5.6903, 1.5519, 31.901, 22.1685, 10.8634, 30.5209, 14.3288, 50.6958, 15.9881, 11.3807, 27.4196, 26.3825, 14.0915, 10.4189, 19.602, 14.9222, 38.6246, 18.6006, 22.2441, 38.5245, 17.5883, 38.8649, 24.8306, 14.2424, 18.1056, 27.7191, 18.4104, 23.796, 22.2441, 54.5052, 9.6632, 28.4971, 5.1222],
      [0.1223, 0.0599, 0.0402, 0.2237, 0, 0, 0, 0.0369, 0.0503, 0.0474, 0, 0.0034, 0.0025, 0.0774, 0.0499, 0.0201, 0.0704, 0.0075, 0.0275, 0.2525, 0.1598, 0.1174, 0.0524, 0.1473, 0.0872, 0.1677, 0.8258, 0.0503, 0.1073, 0.161, 0.0335, 0.0335, 0.0838, 0.4636, 0.218, 0.0771, 0.1074, 0.1476, 0.0849, 0.1107, 0.114, 0.0749, 0.0872, 0.1409, 0.0973, 0.104, 0.1074, 0.1308, 0.0424, 0.1873, 0.0369]
    ],
    [
      [1.2103, 0.4391, 0.4487, 1.1466, 0, 0, 0, 0.1098, 1.6902, 0.4065, 0.0732, 0.1464, 0.1098, 1.9691, 0.324, 0.3659, 0.805, 0.1098, 0.3659, 0.0366, 1.7198, 0.988, 0.5123, 1.8445, 0.5489, 1.1466, 0.4391, 0.7684, 1.5734, 1.1709, 0.4985, 0.2493, 0.2742, 0.4487, 1.8661, 0.7318, 0.5123, 1.9691, 0.4757, 0.9805, 1.3173, 0.9472, 0.9148, 1.2961, 0.7318, 1.5205, 0.9514, 2.3052, 0.1994, 2.1579, 0.0366],
      [0.5557, 0.253, 1.7957, 0.5819, 0.1308, 0.3338, 0.0163, 0.1471, 1.8199, 0.2277, 0.0127, 0.038, 0.0163, 0.9994, 0.1645, 0.1012, 0.3759, 0.0517, 0.1265, 0.049, 0.5721, 0.6374, 0.6701, 0.7028, 0.4257, 0.5819, 0.425, 0.4061, 0.4554, 0.5633, 0.1798, 0.1265, 0.1392, 0.2277, 0.5394, 0.3759, 0.9221, 0.6211, 0.4175, 0.6325, 0.4086, 0.5249, 0.2942, 0.425, 0.3432, 0.7717, 0.3795, 0.8009, 0.1012, 0.8602, 0.3923],
      [26.3027, 12.9148, 8.5054, 26.2492, 0, 1.6789, 0.5058, 9.7683, 11.2288, 10.1156, 0.5058, 1.7361, 2.062, 53.6125, 7.2752, 4.3105, 16.4978, 1.7052, 5.8951, 1.0116, 23.3678, 27.0922, 22.9449, 38.9837, 18.3102, 25.743, 9.104, 12.8715, 17.7022, 27.403, 13.1905, 5.5963, 6.1559, 10.0734, 38.5567, 25.3869, 5.0578, 41.3937, 15.4525, 28.5612, 23.5045, 19.3174, 10.1156, 29.1008, 25.1625, 35.7712, 14.2849, 57.0295, 4.4771, 38.0549, 6.5789],
      [4.7235, 2.01, 1.809, 4.623, 0.2017, 0.3015, 0.1005, 3.0251, 13.1831, 1.809, 0.1061, 0.3015, 0.6205, 6.6087, 1.3065, 0.804, 2.814, 0.1706, 0.5895, 0.1241, 3.6696, 3.8473, 4.1205, 10.0992, 5.1349, 4.623, 2.1425, 2.3115, 3.618, 4.23, 0.6361, 0.5895, 0.9463, 1.809, 7.0349, 3.0096, 2.6871, 7.9394, 6.6787, 5.025, 4.0733, 3.819, 3.81, 5.4135, 4.623, 6.1305, 4.572, 9.5474, 0.804, 6.8339, 2.0012],
      [10.7437, 2.869, 4.1146, 9.9831, 0.4829, 0.6858, 0.3774, 3.7724, 8.6864, 4.1146, 0.2286, 0.6858, 0.9144, 9.9877, 2.9717, 1.8287, 5.4435, 0.6858, 2.2859, 0.4572, 9.6008, 9.1184, 10.721, 16.9156, 8.0006, 10.5151, 6.5811, 5.2576, 9.9976, 11.2009, 4.5718, 2.7014, 2.6737, 4.1146, 16.0013, 9.3722, 5.9741, 23.014, 7.5435, 11.6671, 9.6008, 8.6864, 13.2769, 11.8867, 11.7491, 13.944, 6.8577, 21.716, 1.8287, 15.0811, 2.9754],
      [3.4641, 1.5141, 1.3267, 3.4163, 0.1847, 0, 0, 1.1773, 1.3917, 1.3267, 0.0737, 0.0923, 0.277, 5.8226, 0.9582, 0.5896, 2.0637, 0.277, 0.737, 0.3215, 3.07, 3.3167, 2.0313, 5.4541, 2.5796, 3.3904, 2.3083, 1.385, 2.6533, 4.4319, 0.9233, 0.737, 0.8107, 1.3267, 6.0015, 2.1236, 1.8466, 4.0626, 2.4322, 3.1337, 3.0956, 4.7052, 2.5885, 3.8779, 3.3904, 2.8623, 2.9546, 3.6009, 0.5896, 5.0119, 1.0156]
    ],
    [
      [6.7143, 2.0143, 1.5107, 4.4705, 0, 0, 0, 0.5036, 2.3958, 1.2609, 0.1174, 0.3404, 0.5731, 4.5851, 1.7194, 0.6878, 2.1779, 0.5731, 1.7194, 0.1679, 7.8893, 3.8337, 2.7409, 6.3785, 2.5178, 9.9035, 2.0143, 3.525, 7.2178, 5.879, 3.0325, 1.9487, 2.8536, 2.6365, 8.5607, 3.3571, 2.3831, 7.8893, 2.2208, 4.1964, 6.0428, 4.1964, 3.7649, 5.875, 3.3571, 5.5022, 4.6543, 9.8952, 1.1463, 10.9107, 0.1679],
      [0.8529, 0.4766, 0.3763, 0.878, 0.9701, 0.0753, 0.0251, 0.2258, 0.4766, 0.2141, 0.0195, 0.0389, 0.0288, 0.7785, 0.292, 0.1168, 0.3698, 0.1003, 0.2509, 0.0753, 1.1289, 0.6423, 1.0285, 1.1039, 0.7007, 1.7058, 0.3698, 0.7024, 0.8027, 0.9143, 0.2759, 0.2007, 0.4014, 0.3763, 0.8278, 0.577, 0.6014, 1.2025, 0.5255, 0.7526, 0.6271, 0.7024, 0.4515, 0.6522, 0.5678, 1.0787, 0.3257, 1.2292, 0.1951, 3.2862, 0.602],
      [1.473, 0.6491, 0.2996, 1.08, 0, 0.0749, 0.025, 0.4431, 0.5492, 0.3046, 0.025, 0.0554, 0.1385, 1.1077, 0.4154, 0.1662, 0.5262, 0.1385, 0.4154, 0.0499, 1.1746, 0.9139, 1.0735, 1.8, 0.997, 2.2708, 0.4494, 0.6491, 0.8738, 1.4954, 0.8585, 0.3745, 0.4744, 0.6369, 0.5301, 1.2982, 0.2497, 1.8974, 0.7477, 1.3981, 1.2185, 0.8308, 0.4993, 1.2982, 1.0486, 1.6727, 0.6741, 2.8461, 0.2769, 2.6031, 0.3246],
      [1.6507, 0.5906, 0.2705, 0.9589, 0.1229, 0.0246, 0.0246, 1.8095, 0.4917, 0.2705, 0.0246, 0.0492, 0.1721, 0.9835, 0.3688, 0.1475, 0.4672, 0.1229, 0.158, 0.0303, 1.0614, 0.1685, 0.9343, 2.4647, 2.4939, 2.0162, 0.4672, 0.5793, 1.3277, 0.8896, 0.1552, 0.1439, 0.2309, 0.5655, 1.4501, 0.8114, 1.9842, 1.6732, 0.6639, 1.2191, 0.536, 0.7376, 0.689, 1.1556, 0.836, 1.1802, 3.2918, 2.3662, 0.2459, 1.8854, 3.1241],
      [38.5825, 13.1237, 6.3225, 24.7662, 3.3278, 0.8253, 0.9254, 10.6488, 13.311, 7.3211, 0.6656, 1.3311, 3.3484, 26.622, 9.9833, 3.9933, 12.6455, 3.3247, 10.2352, 1.9967, 38.183, 21.2664, 27.4005, 43.2608, 23.9598, 55.3582, 12.6455, 17.7687, 36.4484, 35.9397, 24.8275, 12.4819, 27.2817, 15.3077, 40.5986, 22.4304, 18.6354, 43.1418, 18.5862, 27.3627, 29.2842, 18.2068, 19.301, 30.2474, 22.8245, 32.4755, 31.9464, 56.4469, 6.6555, 56.6258, 12.6455],
      [8.7267, 3.1456, 2.2205, 6.8464, 0.5792, 0, 0, 2.3692, 2.7756, 1.6288, 0.1481, 0.185, 0.7392, 5.9231, 2.2211, 0.8885, 2.8135, 0.7404, 2.2211, 0.68, 8.5629, 6.1753, 4.8222, 9.992, 5.3308, 10.7455, 3.0539, 2.7756, 7.3295, 8.8818, 1.8504, 1.8504, 4.7581, 3.4771, 9.0327, 4.526, 4.1461, 8.1959, 4.2559, 6.0711, 6.2913, 5.326, 4.2942, 7.7716, 5.3661, 6.0908, 7.1077, 7.2165, 1.4803, 18.6888, 2.136]
    ]
  ],
  "V_est": [
    [51.0947, 426.418, 82.4221, 134.592, 724.0028, 14.4703],
    [140.9332, 456.126, 379.4118, 67.6722, 15118.5091, 224.3477],
    [40.1199, 288.2936, 381.6719, 9827.8399, 500.524, 692.5508],
    [642.9767, 18.2427, 13.8757, 150.7977, 890.6559, 5.4514],
    [40.8526, 22.7202, 878.226, 177.0116, 374.4641, 112.7255],
    [178.0229, 31.1996, 41.3925, 46.0866, 1072.8441, 232.4543]
  ],
  "p_est": [
    [0.0357, 0.2976, 0.0575, 0.0939, 0.5052, 0.0101],
    [0.0086, 0.0278, 0.0232, 0.0041, 0.9226, 0.0137],
    [0.0034, 0.0246, 0.0325, 0.8378, 0.0427, 0.059],
    [0.3734, 0.0106, 0.0081, 0.0876, 0.5172, 0.0032],
    [0.0254, 0.0141, 0.5468, 0.1102, 0.2332, 0.0702],
    [0.1111, 0.0195, 0.0258, 0.0288, 0.6697, 0.1451]
  ],
  "EI_Z": {},
  "EI_V": 8.2775,
  "MAE_Z": {},
  "MAE_V": 158.5642,
  "MAE_p": 0.0541,
  "runtime": 10.444
}
