{
  "Z_true": {},
  "V_true": [
    [106, 77, 22, 199, 269, 265, 2],
    [69, 267, 53, 224, 266, 225, 2],
    [48, 948, 71, 362, 97, 194, 1],
    [85, 27, 1621, 390, 51, 81, 5],
    [265, 93, 87, 441, 4970, 189, 4],
    [645, 79, 71, 440, 108, 6602, 6],
    [439, 168, 399, 855, 526, 920, 40]
  ],
  "p_true": [
    [0.1128, 0.0819, 0.0234, 0.2117, 0.2862, 0.2819, 0.0021],
    [0.0624, 0.2414, 0.0479, 0.2025, 0.2405, 0.2034, 0.0018],
    [0.0279, 0.5508, 0.0413, 0.2103, 0.0564, 0.1127, 0.0006],
    [0.0376, 0.0119, 0.7173, 0.1726, 0.0226, 0.0358, 0.0022],
    [0.0438, 0.0154, 0.0144, 0.0729, 0.8216, 0.0312, 0.0007],
    [0.0811, 0.0099, 0.0089, 0.0553, 0.0136, 0.8303, 0.0008],
    [0.1312, 0.0502, 0.1192, 0.2555, 0.1572, 0.2749, 0.012]
  ],
  "Z_est": [
    [
      [4.3688, 3.5218, 7.4911, 7.376, 8.4005, 5.5861, 1.3736, 3.5826, 9.7842, 2.2211, 2.4241, 6.166, 5.0666, 5.016, 1.484, 1.5625, 3.3443, 3.5223, 8.2526, 8.9297, 2.2974, 6.9229, 3.9546, 4.2208, 3.8262, 4.5322, 2.8238, 7.6849, 7.3566, 9.0013, 2.213, 4.9135, 3.0664, 5.456, 2.1665, 2.8003, 2.3965, 11.0977, 5.5747, 1.7208, 3.7699, 12.7864, 11.229, 1.4097, 1.3871, 3.8056, 2.0104, 7.033, 3.7571, 9.3719, 9.2301, 16.4225],
      [0.107, 0.0941, 0.2334, 0.331, 0.2849, 0.2453, 0.0774, 0.2797, 0.8081, 0.5685, 0.1995, 0.6056, 0.2591, 0.3627, 0.2447, 0.1566, 0.4521, 0.5354, 0.8271, 1.0722, 0.1736, 0.3697, 0.5542, 0.1938, 0.2701, 0.5569, 0.2462, 0.7307, 0.6922, 0.4622, 0.4715, 0.1922, 0.7108, 0.1066, 0.3574, 0.7458, 0.5018, 0.3114, 0.2462, 0.0825, 0.2258, 0.5275, 0.8796, 0.0581, 0.1744, 0.4601, 0.1165, 0.364, 0.188, 1.0179, 0.4209, 1.8428],
      [0.0027, 0, 0, 0.0099, 0, 0.0027, 0.0002, 0.0028, 0.0097, 0.0047, 0.0047, 0.0025, 0.0032, 0.002, 0, 0.0003, 0.0037, 0.0015, 0.0284, 0, 0.0012, 0, 0, 0.0043, 0, 0.0019, 0.0018, 0.0031, 0.0052, 0, 0.0044, 0.0004, 0.0039, 0.0034, 0.0009, 0.0053, 0, 0.009, 0.0059, 0.0009, 0.0013, 0, 0, 0.0004, 0.0015, 0.0064, 0.0015, 0.0001, 0.003, 0.016, 0.0104, 0.0086],
      [0.6776, 0.5838, 0.5593, 0.3552, 0.3859, 0.7804, 0.3257, 0.7391, 1.8778, 1.0958, 0.7506, 1.1057, 1.3944, 1.2175, 1.0434, 0.7429, 1.305, 1.1341, 4.1408, 1.7002, 0.2922, 0.528, 0.8845, 0.335, 0.5083, 0.972, 0.5839, 2.1084, 2.1283, 1.819, 1.3316, 0.5827, 1.5143, 0.5448, 0.4979, 1.6609, 0.8503, 1.0611, 0.4065, 0.208, 0.359, 1.1344, 1.2053, 0.2769, 0.4896, 1.2006, 0.2618, 0.6965, 1.3521, 1.5333, 1.1937, 5.1219],
      [3.7014, 3.224, 4.5627, 4.3689, 6.7294, 5.4452, 1.5084, 5.2234, 12.6898, 4.44, 3.2155, 5.6709, 3.6822, 4.5318, 3.2757, 2.1053, 3.7403, 4.1322, 9.3071, 12.0472, 1.8591, 4.6827, 5.7295, 2.975, 4.0719, 7.1764, 3.7352, 9.9557, 11.0302, 8.1477, 6.0437, 3.1414, 4.1311, 2.8512, 3.0549, 8.0744, 4.4403, 8.7523, 3.4404, 1.6534, 2.9678, 6.012, 5.7481, 1.6401, 3.7909, 4.9485, 2.5815, 4.5844, 4.5713, 8.6176, 11.2594, 22.7122],
      [3.1425, 3.5763, 4.0782, 4.5473, 7.1205, 5.9259, 1.7147, 5.1228, 14.7589, 3.6698, 4.4056, 6.4492, 4.5487, 5.87, 2.9434, 2.4258, 3.1547, 3.6604, 8.4129, 12.2244, 2.3764, 4.4967, 5.8556, 4.2455, 4.3119, 5.7447, 3.5772, 9.5173, 6.7222, 7.4826, 3.9358, 4.1589, 3.563, 4.0379, 3.875, 4.7132, 2.8111, 9.6637, 4.222, 1.3344, 2.6653, 7.5208, 7.9108, 1.6148, 2.1565, 6.5789, 4.0196, 6.2927, 6.1286, 9.3833, 9.8264, 28.8257],
      [0, 0, 0.0753, 0.0117, 0.0788, 0.0145, 0, 0.0496, 0.0716, 0, 0, 0, 0.0458, 0, 0.0088, 0.0066, 0, 0.014, 0.031, 0.0263, 0, 0, 0.0216, 0.0255, 0.0117, 0.0159, 0.032, 0, 0.0653, 0.0872, 0, 0.0109, 0.0107, 0, 0.0474, 0, 0, 0.1046, 0.1045, 0, 0.011, 0.019, 0.0272, 0, 0, 0, 0.0088, 0.0293, 0, 0.0599, 0.0592, 0.0662]
    ],
    [
      [0, 0.004, 0, 0, 0.0007, 0.0034, 0.0017, 0, 0, 0, 0, 0.0011, 0.0099, 0.0082, 0, 0, 0.0165, 0.0079, 0.0259, 0.0035, 0.0158, 0, 0, 0.0181, 0.0249, 0.0001, 0.001, 0, 0.0105, 0, 0, 0, 0.0037, 0, 0, 0, 0.0007, 0.0003, 0, 0, 0, 0, 0, 0.0024, 0, 0, 0, 0, 0, 0.0001, 0.001, 0],
      [2.9786, 4.2629, 1.9159, 4.1433, 1.8133, 9.488, 6.6042, 11.8584, 15.3258, 17.7273, 19.8891, 15.0514, 11.7368, 16.4255, 10.068, 10.3121, 17.8403, 16.9631, 15.6179, 37.0742, 30.6726, 22.4576, 27.6985, 16.2692, 31.2962, 10.3135, 11.018, 14.2967, 15.5505, 17.971, 7.6797, 8.3136, 10.4219, 6.2752, 7.8819, 3.5927, 3.9181, 3.8584, 3.9571, 6.4393, 4.1839, 1.7862, 3.6194, 4.4464, 4.0745, 5.2595, 2.3234, 2.3364, 1.9092, 4.7315, 3.2688, 46.6686],
      [0.0143, 0.0376, 0.0033, 0.0106, 0.0036, 0.049, 0.0311, 0.0449, 0.0441, 0.027, 0.0835, 0.0334, 0.033, 0.045, 0.0316, 0.0361, 0.045, 0.0286, 0.0672, 0.0173, 0.1029, 0, 0, 0.066, 0.0222, 0.0178, 0.03, 0.0389, 0.0352, 0, 0.0111, 0.0199, 0.0164, 0.0227, 0.0094, 0.0048, 0.008, 0.0185, 0.0119, 0.0268, 0.0061, 0.001, 0.0027, 0.0275, 0.0128, 0.0118, 0.0067, 0.0034, 0.0055, 0.0077, 0.0166, 0.1125],
      [1.4261, 2.0186, 0.3631, 0.3715, 0.2501, 2.4205, 2.2223, 2.5311, 2.914, 2.7406, 6.1036, 2.1931, 5.101, 4.4731, 3.466, 3.9294, 4.1061, 2.8678, 6.64, 4.7805, 4.1088, 2.6298, 3.5618, 2.2635, 4.7281, 1.4507, 2.0891, 3.3491, 3.8848, 5.7948, 1.7537, 2.0291, 1.7492, 2.5443, 0.8774, 0.6413, 0.5218, 1.0583, 0.5088, 1.338, 0.4809, 0.2877, 0.3511, 1.6716, 0.9073, 1.0666, 0.3832, 0.3375, 1.011, 0.5196, 0.7485, 10.6355],
      [4.2706, 6.0964, 1.594, 2.2665, 1.7695, 9.1754, 5.5977, 9.7373, 10.6409, 6.0473, 14.2364, 6.1225, 7.3219, 9.0487, 5.9378, 6.0905, 6.4899, 5.6885, 7.9586, 18.4841, 14.5036, 12.7589, 12.6037, 10.9863, 20.9791, 5.8144, 7.2666, 8.6058, 10.9462, 14.0863, 4.2963, 5.9547, 2.5988, 7.2643, 2.9117, 1.6737, 1.4694, 4.6221, 2.278, 5.7925, 2.1608, 0.8349, 0.9173, 5.3989, 3.8143, 2.3899, 2.0164, 1.1832, 1.8607, 1.5922, 3.6864, 25.7255],
      [0.3104, 0.5806, 0.1237, 0.2078, 0.1627, 0.8618, 0.543, 0.8282, 1.0691, 0.4579, 1.6874, 0.5985, 0.7965, 0.9995, 0.493, 0.6278, 0.5022, 0.4359, 0.685, 1.6331, 1.5964, 1.1536, 1.0955, 1.3793, 1.9254, 0.4018, 0.5923, 0.7095, 0.5698, 1.1479, 0.2592, 0.681, 0.2087, 0.8935, 0.3196, 0.0875, 0.0819, 0.4425, 0.2442, 0.4034, 0.1672, 0.0902, 0.1093, 0.4533, 0.191, 0.2723, 0.27, 0.139, 0.2135, 0.1473, 0.2778, 2.8579],
      [0, 0, 0, 0.0003, 0, 0.0018, 0, 0, 0.006, 0, 0, 0, 0.0009, 0, 0.0035, 0.0041, 0, 0.0081, 0.0054, 0.0073, 0, 0, 0.0406, 0.0175, 0.0241, 0.0017, 0.0031, 0, 0.003, 0, 0, 0.0017, 0.0013, 0, 0, 0, 0, 0, 0, 0, 0.001, 0, 0.0002, 0, 0, 0, 0.0003, 0.0004, 0, 0.0016, 0.0009, 0]
    ],
    [
      [0, 0.0026, 0, 0, 0.0013, 0.0022, 0.0015, 0, 0, 0, 0, 0, 0.0049, 0.0105, 0, 0, 0.0443, 0.0209, 0.119, 0.0019, 0.0154, 0, 0, 0.0079, 0.0139, 0, 0.0013, 0, 0.0222, 0.0124, 0, 0, 0.0196, 0, 0, 0, 0.018, 0, 0, 0, 0, 0, 0, 0.0037, 0, 0, 0, 0, 0, 0, 0.0007, 0],
      [3.5752, 3.4469, 10.1564, 4.0791, 3.5155, 8.6336, 12.1187, 18.11, 28.4385, 27.8291, 33.1352, 18.8873, 6.5574, 25.8152, 17.1084, 13.9611, 24.6895, 25.2165, 24.6832, 32.9454, 32.0586, 30.7854, 25.5939, 12.3006, 26.3656, 28.0784, 15.6932, 19.9581, 22.3126, 15.0616, 16.9349, 20.9209, 20.7603, 15.6422, 32.1889, 21.6665, 20.5821, 6.5325, 4.9282, 33.7753, 1.962, 6.5379, 3.54, 5.9091, 8.4004, 9.7006, 0.5571, 4.8824, 0.3111, 4.0369, 3.2911, 79.9558],
      [0.3825, 0.822, 0.47, 0.2095, 0.1657, 1.0163, 1.4803, 1.4769, 1.7629, 1.0244, 3.3025, 0.9567, 0.3523, 1.5835, 1.6756, 1.2907, 1.0066, 0.9576, 1.6702, 0.8935, 1.6519, 0.693, 0.5432, 0.7517, 0.983, 1.098, 0.894, 1.2663, 1.057, 0.3777, 0.4031, 1.2009, 0.6235, 1.3787, 0.8606, 0.6378, 1.2085, 0.7025, 0.3097, 2.9024, 0.0622, 0.1575, 0.0706, 0.8791, 0.5751, 0.4574, 0.0353, 0.1678, 0.0209, 0.1398, 0.3776, 4.3845],
      [6.1278, 5.8409, 6.8202, 1.3099, 1.7078, 7.8473, 14.5536, 13.7365, 19.2128, 15.3378, 36.1845, 9.7733, 10.3246, 25.037, 21.142, 19.1181, 20.4744, 15.2402, 37.5501, 15.1702, 15.5054, 13.1141, 11.7259, 6.4033, 14.4134, 13.9933, 10.5716, 16.6237, 19.823, 17.3793, 13.8449, 18.1467, 12.5107, 22.6177, 12.7198, 13.7705, 9.747, 6.356, 2.248, 24.844, 0.7966, 3.741, 1.225, 7.9317, 6.6391, 7.0446, 0.3222, 2.5039, 0.612, 1.5795, 2.6726, 64.572],
      [0.8979, 0.8662, 1.4872, 0.3886, 0.5902, 1.4648, 1.8062, 2.6122, 3.4805, 1.7004, 4.2166, 1.3522, 0.7314, 2.4984, 1.8705, 1.5068, 1.669, 1.5082, 2.5859, 2.9122, 2.6847, 3.1762, 2.067, 1.4661, 3.1305, 2.7735, 1.808, 2.1087, 2.7604, 2.0999, 1.6866, 2.6277, 0.975, 3.1983, 2.1274, 1.7599, 1.373, 1.3715, 0.4948, 5.3475, 0.1755, 0.5375, 0.1584, 1.2532, 1.3516, 0.7751, 0.0826, 0.4302, 0.0545, 0.2385, 0.645, 7.8015],
      [0.0166, 0.0214, 0.0661, 0.0127, 0.0194, 0.0346, 0.0398, 0.0644, 0.0865, 0.1083, 0.1612, 0.0305, 0.0289, 0.0554, 0.1881, 0.1112, 0.1162, 0.0341, 0.3665, 0.0716, 0.084, 0.2313, 0.0379, 0.0624, 0.0796, 0.0459, 0.026, 0.0432, 0.0182, 0.069, 0.1305, 0.0932, 0.1038, 0.1631, 0.1034, 0.1653, 0.0714, 0.0376, 0.0193, 0.1308, 0.0035, 0.0257, 0.0058, 0.0233, 0.0339, 0.0223, 0.0027, 0.0139, 0.0015, 0.0041, 0.0125, 0.2862],
      [0, 0, 0, 0.0002, 0, 0.0014, 0, 0, 0.0189, 0, 0, 0, 0.0004, 0, 0.0155, 0.0121, 0, 0.0223, 0.0251, 0.0051, 0, 0, 0.032, 0.008, 0.014, 0.0108, 0.0059, 0, 0.0067, 0, 0, 0.0107, 0.007, 0, 0, 0, 0, 0, 0, 0, 0.0002, 0.0003, 0.0002, 0, 0, 0, 0, 0.0018, 0, 0.0012, 0.0007, 0]
    ],
    [
      [0, 0.0048, 0, 0, 0.0024, 0.005, 0.0001, 0, 0, 0, 0, 0, 0.0079, 0.0019, 0, 0, 0.0762, 0.0116, 0.0986, 0.0025, 0.0045, 0, 0, 0.0184, 0.0121, 0, 0, 0, 0.0101, 0.0124, 0, 0, 0.0208, 0, 0, 0, 0.0175, 0, 0, 0, 0, 0, 0, 0.0015, 0, 0, 0, 0, 0, 0, 0.0031, 0],
      [0, 0.0008, 0.0184, 0.0487, 0.0234, 0.0375, 0.0313, 0.0811, 0.1589, 0, 0, 0.1225, 0.057, 0.1648, 0, 0.0438, 0.2377, 0.1112, 0.2074, 0.3168, 0.0875, 0.1347, 0.1333, 0.0927, 0.1721, 0.1669, 0.0556, 0.093, 0.1716, 0.1391, 0.1046, 0.0805, 0.1464, 0, 0.0755, 0.0749, 0.086, 0.0206, 0.0154, 0.1802, 0.0213, 0.0697, 0.0438, 0.0074, 0.0204, 0.0271, 0.0173, 0.0209, 0.0015, 0.0367, 0.0193, 0.2727],
      [16.4966, 13.3982, 11.1745, 14.3915, 6.7799, 25.5365, 23.1142, 42.8494, 59.2577, 109.6799, 153.1752, 35.5106, 15.1281, 49.8705, 65.15, 41.9967, 45.4995, 24.9404, 42.3135, 45.9826, 23.9441, 23.8172, 16.9842, 27.7498, 33.3164, 34.9617, 19.0646, 34.0802, 41.7695, 20.0987, 18.8955, 30.762, 26.1996, 34.0948, 12.704, 17.2704, 33.4107, 14.6621, 8.8922, 111.375, 4.9548, 10.816, 6.1596, 8.7028, 10.8883, 9.5337, 7.812, 4.8263, 0.6828, 9.2521, 13.3688, 284.4538],
      [4.4755, 1.5799, 2.761, 1.4982, 1.1633, 3.3902, 3.8354, 6.9988, 11.4549, 29.2381, 30.2102, 6.3429, 7.7576, 13.9261, 13.8667, 10.6222, 16.8372, 6.8902, 17.7314, 13.5589, 3.9311, 6.8705, 5.8326, 4.0042, 8.3909, 7.8175, 3.8604, 7.8008, 13.9888, 14.6356, 11.8432, 8.0983, 9.4475, 9.7741, 3.1942, 6.5795, 4.3741, 2.29, 1.0719, 17.0584, 1.0147, 4.0713, 1.7861, 1.2822, 2.0786, 2.4307, 1.1522, 1.1448, 0.3148, 1.7013, 1.5884, 76.4451],
      [0.0239, 0.013, 0.0239, 0.0285, 0.0185, 0.0229, 0.0191, 0.0465, 0.0851, 0.3403, 0.3623, 0.024, 0.0304, 0.0367, 0.3633, 0.1435, 0.1946, 0.0293, 0.3566, 0.1125, 0.027, 0.1029, 0.0388, 0.0678, 0.082, 0.042, 0.0157, 0.0227, 0.05, 0.0812, 0.0594, 0.0299, 0.0846, 0.0542, 0.0194, 0.0168, 0.0399, 0.0184, 0.0092, 0.226, 0.007, 0.0188, 0.006, 0.0061, 0.0019, 0.0074, 0.0107, 0.0055, 0.0008, 0.006, 0.0132, 0.3815],
      [0.004, 0.0033, 0.0222, 0.0318, 0.0125, 0.0047, 0, 0.0242, 0.0095, 0.7417, 0.2523, 0, 0.0183, 0, 0.5639, 0.1675, 0.1547, 0.005, 0.2716, 0.0197, 0.0059, 0.0747, 0.0006, 0.0484, 0.0142, 0.0023, 0, 0.0032, 0, 0.033, 0.0973, 0.0205, 0.0937, 0.0769, 0.0069, 0.0584, 0.0717, 0.009, 0.0112, 0.1604, 0.0015, 0.0236, 0.0039, 0, 0.0109, 0.0012, 0.0068, 0.0016, 0.0001, 0, 0.004, 0.4468],
      [0, 0, 0, 0.0013, 0, 0.0032, 0, 0, 0.0339, 0, 0, 0, 0.0007, 0, 0.0561, 0.0263, 0, 0.0123, 0.0208, 0.0069, 0, 0, 0.0106, 0.0187, 0.0122, 0.0095, 0.0037, 0, 0.0099, 0, 0, 0.0088, 0.0074, 0, 0, 0, 0, 0, 0, 0, 0.0008, 0.0007, 0.0006, 0, 0, 0, 0.0009, 0.001, 0, 0.0039, 0.0032, 0]
    ],
    [
      [0.1856, 0.6192, 0, 0, 0.9587, 0.391, 0.1918, 0.1203, 0.2016, 0, 0, 0.3951, 0.4532, 0.2709, 0, 0, 0.6153, 0.4052, 0.9359, 0.4233, 0.4138, 0, 0.1301, 0.5371, 0.6868, 0.2519, 0.2046, 0.2107, 0.8543, 0.5119, 0, 0.3626, 0.3734, 0.2514, 0, 0, 0.1919, 0.5303, 0, 0.2762, 0.0499, 0, 0.096, 0.2621, 0, 0, 0.0786, 0.1731, 0.0319, 0.1751, 0.2471, 0],
      [0.3392, 0.1953, 0.7614, 2.6333, 1.042, 1.3611, 1.0156, 2.2407, 2.7797, 4.2124, 2.1039, 3.8233, 1.6877, 1.834, 1.6702, 1.8078, 3.9387, 3.7127, 3.5851, 4.7829, 2.6849, 2.4013, 2.6709, 1.7906, 3.4792, 3.1817, 1.6751, 2.5361, 3.649, 1.9097, 1.7302, 2.1854, 4.237, 0.9662, 2.8969, 1.8841, 2.3506, 1.2145, 1.2484, 2.0952, 1.1185, 1.3851, 2.4136, 0.5427, 0.838, 1.2209, 0.6697, 1.0787, 0.4412, 1.8689, 0.7741, 11.0822],
      [1.7775, 3.3815, 1.2016, 3.3951, 1.0611, 3.5479, 2.6478, 3.999, 3.717, 3.7942, 4.5024, 4.2611, 1.9198, 2.3713, 5.0373, 3.4237, 3.5292, 3.1338, 4.7301, 2.5212, 3.0181, 0.9556, 1.0573, 2.4391, 2.3941, 2.6719, 2.1091, 3.4383, 3.7567, 0.5783, 1.2254, 2.6812, 2.9505, 2.5955, 1.7681, 1.4992, 2.8887, 3.7294, 1.9763, 4.0478, 0.8703, 0.7261, 1.1643, 2.155, 1.5163, 1.3481, 1.0673, 0.8599, 0.6915, 1.5922, 2.0514, 13.7824],
      [9.1935, 8.5319, 5.6943, 3.5356, 1.1237, 8.6716, 8.8299, 11.6267, 12.7499, 18.6106, 16.3359, 14.2981, 16.8645, 12.2737, 21.461, 16.2625, 20.7162, 15.958, 28.0832, 14.8033, 8.6384, 6.3456, 8.4072, 4.8544, 11.5654, 10.9481, 7.999, 14.9178, 21.881, 14.4532, 11.419, 13.4361, 17.4695, 14.2767, 8.4171, 9.8926, 8.1108, 9.8019, 4.1074, 9.8931, 3.4591, 5.9902, 6.7025, 6.4851, 5.6369, 6.6838, 2.761, 4.104, 6.3789, 5.7269, 4.367, 66.825],
      [72.5208, 69.0358, 69.6268, 99.4031, 71.5674, 90.9246, 59.8716, 123.0467, 128.2546, 112.0839, 102.5783, 107.3636, 67.9997, 67.2425, 105.2795, 71.233, 95.0879, 87.3315, 106.1869, 157.2992, 84.51, 90.5018, 80.9155, 77.8949, 147.8439, 120.0493, 75.2475, 102.9144, 168.7184, 97.0035, 81.3654, 106.6092, 75.8331, 109.6487, 76.8928, 72.5128, 62.9396, 124.934, 53.9017, 123.4549, 43.2617, 46.8481, 47.1824, 56.1667, 62.7957, 40.4342, 43.7353, 40.2373, 31.9873, 47.4881, 62.0343, 431.4919],
      [4.9834, 6.2364, 5.7159, 9.9596, 7.247, 8.0552, 5.4433, 9.9665, 12.1253, 8.299, 11.4796, 9.8589, 7.0623, 7.0076, 9.3727, 7.1795, 7.1127, 6.2938, 9.3477, 13.0992, 8.7348, 7.7957, 6.6188, 9.3122, 12.8084, 7.7892, 5.7043, 7.9827, 8.0056, 7.5434, 5.2599, 11.6173, 6.0709, 13.2615, 8.0251, 4.2114, 3.5184, 11.7738, 5.7664, 8.2328, 3.1829, 5.0401, 5.4034, 4.3883, 3.213, 4.3131, 5.6547, 4.4746, 3.4692, 4.0298, 4.4485, 45.8186],
      [0, 0, 0, 0.0733, 0, 0.0487, 0, 0, 0.1719, 0, 0, 0, 0.0128, 0, 0.1793, 0.0935, 0, 0.165, 0.1312, 0.0709, 0, 0, 0.2003, 0.1716, 0.2222, 0.1078, 0.0604, 0, 0.135, 0, 0, 0.1082, 0.0656, 0, 0, 0, 0, 0.0161, 0, 0, 0.0576, 0.0104, 0.0379, 0, 0, 0, 0.0335, 0.0725, 0, 0.119, 0.0775, 0]
    ],
    [
      [8.3278, 7.8095, 20.5276, 17.4859, 9.4793, 16.3112, 6.9759, 9.4953, 9.3717, 3.9559, 4.2844, 12.3867, 14.5193, 9.8258, 2.1588, 5.7655, 10.4552, 8.719, 11.2193, 11.6181, 7.9269, 10.1948, 4.1691, 7.6587, 8.8275, 11.3028, 7.0458, 8.4824, 11.643, 13.6221, 3.1409, 16.0107, 9.3756, 16.6255, 4.9684, 4.9713, 7.5218, 21.9926, 16.7982, 9.4482, 13.0081, 21.0768, 17.1235, 8.0096, 3.9505, 4.1283, 7.2617, 9.78, 5.1143, 6.9215, 11.1911, 35.8592],
      [0, 0, 0.2643, 0.4773, 0.1615, 0.1266, 0.0769, 0.2729, 0.3115, 0.985, 0.3347, 0.2858, 0.4974, 0.2701, 1.7328, 0.5188, 0.4812, 0.2566, 0.8136, 0.4723, 0.1986, 0.6313, 0.174, 0.1934, 0.2663, 0.4709, 0.188, 0.2363, 0.343, 0.3177, 0.8454, 0.2005, 0.3206, 0, 0.4621, 0.7346, 0.3455, 0, 0.3838, 0.1537, 0.3669, 0.4255, 0.2897, 0, 0.2946, 0.1669, 0.2386, 0.2301, 0.0975, 0.1693, 0.1098, 3.1419],
      [0.5264, 0.6275, 0.5316, 1.6543, 0.2395, 1.7001, 0.7186, 1.3109, 1.0336, 1.0712, 0.9782, 1.2016, 1.0176, 0.8489, 1.2312, 0.9212, 1.3185, 0.9528, 1.8338, 0.4326, 0.7097, 0.0163, 0.1167, 0.6133, 0.3072, 1.0733, 0.753, 0.9549, 1.0259, 0.0483, 0.5635, 0.6338, 1.4872, 0.4899, 0.4789, 1.1706, 0.9971, 1.7139, 1.7902, 0.8876, 0.702, 0, 0.5591, 0.8772, 0.8119, 0.6634, 0.9819, 0.3395, 0.4725, 0.6586, 1.2779, 5.0861],
      [5.1657, 4.9177, 5.7752, 0.2069, 0, 7.2692, 6.1508, 6.8524, 6.3478, 9.1626, 5.5624, 8.1396, 11.5722, 8.55, 11.1042, 9.604, 12.3638, 9.6367, 14.792, 7.5951, 3.279, 2.5344, 3.3591, 0.9378, 3.742, 8.5855, 5.305, 8.582, 11.8613, 9.3047, 8.3319, 7.0493, 13.3952, 6.5498, 4.2971, 12.8373, 9.278, 5.741, 2.4363, 3.9002, 4.2346, 8.5074, 7.5364, 5.9323, 5.7919, 5.4807, 0.0332, 3.1298, 6.9262, 4.1635, 4.0993, 48.3252],
      [5.43, 5.5395, 11.3071, 9.8165, 7.1671, 11.5527, 5.5916, 10.147, 9.1126, 7.6078, 4.7951, 8.1935, 8.2084, 6.3506, 8.2604, 6.8346, 8.8362, 7.3866, 10.6464, 11.675, 4.7172, 5.8981, 4.4886, 4.1831, 6.9817, 12.8609, 6.6224, 7.8974, 12.313, 9.324, 8.3589, 7.5156, 9.8148, 6.9538, 5.6165, 12.8355, 9.9444, 13.4273, 8.8403, 6.6727, 8.1935, 8.9438, 6.7153, 6.7394, 8.0432, 4.2517, 8.0181, 4.6508, 5.0451, 4.5156, 9.7902, 42.6031],
      [66.5502, 85.1057, 135.5942, 128.1463, 91.9525, 178.7443, 91.4863, 143.6825, 151.4262, 90.2175, 94.0451, 135.7927, 133.7532, 120.1545, 99.2984, 104.1261, 100.545, 93.782, 114.4601, 166.0369, 86.1686, 75.725, 65.5188, 80.1263, 103.6946, 150.4231, 93.7552, 110.847, 109.4444, 117.3732, 78.7594, 146.3045, 111.3963, 139.381, 100.1203, 113.4507, 90.9132, 202.0264, 146.7512, 77.9377, 104.0284, 157.8327, 139.3894, 96.4415, 72.1079, 83.3089, 163.0019, 94.4293, 94.3443, 73.2413, 122.0544, 769.645],
      [0, 0, 0, 0.2128, 0, 0.296, 0, 0.239, 0.3965, 0, 0, 0, 0.4319, 0, 0.2143, 0.2299, 0, 0.2663, 0.2349, 0.1701, 0, 0, 0.1737, 0.2873, 0.1808, 0.2836, 0.3306, 0, 0.3694, 0.01, 0, 0.2854, 0.2104, 0, 0.0567, 0, 0, 0.0989, 0, 0, 0.4666, 0.2139, 0.3866, 0, 0, 0, 0.4647, 0.4404, 0, 0.3303, 0.4774, 0.3394]
    ],
    [
      [12.1178, 14.0382, 28.9812, 34.1381, 27.1569, 18.7013, 10.4555, 13.8017, 14.6426, 11.823, 10.2914, 17.051, 19.9383, 11.8667, 6.3573, 10.6721, 17.4482, 10.3131, 12.3489, 19.021, 11.3262, 13.8823, 8.7462, 18.5389, 13.6087, 12.913, 9.9234, 10.6221, 20.1034, 16.8398, 4.6461, 19.7131, 15.1406, 23.6671, 5.8651, 5.2284, 7.8536, 27.3791, 21.6271, 17.5548, 13.1721, 40.1369, 20.5516, 10.311, 5.6624, 6.0661, 8.6493, 11.0139, 7.0967, 9.5314, 19.3269, 63.7182],
      [0, 0, 0.6501, 0.2874, 0.1593, 0.1079, 0.076, 0.1573, 0.1774, 0.6777, 0.3376, 0.2241, 0.2046, 0.1277, 0.1758, 0.1998, 0.3606, 0.2044, 0.2656, 0.3361, 0.1242, 0.2201, 0.1751, 0.1596, 0.1506, 0.2317, 0.1239, 0.1491, 0.2811, 0.1387, 0.2336, 0.1069, 0.403, 0.0098, 0.1373, 0.3013, 0.2158, 0.0627, 0.2209, 0.2738, 0.1216, 0.2679, 0.2139, 0.0363, 0.1977, 0.165, 0.0774, 0.0874, 0.0515, 0.1388, 0.1162, 1.0359],
      [2.8, 7.7333, 3.6191, 7.3292, 3.7502, 8.1474, 6.0078, 7.3161, 6.175, 9.3986, 6.9536, 7.0341, 4.546, 4.2788, 8.8744, 8.3313, 7.5975, 4.9852, 6.3568, 5.1528, 3.5722, 1.5178, 2.2987, 4.3757, 2.9771, 5.1754, 4.1476, 5.2183, 7.3504, 1.897, 1.8969, 3.7018, 8.7189, 3.4149, 2.1782, 3.4119, 8.487, 7.1646, 5.0138, 5.7595, 2.4033, 3.2994, 3.0437, 5.3579, 4.1942, 2.9792, 3.0953, 1.8031, 2.1238, 3.3336, 8.8974, 32.1721],
      [6.9338, 8.5272, 8.0269, 5.7227, 4.3692, 9.6209, 9.0824, 10.5153, 10.4428, 21.8145, 11.8527, 11.1472, 19.9857, 10.5225, 16.9167, 18.7208, 24.1973, 12.2729, 23.0625, 13.3917, 5.2452, 3.9775, 7.2289, 5.2017, 6.6519, 10.2328, 7.591, 10.6181, 21.4328, 12.6133, 10.4756, 8.6577, 26.9137, 8.6927, 4.9964, 11.618, 10.1181, 9.6918, 5.2212, 7.7583, 4.6553, 13.2681, 8.1937, 7.4203, 7.4566, 7.0931, 4.0864, 4.0836, 9.405, 5.7759, 9.3305, 74.0753],
      [4.1554, 5.225, 7.3982, 8.7278, 9.1577, 7.4144, 4.6054, 8.1868, 7.7365, 9.7803, 5.5959, 6.2733, 6.026, 4.2913, 6.0128, 6.0863, 7.9821, 4.9237, 5.9585, 10.4699, 3.6983, 3.8793, 5.157, 5.4268, 5.9109, 8.2835, 5.3046, 5.4953, 12.1818, 6.2574, 5.1898, 5.1216, 8.5626, 5.0295, 3.3772, 6.1269, 5.7933, 8.8744, 5.0357, 6.853, 4.2338, 7.8049, 4.2725, 4.7956, 6.2025, 3.1933, 4.5554, 2.9086, 3.4802, 3.542, 9.5715, 36.2843],
      [11.993, 19.4762, 22.3997, 30.0945, 31.4854, 27.3736, 17.7729, 27.3114, 30.5246, 27.5059, 25.9688, 24.2703, 24.792, 18.9131, 18.1405, 23.3621, 22.4145, 14.7888, 17.4561, 35.9151, 16.0339, 12.523, 17.8728, 25.8259, 21.1659, 22.5928, 17.3451, 17.8971, 25.2399, 19.3509, 11.5579, 23.1245, 24.5636, 24.186, 14.5499, 12.3135, 12.5324, 33.0471, 20.9857, 18.8006, 12.9511, 33.467, 20.1775, 16.079, 12.2867, 14.5033, 24.0443, 13.6488, 15.8427, 13.1941, 28.3764, 156.1198],
      [0, 0, 3.9247, 0.7004, 3.9212, 0.6344, 0, 2.7114, 1.3012, 0, 0, 0, 2.5075, 0, 0.5225, 0.6275, 0, 0.512, 0.5516, 0.7134, 0, 0, 0.5213, 1.4714, 0.5349, 0.5707, 1.5644, 0, 2.4107, 2.9029, 0, 0.5743, 0.6976, 0, 1.8959, 0, 0, 3.7804, 3.8955, 0, 0.4628, 0.7558, 0.5472, 0, 0, 0, 0.4918, 0.4545, 0, 0.4843, 1.3811, 3.5944]
    ]
  ],
  "V_est": [
    [275.7127, 21.9957, 0.1797, 55.5579, 287.9819, 297.3204, 1.2517],
    [0.1613, 591.5858, 1.3632, 126.2012, 353.5677, 32.9859, 0.1349],
    [0.3243, 894.1267, 49.371, 678.5073, 94.6855, 3.7847, 0.2007],
    [0.3111, 4.2503, 1797.7491, 450.0126, 3.828, 3.5955, 0.2533],
    [13.0678, 115.7473, 139.5576, 607.579, 4751.2918, 419.3142, 2.4423],
    [545.8431, 20.336, 48.4116, 386.2357, 447.2348, 6494.8413, 8.0975],
    [821.5797, 10.9581, 287.3679, 606.9063, 348.4104, 1224.158, 47.6196]
  ],
  "p_est": [
    [0.2933, 0.0234, 0.0002, 0.0591, 0.3064, 0.3163, 0.0013],
    [0.0001, 0.5349, 0.0012, 0.1141, 0.3197, 0.0298, 0.0001],
    [0.0002, 0.5195, 0.0287, 0.3943, 0.055, 0.0022, 0.0001],
    [0.0001, 0.0019, 0.7955, 0.1991, 0.0017, 0.0016, 0.0001],
    [0.0022, 0.0191, 0.0231, 0.1004, 0.7855, 0.0693, 0.0004],
    [0.0687, 0.0026, 0.0061, 0.0486, 0.0562, 0.8169, 0.001],
    [0.2455, 0.0033, 0.0859, 0.1813, 0.1041, 0.3657, 0.0142]
  ],
  "EI_Z": {},
  "EI_V": 11.527,
  "MAE_Z": {},
  "MAE_V": 109.9725,
  "MAE_p": 0.05,
  "runtime": 0.063
}
