{
  "X": [
    [2, 7, 78, 56, 14],
    [1, 3, 7, 14, 3],
    [2, 1, 28, 20, 6],
    [2, 7, 42, 7, 2],
    [0, 2, 28, 19, 3],
    [4, 5, 84, 54, 14],
    [0, 3, 49, 22, 8],
    [4, 10, 85, 50, 8],
    [19, 21, 260, 330, 45],
    [14, 6, 100, 91, 7],
    [23, 71, 293, 347, 84],
    [36, 65, 311, 396, 124],
    [7, 3, 65, 56, 12],
    [1, 2, 41, 35, 1],
    [4, 8, 68, 38, 7],
    [0, 3, 40, 27, 4],
    [2, 5, 33, 26, 5],
    [0, 0, 34, 16, 6],
    [12, 7, 48, 75, 14],
    [6, 9, 72, 140, 23],
    [5, 8, 107, 80, 18],
    [2, 5, 49, 42, 10],
    [3, 5, 47, 14, 3],
    [4, 2, 58, 39, 6],
    [4, 2, 49, 46, 10],
    [2, 8, 4, 32, 4],
    [5, 6, 70, 73, 21],
    [9, 10, 49, 81, 15],
    [2, 3, 44, 16, 2],
    [5, 3, 39, 73, 15],
    [8, 3, 62, 53, 14],
    [2, 16, 47, 162, 25],
    [3, 9, 37, 32, 9],
    [39, 49, 397, 418, 83],
    [8, 3, 61, 34, 11],
    [12, 5, 116, 107, 24],
    [2, 1, 34, 18, 4],
    [4, 5, 58, 41, 3],
    [12, 19, 84, 107, 24],
    [1, 5, 43, 26, 3],
    [22, 28, 156, 390, 67],
    [23, 33, 229, 420, 64],
    [13, 10, 107, 298, 29],
    [19, 21, 114, 261, 58],
    [10, 8, 85, 134, 27],
    [16, 14, 93, 240, 33],
    [26, 17, 218, 265, 15],
    [18, 26, 116, 337, 44],
    [30, 10, 186, 309, 34],
    [30, 24, 96, 361, 52],
    [41, 29, 198, 495, 83],
    [51, 54, 290, 875, 122],
    [38, 26, 169, 489, 69],
    [24, 25, 209, 298, 51],
    [38, 20, 209, 453, 54],
    [37, 38, 150, 514, 85],
    [49, 36, 399, 544, 82],
    [17, 23, 138, 287, 44],
    [35, 26, 203, 245, 35],
    [51, 24, 453, 584, 81],
    [35, 25, 127, 436, 49],
    [6, 18, 53, 112, 26],
    [28, 33, 209, 373, 58],
    [14, 14, 124, 188, 34],
    [17, 24, 136, 260, 38],
    [5, 5, 82, 21, 4],
    [18, 18, 107, 322, 38],
    [4, 6, 61, 50, 7],
    [0, 1, 35, 17, 4],
    [13, 8, 82, 242, 32],
    [25, 31, 150, 434, 71],
    [37, 33, 239, 635, 97],
    [1, 4, 43, 33, 15],
    [5, 16, 100, 135, 25],
    [7, 18, 64, 78, 14],
    [6, 3, 141, 258, 39],
    [23, 59, 463, 640, 104],
    [8, 13, 109, 203, 38],
    [61, 93, 453, 692, 142],
    [4, 8, 46, 75, 6]
  ],
  "W": [
    [16, 8, 38, 66, 14, 8, 7],
    [4, 3, 11, 5, 0, 2, 3],
    [13, 0, 11, 18, 5, 5, 5],
    [6, 5, 3, 39, 2, 3, 2],
    [1, 1, 13, 30, 4, 0, 3],
    [16, 4, 39, 57, 21, 7, 17],
    [6, 7, 14, 35, 6, 7, 7],
    [17, 6, 34, 65, 11, 11, 13],
    [48, 28, 280, 180, 54, 45, 40],
    [14, 8, 84, 78, 9, 17, 8],
    [32, 73, 282, 221, 101, 46, 63],
    [47, 62, 337, 239, 106, 57, 84],
    [8, 5, 49, 55, 9, 7, 10],
    [7, 3, 25, 35, 5, 4, 1],
    [11, 9, 25, 45, 13, 15, 7],
    [2, 1, 21, 32, 7, 8, 3],
    [8, 1, 17, 34, 3, 4, 4],
    [7, 3, 7, 30, 5, 2, 2],
    [8, 13, 67, 34, 15, 15, 4],
    [14, 12, 120, 55, 30, 8, 11],
    [18, 11, 61, 82, 12, 16, 18],
    [7, 7, 33, 37, 11, 5, 8],
    [11, 3, 9, 40, 4, 3, 2],
    [4, 3, 32, 50, 11, 5, 4],
    [6, 5, 36, 45, 1, 11, 7],
    [1, 6, 27, 6, 3, 4, 3],
    [18, 10, 57, 52, 21, 9, 8],
    [17, 9, 66, 36, 12, 12, 12],
    [7, 4, 10, 35, 6, 3, 2],
    [6, 5, 62, 37, 18, 2, 5],
    [9, 6, 40, 55, 6, 13, 11],
    [7, 14, 140, 29, 27, 5, 30],
    [9, 8, 24, 30, 12, 4, 3],
    [69, 40, 342, 298, 97, 64, 76],
    [6, 9, 27, 39, 18, 14, 4],
    [16, 6, 88, 89, 31, 10, 24],
    [10, 0, 9, 29, 6, 3, 2],
    [9, 6, 24, 49, 11, 6, 6],
    [12, 17, 90, 77, 10, 16, 24],
    [4, 4, 16, 36, 8, 8, 2],
    [23, 23, 368, 123, 52, 25, 49],
    [12, 30, 371, 167, 97, 30, 62],
    [6, 14, 257, 76, 40, 17, 47],
    [12, 22, 234, 89, 46, 35, 35],
    [16, 16, 103, 53, 33, 22, 21],
    [11, 23, 215, 69, 37, 17, 24],
    [20, 18, 222, 174, 41, 41, 25],
    [14, 28, 295, 71, 50, 32, 51],
    [25, 18, 274, 128, 47, 43, 34],
    [19, 29, 332, 57, 35, 33, 58],
    [40, 48, 448, 123, 51, 65, 71],
    [25, 50, 821, 202, 116, 75, 103],
    [18, 39, 447, 116, 58, 43, 70],
    [12, 25, 273, 169, 43, 38, 47],
    [17, 28, 421, 134, 60, 54, 60],
    [18, 47, 449, 125, 75, 37, 73],
    [56, 58, 470, 292, 87, 86, 61],
    [22, 38, 240, 91, 39, 30, 49],
    [31, 33, 200, 141, 57, 54, 28],
    [46, 32, 519, 320, 118, 89, 69],
    [10, 32, 392, 98, 43, 48, 49],
    [6, 11, 107, 29, 20, 11, 31],
    [36, 40, 303, 163, 61, 48, 50],
    [15, 19, 148, 108, 48, 16, 20],
    [15, 38, 223, 96, 29, 27, 47],
    [10, 4, 13, 70, 7, 10, 3],
    [21, 28, 269, 77, 37, 32, 39],
    [10, 6, 29, 51, 13, 7, 12],
    [3, 1, 14, 35, 1, 3, 0],
    [16, 15, 199, 63, 33, 15, 36],
    [22, 41, 361, 118, 74, 31, 64],
    [22, 46, 494, 210, 114, 66, 89],
    [10, 5, 19, 40, 9, 6, 7],
    [7, 20, 121, 73, 24, 13, 23],
    [15, 21, 44, 60, 25, 6, 10],
    [5, 1, 233, 131, 42, 12, 23],
    [79, 68, 546, 355, 117, 59, 65],
    [12, 21, 174, 100, 36, 7, 21],
    [82, 128, 531, 384, 87, 104, 125],
    [4, 12, 60, 45, 7, 2, 9]
  ],
  "method": "mvn_pdf",
  "cond_prob": [
    [
      [0.00048897326629, 0.060429035671, 0.69374729742, 0.13287294144, 0.1124617522],
      [0.0018360700617, 0.45736661445, 0.02123205152, 0.31225741664, 0.20730784733],
      [0.011316381912, 0.00042169870846, 0.017980393762, 0.91830322087, 0.05197830475],
      [0.00081651432644, 0.015876147095, 0.85997938513, 0.089568876479, 0.033759076968],
      [0.0020248090687, 0.017720657454, 0.32507433986, 0.38429104525, 0.27088914837],
      [0.21422662139, 0.0077037483261, 0.58034978853, 0.16288789216, 0.034831949592],
      [0.0039715918669, 0.10739465126, 0.064299715772, 0.53444290734, 0.28989113375]
    ],
    [
      [0.00064747853185, 0.12106643265, 0.55471137029, 0.1748221195, 0.14875259903],
      [0.0012024777588, 0.62607573492, 0.0076940795597, 0.21803785434, 0.14698985342],
      [0.010131547782, 0.00056006169413, 0.008570979717, 0.93406164058, 0.046675770225],
      [0.0011849764849, 0.032488802116, 0.79572074396, 0.12458118881, 0.046024288633],
      [0.0022171591253, 0.029391443867, 0.19609366607, 0.44844685579, 0.32385087514],
      [0.35362711942, 0.012900620385, 0.40068230616, 0.19355982285, 0.039230131187],
      [0.0035558164917, 0.15729613139, 0.031199716753, 0.52236548882, 0.28558284655]
    ],
    [
      [0.00076050757535, 0.033378231238, 0.68256934109, 0.16011279494, 0.12317912516],
      [0.0031356568466, 0.29491940362, 0.022586080692, 0.4239716878, 0.25538717105],
      [0.01399425941, 0.0001837792806, 0.013699299225, 0.92702859847, 0.04509406361],
      [0.0012658524638, 0.0087303104948, 0.84682718654, 0.10681920221, 0.036357448286],
      [0.0028454304364, 0.0088208088114, 0.28491205621, 0.42867201011, 0.27474969443],
      [0.32090176598, 0.0035706436991, 0.47788690317, 0.16590574824, 0.031734938915],
      [0.0055085051801, 0.052205252907, 0.055269750917, 0.59585158825, 0.29116490275]
    ],
    [
      [0.0012187509899, 0.15019889053, 0.72248175332, 0.075074536652, 0.051026068511],
      [0.002643333671, 0.82528567469, 0.012595880303, 0.10390488771, 0.055570223628],
      [0.046624850638, 0.0016438639626, 0.029206116509, 0.88473487578, 0.037790293114],
      [0.0020293985608, 0.038129773713, 0.89455242421, 0.050130536517, 0.015157867004],
      [0.0069223931006, 0.059476387482, 0.45993198456, 0.30229959014, 0.17136964472],
      [0.55433633562, 0.011380170248, 0.36807501648, 0.056564829526, 0.0096436481269],
      [0.012322736361, 0.3515339259, 0.081334892946, 0.38675179967, 0.16805664513]
    ],
    [
      [0.00016534437492, 0.071226464323, 0.709686972, 0.1402574125, 0.078663806806],
      [0.00050010198966, 0.6004618204, 0.016659959812, 0.26598019642, 0.11639792138],
      [0.0034812792008, 0.00043148710003, 0.015856319753, 0.94710679393, 0.033124120014],
      [0.00026649774924, 0.017651989088, 0.86776649268, 0.091555373773, 0.022759646707],
      [0.00073027393942, 0.021202209258, 0.33818404663, 0.43651265209, 0.20337081809],
      [0.054290886653, 0.010455321657, 0.69573379305, 0.21045728504, 0.029062713606],
      [0.0013833406575, 0.13220697822, 0.063314942172, 0.59289307368, 0.21020166528]
    ],
    [
      [0.00077434415233, 0.035954976712, 0.82040583131, 0.077376981601, 0.065487866222],
      [0.0048200355823, 0.45237504479, 0.041399686553, 0.30137170524, 0.20003352784],
      [0.029939731522, 0.00041827224319, 0.035109477682, 0.88408979846, 0.050442720095],
      [0.0011775391766, 0.0086457294083, 0.92462824306, 0.047568988069, 0.017979500286],
      [0.0041203471061, 0.013590582883, 0.49382764885, 0.28662136027, 0.20184006089],
      [0.30491735165, 0.003987036713, 0.59136031373, 0.082114246582, 0.017621051325],
      [0.010072525346, 0.10248222488, 0.12108178515, 0.49678960779, 0.26957385683]
    ],
    [
      [0.00019173155743, 0.021296892334, 0.84276719312, 0.06575156102, 0.069992621968],
      [0.0014718385368, 0.34420403631, 0.051724930878, 0.32669318112, 0.27590601316],
      [0.0082711838352, 0.00028904214923, 0.04008805026, 0.88928444857, 0.062067275185],
      [0.00028690663519, 0.0050479210854, 0.93619041576, 0.039681443768, 0.01879331275],
      [0.0010374447166, 0.0083566174937, 0.51363332309, 0.25179415733, 0.22517845737],
      [0.087480964798, 0.0030973877822, 0.79403022243, 0.090928463424, 0.024462961569],
      [0.0026868505537, 0.067542078033, 0.13277610053, 0.47163180833, 0.32536316256]
    ],
    [
      [0.00064393088884, 0.088077737511, 0.7577938938, 0.096622815261, 0.056861622541],
      [0.0023098061587, 0.65820796753, 0.022171924259, 0.21724760146, 0.1000627006],
      [0.020427486836, 0.00083896253963, 0.026850800559, 0.91570800957, 0.036174740498],
      [0.0010293850913, 0.022082911173, 0.89812294507, 0.062367874527, 0.016396884136],
      [0.0033327156723, 0.032206950216, 0.44450724372, 0.34935319223, 0.17059989817],
      [0.26710603285, 0.010505727731, 0.59457286297, 0.11121166912, 0.016603707329],
      [0.006796127149, 0.20565217073, 0.091235914211, 0.50610542282, 0.19021036509]
    ],
    [
      [0.00074174398393, 0.043553262255, 0.77489489466, 0.10832908886, 0.072481010236],
      [0.0038558609232, 0.43113160835, 0.033184419199, 0.34903151628, 0.18279659525],
      [0.021356365982, 0.00038153263702, 0.02539851655, 0.91100777973, 0.041855805099],
      [0.0011628022936, 0.010829783715, 0.89869279934, 0.068745587608, 0.020569027046],
      [0.0035502220831, 0.014826581074, 0.4231194085, 0.35905712894, 0.1994466594],
      [0.2777842883, 0.004997841021, 0.57878892638, 0.11827347669, 0.020155467605],
      [0.0078293514826, 0.099722721889, 0.094506321185, 0.5585430378, 0.23939856765]
    ],
    [
      [0.0019611791546, 0.036936137332, 0.82709496672, 0.08847188535, 0.045535831446],
      [0.012161621206, 0.46394867627, 0.041704137337, 0.34349286318, 0.13869270201],
      [0.065474432908, 0.00037166629896, 0.0307185059, 0.87301784052, 0.030417554369],
      [0.0029520416484, 0.0087896861034, 0.9220284298, 0.05383838195, 0.012391460495],
      [0.010533311429, 0.014086672358, 0.5030554292, 0.33096800275, 0.14135658426],
      [0.51761939796, 0.0027979300496, 0.40695333256, 0.064238429676, 0.0083909097529],
      [0.025283104345, 0.10439285018, 0.12128705574, 0.56351789498, 0.18551909476]
    ],
    [
      [0.00081235342899, 0.10338019334, 0.70123423671, 0.097867999282, 0.096705217238],
      [0.0026195845439, 0.63227774806, 0.018658504327, 0.19535449647, 0.15108966661],
      [0.02530064094, 0.00097954157157, 0.024912620468, 0.88843161244, 0.060375584581],
      [0.0013695703466, 0.027624204202, 0.87470511701, 0.066790974089, 0.029510134349],
      [0.0038404134161, 0.03475382474, 0.37856636372, 0.32012475443, 0.26271464368],
      [0.31266762457, 0.012168784965, 0.53792471393, 0.10964184143, 0.027597035101],
      [0.0074305203861, 0.20519966625, 0.074248608066, 0.43657996953, 0.27654123576]
    ],
    [
      [0.0011272528477, 0.098899505721, 0.65597454276, 0.1009211807, 0.14307751797],
      [0.0034639754139, 0.57510137339, 0.016648049285, 0.19185633548, 0.21293026644],
      [0.032995772456, 0.00088035797918, 0.021922666465, 0.8602839477, 0.083917255399],
      [0.0019815790794, 0.027558309103, 0.85312985798, 0.071814950658, 0.045515303183],
      [0.0047940789048, 0.029907057922, 0.31866950575, 0.29689630002, 0.3497330574],
      [0.39367094213, 0.010555600287, 0.45625000667, 0.10251173069, 0.037011720232],
      [0.0090848213328, 0.17280042731, 0.061249730899, 0.39640861482, 0.36045640564]
    ],
    [
      [0.00199914516, 0.02977133469, 0.78329438041, 0.093858881953, 0.091076257787],
      [0.011585091799, 0.34944106863, 0.036471861468, 0.34144056846, 0.26106140965],
      [0.061760325396, 0.00027526098621, 0.026375286486, 0.85596937977, 0.055619747364],
      [0.003111264012, 0.0073287923641, 0.90509189726, 0.058980918423, 0.025487127939],
      [0.0094889902281, 0.010048038946, 0.41785949961, 0.31069805374, 0.25190541748],
      [0.54974965622, 0.0021589818872, 0.36676344499, 0.065357506915, 0.015970409997],
      [0.021560636642, 0.070050827378, 0.094866637524, 0.50062031401, 0.31290158444]
    ],
    [
      [0.00047046412189, 0.034496088936, 0.75806221501, 0.16683811967, 0.040133112269],
      [0.0022484061327, 0.36575556856, 0.028747672364, 0.50848700759, 0.094761345359],
      [0.0087551526644, 0.00019182031308, 0.015256250146, 0.96086608282, 0.014930694055],
      [0.0007296593252, 0.0084211837146, 0.87537884693, 0.10422392811, 0.01124638192],
      [0.0020580457983, 0.010611012206, 0.36808597848, 0.51802034123, 0.10122462228],
      [0.20079414568, 0.0041216373504, 0.59037941708, 0.19296620858, 0.011738591302],
      [0.004128806614, 0.066016847503, 0.073359141399, 0.74570433139, 0.11079087309]
    ],
    [
      [0.00054128266154, 0.05580346537, 0.80400583331, 0.086141289123, 0.053508129534],
      [0.0026341093135, 0.57042987369, 0.031817186028, 0.2656532517, 0.12946557927],
      [0.018897801129, 0.00059435493998, 0.031355845039, 0.91135877727, 0.037793221624],
      [0.00083320643047, 0.013497257035, 0.91732695392, 0.053498346124, 0.014844236488],
      [0.0028904217731, 0.021225612094, 0.48659773226, 0.3227777512, 0.16650848268],
      [0.22630201886, 0.0068726440853, 0.64882704278, 0.10193168095, 0.016066613331],
      [0.006558833845, 0.15107433027, 0.11100668744, 0.52349245449, 0.20786769395]
    ],
    [
      [0.00021024083548, 0.10189085453, 0.74424041722, 0.092061634988, 0.061596852428],
      [0.00052196121737, 0.76418347376, 0.014950768921, 0.14454246473, 0.075801331365],
      [0.0067033029788, 0.00093719914643, 0.026097643036, 0.92615821502, 0.040103639819],
      [0.00034030173677, 0.02490837255, 0.89697423898, 0.059933953023, 0.017843133714],
      [0.0010905948523, 0.036264657439, 0.43375319865, 0.33926093186, 0.1896306172],
      [0.10102895164, 0.014511476011, 0.73000350031, 0.13214536655, 0.022310705481],
      [0.0021063333998, 0.24094621112, 0.083896265183, 0.47089088264, 0.20216030766]
    ],
    [
      [0.00075240280728, 0.2383161222, 0.49151964053, 0.16407823871, 0.10533359575],
      [0.00094038415139, 0.8026644426, 0.0050240011136, 0.12773420461, 0.063636967526],
      [0.013939196601, 0.0012200332324, 0.0099286959149, 0.93669789428, 0.038214179971],
      [0.0015402609845, 0.072755199936, 0.75289570874, 0.13463281035, 0.038176019985],
      [0.0030069270304, 0.063714174819, 0.21882682703, 0.46562416227, 0.24882790885],
      [0.37074353828, 0.02656409193, 0.38308947655, 0.18949802733, 0.030104865903],
      [0.0042699197083, 0.30523548812, 0.031380554607, 0.46848327432, 0.19063076325]
    ],
    [
      [0.00017187472668, 0.014647644321, 0.70360981771, 0.1495918189, 0.13197884434],
      [0.00086045194988, 0.14359548971, 0.027939475536, 0.48743966607, 0.34016491674],
      [0.0032361742497, 8.9158760884e-05, 0.014954178313, 0.93059415178, 0.051126336896],
      [0.0002811269282, 0.0038344973612, 0.85930094594, 0.098355103048, 0.038228326718],
      [0.00064388827392, 0.0039998980963, 0.29442084255, 0.40267230856, 0.29826306252],
      [0.070092081862, 0.0021812754544, 0.67153617329, 0.21017002354, 0.046020445851],
      [0.0012891202178, 0.023868508359, 0.05921292466, 0.58514250132, 0.33048694544]
    ],
    [
      [0.0021964547209, 0.04772400605, 0.7275988985, 0.11774489578, 0.10473574494],
      [0.0095200775835, 0.41869771649, 0.02550406685, 0.32138372512, 0.22489441396],
      [0.054735020868, 0.0003603074976, 0.02007031825, 0.87264779627, 0.052186557119],
      [0.0035629895658, 0.012179338898, 0.87673219234, 0.077015416418, 0.030510062783],
      [0.0095056101728, 0.014720290464, 0.35509421795, 0.35634053918, 0.26433934223],
      [0.55897976545, 0.0034126432806, 0.33853374294, 0.080912471003, 0.018161377336],
      [0.019468444976, 0.093149755432, 0.073038762841, 0.51814021983, 0.29620281692]
    ],
    [
      [0.00099352073772, 0.060593485424, 0.68191274051, 0.14436570675, 0.11213454658],
      [0.003676677075, 0.4419805363, 0.020513946018, 0.33189084195, 0.20193799866],
      [0.021458510517, 0.00039302096571, 0.016431264601, 0.9135357113, 0.048181492615],
      [0.0016679383653, 0.01605037102, 0.85031247791, 0.097998762142, 0.033970450559],
      [0.0040192156934, 0.017333132944, 0.31164235822, 0.40532728793, 0.26167800521],
      [0.35710686263, 0.0063149966101, 0.46369467826, 0.14446235607, 0.028421106433],
      [0.0077735940182, 0.10293645996, 0.060715148125, 0.55331655567, 0.27525824223]
    ],
    [
      [0.00057452784565, 0.039600109714, 0.77878849985, 0.096240332999, 0.084796529588],
      [0.0030746237192, 0.41752222437, 0.034018662335, 0.32237200959, 0.22301247999],
      [0.018115826429, 0.00037997976401, 0.0275897224, 0.90022517655, 0.053689294861],
      [0.00090038107506, 0.0098154101217, 0.90436372178, 0.060953937329, 0.023966549696],
      [0.0027619012478, 0.013561088569, 0.42493733503, 0.32228892497, 0.23645075019],
      [0.23548900713, 0.0048530489813, 0.62190019493, 0.11258723332, 0.025170515641],
      [0.0062054812175, 0.093630184181, 0.096252790229, 0.5134408679, 0.29047067647]
    ],
    [
      [0.0005202392324, 0.041310880265, 0.78871616668, 0.088661966017, 0.080790747806],
      [0.0027491015243, 0.45566949814, 0.033281739642, 0.29595497477, 0.21234468592],
      [0.017540631101, 0.00042080175262, 0.028967045435, 0.89864328534, 0.054428236368],
      [0.00080792026323, 0.010101901754, 0.91097358956, 0.0555639355, 0.022552652919],
      [0.0025848311356, 0.014611374108, 0.43961955639, 0.30848093329, 0.23470330507],
      [0.22787297981, 0.005123067938, 0.63702510635, 0.10567411729, 0.024304728613],
      [0.0058680649037, 0.10320214444, 0.099491601836, 0.49899645739, 0.29244173143]
    ],
    [
      [0.002543923182, 0.10220135603, 0.74814923873, 0.089566790218, 0.057538691844],
      [0.0074767083685, 0.72616334509, 0.017693914206, 0.16546467052, 0.08320136181],
      [0.082032950457, 0.00091801716568, 0.025167298473, 0.85672761622, 0.035154117681],
      [0.0041013767307, 0.025367749533, 0.89581930091, 0.058089408325, 0.016622164499],
      [0.013410818311, 0.037257454124, 0.44036161116, 0.33186816139, 0.17710195501],
      [0.72611238049, 0.0045800895095, 0.22285602559, 0.040039515772, 0.0064119886306],
      [0.026312638825, 0.23628382888, 0.085730741307, 0.46271730604, 0.18895548495]
    ],
    [
      [0.0012985941462, 0.028566226243, 0.81448079478, 0.093998480545, 0.061655904284],
      [0.0081683585154, 0.38592252512, 0.04097899148, 0.37266523082, 0.19226489407],
      [0.04134380453, 0.00027025086837, 0.027988371777, 0.89168030159, 0.038717271236],
      [0.0019690121707, 0.0068467615947, 0.91681714832, 0.05753456269, 0.016832515227],
      [0.0066158581752, 0.010321766971, 0.46499244981, 0.33513208041, 0.18293784464],
      [0.44460992111, 0.0024994875337, 0.46060186225, 0.079206882772, 0.013081846335],
      [0.015626394192, 0.075379882373, 0.10929646013, 0.56321283794, 0.23648442537]
    ],
    [
      [0.00074831537889, 0.030140751839, 0.67401250984, 0.14507049738, 0.15002792556],
      [0.0031853693336, 0.25899950053, 0.02311432864, 0.39278512328, 0.32191567822],
      [0.015377101118, 0.00018913184443, 0.015311541347, 0.90734745586, 0.061774769835],
      [0.0012634577929, 0.008017334444, 0.84716957733, 0.098498103067, 0.045051527365],
      [0.002771145646, 0.0079950345282, 0.28018923336, 0.37916475615, 0.32987983032],
      [0.29688692413, 0.0034319872206, 0.50035714467, 0.15833088212, 0.04099306186],
      [0.0054694479222, 0.048233974296, 0.05558034431, 0.53350148005, 0.35721475343]
    ],
    [
      [0.000496984503, 0.54675185669, 0.16257371744, 0.17122592879, 0.11895151258],
      [0.0002945686901, 0.89988906732, 0.00077101061259, 0.064269624493, 0.034775728884],
      [0.0088503993543, 0.0026761621984, 0.0031408014976, 0.94417217102, 0.041160465935],
      [0.0017011871555, 0.26184205564, 0.44061456689, 0.22730579517, 0.068536395155],
      [0.001978764894, 0.14709612099, 0.069274333599, 0.4942966796, 0.28735410091],
      [0.37478445455, 0.08767476001, 0.19378668711, 0.2943307286, 0.049423369727],
      [0.0019508580128, 0.49787378764, 0.0070263403977, 0.34226152058, 0.15088749337]
    ],
    [
      [0.00093501125103, 0.043647644062, 0.69245941694, 0.12305003133, 0.13990789643],
      [0.0039259886217, 0.36156277374, 0.023648336714, 0.32273175412, 0.2881311468],
      [0.022879920934, 0.00032199174982, 0.018885517213, 0.8898305314, 0.068082038707],
      [0.0015668786033, 0.011546782368, 0.86144321903, 0.083277007646, 0.042166112356],
      [0.003750436473, 0.012431146058, 0.31402289398, 0.34376941659, 0.3260261069],
      [0.35137335458, 0.0046587600587, 0.48191467593, 0.12590449391, 0.036148715517],
      [0.0075850767436, 0.077067338759, 0.063978590546, 0.49193300424, 0.35943598971]
    ],
    [
      [0.0017557064087, 0.1006196853, 0.62504342064, 0.15280816147, 0.11977302618],
      [0.0048006597909, 0.55953497115, 0.013896687927, 0.26129768213, 0.160469999],
      [0.035042968157, 0.0006003507754, 0.013866308077, 0.9028995189, 0.04759085409],
      [0.0031048905294, 0.02785512824, 0.82206951798, 0.10893733492, 0.038033128328],
      [0.0068679135444, 0.027781335666, 0.27579271922, 0.41737976292, 0.27217826866],
      [0.51448538477, 0.0081707212108, 0.33345663761, 0.12013316645, 0.023754089968],
      [0.012168001414, 0.15279000819, 0.049227159566, 0.52322431649, 0.26259051435]
    ],
    [
      [0.00099273194456, 0.035755090266, 0.84148419455, 0.083153265228, 0.038614718014],
      [0.0061247211877, 0.50426751675, 0.041142727921, 0.32890692609, 0.11955810805],
      [0.035397083261, 0.00037637557278, 0.03165400654, 0.90556370296, 0.027008831663],
      [0.0014777396819, 0.0083621243738, 0.92991623791, 0.049870731437, 0.010373166597],
      [0.0055555383102, 0.014189801562, 0.52521840342, 0.32911219932, 0.12592405739],
      [0.42194571577, 0.003239283843, 0.4932606119, 0.0730109411, 0.0085434473807],
      [0.013611857789, 0.10971671774, 0.12701728127, 0.57996578924, 0.16968835396]
    ],
    [
      [0.003028812592, 0.045690562402, 0.6117837927, 0.17741396527, 0.16208286704],
      [0.010494106906, 0.31780368363, 0.016914902569, 0.38141817422, 0.27336913267],
      [0.052004673632, 0.00022857549964, 0.011282605332, 0.88267114636, 0.053812999181],
      [0.0053310084528, 0.012655780863, 0.80466399027, 0.12613645576, 0.051212764651],
      [0.010410504334, 0.010986901988, 0.23346688564, 0.4230002019, 0.32213550615],
      [0.68063952661, 0.00238442902, 0.20592402477, 0.090455207656, 0.020596811949],
      [0.019300282997, 0.06210413938, 0.043301326133, 0.55209777934, 0.32319647215]
    ],
    [
      [0.0015365624144, 0.033127095429, 0.69579492045, 0.13024135651, 0.1393000652],
      [0.0068399732323, 0.29394674695, 0.025124736059, 0.36569931232, 0.30838923144],
      [0.034876110286, 0.0002281974191, 0.017545238298, 0.88423678051, 0.063113673491],
      [0.0025571956425, 0.0086978560053, 0.85990804161, 0.087346071489, 0.04149083525],
      [0.0060150261827, 0.0092573949679, 0.30737150213, 0.35737506868, 0.31998100803],
      [0.47229132269, 0.0028451272781, 0.38887136761, 0.1071524744, 0.028839708021],
      [0.012172069875, 0.057347151662, 0.062600107804, 0.51364502393, 0.35423564673]
    ],
    [
      [0.00047818979084, 0.098300608602, 0.68329584107, 0.12264625243, 0.095279108107],
      [0.0014787428247, 0.60279588369, 0.017030010875, 0.2354326411, 0.14326272151],
      [0.012228872665, 0.00075648042525, 0.019376768445, 0.91900301521, 0.048634863256],
      [0.00080823842797, 0.026175029615, 0.86007683216, 0.083850871385, 0.029089028414],
      [0.0021316964727, 0.030981413275, 0.3430317323, 0.37909944928, 0.24475570867],
      [0.21129692022, 0.012962051286, 0.58988398033, 0.1552372226, 0.030619825559],
      [0.0039992439158, 0.17945918008, 0.064577541152, 0.50203619967, 0.24992783519]
    ],
    [
      [0.0011566141604, 0.14655189329, 0.62993919844, 0.11341485245, 0.10893744167],
      [0.0025441472251, 0.71147767292, 0.011153310478, 0.15664730773, 0.11817756165],
      [0.030562450314, 0.001129980777, 0.01802283098, 0.89390214231, 0.056382595623],
      [0.0020690233685, 0.040513225125, 0.84098342034, 0.081621882875, 0.034812448294],
      [0.0051373648798, 0.045537067588, 0.31338603304, 0.35285309539, 0.2830864391],
      [0.46212585746, 0.013796276364, 0.39367760543, 0.10514621064, 0.025254050105],
      [0.0087639276291, 0.24738487685, 0.053504013522, 0.42700409655, 0.26334308545]
    ],
    [
      [0.0011760288087, 0.077771459104, 0.72764042033, 0.10497456116, 0.088437530599],
      [0.0044836060922, 0.56177959905, 0.022917962835, 0.24759414231, 0.1632246897],
      [0.034206200976, 0.0006877612007, 0.024170317503, 0.88937885345, 0.051556866874],
      [0.0019273618012, 0.020211527808, 0.88196374505, 0.069654146438, 0.026243218899],
      [0.0055147626398, 0.025924278257, 0.38983590878, 0.340526583, 0.23819846732],
      [0.38916823837, 0.0078764640112, 0.4800728438, 0.10116783699, 0.021714616829],
      [0.011172386926, 0.16014033324, 0.080098933396, 0.48613814956, 0.26245019687]
    ],
    [
      [0.0013233567898, 0.018589478141, 0.84961065841, 0.063392311819, 0.067084194841],
      [0.010995705261, 0.31635736552, 0.05706385986, 0.33538095263, 0.28020211673],
      [0.058240723846, 0.00025192104859, 0.041314968174, 0.84077386328, 0.059418523654],
      [0.0019715844382, 0.0043968284543, 0.93749650899, 0.038140533276, 0.017994544839],
      [0.0072515270807, 0.0073392251192, 0.52656766378, 0.24341195332, 0.2154296307],
      [0.42778517634, 0.0017002816206, 0.50067850129, 0.05508569246, 0.014750348295],
      [0.019302503571, 0.060306168211, 0.14043040158, 0.46349757077, 0.31646335587]
    ],
    [
      [0.0023460819516, 0.031171141717, 0.79051953015, 0.093533101976, 0.082430144208],
      [0.013972446023, 0.36206999712, 0.038354278497, 0.34633224822, 0.23927103014],
      [0.072967360235, 0.00029162810734, 0.027393005325, 0.84846314652, 0.050884859809],
      [0.0036340681492, 0.0076532931161, 0.90703921339, 0.058604869436, 0.02306855591],
      [0.011358338562, 0.010718809811, 0.43375548282, 0.31401833595, 0.23014903286],
      [0.57293691481, 0.0021316529606, 0.35017021057, 0.061107378703, 0.013653842953],
      [0.026129793204, 0.075300102807, 0.10040319555, 0.50995166977, 0.28821523867]
    ],
    [
      [0.0013208854033, 0.035265125586, 0.69104994833, 0.18004109384, 0.092322946842],
      [0.0053850455302, 0.31900042575, 0.022608565307, 0.46696663312, 0.1860393303],
      [0.022174399674, 0.00017117144116, 0.012448613662, 0.9351578135, 0.03004800172],
      [0.0021651279052, 0.0090717009394, 0.84340358644, 0.1184172444, 0.026942340316],
      [0.0050163068226, 0.0093078995172, 0.29163514883, 0.48794206354, 0.20609858129],
      [0.51200699123, 0.0026244625686, 0.33709201575, 0.13156710144, 0.016709429013],
      [0.0095866764991, 0.054183124581, 0.055645413262, 0.66697235116, 0.2136124345]
    ],
    [
      [0.0014066670694, 0.049914438475, 0.75629802222, 0.14654287483, 0.045837997412],
      [0.0061949080382, 0.46007368798, 0.026841052449, 0.40760837265, 0.099281978882],
      [0.029892559322, 0.00031725823776, 0.01761106491, 0.93282840944, 0.019350708086],
      [0.0022049973964, 0.012293994853, 0.87992014053, 0.092614020306, 0.012966846917],
      [0.0064135378383, 0.016091484159, 0.38752037705, 0.46932505947, 0.12064954148],
      [0.45983880105, 0.0041443807316, 0.40924606981, 0.1174724796, 0.0092982688101],
      [0.012954920287, 0.10096332662, 0.078298664655, 0.67492256682, 0.13286052163]
    ],
    [
      [0.0015770083222, 0.11851283509, 0.62970220832, 0.12248788141, 0.12772006687],
      [0.0041489297374, 0.61716589029, 0.013530972384, 0.20083234513, 0.16432186246],
      [0.038563091515, 0.00087318532267, 0.017264226494, 0.88093421563, 0.062365281034],
      [0.0028148847629, 0.033254039734, 0.83465492539, 0.088256856998, 0.041019293111],
      [0.006555630489, 0.034921667879, 0.29664844927, 0.35416001009, 0.30771424227],
      [0.48930510504, 0.010560289213, 0.36751394912, 0.10492469044, 0.027695966189],
      [0.011658640693, 0.19177845624, 0.053241546917, 0.44508200605, 0.29823935011]
    ],
    [
      [0.00033163915526, 0.10529766542, 0.712370898, 0.12705903185, 0.054940765575],
      [0.00088895154234, 0.69345037704, 0.015452630259, 0.21700736755, 0.073200673604],
      [0.0078865206113, 0.0007455684848, 0.018789464896, 0.94608905749, 0.026489388516],
      [0.00054604629321, 0.026606374521, 0.87257063303, 0.084059083813, 0.016217862345],
      [0.0015760434461, 0.034971294091, 0.38111852716, 0.42926764268, 0.15306649261],
      [0.15393169224, 0.014139723183, 0.6449595623, 0.16855781436, 0.018411207914],
      [0.0028820757717, 0.20942082858, 0.069950176678, 0.56394910553, 0.15379781344]
    ],
    [
      [0.0011632897928, 0.096725145562, 0.65076653693, 0.12272642974, 0.12861859798],
      [0.0035198776711, 0.56188962875, 0.016189271411, 0.22980935775, 0.18859186442],
      [0.028895591774, 0.00072703032077, 0.018337872324, 0.88812365413, 0.063915851448],
      [0.0020353163148, 0.026771289947, 0.84358672192, 0.086906914448, 0.040699757367],
      [0.0048265815688, 0.028459181322, 0.30742498878, 0.3523757936, 0.30691345473],
      [0.39751352475, 0.01000041242, 0.43899151443, 0.12118848959, 0.032306058817],
      [0.0089674314943, 0.16179646533, 0.057821171843, 0.46132173561, 0.31009319573]
    ],
    [
      [0.00097175045255, 0.070882551811, 0.7479834499, 0.10204193342, 0.078120314415],
      [0.0039909857435, 0.55598547123, 0.02528534584, 0.25934577245, 0.15539242474],
      [0.029333980551, 0.0006495072889, 0.025670652298, 0.89711568341, 0.047230176455],
      [0.0015642580448, 0.018080481968, 0.89108257683, 0.066503803074, 0.022768880079],
      [0.0046997342922, 0.024352021921, 0.41253780886, 0.34139943565, 0.21701099927],
      [0.34312714828, 0.0076273297889, 0.52424536133, 0.10460349121, 0.020396669387],
      [0.0098014347131, 0.1551536517, 0.087099929135, 0.50178121166, 0.24616377279]
    ],
    [
      [0.00098336222662, 0.036725790429, 0.76518750176, 0.12927898153, 0.067824364063],
      [0.0051480481832, 0.36971308853, 0.032675182061, 0.41996895797, 0.17249472326],
      [0.023995330383, 0.00027225639959, 0.021013292253, 0.92156691034, 0.033152210626],
      [0.0015404381959, 0.0091209629047, 0.88814983167, 0.081961197729, 0.019227569499],
      [0.0044904212787, 0.011924105844, 0.39644229198, 0.409047455, 0.1780957259],
      [0.33717403988, 0.0038047145781, 0.51441146992, 0.12757685849, 0.017032917128],
      [0.0096277920127, 0.078031135333, 0.085713368673, 0.61879936095, 0.20782834303]
    ],
    [
      [0.0010010778531, 0.089212224279, 0.60992917433, 0.13290246246, 0.16695506107],
      [0.0029278651474, 0.5038570225, 0.014665107368, 0.24114899723, 0.23740100776],
      [0.022782066832, 0.0006154622097, 0.015754872275, 0.88472291228, 0.076124686403],
      [0.0018167469991, 0.025566593772, 0.82039614016, 0.097525217886, 0.054695301186],
      [0.0037744917535, 0.023878478118, 0.26177903376, 0.34743426041, 0.36313373596],
      [0.36544363053, 0.0098402552262, 0.43986776173, 0.14012252389, 0.044725828631],
      [0.0069112528836, 0.1339827106, 0.048543730399, 0.44868173734, 0.36188056877]
    ],
    [
      [0.000911137313, 0.036503204944, 0.73157616731, 0.12995846438, 0.10105102605],
      [0.0043758471249, 0.33980479003, 0.028713379226, 0.38967876967, 0.23742721395],
      [0.021647781419, 0.00026444342035, 0.019587741109, 0.91031090951, 0.048189124544],
      [0.0014705139169, 0.0093254256428, 0.87500201179, 0.084769035477, 0.029433013177],
      [0.0038705109381, 0.01105370118, 0.35279110499, 0.38408398244, 0.24820070045],
      [0.32661837447, 0.003914972225, 0.51037211921, 0.13286132485, 0.026233209238],
      [0.0080571371836, 0.070351664396, 0.074145714642, 0.56565759017, 0.28178789361]
    ],
    [
      [0.0015092035909, 0.051260044464, 0.71165430525, 0.13700872716, 0.098567719534],
      [0.0063105058465, 0.4133113921, 0.024288102021, 0.35565845053, 0.2004315495],
      [0.034046523299, 0.0003503703622, 0.018052972706, 0.90310135043, 0.044448783204],
      [0.0024718131829, 0.013286601699, 0.86429324992, 0.090772422543, 0.029175912656],
      [0.0063517510759, 0.015325661896, 0.33966325439, 0.39974991508, 0.23890941756],
      [0.44912215773, 0.0045379835866, 0.40935333948, 0.11582028671, 0.021166232491],
      [0.012715938026, 0.093778475488, 0.068613109911, 0.56461999235, 0.26027248423]
    ],
    [
      [0.0013449293311, 0.053563548274, 0.77768602622, 0.12032951145, 0.047075984728],
      [0.0064396423415, 0.49594782514, 0.030634030621, 0.35754882829, 0.1094296736],
      [0.035037468106, 0.00042336367384, 0.02300132195, 0.91694139558, 0.024596450689],
      [0.002093491703, 0.013203180801, 0.89563129402, 0.075803996386, 0.013268037087],
      [0.0065847551905, 0.018623153926, 0.4339605016, 0.40837241357, 0.13245917572],
      [0.41047423862, 0.0049477030506, 0.46799742851, 0.10601731826, 0.010563311563],
      [0.014073255649, 0.12187617581, 0.09384387905, 0.61608822411, 0.15411846538]
    ],
    [
      [0.00091384456199, 0.07382253418, 0.71169727345, 0.12688343746, 0.086682910343],
      [0.0033913825828, 0.52655299396, 0.021666514039, 0.29214034648, 0.15624876293],
      [0.022528225166, 0.00055307274351, 0.01987979814, 0.91417046971, 0.042868434244],
      [0.0015058892743, 0.019250695433, 0.86881149025, 0.084595946829, 0.025835978218],
      [0.0040625296143, 0.023323045638, 0.36003992903, 0.39085180604, 0.22172268967],
      [0.32886510029, 0.0080792365546, 0.50759668757, 0.1324307462, 0.02302822939],
      [0.0079923083558, 0.14042335698, 0.071623666976, 0.542500506, 0.23746016168]
    ],
    [
      [0.0014262107013, 0.031193491336, 0.78573325707, 0.11394517566, 0.067701865231],
      [0.0083318302643, 0.34855716703, 0.037723612393, 0.4131693187, 0.19221807161],
      [0.038555256029, 0.0002566461662, 0.024103756593, 0.90037481853, 0.036709522679],
      [0.0022072768527, 0.0076601875513, 0.89979501768, 0.071373982236, 0.018963535681],
      [0.006756835689, 0.010518138376, 0.42411391198, 0.37409382417, 0.18451728979],
      [0.42359964686, 0.0028165362271, 0.46088821127, 0.097889093758, 0.01480651189],
      [0.015142299449, 0.071861991284, 0.096150316732, 0.59167713197, 0.22516826056]
    ],
    [
      [0.0017186144049, 0.066785069158, 0.68902000631, 0.13417206569, 0.10830424444],
      [0.0063407886204, 0.4715749388, 0.020836572576, 0.30710231879, 0.19414538122],
      [0.039180898213, 0.00046262624415, 0.017774595337, 0.8930860213, 0.049495858902],
      [0.0028797678047, 0.017714366554, 0.85564623233, 0.090949963908, 0.032809669404],
      [0.0071571142653, 0.019774158109, 0.32625518214, 0.38717086165, 0.25964268383],
      [0.48286689387, 0.0056705904896, 0.38051587912, 0.10863929609, 0.022307340432],
      [0.013898603139, 0.11732437557, 0.064057885905, 0.53029199466, 0.27442714072]
    ],
    [
      [0.0012270963842, 0.046954201818, 0.71327801342, 0.12443579509, 0.11410489329],
      [0.0053727634042, 0.388945712, 0.025729296089, 0.33757427423, 0.24237795428],
      [0.030194155211, 0.00035204666761, 0.019994984513, 0.89312367453, 0.056335139077],
      [0.0020197613867, 0.012258565844, 0.86883960122, 0.082898270287, 0.033983801262],
      [0.0051622627824, 0.014061135289, 0.34228340713, 0.3624280295, 0.2760651653],
      [0.39429761778, 0.0046268180546, 0.45723083997, 0.11661380732, 0.027230916876],
      [0.010569462003, 0.087681625237, 0.071012373079, 0.52315978302, 0.30757675666]
    ],
    [
      [0.0010448487632, 0.085774495443, 0.68572136643, 0.12258917281, 0.10487011656],
      [0.0035355190119, 0.54912770647, 0.019154989142, 0.25648148374, 0.17170030165],
      [0.026365474471, 0.00065836704944, 0.019762249089, 0.90014802808, 0.053065881308],
      [0.001769121393, 0.023029131011, 0.85900295464, 0.084044332641, 0.032154460311],
      [0.0045343114305, 0.026458704542, 0.33984599671, 0.36787013496, 0.26129085237],
      [0.36230321624, 0.0091572426612, 0.47686174701, 0.12452987309, 0.027147920997],
      [0.0087053743454, 0.15483857046, 0.06616899245, 0.49751198321, 0.27277507953]
    ],
    [
      [0.0015522781075, 0.048627142242, 0.72802298583, 0.12470790293, 0.097089690898],
      [0.0069255203558, 0.41163901255, 0.026706913522, 0.34464945788, 0.21007909569],
      [0.038150436082, 0.00036369183575, 0.020331299805, 0.89331770977, 0.047836862503],
      [0.0025189325314, 0.012513551716, 0.87454105834, 0.081913107026, 0.028513350386],
      [0.0067460979838, 0.015035022096, 0.36052650668, 0.37514134839, 0.24255102484],
      [0.45069267713, 0.0043063626232, 0.41907251836, 0.10509493471, 0.020833507176],
      [0.013895975258, 0.09437775417, 0.075176659506, 0.54472356843, 0.27182604264]
    ],
    [
      [0.0010364559934, 0.064345559525, 0.7486926499, 0.095878549921, 0.090046784657],
      [0.0044296976404, 0.52825097237, 0.026317646177, 0.25406513083, 0.18693655298],
      [0.032683452365, 0.00061621060371, 0.026808032136, 0.88296461437, 0.05692769052],
      [0.0016703480217, 0.016420903978, 0.89312441513, 0.062534013119, 0.026250319755],
      [0.0049548357361, 0.021862205619, 0.40796560719, 0.31743608381, 0.24778126764],
      [0.35947971552, 0.0067836054223, 0.51434865595, 0.096355806094, 0.023032217014],
      [0.010498044915, 0.14172169313, 0.087474781108, 0.47444220156, 0.28586327929]
    ],
    [
      [0.0011911059901, 0.037991347552, 0.79538584547, 0.097433641229, 0.067998059755],
      [0.0068631739883, 0.41722969132, 0.037697833968, 0.34802141676, 0.19018788397],
      [0.037336201589, 0.00036271770573, 0.028343675831, 0.89117779052, 0.042779614356],
      [0.0018396954349, 0.0093090886834, 0.90891439443, 0.060922031713, 0.019014789736],
      [0.0059218553519, 0.01344360194, 0.45091286006, 0.33536997258, 0.19435171007],
      [0.38170030666, 0.0037289101912, 0.50743984428, 0.090959649664, 0.016171289213],
      [0.013615463278, 0.094289958637, 0.10492496596, 0.54387925431, 0.24329035782]
    ],
    [
      [0.0019281099077, 0.085811509407, 0.60084746001, 0.16991789663, 0.14149502405],
      [0.0056195518601, 0.47384406242, 0.014422111966, 0.30642243455, 0.1996918392],
      [0.035097251711, 0.00047442088258, 0.012447317775, 0.90041581749, 0.051565192137],
      [0.0034746499645, 0.024498661009, 0.80196646626, 0.12392962781, 0.046130594958],
      [0.0070015984631, 0.022141588306, 0.24864613743, 0.42695964262, 0.29525103318],
      [0.51604780223, 0.0069685979043, 0.31764882349, 0.13147171659, 0.027863059788],
      [0.012481906332, 0.12030235892, 0.044926204339, 0.5361806863, 0.28610884411]
    ],
    [
      [0.0011385477925, 0.043119878078, 0.75989700488, 0.11251948318, 0.083325086072],
      [0.0057278491269, 0.4092977369, 0.031570701394, 0.35034845864, 0.20305525394],
      [0.031214205399, 0.00036015901628, 0.023799270093, 0.89880479241, 0.045821573082],
      [0.0018055122252, 0.010853607725, 0.89116594349, 0.072246556757, 0.023928379807],
      [0.0052534026473, 0.014158858862, 0.40056431335, 0.35918977909, 0.22083364605],
      [0.37159617641, 0.0043298395894, 0.49642869448, 0.10738172794, 0.020263561584],
      [0.01136469576, 0.093230960203, 0.087879566593, 0.54764952019, 0.25987525726]
    ],
    [
