{
  "X": [
    [11, 18, 26, 87, 177, 9],
    [2, 12, 25, 71, 256, 9],
    [12, 79, 48, 269, 266, 14],
    [58, 276, 267, 1245, 1619, 85],
    [2, 28, 20, 154, 80, 11],
    [1, 6, 25, 50, 99, 7],
    [3, 30, 13, 107, 81, 6],
    [6, 19, 12, 88, 45, 11],
    [39, 35, 156, 582, 397, 31],
    [3, 6, 14, 45, 38, 6],
    [7, 9, 24, 68, 185, 2],
    [28, 50, 107, 415, 547, 18],
    [12, 29, 51, 133, 399, 13],
    [2, 4, 20, 93, 89, 4],
    [98, 164, 189, 992, 1469, 38],
    [8, 9, 6, 64, 52, 5],
    [97, 111, 139, 732, 1384, 50],
    [0, 5, 2, 9, 31, 1],
    [22, 20, 47, 137, 195, 11],
    [4, 0, 13, 15, 162, 2],
    [6, 32, 23, 97, 104, 7],
    [6, 27, 63, 201, 136, 25],
    [17, 46, 63, 221, 180, 19],
    [11, 115, 52, 210, 432, 13],
    [0, 40, 37, 128, 135, 9],
    [6, 17, 14, 79, 111, 5],
    [11, 80, 54, 297, 210, 12],
    [6, 43, 29, 226, 110, 15],
    [5, 26, 28, 87, 202, 3],
    [6, 13, 20, 49, 197, 5],
    [20, 82, 65, 302, 332, 20],
    [5, 21, 28, 37, 163, 1],
    [9, 41, 55, 240, 310, 21],
    [3, 63, 21, 110, 125, 7],
    [14, 43, 59, 229, 271, 13],
    [17, 94, 21, 148, 230, 7],
    [0, 2, 1, 11, 12, 2],
    [18, 21, 68, 241, 184, 16],
    [8, 12, 39, 143, 89, 7],
    [6, 6, 10, 37, 51, 5],
    [7, 17, 25, 60, 55, 9],
    [4, 1, 6, 12, 32, 4],
    [2, 9, 6, 40, 69, 2],
    [18, 17, 29, 101, 184, 14],
    [0, 1, 2, 16, 8, 6],
    [2, 4, 15, 31, 25, 7],
    [46, 39, 36, 195, 399, 9],
    [3, 4, 8, 25, 20, 5],
    [1, 1, 4, 14, 16, 0],
    [7, 19, 26, 94, 99, 7],
    [6, 18, 39, 152, 201, 12],
    [9, 5, 8, 33, 102, 1],
    [9, 8, 11, 42, 146, 3],
    [4, 3, 7, 11, 88, 1],
    [9, 16, 45, 73, 376, 8],
    [1, 6, 5, 38, 53, 1],
    [7, 17, 15, 30, 186, 5],
    [11, 25, 24, 46, 158, 6],
    [1, 1, 2, 8, 29, 0],
    [1, 0, 1, 19, 1, 2],
    [3, 6, 5, 28, 21, 5],
    [2, 7, 9, 27, 67, 4],
    [0, 4, 5, 28, 7, 4],
    [2, 9, 21, 57, 90, 8],
    [7, 18, 12, 25, 83, 3],
    [9, 3, 7, 45, 37, 8],
    [1, 3, 6, 12, 119, 2],
    [0, 5, 1, 17, 12, 1],
    [3, 5, 11, 34, 24, 3],
    [3, 3, 33, 68, 56, 3],
    [0, 0, 1, 5, 7, 1],
    [4, 2, 11, 21, 47, 2],
    [1, 4, 5, 10, 25, 4],
    [1, 3, 3, 5, 15, 1],
    [23, 24, 29, 186, 159, 9],
    [14, 11, 27, 68, 287, 9],
    [23, 22, 40, 149, 230, 12],
    [9, 25, 29, 129, 163, 11],
    [23, 21, 22, 146, 157, 10],
    [9, 6, 10, 47, 106, 4],
    [43, 28, 38, 183, 352, 11],
    [28, 28, 32, 144, 195, 7],
    [1, 3, 3, 7, 36, 0],
    [0, 2, 2, 11, 8, 2],
    [26, 95, 20, 208, 279, 14],
    [97, 260, 153, 981, 895, 100],
    [73, 162, 111, 572, 638, 57],
    [0, 1, 2, 8, 0, 0]
  ],
  "W": [
    [17, 88, 171, 39, 13],
    [6, 72, 258, 32, 7],
    [53, 289, 263, 51, 32],
    [172, 1321, 1646, 275, 136],
    [14, 171, 76, 23, 11],
    [3, 50, 109, 18, 8],
    [32, 101, 85, 14, 8],
    [12, 108, 42, 14, 5],
    [25, 575, 362, 214, 64],
    [5, 53, 30, 15, 9],
    [14, 70, 178, 29, 4],
    [63, 405, 509, 137, 51],
    [14, 143, 387, 57, 36],
    [6, 96, 82, 19, 9],
    [149, 1053, 1380, 254, 114],
    [8, 63, 50, 11, 12],
    [110, 734, 1330, 231, 108],
    [2, 12, 25, 5, 4],
    [13, 154, 174, 73, 18],
    [0, 15, 158, 15, 8],
    [8, 120, 110, 22, 9],
    [15, 228, 139, 59, 17],
    [32, 239, 175, 72, 28],
    [55, 258, 425, 54, 41],
    [11, 143, 136, 48, 11],
    [8, 80, 108, 18, 18],
    [39, 322, 215, 60, 28],
    [19, 254, 101, 36, 19],
    [10, 97, 196, 35, 13],
    [5, 53, 193, 27, 12],
    [25, 341, 333, 84, 38],
    [4, 50, 166, 28, 7],
    [17, 271, 296, 71, 21],
    [24, 130, 135, 18, 22],
    [19, 247, 275, 64, 24],
    [49, 164, 237, 30, 37],
    [2, 11, 11, 2, 2],
    [18, 261, 157, 81, 31],
    [5, 133, 87, 59, 14],
    [12, 34, 46, 15, 8],
    [7, 68, 60, 24, 14],
    [0, 12, 31, 10, 6],
    [4, 37, 70, 8, 9],
    [12, 113, 181, 42, 15],
    [0, 19, 7, 5, 2],
    [2, 40, 17, 19, 6],
    [36, 201, 373, 71, 43],
    [3, 26, 18, 15, 3],
    [2, 13, 15, 6, 0],
    [10, 101, 95, 32, 14],
    [19, 158, 196, 46, 9],
    [4, 36, 92, 18, 8],
    [5, 44, 130, 30, 10],
    [0, 13, 77, 17, 7],
    [7, 76, 375, 49, 20],
    [0, 43, 49, 6, 6],
    [11, 35, 178, 21, 15],
    [9, 63, 154, 31, 13],
    [1, 5, 30, 3, 2],
    [0, 20, 2, 1, 1],
    [3, 29, 16, 8, 12],
    [5, 33, 69, 7, 2],
    [1, 29, 7, 9, 2],
    [4, 59, 86, 29, 9],
    [3, 41, 77, 16, 11],
    [1, 52, 36, 11, 9],
    [3, 17, 110, 10, 3],
    [4, 18, 9, 5, 0],
    [2, 34, 26, 13, 5],
    [6, 69, 48, 39, 4],
    [1, 4, 6, 2, 1],
    [1, 21, 42, 14, 9],
    [1, 14, 24, 4, 6],
    [2, 6, 13, 5, 2],
    [19, 195, 148, 44, 24],
    [7, 72, 271, 46, 20],
    [13, 162, 203, 67, 31],
    [13, 150, 150, 43, 10],
    [27, 146, 146, 37, 23],
    [2, 52, 107, 12, 9],
    [27, 188, 335, 68, 37],
    [16, 171, 189, 43, 15],
    [3, 6, 31, 9, 1],
    [1, 12, 7, 4, 1],
    [85, 222, 267, 19, 49],
    [167, 1116, 843, 184, 176],
    [99, 653, 618, 148, 95],
    [0, 8, 0, 2, 1]
  ],
  "method": "mcmc",
  "mcmc_stepsize": 3000,
  "mcmc_samples": 1000,
  "burn_in": 10000,
  "cond_prob": [
    [
      [0.17647059247, 2.9787412306e-09, 0.058823528594, 0.23529411725, 0.52941175766, 1.0386843251e-09],
      [0.022727272596, 0.079545453571, 0.07954545427, 0.26136364069, 0.53409090598, 0.022727272888],
      [0.029239765521, 0.052631579031, 0.081871343389, 0.27485379936, 0.53801170045, 0.023391812247],
      [0.025641026485, 0.051282051812, 0.07692308461, 0.25641025314, 0.56410255623, 0.025641027726],
      [2.028558331e-10, 1.2707990385e-11, 0.076923078364, 0.23076923556, 0.53846153258, 0.15384615328]
    ],
    [
      [0.16666666621, 8.2517887497e-11, 1.890071245e-10, 0.16666666686, 0.6666666664, 2.6411473654e-10],
      [1.5328050788e-11, 0.041666666658, 0.083333333222, 0.18055555561, 0.68055555549, 0.013888889001],
      [0.0038759689911, 0.031007751912, 0.065891472875, 0.19379844953, 0.68217054277, 0.023255813917],
      [5.9069161105e-11, 0.031250000006, 0.062500000142, 0.18750000042, 0.71874999934, 3.3281846587e-11],
      [4.6642281934e-12, 9.5922645146e-10, 6.5526467817e-11, 0.14285714309, 0.57142857034, 0.28571428554]
    ],
    [
      [0.056603773585, 0.11320754717, 0.056603773585, 0.37735849057, 0.37735849057, 0.018867924528],
      [0.017301038062, 0.12110726644, 0.072664359862, 0.3875432526, 0.38408304498, 0.017301038062],
      [0.015209125475, 0.11406844106, 0.072243346008, 0.39543726236, 0.38403041825, 0.019011406844],
      [5.4959321584e-20, 0.098039215686, 0.058823529412, 0.41176470588, 0.41176470588, 0.019607843137],
      [4.2650582331e-20, 0.09375, 0.0625, 0.375, 0.40625, 0.0625]
    ],
    [
      [0.029069767442, 0.075581395349, 0.06976744186, 0.3488372093, 0.45348837209, 0.023255813953],
      [0.015897047691, 0.079485238456, 0.07494322483, 0.35049205148, 0.45571536715, 0.023467070401],
      [0.015795868773, 0.077156743621, 0.076549210207, 0.35115431349, 0.45565006075, 0.023693803159],
      [0.014545454545, 0.076363636364, 0.072727272727, 0.35272727273, 0.46181818182, 0.021818181818],
      [0.014705882353, 0.073529411765, 0.073529411765, 0.34558823529, 0.45588235294, 0.036764705882]
    ],
    [
      [0.07142401114, 0.14285258339, 0.07142401194, 0.5000091172, 0.21429027569, 6.4858935099e-10],
      [0.0058475798928, 0.093567998238, 0.076020778494, 0.52046709003, 0.26900808763, 0.035088465717],
      [1.6800040075e-06, 0.09210358285, 0.065793673174, 0.5394720041, 0.2763132699, 0.026315789971],
      [2.5993924416e-11, 0.086962072103, 0.043483813409, 0.52174468091, 0.34780943317, 3.8283212162e-10],
      [1.338852374e-10, 0.090903288981, 5.8037097949e-06, 0.45454545375, 0.18182978917, 0.27271566425]
    ],
    [
      [0.29635737541, 0.32955294654, 0.0014143045545, 0.036703271261, 0.33583022751, 0.00014187472776],
      [7.7067954812e-06, 0.038128253742, 0.16335494064, 0.26463907923, 0.51161034074, 0.022259678858],
      [0.0009690876747, 0.026530024126, 0.12861639102, 0.28027771036, 0.52704946351, 0.036557323309],
      [9.5640233919e-05, 0.00048242103577, 0.10544478977, 0.22756330116, 0.61033223881, 0.05608160899],
      [0.00039880665702, 0.025559033116, 0.11385215222, 0.25144079682, 0.49720255739, 0.1115466538]
    ],
    [
      [0.031250003006, 0.1874971577, 0.031251078249, 0.4375017585, 0.31249998429, 1.826169705e-08],
      [0.0099009857028, 0.11881278473, 0.069305888484, 0.44554385988, 0.33663450145, 0.019801979757],
      [0.011764699182, 0.11764705106, 0.058823926963, 0.4588235055, 0.32941141143, 0.023529405856],
      [3.7863507854e-08, 0.071428625135, 1.3133054834e-06, 0.42857002522, 0.49999744467, 2.5538001826e-06],
      [4.8409843351e-08, 0.12499995053, 2.3226342463e-06, 0.37500444494, 0.24999770734, 0.24999552615]
    ],
    [
      [0.16666681698, 0.24999976598, 1.1054301422e-07, 0.41666628959, 0.16666699676, 2.0142237964e-08],
      [0.027777778894, 0.1018517132, 0.092592426086, 0.48148149168, 0.2407410432, 0.055555546935],
      [0.023809402656, 0.095238147596, 0.047619195042, 0.54761912616, 0.23809491119, 0.047619217352],
      [8.7846455322e-08, 0.071428909101, 6.5824349468e-07, 0.42857145263, 0.42856990803, 0.071428984154],
      [3.8685046901e-07, 2.1711941079e-06, 2.4980069102e-07, 0.39999995751, 0.19999967816, 0.39999755648]
    ],
    [
      [0.08, 0.04, 0.12, 0.44, 0.32, 4.5689485852e-18],
      [0.031304347826, 0.029565217391, 0.12695652174, 0.46782608696, 0.32, 0.024347826087],
      [0.030386740331, 0.027624309392, 0.1270718232, 0.47237569061, 0.31767955801, 0.024861878453],
      [0.028037383178, 0.028037383178, 0.1214953271, 0.47196261682, 0.32710280374, 0.023364485981],
      [0.03125, 0.015625, 0.125, 0.46875, 0.3125, 0.046875]
    ],
    [
      [0.38790363437, 0.0060794281606, 0.00033851588936, 0.39390382482, 0.20615499942, 0.0056195973317],
      [0.019415249288, 0.093549876462, 0.13199920736, 0.39489528612, 0.32182214045, 0.038318240312],
      [6.2029948108e-05, 0.033530481685, 0.16560033332, 0.43397689559, 0.33337373011, 0.033456529346],
      [0.0018994437814, 0.00022043597279, 0.070874073164, 0.40363086257, 0.4587300095, 0.064645175009],
      [0.00012456229868, 0.00024871295423, 0.10791425925, 0.3363623228, 0.336721057, 0.2186290857]
    ],
    [
      [0.14285301252, 4.1596145171e-07, 0.071428533379, 0.21428552691, 0.57143250954, 1.6904319998e-09],
      [0.014285714561, 0.057140533503, 0.085710389636, 0.22857162683, 0.61429090197, 8.3350155012e-07],
      [0.022471870958, 0.02809015641, 0.084271180375, 0.2359538648, 0.62359496657, 0.0056179608905],
      [2.2139872416e-06, 3.7570755066e-06, 0.068961870814, 0.24138621721, 0.68964590498, 3.5928432883e-08],
      [1.4232375312e-07, 8.7676012244e-09, 2.7224474277e-05, 1.2788349925e-07, 0.74998660885, 0.2499858877]
    ],
    [
      [0.047619047619, 0.063492063492, 0.079365079365, 0.34920634921, 0.46031746032, 3.1285264846e-18],
      [0.022222222222, 0.044444444444, 0.093827160494, 0.35555555556, 0.46913580247, 0.014814814815],
      [0.023575638507, 0.041257367387, 0.094302554028, 0.35952848723, 0.46758349705, 0.013752455796],
      [0.021897810219, 0.036496350365, 0.087591240876, 0.3503649635, 0.48905109489, 0.014598540146],
      [0.019607843137, 0.039215686275, 0.078431372549, 0.35294117647, 0.45098039216, 0.058823529412]
    ],
    [
      [0.14285714286, 0.071428571428, 0.071428571429, 0.14285714286, 0.57142857143, 5.4666333506e-13],
      [0.013986013986, 0.055944055944, 0.090909090909, 0.2027972028, 0.62237762238, 0.013986013986],
      [0.018087855297, 0.043927648579, 0.080103359173, 0.21447028424, 0.62532299742, 0.018087855297],
      [0.017543859649, 0.035087719298, 0.070175438596, 0.21052631579, 0.64912280702, 0.017543859649],
      [2.1259311787e-13, 0.027777777778, 0.055555555556, 0.19444444444, 0.63888888889, 0.083333333333]
    ],
    [
      [0.33191495041, 1.9713972622e-05, 0.00017542469987, 0.33345781166, 0.33379676973, 0.00063532952436],
      [7.6777435345e-07, 0.031144514877, 0.10430410571, 0.43754125376, 0.41658064074, 0.010428717145],
      [8.7860939624e-05, 0.012266858187, 0.10950058811, 0.45115112767, 0.41479798487, 0.012195580229],
      [1.338588815e-05, 0.0001921621623, 0.052893089138, 0.47385141139, 0.47299674503, 5.320639383e-05],
      [0.00010862913942, 5.2759498735e-05, 0.00019293173405, 0.33308038708, 0.44501166179, 0.22155363075]
    ],
    [
      [0.046979865772, 0.053691275168, 0.060402684564, 0.3355704698, 0.4966442953, 0.006711409396],
      [0.033238366572, 0.05698005698, 0.063627730294, 0.33618233618, 0.49762583096, 0.012345679012],
      [0.032608695652, 0.055072463768, 0.065217391304, 0.33695652174, 0.49782608696, 0.01231884058],
      [0.031496062992, 0.055118110236, 0.062992125984, 0.33464566929, 0.50393700787, 0.011811023622],
      [0.026315789474, 0.052631578947, 0.061403508772, 0.33333333333, 0.49122807018, 0.035087719298]
    ],
    [
      [0.37490141469, 7.8259159891e-05, 6.8954624172e-06, 0.37493920976, 0.2500636268, 1.0594127841e-05],
      [0.047600171899, 0.095233739793, 0.031756252386, 0.4444679101, 0.34917120743, 0.031770718395],
      [0.040023309419, 0.059975522967, 0.07996151854, 0.43998770277, 0.36005989831, 0.019992048],
      [9.343637554e-06, 6.5108569947e-05, 0.00010374955585, 0.54537645424, 0.45443914558, 6.1984187429e-06],
      [5.9133493877e-05, 1.2998097386e-05, 6.9803229983e-06, 0.41670682088, 0.41665661675, 0.16655745046]
    ],
    [
      [0.054545454545, 0.036363636364, 0.054545454545, 0.29090909091, 0.54545454545, 0.018181818182],
      [0.038147138965, 0.047683923706, 0.054495912807, 0.29019073569, 0.55040871935, 0.019073569482],
      [0.038345864662, 0.043609022556, 0.057142857143, 0.29097744361, 0.55037593985, 0.01954887218],
      [0.034632034632, 0.04329004329, 0.051948051948, 0.2987012987, 0.55411255411, 0.017316017316],
      [0.037037037037, 0.037037037037, 0.046296296296, 0.28703703704, 0.55555555556, 0.037037037037]
    ],
    [
      [0, 0.19966114829, 0.022303197927, 0.21918291893, 0.55633596259, 0.002516772255],
      [0, 0.14850940542, 0.052385511049, 0.18959017141, 0.59378376865, 0.015731143462],
      [0, 0.092962298654, 0.045405366811, 0.17575496594, 0.66941616724, 0.016461201356],
      [0, 0.061376306953, 0.021648131973, 0.2356703393, 0.6757531389, 0.0055520828676],
      [0, 0.046906459304, 0.020848160356, 0.17858156502, 0.66193824389, 0.091725571428]
    ],
    [
      [0.23076923077, 3.9464567963e-13, 0.076923076923, 0.30769230769, 0.38461538462, 1.0164699719e-13],
      [0.051948051948, 0.058441558442, 0.11038961039, 0.31168831169, 0.44805194805, 0.01948051948],
      [0.045977011494, 0.045977011494, 0.12068965517, 0.31609195402, 0.44827586207, 0.022988505747],
      [0.041095890411, 0.041095890411, 0.095890410959, 0.34246575342, 0.46575342466, 0.013698630137],
      [7.3691028014e-15, 1.9751104487e-13, 0.055555555556, 0.27777777778, 0.5, 0.16666666667]
    ],
    [
      [0, 0, 0, 0, 0, 0],
      [0.060103560108, 0, 0.067251932884, 0.07160680415, 0.80101297393, 2.4728927865e-05],
      [0.018668367936, 0, 0.075049073009, 0.075694699626, 0.82459797156, 0.0059898878678],
      [0.0071696802238, 0, 0.0055197118854, 0.13034665503, 0.85646796133, 0.00049599153203],
      [0.0051624076393, 0, 0.00633397413, 0.0013669464142, 0.85641330807, 0.13072336375]
    ],
    [
      [0.24999447778, 0.12500629851, 7.769307734e-09, 0.24999829908, 0.37500048502, 4.3184575187e-07],
      [0.016667015607, 0.12500031953, 0.091667024986, 0.35833332588, 0.38333244472, 0.02499986928],
      [0.01818179927, 0.11818102, 0.099999414138, 0.36363713303, 0.38181840281, 0.018182230745],
      [6.2622997291e-08, 0.090909934628, 0.04545514617, 0.40908562385, 0.45454913758, 9.5154225296e-08],
      [3.341652611e-07, 0.11110894514, 9.0762080284e-07, 0.33333846042, 0.33333304641, 0.22221830624]
    ],
    [
      [0.19999999991, 5.2361872054e-11, 0.13333333333, 0.40000000003, 0.26666666665, 3.1380980929e-11],
      [0.008771929824, 0.06578947367, 0.14035087719, 0.43859649124, 0.29385964912, 0.052631578953],
      [0.0071942446139, 0.057553956836, 0.13669064748, 0.45323741005, 0.2949640288, 0.050359712216],
      [2.0184717243e-12, 0.050847457664, 0.13559322035, 0.42372881357, 0.32203389825, 0.067796610163],
      [1.2530136506e-12, 0.058823529413, 0.11764705887, 0.41176470581, 0.29411764706, 0.11764705885]
    ],
    [
      [0.09375, 0.09375, 0.09375, 0.375, 0.3125, 0.03125],
      [0.029288702929, 0.087866108787, 0.12133891213, 0.40167364017, 0.32635983264, 0.033472803347],
      [0.028571428571, 0.08, 0.11428571429, 0.41714285714, 0.32571428571, 0.034285714286],
      [0.027777777778, 0.083333333333, 0.11111111111, 0.40277777778, 0.34722222222, 0.027777777778],
      [4.6369185174e-16, 0.071428571429, 0.10714285714, 0.39285714286, 0.35714285714, 0.071428571429]
    ],
    [
      [0.054545454545, 0.14545454545, 0.054545454545, 0.23636363636, 0.50909090909, 1.0496671247e-24],
      [0.011627906977, 0.14341085271, 0.062015503876, 0.2519379845, 0.51550387597, 0.015503875969],
      [0.011764705882, 0.13647058824, 0.065882352941, 0.25411764706, 0.51764705882, 0.014117647059],
      [2.8078914284e-24, 0.12962962963, 0.055555555556, 0.25925925926, 0.55555555556, 3.8449235368e-23],
      [2.7943294151e-23, 0.12195121951, 0.048780487805, 0.24390243902, 0.51219512195, 0.073170731707]
    ],
    [
      [0, 0.18181818538, 0.090909088698, 0.36363635959, 0.36363636327, 3.0629233113e-09],
      [0, 0.11888111945, 0.11188811149, 0.36363636515, 0.38461538285, 0.020979021059],
      [0, 0.11029411637, 0.10294117606, 0.37499999877, 0.3897058856, 0.022058823198],
      [0, 0.10416666801, 0.10416666967, 0.3541666678, 0.39583332817, 0.041666666347],
      [0, 0.090909089949, 0.09090909024, 0.36363635821, 0.3636363693, 0.090909092302]
    ],
    [
      [0.24999736915, 0.12499888853, 1.3867241517e-06, 0.25000108402, 0.3750006755, 5.9608965574e-07],
      [0.024999751043, 0.0874995714, 0.06250019526, 0.33750012113, 0.47500023326, 0.012500127905],
      [0.01851873098, 0.064814936966, 0.064814677938, 0.35185175776, 0.48148156969, 0.01851832667],
      [7.0463415292e-07, 0.055556466699, 0.05555549628, 0.33333318783, 0.55555386931, 2.7524947892e-07],
      [2.9634318232e-07, 0.055556310385, 0.055554951943, 0.33333302326, 0.44444426451, 0.11111115356]
    ],
    [
      [0.076923076923, 0.10256410256, 0.076923076923, 0.4358974359, 0.30769230769, 4.6520381524e-19],
      [0.015527950311, 0.12732919255, 0.080745341615, 0.44720496894, 0.31366459627, 0.015527950311],
      [0.013953488372, 0.11627906977, 0.088372093023, 0.45581395349, 0.31162790698, 0.013953488372],
      [1.828518738e-20, 0.11666666667, 0.066666666667, 0.43333333333, 0.36666666667, 0.016666666667],
      [2.6775687865e-16, 0.10714285714, 0.071428571429, 0.42857142857, 0.28571428571, 0.10714285714]
    ],
    [
      [0.10526315824, 0.10526315755, 0.052631579118, 0.52631578913, 0.21052631596, 4.3698913834e-14],
      [0.011811023597, 0.10629921255, 0.070866141745, 0.52362204742, 0.25590551168, 0.031496063005],
      [0.0099009900669, 0.099009900926, 0.069306930693, 0.54455445528, 0.2475247528, 0.029702970233],
      [7.2687591549e-15, 0.083333333514, 0.055555555465, 0.49999999973, 0.33333333351, 0.027777777778],
      [1.7073601201e-10, 0.052631579972, 0.052631578777, 0.52631578879, 0.21052631528, 0.15789473701]
    ],
    [
      [0.19998960868, 0.10000904886, 6.7625380016e-06, 0.19999311706, 0.50000143691, 2.5960541763e-08],
      [0.01030929927, 0.092783164748, 0.08247340979, 0.24742866344, 0.56700541554, 4.721000742e-08],
      [0.010203763107, 0.071428286848, 0.086734688837, 0.25509895954, 0.57143225904, 0.0051020426208],
      [2.896057767e-06, 0.057142758924, 0.057145038379, 0.22856754677, 0.6571409988, 7.610698104e-07],
      [4.8425480258e-06, 1.3433860929e-07, 0.07691817459, 0.23078678982, 0.53844635332, 0.15384370538]
    ],
    [
      [0.39999914667, 2.1558761467e-08, 3.7542703059e-07, 1.1318874454e-07, 0.6000003407, 2.456277403e-09],
      [0.018867884494, 0.075471705829, 0.075471665651, 0.15094367748, 0.67924498412, 8.242226222e-08],
      [0.015544041576, 0.041450745878, 0.077720171355, 0.17098443002, 0.67875659262, 0.015544018556],
      [1.5887947181e-07, 0.037037171071, 0.037037117765, 0.22222184398, 0.70370363807, 7.0235252788e-08],
      [1.7287626747e-07, 1.5915825753e-07, 3.826768639e-07, 0.16666664553, 0.66666612796, 0.1666665118]
    ],
    [
      [0.08, 0.12, 0.04, 0.36, 0.4, 2.6115276997e-20],
      [0.023460410557, 0.10263929619, 0.08211143695, 0.36656891496, 0.40175953079, 0.023460410557],
      [0.024024024024, 0.099099099099, 0.081081081081, 0.36936936937, 0.4024024024, 0.024024024024],
      [0.02380952381, 0.095238095238, 0.071428571429, 0.38095238095, 0.40476190476, 0.02380952381],
      [1.0291293656e-19, 0.078947368421, 0.078947368421, 0.34210526316, 0.44736842105, 0.052631578947]
    ],
    [
      [0.49356116232, 0.0033158750067, 8.6353421033e-06, 0.00039302215648, 0.50272130481, 3.7186268396e-10],
      [0.00028078603945, 0.11999930204, 0.11920521413, 0.14073195936, 0.61978239243, 3.4599575988e-07],
      [0.01799259528, 0.078238149972, 0.11445711937, 0.15042344715, 0.63888397295, 4.7152734266e-06],
      [0.00044585427523, 0.070955997623, 0.10856423961, 0.1424702691, 0.67711857606, 0.00044506333876],
      [0.0017801875172, 0.0017815098628, 3.4610623016e-06, 0.14319574022, 0.71227650278, 0.14096259855]
    ],
    [
      [0.11764705882, 0.058823529412, 0.058823529412, 0.35294117647, 0.41176470588, 2.5650118129e-19],
      [0.014760147601, 0.062730627306, 0.081180811808, 0.35424354244, 0.45756457565, 0.029520295203],
      [0.010135135135, 0.060810810811, 0.087837837838, 0.35472972973, 0.45608108108, 0.030405405405],
      [3.1648487328e-21, 0.056338028169, 0.070422535211, 0.3661971831, 0.47887323944, 0.028169014085],
      [1.9455750431e-20, 0.047619047619, 0.047619047619, 0.33333333333, 0.47619047619, 0.095238095238]
    ],
    [
      [0.041666665918, 0.20833332457, 0.041666665528, 0.33333333697, 0.37500000679, 2.2533341657e-10],
      [0.0076923074018, 0.19999999962, 0.069230768401, 0.33076923604, 0.37692307229, 0.015384616246],
      [0.0074074078037, 0.18518518779, 0.066666664784, 0.34074073498, 0.38518519045, 0.014814814191],
      [1.2225262005e-10, 0.16666666843, 0.05555556724, 0.33333332098, 0.38888888777, 0.055555555461],
      [1.3455364496e-12, 0.18181817617, 0.045454553589, 0.3181818285, 0.36363635227, 0.090909089474]
    ],
    [
      [0.10526315789, 0.10526315789, 0.052631578947, 0.31578947368, 0.42105263158, 1.1287649534e-17],
      [0.02024291498, 0.072874493927, 0.097165991903, 0.36032388664, 0.42914979757, 0.02024291498],
      [0.021818181818, 0.065454545455, 0.094545454545, 0.37090909091, 0.42909090909, 0.018181818182],
      [0.015625, 0.0625, 0.09375, 0.375, 0.4375, 0.015625],
      [5.7134120551e-19, 0.041666666667, 0.083333333333, 0.33333333333, 0.45833333333, 0.083333333333]
    ],
    [
      [0.081632653036, 0.18367346946, 0.02040816324, 0.28571428584, 0.42857142839, 2.5467761492e-11],
      [0.030487804855, 0.1890243903, 0.048780487797, 0.28048780479, 0.4390243903, 0.012195121944],
      [0.029535865, 0.1814345991, 0.042194092838, 0.29113924051, 0.44303797472, 0.012658227838],
      [4.3913321111e-16, 0.16666666679, 0.033333333333, 0.29999999992, 0.49999999983, 1.2486816144e-10],
      [0.027027027027, 0.16216216206, 0.027027027027, 0.27027027054, 0.45945945932, 0.05405405402]
    ],
    [
      [0, 0.096162890871, 0.032194420596, 0.4026725318, 0.43921788032, 0.029752276418],
      [0, 0.07982606286, 0.039527874483, 0.41878931821, 0.40292789182, 0.058928852627],
      [0, 0.063042290285, 0.032421694915, 0.37274762822, 0.46674513065, 0.065043255933],
      [0, 0.058832864958, 0.029394896594, 0.4229833945, 0.42245304765, 0.066335796303],
      [0, 0.059228301875, 0.042688051118, 0.32089086835, 0.35512744845, 0.2220653302]
    ],
    [
      [0.11111111111, 0.055555555556, 0.11111111111, 0.38888888889, 0.33333333333, 2.8528425531e-15],
      [0.030651340996, 0.038314176245, 0.13026819923, 0.44061302682, 0.33333333333, 0.026819923372],
      [0.031847133758, 0.03821656051, 0.12101910828, 0.45222929936, 0.33121019108, 0.025477707006],
      [0.024691358025, 0.037037037037, 0.12345679012, 0.43209876543, 0.35802469136, 0.024691358025],
      [0.032258064516, 0.032258064516, 0.096774193548, 0.41935483871, 0.32258064516, 0.096774193548]
    ],
    [
      [0.39999857795, 3.0574803887e-07, 1.4740708111e-06, 0.39999754293, 0.20000115976, 9.3954082737e-07],
      [0.022556326373, 0.052631483938, 0.13533822933, 0.47368449966, 0.29323310179, 0.022556358913],
      [0.022988651894, 0.034482900188, 0.14942532495, 0.48275846286, 0.2873561632, 0.022988496912],
      [0.016949084701, 0.033898253242, 0.11864406857, 0.50847446258, 0.30508490594, 0.016949224971],
      [4.993176133e-07, 1.3213368114e-07, 0.07142891521, 0.42857101926, 0.42857114392, 0.071428290156]
    ],
    [
      [0.24991435386, 5.3486893863e-05, 0.083323905239, 0.25006072992, 0.41664519107, 2.3330102843e-06],
      [0.029432858624, 0.1175953849, 0.088237062274, 0.29416696471, 0.44115335689, 0.029414372598],
      [0.043472826237, 0.043485209249, 0.10868546389, 0.3260659059, 0.43480782758, 0.043482767146],
      [2.2348266979e-05, 3.7911591718e-05, 0.066692262917, 0.46655546581, 0.46668598976, 6.0216532763e-06],
      [2.8166190756e-05, 2.8346403175e-05, 1.72171479e-05, 0.25002884778, 0.49994920723, 0.24994821525]
    ],
    [
      [0.28571280118, 1.9983844447e-06, 0.14285711533, 0.28571461255, 0.28571339878, 7.3777839171e-08],
      [0.044117692562, 0.13235263435, 0.13235297824, 0.33823563017, 0.30882351083, 0.044117553843],
      [0.033333319147, 0.083333142336, 0.16666676714, 0.34999953449, 0.31666709621, 0.050000140676],
      [2.805087757e-07, 0.083333653093, 0.12499986709, 0.41666674084, 0.33333281115, 0.041666647313],
      [1.0117971913e-07, 0.071429332922, 0.14285677385, 0.28571435788, 0.35714244515, 0.14285698901]
    ],
    [
      [0, 0, 0, 0, 0, 0],
      [0.11155465306, 0.045861942525, 0.10810729848, 0.19743699671, 0.49411986996, 0.042919239256],
      [0.070398835197, 0.00873929356, 0.11808541037, 0.20244376939, 0.54943299967, 0.050899691805],
      [0.035868724163, 0.012017983436, 0.080918909671, 0.22266819952, 0.61492929476, 0.033596888451],
      [0.020048838415, 0.009759792496, 0.038812599984, 0.18805286552, 0.48147427051, 0.26185163308]
    ],
    [
      [0.2475499914, 0.0014843167634, 0.0012919026089, 0.25020968959, 0.49945057813, 1.352150926e-05],
      [0.00029597813535, 0.13422635543, 0.053917301586, 0.2984214932, 0.51307069619, 6.817546517e-05],
      [0.014262995227, 0.05729303293, 0.05688568509, 0.327983191, 0.52937945515, 0.014195640593],
      [2.6799243235e-05, 0.00097264865872, 0.0016352447061, 0.37376259485, 0.62294884271, 0.00065386982647],
      [2.497594883e-05, 0.0010437875222, 0.00053470187986, 0.22318242935, 0.66426992512, 0.11094418018]
    ],
    [
      [0.24999999994, 3.2956515255e-11, 5.5440177794e-11, 0.24999999999, 0.49999999996, 2.9718072508e-11],
      [0.044247787594, 0.061946902639, 0.079646017708, 0.27433628325, 0.50442477872, 0.035398230084],
      [0.044198895028, 0.049723756884, 0.088397790028, 0.28176795578, 0.50276243101, 0.03314917127],
      [0.047619047656, 0.023809523913, 0.071428571507, 0.28571428563, 0.54761904748, 0.023809523812],
      [6.8776219606e-11, 7.2333901968e-11, 0.066666666662, 0.26666666662, 0.46666666657, 0.20000000001]
    ],
    [
      [0, 0, 0, 0, 0, 0],
      [0, 0.027470450505, 0.057971773248, 0.51345916547, 0.23582210594, 0.16527650484],
      [0, 0.042199317159, 0.07450305274, 0.45641807398, 0.26870493796, 0.15817461816],
      [0, 0.027223193587, 0.056686773895, 0.49389054754, 0.2696283761, 0.15257110887],
      [0, 0.02327512618, 0.04679053482, 0.28994830025, 0.14515177046, 0.49483426829]
    ],
    [
      [0.67362838272, 0.028410002524, 0.021050785873, 0.056520449205, 0.15655685518, 0.063833524505],
      [0.0074876007462, 0.085065192551, 0.18853020246, 0.36947660153, 0.26989854687, 0.079541855845],
      [0.0095726942518, 0.01673344419, 0.17791655741, 0.42132339727, 0.32021007293, 0.054243833951],
      [0.0095654319687, 0.0087623991723, 0.17509537061, 0.37004928523, 0.38442384113, 0.052103671887],
      [0.0014600325053, 0.014936359569, 0.17754946873, 0.31907681126, 0.19055336557, 0.29642396237]
    ],
    [
      [0.1388888889, 0.055555555571, 0.027777777782, 0.24999999999, 0.52777777776, 2.0238223915e-21],
      [0.059701492537, 0.059701492537, 0.054726368163, 0.26865671642, 0.54726368159, 0.0099502487582],
      [0.061662198392, 0.053619302948, 0.050938337799, 0.27345844504, 0.54959785523, 0.010723860589],
      [0.056338028166, 0.042253521127, 0.042253521127, 0.2676056338, 0.59154929578, 2.5885464811e-22],
      [0.046511627907, 0.046511627907, 0.046511627905, 0.25581395349, 0.53488372093, 0.069767441857]
    ],
    [
      [0.51358578495, 0.035995546267, 0.039588683432, 0.31741382823, 0.087427948488, 0.0059882086294],
      [0.043130584164, 0.075196396674, 0.1186006965, 0.37870344949, 0.30662882626, 0.07774004691],
      [0.0083982892166, 0.094744226899, 0.19244169258, 0.35888018, 0.28437147019, 0.06116414111],
      [0.011654715416, 0.01391678597, 0.082972120966, 0.45653330568, 0.37270693714, 0.062216134837],
      [0.0039525065742, 0.0075863913109, 0.029694519869, 0.29787533447, 0.35202538381, 0.30886586397]
    ],
    [
      [0.093841073088, 0.037577319559, 0.11955657084, 0.33903697447, 0.40998806204, 0],
      [0.023500413003, 0.029233376992, 0.11746943986, 0.41975423427, 0.41004253587, 0],
      [0.024905732071, 0.028245449719, 0.11032617238, 0.36745395074, 0.46906869509, 0],
      [0.022204417286, 0.0201882857, 0.096481925748, 0.39221862406, 0.4689067472, 0],
      [0, 0, 0, 0, 0, 0]
    ],
    [
      [0.29999784737, 1.0827318521e-06, 0.10000152826, 0.30000014822, 0.29999932499, 6.8426898447e-08],
      [0.019802077398, 0.089108853916, 0.11881177136, 0.36633668062, 0.38613856736, 0.019802049343],
      [0.021052659786, 0.073684103729, 0.094736910411, 0.39999989344, 0.38947391459, 0.021052518045],
      [2.3342240468e-07, 0.06249999079, 0.093749502818, 0.34374981581, 0.46875004595, 0.031250411207],
      [1.1142030593e-07, 0.071428954831, 0.071428945059, 0.35714355657, 0.35714200647, 0.14285642565]
    ],
    [
      [0.10518178624, 0.10510042081, 0.052794317289, 0.31554536494, 0.42137810948, 1.2429578879e-09],
      [0.012658228147, 0.044333151719, 0.094897569415, 0.35451844534, 0.46827615014, 0.025316455247],
      [0.010204081512, 0.04081632641, 0.096938775385, 0.35710341789, 0.46944297002, 0.025494428789],
      [3.3609005401e-05, 0.021705522972, 0.087023738719, 0.36956521277, 0.49986556809, 0.021806348441],
      [2.6308343638e-09, 7.5893865796e-12, 5.2625875387e-09, 0.33316155661, 0.4446162159, 0.22222221958]
    ],
    [
      [0.24975695676, 0.24970623511, 0.00040962136538, 0.0003628765914, 0.49955062649, 0.00021368369192],
      [0.055548227601, 0.055541822243, 0.055505244198, 0.19473910549, 0.63866369385, 1.9066127561e-06],
      [0.054349765159, 0.021727291262, 0.065111719089, 0.21733152604, 0.64147068492, 9.0135209848e-06],
      [0.055550806548, 8.1366496172e-05, 0.00042589931788, 0.27740778566, 0.66653212028, 2.0216895614e-06],
      [0.0001428833595, 0.00016175822231, 0.00027854744167, 0.12501251973, 0.74962791714, 0.1247763741]
    ],
    [
      [0.39996751721, 8.7355740105e-06, 2.8027440078e-06, 3.2842603088e-06, 0.60001762132, 3.8890176729e-08],
      [0.02272831477, 0.0681784388, 0.068184341222, 0.18182112225, 0.65908629011, 1.4928434597e-06],
      [0.038461124031, 0.030769016881, 0.053843533768, 0.20769117832, 0.66154315074, 0.0076919962577],
      [0.033336763781, 0.033334820993, 0.033333445004, 0.19999918985, 0.69999015137, 5.6289970912e-06],
      [6.7526631478e-06, 8.8190662912e-06, 2.1223249751e-05, 0.10000253223, 0.69998009909, 0.1999805737]
    ],
    [
      [0, 0, 0, 0, 0, 0],
      [0.13921649802, 0.008894149435, 0.022218952655, 0.077357449908, 0.74978745982, 0.0025254901556],
      [0.026483602612, 0.037096980671, 0.071148284326, 0.090971247033, 0.77283705049, 0.0014628348725],
      [0.0057567657, 0.00059462644285, 0.068883393291, 0.172207407, 0.75185507259, 0.00070273498155],
      [0.0075833010907, 0.0025428423105, 0.0088168623496, 0.0088630300989, 0.85182484299, 0.12036912116]
    ],
    [
      [0.28571428571, 0.14285714286, 4.0441659605e-15, 2.2533220452e-15, 0.57142857143, 1.9844626254e-15],
      [0.013157894737, 0.039473684211, 0.092105263158, 0.13157894737, 0.71052631579, 0.013157894737],
      [0.016, 0.029333333333, 0.088, 0.14133333333, 0.712, 0.013333333333],
      [2.1576253314e-16, 0.020408163265, 0.081632653061, 0.16326530612, 0.73469387755, 3.2693928567e-16],
      [1.0546022426e-15, 8.8533343198e-16, 0.05, 0.1, 0.75, 0.1]
    ],
    [
      [0, 0, 0, 0, 0, 0],
      [0.014848954874, 0.083656913916, 0.048333785859, 0.36075142031, 0.49007203902, 0.0023368860149],
      [0.0066310931433, 0.044713873742, 0.052053425049, 0.38203514618, 0.50935924419, 0.0052072176888],
      [0.0039536904374, 0.021215427341, 0.053338980845, 0.29654568566, 0.62253345732, 0.0024127584009],
      [0.0021415389619, 0.014080054038, 0.0084992492662, 0.33144877493, 0.53884976877, 0.10498061403]
    ],
    [
      [0.27272726807, 7.2076465753e-07, 3.5607873825e-07, 0.090908735563, 0.63636291518, 4.3425170441e-09],
      [3.7363532956e-11, 0.11428594046, 0.057142857194, 0.11428594319, 0.71428525642, 2.6906501792e-09],
      [0.022471865577, 0.067415596973, 0.06741570727, 0.11235946258, 0.71348341355, 0.016853954047],
      [4.6385632923e-09, 0.047619421044, 0.047619049795, 0.19047618139, 0.71428534305, 8.0993909421e-11],
      [5.2532480047e-07, 3.484032194e-09, 9.4451501552e-09, 0.066667449885, 0.7999989428, 0.13333306906]
    ],
    [
      [0.22222222181, 0.11111111115, 4.521985187e-10, 0.11111111196, 0.55555555434, 2.865071448e-10],
      [0.031746031762, 0.11111111106, 0.11111111129, 0.15873015873, 0.57142857131, 0.015873015848],
      [0.038961038926, 0.090909090863, 0.090909090797, 0.17532467528, 0.58441558468, 0.019480519453],
      [0.032258064513, 0.064516129094, 0.064516129141, 0.19354838696, 0.64516128999, 2.9955282046e-10],
      [6.2255679764e-10, 0.076923077531, 0.076923076823, 0.15384615408, 0.53846153756, 0.15384615338]
    ],
    [
      [0.1021970108, 0.060255106212, 0.036032775165, 0.1982904084, 0.60322469943, 0],
      [0.031408959553, 0.024959523941, 0.059202039247, 0.20613487526, 0.678294602, 0],
      [0.02190405392, 0.021695642377, 0.048938151222, 0.1871623266, 0.72029982589, 0],
      [0.016691565432, 0.028537183489, 0.030289328198, 0.25334191135, 0.67114001153, 0],
      [0.016780938773, 0.039233226148, 0.05447225368, 0.19806984169, 0.69144373971, 0]
    ],
    [
      [0, 0, 0, 0, 0, 0],
      [0.043644792152, 0, 0.042556181048, 0.79744939496, 0.039832777779, 0.076516854061],
      [0.03848415619, 0, 0.040731305136, 0.79492552657, 0.055357781105, 0.070501230994],
      [0.027624794179, 0, 0.043096231956, 0.83694268047, 0.048838114647, 0.043498178744],
      [0.022511050396, 0, 0.02431753682, 0.62421836717, 0.043790767572, 0.28516227804]
    ],
    [
      [0.61084977633, 0.014597636515, 0.0038901331551, 0.33071275012, 0.034858735395, 0.0050909684843],
      [0.0352802903, 0.13242836297, 0.099420632325, 0.38907468514, 0.27741663946, 0.066379389804],
      [0.0053648495391, 0.065359903649, 0.11904525861, 0.49015203211, 0.259234291, 0.060843665088],
      [0.0025867695371, 0.0086808168105, 0.017709954096, 0.48140103557, 0.48006806, 0.0095533639887],
      [0.0031492086168, 0.083381630947, 0.0048939577149, 0.33592125686, 0.40517067611, 0.16748326974]
    ],
    [
      [0.19542917922, 0.19501670682, 0.0040123780659, 0.20460969544, 0.3985897018, 0.0023423386516],
      [0.00049166841518, 0.061481002796, 0.11989619738, 0.21206103156, 0.575058353, 0.031011746848],
      [0.014550131801, 0.057539552367, 0.072143916089, 0.25960810612, 0.56719306987, 0.02896522376],
      [0.00034747729107, 0.0032247318028, 0.0062554742531, 0.14860823265, 0.8412952893, 0.00026879470195],
      [0.00011880544733, 0.0016205688554, 0.00082253313601, 0.012860265348, 0.50236849801, 0.4822093292]
    ],
    [
      [0, 0.1504790274, 0.064866165251, 0.63172215379, 0.11171085509, 0.041221798476],
      [0, 0.090150418023, 0.10830584, 0.57991078851, 0.14608672423, 0.075546229231],
      [0, 0.10095078287, 0.11934113045, 0.61332824378, 0.11306696418, 0.053312878715],
      [0, 0.050330893925, 0.098874041663, 0.57888857772, 0.1933997459, 0.078506740791],
      [0, 0.037762662248, 0.034505093317, 0.52378503669, 0.059853839895, 0.34409336785]
    ],
    [
      [0.4983979639, 0.00059584079348, 0.0002036697803, 0.25005843408, 0.25063571158, 0.00010837985658],
      [7.8076692532e-06, 0.067626660572, 0.13551445378, 0.28816959998, 0.47474837803, 0.033933099968],
      [5.8343264158e-05, 0.046521708173, 0.10476591604, 0.33705504425, 0.47667686676, 0.034922121515],
      [4.9334087034e-06, 0.034629360486, 0.10328977481, 0.27602240286, 0.55157069903, 0.034482829395],
      [8.7433592608e-05, 0.0002805895667, 0.11095114434, 0.22293070845, 0.44417133742, 0.22157878663]
    ],
    [
      [0.65197369576, 0.00012811273413, 1.8532125362e-05, 0.00012939403106, 0.3477416106, 8.6547583608e-06],
      [0.048773375645, 0.16947817304, 0.096148205367, 0.14810327297, 0.53698633097, 0.00051064201073],
      [0.03921660729, 0.11692454776, 0.091578754216, 0.18050983519, 0.55872756055, 0.013042694997],
      [0.00010138284409, 0.063977005463, 0.061629522991, 0.25166118334, 0.62261243447, 1.8470896596e-05],
      [0.0020972385848, 0.093108027485, 0.0018392310079, 0.091049216636, 0.63241040772, 0.17949587856]
    ],
    [
      [0.97553090756, 5.9925445175e-05, 0.00097837207219, 0.022693799113, 0.00049267674849, 0.0002443190631],
      [0.11525904793, 0.038820919305, 0.056823847768, 0.40450647558, 0.32729300351, 0.057296705905],
      [0.055593323666, 0.027197719816, 0.11149360989, 0.41550933377, 0.33471659585, 0.055489416998],
      [0.00036080148208, 5.9432985938e-05, 0.0023993336662, 0.5445795034, 0.45228019818, 0.00032073028647],
      [0.002852236869, 0.00016451049902, 0.00044654638264, 0.33269543528, 0.32837683443, 0.33546443654]
    ],
    [
      [0.2863582563, 0.036051084045, 0.013533890623, 0.014750189914, 0.64682675103, 0.0024798280927],
      [0.00026551195751, 0.054783469486, 0.059623149353, 0.067342031826, 0.81419317249, 0.0037926648885],
      [0.0011081930458, 0.017225034555, 0.044099381146, 0.096623111638, 0.83143337544, 0.0095109041796],
      [0.001350618227, 0.0065162918288, 0.0087546137237, 0.01452626698, 0.96738838439, 0.001463824854],
      [0.0003347035076, 0.00020368243155, 0.0024422419559, 0.012376646395, 0.69556022427, 0.28908250144]
    ],
    [
      [0, 0.17122845015, 0.018375461822, 0.47841099377, 0.31879750147, 0.013187592797],
      [0, 0.14557703342, 0.032603818178, 0.47823261812, 0.31289230396, 0.030694226313],
      [0, 0.13609555794, 0.022625691005, 0.43947801587, 0.37586092187, 0.025939813321],
      [0, 0.093967915261, 0.027199641292, 0.50457335119, 0.3420000452, 0.032259047056],
      [0, 0, 0, 0, 0, 0]
    ],
    [
      [0.53936163719, 0.061588923234, 0.072237098037, 0.1782167685, 0.11839163311, 0.030203939933],
      [0.027919814076, 0.088899438814, 0.12720376242, 0.42954801039, 0.29274036972, 0.03368860458],
      [0.025982378421, 0.040461785304, 0.18988013073, 0.45195329479, 0.27815099754, 0.013571413213],
      [0.015110808871, 0.048523802809, 0.10681600568, 0.42546105496, 0.39124587548, 0.012842452202],
      [0.020004138551, 0.034285075889, 0.041021281793, 0.35143094613, 0.29838436919, 0.25487418845]
    ],
    [
      [0.16279015208, 0.00058503112731, 0.16598322987, 0.33908570275, 0.33096671475, 0.00058916942214],
      [0.028605439039, 0.028518618266, 0.18950013167, 0.40592302891, 0.3328116672, 0.014641114911],
      [0.00045396418945, 0.020724861943, 0.2482151562, 0.39612261414, 0.33395947086, 0.00052393266994],
