{
  "X": [
    [20, 43, 117, 157, 34],
    [16, 10, 13, 147, 4],
    [38, 25, 103, 169, 30],
    [2, 2, 5, 8, 5],
    [9, 21, 28, 119, 7],
    [15, 6, 15, 58, 7],
    [53, 56, 168, 402, 43],
    [39, 23, 113, 168, 17],
    [113, 56, 251, 653, 39],
    [9, 10, 31, 46, 2],
    [7, 7, 22, 34, 12],
    [13, 8, 37, 89, 6],
    [9, 3, 20, 8, 9],
    [15, 13, 28, 149, 14],
    [40, 48, 130, 212, 22],
    [28, 11, 37, 126, 5],
    [79, 17, 138, 176, 34],
    [78, 28, 167, 234, 36],
    [1, 7, 12, 9, 2],
    [16, 8, 44, 88, 2],
    [62, 54, 152, 337, 56],
    [94, 52, 313, 524, 93],
    [37, 92, 86, 302, 17],
    [4, 6, 6, 26, 3],
    [4, 5, 11, 26, 4],
    [38, 25, 125, 201, 40],
    [122, 221, 454, 1288, 76],
    [44, 93, 214, 729, 41],
    [7, 51, 51, 37, 6],
    [3, 3, 7, 16, 4],
    [78, 117, 313, 550, 40],
    [58, 90, 191, 401, 42],
    [13, 6, 6, 88, 3],
    [16, 1, 6, 62, 5],
    [9, 6, 33, 45, 3],
    [4, 0, 5, 1, 1],
    [55, 41, 196, 347, 33],
    [0, 1, 2, 8, 0],
    [1, 2, 11, 13, 1],
    [21, 10, 99, 58, 29],
    [7, 8, 27, 12, 1],
    [3, 5, 12, 26, 7],
    [16, 11, 39, 41, 8],
    [27, 9, 39, 106, 9],
    [2, 1, 1, 26, 2],
    [24, 18, 78, 244, 17],
    [7, 1, 2, 19, 2],
    [26, 28, 86, 86, 21],
    [30, 41, 81, 174, 20],
    [7, 10, 12, 49, 6],
    [6, 28, 7, 37, 11],
    [0, 1, 5, 1, 2],
    [85, 92, 237, 683, 30],
    [13, 10, 31, 135, 12],
    [11, 4, 10, 41, 1],
    [13, 20, 53, 82, 8],
    [3, 4, 13, 5, 6],
    [33, 30, 92, 353, 31],
    [0, 2, 6, 6, 7],
    [17, 43, 43, 48, 5],
    [4, 2, 5, 15, 3],
    [8, 5, 7, 28, 4],
    [43, 16, 98, 179, 14],
    [6, 6, 9, 28, 8],
    [22, 33, 62, 67, 12],
    [1, 2, 7, 6, 6],
    [3, 8, 5, 81, 6],
    [42, 15, 108, 287, 32],
    [48, 85, 163, 272, 25],
    [0, 4, 2, 13, 1],
    [15, 10, 32, 29, 8],
    [44, 55, 158, 303, 26],
    [3, 2, 5, 57, 3],
    [2, 11, 10, 47, 7],
    [13, 15, 32, 101, 10],
    [13, 6, 13, 100, 6],
    [7, 6, 8, 28, 3],
    [6, 5, 8, 25, 5],
    [0, 0, 3, 2, 5],
    [0, 2, 14, 11, 6],
    [55, 31, 95, 226, 20],
    [3, 12, 16, 40, 5],
    [7, 4, 41, 52, 7],
    [15, 16, 25, 81, 8],
    [37, 19, 59, 136, 15],
    [14, 9, 31, 59, 7],
    [10, 6, 15, 66, 4],
    [10, 3, 22, 41, 5],
    [6, 7, 24, 79, 3],
    [9, 9, 7, 65, 1],
    [4, 0, 1, 1, 2],
    [8, 8, 7, 2, 1],
    [9, 37, 47, 39, 5],
    [5, 13, 26, 77, 7],
    [13, 2, 16, 45, 5],
    [52, 88, 199, 731, 34],
    [11, 8, 33, 54, 6],
    [15, 23, 45, 112, 6],
    [10, 9, 15, 24, 3],
    [21, 15, 41, 92, 3],
    [3, 9, 9, 11, 8],
    [18, 4, 54, 80, 7],
    [152, 188, 515, 1314, 107],
    [25, 35, 76, 170, 24],
    [142, 233, 438, 852, 144],
    [13, 44, 62, 164, 11]
  ],
  "W": [
    [26, 132, 148, 33, 32],
    [7, 20, 133, 20, 10],
    [5, 114, 168, 45, 33],
    [1, 10, 4, 3, 4],
    [15, 39, 107, 14, 9],
    [4, 23, 54, 14, 6],
    [33, 244, 326, 68, 51],
    [9, 152, 139, 45, 15],
    [39, 340, 514, 133, 86],
    [5, 38, 38, 12, 5],
    [3, 31, 24, 14, 10],
    [6, 42, 81, 14, 10],
    [1, 25, 6, 7, 10],
    [14, 29, 141, 23, 12],
    [27, 162, 187, 48, 28],
    [17, 37, 109, 29, 15],
    [16, 171, 150, 67, 40],
    [15, 219, 185, 70, 54],
    [3, 16, 9, 2, 1],
    [7, 46, 78, 23, 4],
    [26, 205, 280, 86, 64],
    [33, 366, 440, 135, 102],
    [67, 117, 275, 44, 31],
    [3, 11, 25, 3, 3],
    [5, 15, 19, 6, 5],
    [21, 150, 158, 48, 52],
    [165, 632, 1053, 169, 142],
    [65, 316, 591, 74, 75],
    [42, 57, 38, 10, 5],
    [4, 6, 16, 3, 4],
    [84, 337, 519, 84, 74],
    [60, 231, 357, 80, 54],
    [2, 17, 82, 14, 1],
    [2, 10, 61, 14, 3],
    [6, 31, 37, 8, 14],
    [1, 4, 1, 4, 1],
    [23, 225, 301, 60, 63],
    [0, 4, 6, 1, 0],
    [0, 11, 14, 2, 1],
    [6, 123, 40, 25, 23],
    [3, 33, 13, 5, 1],
    [6, 13, 23, 5, 6],
    [6, 44, 46, 15, 4],
    [12, 47, 90, 24, 17],
    [1, 3, 24, 2, 2],
    [16, 106, 195, 32, 32],
    [0, 1, 18, 3, 9],
    [30, 95, 78, 28, 16],
    [27, 102, 164, 29, 24],
    [10, 14, 46, 8, 6],
    [21, 21, 29, 9, 9],
    [2, 7, 0, 0, 0],
    [56, 317, 579, 107, 68],
    [6, 50, 113, 14, 18],
    [0, 14, 41, 8, 4],
    [22, 48, 69, 27, 10],
    [0, 15, 4, 3, 9],
    [25, 100, 304, 46, 64],
    [5, 6, 7, 0, 3],
    [36, 51, 30, 22, 17],
    [0, 8, 14, 5, 2],
    [4, 11, 24, 9, 4],
    [12, 109, 171, 41, 17],
    [6, 10, 24, 9, 8],
    [28, 88, 43, 18, 19],
    [2, 12, 4, 0, 4],
    [1, 15, 73, 5, 9],
    [14, 123, 247, 55, 45],
    [63, 185, 249, 56, 40],
    [2, 4, 14, 0, 0],
    [12, 32, 26, 16, 8],
    [34, 191, 257, 68, 36],
    [1, 9, 49, 2, 9],
    [7, 16, 40, 3, 11],
    [12, 39, 87, 20, 13],
    [5, 23, 80, 16, 14],
    [2, 16, 23, 9, 2],
    [0, 15, 22, 4, 8],
    [0, 4, 0, 2, 4],
    [0, 15, 6, 4, 8],
    [18, 129, 182, 68, 30],
    [11, 23, 36, 4, 2],
    [6, 42, 49, 11, 3],
    [10, 35, 71, 15, 14],
    [15, 71, 115, 50, 15],
    [6, 37, 49, 20, 8],
    [6, 23, 56, 13, 3],
    [4, 20, 37, 11, 9],
    [3, 31, 70, 8, 7],
    [4, 11, 59, 12, 5],
    [2, 1, 1, 4, 0],
    [2, 13, 0, 4, 7],
    [29, 52, 33, 13, 10],
    [9, 34, 68, 9, 8],
    [4, 22, 43, 6, 6],
    [71, 266, 595, 82, 90],
    [9, 41, 40, 14, 8],
    [23, 49, 105, 15, 9],
    [11, 15, 23, 9, 3],
    [6, 53, 80, 23, 10],
    [4, 14, 5, 4, 13],
    [5, 62, 70, 17, 9],
    [147, 618, 1103, 218, 190],
    [33, 94, 152, 29, 22],
    [151, 631, 702, 165, 160],
    [36, 84, 128, 24, 22]
  ],
  "method": "mvn_cdf",
  "mvncdf_method": "genz",
  "mvncdf_samples": 5000,
  "mvncdf_error": 1e-06,
  "cond_prob": [
    [
      [0.0056123669264, 0.82588128204, 0.077739905198, 0.03648562262, 0.054280823215],
      [0.021603908748, 0.11395661164, 0.67773270404, 0.09785471798, 0.088852057586],
      [0.015435507774, 0.030618450223, 0.080608206737, 0.8659509569, 0.007386878364],
      [0.39564693648, 0.0078450820153, 0.27673102759, 0.21044447016, 0.10933248376],
      [0.051923701585, 0.052949862205, 0.13924709448, 0.25091068444, 0.50496865729]
    ],
    [
      [0.013597818261, 0.81060541139, 0.047196854305, 0.10280604644, 0.025793869612],
      [0.059208871731, 0.11476763389, 0.46791445784, 0.31064633465, 0.047462701886],
      [0.020424757231, 0.011783665316, 0.0057937576168, 0.95963954746, 0.0023582723749],
      [0.54774877872, 0.0038040003341, 0.09226114307, 0.32765150276, 0.028534575109],
      [0.10491695514, 0.038710194879, 0.06955402386, 0.58823411143, 0.1985847147]
    ],
    [
      [0.0092115002004, 0.8403273252, 0.071534183959, 0.033369934728, 0.045557055913],
      [0.037838425257, 0.12213471823, 0.66505135653, 0.095416924179, 0.079558575808],
      [0.036303342405, 0.027821509594, 0.07545911626, 0.84822429865, 0.012191733085],
      [0.54396943466, 0.0065629988141, 0.21233600448, 0.16052025237, 0.07661130968],
      [0.092811391995, 0.057747179921, 0.13921886979, 0.24940992241, 0.46081263589]
    ],
    [
      [0.0064462776144, 0.75516740522, 0.040360329952, 0.061455828959, 0.13657015825],
      [0.057745064328, 0.11554406744, 0.44595244691, 0.26006194842, 0.1206964729],
      [0.011207855265, 0.007881521988, 0.019243837475, 0.94152319569, 0.020143589583],
      [0.42199426964, 0.003015743412, 0.10117970771, 0.27020456903, 0.20360571021],
      [0.026322212279, 0.012204650547, 0.029900181989, 0.19030454925, 0.74126840594]
    ],
    [
      [0.0060414117845, 0.85777648531, 0.047360527908, 0.061340648825, 0.027480926168],
      [0.030626198359, 0.14760985535, 0.54633401855, 0.2164101079, 0.059019819842],
      [0.010717873526, 0.016259933397, 0.026334811668, 0.93852468074, 0.0081627006658],
      [0.42792205515, 0.0074544100273, 0.16404902817, 0.34671774959, 0.053856757057],
      [0.064137316419, 0.059154860884, 0.096450457219, 0.48485630286, 0.29540106262]
    ],
    [
      [0.027222574571, 0.75526242921, 0.063935878902, 0.075663765534, 0.077915351781],
      [0.096850693873, 0.08332737373, 0.5169088888, 0.18597045755, 0.11694258605],
      [0.031704881466, 0.016421530977, 0.025541199383, 0.91638061307, 0.0099517751021],
      [0.71777419441, 0.0020962321157, 0.077001552598, 0.14974234042, 0.053385680457],
      [0.15044023697, 0.024385127498, 0.06635092315, 0.30651309041, 0.45231062197]
    ],
    [
      [0.011777986966, 0.77742708221, 0.073550414956, 0.087591072398, 0.049653443475],
      [0.040867080009, 0.098178342526, 0.57583111517, 0.21187297676, 0.073250485536],
      [0.016956668174, 0.012798582024, 0.029467139052, 0.93386109617, 0.0069165145841],
      [0.48525808018, 0.0044321436145, 0.15415610997, 0.29729331827, 0.058860347966],
      [0.080673247661, 0.037562102065, 0.097669439161, 0.4462318684, 0.33786334271]
    ],
    [
      [0.016162384667, 0.77567763265, 0.09028741299, 0.074651349042, 0.043221220648],
      [0.050200723811, 0.08845822005, 0.63909011116, 0.16249599516, 0.059754949816],
      [0.025766120049, 0.013117127974, 0.042365605715, 0.91255941905, 0.0061917272141],
      [0.57509931865, 0.0036950954311, 0.1612282457, 0.21630174285, 0.043675597373],
      [0.11753789952, 0.038912785048, 0.12677507573, 0.40329392786, 0.31348031184]
    ],
    [
      [0.020511678479, 0.71193868726, 0.099621615096, 0.12826389131, 0.039664127853],
      [0.05432921302, 0.069041706373, 0.59551372067, 0.23820417087, 0.04291118907],
      [0.021504514323, 0.0038585389952, 0.033667209555, 0.94096973713, 0],
      [0.54773625856, 0.0026605789026, 0.13590211729, 0.28310981989, 0.030591225361],
      [0.11425429492, 0.028175174329, 0.1076763334, 0.53135161878, 0.21854257857]
    ],
    [
      [0.0083117002824, 0.8544329611, 0.07049544623, 0.051145663719, 0.015614228671],
      [0.040350452712, 0.12230053738, 0.67322014503, 0.15034693277, 0.013781932113],
      [0.018876938515, 0.018091097469, 0.046308361697, 0.91356872202, 0.0031548802995],
      [0.51594205341, 0.0059125241245, 0.20633367523, 0.24587873595, 0.025933011289],
      [0.10329919821, 0.064400556183, 0.16588708208, 0.47298639363, 0.1934267699]
    ],
    [
      [0.0058950478437, 0.79675690521, 0.056196416691, 0.051980254257, 0.089171375999],
      [0.028433769077, 0.12373478815, 0.57388381504, 0.17952175687, 0.094425870861],
      [0.013169330606, 0.016156769417, 0.036266433888, 0.91680199557, 0.017605470517],
      [0.38613082708, 0.0057926643871, 0.17728797539, 0.2701594592, 0.16062907395],
      [0.037897250138, 0.030509108424, 0.068858641481, 0.24934044519, 0.61339455477]
    ],
    [
      [0.017732215925, 0.73108354473, 0.11806147528, 0.090761977346, 0.042360786725],
      [0.045194279047, 0.06233974525, 0.68627098945, 0.16059749318, 0.045597493075],
      [0.025081032787, 0.0080779192396, 0.043367488852, 0.91640900692, 0.0070645521969],
      [0.55839671171, 0.0027587188827, 0.1786093401, 0.22397226978, 0.036262959536],
      [0.11463293648, 0.030229590839, 0.14549522331, 0.43455920846, 0.27508304091]
    ],
    [
      [0.02542654136, 0.74028604629, 0.09989225969, 0.041017305815, 0.093377846842],
      [0.08151614025, 0.076880849255, 0.70302931836, 0.029291364647, 0.10928232748],
      [0.063897240699, 0.015836732041, 0.071637339577, 0.8279400686, 0.020688619082],
      [0.72991376025, 0.0019619165961, 0.12125109681, 0.081844474415, 0.065028751935],
      [0.14438901865, 0.022893891392, 0.10457930661, 0.16861468455, 0.5595230988]
    ],
    [
      [0.013251222139, 0.68551954144, 0.092783007861, 0.099408709039, 0.10903751952],
      [0.036447339552, 0.064355564862, 0.58214970225, 0.19003879499, 0.12700859834],
      [0.017847618639, 0.0086811484622, 0.036950812944, 0.93448080262, 0.0020396173336],
      [0.45757060492, 0.0029758674819, 0.15843235506, 0.27587381342, 0.10514735912],
      [0.059739325158, 0.020327346131, 0.080390644429, 0.33252184503, 0.50702083925]
    ],
    [
      [0.0099488591324, 0.8383033969, 0.071694125739, 0.049191839335, 0.030861778892],
      [0.039874582768, 0.12091632198, 0.64930775673, 0.13734970035, 0.052551638168],
      [0.025127676806, 0.020318194258, 0.050945375999, 0.89557472728, 0.0080340256581],
      [0.53538644371, 0.0061095718311, 0.19465716093, 0.21644622529, 0.047400598242],
      [0.10265262622, 0.060164369595, 0.14307403494, 0.37711700235, 0.31699196689]
    ],
    [
      [0.042391798904, 0.58833494773, 0.16000930344, 0.16410665999, 0.045157289934],
      [0.075705264187, 0.019561220674, 0.65062295679, 0.22906394715, 0.02504661119],
      [0.025975757071, 0, 0.044084145695, 0.92994009723, 0],
      [0.65623529092, 0.0011540148472, 0.12113790695, 0.20219722713, 0.019275560148],
      [0.17440424575, 0.016071619542, 0.12590808385, 0.50050870335, 0.18310734752]
    ],
    [
      [0.049269167965, 0.62739808302, 0.14243129926, 0.094333947382, 0.086567502369],
      [0.066951810057, 0.028743096605, 0.67994743773, 0.14123772415, 0.083119931452],
      [0.059558939937, 0.0081509882216, 0.050743598784, 0.87213127686, 0.0094151962011],
      [0.73909883958, 0.001278463585, 0.10744070535, 0.11525335673, 0.03692863476],
      [0.20773676377, 0.018456396469, 0.11600050709, 0.29493348956, 0.36287284312]
    ],
    [
      [0.030110162479, 0.71584904827, 0.1102975469, 0.087455479083, 0.056287763262],
      [0.061983838739, 0.062363135026, 0.64835228351, 0.16175036372, 0.065550379003],
      [0.040492640347, 0.010385985427, 0.043757424893, 0.89854204615, 0.0068219031803],
      [0.67583909203, 0.0022010323663, 0.12514089203, 0.16069334896, 0.036125634615],
      [0.16988911061, 0.028319595105, 0.12039630853, 0.36640787394, 0.31498711182]
    ],
    [
      [0.0010871348606, 0.95383895957, 0.024486715321, 0.0093169173931, 0.011270272858],
      [0.0091271367769, 0.2093660574, 0.65542797776, 0.048276674012, 0.077802154044],
      [0.011366338454, 0.067201069053, 0.071306177838, 0.84004398661, 0.010082428049],
      [0.35697390325, 0.021946396091, 0.32552808942, 0.20861455475, 0.086937056489],
      [0.034459554402, 0.13992378918, 0.14688043042, 0.22199747469, 0.45673875131]
    ],
    [
      [0.016838518145, 0.71140457412, 0.14246618296, 0.10185260979, 0.027438114988],
      [0.037586939826, 0.053355402073, 0.72827373454, 0.16863746922, 0.012146454337],
      [0.024171736629, 0.0049196590803, 0.049965770974, 0.92094283332, 0],
      [0.5140617943, 0.0026587110346, 0.21245428911, 0.24773709222, 0.02308811333],
      [0.11107860377, 0.030233930933, 0.17959153622, 0.49955350683, 0.17954242225]
    ],
    [
      [0.009742545084, 0.81258505169, 0.063364498062, 0.059593478426, 0.054714426736],
      [0.0394374107, 0.1192807925, 0.5789517536, 0.16814398379, 0.094186059404],
      [0.021117891391, 0.018002923004, 0.040278634874, 0.91777825475, 0.0028222959853],
      [0.4979108704, 0.0057219950412, 0.16482887534, 0.25101119629, 0.080527062939],
      [0.077010627978, 0.045114315284, 0.097095508096, 0.35025279179, 0.43052675685]
    ],
    [
      [0.013996050774, 0.69833337849, 0.1192050148, 0.084514321063, 0.083951234879],
      [0.034715069661, 0.063457595569, 0.66711591091, 0.14614726908, 0.088564154779],
      [0.021471577101, 0.0058924810212, 0.055825011542, 0.91317745185, 0.003633478487],
      [0.47261596787, 0.0033059980161, 0.20593375435, 0.23614226949, 0.082002010273],
      [0.074331031781, 0.02637761912, 0.12291910982, 0.3337631542, 0.44260908509]
    ],
    [
      [0.0064948090747, 0.89740181213, 0.038175098055, 0.040473779038, 0.017454501704],
      [0.040395989365, 0.20150618504, 0.5366125739, 0.17538609731, 0.046099154384],
      [0.020795327539, 0.018146281537, 0.037842364466, 0.92062581547, 0.0025902109875],
      [0.52588547615, 0.0098652838064, 0.15596920547, 0.26797396824, 0.040306066333],
      [0.096156161695, 0.092695323462, 0.10933232308, 0.44532676007, 0.2564894317]
    ],
    [
      [0.0061244650729, 0.92902692516, 0.019622884106, 0.023804183056, 0.021421542603],
      [0.061811490731, 0.23079528519, 0.45208959253, 0.16422994419, 0.091073687363],
      [0.03526704453, 0.017315277569, 0.021346430696, 0.90771665776, 0.018354589441],
      [0.6955097397, 0.0067155107112, 0.080876095365, 0.16561546458, 0.051283189644],
      [0.11116495814, 0.073714205369, 0.063952258782, 0.31076507563, 0.44040350208]
    ],
    [
      [0.011057309676, 0.74316626365, 0.081869568094, 0.10472401586, 0.059182842717],
      [0.034597297798, 0.067579317554, 0.59299108973, 0.2273106425, 0.077521652418],
      [0.017723427972, 0.0070749187884, 0.018210674788, 0.93903056347, 0.017960414985],
      [0.46117213389, 0.0029547307307, 0.15093270169, 0.32293568248, 0.062004751204],
      [0.064395209968, 0.023665415411, 0.088837356497, 0.45750509648, 0.36559692164]
    ],
    [
      [0.016169589022, 0.68650622977, 0.12150789466, 0.09433676454, 0.081479522006],
      [0.038872294949, 0.059485235072, 0.66040886415, 0.15801647992, 0.083217125911],
      [0.022976586704, 0.0015827623438, 0.05100995877, 0.91939774796, 0.0050329442234],
      [0.49802770788, 0.0028811239776, 0.18923771418, 0.23807374371, 0.071779710254],
      [0.0825762252, 0.024465644474, 0.12007732353, 0.35815523234, 0.41472557446]
    ],
    [
      [0.0096082645443, 0.7987530229, 0.070448692021, 0.091029907121, 0.030160113416],
      [0.035041079668, 0.10740951413, 0.57923936962, 0.23152167584, 0.046788360753],
      [0.012217839926, 0.013319992424, 0.031213961614, 0.94211796147, 0.0011302445664],
      [0.44155891176, 0.0051944184183, 0.16608721208, 0.34696779618, 0.040191661561],
      [0.075914313171, 0.04520513774, 0.10816650561, 0.53500419166, 0.23570985182]
    ],
    [
      [0.0081303554001, 0.78028024152, 0.069082055521, 0.10909474404, 0.033412603513],
      [0.028744047762, 0.1010466728, 0.55099183519, 0.26898153549, 0.050235908757],
      [0.0041152677509, 0.011907243631, 0.027532509925, 0.95286845801, 0.0035765206824],
      [0.37355798861, 0.0050195804787, 0.16229078256, 0.41475412944, 0.044377518917],
      [0.057506578777, 0.039232076739, 0.09486686927, 0.5743148288, 0.23407964642]
    ],
    [
      [0.0038010740978, 0.90350074522, 0.055559068831, 0.019022748471, 0.01811636338],
      [0.021837334931, 0.18198811596, 0.72092930695, 0.029808073355, 0.045437168803],
      [0.021195953927, 0.051970730961, 0.090588197722, 0.82726912771, 0.0089759896792],
      [0.44318714726, 0.01318443374, 0.31253622734, 0.17372281197, 0.057369379691],
      [0.071661815001, 0.11458279542, 0.20116696521, 0.26570588206, 0.34688254231]
    ],
    [
      [0.016451632482, 0.65306702591, 0.13660084609, 0.064519862259, 0.12936063325],
      [0.035120213231, 0.034843728803, 0.72842788122, 0.093481500609, 0.10812667614],
      [0.044517490212, 0.0077867028086, 0.071792556528, 0.87590325045, 0],
      [0.58209169332, 0.0016187638799, 0.17949759757, 0.14061959923, 0.096172346004],
      [0.066229316835, 0.012306496739, 0.098963907786, 0.1861801856, 0.63632009304]
    ],
    [
      [0.010889110587, 0.81250392295, 0.096725091047, 0.052038650033, 0.027843225378],
      [0.035457227618, 0.096950567359, 0.71092897481, 0.11811745076, 0.03854577945],
      [0.026454979719, 0.022005110881, 0.061509535056, 0.8873373, 0.0026930743436],
      [0.51764140926, 0.0053992591462, 0.23463838308, 0.20414419945, 0.038176749067],
      [0.10708400205, 0.056799175084, 0.18458047253, 0.38036487889, 0.27117147146]
    ],
    [
      [0.0081662592446, 0.83841708687, 0.06808470305, 0.051112689654, 0.034219261185],
      [0.033658552722, 0.12592472503, 0.63360878358, 0.14684465704, 0.059963281631],
      [0.018913622548, 0.019151680336, 0.047617952419, 0.90603518988, 0.0082815548124],
      [0.48176604568, 0.0068568115118, 0.20462402024, 0.24860530178, 0.058147820785],
      [0.082249108561, 0.059642009368, 0.13299552181, 0.38276177617, 0.3423515841]
    ],
    [
      [0.013363601952, 0.86563199827, 0.024751999216, 0.068836932653, 0.027415467904],
      [0.086885028342, 0.1643779939, 0.30180268365, 0.33981586777, 0.10711842634],
      [0.027280998786, 0.016720219008, 0, 0.95174269949, 0.0042560827123],
      [0.65203882526, 0.0041032888076, 0.055315075648, 0.25342868216, 0.035114128127],
      [0.13064186028, 0.045806105241, 0.045439320517, 0.49455347378, 0.28355924018]
    ],
    [
      [0.074773986301, 0.49282125609, 0.090809345975, 0.15083923927, 0.19075617236],
      [0.15578037885, 0, 0.43264012895, 0.24481341073, 0.16676608146],
      [0.043974880621, 0, 0.012757819357, 0.93165737123, 0.011609928791],
      [0.79089242032, 0, 0.042343538566, 0.11637850276, 0.050385538354],
      [0.17922887882, 0.004785829274, 0.040314499288, 0.26326291012, 0.51240788249]
    ],
    [
      [0.019712110352, 0.68787352157, 0.17981928155, 0.085029289065, 0.02756579746],
      [0.037361153883, 0.042347535607, 0.78669895496, 0.13025657172, 0.0033357838294],
      [0.037650873614, 0.0038023298946, 0.065597831802, 0.89294896469, 0],
      [0.55798316211, 0.0021953594748, 0.23661737451, 0.18268426013, 0.020519843771],
      [0.13332742478, 0.028695441775, 0.22952556673, 0.42509176912, 0.1833597976]
    ],
    [
      [0.088462724521, 0, 0.45334947053, 0.45818780495, 0],
      [0.046647927403, 0, 0.90383596009, 0.049516112507, 0],
      [0, 0, 0.20399819891, 0.16997774026, 0.62602406084],
      [0.86915559203, 0, 0.13084440797, 2.8900477248e-25, 0],
      [0.24832319774, 0, 0.20393085832, 0.17377000477, 0.37397593916]
    ],
    [
      [0.014589391205, 0.75877160224, 0.11173418231, 0.075673380819, 0.039231443422],
      [0.040089322032, 0.075731710277, 0.69345070252, 0.14491225802, 0.045816007152],
      [0.024382650296, 0.012697007066, 0.050310486668, 0.90787339565, 0.0047364603189],
      [0.52637411211, 0.0037745939144, 0.20474344113, 0.22445398359, 0.040653869258],
      [0.10670987427, 0.039053072606, 0.15834353629, 0.41138290603, 0.28451061081]
    ],
    [
      [9.3485023894e-05, 0.98685822466, 0.0035650994487, 0.0093519945985, 0.00013119627288],
      [0, 0.16371590503, 0.45597051284, 0.38031358213, 0],
      [0, 0.045406339098, 0.0074754631595, 0.94711819774, 0],
      [0, 0.072698345296, 0.13126516969, 0.79603648502, 0],
      [0.0078935352456, 0.039520497198, 0.052014565367, 0.90013968086, 0.00043172132825]
    ],
    [
      [0.0017697977359, 0.91237734799, 0.060153049111, 0.015722961978, 0.0099768431891],
      [0.0096670288767, 0.096159664853, 0.81113715867, 0.059342633529, 0.023693514068],
      [0.014874380517, 0.060526935054, 0.066608021541, 0.83376098463, 0.02422967826],
      [0.32083594114, 0.0086657545295, 0.43521254462, 0.1921784851, 0.043107274614],
      [0.043749472841, 0.0775350868, 0.2745538638, 0.29022027618, 0.31394130038]
    ],
    [
      [0.016529139473, 0.64953094732, 0.13749581637, 0.071025596707, 0.12541850012],
      [0.044981922228, 0.041848201175, 0.71273959414, 0.10303441677, 0.097395865689],
      [0.026548530667, 0.010987739229, 0.064909937714, 0.87948951039, 0.018064281998],
      [0.50524843706, 0.0026169141081, 0.20898880158, 0.17521212772, 0.10793371953],
      [0.072821590263, 0.019589267375, 0.11682336846, 0.23220563254, 0.55856014137]
    ],
    [
      [0.012567505317, 0.89272172378, 0.063581330443, 0.019447988553, 0.011681451904],
      [0.064943891353, 0.14250599428, 0.74659958381, 0.027656678513, 0.018293852044],
      [0.063929565532, 0.038975008863, 0.092358068861, 0.79951562391, 0.005221732829],
      [0.75168043565, 0.0046778671203, 0.15177917448, 0.076037101262, 0.015825421485],
      [0.2296625392, 0.089072566661, 0.21191897529, 0.2550970262, 0.21424889265]
    ],
    [
      [0.0091654063412, 0.65575718399, 0.10763045633, 0.075711623916, 0.15173532942],
      [0.022998386711, 0.048917792755, 0.66826889713, 0.15953331212, 0.10028161129],
      [0.02141683756, 0.014398023236, 0.051224710697, 0.91296042851, 0],
      [0.38900219764, 0.0027574329663, 0.20545759392, 0.23870424238, 0.1640785331],
      [0.034738380439, 0.01409731516, 0.076877547297, 0.21336435523, 0.66092240188]
    ],
    [
      [0.016391417354, 0.81265903519, 0.086372947403, 0.028973823407, 0.055602776643],
      [0.057829913576, 0.094079959299, 0.69441595911, 0.070661971978, 0.083012196032],
      [0.057230081632, 0.038155685612, 0.10589275514, 0.77458914734, 0.024132330273],
      [0.67777000891, 0.0038084010758, 0.16659352236, 0.090998336011, 0.060829731637],
      [0.13950035244, 0.043060006353, 0.13937263561, 0.18023861869, 0.49782838691]
    ],
    [
      [0.046118313071, 0.61279504666, 0.13708398077, 0.14129134917, 0.062711310326],
      [0.091701837276, 0.028408188524, 0.61873105593, 0.20070604485, 0.060452873422],
      [0.02295762744, 0, 0.044653976086, 0.927678825, 0.00470957147],
      [0.7019190606, 0.001168212316, 0.10108513977, 0.16968664575, 0.026140941568],
      [0.18966764513, 0.016661028462, 0.10763125882, 0.42986740904, 0.25617265855]
    ],
    [
      [0.01385184727, 0.72881280315, 0.038076830993, 0.12960374883, 0.089654769763],
      [0.065076606905, 0.058905747372, 0.26891725523, 0.41912491126, 0.18797547922],
      [0.021788860451, 0.0030955915492, 0, 0.96861634965, 0.0064991983512],
      [0.57746688843, 0.001230523689, 0.050472568848, 0.30052269743, 0.070307321605],
      [0.056525952171, 0.0088573550896, 0.027113132803, 0.38259186547, 0.52491169446]
    ],
    [
      [0.015661056418, 0.67773576742, 0.1047700594, 0.15050662195, 0.05132649481],
      [0.038812172108, 0.059781807667, 0.58729129058, 0.25992137284, 0.054193356803],
      [0.014170001324, 0, 0.030972951914, 0.94934276257, 0.0055142841907],
      [0.45034136399, 0.0026184101767, 0.1515703482, 0.35347269265, 0.041997184981],
      [0.076914342128, 0.022986468216, 0.099400796322, 0.55022698942, 0.25047140392]
    ],
    [
      [0.033214898157, 0.90139865437, 0.025543282848, 0.027961830617, 0.011881334006],
      [0.25145262201, 0.072490869913, 0.50143219806, 0.13858473098, 0.036039579042],
      [0, 0.018099513643, 0.046769416903, 0.90613896752, 0.02899210193],
      [0.93418295173, 0.00058182395445, 0.02170635394, 0.037844593657, 0.0056842767182],
      [0.43844428031, 0.066663601405, 0.065733248429, 0.27082000807, 0.15833886178]
    ],
    [
      [0.019271520917, 0.69805524176, 0.13460774275, 0.06199836811, 0.086067126462],
      [0.051153877787, 0.058071069602, 0.7211650069, 0.08842745482, 0.081182590893],
      [0.034959314549, 0.0133888921, 0.071712470152, 0.86597673366, 0.01396258954],
      [0.57668910161, 0.0027525915118, 0.19951360196, 0.14898975198, 0.072054952946],
      [0.10550716268, 0.026261561796, 0.14194615847, 0.25134640425, 0.4749387128]
    ],
    [
      [0.011381896574, 0.84359153398, 0.063600202297, 0.044776011361, 0.036650355791],
      [0.049054047263, 0.12941591283, 0.62017706192, 0.13430658757, 0.067046390419],
      [0.029555802435, 0.021073772369, 0.050622074174, 0.8880013427, 0.010747008317],
      [0.58932663083, 0.005771621343, 0.16406797389, 0.18734380454, 0.053489969391],
      [0.11464800325, 0.05829707445, 0.12353095061, 0.33444105108, 0.3690829206]
    ],
    [
      [0.012637719161, 0.78614864297, 0.067229375054, 0.066606644609, 0.067377618203],
      [0.047380411426, 0.091769087926, 0.58232880936, 0.17256247312, 0.10595921817],
      [0.026017882908, 0.013919657362, 0.03456305644, 0.91742535404, 0.0080740492526],
      [0.56382290864, 0.0036443521423, 0.13534360271, 0.22056286521, 0.076626271299],
      [0.083815194256, 0.030714547251, 0.083742250092, 0.32533162048, 0.47639638792]
    ],
    [
      [0.0027897376779, 0.9225660106, 0, 0.058440891966, 0.016203359755],
      [0.029855281374, 0.32370055362, 0.2803059908, 0.18732019424, 0.17881797997],
      [0.032814901573, 0.032553998247, 0, 0.93463110018, 0],
      [0.44500808593, 0.016398829677, 0.090616834982, 0.28182704267, 0.16614920674],
      [0.039749964549, 0.081860748348, 0.033113630932, 0.24425243337, 0.6010232228]
    ],
    [
      [0, 0.47390664039, 0.36618207641, 0.15971562202, 0.00019566117481],
      [0, 0.0074552456018, 0.60966226388, 0.097224107993, 0.28565838252],
      [0.00016487246131, 0.0041518881611, 0.08052100199, 0.91516213514, 1.0224523176e-07],
      [7.7448619424e-05, 0.0018997236578, 0.59982806578, 0.39819431978, 4.4216697928e-07],
      [7.6037110972e-05, 0.00034428707574, 0.0041624844236, 0.0046586257924, 0.9907585656]
    ],
    [
      [0.011458997817, 0.80862637173, 0.071350507157, 0.083381202292, 0.025182921001],
      [0.042309003425, 0.10924783501, 0.59819720108, 0.21611182131, 0.034134139179],
      [0.018382047799, 0.014244885924, 0.031638493893, 0.93573457238, 0],
      [0.50185176531, 0.0049474682134, 0.1595942216, 0.30176076893, 0.031845775951],
      [0.097132315774, 0.048649874064, 0.11736160563, 0.52565420045, 0.21120200408]
    ],
    [
      [0.014770768313, 0.73575967504, 0.070077022754, 0.12055265722, 0.058839876671],
      [0.048034846254, 0.081716968888, 0.51635594521, 0.27277937738, 0.081112862263],
      [0.01805365548, 0.0086659905448, 0.016018708709, 0.94878260341, 0.0084790418547],
      [0.50052614401, 0.0030973538106, 0.11587734077, 0.32531061041, 0.055188551001],
      [0.081233555114, 0.026498534468, 0.073852430452, 0.4928295809, 0.32558589907]
    ],
    [
      [0.015191392273, 0.92244554054, 0.028104874029, 0.026547789883, 0.0077104032778],
      [0.12306472392, 0.1836885472, 0.52010980173, 0.14989596056, 0.02324096659],
      [0.035881314624, 0.026410021381, 0.044416489719, 0.89329217428, 0],
      [0.82688974022, 0.0035724962227, 0.062225293787, 0.097410891739, 0.0099015780301],
      [0.29771051094, 0.079242373204, 0.09989608675, 0.37429756823, 0.14885346088]
    ],
    [
      [0.0091346267018, 0.72696656191, 0.14440780425, 0.077401068515, 0.04208993862],
      [0.020949725892, 0.057817714061, 0.7569746752, 0.12347277603, 0.040785108819],
      [0.011920232111, 0.011348093355, 0.049134621127, 0.91613365132, 0.011463402085],
      [0.38248051016, 0.0039157960403, 0.30142285775, 0.26266778881, 0.049513047244],
      [0.064398157982, 0.034274042842, 0.19595378797, 0.40652310044, 0.29885091076]
    ],
    [
      [0.0024270716552, 0.94291225756, 0.029759964076, 0.0087786171902, 0.016122089516],
      [0.0338937174, 0.18215175141, 0.69974378655, 0, 0.084210744649],
      [0.026686725486, 0.064188533021, 0.091084172004, 0.80225743105, 0.015783138437],
      [0.52041258251, 0.013019878775, 0.2576307785, 0.12717691692, 0.081759843301],
      [0.091512176615, 0.10798999561, 0.15184601981, 0.15660439167, 0.49204741629]
    ],
    [
      [0.012327030447, 0.73091511344, 0.10010161625, 0.10608948315, 0.050566756713],
      [0.034186239555, 0.072867099121, 0.62835963264, 0.20501686432, 0.059570164364],
      [0.013234314531, 0.007608529169, 0.035347974823, 0.93725681178, 0.0065523696998],
      [0.44555795062, 0.0035963360623, 0.18348497462, 0.31495396657, 0.052406772123],
      [0.074285983395, 0.03065606134, 0.11680317423, 0.47550192573, 0.3027528553]
    ],
    [
      [0, 0.11507118468, 0.055370305302, 0.021860640107, 0.80769786991],
      [0, 0.0063327699317, 0.7951267791, 0.19854045097, 0],
      [0, 0.19765354192, 0.13372033702, 0.66862612106, 0],
      [0.061155318824, 0.00042480888245, 0.095137560549, 0.049381211811, 0.79390109993],
      [0, 0.0010242211896, 0.0054484799244, 0.0063570820746, 0.98717021681]
    ],
    [
      [0.0071836154649, 0.88954864431, 0.052139110939, 0.037628367627, 0.013500261659],
      [0.043631335669, 0.16431759248, 0.64385021381, 0.1431344921, 0.0050663659391],
      [0.022114990425, 0.028106259599, 0.046913771574, 0.89914442997, 0.0037205484274],
      [0.54354792114, 0.0085111090298, 0.19294283377, 0.22678294124, 0.028215194827],
      [0.11145222038, 0.092095258932, 0.15496915363, 0.43423306245, 0.20725030461]
    ],
    [
      [0.0042424371253, 0.92552111069, 0.019708699704, 0.018794343656, 0.031733408825],
      [0.046461496949, 0.17114779618, 0.49599946866, 0.14047939078, 0.14591184743],
      [0.032764500559, 0.03779565607, 0.028541768459, 0.90089807491, 0],
      [0.60930107997, 0.0055195249273, 0.10621409616, 0.1744340391, 0.10453125984],
      [0.061549808351, 0.037040410472, 0.05067450576, 0.19571081475, 0.65502446066]
    ],
    [
      [0.015976231081, 0.81838245559, 0.046853147057, 0.064426679031, 0.054361487244],
      [0.075193881128, 0.1032972024, 0.5058070101, 0.20865824169, 0.10704366468],
      [0.026392720966, 0.018526599703, 0.010158502213, 0.93017681969, 0.014745357427],
      [0.66694115452, 0.0028625138222, 0.08336382201, 0.19158667501, 0.055245834641],
      [0.11826667235, 0.029949983484, 0.063657962362, 0.34963221941, 0.43849316239]
    ],
    [
      [0.028946212145, 0.69887640234, 0.13838661532, 0.082046458534, 0.051744311668],
      [0.064907682116, 0.055675948468, 0.70224164409, 0.12797894291, 0.04919578241],
      [0.033778430875, 0.0057721977102, 0.062840026929, 0.88834356871, 0.0092657757726],
      [0.6573994122, 0.0021031274223, 0.15672172248, 0.15064923879, 0.033126499116],
      [0.16754238376, 0.027737103304, 0.15434036376, 0.35190403998, 0.2984761092]
    ],
    [
      [0.010104932256, 0.74892231715, 0.065866497093, 0.06126655318, 0.11383970032],
      [0.036704517418, 0.090962680164, 0.5965430356, 0.1816807057, 0.09410906112],
      [0.032088370452, 0.016739192814, 0.035002121705, 0.91617031503, 0],
      [0.48820798171, 0.00346658795, 0.14456699156, 0.22191844518, 0.1418399936],
      [0.051041563254, 0.020487422043, 0.062277102065, 0.22878000707, 0.63741390556]
    ],
    [
      [0.019100868043, 0.80201421903, 0.075866953745, 0.067936354604, 0.035081604578],
      [0.06093862117, 0.10254630883, 0.61049715857, 0.17074850862, 0.055269402803],
      [0.033037538942, 0.014525816274, 0.038513318799, 0.90848249536, 0.0054408306238],
      [0.6533897786, 0.0035203657481, 0.12625382135, 0.18381696183, 0.033019072462],
      [0.15373404434, 0.043765789823, 0.11701757094, 0.40518214205, 0.28030045284]
    ],
    [
      [0.0096577232605, 0.55943161832, 0.068259725036, 0.059031143342, 0.30361979004],
      [0.069878796699, 0.069285246881, 0.55269184469, 0.16104363107, 0.14710048067],
      [0.016280904473, 0.0070492103986, 0.032618951923, 0.90034159309, 0.043709340114],
      [0.48852913146, 0.001603532811, 0.10074138507, 0.14574945468, 0.26337649598],
      [0.019253843801, 0.0053792398001, 0.025175651504, 0.087011942033, 0.86317932286]
    ],
    [
      [0.0016984756287, 0.94856062865, 0.0092166722497, 0.026223932056, 0.014300291419],
      [0.023066975103, 0.36178710855, 0.27726829499, 0.24708617745, 0.090791443916],
      [0.0062600784845, 0.0070083111617, 0, 0.97270168085, 0.014029929503],
      [0.3681788002, 0.018823957409, 0.093231841583, 0.4363404746, 0.083424926207],
      [0.039379685271, 0.11321180459, 0.040622188337, 0.45317314791, 0.3536131739]
    ],
    [
      [0.01954833406, 0.63995067576, 0.13532695492, 0.12325194028, 0.081922094976],
      [0.041656029325, 0.040820234234, 0.65224733733, 0.18958795025, 0.075688448861],
      [0.0204550595, 0, 0.0442515171, 0.928038556, 0.0072548673956],
      [0.50205478734, 0.0022358252372, 0.17590987349, 0.25958132453, 0.060218189404],
      [0.087493749247, 0.019929585344, 0.11719627497, 0.41005908385, 0.36532130659]
    ],
    [
      [0.0092826656022, 0.84641633666, 0.074671372833, 0.043843572323, 0.025786052583],
      [0.037091606505, 0.1227987103, 0.67427434037, 0.12206334736, 0.043771995464],
      [0.026711977127, 0.023606815102, 0.059744007152, 0.88485694475, 0.0050802558655],
      [0.52992832324, 0.0066356672638, 0.21598592661, 0.20529237888, 0.042157704002],
      [0.10564941143, 0.067707876457, 0.16458702178, 0.37075958054, 0.2912961098]
    ],
    [
      [0, 0.98589573662, 0.0039734632665, 0.0039925536476, 0.0061382464683],
      [0, 0.45278419182, 0.34411825515, 0.095398239276, 0.10769931375],
      [0, 0.015505125677, 0.043970003776, 0.90074442397, 0.039780446576],
      [0.13150338964, 0.04282664689, 0.22156768312, 0.40221091436, 0.20189136599],
      [0.00098956426148, 0.040048789019, 0.012469735109, 0.039390842184, 0.90710106943]
    ],
    [
      [0.026906961861, 0.67660036846, 0.15565029747, 0.063598849073, 0.077243523133],
      [0.058428638292, 0.042914916123, 0.75104676382, 0.067053854458, 0.08055582731],
      [0.046031919371, 0.011302130631, 0.077054177616, 0.85396907973, 0.011642692648],
      [0.65360331279, 0.0019045108525, 0.1770588795, 0.11787174058, 0.049561556272],
      [0.1441146405, 0.02289883656, 0.15779366226, 0.25024331827, 0.42494954241]
    ],
    [
      [0.0086284668413, 0.81607256516, 0.079564035577, 0.06343228121, 0.032302651217],
      [0.031277627358, 0.107135687, 0.65155089732, 0.1602683278, 0.049767460516],
      [0.015168389946, 0.017504377643, 0.043719465788, 0.91790939975, 0.0056983668776],
      [0.45567701401, 0.0059217856019, 0.21357803666, 0.27578811267, 0.049035051067],
      [0.07911922593, 0.052480835921, 0.14137200558, 0.43265956757, 0.294368365]
    ],
    [
      [0.012949950588, 0.75649216117, 0.053968401456, 0.13996607163, 0.036623415159],
      [0.047895935832, 0.074200611824, 0.4632855177, 0.3577161795, 0.056901755141],
      [0.017627317821, 0.0075705399029, 0.001299975728, 0.96542505814, 0.0080771084115],
      [0.49739834091, 0.0024076804239, 0.087512638938, 0.3785379078, 0.034143431928],
      [0.077494596874, 0.022214501814, 0.059748650076, 0.61974273873, 0.22079951251]
    ],
    [
      [0.002976303572, 0.89913948901, 0.028131672961, 0.040288582098, 0.029463952361],
      [0.021913042262, 0.20100346726, 0.47827630335, 0.20672358694, 0.092083600179],
      [0.0025766427654, 0.017594667485, 0.022270671595, 0.94592692608, 0.011631092075],
      [0.36253417337, 0.011048897941, 0.15797495801, 0.37400215958, 0.094439811105],
      [0.039808088009, 0.068457700684, 0.071445972523, 0.40466536476, 0.41562287403]
    ],
    [
      [0.0097888361487, 0.79037945446, 0.074185349961, 0.078394739277, 0.047251620155],
      [0.034957262691, 0.095580642672, 0.60331000752, 0.19471110049, 0.071440986635],
      [0.015061776555, 0.013823414132, 0.031772350226, 0.93011726566, 0.0092251934314],
      [0.46343613413, 0.0046173887882, 0.17251515997, 0.29724628783, 0.06218502928],
      [0.07231565218, 0.037908975156, 0.10509137217, 0.43080018009, 0.3538838204]
    ],
    [
      [0.019013062716, 0.71091182165, 0.063189322321, 0.16124321969, 0.045642573621],
      [0.06001185925, 0.072365396712, 0.45329264398, 0.35353358925, 0.06079651081],
      [0.021998089503, 0.0055075703286, 0.00096829347151, 0.96345298809, 0.0080730586112],
      [0.52751846051, 0.0022699951007, 0.084014276142, 0.35175291956, 0.034444348688],
      [0.094608528228, 0.02172222996, 0.059759334344, 0.59701611351, 0.22689379395]
    ],
    [
      [0.005219045524, 0.92813157978, 0.018819936048, 0.029814709213, 0.018014729437],
      [0.052160878778, 0.23962133194, 0.42530039908, 0.20627180158, 0.076645588625],
      [0.025276991265, 0.0033327658601, 0.008424624373, 0.93905758849, 0.023908030013],
      [0.59815339636, 0.0083899758813, 0.093048898366, 0.2486469012, 0.051760828195],
      [0.095118241103, 0.078816065876, 0.063173648384, 0.4019375551, 0.36095448953]
    ],
    [
      [0.0053343078504, 0.95108215703, 0.014003466252, 0.015677001024, 0.013903067849],
      [0.06953193512, 0.27416606916, 0.41306648188, 0.14043017785, 0.10280533599],
      [0.041127232805, 0, 0.044057689002, 0.90589832646, 0.008916751734],
      [0.73135132833, 0.0086258194307, 0.075058827537, 0.14114019513, 0.043823829569],
      [0.14085206727, 0.10662571061, 0.066812287943, 0.29990292121, 0.38580701297]
    ],
    [
      [0.017539559704, 0.1752380114, 0.55782899819, 0.24764766071, 0.0017457699957],
      [0, 0, 0.12104624297, 0, 0.87895375703],
      [0.0085800799235, 0.0014331644518, 0.078731476861, 0.9111666889, 8.8589859816e-05],
      [0, 0, 0.55847045908, 0.38529592273, 0.056233618189],
      [0, 0, 0.34971852749, 0.30735203864, 0.34292943388]
    ],
    [
      [0.0019820487781, 0.821555958, 0.08375921995, 0.041308476038, 0.051394297235],
      [0, 0.07528358397, 0.73115662603, 0.11188585757, 0.081673932436],
      [0, 0.014993564783, 0.06177215578, 0.91126062444, 0.011973654993],
      [0, 0.091548368278, 0.38187561901, 0.39488619806, 0.13168981465],
      [0, 0.051823922331, 0.14181439986, 0.28432544969, 0.52203622811]
    ],
    [
