{
  "X": [
    [4, 2, 3, 14, 24, 0],
    [2, 5, 4, 84, 32, 12],
    [11, 5, 14, 153, 36, 5],
    [8, 17, 21, 114, 153, 28],
    [2, 4, 11, 20, 26, 8],
    [8, 7, 16, 60, 67, 13],
    [2, 1, 8, 4, 27, 6],
    [27, 21, 74, 67, 308, 35],
    [50, 49, 149, 114, 692, 71],
    [12, 17, 6, 82, 128, 9],
    [12, 14, 16, 23, 68, 13],
    [8, 10, 7, 53, 73, 15],
    [36, 103, 104, 396, 675, 105],
    [6, 43, 29, 183, 211, 38],
    [12, 15, 17, 57, 131, 30],
    [4, 7, 15, 45, 46, 4],
    [1, 0, 1, 6, 9, 3],
    [6, 8, 16, 30, 75, 6],
    [10, 13, 34, 24, 122, 8],
    [2, 14, 19, 79, 81, 12],
    [3, 1, 5, 4, 26, 6],
    [73, 99, 194, 417, 842, 155],
    [7, 8, 12, 49, 88, 17],
    [20, 36, 68, 118, 326, 43],
    [23, 53, 76, 108, 384, 51],
    [10, 10, 17, 158, 103, 27],
    [9, 5, 26, 76, 50, 14],
    [1, 4, 11, 24, 51, 3],
    [11, 18, 26, 103, 136, 14],
    [18, 30, 24, 63, 246, 35],
    [20, 22, 50, 115, 305, 41],
    [31, 44, 96, 227, 515, 58],
    [15, 10, 32, 39, 178, 25],
    [23, 29, 73, 119, 330, 43],
    [28, 24, 52, 108, 225, 42],
    [9, 18, 21, 23, 97, 14],
    [31, 35, 52, 156, 406, 54],
    [22, 8, 25, 51, 165, 18],
    [27, 61, 82, 168, 531, 69],
    [26, 77, 97, 294, 502, 81],
    [9, 11, 12, 15, 64, 9],
    [22, 28, 64, 116, 474, 51],
    [2, 12, 27, 86, 158, 26],
    [17, 44, 49, 141, 269, 39],
    [18, 35, 72, 219, 398, 49],
    [22, 27, 63, 89, 273, 39],
    [27, 16, 42, 60, 256, 41],
    [23, 40, 66, 134, 497, 66],
    [7, 15, 28, 77, 137, 22],
    [30, 73, 113, 339, 745, 118],
    [32, 35, 67, 119, 367, 60],
    [16, 6, 16, 30, 92, 14],
    [1, 0, 0, 0, 6, 0],
    [2, 2, 5, 4, 26, 3],
    [3, 0, 5, 31, 32, 5],
    [3, 7, 3, 72, 69, 10],
    [0, 0, 2, 0, 4, 0],
    [5, 6, 14, 36, 35, 5],
    [3, 14, 51, 92, 195, 43],
    [54, 93, 154, 449, 856, 113],
    [11, 6, 19, 64, 93, 13],
    [133, 71, 115, 397, 766, 164],
    [8, 2, 5, 38, 78, 12]
  ],
  "W": [
    [3, 7, 15, 11, 5, 2, 4],
    [23, 4, 25, 59, 7, 11, 10],
    [27, 10, 22, 114, 24, 6, 21],
    [30, 22, 106, 82, 50, 22, 29],
    [4, 2, 21, 20, 16, 3, 5],
    [13, 16, 38, 43, 31, 17, 13],
    [0, 6, 26, 4, 7, 2, 3],
    [9, 23, 260, 46, 112, 26, 56],
    [16, 43, 611, 82, 205, 51, 117],
    [30, 34, 66, 67, 19, 20, 18],
    [9, 12, 52, 12, 26, 18, 17],
    [24, 17, 34, 36, 17, 18, 20],
    [89, 69, 461, 379, 200, 132, 89],
    [40, 20, 135, 156, 67, 62, 30],
    [16, 22, 98, 54, 25, 18, 29],
    [11, 3, 27, 42, 16, 10, 12],
    [0, 1, 8, 6, 1, 0, 4],
    [14, 19, 37, 23, 28, 11, 9],
    [4, 13, 94, 27, 34, 18, 21],
    [27, 2, 40, 60, 38, 19, 21],
    [1, 4, 23, 6, 6, 2, 3],
    [96, 110, 587, 355, 360, 119, 153],
    [4, 14, 60, 42, 30, 18, 13],
    [31, 28, 255, 104, 112, 45, 36],
    [31, 46, 283, 82, 124, 72, 57],
    [30, 7, 70, 143, 32, 14, 29],
    [17, 10, 33, 62, 33, 11, 14],
    [2, 4, 35, 16, 19, 9, 9],
    [22, 23, 81, 80, 57, 27, 18],
    [20, 34, 184, 58, 56, 33, 31],
    [35, 38, 208, 96, 99, 31, 46],
    [48, 55, 369, 211, 155, 73, 60],
    [9, 22, 151, 35, 49, 14, 19],
    [11, 34, 259, 115, 114, 39, 45],
    [18, 37, 177, 104, 86, 28, 29],
    [3, 13, 78, 20, 33, 21, 14],
    [46, 39, 305, 145, 99, 57, 43],
    [9, 27, 122, 38, 51, 22, 20],
    [35, 48, 407, 149, 159, 70, 70],
    [66, 72, 325, 266, 190, 101, 57],
    [2, 11, 45, 18, 26, 13, 5],
    [24, 50, 366, 94, 133, 31, 57],
    [15, 8, 103, 82, 60, 25, 18],
    [32, 20, 188, 126, 94, 55, 44],
    [40, 36, 273, 197, 144, 54, 47],
    [16, 23, 220, 77, 106, 23, 48],
    [13, 43, 215, 54, 64, 23, 30],
    [20, 34, 386, 137, 123, 52, 74],
    [26, 11, 95, 61, 48, 21, 24],
    [78, 57, 542, 313, 224, 109, 95],
    [18, 31, 299, 103, 123, 38, 68],
    [4, 19, 71, 35, 26, 11, 8],
    [0, 2, 5, 0, 0, 0, 0],
    [1, 3, 19, 4, 6, 3, 6],
    [9, 1, 22, 24, 14, 4, 2],
    [26, 5, 42, 57, 18, 12, 4],
    [0, 0, 2, 0, 2, 2, 0],
    [8, 10, 19, 24, 17, 12, 11],
    [4, 5, 176, 104, 70, 17, 22],
    [118, 76, 618, 378, 303, 123, 103],
    [15, 7, 75, 50, 33, 8, 18],
    [97, 157, 576, 363, 221, 94, 138],
    [21, 20, 54, 31, 6, 1, 10]
  ],
  "method": "mvn_pdf",
  "cond_prob": [
    [
      [0, 0.0046476025243, 0.0024911322719, 0.83450275523, 0.15835850997, 0],
      [0.42568067217, 0.032185118656, 0.022744710288, 0.016164700903, 0.50322479799, 0],
      [0, 0, 0.014088202192, 0.019483358588, 0.96642843922, 0],
      [0.0017320028664, 0.0054613872409, 0.0071770932295, 0.89886211264, 0.086767404025, 0],
      [0.0013027659341, 0.012802667797, 0.40490284703, 0.056717071442, 0.52427464779, 0],
      [0.00045017632575, 0.52765009255, 0.019845107466, 0.10200078996, 0.3500538337, 0],
      [0.24844227025, 0.14534314452, 0.11970953067, 0.17900456825, 0.30750048631, 0]
    ],
    [
      [0.00099729789421, 0.0037729769119, 0.002167155242, 0.93569301916, 0.05515037026, 0.0022191805342],
      [0.2965523683, 0.033776502961, 0.025103496746, 0.045823975056, 0.55681647538, 0.041927181558],
      [0.00042824370934, 0.0022077564763, 0.011576705386, 0.038330201423, 0.81127930721, 0.13617778579],
      [0.00038450798851, 0.0036520132282, 0.0044922483592, 0.91600378883, 0.0066324684309, 0.068834973166],
      [0.00035506445345, 0.0093507731481, 0.34000365401, 0.14495226181, 0.4205579493, 0.084780297285],
      [0.00015209639935, 0.34448733453, 0.0149953359, 0.27315622626, 0.2883004431, 0.0789085638],
      [0.075330209963, 0.065263673489, 0.075030688165, 0.32739017612, 0.17157667455, 0.28540857771]
    ],
    [
      [0.018405939004, 0.015310034184, 0.007345858834, 0.9488326646, 0.010105503377, 0],
      [0.57598728397, 0.026692375557, 0.022716079125, 0.035923384465, 0.32879836096, 0.0098825159173],
      [0.0016586118847, 0.0015028640676, 0.016930064284, 0.049103662874, 0.86447744765, 0.066327349245],
      [0, 0, 0.0056900777291, 0.99384564187, 0, 0.00046428040036],
      [0.0016348518043, 0.010947764492, 0.43212259937, 0.15873019022, 0.36564348503, 0.030921109093],
      [0.00044040862594, 0.40621681821, 0.019304064969, 0.2825853673, 0.25811911241, 0.033334228485],
      [0.22213325955, 0.075552145472, 0.098409712869, 0.33993160408, 0.14745264933, 0.1165206287]
    ],
    [
      [0, 0.0071887325703, 0.00081688807832, 0.87385371974, 0.11484582688, 0.0032948327311],
      [0.26960541533, 0.051820105291, 0.023737015772, 0.025898735413, 0.60045531439, 0.028483413799],
      [0, 0.0009092231601, 0.0090718603229, 0.016311324769, 0.88098792616, 0.092719665583],
      [0, 0, 4.6338358997e-05, 0.86462312637, 0.056555346712, 0.078775188559],
      [0, 0.015062160427, 0.33335497952, 0.090757314069, 0.49816661437, 0.062658931612],
      [0, 0.48573373296, 0.012965659326, 0.15005915267, 0.30057505901, 0.050666396028],
      [0.07133382285, 0.14167820362, 0.087409261713, 0.2326673234, 0.23452991919, 0.23238146923]
    ],
    [
      [0.0050042168456, 0.019436236137, 0.0027859692557, 0.81201285021, 0.15458517055, 0.0061755570023],
      [0.50692645847, 0.073531283956, 0.038650662061, 0.0094038442653, 0.34717264132, 0.024315109919],
      [0.0043069135693, 0.0027333057137, 0.023059557746, 0.010321388835, 0.83231573011, 0.12726310403],
      [0.0035874966585, 0.0010944952804, 0, 0.76932802789, 0.069298039951, 0.15669194022],
      [0.0032174362712, 0.020979503983, 0.59764282456, 0.032986454736, 0.29132198367, 0.053851796775],
      [0.00060707130865, 0.77403907431, 0.016225386889, 0.04188941921, 0.13357643436, 0.033662613921],
      [0.15012698066, 0.20762277505, 0.16326854651, 0.095275930772, 0.15216837241, 0.2315373946]
    ],
    [
      [0.0024636856127, 0.0024308120841, 0.0020126329116, 0.89294411682, 0.096903550841, 0.0032452017314],
      [0.37533271602, 0.024396198959, 0.030044090063, 0.024523602268, 0.51957705884, 0.026126333847],
      [0.0014771260294, 0, 0.016101185831, 0.01635549189, 0.87004536488, 0.096020831367],
      [0.00071379490817, 0, 0.0039270591361, 0.87775346705, 0.046170355298, 0.071435323611],
      [0.0047808191123, 0.0033350241111, 0.41388420035, 0.089029390547, 0.43140560775, 0.057564958129],
      [0.00095803294066, 0.33289250273, 0.023505669751, 0.21258436044, 0.36521991369, 0.064839520448],
      [0.13164097755, 0.062730920439, 0.11403193309, 0.25081506429, 0.21520456778, 0.22557653685]
    ],
    [
      [0.0019152810491, 0.0036191102004, 0.0063142079286, 0.83246809415, 0.14854044559, 0.0071428610799],
      [0.27336172618, 0.020794258824, 0.11650957347, 0.012648422245, 0.53428490204, 0.042401117245],
      [0.0060338052759, 0.0033237409435, 0.019044221886, 0.014717853727, 0.81459730919, 0.14228306897],
      [0, 0, 0, 0.75096638207, 0.070107930872, 0.17892568706],
      [0.0016248486476, 0.0028297498435, 0.78697820445, 0.01574240561, 0.15963100791, 0.033193783541],
      [0.00054072877513, 0.33032167912, 0.092845862717, 0.094432901052, 0.37118473287, 0.11067409546],
      [0.063498435896, 0.036121858461, 0.37041787786, 0.079505699987, 0.15818076804, 0.29227535976]
    ],
    [
      [0.0061168361108, 0.0077725020659, 0.0022343319886, 0.82935202944, 0.15157279919, 0.0029515011987],
      [0.55009813189, 0.030373228789, 0.030076792251, 0.011601412351, 0.36509127613, 0.012759158584],
      [0, 0.00091276256412, 0.019497728721, 0.014563215753, 0.8957928257, 0.069233467262],
      [4.7809173459e-05, 0.00038773618034, 0.0010470553836, 0.84523943048, 0.075141782433, 0.078136186351],
      [0, 0.01141924177, 0.52466082585, 0.050481173348, 0.37842371172, 0.035015047314],
      [0.00013800243571, 0.49650558365, 0.028812218532, 0.11488644731, 0.31996359178, 0.039694156286],
      [0.2551232885, 0.10336087206, 0.15463251068, 0.1421537555, 0.19952820863, 0.14520136462]
    ],
    [
      [0.0065459922246, 0.011292873764, 0.0029034459539, 0.79516436327, 0.18085056795, 0.0032427568361],
      [0.51320318811, 0.039465940057, 0.035215396444, 0.010066977716, 0.38944959939, 0.012598898284],
      [0.00036546287241, 0.0021834429012, 0.020134523366, 0.011795516034, 0.90189601988, 0.063625034949],
      [0.00028069054415, 0.00057097608139, 0.0012442619145, 0.81942876331, 0.09089326781, 0.087582040342],
      [0.00056625526192, 0.013241817941, 0.55167052518, 0.039460427062, 0.36412630812, 0.03093466643],
      [0.0002010672955, 0.55340534241, 0.029240874653, 0.086612669029, 0.29637547787, 0.034164568737],
      [0.23465705842, 0.12652247696, 0.17479758371, 0.1191251076, 0.20587435467, 0.13902341862]
    ],
    [
      [0.0007561247914, 0.01325794296, 0, 0.73276582441, 0.25322010783, 0],
      [0.27832752303, 0.057019919459, 0.0021287536925, 0.015091479847, 0.64078799581, 0.0066443281616],
      [0.0011683495475, 0.0031728600988, 0, 0.013021678178, 0.9555466173, 0.027090494874],
      [0, 0, 0, 0.80410932601, 0.13769560574, 0.058195068248],
      [0.00053025129912, 0.019188087853, 0.23811486912, 0.048112065922, 0.66709818623, 0.026956539577],
      [0.00019438402154, 0.54603251098, 0.0068084600772, 0.06955007147, 0.35867350489, 0.018741068558],
      [0.13461705266, 0.17605287746, 0.070403925538, 0.13689048157, 0.35981038583, 0.12222527695]
    ],
    [
      [0.0068748667671, 0.011343511979, 0.0021603524106, 0.82825313333, 0.14643156849, 0.0049365670253],
      [0.61352376483, 0.037068306999, 0.021614938269, 0.0096890478891, 0.30094521436, 0.017158727659],
      [0, 0.00021023666587, 0.018093171841, 0.014484637649, 0.8599899518, 0.10722200204],
      [0, 0.00024467081938, 0.0013103300942, 0.81184535987, 0.069296425318, 0.1173032139],
      [0, 0.016675033557, 0.48070897949, 0.051564108532, 0.39238896182, 0.058662916598],
      [0, 0.59247040701, 0.019845091835, 0.08858308683, 0.24913174466, 0.049969669665],
      [0.26916711889, 0.13771777371, 0.11229197367, 0.11758502144, 0.1666620178, 0.19657609449]
    ],
    [
      [0.0027762609971, 0.006736866109, 0, 0.78050069991, 0.20433680796, 0.0056493650291],
      [0.30716430707, 0.030683109082, 0.016157568731, 0.013004574073, 0.60796418222, 0.025026258822],
      [0.0026884662033, 0.0021123321893, 0.0021013717714, 0.0092055175636, 0.90262255159, 0.081269760679],
      [0, 0, 0, 0.77912148339, 0.098639154359, 0.12223936225],
      [0.00086325993957, 0.010611104599, 0.28562946684, 0.052929347655, 0.58688127185, 0.063085549117],
      [0.00057563631867, 0.40153497469, 0.011922443804, 0.10359589605, 0.42132014866, 0.061050900469],
      [0.12975658961, 0.091843237096, 0.079178488329, 0.14605097024, 0.29798024514, 0.25519046958]
    ],
    [
      [0.0036480943508, 0.014666653372, 0.0020301230814, 0.75856179455, 0.21689069604, 0.0042026386074],
      [0.33619876852, 0.060322783548, 0.027832588796, 0.011250038749, 0.54574331197, 0.018652508416],
      [0.00011643631018, 0.00083760491915, 0.012808017427, 0.0089079050906, 0.90838821047, 0.068941825778],
      [0, 4.9694881685e-05, 0.0011966678206, 0.77987777579, 0.10861280058, 0.11026306092],
      [0.00034072495076, 0.018591358932, 0.41184424924, 0.041815798478, 0.4835924265, 0.043815441901],
      [3.4753400088e-05, 0.59021384348, 0.016228649282, 0.067946572136, 0.29033561095, 0.035240570756],
      [0.13877747187, 0.17416771272, 0.12393040143, 0.12021819237, 0.25917345092, 0.18373277069]
    ],
    [
      [0, 0.0099340922183, 0.00098079172452, 0.83431274725, 0.15102075139, 0.0037516174175],
      [0.2322202274, 0.066660396418, 0.025664646007, 0.020301940594, 0.6298890607, 0.02526372888],
      [0, 0, 0.00843262754, 0.013864854343, 0.8974035176, 0.080299000521],
      [0, 0, 0, 0.8353008372, 0.075431992714, 0.08926717009],
      [0, 0.017886960128, 0.34972233172, 0.068851187918, 0.50920192368, 0.05433759656],
      [0, 0.55782525693, 0.012491990078, 0.10422021049, 0.28461464107, 0.040847901434],
      [0.045186515065, 0.18286120416, 0.1034390361, 0.1989360906, 0.25606287864, 0.21351427543]
    ],
    [
      [0.0042340472517, 0.012308731964, 0.0025748897053, 0.74636297992, 0.22908535925, 0.0054339919087],
      [0.35562163695, 0.045722359426, 0.029693649923, 0.010545125638, 0.53143193257, 0.026985295489],
      [0.00091544473289, 0.0026902897354, 0.014887509569, 0.010719432929, 0.87451592484, 0.096271398196],
      [0.00048150856501, 0.0013468261343, 0.0021140643753, 0.71653837445, 0.1080570941, 0.17146213238],
      [0.0005847684808, 0.014057633405, 0.43034394597, 0.036248837395, 0.45493736803, 0.063827446718],
      [0.00022442487961, 0.52683206215, 0.019804258858, 0.068964308602, 0.32273366864, 0.061441276875],
      [0.13704156293, 0.12504735938, 0.12473554289, 0.10120842829, 0.23871888909, 0.27324821743]
    ],
    [
      [0.006674116107, 0.011185793955, 0.00084081828967, 0.74688004378, 0.23441922787, 0],
      [0.43657253627, 0.033190462139, 0.056353040936, 0.0084447257489, 0.45863899368, 0.0068002412282],
      [0.012877175128, 0.0050735698756, 0.013845162791, 0.0096805560168, 0.93354880114, 0.024974735052],
      [0, 0.0031519209024, 0, 0.814664056, 0.13402447437, 0.048159548727],
      [0.0024276391027, 0.0087904672089, 0.66084856964, 0.0231351951, 0.29725386594, 0.0075442630024],
      [0.0014675456264, 0.50815535001, 0.045353010909, 0.072897603806, 0.35422017404, 0.017906315602],
      [0.18463880864, 0.10715140334, 0.28506377144, 0.098548401412, 0.24269686357, 0.081900751608]
    ],
    [
      [0.0011793168422, 0.00078048347639, 0.00055328146044, 0.90437265451, 0.089679128252, 0.0034351354605],
      [0.36504181024, 0, 0.020848510758, 0.016504813222, 0.56378570871, 0.03381915707],
      [0.0087103239194, 0, 0.022428329087, 0, 0.85650149146, 0.11235985553],
      [0.0097982583079, 0, 0.011838976738, 0.85377326158, 0.029239687174, 0.095349816202],
      [0.003883484365, 0, 0.37681748447, 0.064977708041, 0.47782352851, 0.076497794605],
      [0.00015983764753, 0.11787610141, 0.020029060044, 0.2149272384, 0.52956994813, 0.11743781438],
      [0.12565064105, 0, 0.087968377911, 0.19896947732, 0.232735177, 0.35467632672]
    ],
    [
      [0.0027105915753, 0.011932049303, 0.0036038937153, 0.69562927638, 0.28359372644, 0.0025304625873],
      [0.25807661235, 0.044129073685, 0.035941940331, 0.0090431633181, 0.64102257255, 0.011786637766],
      [0, 0.003026359698, 0.015933892911, 0.0067629597805, 0.93516805115, 0.039108736462],
      [0, 0.0018364093417, 0.0028503945928, 0.75835339235, 0.14768624415, 0.089273559569],
      [0, 0.012106744053, 0.45611612956, 0.027899985091, 0.47989908115, 0.02397806014],
      [0, 0.48620171466, 0.024457377659, 0.062115116883, 0.39946710449, 0.0277586863],
      [0.11762178703, 0.12811983236, 0.17458363626, 0.10361629149, 0.33566055798, 0.14039789487]
    ],
    [
      [0.0079163741738, 0.015032319526, 0.0079392493747, 0.63789452121, 0.32819598692, 0.0030215488033],
      [0.4157721223, 0.035062928899, 0.066517444883, 0.0041940218311, 0.47107306098, 0.007380421099],
      [0.0049310937033, 0.007099696195, 0.019393175763, 0, 0.94124389554, 0.027332138795],
      [0.0022418707977, 0.002406654729, 0, 0.71304697917, 0.18347785553, 0.09882663977],
      [0.0079117103089, 0.009179543282, 0.68938954785, 0.0047252646414, 0.27917811514, 0.0096158187797],
      [0.0013943631859, 0.51092175168, 0.054992409322, 0.043913788998, 0.36631175239, 0.022465934432],
      [0.17834032885, 0.10680978688, 0.32625950965, 0.056691618758, 0.24032240578, 0.091576350082]
    ],
    [
      [0, 0.009656732088, 0.0026887165874, 0.79734008477, 0.18775702548, 0.0025574410714],
      [0.22395028394, 0.052129515636, 0.030620571667, 0.015991272235, 0.66020429985, 0.017104056675],
      [0, 0.00034217071382, 0.01243599122, 0.010551917769, 0.92413932695, 0.052530593349],
      [0, 0, 0.0011722042822, 0.82982051582, 0.095197005254, 0.073810274642],
      [0, 0.01329951203, 0.39821734484, 0.051105362446, 0.50308376559, 0.034294015094],
      [0, 0.51625166783, 0.0176619416, 0.094246863203, 0.34047311118, 0.03136641618],
      [0.073909496767, 0.15748377275, 0.13478836232, 0.16646825394, 0.3022183864, 0.16513172782]
    ],
    [
      [0.011087791069, 0.0076977306738, 0.0061128522675, 0.59379182193, 0.36797331394, 0.013336490128],
      [0.56150346527, 0.012526898339, 0.033812800484, 0.0030182534921, 0.36796127343, 0.021177308988],
      [0.002639805415, 0.0026758245845, 0.022868483988, 0.0049713704527, 0.86007548254, 0.10676903302],
      [0.0010029365291, 0.00085148473305, 0.0032228275611, 0.50701670709, 0.15510298779, 0.33280305629],
      [0.0010466077663, 0.0042618207031, 0.61028087168, 0.010191400179, 0.32212830863, 0.05209099104],
      [0.00047897178399, 0.36317269547, 0.044916151981, 0.037548502079, 0.44728337685, 0.10660030184],
      [0.22297587132, 0.041208495657, 0.18726877155, 0.033815998635, 0.20683032055, 0.30790054229]
    ],
    [
      [0.0043269996825, 0.011007305054, 0.0019620816786, 0.80289544731, 0.17542386921, 0.0043842970638],
      [0.41669617454, 0.04801064138, 0.028818731051, 0.01278197481, 0.47183468614, 0.021857792079],
      [0.00073490317366, 0.0014117484194, 0.014852378943, 0.011558814465, 0.88130936753, 0.090132787472],
      [0.0003213915781, 0.0004988836286, 0.0010873246956, 0.79630230767, 0.084821256274, 0.11696883616],
      [0.00069679913899, 0.015714645252, 0.44418442287, 0.049557922579, 0.43647572757, 0.053370482596],
      [0.00019649472473, 0.54773923703, 0.019633823748, 0.090075287693, 0.29380235059, 0.048552806219],
      [0.16946611827, 0.13606592585, 0.12610729267, 0.13388147159, 0.2204157302, 0.21406346141]
    ],
    [
      [0.0021408342599, 0.0035244603296, 0.00077854575531, 0.87530445286, 0.11482906354, 0.0034226432545],
      [0.35911532532, 0.026945463858, 0.020573855496, 0.021347209674, 0.5433936183, 0.028624527355],
      [0.0025174231388, 0.00046868448902, 0.0088383692283, 0.011070054059, 0.87531813768, 0.1017873314],
      [0.0015870093269, 3.0013868369e-05, 0.00029468413824, 0.85254384407, 0.057764396857, 0.087780051743],
      [0.0015462422702, 0.008733634355, 0.32680211058, 0.086224197885, 0.50599259713, 0.070701217783],
      [0.00078427887632, 0.35560543255, 0.015584241229, 0.18020794136, 0.37682559803, 0.070992507951],
      [0.1296629262, 0.070490553559, 0.083199484086, 0.22295443675, 0.23271857556, 0.26097402385]
    ],
    [
      [0.0057229042107, 0.014352623034, 0.0027076026445, 0.76235851008, 0.21052039951, 0.0043379605214],
      [0.44542197491, 0.049495181924, 0.032403783035, 0.0093227938812, 0.44715533118, 0.016200935066],
      [0.0010405066194, 0.0014864877253, 0.017388886828, 0.0080991264044, 0.89940201564, 0.072582976778],
      [0.00046368955343, 0.00059692631032, 0.001263136268, 0.78003716924, 0.10469288723, 0.1129461914],
      [0.00078916380647, 0.015946255685, 0.4990896708, 0.035764196011, 0.40899511752, 0.039415596177],
      [0.00024458839842, 0.58824566374, 0.022505205194, 0.068022420758, 0.28442290998, 0.03655921193],
      [0.19271747073, 0.15197314947, 0.15367913102, 0.10694739548, 0.22531833249, 0.16936452081]
    ],
    [
      [0.0034582368889, 0.012372327833, 0.0024768058854, 0.76855823519, 0.20869691706, 0.0044374771415],
      [0.33449775214, 0.052352886151, 0.036143571179, 0.011646504872, 0.54494069201, 0.02041859365],
      [0, 0.0010593947934, 0.016057841732, 0.0089294763276, 0.89893734793, 0.075015939219],
      [0, 0.00050633392415, 0.0012178663454, 0.7807077698, 0.10306799903, 0.1145000309],
      [0, 0.014618734083, 0.4766733121, 0.038396886064, 0.42773055019, 0.042580517553],
      [0, 0.55071271307, 0.022462697395, 0.075581372096, 0.31003220142, 0.041211016013],
      [0.13168242207, 0.1474185719, 0.15599255402, 0.12089129646, 0.25002406364, 0.1939910919]
    ],
    [
      [0.0042222813938, 0.0058802420696, 0.0012575623842, 0.85358247491, 0.13154173476, 0.0035157044759],
      [0.49535754888, 0.030125184487, 0.020974269061, 0.015697000137, 0.41914637056, 0.018699626867],
      [0.0010967060531, 0.0010415749014, 0.012114617985, 0.016058990312, 0.88248697162, 0.087201139127],
      [0.0010109739466, 0.00050880298511, 0.0009272691262, 0.8503526983, 0.060654442349, 0.086545813292],
      [0.00096701967679, 0.011744055466, 0.39558645967, 0.072925580512, 0.46387671765, 0.054900167022],
      [0.00030847314664, 0.45527113988, 0.018183198945, 0.14144565048, 0.33209205381, 0.05269948374],
      [0.21204230221, 0.093704884252, 0.10074134504, 0.18083530654, 0.21305884054, 0.19961732141]
    ],
    [
      [0.0049454817115, 0, 0.0018430054458, 0.88453945713, 0.10396077643, 0.0047112792861],
      [0.56092125829, 0.018944998223, 0.046627153903, 0.016818384382, 0.33728782899, 0.019400376212],
      [0.0019931149118, 0, 0.027105854059, 0.024314327637, 0.84152492726, 0.10506177614],
      [0, 0, 0, 0.86754727604, 0.042839827482, 0.089612896475],
      [0.0051778033117, 0, 0.6393499386, 0.055269682359, 0.2591560954, 0.041046480329],
      [0.00067412836732, 0.3694753757, 0.050341410709, 0.17987261692, 0.33320683375, 0.066429634553],
      [0.21876132247, 0.053308634648, 0.2111143352, 0.17156022531, 0.15828359201, 0.18697189037]
    ],
    [
      [0.00036928840856, 0.0025488264425, 0.0013748882456, 0.90508037504, 0.090290633234, 0.00033598862834],
      [0.17762367038, 0.0296093134, 0.040713218775, 0.034830203883, 0.70438441396, 0.012839179602],
      [0, 5.204481924e-05, 0.021965237274, 0.014687632516, 0.93463914988, 0.028655935513],
      [0, 0, 0.0038983403852, 0.92396368984, 0.05013208194, 0.022005887835],
      [0, 0.0061997053732, 0.44223524645, 0.090392501992, 0.44430865723, 0.01686388896],
      [0, 0.32109720533, 0.0264038018, 0.23218375487, 0.39489011937, 0.025425118628],
      [0.032085193519, 0.096330474973, 0.15145963322, 0.32732454747, 0.27683577325, 0.11596437757]
    ],
    [
      [0.0025013841436, 0.0069809057562, 0.0012795045684, 0.85588597801, 0.13249455577, 0.00085767175848],
      [0.35503469307, 0.044407348437, 0.025171313933, 0.02043182787, 0.54113607713, 0.013818739568],
      [0.0010185087597, 0.0022833981312, 0.012125152431, 0.01761328565, 0.91502922514, 0.051930429888],
      [0.00071339856439, 0.0014683710963, 0.001207816629, 0.87924004249, 0.066407496717, 0.050962874507],
      [0.00089920591518, 0.01488185008, 0.38364964737, 0.077203898692, 0.49026613281, 0.033099265126],
      [0.00032699226226, 0.49559737738, 0.016444439413, 0.13607675232, 0.32112301796, 0.030431420661],
      [0.14330649919, 0.12740174884, 0.11122879096, 0.21444457601, 0.25519622057, 0.14842216443]
    ],
    [
      [0.0052932384243, 0.019072946901, 0.0015498041367, 0.69891165577, 0.26932591428, 0.0058464404885],
      [0.3683032248, 0.060381532464, 0.01876614064, 0.0078537591601, 0.52442874087, 0.020266602071],
      [0.0017170030707, 0.00080125429092, 0.0069391868553, 0.0065077044587, 0.90635087294, 0.077683978387],
      [0.00066727239666, 0.00054118816721, 0.00025738061634, 0.71161904254, 0.13338972967, 0.15352538661],
      [0.00096622739009, 0.022056346214, 0.33720949394, 0.03447960164, 0.54918097641, 0.056107354401],
      [0.00034912717311, 0.61794958143, 0.010960687322, 0.048303748666, 0.28356302434, 0.038873831069],
      [0.15972791271, 0.1857825058, 0.090122010837, 0.088985018959, 0.26342016455, 0.21196238715]
    ],
    [
      [0.003752679876, 0.0087239193237, 0.0020222094075, 0.75225351419, 0.22882808014, 0.0044195970709],
      [0.33808728026, 0.03505292956, 0.027082717065, 0.010941242122, 0.5697569677, 0.019078863284],
      [0.00050239773727, 0.0011188384383, 0.012138937976, 0.0086386269061, 0.90967473706, 0.067926461879],
      [0.00024897478196, 0.00049249913567, 0.0011828802412, 0.77139900462, 0.11315788607, 0.11351875515],
      [0.00050836502242, 0.011026575844, 0.40090188549, 0.040480042362, 0.50238441983, 0.044698711452],
      [0.00016196308558, 0.45194116885, 0.020539132077, 0.08583674632, 0.39482773053, 0.046693259142],
      [0.14864326637, 0.10827925968, 0.1290353057, 0.12469038333, 0.28889201828, 0.20045976664]
    ],
    [
      [0.0042997735383, 0.0087726396593, 0.0026315047597, 0.75851853576, 0.22253255302, 0.0032449932665],
      [0.37006253403, 0.034217711638, 0.035550045094, 0.010760907885, 0.53475086566, 0.014657935691],
      [0.00090435503643, 0.00085099850845, 0.016341013759, 0.0091713880923, 0.91778288675, 0.054949357856],
      [0.00048255223219, 0.00036121413515, 0.0012376508748, 0.79176322297, 0.11339605146, 0.092759308336],
      [0.00064767819971, 0.0098191016647, 0.48567278013, 0.036723093992, 0.43567892738, 0.031458418631],
      [0.00025488956814, 0.45731255137, 0.028172431326, 0.088232679985, 0.38796082658, 0.038066621179],
      [0.16476081516, 0.10668212527, 0.17152647455, 0.12366521484, 0.2744552282, 0.15891014198]
    ],
    [
      [0.0066499508006, 0.0095697032617, 0.0029677939387, 0.7545352622, 0.22092176914, 0.0053555206651],
      [0.48445520269, 0.030004657111, 0.032043069428, 0.008140277426, 0.42692260595, 0.018434187392],
      [0.00070822236144, 0.0011747768309, 0.017658872867, 0.0075449796668, 0.88765470463, 0.08525844364],
      [0.00034250491208, 0.00043819255688, 0.0013885205748, 0.75288657197, 0.10700762295, 0.13793658703],
      [0.00066841330389, 0.0099255063699, 0.51228586453, 0.03212794522, 0.3993159798, 0.045676290776],
      [0.0002428973896, 0.48121068257, 0.029299567097, 0.078417399588, 0.35644633292, 0.054383120432],
      [0.2172133642, 0.09672330553, 0.1600554212, 0.098297983064, 0.22534462488, 0.20236530113]
    ],
    [
      [0.0045952086287, 0.009887543477, 0.0025336253253, 0.79302367518, 0.1863290641, 0.0036308832923],
      [0.42429559261, 0.040559536127, 0.036110435919, 0.011628448007, 0.47098662418, 0.016419363161],
      [0.001016713373, 0.0014330552768, 0.017623363815, 0.010460151006, 0.89981426924, 0.06965244729],
      [0.00043470201432, 0.00053660162767, 0.00077869219811, 0.80967555533, 0.092486006056, 0.096088442779],
      [0.00073246226315, 0.012139523535, 0.51295413554, 0.041079816398, 0.39640284567, 0.036691216592],
      [0.00024500385878, 0.51844999975, 0.027048469202, 0.090953951809, 0.32332961302, 0.039972962362],
      [0.1803783825, 0.12168636925, 0.16797139376, 0.12953780396, 0.23220598508, 0.16822006544]
    ],
    [
      [0.0073815913357, 0.012734380378, 0.0024347732113, 0.79865765486, 0.17395246953, 0.0048391306848],
      [0.55614667991, 0.042608476852, 0.02671496665, 0.0093137317595, 0.34787798044, 0.017338164384],
      [0, 0.002132871, 0.018493360333, 0.01135895203, 0.87181450386, 0.096200312779],
      [0, 0.00067785343233, 0.0013882064991, 0.78958943758, 0.083454369138, 0.12489013335],
      [0, 0.016851197447, 0.50115757414, 0.043374794582, 0.38742215194, 0.051194281892],
      [6.305696309e-05, 0.58794618136, 0.02212276624, 0.079730765633, 0.26339279045, 0.046744439351],
      [0.25130822773, 0.13222608715, 0.13210459415, 0.10996635684, 0.18322915516, 0.19116557898]
    ],
    [
      [0.0055307182417, 0.017138834694, 0.0025355482229, 0.78455587483, 0.18571334368, 0.0045256803273],
      [0.46991120391, 0.061272444695, 0.03099946666, 0.0094337327477, 0.41049524124, 0.017887910745],
      [0.0018536115445, 0.00039829693651, 0.018303122626, 0.0093165593381, 0.88404790149, 0.086080508066],
      [0.00058432374372, 0.00029422875945, 0.0013292446706, 0.79110305236, 0.090112755753, 0.11657639471],
      [0.001132249518, 0.019825298678, 0.50740627059, 0.037737357489, 0.38885379971, 0.045045024015],
      [0.00046676338428, 0.66114430582, 0.018687360328, 0.059833917687, 0.22501273308, 0.034854919694],
      [0.19079483956, 0.18405890714, 0.142737881, 0.1052211504, 0.19935625833, 0.17783096357]
    ],
    [
      [0.0076657533422, 0.01079616595, 0.0023207990496, 0.72286720222, 0.25158790035, 0.0047621790833],
      [0.50275891989, 0.028844093923, 0.021068192683, 0.0072304591134, 0.42588175841, 0.014216575977],
      [0, 0.00099302338776, 0.012797633183, 0.0078905333063, 0.9106865719, 0.067632238225],
      [0, 0.00053761398216, 0.0014283048736, 0.74688866183, 0.12581164586, 0.12533377345],
      [0, 0.012503270553, 0.41161681294, 0.035209302628, 0.49678373263, 0.043886881251],
      [0, 0.47885672078, 0.020709866876, 0.073078458016, 0.3821855099, 0.045169444433],
      [0.25673901094, 0.10383659706, 0.11699243043, 0.095568816298, 0.25230956588, 0.17455357939]
    ],
    [
      [0.0066381374999, 0.0033315573531, 0.0014653732413, 0.82809913882, 0.15740657097, 0.0030592221191],
      [0.57954423295, 0, 0.037154344465, 0.012514403261, 0.35856987828, 0.012217141041],
      [0, 0, 0.0054256592893, 0.013391103613, 0.91321428114, 0.067968955956],
      [0, 0, 0, 0.84394364561, 0.07926194678, 0.076794407609],
      [0, 0, 0.40213420068, 0.061496602442, 0.49295865664, 0.043410540236],
      [0, 0.31440488686, 0.035583441309, 0.15151438586, 0.44647054446, 0.052026741515],
      [0.31462812364, 0.052655423649, 0.10150169816, 0.15180012375, 0.22573072021, 0.15368391058]
    ],
    [
      [0.0037553235898, 0.014777809633, 0.0019579564658, 0.76547269768, 0.20985820567, 0.0041780069594],
      [0.34704294629, 0.061279746106, 0.027436002407, 0.011388569747, 0.5339907071, 0.018862028344],
      [0.0003401545219, 0.00050084598862, 0.012854285376, 0.0090773550821, 0.90592946582, 0.071297893213],
      [0.00016663795192, 0.00022984160358, 0.0010680622099, 0.78420517658, 0.10460760587, 0.10972267578],
      [0.00044354724778, 0.019044402731, 0.412509247, 0.042960207333, 0.48003734531, 0.045005250378],
      [9.9177771054e-05, 0.59880210509, 0.015844019513, 0.068331333126, 0.28162378621, 0.035299578287],
      [0.14242519787, 0.17655786776, 0.12179509075, 0.1215269017, 0.25262828655, 0.18506665537]
    ],
    [
      [0.0022240430097, 0.012664739558, 0.0019402881839, 0.79014484537, 0.18876167966, 0.0042644042171],
      [0.27334189991, 0.071233929194, 0.038716565717, 0.014271852137, 0.57965919459, 0.022776558449],
      [0, 0, 0.013255014765, 0.010539108736, 0.8979299975, 0.078275879002],
      [0, 0, 3.7143971916e-05, 0.79816910726, 0.093479858957, 0.10831388981],
      [0, 0.016897925809, 0.4244526437, 0.047758243474, 0.46266469005, 0.048226496964],
      [0, 0.57701505244, 0.017256933149, 0.079918960599, 0.28597078191, 0.039838271897],
      [0.10829116435, 0.16747645766, 0.12943220355, 0.13927706491, 0.25129886631, 0.20422424323]
    ],
    [
      [0.016426812669, 0.024494099535, 0.0025573479625, 0.66175715626, 0.28865753324, 0.0061070503372],
      [0.64688257785, 0.056873532562, 0.01325307017, 0.0020361278968, 0.27000936252, 0.010945329004],
      [0, 0.00068848508028, 0.013523934912, 3.4551327277e-05, 0.90852305, 0.077229978683],
      [0, 0.00089919803318, 0.0020404286159, 0.68817013203, 0.14542670133, 0.16346353999],
      [0, 0.023778250994, 0.40811421532, 0.02248964146, 0.49540101594, 0.050216876283],
      [0, 0.68134869146, 0.013045278924, 0.03241470628, 0.24074172822, 0.032449595119],
      [0.37028760366, 0.16049360695, 0.084647704348, 0.051869846931, 0.18825903814, 0.14444219997]
    ],
    [
      [0.0027601585936, 0.009472859501, 0.0016272230937, 0.78003615839, 0.20253052612, 0.0035730743071],
      [0.30173435078, 0.044998131504, 0.026652355692, 0.0133611676, 0.59452284789, 0.018731146528],
      [0, 0.00084178951823, 0.010996017123, 0.010058487052, 0.91410027219, 0.064003434116],
      [0, 0.00040372500214, 0.00080077994491, 0.8025759236, 0.10127438891, 0.094945182537],
      [0, 0.013806735129, 0.38415636975, 0.048187367073, 0.51115285767, 0.042696670375],
      [5.9127280828e-06, 0.49825102022, 0.017382721093, 0.090376826923, 0.35438686633, 0.039596652708],
      [0.12012026947, 0.13850214533, 0.12099739909, 0.14520928568, 0.2870756118, 0.18809528862]
    ],
    [
      [0.00090869547011, 0.0058361006736, 0.0017305282191, 0.78221342851, 0.20479038559, 0.0045208615321],
      [0.1855136219, 0.032625292586, 0.030514836145, 0.015551048365, 0.70989376441, 0.025901436597],
      [0, 0, 0.0086844614345, 0.0097567461286, 0.90642084184, 0.075137950598],
      [0, 0, 0, 0.78822320654, 0.10022969545, 0.11154709801],
      [0, 0.0064549352683, 0.37646909763, 0.047828605339, 0.51802368805, 0.051223673716],
      [0, 0.37675801728, 0.0207284077, 0.10913684544, 0.43640532858, 0.056971400999],
      [0.027903366264, 0.1025116445, 0.1516148783, 0.16138916341, 0.31540321485, 0.24117773267]
    ],
    [
      [0.0048847922863, 0.014122616257, 0.0019349871547, 0.7764905451, 0.19873717471, 0.0038298844945],
      [0.42009703898, 0.055007236976, 0.025188746334, 0.010713781256, 0.47304863497, 0.015944561485],
      [0.0012118363505, 0.00074050104885, 0.013305154586, 0.0093042122039, 0.90744801639, 0.067990279423],
      [0.00068285738024, 5.2404119505e-05, 0.0011002606964, 0.79879899602, 0.099288629393, 0.10007685239],
      [0.00094818995234, 0.018923829426, 0.42175752185, 0.044762273946, 0.47138921593, 0.0422189689],
      [0.00033819708029, 0.60131629781, 0.016184346712, 0.071643216694, 0.27725486618, 0.033263075523],
      [0.18227613428, 0.16933813815, 0.11952176026, 0.12254842885, 0.23884634974, 0.16746918872]
    ],
    [
      [0.0027509961748, 0.0079476899772, 0.0017370692256, 0.80160133171, 0.18301490913, 0.0029480037848],
      [0.32128990632, 0.040444458677, 0.0295633899, 0.014805915071, 0.57664183911, 0.017254490924],
      [0, 0.001277339098, 0.013070535774, 0.01135765917, 0.91422506221, 0.060069403745],
      [0, 0.00045877149722, 0.0011123347854, 0.82501939916, 0.091770399301, 0.081639095253],
      [0.00012541084411, 0.012193632401, 0.41449224825, 0.052054938747, 0.48304990574, 0.03808386402],
      [5.6839743313e-05, 0.47141645507, 0.020411753692, 0.10594413257, 0.36343741691, 0.038733402012],
      [0.13409351102, 0.11860912107, 0.13382405379, 0.1607782311, 0.27815489024, 0.17454019278]
    ],
    [
      [0.006037597041, 0.015648639086, 0.0023173708368, 0.79228804634, 0.17967847506, 0.0040298716345],
      [0.49251175148, 0.056363408651, 0.028223476346, 0.010122679421, 0.39705132461, 0.015727359487],
      [0.0010103413199, 0.0011102330092, 0.017458254935, 0.010748706321, 0.89094153103, 0.078730933386],
      [0.00039445253273, 0.00037691532202, 0.0012563740077, 0.8050548193, 0.088414679071, 0.10450275977],
      [0.00086555801086, 0.019960140142, 0.48614103197, 0.043518816829, 0.40657247206, 0.042941980991],
      [0.00020420557196, 0.64042597857, 0.018540516501, 0.069183582016, 0.23825172785, 0.033393989498],
      [0.21305279897, 0.17363369316, 0.1337259158, 0.11525867052, 0.20002968832, 0.16429923323]
    ],
    [
      [0.0063188622291, 0.0092474328074, 0.002757290996, 0.76519921074, 0.21075306844, 0.0057241347911],
      [0.47579857917, 0.03074284002, 0.03122843341, 0.0090936379675, 0.43206324356, 0.021073265864],
      [0.00081056360717, 0.00081033296519, 0.017440894859, 0.0091849607087, 0.87734861747, 0.094404630389],
      [0.00034770660638, 0.00033225188156, 0.0014068122071, 0.74809893625, 0.10057070246, 0.14924359059],
      [0.00070883315886, 0.010121838888, 0.49525060748, 0.035568006294, 0.40544590617, 0.052904808014],
      [0.00025134360681, 0.47280271152, 0.027890234441, 0.083795886587, 0.35282513772, 0.062434686128],
      [0.20714407764, 0.094780600326, 0.14860193518, 0.10285389745, 0.21857345953, 0.22804602988]
    ],
    [
      [0.0043136421794, 0.011988468097, 0.0022631755433, 0.7153734657, 0.26129463622, 0.0047666122541],
      [0.33824069081, 0.042020240386, 0.026902830911, 0.0090593720138, 0.56530024698, 0.018476618899],
      [0.00051329432756, 0.0017458273489, 0.012319018132, 0.007079712523, 0.9120056216, 0.066336526069],
      [0.00027051736618, 0.00075580339244, 0.0013375332809, 0.73922908604, 0.13063087107, 0.12777618885],
      [0.00049967651921, 0.013463691447, 0.4028231981, 0.034006290956, 0.5053764195, 0.043830723477],
      [0.0001523382026, 0.50431641704, 0.019143549919, 0.066807153942, 0.36697318995, 0.042607350946],
      [0.15012120785, 0.13072459878, 0.12917485429, 0.10433260031, 0.28891073147, 0.1967360073]
    ],
    [
      [0.0031652173327, 0.0094724596734, 0.0021737469961, 0.78538810025, 0.19521308998, 0.0045873857712],
      [0.33256446424, 0.043136347662, 0.033910014375, 0.012672314446, 0.55695789074, 0.020758968542],
      [0.00053346352904, 0.001556464693, 0.014972025218, 0.008641366126, 0.89895490657, 0.075341773862],
      [0.00026474639854, 0.00072892705042, 0.0011549730788, 0.79477810606, 0.095146236146, 0.10792701127],
      [0.00047130079871, 0.012306425358, 0.45871993523, 0.042159691009, 0.44207595949, 0.044266688118],
      [0.0001579428264, 0.5021132442, 0.022723476296, 0.089217447697, 0.34059172267, 0.045196166308],
      [0.13194697664, 0.12299170762, 0.14924694889, 0.1350370047, 0.25921725424, 0.20156010791]
    ],
    [
      [0.0030993192489, 0.010080573644, 0.0019148707978, 0.7661665737, 0.21414712935, 0.0045915332623],
      [0.31407835818, 0.044016929716, 0.028489121287, 0.01224809732, 0.57891933458, 0.022248158916],
      [0, 0.00090589941498, 0.012187063267, 0.0095417769306, 0.90064740471, 0.076717855679],
      [0, 0.00031125589442, 0.0010283748758, 0.77344520234, 0.10498873529, 0.12022643161],
      [0, 0.01335468902, 0.40297591852, 0.043538894, 0.49020249178, 0.049928006678],
      [0, 0.49379242949, 0.019066053904, 0.084793898881, 0.35402360545, 0.048324012272],
      [0.12479775455, 0.12948952136, 0.12583878855, 0.12932238992, 0.27254550727, 0.21800603835]
    ],
    [
      [0.0061543404876, 0.011517048522, 0.0018261995177, 0.80421854805, 0.17194145742, 0.0043424060027],
      [0.51639575135, 0.042384837872, 0.022887007993, 0.010639395684, 0.3900448822, 0.017648124895],
      [1.6508778319e-05, 0.0018648857374, 0.014256539548, 0.011636990101, 0.88363202002, 0.088593055813],
      [3.630359208e-05, 0.0006161222177, 0.00096422387561, 0.80256324483, 0.08335142501, 0.11246868047],
      [0.00054870648885, 0.017109197894, 0.43559851029, 0.050674612731, 0.4429649066, 0.053104065999],
      [0.00012479103864, 0.56827106985, 0.018055554601, 0.087110459356, 0.28126147149, 0.04517665367],
      [0.23235360628, 0.13469073138, 0.11221886671, 0.12511170279, 0.20367459158, 0.19195050126]
    ],
    [
      [0.01725835881, 0.0093425131855, 0.0033802055464, 0.69435819918, 0.26981931943, 0.0058414038579],
      [0.6652335297, 0.016950389347, 0.038755626236, 0.0035673948792, 0.26472914342, 0.010763916413],
