{
  "Z_true": {},
  "V_true": [
    [179, 186, 768, 531, 99],
    [406, 1323, 4419, 1000, 135],
    [823, 353, 65, 19798, 318],
    [99, 2046, 311, 515, 30],
    [751, 179, 235, 1558, 269]
  ],
  "p_true": [
    [0.1015, 0.1055, 0.4356, 0.3012, 0.0562],
    [0.0557, 0.1817, 0.6068, 0.1373, 0.0185],
    [0.0385, 0.0165, 0.003, 0.927, 0.0149],
    [0.033, 0.6818, 0.1036, 0.1716, 0.01],
    [0.251, 0.0598, 0.0785, 0.5207, 0.0899]
  ],
  "Z_est": {},
  "V_est": [
    [122.0704, 445.1026, 698.5351, 264.4241, 232.8677],
    [0, 640.8974, 4913.6849, 1691.2352, 37.1825],
    [0, 0, 185.78, 21171.22, 0],
    [0, 3001, 0, 0, 0],
    [2135.9296, 0, 0, 275.1206, 580.9498]
  ],
  "p_est": [
    [0.0692, 0.2525, 0.3962, 0.15, 0.1321],
    [0, 0.088, 0.6747, 0.2322, 0.0051],
    [0, 0, 0.0087, 0.9913, 0],
    [0, 1, 0, 0, 0],
    [0.7139, 0, 0, 0.092, 0.1942]
  ],
  "EI_Z": {},
  "EI_V": 15.7291,
  "MAE_Z": {},
  "MAE_V": 457.9816,
  "MAE_p": 0.1073,
  "runtime": 0.0219
}
