{
  "Z_true": {},
  "V_true": [
    [90, 768, 277],
    [1484, 221, 209],
    [9664, 779, 666],
    [330, 18697, 942],
    [382, 925, 360],
    [324, 585, 625]
  ],
  "p_true": [
    [0.0793, 0.6767, 0.2441],
    [0.7753, 0.1155, 0.1092],
    [0.8699, 0.0701, 0.06],
    [0.0165, 0.9363, 0.0472],
    [0.2292, 0.5549, 0.216],
    [0.2112, 0.3814, 0.4074]
  ],
  "Z_est": [
    [
      [1.0129, 0.6452, 0.017, 0.5182, 0.7431, 0.6781, 0.722, 0.8353, 0.4925, 2.128, 0.0194, 0.0215, 0.114, 0.4767, 0.9467, 0.3667, 0.8394, 0.917, 0.5765, 0.5547, 0.9714, 1.1518, 0.1129, 0.5627, 0.2926, 0.4288, 1.112, 1.5533, 0.4164, 0.6617, 0.4745, 0.9931, 0.704, 0.0512, 2.7499, 0.2704, 1.3007, 0.5458],
      [27.0444, 15.6077, 0.6567, 15.9429, 22.7775, 18.6092, 17.5101, 20.7879, 11.7266, 58.0972, 0.4694, 0.6141, 3.1944, 15.657, 27.7083, 9.2832, 27.8402, 26.6778, 17.4323, 15.7522, 29.7662, 30.5604, 3.3303, 14.407, 3.2409, 12.8799, 23.4721, 38.3646, 12.8613, 19.3448, 12.6948, 25.8555, 19.5522, 1.5269, 85.8044, 7.8815, 35.804, 15.8128],
      [12.9427, 7.7471, 0.3263, 7.5389, 9.4795, 7.7128, 5.7679, 8.3768, 4.781, 32.7748, 0.5112, 0.3644, 1.6915, 6.8663, 13.3451, 4.3502, 12.3204, 15.4052, 9.9912, 7.6931, 13.2624, 17.2878, 2.5568, 7.0302, 2.4666, 4.6913, 14.4158, 18.0821, 6.7223, 8.9935, 7.8307, 13.1514, 8.7437, 1.4218, 32.4457, 3.848, 22.8953, 5.6414]
    ],
    [
      [99.1255, 54.6656, 2.9451, 49.4289, 46.4556, 39.6165, 141.4075, 112.3042, 150.9256, 66.3723, 3.9829, 3.9708, 2.9719, 40.4462, 54.4185, 34.7371, 45.4381, 40.5842, 19.7893, 32.6696, 33.6302, 67.3976, 4.9505, 90.4053, 1.9995, 65.0702, 21.8572, 45.6251, 24.7253, 62.3119, 20.8127, 37.6705, 14.8559, 4.949, 135.3817, 17.8124, 160.512, 45.4884],
      [0.8728, 0.3245, 0.0549, 0.5711, 0.5444, 0.3835, 0.5925, 0.6958, 0.0744, 0.6141, 0.0074, 0.0288, 0.028, 0.5538, 0.5815, 0.261, 0.5619, 0.4117, 0.2079, 0.3304, 0.3698, 0.5926, 0.0462, 0.5834, 0, 0.9298, 0.1363, 0.3731, 0.2747, 0.6881, 0.1773, 0.3265, 0.1441, 0.0484, 1.6183, 0.1876, 1.3946, 0.5116],
      [0.0017, 0.0099, 0, 0, 0, 0, 0, 0, 0, 0.0135, 0.0097, 0.0004, 0.0001, 0, 0, 0.002, 0, 0.0041, 0.0027, 0, 0, 0.0098, 0.0033, 0.0113, 0.0005, 0, 0.0065, 0.0018, 0, 0, 0.01, 0.003, 0, 0.0026, 0, 0, 0.0935, 0]
    ],
    [
      [491.679, 265.4265, 8.8621, 150.9557, 188.6356, 196.2086, 434.9048, 380.6945, 346.7532, 496.0093, 18.3652, 8.9884, 29.3707, 151.5466, 333.6551, 169.5668, 237.815, 220.405, 110.7462, 240.8819, 249.0988, 485.7546, 23.6629, 258.9345, 26.2453, 165.5218, 282.6958, 621.7369, 84.6926, 284.2883, 113.8246, 243.1761, 181.7525, 90.6174, 542.231, 133.8299, 625.2059, 215.2288],
      [29.1676, 10.5325, 1.5089, 17.938, 20.6557, 12.8944, 17.5929, 18.085, 11.3449, 30.2983, 0.0856, 0.4958, 1.8843, 20.6224, 24.8878, 8.5664, 38.3345, 15.246, 8.3098, 16.9023, 26.0417, 27.7351, 1.4939, 13.1037, 0, 15.9387, 5.2724, 28.7281, 8.9424, 22.8327, 6.3854, 13.8747, 12.2072, 4.7785, 64.9923, 9.9722, 37.1671, 18.3193],
      [71.1535, 37.041, 1.629, 25.1063, 26.7088, 24.897, 38.5023, 43.2204, 37.9019, 87.6925, 5.5492, 1.5158, 4.7451, 23.831, 52.4571, 22.8668, 39.8505, 41.349, 20.944, 37.2158, 37.8595, 83.5102, 5.8432, 36.9617, 3.7547, 19.5395, 46.0319, 83.535, 15.3649, 42.879, 21.79, 36.9493, 25.0403, 29.6041, 70.7767, 21.1979, 126.627, 24.4519]
    ],
    [
      [9.1716, 10.0096, 0, 0, 0, 4.439, 13.468, 12.7374, 14.3438, 8.7685, 0.8979, 0.066, 0.4341, 0, 0, 7.0074, 0, 2.0849, 0, 1.4621, 0, 18.2192, 0.311, 7.7639, 3.0418, 0, 17.9049, 22.5046, 0, 0, 2.8278, 8.9249, 1.9875, 0.8127, 0, 0, 12.489, 0],
      [737.7801, 360.3747, 14.7932, 757.3958, 602.9397, 711.0249, 489.1826, 541.1947, 419.1061, 884.9845, 23.7027, 6.7967, 62.2475, 363.9706, 673.3703, 316.9237, 908.5877, 740.755, 285.0528, 416.699, 843.6826, 1145.0316, 68.9712, 389.4689, 14.4452, 274.0762, 398.6779, 949.8046, 473.7517, 637.2726, 215.769, 554.2339, 330.5578, 117.3082, 1823.5881, 261.4009, 1153.1683, 452.8472],
      [14.0482, 7.6157, 0.2068, 12.6042, 8.0603, 10.5361, 5.3493, 8.0679, 6.5502, 22.247, 1.3995, 0.1373, 1.3183, 5.0294, 11.6297, 6.0689, 12.4123, 18.1601, 6.9472, 7.8389, 12.3174, 28.7493, 2.7178, 7.7672, 0.513, 2.9238, 12.4172, 18.6908, 9.2483, 10.7274, 6.4032, 11.8412, 5.4546, 5.8792, 20.4119, 4.5991, 34.3428, 5.1528]
    ],
    [
      [38.2012, 12.8093, 0.9311, 13.5375, 10.936, 11.5031, 26.3237, 23.4183, 17.5893, 27.8975, 1.5169, 0.6822, 2.7942, 9.8487, 27.8438, 11.2802, 20.629, 14.3019, 6.9399, 17.5817, 30.0887, 35.7076, 0.3062, 13.6553, 0.4208, 6.6075, 13.4774, 47.3721, 10.244, 18.5798, 12.8976, 13.3838, 10.1764, 5.5917, 38.6758, 9.3724, 24.8703, 7.467],
      [43.1394, 13.5011, 1.3294, 17.182, 13.5962, 13.2272, 27.3419, 25.0197, 17.9847, 32.2606, 1.5329, 0.7872, 3.2456, 12.7654, 33.6447, 12.1777, 27.4908, 17.2808, 8.4938, 20.8033, 37.7362, 40.206, 0.3706, 14.9707, 0.3139, 8.045, 13.2077, 50.3566, 12.9999, 22.48, 14.689, 14.9251, 11.7926, 6.942, 48.3973, 11.3186, 28.932, 8.9023],
      [23.6594, 7.6896, 0.7395, 9.2805, 6.4678, 6.2697, 10.3344, 11.5619, 8.4259, 20.8419, 1.9503, 0.5306, 1.9602, 6.386, 18.5115, 6.5421, 13.8802, 11.4173, 5.5663, 11.615, 19.1751, 26.0864, 0.3231, 8.3739, 0.2653, 3.3475, 9.3149, 27.2713, 7.7561, 11.9401, 10.4134, 8.6911, 6.031, 7.4663, 20.9269, 6.309, 21.1977, 3.6307]
    ],
    [
      [22.8098, 12.4437, 1.2447, 10.5596, 11.2298, 11.5547, 19.1739, 17.0103, 12.8956, 29.8243, 0.2177, 0.2711, 2.3151, 10.682, 21.136, 7.0419, 15.2784, 11.707, 5.948, 11.85, 26.2109, 18.7693, 1.6566, 9.6783, 0, 8.3718, 12.9527, 35.2079, 1.9215, 15.1583, 7.1628, 11.8517, 6.5236, 3.978, 30.9616, 6.7149, 24.6221, 5.27],
      [22.9957, 11.6594, 1.6569, 11.9702, 12.4865, 11.8608, 17.78, 16.2168, 11.7633, 30.7454, 0.2021, 0.2775, 2.4002, 12.4308, 22.8073, 6.788, 18.1849, 12.6287, 6.5034, 12.5129, 29.4035, 18.8743, 1.7878, 9.4661, 0, 9.1303, 11.2336, 33.3729, 2.17, 16.3817, 7.2845, 11.7843, 6.7461, 4.396, 34.5997, 7.2391, 25.5341, 5.6067],
      [28.1945, 14.8968, 2.0983, 14.4702, 13.2837, 12.5845, 15.0461, 16.773, 12.3411, 44.4303, 0.5802, 0.4515, 3.2847, 13.8873, 28.0567, 8.1701, 20.5367, 18.6643, 9.5485, 15.6372, 33.3856, 27.3564, 3.5557, 11.8556, 0, 8.4979, 17.8137, 40.4191, 2.9084, 19.46, 11.5527, 15.364, 7.7303, 10.626, 33.4387, 9.046, 41.8438, 5.1233]
    ]
  ],
  "V_est": [
    [26.9783, 746.5484, 361.4733],
    [1897.7107, 16.103, 0.1863],
    [9109.9679, 623.1384, 1375.8937],
    [181.6776, 19420.9384, 366.384],
    [595.4598, 689.3902, 382.15],
    [462.2058, 478.8815, 592.9127]
  ],
  "p_est": [
    [0.0238, 0.6578, 0.3185],
    [0.9915, 0.0084, 0.0001],
    [0.8201, 0.0561, 0.1239],
    [0.0091, 0.9726, 0.0183],
    [0.3572, 0.4136, 0.2292],
    [0.3013, 0.3122, 0.3865]
  ],
  "EI_Z": {},
  "EI_V": 6.1772,
  "MAE_Z": {},
  "MAE_V": 256.2035,
  "MAE_p": 0.0691,
  "runtime": 0.002
}
