{
  "X": [
    [3, 2, 3, 4, 16, 3],
    [1, 1, 3, 8, 21, 0],
    [0, 1, 1, 6, 12, 4],
    [4, 2, 1, 11, 17, 2],
    [4, 4, 16, 30, 42, 3],
    [0, 1, 4, 5, 14, 0],
    [3, 2, 16, 20, 64, 2],
    [64, 47, 283, 596, 664, 75],
    [97, 65, 546, 795, 1040, 124],
    [68, 87, 613, 795, 953, 171],
    [63, 49, 410, 526, 853, 90],
    [79, 45, 963, 756, 1238, 132],
    [6, 14, 67, 94, 107, 20],
    [2, 1, 20, 47, 19, 11],
    [7, 4, 60, 89, 109, 17],
    [39, 25, 112, 333, 474, 67],
    [2, 1, 5, 15, 18, 3],
    [78, 86, 523, 772, 747, 121],
    [8, 2, 35, 63, 71, 15],
    [116, 125, 624, 1233, 1332, 208],
    [37, 39, 209, 300, 447, 66],
    [6, 3, 21, 63, 75, 7],
    [7, 1, 29, 12, 39, 6],
    [8, 13, 85, 93, 113, 27],
    [1, 1, 8, 10, 38, 3],
    [10, 6, 115, 61, 135, 22],
    [10, 17, 73, 107, 213, 20],
    [1, 0, 2, 4, 11, 1],
    [19, 12, 98, 81, 190, 24],
    [2, 1, 29, 15, 49, 6],
    [2, 7, 43, 31, 90, 4],
    [0, 0, 0, 3, 6, 4],
    [0, 2, 11, 10, 43, 2],
    [1, 0, 3, 4, 17, 1],
    [7, 7, 73, 37, 78, 10],
    [6, 3, 19, 16, 30, 4],
    [5, 6, 95, 39, 103, 7],
    [2, 2, 29, 17, 49, 3],
    [1, 0, 7, 28, 25, 11],
    [6, 1, 9, 10, 33, 2],
    [6, 5, 116, 75, 122, 25],
    [5, 2, 51, 33, 59, 6],
    [7, 6, 26, 36, 63, 9],
    [2, 1, 3, 2, 5, 0],
    [16, 12, 134, 86, 299, 13],
    [20, 6, 71, 131, 246, 15],
    [5, 7, 34, 46, 46, 5],
    [11, 9, 129, 81, 159, 12],
    [5, 13, 42, 50, 98, 21],
    [16, 7, 44, 35, 125, 19],
    [10, 13, 201, 105, 223, 16],
    [27, 28, 242, 233, 337, 54],
    [4, 8, 34, 125, 38, 25],
    [7, 5, 52, 25, 122, 19],
    [0, 4, 58, 86, 113, 19],
    [30, 16, 128, 106, 267, 26],
    [9, 6, 46, 26, 48, 6],
    [5, 5, 116, 71, 96, 15],
    [0, 1, 10, 3, 6, 1],
    [0, 0, 1, 9, 13, 5],
    [16, 18, 64, 112, 186, 27],
    [1, 2, 30, 11, 25, 13],
    [7, 7, 41, 36, 40, 7],
    [19, 6, 111, 140, 166, 42],
    [0, 0, 8, 7, 23, 3],
    [13, 19, 95, 116, 307, 17],
    [2, 1, 18, 9, 31, 2],
    [8, 7, 39, 39, 71, 12],
    [13, 9, 60, 77, 165, 25],
    [3, 4, 19, 29, 46, 9],
    [7, 10, 41, 45, 79, 16],
    [14, 22, 103, 102, 175, 24],
    [20, 14, 85, 104, 172, 23],
    [13, 57, 53, 181, 147, 27],
    [123, 181, 496, 1096, 1131, 201],
    [120, 143, 396, 711, 788, 198],
    [1, 3, 2, 4, 3, 0]
  ],
  "W": [
    [5, 2, 10, 12, 2],
    [2, 1, 10, 20, 1],
    [1, 2, 5, 10, 6],
    [6, 2, 13, 13, 3],
    [14, 11, 28, 39, 7],
    [4, 1, 7, 11, 1],
    [19, 3, 31, 43, 11],
    [200, 45, 756, 588, 140],
    [293, 76, 1133, 952, 213],
    [265, 114, 1131, 899, 278],
    [203, 51, 763, 824, 150],
    [363, 89, 1194, 1291, 276],
    [16, 13, 143, 109, 27],
    [6, 3, 62, 10, 19],
    [32, 9, 127, 97, 21],
    [103, 28, 373, 434, 112],
    [3, 1, 20, 19, 1],
    [257, 79, 1054, 730, 207],
    [12, 8, 75, 65, 34],
    [381, 145, 1654, 1116, 342],
    [123, 46, 425, 407, 97],
    [16, 7, 84, 60, 8],
    [10, 2, 22, 46, 14],
    [32, 17, 132, 120, 38],
    [8, 0, 16, 33, 4],
    [50, 4, 108, 148, 39],
    [41, 16, 172, 171, 40],
    [0, 0, 7, 12, 0],
    [65, 13, 117, 178, 51],
    [15, 2, 15, 57, 13],
    [29, 6, 43, 80, 19],
    [2, 0, 5, 4, 2],
    [6, 4, 16, 36, 6],
    [7, 0, 5, 13, 1],
    [37, 2, 52, 100, 21],
    [14, 1, 24, 35, 4],
    [29, 5, 83, 115, 23],
    [6, 0, 30, 51, 15],
    [7, 1, 29, 19, 16],
    [14, 0, 16, 26, 5],
    [54, 8, 119, 108, 60],
    [32, 8, 44, 63, 9],
    [21, 6, 56, 46, 18],
    [2, 0, 4, 7, 0],
    [71, 7, 180, 264, 38],
    [44, 6, 180, 211, 48],
    [18, 9, 69, 34, 13],
    [36, 7, 114, 201, 43],
    [19, 6, 88, 88, 28],
    [33, 6, 58, 124, 25],
    [54, 10, 187, 261, 56],
    [95, 25, 373, 347, 81],
    [4, 3, 171, 23, 33],
    [25, 5, 66, 111, 23],
    [18, 8, 123, 101, 30],
    [77, 10, 176, 264, 46],
    [25, 9, 38, 53, 16],
    [44, 5, 123, 115, 21],
    [3, 0, 8, 8, 2],
    [5, 0, 10, 9, 4],
    [53, 5, 157, 153, 55],
    [6, 1, 25, 30, 20],
    [12, 6, 59, 43, 18],
    [58, 13, 195, 147, 71],
    [7, 1, 10, 20, 3],
    [85, 11, 183, 258, 30],
    [9, 2, 21, 28, 3],
    [25, 7, 58, 64, 22],
    [35, 14, 113, 142, 45],
    [13, 5, 43, 35, 14],
    [25, 5, 74, 66, 28],
    [47, 12, 165, 170, 46],
    [40, 11, 176, 155, 36],
    [38, 61, 230, 112, 37],
    [281, 150, 1439, 1031, 327],
    [211, 93, 972, 785, 295],
    [1, 2, 7, 3, 0]
  ],
  "method": "mult",
  "cond_prob": [
    [
      [0.20859467784, 0, 0.13596525346, 0, 0.64768624235, 0.0077538263475],
      [0.0093294273431, 0.64647405339, 0.0079850252874, 0.1458808128, 0.076410153144, 0.11392052804],
      [0.14605394418, 0.065435242776, 0.07672136737, 0.36733158989, 0.24308555238, 0.1013723034],
      [0.027516140014, 0, 0.11828379753, 0, 0.83056073343, 0.023639329018],
      [0.073817317098, 0.026349732733, 0.058792218999, 0.017461237751, 0.10558207846, 0.71799741496]
    ],
    [
      [0.092476888688, 0.0015210094954, 0.1353793754, 0.018465326037, 0.75215740038, 0],
      [0.0029370880487, 0.60690054953, 0.0059826649316, 0.31335937236, 0.070820325127, 0],
      [0.027062734944, 0.030954921546, 0.045980757294, 0.727050054, 0.16895153222, 0],
      [0.021856236847, 0, 0.10325786884, 0.0084510913444, 0.86643480296, 0],
      [0.10435704819, 0.080508216021, 0.19829363443, 0.21018760867, 0.40665349268, 0]
    ],
    [
      [0, 0.00090624187082, 0.077103701657, 0.026774469996, 0.89521558648, 0],
      [0, 0.39175772527, 0.0036687787092, 0.44761886841, 0.082832601983, 0.074122025624],
      [0, 0.021440080861, 0.020586308883, 0.78662590506, 0.1414541188, 0.029893586397],
      [0, 0, 0.047219214062, 0.037599493228, 0.91518129271, 0],
      [0, 0.01806298388, 0.056739175983, 0.12814388926, 0.18000594808, 0.61704800279]
    ],
    [
      [0.26639030433, 0.0044337979745, 0.042288623767, 0.030127277059, 0.65675999687, 0],
      [0.0093143966344, 0.54786397309, 0.0019374910994, 0.32765492303, 0.062202926434, 0.051026289706],
      [0.065854949703, 0.049427049098, 0.014112205875, 0.72527656893, 0.12141453026, 0.023914696131],
      [0.085302754785, 0.0080290478495, 0.036459109233, 0.033266410907, 0.83694267723, 0],
      [0.13932640747, 0.043580001885, 0.028322059601, 0.1009559179, 0.15879682285, 0.52901879029]
    ],
    [
      [0.10457149685, 0, 0.26130496824, 0.032836966504, 0.6012865684, 0],
      [0.0053675072224, 0.30706412618, 0.01726679491, 0.54219867111, 0.084953258732, 0.04314964184],
      [0.03468630896, 0.015727425461, 0.082279199171, 0.74871713844, 0.11482577526, 0.0037641526992],
      [0.025763353598, 0, 0.21245068062, 0.04114496162, 0.72064100416, 0],
      [0.071567003347, 0.025989528441, 0.22320022567, 0.14390910101, 0.18962590379, 0.34570823774]
    ],
    [
      [0, 0, 0.24764651679, 0.0071154563835, 0.74523802683, 3.8518598888e-34],
      [0, 0.70203092415, 0.0093139273034, 0.22764191982, 0.061013228724, 0],
      [1.5847652114e-32, 0.029835911018, 0.12389317016, 0.65335599625, 0.19291492257, 9.1913633408e-18],
      [0, 0, 0.16174432159, 0, 0.83825567841, 2.5511158022e-34],
      [0, 0.089117698719, 0.35366027692, 0.17040428087, 0.3868177435, 0]
    ],
    [
      [0.048202563748, 0, 0.1999716116, 0, 0.75182582465, 0],
      [0.0039029660634, 0.39487856446, 0.017955215163, 0.417453781, 0.13968162146, 0.026127851856],
      [0.03011043943, 0.014452778828, 0.13676288332, 0.56520965866, 0.25346423977, 0],
      [0, 0, 0.12281104126, 0, 0.87718895874, 0],
      [0.10354716075, 0.03339346936, 0.23874087062, 0.11146720352, 0.33815889171, 0.17469240404]
    ],
    [
      [0.097127138237, 0.0018569537712, 0.27134055915, 0.025443293714, 0.60423205513, 0],
      [0.0050156563111, 0.37556422929, 0.018306695471, 0.45749698371, 0.085399259184, 0.058217176034],
      [0.023969868376, 0.03088735536, 0.09062167077, 0.71223475427, 0.12102474465, 0.021261606583],
      [0.030259970341, 0.0029266686243, 0.22055275291, 0.025775702954, 0.7198755208, 0.00060938437782],
      [0.060248462615, 0.033260693747, 0.21223632189, 0.11941706735, 0.17520792235, 0.39962953205]
    ],
    [
      [0.091517750302, 0.0010667743474, 0.31974304373, 0.015692297409, 0.57197615037, 3.9838446986e-06],
      [0.0055438433798, 0.36155511345, 0.025487343302, 0.44318320369, 0.09475908524, 0.069471410936],
      [0.02630029737, 0.02694814863, 0.12706681554, 0.64558331859, 0.1472713771, 0.026830042763],
      [0.029395638595, 0.00095911661507, 0.26620799454, 0.0052532298658, 0.69620972609, 0.0019742942928],
      [0.056249212216, 0.027060634173, 0.24873961165, 0.095179617756, 0.16694445057, 0.40582647364]
    ],
    [
      [0.065155671004, 0.0012439845325, 0.36743291495, 0.015128548462, 0.55025869897, 0.00078018208346],
      [0.0037945902429, 0.38541728631, 0.028148842377, 0.41913979993, 0.087421746461, 0.07607773468],
      [0.018713595585, 0.029948163699, 0.14566253026, 0.63260301241, 0.13952277984, 0.033549918205],
      [0.020855272777, 0.0011965490376, 0.30426720672, 0.0039121016604, 0.6649670253, 0.0048018445072],
      [0.037364018212, 0.028006124935, 0.26669341345, 0.087115147598, 0.14967534511, 0.43114595069]
    ],
    [
      [0.080906545292, 0.0013138605096, 0.3136890687, 0.01471999742, 0.58925986664, 0.00011066144619],
      [0.0047135322865, 0.38790604994, 0.024076307628, 0.41952161362, 0.093982125065, 0.069800371458],
      [0.023375936911, 0.030715859637, 0.12580412434, 0.6372289208, 0.15423019395, 0.028644964358],
      [0.025654897178, 0.0012685977773, 0.25847302739, 0.0019771041384, 0.71046146977, 0.0021649037413],
      [0.049067373478, 0.029790348651, 0.24081937283, 0.0918762523, 0.16992846412, 0.41851818862]
    ],
    [
      [0.057839768145, 0, 0.42911925455, 0.0076387640133, 0.5054022133, 0],
      [0.0046210386104, 0.27535702843, 0.045187928906, 0.48999291998, 0.1100851258, 0.07475595828],
      [0.035775145607, 0.013428998664, 0.1952170201, 0.57553420813, 0.15655604332, 0.023488584183],
      [0.0034574550194, 0, 0.36591634031, 0, 0.63060926149, 1.6943181176e-05],
      [0.037731135658, 0.016155797335, 0.35406111446, 0.081267805372, 0.15832227561, 0.35246187157]
    ],
    [
      [0.056185402834, 0.0022435166709, 0.36844040843, 0.014243035959, 0.55801517314, 0.00087246296632],
      [0.0028138307686, 0.47465282306, 0.02436583802, 0.34718486822, 0.076490924764, 0.074491715167],
      [0.016225744361, 0.044636063584, 0.14741877403, 0.60931388544, 0.14226100688, 0.04014452571],
      [0.017726804812, 0.003828800313, 0.30231583581, 0.00040107805171, 0.66890711389, 0.0068203671213],
      [0.030072243946, 0.03678965581, 0.25018099189, 0.077152037501, 0.14159910409, 0.46420596677]
    ],
    [
      [0.056529058558, 0.0002648504822, 0.40436582588, 0.019308861641, 0.519128509, 0.00040289443606],
      [0.0039204183575, 0.15252753722, 0.037123505496, 0.60654653065, 0.098476794547, 0.10140521372],
      [0.014453765651, 0.006438491016, 0.14318450131, 0.69487624955, 0.10973589582, 0.031311096651],
      [0.017818817805, 0.00034083455557, 0.33526119903, 0.008501299555, 0.63430406107, 0.0037737879843],
      [0.030249618168, 0.007275447205, 0.27538860298, 0.099850882656, 0.12858591636, 0.45864953263]
    ],
    [
      [0.063159634529, 0.00018478672675, 0.33888414003, 0.014603532181, 0.58208721863, 0.0010806879021],
      [0.0043339110522, 0.23600993292, 0.030700447092, 0.51228594427, 0.10932208805, 0.10734767662],
      [0.018589943483, 0.012608700814, 0.1347706198, 0.6459659802, 0.14799395127, 0.040070804428],
      [0.01926805236, 0, 0.27766487901, 0.0013758226934, 0.69574870016, 0.0059425457773],
      [0.033807742587, 0.012794877383, 0.230001977, 0.08337996118, 0.147926404, 0.49208903785]
    ],
    [
      [0.10372537786, 0.0019756375535, 0.1774467096, 0.031094398832, 0.68573242095, 2.5455199389e-05],
      [0.0048465510813, 0.33781384826, 0.010843570655, 0.48771332725, 0.088126366491, 0.070656336262],
      [0.022592017524, 0.027887909533, 0.052312452799, 0.75521397294, 0.11429616366, 0.02769748355],
      [0.030575234524, 0.0037079815597, 0.13793702781, 0.04564025305, 0.78007347172, 0.0020660313371],
      [0.057893824375, 0.029698815429, 0.12537637472, 0.1307019824, 0.17605059473, 0.48027840834]
    ],
    [
      [0.14776192479, 0.001513829083, 0.20104227853, 0.022646584269, 0.6241988143, 0.002836569022],
      [0.0055867305209, 0.40779371423, 0.010171778577, 0.36272765931, 0.06607579694, 0.14764432042],
      [0.033223462498, 0.026853531625, 0.061381044388, 0.69687167012, 0.097626803179, 0.084043488189],
      [0.044782197338, 0.0019947543046, 0.16296289265, 0.030765090754, 0.73883273797, 0.02066232698],
      [0.035796495729, 0.012693834229, 0.062785537671, 0.047362461145, 0.070969675111, 0.77039199611]
    ],
    [
      [0.087237753344, 0.0023357084944, 0.37260994639, 0.020801906081, 0.5164888753, 0.00052581038579],
      [0.0044378187318, 0.43204269758, 0.024791332982, 0.40488444114, 0.0717653321, 0.062078377476],
      [0.022977932789, 0.038742266429, 0.13330254839, 0.6657815875, 0.11079085931, 0.028404805581],
      [0.028219812554, 0.0039445849668, 0.31299865424, 0.016937731521, 0.6341281333, 0.0037710834116],
      [0.050290364185, 0.036494946696, 0.27193635204, 0.099370541289, 0.13964152072, 0.40226627506]
    ],
    [
      [0.10623007686, 0, 0.28687654889, 0.019749559082, 0.58714381516, 0],
      [0.0077375229015, 0.15858398107, 0.027436933849, 0.61235121978, 0.1169588598, 0.076931482597],
      [0.03307732734, 0.0057581952405, 0.10561442855, 0.70417791288, 0.13865558158, 0.0127165544],
      [0.028615904541, 0, 0.23861232204, 0.016169164845, 0.71660260858, 0],
      [0.068308986727, 0.0088077502472, 0.23256184907, 0.11764283388, 0.17765485775, 0.39502372233]
    ],
    [
      [0.084280391235, 0.0017414609134, 0.28929032772, 0.019667994196, 0.60486861609, 0.00015120984476],
      [0.0044737638966, 0.39038502351, 0.02017611477, 0.42864462717, 0.088033257758, 0.068287212888],
      [0.022305690564, 0.032606966367, 0.10544965078, 0.67346771682, 0.13774287169, 0.028427103783],
      [0.026325872998, 0.0025316990548, 0.23540284725, 0.013056195536, 0.71998933396, 0.0026940512092],
      [0.049611662909, 0.032085896099, 0.21558932334, 0.10194943109, 0.16796908898, 0.43279459759]
    ],
    [
      [0.086121689505, 0.0017920305919, 0.30009158403, 0.015192898603, 0.59582700258, 0.00097479468476],
      [0.0046332509348, 0.41824288914, 0.021256541201, 0.3917577178, 0.087635195172, 0.076474405751],
      [0.024478745413, 0.036160160018, 0.11788179377, 0.6357666668, 0.14940462437, 0.036308009637],
      [0.027254545759, 0.0025459730788, 0.24639709913, 0.0037872289253, 0.71444704263, 0.0055681104807],
      [0.048431296115, 0.032331219447, 0.21368610899, 0.086269926701, 0.15881595876, 0.46046548998]
    ],
    [
      [0.09648635747, 0.00026557660021, 0.20501010219, 0.01789337112, 0.68034459262, 0],
      [0.0061068857845, 0.24956331346, 0.017217708209, 0.52190841223, 0.11864966203, 0.086554018283],
      [0.026592933804, 0.01335465531, 0.077660917219, 0.68806006509, 0.16547154795, 0.028859880624],
      [0.028778920495, 0, 0.16422236637, 0.0075354781219, 0.79782243548, 0.0016407995287],
      [0.056616051343, 0.015877066765, 0.15280692235, 0.10139662771, 0.18937284084, 0.48393049099]
    ],
    [
      [0.15860163278, 0, 0.38109514082, 0.0019084936914, 0.4583947327, 0],
      [0.013986295062, 0.32623629235, 0.044646747433, 0.41907330504, 0.11110634954, 0.084951010582],
      [0.13010774402, 0.0075223294768, 0.20082467709, 0.47269820858, 0.16034084866, 0.028506192185],
      [0.023646842246, 0, 0.35399934984, 0, 0.62235380792, 0],
      [0.10256328359, 0.013002583343, 0.31411729346, 0.053100561739, 0.14557615281, 0.37164012505]
    ],
    [
      [0.062209299162, 0.0016318282992, 0.40621385737, 0.015264048077, 0.51228896811, 0.0023919989806],
      [0.0033731200056, 0.4164216076, 0.028841203673, 0.38988780231, 0.075053715071, 0.086422551348],
      [0.017602962061, 0.034315764779, 0.15729385506, 0.62403628955, 0.12097811921, 0.045773009337],
      [0.020127721316, 0.0021196107968, 0.33929114115, 0.0046269020858, 0.62239363215, 0.011440992502],
      [0.031922153598, 0.028541576813, 0.26402974463, 0.077774719764, 0.12301295448, 0.47471885071]
    ],
    [
      [0.042107504151, 0.0020991181722, 0.18980491518, 0.010213942198, 0.7557745203, 0],
      [0.0012948994695, 0.64290300064, 0.0077700984603, 0.22820880242, 0.064574465773, 0.055248733232],
      [0.036355366213, 0.051313106172, 0.074788176178, 0.60238438726, 0.19519887609, 0.03996008808],
      [0, 0.00040901671711, 0.14592947603, 0, 0.85244332325, 0.0012181840026],
      [0.020363526846, 0.037174951051, 0.1173192877, 0.07003456655, 0.17499803819, 0.58010962966]
    ],
    [
      [0.063050475829, 0.00068651236571, 0.44877852559, 0.0042589796447, 0.48166414462, 0.0015613619441],
      [0.0041740942193, 0.41587626016, 0.039104022027, 0.36987104947, 0.086976482323, 0.083998091803],
      [0.04650847505, 0.030901748337, 0.20919600196, 0.52708442312, 0.14814810117, 0.038161250364],
      [0.0027303621942, 0, 0.3862013296, 0, 0.60412386728, 0.0069444409273],
      [0.035994126194, 0.024737962069, 0.32445365742, 0.061088439052, 0.13227075786, 0.42145505741]
    ],
    [
      [0.057326435504, 0.0015433351935, 0.25192988036, 0.0070253889046, 0.68217496004, 0],
      [0.0031274251456, 0.48051158974, 0.018406785887, 0.33910571196, 0.1038232286, 0.055025258663],
      [0.035182747666, 0.04300025868, 0.11693252429, 0.56944913839, 0.21656302614, 0.018872304829],
      [0, 0.00086359053332, 0.19669883855, 0, 0.80243757092, 0],
      [0.038703618589, 0.042620483678, 0.21571176904, 0.083525396492, 0.22259974643, 0.39683898577]
    ],
    [
      [0.18622253359, 0, 0.15370971667, 0.012612626118, 0.64611772081, 0.0013374028055],
      [0.010796280974, 0, 0.012982721241, 0.43823076003, 0.11607004228, 0.42192019548],
      [0.073069929863, 0, 0.061371388196, 0.57142857143, 0.16865535336, 0.12547475715],
      [0.04070920758, 0, 0.13086669022, 0, 0.81828437721, 0.010139724993],
      [0, 0, 0, 0, 0, 1]
    ],
    [
      [0.099405426936, 0.0011920979876, 0.32063876977, 0.010129606795, 0.56863409852, 0],
      [0.005691091398, 0.44059972359, 0.024223447778, 0.37840416859, 0.089034049182, 0.062047519462],
      [0.036426969796, 0.036388425675, 0.13540741901, 0.60769671286, 0.15786894009, 0.026211532575],
      [0.028281378932, 0.0010313020065, 0.26997163591, 0, 0.70071568316, 0],
      [0.06212984598, 0.034386267902, 0.25384227312, 0.084741293379, 0.17026045814, 0.39463986148]
    ],
    [
      [0.046026014607, 0, 0.38273982613, 0.024299867362, 0.5469342919, 0],
      [0.0025412272787, 0.28007216922, 0.028107642711, 0.53639299821, 0.0839062914, 0.068979671186],
      [0.011056304996, 0.014958449765, 0.12435056594, 0.7135811681, 0.11209704433, 0.023956466875],
      [0.014068474428, 0, 0.31162834684, 0.023886454781, 0.65020869525, 0.00020802869277],
      [0.02590613146, 0.016575301161, 0.27497023565, 0.11519004224, 0.14498628802, 0.42237200146]
    ],
    [
      [0.025184840861, 0.0022599565618, 0.33456468598, 0.0078735022874, 0.63011701431, 0],
      [0.0011533180278, 0.54783935141, 0.020608667193, 0.32611336573, 0.081813933878, 0.022471363768],
      [0.0091332352424, 0.056917411602, 0.14042613827, 0.62025546499, 0.1732677499, 0],
      [0, 0, 0.25934981646, 0, 0.74065018354, 0],
      [0.045788978497, 0.063156655388, 0.33619278108, 0.11284227604, 0.23858921334, 0.20343009565]
    ],
    [
      [0, 0, 0, 0, 0.93695257882, 0.063047421179],
      [0, -0, 0, 0.50044893188, 0.13377059328, 0.36578047484],
      [0, 0, 0, 0.59901391616, 0.1233115141, 0.27767456974],
      [0, 0, 0, 0, 0.86431656783, 0.13568343217],
      [7.9797279895e-17, 0, 0, 0.0024652096123, 0.026135500275, 0.97139929011]
    ],
    [
      [0, 0, 0.23218883188, 0.0012629387061, 0.76654822942, 0],
      [0, 0.43874900921, 0.019725645854, 0.36032078554, 0.13735653557, 0.043848023818],
      [0, 0.0031552631372, 0.23967018234, 0.50219938028, 0.25497517424, 0],
      [0, 0, 0.11032494879, 0, 0.88967505121, 0],
      [0, 0.032419958826, 0.28692389191, 0.085991523511, 0.29056330829, 0.30410131745]
    ],
    [
      [0.081072187786, 0, 0.15810419254, 0.019256116915, 0.74156750276, 0],
      [0.0054733712983, 0, 0.013872851751, 0.68071793882, 0.13830546104, 0.1616303771],
      [0.022519666725, 7.4553859261e-33, 0.049669394543, 0.74466591611, 0.14720439536, 0.035940627258],
      [0.023220017927, 0, 0.12315579194, 0.0077183308769, 0.84590585926, 0],
      [0.018036118819, 0, 0.043898384329, 0.041539299637, 0.076229333502, 0.82029686371]
    ],
    [
      [0.073046598063, 0.0047948551704, 0.46603608814, 0.019911938489, 0.43488346581, 0.0013270543263],
      [0.0027472391603, 0.60815722769, 0.023123318681, 0.27756311197, 0.045186915598, 0.0432221869],
      [0.019603133823, 0.0662565715, 0.17107851378, 0.61777951719, 0.097717270017, 0.027564993691],
      [0.024267204172, 0.0089705028037, 0.3996310967, 0.017486510922, 0.54381535964, 0.0058293257559],
      [0.040271334161, 0.060184947854, 0.32624884354, 0.087378384101, 0.11219542517, 0.37372106517]
    ],
    [
      [0.17513968293, 0.0055122822697, 0.33809357673, 0.019289551042, 0.45779934451, 0.0041655625174],
      [0.0055241816716, 0.6498252929, 0.014095983842, 0.22843331172, 0.040115847583, 0.062005382275],
      [0.047298064002, 0.071244441173, 0.12384235416, 0.61061829977, 0.096814032771, 0.050182808124],
      [0.060369432418, 0.010600886956, 0.30152935618, 0.016917727891, 0.59613715453, 0.014445442027],
      [0.07360914666, 0.04802628093, 0.18171249401, 0.063638325731, 0.090589033528, 0.54242471914]
    ],
    [
      [0.041550620032, 0, 0.48563649526, 0, 0.47281288471, 0],
      [0.0030957447427, 0.50419536459, 0.04621690706, 0.31093050645, 0.092882475237, 0.042679001916],
      [0.036794786818, 0.03229077081, 0.30358094043, 0.43475531428, 0.18177059361, 0.010807594052],
      [0, 0, 0.39241586169, 0, 0.60758413831, 0],
      [0.031547216933, 0.034734313033, 0.450452824, 0.059158973168, 0.16803820834, 0.25606846452]
    ],
    [
      [0.046724166272, 0.0014376749189, 0.37445751157, 0.007139509184, 0.57024113805, 0],
      [0.0024612412415, 0.56966805636, 0.026140246365, 0.29456499422, 0.082425978669, 0.024739483145],
      [0.028322990525, 0.042215501276, 0.21388160394, 0.52325301397, 0.1923268903, 0],
      [0, 0, 0.28612625042, 0, 0.71387374958, 0],
      [0.057997685774, 0.048327260813, 0.38295786941, 0.083971501727, 0.22674568227, 0.2]
    ],
    [
      [0.040605380939, 0, 0.18725798876, 0.038386323712, 0.73236059557, 0.0013897110203],
      [0.0023371303702, 0, 0.014327609491, 0.73675297625, 0.11744660814, 0.12913567575],
      [0.0072894716262, 0, 0.046084934894, 0.82310806409, 0.083382687308, 0.040134842078],
      [0.01121515048, 0, 0.13921751201, 0.041943094628, 0.80033620449, 0.0072880383909],
      [0.018058916674, 0, 0.10582941431, 0.14546813132, 0.13322146285, 0.59742207484]
    ],
    [
      [0.19230101563, 0.0012575820859, 0.18798818282, 0, 0.61845321947, 0],
      [0.0071160822922, 0.64590415979, 0.00918308567, 0.24155860815, 0.062772570224, 0.033465493876],
      [0.091172773517, 0.045020658126, 0.082411243495, 0.59865998118, 0.1793005549, 0.003434788782],
      [0.046481541432, 0.0016257347036, 0.16368095298, 0, 0.78821177089, 0],
      [0.12810026554, 0.043958843697, 0.15877615343, 0.08428806023, 0.1958680012, 0.3890086759]
    ],
    [
      [0.035688537889, 0, 0.46455828262, 0.0018145042698, 0.49793867522, 0],
      [0.0028323006069, 0.29405036764, 0.048549016247, 0.47034032341, 0.10731420331, 0.076913788786],
      [0.02251527561, 0.014448581054, 0.2189366233, 0.56276441645, 0.15726099412, 0.024074109464],
      [0, 0, 0.38760190011, 0, 0.61239809989, 0],
      [0.022847379193, 0.015470265225, 0.37684995374, 0.069505477079, 0.1566624137, 0.35866451106]
    ],
    [
      [0.069401747292, 0, 0.45672425437, 0.0088969922116, 0.46497700613, 0],
      [0.0053169347615, 0.22112134484, 0.046077354265, 0.53772774328, 0.09652957251, 0.093227050343],
      [0.030046726211, 0.0030625994609, 0.18636471722, 0.62891502987, 0.12192103043, 0.029689896807],
      [0.016913392309, 0, 0.39530904838, 0, 0.58525461952, 0.0025229397871],
      [0.038778771095, 0.010697207224, 0.32352082449, 0.082356998754, 0.12365920609, 0.42098699235]
    ],
    [
      [0.10695718409, 0.0011731237993, 0.26145988385, 0.0045735392293, 0.62583626903, 0],
      [0.0058553369645, 0.48584764146, 0.019082124054, 0.33651874716, 0.094320748475, 0.058375401887],
      [0.044154008605, 0.041263434222, 0.11793228397, 0.58026806469, 0.19336931956, 0.023012888957],
      [0.022029241547, 0.0011133677817, 0.21660438047, 0, 0.7602530102, 0],
      [0.068488751068, 0.03879507317, 0.21260223837, 0.077212865045, 0.19395519418, 0.40894587817]
    ],
    [
      [0.35019999861, 0.0084010268473, 0.27421261108, 0.0073679432245, 0.35981842024, 0],
      [0, 1, 0, 0, 0, 0],
      [0.096660758497, 0.21828171941, 0.10633434092, 0.49631602839, 0.082407152789, 0],
      [0.13042242411, 0.015724438381, 0.28946248774, 0, 0.56439064977, 0],
      [0.25717427823, 0.26696797542, 0.27084906023, 0.074914463837, 0.13009422228, 0]
    ],
    [
      [0.060702724325, 0, 0.3164877051, 0, 0.62280957057, 0],
      [0.0042484302419, 0.50443577324, 0.027784282445, 0.30798988059, 0.11259948955, 0.042942143922],
      [0.054258434386, 0.038208686682, 0.21107380945, 0.4509882418, 0.23677765393, 0.0086931737516],
      [0, 0, 0.23285954204, 0, 0.76714045796, 0],
      [0.049838141361, 0.04187857854, 0.31228100424, 0.070162823977, 0.23282277511, 0.29301667677]
    ],
    [
      [0.10078916064, 0, 0.21243471593, 0.0152419154, 0.67153420803, 0],
      [0.0069634216996, 0.28376339729, 0.019162101315, 0.51796407603, 0.12588321057, 0.046263793098],
      [0.037836546523, 0.017715934112, 0.084954950278, 0.67285350665, 0.18663906244, 0],
      [0.022852734445, 0, 0.17100545005, 0.00066979434103, 0.80547202116, 0],
      [0.081062313745, 0.02309482242, 0.21174706001, 0.12430444715, 0.25307433082, 0.30671702586]
    ],
    [
      [0.082571705861, 0.00066423244793, 0.37918063438, 0.0088131250087, 0.5287703023, 0],
      [0.0049413171591, 0.46090253645, 0.030229127899, 0.37581416847, 0.087369608254, 0.040743241768],
      [0.027270601797, 0.033776596871, 0.16812419432, 0.59806066298, 0.16094702698, 0.011820917046],
      [0.024397386955, 0.00053322687954, 0.32004296893, 0, 0.65502641723, 0],
      [0.058311904586, 0.03778508384, 0.34005046756, 0.091757729819, 0.17842807973, 0.29366673446]
    ],
    [
      [0.065932137628, 0.0014820274343, 0.44176731738, 0.015224565154, 0.4755939524, 0],
      [0.0038633163385, 0.44344238481, 0.03377669569, 0.40679885524, 0.075722375606, 0.036396372317],
      [0.025782472781, 0.034535165856, 0.17765173957, 0.63010878514, 0.12574245317, 0.0061793834746],
      [0.018117893316, 0.0013245720727, 0.37637431318, 0.0064499692252, 0.59773325221, 0],
      [0.046941892501, 0.038123312198, 0.39433498709, 0.1040808918, 0.15975669135, 0.25676222506]
    ],
    [
      [0.05737113461, 0.0042610682318, 0.28932852874, 0.0085459301292, 0.63801394616, 0.0024793921291],
      [0.0022400547318, 0.61125001529, 0.014991868436, 0.23386978079, 0.068527433345, 0.069120847405],
      [0.033272459612, 0.078495023055, 0.12392651456, 0.53219511495, 0.17739952685, 0.054711360974],
      [0.0018245362817, 0.0086504823377, 0.23101457745, 0, 0.74499576449, 0.013514639435],
      [0.028856159835, 0.056526254902, 0.18492823737, 0.057187090269, 0.15342088515, 0.51908137247]
    ],
    [
      [0.15074340488, 0.0019600816001, 0.24245365389, 0.0076157503231, 0.59368872518, 0.0035383841281],
      [0.0078090256056, 0.49918498928, 0.016555830824, 0.30099868983, 0.084010821752, 0.09144064271],
      [0.078078503054, 0.04765774624, 0.10837873978, 0.54263166023, 0.16984169983, 0.053411650866],
      [0.036523225189, 0.0025960063476, 0.20722734084, 0, 0.73756135142, 0.016092076204],
      [0.076847215387, 0.034166132098, 0.15670149059, 0.058802072289, 0.14383123892, 0.52965185072]
    ],
    [
      [0.040885150557, 1.8686776699e-05, 0.47794974308, 0.0063411419492, 0.47480527764, 0],
      [0.0027573946898, 0.46632145779, 0.042600900159, 0.36100395814, 0.087690208719, 0.039626080508],
      [0.03259765192, 0.033865441983, 0.24773725743, 0.51726259426, 0.1594205434, 0.0091165110035],
      [0, 0, 0.3973673244, 0, 0.6026326756, 0],
      [0.029801196677, 0.035766762238, 0.44151725113, 0.077132743341, 0.16758648166, 0.24819556495]
    ],
    [
      [0.072679307429, 0.0015015571338, 0.39795635044, 0.010773540779, 0.51584555971, 0.001243684508],
      [0.0042126810566, 0.43937932159, 0.030372554138, 0.36656835856, 0.081575162519, 0.077891922135],
      [0.028002938576, 0.036938886788, 0.17082364727, 0.58154638121, 0.14429389648, 0.038394249678],
      [0.018007962174, 0.001645509947, 0.33679336031, 0, 0.6368420956, 0.0067110719716],
      [0.04069493586, 0.031156448259, 0.28210267154, 0.072784005814, 0.13764768156, 0.43561425697]
    ],
    [
      [0.06174090655, 0.0020371327335, 0.36188234002, 0.021529554012, 0.55210502424, 0.00070504244979],
      [0.0026686895461, 0.3979377116, 0.020599244173, 0.42809713429, 0.065213656529, 0.08548356387],
      [0.01387764451, 0.033610002193, 0.10988189512, 0.70300015991, 0.096389121008, 0.04324117726],
      [0.019430035899, 0.0029860399921, 0.29719497912, 0.0096906310365, 0.66483121236, 0.0058671015971],
      [0.028032189945, 0.029759061804, 0.20804194915, 0.096778137061, 0.11582670779, 0.52156195425]
    ],
    [
      [0.066315264675, 0, 0.30342216899, 0, 0.62809796579, 0.0021646005418],
      [0.0048603258884, 0.47701318893, 0.027870335934, 0.24781382981, 0.11924687741, 0.12319544203],
      [0.067773770288, 0.031429159533, 0.2317052956, 0.34992437346, 0.25208487727, 0.067082523851],
      [0, 0, 0.21933560297, 0, 0.7688427125, 0.011821684528],
      [0.036728170203, 0.023504762009, 0.20157794157, 0.028953139253, 0.1618336296, 0.54740235737]
    ],
    [
      [5.8982260541e-19, 0.00045688679102, 0.34370719133, 0.014576433528, 0.64109576595, 0.00016372239916],
      [1.0111244664e-18, 0.24451954182, 0.030820404207, 0.51048715526, 0.11930005314, 0.094872845571],
      [2.6384480671e-19, 0.01308076097, 0.14138312292, 0.64227507863, 0.17127550354, 0.031985533948],
      [0, 0, 0.26392477748, 0, 0.7340252684, 0.0020499541189],
      [0, 0.014222870129, 0.25067268928, 0.088463076096, 0.17674789147, 0.46989347302]
    ],
    [
      [0.1201045197, 0.0018689173897, 0.30654435234, 0.0080952853291, 0.56313162883, 0.00025529640963],
      [0.0064751194557, 0.50376718094, 0.021770866584, 0.32200560733, 0.082886482154, 0.063094743541],
      [0.056370678595, 0.047349613409, 0.13708600787, 0.56110403601, 0.16638552357, 0.031704140548],
      [0.028077154297, 0.0022703759648, 0.26218336785, 0, 0.70460868425, 0.0028604176331],
      [0.072904187427, 0.04098935515, 0.23553977621, 0.073962969964, 0.16324902105, 0.41335469021]
    ],
    [
      [0.13288848474, 0, 0.43943688906, 0.0043527378414, 0.42332188836, 0],
      [0.0085254107458, 0.47519033211, 0.036903369811, 0.3586098498, 0.072615107205, 0.048155930332],
      [0.059670811109, 0.031222351475, 0.20041540483, 0.56446618436, 0.12661831254, 0.017606935679],
      [0.03664340355, 0, 0.40059496677, 0, 0.56276162968, 0],
      [0.086966748408, 0.033552353435, 0.3646643014, 0.075873618755, 0.13284716105, 0.30609581695]
    ],
    [
      [0.037045659552, 0.00036982477962, 0.54139778745, 0.0063770574754, 0.41323495468, 0.0015747160677],
      [0.0026304219365, 0.35692997728, 0.05061930808, 0.41534827683, 0.080110681178, 0.094361334694],
      [0.023078126811, 0.022791342647, 0.2449560019, 0.54720186937, 0.12270578218, 0.039266877089],
      [0.0008594454355, 0, 0.46985807196, 0, 0.52255275292, 0.0067297296821],
      [0.019971097485, 0.018844889413, 0.36962544298, 0.063658959747, 0.10622527589, 0.42167433449]
    ],
    [
      [0, 0, 0.63963366693, 0, 0.36036633307, 0],
      [0, 1, 0, 0, 0, 0],
      [0, 0.108297172, 0.37875198531, 0.36815167317, 0.12625688736, 0.018542282163],
      [0, 0, 0.53217002102, 0, 0.46782997898, 0],
      [9.7144514655e-17, 0.066811312006, 0.39686147427, 0.027393307326, 0.083103035053, 0.42583087135]
    ],
    [
      [0, 0, 0.068681817635, 0.043421725506, 0.86154991926, 0.026346537595],
      [0, 0, 0.0044828540717, 0.66586916717, 0.12072950553, 0.20891847323],
      [0, 0, 0.014824257315, 0.80918103018, 0.061825188243, 0.11416952426],
      [0, 0, 0.046221151915, 0.038553542558, 0.86099455832, 0.054230747204],
      [0, 0, 0.023089492861, 0.086024796918, 0.081261874084, 0.80962383614]
    ],
    [
      [0.091376575273, 0.0042069339781, 0.23308073017, 0.019027687869, 0.65230807271, 0],
      [0.0035449679843, 0.56865213615, 0.011833221013, 0.300471336, 0.069064843904, 0.046433494951],
      [0.024382134058, 0.065523207031, 0.084900192424, 0.64978830506, 0.15129136513, 0.0241147963],
      [0.027938057227, 0.0072595819436, 0.18634662787, 0.01262737087, 0.76582836209, 0],
      [0.055214524867, 0.06428931413, 0.17722165311, 0.10073498593, 0.18468844003, 0.41785108193]
    ],
    [
      [0.028210149694, 0.00093975550086, 0.52030603981, 0.0013843717696, 0.44342228692, 0.0057373963038],
      [0.0016816736612, 0.52919722852, 0.041199813411, 0.25438666553, 0.072756053063, 0.10077856581],
      [0.021846410529, 0.039402811989, 0.30364940074, 0.41479074173, 0.14646047176, 0.073850163247],
      [0, 0, 0.41952421552, 0, 0.54981158828, 0.030664196199],
      [0.014144858247, 0.024004696937, 0.33300012318, 0.018376928028, 0.10554253915, 0.50493085446]
    ],
    [
      [0.11963408695, 0.0019578842485, 0.44006320031, 0.009229978486, 0.42911485001, 0],
      [0.006656885534, 0.53926588281, 0.032453224694, 0.31245173131, 0.065407517353, 0.043764758305],
      [0.043302465101, 0.048050223983, 0.20300067696, 0.5541283897, 0.13141827052, 0.020099973738],
      [0.036444161644, 0.0027750476029, 0.39508889583, 0, 0.56486455372, 0.00082734120952],
      [0.077916958428, 0.04370110168, 0.36436998817, 0.073386382109, 0.13418460697, 0.30644096265]
    ],
    [
      [0.092980567962, 0.00010645817204, 0.35499960439, 0.014543427164, 0.53577051723, 0.0015994250742],
      [0.006754114537, 0.22046940003, 0.033913007535, 0.53188775769, 0.10616527578, 0.10081044443],
      [0.027549167294, 0.011757935746, 0.14263089088, 0.64494114401, 0.1351674944, 0.037953367666],
      [0.030074272558, 0, 0.30030919972, 0.00266127346, 0.66019184892, 0.0067634053409],
      [0.052483350435, 0.011759517679, 0.25367151785, 0.085735353424, 0.14280701711, 0.45354324349]
    ],
    [
      [3.4184079072e-17, 0, 0.28736470382, 0.0063703437447, 0.70382989987, 0.0024350525657],
      [0, 0, 0.030243948796, 0.62348547103, 0.15421619326, 0.19205438691],
      [0, 0, 0.15286534761, 0.61620023025, 0.17440311661, 0.056531305522],
      [0, 0, 0.2002177488, 0, 0.78928310361, 0.010499147592],
      [0, 0, 0.14173155747, 0.056639940079, 0.1297604231, 0.67186807936]
    ],
    [
      [0.055209969035, 0.0027309945039, 0.2441728936, 0.0088093411029, 0.68907680175, 0],
      [0.0025318416732, 0.53615500149, 0.014821033884, 0.31017340213, 0.086838113266, 0.049480607555],
      [0.031366433558, 0.055895442877, 0.10126553943, 0.59628348036, 0.19198687088, 0.0232022329],
      [0.0056817686636, 0.0038823225096, 0.19204710214, 0, 0.79838880669, 0],
      [0.03577829058, 0.054655173229, 0.20008422016, 0.090647389246, 0.21184477025, 0.40699015654]
    ],
    [
      [0.056061737089, 0, 0.37579344706, 0, 0.56814481585, 0],
      [0.0057436979657, 0.40796307484, 0.041656582666, 0.32819003955, 0.12937227607, 0.08707432891],
      [0.064618046922, 0.0064292187978, 0.27721620363, 0.39097014271, 0.23694868132, 0.023817706628],
      [0, 0, 0.28010791374, 0, 0.71989208626, 0],
      [0.042325994967, 0.016353418525, 0.28999465005, 0.044415641359, 0.16501712743, 0.44189316766]
    ],
    [
      [0.10423556687, 0.0019379311401, 0.32405244749, 0.010323852553, 0.55889079929, 0.00055940266184],
      [0.0054456799166, 0.48796845846, 0.022387350383, 0.33977200577, 0.079789512048, 0.064636993421],
      [0.036331221323, 0.043498497546, 0.13691681898, 0.59772863045, 0.15322873191, 0.032296099783],
      [0.029838476506, 0.0027285056913, 0.27370876168, 0, 0.68990813004, 0.0038161260828],
      [0.060868987991, 0.038101604108, 0.24015641416, 0.077056321793, 0.15580984818, 0.42800682376]
    ],
    [
      [0.090717741438, 0.00046563999268, 0.25292358756, 0.0093156821902, 0.64657734882, 0],
      [0.0057362091071, 0.36761530157, 0.021290454892, 0.41310381798, 0.11261172381, 0.07964249265],
      [0.047086631385, 0.024107589607, 0.11067040461, 0.59582458169, 0.19108871, 0.031222082713],
      [0.013524526805, 0, 0.20762040554, 0, 0.77837709197, 0.00047797568406],
      [0.055628888209, 0.024731794504, 0.19692788354, 0.079162665357, 0.19268127486, 0.45086749354]
    ],
    [
      [0.066995352743, 0.0008635349589, 0.27243725815, 0.0095149649761, 0.64958589046, 0.00060299871625],
      [0.0036429726563, 0.43195579064, 0.019839685317, 0.36810058282, 0.097332921685, 0.079128046883],
      [0.026775856966, 0.032875405821, 0.11568341622, 0.60449824844, 0.18283702575, 0.037330046809],
      [0.012403868224, 0.00015293890533, 0.21896122616, 0, 0.7643407191, 0.0041412476103],
      [0.03752487955, 0.029285698597, 0.19436338603, 0.074455561305, 0.17534296715, 0.48902750737]
    ],
    [
      [0.082660757485, 0.0038809591398, 0.31189184115, 0.0081378106899, 0.59211074531, 0.0013178862218],
      [0.0035411130317, 0.58721219864, 0.017689438187, 0.26423152133, 0.069572287867, 0.057753440943],
      [0.033159449467, 0.06742746042, 0.13379531307, 0.56186293985, 0.16605192217, 0.037702915021],
      [0.017478158234, 0.0066446330385, 0.25673634554, 0, 0.71319900891, 0.00594185428],
      [0.046729206917, 0.054954899168, 0.22388588598, 0.067769270611, 0.16037118212, 0.4462895552]
    ],
    [
      [0.078044195824, 0.0038024375334, 0.3508567366, 0.010813493763, 0.55621796996, 0.00026516632302],
      [0.0034598784136, 0.5795145354, 0.020549994993, 0.2784703736, 0.067741304825, 0.050263912778],
      [0.02881893101, 0.066527689077, 0.14795916335, 0.57343875957, 0.15419753675, 0.029057920248],
      [0.019920591557, 0.0073445571372, 0.29179312301, 0, 0.6781898354, 0.0027518928924],
      [0.046712610304, 0.0574232087, 0.26619653425, 0.076798390897, 0.15891291679, 0.39395633906]
    ],
    [
      [0.11657431266, 0.0014946875123, 0.30159264061, 0.0078355954318, 0.57199932957, 0.00050343421402],
      [0.0067371043503, 0.47290373409, 0.023050160049, 0.33591652564, 0.09050466503, 0.07088781084],
      [0.050875498785, 0.041252720397, 0.13973580976, 0.5538344459, 0.17957322621, 0.034728298948],
      [0.024446124044, 0.001324033382, 0.25695379422, 0, 0.71342631074, 0.0038497376118],
      [0.069991175912, 0.035349096125, 0.22948338868, 0.069906442302, 0.16495859788, 0.4303112991]
    ],
    [
      [0.088277523778, 0.0074930431472, 0.23276802085, 0.020500906805, 0.65071415229, 0.0002463531302],
      [0.0028579368203, 0.54434644351, 0.0095468778695, 0.32820185917, 0.061817779006, 0.053229103629],
      [0.020413421748, 0.083932793226, 0.073410906381, 0.67357543452, 0.1195765604, 0.029090883724],
      [0.026316942731, 0.017110470795, 0.18369303141, 0.013425141095, 0.75637333842, 0.0030810755485],
      [0.049419874664, 0.061870706358, 0.16525209926, 0.10201855106, 0.16987986213, 0.45155890653]
    ],
    [
      [0.10712433854, 0.0040667862641, 0.26916111212, 0.022020848798, 0.59708694497, 0.00053996930609],
      [0.0044883906041, 0.49356419092, 0.014631272627, 0.36045068102, 0.068387085028, 0.058478379802],
      [0.026456617346, 0.055829418866, 0.089877008471, 0.68114733848, 0.11610448383, 0.030585133009],
      [0.033472075316, 0.0089542065821, 0.21959004611, 0.020927877049, 0.7129349505, 0.0041208444428],
      [0.060073456474, 0.049701173356, 0.19095010359, 0.10396598786, 0.15550525843, 0.43980402029]
    ],
    [
      [0.13826816832, 0.0052376154587, 0.28376411431, 0.020517526624, 0.54989365507, 0.0023189202145],
