{
  "X": [
    [2, 6, 11, 3],
    [24, 103, 176, 45],
    [1, 5, 34, 3],
    [2, 28, 37, 6],
    [20, 66, 84, 11],
    [30, 219, 209, 33],
    [13, 56, 57, 10],
    [9, 88, 179, 41],
    [13, 63, 60, 14],
    [3, 25, 28, 11],
    [7, 115, 363, 44],
    [6, 49, 71, 13],
    [1, 20, 8, 3],
    [1, 13, 17, 5],
    [0, 7, 8, 3],
    [2, 12, 28, 3],
    [28, 365, 327, 61],
    [40, 434, 409, 87],
    [18, 134, 142, 24],
    [31, 294, 310, 32],
    [26, 543, 420, 52],
    [21, 215, 292, 34],
    [31, 479, 525, 107],
    [2, 12, 19, 0],
    [1, 9, 18, 3],
    [0, 6, 11, 4],
    [7, 46, 136, 19],
    [15, 40, 141, 14],
    [3, 8, 7, 2],
    [2, 28, 24, 1],
    [5, 20, 12, 2],
    [12, 44, 55, 6],
    [113, 628, 485, 62],
    [4, 11, 18, 0],
    [19, 264, 678, 78],
    [35, 146, 419, 49],
    [29, 339, 913, 68],
    [13, 312, 572, 82],
    [53, 439, 1248, 134],
    [10, 185, 193, 38],
    [13, 200, 489, 44],
    [31, 379, 585, 78],
    [26, 122, 286, 35],
    [11, 61, 275, 35],
    [12, 130, 167, 16],
    [22, 136, 635, 59],
    [8, 23, 374, 35],
    [1, 3, 11, 6],
    [1, 10, 24, 4],
    [67, 450, 785, 132],
    [7, 99, 78, 19],
    [5, 79, 77, 6],
    [5, 43, 30, 4],
    [3, 21, 44, 7],
    [2, 13, 46, 5],
    [16, 247, 583, 64],
    [41, 322, 415, 37],
    [10, 131, 62, 4],
    [14, 77, 59, 7],
    [5, 50, 71, 13],
    [92, 1070, 2088, 242],
    [7, 84, 89, 20],
    [22, 190, 403, 32],
    [167, 724, 1344, 180],
    [18, 95, 142, 9]
  ],
  "W": [
    [5, 6, 5, 1, 5],
    [47, 125, 122, 29, 25],
    [2, 31, 5, 5, 0],
    [4, 25, 33, 2, 9],
    [29, 56, 81, 0, 15],
    [83, 114, 244, 21, 29],
    [14, 42, 62, 13, 5],
    [14, 144, 119, 19, 21],
    [14, 43, 75, 9, 9],
    [2, 19, 33, 6, 7],
    [25, 303, 125, 29, 47],
    [13, 53, 61, 6, 6],
    [2, 3, 26, 0, 1],
    [5, 10, 19, 0, 2],
    [0, 5, 12, 0, 1],
    [4, 19, 18, 1, 3],
    [62, 205, 403, 50, 61],
    [67, 283, 490, 58, 72],
    [19, 87, 167, 31, 14],
    [39, 221, 323, 40, 44],
    [63, 265, 616, 36, 61],
    [41, 220, 257, 23, 21],
    [55, 358, 560, 67, 102],
    [8, 10, 11, 1, 3],
    [7, 11, 11, 0, 2],
    [1, 5, 8, 2, 5],
    [10, 114, 61, 12, 11],
    [20, 123, 44, 11, 12],
    [6, 4, 9, 0, 1],
    [7, 13, 29, 3, 3],
    [4, 8, 23, 1, 3],
    [17, 43, 47, 7, 3],
    [198, 282, 716, 32, 60],
    [6, 11, 13, 1, 2],
    [40, 556, 327, 53, 63],
    [63, 314, 200, 21, 51],
    [66, 731, 433, 51, 68],
    [28, 465, 375, 55, 56],
    [88, 1060, 547, 60, 119],
    [37, 123, 200, 21, 45],
    [33, 358, 284, 29, 42],
    [37, 449, 456, 60, 71],
    [35, 224, 158, 24, 28],
    [48, 224, 74, 16, 20],
    [26, 115, 164, 12, 8],
    [43, 576, 161, 21, 51],
    [11, 364, 31, 20, 14],
    [0, 9, 10, 1, 1],
    [1, 20, 13, 2, 3],
    [105, 607, 551, 75, 96],
    [14, 46, 105, 20, 18],
    [10, 47, 93, 12, 5],
    [5, 25, 44, 4, 4],
    [6, 35, 27, 4, 3],
    [4, 35, 21, 1, 5],
    [28, 453, 348, 30, 51],
    [90, 260, 377, 38, 50],
    [25, 31, 140, 5, 6],
    [19, 37, 84, 8, 9],
    [8, 50, 60, 10, 11],
    [180, 1703, 1245, 185, 179],
    [18, 60, 96, 16, 10],
    [51, 337, 208, 27, 24],
    [254, 1096, 845, 89, 131],
    [41, 89, 117, 4, 13]
  ],
  "method": "mvn_pdf",
  "cond_prob": [
    [
      [0.38091136057, 0.24045640121, 0.35016915772, 0.028463080493],
      [0.000346585511, 0, 0.9483989192, 0.051254495285],
      [0.01116923643, 0.78926919879, 0.15415381993, 0.045407744849],
      [0.0098678156057, 0.25090593449, 0.32766132099, 0.41156492891],
      [0.0055299372654, 0.1200932131, 0.4920660551, 0.38231079453]
    ],
    [
      [0.45221378098, 0.18991862014, 0.32791434023, 0.029953258647],
      [0.0015229853861, 0.0033663572951, 0.93036040748, 0.064750249835],
      [0.016934842235, 0.70433175971, 0.2087260723, 0.070007325753],
      [0.013479292763, 0.18484647806, 0.28471393407, 0.51696029511],
      [0.0039451551087, 0.094560305736, 0.42286760659, 0.47862693257]
    ],
    [
      [0.37730412726, 0.1856403156, 0.41977173135, 0.017283825794],
      [0.0032116965035, 0, 0.9617761515, 0.035012151997],
      [0.020292591062, 0.7139171464, 0.2283909882, 0.037399274334],
      [0.0088732397126, 0.21182672736, 0.44068817996, 0.33861185297],
      [0.0020962673885, 0.095741826149, 0.61798158617, 0.28418032029]
    ],
    [
      [0.37084933805, 0.24789693634, 0.36206409809, 0.019189627527],
      [0, 0, 0.95842288831, 0.04157711169],
      [0.013995110983, 0.76387163424, 0.18129963644, 0.040833618342],
      [0.010590926624, 0.27908063746, 0.36532495409, 0.34500348183],
      [0.003731348016, 0.13805411665, 0.54195927659, 0.31625525874]
    ],
    [
      [0.61418117665, 0.14473091692, 0.22786752524, 0.013220381187],
      [0, 0, 0.95797694964, 0.042023050362],
      [0.02545361903, 0.73875300919, 0.19347762991, 0.042315741869],
      [0.031807489028, 0.25787120423, 0.36147845672, 0.34884285003],
      [0.0084668490396, 0.13092064435, 0.53822963769, 0.32238286892]
    ],
    [
      [0.33571085999, 0.26365242372, 0.37926776538, 0.021368950916],
      [0, 0.00044143398868, 0.95757245669, 0.041986109324],
      [0.0074807502643, 0.76655367327, 0.18591137143, 0.040054205038],
      [0.010812758543, 0.28057921952, 0.35947682595, 0.34913119598],
      [0.0028837112766, 0.14259536102, 0.53262508405, 0.32189584365]
    ],
    [
      [0.73575035431, 0.12229841447, 0.133391495, 0.0085597362269],
      [0, 0.0043183543879, 0.95070024767, 0.044981397938],
      [0.031899204048, 0.79283746296, 0.13986451076, 0.035398822232],
      [0.049794438742, 0.3153107119, 0.31148982041, 0.32340502895],
      [0.014883337018, 0.17029787101, 0.49642826702, 0.31839052495]
    ],
    [
      [0.45407772915, 0.17255559623, 0.3364015132, 0.036965161414],
      [0.0019341300502, 0.0050764669807, 0.92723059291, 0.065758810057],
      [0.017305650434, 0.67372896615, 0.2270255593, 0.081939824119],
      [0.012117472615, 0.15758841967, 0.27492553265, 0.55536857506],
      [0.0035615563464, 0.080251593445, 0.40616889327, 0.51001795693]
    ],
    [
      [0.72269557335, 0.12071083696, 0.14425634163, 0.012337248064],
      [0, 0.0034932685092, 0.93532730658, 0.06117942491],
      [0.032019614614, 0.767463425, 0.15025431653, 0.050262643862],
      [0.041561479033, 0.26016141678, 0.28042287138, 0.4178542328],
      [0.011859729525, 0.13984756789, 0.44093971691, 0.40735298567]
    ],
    [
      [0.79595492428, 0.074179529656, 0.11616169396, 0.013703852104],
      [0.00091125135683, 0.0034724760134, 0.91694963136, 0.078666641267],
      [0.035421607791, 0.70190780524, 0.19204012558, 0.070630461383],
      [0.027858478634, 0.16755218859, 0.23907159547, 0.5655177373],
      [0.0078160638211, 0.088199027409, 0.36769712844, 0.53628778033]
    ],
    [
      [0.26320214769, 0.27403083166, 0.43879340021, 0.023973620437],
      [0, 0, 0.95823443137, 0.041765568628],
      [0.00098511649682, 0.75528323291, 0.20170352241, 0.042028128175],
      [0.0073960301684, 0.26195110471, 0.37446321177, 0.35618965336],
      [0.0017515291631, 0.13068602251, 0.54495231587, 0.32261013245]
    ],
    [
      [0.38927708627, 0.21948280584, 0.36047537298, 0.030764734905],
      [0.0015102146431, 0.00010700789558, 0.93751709141, 0.060865686047],
      [0.012748742318, 0.72584834208, 0.19861009481, 0.062792820786],
      [0.010544521721, 0.20613944515, 0.30212520267, 0.48119083046],
      [0.0030693484521, 0.10457776127, 0.44957455111, 0.44277833917]
    ],
    [
      [0.33142320213, 0.26899673471, 0.35499871911, 0.044581344048],
      [0.00059235601048, 0, 0.9136075166, 0.085800127385],
      [0.012837041747, 0.74508817676, 0.16311019932, 0.078964582171],
      [0.0045264521013, 0.16859902238, 0.19405658114, 0.63281794437],
      [0.0016134423015, 0.089713934849, 0.30831482954, 0.60035779331]
    ],
    [
      [0.17767572647, 0.20970050556, 0.52683650281, 0.085787265169],
      [0.00067344671384, 0.022529239454, 0.88114193986, 0.095655373969],
      [0.0054587443683, 0.61318975922, 0.26808451773, 0.11326697868],
      [0.0015845427731, 0.061870924829, 0.14351355602, 0.79303097638],
      [0.00058537876049, 0.0377998262, 0.23039612525, 0.73121866979]
    ],
    [
      [2.7755575616e-17, 0.27556845252, 0.67591953303, 0.048512014448],
      [0, 0.020882739481, 0.87377179545, 0.10534546507],
      [0, 0.57279466914, 0.29029789814, 0.13690743272],
      [5.3582578851e-05, 0.029787661605, 0.083291020616, 0.8868677352],
      [0, 0.022050272917, 0.14756624506, 0.83038348203]
    ],
    [
      [0.38401003655, 0.13681697443, 0.45990712194, 0.019265867076],
      [0.0062726430113, 0.00047074847657, 0.95639384892, 0.036862759593],
      [0.01797316426, 0.61534030833, 0.31031746111, 0.0563690663],
      [0.010639728038, 0.1566311698, 0.47945972102, 0.35326938114],
      [0.0035409839587, 0.070343720469, 0.64123812061, 0.28487717496]
    ],
    [
      [0.37160064312, 0.27966193993, 0.32945235343, 0.019285063517],
      [0.00039258027044, 0.0015654346282, 0.95423417897, 0.043807806127],
      [0.009958346794, 0.79742589202, 0.15705100694, 0.035564754248],
      [0.01282490818, 0.31672421974, 0.33278135391, 0.33766951817],
      [0.0037020000667, 0.16624918287, 0.5086118673, 0.32143694976]
    ],
    [
      [0.46015033933, 0.24304924134, 0.27635516849, 0.020445250833],
      [0.0012037380575, 0.0023137554392, 0.94186389113, 0.054618615378],
      [0.015226975109, 0.79294446406, 0.1490395562, 0.042789004632],
      [0.017190958439, 0.2961302763, 0.30046435753, 0.38621440772],
      [0.0051524444613, 0.15753561981, 0.46500565622, 0.37230627951]
    ],
    [
      [0.63984486685, 0.13081637812, 0.21868889258, 0.010649862448],
      [0, 0.00073472652473, 0.96258618379, 0.036679089689],
      [0.027600659356, 0.72855574445, 0.20540951893, 0.038434077267],
      [0.03537830016, 0.25702516169, 0.38369123816, 0.32390529999],
      [0.0097792937437, 0.12956987665, 0.56443535765, 0.29621547195]
    ],
    [
      [0.5688819204, 0.20132848451, 0.22165581151, 0.0081337835901],
      [0.0010594953641, 0.0047638418895, 0.96794904509, 0.026227617659],
      [0.021494595151, 0.81103743577, 0.15050069137, 0.01696727771],
      [0.030871676658, 0.36410469183, 0.35802237284, 0.24700125868],
      [0.0091326211148, 0.19468410503, 0.55695604908, 0.23922722477]
    ],
    [
      [0.33299936308, 0.30307580315, 0.34816773438, 0.015757099398],
      [0, 0.0025320685695, 0.96382551469, 0.033642416737],
      [0.0071461809243, 0.81102521998, 0.15691008987, 0.024918509227],
      [0.011643915654, 0.34759106399, 0.3562292143, 0.28453580606],
      [0.0032756018546, 0.18246577734, 0.54378367653, 0.27047494428]
    ],
    [
      [0.41299644553, 0.232124622, 0.33673943813, 0.01813949434],
      [0.00086500917686, 0.00028496519197, 0.95819707702, 0.040652948616],
      [0.013378463621, 0.76249160905, 0.18567435162, 0.038455575709],
      [0.015138797697, 0.28091273263, 0.36340980638, 0.34053866329],
      [0.0043041055511, 0.14280294189, 0.53874248477, 0.31415046779]
    ],
    [
      [0.40673483723, 0.24585095337, 0.3252521715, 0.022162037902],
      [0.00070203886303, 0.0012133708578, 0.94751837713, 0.05056621315],
      [0.012557434793, 0.77142879998, 0.17152297315, 0.044490792074],
      [0.013945965098, 0.27560329496, 0.32518676951, 0.38526397043],
      [0.0040363813146, 0.1429241377, 0.4907762062, 0.36226327478]
    ],
    [
      [0.22840036296, 0.28919967069, 0.48239996635, 0],
      [0, 0, 1, 0],
      [0, 0.78826610531, 0.21173389469, 0],
      [0.0085198743107, 0.41685954453, 0.57462058116, 0],
      [0.054759074008, 0.19953864384, 0.74570228215, 0]
    ],
    [
      [0.14285714286, 0.23395196185, 0.57468606888, 0.048504826421],
      [0, 0.0042091011373, 0.93509786366, 0.060693035202],
      [0, 0.65412333292, 0.25733199682, 0.088544670252],
      [0.0027140255002, 0.11817129676, 0.29152570346, 0.58758897428],
      [0, 0.0603397462, 0.43023452627, 0.50942572753]
    ],
    [
      [0, 0.24552123042, 0.70912639304, 0.045352376543],
      [0, 0, 0.9509607771, 0.049039222898],
      [0, 0.64680013836, 0.27617319475, 0.077026666894],
      [0, 0.13549684499, 0.36713476749, 0.49736838752],
      [0, 0.061816794542, 0.5184829257, 0.41970027976]
    ],
    [
      [0.52328716869, 0.14506962829, 0.31084924861, 0.020793954404],
      [0.0012546424803, 0, 0.94909702064, 0.049648336879],
      [0.022036590947, 0.67659817882, 0.23994862039, 0.061416609842],
      [0.018618144706, 0.18848337691, 0.3619962325, 0.43090224588],
      [0.0051317532792, 0.092274026009, 0.51942059337, 0.38317362735]
    ],
    [
      [0.66036134345, 0.12958583164, 0.19964415903, 0.01040866589],
      [0, 0.00017994309855, 0.96013522308, 0.03968483382],
      [0.028427474798, 0.74621456519, 0.1883206858, 0.03703727421],
      [0.037796403447, 0.26615241235, 0.36710098066, 0.32895020354],
      [0.010516983504, 0.1354194135, 0.54885528482, 0.30520831818]
    ],
    [
      [0.48331689164, 0.19749827414, 0.28056539235, 0.038619441868],
      [0, 0, 0.91248234538, 0.087517654619],
      [0.010885859727, 0.74934106048, 0.15677570021, 0.08299737959],
      [0.0074448390088, 0.13170094029, 0.15645492626, 0.70439929444],
      [0.0021259126281, 0.070940810852, 0.25569696252, 0.671236314]
    ],
    [
      [0.25736815277, 0.33066669045, 0.40721951073, 0.0047456460432],
      [0.0064882365813, 0.0018690491002, 0.98914577055, 0.0024969437719],
      [0.0027836685922, 0.82328776968, 0.17392856172, 0],
      [0.008664357178, 0.39648175399, 0.43259948689, 0.16225440194],
      [0.0024521314417, 0.19874831524, 0.6496138857, 0.14918566762]
    ],
    [
      [0.9040812368, 0.051193006678, 0.04141150181, 0.0033142547121],
      [0, 0.0083186713964, 0.95665792766, 0.035023400948],
      [0.051920857848, 0.81621353126, 0.10370971201, 0.028155898878],
      [0.10085154816, 0.35115322009, 0.29340658656, 0.2545886452],
      [0.029547924716, 0.20153805432, 0.50078686958, 0.26812715139]
    ],
    [
      [0.62470037854, 0.1752544732, 0.19019014847, 0.0098549997892],
      [0.000152997442, 0.00402055848, 0.95844038736, 0.037386056721],
      [0.023573048254, 0.80664713532, 0.1413155522, 0.028464264226],
      [0.033656787659, 0.34142620185, 0.333803308, 0.29111370249],
      [0.0099946310927, 0.18179705597, 0.52512557011, 0.28308274283]
    ],
    [
      [0.4985337578, 0.21787527064, 0.27035808245, 0.013232889103],
      [0.0010687031837, 0.0019108578936, 0.95985747795, 0.037162960976],
      [0.017983448834, 0.78795133433, 0.16382002307, 0.030245193764],
      [0.022481358705, 0.31793935327, 0.35291712894, 0.30666215909],
      [0.0065564802359, 0.16624366336, 0.53668010413, 0.29051975227]
    ],
    [
      [0.60834970128, 0.12641120772, 0.26523909099, 0],
      [0, 0, 1, 0],
      [0.009826018841, 0.74069380335, 0.24948017781, 0],
      [0.032737465972, 0.3301397232, 0.63712281083, 0],
      [0.094713040694, 0.14118679348, 0.76410016583, 0]
    ],
    [
      [0.35678399797, 0.217179703, 0.40440999398, 0.021626305054],
      [0.000316440232, 0.0012614013141, 0.95786864442, 0.040553514032],
      [0.011403904739, 0.71829848676, 0.22439876515, 0.045898843352],
      [0.011739256342, 0.23503045334, 0.3904724202, 0.36275787012],
      [0.0031974901019, 0.11541672304, 0.55833649951, 0.32304928735]
    ],
    [
      [0.46850743082, 0.14118888017, 0.37122355989, 0.019080129111],
      [0.001806578055, 0.0019425853032, 0.95699233144, 0.039258505206],
      [0.021390971778, 0.64167209773, 0.28150228173, 0.055434648753],
      [0.018288568743, 0.18052628915, 0.42492978995, 0.37625535216],
      [0.0049904323485, 0.08567955186, 0.5861439553, 0.3231860605]
    ],
    [
      [0.34562513866, 0.20255810407, 0.43565675817, 0.016159999093],
      [0.0003732627291, 0.0034988844939, 0.96962015203, 0.026507700745],
      [0.011688443355, 0.70052960241, 0.25287711126, 0.034904842974],
      [0.012392575455, 0.23686570561, 0.45467324428, 0.29606847466],
      [0.0032760069495, 0.11270605496, 0.62897350279, 0.2550444353]
    ],
    [
      [0.32937702552, 0.25820524738, 0.38736315919, 0.025054567907],
      [0, 0.00082679656477, 0.95098126917, 0.048191934267],
      [0.0082162445264, 0.75441271069, 0.19057499639, 0.046796048392],
      [0.0098877784194, 0.25748914231, 0.3446465809, 0.38797649837],
      [0.0027236388402, 0.13069863099, 0.50939921041, 0.35717851977]
    ],
    [
      [0.46303354745, 0.18611803442, 0.33206379492, 0.018784623207],
      [0.00087020795376, 0.00074756352677, 0.95581748673, 0.042564741792],
      [0.017646636661, 0.7196648306, 0.21615394035, 0.046534592387],
      [0.018035767139, 0.23642161678, 0.376310362, 0.36923225408],
      [0.0050064799305, 0.11753980071, 0.54451279853, 0.33294092082]
    ],
    [
      [0.26398560182, 0.32288474316, 0.3881830441, 0.024946610914],
      [0, 0, 0.95180001834, 0.048199981661],
      [0.00015345012159, 0.79761294493, 0.16199557326, 0.040238031689],
      [0.007116594037, 0.30396301787, 0.32590840695, 0.36301198114],
      [0.0011643163012, 0.1588322698, 0.49605853145, 0.34394488245]
    ],
    [
      [0.29245778701, 0.17704460875, 0.51118337173, 0.019314232504],
      [0.00022129679276, 0.0080808271275, 0.96279537668, 0.028902499401],
      [0.010193417884, 0.64147160898, 0.30371758673, 0.044617386405],
      [0.0094426000875, 0.18781648074, 0.48429721321, 0.31844370597],
      [0.0024024451197, 0.086666116872, 0.64642357301, 0.264507865]
    ],
    [
      [0.5259864224, 0.18694875913, 0.2725273584, 0.01453746007],
      [0.00079725342534, 0.00094262244312, 0.95814136723, 0.040118756904],
      [0.02036283035, 0.7562210752, 0.18569061797, 0.037725476485],
      [0.023647428961, 0.27849704629, 0.36222890927, 0.33562661548],
      [0.0067075944488, 0.14243697701, 0.53946982401, 0.31138560453]
    ],
    [
      [0.59284289269, 0.13019224165, 0.26285271107, 0.014112154591],
      [0, 0.00024083738643, 0.95885589871, 0.040903263904],
      [0.027428332257, 0.69109437843, 0.23358744855, 0.047889840762],
      [0.029103042776, 0.21695065012, 0.39115327715, 0.36279302995],
      [0.0077981868792, 0.10677130617, 0.56149779568, 0.32393271127]
    ],
    [
      [0.2269250333, 0.19896394223, 0.53572793059, 0.038383093887],
      [0, 0.0046939705841, 0.94438467823, 0.050921351187],
      [0, 0.62987198428, 0.2904166396, 0.079711376121],
      [0.0052902289929, 0.14794869629, 0.37060017097, 0.47616090374],
      [0.0011477368961, 0.071028769234, 0.51612286713, 0.41170062674]
    ],
    [
      [0.37315049819, 0.2182956871, 0.39183273116, 0.016721083545],
      [0.00076737853483, 0.00066369585693, 0.96624274796, 0.032326177649],
      [0.012323845035, 0.73241711142, 0.21924163794, 0.036017405609],
      [0.013302969751, 0.25968507689, 0.41581814458, 0.31119380877],
      [0.0036365365986, 0.1269199896, 0.59362332717, 0.27582014663]
    ],
    [
      [0.43006425336, 0.19787404645, 0.35164034723, 0.020421352951],
      [0.00089765628547, 0.00055323403041, 0.95472668636, 0.043822423324],
      [0.015201800624, 0.72232522181, 0.21494797566, 0.047525001907],
      [0.015428831063, 0.23492258743, 0.37287150997, 0.37677707154],
      [0.00428807318, 0.11656898341, 0.53960721441, 0.339535729]
    ],
    [
      [0.56375569223, 0.10257303206, 0.31298704481, 0.020684230899],
      [8.6731597116e-05, 0, 0.95047805525, 0.049435213156],
      [0.040898575717, 0.58418159912, 0.29951239604, 0.07540742912],
      [0.021059482583, 0.14118770541, 0.38771811019, 0.45003470182],
      [0.0055765418019, 0.067022354747, 0.53884885114, 0.38855225231]
    ],
    [
      [1, 1.8459626563e-80, 9.7355932195e-80, 9.651654102e-81],
      [0.025800586754, 0.076638455412, 0.76977639858, 0.12778455925],
      [0.075831784517, 0.22882586187, 0.39691652894, 0.29842582468],
      [0.0057571153314, 0.011535284901, 0.044384732425, 0.93832286734],
      [0.0037197587122, 0.010459997703, 0.058462390961, 0.92735785262]
    ],
    [
      [0.66589897226, 0.11462691664, 0.20505471478, 0.014419396319],
      [0, 0, 0.94493955988, 0.055060440118],
      [0.023188824788, 0.70789653628, 0.21053485914, 0.058379779791],
      [0.01091938856, 0.19812042008, 0.33657568991, 0.45438450145],
      [0.0036025094571, 0.095492423867, 0.49534984629, 0.40555522038]
    ],
    [
      [0.50935989569, 0.18047626663, 0.28930451743, 0.020859320242],
      [0.00073032367976, 0.001257427581, 0.9454104022, 0.052601846542],
      [0.020025579734, 0.72895299515, 0.19775385818, 0.053267566939],
      [0.019973528769, 0.23104398832, 0.33032072714, 0.41866175577],
      [0.0056437019562, 0.11776389593, 0.48981751193, 0.38677489018]
    ],
    [
      [0.38819419491, 0.28645908353, 0.30621645836, 0.019130263207],
      [0.0011014753983, 0.0011720146391, 0.95122491249, 0.046501597476],
      [0.011219528412, 0.81119862958, 0.14140088254, 0.03618095946],
      [0.013196121951, 0.33009082849, 0.31459585168, 0.34211719788],
      [0.0040355822628, 0.17544374895, 0.48986743932, 0.33065322946]
    ],
    [
      [0.36657571526, 0.24558809814, 0.37764673307, 0.010189453529],
      [0.0011566064269, 0.001556802723, 0.97906266972, 0.018223921129],
      [0.01176820182, 0.7723876093, 0.20156996235, 0.014274226531],
      [0.013855719162, 0.320728475, 0.44015644228, 0.22525936356],
      [0.0038341892278, 0.15803198511, 0.63594067736, 0.2021931483]
    ],
    [
      [0.71242982249, 0.17332130147, 0.10817535475, 0.0060735212911],
      [0.0030606977062, 0.01331470093, 0.94388881288, 0.039735788485],
      [0.025979793553, 0.88511018213, 0.068824551347, 0.020085472972],
      [0.041080176195, 0.44962016537, 0.25784438146, 0.25145527697],
      [0.013475455954, 0.26429932356, 0.45056127979, 0.2716639407]
    ],
    [
      [0.40994659558, 0.18985845017, 0.3722477637, 0.027947190547],
      [0.00015100961469, 0, 0.94423649152, 0.055612498864],
      [0.017881137733, 0.69738722361, 0.22001448028, 0.064717158368],
      [0.010730376876, 0.18824697201, 0.33146591101, 0.4695567401],
      [0.0031076212315, 0.09280212445, 0.4839938676, 0.42009638672]
    ],
    [
      [0.35898851426, 0.1242756187, 0.49326599028, 0.023469876758],
      [0.0060520039835, 0.004445356956, 0.94827538776, 0.041227251299],
      [0.015613109825, 0.56817254618, 0.34819484156, 0.068019502435],
      [0.0090483396156, 0.12700616736, 0.46122188355, 0.40272360948],
      [0.0030604315183, 0.057736078908, 0.6127967822, 0.32640670738]
    ],
    [
      [0.36626808771, 0.17547486771, 0.43628085609, 0.021976188499],
      [0.00096746879082, 0.0038584259508, 0.9567144032, 0.03845970206],
      [0.013726607116, 0.660801248, 0.27231522038, 0.053156924502],
      [0.012120731994, 0.19134324417, 0.42457912049, 0.37195690335],
      [0.0032499793284, 0.090974610189, 0.58606747201, 0.31970793847]
    ],
    [
      [0.3900948031, 0.22367439531, 0.37450642086, 0.011724380737],
      [0.00068405479601, 0.0023653324615, 0.97406044961, 0.022890163134],
      [0.013014775903, 0.75079894477, 0.21336348769, 0.022822791646],
      [0.015595703971, 0.29078075128, 0.4344375846, 0.25918596015],
      [0.0042881241625, 0.14306894514, 0.62184084305, 0.23080208765]
    ],
    [
      [0.34647425729, 0.3308493899, 0.31427550609, 0.0084008467173],
      [0.00066043354942, 0.0036640084157, 0.97324387596, 0.022431682071],
      [0.0087671723104, 0.85101652416, 0.13419393964, 0.0060223638878],
      [0.013252338513, 0.42155512146, 0.35825578202, 0.20693675801],
      [0.0040007186047, 0.22751533372, 0.56568695542, 0.20279699226]
    ],
    [
      [0.61271614447, 0.18501975634, 0.19509210581, 0.0071719933713],
      [0.0010820304474, 0.0042092161651, 0.96572299603, 0.028985757357],
      [0.023218581649, 0.81694177735, 0.14109902739, 0.018740613612],
      [0.034486567274, 0.36663604165, 0.34770609829, 0.25117129279],
      [0.01023385908, 0.19696511123, 0.54750356102, 0.24529746867]
    ],
    [
      [0.46325048402, 0.2009959185, 0.31626307477, 0.019490522706],
      [0.00012477677166, 0, 0.95318381724, 0.046691405991],
      [0.017961980269, 0.74191753577, 0.19297844742, 0.047142036537],
      [0.015858473168, 0.24978700578, 0.35157948192, 0.38277503912],
      [0.0046776128526, 0.12537367708, 0.51965480685, 0.35029390321]
    ],
    [
      [0.39971708765, 0.23708953428, 0.3443501043, 0.01884327376],
      [0.00051655122313, 0.00094061437515, 0.95744784128, 0.04109499312],
      [0.012643756886, 0.76184821595, 0.18671375091, 0.038794276249],
      [0.014554295423, 0.27966325998, 0.36222150047, 0.34356094413],
      [0.004118522423, 0.14236472398, 0.53638944161, 0.317127312]
    ],
    [
      [0.33472780403, 0.27173494132, 0.36447149629, 0.029065758356],
      [9.7350361316e-05, 0.0008553556722, 0.94077701791, 0.058270276056],
      [0.0082985730131, 0.76754798117, 0.17234357431, 0.051809871501],
      [0.0091450125428, 0.25377681468, 0.303556692, 0.43352148078],
      [0.0026075295771, 0.13124144887, 0.4591001786, 0.40705084296]
    ],
    [
      [0.3747588826, 0.26351389067, 0.34648751199, 0.015239714747],
      [0.00050094853651, 0.001150713615, 0.96598603619, 0.032362301659],
      [0.010818657779, 0.78654537436, 0.1740514998, 0.028584468057],
      [0.013829619404, 0.31985003855, 0.37508215758, 0.29123818446],
      [0.0039498661999, 0.1639838408, 0.56091301997, 0.27115327303]
    ],
    [
      [0.56581623367, 0.17406828208, 0.24357665926, 0.016538824996],
      [0.00017619251596, 0.0021871430625, 0.94727742787, 0.050359236551],
      [0.023409604985, 0.75304753992, 0.17774464113, 0.045798213959],
      [0.026179340561, 0.26144163474, 0.32666143829, 0.3857175864],
      [0.0074694055681, 0.13584786892, 0.49349906745, 0.36318365806]
    ],
    [
      [0.39143344673, 0.19746285783, 0.40014182775, 0.010961867692],
      [0.0013026865406, 0.0027738113521, 0.97543133022, 0.020492171883],
      [0.014681329807, 0.71804874083, 0.24256618938, 0.024703739982],
      [0.015612288746, 0.25979280413, 0.4717979555, 0.25279695163],
      [0.0042403722745, 0.12355997889, 0.6548738994, 0.21732574943]
    ]
  ],
  "expected_outcome": [
    [
      [1.9045568029, 21.2540477062, 0.75460825452, 1.4833973522, 17.8112541229, 27.8640013791, 10.3005049603, 6.3570882081, 10.1177380269, 1.5919098486, 6.5800536923, 5.0606021215, 0.66284640425, 0.88837863234, 0, 1.5360401462, 23.0392398735, 30.8300727354, 12.1570524702, 22.1863948955, 20.9789598739, 16.9328542668, 22.3704160474, 1.8272029037, 1, 0, 5.2328716869, 13.2072268689, 2.8999013498, 1.8015770694, 3.6163249472, 10.6199064352, 98.7096840443, 3.6500982077, 14.2713599188, 29.5159681418, 22.8112591517, 9.2225567145, 40.7469521754, 9.7674672674, 9.6511069715, 19.4614976287, 20.7495012441, 10.8924015982, 9.701912953, 18.4927628946, 6.2013126145, 0, 0.66589897226, 53.4827890477, 5.4347187287, 3.6657571526, 3.5621491124, 2.4596795735, 1.435954057, 10.2555064558, 35.1085322786, 8.6618564323, 11.641606745, 3.7060038722, 71.9490757774, 6.0251004726, 19.1127030125, 143.7173233512, 16.0487713159],
      [1.2022820061, 8.9261751466, 0.3712806312, 0.99158774536, 4.1971965906, 21.8831511685, 1.7121778025, 2.4157783472, 1.6899517174, 0.14835905931, 6.8507707914, 2.853276476, 0.53799346942, 1.0485025278, 0, 0.54726789773, 17.3390402755, 16.28429917, 2.4855111843, 7.8518108958, 19.0937755982, 9.5171095019, 13.5218024356, 2.3135973656, 1.6376637329, 0.24552123042, 1.4506962829, 2.5917166328, 1.1849896449, 2.3146668332, 0.20477202671, 2.9793260444, 43.1393035874, 0.75846724635, 8.6871881199, 8.8948994509, 13.3688348687, 7.2297469268, 16.3783870294, 11.946735497, 5.8424720889, 6.9171040879, 4.5567284577, 9.5502692271, 5.6756878646, 8.5085839974, 1.1283033526, 0, 0.11462691664, 18.9500079966, 4.0104271694, 2.4558809814, 0.86660650737, 1.139150701, 0.49710247481, 4.9132962958, 20.1306955779, 8.2712347475, 3.5153753705, 1.607967348, 42.6761161711, 4.8912289437, 13.4392084241, 44.2133436477, 8.0959771708],
      [1.7508457886, 15.4119739908, 0.83954346269, 1.4482563924, 6.608158232, 31.4792245264, 1.86748093, 4.7096211848, 2.0195887828, 0.23232338792, 10.9698350053, 4.6861798488, 0.70999743823, 2.634182514, 0, 1.8396284878, 20.4260459129, 18.5157962888, 4.1550889589, 8.6445766487, 21.9345672658, 13.8063169634, 17.8888694324, 3.8591997308, 4.0228024821, 0.70912639304, 3.1084924861, 3.9928831805, 1.6833923541, 2.8505365751, 0.16564600724, 3.233232524, 53.5309003259, 1.5914345459, 16.1763997591, 23.3870842734, 28.7533460394, 10.8461684574, 29.221613953, 14.3627726318, 16.869051267, 10.0835122608, 9.1998448875, 25.7149406681, 10.1876510102, 15.120534931, 3.442857493, 0, 0.20505471478, 30.3769743302, 4.287030417, 3.7764673307, 0.54087677375, 2.2334865822, 1.9730639611, 12.2158639704, 33.7055778773, 7.8568876523, 3.7067500104, 2.5301045982, 61.9830187747, 6.5604869333, 17.6708631114, 61.8684714522, 16.4058149379],
      [0.14231540247, 1.4078031564, 0.034567651588, 0.076758510106, 0.38339105441, 1.7736229261, 0.11983630718, 0.5175122598, 0.1727214729, 0.027407704209, 0.59934051093, 0.39994155377, 0.089162688096, 0.42893632584, 0, 0.077063468305, 1.1956739381, 1.3698318058, 0.20234738651, 0.31721756001, 0.99269726206, 0.74371926792, 1.2189120846, 0, 0.33953378494, 0.045352376543, 0.20793954404, 0.2081733178, 0.23171665121, 0.033219522303, 0.013257018848, 0.16753499642, 2.6201120424, 0, 0.86505220217, 1.202048134, 1.0665599401, 0.7015279014, 1.6530468422, 0.92302460384, 0.63736967263, 0.53788602259, 0.49392541069, 1.8423885066, 0.43474817218, 0.87811817691, 0.22752653989, 0, 0.014419396319, 2.1902286254, 0.2678236849, 0.10189453529, 0.030367606456, 0.16768314328, 0.093879507032, 0.61533327796, 1.0551942663, 0.21002116793, 0.13626787405, 0.15592418164, 3.3917892768, 0.5231836504, 0.77722545208, 4.2008615489, 0.44943657537]
    ],
    [
      [0.002079513066, 0.19037317327, 0.09956259161, 0, 0, 0, 0, 0.27851472723, 0, 0.01731377578, 0, 0.080041376082, 0.0017770680315, 0.0067344671384, 0, 0.11918021722, 0.08047895544, 0.34065787027, 0, 0.23414847548, 0, 0.19030201891, 0.25132991297, 0, 0, 0, 0.14302924276, 0, 0, 0.084347075557, 0, 0.0065788900061, 0.30137429779, 0, 0.17594076899, 0.56726550928, 0.27285505497, 0, 0.92242043099, 0, 0.079224251809, 0.35796678798, 0, 0, 0.088248531505, 0.51705002043, 0.03157030135, 0.23220528079, 0, 0.44330647362, 0.050667868324, 0.054360502063, 0.076517442654, 0.0052853365141, 0.21182013942, 0.43826336224, 0.17785424696, 0.020473440032, 0.040035126553, 0.006238838583, 0.87968673299, 0.0058410216789, 0.1688196568, 0.19310699749, 0.11593910211],
      [0, 0.42079466189, 0, 0, 0, 0.05032347471, 0.18137088429, 0.73101124522, 0.1502105459, 0.065977044255, 0, 0.005671418466, 0, 0.22529239454, 0.1044136974, 0.0089442210547, 0.32091409878, 0.6547927893, 0.063921207652, 1.0528090576, 0.67099817091, 0.062692342234, 0.43438676708, 0, 0.04630011251, 0, 0, 0.022133001122, 0, 0.024297638302, 0.066549371171, 0.17288401464, 0.53886192599, 0, 0.70133913064, 0.60997178521, 2.557684565, 0.38446040262, 0.79241733838, 0, 2.8929361116, 0.42323747696, 0.05394757456, 1.0514494108, 0.076325023547, 0.31866280151, 0, 0.68974609871, 0, 0.76325854165, 0.053912673399, 0.07316972798, 0.33286752324, 0, 0.15558749346, 1.7478669557, 0.61498643999, 0.11358426089, 0.15574099811, 0, 1.6018662809, 0.051321340332, 0.38779048824, 2.3971087966, 0.24686921034],
      [5.6903935152, 116.2950509354, 29.8150606965, 23.9605722077, 53.6467091797, 109.1632600623, 39.9294104023, 133.5212053793, 40.219074183, 17.4220429959, 290.3450327056, 49.688405845, 2.7408225498, 8.8114193986, 4.3688589772, 18.1714831295, 195.6180066897, 266.5474811885, 83.7449979894, 213.9167389644, 255.4137613939, 210.8033569433, 339.2115790122, 10, 10.2860765003, 4.7548038855, 108.197060353, 118.0966324391, 3.6499293815, 12.8588950171, 7.6532634212, 41.2129366563, 270.679808781, 11, 532.5749662983, 300.4955920708, 708.7923311358, 442.2062901632, 1013.1665359314, 117.0714022557, 344.680744851, 430.2054738851, 214.783721311, 211.5421679234, 111.1179160153, 549.9225713432, 345.97401211, 6.9279875872, 18.8987911976, 573.8641141339, 43.7563459744, 46.0159454769, 23.597220322, 33.0482772033, 33.1896385717, 433.3916246491, 253.2557168983, 30.1705601549, 35.7317508531, 47.6591908618, 1630.5336737034, 56.4466210746, 325.537294196, 1038.2160609459, 86.81338839],
      [0.30752697171, 8.0937812294, 1.0853767119, 1.0394277923, 2.3532908203, 4.786416463, 1.8892187134, 9.4692686482, 2.6307152712, 1.4946661841, 12.6549672944, 3.2258813605, 0.25740038215, 0.95655373969, 0.52672732535, 0.70039243227, 8.9806002561, 15.4570681519, 3.191080803, 5.7963035025, 8.9152404352, 8.9436486955, 18.1027043077, 0, 0.66762338723, 0.24519611449, 5.6599104042, 4.8812345598, 0.35007061848, 0.032460269034, 0.28018720758, 1.607600439, 10.4799549952, 0, 22.5477538021, 12.3271706347, 19.3771292442, 22.4092494341, 45.1186262992, 5.9285977443, 10.3470947855, 18.01332185, 9.1623311144, 11.4063826658, 3.7175104297, 25.2417158348, 17.9944175887, 1.1500610333, 1.1012088024, 31.9293208508, 2.1390734839, 0.85652429306, 0.99339471213, 1.9464374602, 1.4429537955, 17.422245033, 5.9514424148, 0.69538214419, 1.0724730222, 2.3345702996, 69.9847732828, 3.4962165634, 10.906095659, 55.19372326, 1.8238032976]
    ],
    [
      [0.05584618215, 2.0660507527, 0.10146295531, 0.46183866243, 2.0617431415, 1.8253030645, 1.977750651, 2.0593724017, 2.401471096, 1.1689130571, 0.1231395621, 0.7776732814, 0.33376308541, 0.103716143, 0, 0.32351695669, 4.013213758, 7.4612178036, 4.6093101124, 6.9427542336, 4.4020474494, 3.4382651507, 7.032163484, 0, 0, 0, 1.3442320478, 1.2508088911, 0.097972737544, 0.080726389173, 1.1941797305, 1.1079332679, 12.8761493652, 0.12773824493, 3.7290768496, 4.2781943556, 5.0610959725, 3.0810916974, 9.6527102535, 0.030690024319, 2.8949306792, 9.2854506397, 4.3336764966, 0, 2.0211105857, 2.4474899004, 1.2678558472, 0.75831784517, 0.30145472225, 11.0340944332, 1.1780504832, 1.0944427692, 1.1431109163, 0.48279071878, 0.32787530633, 4.7768592764, 4.9065705154, 1.2274041235, 1.9503608586, 1.0777188162, 15.7414773226, 0.79666300926, 2.250280818, 19.781116212, 1.7177155874],
      [3.946345994, 85.9284746845, 3.569585732, 25.2077639298, 59.8389937442, 187.0390962771, 49.1559227035, 80.1737469714, 57.5597568747, 23.162957573, 94.4104041142, 44.2767488671, 19.3722925957, 11.6506054253, 6.8735360297, 11.07612555, 321.3626344837, 388.5427873886, 121.6688093225, 261.9650917521, 499.5915355098, 195.9603435257, 432.0001279893, 8.6709271584, 7.1953566622, 5.1744011069, 41.2724889081, 32.8334408683, 6.7440695443, 23.8753453208, 18.7729112191, 37.9124153601, 564.1731553803, 9.6290194435, 234.883605171, 128.3344195469, 303.3293178433, 282.9047665084, 393.6566623407, 159.5225889865, 182.1779369495, 344.8368102902, 109.1929117922, 46.6105268367, 120.1164062723, 116.2943607112, 18.1096295728, 2.2882586187, 9.2026549716, 401.6531003278, 85.1758561063, 71.8320476651, 38.9448480137, 18.8294550376, 11.9316234698, 229.9588343037, 283.0512021766, 119.1423133821, 68.6231092971, 44.5150521463, 948.5010288609, 73.6846061924, 163.6014378676, 636.3251712352, 84.0117026767],
      [0.77076909965, 25.464580821, 1.141954941, 5.9828880024, 15.671688023, 45.362374629, 8.6715996672, 27.0160415568, 11.2690737396, 6.3373241442, 25.2129403019, 12.1152157836, 4.2408651824, 5.0936058368, 3.4835747777, 5.5857142999, 63.2915557966, 73.0293825379, 34.3033896615, 48.611723314, 96.656615357, 47.7183083664, 96.0528649653, 2.3290728416, 2.8306519651, 2.209385558, 14.6368658438, 8.2861101753, 1.4109813019, 5.04392829, 2.3853233762, 6.6418309534, 117.2951365193, 3.2432423116, 73.3783962034, 56.3004563469, 109.4957891766, 71.4656236472, 118.2362053704, 32.3991146514, 86.2557946325, 84.674921793, 36.9068168708, 21.4908313304, 35.9556286221, 34.6066240813, 9.2848842773, 3.9691652894, 2.7369531689, 108.9623758556, 14.8470926672, 18.7460064983, 3.0282802593, 5.9403909677, 7.3120916727, 94.7656966931, 80.4380348574, 18.7871515502, 11.8523183009, 11.5787068454, 232.4586198866, 16.5449831342, 36.2027119586, 150.1942217572, 28.3802441579],
      [0.22703872425, 8.5408937418, 0.18699637167, 1.3475094053, 3.4275750914, 9.7732260294, 2.1947269784, 9.7508390701, 3.7696982897, 2.3308052256, 5.2535160219, 3.8303620679, 2.0530791364, 2.1520725949, 1.6428891926, 1.0146431934, 14.3325959618, 20.9666122699, 6.4184909036, 5.4804307002, 15.3498016837, 9.8830829572, 24.9148435615, 0, 0.97399137278, 0.61621333515, 3.7464132004, 1.6296400652, 0.74697641631, 0, 0.6475856742, 1.3378204186, 21.6555587352, 0, 15.008921776, 11.0869297506, 15.1137970076, 17.548518147, 25.4544220354, 8.0476063377, 12.6713377389, 17.2028172771, 7.5665948404, 5.8986418329, 5.9068545198, 7.651525307, 2.3376303027, 2.9842582468, 0.75893713729, 29.3504293835, 3.7990007433, 1.3275030674, 0.88376081075, 1.7473632759, 1.4284095511, 18.4986097268, 8.6041924506, 0.8431309443, 1.5742115434, 2.8285221922, 48.2988739299, 4.9737476641, 5.9455693558, 38.6994907956, 2.890337578]
    ],
    [
      [0.0098678156057, 0.39089949014, 0.044366198563, 0.021181853248, 0, 0.22706792941, 0.64732770364, 0.23023197969, 0.3740533113, 0.1671508718, 0.21448487488, 0.063267130323, 0, 0, 0, 0.010639728038, 0.64124540898, 0.99707558948, 1.096727305, 1.2348670663, 0.41918096355, 0.34819234703, 0.93437966159, 0.0085198743107, 0, 0, 0.22341773648, 0.41576043791, 0, 0.025993071534, 0.10085154816, 0.23559751361, 0.71940347856, 0.032737465972, 0.62218058614, 0.38405994361, 0.63202134821, 0.54382781306, 1.0821460284, 0.14944847478, 0.27383540254, 1.4188457377, 0.69847302663, 0.084643663886, 0.15963563701, 0.32400545232, 0.42118965167, 0.0057571153314, 0.02183877712, 1.4980146576, 0.26392243902, 0.16626862995, 0.16432070478, 0.042921507504, 0.0090483396156, 0.36362195981, 0.5926367509, 0.066261692563, 0.2758925382, 0.15858473168, 2.6925446532, 0.14632020069, 0.37339972391, 2.3299613099, 0.062449154984],
      [0.25090593449, 5.3605478637, 1.0591336368, 0.55816127492, 0, 5.89216361, 4.0990392547, 2.9941799738, 2.341452751, 1.0053131316, 7.5965820365, 1.2368366709, 0, 0, 0, 0.1566311698, 15.8362109869, 17.1755560257, 7.9677800124, 14.5641876731, 12.5132783035, 6.4609928505, 18.4654207625, 0.41685954453, 0, 0.27099368999, 2.2618005229, 2.9276765358, 0, 1.189445262, 0.35115322009, 2.389983413, 10.1740593046, 0.3301397232, 12.4566140269, 3.7910520721, 12.0801509859, 14.161902827, 14.1852970067, 6.3832233753, 5.4466779414, 16.7098227774, 5.2068156029, 2.3671791406, 3.1162209227, 4.933374336, 2.8237541082, 0.011535284901, 0.39624084016, 17.3282991243, 6.6018165698, 3.8487416999, 1.7984806615, 0.75298788803, 0.12700616736, 5.7402973251, 11.0496685485, 2.1077756073, 2.9330883332, 2.4978700578, 51.7377030956, 4.0604290349, 8.6359510409, 23.268305492, 1.0391712165],
      [0.32766132099, 8.2567040881, 2.2034408998, 0.73064990818, 0, 7.5490133449, 4.0493676654, 5.2235851203, 2.5238058424, 1.4344295728, 10.8594331412, 1.812751216, 0, 0, 0, 0.47945972102, 16.6390676954, 17.4269327368, 11.894428383, 14.3208949135, 12.8242517148, 8.3584255467, 21.7875135574, 0.57462058116, 0, 0.73426953498, 4.3439547901, 4.0381107873, 0, 1.2977984607, 0.29340658656, 2.336623156, 11.2933481259, 0.63712281083, 20.6950382704, 8.9235255889, 23.1883354584, 18.9555619495, 22.5786217198, 6.844076546, 14.044619183, 21.7337345562, 9.3876786516, 5.9296027356, 4.989817735, 7.8303017093, 7.7543622038, 0.044384732425, 0.67315137982, 24.7740545355, 6.2919170336, 5.2818773073, 1.0313775259, 1.3258636441, 0.46122188355, 12.7373736147, 16.5086282149, 1.7912789101, 2.7816487863, 3.5157948192, 67.0109775878, 4.8569070719, 10.1272182548, 29.0728680083, 1.887191822],
