{
  "X": [
    [0, 11, 14, 97, 7],
    [35, 137, 330, 253, 26],
    [32, 195, 408, 310, 38],
    [18, 48, 67, 112, 8],
    [11, 69, 90, 155, 8],
    [37, 160, 315, 240, 11],
    [19, 47, 101, 115, 4],
    [7, 39, 109, 188, 11],
    [19, 86, 183, 300, 24],
    [10, 62, 100, 153, 11],
    [24, 116, 241, 429, 36],
    [22, 95, 264, 294, 20],
    [6, 19, 22, 159, 3],
    [6, 45, 63, 128, 14],
    [15, 67, 111, 209, 12],
    [9, 6, 41, 104, 7],
    [30, 62, 209, 127, 23],
    [59, 142, 435, 217, 43],
    [7, 22, 44, 74, 7],
    [9, 51, 57, 169, 9],
    [51, 188, 502, 558, 43],
    [10, 25, 70, 110, 9],
    [4, 17, 33, 85, 5],
    [6, 18, 55, 108, 11],
    [2, 3, 17, 62, 4],
    [0, 10, 29, 101, 5],
    [1, 29, 57, 113, 5],
    [48, 157, 371, 587, 29],
    [22, 188, 336, 229, 25],
    [33, 181, 303, 286, 29],
    [29, 111, 266, 164, 19],
    [15, 98, 154, 277, 24],
    [13, 54, 89, 31, 9],
    [17, 84, 166, 82, 39],
    [37, 349, 631, 828, 88],
    [19, 118, 197, 179, 11],
    [32, 266, 487, 351, 46],
    [11, 73, 155, 96, 19],
    [13, 128, 168, 240, 16],
    [50, 352, 547, 545, 62],
    [16, 168, 329, 194, 25],
    [7, 38, 32, 67, 5],
    [22, 34, 113, 226, 21],
    [4, 2, 12, 146, 1],
    [10, 69, 75, 236, 10],
    [21, 70, 226, 311, 30],
    [26, 114, 334, 431, 21],
    [7, 42, 66, 101, 4],
    [4, 27, 28, 144, 5],
    [5, 4, 35, 181, 20],
    [3, 42, 29, 101, 3],
    [3, 17, 20, 80, 5],
    [5, 7, 39, 140, 11],
    [2, 9, 14, 109, 2],
    [4, 38, 34, 100, 7],
    [40, 112, 360, 364, 46],
    [6, 56, 154, 137, 29],
    [37, 266, 482, 798, 47],
    [15, 63, 143, 188, 15],
    [108, 195, 492, 648, 77],
    [8, 7, 75, 114, 10]
  ],
  "W": [
    [1, 13, 106, 3, 6],
    [31, 333, 301, 81, 35],
    [52, 434, 347, 83, 67],
    [23, 79, 120, 20, 11],
    [16, 95, 177, 29, 16],
    [32, 341, 268, 79, 43],
    [38, 70, 134, 26, 18],
    [13, 101, 183, 36, 21],
    [15, 187, 319, 61, 30],
    [3, 110, 150, 52, 21],
    [16, 250, 442, 94, 44],
    [15, 256, 293, 86, 45],
    [3, 27, 165, 11, 3],
    [5, 70, 141, 28, 12],
    [12, 114, 211, 47, 30],
    [8, 38, 104, 12, 5],
    [36, 194, 129, 45, 47],
    [66, 424, 238, 90, 78],
    [12, 39, 74, 20, 9],
    [17, 53, 186, 22, 17],
    [105, 476, 596, 107, 58],
    [19, 69, 116, 8, 12],
    [7, 29, 92, 11, 5],
    [6, 50, 120, 11, 11],
    [4, 14, 64, 2, 4],
    [3, 27, 98, 5, 12],
    [3, 51, 105, 35, 11],
    [87, 341, 644, 78, 42],
    [34, 388, 248, 77, 53],
    [39, 351, 317, 73, 52],
    [33, 291, 196, 41, 28],
    [24, 165, 294, 45, 40],
    [11, 106, 37, 29, 13],
    [19, 203, 91, 33, 42],
    [71, 725, 903, 154, 80],
    [17, 223, 205, 54, 25],
    [36, 558, 401, 121, 66],
    [16, 184, 112, 26, 16],
    [15, 188, 268, 61, 33],
    [66, 646, 617, 144, 83],
    [23, 365, 243, 76, 25],
    [4, 43, 77, 13, 12],
    [17, 123, 221, 31, 24],
    [2, 14, 142, 3, 4],
    [22, 83, 255, 18, 22],
    [25, 243, 291, 58, 41],
    [30, 320, 435, 101, 40],
    [5, 61, 119, 23, 12],
    [1, 25, 153, 18, 11],
    [3, 44, 167, 9, 22],
    [3, 36, 112, 19, 8],
    [10, 19, 83, 9, 4],
    [13, 37, 133, 8, 11],
    [4, 16, 108, 5, 3],
    [6, 37, 115, 17, 8],
    [48, 370, 350, 90, 64],
    [3, 162, 166, 35, 16],
    [66, 497, 802, 150, 115],
    [18, 154, 190, 42, 20],
    [115, 543, 656, 105, 101],
    [18, 61, 114, 9, 12]
  ],
  "method": "mvn_pdf",
  "cond_prob": [
    [
      [0, 0.1788360071, 0.69279099314, 0.11364458993, 0.014728409831],
      [0, 0.18095619045, 0.68921529071, 0.0018194794913, 0.12800903935],
      [0, 0.061267672028, 0.022530401217, 0.89430509816, 0.021896828594],
      [0, 0.38869536775, 0.35208140148, 0.2380395404, 0.021183690381],
      [0, 0.13471236313, 0.15049058238, 0.22537385841, 0.48942319609]
    ],
    [
      [0.47040122907, 0.019587744882, 0.47789941477, 0.029399971067, 0.0027116402115],
      [0.010933971825, 0.1762864096, 0.77270729206, 0.0024936784325, 0.037578648083],
      [0.002544509045, 0.13930297875, 0.047846996148, 0.79093763661, 0.019367879452],
      [0.10893742231, 0.36708084412, 0.41706499223, 0.10040665995, 0.0065100813833],
      [0.20533488148, 0.17216172957, 0.27683941927, 0.14437251154, 0.20129145814]
    ],
    [
      [0.32420777317, 0.03203635633, 0.58855487891, 0.051443430297, 0.0037575612883],
      [0.0062971297151, 0.22139396613, 0.72995574316, 0.0023542427728, 0.039998918227],
      [0.0013381545123, 0.13392964602, 0.034499734549, 0.81443495436, 0.015797510562],
      [0.055233021968, 0.43668188053, 0.37365849693, 0.12786530543, 0.0065612951464],
      [0.10984419492, 0.21687977492, 0.26282523332, 0.19524553356, 0.21520526328]
    ],
    [
      [0.55211230285, 0.029290717627, 0.35089651073, 0.064047652982, 0.0036528158094],
      [0.014346210843, 0.29872400974, 0.63442695126, 0.0014175356734, 0.051085292485],
      [0.00062682939132, 0.1023501819, 0.016781912695, 0.86663422245, 0.013606853566],
      [0.10203031014, 0.45853649842, 0.25120668071, 0.18152817504, 0.0066983356913],
      [0.18656733164, 0.20676044809, 0.16106254237, 0.25347713352, 0.19213254439]
    ],
    [
      [0.37968603054, 0.03832033308, 0.5187157562, 0.060274463689, 0.0030034164968],
      [0.0083259304065, 0.27966305036, 0.67575672886, 0.0026351571514, 0.033619133219],
      [0.0026581680171, 0.13236226408, 0.028614245867, 0.82572314527, 0.010642176758],
      [0.058533218393, 0.49249342184, 0.30461466143, 0.13949863692, 0.0048600614163],
      [0.12288131565, 0.25677843189, 0.22531949745, 0.22417571671, 0.17084503831]
    ],
    [
      [0.48737674366, 0.025391926887, 0.44645297688, 0.039919676401, 0.00085867617093],
      [0.011375712441, 0.23242854354, 0.73783925802, 0.0035606691344, 0.014795816864],
      [0.0017875110559, 0.1380794836, 0.038791793129, 0.81901641159, 0.0023248006256],
      [0.10126186947, 0.42409351242, 0.35062740303, 0.12241854871, 0.0015986663701],
      [0.21037408394, 0.21908455595, 0.25615238039, 0.19397484947, 0.12041413025]
    ],
    [
      [0.34873498296, 0.024584322529, 0.5895293087, 0.037151385811, 0],
      [0.008788961577, 0.18413459798, 0.78773065731, 0.0028487079204, 0.016497075216],
      [0.0048913714172, 0.14305678451, 0.046000634162, 0.80221720418, 0.0038340057279],
      [0.068548947885, 0.39108715055, 0.43319738096, 0.104866119, 0.0023004016018],
      [0.14972927346, 0.21324993592, 0.33497352084, 0.17584518502, 0.12620208476]
    ],
    [
      [0.26629825462, 0.02276592778, 0.60008612133, 0.10676504316, 0.0040846531048],
      [0.0033935720599, 0.1658608698, 0.78094978906, 0.0045521810044, 0.045243588072],
      [0, 0.043033358461, 0.021742952903, 0.92486231849, 0.010361370142],
      [0.043778925604, 0.3116895268, 0.37441489483, 0.26298991465, 0.007126738119],
      [0.077110980485, 0.13600797741, 0.23166929204, 0.35404014026, 0.20117160982]
    ],
    [
      [0.4351244859, 0.021448994884, 0.47670000037, 0.062459172944, 0.0042673458984],
      [0.010855431163, 0.18643390187, 0.74458143433, 0.00094270616787, 0.057186526474],
      [0.0020571057676, 0.078302423148, 0.024825006301, 0.8783795747, 0.01643589008],
      [0.087884956961, 0.35128357087, 0.36428584883, 0.18750296861, 0.0090426547292],
      [0.14753226565, 0.14694515402, 0.21573859954, 0.24153536457, 0.24824861623]
    ],
    [
      [0.44204487996, 0.02725481382, 0.44278621189, 0.084484516343, 0.0034295779935],
      [0.011804025371, 0.24040031386, 0.69985556616, 0.0010701810323, 0.046869913576],
      [0.0027643790166, 0.075400212803, 0.015075032796, 0.89661011176, 0.010150263628],
      [0.077731929223, 0.39383941917, 0.29764440956, 0.2242101374, 0.0065741046572],
      [0.1389859713, 0.17545330081, 0.18803642239, 0.30849441091, 0.18902989459]
    ],
    [
      [0.42551249934, 0.022112333241, 0.47229107139, 0.075128723781, 0.0049553722506],
      [0.010721636544, 0.18994882085, 0.73136097489, 0.002125947969, 0.065842619739],
      [0.0019766957316, 0.066761713661, 0.021515726063, 0.89431032014, 0.015435544401],
      [0.082821701053, 0.34616991549, 0.34535970289, 0.21570835948, 0.0099403210867],
      [0.1330102605, 0.13887154455, 0.19612127598, 0.26601604847, 0.2659808705]
    ],
    [
      [0.38444901722, 0.019678286373, 0.52560394636, 0.067516741856, 0.0027520081861],
      [0.0098853196824, 0.162428372, 0.78982075298, 0.0027022856183, 0.035163269717],
      [0.0023030425976, 0.065198737255, 0.02804543134, 0.89568020939, 0.0087725794167],
      [0.077497405794, 0.31938130771, 0.39729345022, 0.20030798286, 0.0055198534174],
      [0.14140121163, 0.14562533318, 0.25638399866, 0.28077057504, 0.17581888148]
    ],
    [
      [0.76769293686, 0.011585851017, 0.16808599497, 0.0511484922, 0.0014867249519],
      [0.018995804586, 0.26714713745, 0.66016092854, 0.0041797873346, 0.049516342089],
      [0, 0.04754045956, 0.0059090711841, 0.93930544146, 0.0072450277998],
      [0.20130343211, 0.32185780845, 0.21361442378, 0.25800262859, 0.0052217070747],
      [0.32323223746, 0.12255267186, 0.11554717916, 0.30342450353, 0.13524340798]
    ],
    [
      [0.39495081372, 0.031463465425, 0.49542842837, 0.070157010724, 0.0080002817617],
      [0.0088461107805, 0.23543408659, 0.66308555649, 0.0010009285165, 0.09163331762],
      [0.0030876568292, 0.10189726259, 0.02327476602, 0.85244103763, 0.019299276932],
      [0.064533385524, 0.43086068316, 0.31507129642, 0.17641698185, 0.013117653046],
      [0.096976980767, 0.1608902882, 0.16692754958, 0.2037740127, 0.37143116876]
    ],
    [
      [0.43578689085, 0.026624103685, 0.4542467362, 0.080307362271, 0.0030349069924],
      [0.011209366886, 0.23324563336, 0.71321485979, 0.0013286815479, 0.041001458411],
      [0.0023885791059, 0.077879307161, 0.017387885259, 0.89395783225, 0.008386396228],
      [0.078388958911, 0.38994378435, 0.31000908239, 0.21601612578, 0.0056420485766],
      [0.14348060749, 0.17768722923, 0.20010914958, 0.30356604803, 0.17515696567]
    ],
    [
      [0.6370419695, 0.0047079009051, 0.30074087146, 0.05349353803, 0.0040157200967],
      [0.013462741782, 0.087496952835, 0.8020591745, 0.0104760251, 0.086505105781],
      [0, 0, 0.028431410968, 0.95149042253, 0.020078166504],
      [0.18256503026, 0.19398452941, 0.36150535565, 0.24898299783, 0.012962086857],
      [0.24025993863, 0.061927646434, 0.16417867774, 0.24623256502, 0.28740117217]
    ],
    [
      [0.42684403079, 0.016912094646, 0.50940412468, 0.043079500392, 0.0037602494915],
      [0.010622435751, 0.14919279101, 0.79245818725, 0.00043925816401, 0.047287327823],
      [0.002418916773, 0.088772369643, 0.038434827934, 0.85150078655, 0.0188730991],
      [0.096220844705, 0.32082175374, 0.43130543199, 0.14327564726, 0.008376322315],
      [0.16874221448, 0.1395563518, 0.26718565833, 0.19304077257, 0.23147500282]
    ],
    [
      [0.45151716824, 0.01839777996, 0.49363537677, 0.033018716334, 0.0034309586902],
      [0.0097719183832, 0.16292757235, 0.78224293877, 0, 0.045057570495],
      [0.0038572483272, 0.11957212686, 0.046006181449, 0.80902592988, 0.021538513486],
      [0.10484491254, 0.34608481454, 0.42847595438, 0.11262278403, 0.0079715345159],
      [0.18849367014, 0.15511097878, 0.27226605146, 0.15559670319, 0.22853259642]
    ],
    [
      [0.36250922012, 0.026000565648, 0.52033788249, 0.084995524196, 0.006156807547],
      [0.0085716437794, 0.20131181936, 0.71885245134, 0.0003314527798, 0.070932632734],
      [0.0027988367263, 0.069478272007, 0.016948957582, 0.89323764805, 0.017536285633],
      [0.061397248848, 0.36898582732, 0.33774464101, 0.22081486644, 0.01105741638],
      [0.097837372941, 0.14619150913, 0.19017601405, 0.27236041851, 0.29343468537]
    ],
    [
      [0.34099178575, 0.041469770945, 0.52932892955, 0.083588034607, 0.0046214791481],
      [0.0066229952028, 0.28871097867, 0.65591312785, 0.00079476535457, 0.04795813293],
      [0.0011435177947, 0.10957508176, 0.019940266718, 0.85551406317, 0.013827070554],
      [0.047982276543, 0.4841111432, 0.28338119848, 0.1777042165, 0.0068211652795],
      [0.093165676632, 0.23305421564, 0.19380802622, 0.2648101374, 0.21516194411]
    ],
    [
      [0.32655251498, 0.024364822467, 0.58061298485, 0.064594822788, 0.0038748549131],
      [0.0067546915587, 0.18022986382, 0.76838431763, 0.0009750035669, 0.043656123428],
      [0.0010176814163, 0.086647902743, 0.029432271792, 0.86894960195, 0.013952542098],
      [0.060381103518, 0.35927231723, 0.39909197244, 0.1739752788, 0.0072793280158],
      [0.11085235421, 0.16496535318, 0.25931424763, 0.24558835025, 0.21927969472]
    ],
    [
      [0.37593754386, 0.021975400974, 0.52307934917, 0.07413694867, 0.0048707573194],
      [0.0090334452706, 0.17879466539, 0.75411008883, 0.00092707294355, 0.057134727567],
      [0.0023670553087, 0.067156496805, 0.020981360735, 0.89326339399, 0.01623169316],
      [0.069428259704, 0.3426025424, 0.37034686571, 0.20866735727, 0.0089549749185],
      [0.11698953746, 0.14288845843, 0.21927362212, 0.26996144842, 0.25088693357]
    ],
    [
      [0.33992763816, 0.023991644736, 0.55898786072, 0.07184857316, 0.0052442832254],
      [0.0071509784014, 0.1807136717, 0.75307982085, 0, 0.059055529047],
      [0.0030783202255, 0.075212286124, 0.021381289178, 0.88123560685, 0.019092497625],
      [0.058219135806, 0.35730833472, 0.37867773771, 0.19597398263, 0.0098208091276],
      [0.097902440924, 0.14828800041, 0.22304729023, 0.25353406981, 0.27722819863]
    ],
    [
      [0.41320430155, 0.014432428865, 0.52067025861, 0.045890988531, 0.0058020224382],
      [0.010229287464, 0.12133460695, 0.7898577118, 0.002245276371, 0.076333117406],
      [0.0045926241981, 0.063909005836, 0.040200643181, 0.86607497124, 0.025222755541],
      [0.091074138061, 0.28003397174, 0.45592948251, 0.15883771912, 0.014124688566],
      [0.13239812682, 0.099747335419, 0.23125376079, 0.1760162537, 0.36058452327]
    ],
    [
      [0.3067038479, 0.012536104975, 0.58877029534, 0.085130708012, 0.0068590437721],
      [0.0064888219297, 0.10171033964, 0.80835144939, 0.0043166947275, 0.079132694309],
      [0.004222761651, 0.011525832325, 0.02522397762, 0.9372220408, 0.021805387604],
      [0.054752868302, 0.23611237826, 0.43761859024, 0.25753485939, 0.013981303809],
      [0.075644654781, 0.079008199936, 0.20960669475, 0.27544077796, 0.36029967257]
    ],
    [
      [0, 0.16458675491, 0.67438595158, 0.15587358298, 0.0051537105269],
      [0, 0.16611013898, 0.77853627928, 0.00627315619, 0.049080425548],
      [0, 0.015713458043, 0.017539762559, 0.95482116935, 0.011925610047],
      [0, 0.31947147533, 0.34758612565, 0.32574160056, 0.0072007984645],
      [0, 0.15699914316, 0.20829460381, 0.43015178622, 0.20455446681]
    ],
    [
      [0.18551075759, 0.030019927726, 0.64192314976, 0.13863123296, 0.0039149319587],
      [0, 0.19712901213, 0.75980536714, 0.0031097255978, 0.039955895126],
      [0, 0.041549086721, 0.019944259156, 0.93066479176, 0.007841862364],
      [0, 0.36354777237, 0.33840067487, 0.29202058219, 0.0060309705686],
      [0.04031524793, 0.16086676902, 0.2169078177, 0.4077260713, 0.17418409405]
    ],
    [
      [0.37252355538, 0.023018630598, 0.54251248118, 0.05892198711, 0.003023345726],
      [0.0086561521073, 0.18256892354, 0.77056837782, 0.00080255038231, 0.037403996145],
      [0.0019098244642, 0.08966623485, 0.029900967315, 0.86694268279, 0.011580290584],
      [0.072809997939, 0.35825542088, 0.39469690019, 0.16811358057, 0.0061241004172],
      [0.13641895284, 0.16791424135, 0.26178609843, 0.24228977243, 0.19159093495]
    ],
    [
      [0.31566699468, 0.039739393987, 0.57977187809, 0.061670454603, 0.003151278648],
      [0.0053650329584, 0.26229831168, 0.69650794038, 0.0037039769184, 0.032124738065],
      [0.00076212708893, 0.13757662343, 0.031627237418, 0.81951910949, 0.010514902574],
      [0.047545204843, 0.48363519118, 0.32761616527, 0.13641893982, 0.0047844988949],
      [0.1006736057, 0.25506044041, 0.24476746553, 0.22115215055, 0.1783463378]
    ],
    [
      [0.41711348668, 0.033805185415, 0.48999088108, 0.055721085733, 0.0033693610921],
      [0.0098177130979, 0.26241022451, 0.68495066883, 0.0025129358876, 0.040308457678],
      [0.0022478019707, 0.13035160776, 0.028696021289, 0.82546137825, 0.013243190731],
      [0.071450863074, 0.46860684807, 0.31412627897, 0.13987800213, 0.0059380077571],
      [0.14150174025, 0.23165094998, 0.22009257242, 0.21274011727, 0.19401462008]
    ],
    [
      [0.46900364068, 0.022818816636, 0.4743465335, 0.03129160082, 0.002539408366],
      [0.01108220707, 0.20121827161, 0.75006699515, 0.0029272836151, 0.03470524255],
      [0.0028563928973, 0.15133128034, 0.04412343278, 0.78483950131, 0.016849392666],
      [0.10179082031, 0.40355241091, 0.38880509134, 0.10007196972, 0.0057797077042],
      [0.1987386057, 0.1959243649, 0.26742382983, 0.14943016517, 0.1884830344]
    ],
    [
      [0.33106006741, 0.035620146765, 0.54262941013, 0.085447452975, 0.0052429227253],
      [0.0062806584168, 0.25119272334, 0.68533760347, 0.00061043748916, 0.056578577286],
      [0.0003301583122, 0.095652959994, 0.020263120655, 0.86892449296, 0.014829268079],
      [0.050452260237, 0.4375041003, 0.31100313053, 0.19273641523, 0.0083040937019],
      [0.091270787224, 0.19721655936, 0.19859228096, 0.26778998318, 0.24513038926]
    ],
    [
      [0.53212268745, 0.029496455724, 0.40807057979, 0.026746791209, 0.0035634858332],
      [0.012262101152, 0.26842446692, 0.67135946017, 0, 0.047953971758],
      [0.005163484969, 0.20608902615, 0.041120694791, 0.72478800914, 0.022838784948],
      [0.10321338173, 0.49795915818, 0.31129268662, 0.079845978548, 0.0076887949284],
      [0.20481774631, 0.24280276456, 0.21524363266, 0.12100735235, 0.21612850412]
    ],
    [
      [0.4065624794, 0.032734536913, 0.50739973358, 0.045673168435, 0.00763008167],
      [0.011314407994, 0.23667875209, 0.6630875132, 0.003754579155, 0.085164747559],
      [0.0032929970084, 0.14629941513, 0.037181183438, 0.77990741188, 0.033318992544],
      [0.07169748674, 0.45820106694, 0.33740819586, 0.11858507963, 0.014108170829],
      [0.10268591139, 0.1642470271, 0.1722543268, 0.13059876483, 0.43021396988]
    ],
    [
      [0.2984249782, 0.035822897646, 0.57865776586, 0.080724341353, 0.0063700169345],
      [0.0034028923843, 0.23927966893, 0.69082781433, 0.0012600021593, 0.065229622193],
      [0, 0.10073705415, 0.024442241967, 0.85757477245, 0.017245931432],
      [0.045501750224, 0.43457671926, 0.32981929041, 0.18016696413, 0.0099352759743],
      [0.079218250431, 0.18860549531, 0.20252022517, 0.24024172753, 0.28941430155]
    ],
    [
      [0.44060686361, 0.031302784389, 0.4810248683, 0.045069694015, 0.0019957896818],
      [0.010799550432, 0.25361069154, 0.70671322382, 0.0039982135044, 0.024878320706],
      [0.0028341187439, 0.14522210953, 0.035220238957, 0.80919976398, 0.0075237687893],
      [0.079905743225, 0.4640905835, 0.3309349545, 0.12163160964, 0.0034371091368],
      [0.16821916383, 0.2432497796, 0.24539567191, 0.19552620214, 0.14760918251]
    ],
    [
      [0.34862338277, 0.034830794379, 0.56320740646, 0.049404348142, 0.00393406825],
      [0.0072464913194, 0.24050230845, 0.7063034998, 0.003553991959, 0.042393708469],
      [0.0017841157249, 0.14718318663, 0.03473818762, 0.79926967544, 0.017024834581],
      [0.058130771582, 0.46463637311, 0.35005427877, 0.12042315841, 0.0067554181307],
      [0.11601154995, 0.23188400457, 0.24728181078, 0.1842420293, 0.2205806054]
    ],
    [
      [0.36269674763, 0.031955660391, 0.55381611915, 0.046008178246, 0.0055232945879],
      [0.0083198642495, 0.22604095635, 0.70275865645, 0.0025300908318, 0.060350432122],
      [0.0023829240611, 0.14305194785, 0.033951877502, 0.7959279649, 0.024685285688],
      [0.062216208042, 0.44911109511, 0.36087971429, 0.11787239229, 0.0099205902697],
      [0.11134300701, 0.19990417711, 0.22786665347, 0.16185738541, 0.29902877701]
    ],
    [
      [0.33714499084, 0.042202089031, 0.55023613304, 0.066980637079, 0.0034361500039],
      [0.0065126815075, 0.28352436687, 0.67075061018, 0.0034234872196, 0.035788854215],
      [0.0012268908447, 0.13072340131, 0.029206497618, 0.82786783034, 0.01097537989],
      [0.049066050432, 0.49883959926, 0.30227596428, 0.14466875671, 0.0051496293165],
      [0.10292743004, 0.2606454723, 0.22361115476, 0.23206976234, 0.18074618057]
    ],
    [
      [0.37983361201, 0.038010925271, 0.51950544939, 0.058239665123, 0.0044103482038],
      [0.0081502211674, 0.27037070061, 0.66922088542, 0.0037265967574, 0.04853159605],
      [0.0018275007098, 0.13738860128, 0.029598984272, 0.81436311478, 0.016821798954],
      [0.060621584426, 0.48818418057, 0.30863660952, 0.13532111179, 0.0072365136891],
      [0.11817906793, 0.23812671499, 0.21312895536, 0.20241588769, 0.22814937403]
    ],
    [
      [0.30225501341, 0.034445080184, 0.62416734548, 0.035374167179, 0.0037583937449],
      [0.0057858705479, 0.21900780565, 0.72869421785, 0.0088464636675, 0.037665642286],
      [0.0018922931644, 0.18841451254, 0.048568799496, 0.74027069591, 0.020853698889],
      [0.050471740831, 0.46572067342, 0.39018912509, 0.087158731845, 0.0064597288121],
      [0.10562449598, 0.24361665459, 0.28856679023, 0.13790368762, 0.22428837159]
    ],
    [
      [0.60085357281, 0.037296303103, 0.31130244145, 0.047776850273, 0.0027708323617],
      [0.015424310131, 0.37419058406, 0.56236325596, 0.0066668992873, 0.04135495057],
      [0.0033868685656, 0.14381952966, 0.026286938297, 0.81119837496, 0.015308288522],
      [0.09623497962, 0.56119008105, 0.20962879511, 0.12751753349, 0.0054286107197],
      [0.20179139654, 0.28258706967, 0.15199180356, 0.20018442686, 0.16344530338]
    ],
    [
      [0.60525635683, 0.010818065984, 0.30873427222, 0.070873346375, 0.0043179585902],
      [0.015158401913, 0.15462889333, 0.73091822973, 0.0108815974, 0.088412877625],
      [0, 0.021700036722, 0.022025494564, 0.94197238822, 0.014302080494],
      [0.15422210537, 0.25621490353, 0.30508936871, 0.27268105943, 0.011792562965],
      [0.21105305135, 0.085765369751, 0.14679876609, 0.28448774968, 0.27189506313]
    ],
    [
      [0.79283484253, 0.0059769553101, 0.14278695391, 0.05749834853, 0.00090289971809],
      [0.033601909822, 0.073629108359, 0.75778420775, 0.094757441609, 0.040227332459],
      [0, 0, 0, 0.99977189891, 0.00022810109273],
      [0.21104302815, 0.21671921173, 0.22017243165, 0.34811823764, 0.0039470908402],
      [0.32769362325, 0.076770234296, 0.11123247218, 0.38660869066, 0.097694979614]
    ],
    [
      [0.31833972291, 0.049819324886, 0.51699932657, 0.11065179891, 0.0041898267147],
      [0.0058084993454, 0.33348299994, 0.61630325999, 0.0017504455522, 0.042654795173],
      [0.00025788446162, 0.10003083902, 0.017013191242, 0.87361667177, 0.0090814135058],
      [0.039376581425, 0.50797825171, 0.2421405352, 0.20509676418, 0.0054078674945],
      [0.079085529407, 0.25333697172, 0.1716341289, 0.31619910842, 0.17974426155]
    ],
    [
      [0.3785119283, 0.018963760644, 0.4825618239, 0.11493589167, 0.0050265954871],
      [0.010478890558, 0.16288057403, 0.75120656469, 0.0086137228489, 0.06682024787],
      [0.0022817667918, 0.029746354752, 0.017301863775, 0.93935045017, 0.011319564515],
      [0.068550261297, 0.2886140576, 0.32744848599, 0.30598476792, 0.0094024272008],
      [0.10612005111, 0.11097858343, 0.17965621065, 0.36427732971, 0.2389678251]
    ],
    [
      [0.3507795505, 0.01990103927, 0.55105878259, 0.075598366029, 0.0026622616174],
      [0.0086034322394, 0.15868206034, 0.79589697934, 0.0036966045729, 0.033120923512],
      [0.0019425035275, 0.058193781812, 0.027695608836, 0.90512371268, 0.0070443931464],
      [0.068083313792, 0.31246984789, 0.39946902757, 0.21484355508, 0.0051342556805],
      [0.12505278603, 0.14377399475, 0.25968103764, 0.30302803696, 0.16846414463]
    ],
    [
      [0.41101467834, 0.025844790259, 0.52385060816, 0.037504463696, 0.001785459539],
      [0.0099358194335, 0.20805575119, 0.75749901596, 0.0024366478162, 0.022072765602],
      [0.0044173748202, 0.1423056179, 0.039399058183, 0.80635235881, 0.0075255902888],
      [0.078204371533, 0.41742037814, 0.3903268532, 0.11071273094, 0.0033356661839],
      [0.1678727895, 0.22036149997, 0.29227511983, 0.18012655454, 0.13936403617]
    ],
    [
      [0.44104938435, 0.027138322995, 0.44698609177, 0.081461450996, 0.0033647498919],
      [0.010144986392, 0.23786241066, 0.7057947774, 0.00089085224185, 0.045306973306],
      [0.0034319737248, 0.077602992022, 0.015408584967, 0.89286949763, 0.010686951654],
      [0.072939221306, 0.39930109618, 0.3022785308, 0.21907166843, 0.0064094832905],
      [0.13339345386, 0.17869308181, 0.19178340172, 0.30399491578, 0.19213514684]
    ],
    [
      [0.44071922327, 0.014512699822, 0.36217500845, 0.16757786284, 0.015015205621],
      [0.032965129928, 0.022277156222, 0.68029213666, 0.049911358884, 0.21455421831],
      [0, 0, 0, 1, 0],
      [0.07333280303, 0.21797176193, 0.24047029776, 0.44129253588, 0.026932601407],
      [0.07124460846, 0.046114598611, 0.082563103724, 0.33316062717, 0.46691706204]
    ],
    [
      [0.35546642107, 0.062119932886, 0.48107233129, 0.09826042528, 0.0030808894755],
      [0.0065747391121, 0.40111712024, 0.55778625212, 0.0040030132304, 0.030518875294],
      [0.0025720794516, 0.12225558251, 0.02020187851, 0.84855607283, 0.0064143866917],
      [0.038041936748, 0.58358937242, 0.2059444748, 0.16883257099, 0.003591645043],
      [0.085755053995, 0.32407506939, 0.16261531444, 0.28937640521, 0.13817815696]
    ],
    [
      [0.25655584172, 0.050332244789, 0.53200188358, 0.15054858151, 0.010561448405],
      [0, 0.30005368243, 0.59507208639, 0.0013789567171, 0.10349527446],
      [0, 0.072338882422, 0.0096769032898, 0.90125846659, 0.016725747695],
      [0.029019283807, 0.45751826918, 0.23148587815, 0.26898247096, 0.012994097902],
      [0.043317007127, 0.16846648057, 0.12176391159, 0.31075476034, 0.35569784037]
    ],
    [
      [0.28689513897, 0.016069581748, 0.51579058048, 0.17032280148, 0.010921897315],
      [0.0095453150299, 0.10880398533, 0.73499722053, 0.011857947263, 0.13479553184],
      [0, 0, 0.0098645223855, 0.97928630924, 0.010849168372],
      [0.043471177226, 0.24776833317, 0.29965676828, 0.39085076844, 0.01825295288],
      [0.051765192679, 0.071200119511, 0.12641724277, 0.36137947775, 0.38923796729]
    ],
    [
      [0.31953243043, 0.030797611168, 0.45757133869, 0.18790946184, 0.0041891578721],
      [0.017544592106, 0.25783965653, 0.66518716929, 0.0060114565747, 0.053417125498],
      [0.00061244318871, 0.023831798056, 0, 0.97012589131, 0.005429867445],
      [0.037439507366, 0.34923909561, 0.22595538605, 0.38149454244, 0.0058714685435],
      [0.062605134452, 0.14378179427, 0.13231433543, 0.49036995793, 0.17092877792]
    ],
    [
      [0.34899327211, 0.048455695192, 0.52034575643, 0.075981892056, 0.0062233842099],
      [0.0064515904209, 0.31926178819, 0.61012971282, 0.0017550312622, 0.062401877305],
      [0.002122619753, 0.12875642462, 0.021754946853, 0.8273038366, 0.020062172173],
      [0.044304498579, 0.53497620934, 0.25999903591, 0.1518532457, 0.0088670104728],
      [0.083756721793, 0.24937440951, 0.17266544856, 0.21971576307, 0.27448765706]
    ],
    [
      [0.40808607878, 0.018144454002, 0.48824701749, 0.080757570673, 0.0047648790525],
      [0.010853575463, 0.15844809552, 0.76261707943, 0.0046294721395, 0.063451777441],
      [0.0019848645572, 0.04964953365, 0.023608789656, 0.91035076662, 0.014406045514],
      [0.082055574487, 0.30481405517, 0.36636979012, 0.23694603329, 0.009814546938],
      [0.1299428281, 0.12019795503, 0.20561666062, 0.28848157191, 0.25576098434]
    ],
    [
      [0.30533811434, 0.021196826303, 0.62714154521, 0.035871251548, 0.010452262596],
      [0.0071838576999, 0.13929397252, 0.75384021011, 0.011635593517, 0.088046366146],
      [0.0033997612473, 0.11852456272, 0.060089886563, 0.78039209435, 0.037593695121],
      [0.060308144344, 0.3410952793, 0.47331451955, 0.10775688206, 0.017525174744],
      [0.077815955657, 0.10983586161, 0.21597074828, 0.10567759756, 0.4906998369]
    ],
    [
      [0.29332019994, 0.033741698256, 0.56658541582, 0.10276251235, 0.0035901736354],
      [0.0027305396324, 0.23970785804, 0.71639755135, 0.0018866361647, 0.039277414811],
      [0, 0.077119911029, 0.020009778182, 0.89558469077, 0.0072856200149],
      [0.044111244591, 0.40465483937, 0.31907035029, 0.22668130896, 0.0054822567847],
      [0.084061755807, 0.19208563408, 0.21432508598, 0.33059911014, 0.178928414]
    ],
    [
      [0.40638933451, 0.024133487874, 0.48334074419, 0.082125214307, 0.0040112191195],
      [0.010354735155, 0.20407907616, 0.73207984521, 0.0016914440925, 0.051794899392],
      [0.0021328098007, 0.068009069508, 0.018085255382, 0.89951337201, 0.012259493295],
      [0.074245994487, 0.35986094267, 0.33431116364, 0.22389185941, 0.007690039796],
      [0.12833985672, 0.15507683459, 0.20411515238, 0.29751324871, 0.2149549076]
    ],
    [
      [0.5716555429, 0.016525997035, 0.34637302548, 0.061424639921, 0.0040207946659],
      [0.012567411548, 0.19519248218, 0.71472575414, 0.0048062527714, 0.072708099359],
      [0, 0.061938751392, 0.022082036796, 0.90042425138, 0.015554960431],
      [0.13774289731, 0.32514553199, 0.31212000809, 0.21483476836, 0.010156794254],
      [0.20764855325, 0.1221573341, 0.16646139193, 0.24841991654, 0.25531280418]
    ],
    [
      [0.30322037502, 0.0057068547497, 0.60897261565, 0.076288756647, 0.0058113979367],
      [0.010743272993, 0.068183141029, 0.84688928823, 0.01050956965, 0.063674728101],
      [0.001363755791, 0, 0.042970318588, 0.93503611555, 0.020629810074],
      [0.063714702431, 0.20516269314, 0.48509097435, 0.23429827509, 0.011733354987],
      [0.096482759591, 0.07430339779, 0.25948427069, 0.27357641529, 0.29615315663]
    ]
  ],
  "expected_outcome": [
    [
      [0, 14.5824381011, 16.8588042051, 12.6985829656, 6.0749764886, 15.5960557972, 13.2519293524, 3.46187731, 6.5268672885, 1.3261346399, 6.8081999894, 5.7667352584, 2.3030788106, 1.9747540686, 5.2294426902, 5.096335756, 15.3663851083, 29.800133104, 4.3501106414, 5.7968603577, 34.2880140734, 7.1428133334, 2.3794934671, 2.4792258093, 1.2268153916, 0, 0.55653227277, 32.4095493182, 10.732677819, 16.2674259804, 15.4771201425, 7.9454416178, 5.8533495619, 7.7246871087, 21.1881734524, 7.4903166814, 12.5504417797, 5.8031479621, 5.0571748626, 25.0690183927, 6.9518653084, 2.4034142912, 10.2893580661, 1.5856696851, 7.003473904, 9.4627982074, 10.523386515, 2.0550733917, 0.44104938435, 1.3221576698, 1.0663992632, 2.5655584172, 3.7296368066, 1.2781297217, 2.0939596326, 19.5881317817, 0.91601434302, 19.3591331963, 7.3150080212, 65.7403874338, 5.4579667503],
      [0.1788360071, 0.60722009134, 1.6658905292, 0.67368650543, 0.61312532928, 0.81254166037, 0.93420425611, 0.29595706114, 0.32173492326, 0.081764441461, 0.35379733186, 0.2951742956, 0.034757553052, 0.15731732713, 0.31948924423, 0.037663207241, 0.60883540725, 1.2142534774, 0.31200678778, 0.70498610607, 2.558306359, 0.41753261851, 0.16794151315, 0.086594573193, 0.050144419898, 0.49376026472, 0.090059783177, 2.002620862, 1.3511393956, 1.3184022312, 0.753020949, 0.85488352235, 0.32446101297, 0.62195620135, 2.5434257329, 0.53214733462, 1.2539085976, 0.51129056625, 0.63303133547, 2.5087210679, 0.79223684423, 0.14918521241, 0.18390712174, 0.01195391062, 1.0960251475, 0.47409401609, 0.5970311781, 0.1292239513, 0.027138322995, 0.043538099467, 0.18635979866, 0.50332244789, 0.20890456272, 0.12319044467, 0.29073417115, 0.87093379211, 0.063590478909, 2.2269520849, 0.43440278173, 1.900489659, 0.10272338549],
      [0.69279099314, 14.8148818579, 30.6048537033, 8.0706197468, 8.2994520991, 14.2864952602, 22.4021137307, 7.8011195773, 7.1505000056, 1.3283586357, 7.5566571422, 7.8840591954, 0.50425798491, 2.4771421419, 5.4509608344, 2.4059269717, 18.3385484887, 32.5799348671, 6.2440545899, 8.9985918023, 60.964363409, 9.9385076343, 3.912915025, 3.1240215517, 2.3550811814, 2.0231578548, 1.9257694493, 47.1985858631, 19.7122438549, 19.1096443622, 15.6534356054, 13.023105843, 4.4887763776, 9.640594938, 41.0847013762, 8.1774227612, 20.2754666325, 8.8610579063, 8.2535419956, 34.2873596598, 14.3558489461, 1.2452097658, 5.2484826278, 0.28557390782, 11.3739851846, 12.0640455975, 16.5317634776, 2.6192530408, 0.44698609177, 1.0865250253, 1.4432169939, 5.3200188358, 6.7052775463, 1.8302853548, 3.1220745386, 23.4358568394, 1.8814246356, 37.394637444, 8.7001333954, 39.8328979297, 10.9615070817],
      [0.11364458993, 0.91139910308, 2.6750583754, 1.4730960186, 0.96439141902, 1.2774296448, 1.4117526608, 1.3879455611, 0.93688759416, 0.25345354903, 1.2020595805, 1.0127511278, 0.1534454766, 0.35078505362, 0.96368834725, 0.42794830424, 1.5508620141, 2.179235278, 1.0199462903, 1.4209965883, 6.7824563927, 1.4086020247, 0.50294001212, 0.27534593118, 0.34052283205, 0.46762074895, 0.41589369889, 5.1262128786, 2.0967954565, 2.1731223436, 1.0326228271, 2.0507388714, 0.29421470329, 0.86779020026, 5.7314282361, 0.76618479825, 1.7785565331, 0.73613085193, 1.0047095562, 3.8438178981, 0.81360584512, 0.19110740109, 1.2048468884, 0.11499669706, 2.4343395761, 2.8733972918, 2.2679509809, 0.18752231848, 0.081461450996, 0.50273358852, 0.29478127584, 1.5054858151, 2.2141964193, 0.75163784735, 0.45589135234, 3.8763633923, 0.10761375464, 6.7823258148, 1.4782538575, 7.0638335909, 1.3731976197],
      [0.014728409831, 0.084060846556, 0.19539318699, 0.084014763617, 0.048054663949, 0.02747763747, 0, 0.053100490362, 0.064010188476, 0.010288733981, 0.07928595601, 0.041280122791, 0.0044601748556, 0.040001408809, 0.036418883909, 0.032125760773, 0.13536898169, 0.22644327355, 0.073881690564, 0.078565145518, 0.40685976588, 0.092544389069, 0.036709982578, 0.034812134629, 0.027436175089, 0.015461131581, 0.011744795876, 0.26303107816, 0.10714347403, 0.13140508259, 0.083800476078, 0.12583014541, 0.039198344165, 0.14497155173, 0.45227120235, 0.033928424591, 0.141626457, 0.088372713406, 0.051542250058, 0.29108298145, 0.086443056133, 0.011083329447, 0.073405296034, 0.0018057994362, 0.092176187722, 0.12566488718, 0.079867848521, 0.0089272976951, 0.0033647498919, 0.045045616862, 0.0092426684265, 0.10561448405, 0.14198466509, 0.016756631488, 0.03734030526, 0.22871419452, 0.031356787788, 0.23695145994, 0.07220194415, 0.46239138658, 0.10460516286]
    ],
    [
      [0, 3.6410126177, 2.7329542964, 1.1333506566, 0.79096338861, 3.8791179425, 0.61522731039, 0.34275077805, 2.0299656275, 1.2984427908, 2.680409136, 2.5306418387, 0.51288672383, 0.61922775464, 1.2778678251, 0.51158418772, 2.0607525357, 4.1432933945, 0.3342941074, 0.35101874575, 3.215233182, 0.62330772367, 0.20737837364, 0.51146437319, 0.090843507016, 0, 0, 2.9517478686, 2.0816327878, 3.4460172973, 3.2249222573, 1.0363086388, 1.2997827221, 2.2968248228, 2.4670969786, 2.4082997463, 4.0435421562, 1.5308550219, 1.2243841234, 5.2650428742, 2.11184275, 0.66324533561, 1.8644834353, 0.47042673751, 0.48210544567, 2.5463704056, 2.7530983166, 0.60608498544, 0.2536246598, 1.4504657168, 0.23669060804, 0, 0.3531766561, 0.2807134737, 0.23870884557, 4.0158229214, 1.1637849474, 1.3570781973, 1.5946292139, 6.8241044707, 0.65533965255],
      [2.3524304759, 58.7033743961, 96.0849812993, 23.5991967692, 26.5679897843, 79.258133347, 12.8894218585, 16.7519478503, 34.8631396488, 26.4440345245, 47.4872052136, 41.5816632322, 7.2129727111, 16.4803860612, 26.5900022034, 3.3248842077, 28.9434014561, 69.0812906757, 7.8511609552, 15.3016818694, 85.7894151783, 12.3368319118, 5.2406964794, 6.0667303477, 1.423944755, 4.4849737525, 10.0535796188, 62.2560029288, 101.7717449316, 92.1059888024, 58.5545170392, 41.4467993513, 28.4529934931, 48.0457866742, 173.4777599762, 56.5551842127, 134.2002881152, 41.5915359682, 53.3025809722, 174.6594725941, 79.9378490631, 16.0901951144, 19.0193538793, 1.030807517, 27.679088995, 39.5799794896, 50.7782593072, 12.6914008223, 5.9465602666, 0.98019487376, 14.4402163288, 5.7010199662, 4.0257474573, 4.1254345044, 11.8126861632, 58.6257953434, 22.565623549, 119.1348054447, 31.4281777279, 105.9895178246, 4.1591716028],
      [8.9597987792, 257.3115282566, 316.8007925303, 50.1197291497, 64.1968892419, 251.6031869851, 55.1411460116, 78.8759286949, 139.2367282197, 76.9841122777, 182.8402437235, 202.1941127633, 17.8243450707, 46.4159889546, 81.3064940162, 30.4782486311, 153.7368883266, 331.67100604, 28.0352456023, 34.7633957758, 365.75093519, 52.0335961294, 21.8393148046, 39.4928855902, 11.3169202915, 21.0204795405, 38.7500737243, 262.7638168369, 270.2450808671, 240.4176847586, 218.2694955894, 113.0807045721, 71.1641027785, 134.60676518, 500.8501653896, 157.597048912, 394.1173528897, 129.3075927865, 126.1011147147, 432.3166919781, 265.9733895139, 24.1816200061, 89.9029422574, 10.6089789085, 51.1531705792, 182.5431952201, 254.6870333891, 46.2074399737, 17.6448694349, 29.9328540129, 20.0803050763, 11.3063696415, 27.1948971597, 10.6429947087, 22.5747993743, 282.1683193905, 122.1221140382, 356.0495830232, 112.7402961617, 388.0960844977, 51.6602465818],
      [0.023653233387, 0.83039491802, 1.0217413634, 0.11198531819, 0.25033992938, 1.2141881748, 0.19940955442, 0.45977028145, 0.17628605339, 0.11771991355, 0.53148699226, 0.69178511828, 0.11285425803, 0.070064996156, 0.15146969646, 0.39808895381, 0.085216083818, 0, 0.012926658412, 0.042122563792, 0.46410169785, 0.063968033105, 0, 0.11226381855, 0.060433726185, 0.16937521713, 0.15859600549, 0.27366968037, 1.4371430443, 0.88204049656, 0.85183953198, 0.10072218571, 0, 0.76217956847, 0.91350156547, 0.89160161147, 1.9831275131, 0.46553671305, 0.64361559729, 2.4073815053, 3.2289592387, 0.28667666935, 1.3384364802, 1.3266041825, 0.14528698083, 2.0931346523, 1.1829134633, 0.14863551679, 0.022271306046, 2.1960997909, 0.14410847629, 0.026200177624, 0.43874404872, 0.096183305196, 0.064936156701, 1.7129046916, 1.8849661497, 0.93765817386, 0.26048239024, 2.6097952549, 0.64108374867],
      [1.6641175115, 12.5136898116, 17.3595305106, 4.0357381063, 3.1938176558, 5.0453735507, 1.1547952651, 4.5696023953, 10.6938804506, 5.1556904934, 16.4606549347, 9.0017970474, 1.3369412364, 6.4143322334, 4.6741662588, 3.2871940197, 9.1737415977, 19.1044098899, 2.7663726766, 2.5417810453, 20.7803147519, 3.9422962021, 1.7126103424, 3.8166558703, 1.1078577203, 1.3251714898, 2.0377506514, 12.7547626853, 12.4643983691, 14.1482686451, 10.0992255822, 9.3354652521, 5.0831210064, 17.2884437544, 47.2914760901, 5.5478655174, 23.6556893257, 11.1044795104, 6.7283045924, 31.3514110483, 13.7479594343, 1.7782628745, 10.8747839479, 0.56318265442, 3.5403479993, 16.2373202324, 10.5986955238, 1.3464387017, 1.1326743326, 9.4403856056, 1.0986795106, 1.9664102147, 4.9874346782, 0.85467400797, 2.3088694603, 23.4771576531, 14.2635113157, 19.5208751609, 7.9764145063, 39.4804979521, 3.8841584142]
    ],
    [
      [0, 0.76589722254, 0.46433961577, 0.075219526958, 0.47049573903, 0.47905296299, 0.65544376991, 0, 0.65621673986, 0.4146568525, 0.87369951336, 0.67479148109, 0, 0.43535961292, 0.50399019134, 0, 0.31204026372, 0.91802510188, 0.20711391775, 0.21269430981, 0.60653812411, 0.27457841581, 0.28320546075, 0.55111490377, 0.27025674566, 0, 0, 1.2299269549, 0.18900751806, 0.71255322471, 0.55985300788, 0.097066543785, 0.19104894385, 0.29966272776, 0, 0.5809943425, 0.71543040568, 0.26688749484, 0.32880674638, 1.1275679379, 0.45982723894, 0.26078887955, 0, 0, 0.065760537712, 0.66399413642, 0.84498903448, 0.5256676036, 0.5250919799, 0, 0.28807289858, 0, 0, 0.066143864381, 0.24410127159, 0.69470259503, 0.56436036705, 0, 0.40523386213, 0, 0.15546816017],
