{
  "Z_true": {},
  "V_true": [
    [127, 1180, 444],
    [768, 14131, 1106],
    [14025, 601, 489],
    [1047, 732, 845],
    [650, 291, 354],
    [557, 621, 643]
  ],
  "p_true": [
    [0.0725, 0.6739, 0.2536],
    [0.048, 0.8829, 0.0691],
    [0.9279, 0.0398, 0.0324],
    [0.399, 0.279, 0.322],
    [0.5019, 0.2247, 0.2734],
    [0.3059, 0.341, 0.3531]
  ],
  "Z_est": [
    [
      [3.8848, 8.753, 6.6168, 5.4509, 10.5243, 20.5708, 4.511, 5.6776, 10.4191, 2.2316, 17.5104, 1.8567, 9.8539, 12.3935, 3.0833, 11.3944, 11.4415, 10.9678, 9.3179, 14.0157, 12.1187, 14.775, 15.9141, 11.5125, 13.2107, 15.9632, 0, 3.2993, 1.8062, 0, 8.8156, 26.5282, 7.2137, 12.1119, 17.1793, 13.6016, 22.2622, 22.3642, 10.6917, 3.1994, 47.6657, 3.8934, 32.5906, 7.481],
      [3.266, 6.2495, 4.9837, 3.6798, 6.8197, 16.1086, 2.9318, 3.9167, 7.7141, 1.627, 10.9023, 1.576, 6.0903, 7.8224, 1.5651, 9.6053, 10.0175, 7.5785, 9.1126, 10.3962, 8.9213, 9.4347, 10.2178, 7.5124, 8.9124, 11.4386, 0, 2.0497, 1.3659, 0, 5.6353, 18.0471, 3.8749, 8.3516, 12.6455, 9.0369, 15.3317, 17.1398, 6.9748, 2.5783, 34.0931, 2.7253, 25.147, 5.3542],
      [7.8492, 15.9975, 9.3995, 6.8693, 13.656, 31.3206, 7.5572, 11.4057, 15.8668, 3.1414, 22.5874, 4.5672, 16.0558, 20.7841, 2.3517, 24.0003, 28.5411, 19.4537, 20.5695, 30.588, 28.9599, 21.7903, 26.8681, 21.9751, 21.877, 25.5982, 0, 2.651, 5.8279, 0, 15.549, 35.4247, 10.9114, 21.5365, 27.1752, 29.3615, 42.4062, 34.4959, 13.3335, 8.2223, 72.2412, 10.3813, 85.2624, 13.1648]
    ],
    [
      [17.335, 45.1452, 32.5162, 9.0499, 67.4801, 54.7686, 38.6409, 28.8848, 65.7294, 19.9285, 82.9591, 12.8901, 11.9037, 22.3565, 6.3803, 23.0443, 15.0362, 22.7471, 6.0466, 40.0238, 30.4388, 57.2705, 61.203, 48.192, 47.6447, 50.5455, 0.6631, 5.1978, 3.3158, 0.7024, 34.6017, 25.3991, 16.4372, 36.5956, 38.6202, 40.1265, 43.5734, 32.2553, 13.638, 18.8235, 114.7692, 14.7855, 44.1562, 14.5736],
      [285.6364, 411.5751, 330.6703, 71.915, 458.5303, 630.4573, 270.6281, 244.996, 643.5519, 184.3046, 515.4132, 205.6954, 83.4823, 158.1283, 34.0619, 369.4797, 295.3877, 190.7794, 165.5258, 426.1415, 324.8881, 393.9822, 430.502, 358.4656, 368.5835, 451.1876, 9.2307, 35.5171, 42.4661, 11.6978, 239.5374, 200.2603, 86.8263, 304.7843, 365.2795, 323.0359, 368.6171, 336.0062, 97.0884, 295.2652, 1008.2149, 142.7694, 550.6176, 132.003],
      [37.0286, 57.2796, 32.8135, 7.0351, 48.9895, 64.774, 37.731, 39.1192, 70.7187, 18.7669, 56.6276, 32.4145, 11.614, 22.5153, 2.5578, 50.476, 47.5761, 26.4735, 20.4276, 69.8347, 59.6731, 48.7473, 61.295, 57.3424, 48.7718, 54.2669, 1.1061, 2.2851, 10.2181, 1.5998, 35.8609, 20.3405, 12.7364, 42.6201, 42.1003, 57.8376, 55.8095, 35.7386, 9.2736, 51.9113, 114.0158, 30.445, 109.2262, 17.4234]
    ],
    [
      [160.9213, 263.9363, 175.9735, 199.8003, 570.7672, 443.1694, 174.8745, 189.6788, 368.0184, 102.8087, 562.2597, 62.0847, 179.7286, 279.5113, 109.7151, 209.976, 198.1079, 286.6918, 90.2797, 354.929, 276.2315, 621.0995, 588.0063, 500.9222, 376.4383, 542.6506, 8.7349, 97.8805, 52.5454, 14.4324, 223.5448, 355.524, 143.5622, 454.416, 538.6408, 581.577, 570.3138, 359.8282, 115.8142, 211.5401, 1119.66, 166.5199, 489.9901, 147.7048],
      [20.0359, 24.462, 17.7873, 14.8491, 37.1771, 49.3049, 13.1605, 16.407, 36.2617, 9.7497, 33.2078, 7.1565, 10.8188, 17.8689, 0.8856, 25.7754, 25.9941, 24.4157, 13.0971, 36.053, 27.4602, 39.0455, 39.5862, 36.1879, 30.044, 50.5337, 0.9909, 4.6113, 5.6062, 1.9651, 15.7284, 28.587, 4.5531, 38.424, 53.9469, 45.3742, 48.63, 39.1518, 8.4798, 25.7491, 103.4941, 15.3763, 51.9491, 13.7669],
      [6.0428, 8.6017, 4.2392, 3.3505, 11.0556, 11.5258, 4.9649, 6.9141, 9.72, 2.4417, 10.5325, 2.7588, 4.4526, 7.6198, 0.3993, 8.2486, 9.898, 8.8925, 3.6232, 15.018, 13.3083, 13.855, 16.4075, 16.8899, 10.5176, 14.8157, 0.2742, 0.5083, 3.8484, 0.6025, 6.7268, 5.889, 2.8847, 14.16, 14.4123, 24.0488, 20.0562, 9.02, 1.7059, 10.7108, 27.8459, 9.1039, 28.0609, 4.5283]
    ],
    [
      [11.5082, 18.0417, 15.8053, 5.9191, 28.1675, 20.6004, 10.6786, 14.696, 22.1146, 7.6926, 30.4327, 5.5161, 6.9046, 13.9283, 2.2511, 16.2257, 11.9406, 11.0199, 7.3694, 14.4902, 12.4183, 23.4368, 18.4317, 22.5044, 13.9651, 10.573, 0.3793, 1.7026, 1.5927, 0, 15.7026, 7.4055, 3.9076, 13.6927, 17.7691, 19.2913, 15.1837, 11.5514, 7.4619, 8.2133, 43.565, 6.5879, 14.6967, 3.6528],
      [47.554, 61.8993, 57.4541, 19.1929, 86.464, 77.5442, 33.152, 48.6709, 78.75, 26.9938, 89.8926, 22.7932, 20.7389, 42.2499, 5.551, 66.458, 50.2707, 36.5895, 34.5749, 51.5808, 43.8772, 71.3946, 56.7729, 70.2432, 45.2116, 36.348, 1.5353, 5.1381, 5.7811, 0, 47.9438, 24.3921, 10.3782, 45.3239, 62.7875, 61.5686, 50.2544, 42.2737, 23.4593, 32.1418, 149.3654, 22.2304, 53.5401, 12.5634],
      [2.9377, 4.059, 2.7406, 0.888, 4.3685, 3.8554, 2.1694, 3.6332, 4.1354, 1.3136, 4.6748, 1.6906, 1.3566, 2.8218, 0.1978, 4.3163, 3.7887, 2.3906, 2.0556, 3.929, 3.7046, 4.1686, 3.7953, 5.2524, 2.8233, 2.079, 0.0854, 0.1594, 0.6262, 0, 3.3536, 1.2024, 0.7142, 2.9834, 3.4434, 5.1401, 3.5619, 2.1749, 1.0788, 2.6449, 8.0695, 2.1817, 4.7631, 0.7838]
    ],
    [
      [4.6786, 18.0445, 13.6917, 8.181, 37.1863, 29.7881, 12.836, 14.3625, 29.9744, 9.426, 29.1203, 3.8382, 3.5893, 20.7122, 0, 15.9143, 15.94, 18.2154, 3.9116, 24.0015, 38.5359, 46.7337, 49.1746, 43.0876, 19.9062, 44.0367, 0, 1.5833, 1.2214, 0.6577, 7.064, 11.0142, 10.3381, 39.2207, 39.0359, 45.2641, 33.8501, 36.2006, 4.4712, 5.0905, 68.1103, 7.6849, 33.8689, 6.9978],
      [0.8976, 2.9567, 2.3671, 1.2671, 5.4944, 5.3456, 1.9089, 2.2715, 5.1011, 1.5757, 4.1621, 0.7441, 0.5193, 3.0059, 0, 3.0483, 3.1361, 2.8896, 0.8274, 4.0744, 6.5115, 6.8011, 7.2069, 6.4191, 3.0867, 7.2495, 0, 0.227, 0.2061, 0.1231, 1.0428, 1.738, 1.2808, 6.1998, 6.6042, 6.8855, 5.355, 6.3619, 0.6794, 0.9372, 11.1953, 1.2302, 5.8847, 1.1466],
      [1.4238, 4.9988, 2.9412, 1.5519, 7.3193, 6.8663, 3.2551, 4.366, 6.9245, 1.9983, 5.7176, 1.4177, 0.8914, 5.2819, 0, 5.0374, 5.9239, 4.895, 1.261, 7.9241, 13.9526, 10.4653, 12.6185, 12.4933, 5.0071, 10.7138, 0, 0.1897, 0.5726, 0.2193, 1.8932, 2.2479, 2.3812, 10.5795, 9.3599, 14.8504, 9.795, 8.4374, 0.8495, 1.9723, 15.6944, 3.0848, 13.2464, 1.8556]
    ],
    [
      [3.672, 8.0793, 5.3966, 1.5987, 9.8745, 11.1027, 6.4589, 3.7003, 7.7441, 3.9127, 8.7179, 2.8141, 3.02, 3.0982, 0.5702, 4.4453, 3.5338, 4.3579, 3.0748, 8.5398, 6.2568, 10.6846, 8.2703, 7.7814, 6.835, 6.231, 0.2227, 1.3365, 0.5185, 0.2075, 6.2714, 5.129, 2.5412, 3.9631, 5.7548, 7.1395, 8.8169, 6.8003, 1.923, 4.1331, 17.2297, 2.5283, 9.6976, 2.5899],
      [20.61, 37.8574, 26.7374, 7.0961, 41.5144, 57.2395, 27.2187, 16.738, 37.6213, 18.7492, 35.4221, 16.0347, 12.3503, 12.9246, 1.9364, 24.6332, 20.1939, 19.7474, 19.8622, 41.7541, 30.3417, 44.342, 34.7142, 33.1717, 30.1619, 29.2425, 1.243, 5.4569, 2.5747, 1.214, 26.1122, 22.9755, 9.0867, 17.9164, 27.7363, 31.0989, 39.8118, 34.0666, 8.3183, 22.3284, 80.6372, 11.6684, 48.8615, 12.1659],
      [8.7179, 17.0633, 8.8659, 2.3053, 14.6111, 19.6578, 12.3224, 8.5618, 13.6346, 6.338, 12.8601, 8.1512, 5.6296, 5.9772, 0.4934, 10.9214, 10.2723, 8.8947, 8.063, 21.7061, 17.4015, 17.9734, 16.0156, 17.0469, 13.0031, 11.5264, 0.5343, 1.2065, 1.9068, 0.5785, 12.6164, 7.8955, 4.3721, 8.1205, 10.5089, 17.7616, 19.3713, 12.1332, 2.7587, 12.5385, 30.1331, 7.8033, 29.4409, 5.2442]
    ]
  ],
  "V_est": [
    [504.6732, 358.7512, 887.5756],
    [1416.395, 12853.1866, 1735.4184],
    [13540.8095, 1163.71, 410.4805],
    [568.988, 1932.8994, 122.1125],
    [906.5603, 145.9652, 242.4745],
    [236.574, 1101.4876, 482.9384]
  ],
  "p_est": [
    [0.2882, 0.2049, 0.5069],
    [0.0885, 0.8031, 0.1084],
    [0.8959, 0.077, 0.0272],
    [0.2168, 0.7366, 0.0465],
    [0.7, 0.1127, 0.1872],
    [0.1299, 0.6049, 0.2652]
  ],
  "EI_Z": {},
  "EI_V": 11.913,
  "MAE_Z": {},
  "MAE_V": 511.0799,
  "MAE_p": 0.1673,
  "runtime": 0.001
}
