{
  "Z_true": {},
  "V_true": [
    [186, 273, 15885, 1113],
    [320, 7794, 1032, 886],
    [97, 388, 668, 251],
    [508, 459, 1219, 1131]
  ],
  "p_true": [
    [0.0107, 0.0156, 0.91, 0.0638],
    [0.0319, 0.7769, 0.1029, 0.0883],
    [0.0691, 0.2764, 0.4758, 0.1788],
    [0.1532, 0.1384, 0.3675, 0.341]
  ],
  "Z_est": [
    [
      [21.8067, 5.0029, 55.1491, 27.8093, 7.1074, 7.8915, 6.0281, 11.0465, 17.2902, 5.6369, 4.9027, 1.4552, 12.8815, 10.4877, 31.7732, 4.1178, 25.9139, 14.7815, 12.9334, 6.3018, 14.5067, 8.6444, 2.1075, 0, 1.7715, 0.3727, 4.1862, 10.2892, 0, 0, 0, 0, 4.68, 4.3116, 0, 37.908, 7.5149, 56.2789, 1.35],
      [3.2058, 0.0139, 17.5163, 0, 19.0727, 12.5663, 3.7472, 0, 8.9805, 12.971, 0, 8.3861, 0, 1.3472, 0, 0, 0, 0, 0, 0, 0, 6.7051, 3.9327, 0, 0, 1.1264, 0, 0, 0, 0, 0, 0, 0.249, 6.7661, 0, 11.1121, 4.0832, 16.264, 3.4658],
      [449.7022, 121.2778, 577.2664, 485.2319, 282.8018, 382.9457, 117.8868, 542.1693, 323.8079, 97.6164, 260.4255, 80.0427, 634.823, 411.202, 687.1915, 376.9762, 757.7009, 709.6238, 607.6408, 242.9305, 551.1054, 139.1819, 50.5935, 561.5766, 521.6132, 80.2281, 593.1571, 752.3342, 466.9558, 388.7131, 575.6978, 216.1979, 164.9516, 176.511, 46.9827, 887.7799, 177.7806, 1381.1898, 85.8189],
      [25.2853, 6.7054, 46.0682, 28.9589, 17.0181, 15.5965, 6.3378, 31.7842, 20.9214, 9.7757, 12.6717, 6.1161, 30.2955, 18.9631, 32.0353, 15.9059, 42.3853, 39.5948, 38.4258, 18.7677, 21.3879, 10.4686, 4.3663, 21.4234, 19.6152, 3.2728, 24.6567, 32.3766, 15.0442, 20.2869, 29.3022, 4.8021, 9.1193, 10.4112, 5.0173, 48.2001, 18.6213, 136.2674, 5.3653]
    ],
    [
      [3.4068, 3.8093, 0, 7.3258, 0, 0, 0, 1.0906, 0, 0, 4.7109, 0, 9.2209, 0.1498, 0.685, 3.9313, 5.3812, 2.2579, 5.1884, 1.8152, 8.6961, 0, 0, 18.6323, 13.093, 0.0477, 9.0707, 6.5086, 13.2818, 10.5589, 12.0288, 5.8279, 1.0326, 0, 0, 6.9022, 0, 4.5938, 0],
      [947.004, 269.4954, 1099.8356, 194.3778, 481.6565, 498.8837, 194.749, 5, 562.2579, 177.5417, 562.1152, 126.9914, 22.7319, 19.0517, 29.3604, 13.7723, 21.6492, 21.5412, 5.8474, 4.8706, 17.6441, 234.9891, 55.6688, 243.1188, 163.6353, 34.5256, 251.6857, 189.1768, 151.5135, 182.32, 140.3907, 92.6502, 109.7277, 80.8468, 32.7548, 662.6749, 136.8317, 604.5414, 88.0189],
      [0, 1.5541, 0, 1.4878, 0, 0, 0, 0.0544, 0, 0, 10.1466, 0, 0.3783, 0.1295, 0.2213, 0.1855, 0.2578, 0.2018, 0.1691, 0.0646, 0.324, 0, 0, 30.8112, 3.4968, 0.193, 4.5945, 2.2978, 27.9549, 5.4322, 5.2303, 12.782, 0.804, 0, 0.1927, 0, 0, 0, 0],
      [99.5892, 30.1412, 144.1644, 22.8086, 48.3435, 38.1163, 18.251, 0.8549, 63.7421, 24.4583, 59.0273, 15.0086, 4.6689, 1.669, 2.7334, 2.1109, 3.7119, 2.9992, 2.7951, 1.2497, 3.3358, 29.0109, 7.3312, 33.4377, 17.775, 3.2337, 26.649, 20.0168, 21.2498, 24.6889, 20.3501, 8.7399, 12.4357, 8.1532, 7.0525, 67.4229, 24.1683, 100.8648, 9.9811]
    ],
    [
      [0.5004, 0.125, 0.9772, 0.2621, 0.0821, 0.093, 0.0811, 0.3266, 0.2476, 0.102, 0.1363, 0.0271, 0.1058, 0.0895, 0.2268, 0.0514, 0.1378, 0.0954, 0.0734, 0.0456, 0.1836, 0.1343, 0.0426, 0.386, 0.3466, 0.0088, 0.2284, 0.2985, 0.173, 0.1481, 0.1096, 0.1535, 0.1976, 0.1314, 2.5422e-32, 0.9648, 0.1804, 0.5379, 0.0242],
      [2.1171, 0.4032, 2.7659, 0.5571, 0.7346, 0.832, 0.3552, 0, 1.0798, 0.5361, 0.7796, 0.3776, 0.2681, 0.4879, 0.6396, 0.2277, 0.3508, 0.4588, 0.1526, 0.1294, 0.3559, 0.5422, 0.2564, 0.8812, 1.3647, 0.2564, 1.3143, 1.7011, 0.4865, 0.68, 0.6093, 0.3498, 0.9274, 1.1455, 0.2346, 3.51, 0.8705, 2.135, 0.3085],
      [77.2093, 16.0244, 90.9378, 22.5359, 24.465, 29.4255, 12.2407, 14.2428, 37.4991, 14.7288, 33.2424, 11.197, 16.2105, 17.9797, 25.5262, 12.43, 18.003, 20.8406, 13.3462, 7.5441, 22.9702, 17.7054, 7.4128, 79.9694, 71.7201, 9.5028, 60.0302, 74.2058, 39.5442, 34.2116, 30.4276, 39.9128, 36.8318, 32.7554, 10.2427, 125.1326, 29.5535, 78.8907, 10.3408],
      [2.1732, 0.4474, 3.319, 0.6449, 0.7182, 0.6496, 0.323, 0.4306, 1.1735, 0.6331, 0.8417, 0.3983, 0.4156, 0.443, 0.6074, 0.2909, 0.5083, 0.6052, 0.4278, 0.2809, 0.4903, 0.6181, 0.2882, 1.7634, 1.5686, 0.232, 1.4271, 1.7945, 0.7964, 0.9604, 0.8535, 0.5839, 1.0432, 0.9677, 0.5227, 3.3926, 1.3955, 3.4364, 0.3265]
    ],
    [
      [27.2862, 9.0629, 62.8737, 18.6028, 6.8105, 10.0155, 4.8908, 6.5363, 18.4622, 8.2611, 10.2501, 1.5178, 17.7917, 6.2731, 17.3151, 3.8995, 17.5671, 9.8652, 12.8049, 3.8374, 16.6136, 13.2214, 1.8499, 16.9818, 18.7889, 0.5707, 14.5147, 15.9036, 10.5452, 7.293, 9.8616, 7.0186, 6.0898, 3.5569, 5.6835e-16, 34.225, 5.3046, 41.5895, 1.6259],
      [0.6731, 0.0875, 1.8822, 0.0652, 0.5362, 0.718, 0.1487, 0, 0.6817, 0.9512, 0.1052, 0.2449, 0, 0.1132, 0, 0, 0, 0, 0, 0, 0, 0.7636, 0.1421, 0, 0, 0.0916, 0, 0.1221, 0, 0, 0, 0, 0.0958, 0.2415, 0.0106, 0.7031, 0.2145, 1.0596, 0.2068],
      [69.0885, 19.1437, 96.7958, 26.7444, 32.7332, 50.6288, 11.8725, 24.5334, 45.693, 18.6548, 41.1855, 9.7603, 45.5882, 20.6887, 32.0611, 15.4083, 38.0384, 35.3339, 38.8439, 10.4608, 34.6004, 28.1127, 4.9938, 64.6427, 64.1699, 9.0762, 62.2181, 64.1622, 43.5452, 28.6432, 46.6442, 30.1073, 18.4126, 13.7337, 3.5819, 73.0875, 14.6659, 101.9195, 10.8403],
      [67.9523, 18.7059, 123.4484, 26.5876, 33.9202, 39.6376, 11.0881, 25.9303, 50.1631, 29.1328, 36.4593, 12.477, 40.62, 17.925, 26.6239, 12.6923, 37.3945, 35.8008, 43.3513, 13.7018, 25.786, 34.9023, 7.0142, 50.3755, 50.0412, 8.2615, 52.2672, 54.8121, 30.9096, 28.0638, 45.4942, 16.8741, 18.4018, 14.4679, 6.4075, 68.9844, 23.8149, 154.4314, 12.327]
    ]
  ],
  "V_est": [
    [444.2388, 141.5116, 15967.6321, 903.6176],
    [159.2475, 8731.4476, 108.9643, 1032.3406],
    [8.0354, 31.1825, 1326.9891, 37.793],
    [499.4783, 9.8583, 1400.4146, 1407.2488]
  ],
  "p_est": [
    [0.0254, 0.0081, 0.9147, 0.0518],
    [0.0159, 0.8704, 0.0109, 0.1029],
    [0.0057, 0.0222, 0.9451, 0.0269],
    [0.1506, 0.003, 0.4222, 0.4243]
  ],
  "EI_Z": {},
  "EI_V": 7.8898,
  "MAE_Z": {},
  "MAE_V": 317.6639,
  "MAE_p": 0.0919,
  "runtime": 0.002
}
