{
  "X": [
    [47, 159, 467, 810, 152],
    [20, 62, 171, 360, 69],
    [2, 4, 10, 25, 1],
    [34, 55, 149, 822, 85],
    [32, 38, 151, 738, 54],
    [43, 90, 151, 855, 64],
    [21, 189, 346, 630, 90],
    [22, 144, 287, 629, 67],
    [21, 143, 298, 429, 66],
    [72, 100, 450, 1054, 188],
    [6, 5, 15, 27, 2],
    [0, 0, 3, 11, 9],
    [4, 4, 28, 42, 3],
    [42, 57, 127, 457, 31],
    [47, 75, 295, 784, 99],
    [18, 43, 123, 317, 37],
    [44, 70, 165, 906, 81],
    [60, 76, 175, 823, 77],
    [15, 29, 62, 245, 45],
    [0, 1, 3, 27, 2],
    [21, 39, 123, 453, 77],
    [43, 75, 240, 1054, 105],
    [51, 112, 324, 1245, 119],
    [2, 7, 55, 77, 16],
    [14, 22, 41, 160, 16],
    [18, 99, 241, 427, 47],
    [5, 0, 11, 13, 3],
    [15, 80, 117, 370, 29],
    [51, 63, 260, 484, 96],
    [70, 81, 432, 1002, 169],
    [22, 23, 82, 474, 29],
    [45, 73, 180, 755, 91],
    [15, 21, 106, 254, 39],
    [38, 74, 176, 709, 92],
    [29, 34, 159, 321, 34],
    [5, 5, 10, 56, 3],
    [19, 16, 38, 236, 17],
    [99, 227, 610, 2277, 242],
    [14, 16, 56, 134, 14],
    [13, 56, 105, 353, 42],
    [102, 274, 495, 1489, 159],
    [52, 61, 144, 375, 16]
  ],
  "W": [
    [223, 358, 838, 109, 107],
    [76, 140, 367, 44, 55],
    [3, 10, 26, 2, 1],
    [106, 103, 819, 57, 60],
    [76, 112, 746, 31, 48],
    [109, 116, 828, 48, 102],
    [269, 244, 621, 72, 70],
    [220, 176, 623, 57, 73],
    [196, 188, 451, 56, 66],
    [126, 412, 1112, 92, 122],
    [5, 16, 28, 3, 3],
    [1, 8, 10, 2, 2],
    [6, 26, 43, 4, 2],
    [82, 95, 473, 19, 45],
    [144, 212, 771, 80, 93],
    [74, 97, 317, 19, 31],
    [112, 140, 877, 50, 87],
    [89, 159, 831, 42, 90],
    [26, 58, 268, 16, 28],
    [2, 2, 26, 2, 1],
    [45, 108, 470, 43, 47],
    [118, 193, 1032, 83, 91],
    [143, 278, 1242, 91, 97],
    [8, 57, 72, 12, 8],
    [26, 40, 163, 9, 15],
    [135, 164, 452, 37, 44],
    [4, 9, 14, 0, 5],
    [120, 73, 366, 18, 34],
    [64, 253, 527, 42, 68],
    [129, 385, 997, 106, 137],
    [36, 65, 459, 30, 40],
    [96, 125, 803, 57, 63],
    [27, 95, 254, 28, 31],
    [98, 155, 708, 58, 70],
    [55, 134, 343, 17, 28],
    [7, 7, 58, 1, 6],
    [19, 35, 240, 11, 21],
    [367, 441, 2225, 200, 222],
    [21, 55, 132, 9, 17],
    [69, 96, 345, 29, 30],
    [355, 407, 1536, 93, 128],
    [96, 101, 392, 17, 42]
  ],
  "method": "mvn_cdf",
  "mvncdf_method": "genz",
  "mvncdf_samples": 5000,
  "mvncdf_error": 1e-06,
  "cond_prob": [
    [
      [0.001647091907, 0.58057918258, 0.36509985402, 0.05202937848, 0.00064449300803],
      [0.026017069506, 0.039839514877, 0.79177270622, 0.01770261876, 0.12466809063],
      [0.032884045108, 0.016316990988, 0.044372802672, 0.86110530058, 0.045320860648],
      [2.0107416891e-05, 0.0034844201083, 0.37789513414, 0.23341301936, 0.38518731897],
      [0.091210898253, 0.011353791766, 0.22199182676, 0.42066962694, 0.25477385628]
    ],
    [
      [0.0015069981579, 0.63507699126, 0.31106474413, 0.051706213555, 0.00064505289812],
      [0.02691640611, 0.048617696743, 0.76329931095, 0.019875258563, 0.14129132764],
      [0.030841236606, 0.016490258493, 0.040096699311, 0.86769993774, 0.044871867847],
      [1.9482987955e-05, 0.0039725923151, 0.34020714148, 0.24582121483, 0.40997956839],
      [0.087228730887, 0.012744585296, 0.19659223711, 0.43683238122, 0.26660206549]
    ],
    [
      [0.00094636455735, 0.84754061277, 0.12407442363, 0.027339605334, 9.8993716895e-05],
      [0.041693172564, 0.092293322586, 0.78940497585, 0.02492396232, 0.051684566676],
      [0.055347635694, 0.019098813521, 0.029969200063, 0.89558435072, 0],
      [3.6783758194e-05, 0.0085189376423, 0.39366932212, 0.40315567804, 0.19461927844],
      [0.14111708511, 0.020837909013, 0.16718912469, 0.57723708597, 0.093618795208]
    ],
    [
      [0.0034786795199, 0.46617981022, 0.39080862242, 0.13833499187, 0.0011978959697],
      [0.0452930511, 0.026240316044, 0.69847646896, 0.038768585934, 0.19122157797],
      [0.028412453474, 0.0030815480986, 0.018879330076, 0.91577672259, 0.033849945758],
      [2.4341643394e-05, 0.0015938537974, 0.23115539618, 0.35578048319, 0.41144592519],
      [0.094914813983, 0.0044591667485, 0.11655301344, 0.55071171941, 0.23336128642]
    ],
    [
      [0.0033549165864, 0.43594171437, 0.43020092219, 0.12963981156, 0.00086263530333],
      [0.043180271567, 0.024217517821, 0.76060506021, 0.035909481013, 0.13608766939],
      [0.029581887011, 0.0025255676299, 0.023371964041, 0.91845203263, 0.026068548689],
      [2.6507840703e-05, 0.0016798894358, 0.28729168096, 0.3765573453, 0.33444457646],
      [0.10083180148, 0.0045816184925, 0.1411549143, 0.56847955005, 0.18495211568]
    ],
    [
      [0.0023691255371, 0.66034542629, 0.24906613041, 0.087719528162, 0.00049978960409],
      [0.04994425516, 0.059994708992, 0.7212025643, 0.039803276332, 0.12905519522],
      [0.031164624171, 0.011812161488, 0.017423608003, 0.91886656443, 0.020733041904],
      [3.0322439711e-05, 0.0041149912153, 0.26976483045, 0.41265810859, 0.3134317473],
      [0.10923987674, 0.010636990207, 0.12565524547, 0.59012045895, 0.16434742863]
    ],
    [
      [0.0012028987516, 0.61836468343, 0.32231522125, 0.057596629641, 0.00052056692749],
      [0.021568353566, 0.048176008717, 0.79365781414, 0.022243119714, 0.11435470386],
      [0.016883851097, 0.015646842192, 0.039769891775, 0.89225623698, 0.035443177959],
      [1.6192710356e-05, 0.0040896063275, 0.36757839587, 0.28499595656, 0.34331984853],
      [0.070395779417, 0.01276876247, 0.20688502198, 0.49240504831, 0.21754538783]
    ],
    [
      [0.0013381031211, 0.57616647042, 0.36060442025, 0.061410737942, 0.00048026826081],
      [0.022088098455, 0.041292091302, 0.81766687061, 0.021832352502, 0.097120587135],
      [0.019833780179, 0.014347318176, 0.040145661826, 0.89618180808, 0.029491431735],
      [1.7395344768e-05, 0.0036751164567, 0.39694781653, 0.29344960147, 0.30591007019],
      [0.074803772588, 0.011343939407, 0.22083404736, 0.50135958756, 0.19165865308]
    ],
    [
      [0.0010115104437, 0.61915537925, 0.34476555362, 0.034680299291, 0.00038725739621],
      [0.017885245943, 0.047459206028, 0.837560477, 0.013208150024, 0.083886921009],
      [0.027129701253, 0.025114998205, 0.059519655537, 0.84705680749, 0.041178837513],
      [1.6515469037e-05, 0.0049524010727, 0.47686102563, 0.20813505375, 0.31003500408],
      [0.07883178158, 0.016954792165, 0.29419696565, 0.39456584767, 0.21545061294]
    ],
    [
      [0.0024112800515, 0.55819114625, 0.37248596305, 0.066042418778, 0.00086919186731],
      [0.035440778858, 0.035574083471, 0.75163022771, 0.020906921534, 0.15644798842],
      [0.03960796534, 0.012311887068, 0.037599051243, 0.86534800502, 0.04513309133],
      [2.4435156343e-05, 0.0027763005741, 0.32007429341, 0.24592532541, 0.43119964545],
      [0.1069530519, 0.0087307795887, 0.18146012182, 0.42764665608, 0.2752093906]
    ],
    [
      [0.010128474232, 0.72083916096, 0.21713522745, 0.051674177104, 0.00022296025129],
      [0.22499761701, 0.04951161599, 0.64400264429, 0.023238390475, 0.058249732237],
      [0.030449108009, 0.020201054886, 0.079983211064, 0.86305262888, 0.006313997162],
      [0.00020697594139, 0.0051602177583, 0.36354091403, 0.40046258328, 0.23062930899],
      [0.49873326822, 0.0075027164216, 0.093376300731, 0.33431783614, 0.066069878483]
    ],
    [
      [0, 0, 0.45220394243, 0.52080161753, 0.026994440044],
      [0, 0, 0.12535692326, 0.18870293293, 0.68594014381],
      [0, 0, 0.14764021666, 0.85235978334, 0],
      [0, 0, 0.014696507214, 0.055104129888, 0.9301993629],
      [0, 0, 0.019572745223, 0.16788441293, 0.81254284184]
    ],
    [
      [0.0034449296425, 0.48121192812, 0.43556660538, 0.07939335343, 0.00038318342606],
      [0.048040628308, 0.025102717634, 0.83840560803, 0.023300658265, 0.065150387763],
      [0.056181733018, 0.010192166209, 0.034918076518, 0.89478412369, 0.0039239005682],
      [4.04478174e-05, 0.002360306257, 0.42320664899, 0.34956863793, 0.224823959],
      [0.15714888754, 0.0061767003952, 0.19687533634, 0.52191544714, 0.11788362858]
    ],
    [
      [0.0046624620861, 0.5803832477, 0.33396347184, 0.080504443451, 0.00048637492151],
      [0.076851861617, 0.041041720518, 0.75546554635, 0.028514730537, 0.098126140976],
      [0.05379306049, 0.010703118363, 0.030469892446, 0.88488575745, 0.020148171249],
      [5.6864790249e-05, 0.0034304026555, 0.34406560087, 0.3611339098, 0.29131322188],
      [0.19714562694, 0.0084857245135, 0.15325028583, 0.49504952612, 0.1460688366]
    ],
    [
      [0.0031545676898, 0.45197138923, 0.4446228514, 0.099432697996, 0.00081849368039],
      [0.040281457584, 0.025032801199, 0.77935842057, 0.027335270865, 0.12799204979],
      [0.035955228894, 0.0051043361004, 0.0305702729, 0.89631524941, 0.032054912697],
      [2.7546783838e-05, 0.0019368425264, 0.32881949507, 0.31914819412, 0.3500679215],
      [0.11056331209, 0.0055782318427, 0.17069983039, 0.50855592733, 0.20460269834]
    ],
    [
      [0.0027912078545, 0.50641669429, 0.39475153678, 0.095253442791, 0.00078711828738],
      [0.039385129142, 0.030665119849, 0.76479774197, 0.028887563116, 0.13626444592],
      [0.033873452639, 0.0072690217208, 0.027595011356, 0.89857646981, 0.032686044477],
      [2.5994045319e-05, 0.0022833212747, 0.31008771176, 0.32646552069, 0.36113745223],
      [0.10434563608, 0.0065479034682, 0.16012000593, 0.51927631579, 0.20971013874]
    ],
    [
      [0.0036144035445, 0.53277560844, 0.3246670245, 0.1380468205, 0.00089614300771],
      [0.056092443125, 0.035732727656, 0.69166304899, 0.046109886855, 0.17040189338],
      [0.03017352869, 0.0054055870252, 0.013074432566, 0.92547782611, 0.02586862561],
      [2.9529491351e-05, 0.0021265900388, 0.22438232564, 0.41456014581, 0.35890140902],
      [0.10665038655, 0.0055117317202, 0.10481692823, 0.59438288685, 0.18863806665]
    ],
    [
      [0.0034532889198, 0.64210893825, 0.26809811923, 0.08573198904, 0.00060766456175],
      [0.066008680997, 0.052832440725, 0.70363557819, 0.035263970132, 0.14225932995],
      [0.04324635604, 0.011355085645, 0.02009205576, 0.89779878121, 0.027507721348],
      [4.0959001936e-05, 0.0037061001817, 0.26919212041, 0.37376869435, 0.35329212606],
      [0.14730927623, 0.0095579337966, 0.12509603403, 0.53326454865, 0.18477220729]
    ],
    [
      [0.0014714403044, 0.74037944782, 0.21515247046, 0.042208112314, 0.00078852910219],
      [0.032876595943, 0.068273987249, 0.66157271431, 0.02026407277, 0.21701262973],
      [0.039007914994, 0.019709159157, 0.037150248506, 0.8525107091, 0.051621968249],
      [2.0094451577e-05, 0.004686825368, 0.24765253124, 0.21199641916, 0.53564412977],
      [0.092873473494, 0.0154714013, 0.14700397281, 0.38794500411, 0.35670614829]
    ],
    [
      [0, 0.45355672647, 0.37665023147, 0.16777460154, 0.0020184405133],
      [0, 0.016664536919, 0.76510410399, 0.04751504281, 0.17071631629],
      [0, 0.002110821499, 0.0092530475618, 0.95955794566, 0.029078185274],
      [0, 0.00088690413327, 0.19281739318, 0.44890229954, 0.35739340314],
      [0, 0.0029023059703, 0.090277306114, 0.72310952493, 0.18371086298]
    ],
    [
      [0.0018924248655, 0.61646296685, 0.30982776912, 0.070846154628, 0.0009706845384],
      [0.031258828728, 0.043345982898, 0.70338991957, 0.025181297845, 0.19682397096],
      [0.029001995867, 0.012792717015, 0.031666443845, 0.88209294024, 0.044445903037],
      [1.8861649479e-05, 0.0029512996798, 0.2610653091, 0.25961237646, 0.4763521531],
      [0.083130601489, 0.0093259033103, 0.14856600377, 0.45415593139, 0.30482156004]
    ],
    [
      [0.0027320685409, 0.52077154308, 0.35855133642, 0.11712466948, 0.00082038248641],
      [0.040902657259, 0.033759655449, 0.73712964766, 0.037757601328, 0.1504504383],
      [0.025618590744, 0.0060930689729, 0.02062252313, 0.91985738909, 0.027808428058],
      [2.3998728815e-05, 0.0022402680229, 0.26672782011, 0.37811630833, 0.3528916048],
      [0.091681599115, 0.0061467581226, 0.13191282818, 0.57379772316, 0.19646109143]
    ],
    [
      [0.0021008459153, 0.59724872566, 0.3107357935, 0.089300413479, 0.00061422144523],
      [0.036980806153, 0.045571401813, 0.75118553911, 0.033855011717, 0.13240724121],
      [0.025452658559, 0.010261595757, 0.023883637987, 0.91369266822, 0.026709439475],
      [2.3471849888e-05, 0.0032720714184, 0.29423822114, 0.36664890415, 0.33581733144],
      [0.090768835611, 0.0090919803891, 0.14738190881, 0.56337116913, 0.18938610606]
    ],
    [
      [0.0013092630105, 0.53578369911, 0.37410510646, 0.088100084974, 0.00070184644786],
      [0.019913290841, 0.032412839525, 0.78708623961, 0.028706245234, 0.13188138479],
      [0.0056905015568, 0.010831006797, 0.02761409483, 0.92049148478, 0.035372912032],
      [1.3189100146e-05, 0.0023978037498, 0.31612011952, 0.32930114307, 0.35216774456],
      [0.055574242088, 0.0071990524822, 0.17019840355, 0.55399284006, 0.21303546182]
    ],
    [
      [0.0038607225109, 0.67396218301, 0.24235692577, 0.079271939875, 0.00054822883538],
      [0.079961472706, 0.057121233898, 0.68845164969, 0.035077176407, 0.1393884673],
      [0.04947998957, 0.012314411583, 0.018668756105, 0.89140523503, 0.028131607714],
      [5.0054109499e-05, 0.0040130024515, 0.26299285971, 0.37914786471, 0.35379621902],
      [0.17569823464, 0.0099178517154, 0.116714064, 0.521630561, 0.17603928865]
    ],
    [
      [0.0010771763398, 0.6022479431, 0.35577693889, 0.040523133802, 0.00037480786878],
      [0.018554766061, 0.04484878326, 0.84245530903, 0.015032055347, 0.079109086302],
      [0.025152547079, 0.021011262532, 0.05504627735, 0.86615792712, 0.032631985919],
      [1.6909524978e-05, 0.0046153701987, 0.47287292471, 0.233881189, 0.28861360657],
      [0.078227787001, 0.015306087859, 0.28250515891, 0.42970756384, 0.1942534024]
    ],
    [
      [0.03805671895, 0, 0.73560210098, 0.091985750487, 0.13435542958],
      [0.19637276712, 0, 0.62797541966, 0.015061390799, 0.16059042242],
      [0, 0, 0.14017709632, 0.82891383436, 0.030909069319],
      [0.00023600894911, 0.00037643968326, 0.35314964273, 0.21439730168, 0.43184060696],
      [0.61608364402, 0, 0.088666694131, 0.17834215996, 0.11690750188]
    ],
    [
      [0.0018342330359, 0.6008533335, 0.31825039118, 0.078548108792, 0.00051393349248],
      [0.032674655205, 0.046116249191, 0.77881851492, 0.030093764215, 0.11229681647],
      [0.025601590782, 0.011263946164, 0.028188233039, 0.91008658271, 0.024859647306],
      [2.2555711737e-05, 0.0035871691557, 0.33002782839, 0.35531727267, 0.31104517407],
      [0.088942764017, 0.010115895548, 0.16761197841, 0.55558770523, 0.1777416568]
    ],
    [
      [0.0026597338864, 0.63663961886, 0.31357784374, 0.04647163842, 0.00065116509358],
      [0.046322474388, 0.047591261664, 0.74976660732, 0.017415860397, 0.13890379623],
      [0.054851344013, 0.017446130085, 0.042473326672, 0.83715677915, 0.04807242008],
      [3.5032545971e-05, 0.0040709890563, 0.34999855697, 0.22502896573, 0.4208664557],
      [0.15003031396, 0.012490927884, 0.19348064411, 0.38215828365, 0.2618398304]
    ],
    [
      [0.0031454330528, 0.48570747013, 0.4186507541, 0.091575282183, 0.0009210605323],
      [0.04140367448, 0.027742014552, 0.75644729939, 0.025958987504, 0.14844802407],
      [0.038294869692, 0.006619000244, 0.031382564656, 0.88593022485, 0.03777334056],
      [2.7479526074e-05, 0.0020844267586, 0.31006449009, 0.2940161551, 0.39380744852],
      [0.11292647116, 0.0061530530724, 0.16501160251, 0.47995935617, 0.23594951709]
    ],
    [
      [0.0034672985605, 0.51006564486, 0.35140720168, 0.13442300154, 0.00063685335924],
      [0.053625576563, 0.033525625879, 0.74742546654, 0.044685461977, 0.12073786904],
      [0.030494498517, 0.0047292173781, 0.017197903181, 0.93253195435, 0.015046426571],
      [3.1343712744e-05, 0.0022101187, 0.26800232285, 0.44699040201, 0.28276581273],
      [0.10978999111, 0.0055364191361, 0.12081945423, 0.62035844519, 0.14349569033]
    ],
    [
      [0.002504310765, 0.59328374048, 0.33546678366, 0.067982261713, 0.00076290337688],
      [0.040426532913, 0.041282204456, 0.7437391073, 0.023624650939, 0.15092750439],
      [0.040407788743, 0.012581507923, 0.032916120827, 0.87317752349, 0.04091705902],
      [2.7486207773e-05, 0.0031723357038, 0.31163881432, 0.27421170736, 0.41094965641],
      [0.11519442029, 0.0095351009368, 0.16877369708, 0.45601591791, 0.25048086378]
    ],
    [
      [0.0023005259765, 0.54554336718, 0.37334308094, 0.078093419448, 0.00071960645849],
      [0.034622635678, 0.034580407826, 0.77264871694, 0.02525460724, 0.13289363231],
      [0.033679598732, 0.010475814083, 0.031016583272, 0.88893041989, 0.035897584021],
      [2.3965498957e-05, 0.0026985436938, 0.32835448575, 0.29950169914, 0.36942130591],
      [0.099788590237, 0.0080249787814, 0.17567648234, 0.4941263148, 0.22238363384]
    ],
    [
      [0.0026852681891, 0.60486222808, 0.29891322847, 0.092696162328, 0.00084311292706],
      [0.045778001287, 0.044437540983, 0.69961826387, 0.034010427942, 0.17615576592],
      [0.032949233497, 0.010015654823, 0.020963025233, 0.90148979371, 0.034582292738],
      [2.6578558986e-05, 0.002916023967, 0.25035039716, 0.33727579124, 0.40943120908],
      [0.10445220923, 0.0082209970093, 0.12719325443, 0.52610557032, 0.23402796901]
    ],
    [
      [0.0036020692294, 0.48417174027, 0.44172103706, 0.069912277849, 0.00059287558997],
      [0.04796832949, 0.027618318851, 0.80771382832, 0.020006345689, 0.096693177655],
      [0.052418627228, 0.0099786499026, 0.040110457746, 0.86684607513, 0.030646189989],
      [3.8960939478e-05, 0.002535251134, 0.40388050124, 0.27826800415, 0.31527728253],
      [0.15692423448, 0.0072829776178, 0.20885122997, 0.4434005198, 0.18354103813]
    ],
    [
      [0.0043426184915, 0.59732429481, 0.31334040166, 0.084544993811, 0.00044769123461],
      [0.075945238672, 0.036998093791, 0.75974527148, 0.031088869683, 0.096222526377],
      [0.056483196031, 0.0088908852075, 0.023760988699, 0.88995217165, 0.020912758411],
      [5.4343508998e-05, 0.0028864334884, 0.31487773164, 0.39247820422, 0.28970328714],
      [0.19365088109, 0.0068642507154, 0.13256420197, 0.5301431326, 0.13677753362]
    ],
    [
      [0.0049248919681, 0.62497097053, 0.26853164104, 0.10098136172, 0.00059113473652],
      [0.091501467487, 0.047466794994, 0.68611788868, 0.040155304133, 0.13475854471],
      [0.049345561527, 0.0094567742066, 0.016101898227, 0.90265064381, 0.022445122228],
      [5.5140031315e-05, 0.0032139048095, 0.25228281864, 0.41643597893, 0.32801215759],
      [0.18382544685, 0.0075826177408, 0.10686695891, 0.54566515236, 0.15605982414]
    ],
    [
      [0.0025727986087, 0.52739194641, 0.36512680684, 0.10413804317, 0.00077040496787],
      [0.03859279261, 0.034473454127, 0.75181477505, 0.033655313674, 0.14146366454],
      [0.027077975591, 0.0073020382178, 0.024361683813, 0.91221822173, 0.029040080654],
      [2.401125123e-05, 0.0024285395711, 0.28901321799, 0.35706190002, 0.35147233117],
      [0.093617402839, 0.0068090966134, 0.14612953158, 0.55333973641, 0.20010423255]
    ],
    [
      [0.0045626040584, 0.58530800153, 0.31995390584, 0.089650141765, 0.00052534680984],
      [0.077079278213, 0.040555233087, 0.7413668678, 0.032337024906, 0.10866159599],
      [0.049534986782, 0.0099974758323, 0.025630146004, 0.89385498091, 0.020982410469],
      [5.2895811343e-05, 0.0031318692535, 0.31119793816, 0.38400709949, 0.30161019728],
      [0.1838665115, 0.0076553244071, 0.13657820779, 0.52316995748, 0.14872999882]
    ],
    [
      [0.0016553170807, 0.66258475908, 0.25410266083, 0.081052082168, 0.00060518084261],
      [0.034079257327, 0.058217154566, 0.71888332631, 0.035878526567, 0.15294173523],
      [0.02094606467, 0.012319831078, 0.019790650649, 0.91670903993, 0.030234413673],
      [2.0339530499e-05, 0.0039147200312, 0.26345374723, 0.36650659045, 0.36610460276],
      [0.079573075352, 0.010964539404, 0.13287279779, 0.56899192937, 0.20759765808]
    ],
    [
      [0.002590829, 0.6459827788, 0.2833124296, 0.067562117072, 0.00055184553264],
      [0.049351903323, 0.053547200455, 0.74070032221, 0.027719592274, 0.12868098174],
      [0.041785635057, 0.013678708929, 0.028278442119, 0.88505574467, 0.031201469225],
      [3.4016747408e-05, 0.0041782790645, 0.31541060042, 0.32594495364, 0.35443215012],
      [0.13131353161, 0.011588484942, 0.15773580796, 0.49980523346, 0.19955694201]
    ],
    [
      [0.0084606517743, 0.54695176591, 0.37003782588, 0.074201488957, 0.00034826748511],
      [0.1255838797, 0.034871420662, 0.75278457965, 0.023637231185, 0.063122888802],
      [0.063170392828, 0.011746217373, 0.048343700466, 0.87221807613, 0.0045216132019],
      [0.00011143671944, 0.0035008672104, 0.41183713805, 0.35962335643, 0.22492720158],
      [0.32712183732, 0.0072996436527, 0.15459914859, 0.41586223352, 0.095117136915]
    ]
  ],
  "expected_outcome": [
    [
      [0.36730149525, 0.11453186, 0.0028390936721, 0.36874002911, 0.25497366057, 0.25823468355, 0.32357976418, 0.29438268664, 0.19825604696, 0.30382128649, 0.050642371162, 0, 0.020669577855, 0.38232189106, 0.45425774733, 0.20654938123, 0.40481319699, 0.30734271387, 0.038257447914, 0, 0.085159118948, 0.32238408782, 0.30042096589, 0.010474104084, 0.10037878528, 0.14541880587, 0.1522268758, 0.22010796431, 0.17022296873, 0.40576086381, 0.12482274818, 0.24041383344, 0.062114201365, 0.26315628253, 0.19811380762, 0.03039832944, 0.093572947394, 0.94421708941, 0.095814685227, 0.11421687857, 0.91974429501, 0.81222257034],
      [129.4691577153, 48.2658513358, 2.5426218383, 49.4150598834, 33.131570292, 71.9776514651, 166.3400998435, 126.7566234927, 121.3544543333, 70.3320844276, 3.6041958048, 0, 2.8872715687, 47.5914263113, 65.0838800489, 37.4748353775, 59.6708681454, 57.1476955042, 19.2498656433, 0.90711345295, 27.7408335083, 61.4510420832, 85.4065677694, 4.2862695928, 17.5230167583, 81.3034723179, 0, 72.1024000197, 40.7449356073, 62.6562636469, 18.3623632149, 56.9552390865, 14.7296709138, 59.2764983522, 26.6294457148, 4.1812700636, 11.8744484402, 193.552844333, 12.2914680321, 45.7183483767, 229.3238864736, 52.507369527],
      [81.4172674475, 23.6409205538, 0.37222327088, 41.4257139765, 32.6952700861, 27.1482082149, 86.7027945154, 79.3329724561, 67.5740485092, 46.9332313446, 1.0856761373, 0.45220394243, 2.6133996323, 27.3850046911, 64.0256906023, 29.2116137215, 36.3627067443, 23.8607326114, 5.593964232, 0.75330046294, 13.9422496102, 42.309057697, 44.4352184706, 2.9928408517, 6.30128007, 48.0298867507, 2.9424084039, 38.1900469418, 20.0689819991, 54.0059472791, 12.6506592604, 32.2048112314, 10.0802631854, 29.2934963902, 24.2946570384, 2.1933828116, 5.1021011797, 134.0015381117, 6.7190320226, 17.533083597, 100.5759125069, 35.5236312843],
      [11.6025514012, 3.9296722301, 0.082018816003, 14.6635091382, 9.8526256783, 9.5614285696, 15.4934933734, 13.5103623472, 6.7973386609, 8.321344766, 0.25837088552, 0.52080161753, 0.47636012058, 6.601364363, 14.3183085115, 7.0487547665, 15.4612438964, 7.6301470245, 1.0974109202, 0.33554920308, 3.1880769583, 13.8207109986, 12.7699591275, 0.70480067979, 2.0610704368, 5.4706230633, 0.36794300195, 9.425773055, 2.9741848589, 11.8132114015, 4.8392280556, 6.5262971245, 2.1085223251, 9.0842239082, 3.8451752817, 0.59181495667, 1.9186458728, 38.2186618427, 1.8826529771, 5.5925936696, 23.9845515604, 7.1233429398],
      [0.14372194079, 0.049024020257, 0.00029698115069, 0.12697697279, 0.065560283053, 0.054477066846, 0.1400325035, 0.10565901738, 0.075902449656, 0.10951817528, 0.0011148012564, 0.026994440044, 0.0022991005563, 0.039882743564, 0.11786308998, 0.058246753266, 0.10036801686, 0.054082145996, 0.020501756657, 0.0040368810266, 0.043680804228, 0.096805133396, 0.087833666668, 0.0056147715829, 0.01425394972, 0.050599062285, 0.53742171831, 0.061672019097, 0.041674565989, 0.11881680867, 0.022926720933, 0.07323872418, 0.019429374379, 0.082625066852, 0.032608157449, 0.0031338386423, 0.011231559994, 0.28273862321, 0.011032283007, 0.04175747814, 0.19590516409, 0.033433678571]
    ],
    [
      [9.3141108831, 3.7682968554, 0.41693172564, 4.6651842633, 4.8361904155, 5.7935335986, 5.2626782701, 3.8875053281, 3.3624262373, 14.6016008897, 3.5999618721, 0, 1.249056336, 7.3009268536, 8.5396690078, 3.8203575268, 7.8529420375, 10.4953802786, 1.9068425647, 0, 3.3759535026, 7.8942128509, 10.2806641106, 1.1350575779, 3.1984589082, 3.042981634, 1.7673549041, 2.38524983, 11.7195860202, 15.940414675, 3.4856624766, 5.0533166141, 3.2891503894, 7.0955901995, 6.4277561517, 0.5316166707, 3.202551362, 17.0194215411, 4.2393603017, 3.2716087034, 20.0862246526, 12.6839718494],
      [14.2625463261, 6.806477544, 0.92293322586, 2.7027525525, 2.712361996, 6.9593862431, 11.7549461271, 7.2674080691, 8.9223307333, 14.6565223902, 0.79218585585, 0, 0.6526706585, 3.8989634492, 5.3069538542, 2.9745166253, 5.0025818718, 8.4003580753, 3.9598912604, 0.033329073838, 4.681366153, 6.5156135017, 12.6688497041, 1.8475318529, 2.2848493559, 7.3552004547, 0, 3.3664861909, 12.0405892011, 10.6806756025, 2.1791656821, 5.160275557, 3.2851387434, 6.8878188523, 3.700854726, 0.25898665654, 1.6613378248, 15.2027932699, 2.2305378198, 5.5888468383, 21.7937105853, 3.5220134868],
      [283.4546288279, 106.8619035327, 7.8940497585, 71.9430763024, 85.1877667431, 83.6594974584, 193.6525066511, 143.9093692267, 157.4613696752, 309.6716538173, 10.3040423087, 1.0028553861, 21.7985458088, 71.7692269034, 165.2239851598, 74.1853809714, 96.832826858, 111.8780569324, 38.37121743, 1.530208208, 75.966111314, 142.2660219991, 208.8295798718, 44.863915658, 27.5380659876, 138.1626706809, 5.6517787769, 56.8537515891, 189.6909516531, 291.2322102653, 48.582655325, 92.9673884123, 73.4016281097, 108.4408308996, 108.2336529942, 5.3182169003, 24.0141261037, 331.5503157962, 40.775177729, 69.0127993257, 301.4650311398, 76.0312425451],
      [6.337537516, 2.7825361988, 0.2492396232, 3.9931643512, 4.0218618734, 4.6171800545, 5.4273212102, 3.8424940404, 2.4831322045, 8.6136516719, 0.37181424759, 1.5096234635, 0.60581711488, 2.7088994011, 5.7950774233, 2.8020936222, 6.4553841597, 5.6069712509, 1.1753162207, 0.095030085619, 2.7195801673, 7.2872170563, 9.4116932573, 1.6362559783, 1.4030870563, 2.4652570769, 0.13555251719, 2.1968447877, 4.4062126804, 9.9942101892, 2.9045550285, 2.9530813674, 2.3991876878, 5.2716163311, 2.6808503223, 0.21762208778, 1.4054356447, 14.8419933302, 1.7785363698, 3.4443385505, 11.2818740556, 2.3873603497],
      [44.6311764469, 19.7807858691, 0.51684566676, 19.6958225306, 15.241818972, 14.9704026454, 27.9025477415, 17.0932233357, 15.7707411496, 64.456571231, 0.93199571579, 5.4875211505, 1.6939100818, 9.3219833927, 27.1343145548, 13.2176512542, 23.8562650729, 22.6192334628, 12.5867325242, 0.34143263257, 21.2569888632, 29.0369345919, 36.8092130562, 7.5172389329, 5.5755386919, 12.9738901535, 1.4453138018, 8.1976676023, 35.1426604452, 57.1524892679, 7.8479614878, 18.8659380493, 12.6248950696, 27.3041437175, 12.9568858058, 0.67355768464, 4.7165490648, 62.3854760626, 5.9763877796, 14.6824065822, 52.3731595667, 6.375411769]
    ],
    [
      [27.5568298001, 11.3187338344, 1.4390385281, 23.2697993949, 22.0680877101, 25.8043088135, 10.4848715314, 12.3564450517, 12.2354952651, 44.0440574575, 0.85257502424, 0, 2.4158145198, 25.444117612, 27.7214814776, 10.7378844867, 26.4621846611, 35.9377218689, 10.4541212183, 0, 13.6309380576, 26.4383856473, 31.6122019309, 0.40971611209, 8.0652382999, 11.3689512797, 0, 9.3701822263, 28.9066582949, 38.1799850829, 13.9969748194, 32.4474543605, 8.5546180779, 23.3280573155, 17.9795891392, 3.2760253698, 11.8429347664, 60.2484956889, 6.5386182553, 7.2263923111, 64.1827354481, 24.7627939884],
      [13.6736384479, 6.0519248671, 0.49656915155, 2.5237878927, 1.8840734519, 9.7804697123, 9.716689001, 8.9383792234, 11.3268641904, 13.6908184195, 0.5656295368, 0, 0.43826314698, 5.0625749859, 3.9354431334, 2.3042798855, 4.7406998211, 9.4360761711, 5.282054654, 0.054881358975, 6.0125769969, 6.2880471801, 12.7449019297, 0.77983248937, 2.007249088, 9.4970906643, 0, 4.1226042959, 9.194110555, 6.5991432433, 2.1707107766, 10.1029508624, 2.6608567771, 7.0910836147, 3.4226769166, 0.51567134203, 2.2696258096, 16.2470350347, 1.3196668099, 4.2503417219, 21.0104969155, 4.6045172102],
      [37.1844086392, 14.7154886471, 0.77919920165, 15.4621713325, 17.4354851746, 14.4267474268, 24.6971027925, 25.0107473173, 26.8433646472, 41.8101449821, 2.2395299098, 1.4764021666, 1.5014772903, 14.4122591268, 23.5696804062, 8.7476185997, 11.4662773601, 16.6964983368, 9.9562665995, 0.24057923661, 14.8832286072, 21.2824438706, 29.6634783793, 1.9882148278, 3.043007245, 24.8809173623, 1.9624793485, 10.3168932923, 22.3834431559, 31.2884169624, 7.89383756, 26.4316450238, 7.8782121512, 14.8418218652, 13.7578870069, 1.3781373446, 3.8644555745, 54.2047464829, 3.3831792725, 6.827774474, 43.4356870946, 18.9507305828],
      [721.6062418898, 318.4458771515, 23.2851931187, 750.0211358043, 685.1652163415, 760.8215153508, 554.0911231624, 558.3212664367, 382.0226201788, 962.2669815819, 24.1654736086, 8.5235978334, 38.4757173185, 418.5509632744, 691.0590572935, 284.8487409288, 811.6440534973, 746.070787183, 228.4728700375, 24.9485065873, 414.583681911, 949.2928255459, 1134.8062939318, 66.2753869045, 145.2990533096, 391.5033830581, 11.604793681, 333.0916892713, 441.1816226118, 883.2724341736, 428.0321670479, 701.1615513602, 225.7883266524, 638.2547739463, 297.3282037711, 51.6172259557, 216.6361545147, 2029.6855433391, 117.9888574805, 316.2646187758, 1359.4456238117, 341.9094858434],
      [37.9788812231, 16.4679754999, 0, 27.7231055756, 19.4471373219, 17.1669586966, 22.0102135128, 18.3731619709, 18.5716557185, 50.1879975589, 0.17679192054, 0, 0.16872772443, 9.5300850009, 24.7143376894, 10.3614760993, 22.6867846604, 22.8589164402, 13.8346874907, 0.75603281714, 20.8895744274, 28.6982977561, 33.1731238282, 2.5468496663, 4.5854520575, 14.7496576356, 0.43272697046, 9.0986309141, 25.3341653823, 37.6600205379, 6.9063097961, 32.8563983931, 9.1179863413, 24.4842632582, 10.5116431661, 1.2129399878, 5.3868293348, 64.6141794544, 2.7696781819, 10.4308727172, 47.9254567301, 1.7724723751]
    ],
    [
      [0.0021917084411, 0.00085725147, 7.3567516388e-05, 0.0013874736735, 0.0008217430618, 0.0014554771061, 0.0011658751456, 0.00099153465176, 0.00092486626608, 0.0022480343835, 0.00062092782416, 0, 0.0001617912696, 0.0010804310147, 0.002203742707, 0.00049388686107, 0.0014764745676, 0.0017202780813, 0.00032151122524, 0, 0.00081105092759, 0.0019918944916, 0.0021359383398, 0.00015826920176, 0.00045048698549, 0.00062565242418, 0, 0.00040600281126, 0.0014713669308, 0.0029128297639, 0.00094031138231, 0.0015667138431, 0.00067103397079, 0.0015415564212, 0.00066233597113, 5.4343508998e-05, 0.00060654034447, 0.0048022502459, 0.00047606230208, 0.00058984638447, 0.0031635575089, 0.0018944242305],
      [0.3798017918, 0.17479406186, 0.017037875285, 0.090849666451, 0.052076572509, 0.19751957834, 0.29445165558, 0.20948163803, 0.27733446007, 0.25541965282, 0.015480653275, 0, 0.0094412250279, 0.065177650454, 0.15494740211, 0.043383104218, 0.10632950194, 0.15565620763, 0.074989205888, 0.0017738082665, 0.12690588623, 0.1859422459, 0.29775849907, 0.028773644998, 0.036117022063, 0.17076869735, 0, 0.064569044803, 0.17098154036, 0.22094923641, 0.066303561001, 0.18082313511, 0.075559223425, 0.16912939008, 0.043099269277, 0.0028864334884, 0.035352952905, 0.48570791422, 0.028186823282, 0.11352688091, 0.388579953, 0.059514742576],
      [41.1905696217, 14.969114225, 0.78733864424, 13.1758575824, 8.9060421098, 12.9487118618, 26.4656445026, 22.6260255425, 26.7042174354, 29.4468349935, 1.0906227421, 0.029393014428, 1.692826596, 6.5372464166, 26.3055596054, 5.8916665234, 11.2191162818, 11.3060690571, 3.9624404999, 0.38563478637, 11.2258082914, 22.1384090692, 26.7756781235, 3.7934414342, 2.3669357374, 17.4962982142, 0, 5.940500911, 14.6999393926, 32.8668359497, 8.0400696854, 17.7634124161, 9.1939256011, 14.520323035, 6.8659685211, 0.31487773164, 2.775111005, 57.8026435978, 2.8007814435, 7.6401586698, 29.3331858393, 7.0012313469],
      [25.4420191106, 10.8161334526, 0.80631135607, 20.2794875419, 11.6732777043, 19.8075892124, 20.5197088727, 16.7266272839, 11.6555630099, 22.625129938, 1.2013877498, 0.11020825978, 1.3982745517, 6.8615442861, 25.5318555299, 6.2028448931, 20.7280072904, 15.6982851627, 3.3919427066, 0.89780459909, 11.1633321879, 31.3836535916, 33.3650502779, 3.9516137169, 3.4123307824, 8.6536039928, 0, 6.395710908, 9.4512165606, 31.1657124406, 13.4097120603, 15.6300673194, 8.386047576, 19.561995892, 4.7305560706, 0.39247820422, 4.5807957682, 71.4123800039, 3.4560638954, 10.628691123, 30.3128806888, 6.1135970594],
      [41.9854177675, 18.039101009, 0.38923855688, 23.4524177356, 10.3677818704, 15.0447238704, 24.719029094, 17.436874001, 17.3619602284, 39.6703673813, 0.69188792697, 1.8603987258, 0.89929583601, 5.5349512158, 28.0054337198, 6.8616115924, 17.9450704512, 14.8382692945, 8.5703060764, 0.71478680628, 20.4831425835, 29.2900031988, 30.5593771611, 4.2260129347, 3.1841659712, 10.6787034432, 0, 5.5988131333, 17.6763911395, 41.7435895435, 8.4829743819, 23.4241304155, 10.3437965655, 23.7470101265, 5.3597138031, 0.28970328714, 3.6081337335, 70.2944662338, 2.7144917755, 10.61703348, 32.9621899613, 3.8237624269]
    ],
    [
      [9.7595661131, 4.7975801988, 0.14111708511, 5.694888839, 4.8399264708, 11.1424674273, 4.9277045592, 5.460675399, 5.2028975843, 13.0482723319, 1.4961998047, 0, 0.31429777508, 8.8715532124, 10.2823880245, 3.2347147184, 9.2785836299, 13.2578348606, 2.6004572578, 0, 3.90713827, 8.3430255195, 8.8045770543, 0.4445939367, 2.6354735196, 3.4420226281, 3.0804182201, 3.0240539766, 10.2020613492, 15.4709265486, 4.3915996444, 7.2572484782, 3.0934462973, 7.311654646, 4.3938785655, 1.1619052865, 3.8603343838, 20.7830634303, 3.1257306955, 2.3871922606, 16.8081320467, 13.7391171676],
      [1.2148557189, 0.70095219127, 0.020837909013, 0.26755000491, 0.21991768764, 1.0849730011, 0.89381337289, 0.82810757671, 1.1190162829, 1.0651551098, 0.022508149265, 0, 0.01235340079, 0.38185760311, 0.51877556137, 0.20298500752, 0.47952065966, 0.86021404169, 0.43319923641, 0.0029023059703, 0.43831745559, 0.55935498915, 0.88192209774, 0.057592419858, 0.14876777573, 0.67346786581, 0, 0.34394044863, 0.84938309613, 0.84296827092, 0.22145676544, 0.60071135902, 0.24877434222, 0.57546979065, 0.2039233733, 0.041185504293, 0.15923497256, 1.5116194482, 0.13014051492, 0.32893618213, 1.4833260726, 0.30658503341],
      [23.7531254637, 10.8125730413, 0.16718912469, 6.9931808063, 6.7754358864, 12.8168350382, 14.4819515383, 16.1208854575, 19.416999733, 22.1381348625, 0.28012890219, 0.039145490447, 0.39375067267, 6.8962628621, 15.8750842263, 4.9637201839, 9.1190727557, 11.2586430624, 4.1161112385, 0.090277306114, 6.9826021772, 12.0040673641, 14.2960451547, 1.3615872284, 1.75071096, 12.4302269919, 0.44333347066, 5.6988072658, 13.1566837993, 22.6065895434, 4.8327781692, 10.6327429163, 5.4459709526, 8.9035278099, 5.8478344393, 0.79538521185, 2.2442061371, 32.4407560114, 2.3218295325, 3.9861839336, 20.1901834193, 6.4931642409],
      [45.0116500825, 24.0257809669, 0.57723708597, 33.0427031645, 27.2870184025, 60.1922868127, 34.4683533814, 36.5992498919, 26.0413459459, 52.1728920422, 1.0029535084, 0.33576882586, 1.0438308943, 22.2772286754, 47.2957012418, 16.0975657894, 51.7113111562, 47.9938093789, 10.8624601151, 0.72310952493, 21.3453287755, 52.2155928075, 54.6470034054, 4.4319427205, 7.824458415, 18.9071328089, 0.89171079982, 18.8899819779, 25.9867632882, 65.7544317951, 24.8143378077, 28.7290028285, 15.3179157587, 36.8273899224, 12.4152145544, 3.1808587956, 11.4589681996, 122.8414214841, 8.8938892771, 17.0697578812, 63.9750698835, 17.4662138077],
      [27.2608026217, 14.6631136017, 0.093618795208, 14.0016771853, 8.8777015527, 16.7634377208, 15.2281771482, 13.991081675, 14.2197404539, 33.5755456536, 0.19820963545, 1.6250856837, 0.23576725717, 6.573097647, 19.028050946, 6.5010143008, 16.4115117986, 16.6294986565, 9.9877721521, 0.18371086298, 14.3266133217, 17.8779593198, 18.3704522878, 1.7042836946, 2.6405893297, 8.5471497054, 0.58453750941, 6.0432163311, 17.8051084671, 32.325083842, 5.7398276132, 15.780294418, 6.8938926492, 16.3819578309, 5.1391490675, 0.82066520174, 3.2772563069, 44.423139626, 2.52840998, 6.2279297425, 25.5432885778, 3.9949197504]
    ]
  ],
  "prob": [
    [0.0025871335496, 0.57566617095, 0.34161635427, 0.079448052019, 0.00068228920656],
    [0.041693880469, 0.040577815208, 0.75559068763, 0.027596912763, 0.13454070393],
    [0.036091195085, 0.01082188759, 0.029328060173, 0.89091922084, 0.032839636315],
    [2.8187629231e-05, 0.0031088184312, 0.31603280936, 0.31793017076, 0.36290001382],
    [0.11231154608, 0.0089173329071, 0.16352470319, 0.50377033309, 0.21147608474]
  ],
  "iterations": 137,
  "time": 0.05335,
  "message": "Converged",
  "status": 0,
  "miniter": 0,
  "maxiter": 1000,
  "maxtime": 3600,
  "param_threshold": 0.001,
  "ll_threshold": "-Inf",
  "initial_prob": "random",
  "adjust_prob_cond_method": "lp",
  "adjust_prob_cond_every": false,
  "candidates_id": ["BRASH, Donald Thomas.c", "WATSON, Pieter Rowley Burges.c", "CLARK, Benjamin Charles.c", "BARRY, Margaret Mary.c", "Other candidates votes.c"],
  "group_id": ["Green Party.p", "Labour Party.p", "National Party.p", "New Zealand First Party.p", "Other parties votes.p"]
}
