{
  "X": [
    [0, 1, 11, 0, 0],
    [1, 2, 26, 1, 0],
    [2, 2, 19, 1, 0],
    [8, 18, 97, 6, 6],
    [13, 20, 158, 7, 4],
    [7, 5, 63, 5, 2],
    [1, 9, 114, 9, 0],
    [22, 39, 326, 16, 21],
    [11, 30, 202, 14, 14],
    [12, 32, 219, 15, 20],
    [3, 0, 6, 0, 0],
    [126, 238, 2871, 149, 129],
    [4, 9, 39, 4, 1],
    [4, 19, 112, 4, 2],
    [0, 2, 32, 0, 0],
    [1, 4, 45, 2, 1],
    [25, 33, 398, 16, 13],
    [2, 6, 31, 1, 0],
    [8, 16, 263, 10, 10],
    [6, 20, 161, 13, 3],
    [205, 505, 1257, 46, 66],
    [26, 74, 179, 7, 9],
    [56, 185, 335, 23, 36],
    [45, 136, 246, 7, 13],
    [9, 13, 189, 8, 8],
    [3, 14, 127, 10, 9],
    [1, 1, 45, 0, 0],
    [167, 235, 2264, 129, 95],
    [23, 39, 336, 13, 7],
    [7, 23, 93, 8, 2],
    [4, 4, 80, 1, 8],
    [14, 20, 105, 6, 2],
    [24, 44, 307, 12, 18],
    [1, 2, 11, 0, 0],
    [15, 26, 88, 2, 4],
    [1, 2, 15, 0, 0],
    [10, 15, 117, 4, 8],
    [0, 1, 8, 1, 0],
    [19, 52, 409, 28, 9],
    [1, 3, 12, 0, 0],
    [36, 48, 373, 29, 13],
    [7, 20, 135, 5, 3],
    [12, 32, 210, 12, 19],
    [23, 31, 239, 14, 22],
    [3, 7, 69, 2, 6],
    [9, 19, 125, 8, 4],
    [2, 10, 77, 3, 1],
    [3, 7, 88, 8, 5],
    [3, 16, 86, 4, 9],
    [6, 1, 7, 1, 0],
    [15, 18, 200, 15, 16],
    [10, 23, 115, 5, 7],
    [14, 8, 127, 4, 7],
    [23, 31, 256, 19, 25],
    [2, 5, 41, 5, 1],
    [18, 41, 229, 6, 13],
    [5, 11, 88, 3, 3],
    [5, 9, 153, 1, 16],
    [5, 7, 67, 4, 4],
    [8, 18, 103, 5, 2],
    [17, 14, 226, 10, 12],
    [7, 17, 37, 4, 2],
    [41, 76, 219, 17, 15],
    [11, 22, 93, 3, 3],
    [44, 134, 154, 14, 14],
    [39, 171, 177, 10, 21],
    [7, 10, 66, 3, 2],
    [5, 34, 110, 10, 7],
    [20, 17, 177, 10, 14],
    [25, 20, 143, 4, 5],
    [4, 6, 62, 1, 5],
    [24, 34, 296, 21, 14],
    [12, 9, 78, 5, 4],
    [21, 54, 218, 10, 23],
    [15, 15, 160, 5, 8],
    [3, 4, 8, 1, 1],
    [0, 1, 16, 0, 0],
    [0, 1, 19, 0, 0],
    [2, 0, 30, 0, 1],
    [4, 7, 67, 0, 2],
    [6, 4, 13, 1, 0],
    [3, 5, 29, 0, 3],
    [25, 36, 174, 8, 19],
    [0, 3, 7, 0, 1],
    [0, 3, 52, 1, 0],
    [10, 28, 78, 2, 8],
    [1, 1, 12, 0, 0],
    [2, 4, 14, 0, 0],
    [46, 57, 296, 5, 41],
    [232, 338, 3318, 207, 159],
    [208, 322, 2547, 172, 157],
    [0, 0, 4, 0, 3]
  ],
  "W": [
    [1, 10, 1, 0],
    [1, 23, 2, 4],
    [1, 20, 2, 1],
    [4, 103, 15, 13],
    [3, 164, 20, 15],
    [1, 64, 5, 12],
    [1, 119, 8, 5],
    [12, 333, 24, 55],
    [8, 221, 24, 18],
    [8, 231, 28, 31],
    [2, 7, 0, 0],
    [83, 2972, 173, 285],
    [1, 46, 6, 4],
    [5, 113, 17, 6],
    [1, 31, 0, 2],
    [2, 48, 2, 1],
    [10, 424, 15, 36],
    [0, 33, 3, 4],
    [6, 262, 12, 27],
    [6, 167, 17, 13],
    [175, 1245, 390, 269],
    [16, 197, 42, 40],
    [49, 330, 144, 112],
    [51, 237, 103, 56],
    [7, 193, 14, 13],
    [0, 140, 12, 11],
    [2, 43, 0, 2],
    [99, 2330, 199, 262],
    [12, 329, 23, 54],
    [5, 97, 21, 10],
    [4, 79, 5, 9],
    [5, 115, 14, 13],
    [10, 319, 42, 34],
    [0, 12, 1, 1],
    [6, 97, 15, 17],
    [0, 14, 0, 4],
    [4, 123, 10, 17],
    [0, 9, 1, 0],
    [8, 433, 41, 35],
    [1, 10, 4, 1],
    [14, 397, 46, 42],
    [8, 130, 14, 18],
    [7, 218, 29, 31],
    [11, 259, 25, 34],
    [2, 71, 5, 9],
    [4, 140, 11, 10],
    [2, 75, 8, 8],
    [3, 90, 5, 13],
    [4, 86, 11, 17],
    [2, 6, 2, 5],
    [8, 216, 12, 28],
    [5, 117, 19, 19],
    [2, 130, 9, 19],
    [9, 266, 24, 55],
    [1, 47, 2, 4],
    [4, 240, 30, 33],
    [6, 84, 9, 11],
    [4, 151, 5, 24],
    [0, 69, 8, 10],
    [9, 102, 15, 10],
    [7, 237, 4, 31],
    [8, 36, 12, 11],
    [22, 234, 63, 49],
    [6, 101, 9, 16],
    [37, 163, 85, 75],
    [33, 171, 124, 90],
    [5, 63, 6, 14],
    [3, 116, 24, 23],
    [10, 186, 18, 24],
    [11, 153, 12, 21],
    [1, 57, 4, 16],
    [14, 318, 30, 27],
    [5, 81, 7, 15],
    [17, 217, 41, 51],
    [9, 157, 13, 24],
    [2, 8, 4, 3],
    [0, 16, 0, 1],
    [0, 18, 0, 2],
    [0, 31, 0, 2],
    [4, 63, 8, 5],
    [3, 15, 2, 4],
    [3, 29, 4, 4],
    [12, 184, 32, 34],
    [0, 10, 1, 0],
    [0, 49, 2, 5],
    [4, 80, 25, 17],
    [0, 12, 1, 1],
    [0, 18, 2, 0],
    [51, 276, 42, 76],
    [155, 3422, 270, 407],
    [100, 2697, 242, 367],
    [0, 7, 0, 0]
  ],
  "method": "mult",
  "cond_prob": [
    [
      [0, 0.11128893697, 0.88871106303, 0, 0],
      [0, 0, 1, 0, 0],
      [0, 0.88871106303, 0.11128893697, 0, 0],
      ["NaN", "NaN", "NaN", "NaN", "NaN"]
    ],
    [
      [0.46512529045, 0.26384881652, 0.27067330423, 0.00035258880122, 0],
      [0.00090280704412, 0, 0.95885858783, 0.040238605126, 0],
      [0.032665354395, 0.75601615441, 0.20554109516, 0.005777396039, 0],
      [0.11219485969, 0.056029718666, 0.81612424634, 0.015651175308, 0]
    ],
    [
      [0.80796987351, 0.16450201464, 0.027499031774, 2.9080079095e-05, 0],
      [0.02157232421, 0.00019779801066, 0.92931098671, 0.048918891066, 0],
      [0.1400271753, 0.83988651674, 0.015518121734, 0.004568186227, 0],
      [0.48052929169, 0.15176899167, 0.3552449905, 0.01245672614, 0]
    ],
    [
      [0.58303841337, 0.34686052197, 0.050966126132, 5.7212490639e-05, 0.019077726038],
      [0.014042442403, 0.0041539157741, 0.9029866416, 0.05616828009, 0.02264872013],
      [0.068689552997, 0.89927266947, 0.022034450394, 0.0037372705164, 0.0062660566173],
      [0.24547165262, 0.20735496502, 0.2659995888, 0.012183018695, 0.26899077486]
    ],
    [
      [0.74140083718, 0.20478807018, 0.044947193877, 4.266529443e-05, 0.0088212334652],
      [0.016140155448, 0.0014577891531, 0.93060884735, 0.041302921955, 0.010490286089],
      [0.12920704557, 0.82147371605, 0.041894506755, 0.0037294693618, 0.0036952622591],
      [0.3696447389, 0.18113893648, 0.29382782115, 0.010106894413, 0.14528160905]
    ],
    [
      [0.757236436, 0.17220771997, 0.063506003715, 8.3617627849e-05, 0.0069662226903],
      [0.0079148034248, 7.7880758149e-05, 0.9100569838, 0.073884880433, 0.0080654515812],
      [0.14521705371, 0.78032966916, 0.060960927218, 0.0095210473502, 0.0039713025603],
      [0.41751090635, 0.076763297144, 0.36567019974, 0.018639899823, 0.12141569694]
    ],
    [
      [0.2714361868, 0.58359604579, 0.14481097003, 0.00015679737721, 0],
      [0.00063086967766, 0.00013636927204, 0.92565001138, 0.073582749673, 0],
      [0.026982265947, 0.87952228817, 0.082833700181, 0.010661745702, 0],
      [0.087526438796, 0.2727995411, 0.60803361491, 0.031640405195, 0]
    ],
    [
      [0.51651964642, 0.40339068867, 0.059296104233, 6.3578918732e-05, 0.020729981762],
      [0.0097209166809, 0.0037870871293, 0.92073034404, 0.045932823127, 0.01982882902],
      [0.064272022863, 0.9156460505, 0.0087103825961, 0.0042564055464, 0.007115138491],
      [0.2004030989, 0.19859466382, 0.33593078183, 0.010935513066, 0.25413594239]
    ],
    [
      [0.51675141957, 0.39431250619, 0.057052490323, 7.4144685091e-05, 0.031809439238],
      [0.0099048804928, 0.0052542912293, 0.89216700441, 0.061724566662, 0.030949257204],
      [0.056493401983, 0.9206960176, 0.0080477671039, 0.0048527169452, 0.0099100963646],
      [0.18450935594, 0.19931095369, 0.23230698289, 0.013434022416, 0.37043868507]
    ],
    [
      [0.48111345222, 0.38520737204, 0.097313154457, 0.0001409445952, 0.036225076686],
      [0.0040606399713, 0.00019639335259, 0.90013942446, 0.062438068931, 0.033165473284],
      [0.053536293595, 0.87472696348, 0.054819367488, 0.0054459658524, 0.011471409584],
      [0.18432478478, 0.14131029619, 0.28239823949, 0.013651337946, 0.3783153416]
    ],
    [
      [0.99543640281, 0, 0.0045635971891, 0, 0],
      [0.14416102777, 0, 0.85583897223, 0, 0],
      ["NaN", "NaN", "NaN", "NaN", "NaN"],
      ["NaN", "NaN", "NaN", "NaN", "NaN"]
    ],
    [
      [0.50762552566, 0.37903547876, 0.089915662082, 7.7721185389e-05, 0.023345612319],
      [0.0058552301457, 0.00019544358833, 0.92816679905, 0.048510228432, 0.017272298784],
      [0.063825920838, 0.9114008293, 0.010076404326, 0.0062825792786, 0.0084142662583],
      [0.19446825639, 0.16942755596, 0.36239317657, 0.013102680797, 0.26060833027]
    ],
    [
      [0.75100511688, 0.21298905, 0.029762659613, 8.2215983932e-06, 0.006234951914],
      [0.025240757272, 0.045913776644, 0.83363573818, 0.085159674737, 0.010050053167],
      [0.08119967842, 0.91197361, 0.0022234833169, 0.0025334646354, 0.00206976363],
      [0.40018049452, 0.3007838911, 0.15241312104, 0.016861488175, 0.12976100515]
    ],
    [
      [0.40193226791, 0.47296501958, 0.11388726737, 9.4232612039e-05, 0.011121212526],
      [0.0022967032233, 0.00015378199327, 0.95453026784, 0.034466902867, 0.0085523440738],
      [0.043813028309, 0.8832242738, 0.067760442758, 0.0025850789803, 0.0026171761571],
      [0.16433161916, 0.26716414705, 0.40278597835, 0.010137078377, 0.15558117706]
    ],
    [
      [0, 0.95967326798, 0.040326732018, 0, 0],
      [0, 0.0058176335534, 0.99418236645, 0, 0],
      ["NaN", "NaN", "NaN", "NaN", "NaN"],
      [0, 0.42999004593, 0.57000995407, 0, 0]
    ],
    [
      [0.35882087727, 0.56262203095, 0.057526397939, 4.6575099053e-05, 0.020984118745],
      [0.0027621150746, 0.014096045891, 0.92815595852, 0.041231388517, 0.013754491995],
      [0.02140746795, 0.96345059678, 0.0045900944121, 0.0044865118613, 0.0060653289965],
      [0.10696178598, 0.27124454176, 0.3242810062, 0.011827177276, 0.28568548877]
    ],
    [
      [0.65431141669, 0.28682136178, 0.045398587672, 2.9541021673e-05, 0.01343909284],
      [0.015736860158, 0.018936149536, 0.91459677809, 0.036819729714, 0.0139104825],
      [0.092058006925, 0.8917294081, 0.0064912665536, 0.0039801233517, 0.0057411950694],
      [0.28898852839, 0.24241438493, 0.26832253372, 0.0091232594692, 0.19115129349]
    ],
    [
      ["Inf", "NaN", "NaN", "NaN", "NaN"],
      [0.013875931051, 0.046760876587, 0.9100564588, 0.029306733561, 0],
      [0.051327584628, 0.945205876, 0.0020596517159, 0.0014068876576, 0],
      [0.34702788036, 0.40531836116, 0.24048947611, 0.0071642823744, 0]
    ],
    [
      [0.44967178786, 0.37135598554, 0.15553237837, 0.00013292798529, 0.023306920241],
      [0.0016698841156, 0.00011044472808, 0.94868854088, 0.036729889468, 0.012801240809],
      [0.052145009278, 0.88868130164, 0.044704676237, 0.0062432226081, 0.0082257902327],
      [0.15698961197, 0.11402784994, 0.48051673721, 0.011150100744, 0.23731570014]
    ],
    [
      [0.42376736404, 0.43008167265, 0.13560953126, 0.00034663879321, 0.010194793256],
      [0.0020595848875, 0.00013351144151, 0.91577328315, 0.075220475927, 0.0068131445949],
      [0.053659246685, 0.84447248793, 0.091574242752, 0.0075934119887, 0.0027006106423],
      [0.16932599584, 0.23393701989, 0.43811095382, 0.023616360283, 0.13500967017]
    ],
    [
      [0.50512178551, 0.38091963247, 0.10354417133, 4.3057264996e-05, 0.01037135343],
      [0.017361401168, 0.010530155792, 0.92153526336, 0.034990581389, 0.015582598293],
      [0.060380760019, 0.89724055051, 0.038468190614, 0.0012165958394, 0.0026939030144],
      [0.26557712518, 0.27994500244, 0.28463112564, 0.0072666125331, 0.1625801342]
    ],
    [
      [0.50621361549, 0.44581730514, 0.039405957977, 0, 0.0085631213968],
      [0.024014033814, 0.063602311484, 0.863625102, 0.034046754312, 0.01471179839],
      [0.050007784368, 0.94725476533, 0, 0.00077743970731, 0.0019600105998],
      [0.27673726368, 0.36381419029, 0.20588398946, 0.0065034233189, 0.14706113324]
    ],
    [
      [0.44254603194, 0.3908696952, 0.14949392081, 0.00016684934885, 0.016923502701],
      [0.013244391593, 0.011362529333, 0.88493071299, 0.064663565703, 0.025798800382],
      [0.046915752151, 0.90312607354, 0.043841043633, 0.0019062256697, 0.004210905008],
      [0.20704220446, 0.28613924702, 0.26191564563, 0.012306707172, 0.23259619572]
    ],
    [
      [0.45460677003, 0.41006888349, 0.12553354501, 3.0938640454e-05, 0.0097598628274],
      [0.014087574282, 0.014458988703, 0.9283329912, 0.027874374077, 0.015246071738],
      [0.04881973143, 0.91181918247, 0.036718273887, 0.00071831112441, 0.0019245010885],
      [0.24014048726, 0.31682733616, 0.28215871571, 0.0056823112024, 0.15519114967]
    ],
    [
      [0.57564459484, 0.26471459681, 0.13311797929, 0.00014537922941, 0.026377449828],
      [0.002751617438, 9.2485520785e-05, 0.93755682995, 0.040264051791, 0.019335015304],
      [0.13109110359, 0.67839010898, 0.17305525329, 0.0062150762464, 0.011248457895],
      [0.20031924772, 0.12551435316, 0.36130249379, 0.010846867874, 0.30201703746]
    ],
    [
      ["Inf", "NaN", "NaN", "NaN", "NaN"],
      [0.0067580958545, 0.0055216165576, 0.88755558227, 0.069542841348, 0.030621863973],
      [0.044923444888, 0.92784768726, 0.0081064250441, 0.0070919074797, 0.012030535328],
      [0.13770774925, 0.19025467589, 0.24044921655, 0.016263574689, 0.41532478362]
    ],
    [
      [0.3760548571, 0.29925810391, 0.32468703899, 0, 0],
      [0.00042646227287, 6.1660220231e-05, 0.99951187751, 0, 0],
      ["NaN", "NaN", "NaN", "NaN", "NaN"],
      [0.11477620404, 0.19941620135, 0.68580759461, 0, 0]
    ],
    [
      [0.58767288036, 0.29708544342, 0.09887264254, 0.00014244847673, 0.016226585205],
      [0.0073413441147, 0.00017205518538, 0.92379698715, 0.053328978108, 0.015360635442],
      [0.086524941862, 0.85133882345, 0.049813887826, 0.0058127462714, 0.0065096005947],
      [0.28433812835, 0.13653139944, 0.35057887271, 0.013636038556, 0.21491556094]
    ],
    [
      [0.50674994649, 0.38508969133, 0.10169361014, 0.00010933155917, 0.0063574204794],
      [0.0077774110234, 0.0013982175211, 0.94792808436, 0.037517021893, 0.0053792652023],
      [0.063147898409, 0.92208454838, 0.009077038287, 0.0035772928238, 0.0021132220988],
      [0.23903390282, 0.2353882505, 0.42041787117, 0.010616853402, 0.094543122119]
    ],
    [
      [0.51176713568, 0.39719356943, 0.083476122771, 0.00016403347479, 0.0073991386523],
      [0.0076476644537, 0, 0.90550899824, 0.079301999791, 0.0075413375151],
      [0.057839929179, 0.87303374327, 0.062527976046, 0.0047801621728, 0.0018181893281],
      [0.24847023569, 0.26803235441, 0.34351590599, 0.020650244725, 0.11933125919]
    ],
    [
      [0.54277912883, 0.19412062954, 0.20537185785, 5.3515503327e-05, 0.057674868273],
      [0.0021961547625, 4.0040620245e-05, 0.94488304042, 0.012205012538, 0.040675751655],
      [0.084006963392, 0.59983052837, 0.28410060174, 0.0023190522349, 0.029742854267],
      [0.13726138238, 0.024577959002, 0.34580548515, 0.0026660762569, 0.48968909721]
    ],
    [
      [0.72305345788, 0.2369551727, 0.035518192316, 0, 0.0044731771038],
      [0.029663705363, 0.027076861734, 0.88546805171, 0.050618202855, 0.0071731783392],
      [0.10423231873, 0.88657719296, 0.0047946354355, 0.0026299964317, 0.0017658564527],
      [0.42416570244, 0.25302341044, 0.2251121689, 0.010929747821, 0.086768970395]
    ],
    [
      [0.63579632839, 0.29017414515, 0.052702642386, 4.4110497693e-05, 0.02128277357],
      [0.012719991948, 0.00086512407579, 0.92571464102, 0.03635934363, 0.024340899324],
      [0.1073976066, 0.83226405709, 0.04919090171, 0.0030297075324, 0.0081177270706],
      [0.26687234727, 0.17256451679, 0.26776427113, 0.0080494282529, 0.28474943656]
    ],
    [
      ["Inf", "NaN", "NaN", "NaN", "NaN"],
      [0.026007705003, 0.065772367021, 0.90821992798, 0, 0],
      [0.061098654082, 0.93890134592, 0, 0, 0],
      [0.62680888589, 0.27183024983, 0.10136086428, 0, 0]
    ],
    [
      [0.65159312566, 0.30783687589, 0.032958617211, 0, 0.0076113812408],
      [0.035919325421, 0.054992611901, 0.87400562249, 0.019886208444, 0.015196231742],
      [0.082942354823, 0.91392771119, 0, 0.00062860705482, 0.0025013269349],
      [0.37424302105, 0.30057527779, 0.17786487736, 0.0036240397095, 0.14369278409]
    ],
    [
      ["NaN", "NaN", "NaN", "NaN", "NaN"],
      [0.0091425440324, 0.0018819867192, 0.98897546925, 0, 0],
      ["NaN", "NaN", "NaN", "NaN", "NaN"],
      [0.21800109589, 0.49341304648, 0.28858585763, 0, 0]
    ],
    [
      [0.63716978599, 0.29538098647, 0.047228405471, 2.3484655682e-05, 0.020197337408],
      [0.017241258742, 0.012916395709, 0.913398571, 0.031394162812, 0.025049611738],
      [0.08547476759, 0.89681798914, 0.0072789285694, 0.0025722707608, 0.0078560439426],
      [0.26328813852, 0.19185761709, 0.25825134467, 0.0066294898754, 0.27997340984]
    ],
    [
      ["NaN", "NaN", "NaN", "NaN", "NaN"],
      [0, 0.0010243602845, 0.88884908232, 0.1101265574, 0],
      [0, 0.99078075744, 0.00035825914472, 0.0088609834157, 0],
      ["NaN", "NaN", "NaN", "NaN", "NaN"]
    ],
    [
      [0.54147371032, 0.39021948032, 0.05791643758, 8.1568313433e-05, 0.010308803472],
      [0.0090149066233, 0.0054342177151, 0.9141724823, 0.062698511191, 0.0086798821701],
      [0.059879717578, 0.92294897811, 0.0084336013898, 0.0056187051922, 0.0031189977332],
      [0.23741963797, 0.24812342241, 0.35297731446, 0.017729291286, 0.14375033387]
    ],
    [
      [0.60912981383, 0.19713014626, 0.19374003992, 0, 0],
      [0.0029358762577, 0, 0.99706412374, 0, 0],
      [0.022747670158, 0.65212322824, 0.32512910161, 0, 0],
      [0.27052074297, 0.19437694079, 0.53510231624, 0, 0]
    ],
    [
      [0.68951154817, 0.25171326766, 0.04742500086, 8.2508219756e-05, 0.011267675092],
      [0.014758897482, 0.00067231828459, 0.90073642585, 0.070500863959, 0.013331494425],
      [0.13662747141, 0.80377280485, 0.048273591028, 0.0065078978463, 0.0048182348625],
      [0.33815934144, 0.17227511597, 0.29816913663, 0.016919966481, 0.17447643948]
    ],
    [
      [0.39381170638, 0.42762117107, 0.16992088674, 0.00019003944762, 0.008456196364],
      [0.0023671950013, 0, 0.95503461608, 0.036630951573, 0.0059672373437],
      [0.038478477186, 0.89333610327, 0.06301826786, 0.0030395617891, 0.0021275898964],
      [0.16683735101, 0.22624028809, 0.4779931703, 0.010772339715, 0.11815685088]
    ],
    [
      [0.49396925986, 0.37605383767, 0.095541810519, 0.00011525378659, 0.034319838156],
      [0.0036994147546, 0.00015642336538, 0.91092310501, 0.052813304483, 0.032407752391],
      [0.055681183531, 0.8660887438, 0.062810742515, 0.0044462264292, 0.010973103724],
      [0.19745124007, 0.13603062169, 0.28801480329, 0.011514589669, 0.36698874528]
    ],
    [
      [0.64867958955, 0.27461057599, 0.04838243, 4.2804385075e-05, 0.028284600076],
      [0.018525815235, 0.003001234985, 0.89028752316, 0.05227454155, 0.035910885067],
      [0.097193722707, 0.8776762984, 0.0086099294436, 0.0044414857328, 0.012078563719],
      [0.25401456769, 0.1547075395, 0.22553166278, 0.010276051383, 0.35547017865]
    ],
    [
      [0.49862573893, 0.39874000086, 0.064115556229, 3.8822392074e-05, 0.038479881593],
      [0.0067567610414, 0.0017848800628, 0.9320525323, 0.02720412293, 0.032201703664],
      [0.050255082098, 0.92560986296, 0.0085624011256, 0.0028984096378, 0.012674244176],
      [0.14130478641, 0.16086046656, 0.29480300983, 0.0059930643318, 0.39703867287]
    ],
    [
      [0.6453675105, 0.30267010711, 0.040169855198, 2.1057216551e-05, 0.011771469977],
      [0.018206817887, 0.034576679316, 0.87683113084, 0.055987685281, 0.014397686671],
      [0.07382203191, 0.91434996119, 0.0046373683675, 0.0032139291604, 0.003976709367],
      [0.30575331028, 0.28907348942, 0.20319512089, 0.012628661105, 0.18934941831]
    ],
    [
      [0.34078821369, 0.49378089314, 0.15871123551, 0.00015551511005, 0.0065641425394],
      [0.0013606597122, 8.4970794942e-05, 0.95682047947, 0.038252216887, 0.0034816731396],
      [0.024229099579, 0.86322996466, 0.10758990012, 0.0035693300045, 0.0013817056341],
      [0.1278176622, 0.26252821085, 0.50754029601, 0.012777257904, 0.089336573047]
    ],
    [
      [0.39951256717, 0.38846695032, 0.18400204411, 0.00069311495559, 0.027325323447],
      [0.0014267439829, 6.926556841e-05, 0.89907335869, 0.084675053613, 0.014755578145],
      [0.039001785494, 0.88524419063, 0.055220166422, 0.01211372666, 0.0084201307917],
      [0.11369587789, 0.10785725344, 0.4811762118, 0.024353630515, 0.27291702635]
    ],
    [
      [0.28762150577, 0.53497652036, 0.13909509426, 0.00016929900618, 0.038137580602],
      [0.0024397146519, 0.00049761671977, 0.92320856121, 0.044162838314, 0.029691269104],
      [0.022753301557, 0.92946377299, 0.036006836722, 0.0030801980957, 0.0086958906389],
      [0.081730129395, 0.21136455164, 0.33244753852, 0.0098492076423, 0.3646085728]
    ],
    [
      [0.80923192816, 0.0096467164813, 0.17983830398, 0.0012830513742, 0],
      [0.0082774201851, 0, 0.84997204514, 0.14175053467, 0],
      [0.45477228337, 0.44913392603, 0.085936990049, 0.01015680056, 0],
      [0.68446541117, 0.016487742997, 0.27372342821, 0.025323417621, 0]
    ],
    [
      [0.61269618893, 0.30535877219, 0.053412984104, 7.7717867e-05, 0.02845433691],
      [0.012901653649, 0.0033666466094, 0.88768556929, 0.067109427975, 0.028936702473],
      [0.090463510867, 0.88066555546, 0.0090344878083, 0.0075135947586, 0.012322851103],
      [0.22236111321, 0.15221241033, 0.27586426093, 0.014770667051, 0.33479154848]
    ],
    [
      [0.550161732, 0.36298949119, 0.069957563922, 5.1402288078e-05, 0.016839810605],
      [0.012815158483, 0.0020871817227, 0.92454584045, 0.040840024981, 0.019711794367],
      [0.064727441909, 0.88843429194, 0.038937307272, 0.0025917418961, 0.005309216984],
      [0.23789454743, 0.21371582819, 0.30202842158, 0.0090640510373, 0.23729715175]
    ],
    [
      [0.79462616471, 0.1489429471, 0.041796388182, 2.8154802224e-05, 0.014606345205],
      [0.018159533976, 0.00012577979446, 0.93237061946, 0.029531311088, 0.019812755679],
      [0.19837227265, 0.74762945222, 0.039399835891, 0.0042527727985, 0.010345666442],
      [0.43498198947, 0.050373561186, 0.28176990371, 0.0064525417745, 0.22642200386]
    ],
    [
      [0.5910173541, 0.29800587864, 0.084729058036, 0.00013578069007, 0.026111928531],
      [0.0099884281928, 0.00014262835477, 0.89363302833, 0.067798374505, 0.028437540612],
      [0.086261942074, 0.86952196951, 0.027021160326, 0.0065098391366, 0.010685088953],
      [0.23552064189, 0.13475419421, 0.30695536532, 0.014694076656, 0.30807572192]
    ],
    [
      [0.55917432484, 0.39349377773, 0.038667705857, 6.9055797284e-05, 0.0085951357831],
      [0.0096424457203, 0.029478689771, 0.84836459487, 0.10398175253, 0.0085325171121],
      [0.044313057309, 0.94572139768, 0.0033781509548, 0.0040336997077, 0.0025536943473],
      [0.22475115292, 0.33239125192, 0.27036000838, 0.026180293955, 0.14631729281]
    ],
    [
      [0.61702232822, 0.31949808574, 0.047258594354, 2.0137594168e-05, 0.016200854092],
      [0.017449607531, 0.018829546161, 0.91872765055, 0.024098998861, 0.020894196894],
      [0.07466447706, 0.91223380171, 0.0062397110306, 0.0015173479453, 0.0053446622526],
      [0.2758809263, 0.23745159173, 0.24633751997, 0.0051708874095, 0.23515907459]
    ],
    [
      [0.43424114333, 0.35148194011, 0.20006588229, 0.00022162262559, 0.013989411657],
      [0.0023984837983, 0, 0.95345049698, 0.034092334234, 0.010058684991],
      [0.046331958835, 0.84660583981, 0.099648500506, 0.0032983225459, 0.0041153783034],
      [0.16146298832, 0.11560507283, 0.52844785961, 0.0095662987013, 0.18491778055]
    ],
    [
      [0.43274000194, 0.40636415188, 0.08279094851, 1.7931478615e-05, 0.078086966199],
      [0.0017667985559, 0.00067570612724, 0.95582009524, 0.006356401887, 0.035380998185],
      [0.051028609984, 0.93386674388, 0.010991094259, 0.0010733425366, 0.0030402093366],
      [0.11446293168, 0.10846575199, 0.3452102647, 0.0014477031862, 0.43041334844]
    ],
    [
      ["NaN", "NaN", "NaN", "NaN", "NaN"],
      [0.0056876819775, 0.00011939422142, 0.91884578496, 0.055428888508, 0.019918250331],
      [0.11380941365, 0.79511587302, 0.076720964728, 0.0061033092967, 0.0082504393018],
      [0.36970746343, 0.063083481455, 0.29858731198, 0.012658021857, 0.25596372127]
    ],
    [
      [0.48373854656, 0.35918078687, 0.14922484371, 0.00026940345043, 0.0075864194105],
      [0.0037667331047, 0, 0.94205159944, 0.047206827567, 0.0069748398911],
      [0.065535321641, 0.82954710798, 0.099240682219, 0.0035185916607, 0.0021582964952],
      [0.22791164797, 0.23241662984, 0.40791030307, 0.012970008216, 0.1187914109]
    ],
    [
      [0.58385434122, 0.35012674084, 0.048137706221, 3.7378999881e-05, 0.017843832728],
      [0.018879830024, 0.007417143199, 0.91407435908, 0.040844781607, 0.018783886093],
      [0.030252738898, 0.94808882817, 0.0075177272445, 0.0052499978181, 0.0088907078695],
      [0.26830609484, 0.19351272785, 0.2902368402, 0.0096298424137, 0.23831449469]
    ],
    [
      [0.45506779708, 0.3672875494, 0.16843845429, 0.00099402238857, 0.0082121768322],
      [0.0070709019109, 0.0051758016385, 0.87470863531, 0.10257958406, 0.010465077082],
      [0.04724107103, 0.89348692192, 0.05361342751, 0.0041369234561, 0.0015216560846],
      [0.23072839111, 0.2866843348, 0.31996548769, 0.022685428468, 0.13993635794]
    ],
    [
      [0.60978076382, 0.32668108109, 0.051474862848, 0, 0.012063292249],
      [0.027339196932, 0.0084838444167, 0.87404460555, 0.069154439343, 0.020977913755],
      [0.08487599807, 0.8787884331, 0.029451644497, 0.0026977793102, 0.0041861450196],
      [0.32327067828, 0.23396174157, 0.23440125948, 0.013222471371, 0.1951438493]
    ],
    [
      [0.55079266087, 0.40566163761, 0.037023162447, 0, 0.006522539079],
      [0.023170208046, 0.053205512407, 0.88455623459, 0.028670135435, 0.010397909517],
      [0.059690321252, 0.93513966464, 0.0022022528018, 0.001085461602, 0.0018822996997],
      [0.30111500818, 0.36100102747, 0.213616316, 0.0059091979146, 0.11835845044]
    ],
    [
      [0.45810205763, 0.45959373997, 0.074502189825, 0.0001106302549, 0.0076913823118],
      [0.030240536151, 0.041683908026, 0.83177458982, 0.079139147052, 0.017161818951],
      [0.03411253444, 0.96125942644, 0.0022356913057, 0.0011248608238, 0.0012674869855],
      [0.25628601397, 0.3799133782, 0.20632169433, 0.013341500547, 0.14413741296]
    ],
    [
      [0.40407375596, 0.41618809293, 0.16772989073, 5.5541877295e-05, 0.011952718501],
      [0.023428232937, 0.030912872704, 0.87040452956, 0.053129398728, 0.022124966069],
      [0.026516383047, 0.95280555216, 0.018204354698, 0.00073061567128, 0.0017430944257],
      [0.20412563026, 0.37590892481, 0.2263155452, 0.009138262137, 0.18451163759]
    ],
    [
      [0.51917357391, 0.32438485454, 0.14945481416, 0.00023846234119, 0.0067482950494],
      [0.0067942188505, 0, 0.94206288256, 0.04471383449, 0.0064290640946],
      [0.064817798051, 0.90222725357, 0.027291954969, 0.0034400867064, 0.0022229067],
      [0.25622782533, 0.21176515756, 0.40992947127, 0.011513971084, 0.11056357476]
    ],
    [
      [0.31998061043, 0.58700628698, 0.075516083065, 0.00010639618227, 0.017390623342],
      [0.0048371582968, 0.015474914719, 0.88260429837, 0.081609202631, 0.015474425982],
      [0.024879391106, 0.96039523387, 0.0081344291323, 0.0035749025277, 0.0030160433642],
      [0.12529749651, 0.32149588778, 0.31287508002, 0.019444158502, 0.22088737719]
    ],
    [
      [0.70491749483, 0.19746846082, 0.072929984694, 8.9462396317e-05, 0.024594597261],
      [0.01071367373, 0.00013822969816, 0.90666033713, 0.051806366739, 0.030681392703],
      [0.14628039677, 0.76247823592, 0.071922713826, 0.0058561856055, 0.013462467875],
      [0.3468764415, 0.053124850889, 0.26405285825, 0.010737909236, 0.32520794012]
    ],
    [
      [0.70210314224, 0.25551356003, 0.035044748935, 0, 0.0073385487904],
      [0.049080386922, 0.011467601695, 0.90106752573, 0.025310512873, 0.013073972778],
      [0.050630321857, 0.9377890318, 0.0061293124755, 0.0017182716646, 0.0037330622001],
      [0.43619058923, 0.19911139994, 0.22274402738, 0.0050891557342, 0.13686482771]
    ],
    [
      [0.53676749678, 0.31764384524, 0.12416903232, 4.1653813712e-05, 0.02137797185],
      [0.0032011386787, 0, 0.96396744407, 0.016305696387, 0.016525720861],
      [0.064997925459, 0.90427286797, 0.021183989966, 0.0018198369049, 0.0077253796995],
      [0.18879849354, 0.12907904268, 0.42780941848, 0.0039533940321, 0.25035965127]
    ],
    [
      [0.64172346686, 0.28788411322, 0.051366395075, 7.8685494312e-05, 0.018947339349],
      [0.013154443058, 0.00041602646152, 0.90196601102, 0.064159398335, 0.020304121124],
      [0.11197214949, 0.84349778582, 0.030323028917, 0.0063498042381, 0.0078572315305],
      [0.27679978099, 0.16786638613, 0.27948104062, 0.015026503907, 0.26082628836]
    ],
    [
      [0.71806309989, 0.20954069958, 0.061776248354, 7.8040870381e-05, 0.010541911309],
      [0.022623127931, 0.00019515824062, 0.90297027949, 0.05890601925, 0.015305415091],
      [0.13278521221, 0.84678279954, 0.0095570143548, 0.0053031113308, 0.0055718625577],
      [0.37651431018, 0.13393393919, 0.29890846795, 0.012740030471, 0.17790325221]
    ],
    [
      [0.45642285866, 0.39214678434, 0.12550889996, 0.00015320037501, 0.025768256665],
      [0.009753682869, 0.0010351878921, 0.91528955177, 0.043522683871, 0.030398893593],
      [0.050869678548, 0.88882570928, 0.050160207087, 0.0024305666479, 0.0077138384373],
      [0.17722755686, 0.2091571532, 0.29788132304, 0.0088886266879, 0.30684534022]
    ],
    [
      [0.61482514005, 0.23828451196, 0.1309561432, 0.00011328984104, 0.015820914949],
      [0.0048280174409, 7.7630252496e-05, 0.9486421078, 0.03041762706, 0.016034617445],
      [0.10182181785, 0.81814811659, 0.069249750789, 0.0034655574246, 0.0073147573507],
      [0.30770380705, 0.091971913628, 0.37434737609, 0.0074316956848, 0.21854520754]
    ],
    [
      [0.68418588706, 0.17738408563, 0.12555936659, 0.00073807049202, 0.012132590226],
      [0.012101424402, 0, 0.84813511328, 0.11548221569, 0.024281246631],
      [0.12971502632, 0.79009686792, 0.071024348238, 0.004615798942, 0.0045479585846],
      [0.3386522418, 0.16161478569, 0.22656765587, 0.018734312585, 0.25443100405]
    ],
    [
      ["NaN", "NaN", "NaN", "NaN", "NaN"],
      [8.6736173799e-19, 0.0030431733187, 0.99695682668, 0, 0],
      ["NaN", "NaN", "NaN", "NaN", "NaN"],
      [0, 0.9513092269, 0.048690773099, 0, 0]
    ],
    [
      ["NaN", "NaN", "NaN", "NaN", "NaN"],
      [0, 0.0002352097691, 0.99976479023, 0, 0],
      ["NaN", "NaN", "NaN", "NaN", "NaN"],
      [0, 0.49788311208, 0.50211688792, 0, 0]
    ],
    [
      ["NaN", "NaN", "NaN", "NaN", "NaN"],
      [0.026153071513, 0, 0.9584255629, 0, 0.015421365582],
      ["NaN", "NaN", "NaN", "NaN", "NaN"],
      [0.59462739154, 0, 0.14440377498, 0, 0.26096883348]
    ],
    [
      [0.5425446454, 0.26115457362, 0.18079397418, 0, 0.015506806801],
      [0.0029417003974, 0, 0.98440008553, 0, 0.012658214076],
      [0.073623173193, 0.65502808644, 0.26573304493, 0, 0.0056156954399],
      [0.21110178157, 0.1430314028, 0.42675087113, 0, 0.2191159445]
    ],
    [
      [0.75762933286, 0.22775386258, 0.01461680456, 0, 0],
      [0.089800998057, 0.031122083404, 0.81532318805, 0.063753730486, 0],
      [0.046884938681, 0.95202666309, 0, 0.001088398233, 0],
      [0.5715817883, 0.23646345876, 0.18157544138, 0.010379311561, 0]
    ],
    [
      [0.55558244964, 0.30418421664, 0.10840205029, 0, 0.03183128342],
      [0.0089397325911, 0.00014673493168, 0.95029542388, 0, 0.0406181086],
      [0.079043099646, 0.8710818623, 0.03833736218, 0, 0.011537675869],
      [0.18945700184, 0.14971614696, 0.24071927699, 0, 0.42010757422]
    ],
    [
      [0.6470527573, 0.27997417406, 0.048720376761, 1.6721921981e-05, 0.024235969958],
      [0.023950107339, 0.00035308745814, 0.89516749982, 0.041654986688, 0.038874318695],
      [0.098620630706, 0.85009470215, 0.038356184211, 0.0025077848427, 0.010420698094],
      [0.28449079351, 0.15800915736, 0.21991581228, 0.0075009609222, 0.33008327593]
    ],
    [
      ["NaN", "NaN", "NaN", "NaN", "NaN"],
      [0, 0.2, 0.7, 0, 0.1],
      [0, 1, 0, 0, 0],
      ["NaN", "NaN", "NaN", "NaN", "NaN"]
    ],
    [
      ["NaN", "Inf", "NaN", "NaN", "NaN"],
      [0, 0.00037283822319, 0.98028593133, 0.019341230442, 0],
      [0, 0.98880203118, 0.0076884950259, 0.0035094737967, 0],
      [1.4791141973e-32, 0.20082537294, 0.79012247491, 0.0090521521511, 0]
    ],
    [
      [0.57423341934, 0.35681887646, 0.048504720037, 1.0790971086e-05, 0.020432193199],
      [0.020845912774, 0.0072924305056, 0.91404128196, 0.02382279616, 0.033997578597],
      [0.067940130799, 0.88622614404, 0.03804022646, 0.0008692533474, 0.0069242453499],
      [0.25511117828, 0.22551037957, 0.21951017066, 0.0042589299805, 0.29560934151]
    ],
    [
      ["NaN", "NaN", "NaN", "NaN", "NaN"],
      [0.021545930296, 0.00012437852406, 0.97832969118, 0, 0],
      [0.087527189019, 0.90977081924, 0.0027019917445, 0, 0],
      [0.65392164743, 0.088736638475, 0.25734171409, 0, 0]
    ],
    [
      ["NaN", "NaN", "NaN", "NaN", "NaN"],
      [0.089667838115, 0.13255438411, 0.77777777778, 0, 0],
      [0.19298945697, 0.80701054303, 0, 0, 0],
      ["NaN", "NaN", "NaN", "NaN", "NaN"]
    ],
    [
      [0.50315750802, 0.2766778514, 0.18711639231, 8.7094382059e-05, 0.032961153881],
      [0.0056359942378, 0, 0.93565107465, 0.017039433054, 0.041673498054],
      [0.075285324518, 0.83183029755, 0.078565482716, 0.0011474185728, 0.013171476647],
      [0.20554538226, 0.10463890897, 0.32786338307, 0.0032168826794, 0.35873544303]
    ],
    [
      [0.5558568086, 0.31152075967, 0.11362157655, 0.00020835795382, 0.018792497219],
      [0.0059143543906, 0.00016276131739, 0.91876547411, 0.058203902978, 0.016953507203],
      [0.079170916304, 0.86131980267, 0.045703517385, 0.0064762772737, 0.007329486362],
      [0.25608630599, 0.13906871327, 0.35389005782, 0.014853448802, 0.23610147411]
    ],
    [
      [0.59215032323, 0.33445022885, 0.053405215752, 7.0890278546e-05, 0.019923341895],
      [0.013919350482, 0.0017110326562, 0.90140044772, 0.061362583769, 0.021606585376],
      [0.08318778639, 0.89461763187, 0.0090730723871, 0.0054939260271, 0.0076275833238],
      [0.24826440087, 0.18376799762, 0.29533184581, 0.014083085694, 0.25855266999]
    ],
    [
      ["NaN", "NaN", "NaN", "NaN", "NaN"],
      [0, 0, 0.57142857143, 0, 0.42857142857],
      ["NaN", "NaN", "NaN", "NaN", "NaN"],
      ["NaN", "NaN", "NaN", "NaN", "NaN"]
    ]
  ],
  "expected_outcome": [
    [
      [0, 0.43371230465, 0.8179258845, 2.3851500246, 2.3823781017, 0.78091946465, 0.28227089712, 6.3705077257, 4.2898147618, 3.8885702832, 1.9977160781, 43.8873434297, 0.82172937044, 1.9305768924, 0, 0.74807285811, 7.3977535509, 3.0353625221e-18, 2.7760166818, 2.4766801606, 84.2241231111, 8.0297285433, 20.0892674502, 21.6061523529, 4.09366855, 3.4680038665e-16, 0.81266625839, 59.1000588554, 6.0477848867, 2.4692024155, 2.1333983796, 3.8468638469, 6.6296070199, 1.092730508e-16, 4.077293442, 0, 2.7236151893, 0, 4.5393601715, 0.5539668338, 10.0478038645, 2.9663257763, 3.4916472929, 7.52972753, 1.0579831401, 2.8575789894, 0.64942975131, 1.1941247946, 1.114502226, 1.4240814111, 5.1978781035, 2.7481258507, 1.6566554261, 5.467168385, 0.63025479069, 2.6224462025, 2.444756942, 1.8535451333, 0, 4.1396619373, 4.2066275082, 3.3422563474, 13.2778590842, 3.4647328208, 15.7243379792, 12.0175996938, 2.493003007, 0.90249926053, 7.2790790772, 7.8632111247, 0.55378418967, 9.3642072341, 3.687533829, 7.482529961, 5.5198027748, 1.3233837835, 0, 0, 0, 2.0843948401, 2.2914300643, 1.6515012583, 7.9387008542, 0, 0, 2.2793339642, 0, 0, 24.3797375197, 86.9086667446, 61.3216872043, 0],
      [0.18297605053, 0.221658312, 0.17518568348, 1.4890673001, 0.55610637647, 0.16659614028, 0.60538213671, 5.2008103877, 3.3311412784, 3.2413850324, 0, 32.2756383414, 0.16424075342, 2.571281847, 0.98990893551, 1.1711254355, 2.337310492, 0, 2.1671021438, 2.6862832853, 71.5169494799, 7.6938068615, 19.5212614247, 22.0912846257, 1.7920576636, 0, 0.70478737154, 29.8618754049, 4.8226925216, 2.2021068248, 0.66267490296, 1.0865135602, 3.0223263895, 0, 1.8309860348, 0, 1.1457678144, 0, 3.2586292556, 0.20026671739, 3.6267750086, 3.4740310441, 2.7828392215, 3.0187124702, 0.8273605773, 1.0511513427, 1.0268507139, 1.1187498251, 2.2402071763, 0.033759019318, 2.4546334517, 1.9704826829, 0.29132723463, 2.7227310385, 0.35036824689, 1.2650502275, 2.0619298563, 1.6602731874, 0, 3.3303449611, 2.5729669451, 2.921549794, 7.9287583691, 2.4421552168, 18.258925449, 13.4381417303, 1.6012230276, 1.9531383963, 1.9421212519, 2.9618358835, 0.31106005196, 4.1811751262, 1.0400766802, 6.9646240337, 2.0739112856, 0.33120882876, 0, 0, 0, 1.0211993507, 0.69759713108, 0.9317608032, 3.5897664999, 0, 1.6226556385e-16, 1.5994810473, 0, 0, 13.5016695271, 48.5710385238, 35.3307046987, 0],
      [0.81702394947, 0.34420099149, 0.0068811552359, 0.051013552559, 0.033741764549, 0.045491152744, 0.11230773035, 0.17805384632, 0.11421116081, 0.57765984961, 0.0022839219177, 4.763449976, 0.0074475887991, 0.44370250356, 0.010091064494, 0.028789964507, 0.11360208309, 0, 0.90605719712, 0.77401791598, 17.7390440876, 0.15777050845, 8.6940897316, 6.907549917, 0.91360470829, 0, 0.48254637007, 8.4075260002, 1.054787857, 0.29483070395, 0.95619522794, 0.044439054624, 0.13187921181, 0, 0.04948393018, 0, 0.047272353769, 0, 0.11594066321, 0.2457664488, 0.16614196235, 1.4958266513, 0.48537939543, 0.13317549348, 0.032087609416, 0.040207235177, 0.31104698277, 0.60053447724, 0.49796086939, 0.53805493856, 0.1069253749, 0.20163375934, 0.020917640864, 0.57399056528, 0.0096759220034, 0.047302570745, 1.4136310227, 0.082867989462, 0, 1.465219074, 0.084319376169, 1.6709112675, 0.56216841765, 0.055586421415, 2.7665001333, 7.2283073864, 0.87377181794, 0.098747619326, 0.52935106098, 0.09646273933, 0.11398283653, 0.1799496789, 0.22123047623, 2.1486071825, 1.2661291436, 0.32212956857, 0, 0, 0, 0.83366783591, 0.010972804648, 0.3248024002, 0.19607211777, 0, 0, 0.048549856008, 0, 0, 11.5795365046, 16.5551106747, 1.3363727967, 0],
      [0, 0.00042839186731, 7.2767848763e-06, 5.7265729608e-05, 3.2028747401e-05, 2.0923859517e-05, 3.9235821173e-05, 0.00025830667539, 0.00014842736056, 0.00074757225978, 0, 0.0016142153052, 2.0573122463e-06, 0.00032694285972, 0, 2.3309219709e-05, 7.3921277531e-05, 0, 0.00074364690635, 0.0023094934688, 0.01318453448, 0, 0.014205887699, 0.0027609065894, 0.0009614819173, 0, 0, 0.012335630893, 0.0013217671142, 0.00047707429127, 0.00018916092001, 0, 0.00011037886157, 0, 0, 0, 2.3506509282e-05, 0, 0.00016328843333, 0, 0.00028904749166, 0.0016684292843, 0.00051051145398, 0.00011782159568, 1.9429259087e-05, 2.1076811302e-05, 0.00031294338768, 0.0027631203627, 0.00067530554254, 0.0041046310482, 0.00015558037441, 9.1390534465e-05, 1.409050081e-05, 0.00091642686739, 1.7280014255e-05, 2.0156333166e-05, 0.0014335581945, 5.3876879721e-05, 0, 0.0026807743964, 6.5474119961e-05, 0.011234661203, 0, 0, 0.0071623567471, 0.0032071170176, 0.0014751604268, 7.9871391767e-05, 0.00053964725639, 0, 3.3375296714e-05, 0.0002756555023, 0.00035293462778, 0.0030394975151, 0.0010423644715, 0.0020351259699, 0, 0, 0, 0, 0, 0, 5.0212447597e-05, 0, 0, 1.0801012603e-05, 0, 0, 0.0036259231109, 0.034029854097, 0.0017739061338, 0],
