{
  "X": [
    [60, 349, 298, 559, 95],
    [48, 193, 241, 468, 68],
    [39, 68, 123, 113, 15],
    [26, 17, 80, 67, 9],
    [12, 17, 57, 33, 2],
    [75, 177, 368, 276, 63],
    [91, 146, 401, 349, 59],
    [110, 196, 493, 447, 83],
    [66, 170, 262, 287, 48],
    [0, 7, 11, 6, 1],
    [52, 173, 282, 390, 36],
    [33, 49, 173, 188, 12],
    [90, 181, 377, 709, 38],
    [21, 48, 118, 212, 11],
    [7, 32, 60, 47, 13],
    [1, 0, 9, 5, 0],
    [4, 4, 8, 7, 3],
    [42, 155, 352, 305, 59],
    [66, 140, 367, 230, 41],
    [22, 34, 121, 102, 7],
    [13, 14, 55, 46, 6],
    [45, 99, 268, 229, 28],
    [6, 4, 11, 3, 1],
    [0, 8, 10, 4, 0],
    [154, 198, 811, 726, 68],
    [17, 28, 25, 85, 10],
    [52, 125, 280, 310, 50],
    [2, 3, 15, 15, 0],
    [2, 5, 7, 10, 2],
    [11, 27, 50, 42, 7],
    [12, 32, 81, 64, 11],
    [11, 35, 85, 120, 6],
    [28, 48, 119, 122, 33],
    [34, 103, 207, 188, 44],
    [44, 117, 177, 253, 39],
    [58, 119, 220, 194, 53],
    [0, 1, 6, 4, 0],
    [10, 12, 26, 23, 2],
    [7, 9, 31, 29, 1],
    [67, 134, 388, 376, 14],
    [14, 31, 115, 55, 3],
    [0, 3, 0, 7, 0],
    [13, 14, 38, 25, 4],
    [7, 4, 16, 12, 0],
    [13, 21, 41, 35, 8],
    [14, 12, 68, 29, 1],
    [765, 1860, 3980, 4472, 511],
    [30, 79, 130, 99, 28],
    [339, 634, 965, 813, 157],
    [131, 185, 433, 379, 37]
  ],
  "W": [
    [99, 228, 887, 48, 99],
    [90, 202, 619, 51, 56],
    [61, 83, 177, 11, 26],
    [60, 45, 77, 7, 10],
    [12, 36, 43, 22, 8],
    [132, 279, 417, 46, 85],
    [167, 278, 468, 50, 83],
    [197, 331, 638, 73, 90],
    [92, 199, 447, 36, 59],
    [2, 7, 11, 3, 2],
    [125, 174, 572, 27, 35],
    [78, 102, 223, 21, 31],
    [190, 233, 864, 42, 66],
    [58, 67, 236, 12, 37],
    [21, 35, 83, 4, 16],
    [6, 4, 3, 1, 1],
    [5, 7, 11, 1, 2],
    [90, 280, 427, 51, 65],
    [110, 262, 353, 63, 56],
    [41, 80, 121, 22, 22],
    [17, 42, 57, 6, 12],
    [67, 206, 315, 38, 43],
    [7, 10, 6, 1, 1],
    [3, 8, 11, 0, 0],
    [430, 423, 941, 66, 97],
    [16, 24, 115, 3, 7],
    [105, 196, 404, 53, 59],
    [11, 7, 12, 1, 4],
    [10, 2, 12, 2, 0],
    [17, 37, 67, 5, 11],
    [18, 46, 97, 20, 19],
    [35, 47, 140, 16, 19],
    [47, 85, 164, 23, 31],
    [64, 143, 274, 40, 55],
    [78, 110, 347, 42, 53],
    [98, 160, 299, 35, 52],
    [3, 3, 4, 0, 1],
    [14, 19, 32, 5, 3],
    [21, 18, 36, 0, 2],
    [191, 214, 509, 24, 41],
    [72, 53, 82, 7, 4],
    [0, 1, 8, 1, 0],
    [21, 24, 35, 2, 12],
    [6, 9, 19, 2, 3],
    [27, 29, 52, 2, 8],
    [48, 25, 41, 3, 7],
    [1656, 2703, 5901, 605, 723],
    [40, 108, 165, 16, 37],
    [510, 708, 1328, 134, 228],
    [297, 266, 528, 23, 51]
  ],
  "method": "mvn_cdf",
  "mvncdf_method": "genz",
  "mvncdf_samples": 5000,
  "mvncdf_error": 1e-06,
  "cond_prob": [
    [
      [0.2582855888, 0.010789251295, 0.62848153539, 0.10219969827, 0.00024392624645],
      [0.058016302142, 0.23448499851, 0.58729274356, 0.075469172177, 0.044736783612],
      [0.010730845494, 0.30849810716, 0.070997383323, 0.57643670903, 0.033336954994],
      [0.033594973625, 0.11001173231, 0.4419578724, 0.16282733818, 0.25160808348],
      [0.10172920337, 0.15707980062, 0.17867601598, 0.12687056032, 0.43564441971]
    ],
    [
      [0.25427213174, 0.0084197928541, 0.60493916438, 0.13210939587, 0.00025951515654],
      [0.060040334321, 0.19254205318, 0.59469604645, 0.10263186615, 0.050089699901],
      [0.0094772238605, 0.2299846963, 0.05786553881, 0.67190295585, 0.030769585181],
      [0.032299101272, 0.083942472039, 0.41575632391, 0.20581858792, 0.26218351487],
      [0.097744729925, 0.11977019312, 0.16793808538, 0.16024713853, 0.45429985304]
    ],
    [
      [0.35373735717, 0.0058307325439, 0.57856051355, 0.061773868726, 9.7528007669e-05],
      [0.097372472142, 0.15677123784, 0.66742378481, 0.056340474859, 0.02209203034],
      [0.016990477916, 0.283948358, 0.10943709336, 0.56449319221, 0.025130878509],
      [0.064125017377, 0.083704070411, 0.571480396, 0.13852907217, 0.14216144405],
      [0.21643908625, 0.13279647821, 0.25596094818, 0.11986229918, 0.27494118818]
    ],
    [
      [0.31154557562, 0.0038098048577, 0.59375368514, 0.090749571424, 0.00014136296209],
      [0.086617890033, 0.10378890877, 0.69329225905, 0.083773257843, 0.032527684305],
      [0.01782989119, 0.1426677012, 0.093095041404, 0.71344734475, 0.032960021457],
      [0.050674110001, 0.04933295636, 0.52705741463, 0.18371350738, 0.18922201163],
      [0.16818400199, 0.077016712685, 0.23189071441, 0.15637890142, 0.3665296695]
    ],
    [
      [0.33771860613, 0.0040097658447, 0.6033314182, 0.054898971946, 4.1237873195e-05],
      [0.09520830898, 0.11318273683, 0.7294430376, 0.062165916596, 0],
      [0.022434014344, 0.23296949206, 0.14030019311, 0.60429630049, 0],
      [0.066606002838, 0.087483377477, 0.67082370968, 0.13767296128, 0.037413948725],
      [0.26123536549, 0.11687272762, 0.33863046393, 0.13621165876, 0.1470497842]
    ],
    [
      [0.26769732565, 0.0065758063136, 0.65549418895, 0.070075948314, 0.00015673077453],
      [0.067100427981, 0.15949000027, 0.68359458687, 0.057740732036, 0.03207425285],
      [0.017144291837, 0.28096381272, 0.10648546006, 0.56282810744, 0.032578327941],
      [0.041637020548, 0.080185066898, 0.55129810327, 0.1335249996, 0.19335480968],
      [0.13974659961, 0.12686894717, 0.24691444384, 0.11528046825, 0.37118954113]
    ],
    [
      [0.28003059799, 0.0048630602369, 0.63756326955, 0.077409116874, 0.00013395534595],
      [0.07435498709, 0.12486763122, 0.70420664634, 0.067541776738, 0.029028958621],
      [0.017413038267, 0.21140828271, 0.1047487536, 0.63700031713, 0.029429608289],
      [0.045771646253, 0.062294022785, 0.56342732651, 0.15496586928, 0.17354113517],
      [0.15814842775, 0.10145650621, 0.25980365412, 0.13773038152, 0.3428610304]
    ],
    [
      [0.28481681435, 0.0048149175029, 0.63928076489, 0.070927555678, 0.00015994757269],
      [0.075512516169, 0.12337076757, 0.70475499297, 0.061766517093, 0.0345952062],
      [0.01861149191, 0.22141522914, 0.11169778278, 0.61395695222, 0.034318543941],
      [0.045556990856, 0.060318393816, 0.55262851149, 0.13885892815, 0.20263717569],
      [0.15218502832, 0.094995313832, 0.24647466544, 0.11934796777, 0.38699702463]
    ],
    [
      [0.32048598901, 0.0066186773345, 0.60121031502, 0.07153756005, 0.00014745858678],
      [0.083801660033, 0.16779717445, 0.65525323855, 0.061607554697, 0.031540372266],
      [0.017876438932, 0.28038716674, 0.097795943149, 0.57269085688, 0.0312495943],
      [0.052117443872, 0.084572459924, 0.52970255232, 0.14283328492, 0.19077425897],
      [0.16901292343, 0.1291825742, 0.22896911993, 0.11904796287, 0.35378741956]
    ],
    [
      [0, 0.01066651925, 0.86653961358, 0.056631662557, 0.06616220461],
      [0, 0.22197001304, 0.716186979, 0.042806085382, 0.019036922579],
      [0, 0.40873765607, 0.12299852673, 0.45748125521, 0.010782561988],
      [0, 0.12981487426, 0.69105123444, 0.10601290894, 0.073120982361],
      [0, 0.26965901534, 0.41373721124, 0.11838077154, 0.19822300189]
    ],
    [
      [0.23583336589, 0.0064006933373, 0.66978011768, 0.087849041938, 0.00013678114691],
      [0.058322433378, 0.1532243726, 0.68936634136, 0.071450132939, 0.02763671972],
      [0.01214737745, 0.24299851256, 0.094789128421, 0.62395729103, 0.026107690546],
      [0.036144541911, 0.07696365266, 0.55525149882, 0.16506355504, 0.16657675157],
      [0.12710066636, 0.12759156275, 0.26047342766, 0.14932171921, 0.33551262402]
    ],
    [
      [0.23053909604, 0.0041193363247, 0.66823468037, 0.097035161996, 7.1725277426e-05],
      [0.060737871433, 0.10529418223, 0.73427472365, 0.084232035826, 0.015461186864],
      [0.014518693196, 0.15083216818, 0.10406613031, 0.72322264693, 0.0073603613806],
      [0.038807157264, 0.054555681539, 0.60971715575, 0.20088149282, 0.096038512624],
      [0.15387318509, 0.10185297945, 0.3216408319, 0.20459445468, 0.21803854888]
    ],
    [
      [0.26482371161, 0.0051767511185, 0.60874692154, 0.12115622444, 9.6391290641e-05],
      [0.070182925674, 0.13260362318, 0.67089608042, 0.10547796679, 0.020839403936],
      [0.013117297545, 0.16088896549, 0.076189954098, 0.73687574716, 0.012928035702],
      [0.042665286966, 0.065338301338, 0.53011383525, 0.23898439469, 0.12289818176],
      [0.1546300906, 0.1116287613, 0.25646055678, 0.22281759044, 0.25446300087]
    ],
    [
      [0.19784833053, 0.0054055872615, 0.64946202976, 0.14720490139, 7.9151055223e-05],
      [0.049683389472, 0.1318495308, 0.68032445224, 0.1218712385, 0.016271388988],
      [0.0064035752814, 0.14277132314, 0.076712741751, 0.77042532387, 0.0036870359578],
      [0.030043531962, 0.06464886993, 0.53446238605, 0.27516901165, 0.095676200407],
      [0.11687144823, 0.11845239663, 0.27653265644, 0.2749821126, 0.2131613861]
    ],
    [
      [0.17196644023, 0.006125042971, 0.76504352199, 0.056670181361, 0.00019481343998],
      [0.039698103913, 0.13885311118, 0.74075309408, 0.043478100633, 0.037217590188],
      [0.0069167108466, 0.30076842259, 0.13761711311, 0.51200700657, 0.042690746882],
      [0.024142621586, 0.068377470798, 0.58397727607, 0.09874428882, 0.22475834273],
      [0.08303835197, 0.11088914052, 0.26559989079, 0.087289623029, 0.45318299369]
    ],
    [
      [0.11753018702, 0, 0.73542862863, 0.14704118434, 0],
      [0.030061765546, 0, 0.8072324435, 0.16270579095, 0],
      [0.0031708256369, 0, 0.084006365121, 0.91282280924, 0],
      [0.018500624392, 0, 0.66778428704, 0.31371508857, 0],
      [0.14655871437, 0, 0.43869507178, 0.41474621385, 0]
    ],
    [
      [0.50220381552, 0.0039768344921, 0.44450603602, 0.048979126774, 0.00033418719559],
      [0.13560177397, 0.12799266212, 0.59255157879, 0.052224032495, 0.091629952616],
      [0.024083984558, 0.26938515207, 0.10555873708, 0.5659091029, 0.035063023389],
      [0.055603413867, 0.043421758373, 0.31389214006, 0.083374579235, 0.50370810846],
      [0.10962063028, 0.038754380783, 0.077285260207, 0.040580713744, 0.73375901499]
    ],
    [
      [0.20011705086, 0.0061925000351, 0.70908082432, 0.084436408893, 0.00017321588953],
      [0.048025296725, 0.14373160428, 0.7077262015, 0.066585469337, 0.033931428151],
      [0.0059550442772, 0.2415984371, 0.105668016, 0.6146734111, 0.032105091529],
      [0.028895002018, 0.070067503436, 0.55332869843, 0.14930494086, 0.19840385525],
      [0.10039897431, 0.11479769971, 0.25660589137, 0.13348758865, 0.39470984595]
    ],
    [
      [0.26251442852, 0.0051603723099, 0.67416515717, 0.058055824341, 0.0001042176625],
      [0.068284945855, 0.12992740999, 0.7299865422, 0.049662062351, 0.022139039607],
      [0.020371974473, 0.26725063778, 0.12817566151, 0.55671455646, 0.027487169765],
      [0.044850058081, 0.069151766282, 0.62321352015, 0.12157293156, 0.14121172392],
      [0.16456957858, 0.11955966455, 0.30494461379, 0.11469760475, 0.29622853832]
    ],
    [
      [0.24298618885, 0.0042462339528, 0.66665216678, 0.086054840996, 6.0569419788e-05],
      [0.064241047331, 0.10943422879, 0.73792745567, 0.077211594986, 0.01118567322],
      [0.018454586784, 0.17654688898, 0.1104762944, 0.69452222984, 0],
      [0.04222807031, 0.058343026383, 0.63051386729, 0.18485382619, 0.084061209826],
      [0.16982999651, 0.11024754352, 0.33609672754, 0.1904931788, 0.19333255364]
    ],
    [
      [0.31069863324, 0.0033461432445, 0.61418206439, 0.071691046859, 8.2112269729e-05],
      [0.087136414919, 0.093023483892, 0.73307322196, 0.067545763171, 0.019221116053],
      [0.021709960245, 0.15332255386, 0.11479468692, 0.68649016483, 0.023682634139],
      [0.055888568121, 0.048518132815, 0.61128933015, 0.16267217719, 0.12163179173],
      [0.2071328888, 0.083802906211, 0.29656637062, 0.15319647429, 0.25930136008]
    ],
    [
      [0.25449865317, 0.0046417861706, 0.66817823247, 0.072584857409, 9.6470778339e-05],
      [0.066846690835, 0.11816039123, 0.73150111595, 0.062772393879, 0.0207194081],
      [0.017755730011, 0.21369197011, 0.11446996243, 0.63242768067, 0.021654656785],
      [0.043158721639, 0.061836205122, 0.61387055815, 0.15112629701, 0.13000821808],
      [0.16151361744, 0.10895845011, 0.30599323637, 0.1453065748, 0.27822812128]
    ],
    [
      [0.601684481, 0.0033744925685, 0.37275427951, 0.022141504808, 4.5242106194e-05],
      [0.08601354805, 0.16528379948, 0.68903899843, 0.0054178191215, 0.054245834917],
      [0.060176687983, 0.35693684992, 0.11953195102, 0.44235529651, 0.020999214566],
      [0.1440766222, 0.079155759753, 0.57785706783, 0.080300302659, 0.11861024756],
      [0.42293640239, 0.10276369794, 0.20528128512, 0.056399193414, 0.21261942114]
    ],
    [
      [0, 0.014626129351, 0.88058291378, 0.10479095687, 0],
      [0, 0.28945138932, 0.67024435234, 0.04030425834, 0],
      [0, 0.51277368158, 0.18148149454, 0.30574482388, 0],
      [0.010216543521, 0.18547429991, 0.71185699616, 0.077563255274, 0.014888905128],
      [0.044572971942, 0.41800164942, 0.40558713492, 0.093923373687, 0.037914870027]
    ],
    [
      [0.2266942001, 0.0036006438947, 0.6935866837, 0.076019423713, 9.9048591517e-05],
      [0.059900366234, 0.09179737028, 0.76109578231, 0.065887498672, 0.021318982508],
      [0.0153561783, 0.15533750334, 0.12539102267, 0.68029038198, 0.023624913718],
      [0.038015728851, 0.04721351844, 0.62780907155, 0.15578753899, 0.13117414217],
      [0.146643682, 0.085904666392, 0.32356555712, 0.15470112219, 0.2891849723]
    ],
    [
      [0.57030496892, 0.0046138049673, 0.33988524082, 0.084998144904, 0.00019784038744],
      [0.19093237976, 0.15745703582, 0.49641523874, 0.098158375094, 0.057036970583],
      [0.010810489472, 0.20347881948, 0.050976827925, 0.69433194125, 0.040401921866],
      [0.099609106898, 0.06707839523, 0.33746040191, 0.19307803141, 0.30277406455],
      [0.25010139616, 0.077987262089, 0.11045057142, 0.12240304869, 0.43905772164]
    ],
    [
      [0.24465939089, 0.0058885731955, 0.65250226974, 0.096789246788, 0.00016051938743],
      [0.061465503336, 0.14323008263, 0.68238088775, 0.07997614978, 0.032947376506],
      [0.012362606259, 0.21318138861, 0.088359496517, 0.65748059717, 0.028615911443],
      [0.036524384053, 0.068975384845, 0.52696740944, 0.17717620265, 0.19035661902],
      [0.12429220372, 0.11063774954, 0.23922200652, 0.15507294465, 0.37077509556]
    ],
    [
      [0.12986427653, 0.0050900387256, 0.66423275503, 0.20081292972, 0],
      [0.03195456474, 0.124915643, 0.68019344895, 0.16293634331, 0],
      [0, 0.10574532249, 0.093069463529, 0.80118521399, 0],
      [0.018882355879, 0.059963918382, 0.54899709096, 0.37215663478, 0],
      [0.082232162281, 0.18517307121, 0.31656372467, 0.41603104184, 0]
    ],
    [
      [0.17576712763, 0.020477422909, 0.58390532853, 0.21898098834, 0.00086913259461],
      [0.025560490348, 0.35830614675, 0.36833099383, 0.11868821701, 0.12911415206],
      [0.014812582971, 0.32696138353, 0.014578901883, 0.61013806181, 0.033509069804],
      [0.0067283736913, 0.077538437528, 0.12466895222, 0.12557847041, 0.66548576615],
      [0.0065062950409, 0.039907223328, 0.017187210449, 0.034931461416, 0.90146780977]
    ],
    [
      [0.28346674815, 0.0060814780629, 0.64794861788, 0.062393220654, 0.00010993525783],
      [0.071877190132, 0.15347256623, 0.69811718633, 0.053227098977, 0.023305958332],
      [0.021849212728, 0.28858841787, 0.10713886491, 0.55270070141, 0.029722803091],
      [0.046859370026, 0.081138796659, 0.59145613785, 0.12997523351, 0.15057046195],
      [0.16576501306, 0.1342738129, 0.27445026945, 0.11718994773, 0.30832095686]
    ],
    [
      [0.21988812976, 0.0044354417039, 0.71854549115, 0.057041824948, 8.9112436788e-05],
      [0.055792509668, 0.11036038802, 0.76705511069, 0.048123915365, 0.018668076256],
      [0.020027804327, 0.24283593537, 0.13358345256, 0.57803591857, 0.025516889171],
      [0.03709209205, 0.059492920532, 0.66252384625, 0.11953977018, 0.12135137099],
      [0.14689575573, 0.11045473994, 0.34597759176, 0.12101408104, 0.27565783153]
    ],
    [
      [0.1751752712, 0.0057355191666, 0.69295394199, 0.12606436874, 7.0898905964e-05],
      [0.042665715744, 0.13620992587, 0.70545984548, 0.10149359748, 0.014170915425],
      [0.0026373270167, 0.17691725242, 0.089081205752, 0.73058621053, 0.0007780042817],
      [0.026889943139, 0.069599819763, 0.57747973129, 0.239079726, 0.086950779809],
      [0.10863747344, 0.13238830833, 0.30941867301, 0.24790541696, 0.20165012826]
    ],
    [
      [0.29162739619, 0.0050056622574, 0.6197478471, 0.083354615236, 0.00026447921776],
      [0.0753969662, 0.12619055258, 0.67082656445, 0.071308856831, 0.056277059944],
      [0.019649974358, 0.20362234863, 0.099896023575, 0.64241968291, 0.034411970524],
      [0.04036279175, 0.054781436204, 0.46654987973, 0.14256140484, 0.29574448748],
      [0.120446137, 0.076919312784, 0.18509671317, 0.10920451435, 0.5083333227]
    ],
    [
      [0.23115613755, 0.0064244292412, 0.6843081522, 0.077937031158, 0.00017424985319],
      [0.056304820202, 0.15179006631, 0.69465309204, 0.062525037537, 0.03472698391],
      [0.012587947838, 0.26050491058, 0.1039406289, 0.590066808, 0.032899704683],
      [0.03405923409, 0.074395341896, 0.54598990311, 0.14101971897, 0.20453580193],
      [0.11532637885, 0.11870359769, 0.2463555937, 0.12276100886, 0.3968534209]
    ],
    [
      [0.28229747955, 0.007276171965, 0.61111856087, 0.09915388048, 0.00015390713824],
      [0.070741519097, 0.17703389492, 0.63873514051, 0.081910774488, 0.031578670982],
      [0.014285176127, 0.2484313308, 0.076042146955, 0.63471697327, 0.026524372846],
      [0.042687850616, 0.086576863234, 0.50092774802, 0.18433836652, 0.18546917161],
      [0.14055440854, 0.13427981323, 0.21974144125, 0.15597756623, 0.34944677075]
    ],
    [
      [0.31382045011, 0.0066333847298, 0.60828798444, 0.071020387341, 0.00023779337524],
      [0.080002981729, 0.16411661239, 0.64657552517, 0.059663121743, 0.049641758972],
      [0.019388945017, 0.28066573011, 0.10148595989, 0.56195583478, 0.036503530202],
      [0.04545642185, 0.075566043797, 0.47744966631, 0.12640695337, 0.27512091468],
      [0.13570864399, 0.10629625924, 0.19001256093, 0.097016626806, 0.47096590903]
    ],
    [
      [0, 0.046536696815, 0.86637156612, 0.087091737063, 0],
      [0, 0.079424132908, 0.85355205309, 0.067023814006, 0],
      [0, 0.11138556304, 0.078895809232, 0.80971862773, 0],
      [0.0087607794291, 0.038365743943, 0.75848335146, 0.18835651818, 0.0060336069886],
      [0, 0.17657525866, 0.52464590545, 0.29877883589, 0]
    ],
    [
      [0.43477593676, 0.0048229301552, 0.49790467719, 0.062436711401, 5.974449342e-05],
      [0.12815693984, 0.14739957978, 0.64509418642, 0.064126417641, 0.015222876322],
      [0.0053989209426, 0.2609551076, 0.10006363021, 0.61488155935, 0.018700781892],
      [0.086271470329, 0.080825020972, 0.56668328364, 0.16336185982, 0.10285836523],
      [0.29134406888, 0.12573280462, 0.24569746417, 0.13815496891, 0.19907069342]
    ],
    [
      [0.23448379213, 0.0045189132338, 0.66863403583, 0.092307217585, 5.604122391e-05],
      [0.060192946174, 0.11632264977, 0.73134882563, 0.080061497423, 0.012074081002],
      [0.0187286822, 0.18266072706, 0.087201909583, 0.7003155797, 0.011093101455],
      [0.039395055588, 0.062028403617, 0.62173004615, 0.19808869801, 0.078757796635],
      [0.15906738746, 0.11775447599, 0.32756882065, 0.20454030394, 0.19106901195]
    ],
    [
      [0.21487668669, 0.004498966701, 0.70309723339, 0.077468661802, 5.8451419744e-05],
      [0.055450206549, 0.11221326143, 0.75437438064, 0.065661714209, 0.012300437167],
      [0.013535594439, 0.20193269615, 0.12102527435, 0.66021106424, 0.0032953708236],
      [0.037192760872, 0.060999963454, 0.65766607426, 0.1641509793, 0.079990222118],
      [0.15390158074, 0.11900775491, 0.36308440344, 0.17475179396, 0.18925446695]
    ],
    [
      [0.15678386454, 0.0054953881814, 0.77285662491, 0.064801231289, 6.289107296e-05],
      [0.038934322666, 0.12856672568, 0.77165175006, 0.04847283982, 0.012374361766],
      [0, 0.2768939276, 0.14678669254, 0.56510940672, 0.011209973143],
      [0.026893197308, 0.071934829946, 0.69247256382, 0.12506843354, 0.083630975377],
      [0.11494756764, 0.14536242922, 0.39324087943, 0.13770011277, 0.20874901094]
    ],
    [
      [8.3496759858e-10, 0.050416867373, 0.14670600274, 0.80282281149, 5.4317562624e-05],
      [0, 0.57816807618, 0, 0.42183192382, 0],
      [0, 0.24853948551, 0, 0.75146051449, 0],
      [0, 0.43351603978, 0, 0.56648396022, 0],
      [0.00032659430857, 0.39469823375, 0.080076032622, 0.51280630081, 0.01209283851]
    ],
    [
      [0.34332046624, 0.0047261377887, 0.59321122952, 0.05867249682, 6.9669628618e-05],
      [0.095056129448, 0.13138740777, 0.70238082253, 0.054985090296, 0.016190549947],
      [0.016826235338, 0.26120268195, 0.11307794398, 0.58937397622, 0.019519162517],
      [0.06414607848, 0.07196137265, 0.61634068317, 0.13948514902, 0.10806671668],
      [0.23264272571, 0.1217863922, 0.2912512528, 0.12843132782, 0.22588830147]
    ],
    [
      [0.58265426877, 0.001212504263, 0.39534529413, 0.020787932841, 0],
      [0.17002171651, 0.04924868635, 0.70417733035, 0.076552266794, 0],
      [0, 0.1678251586, 0.26259624595, 0.56957859544, 0],
      [0.15959775516, 0.030682323167, 0.72719371982, 0.082526201856, 0],
      [0.55156114283, 0.099814712488, 0.28220538313, 0.066418761556, 0]
    ],
    [
      [0.31697006915, 0.0071071341081, 0.59784032446, 0.077841567551, 0.000240904733],
      [0.078594737458, 0.17633880751, 0.62961811465, 0.065082493175, 0.050365847204],
      [0.020507375415, 0.28215186036, 0.082835712124, 0.5756886441, 0.038816408003],
      [0.043697608582, 0.079539571208, 0.4544591157, 0.13590648154, 0.28639722297],
      [0.12609775101, 0.10791325998, 0.17287633161, 0.10040786475, 0.49270479265]
    ],
    [
      [0.21018260257, 0.0032537270364, 0.73549597937, 0.051067691027, 0],
      [0.05507872289, 0.08903776748, 0.81185395913, 0.044029550502, 0],
      [0.025950364735, 0.2133345241, 0.17062905286, 0.5900860583, 0],
      [0.039129269176, 0.048196219283, 0.74960900388, 0.11197022685, 0.051095280808],
      [0.19327346326, 0.1037961099, 0.4507465476, 0.13122471388, 0.12095916537]
    ],
    [
      [0.24481401994, 0.0061251008401, 0.65254364568, 0.096394125274, 0.00012310826143],
      [0.061841416123, 0.14912045941, 0.68393853281, 0.079796531868, 0.025303059785],
      [0.011991412059, 0.22211650609, 0.089492094705, 0.65470489225, 0.021695094887],
      [0.038322315436, 0.074870174612, 0.55088699738, 0.18414199354, 0.15177851903],
      [0.13621619888, 0.12555777749, 0.26185668643, 0.16855024567, 0.30781909153]
    ],
    [
      [0.30380696395, 0.0074508731751, 0.62555103336, 0.063016408248, 0.00017472126599],
      [0.075899936524, 0.181710551, 0.65436238387, 0.052121894258, 0.03590523435],
      [0.020541615225, 0.31875385809, 0.10727698443, 0.51700283063, 0.036424711623],
      [0.046876162969, 0.090918395213, 0.52519745811, 0.12011031885, 0.21689766486],
      [0.14894981562, 0.13589580151, 0.22170160669, 0.097917484727, 0.39553529146]
    ],
    [
      [0.37920487844, 0.0079056376878, 0.54880502931, 0.063953766713, 0.00013068784949],
      [0.10144506092, 0.20414085808, 0.60979806876, 0.056134208393, 0.028481803843],
      [0.013868785235, 0.32777226854, 0.10239860477, 0.52545061908, 0.030509722374],
      [0.065678714019, 0.10708300954, 0.51318462226, 0.13536814921, 0.17868550497],
      [0.2042268175, 0.15704254982, 0.21324699936, 0.10834563728, 0.31713799604]
    ],
    [
      [0.30595252141, 0.0061515048984, 0.60736028401, 0.080423272939, 0.00011241674315],
      [0.080898087447, 0.15727390091, 0.66771395254, 0.069859063087, 0.024254996023],
      [0.015976653782, 0.25149912152, 0.093603168479, 0.61604917477, 0.022871881451],
      [0.051453017436, 0.08106068986, 0.55201126594, 0.1655998497, 0.14987517707],
      [0.17635524082, 0.13102379168, 0.25261474907, 0.1460591438, 0.29394707464]
    ]
  ],
  "expected_outcome": [
    [
      [25.570273291, 22.8844918568, 21.5779787874, 18.692734537, 4.0526232736, 35.3360469854, 46.765109864, 56.1089124275, 29.4847109891, 0, 29.4791707366, 17.9820494907, 50.3165052065, 11.4752031708, 3.6112952449, 0.70518112214, 2.5110190776, 18.0105345773, 28.8765871371, 9.9624337427, 5.2818767651, 17.0514097625, 4.211791367, 0, 97.4785060438, 9.1248795027, 25.689236043, 1.4285070418, 1.7576712763, 4.8189347185, 3.9579863356, 6.1311344921, 13.706487621, 14.7939928031, 22.0192034049, 30.7544041112, 0, 6.0868631147, 4.9241596348, 41.0414471575, 11.288438247, 0, 7.209729791, 3.4959256126, 8.5581918669, 10.0887649233, 405.4120170271, 12.152278558, 193.3944880061, 90.8678988598],
      [1.0681358782, 0.75778135687, 0.35567468518, 0.22858829146, 0.048117190136, 0.8680064334, 0.81213105956, 0.94853874807, 0.60891831477, 0.0213330385, 0.80008666716, 0.32130823333, 0.98358271252, 0.31352406117, 0.12862590239, 0, 0.01988417246, 0.55732500316, 0.56764095409, 0.17409559206, 0.056884435156, 0.31099967343, 0.023621447979, 0.043878388054, 1.5482768747, 0.073820879476, 0.61830018553, 0.055990425981, 0.20477422909, 0.10338512707, 0.079837950671, 0.20074317083, 0.2352661261, 0.41116347144, 0.56754141327, 0.65007170352, 0.13961009045, 0.067521022173, 0.09489717791, 0.85930263989, 0.39566794906, 0, 0.099248893562, 0.007275025578, 0.19189262092, 0.15617889775, 10.1431669912, 0.298034927, 4.0318752208, 1.8269969548],
      [62.2196720036, 54.4445247938, 35.2921913267, 35.6252211084, 7.2399770185, 86.5252329415, 106.4730660156, 125.938310684, 55.3113489815, 1.7330792272, 83.7225147106, 52.1223050686, 115.6619150918, 37.668797726, 16.0659139619, 4.4125717718, 2.2225301801, 63.8172741891, 74.1581672884, 27.3327388382, 10.4410950946, 44.7679415756, 2.6092799566, 2.6417487413, 298.2422739905, 5.4381638532, 68.512738323, 7.3065603053, 5.8390532853, 11.0151265039, 12.9338188408, 24.2533879695, 29.1281488135, 43.7957217408, 47.6672477477, 59.612222475, 2.5991146984, 6.9706654806, 14.0413147524, 134.2915715773, 55.6456769938, 0, 12.45743582, 2.3720717648, 16.1416887605, 35.3038070097, 1080.6122772477, 25.0220413344, 279.8905649462, 180.3860043498],
      [10.1177701288, 11.8898456284, 3.7682059923, 5.4449742854, 0.65878766336, 9.2500251774, 12.927322518, 13.9727284685, 6.5814555246, 0.11326332511, 10.9811302423, 7.5687426357, 23.019682644, 8.5378842808, 1.1900738086, 0.88224710605, 0.24489563387, 7.5992768004, 6.3861406775, 3.5282484808, 1.2187477966, 4.8631854464, 0.15499053366, 0.31437287062, 32.6883521967, 1.3599703185, 10.1628709128, 2.2089422269, 2.1898098834, 1.0606847511, 1.0267528491, 4.4122529059, 3.9176669161, 4.9879699941, 7.7340026774, 6.9599979594, 0.26127521119, 0.87411395962, 1.9384515693, 14.7965144041, 4.6656886528, 0, 1.2321224332, 0.12472759704, 2.1017223239, 2.4512491693, 159.6286714531, 2.5206563299, 32.6164210237, 23.8857120628],
      [0.024148698398, 0.023356364088, 0.0059492084678, 0.0084817777253, 0.00049485447834, 0.020688462237, 0.022370542773, 0.031509671821, 0.013566189984, 0.13232440922, 0.017097643364, 0.0055945716392, 0.018314345222, 0.0045907612029, 0.0040910822395, 0, 0.001670935978, 0.015589430057, 0.011463942875, 0.0024833462113, 0.0013959085854, 0.0064635421487, 0.00031669474335, 0, 0.042590894352, 0.003165446199, 0.01685453568, 0, 0.0086913259461, 0.0018688993831, 0.0016040238622, 0.0024814617088, 0.012430523235, 0.011151990604, 0.012004756783, 0.023303750774, 0, 0.00083642290788, 0.0011768657021, 0.011164221171, 0.0045281572531, 0, 0.001463062201, 0, 0.0065044277909, 0, 0.20386728094, 0.0069888506398, 0.066650803238, 0.033387772715]
    ],
    [
      [13.2277168883, 12.1281475328, 8.0819151878, 3.8978050515, 3.4274991233, 18.7210194066, 20.6706864109, 24.9946428519, 16.6765303465, 0, 10.1481034077, 6.1952628862, 16.3526216819, 3.3287870946, 1.389433637, 0.12024706218, 0.94921241781, 13.447083083, 17.890655814, 5.1392837865, 3.6597294266, 13.7704183119, 0.8601354805, 0, 25.3378549171, 4.5823771142, 12.0472386539, 0.22368195318, 0.051120980696, 2.6594560349, 2.5664554447, 2.00528864, 6.408742127, 8.0515892889, 7.7815671007, 12.8004770766, 0, 2.4349818569, 1.0834730311, 11.8663442016, 2.0635191013, 0, 2.2813471068, 1.5301954486, 2.2792473863, 1.3769680723, 167.1573477814, 8.1971931446, 71.8231031335, 21.5188912609],
      [53.4625796601, 38.8934947433, 13.0120127411, 4.6705008949, 4.0745785258, 44.4977100742, 34.713201478, 40.8357240649, 33.3916377161, 1.5537900913, 26.661040833, 10.7400065874, 30.8966442004, 8.8339185638, 4.8598588915, 0, 0.89594863487, 40.2448491996, 34.0409814176, 8.7547383034, 3.9069863235, 24.3410405942, 1.6528379948, 2.3156111146, 38.8302876286, 3.7789688598, 28.073096195, 0.87440950099, 0.7166122935, 5.6784849505, 5.0765778488, 6.4018665158, 10.7261969689, 21.7059794821, 19.4737284417, 26.2586579816, 0.23827239872, 2.8005920157, 2.0938076959, 24.0136379465, 6.8140364612, 0.57816807618, 3.1532977866, 0.44323817715, 5.1138254179, 2.225944187, 403.0726017843, 19.6247395081, 144.531727522, 41.8348576413],
      [133.9027455317, 120.1286013824, 55.3961741396, 31.198151657, 26.2599493535, 190.722889736, 195.7694476816, 233.2739026734, 130.3953944718, 5.013308853, 119.9497433967, 74.896021812, 156.318786739, 45.5817383, 25.9263582928, 3.228929774, 4.1478610515, 198.1633364209, 191.2564740555, 59.0341964537, 30.7890753225, 150.6892298861, 6.8903899843, 5.3619548187, 321.9435159151, 11.9139657298, 133.7466539993, 4.7613541427, 0.73666198767, 25.8303358942, 35.2845350919, 33.1566127375, 57.0202579782, 99.335392162, 70.2608654559, 103.4520840274, 2.5606561593, 12.2567895421, 13.1642788613, 161.4361174574, 40.8975427534, 0, 16.8571397408, 6.3375959731, 18.2589253248, 20.2963489782, 1848.6858541971, 70.6711374576, 431.7370326815, 177.6119113745],
      [17.2069712564, 20.7316369614, 4.6762594133, 3.7697966029, 2.2379729974, 16.1096642381, 18.776613933, 20.4447171577, 12.2599033846, 0.29964259767, 12.4323231313, 8.5916676543, 24.5763662616, 8.1653729795, 1.5217335221, 0.6508231638, 0.36556822747, 18.6439314144, 13.0114603359, 6.1769275989, 2.8369220532, 12.9311131392, 0.054178191215, 0.32243406672, 27.8704119384, 2.3558010022, 15.6753253568, 1.1405544031, 0.23737643402, 1.9694026621, 2.2137001068, 4.7701990818, 6.0612528306, 8.9410803678, 9.0101851936, 9.5460994789, 0.20107144202, 1.2184019352, 1.4411069536, 14.0516068407, 2.5690605105, 0.42183192382, 1.3196421671, 0.68897040115, 1.8873923021, 1.1007387626, 215.6900256386, 5.6291645799, 39.7430195424, 18.5825107813],
      [10.1999866635, 10.1181193801, 1.8336385182, 1.4637457937, 0, 8.9487165451, 8.0700504965, 11.4510132521, 6.276534081, 0.13325845805, 4.8087892313, 1.5770410601, 4.8555811171, 1.0901830622, 1.3026156566, 0, 0.64140966831, 9.5007998822, 5.800428377, 0.89485385759, 0.80728687422, 4.2681980686, 0.54245834917, 0, 9.0179296007, 1.368887294, 6.4576857951, 0, 0.25822830411, 0.86232045828, 0.85873150777, 0.66603302499, 4.7835500953, 4.9659586992, 3.473653808, 7.9426814355, 0, 0.28923465013, 0.21733345804, 2.6322935538, 0.65584117359, 0, 0.38857319874, 0, 1.4606095689, 0, 68.3941705986, 3.8777653098, 20.1651171206, 6.4518289421]
    ],
    [
      [9.5182599532, 5.8664015696, 3.0073145911, 1.3729016216, 0.96466261679, 7.1491696962, 8.1493019089, 11.8741318389, 7.9907682024, 0, 6.9482999016, 3.2376685827, 11.3333450793, 1.5112437664, 0.57408700027, 0.0095124769106, 0.26492383014, 2.5428039064, 7.191306989, 2.2330050008, 1.237467734, 5.5930549535, 0.3610601279, 0, 14.4501637804, 1.2432062893, 4.9944929287, 0, 0.17775099565, 1.4638972528, 1.9426970197, 0.36922578234, 3.2225957947, 3.4490977076, 4.9569561161, 5.79729456, 0, 0.17276547016, 0.67423255919, 6.8896175697, 0, 0, 0.58891823682, 0, 1.0663835216, 1.0639649541, 70.7613225617, 3.3893665122, 18.4177467924, 8.4356731967],
      [273.6378210498, 142.3605270109, 50.2588593658, 10.9854129923, 10.0176881586, 117.1619099053, 98.9390763078, 141.2629161936, 125.333063534, 4.4961142167, 138.9951491818, 33.6355735039, 139.0080661848, 33.6940322605, 24.9637790746, 0, 2.9632366727, 103.1625326409, 94.3394751378, 21.3621735668, 8.7393855699, 67.3129705831, 2.1416210995, 5.6405104974, 146.1725906397, 23.4000642404, 86.1252809998, 1.2689438698, 3.9235366023, 19.3354239973, 23.5550857311, 24.7684153388, 33.394065176, 71.3783454977, 86.2056717882, 83.9190533014, 0.44554225217, 8.3505634433, 6.5757861742, 102.7837423393, 22.7053020632, 1.988315884, 9.1420938681, 3.1886780135, 14.6718967389, 8.7467154881, 1310.7095024611, 52.5943865855, 435.2815726194, 132.7915361615],
      [62.9746790072, 35.8187685233, 19.3703655251, 7.1683181881, 6.0329083036, 44.4044368457, 49.0224166855, 71.2631854137, 43.7147865875, 1.3529837941, 54.2193814567, 23.2067470597, 65.8281203411, 18.1042070532, 11.4222203884, 0.25201909536, 1.1611461079, 45.1202428307, 45.2460085145, 13.3676316219, 6.5432971546, 36.0580381647, 0.71719170611, 1.99629644, 117.9929523319, 5.8623352113, 35.6972365929, 1.1168335624, 0.1749468226, 7.1783039487, 12.9575948988, 12.4713688053, 16.3829478662, 28.4797323192, 26.3866249933, 30.3443020083, 0.31558323693, 3.2020361666, 3.139268745, 61.6018646421, 12.0365087883, 0, 3.9577280392, 4.9893286731, 4.3074570304, 6.9957911673, 528.0928508544, 17.7007024308, 135.9853471344, 49.4224729567],
      [511.2993609102, 415.9079296689, 99.9152950219, 54.9354455458, 25.9847409209, 234.6993208015, 298.1161484184, 391.7045355194, 255.9928130242, 5.0322938073, 356.9035704678, 161.2786502658, 636.6606455484, 181.8203764338, 42.4965815455, 2.7384684277, 6.2250001319, 262.465546539, 196.5202384317, 84.0371898105, 39.1299393956, 199.2147194115, 2.6541317791, 3.3631930627, 640.1532494393, 79.8481732443, 265.6221612554, 9.6142225678, 7.3216567418, 37.0309469941, 56.0694841008, 102.2820694742, 105.3568279972, 161.6783053923, 220.2467897249, 168.0247945999, 3.2388745109, 19.6762098994, 25.2113608692, 336.0474316998, 46.3389713508, 6.011684116, 20.6280891678, 10.8219933134, 29.9358094929, 24.1935283904, 3863.4135691946, 85.3054670538, 697.7984221415, 325.2739642791],
      [29.5698790795, 19.0463732273, 4.4481654961, 2.5379216522, 0, 13.5851627513, 13.7730566793, 21.8952310344, 13.9685686519, 0.11860818187, 14.9335989921, 1.6413605879, 11.1698228465, 0.87014048603, 3.5433319912, 0, 0.38569325728, 13.7088740831, 9.702970927, 0, 1.3499101459, 6.8212168872, 0.12599528739, 0, 22.2310438087, 4.6462210146, 11.5608282231, 0, 0.40210883765, 1.9914278071, 2.4751382496, 0.10892059944, 5.6435631659, 9.0145190832, 9.2039573776, 10.9145555304, 0, 0.59842502055, 0.39935165236, 1.6773437492, 0.91921779775, 0, 0.6831706881, 0, 2.0184532161, 0, 128.0227549283, 6.0100774177, 40.5169113123, 12.0763534061]
    ],
    [
      [1.612558734, 1.6472541649, 0.70537519114, 0.35471877001, 1.4653320624, 1.9153029452, 2.2885823126, 3.3256603325, 1.8762279794, 0, 0.97590263161, 0.81495030254, 1.7919420526, 0.36052238355, 0.096570486343, 0.018500624392, 0.055603413867, 1.4736451029, 2.8255536591, 0.92901754682, 0.33533140872, 1.6400314223, 0.1440766222, 0, 2.5090381042, 0.29882732069, 1.9357923548, 0.018882355879, 0.013456747383, 0.23429685013, 0.741841841, 0.43023909023, 0.92834421024, 1.3623693636, 1.7928897259, 1.5909747648, 0, 0.43135735165, 0, 0.89262626093, 0.18825238115, 0, 0.12829215696, 0.31919551031, 0.087395217165, 0.11738780753, 23.1850008387, 0.7500186075, 8.8009476785, 1.183419401],
      [5.2805631508, 4.281066074, 0.92074477452, 0.34533069452, 1.9246343045, 3.6885130773, 3.1147011393, 4.4032427486, 3.0446085573, 0.38944462278, 2.0780186218, 1.1456693123, 2.7442086562, 0.77578643916, 0.27350988319, 0, 0.043421758373, 3.5734426752, 4.3565612757, 1.2835465804, 0.29110879689, 2.3497757946, 0.079155759753, 0, 3.116092217, 0.20123518569, 3.6556953968, 0.059963918382, 0.15507687506, 0.4056939833, 1.1898584106, 1.1135971162, 1.2599730327, 2.9758136759, 3.6362282558, 2.6448115329, 0, 0.40412510486, 0, 1.4639991229, 0.50354380962, 0.43351603978, 0.1439227453, 0.061364646334, 0.15907914242, 0.14458865785, 45.2964556403, 1.4546943234, 14.349123279, 1.8643958668],
      [21.2139778754, 21.2035725192, 6.286284356, 3.6894019024, 14.7581216129, 25.3597127506, 28.1713663254, 40.341881339, 19.0692918834, 2.0731537033, 14.9917904681, 12.8040602708, 22.2647810804, 6.4135486326, 2.3359091043, 0.66778428704, 0.31389214006, 28.2197636201, 39.2624517695, 13.8713050803, 3.6677359809, 23.3270812096, 0.57785706783, 0, 41.4353987222, 1.0123812057, 27.9292727001, 0.54899709096, 0.24933790445, 2.9572806892, 13.250476925, 9.2396757006, 10.7306472337, 21.8395961246, 21.0389654167, 16.7107383207, 0, 2.8334164182, 0, 15.7839857822, 4.8473079468, 0, 1.2326813663, 1.4543874396, 0.9089182314, 2.2488270117, 333.2866334131, 8.4031593297, 68.766739383, 12.6962591166],
      [7.8157122328, 10.4967479837, 1.5238197938, 1.2859945517, 3.0288051482, 6.1421499814, 7.7482934642, 10.1367017547, 5.1419982571, 0.31803872682, 4.4567159861, 4.2185113492, 10.037344577, 3.3020281398, 0.39497715528, 0.31371508857, 0.083374579235, 7.6145519839, 7.6590946886, 4.0667841762, 0.97603306316, 5.7427992864, 0.080300302659, 0, 10.2819775733, 0.57923409423, 9.3903387404, 0.37215663478, 0.25115694082, 0.64987616757, 2.3907954036, 3.825275616, 3.2789123114, 5.6407887587, 7.7422113938, 4.4242433679, 0, 0.81680929912, 0, 3.9396235031, 0.87547903481, 0.56648396022, 0.27897029803, 0.16505240371, 0.27181296308, 0.33591068055, 111.405906093, 1.9217651015, 18.1393319936, 3.8087965431],
      [12.0771880069, 13.3713592582, 1.5637758845, 1.3245540814, 0.82310687194, 8.8943212455, 8.6770567585, 14.7925138253, 6.8678733229, 0.21936294708, 4.4975722924, 2.0168087651, 5.1617236339, 1.1481144049, 0.89903337091, 0, 0.50370810846, 10.1185966179, 8.8963386071, 1.8493466162, 0.72979075035, 4.9403122871, 0.11861024756, 0, 8.6574933833, 0.90832219366, 10.0889008079, 0, 1.3309715323, 0.75285230977, 2.4270274197, 1.3912124769, 6.802123212, 8.1814320773, 7.7897052078, 9.6292320138, 0, 0.51429182616, 0, 1.9197653308, 0.58541682764, 0, 0.21613343336, 0, 0.57279444594, 0.15328584242, 91.8260040149, 3.4703626378, 23.9438576659, 3.4471290725]
    ],
    [
      [10.0711911334, 5.4737048758, 5.6274162426, 1.6818400199, 2.0898829239, 11.8784609666, 13.1263195035, 13.6966525492, 9.9717624826, 0, 4.4485233225, 4.7700687378, 10.2055859797, 4.3242435847, 1.3286136315, 0.14655871437, 0.21924126056, 6.5259333305, 9.2158964007, 3.7362599232, 2.4855946656, 6.9450855498, 0.42293640239, 0, 14.2244371545, 1.7507097731, 7.3332400195, 0.32892864913, 0, 1.8234151437, 2.7910193589, 2.0641119954, 3.733830247, 6.3429508368, 7.4493836525, 7.0568494875, 0, 0.87403220665, 0.31813477493, 6.3099648104, 0.45979027055, 0, 2.7917127085, 1.6546834285, 1.0087820081, 1.3529142428, 98.4843117912, 5.5111431778, 46.5637143894, 8.9941172816],
      [15.5509002611, 6.7071308149, 3.4527084334, 0.77016712685, 0.93498182095, 10.7838605097, 8.4208900154, 8.5495782449, 7.6217718779, 0.53931803068, 4.4657046962, 3.1574423631, 7.3674982461, 4.3827386754, 1.7742262483, 0, 0.077508761565, 7.4618504811, 6.6953412148, 2.4254459573, 1.0056348745, 4.6852133546, 0.10276369794, 0, 8.33275264, 0.54591083462, 6.5276272229, 0.74069228483, 0, 1.4770119419, 2.0986400588, 2.5153778583, 2.3844986963, 6.5286978729, 7.116830101, 5.5274054805, 0.17657525866, 0.37719841387, 0.23550895199, 4.8793179514, 0.5814497169, 0, 1.4614367065, 0.29944413746, 0.86330607986, 0.72657276927, 90.7782731232, 5.0281446559, 35.8057013587, 6.6822133756],
