{
  "Z_true": {},
  "V_true": [
    [1419, 126, 3421, 516, 83],
    [491, 72, 7177, 780, 138],
    [531, 5541, 952, 11015, 639],
    [160, 181, 835, 385, 205],
    [163, 200, 474, 873, 722]
  ],
  "p_true": [
    [0.255, 0.0226, 0.6147, 0.0927, 0.0149],
    [0.0567, 0.0083, 0.8289, 0.0901, 0.0159],
    [0.0284, 0.2967, 0.051, 0.5897, 0.0342],
    [0.0906, 0.1025, 0.4728, 0.218, 0.1161],
    [0.067, 0.0822, 0.1949, 0.359, 0.2969]
  ],
  "Z_est": [
    [
      [35.8085, 29.9031, 22.8858, 19.0216, 6.2544, 45.7202, 56.2695, 67.4518, 37.4234, 0, 35.5939, 22.4341, 58.5401, 15.2491, 5.1756, 0.6081, 2.2011, 27.4738, 39.5173, 13.6765, 7.2409, 26.013, 3.2652, 0, 106.3532, 8.744, 33.2674, 1.2224, 1.6768, 6.4311, 6.9523, 8.2003, 16.8037, 21.2104, 26.8877, 34.8824, 0, 5.6773, 5.0143, 49.3443, 9.2438, 0, 7.7155, 3.5347, 8.4041, 10.1683, 502.3601, 16.7992, 196.5772, 91.8857],
      [0.5316, 0.8963, 0.4731, 0.3586, 0.1008, 1.0876, 1.2092, 1.4773, 0.8578, 0.2584, 1.688, 0.5237, 1.4076, 0.4142, 0.2825, 0, 0.0354, 0.815, 0.8903, 0.2929, 0.1212, 0.5716, 0.0461, 0.0332, 2.7326, 0.0859, 0.8313, 0.0655, 0.8776, 0.1491, 0.1651, 0.2628, 0.3551, 0.5641, 0.6692, 0.7809, 0.0186, 0.1009, 0.1606, 1.3124, 1.4573, 0, 0.1427, 0.0408, 0.1899, 0.0257, 12.8727, 0.3839, 4.0954, 1.9907],
      [62.0572, 58.7013, 36.651, 39.7566, 5.388, 82.7643, 106.5057, 124.2487, 53.2653, 1.6929, 84.6461, 50.0063, 119.3242, 35.5265, 15.1276, 4.0608, 2.6923, 59.2544, 67.5997, 26.2041, 9.2629, 38.616, 3.6634, 2.8312, 314.4931, 7.0868, 70.3964, 6.1753, 4.9006, 10.0682, 10.3738, 23.8878, 29.5871, 40.6607, 50.0631, 60.5885, 2.4588, 8.0175, 14.4659, 137.2718, 60.3639, 0, 12.9037, 2.3279, 17.7172, 37.615, 1107.7059, 21.9578, 301.8217, 199.5104],
      [0.3068, 0.2789, 0.9231, 0.8127, 0.2516, 2.202, 2.7847, 3.5142, 0.2851, 0.0452, 2.9208, 5.0042, 10.5425, 6.7811, 0.3704, 1.3311, 0.061, 2.2602, 1.835, 0.808, 0.3515, 1.6952, 0.0195, 0.1355, 6.0487, 0.0496, 0.3254, 3.5368, 1.506, 0.3255, 0.4715, 2.6332, 0.1457, 1.4196, 0.2417, 1.5639, 0.5227, 0.1928, 1.2524, 3.0344, 0.927, 0, 0.2275, 0.0965, 0.6555, 0.1884, 30.9672, 0.7671, 6.8618, 3.3824],
      [0.296, 0.2204, 0.067, 0.0507, 0.0053, 0.2259, 0.231, 0.308, 0.1683, 0.0035, 0.1513, 0.0318, 0.1856, 0.0291, 0.0438, 0, 0.0102, 0.1966, 0.1578, 0.0185, 0.0235, 0.1041, 0.0058, 0, 0.3723, 0.0336, 0.1794, 0, 1.0389, 0.0261, 0.0372, 0.0159, 0.1084, 0.1452, 0.1382, 0.1842, 0, 0.0116, 0.1068, 0.0371, 0.0079, 0, 0.0106, 0, 0.0333, 0.0026, 2.0941, 0.0921, 0.6439, 0.2308]
    ],
    [
      [12.9952, 10.2517, 5.8506, 3.4889, 2.2168, 16.0051, 17.0096, 20.3602, 12.232, 0, 9.2474, 5.6534, 15.1524, 2.0365, 0.4569, 0.2246, 1.25, 6.9991, 14.7407, 4.6216, 2.521, 11.1401, 1.9409, 0, 26.8955, 5.4984, 10.327, 0.4093, 0.2102, 2.1913, 2.615, 0.718, 5.2123, 6.632, 7.2521, 10.1569, 0, 2.722, 1.1737, 8.7425, 3.0243, 0, 1.8042, 0.8692, 2.0181, 1.9093, 146.7844, 6.2587, 80.0835, 19.1425],
      [23.023, 20.8236, 7.3242, 2.2064, 2.0671, 20.039, 17.2702, 22.5313, 18.179, 1.0507, 19.1339, 5.9308, 19.6822, 5.3002, 4.5433, 0, 0.4946, 21.6459, 16.4896, 4.258, 1.8935, 11.9814, 1.1886, 1.6608, 24.133, 2.8583, 14.1358, 0.3748, 0.475, 2.9707, 3.5541, 3.8361, 5.5788, 12.6429, 12.0941, 15.185, 0.1353, 1.3599, 1.078, 15.2138, 3.7474, 0.6723, 1.6149, 0.4946, 3.6824, 1.4528, 207.0364, 8.6882, 67.2683, 20.5483],
      [163.6457, 133.6942, 62.868, 35.2553, 30.1901, 217.7873, 218.6637, 254.8301, 145.2756, 5.5105, 132.7754, 85.6881, 183.4227, 55.7166, 25.468, 3.5575, 4.1775, 226.7773, 211.8535, 66.771, 34.5816, 168.448, 6.5341, 6.1469, 336.7492, 11.9746, 147.4799, 6.0477, 0.7855, 28.7615, 35.5165, 40.1543, 63.2059, 107.4504, 78.6269, 115.7377, 2.7627, 13.6635, 14.7712, 178.3105, 43.7477, 0, 18.886, 7.3301, 20.2586, 20.5989, 2067.72, 82.5351, 496.1213, 206.4747],
      [4.1143, 19.6605, 2.8512, 1.6145, 1.0449, 8.3403, 9.1966, 11.3267, 10.5731, 0.1982, 3.1399, 1.8406, 4.2046, 1.3003, 1.1945, 0.2179, 0.219, 8.7057, 7.4826, 2.6653, 1.5319, 6.4601, 0.0359, 0.1923, 16.3285, 1.1191, 10.8538, 0.1682, 0.0361, 1.1707, 1.5966, 0.8481, 2.5544, 4.8322, 1.985, 5.2108, 0.102, 0.7633, 0.6721, 8.365, 1.6151, 0.3277, 0.7325, 0.3061, 0.9425, 0.7985, 142.3266, 3.1346, 22.5134, 9.3393],
      [24.2217, 17.5701, 4.106, 2.4349, 0.4812, 16.8284, 15.86, 21.9516, 12.7403, 0.2406, 9.7035, 2.8871, 10.5381, 2.6465, 3.3373, 0, 0.859, 15.872, 11.4336, 1.6841, 1.4721, 7.9705, 0.3005, 0, 18.8939, 2.5497, 13.2035, 0, 0.4932, 1.9058, 2.7178, 1.4435, 8.4486, 11.4425, 10.0419, 13.7096, 0, 0.4913, 0.3051, 3.3682, 0.8655, 0, 0.9624, 0, 2.0984, 0.2406, 139.1325, 7.3834, 42.0135, 10.4952]
    ],
    [
      [3.0776, 1.9746, 6.6501, 1.3443, 1.0945, 4.7086, 8.127, 10.762, 9.4327, 0, 2.1392, 1.3575, 7.5013, 0.8639, 0.288, 0.0518, 0.2038, 1.7278, 4.5203, 1.1617, 1.8802, 2.8293, 0.6245, 0, 6.3352, 1.363, 2.1392, 0.0823, 0.0823, 1.1998, 0.6771, 0.4525, 2.7222, 1.3987, 4.4932, 6.8296, 0, 0.77, 0.288, 2.7562, 0.5759, 0, 1.606, 1.3498, 1.4225, 0.7222, 31.4702, 3.4469, 30.2682, 9.3305],
      [287.3003, 149.7435, 51.6208, 11.6224, 12.1603, 130.2839, 104.0061, 144.0677, 130.4343, 4.6708, 136.42, 34.0489, 137.4491, 32.9274, 22.4973, 0, 2.8785, 111.6227, 103.9654, 23.3658, 9.0112, 72.7547, 2.3476, 6.3059, 141.9752, 23.7637, 91.857, 1.678, 3.6181, 20.3463, 22.8617, 25.3647, 33.5993, 73.7568, 87.7156, 86.6684, 0.6151, 9.2587, 6.9248, 102.3099, 24.2252, 2.135, 9.3235, 2.6855, 14.5017, 8.5732, 1399.1004, 58.7322, 484.6946, 142.6398],
      [33.9242, 15.5751, 12.5365, 0.1675, 0.584, 18.9958, 24.9211, 53.0186, 31.9627, 0.8784, 44.4252, 15.7268, 32.0789, 10.264, 14.0211, 0.0407, 0.677, 21.0799, 30.7405, 3.2693, 3.5363, 25.678, 0.0815, 1.0219, 106.0364, 3.4691, 20.2001, 0.163, 0.4187, 5.8413, 14.1986, 7.0218, 7.1184, 18.3078, 11.3695, 14.6534, 0.0543, 0.6052, 1.7318, 50.3765, 6.1102, 0, 0.9059, 3.8171, 1.6501, 4.6715, 311.8841, 7.4969, 44.0321, 17.1337],
      [542.6263, 435.8823, 105.3886, 62.382, 29.1231, 254.8017, 324.3915, 415.9001, 267.85, 5.4317, 382.0363, 171.6385, 685.9361, 191.7354, 43.7637, 2.9074, 6.4692, 282.8163, 210.9786, 93.0699, 42.4582, 212.5488, 2.8047, 3.6722, 680.5499, 83.5591, 282.5791, 10.0767, 7.7382, 39.0103, 59.0534, 107.0468, 113.3888, 174.1552, 238.821, 179.7662, 3.3305, 21.328, 27.0364, 353.2911, 51.0316, 5.865, 23.0886, 11.1476, 32.6225, 27.014, 4114.4349, 91.1714, 752.7409, 354.7433],
      [20.0716, 15.8245, 0.804, 1.4837, 0.038, 8.2101, 6.5543, 14.2516, 7.3203, 0.019, 6.9794, 0.2283, 1.0346, 0.2092, 2.4299, 0, 0.7715, 9.7533, 2.7952, 0.1332, 0.1141, 1.1893, 0.1417, 0, 6.1033, 2.8451, 7.2246, 0, 0.1427, 0.6022, 0.2092, 0.1141, 7.1712, 6.3816, 4.6008, 11.0825, 0, 0.038, 0.019, 0.2663, 0.0571, 0, 0.0761, 0, 1.8031, 0.019, 44.1103, 4.1527, 16.2641, 4.1526]
    ],
    [
      [0.739, 0.7851, 0.1693, 0.1078, 0.7847, 0.7082, 0.7697, 1.1238, 0.5542, 0, 0.4157, 0.3233, 0.6466, 0.1847, 0.0616, 0.0154, 0.0154, 0.7851, 0.9699, 0.3387, 0.0924, 0.585, 0.0154, 0, 1.0161, 0.0462, 0.8159, 0.0154, 0.0308, 0.077, 0.3079, 0.2463, 0.3541, 0.6158, 0.6466, 0.5388, 0, 0.077, 0, 0.3695, 0.1078, 0, 0.0308, 0.1477, 0.0308, 0.0462, 9.3139, 0.2463, 2.0629, 0.3541],
      [0.7742, 0.7654, 0.1736, 0.102, 0.3089, 0.6913, 0.7365, 1.0697, 0.5511, 0.2016, 0.428, 0.3054, 0.6374, 0.1809, 0.0655, 0, 0.0151, 0.7532, 0.9138, 0.3143, 0.0872, 0.5559, 0.0151, 0, 0.9738, 0.0414, 0.7711, 0.0148, 0.0292, 0.0776, 0.2861, 0.2319, 0.3326, 0.5847, 0.6168, 0.5209, 0, 0.098, 0, 0.3741, 0.1065, 0.1927, 0.0321, 0.0289, 0.0343, 0.0452, 8.9414, 0.2461, 2.0518, 0.3767],
      [27.2922, 28.3026, 5.835, 3.8706, 18.482, 28.095, 30.6206, 46.2121, 22.1898, 2.3827, 19.6099, 13.8453, 29.076, 8.7671, 1.2228, 0.8456, 0.4221, 32.3105, 46.0038, 16.4248, 3.7108, 25.7093, 0.7055, 0, 36.4681, 1.5602, 32.0405, 0.6432, 0.8951, 2.8103, 14.9875, 10.919, 12.9956, 26.5454, 27.5765, 21.1543, 0, 3.6672, 0, 12.2569, 4.7161, 0, 0.8443, 1.508, 0.5823, 1.9495, 354.0048, 9.0763, 84.397, 8.9216],
      [6.495, 11.0839, 2.6169, 1.5732, 2.2162, 7.2555, 8.8059, 11.6831, 5.6016, 0.248, 1.219, 4.0488, 5.2275, 1.0202, 1.0625, 0.139, 0.1765, 8.0254, 7.1599, 4.1931, 1.134, 6.0125, 0.1014, 0, 16.6021, 0.1354, 11.0671, 0.3266, 0.7197, 1.0138, 2.1038, 3.0427, 4.5365, 5.3335, 6.6434, 5.2203, 0, 0.6573, 0, 8.1386, 1.348, 0.8073, 0.5594, 0.3155, 0.4025, 0.6796, 144.1569, 2.58, 21.3046, 8.1498],
      [12.6996, 10.0631, 2.2052, 1.3465, 0.2083, 9.2501, 9.0673, 12.9112, 7.1033, 0.1677, 5.3275, 2.4773, 6.4126, 1.847, 1.5877, 0, 0.3709, 9.1257, 7.9526, 0.729, 0.9756, 5.1373, 0.1626, 0, 10.9399, 1.2168, 8.3053, 0, 0.3252, 1.0213, 2.3147, 1.5601, 4.7812, 6.9206, 6.5167, 7.5656, 0, 0.5006, 0, 2.8609, 0.7216, 0, 0.5335, 0, 0.9501, 0.2795, 88.583, 3.8513, 24.1837, 5.1978]
    ],
    [
      [7.3798, 5.0855, 3.4441, 2.0374, 1.6497, 7.8579, 8.8241, 10.3021, 6.3577, 0, 4.604, 3.2317, 8.1597, 2.6658, 1.0179, 0.1001, 0.3297, 5.0142, 6.2518, 2.2015, 1.2656, 4.4326, 0.1541, 0, 13.4001, 1.3484, 5.4505, 0.2707, 0, 1.1008, 1.4477, 1.3829, 2.9078, 4.1431, 4.7205, 5.5924, 0, 0.7538, 0.5241, 5.7875, 1.0482, 0, 1.8435, 1.0986, 1.1245, 1.1541, 75.0714, 3.249, 30.0081, 10.2872],
      [37.371, 20.7713, 8.4084, 2.7106, 2.3629, 24.8983, 22.7781, 26.854, 19.9778, 0.8185, 15.3302, 8.1913, 21.8237, 9.1773, 4.6114, 0, 0.5764, 20.1632, 17.7409, 5.7689, 2.8868, 13.1364, 0.4026, 0, 28.1853, 1.2507, 17.4048, 0.867, 0, 3.4562, 5.133, 5.3045, 8.1341, 15.4515, 15.9042, 15.8447, 0.231, 1.1825, 0.8366, 14.7899, 1.4636, 0, 2.8868, 0.7503, 2.5916, 1.9031, 232.049, 10.9498, 75.89, 19.4445],
      [11.0806, 4.7268, 5.1094, 0.9501, 2.356, 20.3577, 20.2889, 14.6905, 9.3066, 0.5355, 0.5435, 7.7334, 13.0982, 7.7258, 4.1605, 0.4953, 0.0311, 12.5778, 10.8026, 8.3307, 3.9085, 9.5487, 0.0155, 0, 17.2532, 0.9093, 9.8831, 1.9708, 0, 2.5187, 5.9236, 3.0171, 6.093, 14.0357, 9.364, 7.8661, 0.7242, 0.0466, 0.0311, 9.7843, 0.0621, 0, 4.4602, 1.0169, 0.7918, 3.165, 138.6851, 8.9338, 38.6279, 0.9595],
      [5.4575, 1.0944, 1.2202, 0.6177, 0.3643, 3.4005, 3.8214, 4.5758, 2.6902, 0.0769, 0.684, 5.4679, 3.0894, 11.163, 0.6089, 0.4046, 0.0743, 3.1924, 2.5438, 1.2637, 0.5244, 2.2835, 0.0384, 0, 6.4708, 0.1368, 5.1746, 0.8916, 0, 0.4797, 0.7746, 6.4291, 1.3747, 2.2596, 5.3089, 2.2388, 0.0448, 0.0586, 0.0391, 3.1708, 0.0782, 0, 0.3921, 0.1343, 0.3769, 0.3196, 40.1144, 1.347, 9.5793, 3.3851],
      [37.7111, 24.322, 7.8178, 3.6842, 1.2672, 28.4856, 27.2874, 33.5776, 20.6677, 0.5691, 13.8384, 6.3756, 19.8291, 6.2681, 5.6013, 0, 0.9885, 24.0524, 18.6609, 4.4352, 3.4147, 13.5988, 0.3894, 0, 31.6906, 3.3548, 21.0871, 0, 0, 3.4446, 5.7211, 2.8663, 12.4905, 19.1102, 17.7024, 20.458, 0, 0.9585, 0.5691, 7.4674, 1.3479, 0, 2.4175, 0, 3.1151, 0.4582, 237.0801, 12.5205, 73.8947, 16.9236]
    ]
  ],
  "V_est": [
    [1757.083, 44.7031, 3642.2655, 112.8637, 8.0846],
    [529.0443, 679.5486, 6625.309, 346.753, 477.3451],
    [184.1021, 4600.4292, 1054.4729, 12621.2032, 217.7926],
    [27.6886, 26.6546, 1082.4556, 342.9435, 286.2576],
    [266.082, 768.6644, 454.4969, 145.2365, 797.5201]
  ],
  "p_est": [
    [0.3157, 0.008, 0.6545, 0.0203, 0.0015],
    [0.0611, 0.0785, 0.7652, 0.0401, 0.0551],
    [0.0099, 0.2463, 0.0565, 0.6757, 0.0117],
    [0.0157, 0.0151, 0.6129, 0.1942, 0.1621],
    [0.1094, 0.3161, 0.1869, 0.0597, 0.3279]
  ],
  "EI_Z": {},
  "EI_V": 11.6686,
  "MAE_Z": {},
  "MAE_V": 346.3154,
  "MAE_p": 0.0639,
  "runtime": 1.5023
}
