{
  "X": [
    [0, 7, 14, 16],
    [42, 97, 749, 197],
    [19, 28, 302, 29],
    [39, 388, 778, 264],
    [13, 370, 434, 245],
    [19, 445, 487, 243],
    [38, 84, 836, 137],
    [44, 63, 837, 133],
    [20, 113, 639, 119],
    [25, 57, 659, 101],
    [73, 9, 860, 106],
    [46, 43, 795, 133],
    [9, 17, 228, 25],
    [32, 26, 889, 117],
    [10, 6, 232, 39],
    [27, 6, 759, 103],
    [22, 93, 533, 123],
    [30, 131, 550, 133],
    [27, 39, 747, 106],
    [26, 40, 888, 125],
    [35, 118, 662, 179],
    [25, 25, 613, 103],
    [14, 72, 530, 92],
    [6, 51, 245, 59],
    [18, 225, 379, 75],
    [17, 125, 363, 92],
    [12, 156, 447, 116],
    [30, 200, 731, 186],
    [2, 27, 153, 29],
    [39, 195, 813, 194],
    [14, 59, 264, 59],
    [115, 273, 2127, 408],
    [4, 25, 90, 22]
  ],
  "W": [
    [21, 6, 0, 10],
    [808, 111, 30, 136],
    [299, 29, 16, 34],
    [816, 383, 83, 187],
    [457, 371, 82, 152],
    [498, 458, 91, 147],
    [863, 103, 36, 93],
    [872, 79, 26, 100],
    [676, 97, 42, 76],
    [684, 51, 33, 74],
    [875, 48, 28, 97],
    [835, 54, 30, 98],
    [240, 17, 1, 21],
    [910, 38, 23, 93],
    [247, 6, 9, 25],
    [759, 30, 25, 81],
    [558, 109, 26, 78],
    [565, 129, 51, 99],
    [756, 42, 27, 94],
    [927, 36, 33, 83],
    [696, 116, 54, 128],
    [655, 32, 13, 66],
    [543, 84, 18, 63],
    [246, 55, 18, 42],
    [384, 213, 36, 64],
    [362, 142, 41, 52],
    [454, 154, 41, 82],
    [770, 219, 51, 107],
    [150, 29, 10, 22],
    [816, 211, 90, 124],
    [279, 63, 20, 34],
    [2256, 302, 80, 285],
    [81, 26, 7, 27]
  ],
  "method": "mult",
  "cond_prob": [
    [
      [0, 0.11762316726, 0.66666666667, 0.21571016608],
      [0, 0.75498558127, 0, 0.24501441873],
      [0, 0.10599417727, 0.42879905982, 0.46520676291],
      [0, 0, 0, 1]
    ],
    [
      [0.034086953691, 0.012710715787, 0.90343061757, 0.049771712951],
      [0.018309423118, 0.73981901896, 0, 0.24187155792],
      [8.3524732474e-05, 0.07245868296, 0.5786230823, 0.34883471001],
      [0.091344777278, 0.017912279782, 0.012274768631, 0.87846817431]
    ],
    [
      [0.026838656716, 0.0051381767619, 0.96802316652, 0],
      [0.02897250992, 0.83229857037, 0.0050905649358, 0.13363835477],
      [0, 0.083322861304, 0.71108747082, 0.20558966788],
      [0.29808937807, 0.02923120078, 0.030471979222, 0.64220744193]
    ],
    [
      [0.028711887584, 0.061239781366, 0.88978528217, 0.020263048876],
      [0, 0.84055985161, 0, 0.15944014839],
      [0, 0.10562642868, 0.60019346482, 0.2941801065],
      [0.083267913002, 0.039181399244, 0.011332364524, 0.86621832323]
    ],
    [
      [0.015974777144, 0.10477847242, 0.84824582133, 0.0310009291],
      [0, 0.82439206046, 0, 0.17560793954],
      [0, 0.11194750746, 0.56526414208, 0.32278835046],
      [0.037496887139, 0.046625579347, 0, 0.91587753351]
    ],
    [
      [0.021981204833, 0.089066765035, 0.8679660037, 0.020986026436],
      [0, 0.83904649657, 0, 0.16095350343],
      [0, 0.10966424358, 0.5892910519, 0.30104470451],
      [0.054784761859, 0.043415030037, 0.0076696900385, 0.89413051806]
    ],
    [
      [0.030849362595, 0.0037223449629, 0.94057747731, 0.024850815135],
      [0.020834756734, 0.74457963377, 0.0025135326983, 0.2320720768],
      [4.249246749e-05, 0.0674330492, 0.61872053565, 0.31380392268],
      [0.099241832347, 0.017938970405, 0.018804343358, 0.86401485389]
    ],
    [
      [0.035140880851, 0.0022882241637, 0.93883614824, 0.023734746743],
      [0.025222212104, 0.7306955905, 0.0022727663953, 0.241809431],
      [4.2474686714e-05, 0.063067380856, 0.62515920212, 0.31173094233],
      [0.113634928, 0.016399649778, 0.019011909323, 0.8509535129]
    ],
    [
      [0.020984679081, 0.040415625718, 0.90714083367, 0.031458861527],
      [0.0079657213973, 0.81646800542, 0, 0.17556627319],
      [8.2398351311e-06, 0.099245443417, 0.58693972441, 0.31380659234],
      [0.066333367005, 0.030438577183, 0.014754315938, 0.88847373987]
    ],
    [
      [0.025998704601, 0.018099179127, 0.93181960473, 0.024082511546],
      [0.015309633879, 0.78728286031, 0.0010449730662, 0.19636253275],
      [2.1715984553e-05, 0.081831876306, 0.61323435878, 0.30491204893],
      [0.086964568887, 0.023895725447, 0.018180579751, 0.87095912591]
    ],
    [
      [0.042350194002, 0, 0.957649806, 0],
      [0.29877437751, 0.1796660651, 0.0048101215471, 0.51674943585],
      [0, 0.013429602689, 0.69865571253, 0.28791468478],
      [0.22270525905, 0, 0.023331690376, 0.75396305057]
    ],
    [
      [0.039275409414, 0.0026474352419, 0.92783871654, 0.030238438801],
      [0.029412514011, 0.69872625629, 0.0015035148794, 0.27035771482],
      [6.5354347772e-05, 0.056403584421, 0.6164883693, 0.32704269194],
      [0.11851833421, 0.013939451026, 0.017130926571, 0.85041128819]
    ],
    [
      [0.027434878213, 0.012261953362, 0.94540920905, 0.014893959375],
      [0.017465643247, 0.79349289551, 0.001864806871, 0.18717665438],
      [2.1958963376e-05, 0.078014362551, 0.63849695411, 0.28346672438],
      [0.10089006356, 0.023320838428, 0.020551959859, 0.85523713815]
    ],
    [
      [0.02420747935, 0, 0.95837775483, 0.017414765819],
      [0.02471755749, 0.65430751541, 0.0021916087902, 0.31878331831],
      [1.8966593751e-05, 0.04242154533, 0.64683009654, 0.31072939154],
      [0.097112799737, 0.0017270846426, 0.020600749989, 0.88055936563]
    ],
    [
      [0.031552552075, 0.0060611858776, 0.9165106237, 0.045875638349],
      [0.024307012725, 0.64027023714, 0.00089623094346, 0.33452651919],
      [6.7512332916e-05, 0.044455212331, 0.58714166176, 0.36833561358],
      [0.082402798004, 0.010446750177, 0.013288944202, 0.89386150762]
    ],
    [
      [0.017960217057, 0, 0.97544041096, 0.0065993719873],
      [0.20260458433, 0.19007426926, 0.0038414121228, 0.60347973429],
      [2.8173452507e-07, 0.011910876892, 0.66960219793, 0.31848664344],
      [0.090000625687, 0, 0.022042355215, 0.8879570191]
    ],
    [
      [0.025778593042, 0.012327332843, 0.92528564269, 0.036608431426],
      [0.015215963578, 0.75797035867, 0.00032854273923, 0.22648513502],
      [5.171969563e-05, 0.075080504293, 0.59304295152, 0.33182482449],
      [0.076354619751, 0.019878026507, 0.015842095914, 0.88792525783]
    ],
    [
      [0.030879331662, 0.032531875352, 0.91527019293, 0.021318600056],
      [0.015839809495, 0.8129609077, 0, 0.17119928281],
      [0, 0.094452160411, 0.61183009805, 0.29371774154],
      [0.10616002208, 0.029600738911, 0.016858646407, 0.8473805926]
    ],
    [
      [0.02345378551, 0.0050846367024, 0.9617995146, 0.0096620631914],
      [0.018312336602, 0.75414678613, 0.0023822883938, 0.22515858887],
      [0, 0.063406685614, 0.65198257148, 0.2846107429],
      [0.090423617203, 0.018828394934, 0.023148738539, 0.86759924932]
    ],
    [
      [0.021599365257, 0.011049914322, 0.93494553303, 0.032405187387],
      [0.014569785033, 0.72861064355, 0.00099869724448, 0.25582087418],
      [2.8773377526e-05, 0.063474222749, 0.60269632758, 0.33380067629],
      [0.065685862944, 0.017254179578, 0.016633240564, 0.90042671691]
    ],
    [
      [0.0310525262, 0.027042078253, 0.90319554526, 0.038709850283],
      [0.014215659768, 0.78661393968, 0, 0.19917040056],
      [7.2848094133e-05, 0.087487726184, 0.58730813452, 0.32513129121],
      [0.091675714332, 0.025055932184, 0.012978603381, 0.8702897501]
    ],
    [
      [0.02924728105, 0.0039887233651, 0.9227600429, 0.044003952687],
      [0.021872628245, 0.65550719046, 0.00085776556277, 0.32176241573],
      [4.2856823433e-05, 0.049331997344, 0.58671968471, 0.36390546112],
      [0.077917419236, 0.011664244479, 0.014202537918, 0.89621579837]
    ],
    [
      [0.017260975435, 0.0083152924751, 0.95278500224, 0.021638729852],
      [0.010972809992, 0.77157481833, 0.0029990040698, 0.21445336761],
      [1.5018515007e-05, 0.074082418907, 0.61811124679, 0.30779131579],
      [0.058814348671, 0.021254411212, 0.019997222232, 0.89993401789]
    ],
    [
      [0.014108163878, 0.018864409802, 0.94707838434, 0.019949041983],
      [0.0082440899007, 0.79645360191, 0.0023251779046, 0.19297713029],
      [2.9775289394e-07, 0.082997144718, 0.61440596873, 0.3025965888],
      [0.04942765195, 0.025249011401, 0.019798219792, 0.90552511686]
    ],
    [
      [0.012578539933, 0.067183005657, 0.92023845441, 0],
      [0.025648580192, 0.89951045655, 0, 0.074840963257],
      [0, 0.11930943806, 0.66905374181, 0.21163682012],
      [0.12041707945, 0.051732168937, 0.024101543772, 0.80374920784]
    ],
    [
      [0.027363147407, 0.020306811194, 0.92979017156, 0.022539869838],
      [0.015838223248, 0.79467887228, 0.0016712913355, 0.18781161314],
      [1.2384158739e-05, 0.085183358538, 0.61517999281, 0.2996242645],
      [0.09317317667, 0.025231092004, 0.018389515774, 0.86320621555]
    ],
    [
      [0.015121671682, 0.045182424028, 0.92589448706, 0.013801417233],
      [0.0045388525796, 0.83454940098, 0, 0.16091174644],
      [0, 0.099439255264, 0.61453569312, 0.28602505161],
      [0.054094850723, 0.035238564318, 0.017657798268, 0.89300878669]
    ],
    [
      [0.025895841426, 0.02792182756, 0.9086234955, 0.037558835513],
      [0.0095860015731, 0.78322695171, 0, 0.20718704672],
      [4.135843933e-05, 0.085257459616, 0.58566088355, 0.32904029839],
      [0.074380920346, 0.024536073958, 0.013936480403, 0.88714652529]
    ],
    [
      [0.0077788317176, 0.013728746407, 0.97284443211, 0.0056479897645],
      [0.0048311537533, 0.81141691549, 0.0053327678995, 0.17841916286],
      [0, 0.082295876025, 0.63823640104, 0.27946772293],
      [0.031503262887, 0.026665396798, 0.024378222902, 0.91745311741]
    ],
    [
      [0.028844383615, 0.020919503597, 0.92591337056, 0.024322742228],
      [0.016611575409, 0.79218762621, 0.00086795186137, 0.19033284652],
      [2.0503561295e-05, 0.085241296165, 0.61177331831, 0.30296488196],
      [0.096420122892, 0.0250514458, 0.017838331712, 0.8606900996]
    ],
    [
      [0.034487854039, 0.025980093408, 0.9024678319, 0.037064220656],
      [0.015671504181, 0.78159730994, 0, 0.20273118588],
      [7.2175499843e-05, 0.085469981155, 0.58691059517, 0.32754724817],
      [0.099680601464, 0.023574229115, 0.013919499915, 0.86282566951]
    ],
    [
      [0.034788868669, 0.013638734247, 0.91930815308, 0.032264244001],
      [0.020835429915, 0.76230938044, 0.00071069482986, 0.21614449482],
      [5.1443403868e-05, 0.076786166226, 0.60207670154, 0.32108568883],
      [0.10603472623, 0.020598909991, 0.016351019941, 0.85701534384]
    ],
    [
      [0, 0, 1, 0],
      [0.010278695078, 0.85563938889, 0.025940508442, 0.10814140759],
      [0, 0.090719848343, 0.70563703528, 0.20364311637],
      [0.13825014548, 0.078456924089, 0.12541064939, 0.65788228104]
    ]
  ],
  "expected_outcome": [
    [
      [0, 27.5422585822, 8.024758358, 23.4289002686, 7.3004731549, 10.9466400067, 26.6229999193, 30.6428481021, 14.185643059, 17.783113947, 37.0564197516, 32.7949668603, 6.5843707711, 22.0288062082, 7.7934803626, 13.631804746, 14.3844549172, 17.446822389, 17.7310618456, 20.022611593, 21.6125582354, 19.1569690879, 9.3727096611, 3.470608314, 4.8301593342, 9.9054593614, 6.8652389434, 19.9397978981, 1.1668247576, 23.5370170296, 9.6221112768, 78.4836877179, 0],
      [2.4700865124, 10.2702583559, 1.5363148518, 49.9716615945, 47.8837618968, 44.3552489874, 3.212383703, 1.9953314708, 27.3209629851, 12.3798385231, 0, 2.210608427, 2.9428688069, 0, 1.4971129118, 0, 6.8786517263, 18.3805095739, 3.843985347, 10.2432705767, 18.821286464, 2.6126138041, 4.515203814, 4.6406448114, 25.7982741724, 7.3510656523, 20.5128205087, 21.4998072215, 2.059311961, 17.0703149354, 7.2484460608, 30.7689844618, 0],
      [14, 729.9719389972, 289.4389267902, 726.0647902539, 387.6483403494, 432.247069841, 811.7183629163, 818.6651212673, 613.2272035636, 637.3646096322, 837.9435802484, 774.7453283136, 226.898210172, 872.1237568966, 226.3781240535, 740.3592719157, 516.3093886206, 517.1276590053, 727.1204330347, 866.6945091222, 628.6240995033, 604.4078280981, 517.3622562154, 232.9812825467, 353.3715664934, 336.584042105, 420.356097124, 699.6400915357, 145.9266648167, 755.545310377, 251.7885250994, 2073.959193355, 81],
      [4.5299134876, 40.2155440647, 0, 16.534647883, 14.1674245989, 10.451041165, 21.4462534614, 20.6966991599, 21.2661903923, 16.4724378977, 0, 25.2490963991, 3.57455025, 15.8474368953, 11.3312826722, 5.0089233384, 20.4275047358, 12.0450090318, 7.3045197727, 30.0396087081, 26.9420557973, 28.8225890099, 11.7498303095, 4.9074643279, 0, 8.1594328813, 6.2658434239, 28.9203033447, 0.84719846467, 19.847357658, 10.340917563, 72.7881344653, 0]
    ],
    [
      [0, 2.0323459661, 0.84020278769, 0, 0, 0, 2.1459799436, 1.9925547562, 0.77267497554, 0.7807913278, 14.3411701205, 1.5882757566, 0.2969159352, 0.9392671846, 0.14584207635, 6.07813753, 1.65854003, 2.0433354248, 0.76911813728, 0.52451226118, 1.649016533, 0.69992410385, 0.92171603931, 0.45342494454, 5.4631475809, 2.2490277012, 0.69898329726, 2.0993343445, 0.14010345885, 3.5050424113, 0.98730476341, 6.2922998343, 0.26724607204],
      [4.5299134876, 82.1199111049, 24.1366585408, 321.9344231666, 305.8494544307, 384.283295431, 76.6917022781, 57.7249516492, 79.1973965255, 40.1514258757, 8.6239711247, 37.7312178398, 13.4893792236, 24.8636855856, 3.8416214228, 5.7022280777, 82.6187690946, 104.871957093, 31.6741650177, 26.2299831676, 91.2472170025, 20.9762300948, 64.8122847393, 43.8049481048, 191.5957272453, 112.8443998634, 128.5206077514, 171.5267024246, 23.5310905492, 167.1515891305, 49.2406305262, 230.2174328927, 22.2466241112],
      [0, 0, 0.14762638314, 0, 0, 0, 0.25889386792, 0.17954854522, 0, 0.053293626375, 0.23088583426, 0.081189803489, 0.031701716807, 0.083281134028, 0.0053773856608, 0.11524236369, 0.035811158576, 0, 0.10005611254, 0.035953100801, 0, 0.027448498009, 0.25191634186, 0.12788478475, 0, 0.23732336964, 0, 0, 0.15465026909, 0.18313784275, 0, 0.21462983862, 0.67445321949],
      [1.4700865124, 26.847742929, 3.8755122883, 61.0655768334, 65.1505455693, 73.716704569, 23.9034239104, 19.1029450494, 17.029928499, 10.0144891702, 24.8039729206, 14.5993166001, 3.1820031244, 12.1137660957, 2.0071591151, 18.1043920286, 24.6868797168, 22.0847074822, 9.4566607325, 9.2095514704, 23.1037664644, 10.2963973034, 18.0140828795, 10.6137421659, 15.9411251738, 26.6692490657, 24.7804089513, 45.3739632309, 5.1741557229, 40.1602306154, 12.7720647104, 65.2756374344, 2.8116765973]
    ],
    [
      [0, 0.0025057419742, 0, 0, 0, 0, 0.0015297288296, 0.0011043418546, 0.0003460730755, 0.00071662749023, 0, 0.0019606304332, 2.1958963376e-05, 0.00043623165627, 0.00060761099624, 7.0433631267e-06, 0.0013447120864, 0, 0, 0.00094952145836, 0.0039337970832, 0.00055713870463, 0.00027033327013, 5.3595520909e-06, 0, 0.00050775050829, 0, 0.0021092804058, 0, 0.0018453205165, 0.0014435099969, 0.0041154723094, 0],
      [0, 2.1737604888, 1.3331657809, 8.7669935803, 9.1796956118, 9.9794461662, 2.4275897712, 1.6397519023, 4.1683086235, 2.7004519181, 0.37602887529, 1.6921075326, 0.078014362551, 0.97569554259, 0.40009691098, 0.29777192231, 1.9520931116, 4.8170601809, 1.7119805116, 2.0946493507, 4.7243372139, 0.64131596547, 1.3334835403, 1.4939486049, 4.2951397703, 3.4925177001, 4.0770094658, 4.3481304404, 0.82295876025, 7.6717166548, 1.7093996231, 6.1428932981, 0.6350389384],
      [0, 17.358692469, 11.3773995331, 49.81605758, 46.3516596506, 53.6254857233, 22.2739392835, 16.2541392552, 24.6514684252, 20.2367338399, 19.5623599509, 18.4946510789, 0.63849695411, 14.8770922204, 5.2842749558, 16.7400549482, 15.4191167395, 31.2033350005, 17.6035294301, 19.8889788102, 31.7146392639, 7.6273559013, 11.1260024421, 11.0593074372, 24.0859347052, 25.2223797051, 25.1959634181, 29.8687050612, 6.3823640104, 55.059598648, 11.7382119035, 48.166136123, 4.939459247],
      [0, 10.4650413002, 3.2894346861, 24.4169488397, 26.4686447375, 27.3950681105, 11.2969412165, 8.1050045007, 13.1798768783, 10.0620976145, 8.0616111738, 9.8112807581, 0.28346672438, 7.1467760054, 3.3150205222, 7.9621660861, 8.6274454368, 14.9796048186, 7.6844900583, 11.0154223176, 17.5570897251, 4.7307709946, 5.5402436843, 5.4467385983, 7.6189255244, 12.2845948443, 11.7270271161, 16.781055218, 2.7946772293, 27.2668393767, 6.5509449634, 25.6868551066, 1.4255018146]
    ],
    [
      [0, 12.4228897098, 10.1350388544, 15.5710997314, 5.6995268451, 8.0533599933, 9.2294904083, 11.3634927999, 5.0413358924, 6.4353780977, 21.6024101279, 11.6147967527, 2.1186913347, 9.0314903756, 2.0600699501, 7.2900506806, 5.9556603406, 10.5098421861, 8.4998200171, 5.4519266243, 11.7344914345, 5.1425496696, 3.7053039663, 2.0759613819, 7.7066930849, 4.8450051869, 4.4357777593, 7.958758477, 0.69307178351, 11.9560952386, 3.3891404498, 30.2198969756, 3.732753928],
      [0, 2.4360700504, 0.99386082651, 7.3269216586, 7.0870880607, 6.3820094155, 1.6683242477, 1.6399649778, 2.3133318659, 1.7682836831, 0, 1.3660662006, 0.48973760699, 0.16061887176, 0.26116875443, 0, 1.5504860676, 2.9304731522, 1.7698691238, 1.432096905, 3.2071593195, 0.76984013565, 1.3390279063, 1.0604584789, 3.310858812, 1.3120167842, 2.8895622741, 2.6253599135, 0.58663872956, 3.1063792792, 0.80152378991, 5.8706893474, 2.1183369504],
      [0, 1.6693685338, 1.0360472936, 2.1191521661, 0, 1.1274444357, 1.7488039323, 1.9011909323, 1.1213280113, 1.3453629016, 2.2631739664, 1.678830804, 0.43159115705, 1.915869749, 0.33222360505, 1.7854307724, 1.2356834813, 1.6690059943, 2.1759814227, 1.3805589668, 1.6612612328, 0.93736750262, 1.2598250006, 0.83152523128, 1.5424988014, 0.95625482023, 1.4479394579, 1.4912034031, 0.53632090384, 2.2119531322, 0.47326299712, 4.6600406833, 3.3860875335],
      [10, 119.471671706, 21.8350530256, 161.9828264439, 139.2133850942, 131.4371861555, 80.3533814117, 85.0953512901, 67.5240042304, 64.4509753176, 73.1344159057, 83.3403062428, 17.9599799012, 81.8920210037, 22.3465376904, 71.924518547, 69.2581701106, 83.8906786674, 81.5543294365, 74.7354175039, 111.3970880132, 59.1502426922, 56.6958431268, 38.032054908, 51.4399493017, 44.8867232087, 73.2267205087, 94.9246782064, 20.1839685831, 106.7255723499, 29.3360727632, 244.2493729937, 17.7628215881]
    ]
  ],
  "prob": [
    [0.027768729885, 0.020216730955, 0.92663282011, 0.025381719049],
    [0.016081219286, 0.7888901727, 0.00083851957364, 0.19419008844],
    [2.2346801874e-05, 0.084307771376, 0.61000308597, 0.30566679585],
    [0.092156542513, 0.024703708159, 0.017770704174, 0.86536904515]
  ],
  "iterations": 137,
  "time": 0.02284,
  "message": "Converged",
  "status": 0,
  "miniter": 0,
  "maxiter": 1000,
  "maxtime": 3600,
  "param_threshold": 0.001,
  "ll_threshold": "-Inf",
  "initial_prob": "random",
  "adjust_prob_cond_method": "project_lp",
  "adjust_prob_cond_every": true,
  "candidates_id": ["SAAFI, Etuate Lui.c", "SIMICH, Clem Rudolph.c", "FIELD, Taito Phillip.c", "Other candidates votes.c"],
  "group_id": ["Labour Party.p", "National Party.p", "New Zealand First Party.p", "Other parties votes.p"]
}
