{
  "X": [
    [1, 91, 38, 8],
    [16, 164, 159, 16],
    [1, 37, 33, 3],
    [2, 44, 13, 6],
    [1, 35, 21, 4],
    [5, 52, 31, 3],
    [11, 54, 78, 32],
    [0, 25, 23, 4],
    [1, 68, 35, 14],
    [3, 83, 111, 16],
    [5, 37, 41, 12],
    [3, 49, 96, 16],
    [4, 222, 301, 57],
    [18, 136, 122, 24],
    [1, 118, 89, 37],
    [18, 84, 78, 6],
    [2, 75, 115, 27],
    [1, 44, 62, 3],
    [5, 101, 66, 16],
    [9, 58, 81, 16],
    [25, 38, 99, 7],
    [2, 166, 189, 43],
    [1, 46, 52, 10],
    [8, 203, 206, 37],
    [4, 290, 286, 34],
    [12, 316, 265, 50],
    [5, 211, 104, 21],
    [19, 175, 187, 46],
    [2, 27, 20, 6],
    [1, 42, 30, 9],
    [2, 158, 48, 16],
    [0, 15, 7, 4],
    [8, 31, 84, 18],
    [2, 204, 203, 51],
    [14, 182, 159, 30],
    [10, 231, 276, 42],
    [11, 248, 239, 46],
    [5, 123, 26, 6],
    [2, 36, 28, 4],
    [0, 30, 24, 0],
    [0, 66, 54, 17],
    [9, 83, 57, 12],
    [1, 128, 87, 10],
    [15, 126, 120, 16],
    [2, 70, 26, 6],
    [2, 64, 21, 8],
    [13, 104, 113, 11],
    [11, 55, 68, 7],
    [1, 47, 37, 4],
    [16, 165, 200, 22],
    [2, 16, 11, 2],
    [87, 441, 573, 57],
    [22, 30, 75, 2],
    [2, 36, 12, 1],
    [4, 108, 35, 9],
    [31, 292, 474, 71],
    [78, 471, 960, 122],
    [36, 225, 374, 70],
    [2, 73, 26, 6],
    [31, 71, 136, 21],
    [14, 187, 182, 25],
    [0, 34, 14, 21],
    [3, 74, 22, 20],
    [23, 58, 133, 17],
    [37, 24, 88, 17],
    [9, 46, 39, 9],
    [1, 13, 2, 1],
    [2, 278, 177, 35],
    [24, 63, 118, 17],
    [29, 18, 60, 6],
    [9, 27, 41, 0],
    [15, 40, 43, 10],
    [9, 94, 70, 15],
    [10, 119, 91, 23],
    [6, 114, 122, 21],
    [0, 39, 57, 13],
    [8, 48, 55, 11],
    [14, 108, 136, 21],
    [20, 119, 216, 17],
    [2, 111, 73, 12],
    [1, 25, 5, 0],
    [3, 41, 12, 2],
    [7, 133, 218, 44],
    [6, 31, 29, 5],
    [2, 43, 42, 6],
    [0, 17, 5, 1],
    [2, 30, 23, 6],
    [4, 61, 50, 4],
    [13, 31, 70, 15],
    [6, 38, 35, 0],
    [28, 79, 179, 31],
    [65, 199, 332, 55],
    [7, 22, 36, 0],
    [10, 112, 142, 20],
    [14, 155, 171, 19],
    [3, 46, 58, 13],
    [1, 29, 16, 5],
    [1, 28, 10, 1],
    [19, 97, 140, 14],
    [15, 83, 93, 17],
    [40, 186, 217, 15],
    [7, 58, 82, 21],
    [2, 82, 31, 6],
    [2, 56, 132, 9],
    [4, 48, 144, 13],
    [5, 214, 320, 42],
    [16, 192, 313, 39],
    [11, 148, 332, 42],
    [1, 108, 212, 22],
    [1, 95, 48, 18],
    [3, 75, 203, 30],
    [126, 1077, 1117, 176],
    [36, 138, 194, 45],
    [188, 525, 715, 117],
    [37, 88, 129, 12]
  ],
  "W": [
    [6, 32, 87, 3, 5, 5],
    [36, 114, 177, 10, 14, 4],
    [5, 24, 31, 6, 2, 6],
    [3, 8, 43, 6, 2, 3],
    [5, 10, 39, 1, 3, 3],
    [10, 25, 49, 4, 1, 2],
    [14, 70, 43, 20, 4, 24],
    [4, 13, 24, 7, 2, 2],
    [2, 40, 59, 8, 4, 5],
    [13, 88, 85, 16, 6, 5],
    [6, 33, 32, 15, 4, 5],
    [7, 85, 36, 15, 6, 15],
    [18, 270, 185, 58, 26, 27],
    [46, 72, 146, 14, 9, 13],
    [5, 92, 97, 18, 11, 22],
    [34, 49, 79, 13, 3, 8],
    [5, 97, 56, 31, 10, 20],
    [7, 47, 49, 3, 1, 3],
    [14, 51, 90, 7, 14, 12],
    [19, 66, 64, 4, 5, 6],
    [37, 78, 34, 8, 4, 8],
    [4, 179, 153, 36, 6, 22],
    [3, 49, 30, 10, 5, 12],
    [10, 183, 181, 33, 16, 31],
    [13, 236, 251, 53, 28, 33],
    [20, 219, 301, 45, 28, 30],
    [12, 85, 197, 16, 14, 17],
    [22, 179, 167, 19, 10, 30],
    [2, 18, 27, 5, 1, 2],
    [1, 21, 47, 7, 3, 3],
    [7, 27, 158, 13, 9, 10],
    [0, 5, 14, 1, 2, 4],
    [10, 84, 26, 10, 3, 8],
    [11, 174, 202, 27, 17, 29],
    [32, 125, 174, 23, 12, 19],
    [26, 218, 230, 34, 15, 36],
    [24, 206, 233, 41, 16, 24],
    [4, 20, 124, 5, 1, 6],
    [6, 14, 36, 10, 0, 4],
    [1, 17, 27, 9, 0, 0],
    [8, 53, 54, 8, 5, 9],
    [20, 39, 81, 12, 6, 3],
    [8, 69, 122, 10, 5, 12],
    [27, 94, 111, 11, 13, 21],
    [3, 18, 69, 7, 3, 4],
    [3, 16, 68, 2, 2, 4],
    [17, 94, 94, 17, 9, 10],
    [22, 46, 46, 5, 12, 10],
    [4, 24, 51, 2, 2, 6],
    [62, 129, 162, 21, 11, 18],
    [7, 6, 16, 2, 0, 0],
    [158, 421, 440, 39, 49, 51],
    [43, 41, 40, 1, 1, 3],
    [1, 11, 37, 0, 1, 1],
    [8, 39, 97, 6, 1, 5],
    [77, 363, 318, 51, 19, 40],
    [141, 770, 502, 90, 36, 92],
    [50, 315, 226, 49, 24, 41],
    [1, 16, 79, 5, 2, 4],
    [51, 97, 77, 12, 6, 16],
    [32, 119, 198, 23, 9, 27],
    [0, 12, 39, 4, 4, 10],
    [2, 22, 70, 11, 6, 8],
    [75, 61, 62, 22, 4, 7],
    [82, 46, 26, 4, 2, 6],
    [15, 23, 42, 15, 2, 6],
    [0, 4, 13, 0, 0, 0],
    [8, 153, 265, 35, 8, 23],
    [63, 65, 71, 12, 1, 10],
    [34, 38, 14, 15, 3, 9],
    [22, 24, 23, 5, 0, 3],
    [13, 34, 51, 5, 0, 5],
    [14, 49, 92, 11, 9, 13],
    [9, 84, 97, 22, 6, 25],
    [12, 105, 99, 21, 9, 17],
    [0, 48, 40, 6, 3, 12],
    [13, 39, 59, 6, 3, 2],
    [32, 97, 115, 22, 5, 8],
    [37, 154, 127, 27, 12, 15],
    [5, 64, 98, 21, 2, 8],
    [2, 3, 23, 2, 0, 1],
    [2, 9, 41, 4, 0, 2],
    [14, 194, 99, 48, 19, 28],
    [8, 30, 26, 2, 1, 4],
    [2, 29, 38, 11, 9, 4],
    [0, 4, 16, 0, 2, 1],
    [2, 17, 27, 2, 3, 10],
    [10, 38, 52, 12, 1, 6],
    [24, 56, 32, 10, 3, 4],
    [18, 12, 42, 2, 1, 4],
    [67, 119, 80, 18, 12, 21],
    [124, 261, 190, 35, 4, 37],
    [18, 19, 22, 1, 1, 4],
    [22, 102, 125, 8, 11, 16],
    [59, 108, 142, 15, 25, 10],
    [8, 51, 38, 17, 5, 1],
    [1, 15, 29, 3, 1, 2],
    [3, 7, 25, 2, 0, 3],
    [37, 103, 101, 15, 3, 11],
    [32, 63, 90, 9, 7, 7],
    [66, 154, 188, 18, 14, 18],
    [15, 65, 47, 22, 9, 10],
    [6, 23, 73, 5, 9, 5],
    [4, 116, 50, 16, 3, 10],
    [9, 112, 50, 17, 3, 18],
    [18, 247, 207, 47, 25, 37],
    [28, 267, 173, 59, 8, 25],
    [20, 283, 144, 43, 12, 31],
    [11, 172, 109, 31, 6, 14],
    [3, 29, 103, 8, 4, 15],
    [4, 179, 82, 22, 4, 20],
    [227, 857, 1069, 129, 92, 122],
    [59, 151, 154, 15, 13, 21],
    [194, 604, 567, 68, 41, 71],
    [68, 90, 91, 3, 7, 7]
  ],
  "method": "mvn_cdf",
  "mvncdf_method": "genz",
  "mvncdf_samples": 5000,
  "mvncdf_error": 0.001,
  "cond_prob": [
    [
      [0.15097461108, 0.076475863696, 0.7497101433, 0.022839381931],
      [0.0012069777541, 0.10339424011, 0.80984241732, 0.085556364818],
      [0.00055903478435, 0.92191382061, 0.051646573439, 0.025880571163],
      [3.3941449043e-05, 0.44805925777, 0.34642512527, 0.20548167551],
      [9.9179147814e-05, 0.77390396845, 0.14882153877, 0.077175313634],
      [0.0012590598155, 0.36246582506, 0.26202936546, 0.37424574967]
    ],
    [
      [0.36272641563, 0.0077747421058, 0.61961991072, 0.0098789315411],
      [0.0094833757927, 0.048823554225, 0.89080202158, 0.050891048399],
      [0.01025107076, 0.82528719732, 0.1355513693, 0.028910362619],
      [2.1146118146e-05, 0.31383503972, 0.51865574948, 0.16748806469],
      [0.001087160997, 0.60527459084, 0.30677132136, 0.0868669268],
      [0.0077182393371, 0.11654887681, 0.41707609852, 0.45865678532]
    ],
    [
      [0.1846578579, 0.029924987145, 0.77772507515, 0.0076920797982],
      [0.0016182236605, 0.074958345786, 0.89102515747, 0.032398273087],
      [0.00094608604422, 0.91197517767, 0.078425555161, 0.0086531811278],
      [6.9562908333e-05, 0.49866709614, 0.41653930704, 0.084724033918],
      [0.00017311163886, 0.7474949507, 0.21157066587, 0.040761271789],
      [0.0012968457556, 0.38219196325, 0.39553357685, 0.22097761414]
    ],
    [
      [0.50484663202, 0.045292638681, 0.43134634781, 0.018514381489],
      [0.013166233144, 0.048248364404, 0.81639551646, 0.12218988599],
      [0.0083697750855, 0.89375829263, 0.05536713236, 0.042504799929],
      [0.00042417980302, 0.44934894239, 0.30249465127, 0.24773222654],
      [0.00090974799371, 0.72962171452, 0.15329690724, 0.11617163025],
      [0.0052884451014, 0.29706383415, 0.22414947042, 0.47349825032]
    ],
    [
      [0.17956634458, 0.030517979516, 0.77418065125, 0.015735024657],
      [0.0028465184367, 0.018548229604, 0.91614981216, 0.062455439797],
      [0.0017271736806, 0.82070634883, 0.13468044822, 0.042886029274],
      [0, 0.16358481829, 0.59530054204, 0.24111463967],
      [0.00024649259976, 0.59628131021, 0.30517272888, 0.098299468313],
      [0.0018679471298, 0.23398381774, 0.40141413764, 0.36273409749]
    ],
    [
      [0.44116502838, 0.0095301239454, 0.5404781606, 0.0088266870788],
      [0.011148627501, 0.10334745465, 0.83594089303, 0.049563024814],
      [0.0060297008642, 0.92788500042, 0.05272991051, 0.013355388204],
      [0.00044663827998, 0.56025775404, 0.33512848588, 0.1041671218],
      [0.00014803898541, 0.80991887725, 0.13566914804, 0.054263935723],
      [0.0061220471317, 0.4018487401, 0.31837368081, 0.27365553197]
    ],
    [
      [0.61069858866, 0.0011249875142, 0.37316265609, 0.01501376773],
      [0.020720902522, 0.065085931773, 0.78989401697, 0.12429914873],
      [0.017592509922, 0.83332351077, 0.096388022832, 0.052695956475],
      [0.00023644541228, 0.33693652383, 0.34979991041, 0.31302712034],
      [0.0020890879324, 0.59902918005, 0.22149207755, 0.17738965446],
      [0.0095913914808, 0.18585319961, 0.22735375527, 0.57720165363]
    ],
    [
      [0, 0.088117224591, 0.89365606855, 0.018226706862],
      [0, 0.041414199673, 0.89684251059, 0.061743289733],
      [0, 0.83957655282, 0.1215371333, 0.038886313877],
      [0, 0.32200051921, 0.49154804045, 0.18645144034],
      [0, 0.61510829582, 0.2988108271, 0.086080877072],
      [0, 0.23754450603, 0.40553697576, 0.35691851821]
    ],
    [
      [0.36246277896, 0.0011237322216, 0.58973404019, 0.046679448629],
      [0.0047682908909, 0.11717851224, 0.7156118834, 0.16244131348],
      [0.0012609095258, 0.92667664531, 0.036210230425, 0.035852214735],
      [6.4336946977e-05, 0.51208018536, 0.22223550443, 0.26561997327],
      [0.00016456193267, 0.76060116832, 0.11318465891, 0.12604961083],
      [0.0017552402242, 0.29952876328, 0.16580606352, 0.53290993297]
    ],
    [
      [0.20221591658, 0.0052913807881, 0.77501748974, 0.017475212889],
      [0.0018610871511, 0.042679251807, 0.88503121431, 0.070428446734],
      [0.0022405695315, 0.82093142066, 0.13583515524, 0.040992854563],
      [9.0063924822e-05, 0.31353211398, 0.49118800409, 0.19518981801],
      [0.00029225430424, 0.57771845224, 0.30845432042, 0.11353497304],
      [0.0027548912739, 0.18268851946, 0.35726071813, 0.45729587113]
    ],
    [
      [0.61845544623, 8.6705123057e-05, 0.36898518685, 0.012472661792],
      [0.02002486692, 0.065667977886, 0.81692405426, 0.097383100935],
      [0.017670329978, 0.82477470979, 0.1114361908, 0.046118769435],
      [0.00012609556226, 0.32737825043, 0.38073663463, 0.29175901938],
      [0.0022276353354, 0.60713052557, 0.25327642238, 0.13736541672],
      [0.01043883604, 0.22008998538, 0.30749635479, 0.46197482379]
    ],
    [
      [0.31601339187, 0.0003585255558, 0.66831724195, 0.015310840628],
      [0.0061496200872, 0.054504665719, 0.87100705775, 0.068338656442],
      [0.0056102742211, 0.86506734555, 0.097771772448, 0.031550607784],
      [0.0001376762818, 0.37421202027, 0.44912839292, 0.17652191053],
      [0.00054638595795, 0.63810589787, 0.26730758333, 0.094040132846],
      [0.0038583478381, 0.2520235736, 0.3617082797, 0.38240979886]
    ],
    [
      [0.19170899431, 0.0080681014951, 0.77582639855, 0.024396505647],
      [0.0012510246116, 0.061067167327, 0.85268293227, 0.084998875787],
      [0.00097936269861, 0.86092970845, 0.10151709347, 0.036573835382],
      [5.113459635e-05, 0.38256138352, 0.40340620907, 0.21398127282],
      [0.00016599986295, 0.66003102604, 0.2257209221, 0.114082052],
      [0.00085176129765, 0.2498250374, 0.32458395261, 0.42473924869]
    ],
    [
      [0.35272720254, 0.00017334685167, 0.62773940961, 0.019360040997],
      [0.007888377879, 0.038882880932, 0.86722657869, 0.086002162495],
      [0.0077722434087, 0.82573555684, 0.12094081214, 0.04555138761],
      [0.00025413291657, 0.326563192, 0.44177301749, 0.23140965759],
      [0.00099288376225, 0.59547461177, 0.27105299711, 0.13247950735],
      [0.0045649325735, 0.20799316343, 0.33861659238, 0.44882531161]
    ],
    [
      [0.17141401325, 0.033993382277, 0.74753573425, 0.047056870221],
      [0.00092450809401, 0.096541132484, 0.75012461234, 0.15240974708],
      [0.00048263950453, 0.90144981282, 0.05800090504, 0.040066642639],
      [2.8476759804e-05, 0.44271079903, 0.2676070298, 0.28965369441],
      [8.3861801602e-05, 0.70898790023, 0.14259315071, 0.14833508726],
      [0.00043745889377, 0.26090708054, 0.19269627321, 0.54595918736]
    ],
    [
      [0.48063456967, 0.0010276326384, 0.51359206814, 0.0047457295537],
      [0.014285249511, 0.064531341372, 0.88626589276, 0.034917516354],
      [0.010974517826, 0.88487631102, 0.093147806386, 0.011001364771],
      [0.00093185510428, 0.45580468875, 0.44588032626, 0.097383129882],
      [0.00027940028874, 0.72969325167, 0.21763609559, 0.052391252453],
      [0.009813522462, 0.34790693548, 0.41285146316, 0.22942807889]
    ],
    [
      [0.28046701373, 0.00039093311807, 0.70014640414, 0.018995649006],
      [0.003528716771, 0.058060315758, 0.85656253436, 0.081848433109],
      [0.0036452117624, 0.84098244293, 0.11662953893, 0.038742806381],
      [7.5759357078e-05, 0.36528241084, 0.40318091889, 0.23146091092],
      [0.00027191304221, 0.6297340071, 0.25374683547, 0.11624724439],
      [0.0023089937677, 0.23250415474, 0.34226855631, 0.42291829519]
    ],
    [
      [0.12596470073, 0.024787045279, 0.84300391102, 0.0062443429671],
      [0.0010843430404, 0.036907338421, 0.93718189165, 0.024826426892],
      [0.0012383517475, 0.8134553637, 0.16962883672, 0.015677447827],
      [5.2180490158e-05, 0.30279200138, 0.59744476737, 0.099711050759],
      [0.00027977624874, 0.63909948732, 0.29745616606, 0.063164570375],
      [0.0020558062061, 0.22835248811, 0.54994008264, 0.21965162305]
    ],
    [
      [0.31254156451, 0.015822737048, 0.6507461901, 0.020889508339],
      [0.0060297913908, 0.08174133166, 0.82030990531, 0.09191897164],
      [0.0030548873948, 0.88828350079, 0.075095175888, 0.033566435931],
      [7.2599904731e-05, 0.43221829048, 0.35639984988, 0.21130925974],
      [0.00024092218769, 0.71851083328, 0.171537409, 0.10971083554],
      [0.0031731467028, 0.29828991639, 0.28323830523, 0.41529863168]
    ],
    [
      [0.39449074725, 0.0056356795015, 0.58125699116, 0.018616582091],
      [0.010561206084, 0.039897489376, 0.85005279161, 0.099488512934],
      [0.011972962971, 0.79143419322, 0.13773857348, 0.058854270326],
      [4.0885930463e-05, 0.26068425528, 0.41570641605, 0.32356844274],
      [0.0014442046185, 0.52794640121, 0.30291150711, 0.16769788705],
      [0.0056636672936, 0.15423839958, 0.30999683654, 0.53010109659]
    ],
    [
      [0.5986908998, 0.0032074379287, 0.39449516016, 0.0036065021111],
      [0.022691086523, 0.040791242167, 0.90102573973, 0.035491931577],
      [0.026359999531, 0.82244163012, 0.12940599051, 0.021792379837],
      [0.0012082533466, 0.3239516173, 0.55517419336, 0.11966593599],
      [0.0045540323878, 0.5799016849, 0.34719497406, 0.068349308652],
      [0.019301227268, 0.22817160069, 0.48671178181, 0.26581539024]
    ],
    [
      [0.30066669332, 0.00048276935643, 0.66244426509, 0.036406272226],
      [0.0024820430687, 0.061005167908, 0.83902502213, 0.097487766891],
      [0.0020517320505, 0.86197008616, 0.095801755231, 0.040176426554],
      [4.5823385993e-05, 0.38161707447, 0.38398653727, 0.23435056487],
      [0.00022481137148, 0.6836923144, 0.18258131665, 0.13350155758],
      [0.0016424547077, 0.24347055075, 0.29945782664, 0.4554291679]
    ],
    [
      [0.26174311322, 0.00067488414437, 0.71962401393, 0.017957988713],
      [0.0029681969189, 0.098132972592, 0.82823365051, 0.070665179978],
      [0.0014737232134, 0.91768060836, 0.060125972116, 0.020719696314],
      [6.5508615622e-05, 0.52887621508, 0.33230553326, 0.13875274304],
      [0.00016540346653, 0.76884849415, 0.16797185942, 0.063014242963],
      [0.0019696009531, 0.37716973486, 0.27424877417, 0.34661189002]
    ],
    [
      [0.47142476681, 0.00037755119535, 0.51156459797, 0.016633084025],
      [0.0095492206307, 0.062548184812, 0.85704543117, 0.070857163384],
      [0.0074899964775, 0.87290490565, 0.090964929801, 0.028640168076],
      [0.00023012570492, 0.41833620858, 0.40834829188, 0.17308537384],
      [0.00071394136487, 0.68442665684, 0.22480377493, 0.090055626861],
      [0.0052754317396, 0.28381281784, 0.33896883196, 0.37194291846]
    ],
    [
      [0.23423818289, 0.00056142080325, 0.74966094551, 0.01553945079],
      [0.002316497395, 0.065849702957, 0.88457047521, 0.047263324443],
      [0.0013069835673, 0.88190820318, 0.098871084173, 0.017913729078],
      [6.0393576179e-05, 0.43253980927, 0.43885576312, 0.12854403404],
      [0.00017893471006, 0.70248367816, 0.23126862727, 0.066068759863],
      [0.0021801918284, 0.31815332585, 0.39225019466, 0.28741628766]
    ],
    [
      [0.39145232248, 0.00037324679488, 0.59102555498, 0.017148875745],
      [0.0084969758779, 0.058567641539, 0.85764201269, 0.075293369894],
      [0.0070969674145, 0.86113406322, 0.098770180503, 0.03299878886],
      [0.00017428339128, 0.39115044169, 0.41888742005, 0.18978785488],
      [0.0006966711386, 0.66284519053, 0.23406248017, 0.10239565816],
      [0.0048859698937, 0.26011444422, 0.34074601478, 0.39425357112]
    ],
    [
      [0.32193463433, 0.00083075372622, 0.65971966466, 0.017514947282],
      [0.0063583117636, 0.090210143632, 0.82833464293, 0.075096901675],
      [0.002700719638, 0.9091274953, 0.064349278234, 0.023822506832],
      [0.00011517934746, 0.48774123114, 0.34787348955, 0.16427009996],
      [0.00032757884579, 0.74951556186, 0.17276757438, 0.077389284913],
      [0.0034033615315, 0.34864556522, 0.29490527581, 0.35304579743]
    ],
    [
      [0.59016516999, 0.00039531933395, 0.39435880481, 0.015080705865],
      [0.018510860375, 0.063185206872, 0.81490625982, 0.10339767293],
      [0.014422460628, 0.8547616313, 0.089778498239, 0.041037409835],
      [0.00025565628118, 0.3806336676, 0.3670236022, 0.25208707392],
      [0.0014534171391, 0.65716855167, 0.20749299098, 0.13388504021],
      [0.0091659895821, 0.23774111056, 0.28048327429, 0.47260962556]
    ],
    [
      [0.64610990683, 0, 0.33804280054, 0.015847292626],
      [0.016967836632, 0.053172946416, 0.81469580083, 0.11516341612],
      [0.014112404072, 0.85598604779, 0.079945745535, 0.049955802604],
      [0.00085529298308, 0.37592101529, 0.35677477112, 0.26644892061],
      [0.0014121105363, 0.64956059736, 0.20592439567, 0.14310289644],
      [0.0078178207816, 0.20104900022, 0.25552830158, 0.53560487742]
    ],
    [
      [0.43155009602, 0.00018732248266, 0.54455661907, 0.023705962429],
      [0.0065691049594, 0.037059850603, 0.8594884877, 0.096882556733],
      [0.0088301336334, 0.79227521306, 0.13611446204, 0.062780191266],
      [0.00040695032809, 0.27643763455, 0.45049992591, 0.27265548921],
      [0.00071621422892, 0.54050907368, 0.29482297054, 0.16395174156],
      [0.0034950413611, 0.14267671268, 0.32361234346, 0.5302159025]
    ],
    [
      [0.24272121274, 0.04979939393, 0.68462132685, 0.022858066487],
      [0.0028611586779, 0.044369021773, 0.85432981575, 0.098440003796],
      [0.0012606057273, 0.89343655771, 0.071386614578, 0.033916221981],
      [7.6618523014e-05, 0.44756186833, 0.34553127955, 0.2068302336],
      [0.00021658146999, 0.71667251752, 0.18020304939, 0.10290785162],
      [0.002157924761, 0.30221075898, 0.27479265049, 0.42083866578]
    ],
    [
      ["NaN", "NaN", "NaN", "NaN"],
      [0, 0.031065320531, 0.85258220502, 0.11635247445],
      [0, 0.86932068741, 0.078425942307, 0.052253370282],
      [0, 0.40209162099, 0.33629778413, 0.26161059489],
      [0, 0.68315461552, 0.18193873724, 0.13490664724],
      [0, 0.22644573039, 0.234737631, 0.53881663861]
    ],
    [
      [0.5875659736, 0.00029686650702, 0.39729481496, 0.014842344937],
      [0.018301021147, 0.044127866894, 0.83104262109, 0.10652849087],
      [0.019196564563, 0.82274736723, 0.10033823219, 0.057717836023],
      [0.00063629532257, 0.29052766747, 0.42929707844, 0.27953895878],
      [0.0020424843571, 0.54713538688, 0.28448263758, 0.16633949118],
      [0.0094316753345, 0.16902201658, 0.30803236817, 0.51351393992]
    ],
    [
      [0.15258913731, 0.019563599907, 0.79737642035, 0.030470842442],
      [0.00086309213802, 0.051376401193, 0.84726740938, 0.10049309729],
      [0.00075435422377, 0.8393020748, 0.11211809959, 0.047825471385],
      [3.5499731747e-05, 0.33398798655, 0.4093995744, 0.25657693932],
      [0.00011860130686, 0.60588921701, 0.24763452762, 0.14635765407],
      [0.00055128239469, 0.206499833, 0.30665167412, 0.48629721049]
    ],
    [
      [0.36410805887, 0.0070091235071, 0.61220937012, 0.016673447501],
      [0.0087433404673, 0.063470273206, 0.84635815742, 0.081428228911],
      [0.0065985893435, 0.86987099841, 0.090010328902, 0.033520083344],
      [0.00020411510896, 0.40459382312, 0.39886744234, 0.19633461943],
      [0.00073618303586, 0.67463025469, 0.2215369267, 0.10309663557],
      [0.0049442720002, 0.26753416766, 0.32212310294, 0.4053984574]
    ],
    [
      [0.28558366591, 0.00033713289958, 0.69961925566, 0.014459945534],
      [0.0053199218716, 0.046689116501, 0.88636764962, 0.061623312012],
      [0.0054924646486, 0.83390307228, 0.12748556462, 0.033118898452],
      [0.00013942807682, 0.34068627399, 0.48601311346, 0.17316118447],
      [0.00054222368334, 0.61210445669, 0.28850313886, 0.098850180772],
      [0.0038594705353, 0.22917778771, 0.40022441481, 0.36673832694]
    ],
    [
      [0.3401882789, 0.00046157655566, 0.64049057812, 0.018859566422],
      [0.0070672191635, 0.062844541997, 0.84615024981, 0.083937989034],
      [0.0054339214049, 0.86657348867, 0.093153808951, 0.034838780972],
      [0.00015316383867, 0.39651530621, 0.39957871907, 0.20375281088],
      [0.00056745478224, 0.66733724388, 0.22369812756, 0.10839717378],
      [0.0040904782247, 0.25820000808, 0.31893915238, 0.41877036131]
    ],
    [
      [0.69153040627, 0.00058726084713, 0.29993228287, 0.0079500500173],
      [0.026063614593, 0.10220869858, 0.80389871618, 0.067828970645],
      [0.013187074165, 0.92704776168, 0.043519869863, 0.016245294294],
      [0.00048498931388, 0.54425959045, 0.31322346569, 0.14203195455],
      [0.0019681203206, 0.69183923729, 0.21479005819, 0.091402584206],
      [0.012169303278, 0.4310695579, 0.25748754923, 0.29927358959]
    ],
    [
      [0.27706856713, 0.044846876727, 0.66683875959, 0.01124579655],
      [0.006339122943, 0.056585417035, 0.89510240458, 0.04197305544],
      [0.0063970309078, 0.84684680283, 0.12325556512, 0.02350060114],
      [0.00020009710378, 0.32587050087, 0.52811247986, 0.14581692217],
      ["NaN", "NaN", "NaN", "NaN"],
      [0.0041366980719, 0.29838324765, 0.43730215882, 0.26017789546]
    ],
    [
      [0, 0.062636556317, 0.93736344368, 0],
      [0, 0.11584266083, 0.88415733917, 0],
      [0, 0.8800978843, 0.1199021157, 0],
      [0, 0.46726614816, 0.53273385184, 0],
      ["NaN", "NaN", "NaN", "NaN"],
      ["NaN", "NaN", "NaN", "NaN"]
    ],
    [
      [0, 0.11288778206, 0.84170870396, 0.045403513987],
      [0, 0.10178363901, 0.75562429715, 0.14259206384],
      [0, 0.91456307761, 0.04946417523, 0.035972747164],
      [0, 0.48522358079, 0.25937403615, 0.25540238307],
      [0, 0.74107106134, 0.13754132291, 0.12138761575],
      [0, 0.30320163695, 0.19827536147, 0.49852300158]
    ],
    [
      [0.40152199531, 0.00036130876947, 0.5787135641, 0.01940313182],
      [0.0096063258909, 0.067847394015, 0.8286261, 0.093920180098],
      [0.0070447095327, 0.87360770114, 0.081282041986, 0.038065547344],
      [0.00038200820793, 0.41390885244, 0.36920057565, 0.2165085637],
      [0.0010115240933, 0.68074169124, 0.20593691781, 0.11230986686],
      [0.0045462229753, 0.1777150964, 0.28647900085, 0.53125967978]
    ],
    [
      [0.10899002579, 0.043739973745, 0.8341445812, 0.013125419262],
      [0.00082193235544, 0.077064885344, 0.87502961885, 0.04708356345],
      [0.00051885195858, 0.89920655477, 0.084647447798, 0.015627145471],
      [3.2916516201e-05, 0.46850603714, 0.41260598853, 0.11885505782],
      [9.6253004411e-05, 0.73485791003, 0.20557245033, 0.059473386632],
      [0.00060467433674, 0.35583779314, 0.37240740677, 0.27115012575]
    ],
    [
      [0.45902621405, 0.0085226367883, 0.52382914044, 0.0086220087296],
      [0.013761579722, 0.072247643078, 0.86240967894, 0.051581098263],
      [0.010055034441, 0.88300377908, 0.088155388766, 0.018785797716],
      [0.0001863194201, 0.44910632768, 0.41629130994, 0.13441604295],
      [0.001057227118, 0.71882168771, 0.21350526816, 0.066615817011],
      [0.0086095922761, 0.31811139691, 0.36428963522, 0.30898937559]
    ],
    [
      [0.43218589823, 0.00044294448807, 0.55362457113, 0.013746586157],
      [0.01014410567, 0.071136278562, 0.8464275814, 0.072292034371],
      [0.0071793195581, 0.89638490964, 0.069506742411, 0.026929028395],
      [0.00031039169586, 0.47608135929, 0.36117839604, 0.16242985298],
      [0.00073552524064, 0.73515310446, 0.18523153743, 0.07887983287],
      [0.0052740090396, 0.3324076398, 0.30588030263, 0.35643804853]
    ],
    [
      [0.43919682175, 0.024283881213, 0.51447670289, 0.022042594148],
      [0.010293077789, 0.070447531689, 0.79761381427, 0.12164557625],
      [0.0073265826904, 0.87933368205, 0.068323459346, 0.045016275909],
      [0.00011974957928, 0.2987739689, 0.37890308674, 0.32220319478],
      [0.00076702215632, 0.68240994615, 0.17788818857, 0.13893484312],
      [0.0044347809293, 0.26073240988, 0.23379276923, 0.50104003996]
    ],
    [
      [0.56515254832, 0.00038964134743, 0.42834131578, 0.006116494552],
      [0.019086325196, 0.060709122758, 0.87746662448, 0.042737927567],
      [0.015398916209, 0.8694466307, 0.098432284986, 0.016722168103],
      [0.00054651042726, 0.42613204915, 0.45397797965, 0.11934346078],
      [0.0017181303678, 0.68966930561, 0.2468018192, 0.061810744822],
      [0.012604013594, 0.31074666858, 0.40448581151, 0.27216350631]
    ],
    [
      [0.44078093505, 0.0060157940966, 0.54680092751, 0.0064023433384],
      [0.01352861782, 0.061768225096, 0.88546799712, 0.039235159967],
      [0.012581799061, 0.8281625677, 0.14145072092, 0.017804912317],
      [0.00060701031008, 0.38708614579, 0.49350955214, 0.11879729176],
      [0.00047768058144, 0.76516008919, 0.15643141141, 0.077930818819],
      [0.0092973033708, 0.28134842622, 0.43873938673, 0.27061488368]
    ],
    [
      [0.18999776762, 0.020318330245, 0.78090781688, 0.0087760852574],
      [0.0031228664674, 0.041983358187, 0.91834297263, 0.036550802717],
      [0.0029182142074, 0.83527767654, 0.13977827, 0.022025839244],
      [7.1148939063e-05, 0.2810041817, 0.58424658472, 0.13467808464],
      [0.0003384786229, 0.61180625363, 0.322850231, 0.065005036751],
      [0.0025686591006, 0.25439061802, 0.48220866462, 0.26083205825]
    ],
    [
      [0.24750058566, 0.00096242478309, 0.7371044331, 0.014432556456],
      [0.0022468604675, 0.051090654873, 0.89261622645, 0.054046258207],
      [0.0018897867958, 0.85486708033, 0.11693811039, 0.026305022485],
      [0.00016286061298, 0.37849069898, 0.47212683665, 0.14921960376],
      [0.00037659419637, 0.64613930994, 0.27175275414, 0.081731341725],
      [0.0028561454743, 0.26696283795, 0.40578412154, 0.32439689504]
    ],
    [
      [0.27921090041, 0, 0.67999129917, 0.040797800419],
      [0.0044667660643, 0.047093052801, 0.83458212422, 0.11385805692],
      [0.00093139807427, 0.91592195254, 0.040799518126, 0.042347131257],
      [0.0019103657748, 0.53134522126, 0.28988793525, 0.17685647772],
      ["NaN", "NaN", "NaN", "NaN"],
      ["NaN", "NaN", "NaN", "NaN"]
    ],
    [
      [0.46598000613, 0.0025400361295, 0.52401715996, 0.0074627977765],
      [0.014501327723, 0.047858414027, 0.89120052958, 0.046439728673],
      [0.015177202796, 0.82705667225, 0.13319439613, 0.024571728821],
      [2.2681502295e-05, 0.34505937339, 0.5047785356, 0.15013940951],
      [0.0012535955403, 0.62484021389, 0.29249198302, 0.081414207544],
      [0.010388628817, 0.24452666966, 0.43893845921, 0.30614624232]
    ],
    [
      [0.46673924915, 0.006054686941, 0.5249397116, 0.0022663523141],
      [0.018725845194, 0.026151284233, 0.94188656003, 0.013236310542],
      [0.027888718164, 0.68859313416, 0.26695955259, 0.016558595089],
      [2.9624487668e-05, 0.21026048998, 0.67210280366, 0.11760708187],
      [0.00056828498829, 0.46661917148, 0.47430045775, 0.05851208578],
      [0.015435332547, 0.14894692672, 0.66181935838, 0.17379838235]
    ],
    [
      [0.89784331343, 0.00024318086263, 0.098302742029, 0.0036107636812],
      [0.031417400317, 0.079208185176, 0.85129101402, 0.03808340049],
      [0.019898520757, 0.9165118208, 0.054970474466, 0.0086191839786],
      ["NaN", "NaN", "NaN", "NaN"],
      [0.0020149854209, 0.79649102936, 0.16240282993, 0.039091155287],
      [0.018305029651, 0.42103838329, 0.34118571862, 0.21947086844]
    ],
    [
      [0.43512322308, 0.038308690566, 0.50513408076, 0.021434005595],
      [0.0094730872107, 0.18205186811, 0.70225415433, 0.10622089035],
      [0.0013577196957, 0.96418011822, 0.01495530046, 0.019506861624],
      [0.00010259924703, 0.64746683087, 0.196445254, 0.15598531588],
      [6.9007649893e-05, 0.83472691954, 0.074584812589, 0.090619260222],
      [0.0034360800991, 0.46970164943, 0.17341897073, 0.35344329974]
    ],
    [
      [0.32279353798, 0.0032834638265, 0.65937127638, 0.01455172181],
      [0.0074997846658, 0.035170143218, 0.8880866996, 0.069243372517],
      [0.01001343354, 0.78083719285, 0.16229223651, 0.046857137104],
      [0.00020336321768, 0.26862528469, 0.52200732959, 0.2091640225],
      [0.00090764074802, 0.53309734634, 0.33470095844, 0.13129405447],
      [0.0052646794349, 0.17113612179, 0.40655791339, 0.41704128538]
    ],
    [
      [0.42240065316, 0.0002559585045, 0.56679075756, 0.010552630779],
      [0.012032631361, 0.033375576961, 0.89644968411, 0.058142107571],
      [0.016538113575, 0.7698558555, 0.17246339559, 0.041142635331],
      [0.00032331153423, 0.26503594254, 0.55055938967, 0.18408135626],
      [0.001482364003, 0.52613394888, 0.35684157363, 0.11554211348],
      [0.0086063652208, 0.17394586022, 0.44394543602, 0.37350233854]
    ],
    [
      [0.5237209848, 0.00022478202894, 0.46340925318, 0.01264497999],
      [0.015947042942, 0.038606024163, 0.86507617652, 0.080370756373],
      [0.019118008095, 0.78916901327, 0.14279922559, 0.048913753044],
      [0.00042712919243, 0.28580328165, 0.48271098092, 0.23105860823],
      [0.0017729145756, 0.5497933952, 0.30769451192, 0.14073917831],
      [0.0099142225254, 0.1774698537, 0.36635147323, 0.44626445054]
    ],
    [
      [0.70536426528, 0.00022355694162, 0.27926427189, 0.015147905889],
      [0.013437118052, 0.042268130711, 0.87910116988, 0.065193581353],
      [0.013215992828, 0.85892004667, 0.09679528914, 0.031068671358],
      [0.00046459389642, 0.40031476852, 0.42702463584, 0.17219600174],
      [0.0012962215853, 0.65709765878, 0.24672535247, 0.094880767157],
      [0.0076657499649, 0.28825837606, 0.34492882095, 0.35914705303]
    ],
    [
      [0.53526208821, 0.00027654168521, 0.45347732939, 0.010984040713],
      [0.017255883147, 0.033274667419, 0.87999993449, 0.069469514942],
      [0.023510509568, 0.76549112537, 0.16279928638, 0.048199078678],
      [0.00034427015474, 0.26033795104, 0.52661056247, 0.21270721633],
      [0.0030632067757, 0.51194744933, 0.35434895399, 0.1306403899],
      [0.012187069795, 0.16373105452, 0.40823106439, 0.41585081129]
    ],
    [
      [0.33983248244, 0.0093090463605, 0.64091475597, 0.009943715232],
      [0.0086323431836, 0.042719735343, 0.89908605049, 0.049561870983],
      [0.0096723374933, 0.82163015134, 0.13985002037, 0.028847490797],
      [0.00024904279846, 0.32693262147, 0.52357587567, 0.14924246007],
      [0.00091808974622, 0.59933579237, 0.31141281466, 0.088333303232],
      [0.0062591891575, 0.22304517115, 0.44311938128, 0.32757625841]
    ],
    [
      ["NaN", "NaN", "NaN", "NaN"],
      [0, 0.036852282777, 0.61522896767, 0.34791874955],
      [0, 0.77455999113, 0.11027857389, 0.11516143499],
      [0, 0.17999782815, 0.18864606235, 0.63135610951],
      [0, 0.41106000267, 0.14107555562, 0.44786444171],
      [0, 0.098570162947, 0.09975015345, 0.8016796836]
    ],
    [
      [0.7931248757, 0.00087917658856, 0.17744660009, 0.028549347627],
      [0.0203955186, 0.085504358822, 0.65960548021, 0.23449464237],
      [0.012906730787, 0.88904005692, 0.045179057819, 0.052874154479],
      [0.00056180177622, 0.38532590545, 0.20545272602, 0.40865956676],
      [0.0012633966177, 0.66381951927, 0.11475670662, 0.22016037749],
      [0.005977185636, 0.20785496163, 0.12784149525, 0.65832635748]
    ],
    [
      [0.29418137539, 0.00026941313656, 0.68175989242, 0.023789319047],
      [0.0068456639357, 0.024683193949, 0.8997669521, 0.068704190013],
      [0.0068442873312, 0.76741790034, 0.17635150952, 0.04938630281],
      [0.0023091957198, 0.25976609797, 0.53091047945, 0.20701422686],
      [0.0025345887735, 0.50049396961, 0.36550293671, 0.13146850491],
      [0.0047892671367, 0.16819704697, 0.41519830075, 0.41181538515]
    ],
    [
      [0.42147966512, 0.003639047412, 0.54790137751, 0.026979909966],
      [0.042731324997, 0.035535298774, 0.78465363963, 0.1370797366],
      [0.011425798164, 0.76084488978, 0.12581789596, 0.10191141609],
      [0.0079975230963, 0.21077742748, 0.37129647656, 0.40992857286],
      [0.017418154962, 0.41419473168, 0.30149278614, 0.26689432722],
      [0.01818822602, 0.1022513435, 0.26976380798, 0.60979662249]
    ],
    [
      [0.52773099657, 0.018482246231, 0.44175100859, 0.012035748611],
      [0.017494282457, 0.071863199109, 0.83793158588, 0.072710932551],
      [0.014524248035, 0.85003023392, 0.10143746215, 0.034008055898],
      [0.00019667470864, 0.35612151528, 0.42165366051, 0.22202814949],
      [0.0022058603192, 0.66547302173, 0.2345860266, 0.097735091356],
      [0.010714382691, 0.2826456883, 0.34115967079, 0.36548025822]
    ],
    [
      ["NaN", "NaN", "NaN", "NaN"],
      [0.20833350193, 0.14832917308, 0.48054098177, 0.16279634322],
      [0.012820460945, 0.95436025444, 0.0059873902245, 0.026831894393],
      ["NaN", "NaN", "NaN", "NaN"],
      ["NaN", "NaN", "NaN", "NaN"],
      ["NaN", "NaN", "NaN", "NaN"]
    ],
    [
      [0.20709075952, 0.0072682740761, 0.75890495162, 0.026736014782],
      [0.0010243528401, 0.07826978943, 0.84299614548, 0.077709712246],
      [0.00063719968415, 0.89423302202, 0.077384521236, 0.027745257063],
      [3.815973225e-05, 0.45588509918, 0.36828157852, 0.17579516256],
      [0.00013967720441, 0.72307568595, 0.18144932164, 0.09533531521],
      [0.00066247890119, 0.31540179267, 0.30878270343, 0.375153025]
    ],
    [
      [0.35833376863, 3.5232181245e-05, 0.62133116242, 0.020299836766],
      [0.0095325374392, 0.037303374536, 0.87688986561, 0.076274222418],
      [0.010033249966, 0.77974910061, 0.15900909715, 0.051208552274],
      [0.0025727365262, 0.27020742968, 0.508266291, 0.21895354279],
      [0.00022030934496, 0.25244013623, 0.5532882156, 0.19405133882],
      [0.0061903747271, 0.17159455924, 0.39161658975, 0.43059847628]
    ],
    [
      [0.74020807533, 0.0058798210803, 0.25233709019, 0.0015750134016],
      [0.056302331513, 0.031169056757, 0.88458181182, 0.027946799908],
      [0.083894033622, 0.68702135958, 0.20522221102, 0.023862395773],
      [0, 0.28039538383, 0.57886461491, 0.14074000126],
      [0.025935936356, 0.44499280161, 0.45810223587, 0.070969026167],
      [0.049012506839, 0.16182819223, 0.54178257764, 0.24737672329]
    ],
    [
      [0.37883118631, 0.0045544602365, 0.61661435346, 0],
      [0.011618896122, 0.081754049881, 0.906627054, 0],
      [0.0022019056521, 0.91740792219, 0.08039017216, 0],
      [0.019663788885, 0.51203448371, 0.4683017274, 0],
      ["NaN", "NaN", "NaN", "NaN"],
      [0.07929920663, 0.42571668292, 0.49498411045, 0]
    ],
    [
      [0.79194602897, 0.010989725582, 0.18654655055, 0.010517694901],
      [0.043714484832, 0.042753380518, 0.8282815126, 0.085250622053],
      [0.059673972667, 0.71676481307, 0.15995062872, 0.06361058554],
      [0.0025015739281, 0.23117385651, 0.50005127611, 0.26627329345],
      ["NaN", "NaN", "NaN", "NaN"],
      [0.032505732699, 0.1385287761, 0.35111699386, 0.47784849734]
    ],
    [
      [0.49067029762, 0.0081230420554, 0.48928412991, 0.011922530411],
      [0.015170527846, 0.052402220695, 0.85996835785, 0.072458893614],
      [0.013617866824, 0.84901187505, 0.1027249406, 0.034645317528],
      [0.00051310045298, 0.37773231912, 0.43458495725, 0.18716962318],
      [0.0014167962903, 0.64974366135, 0.24649227244, 0.10234726992],
      [0.0089246884207, 0.24667135617, 0.35092408692, 0.39347986849]
    ],
    [
      [0.70930204557, 0.00037248707795, 0.28094800293, 0.0093774644282],
      [0.02382190501, 0.0953155604, 0.80182809602, 0.079034438567],
      [0.013223707605, 0.8985693766, 0.063428802896, 0.0247781129],
      [0.00040185163824, 0.50460058472, 0.32800568233, 0.1669918813],
      [0.001434779097, 0.75677637823, 0.16281839712, 0.078970445551],
      [0.012603700829, 0.32748159517, 0.27089114531, 0.38902355869]
    ],
    [
      [0.36899338584, 0.00042006973003, 0.61541359455, 0.015172949883],
      [0.0082853436517, 0.065997122563, 0.8548254007, 0.070892133088],
      [0.0061844093646, 0.87860318032, 0.087073148715, 0.0281392616],
      [0.00017207279637, 0.42498315922, 0.40393551818, 0.1709092498],
      [0.00065081175317, 0.69002276156, 0.22248909064, 0.086837336051],
      [0.0047288779349, 0.29109972028, 0.33841649247, 0.36575490932]
    ],
    [
      ["NaN", "NaN", "NaN", "NaN"],
      [0, 0.033378671872, 0.88786573258, 0.078755595551],
      [0, 0.80118387866, 0.14859484985, 0.050221271486],
      [0, 0.28143963622, 0.49920647497, 0.21935388881],
      [0, 0.53613841868, 0.33162588352, 0.1322356978],
      [0, 0.17111796086, 0.37071119516, 0.45817084399]
    ],
    [
      [0.47540117347, 0.0075214620831, 0.50303322997, 0.01404413448],
      [0.014368113261, 0.033169844125, 0.86490452345, 0.087557519167],
      [0.02086971749, 0.74141789769, 0.17058262399, 0.06712976083],
      [0.00059957012653, 0.22382673779, 0.50566369172, 0.26991000037],
      [0.0022999124254, 0.46510068669, 0.356628824, 0.17597057689],
      [0.0088089188919, 0.063339310621, 0.28052407927, 0.64732769122]
    ],
    [
      [0.36795144253, 0.0037373644646, 0.61401152076, 0.014299672247],
      [0.0095263877499, 0.041156672849, 0.87765588424, 0.071661055159],
      [0.010792360509, 0.80750952266, 0.1387902418, 0.042907875037],
      [0.00031503761531, 0.30321464766, 0.49147523778, 0.20499507695],
      [0.00086930528749, 0.58007782158, 0.29436156286, 0.12469131027],
      [0.0061369268531, 0.18168757614, 0.37173371398, 0.44044178303]
    ],
    [
      [0.42104464085, 0.0025237914672, 0.5706780389, 0.0057535287728],
      [0.012535448634, 0.032675809681, 0.92100218898, 0.03378655271],
      [0.018147859573, 0.76925751206, 0.18706841682, 0.02552621155],
      [0.00045008737595, 0.26448658814, 0.6119333465, 0.12312997799],
      [0.0017127606906, 0.51914399435, 0.40157539115, 0.077567853817],
      [0.010227036364, 0.18719834541, 0.5301187649, 0.27245585332]
    ],
    [
      [0.30092305499, 0.00078056303356, 0.68089543547, 0.017400946511],
      [0.0046781832774, 0.097814716054, 0.83223784964, 0.065269251029],
      [0.0017529570132, 0.91355537419, 0.064668808986, 0.020022859814],
      [8.3080112028e-05, 0.5044116122, 0.34757881916, 0.14792648852],
      [0.00036986286262, 0.79342881932, 0.1284750995, 0.077726218319],
      [0.0027133499934, 0.37850339902, 0.30483147046, 0.31395178052]
    ],
    [
      [0.43825744664, 0.055772358551, 0.50597019481, 0],
      [0.007058877447, 0.10680488437, 0.88613623819, 0],
      [0.00082509741552, 0.97417383009, 0.025001072497, 0],
      [0.0057947207335, 0.74789675023, 0.24630852904, 0],
      ["NaN", "NaN", "NaN", "NaN"],
      [0.071741792365, 0.66624903731, 0.26200917032, 0]
    ],
    [
