{
  "X": [
    [73, 14, 13],
    [61, 28, 11],
    [65, 22, 13],
    [65, 22, 13],
    [76, 18, 6],
    [73, 19, 8],
    [63, 28, 9],
    [67, 23, 10],
    [70, 18, 12],
    [71, 17, 12],
    [67, 19, 14],
    [58, 28, 14],
    [60, 31, 9],
    [54, 20, 26],
    [46, 26, 28],
    [46, 26, 28],
    [47, 21, 32],
    [52, 20, 28],
    [54, 23, 23],
    [45, 27, 28],
    [45, 30, 25],
    [48, 23, 29],
    [46, 29, 25],
    [57, 20, 23],
    [46, 26, 28],
    [44, 24, 32],
    [44, 26, 30],
    [47, 18, 35],
    [44, 17, 39],
    [52, 17, 31],
    [40, 19, 41],
    [43, 18, 39],
    [49, 17, 34],
    [39, 22, 39],
    [45, 18, 37],
    [37, 19, 44],
    [48, 16, 36],
    [38, 40, 22],
    [50, 36, 14],
    [40, 46, 14],
    [51, 38, 11],
    [44, 51, 5],
    [48, 39, 13],
    [48, 42, 10],
    [46, 40, 14],
    [47, 41, 12],
    [40, 44, 16],
    [44, 43, 13],
    [52, 32, 16],
    [51, 39, 10]
  ],
  "W": [
    [62, 14, 10, 14],
    [56, 11, 19, 14],
    [54, 18, 15, 13],
    [58, 16, 12, 14],
    [72, 6, 10, 12],
    [67, 10, 13, 10],
    [67, 11, 7, 15],
    [55, 12, 11, 22],
    [61, 15, 12, 12],
    [64, 9, 14, 13],
    [59, 17, 10, 14],
    [54, 20, 13, 13],
    [37, 27, 16, 20],
    [13, 64, 10, 13],
    [12, 59, 17, 12],
    [14, 62, 10, 14],
    [12, 71, 11, 6],
    [14, 69, 10, 7],
    [15, 66, 9, 10],
    [8, 70, 13, 9],
    [19, 58, 13, 10],
    [16, 61, 14, 9],
    [12, 72, 5, 11],
    [19, 58, 10, 13],
    [15, 64, 11, 10],
    [7, 12, 67, 14],
    [8, 12, 59, 21],
    [16, 10, 66, 8],
    [13, 9, 63, 15],
    [15, 15, 55, 15],
    [12, 12, 70, 6],
    [13, 9, 65, 13],
    [14, 16, 58, 12],
    [8, 8, 70, 14],
    [18, 12, 61, 9],
    [12, 8, 65, 15],
    [14, 12, 65, 9],
    [10, 8, 43, 39],
    [12, 12, 17, 59],
    [17, 12, 9, 62],
    [13, 8, 12, 67],
    [11, 11, 3, 75],
    [12, 9, 15, 64],
    [14, 14, 10, 62],
    [13, 11, 17, 59],
    [15, 12, 17, 56],
    [13, 13, 14, 60],
    [11, 14, 11, 64],
    [12, 17, 15, 56],
    [12, 14, 8, 66]
  ],
  "method": "mvn_cdf",
  "mvncdf_method": "genz",
  "mvncdf_samples": 5000,
  "mvncdf_error": 0.001,
  "cond_prob": [
    [
      [0.89885898968, 0.080850885577, 0.020290124744],
      [0.46742685643, 0.14649670074, 0.38607644283],
      [0.34652194371, 0.074116039355, 0.57936201693],
      [0.51868194377, 0.44250934931, 0.038808706925]
    ],
    [
      [0.79521984027, 0.19388426534, 0.010895894393],
      [0.43113215817, 0.3434949198, 0.22537292204],
      [0.38702764287, 0.20780611071, 0.40516624643],
      [0.31226499934, 0.67255149428, 0.01518350639]
    ],
    [
      [0.84094605955, 0.14581568684, 0.013238253609],
      [0.47107333442, 0.25016095939, 0.27876570619],
      [0.39183925878, 0.14275248085, 0.46540826037],
      [0.40246183717, 0.57552064835, 0.022017514476]
    ],
    [
      [0.83479534168, 0.14816641089, 0.017038247427],
      [0.43358515441, 0.2358842192, 0.33053062639],
      [0.34368246839, 0.12823549115, 0.52808204045],
      [0.39430843509, 0.57809819765, 0.027593367252]
    ],
    [
      [0.86875489312, 0.12292720324, 0.0083179036392],
      [0.5450350771, 0.23484954843, 0.22011537447],
      [0.47220189238, 0.13966773889, 0.38813036873],
      [0.45478485907, 0.52862222394, 0.016592916984]
    ],
    [
      [0.85745841701, 0.13469405025, 0.0078475327384],
      [0.52714999747, 0.25045399212, 0.22239601041],
      [0.45899376265, 0.14979258589, 0.39121365146],
      [0.43118671709, 0.55236550957, 0.016447773341]
    ],
    [
      [0.78040847746, 0.19957492148, 0.020016601058],
      [0.37100620749, 0.30498949308, 0.32400429943],
      [0.29911998213, 0.16822483897, 0.5326551789],
      [0.30251492353, 0.67306813093, 0.02441694554]
    ],
    [
      [0.85751286358, 0.12809425804, 0.014392878378],
      [0.4881992138, 0.22431230023, 0.28748848597],
      [0.3991069817, 0.12585000797, 0.47504301033],
      [0.4358284154, 0.5399417326, 0.024229851999]
    ],
    [
      [0.86453700661, 0.11966738877, 0.015795604616],
      [0.48166070266, 0.20611066706, 0.31222863029],
      [0.38458038542, 0.11289363665, 0.50252597793],
      [0.45194728597, 0.52115880329, 0.026893910746]
    ],
    [
      [0.86962707158, 0.1133099135, 0.017063014921],
      [0.46981497009, 0.1913910112, 0.33879401871],
      [0.3649553155, 0.10184779347, 0.53319689102],
      [0.46201217471, 0.50767517896, 0.030312646334]
    ],
    [
      [0.85616354235, 0.12475264835, 0.019083809293],
      [0.42401413186, 0.19116809178, 0.38481777636],
      [0.31818307157, 0.098428114647, 0.58338881378],
      [0.43544857456, 0.52896107431, 0.035590351128]
    ],
    [
      [0.78230352707, 0.19847254267, 0.019223930261],
      [0.38370169808, 0.31182736456, 0.30447093736],
      [0.31774252778, 0.17656277385, 0.50569469836],
      [0.30391713194, 0.67312456499, 0.022958303071]
    ],
    [
      [0.82922807835, 0.17077192165, 0],
      [0.52657839749, 0.32560043389, 0.14782116862],
      [0.48219798304, 0.20943943936, 0.3083625776],
      [0.369288832, 0.62695980771, 0.0037513602867]
    ],
    [
      [0.88312218746, 0.10308108503, 0.013796727515],
      [0.50193946072, 0.17865489994, 0.31940563934],
      [0.40065579426, 0.099467946098, 0.49987625964],
      [0.49144062573, 0.47933483363, 0.029224540646]
    ],
    [
      [0.8314354577, 0.15416313456, 0.014401407742],
      [0.4317784653, 0.2492550606, 0.31896647409],
      [0.3504089485, 0.13808900591, 0.51150204559],
      [0.38257441085, 0.59137339243, 0.026052196714]
    ],
    [
      [0.83289399962, 0.15068281267, 0.016423187713],
      [0.41392031408, 0.23359569502, 0.3524839909],
      [0.3256215927, 0.1250236627, 0.5493547446],
      [0.38715775755, 0.58266220745, 0.030180035003]
    ],
    [
      [0.85037557661, 0.13327206156, 0.016352361826],
      [0.43096408197, 0.20972265753, 0.3593132605],
      [0.33423479052, 0.11124378406, 0.55452142542],
      [0.4200767608, 0.54779082533, 0.032132413869]
    ],
    [
      [0.86874054246, 0.11710736297, 0.01415209457],
      [0.47595844657, 0.19821756848, 0.32582398496],
      [0.37943215334, 0.10867972525, 0.51188812141],
      [0.45745400843, 0.51381249156, 0.028733500008]
    ],
    [
      [0.86463698103, 0.12390739977, 0.011455619197],
      [0.49752264986, 0.22274685088, 0.27973049926],
      [0.41456609863, 0.12595092136, 0.45948298001],
      [0.44628555061, 0.53065385533, 0.023060594057]
    ],
    [
      [0.82570355004, 0.16081110279, 0.013485347164],
      [0.43420461637, 0.26217887341, 0.30361651022],
      [0.3579523028, 0.14794997591, 0.49409772129],
      [0.37185205752, 0.6041822613, 0.02396568118]
    ],
    [
      [0.78690283246, 0.1970694836, 0.016027683936],
      [0.39126063134, 0.29968456595, 0.30905480271],
      [0.32447943676, 0.17271299833, 0.50280756491],
      [0.31374968879, 0.6628706008, 0.023379710412]
    ],
    [
      [0.84129994677, 0.14305406512, 0.015645988104],
      [0.42902079288, 0.22751822708, 0.34346098003],
      [0.33932554734, 0.12257118088, 0.53810327178],
      [0.40204164701, 0.56850295262, 0.029455400368]
    ],
    [
      [0.81751052501, 0.16848726147, 0.014002213528],
      [0.42356149879, 0.26979454876, 0.30664395244],
      [0.34930752791, 0.15282914599, 0.49786332609],
      [0.35880983156, 0.61716360196, 0.024026566477]
    ],
    [
      [0.88301192923, 0.10357157199, 0.013416498775],
      [0.51192513559, 0.18498958863, 0.30308527579],
      [0.4149915652, 0.10379504392, 0.48121339088],
      [0.49086152527, 0.48190719635, 0.027231278378]
    ],
    [
      [0.82320276102, 0.16095526635, 0.015841972633],
      [0.4113982093, 0.25089503035, 0.33770676034],
      [0.32952375097, 0.13677134707, 0.53370490196],
      [0.36977119286, 0.60239042445, 0.027838382692]
    ],
    [
      [0.83030900208, 0.15953415945, 0.010156838471],
      [0.46975739897, 0.27970437771, 0.25053822333],
      [0.4072628854, 0.16485782339, 0.42787929121],
      [0.37600963399, 0.60580958458, 0.018180781429]
    ],
    [
      [0.83616039989, 0.1529856146, 0.010853985514],
      [0.46931626228, 0.26585473821, 0.26482899951],
      [0.39901335147, 0.15489813147, 0.44608851706],
      [0.38748256748, 0.59270802228, 0.019809410242]
    ],
    [
      [0.84979806973, 0.13808039143, 0.012121538835],
      [0.46968765056, 0.23594398882, 0.29436836063],
      [0.38477164745, 0.13534988855, 0.479878464],
      [0.41392820588, 0.5622726506, 0.023799143518]
    ],
    [
      [0.8670595962, 0.11668972943, 0.01625067437],
      [0.44916490368, 0.18744462393, 0.36339047238],
      [0.34717037837, 0.097076536815, 0.55575308482],
      [0.45426715194, 0.51201400551, 0.033718842549]
    ],
    [
      [0.88687293406, 0.10077709759, 0.012349968341],
      [0.52380861921, 0.18457971141, 0.29161166938],
      [0.42462313193, 0.10183970364, 0.47353716443],
      [0.49903362965, 0.47456427766, 0.026402092696]
    ],
    [
      [0.81795396891, 0.16698114763, 0.015064883467],
      [0.41126212069, 0.26041664527, 0.32832123404],
      [0.32997743768, 0.14543201273, 0.52459054959],
      [0.35849771454, 0.61516426569, 0.026338019771]
    ],
    [
      [0.85372630583, 0.13077606761, 0.015497626559],
      [0.44118682433, 0.20914683359, 0.34966634209],
      [0.34473779024, 0.11292970424, 0.54233250552],
      [0.42484001843, 0.54439683409, 0.030763147489]
    ],
    [
      [0.87547714299, 0.11161580323, 0.012907053776],
      [0.4966015198, 0.19611889297, 0.30727958723],
      [0.39907130879, 0.10820633922, 0.49272235198],
      [0.47096331429, 0.50195906601, 0.0270776197]
    ],
    [
      [0.82306211035, 0.16253102269, 0.01440686696],
      [0.42212477026, 0.25834449125, 0.31953073849],
      [0.34150285688, 0.14461084264, 0.51388630048],
      [0.36666464098, 0.60787406455, 0.025461294471]
    ],
    [
      [0.84326122796, 0.14187803019, 0.014860741845],
      [0.43542247672, 0.22641834118, 0.3381591821],
      [0.34363498287, 0.12494885567, 0.53141616146],
      [0.40383269121, 0.56747724071, 0.028690068079]
    ],
    [
      [0.83222891036, 0.14682950011, 0.020941589533],
      [0.37828425754, 0.2063398649, 0.41537587756],
      [0.27944646954, 0.10758918661, 0.61296434385],
      [0.38819723301, 0.57293533001, 0.038867436981]
    ],
    [
      [0.87147920787, 0.11582721897, 0.01269357316],
      [0.49181838766, 0.20239520616, 0.30578640617],
      [0.39611880426, 0.11288678572, 0.49099441001],
      [0.46108312897, 0.51244837651, 0.026468494526]
    ],
    [
      [0.77489930062, 0.21307206507, 0.012028634306],
      [0.40322880331, 0.34417676406, 0.25259443263],
      [0.35653434213, 0.19988548976, 0.44358016811],
      [0.29985127835, 0.68002023531, 0.020128486343]
    ],
    [
      [0.86956513112, 0.11731179985, 0.013123069021],
      [0.48912967303, 0.20393588617, 0.3069344408],
      [0.39241558317, 0.11211132157, 0.49547309525],
      [0.45804402434, 0.51252771697, 0.029428258692]
    ],
    [
      [0.79429429694, 0.18183677323, 0.023868929834],
      [0.3278178547, 0.23158643004, 0.44059571526],
      [0.23708901194, 0.115096113, 0.64781487506],
      [0.32950615465, 0.63054633351, 0.03994751184]
    ],
    [
      [0.87244719804, 0.11378309156, 0.013769710398],
      [0.48424273769, 0.19534948167, 0.32040778064],
      [0.38213388939, 0.10568526142, 0.51218084919],
      [0.46565131121, 0.50283284805, 0.031515840737]
    ],
    [
      [0.82906807659, 0.16208223352, 0.0088496898877],
      [0.48289645486, 0.29158489155, 0.22551865359],
      [0.42261477888, 0.17534283037, 0.40204239075],
      [0.3773406109, 0.60644844178, 0.016210947327]
    ],
    [
      [0.85994587383, 0.12557913934, 0.014474986828],
      [0.4618755378, 0.20851151583, 0.32961294638],
      [0.36356053435, 0.11240190973, 0.52403755591],
      [0.43859940092, 0.53016278187, 0.031237817218]
    ],
    [
      [0.84714484479, 0.14135511761, 0.0115000376],
      [0.48036936353, 0.24775978136, 0.27187085512],
      [0.40087768979, 0.14186527706, 0.45725703315],
      [0.40977458364, 0.56667320393, 0.023552212427]
    ],
    [
      [0.84395464866, 0.14198036483, 0.014064986509],
      [0.45029885528, 0.23420788538, 0.31549325934],
      [0.3613707884, 0.12868034605, 0.50994886555],
      [0.40562709757, 0.56593902771, 0.028433874715]
    ],
    [
      [0.83730325724, 0.15176884342, 0.010927899341],
      [0.47405876834, 0.26576003067, 0.26018120099],
      [0.40212628972, 0.15430482702, 0.44356888326],
      [0.39134998207, 0.5876993736, 0.020950644331]
    ],
    [
      [0.80846700295, 0.17133977194, 0.020193225105],
      [0.36478940831, 0.23885813054, 0.39635246114],
      [0.27437986573, 0.12339195438, 0.60222817989],
      [0.34843914222, 0.61566566511, 0.035895192672]
    ],
    [
      [0.83669409543, 0.14746383577, 0.015842068803],
      [0.42465621686, 0.23118156146, 0.34416222167],
      [0.33235198887, 0.12410469666, 0.54354331448],
      [0.39367665682, 0.57462819192, 0.031695151258]
    ],
    [
      [0.88248042788, 0.10242191918, 0.015097652944],
      [0.48369890905, 0.17343594538, 0.34286514558],
      [0.37481469376, 0.091931010232, 0.53325429601],
      [0.49223451795, 0.47220644187, 0.035559040173]
    ],
    [
      [0.8707116354, 0.11692321235, 0.012365152254],
      [0.49867102653, 0.20690546083, 0.29442351263],
      [0.40387001133, 0.11509459368, 0.48103539499],
      [0.45968342293, 0.51181042804, 0.028506149033]
    ]
  ],
  "expected_outcome": [
    [
      [55.7292573601, 44.532311055, 45.4110872155, 48.4181298175, 62.5503523047, 57.4497139399, 52.2873679897, 47.1632074969, 52.7367574035, 55.6561325809, 50.5136489989, 42.2443904619, 30.681438899, 11.4805884369, 9.9772254924, 11.6605159946, 10.2045069194, 12.1623675944, 12.9695547155, 6.6056284003, 14.9511538168, 13.4607991484, 9.8101263001, 16.7772266554, 12.3480414153, 5.8121630146, 6.6892831991, 13.5967691157, 11.2717747506, 13.303094011, 9.8154476269, 11.0984419759, 12.2566800018, 6.5844968828, 15.1787021033, 9.9867469243, 12.2007089102, 7.7489930062, 10.4347815735, 13.503003048, 11.3418135746, 9.1197488425, 10.319350486, 11.860027827, 10.9714104326, 12.5595488585, 10.5100710384, 9.2036350497, 10.5897651345, 10.4485396248],
      [5.0127549058, 10.857518859, 7.8740470896, 8.5936518318, 8.8507586333, 9.0245013666, 13.3715197394, 7.0451841924, 7.299710715, 7.2518344642, 7.3604062528, 10.717517304, 6.318561101, 1.3400541054, 1.8499576147, 2.1095593774, 1.5992647387, 1.6395030816, 1.8586109966, 1.2864888223, 3.7443201884, 2.288865042, 2.0218471376, 1.9678598679, 2.4143289952, 1.1167391161, 1.2238849168, 2.209286263, 1.5169664826, 1.5116564639, 2.0037737715, 1.7000888789, 1.5626212453, 1.3002481815, 2.5538045435, 1.7619540013, 1.6215810655, 2.1307206507, 1.4077415982, 3.0912251449, 1.4791801903, 1.7829045687, 1.5069496721, 1.9789716466, 1.8457447428, 2.2765326513, 2.2274170352, 1.6221021934, 1.2290630301, 1.4030785482],
      [1.2579877341, 0.610170086, 0.71486569487, 0.98821835078, 0.59888906202, 0.52578469347, 1.3411122709, 0.79160831078, 0.96353188157, 1.092032955, 1.1259447483, 1.0380922341, 0, 0.17935745769, 0.1728168929, 0.22992462799, 0.19622834191, 0.19812932398, 0.17183428795, 0.10788277731, 0.30452599478, 0.25033580966, 0.16802656233, 0.25491347672, 0.2376295895, 0.071097869295, 0.086831884113, 0.19394462136, 0.21125876681, 0.18524952511, 0.1807786016, 0.20146914527, 0.18069875287, 0.11525493568, 0.26749335321, 0.2512990744, 0.17771002423, 0.12028634306, 0.15747682826, 0.40577180717, 0.17900623518, 0.097346588764, 0.17369984193, 0.1610005264, 0.18284482461, 0.16391849011, 0.26251192637, 0.17426275684, 0.18117183533, 0.14838182705]
    ],
    [
      [6.5439759901, 4.7424537398, 8.4793200195, 6.9373624705, 3.2702104626, 5.2714999747, 4.0810682824, 5.8583905656, 7.2249105399, 4.2283347308, 7.2082402416, 7.6740339616, 14.2176167323, 32.124125486, 25.4749294528, 25.6630594727, 30.5984498201, 32.8411328132, 32.8364948908, 30.3943231456, 22.6931166175, 26.1702683658, 30.4964279132, 29.6916578641, 26.3294853954, 5.6370887876, 5.6317951474, 4.6968765056, 4.0424841332, 7.8571292882, 4.9351454483, 3.9706814189, 7.9456243168, 3.3769981621, 5.2250697206, 3.0262740603, 5.901820652, 3.2258304265, 5.8695560764, 3.9338142564, 3.8739419015, 5.3118610035, 4.1568798402, 6.7251710894, 4.953287408, 5.6887052201, 4.742262308, 5.9451870361, 8.2228814538, 6.9813943714],
      [2.0509538104, 3.7784441178, 4.5028972691, 3.7741475072, 1.4090972906, 2.5045399212, 3.3548844238, 2.6917476028, 3.0916600058, 1.7225191008, 3.2498575603, 6.2365472911, 8.791211715, 11.4339135965, 14.7060485757, 14.4829330914, 14.8903086846, 13.6770122249, 14.7012921578, 18.352521139, 17.3817048252, 13.8786118521, 19.4252075109, 10.7293961403, 16.0572819426, 3.3564525325, 3.1902568585, 2.3594398882, 1.6870016154, 2.7686956711, 3.1249997432, 1.8823215023, 3.1379022876, 2.06675593, 2.7170200942, 1.6507189192, 2.428742474, 2.7534141125, 2.4472306341, 2.7790371605, 1.5627958534, 3.207433807, 1.8766036424, 3.468636939, 2.5762867392, 3.189120368, 3.1051556971, 3.2365418605, 2.9484110714, 2.8966764517],
      [5.4050701996, 2.4791021424, 5.0177827114, 5.2884900222, 1.3206922468, 2.2239601041, 3.5640472937, 3.4498618316, 4.6834294543, 3.0491461684, 6.5419021981, 6.0894187472, 3.9911715527, 20.4419609175, 18.8190219715, 21.854007436, 25.5112414953, 22.4818549619, 18.4622129514, 21.2531557153, 17.9251785573, 20.9511197821, 22.0783645759, 17.5789459956, 21.613232662, 3.0064586799, 3.1779479942, 2.9436836063, 3.2705142514, 4.3741750407, 3.9398548085, 3.1469970788, 4.9164733956, 2.5562459079, 4.0579101851, 3.3230070205, 3.6694368741, 2.020755461, 3.6832132896, 5.2871485832, 2.5632622451, 2.4807051895, 2.9665165174, 3.8061919716, 3.4704258528, 3.1221744119, 5.1525819949, 4.8182711034, 5.8287074748, 4.1219291769]
    ],
    [
      [3.4652194371, 7.3535252144, 5.8775888817, 4.1241896207, 4.7220189238, 5.9669189144, 2.0938398749, 4.3901767987, 4.614964625, 5.109374417, 3.1818307157, 4.1306528612, 7.7151677287, 4.0065579426, 5.9569521246, 3.256215927, 3.6765826957, 3.7943215334, 3.7310948877, 4.6533799364, 4.2182326779, 4.7505576628, 1.7465376396, 4.149915652, 3.6247612607, 27.2866133219, 23.5417877365, 25.3949287317, 21.8717338371, 23.3542722561, 23.0984206376, 22.4079563657, 23.1461359099, 23.9051999814, 20.9617339552, 18.1640205203, 25.7477222771, 15.3309767118, 6.671064914, 2.1338011074, 4.5856066727, 1.2678443367, 5.4534080153, 4.0087768979, 6.1433034027, 6.8361469252, 3.8413181202, 3.6558718775, 5.6222204064, 3.2309600906],
      [0.74116039355, 3.9483161034, 2.1412872127, 1.5388258939, 1.3966773889, 1.9473036166, 1.1775738728, 1.3843500877, 1.3547236398, 1.4258691086, 0.98428114647, 2.2953160601, 3.3510310297, 0.99467946098, 2.3475131004, 1.250236627, 1.2236816247, 1.0867972525, 1.1335582923, 1.9233496869, 2.2452689783, 1.7159965323, 0.76414572995, 1.0379504392, 1.5044848177, 11.0454741673, 9.1389897569, 8.9330926441, 6.1158218194, 5.6011837001, 10.1802408911, 7.3404307757, 6.275967675, 10.1227589848, 7.6218801959, 6.9932971293, 7.3376410719, 8.5950760597, 1.9058924667, 1.035865017, 1.268223137, 0.52602849111, 1.686028646, 1.4186527706, 2.1875658828, 2.6231820593, 1.7274873614, 1.3651516632, 1.3789651535, 0.92075674945],
      [5.7936201693, 7.6981586821, 6.9811239055, 6.3369844855, 3.8813036873, 5.085777469, 3.7285862523, 5.2254731136, 6.0303117352, 7.4647564743, 5.8338881378, 6.5740310787, 4.9338012416, 4.9987625964, 8.695534775, 5.493547446, 6.0997356796, 5.1188812141, 4.1353468201, 6.4232703767, 6.5364983439, 7.5334458049, 2.4893166305, 4.8121339088, 5.8707539216, 28.6679125108, 26.3192225067, 31.6719786242, 35.0124443435, 26.0445440437, 36.7213384713, 35.2516128586, 28.5778964151, 35.9720410338, 32.4163858489, 39.8426823504, 31.914636651, 19.0739472286, 8.4230426193, 5.8303338756, 6.1461701903, 1.2061271722, 7.8605633387, 4.5725703315, 8.6691307144, 7.5406710154, 8.4311945185, 5.9789764592, 7.9988144402, 3.8482831599]
    ],
    [
      [7.2615472128, 4.3717099907, 5.2320038832, 5.5203180913, 5.4574183089, 4.3118671709, 4.5377238529, 9.5882251389, 5.4233674316, 6.0061582712, 6.0962800438, 3.9509227152, 7.3857766401, 6.3887281344, 4.5908929302, 5.4202086057, 2.5204605648, 3.202178059, 4.4628555061, 3.3466685176, 3.1374968879, 3.6183748231, 3.9469081472, 6.3811998285, 3.6977119286, 5.2641348759, 8.1371339171, 3.3114256471, 6.8140072791, 7.4855044447, 2.1509862872, 5.5229202395, 5.6515597715, 5.1333049738, 3.6344942209, 5.8229584951, 4.1497481607, 11.6941998556, 27.0245974362, 20.4293815883, 31.1986378513, 28.3005458173, 28.0703616586, 25.4060241856, 23.9319987566, 21.9155989961, 20.9063485334, 25.1953060366, 27.5651330053, 30.3391059131],
      [6.1951308903, 9.4157209199, 7.4817684286, 8.0933747672, 6.3434666873, 5.5236550957, 10.096021964, 11.8787181171, 6.2539056394, 6.5997773264, 7.4054550404, 8.7506193448, 12.5391961542, 6.2313528372, 7.0964807092, 8.1572709043, 3.286744952, 3.5966874409, 5.3065385533, 5.4376403517, 6.628706008, 5.1165265736, 6.7887996216, 6.2647935526, 6.0239042445, 8.4813341841, 12.4468684678, 4.4981812048, 7.6802100826, 7.1184641649, 3.6909855941, 7.0771588431, 6.0235087921, 8.5102369037, 5.1072951664, 8.5940299502, 4.6120353886, 26.5207891771, 30.239135301, 39.0938726776, 33.6898008193, 45.4836331331, 33.9304180395, 35.1337386439, 33.3904026352, 32.9111649213, 36.9399399063, 36.7762042828, 26.443560745, 33.7794882507],
      [0.54332189695, 0.21256908946, 0.28622768819, 0.38630714153, 0.19911500381, 0.16447773341, 0.36625418309, 0.53305674399, 0.32272692895, 0.39406440234, 0.49826491579, 0.29845793992, 0.075027205734, 0.3799190284, 0.31262636057, 0.42252049004, 0.19279448321, 0.20113450006, 0.23060594057, 0.21569113062, 0.23379710412, 0.26509860331, 0.26429223125, 0.35400661892, 0.27838382692, 0.25453094001, 0.41599761507, 0.19039314815, 0.50578263824, 0.39603139044, 0.15802811863, 0.39992091736, 0.3249314364, 0.35645812259, 0.25821061271, 0.58301155471, 0.23821645073, 0.78501096736, 1.7362672628, 2.4767457341, 2.1115613294, 1.2158210495, 1.9992203019, 1.4602371705, 1.6775986082, 1.1732360825, 2.1537115603, 2.0284896805, 1.9913062497, 1.8814058361]
    ]
  ],
  "prob": [
    [0.84334922194, 0.14221029042, 0.01444048764],
    [0.45034291918, 0.23463391297, 0.31502316785],
    [0.36637792237, 0.13140802589, 0.50221405174],
    [0.40872993651, 0.56374777072, 0.027522292775]
  ],
  "iterations": 18,
  "logLik": -257.0514108342,
  "time": 0.003908,
  "message": "Converged",
  "status": 0,
  "miniter": 0,
  "maxiter": 1000,
  "maxtime": 3600,
  "param_threshold": 0.001,
  "ll_threshold": "-Inf",
  "initial_prob": "group_proportional",
  "adjust_prob_cond_method": "project_lp",
  "adjust_prob_cond_every": false
}
