{
  "Z_true": {},
  "V_true": [
    [778, 16, 48, 21, 593, 34],
    [53, 1341, 191, 563, 915, 102],
    [113, 528, 542, 3366, 602, 237],
    [298, 285, 311, 80, 18379, 325],
    [225, 201, 3399, 576, 808, 197],
    [45, 87, 120, 101, 674, 331]
  ],
  "p_true": [
    [0.5221, 0.0107, 0.0322, 0.0141, 0.398, 0.0228],
    [0.0167, 0.4237, 0.0603, 0.1779, 0.2891, 0.0322],
    [0.021, 0.098, 0.1006, 0.6247, 0.1117, 0.044],
    [0.0151, 0.0145, 0.0158, 0.0041, 0.934, 0.0165],
    [0.0416, 0.0372, 0.6287, 0.1065, 0.1495, 0.0364],
    [0.0331, 0.0641, 0.0884, 0.0744, 0.4963, 0.2437]
  ],
  "Z_est": [
    [
      [28.1736, 36.0963, 1.7504, 2.583, 2.1845, 3.5058, 16.2668, 9.1923, 9.5324, 7.3612, 4.4541, 0.564, 0.8095, 0.4003, 20.6293, 25.0438, 29.2202, 35.2727, 29.0525, 12.7943, 12.5562, 12.6341, 41.398, 19.3265, 24.534, 6.0046, 15.0577, 13.3472, 27.4124, 2.8862, 7.0169, 0.4154, 0.8442, 0.9738, 73.7593, 5.537, 34.2593, 2.4277],
      [0.6909, 0.1882, 0.1336, 0.0752, 0.0457, 0.3481, 0.3162, 0.7404, 0.3104, 0.2592, 0.275, 0.0018, 0.0143, 0.0083, 0.1732, 0.1099, 0.1843, 0.1883, 1.4401, 0.4578, 0.1341, 0.1181, 1.0075, 0.2775, 0.1778, 0.2405, 0.0542, 0.0684, 0.2052, 0.0956, 0.1098, 0.003, 0.0668, 0.01, 3.4032, 0.1876, 1.2271, 0.0314],
      [7.2639, 6.2522, 0.62, 1.0829, 1.0161, 1.3621, 4.9713, 3.3027, 2.7133, 4.0613, 1.2711, 0.0828, 0.1628, 0.1326, 8.2011, 14.0771, 10.05, 20.4868, 11.4218, 4.8928, 5.7419, 6.4769, 16.4205, 6.2753, 13.7048, 1.7751, 9.2801, 5.0853, 9.3588, 1.3121, 3.6102, 0.2573, 0.2836, 0.2511, 33.4304, 2.6587, 8.9472, 0.3747],
      [2.918, 2.2485, 0.3419, 0.4675, 0.4893, 0.5886, 2.1047, 1.4688, 1.243, 1.2979, 0.3163, 0.066, 0.189, 0.0767, 2.381, 5.217, 6.6878, 9.6353, 4.4652, 1.6737, 3.5543, 3.9262, 7.4448, 2.6169, 4.4891, 0.9542, 4.9506, 2.5082, 4.2865, 0.3775, 2.1954, 0.1057, 0.1774, 0.1366, 12.0546, 1.1307, 6.4033, 0.2058],
      [23.5557, 30.77, 0.6732, 1.2974, 1.4894, 3.5659, 9.3034, 6.0722, 8.5724, 5.516, 6.9736, 0.2854, 0.4406, 0.2602, 26.1438, 22.0705, 22.4831, 25.4896, 21.6125, 12.2687, 8.5961, 13.1971, 31.4944, 12.2986, 24.5465, 3.2424, 13.3153, 10.0276, 25.1668, 3.3838, 7.2893, 1.1145, 0.3826, 0.5376, 62.2501, 3.4141, 22.1107, 1.7797],
      [2.3979, 2.4446, 0.4809, 0.494, 0.7752, 0.6293, 2.0379, 1.2238, 1.6283, 1.5041, 0.7099, 0, 0.384, 0.1219, 3.4716, 5.4822, 4.3746, 8.9273, 4.0069, 2.9126, 3.4176, 2.6476, 6.2348, 2.2051, 4.5478, 0.7834, 4.342, 1.9631, 3.5707, 0.9446, 1.7783, 0.1041, 0.2454, 0.0911, 15.1024, 1.0722, 5.0525, 0.1808]
    ],
    [
      [0.291, 0.8381, 0.0272, 0.3418, 0.2591, 0.0452, 0.5652, 0.3857, 0.1749, 0.6823, 0.0251, 0.0427, 0.0517, 0.01, 0.7738, 2.5823, 0.2588, 0.1133, 0.8716, 0.2492, 0.1682, 0.3562, 1.1697, 1.523, 2.2212, 0.2244, 0.0472, 0.5469, 0.692, 0.2463, 0.1294, 0.0006, 0.0027, 0.053, 6.9009, 0.577, 0.9751, 0.0536],
      [36.3078, 20.5349, 2.7514, 18.2912, 15.7151, 22.4601, 37.8702, 35.3106, 62.219, 30.293, 13.6708, 1.7356, 2.515, 1.0186, 24.8125, 56.9787, 33.445, 47.6126, 75.4531, 19.248, 17.4255, 35.2856, 73.05, 40.2385, 25.5524, 12.1901, 29.8172, 33.6513, 52.0561, 4.4285, 14.0955, 1.9915, 0.4947, 5.6416, 129.0408, 19.8216, 116.3438, 15.0476],
      [1.6353, 0.9621, 0.4195, 2.2212, 1.4037, 0.911, 2.7956, 2.2399, 2.1598, 3.5023, 0.2973, 0.0496, 0.0985, 0.0433, 1.655, 7.9762, 2.7593, 7.4136, 5.3623, 1.446, 2.4735, 3.0902, 6.2051, 3.9707, 2.9609, 0.8669, 4.1551, 3.2683, 3.4592, 0.4161, 1.3586, 0.1026, 0.0364, 0.342, 12.2811, 2.4949, 5.9627, 0.3632],
      [9.33, 4.7485, 1.859, 5.9723, 4.3926, 4.2826, 11.48, 9.8676, 12.1598, 9.6275, 1.3686, 0.5385, 1.3952, 0.3262, 5.7625, 21.0446, 16.8709, 21.4499, 19.9305, 5.0839, 10.1995, 13.8763, 24.8032, 16.6598, 9.035, 4.3223, 14.6039, 12.5498, 16.3532, 1.4797, 5.3587, 0.5083, 0.2136, 1.9725, 45.5473, 8.6191, 39.5081, 2.7572],
      [45.6369, 30.3764, 2.4774, 18.1338, 9.8208, 15.784, 41.8015, 35.2873, 59.3354, 34.4588, 13.351, 1.6335, 3.2707, 0.5314, 33.9322, 74.0352, 41.0243, 37.7436, 78.146, 23.5859, 14.8935, 39.8766, 84.7425, 74.989, 33.9812, 11.9131, 29.0553, 43.5339, 71.6911, 7.9399, 14.1917, 2.3326, 0.2018, 7.871, 194.8737, 24.3759, 129.7707, 19.5243],
      [0.7989, 0.5401, 0.4654, 1.0397, 1.4086, 0.5172, 1.4876, 0.909, 1.9512, 1.436, 0.2872, 0, 0.669, 0.0705, 1.0639, 3.383, 1.6417, 3.6672, 2.2366, 1.387, 1.8398, 1.515, 3.0294, 1.619, 1.2493, 0.4832, 2.3214, 1.4498, 1.7484, 0.4896, 0.8661, 0.0644, 0.0506, 0.1199, 7.3561, 1.1115, 4.4396, 0.2541]
    ],
    [
      [8.1289, 7.1854, 1.1852, 2.4855, 1.5138, 1.3838, 3.8796, 4.6238, 2.2376, 2.1984, 1.0729, 1.1765, 0.1737, 0.1174, 6.7855, 13.1736, 11.9372, 21.1874, 9.2232, 2.8608, 7.8102, 5.0828, 13.2657, 8.7098, 6.1472, 2.7118, 9.1527, 7.4577, 9.8242, 0.5452, 3.2221, 0.2641, 0.4498, 0.4718, 23.8861, 1.8396, 16.828, 0.9175],
      [20.8335, 8.1031, 1.7303, 8.7927, 11.5696, 14.9413, 11.1654, 22.0648, 17.4834, 9.9191, 6.6358, 3.3084, 0.5277, 0.6529, 20.0733, 38.69, 23.8243, 54.6568, 36.8946, 7.6098, 15.7834, 21.3657, 40.1835, 18.6767, 13.9903, 7.6076, 31.4186, 22.0793, 27.9775, 1.3888, 11.8943, 3.629, 0.7806, 2.1309, 61.3455, 6.3801, 67.2645, 4.8568],
      [23.5926, 12.4054, 2.892, 12.8471, 7.7876, 8.0148, 13.8177, 20.438, 11.5127, 15.8631, 4.4477, 0.9617, 0.4119, 0.7295, 25.1975, 63.8305, 33.0672, 91.0237, 41.2177, 10.8737, 22.174, 25.2918, 51.1446, 31.393, 26.5028, 7.9037, 48.8735, 27.6253, 35.6192, 2.8458, 12.5826, 3.7221, 0.959, 1.998, 110.0284, 10.8444, 47.288, 2.29],
      [95.8688, 48.4225, 9.8083, 31.1108, 23.5962, 29.8561, 52.8363, 76.5101, 52.3081, 46.3123, 13.4981, 6.1886, 3.501, 2.6583, 67.6516, 165.528, 146.2129, 251.6616, 142.4831, 31.8246, 72.0455, 98.6151, 189.3973, 121.928, 71.1108, 34.2406, 160.7448, 103.6084, 136.8819, 8.2523, 42.6808, 6.0145, 3.7369, 11.0978, 354.6881, 37.939, 283.9326, 13.672],
      [6.4738, 3.1748, 0.1933, 1.393, 1.0858, 1.5827, 1.5595, 4.1125, 1.911, 1.6479, 1.4414, 1.3646, 0.0351, 0.0968, 5.1328, 19.3613, 5.4536, 17.3107, 6.6019, 1.5889, 6.2135, 8.3899, 8.0129, 7.0576, 2.368, 1.3651, 12.853, 10.024, 7.9198, 0.2744, 5.8559, 2.4273, 0.0715, 0.5707, 17.6673, 0.8714, 18.427, 0.885],
      [8.1024, 6.7087, 2.1909, 4.3707, 6.4468, 3.2214, 5.7415, 6.2507, 8.5472, 6.0591, 3.9041, 0, 1.3506, 0.7451, 11.1592, 22.4165, 13.5047, 35.1597, 13.5797, 9.2422, 11.9733, 9.2547, 18.996, 11.2349, 9.881, 3.1712, 19.9573, 9.2053, 12.7774, 2.6934, 5.7643, 0.943, 1.0024, 0.7307, 53.3845, 4.1255, 32.2598, 1.3788]
    ],
    [
      [17.0054, 24.9945, 1.7568, 1.2879, 0.7812, 1.4852, 9.5557, 5.4321, 5.0214, 4.1784, 2.1463, 0.5799, 0.5827, 0.3247, 10.4655, 10.1605, 16.0487, 20.8351, 12.7892, 5.1706, 6.0775, 3.7055, 17.7684, 12.9835, 11.7901, 3.6348, 8.4903, 6.1619, 13.1409, 1.5732, 1.4227, 0.1246, 0.9116, 0.8787, 38.8287, 3.559, 14.2867, 1.8191],
      [14.1423, 7.1428, 0.569, 2.9877, 3.529, 9.8203, 11.3849, 10.4624, 22.9083, 8.8369, 8.3284, 0.5884, 0.7186, 1.0462, 7.9943, 10.0526, 7.7991, 12.4276, 22.1336, 5.7451, 2.1049, 6.6532, 19.5663, 10.2778, 6.6507, 3.4929, 8.3183, 6.9876, 14.2861, 1.3259, 1.99, 0.7295, 0.3629, 1.7135, 37.223, 5.058, 28.5369, 4.5984],
      [7.6472, 4.487, 0.5275, 0.9618, 0.5375, 1.4018, 5.1363, 3.4959, 2.903, 6.2818, 1.4047, 0.0383, 0.1348, 0.2015, 6.8756, 8.4736, 4.885, 11.2717, 10.2624, 2.9848, 1.3479, 2.3233, 11.8735, 7.4534, 9.9015, 1.5532, 5.9866, 3.2096, 6.8474, 1.7078, 0.6357, 0.1409, 0.2669, 0.4499, 33.0985, 3.9416, 4.7704, 0.2622],
      [1.3352, 0.4576, 0.077, 0.0833, 0.0708, 0.2498, 1.0591, 0.6381, 0.722, 0.6553, 0.0722, 0.0248, 0.1764, 0.1059, 0.3323, 0.3995, 1.5105, 0.7692, 1.369, 0.2594, 0.0878, 0.4505, 2.1146, 1.372, 0.6299, 0.466, 0.7374, 0.5311, 1.1361, 0.1542, 0.0547, 0.0087, 0.0723, 0.2349, 3.6672, 0.7256, 2.4357, 0.0784],
      [1035.5102, 810.7411, 35.5711, 101.0676, 77.9585, 226.5049, 499.4483, 454.9301, 593.9818, 397.9172, 274.2929, 21.7687, 31.585, 23.1007, 714.5584, 724.2384, 633.4661, 714.0857, 1048.5724, 317.1814, 154.3683, 362.4649, 1169.8526, 829.0581, 649.6326, 183.2384, 457.9021, 415.8054, 931.3333, 146.0057, 117.1055, 32.9606, 17.1971, 69.5903, 2961.3692, 272.7017, 1142.1264, 135.1551],
      [1.3597, 1.177, 0.4986, 0.612, 1.1234, 0.5382, 1.4157, 1.0415, 1.4637, 1.1305, 0.7559, 0, 0.8025, 0.2211, 1.7738, 3.6754, 2.2905, 5.6111, 2.8741, 1.6586, 2.0136, 1.4026, 3.8248, 1.8553, 2.3952, 0.6148, 3.5653, 1.3044, 2.256, 1.2334, 0.7914, 0.0356, 0.1891, 0.1331, 9.8133, 1.014, 3.8438, 0.0871]
    ],
    [
      [11.7675, 11.3092, 1.5401, 1.7065, 1.7825, 2.1058, 6.9701, 6.7602, 3.8175, 3.338, 1.9541, 0.4633, 0.2918, 0.0499, 10.4625, 17.7577, 17.1206, 29.0069, 15.3581, 3.4724, 9.1715, 6.524, 18.8706, 11.2945, 15.5089, 3.5414, 11.2658, 7.5618, 15.0899, 1.4402, 3.2671, 0.1152, 0.4088, 0.5698, 41.0849, 3.4, 13.5041, 1.1327],
      [3.635, 1.3901, 0.3941, 1.5941, 2.743, 3.9842, 3.1854, 5.5403, 4.8653, 2.3384, 1.885, 0.2386, 0.1167, 0.0211, 3.4563, 10.475, 5.2777, 13.1619, 11.1509, 1.3121, 3.7881, 5.5146, 9.0255, 3.7312, 5.4808, 1.5459, 6.9125, 3.9088, 7.1034, 0.4847, 2.442, 0.1516, 0.0822, 0.4116, 17.0934, 1.9782, 8.7277, 0.934],
      [91.0611, 51.3288, 8.2839, 20.1415, 20.6608, 31.3024, 60.854, 72.1483, 47.6798, 57.8588, 20.6728, 1.765, 1.078, 0.4893, 92.6771, 202.3228, 110.077, 287.8094, 174.4608, 30.7907, 58.781, 73.9878, 185.9992, 107.0292, 150.3711, 26.9388, 141.7673, 69.7322, 129.2255, 17.6446, 28.7099, 2.1028, 1.7705, 6.8051, 451.0059, 48.1409, 104.3443, 7.9053],
      [23.9415, 11.9538, 3.1105, 5.8235, 7.1409, 9.1918, 16.699, 21.6044, 14.8637, 12.6555, 3.8596, 0.9816, 1.1845, 0.2073, 19.0021, 51.1317, 42.0626, 82.9734, 44.6204, 7.3448, 22.3948, 27.9429, 52.7424, 28.953, 32.0387, 9.0544, 46.1085, 22.4214, 38.1546, 3.7235, 11.4074, 0.6931, 0.84, 2.2809, 109.9509, 13.2773, 43.4805, 2.7429],
      [21.6805, 14.3415, 0.7726, 1.6187, 3.5241, 6.7588, 8.987, 17.9254, 8.7506, 6.4435, 7.3109, 0.5515, 0.254, 0.0211, 26.8059, 46.2428, 27.2784, 46.1509, 32.2901, 4.3274, 11.2848, 18.6297, 29.3294, 20.1137, 38.4993, 4.2554, 26.9172, 14.4944, 36.4802, 4.5309, 7.5776, 0.5137, 0.1712, 1.0986, 101.0045, 6.0731, 16.576, 1.829],
      [12.9145, 9.6765, 2.8988, 3.1155, 6.1485, 5.6571, 10.3044, 8.0213, 12.0232, 7.3659, 5.317, 0, 2.0752, 0.2113, 15.5961, 26.0699, 16.1837, 39.8975, 24.12, 7.7526, 12.5798, 10.4011, 28.0328, 12.8784, 20.1013, 4.6642, 22.0288, 8.8814, 16.9464, 6.1762, 5.596, 0.4235, 0.7272, 0.8335, 79.8603, 7.1305, 19.3673, 1.4558]
    ],
    [
      [4.6336, 5.5764, 0.7404, 0.5952, 0.4789, 0.4741, 1.7626, 1.6059, 1.2163, 1.2417, 0.3474, 0.1736, 0.0906, 0.0978, 2.8833, 3.2822, 3.4145, 6.5847, 3.7053, 1.4526, 2.2164, 1.6974, 4.5275, 3.1627, 2.7986, 0.883, 1.9863, 1.9245, 3.8405, 0.3089, 0.9417, 0.08, 0.3828, 0.0529, 10.54, 1.0874, 5.1468, 0.6495],
      [3.3905, 1.6408, 0.4216, 1.2591, 1.3977, 2.4461, 2.078, 2.8815, 5.2136, 2.3533, 1.205, 0.1271, 0.1078, 0.2528, 2.4905, 3.6939, 2.4696, 5.9528, 5.9278, 1.6272, 1.7639, 3.0627, 5.1672, 2.7983, 2.1481, 0.923, 2.4792, 2.3045, 4.3716, 0.2765, 1.4683, 0.4953, 0.2128, 0.0924, 10.894, 1.5744, 8.9, 1.5318],
      [7.7999, 4.5644, 1.2571, 2.7456, 1.5944, 2.008, 4.4252, 5.3752, 4.0315, 7.4327, 0.9064, 0.1027, 0.1142, 0.4038, 8.3936, 13.3198, 7.1616, 24.9949, 12.275, 4.012, 4.4817, 6.8301, 13.357, 8.8784, 9.5589, 1.9624, 8.9373, 6.0793, 10.49, 1.0737, 3.103, 0.6742, 0.6836, 0.1538, 36.1557, 4.9196, 10.6874, 0.8046],
      [9.6066, 5.1691, 1.8033, 2.5425, 2.3102, 2.8311, 5.8209, 6.911, 6.7034, 6.4515, 0.8852, 0.2005, 0.554, 0.6257, 6.8704, 11.6793, 11.6553, 25.5106, 14.1318, 3.8136, 6.7182, 10.189, 16.4976, 10.4703, 8.6965, 2.9626, 10.855, 7.3811, 13.1878, 1.0128, 4.303, 0.6697, 0.9598, 0.2774, 37.0919, 6.3083, 22.2398, 1.5437],
      [29.1429, 22.5962, 1.3123, 2.4896, 2.1213, 5.8037, 8.9004, 12.6726, 14.4488, 11.0164, 4.6301, 0.3962, 0.4147, 0.9898, 23.4268, 16.0518, 13.2945, 18.2196, 26.7772, 9.0478, 4.6438, 13.4418, 25.5682, 21.483, 15.9724, 3.9857, 7.957, 11.1146, 28.4088, 2.8654, 4.9801, 2.6512, 0.9758, 0.3318, 78.835, 7.5639, 33.9891, 4.827],
      [4.4266, 3.4531, 1.4654, 1.3681, 2.0975, 1.4369, 3.0128, 2.5538, 4.3864, 3.5044, 1.0259, 0, 0.7188, 0.6301, 5.9354, 6.9731, 5.0047, 13.7373, 6.1828, 4.047, 4.176, 3.779, 7.8823, 4.2073, 4.8255, 1.2833, 5.7852, 3.196, 5.7012, 1.4628, 2.204, 0.4295, 0.7853, 0.0917, 25.4833, 2.5463, 9.0369, 0.6434]
    ]
  ],
  "V_est": [
    [575.2775, 13.3788, 228.6685, 101.3939, 472.9911, 98.2904],
    [24.4767, 1184.4154, 99.1591, 395.8579, 1406.1241, 54.9669],
    [221.1169, 678.2302, 870.018, 3048.4237, 192.7755, 377.4347],
    [297.7592, 328.4933, 175.6823, 25.3243, 18784.3476, 66.3958],
    [310.7857, 156.0815, 2995.7235, 848.5598, 621.4144, 473.4332],
    [82.584, 97.4008, 241.7485, 287.4404, 493.3472, 155.4789]
  ],
  "p_est": [
    [0.3861, 0.009, 0.1535, 0.068, 0.3174, 0.066],
    [0.0077, 0.3742, 0.0313, 0.1251, 0.4443, 0.0174],
    [0.041, 0.1259, 0.1615, 0.5658, 0.0358, 0.0701],
    [0.0151, 0.0167, 0.0089, 0.0013, 0.9546, 0.0034],
    [0.0575, 0.0289, 0.5541, 0.157, 0.1149, 0.0876],
    [0.0608, 0.0717, 0.178, 0.2117, 0.3633, 0.1145]
  ],
  "EI_Z": {},
  "EI_V": 8.1762,
  "MAE_Z": {},
  "MAE_V": 165.7261,
  "MAE_p": 0.0506,
  "runtime": 248.86
}
