{
  "X": [
    [31, 29, 40],
    [44, 28, 28],
    [35, 21, 44],
    [36, 31, 33],
    [35, 32, 33],
    [38, 31, 31],
    [31, 28, 41],
    [45, 29, 26],
    [25, 31, 44],
    [17, 32, 51],
    [20, 42, 38],
    [23, 37, 40],
    [25, 37, 38],
    [16, 39, 45],
    [18, 33, 49],
    [23, 40, 37],
    [20, 37, 43],
    [10, 53, 37],
    [11, 51, 38],
    [10, 40, 50],
    [14, 38, 48],
    [12, 46, 42],
    [17, 45, 38],
    [13, 48, 39],
    [11, 45, 44],
    [11, 46, 43],
    [19, 43, 38],
    [8, 52, 40],
    [13, 40, 47],
    [5, 40, 55],
    [13, 42, 45],
    [12, 55, 33],
    [10, 44, 46],
    [27, 39, 34],
    [36, 41, 23],
    [37, 38, 25],
    [27, 53, 20],
    [39, 39, 22],
    [36, 40, 24],
    [45, 39, 16],
    [36, 43, 21],
    [38, 38, 24],
    [18, 28, 54],
    [26, 30, 44],
    [33, 30, 37],
    [25, 27, 48],
    [28, 25, 47],
    [30, 30, 40],
    [28, 22, 50],
    [30, 21, 49]
  ],
  "W": [
    [64, 7, 7, 12, 4, 6],
    [62, 8, 9, 4, 9, 8],
    [61, 8, 9, 9, 7, 6],
    [62, 12, 10, 5, 7, 4],
    [58, 10, 9, 7, 8, 8],
    [58, 7, 7, 12, 9, 7],
    [50, 11, 12, 9, 9, 9],
    [46, 12, 9, 13, 12, 8],
    [27, 37, 9, 10, 5, 12],
    [8, 59, 8, 9, 5, 11],
    [14, 55, 9, 9, 7, 6],
    [16, 57, 4, 8, 8, 7],
    [8, 51, 14, 9, 9, 9],
    [7, 65, 9, 7, 5, 7],
    [7, 63, 9, 4, 9, 8],
    [11, 56, 12, 7, 10, 4],
    [9, 43, 22, 9, 8, 9],
    [3, 10, 55, 8, 14, 10],
    [10, 3, 60, 9, 11, 7],
    [2, 12, 60, 8, 7, 11],
    [7, 6, 56, 12, 7, 12],
    [6, 12, 58, 10, 6, 8],
    [13, 11, 54, 7, 7, 8],
    [9, 5, 60, 3, 13, 10],
    [7, 7, 59, 9, 7, 11],
    [7, 12, 9, 58, 6, 8],
    [11, 7, 6, 62, 10, 4],
    [6, 6, 7, 66, 3, 12],
    [9, 4, 12, 59, 5, 11],
    [11, 9, 11, 57, 6, 6],
    [7, 10, 7, 58, 11, 7],
    [4, 6, 8, 66, 9, 7],
    [10, 14, 10, 52, 6, 8],
    [8, 11, 8, 24, 43, 6],
    [9, 7, 7, 5, 61, 11],
    [10, 8, 6, 7, 57, 12],
    [6, 14, 10, 6, 60, 4],
    [7, 8, 14, 7, 55, 9],
    [5, 3, 7, 11, 63, 11],
    [9, 7, 5, 10, 60, 9],
    [10, 7, 7, 12, 52, 12],
    [9, 11, 5, 10, 47, 18],
    [4, 7, 16, 7, 10, 56],
    [12, 6, 11, 10, 12, 49],
    [10, 7, 9, 6, 7, 61],
    [9, 7, 4, 7, 16, 57],
    [8, 10, 6, 5, 6, 65],
    [9, 6, 10, 6, 7, 62],
    [11, 10, 4, 8, 10, 57],
    [8, 10, 4, 5, 8, 65]
  ],
  "method": "mcmc",
  "mcmc_stepsize": 3000,
  "mcmc_samples": 100,
  "burn_in": 10000,
  "cond_prob": [
    [
      [0.33578905074, 0.27888194081, 0.38532900846],
      [0.40203636712, 0.28921236503, 0.30875126785],
      [0.25931653574, 0.42039301621, 0.32029044805],
      [0.23753850201, 0.35062524509, 0.4118362529],
      [0.23206796863, 0.22496727743, 0.54296475394],
      [0.18354942233, 0.1794910115, 0.63695956617]
    ],
    [
      [0.46547839965, 0.27039642452, 0.26412517584],
      [0.49493214339, 0.27793429722, 0.22713355938],
      [0.47356298271, 0.24724629451, 0.27919072279],
      [0.20272623804, 0.44101747262, 0.35625628933],
      [0.3681590332, 0.35180667038, 0.28003429642],
      [0.34930987242, 0.23205009097, 0.41864003662]
    ],
    [
      [0.37869554426, 0.19581885177, 0.42548560397],
      [0.25694361864, 0.36697484068, 0.37608154068],
      [0.32061792173, 0.32385273709, 0.35552934118],
      [0.31225108148, 0.14751983807, 0.54022908045],
      [0.31132785222, 0.12923031832, 0.55944182946],
      [0.32815114277, 0.16204765196, 0.50980120527]
    ],
    [
      [0.38212457088, 0.30404549892, 0.31382993019],
      [0.44923227142, 0.24883046715, 0.30193726143],
      [0.27248702295, 0.391022146, 0.33649083105],
      [0.16247850245, 0.43806134955, 0.399460148],
      [0.30927206162, 0.29026423211, 0.40046370627],
      [0.30383054379, 0.2577089071, 0.43846054911]
    ],
    [
      [0.37395035677, 0.3148119267, 0.31123771653],
      [0.3747385721, 0.32205919557, 0.30320223232],
      [0.36094469483, 0.35868017807, 0.28037512711],
      [0.13933446492, 0.49946659318, 0.3611989419],
      [0.34781048265, 0.2868142378, 0.36537527956],
      [0.31964577713, 0.18767682983, 0.49267739304]
    ],
    [
      [0.41928884592, 0.27897793887, 0.3017332152],
      [0.38940441776, 0.3619882796, 0.24860730265],
      [0.28513026566, 0.46918974712, 0.24567998722],
      [0.28159316068, 0.44242188473, 0.27598495459],
      [0.39516499651, 0.19107458101, 0.41376042248],
      [0.28912875083, 0.28175707322, 0.42911417595]
    ],
    [
      [0.3201326544, 0.27986840359, 0.39999894202],
      [0.38911740172, 0.27318342781, 0.33769917047],
      [0.39235686004, 0.29741633542, 0.31022680454],
      [0.15940090825, 0.44445977173, 0.39613932001],
      [0.28564408901, 0.19053504667, 0.52382086432],
      [0.22215428504, 0.19084585823, 0.58699985673]
    ],
    [
      [0.47893129139, 0.27775978566, 0.24330892294],
      [0.48258415752, 0.25631986607, 0.26109597641],
      [0.44648926582, 0.3317661028, 0.22174463138],
      [0.37739685743, 0.39966781739, 0.22293532518],
      [0.45270275884, 0.23814149127, 0.30915574989],
      [0.35264438258, 0.2634921275, 0.38386348992]
    ],
    [
      [0.29740994132, 0.29541198763, 0.40717807104],
      [0.24282864743, 0.32468389626, 0.43248745631],
      [0.22108979321, 0.44492208456, 0.33398812223],
      [0.19902858581, 0.30055947124, 0.50041194295],
      [0.20207628631, 0.20109008363, 0.59683363006],
      [0.24956635005, 0.24960235673, 0.50083129322]
    ],
    [
      [0.25715261527, 0.24923343001, 0.49361395472],
      [0.18516475162, 0.30591829262, 0.50891695576],
      [0.24622091282, 0.25192339515, 0.50185569202],
      [0.10928310717, 0.44334833067, 0.44736856216],
      [0.0067219888819, 0.59648592587, 0.39679208525],
      [0.093739410989, 0.26990922986, 0.63635135915]
    ],
    [
      [0.28669312199, 0.35651850422, 0.3567883738],
      [0.21758387064, 0.41856976779, 0.36384636157],
      [0.11093686099, 0.55550057736, 0.33356256165],
      [0.11172765055, 0.55481952195, 0.3334528275],
      [0.14502943754, 0.28612282834, 0.56884773411],
      [0.16666612335, 0.33194383677, 0.50139003988]
    ],
    [
      [0.31250818999, 0.29932185005, 0.38816995996],
      [0.24924270818, 0.37953879962, 0.37121849221],
      [0.19747515611, 0.49979852079, 0.3027263231],
      [0.098765640599, 0.49989220033, 0.40134215907],
      [0.15151147868, 0.3486692703, 0.49981925101],
      [0.14298814505, 0.25563613896, 0.60137571599]
    ],
    [
      [0.37495429702, 0.25007970569, 0.3749659973],
      [0.25489383194, 0.37257758688, 0.37252858118],
      [0.21430306624, 0.42851010552, 0.35718682825],
      [0.22224892907, 0.4443321811, 0.33341888983],
      [0.2222596622, 0.33337058611, 0.4443697517],
      [0.22221777182, 0.3332710046, 0.44451122358]
    ],
    [
      [0.2848962598, 0.28775316318, 0.42735057702],
      [0.16904523147, 0.38393494402, 0.4470198245],
      [0.11191997727, 0.44535160446, 0.44272841827],
      [0.14298370573, 0.4301380938, 0.42687820047],
      [0.0034237177342, 0.59771827119, 0.39885801107],
      [0.14178597306, 0.28889057765, 0.56932344929]
    ],
    [
      [0.28801216357, 0.28501844369, 0.42696939274],
      [0.20589077616, 0.31741670974, 0.4766925141],
      [0.11196925961, 0.44468946286, 0.44334127754],
      [0.0020425958753, 0.74824251126, 0.24971489286],
      [0.1106792583, 0.2238551338, 0.66546560789],
      [0.12509861405, 0.24971834566, 0.62518304029]
    ],
    [
      [0.29438059777, 0.35512369973, 0.3504957025],
      [0.24556880297, 0.39324391289, 0.36118728414],
      [0.23592575501, 0.43704201693, 0.32703222806],
      [0.15198309737, 0.55939234252, 0.28862456011],
      [0.20243761581, 0.39845596357, 0.39910642063],
      [0.022648389565, 0.23179248619, 0.74555912424]
    ],
    [
      [0.3345455049, 0.33202413696, 0.33343035813],
      [0.2326605303, 0.3483844847, 0.418954985],
      [0.18110312839, 0.41043425385, 0.40846261776],
      [0.11048577987, 0.55527504687, 0.33423917327],
      [0.12546074283, 0.25151228819, 0.62302696898],
      [0.11137342964, 0.33245806814, 0.55616850222]
    ],
    [
      [0.32609042616, 0.33692221312, 0.33698736072],
      [0.20062037571, 0.49904357636, 0.30033604793],
      [0.090444504551, 0.54590350658, 0.36365198887],
      [0.0041798885262, 0.62555756974, 0.37026254174],
      [0.070622896576, 0.50148979133, 0.42788731209],
      [0.10189175538, 0.49487870988, 0.40322953473]
    ],
    [
      [0.19978218357, 0.51477620758, 0.28544160885],
      [0.23066669836, 0.40796149697, 0.36137180467],
      [0.11321432894, 0.5182144828, 0.36857118826],
      [0.018195277387, 0.6033039134, 0.37850080922],
      [0.10580358211, 0.4712999567, 0.42289646119],
      [0.027103061868, 0.41734996013, 0.555546978]
    ],
    [
      [0.28117946905, 0.24044178678, 0.47837874418],
      [0.15708483783, 0.34083671929, 0.50207844288],
      [0.10524970638, 0.408185578, 0.48656471562],
      [0.055486171852, 0.45493858972, 0.48957523843],
      [0.021187301576, 0.54553421046, 0.43327848796],
      [0.058676376293, 0.31633572036, 0.62498790335]
    ],
    [
      [0.28240245498, 0.29385135685, 0.42374618816],
      [0.29615229832, 0.3621538133, 0.34169388838],
      [0.14017749927, 0.39472091744, 0.46510158329],
      [0.10165960863, 0.49883138682, 0.39950900455],
      [0.02584560555, 0.28928375193, 0.68487064252],
      [0.082957876973, 0.30456527835, 0.61247684468]
    ],
    [
      [0.31499520698, 0.32848999627, 0.35651479675],
      [0.17527590306, 0.41244287716, 0.41228121978],
      [0.11703075913, 0.46744168917, 0.4155275517],
      [0.10136135662, 0.51204628399, 0.38659235939],
      [0.013640558018, 0.64645090573, 0.33990853625],
      [0.015434622186, 0.37111990633, 0.61344547149]
    ],
    [
      [0.2965782056, 0.39248187217, 0.31093992223],
      [0.097900728034, 0.54383987706, 0.35825939491],
      [0.16621429208, 0.46228094814, 0.37150475979],
      [0.15095014127, 0.43889479533, 0.4101550634],
      [0.14467707169, 0.42006239578, 0.43526053253],
      [0.12782663199, 0.36745318463, 0.50472018338]
    ],
    [
      [0.21748472501, 0.44530557929, 0.33720969569],
      [0.34790758604, 0.40064784269, 0.25144457127],
      [0.11678485736, 0.498528334, 0.38468680864],
      [0.01512385896, 0.6393887801, 0.34548736094],
      [0.079193942124, 0.48012948321, 0.44067657466],
      [0.12211152787, 0.39174609108, 0.48614238105]
    ],
    [
      [0.15592795936, 0.42162778279, 0.42244425785],
      [0.14217323355, 0.43439816895, 0.42342859749],
      [0.13058218826, 0.444794378, 0.42462343374],
      [0.01020186995, 0.65284411245, 0.3369540176],
      [0.012373597508, 0.42065714365, 0.56696925884],
      [0.093682775469, 0.35861391073, 0.5477033138]
    ],
    [
      [0.20672680836, 0.35294204465, 0.44033114699],
      [0.17819661144, 0.3942568383, 0.42754655026],
      [0.20427450551, 0.41452257757, 0.38120291692],
      [0.086303809198, 0.51192006657, 0.40177612423],
      [0.036994707748, 0.43721493519, 0.52579035706],
      [0.043561659333, 0.34412086967, 0.61231747099]
    ],
    [
      [0.28783187312, 0.33978162051, 0.37238650637],
      [0.27773130513, 0.40124793938, 0.32102075549],
      [0.25322633929, 0.42610638613, 0.32066727458],
      [0.16331247237, 0.47421138255, 0.36247614508],
      [0.17019432186, 0.37934772907, 0.45045794907],
      [0.1357639296, 0.17561131832, 0.68862475208]
    ],
    [
      [0.21113401947, 0.4564139185, 0.33245206203],
      [0.16051653735, 0.45966312561, 0.37982033704],
      [0.12146151516, 0.56905436984, 0.309484115],
      [0.068075329954, 0.54481730037, 0.38710736968],
      [0.024675229271, 0.35787542669, 0.61744934404],
      [0.029405715682, 0.45738242019, 0.51321186413]
    ],
    [
      [0.24721111277, 0.29776013467, 0.45502875256],
      [0.40878672309, 0.31995769261, 0.2712555843],
      [0.099744413104, 0.45092273605, 0.44933285084],
      [0.11211992353, 0.42453750662, 0.46334256985],
      [0.055341587193, 0.42736804596, 0.51729036685],
      [0.095566973752, 0.31315473313, 0.59127829312]
    ],
    [
      [0.10590803691, 0.34564876527, 0.54844319782],
      [0.18152659412, 0.3359522188, 0.48252118708],
      [0.015177240132, 0.43792142364, 0.54690133623],
      [0.033516711452, 0.43121918268, 0.53526410587],
      [0.0008425920317, 0.3380660264, 0.66109138157],
      [0.019802416754, 0.29154473028, 0.68865285297]
    ],
    [
      [0.30480651758, 0.28415567275, 0.41103780967],
      [0.2128499095, 0.38817366174, 0.39897642876],
      [0.14882121574, 0.4491716838, 0.40200710046],
      [0.11276358072, 0.4417371154, 0.44549930388],
      [0.089269470954, 0.51343319826, 0.39729733079],
      [0.024836415637, 0.24520771607, 0.72995586829]
    ],
    [
      [0.22098729127, 0.49090105058, 0.28811165815],
      [0.27071848358, 0.49803569542, 0.23124582099],
      [0.13982497212, 0.62172236879, 0.23845265909],
      [0.10346787346, 0.57444896871, 0.32208315783],
      [0.14138397943, 0.47371728889, 0.38489873168],
      [0.038829241889, 0.41390216286, 0.54726859525]
    ],
    [
      [0.2031355098, 0.39726921077, 0.39959527943],
      [0.14070683865, 0.42908850634, 0.43020465501],
      [0.13487397697, 0.46746804196, 0.39765798107],
      [0.075770018033, 0.48147052129, 0.44275946067],
      [0.05972686653, 0.27628768995, 0.66398544352],
      [0.043950906792, 0.33139939212, 0.62464970109]
    ],
    [
      [0.37592629344, 0.37209104447, 0.25198266209],
      [0.35777847624, 0.36016787865, 0.28205364511],
      [0.25758982815, 0.48865136676, 0.25375880508],
      [0.24259718956, 0.41886384808, 0.33853896236],
      [0.25821568216, 0.37418775227, 0.36759656557],
      [0.17845015106, 0.33490139059, 0.48664845835]
    ],
    [
      [0.44186775926, 0.33339737385, 0.22473486689],
      [0.5346181256, 0.30181181949, 0.1635700549],
      [0.39587931918, 0.44901990043, 0.15510078038],
      [0.20907296535, 0.58976946928, 0.20115756537],
      [0.35411986019, 0.4207928127, 0.22508732711],
      [0.26027561409, 0.37512660679, 0.36459777912]
    ],
    [
      [0.49661138513, 0.29954727777, 0.2038413371],
      [0.37329338466, 0.37487579956, 0.25183081578],
      [0.32890023364, 0.50174720282, 0.16935256353],
      [0.28551216645, 0.56431401294, 0.15017382061],
      [0.37055106641, 0.36918449786, 0.26026443573],
      [0.32951180992, 0.33344359504, 0.33704459504]
    ],
    [
      [0.33086309249, 0.4955117859, 0.17362512161],
      [0.35422706296, 0.49904186757, 0.14673106947],
      [0.20126066809, 0.60193095163, 0.19680838029],
      [0.16334866707, 0.66409274805, 0.17255858488],
      [0.2676516049, 0.51765894558, 0.21468944952],
      [0.25096189659, 0.49423509982, 0.25480300359]
    ],
    [
      [0.57135371641, 0.28408431863, 0.14456196496],
      [0.49684094035, 0.37882824271, 0.12433081694],
      [0.35639553564, 0.42872711885, 0.21487734551],
      [0.28485224968, 0.56972756413, 0.14542018619],
      [0.3824203007, 0.38196418644, 0.23561551286],
      [0.33435296411, 0.33138677345, 0.33426026244]
    ],
    [
      [0.44569371133, 0.34613802878, 0.20816825989],
      [0.61000327543, 0.3530095043, 0.036987220271],
      [0.45170033481, 0.36761734027, 0.18068232493],
      [0.2655327182, 0.55159295545, 0.18287432635],
      [0.36431867449, 0.39570195716, 0.23997936835],
      [0.26424389823, 0.33092855913, 0.40482754264]
    ],
    [
      [0.55830374175, 0.3279202549, 0.11377600335],
      [0.42498056381, 0.43144736719, 0.143572069],
      [0.39211928813, 0.59860461903, 0.0092760928393],
      [0.39347226249, 0.40525818595, 0.20126955156],
      [0.45242049193, 0.38331943612, 0.16426007196],
      [0.43998375516, 0.33153500155, 0.2284812433]
    ],
    [
      [0.40023314237, 0.4011166538, 0.19865020383],
      [0.42791048772, 0.42749142804, 0.14459808424],
      [0.42405969687, 0.43257008615, 0.14337021699],
      [0.3292948687, 0.50352825353, 0.16717687778],
      [0.34720075211, 0.42255910555, 0.23024014235],
      [0.33565831252, 0.41274919433, 0.25159249315]
    ],
    [
      [0.44701239381, 0.33097409169, 0.22201351449],
      [0.45037982578, 0.36765615642, 0.1819640178],
      [0.59525818595, 0.20099587451, 0.20374593955],
      [0.30014811196, 0.49975145713, 0.20010043091],
      [0.36249912507, 0.40428222817, 0.23321864676],
      [0.33374885802, 0.33184759924, 0.33440354274]
    ],
    [
      [0.25425493607, 0.23898057812, 0.50676448582],
      [0.42453265977, 0.14482245299, 0.43064488724],
      [0.12388555154, 0.37097726372, 0.50513718474],
      [0.13806474584, 0.42960206431, 0.43233318986],
      [0.10338396838, 0.20949248564, 0.68712354598],
      [0.17908553407, 0.26772401769, 0.55319044824]
    ],
    [
      [0.33216168462, 0.2508579152, 0.41698040018],
      [0.49726132642, 0.16900821364, 0.33373045994],
      [0.1832914572, 0.45212938681, 0.36457915599],
      [0.2004962183, 0.40026820551, 0.3992355762],
      [0.25100999155, 0.25012260565, 0.4988674028],
      [0.24484089215, 0.28567508486, 0.46948402299]
    ],
    [
      [0.40161491679, 0.29862976303, 0.29975532018],
      [0.42621124674, 0.2890761391, 0.28471261416],
      [0.33011754612, 0.33640814438, 0.3334743095],
      [0.17387959499, 0.33021339622, 0.49590700879],
      [0.28897362283, 0.28742807281, 0.42359830436],
      [0.3272659223, 0.29457736409, 0.37815671361]
    ],
    [
      [0.33101488413, 0.23077803581, 0.43820708006],
      [0.28709771623, 0.2816502983, 0.43125198548],
      [0.25439385588, 0.47387674737, 0.27172939675],
      [0.14083259027, 0.28859477039, 0.57057263934],
      [0.25264526515, 0.25650233126, 0.49085240359],
      [0.24500796897, 0.26196031416, 0.49303171687]
    ],
    [
      [0.35958953736, 0.25909662103, 0.3813138416],
      [0.39453319381, 0.20184879344, 0.40361801275],
      [0.19207535834, 0.47096451659, 0.33696012506],
      [0.19924109604, 0.21754156506, 0.58321733891],
      [0.18885548032, 0.18466303999, 0.62648147969],
      [0.27532555771, 0.24441947589, 0.48025496641]
    ],
    [
      [0.44537283488, 0.22205535332, 0.33257181179],
      [0.32915367909, 0.34034603067, 0.33050029024],
      [0.30102747872, 0.3017219792, 0.39725054208],
      [0.16882518492, 0.49895148331, 0.33222333177],
      [0.28504593684, 0.28722079357, 0.42773326959],
      [0.29029314447, 0.2893217966, 0.42038505893]
    ],
    [
      [0.35873198789, 0.1816678646, 0.45960014751],
      [0.29683668959, 0.21291659507, 0.49024671534],
      [0.47987818405, 0.02542831265, 0.4946935033],
      [0.2521892921, 0.25879785068, 0.48901285722],
      [0.21409612234, 0.29564466045, 0.49025921721],
      [0.26329110423, 0.22357798032, 0.51313091545]
    ],
    [
      [0.4949495012, 0.12278630473, 0.38226419407],
      [0.31052810852, 0.2980324665, 0.39143942498],
      [0.25079532043, 0.478339685, 0.27086499456],
      [0.1909601176, 0.1927276786, 0.61631220379],
      [0.25234628887, 0.14433289756, 0.60332081356],
      [0.29166724192, 0.20008807052, 0.50824468757]
    ]
  ],
  "expected_outcome": [
    [
      [21.4904992473, 28.8596607782, 23.1004281999, 23.6917233947, 21.6891206928, 24.3187530635, 16.0066327199, 22.0308394041, 8.0300684158, 2.0572209221, 4.0137037078, 5.0001310398, 2.9996343761, 1.9942738186, 2.016085145, 3.2381865754, 3.0109095441, 0.97827127849, 1.9978218357, 0.56235893809, 1.9768171849, 1.8899712419, 3.8555166728, 1.9573625251, 1.0914957155, 1.4470876585, 3.1661506043, 1.2668041168, 2.2249000149, 1.164988406, 2.1336456231, 0.88394916508, 2.031355098, 3.0074103475, 3.9768098333, 4.9661138513, 1.985178555, 3.9994760149, 2.2284685566, 5.0247336758, 4.0023314237, 4.0231115443, 1.0170197443, 3.9859402155, 4.0161491679, 2.9791339572, 2.8767162989, 4.008355514, 3.9460518668, 3.9595960096],
      [17.8484442116, 16.76457832, 11.9449499581, 18.8508209332, 18.2590917484, 16.1807204546, 13.9934201793, 12.7769501405, 7.9761236661, 1.9938674401, 4.9912590591, 4.7891496009, 2.0006376455, 2.0142721423, 1.9951291058, 3.9063606971, 2.9882172326, 1.0107666394, 5.1477620758, 0.48088357355, 2.056959498, 1.9709399776, 5.1022643382, 4.0077502136, 2.9513944796, 2.4705943125, 3.7375978257, 2.738483511, 2.679841212, 3.802136418, 1.9890897093, 1.9636042023, 3.9726921077, 2.9767283558, 3.0005763647, 2.9954727777, 2.9730707154, 1.9885902304, 1.7306901439, 2.9512822941, 4.011166538, 2.9787668252, 0.95592231247, 3.0102949824, 2.9862976303, 2.0770023223, 2.0727729683, 1.9984981799, 1.9983465106, 0.98229043788],
      [24.6610565411, 16.3757609018, 25.954621842, 19.457455672, 18.0517875588, 17.5005264819, 19.9999471008, 11.1922104554, 10.9938079182, 3.9489116378, 4.9950372332, 6.2107193593, 2.9997279784, 2.9914540391, 2.9887857492, 3.8554527275, 3.0008732232, 1.0109620821, 2.8544160885, 0.95675748836, 2.9662233171, 2.1390887805, 4.042218989, 3.0348872613, 2.9571098049, 3.082318029, 4.09625157, 1.9947123722, 4.095258773, 6.0328751761, 2.8772646677, 1.1524466326, 3.9959527943, 2.0158612967, 2.022613802, 2.038413371, 1.0417507297, 1.0119337547, 1.0408412995, 1.0239840301, 1.9865020383, 1.9981216304, 2.0270579433, 5.0037648022, 2.9975532018, 3.9438637205, 3.0505107328, 2.9931463061, 5.0556016226, 3.0581135525]
    ],
    [
      [2.8142545699, 3.9594571471, 2.0555489491, 5.390787257, 3.747385721, 2.7258309243, 4.2802914189, 5.7910098902, 8.9846599551, 10.9247203455, 11.9671128854, 14.2068343661, 12.9995854288, 10.9879400458, 12.9711188979, 13.7518529665, 10.004402803, 2.0062037571, 0.69200009508, 1.8850180539, 1.7769137899, 2.1033108368, 1.0769080084, 1.7395379302, 0.99521263486, 2.1383593373, 1.9441191359, 0.9630992241, 1.6351468924, 1.6337393471, 2.128499095, 1.6243109015, 1.9698957411, 3.9355632386, 3.7423268792, 2.9863470773, 4.9591788814, 3.9747275228, 1.8300098263, 2.9748639466, 2.9953734141, 4.9541780835, 2.9717286184, 2.9835679585, 2.9834787272, 2.0096840136, 3.9453319381, 1.9749220745, 2.9683668959, 3.1052810852],
      [2.0244865552, 2.2234743778, 2.9357987254, 2.9859656058, 3.2205919557, 2.5339179572, 3.0050177059, 3.0758383929, 12.0133041616, 18.0491792649, 23.0213372282, 21.6337115781, 19.001456931, 24.9557713614, 19.9972527139, 22.0216591217, 14.9805328421, 4.9904357636, 1.2238844909, 4.0900406315, 2.1729228798, 4.9493145259, 5.9822386477, 2.0032392135, 3.0407871827, 4.7310820596, 2.8087355757, 2.7579787536, 1.2798307704, 3.0235699692, 3.8817366174, 2.9882141725, 6.0072390888, 3.9618466652, 2.1126827365, 2.9990063965, 6.986586146, 3.0306259417, 1.0590285129, 3.0201315703, 2.9924399963, 4.0442177207, 1.0137571709, 1.0140492819, 2.0235329737, 1.9715520881, 2.0184879344, 2.042076184, 2.1291659507, 2.980324665],
      [2.1612588749, 1.8170684751, 3.0086523255, 3.6232471372, 3.0320223232, 1.7402511185, 3.7146908752, 3.1331517169, 16.0020358834, 30.0261003897, 20.0115498864, 21.1594540558, 18.9989576402, 29.0562885927, 30.0316283882, 20.2264879118, 18.0150643549, 3.0033604793, 1.084115414, 6.0249413146, 2.0501633303, 4.9473746374, 3.940853344, 1.2572228564, 2.9640001825, 5.1305586032, 2.2471452884, 2.2789220223, 1.0850223372, 4.3426906837, 3.9897642876, 1.387474926, 6.0228651701, 3.1025900962, 1.1449903843, 2.0146465262, 2.0542349726, 0.99464653548, 0.11096166081, 1.005004483, 1.0121865897, 2.0016041958, 3.0145142107, 2.0023827596, 1.9929882991, 3.0187638983, 4.0361801275, 1.9830017415, 4.9024671534, 3.9143942498]
    ],
    [
      [1.8152157502, 4.2620668444, 2.8855612956, 2.7248702295, 3.2485022534, 1.9959118596, 4.7082823205, 4.0184033924, 1.9898081389, 1.9697673026, 0.99843174893, 0.78990062445, 3.0002429273, 1.0072797954, 1.0077233364, 2.8311090601, 3.9842688246, 4.9744477503, 6.7928597364, 6.3149823829, 7.8499399591, 6.7877840296, 8.9755717722, 7.0070914415, 7.7043491073, 1.8384705496, 1.5193580358, 0.85023060614, 1.1969329572, 0.16694964145, 1.0417485102, 1.118599777, 1.3487397697, 2.0607186252, 2.7711552343, 1.9734014019, 2.0126066809, 4.9895374989, 3.1619023437, 1.9605964406, 2.9684178781, 2.9762909297, 1.9821688246, 2.0162060292, 2.9710579151, 1.0175754235, 1.1524521501, 3.0102747872, 1.9195127362, 1.0031812817],
      [2.9427511135, 2.2252166505, 2.9146746338, 3.91022146, 3.2281216026, 3.2843282298, 3.5689960251, 2.9858949252, 4.0042987611, 2.0153871612, 4.9995051962, 1.9991940832, 5.9991414772, 4.0081644402, 4.0022051657, 5.2445042031, 9.0295535846, 30.0246928616, 31.0928689681, 24.49113468, 22.1043713767, 27.1116179716, 24.9631711993, 29.91170004, 26.2428683022, 3.7307031981, 2.5566383168, 3.9833805889, 5.4110728326, 4.81713566, 3.1442017866, 4.9737789503, 4.6746804196, 3.9092109341, 3.143139303, 3.0104832169, 6.0193095163, 6.0021796639, 2.5733213819, 2.9930230952, 3.027990603, 1.0049793725, 5.9356362196, 4.9734232549, 3.0276732994, 1.8955069895, 2.8257870996, 3.017219792, 0.1017132506, 1.91335874],
      [2.2420331364, 2.5127165051, 3.1997640706, 3.3649083105, 2.523376144, 1.7197599106, 3.7227216544, 1.9957016824, 3.0058931001, 4.0148455362, 3.0020630548, 1.2109052924, 5.0006155954, 3.9845557644, 3.9900714978, 3.9243867368, 8.9861775908, 20.000859388, 22.1142712955, 29.193882937, 26.0456886642, 24.1005979988, 20.0612570284, 23.0812085185, 25.0527825905, 3.4308262523, 1.9240036475, 2.166388805, 5.3919942101, 6.0159146985, 2.8140497032, 1.9076212727, 3.9765798107, 2.0300704407, 1.0857054627, 1.0161153812, 1.9680838029, 3.0082828371, 1.2647762745, 0.046380464196, 1.0035915189, 1.0187296977, 8.0821949558, 4.0103707159, 3.0012687855, 1.086917587, 2.0217607504, 3.9725054208, 1.9787740132, 1.0834599783]
    ],
    [
      [2.8504620242, 0.81090495218, 2.8102597333, 0.81239251224, 0.97534125447, 3.3791179281, 1.4346081743, 4.9061591466, 1.9902858581, 0.98354796452, 1.005548855, 0.79012512479, 2.0002403616, 1.0008859401, 0.0081703835011, 1.0638816816, 0.99437201881, 0.033439108209, 0.16375749648, 0.44388937482, 1.2199153035, 1.0136135662, 1.0566509889, 0.045371576879, 0.091816829553, 5.0056209335, 10.125373287, 4.492971777, 6.6150754882, 1.9104525528, 6.5402876818, 6.8288796483, 3.9400409377, 5.8223325494, 1.0453648268, 1.9985851651, 0.98009200243, 1.9939657478, 2.9208599002, 3.9347226249, 3.9515384243, 3.0014811196, 0.96645322085, 2.004962183, 1.0432775699, 0.98582813186, 0.99620548018, 1.0129511095, 2.0175143368, 0.95480058802],
      [4.207502941, 1.7640698905, 1.3276785426, 2.1903067478, 3.4962661522, 5.3090626168, 4.0001379456, 5.1956816261, 3.0055947124, 3.990134976, 4.9933756975, 3.9991376027, 3.9989896299, 3.0109666566, 2.9929700451, 3.9157463976, 4.9974754218, 5.0044605579, 5.4297352206, 3.6395087178, 5.9859766419, 5.1204628399, 3.0722635673, 1.9181663403, 5.875597012, 29.6913638613, 29.4011057179, 35.9579418241, 25.0477128907, 24.5794934127, 25.6207526934, 37.9136319348, 25.0364671073, 10.0527323539, 2.9488473464, 3.9501980906, 3.9845564883, 3.9880929489, 6.06752251, 4.0525818595, 6.0423390423, 4.9975145713, 3.0072144501, 4.0026820551, 1.9812803773, 2.0201633928, 1.0877078253, 2.9937088999, 2.0703828054, 0.96363839302],
      [4.9420350348, 1.4250251573, 4.8620617241, 1.99730074, 2.5283925933, 3.311819455, 3.5652538801, 2.8981592273, 5.0041194295, 4.0263170594, 3.0010754475, 3.2107372726, 3.0007700085, 2.9881474033, 0.99885957145, 2.0203719208, 3.0081525594, 2.9621003339, 3.4065072829, 3.9166019074, 4.7941080546, 3.8659235939, 2.8710854438, 1.0364620828, 3.0325861584, 23.3030152052, 22.4735209951, 25.5490863989, 27.3372116211, 30.5100540345, 25.8389596248, 21.2574884169, 23.0234919551, 8.1249350966, 1.0057878268, 1.0512167443, 1.0353515093, 1.0179413033, 2.0116175898, 2.0126955156, 2.0061225333, 2.0010043091, 3.026332329, 3.992355762, 2.9754420527, 3.9940084754, 2.9160866945, 1.9933399906, 3.9121028578, 3.081561019]
    ],
    [
      [0.92827187451, 3.3134312988, 2.1792949656, 2.1649044314, 2.7824838612, 3.5564849686, 2.5707968011, 5.4324331061, 1.0103814316, 0.033609944409, 1.0152060628, 1.2120918295, 2.0003369598, 0.017118588671, 0.99611332473, 2.0243761581, 1.0036859426, 0.98872055207, 1.1638394032, 0.14831111103, 0.18091923885, 0.081843348111, 1.0127395018, 1.0295212476, 0.086615182556, 0.22196824649, 1.7019432186, 0.074025687814, 0.27670793596, 0.0050555521902, 0.9819641805, 1.2724558149, 0.35836119918, 11.1032743328, 21.6013114714, 21.1214107854, 16.059096294, 21.0331165386, 22.9520764927, 27.1452295156, 18.0544391095, 17.0374588784, 1.0338396838, 3.0121198986, 2.0228153598, 4.0423242425, 1.1331328819, 1.9953215578, 2.1409612234, 2.018770311],
      [0.89986910973, 3.1662600334, 0.90461222824, 2.0318496248, 2.2945139024, 1.719671229, 1.71481542, 2.8576978952, 1.0054504181, 2.9824296293, 2.0028597984, 2.7893541624, 3.000335275, 2.988591356, 2.0146962042, 3.9845596357, 2.0120983056, 7.0208570787, 5.1842995237, 3.8187394732, 2.0249862635, 3.8787054344, 2.9404367704, 6.2416832818, 2.9446000056, 2.6232896111, 3.7934772907, 1.0736262801, 2.1368402298, 2.0283961584, 5.6477651808, 4.2634556, 1.6577261397, 16.0900733475, 25.6683615748, 21.0435163778, 31.0595367348, 21.008030254, 24.9292233009, 22.999166167, 21.9730734885, 19.0012647239, 2.0949248564, 3.0014712678, 2.0119965097, 4.1040373002, 1.1079782399, 2.010545555, 2.9564466045, 1.1546631805],
      [2.1718590158, 2.5203086678, 3.9160928062, 2.8032459439, 2.9230022364, 3.7238438023, 4.7143877789, 3.7098689986, 2.9841681503, 1.9839604262, 3.9819341388, 3.9985540081, 3.9993277653, 1.9942900554, 5.989190471, 3.9910642063, 4.9842157518, 5.9904223692, 4.6518610731, 3.0329494157, 4.7940944977, 2.0394512175, 3.0468237277, 5.7287954706, 3.9687848119, 3.1547421424, 4.5045794907, 1.8523480321, 2.5864518343, 3.9665482894, 4.3702706387, 3.4640885851, 3.9839126611, 15.8066523197, 13.7303269538, 14.8350728368, 12.8813669712, 12.9588532074, 15.1187002063, 9.8556043174, 11.972487402, 10.9612763976, 6.8712354598, 5.9864088336, 2.9651881305, 7.8536384574, 3.7588888782, 2.9941328871, 4.9025921721, 4.8265665085]
    ],
    [
      [1.101296534, 2.7944789793, 1.9689068566, 1.2153221751, 2.5571662171, 2.0239012558, 1.9993885653, 2.8211550606, 2.9947962006, 1.0311335209, 0.99999674007, 1.0009170154, 1.9999599464, 0.99250181139, 1.0007889124, 0.090593558261, 1.0023608668, 1.0189175538, 0.18972143307, 0.64544013923, 0.99549452368, 0.12347697749, 1.0226130559, 1.2211152787, 1.0305105302, 0.34849327467, 0.54305571839, 0.35286858819, 1.0512367113, 0.11881450052, 0.17385490946, 0.27180469322, 0.35160725434, 1.0707009064, 2.863031755, 3.954141719, 1.0038475864, 3.009176677, 2.9066828805, 3.9598537964, 4.0278997503, 6.0074794444, 10.0287899081, 11.9972037152, 19.9632212601, 13.9654542314, 17.8961612508, 17.998174957, 15.0075929409, 18.9583707245],
      [1.076946069, 1.8564007277, 0.97228591179, 1.0308356284, 1.5014146386, 1.9722995125, 1.7176127241, 2.10793702, 2.9952282808, 2.9690015284, 1.9916630206, 1.7894529728, 2.9994390414, 2.0222340435, 1.9977467653, 0.92716994477, 2.9921226133, 4.9487870988, 2.9214497209, 3.4796929239, 3.6547833402, 2.9689592506, 2.939625477, 3.9174609108, 3.944753018, 2.7529669574, 0.70244527329, 5.4885890423, 3.4447020644, 1.7492683817, 1.7164540125, 2.89731514, 2.651195137, 2.0094083435, 4.1263926747, 4.0013231405, 1.9769403993, 2.9824809611, 3.6402141504, 2.9838150139, 4.9529903319, 5.9732567863, 14.9925449905, 13.9980791581, 17.9692192096, 14.9317379072, 15.8872659325, 17.9379513891, 12.7439448782, 13.0057245836],
      [3.821757397, 3.3491202929, 3.0588072316, 1.7538421964, 3.9414191443, 3.0037992317, 5.2829987106, 3.0709079194, 6.0099755186, 6.9998649507, 3.0083402393, 4.2096300119, 4.0006010122, 3.9852641451, 5.0014643223, 2.982236497, 5.00551652, 4.0322953473, 3.888828846, 6.8748669368, 7.3497221361, 4.9075637719, 4.0377614671, 4.8614238105, 6.0247364518, 4.898539768, 2.7544990083, 6.1585423695, 6.5040612243, 4.1319171178, 5.109691078, 3.8308801667, 4.9971976087, 2.9198907501, 4.0105755703, 4.0445351405, 1.0192120144, 3.0083423619, 4.4531029691, 2.0563311897, 3.0191099178, 6.0192637693, 30.9786651014, 23.0047171267, 23.0675595303, 28.1028078614, 31.2165728166, 26.0638736539, 29.2484621809, 33.0359046919]
    ]
  ],
  "prob": [
    [0.36227835946, 0.29626104949, 0.34146059105],
    [0.26279724029, 0.35852993255, 0.37867282716],
    [0.17849988857, 0.44534464855, 0.37615546288],
    [0.13574544106, 0.47509981645, 0.3891547425],
    [0.2824504332, 0.3816632923, 0.3358862745],
    [0.23005927896, 0.28481219585, 0.48512852519]
  ],
  "iterations": 3,
  "time": 0.006493,
  "message": "Converged",
  "status": 0,
  "miniter": 0,
  "maxiter": 1000,
  "maxtime": 3600,
  "param_threshold": 0.001,
  "ll_threshold": "-Inf",
  "initial_prob": "group_proportional",
  "ballotbox_id": ["1", "2", "3", "4", "5", "6", "7", "8", "9", "10", "11", "12", "13", "14", "15", "16", "17", "18", "19", "20", "21", "22", "23", "24", "25", "26", "27", "28", "29", "30", "31", "32", "33", "34", "35", "36", "37", "38", "39", "40", "41", "42", "43", "44", "45", "46", "47", "48", "49", "50"],
  "candidates_id": ["1", "2", "3"],
  "group_id": ["1", "2", "3", "4", "5", "6"]
}
