{
  "X": [
    [51, 20, 29],
    [52, 17, 31],
    [53, 18, 29],
    [50, 20, 30],
    [56, 19, 25],
    [44, 22, 34],
    [48, 15, 37],
    [50, 15, 35],
    [46, 37, 17],
    [27, 49, 24],
    [21, 55, 24],
    [38, 43, 19],
    [30, 44, 26],
    [26, 42, 32],
    [30, 45, 25],
    [35, 45, 20],
    [26, 49, 25],
    [21, 47, 32],
    [12, 54, 34],
    [23, 50, 27],
    [8, 58, 34],
    [21, 51, 28],
    [16, 52, 32],
    [16, 42, 42],
    [15, 47, 38],
    [23, 27, 50],
    [15, 25, 60],
    [8, 34, 58],
    [17, 28, 55],
    [13, 27, 60],
    [16, 28, 56],
    [14, 40, 46],
    [8, 29, 63],
    [16, 27, 57],
    [17, 18, 65],
    [14, 20, 66],
    [11, 27, 62],
    [19, 21, 60],
    [23, 24, 53],
    [18, 19, 63],
    [11, 21, 68],
    [11, 24, 65],
    [14, 32, 54],
    [11, 38, 51],
    [11, 30, 59],
    [10, 33, 57],
    [19, 34, 47],
    [11, 33, 56],
    [11, 30, 59],
    [14, 30, 56]
  ],
  "W": [
    [57, 13, 6, 8, 8, 8],
    [56, 7, 10, 9, 4, 14],
    [67, 3, 13, 2, 8, 7],
    [58, 8, 8, 7, 11, 8],
    [64, 9, 7, 5, 7, 8],
    [60, 7, 5, 12, 8, 8],
    [57, 7, 8, 9, 8, 11],
    [60, 9, 3, 6, 8, 14],
    [31, 43, 9, 8, 7, 2],
    [11, 54, 16, 8, 5, 6],
    [4, 63, 5, 8, 9, 11],
    [9, 58, 16, 1, 5, 11],
    [7, 57, 10, 9, 7, 10],
    [11, 53, 10, 8, 9, 9],
    [6, 52, 9, 15, 11, 7],
    [12, 60, 5, 6, 5, 12],
    [7, 42, 26, 9, 10, 6],
    [10, 11, 51, 5, 7, 16],
    [6, 8, 56, 8, 16, 6],
    [9, 9, 53, 12, 7, 10],
    [6, 5, 68, 7, 9, 5],
    [10, 8, 67, 3, 6, 6],
    [8, 8, 60, 10, 5, 9],
    [8, 4, 59, 9, 8, 12],
    [6, 6, 57, 11, 10, 10],
    [11, 10, 8, 52, 6, 13],
    [6, 11, 10, 50, 10, 13],
    [6, 8, 6, 65, 10, 5],
    [5, 11, 5, 62, 9, 8],
    [8, 5, 7, 65, 10, 5],
    [8, 9, 5, 60, 9, 9],
    [4, 11, 15, 52, 8, 10],
    [3, 10, 6, 67, 8, 6],
    [8, 7, 6, 30, 41, 8],
    [13, 5, 11, 8, 57, 6],
    [1, 9, 9, 10, 63, 8],
    [5, 8, 8, 11, 61, 7],
    [8, 12, 6, 5, 58, 11],
    [10, 15, 5, 7, 56, 7],
    [9, 8, 6, 10, 55, 12],
    [7, 14, 6, 7, 56, 10],
    [4, 6, 16, 9, 48, 17],
    [9, 8, 8, 6, 9, 60],
    [8, 6, 7, 15, 7, 57],
    [9, 9, 4, 14, 8, 56],
    [7, 12, 2, 7, 11, 61],
    [16, 11, 9, 7, 5, 52],
    [13, 11, 10, 7, 10, 49],
    [6, 6, 11, 6, 13, 58],
    [10, 8, 10, 6, 7, 59]
  ],
  "method": "mcmc",
  "mcmc_stepsize": 3000,
  "mcmc_samples": 100,
  "burn_in": 10000,
  "cond_prob": [
    [
      [0.6634170913, 0.13040131644, 0.20618159226],
      [0.41490620657, 0.38407722247, 0.20101657096],
      [0.11733856664, 0.3730382772, 0.50962315616],
      [0.27055229964, 0.36562203258, 0.36382566778],
      [0.28897940432, 0.057717620222, 0.65330297545],
      [0.32639500989, 0.24364677312, 0.42995821699]
    ],
    [
      [0.71772742765, 0.069920207266, 0.21235236509],
      [0.2136574222, 0.50746690106, 0.27887567674],
      [0.43207901901, 0.31120938716, 0.25671159382],
      [0.10761680676, 0.35863405394, 0.5337491393],
      [0.49959690006, 0.12596818651, 0.37443491343],
      [0.21599521751, 0.19203764161, 0.59196714088]
    ],
    [
      [0.68524765901, 0.11539452427, 0.19935781672],
      [0.11715874105, 0.33497095195, 0.547870307],
      [0.32324367224, 0.38664358769, 0.29011274007],
      [0.048749977246, 0.66400643807, 0.28724358468],
      [0.16481669885, 0.19140499898, 0.64377830217],
      [0.15981847693, 0.19686207286, 0.6433194502]
    ],
    [
      [0.64909445151, 0.14011188051, 0.21079366798],
      [0.34818971832, 0.33728983742, 0.31452044426],
      [0.24514714621, 0.34818921528, 0.40666363851],
      [0.068606844271, 0.51562128729, 0.41577186844],
      [0.47179027774, 0.074642010683, 0.45356771157],
      [0.2419857414, 0.24490842254, 0.51310583606]
    ],
    [
      [0.70926396496, 0.10200775167, 0.18872828337],
      [0.27614786848, 0.45706643209, 0.26678569943],
      [0.29430511367, 0.46361041748, 0.24208446885],
      [0.2392889669, 0.32660743816, 0.43410359494],
      [0.40459478938, 0.19458531269, 0.40081989793],
      [0.2541289088, 0.26468733775, 0.48118375345]
    ],
    [
      [0.63970085087, 0.12304861349, 0.23725053564],
      [0.30074760776, 0.1675805196, 0.53167187264],
      [0.010141258208, 0.40307102957, 0.58678771222],
      [0.12336788913, 0.54694770891, 0.32968440196],
      [0.11934140779, 0.11627848677, 0.76438010544],
      [0.1283579338, 0.49188300055, 0.37975906564]
    ],
    [
      [0.6130201424, 0.066805455422, 0.32017440218],
      [0.43991865643, 0.39973163583, 0.16034970774],
      [0.20415021945, 0.48923399628, 0.30661578427],
      [0.26110072045, 0.18843157283, 0.55046770672],
      [0.3253119172, 0.15573539964, 0.51895268316],
      [0.30843797373, 0.1398480243, 0.55171400197]
    ],
    [
      [0.6244612392, 0.10886319553, 0.26667556526],
      [0.34778455432, 0.30225801647, 0.34995742921],
      [0.5251745827, 0.2232726782, 0.2515527391],
      [0.19318647824, 0.34916072737, 0.45765279439],
      [0.36733196544, 0.14970590703, 0.48296212753],
      [0.26635473701, 0.12753260461, 0.60611265838]
    ],
    [
      [0.75433698114, 0.19657870813, 0.049084310732],
      [0.36210065334, 0.40241720396, 0.2354821427],
      [0.29823115898, 0.65535030308, 0.046418537943],
      [0.33716102271, 0.48479598637, 0.17804299092],
      [0.2284399228, 0.40440769056, 0.36715238664],
      [0.03238870942, 0.49737291259, 0.47023837799]
    ],
    [
      [0.38203373555, 0.43602093231, 0.18194533214],
      [0.2787867786, 0.50138256835, 0.21983065305],
      [0.23733655724, 0.57093601985, 0.19172742291],
      [0.23541313452, 0.50729720964, 0.25728965584],
      [0.22549473057, 0.40031142774, 0.37419384169],
      [0.15582986996, 0.32236665338, 0.52180347666]
    ],
    [
      [0.4679662061, 0.49643225968, 0.035601534221],
      [0.22990553071, 0.54233377146, 0.22776069783],
      [0.20046529816, 0.59950235783, 0.20003234401],
      [0.10833525047, 0.76401845687, 0.12764629267],
      [0.09857130232, 0.41631213481, 0.48511656287],
      [0.17163059324, 0.54461588197, 0.28375352479]
    ],
    [
      [0.52754278562, 0.36045651559, 0.1120006988],
      [0.39179872893, 0.44126240858, 0.16693886248],
      [0.34003613805, 0.457366997, 0.20259686495],
      [0.058750353453, 0.62666095158, 0.31458869497],
      [0.2654920099, 0.44494349394, 0.28956449616],
      [0.33645454905, 0.36303829896, 0.30050715199]
    ],
    [
      [0.43454770572, 0.42436081995, 0.14109147433],
      [0.29896831276, 0.45634972982, 0.24468195742],
      [0.299436199, 0.50546616603, 0.19509763497],
      [0.21822500857, 0.32851667302, 0.45325831841],
      [0.28515174949, 0.42545304044, 0.28939521007],
      [0.29625229191, 0.40280566603, 0.30094204206]
    ],
    [
      [0.41110022752, 0.33472523631, 0.25417453616],
      [0.26218215588, 0.44057132086, 0.29724652326],
      [0.1836208803, 0.49948782804, 0.31689129166],
      [0.26133899071, 0.4737079516, 0.2649530577],
      [0.20045728041, 0.36130959951, 0.43823312008],
      [0.2056896648, 0.32571267848, 0.46859765672]
    ],
    [
      [0.49789220686, 0.33405355058, 0.16805424256],
      [0.30866452721, 0.44242301019, 0.2489124626],
      [0.22203624963, 0.55514297501, 0.22282077536],
      [0.26559940267, 0.53270366077, 0.20169693656],
      [0.27048442883, 0.36321925862, 0.36629631255],
      [0.28634933433, 0.42963266212, 0.28401800356]
    ],
    [
      [0.50471447489, 0.33867395034, 0.15661157477],
      [0.34142064037, 0.46862876256, 0.18995059706],
      [0.36779478045, 0.41384801323, 0.21835720632],
      [0.31145328854, 0.52893828895, 0.1596084225],
      [0.19297334918, 0.55789646493, 0.24913018589],
      [0.31546895828, 0.39881955979, 0.28571148193]
    ],
    [
      [0.42922615908, 0.42431324268, 0.14646059824],
      [0.28648277482, 0.47623612591, 0.23728109927],
      [0.22664385725, 0.54155795203, 0.23179819071],
      [0.23010953186, 0.5500354405, 0.21985502763],
      [0.20006305774, 0.5000268571, 0.29991008517],
      [0.16646394852, 0.33279928747, 0.50073676402]
    ],
    [
      [0.32482440004, 0.38812918878, 0.28704641118],
      [0.26752942784, 0.46824852806, 0.2642220441],
      [0.19351154383, 0.49735818415, 0.30913027201],
      [0.19572233186, 0.56686397077, 0.23741369737],
      [0.14866004004, 0.41673543505, 0.43460452491],
      [0.18253822614, 0.42820243828, 0.38925933558]
    ],
    [
      [0.25820416209, 0.39014947698, 0.35164636093],
      [0.21564792985, 0.55654904435, 0.22780302581],
      [0.10504343368, 0.59561972725, 0.29933683907],
      [0.15999751876, 0.56978479407, 0.27021768717],
      [0.074467457021, 0.4250799582, 0.50045258478],
      [0.06194997335, 0.41540806229, 0.52264196436]
    ],
    [
      [0.44097032649, 0.35824134472, 0.20078832878],
      [0.32383783529, 0.44239096928, 0.23377119542],
      [0.20275892855, 0.54843565748, 0.24880541397],
      [0.17806899599, 0.56821604766, 0.25371495635],
      [0.18268460983, 0.36632995025, 0.45098543991],
      [0.195488311, 0.43443171041, 0.3700799786]
    ],
    [
      [0.26318389692, 0.46929711266, 0.26751899042],
      [0.17630377543, 0.55923953655, 0.26445668802],
      [0.059795057686, 0.63704037413, 0.30316456818],
      [0.073024359853, 0.57389917493, 0.35307646522],
      [0.061289302357, 0.41352785739, 0.52518284025],
      [0.0821079157, 0.26604585181, 0.65184623249]
    ],
    [
      [0.43731256961, 0.32925048317, 0.23343694722],
      [0.14721325925, 0.56902463285, 0.2837621079],
      [0.1906772487, 0.56581126529, 0.24351148601],
      [0.13789304044, 0.24912488509, 0.61298207447],
      [0.25627004644, 0.32655486286, 0.4171750907],
      [0.12041552778, 0.42320658312, 0.45637788909]
    ],
    [
      [0.26314626585, 0.45357117799, 0.28328255616],
      [0.1688748876, 0.61486464634, 0.21626046606],
      [0.15519957913, 0.54972291445, 0.29507750642],
      [0.13442209599, 0.53229838805, 0.33327951596],
      [0.12385964039, 0.41446713891, 0.4616732207],
      [0.14092631809, 0.34153544038, 0.51753824153]
    ],
    [
      [0.32900410626, 0.28162994717, 0.38936594656],
      [0.33727544383, 0.45963703046, 0.20308752571],
      [0.14363817285, 0.49841524975, 0.3579465774],
      [0.14681329601, 0.38083247828, 0.47235422571],
      [0.15334289899, 0.26404303833, 0.58261406268],
      [0.083012526679, 0.24683966288, 0.67014781044]
    ],
    [
      [0.32756072767, 0.34009763451, 0.33234163781],
      [0.29631536169, 0.38389947066, 0.31978516766],
      [0.14047031952, 0.50772431004, 0.35180537044],
      [0.11021188326, 0.52726962353, 0.36251849321],
      [0.096655185805, 0.43528740654, 0.46805740765],
      [0.10710526773, 0.35628917726, 0.53660555501]
    ],
    [
      [0.45245218613, 0.15773363284, 0.38981418102],
      [0.27516034285, 0.2509240103, 0.47391564686],
      [0.28844316864, 0.28521921981, 0.42633761155],
      [0.18395472063, 0.2915662995, 0.52447897987],
      [0.17216282606, 0.245001225, 0.58283594895],
      [0.18194267275, 0.29557548104, 0.52248184621]
    ],
    [
      [0.36414033822, 0.16698433203, 0.46887532975],
      [0.26815048018, 0.22735412075, 0.50449539907],
      [0.12239334283, 0.30109393136, 0.57651272581],
      [0.13216709594, 0.25614657397, 0.61168633009],
      [0.10295881081, 0.2930322637, 0.60400892549],
      [0.077202027339, 0.21143138694, 0.71136658572]
    ],
    [
      [0.21174703889, 0.33165014822, 0.45660281289],
      [0.23051395959, 0.30753913435, 0.46194690606],
      [0.0065658862316, 0.51816115336, 0.47527296041],
      [0.071587931391, 0.34696966251, 0.5814424061],
      [0.0035927819829, 0.27301619, 0.72339102802],
      [0.03137348245, 0.23152583053, 0.73710068702]
    ],
    [
      [0.47857395267, 0.19973333231, 0.32169271503],
      [0.18136342339, 0.32187022942, 0.49676634719],
      [0.20969372977, 0.40835291723, 0.381953353],
      [0.15525192512, 0.28718489794, 0.55756317694],
      [0.10248522392, 0.2194925532, 0.67802222288],
      [0.12695969474, 0.20476244718, 0.66827785808]
    ],
    [
      [0.27988882524, 0.27604824849, 0.44406292627],
      [0.24411800669, 0.25291074662, 0.50297124669],
      [0.11161775504, 0.32391137282, 0.56447087213],
      [0.11161507057, 0.27633773892, 0.6120471905],
      [0.12588789187, 0.25310650234, 0.62100560579],
      [0.049023314666, 0.15333252318, 0.79764416215]
    ],
    [
      [0.36816823296, 0.23843456794, 0.3933971991],
      [0.22016441676, 0.37189509763, 0.40794048561],
      [0.17864538146, 0.49098707478, 0.33036754376],
      [0.13143181671, 0.28615592687, 0.58241225642],
      [0.14261837122, 0.22294011144, 0.63444151734],
      [0.11227479274, 0.12385728762, 0.76386791964]
    ],
    [
      [0.50510630859, 0.24542993092, 0.24946376049],
      [0.098859626486, 0.46507486731, 0.43606550621],
      [0.14242739289, 0.48535608942, 0.3722165177],
      [0.13061572063, 0.38421271789, 0.48517156148],
      [0.11680599946, 0.3589899486, 0.52420405193],
      [0.10292425125, 0.37711344755, 0.5199623012]
    ],
    [
      [0.63083956362, 0.092537835554, 0.27662260082],
      [0.1116600109, 0.33180322304, 0.55653676606],
      [0.011763277586, 0.49294739964, 0.49528932277],
      [0.07127323953, 0.29091801195, 0.63780874852],
      [0.00037902115639, 0.21704901539, 0.78257196345],
      [0.023660386149, 0.20312849026, 0.77321112359]
    ],
    [
      [0.31062883303, 0.22898166985, 0.46038949712],
      [0.36048837523, 0.25801811524, 0.38149350953],
      [0.0065002025719, 0.52892235334, 0.46457744409],
      [0.12831522399, 0.25120106248, 0.62048371352],
      [0.14884183071, 0.25947173453, 0.59168643476],
      [0.12507221435, 0.25176409055, 0.62316369511]
    ],
    [
      [0.28813033644, 0.15896192064, 0.55290774292],
      [0.35346498895, 0.19058729106, 0.45594771999],
      [0.096811297254, 0.31599330356, 0.58719539919],
      [0.11082409842, 0.26399085525, 0.62518504633],
      [0.15088619335, 0.1480183862, 0.70109542044],
      [0.15582510052, 0.15927623028, 0.6848986692]
    ],
    [
      [0.72001374142, 0.0041106743406, 0.27587558424],
      [0.1940871502, 0.27594778232, 0.52996506748],
      [0.14037572263, 0.36584006861, 0.49378420876],
      [0.10308008224, 0.22464019778, 0.67227971998],
      [0.13118553945, 0.1748359065, 0.69397855405],
      [0.12179132442, 0.11984182249, 0.75836685309]
    ],
    [
      [0.20174977564, 0.28489814312, 0.51335208124],
      [0.22512440577, 0.31909177474, 0.45578381949],
      [0.12563574337, 0.41227218886, 0.46209206777],
      [0.095535695194, 0.35055548281, 0.553908822],
      [0.099608908653, 0.23726335154, 0.66312773981],
      [0.0083048362367, 0.19934611728, 0.79234904648]
    ],
    [
      [0.40831902012, 0.096117768804, 0.49556321107],
      [0.16919954929, 0.31566438104, 0.51513606966],
      [0.25468864622, 0.33319161029, 0.41211974349],
      [0.055966941649, 0.1995483773, 0.74448468105],
      [0.17514307802, 0.20167033793, 0.62318658405],
      [0.1578898306, 0.15902855718, 0.68308161222]
    ],
    [
      [0.303897501, 0.19758814688, 0.49851435212],
      [0.32693155959, 0.2120124679, 0.46105597251],
      [0.21181428209, 0.39749178707, 0.39069393084],
      [0.15245610267, 0.41948642447, 0.42805747285],
      [0.21306026129, 0.23071272739, 0.55622701132],
      [0.14277326214, 0.14287926745, 0.71434747041]
    ],
    [
      [0.34092143308, 0.11526702849, 0.54381153843],
      [0.24599943969, 0.13811213187, 0.61588842844],
      [0.16777251223, 0.33237523905, 0.49985224872],
      [0.10336512042, 0.30231944199, 0.59431543759],
      [0.16282421157, 0.17773739327, 0.65943839516],
      [0.16400780589, 0.17205810039, 0.66393409372]
    ],
    [
      [0.28902856322, 0.15039324462, 0.56057819216],
      [0.14442825877, 0.2133216043, 0.64225013694],
      [0.0044636103313, 0.33837439375, 0.65716199592],
      [0.0046807952442, 0.2821889485, 0.71313025626],
      [0.10530588699, 0.19595598757, 0.69873812544],
      [0.09981275347, 0.19816405214, 0.70202319439]
    ],
    [
      [0.49875221661, 0.0090879752805, 0.49215980811],
      [0.31380877885, 0.19274062885, 0.4934505923],
      [0.063556963, 0.32040860109, 0.61603443591],
      [0.010160035557, 0.33532182295, 0.65451814149],
      [0.10533157218, 0.22297051667, 0.67169791116],
      [0.056345368705, 0.23295208834, 0.71070254295]
    ],
    [
      [0.33333538687, 0.22148471838, 0.44517989475],
      [0.12895108303, 0.37538636923, 0.49566254774],
      [0.12353370229, 0.37963314403, 0.49683315368],
      [0.0049550917167, 0.49419886848, 0.5008460398],
      [0.11033313746, 0.22063222958, 0.66903463296],
      [0.13262290747, 0.31692663586, 0.55045045667]
    ],
    [
      [0.3230572218, 0.25211265053, 0.42483012767],
      [0.19251605704, 0.45592392479, 0.35156001817],
      [0.13562108333, 0.59956750508, 0.26481141159],
      [0.15732813455, 0.42000274177, 0.42266912368],
      [0.07818743851, 0.16963082156, 0.75218173993],
      [0.059716916005, 0.37830045323, 0.56198263077]
    ],
    [
      [0.27127786934, 0.17511645528, 0.55360567539],
      [0.18267391994, 0.3254832585, 0.49184282156],
      [0.059366307649, 0.49998079577, 0.44065289658],
      [0.093791682112, 0.34376427531, 0.56244404257],
      [0.0091475026715, 0.30879866848, 0.68205382885],
      [0.094476876696, 0.28949268198, 0.61603044133]
    ],
    [
      [0.30410494267, 0.25930166555, 0.43659339178],
      [0.084144066747, 0.43547943986, 0.48037649339],
      [0.042503310334, 0.49197875972, 0.46551792995],
      [0.00355173059, 0.29843761665, 0.69801065276],
      [0.084331650138, 0.27665494166, 0.6390134082],
      [0.095475733017, 0.3252936044, 0.57923066258]
    ],
    [
      [0.32968508393, 0.28537635435, 0.38493856173],
      [0.18695765517, 0.46758203697, 0.34546030786],
      [0.22927572742, 0.46072467176, 0.30999960082],
      [0.1537715222, 0.35552111485, 0.49070736295],
      [0.050641208421, 0.53392272103, 0.41543607055],
      [0.15914261935, 0.28818831671, 0.55266906394]
    ],
    [
      [0.16020563416, 0.3086787443, 0.53111562153],
      [0.18506670177, 0.29585732587, 0.51907597235],
      [0.09434757766, 0.41720516011, 0.48844726223],
      [0.002017837889, 0.40744434138, 0.59053782073],
      [0.096817524496, 0.28251366776, 0.62066880774],
      [0.1011391255, 0.32415198104, 0.57470889346]
    ],
    [
      [0.33907138962, 0.17085200116, 0.49007660922],
      [0.16910319957, 0.34024062854, 0.49065617189],
      [0.0897316723, 0.36975261125, 0.54051571645],
      [0.010833270718, 0.48921443658, 0.49995229271],
      [0.078950205182, 0.23033617353, 0.69071362129],
      [0.10125089272, 0.29200876936, 0.60674033792]
    ],
    [
      [0.21996782538, 0.28199280672, 0.49803936789],
      [0.25060729457, 0.26488766462, 0.48450504081],
      [0.18055250618, 0.32519744866, 0.49425004516],
      [0.021850562079, 0.46411638904, 0.51403304888],
      [0.0084581263192, 0.28409285542, 0.70744901826],
      [0.13219708595, 0.28873979334, 0.57906312071]
    ]
  ],
  "expected_outcome": [
    [
      [37.8147742039, 40.1927359483, 45.9115931539, 37.6474781875, 45.3928937575, 38.3820510523, 34.9421481168, 37.4676743521, 23.3844464154, 4.2023710911, 1.8718648244, 4.7478850706, 3.04183394, 4.5221025027, 2.9873532411, 6.0565736987, 3.0045831136, 3.2482440004, 1.5492249725, 3.9687329384, 1.5791033815, 4.3731256961, 2.1051701268, 2.6320328501, 1.965364366, 4.9769740475, 2.1848420293, 1.2704822334, 2.3928697633, 2.239110602, 2.9453458637, 2.0204252344, 1.8925186909, 2.4850306643, 3.7456943738, 0.72001374142, 1.0087488782, 3.266552161, 3.03897501, 3.0682928977, 2.0231999425, 1.9950088664, 3.0000184818, 2.5844577744, 2.441500824, 2.1287345987, 5.2749613428, 2.0826732441, 2.0344283377, 2.1996782538],
      [7.4328750373, 3.9155316069, 7.7314331261, 8.1264890696, 6.5284961072, 7.3829168094, 3.807910959, 6.531791732, 6.0939399519, 4.7962302554, 1.9857290387, 3.2441086403, 2.9705257396, 3.6819775995, 2.0043213035, 4.0640874041, 2.9701926988, 3.8812918878, 2.3408968619, 3.2241721025, 2.815782676, 3.2925048317, 3.6285694239, 2.2530395774, 2.0405858071, 1.7350699613, 1.0019059922, 1.9899008893, 0.99866666154, 2.2083859879, 1.9074765435, 0.9817197237, 0.27761350666, 1.8318533588, 2.0665049683, 0.0041106743406, 1.4244907156, 0.76894215043, 1.9758814688, 1.0374032564, 1.0527527124, 0.036351901122, 1.9933624654, 2.0169012042, 1.5760480975, 1.8151116588, 4.5660216695, 4.0128236759, 1.025112007, 2.8199280672],
      [11.7523507587, 11.8917324448, 13.3569737199, 12.2260327429, 12.0786101354, 14.2350321382, 18.2499409241, 16.0005339159, 1.5216136327, 2.0013986535, 0.14240613688, 1.0080062892, 0.98764032034, 2.7959198978, 1.0083254554, 1.8793388972, 1.0252241877, 2.8704641118, 2.1098781656, 1.807094959, 1.6051139425, 2.3343694722, 2.2662604493, 3.1149275725, 1.9940498269, 4.2879559913, 2.8132519785, 2.7396168773, 1.6084635751, 3.5525034102, 3.1471775928, 0.99785504195, 0.82986780247, 3.6831159769, 7.1878006579, 0.27587558424, 2.5667604062, 3.9645056886, 4.9851435212, 4.8943038459, 3.9240473451, 1.9686392325, 4.0066190528, 3.3986410214, 4.9824510785, 3.0561537425, 6.1590169876, 6.9045030799, 2.9404596553, 4.9803936789]
    ],
    [
      [5.3937806854, 1.4956019554, 0.35147622315, 2.7855177466, 2.4853308163, 2.1052332543, 3.079430595, 3.1300609888, 15.5703280937, 15.0544860443, 14.4840484345, 22.7243262781, 17.0411938273, 13.8956542618, 16.0505554148, 20.4852384224, 12.0322765426, 2.9428237063, 1.7251834388, 2.9145405176, 0.88151887714, 1.177706074, 1.3509991008, 1.3491017753, 1.7778921701, 2.7516034285, 2.949655282, 1.8441116767, 1.9949976573, 1.2205900335, 1.9814797508, 1.0874558913, 1.116600109, 2.5234186266, 1.7673249448, 1.7467843518, 1.8009952462, 2.0303945915, 4.9039733939, 1.9679955175, 2.0219956228, 1.8828526731, 1.0316086642, 1.1550963422, 1.6440652795, 1.009728801, 2.0565342068, 2.0357337195, 1.0146191974, 2.0048583566],
      [4.9930038921, 3.5522683074, 1.0049128558, 2.6983186993, 4.1135978888, 1.1730636372, 2.7981214508, 2.7203221482, 17.3039397703, 27.0746586908, 34.1670276022, 25.5932196979, 26.0119345996, 23.3502800054, 23.0059965301, 28.1177257539, 20.0019172881, 5.1507338087, 4.4523923548, 3.9815187236, 2.7961976828, 4.5521970628, 4.9189171707, 1.8385481218, 2.3033968239, 2.509240103, 2.5008953282, 2.4603130748, 3.5405725236, 1.2645537331, 3.3470558787, 5.1158235404, 3.3180322304, 1.8061268067, 0.95293645531, 2.4835300409, 2.5527341979, 3.7879725725, 3.1801870185, 1.1048970549, 2.9865024601, 1.1564437731, 3.0030909538, 2.7355435487, 2.9293493265, 5.2257532783, 5.1434024067, 3.2544305846, 2.0414437713, 2.119101317],
      [2.6132154225, 1.9521297372, 1.643610921, 2.5161635541, 2.4010712948, 3.7217031085, 1.1224479542, 3.1496168629, 10.125732136, 11.8708552648, 14.3489239633, 9.682454024, 13.9468715731, 15.7540657328, 12.9434480551, 11.3970358237, 9.9658061694, 2.9064424851, 1.8224242064, 2.1039407588, 1.3222834401, 2.2700968632, 1.7300837285, 0.81235010286, 1.9187110059, 4.7391564686, 5.5494493898, 3.6955752485, 5.4644298191, 2.5148562334, 3.6714643705, 4.7967205683, 5.5653676606, 2.6704545667, 2.2797385999, 4.7696856073, 3.6462705559, 6.181632836, 6.9158395876, 4.9271074275, 8.9915019171, 2.9607035538, 3.9653003819, 2.109360109, 4.4265853941, 5.7645179207, 3.8000633865, 5.7098356959, 2.9439370313, 3.8760403265]
    ],
    [
      [0.70403139984, 4.3207901901, 4.2021677391, 1.9611771697, 2.0601357957, 0.050706291042, 1.6332017556, 1.5755237481, 2.6840804308, 3.7973849158, 1.0023264908, 5.4405782088, 2.99436199, 1.836208803, 1.9983262467, 1.8389739023, 5.8927402886, 9.8690887355, 5.8824322862, 10.7462232132, 4.0660639227, 12.7753756631, 9.3119747478, 8.4746521984, 8.0068082127, 2.3075453491, 1.2239334283, 0.039395317389, 1.0484686489, 0.78132428531, 0.8932269073, 2.1364108933, 0.070579665519, 0.039001215431, 1.0649242698, 1.2633815037, 1.005085947, 1.5281318773, 1.0590714105, 1.0066350734, 0.026781661988, 1.016911408, 0.98826961831, 0.9493475833, 0.2374652306, 0.085006620668, 2.0634815468, 0.9434757766, 0.9870483953, 1.8055250618],
      [2.2382296632, 3.1120938716, 5.0263666399, 2.7855137222, 3.2452729224, 2.0153551479, 3.9138719702, 0.6698180346, 5.8981527277, 9.1349763177, 2.9975117892, 7.317871952, 5.0546616603, 4.9948782804, 4.9962867751, 2.0692400662, 14.0805067529, 25.3652673918, 33.3547047258, 29.0670898462, 43.3187454411, 37.9093547744, 32.9833748668, 29.406499735, 28.9402856721, 2.2817537585, 3.0109393136, 3.1089669201, 2.0417645862, 2.2673796098, 2.4549353739, 7.2803413412, 2.9576843978, 3.17353412, 3.4759263391, 3.2925606175, 3.2981775109, 1.9991496617, 1.9874589354, 1.9942514343, 2.0302463625, 5.1265376174, 3.0370651523, 4.1969725356, 1.9999231831, 0.98395751944, 4.1465220459, 4.1720516011, 4.0672787237, 3.2519744866],
      [3.057738937, 2.5671159382, 3.7714656209, 3.2533091081, 1.694591282, 2.9339385611, 2.4529262742, 0.75465821731, 0.41776684149, 3.0676387665, 1.0001617201, 3.2415498392, 1.9509763497, 3.1689129166, 2.0053869782, 1.0917860316, 6.0267529585, 15.7656438727, 16.762862988, 13.1866869406, 20.6151906362, 16.3152695625, 17.7046503854, 21.1188480666, 20.0529061153, 3.4107008924, 5.7651272581, 2.8516377625, 1.909766765, 3.9512961049, 1.6518377188, 5.5832477655, 2.9717359366, 2.7874646645, 6.4591493911, 4.4440578788, 3.6967365421, 2.472718461, 1.9534696542, 2.9991134923, 3.9429719755, 9.8565509746, 3.9746652294, 1.8536798811, 1.7626115863, 0.93103585989, 2.7899964073, 4.8844726223, 5.945672881, 4.9425004516]
    ],
    [
      [2.1644183971, 0.9685512608, 0.097499954491, 0.48024790989, 1.1964448345, 1.4804146695, 2.349906484, 1.1591188694, 2.6972881816, 1.8833050762, 0.86668200374, 0.058750353453, 1.9640250772, 2.0907119257, 3.98399104, 1.8687197312, 2.0709857868, 0.97861165931, 1.2799801501, 2.1368279519, 0.51117051897, 0.41367912133, 1.3442209599, 1.3213196641, 1.2123307158, 9.5656454729, 6.6083547969, 4.6532155404, 9.6256193573, 7.2549795873, 7.8859090026, 6.7920174728, 4.7753070485, 3.8494567198, 0.88659278735, 1.0308008224, 1.0508926471, 0.27983470825, 1.0671927187, 1.0336512042, 0.03276556671, 0.091440320014, 0.0297305503, 2.3599220182, 1.3130835496, 0.02486211413, 1.0764006554, 0.014124865223, 0.064999624306, 0.13110337247],
      [2.9249762606, 3.2277064855, 1.3280128761, 3.609349011, 1.6330371908, 6.5633725069, 1.6958841555, 2.0949643642, 3.878367891, 4.0583776771, 6.1121476549, 0.62666095158, 2.9566500571, 3.7896636128, 7.9905549116, 3.1736297337, 4.9503189645, 2.8343198538, 4.5582783526, 6.8185925719, 4.0172942245, 0.74737465527, 5.3229838805, 3.4274923046, 5.7999658589, 15.1614475738, 12.8073286987, 22.5530280632, 17.8054636724, 17.9619530299, 17.1693556124, 19.9790613304, 19.4915068004, 7.5360318745, 2.111926842, 2.2464019778, 3.8561103109, 0.99774188652, 2.9364049713, 3.0231944199, 1.9753226395, 3.0178964066, 2.9651932109, 6.3000411266, 4.8126998544, 2.0890633165, 2.488647804, 2.8521103897, 2.9352866195, 2.7846983342],
      [2.9106053423, 4.8037422537, 0.57448716936, 2.9104030791, 2.1705179747, 3.9562128235, 4.9542093605, 2.7459167663, 1.4243439274, 2.0583172467, 1.0211703413, 0.31458869497, 4.0793248657, 2.1196244616, 3.0254540484, 0.95765053502, 1.9786952487, 1.1870684868, 2.1617414973, 3.0445794762, 2.4715352565, 1.8389462234, 3.3327951596, 4.2511880314, 3.9877034253, 27.2729069533, 30.5843165043, 37.7937563964, 34.5689169703, 39.7830673828, 34.9447353851, 25.2289211968, 42.7331861511, 18.6145114057, 5.0014803707, 6.7227971998, 6.092997042, 3.7224234052, 2.99640231, 5.9431543759, 4.9919117938, 5.8906632734, 3.0050762388, 6.3400368552, 7.874216596, 4.8860745693, 3.4349515407, 4.1337647451, 2.9997137562, 3.0841982933]
    ],
    [
      [2.3118352346, 1.9983876003, 1.3185335908, 5.1896930552, 2.8321635256, 0.95473126232, 2.6024953376, 2.9386557235, 1.5990794596, 1.1274736528, 0.88714172088, 1.3274600495, 1.9960622464, 1.8041155236, 2.9753287171, 0.96486674591, 2.0006305774, 1.0406202803, 1.1914793123, 1.2787922688, 0.55160372122, 1.5376202787, 0.61929820193, 1.226743192, 0.96655185805, 1.0329769563, 1.0295881081, 0.035927819829, 0.92236701531, 1.2588789187, 1.283565341, 0.93444799572, 0.0030321692511, 6.1025150591, 8.6005130212, 8.2646889854, 6.0761434278, 10.1582985253, 11.931374632, 8.9553316365, 5.8971296713, 5.0559154645, 0.99299823718, 0.54731206957, 0.073180021372, 0.92764815152, 0.2532060421, 0.96817524496, 1.0263526674, 0.059206884235],
      [0.46174096177, 0.50387274603, 1.5312399919, 0.82106211751, 1.3620971888, 0.93022789415, 1.2458831971, 1.1976472563, 2.8308538339, 2.0015571387, 3.7468092133, 2.2247174697, 2.9781712831, 3.2517863956, 3.9954118449, 2.7894823246, 5.000268571, 2.9171480454, 6.8012793312, 2.5643096518, 3.7217507165, 1.9593291772, 2.0723356946, 2.1123443066, 4.3528740654, 1.47000735, 2.930322637, 2.7301619, 1.9754329788, 2.5310650234, 2.006461003, 2.8719195888, 1.7363921231, 10.6383411156, 8.4370480136, 11.0146621095, 14.4730644438, 11.6968795998, 12.9199127339, 9.7755566297, 10.9735353042, 10.7025848, 1.9856900662, 1.1874157509, 2.4703893479, 3.0432043583, 2.6696136051, 2.8251366776, 2.9943702559, 1.988649988],
      [5.2264238036, 1.4977396537, 5.1502264174, 4.9892448273, 2.8057392855, 6.1150408435, 4.1516214653, 3.8636970202, 2.5700667065, 1.8709692084, 4.3660490658, 1.4478224808, 2.0257664705, 3.9440980807, 4.029259438, 1.2456509294, 2.9991008517, 3.0422316743, 8.0072413565, 3.1568980794, 4.7266455623, 2.5030505442, 2.3083661035, 4.6609125014, 4.6805740765, 3.4970156937, 6.0400892549, 7.2339102802, 6.1022000059, 6.2100560579, 5.7099736561, 4.1936324155, 6.2605757076, 24.2591438253, 39.9624389652, 43.7206489051, 40.4507921284, 36.1448218749, 31.1487126342, 36.2691117338, 39.1293350245, 32.2414997355, 6.0213116966, 5.2652721795, 5.4564306308, 7.0291474902, 2.0771803528, 6.2066880774, 8.9792770768, 4.9521431278]
    ],
    [
      [2.6111600791, 3.0239330451, 1.1187293385, 1.9358859312, 2.0330312704, 1.0268634704, 3.392817711, 3.7289663181, 0.064777418841, 0.93497921976, 1.8879365257, 3.7010000395, 2.9625229191, 1.8512069832, 2.0044453403, 3.7856274994, 0.99878369111, 2.9206116183, 0.3716998401, 1.95488311, 0.4105395785, 0.7224931667, 1.2683368628, 0.99615032015, 1.0710526773, 2.3652547457, 1.0036263554, 0.15686741225, 1.0156775579, 0.24511657333, 1.0104731347, 1.0292425125, 0.14196231689, 1.0005777148, 0.93495060312, 0.97433059532, 0.058133853657, 1.7367881366, 0.99941283495, 1.9680936707, 0.9981275347, 0.95787126799, 7.9573744482, 3.4038642123, 5.290705095, 5.824019714, 8.2754162061, 4.9558171496, 5.8725517779, 7.7996280711],
      [1.949174185, 2.6885269825, 1.37803451, 1.9592673803, 2.117498702, 3.9350640044, 1.5383282673, 1.7854564646, 0.99474582518, 1.9341999203, 5.9907747017, 3.9934212885, 4.0280566603, 2.9314141063, 3.0074286348, 4.7858347175, 1.9967957248, 6.8512390125, 2.4924483737, 4.3443171041, 1.3302292591, 2.5392394987, 3.0738189635, 2.9620759546, 3.5628917726, 3.8424812535, 2.7486080303, 1.1576291526, 1.6380995774, 0.76666261591, 1.1147155886, 3.7711344755, 1.2187709415, 2.0141127244, 0.95565738169, 0.95873457993, 1.395422821, 1.749314129, 1.0001548722, 2.0646972047, 1.9816405214, 3.9601855018, 19.0155981514, 21.5631258339, 16.2115901907, 19.8429098686, 14.9857924688, 15.8834470711, 16.9365086227, 17.035647807],
      [3.4396657359, 8.2875399724, 4.5032361514, 4.1048466885, 3.8494700276, 3.0380725251, 6.0688540217, 8.4855772173, 0.94047675598, 3.13082086, 3.1212887726, 3.3055786719, 3.0094204206, 4.2173789105, 1.9881260249, 3.4285377831, 3.0044205841, 6.2281493692, 3.1358517862, 3.700799786, 3.2592311624, 2.7382673346, 4.6578441738, 8.0417737252, 5.3660555501, 6.7922640007, 9.2477656143, 3.6855034351, 5.3462228646, 3.9882208108, 6.8748112768, 5.199623012, 4.6392667416, 4.9853095609, 4.1093920152, 6.0669348247, 5.5464433254, 7.5138977344, 5.0004322929, 7.9672091246, 7.0202319439, 12.0819432302, 33.0270274004, 32.0330099538, 34.4977047143, 35.3330704174, 28.7387913251, 28.1607357793, 35.1909395993, 34.1647241219]
    ]
  ],
  "prob": [
    [0.54622601606, 0.17766834952, 0.27610563443],
    [0.27578722223, 0.41698842172, 0.30722435605],
    [0.16556999029, 0.50040087523, 0.33402913448],
    [0.12971747812, 0.35075122545, 0.51953129643],
    [0.15077197726, 0.24229010755, 0.60693791519],
    [0.13550233017, 0.29798186473, 0.5665158051]
  ],
  "iterations": 11,
  "time": 0.02391,
  "message": "Converged",
  "status": 0,
  "miniter": 0,
  "maxiter": 1000,
  "maxtime": 3600,
  "param_threshold": 0.001,
  "ll_threshold": "-Inf",
  "initial_prob": "group_proportional",
  "ballotbox_id": ["1", "2", "3", "4", "5", "6", "7", "8", "9", "10", "11", "12", "13", "14", "15", "16", "17", "18", "19", "20", "21", "22", "23", "24", "25", "26", "27", "28", "29", "30", "31", "32", "33", "34", "35", "36", "37", "38", "39", "40", "41", "42", "43", "44", "45", "46", "47", "48", "49", "50"],
  "candidates_id": ["1", "2", "3"],
  "group_id": ["1", "2", "3", "4", "5", "6"]
}
