{
  "Z_true": {},
  "V_true": [
    [136, 560, 441, 64, 64],
    [278, 5425, 629, 403, 133],
    [888, 351, 15606, 399, 378],
    [219, 496, 409, 88, 49],
    [614, 207, 695, 115, 192]
  ],
  "p_true": [
    [0.1075, 0.4427, 0.3486, 0.0506, 0.0506],
    [0.0405, 0.7899, 0.0916, 0.0587, 0.0194],
    [0.0504, 0.0199, 0.8856, 0.0226, 0.0215],
    [0.1737, 0.3933, 0.3243, 0.0698, 0.0389],
    [0.3368, 0.1135, 0.3812, 0.0631, 0.1053]
  ],
  "Z_est": {},
  "V_est": [
    [0, 150.5928, 510.237, 397.5662, 206.604],
    [0, 6406.5025, 0, 461.4975, 0],
    [902.3483, 0, 16212.1713, 0, 507.4804],
    [0, 481.9047, 656.3701, 122.7252, 0],
    [1232.6517, 0, 401.2216, 87.2111, 101.9156]
  ],
  "p_est": [
    [0, 0.119, 0.4033, 0.3143, 0.1633],
    [0, 0.9328, 0, 0.0672, 0],
    [0.0512, 0, 0.92, 0, 0.0288],
    [0, 0.3822, 0.5205, 0.0973, 0],
    [0.6762, 0, 0.2201, 0.0478, 0.0559]
  ],
  "EI_Z": {},
  "EI_V": 11.2215,
  "MAE_Z": {},
  "MAE_V": 258.8923,
  "MAE_p": 0.0951,
  "runtime": 0.0191
}
