{
  "X": [
    [18, 56, 151, 419, 18],
    [31, 4, 31, 57, 1],
    [18, 1, 23, 45, 3],
    [1, 1, 2, 24, 2],
    [36, 28, 184, 617, 15],
    [6, 13, 60, 267, 17],
    [2, 2, 6, 15, 0],
    [10, 9, 41, 213, 1],
    [177, 278, 993, 3166, 132],
    [188, 222, 605, 2404, 55],
    [7, 13, 30, 138, 2],
    [2, 1, 9, 21, 2],
    [0, 0, 6, 25, 0],
    [73, 82, 329, 1161, 44],
    [118, 199, 745, 1573, 67],
    [8, 7, 40, 77, 4],
    [1, 2, 5, 19, 1],
    [1, 1, 4, 15, 0],
    [3, 4, 9, 16, 1],
    [11, 2, 15, 45, 4],
    [3, 13, 12, 115, 4],
    [2, 0, 8, 15, 0],
    [37, 60, 207, 742, 37],
    [62, 49, 140, 659, 19],
    [54, 42, 133, 595, 22],
    [44, 38, 144, 403, 11],
    [33, 40, 74, 431, 15],
    [0, 0, 8, 22, 0],
    [3, 0, 8, 18, 1],
    [1, 3, 2, 14, 0],
    [35, 25, 97, 245, 11],
    [28, 30, 91, 365, 7],
    [48, 36, 136, 418, 14],
    [72, 60, 265, 720, 23],
    [6, 3, 19, 40, 0],
    [32, 37, 84, 473, 15],
    [1, 1, 1, 27, 0],
    [22, 20, 111, 140, 13],
    [21, 26, 135, 189, 8],
    [43, 64, 230, 428, 32],
    [76, 90, 286, 973, 47],
    [84, 63, 268, 695, 21],
    [56, 61, 232, 453, 18],
    [38, 47, 267, 523, 28],
    [14, 23, 63, 113, 5],
    [55, 47, 148, 690, 31],
    [4, 2, 21, 17, 0],
    [4, 5, 8, 21, 1],
    [98, 34, 244, 485, 23],
    [182, 88, 625, 1371, 97],
    [149, 107, 422, 946, 53]
  ],
  "W": [
    [12, 160, 416, 58, 16],
    [25, 40, 49, 3, 7],
    [13, 28, 40, 2, 7],
    [0, 4, 24, 0, 2],
    [20, 203, 600, 30, 27],
    [5, 73, 259, 16, 10],
    [2, 6, 16, 1, 0],
    [4, 40, 208, 14, 8],
    [143, 1058, 3093, 334, 118],
    [160, 668, 2289, 251, 106],
    [2, 35, 132, 13, 8],
    [0, 12, 20, 2, 1],
    [0, 6, 24, 0, 1],
    [46, 378, 1102, 110, 53],
    [88, 790, 1536, 220, 68],
    [5, 42, 75, 8, 6],
    [0, 4, 23, 1, 0],
    [2, 4, 12, 2, 1],
    [1, 12, 15, 3, 2],
    [4, 20, 45, 3, 5],
    [4, 13, 105, 12, 13],
    [2, 6, 15, 1, 1],
    [27, 234, 741, 59, 22],
    [24, 164, 624, 70, 47],
    [35, 160, 584, 45, 22],
    [20, 163, 396, 41, 20],
    [15, 93, 422, 46, 17],
    [0, 7, 23, 0, 0],
    [0, 10, 20, 0, 0],
    [1, 2, 14, 3, 0],
    [19, 115, 241, 21, 17],
    [25, 98, 335, 42, 21],
    [26, 168, 397, 39, 22],
    [47, 275, 687, 80, 51],
    [2, 24, 34, 5, 3],
    [32, 88, 461, 44, 16],
    [1, 1, 27, 1, 0],
    [10, 126, 136, 25, 9],
    [15, 144, 176, 30, 14],
    [31, 244, 400, 89, 33],
    [40, 329, 964, 97, 42],
    [41, 311, 663, 75, 41],
    [34, 258, 439, 67, 22],
    [25, 287, 493, 65, 33],
    [8, 72, 109, 20, 9],
    [28, 174, 667, 53, 49],
    [5, 18, 17, 2, 2],
    [3, 9, 22, 4, 1],
    [80, 269, 470, 33, 32],
    [112, 722, 1355, 91, 83],
    [78, 510, 919, 106, 64]
  ],
  "method": "mult",
  "cond_prob": [
    [
      [0.67389576151, 0.013425550103, 0.16648460043, 0.14557860924, 0.00061547870798],
      [0.033404273272, 0.017029257829, 0.84612925429, 0.041626838068, 0.061810376546],
      [0.00065980974084, 0.016517928249, 0.024208330699, 0.94106746843, 0.017546462884],
      [0, 0.79489031752, 0.047692509259, 0.15637451622, 0.0010426570059],
      [0.26838039288, 0.0086947236493, 0.04904206259, 0.62743586199, 0.04644695889]
    ],
    [
      [0.79887302673, 0.011711372019, 0.061470467241, 0.12789845442, 4.6679596479e-05],
      [0.17127490336, 0.01115765478, 0.72869922217, 0.071678211366, 0.017190008327],
      [0.00776851397, 0.011145857007, 0.00016422199467, 0.97567017995, 0.005251227073],
      [0.0012604161758, 0.89420948469, 0.019997761269, 0.084155728581, 0.00037660927934],
      [0.54181996633, 0.0045905801248, 0.035318467247, 0.41072916878, 0.0075418175125]
    ],
    [
      [0.79760885472, 0.00020563097309, 0.077091264539, 0.12468894872, 0.00040530104742],
      [0.12041813392, 0.00026976739748, 0.76075537444, 0.051840030348, 0.066716693895],
      [0.015163698218, 0.00062637846117, 0.0052088124419, 0.95669289742, 0.022308213463],
      [0.052293141238, 0.48172647514, 0.10773424513, 0.3550457593, 0.0032003791955],
      [0.50689184681, 0.00018074592833, 0.038977441244, 0.42138791453, 0.032562051484]
    ],
    [
      ["NaN", "NaN", "NaN", "NaN", "NaN"],
      [0.063852270277, 0.11875357702, 0.48527129394, 0.082615757315, 0.24950710145],
      [0.00061935468729, 0.020313073585, 0.0014779525433, 0.94284648268, 0.034743136506],
      ["NaN", "NaN", "NaN", "NaN", "NaN"],
      [0.3648632032, 0.01873596295, 0.011721981597, 0.52061069322, 0.084068159033]
    ],
    [
      [0.74554727693, 0.0060844370361, 0.12339383679, 0.12466443579, 0.00031001345412],
      [0.055914981668, 0.0078228341281, 0.83260518566, 0.063206317028, 0.040450681513],
      [0.0013112094628, 0.0065977407095, 0.01607439566, 0.96590001785, 0.010116636314],
      [2.4216254718e-05, 0.74018601574, 0.05937816665, 0.19945057483, 0.00096102652289],
      [0.33151337102, 0.0046685567897, 0.040269932555, 0.59823336928, 0.025314770355]
    ],
    [
      [0.57640452891, 0.0094137756493, 0.16980235268, 0.24297683385, 0.0014025089131],
      [0.01795347959, 0.015665010679, 0.76471292344, 0.076490208412, 0.12517837788],
      [0.00032355024964, 0.0023675891939, 0.0080847854432, 0.96214873668, 0.027075338433],
      [0, 0.69668580812, 0.052978882528, 0.24773455942, 0.002600749931],
      [0.17235738307, 0.0049206811092, 0.038532327533, 0.70410548657, 0.080084121718]
    ],
    [
      [0.82312259699, 0.079950218294, 0.066350249833, 0.030576934888, 0],
      [0.054715878525, 0.030818069026, 0.89684918938, 0.017616863074, 0],
      [0.0015912209301, 0.042520381392, 0.029939601038, 0.92594879664, 0],
      [0, 0.97486504698, 0.0071707474776, 0.017964205546, 0],
      ["NaN", "NaN", "NaN", "NaN", "NaN"]
    ],
    [
      [0.8431648951, 0.0041421339098, 0.10588202056, 0.046733626843, 7.7323583724e-05],
      [0.077035319597, 0.0025496991364, 0.87783508703, 0.031228727511, 0.011351166723],
      [0.002771535993, 0.0017696426352, 0.02030902689, 0.97276886081, 0.0023809336685],
      [0.00023786813203, 0.60628072719, 0.068019790223, 0.32520937477, 0.00025223968708],
      [0.37076474941, 0.0031784562731, 0.035814222518, 0.58438276204, 0.005859809759]
    ],
    [
      [0.6813043647, 0.0086019500045, 0.14392519584, 0.16555067148, 0.0006178179785],
      [0.040822427486, 0.013062074598, 0.83485348719, 0.04428580269, 0.066976208032],
      [0.00076673644724, 0.0072982871366, 0.020879837405, 0.95317888668, 0.017876252327],
      [5.5557778668e-05, 0.71758483908, 0.057750507959, 0.22322026183, 0.0013888333536],
      [0.2880786054, 0.0059602360836, 0.044692379594, 0.61638992177, 0.044878857148]
    ],
    [
      [0.7018909267, 0.008333866159, 0.1089736854, 0.18050813, 0.00029339173025],
      [0.058569507265, 0.014960983628, 0.81962712295, 0.062891427222, 0.043950958933],
      [0.00093943894007, 0.009950651464, 0.010613642007, 0.96851846881, 0.0099777987781],
      [2.3464987791e-05, 0.74593274618, 0.047020565618, 0.20630109972, 0.00072212350088],
      [0.32468637197, 0.006287583589, 0.037325506402, 0.60742334602, 0.024277192023]
    ],
    [
      [0.81435652485, 0.0092534575752, 0.096027628501, 0.080173720832, 0.00018866823889],
      [0.067989539474, 0.014128481182, 0.80751132241, 0.080126516401, 0.030244140528],
      [0.0013684863654, 0.014234925002, 0.0061528869596, 0.97211630608, 0.0061273955895],
      [0, 0.81172561884, 0.036749588162, 0.15112551806, 0.00039927493454],
      [0.35137660856, 0.0069441372875, 0.031890341715, 0.59390504331, 0.015883869133]
    ],
    [
      ["Inf", "NaN", "NaN", "NaN", "NaN"],
      [0.09820953647, 0.00039856259694, 0.71611723081, 0.07831679399, 0.10695787613],
      [0.0020088800284, 0.00061501763538, 0.008230591298, 0.95667800488, 0.032467506162],
      [0.057267255096, 0.49117680403, 0.11540687789, 0.33226056545, 0.003888497537],
      [0.6667734516, 0.00056328806215, 0.011167648534, 0.26211724369, 0.059378368114]
    ],
    [
      ["NaN", "NaN", "NaN", "NaN", "NaN"],
      [0, 0, 0.94481867031, 0.055181329686, 0],
      [0, 0, 0.011426083491, 0.98857391651, 0],
      ["NaN", "NaN", "NaN", "NaN", "NaN"],
      [0, 0, 0.056861974336, 0.94313802566, 0]
    ],
    [
      [0.73057776209, 0.0062534640376, 0.11699505179, 0.14569144665, 0.00048227543268],
      [0.056505748972, 0.0075005533168, 0.79996570455, 0.071202086997, 0.064825906168],
      [0.0008701989615, 0.0045800191891, 0.011618922682, 0.96726951294, 0.015661346232],
      [0.00012954776589, 0.66898479507, 0.058581617347, 0.27090649902, 0.0013975407922],
      [0.32190642118, 0.0045589225685, 0.03741812444, 0.5972280457, 0.038888486111]
    ],
    [
      [0.69753026255, 0.0097086801835, 0.15332620783, 0.13894971477, 0.00048513467328],
      [0.041843448656, 0.012953113405, 0.85017089784, 0.045368786538, 0.049663753562],
      [0.0010007810705, 0.013044931821, 0.028294359389, 0.94145954552, 0.016200382199],
      [4.803434436e-05, 0.76081972091, 0.058560375098, 0.17952716013, 0.0010447095251],
      [0.32372419379, 0.0072841570086, 0.051895086401, 0.57872421455, 0.038372348253]
    ],
    [
      [0.7370156995, 0.0060056055125, 0.13632982253, 0.12013715369, 0.00051171876496],
      [0.048534484516, 0.0071866093126, 0.85395639702, 0.035700187342, 0.054622321811],
      [0.0013312492129, 0.00835684667, 0.034788157481, 0.93624785728, 0.019275889359],
      [0, 0.75120449914, 0.064870523339, 0.18255022703, 0.001374750485],
      [0.36277157697, 0.0052891479876, 0.05401770246, 0.53681920852, 0.041102364059]
    ],
    [
      ["NaN", "NaN", "NaN", "NaN", "NaN"],
      [0.17520717398, 0.011555823049, 0.71897464886, 0.0072978849466, 0.086964469168],
      [0.012996436483, 0.042730739283, 0.0918908396, 0.82404006917, 0.028341915468],
      [0.0002532649962, 0.97096970429, 0.010612093765, 0.01788686939, 0.00027806755774],
      ["NaN", "NaN", "NaN", "NaN", "NaN"]
    ],
    [
      [0.41085403715, 0.0013208968698, 0.1288535177, 0.45897154828, 0],
      [0.0069542304901, 0.00059947875969, 0.89193312239, 0.10051316836, 0],
      [0, 0.00039768621592, 0.0018135771909, 0.99778873659, 0],
      [0.0004624020842, 0.49439025074, 0.054794645602, 0.45035270157, 0],
      [0.14955019957, 0.0014075551487, 0.043208257542, 0.80583398774, 0]
    ],
    [
      [0.89711368289, 0.04858881448, 0.025930023275, 0.028357775435, 9.7039210283e-06],
      [0.08763374908, 0.050201401627, 0.73292917698, 0.073361238986, 0.055874433327],
      [0.0015487999978, 0.035560053876, 0.0054784358723, 0.93983424808, 0.017578462169],
      [0.00053473290429, 0.9311083208, 0.012701297483, 0.055541307913, 0.00011434090131],
      [0.51322256474, 0.011134297724, 0.029319711224, 0.41358485586, 0.032738570457]
    ],
    [
      [0.9429663101, 0.00052067973705, 0.028804525851, 0.027631747735, 7.673657538e-05],
      [0.14844073288, 0.00082982999198, 0.70072100024, 0.036486583233, 0.11352185366],
      [0.027455194289, 0.0014179968865, 0.012668829205, 0.92579180147, 0.032666178147],
      [0.019799982893, 0.63843370539, 0.064856309979, 0.27347230529, 0.0034376964423],
      [0.59288728207, 0.00044194102843, 0.021139129541, 0.33573867245, 0.049792974918]
    ],
    [
      [0.461570141, 0.022616158001, 0.1430635606, 0.37171807267, 0.0010320677261],
      [0.014502719149, 0.031835882976, 0.80034630135, 0.036934966145, 0.11638013038],
      [0.0002012542862, 0.013216528367, 0.0029861820404, 0.96671242073, 0.016883614572],
      [0, 0.85869704072, 0.025914741481, 0.11447612913, 0.00091208867643],
      [0.072619414386, 0.061812994012, 0.030670602159, 0.7811119556, 0.053785033843]
    ],
    [
      [0.73820509683, 0, 0.22543977232, 0.036355130852, 0],
      [0.023347093375, 0, 0.96991853104, 0.0067343755871, 0],
      [0.0014585826719, 0, 0.088808329567, 0.90973308776, 0],
      [0.00016263147116, 0, 0.31539996671, 0.68443740182, 0],
      [0.36146587455, 0, 0.082084358921, 0.55644976653, 0]
    ],
    [
      [0.71281393384, 0.0099977407023, 0.13180634637, 0.14468336359, 0.00069861549466],
      [0.045928275566, 0.013990269094, 0.80133691694, 0.053474324509, 0.085270213892],
      [0.00075150246361, 0.011983278541, 0.01671557903, 0.94929457198, 0.02125506799],
      [0, 0.8038529357, 0.045125348176, 0.14957098988, 0.0014507262467],
      [0.29317927174, 0.0067911558364, 0.039988658227, 0.60584504595, 0.054195868245]
    ],
    [
      [0.84180566269, 0.0043373680193, 0.075005509738, 0.078589950516, 0.00026150903571],
      [0.10022265862, 0.0075259702558, 0.77935701246, 0.053749497974, 0.059144860695],
      [0.0079394144823, 0.0030247692432, 0.0086447236705, 0.96769919206, 0.012691900549],
      [0.0011333135208, 0.65149762775, 0.052479463659, 0.29376393472, 0.0011256603529],
      [0.43248130849, 0.0036032786303, 0.02803080205, 0.50832238823, 0.027562222596]
    ],
    [
      [0.80265805695, 0.0061216171617, 0.08148177302, 0.10937984333, 0.0003587095389],
      [0.087051878573, 0.010760832131, 0.76569373324, 0.062850258038, 0.073643298019],
      [0.0055305231312, 0.0094865990814, 0.008541029299, 0.96042595139, 0.016015897103],
      [0.00027710799826, 0.76467829796, 0.044277873129, 0.18951539701, 0.0012513239026],
      [0.39710782121, 0.0051505902975, 0.029848873845, 0.53175980559, 0.036132909063]
    ],
    [
      [0.85573007972, 0.0057481239754, 0.086877480451, 0.051452264772, 0.00019205108388],
      [0.086854172241, 0.010463420081, 0.81095382621, 0.053198343336, 0.038530238132],
      [0.0086427106825, 0.011529596674, 0.018474294507, 0.95064992098, 0.010703477155],
      [0.00060211389484, 0.76846878922, 0.050860382131, 0.1793272011, 0.0007415136508],
      [0.46404841152, 0.0053279703123, 0.033794021335, 0.47449203934, 0.02233755749]
    ],
    [
      [0.87191016612, 0.006468778468, 0.068061232039, 0.053251718848, 0.00030810452286],
      [0.10502448959, 0.012482496241, 0.73868020772, 0.061055110558, 0.082757695894],
      [0.0068358308566, 0.010155455326, 0.0050598898902, 0.96222064262, 0.015728181304],
      [0.00057450062513, 0.74711171421, 0.037544257976, 0.2136334088, 0.0011361183882],
      [0.42605425446, 0.0052561865464, 0.024677223604, 0.50816770258, 0.035844632811]
    ],
    [
      ["NaN", "NaN", "NaN", "NaN", "NaN"],
      [0, 0, 0.98039199884, 0.019608001162, 0],
      [0, 0, 0.049445913397, 0.9505540866, 0],
      ["NaN", "NaN", "NaN", "NaN", "NaN"],
      ["NaN", "NaN", "NaN", "NaN", "NaN"]
    ],
    [
      ["NaN", "NaN", "NaN", "NaN", "Inf"],
      [0.25787657362, 0, 0.67626353225, 0.0084107584461, 0.057449135689],
      [0.021061713192, 0, 0.061868233875, 0.89579462078, 0.021275432156],
      ["NaN", "NaN", "NaN", "NaN", "NaN"],
      ["NaN", "NaN", "NaN", "NaN", "NaN"]
    ],
    [
      [0.92849950325, 0.0072539665124, 0.032839654935, 0.031406875302, 0],
      [0.033037586207, 0.031529074523, 0.90590400959, 0.029529329677, 0],
      [0.00038752316678, 0.023121221405, 0.006439771114, 0.97005148431, 0],
      [0, 0.86866359492, 0.021731843428, 0.10960456165, 0],
      ["NaN", "NaN", "NaN", "NaN", "NaN"]
    ],
    [
      [0.8116546676, 0.0093819469752, 0.094877857334, 0.083794775367, 0.00029075272776],
      [0.085108249835, 0.014689454862, 0.7835206909, 0.060329134956, 0.056352469451],
      [0.0087046177893, 0.018259890702, 0.01636022341, 0.94031199143, 0.016363276668],
      [0.00050202382937, 0.88633632121, 0.02571330707, 0.086599846999, 0.00084850088814],
      [0.45192689394, 0.0069858408005, 0.035861645131, 0.47272129568, 0.032504324446]
    ],
    [
      [0.67249026652, 0.0064222474179, 0.11425772611, 0.20656598016, 0.0002637797966],
      [0.046677348762, 0.010686185567, 0.84069439777, 0.064322126877, 0.037619941024],
      [0.00079683195823, 0.0031695550858, 0.0077598482747, 0.97980091925, 0.008472845436],
      [0.00032129827511, 0.65785801353, 0.055978856578, 0.28513328625, 0.00070854536252],
      [0.30156809165, 0.004779052708, 0.038325938934, 0.63444648059, 0.020880436114]
    ],
    [
      [0.81540225719, 0.005834147507, 0.082446908295, 0.096081852685, 0.00023483432335],
      [0.087040534526, 0.010750299075, 0.76668826935, 0.085410996444, 0.050109900607],
      [0.0066786013618, 0.010373599413, 0.0064885031519, 0.96400194917, 0.012457346899],
      [0.00043347506289, 0.76433810159, 0.045814750002, 0.18851672768, 0.00089694566183],
      [0.43220096566, 0.0052162268787, 0.031365460567, 0.50417719207, 0.027040154824]
    ],
    [
      [0.73327680144, 0.0054840993271, 0.12081168722, 0.14007253069, 0.00035488131664],
      [0.060973221169, 0.0065208698861, 0.85145219608, 0.036085177658, 0.044968535204],
      [0.0029073164223, 0.005416451842, 0.025179850901, 0.95330458799, 0.013191792841],
      [0.00046586249428, 0.67492584634, 0.069584223848, 0.2539313737, 0.0010926936187],
      [0.36732861037, 0.0045850586295, 0.045239241191, 0.5540863795, 0.028760710306]
    ],
    [
      [0.90525779568, 0.0017858738619, 0.055046104598, 0.037910225859, 0],
      [0.10050676666, 0.0013709058135, 0.76782265933, 0.1302996682, 0],
      [0.0012953336403, 0.0018990117719, 0.0008802854366, 0.99592536915, 0],
      [0.033530575892, 0.57866208499, 0.072839007096, 0.31496833202, 0],
      [0.52187592856, 0.00188322919, 0.022679742172, 0.45356110008, 0]
    ],
    [
      [0.69121670601, 0.0077624161655, 0.13087146465, 0.16962324283, 0.00052617035272],
      [0.053399209678, 0.02022516286, 0.81423504322, 0.033486565514, 0.078654018728],
      [0.00081933052012, 0.006498963891, 0.012048502798, 0.96462650526, 0.016006697532],
      [5.0227862364e-05, 0.72466555939, 0.046740443257, 0.22727328508, 0.0012704844051],
      [0.30012584752, 0.005655086502, 0.03428062717, 0.62077468726, 0.039163751543]
    ],
    [
      [0.93371098829, 0.012623957683, 0.017632490093, 0.036032563938, 0],
      [0.058881588625, 0.0089599982865, 0.90633949595, 0.02581891714, 0],
      [0.00027434900332, 0.0025648231466, 0.0023457080203, 0.99481511983, 0],
      [0, 0.90916581907, 0.012693897409, 0.07814028352, 0],
      ["NaN", "NaN", "NaN", "NaN", "NaN"]
    ],
    [
      [0.84238880816, 0.0047267926359, 0.10069014729, 0.051917343918, 0.00027690799024],
      [0.066128592847, 0.0062256406408, 0.82052120717, 0.039543570669, 0.067580988669],
      [0.0067413969894, 0.008957419737, 0.03067123434, 0.92456753221, 0.02906241672],
      [0.0012961200909, 0.71633560773, 0.084603576064, 0.19571083979, 0.0020538563239],
      [0.47718624743, 0.0046335639308, 0.035672127919, 0.42937569785, 0.053132362871]
    ],
    [
      [0.68895893853, 0.0081443887657, 0.16586215613, 0.13664620499, 0.00038831159218],
      [0.038854658789, 0.011113254266, 0.86519905974, 0.049525875123, 0.035307152078],
      [0.001147260255, 0.010433547299, 0.027880592879, 0.94657167185, 0.013966927713],
      [0.00015062726474, 0.74490403234, 0.071534693657, 0.18252372592, 0.0008869208133],
      [0.34743631669, 0.006721447094, 0.062169849901, 0.55330392025, 0.030368466069]
    ],
    [
      [0.69039269946, 0.007658363643, 0.15281267023, 0.1482446172, 0.00089164946291],
      [0.041909933983, 0.0073737315961, 0.83664431096, 0.037100770611, 0.07697125285],
      [0.0010399369794, 0.0050815904793, 0.030162902297, 0.9361531464, 0.027562423848],
      [0.00066949481801, 0.67127339022, 0.081732685563, 0.24407368838, 0.0022507410142],
      [0.33018916952, 0.0056797665483, 0.054006830755, 0.55054581857, 0.059578414601]
    ],
    [
      [0.80548296318, 0.0073593134525, 0.10050157518, 0.086214537542, 0.00044161064041],
      [0.071011801101, 0.010946980712, 0.78939120696, 0.05072670081, 0.077923310419],
      [0.0043093701766, 0.011744467795, 0.016768395419, 0.94715894316, 0.020018823445],
      [0.00022263541864, 0.76840769819, 0.047745126117, 0.18222198919, 0.0014025510835],
      [0.38671358154, 0.00587755068, 0.035100463955, 0.52679951835, 0.045508885483]
    ],
    [
      [0.82690628113, 0.005141589325, 0.089318211853, 0.078424193513, 0.00020972417611],
      [0.084248219289, 0.0087144973435, 0.80052151372, 0.066409099446, 0.040106670202],
      [0.0080410213756, 0.0084617302982, 0.01459380522, 0.95760208445, 0.011301358656],
      [0.00077525027952, 0.7236636256, 0.057145323136, 0.21756971301, 0.00084608797158],
      [0.45137330077, 0.0047338306366, 0.03449196223, 0.48593823589, 0.023462670468]
    ],
    [
      [0.79120983084, 0.0072067057516, 0.1106859872, 0.090608078837, 0.00028939736536],
      [0.067103556716, 0.011410328554, 0.82623451653, 0.052502694685, 0.042748903512],
      [0.0053573253852, 0.014250869509, 0.023589883197, 0.94255242297, 0.014249498936],
      [0.0005080368297, 0.76738963055, 0.056367034664, 0.17486327917, 0.00087201878356],
      [0.4272838094, 0.0063577398236, 0.0425282329, 0.49442166823, 0.02940854964]
    ],
    [
      [0.67866158533, 0.0065335982816, 0.16345487836, 0.15072589401, 0.00062404402412],
      [0.036674954377, 0.0071283194705, 0.84537007274, 0.05272546702, 0.058101186394],
      [0.00089914466074, 0.0034859115072, 0.02684791171, 0.94916916838, 0.01959786374],
      [0.00021743971902, 0.66020882028, 0.081432275156, 0.25647208811, 0.0016693767331],
      [0.30455565336, 0.0048092322272, 0.053433297175, 0.59056235988, 0.046639457358]
    ],
    [
      [0.75428028971, 0.012577854742, 0.11955525153, 0.1132654486, 0.00032115540917],
      [0.057449171086, 0.022920746695, 0.8180989173, 0.058304429884, 0.043226735032],
      [0.0022350882376, 0.03058709837, 0.019774729263, 0.93278125768, 0.014621826453],
      [0, 0.89082451286, 0.027735813052, 0.080897706612, 0.00054196747224],
      [0.39842141625, 0.010955491154, 0.047808243464, 0.51164958229, 0.031165266845]
    ],
    [
      [0.77201101018, 0.0063302915569, 0.090164789031, 0.13097566303, 0.00051824620868],
      [0.076456319559, 0.009911373031, 0.77202271302, 0.052113853126, 0.089495741268],
      [0.0034523181673, 0.0082527273766, 0.010666388969, 0.95797446086, 0.019654104626],
      [0.00014055655162, 0.74240645396, 0.047031942719, 0.20882298113, 0.0015980656409],
      [0.36265604892, 0.0050216675291, 0.031352233389, 0.55567933871, 0.045290711448]
    ],
    [
      [0.60194116446, 0.02188741951, 0.28701201468, 0.08915940135, 0],
      [0.014381599983, 0.0032659492274, 0.98235245079, 0, 0],
      [0.0018092612278, 0.0066784324477, 0.087541668229, 0.9039706381, 0],
      [0, 0.85318973101, 0.05000585232, 0.096804416666, 0],
      [0.35033396856, 0.0059315013583, 0.14718787394, 0.49654665614, 0]
    ],
    [
      [0.84255391223, 0.056865215136, 0.069785265629, 0.03055456339, 0.00024104361375],
      [0.085250380926, 0.026320121413, 0.80297092223, 0.023288541778, 0.062170033652],
      [0.010108225645, 0.040325425468, 0.020468064464, 0.91072230584, 0.018375978588],
      [0.0010877960152, 0.92347160453, 0.019239525208, 0.055740297424, 0.00046077681865],
      [0.47835268672, 0.011477483442, 0.03665038401, 0.43988751573, 0.033631930094]
    ],
    [
      [0.75214505209, 0.0050143366648, 0.10860306218, 0.13382985466, 0.00040769440492],
      [0.076762278944, 0.0087212637186, 0.82001117037, 0.043387389547, 0.051117897423],
      [0.0070673086648, 0.010085011502, 0.024310426995, 0.94114968149, 0.017387571349],
      [0.0003151477715, 0.79861978969, 0.053596587483, 0.14621175857, 0.0012567164887],
      [0.43272837026, 0.0049507706478, 0.047942566308, 0.48303329708, 0.031344995707]
    ],
    [
      [0.78457647739, 0.0050322867685, 0.10526121179, 0.10455940937, 0.0005706146889],
      [0.070536517711, 0.0078752083078, 0.79149593042, 0.050510379578, 0.079581963985],
      [0.0062482809813, 0.0085486429334, 0.024401243389, 0.93493768459, 0.025864148107],
      [0.00027327123393, 0.76683042836, 0.058003126307, 0.17294000268, 0.0019531714154],
      [0.41817807631, 0.004644618407, 0.041068834119, 0.4848524004, 0.051256070766]
    ],
    [
      [0.82587037838, 0.006371945822, 0.085372722278, 0.082078907617, 0.00030604589824],
      [0.088505987132, 0.012601853875, 0.77241107966, 0.062802695018, 0.063678384311],
      [0.010077655004, 0.015097904986, 0.015821278961, 0.93943792574, 0.019565235311],
      [0.00079112898355, 0.80958530259, 0.043980901949, 0.1445025884, 0.0011400780822],
      [0.47029425668, 0.006016031148, 0.034524157227, 0.45168347847, 0.037482076474]
    ]
  ],
  "expected_outcome": [
    [
      [8.0937943373, 19.9921813993, 10.3776983611, 0, 14.9166666118, 2.8878137623, 1.6470105171, 3.3700097353, 97.536912423, 112.4505316464, 1.6283227631, 4.8112113654e-32, 0, 33.6303707292, 61.4365228088, 3.687907953, 0, 0.82129179241, 0.89689713254, 3.7685589553, 1.853860021, 1.4780679258, 19.2604926089, 20.1983835581, 28.0983803792, 17.1044354313, 13.0706655772, 0, 0, 0.92895554598, 15.4239499304, 16.8413593863, 21.2016622254, 34.4925619065, 1.8090720488, 22.1521624253, 0.93390680012, 8.4186101052, 10.3462838352, 21.4281881382, 32.2152224526, 33.8965991446, 26.902792122, 16.9846538636, 6.038538192, 21.6276744079, 3.0157389605, 2.5282108951, 60.222764809, 87.8977132289, 64.4148368507],
      [0.16017919424, 0.29040446746, 0.0026291303429, 0, 0.12143603157, 0.046939522738, 0.15763020973, 0.016506908074, 1.2251924608, 1.3286838977, 0.018401346141, 0, 0, 0.28669225045, 0.85092613311, 0.029977932871, 0, 0.0025982392619, 0.04791049782, 0.0020483817724, 0.089994429075, 0, 0.26882555751, 0.10373286405, 0.21371934479, 0.11467472772, 0.096568826185, 0, 0, 0.0071823925899, 0.17748650934, 0.15994900628, 0.15136328973, 0.25704757419, 0.0035649525922, 0.24752236495, 0.012768084002, 0.047212529871, 0.12181061838, 0.23614724295, 0.29327050779, 0.21033790493, 0.24435576454, 0.16288133848, 0.10021565907, 0.1767576587, 0.11086556736, 0.16834562226, 0.40192290393, 0.56359487133, 0.49639511444],
      [1.9941017564, 1.5335427392, 1.0020244703, 0, 2.4656922114, 0.84848195956, 0.13319717755, 0.42316062967, 20.5629748022, 17.4513915587, 0.19192303314, 0, 0, 5.378951601, 13.4685252436, 0.68035454474, 0, 0.25818716511, 0.026357523955, 0.11673143914, 0.57494597309, 0.44802305979, 3.555158121, 1.8018179544, 2.8546633978, 1.7373997424, 1.0215963627, 0, 0, 0.032627548414, 1.8002279505, 2.8596549673, 2.1439676126, 5.6759694326, 0.1102925174, 4.1806066043, 0.017556265503, 1.0066542536, 2.4808064684, 4.7277877909, 4.0178724637, 3.6614915354, 3.7596294515, 4.0775116015, 0.95466207293, 2.526746711, 1.4273113012, 0.20955392042, 8.6858744741, 11.7813434432, 6.6585421374],
      [1.7446011102, 3.182723644, 1.6124659916, 0, 2.490058508, 1.2098135566, 0.062162095671, 0.1900164417, 23.5872968771, 28.7228726569, 0.16097911155, 0, 0, 6.6819926116, 12.2016647595, 0.59921765758, 0, 0.91792280321, 0.028825301752, 0.11234921699, 1.4771050547, 0.073909014438, 3.896820379, 1.8898395642, 3.8207991121, 1.0396780827, 0.80658718678, 0, 0, 0.031234513015, 1.5928635413, 5.1324964878, 2.4969671287, 6.5578562238, 0.077070481243, 5.4030097175, 0.03576885037, 0.52474351734, 2.0453174617, 4.5804312596, 3.4560989465, 3.223044666, 3.0834551357, 3.7594732956, 0.90404013489, 3.6544328944, 0.44608417097, 0.093174922515, 10.6570667397, 11.6938878087, 6.4065752172],
      [0.0073236019274, 0.0011477500919, 0.0051820465848, 0, 0.0061466372002, 0.0069511988042, 0, 0.00030628520718, 0.087623436905, 0.046520240364, 0.00037374611053, 0, 0, 0.021992807781, 0.042361055023, 0.0025419117952, 0, 0, 9.5439353316e-06, 0.00031200683506, 0.0040945221784, 0, 0.018703333601, 0.0062260591428, 0.012437766168, 0.0038120158893, 0.00458204712, 0, 5.459595518e-17, 0, 0.005472068475, 0.0065401523546, 0.0060397435532, 0.016564862984, 0, 0.016698887898, 0, 0.0027795939542, 0.0057816163737, 0.02744556833, 0.017535629408, 0.0085267491014, 0.0097675262539, 0.01547990078, 0.0025439410629, 0.014388327945, 0, 0.00071463968152, 0.032371073325, 0.063460647899, 0.023650680274]
    ],
    [
      [5.338787182, 6.8378434708, 3.3613569151, 0.25361732972, 11.3468398716, 1.3013248361, 0.32794969194, 3.0775325951, 43.0983446798, 39.0032274522, 2.3778547683, 1.1789219279, 0, 21.3461433502, 33.0395825387, 2.0387032503, 0.69827484303, 0.027358312536, 1.0535934193, 2.9628865211, 0.18542702199, 0.13871823055, 10.7360542016, 16.397523891, 13.8973918887, 14.1453354614, 9.7449633935, 0, 2.5764702903, 0.065708575412, 9.7765317226, 4.5470446982, 14.6078079477, 16.7466510352, 2.4150044764, 4.6674840915, 0.058807900795, 8.3426479974, 5.5937368766, 10.2174273121, 23.3427124383, 26.1823867287, 17.3111928624, 10.5206889398, 4.1375148647, 13.2753292163, 0.25460090581, 0.7654351733, 20.6039066751, 50.8924018924, 45.1039528548],
      [2.7479456514, 0.45133090679, 0.0074289550051, 0.47937521034, 1.6000137391, 1.1568200681, 0.18520720286, 0.10104693401, 13.9471656737, 10.0730886168, 0.49684009782, 0.0047038993492, 0, 2.8509112761, 10.3222085823, 0.30428184349, 0.046649472484, 0.0023583813176, 0.60293728483, 0.016322976571, 0.41663191347, 0, 3.3004510819, 1.2391699814, 1.732029737, 1.7174168844, 1.16521564, 0, 0, 0.06351326619, 1.7034981204, 1.0551007921, 1.8184318386, 1.8035280662, 0.032359298205, 1.7979203731, 0.0089785439207, 0.7890490836, 1.6154547627, 1.8100113041, 3.6239378663, 2.72808714, 2.9660614378, 2.0625749337, 1.6645258729, 1.7344430574, 0.059350774345, 0.23817759138, 2.3681630864, 5.7356730783, 6.4790125215],
      [135.3318786883, 29.151408807, 21.3050067678, 1.9415539589, 169.0034511213, 55.8309523533, 5.3793992625, 35.0987305835, 882.9689815724, 547.4849189667, 28.2684189027, 8.5935683975, 5.6683939151, 302.3850589678, 671.4543083324, 35.8551491902, 2.879263691, 3.56741001, 8.7955523453, 14.0157120599, 10.4019815183, 5.8202093499, 187.4746200337, 127.8126661209, 122.5233757822, 132.1728261762, 68.709228436, 6.8604810924, 6.7637219252, 1.8111446925, 90.107195762, 82.3919706596, 128.8379467838, 234.0625272569, 18.4285957666, 71.6312102835, 0.90596896924, 103.3663482551, 124.5686903032, 204.06834663, 259.6619001002, 248.9689326084, 213.1404979054, 242.5689280116, 58.8991919025, 134.3207941734, 17.6860483198, 7.2256801746, 220.5555539287, 571.3764127327, 393.9407766481],
      [6.6917006901, 2.8703268762, 1.4553103416, 0.32998840569, 12.8404355854, 5.5795812737, 0.10744384273, 1.2697434549, 47.1471722612, 42.094790595, 2.7992599144, 0.93839796146, 0.33160608489, 26.918066646, 35.9209516528, 1.5057103479, 0.029672812132, 0.40287329619, 0.87635940521, 0.73340332296, 0.48807072713, 0.04107241956, 12.545355295, 8.8592840469, 10.0717314814, 8.6821420801, 5.6937523032, 0.13951890764, 0.08549424151, 0.059633465933, 6.9274909583, 6.3213119846, 14.312884972, 10.0195771168, 3.1240404588, 2.9954010845, 0.026244586045, 4.9717945327, 7.1294499143, 9.1044557081, 16.7405477533, 20.6393212509, 13.5412502484, 15.1564967194, 4.1822386934, 9.1112413153, 0, 0.21098110244, 11.7062808408, 36.4881104999, 31.9668118134],
      [9.8896877883, 0.68908993915, 1.8708970205, 0.99546509536, 8.2092596825, 9.1313214688, 0, 0.45294643252, 70.838335813, 29.3439743693, 1.0576263168, 1.2844078138, 0, 24.4998197599, 39.2629488939, 2.296155368, 0.34613918139, 0, 0.67155754537, 2.2716751194, 1.5078888191, 0, 19.9435193878, 9.6913559598, 11.7754711107, 6.282279398, 7.6868402274, 0, 0.57431354291, 0, 6.4852834367, 3.6845718655, 8.4229284579, 12.3677165249, 0, 6.9079841675, 0, 8.5301601312, 5.0926681431, 18.7997590457, 25.6309018419, 12.4812722719, 11.040997546, 16.6913113955, 3.1165286665, 15.5581922377, 0, 0.55972595829, 13.766095469, 57.5074017967, 32.5094461622]
    ],
    [
      [0.26995556697, 0.38693296776, 0.61654790631, 0.014619445642, 0.78195931086, 0.082417936665, 0.025039791005, 0.5799586424, 2.3324173462, 2.1149231205, 0.17999636549, 0.039515204265, 0, 0.94314917591, 1.5118563638, 0.098391421021, 0.30146771647, 0, 0.022848980805, 1.250128396, 0.020783307917, 0.021518031714, 0.5476824834, 5.0065375424, 3.2577121163, 3.4559543706, 2.9143900023, 0, 0.42352970967, 0.0053358786057, 2.1169788494, 0.26253776594, 2.6752553969, 2.0017253471, 0.043315247068, 0.37148415333, 0.0072852990801, 0.92283360973, 0.19858884531, 0.40911673751, 4.1835223542, 5.3820764586, 2.3669606283, 0.43597011828, 0.24249819681, 2.3160021861, 0.030250351975, 0.22418711952, 3.3446747774, 8.5278868628, 9.3520469719],
      [6.896935986, 0.54842389031, 0.024642061736, 0.48326238519, 3.9711191334, 0.60309586052, 0.68271193303, 0.36201714778, 22.5392072596, 22.8247552975, 1.8893576947, 0.012097560404, 0, 5.0211769396, 20.0768055165, 0.62743840577, 0.98285943719, 0.0046935561606, 0.53689793755, 0.062757845468, 1.3903662813, 0, 8.9184034933, 1.8577161812, 5.5611894299, 4.5808117001, 4.2968667028, 0, 0, 0.32541117229, 4.4258689673, 1.0442953532, 4.1316654513, 3.7039149948, 0.063501912963, 2.9905560568, 0.069449303623, 1.2146880039, 1.8340973351, 2.0002935349, 11.3636530648, 5.6138458116, 6.2729290609, 1.6902210717, 3.3527943979, 5.5204496994, 0.11308913481, 0.89315094049, 4.7568410567, 11.6164261483, 13.9322318571],
      [10.1077360525, 0.0079142112281, 0.20627782203, 0.034886063368, 9.6550562331, 2.0835787681, 0.4801145905, 4.2339037162, 64.8282577592, 24.2368006812, 0.8029352741, 0.16344939073, 0.27452244254, 12.7848523705, 43.6283212644, 2.6211814428, 2.1099492568, 0.021404127315, 0.08082171763, 0.56706100098, 0.30837972206, 1.3344556446, 12.4126802842, 5.3731942601, 4.9613016537, 7.3191898543, 2.1096739787, 1.1395189076, 1.2362780748, 0.090292169053, 3.9339427101, 2.5809354713, 2.5334670549, 17.3751666601, 0.029436262589, 5.5687493041, 0.0636886802, 4.1941427618, 4.9362600049, 12.1511902257, 16.1907434751, 9.6573759015, 10.3779565498, 13.2998408484, 2.1544113517, 7.1079251675, 1.4939533512, 0.44989453544, 11.4517314749, 33.1415371439, 14.5062012571],
      [391.4243280365, 47.8010304747, 38.2632532494, 22.6307008428, 579.5182361938, 249.2105097806, 14.8121336855, 202.3277030232, 2947.9760525117, 2216.9669910449, 128.3177880645, 19.1361304293, 23.7254775575, 1065.9839234041, 1445.9206437667, 70.2086801305, 18.9521454229, 11.9739023165, 14.0966541817, 41.6512177807, 101.5033057896, 13.6440263237, 703.3592330308, 603.8332373684, 560.8583244394, 376.4064080134, 406.0315534767, 21.8604810924, 17.9145057585, 13.57896078, 226.5836507384, 328.2713728322, 382.7175835051, 654.855556769, 33.8637465774, 444.6763408539, 26.8595767171, 125.7289224087, 166.5798050303, 374.428003228, 912.9545854595, 634.8600997085, 413.7367549731, 467.9236467527, 101.6600292234, 638.9304787671, 15.362707162, 20.028695221, 442.2891069317, 1266.7089439262, 863.25844381],
      [7.301044358, 0.25569845595, 0.88927896056, 0.83653126297, 6.0736291289, 7.0203976542, 0, 0.4964174705, 55.3240651233, 22.8565298559, 0.80992260118, 0.64880741529, 0, 17.26689811, 24.8623730886, 1.4443086, 0.65357816663, 0, 0.26277718227, 1.4688349769, 1.777164899, 0, 15.7620007084, 7.9293146478, 9.3614723607, 4.2376360616, 6.6475158395, 0, 0.42568645709, 0, 3.9395587349, 2.8408585774, 4.9420285918, 9.063636229, 0, 7.3928696318, 0, 3.9394132159, 2.4512487844, 11.0113962739, 19.3074956464, 7.4866021197, 6.2453987879, 9.6503212089, 1.5902668302, 13.1251441799, 0, 0.40407218355, 8.1576457593, 35.0052059188, 17.951076104]
    ],
    [
      [0, 0.0038435888617, 0.10631056581, 0, 0.00073846502997, 0, 0, 0.0033476137663, 0.018250365837, 0.0057926099841, 0, 0.11638164174, 0, 0.01401531449, 0.01039333157, 0, 0.00025744050183, 0.00090955719363, 0.001630646666, 0.060319091265, 0, 0.00015995021385, 0, 0.079469634581, 0.012675446841, 0.025093671563, 0.026731928027, 0, 0, 0, 0.010716311526, 0.013272047241, 0.01718424392, 0.03692306749, 0.17017991529, 0.0021735898952, 0, 0.032385175573, 0.0044443175177, 0.058602677764, 0.021951676511, 0.058678385898, 0.034346179748, 0.013900565524, 0, 0.0075723149094, 0, 0.0044229207546, 0.010571336169, 0.025277668464, 0.085242242049],
      [46.0558251047, 2.6774242278, 0.96405549075, 0, 22.1808792447, 11.1437456661, 0.97445065439, 8.494905246, 239.5839593348, 187.105912502, 10.5397619551, 0.98262596542, 0, 73.5990104968, 167.2543884082, 6.0064747831, 0.97049109033, 0.98894536737, 2.7899175717, 1.9166975218, 10.2884052705, 0, 47.3626107205, 45.6297026748, 34.3793923982, 31.4802412351, 34.3518402052, 0, 0, 2.6038931689, 18.5740018582, 27.6401455313, 29.783442212, 54.0011820189, 2.8949055451, 31.8733233878, 0.90880406845, 17.9072152271, 22.3344408397, 59.7662852169, 74.4717768713, 54.2530932813, 51.3765570604, 42.925339643, 17.7838420646, 39.3215555351, 1.7047702046, 3.6888595051, 26.3138278016, 69.6971047603, 85.7061707929],
      [2.7816168833, 0.060982375462, 0.21472804659, 0, 1.7874006883, 0.85093987296, 0.0072889694857, 0.95682545809, 19.3635655848, 11.8642768568, 0.48099171628, 0.23163044548, 0, 6.465817812, 12.9240877003, 0.51981580436, 0.010787052239, 0.10976781218, 0.038732100134, 0.1944370765, 0.31379102415, 0.31548059015, 2.6769050784, 3.6913462914, 2.0024340475, 2.0935901567, 1.7385997197, 0, 0, 0.065935590069, 0.54888193108, 2.3613783342, 1.7938110288, 5.5792243731, 0.36339261693, 2.0692183032, 0.012786085058, 2.1108804751, 2.1467184897, 7.2736925063, 4.6532939956, 4.2966080861, 3.7865849959, 5.2931004539, 0.56232920965, 2.5048708555, 0.10067381943, 0.078226886445, 1.7758379714, 5.2938531795, 4.6841583951],
      [9.101993389, 0.2566295381, 0.70854986282, 0, 6.0022298519, 3.9637692639, 0.018260376128, 4.5413936553, 74.5704328988, 51.8427568174, 1.9740558878, 0.66162954283, 0, 29.7675958436, 39.581213943, 1.4627270577, 0.018181764954, 0.90037726326, 0.16937100344, 0.81828450993, 1.3868358765, 0.68435945964, 8.8748820548, 20.5207041774, 8.5492392153, 7.3706989229, 9.8305467957, 0, 0, 0.33017124101, 1.8485794582, 11.9554391333, 7.3706419639, 20.2953097509, 1.5715219227, 9.9993624748, 0.078409846488, 4.898284887, 5.4878092066, 21.701127312, 17.7169406541, 16.3282567622, 11.7441070764, 16.6593219146, 1.6429684168, 11.0813597383, 0.19455597597, 0.22663708536, 4.8584025644, 15.8063681514, 15.4036802688],
      [0.060564622981, 0.0011202697671, 0.0063560340323, 0, 0.028751749952, 0.0415451971, 0, 0.0035280268892, 0.46379181573, 0.18126121382, 0.0051904408119, 0.007732404526, 0, 0.1535605331, 0.22991661693, 0.010982354854, 0.00028265197592, 0, 0.00034867801853, 0.010261800498, 0.01096782886, 0, 0.085602146349, 0.07877722183, 0.056258892189, 0.030376013795, 0.052281351496, 0, 0, 0, 0.017820440983, 0.029764953983, 0.03492055143, 0.087360789683, 0, 0.05592224435, 0, 0.051234235217, 0.026587146509, 0.20029228699, 0.13603680247, 0.063363484509, 0.058404687526, 0.10833742293, 0.010860308928, 0.084641556182, 0, 0.0018536023058, 0.041360326385, 0.17739624037, 0.12074830114]
    ],
    [
      [4.2974629137, 3.7791985732, 3.5380862517, 0.73176322464, 8.9537957407, 1.7284434649, 0, 2.9691514134, 34.0140751852, 34.4255251709, 2.8138261032, 0.66518122614, 0, 17.0663214303, 22.0016449571, 2.1749973756, 0, 0.15044033786, 1.0250298207, 2.9581070364, 0.93992964908, 0.36153586174, 6.4557707061, 20.3180853739, 8.733840169, 9.2691810652, 7.243249099, 0, 0, 0, 7.6718231861, 6.3357861023, 9.4980901861, 18.7221386437, 1.5624283125, 4.8066957399, 0, 4.2835231121, 4.8569461253, 10.8866651344, 16.2365910784, 18.4802592822, 9.3847082075, 10.0447865128, 3.5814487464, 17.7734218748, 0.69940978171, 0.47774389129, 13.8180824023, 34.6567203474, 30.0439210806],
      [0.13911406374, 0.03241650763, 0.001244362163, 0.037362404472, 0.12655185118, 0.049398882527, 0, 0.025523764164, 0.70447527111, 0.66755968604, 0.055638906201, 0.00057257482704, 0, 0.24220903707, 0.49567135992, 0.031827034745, 0, 0.0014044558903, 0.022336708059, 0.0021732743823, 0.8146021056, 0, 0.14970914679, 0.16967829858, 0.11366909015, 0.10685545271, 0.089508625859, 0, 0, 0, 0.11914454478, 0.10050931711, 0.11509720832, 0.23432734589, 0.0056682911135, 0.090677817381, 0, 0.041835155538, 0.094196444171, 0.18726270112, 0.2473616898, 0.19463586216, 0.14009667632, 0.15898301309, 0.098622005528, 0.24679404949, 0.011924318876, 0.011466340747, 0.15924515133, 0.38720114176, 0.38618971406],
