{
  "Z_true": {},
  "V_true": [
    [435, 73, 435, 214, 41],
    [569, 1132, 6393, 1523, 472],
    [93, 788, 86, 16505, 310],
    [28, 2735, 236, 1275, 89],
    [12, 58, 50, 893, 404],
    [44, 117, 157, 531, 521]
  ],
  "p_true": [
    [0.3631, 0.0609, 0.3631, 0.1786, 0.0342],
    [0.0564, 0.1122, 0.6337, 0.151, 0.0468],
    [0.0052, 0.0443, 0.0048, 0.9282, 0.0174],
    [0.0064, 0.6269, 0.0541, 0.2922, 0.0204],
    [0.0085, 0.0409, 0.0353, 0.6302, 0.2851],
    [0.0321, 0.0854, 0.1146, 0.3876, 0.3803]
  ],
  "Z_est": [
    [
      [2.252, 2.7024, 5.1796, 5.1796, 3.8284, 1.3512, 2.4772, 3.8284, 4.7292, 8.1072, 8.7828, 2.7024, 1.126, 2.4772, 1.3512, 7.2064, 5.63, 1.3512, 0.6756, 5.1796, 21.8444, 4.2788, 16.6648, 9.4584, 3.8284, 0, 2.7024, 2.9276, 4.7292, 2.0268, 3.378, 4.9544, 10.8096, 12.386, 0.6756, 0.9008, 0.6756, 0.9008, 14.638, 5.4048, 15.9892, 1.3512, 0.9008, 0.9008, 1.5764, 0.9008, 14.1876, 3.1528, 27.024, 4.504],
      [1.917, 2.3004, 4.4091, 4.4091, 3.2589, 1.1502, 2.1087, 3.2589, 4.0257, 6.9012, 7.4763, 2.3004, 0.9585, 2.1087, 1.1502, 6.1344, 4.7925, 1.1502, 0.5751, 4.4091, 18.5949, 3.6423, 14.1858, 8.0514, 3.2589, 0, 2.3004, 2.4921, 4.0257, 1.7253, 2.8755, 4.2174, 9.2016, 10.5435, 0.5751, 0.7668, 0.5751, 0.7668, 12.4605, 4.6008, 13.6107, 1.1502, 0.7668, 0.7668, 1.3419, 0.7668, 12.0771, 2.6838, 23.004, 3.834],
      [2.051, 2.4612, 4.7173, 4.7173, 3.4867, 1.2306, 2.2561, 3.4867, 4.3071, 7.3836, 7.9989, 2.4612, 1.0255, 2.2561, 1.2306, 6.5632, 5.1275, 1.2306, 0.6153, 4.7173, 19.8947, 3.8969, 15.1774, 8.6142, 3.4867, 0, 2.4612, 2.6663, 4.3071, 1.8459, 3.0765, 4.5122, 9.8448, 11.2805, 0.6153, 0.8204, 0.6153, 0.8204, 13.3315, 4.9224, 14.5621, 1.2306, 0.8204, 0.8204, 1.4357, 0.8204, 12.9213, 2.8714, 24.612, 4.102],
      [2.04, 2.448, 4.692, 4.692, 3.468, 1.224, 2.244, 3.468, 4.284, 7.344, 7.956, 2.448, 1.02, 2.244, 1.224, 6.528, 5.1, 1.224, 0.612, 4.692, 19.788, 3.876, 15.096, 8.568, 3.468, 0, 2.448, 2.652, 4.284, 1.836, 3.06, 4.488, 9.792, 11.22, 0.612, 0.816, 0.612, 0.816, 13.26, 4.896, 14.484, 1.224, 0.816, 0.816, 1.428, 0.816, 12.852, 2.856, 24.48, 4.08],
      [1.74, 2.088, 4.002, 4.002, 2.958, 1.044, 1.914, 2.958, 3.654, 6.264, 6.786, 2.088, 0.87, 1.914, 1.044, 5.568, 4.35, 1.044, 0.522, 4.002, 16.878, 3.306, 12.876, 7.308, 2.958, 0, 2.088, 2.262, 3.654, 1.566, 2.61, 3.828, 8.352, 9.57, 0.522, 0.696, 0.522, 0.696, 11.31, 4.176, 12.354, 1.044, 0.696, 0.696, 1.218, 0.696, 10.962, 2.436, 20.88, 3.48]
    ],
    [
      [1.9642, 2.4633, 3.3649, 0.966, 1.8676, 0.3542, 1.7388, 1.9642, 3.6064, 5.9409, 10.8192, 3.6869, 0.4186, 1.9159, 0.3703, 3.6708, 1.6905, 1.4007, 0.2093, 2.0769, 10.7226, 2.2057, 14.0714, 7.9373, 1.2558, 0.2898, 1.8032, 0.8533, 1.4651, 0.644, 1.3041, 2.3667, 6.9391, 9.5151, 0.2093, 1.4007, 0.6118, 0.4508, 8.0822, 3.2683, 6.3273, 0.9177, 1.4007, 0.2898, 0.644, 1.7227, 9.8854, 1.449, 13.1859, 0.7245],
      [9.8332, 12.3318, 16.8454, 4.836, 9.3496, 1.7732, 8.7048, 9.8332, 18.0544, 29.7414, 54.1632, 18.4574, 2.0956, 9.5914, 1.8538, 18.3768, 8.463, 7.0122, 1.0478, 10.3974, 53.6796, 11.0422, 70.4444, 39.7358, 6.2868, 1.4508, 9.0272, 4.2718, 7.3346, 3.224, 6.5286, 11.8482, 34.7386, 47.6346, 1.0478, 7.0122, 3.0628, 2.2568, 40.4612, 16.3618, 31.6758, 4.5942, 7.0122, 1.4508, 3.224, 8.6242, 49.4884, 7.254, 66.0114, 3.627],
      [71.248, 89.352, 122.056, 35.04, 67.744, 12.848, 63.072, 71.248, 130.816, 215.496, 392.448, 133.736, 15.184, 69.496, 13.432, 133.152, 61.32, 50.808, 7.592, 75.336, 388.944, 80.008, 510.416, 287.912, 45.552, 10.512, 65.408, 30.952, 53.144, 23.36, 47.304, 85.848, 251.704, 345.144, 7.592, 50.808, 22.192, 16.352, 293.168, 118.552, 229.512, 33.288, 50.808, 10.512, 23.36, 62.488, 358.576, 52.56, 478.296, 26.28],
      [33.4036, 41.8914, 57.2242, 16.428, 31.7608, 6.0236, 29.5704, 33.4036, 61.3312, 101.0322, 183.9936, 62.7002, 7.1188, 32.5822, 6.2974, 62.4264, 28.749, 23.8206, 3.5594, 35.3202, 182.3508, 37.5106, 239.3012, 134.9834, 21.3564, 4.9284, 30.6656, 14.5114, 24.9158, 10.952, 22.1778, 40.2486, 118.0078, 161.8158, 3.5594, 23.8206, 10.4044, 7.6664, 137.4476, 55.5814, 107.6034, 15.6066, 23.8206, 4.9284, 10.952, 29.2966, 168.1132, 24.642, 224.2422, 12.321],
      [5.5632, 6.9768, 9.5304, 2.736, 5.2896, 1.0032, 4.9248, 5.5632, 10.2144, 16.8264, 30.6432, 10.4424, 1.1856, 5.4264, 1.0488, 10.3968, 4.788, 3.9672, 0.5928, 5.8824, 30.3696, 6.2472, 39.8544, 22.4808, 3.5568, 0.8208, 5.1072, 2.4168, 4.1496, 1.824, 3.6936, 6.7032, 19.6536, 26.9496, 0.5928, 3.9672, 1.7328, 1.2768, 22.8912, 9.2568, 17.9208, 2.5992, 3.9672, 0.8208, 1.824, 4.8792, 27.9984, 4.104, 37.3464, 2.052]
    ],
    [
      [3.0674, 1.8424, 2.7342, 1.9012, 0.882, 0.4704, 1.3818, 1.6072, 3.3124, 4.9392, 8.0458, 3.3516, 0.49, 2.2344, 0.3626, 6.2622, 2.5284, 1.7346, 1.0584, 4.1748, 9.1924, 2.2736, 16.1798, 6.2132, 2.4402, 0.5194, 1.1368, 1.7738, 2.793, 0.8428, 1.6072, 3.5476, 7.9674, 11.172, 0.98, 0.931, 1.2838, 0.7056, 8.0262, 3.136, 6.713, 0.9016, 1.4112, 0.1666, 0.6958, 1.9012, 13.7886, 1.3328, 10.7702, 1.4798],
      [6.7921, 4.0796, 6.0543, 4.2098, 1.953, 1.0416, 3.0597, 3.5588, 7.3346, 10.9368, 17.8157, 7.4214, 1.085, 4.9476, 0.8029, 13.8663, 5.5986, 3.8409, 2.3436, 9.2442, 20.3546, 5.0344, 35.8267, 13.7578, 5.4033, 1.1501, 2.5172, 3.9277, 6.1845, 1.8662, 3.5588, 7.8554, 17.6421, 24.738, 2.17, 2.0615, 2.8427, 1.5624, 17.7723, 6.944, 14.8645, 1.9964, 3.1248, 0.3689, 1.5407, 4.2098, 30.5319, 2.9512, 23.8483, 3.2767],
      [5.4775, 3.29, 4.8825, 3.395, 1.575, 0.84, 2.4675, 2.87, 5.915, 8.82, 14.3675, 5.985, 0.875, 3.99, 0.6475, 11.1825, 4.515, 3.0975, 1.89, 7.455, 16.415, 4.06, 28.8925, 11.095, 4.3575, 0.9275, 2.03, 3.1675, 4.9875, 1.505, 2.87, 6.335, 14.2275, 19.95, 1.75, 1.6625, 2.2925, 1.26, 14.3325, 5.6, 11.9875, 1.61, 2.52, 0.2975, 1.2425, 3.395, 24.6225, 2.38, 19.2325, 2.6425],
      [293.8444, 176.4944, 261.9252, 182.1272, 84.492, 45.0624, 132.3708, 153.9632, 317.3144, 473.1552, 770.7548, 321.0696, 46.94, 214.0464, 34.7356, 599.8932, 242.2104, 166.1676, 101.3904, 399.9288, 880.5944, 217.8016, 1549.9588, 595.1992, 233.7612, 49.7564, 108.9008, 169.9228, 267.558, 80.7368, 153.9632, 339.8456, 763.2444, 1070.232, 93.88, 89.186, 122.9828, 67.5936, 768.8772, 300.416, 643.078, 86.3696, 135.1872, 15.9596, 66.6548, 182.1272, 1320.8916, 127.6768, 1031.7412, 141.7588],
      [3.8499, 2.3124, 3.4317, 2.3862, 1.107, 0.5904, 1.7343, 2.0172, 4.1574, 6.1992, 10.0983, 4.2066, 0.615, 2.8044, 0.4551, 7.8597, 3.1734, 2.1771, 1.3284, 5.2398, 11.5374, 2.8536, 20.3073, 7.7982, 3.0627, 0.6519, 1.4268, 2.2263, 3.5055, 1.0578, 2.0172, 4.4526, 9.9999, 14.022, 1.23, 1.1685, 1.6113, 0.8856, 10.0737, 3.936, 8.4255, 1.1316, 1.7712, 0.2091, 0.8733, 2.3862, 17.3061, 1.6728, 13.5177, 1.8573]
    ],
    [
      [1.2272, 2.0296, 1.9824, 1.9824, 3.2568, 0.236, 3.6344, 1.9824, 5.3336, 7.4104, 17.7, 6.6552, 0.2832, 2.36, 1.0384, 5.7584, 2.6432, 1.2744, 0.3304, 3.2096, 10.2424, 1.9824, 16.7088, 8.1656, 1.3216, 0.3776, 2.124, 1.3216, 2.7376, 1.0384, 1.2744, 3.3512, 8.8264, 15.576, 0.3776, 0.8968, 0.5664, 0.8024, 10.9032, 3.2568, 9.44, 0.6608, 0.708, 0.1416, 0.5192, 3.8704, 14.3488, 1.6992, 10.6672, 1.6992],
      [17.4148, 28.8014, 28.1316, 28.1316, 46.2162, 3.349, 51.5746, 28.1316, 75.6874, 105.1586, 251.175, 94.4418, 4.0188, 33.49, 14.7356, 81.7156, 37.5088, 18.0846, 4.6886, 45.5464, 145.3466, 28.1316, 237.1092, 115.8754, 18.7544, 5.3584, 30.141, 18.7544, 38.8484, 14.7356, 18.0846, 47.5558, 125.2526, 221.034, 5.3584, 12.7262, 8.0376, 11.3866, 154.7238, 46.2162, 133.96, 9.3772, 10.047, 2.0094, 7.3678, 54.9236, 203.6192, 24.1128, 151.3748, 24.1128],
      [2.4648, 4.0764, 3.9816, 3.9816, 6.5412, 0.474, 7.2996, 3.9816, 10.7124, 14.8836, 35.55, 13.3668, 0.5688, 4.74, 2.0856, 11.5656, 5.3088, 2.5596, 0.6636, 6.4464, 20.5716, 3.9816, 33.5592, 16.4004, 2.6544, 0.7584, 4.266, 2.6544, 5.4984, 2.0856, 2.5596, 6.7308, 17.7276, 31.284, 0.7584, 1.8012, 1.1376, 1.6116, 21.8988, 6.5412, 18.96, 1.3272, 1.422, 0.2844, 1.0428, 7.7736, 28.8192, 3.4128, 21.4248, 3.4128],
      [3.3514, 5.5427, 5.4138, 5.4138, 8.8941, 0.6445, 9.9253, 5.4138, 14.5657, 20.2373, 48.3375, 18.1749, 0.7734, 6.445, 2.8358, 15.7258, 7.2184, 3.4803, 0.9023, 8.7652, 27.9713, 5.4138, 45.6306, 22.2997, 3.6092, 1.0312, 5.8005, 3.6092, 7.4762, 2.8358, 3.4803, 9.1519, 24.1043, 42.537, 1.0312, 2.4491, 1.5468, 2.1913, 29.7759, 8.8941, 25.78, 1.8046, 1.9335, 0.3867, 1.4179, 10.5698, 39.1856, 4.6404, 29.1314, 4.6404],
      [1.5392, 2.5456, 2.4864, 2.4864, 4.0848, 0.296, 4.5584, 2.4864, 6.6896, 9.2944, 22.2, 8.3472, 0.3552, 2.96, 1.3024, 7.2224, 3.3152, 1.5984, 0.4144, 4.0256, 12.8464, 2.4864, 20.9568, 10.2416, 1.6576, 0.4736, 2.664, 1.6576, 3.4336, 1.3024, 1.5984, 4.2032, 11.0704, 19.536, 0.4736, 1.1248, 0.7104, 1.0064, 13.6752, 4.0848, 11.84, 0.8288, 0.888, 0.1776, 0.6512, 4.8544, 17.9968, 2.1312, 13.3792, 2.1312]
    ],
    [
      [3.415, 2.049, 3.8248, 1.2294, 1.2294, 0.1366, 0.5464, 0.683, 4.9176, 7.513, 7.7862, 4.781, 0.2732, 2.5954, 0.1366, 9.0156, 2.049, 1.7758, 0.1366, 3.415, 9.2888, 2.732, 10.6548, 6.4202, 1.5026, 0.2732, 1.5026, 1.6392, 3.0052, 1.6392, 3.1418, 5.3274, 8.4692, 11.611, 0.2732, 1.2294, 1.366, 0.4098, 12.0208, 6.147, 8.879, 0.2732, 2.732, 0.1366, 0.5464, 0.9562, 18.3044, 1.366, 12.294, 1.9124],
      [5.335, 3.201, 5.9752, 1.9206, 1.9206, 0.2134, 0.8536, 1.067, 7.6824, 11.737, 12.1638, 7.469, 0.4268, 4.0546, 0.2134, 14.0844, 3.201, 2.7742, 0.2134, 5.335, 14.5112, 4.268, 16.6452, 10.0298, 2.3474, 0.4268, 2.3474, 2.5608, 4.6948, 2.5608, 4.9082, 8.3226, 13.2308, 18.139, 0.4268, 1.9206, 2.134, 0.6402, 18.7792, 9.603, 13.871, 0.4268, 4.268, 0.2134, 0.8536, 1.4938, 28.5956, 2.134, 19.206, 2.9876],
      [4.41, 2.646, 4.9392, 1.5876, 1.5876, 0.1764, 0.7056, 0.882, 6.3504, 9.702, 10.0548, 6.174, 0.3528, 3.3516, 0.1764, 11.6424, 2.646, 2.2932, 0.1764, 4.41, 11.9952, 3.528, 13.7592, 8.2908, 1.9404, 0.3528, 1.9404, 2.1168, 3.8808, 2.1168, 4.0572, 6.8796, 10.9368, 14.994, 0.3528, 1.5876, 1.764, 0.5292, 15.5232, 7.938, 11.466, 0.3528, 3.528, 0.1764, 0.7056, 1.2348, 23.6376, 1.764, 15.876, 2.4696],
      [5.7875, 3.4725, 6.482, 2.0835, 2.0835, 0.2315, 0.926, 1.1575, 8.334, 12.7325, 13.1955, 8.1025, 0.463, 4.3985, 0.2315, 15.279, 3.4725, 3.0095, 0.2315, 5.7875, 15.742, 4.63, 18.057, 10.8805, 2.5465, 0.463, 2.5465, 2.778, 5.093, 2.778, 5.3245, 9.0285, 14.353, 19.6775, 0.463, 2.0835, 2.315, 0.6945, 20.372, 10.4175, 15.0475, 0.463, 4.63, 0.2315, 0.926, 1.6205, 31.021, 2.315, 20.835, 3.241],
      [6.055, 3.633, 6.7816, 2.1798, 2.1798, 0.2422, 0.9688, 1.211, 8.7192, 13.321, 13.8054, 8.477, 0.4844, 4.6018, 0.2422, 15.9852, 3.633, 3.1486, 0.2422, 6.055, 16.4696, 4.844, 18.8916, 11.3834, 2.6642, 0.4844, 2.6642, 2.9064, 5.3284, 2.9064, 5.5706, 9.4458, 15.0164, 20.587, 0.4844, 2.1798, 2.422, 0.7266, 21.3136, 10.899, 15.743, 0.4844, 4.844, 0.2422, 0.9688, 1.6954, 32.4548, 2.422, 21.798, 3.3908]
    ],
    [
      [2.142, 1.8564, 4.998, 2.2848, 1.9992, 0.5712, 2.142, 3.9984, 2.7132, 5.9976, 6.5688, 3.4272, 0.5712, 1.8564, 0.2856, 2.9988, 1.2852, 1.428, 0.4284, 2.856, 11.2812, 2.7132, 14.994, 7.2828, 1.9992, 0.714, 1.7136, 1.2852, 2.9988, 0.8568, 1.9992, 2.7132, 10.71, 18.564, 0.2856, 3.4272, 0.714, 1.1424, 8.4252, 4.1412, 6.2832, 1.1424, 0.9996, 0.5712, 0.714, 1.428, 12.9948, 2.7132, 19.8492, 0.5712],
      [2.7015, 2.3413, 6.3035, 2.8816, 2.5214, 0.7204, 2.7015, 5.0428, 3.4219, 7.5642, 8.2846, 4.3224, 0.7204, 2.3413, 0.3602, 3.7821, 1.6209, 1.801, 0.5403, 3.602, 14.2279, 3.4219, 18.9105, 9.1851, 2.5214, 0.9005, 2.1612, 1.6209, 3.7821, 1.0806, 2.5214, 3.4219, 13.5075, 23.413, 0.3602, 4.3224, 0.9005, 1.4408, 10.6259, 5.2229, 7.9244, 1.4408, 1.2607, 0.7204, 0.9005, 1.801, 16.3891, 3.4219, 25.0339, 0.7204],
      [2.889, 2.5038, 6.741, 3.0816, 2.6964, 0.7704, 2.889, 5.3928, 3.6594, 8.0892, 8.8596, 4.6224, 0.7704, 2.5038, 0.3852, 4.0446, 1.7334, 1.926, 0.5778, 3.852, 15.2154, 3.6594, 20.223, 9.8226, 2.6964, 0.963, 2.3112, 1.7334, 4.0446, 1.1556, 2.6964, 3.6594, 14.445, 25.038, 0.3852, 4.6224, 0.963, 1.5408, 11.3634, 5.5854, 8.4744, 1.5408, 1.3482, 0.7704, 0.963, 1.926, 17.5266, 3.6594, 26.7714, 0.7704],
      [3.2685, 2.8327, 7.6265, 3.4864, 3.0506, 0.8716, 3.2685, 6.1012, 4.1401, 9.1518, 10.0234, 5.2296, 0.8716, 2.8327, 0.4358, 4.5759, 1.9611, 2.179, 0.6537, 4.358, 17.2141, 4.1401, 22.8795, 11.1129, 3.0506, 1.0895, 2.6148, 1.9611, 4.5759, 1.3074, 3.0506, 4.1401, 16.3425, 28.327, 0.4358, 5.2296, 1.0895, 1.7432, 12.8561, 6.3191, 9.5876, 1.7432, 1.5253, 0.8716, 1.0895, 2.179, 19.8289, 4.1401, 30.2881, 0.8716],
      [3.9975, 3.4645, 9.3275, 4.264, 3.731, 1.066, 3.9975, 7.462, 5.0635, 11.193, 12.259, 6.396, 1.066, 3.4645, 0.533, 5.5965, 2.3985, 2.665, 0.7995, 5.33, 21.0535, 5.0635, 27.9825, 13.5915, 3.731, 1.3325, 3.198, 2.3985, 5.5965, 1.599, 3.731, 5.0635, 19.9875, 34.645, 0.533, 6.396, 1.3325, 2.132, 15.7235, 7.7285, 11.726, 2.132, 1.8655, 1.066, 1.3325, 2.665, 24.2515, 5.0635, 37.0435, 1.066]
    ]
  ],
  "V_est": [
    [269.7896, 229.6566, 245.7098, 244.392, 208.452],
    [162.4329, 813.1734, 5891.976, 2762.3682, 460.0584],
    [174.2636, 385.8694, 311.185, 16693.7416, 218.7186],
    [205.9336, 2922.3374, 413.6124, 562.3907, 258.2896],
    [193.5622, 302.3878, 249.9588, 328.0355, 343.1974],
    [195.636, 246.737, 263.862, 298.523, 365.105]
  ],
  "p_est": [
    [0.2252, 0.1917, 0.2051, 0.204, 0.174],
    [0.0161, 0.0806, 0.584, 0.2738, 0.0456],
    [0.0098, 0.0217, 0.0175, 0.9388, 0.0123],
    [0.0472, 0.6698, 0.0948, 0.1289, 0.0592],
    [0.1366, 0.2134, 0.1764, 0.2315, 0.2422],
    [0.1428, 0.1801, 0.1926, 0.2179, 0.2665]
  ],
  "EI_Z": {},
  "EI_V": 10.5309,
  "MAE_Z": {},
  "MAE_V": 254.2799,
  "MAE_p": 0.089,
  "runtime": 162.924
}
