{
  "Z_true": {},
  "V_true": [
    [622, 24, 392, 172, 13],
    [39, 1260, 138, 1840, 21],
    [51, 434, 107, 11040, 137],
    [340, 400, 10510, 1553, 172],
    [181, 272, 481, 1298, 133],
    [36, 189, 349, 631, 182]
  ],
  "p_true": [
    [0.5086, 0.0196, 0.3205, 0.1406, 0.0106],
    [0.0118, 0.382, 0.0418, 0.5579, 0.0064],
    [0.0043, 0.0369, 0.0091, 0.9381, 0.0116],
    [0.0262, 0.0308, 0.81, 0.1197, 0.0133],
    [0.0765, 0.115, 0.2034, 0.5488, 0.0562],
    [0.026, 0.1363, 0.2516, 0.4549, 0.1312]
  ],
  "Z_est": [
    [
      [2.3844, 16.6908, 1, 14.9025, 0, 26.3246, 25.6322, 36.9581, 14.3064, 24.44, 15.4986, 0.9992, 1.4582, 0.5961, 20.8634, 30.9971, 1.7883, 0, 0.7908, 16.6908, 0.5961, 17.2869, 25.6322, 25.0361, 1.7883, 17.8829, 9.5376, 21.4595, 19.0751, 23.8439, 5.961, 2.3844, 25.0361, 7.1532, 8.3454, 13.1142, 0, 187.771, 17.2869, 43.5152, 2.3844],
      [0.0243, 0.1702, 0.0182, 0.1519, 0, 0.2674, 0.2613, 0.3768, 0.1459, 0.2492, 0.158, 0.4359, 0.0122, 0.1391, 0.2127, 0.316, 0.0182, 0, 0.0122, 0.1702, 0.0061, 0.1763, 0.2613, 0.2553, 0, 0.1823, 0.0972, 0.2188, 0.1945, 0.2431, 0.0608, 0.0243, 0.2553, 0.0729, 1.5204, 0.1337, 0, 1.9144, 0.1763, 0.4437, 0.0243],
      [1.0383, 7.2679, 1.567, 6.4892, 0, 11.4209, 11.1614, 16.0931, 6.2296, 10.6422, 6.7487, 0.7787, 0.5191, 0.2596, 9.0848, 13.4975, 0.7787, 0, 1.1866, 7.2679, 0.2596, 7.5274, 11.1614, 11.4178, 0.7787, 7.787, 4.1531, 9.3444, 8.3061, 10.3827, 2.5957, 1.0383, 10.9018, 3.1148, 3.6339, 5.7105, 0, 81.7634, 7.5274, 18.9483, 1.0383],
      [0.021, 0.147, 0.0158, 0.1313, 0, 0.2311, 0.512, 0.3256, 0.126, 0.2153, 0.1365, 0.3872, 0.0105, 0.0053, 0.1838, 0.2731, 0.0158, 0, 0.0105, 0.147, 0.0053, 0.1523, 0.2258, 0.2206, 0.034, 0.1576, 0.084, 0.1891, 0.1681, 0.2101, 0.0525, 0.021, 0.2206, 0.063, 0.0735, 0.1155, 0, 1.6543, 0.1523, 0.3834, 0.021],
      [0.532, 3.7242, 0.399, 3.3251, 0, 5.756, 5.4331, 8.2464, 3.1921, 5.4532, 3.4582, 0.399, 0, 0, 4.6552, 6.9163, 0.399, 0, 0, 3.7242, 0.133, 3.8572, 5.7193, 5.0703, 0.399, 3.9902, 2.1281, 4.7882, 4.2562, 5.3202, 1.3301, 0.532, 5.5863, 1.5961, 0.4268, 2.9261, 0, 41.8969, 3.8572, 9.7094, 0.532]
    ],
    [
      [0.3594, 3.3062, 0, 3.7016, 0.0371, 1.725, 1.5094, 4.9953, 2.6519, 2.6953, 1.5812, 0, 0.4519, 0.2156, 3.5937, 6.3401, 0, 0.0371, 0.0719, 1.6531, 0.1797, 1.0062, 1.7969, 1.4375, 0.3944, 5.2109, 3.0187, 4.2047, 2.1922, 2.9828, 1.4375, 0.6469, 3.2703, 2.6725, 4.3125, 2.3921, 0, 20.0531, 5.8219, 12.2547, 3.6297],
      [6.4829, 59.6423, 7.7794, 66.7734, 0.6483, 31.1724, 27.228, 90.1117, 31.2766, 48.6214, 28.5246, 4.538, 2.9749, 3.8897, 64.8286, 110.8569, 2.7369, 0.6483, 1.2966, 29.8211, 3.2414, 18.152, 32.4143, 25.9314, 0.974, 94.0014, 54.456, 75.8494, 39.5454, 53.8077, 25.9314, 11.6691, 58.994, 68.7183, 77.7943, 114.7466, 5.9258, 361.7435, 105.0223, 221.0655, 65.4769],
      [0.5244, 4.8246, 1.0605, 5.4014, 0.0524, 2.5172, 2.2025, 7.2893, 2.6221, 3.9331, 2.3074, 0.3671, 0.2622, 0.3215, 5.2441, 8.9675, 0.2098, 0.0524, 0.1072, 2.4123, 0.2622, 1.4684, 2.6221, 2.0976, 0.1049, 7.604, 4.4051, 6.1356, 3.1989, 4.3526, 2.0976, 0.9439, 4.7722, 6.8164, 6.2929, 13.4525, 0.5769, 29.2622, 8.4955, 17.8825, 5.2966],
      [2.622, 24.1221, 3.1464, 27.0062, 0.2622, 12.5854, 11.0122, 36.4453, 13.1098, 19.6647, 11.5366, 2.0869, 1.311, 1.5732, 26.2196, 44.8356, 1.0488, 0.2622, 0.5244, 12.061, 1.311, 7.3415, 13.1098, 10.4879, 0.5244, 38.0185, 22.0245, 30.677, 15.994, 21.7623, 10.4879, 4.7195, 23.8599, 27.7928, 31.6003, 46.4087, 3.1443, 146.3055, 42.4758, 89.4089, 26.4818],
      [0.0114, 0.1048, 0.0137, 0.1173, 0, 0, 0.0478, 0.1584, 0.3396, 0.0854, 0.0501, 0.008, 0, 0, 0.1139, 0, 0.0046, 0, 0, 0.0524, 0.0057, 0.0319, 0.057, 0.0456, 0.0023, 0.1652, 0.0957, 0.1333, 0.0695, 0.0946, 0.0456, 0.0205, 0.1037, 0, 0, 0, 1.353, 0.6357, 0.1846, 0.3885, 0.1151]
    ],
    [
      [0.9132, 10.0883, 0, 0, 0.1234, 1.1214, 1.0949, 1.4535, 1.0294, 9.5323, 0.9021, 0, 0.0578, 0.0493, 1.1026, 1.1951, 0, 0.7582, 0, 0.7672, 0, 0.603, 1.5421, 0, 0.0578, 1.4882, 0, 1.5074, 0, 1.6694, 3.3449, 0.3161, 1.893, 0, 0.4048, 0.6554, 0, 8.7477, 3.9726, 2.6572, 0.4279],
      [0.2793, 2.528, 0.1572, 7.1523, 3.3695, 2.5488, 4.2232, 4.9026, 0, 1.933, 3.043, 0.2601, 0, 0.2129, 4.2529, 4.6098, 0.6238, 0.7092, 0.1691, 2.5878, 0.6794, 3.121, 0, 3.082, 0, 5.0196, 2.8277, 0.7115, 6.229, 7.2726, 2.4968, 0, 6.385, 1.9896, 1.3654, 2.2107, 0, 22.5229, 4.1145, 56.6249, 0.2614],
      [0, 6.8099, 1.3581, 0, 0, 0.2915, 0.4224, 0.5607, 0, 0, 0.348, 0.0297, 0.3249, 0.0208, 0.4254, 0.4611, 0, 0.0045, 0.0937, 0.296, 0.064, 0, 0, 1.7085, 0, 0.5741, 0, 0, 0, 0, 0, 0, 0.7303, 1.1029, 0.1562, 0.5701, 0.0283, 10.3582, 0, 0, 0.1651],
      [63.6862, 198.5738, 68.3541, 538.8829, 28.5071, 192.0383, 278.2595, 369.3797, 262.151, 556.5191, 229.7069, 19.7102, 14.6173, 13.717, 280.2191, 303.734, 33.3128, 1.5282, 12.7372, 194.9776, 42.1308, 235.1489, 398.4579, 232.2095, 14.7632, 378.1978, 291.2892, 388.372, 471.8771, 421.7234, 183.2463, 81.0087, 481.0755, 149.9074, 103.0736, 166.5638, 18.616, 2223.1369, 461.4797, 968.7958, 109.9384],
      [0.1213, 0, 0.1306, 3.9648, 0, 0, 0, 0.7035, 3.8196, 0.0156, 0, 0, 0, 0, 0, 0, 0.0634, 0, 0, 0.3714, 0.1258, 1.1271, 0, 0, 0.179, 0.7203, 2.8831, 0.409, 0.8939, 2.3346, 2.912, 0.6752, 0.9163, 0, 0, 0, 0.3558, 4.2343, 1.4332, 1.9221, 0.2071]
    ],
    [
      [1.9639, 5.9391, 0, 1.721, 0.4423, 19.78, 5.0642, 0.0303, 3.8331, 9.9024, 1.7807, 0, 0.7773, 0, 4.096, 12.9247, 0, 0.0819, 0, 1.3326, 0, 3.7512, 12.9772, 0, 0.6205, 13.9941, 0.2828, 5.2631, 1.6985, 17.4478, 2.5882, 3.2308, 9.1781, 0, 0.5927, 0, 0, 40.6658, 7.5249, 14.1203, 1.304],
      [0.966, 4.1153, 0.9274, 9.884, 2.8441, 10.3837, 6.7933, 2.4195, 0, 8.3852, 8.0721, 0.5603, 0, 1.362, 26.2535, 15.6076, 0.5064, 1.6305, 0.4935, 10.9573, 1.4024, 10.1206, 2.7597, 5.1807, 0, 17.6332, 4.8495, 6.0281, 7.2735, 7.7476, 5.1985, 0.2231, 15.3207, 1.6472, 4.1926, 1.3889, 0, 0, 6.7043, 16.7381, 0],
      [32.2179, 162.4738, 37.3326, 172.5149, 18.6053, 226.0262, 240.2431, 648.0343, 171.6047, 309.801, 243.5996, 14.6652, 18.2227, 17.0559, 396.2579, 463.2601, 2.3583, 3.2876, 25.4557, 245.4735, 29.1412, 157.3736, 252.7968, 210.6962, 0.7742, 499.3546, 165.3311, 216.4507, 234.4923, 285.5854, 114.1843, 52.8975, 455.3448, 299.9396, 165.4423, 286.1385, 23.4306, 1968.2287, 254.1295, 656.6694, 89.3576],
      [13.5169, 40.2985, 9.0814, 78.8041, 5.1083, 39.8101, 66.8994, 137.0578, 55.6802, 100.5663, 69.5476, 13.7745, 0, 1.5821, 70.3926, 102.2075, 2.081, 0, 3.0508, 58.8776, 18.8405, 47.4949, 67.4743, 56.1231, 2.556, 110.957, 77.4454, 80.4156, 69.1531, 75.8672, 29.8928, 13.7742, 116.8472, 40.4132, 46.7723, 50.4726, 5.865, 454.5924, 74.3678, 163.0861, 30.0508],
      [1.3353, 0.1733, 0.6587, 6.0759, 0, 0, 0, 14.4581, 2.8819, 5.3451, 0, 0, 0, 0, 0, 0, 5.0543, 0, 0, 3.3589, 0.6158, 10.2597, 1.9921, 0, 0.0493, 6.0611, 3.0913, 3.8425, 17.3825, 14.352, 6.1362, 0.8744, 13.3092, 0, 0, 0, 1.7043, 41.5131, 4.2736, 11.3862, 0.2875]
    ],
    [
      [1.3734, 2.9529, 0, 5.6311, 0.1373, 6.0165, 2.6782, 6.5238, 3.1589, 4.395, 3.2276, 0, 0.1228, 0.1373, 8.3093, 8.5153, 0.2101, 0.1228, 0.1373, 2.5408, 0.221, 2.3348, 3.0215, 2.5085, 0.1373, 6.3865, 4.1203, 6.5238, 3.983, 5.013, 1.6481, 0.412, 5.5624, 3.1589, 2.3348, 2.8155, 0, 37.5634, 5.3564, 11.3308, 1.2361],
      [0.241, 0.5181, 0.1084, 0.988, 0.1323, 0.5904, 0.4699, 1.1446, 0.5542, 0.7711, 1.1912, 0.2048, 0.012, 0.1323, 3.4122, 3.578, 0.1128, 0.012, 0.0241, 0.4458, 0.667, 0.4097, 0.5302, 0.5302, 0.0241, 1.1205, 0.7229, 1.1446, 0.6988, 0.8796, 0.2892, 0.0723, 0.976, 0.5542, 2.1161, 0.494, 0.0723, 6.5907, 0.9398, 1.9881, 0.2169],
      [13.1102, 28.187, 6.5177, 53.752, 1.311, 32.1201, 25.565, 62.2736, 30.1535, 41.9528, 30.8091, 11.1437, 0.6555, 1.311, 79.3169, 81.2835, 2.622, 0.6555, 1.4193, 24.2539, 7.2106, 22.2874, 28.8425, 31.7366, 1.311, 60.9626, 39.3307, 62.2736, 38.0197, 47.8524, 15.7323, 3.9331, 53.0965, 32.6428, 22.2874, 29.0947, 3.9331, 358.5649, 51.1299, 108.1594, 11.7992],
      [4.1931, 9.0151, 1.8869, 17.1916, 0.4193, 10.273, 8.1765, 19.917, 9.644, 13.4178, 9.8537, 5.1896, 0.2097, 0.4193, 25.368, 25.997, 0.8386, 0.2097, 0.4193, 7.7572, 2.3062, 7.1282, 9.2247, 9.2247, 0.4193, 19.4977, 12.5792, 19.917, 12.1599, 15.3047, 5.0317, 1.2579, 16.9819, 9.644, 7.2616, 8.5958, 1.6699, 114.6802, 16.3529, 34.5928, 3.7738],
      [1.0823, 2.3269, 0.487, 4.4374, 0, 0, 2.1105, 5.1409, 2.4893, 3.4633, 1.9185, 0.4619, 0, 0, 4.5936, 4.6263, 0.2165, 0, 0, 2.0022, 0.5953, 1.8399, 2.381, 0, 0.1082, 5.0327, 3.2469, 5.1409, 3.1387, 3.9504, 1.2988, 0.3247, 4.3833, 0, 0, 0, 0.3247, 29.6007, 4.2209, 8.9289, 0.9741]
    ],
    [
      [0.0057, 0.0227, 0, 0.0439, 0.2599, 0.0325, 0.0211, 0.039, 0.0203, 0.0349, 0.0097, 0.0008, 0.1319, 0.0016, 0.0349, 0.0276, 0.0016, 0, 0, 0.0154, 0.0032, 0.0179, 0.0301, 0.0179, 0.0016, 0.0374, 0.0406, 0.0414, 0.0512, 0.0431, 0.0203, 0.0097, 0.0601, 0.0154, 0.0097, 0.0227, 0, 0.1991, 0.0374, 0.1219, 0.0179],
      [0.0065, 0.0261, 0.0093, 0.0503, 0.0058, 0.0373, 0.0242, 0.0448, 0.0233, 0.0401, 0.0112, 0.0009, 0.0009, 0.2641, 0.0401, 0.0317, 0.0019, 0, 0.0047, 0.0177, 0.0037, 0.0205, 0.0345, 0.0205, 0.0019, 0.0429, 0.0466, 0.0475, 0.0587, 0.0494, 0.0233, 0.0112, 0.069, 0.0177, 0.0112, 0.0261, 0.0019, 0.2284, 0.0429, 0.1398, 0.0205],
      [0.1092, 0.4369, 0.1641, 0.8425, 0.0312, 0.6241, 0.4057, 0.7489, 0.3901, 0.6709, 0.1872, 0.0156, 0.0156, 0.0312, 0.6709, 0.5305, 0.0312, 0, 0.7376, 0.2964, 0.0624, 0.3432, 0.5773, 0.3432, 0.0312, 0.7177, 0.7801, 0.7957, 0.9829, 0.8269, 0.3901, 0.1872, 1.1546, 2.3834, 0.1872, 3.0338, 0.0312, 3.8226, 0.7177, 2.3403, 0.3432],
      [5.9609, 23.8435, 8.5155, 45.9839, 1.7031, 34.0622, 22.1404, 40.8746, 21.2888, 36.6168, 10.2186, 0.8516, 0.8516, 1.7031, 36.6168, 28.9528, 1.7031, 0, 4.2578, 16.1795, 3.4062, 18.7342, 31.5075, 18.7342, 1.7031, 39.1715, 42.5777, 43.4292, 53.6479, 45.1324, 21.2888, 10.2186, 63.015, 16.1795, 10.2186, 23.8435, 1.7047, 208.6307, 39.1715, 127.7331, 18.7342],
      [0.9177, 3.6708, 1.311, 7.0794, 0, 5.244, 3.4086, 6.2928, 3.2775, 5.6373, 1.5732, 0.1311, 0, 0, 5.6373, 4.4574, 0.2622, 0, 0, 2.4909, 0.5244, 2.8842, 4.8507, 2.8842, 0.2622, 6.0306, 6.555, 6.6861, 8.2592, 6.9483, 3.2775, 1.5732, 9.7013, 0.4039, 1.5732, 1.0739, 0.2622, 32.1193, 6.0306, 19.6649, 2.8842]
    ]
  ],
  "V_est": [
    [727.4116, 9.4006, 319.4214, 7.0988, 159.6676],
    [113.8411, 2135.3128, 178.8196, 865.3718, 4.6546],
    [59.4765, 170.4764, 26.9041, 11481.6237, 30.5193],
    [204.9097, 226.5704, 9866.2493, 2500.7984, 176.4722],
    [161.8586, 35.6806, 1558.6137, 498.0005, 110.8467],
    [1.5025, 1.5592, 26.9919, 1181.1068, 175.8396]
  ],
  "p_est": [
    [0.5948, 0.0077, 0.2612, 0.0058, 0.1306],
    [0.0345, 0.6475, 0.0542, 0.2624, 0.0014],
    [0.0051, 0.0145, 0.0023, 0.9756, 0.0026],
    [0.0158, 0.0175, 0.7604, 0.1927, 0.0136],
    [0.0684, 0.0151, 0.659, 0.2106, 0.0469],
    [0.0011, 0.0011, 0.0195, 0.8516, 0.1268]
  ],
  "EI_Z": {},
  "EI_V": 12.9423,
  "MAE_Z": {},
  "MAE_V": 284.8763,
  "MAE_p": 0.098,
  "runtime": 2.1783
}
