{
  "X": [
    [0, 2, 6, 2],
    [0, 0, 10, 0],
    [27, 157, 441, 45],
    [4, 35, 112, 13],
    [4, 31, 105, 12],
    [1, 4, 4, 0],
    [1, 3, 12, 0],
    [7, 25, 117, 12],
    [0, 7, 39, 3],
    [4, 88, 193, 17],
    [20, 46, 167, 14],
    [3, 9, 25, 7],
    [12, 4, 74, 5],
    [4, 5, 17, 3],
    [81, 397, 1597, 190],
    [1, 29, 46, 2],
    [7, 35, 141, 16],
    [3, 13, 23, 7],
    [1, 0, 5, 1],
    [5, 7, 17, 0],
    [9, 24, 93, 9],
    [1, 16, 130, 7],
    [43, 124, 865, 91],
    [14, 42, 206, 17],
    [16, 21, 113, 17],
    [3, 22, 60, 9],
    [5, 3, 23, 1],
    [0, 1, 5, 0],
    [1, 6, 76, 9],
    [0, 52, 75, 7],
    [19, 140, 297, 38],
    [40, 421, 1002, 79],
    [30, 122, 419, 62],
    [17, 77, 405, 46],
    [16, 44, 282, 22],
    [13, 54, 216, 24],
    [2, 5, 29, 8],
    [63, 204, 1324, 144],
    [1, 12, 52, 4],
    [19, 59, 274, 34],
    [15, 115, 287, 24],
    [14, 85, 368, 27],
    [9, 59, 147, 7],
    [301, 2171, 7050, 786],
    [12, 65, 223, 18],
    [0, 2, 13, 1],
    [24, 94, 297, 25],
    [9, 21, 67, 5],
    [5, 20, 112, 12],
    [4, 9, 35, 3],
    [1, 59, 190, 23],
    [3, 78, 166, 25],
    [4, 36, 93, 17],
    [6, 35, 59, 9],
    [3, 45, 96, 20],
    [6, 126, 203, 37],
    [6, 36, 154, 31],
    [1, 0, 13, 2],
    [1, 27, 34, 6],
    [2, 9, 42, 8],
    [0, 1, 4, 1],
    [1, 96, 177, 31],
    [2, 1, 8, 2],
    [0, 5, 11, 2],
    [9, 29, 119, 14],
    [0, 0, 7, 0],
    [6, 87, 90, 42],
    [6, 45, 168, 35],
    [0, 2, 7, 0],
    [1, 2, 3, 1],
    [10, 50, 215, 39],
    [7, 39, 191, 29],
    [21, 36, 280, 44],
    [8, 94, 243, 34],
    [1, 3, 13, 0],
    [1, 1, 13, 2],
    [12, 70, 202, 36],
    [11, 18, 132, 19],
    [3, 87, 137, 11],
    [1, 26, 38, 7],
    [20, 279, 487, 73],
    [9, 68, 134, 16],
    [15, 89, 268, 34],
    [18, 118, 315, 85],
    [12, 91, 289, 54],
    [12, 54, 156, 25],
    [9, 24, 189, 27],
    [14, 70, 174, 32],
    [12, 110, 306, 31],
    [5, 27, 66, 10],
    [2, 125, 284, 51],
    [9, 94, 226, 20],
    [1, 44, 110, 23],
    [4, 42, 113, 9],
    [27, 124, 438, 69],
    [5, 61, 161, 34],
    [6, 56, 185, 25],
    [7, 61, 226, 28],
    [2, 2, 23, 2],
    [88, 122, 513, 52],
    [187, 575, 2306, 369],
    [122, 349, 1425, 305],
    [1, 5, 19, 4]
  ],
  "W": [
    [1, 0, 5, 3, 1],
    [0, 0, 9, 1, 0],
    [29, 50, 402, 145, 44],
    [6, 19, 91, 34, 14],
    [9, 16, 82, 34, 11],
    [0, 0, 5, 4, 0],
    [0, 4, 8, 4, 0],
    [12, 16, 91, 25, 17],
    [2, 3, 32, 8, 4],
    [19, 23, 161, 85, 14],
    [10, 26, 151, 40, 20],
    [4, 5, 22, 10, 3],
    [1, 34, 42, 6, 12],
    [0, 1, 21, 3, 4],
    [86, 132, 1486, 393, 168],
    [15, 10, 27, 24, 2],
    [14, 18, 122, 36, 9],
    [2, 3, 19, 11, 11],
    [0, 0, 7, 0, 0],
    [1, 7, 13, 3, 5],
    [10, 11, 85, 19, 10],
    [4, 15, 116, 13, 6],
    [41, 103, 770, 115, 94],
    [18, 13, 184, 41, 23],
    [8, 18, 99, 23, 19],
    [8, 2, 58, 15, 11],
    [2, 3, 20, 5, 2],
    [0, 0, 6, 0, 0],
    [1, 5, 68, 5, 13],
    [12, 4, 57, 51, 10],
    [53, 54, 214, 122, 51],
    [127, 153, 813, 361, 88],
    [34, 38, 375, 115, 71],
    [27, 51, 335, 86, 46],
    [12, 28, 258, 45, 21],
    [10, 16, 205, 55, 21],
    [3, 2, 27, 2, 10],
    [47, 117, 1197, 216, 158],
    [6, 11, 38, 12, 2],
    [20, 25, 252, 61, 28],
    [45, 27, 233, 102, 34],
    [27, 24, 324, 75, 44],
    [15, 19, 111, 57, 20],
    [639, 595, 6174, 2040, 860],
    [21, 17, 189, 62, 29],
    [1, 1, 10, 2, 2],
    [29, 65, 225, 86, 35],
    [6, 25, 47, 17, 7],
    [8, 23, 84, 19, 15],
    [11, 7, 29, 2, 2],
    [3, 2, 169, 70, 29],
    [20, 12, 132, 80, 28],
    [8, 14, 78, 33, 17],
    [7, 7, 54, 35, 6],
    [15, 10, 77, 38, 24],
    [32, 15, 162, 122, 41],
    [17, 13, 125, 35, 37],
    [0, 1, 14, 0, 1],
    [4, 1, 30, 26, 7],
    [4, 3, 38, 6, 10],
    [0, 0, 4, 2, 0],
    [31, 9, 142, 92, 31],
    [0, 0, 12, 1, 0],
    [0, 1, 9, 6, 2],
    [3, 10, 111, 34, 13],
    [0, 0, 6, 1, 0],
    [33, 12, 67, 88, 25],
    [31, 13, 137, 32, 41],
    [0, 1, 6, 1, 1],
    [0, 1, 2, 3, 1],
    [10, 33, 171, 54, 46],
    [4, 15, 162, 42, 43],
    [12, 51, 231, 41, 46],
    [32, 22, 203, 81, 41],
    [3, 3, 10, 1, 0],
    [2, 2, 8, 1, 4],
    [26, 38, 159, 62, 35],
    [4, 17, 111, 21, 27],
    [26, 6, 97, 91, 18],
    [9, 1, 28, 22, 12],
    [98, 60, 364, 243, 94],
    [16, 16, 102, 71, 22],
    [27, 32, 216, 78, 53],
    [38, 30, 281, 110, 77],
    [29, 31, 226, 91, 69],
    [23, 10, 138, 55, 21],
    [6, 17, 168, 26, 32],
    [25, 17, 144, 50, 54],
    [40, 24, 253, 101, 41],
    [11, 9, 58, 22, 8],
    [45, 25, 217, 121, 54],
    [27, 17, 189, 81, 35],
    [18, 13, 83, 38, 26],
    [8, 2, 95, 39, 24],
    [50, 26, 386, 125, 71],
    [19, 14, 134, 59, 35],
    [15, 16, 150, 58, 33],
    [31, 24, 170, 60, 37],
    [0, 2, 22, 2, 3],
    [28, 143, 442, 100, 62],
    [154, 285, 2047, 550, 401],
    [98, 132, 1329, 351, 291],
    [1, 2, 16, 5, 5]
  ],
  "method": "mult",
  "cond_prob": [
    [
      [0, 0.56327722834, 0.38939897658, 0.04732379508],
      [0, 0.0040179862085, 0.96976587254, 0.026216141251],
      [0, 0, 0.91573522246, 0.084264777542],
      [0, 0.47838202611, 0.30686280726, 0.21475516663],
      [0, 0.0015766933301, 0.11133648935, 0.88708681732]
    ],
    [
      [0, 0, 1, 0],
      [0, 0, 1, 0],
      [0, 0, 1, 0],
      [0, 0, 1, 0],
      [0, 0, 1, -0]
    ],
    [
      [1.8059247518e-05, 0.67944458886, 0.30309651096, 0.017440840926],
      [0.2689848141, 0.0062105300695, 0.71484102708, 0.0099636287603],
      [0.031744837577, 0.049048626426, 0.88451047574, 0.034696060256],
      [0.00013966878688, 0.80536436742, 0.16063629047, 0.033859673326],
      [0.017467247657, 0.011140893645, 0.4000608287, 0.57133103]
    ],
    [
      [8.7650229476e-06, 0.66443401512, 0.31745833623, 0.018098883625],
      [0.14830927933, 0.0066405094291, 0.83357630994, 0.011473901297],
      [0.011720660401, 0.040686308559, 0.91117585175, 0.036417179289],
      [6.8236220348e-05, 0.79534518549, 0.16918031371, 0.035406264581],
      [0.0080836410393, 0.010216846035, 0.39915477989, 0.58254473304]
    ],
    [
      [1.1204955257e-05, 0.61546945008, 0.36272778948, 0.021791555483],
      [0.16384302093, 0.0052924724989, 0.81899143831, 0.011873068261],
      [0.015600568425, 0, 0.94112867102, 0.043270760557],
      [8.969056455e-05, 0.74376512484, 0.2123015667, 0.043843617893],
      [0.0087377027676, 0.0080073767885, 0.38552569004, 0.59772923041]
    ],
    [
      [9.3255239403e-05, 0.78781778461, 0.21208896015, 0],
      [1, 0, 0, 0],
      [0.19947201225, 0.080303200915, 0.72022478683, 0],
      [0.00065998468448, 0.89962099886, 0.099719016459, 0],
      [0.25490955731, 0.026361001128, 0.71872944156, 0]
    ],
    [
      [1.3178788022e-05, 0.65876530788, 0.34122151333, 0],
      [0.22443443438, 0, 0.77556556562, 0],
      [0.01273180113, 0, 0.98726819887, 0],
      [0.00010196335658, 0.75, 0.24989803664, 0],
      [0.027173658117, 0.018446517176, 0.95437982471, 0]
    ],
    [
      [1.9287298109e-05, 0.6015088347, 0.38128909238, 0.017182785623],
      [0.24335478054, 0.0044582908687, 0.74409062706, 0.008096301529],
      [0.028713115459, 0, 0.95006391261, 0.021222971926],
      [0.0082826304761, 0.70248501869, 0.25412420708, 0.035108143746],
      [0.016831340889, 0.0087315213138, 0.45353880197, 0.52089833583]
    ],
    [
      [9.8393892605e-36, 0.60387288568, 0.38079331912, 0.015333795198],
      [0, 0.0055498622292, 0.98496604999, 0.0094840877772],
      [0, 0, 0.98221138082, 0.017788619178],
      [0, 0.71774751802, 0.25106247134, 0.031190010639],
      [8.8625339615e-20, 0.0084061244543, 0.46106281368, 0.53053106187]
    ],
    [
      [6.3184183032e-06, 0.66186487014, 0.32070304458, 0.017425766867],
      [0.10979818692, 0.0069418705688, 0.87180325162, 0.011456690895],
      [0.0086122006584, 0.047416741309, 0.90965319812, 0.034317859911],
      [4.9417221951e-05, 0.79391385052, 0.17180270058, 0.034234031675],
      [0.0059826343586, 0.010580842809, 0.41412663705, 0.56930988578]
    ],
    [
      [2.9762612821e-05, 0.68791737167, 0.29874653819, 0.013306327533],
      [0.38416645391, 0.0053232342801, 0.60400483552, 0.0065054762907],
      [0.061893397847, 0.040325236227, 0.88082228153, 0.016959084393],
      [0.00022980448518, 0.81597941372, 0.15798519791, 0.025805583886],
      [0.032813965895, 0.012706748645, 0.44924182334, 0.50523746212]
    ],
    [
      [3.024617139e-05, 0.62150112628, 0.32958664417, 0.048881983384],
      [0.38354072781, 0.004031852703, 0.59152457415, 0.020902845342],
      [0.047416389203, 0, 0.8395076193, 0.1130759915],
      [0.00023044287591, 0.64818307625, 0.17117999538, 0.1804064855],
      [0.012236795012, 0.0040018229555, 0.18102099143, 0.8027403906]
    ],
    [
      [2.699521633e-05, 0.54475131088, 0.44193511287, 0.013286581034],
      [0.27819598822, 0, 0.72180401178, 0],
      [0.034833131922, 0, 0.96516686808, 0],
      [0.067708920645, 0.57587478152, 0.32832865014, 0.028087647699],
      [0.056005361735, 0, 0.54247901053, 0.40151562773]
    ],
    [
      [4.3228887802e-05, 0.84088222336, 0.14870603292, 0.010368514841],
      [0.70087376259, 0.0048419351806, 0.28949412387, 0.004790178367],
      [0.14472233335, 0.10407366554, 0.72893784649, 0.02226615462],
      [0.00028838521163, 0.91473523971, 0.067518637551, 0.017457737524],
      [0.06477302038, 0.016351342337, 0.30006379677, 0.61881184051]
    ],
    [
      [1.8124286525e-05, 0.64909352021, 0.32928279277, 0.021605562733],
      [0.25234950168, 0.0056003207353, 0.73043211917, 0.011618058411],
      [0.030352921749, 0.021724644167, 0.90172387248, 0.046198561609],
      [0.00014222709158, 0.78019320122, 0.17711674695, 0.042547824731],
      [0.015047441213, 0.0091664619761, 0.37319097642, 0.60259512039]
    ],
    [
      [5.1929540208e-06, 0.63541826859, 0.35379347467, 0.010783063786],
      [0.088371464112, 0.0060935541921, 0.89897215852, 0.0065628231778],
      [0.0038510683055, 0.020837268333, 0.96331204702, 0.011999616344],
      [4.1663870855e-05, 0.7842663809, 0.19386482952, 0.021827125712],
      [0.0056143437082, 0.011395521332, 0.52059755844, 0.46239257652]
    ],
    [
      [1.6098680668e-05, 0.61193411736, 0.35963543596, 0.028414348004],
      [0.21922918349, 0.0049523038995, 0.76128691502, 0.014531597587],
      [0.024207746264, 0, 0.91539723502, 0.060395018714],
      [0.00012797030683, 0.73008056039, 0.21302351903, 0.056767950271],
      [0.010633037815, 0.0067645236333, 0.32384778538, 0.65875465317]
    ],
    [
      [3.0790770337e-05, 0.73518702891, 0.24931312202, 0.015469058304],
      [0.47094519225, 0.0054779676851, 0.5159424863, 0.0076343537616],
      [0.064304507329, 0.10944989546, 0.8205759585, 0.0056696387071],
      [0.00022801743176, 0.84513981199, 0.12581715749, 0.028815013088],
      [0.032982637337, 0.012464190316, 0.36169221392, 0.59286095843]
    ],
    [
      [0.00023983811861, 0, 0.77763396827, 0.22212619361],
      [1, 0, 0, 0],
      [0.14285714286, 0, 0.71428571429, 0.14285714286],
      [0.0021309594497, 0, 0.46165643912, 0.53621260143],
      [0, 0, 0, 1]
    ],
    [
      [2.0713125495e-05, 0.85223175409, 0.14774753278, 0],
      [0.48749272007, 0.0089624067529, 0.50354487317, 0],
      [0.087946371979, 0.23384451272, 0.6782091153, 0],
      [0.00014058326073, 0.93165644037, 0.068202976364, 0],
      [0.088761132169, 0.050016682432, 0.8612221854, 0]
    ],
    [
      [2.8858223934e-05, 0.6682989908, 0.31461513536, 0.017057015615],
      [0.36970386955, 0.0049478243669, 0.61727461766, 0.0080736884228],
      [0.054816524875, 0.023213351694, 0.8927925895, 0.029177533928],
      [0.00022408205319, 0.7992834331, 0.16719585451, 0.033296630339],
      [0.02693066793, 0.010306390108, 0.39997365088, 0.56278929109]
    ],
    [
      [2.2862110322e-06, 0.65555383181, 0.3296481594, 0.014795722572],
      [0.042127697109, 0.0069624664404, 0.94071583232, 0.010194004136],
      [0.003051726347, 0.024892675387, 0.94440085501, 0.027654743252],
      [1.7918587278e-05, 0.7939314929, 0.17688819194, 0.029162396566],
      [0.0023070334393, 0.010781320582, 0.4534373668, 0.53347427918]
    ],
    [
      [1.5996794475e-05, 0.62559856259, 0.35379076395, 0.020594676663],
      [0.21778966144, 0.0052515027356, 0.76615044747, 0.010808388353],
      [0.025068483374, 0.011675715679, 0.9241641324, 0.039091668549],
      [0.00012764825817, 0.76513674672, 0.19349064842, 0.041244956594],
      [0.013293587823, 0.0088141192119, 0.40131144759, 0.57658084538]
    ],
    [
      [2.9415579973e-05, 0.61567818908, 0.36838749021, 0.015904905133],
      [0.33517958948, 0.004192427513, 0.65379979487, 0.0068281881374],
      [0.045351266599, 0, 0.93417744856, 0.020471284839],
      [0.016470767925, 0.74743193535, 0.20383203898, 0.032265257746],
      [0.027052231179, 0.0095035517163, 0.4619071178, 0.5015370993]
    ],
    [
      [4.174580087e-05, 0.6153320785, 0.36116383322, 0.023462342475],
      [0.42151479845, 0.0036505065285, 0.56595495787, 0.0088797371482],
      [0.063769673843, 0, 0.89387407733, 0.042356248827],
      [0.065854336269, 0.68994640701, 0.1971912, 0.047008056718],
      [0.030765906149, 0.0075193101691, 0.36287204404, 0.59884273964]
    ],
    [
      [1.9482681545e-05, 0.70863089971, 0.27478180163, 0.01656781598],
      [0.3241868951, 0.006357768256, 0.65987778688, 0.0095775497571],
      [0.036774322834, 0.06542222801, 0.86566167143, 0.032141777724],
      [0.00014725520892, 0.82634566763, 0.14202228688, 0.031484790279],
      [0.019668254165, 0.011687547893, 0.37666170608, 0.59198249186]
    ],
    [
      [8.8218005949e-05, 0.52491244916, 0.46274520108, 0.012254131745],
      [0.58580235573, 0.0015781882939, 0.41004439759, 0.0025750583844],
      [0.10173211688, 0, 0.89826788312, 0],
      [0.2137489535, 0.38661530542, 0.37835300134, 0.021282739741],
      [0.069514695843, 0.0061820048327, 0.493626868, 0.43067643133]
    ],
    [
      [0, 1, 0, 0],
      [0, 0.055061836315, 0.94493816369, 0],
      [0, 0.16666666667, 0.83333333333, 0],
      [0, 1, 0, 0],
      [1.1102230246e-16, 0.17138356852, 0.82861643148, -0]
    ],
    [
      [4.7777640973e-06, 0.65551737235, 0.32865105226, 0.015826797631],
      [0.087268412896, 0.0062042197595, 0.89613073077, 0.010396636572],
      [0.0073904280898, 0.01778660247, 0.95030527211, 0.024517697328],
      [3.6942856358e-05, 0.79537588431, 0.1738241495, 0.030763023333],
      [0.0046861025668, 0.0097763953311, 0.43852431098, 0.54701319112]
    ],
    [
      [0, 0.65821776127, 0.32908655822, 0.012695680511],
      [9.1236621197e-33, 0.0075212899205, 0.98333955497, 0.0091391551103],
      [1.1533844582e-17, 0.057722051663, 0.93197512002, 0.010302828316],
      [0, 0.79724665991, 0.17757627086, 0.02517706923],
      [1.2822756495e-16, 0.012156510508, 0.49386314262, 0.49398034687]
    ],
    [
      [1.6051748003e-05, 0.65643359952, 0.32709068463, 0.016459664099],
      [0.23335195026, 0.0058422391118, 0.75164842002, 0.0091573906113],
      [0.026117076674, 0.036552115098, 0.9135809568, 0.023749851432],
      [0.0001262226235, 0.7911584311, 0.17622419724, 0.032491149044],
      [0.015562556379, 0.01078543311, 0.43273533757, 0.54091667294]
    ],
    [
      [1.056671263e-05, 0.66992486955, 0.31552328504, 0.014541278698],
      [0.17103879929, 0.0067139095692, 0.81316443136, 0.0090828597844],
      [0.015760238848, 0.05436477626, 0.90559780107, 0.02427718382],
      [8.2617330417e-05, 0.80229827448, 0.16908535534, 0.028533752848],
      [0.011213894278, 0.012091741096, 0.4570859006, 0.51960846403]
    ],
    [
      [2.4559111031e-05, 0.65593414325, 0.32415452195, 0.019886775686],
      [0.3190551863, 0.0052174499001, 0.66583286381, 0.0098944999915],
      [0.043563501909, 0.02218763295, 0.89431950593, 0.039929359208],
      [0.00019220414361, 0.78689998614, 0.17384249445, 0.039065315272],
      [0.021361284766, 0.0096635953684, 0.38472388511, 0.58425123475]
    ],
    [
      [1.4223085152e-05, 0.593877945, 0.38358746144, 0.022520370481],
      [0.18676963291, 0.0047707838404, 0.79712561687, 0.011333966386],
      [0.02079234684, 0, 0.93718614447, 0.042021508694],
      [0.00011561799394, 0.70197251423, 0.25195636663, 0.045955501148],
      [0.010847507815, 0.0076597670704, 0.3992201338, 0.58227259131]
    ],
    [
      [2.0068050648e-05, 0.62264250757, 0.35865691572, 0.018680508655],
      [0.25861308064, 0.0048488241271, 0.72736839546, 0.0091696997723],
      [0.032511263555, 0.0068011115297, 0.92873757545, 0.031950049466],
      [0.00016069041239, 0.76551969674, 0.19675704306, 0.037562569795],
      [0.017307421898, 0.0090214145615, 0.42197335881, 0.55169780473]
    ],
    [
      [2.2194786689e-05, 0.652376894, 0.32672759703, 0.020873314191],
      [0.29816561537, 0.005264352174, 0.68596711587, 0.010602916591],
      [0.038192132027, 0.01999054222, 0.8989820622, 0.042835263548],
      [0.00017368692848, 0.783656376, 0.17514806932, 0.041021867757],
      [0.018580398076, 0.009182837627, 0.37298969579, 0.59924706851]
    ],
    [
      [1.9602899203e-05, 0.73269910403, 0.24920830434, 0.018072988728],
      [0.36279527874, 0.0059411470851, 0.62050691794, 0.010756656235],
      [0.040058959462, 0.037016212414, 0.86863880049, 0.054286027638],
      [0.00014189577895, 0.84390214407, 0.12304179444, 0.032914165708],
      [0.019247493678, 0.010277837042, 0.33120300491, 0.63927166437]
    ],
    [
      [1.771517686e-05, 0.61841052192, 0.3613368682, 0.020234894699],
      [0.23182217795, 0.0050057882154, 0.75295130456, 0.010220729268],
      [0.027999850811, 0.007295195907, 0.92826368806, 0.036441265222],
      [0.00014216661549, 0.76034825629, 0.19875734772, 0.040752229383],
      [0.014743311119, 0.008743388543, 0.41049773953, 0.56601556081]
    ],
    [
      [4.7592808786e-06, 0.59603321421, 0.3792938919, 0.024668134606],
      [0.075274793422, 0.0052474875538, 0.90536007707, 0.014117641951],
      [0.0043482946409, 0, 0.9484564162, 0.047195289156],
      [3.8282116344e-05, 0.69611540965, 0.25376746999, 0.050078838238],
      [0.003127067462, 0.006346717913, 0.33936117257, 0.65116504205]
    ],
    [
      [2.5613574841e-05, 0.62176628748, 0.35349407425, 0.02471402469],
      [0.31043765337, 0.0045656299435, 0.67359736354, 0.01139935314],
      [0.042435403787, 0, 0.90648253505, 0.051082061167],
      [0.00029568916661, 0.75795015307, 0.19244489967, 0.049309258086],
      [0.018813842883, 0.0076990772942, 0.35419452553, 0.6192925543]
    ],
    [
      [1.863077595e-05, 0.64726630869, 0.33892782221, 0.013787238325],
      [0.25578639259, 0.0054060971941, 0.73160325588, 0.0072042543342],
      [0.031839689708, 0.021318513465, 0.9305910905, 0.016250706331],
      [0.00014795103933, 0.78796272504, 0.18440086854, 0.027488455372],
      [0.019387950215, 0.01140117332, 0.48112786513, 0.48808301133]
    ],
    [
      [1.4932554751e-05, 0.64798072989, 0.33956894935, 0.012435388202],
      [0.21548451731, 0.0056898580231, 0.7719796669, 0.0068459577715],
      [0.024993070305, 0.02340484402, 0.93843545237, 0.013166633305],
      [0.00011871818551, 0.79008007993, 0.18498231407, 0.024818887819],
      [0.016393403705, 0.012017914618, 0.50857650543, 0.46301217625]
    ],
    [
      [1.8504990983e-05, 0.65201587021, 0.34084679049, 0.0071188343167],
      [0.25642936305, 0.0053973809333, 0.73446621093, 0.0037070450824],
      [0.031137248451, 0.025248396056, 0.94361435549, 0],
      [0.0029981945722, 0.80733513573, 0.18638708879, 0.0032795809073],
      [0.025021642921, 0.014826850524, 0.62835913071, 0.33179237585]
    ],
    [
      [1.5410650318e-05, 0.6481526524, 0.3334727847, 0.018359152249],
      [0.22087859582, 0.0057780507092, 0.7631559402, 0.010187413275],
      [0.025467749538, 0.023826763774, 0.91641541167, 0.03429007502],
      [0.00012160055067, 0.78315213699, 0.18037497199, 0.03635129047],
      [0.014048182918, 0.010064785986, 0.4150225717, 0.5608644594]
    ],
    [
      [2.0750023699e-05, 0.63973432508, 0.34717341157, 0.013071513325],
      [0.27347438047, 0.0050745252551, 0.71493822251, 0.0065128717621],
      [0.035490367753, 0.013540255319, 0.93836088411, 0.012608492823],
      [0.00016568437757, 0.78373512957, 0.18989113318, 0.02620805287],
      [0.021811994648, 0.011331929502, 0.49765349037, 0.46920258548]
    ],
    [
      [0, 0.63924822479, 0.35004806052, 0.010703714688],
      [7.4837411883e-50, 0.0049944573511, 0.98798702017, 0.0070185224794],
      [0, 0, 1, 0],
      [1.3000027125e-32, 0.67010318889, 0.32989681111, 0],
      [0, 0.0077754700405, 0.50108564854, 0.49113888142]
    ],
    [
      [1.7920597202e-05, 0.654273479, 0.33140095855, 0.014307641851],
      [0.25123066501, 0.0056107343369, 0.73547171557, 0.0076868850791],
      [0.031153456214, 0.027251545504, 0.92363011663, 0.017964881654],
      [0.00014150323524, 0.79220744914, 0.17928679504, 0.028364252594],
      [0.018508290015, 0.011426657515, 0.46709343073, 0.50297162174]
    ],
    [
      [1.8894419033e-05, 0.69337771123, 0.29370719563, 0.012896198721],
      [0.28859872608, 0.0061594308261, 0.69786482217, 0.0073770209273],
      [0.034797969759, 0.056241484865, 0.89479437381, 0.014166171568],
      [0.00014497645094, 0.82081627374, 0.15414019627, 0.024898553541],
      [0.02099275761, 0.012645931395, 0.44505962377, 0.52130168723]
    ],
    [
      [1.0839776093e-05, 0.61822308687, 0.36326090701, 0.018505166344],
      [0.15834635712, 0.005299623169, 0.82619442731, 0.010159592406],
      [0.01448168526, 0.0035292849952, 0.95137068092, 0.030618348821],
      [8.687056793e-05, 0.76337548829, 0.19927088143, 0.037266759712],
      [0.0093223310247, 0.0087819836729, 0.42601046474, 0.55588522056]
    ],
    [
      [2.677773095e-05, 0.65901656548, 0.31880368444, 0.022152972353],
      [0.35906345114, 0.0046435641124, 0.62590052022, 0.010392464527],
      [0.049925049457, 0.0043214510179, 0.90211110669, 0.043642392838],
      [0.00020619813103, 0.78911055439, 0.16756534147, 0.043117906004],
      [0.019011228238, 0.0073848213316, 0.30775152638, 0.66585242405]
    ],
    [
      [2.942878332e-06, 0.6338310256, 0.34895680597, 0.017209225551],
      [0.051136842216, 0.0065068948023, 0.9312486417, 0.011107621282],
      [0.0048330946732, 0.015042921699, 0.95237950232, 0.027744481303],
      [2.3450857478e-05, 0.77508684125, 0.19045460035, 0.034435107535],
      [0.0027338940392, 0.0099020854709, 0.44160946142, 0.54575455907]
    ],
    [
      [7.1863570343e-06, 0.64070765571, 0.33978939603, 0.019495761898],
      [0.11799710878, 0.006279024111, 0.86374112493, 0.011982742179],
      [0.010636465345, 0.020239832932, 0.93043494185, 0.038688759876],
      [5.6834160701e-05, 0.77718993001, 0.18403538326, 0.038717852569],
      [0.0062618146111, 0.0094159374464, 0.40353841413, 0.58078383381]
    ],
    [
      [1.1025832702e-05, 0.67735925679, 0.30094445047, 0.021685266909],
      [0.1883184431, 0.006775111016, 0.79114912473, 0.013757321157],
      [0.015418292675, 0.050364706048, 0.87715554958, 0.057061451701],
      [8.4681818089e-05, 0.79987944025, 0.15818966269, 0.041846215244],
      [0.0092960153694, 0.0095179877444, 0.34576264202, 0.63542335487]
    ],
    [
      [3.033097816e-05, 0.68075219945, 0.29493977023, 0.024277699335],
      [0.40114069274, 0.005103362891, 0.58222148092, 0.011534463455],
      [0.056407292682, 0.040335256552, 0.84533375777, 0.057923692999],
      [0.00023158377257, 0.79912832702, 0.15400296222, 0.046637126985],
      [0.022950599524, 0.0085692939826, 0.30362410748, 0.66485599901]
    ],
    [
      [9.7794517689e-06, 0.67463669487, 0.30559350037, 0.019760025303],
      [0.1698296387, 0.0068376685816, 0.81067969904, 0.012652993675],
      [0.014138239989, 0.054088635955, 0.88614417853, 0.045628945528],
      [7.5501548485e-05, 0.80012859954, 0.16147755496, 0.038318343942],
      [0.0087518076347, 0.010098380825, 0.37250215286, 0.60864765868]
    ],
    [
      [1.1272298131e-05, 0.66347708266, 0.31664488402, 0.019866761019],
      [0.18253194658, 0.0064752939841, 0.79886554869, 0.012127210746],
      [0.017540911808, 0.047061976884, 0.8925784673, 0.042818644009],
      [8.7795863223e-05, 0.79213035003, 0.1689345753, 0.038847278807],
      [0.0099834458424, 0.0099429508867, 0.38235733151, 0.59771627177]
    ],
    [
      [1.5183141325e-05, 0.61071140813, 0.36607549487, 0.023197913858],
      [0.20758061858, 0.0049505922664, 0.77558683273, 0.011881956421],
      [0.022959106755, 0, 0.92451359454, 0.052527298704],
      [0.00012173189682, 0.73010138178, 0.22307605472, 0.046700831604],
      [0.011541753627, 0, 0.38708720349, 0.60137104289]
    ],
    [
      [7.3698420169e-05, 0, 0.90012554729, 0.099800754287],
      [0.43153403689, 0, 0.55412825458, 0.014337708528],
      [0.039936667047, 0, 0.87805290871, 0.082010424239],
      [0.00085144762558, -0, 0.70478434029, 0.29436421209],
      [0.0093526244456, 0, 0.15313102343, 0.83751635212]
    ],
    [
      [1.2997640697e-05, 0.69834531341, 0.28445081961, 0.017190869343],
      [0.2556931525, 0.0066923877461, 0.72709170799, 0.010522751758],
      [0.02178624989, 0.094213938404, 0.85620698313, 0.027792828575],
      [9.8990923941e-05, 0.8190773472, 0.14787356141, 0.032950100466],
      [0.012584799458, 0.011071025619, 0.37202613185, 0.60431804307]
    ],
    [
      [1.567024874e-05, 0.68970467096, 0.2917412721, 0.01853838669],
      [0.27014056278, 0.0059974067931, 0.71299197837, 0.010870052062],
      [0.027492464791, 0.032678978119, 0.89865769374, 0.04117086335],
      [0.00011861482907, 0.81374946351, 0.15083369507, 0.035298226593],
      [0.014409027965, 0.0098891146218, 0.36400644439, 0.61169541302]
    ],
    [
      [1.6653345369e-16, 0.586618702, 0.32928361997, 0.084097678034],
      [0, 0.00356403511, 0.94640745137, 0.050028513524],
      [0, 0, 0.84729702035, 0.15270297965],
      [0, 0.5, 0.3054059593, 0.1945940407],
      [0, 0, 0, 1]
    ],
    [
      [2.5182726098e-06, 0.64638151324, 0.33196115049, 0.021654817993],
      [0.045790611472, 0.0070115806521, 0.93248638848, 0.014711419391],
      [0.0036701919047, 0.028048101676, 0.91718220862, 0.051099497799],
      [1.9784203513e-05, 0.7786441399, 0.17861848138, 0.042717594518],
      [0.0020909365518, 0.0090637920932, 0.37561461056, 0.61323066079]
    ],
    [
      [4.9938109679e-05, 0.83420990339, 0.12456194642, 0.041178212085],
      [0.87604900942, 0.001086061789, 0.11421535835, 0.0086495704412],
      [0.16664716991, 0.0075059122645, 0.6633807995, 0.16246611832],
      [0.00023396107871, 0.90992905283, 0.039430405994, 0.050406580101],
      [0, 0, 0, 1]
    ],
    [
      [0, 0.67123623054, 0.3087094743, 0.020054295163],
      [0, 0.0069269077106, 0.978331578, 0.014741514289],
      [0, 0.017550342056, 0.94219078199, 0.040258875953],
      [1.5854412679e-16, 0.80353046266, 0.15793742733, 0.038532110013],
      [0, 0.0069686189175, 0.29716341005, 0.69586797103]
    ],
    [
      [2.7659849522e-05, 0.63822299903, 0.34032238687, 0.021426954253],
      [0.34087131426, 0.0045987654516, 0.64472641186, 0.0098035084247],
      [0.047711335606, 0.0056162565577, 0.90506619621, 0.041606211626],
      [0.0002180261554, 0.77368766599, 0.18365365468, 0.04244065317],
      [0.022140979719, 0.0085044789834, 0.37116897555, 0.59818556575]
    ],
    [
      [0, 0, 1, 0],
      [0, 0, 1, 0],
      [0, 0, 1, 0],
      [0, 0, 1, 0],
      [0, 0, 1, -0]
    ],
    [
      [2.1233376949e-05, 0.6581600156, 0.30043045217, 0.04138829885],
      [0.30718100829, 0.005616616367, 0.66507846247, 0.022123912866],
      [0.030267205844, 0.022419992573, 0.85631369967, 0.090999101914],
      [0, 0.7222955858, 0.10493859679, 0.17276581742],
      [0.0114089763, 0.0059667614545, 0.21988956534, 0.7627346969]
    ],
    [
      [1.3897392822e-05, 0.62966074002, 0.34740835798, 0.022917004607],
      [0.20126365545, 0.0054287557485, 0.78085110702, 0.012456481781],
      [0.021414749248, 0.0041167606168, 0.91866470057, 0.055803789562],
      [0.00011008497139, 0.76584260954, 0.1884690523, 0.045578253185],
      [0.010873129119, 0.0082678908493, 0.37051714291, 0.61034183712]
    ],
    [
      [0, 0.92802312173, 0.071976878272, 0],
      [0, 0.014026180362, 0.98597381964, 0],
      [1.8503717077e-17, 0.15952583997, 0.84047416003, 0],
      [0, 0.98274054124, 0.017259458764, 0],
      [0, 0.046078238607, 0.95392176139, 0]
    ],
    [
      [5.12234382e-05, 0.68360961436, 0.29252766252, 0.023811499683],
      [0.79858417487, 0.00114598608, 0.19691732685, 0.0033525122],
      [0.083405753433, 0.014650021189, 0.85994854656, 0.041995678818],
      [0.0063454988849, 0.65569458287, 0.32172865096, 0.016231267285],
      [0.015567821605, 0.0024702229404, 0.11799962715, 0.86396232831]
    ],
    [
      [1.3017555611e-05, 0.63186434659, 0.34631566016, 0.021806975688],
      [0.18951110901, 0.0055580734097, 0.79285089668, 0.012079920907],
      [0.019043436835, 0.0093627708592, 0.92196873924, 0.049625053062],
      [0.00010314365327, 0.76855256661, 0.1879652369, 0.043379052828],
      [0.010521864591, 0.0085884282062, 0.38186927401, 0.59902043319]
    ],
    [
      [1.3328820013e-05, 0.64274966677, 0.3402247207, 0.017012283705],
      [0.19782405627, 0.0056866015216, 0.78697071169, 0.0095186305113],
      [0.021548143749, 0.01901724763, 0.93448294332, 0.024951665305],
      [0.00010549591612, 0.78164859194, 0.18443971614, 0.033806196007],
      [0.012496644763, 0.010085286807, 0.43492640806, 0.54249166037]
    ],
    [
      [2.1071407585e-05, 0.59145258373, 0.38258146982, 0.025944875044],
      [0.254203438, 0, 0.72949447885, 0.016302083148],
      [0.030736364105, 0, 0.91544047654, 0.053823159357],
      [0.0001705095047, 0.7049407072, 0.24218195301, 0.052706830285],
      [0.020180017548, 0, 0.36540421276, 0.61441576969]
    ],
    [
      [1.1252225242e-05, 0.66165988256, 0.32031704543, 0.018011819788],
      [0.17986010299, 0.0064047669714, 0.8028095319, 0.010925598139],
      [0.017758652711, 0.039511085332, 0.90875469399, 0.033975567969],
      [8.794761776e-05, 0.79305461754, 0.1715133916, 0.035344043236],
      [0.010502131842, 0.010434257107, 0.40776237183, 0.57130123922]
    ],
    [
      [1.4323766979e-05, 0.70272890838, 0.29725676786, 0],
      [0.27516009897, 0.0050161256373, 0.71982377539, 0],
      [0.017437011881, 0.0026636147024, 0.97989937342, 0],
      [0.00010661298561, 0.85012875093, 0.14976463608, 0],
      [0.033662084737, 0.021714243452, 0.94462367181, 0]
    ],
    [
      [2.7836477598e-05, 0.15767691703, 0.82426800619, 0.018027240301],
      [0.32703551275, 0.0017714287742, 0.66554801484, 0.0056450436401],
      [0.031893094295, 0, 0.9681069057, 0],
      [0.00023351361393, 0.68110330839, 0.28045155832, 0.038211619676],
      [0.022623758393, 0, 0.4987652885, 0.47861095311]
    ],
    [
      [1.4412378945e-05, 0.65371451272, 0.32272254852, 0.023548526379],
      [0.21672028311, 0.0059616934468, 0.76383337161, 0.013484651838],
      [0.021130138682, 0.025264606979, 0.89155066604, 0.062054588301],
      [0.00011231243386, 0.78154280506, 0.17226876242, 0.046076120083],
      [0.011359974246, 0.0086900541341, 0.3470378985, 0.63291207312]
    ],
    [
      [2.7111630224e-05, 0.6067976298, 0.37364337041, 0.019531888162],
      [0.31442214675, 0.0041200437403, 0.67295780381, 0.0085000057009],
      [0.040508774357, 0, 0.93184453655, 0.027646689097],
      [0.015939253511, 0.73822708272, 0.20627989426, 0.0395537695],
      [0.030500621535, 0, 0.41846379694, 0.55103558152]
    ],
    [
      [1.1351041874e-05, 0.62463435973, 0.3635979167, 0.011756372531],
      [0.16850867939, 0.0054304777493, 0.81965830933, 0.0064025335341],
      [0.01813025138, 0.00025386088979, 0.97566999586, 0.0059458918728],
      [9.1805976739e-05, 0.77468796796, 0.20133677569, 0.023883450366],
      [0.012314670491, 0.011427454975, 0.53704822909, 0.43920964544]
    ],
    [
      [1.2923803502e-05, 0.6748652466, 0.31106832028, 0.014053509318],
      [0.23827929033, 0.0060831950708, 0.74754372284, 0.0080937917601],
      [0.021227400654, 0.069595740076, 0.90917685927, 0],
      [0.0001004110207, 0.81046846227, 0.16498870712, 0.02444241959],
      [0.013752344556, 0.011761891125, 0.4471781482, 0.52730761612]
    ],
    [
      [1.2609793445e-05, 0.66395482589, 0.31889296817, 0.017139596151],
      [0.19639237372, 0.0063643016774, 0.78699601569, 0.010247308911],
      [0.019362680738, 0.052887661177, 0.89985578512, 0.027893872967],
      [9.8604145242e-05, 0.79537770565, 0.1708855279, 0.033638162312],
      [0.012162183202, 0.010879551298, 0.41974509698, 0.55721316852]
    ],
    [
      [2.1679108405e-05, 0.64638923926, 0.33789686489, 0.015692216745],
      [0.28909115491, 0.0051380669234, 0.69793877306, 0.007832005104],
      [0.038237259594, 0.015501478427, 0.92751199337, 0.018749268606],
      [0.00017169222192, 0.78538685865, 0.1832275251, 0.031213924033],
      [0.020991092244, 0.010542969893, 0.44596600849, 0.52249992937]
    ],
    [
      [1.6805586057e-05, 0.66235494727, 0.32276336417, 0.014864882975],
      [0.24503214958, 0.0058699215441, 0.74083878944, 0.00825913943],
      [0.028852298072, 0.037715724715, 0.91685606076, 0.016575916458],
      [0.00013186786438, 0.79707715511, 0.17351034283, 0.029280634198],
      [0.017285573312, 0.011508760335, 0.45290249134, 0.51830317501]
    ],
    [
      [1.9044119598e-05, 0.66107799481, 0.311125826, 0.027777135067],
      [0.27379274509, 0.0057998773261, 0.70516158084, 0.015245796752],
      [0.031019549563, 0.021726956623, 0.85575893388, 0.09149455993],
      [0.00014689108269, 0.7816449154, 0.16443090362, 0.053777289903],
      [0.013673279539, 0.0080366801626, 0.30476248529, 0.673527555]
    ],
    [
      [1.4048172623e-05, 0.63204275335, 0.34760820126, 0.020334997216],
      [0.20085364006, 0.0054996427275, 0.78256346995, 0.011083247262],
      [0.021885219074, 0.0079686799556, 0.92859495074, 0.041551150229],
      [0.00011162867524, 0.77008642771, 0.18924208151, 0.0405598621],
      [0.011839304939, 0.009007023715, 0.39965806247, 0.57949560888]
    ],
    [
      [3.3150731991e-05, 0.62179925355, 0.35198253336, 0.026185062359],
      [0.37299923517, 0.0041570111898, 0.6118395442, 0.011004209438],
      [0.051167409514, 0, 0.88984080231, 0.058991788173],
      [0.013073110685, 0.71823084907, 0.21655582179, 0.052140218459],
      [0.023291503851, 0.0073500170413, 0.33701930347, 0.63233917563]
    ],
    [
      [1.7831387895e-05, 0.60962635366, 0.36855625067, 0.021799564287],
      [0.23298211381, 0.0047235843734, 0.75154234216, 0.010751959655],
      [0.027309834405, 0.0025262058348, 0.92935710478, 0.040806854985],
      [0.00014318382679, 0.75319947622, 0.20270204864, 0.043955291312],
      [0.013981941169, 0.0079484994301, 0.39406861914, 0.58400094027]
    ],
    [
      [2.4001604855e-05, 0.69948250108, 0.28615156746, 0.014341929856],
      [0.34496806078, 0.0060281724744, 0.64122961646, 0.007774150286],
      [0.046563865897, 0.073658296877, 0.87046912999, 0.0093087072368],
      [0.00018381845814, 0.82214016018, 0.15010168704, 0.027574334324],
      [0.026306579897, 0.012901032996, 0.42764200488, 0.53315038223]
    ],
    [
      [1.5006779446e-05, 0.64203039353, 0.34223083304, 0.015723766656],
      [0.21500762651, 0.0055947610264, 0.77082356199, 0.0085740504759],
      [0.024615757281, 0.018778206448, 0.93417054612, 0.022435490147],
      [0.00011925694236, 0.78217477928, 0.18633637747, 0.031369586302],
      [0.014619149986, 0.010584659889, 0.45477753406, 0.52001865606]
    ],
    [
      [2.1044435304e-05, 0.67326313786, 0.30308508623, 0.02363073148],
      [0.30922721051, 0.00564311834, 0.67250283445, 0.012626836708],
      [0.035912234614, 0.034144238077, 0.87172946703, 0.058214060284],
      [0.00016146355455, 0.79518037624, 0.15905593292, 0.045602227286],
      [0.016282726354, 0.0086229165932, 0.31924986622, 0.65584449083]
    ],
    [
      [2.6418564186e-06, 0.63200006596, 0.34592282022, 0.022074471967],
      [0.045386291603, 0.0066038033433, 0.93358778086, 0.01442212419],
      [0.0034422774865, 0.013750034367, 0.92943595246, 0.053371735683],
      [2.0948040096e-05, 0.76811828852, 0.18792210734, 0.043938656096],
      [0.0021428684994, 0.0086820662867, 0.38273336844, 0.60644169678]
    ],
    [
      [1.4386303633e-05, 0.67156757791, 0.31673678505, 0.011681250742],
      [0.22224488468, 0.0062589505527, 0.76467215302, 0.0068240117452],
      [0.024463836489, 0.052577245902, 0.91537583113, 0.0075830864792],
      [0.00011271383092, 0.80691516576, 0.16999367073, 0.022978449678],
      [0.016818674669, 0.01325843814, 0.50494745114, 0.46497543605]
    ],
    [
      [2.844098735e-06, 0.64810259743, 0.33013245657, 0.0217621019],
      [0.05186084607, 0.0069565164449, 0.92643576322, 0.014746874267],
      [0.003179044896, 0.028534596538, 0.91118542815, 0.057100930412],
      [2.2286950822e-05, 0.78006225525, 0.17708490572, 0.042830552082],
      [0.0023480837237, 0.0089608200177, 0.37139745791, 0.61729363835]
    ],
    [
      [1.7572228572e-05, 0.66883598555, 0.32272162652, 0.008424815699],
      [0.26388703326, 0.0057406688829, 0.72579727882, 0.0045750190365],
      [0.030628343796, 0.040247410654, 0.92912424555, 0],
      [0.00013836308547, 0.82592270254, 0.17393893437, 0],
      [0.023208188945, 0.025139223608, 0.57984211093, 0.37181047651]
    ],
    [
      [2.6957334332e-05, 0.6201890614, 0.35643463972, 0.023349341549],
      [0.31903794736, 0.0044900907814, 0.66590543148, 0.010566530383],
      [0.041728282289, 0, 0.90890987459, 0.049361843123],
      [0.0091041255316, 0.73844078919, 0.20570657015, 0.046748515128],
      [0.020542716153, 0.0080099425415, 0.3705942808, 0.60085306051]
    ],
    [
      [1.1114423639e-05, 0.64717846218, 0.32915498846, 0.023655434936],
      [0.17505675877, 0.0060874833062, 0.80486859392, 0.013987164001],
      [0.016711485221, 0.01845930746, 0.90132407149, 0.063505135829],
      [8.6964401164e-05, 0.77705741392, 0.17638086895, 0.046474752729],
      [0.0087006938253, 0.0085271380397, 0.35125708733, 0.6315150808]
    ],
    [
      [1.2035537811e-05, 0.63035230986, 0.35169228464, 0.017943369969],
      [0.17735779463, 0.0055628169355, 0.80711997624, 0.0099594121887],
      [0.018667663977, 0.0091853841031, 0.94311019125, 0.029036760666],
      [9.6018846088e-05, 0.77179063569, 0.19216870529, 0.035944640171],
      [0.010799274642, 0.0095165392572, 0.43025401563, 0.54943017048]
    ],
    [
      [1.1447039064e-05, 0.59640610286, 0.38480955928, 0.018772890821],
      [0.15721432112, 0.004946367195, 0.8280653577, 0.0097739539835],
      [0.016845277241, 0, 0.95418514398, 0.028969578775],
      [9.3385888655e-05, 0.7013139683, 0.26014009499, 0.038452550817],
      [0.0096540851507, 0.0084827000166, 0.44263391623, 0.5392292986]
    ],
    [
      [2.3609103375e-05, 0.72068856351, 0.26758001686, 0.011707810518],
      [0.40154417857, 0.0041822334646, 0.58816461035, 0.0061089776165],
      [0.050746610882, 0.011807937441, 0.92459358415, 0.012851867527],
      [0.00016513493386, 0.85171153081, 0.1274278757, 0.020695458558],
      [0.026718644532, 0.0094792825803, 0.40925205887, 0.55455001402]
    ],
    [
      [2.9793770816e-05, 0.69680507357, 0.28686542456, 0.016299708101],
      [0.38951615581, 0.0056097507786, 0.59666042311, 0.0082136703018],
      [0.068775046489, 0.043328962791, 0.85955672345, 0.028339267268],
      [0.00022811558537, 0.81792518765, 0.1505215772, 0.031325119564],
      [0.030273764313, 0.011989407423, 0.39788867938, 0.55984814889]
    ],
    [
      [2.4477090858e-05, 0.65208860614, 0.32620958808, 0.021677328691],
      [0.31479519376, 0.0052062787715, 0.66921702709, 0.010781500374],
      [0.043502276757, 0.019177004966, 0.88954608163, 0.047774636643],
      [0.00019168499742, 0.78210043581, 0.17510871075, 0.042599168446],
      [0.020261877891, 0.0091870233055, 0.3686440167, 0.6019070821]
    ],
    [
      [2.9751021849e-05, 0.64448747452, 0.32884541086, 0.026637363592],
      [0.35602048489, 0.0047780571684, 0.62689173127, 0.012309726679],
      [0.051665791646, 0.0091365419946, 0.86816591178, 0.07103175458],
