{
  "X": [
    [38, 14, 48],
    [46, 15, 39],
    [39, 20, 41],
    [54, 16, 30],
    [45, 19, 36],
    [48, 12, 40],
    [27, 47, 26],
    [20, 49, 31],
    [27, 49, 24],
    [20, 49, 31],
    [26, 50, 24],
    [23, 48, 29],
    [27, 36, 37],
    [37, 22, 41],
    [33, 36, 31],
    [32, 25, 43],
    [33, 23, 44],
    [27, 36, 37],
    [28, 29, 43],
    [28, 23, 49],
    [38, 24, 38],
    [33, 35, 32],
    [33, 33, 34],
    [24, 32, 44],
    [41, 26, 33],
    [19, 29, 52],
    [21, 25, 54],
    [26, 35, 39],
    [29, 24, 47],
    [22, 27, 51],
    [30, 35, 35],
    [31, 49, 20],
    [23, 62, 15],
    [25, 63, 12],
    [24, 56, 20],
    [19, 61, 20],
    [24, 58, 18],
    [36, 45, 19],
    [39, 45, 16],
    [40, 45, 15],
    [37, 45, 18],
    [46, 31, 23],
    [48, 39, 13],
    [46, 35, 19],
    [41, 19, 40],
    [36, 26, 38],
    [49, 21, 30],
    [33, 32, 35],
    [34, 27, 39],
    [40, 26, 34]
  ],
  "W": [
    [57, 7, 3, 10, 10, 3, 6, 4],
    [55, 9, 7, 7, 3, 4, 7, 8],
    [50, 4, 12, 8, 6, 8, 5, 7],
    [53, 9, 8, 6, 4, 5, 2, 13],
    [61, 6, 7, 5, 4, 8, 5, 4],
    [54, 7, 9, 10, 5, 7, 3, 5],
    [13, 41, 13, 7, 7, 8, 5, 6],
    [9, 55, 6, 8, 7, 3, 5, 7],
    [6, 52, 7, 10, 7, 3, 7, 8],
    [6, 62, 3, 4, 2, 8, 6, 9],
    [4, 51, 7, 6, 4, 9, 14, 5],
    [11, 55, 5, 5, 7, 6, 5, 6],
    [7, 26, 34, 5, 11, 5, 6, 6],
    [7, 3, 62, 8, 4, 6, 5, 5],
    [5, 11, 53, 4, 4, 8, 7, 8],
    [6, 8, 54, 6, 5, 5, 10, 6],
    [4, 5, 59, 12, 7, 3, 6, 4],
    [7, 9, 53, 5, 7, 9, 6, 4],
    [7, 11, 34, 22, 5, 12, 3, 6],
    [8, 2, 3, 59, 11, 4, 5, 8],
    [8, 7, 6, 48, 7, 6, 10, 8],
    [11, 7, 7, 50, 13, 2, 7, 3],
    [5, 6, 5, 56, 9, 2, 11, 6],
    [4, 7, 6, 51, 7, 8, 7, 10],
    [8, 3, 8, 57, 2, 4, 9, 9],
    [4, 10, 10, 2, 60, 4, 5, 5],
    [3, 5, 9, 6, 59, 5, 6, 7],
    [3, 7, 4, 9, 59, 6, 8, 4],
    [11, 4, 5, 8, 56, 7, 4, 5],
    [5, 4, 3, 6, 63, 6, 5, 8],
    [3, 6, 4, 4, 57, 9, 9, 8],
    [7, 7, 7, 7, 15, 43, 3, 11],
    [5, 5, 3, 7, 4, 69, 3, 4],
    [6, 11, 5, 5, 2, 58, 7, 6],
    [5, 10, 6, 7, 6, 55, 5, 6],
    [10, 5, 8, 8, 6, 53, 4, 6],
    [5, 2, 9, 6, 3, 61, 6, 8],
    [5, 7, 5, 12, 4, 33, 26, 8],
    [4, 5, 2, 6, 5, 7, 65, 6],
    [9, 5, 6, 2, 7, 11, 54, 6],
    [12, 4, 7, 4, 5, 4, 60, 4],
    [6, 6, 5, 7, 6, 4, 61, 5],
    [10, 8, 9, 10, 5, 3, 52, 3],
    [4, 7, 9, 6, 6, 4, 48, 16],
    [10, 5, 4, 6, 5, 4, 5, 61],
    [5, 9, 7, 8, 5, 6, 4, 56],
    [7, 9, 3, 7, 7, 5, 7, 55],
    [8, 8, 8, 2, 4, 8, 4, 58],
    [5, 10, 9, 6, 7, 8, 5, 50],
    [7, 3, 7, 5, 11, 6, 7, 54]
  ],
  "method": "mult",
  "cond_prob": [
    [
      [0.47937169483, 0.012213830629, 0.50841447454],
      [0.10408557865, 0.6079640789, 0.28795034245],
      [0.26759428536, 0.16242235714, 0.5699833575],
      [0.26443587155, 0.20167246613, 0.53389166231],
      [0.13917643886, 0.18741872626, 0.67340483487],
      [0.15421550231, 0.798470368, 0.047314129693],
      [0.50064197471, 0.44725035133, 0.052107673955],
      [0.39928344789, 0.12449351049, 0.47622304162]
    ],
    [
      [0.55846257854, 0.011718822242, 0.42981859922],
      [0.12820806044, 0.61453033051, 0.25726160904],
      [0.32839654592, 0.16399253893, 0.50761091515],
      [0.32337760854, 0.20285748483, 0.47376490662],
      [0.17795933101, 0.197110828, 0.624929841],
      [0.18288261364, 0.77643149526, 0.040685891098],
      [0.55263190561, 0.40565443196, 0.041713662428],
      [0.47124491095, 0.12092261773, 0.40783247133]
    ],
    [
      [0.52068831547, 0.015851968447, 0.46345971608],
      [0.097380185861, 0.67650889103, 0.22611092311],
      [0.28471161158, 0.20623965959, 0.50904872883],
      [0.27742563889, 0.25242399515, 0.47015036596],
      [0.1499495501, 0.24093418717, 0.60911626273],
      [0.13498144168, 0.83026642385, 0.034752134467],
      [0.46483024683, 0.49457863472, 0.040591118451],
      [0.4213710726, 0.15684032661, 0.42178860078]
    ],
    [
      [0.67032112672, 0.012893426957, 0.31678544633],
      [0.15077202566, 0.66337539497, 0.18585257938],
      [0.41543242613, 0.19024718314, 0.39432039073],
      [0.40404001864, 0.23245247083, 0.36350751052],
      [0.2396833343, 0.24349137129, 0.5168252944],
      [0.19861861839, 0.77423192054, 0.027149461078],
      [0.58147251388, 0.39156483995, 0.02696264617],
      [0.56601705258, 0.13317149918, 0.30081144823]
    ],
    [
      [0.56857780219, 0.01594327369, 0.41547892412],
      [0.10735095944, 0.68814439091, 0.20450464965],
      [0.31898487821, 0.21290237932, 0.46811274246],
      [0.309655675, 0.25963910446, 0.43070522054],
      [0.17199077043, 0.2546193856, 0.57338984397],
      [0.14513433713, 0.82421170507, 0.030653957802],
      [0.48706331922, 0.47803073366, 0.034905947123],
      [0.46197604957, 0.15843334436, 0.37959060608]
    ],
    [
      [0.58330586784, 0.0088013253783, 0.40789280678],
      [0.15950393198, 0.54951901223, 0.29097705579],
      [0.36183190995, 0.12992514031, 0.50824294974],
      [0.35939775146, 0.16210494593, 0.47849730261],
      [0.20049276352, 0.15969355003, 0.63981368645],
      [0.23512408615, 0.71731399048, 0.047561923375],
      [0.62650384932, 0.33051143888, 0.042984711802],
      [0.50738027388, 0.093610672277, 0.39900905385]
    ],
    [
      [0.6120427728, 0.01681499161, 0.37114223559],
      [0.11389417718, 0.7049244709, 0.18118135192],
      [0.34775597968, 0.22692109863, 0.42532292169],
      [0.33582009147, 0.27491706899, 0.38926283954],
      [0.19099636136, 0.27673450478, 0.53226913386],
      [0.15087855003, 0.82255655049, 0.026564899486],
      [0.49806218891, 0.47235020537, 0.029587605717],
      [0.49555149794, 0.16605121894, 0.33839728312]
    ],
    [
      [0.51714655782, 0.016152107552, 0.46670133462],
      [0.096023430711, 0.67621045537, 0.22776611392],
      [0.28051159657, 0.20825891475, 0.51122948868],
      [0.27332762611, 0.25457058455, 0.47210178934],
      [0.1469328868, 0.24237308398, 0.61069402922],
      [0.1340090927, 0.8308260557, 0.035164851601],
      [0.46171077833, 0.49748030627, 0.040808915399],
      [0.41705897776, 0.15890875911, 0.42403226313]
    ],
    [
      [0.6443665778, 0.015256325028, 0.34037709717],
      [0.12945020939, 0.69088404523, 0.17966574538],
      [0.38033017518, 0.21401726823, 0.40565255659],
      [0.36808654119, 0.25984231646, 0.37207114235],
      [0.21357028969, 0.26699174746, 0.51943796285],
      [0.17086898161, 0.80289533504, 0.026235683349],
      [0.53518068664, 0.43713401451, 0.027685298852],
      [0.53081594098, 0.15331027406, 0.31587378497]
    ],
    [
      [0.49383857713, 0.012484209467, 0.4936772134],
      [0.10721022544, 0.61101917942, 0.28177059513],
      [0.27604842137, 0.16594665311, 0.55800492552],
      [0.27252304029, 0.2055040792, 0.52197288051],
      [0.14384338836, 0.1922063848, 0.66395022684],
      [0.15860066989, 0.79535142459, 0.046047905517],
      [0.50788592873, 0.44250623618, 0.049607835089],
      [0.41070917663, 0.12666378377, 0.4626270396]
    ],
    [
      [0.58965135915, 0.013364450409, 0.39698419044],
      [0.12710184595, 0.64841586525, 0.2244822888],
      [0.34501886301, 0.18577257971, 0.46920855728],
      [0.33739176115, 0.22787851107, 0.43472972778],
      [0.18868776183, 0.22568596517, 0.585626273],
      [0.17589341762, 0.78978751129, 0.034319071094],
      [0.54144897538, 0.42295542246, 0.035595602166],
      [0.49148827438, 0.13584653091, 0.37266519471]
    ],
    [
      [0.55907866605, 0.014375749079, 0.42654558487],
      [0.11362610394, 0.65856468088, 0.22780921518],
      [0.31724286901, 0.19389334474, 0.48886378625],
      [0.30987851668, 0.23758751331, 0.45253397],
      [0.17027227657, 0.23122343873, 0.5985042847],
      [0.15813213471, 0.80680494038, 0.035062924915],
      [0.50981265475, 0.45211442474, 0.038072920509],
      [0.46015333308, 0.14433455803, 0.39551210889]
    ],
    [
      [0.55375627505, 0.015019050537, 0.43122467442],
      [0.10910527625, 0.66802939003, 0.22286533372],
      [0.31117901037, 0.20051525807, 0.48830573156],
      [0.30339556406, 0.2453158682, 0.45128856773],
      [0.16658794384, 0.23831246081, 0.59509959535],
      [0.150966717, 0.81486653111, 0.034166751885],
      [0.4963905381, 0.46567329526, 0.037936166635],
      [0.45294298416, 0.14989144876, 0.39716556708]
    ],
    [
      [0.59599983228, 0.012147651233, 0.39185251648],
      [0.13612797121, 0.62955586366, 0.23431616512],
      [0.35620958663, 0.17261901102, 0.47117140235],
      [0.34937031404, 0.21254634893, 0.43808333703],
      [0.1967365488, 0.21157699284, 0.59168645837],
      [0.18953403277, 0.77428701808, 0.036178949141],
      [0.56401451218, 0.39955762021, 0.036427867615],
      [0.50279132461, 0.12515929774, 0.37204937766]
    ],
    [
      [0.61994891498, 0.018087084718, 0.3619640003],
      [0.10961963234, 0.7227808881, 0.16759947956],
      [0.34863964201, 0.24161432455, 0.40974603345],
      [0.33514310273, 0.29149321619, 0.37336368108],
      [0.19188518732, 0.2950972929, 0.51301751978],
      [0.14312041187, 0.83262645171, 0.024253136427],
      [0.48350602048, 0.4887858809, 0.027708098613],
      [0.49671790907, 0.17685172877, 0.32643036216]
    ],
    [
      [0.5328694796, 0.01264561022, 0.45448491017],
      [0.11625281131, 0.62423589949, 0.25951128921],
      [0.30488080715, 0.17189187291, 0.52322731993],
      [0.29989997089, 0.21222805063, 0.48787197848],
      [0.16249728864, 0.20328586136, 0.63421685],
      [0.16701370003, 0.79165616116, 0.041330138807],
      [0.52439354502, 0.4317004763, 0.043905978677],
      [0.44453345186, 0.12876820173, 0.42669834641]
    ],
    [
      [0.56410749904, 0.012898900356, 0.42299360061],
      [0.1226451161, 0.63645185952, 0.24090302437],
      [0.32758181477, 0.17812448306, 0.49429370217],
      [0.3212250793, 0.21927727735, 0.45949764335],
      [0.17736665738, 0.21405954449, 0.60857379814],
      [0.17237428897, 0.79007678033, 0.037548930701],
      [0.53523494257, 0.42532944862, 0.039435608811],
      [0.47096143705, 0.13153071273, 0.39750785022]
    ],
    [
      [0.53997972727, 0.019331572467, 0.44068870026],
      [0.089016546113, 0.72067586617, 0.19030758771],
      [0.28624484095, 0.24347920433, 0.47027595472],
      [0.27586770057, 0.29450397679, 0.42962832264],
      [0.15094122003, 0.28493865418, 0.5641201258],
      [0.11932007468, 0.85240309364, 0.02827683168],
      [0.43084851728, 0.53462860204, 0.034522880683],
      [0.42451715151, 0.18549379498, 0.38998905351]
    ],
    [
      [0.51390416963, 0.012737560589, 0.47335826978],
      [0.11096540519, 0.6212111548, 0.26782344001],
      [0.29039063138, 0.17097341068, 0.53863595794],
      [0.28595129421, 0.21127960125, 0.50276910454],
      [0.15319969901, 0.20019263409, 0.6466076669],
      [0.16115633811, 0.79573825716, 0.043105404725],
      [0.51319992482, 0.44040505106, 0.046395024119],
      [0.42746703266, 0.12928520587, 0.44324776147]
    ],
    [
      [0.48434746579, 0.01326810448, 0.50238442973],
      [0.10071653995, 0.62576349722, 0.27351996283],
      [0.26751107627, 0.17421717072, 0.55827175301],
      [0.26344259179, 0.21537995399, 0.52117745422],
      [0.13907194327, 0.20099708439, 0.65993097234],
      [0.14730290813, 0.80833659222, 0.04436049965],
      [0.48692785627, 0.46345970793, 0.049612435803],
      [0.39968867377, 0.13371098114, 0.46660034508]
    ],
    [
      [0.59253770522, 0.010815295715, 0.39664699907],
      [0.14543452463, 0.59984212536, 0.25472335],
      [0.35965244866, 0.15589828271, 0.48444926863],
      [0.35450910782, 0.19286316695, 0.45262772523],
      [0.1989879788, 0.19137158761, 0.6096404336],
      [0.20686824073, 0.75297516285, 0.040156596414],
      [0.58881750815, 0.37250826851, 0.038674223344],
      [0.50605798181, 0.11271720546, 0.38122481274]
    ],
    [
      [0.6230744968, 0.020856582664, 0.35606892053],
      [0.0991768871, 0.75240360566, 0.14841950724],
      [0.33948566395, 0.27012140495, 0.3903929311],
      [0.32373728053, 0.32335068928, 0.35291203019],
      [0.18584328727, 0.32816551222, 0.4859912005],
      [0.1271476699, 0.85175372412, 0.021098605978],
      [0.45076365506, 0.52393419006, 0.025302154877],
      [0.48734261658, 0.19919062648, 0.31346675694]
    ],
    [
      [0.59540408225, 0.017970210114, 0.38662570764],
      [0.10494318851, 0.71668760436, 0.17836920713],
      [0.33072116113, 0.23714771473, 0.43213112414],
      [0.31861228107, 0.28676079645, 0.39462692248],
      [0.17976841966, 0.28603145941, 0.53420012094],
      [0.13856360348, 0.83532804649, 0.026108350024],
      [0.47377043265, 0.49602804337, 0.030201523982],
      [0.47636815702, 0.17549775718, 0.3481340858]
    ],
    [
      [0.45642992664, 0.016081281961, 0.5274887914],
      [0.083429905329, 0.66410737204, 0.25246272263],
      [0.240201968, 0.20100917895, 0.55878885304],
      [0.23499927458, 0.24680242032, 0.5181983051],
      [0.12271165328, 0.22787268906, 0.64941565767],
      [0.11964131872, 0.84023394081, 0.04012474047],
      [0.4284506331, 0.52295587674, 0.048593490165],
      [0.36620422285, 0.15744507596, 0.47635070119]
    ],
    [
      [0.63749684923, 0.013783574147, 0.34871957663],
      [0.13650369849, 0.66822425474, 0.19527204677],
      [0.38257045932, 0.19651181664, 0.42091772404],
      [0.37206714203, 0.23990220721, 0.38803065076],
      [0.21546220151, 0.24553391971, 0.53900387878],
      [0.18242826832, 0.78864090849, 0.028930823186],
      [0.55421185107, 0.41603352258, 0.029754626347],
      [0.53206816522, 0.14043719443, 0.32749464035]
    ],
    [
      [0.49451742263, 0.015199549429, 0.49028302794],
      [0.094336242838, 0.65919527349, 0.24646848368],
      [0.2678748646, 0.1961719135, 0.5359532219],
      [0.26203447098, 0.24086667084, 0.49709885817],
      [0.1391884615, 0.22659351175, 0.63421802674],
      [0.13417408528, 0.82695295222, 0.038872962493],
      [0.46214808159, 0.49275692014, 0.045094998269],
      [0.40111613123, 0.15065506016, 0.44822880861]
    ],
    [
      [0.4981924898, 0.01312753375, 0.48867997645],
      [0.10446151988, 0.6257803152, 0.26975816492],
      [0.27730700626, 0.17405558475, 0.54863740899],
      [0.2729430367, 0.21504693933, 0.51201002397],
      [0.14494407848, 0.20218702472, 0.6528688968],
      [0.15216505958, 0.80425651878, 0.043578421636],
      [0.497240957, 0.45476118024, 0.047997862753],
      [0.41197627258, 0.13265099388, 0.45537273354]
    ],
    [
      [0.62345531273, 0.016698179897, 0.35984650738],
      [0.11625922596, 0.70701974177, 0.17672103227],
      [0.35683992782, 0.22760775384, 0.41555231834],
      [0.34426779256, 0.27561099384, 0.3801212136],
      [0.19725473532, 0.27963661042, 0.52310865426],
      [0.15309913361, 0.82109695636, 0.02580391003],
      [0.50369205177, 0.46770553123, 0.028602416999],
      [0.50564857218, 0.16544806744, 0.32890336039]
    ],
    [
      [0.59315066756, 0.012081317647, 0.39476801479],
      [0.13550440865, 0.62735562403, 0.23713996732],
      [0.35378801288, 0.17158636343, 0.4746256237],
      [0.34712583067, 0.21133956514, 0.44153460419],
      [0.19490391673, 0.21001452765, 0.59508155562],
      [0.18938264158, 0.77385850101, 0.036758857411],
      [0.56408500568, 0.39897890287, 0.03693609145],
      [0.50033975264, 0.12452032426, 0.3751399231]
    ],
    [
      [0.52661314517, 0.014432571391, 0.45895428344],
      [0.10495671196, 0.65420121834, 0.2408420697],
      [0.2931879551, 0.19142379218, 0.51538825272],
      [0.28683301737, 0.23508383469, 0.47808314794],
      [0.15496152007, 0.22486344278, 0.62017503715],
      [0.14805520321, 0.81426589065, 0.037678906145],
      [0.49086878921, 0.4670283903, 0.042102820485],
      [0.43158889373, 0.14454720614, 0.42386390012]
    ],
    [
      [0.66299990847, 0.015366813172, 0.32163327836],
      [0.13276665449, 0.69775032332, 0.16948302219],
      [0.39522921647, 0.21803636172, 0.38673442181],
      [0.38166601661, 0.26425489116, 0.35407909223],
      [0.22452206187, 0.27522178539, 0.50025615273],
      [0.1731363299, 0.80236039914, 0.024503270957],
      [0.54031092356, 0.43391293039, 0.025776146052],
      [0.54654366517, 0.15470924866, 0.29874708617]
    ],
    [
      [0.6697319228, 0.014074886333, 0.31619319087],
      [0.14355085781, 0.67877763655, 0.17767150565],
      [0.40783105679, 0.20353066667, 0.38863827654],
      [0.39541933174, 0.24754315336, 0.35703751491],
      [0.23355509457, 0.25883271226, 0.50761219317],
      [0.18868729257, 0.78549894917, 0.025813758256],
      [0.56474507574, 0.4091997026, 0.026055221662],
      [0.55932262202, 0.14333094828, 0.2973464297]
    ],
    [
      [0.56496603007, 0.013176173204, 0.42185779673],
      [0.12198092194, 0.64004723593, 0.23797184213],
      [0.32606115896, 0.18072422562, 0.49321461543],
      [0.31981588125, 0.22232698599, 0.45785713276],
      [0.17550344422, 0.21619098495, 0.60830557083],
      [0.17155077948, 0.79169043997, 0.036758780549],
      [0.53339113312, 0.42815412754, 0.038454739339],
      [0.4706130528, 0.13384162821, 0.39554531899]
    ],
    [
      [0.63234085331, 0.016002139148, 0.35165700754],
      [0.12288483783, 0.69870288511, 0.17841227706],
      [0.36684960164, 0.22043649377, 0.41271390459],
      [0.35478486872, 0.26738492513, 0.37783020615],
      [0.20369597922, 0.27186790074, 0.52443612003],
      [0.16228544532, 0.81180365965, 0.025910895028],
      [0.51950674333, 0.45254452263, 0.027948734035],
      [0.51697833979, 0.15948530233, 0.32353635787]
    ],
    [
      [0.55114374346, 0.013135571509, 0.43572068503],
      [0.11864075236, 0.63586241583, 0.24549683182],
      [0.31597603084, 0.17888040975, 0.50514355941],
      [0.31017373135, 0.2202450923, 0.46958117635],
      [0.16913742576, 0.21271656482, 0.61814600942],
      [0.16825020833, 0.79338918286, 0.03836060881],
      [0.52701266577, 0.43251484704, 0.040472487187],
      [0.45857704109, 0.13325984116, 0.40816311775]
    ],
    [
      [0.49568885663, 0.019514038957, 0.48479710442],
      [0.080622482351, 0.71311688256, 0.20626063509],
      [0.25579064277, 0.23901844535, 0.50519091189],
      [0.24735583822, 0.2899183375, 0.46272582429],
      [0.13185786153, 0.27357154853, 0.59457058994],
      [0.11028248957, 0.8585882999, 0.031129210537],
      [0.40793317116, 0.55322767595, 0.03883915289],
      [0.38748189312, 0.18595015037, 0.42656795651]
    ],
    [
      [0.53772305138, 0.014225172564, 0.44805177606],
      [0.10968056995, 0.65166675506, 0.23865267499],
      [0.30190925579, 0.18958344365, 0.50850730056],
      [0.29565857991, 0.23286140005, 0.47148002003],
      [0.16011487844, 0.22326907729, 0.61661604427],
      [0.15461329321, 0.80834958743, 0.037037119367],
      [0.50211525314, 0.45733039514, 0.040554351718],
      [0.44245315874, 0.14267388193, 0.41487295933]
    ],
    [
      [0.59322943628, 0.012431231926, 0.3943393318],
      [0.13461723283, 0.63232050182, 0.23306226534],
      [0.3525164113, 0.1750629484, 0.47242064031],
      [0.34578323855, 0.21539332351, 0.43882343794],
      [0.19383340313, 0.21349884771, 0.59266774916],
      [0.18769459403, 0.77646821935, 0.035837186622],
      [0.55969121097, 0.40416509299, 0.036143696045],
      [0.49929288605, 0.12747088716, 0.37323622679]
    ],
    [
      [0.50933457555, 0.015480509051, 0.4751849154],
      [0.097903926088, 0.66590973658, 0.23618633733],
      [0.27790882137, 0.19988726871, 0.52220390993],
      [0.27171028005, 0.24515160268, 0.48313811727],
      [0.1452670819, 0.23148759639, 0.6232453217],
      [0.1377289252, 0.82573313262, 0.036537942181],
      [0.46765223772, 0.49026353719, 0.042084225083],
      [0.41359758358, 0.15308856443, 0.43331385199]
    ],
    [
      [0.58939920349, 0.01732735665, 0.39327343986],
      [0.10734305468, 0.70689058701, 0.18576635831],
      [0.32904077375, 0.22900346608, 0.44195576017],
      [0.31799151658, 0.27763405779, 0.40437442562],
      [0.17841268497, 0.27515196019, 0.54643535484],
      [0.14294145606, 0.82979134352, 0.027267200416],
      [0.48097125872, 0.48791774628, 0.031110994998],
      [0.47443317522, 0.16989107958, 0.35567574519]
    ],
    [
      [0.51352006887, 0.019289212641, 0.46719071849],
      [0.084896525922, 0.7148792514, 0.20022422267],
      [0.26883765421, 0.23906752297, 0.49209482281],
      [0.25982591569, 0.28987924041, 0.4502948439],
      [0.14000927805, 0.27584872292, 0.58414199903],
      [0.1151257354, 0.85493528308, 0.029938981521],
      [0.41917681393, 0.54383726102, 0.036985925045],
      [0.40328138071, 0.18454284457, 0.41217577472]
    ],
    [
      [0.51165375746, 0.0096170479352, 0.47872919461],
      [0.13095466111, 0.55142876229, 0.3176165766],
      [0.30046946111, 0.13369224111, 0.56583829778],
      [0.29930827426, 0.16707089326, 0.53362083248],
      [0.15923815722, 0.15698814681, 0.68377369597],
      [0.20081144393, 0.74550947747, 0.0536790786],
      [0.57489759622, 0.37297727203, 0.052125131758],
      [0.43857982892, 0.10041368744, 0.46100648363]
    ],
    [
      [0.69961460338, 0.016484178299, 0.28390121832],
      [0.1362347697, 0.72012233576, 0.14364289454],
      [0.42116200949, 0.23501752279, 0.34382046772],
      [0.40432304444, 0.28306797341, 0.31260898216],
      [0.24413507049, 0.30190089313, 0.45396403638],
      [0.17307666373, 0.80677234586, 0.020150990414],
      [0.53955054156, 0.43914735085, 0.021302107596],
      [0.57367279443, 0.16469379077, 0.2616334148]
    ],
    [
      [0.62259038434, 0.013809386732, 0.36360022893],
      [0.13340050441, 0.6640604221, 0.20253907349],
      [0.37034553398, 0.19457255056, 0.43508191546],
      [0.36076353999, 0.23780296122, 0.40143349878],
      [0.2066248583, 0.24058207886, 0.55279306283],
      [0.17992911, 0.78989284401, 0.030178045991],
      [0.54847927553, 0.42032879572, 0.031191928747],
      [0.51902115514, 0.14028033347, 0.34069851139]
    ],
    [
      [0.5418629077, 0.012713989015, 0.44542310328],
      [0.11794311644, 0.62909074896, 0.25296613459],
      [0.31158839418, 0.17378762415, 0.51462398167],
      [0.30620190514, 0.21445879934, 0.47933929552],
      [0.16694034119, 0.20650366158, 0.62655599723],
      [0.1679072148, 0.79216857806, 0.039924207135],
      [0.52675921393, 0.43077025538, 0.042470530688],
      [0.45225452661, 0.12963932372, 0.41810614968]
    ],
    [
      [0.53610646441, 0.015161239918, 0.44873229567],
      [0.10429036552, 0.6677601306, 0.22794950388],
      [0.29812358141, 0.20023605203, 0.50164036656],
      [0.29086645856, 0.24524480244, 0.463888739],
      [0.15835912891, 0.2358954796, 0.60574539149],
      [0.14495351858, 0.81992996064, 0.035116520786],
      [0.48436335695, 0.47587621062, 0.039760432434],
      [0.43729880558, 0.15096649764, 0.41173469677]
    ],
    [
      [0.65709835117, 0.011305615476, 0.33159603335],
      [0.16097006579, 0.62698102371, 0.21204891049],
      [0.41271820155, 0.16863197729, 0.41864982116],
      [0.40414910192, 0.20729555341, 0.38855534467],
      [0.2374157772, 0.21512783962, 0.54745638318],
      [0.21800049145, 0.75017188214, 0.031827626412],
      [0.60707664, 0.36288567553, 0.030037684466],
      [0.56254462619, 0.11814829261, 0.3193070812]
    ],
    [
      [0.5190748176, 0.020440233293, 0.4604849491],
      [0.08176590629, 0.72890671316, 0.18932738055],
      [0.2689425578, 0.25149358109, 0.47956386111],
      [0.25880309543, 0.30380909603, 0.43738780854],
      [0.14030735069, 0.29096298727, 0.56872966204],
      [0.10949747063, 0.86240359952, 0.028098929851],
      [0.40730846047, 0.55726599514, 0.035425544396],
      [0.40347108839, 0.19394278867, 0.40258612294]
    ],
    [
      [0.52069390094, 0.014308946664, 0.4649971524],
      [0.10477171265, 0.6508153378, 0.24441294955],
      [0.2900036499, 0.18921181932, 0.52078453078],
      [0.28401157798, 0.23258591387, 0.48340250815],
      [0.15313301263, 0.22159320452, 0.62527378284],
      [0.14829585538, 0.81336622318, 0.038337921448],
      [0.48996273425, 0.46713291081, 0.042904354947],
      [0.42735179952, 0.14331526181, 0.42933293867]
    ],
    [
      [0.5870988186, 0.016826462077, 0.39607471932],
      [0.10794612648, 0.70192384834, 0.19013002518],
      [0.32928202725, 0.22424686643, 0.44647110632],
      [0.31845033123, 0.27228820521, 0.40926146356],
      [0.17882235164, 0.27010096784, 0.55107668051],
      [0.14402600496, 0.82785167149, 0.028122323545],
      [0.48462509861, 0.4833028487, 0.032072052687],
      [0.4741937459, 0.16597213941, 0.35983411469]
    ]
  ],
  "expected_outcome": [
    [
      [27.3241866052, 30.7154418196, 26.0344157737, 35.527019716, 34.6832459335, 31.4985168632, 7.9565560465, 4.6543190204, 3.8661994668, 2.9630314628, 2.3586054366, 6.1498653266, 3.8762939253, 4.171998826, 3.0997445749, 3.1972168776, 2.2564299961, 3.7798580909, 3.5973291874, 3.8747797263, 4.7403016417, 6.8538194648, 2.9770204112, 1.8257197066, 5.0999747938, 1.9780696905, 1.4945774694, 1.8703659382, 6.5246573431, 2.6330657258, 1.9889997254, 4.6881234596, 2.8248301503, 3.7940451199, 2.7557187173, 4.9568885663, 2.6886152569, 2.9661471814, 2.0373383022, 5.3045928314, 6.1622408264, 3.0699225447, 6.9961460338, 2.4903615373, 5.418629077, 2.680532322, 4.5996884582, 4.1525985408, 2.6034695047, 4.1096917302],
      [0.69618834584, 0.64453522331, 0.79259842237, 0.68335162874, 0.9725396951, 0.47527157043, 0.21859489093, 0.14536896797, 0.091537950168, 0.074905256804, 0.053457801637, 0.15813323987, 0.10513335376, 0.085033558631, 0.090435423592, 0.075873661323, 0.051595601426, 0.13532100727, 0.08916292412, 0.10614483584, 0.086522365722, 0.2294224093, 0.089851050572, 0.064325127844, 0.11026859318, 0.060798197717, 0.039382601249, 0.050094539691, 0.13289449412, 0.072162856954, 0.046100439517, 0.098524204332, 0.065880866018, 0.096012834886, 0.065677857543, 0.19514038957, 0.071125862822, 0.062156159631, 0.061922036202, 0.15594620985, 0.23147055169, 0.057702287611, 0.16484178299, 0.055237546929, 0.12713989015, 0.075806199589, 0.079139308335, 0.16352186634, 0.07154473332, 0.11778523454],
      [28.979625049, 23.6400229571, 23.1729858039, 16.7896286553, 25.3442143714, 22.0262115663, 4.8248490626, 4.2003120116, 2.042262583, 2.9620632804, 1.5879367618, 4.6920014336, 3.0185727209, 2.7429676154, 1.8098200015, 2.726909461, 1.6919744024, 3.0848209018, 3.3135078885, 4.0190754378, 3.1731759926, 3.9167581259, 1.9331285382, 2.1099551656, 2.789756613, 1.9611321118, 1.4660399294, 1.0795395221, 4.3424481627, 2.2947714172, 0.96489983507, 2.2133523361, 2.1092889837, 2.1099420452, 2.1786034251, 4.8479710442, 2.2402588803, 1.971696659, 1.9007396616, 3.5394609587, 5.6062886219, 2.8723751676, 2.8390121832, 1.4544009157, 4.4542310328, 2.2436614784, 2.3211722335, 3.6838795928, 2.324985762, 2.7725230353]
    ],
    [
      [0.72859905054, 1.153872544, 0.38952074344, 1.3569482309, 0.64410575661, 1.1165275239, 4.6696612643, 5.2812886891, 6.7314108882, 6.6470339775, 6.4821941433, 6.2494357165, 2.8367371825, 0.40838391364, 1.2058159558, 0.93002249044, 0.6132255805, 0.80114891501, 1.2206194571, 0.20143307989, 1.0180416724, 0.6942382097, 0.62965913103, 0.58400933731, 0.40951109546, 0.94336242838, 0.52230759941, 0.8138145817, 0.5420176346, 0.41982684785, 0.79659992694, 1.0048560047, 0.6099046097, 1.3517332161, 1.1864075236, 0.40311241176, 0.2193611399, 0.94232062984, 0.48951963044, 0.53671527342, 0.33958610369, 0.78572796664, 1.0898781576, 0.93380353089, 0.58971558222, 0.93861328966, 1.4487305921, 0.65412725032, 1.0477171265, 0.32383837944],
      [4.2557485523, 5.5307729746, 2.7060355641, 5.9703785547, 4.1288663455, 3.8466330856, 28.9019033068, 37.1915750451, 35.9259703519, 37.8831891242, 33.0692091278, 36.2210574487, 17.3687641408, 1.888667591, 7.9505897691, 4.9938871959, 3.1822592976, 6.4860827956, 6.8333227028, 1.2515269944, 4.1988948775, 5.2668252396, 4.3001256262, 4.6487516043, 2.0046727642, 6.5919527349, 3.128901576, 4.9491381924, 2.5094224961, 2.6168048734, 4.1865019399, 4.7514434558, 3.2002361797, 7.6857317362, 6.3586241583, 3.5655844128, 1.3033335101, 4.4262435128, 3.3295486829, 3.534452935, 2.8595170056, 3.3085725738, 5.7609786861, 4.6484229547, 3.1454537448, 6.0098411754, 5.6428292134, 5.8312537053, 6.508153378, 2.105771545],
      [2.0156523971, 2.3153544814, 0.90444369243, 1.6726732144, 1.2270278979, 2.0368393905, 7.4284354289, 12.5271362658, 9.3426187598, 17.4697768983, 11.448596729, 12.5295068349, 5.7944986767, 0.70294849537, 1.8435942752, 2.0760903137, 1.2045151219, 1.7127682894, 2.9460578401, 0.54703992566, 1.78306345, 1.0389365507, 1.0702152428, 1.7672390584, 0.58581614032, 2.4646848368, 1.3487908246, 1.2370472259, 0.94855986929, 0.96336827879, 1.0168981331, 1.2437005395, 1.1898592106, 1.9625350477, 2.4549683182, 1.0313031755, 0.47730534998, 1.6314358574, 1.1809316867, 0.92883179154, 0.8008968907, 1.9056994596, 1.1491431563, 1.4177735144, 1.264830673, 2.0515455349, 1.9084401944, 1.5146190444, 2.4441294955, 0.57039007554]
    ],
    [
      [0.80278285609, 2.2987758214, 3.4165393389, 3.3234594091, 2.2328941475, 3.2564871895, 4.5208277358, 1.6830695794, 2.6623112263, 0.8281452641, 2.4151320411, 1.5862143451, 10.5800863525, 22.0849943711, 18.4779010263, 16.4635635864, 19.3273270714, 15.1709765701, 9.873281467, 0.80253322881, 2.157914692, 2.3763996477, 1.6536058057, 1.441211808, 3.0605636745, 2.678748646, 2.4957630564, 1.4273597113, 1.7689400644, 0.8795638653, 1.5809168659, 2.8548173975, 0.97818347687, 1.8342480082, 1.895856185, 2.0463251422, 2.7171833021, 1.7625820565, 0.55581764273, 1.9742446425, 1.8818635795, 1.5023473055, 3.7904580854, 3.3331098058, 1.2463535767, 2.0868650699, 1.2381546047, 2.1515404624, 2.6100328491, 2.3049741908],
      [0.48726707142, 1.1479477725, 2.4748759151, 1.5219774651, 1.4903166553, 1.1693262628, 2.9499742822, 1.2495534885, 1.4981208776, 0.49783995933, 1.300408058, 0.96946672371, 6.8175187744, 10.7023786832, 12.8055592009, 9.2821611373, 10.5093445003, 12.9043978296, 5.8130959632, 0.52265151216, 0.93538969624, 1.8908498346, 1.1857385736, 1.2060550737, 1.5720945331, 1.961719135, 1.5665002628, 0.91043101537, 0.85793181713, 0.57427137654, 0.87214544689, 1.4247146667, 0.54217267685, 1.1021824688, 1.0732824585, 1.9121475628, 1.7062509929, 0.87531474199, 0.39977453742, 1.3740207965, 1.6734726608, 0.66846120555, 2.1151577051, 1.751152955, 0.69515049661, 1.4016523642, 0.50589593186, 2.0119486487, 1.7029063739, 1.569728065],
      [1.7099500725, 3.5532764061, 6.108584746, 3.1545631258, 3.2767891972, 4.5741865477, 5.529197982, 3.0673769321, 2.8395678961, 1.6740147766, 3.284459901, 2.4443189312, 16.6023948731, 29.2126269458, 21.7165397727, 28.2542752764, 29.1633284283, 24.9246256002, 18.3136225698, 1.674815259, 2.9066956118, 2.7327505177, 2.1606556207, 3.3527331183, 3.3673417923, 5.359532219, 4.9377366809, 1.6622092734, 2.3731281185, 1.5461647582, 1.5469376872, 2.7204679358, 1.4796438463, 2.063569523, 3.0308613565, 4.0415272951, 4.576565705, 2.3621032015, 1.0444078199, 2.651734561, 3.4446637597, 2.8291914889, 3.0943842095, 3.9157372391, 2.0584959267, 3.5114825659, 1.2559494635, 3.8365108889, 4.687060777, 3.1252977442]
    ],
    [
      [2.6443587155, 2.2636432598, 2.2194051111, 2.4242401119, 1.548278375, 3.5939775146, 2.3507406403, 2.1866210089, 3.6808654119, 1.0900921612, 2.0243505669, 1.5493925834, 1.5169778203, 2.7949625123, 1.3405724109, 1.7993998253, 3.8547009516, 1.3793385029, 6.2909284727, 15.5431129157, 17.0164371754, 16.1868640266, 17.8422877401, 11.9849630036, 21.2078270956, 0.52406894197, 1.6376582202, 3.0984101331, 2.7770066454, 1.7209981042, 1.5266640664, 2.7679353222, 2.2387111687, 1.7739243436, 2.1712161194, 1.9788467057, 1.7739514795, 4.1493988626, 1.6302616803, 0.63598303316, 1.0393036628, 2.0951579198, 4.0432304444, 2.1645812399, 1.8372114308, 2.3269316685, 2.8290437134, 0.51760619085, 1.7040694679, 1.5922516561],
      [2.0167246613, 1.4200023938, 2.0193919612, 1.394714825, 1.2981955223, 1.6210494593, 1.9244194829, 2.0365646764, 2.5984231646, 0.8220163168, 1.3672710664, 1.1879375666, 1.226579341, 1.7003707914, 1.1659728648, 1.2733683038, 2.6313273282, 1.4725198839, 4.6481512275, 12.7074172853, 9.2574320137, 16.167534464, 16.0586046011, 12.5869234362, 13.6744258111, 0.48173334169, 1.290281636, 2.4804989446, 1.6907165211, 1.4105030081, 1.0570195647, 1.7328020735, 1.5562889019, 1.3369246256, 1.5417156461, 2.3193467, 1.3971684003, 2.5847198821, 1.4709096161, 0.55526811559, 1.1595169616, 1.1694962528, 2.8306797341, 1.4268177673, 1.286752796, 1.9619584195, 1.4510688739, 0.60761819206, 1.3955154832, 1.3614410261],
      [5.3389166231, 3.3163543464, 3.7612029277, 2.1810450631, 2.1535261027, 4.7849730261, 2.7248398768, 3.7768143148, 3.7207114235, 2.087891522, 2.6083783667, 2.26266985, 2.2564428387, 3.5046666962, 1.4934547243, 2.9272318709, 5.5139717202, 2.1481416132, 11.0609202998, 30.749469799, 21.7261308109, 17.6456015094, 22.0991076588, 26.4281135602, 22.1177470933, 0.99419771635, 3.0720601438, 3.4210909224, 3.5322768335, 2.8684988877, 1.4163163689, 2.4992626043, 3.2049999293, 1.8891510308, 3.2870682345, 3.7018065943, 2.8288801202, 5.2658812552, 2.8988287036, 0.80874885125, 1.8011793756, 3.7353458273, 3.1260898216, 2.4086009927, 2.8760357731, 3.711109912, 2.7198874127, 0.87477561709, 2.9004150489, 2.0463073178]
    ],
    [
      [1.3917643886, 0.53387799302, 0.8996973006, 0.95873333722, 0.68796308172, 1.0024638176, 1.3369745295, 1.0285302076, 1.4949920278, 0.28768677672, 0.75475104734, 1.191905936, 1.8324673823, 0.78694619519, 0.76754074928, 0.81248644321, 1.2415666016, 1.0565885402, 0.76599849503, 1.529791376, 1.3929158516, 2.4159627346, 1.6179157769, 0.85898157293, 0.43092440301, 8.3513076903, 8.5517006304, 11.638029384, 10.9146193368, 9.7625757642, 12.7977575268, 3.5033264185, 0.70201377687, 0.40739195844, 1.0148245546, 0.79114716917, 0.48034463532, 0.77533361251, 0.72633540952, 1.2488887948, 0.70004639025, 0.95542894334, 1.2206753524, 1.2397491498, 0.83470170595, 0.79179564454, 1.6619104404, 0.56122940277, 1.0719310884, 1.9670458681],
      [1.8741872626, 0.59133248399, 1.445605123, 0.97396548517, 1.0184775424, 0.79846775013, 1.9371415335, 1.6966115879, 1.8689422323, 0.3844127696, 0.90274386066, 1.6185640711, 2.6214370689, 0.84630797134, 1.1803891716, 1.0164293068, 1.4984168114, 1.9945705792, 1.0009631705, 2.2109679283, 1.3396011133, 4.2661516589, 2.5742831346, 1.5951088234, 0.49106783943, 13.5956107052, 11.9290344585, 16.4985600149, 11.7608135485, 14.1663968951, 15.6876417674, 3.8824906839, 0.8647639398, 0.54373580149, 1.2762993889, 1.6414292912, 0.66980723186, 0.85399539085, 1.157437982, 1.9260637213, 1.3792436146, 0.94192888083, 1.5095044657, 1.4434924732, 1.0325183079, 1.179477398, 1.5058948774, 1.1638519491, 1.5511524317, 2.9711106463],
      [6.7340483487, 1.874789523, 3.6546975764, 2.0673011776, 2.2935593759, 3.1990684322, 3.725883937, 4.2748582045, 3.6360657399, 1.3279004537, 2.342505092, 4.1895299929, 6.5460955488, 2.3667458335, 2.0520700791, 3.17108425, 4.260016587, 3.9488408806, 3.2330383345, 7.2592406957, 4.2674830352, 6.3178856065, 4.8078010884, 4.5459096037, 1.0780077576, 38.0530816045, 38.5192649111, 30.8634106012, 33.3245671147, 39.0710273407, 28.5146007058, 7.6141828976, 2.4332222833, 1.0488722401, 3.7088760565, 3.5674235396, 1.8498481328, 2.3706709966, 3.1162266085, 3.8250474839, 2.9207099951, 4.1026421758, 2.2698201819, 3.316758377, 3.1327799862, 3.0287269575, 3.8321946822, 2.2749186481, 4.3769164799, 6.0618434856]
    ],
    [
      [0.46264650692, 0.73153045456, 1.0798515335, 0.99309309193, 1.161074697, 1.645868603, 1.2070284002, 0.4020272781, 0.51260694483, 1.2688053591, 1.5830407586, 0.94879280825, 0.75483358502, 1.1372041966, 1.1449632949, 0.83506850016, 0.51712286691, 1.0738806721, 1.9338760573, 0.58921163251, 1.2412094444, 0.2542953398, 0.27712720696, 0.95713054974, 0.72971307328, 0.53669634114, 0.76082529791, 0.91859480164, 1.3256784911, 0.88833121926, 1.5582269691, 8.1135535805, 11.837003784, 9.4125558284, 9.253761458, 5.844971947, 9.4314108856, 6.193921603, 0.96410247642, 1.5723560167, 0.46050294161, 0.80324577571, 0.51922999119, 0.71971643998, 0.6716288592, 0.86972111146, 1.0900024573, 0.87597976506, 1.186366843, 0.86415602979],
      [2.395411104, 3.105725981, 6.6421313908, 3.8711596027, 6.5936936405, 5.0211979333, 6.5804524039, 2.4924781671, 2.4086860051, 6.3628113967, 7.1080876016, 4.8408296423, 4.0743326556, 4.6457221085, 6.6610116137, 3.9582808058, 2.370230341, 7.6716278428, 9.548859086, 3.2333463689, 4.5178509771, 1.7035074482, 1.670656093, 6.7218715265, 3.154563634, 3.3078118089, 4.0212825939, 4.9265817382, 5.4170095071, 4.8855953439, 7.2212435923, 33.7764548145, 54.6266403581, 47.0846122599, 43.6364050575, 45.5051798945, 49.309324833, 25.6234512384, 5.7801319283, 9.1277047787, 3.4197411323, 2.9820379099, 2.4203170376, 3.1595713761, 3.1686743123, 4.9195797638, 3.7508594107, 6.8992287961, 6.5069297854, 4.9671100289],
      [0.14194238908, 0.16274356439, 0.27801707574, 0.13574730539, 0.24523166242, 0.33293346363, 0.21251919589, 0.1054945548, 0.078707050048, 0.36838324414, 0.30887163985, 0.21037754949, 0.17083375943, 0.21707369484, 0.19402509141, 0.20665069403, 0.1126467921, 0.25449148512, 0.5172648567, 0.1774419986, 0.24093957849, 0.042197211955, 0.052216700049, 0.32099792376, 0.11572329275, 0.15549184997, 0.21789210818, 0.15482346018, 0.25731200188, 0.22607343687, 0.22052943861, 1.109991605, 2.5363558579, 1.5028319116, 2.1098334845, 1.6498481584, 2.2592642814, 1.1826271585, 0.25576559527, 0.29993920458, 0.11975592608, 0.2147163144, 0.060452971241, 0.12071218396, 0.15969682854, 0.21069912471, 0.15913813206, 0.22479143881, 0.30670337158, 0.16873394127]
    ],
    [
      [3.0038518483, 3.8684233393, 2.3241512341, 1.1629450278, 2.4353165961, 1.879511548, 2.4903109446, 2.3085538917, 3.7462648065, 3.0473155724, 7.5802856553, 2.5490632737, 2.9783432286, 2.8200725609, 3.3845421434, 5.2439354502, 3.2114096554, 2.5850911037, 1.5395997745, 2.4346392814, 5.8881750815, 3.1553455855, 5.2114747592, 2.9991544317, 4.9879066596, 2.3107404079, 2.983445742, 4.0295364142, 2.2563400227, 2.4543439461, 4.862798312, 1.6942352272, 1.6001733994, 3.6365472033, 2.6350633289, 1.6317326846, 3.0126915189, 14.5519714852, 30.397395452, 25.972447971, 25.1506088361, 35.0687533692, 28.056628161, 26.3270052256, 2.6337960696, 1.9374534278, 4.24953648, 1.6292338419, 2.4498136712, 3.3923756903],
      [2.683502108, 2.8395810237, 2.4728931736, 0.78312967989, 2.3901536683, 0.99153431663, 2.3617510269, 2.4874015314, 3.0599381016, 2.6550374171, 5.9213759144, 2.2605721237, 2.7940397716, 1.997788101, 3.4215011663, 4.317004763, 2.5519766917, 3.2077716122, 1.3212151532, 2.3172985396, 3.7250826851, 3.6675393304, 5.456308477, 3.6606911372, 3.7443017032, 2.4637846007, 2.7285670815, 3.7416442498, 1.5959156115, 2.3351419515, 3.9052163735, 1.2275991078, 1.2844623826, 3.1678116584, 2.1625742352, 2.2129107038, 2.7439823708, 10.5082924177, 31.8671299176, 26.3475582991, 32.6302356612, 22.7516135936, 22.835662244, 20.1757821946, 2.1538512769, 1.9035048425, 2.5401997287, 2.2290639805, 2.335664554, 3.3831199409],
      [0.31264604373, 0.291995637, 0.20295559225, 0.053925292341, 0.17452973562, 0.12895413541, 0.14793802859, 0.204044577, 0.19379709196, 0.29764701054, 0.49833843032, 0.19036460255, 0.22761699981, 0.18213933807, 0.19395669029, 0.43905978677, 0.23661365287, 0.2071372841, 0.13918507236, 0.24806217902, 0.38674223344, 0.17711508414, 0.3322167638, 0.34015443115, 0.26779163712, 0.22547499135, 0.28798717652, 0.22881933599, 0.1477443658, 0.21051410242, 0.23198531446, 0.078165664987, 0.11536421802, 0.19564113824, 0.20236243593, 0.15535661156, 0.24332611031, 0.93973609716, 2.7354746304, 1.6799937299, 2.2191555027, 3.1796330372, 1.107709595, 1.4972125798, 0.21235265344, 0.15904172974, 0.21026379126, 0.14170217759, 0.21452177474, 0.22450436881]
    ],
    [
