{
  "Z_true": {},
  "V_true": [
    [34, 490, 95, 674, 211],
    [35, 81, 484, 607, 600],
    [255, 254, 5586, 4021, 380],
    [126, 3776, 124, 2997, 161],
    [46, 115, 54, 6935, 62],
    [1101, 495, 222, 1240, 76],
    [50, 101, 218, 671, 349]
  ],
  "p_true": [
    [0.0226, 0.3258, 0.0632, 0.4481, 0.1403],
    [0.0194, 0.0448, 0.2678, 0.3359, 0.332],
    [0.0243, 0.0242, 0.5322, 0.3831, 0.0362],
    [0.0175, 0.5256, 0.0173, 0.4172, 0.0224],
    [0.0064, 0.0159, 0.0075, 0.9616, 0.0086],
    [0.3513, 0.1579, 0.0708, 0.3957, 0.0243],
    [0.036, 0.0727, 0.1569, 0.4831, 0.2513]
  ],
  "Z_est": [
    [
      [5, 8, 0.9623, 1, 4, 3, 4, 6, 3, 4, 5, 4, 3, 3, 5, 5, 3, 6, 3, 4, 6, 5, 5, 5, 3, 4, 3, 1, 7, 3, 9, 2],
      [10, 16, 0.0089, 1, 11, 4, 11, 16, 5, 12, 14, 4, 6, 1, 4, 2, 5, 20, 1.0468e-19, 3, 14, 14, 13, 12, 1, 4, 4, 1, 22, 1, 19, 3],
      [7, 7, 0.0118, 4, 14, 6, 14, 15, 6, 5, 18, 10, 4, 4, 7, 10, 5, 16, 3, 7, 20, 15, 10, 13, 2, 5, 2, 1, 18, 2, 33, 4],
      [23, 28, 1.0123, 8, 31, 14, 29, 37, 15, 20, 46, 24, 14, 8, 20, 24, 14, 48, 6, 17, 53, 40, 32, 44, 5, 16, 9, 3, 54, 7, 64, 6],
      [1, 2, 0.0047, 1, 6, 1, 3, 5, 1, 3, 5, 2, 3.7323e-22, 1, 1, 2, 1, 3, 1, 1, 4, 3, 3, 2, 2.1788e-13, 2, 0, 6.9923e-13, 4, 2.87e-12, 12, 1]
    ],
    [
      [2, 4, 2.9102, 2, 3, 3, 4, 6, 1, 1, 5, 10, 1, 3, 3, 7, 1, 4, 4, 4, 7, 4, 3, 3, 3, 2, 1, 2, 4, 1, 14, 3],
      [9, 9, 1.0003, 3, 16, 5, 10, 15, 9, 8, 17, 14, 8, 7, 8, 9, 6, 14, 5, 7, 20, 14, 11, 7, 3, 6, 3, 3, 16, 4, 34, 4],
      [5, 3, 1.9982, 7, 19, 6, 12, 15, 7, 3, 20, 31, 5, 12, 11, 28, 7, 11, 11, 14, 25, 13, 7, 7, 5, 5, 1, 2, 13, 5, 55, 4],
      [16, 14, 5.0617, 14, 39, 14, 26, 35, 18, 12, 53, 73, 16, 24, 30, 68, 17, 33, 25, 31, 67, 37, 23, 25, 11, 15, 5, 8, 37, 13, 108, 6],
      [1, 1, 0.0296, 1, 7, 1, 3, 4, 2, 2, 6, 7, 1, 2, 2, 6, 2, 2, 3, 3, 5, 2, 2, 1, 1, 2, 0, 7.0473e-13, 3, 1, 21, 1]
    ],
    [
      [12, 17, 2.9848, 4, 10, 8, 15, 16, 7, 4, 21, 37, 10, 22, 30, 46, 8, 24, 15, 21, 35, 21, 12, 20, 7, 12, 1, 2, 20, 2, 44, 4],
      [40, 50, 4.897, 19, 59, 31, 77, 65, 42, 39, 102, 70, 40, 41, 54, 59, 26, 119, 15, 41, 117, 91, 62, 89, 18, 30, 16, 34, 93, 18, 106, 17],
      [34, 22, 7.0612, 49, 75, 40, 87, 60, 49, 15, 125, 147, 32, 115, 92, 198, 38, 91, 49, 86, 159, 93, 52, 98, 30, 33, 7, 34, 78, 25, 184, 18],
      [94, 83, 15.063, 101, 156, 87, 182, 143, 113, 57, 324, 343, 104, 216, 247, 484, 91, 273, 107, 193, 418, 250, 153, 323, 64, 91, 29, 96, 222, 63, 354, 27],
      [7, 8, 0.994, 12, 30, 6, 20, 19, 12, 9, 36, 33, 6, 24, 17, 49, 11, 18, 16, 18, 35, 19, 16, 19, 11, 12, 2, 10, 19, 7, 69, 5]
    ],
    [
      [12, 25, 1.0231, 2, 7, 6, 11, 14, 4, 6, 14, 17, 8, 7, 18, 14, 6, 26, 5, 10, 20, 17, 10, 14, 3, 8, 2, 2, 16, 1, 30, 4],
      [40, 70, 1.0071, 7, 42, 22, 53, 56, 27, 56, 66, 34, 32, 13, 31, 18, 20, 131, 4, 17, 67, 74, 52, 62, 7, 20, 18.0001, 26, 76, 10, 72, 14],
      [33, 36, 5.9533, 24, 55, 33, 65, 56, 35, 25, 84, 71, 25, 38, 55, 65, 29, 101, 17, 43, 93, 78, 45, 73, 15, 25, 12.9999, 28, 66, 18, 127, 20],
      [97, 123, 7.9835, 47, 113, 67, 131, 128, 76, 88, 214, 164, 86, 69, 146, 154, 69, 301, 35, 89, 244, 207, 129, 231, 28, 64, 39, 79, 189, 39, 246, 26],
      [7, 11, 0.033, 5, 22, 5, 15, 17, 8, 15, 24, 15, 5, 7, 10, 15, 8, 20, 5, 8, 20, 16, 14, 14, 5, 8, 3, 8, 16, 4, 48, 5]
    ],
    [
      [9, 13, 1.0495, 2, 5, 4, 9, 8, 5, 3, 15, 24, 8, 12, 21, 32, 6, 18, 10, 14, 23, 16, 8, 18, 3, 8, 1, 2, 15, 3, 21, 2],
      [30, 38, 0.9998, 9, 30, 14, 45, 33, 30, 30, 73, 44, 32, 22, 36, 40, 22, 86, 9, 24, 75, 67, 41, 78, 8, 20, 13.9999, 30, 71, 20, 50, 9],
      [24, 17, 4.8973, 27, 40, 22, 54, 33, 34, 13, 93, 99, 24, 61, 64, 139, 31, 69, 34, 56, 102, 71, 33, 88, 16, 24, 8, 29, 60, 30, 87, 13],
      [74, 69, 8.0097, 57, 83, 44, 113, 77, 84, 49, 240, 228, 83, 120, 174, 343, 77, 203, 75, 126, 273, 190, 105, 296, 33, 66, 33.0001, 90, 174, 80, 170, 20],
      [6, 6, 0.0437, 7, 16, 3, 12, 10, 9, 8, 26, 21, 5, 13, 12, 34, 9, 13, 11, 12, 23, 14, 11, 17, 5, 9, 2, 10, 15, 10, 33, 3]
    ],
    [
      [6, 17, 1.0473, 4.4275e-15, 2, 1, 3, 4, 1, 1, 5, 14, 4, 4, 9, 10, 2, 8, 4, 5, 12, 6, 4, 5, 1, 5, 8.8568e-06, 1.7372e-15, 6, 5.2431e-13, 12, 2.3919e-08],
      [20, 49, 1.0477, 1, 14, 6, 16, 16, 7, 10, 25, 25, 17, 8, 16, 12, 7, 40, 3, 10, 41, 26, 19, 24, 4, 13, 5, 3, 29, 2, 30, 3],
      [16, 23, 4.0537, 4, 19, 8, 19, 15, 8, 4, 31, 55, 13, 23, 28, 44, 9, 31, 13, 23, 57, 27, 15, 27, 7, 15, 2, 3, 25, 3, 51, 4],
      [49, 87, 8.8736, 9, 41, 20, 41, 38, 22, 19, 82, 130, 43, 47, 77, 108, 26, 97, 31, 54, 151, 75, 48, 89, 18, 46, 12, 10, 72, 9, 102, 7],
      [5, 9, 0.9777, 1, 8, 2, 4, 5, 2, 2, 9, 12, 4, 5, 6, 12, 2, 7, 4, 5, 15, 6, 6, 7, 3, 6, 2, 2, 8, 3, 20, 2]
    ],
    [
      [1, 2, 0.0228, 5.8482e-15, 1, 8.4365e-17, 1, 1, 1, 7.2783e-15, 2, 4, 1, 2, 4, 5, 1, 2, 3, 3, 5, 2, 1, 2, 3.1872e-13, 2, 7.1316e-07, 2.0822e-15, 2, 9.0877e-13, 7, 4.3435e-09],
      [4, 6, 0.0394, 1, 7, 2, 8, 6, 5, 5, 12, 8, 4, 5, 7, 6, 3, 14, 2, 6, 17, 11, 8, 10, 1, 4, 1, 5, 11, 2, 17, 1.0873e-09],
      [3, 3, 1.0245, 5, 9, 2, 10, 6, 6, 2, 15, 19, 3, 14, 13, 23, 5, 11, 9, 13, 23, 12, 7, 11, 3, 5, 0, 4, 9, 3, 30, 1],
      [10, 11, 2.9961, 10, 19, 6, 21, 15, 15, 8, 39, 45, 10, 27, 35, 56, 13, 33, 22, 30, 61, 33, 21, 37, 7, 15, 3, 14, 26, 8, 58, 1],
      [3, 3, 2.9172, 4, 5, 2, 5, 4, 4, 4, 6, 7, 1, 6, 5, 8, 4, 4, 5, 5, 7, 5, 4, 4, 4, 4, 3, 4, 4, 2, 13, 2]
    ]
  ],
  "V_est": [
    [132.9623, 253.0089, 287.0118, 760.0123, 71.0047],
    [117.9102, 305.0003, 370.9982, 918.0617, 95.0297],
    [509.9848, 1684.897, 2222.0612, 5503.063, 575.994],
    [340.0231, 1238.0071, 1496.9532, 3725.9835, 383.0331],
    [339.0495, 1130.9997, 1499.8973, 3857.0098, 385.0437],
    [152.0473, 502.0477, 626.0537, 1668.8736, 184.9777],
    [55.0228, 198.0394, 280.0245, 711.9961, 143.9172]
  ],
  "p_est": [
    [0.0884, 0.1682, 0.1908, 0.5053, 0.0472],
    [0.0652, 0.1688, 0.2053, 0.5081, 0.0526],
    [0.0486, 0.1605, 0.2117, 0.5243, 0.0549],
    [0.0473, 0.1723, 0.2084, 0.5187, 0.0533],
    [0.047, 0.1568, 0.208, 0.5348, 0.0534],
    [0.0485, 0.1602, 0.1998, 0.5325, 0.059],
    [0.0396, 0.1426, 0.2016, 0.5126, 0.1036]
  ],
  "EI_Z": {},
  "EI_V": 34.0063,
  "MAE_Z": {},
  "MAE_V": 635.9381,
  "MAE_p": 0.1225,
  "runtime": 0.3113
}
