{
  "Z_true": {},
  "V_true": [
    [30, 56, 1152, 201],
    [1994, 2731, 399, 215],
    [1886, 9138, 378, 447],
    [433, 432, 12311, 648],
    [249, 823, 437, 533]
  ],
  "p_true": [
    [0.0208, 0.0389, 0.8006, 0.1397],
    [0.3735, 0.5115, 0.0747, 0.0403],
    [0.1592, 0.7712, 0.0319, 0.0377],
    [0.0313, 0.0312, 0.8906, 0.0469],
    [0.1219, 0.403, 0.214, 0.261]
  ],
  "Z_est": [
    [
      [0.2773, 0.2625, 0.1366, 0.1215, 0.2837, 0.0042, 0.0421, 0.0335, 0.0087, 0.0085, 0.0169, 0.1864, 0.1439, 0.1207, 0.0508, 0.1355, 0.0902, 0.3895, 0.0635, 0.2226, 0.0423, 0.0053, 1.0318, 0.0517, 0.0889, 0.1897, 0.1736, 0.0451, 0.0714, 0.0672, 0.1236, 0.1446, 0.1765, 0.1312, 0.0254, 0.0212, 0.0929, 0.072, 0.2056, 0.0042, 0.5028, 0.0762, 0.6943, 0.182],
      [1.1289, 0.8138, 0.7295, 0.4328, 0.8795, 0.0131, 0.1313, 0.105, 0.0086, 0.0263, 0.0525, 0.5776, 0.9645, 0.4007, 0.1575, 0.42, 3.1137, 0.5145, 0.1969, 0.685, 0.1313, 0.1696, 2.6143, 0.2422, 0.2757, 0.6592, 0.5382, 0.1806, 0.2231, 0.4463, 0.3807, 0.2379, 0.3444, 0.4069, 0.0788, 0.0656, 0.1838, 0.2231, 0.7482, 0.0131, 1.601, 0.2363, 2.1527, 0.5652],
      [84.5765, 60.9145, 40.1248, 31.4397, 65.827, 0.9825, 9.8249, 7.8599, 0.9825, 1.9652, 3.93, 43.2297, 32.8846, 29.4748, 11.7899, 31.4397, 15.7945, 91.0901, 14.7374, 51.0896, 9.8249, 9.8249, 11.3517, 13.7026, 20.6323, 51.1449, 40.285, 24.7711, 16.7024, 33.485, 28.4923, 19.6145, 29.4748, 30.4573, 5.895, 4.9125, 13.722, 16.7024, 56.0381, 0.9825, 118.8815, 17.6849, 161.1287, 42.2472],
      [0.0174, 0.0092, 0.0091, 0.0059, 0.0099, 0.0001, 0.0017, 0.0016, 0.0002, 0.0001, 0.0006, 0.0063, 0.007, 0.0039, 0.0018, 0.0047, 0.0016, 0.0059, 0.0022, 0.0028, 0.0015, 0.0002, 0.0022, 0.0034, 0.0031, 0.0061, 0.0032, 0.0032, 0.0031, 0.0015, 0.0034, 0.003, 0.0044, 0.0046, 0.0009, 0.0007, 0.0014, 0.0025, 0.008, 0.0001, 0.0147, 0.0027, 0.0242, 0.0056]
    ],
    [
      [156.4196, 50.1264, 69.8012, 29.1403, 123.5286, 7.4164, 20.9139, 11.5206, 5.1704, 2.033, 14.2313, 187.7311, 117.1549, 52.4578, 36.7205, 112.2509, 37.5411, 91.487, 12.2402, 54.2145, 50.1264, 2.7107, 34.9719, 27.7728, 14.909, 99.3448, 44.727, 23.0412, 29.9941, 21.6858, 111.8175, 54.9613, 90.1317, 168.7427, 40.6609, 32.5287, 30.4537, 43.9287, 106.0886, 4.0801, 256.8413, 42.5491, 433.7162, 146.0099],
      [114.1877, 31.5204, 82.258, 36.3743, 82.0249, 5.4385, 13.1946, 8.1993, 2.4247, 4.5312, 16.0437, 116.067, 101.1201, 32.9865, 23.0905, 83.7828, 21.991, 42.3757, 7.6968, 30.501, 31.5204, 2.0362, 24.4042, 39.1066, 9.8959, 68.5386, 41.4446, 17.757, 19.0588, 14.6607, 46.7328, 18.8137, 29.0668, 48.9105, 21.211, 17.9433, 15.1407, 30.4559, 86.082, 2.5656, 173.0628, 26.7557, 190.6748, 97.0316],
      [12.7749, 3.3262, 6.2269, 2.7074, 7.867, 0.8019, 1.3924, 0.8122, 0.3094, 0.4045, 1.2571, 12.2991, 4.0379, 3.4809, 2.4366, 11.5314, 0, 5.4534, 0.8122, 3.4422, 3.2614, 0.1934, 0, 2.8621, 1.6024, 17.0113, 8.8614, 4.2348, 2.0112, 3.2168, 6.4203, 2.3054, 4.8346, 8.8183, 1.6602, 1.1537, 0, 4.9384, 8.4275, 0.2707, 24.6975, 2.8234, 25.1276, 9.9012],
      [16.6178, 1.0271, 2.7139, 1.7781, 2.5796, 0.3431, 0.4991, 0.4679, 0.0955, 0.0312, 0.4679, 1.9029, 2.6871, 1.0748, 0.7524, 1.4349, 0.4679, 1.6839, 0.2508, 0.8422, 1.0918, 0.0597, 0.6239, 4.2585, 0.5927, 2.1053, 0.967, 0.967, 0.9358, 0.4367, 1.0294, 0.9196, 0.967, 1.5285, 0.4679, 0.3743, 0.4055, 3.677, 2.402, 0.0836, 4.3984, 0.8718, 10.4813, 3.0573]
    ],
    [
      [8.6063, 9.3014, 6.2259, 2.9472, 18.0408, 1.1192, 3.4525, 0.142, 0.1735, 0.0868, 0, 33.2559, 19.2496, 13.0263, 7.0263, 17.4357, 9.5481, 15.484, 4.2601, 7.8865, 7.8177, 0.4477, 7.5019, 3.6171, 2.2554, 16.004, 6.4075, 3.8052, 4.2504, 3.5565, 22.4774, 26.8714, 14.8849, 27.9072, 6.6878, 5.372, 9.5996, 3.663, 18.0103, 0.7834, 42.4163, 3.643, 79.4162, 19.6477],
      [549.4775, 276.2077, 402.4211, 238.7679, 459.672, 40.1016, 84.9029, 43.4966, 3.2544, 6.4934, 45.6052, 480.238, 537.082, 295.4576, 142.5489, 363.9216, 154.022, 298.0338, 100.8938, 149.1312, 145.5805, 20.5794, 139.2148, 122.5006, 43.9867, 373.7157, 170.0481, 100.5532, 107.7356, 71.544, 245.929, 132.4749, 163.5374, 292.8813, 88.7686, 75.4533, 95.765, 112.7361, 477.575, 46.2864, 884.4184, 173.4577, 1304.9248, 409.4352],
      [10.3303, 6.9844, 0, 3.019, 7.1457, 2.2006, 1.6021, 0.8177, 0, 0.1168, 0.8511, 9.0286, 3.8668, 7.3085, 3.3574, 6.7089, 1.8862, 25.0136, 4.7879, 2.8037, 0, 0.3672, 1.1317, 1.8862, 0.2804, 13.4086, 3.1542, 4.0554, 1.9267, 2.6587, 6.5975, 2.2635, 3.1875, 7.369, 0, 0.5398, 1.6976, 2.1195, 15.7389, 0.6063, 16.4551, 3.2543, 25.4503, 7.56],
      [50.5858, 21.5065, 26.3531, 17.2658, 25.1415, 5.5787, 6.0425, 4.5436, 0.5721, 0.3029, 4.5436, 18.4775, 21.8016, 11.2076, 9.0673, 13.9338, 4.5436, 18.4687, 6.0582, 8.1785, 10.6018, 0.6058, 8.1515, 9.996, 5.4776, 17.8716, 9.3902, 8.5862, 9.0873, 4.2407, 9.996, 9.3902, 9.3902, 14.8425, 4.5436, 3.6349, 3.9378, 8.4815, 26.6759, 6.3239, 42.7102, 14.645, 115.2087, 16.3571]
    ],
    [
      [3.1918, 1.2065, 1.2515, 0.6567, 2.7948, 0.1527, 0.4123, 0, 0.5026, 0, 0, 4.0929, 1.39, 0.9892, 0.3576, 2.4893, 7.642, 4.541, 0.4123, 4.468, 1.5539, 0.0611, 0.7636, 0, 0.8243, 2.1839, 0, 0.5192, 0, 0.4887, 2.5199, 1.6646, 2.0312, 3.8027, 1.5558, 0.7543, 11.5668, 0.4916, 2.3671, 0.1069, 5.7881, 1.069, 10.6808, 2.8558],
      [12.4548, 5.5495, 5.1776, 15.4997, 11.4556, 0.7463, 1.6038, 0.8478, 0.0953, 0.2119, 0.7721, 6.7369, 9.4864, 2.9521, 0, 10.6555, 6.8911, 5.7005, 1.8419, 17.9112, 5.1638, 1.7528, 2.7311, 2.0135, 2.7402, 3.5434, 4.8294, 3.0727, 0.9773, 0, 3.815, 2.3314, 0, 0, 2.0381, 4.2237, 1.9055, 2.3818, 8.4173, 0.6964, 30.0382, 6.4082, 25.0884, 31.161],
      [795.0617, 490.2458, 302.0777, 259.8998, 552.7963, 52.8662, 116.9327, 50.6175, 9.6322, 13.4031, 46.0692, 410.6865, 244.2306, 179.9587, 65.5234, 369.1461, 121.6922, 827.8146, 127.0461, 395.2264, 92.1823, 48.4162, 70.937, 120.5831, 167.0386, 544.5589, 302.2363, 265.8619, 120.8721, 179.1216, 232.9608, 141.2379, 164.8935, 240.4543, 109.6307, 74.4022, 109.523, 163.3472, 515.5721, 39.1154, 1238.8916, 220.6587, 1561.9708, 545.2088],
      [64.2916, 29.9982, 33.4932, 21.9439, 31.9533, 4.2348, 8.0513, 4.5347, 0.77, 0.385, 4.1587, 23.4838, 18.893, 11.0999, 5.1189, 17.7091, 5.7747, 21.9439, 7.6996, 10.3945, 16.1, 0.77, 7.5683, 10.4034, 10.3969, 22.7138, 11.9344, 15.5462, 10.1506, 5.3897, 12.7043, 8.7661, 10.0753, 14.743, 5.7754, 4.6198, 5.0047, 10.7794, 29.6434, 6.0813, 54.2822, 18.864, 130.26, 22.7743]
    ],
    [
      [40.5049, 18.1033, 25.5848, 10.1343, 38.3522, 1.3075, 2.1791, 5.3039, 1.1449, 0.8716, 6.7518, 42.7337, 34.0615, 24.4059, 7.8448, 30.6886, 13.1786, 23.0985, 10.0239, 13.2084, 10.4597, 0.7752, 5.7308, 7.5583, 3.9224, 25.2776, 14.6919, 6.5893, 11.684, 6.2017, 28.0616, 25.358, 25.7759, 48.4161, 11.0701, 9.3238, 18.287, 7.8448, 28.3283, 2.0254, 73.4515, 22.6627, 115.4924, 18.3045],
      [24.7511, 11.9086, 18.414, 10.9254, 21.9681, 0.7005, 1.1675, 6.3513, 0.2171, 0.7372, 4.5265, 19.3806, 24.3469, 15.2032, 4.203, 17.2201, 6.9821, 12.3756, 5.3705, 6.7715, 5.604, 2.4621, 3.0355, 5.137, 2.1015, 13.5431, 8.1398, 4.4365, 7.005, 3.349, 11.1424, 12.1421, 12.0515, 24.8013, 4.9035, 6.3141, 7.005, 4.203, 15.1776, 8.4384, 40.8797, 12.1421, 57.1592, 9.807],
      [5.2566, 2.5291, 3.5705, 1.934, 4.364, 0.1488, 0.248, 0.8926, 0.0759, 0.1104, 0.8926, 3.7561, 1.9802, 2.7771, 0.8926, 3.1738, 0.6271, 2.6283, 1.6164, 1.4381, 0.7313, 0.1984, 0.5796, 0.9659, 0.4463, 2.8763, 2.4631, 2.0768, 1.4877, 1.5179, 2.5291, 2.5787, 4.6096, 19.9012, 0.8141, 0.9918, 1.0574, 0.8926, 3.2234, 4.0251, 13.0742, 2.5787, 12.3225, 2.0828],
      [35.4873, 18.459, 24.4307, 16.0063, 23.3157, 0.8433, 1.4054, 5.4521, 0.5622, 0.2808, 5.8291, 17.1296, 23.6114, 13.6138, 5.0596, 12.9174, 4.2122, 14.8976, 5.9892, 7.5819, 7.2049, 0.5643, 3.6541, 8.3387, 2.5298, 16.3031, 8.7052, 5.8974, 9.8232, 3.9314, 9.2668, 11.9212, 10.563, 17.8814, 4.2122, 3.3703, 3.6506, 5.0596, 18.2707, 13.511, 39.5946, 14.6166, 80.0258, 11.8057]
    ]
  ],
  "V_est": [
    [6.8184, 24.0697, 1407.9161, 0.1958],
    [3103.8938, 1928.6787, 226.0072, 80.4204],
    [514.3117, 10470.8311, 219.5379, 644.3192],
    [90.2006, 261.9191, 12700.6019, 771.2784],
    [876.7754, 494.5014, 122.9369, 547.7862]
  ],
  "p_est": [
    [0.0047, 0.0167, 0.9784, 0.0001],
    [0.5814, 0.3612, 0.0423, 0.0151],
    [0.0434, 0.8837, 0.0185, 0.0544],
    [0.0065, 0.0189, 0.9187, 0.0558],
    [0.4294, 0.2422, 0.0602, 0.2683]
  ],
  "EI_Z": {},
  "EI_V": 11.7456,
  "MAE_Z": {},
  "MAE_V": 405.1402,
  "MAE_p": 0.0867,
  "runtime": 4.418
}
