{
  "X": [
    [12, 9, 11, 21, 89, 86, 38],
    [11, 13, 11, 15, 88, 104, 55],
    [17, 4, 19, 14, 83, 174, 75],
    [17, 7, 6, 16, 119, 158, 87],
    [23, 4, 6, 8, 83, 109, 80],
    [18, 22, 19, 29, 113, 216, 72],
    [5, 15, 30, 27, 78, 111, 48],
    [15, 25, 36, 50, 151, 172, 70],
    [40, 30, 53, 71, 160, 178, 71],
    [12, 27, 46, 140, 147, 113, 81],
    [11, 42, 77, 184, 137, 110, 61],
    [20, 24, 31, 42, 140, 166, 66],
    [15, 25, 18, 23, 96, 170, 78],
    [17, 31, 55, 64, 91, 146, 50],
    [9, 20, 42, 80, 143, 124, 57],
    [7, 21, 36, 53, 100, 128, 68],
    [12, 29, 48, 63, 131, 134, 80],
    [13, 26, 43, 32, 117, 121, 48],
    [31, 31, 67, 61, 153, 154, 66],
    [36, 62, 52, 60, 193, 198, 85],
    [7, 51, 52, 28, 108, 103, 40],
    [17, 39, 48, 31, 108, 95, 36],
    [17, 45, 40, 23, 100, 78, 42],
    [12, 31, 21, 32, 97, 94, 61],
    [13, 59, 45, 42, 179, 124, 51],
    [19, 18, 46, 43, 145, 185, 60],
    [11, 21, 29, 23, 93, 114, 46],
    [30, 27, 40, 42, 132, 137, 50],
    [28, 31, 46, 56, 207, 147, 89],
    [27, 39, 35, 35, 122, 150, 60],
    [14, 14, 33, 31, 101, 100, 34],
    [13, 17, 43, 39, 137, 178, 61],
    [13, 15, 35, 36, 107, 146, 85],
    [13, 17, 43, 44, 141, 170, 65],
    [10, 12, 48, 16, 98, 116, 33],
    [18, 6, 38, 24, 90, 146, 39],
    [11, 6, 33, 38, 80, 119, 45],
    [31, 10, 15, 17, 152, 245, 90],
    [14, 7, 8, 10, 67, 177, 62],
    [5, 14, 67, 129, 148, 99, 57],
    [10, 7, 3, 6, 52, 131, 38],
    [28, 3, 11, 15, 60, 197, 99],
    [27, 5, 5, 8, 63, 172, 57],
    [5, 12, 16, 10, 70, 118, 44],
    [8, 9, 17, 13, 74, 91, 36],
    [17, 9, 18, 12, 54, 98, 34],
    [9, 5, 1, 9, 54, 180, 45],
    [19, 4, 8, 6, 51, 113, 34],
    [16, 5, 1, 1, 43, 112, 38],
    [30, 7, 6, 11, 61, 90, 36],
    [32, 8, 7, 15, 74, 149, 77],
    [75, 86, 157, 362, 569, 905, 367]
  ],
  "W": [
    [25, 7, 22, 34, 91, 87, 0],
    [26, 8, 26, 32, 90, 115, 0],
    [57, 14, 17, 30, 96, 168, 4],
    [59, 12, 27, 13, 125, 173, 1],
    [46, 7, 12, 9, 97, 138, 4],
    [41, 20, 40, 40, 126, 221, 1],
    [19, 20, 34, 45, 79, 117, 0],
    [27, 33, 57, 53, 159, 187, 3],
    [34, 48, 72, 65, 172, 210, 2],
    [18, 52, 125, 98, 142, 131, 0],
    [17, 56, 169, 107, 135, 138, 0],
    [36, 39, 49, 53, 135, 177, 0],
    [40, 21, 23, 73, 94, 171, 3],
    [27, 45, 59, 76, 94, 153, 0],
    [10, 31, 82, 89, 131, 131, 1],
    [18, 27, 56, 79, 94, 138, 1],
    [32, 48, 59, 100, 124, 134, 0],
    [23, 47, 35, 64, 111, 119, 1],
    [33, 46, 57, 132, 143, 151, 1],
    [40, 77, 55, 71, 213, 229, 1],
    [22, 66, 33, 41, 112, 115, 0],
    [31, 57, 27, 36, 121, 102, 0],
    [17, 57, 21, 41, 111, 97, 1],
    [31, 31, 36, 24, 103, 121, 2],
    [27, 62, 40, 50, 189, 144, 1],
    [29, 43, 45, 54, 157, 187, 1],
    [20, 29, 27, 38, 100, 121, 2],
    [27, 38, 45, 64, 137, 147, 0],
    [40, 43, 55, 95, 218, 150, 3],
    [40, 36, 23, 76, 137, 153, 3],
    [10, 28, 23, 59, 107, 100, 0],
    [41, 32, 39, 58, 131, 186, 1],
    [28, 37, 40, 83, 102, 146, 1],
    [46, 23, 42, 65, 135, 182, 0],
    [13, 44, 18, 35, 94, 127, 2],
    [13, 29, 24, 57, 103, 135, 0],
    [18, 28, 47, 43, 86, 110, 0],
    [61, 12, 28, 36, 162, 257, 4],
    [44, 11, 18, 16, 74, 178, 4],
    [29, 43, 125, 65, 150, 107, 0],
    [30, 8, 9, 15, 61, 123, 1],
    [74, 11, 15, 37, 71, 204, 1],
    [49, 11, 11, 27, 65, 173, 1],
    [20, 11, 18, 31, 76, 119, 0],
    [11, 14, 18, 29, 86, 90, 0],
    [14, 17, 15, 31, 56, 109, 0],
    [18, 4, 13, 9, 61, 197, 1],
    [28, 9, 8, 16, 54, 119, 1],
    [16, 3, 4, 26, 47, 120, 0],
    [26, 12, 15, 21, 66, 100, 1],
    [40, 8, 26, 24, 97, 165, 2],
    [116, 144, 340, 346, 567, 1004, 4]
  ],
  "method": "mvn_pdf",
  "cond_prob": [
    [
      [0.16583033051, 0.00054854188875, 2.5821578667e-05, 3.8103989507e-05, 0.0082070748845, 0.32050738209, 0.50484274505],
      [0.019879484724, 0.42093094889, 0.481025271, 0.0026738649481, 0.066589602918, 0.0047579970486, 0.0041428304772],
      [0.00049742314492, 0.00048589293022, 0.01881107734, 0.73385521688, 0.0869402144, 0.016040135734, 0.14337003958],
      [0.018251690436, 0.02841250183, 0.1981860976, 0.14146554695, 0.27807567636, 0.14771043731, 0.18789804951],
      [0.041228144315, 0.050117622702, 0.0051021614922, 0.00015490914913, 0.8082738015, 0.050776769982, 0.044346590862],
      [0.038296821005, 0.0057741544599, 0.00018057296551, 0.00013322121337, 0.039178416759, 0.78112971891, 0.13530709469],
      [0.14470843551, 1.399847197e-08, 4.9480962416e-16, 3.2450803511e-23, 6.9671371105e-05, 0.11124407443, 0.74397780469]
    ],
    [
      [0.13078069082, 0.00047112924462, 0.00065061963776, 4.1807806511e-08, 0.0073898883254, 0.2807546355, 0.57995299467],
      [0.01518255723, 0.53532908912, 0.3842297149, 0.00097423031696, 0.055830787661, 0.0041658993583, 0.0042877214141],
      [0.00026651459332, 0.00063758502403, 0.029360819759, 0.50052377661, 0.13947358437, 0.026543894485, 0.30319382516],
      [0.016517960965, 0.042835608248, 0.19326471989, 0.061809553399, 0.28211771233, 0.15197529014, 0.25147915503],
      [0.035440184092, 0.07177103957, 0.0068995414541, 7.002266609e-06, 0.78131053158, 0.05141349681, 0.053158204227],
      [0.03263583376, 0.0074644147031, 0.0029603051238, 4.4318212149e-07, 0.038166858884, 0.75205640894, 0.16671573541],
      [0.10710551662, 1.7066564256e-08, 3.8533101518e-16, 1.1531427997e-23, 5.6515329886e-05, 0.091259532211, 0.80157841877]
    ],
    [
      [0.11678414468, 0, 0.00094179725986, 0.00012846828087, 0.0065277776382, 0.35028919292, 0.52532861922],
      [0.021857337132, 0.20064824816, 0.70753242691, 0.0023019392369, 0.053051138498, 0.0080648397748, 0.006544070295],
      [0, 0, 0.027200475746, 0.64081054028, 0.071237185737, 0.027828974218, 0.23292282402],
      [0.01610969931, 0.0098979864775, 0.23788125668, 0.099355831624, 0.18328853425, 0.20533523909, 0.24813145257],
      [0.063311175457, 0.0093123430363, 0.010016428977, 0.00023221167563, 0.73696855301, 0.099671704493, 0.080487583346],
      [0.018196491827, 0, 0.0028581930524, 0.00037897406622, 0.026344398218, 0.81685588311, 0.13536605973],
      [0.10478164578, 0, 6.6044226255e-05, 9.0153178715e-06, 0.00016814013827, 0.12179662977, 0.77317852477]
    ],
    [
      [0.11438185057, 0, 0, 0.0016111409999, 0.0088916723269, 0.27818632179, 0.59692901432],
      [0.033811263309, 0.41201434953, 0.40307733822, 0.0026529216673, 0.12679314643, 0.010308903738, 0.011342077107],
      [0.011029601002, 0, 0, 0.50721685467, 0.13190524334, 0.027389539198, 0.32245876179],
      [0.021729976192, 0.015562015368, 0.089467072412, 0.071790445059, 0.30856031019, 0.18021796604, 0.31267221474],
      [0.042274547236, 0.014828172847, 0, 0.0034209630819, 0.81655085439, 0.059971051337, 0.062954411105],
      [0.022462061183, 0, 0, 0.00472444547, 0.042267107855, 0.75604255767, 0.17450382782],
      [0.095191750132, 0, 0, 2.7307474561e-05, 8.1514964146e-05, 0.089205158186, 0.81549426924]
    ],
    [
      [0.16324792251, 0, 0.00025792137105, 0.000725014394, 0.0080178603823, 0.19071484038, 0.63703644096],
      [0.044020922324, 0.29914152486, 0.55770410821, 0.0024707709949, 0.079172325137, 0.0067880936883, 0.010702254778],
      [0, 0, 0.016004078786, 0.56052063917, 0.082756200016, 0.017795014501, 0.32292406752],
      [0.027095826505, 0.013310243943, 0.14637408735, 0.08591907302, 0.22610023708, 0.13437084022, 0.36682969188],
      [0.075332840475, 0.018414609592, 0.0047342835507, 0.0015399783899, 0.75538665811, 0.059610973722, 0.084980656156],
      [0.051694119593, 0, 0.00083678281258, 0.0021753951516, 0.041849384193, 0.67208169434, 0.23136262391],
      [0.12437815998, 0, 2.2398827463e-05, 6.3044729839e-05, 0.00031868921789, 0.056796170115, 0.81842153713]
    ],
    [
      [0.13358829484, 0.00026918263785, 0.00023094144416, 4.9741568454e-05, 0.0061940666421, 0.36962875296, 0.49003901991],
      [0.01661657157, 0.49416746291, 0.43048992444, 0.0015688079787, 0.047370814956, 0.005702874608, 0.0040835435414],
      [7.0211073501e-05, 0.00036138259965, 0.026122790245, 0.62890322987, 0.094869025815, 0.029564430768, 0.22010892962],
      [0.016951877783, 0.038129062916, 0.2053224722, 0.09325828837, 0.22659523623, 0.20286391732, 0.21687914519],
      [0.042821520676, 0.075034060766, 0.0066028889441, 0.00016506061932, 0.73885236271, 0.079676350854, 0.056847755431],
      [0.027117674216, 0.0050303335665, 0.0013165284599, 0.00026843825832, 0.026446193806, 0.8201892962, 0.11963153549],
      [0.12114731892, 1.0583426094e-06, 5.6175288437e-06, 1.213208957e-06, 4.995425669e-05, 0.13297504515, 0.74581979259]
    ],
    [
      [0.089302060493, 0.00057179892022, 0, 0, 0.0078792509806, 0.33200380225, 0.57024308735],
      [0.005501013648, 0.33697097423, 0.61439629262, 0.0012011949808, 0.034769823662, 0.0036626652389, 0.0034980356225],
      [0, 0.00082791862151, 0.043349827688, 0.66587349115, 0.083761700608, 0.020216541157, 0.18597052078],
      [0.0072333148099, 0.032009734912, 0.3507048165, 0.096361720028, 0.19868227653, 0.13231558367, 0.18269255355],
      [0.023591075263, 0.074359122654, 0.0057780159977, 0, 0.77306052666, 0.063887841223, 0.059323418206],
      [0.0085815937218, 0.0077500712995, 0, 0, 0.036705263998, 0.79427325924, 0.15268981174],
      [0.077187077926, 1.7622081488e-08, 9.8911476357e-16, 2.5769496955e-23, 5.5774475697e-05, 0.11119480278, 0.8115623272]
    ],
    [
      [0.12886622163, 0.00037969116708, 2.2710707428e-06, 0, 0.008292741333, 0.32169513115, 0.54076394364],
      [0.011552714507, 0.37038295876, 0.5619385881, 0.0022749996935, 0.046641355262, 0.0036823181966, 0.0035270654809],
      [0.0014897645294, 0.00049696919262, 0.026777007853, 0.74189664058, 0.07373134718, 0.014938234277, 0.14067003639],
      [0.0118898563, 0.029836263988, 0.27476398854, 0.1440908773, 0.22807510593, 0.13210089009, 0.17924301785],
      [0.031615435778, 0.062586893283, 0.0084161522469, 0, 0.7907088191, 0.055562568699, 0.051110130894],
      [0.027084850105, 0.0064497175706, 0.00015516492877, 0, 0.038627708356, 0.78169331138, 0.14598924766],
      [0.11085740558, 1.6082130364e-05, 1.2825986185e-07, 0, 6.0052518867e-05, 0.10959692619, 0.77946940532]
    ],
    [
      [0.30050989773, 0.0003996909745, 0, 0.00020449132675, 0.0081588924904, 0.24856983528, 0.4421571922],
      [0.022587556422, 0.32594681278, 0.60205126893, 0.0030857779768, 0.039810973945, 0.0035813496723, 0.0029362602834],
      [0, 0, 0.022855805574, 0.81130290912, 0.057584312137, 0.01113532171, 0.097121651455],
      [0.024342221717, 0.028153750838, 0.31452448783, 0.18435301201, 0.20383885151, 0.10094654368, 0.14384113242],
      [0.071671123736, 0.063483817954, 0.010243696287, 0.0010620650895, 0.75990585501, 0.048721492533, 0.044911949386],
      [0.067902981054, 0.0075796789869, 0.0011900648559, 0.0012641688634, 0.04624800529, 0.73076636043, 0.14504874052],
      [0.26457852672, 1.0206884638e-05, 0, 1.2028901381e-05, 9.3455540492e-05, 0.086209953946, 0.64909582801]
    ],
    [
      [0.10827813862, 0, 0, 0, 0.0076670308588, 0.23037862343, 0.65367620709],
      [0.015268355342, 0.35605495186, 0.54514368409, 0.0082346062986, 0.064997276715, 0.0045832780095, 0.0057178476812],
      [0.0010366263416, 0, 0.0078411187176, 0.86502857084, 0.035165499887, 0.0065064458812, 0.084421738337],
      [0.0094689022396, 0.017350603004, 0.16325652142, 0.32084927672, 0.19309950246, 0.090948912215, 0.20502628194],
      [0.031386909326, 0.043954323612, 0.0047411935791, 0, 0.80441677695, 0.047143886075, 0.068356910454],
      [0.028569215196, 0.0041470950824, 0, 0, 0.045309267181, 0.7037719341, 0.21820248844],
      [0.083498508241, 9.1839469393e-09, 4.3478620017e-16, 7.7796875443e-23, 5.0122154337e-05, 0.070418894826, 0.8460324656]
    ],
    [
      [0.13314902185, 0.00024389010428, 0.00036705514597, 0.0012760321025, 0.010424906345, 0.24671129485, 0.6078277996],
      [0.0050705228977, 0.387016825, 0.57246759485, 0.0077230445374, 0.027722012715, 0, 0],
      [0, 0, 0.018901174373, 0.89376117817, 0.038164532657, 0, 0.049173114802],
      [0.0061451347286, 0.037056111578, 0.35246378812, 0.27752593299, 0.16096155446, 0.054702294574, 0.11114518355],
      [0.026168882527, 0.11117159423, 0.017928977155, 0.010185713411, 0.76699734625, 0.029257832758, 0.038289653674],
      [0.030885426008, 0.0097807428164, 0.011646659686, 0.01036109934, 0.058355143414, 0.69567358729, 0.18329734145],
      [0.10632196551, 3.4567801332e-08, 1.565756717e-15, 1.1065669193e-22, 6.9948291392e-05, 0.078335653727, 0.81527239791]
    ],
    [
      [0.16599222431, 0.00020959035691, 0, 9.8340287253e-05, 0.0087268353314, 0.32204400238, 0.50292900733],
      [0.021533399118, 0.40458224422, 0.48967280201, 0.0027273418585, 0.071790836068, 0.0051485196958, 0.0045448570259],
      [0.00039162918277, 0.0002149291949, 0.019773743958, 0.7095117627, 0.096232536712, 0.017805206809, 0.15607019144],
      [0.018368988219, 0.026206474397, 0.1943267771, 0.1318212986, 0.28675487331, 0.15152077348, 0.19100081489],
      [0.040587407203, 0.044782974594, 0.0047002080106, 0.00038374870079, 0.81329692249, 0.051929262295, 0.044319476701],
      [0.037923340007, 0.0043422089194, 0, 0.0004840799118, 0.040550871187, 0.78131139609, 0.13538810388],
      [0.14570750716, 1.2999177984e-08, 4.8528174559e-16, 3.0120318732e-23, 7.1076534527e-05, 0.11230271292, 0.74191869039]
    ],
    [
      [0.12255325536, 0, 0, 0.00021700275011, 0.0070890293577, 0.32850093378, 0.54163977875],
      [0.015652763913, 0.60619171305, 0.31661981134, 0.0018761151455, 0.049653484947, 0.0052751546157, 0.0047309569841],
      [2.9471986081e-05, 0.00010870462946, 0.017089887753, 0.64495406284, 0.089415549134, 0.024377210223, 0.22402511343],
      [0.019278896246, 0.046238018356, 0.1501084458, 0.10835666328, 0.24037411335, 0.18704299872, 0.24860086426],
      [0.041343654692, 0.086634646708, 0, 0.00052332065486, 0.73936222723, 0.069954051617, 0.062182099099],
      [0.02430778318, 0.0043768519817, 0, 0.00092807391956, 0.032570018061, 0.7931145429, 0.14470272995],
      [0.10606333236, 0, 0, 1.6275206156e-05, 0.00010842977319, 0.11203399062, 0.78177797204]
    ],
    [
      [0.17823524345, 2.1991828989e-06, 0, 0.0006249961711, 0.0077576378871, 0.33782965767, 0.47555026563],
      [0.010766537094, 0.38813305276, 0.56688051695, 0.0034072819755, 0.027196053948, 0.0027261610554, 0.00089039621917],
      [0.00060190049987, 0, 0.028440991458, 0.82724970769, 0.047037012521, 0.011329317109, 0.085341070723],
      [0.014404985435, 0.038324660522, 0.35364034079, 0.18779485756, 0.16677698296, 0.11283865456, 0.12621951817],
      [0.047697691345, 0.10532215379, 0.0099541738422, 0.0022086624017, 0.73085534899, 0.060517022373, 0.043444947256],
      [0.039799217311, 0.0047123960225, 0, 0.0035427530731, 0.03539924249, 0.79622976756, 0.12031662355],
      [0.16033748105, 2.8192796809e-08, 1.2736394031e-15, 6.1395901829e-23, 5.9343588071e-05, 0.12041582846, 0.7191873187]
    ],
    [
      [0.1199384183, 0.00023152251341, 4.0065540868e-05, 0, 0.0095337990945, 0.31998707877, 0.55026911579],
      [0.011583895664, 0.34827792039, 0.57014128765, 0.0033176584354, 0.058703301787, 0.0040780810121, 0.0038978550673],
      [0, 0.00038012296578, 0.020668964466, 0.78022663886, 0.069210908878, 0.012238489166, 0.11727487567],
      [0.0094174939707, 0.024291475457, 0.24210349766, 0.1779268275, 0.24763792038, 0.12500949768, 0.17361328735],
      [0.025132264913, 0.048443471195, 0.0076203442944, 0.0006342027053, 0.82063743613, 0.050424661363, 0.047107619399],
      [0.024492753945, 0.0050523672226, 0.00064796980842, 0, 0.044780226417, 0.77733121111, 0.1476954715],
      [0.1024806177, 3.0112106732e-06, 3.9025503655e-06, 0, 7.6418378518e-05, 0.10828800143, 0.78914804873]
    ],
    [
      [0.092558092667, 0.00036707239237, 8.0980623706e-05, 0, 0.0073134145774, 0.29382894812, 0.60585149162],
      [0.0086391218176, 0.40904303693, 0.52574820916, 0.0025124581315, 0.045583493636, 0.004278986556, 0.0041946937728],
      [0, 0.00062469036995, 0.023357939305, 0.73194574035, 0.066300690447, 0.015115091548, 0.16265584798],
      [0.0067575817945, 0.031749500497, 0.24815883237, 0.1499222192, 0.21383754951, 0.13220899385, 0.21736532278],
      [0.023677364586, 0.068929923344, 0.0083825842964, 0, 0.77599477049, 0.059281757668, 0.063733599618],
      [0.016415220553, 0.0067146157985, 0.00074478965356, 0.00071990474291, 0.036869785319, 0.76548751121, 0.17304817273],
      [0.075876373726, 7.7254495593e-06, 4.4471763703e-06, 0, 6.0333158251e-05, 0.094828888761, 0.82922223173]
    ],
    [
      [0.10840056498, 0.00034039740394, 0, 0, 0.007333225031, 0.29394221079, 0.58998360179],
      [0.012973521972, 0.39212340221, 0.52550626803, 0.0035135752926, 0.055751563829, 0.0051037455066, 0.0050279231689],
      [0, 0.00043243180621, 0.01648038865, 0.76441374723, 0.060610518708, 0.01347195528, 0.14459095833],
      [0.010091770985, 0.026001214266, 0.2101725753, 0.17730937299, 0.22158000331, 0.13608839867, 0.21875666447],
      [0.030108064052, 0.055232256844, 0.0062952988271, 0, 0.78599588357, 0.059460881387, 0.062907615322],
      [0.023625938994, 0.0051697703384, 4.0907610688e-05, 0, 0.036505606254, 0.76546294738, 0.16919482942],
      [0.089619465621, 1.2163395744e-08, 5.0535837771e-16, 3.8900670153e-23, 5.2481571075e-05, 0.095776463932, 0.81455157671]
    ],
    [
      [0.14845531425, 0.00035119504433, 0.00011474015598, 0, 0.0087164935839, 0.35297948061, 0.48938277635],
      [0.015673171971, 0.37752630682, 0.53952060936, 0.0018550450041, 0.057265055302, 0.0046674629432, 0.003492348598],
      [0.00020860896467, 0.00042517383352, 0.027666083104, 0.69937009744, 0.097128864738, 0.02005033559, 0.15515083633],
      [0.017035414858, 0.028457220471, 0.2467020972, 0.11616967929, 0.26347648131, 0.15496573554, 0.17319337133],
      [0.035603314292, 0.052138005737, 0.0071966144176, 0, 0.80497415473, 0.057337797076, 0.042750113751],
      [0.030804500437, 0.0052497314372, 0.00070433662449, 0, 0.037763589822, 0.80295928778, 0.1225185539],
      [0.13361738658, 6.2214092487e-06, 4.9478927276e-06, 0, 5.961543661e-05, 0.12588164563, 0.74043018305]
    ],
    [
      [0.26090447874, 0.00041277572473, 0, 4.310284476e-05, 0.0081209555801, 0.30199592306, 0.42852276406],
      [0.022968980963, 0.36473366016, 0.55862065666, 0.0021773485554, 0.044799675327, 0.004249472143, 0.002450206192],
      [0, 0.00052687315218, 0.029060908413, 0.74783953028, 0.079551461796, 0.016854915073, 0.12616631129],
      [0.023411577924, 0.031659347908, 0.29122840503, 0.13797212154, 0.23063010945, 0.13422439125, 0.1508740469],
      [0.065267523866, 0.063073783621, 0.0082556177069, 0.00020531607437, 0.76694914865, 0.055935101458, 0.040313508626],
      [0.057432406385, 0.0064901177341, 0.00016076303102, 0.00019791257434, 0.039866334195, 0.7751848736, 0.12066759248],
      [0.23770151448, 5.5045316464e-06, 0, 1.3061467424e-06, 7.0911199955e-05, 0.10867359408, 0.65354716957]
    ],
    [
      [0.21771153183, 0, 0.00016418380896, 5.7768042896e-06, 0.0083513160713, 0.26603249986, 0.50773469162],
      [0.018143002106, 0.50407686584, 0.42673949605, 0.003095695037, 0.041900634984, 0.0028563432487, 0.0031879627392],
      [0, 0, 0.016584998705, 0.81764036697, 0.054605052321, 0.009550892572, 0.10161868944],
      [0.020610091726, 0.043058203139, 0.22899510795, 0.20803756832, 0.21936821051, 0.11019429947, 0.16973651888],
      [0.055085972525, 0.088461208672, 0.0078742725724, 5.9481887976e-05, 0.75416648716, 0.04622732554, 0.048125251641],
      [0.054639044912, 0.0056188273374, 0.0012508284709, 3.4249297865e-05, 0.04464474066, 0.73735096989, 0.15646133943],
      [0.18555761938, 0, 4.0813625076e-06, 1.4442001739e-07, 7.0262957567e-05, 0.089874776861, 0.72449311502]
    ],
    [
      [0.12371019023, 0, 0.00019596020024, 0.00029267687394, 0.015544723157, 0.32385390766, 0.53640254188],
      [0.00029391527802, 0.4906348836, 0.46990289028, 0.0017314181923, 0.033548793513, 0.0025393849705, 0.0013487141602],
      [0, 0, 0.051614324265, 0.71353764445, 0.099204418309, 0.013795267398, 0.12184834558],
      [0.0052730125743, 0.066950432453, 0.42270844224, 0.097270545462, 0.21387474068, 0.083456994194, 0.1104658324],
      [0.01468620414, 0.13972599616, 0.014233869162, 0.0015038265184, 0.75954066867, 0.038022545422, 0.032286889923],
      [0.020851556759, 0.001946246796, 0.0030746603328, 0.001530646151, 0.072457657871, 0.76149659957, 0.13864263252],
      [0.10991529005, 6.4659581305e-08, 1.874834887e-15, 3.9859978348e-23, 9.2280444998e-05, 0.11071932258, 0.77927304226]
    ],
    [
      [0.20592835041, 0, 0, 0.001057982528, 0.012532616598, 0.30699513649, 0.47348591397],
      [0.008250566427, 0.40498957603, 0.55189643657, 0.0040778770206, 0.029628649626, 0.0011568943261, 0],
      [0.0001491522366, 0, 0.031145359351, 0.84879569434, 0.050152922179, 0.0073164043856, 0.062440467512],
      [0.01248949122, 0.045030544205, 0.38904093731, 0.19329265735, 0.18262728031, 0.079555889666, 0.097963199944],
      [0.040647499353, 0.11113979756, 0.0139523769, 0.0041612977546, 0.76247255918, 0.039685609159, 0.027940860095],
      [0.046803359166, 0.0082997948047, 7.1245732509e-05, 0.0034826187413, 0.0562231883, 0.76033033468, 0.12478945857],
      [0.18236545972, 4.1998632053e-08, 1.7409465697e-15, 7.8879537621e-23, 8.0933309752e-05, 0.10792288922, 0.70963067575]
    ],
    [
      [0.2208136386, 0, 0.00037890051271, 0.00018521108511, 0.010031420427, 0.22645055991, 0.54214026947],
      [0.012015384548, 0.51534360166, 0.4335206868, 0.0022553861985, 0.033170822401, 0.00063422745425, 0.0030598909463],
      [0, 0, 0.027995046264, 0.77822292704, 0.066507875602, 0.0085652615629, 0.11870888954],
      [0.01861848155, 0.057167608545, 0.31864623264, 0.1533269967, 0.21280781326, 0.081273334534, 0.15815953277],
      [0.050671826259, 0.11589886052, 0.012597532232, 0.0012304718014, 0.7402157184, 0.032913860102, 0.046471730684],
      [0.061773863326, 0.0042965900734, 0.0023931933368, 0.0010578639293, 0.058276848977, 0.68943480405, 0.1827668363],
      [0.18129602362, 0, 2.2202624355e-05, 1.0894769536e-05, 0.00014415161959, 0.073497843423, 0.74502888395]
    ],
    [
      [0.129295628, 0, 0.00073538323274, 3.6600177261e-05, 0.012144314987, 0.21980598823, 0.63798208537],
      [0.0071809753945, 0.55918670586, 0.39245228776, 0.0018949210005, 0.035619170966, 0.0016787909611, 0.0019871480587],
      [0, 0, 0.021067875847, 0.77613737763, 0.069087759235, 0.0079830554889, 0.1257239318],
      [0.01070959682, 0.060383487687, 0.27163957509, 0.16529174382, 0.233510182, 0.077662034296, 0.18080338029],
      [0.027162886469, 0.11392027159, 0.010223709913, 0.00014310983272, 0.77045533327, 0.031387610403, 0.046707078517],
      [0.03728191568, 0.0039852928899, 0.0039690249592, 0.00014405257711, 0.066699069237, 0.67450237333, 0.21341827133],
      [0.10165293376, 0, 4.7362792612e-05, 2.3613015452e-06, 0.00022076508348, 0.067490990099, 0.83058558696]
    ],
    [
      [0.14745534053, 0, 0.00057222763577, 0.00035497702057, 0.015681225862, 0.29555602892, 0.54038020003],
      [0.0046596269874, 0.54143826002, 0.41166219699, 0.0026395320987, 0.03825655911, 0.0009296327619, 0.00041419202647],
      [0, 0, 0.024110817573, 0.81015301276, 0.073915259419, 0.0079330248492, 0.083887885395],
      [0.0084466393637, 0.06254886107, 0.30930244027, 0.1734798608, 0.24614578891, 0.0809893581, 0.11908705149],
      [0.01971230776, 0.11270645761, 0.013532582522, 0.0025070204061, 0.79339946589, 0.030108193518, 0.028033972295],
      [0.030936104521, 0.0069573912335, 0.0032934701577, 0.0018945213592, 0.076306302343, 0.7347589534, 0.14585325698],
      [0.12705174647, 0, 2.11245424e-05, 1.3147296893e-05, 0.00019382337137, 0.099823223922, 0.7728969344]
    ],
    [
      [0.14832120361, 0, 0.00011427757112, 0, 0.007223474716, 0.36524905337, 0.47909199073],
      [0.01733852996, 0.26041535591, 0.66010638083, 0.0029506631736, 0.050111628797, 0.0053397906191, 0.0037376507035],
      [0.00028732754423, 0, 0.025549272542, 0.76579498766, 0.063976193183, 0.017378671743, 0.12701354733],
      [0.015415392988, 0.016935626201, 0.27362719782, 0.15540135937, 0.2072875254, 0.16102492438, 0.17030797385],
      [0.04538762798, 0.037500738094, 0.0097225275764, 0.00013167919027, 0.78140622402, 0.073870839901, 0.05198036324],
      [0.031265417595, 0, 0.00085606895023, 0, 0.031456811514, 0.81802743968, 0.11839426226],
      [0.13527666303, 0, 3.9048670867e-06, 0, 6.3206402423e-05, 0.1319272259, 0.7327289998]
    ],
    [
      [0.13488785781, 0.00039951607077, 0, 0, 0.0075523252212, 0.32777650072, 0.52938380018],
      [0.011389914561, 0.39313613889, 0.54763473728, 0.0014517031301, 0.03969807369, 0.0033526420027, 0.0033367904491],
      [7.498858756e-05, 0.00044591733339, 0.033841971414, 0.69726716423, 0.082657345735, 0.018416153564, 0.16729645914],
      [0.017192283996, 0.035092095517, 0.29858082954, 0.10872860987, 0.21864913403, 0.13964488391, 0.18211216314],
      [0.036017926979, 0.074140383934, 0.008587878681, 0, 0.76961668852, 0.05904166768, 0.052595454209],
      [0.028769126277, 0.0068715439796, 0, 0, 0.034673774473, 0.78854875641, 0.14113679886],
      [0.11687343022, 1.3519091788e-05, 0, 0, 4.9183899441e-05, 0.11246766947, 0.77059619732]
    ],
    [
      [0.30042244334, 0.00044876331875, 8.7098630045e-05, 2.1452644412e-06, 0.0081749904364, 0.28314203335, 0.40772252566],
      [0.026734409813, 0.39249719457, 0.52436296263, 0.0020285626542, 0.046857103459, 0.0047360818843, 0.002783684992],
      [0, 0, 0.02682214834, 0.74162527029, 0.08461715437, 0.017539442868, 0.12939598413],
      [0.028327212946, 0.033898332876, 0.27459579375, 0.13350164809, 0.242442246, 0.13374165489, 0.15349311145],
      [0.070588840497, 0.064411517195, 0.0080755833574, 2.7749123669e-05, 0.76248899167, 0.054955228358, 0.039452089797],
      [0.063871249526, 0.007340944469, 0.0012542405583, 1.232942946e-05, 0.042269644742, 0.76392916232, 0.12132242895],
      [0.27483031492, 1.7326949844e-08, 7.1433914779e-16, 3.1910707585e-23, 6.2495012005e-05, 0.10190668037, 0.62320049237]
    ],
    [
      [0.17679701371, 0.00024384906145, 0, 2.0357688865e-05, 0.0074866556736, 0.27145596678, 0.54399615708],
      [0.022020532372, 0.38243672411, 0.52584917255, 0.0030158921842, 0.057929098755, 0.0041408403501, 0.0046077396764],
      [0.0003112450826, 0.00024307894241, 0.01993211928, 0.74370569094, 0.072040684153, 0.013345018262, 0.15042216334],
      [0.019721108845, 0.026260219006, 0.22006414199, 0.15710985472, 0.24102914441, 0.12828668934, 0.20752884169],
      [0.049935192355, 0.051790589676, 0.0063125745511, 0.00013156638135, 0.7861968809, 0.050524190126, 0.05510900601],
      [0.045080501379, 0.0049800940382, 6.6561859903e-05, 7.7113847401e-05, 0.039723515431, 0.74505457136, 0.16501764208],
      [0.1475551998, 4.6993836386e-06, 0, 1.526826486e-06, 4.2942784136e-05, 0.09001151654, 0.76238411467]
    ],
    [
      [0.21591719863, 0, 0.00053061636088, 4.4853657376e-05, 0.0085813079405, 0.31159597543, 0.46333004798],
      [0.015647917581, 0.547503332, 0.39563578259, 0.0026982990663, 0.033037061138, 0.0032623743324, 0.0022152332907],
      [0, 0, 0.017649151785, 0.83019080208, 0.049328306766, 0.011306950606, 0.091524788762],
      [0.020468134733, 0.050141223961, 0.24530985385, 0.20730358091, 0.19756456437, 0.12741294053, 0.15179970165],
      [0.058048612884, 0.11243105083, 0.0097188477948, 0.00018382056628, 0.71700180746, 0.057825960704, 0.044789899761],
      [0.050381354658, 0.00049734028595, 0.0023189965881, 0.00017263385894, 0.039792305919, 0.77923024036, 0.12760712833],
      [0.19446718481, 0, 3.9720793951e-05, 3.3640240315e-06, 0.0001617019745, 0.11029625698, 0.69503177142]
    ],
    [
      [0.18847746296, 0, 6.910666475e-05, 0, 0.0070322470727, 0.33863683671, 0.4657843466],
      [0.02292660097, 0.29515381763, 0.61707650697, 0.0040023964312, 0.052070191876, 0.0050816877163, 0.0036887984122],
      [0.00040498992897, 0, 0.018186523048, 0.82048353165, 0.050578096469, 0.012690030356, 0.09765682855],
      [0.020841319847, 0.018211672725, 0.24208646938, 0.2036747741, 0.20491521862, 0.14716289561, 0.16310764973],
      [0.05664813376, 0.041745699719, 0.0087825469691, 0, 0.77605751735, 0.067314838988, 0.049451263211],
      [0.041729775915, 0.0019441454574, 0.00080042489205, 0, 0.031802636829, 0.80294175066, 0.12078126624],
      [0.17008277582, 1.044168456e-08, 6.6813238047e-16, 5.1657236751e-23, 5.6374204564e-05, 0.12121690266, 0.70864393687]
    ],
    [
      [0.12479349498, 0.00023978250766, 0, 0.00026530100403, 0.011512142649, 0.35878428367, 0.50440499519],
      [0.0082666132651, 0.27097081598, 0.66469402834, 0.0025208337806, 0.047841213147, 0.0035282131589, 0.0021782823296],
      [0, 0.00016410584186, 0.031765699939, 0.77031393437, 0.078197588221, 0.013871259025, 0.1056874126],
      [0.0083017748154, 0.022275682506, 0.33268641587, 0.14704238098, 0.23813721951, 0.11832785197, 0.13322867435],
      [0.023654595745, 0.046808213368, 0.0091230280519, 0.00086816739039, 0.83152984775, 0.051249377199, 0.036766770493],
      [0.021106680574, 0.0047786917046, 0, 0.0012043980751, 0.049488738192, 0.80070884771, 0.12271264375],
      [0.11283751249, 4.843790303e-07, 0, 6.4707561266e-06, 0.00010329953611, 0.12743294555, 0.75961928729]
    ],
    [
      [0.10364090017, 0, 0, 0.00070594803704, 0.0065834500461, 0.29104410031, 0.59802560143],
      [0.02504391322, 0.31391902206, 0.56204694513, 0.0041545984382, 0.077713940784, 0.0096383427892, 0.0074832375754],
      [0, 0, 0.015367913442, 0.63350826154, 0.076432327678, 0.022990346752, 0.25170115059],
      [0.014811069073, 0.011938073515, 0.15818745637, 0.11668307479, 0.21811221527, 0.18345413928, 0.29681397171],
      [0.045660454474, 0.023471922373, 0.004509682487, 0.0025879814465, 0.763331361, 0.080306449644, 0.080132148572],
      [0.021914601023, 0, 0, 0.0036814268753, 0.033696937212, 0.77440194994, 0.16630508495],
      [0.085213167253, 0, 0, 2.5212429847e-05, 8.8960035868e-05, 0.093896522758, 0.82077613752]
    ],
    [
      [0.12348805002, 0.00065606743086, 0, 0.00073119148981, 0.012801020327, 0.33534021036, 0.52698346037],
      [0.0062002720016, 0.26660065657, 0.68152398841, 0.0025043468058, 0.039108413103, 0.0023660833573, 0.0016962397534],
      [0, 0.00049799804592, 0.035524038576, 0.78869260634, 0.0712320102, 0.010811089545, 0.09324225729],
      [0.0064388281055, 0.025126233865, 0.38340909509, 0.15329438757, 0.21851856665, 0.094416318172, 0.11879657054],
      [0.024315698813, 0.057513872899, 0.0067507219653, 0.0021690821703, 0.82980308878, 0.044023917206, 0.035423618166],
      [0.019097803716, 0.0077995155857, 0, 0.0028940355145, 0.056553798447, 0.78014052275, 0.13351432398],
      [0.10973528286, 2.0289888897e-08, 1.5818723052e-15, 5.773726526e-23, 8.9192931992e-05, 0.11623313744, 0.77394236648]
    ],
    [
      [0.1508821602, 0, 3.0291288247e-05, 1.4978726679e-05, 0.011317932, 0.35576009874, 0.48199453904],
      [0.010288408032, 0.20026659185, 0.73558668242, 0.001496715932, 0.046907528017, 0.0036059255485, 0.0018481481992],
      [0, 0, 0.049258863635, 0.6944790356, 0.10415601537, 0.01797257566, 0.13413350973],
      [0.011629154384, 0.015858002049, 0.38719575261, 0.097235063802, 0.24202091698, 0.11801351404, 0.12804759613],
      [0.034772805307, 0.028013190287, 0.012025640213, 0.00012171603527, 0.8393599119, 0.050571878511, 0.035134857745],
      [0.028631752302, 0, 0.00051072748314, 0.00014688177599, 0.051521526197, 0.80120786518, 0.11798124707],
      [0.13697265969, 0, 4.3646895983e-06, 2.3044191685e-06, 0.00016486710455, 0.12766159077, 0.73519421333]
    ],
    [
      [0.18777002564, 0, 0.00058486966768, 7.6599615177e-05, 0.0053322907152, 0.40428871949, 0.40194749487],
      [0.033674647767, 0.18542206081, 0.7143117729, 0.0028234945775, 0.050635324041, 0.0084731975172, 0.0046595023871],
      [0, 0, 0.026942411341, 0.70806776181, 0.065168600194, 0.030003311573, 0.16981791508],
      [0.025193905783, 0.0057876004296, 0.25172210006, 0.11844834155, 0.17525997858, 0.23468761345, 0.18890046015],
      [0.094890651062, 0.0028433690498, 0.014103722738, 0.00062627212716, 0.71068818132, 0.11495226321, 0.061895540489],
      [0.024982482907, 0, 0.0061473649071, 0.00079581541769, 0.027463021953, 0.84860123973, 0.092010075086],
      [0.18417891526, 4.8274556445e-09, 5.5431243106e-16, 2.4100072721e-23, 3.7912044533e-05, 0.156266393, 0.65951677487]
    ],
    [
      [0.12547914007, 0, 0.00076926251818, 0.00013185652884, 0.0060647800961, 0.39232232663, 0.47523263416],
      [0.022809730298, 0.19607455722, 0.70857594556, 0.0029888527919, 0.055763642723, 0.0079297960098, 0.0058574753901],
      [0, 0, 0.023774817393, 0.6937657131, 0.069343771801, 0.026178385733, 0.18693731197],
      [0.016821764358, 0.0067151558584, 0.23905110277, 0.1200567812, 0.18668110338, 0.21722251727, 0.21345157516],
      [0.064890002686, 0.0025716359977, 0.014229588076, 0.00064917593568, 0.74488647457, 0.10342004241, 0.069353080324],
      [0.016352972109, 0, 0.0047788035266, 0.00080617696718, 0.027116094808, 0.83864625285, 0.11229969974],
      [0.11736958039, 4.8589630717e-09, 5.2305508664e-16, 2.4340038246e-23, 4.0413468098e-05, 0.1436983619, 0.73889163938]
    ],
    [
      [0.17264393499, 0, 0.00033033680464, 0, 0.0074248950021, 0.33391944339, 0.48568138981],
      [0.031296819558, 0.34813806053, 0.5266796086, 0.001464866127, 0.078887361443, 0.0076000034737, 0.0059332802643],
      [0.00028261261582, 0, 0.027594801344, 0.52343776779, 0.13800086315, 0.034060253235, 0.27662370186],
      [0.024283537084, 0.019659576481, 0.1841301984, 0.064615669676, 0.27926645832, 0.1970336491, 0.23101091094],
      [0.053288585168, 0.031571595804, 0.0054555619377, 0, 0.78978614959, 0.067464760541, 0.052433346958],
      [0.038758329377, 0, 0.0014570623678, 0, 0.033996685623, 0.79801704949, 0.12777087314],
      [0.15434904893, 0, 2.1627333525e-05, 0, 7.7990172517e-05, 0.11828563143, 0.72726570213]
    ],
    [
      [0.12037271866, 0, 0.00014356376257, 0.00059648024236, 0.0058457344818, 0.37489618365, 0.4981453192],
      [0.031040819679, 0.39470160042, 0.4697424994, 0.0016806807326, 0.082194754212, 0.012083436653, 0.0085562088992],
      [0, 0, 0.019817626355, 0.47531774566, 0.12022384423, 0.045591967848, 0.3390488159],
      [0.01930251897, 0.017856086391, 0.12992440634, 0.055939547571, 0.23905474303, 0.25978900835, 0.27813368934],
      [0.047208736039, 0.032061959637, 0.0037996283222, 0.0010101551697, 0.74937153036, 0.097533873288, 0.06901411718],
      [0.023161418371, 0, 0.0006167603211, 0.0024131843468, 0.024695635891, 0.82943766234, 0.11967533873],
      [0.10928303047, 0, 1.3023039863e-05, 5.4225476525e-05, 0.00010596655083, 0.1342400104, 0.75630374407]
    ],
    [
      [0.088124378609, 0, 0.00050851123405, 0.0022688043618, 0.01142301366, 0.28609992493, 0.61157536721],
      [0.0019140927581, 0.16841859575, 0.78802332836, 0.0071688394079, 0.032944197596, 0.0012713736128, 0.00025957251925],
      [0, 0, 0.018536114946, 0.87847514109, 0.041322383892, 0.0037414412466, 0.057924918828],
      [0.0009211471554, 0.012468981921, 0.40032069512, 0.24850170332, 0.15971016326, 0.065856261552, 0.11222104768],
      [0.0045778503161, 0.038130644107, 0.03013099079, 0.011786580796, 0.83191385341, 0.040794069233, 0.042666011349],
      [0.015098457189, 0.002130092915, 0.0022686157497, 0.0083734028781, 0.055313976615, 0.74561668757, 0.17119876708],
      [0.073341437351, 1.3103599219e-08, 1.8473816361e-15, 1.0393743333e-22, 7.2362561024e-05, 0.092081655798, 0.83450453119]
    ],
    [
      [0.11698833768, 9.4377853854e-05, 0, 0.00066015865029, 0.0058923969413, 0.42346261013, 0.45290211875],
      [0.038785316827, 0.52272658319, 0.31836786211, 0.0021262882938, 0.090711165637, 0.017277957405, 0.010004826535],
      [9.183406432e-05, 0.00019080919186, 0.010515513674, 0.51403758488, 0.10629765949, 0.052667388763, 0.31619920994],
      [0.070924284663, 0.019773928585, 0.023894498668, 0.061435860257, 0.2255647475, 0.32141830784, 0.27698837248],
      [0.049856224916, 0.037891207358, 0, 0.001350032232, 0.7197735435, 0.12112966278, 0.069999329218],
      [0.015945049725, 0.0016720797798, 0, 0.0027067869506, 0.023179801367, 0.85620911503, 0.10028716715],
      [0.11290572239, 3.2564276385e-07, 0, 2.2005288324e-05, 8.6897296374e-05, 0.15998634231, 0.72699870708]
    ],
    [
      [0.15616900089, 0, 0, 0.0015654499416, 0.0063316548436, 0.28547317925, 0.55046071508],
      [0.061560722336, 0.26199345376, 0.57004191255, 0.0044664240816, 0.073768541208, 0.014074109185, 0.014094836875],
      [3.0810560326e-05, 0, 0.011470422302, 0.63418907446, 0.053111805419, 0.025733912095, 0.27546397517],
      [0.032952723671, 0.0031911353676, 0.11971212313, 0.11712790641, 0.16059615484, 0.22140768184, 0.34501227474],
      [0.11301916239, 0, 0.0018047052342, 0.0015210012953, 0.66004368759, 0.11136553923, 0.11224590426],
      [0.031320230293, 0, 0, 0.0043159075428, 0.025088726531, 0.78010414829, 0.15917098734],
      [0.13292554446, 0, 0, 2.1154728926e-05, 6.6746972891e-05, 0.09387708829, 0.77310946555]
    ],
    [
      [0.22437657708, 0, 0, 0.00067445672086, 0.0080475179726, 0.33743906823, 0.42946238],
      [0.093731565281, 0.38127077616, 0.37274950309, 0.0026351829104, 0.11986102371, 0.017683640662, 0.012068308189],
      [0, 0, 0.0099594429799, 0.51613186278, 0.11711879059, 0.044087415012, 0.31270248864],
      [0.087051043623, 0.011787913125, 0.029266725674, 0.066291510694, 0.25374548342, 0.27223965534, 0.27961766812],
      [0.1034029456, 0.0075038124288, 0, 0.00090223682412, 0.72838320996, 0.095102578166, 0.064705217026],
      [0.032897011643, 0, 0, 0.0023814113953, 0.033541905543, 0.81578464087, 0.11539503055],
      [0.21174784893, 0, 0, 1.3764422863e-05, 0.00010730361824, 0.12312289924, 0.66500818379]
    ],
    [
      [0.085512718762, 0.00054634101935, 0.00056803354575, 0, 0.0065648273989, 0.36757964173, 0.53922843754],
      [0.0088140861446, 0.41802512826, 0.52134153667, 0.00049376140923, 0.041955487007, 0.0052522315791, 0.0041177689329],
      [0, 0.0006767965001, 0.044162838669, 0.4974092874, 0.11911656021, 0.037103154508, 0.30153136271],
      [0.028888668687, 0.034903993556, 0.26697429767, 0.03358714359, 0.21720998076, 0.19200524628, 0.22643066944],
      [0.020708705929, 0.072661881266, 0.010120473176, 0, 0.75149570376, 0.08126085065, 0.063752385223],
      [0.0060788260275, 0.0065066189528, 0.0034755642051, 0, 0.028705143882, 0.82180494582, 0.13342890111],
      [0.076738488588, 1.5208457482e-08, 5.8436507251e-16, 1.1351382883e-23, 4.7941799706e-05, 0.12750072584, 0.79571282856]
    ],
    [
      [0.11403029854, 0.00012477483501, 0.00025626388762, 0, 0.0052934731089, 0.34900522192, 0.53128996771],
      [0.017906113819, 0.31059761829, 0.60826890575, 0.0015566357601, 0.049794818258, 0.0064728458665, 0.0054030622576],
      [0.00019441755789, 0.00019362774159, 0.031230532707, 0.59338554282, 0.086095592842, 0.029967919329, 0.258932367],
      [0.018353965317, 0.019936822418, 0.23763338815, 0.079216114779, 0.19860135228, 0.2003866244, 0.24587173265],
      [0.043916174936, 0.044607966777, 0.0096749131465, 0, 0.74135567865, 0.088040060668, 0.072405205827],
      [0.024249172976, 0.0025813614272, 0.0021761782343, 0, 0.024209956549, 0.81275825382, 0.134025077],
      [0.099240107666, 7.9399139843e-09, 4.6999856511e-16, 1.519589786e-23, 3.9497734601e-05, 0.12036147609, 0.78035891057]
    ],
    [
      [0.27856529915, 0.00021435503485, 0.00031890134329, 0, 0.0059694138909, 0.2807294668, 0.43420256377],
      [0.04209755968, 0.32551675314, 0.56534870291, 0.0014585781147, 0.054211097616, 0.006243479529, 0.0051238290095],
      [0, 0.0002916756327, 0.029715874874, 0.62621266461, 0.09543488101, 0.026148182891, 0.22219672098],
      [0.041623282381, 0.022000314774, 0.23300330892, 0.083290780738, 0.22693176947, 0.1751884484, 0.21796209531],
      [0.091522181277, 0.042315968692, 0.0077809944389, 0, 0.73138080994, 0.069518538247, 0.057481507401],
