{
  "X": [
    [0, 2, 4, 1, 0],
    [232, 209, 303, 19, 56],
    [149, 155, 268, 20, 26],
    [32, 42, 55, 7, 3],
    [3, 4, 4, 0, 0],
    [2, 1, 5, 0, 0],
    [8, 1, 9, 1, 0],
    [8, 3, 9, 1, 0],
    [6, 5, 5, 2, 1],
    [6, 6, 10, 1, 1],
    [9, 7, 8, 0, 1],
    [145, 183, 363, 27, 41],
    [215, 244, 609, 39, 57],
    [159, 157, 297, 18, 37],
    [193, 267, 408, 61, 56],
    [148, 241, 442, 52, 61],
    [99, 145, 141, 25, 27],
    [216, 153, 290, 14, 30],
    [214, 195, 321, 16, 41],
    [1, 1, 4, 1, 2],
    [9, 2, 2, 1, 1],
    [7, 2, 9, 3, 2],
    [5, 3, 2, 0, 1],
    [16, 22, 100, 10, 16],
    [4, 2, 3, 0, 1],
    [3, 4, 12, 0, 0],
    [53, 85, 79, 13, 27],
    [134, 88, 224, 18, 36],
    [49, 29, 36, 11, 5],
    [167, 101, 102, 14, 28],
    [375, 332, 459, 47, 63],
    [74, 59, 100, 18, 18],
    [6, 1, 0, 1, 1],
    [33, 42, 34, 3, 10],
    [15, 12, 6, 1, 7],
    [46, 46, 37, 9, 7],
    [13, 7, 13, 4, 1],
    [9, 3, 8, 3, 0],
    [163, 171, 238, 19, 29],
    [165, 151, 192, 17, 32],
    [9, 9, 6, 2, 0],
    [4, 9, 9, 0, 2],
    [5, 9, 52, 4, 2],
    [68, 76, 133, 8, 15],
    [89, 111, 231, 20, 22],
    [89, 82, 206, 22, 18],
    [3, 9, 7, 1, 2],
    [7, 7, 6, 2, 0],
    [2, 3, 21, 0, 3],
    [538, 320, 228, 39, 64],
    [20, 95, 40, 14, 21],
    [111, 90, 218, 11, 21],
    [326, 263, 423, 30, 64],
    [108, 96, 208, 20, 28],
    [156, 138, 178, 19, 44],
    [49, 29, 53, 7, 16],
    [295, 238, 331, 34, 62],
    [25, 71, 98, 11, 13],
    [73, 87, 68, 12, 13],
    [2, 1, 0, 0, 0],
    [3438, 2419, 4270, 386, 568],
    [577, 422, 594, 71, 104],
    [998, 749, 1065, 119, 185],
    [1091, 619, 795, 47, 125]
  ],
  "W": [
    [0, 2, 5, 0],
    [95, 232, 462, 30],
    [69, 189, 335, 25],
    [15, 39, 82, 3],
    [3, 3, 5, 0],
    [3, 3, 1, 1],
    [4, 7, 8, 0],
    [2, 5, 12, 2],
    [2, 5, 12, 0],
    [3, 9, 9, 3],
    [4, 4, 14, 3],
    [56, 313, 364, 26],
    [76, 503, 531, 54],
    [58, 244, 349, 17],
    [91, 306, 521, 67],
    [71, 389, 430, 54],
    [54, 124, 232, 27],
    [84, 205, 392, 22],
    [73, 245, 442, 27],
    [1, 3, 4, 1],
    [5, 4, 5, 1],
    [2, 5, 12, 4],
    [3, 1, 7, 0],
    [8, 89, 49, 18],
    [0, 2, 7, 1],
    [1, 9, 8, 1],
    [36, 65, 133, 23],
    [72, 173, 223, 32],
    [21, 23, 74, 12],
    [70, 74, 251, 17],
    [169, 357, 687, 63],
    [32, 68, 147, 22],
    [3, 0, 5, 1],
    [19, 22, 73, 8],
    [7, 5, 25, 4],
    [22, 28, 89, 6],
    [9, 10, 15, 4],
    [3, 9, 10, 1],
    [51, 163, 384, 22],
    [56, 133, 343, 25],
    [4, 5, 11, 6],
    [2, 8, 14, 0],
    [10, 44, 17, 1],
    [26, 105, 154, 15],
    [38, 193, 223, 19],
    [37, 169, 192, 19],
    [2, 5, 13, 2],
    [5, 5, 9, 3],
    [4, 18, 7, 0],
    [215, 146, 762, 66],
    [18, 34, 113, 25],
    [44, 184, 214, 9],
    [184, 303, 565, 54],
    [53, 169, 220, 18],
    [60, 148, 293, 34],
    [19, 35, 89, 11],
    [154, 250, 508, 48],
    [18, 70, 116, 14],
    [29, 52, 161, 11],
    [0, 0, 3, 0],
    [1395, 3533, 5651, 502],
    [360, 478, 790, 140],
    [547, 863, 1485, 221],
    [500, 653, 1440, 84]
  ],
  "method": "mult",
  "cond_prob": [
    [
      [6.9388939039e-17, 0.67031731998, 0.23132769776, 0.098354982263, 0],
      [0, 0, 0.90652330416, 0.093476695838, 0],
      [0, 0.4, 0.43739067834, 0.16260932166, 0],
      [0, 0, 0, 1, 0]
    ],
    [
      [0.8024110928, 0.12085555477, 0.030413673026, 0.0019938403693, 0.044325839034],
      [0.011984411651, 0.049324980604, 0.88850298874, 0.018583544447, 0.031604074557],
      [0.32822305882, 0.3833449522, 0.1988026139, 0.01451677864, 0.075112596435],
      [0.045050316946, 0.29899862925, 0.071040001707, 0.25974837071, 0.32516268138]
    ],
    [
      [0.78822492732, 0.13398707337, 0.044715168034, 0.0029170026305, 0.030155828647],
      [0, 0.037170065767, 0.92372143225, 0.022263828058, 0.016844673925],
      [0.27947473732, 0.39093681666, 0.26332055322, 0.019770996649, 0.046496896149],
      [0.039537720451, 0.31063663709, 0.084756695273, 0.35870317752, 0.20636576966]
    ],
    [
      [0.76970270883, 0.16436000447, 0.041776161508, 0.0067966088874, 0.017364516303],
      [0, 0.049449694689, 0.89470430502, 0.046019370463, 0.0098266298246],
      [0.24844171792, 0.44872084744, 0.2353919594, 0.04184946976, 0.025596005487],
      [0.027412832829, 0.27031745001, 0.059249670253, 0.55721296612, 0.085807080786]
    ],
    [
      [0.72783660305, 0.2242273263, 0.047936070646, 0, 0],
      [0, 0.054475199483, 0.94552480052, 0, 0],
      [0.16329803817, 0.63277848453, 0.2039234773, 0, 0],
      [0.050389793324, 0.83492102438, 0.1146891823, 0, 0]
    ],
    [
      [0.5892048902, 0, 0.4107951098, 0, 0],
      [0, 0, 1, 0, 0],
      [0.20571299157, 0.33926654498, 0.45502046345, 0, 0],
      [0.026672337821, 0.66073345502, 0.31259420716, 0, 0]
    ],
    [
      [0.93711373413, 0.018910021284, 0.038576501173, 0.0053997434103, 0],
      [0.0017777415616, 0.0013306051944, 0.93496676566, 0.061924887584, 0],
      [0.52988760907, 0.11438070981, 0.28761582946, 0.068115851659, 0],
      [0.0013071589664, 0.0017512848791, 0.0017114157167, 0.99523014044, 0]
    ],
    [
      [0.91979072205, 0.0435811584, 0.036628119554, 0, 0],
      [0.014864755764, 0.012539414226, 0.97259583001, 0, 0],
      [0.47826022612, 0.20358568968, 0.3181540842, 0, 0],
      [0.17348603183, 0.20355616795, 0.12295780022, 0.5, 0]
    ],
    [
      [0.83633694414, 0.10358949062, 0.013566280721, 0.012611194797, 0.033896089723],
      [0.020386448053, 0.054594021735, 0.7456280454, 0.14941142235, 0.029980062459],
      [0.35211615595, 0.37665424251, 0.10372726763, 0.10231004155, 0.065192292355],
      [0.0021216058839, 0.013555296414, 0.002265757591, 0.96515968308, 0.016897657034]
    ],
    [
      [0.83550910299, 0.12240515794, 0.024680345705, 0, 0.017405393361],
      [0.02255436999, 0.060220495982, 0.90062875193, 0.0049152320849, 0.011681150015],
      [0.34817451381, 0.44052320813, 0.17852565903, 0.0015389737073, 0.031237645328],
      [0.052304245615, 0.37536372972, 0.071189754763, 0.31397071596, 0.18717155394]
    ],
    [
      [0.85219939802, 0.097523104111, 0.039465676339, 0, 0.010811821532],
      [0.01539894684, 0.03091836419, 0.94874059015, 0, 0.0049420988173],
      [0.37639357295, 0.35461773887, 0.25763602205, 0, 0.011352666132],
      [0.086698866414, 0.50719526087, 0.14675687513, 0, 0.25934899758]
    ],
    [
      [0.77102369997, 0.14626832251, 0.03653019603, 0.0036553334919, 0.042522448],
      [0.0014554666689, 0.048896394177, 0.89475685248, 0.028434912183, 0.026456374491],
      [0.2760341073, 0.41727833437, 0.21746489144, 0.023833897458, 0.065388769429],
      [0.034257564464, 0.29288803279, 0.066853604275, 0.35460135139, 0.25139944708]
    ],
    [
      [0.79067151951, 0.1290242961, 0.040701152505, 0.0027935314438, 0.036809500438],
      [0, 0.030659978683, 0.92759364888, 0.021308046242, 0.020438326195],
      [0.2877210528, 0.38194360999, 0.25399745047, 0.018927924409, 0.057409962329],
      [0.039427508852, 0.29555791327, 0.082490015224, 0.33368549054, 0.24883907211]
    ],
    [
      [0.79971968916, 0.12370846829, 0.033546756807, 0.0027140862105, 0.040310999533],
      [0.0072266027309, 0.045678288863, 0.89675508328, 0.023310598552, 0.027029426571],
      [0.31559164392, 0.38332594587, 0.21500718358, 0.019184231285, 0.066890995344],
      [0.041851954992, 0.28815595578, 0.071090630223, 0.32114707262, 0.27775438639]
    ],
    [
      [0.75045982499, 0.15911407436, 0.04311691206, 0.0062170179297, 0.041092170661],
      [0, 0.040595872756, 0.89713123767, 0.03899774916, 0.023275140414],
      [0.23602146754, 0.42599209899, 0.24015143296, 0.037528270338, 0.060306730169],
      [0.025984646838, 0.27099102379, 0.066198592591, 0.4320703176, 0.20475541918]
    ],
    [
      [0.7259651577, 0.17531596488, 0.040161119211, 0.0058489961224, 0.052708762082],
      [0, 0.046389142256, 0.88288016044, 0.039765383363, 0.03096531394],
      [0.22129385602, 0.45470539702, 0.21515399368, 0.034462244698, 0.074384508589],
      [0.024076216961, 0.27747906366, 0.059110385994, 0.39439299864, 0.24494133474]
    ],
    [
      [0.73960335756, 0.1853178945, 0.025593977879, 0.006423564843, 0.043061205212],
      [0.006290317706, 0.078919633677, 0.83957535781, 0.044112089476, 0.031102601333],
      [0.24801406313, 0.50348786959, 0.14764128455, 0.035872546628, 0.064984236095],
      [0.027487283291, 0.3110227176, 0.046585289297, 0.40225176244, 0.21265294738]
    ],
    [
      [0.83702537608, 0.098644886013, 0.036138527745, 0.0013243739557, 0.02686683621],
      [0.0096040728, 0.035018189699, 0.92290172006, 0.014775971253, 0.01770004619],
      [0.36335009025, 0.33342576155, 0.24408720355, 0.011708545456, 0.047428399194],
      [0.058536277536, 0.31055464361, 0.094878512147, 0.28499675737, 0.25103380934]
    ],
    [
      [0.81578473608, 0.1167976823, 0.032187688753, 0.0015568545298, 0.033673038339],
      [0.011541334716, 0.045516528154, 0.90444726117, 0.01538008685, 0.023114789114],
      [0.33987042385, 0.37660863162, 0.21454392603, 0.011770553058, 0.05720646543],
      [0.051754071009, 0.32819276359, 0.082677941773, 0.25613495887, 0.28124026476]
    ],
    [
      [0.69734755943, 0.07094791678, 0.051530569736, 0.012358701805, 0.16781525225],
      [0, 0, 0.85542505893, 0.051590838927, 0.09298410214],
      [0.075663110142, 0.2267170627, 0.3382082831, 0.067728815384, 0.29168272867],
      [0, 0.022183832405, 0.029361121055, 0.56195351988, 0.38650152666]
    ],
    [
      [0.91171251703, 0.054094650702, 0, 0, 0.034192832267],
      [0.31383460778, 0.058293235328, 0.5, 0.069225669515, 0.058646487379],
      [0.62628109398, 0.28063475867, 0, 0.012117607639, 0.080966539713],
      [0.05469351383, 0.093180011843, 0, 0.66250928374, 0.18961719058]
    ],
    [
      [0.89707876094, 0.030103681938, 0.037628882012, 0.0046410307805, 0.030547644333],
      [0, 0.0020905992516, 0.94312793593, 0.034189080146, 0.020592384672],
      [0.42416252111, 0.13610339719, 0.32290532089, 0.043115846013, 0.073712914799],
      [0.028973056191, 0.074024718407, 0.083559676415, 0.57559559639, 0.2378469526]
    ],
    [
      [0.83185629294, 0.097542480068, 0.014199950015, 0, 0.056401276979],
      [0.012533891454, 0.036682415007, 0.91374202431, 0, 0.037041669231],
      [0.35598531853, 0.38152716354, 0.14909401795, 0, 0.11339349998],
      [0.037446385727, 0.24619403878, 0.047543824178, -0, 0.66881575131]
    ],
    [
      [0.74414784684, 0.12334767874, 0.050234987046, 0.0044377138622, 0.07783177352],
      [0, 0, 0.93571920016, 0.02865794172, 0.03562285812],
      [0.19783503029, 0.35741090888, 0.30408085459, 0.027500833299, 0.11317237294],
      [0.019605596715, 0.19444911306, 0.078841634136, 0.33702225802, 0.37008139807]
    ],
    [
      [0.92533403552, 0.037866746996, 0.013061551882, 0, 0.023737665606],
      [0.024119048655, 0.028998037279, 0.92423116828, 0, 0.022651745784],
      [0.55192732668, 0.24339660449, 0.1540292276, 0, 0.050646841222],
      [0.088270615908, 0.23822769401, 0.073333070208, 0, 0.60016861988]
    ],
    [
      [0.83561155538, 0.11969866789, 0.044689776729, 0, 0],
      [0, 0, 1, 0, 0],
      [0.2604678212, 0.39539770947, 0.34413446933, 0, 0],
      [0.080645874989, 0.71711965638, 0.20223446863, 0, 0]
    ],
    [
      [0.69661664783, 0.19501249516, 0.030436469069, 0.005953408048, 0.071980979888],
      [0, 0.072650560241, 0.84749681976, 0.032423514667, 0.047429105327],
      [0.20625635011, 0.49791632948, 0.16318570558, 0.029294512632, 0.10334710219],
      [0.021291570149, 0.3058431277, 0.048404129828, 0.29486863813, 0.32959253419]
    ],
    [
      [0.81547109837, 0.093640984535, 0.043474297433, 0.0024164518213, 0.044997167846],
      [0, 0.026163493353, 0.9255065205, 0.020604346191, 0.027725639957],
      [0.33151518865, 0.31073186552, 0.26064049376, 0.018666865398, 0.07844558668],
      [0.042443557782, 0.23244871103, 0.082324763464, 0.31558601857, 0.32719694915]
    ],
    [
      [0.86256261721, 0.08786537154, 0.024947841542, 0.0060703181335, 0.018553851574],
      [0.016024429016, 0.038478307595, 0.88447730753, 0.046315502936, 0.014704452927],
      [0.4049577482, 0.32098028139, 0.19494067245, 0.042350179858, 0.036771118095],
      [0.045895817014, 0.20977377499, 0.05895895777, 0.55611278685, 0.12925866338]
    ],
    [
      [0.84981521749, 0.095041233606, 0.015670986392, 0.0025994937296, 0.036873068783],
      [0.02414091479, 0.050171565533, 0.86055642049, 0.031079470967, 0.034051628216],
      [0.41771694347, 0.34427245152, 0.14457024078, 0.021579014785, 0.071861349444],
      [0.051738486417, 0.24835485103, 0.054983847076, 0.3589306986, 0.28599211687]
    ],
    [
      [0.81232524376, 0.12476274614, 0.029409691428, 0.0028729973199, 0.030629321347],
      [0.012901282417, 0.052065059662, 0.88604976464, 0.026717542307, 0.022266350972],
      [0.33517220322, 0.39756299813, 0.19412440683, 0.020852509838, 0.052287881982],
      [0.045205910653, 0.30479507758, 0.068992518679, 0.3595337554, 0.22147273768]
    ],
    [
      [0.8141779845, 0.10353121089, 0.03814101787, 0.0055777350205, 0.038572051717],
      [0.0024618513022, 0.034110824198, 0.90131593994, 0.037053761473, 0.025057623084],
      [0.31981129796, 0.3308961186, 0.24471572693, 0.037059994383, 0.06751686213],
      [0.034847173068, 0.21480617145, 0.068945075152, 0.44791079659, 0.23349078374]
    ],
    [
      [0.93325117786, 0.018228165266, 1.1973985901e-50, 0, 0.048520656877],
      [0.14003703601, 0.14090434942, 0, 0.43070020642, 0.28835840814],
      [0.63624684005, 0.18341475031, 0, 0.041874907275, 0.13846350236],
      [0.019012266162, 0.028241752659, 0, 0.79062546363, 0.16212051755]
    ],
    [
      [0.74491645075, 0.1691868008, 0.032401342788, 0.0018647498261, 0.051630655832],
      [0.0068656703927, 0.064371295265, 0.87934141682, 0.015811969095, 0.033609648426],
      [0.25238679149, 0.47310059249, 0.18521232443, 0.011855668493, 0.0774446231],
      [0.0339133635, 0.35411737968, 0.064795454225, 0.21890532915, 0.32826847344]
    ],
    [
      [0.80278809454, 0.11189783328, 0.0040852581161, 0.0014399080527, 0.079788906002],
      [0.022550436528, 0.070809541094, 0.80184526506, 0.017598145234, 0.087196612085],
      [0.36426986504, 0.39584573286, 0.074219770498, 0.01042823033, 0.15523640128],
      [0.04024613241, 0.24163103503, 0.02667065136, 0.1603060398, 0.5311461414]
    ],
    [
      [0.79759086152, 0.14335275478, 0.020806204091, 0.0074217109519, 0.03082846866],
      [0.01347415491, 0.065606783154, 0.83924369629, 0.057247795817, 0.02442756983],
      [0.31335642696, 0.44409824522, 0.14375394513, 0.046148792062, 0.052642590628],
      [0.031167118233, 0.24741760706, 0.041556482872, 0.52109026378, 0.15876852806]
    ],
    [
      [0.84395871898, 0.093259803594, 0.036292935348, 0.011538994246, 0.01494954783],
      [0, 0.033438780158, 0.90197623866, 0.053982840195, 0.010602140983],
      [0.35223280328, 0.33860709099, 0.22814024035, 0.053251545896, 0.027768319484],
      [0.030219869975, 0.18679190032, 0.057874397495, 0.63938686535, 0.085726966861]
    ],
    [
      [0.93817547887, 0.049486671111, 0, 0.012337850021, 0],
      [0.05692094621, 0.034656521383, 0.78239867006, 0.12602386235, 0],
      [0.56432216822, 0.24678126768, 0.094341093735, 0.094555470365, 0],
      [0.029963365281, 0.071818617443, 0.015001032109, 0.88321698517, 0]
    ],
    [
      [0.80312593965, 0.12792681076, 0.035310239596, 0.002750486074, 0.03088652392],
      [0.0079683552851, 0.045562115735, 0.90342184639, 0.023227302241, 0.019820380352],
      [0.31194405436, 0.39127446499, 0.22718515049, 0.019252108409, 0.050344221751],
      [0.043419013256, 0.30907787415, 0.077378137755, 0.34913024164, 0.2209947332]
    ],
    [
      [0.81483162023, 0.11792073978, 0.030488713848, 0.0023263976432, 0.034432528508],
      [0.012696705473, 0.04791792226, 0.89260339672, 0.022192583841, 0.024589391706],
      [0.33967310503, 0.38053127772, 0.20336654657, 0.017250711542, 0.059178359139],
      [0.046915696592, 0.30004506616, 0.072866191481, 0.32004456088, 0.26012848488]
    ],
    [
      [0.86499503885, 0.12690308977, 0.0081018713794, 0, 0],
      [0.041870063792, 0.073545979258, 0.87700428173, 0.0075796752245, 0],
      [0.41079500245, 0.47396492189, 0.11524007566, 0, 0],
      [0.13532074978, 0.48517393397, 0.052488378937, 0.32701693731, 0]
    ],
    [
      [0.67514152879, 0.21838245742, 0.02956319212, 0, 0.076912821672],
      [0.0034138167854, 0.085211567841, 0.86331793606, 0, 0.048056679315],
      [0.18731474344, 0.56296732446, 0.14530929481, 0, 0.1044086373],
      [0.024804052599, 0.40461290372, 0.055547157974, 0, 0.51503588571]
    ],
    [
      [0.49911040114, 0.21558031714, 0.2179676829, 0.013954991961, 0.05338660685],
      [0, 0, 0.93893817527, 0.051585132302, 0.0094766924238],
      [0, 0.39209398216, 0.49690477654, 0.057334099218, 0.05366714208],
      [0.0088959885709, 0.17859913183, 0.059662257728, 0.61602457238, 0.13681804949]
    ],
    [
      [0.79293184692, 0.13498382268, 0.03665794428, 0.0018616525632, 0.033564733556],
      [0.0049318322521, 0.046444096376, 0.91149934254, 0.016516152464, 0.020608576364],
      [0.3000376793, 0.40590230263, 0.22795675956, 0.013067385268, 0.053035873244],
      [0.044008465424, 0.34032239242, 0.082274767283, 0.28033491289, 0.25305946198]
    ],
    [
      [0.77230968067, 0.14619401267, 0.040424527721, 0.0042940812723, 0.036777697671],
      [0, 0.039019565105, 0.90807902316, 0.031455666441, 0.021445745295],
      [0.26472228197, 0.41479412875, 0.23713288961, 0.027563897598, 0.055786802076],
      [0.03258753974, 0.28498740749, 0.06968326815, 0.4010069539, 0.21173483072]
    ],
    [
      [0.80892896724, 0.11467659233, 0.040066587628, 0.0049622024745, 0.031365650332],
      [0, 0.027123836385, 0.91630955131, 0.037435333806, 0.019131278499],
      [0.3041486396, 0.35780483637, 0.25168710554, 0.034231680844, 0.052127737658],
      [0.035425758418, 0.2355004817, 0.070384095981, 0.46933391438, 0.18935574952]
    ],
    [
      [0.63070361827, 0.25565864689, 0.041318201661, 0.003632872057, 0.068686661123],
      [0, 0.066452769287, 0.87798478038, 0.0216715382, 0.033890912136],
      [0.13197675496, 0.57757262182, 0.18692324876, 0.017906006462, 0.085621367998],
      [0.011447474478, 0.32398738804, 0.04871873049, 0.32579924044, 0.29004716655]
    ],
    [
      [0.81581118012, 0.1666092418, 0.017579578083, 0, 0],
      [0.011793858258, 0.076551637869, 0.87983344041, 0.031821063468, 0],
      [0.30591592722, 0.52392193041, 0.15193207058, 0.018230071786, 0],
      [0.036243821049, 0.35629940931, 0.048515424108, 0.55894134553, 0]
    ],
    [
      [0.5, 0.15629350505, 0.1559812334, 0, 0.18772526155],
      [0, 0, 0.95694106595, 0, 0.043058934054],
      [0, 0.33926085426, 0.45016226848, 0, 0.21057687726],
      [0.011825559776, 0.17623149872, 0.062984711453, 0, 0.74895823005]
    ],
    [
      [0.86634147395, 0.094930147891, 0.011849082136, 0.0013038896887, 0.025575406336],
      [0.026751290496, 0.056881546142, 0.86066646909, 0.028624916873, 0.027075777394],
      [0.45095348559, 0.35663259949, 0.12605640797, 0.01548073297, 0.050876773976],
      [0.06370210106, 0.29592835837, 0.056669090592, 0.34460768682, 0.23909276316]
    ],
    [
      [0.51232378493, 0.35968681163, 0.031467031349, 0.0085019150789, 0.088020457006],
      [0, 0.11171724621, 0.79654929137, 0.042757922497, 0.048975539922],
      [0.093893864887, 0.66553445967, 0.10277317684, 0.04112368879, 0.096674809807],
      [0.0067266055605, 0.38087428306, 0.029501941828, 0.30984877322, 0.27304839634]
    ],
    [
      [0.82098850393, 0.10807320499, 0.034100612722, 0.0024111472709, 0.034426531092],
      [0.0066345017437, 0.038502254286, 0.90985281031, 0.021767569714, 0.023242863946],
      [0.34219117465, 0.35347055989, 0.22613580877, 0.018232670125, 0.059969786573],
      [0.047427348006, 0.27974048624, 0.077065874062, 0.33187614289, 0.26389014881]
    ],
    [
      [0.79914438304, 0.12058770916, 0.040814963265, 0.00196181232, 0.037491132214],
      [0.004286063464, 0.042051889424, 0.91178006519, 0.018216479532, 0.023665502394],
      [0.31020817563, 0.37456051013, 0.23853612075, 0.015097024239, 0.061598169255],
      [0.044280315923, 0.30450834813, 0.082366273773, 0.28869656555, 0.28014849663]
    ],
    [
      [0.79343716139, 0.11802827107, 0.039210068459, 0.0046595802997, 0.044664918788],
      [0, 0.035220265436, 0.9024981705, 0.034035160509, 0.028246403554],
      [0.29697175444, 0.36164808035, 0.23734013839, 0.030545991718, 0.073494035102],
      [0.034113581607, 0.23498328323, 0.065824728418, 0.40449899668, 0.26057941006]
    ],
    [
      [0.81105611519, 0.11716741818, 0.022639874997, 0.0025484049468, 0.046588186691],
      [0.018667996775, 0.056003500102, 0.86272615587, 0.024488601328, 0.038113745926],
      [0.35168034709, 0.38629969526, 0.16034995174, 0.018468116384, 0.083201889518],
      [0.045041996104, 0.27928312301, 0.058105899152, 0.2885771943, 0.32899178743]
    ],
    [
      [0.82969831734, 0.078746237603, 0.032351802973, 0.0034602466295, 0.055743395458],
      [0.0093570600543, 0.029571173788, 0.8944607512, 0.02674667065, 0.039864344306],
      [0.36472058667, 0.27516759235, 0.22871667604, 0.025503567064, 0.10589157787],
      [0.040736605026, 0.17990133486, 0.065764116702, 0.33893676114, 0.37466118227]
    ],
    [
      [0.80503417199, 0.12034876304, 0.030883052612, 0.0031329322675, 0.040601080095],
      [0.010698058526, 0.048698245345, 0.88541869851, 0.026171773256, 0.029013224366],
      [0.32742060836, 0.38170900526, 0.20015724788, 0.021425268732, 0.069287869757],
      [0.042094871526, 0.27882405172, 0.066863611384, 0.33521976252, 0.27699770286]
    ],
    [
      [0.61385143034, 0.25833869591, 0.06268584615, 0.0064260536085, 0.058697973989],
      [0, 0.032213501069, 0.91470852389, 0.030603678809, 0.022474296229],
      [0.11862966664, 0.51331863815, 0.27443578179, 0.030748947902, 0.062866965516],
      [0.013545208795, 0.32499974098, 0.071964814928, 0.36965682585, 0.21983340945]
    ],
    [
      [0.78579721261, 0.15458992692, 0.022493256471, 0.0046996036517, 0.032420000341],
      [0.014345207701, 0.071545549179, 0.84675220731, 0.041699718865, 0.025657316946],
      [0.30483543643, 0.46875148233, 0.14152705032, 0.031197614349, 0.053688416565],
      [0.03522043349, 0.30250317332, 0.048247789107, 0.42477365482, 0.18925494927]
    ],
    [
      [0.98481586253, 0.015184137469, 0, 0, 0],
      [0.37366328401, 0.62633671599, -0, 0, 0],
      [0.66666666667, 0.33333333333, 0, 0, 0],
      [0.21458054124, 0.78541945876, 0, -0, -0]
    ],
    [
      [0.83977400207, 0.10140262828, 0.025879481551, 0.0024215990745, 0.030522289028],
      [0.019626246534, 0.045263043236, 0.88533855962, 0.025838625359, 0.023933525253],
      [0.38415236825, 0.35030187284, 0.1894912793, 0.019767606678, 0.056286872939],
      [0.052451603846, 0.27504605258, 0.070083212762, 0.35782322821, 0.24459590261]
    ],
    [
      [0.81442225565, 0.12213375362, 0.028034448163, 0.0021493486576, 0.03326019391],
      [0.014669512149, 0.05206092139, 0.8855001982, 0.023231120432, 0.024538247832],
      [0.34197543473, 0.39228485812, 0.1909473589, 0.017562308289, 0.057230039967],
      [0.047395483732, 0.30886921685, 0.069929217099, 0.32319668121, 0.25060940111]
    ],
    [
      [0.81997943163, 0.11806671808, 0.026019478761, 0.0021997872732, 0.033734584252],
      [0.017005276794, 0.051878400785, 0.88194907179, 0.023565712005, 0.025601538625],
      [0.35286510581, 0.38565396715, 0.1848552543, 0.017635823002, 0.058989849726],
      [0.048828121671, 0.30294255253, 0.068485264799, 0.32249008933, 0.25725397166]
    ],
    [
      [0.86372156111, 0.096527279791, 0.012923159349, 0.00062674772195, 0.02620125203],
      [0.032566432768, 0.051437092397, 0.87536098652, 0.016487244775, 0.024148243542],
      [0.4389730694, 0.35381826752, 0.14632947853, 0.0099113103818, 0.05096787418],
      [0.068477606159, 0.32916230413, 0.073967226816, 0.2577162899, 0.270676573]
    ]
  ],
  "expected_outcome": [
    [
      [0, 76.2290538156, 54.387519985, 11.5455406325, 2.1835098092, 1.7676146706, 3.7484549365, 1.8395814441, 1.6726738883, 2.506527309, 3.4087975921, 43.1773271985, 60.0910354827, 46.3837419712, 68.2918440744, 51.5435261968, 39.9385813084, 70.3101315904, 59.5522857338, 0.69734755943, 4.5585625852, 1.7941575219, 2.4955688788, 5.9531827747, 0, 0.83561155538, 25.0781993219, 58.7139190823, 18.1138149614, 59.4870652243, 137.2829661958, 26.0536955039, 2.7997535336, 14.1534125643, 5.6195166618, 17.5469989535, 7.5956284708, 2.8145264366, 40.9594229221, 45.6305707326, 3.4599801554, 1.3502830576, 4.9911040114, 20.61622802, 29.3477678654, 29.9303717877, 1.2614072365, 4.0790559006, 2, 186.2634168986, 9.2218281288, 36.1234941728, 147.0425664801, 42.0521695534, 48.6633669113, 15.7642680294, 123.9752624863, 11.0493257461, 22.7881191658, 0, 1171.4847328833, 293.1920120336, 448.5287491021, 431.8607805544],
      [0, 11.4812777036, 9.2451080624, 2.4654000671, 0.67268197891, 0, 0.075640085137, 0.0871623168, 0.20717898124, 0.36721547383, 0.39009241644, 8.1910260603, 9.8058465039, 7.1750911609, 14.4793807663, 12.4474335068, 10.0071663032, 8.2861704251, 8.5262308078, 0.07094791678, 0.27047325351, 0.060207363877, 0.2926274402, 0.98678142989, 0, 0.11969866789, 7.0204498259, 6.7421508865, 1.8451728023, 6.6528863524, 21.0849040981, 3.3129987486, 0.054684495799, 3.2145492153, 0.78328483299, 3.1537606051, 0.83933823235, 0.14846001333, 6.5242673488, 6.6035614275, 0.50761235909, 0.43676491484, 2.1558031714, 3.5095793896, 5.5553724814, 4.2430339162, 0.51131729379, 0.833046209, 0.62517402019, 20.4099817967, 6.4743626094, 4.7552210195, 22.1881384848, 6.2554983666, 7.0300450907, 1.4961785144, 18.5337095077, 4.6500965264, 4.4831078808, 0, 141.456666451, 43.9681513035, 64.5824947915, 48.2636398954],
      [0, 2.8892989375, 3.0853465944, 0.62664242263, 0.14380821194, 1.2323853294, 0.15430600469, 0.073256239108, 0.027132561443, 0.074041037114, 0.15786270536, 2.0456909777, 3.0932875904, 1.9457118948, 3.9236389975, 2.8514394639, 1.3820748055, 3.0356363305, 2.3497012789, 0.051530569736, 0, 0.075257764024, 0.042599850045, 0.40187989637, 0, 0.044689776729, 1.0957128865, 3.1301494152, 0.52390467238, 1.0969690474, 4.9702378514, 1.2205125718, 3.5921957704e-50, 0.61562551298, 0.028596806813, 0.45773649, 0.32663641813, 0, 1.8008222194, 1.7073679755, 0.032407485518, 0.05912638424, 2.179676829, 0.95310655128, 1.5361320534, 1.4824637422, 0.082636403321, 0.087897890413, 0.6239249336, 2.5475526593, 0.56640656428, 1.5004269598, 7.5099532408, 2.0781336283, 1.3583924998, 0.61468425648, 4.7559901022, 1.1283452307, 0.65230443767, 0, 36.101876763, 10.0924013386, 14.232654882, 6.4615796743],
      [0, 0.18941483508, 0.2012731815, 0.10194913331, 0, 0, 0.021598973641, 0, 0.025222389594, 0, 0, 0.20469867554, 0.21230838973, 0.15741700021, 0.5657486316, 0.41527872469, 0.34687250152, 0.11124741228, 0.11365038068, 0.012358701805, 0, 0.009282061561, 0, 0.035501710898, 0, 0, 0.21432268973, 0.17398453114, 0.1274766808, 0.18196456107, 0.48553654706, 0.17848752066, 0, 0.035430246696, 0.010079356369, 0.16327764094, 0.10385094821, 0.037013550064, 0.14027478978, 0.13027826802, 0, 0, 0.13954991961, 0.048402966644, 0.16317508835, 0.18360149156, 0.0072657441141, 0, 0, 0.28033628307, 0.15303447142, 0.10609047992, 0.36097346687, 0.24695775588, 0.15290429681, 0.065744685961, 0.48247156919, 0.11566896495, 0.1362885059, 0, 3.3781307089, 0.77376551675, 1.2032836384, 0.31337386097],
      [0, 4.2109547082, 2.0807521767, 0.26046774455, 0, 0, 0, 0, 0.067792179447, 0.052216180083, 0.04324728613, 2.381257088, 2.7975220333, 2.3380379729, 3.7393875302, 3.7423221078, 2.3253050814, 2.2568142417, 2.4581317987, 0.16781525225, 0.17096416133, 0.061095288667, 0.16920383094, 0.62265418816, 0, 0, 2.591315276, 3.2397960849, 0.38963088306, 2.5811148148, 5.1763553077, 1.2343056549, 0.14556197063, 0.98098246081, 0.55852234202, 0.67822631051, 0.13454593047, 0, 1.5752127199, 1.9282215964, 0, 0.15382564334, 0.5338660685, 0.87268307247, 1.3975525115, 1.1605290623, 0.13737332225, 0, 0.75090104621, 5.4987123623, 1.5843682261, 1.5147673681, 6.8983683274, 2.3672406958, 2.7952912015, 1.0591245137, 6.2525663347, 1.0565635318, 0.94018000988, 0, 42.5785931938, 11.9736698076, 18.4528175859, 13.1006260149]
    ],
    [
      [0, 2.780383503, 0, 0, 0, 0, 0.012444190932, 0.074323778822, 0.10193224027, 0.20298932991, 0.061595787358, 0.45556106735, 0, 1.7632910663, 0, 0, 0.77999939554, 1.968834924, 2.8276270053, 0, 1.2553384311, 0, 0.012533891454, 0, 0.04823809731, 0, 0, 0, 0.36856186737, 1.7864276944, 4.6057578228, 0.16740588855, 0, 0.15104474864, 0.11275218264, 0.37727633747, 0, 0.51228851589, 1.2988419115, 1.6886618279, 0.20935031896, 0.027310534284, 0, 0.51784238647, 0, 0, 0, 0.058969291289, 0, 3.9056884125, 0, 1.2207483208, 1.2986772296, 0, 2.7628635227, 0.3274971019, 2.6745146315, 0, 0.74595080045, 0, 69.3395290052, 7.0120268074, 14.6755538734, 21.2658805975],
      [0, 11.4433955002, 7.0251424299, 1.9285380929, 0.16342559845, 0, 0.0093142363606, 0.062697071129, 0.27297010868, 0.54198446383, 0.12367345676, 15.3045713775, 15.4219692774, 11.1455024827, 12.4223370634, 18.0453763375, 9.7860345759, 7.1787288883, 11.1515493978, 0, 0.23317294131, 0.010452996258, 0.036682415007, 0, 0.057996074558, 0, 4.7222864157, 4.5262843501, 0.88500107468, 3.7126958495, 18.5872262994, 2.3195360454, 0, 1.4161684958, 0.35404770547, 1.8369899283, 0.33438780158, 0.31190869245, 7.4266248648, 6.3730836606, 0.36772989629, 0.68169254273, 0, 4.8766301195, 7.5307760653, 4.583928349, 0.33226384644, 0.38275818934, 0, 8.3047057367, 3.798386371, 7.0844147886, 12.7417224955, 5.9522248587, 8.2885180151, 1.0349910826, 12.1745613362, 2.2549450749, 3.7203685573, 0, 159.9143317541, 24.8851204244, 44.7710598774, 33.5884213353],
      [1.8130466083, 206.1326933877, 174.5833506952, 34.8934678959, 2.8365744016, 3, 6.5447673596, 4.86297915, 3.728140227, 8.1056587674, 3.7949623606, 280.0588948261, 466.5796053869, 218.8082403208, 274.5221587268, 343.4403824116, 104.1073443684, 189.1948526119, 221.5895789859, 2.5662751768, 2, 4.7156396797, 0.91374202431, 83.2790088142, 1.8484623366, 9, 55.0872932847, 160.1126280464, 20.3429780731, 63.6811751165, 316.319765977, 61.2894839161, 0, 19.3455111701, 4.0092263253, 23.4988234961, 9.0197623866, 7.0415880305, 147.2577609612, 118.7162517638, 4.3850214086, 6.9065434885, 41.3132797121, 95.707430967, 175.2592514698, 154.8563141714, 4.3899239019, 4.399167202, 17.224939187, 125.6573044878, 27.0826759067, 167.4129170971, 276.2693597515, 152.5221908147, 127.6834710686, 31.306126292, 221.3546746266, 64.0295966725, 44.0311147801, 0, 3127.901131128, 423.2690947384, 761.1220489556, 571.610724196],
      [0.18695339168, 4.3113823118, 4.2078635029, 1.794755448, 0, 0, 0.43347421309, 0, 0.74705711177, 0.044237088764, 0, 8.9001275134, 10.7179472598, 5.6877860468, 11.9333112431, 15.4687341283, 5.469899095, 3.0290741069, 3.7681212781, 0.15477251678, 0.27690267806, 0.17094540073, 0, 2.5505568131, 0, 0, 2.1075284533, 3.5645518911, 1.0652565675, 2.2998808516, 9.5381626037, 2.5196557802, 0, 0.34786332009, 0.087990726171, 1.6029382829, 0.53982840195, 1.1342147611, 3.7860502652, 2.9516136508, 0.037898376122, 0, 2.2697458213, 1.7341960087, 6.0709436231, 6.3265714132, 0.108357691, 0.15910531734, 0, 4.1792378635, 1.4537693649, 4.0052328274, 5.5195932981, 5.751942126, 3.6243129965, 0.93613347275, 6.542943314, 2.1422575166, 2.168385381, 0, 91.287863394, 11.1044755663, 20.3372094605, 10.766170838],
      [0, 7.3321452973, 3.1836433719, 0.38323856316, 0, 0, 0, 0, 0.1499003123, 0.10513035013, 0.019768395269, 8.2808452156, 10.2804780759, 6.5951800834, 7.1221929667, 12.0455071225, 3.8567225652, 3.628509469, 5.6631233328, 0.27895230642, 0.23458594952, 0.10296192336, 0.037041669231, 3.1704343727, 0.045303491567, 0, 3.0828918463, 4.7965357125, 0.33820241732, 2.519820488, 7.9490872971, 1.7039183697, 0, 0.73941226537, 0.43598306042, 0.68397195524, 0.10602140983, 0, 3.2307219973, 3.2703890969, 0, 0.38445343452, 0.41697446665, 2.1639005183, 4.1390288419, 3.2331860664, 0.16945456068, 0, 0.77506081297, 3.9530634995, 1.6651683574, 4.2766869661, 7.1706472254, 4.7736422006, 5.640834397, 1.3952520507, 7.2533060916, 1.573200736, 1.3341804812, 0, 84.5571447187, 11.7292824636, 22.0941278331, 15.7688030332]
    ],
    [
      [0, 151.639053173, 93.6240370037, 20.3722208691, 0.81649019085, 0.20571299157, 4.2391008725, 5.7391227134, 4.2253938715, 3.1335706243, 5.2695100213, 100.4764150581, 152.7798790393, 110.1414837276, 122.9671845874, 95.1563580873, 57.5392626472, 142.4332353798, 150.2227273436, 0.30265244057, 3.1314054699, 5.0899502534, 2.4918972297, 9.6939164844, 3.8634912868, 2.0837425696, 27.4320945646, 73.9278870687, 29.966873367, 104.8469528122, 230.2633036103, 47.0122608, 3.1812342003, 18.4242357791, 9.1067466259, 27.8887219996, 5.2834920493, 5.6432216822, 119.7865168748, 116.5078750247, 4.5187450269, 2.6224064081, 0, 46.2058026121, 59.0330688796, 58.3965388023, 1.7156978145, 2.753243345, 0, 343.626556019, 10.6100067322, 73.2289113744, 175.2676192305, 65.3337859777, 103.0423416984, 32.4601322134, 166.3296690489, 13.7610413308, 49.0785052654, 2, 2170.8450329805, 270.1605934366, 524.0046821353, 632.1212199308],
      [2, 177.1053679186, 130.9638335805, 36.79510949, 3.1638924226, 0.33926654498, 0.9150456785, 2.4430282762, 4.5198509101, 3.9647088732, 4.9646483442, 151.8893137097, 202.8120569023, 133.7807551082, 221.9418835762, 195.5233207183, 116.8091857458, 130.7028985271, 166.4610151775, 0.90686825081, 1.4031737933, 1.6332407662, 2.6706901448, 17.513134535, 1.7037762314, 3.1631816757, 66.2228718213, 69.2932060104, 23.7525408232, 86.4123853305, 273.1257797147, 48.641729434, 0.91707375154, 34.5363432515, 9.8961433214, 39.5247438243, 5.0791063648, 2.4678126768, 150.2493945552, 130.5222282579, 5.2136141408, 7.8815425424, 6.6655976967, 62.5089546046, 92.4990907111, 68.6985285825, 7.5084440837, 4.7152973737, 2.3748259798, 271.754040814, 75.2053939431, 75.6426998157, 211.6266882209, 79.5625776765, 113.185810712, 24.4899157195, 193.9081746738, 59.544962025, 75.4689886554, 1, 1979.5558834003, 309.9050379126, 572.6961412211, 509.4983052225],
      [2.1869533917, 91.8468076236, 88.2123853286, 19.3021406707, 1.0196173865, 0.45502046345, 2.3009266357, 3.8178490104, 1.2447272116, 1.6067309312, 3.6069043086, 79.1572204851, 134.8726462006, 75.0375070706, 125.1188965721, 92.5162172808, 34.2527780151, 95.6821837904, 94.8284153073, 1.3528331324, 0, 3.8748638507, 1.0436581256, 14.899961875, 1.0782045932, 2.7530757546, 21.7036988428, 58.1228301076, 14.4256097613, 36.2871304358, 133.3634674949, 35.9732118587, 0, 13.5204996832, 1.8554942624, 12.7941011167, 3.4221036052, 0.94341093735, 87.2390977888, 69.7547254737, 1.2676408322, 2.0343301273, 8.4473812012, 35.1053409725, 52.880634382, 48.3239242627, 2.4300022338, 1.3673886352, 3.1511358794, 96.0549828738, 11.6133689833, 48.3930630766, 134.772908224, 52.2148304454, 46.9825358604, 20.3557841677, 101.6798819248, 31.8345506878, 22.7858551021, 0, 1070.8152193026, 150.8484135291, 274.5100526418, 210.7144490772],
      [0.81304660832, 6.7067517317, 6.6232838774, 3.4316565203, 0, 0, 0.54492681327, 0, 1.2277204986, 0.013850763365, 0, 8.6755386749, 10.0507278611, 6.6952967185, 19.5522288462, 14.8187652202, 8.3224308177, 4.5897498188, 5.2025844516, 0.27091526153, 0.060588038195, 0.51739015215, 0, 1.3475408316, 0, 0, 3.89617018, 4.1627109837, 3.1339133095, 5.4163327111, 14.3256742588, 5.4478191742, 0.20937453637, 0.86546379997, 0.26070575825, 4.1072424935, 0.79877318844, 0.94555470365, 7.392809629, 5.9169940591, 0, 0, 0.9746796867, 2.0123773312, 6.1467491644, 6.572482722, 0.232778084, 0.16407064607, 0, 11.7963185233, 4.6469768333, 3.9017914067, 8.5298186953, 6.7201181779, 5.4111581004, 2.2698174687, 10.8840365159, 3.5668779566, 5.0228159102, 0, 111.7067453373, 13.8742235481, 26.1891971587, 14.2722869498],
      [0, 34.7020195531, 15.5764602098, 2.0988724499, 0, 0, 0, 0, 0.78230750826, 0.28113880796, 0.15893732585, 23.8015120723, 30.4846899967, 23.3449573751, 31.4198064181, 31.9853386934, 15.0763427741, 18.5919324839, 25.28525772, 1.1667309147, 0.40483269857, 0.88455497759, 0.79375449983, 5.5454462739, 0.35452788856, 0, 13.7451645913, 17.4933658297, 2.721062739, 18.0371987104, 35.9217749213, 9.9249787331, 0.69231751182, 5.6534574863, 3.880910032, 4.6851905659, 0.41652479226, 0, 19.3321811523, 20.2981771846, 0, 1.4617209221, 0.91234141536, 8.1675244796, 12.440456863, 10.0085256304, 1.113077784, 0, 1.4740381408, 38.7681017699, 10.9242535081, 12.8335343266, 34.8029656294, 16.1686877225, 24.3781536288, 9.4243504306, 35.1982378366, 7.2925679998, 8.643835067, 0, 318.0771189792, 45.2117315736, 87.5999268431, 73.3937388198]
    ],
    [
      [0, 1.3515095084, 0.98844301128, 0.082238498487, 0, 0.026672337821, 0, 0.34697206365, 0, 0.15691273685, 0.26009659924, 0.89069667606, 2.129085478, 0.71148323487, 1.7409713381, 1.3001157159, 0.74215664887, 1.2877981058, 1.3973599173, 0, 0.05469351383, 0.11589222476, 0, 0.35290074088, 0.088270615908, 0.080645874989, 0.48970611343, 1.358193849, 0.55074980417, 0.87955426909, 2.8479723711, 0.7666378075, 0.019012266162, 0.271306908, 0.16098452964, 0.1870027094, 0.1208794799, 0.029963365281, 0.95521829163, 1.1728924148, 0.81192449871, 0, 0.0088959885709, 0.66012698137, 0.61916325507, 0.67308940995, 0.022894948956, 0.10873146315, 0, 4.2043386699, 0.16816513901, 0.42684613205, 2.3911370598, 0.61404446892, 1.5314278676, 0.44810265529, 2.0205538333, 0.18963292313, 0.38742476838, 0, 26.3307051309, 6.6353677225, 10.7910148893, 5.7521189173],
      [0, 8.9699588776, 7.7659159271, 0.81095235003, 0, 0.66073345502, 0, 0.40711233591, 0, 1.1260911892, 1.5215857826, 7.6150888525, 15.9601273164, 4.8986512482, 18.1563985941, 14.9838694374, 8.3976133751, 6.8322021595, 8.8612046168, 0.022183832405, 0.093180011843, 0.29609887363, 0, 3.5000840351, 0.23822769401, 0.71711965638, 7.0343919372, 7.4383587531, 2.5172852998, 4.2220324676, 19.2020898878, 4.7257357719, 0.028241752659, 2.8329390374, 0.9665241401, 1.4845056423, 0.74716760128, 0.071818617443, 6.7997132313, 7.5011266541, 2.9110436038, 0, 0.17859913183, 5.1048358863, 5.4147607422, 4.4745091523, 0.64797477608, 1.0688982279, 0, 19.5312716526, 9.5218570765, 2.5176643762, 16.4434507988, 4.2296990982, 9.4956261823, 1.9789146834, 13.3835544824, 4.5499963737, 3.3275349065, 0, 138.0731183946, 43.2416903595, 66.95030411, 27.6496335468],
      [0, 2.1312000512, 2.1189173818, 0.17774901076, 0, 0.31259420716, 0, 0.24591560044, 0, 0.21356926429, 0.44027062539, 1.7381937112, 4.4544608221, 1.2085407138, 4.4353057036, 3.1919608437, 1.257802811, 2.0873272672, 2.2323044279, 0.029361121055, 0, 0.33423870566, 0, 1.4191494145, 0.073333070208, 0.20223446863, 1.113294986, 2.6343924309, 0.70750749324, 0.93472540029, 4.3465286768, 1.5167916533, 0, 0.5183636338, 0.10668260544, 0.24933889723, 0.23149758998, 0.015001032109, 1.7023190306, 1.821654787, 0.31493027362, 0, 0.059662257728, 1.2341215092, 1.3239820949, 1.3372978236, 0.097437460981, 0.14554627233, 0, 3.7401599791, 0.7375485457, 0.69359286656, 4.4477787837, 1.1848451115, 1.9756005712, 0.72340528373, 3.2094533464, 1.007507409, 0.53072568018, 0, 35.1817728064, 9.7900903938, 15.1352435206, 6.2132470525],
