{
  "X": [
    [71, 370, 744, 27],
    [61, 262, 784, 22],
    [99, 305, 778, 17],
    [25, 104, 247, 5],
    [6, 25, 38, 0],
    [4, 18, 39, 2],
    [10, 38, 156, 2],
    [6, 71, 153, 11],
    [60, 506, 1195, 25],
    [14, 56, 218, 4],
    [50, 449, 994, 42],
    [24, 227, 394, 18],
    [0, 16, 42, 3],
    [5, 68, 126, 10],
    [14, 148, 51, 8],
    [11, 226, 86, 7],
    [29, 277, 395, 11],
    [83, 574, 408, 29],
    [13, 93, 262, 6],
    [47, 202, 278, 12],
    [38, 286, 334, 15],
    [76, 370, 517, 29],
    [44, 207, 226, 9],
    [5, 51, 81, 7],
    [15, 154, 155, 8],
    [27, 246, 303, 14],
    [40, 407, 603, 21],
    [15, 150, 153, 9],
    [2, 10, 124, 2],
    [39, 320, 483, 13],
    [26, 86, 233, 7],
    [18, 63, 324, 10],
    [0, 9, 13, 3],
    [7, 25, 63, 7],
    [0, 5, 22, 3],
    [29, 219, 303, 7],
    [36, 309, 401, 33],
    [59, 446, 629, 29],
    [36, 243, 462, 15],
    [45, 307, 607, 20],
    [120, 625, 1809, 41],
    [24, 244, 472, 11],
    [44, 272, 275, 14],
    [4, 29, 108, 4],
    [3, 14, 15, 0],
    [2, 27, 130, 2],
    [3, 31, 22, 1],
    [19, 194, 232, 15],
    [23, 341, 340, 25],
    [36, 170, 451, 15],
    [13, 235, 324, 18],
    [123, 929, 1869, 56],
    [20, 180, 238, 10],
    [157, 544, 964, 46],
    [21, 97, 225, 6]
  ],
  "W": [
    [63, 97, 374, 608, 38, 32],
    [68, 54, 297, 633, 35, 42],
    [79, 126, 322, 610, 22, 40],
    [16, 42, 96, 206, 9, 12],
    [1, 1, 28, 34, 4, 1],
    [1, 8, 18, 33, 1, 2],
    [12, 11, 41, 131, 5, 6],
    [7, 10, 57, 150, 11, 6],
    [61, 58, 589, 947, 65, 66],
    [14, 14, 65, 175, 10, 14],
    [56, 63, 518, 767, 61, 70],
    [31, 31, 245, 290, 22, 44],
    [2, 0, 16, 36, 3, 4],
    [5, 6, 52, 117, 16, 13],
    [1, 7, 138, 41, 16, 18],
    [2, 14, 201, 56, 13, 44],
    [29, 43, 293, 301, 29, 17],
    [28, 65, 586, 298, 57, 60],
    [21, 14, 96, 225, 9, 9],
    [11, 46, 202, 229, 29, 22],
    [17, 52, 293, 255, 19, 37],
    [31, 65, 418, 406, 33, 39],
    [12, 41, 232, 150, 24, 27],
    [8, 7, 40, 64, 12, 13],
    [6, 11, 158, 110, 27, 20],
    [13, 31, 261, 233, 13, 39],
    [29, 41, 431, 478, 39, 53],
    [6, 18, 155, 119, 6, 23],
    [5, 1, 15, 113, 0, 4],
    [26, 33, 357, 344, 42, 53],
    [32, 31, 88, 180, 6, 15],
    [35, 32, 76, 254, 9, 9],
    [2, 0, 7, 10, 4, 2],
    [8, 11, 21, 52, 6, 4],
    [2, 0, 5, 23, 0, 0],
    [9, 23, 219, 245, 26, 36],
    [24, 26, 336, 320, 33, 40],
    [33, 47, 510, 451, 47, 75],
    [17, 40, 279, 369, 11, 40],
    [33, 51, 339, 475, 32, 49],
    [88, 141, 698, 1510, 65, 93],
    [26, 29, 255, 375, 38, 28],
    [14, 46, 262, 211, 35, 37],
    [15, 4, 32, 88, 3, 3],
    [1, 2, 12, 13, 3, 1],
    [16, 5, 22, 110, 4, 4],
    [0, 2, 30, 23, 0, 2],
    [13, 12, 163, 212, 28, 32],
    [16, 20, 305, 287, 55, 46],
    [41, 32, 177, 360, 35, 27],
    [21, 14, 249, 268, 24, 14],
    [108, 159, 940, 1536, 110, 124],
    [10, 21, 166, 206, 21, 24],
    [54, 152, 610, 748, 38, 109],
    [11, 34, 94, 204, 2, 4]
  ],
  "method": "mvn_pdf",
  "cond_prob": [
    [
      [0.0014244105252, 0.00076260431331, 0.85702855265, 0.14078443251],
      [0.58982213061, 0.046513811971, 0.33356293423, 0.030101123186],
      [0.017068388931, 0.79950096736, 0.18104313375, 0.0023875099621],
      [0.00059966239882, 0.04754115722, 0.95020507159, 0.0016541087923],
      [0.074372163252, 0.56864271501, 0.15010099507, 0.20688412666],
      [0.12885003329, 0.49729086293, 0.20352947509, 0.17032962869]
    ],
    [
      [0.0020921936416, 0.00048921415919, 0.89710898035, 0.10030961185],
      [0.68608487733, 0.023409920855, 0.27365349485, 0.01685170697],
      [0.031712811885, 0.70362779892, 0.26106838096, 0.0035910082433],
      [0, 0.03073899473, 0.96843705607, 0.00082394919921],
      [0.1406715976, 0.46822061598, 0.20162516572, 0.18948262069],
      [0.22540324788, 0.37808657642, 0.25248700422, 0.14402317148]
    ],
    [
      [0.0018044264594, 0.00065765697402, 0.90979711714, 0.087740799431],
      [0.64386592654, 0.034592005099, 0.30533224986, 0.016209818505],
      [0.023889843589, 0.76213278225, 0.21355077963, 0.00042659453907],
      [0.00085217575531, 0.039435426527, 0.95971239772, 0],
      [0.10794348323, 0.56196030771, 0.18251140897, 0.14758480008],
      [0.17858075222, 0.46909899056, 0.23627499048, 0.11604526675]
    ],
    [
      [0.0011178936459, 0.00086237437374, 0.91155674548, 0.086462986503],
      [0.52626403263, 0.05872081892, 0.39442875984, 0.020586388609],
      [0.011679417207, 0.81622224755, 0.17055561981, 0.001542715429],
      [0, 0.05045591734, 0.94867973415, 0.00086434851211],
      [0.058720401039, 0.65354042463, 0.15954522241, 0.12819395192],
      [0.10244305584, 0.57390075474, 0.21765103506, 0.10600515436]
    ],
    [
      [0.033202016612, 0.00079364775518, 0.96600433563, 0],
      [0.99224490103, 0.0010133982949, 0.0067417006706, 0],
      [0.041900608845, 0.78512879387, 0.17297059728, 0],
      [0, 0.060312181986, 0.93968781801, 0],
      [0.73578069442, 0.21493445001, 0.049284855574, 0],
      [0.85821325703, 0.10423473803, 0.037552004941, 0]
    ],
    [
      [0.00067944452196, 0.00063139963135, 0.73814821324, 0.26054094261],
      [0.46578803, 0.055871006583, 0.4103382583, 0.068002705124],
      [0.0066433911386, 0.81740274761, 0.17204501346, 0.0039088477857],
      [0, 0.046585672625, 0.95258608261, 0.00082824476436],
      [0.03191578619, 0.44601764794, 0.11202176492, 0.41004480094],
      [0.060759744414, 0.42790312306, 0.16748649348, 0.34385063905]
    ],
    [
      [0.0015444703624, 0.00048145470747, 0.94122735939, 0.05674671554],
      [0.6400402755, 0.026285163407, 0.32247610616, 0.011198454938],
      [0.025343244122, 0.70659987505, 0.26805688083, 0],
      [0.0012429549143, 0.027317322747, 0.97143972234, 0],
      [0.11802471147, 0.52443725812, 0.23214840556, 0.12538962485],
      [0.19149994417, 0.42228921643, 0.2913927919, 0.094818047495]
    ],
    [
      [0.00071082304511, 0.00078320815053, 0.50704170673, 0.49146426207],
      [0.48036017691, 0.072312659835, 0.29667647211, 0.15065069114],
      [0.0088340896282, 0.87278530849, 0.11838060188, 0],
      [0.00055612767666, 0.079091487238, 0.92035238509, 0],
      [0.027966904339, 0.57050354567, 0.10312744352, 0.29840210646],
      [0.049470710252, 0.3972277121, 0.091498230478, 0.46180334717]
    ],
    [
      [0.0011650916054, 0.00047425478559, 0.92383048035, 0.07453017326],
      [0.54365318004, 0.032629333829, 0.40567858937, 0.018038896759],
      [0.019771920034, 0.70250775632, 0.27637313732, 0.0013471863249],
      [0.0014388354011, 0.030271072042, 0.96829009256, 0],
      [0.088827285857, 0.5151470508, 0.23619958436, 0.15982607899],
      [0.1456823237, 0.42651874389, 0.30317445454, 0.12462447787]
    ],
    [
      [0.0012909780452, 0.00036740108442, 0.9406018302, 0.057739790667],
      [0.588325587, 0.023213304745, 0.37561788342, 0.01284322483],
      [0.025733534948, 0.647357762, 0.32626715478, 0.00064154827367],
      [0.0020781549052, 0.021505057197, 0.9764167879, 0],
      [0.11502085425, 0.46528108779, 0.27442948696, 0.145268571],
      [0.18277161905, 0.3696728358, 0.3391661569, 0.10838938824]
    ],
    [
      [0.00087640639503, 0.00045277885772, 0.87243737162, 0.12623344313],
      [0.4785705326, 0.036515498991, 0.44915898662, 0.035754981788],
      [0.015661715348, 0.70623248669, 0.27490700265, 0.0031987953054],
      [0.00034359947808, 0.03159996493, 0.96709405691, 0.00096237867715],
      [0.063430775124, 0.4672361669, 0.21187598722, 0.25745707075],
      [0.10793415793, 0.40153086511, 0.28227266835, 0.20826230861]
    ],
    [
      [0.00090669194975, 0.00056267854779, 0.88520822532, 0.11332240418],
      [0.48474900791, 0.043934573786, 0.44029766063, 0.031018757674],
      [0.012591917178, 0.74764880475, 0.23616341741, 0.0035958606635],
      [0, 0.036057545948, 0.96259355651, 0.0013488975453],
      [0.06006643929, 0.53216432162, 0.19597442419, 0.21179481491],
      [0.10314072571, 0.46096192303, 0.26331162617, 0.17258572509]
    ],
    [
      [0, 0.00071211237309, 0.79989483124, 0.19939305639],
      [0.27563048089, 0.053023266313, 0.59251543137, 0.078830821425],
      [0, 0.7484418819, 0.2515581181, 0],
      [0, 0.029248680255, 0.97075131975, 0],
      [0, 0.4300383706, 0.1611100874, 0.408851542],
      [0, 0.42010951596, 0.23622566874, 0.3436648153]
    ],
    [
      [0.0009526769911, 0.0008972177405, 0.74619409989, 0.25195600538],
      [0.51828597675, 0.066833538942, 0.35042323675, 0.064457247555],
      [0.0050593331051, 0.85504757899, 0.13930331514, 0.00058977276687],
      [0, 0.065825799226, 0.93417420077, 0],
      [0.040583363498, 0.55003656748, 0.10436579576, 0.30501427326],
      [0.074853970547, 0.50998730623, 0.15034488232, 0.2648138409]
    ],
    [
      [0.0030686844626, 0.0013263480888, 0.7577503995, 0.23785456795],
      [0.76486630383, 0.045042340402, 0.16226707061, 0.027824285159],
      [0.02787983258, 0.90316249563, 0.062710443195, 0.0062472285906],
      [0.0016024675062, 0.089218034696, 0.90708626693, 0.0020932308653],
      [0.098899269549, 0.60714120633, 0.08008708825, 0.21387243587],
      [0.17485337845, 0.53748634154, 0.1100226994, 0.17763758061]
    ],
    [
      [0.0011056046496, 0.0013807966643, 0.88489112023, 0.11262247845],
      [0.50871051774, 0.091758782972, 0.37333086076, 0.026199838528],
      [0.00024299929114, 0.90141993429, 0.096370562803, 0.0019665036201],
      [0.00050243036307, 0.080680723385, 0.91793481016, 0.00088203609711],
      [0.040946014318, 0.73282216064, 0.10909992344, 0.11713190161],
      [0.074240099963, 0.67005454672, 0.15478305028, 0.10092230304]
    ],
    [
      [0.001060624657, 0.00076626031612, 0.9034889916, 0.094684123428],
      [0.51446940898, 0.054270300014, 0.40774800243, 0.023512288575],
      [0.011413538051, 0.79745188213, 0.18929748396, 0.0018370958612],
      [0, 0.04603597223, 0.9532060702, 0.00075795757429],
      [0.059921826006, 0.61867066359, 0.17073997697, 0.15066753343],
      [0.10383280562, 0.540733953, 0.23147093402, 0.12396230736]
    ],
    [
      [0.0028030485523, 0.00097573531229, 0.82918969267, 0.16703152347],
      [0.73600402351, 0.037605608934, 0.20382178904, 0.022568578517],
      [0.027699887175, 0.83732607035, 0.13161363551, 0.0033604069628],
      [0.0013860212666, 0.061981826497, 0.93520214264, 0.0014300095966],
      [0.1159426224, 0.57513241503, 0.11490888344, 0.19401607912],
      [0.19712259023, 0.49336842754, 0.15281061741, 0.15669836482]
    ],
    [
      [0.0014920338792, 0.00066664683143, 0.89274504352, 0.10509627577],
      [0.6176365767, 0.038117951754, 0.3233333841, 0.020912087438],
      [0.01961142054, 0.77353404511, 0.20492643046, 0.0019281038847],
      [0.0012935691392, 0.039182364629, 0.95737388442, 0.0021501818136],
      [0.088375075606, 0.56259223068, 0.17426048498, 0.17477220874],
      [0.150292234, 0.47930207148, 0.23058678062, 0.1398189139]
    ],
    [
      [0.0025221868938, 0.00081756209494, 0.86056836808, 0.13609188293],
      [0.72044591672, 0.033765545145, 0.22614220281, 0.019646335325],
      [0.028147324258, 0.80095313202, 0.16875940372, 0.0021401399939],
      [0.00081354455936, 0.05268730518, 0.94367497453, 0.0028241757334],
      [0.12075714214, 0.55861286673, 0.13729731805, 0.18333267308],
      [0.20262388403, 0.47182241135, 0.17993707635, 0.14561662826]
    ],
    [
      [0.0012442598797, 0.00083263584313, 0.8605083733, 0.13741473097],
      [0.55567844718, 0.054425634357, 0.35847964456, 0.031416273903],
      [0.012570471123, 0.81586413832, 0.16801799658, 0.0035473939826],
      [0.0005999177994, 0.051589215274, 0.94666838861, 0.0011424783203],
      [0.062526721678, 0.59804962701, 0.14470495823, 0.19471869308],
      [0.10971441997, 0.52944126673, 0.1986840497, 0.16216026361]
    ],
    [
      [0.0026554372662, 0.00062476075744, 0.78465690783, 0.21206289415],
      [0.74044186902, 0.025458500862, 0.20390230246, 0.030197327654],
      [0.034095155659, 0.7699641649, 0.1942390787, 0.0017016007398],
      [0.0014146520106, 0.042764915723, 0.95387269637, 0.001947735901],
      [0.13179789527, 0.44150577646, 0.13030882817, 0.2963875001],
      [0.22085911879, 0.37304006473, 0.1707062884, 0.23539452809]
    ],
    [
      [0.0022181991906, 0.00063858182861, 0.90549926378, 0.0916439552],
      [0.69532513916, 0.028954207085, 0.2611467218, 0.014573931956],
      [0.027544259822, 0.7553801358, 0.21554697681, 0.0015286275657],
      [0.0010309903349, 0.038136143133, 0.96009629091, 0.00073657562339],
      [0.13114154618, 0.53811901126, 0.17824336906, 0.1524960735],
      [0.21380507285, 0.44154612151, 0.22695593065, 0.11769287499]
    ],
    [
      [0.00085945052976, 0.00082189261782, 0.84654585137, 0.15177280548],
      [0.484479668, 0.063611657632, 0.41130577456, 0.040602899803],
      [0.0017311606356, 0.82481342302, 0.16321492635, 0.010240489994],
      [0, 0.051614614479, 0.94694322923, 0.0014421562908],
      [0.043309008696, 0.60028407192, 0.13924202271, 0.21716489668],
      [0.077908629997, 0.54222016503, 0.1957403669, 0.18413083808]
    ],
    [
      [0.0014534118517, 0.00070774576272, 0.90173888738, 0.096099955003],
      [0.60290389608, 0.04158495522, 0.33571724471, 0.019793903983],
      [0.01982760126, 0.77895900438, 0.1989438073, 0.0022695870659],
      [0.00067515679185, 0.042261215404, 0.95629334631, 0.00077028149786],
      [0.08444327934, 0.58540690172, 0.17316927931, 0.15698053963],
      [0.14361699418, 0.50040381426, 0.22978583981, 0.12619335175]
    ],
    [
      [0.0012489587458, 0.00072868850945, 0.8540327563, 0.14398959645],
      [0.56301910619, 0.047740003066, 0.35628700154, 0.032953889196],
      [0.015092816842, 0.79448853337, 0.1868758047, 0.0035428450808],
      [0.00061017148873, 0.045756802101, 0.95242262922, 0.0012103971913],
      [0.067275387782, 0.56021038297, 0.15358886531, 0.21892536395],
      [0.11728707822, 0.49243615065, 0.20940933938, 0.18086743175]
    ],
    [
      [0.0012759004042, 0.00069512333174, 0.88523791863, 0.11279105763],
      [0.56361422347, 0.045032508924, 0.36570779415, 0.025645473458],
      [0.016410038839, 0.78102726984, 0.20050855698, 0.0020541343389],
      [0.000454823381, 0.041773510747, 0.9562256935, 0.0015459723723],
      [0.073646123536, 0.57204969062, 0.1711042018, 0.18319998405],
      [0.12627329419, 0.4949637582, 0.22954617695, 0.14921677066]
    ],
    [
      [0.0012180347122, 0.00082089458038, 0.81129120449, 0.18666986621],
      [0.56359939368, 0.054133159563, 0.33973661803, 0.042530828724],
      [0.013141964241, 0.82371250979, 0.15985785402, 0.0032876719512],
      [0.00061963139866, 0.05373819077, 0.94403402504, 0.0016081527882],
      [0.058154785142, 0.56045200868, 0.12862390834, 0.25276929784],
      [0.10383623482, 0.50381226043, 0.17944494978, 0.21290655497]
    ],
    [
      [0.00090144490225, 0.00023563212392, 0.89030625989, 0.10855666308],
      [0.62808988563, 0.014471241249, 0.33494769511, 0.022491178016],
      [0.024313598699, 0.56754144332, 0.40439101217, 0.0037539458098],
      [0.0033185721583, 0.003864255495, 0.9891687431, 0.0036484292422],
      [0.091043092938, 0.3139343156, 0.26697512356, 0.32804746791],
      [0.15692506387, 0.25864201934, 0.34289696303, 0.24153595376]
    ],
    [
      [0.001313631016, 0.00054123404761, 0.93076878352, 0.06737635142],
      [0.57248155519, 0.034491807524, 0.37791819672, 0.015108440568],
      [0.020191561962, 0.72995248353, 0.2498559545, 0],
      [0.00077051396653, 0.032046909911, 0.96718257612, 0],
      [0.093638583139, 0.54960481569, 0.22171421069, 0.13504239048],
      [0.1635413086, 0.45560608257, 0.28504400648, 0.095808602345]
    ],
    [
      [0.0018273910092, 0.00066092857606, 0.89982854193, 0.097683138487],
      [0.65724733601, 0.033764013256, 0.29157622436, 0.017412426377],
      [0.023952062146, 0.76779336485, 0.20645571129, 0.001798861715],
      [0.0007113901836, 0.039093672791, 0.95849962658, 0.0016953104415],
      [0.10732930263, 0.55646692863, 0.17509658529, 0.16110718345],
      [0.17913657026, 0.46604580627, 0.22786725416, 0.12695036931]
    ],
    [
      [0.00078025981304, 0.00035184780506, 0.88817596913, 0.11069192325],
      [0.45914088603, 0.029792276223, 0.4783661504, 0.032700687347],
      [0.016371767163, 0.6533356403, 0.32703302119, 0.0032595713496],
      [0.0018106302516, 0.021132951381, 0.97480289696, 0.002253521408],
      [0.065413956329, 0.42265769061, 0.24774943079, 0.26417892227],
      [0.10970028427, 0.35657055095, 0.32465932805, 0.20906983673]
    ],
    [
      [0, 0.00055599620564, 0.69038686304, 0.30905714075],
      [0.33334901987, 0.068975009363, 0.47956774365, 0.11810822712],
      [0, 0.83076706326, 0.16923293674, 0],
      [0, 0.041101333075, 0.95889866693, 0],
      [0, 0.47855329049, 0.13632063067, 0.38512607884],
      [0, 0.42914603603, 0.1501632624, 0.42069070157]
    ],
    [
      [0.00091022522905, 0.00061718408008, 0.67561102789, 0.3228615628],
      [0.54119941797, 0.091065833698, 0.36773474833, 0],
      [0.013004951528, 0.82897926747, 0.158015781, 0],
      [0.0042268653082, 0.050905210672, 0.94486792402, 0],
      [0.04029849782, 0.40233934093, 0.092351184465, 0.46501097678],
      [0.076208158863, 0.38091668482, 0.13611474708, 0.40676040923]
    ],
    [
      [0, 4.5293924167e-10, 6.5924748505e-07, 0.9999993403],
      [0.87767720215, 0.016783075227, 0.07409514, 0.031444582623],
      [0, 0.060039534, 0.73996020212, 0.20000026388],
      [0, 0.2043392317, 0.7956607683, 0],
      [1.5767754136e-28, 1.1165672693e-14, 4.7876718978e-14, 1],
      [0.17631022737, 0.40926636012, 0.10023871762, 0.31418469489]
    ],
    [
      [0.0018405101199, 0.00076872628283, 0.92077359791, 0.076617165687],
      [0.6496750991, 0.039087681536, 0.29754286701, 0.013694352361],
      [0.021546956149, 0.78812060879, 0.19033243506, 0],
      [0.000835858926, 0.045016530122, 0.95414761095, 0],
      [0.10222654184, 0.60827799561, 0.17007907388, 0.11941638867],
      [0.17942914468, 0.5180937138, 0.22218132766, 0.080295813863]
    ],
    [
      [0.0017354647691, 0.00059868226289, 0.70107112188, 0.29659473109],
      [0.6625040458, 0.033131172378, 0.24718260678, 0.057182175048],
      [0.02596702363, 0.78421866556, 0.18981431081, 0],
      [0.0010298791569, 0.048689795026, 0.95028032582, 0],
      [0.082812424931, 0.40647863009, 0.1117211364, 0.39898780858],
      [0.17364880906, 0.39080550786, 0.1548358776, 0.28070980549]
    ],
    [
      [0.0015615977986, 0.00054518035151, 0.88355457044, 0.11433865141],
      [0.61753509607, 0.031677602733, 0.32745423883, 0.023333062369],
      [0.024099363468, 0.73393858136, 0.23871469627, 0.0032473589011],
      [0.00074768176486, 0.033529046851, 0.9647735216, 0.00094974978503],
      [0.10072912496, 0.50088008271, 0.19087772161, 0.20751307072],
      [0.16749558719, 0.42028694944, 0.24831658262, 0.16390088075]
    ],
    [
      [0.0013197946811, 0.00054711308856, 0.86703156442, 0.13110152781],
      [0.58109449605, 0.035093871149, 0.35439864297, 0.029412989832],
      [0.020411955791, 0.74074396484, 0.23598838352, 0.0028556958437],
      [0.0011411442073, 0.033875714451, 0.96326624771, 0.0017168936351],
      [0.083957636236, 0.49607501403, 0.18425495596, 0.23571239377],
      [0.14235579429, 0.42406035634, 0.2442927191, 0.18929113027]
    ],
    [
      [0.0012416748466, 0.00055439024364, 0.89404495295, 0.10415898196],
      [0.56119745147, 0.036743117568, 0.37782694508, 0.024232485882],
      [0.018928085633, 0.73883559596, 0.23998750545, 0.0022488129608],
      [0.0010491456114, 0.03381001121, 0.96362517688, 0.0015156663001],
      [0.082371634436, 0.52444447347, 0.19851778369, 0.19466610841],
      [0.13851218792, 0.44490940041, 0.26116428392, 0.15541412776]
    ],
    [
      [0.0013687104412, 0.0005091943728, 0.90030534, 0.097816755188],
      [0.58319695466, 0.032140581892, 0.36295278943, 0.021709674019],
      [0.022142850224, 0.71858596816, 0.25702315956, 0.0022480220546],
      [0.00093147049441, 0.031094402265, 0.96706716219, 0.00090696504581],
      [0.09501985609, 0.50397160252, 0.20996149218, 0.19104704921],
      [0.15709959489, 0.42085657512, 0.27178182252, 0.15026200747]
    ],
    [
      [0.00099397085896, 0.00060978882658, 0.9245263607, 0.073869879611],
      [0.50239209755, 0.044903624679, 0.43358197214, 0.019122305631],
      [0.014056622498, 0.75587380258, 0.22983119307, 0.00023838185478],
      [0.00029402956663, 0.036536435065, 0.96316953537, 0],
      [0.06688070783, 0.58545375318, 0.20774759789, 0.13991794109],
      [0.11316497168, 0.49948981954, 0.27494638263, 0.11239882615]
    ],
    [
      [0.0018754001282, 0.00093114499211, 0.87470906174, 0.12248439314],
      [0.65001700271, 0.047028884806, 0.28127692702, 0.021677185462],
      [0.020177215558, 0.82616600009, 0.15120096515, 0.0024558192068],
      [0.00088493971676, 0.056457871393, 0.9416580948, 0.00099909408748],
      [0.087070643573, 0.61740897834, 0.13564367484, 0.15987670324],
      [0.15006316195, 0.53638427406, 0.18279175678, 0.13076080721]
    ],
    [
      [0.0011938675943, 0.00050395495472, 0.86317470697, 0.13512747048],
      [0.61832370793, 0.03039091469, 0.32373189477, 0.027553482611],
      [0.019381501098, 0.73826543704, 0.23941987962, 0.0029331822402],
      [0.0025871233321, 0.0292375776, 0.96368016408, 0.004495134989],
      [0.080439538775, 0.48016328114, 0.18459868783, 0.25479849226],
      [0.13986788323, 0.41099545315, 0.24612172202, 0.2030149416]
    ],
    [
      [0.0034653002483, 0.033841220592, 0.96269347916, 0],
      [0.89070055568, 0.021522208321, 0.087777235994, 0],
      [0.025928267892, 0.86381588242, 0.11025584968, 0],
      [0.0059331046787, 0.065425928741, 0.92864096658, 0],
      [0.17969720024, 0.71137836666, 0.1089244331, 0],
      [0.28777241214, 0.57265160007, 0.13957598779, 0]
    ],
    [
      [0, 0.0011335631153, 0.9372129752, 0.061653461685],
      [0.33207883068, 0.076937086466, 0.57008718927, 0.020896893586],
      [0, 0.79147545434, 0.20741470966, 0.0011098359932],
      [0, 0.038976405538, 0.96065190255, 0.00037169190836],
      [0.03086352671, 0.65160633853, 0.20226482572, 0.11526530904],
      [0.054037934939, 0.57272189974, 0.27756606352, 0.095674101798]
    ],
    [
      [0.0027955116507, 0.0012743464732, 0.59991255932, 0.39601758256],
      [0.85773571476, 0.031523644836, 0.090193717724, 0.020546922683],
      [0.030737039771, 0.91874842363, 0.037650233408, 0.01286430319],
      [0.0016776433065, 0.10344008055, 0.89267270806, 0.0022095680833],
      [0.082527717065, 0.52064992578, 0.053525083744, 0.34329727341],
      [0.16191579066, 0.49768907433, 0.079316638502, 0.26107849651]
    ],
    [
      [0.0022022283443, 0.0011876175125, 0.8020297945, 0.19458035964],
      [0.69066322195, 0.052837906558, 0.22631478501, 0.030184086483],
      [0.018239193389, 0.86321178487, 0.11628926807, 0.0022597536717],
      [0.0040613135987, 0.082650395597, 0.90965234617, 0.0036359446348],
      [0.080855785678, 0.62143194929, 0.097672337214, 0.20003992781],
      [0.14329573012, 0.5539064598, 0.13504880393, 0.16774900616]
    ],
    [
      [0.0013647160392, 0.0010294278916, 0.82018944163, 0.17741641444],
      [0.57683774795, 0.063373915617, 0.32154025389, 0.038248082539],
      [0.011036456182, 0.85636614302, 0.12858013188, 0.0040172689185],
      [0.00067937441032, 0.065857567471, 0.93193690635, 0.0015261517638],
      [0.057384114266, 0.61764112608, 0.11526860432, 0.20970615533],
      [0.10269964583, 0.55767377002, 0.16138170156, 0.17824488258]
    ],
    [
      [0.0018684620443, 0.00053915023163, 0.90265079936, 0.094941588361],
      [0.66191327446, 0.02755835563, 0.29350174967, 0.017026620245],
      [0.028489916835, 0.72569128113, 0.24353526265, 0.0022835393782],
      [0, 0.032843234642, 0.96611176728, 0.0010449980817],
      [0.12279918685, 0.50452013623, 0.19747241599, 0.17520826093],
      [0.20005486867, 0.41358894298, 0.2511758877, 0.13518030065]
    ],
    [
      [0.0010146706312, 0.00070935384128, 0.757099339, 0.24117663653],
      [0.52642003504, 0.052784637606, 0.35857280372, 0.062222523635],
      [0.012705812157, 0.81101360279, 0.1759711601, 0.00030942495056],
      [0, 0.052756902368, 0.94724309763, 0],
      [0.049554989247, 0.49396974896, 0.12333162619, 0.3331436356],
      [0.089696032648, 0.450686267, 0.17449761215, 0.2851200882]
    ],
    [
      [0.0011809335933, 0.00068729967826, 0.89180191908, 0.10632984764],
      [0.54066254001, 0.046714478514, 0.38720714156, 0.02541583991],
      [0.015334654413, 0.77830507996, 0.20439780741, 0.0019624582166],
      [3.5854727255e-05, 0.041894521162, 0.95713531888, 0.00093430522877],
      [0.06958308225, 0.57759707603, 0.17665719308, 0.17616264864],
      [0.11922038914, 0.50004622196, 0.23704336468, 0.14369002423]
    ],
    [
      [0.0015655787338, 0.00099621912878, 0.85841936805, 0.13901883409],
      [0.61197754034, 0.055748193663, 0.30512382494, 0.027150441056],
      [0.014999130252, 0.83896102849, 0.14416883604, 0.001871005209],
      [0.0012287672147, 0.062516951986, 0.9332239919, 0.0030302889016],
      [0.069382786629, 0.63090913322, 0.12647943742, 0.17322864273],
      [0.12219981992, 0.55934212937, 0.17399869565, 0.14445935505]
    ],
    [
      [0.0023567082283, 0.00057042821073, 0.84097416675, 0.15609869681],
      [0.71066069673, 0.025439423475, 0.23946047221, 0.024439407579],
      [0.032657618564, 0.74216031356, 0.22147468986, 0.0037073780137],
      [0, 0.037886382609, 0.96075690699, 0.001356710398],
      [0.13311523205, 0.45931075194, 0.15946145741, 0.24811255861],
      [0.21901638267, 0.38157605938, 0.20535908798, 0.19404846997]
    ],
    [
      [0.0012243455035, 0.00091240432896, 0.7808244065, 0.21703884366],
      [0.56485414049, 0.060077828605, 0.32675441289, 0.04831361801],
      [0.012658984579, 0.8423464999, 0.14197073113, 0.003023784396],
      [0.0005046271835, 0.061568592223, 0.93674432368, 0.0011824569138],
      [0.052829515109, 0.56765378774, 0.11222815248, 0.26728854466],
      [0.095735974135, 0.51786150008, 0.15893360718, 0.2274689186]
    ]
  ],
  "expected_outcome": [
    [
      [0.08973786309, 0.14226916763, 0.14254969029, 0.017886298335, 0.033202016612, 0.00067944452196, 0.018533644349, 0.0049757613158, 0.071070587928, 0.018073692633, 0.049078758122, 0.028107450442, 0, 0.0047633849555, 0.0030686844626, 0.0022112092991, 0.030758115054, 0.078485359466, 0.031332711462, 0.027744055831, 0.021152417954, 0.082318555251, 0.026618390287, 0.0068756042381, 0.00872047111, 0.016236463696, 0.037001111723, 0.0073082082732, 0.0045072245112, 0.034154406416, 0.058476512294, 0.027309093457, 0, 0.0072818018324, 0, 0.016564591079, 0.041651154459, 0.051532727355, 0.022436509579, 0.040975269939, 0.12044651882, 0.025843242333, 0.026255601795, 0.017908013914, 0.0034653002483, 0, 0, 0.028628968476, 0.021835456628, 0.076606943818, 0.021308083255, 0.12754082807, 0.015655787338, 0.12726224433, 0.013467800538],
      [0.048044071738, 0.033266562825, 0.051954900948, 0.01379798998, 0.00079364775518, 0.00063139963135, 0.0057774564896, 0.0054824570537, 0.028929541921, 0.0051436151819, 0.025355616032, 0.017443034982, 0.0014242247462, 0.0044860887025, 0.0013263480888, 0.0027615933285, 0.022221549167, 0.027320588744, 0.01399958346, 0.0089931830444, 0.014154809333, 0.019367583481, 0.0076629819433, 0.0065751409426, 0.0042464745763, 0.0094729506229, 0.02015857662, 0.0049253674823, 0.0011781606196, 0.014072085238, 0.021149714434, 0.012314673177, 0.0011119924113, 0.0049374726407, 9.0587848334e-10, 0.0069185365455, 0.014368374309, 0.0179909516, 0.0093009225055, 0.01829487804, 0.044809104806, 0.015854509491, 0.01303602989, 0.0075593243207, 0.033841220592, 0.018137009845, 0, 0.015439027663, 0.016470846265, 0.022105159497, 0.014896430667, 0.074228365252, 0.0099621912878, 0.030803123379, 0.010036447619],
      [53.992798817, 61.0034106639, 71.8739722537, 14.5849079276, 0.96600433563, 0.73814821324, 11.2947283127, 3.5492919471, 56.3536593013, 13.1684256228, 48.8564928105, 27.441454985, 1.5997896625, 3.7309704995, 0.7577503995, 1.7697822405, 26.2011807564, 23.2173113946, 18.7476459139, 9.4662520489, 14.6286423462, 24.3243641427, 10.8659911654, 6.7723668109, 5.4104333243, 11.1024258318, 25.6718996403, 4.867747227, 4.4515312995, 24.1999883714, 28.7945133417, 31.0861589196, 1.3807737261, 5.4048882232, 1.3184949701e-06, 8.2869623812, 16.8257069251, 29.1573008246, 14.7395365951, 29.5034834474, 79.2268699199, 24.0376853783, 12.2459268644, 12.9476206045, 0.96269347916, 14.9954076032, 0, 10.4263873285, 13.1230310661, 37.0086827739, 15.899086119, 96.3146072612, 8.5841936805, 45.4126050046, 8.5890684715],
      [8.8694192482, 6.8210536057, 6.931523155, 1.383407784, 0, 0.26054094261, 0.68096058648, 3.4402498345, 4.5463405689, 0.80835706934, 7.0690728153, 3.5129945296, 0.39878611277, 1.2597800269, 0.23785456795, 0.22524495691, 2.7458395794, 4.6768826572, 2.2070217911, 1.4970107123, 2.3360504265, 6.5739497186, 1.0997274624, 1.2141824439, 0.57659973002, 1.8718647538, 3.2709406714, 1.1200191973, 0.54278331542, 1.7517851369, 3.1258604316, 3.8742173138, 0.6181142815, 2.5828925024, 1.9999986806, 0.68955449118, 7.1182735462, 3.7731754964, 2.2287259728, 3.4372464046, 8.6078744565, 1.9206168699, 1.7147815039, 2.0269120573, 0, 0.98645538696, 0, 2.5295446754, 2.838662631, 3.8926051228, 5.0647093671, 11.4836235455, 1.3901883409, 8.4293296277, 2.3874272803]
    ],
    [
      [57.2127466693, 37.0485833757, 81.1271067437, 22.1030893704, 0.99224490103, 3.72630424, 7.0404430305, 4.8036017691, 31.5318844422, 8.236558218, 30.1499435541, 15.0272192453, 0, 3.1097158605, 5.3540641268, 7.1219472484, 22.1221845863, 47.8402615281, 8.6469120739, 33.1405121693, 28.8952792536, 48.1287214863, 28.5083307054, 3.391357676, 6.6319428569, 17.453592292, 23.1081831622, 10.1447890863, 0.62808988563, 18.8918913211, 20.3746674162, 14.6925083528, 0, 5.9531935977, 0, 14.9425272792, 17.2251051907, 29.0241495152, 23.2437798419, 28.621070025, 82.2307706074, 14.5693708288, 29.9007821247, 2.4732948317, 1.7814011114, 1.6603941534, 1.7154714295, 8.2879586634, 11.5367549591, 21.1812247826, 7.3698804906, 85.965343862, 12.8515283472, 108.0204259035, 19.2050407768],
      [4.5118397612, 1.2641357262, 4.3585926425, 2.4662743946, 0.0010133982949, 0.44696805267, 0.28913679748, 0.72312659835, 1.8925013621, 0.32498626643, 2.3004764364, 1.3619717874, 0, 0.40100123365, 0.31529638282, 1.2846229616, 2.3336229006, 2.4443645807, 0.53365132455, 1.5532150766, 2.8301329866, 1.6548025561, 1.1871224905, 0.44528160342, 0.45743450743, 1.4799400951, 1.8463328659, 0.97439687214, 0.014471241249, 1.1382296483, 1.0466844109, 0.95335283915, 0, 1.0017241707, 0, 0.89901667533, 0.86141048182, 1.4888473285, 1.403754846, 1.873898996, 4.5318220468, 1.3022051157, 2.1633287011, 0.12156365876, 0.043044416643, 0.38468543233, 0.063047289672, 0.63405487869, 1.2674783123, 0.88186738017, 0.73898492648, 7.4276020837, 1.1707120669, 3.8667923681, 2.0426461726],
      [32.3556046205, 14.7772887217, 38.4718634823, 16.5660079134, 0.0067417006706, 3.2827060664, 3.5472371677, 2.9667647211, 23.5293581836, 5.2586503679, 28.2970161568, 13.6492274794, 0, 2.1025394205, 1.1358694943, 5.2266320506, 17.5331641044, 13.2484162876, 4.5266673775, 10.402541329, 18.6409415169, 13.2536496601, 10.7070155939, 2.8791404219, 3.6928896918, 11.0448970479, 14.9940195602, 6.1152591246, 0.33494769511, 12.4713004919, 9.0388629552, 15.3077168129, 0, 4.0450822316, 0, 6.8434859412, 6.4267477762, 15.3903492251, 14.1759457188, 19.269174199, 51.1763433091, 12.5738771922, 12.938738643, 1.2949275791, 0.17555447199, 2.8504359463, 0.18038743545, 2.7157774201, 6.4308050778, 9.3920559894, 5.020019252, 61.5659355087, 6.4076003237, 36.3979917763, 11.1096500383],
      [2.919808949, 0.90999217638, 2.0424371316, 0.86462832159, 0, 0.54402164099, 0.12318300432, 1.5065069114, 1.046256012, 0.17980514762, 2.2525638527, 0.9615814879, 0, 0.38674348533, 0.19476999612, 0.36679773939, 1.0110284087, 1.4669576036, 0.29276922413, 0.90373142496, 1.6336462429, 1.9628262975, 0.59753121018, 0.28422029862, 0.21773294381, 1.0215705651, 1.0514644118, 0.76555491703, 0.022491178016, 0.49857853874, 0.53978521767, 1.0464219951, 0, 0, 0, 0.31497010429, 1.4867365513, 1.0966539313, 1.1765195933, 1.23585678, 3.0610640366, 0.5545468633, 0.99715053123, 0.11021393044, 0, 0.10448446793, 0.041093845365, 0.36220903779, 0.76496165079, 0.54485184783, 0.87111533089, 4.0411185457, 0.57015926218, 3.714789952, 1.6426630123]
    ],
    [
      [6.3835774601, 9.4187051297, 7.6925296356, 1.1212240519, 1.1732170477, 0.11958104049, 1.039073009, 0.50354310881, 11.6456609002, 1.6726797716, 8.1127685501, 3.0850197086, 0, 0.26308532146, 3.8474168961, 0.048842857519, 3.344166649, 16.2321338843, 1.8826963719, 5.6857595, 3.683148039, 14.2517750656, 6.3902682787, 0.069246425424, 3.1327609991, 3.9392251959, 7.0727267398, 2.0370044574, 0.36470398049, 7.2083876203, 2.1077814689, 1.2442543044, 0, 0.27310398209, 0, 4.7187833966, 8.7249199396, 12.2906753688, 5.6949356657, 6.4166210296, 15.4557094563, 3.5844387369, 5.2864304761, 0.62020803513, 0.31113921471, 0, 0.92211119312, 2.9729885225, 3.3661191356, 5.0427152798, 3.1637472271, 14.4145751486, 2.4898556219, 19.9211473239, 1.1899445505],
      [299.0133617933, 208.9774562783, 245.4067558829, 78.3573357648, 21.9836062284, 14.713249457, 28.970594877, 49.7487625838, 413.7770684732, 42.0782545298, 365.8284281073, 183.173957164, 11.9750701105, 44.4624741075, 124.6364243975, 181.1854067915, 233.6534014638, 490.6730772255, 74.259268331, 161.7925326689, 239.048192527, 321.8450209292, 175.2481915067, 32.9925369206, 123.0755226918, 207.3615072107, 336.6227533018, 127.6754390168, 8.5131216498, 260.5930366218, 67.5658161064, 49.6535086628, 5.8153694428, 17.4085646169, 0.30019767, 172.5984133254, 263.4974716281, 374.308676495, 206.6675661911, 250.4652670302, 501.573005778, 192.7478196573, 216.455492023, 23.6244939853, 10.3657905891, 17.4124599956, 27.5624527089, 140.7035209332, 261.1916736219, 128.4473567605, 201.9423870953, 731.6067751611, 139.26753073, 452.717791271, 79.1805709905],
      [67.7101320207, 77.5373091437, 68.7633510399, 16.3733395021, 4.843176724, 3.0968102423, 10.990332114, 6.7476943074, 162.7837778813, 21.2073650608, 142.4018273744, 57.8600372648, 4.0249298895, 7.2437723872, 8.6540411609, 19.3704831233, 55.4641627999, 77.12559041, 19.6729373243, 34.0893995522, 49.2292729971, 81.1919348959, 50.0068986194, 6.5285970542, 31.4331215527, 48.7745850274, 86.4191880583, 24.7779673734, 6.0658651825, 89.198575758, 18.1681025938, 24.8545096102, 1.1846305572, 3.318331401, 3.6998010106, 41.6828032781, 63.7776084322, 121.7444950967, 65.8407590027, 81.3557643465, 179.4021653716, 58.6069542328, 39.6146528687, 7.6614361479, 1.3230701962, 4.5631236126, 1.1295070022, 18.9551506958, 39.2169402224, 43.1057414898, 43.8168188649, 192.1339389667, 23.9320267834, 135.0995608168, 13.3452487258],
      [0.89292872583, 1.0665294483, 0.13736344158, 0.14810068119, 0, 0.070359260142, 0, 0, 0.79349274537, 0.041700637788, 1.6569759682, 0.88098586257, 0, 0.030668183877, 0.86211754551, 0.39526722763, 0.53826908733, 1.9691984802, 0.18509797293, 0.43230827878, 1.0393864369, 0.71126910924, 0.35464159523, 0.40961959976, 0.35859475642, 0.92468256608, 0.88533190009, 0.50958915244, 0.056309187146, 0, 0.15829983092, 0.24772742257, 0, 0, 1.0000013194, 0, 0, 1.6561530396, 0.79673914039, 0.76234759372, 1.5691193941, 0.060787372968, 0.64342463219, 0.093861831687, 0, 0.024416391851, 0.3859290957, 0.36833984849, 1.2252670202, 0.40418646994, 0.07704681269, 1.8447107236, 0.31058686469, 2.2615005883, 0.28423573323]
    ],
    [
      [0.36459473848, 0, 0.51982721074, 0, 0, 0, 0.16282709377, 0.083419151499, 1.3625771248, 0.36367710842, 0.26354079968, 0, 0, 0, 0.065701167755, 0.028136100332, 0, 0.41303433744, 0.29105305632, 0.18630170409, 0.15297903885, 0.57434871629, 0.15464855024, 0, 0.074267247103, 0.14216995687, 0.21740557612, 0.073736136441, 0.37499865388, 0.26505680449, 0.12805023305, 0.45990008391, 0, 0.21979699602, 0, 0.20478543687, 0.32956133021, 0.33720447595, 0.4210822125, 0.49834416542, 1.4065204466, 0.11026108749, 0.18672228024, 0.22766685322, 0.077130360823, 0, 0.038585796051, 0.86099848291, 0.19498045576, 0, 0, 0.055072861064, 0.25312604623, 0, 0.10294394543],
      [28.9050235896, 19.4577836638, 24.0556101816, 10.393918972, 2.0506141875, 1.5373271966, 3.5785692799, 11.8637230857, 28.6667052242, 3.7633850094, 24.2371731014, 10.4566883249, 1.0529524892, 7.7016185094, 3.6579394226, 4.5181205095, 13.8568276414, 18.470584296, 8.8160320416, 12.0653928863, 13.1552498948, 17.3625557835, 5.72042147, 3.3033353267, 4.6487336945, 10.6613348896, 19.9677381371, 6.3948447016, 0.43666087093, 11.0241370094, 7.0368611024, 5.3677696508, 0.41101333075, 2.6470709549, 4.6998023291, 11.02904988, 15.5807344083, 15.1216001297, 12.5001386324, 16.059755325, 46.9525474204, 13.7011631494, 11.9126108639, 2.5729068288, 0.85053707363, 4.2874046091, 2.3791218527, 17.5218838666, 18.9011218642, 11.8235644713, 14.1388498346, 64.3499845042, 12.8784921091, 28.3390141916, 12.5599928135],
      [577.7246835262, 613.0206564931, 585.4245626076, 195.4280252345, 31.9493858125, 31.4353407262, 127.2586036264, 138.0528577628, 916.970717651, 170.8729378822, 741.7611416535, 279.152131387, 34.9470475108, 109.2983814906, 37.1905369442, 51.4043493687, 286.9150271288, 278.6902385068, 215.409123994, 216.1015691666, 241.4004390946, 387.2723147244, 144.0144436363, 60.6043666707, 105.1922680937, 221.914472608, 457.0758814928, 112.3400489802, 111.7760679708, 332.7108061861, 172.5299327851, 247.5999358277, 9.5889866693, 49.133132049, 18.3001976709, 233.7661646832, 304.0897042615, 435.1128582413, 355.4452454037, 457.7219590171, 1460.2714149139, 361.1885757631, 198.6898580034, 84.803854439, 12.0723325656, 105.6717092809, 20.5314722853, 192.8462973879, 267.4658921239, 347.8002362193, 253.8611501654, 1470.1598498033, 192.244142331, 718.6461664307, 191.0958420307],
      [1.0056981457, 0.5215598431, 0, 0.17805579349, 0, 0.027332077224, 0, 0, 0, 0, 0.73814444537, 0.39118028813, 0, 0, 0.085822465477, 0.049394021438, 0.22814522986, 0.42614285978, 0.48379090805, 0.64673624295, 0.29133197167, 0.79078077579, 0.11048634351, 0.092298002613, 0.084730964765, 0.28202254556, 0.73897479395, 0.1913701818, 0.41227250437, 0, 0.30515587946, 0.57239443762, 0, 0, 0, 0, 0, 0.42833715305, 0.63353375137, 0.71994149255, 1.3695172192, 0, 0.21080885246, 0.39557187903, 0, 0.040886109919, 0.050820065917, 0.77082026257, 0.4380055562, 0.37619930941, 0, 1.4350928314, 0.62423951373, 1.0148193777, 0.24122121041]
    ],
    [
      [2.8261422036, 4.9235059161, 2.3747566311, 0.52848360935, 2.9431227777, 0.03191578619, 0.59012355737, 0.30763594772, 5.7737735807, 1.1502085425, 3.8692772826, 1.3214616644, 0, 0.64933381596, 1.5823883128, 0.53229818613, 1.7377329542, 6.6087294769, 0.79537568045, 3.5019571219, 1.1880077119, 4.3493305437, 3.1473971084, 0.51970810435, 2.2799685422, 0.87458004117, 2.8721988179, 0.34892871085, 0, 3.9328204919, 0.64397581578, 0.58872560696, 0, 0.24179098692, 0, 2.6578900879, 2.7328100227, 4.7342688733, 0.9235339986, 2.6358923019, 6.1762906459, 2.5414668975, 3.047472525, 0.24131861633, 0.53909160071, 0.12345410684, 0, 2.263961999, 3.1561262846, 4.2979715398, 1.1893197419, 7.6541390475, 1.4570385192, 5.0583788177, 0.10565903022],
