{
  "Z_true": {},
  "V_true": [
    [25, 74, 45, 79, 182, 374, 1],
    [48, 77, 1731, 19, 43, 440, 5],
    [193, 125, 61, 2478, 88, 1091, 2],
    [89, 100, 95, 86, 92, 4860, 4],
    [188, 188, 138, 90, 5692, 1072, 7],
    [258, 393, 516, 400, 561, 1144, 47]
  ],
  "p_true": [
    [0.0321, 0.0949, 0.0577, 0.1013, 0.2333, 0.4795, 0.0013],
    [0.0203, 0.0326, 0.7325, 0.008, 0.0182, 0.1862, 0.0021],
    [0.0478, 0.031, 0.0151, 0.6137, 0.0218, 0.2702, 0.0005],
    [0.0167, 0.0188, 0.0178, 0.0161, 0.0173, 0.9125, 0.0008],
    [0.0255, 0.0255, 0.0187, 0.0122, 0.7718, 0.1454, 0.0009],
    [0.0777, 0.1184, 0.1555, 0.1205, 0.169, 0.3447, 0.0142]
  ],
  "Z_est": [
    [
      [3, 3, 3, 3, 3, 3, 3, 3, 2, 2, 2, 3, 2, 2, 2, 2, 2, 2, 2.0005, 2, 3, 2, 2, 3, 2, 3, 2, 3, 3, 3, 2, 2, 3, 2, 3, 3, 3, 2, 4, 2, 3, 2, 4, 3, 2, 3, 3, 3, 1, 2, 2, 2, 3, 2, 3, 2, 4, 2, 2, 4, 3, 3, 3, 3, 2, 3, 4],
      [1, 1, 6.2237e-15, 3.0691e-11, 1.2969e-08, 1.6839e-09, 7.9049e-24, 1.9354e-12, 6.4102e-13, 1.7917e-12, 1, 2.8302e-11, 1.8214e-10, 7.7382e-13, 1, 3.2307e-14, 1, 1.8418e-15, 0.0001, 1.6886e-06, 1.0581e-09, 1.4707e-11, 1.7454e-09, 7.98e-10, 1.5161e-08, 1.7963e-10, 2, 2.418e-06, 2.4441e-07, 1, 2, 2, 1.8378e-16, 1, 4.3908e-16, 6.1083e-09, 8.8462e-13, 1, 1, 2.7434e-12, 7.5476e-11, 2.7066e-09, 7.8477e-18, 8.6925e-19, 2.2285e-21, 3.5623e-19, 4.0062e-20, 1.6652e-13, 1.9662e-08, 9.1693e-14, 1.5234e-12, 1, 1.6757e-11, 3.3279e-08, 3.1416e-13, 4.1243e-13, 4.3215e-14, 9.7398e-26, 1, 3.0312e-13, 1, 1.5303e-08, 2, 6.8995e-10, 1, 1, 6],
      [2.651e-08, 3, 1, 1, 3.8011e-06, 1, 3, 2, 2, 9.1287e-14, 1.7122e-10, 2.6208e-13, 2.4076e-14, 1.5906e-09, 1, 1.3792e-07, 3.5898e-13, 2.302e-13, 2.6864e-06, 4.6306e-11, 3.2315e-11, 1.9004e-09, 8.343e-09, 1.7892e-11, 1.1904e-06, 6.6645e-11, 5, 1, 4.7146e-07, 1, 2.6554e-09, 1, 1, 1, 9.5891e-15, 5.2376e-09, 1.7761e-12, 1.8266e-13, 2, 2.212e-10, 6.3544e-11, 1, 1, 9.0622e-18, 3.83e-24, 2.235e-15, 1, 1, 1.6781e-06, 2, 1, 3.273e-12, 8.8011e-12, 1.1661e-11, 2.6476e-13, 2.8693e-12, 2, 1, 2, 9.1911e-14, 2, 3, 2, 1.5964e-11, 1.9204e-09, 1, 14],
      [1.1644e-07, 1, 1, 3.059e-11, 4.6803e-10, 1, 2, 2, 2, 1.8688e-12, 4.4137e-08, 1, 1, 1, 2, 2.3847e-13, 1, 3.1447e-14, 7.183e-07, 1, 1, 1.4613e-11, 8.359e-09, 1, 2.5976e-06, 1, 2, 1, 5.7373e-06, 1.0392e-11, 5.8274e-13, 1, 1.6012e-18, 1, 2, 1.4621e-08, 2.3274e-09, 1.7835e-13, 1, 2.211e-12, 2.6084e-11, 4.3668e-11, 3, 1, 2.8604e-13, 3.5754e-19, 2, 1, 5.2191e-09, 1, 3.1425e-12, 5.9545e-11, 1, 1, 1, 8.1127e-15, 2, 2, 1, 1, 1, 2, 1, 1.586e-11, 2.9669e-10, 1, 14],
      [1, 9, 5, 5, 1, 4, 5, 6, 5, 1, 2.2018e-08, 1, 1, 1, 3, 2.0503e-15, 1, 1, 0.9999, 3, 1, 4.782e-10, 1, 2, 5.8627e-08, 3, 5, 3, 1, 3, 1, 2, 1, 4, 2, 1, 1, 1.7654e-13, 2, 7.0029e-07, 1, 2, 5, 2, 1, 1, 3, 4, 1, 3, 2, 1, 2, 2, 3, 1, 5, 4, 4, 5, 5, 6, 5, 4.2948e-12, 1, 4, 28],
      [2, 7, 4, 5, 1, 5, 8, 6, 5, 1, 1, 2, 2, 2, 5, 1, 2, 2, 0.9995, 3, 2, 1, 2, 2, 4.2594e-08, 3, 10, 4, 1, 3, 2, 4, 3, 6, 3, 2, 1, 1, 3, 8.259e-07, 2, 2, 8, 2, 1, 2, 5, 5, 1, 5, 4, 2, 2, 2, 4, 1, 11, 7, 6, 7, 8, 7, 7, 3.2655e-12, 1, 5, 42],
      [8.2984e-25, 4.1535e-30, 1.1575e-30, 1.9321e-30, 0, 0, 1.151e-44, 8.4732e-31, 0, 7.1865e-33, 1.1339e-30, 0, 0, 0, 0, 0, 6.5054e-31, 2.3531e-34, 0, 2.2896e-30, 5.1292e-28, 0, 0, 1.0863e-25, 1.784e-26, 2.5535e-29, 1.5644e-36, 0, 0, 8.302e-28, 6.613e-37, 0, 0, 0, 4.6415e-33, 0, 0, 5.2355e-28, 1.511e-28, 1.5204e-30, 0, 0, 1.4085e-31, 5.2746e-35, 3.4845e-38, 1.9224e-41, 3.7354e-34, 0, 0, 0, 3.6388e-31, 1.0865e-29, 1.0973e-28, 0, 8.964e-32, 6.4454e-33, 3.0993e-29, 9.6614e-41, 6.687e-35, 4.9814e-36, 5.8161e-36, 0, 5.4583e-39, 0, 0, 7.478e-29, 8.8127e-52]
    ],
    [
      [4.5453e-08, 1, 1.245e-12, 9.1662e-11, 7.1335e-11, 4.3762e-09, 2, 9.2172e-13, 1, 5.3895e-12, 4.4254e-08, 1, 1, 1, 9.0413e-13, 2, 1.2367e-13, 2, 0.9994, 1.1216e-08, 2.0517e-09, 4.276e-09, 1, 1.4562e-09, 2.1094e-07, 2.5179e-10, 3, 8.3019e-07, 2.4502e-09, 1.3974e-11, 2, 2, 2, 2.428e-12, 1, 5.8807e-09, 1, 2, 4, 2, 1, 3, 1, 1, 1, 1, 3.4974e-21, 1, 1.0001, 2, 1, 5.3058e-11, 3.9077e-11, 1, 1.9698e-14, 4.1358e-13, 4.3272e-14, 1, 1.3222e-18, 5.4039e-13, 1, 2, 1, 1, 1, 8.9628e-10, 8],
      [3, 4, 1, 3, 3, 3, 3, 3, 1, 3, 1, 3, 4, 3, 4, 3, 2, 3, 0.9994, 2, 3, 2, 2, 2, 3, 3, 3, 3, 2, 3, 3, 3, 5, 4, 4, 4, 3, 3, 4, 3, 4, 3, 3, 2, 4, 3, 3, 4, 2, 6, 3, 1, 3, 4, 3, 4, 3, 2, 1, 3, 3, 3, 4, 4, 2, 3, 20],
      [2, 4, 3, 1, 4, 3, 8, 5, 4, 1, 2, 1, 1, 1, 1, 4, 2, 2, 3.612e-07, 1, 1, 2, 1, 1, 1, 9.1641e-12, 16, 2, 5, 8, 9, 6, 15, 4, 3, 4, 2, 4, 8, 8, 7, 5, 2, 1, 2, 6, 4, 3, 0, 14, 3, 2, 1.9522e-11, 2, 2.6525e-13, 3, 2, 4, 9, 1, 6, 6, 15, 4, 3, 2, 50],
      [3, 2, 2, 3.0588e-11, 3, 2, 5, 3, 4, 2, 2, 3, 5, 5, 3, 4, 3, 4, 1.0005, 1, 4, 3, 2, 1, 2, 1.4423e-10, 6, 1, 5, 3, 6, 6, 8, 5, 8, 3, 2, 3, 5, 1, 3, 2, 4, 3, 3, 5, 7, 2, 1, 7, 2, 2, 2, 4, 3, 4, 3, 6, 4, 2, 3, 3, 7, 5, 2, 2, 51],
      [6, 12, 7, 6, 9, 8, 14, 9, 9, 4, 2, 5, 7, 6, 5, 7, 5, 6, 2, 2, 5, 5, 5, 2, 4, 1, 16, 5, 10, 12, 10, 9, 18, 10, 8, 9, 9, 5, 9, 10, 11, 8, 8, 7, 7, 12, 9, 8, 3, 20, 7, 4, 4, 7, 6, 12, 7, 13, 12, 7, 10, 11, 24, 9, 7, 6, 99],
      [9, 9, 6, 6, 10, 10, 21, 10, 10, 6, 4, 7, 12, 11, 8, 16, 7, 13, 3.0007, 2, 6, 6, 7, 2, 4, 1, 29, 7, 11, 13, 19, 17, 34, 16, 13, 13, 9, 7, 11, 9, 17, 9, 11, 7, 7, 14, 13, 11, 3, 31, 15, 6, 4, 8, 7, 11, 14, 21, 16, 11, 15, 13, 32, 8, 7, 8, 144],
      [1.5881e-17, 8.7992e-30, 9.7692e-23, 9.4392e-26, 0, 0, 2.7589e-33, 1.1399e-27, 0, 5.4967e-29, 5.2811e-25, 0, 0, 0, 0, 0, 3.9725e-28, 1.0037e-27, 0, 1.8817e-20, 1.2727e-24, 0, 0, 1.4784e-24, 1.3251e-16, 5.053e-21, 5.5428e-29, 0, 0, 1.1228e-25, 4.7237e-23, 0, 0, 0, 5.6617e-30, 0, 0, 2.2306e-27, 1.4435e-26, 2.9798e-18, 0, 0, 2.7464e-31, 2.2005e-27, 1.0504e-31, 1.4621e-29, 5.5695e-27, 0, 0, 0, 1.9804e-23, 1.3302e-25, 4.585e-26, 0, 6.9285e-28, 2.2632e-24, 5.3714e-33, 3.1255e-28, 3.4314e-27, 2.0781e-28, 3.669e-25, 0, 4.2741e-31, 0, 0, 1.2702e-22, 2.7874e-96]
    ],
    [
      [1, 1, 2.9323e-11, 1, 3.8515e-06, 2.5569e-11, 3, 2.6786e-13, 1, 2, 2, 3, 2, 1, 1, 2, 1, 4, 1.9994, 2, 1, 1, 1, 1, 1.8736e-06, 2, 2, 3.7466e-08, 1.6248e-08, 4.4972e-13, 3, 3, 2, 1, 2, 7.1051e-11, 1, 3, 4, 1, 1.0768e-10, 1, 3, 5, 2, 3, 4.9037e-19, 2, 2, 7.407e-16, 1, 1, 2, 3, 2, 1, 2, 2, 1, 1, 1, 2, 1, 2, 2, 1, 9],
      [1.8829e-08, 7.7841e-14, 1.0993e-13, 3.1696e-13, 1, 1, 1, 9.1623e-13, 1.7196e-14, 4, 3, 4, 3, 3, 6, 3, 2, 3, 2.9999, 2, 4, 3, 1, 2, 1, 2, 1, 2, 2, 1, 3, 3, 3, 1, 4, 2, 3, 3, 2, 1, 1, 1, 2, 2, 8, 3, 3, 3, 1.0001, 3, 1, 1, 2, 1, 2, 1, 2, 1, 1, 2, 1, 1, 2, 3, 2, 2, 19],
      [6, 6, 3, 6, 6, 6, 14, 5, 7, 9, 3, 6, 8, 7, 6, 8, 9, 9, 2.0001, 3, 7, 6, 5, 3, 5, 3, 12, 5, 8, 4, 9, 9, 13, 7, 10, 6, 7, 7, 9, 6, 5, 7, 8, 9, 11, 14, 12, 8, 3.9999, 10, 7, 4, 4, 7, 7, 8, 9, 9, 8, 6, 5, 7, 10, 8, 5, 5, 58],
      [4, 2, 5, 2, 6, 3, 7, 3, 6, 13, 17, 9, 14, 22, 9, 7, 12, 10, 7.0042, 13, 15, 12, 9, 15, 11, 9, 4, 3, 6, 4, 8, 10, 6, 6, 16, 2, 8, 6, 9, 1, 3, 2, 11, 11, 14, 10, 17, 4, 8.0001, 4, 6, 12, 9, 9, 14, 10, 9, 12, 8, 8, 3, 3, 9, 7, 6, 4, 57],
      [8, 9, 13, 12, 13, 9, 19, 7, 15, 20, 17, 15, 19, 23, 14, 13, 18, 15, 18.9985, 22, 20, 18, 16, 26, 16, 15, 11, 11, 13, 8, 11, 14, 14, 12, 16, 8, 22, 8, 10, 6, 7, 6, 21, 26, 25, 24, 22, 17, 13.9998, 12, 11, 19, 14, 16, 25, 22, 19, 22, 17, 20, 8, 10, 19, 14, 13, 10, 110],
      [13, 7, 11, 12, 15, 12, 28, 7, 16, 32, 34, 20, 33, 42, 24, 28, 23, 33, 18.9978, 22, 27, 24, 24, 28, 18, 17, 19, 14, 15, 8, 21, 25, 27, 20, 26, 12, 24, 11, 13, 6, 10, 7, 30, 27, 26, 28, 31, 22, 14.0002, 18, 23, 28, 17, 17, 29, 21, 38, 36, 21, 31, 11, 11, 25, 12, 13, 14, 161],
      [3.7857e-28, 8.8333e-34, 5.3234e-31, 3.6984e-30, 0, 0, 2.5891e-40, 1.5817e-31, 0, 2.9305e-31, 2.9366e-33, 0, 0, 0, 0, 0, 8.1507e-30, 1.3624e-33, 0, 3.6175e-30, 5.9036e-33, 0, 0, 3.0154e-28, 2.5007e-26, 1.7196e-26, 9.3208e-33, 0, 0, 4.3719e-29, 3.4737e-37, 0, 0, 0, 3.1877e-35, 0, 0, 1.0932e-32, 4.7648e-35, 1.1816e-28, 0, 0, 4.5181e-42, 1.7029e-35, 7.4301e-36, 9.9973e-35, 1.7504e-35, 0, 0, 0, 2.1188e-29, 1.7009e-32, 9.5992e-33, 0, 1.7595e-32, 5.5642e-34, 2.4176e-37, 1.0472e-41, 1.4067e-28, 2.5158e-36, 3.7297e-34, 0, 3.1464e-49, 0, 0, 4.9062e-33, 3.5168e-120]
    ],
    [
      [2, 1, 1, 2, 1, 1, 5, 9.1897e-13, 1, 2, 2, 3, 2, 1, 2, 4, 1, 5, 2.0006, 2, 1, 1, 2, 1, 1.9696e-07, 1, 3, 6.0816e-07, 1.8808e-08, 2.8883e-11, 4, 4, 4, 2, 1, 1.4074e-10, 2, 3, 4, 2, 1, 3, 3, 5, 1, 3, 1.1152e-21, 4, 2, 1, 3, 2, 4, 3, 3, 2, 3, 3, 1, 2, 4, 2, 2, 2, 2, 1, 13],
      [1, 1, 7.4212e-14, 1, 1, 1, 2, 1, 1.687e-12, 4, 4, 3, 4, 4, 8, 4, 2, 2, 1.0005, 2, 3, 3, 2, 1, 1, 1, 2, 2, 1, 2, 4, 4, 6, 3, 2, 3, 4, 3, 2, 2, 5, 2, 2, 1, 6, 2, 3, 4, 1, 4, 1, 2, 2, 1, 3, 1, 1, 1, 1, 3, 3, 1.0628e-10, 4, 2, 2, 3, 30],
      [5, 5, 5, 4, 6, 6, 17, 7, 9, 5, 3, 7, 5, 6, 9, 13, 5, 9, 4.9989, 1, 4, 6, 4, 4.1792e-08, 2, 1, 15, 5, 8, 10, 10, 10, 25, 10, 4, 9, 6, 7, 6, 7, 12, 8, 6, 6, 9, 12, 9, 8, 2, 17, 8, 5, 2, 5, 4, 8, 9, 11, 10, 5, 10, 6, 17, 6, 5, 5, 87],
      [10, 4, 4, 6, 8, 7, 12, 7, 9, 16, 14, 12, 19, 24, 17, 14, 14, 15, 8.9991, 13, 16, 14, 12, 11, 12, 6, 8, 7, 10, 6, 14, 13, 15, 13, 13, 9, 12, 9, 6, 4, 9, 7, 12, 14, 15, 12, 19, 9, 6.9999, 10, 9, 13, 14, 13, 19, 12, 17, 18, 7, 11, 8, 6, 12, 9, 7, 9, 90],
      [14, 18, 23, 21, 19, 15, 32, 17, 20, 21, 22, 16, 24, 26, 23, 23, 18, 18, 23.0001, 20, 18, 24, 20, 20, 16, 12, 16, 15, 14, 23, 17, 20, 29, 23, 13, 18, 31, 11, 11, 11, 24, 13, 20, 26, 23, 22, 22, 25, 14, 22, 19, 30, 22, 17, 30, 28, 27, 33, 22, 27, 22, 12, 38, 15, 17, 14, 173],
      [23, 13, 17, 21, 20, 19, 44, 17, 22, 32, 36, 22, 39, 45, 39, 48, 22, 39, 23.0009, 20, 24, 30, 30, 19, 16, 12, 28, 19, 16, 22, 30, 34, 56, 37, 17, 26, 32, 13, 11, 11, 35, 15, 29, 27, 23, 27, 30, 32, 13.0001, 34, 37, 41, 24, 18, 35, 25, 55, 53, 26, 41, 32, 13, 46, 12, 16, 19, 249],
      [3.6143e-10, 4.1221e-17, 9.7307e-16, 1.9274e-14, 0, 0, 1.0782e-23, 2.6326e-14, 0, 1.9176e-12, 1.0528e-10, 0, 0, 0, 0, 0, 1.7983e-16, 2.8887e-14, 0, 5.7331e-08, 1.2214e-16, 0, 0, 2.0714e-10, 1.3472e-07, 5.3515e-10, 1.2442e-19, 0, 0, 9.5848e-12, 5.3109e-09, 0, 0, 0, 2.3717e-15, 0, 0, 8.6119e-15, 9.3127e-23, 2.4692e-12, 0, 0, 7.7854e-18, 7.9482e-18, 9.9984e-14, 8.94e-16, 1.1183e-18, 0, 0, 0, 3.8019e-15, 2.5192e-11, 1.2257e-12, 0, 2.6424e-13, 1.0198e-12, 4.5386e-18, 1, 1.0536e-18, 9.3361e-14, 2.1671e-18, 0, 3.0041e-23, 0, 0, 2.8172e-15, 1.3937e-96]
    ],
    [
      [2, 5, 2, 6, 2, 2, 6, 1, 2, 3, 2, 4, 2, 1, 1, 3, 1, 4, 2.9995, 3, 2, 2, 2, 2, 1, 4, 4, 1, 4.6621e-06, 1, 4, 4, 4, 2, 2, 1, 4, 6, 8, 4, 1, 4, 5, 9, 3, 5, 1, 6, 4, 1, 3, 2, 5, 4, 4, 3, 3, 3, 2, 3, 5, 4, 3, 5, 5, 2, 16],
      [1, 4, 4.246e-12, 3, 2, 2, 3, 2, 2.9027e-12, 6, 5, 4, 3, 4, 6, 4, 3, 2, 1.9995, 3, 5, 5, 2, 3, 2, 3, 2, 3, 2, 4, 4, 5, 6, 3, 3, 5, 7, 5, 4, 4, 5, 3, 3, 2, 11, 3, 4, 7, 2, 5, 2, 2, 3, 2, 4, 2, 1, 1, 2, 4, 3, 2, 7, 6, 4, 4, 36],
      [6, 17, 12, 12, 9, 10, 23, 12, 13, 7, 4, 6, 4, 6, 5, 9, 7, 8, 4.0009, 2, 7, 8, 4, 1, 4, 3, 20, 7, 11, 15, 10, 11, 26, 10, 7, 12, 12, 11, 14, 15, 13, 12, 10, 11, 13, 18, 11, 13, 3.0001, 19, 9, 6, 3, 6, 5, 13, 9, 13, 19, 7, 13, 13, 27, 14, 9, 7, 102],
      [8, 8, 11, 8, 10, 9, 14, 9, 14, 18, 18, 14, 12, 23, 11, 10, 15, 11, 14.9972, 19, 22, 18, 14, 20, 15, 12, 8, 5, 12, 7, 10, 13, 17, 12, 16, 8, 17, 10, 11, 5, 8, 5, 17, 20, 20, 15, 21, 11, 11, 11, 7, 15, 15, 14, 21, 17, 14, 19, 13, 13, 8, 8, 16, 17, 10, 10, 104],
      [19, 49, 51, 57, 30, 28, 42, 29, 36, 28, 24, 23, 19, 29, 19, 22, 25, 20, 37.0003, 36, 33, 33, 26, 39, 28, 28, 24, 23, 25, 29, 19, 24, 32, 28, 17, 30, 56, 19, 19, 24, 27, 22, 36, 49, 38, 38, 28, 41, 24.0002, 31, 21, 33, 28, 25, 40, 47, 29, 42, 37, 42, 33, 25, 54, 35, 30, 24, 202],
      [26, 38, 44, 56, 30, 34, 62, 33, 37, 46, 48, 28, 32, 46, 27, 40, 29, 38, 37.0026, 36, 39, 42, 36, 40, 27, 32, 38, 26, 25, 35, 31, 40, 59, 40, 27, 37, 61, 23, 28, 22, 38, 22, 49, 48, 40, 43, 40, 51, 23.9998, 43, 39, 48, 34, 25, 44, 43, 54, 64, 51, 63, 42, 27, 73, 30, 30, 31, 298],
      [1.8641e-08, 2.1788e-14, 2.3116e-11, 1.0115e-13, 0, 0, 2.141e-24, 9.2962e-13, 0, 1.4159e-14, 1, 0, 0, 0, 0, 0, 6.8911e-13, 2.0072e-13, 0, 5.6343e-09, 1.5045e-11, 0, 0, 4.2177e-08, 1.1021e-06, 3.5702e-10, 2.5457e-20, 0, 0, 2.0344e-13, 2.9138e-13, 0, 0, 0, 6.7784e-15, 0, 0, 3.5887e-15, 9.5611e-21, 1.2541e-07, 0, 0, 7.8763e-18, 2.9476e-13, 1.2984e-22, 1.1466e-18, 1.5813e-19, 0, 0, 0, 3.0582e-12, 2.3952e-12, 4.7271e-12, 0, 1.4487e-16, 4.188e-13, 1.922e-17, 1, 1, 4.0447e-14, 9.8371e-15, 0, 1, 0, 0, 2.2888e-12, 1]
    ],
    [
      [3.7439e-08, 2, 1, 2, 3.8004e-06, 9.5787e-09, 3, 1.4081e-12, 1, 1, 1, 2, 2, 3.855e-13, 1, 2, 1.1878e-12, 2, 0.0005, 1, 1.0559e-09, 1.6797e-12, 1, 8.2627e-08, 1.3538e-06, 1, 1, 1.4214e-06, 5.2947e-06, 5.5999e-13, 2, 1, 1, 1, 1, 5.0343e-09, 1, 3, 4, 1, 1.9436e-11, 2, 2, 3, 1, 2, 1.0135e-18, 2, 2, 3.8946e-13, 1, 3.4949e-11, 2, 2, 1, 1, 1, 1, 1, 1, 2, 1, 1, 2, 2, 1, 10],
      [7.1011e-08, 2, 2.2796e-11, 1, 3.8257e-06, 8.7812e-09, 1, 1, 1.5378e-16, 2, 2, 2, 3, 2, 4, 3, 1, 1, 0.0006, 1, 1, 2, 1, 1.6541e-07, 2.472e-06, 1, 1, 1, 3.994e-06, 1, 2, 2, 2, 1, 2, 2, 2, 3, 2, 1, 2, 1, 1, 2.9479e-13, 6, 1, 1, 3, 1, 2, 1.8786e-13, 3.8772e-11, 1, 1, 1, 1.2491e-15, 2.3077e-17, 1.2178e-27, 1, 1, 1, 2.4005e-10, 2, 3, 2, 1, 22],
      [2, 8, 5, 5, 3, 3, 11, 5, 4, 3, 2, 3, 4, 3, 4, 7, 3, 4, 1.0001, 1.7749e-06, 1, 3, 2, 8.374e-08, 1, 1, 8, 3, 4, 5, 5, 4, 10, 4, 5, 5, 4, 6, 7, 6, 5, 7, 4, 4, 7, 6, 4, 5, 2, 7, 3, 2, 1, 3, 1, 4, 3, 6, 8, 3, 5, 4, 7, 7, 3, 3, 62],
      [2, 4, 5, 3, 4, 2, 7, 4, 5, 8, 8, 6, 11, 12, 8, 8, 7, 5, 1.9991, 5, 6, 7, 6, 4, 4, 5, 3, 2, 4, 2, 5, 5, 5, 5, 12, 4, 6, 5, 5, 1, 3, 3, 8, 7, 12, 5, 7, 5, 6, 4, 2, 5, 6, 7, 5, 5, 5, 9, 5, 5, 3, 2, 4, 8, 4, 3, 64],
      [5, 24, 22, 23, 12, 8, 20, 12, 12, 13, 11, 12, 15, 13, 12, 15, 11, 9, 8.0011, 10, 8, 12, 11, 8, 7, 11, 9, 9, 9, 10, 8, 8, 14, 10, 12, 12, 18, 9, 9, 11, 10, 11, 15, 18, 21, 13, 9, 17, 12.0001, 11, 7, 10, 12, 12, 8, 13, 12, 18, 15, 16, 13, 8, 15, 16, 12, 9, 124],
      [11, 21, 19, 25, 15, 12, 31, 15, 15, 23, 21, 16, 29, 27, 25, 34, 18, 21, 9.9986, 12, 13, 19, 20, 11, 11, 14, 19, 13, 14, 12, 18, 17, 25, 20, 20, 19, 22, 12, 11, 12, 18, 15, 23, 21, 24, 16, 13, 26, 14.9999, 18, 17, 18, 16, 16, 11, 14, 25, 32, 20, 28, 20, 11, 21, 16, 16, 14, 180],
      [1, 1, 1, 1, 0, 0, 2, 2, 0, 2, 2, 0, 0, 0, 0, 0, 1, 1, 0, 1, 1, 0, 0, 2, 1, 1, 1, 0, 0, 1, 2, 0, 0, 0, 2, 0, 0, 2, 3, 1, 0, 0, 2, 1, 2, 3, 2, 0, 0, 0, 1, 1, 1, 0, 1, 1, 1, 2, 1, 1, 1, 0, 3, 0, 0, 1, 3]
    ]
  ],
  "V_est": [
    [174.0005, 28.0001, 60, 63, 187.9999, 266.9995, 9.5859e-25],
    [60.9995, 214.9994, 306, 273.0005, 630.9999, 877.0007, 1.5139e-16],
    [108.9994, 154, 524.9999, 601.0043, 1117.9983, 1530.998, 4.3223e-26],
    [150.0006, 187.0004, 572.9989, 831.999, 1532.0001, 2051.001, 1],
    [223.9995, 265.9995, 782.001, 968.9971, 2260.0006, 2869.0023, 5],
    [83.0006, 107.0006, 340.0001, 413.9991, 929.0012, 1385.9985, 60]
  ],
  "p_est": [
    [0.2231, 0.0359, 0.0769, 0.0808, 0.241, 0.3423, 2.1916e-20],
    [0.0258, 0.091, 0.1295, 0.1155, 0.267, 0.3711, 1.0081e-14],
    [0.027, 0.0381, 0.13, 0.1488, 0.2769, 0.3791, 6.3102e-22],
    [0.0282, 0.0351, 0.1076, 0.1562, 0.2876, 0.3851, 0.0002],
    [0.0304, 0.0361, 0.106, 0.1314, 0.3064, 0.389, 0.0007],
    [0.025, 0.0322, 0.1024, 0.1247, 0.2799, 0.4176, 0.0181]
  ],
  "EI_Z": {},
  "EI_V": 45.0239,
  "MAE_Z": {},
  "MAE_V": 497.4283,
  "MAE_p": 0.1188,
  "runtime": 0.7081
}
