{
  "Z_true": {},
  "V_true": [
    [17, 535, 76, 1273, 76],
    [194, 841, 312, 13754, 704],
    [305, 142, 8539, 603, 469],
    [74, 64, 434, 422, 237],
    [572, 14, 410, 259, 86],
    [45, 58, 258, 452, 616]
  ],
  "p_true": [
    [0.0086, 0.2706, 0.0384, 0.6439, 0.0384],
    [0.0123, 0.0532, 0.0197, 0.8702, 0.0445],
    [0.0303, 0.0141, 0.849, 0.06, 0.0466],
    [0.0601, 0.052, 0.3526, 0.3428, 0.1925],
    [0.4265, 0.0104, 0.3057, 0.1931, 0.0641],
    [0.0315, 0.0406, 0.1805, 0.3163, 0.4311]
  ],
  "Z_est": [
    [
      [0.0037, 0.003, 0.0011, 0, 0, 0, 0, 0, 0, 0.0248, 0, 0.0132, 0.035, 0.0071, 0, 0, 0.0548, 0, 0, 0, 0, 0, 0.0079, 0, 0, 0.0172, 0, 0.0178, 0.0015, 0, 0, 0.062, 0.0165, 0, 0, 0, 0.001, 0, 0, 0.027, 0.0097, 0.0047, 0, 0.0001, 0, 0.0153, 0, 0.0178, 6.3571e-06, 0.0874, 0, 0, 0.0084],
      [14.7985, 8.5188, 8.1912, 6.445, 8.9193, 4.3251, 18.4724, 31.6817, 2.6675, 11.6803, 8.767, 24.6223, 11.7346, 37.7472, 41.7864, 54.0578, 24.4528, 13.4271, 7.2632, 4.1642, 6.5754, 36.779, 17.4994, 29.5407, 11.6486, 17.3698, 9.2098, 26.7115, 10.3859, 60.0016, 62.8568, 17.7088, 45.3328, 46.041, 3.4392, 1.5533, 11.5171, 12.0863, 21.0385, 27.1424, 11.8401, 20.884, 6.7667, 1.6215, 21.3233, 19.8576, 10.4809, 24.1315, 1.3394, 60.5552, 17.4833, 89.0712, 27.0541],
      [0.5409, 0.3492, 0.3619, 0, 0, 0.2295, 0.8457, 1.8083, 0.0812, 0.5336, 0.3878, 1.2849, 0.3441, 2.6534, 4.3017, 3.4619, 0.8914, 0.6682, 1.0887, 0.1221, 0.2872, 2.4388, 0.7509, 1.6764, 1.5928, 0.57, 0.247, 0.9271, 0.3477, 2.8745, 4.3441, 1.2091, 2.0583, 1.3113, 0.0608, 0.0232, 0.4416, 0.221, 1.1353, 1.119, 0.5164, 0.6578, 0.2451, 0.2582, 1.3813, 0.9462, 0.7582, 1.2473, 0.0331, 3.6464, 0.7645, 2.1161, 0.9965],
      [11.6514, 6.1273, 7.4435, 5.3248, 6.0798, 4.445, 10.677, 19.5101, 1.2501, 7.7612, 5.8341, 21.0604, 5.8821, 27.5923, 46.912, 49.4804, 17.5904, 9.8939, 9.6482, 2.6957, 3.1229, 22.7821, 10.7287, 20.7829, 12.7586, 10.0279, 5.5273, 17.3412, 6.2618, 33.1239, 45.7991, 15.0201, 24.5924, 31.5262, 1.4972, 0.4232, 8.0331, 4.6825, 17.8238, 18.6548, 7.6335, 14.4404, 3.9883, 3.1202, 17.2954, 13.178, 10.7609, 14.6034, 0.6271, 52.711, 8.7522, 35.8128, 17.9409],
      [0.0056, 0.0017, 0.0022, 0.2303, 0.0009, 0.0004, 0.005, 0, 0.0011, 0, 0.0111, 0.0192, 0.0042, 0, 0, 0, 0.0106, 0.0108, 0, 0.018, 0.0144, 0, 0.0131, 0, 0, 0.0151, 0.0159, 0.0024, 0.0031, 0, 0, 0, 0, 0.1215, 0.0028, 0.0004, 0.0072, 0.0101, 0.0024, 0.0568, 0.0003, 0.0131, 0, 0.0001, 0, 0.0029, 0, 0, 0.0004, 0, 0, 1.4453e-06, 0]
    ],
    [
      [0, 0, 0, 0, 0, 0, 0, 2.1216, 0, 1.0083, 0, 0, 0, 9.8407, 0, 0, 0, 0, 0, 0, 0.1968, 2.878, 0, 0, 1.1593, 0, 0, 0, 0, 1.2265, 11.9696, 1.5574, 2.3188, 0, 0, 0, 0, 0, 0, 0, 0, 0, 0, 0, 1.3099, 0.3516, 0.0713, 12.1402, 0, 4.8898, 0.526, 0, 0],
      [0, 0, 0, 0, 1.8472, 0, 5.9535, 3.834, 0, 1.952, 0, 0, 2.7444, 8.5129, 0, 0.0363, 0, 0.694, 0, 0, 0.4818, 4.4941, 1.5298, 2.8608, 0, 0.3612, 0, 0, 1.1621, 9.6445, 14.7802, 0.6089, 7.438, 0, 0, 0, 0, 1.1847, 0, 0, 2.6982, 0, 4.4227, 1.4935, 4.066, 3.8328, 2.457, 5.0902, 0, 6.3748, 6.0022, 26.5291, 1.9813],
      [0, 0, 0, 0, 0, 0, 2.3858, 4.3839, 0, 0, 0, 0, 0, 13.227, 0, 0.5321, 0, 0, 5.692, 0, 0.1604, 26.0008, 0, 2.4391, 10.5304, 0, 0, 0, 0, 4.4434, 30.8198, 2.0449, 2.9225, 0, 0, 0, 0, 0, 0, 0, 0, 0, 0, 2.1057, 9.1367, 0, 0.7091, 5.102, 0, 0.8967, 4.6803, 0, 0],
      [364.3766, 336.5755, 699.1773, 145.3636, 343.0834, 405.1136, 324.9663, 177.5621, 70.6255, 115.828, 98.5639, 388.6044, 117.3393, 326.0048, 175.8655, 181.3064, 226.2277, 135.5223, 124.7393, 16.9945, 21.8926, 248.4583, 110.6145, 183.0968, 104.179, 221.32, 123.648, 617.7612, 408.9792, 300.0274, 666.5531, 142.8036, 245.3761, 219.2391, 70.2347, 46.495, 150.1236, 146.9785, 404.2298, 265.992, 163.991, 268.6374, 373.0133, 440.6201, 347.5765, 225.4047, 238.3109, 255.1748, 78.6709, 740.5931, 182.5341, 961.1879, 231.4435],
      [34.6234, 40.4245, 104.8227, 15.6364, 38.0694, 40.8864, 43.6945, 13.0984, 9.3745, 12.2117, 16.4361, 47.3956, 16.9162, 28.4146, 9.1345, 11.1252, 21.7723, 19.7837, 13.5688, 5.0055, 5.2684, 24.1687, 19.8557, 14.6033, 14.1312, 31.3188, 17.352, 58.2388, 56.8587, 24.6581, 46.8773, 17.9853, 22.9446, 29.7609, 9.7653, 5.505, 16.8764, 23.8368, 36.7702, 43.008, 18.3108, 27.3626, 33.5639, 49.7807, 21.911, 29.4109, 20.4517, 26.4927, 9.3291, 63.2456, 17.2574, 117.283, 12.5753]
    ],
    [
      [3.1973, 2.4471, 0.0485, 0, 0.3272, 0, 0, 0.511, 0, 8.245, 0, 11.9414, 4.2392, 0, 1.5116, 0.1401, 12.3916, 4.1027, 0, 0.6502, 0.6571, 0, 10.0069, 1.8277, 0, 4.2001, 0.4557, 8.1455, 1.2283, 3.0198, 0, 5.0877, 3.9724, 0, 0.4899, 0.3079, 1.6812, 0.9707, 2.6218, 5.6247, 2.6441, 2.7551, 0, 0, 3.0591, 13.8972, 12.2638, 2.871, 0.8139, 18.1752, 1.355, 11.6026, 4.4919],
      [6.2197, 5.5718, 7.6882, 1.1032, 3.0348, 2.9278, 2.0547, 3.7355, 1.7077, 3.1926, 1.2715, 8.5693, 2.5432, 0, 0.2771, 1.1029, 8.5312, 4.6912, 0, 0.7551, 0.735, 5.6057, 6.4543, 3.3889, 0, 6.7221, 3.7325, 15.0215, 7.5752, 6.8241, 2.2452, 0.6718, 6.8034, 7.7439, 4.3213, 3.9482, 3.4094, 7.9971, 5.7917, 5.8783, 1.3246, 6.5484, 2.6277, 0.1838, 3.5859, 6.5869, 6.1935, 7.8521, 2.8686, 5.694, 2.7464, 46.4795, 6.8011],
      [66.3455, 36.6486, 23.6992, 4.6206, 10.4504, 19.7137, 63.363, 199.7535, 27.311, 194.022, 74.9833, 373.4865, 53.5649, 487, 75.8004, 91.2999, 242.8372, 265.522, 107, 42.8619, 43.282, 478.3943, 328.8337, 231.3774, 134, 72.6525, 34.0005, 117.4918, 28.6691, 256.1561, 723.7548, 139.2171, 255.2242, 207.5889, 49.7721, 35.175, 57.524, 34.3038, 139.0671, 130.007, 61.3031, 70.0307, 13.1859, 21.621, 338.355, 410.5762, 720.1544, 490.2769, 32.8291, 570.3805, 112.8986, 500.4068, 150.7064],
      [12.1343, 1.2908, 5.5218, 1.271, 0.1788, 5.3393, 0.5259, 0, 0.902, 1.1625, 2.3893, 14.3556, 0.5683, 0, 1.3286, 1.4484, 9.6956, 6.0608, 0, 2.8335, 0, 0, 5.5616, 0.8102, 0, 1.2348, 4.6536, 4.2485, 0.4863, 0, 0, 0, 0, 10.5346, 6.9432, 1.4031, 3.2746, 0.6282, 3.4267, 3.8483, 0.6954, 7.5457, 0.1798, 0.186, 0, 3.2805, 6.3883, 0, 4.3227, 5.7503, 0, 6.2242, 3.0007],
      [0.1032, 0.0416, 0.0423, 0.0051, 0.0088, 0.0192, 0.0565, 0, 0.0793, 0.3779, 0.3559, 1.6471, 0.0844, 0, 0.0823, 0.0087, 0.5444, 1.6233, 0, 0.8992, 0.3259, 0, 2.1435, 0.5959, 0, 0.1905, 0.1578, 0.0926, 0.0411, 0, 0, 0.0234, 0, 1.1325, 0.4736, 0.1659, 0.1108, 0.1001, 0.0927, 0.6417, 0.0328, 0.12, 0.0066, 0.0093, 0, 0.6591, 0, 0, 0.1657, 0, 0, 0.2868, 0]
    ],
    [
      [3.1971, 2.7216, 3.1204, 0.5359, 1.8457, 0, 3.1654, 1.2432, 0.3703, 2.4344, 1.3583, 6.4255, 1.5058, 4.9537, 1.437, 0.8537, 4.7345, 3.0536, 1.3485, 0.3493, 0.4472, 1.9778, 2.2729, 1.4877, 2.7205, 2.5741, 1.0935, 11.2925, 2.4048, 4.5474, 11.312, 3.8317, 3.0551, 2.1301, 0.6662, 0.3375, 2.475, 1.8398, 5.7092, 6.3452, 2.1013, 2.4287, 0.5606, 0.2263, 3.3224, 4.233, 3.202, 5.0723, 0.9024, 13.4805, 1.6299, 7.8831, 1.5503],
      [0.3491, 0.2428, 0.3289, 0.1871, 0.2251, 0.8492, 1.2139, 0.2295, 0.1271, 0.2701, 0.26, 0.6658, 0.2128, 0.6261, 0.138, 0.3141, 0.4998, 0.4388, 0.1523, 0.0684, 0.0677, 0.3912, 0.2914, 0.26, 0.2006, 0.3099, 0.1872, 1.3443, 0.3205, 0.8834, 1.5989, 0.2842, 0.5139, 0.4537, 0.1652, 0.1181, 0.3185, 0.4153, 0.7015, 0.6713, 0.2409, 0.3109, 0.9687, 0.4303, 0.4617, 0.4926, 0.3392, 0.6646, 0.164, 1.2347, 0.3276, 1.9693, 0.2143],
      [0.1037, 0.0978, 0.1433, 0.0276, 0.0856, 0.0701, 0.3932, 0.1246, 0.0424, 0.1257, 0.127, 0.2971, 0.061, 0.5077, 0.1106, 0.2142, 0.1377, 0.2142, 0.4892, 0.016, 0.0321, 0.2599, 0.1264, 0.1488, 0.4319, 0.0967, 0.0444, 0.3293, 0.1067, 0.4163, 1.409, 0.2378, 0.2297, 0.1624, 0.0148, 0.0179, 0.0969, 0.0628, 0.3621, 0.2272, 0.1077, 0.0897, 0.1072, 0.2081, 0.3409, 0.2397, 0.2604, 0.3882, 0.0227, 0.7884, 0.1492, 0.4586, 0.0846],
      [17.6666, 11.3754, 19.2553, 4.0673, 10.3669, 8.7193, 29.6061, 9.104, 4.2336, 11.6392, 11.4769, 36.7793, 6.8182, 29.7864, 10.0856, 19.1231, 22.7188, 21.0279, 14.3686, 3.1902, 2.2387, 15.6993, 11.4616, 11.69, 16.735, 11.3652, 7.2775, 54.8648, 12.4664, 30.0815, 75.3411, 16.7786, 17.499, 19.1956, 4.8869, 2.4095, 14.443, 10.0224, 38.753, 29.8166, 10.0822, 13.6042, 10.9495, 15.4154, 24.2087, 20.9072, 22.3877, 25.7261, 5.6464, 69.9802, 10.472, 48.2374, 8.9389],
      [0.6835, 0.5624, 1.1522, 0.1821, 0.4767, 0.3614, 1.6214, 0.2988, 0.2266, 0.5307, 0.7779, 1.8323, 0.4022, 1.126, 0.2289, 0.495, 0.9091, 1.2654, 0.6413, 0.3761, 0.2143, 0.6719, 0.8478, 0.4135, 0.9119, 0.6541, 0.3975, 2.1691, 0.7016, 1.0715, 2.339, 0.8677, 0.7024, 1.0583, 0.2669, 0.117, 0.6665, 0.6598, 1.4743, 1.9398, 0.4678, 0.5665, 0.4139, 0.7199, 0.6662, 1.1275, 0.8107, 1.1488, 0.2645, 2.5163, 0.4214, 2.4516, 0.2119]
    ],
    [
      [16.5208, 3.6943, 8.83, 1.4641, 4.8271, 3, 8.8346, 10.0372, 2.6297, 26.157, 13.6302, 42.4741, 19.1499, 34.9999, 7.9339, 0.986, 22.7465, 18.7864, 8.6191, 0, 0.6827, 28.0227, 13.6424, 18.6329, 18.0719, 9.1082, 4.4509, 24.2902, 6.1991, 19.0834, 47.3087, 12.3594, 16.5436, 22.8585, 7.844, 6.3546, 7.8061, 7.1763, 11.533, 10.8872, 6.1144, 12.7537, 4.4394, 0.7736, 27.1774, 24.2974, 38.3311, 36.7047, 3.2837, 57.9051, 10.4308, 38.2859, 5.8553],
      [0.8786, 0.1517, 0.4467, 0.0631, 0.2716, 0.4073, 0.9537, 0.894, 1.1936, 1.4247, 2.584, 2.1883, 1.3344, 2.1913, 0.3828, 0.1791, 1.1777, 1.3263, 0.4319, 0, 0.0387, 2.7248, 0.8526, 1.5906, 0, 0.5214, 0.3487, 1.411, 0.3884, 1.7638, 3.3379, 0.4672, 1.3437, 3.3093, 0.9198, 1.0541, 0.4798, 0.7432, 0.7025, 0.5671, 0.3301, 0.7862, 0.4705, 0.0784, 1.8624, 1.3909, 2.0042, 2.3737, 0.2678, 2.6765, 1.0029, 4.6248, 0.382],
      [5.01, 0.9044, 2.7956, 0.3518, 1.464, 1.9867, 5.9704, 5.8792, 2.5654, 9.3188, 9.5019, 16.9314, 6.03, 18.4743, 3.7686, 1.4874, 7.1337, 9.5956, 6.6796, 0, 0.2328, 20.7321, 5.2891, 11.345, 10.3802, 2.6809, 1.7081, 7.2518, 1.8764, 10.0783, 27.2861, 4.2726, 7.5514, 14.9374, 3.1524, 2.7839, 2.9374, 2.4124, 5.4355, 3.6468, 2.0728, 4.2218, 2.4618, 1.8006, 15.7302, 9.238, 20.105, 15.9216, 1.1151, 22.2733, 5.4882, 17.0186, 2.2125],
      [1.5248, 0.2367, 0.8704, 0.1154, 0.4165, 0.5799, 1.1705, 1.1531, 0.5752, 2.0059, 2.1006, 4.156, 1.3866, 3.2247, 0.894, 0.3381, 1.8591, 2.1376, 1.2117, 0, 0.0414, 3.3892, 1.1204, 2.3473, 1.4685, 0.6467, 0.4625, 1.9632, 0.5047, 2.0055, 4.9316, 0.8525, 1.5014, 3.6506, 1.0124, 0.7603, 0.7385, 0.6206, 1.2764, 0.8353, 0.4596, 1.1833, 0.6037, 0.3308, 3.1489, 1.9563, 4.3913, 2.879, 0.316, 4.9614, 1.0373, 3.8592, 0.5371],
      [0.0657, 0.0128, 0.0573, 0.0056, 0.0208, 0.0261, 0.0708, 0.0365, 0.036, 0.0935, 0.1832, 0.2502, 0.0991, 0.1098, 0.0206, 0.0095, 0.083, 0.1542, 0.0576, 0, 0.0045, 0.1312, 0.0956, 0.0842, 0.0795, 0.0428, 0.0298, 0.0838, 0.0314, 0.0689, 0.1357, 0.0483, 0.06, 0.2442, 0.0715, 0.047, 0.0382, 0.0475, 0.0525, 0.0636, 0.0231, 0.055, 0.0246, 0.0167, 0.0811, 0.1175, 0.1683, 0.121, 0.0174, 0.1838, 0.0408, 0.2116, 0.0132]
    ],
    [
      [0.0812, 0.134, 0, 0, 0, 0, 0, 0.087, 0, 0.1304, 0.0114, 0.1458, 0.0701, 0.1985, 0.1175, 0.0202, 0.0727, 0.0574, 0.0324, 0.0005, 0.0162, 0.1215, 0.0699, 0.0517, 0.0482, 0.1004, 0, 0.254, 0.1664, 0.123, 0.4098, 0.1018, 0.0936, 0.0113, 0, 0, 0.0367, 0.0132, 0.136, 0.1159, 0.1304, 0.0577, 0, 0, 0.1312, 0.2055, 0.1317, 0.1939, 0, 0.4621, 0.0583, 0.2284, 0.0942],
      [0.7541, 0.5148, 1.345, 0.2016, 0.702, 0.4906, 1.3519, 0.6254, 0.3041, 0.4802, 0.1175, 0.9543, 0.4306, 0.9225, 0.4157, 0.3099, 0.3384, 0.4225, 0.1526, 0.0123, 0.1014, 1.0052, 0.3725, 0.3591, 0.1509, 0.7156, 0.5219, 1.5117, 1.1679, 0.8826, 2.181, 0.2591, 0.5683, 0.4522, 0.1545, 0.3264, 0.2752, 0.5733, 0.7657, 0.7409, 0.566, 0.4706, 0.7437, 0.1926, 0.7007, 0.8393, 0.5252, 0.888, 0.3602, 1.4648, 0.4376, 3.326, 0.5672],
      [0, 0, 0, 0, 0, 0, 0.042, 0.0505, 0, 0, 0, 0, 0, 0.1376, 0.0188, 0.0045, 0, 0, 0.0505, 0, 0.0055, 0.1741, 0, 0.0133, 0.0646, 0, 0, 0, 0, 0.0313, 0.3861, 0.0185, 0.0141, 0, 0, 0, 0, 0, 0, 0, 0, 0, 0, 0.0064, 0.056, 0, 0.0127, 0.064, 0, 0.0148, 0.0193, 0, 0],
      [19.6461, 12.3942, 34.7317, 4.858, 13.8746, 15.8029, 23.0542, 12.6708, 5.4136, 10.6031, 2.6352, 27.0443, 7.0054, 22.3918, 15.9142, 9.3037, 7.9084, 10.3574, 7.0322, 0.2861, 1.7045, 20.6711, 7.5132, 8.2728, 5.8589, 13.4054, 12.4311, 31.821, 23.3017, 15.7617, 52.375, 7.5453, 10.031, 9.8539, 2.4257, 3.5089, 6.3873, 7.0678, 21.4903, 16.8531, 12.1382, 10.5889, 13.2653, 11.3277, 18.7705, 18.2732, 17.761, 17.6167, 7.4168, 42.004, 7.2044, 41.6786, 12.139],
      [13.5186, 10.957, 36.9233, 3.9405, 11.4234, 11.7065, 22.5519, 7.5664, 5.2824, 8.7863, 3.2359, 23.8557, 7.4939, 15.3496, 6.5338, 4.3616, 5.6805, 11.1627, 5.7323, 0.7012, 3.1724, 16.0281, 10.0444, 5.3032, 5.8773, 13.7786, 12.047, 22.4133, 23.3641, 10.2015, 29.648, 7.0754, 7.293, 9.6826, 2.4198, 3.1647, 5.3008, 8.3456, 14.608, 19.2901, 10.1653, 7.8828, 8.991, 9.4733, 9.3416, 17.6821, 11.5693, 14.2374, 6.223, 27.0543, 5.2804, 37.767, 5.1996]
    ]
  ],
  "V_est": [
    [0.437, 1130.5689, 57.1577, 788.2333, 0.6031],
    [53.566, 135.0681, 128.2126, 13979.0006, 1509.1527],
    [173.9791, 269.3397, 9449.4995, 151.6342, 13.5475],
    [159.7668, 24.7143, 11.4468, 990.9903, 44.0818],
    [814.5292, 59.2958, 381.4988, 81.7498, 3.9265],
    [4.7219, 35.0132, 1.1847, 771.3917, 616.6884]
  ],
  "p_est": [
    [0.0002, 0.5719, 0.0289, 0.3987, 0.0003],
    [0.0034, 0.0085, 0.0081, 0.8845, 0.0955],
    [0.0173, 0.0268, 0.9395, 0.0151, 0.0013],
    [0.1298, 0.0201, 0.0093, 0.805, 0.0358],
    [0.6074, 0.0442, 0.2845, 0.061, 0.0029],
    [0.0033, 0.0245, 0.0008, 0.5398, 0.4316]
  ],
  "EI_Z": {},
  "EI_V": 12.3307,
  "MAE_Z": {},
  "MAE_V": 261.7482,
  "MAE_p": 0.096,
  "runtime": 0.009
}
