{
  "Z_true": {},
  "V_true": [
    [16, 703, 218, 216],
    [439, 62, 907, 25],
    [344, 126, 13471, 285],
    [182, 10809, 2514, 716],
    [105, 497, 1505, 581]
  ],
  "p_true": [
    [0.0139, 0.6097, 0.1891, 0.1873],
    [0.3064, 0.0433, 0.6329, 0.0174],
    [0.0242, 0.0089, 0.9469, 0.02],
    [0.0128, 0.7601, 0.1768, 0.0503],
    [0.0391, 0.1849, 0.5599, 0.2161]
  ],
  "Z_est": [
    [
      [0.6473, 0.0595, 0, 0.2263, 0.8692, 0.6322, 0.1819, 0.4793, 0.1867, 0, 0, 0.2774, 0.7191, 1.2536, 0.3411, 0.4314, 1.0032, 0.808, 0.0747, 0.2117, 4.4593, 0.3052, 0.6814, 0.9433, 0.7306, 0.5524, 1.1846, 1.1548, 0.7859, 1.5051, 0.256, 0.2086, 0.6664, 0, 3.3877, 1.9292, 0, 0.2463, 0.0343, 0, 0.2586, 0.0563, 0.2675, 0.6587, 0.8651, 0.0395, 2.1069, 0.2165, 5.3826, 0.5421],
      [11.2355, 1.459, 0, 2.4109, 26.7257, 7.3611, 4.9013, 11.8972, 5.4643, 0, 1.9656, 9.5211, 19.9815, 31.7017, 21.2481, 18.6713, 38.2636, 45.3213, 0.7623, 7.3433, 78.0768, 1.4233, 21.9637, 35.9227, 17.2825, 25.4151, 40.7994, 16.6093, 30.6242, 28.6539, 11.0929, 9.4125, 8.4485, 0, 66.4141, 31.7151, 0, 4.6521, 5.1183, 3.3567, 1.475, 0.8041, 4.8278, 19.3084, 31.1689, 1.6524, 80.9549, 5.689, 63.1843, 12.3162],
      [1.2272, 0.1376, 0, 0.2536, 2.2174, 0.4742, 0.4121, 1.1678, 0.7214, 0, 0.0344, 0.3776, 1.4074, 2.2353, 1.3509, 1.4273, 2.9669, 3.7741, 0.1015, 1.068, 7.8499, 0.0965, 2.2845, 4.1514, 1.3586, 2.7187, 4.2725, 2.2389, 2.5805, 3.4194, 1.3258, 1.4905, 1.6372, 0, 6.3919, 2.0396, 0, 0.6566, 0.3241, 0.4185, 0.0711, 0.0797, 0.5478, 2.6584, 3.2718, 0.1391, 6.6045, 0.5124, 5.5783, 1.2119],
      [1.8901, 0.3438, 0, 1.1092, 3.1877, 0.5326, 0.5047, 1.4557, 0.6276, 0, 0, 0.824, 1.892, 1.8095, 2.0599, 1.47, 2.7662, 4.0967, 0.0616, 2.377, 8.6139, 0.175, 3.0705, 4.9827, 2.6283, 3.3137, 3.7435, 2.9971, 3.0094, 4.4216, 1.3253, 0.8883, 1.2478, 0, 7.8063, 2.3162, 0, 0.4449, 0.5234, 0.2248, 0.1953, 0.0599, 0.3569, 3.3746, 2.6941, 0.169, 7.3337, 0.5821, 8.8548, 0.9298]
    ],
    [
      [33.6712, 2.5617, 2.224, 6.7738, 24.5667, 5.5876, 6.3926, 15.8338, 1.1582, 1.9397, 0, 4.0236, 19.1798, 25.478, 6.3687, 15.3102, 14.9259, 14.7945, 7.1096, 5.2425, 105.4106, 2.8309, 6.4135, 15.8425, 14.7111, 10.8774, 22.9867, 13.9153, 17.6435, 22.5117, 9.5308, 8.4545, 23.0737, 0.9406, 37.1905, 9.9356, 0, 1.9115, 1.9657, 0, 5.4411, 4.5175, 5.9525, 9.2782, 26.3156, 3.2683, 55.6843, 14.6609, 118.5459, 25.0011],
      [11.3161, 0.8199, 0.5104, 1.1733, 14.6666, 1.0134, 3.0283, 7.5763, 0.473, 0.0547, 0, 2.2756, 10.2844, 12.5357, 7.5255, 12.8713, 11.0883, 16.1725, 1.0684, 3.3129, 36.5751, 0.1076, 3.9877, 11.8255, 6.6698, 9.7454, 15.6255, 3.8441, 13.4746, 8.324, 7.8896, 7.2794, 5.7011, 1.3707, 14.3547, 2.9183, 0, 0.6062, 6.5005, 3.9156, 0.381, 0.935, 1.8609, 5.253, 18.5976, 2.456, 42.5285, 7.3367, 27.5833, 10.9436],
      [5.9289, 0.3954, 0.1964, 0.613, 5.8283, 0.3164, 1.2294, 3.5652, 0.3083, 0.0015, 0, 0.4778, 3.4617, 4.2166, 2.3015, 4.703, 4.1047, 6.424, 0.7105, 2.2969, 17.5555, 0.0422, 1.9846, 6.5264, 2.5067, 4.9786, 7.8107, 2.4779, 5.4234, 4.7505, 4.535, 5.5118, 5.2962, 0.5313, 6.5968, 0.9105, 0, 0.4176, 1.8404, 1.8549, 0.1108, 0.465, 1.0336, 3.4589, 9.3227, 0.9971, 16.5489, 3.1697, 11.6398, 5.1597],
      [2.0837, 0.223, 0.0692, 0.4399, 1.9385, 0.0826, 0.3497, 1.0247, 0.0605, 0.0041, 0, 0.2231, 1.0741, 0.7697, 0.8043, 1.1155, 0.8811, 1.609, 0.1115, 1.1478, 4.4589, 0.0193, 0.6142, 1.8055, 1.1124, 1.3986, 1.577, 0.7627, 1.4585, 1.4138, 1.0446, 0.7543, 0.9289, 0.1574, 1.8579, 0.2356, 0, 0.0647, 0.6934, 0.2295, 0.0671, 0.0825, 0.1529, 1.0099, 1.764, 0.2787, 4.2383, 0.8327, 4.231, 0.8955]
    ],
    [
      [3.3585, 0.3004, 0.4852, 0.6551, 1.6197, 2.1677, 0.902, 5.1315, 0.3867, 0.7565, 0, 0.3398, 2.929, 4.46, 0.8905, 2.2, 3.3371, 1.6031, 0.5307, 0.3509, 6.7474, 1.5496, 4.354, 4.1954, 4.9401, 2.096, 8.4417, 8.0774, 4.7174, 5.8009, 0.9624, 0.2008, 13.5665, 0, 13.0513, 2.1045, 0, 2.076, 0, 0, 1.5657, 1.1814, 2.2893, 3.1807, 2.7951, 1.2581, 10.5931, 3.1687, 35.2785, 2.4945],
      [0.782, 0, 0.0048, 0.5705, 0.6084, 0.4802, 0.1927, 1.4824, 0.0439, 0.1683, 0.4118, 0.1998, 1.2423, 2.2839, 1.1811, 1.4284, 2.0848, 2.7513, 0, 0.7901, 1.5292, 0.1125, 2.0009, 3.2797, 2.1949, 2.4838, 4.9988, 2.5568, 2.5457, 1.6843, 1.0375, 1.2428, 2.5093, 0, 3.3409, 0.6561, 0.0893, 0.6696, 0.0895, 0.0012, 0.3797, 0.0388, 0.5873, 2.513, 1.6965, 0.4991, 6.0603, 0.8877, 7.4805, 0.8772],
      [197.7191, 24.2715, 23.5029, 22.4894, 129.166, 56.7328, 62.8768, 380.4014, 40.5341, 6.8705, 8.5882, 16.6606, 177.9292, 245.2825, 132.859, 229.6604, 306.9465, 382.4398, 24.0447, 58.9239, 371.6794, 24.0678, 469.2675, 725.0641, 283.3575, 488.6797, 1024.6847, 483.2167, 498.2987, 402.8889, 269.8558, 121.8454, 977.3116, 20.8712, 770.3439, 73.2434, 3.9107, 147.9961, 38.2028, 26.6008, 21.5222, 51.6669, 135.3767, 429.3468, 343.9144, 135.8899, 1061.5904, 229.2495, 1263.8384, 171.744],
      [7.1405, 1.4281, 1.0071, 1.285, 4.6058, 1.6193, 2.0285, 11.9847, 1.0353, 0.2048, 0, 0.7997, 5.8996, 3.9736, 5.0694, 5.7112, 6.6317, 10.2058, 0.4246, 1.9351, 10.044, 1.2701, 15.3776, 21.4608, 12.5075, 14.7404, 20.8748, 15.1491, 14.4383, 12.626, 7.1443, 1.711, 17.6126, 1.1288, 23.264, 1.996, 0, 2.2583, 1.7076, 0.3981, 1.5325, 1.1129, 1.7467, 12.9595, 6.594, 4.3529, 28.7562, 6.6941, 47.4026, 2.8844]
    ],
    [
      [0.5223, 0.0323, 0.1354, 0.2039, 0.4053, 0.0292, 0.2672, 0.4326, 0.2208, 0.0484, 0, 0.1968, 1.0822, 1.3161, 0, 0.4378, 1.0261, 0, 0.285, 0.0572, 2.0318, 0, 0.4565, 0.1041, 0.9041, 0, 0.7237, 1.5214, 0.5845, 1.0092, 0.0111, 0, 0.7077, 0.0373, 1.7557, 0.2438, 0, 0.23, 0, 0, 0, 0.1221, 0.1625, 0.4661, 0.4537, 0.1934, 1.3133, 0.4344, 2.1316, 0.5949],
      [121.0201, 10.1343, 23.8416, 22.0058, 164.8733, 64.3519, 74.125, 139.7778, 38.2692, 13.6432, 7.6226, 40.9819, 364.7811, 396.6142, 192.8908, 307.1656, 532.6365, 496.201, 21.1693, 37.8226, 527.7354, 16.543, 237.4738, 377.223, 270.5285, 387.0022, 495.612, 295.4014, 424.8697, 246.0335, 77.0502, 151.5507, 120.5525, 7.4169, 497.5371, 98.5444, 4.8012, 44.7182, 41.0834, 32.0572, 11.1245, 20.2921, 34.544, 299.1407, 347.1271, 98.9113, 905.3102, 141.5984, 836.8371, 165.2668],
      [41.9771, 3.0894, 5.7181, 7.7863, 43.2445, 13.0988, 19.6618, 43.376, 15.941, 0.8772, 0.3774, 4.79, 79.7277, 88.1783, 38.1088, 74.111, 130.2882, 131.2644, 9.1433, 17.6013, 167.9347, 3.8012, 78.1781, 137.9329, 67.2331, 131.4013, 164.3936, 125.3239, 113.1756, 92.6993, 29.2176, 73.4579, 73.9499, 1.9275, 151.4087, 19.9901, 0.1988, 20.0017, 8.4206, 13.1646, 1.7705, 6.4353, 12.4924, 129.262, 115.3985, 26.2774, 233.4202, 40.2889, 235.8597, 51.6501],
      [14.4805, 1.7441, 2.3049, 5.004, 14.4769, 3.5201, 5.946, 12.4136, 3.569, 0.4312, 0, 3.0313, 25.409, 12.8915, 14.0004, 17.2856, 26.0492, 32.5346, 1.4024, 7.5189, 42.298, 1.6558, 23.8916, 37.7401, 28.3343, 36.5965, 32.2706, 37.7533, 30.3701, 27.258, 6.7211, 9.9914, 12.79, 0.6183, 42.2984, 5.2217, 0, 3.0501, 3.4959, 1.7782, 1.105, 1.1506, 1.8011, 37.1312, 21.0207, 7.6179, 58.9563, 10.6783, 83.1716, 8.4881]
    ],
    [
      [0.8008, 0.0461, 0.1554, 0.1408, 0.5391, 0.5833, 0.2563, 1.1228, 0.0476, 0.2554, 0, 0.1625, 1.0899, 1.4923, 0.3997, 0.6206, 0.7077, 0.7944, 0, 0.1377, 1.3509, 0.3143, 1.0946, 0.9147, 0.714, 0.4741, 1.6633, 1.3312, 1.2687, 1.1731, 0.2397, 0.136, 1.9857, 0.0221, 2.6148, 0.7869, 0, 0.5362, 0, 0, 0.7347, 0.1228, 0.3283, 0.4162, 0.5704, 0.2407, 2.3025, 0.5196, 6.6614, 0.3674],
      [7.6462, 0.5868, 1.6431, 0.8396, 9.126, 3.7934, 3.7527, 15.2662, 0.7497, 1.1337, 0, 3.0216, 16.7107, 20.8646, 14.1544, 14.8634, 14.9267, 25.554, 0, 2.7311, 13.0835, 0.8136, 19.5739, 19.7491, 9.3243, 12.3536, 31.9643, 10.5884, 27.4858, 12.3043, 5.9298, 3.5145, 13.7886, 1.2123, 28.3532, 7.1662, 1.1096, 5.3539, 4.2083, 0.6694, 2.6398, 0.9299, 3.18, 6.785, 11.4098, 5.4812, 49.1461, 7.4882, 43.9148, 4.5962],
      [28.1478, 2.1061, 4.5827, 2.8577, 25.5438, 8.3778, 10.8199, 50.4896, 3.4951, 1.2508, 0, 4.694, 39.4741, 49.0874, 30.3799, 38.0984, 38.6937, 71.0977, 0, 13.1099, 43.9805, 1.9923, 68.2854, 76.3252, 24.5441, 44.2216, 111.8384, 47.7426, 77.5218, 49.242, 24.0657, 18.6944, 89.8051, 3.6699, 91.2587, 15.8163, 0.8904, 25.9279, 9.212, 2.9612, 4.5254, 3.3532, 12.5494, 31.274, 40.0926, 15.6965, 133.836, 22.7794, 129.0838, 15.2343],
      [10.4052, 1.261, 1.6188, 3.1619, 8.7911, 2.2454, 3.171, 15.1213, 0.7076, 0.36, 0, 2.1219, 12.7254, 9.5557, 11.066, 9.4177, 8.6718, 18.5539, 0, 7.0213, 11.5851, 0.8799, 22.0461, 22.011, 11.4176, 12.9507, 23.534, 15.3378, 21.7237, 15.2806, 5.7648, 2.6551, 16.4206, 1.0956, 26.7733, 4.2306, 0, 4.182, 3.5797, 0.3694, 3.1001, 0.5941, 1.9423, 9.5248, 7.9272, 4.5815, 35.7154, 6.2128, 49.34, 2.8022]
    ]
  ],
  "V_est": [
    [37.8273, 924.597, 87.2848, 103.2909],
    [807.9535, 396.3576, 180.5369, 48.152],
    [179.0907, 70.7496, 13593.4249, 382.7348],
    [22.8916, 10283.8145, 3095.0269, 819.2671],
    [38.2369, 521.4814, 1658.7266, 469.5551]
  ],
  "p_est": [
    [0.0328, 0.8019, 0.0757, 0.0896],
    [0.5638, 0.2766, 0.126, 0.0336],
    [0.0126, 0.005, 0.9555, 0.0269],
    [0.0016, 0.7231, 0.2176, 0.0576],
    [0.0142, 0.194, 0.6171, 0.1747]
  ],
  "EI_Z": {},
  "EI_V": 6.0869,
  "MAE_Z": {},
  "MAE_V": 205.2549,
  "MAE_p": 0.0848,
  "runtime": 0.056
}
