{
  "Z_true": {},
  "V_true": [
    [623, 21, 89, 137, 522, 23],
    [12, 782, 59, 752, 111, 48],
    [39, 298, 297, 7486, 172, 193],
    [542, 484, 855, 911, 14102, 600],
    [48, 116, 2007, 930, 455, 102],
    [28, 89, 67, 253, 226, 358]
  ],
  "p_true": [
    [0.4403, 0.0148, 0.0629, 0.0968, 0.3689, 0.0163],
    [0.0068, 0.4433, 0.0334, 0.4263, 0.0629, 0.0272],
    [0.0046, 0.0351, 0.035, 0.8823, 0.0203, 0.0227],
    [0.031, 0.0277, 0.0489, 0.0521, 0.8061, 0.0343],
    [0.0131, 0.0317, 0.5487, 0.2542, 0.1244, 0.0279],
    [0.0274, 0.0872, 0.0656, 0.2478, 0.2214, 0.3506]
  ],
  "Z_est": [
    [
      [18.4447, 4.7747, 0, 0.8634, 26.172, 2.9077, 6.3695, 7.5979, 16.7296, 7.7045, 0, 0, 0.497, 0, 0.7117, 0, 5.0313, 0, 0, 18.715, 0, 8.6626, 10.4086, 8.5882, 1.2962, 27.6036, 6.0367, 18.1778, 5.2496, 7.7266, 10.9868, 14.2301, 12.9134, 0.577, 4.5269, 17.6474, 6.9898, 10.1388, 23.5742, 18.7834, 132.1047, 8.45, 29.9708, 1.9275],
      [0.0219, 0.0075, 0, 0.0041, 0.0318, 0.0058, 0.0151, 0.0079, 0.0188, 0.0132, 0, 0, 0.0017, 0, 0.0015, 0.0403, 0.0087, 0, 0, 0.0282, 0, 0.0221, 0.0163, 0.0138, 0.0025, 0.0386, 0.013, 0.0173, 0.0111, 0.0232, 0.0213, 0.0256, 0.0121, 0.0023, 0.0026, 0.0362, 0.0126, 0.0115, 0.0267, 0.0337, 0.1027, 0.0147, 0.0452, 0.0054],
      [2.2768, 0.9508, 0, 0.2405, 4.7208, 0.8641, 1.4774, 1.279, 2.247, 1.3914, 0, 0, 0.1574, 0, 0.1227, 0.2026, 0.6574, 0, 0, 3.2612, 0, 3.0905, 3.1706, 2.398, 0.476, 5.0978, 1.6563, 6.2012, 1.4194, 3.6627, 2.9471, 3.9426, 1.7082, 0.151, 0.4091, 8.5056, 0.9872, 1.8045, 3.3355, 3.2881, 33.9675, 1.8682, 5.6878, 0.5271],
      [2.109, 0.5705, 0, 0.3765, 4.0217, 0.6956, 1.9615, 0.9565, 4.1613, 1.1337, 0, 0, 0.5808, 0, 0.2439, 0.2415, 0.8402, 0, 0, 3.403, 0, 3.3602, 1.5605, 1.5514, 0.2478, 5.7376, 1.3458, 4.8489, 1.3217, 3.4176, 3.3005, 3.7867, 2.2359, 0.0741, 0.3086, 6.7667, 1.5319, 3.0725, 3.5103, 5.1094, 28.3396, 2.0533, 5.2244, 0.4792],
      [16.7259, 5.5915, 0, 2.4376, 37.5696, 6.4156, 12.9961, 9.0681, 16.4171, 9.5239, 0, 0, 1.7383, 0, 0.9115, 0.4949, 5.3235, 0, 0, 20.277, 0, 14.548, 9.6808, 9.3329, 1.9386, 24.0595, 10.7869, 25.3539, 7.8892, 14.8103, 13.5086, 11.7884, 12.9694, 1.1791, 3.718, 33.4552, 7.2438, 9.769, 19.2247, 25.2977, 219.4282, 14.3678, 33.4112, 3.9927],
      [0.4219, 0.1052, 0, 0.0778, 0.4841, 0.1112, 0.1804, 0.0906, 0.4262, 0.2333, 0, 0, 0.0248, 0, 0.0086, 0.0207, 0.1389, 0, 0, 0.3155, 0, 0.3166, 0.1631, 0.1157, 0.0388, 0.4629, 0.1614, 0.4011, 0.1089, 0.3596, 0.2356, 0.2267, 0.161, 0.0165, 0.0348, 0.589, 0.2346, 0.2037, 0.3286, 0.4877, 3.0573, 0.246, 0.6606, 0.0682]
    ],
    [
      [2.0015, 0.9099, 0, 0.0584, 2.6048, 0.3339, 0.2272, 1.4341, 2.1729, 0.613, 0, 0, 0.0651, 0, 0.0648, 0, 0.378, 0, 0.1887, 1.5333, 0.146, 1.0223, 1.2245, 1.0688, 0.3955, 2.5583, 1.194, 2.5738, 1.3552, 0.6323, 1.239, 0.9352, 1.4791, 0, 0.8355, 1.8277, 0.6793, 1.3325, 2.3012, 1.3262, 11.2524, 2.0837, 4.3588, 0.8499],
      [21.5182, 14.5708, 0.8623, 3.1117, 35.6474, 7.2822, 5.3201, 16.3834, 24.9079, 9.1513, 0.9975, 0, 2.073, 0, 1.5797, 1.3642, 8.2709, 0, 0.3258, 27.8823, 1.2341, 28.9588, 21.8105, 16.5909, 8.2332, 34.1673, 27.1333, 33.9901, 32.7927, 29.1895, 29.051, 14.5076, 14.9879, 0, 5.7653, 39.1515, 14.3002, 15.3394, 26.4385, 23.131, 155.9918, 38.8635, 104.691, 26.9442],
      [2.4495, 1.8092, 0.0325, 0.1696, 4.6002, 0.9838, 0.5216, 2.3904, 2.8824, 1.1062, 0, 0, 0.2265, 0, 0.136, 0.0821, 0.5066, 0, 0.0864, 2.625, 0.2839, 3.6067, 3.7176, 2.9683, 1.483, 4.6905, 3.244, 8.5921, 3.6195, 3.0256, 3.2659, 2.5825, 1.9526, 0, 0.8138, 8.6801, 0.964, 2.3649, 3.2277, 2.279, 28.211, 4.5381, 8.0974, 2.3642],
      [7.1094, 3.4083, 0.0618, 0.8528, 12.3068, 2.4896, 2.1797, 5.6161, 16.7626, 2.8254, 0.0023, 0, 2.6938, 0, 0.8747, 0.4236, 2.0416, 0, 1.2227, 8.5842, 1.2151, 12.2884, 5.7547, 6.0356, 2.4281, 16.5685, 8.2646, 21.071, 10.567, 8.8565, 11.4616, 7.8155, 8.0172, 0, 1.9698, 21.6503, 4.704, 12.652, 10.6398, 11.121, 73.6633, 15.6459, 23.2708, 6.7513],
      [5.7104, 3.3565, 0.0351, 0.5429, 11.6106, 2.3123, 1.4525, 5.3662, 6.6803, 2.3881, 0.0002, 0, 0.7737, 0, 0.2975, 0.0753, 1.2868, 0, 0.0569, 5.1773, 0.0427, 5.3794, 3.5962, 3.65, 1.8874, 7.0179, 6.6744, 11.1519, 6.3536, 3.8934, 4.7465, 2.4474, 4.6818, 0, 2.3009, 10.8558, 2.2371, 4.0454, 5.8988, 5.5541, 57.884, 11.0443, 15.1451, 5.6385],
      [2.2111, 0.9451, 0.0083, 0.2646, 2.2302, 0.598, 0.2988, 0.8099, 2.594, 0.9161, 0, 0, 0.1678, 0, 0.0473, 0.0548, 0.5161, 0, 0.1195, 1.1979, 0.0782, 1.7444, 0.8965, 0.6864, 0.5729, 1.9975, 1.4897, 2.621, 1.312, 1.4026, 1.2361, 0.7118, 0.8815, 0, 0.3148, 2.8347, 1.1155, 1.2658, 1.4939, 1.5888, 11.9977, 2.8244, 4.4369, 1.4519]
    ],
    [
      [0, 0.0377, 0, 0, 0.0401, 0, 0.0009, 0.0147, 0.0259, 0.0602, 0, 0, 0, 0, 0, 0, 0.1834, 0, 0, 0.0359, 0, 0, 0.1478, 0.071, 0.0978, 0, 0.0088, 0.0699, 0.0955, 0, 0.1868, 0.0422, 0, 0.0008, 0.0005, 0, 0.1529, 0.1605, 0, 0.0472, 0.215, 0.0674, 0.2592, 0],
      [0.2694, 0.2812, 0.0061, 0.0031, 0.3118, 0.1252, 0.0466, 0.1106, 1.1009, 0.2849, 0, 0, 0, 0, 0.0877, 0, 0.471, 0, 0, 0.6328, 0, 0.6227, 0.9032, 0.3956, 0.447, 0.3318, 0.6562, 0.2833, 0.6147, 0, 0.6481, 0.3403, 0.36, 0.0124, 0.0279, 0.4107, 0.3954, 0.5418, 0.4058, 0.3233, 3.1178, 1.1028, 1.4641, 0.184],
      [0.9856, 1.1447, 0.0147, 0.0063, 1.3598, 0.5923, 0.1526, 0.5484, 2.9158, 1.0383, 0, 0, 0.0763, 0.6482, 0.2745, 0.2547, 1.0715, 0.1118, 0, 2.1905, 0.6574, 3.2055, 4.9934, 2.0092, 2.0746, 1.8234, 2.5197, 2.85, 2.6207, 3.1588, 3.6402, 1.4262, 1.7991, 0.0364, 0.1403, 3.6088, 0.9234, 2.4489, 3.7356, 0.9797, 30.055, 3.9812, 9.1588, 0.5766],
      [74.8018, 55.9765, 0.9503, 0.9153, 95.1056, 39.4796, 17.1149, 33.863, 512.9713, 68.2227, 9.9966, 8, 25.2913, 50.2194, 37.2657, 26.5333, 125.3047, 7.2715, 20.2409, 186.3392, 62.3674, 278.0945, 219.1925, 111.7857, 89.2041, 163.8492, 165.897, 188.6657, 197.4095, 254.7415, 324.847, 123.6551, 195.3477, 1.8174, 9.4016, 243.1928, 123.9967, 288.5924, 315.1787, 127.2299, 2012.8539, 367.9956, 673.1214, 43.5008],
      [0.128, 0.0473, 0.0012, 0.0005, 0.1075, 0.0434, 0.0098, 0.0382, 1.8098, 0.0625, 0.0034, 0, 0.1633, 0.8651, 0, 0.0436, 0.0705, 0.1414, 1.0357, 0.1356, 0, 0.3833, 0.5335, 0.0582, 0, 0.1579, 0.0884, 0.1979, 0.0721, 1.1217, 0.439, 0.2754, 0.278, 0.0005, 0.0165, 0.3634, 0.4339, 0.8587, 0.5355, 0.0628, 3.5808, 0.1604, 1.9346, 0.0367],
      [6.8152, 4.5126, 0.0277, 0.0748, 5.0752, 2.7595, 0.6752, 1.4251, 23.1764, 6.3314, 0, 0, 0.4691, 3.2673, 0.372, 1.1684, 8.8989, 0.4753, 0.7234, 7.666, 0.9751, 11.694, 10.2296, 3.6802, 6.1765, 5.8377, 8.8298, 6.9334, 7.1876, 11.9781, 10.2389, 3.2608, 6.2153, 0.1324, 0.4133, 9.4242, 8.0976, 8.3977, 13.1445, 5.3572, 97.1774, 19.6927, 38.0618, 2.7019]
    ],
    [
      [28.4832, 12.7022, 0, 1.0548, 32.5259, 8.5009, 8.2528, 20.29, 23.8662, 8.9756, 0, 0, 0.4126, 0, 1.1455, 0, 5.0909, 0, 1.7752, 39.7683, 1.7641, 13.2639, 11.3374, 11.7593, 3.7769, 26.3773, 11.0244, 27.1913, 12.258, 6.1663, 23.3429, 12.1999, 14.1471, 1.3791, 4.3903, 25.6908, 7.3684, 13.512, 35.445, 21.854, 140.9818, 14.2974, 54.025, 5.0638],
      [20.6018, 12.5913, 4.5687, 4.7455, 27.2958, 12.849, 13.0405, 14.261, 17.3076, 8.2648, 0.0025, 0, 1.7722, 0, 1.2031, 1.2979, 6.4319, 0, 0.664, 44.5767, 1.3983, 24.1159, 12.3623, 11.3386, 4.6019, 23.1114, 15.8846, 21.4505, 18.0636, 19.4566, 32.9885, 11.8314, 9.1329, 2.9276, 1.8834, 37.7927, 9.2443, 9.7219, 28.1987, 23.8034, 117.4236, 16.7632, 76.2917, 10.3816],
      [11.3854, 8.1259, 2.098, 1.3107, 17.3531, 8.8471, 6.0003, 10.6704, 9.5515, 5.0741, 0, 0, 0.9833, 1.9811, 0.539, 0.5532, 2.0162, 0.8021, 0.7368, 21.5064, 1.2912, 15.115, 10.322, 9.6676, 4.1458, 15.8876, 9.5295, 26.6178, 10.1637, 10.5752, 19.1503, 10.0722, 5.8676, 1.1482, 1.4467, 38.9945, 3.1289, 7.6694, 16.8244, 11.2006, 112.3229, 9.5617, 31.6065, 4.6691],
      [14.4457, 5.0527, 1.9021, 3.2051, 18.2106, 8.8036, 11.3594, 9.4155, 23.5676, 5.6934, 0.0011, 0, 3.397, 1.0874, 1.3873, 1.042, 3.7339, 0.3851, 1.8703, 29.8125, 1.9072, 20.9931, 6.7414, 8.818, 2.6375, 22.5857, 9.7667, 29.1211, 12.6593, 12.7942, 27.7312, 12.8666, 10.3579, 0.3557, 1.0994, 43.209, 6.8444, 15.7937, 23.3152, 22.8393, 121.7607, 14.1799, 38.4261, 5.2804],
      [419.6891, 226.3615, 32.7923, 69.665, 703.0804, 322.4902, 277.8843, 371.2666, 362.4521, 167.9503, 0.9963, 0, 49.6435, 4.0858, 19.3411, 9.1852, 84.5858, 3.8464, 3.8661, 665.4468, 2.8862, 353.107, 163.5927, 195.7922, 84.7491, 368.0633, 306.6075, 572.8817, 280.7339, 210.7748, 434.9638, 156.8796, 224.9496, 40.4401, 63.7287, 812.9545, 117.8056, 201.3758, 480.4526, 443.6636, 3596.1849, 373.8148, 921.1136, 174.191],
      [23.3948, 10.1665, 1.6389, 5.0189, 21.5342, 13.5092, 9.4627, 8.0965, 22.255, 9.0418, 0, 0, 1.7914, 1.8457, 0.3839, 0.9217, 5.1413, 0.9664, 1.0877, 24.8894, 0.753, 18.4051, 6.6442, 5.6243, 4.0888, 16.9747, 11.1874, 21.7377, 9.1216, 12.2329, 17.8232, 7.1503, 6.5449, 1.7493, 1.4516, 34.3583, 8.6084, 9.9272, 19.7641, 20.6391, 119.3261, 15.3831, 43.537, 7.414]
    ],
    [
      [0.8401, 0.4868, 0, 0.0212, 1.4134, 0.1768, 0.1271, 0.5657, 0.9884, 0.5732, 0, 0, 0.0218, 0, 0.074, 0, 0.2846, 0, 0.036, 0.74, 0.0473, 0.924, 0.7272, 0.4093, 0.3514, 1.3252, 0.6502, 0.829, 0.8176, 0.437, 1.0313, 0.5217, 1.2376, 0.0431, 0.2017, 0.6801, 0.7274, 0.6504, 2.4137, 0.9189, 8.9261, 0.8843, 2.7243, 0.1106],
      [0.3571, 0.3002, 0.0209, 0.0404, 0.7377, 0.1503, 0.1142, 0.2467, 0.442, 0.3317, 0, 0, 0.0383, 0, 0.0571, 0.0386, 0.2237, 0, 0.0102, 0.5132, 0.019, 1.0396, 0.4822, 0.2471, 0.2772, 0.7297, 0.5788, 0.394, 0.7301, 0.7791, 0.8722, 0.3265, 0.49, 0.0577, 0.052, 0.6068, 0.5562, 0.292, 1.1708, 0.62, 4.4217, 0.6394, 2.3108, 0.1331],
      [33.015, 30.8022, 1.6339, 2.2306, 78.1236, 17.1036, 9.5048, 30.0337, 41.4945, 32.5156, 0, 0, 3.4572, 6.0455, 4.8704, 3.7261, 12.4635, 0.9753, 1.1768, 40.0657, 4.0411, 106.9802, 69.6801, 36.0529, 38.8265, 79.8506, 56.5041, 86.2468, 68.2376, 77.3719, 84.3026, 45.6765, 52.7069, 4.6645, 6.894, 108.2904, 32.2309, 36.3078, 114.3767, 49.4548, 703.2404, 60.917, 158.3362, 9.9735],
      [11.7687, 7.052, 0.2747, 1.2611, 25.8074, 5.2515, 4.8091, 8.6198, 29.7531, 10.1349, 0, 1, 4.8452, 0.8351, 3.5391, 1.9982, 6.0203, 0.0203, 1.6661, 16.1561, 1.8232, 45.0317, 13.159, 8.9074, 7.6402, 34.8535, 17.6938, 26.0653, 24.5504, 27.8968, 36.5573, 16.8531, 26.6464, 0.7528, 1.9156, 33.3567, 19.2573, 23.9121, 46.6779, 29.7588, 228.3765, 25.8895, 56.4703, 3.4289],
      [3.4593, 2.5197, 0.0549, 0.284, 8.9048, 1.7755, 1.1619, 3.0055, 4.3429, 3.0977, 0, 0, 0.5071, 0.0336, 0.3882, 0.1207, 1.3615, 0.0032, 0.0414, 3.5535, 0.0207, 7.2568, 3.0402, 1.9561, 2.1191, 5.4189, 5.1911, 5.0635, 5.3625, 4.5991, 5.5531, 1.9734, 5.6783, 0.3803, 0.8061, 6.1759, 3.3618, 2.8122, 9.5155, 5.4125, 65.9999, 6.6534, 13.5108, 1.0393],
      [1.5598, 0.8391, 0.0156, 0.1628, 2.0131, 0.5424, 0.2828, 0.5286, 1.979, 1.3471, 0, 0, 0.1303, 0.0858, 0.0713, 0.1164, 0.6464, 0.0012, 0.0694, 0.9714, 0.0487, 2.7677, 0.9113, 0.4273, 0.7857, 1.822, 1.382, 1.4014, 1.3019, 1.9161, 1.6835, 0.6489, 1.2407, 0.1018, 0.1307, 1.8901, 1.8664, 1.0255, 2.8454, 1.8351, 16.0356, 2.0164, 4.6476, 0.3146]
    ],
    [
      [0.2306, 0.0887, 0, 0.0022, 0.2438, 0.0805, 0.0225, 0.0976, 0.217, 0.0735, 0, 0, 0.0035, 0, 0.004, 0, 0.0318, 0, 0, 0.2075, 0.0426, 0.1272, 0.1545, 0.1034, 0.0822, 0.1356, 0.0858, 0.1583, 0.2241, 0.0378, 0.2132, 0.0709, 0.2228, 0, 0.0452, 0.1541, 0.0821, 0.2057, 0.2659, 0.0702, 1.5201, 0.2172, 0.6619, 0.0482],
      [2.2316, 1.249, 0.5421, 0.0952, 2.9754, 1.5874, 0.4635, 0.9905, 2.2228, 0.9542, 0, 0, 0.1147, 0, 0.0708, 0.259, 0.5937, 0, 0, 3.3667, 0.3486, 3.241, 2.4255, 1.4139, 1.4382, 1.6211, 1.7341, 1.8649, 4.7878, 1.5515, 4.419, 0.9686, 2.0171, 0, 0.2688, 3.0021, 1.4913, 2.0934, 2.7594, 1.0887, 18.9425, 3.6164, 14.1971, 1.3518],
      [1.8878, 1.1672, 0.2209, 0.0423, 2.8425, 1.6092, 0.3432, 1.0781, 1.9088, 0.8744, 0, 0, 0.0993, 0.3252, 0.0574, 0.1814, 0.2849, 0.1108, 0, 2.3512, 0.7264, 3.0021, 3.1163, 1.904, 1.9941, 1.6501, 1.5464, 3.4921, 3.9393, 1.2058, 3.6938, 1.3001, 1.9655, 0, 0.2962, 4.9205, 0.7655, 2.4045, 2.5, 0.7979, 25.2033, 3.1338, 8.1132, 0.8895],
      [9.7654, 3.9401, 0.811, 0.3892, 13.5479, 7.2802, 2.5754, 4.5291, 19.7842, 3.99, 0, 0, 2.1919, 0.8581, 0.6892, 1.7615, 2.0594, 0.3231, 0, 13.705, 5.6871, 18.2321, 8.5917, 6.902, 5.8423, 10.4055, 7.0321, 15.2281, 20.4921, 6.2935, 23.1024, 7.023, 14.3949, 0, 1.305, 21.8245, 6.6657, 22.9773, 14.6781, 6.9417, 117.006, 19.2359, 41.487, 4.5595],
      [2.2873, 1.1235, 0.1165, 0.07, 3.7271, 1.963, 0.4954, 1.2554, 2.2977, 0.9776, 0, 0, 0.1741, 0.0155, 0.0617, 0.0802, 0.3718, 0.009, 0, 2.4099, 0.0503, 2.3255, 1.5565, 1.2107, 1.3058, 1.2825, 1.6518, 2.3512, 3.5888, 0.8007, 2.7889, 0.6358, 2.443, 0, 0.4298, 3.1951, 0.9179, 2.1389, 2.373, 1.0094, 26.9222, 3.9593, 7.8847, 1.1016],
      [9.5973, 3.4315, 0.3095, 0.4011, 7.6633, 5.4797, 1.1, 2.0493, 9.5695, 4.1303, 0, 0, 0.4165, 0.8012, 0.1169, 0.718, 1.6584, 0.557, 0, 5.9598, 1.145, 8.0721, 4.1554, 2.4661, 4.3373, 3.9052, 3.9498, 5.9054, 7.968, 3.1107, 7.7827, 2.0015, 4.9566, 0, 0.6549, 8.9037, 5.0775, 7.1802, 6.4236, 3.0922, 59.4059, 10.8374, 24.6561, 3.0494]
    ]
  ],
  "V_est": [
    [503.0898, 0.7171, 116.1511, 110.4801, 673.2445, 11.3174],
    [55.2568, 924.5118, 125.1804, 371.8673, 229.2492, 57.9345],
    [2.0221, 17.3201, 101.8089, 7977.8014, 16.2959, 369.7515],
    [691.4605, 731.6431, 496.5128, 616.4561, 14376.3356, 581.592],
    [33.9385, 21.4482, 2440.4018, 898.2872, 203.5157, 60.4087],
    [6.2323, 94.3597, 93.945, 494.1079, 89.3591, 242.996]
  ],
  "p_est": [
    [0.3555, 0.0005, 0.0821, 0.0781, 0.4758, 0.008],
    [0.0313, 0.5241, 0.071, 0.2108, 0.13, 0.0328],
    [0.0002, 0.002, 0.012, 0.9402, 0.0019, 0.0436],
    [0.0395, 0.0418, 0.0284, 0.0352, 0.8218, 0.0332],
    [0.0093, 0.0059, 0.6671, 0.2456, 0.0556, 0.0165],
    [0.0061, 0.0924, 0.092, 0.4839, 0.0875, 0.238]
  ],
  "EI_Z": {},
  "EI_V": 7.6997,
  "MAE_Z": {},
  "MAE_V": 144.7408,
  "MAE_p": 0.0469,
  "runtime": 0.031
}
