{
  "Z_true": {},
  "V_true": [
    [30, 56, 1152, 201],
    [1994, 2731, 399, 215],
    [1886, 9138, 378, 447],
    [433, 432, 12311, 648],
    [249, 823, 437, 533]
  ],
  "p_true": [
    [0.0208, 0.0389, 0.8006, 0.1397],
    [0.3735, 0.5115, 0.0747, 0.0403],
    [0.1592, 0.7712, 0.0319, 0.0377],
    [0.0313, 0.0312, 0.8906, 0.0469],
    [0.1219, 0.403, 0.214, 0.261]
  ],
  "Z_est": [
    [
      [0.4221, 0.2667, 0.2228, 0.1318, 0.4227, 0.0035, 0.0576, 0.0319, 0.0075, 0.0031, 0.0169, 0.3695, 0.2916, 0.1874, 0.0811, 0.2098, 0.3419, 0.3832, 0.0644, 0.3841, 0.1402, 0.025, 0.204, 0.052, 0.1035, 0.2092, 0.1428, 0.08, 0.096, 0.1152, 0.2751, 0.2353, 0.2529, 0.223, 0.0616, 0.0568, 0.3133, 0.085, 0.2869, 0.0022, 0.6965, 0.1178, 1.3345, 0.3451],
      [4.0163, 2.5208, 3.1113, 2.4058, 3.5342, 0.0346, 0.4734, 0.3962, 0.0349, 0.0681, 0.2086, 2.4434, 3.0115, 1.6977, 0.6436, 1.7493, 2.1694, 2.3863, 0.6045, 2.6234, 1.0198, 0.4725, 1.5995, 0.7633, 0.7379, 1.7813, 1.501, 0.7755, 0.7934, 0.871, 1.416, 0.9499, 1.2225, 1.0572, 0.3538, 0.3769, 1.2513, 0.6984, 2.7112, 0.0467, 5.6695, 1.0235, 8.1889, 2.7241],
      [80.2312, 58.5288, 36.9542, 28.9208, 62.3763, 0.9474, 9.3518, 7.4639, 0.944, 1.92, 3.7206, 40.8167, 30.2564, 27.864, 11.1434, 29.7975, 16.2782, 88.7276, 14.2038, 48.6202, 8.5571, 9.4734, 12.9065, 12.9583, 19.8951, 49.6688, 39.084, 23.9027, 15.8849, 32.8376, 27.0805, 18.5901, 28.2687, 29.5264, 5.5261, 4.5131, 12.2877, 16.0155, 53.4752, 0.9311, 113.6951, 16.6022, 152.0476, 39.5443],
      [1.3304, 0.6837, 0.7117, 0.5415, 0.6668, 0.0144, 0.1172, 0.1081, 0.0135, 0.0088, 0.054, 0.3705, 0.4405, 0.2509, 0.1319, 0.2434, 0.2104, 0.5028, 0.1273, 0.3723, 0.283, 0.0291, 0.29, 0.2264, 0.2634, 0.3407, 0.2722, 0.2418, 0.2258, 0.1761, 0.2283, 0.2246, 0.2559, 0.1933, 0.0585, 0.0532, 0.1476, 0.2012, 0.5267, 0.02, 0.9389, 0.2564, 2.429, 0.3864]
    ],
    [
      [129.9964, 37.5077, 59.0505, 22.9794, 101.2065, 5.9598, 16.9921, 8.2728, 5.26, 2.0365, 12.3599, 168.5034, 95.6288, 40.5641, 30.3962, 98.3081, 33.102, 72.8446, 9.2163, 46.315, 43.8869, 1.5808, 29.6247, 26.6937, 13.381, 84.9635, 39.8842, 19.4902, 24.3037, 18.5647, 98.9469, 50.9355, 76.6904, 138.5395, 36.4347, 27.9176, 30.8221, 38.7019, 89.145, 1.9979, 217.0138, 33.5634, 357.4339, 124.6003],
      [150.2681, 42.6822, 94.1159, 43.4066, 104.2393, 6.9424, 17.066, 11.4686, 2.4155, 4.5672, 17.7504, 137.1345, 121.8767, 45.3922, 29.6384, 101.5371, 25.8392, 57.3692, 10.4831, 38.8788, 39.383, 3.1521, 28.7338, 42.5661, 11.7693, 89.1016, 49.4349, 22.6379, 24.7025, 18.1459, 60.8437, 23.3075, 42.8024, 78.1971, 25.3861, 22.6102, 14.4246, 39.0537, 102.4841, 4.4117, 218.2649, 35.7656, 270.0044, 121.6163],
      [13.0668, 4.1864, 4.8629, 2.2465, 7.7781, 0.7099, 1.3405, 0.8158, 0.0327, 0.3188, 1.1959, 9.744, 5.0423, 3.1213, 2.0637, 7.3736, 0.8192, 9.0748, 0.9967, 3.0484, 1.5784, 0.2332, 0.9043, 3.0368, 1.2786, 10.5879, 5.4326, 2.8941, 2.0111, 2.7748, 4.958, 1.908, 4.1991, 9.493, 1.5672, 1.0242, 0.5883, 3.6555, 8.5592, 0.337, 18.7876, 2.4199, 21.7262, 7.5035],
      [6.6688, 1.6237, 2.9707, 1.3675, 2.7761, 0.3879, 0.6014, 0.4428, 0.2918, 0.0774, 0.6938, 2.618, 2.4522, 0.9224, 0.9017, 1.7812, 0.2396, 1.7113, 0.3039, 0.7578, 1.1517, 0.0339, 0.7371, 1.7034, 0.571, 2.347, 1.2483, 0.9778, 0.9827, 0.5145, 1.2514, 0.849, 1.3081, 1.7704, 0.612, 0.4481, 0.165, 1.5889, 2.8117, 0.2535, 4.9337, 1.2511, 10.8355, 2.2798]
    ],
    [
      [40.4366, 20.9951, 20.3009, 8.5519, 39.1938, 2.9933, 7.3138, 2.6358, 0.5306, 0.2401, 2.6323, 52.3056, 38.1135, 23.7129, 12.9955, 31.5464, 17.8447, 33.2225, 7.8634, 15.6747, 14.4509, 0.8698, 13.1846, 5.9131, 4.2373, 31.0029, 11.8538, 7.4299, 9.2046, 6.2306, 34.4015, 25.297, 24.4043, 43.5543, 10.9167, 8.3338, 17.0985, 9.4994, 36.8014, 0.0998, 77.7213, 14.2347, 150.2447, 37.5714],
      [487.9494, 250.6306, 369.4175, 225.9548, 419.5984, 37.698, 77.4267, 40.3864, 3.0588, 6.271, 42.294, 442.4775, 502.7228, 275.2164, 132.3109, 336.559, 144.4408, 271.7286, 94.6407, 137.5002, 132.9251, 19.5817, 131.1394, 113.8928, 39.6787, 338.0683, 154.8688, 91.0635, 97.9425, 64.0599, 224.6003, 127.0922, 145.4065, 260.1079, 80.6831, 70.791, 87.8597, 100.3094, 443.3995, 45.1132, 810.0391, 158.505, 1178.0437, 379.4374],
      [29.1462, 16.5893, 13.5383, 8.3934, 21.1265, 2.5761, 4.0417, 1.8994, 0.092, 0.2897, 1.9064, 21.2873, 13.5599, 12.8562, 6.1882, 16.6254, 3.1745, 29.5388, 6.04, 7.3031, 3.9019, 0.9985, 2.6503, 5.5751, 2.9054, 27.3531, 11.5766, 7.881, 5.3614, 6.6963, 12.4116, 7.0476, 9.6456, 21.3737, 3.3499, 2.1303, 2.4343, 6.3254, 25.0271, 2.4688, 47.3999, 7.2608, 64.8029, 15.8511],
      [61.4678, 25.785, 31.7433, 19.0998, 30.0813, 5.7325, 7.2178, 4.0784, 0.3185, 0.1991, 4.1673, 24.9296, 27.6037, 15.2146, 10.5054, 17.2692, 4.54, 22.51, 7.4558, 7.522, 12.7221, 0.55, 9.0257, 12.619, 5.1787, 24.5757, 10.7008, 10.6256, 10.4915, 5.0131, 13.5865, 11.5632, 11.5435, 17.9641, 5.0503, 3.7449, 3.6076, 10.8658, 32.7719, 6.3182, 50.8398, 14.9996, 131.9087, 20.14]
    ],
    [
      [2.4181, 1.1412, 0.0168, 0, 2.481, 0.1399, 0.5253, 0.0124, 0, 0, 0, 2.4421, 1.5669, 0.8436, 0.3207, 1.9589, 1.8456, 2.8982, 0.3517, 2.2343, 1.1584, 0.0216, 0.7934, 0, 0.7226, 1.5543, 0.4096, 0.395, 0.5097, 0.5222, 1.028, 0.1832, 0.4929, 0.7458, 0.6697, 0.6781, 0.9701, 0.5962, 1.5227, 0, 5.2767, 1.042, 9.0063, 3.5283],
      [38.1457, 18.7907, 22.8696, 19.0443, 27.2193, 1.7705, 4.922, 2.3818, 0.2111, 0.3001, 2.2701, 22.0544, 21.108, 9.6501, 3.2157, 19.4064, 14.4883, 16.9313, 4.6268, 19.2391, 9.799, 2.2723, 7.3789, 6.5173, 5.1732, 17.173, 10.3105, 7.5059, 5.2409, 3.5648, 11.4095, 6.892, 6.4867, 8.184, 6.2416, 5.5634, 11.3704, 6.1766, 23.011, 2.163, 54.7879, 11.9727, 75.4997, 33.513],
      [783.1141, 483.2365, 295.3388, 258.6828, 544.6315, 52.6907, 115.1502, 50.4131, 9.9146, 13.3958, 45.7787, 405.4033, 236.8143, 177.8075, 64.222, 366.6236, 119.4794, 822.4869, 127.0557, 394.3376, 91.7256, 48.1447, 67.4055, 117.9412, 165.6852, 539.2449, 299.634, 265.6482, 119.0677, 177.0219, 231.5206, 139.6259, 163.7292, 243.5492, 107.2014, 74.0488, 110.4192, 161.5396, 510.1501, 40.6001, 1227.4986, 219.6776, 1542.3767, 543.2404],
      [51.3222, 23.8316, 23.7748, 20.2728, 24.6681, 3.3989, 6.4025, 3.1928, 0.8743, 0.3041, 2.9512, 15.1002, 14.5109, 6.6988, 3.2416, 12.0111, 6.1867, 17.6836, 4.9659, 12.1891, 12.317, 0.5614, 6.4222, 8.5415, 9.419, 15.0277, 8.6459, 11.451, 7.1817, 3.8912, 8.0419, 7.2989, 6.2912, 6.521, 4.8874, 3.7097, 5.2403, 8.6876, 21.3162, 3.2369, 41.4368, 14.3077, 101.1173, 21.7183]
    ],
    [
      [35.7268, 19.0894, 23.409, 11.3368, 39.6959, 0.9035, 2.1112, 6.0472, 1.2018, 0.7203, 5.9909, 44.3793, 36.3991, 25.692, 8.2065, 30.9768, 14.8657, 25.6515, 9.5042, 15.3919, 10.3636, 1.5028, 6.1933, 6.3413, 3.5556, 25.27, 13.7096, 6.6049, 11.8861, 6.5673, 30.3485, 32.349, 31.1595, 65.9373, 11.9174, 11.0137, 20.7959, 7.1175, 27.244, 4.9001, 78.2917, 21.0422, 121.9806, 20.9549],
      [21.6206, 11.3756, 19.4857, 11.1884, 21.4088, 0.5544, 1.1118, 4.3671, 0.2796, 0.7935, 4.477, 18.8901, 24.281, 15.0436, 4.1915, 16.7482, 6.0623, 10.5845, 5.6449, 6.7585, 4.8731, 1.5215, 3.1484, 5.2605, 1.6408, 13.8757, 8.8847, 4.0172, 6.3207, 3.3584, 9.7304, 7.7583, 9.0819, 19.4539, 4.3354, 4.6586, 5.094, 3.7619, 16.3942, 6.2655, 41.2386, 11.7331, 48.2633, 10.7091],
      [2.4417, 1.459, 1.3058, 0.7564, 2.0875, 0.0759, 0.1159, 0.4078, 0.0167, 0.0756, 0.3984, 1.7487, 1.3272, 1.3511, 0.3827, 1.5798, 0.2487, 2.1719, 0.7038, 0.6908, 0.2371, 0.1502, 0.1333, 0.4885, 0.2356, 2.1453, 1.2728, 0.6741, 0.6749, 0.6693, 1.0292, 0.8284, 1.1574, 3.0576, 0.3554, 0.2836, 0.2705, 0.464, 1.7884, 0.6631, 4.6188, 1.0395, 5.0466, 0.8606],
      [46.2108, 19.076, 27.7995, 15.7184, 24.8078, 1.4662, 1.661, 7.1779, 0.5019, 0.4106, 7.1338, 17.9818, 21.9927, 13.9134, 5.2193, 14.6952, 3.8232, 14.5921, 7.1472, 6.1588, 8.5262, 0.8255, 3.525, 9.9097, 3.5679, 16.7089, 10.1329, 7.7039, 11.1183, 4.405, 9.8918, 11.0643, 11.6012, 22.5511, 4.3919, 4.0441, 3.8395, 6.6566, 19.5734, 16.1714, 42.8509, 18.1852, 89.7095, 9.4754]
    ]
  ],
  "V_est": [
    [9.3537, 72.1386, 1342.3389, 15.1688],
    [2621.6163, 2451.8709, 195.2972, 70.2157],
    [973.6602, 9592.8914, 518.6011, 763.8472],
    [53.0234, 606.8525, 12573.2732, 590.8509],
    [934.3464, 456.2466, 47.4896, 603.9174]
  ],
  "p_est": [
    [0.0065, 0.0501, 0.9328, 0.0105],
    [0.491, 0.4592, 0.0366, 0.0132],
    [0.0822, 0.8096, 0.0438, 0.0645],
    [0.0038, 0.0439, 0.9095, 0.0427],
    [0.4576, 0.2234, 0.0233, 0.2957]
  ],
  "EI_Z": {},
  "EI_V": 8.523,
  "MAE_Z": {},
  "MAE_V": 293.9823,
  "MAE_p": 0.074,
  "runtime": 0.052
}
