{
  "X": [
    [4, 23, 42, 14, 5],
    [3, 10, 15, 22, 4],
    [7, 15, 35, 32, 2],
    [26, 71, 83, 78, 16],
    [28, 97, 226, 132, 24],
    [10, 10, 34, 30, 5],
    [58, 59, 236, 254, 29],
    [80, 43, 236, 235, 30],
    [40, 35, 164, 154, 37],
    [97, 70, 287, 285, 34],
    [147, 112, 425, 525, 69],
    [111, 88, 349, 370, 67],
    [6, 38, 62, 29, 9],
    [2, 1, 6, 7, 0],
    [19, 23, 74, 60, 8],
    [0, 3, 7, 3, 2],
    [54, 133, 314, 192, 30],
    [49, 99, 255, 144, 35],
    [29, 38, 162, 93, 16],
    [103, 139, 435, 370, 44],
    [70, 171, 420, 214, 49],
    [38, 46, 171, 144, 21],
    [39, 123, 259, 139, 44],
    [364, 316, 1136, 1380, 160],
    [8, 1, 23, 8, 3],
    [9, 4, 32, 48, 2],
    [269, 268, 719, 807, 101],
    [195, 110, 373, 542, 47],
    [3, 9, 20, 25, 3],
    [9, 7, 15, 36, 1],
    [92, 40, 186, 392, 36],
    [82, 43, 158, 309, 37],
    [77, 55, 218, 350, 27],
    [70, 46, 167, 305, 20],
    [165, 64, 354, 773, 50],
    [178, 89, 367, 573, 48],
    [53, 25, 91, 198, 6],
    [11, 9, 42, 23, 3],
    [8, 11, 34, 36, 0],
    [1, 2, 5, 8, 1],
    [19, 15, 78, 58, 18],
    [0, 5, 5, 3, 2],
    [1, 5, 6, 8, 2],
    [9, 11, 46, 25, 7],
    [1, 0, 3, 2, 0],
    [29, 33, 124, 120, 23],
    [26, 17, 65, 72, 11],
    [50, 30, 178, 216, 33],
    [5, 2, 25, 22, 4],
    [34, 28, 133, 175, 21],
    [49, 31, 109, 154, 35],
    [5, 8, 22, 17, 4],
    [33, 18, 82, 143, 17],
    [0, 3, 4, 2, 1],
    [4, 3, 10, 5, 2],
    [14, 1, 15, 20, 3],
    [25, 29, 78, 92, 18],
    [29, 22, 89, 81, 19],
    [11, 15, 77, 60, 15],
    [4, 31, 80, 41, 22],
    [0, 1, 3, 1, 1],
    [28, 23, 74, 91, 13],
    [10, 8, 33, 43, 11],
    [47, 87, 170, 173, 29],
    [26, 36, 95, 63, 23],
    [60, 29, 188, 152, 30],
    [1, 0, 3, 1, 1],
    [2, 1, 6, 4, 0],
    [70, 60, 133, 194, 44],
    [110, 50, 223, 358, 47],
    [1, 0, 4, 3, 2],
    [34, 18, 77, 148, 17],
    [22, 15, 98, 135, 14],
    [50, 22, 119, 257, 23],
    [31, 11, 55, 97, 10],
    [41, 19, 85, 219, 28],
    [85, 30, 163, 372, 28],
    [11, 5, 26, 22, 5],
    [1, 0, 3, 3, 1],
    [2, 3, 3, 14, 2],
    [155, 483, 1068, 522, 124],
    [371, 585, 1764, 1312, 277],
    [200, 223, 897, 730, 174],
    [5, 1, 3, 5, 1]
  ],
  "W": [
    [20, 13, 29, 21, 5],
    [5, 4, 12, 30, 3],
    [9, 7, 27, 43, 5],
    [30, 46, 61, 118, 19],
    [51, 68, 191, 172, 25],
    [7, 12, 24, 41, 5],
    [39, 93, 168, 310, 26],
    [39, 87, 124, 325, 49],
    [26, 69, 117, 190, 28],
    [39, 111, 185, 406, 32],
    [67, 152, 296, 709, 54],
    [49, 146, 240, 498, 52],
    [21, 29, 50, 33, 11],
    [0, 3, 4, 8, 1],
    [12, 16, 56, 96, 4],
    [2, 2, 7, 3, 1],
    [92, 109, 241, 236, 45],
    [64, 72, 222, 199, 25],
    [34, 37, 124, 129, 14],
    [93, 141, 322, 483, 52],
    [84, 110, 376, 297, 57],
    [17, 61, 133, 187, 22],
    [67, 93, 210, 196, 38],
    [248, 540, 749, 1610, 209],
    [2, 5, 14, 18, 4],
    [4, 14, 19, 56, 2],
    [174, 327, 541, 1021, 101],
    [67, 177, 280, 690, 53],
    [11, 10, 9, 27, 3],
    [8, 15, 10, 33, 2],
    [26, 111, 142, 444, 23],
    [27, 94, 102, 372, 34],
    [29, 160, 154, 351, 33],
    [27, 100, 110, 356, 15],
    [48, 228, 222, 863, 45],
    [50, 166, 233, 756, 50],
    [10, 60, 55, 237, 11],
    [6, 10, 25, 39, 8],
    [8, 13, 17, 44, 7],
    [1, 4, 2, 7, 3],
    [8, 35, 53, 71, 21],
    [4, 2, 5, 4, 0],
    [4, 3, 3, 11, 1],
    [4, 19, 35, 38, 2],
    [0, 1, 1, 3, 1],
    [29, 41, 73, 166, 20],
    [15, 26, 36, 100, 14],
    [21, 68, 106, 285, 27],
    [4, 15, 8, 24, 7],
    [17, 59, 78, 220, 17],
    [19, 53, 74, 208, 24],
    [9, 9, 12, 24, 2],
    [12, 53, 45, 167, 16],
    [1, 0, 5, 4, 0],
    [4, 4, 5, 9, 2],
    [1, 9, 6, 33, 4],
    [19, 35, 56, 121, 11],
    [19, 30, 45, 133, 13],
    [10, 27, 49, 84, 8],
    [26, 30, 58, 52, 12],
    [1, 1, 2, 1, 1],
    [12, 30, 44, 129, 14],
    [6, 14, 21, 58, 6],
    [42, 57, 130, 243, 34],
    [26, 34, 70, 99, 14],
    [38, 75, 105, 210, 31],
    [0, 0, 1, 4, 1],
    [2, 2, 3, 6, 0],
    [34, 85, 84, 270, 28],
    [34, 107, 118, 490, 39],
    [2, 1, 1, 6, 0],
    [10, 41, 34, 195, 14],
    [13, 59, 55, 148, 9],
    [15, 74, 73, 289, 20],
    [7, 30, 23, 134, 10],
    [14, 74, 43, 240, 21],
    [18, 109, 76, 450, 25],
    [2, 12, 14, 38, 3],
    [1, 2, 1, 4, 0],
    [1, 1, 3, 18, 1],
    [335, 430, 785, 704, 98],
    [453, 720, 1323, 1523, 290],
    [195, 403, 608, 822, 196],
    [1, 2, 3, 8, 1]
  ],
  "method": "mvn_cdf",
  "mvncdf_method": "genz",
  "mvncdf_samples": 5000,
  "mvncdf_error": 0.001,
  "cond_prob": [
    [
      [0.0026452618832, 0.67017772025, 0.29851814437, 0.00062058339615, 0.028038290091],
      [0.027977676542, 0.13452882751, 0.50805984737, 0.23054862257, 0.098885026002],
      [0.0044591321939, 0.25365562853, 0.72536773608, 0.0010123657369, 0.015505137458],
      [0.15186861908, 0.016909550762, 0.26272509822, 0.51906016464, 0.049436567302],
      [0.052965826607, 0.027291408742, 0.57439353758, 0.012166834961, 0.33318239211]
    ],
    [
      [0, 0.8138781276, 0.1607049157, 0, 0.025416956697],
      [0.021006869551, 0.17335616922, 0.32336326211, 0.36000188946, 0.12227180966],
      [0, 0.4124312644, 0.57042142543, 0, 0.017147310168],
      [0.09242650102, 0.0058895876406, 0.16230173941, 0.68331856852, 0.056063603411],
      [0.047725830399, 0.037107294373, 0.39630436182, 0.020145128893, 0.49871738452]
    ],
    [
      [0, 0.6950590152, 0.29200227778, 0, 0.01293870702],
      [0.035181973767, 0.10995561871, 0.3936619621, 0.41559847033, 0.045601975093],
      [0.0004381192642, 0.26969292231, 0.72825537622, 0, 0.0016135822088],
      [0.14550164121, 0.012450707053, 0.15931496367, 0.67308699532, 0.0096456927523],
      [0.097065278331, 0.03153804534, 0.62058143388, 0.029613981811, 0.22120126064]
    ],
    [
      [0.0020339932897, 0.86187669578, 0.11858777865, 0.005509293222, 0.011992239063],
      [0.033990856963, 0.30416189071, 0.34661625668, 0.2378243497, 0.077406645942],
      [0.045868026761, 0.48682234789, 0.44617062351, 0.01130626895, 0.0098327328876],
      [0.1697607958, 0, 0.22794448411, 0.55794022285, 0.044354497232],
      [0.081351433879, 0.076636259617, 0.49390324597, 0.019377495526, 0.32873156501]
    ],
    [
      [0, 0.681708213, 0.29099944729, 0.001376111628, 0.025916228074],
      [0.030645040816, 0.12099082103, 0.41937003727, 0.34126649003, 0.087727610857],
      [0, 0.26838978186, 0.71482987272, 0.0053538056684, 0.011426539744],
      [0.14018133022, 0.011815221022, 0.18912469892, 0.62305903394, 0.035819715898],
      [0.072197937036, 0.028433558202, 0.54319647, 0.021398650584, 0.33477338417]
    ],
    [
      [0, 0.58306335714, 0.37755472385, 0, 0.039381919018],
      [0.055413164131, 0.06843385556, 0.3713351467, 0.41149350128, 0.093324332324],
      [0, 0.19042297261, 0.79369242272, 0, 0.015884604666],
      [0.21257150578, 0.010899677554, 0.13367810015, 0.60845140861, 0.034399307914],
      [0.1239220587, 0.01606242219, 0.47433498426, 0.023114046345, 0.3625664885]
    ],
    [
      [0, 0.55160318023, 0.40730831033, 0, 0.041088509439],
      [0.044657339887, 0.058730589819, 0.34851954462, 0.46496029574, 0.083132229932],
      [0.0015633685883, 0.17834951363, 0.80664986597, 0, 0.013437251813],
      [0.16335714706, 0.0053778248673, 0.12696129828, 0.67726473412, 0.027038995665],
      [0.11321176454, 0.01521873534, 0.4933645499, 0.031024035319, 0.3471809149]
    ],
    [
      [0.00019293380094, 0.49146759095, 0.47322685939, 0.00018588708605, 0.034926728768],
      [0.055957148312, 0.052784163083, 0.41265470623, 0.40669610339, 0.071907878991],
      [0.0024192755527, 0.1423702828, 0.84461479415, 0.00087799113546, 0.0097176563573],
      [0.21031334191, 0.0029806609555, 0.15409471836, 0.60997829424, 0.022632984532],
      [0.13208933449, 0.01261044666, 0.54755459387, 0.025681079169, 0.28206454581]
    ],
    [
      [0.00022901190048, 0.49615737389, 0.42284187495, 0.00021505725194, 0.080556682006],
      [0.047131319968, 0.04684310325, 0.32807478958, 0.43103742285, 0.14691336435],
      [0.0028069421862, 0.15496053996, 0.81918071017, 0.0013332310631, 0.021718576617],
      [0.1777006563, 0.0024733215915, 0.12710082773, 0.64971865879, 0.043006535591],
      [0.094658845705, 0.0095507098743, 0.37055894327, 0.023224754687, 0.50200674646]
    ],
    [
      [0.00010813299232, 0.57477262146, 0.39149212499, 5.4710475461e-05, 0.033572410076],
      [0.054625398894, 0.074562787543, 0.40587719848, 0.38261734182, 0.082317273269],
      [0.0021436609917, 0.19124471702, 0.7949149175, 0.00051538788541, 0.011181316607],
      [0.2131310951, 0.0082899352667, 0.15493436278, 0.59528817372, 0.028356433138],
      [0.12514255137, 0.017544124338, 0.52240084588, 0.02328112691, 0.3116313515]
    ],
    [
      [1.4748858638e-05, 0.57413143146, 0.37789939356, 0, 0.047954426121],
      [0.050214100769, 0.065712374315, 0.34535050373, 0.43528512194, 0.10343789924],
      [0.0021253985515, 0.19588055855, 0.78573798458, 5.3390242727e-05, 0.016202668077],
      [0.18683860799, 0.0066613134089, 0.1275806063, 0.64511040767, 0.033809064634],
      [0.11608847177, 0.015581419618, 0.44730316222, 0.026621831789, 0.39440511461]
    ],
    [
      [0.0001167741112, 0.56596190826, 0.37865086835, 0, 0.055270449274],
      [0.050855759062, 0.066432508499, 0.35514224203, 0.40531122324, 0.12225826718],
      [0.0022973550038, 0.19279475765, 0.78677016646, 0.00029694747612, 0.017840773415],
      [0.19558684146, 0.0071157106606, 0.13606440487, 0.62161705986, 0.03961598314],
      [0.10799471146, 0.014506817502, 0.42327743343, 0.02284611926, 0.43137491835]
    ],
    [
      [0, 0.75324748502, 0.22333847512, 0.0017596203378, 0.021654419526],
      [0.026776047123, 0.16277175446, 0.41929662816, 0.29935794227, 0.091797627993],
      [0, 0.33440435712, 0.64744308961, 0.0043470882862, 0.013805464992],
      [0.13737524792, 0.01028971837, 0.20913075434, 0.60175088345, 0.041453395918],
      [0.062737404721, 0.036513033937, 0.53425640296, 0.018775825358, 0.34771733303]
    ],
    [
      [5.0079764132e-05, 0.58179741151, 0.40588386672, 3.7445035362e-06, 0.012264897509],
      [0.063598933723, 0.061497847046, 0.34908471073, 0.5258185085, 0],
      [0, 0.13590633579, 0.86409366421, 0, 0],
      [0.19199166267, 0.031957397182, 0.10234881288, 0.67370212727, 0],
      [0.27326989749, 0.01622193823, 0.67758070792, 0.032927456364, 0]
    ],
    [
      [0.00053770854458, 0.62773643918, 0.34025629771, 0.00014278891605, 0.031326765654],
      [0.040442656631, 0.10029860958, 0.4468453678, 0.31443428122, 0.097979084767],
      [0.0035432566078, 0.22482334715, 0.75793417707, 0.00084657262909, 0.01285264655],
      [0.18555163684, 0.012353726128, 0.18967526278, 0.5713553682, 0.041064006059],
      [0.08377137124, 0.02157995701, 0.52856485003, 0.01745365486, 0.34863016686]
    ],
    [
      [0, 0.63293535721, 0.28649459199, 0, 0.080570050803],
      [0, 0.067405391828, 0.27769987064, 0.44445732267, 0.21043741486],
      [0, 0.16873679577, 0.76949518951, 0, 0.06176801472],
      [0, 0.13307785399, 0.096338338056, 0.70188633553, 0.068697472421],
      [0, 0.01892736959, 0.19612973398, 0.0054263480637, 0.77951654836]
    ],
    [
      [0.0004248902766, 0.65136419275, 0.32398900545, 0.00034560857006, 0.023876302952],
      [0.045841352279, 0.098755379116, 0.3944215465, 0.3911672653, 0.069814456797],
      [0.0025276712528, 0.24441447045, 0.74454038367, 0.0011631551662, 0.007354319463],
      [0.18338911744, 0.009660142079, 0.15728899167, 0.62665397146, 0.023007777348],
      [0.11278227129, 0.025032822983, 0.54770285404, 0.025784765175, 0.28869728651]
    ],
    [
      [0.00013442341825, 0.61977313076, 0.33282050065, 0, 0.04727194517],
      [0.052270886684, 0.086118695616, 0.37040798277, 0.36626111741, 0.12494131752],
      [0.0024191338192, 0.22908168408, 0.75192664784, 0, 0.016572534264],
      [0.21110955397, 0.0091643433426, 0.14787961156, 0.58860451269, 0.043241978432],
      [0.10720176448, 0.018165414226, 0.42697418713, 0.019876060828, 0.42778257333]
    ],
    [
      [8.9372293291e-05, 0.50105499488, 0.45471406648, 0, 0.044141566347],
      [0.04975673479, 0.055715130365, 0.41148465902, 0.38861261391, 0.094430861913],
      [0.0021467002551, 0.14765162074, 0.83560959249, 0, 0.01459208652],
      [0.19660302583, 0.0032461319896, 0.15943409894, 0.60702653821, 0.033690205026],
      [0.10914149934, 0.012508453723, 0.50944293748, 0.022493561117, 0.34641354833]
    ],
    [
      [0.00016405604482, 0.60060059893, 0.36858755498, 3.5311490773e-05, 0.030612478554],
      [0.048437465088, 0.077465346721, 0.37893442206, 0.42070071246, 0.074462053669],
      [0.0021584980313, 0.20858245951, 0.77894409176, 0.00042226737522, 0.009892683322],
      [0.18472996682, 0.0083480792713, 0.14299770827, 0.63996605879, 0.023958186846],
      [0.11991249748, 0.019728003114, 0.52699448529, 0.02766036698, 0.30570464713]
    ],
    [
      [0.00031480127947, 0.66930310308, 0.29952337701, 0.00019065988477, 0.030668058752],
      [0.045908515888, 0.11130891825, 0.4013327155, 0.34465802252, 0.096791827844],
      [0.002702630709, 0.26118613423, 0.72246237363, 0.0010671855037, 0.012581675934],
      [0.195720013, 0.0097750188652, 0.1703785993, 0.58757367717, 0.036552691666],
      [0.10137871822, 0.025006864246, 0.49903756404, 0.020367688124, 0.35420916537]
    ],
    [
      [6.2915022694e-06, 0.60851152094, 0.35706788407, 0, 0.034414303488],
      [0.044235891854, 0.081334203008, 0.38350862188, 0.40314772242, 0.087773560843],
      [0.001546543137, 0.2145589926, 0.77119212269, 0, 0.012702341564],
      [0.17543208706, 0.00921999194, 0.14861681483, 0.63560007732, 0.031131028843],
      [0.10409150561, 0.019701511422, 0.50799651566, 0.025035203326, 0.34317526398]
    ],
    [
      [0.00040067963423, 0.69835711893, 0.26535651371, 0.0014586178204, 0.03442706991],
      [0.034278894258, 0.1335727005, 0.41632887584, 0.28759768748, 0.12822184191],
      [0.0021745663868, 0.28948693537, 0.68959695593, 0.0047368260838, 0.014004716232],
      [0.16713260969, 0.010132540416, 0.2042149752, 0.56406185869, 0.054458016004],
      [0.067646496269, 0.026567829892, 0.4647640064, 0.01591657605, 0.42510509138]
    ],
    [
      [0.00017733977557, 0.55971089976, 0.40013179245, 0.00019418096236, 0.039785787045],
      [0.055158731474, 0.054704518191, 0.31263843444, 0.50432507343, 0.073173242467],
      [0.0028147238179, 0.18383489705, 0.79998217725, 0.001036569946, 0.012331631938],
      [0.18695245701, 0.0042214805132, 0.10551119146, 0.68277035106, 0.020544519961],
      [0.1486536881, 0.015130791961, 0.47312388454, 0.036266255384, 0.32682538002]
    ],
    [
      [0, 0.30650595931, 0.64189601036, 0.00034838907362, 0.051249641256],
      [0.097326647151, 0.022881274713, 0.53133767271, 0.24372077578, 0.10473362965],
      [0.01217104937, 0.019470121987, 0.94310240219, 0.0025648459095, 0.022691580542],
      [0.36917293312, 0, 0.21264249633, 0.37217110876, 0.046013461799],
      [0.17446481924, 0, 0.5071302628, 0.011427885635, 0.30697703232]
    ],
    [
      [0.00020297448115, 0.4315716226, 0.53713382658, 0, 0.031091576338],
      [0.042230200708, 0.030918782992, 0.34645877919, 0.53290437127, 0.04748786584],
      [0.0024637198581, 0.095858128182, 0.88425462553, 0.010501432793, 0.0069220936355],
      [0.14488090196, 0, 0.12577070123, 0.7188865957, 0.010461801121],
      [0.12391205268, 0.0097730561309, 0.57852231562, 0.041081110055, 0.24671146552]
    ],
    [
      [0, 0.62819469671, 0.33381706651, 0.00040977119329, 0.037578465588],
      [0.06565139457, 0.0737692514, 0.31215522009, 0.46556855347, 0.082855580477],
      [0.0016532245069, 0.23237724171, 0.75063981055, 0.0016648510293, 0.0136648722],
      [0.22505695852, 0.0067910672942, 0.10609085867, 0.63725065064, 0.024810464871],
      [0.16687569175, 0.019027822696, 0.43986306187, 0.031229545684, 0.343003878]
    ],
    [
      [0, 0.58833952505, 0.37162482087, 0.00098496478203, 0.039050689298],
      [0.078944791019, 0.055652840652, 0.28016548068, 0.51575994157, 0.069476946072],
      [0.0015716634383, 0.20249154008, 0.77862335868, 0.0046071128989, 0.012706324898],
      [0.24513984383, 0.0046676565549, 0.084214208184, 0.64837442868, 0.017603862746],
      [0.215853094, 0.015328014723, 0.42244344985, 0.037285854707, 0.30908958672]
    ],
    [
      [0, 0.5789914648, 0.38633081797, 0, 0.034677717238],
      [0.024757561183, 0.060705154663, 0.34406309592, 0.49909810559, 0.071376082646],
      [0, 0.18259768546, 0.80446551184, 0, 0.012936802695],
      [0.093492519322, 0.012174215265, 0.12824911445, 0.737249748, 0.028834402958],
      [0.076042122164, 0.017319786432, 0.53560478212, 0.034425249349, 0.33660805993]
    ],
    [
      [0.0042399250522, 0.58332598477, 0.38023269366, 0.0044509050983, 0.027750491425],
      [0.090607204003, 0.029376672388, 0.16290894443, 0.70040429385, 0.016702885327],
      [0.010539060767, 0.18312013814, 0.79347112311, 0.0065935538029, 0.0062761241841],
      [0.20967803913, 0.0011170017763, 0.024090696767, 0.76511426232, 0],
      [0.29110332025, 0.012339798003, 0.39240002994, 0.071811078385, 0.23234577343]
    ],
    [
      [0.00036373296545, 0.5147411361, 0.41613344898, 0.00053654140184, 0.068225140554],
      [0.058574627125, 0.034644924695, 0.22898504262, 0.58779909382, 0.089996311744],
      [0.0085446599466, 0.15872494611, 0.80716569304, 0.0036214934813, 0.021943207429],
      [0.18140451314, 0, 0.060234601147, 0.73245875469, 0.025902131024],
      [0.16225277334, 0.010095716224, 0.3652825772, 0.044104841389, 0.41826409184]
    ],
    [
      [0.00023144741505, 0.57784113289, 0.36667260002, 0.00017719979948, 0.055077619878],
      [0.057918359193, 0.052400500155, 0.26704719906, 0.52720889874, 0.095425042857],
      [0.0035075879303, 0.19948954294, 0.77661471897, 0.0011954490092, 0.019192701151],
      [0.19115695047, 0.0044360628368, 0.082003940579, 0.69375701765, 0.028646028462],
      [0.14944898861, 0.01395569535, 0.390506937, 0.036412728168, 0.40967565087]
    ],
    [
      [0.00033076488594, 0.57110305051, 0.39046477684, 0.0003915182832, 0.037709889478],
      [0.056039484307, 0.047529949939, 0.26117296763, 0.57651917945, 0.05873841867],
      [0.004232595043, 0.18941979783, 0.79274283168, 0.0026677947623, 0.010936980685],
      [0.17592741111, 0.0033089006178, 0.078959337064, 0.72866750623, 0.01313684498],
      [0.17035604224, 0.015186259469, 0.45732494733, 0.047649762944, 0.30948298802]
    ],
    [
      [0.00019444661359, 0.58934907202, 0.37434998553, 9.3131265744e-05, 0.036013364572],
      [0.052259967259, 0.057598031507, 0.29390693739, 0.52957910339, 0.066655960457],
      [0.0029519227169, 0.20109897403, 0.78345426927, 0.00086353759371, 0.011631296392],
      [0.17474425847, 0.0054846624585, 0.096099880832, 0.70601259471, 0.017658603536],
      [0.14900571348, 0.01695632845, 0.47402196373, 0.040273484402, 0.31974250993]
    ],
    [
      [0.00024680037102, 0.49928125372, 0.45143607994, 0.00041216997969, 0.048623695989],
      [0.060318336375, 0.027858979576, 0.26187055953, 0.58356431985, 0.066387804669],
      [0.003649112398, 0.14947735214, 0.83030004731, 0.0025337266078, 0.014039761541],
      [0.16598759626, 0, 0.078991594048, 0.73840103975, 0.016619769933],
      [0.15951498578, 0.011081784499, 0.44729387609, 0.047221473322, 0.33488788031]
    ],
    [
      [4.2248512423e-05, 0.57596498022, 0.38730041023, 9.4030545443e-05, 0.036598330488],
      [0.061495164409, 0.061083503532, 0.32847748353, 0.4758336829, 0.073110165628],
      [0.0024804915666, 0.19301743824, 0.79194777813, 0.00083109629488, 0.011723195775],
      [0.21060295204, 0.0056567305721, 0.11206143452, 0.65102448871, 0.02065439416],
      [0.15991808017, 0.016246759624, 0.47730880837, 0.032774964222, 0.31375138761]
    ],
    [
      [0.00021405549243, 0.63670045433, 0.34102241153, 0.00022921445881, 0.021833864186],
      [0.060923036424, 0.067291869227, 0.29335719571, 0.53589053055, 0.042537368087],
      [0.0035216859111, 0.22877970416, 0.7605738192, 0.0017293571637, 0.0053954335579],
      [0.19867541003, 0.0074979319907, 0.095008965652, 0.69731126143, 0.0015064308904],
      [0.18751930517, 0.021417244752, 0.51269629329, 0.044217492589, 0.2341496642]
    ],
    [
      [0.0014865260885, 0.55009440926, 0.43016351044, 0.00035110901313, 0.017904445196],
      [0.052978709655, 0.08111978322, 0.52886525603, 0.2833723497, 0.05366390139],
      [0.0073692329448, 0.16695309902, 0.82074119535, 0.0016082383568, 0.0033282343349],
      [0.24043036176, 0.014447406377, 0.21523203307, 0.51259717785, 0.017293020937],
      [0.11253485182, 0.018869923518, 0.65222340044, 0.016584244223, 0.19978758]
    ],
    [
      [0.0012844645243, 0.64622239356, 0.35124735914, 0.0012457827743, 0],
      [0.046837208756, 0.10066927185, 0.42216506892, 0.43032845048, 0],
      [0.0038162609377, 0.21217710757, 0.78109307365, 0.0029135578379, 0],
      [0.12829244135, 0.016347202981, 0.17103440075, 0.68432595491, 0],
      [0.23872810208, 0.027890365382, 0.69968276366, 0.03369876888, 0]
    ],
    [
      [0, 0.80009605429, 0.18916197434, 0, 0.010741971361],
      [0.028073449357, 0.081105645439, 0.26455155103, 0.59052760004, 0.035741754131],
      [0, 0.28115062573, 0.71396369755, 0, 0.0048856767224],
      [0.087584473612, 0.029708369946, 0.088784343568, 0.78962523877, 0.0042975741038],
      [0.091538295762, 0.035073840957, 0.56773800715, 0.036837642813, 0.26881221331]
    ],
    [
      [0, 0.5153013656, 0.42298979028, 0, 0.061708844124],
      [0.054268729892, 0.053384020888, 0.36210993796, 0.40462887632, 0.12560843494],
      [0.0016648108603, 0.15946723327, 0.81978843297, 0, 0.019079522902],
      [0.2068144225, 0.0045553530919, 0.13641949313, 0.61117649527, 0.041034236011],
      [0.11088264193, 0.011140710073, 0.41941251855, 0.021164674515, 0.43739945493]
    ],
    [
      [0, 0.73199616923, 0.18361192338, 0, 0.084391907386],
      [0, 0.11646773325, 0.27582227059, 0.2171544095, 0.39055558667],
      [0, 0.32691481476, 0.62460142037, 0, 0.048483764866],
      [0, 0.051126445695, 0.14772516585, 0.64142279525, 0.1597255932],
      [0.0024051853076, 0.0064993142446, 0.069507184566, 0.002364168134, 0.91922414775]
    ],
    [
      [0, 0.80178933593, 0.16668521392, 0, 0.031525450146],
      [0.015613587782, 0.16131975256, 0.37383124578, 0.30813901206, 0.14109640182],
      [0, 0.37105018374, 0.60936416893, 0, 0.019585647326],
      [0.083787815968, 0.015121444527, 0.18215201799, 0.64211649176, 0.076822229757],
      [0.031493261005, 0.02939695757, 0.38000070231, 0.01230155447, 0.54680752464]
    ],
    [
      [0.00031674053702, 0.56820158496, 0.37811072377, 0, 0.053370950729],
      [0.044226626241, 0.081844175865, 0.44533389695, 0.27502111933, 0.15357418161],
      [0.0038720069479, 0.19003618086, 0.7887264184, 0, 0.017365393798],
      [0.20736095725, 0.012954667276, 0.19882477314, 0.51973306118, 0.061126541153],
      [0.071595260276, 0.014305316131, 0.43272351989, 0.012371203838, 0.46900469987]
    ],
    [
      [4.9656518708e-05, 0.028902675335, 0.94791087557, 2.5260692531e-06, 0.023134266502],
      [0.087059826687, 0, 0.63439600625, 0.27854416706, 0],
      [0.012520354358, 0, 0.98747964564, 0, 0],
      [0.24965682568, 0, 0.1774291338, 0.57291404053, 0],
      [0.15144934193, 0, 0.84583694672, 0.0027137113558, 0]
    ],
    [
      [0, 0.54460676468, 0.40490772457, 0.00040604938365, 0.050079461361],
      [0.037029529246, 0.067250405853, 0.40373459894, 0.37346206957, 0.11852339639],
      [0.00085622200624, 0.17596880436, 0.80567814552, 0.0012798390637, 0.01621698905],
      [0.15580792588, 0.0079205998656, 0.165190927, 0.62750583419, 0.043574713069],
      [0.077758469897, 0.014429744402, 0.47341794633, 0.020844149442, 0.41354968993]
    ],
    [
      [0, 0.55060362333, 0.40905547329, 0, 0.040340903373],
      [0.061158506156, 0.060819726209, 0.37069268948, 0.42039558878, 0.086933489379],
      [0.0012339241744, 0.1746383421, 0.81058462487, 0, 0.013543108855],
      [0.22379079976, 0.0066966010998, 0.13296299156, 0.60717890229, 0.029370705294],
      [0.14188411387, 0.014499453064, 0.48205802308, 0.02513031875, 0.33642809124]
    ],
    [
      [0, 0.4879665403, 0.45397832815, 9.8643744689e-05, 0.057956487801],
      [0.040320485934, 0.04946903257, 0.37565457541, 0.42110403069, 0.11345187539],
      [0.0010599356849, 0.14519243801, 0.83559595406, 0.00081390815911, 0.017337764088],
      [0.15697733277, 0.0024590481773, 0.1469509621, 0.65478497097, 0.038827685979],
      [0.089159775316, 0.011021528872, 0.46176846862, 0.02455049638, 0.41349973081]
    ],
    [
      [0.00098379329311, 0.33784267451, 0.62115724682, 0, 0.040016285376],
      [0.041044075622, 0.0042728880908, 0.45359903988, 0.42861172638, 0.07247227003],
      [0.0031413100489, 0.070323570515, 0.91516746261, 0, 0.011367656822],
      [0.1552214331, 0, 0.17335500823, 0.64163459688, 0.029788961784],
      [0.089994116805, 0.0031353452109, 0.60421793086, 0.02451339703, 0.27813921009]
    ],
    [
      [0, 0.54296358459, 0.41358535119, 0.00014006021618, 0.043311004005],
      [0.035427180955, 0.060990462578, 0.37579040392, 0.43433999714, 0.0934519554],
      [0, 0.17273879995, 0.81195342898, 0.0009609149436, 0.014346856121],
      [0.13833301752, 0.0065652744742, 0.14514667993, 0.67650051634, 0.033454511738],
      [0.08685485114, 0.014893822896, 0.50192812662, 0.02744083443, 0.36888236492]
    ],
    [
      [0.00029025100045, 0.56959596576, 0.34526430976, 0.00039790953615, 0.084451563952],
      [0.055711380992, 0.059945027612, 0.29310667449, 0.42202762789, 0.16920928902],
      [0.0033970124661, 0.2045405637, 0.76356610718, 0.001926367783, 0.026569948872],
      [0.20797847427, 0.0075997163139, 0.1100501752, 0.62962170502, 0.04474992919],
      [0.10545335279, 0.011826978341, 0.31295816641, 0.021712899189, 0.54804860328]
    ],
    [
      [0, 0.55527982393, 0.39413825278, 0, 0.050581923297],
      [0.042338669714, 0.069596359206, 0.42161048077, 0.33882929457, 0.12762519574],
      [0, 0.17234270015, 0.8079374093, 0, 0.019719890549],
      [0.18602415164, 0.01168797531, 0.16870701082, 0.57994463814, 0.053636224082],
      [0.077186166578, 0.013745271257, 0.45702211338, 0.015932516716, 0.43611393207]
    ],
    [
      [0, 0.54568041167, 0.40476542963, 0, 0.049554158702],
      [0.048960630459, 0.050489107825, 0.30707272559, 0.50387483889, 0.08960269724],
      [0.0023561393596, 0.17468269335, 0.80658362796, 0, 0.016377539329],
      [0.16942077574, 0.004203683031, 0.10460996739, 0.69311390083, 0.028651673013],
      [0.12536192285, 0.013323504885, 0.44386453603, 0.034038256306, 0.38341177993]
    ],
    [
      [0, 0.83928488677, 0.13208224415, 4.1421475784e-05, 0.02859144761],
      [0.0031471288975, 0.25446323353, 0.41361136409, 0.061719333682, 0.2670589398],
      [0, 0.37383260528, 0.57319329563, 0.00023927185033, 0.052734827241],
      [0, 0.072888021709, 0.25048781943, 0.49969055482, 0.17693360405],
      [0.12327245841, 0.017399329557, 0.46040472804, 0.028036528852, 0.37088695514]
    ],
    [
      [0, 0.49345415708, 0.45333772164, 0, 0.053208121288],
      [0.091434873471, 0.052973550447, 0.43797200478, 0.29874392656, 0.11887564475],
      [0, 0.11963181023, 0.85691980703, 0, 0.023448382744],
      [0.36446733181, 0.021787017471, 0.14363337575, 0.42028069112, 0.049831583847],
      [0.17702725992, 0.010023480763, 0.42873083871, 0.011249036853, 0.37296938376]
    ],
    [
      [0, 0.38670732514, 0.56111690108, 0.00093732157615, 0.051238452209],
      [0.1353002541, 0.012539586371, 0.36517430017, 0.40482329633, 0.082162563037],
      [0, 0.080203375904, 0.89922417333, 0.0059261527371, 0.014646298027],
      [0.35372705156, 0, 0.1245680464, 0.49157793188, 0.030126970169],
      [0.27732625291, 0.0048040355251, 0.4115559566, 0.024506085788, 0.28180766918]
    ],
    [
      [2.8388163719e-05, 0.62413066559, 0.31769955642, 0, 0.058141389833],
      [0.047059120081, 0.077508323784, 0.321631041, 0.41324844613, 0.140553069],
      [0.002152684646, 0.23508919475, 0.74208176409, 0, 0.020676356512],
      [0.18324526328, 0.0089519247512, 0.12447353903, 0.63876578227, 0.044563490666],
      [0.096287656811, 0.016413474591, 0.3717040892, 0.022331339136, 0.49326344026]
    ],
    [
      [0.00092161455944, 0.54327896035, 0.40097516359, 0.00069306399993, 0.0541311975],
      [0.043105506341, 0.074394096523, 0.44642456319, 0.29173693321, 0.14433890074],
      [0.0034081859449, 0.17538776884, 0.80315076417, 0.0018225434012, 0.01623073765],
      [0.1996006051, 0.010327316806, 0.19511638312, 0.54109778914, 0.053857905842],
      [0.076082714428, 0.013838009597, 0.45357474264, 0.014361798398, 0.44214273493]
    ],
    [
      [0, 0.50018797736, 0.43087209892, 0.0017304328764, 0.06720949085],
      [0.024326185635, 0.062240281732, 0.43716386924, 0.31298303023, 0.16328663317],
      [0, 0.1513244446, 0.82338998647, 0.0086731725389, 0.016612396383],
      [0.11882602843, 0.0096794131635, 0.20349578539, 0.60692877243, 0.061070000592],
      [0.04522582501, 0.011208016037, 0.4310124039, 0.01564393962, 0.49690981544]
    ],
    [
      [0, 0.56941211704, 0.33916966998, 0.010301107519, 0.081117105462],
      [0.010529552001, 0.082957987806, 0.38567028702, 0.2766879151, 0.24415425808],
      [0, 0.20286060354, 0.77180853708, 0.023162359947, 0.0021684994409],
      [0.065638901883, 0.034322212348, 0.21441616201, 0.59443434177, 0.091188381996],
      [0.022574211836, 0.012989606307, 0.3080786996, 0.014794258568, 0.64156322369]
    ],
    [
      [0, 0.59061581202, 0.34134194216, 0, 0.06804224582],
      [0, 0.17139852922, 0.46334217039, 0.19514929721, 0.17011000318],
      [0, 0.099632986451, 0.81669045796, 0, 0.083676555593],
      [0, 0.024087916714, 0.10125095607, 0.80485070279, 0.069810424421],
      [0, 0.014631769142, 0.46068401547, 0, 0.52468421539]
    ],
    [
      [0, 0.6515092923, 0.31638639435, 0, 0.032104313355],
      [0.048011559894, 0.094872755503, 0.38044629956, 0.38487066144, 0.09179872361],
      [0.0013854933128, 0.24403342654, 0.7418296939, 0, 0.012751386241],
      [0.19349508867, 0.009965702067, 0.14934336055, 0.61342014915, 0.03377569956],
      [0.10984464704, 0.022332820918, 0.49172673133, 0.023048636878, 0.35304716383]
    ],
    [
      [0.00023540754418, 0.52195802367, 0.37572229209, 0.00042408899611, 0.1016601877],
      [0.037589392706, 0.051956154383, 0.31565216055, 0.3889833304, 0.20581896196],
      [0.0022721477474, 0.1723168253, 0.7954990126, 0.0018103635208, 0.028101650824],
      [0.15610655875, 0.0080727109041, 0.1355798947, 0.64500058918, 0.055240246468],
      [0.061740091141, 0.0089991888019, 0.29290380706, 0.017272839016, 0.61908407398]
    ],
    [
      [0.00016476732638, 0.75243746623, 0.22288695894, 0.00058800228078, 0.023922805218],
      [0.038838531252, 0.14959260473, 0.36407163709, 0.35557068971, 0.091926537218],
      [0.0016322544144, 0.34493314743, 0.63960145643, 0.0020374766721, 0.011795665052],
      [0.17046127353, 0.0033980838858, 0.16548152892, 0.62413459762, 0.036524516046],
      [0.092500027926, 0.035406011703, 0.48607245725, 0.022888100076, 0.36313340305]
    ],
    [
      [0.001078107566, 0.60556334738, 0.32444233631, 0.00083274088193, 0.068083467866],
      [0.051763837784, 0.086109875566, 0.37223941444, 0.29766447957, 0.19222239264],
      [0.004558623509, 0.22747443539, 0.74988636026, 0.0024484424439, 0.015632138392],
      [0.22954347885, 0.012113987132, 0.16806150044, 0.53030443913, 0.059976594454],
      [0.083435047633, 0.014651571099, 0.34130181452, 0.013301856222, 0.54730971053]
    ],
    [
      [0, 0.41855034492, 0.52390997894, 0.00040352538087, 0.05713615075],
      [0.065466311, 0.036252246734, 0.40004016718, 0.39536134115, 0.10287993394],
      [0.013600856526, 0.096708066398, 0.87198887723, 0.0014122740796, 0.016289925769],
      [0.23485422889, 0, 0.15190079445, 0.57852620727, 0.034718769391],
      [0.14008221522, 0.0071555295501, 0.47194868771, 0.022379778861, 0.35843378865]
    ],
    [
      [5.695422664e-05, 0.59469040743, 0.36289438872, 3.3575495089e-06, 0.042354892076],
      [0.018635046639, 0.012753417661, 0.82849671741, 0.05758346911, 0.082531349176],
      [0.0046725613532, 0, 0.96383198604, 0, 0.031495452602],
      [0.24117613852, 0, 0.34762047451, 0.25, 0.16120338697],
      [0.030622884566, 0, 0.64568611591, 0, 0.32369099953]
    ],
    [
      [0.0043426554407, 0.35507957199, 0.64057777257, 0, 0],
      [0.084027870813, 0.041348061665, 0.47983672766, 0.39478733986, 0],
      [0, 0.058352610592, 0.94164738941, 0, 0],
      [0.30387649125, 0.0053478168177, 0.15570480522, 0.53507088671, 0],
      [0.16176348642, 0.0070252841219, 0.71296639408, 0.023961216308, 0.094283619064]
    ],
    [
      [0.00010611332423, 0.69103617434, 0.25287029352, 0.00062297102525, 0.055364447786],
      [0.05838012617, 0.10123880978, 0.30268086368, 0.38086284466, 0.15683735571],
      [0.0024384876037, 0.29913599249, 0.67476859451, 0.0018365595665, 0.021820365827],
      [0.22830872813, 0.0081807402215, 0.1213598545, 0.5958839428, 0.046266734345],
      [0.11378185243, 0.02011600043, 0.32952906974, 0.020090772497, 0.5164823049]
    ],
    [
      [1.2842541188e-05, 0.552714584, 0.39608741941, 0, 0.051185154052],
      [0.055252309408, 0.05977118424, 0.34437073464, 0.43545818205, 0.10514758966],
      [0.0022974755634, 0.18192216878, 0.79886757427, 0.00013791672359, 0.016774864657],
      [0.20186153976, 0.0057183282735, 0.12510876907, 0.63340607918, 0.033905283711],
      [0.1257515294, 0.01393309384, 0.43886380835, 0.026172347379, 0.39527922104]
    ],
    [
      [0.13001859868, 0, 0.61827287337, 0, 0.25170852795],
      [0.024215686817, 0, 0.37248025805, 0.16334512201, 0.43995893313],
      [0.014246020824, 0, 0.94471887946, 0, 0.041035099721],
      [0.11691684917, 0, 0.24104251929, 0.472775813, 0.16926481854],
      [0.0034326290512, 0.00037422065789, 0.040542074661, 0.00072648050322, 0.95492459513]
    ],
    [
      [0, 0.60211119795, 0.35636556873, 0, 0.041523233311],
      [0.04133301418, 0.07232558078, 0.35255079668, 0.43615184796, 0.097638760402],
      [0.0013561231836, 0.2090649018, 0.77476328476, 0, 0.014815690251],
      [0.15834275785, 0.008507813509, 0.13366566184, 0.6653159836, 0.034167783199],
      [0.098742889234, 0.017593493783, 0.4696432791, 0.027225530874, 0.38679480701]
    ],
    [
      [0, 0.45967453234, 0.49029081353, 0.00016000726821, 0.049874646855],
      [0.039987637563, 0.032799864528, 0.34985981847, 0.49268792818, 0.08466475125],
      [0, 0.12721373433, 0.85676478544, 0.001084789004, 0.014936691222],
      [0.12695005344, 0, 0.13072494024, 0.71330091867, 0.029024087645],
      [0.094680163891, 0.010253742669, 0.50168175318, 0.033459198204, 0.35992514206]
    ],
    [
      [0.000104911415, 0.50935092145, 0.43432590441, 0.0002191080642, 0.055999154655],
      [0.046752747215, 0.037448567249, 0.26647012632, 0.5675347768, 0.081793782423],
      [0.0026431491445, 0.15570725005, 0.82253279424, 0.0016561324077, 0.017460674163],
      [0.15122845048, 0, 0.083645870842, 0.74054808884, 0.024577589837],
      [0.13203754794, 0.011095647416, 0.42738857168, 0.042992227756, 0.38648600521]
    ],
    [
      [0, 0.56122756368, 0.40104306493, 0, 0.037729371385],
      [0.056876914735, 0.061608589035, 0.3670821385, 0.43211755537, 0.082314802358],
      [0.0019137613787, 0.17812993679, 0.8075001727, 0, 0.012456129129],
      [0.20814874817, 0.0072779035451, 0.13193883573, 0.62512537338, 0.02750913918],
      [0.13577437918, 0.015092176191, 0.49279264309, 0.0269673306, 0.32937347094]
    ],
    [
      [6.5068940303e-05, 0.53731391377, 0.39141133835, 0.00029595524842, 0.070913723698],
      [0.043946158393, 0.042255513509, 0.2522523644, 0.55222766264, 0.10931830106],
      [0.0024166002672, 0.17613869527, 0.79636744521, 0.0015056737109, 0.023571585542],
      [0.14689422036, 0.0022570439032, 0.078703702997, 0.73861448826, 0.033530544482],
      [0.11374031504, 0.011192513056, 0.3676608302, 0.038037544772, 0.46936879694]
    ],
    [
      [9.4710964718e-05, 0.53915484244, 0.41847579062, 2.6729758289e-05, 0.042247926217],
      [0.049498792624, 0.049592483353, 0.3122351039, 0.51431839084, 0.07435522928],
      [0.0023858342563, 0.17024892265, 0.81361434304, 0.00057166907586, 0.013179230976],
      [0.16900182879, 0.0035633114275, 0.10590426326, 0.69992402938, 0.021606567149],
      [0.13483121796, 0.013888955469, 0.47768803619, 0.037182167762, 0.33640962261]
    ],
    [
      [0, 0.5594651955, 0.39618530611, 0, 0.044349498396],
      [0.059207753491, 0.074649265108, 0.45669826009, 0.28338375213, 0.12606096918],
      [0, 0.17279495327, 0.8105795101, 0, 0.016625536629],
      [0.26233035595, 0.013803056906, 0.18367345148, 0.48843034543, 0.05176279023],
      [0.10698447731, 0.013877639844, 0.46651532297, 0.013013949377, 0.3996086105]
    ],
    [
      [0.15716219011, 0, 0.74185155165, 0, 0.10098625824],
      [0.056230211725, 0, 0.41125410613, 0.35533720675, 0.1771784754],
      [0.0021915303402, 0, 0.9620713589, 0, 0.035737110757],
      [0.18204646402, 0, 0.1183922193, 0.57233139662, 0.12722992005],
      [0.056053461014, 0.0023172033513, 0.32747471085, 0.012899112344, 0.60125551244]
    ],
    [
      [0, 0.92864015006, 0.055214615657, 0, 0.016145234281],
      [0.02799723479, 0.15810379077, 0.18578038634, 0.49297544965, 0.13514313844],
      [0, 0.58426414088, 0.39595086956, 0, 0.019784989561],
      [0.10647047229, 0.0071783213595, 0.075666427818, 0.74909134849, 0.061593430046],
      [0.055534263974, 0.031253852057, 0.2091566886, 0.023380277611, 0.68067491776]
    ],
    [
      [0.00096485742432, 0.66096095809, 0.3076908392, 0.0015658009386, 0.028817544339],
      [0.038902432705, 0.1195681582, 0.45005141851, 0.29318543476, 0.098292555825],
      [0.0032819048807, 0.25374886085, 0.72718191324, 0.0038351530525, 0.011952167984],
      [0.1811156244, 0.011968116305, 0.21027040313, 0.55503682399, 0.041609032174],
      [0.080275834615, 0.025973075188, 0.5360540124, 0.016828576536, 0.34086850126]
    ],
    [
      [5.9831406945e-05, 0.57717268556, 0.3752268092, 0, 0.047540673828],
      [0.052882977136, 0.065229987719, 0.3373249407, 0.44386333654, 0.1006987579],
      [0.0022546147192, 0.19831670109, 0.78309917958, 0.00028466740785, 0.016044837198],
      [0.19296521372, 0.0063344914502, 0.12241754501, 0.64611241249, 0.032170337324],
      [0.12423543814, 0.015706056078, 0.44367642236, 0.027629580974, 0.38875250244]
    ],
    [
      [0.00015538952387, 0.51607559528, 0.425030785, 9.2288037305e-05, 0.058645942166],
      [0.052150735577, 0.049480665648, 0.33255957483, 0.45787417627, 0.10793484768],
      [0.0025415263666, 0.16150235519, 0.81731265326, 0.00067961107663, 0.017963854103],
      [0.18715643214, 0.0024246628945, 0.12044878706, 0.65637020328, 0.033599914621],
      [0.12023019059, 0.01141860107, 0.42940047, 0.028108164101, 0.41084257423]
    ],
    [
      [0, 0.55637414704, 0.34672669066, 0.018598060322, 0.078301101979],
      [0.28346797074, 0.014152718201, 0.10770650936, 0.52029122547, 0.074381576219],
      [0, 0.13095859853, 0.77397615046, 0.056503936745, 0.038561314261],
      [0.47972604148, 0.0024466779633, 0.00083816719816, 0.4666923685, 0.050296744857],
      [0.59525572667, 0.0028711972608, 0.10922650164, 0.037768730488, 0.25487784395]
    ]
  ],
  "expected_outcome": [
    [
