{
  "X": [
    [6, 0, 27, 128, 17],
    [2, 1, 30, 55, 14],
    [0, 3, 20, 13, 3],
    [25, 18, 169, 261, 27],
    [1, 0, 16, 23, 6],
    [1, 1, 26, 39, 11],
    [63, 49, 979, 978, 341],
    [5, 10, 70, 64, 25],
    [33, 42, 321, 401, 143],
    [1, 0, 6, 2, 2],
    [62, 51, 982, 794, 155],
    [2, 2, 25, 32, 4],
    [1, 4, 7, 9, 2],
    [22, 70, 202, 505, 34],
    [1, 0, 17, 9, 3],
    [60, 157, 678, 1742, 169],
    [69, 183, 535, 1333, 136],
    [5, 17, 42, 98, 9],
    [5, 15, 29, 111, 5],
    [4, 5, 66, 71, 11],
    [8, 19, 50, 71, 7],
    [3, 3, 55, 37, 20],
    [21, 7, 205, 198, 106],
    [35, 54, 197, 406, 55],
    [33, 40, 314, 488, 77],
    [28, 33, 260, 470, 73],
    [30, 36, 271, 443, 65],
    [3, 8, 28, 82, 6],
    [51, 252, 320, 1118, 169],
    [0, 3, 24, 41, 7],
    [20, 24, 158, 248, 29],
    [71, 69, 632, 1346, 260],
    [7, 2, 32, 51, 11],
    [2, 2, 24, 70, 9],
    [0, 4, 9, 31, 6],
    [7, 0, 88, 20, 7],
    [8, 4, 87, 90, 8],
    [3, 0, 22, 25, 2],
    [2, 4, 31, 25, 8],
    [7, 8, 41, 58, 26],
    [19, 25, 237, 228, 51],
    [2, 0, 33, 4, 5],
    [4, 2, 56, 38, 19],
    [6, 1, 27, 26, 10],
    [7, 7, 118, 117, 76],
    [3, 9, 75, 96, 25],
    [10, 2, 108, 39, 36],
    [5, 10, 51, 74, 9],
    [2, 4, 51, 19, 2],
    [9, 1, 71, 49, 15],
    [10, 6, 72, 58, 9],
    [4, 3, 24, 17, 3],
    [4, 2, 89, 85, 46],
    [6, 8, 163, 65, 31],
    [3, 5, 94, 87, 40],
    [4, 1, 178, 86, 38],
    [1, 4, 115, 49, 29],
    [6, 5, 98, 86, 30],
    [12, 0, 37, 18, 2],
    [3, 0, 40, 17, 6],
    [12, 1, 96, 47, 15],
    [2, 2, 112, 54, 14],
    [12, 5, 173, 104, 38],
    [6, 0, 54, 10, 3],
    [5, 3, 90, 54, 9],
    [4, 4, 77, 55, 8],
    [3, 2, 94, 20, 19],
    [2, 0, 42, 36, 14],
    [1, 6, 43, 43, 3],
    [4, 0, 66, 29, 12],
    [9, 18, 109, 114, 24],
    [1, 1, 57, 6, 9],
    [4, 1, 91, 59, 29],
    [12, 5, 34, 25, 11],
    [11, 10, 66, 98, 26],
    [28, 43, 204, 334, 44],
    [1, 10, 14, 50, 10],
    [1, 1, 45, 12, 3],
    [3, 4, 83, 53, 14],
    [9, 15, 88, 155, 17],
    [8, 19, 83, 158, 25],
    [6, 19, 57, 166, 19],
    [11, 16, 64, 147, 17],
    [18, 16, 152, 131, 33],
    [2, 5, 3, 13, 2],
    [4, 0, 38, 18, 12],
    [7, 0, 45, 10, 10],
    [5, 7, 41, 97, 18],
    [12, 16, 28, 91, 24],
    [2, 33, 11, 67, 15],
    [6, 4, 45, 45, 11],
    [2, 5, 225, 78, 50],
    [7, 6, 39, 92, 7],
    [2, 9, 12, 52, 10],
    [0, 1, 15, 37, 7],
    [1, 3, 19, 44, 2],
    [9, 2, 78, 54, 8],
    [4, 3, 131, 66, 36],
    [0, 1, 5, 3, 4],
    [3, 5, 18, 17, 5],
    [6, 2, 21, 41, 9],
    [6, 4, 13, 28, 7],
    [4, 4, 19, 27, 9],
    [7, 12, 66, 117, 13],
    [8, 4, 105, 50, 6],
    [10, 3, 93, 126, 75],
    [9, 4, 24, 23, 6],
    [2, 8, 64, 37, 9],
    [4, 9, 29, 43, 11],
    [7, 16, 40, 94, 29],
    [5, 28, 45, 105, 24],
    [11, 13, 115, 121, 34],
    [14, 30, 61, 136, 14],
    [1, 2, 16, 23, 9],
    [2, 9, 44, 72, 14],
    [5, 9, 56, 88, 7],
    [13, 24, 92, 176, 24],
    [5, 4, 13, 16, 7],
    [5, 3, 38, 56, 11],
    [32, 17, 211, 327, 59],
    [6, 3, 132, 170, 32],
    [14, 9, 84, 125, 35],
    [5, 9, 97, 158, 42],
    [2, 7, 75, 116, 23],
    [7, 0, 71, 21, 11],
    [12, 116, 119, 378, 63],
    [95, 233, 690, 1333, 308],
    [91, 163, 530, 756, 251],
    [0, 0, 3, 2, 1]
  ],
  "W": [
    [27, 0, 101, 15, 35],
    [2, 0, 65, 27, 8],
    [3, 6, 9, 17, 4],
    [67, 28, 238, 139, 28],
    [7, 0, 26, 11, 2],
    [6, 3, 49, 16, 4],
    [189, 79, 1243, 699, 200],
    [23, 10, 85, 45, 11],
    [66, 50, 507, 221, 96],
    [1, 1, 0, 6, 3],
    [204, 124, 874, 696, 146],
    [1, 5, 32, 17, 10],
    [0, 6, 8, 7, 2],
    [85, 129, 411, 158, 50],
    [2, 0, 12, 15, 1],
    [170, 275, 1508, 589, 264],
    [195, 278, 1148, 437, 198],
    [16, 14, 90, 38, 13],
    [13, 18, 100, 26, 8],
    [12, 14, 62, 46, 23],
    [23, 23, 65, 37, 7],
    [10, 2, 53, 40, 13],
    [55, 21, 229, 164, 68],
    [78, 108, 339, 160, 62],
    [102, 70, 451, 245, 84],
    [100, 52, 427, 208, 77],
    [111, 63, 402, 198, 71],
    [11, 13, 77, 19, 7],
    [114, 422, 918, 268, 188],
    [5, 10, 31, 22, 7],
    [64, 24, 237, 122, 32],
    [157, 103, 1458, 411, 249],
    [20, 2, 51, 20, 10],
    [4, 3, 73, 18, 9],
    [0, 2, 32, 11, 5],
    [20, 1, 29, 67, 5],
    [28, 13, 70, 77, 9],
    [10, 2, 22, 11, 7],
    [11, 7, 26, 20, 6],
    [14, 7, 72, 23, 24],
    [71, 26, 228, 179, 56],
    [6, 0, 7, 29, 2],
    [12, 3, 50, 36, 18],
    [8, 7, 27, 20, 8],
    [30, 15, 166, 70, 44],
    [17, 17, 79, 66, 29],
    [25, 2, 67, 77, 24],
    [14, 15, 63, 39, 18],
    [7, 5, 13, 50, 3],
    [28, 1, 53, 49, 14],
    [20, 17, 55, 53, 10],
    [6, 5, 14, 20, 6],
    [25, 5, 112, 53, 31],
    [27, 4, 95, 122, 25],
    [13, 9, 126, 65, 16],
    [36, 9, 120, 116, 26],
    [23, 3, 78, 74, 20],
    [18, 8, 93, 62, 44],
    [21, 4, 12, 29, 3],
    [7, 0, 26, 31, 2],
    [27, 1, 45, 83, 15],
    [21, 2, 71, 72, 18],
    [45, 12, 120, 124, 31],
    [10, 0, 13, 47, 3],
    [18, 7, 63, 59, 14],
    [11, 4, 74, 48, 11],
    [30, 0, 24, 70, 14],
    [7, 1, 47, 25, 14],
    [12, 11, 36, 34, 3],
    [17, 1, 39, 44, 10],
    [31, 17, 123, 75, 28],
    [17, 0, 10, 37, 10],
    [19, 6, 87, 52, 20],
    [10, 4, 31, 28, 14],
    [34, 24, 75, 49, 29],
    [61, 59, 285, 181, 67],
    [2, 15, 45, 14, 9],
    [13, 0, 14, 32, 3],
    [9, 7, 62, 62, 17],
    [28, 12, 140, 76, 28],
    [35, 29, 134, 61, 34],
    [29, 30, 132, 50, 26],
    [23, 27, 132, 49, 24],
    [66, 22, 118, 104, 40],
    [5, 3, 16, 1, 0],
    [6, 0, 27, 26, 13],
    [17, 0, 17, 32, 6],
    [7, 12, 105, 26, 18],
    [16, 46, 61, 24, 24],
    [6, 56, 38, 13, 15],
    [17, 8, 39, 35, 12],
    [41, 6, 125, 159, 29],
    [12, 33, 61, 34, 11],
    [7, 15, 40, 6, 17],
    [3, 19, 24, 13, 1],
    [6, 7, 33, 17, 6],
    [16, 6, 49, 68, 12],
    [29, 5, 76, 98, 32],
    [2, 0, 4, 1, 6],
    [7, 5, 18, 12, 6],
    [21, 2, 39, 8, 9],
    [8, 2, 31, 14, 3],
    [7, 3, 27, 18, 8],
    [22, 19, 98, 60, 16],
    [31, 6, 58, 71, 7],
    [24, 8, 170, 64, 41],
    [10, 7, 19, 22, 8],
    [23, 11, 31, 41, 14],
    [8, 11, 38, 25, 14],
    [25, 15, 87, 26, 33],
    [16, 47, 89, 33, 22],
    [41, 8, 113, 84, 48],
    [34, 35, 109, 54, 23],
    [3, 2, 29, 12, 5],
    [13, 13, 68, 32, 15],
    [32, 16, 61, 41, 15],
    [38, 30, 142, 82, 37],
    [7, 6, 16, 12, 4],
    [16, 6, 62, 20, 9],
    [83, 34, 295, 172, 62],
    [34, 6, 174, 80, 49],
    [21, 9, 122, 71, 44],
    [27, 6, 172, 60, 46],
    [22, 2, 135, 42, 22],
    [26, 0, 23, 55, 6],
    [31, 168, 335, 91, 63],
    [202, 295, 1292, 548, 322],
    [183, 135, 795, 411, 267],
    [2, 0, 3, 0, 1]
  ],
  "method": "mult",
  "cond_prob": [
    [
      [0.1943257162, 0, 0.47258283857, 0.30486502363, 0.028226421592],
      [4.6790609842e-08, 0, 4.6650194315e-06, 0.99927682415, 0.00071846403956],
      [0, 0, 0, 0.9452060938, 0.054793906205],
      [0.0042683778146, 0, 0.94935089057, 0.043629094147, 0.0027516374734],
      [0.019690857007, 0, 0, 0.67566835647, 0.30464078652]
    ],
    [
      [0.34438969248, 0.00022103784207, 0.47095708754, 0.14347107198, 0.040961110167],
      [1.0814428399e-07, 0.19172464842, 6.5839087206e-06, 0.80668564251, 0.0015830170196],
      [0.0052317615124, 0.012451561642, 0.044499290577, 0.7876023053, 0.15021508097],
      [0.0070320547708, 0.0062971416232, 0.95744709136, 0.02491381269, 0.0043098995511],
      [0.097661329741, 0.0025229492198, 0.039320058819, 0.35577938362, 0.5047162786]
    ],
    [
      [0, 0.00091364326486, 0.75775567484, 0.19603116947, 0.045299512419],
      [1.1816778338e-32, 0.41108109622, 5.4298381552e-06, 0.58801238402, 0.00090108992494],
      [0, 0.036208683895, 0.10566774868, 0.77371245013, 0.084411117293],
      [1.4822132006e-18, 0.0099940060918, 0.97446289601, 0.015543097896, 0],
      [0, 0.0087490585701, 0.052455356525, 0.41404686802, 0.52474871689]
    ],
    [
      [0.30039301285, 0.0005868505844, 0.49423160383, 0.18181292411, 0.022975608631],
      [7.5958950883e-08, 0.30716529613, 4.7784774797e-06, 0.69222328647, 0.00060656297018],
      [0.003528322444, 0.029191231972, 0.013389535201, 0.88559750736, 0.06829340302],
      [0.0068649701069, 0.015806171427, 0.94497159809, 0.030055194812, 0.0023020655685],
      [0.10998908664, 0.0076957743439, 0.048163829805, 0.51737154401, 0.31677976521]
    ],
    [
      [0.13337589571, 0, 0.61182754334, 0.18083223216, 0.073964328793],
      [4.7641682481e-08, 0, 8.1502864861e-06, 0.99781532558, 0.002176476492],
      [0, 0, 0.037863608412, 0.79834369492, 0.16379269667],
      [0, 0, 0.96876517007, 0.026529626309, 0.0047052036177],
      [0.033184365002, 0, 0.038168253566, 0.34270620879, 0.58594117264]
    ],
    [
      [0.13571033987, 0.00022473977465, 0.66373721901, 0.14701112747, 0.053316573883],
      [4.3854581691e-08, 0.18778480227, 9.0044761663e-06, 0.81019424336, 0.0020119060322],
      [0.0002331126773, 0.0072030807039, 0.12828612935, 0.69602094126, 0.16825673601],
      [0.0020854430066, 0.0045801505573, 0.97106475029, 0.018259850725, 0.004009805419],
      [0.035237054988, 0.0022659477812, 0.048623332372, 0.32254169299, 0.59133197187]
    ],
    [
      [0.21114873073, 0.00038546881059, 0.60543094642, 0.13283728998, 0.050197564061],
      [7.6352166371e-08, 0.28229737886, 8.3175801634e-06, 0.71581425644, 0.001879970768],
      [0.005919300706, 0.015875530002, 0.14514677997, 0.66041592961, 0.17264245972],
      [0.0040625280921, 0.0086614239848, 0.96473594781, 0.018338975878, 0.0042011242363],
      [0.064477429727, 0.0041901715357, 0.049025095097, 0.31314240647, 0.56916489717]
    ],
    [
      [0.17960445299, 0.00093878424575, 0.63317996407, 0.12709384933, 0.059182949364],
      [4.4606662309e-08, 0.51023578561, 6.1168770301e-06, 0.48818970801, 0.0015683448934],
      [0.0022603742024, 0.045628752721, 0.14022958402, 0.61715242725, 0.19472886181],
      [0.0031544771584, 0.019906965486, 0.9557827942, 0.016499997199, 0.0046557659526],
      [0.048637623248, 0.0092538798268, 0.046096297885, 0.27222619958, 0.62378599946]
    ],
    [
      [0.27267429988, 0.00065461892132, 0.55982551818, 0.12135252752, 0.045493035505],
      [8.6174993141e-08, 0.42339727289, 6.7514110657e-06, 0.5750986135, 0.0014972760189],
      [0.010420547716, 0.032693011373, 0.13413465369, 0.65285739336, 0.16989439387],
      [0.0055897459874, 0.015762988608, 0.95662174896, 0.017946950101, 0.0040785663427],
      [0.088384795253, 0.0075828568523, 0.04824481552, 0.30490445941, 0.55088307296]
    ],
    [
      [0.52738670152, 0, 0.34537044679, 0.095730287512, 0.031512564175],
      [1.5204116655e-07, 0, 6.4859484804e-06, 0.99826942181, 0.0017239402005],
      [0.0046361252124, 0, 0.053878140424, 0.81606780408, 0.12541793028],
      [0.022114113365, 0, 0.92809957817, 0.0068604630608, 0.042925845407],
      [0.11330948875, 0, 0.028675199418, 0.28827917077, 0.56973614106]
    ],
    [
      [0.21095740226, 0.00038269850478, 0.61705597578, 0.14065617426, 0.030947749194],
      [7.3380972319e-08, 0.2695958857, 8.1554591243e-06, 0.72928089012, 0.0011149953402],
      [0.0050946765058, 0.012419352352, 0.19990515149, 0.68784676536, 0.094734054288],
      [0.0039869251345, 0.0084475881925, 0.96594570803, 0.019075482055, 0.0025442965886],
      [0.080390641641, 0.0051918105569, 0.062357907351, 0.41384042217, 0.43821921828]
    ],
    [
      [0.3455897246, 0.00030374455649, 0.52745634658, 0.11385240151, 0.012797782764],
      [1.1586014755e-07, 0.28556027709, 8.0831139853e-06, 0.71388373174, 0.00054779219332],
      [0, 0.011912362758, 0.22517196299, 0.72436168628, 0.038553987974],
      [0.0014708766044, 0.0077363921192, 0.97192825627, 0.017660789161, 0.001203685845],
      [0.16294047938, 0.005918059568, 0.07442200656, 0.48369215632, 0.27302729817]
    ],
    [
      [1, 0, 0, 0, 0],
      [2.3405105876e-07, 0.54621350836, 4.3841063114e-06, 0.45289034776, 0.0008915257207],
      [0.020471789444, 0.067940910875, 0.049261063139, 0.71572691177, 0.14659932478],
      [0.020426603321, 0.023360790931, 0.93540780616, 0.017605125856, 0.0031996737359],
      [0.34661902844, 0.0078330631725, 0.029015273578, 0.21680336915, 0.39972926566]
    ],
    [
      [0.21072476803, 0.00085086204553, 0.54803952944, 0.22119344443, 0.019191396054],
      [0, 0.35686357953, 4.2981325917e-06, 0.64272121957, 0.00041090276375],
      [0, 0.04708805616, 0.0095030062129, 0.89741148865, 0.045997448982],
      [0, 0.02520835949, 0.94206511917, 0.0309965286, 0.0017299927436],
      [0.081767894349, 0.011123261703, 0.053281223142, 0.59107893093, 0.26274868988]
    ],
    [
      [0.40678301622, 2.5658541217e-49, 0.44594124898, 0.10434119031, 0.042934544481],
      [1.6089761058e-07, 0, 1.0034408606e-05, 0.99731408429, 0.0026757204032],
      [0.0047873795031, 2.3738919364e-66, 0.097337317169, 0.71166540014, 0.18620990319],
      [0.0025576812002, 8.2173010961e-34, 0.99368037725, 0, 0.0037619415497],
      [0.090620195512, 0, 0.034864037253, 0.25133281774, 0.62318294949]
    ],
    [
      [0.22845170393, 0.00073891997489, 0.53893421081, 0.20882139383, 0.023053771466],
      [4.9585165846e-08, 0.32414152921, 4.4436541274e-06, 0.67533574115, 0.00051823639795],
      [0, 0.034379269402, 0.011732170369, 0.89762304368, 0.05626551655],
      [0.00019359929416, 0.022866045065, 0.94316030763, 0.031661099588, 0.002118948422],
      [0.079731692093, 0.009179637382, 0.049872833512, 0.56257233602, 0.298643501]
    ],
    [
      [0.25990638652, 0.00091855640754, 0.52040494511, 0.19519174206, 0.023578369904],
      [5.4508254372e-08, 0.38944882025, 4.1455228563e-06, 0.61003482876, 0.00051215095969],
      [0, 0.051917757428, 0.012004455563, 0.87627447577, 0.059803311237],
      [5.48354216e-05, 0.028949660559, 0.93827807017, 0.030485083196, 0.0022323506532],
      [0.092395335336, 0.011623849905, 0.049046725239, 0.53567095131, 0.31126313821]
    ],
    [
      [0.24017719144, 0.0014898299943, 0.50984021063, 0.2262625446, 0.022230223332],
      [4.0662577035e-08, 0.50599468361, 3.0990019273e-06, 0.49363080979, 0.00037136693428],
      [0, 0.068571663679, 0, 0.87891872442, 0.052509611897],
      [0, 0.09158068421, 0.8746044455, 0.031719947271, 0.0020949230184],
      [0.089012643664, 0.018517032186, 0.046734178064, 0.55084036576, 0.29489578032]
    ],
    [
      [0.30879151324, 0.0010877825925, 0.45038869084, 0.22671679539, 0.013015217936],
      [0, 0.42309334382, 3.1439234606e-06, 0.57665301391, 0.00025049834804],
      [0, 0.050085706736, 0, 0.91744874009, 0.032465553173],
      [0, 0.086192550372, 0.87606600086, 0.036355740737, 0.0013857080345],
      [0.12321379099, 0.015075206786, 0.045896800772, 0.62285051765, 0.1929636838]
    ],
    [
      [0.18552842325, 0.00040632005526, 0.6348017524, 0.15790320162, 0.021360302677],
      [5.5004377362e-08, 0.26562282017, 7.40316158e-06, 0.73368546474, 0.00068425691569],
      [0, 0.011908427156, 0.19758669092, 0.74417439389, 0.046330488035],
      [0.00096097767923, 0.0086757093879, 0.96803072257, 0.020639749524, 0.001692840834],
      [0.07519361642, 0.00604345919, 0.069673358763, 0.51066626847, 0.33842329715]
    ],
    [
      [0.30036636799, 0.0011511126587, 0.52062158933, 0.15585624489, 0.02200468513],
      [6.1270681704e-08, 0.50628054067, 4.1341318635e-06, 0.49323558484, 0.00047967908577],
      [0.00070129070502, 0.094444878333, 0.044989926752, 0.79741263997, 0.062451264235],
      [0.0062780628044, 0.029094696246, 0.93843379239, 0.024130216662, 0.0020632319012],
      [0.11624284392, 0.016235874374, 0.054173257591, 0.47803547162, 0.33531255249]
    ],
    [
      [0.19537104358, 0.00060793945581, 0.63031102009, 0.11582881203, 0.057881184843],
      [5.8856628835e-08, 0.44022575612, 7.5873869543e-06, 0.55785128259, 0.0019153150534],
      [0.0040392900111, 0.02849171525, 0.17981833242, 0.58066994463, 0.20698071769],
      [0.0033699905472, 0.013067937536, 0.96377335453, 0.015187609625, 0.0046011077628],
      [0.053646727229, 0.0062069756562, 0.047351448058, 0.25715368187, 0.63564116719]
    ],
    [
      [0.24839203121, 0.00025523585637, 0.55014572535, 0.13634777806, 0.064859229523],
      [9.596555093e-08, 0.20445875969, 8.1268916618e-06, 0.79291688838, 0.0026161290751],
      [0.0094056666886, 0.0065571488469, 0.062998988633, 0.66370363507, 0.25733456076],
      [0.0051935740526, 0.0062884642294, 0.96195598012, 0.020616488227, 0.0059454933676],
      [0.063717536059, 0.0023446008064, 0.037562725053, 0.27177030955, 0.62460482853]
    ],
    [
      [0.32066036613, 0.00067620387352, 0.47938387907, 0.17117678553, 0.02810276539],
      [8.1134844421e-08, 0.34943632191, 4.6271318146e-06, 0.64981839953, 0.00074057029217],
      [0.0053344080426, 0.037430763118, 0.018162678827, 0.85237658076, 0.086695569254],
      [0.0075523839799, 0.018710310519, 0.94175211325, 0.029090247736, 0.0028949445123],
      [0.11244736961, 0.0084750798668, 0.044678571928, 0.46544714619, 0.3689518324]
    ],
    [
      [0.23972304385, 0.00062187698215, 0.54987968711, 0.17886515586, 0.030910236195],
      [6.0709792972e-08, 0.32129044866, 5.3042115735e-06, 0.67789068953, 0.00081349689388],
      [0.001093334394, 0.02905235778, 0.046390292143, 0.83430438266, 0.089159633022],
      [0.0049809972088, 0.015146477211, 0.95031249811, 0.026756999081, 0.0028030283863],
      [0.081366751782, 0.0075325817398, 0.049563295545, 0.46996029143, 0.3915770795]
    ],
    [
      [0.22378373515, 0.0006575811652, 0.54538530981, 0.19701591884, 0.03315745504],
      [5.2077852428e-08, 0.31280392244, 4.8345619678e-06, 0.68638910209, 0.0008020888348],
      [0, 0.028378056672, 0.01177418741, 0.86897405418, 0.090873701741],
      [0.00077527267941, 0.019126381544, 0.94663374753, 0.030445286965, 0.003019311283],
      [0.070913857923, 0.0074379267118, 0.045893767684, 0.48339784396, 0.39235660372]
    ],
    [
      [0.21924903353, 0.00064754057078, 0.56308851078, 0.18652476161, 0.03049015351],
      [5.3259141405e-08, 0.32117059582, 5.2078340689e-06, 0.67805460023, 0.00076954285161],
      [0, 0.029380000455, 0.041756006971, 0.84465226487, 0.084211727707],
      [0.0021694550843, 0.01682842249, 0.95021523429, 0.028087710392, 0.0026991777426],
      [0.073715518537, 0.0077688397723, 0.050257972084, 0.48544696496, 0.38281070464]
    ],
    [
      [0.21921726051, 0.0007614753191, 0.5572424902, 0.2037463898, 0.019032384174],
      [0, 0.35763190714, 4.617237156e-06, 0.6419269637, 0.00043651192963],
      [0, 0.036927041911, 0.045091335751, 0.86864484462, 0.049336777719],
      [0, 0.022444576809, 0.94786255381, 0.028017949057, 0.0016749203238],
      [0.084087162057, 0.010368541742, 0.055550172647, 0.57082073092, 0.27917339264]
    ],
    [
      [0.28656783719, 0.0010076507724, 0.49415863575, 0.18334603627, 0.034919840016],
      [0, 0.42665955545, 3.9312964789e-06, 0.57257863786, 0.00075787539119],
      [0, 0.067648675693, 0.0063017716045, 0.8315651997, 0.094484353005],
      [0.0049674349628, 0.028369977295, 0.93321840595, 0.029982512806, 0.0034616689831],
      [0.09042549995, 0.011330623449, 0.04136541164, 0.44711808476, 0.4097603802]
    ],
    [
      [2.0043058707e-31, 0.00054290875307, 0.69363099762, 0.256335155, 0.049490938628],
      [0, 0.23311016799, 5.1073342896e-06, 0.76587537855, 0.0010093461224],
      [0, 0.013034019959, 0, 0.87834038291, 0.10862559713],
      [0, 0.010429909847, 0.91941669948, 0.066639042139, 0.0035143485353],
      [6.162975822e-33, 0.0046673058465, 0.043518078572, 0.48070852031, 0.47110609527]
    ],
    [
      [0.25788017961, 0.00089242852179, 0.53354647424, 0.18276642838, 0.024914489239],
      [5.5986094172e-08, 0.40179783459, 4.4289871864e-06, 0.59763276842, 0.00056491201608],
      [0, 0.046835697097, 0.030721365893, 0.85343788127, 0.069005055735],
      [0.0044142426199, 0.023221923769, 0.94216147154, 0.027897270554, 0.0023050915136],
      [0.092410298795, 0.011456301019, 0.050883003369, 0.50910991474, 0.33614048208]
    ],
    [
      [0.25161276408, 0.00047154849853, 0.56099106697, 0.15499119246, 0.031933427983],
      [7.6988003431e-08, 0.29213440779, 6.5211532508e-06, 0.7068467465, 0.0010122475696],
      [0.0047912091613, 0.022413176316, 0.094022355021, 0.77709298458, 0.10168027492],
      [0.005184110669, 0.011348886888, 0.95768475166, 0.022919559019, 0.0028626917673],
      [0.089881669347, 0.005997266283, 0.053135358455, 0.42746850449, 0.42351720143]
    ],
    [
      [0.2883385142, 0.00046162454643, 0.51127037812, 0.16450213136, 0.035427351766],
      [7.8411901298e-08, 0.30000126174, 5.40267092e-06, 0.69895969441, 0.0010335627604],
      [0.0038239022855, 0.021491161704, 0.045026124128, 0.81635960397, 0.11329920791],
      [0.0061774871486, 0.012054982821, 0.9521655126, 0.026184111573, 0.0034179058545],
      [0.091466079955, 0.0053616082257, 0.04349390497, 0.41540159501, 0.44427681184]
    ],
    [
      [0.26543396368, 0.00034142949132, 0.53276703301, 0.17546236648, 0.025995207326],
      [6.9126619068e-08, 0.22308380715, 5.8381587491e-06, 0.77611875642, 0.00079152914666],
      [0.00068139627652, 0.015556382132, 0.057354531071, 0.84985094057, 0.076556749948],
      [0.0050222071751, 0.0085522718839, 0.95716988795, 0.026845715743, 0.0024099172451],
      [0.088680253394, 0.0044251190062, 0.050330622457, 0.4941614133, 0.36240259185]
    ],
    [
      [5.5511151231e-17, 0.0021878831215, 0.65054803875, 0.2865812758, 0.060682802321],
      [0, 0.55172861784, 2.4418307129e-06, 0.4476244131, 0.00064452723313],
      [0, 0.062074199194, 0, 0.82923497827, 0.10869082253],
      [1.336382355e-51, 0.075490032151, 0.80279511517, 0.11737125818, 0.0043435944929],
      [0, 0.015955607293, 0.033849769889, 0.4556296058, 0.49456501701]
    ],
    [
      [0.28168582641, 0, 0.58424470485, 0.097981967425, 0.036087501314],
      [1.8211180819e-07, 0, 1.4838602576e-05, 0.99748319074, 0.0025017885456],
      [0.005332768804, 2.3802201249e-33, 0.33483196341, 0.53752495356, 0.12231031423],
      [0.010278997943, 6.6414647372e-34, 0.98972100206, 0, 0],
      [0.10458802642, 0, 0.058731397565, 0.29093076149, 0.54574981453]
    ],
    [
      [0.24788196184, 0.00033159079643, 0.52592685343, 0.20336936469, 0.022490229254],
      [6.4365637004e-08, 0.18625384034, 5.3009536022e-06, 0.81312112055, 0.00061967379591],
      [0.0028011638302, 0.014525704877, 0.062507698552, 0.8599668162, 0.060198616544],
      [0.001155603896, 0.0066889760634, 0.87606648865, 0.11075969546, 0.0053292359387],
      [0.086026807073, 0.0041738927833, 0.049035629696, 0.55654550421, 0.30421816624]
    ],
    [
      [0.2200232887, 4.5641102104e-49, 0.61565805337, 0.15368728961, 0.010631368316],
      [8.7137929178e-08, 0, 9.7036636345e-06, 0.99952174436, 0.00046846483747],
      [0.0010656507603, 0, 0.20738140856, 0.77365228043, 0.017900660255],
      [0.0038154113277, 0, 0.97481417941, 0.020509906375, 0.00086050288917],
      [0.10490758534, 0, 0.079721871029, 0.6025892108, 0.21278133283]
    ],
    [
      [0.1573938178, 0.00073555628826, 0.65333237471, 0.139936653, 0.048601598195],
      [3.8948755298e-08, 0.43553336851, 6.4690307033e-06, 0.56312923004, 0.0013308934743],
      [0, 0.022858627833, 0.16301069632, 0.66265906735, 0.15147160851],
      [8.7866197351e-05, 0.015107795748, 0.96361285145, 0.017507949475, 0.0036835371322],
      [0.044485067932, 0.0077825104445, 0.050460576963, 0.32324957771, 0.57402226695]
    ],
    [
      [0.27430754163, 0.0008763215816, 0.56807327759, 0.11366884638, 0.043074012816],
      [7.3274956013e-08, 0.52500991394, 5.9116613693e-06, 0.47374580515, 0.0012382959741],
      [0.012108770295, 0.049800682791, 0.13748901672, 0.63299314523, 0.16760838497],
      [0.0052934343836, 0.020594010223, 0.95401797582, 0.016340131015, 0.0037544485614],
      [0.090254727175, 0.010556279341, 0.05022125353, 0.29754525187, 0.55142248809]
    ],
    [
      [0.20379787019, 0.00086048970455, 0.59670876099, 0.16319960637, 0.035433272742],
      [4.8125600541e-08, 0.41991567811, 5.3809756627e-06, 0.57920670417, 0.00087218861709],
      [7.2602443043e-05, 0.043790007457, 0.093755815162, 0.76139400833, 0.10098756661],
      [0.0038917056847, 0.019331993614, 0.95131103458, 0.022503390082, 0.0029618760361],
      [0.068163951619, 0.010295518626, 0.053081018155, 0.42370558777, 0.44475392383]
    ],
    [
      [0.28789396847, 0, 0.55041548285, 0.076423633574, 0.085266915108],
      [2.0491124976e-07, 0, 1.6869782255e-05, 0.99286167051, 0.0071212547974],
      [0.0044539409634, 0, 0.14308968059, 0.47126865552, 0.38118772293],
      [0.0047438675312, 0, 0.98754325092, 0, 0.007712881547],
      [0.051943222024, 0, 0.028562531035, 0.12128880495, 0.798205442]
    ],
    [
      [0.19931904017, 0.00035916720008, 0.64409316212, 0.11140947748, 0.044819153034],
      [7.6357468126e-08, 0.32416371695, 9.7330452294e-06, 0.67396265691, 0.0018638167432],
      [0.0061640728468, 0.013424058469, 0.24563917767, 0.57700169589, 0.15777099512],
      [0.0034291878863, 0.0076063618564, 0.97105469692, 0.014397202047, 0.0035125512863],
      [0.065362049037, 0.0043426051379, 0.057273604582, 0.29293412396, 0.58008761728]
    ],
    [
      [0.42012742015, 0, 0.43922079581, 0.1020516256, 0.038600158443],
      [2.0894875591e-07, 0.14285714286, 8.8703765124e-06, 0.83815680976, 0.018976968054],
      [0.045296408916, 0, 0.14487617882, 0.61806043932, 0.19176697295],
      [0.014091648236, 0, 0.96255847912, 0.019007320845, 0.0043425518034],
      [0.14176789634, 0, 0.040418141322, 0.28108888105, 0.53672508129]
    ],
    [
      [0.14532924328, 0.00037808082574, 0.67075954797, 0.11465298279, 0.06888014513],
      [5.702681938e-08, 0.3133029283, 1.0123297665e-05, 0.68384058099, 0.0028463103822],
      [0.0048372598558, 0.00960650349, 0.16811135754, 0.55446201741, 0.2629828617],
      [0.0024867910894, 0.0076934699107, 0.97029966186, 0.014308724318, 0.0052113528265],
      [0.037796848494, 0.0035429813095, 0.046581818854, 0.23319309565, 0.67888525569]
    ],
    [
      [0.12415448867, 0.00071585665904, 0.62267151028, 0.20568118754, 0.046776956858],
      [2.6262944298e-08, 0.32664293525, 5.1308471308e-06, 0.67229584339, 0.0010560642504],
      [0, 0.028079881532, 0.0039437765108, 0.84162025766, 0.1263560843],
      [0, 0.015379825672, 0.95160140899, 0.029285645279, 0.003733120058],
      [0.030668042972, 0.0069490138679, 0.044732612521, 0.43632888038, 0.48132145026]
    ],
    [
      [0.26209108104, 0.00027823461254, 0.59350773929, 0.082933799698, 0.061189145369],
      [1.3746612722e-07, 0.327749891, 1.2061662475e-05, 0.66883529545, 0.0034026144259],
      [0.0049442336048, 0.018913393432, 0.24388821385, 0.4631798583, 0.26907430082],
      [0.016737403875, 0, 0.98326259613, 0, 0],
      [0.076153289555, 0.0029311246964, 0.046273006872, 0.18983057962, 0.68481199926]
    ],
    [
      [0.23872107206, 0.00082032657851, 0.56752453429, 0.17235078424, 0.020583282834],
      [5.2954792102e-08, 0.40054685628, 4.9443511992e-06, 0.59895514221, 0.00049300420558],
      [0, 0.045247362365, 0.078710273868, 0.82752174065, 0.04852062312],
      [0.00020188046969, 0.023633666849, 0.94961421185, 0.02475794304, 0.0017922977873],
      [0.091668381026, 0.011556430424, 0.058937824372, 0.52796291379, 0.30987445039]
    ],
    [
      [0.2420977177, 0.00089099920697, 0.54994585368, 0.18432101851, 0.022744410903],
      [4.4575777445e-08, 0.41829581309, 4.2577996569e-06, 0.58122022141, 0.00047966312429],
      [0.0025901015089, 0.040462988074, 0.067007934257, 0.82801690011, 0.061922076048],
      [0.00064951288958, 0.026847806617, 0.92250609179, 0.049996588704, 0],
      [0.079722929716, 0.011291588105, 0.051316666803, 0.51320087556, 0.34446793981]
    ],
    [
      [0.25347402153, 0.00020860740942, 0.56709759115, 0.14067303185, 0.038546748058],
      [9.5257807267e-08, 0.18320280594, 8.2457066205e-06, 0.81525283209, 0.0015360210076],
      [0.0090837009211, 0.01000946469, 0.13373186167, 0.71880570633, 0.12836926639],
      [0.0050546169446, 0.0050078993745, 0.96591861574, 0.02059697109, 0.00342189685],
      [0.083829637337, 0.0025048206211, 0.050247025873, 0.36713916124, 0.49627935493]
    ],
    [
      [0.34092715222, 0.00038295738232, 0.50958065862, 0.12558901518, 0.02352021659],
      [1.220556573e-07, 0.29886461331, 7.1361995938e-06, 0.7002257432, 0.00090238523215],
      [0.025037621265, 0.0057598631508, 0.18856066879, 0.69779948361, 0.082842363191],
      [0.0074363767992, 0.010132059563, 0.95978386087, 0.020339920133, 0.0023077826339],
      [0.14102577407, 0.0057850795919, 0.056888410274, 0.41273946965, 0.38356126642]
    ],
    [
      [0.40730337538, 0.00060694969101, 0.45302857524, 0.1203031093, 0.018757990393],
      [1.1095728501e-07, 0.43444074881, 5.1642639673e-06, 0.5649618052, 0.00059217076666],
      [0.0063870527421, 0.04081166103, 0.11513621884, 0.77929485749, 0.058370209896],
      [0.02266157231, 0.0097152714704, 0.96762315622, 0, 0],
      [0.1689215014, 0.0097476456609, 0.052905423184, 0.42387405222, 0.34455137754]
    ],
    [
      [0.11084146721, 0.00020895679842, 0.69579792255, 0.13062224014, 0.062529413304],
      [4.502578218e-08, 0.18491634744, 1.0914263098e-05, 0.81238328125, 0.0026894120179],
      [0.0018656874474, 0.0070465656524, 0.16468646175, 0.60971184984, 0.21668943531],
      [0.0018221808309, 0.0041127761612, 0.9737514281, 0.0157442453, 0.0045693696079],
      [0.029788081178, 0.0020323178461, 0.050041547072, 0.27581791636, 0.64232013755]
    ],
    [
      [0.16026260684, 0.00081422672316, 0.67470565813, 0.11453873713, 0.04967877118],
      [4.5412751448e-08, 0.50166487998, 7.4029191883e-06, 0.49683873283, 0.0014889388598],
      [0.0024785130519, 0.048644366685, 0.23842180214, 0.55613204005, 0.15432327807],
      [0.001435082582, 0.0091652572445, 0.98939966017, 0, 0],
      [0.050494824752, 0.0092792055877, 0.057043514963, 0.28350221447, 0.59968024022]
    ],
    [
      [0.14565433418, 0.00039050661686, 0.66501656413, 0.12292336788, 0.066015227194],
      [5.2253909004e-08, 0.30790057198, 9.4147993251e-06, 0.6895294038, 0.0025605571671],
      [0.0027668647292, 0.013053540845, 0.17159107926, 0.58860141895, 0.22398709621],
      [0.0024427554731, 0.0080018713084, 0.96909807795, 0.015433956217, 0.0050233390521],
      [0.037443070234, 0.0036844052937, 0.046428054949, 0.25182785259, 0.66061661693]
    ],
    [
      [0.086454324759, 7.5153351965e-05, 0.73817448533, 0.12183771397, 0.053458322595],
      [4.2808437311e-08, 0.079334987303, 1.4081037345e-05, 0.91786490186, 0.002785986989],
      [0.00036562635676, 0.00082325781094, 0.30191413794, 0.53473087157, 0.16216610633],
      [0.0013588713112, 0.0014051312965, 0.9795620072, 0.013960784088, 0.0037132061073],
      [0.026389988019, 0.00082667022655, 0.060257785058, 0.29099625532, 0.62152930138]
    ],
    [
      [0.034849734299, 0.0005852074214, 0.78927940992, 0.11379448934, 0.061491159019],
      [1.1372912351e-08, 0.42553329148, 1.0007269563e-05, 0.57232303614, 0.0021336537371],
      [0, 0.023559258503, 0.30243554488, 0.49615353905, 0.17785165757],
      [2.2038172583e-05, 0.010165871608, 0.97376128964, 0.01209006114, 0.0039607394434],
      [0.0098412626115, 0.0060021846334, 0.059911780832, 0.25355585331, 0.67068891861]
    ],
    [
      [0.1648525632, 0.00043707917894, 0.66990510779, 0.13162419653, 0.033181053307],
      [5.5447765811e-08, 0.3193445818, 8.7219935898e-06, 0.6794623484, 0.0011842923586],
      [0.0014663283026, 0.017464931147, 0.24594766754, 0.64590292273, 0.089218150287],
      [0.0027972520965, 0.0088956883983, 0.96939207153, 0.016406839298, 0.0025081486773],
      [0.061883074017, 0.0059455600693, 0.067413562912, 0.38883795057, 0.47591985243]
    ],
    [
      [0.46148945592, 0, 0.41312874813, 0.110330561, 0.01505123496],
      [2.0077996584e-07, 0, 7.4528147202e-06, 0.99918457686, 0.00080776954181],
      [0.0070389171545, 0, 0.07085877311, 0.85742929235, 0.064673017386],
      [0.057527196357, 0, 0.94247280364, 0, 0],
      [0.18532164079, 0, 0.047416631718, 0.46572280115, 0.30153892635]
    ],
    [
      [0.32303944752, 5.0991994979e-35, 0.53308752624, 0.099956607069, 0.043916419178],
      [1.88110094e-07, 0, 1.3086249842e-05, 0.99702738538, 0.0029593402648],
      [0.0054090147685, 0, 0.21452873603, 0.60711969626, 0.17294255294],
      [0.012948147936, 6.3578362088e-34, 0.98705185206, 0, 0],
      [0.09834844869, 0, 0.046016382829, 0.25759582388, 0.5980393446]
    ],
    [
      [0.32252851786, 0.0001817558543, 0.49733003141, 0.14224199576, 0.037717699113],
      [1.2310717103e-07, 0.16037605169, 7.3647783654e-06, 0.83808994758, 0.0015265128442],
      [0.0047010780049, 0.010323440875, 0.076200932166, 0.77864363999, 0.13013090897],
      [0.01803425289, 0.0040695418692, 0.94563028082, 0.021310958649, 0.010954965776],
      [0.10555589297, 0.0021593150488, 0.043715102124, 0.36757351998, 0.48099616988]
    ],
    [
      [0.070677107289, 0.0003189049523, 0.76573029526, 0.13206235099, 0.031211341516],
      [2.6364227546e-08, 0.26041401291, 1.0751249021e-05, 0.73837228519, 0.0012029242871],
      [0, 0.018750773506, 0.31725258017, 0.59667218109, 0.067324465235],
      [0, 0.00082056142847, 0.99917943857, 0, 0],
      [0.028654483012, 0.0045605349121, 0.080766084877, 0.41034562231, 0.47567327488]
    ],
    [
      [0.19974344455, 0.00031383256466, 0.6209675263, 0.13295791493, 0.046017281663],
      [7.4442832899e-08, 0.24728446178, 8.8847107592e-06, 0.75090817116, 0.0017984079075],
      [0.0029587692281, 0.015898462699, 0.16773323855, 0.65689640861, 0.15651312092],
      [0.0056212505368, 0, 0.99437874946, 0, 0],
      [0.063208281551, 0.0035693054624, 0.052432294876, 0.32833634649, 0.55245377162]
    ],
    [
      [0.41802883413, 0, 0.46562067908, 0.090446960806, 0.025903525979],
      [2.7580108087e-07, 0, 1.2543829572e-05, 0.99808523646, 0.001901943905],
      [0.0084868501005, 3.6563553555e-51, 0.26047876684, 0.62917812163, 0.10185626143],
      [0.02553173798, 0, 0.97446826202, 0, 0],
      [0.16979697411, 0, 0.052520308417, 0.30540493693, 0.47227778054]
    ],
    [
      [0.19370837845, 0.000331126446, 0.65721583458, 0.12738394785, 0.021360712678],
      [7.104840279e-08, 0.27112707479, 9.441984312e-06, 0.72802272005, 0.00084069213282],
      [0.001631864778, 0.0097432260876, 0.31288982792, 0.62389949106, 0.051835590157],
      [0.0033167029525, 0.0068885136547, 0.97194061565, 0.016206890028, 0.0016472777179],
      [0.086768266812, 0.0054217608088, 0.079535242964, 0.45350396073, 0.37477076869]
    ],
    [
      [0.2189325054, 0.00048765552597, 0.64870106647, 0.11363075315, 0.018248019451],
      [7.4620281231e-08, 0.38349133959, 8.8247113283e-06, 0.61581849288, 0.00068126819882],
      [0.0032715309654, 0.025296380153, 0.30207950581, 0.61738069678, 0.051971886293],
      [0.0037094457253, 0.010249597078, 0.97001912059, 0.014600894765, 0.0014209418452],
      [0.1065086778, 0.0087961490712, 0.086313795649, 0.4454339303, 0.35294744718]
    ],
    [
      [0.088433942845, 0.00074539134694, 0.74278469768, 0.073308975619, 0.094726992507],
      [2.5905054629e-08, 0.49919638127, 7.3681137371e-06, 0.49861380107, 0.0021824236408],
      [0.0013053401787, 0.039595518582, 0.10060987418, 0.61243802615, 0.24605124091],
      [0, 0.013407571474, 0.98114141821, 0, 0.0054510103204],
      [0.022546682169, 0.006343986458, 0.044423058207, 0.22158700741, 0.70509926576]
    ],
    [
      [0.15392533336, 0, 0.68737047618, 0.1194424696, 0.039261720857],
      [7.9049499724e-08, 0, 1.4247631638e-05, 0.99773518074, 0.0022504925748],
      [0.0025772270016, 2.0669047896e-18, 0.25053393725, 0.61917413969, 0.12771469606],
      [0.0024269605018, 0, 0.98013647083, 0.014538557522, 0.0028980111462],
      [0.052908493272, 0, 0.064991828409, 0.33582278774, 0.54627689058]
    ],
    [
      [0.075792154847, 0.0008354986848, 0.68006958217, 0.2216854401, 0.021617324206],
      [1.6550275978e-08, 0.36235825492, 5.1456700424e-06, 0.63718755127, 0.00044903158289],
      [0, 0.037937974417, 0.060083098799, 0.85330482099, 0.04867410579],
      [0, 0.017828181433, 0.95541015253, 0.025189395517, 0.0015722705247],
      [0.03016465326, 0.010702654623, 0.064057223001, 0.5850995505, 0.30997591861]
    ],
    [
      [0.18401865757, 4.6221562789e-33, 0.65616895109, 0.11612370167, 0.043688689665],
      [1.0038936928e-07, 8.7107592502e-49, 1.4067957731e-05, 0.99741666299, 0.0025691686666],
      [0.0029573332279, 1.0666688923e-33, 0.26691046283, 0.58888014451, 0.14125205943],
      [0.0034032820357, 7.0330726616e-35, 0.99659671796, 0, 0],
      [0.060660231538, 0, 0.058535012271, 0.30621547725, 0.57458927894]
    ],
    [
      [0.20835690052, 0.0010407720487, 0.61287445895, 0.14653627238, 0.031191596101],
      [4.6870618494e-08, 0.49658880178, 5.3154820948e-06, 0.50266547482, 0.00074036105242],
      [0.0010675498224, 0.060474373043, 0.13806888424, 0.71331757997, 0.087071612927],
      [0.0038170249907, 0.022727959382, 0.95130462431, 0.019618959133, 0.0025314321848],
      [0.075833920884, 0.013670771365, 0.059660065171, 0.4179492219, 0.43288602068]
    ],
    [
      [0.04817064545, 0.0007579964863, 0.95107135806, 0, 0],
      [1.5734116972e-08, 0.67553910278, 8.866687329e-06, 0.32267487556, 0.0017771392335],
      [0.0010362175012, 0.056429497008, 0.35076188374, 0.42358895055, 0.16818345121],
      [0, 0.0091414880166, 0.99085851198, 0, 0],
      [0.017073685234, 0.0084584033038, 0.066240313217, 0.17641104945, 0.73181654879]
    ],
    [
      [0.13729644922, 0.00010365279652, 0.70690172383, 0.10561438927, 0.050083784891],
      [7.3437466231e-08, 0.12264587409, 1.4732684957e-05, 0.87447655017, 0.0028627696089],
      [0.0045098465378, 0.0015267793766, 0.29203205311, 0.52540177541, 0.17652954556],
      [0.0022123901985, 0.0020194588809, 0.97955463284, 0.012593340615, 0.003620177461],
      [0.044198304256, 0.0012156842364, 0.061257466112, 0.26908295651, 0.62424558889]
    ],
    [
      [0.53487579688, 0.00073566123066, 0.36175972126, 0.07687351248, 0.025755308152],
      [1.768706045e-07, 0.59061275424, 4.7632104393e-06, 0.40844655158, 0.00093575409612],
      [0.096468670872, 0.055385053632, 0.11435165367, 0.5923594555, 0.14143516633],
      [0.015572017917, 0.026722125598, 0.93724347395, 0.017005787577, 0.0034565949545],
      [0.23033543036, 0.011788299387, 0.042476085721, 0.26844096402, 0.44695922051]
    ],
    [
      [0.25182800715, 0.00057970890407, 0.52755065592, 0.17748892357, 0.04255270446],
      [6.3941180235e-08, 0.3115112719, 5.1478968704e-06, 0.68734506255, 0.001138453709],
      [0.00063372349918, 0.021464428136, 0.0052660846516, 0.83155310725, 0.14108265646],
      [0.0053421809945, 0.014642585208, 0.94854559506, 0.027475999409, 0.0039936393285],
      [0.07339827901, 0.006093123664, 0.04101598767, 0.40538924422, 0.47410336544]
    ],
    [
      [0.30615476976, 0.00084941562399, 0.49081714679, 0.17778999481, 0.024388673007],
      [6.9278289298e-08, 0.39465885461, 4.2440362885e-06, 0.60476113881, 0.00057569326572],
      [0.0022088018105, 0.05187900944, 0.0037341976277, 0.87251939586, 0.069658595261],
      [0.0070059126618, 0.022875534021, 0.93827370234, 0.029400054463, 0.0024447965107],
      [0.11085039178, 0.011004833982, 0.047285331333, 0.49976814102, 0.33109130188]
    ],
    [
      [0.23789091302, 0.0011190642722, 0.5192886396, 0.1952240681, 0.046477315015],
      [0, 0.4467177074, 0, 0.55237629721, 0.0009059953903],
      [0, 0.051681208264, 0, 0.82726464255, 0.12105414918],
      [0.00099166970653, 0.062459797359, 0.90257155199, 0.029694588356, 0.0042823925862],
      [0.056703866452, 0.010767191732, 0.036157888101, 0.40903047263, 0.48734058108]
    ],
    [
      [0.07087257323, 0.00074064910037, 0.74691945471, 0.14615931347, 0.035308009486],
      [1.6635682665e-08, 0.50254329937, 6.1080449037e-06, 0.49665019657, 0.00080037937835],
      [0, 0.038991241701, 0.25070625872, 0.6375471289, 0.072755370682],
      [0, 0.013041548012, 0.98695845199, 0, 0],
      [0.026218849338, 0.0090548804982, 0.065829667684, 0.3914230401, 0.50747356238]
    ],
    [
      [0.18230728648, 0.00045808246373, 0.65233074483, 0.13236767205, 0.032536214171],
