{
  "X": [
    [1, 9, 6, 3],
    [68, 272, 663, 49],
    [70, 261, 622, 43],
    [58, 105, 221, 7],
    [50, 197, 502, 38],
    [43, 128, 376, 22],
    [3, 6, 23, 1],
    [1, 3, 13, 0],
    [1, 27, 7, 1],
    [2, 8, 5, 1],
    [6, 82, 32, 12],
    [5, 49, 8, 4],
    [10, 19, 25, 2],
    [38, 135, 415, 24],
    [55, 581, 592, 74],
    [50, 374, 435, 43],
    [6, 74, 59, 17],
    [102, 602, 725, 95],
    [46, 341, 367, 54],
    [54, 326, 589, 40],
    [64, 224, 721, 40],
    [47, 348, 445, 30],
    [10, 76, 128, 13],
    [41, 268, 361, 31],
    [63, 388, 398, 56],
    [14, 335, 158, 32],
    [47, 406, 322, 38],
    [7, 87, 36, 19],
    [38, 684, 208, 52],
    [30, 209, 191, 24],
    [30, 332, 197, 45],
    [8, 133, 27, 16],
    [14, 146, 141, 20],
    [10, 129, 78, 12],
    [19, 174, 74, 22],
    [42, 178, 287, 36],
    [22, 351, 100, 27],
    [4, 16, 38, 4],
    [20, 118, 297, 20],
    [11, 49, 121, 3],
    [5, 37, 159, 3],
    [2, 13, 18, 2],
    [392, 3495, 3740, 486],
    [136, 665, 586, 110],
    [289, 1142, 1306, 190],
    [51, 182, 310, 19]
  ],
  "W": [
    [2, 4, 7, 5, 0, 1],
    [29, 133, 186, 603, 60, 41],
    [28, 106, 187, 585, 59, 31],
    [8, 96, 57, 199, 22, 9],
    [24, 78, 169, 440, 45, 31],
    [16, 72, 106, 341, 23, 11],
    [2, 2, 7, 19, 1, 2],
    [0, 3, 3, 8, 0, 3],
    [0, 4, 23, 7, 1, 1],
    [0, 0, 15, 1, 0, 0],
    [7, 3, 77, 24, 4, 17],
    [1, 6, 50, 2, 4, 3],
    [1, 7, 18, 26, 2, 2],
    [27, 64, 89, 391, 20, 21],
    [42, 87, 538, 505, 83, 47],
    [36, 59, 324, 382, 53, 48],
    [4, 12, 61, 55, 18, 6],
    [63, 159, 500, 658, 85, 59],
    [28, 69, 306, 304, 57, 44],
    [38, 122, 239, 490, 83, 37],
    [55, 94, 166, 632, 63, 39],
    [23, 110, 300, 349, 59, 29],
    [5, 17, 75, 106, 12, 12],
    [10, 83, 233, 316, 42, 17],
    [28, 78, 358, 317, 71, 53],
    [14, 30, 334, 94, 40, 27],
    [19, 84, 342, 279, 55, 34],
    [6, 5, 88, 35, 7, 8],
    [26, 43, 606, 181, 67, 59],
    [14, 29, 176, 168, 43, 24],
    [10, 46, 306, 181, 34, 27],
    [6, 3, 134, 24, 12, 5],
    [16, 24, 122, 123, 27, 9],
    [7, 14, 113, 63, 17, 15],
    [9, 15, 159, 63, 30, 13],
    [15, 55, 143, 277, 24, 29],
    [13, 15, 335, 85, 34, 18],
    [1, 3, 13, 42, 3, 0],
    [23, 40, 89, 253, 27, 23],
    [7, 19, 39, 101, 12, 6],
    [10, 10, 27, 148, 4, 5],
    [0, 5, 9, 16, 2, 3],
    [265, 656, 2878, 3284, 639, 391],
    [37, 183, 583, 504, 100, 90],
    [84, 310, 1051, 1170, 180, 132],
    [13, 117, 122, 270, 14, 26]
  ],
  "method": "mult",
  "cond_prob": [
    [
      [0, 0.24169204917, 0.46384761929, 0.29446033154],
      [0.24685214453, 0.23803854841, 0.46768094834, 0.047428358726],
      [0, 0.81562313183, 0, 0.18437686817],
      [0, 0.28837944373, 0.63383101272, 0.077789543553],
      [0.0028109887441, 0.42561395431, 0.13414204038, 0.43743301656],
      [0.012591421893, 0.41320256658, 0.032425904503, 0.54178010702]
    ],
    [
      [0.00332924035, 0.19708376709, 0.69906635501, 0.10052063754],
      [0.36695103324, 0.079717750288, 0.54533087829, 0.0080003381858],
      [0.025030906931, 0.89711832929, 0.0089007136297, 0.068950050154],
      [0.019614968703, 0.055596082068, 0.90796273135, 0.016826217882],
      [0.0072191197488, 0.52945571172, 0.27083192859, 0.19249323994],
      [0.053225429448, 0.57381269582, 0.11685593755, 0.25610593718]
    ],
    [
      [0.0043540527124, 0.19839739405, 0.70110420968, 0.096144343561],
      [0.41776811193, 0.073226012753, 0.50211201343, 0.006893861885],
      [0.032183127352, 0.8942855649, 0.0084000082735, 0.065131299472],
      [0.029031033604, 0.053226920487, 0.90242044535, 0.01532160056],
      [0.0094375852412, 0.53407475863, 0.27201006751, 0.18447758862],
      [0.065691924408, 0.57430179788, 0.11644685956, 0.24355941816]
    ],
    [
      [0.0058516137838, 0.25756303753, 0.68643855502, 0.050146793666],
      [0.47791755834, 0.098395143841, 0.42032586375, 0.0033614340698],
      [0.031020315066, 0.94164320655, 0, 0.027336478386],
      [0.046901052017, 0.09651963969, 0.84828881381, 0.0082904944882],
      [0.012201994221, 0.65166223031, 0.24559227649, 0.09054349898],
      [0.078132256241, 0.6973246392, 0.10496717887, 0.11957592569]
    ],
    [
      [0.0039565512737, 0.16610784461, 0.7323631896, 0.097572414524],
      [0.3925116288, 0.057495179868, 0.54348265634, 0.0065105349851],
      [0.033921132199, 0.8655128315, 0.025203540906, 0.075362495394],
      [0.025248800537, 0.0095081681848, 0.95391452696, 0.011328504314],
      [0.0091885786519, 0.48180030646, 0.30799657036, 0.20101454454],
      [0.065596971137, 0.52879068982, 0.13516130038, 0.27045103867]
    ],
    [
      [0.0041474634309, 0.17858133174, 0.71796714915, 0.099304055677],
      [0.40561333431, 0.063274146316, 0.52427086251, 0.0068416568606],
      [0.033394998983, 0.87801396768, 0.015793442065, 0.07279759127],
      [0.027133830072, 0.029314722084, 0.92970047663, 0.013850971212],
      [0.0093046363076, 0.5015162932, 0.29059099901, 0.19858807148],
      [0.065724357523, 0.54420769172, 0.12540574047, 0.26466221029]
    ],
    [
      [0.0080097893522, 0.11390148945, 0.81839864436, 0.059690076831],
      [0.59606374533, 0.018971231211, 0.3835514744, 0.001413549062],
      [0.21172923411, 0.62485179306, 0.12160510116, 0.041813871666],
      [0, 0, 1, 5.6764250992e-34],
      [0.020053540609, 0.43180708013, 0.39256728972, 0.15557208954],
      [0.14484737562, 0.46424246356, 0.17614838232, 0.21476177851]
    ],
    [
      [0.001984420458, 0.10135059148, 0.89666498806, 0],
      [0.23895418572, 0, 0.76104581428, 0],
      [0.035985819643, 0.41904492427, 0.54496925609, 0],
      [2.0816681712e-17, 6.162975822e-33, 1, 0],
      [0.0068624026962, 0.46556622314, 0.52757137416, 0],
      [0.058393327971, 0.58095507573, 0.3606515963, 0]
    ],
    [
      [0.0017905786383, 0.27242753421, 0.67080701981, 0.054974867335],
      [0.24298494265, 0.1632646764, 0.58861480371, 0.0051355772429],
      [0, 0.97054585514, 0, 0.02945414486],
      [0, 0.37196754957, 0.61893170154, 0.0091007488965],
      [0.0028463449052, 0.67692078376, 0.22049230281, 0.099740568515],
      [0.025213884491, 0.74369299547, 0.092526571583, 0.13856654846]
    ],
    [
      [0.0016353785645, 0.011413543556, 0.9767584263, 0.010192651577],
      [0.68362597513, 0.0028346712524, 0.31308591747, 0.00045343614938],
      [0.13333333333, 0.53333333333, 0.26666666667, 0.066666666667],
      [0, 0, 1, 0],
      [0.01580575247, 0.13891602072, 0.74978829778, 0.09548992903],
      [0.18556474515, 0.2207274065, 0.39346931708, 0.20023853126]
    ],
    [
      [0.0045520122045, 0.18919770084, 0.7030640108, 0.10318627616],
      [0.44891881439, 0.066261740059, 0.47780614733, 0.0070132982126],
      [0.035075664053, 0.88179333439, 0.010863219947, 0.072267781607],
      [0.028954240953, 0.048150614195, 0.90660698038, 0.016288164468],
      [0.0098822836865, 0.51654467173, 0.27236311695, 0.20120992764],
      [0.069771907159, 0.55040886459, 0.11533209114, 0.2644871371]
    ],
    [
      [0.0044493354459, 0.17825826296, 0.74514513983, 0.072147261759],
      [0.44188605347, 0.060672104204, 0.49279279329, 0.004649049037],
      [0.040387333575, 0.88983114026, 0.017293785192, 0.052487740972],
      [0.026326591563, 0.042679177173, 0.92057185353, 0.010422377737],
      [0.010804965016, 0.53246868433, 0.30142742836, 0.15529892229],
      [0.076331540612, 0.58363966902, 0.12885180677, 0.2111769836]
    ],
    [
      [0.012595084444, 0.20607288528, 0.69546227025, 0.085869760034],
      [0.67885499681, 0.039374155452, 0.27912140021, 0.0026494475278],
      [0.093595123129, 0.85653034963, 0, 0.049874527237],
      [0.12278888857, 0.035262815944, 0.83219200795, 0.0097562875351],
      [0.026439026763, 0.54965062604, 0.25769929005, 0.16621105715],
      [0.15265928262, 0.54231363326, 0.099148570717, 0.2058785134]
    ],
    [
      [0.0037154214351, 0.19981392773, 0.6994483911, 0.097022259743],
      [0.38896993234, 0.077625229748, 0.52606072763, 0.0073441102886],
      [0.027669677943, 0.89824742454, 0.0086549825486, 0.065427914967],
      [0.023432163862, 0.055786755542, 0.9049359649, 0.015845115701],
      [0.0081237583023, 0.53588173174, 0.27032546036, 0.18566904961],
      [0.058026446603, 0.57917773389, 0.11620199735, 0.24659382216]
    ],
    [
      [0.0030439538212, 0.1866435163, 0.71766038195, 0.092652147925],
      [0.34307490169, 0.075103447508, 0.57454289066, 0.0072787601483],
      [0.023413168417, 0.8870993624, 0.023390791087, 0.066096678099],
      [0.018724305013, 0.038175890918, 0.92922422443, 0.013875579639],
      [0.0068552729494, 0.51978765638, 0.28972503528, 0.18363203539],
      [0.051140238248, 0.57332585146, 0.12730586387, 0.24822804642]
    ],
    [
      [0.0043966609073, 0.19479782836, 0.72218761789, 0.078617892846],
      [0.41361452804, 0.069589342267, 0.51143285994, 0.0053632697512],
      [0.033517548395, 0.89512450021, 0.017791555072, 0.053566396324],
      [0.028107334917, 0.040699902848, 0.92025715993, 0.010935602303],
      [0.0097771214402, 0.54330248202, 0.29090302029, 0.15601737625],
      [0.069241416626, 0.59414113506, 0.12721141681, 0.2094060315]
    ],
    [
      [0.0023780421382, 0.20232292566, 0.63387178416, 0.16142724805],
      [0.34086937138, 0.09642532428, 0.5469673318, 0.01573797254],
      [0, 0.88688112385, 0, 0.11311887615],
      [0.029325913026, 0.10637075004, 0.82844756456, 0.03585577238],
      [0.0037061169528, 0.50032441191, 0.21149554486, 0.28447392628],
      [0.036736675557, 0.51293753083, 0.088228170626, 0.36209762299]
    ],
    [
      [0.0040545747354, 0.20571150574, 0.67555428278, 0.11467963674],
      [0.41204005911, 0.081845523856, 0.49707494921, 0.0090394678268],
      [0.022839416399, 0.90046534532, 0, 0.076695238281],
      [0.031277347131, 0.072425833183, 0.8752665791, 0.021030240581],
      [0.0084850039702, 0.52990439793, 0.25039452324, 0.21121607486],
      [0.059470583795, 0.5609490191, 0.10502067347, 0.27455972364]
    ],
    [
      [0.0037267193299, 0.18269093427, 0.71100992756, 0.10257241884],
      [0.38493820822, 0.068534129459, 0.53893635681, 0.0075913055152],
      [0.029497753485, 0.87379573199, 0.022981975308, 0.073724539222],
      [0.023781598706, 0.035735262303, 0.92494696708, 0.015536171911],
      [0.0082902405595, 0.50500335796, 0.28493000042, 0.20177640107],
      [0.059237572882, 0.54830894947, 0.12381229427, 0.26864118337]
    ],
    [
      [0.0026336041808, 0.19695838182, 0.72761140354, 0.072796610465],
      [0.32498820678, 0.080196928708, 0.5892007702, 0.0056140943135],
      [0.020544866001, 0.91338864947, 0.01571126983, 0.050355214702],
      [0.014347479816, 0.044201517031, 0.93115988397, 0.010291119183],
      [0.0059755643839, 0.55259766012, 0.29596966422, 0.14545711128],
      [0.049051402326, 0.61911675219, 0.13187713342, 0.19995471207]
    ],
    [
      [0.0042303552909, 0.17052411491, 0.74495601338, 0.080289516421],
      [0.40109065298, 0.05903721791, 0.53467901104, 0.0051931180736],
      [0.035221734807, 0.88361717998, 0.019757754487, 0.061403330728],
      [0.026627371067, 0.013842885846, 0.95099510133, 0.0085346417564],
      [0.0098687850056, 0.50477882861, 0.31722833629, 0.1681240501],
      [0.070968439265, 0.56003726316, 0.14034655781, 0.22864773976]
    ],
    [
      [0.0026186205216, 0.19177114644, 0.74451324809, 0.06109698495],
      [0.31278780014, 0.075099816202, 0.60763842074, 0.0044739629217],
      [0.019397562531, 0.90943845703, 0.028394305595, 0.042769674839],
      [0.014114041743, 0.032727511732, 0.94529714794, 0.0078612985875],
      [0.0060445968505, 0.55471464331, 0.31338491239, 0.12585584745],
      [0.049359074856, 0.63264417895, 0.14204354735, 0.17595319885]
    ],
    [
      [0.0028646526289, 0.15645231517, 0.74558063496, 0.095102397243],
      [0.33089235151, 0.057313509656, 0.60502006963, 0.0067740691969],
      [0.040280877654, 0.83158946253, 0.052792282496, 0.07533737732],
      [0.0059940134486, 0, 0.98466249638, 0.0093434901713],
      [0.0068536711016, 0.46714221932, 0.32373323216, 0.20227087742],
      [0.051819288196, 0.52237436987, 0.14735925433, 0.27844708761]
    ],
    [
      [0.0031543682172, 0.1965261361, 0.71275052346, 0.087568972228],
      [0.34942894817, 0.079569988187, 0.56412411658, 0.00687694706],
      [0.02234380933, 0.90465487117, 0.012496512053, 0.060504807449],
      [0.017704624269, 0.050348656938, 0.91826761135, 0.013679107444],
      [0.0067813657971, 0.53934896236, 0.28248026394, 0.17138940791],
      [0.051780436072, 0.59311838976, 0.12363350054, 0.23146767364]
    ],
    [
      [0.0048387213907, 0.17676147849, 0.72773314772, 0.090666652401],
      [0.42881635674, 0.057632290777, 0.50782983239, 0.0057215200888],
      [0.040749448789, 0.85765225499, 0.036555542175, 0.065042754046],
      [0.031780359148, 0.021368697513, 0.93509885534, 0.011752087997],
      [0.01115228879, 0.50282772819, 0.30254504392, 0.1834749391],
      [0.07476133876, 0.54794729853, 0.13243067127, 0.24486069144]
    ],
    [
      [0.0017741546804, 0.16500425671, 0.76434940905, 0.06887217956],
      [0.2285918678, 0.073569520168, 0.69185055113, 0.0059880608962],
      [0.014942175163, 0.87288738497, 0.057867176694, 0.054303263169],
      [0.010800435436, 0.029714123597, 0.94980945001, 0.0096759909558],
      [0.0043423920377, 0.50474184391, 0.34085614335, 0.15005962071],
      [0.034732691978, 0.5909506239, 0.15924521069, 0.21507147343]
    ],
    [
      [0.0034298427703, 0.21760176302, 0.70023891225, 0.078729481955],
      [0.37311167101, 0.089992922909, 0.53073653997, 0.0061588661092],
      [0.012106925442, 0.93715110373, 0, 0.050741970828],
      [0.03293119858, 0.073751592457, 0.88028107268, 0.013036136284],
      [0.0072157660411, 0.57814232287, 0.26556424802, 0.14907766306],
      [0.054947428974, 0.63017533673, 0.11497465856, 0.19990257573]
    ],
    [
      [0.004627357651, 0.19450123999, 0.61681424485, 0.1840571575],
      [0.47829680259, 0.071742517704, 0.43653228594, 0.013428393771],
      [0.0063518614407, 0.8657822089, 0, 0.12786592966],
      [0.099462161715, 0.065401652935, 0.80000311077, 0.035133074578],
      [0.0089628570596, 0.46530208841, 0.20937815017, 0.31635690436],
      [0.059734046867, 0.46740913958, 0.081337146622, 0.39151966693]
    ],
    [
      [0.0036597908877, 0.23695670183, 0.68329223408, 0.076091273203],
      [0.38743319662, 0.093610929992, 0.51320861511, 0.0057472582858],
      [0, 0.95481474068, 0, 0.045185259324],
      [0.096654460867, 0.088242139199, 0.80272737501, 0.01237602493],
      [0.0074804132744, 0.60545893334, 0.24850018606, 0.13856046732],
      [0.055077506377, 0.65522961329, 0.10547905292, 0.1842138274]
    ],
    [
      [0.0056175869077, 0.20238928453, 0.71207938081, 0.079913747755],
      [0.4705281989, 0.06658976963, 0.45791040367, 0.0049716277999],
      [0.042592265541, 0.89687792102, 0.0082421415995, 0.052287671835],
      [0.037191818774, 0.050048712315, 0.9012808708, 0.01147859811],
      [0.012619332941, 0.55233534916, 0.27958509248, 0.15546022542],
      [0.082872517062, 0.59276370476, 0.11931353206, 0.20505024612]
    ],
    [
      [0.0034651920476, 0.20708415585, 0.67067664289, 0.11877400921],
      [0.38142011477, 0.086751259177, 0.52208458967, 0.0097440363813],
      [0.0054406710813, 0.91456730999, 0, 0.079992018929],
      [0.050481018524, 0.070808504191, 0.85735519088, 0.021355286404],
      [0.0070198321318, 0.53098021641, 0.24494246971, 0.21705748175],
      [0.051090326072, 0.56338285356, 0.10251884913, 0.28300797124]
    ],
    [
      [0.0056005797519, 0.21846285072, 0.64797829456, 0.12795827496],
      [0.51150510361, 0.071280507306, 0.40911513688, 0.0080992521994],
      [0.020012645663, 0.90113331928, 0, 0.078854035061],
      [0.13505610799, 0.063386114114, 0.78015264112, 0.021405136776],
      [0.0111128149, 0.53796085385, 0.22535339076, 0.22557294048],
      [0.075097264253, 0.54934392117, 0.091376149183, 0.28418266539]
    ],
    [
      [0.0028706612712, 0.20781369603, 0.68645282876, 0.10286281393],
      [0.35784046053, 0.087466987008, 0.54622000957, 0.0084725428885],
      [0.014197714666, 0.91690076342, 0, 0.068901521918],
      [0.024621185532, 0.071209362962, 0.88601689281, 0.0181525587],
      [0.0062306077087, 0.54410383298, 0.25673542046, 0.19293013885],
      [0.048571661005, 0.58492498932, 0.11061559361, 0.25588775607]
    ],
    [
      [0.0032941532867, 0.20434113057, 0.720022968, 0.072341748143],
      [0.36487073215, 0.080519366116, 0.54921569788, 0.0053942038585],
      [0.023239301302, 0.92068589225, 0.008319804191, 0.047755002261],
      [0.020498125788, 0.054431989707, 0.91433911448, 0.01073077002],
      [0.0073026614499, 0.56476108699, 0.28513601619, 0.14280023537],
      [0.055145497366, 0.62497875375, 0.12533367282, 0.19454207606]
    ],
    [
      [0.0062208288478, 0.21281734947, 0.67429711457, 0.10666470711],
      [0.51272262647, 0.068434087874, 0.41223802717, 0.0066052584878],
      [0.030985198942, 0.90147379237, 0, 0.067541008687],
      [0.076642505059, 0.062996264908, 0.84289848312, 0.017462746915],
      [0.013152838707, 0.54687761249, 0.24452344948, 0.19544609932],
      [0.084881810129, 0.56528511429, 0.10072674158, 0.249106334]
    ],
    [
      [0.0049146314594, 0.19683555776, 0.66974325883, 0.12850655195],
      [0.45288437971, 0.072785910032, 0.46478498417, 0.0095447260834],
      [0.03534603205, 0.87758027635, 0, 0.087073691596],
      [0.035227161933, 0.065235358177, 0.87550490736, 0.024032572527],
      [0.010108264872, 0.5064774455, 0.24732552357, 0.23608876606],
      [0.067677063736, 0.5284347985, 0.10137948561, 0.30250865215]
    ],
    [
      [0.0047898031965, 0.22047764333, 0.69622548719, 0.078507066284],
      [0.44690330018, 0.077194241963, 0.47060035097, 0.0053021068876],
      [0.023478705138, 0.92775791399, 0, 0.048763380873],
      [0.067439435871, 0.061695748519, 0.85846848272, 0.012396332891],
      [0.010165502805, 0.58038934249, 0.26204217017, 0.14740298453],
      [0.071713205001, 0.62219997513, 0.11171158806, 0.19437523181]
    ],
    [
      [0.005720188062, 0.19230462229, 0.62562223347, 0.17635295618],
      [0.54817620152, 0.061391640048, 0.37976347905, 0.010668679383],
      [0.038909055384, 0.84974380906, 0, 0.11134713555],
      [0.043113814652, 0.075629674321, 0.84770340378, 0.033553107248],
      [0.011051090662, 0.46680153942, 0.21051479023, 0.31163257968],
      [0.071292487258, 0.45867583642, 0.082948223818, 0.38708345251]
    ],
    [
      [0.0025880532752, 0.17521889664, 0.74010843661, 0.082084613475],
      [0.32184038344, 0.069638205711, 0.60236850019, 0.006152910653],
      [0.022929338493, 0.89280668124, 0.022727080518, 0.061536899751],
      [0.014674998522, 0.018399712622, 0.95742470987, 0.0095005789819],
      [0.0063991422392, 0.5123509866, 0.31122930451, 0.17002056665],
      [0.049591167151, 0.57547993856, 0.14036578106, 0.23456311323]
    ],
    [
      [0.0036760096942, 0.18156867137, 0.78091070746, 0.033844611479],
      [0.37329646344, 0.059626377263, 0.56516979895, 0.0019073603438],
      [0.030371568818, 0.91574326909, 0.029437450883, 0.024447711213],
      [0.021419311514, 0.0012758111557, 0.97505301517, 0.0022518621621],
      [0.0091584762763, 0.56603080592, 0.34981762215, 0.074993095655],
      [0.070648627424, 0.66015067339, 0.16152871425, 0.10767198493]
    ],
    [
      [0.002052871736, 0.18632525184, 0.76963062465, 0.041991251769],
      [0.26855370057, 0.079526962964, 0.6485203088, 0.0033990276629],
      [0.017739799763, 0.93535767383, 0.016145174237, 0.030757352168],
      [0.010688320852, 0.023409850729, 0.96125715221, 0.004644676211],
      [0.0053923458211, 0.56954510604, 0.33371226532, 0.091350282816],
      [0.042303762777, 0.66879646527, 0.15633267462, 0.13256709733]
    ],
    [
      [0.0026464877277, 0.20593176205, 0.69414637725, 0.097275372973],
      [0.33748612239, 0.094202119441, 0.5602794259, 0.0080323322629],
      [0.011293254961, 0.92776875316, 0, 0.060937991879],
      [0.0056008090164, 0.079576275544, 0.89863012788, 0.016192787555],
      [0.0040717341016, 0.55416053448, 0.25259830049, 0.18916943093],
      [0.037724560303, 0.59917638223, 0.10510807446, 0.25799098301]
    ],
    [
      [0.0031999433459, 0.20179248046, 0.69871074717, 0.096296829023],
      [0.35912586503, 0.083002937614, 0.55012064941, 0.0077505479448],
      [0.023000150983, 0.90781105611, 0.0035180681307, 0.065670724773],
      [0.019718173508, 0.060823859193, 0.90324061679, 0.016217350506],
      [0.0068670693669, 0.54017471095, 0.26927311788, 0.18368510181],
      [0.05173522736, 0.58689936629, 0.11644449626, 0.24492091009]
    ],
    [
      [0.0053500870133, 0.19901309637, 0.67745474538, 0.11818207124],
      [0.46493939395, 0.071138394462, 0.45546325734, 0.0084589542477],
      [0.037400930621, 0.88268782256, 0, 0.079911246818],
      [0.042001548753, 0.058630486437, 0.87894087065, 0.020427094164],
      [0.011398421805, 0.51734676967, 0.25229707806, 0.21895773046],
      [0.073386359809, 0.54140829515, 0.10409435241, 0.28111099264]
    ],
    [
      [0.0068146576947, 0.18831941647, 0.690764469, 0.11410145683],
      [0.50788791434, 0.057630189557, 0.42758601144, 0.0068958846677],
      [0.055369626433, 0.85802145491, 0.0083571130254, 0.07825180563],
      [0.049839128271, 0.040147635408, 0.89250019968, 0.017513036639],
      [0.014648498019, 0.50261146579, 0.26596815282, 0.21677188337],
      [0.08969945612, 0.52342775662, 0.11016131918, 0.27671146809]
    ],
    [
      [0.0031571668725, 0.23330887335, 0.68350081113, 0.080033148647],
      [0.3659785691, 0.10842158047, 0.51847644845, 0.0071234019733],
      [0.013103898076, 0.93823707479, 0, 0.048659027135],
      [0.018993598799, 0.098640741853, 0.86731014231, 0.015055517035],
      [0.0068393203944, 0.59554060643, 0.25130885666, 0.14631121652],
      [0.050644866114, 0.64792953141, 0.1061800988, 0.19524550367]
    ]
  ],
  "expected_outcome": [
    [
      [0, 0.096547970151, 0.12191347595, 0.04681291027, 0.094957230568, 0.066359414894, 0.016019578704, 0, 0, 0, 0.031864085431, 0.0044493354459, 0.012595084444, 0.10031637875, 0.12784606049, 0.15827979266, 0.0095121685527, 0.25543820833, 0.10434814124, 0.10007695887, 0.232669541, 0.060228271996, 0.014323263144, 0.031543682172, 0.13548419894, 0.024838165525, 0.065167012635, 0.027764145906, 0.09515456308, 0.078646216708, 0.034651920476, 0.033603478511, 0.045930580339, 0.023059073007, 0.055987459631, 0.07371947189, 0.062267441555, 0.005720188062, 0.059525225331, 0.02573206786, 0.02052871736, 0, 0.84798498665, 0.19795321949, 0.57243124635, 0.041043169343],
      [0.48338409834, 5.7154292457, 5.5551270333, 2.0605043002, 3.9865882706, 2.8573013079, 0.2278029789, 0, 0, 0, 1.3243839059, 0.17825826296, 0.20607288528, 5.3949760486, 7.8390276848, 7.012721821, 0.80929170262, 12.9598248618, 5.1153461595, 7.4844185091, 9.37882632, 4.4107363681, 0.78226157585, 1.965261361, 4.9493213977, 2.3100595939, 4.1344334974, 1.16700744, 6.1608742476, 2.8334499835, 2.0708415585, 1.3107771043, 3.3250191365, 1.430387914, 1.9153561452, 2.9525333664, 2.8662093633, 0.19230462229, 4.0300346227, 1.2709806996, 1.8632525184, 0, 53.4750073228, 7.3634845656, 15.8188309833, 3.0330153536],
      [0.92769523858, 20.2729242953, 19.630917871, 5.4915084402, 17.5767165503, 11.4874743864, 1.6367972887, 0, 0, 0, 4.9214480756, 0.74514513983, 0.69546227025, 18.8851065596, 30.1417360419, 25.9987542439, 2.5354871366, 42.5599198152, 19.9082779718, 27.6492333344, 40.9725807359, 17.1238047061, 3.7279031748, 7.1275052346, 20.3765281362, 10.7008917267, 13.3045393328, 3.7008854691, 17.765598086, 9.9691113313, 6.7067664289, 3.8878697674, 10.9832452602, 5.040160776, 6.0686740312, 10.0461488824, 9.0509313334, 0.62562223347, 17.0224940421, 5.4663749522, 7.6963062465, 0, 185.1583479994, 25.0658255791, 58.0242153963, 8.8855105447],
      [0.58892066309, 2.9150984888, 2.6920416197, 0.40117434933, 2.3417379486, 1.5888648908, 0.11938015366, 0, 0, 0, 0.7223039331, 0.072147261759, 0.085869760034, 2.6196010131, 3.8913902128, 2.8302441425, 0.6457089922, 7.2248171147, 2.8720277275, 2.7662711977, 4.4159234032, 1.4052306538, 0.47551198621, 0.87568972228, 2.5386662672, 0.96421051383, 1.4958601571, 1.104342945, 1.9783731033, 1.1187924686, 1.1877400921, 0.76774964979, 1.6458050229, 0.506392237, 0.95998236395, 1.9275982793, 1.0205918617, 0.17635295618, 1.8879461099, 0.23691228035, 0.41991251769, 0, 25.5186596911, 4.3727366359, 9.5845223741, 1.0404309324]
    ],
    [
      [0.98740857811, 48.8044874205, 44.283419865, 45.8800856006, 30.6159070468, 29.2041600706, 1.1921274907, 0.71686255716, 0.9719397706, 0, 1.3467564432, 2.6513163208, 4.7519849776, 24.8940756696, 29.8475164469, 24.4032571546, 4.0904324565, 65.5143693985, 26.5607363671, 39.6485612273, 37.7025213802, 34.4066580153, 5.6251699757, 29.0026026983, 33.4476758261, 6.8577560341, 31.3413803651, 2.3914840129, 16.6596274545, 13.6453177682, 17.5453252794, 1.5345153108, 8.5881710527, 5.1081902501, 7.690839397, 24.9086408842, 6.7035495027, 1.6445286046, 12.8736153378, 7.0926328055, 2.6855370057, 1.687430612, 235.5865674587, 85.0839090936, 157.4452534454, 42.8194925852],
      [0.95215419365, 10.6024607883, 7.7619573518, 9.4459338087, 4.4846240297, 4.5557385348, 0.037942462421, 0, 0.65305870559, 0, 0.19878522018, 0.36403262522, 0.27561908817, 4.9680147038, 6.5339999332, 4.1057711937, 1.1571038914, 13.0134382931, 4.7288549326, 9.7840253024, 5.5494984835, 8.2609797822, 0.97432966415, 6.6043090196, 4.4953186806, 2.207085605, 7.5594055243, 0.35871258852, 4.0252699897, 1.9311033193, 3.9905579221, 0.21384152192, 2.0992076882, 1.1272711256, 1.0265113181, 4.0032250518, 1.1579136295, 0.18417492015, 2.7855282284, 1.132901168, 0.79526962964, 0.47101059721, 54.4499270745, 13.0183261865, 17.8653587627, 12.685324915],
      [1.8707237933, 72.5290068125, 53.2238734234, 40.3512829199, 42.3916471947, 37.7475021007, 0.7671029488, 2.2831374428, 2.3544592148, 0, 1.433418442, 2.9567567597, 1.9538498015, 33.6678865681, 49.9852314871, 30.1745387363, 6.5636079816, 79.0349169239, 37.1866086197, 71.8824939641, 50.2598270374, 66.840226281, 10.2853411838, 46.8223016762, 39.6107269264, 20.755516534, 44.5818693573, 2.1826614297, 22.0679704496, 13.2794017063, 24.0158911249, 1.2273454106, 13.1092802298, 7.6890197703, 6.1835704076, 25.5631741294, 7.0590052645, 1.1392904372, 24.0947400077, 10.73822618, 6.485203088, 2.8013971295, 360.879146015, 83.3497760926, 132.5516635449, 60.6617444689],
      [0.1897134349, 1.0640449787, 0.73074935981, 0.3226976707, 0.50782172884, 0.49259929396, 0.0028270981241, 0, 0.020542308972, 0, 0.021039894638, 0.027894294222, 0.018546132694, 0.47002305847, 0.6332521329, 0.31643291532, 0.18885567048, 1.4372753845, 0.52380008055, 0.68491950624, 0.48815309892, 0.49213592139, 0.11515917635, 0.57078660598, 0.44627856693, 0.17964182689, 0.51734475317, 0.067141968857, 0.24713210629, 0.1441772062, 0.44822567354, 0.024297756598, 0.20334102932, 0.075518854018, 0.099078877317, 0.52495993459, 0.079531603313, 0.032006038148, 0.24611642612, 0.036239846532, 0.033990276629, 0.040161661314, 5.0843594518, 1.5479886273, 2.137724247, 0.83343803087]
    ],
    [
      [0, 4.6557486891, 6.0182448147, 1.7681579588, 5.7326713417, 3.5398698922, 1.4821046388, 0.10795745893, 0, 2, 2.7008261321, 2.0193666787, 1.6847122163, 2.4626013369, 12.5962846085, 10.8596856801, 0, 11.4197081997, 9.0263125664, 4.9102229743, 5.8468079779, 5.8192687594, 3.021065824, 5.2061075738, 14.5883026666, 4.9906865046, 4.140568501, 0.55896380678, 0, 7.4962387352, 1.6648453509, 2.6816945188, 1.7321211893, 2.6260410471, 4.9266466318, 5.0544825832, 7.8653662213, 0.50581772, 2.0407111258, 1.1844911839, 0.4789745936, 0.10163929465, 66.1944345304, 21.8047425521, 58.1934773806, 1.5986755652],
      [5.7093619228, 166.8640092472, 167.2314006369, 53.6736627732, 146.2716685236, 93.0694805742, 4.3739625514, 1.2571347728, 22.3225546682, 8, 67.8980867482, 44.4915570131, 15.4175462934, 79.9440207842, 477.2594569698, 290.0203380675, 54.0997485546, 450.2326726597, 267.3814939875, 218.2998872227, 146.6804518763, 272.8315371104, 62.3692096897, 210.7845849822, 307.0395072866, 291.5443865813, 320.5056774758, 76.1888343833, 578.6177328494, 157.8505141003, 279.8575968567, 120.7518647829, 111.8618931366, 104.0375058238, 143.3343329869, 125.4939795185, 310.7989011861, 11.0466695178, 79.4597946303, 35.7139874944, 25.2546571935, 8.3499187784, 2612.6802194931, 514.6070005529, 901.7805491122, 114.4649231243],
      [0, 1.6555327351, 1.5708015472, 0, 4.2593984131, 1.6741048589, 0.85123570811, 1.6349077683, 0, 4, 0.83646793595, 0.86468925962, 0, 0.77029344683, 12.5842456046, 5.7644638435, 0, 0, 7.0324844441, 3.7549934893, 3.2797872449, 8.5182916784, 3.9594211872, 2.9116873083, 13.0868840985, 19.3276370157, 0, 0, 0, 1.4506169215, 0, 0, 0, 0.94013787358, 0, 0, 0, 0, 2.0227101661, 1.1480605844, 0.43591970439, 0, 10.12500008, 0, 8.7833257897, 0],
      [1.2906380772, 12.8247093286, 12.1795530012, 1.558179268, 12.7362617215, 7.7165446746, 0.29269710166, 0, 0.67744533178, 1, 5.5646191838, 2.6243870486, 0.89774149027, 5.823084432, 35.560012817, 17.3555124089, 6.9002514454, 38.3476191405, 22.5597090019, 12.0348963137, 10.1929529009, 12.8309024518, 5.650303299, 14.0976201356, 23.2853059483, 18.1372898984, 17.3537540232, 11.25220181, 27.3822671506, 9.202630243, 24.4775577924, 10.5664406982, 8.4059856741, 5.3963152555, 10.7390203813, 12.4515378983, 16.3357325926, 1.4475127622, 5.4767840778, 0.9534607373, 0.83044850853, 0.54844192691, 189.0003458966, 46.588256895, 82.2426477175, 5.9364013105]
    ],
    [
      [0, 11.8278261279, 16.9831546585, 9.3333093513, 11.1094722364, 9.2526360545, 0, 1.6653345369e-16, 0, 0, 0.69490178287, 0.052653183126, 3.1925111028, 9.16197607, 9.4557740317, 10.7370019382, 1.6129252165, 20.5804944121, 7.2296060065, 7.0302651096, 16.8284985141, 4.9258005682, 0.63536542555, 5.594661269, 10.07437385, 1.0152409309, 9.1878044038, 3.48117566, 17.4944574169, 6.248225554, 9.1370643528, 3.2413465918, 3.0284058205, 1.2913819247, 4.8284778187, 9.7579238554, 5.732352049, 1.8107802154, 3.7127746261, 2.1633504629, 1.5818714861, 0.089612944263, 64.7544818012, 21.1687805715, 58.3117800765, 5.1282716758],
      [1.4418972187, 33.5244374869, 31.1377484849, 19.2074082983, 4.1835940013, 9.9963202307, 0, 4.9303806576e-32, 2.603772847, 0, 1.1556147407, 0.085358354345, 0.91683321454, 21.812621417, 19.2788249137, 15.5473628881, 5.8503912521, 47.6561982347, 10.8635197401, 21.6587433451, 8.7487038544, 11.4219015945, 0, 15.9101755923, 6.7738771116, 2.7931276182, 20.5766942956, 2.2890578527, 15.971827195, 8.4081836689, 12.8163392585, 1.5212667387, 8.7587516443, 3.4292153515, 3.9687646892, 18.070194215, 5.2441386241, 3.1764463215, 4.6551272934, 0.12885692673, 3.4646579079, 1.2732204087, 199.7455535913, 29.5497651644, 46.9727334269, 26.6330003004],
      [3.1691550636, 547.5015270022, 527.9159605292, 168.8094739473, 419.722391864, 317.0278625316, 19, 8, 4.3325219108, 1, 21.7585675292, 1.8411437071, 21.6369922067, 353.829962274, 469.2582333367, 351.5382350939, 45.5646160506, 575.9254090509, 281.1838779924, 456.2683431456, 601.0289040414, 329.9087046303, 104.3742246163, 290.1725651865, 296.4263371435, 89.2820883011, 245.5984192774, 28.000108877, 145.2936548759, 151.4151862947, 155.1812895496, 18.7236633869, 108.9800778151, 57.6033642125, 53.1026044364, 242.5148593397, 72.9698210311, 35.6035429587, 242.228451598, 98.480354532, 142.2660585267, 14.3780820462, 2966.2421855446, 442.9861988057, 1044.2252336295, 234.1737384244],
      [0.38894771777, 10.146209383, 8.9631363274, 1.6498084031, 4.9845418983, 4.7231811833, 1.0785207689e-32, 0, 0.063705242275, 0, 0.39091594724, 0.020844755475, 0.25366347591, 6.195440239, 7.0071677178, 4.1774000798, 1.9720674809, 13.8378983024, 4.722996261, 5.0426483996, 5.3938935901, 2.743593207, 0.99040995816, 4.3225979523, 3.725411895, 0.90954314984, 3.6370820232, 1.2296576102, 2.2400605122, 1.9284044825, 3.865306839, 0.51372328263, 2.2327647201, 0.67603851124, 1.1001530557, 6.6570225899, 1.0536882957, 1.4092305044, 2.4036464824, 0.22743807837, 0.68741207923, 0.25908460089, 53.257779063, 10.2952554585, 20.4902528671, 4.0649895995]
    ],
    [
      [0, 0.43314718493, 0.55681752923, 0.26844387287, 0.41348603934, 0.21400663507, 0.020053540609, 0, 0.0028463449052, 0, 0.039529134746, 0.043219860062, 0.052878053525, 0.16247516605, 0.5689876548, 0.51818743633, 0.06671010515, 0.72122533746, 0.47254371189, 0.49597184386, 0.62173345535, 0.35663121418, 0.08224405322, 0.28481736348, 0.79181250409, 0.17369568151, 0.39686713226, 0.062739999417, 0.50118768938, 0.54263131645, 0.23867429248, 0.1333537788, 0.16822640813, 0.12414524465, 0.3945851612, 0.24259835693, 0.34562709538, 0.033153271986, 0.17277684046, 0.10990171532, 0.021569383284, 0.0081434682033, 4.3880573254, 1.1398421805, 2.6367296434, 0.095750485522],
      [0, 31.7673427033, 31.5104107589, 14.3365690668, 21.6810137905, 11.5348747435, 0.43180708013, 0, 0.67692078376, 0, 2.0661786869, 2.1298747373, 1.0993012521, 10.7176346347, 43.1423754796, 28.7950315469, 9.0058394144, 45.0418738237, 28.7851914034, 45.8656057897, 31.8010662024, 32.7281639553, 5.6057066319, 22.6526564191, 35.7007687015, 20.1896737562, 31.7978277579, 3.2571146189, 40.565748534, 23.7504200139, 18.0533273578, 6.4555302462, 14.6908034904, 9.6009384789, 16.4063283747, 12.1554586919, 19.7332376446, 1.4004046183, 13.8334766382, 6.792369671, 2.2781804242, 1.108321069, 345.1716402976, 51.7346769674, 90.4700638417, 8.33756849],
      [0, 16.2499157153, 16.048593983, 5.4030300828, 13.8598456661, 6.6835929773, 0.39256728972, 0, 0.22049230281, 0, 1.0894524678, 1.2057097134, 0.51539858009, 5.4065092071, 24.0471779279, 15.4178600754, 3.8069198074, 21.2835344756, 16.2410100239, 24.5654821302, 19.985385186, 18.4897098311, 3.8847987859, 11.8641710853, 21.480698118, 13.634245734, 14.6060336414, 1.4656470512, 16.6495124659, 12.0221589768, 8.3280439702, 2.7042406892, 6.9318563525, 4.8473122753, 7.3357034844, 5.9358125657, 8.9094337859, 0.6315443707, 8.4031912218, 4.1978114658, 1.3348490613, 0.50519660097, 172.0655223235, 25.2297078061, 47.8742675083, 3.5183239932],
      [0, 11.5495943965, 10.8841777288, 1.9919569776, 9.0456545041, 4.5675256441, 0.15557208954, 0, 0.099740568515, 0, 0.80483971055, 0.62119568916, 0.33242211429, 3.7133809921, 15.2414589377, 8.2689209414, 5.120530673, 17.9533663633, 11.5012548607, 12.0729402362, 10.5918151563, 7.4254949994, 2.427250529, 7.1983551321, 13.0267206764, 6.0023848283, 8.1992714685, 2.2144983305, 9.2835513108, 6.6847896929, 7.3799543795, 2.7068752858, 5.209113749, 2.4276040012, 5.8633829797, 5.6661303855, 5.0117014742, 0.93489773905, 4.5905552995, 0.89991714786, 0.36540113126, 0.37833886187, 117.3747800535, 21.895773046, 39.0189390066, 2.0483570313]
    ],
    [
      [0.012591421893, 2.1822426074, 2.0364496566, 0.70319030617, 2.0335061052, 0.72296793275, 0.28969475123, 0.17517998391, 0.025213884491, 0, 1.1861224217, 0.22899462184, 0.30531856525, 1.2185553787, 2.4035911976, 3.323587998, 0.22042005334, 3.5087644439, 2.6064532068, 1.814901886, 2.7677691314, 1.4314131708, 0.62183145835, 0.88026741323, 3.9623509543, 0.93778268342, 1.8682125851, 0.47787237493, 3.2495728762, 1.9889404095, 1.3794388039, 0.37548632126, 0.43714494905, 0.82718246048, 1.1034635317, 1.9626348483, 1.29083769, 0, 1.1405968445, 0.42389176454, 0.21151881388, 0.11317368091, 20.2284738977, 6.6047723828, 11.8403282078, 1.316766519],
      [0.41320256658, 23.5263205286, 17.8033557341, 6.2759217528, 16.3925113843, 5.9862846089, 0.92848492712, 1.7428652272, 0.74369299547, 0, 9.3569506981, 1.7509190071, 1.0846272665, 12.1627324117, 26.9463150188, 28.5187744827, 3.077625185, 33.095992127, 24.1255937768, 22.907319831, 21.8414532634, 18.3466811895, 6.2684924384, 10.0830126258, 29.0412068221, 15.9556668454, 21.4259614489, 3.7392731166, 38.6585471844, 14.2263289143, 15.2113370462, 2.7467196058, 5.2643249039, 9.3746813062, 7.3487064858, 15.3246091565, 11.1995995524, 0, 13.236038587, 3.9609040404, 3.3439823264, 1.7975291467, 229.4776522207, 48.7267465632, 69.0924638733, 16.8461678166],
      [0.032425904503, 4.7910934396, 3.6098526463, 0.94470460982, 4.1900003118, 1.3794631452, 0.35229676464, 1.0819547889, 0.092526571583, 0, 1.9606455495, 0.3865554203, 0.19829714143, 2.4402419444, 5.9833756018, 6.106148007, 0.52936902376, 6.1962197345, 5.4477409481, 4.8794539364, 5.4735157545, 4.1192628732, 1.768311052, 2.1017695091, 7.0188255774, 4.2996206885, 3.9091383911, 0.65069717298, 6.2232641225, 2.8635247694, 2.7680089264, 0.45688074592, 0.99554034247, 1.8800050923, 1.3094476405, 2.9400050827, 2.010808585, 0, 3.2284129643, 0.96917228552, 0.7816633731, 0.31532422337, 45.5297980375, 9.3684917166, 14.5412941313, 2.7606825689],
      [0.54178010702, 10.5003434245, 7.550341963, 1.0761833312, 8.3839821986, 2.9112843132, 0.42952355701, 0, 0.13856654846, 0, 4.4962813307, 0.6335309508, 0.41175702679, 5.1784702653, 11.6667181817, 10.0514895122, 2.1725857379, 16.1990236947, 11.8202120683, 7.3983243466, 8.9172618507, 5.1026427665, 3.3413650513, 3.9349504518, 12.9776166462, 5.8069297827, 6.7966875748, 3.1321573354, 10.8686158168, 4.9212059068, 7.6412152234, 1.420913327, 2.3029898046, 2.918131141, 3.2383823421, 8.7727509124, 3.4987541725, 0, 5.3949516042, 0.64603190959, 0.66283548665, 0.77397294902, 95.764075844, 25.2999893374, 36.5259137877, 5.0763830955]
    ]
  ],
  "prob": [
    [0.003930311662, 0.19610142364, 0.70481571461, 0.095152550088],
    [0.39585500851, 0.076432223521, 0.52066552017, 0.0070472477976],
    [0.026634927062, 0.89753670615, 0.010477182582, 0.065351184202],
    [0.028279680529, 0.050206868704, 0.90658671898, 0.014926731787],
    [0.0085424595674, 0.53389603154, 0.27492058569, 0.1826409232],
    [0.061299383419, 0.57651032892, 0.11862455644, 0.24356573122]
  ],
  "iterations": 173,
  "logLik": -494.0504293224,
  "time": 0.001624,
  "message": "Converged",
  "status": 0,
  "miniter": 0,
  "maxiter": 1000,
  "maxtime": 3600,
  "param_threshold": 0.001,
  "ll_threshold": "-Inf",
  "initial_prob": "random",
  "adjust_prob_cond_method": "project_lp",
  "adjust_prob_cond_every": false,
  "candidates_id": ["LECKINGER, Richard John.c", "BEAUMONT, Carol Ann.c", "LOTU-IIGA, Peseta Samuelu Masunu.c", "Other candidates votes.c"],
  "group_id": ["Conservative.p", "Green Party.p", "Labour Party.p", "National Party.p", "New Zealand First Party.p", "Other parties votes.p"]
}
