{
  "Z_true": {},
  "V_true": [
    [7, 55, 852, 336],
    [154, 163, 13419, 1358],
    [175, 8421, 581, 920],
    [584, 241, 349, 89],
    [36, 491, 620, 1217]
  ],
  "p_true": [
    [0.0056, 0.044, 0.6816, 0.2688],
    [0.0102, 0.0108, 0.889, 0.09],
    [0.0173, 0.834, 0.0575, 0.0911],
    [0.4624, 0.1908, 0.2763, 0.0705],
    [0.0152, 0.2077, 0.2623, 0.5148]
  ],
  "Z_est": [
    [
      [0, 0, 0, 0, 0, 0, 0, 0, 0, 0, 0, 0, 0, 0, 0, 0, 0, 0, 0, 0, 0, 0, 0, 0, 0, 0, 0, 0, 0],
      [11.2089, 3.3575, 2.2477, 5.7161, 7.2344, 7.6863, 5.3886, 2.3371, 5.9692, 1.0569, 7.8001, 2.6199, 6.4455, 14.2938, 1.5183, 2.8432, 0.7294, 1.3695, 0.8931, 1.6225, 1.176, 2.4264, 3.8107, 7.815, 0, 10.6284, 5.8947, 9.5268, 2.3483],
      [54.9775, 22.7518, 50.004, 19.995, 54.8516, 25.0475, 30.6796, 6.3144, 18.1919, 2.9006, 38.6131, 19.0031, 67.8396, 56.2421, 14.24, 17.7935, 13.3116, 8.8402, 13.1539, 18.8242, 3.3677, 10.9672, 21.0265, 31.8474, 0, 34.4064, 40.0305, 57.09, 19.3157],
      [17.8136, 11.8907, 7.7483, 11.2889, 13.9139, 9.2662, 16.9318, 6.3485, 15.8389, 2.0426, 20.5868, 9.377, 19.7149, 19.4641, 7.2417, 9.3633, 5.959, 10.7903, 6.9529, 10.5533, 3.4563, 7.6064, 8.1628, 13.3377, 0, 20.9652, 16.0748, 34.3832, 5.3361]
    ],
    [
      [8.4366, 7.4514, 0, 7.6528, 6.6454, 4.7467, 15.5179, 28.8194, 13.328, 4.5031, 16.5149, 7.4156, 8.5625, 9.7262, 4.6954, 3.4683, 9.866, 10.2765, 6.4304, 13.4649, 13.469, 5.4632, 4.448, 9.565, 1.4867, 13.5415, 7.548, 23.7024, 1.1222],
      [0.8646, 0.7636, 1.8272, 2.1132, 0.681, 3.2242, 0.5618, 0.2437, 0.6223, 1.4625, 0.8132, 0.2731, 1.2721, 0.9968, 1.4042, 0.2964, 0.076, 0.1428, 0.0931, 0.1692, 3.6073, 0.253, 6.6115, 1.795, 0.4109, 2.4958, 4.402, 1.5122, 0.4819],
      [423.7651, 375.7754, 116.8662, 326.2864, 335.1553, 236.2044, 802.5642, 812.1815, 678.5245, 123.5794, 848.4663, 380.768, 530.3282, 489.3538, 513.6202, 390.803, 451.8884, 699.2931, 331.3049, 648.7135, 523.2268, 276.2373, 274.3053, 484.9886, 72.3757, 682.4033, 462.0218, 1272.6453, 121.5689],
      [37.9337, 32.0096, 10.3065, 28.9476, 28.5183, 20.8247, 55.3561, 59.7554, 52.5252, 4.4551, 56.2056, 25.5433, 46.8372, 42.9232, 28.2802, 34.4323, 24.1695, 47.2876, 21.1716, 33.6525, 50.697, 23.0466, 20.6352, 37.6514, 8.7267, 57.5594, 53.0282, 148.1401, 10.827]
    ],
    [
      [1.5076, 0.1262, 0, 1.9248, 1.9545, 1.731, 1.9152, 1.2545, 2.1124, 0.3561, 11.2848, 1.3028, 2.252, 1.8476, 0.5341, 1.0057, 0.3561, 0.5678, 1.2917, 0.6015, 0.3753, 1.3849, 1.2704, 3.757, 2.254, 2.9952, 2.0258, 3.3491, 0],
      [740.2293, 511.3868, 146.5383, 375.7857, 477.9252, 467.9363, 355.6521, 154.2126, 393.991, 68.3985, 514.8448, 172.9152, 424.8374, 907.969, 98.963, 187.6651, 48.1115, 90.3655, 58.9218, 107.029, 74.105, 160.1466, 245.3211, 514.882, 24.5543, 700.1596, 385.3028, 628.8469, 149.1279],
      [15.7476, 22.8688, 5.4026, 3.0491, 12.8618, 3.0762, 16.6458, 3.1808, 18.5661, 1.9309, 38.5106, 18.0271, 16.6742, 38.4647, 2.2813, 6.5067, 18.3297, 11.6784, 10.2406, 5.5566, 1.4509, 9.0241, 5.6403, 7.6232, 2.3563, 35.9937, 11.6989, 15.454, 6.6524],
      [30.5155, 21.6183, 7.0591, 19.2404, 15.2584, 13.2565, 23.787, 12.3522, 24.3305, 3.3144, 30.3597, 12.7549, 24.2364, 21.7187, 9.2216, 13.8225, 7.2027, 15.3883, 8.546, 11.8129, 2.0687, 14.4444, 11.7683, 19.7378, 2.8354, 37.8515, 21.9724, 48.35, 9.2196]
    ],
    [
      [18.8314, 15.4429, 0.8222, 16.7316, 11.132, 9.1434, 26.1415, 30.766, 23.2011, 6.6511, 34.6845, 12.6578, 20.4276, 18.8461, 7.925, 8.6806, 12.7984, 13.8205, 11.1876, 22.1087, 15.7535, 10.4173, 10.7248, 20.3866, 4.4809, 30.3265, 17.5575, 33.7884, 1.3443],
      [0.5108, 0.3643, 0.3493, 0.29, 0.039, 0.0347, 0.3079, 0.1679, 0.3183, 0.0645, 0.4122, 0.1482, 0.3378, 1.5115, 0.0892, 0.148, 0.0709, 0.0995, 0.0771, 0.1524, 0.0922, 0.1337, 0.1933, 0.3781, 0.0285, 0.5394, 0.3025, 0.1141, 0.0043],
      [33.5495, 29.5394, 2.9164, 28.6577, 10.7993, 11.0393, 37.4448, 20.4944, 32.4163, 9.2868, 36.1763, 16.7877, 36.4198, 26.786, 10.5356, 14.7235, 14.3456, 12.8448, 15.3682, 35.5845, 12.374, 14.6662, 19.5485, 30.4158, 4.4929, 54.1161, 30.0318, 29.4375, 1.1179],
      [7.1082, 5.6533, 1.9121, 5.3208, 5.0298, 3.7827, 8.1058, 3.5717, 8.0643, 0.9976, 9.727, 4.4063, 7.8149, 7.8564, 3.4502, 4.4478, 2.7851, 6.2353, 3.367, 5.1545, 4.7804, 3.7827, 3.5333, 5.8196, 0.9976, 10.018, 7.1082, 15.6601, 0.5335]
    ],
    [
      [6.2244, 4.9795, 0.1778, 5.6909, 4.2682, 3.379, 9.4255, 13.1601, 8.3585, 2.4898, 13.5158, 4.6238, 6.7579, 6.5801, 2.8454, 2.8454, 4.9795, 5.3352, 4.0903, 7.8249, 6.4022, 3.7346, 3.5568, 7.2914, 1.7784, 10.1369, 5.8687, 13.1601, 0.5335],
      [0.1864, 0.1277, 0.0374, 0.095, 0.1203, 0.1186, 0.0896, 0.0389, 0.0993, 0.0176, 0.1297, 0.0436, 0.1072, 0.2289, 0.0252, 0.0473, 0.0121, 0.0228, 0.0149, 0.027, 0.0196, 0.0403, 0.0634, 0.1299, 0.0062, 0.1767, 0.098, 0, 0.0376],
      [13.9602, 15.0646, 2.8108, 16.0118, 14.332, 10.6326, 16.6656, 16.8288, 21.3012, 3.3024, 28.2337, 15.4141, 20.7383, 30.1534, 3.323, 5.1732, 2.1247, 15.3435, 10.9323, 15.3212, 9.5806, 8.1052, 9.4794, 9.1251, 1.7752, 25.0805, 8.2169, 11.3733, 6.3451],
      [77.629, 64.8282, 18.974, 63.2023, 58.2796, 43.8699, 90.8193, 82.9722, 93.2411, 13.1903, 117.1208, 53.9185, 89.3967, 97.0375, 34.8063, 44.9341, 26.8837, 70.2985, 40.9625, 62.8269, 53.9976, 42.1198, 40.9004, 63.4536, 11.4403, 114.6059, 72.8164, 157.4666, 23.0838]
    ]
  ],
  "V_est": [
    [0, 135.9645, 771.6264, 342.4092],
    [267.8678, 39.4705, 13685.215, 1101.4467],
    [51.338, 9186.1245, 365.4933, 494.0442],
    [466.7796, 7.2796, 631.9166, 157.0242],
    [170.0147, 2.161, 366.7487, 1825.0757]
  ],
  "p_est": [
    [0, 0.1088, 0.6173, 0.2739],
    [0.0177, 0.0026, 0.9067, 0.073],
    [0.0051, 0.9098, 0.0362, 0.0489],
    [0.3696, 0.0058, 0.5003, 0.1243],
    [0.0719, 0.0009, 0.1551, 0.772]
  ],
  "EI_Z": {},
  "EI_V": 7.7345,
  "MAE_Z": {},
  "MAE_V": 232.5612,
  "MAE_p": 0.0763,
  "runtime": 0.698
}
