{
  "Z_true": {},
  "V_true": [
    [27, 1146, 399, 65, 172, 64, 0],
    [112, 59, 540, 4296, 137, 95, 1],
    [309, 94, 652, 138, 7564, 186, 4],
    [207, 115, 1136, 196, 312, 8023, 6],
    [322, 396, 1696, 771, 1062, 927, 27]
  ],
  "p_true": [
    [0.0144, 0.6119, 0.213, 0.0347, 0.0918, 0.0342, 0],
    [0.0214, 0.0113, 0.1031, 0.8198, 0.0261, 0.0181, 0.0002],
    [0.0345, 0.0105, 0.0729, 0.0154, 0.8454, 0.0208, 0.0004],
    [0.0207, 0.0115, 0.1137, 0.0196, 0.0312, 0.8027, 0.0006],
    [0.0619, 0.0761, 0.3261, 0.1482, 0.2042, 0.1782, 0.0052]
  ],
  "Z_est": [
    [
      [3, 2, 2, 3, 2, 2, 3, 3, 3, 2, 2, 1, 2, 2, 3, 2, 3, 2, 3, 2, 2, 2, 3, 2, 3, 2, 5, 4, 3, 2, 2, 3, 3, 3, 3, 3, 2, 4, 2, 3, 2, 3, 3, 1.9993, 2, 0.9993, 3, 3, 2, 1, 3, 2, 2, 3, 2, 2, 2, 4, 2, 2, 4, 2, 3, 3, 3, 2, 3, 2, 3, 4, 2, 2, 3, 2, 3, 2, 4, 7],
      [1, 5.736e-08, 1, 0, 1, 1, 2, 1.4936e-11, 1.698e-09, 6.4578e-09, 1, 2, 1, 2.5505e-13, 5.4682e-14, 1, 2.3795e-13, 1, 1.2907e-12, 2, 1, 5.0173e-06, 1, 1, 2, 4, 2, 2, 1, 2, 4, 4, 3, 3, 3, 3, 1, 1, 1, 6.878e-13, 1, 2.8794e-11, 1, 0, 6.8371e-06, 0.9983, 1, 4, 3, 2, 2, 7.4229e-11, 2, 1, 1, 1, 1, 1, 3, 8, 2.2605e-09, 3, 2, 1, 4, 1, 2, 1, 2, 2, 2, 1, 1, 2, 3, 2, 2, 18],
      [1, 1, 2, 3, 4, 8, 11, 10, 5, 1, 1, 2, 2, 3, 4, 4, 4, 3, 4, 11, 5, 2, 4, 2, 1, 2, 4, 3, 1, 1, 5, 4, 3, 3, 3, 2, 1, 1, 1.2682e-08, 1.7968e-12, 1, 1, 1.71e-07, 0.0006, 9.2484e-07, 0.0005, 1, 4, 2, 2, 2.7176e-09, 3.7049e-10, 3.0505e-08, 1, 1, 1, 3, 3, 2, 1, 1, 1, 2, 1, 3, 1, 2, 1, 5.9292e-09, 1, 1.4394e-07, 1, 2, 2, 2, 3.7405e-11, 1, 40],
      [6, 9.9685e-08, 8.0073e-10, 1.1935e-10, 1, 3, 2, 2, 3.2619e-09, 1.2835e-08, 2.1422e-09, 7.8582e-09, 9.6393e-12, 1, 2, 2, 1, 6.0323e-09, 1, 5, 2, 5.1085e-06, 1, 9.1424e-07, 5, 5, 7, 7, 4, 2, 12, 11, 5, 5, 4, 4, 2, 2, 1, 3, 3, 2, 2, 0.0001, 6.3674e-07, 1.5617e-06, 2, 11, 6, 2, 1, 2, 1, 1, 1, 1, 3, 3, 9, 10, 6, 7, 6, 2, 4, 2, 5, 3, 3, 4, 4, 6, 8, 8, 8, 2, 4, 64],
      [5, 3, 3, 4, 4, 5, 7, 7, 4, 2, 3, 2, 3, 3, 5, 6, 4, 2, 3, 8, 5, 2, 4, 2, 4, 7, 10, 8, 4, 4, 10, 10, 7, 8, 7, 6, 5, 6, 3, 6, 5, 4, 3, 3.0001, 5, 1.9995, 3, 11, 9, 8, 7, 6, 5, 8, 6, 5, 6, 6, 8, 10, 5, 4, 7, 3, 10, 5, 6, 3, 4, 7, 3, 4, 5, 6, 6, 4, 4, 79],
      [7, 2, 2, 4, 4, 6, 6, 7, 3, 1, 2, 3, 3, 3, 4, 4, 3, 2, 4, 7, 5, 3, 4, 2, 6, 5, 10, 11, 6, 5, 9, 8, 11, 8, 7, 7, 4, 5, 2, 4, 5, 3, 3, 1.9999, 2, 1.0025, 3, 11, 8, 5, 5, 5, 3, 4, 4, 4, 6, 7, 15, 16, 6, 8, 11, 5, 7, 7, 8, 6, 5, 10, 4, 5, 9, 10, 11, 8, 9, 80],
      [0, 0, 4.9913e-25, 0, 4.53e-21, 0, 0, 0, 0, 1.1724e-29, 1.2463e-21, 0, 8.8707e-28, 2.6094e-25, 0, 0, 0, 4.5263e-24, 2.0365e-31, 0, 0, 0, 0, 0, 0, 2.8014e-27, 3.5315e-36, 0, 0, 0, 1.0526e-29, 4.515e-35, 2.8538e-31, 9.9388e-27, 0, 3.3911e-33, 0, 0, 0, 4.5869e-26, 0, 3.8836e-25, 2.3146e-25, 0, 2.8808e-21, 0, 0, 0, 0, 0, 0, 0, 0, 0, 1.1363e-20, 0, 0, 0, 0, 0, 0, 0, 0, 0, 9.6438e-27, 0, 0, 7.2611e-25, 1.2683e-24, 0, 0, 4.5968e-30, 0, 0, 0, 3.7769e-30, 0, 7.3446e-49]
    ],
    [
      [2, 1, 1.9407e-11, 1.2684e-10, 2.8736e-08, 9.4563e-12, 1, 1, 1, 1, 4.3635e-09, 1.9441e-08, 1, 2, 1, 9.955e-12, 1, 2, 1, 5.0623e-17, 1, 4.9036e-06, 1, 1.8491e-07, 3, 1, 4, 3, 3.9776e-06, 2.0182e-08, 2.4767e-21, 3, 1, 2, 1, 2, 2, 2, 1, 2, 2, 2, 2, 0.0001, 4.5367e-08, 0.0003, 2, 1, 3.7244e-07, 1, 1, 1, 1, 1, 4.7615e-09, 1, 3, 3, 2.65e-14, 2, 4, 4, 1, 3, 4.7184e-13, 1, 3, 1, 3, 3, 2, 6, 1, 2, 2, 1, 3, 17],
      [7, 2, 1, 2, 2, 5, 4, 4, 2, 2, 2, 5.7513e-08, 2, 3, 3, 3, 2, 2, 4, 5, 3, 2, 3, 1, 10, 4, 8, 9, 7, 3, 12, 11, 3, 6, 6, 6, 4, 5, 2, 4, 7, 4, 4, 1.9997, 2, 0.9985, 3, 13, 6, 2, 2, 3, 3, 2, 2, 3, 4, 4, 11, 12, 6, 10, 7, 4, 8, 4, 6, 4, 3, 5, 5, 8, 9, 6, 7, 3, 5, 64],
      [6, 4, 6, 6, 12, 19, 27, 21, 15, 5, 5, 4, 10, 13, 15, 13, 10, 10, 14, 28, 9, 5, 11, 13, 7, 8, 13, 8, 7, 3, 16, 17, 7, 9, 9, 9, 7, 4, 5, 3, 7, 3, 6, 0.9999, 8.9882e-07, 1.9976, 9, 10, 10, 5, 4, 2, 3, 2, 4, 6, 6, 7, 5, 5, 9, 10, 7, 5, 5, 2, 6, 6, 5, 4, 8, 6, 8, 6, 8, 4, 3, 134],
      [27, 1, 1, 0, 3, 7, 6, 4, 2, 1, 6.2628e-09, 2, 2, 6, 9, 5, 2, 3, 5, 13, 4, 2.0139e-06, 4, 3, 21, 12, 21, 18, 20, 4, 36, 38, 10, 12, 9, 12, 11, 4, 4, 10, 14, 7, 12, 0.0006, 2.8952e-06, 0.0017, 9, 25, 19, 8, 3, 5, 4, 2, 1, 5, 6, 6, 22, 19, 28, 37, 15, 7, 7, 4, 12, 12, 12, 9, 27, 30, 28, 21, 20, 7, 10, 215],
      [22, 9, 6, 7, 10, 12, 16, 13, 11, 11, 8, 3, 10, 11, 19, 15, 10, 7, 13, 19, 9, 4, 11, 10, 18, 16, 29, 22, 21, 8, 30, 33, 12, 18, 14, 16, 22, 13, 16, 21, 22, 14, 17, 3.9998, 6, 2.9997, 15, 25, 29, 24, 12, 17, 15, 12, 9, 15, 13, 12, 20, 18, 25, 19, 18, 11, 16, 12, 17, 14, 13, 15, 21, 21, 21, 15, 15, 10, 10, 268],
      [30, 6, 5, 6, 11, 13, 14, 13, 9, 6, 6, 4, 9, 12, 13, 10, 7, 8, 15, 17, 10, 6, 9, 12, 23, 12, 30, 29, 26, 10, 27, 29, 18, 18, 15, 20, 17, 11, 11, 16, 22, 11, 19, 1.9998, 3, 1.0023, 15, 25, 24, 15, 10, 15, 10, 6, 6, 13, 13, 14, 36, 29, 29, 38, 27, 15, 12, 14, 21, 24, 16, 19, 28, 25, 32, 25, 26, 21, 19, 269],
      [0, 0, 4.3917e-19, 0, 1.2923e-18, 0, 0, 0, 0, 2.1403e-17, 1.7575e-16, 0, 3.7059e-20, 1.901e-22, 0, 0, 0, 2.6677e-24, 1.8273e-23, 0, 0, 0, 0, 0, 0, 7.0586e-14, 2.4037e-28, 0, 0, 0, 5.4182e-23, 3.9505e-29, 1.0142e-25, 4.637e-25, 0, 2.1264e-19, 0, 0, 0, 4.2948e-20, 0, 1.0558e-23, 8.7797e-21, 0, 1.5361e-14, 0, 0, 0, 0, 0, 0, 0, 0, 0, 2.5472e-19, 0, 0, 0, 0, 0, 0, 0, 0, 0, 3.756e-17, 0, 0, 2.4645e-17, 5.3361e-16, 0, 0, 2.9613e-22, 0, 0, 0, 7.3766e-23, 0, 3.4789e-60]
    ],
    [
      [2, 3, 3, 4, 4.6829e-08, 1.2446e-10, 2, 2, 2, 10, 3, 2, 4, 3, 4, 1, 8, 7, 2, 1, 1, 1, 2, 1, 2, 2, 6, 3, 4.0207e-06, 1, 7.4453e-23, 2, 2, 3, 2, 3, 5, 8, 4, 5, 4, 4, 3, 2.0002, 2, 4.0035, 5, 2, 1, 3, 7, 2, 4, 6, 2, 3, 4, 8, 4.0445e-16, 2, 3, 2, 2, 3, 1.3556e-14, 2, 4, 1, 4, 6, 1, 4, 1.2556e-08, 7.1583e-10, 1, 1, 4, 21],
      [3, 3, 3, 3, 2, 4, 5, 2, 2, 3, 2, 3, 5, 3, 3, 6, 3, 2, 2, 5, 4, 2, 3, 1, 5, 6, 9, 6, 5, 3, 9, 7, 5, 6, 8, 6, 5, 8, 3, 5, 8, 5, 2, 1.9995, 7, 3.9965, 3, 12, 8, 8, 10, 4, 6, 5, 4, 6, 6, 6, 9, 12, 3, 6, 5, 3, 11, 8, 7, 3, 5, 5, 3, 4, 5, 3, 4, 4, 5, 75],
      [6, 24, 23, 38, 23, 28, 44, 39, 49, 31, 20, 21, 28, 30, 35, 37, 40, 30, 33, 40, 20, 14, 27, 27, 7, 8, 17, 12, 9, 3, 12, 14, 8, 14, 12, 11, 8, 13, 12, 7, 8, 9, 7, 5.9997, 7, 7.0054, 14, 13, 12, 13, 8, 8, 8, 13, 15, 15, 17, 13, 6, 3, 8, 5, 6, 7, 10, 8, 8, 5, 4, 8, 4, 5, 7, 8, 5, 3, 4, 168],
      [20, 9, 8, 4, 11, 11, 14, 9, 9, 14, 7, 9, 11, 16, 22, 19, 10, 11, 12, 22, 9, 5, 10, 10, 16, 19, 35, 21, 21, 10, 31, 32, 17, 19, 17, 19, 24, 15, 17, 26, 25, 17, 19, 7.9992, 5, 5.0009, 21, 27, 30, 20, 15, 19, 14, 11, 11, 19, 14, 16, 25, 20, 25, 24, 18, 11, 17, 11, 21, 15, 19, 17, 22, 24, 21, 16, 16, 14, 15, 267],
      [16, 48, 30, 47, 22, 18, 27, 24, 37, 81, 44, 26, 35, 27, 47, 48, 44, 23, 27, 28, 18, 17, 25, 24, 12, 23, 43, 24, 20, 16, 24, 26, 21, 26, 23, 22, 41, 41, 54, 49, 34, 29, 23, 57.0007, 78, 77.9989, 29, 27, 42, 72, 55, 55, 48, 63, 46, 49, 28, 28, 22, 19, 21, 12, 19, 13, 32, 34, 25, 20, 20, 25, 14, 16, 14, 11, 11, 16, 13, 331],
      [21, 30, 28, 42, 25, 19, 24, 24, 29, 42, 36, 31, 31, 29, 32, 34, 32, 26, 32, 24, 21, 24, 21, 28, 16, 17, 43, 31, 25, 17, 21, 23, 30, 25, 24, 28, 32, 36, 39, 38, 35, 23, 25, 36.0007, 39, 38.9949, 28, 27, 36, 46, 43, 47, 34, 32, 33, 42, 28, 31, 40, 28, 24, 23, 29, 18, 24, 41, 31, 28, 25, 33, 20, 19, 22, 19, 19, 32, 24, 332],
      [0, 0, 1.0478e-09, 0, 7.1746e-10, 0, 0, 0, 0, 6.4504e-09, 1, 0, 2.3735e-12, 1.2361e-13, 0, 0, 0, 6.1602e-10, 6.4535e-13, 0, 0, 0, 0, 0, 0, 4.2542e-15, 7.142e-20, 0, 0, 0, 4.8928e-23, 3.5996e-20, 5.5842e-18, 3.5929e-13, 0, 2.8337e-18, 0, 0, 0, 1.861e-16, 0, 1.0575e-12, 2.2208e-09, 0, 1, 0, 0, 0, 0, 0, 0, 0, 0, 0, 2.8752e-10, 0, 0, 0, 0, 0, 0, 0, 0, 0, 9.8308e-15, 0, 0, 2.1532e-09, 3.5084e-14, 0, 0, 2.0602e-17, 0, 0, 0, 1.5289e-11, 0, 5.1161e-48]
    ],
    [
      [2, 2, 4, 4, 1, 1, 2, 3, 2, 6, 3, 3, 3, 4, 2, 2.9618e-12, 7, 8, 3, 1, 2, 3, 2, 2, 4, 2, 6, 6, 1, 2, 3.7383e-19, 2, 5, 3, 2, 5, 5, 7, 3, 5, 5, 4, 4, 2.0003, 1, 1.9985, 4, 2, 1, 2, 6, 2, 3, 3, 1, 3, 5, 9, 6.5881e-16, 3, 5, 5, 3, 7, 7.6619e-12, 2, 5, 2, 5, 9, 2, 6, 1, 1, 3, 3, 8, 23],
      [5, 1, 3, 3, 3, 6, 6, 3, 2, 1, 2, 4, 4, 4, 2, 4, 3, 2, 3, 6, 5, 4, 4, 1, 9, 6, 9, 10, 7, 6, 10, 8, 9, 6, 9, 9, 5, 7, 2, 5, 10, 4, 3, 2.0002, 2, 1.9997, 3, 12, 7, 6, 9, 4, 4, 3, 3, 5, 7, 6, 16, 23, 5, 12, 9, 6, 11, 8, 9, 5, 6, 8, 5, 6, 8, 8, 8, 9, 8, 85],
      [6, 15, 25, 38, 28, 34, 46, 45, 45, 17, 16, 28, 26, 33, 23, 24, 35, 34, 41, 42, 24, 25, 25, 39, 8, 7, 15, 14, 10, 5, 13, 13, 14, 12, 13, 14, 8, 9, 9, 5, 9, 7, 8, 4.0001, 3, 3.9966, 12, 12, 10, 10, 6, 5, 5, 5, 10, 11, 17, 14, 9, 6, 10, 9, 10, 10, 9, 9, 10, 8, 5, 9, 6, 6, 9, 10, 8, 7, 4, 187],
      [31, 8, 7, 6, 9, 14, 11, 10, 8, 7, 4, 10, 11, 18, 16, 13, 8, 10, 16, 20, 11, 6, 10, 14, 26, 18, 30, 32, 28, 13, 32, 33, 27, 19, 19, 24, 21, 14, 14, 22, 26, 15, 21, 3.9998, 5, 1.999, 16, 31, 28, 15, 13, 20, 10, 6, 8, 15, 19, 15, 47, 35, 34, 47, 29, 18, 13, 16, 24, 20, 21, 24, 29, 34, 36, 35, 31, 26, 23, 298],
      [24, 36, 34, 49.9999, 30, 26, 32, 31, 37, 49, 38, 35, 35, 34, 35, 34, 42, 29, 37, 32, 25, 30, 27, 35, 23, 26, 45, 40, 30, 25, 29, 30, 37, 27, 28, 35, 43, 36, 47, 45, 41, 30, 30, 44.999, 37, 44.0026, 29, 31, 41, 53, 51, 55, 37, 35, 36, 42, 34, 32, 41, 37, 32, 26, 33, 25, 35, 43, 35, 25, 25, 40, 24, 24, 28, 25, 24, 40, 23, 374],
      [31, 21, 31, 44, 32, 25, 26, 29, 27, 25, 33, 42, 31, 35, 22, 23, 29, 31, 43, 26, 27, 41, 21, 41, 28, 17, 42, 50, 35, 28, 26, 25, 56, 26, 27, 40, 31, 31, 32, 36, 40, 22, 33, 27.0006, 19, 21.0036, 25, 30, 33, 35, 39, 47, 25, 16, 25, 35, 33, 33, 72, 54, 36, 48, 49, 33, 24, 50, 41, 43, 32, 50, 31, 27, 39, 41, 39, 78, 41, 376],
      [0, 0, 9.6459e-12, 0, 6.4672e-11, 0, 0, 0, 0, 1.1815e-13, 1, 0, 1.3219e-12, 1.3815e-14, 0, 0, 0, 4.3802e-14, 1, 0, 0, 0, 0, 0, 0, 9.1571e-16, 1.5289e-20, 0, 0, 0, 2.8813e-19, 1.1135e-18, 2.5404e-15, 3.733e-16, 0, 3.2618e-17, 0, 0, 0, 3.0137e-14, 0, 8.6825e-12, 3.4116e-12, 0, 5.8389e-07, 0, 0, 0, 0, 0, 0, 0, 0, 0, 9.4953e-10, 0, 0, 0, 0, 0, 0, 0, 0, 0, 5.1133e-12, 0, 0, 1.6717e-11, 5.8504e-09, 0, 0, 3.4937e-15, 0, 0, 0, 7.8231e-12, 0, 2.9934e-48]
    ],
    [
      [1, 1, 2, 2, 2.3579e-08, 1.4076e-10, 2, 1, 1, 4, 2, 2, 2, 1, 1, 6.1405e-12, 5, 5, 1, 4.2979e-16, 6.1708e-06, 1, 1, 8.099e-07, 1, 1, 3, 1, 8.6464e-08, 1, 2.0003e-19, 2, 2, 2, 1, 2, 2, 3, 2, 2, 3, 1, 2, 0, 1.1757e-06, 0.9984, 2, 4.9508e-14, 7.4488e-07, 1, 3, 1, 1, 2, 2.3685e-09, 1, 3, 4, 2.0705e-19, 2, 3, 2, 1, 4, 8.839e-11, 5.2689e-10, 2, 1, 2, 5, 2.8807e-08, 3, 1.541e-09, 1.3585e-11, 1, 1, 2, 13],
      [2, 8.1189e-07, 1, 2, 1, 2, 4, 1, 1, 1, 1, 2, 3, 1, 1, 2, 2, 1, 1, 4, 2, 2, 2, 4.587e-07, 4, 4, 5, 3, 3, 2, 4, 5, 3, 5, 5, 5, 2, 3, 1, 2, 6, 2, 1, 0.0005, 1, 1.0071, 2, 5, 1, 3, 5, 2, 1, 2, 1, 2, 4, 3, 4, 12, 3, 4, 4, 4, 6, 2, 3, 2, 2, 4, 2, 3, 2, 3, 4, 2, 2, 49],
      [3, 8, 13, 22.9999, 11, 12, 32, 27, 32, 12, 11, 18, 17, 12, 14, 17, 27, 22, 22, 27, 10, 12, 15, 16, 3, 5, 8, 4, 5, 2, 6, 9, 5, 8, 7, 7, 3, 4, 5, 2, 5, 3, 3, 1.9996, 1, 2, 8, 5, 2, 5, 3, 2, 2, 3, 5, 5, 9, 6, 2, 3, 5, 3, 4, 6, 5, 2, 4, 3, 2, 5, 2, 3, 3, 3, 4, 2, 1, 108],
      [14, 3, 3, 2, 3, 4, 8, 6, 5, 5, 2, 6, 6, 6, 9, 8, 6, 7, 7, 13, 4, 3, 5, 5, 12, 13, 17, 10, 14, 6, 14, 23, 11, 13, 9, 12, 10, 6, 7, 10, 15, 6, 9, 2.0004, 1, 0.9984, 10, 13, 6, 8, 7, 9, 3, 3, 3, 6, 9, 6, 11, 18, 20, 18, 13, 11, 7, 4, 10, 8, 8, 12, 11, 17, 11, 12, 16, 8, 6, 173],
      [12, 19, 16, 30.0001, 11, 9, 20, 18, 26, 32, 25, 22, 22, 12, 20, 24, 32, 17, 19, 20, 10, 14, 16, 15, 10, 18, 23, 13, 16, 11, 12, 19, 14, 19, 14, 16, 19, 18, 25, 21, 24, 12, 13, 19.0004, 27, 25.9994, 16, 13, 10, 27, 28, 29, 14, 21, 18, 19, 19, 14, 10, 18, 18, 10, 16, 16, 18, 15, 15, 10, 9, 21, 8, 12, 8, 10, 13, 12, 8, 216],
      [19, 13, 17, 28, 13, 12, 20, 21, 21, 17, 22, 29, 21, 16, 15, 19, 24, 22, 25, 19, 14.9999, 22, 16, 18, 16, 15, 26, 18, 21, 15, 12, 19, 24, 20, 17, 23, 17, 17, 21, 18, 26, 11, 17, 15.999, 14, 14.9967, 19, 16, 11, 20, 24, 26, 13, 13, 15, 18, 20, 17, 21, 31, 24, 20, 26, 23, 14, 18, 20, 17, 12, 29, 13, 15, 16, 17, 23, 25, 14, 218],
      [0, 0, 1, 0, 1, 0, 0, 0, 0, 2, 2, 0, 1, 1, 0, 0, 0, 1, 2, 0, 0, 0, 0, 0, 0, 1, 1, 0, 0, 0, 1, 1, 1, 1, 0, 1, 0, 0, 0, 1, 0, 2, 1, 0, 1, 0, 0, 0, 0, 0, 0, 0, 0, 0, 1, 0, 0, 0, 0, 0, 0, 0, 0, 0, 2, 0, 0, 1, 1, 0, 0, 1, 0, 0, 0, 2, 0, 3]
    ]
  ],
  "V_est": [
    [202.9986, 134.9983, 215.0011, 314.0001, 485.9995, 520.0023, 2.0028e-20],
    [124.0004, 419.9982, 745.9974, 1020.0023, 1417.9995, 1512.0021, 8.6742e-14],
    [243.0037, 455.9959, 1349.0051, 1535, 2776.9996, 2584.9957, 2],
    [279.9988, 544.9999, 1375.9968, 1758.9988, 3025.0015, 3008.0042, 2],
    [126.9984, 254.0076, 736.9996, 837.9988, 1540.9999, 1669.9957, 34]
  ],
  "p_est": [
    [0.1084, 0.0721, 0.1148, 0.1676, 0.2595, 0.2776, 2.8201e-16],
    [0.0237, 0.0802, 0.1424, 0.1947, 0.2706, 0.2886, 3.7396e-12],
    [0.0272, 0.051, 0.1508, 0.1716, 0.3104, 0.2889, 0.0002],
    [0.028, 0.0545, 0.1377, 0.176, 0.3027, 0.301, 0.0002],
    [0.0244, 0.0488, 0.1417, 0.1611, 0.2963, 0.3211, 0.0065]
  ],
  "EI_Z": {},
  "EI_V": 50.0447,
  "MAE_Z": {},
  "MAE_V": 893.8277,
  "MAE_p": 0.1461,
  "runtime": 0.6462
}
