{
  "Z_true": {},
  "V_true": [
    [18, 557, 58, 1472, 26],
    [235, 786, 196, 15510, 159],
    [275, 211, 11986, 2530, 302],
    [1001, 50, 478, 1284, 94],
    [75, 211, 398, 929, 312]
  ],
  "p_true": [
    [0.0084, 0.2614, 0.0272, 0.6908, 0.0122],
    [0.0139, 0.0465, 0.0116, 0.9185, 0.0094],
    [0.018, 0.0138, 0.7832, 0.1653, 0.0197],
    [0.3443, 0.0172, 0.1644, 0.4417, 0.0323],
    [0.039, 0.1096, 0.2068, 0.4826, 0.1621]
  ],
  "Z_est": {},
  "V_est": [
    [0, 627.6842, 0, 1503.3158, 0],
    [651.2652, 241.8866, 0, 15603.1054, 389.7428],
    [102.6579, 0, 13116, 1982.4395, 102.9026],
    [522.6704, 0, 0, 2384.3296, 0],
    [327.4065, 945.4292, 0, 251.8097, 400.3546]
  ],
  "p_est": [
    [0, 0.2945, 0, 0.7055, 0],
    [0.0386, 0.0143, 0, 0.924, 0.0231],
    [0.0067, 0, 0.857, 0.1295, 0.0067],
    [0.1798, 0, 0, 0.8202, 0],
    [0.1701, 0.4911, 0, 0.1308, 0.208]
  ],
  "EI_Z": {},
  "EI_V": 10.5934,
  "MAE_Z": {},
  "MAE_V": 331.8107,
  "MAE_p": 0.0882,
  "runtime": 0.0211
}
