{
  "X": [
    [39, 152, 275, 36],
    [3, 13, 30, 5],
    [3, 26, 34, 5],
    [8, 27, 34, 11],
    [28, 216, 206, 33],
    [9, 77, 79, 8],
    [8, 86, 95, 12],
    [23, 176, 479, 42],
    [2, 45, 61, 6],
    [3, 15, 9, 1],
    [0, 10, 9, 0],
    [5, 56, 27, 7],
    [25, 413, 302, 47],
    [34, 464, 389, 29],
    [8, 237, 205, 33],
    [19, 355, 348, 35],
    [21, 599, 483, 45],
    [18, 586, 595, 67],
    [8, 23, 34, 2],
    [6, 52, 93, 20],
    [120, 657, 609, 77],
    [5, 19, 30, 4],
    [13, 285, 620, 65],
    [22, 448, 950, 88],
    [22, 306, 379, 56],
    [14, 437, 672, 69],
    [35, 589, 1313, 82],
    [26, 329, 661, 72],
    [25, 499, 697, 71],
    [32, 297, 553, 61],
    [11, 103, 329, 22],
    [9, 173, 221, 16],
    [40, 151, 1148, 49],
    [1, 10, 27, 3],
    [58, 610, 1026, 102],
    [15, 141, 112, 14],
    [0, 6, 5, 0],
    [5, 56, 195, 10],
    [2, 57, 58, 10],
    [0, 40, 45, 3],
    [8, 16, 28, 6],
    [6, 23, 62, 3],
    [9, 45, 162, 6],
    [14, 333, 596, 64],
    [31, 410, 512, 40],
    [5, 109, 179, 17],
    [72, 1084, 1452, 135],
    [19, 163, 296, 25],
    [168, 979, 1646, 193],
    [29, 194, 245, 16]
  ],
  "W": [
    [15, 53, 209, 178, 47],
    [2, 4, 26, 15, 4],
    [0, 3, 25, 32, 8],
    [4, 9, 25, 35, 7],
    [33, 47, 136, 223, 44],
    [9, 7, 61, 81, 15],
    [6, 11, 66, 100, 18],
    [15, 28, 399, 196, 82],
    [7, 2, 42, 58, 5],
    [0, 2, 8, 15, 3],
    [2, 0, 9, 8, 0],
    [11, 7, 18, 49, 10],
    [24, 34, 188, 471, 70],
    [37, 43, 256, 499, 81],
    [25, 17, 140, 245, 56],
    [22, 34, 239, 399, 63],
    [45, 31, 319, 690, 63],
    [54, 39, 397, 660, 116],
    [1, 9, 25, 32, 0],
    [11, 12, 62, 63, 23],
    [99, 164, 390, 740, 70],
    [2, 3, 27, 22, 4],
    [28, 13, 491, 340, 111],
    [46, 36, 754, 553, 119],
    [22, 25, 303, 367, 46],
    [32, 27, 508, 555, 70],
    [50, 48, 1059, 693, 169],
    [23, 21, 509, 460, 75],
    [37, 38, 520, 569, 128],
    [38, 37, 423, 367, 78],
    [14, 23, 279, 113, 36],
    [12, 22, 125, 235, 25],
    [12, 35, 1011, 208, 122],
    [0, 3, 22, 10, 6],
    [84, 60, 810, 693, 149],
    [38, 14, 78, 124, 28],
    [0, 0, 4, 5, 2],
    [6, 3, 153, 68, 36],
    [6, 11, 40, 53, 17],
    [4, 6, 27, 47, 4],
    [2, 6, 25, 14, 11],
    [1, 6, 54, 28, 5],
    [6, 9, 140, 49, 18],
    [26, 19, 448, 466, 48],
    [38, 56, 355, 484, 60],
    [2, 7, 142, 133, 26],
    [97, 119, 1107, 1199, 221],
    [7, 26, 240, 193, 37],
    [83, 162, 1354, 1158, 229],
    [15, 42, 178, 226, 23]
  ],
  "method": "mult",
  "cond_prob": [
    [
      [0.0065858764383, 0.82899629068, 0.10610391083, 0.058313922058],
      [0.64223883207, 0.064319770336, 0.2413332707, 0.052108126894],
      [0.016281764817, 0.0038075351419, 0.94580070183, 0.034109998208],
      [0.0060658681755, 0.74805480378, 0.17354285663, 0.072336471411],
      [0.0080838376929, 0.04694846584, 0.68201708142, 0.26295061505]
    ],
    [
      [0.0057248422804, 0.81053703562, 0.098480610581, 0.085257511521],
      [0.67655306206, 0.053561647038, 0.20144197328, 0.068443317616],
      [0.0095283479589, 0.0029990440556, 0.93154817547, 0.055924432518],
      [0.00079080328936, 0.72856270074, 0.1625856533, 0.10806084267],
      [0.0056847427297, 0.039565921032, 0.584558381, 0.37019095524]
    ],
    [
      [0.0072270247418, 0.84620752269, 0.095824826762, 0.050740625805],
      [0.75620650226, 0.049010731825, 0.16122111028, 0.033561655639],
      [0.017616700894, 0.015004794277, 0.93580988058, 0.031568624244],
      [0.0066056018767, 0.78270968061, 0.14687659414, 0.063808123371],
      [0.0099479638533, 0.053892270992, 0.67762983027, 0.25852993489]
    ],
    [
      [0.010375088024, 0.77591679661, 0.099976310786, 0.11373180458],
      [0.70116658195, 0.040821787931, 0.17763308863, 0.08037854149],
      [0.020008161221, 0, 0.91036780355, 0.069624035229],
      [0.030503544763, 0.66605971663, 0.15794885662, 0.14548788198],
      [0.011453187582, 0.030978091455, 0.53057026981, 0.42699845116]
    ],
    [
      [0.0038481817226, 0.85209375413, 0.094546016845, 0.049512047301],
      [0.58869419327, 0.094387939966, 0.26361954126, 0.053298325509],
      [0, 0.028374440963, 0.94059493539, 0.031030623643],
      [0, 0.79368399752, 0.14465605028, 0.061659952191],
      [0.0046450663525, 0.058959489007, 0.68887846768, 0.24751697696]
    ],
    [
      [0.010811867491, 0.86648704581, 0.088633181573, 0.034067905128],
      [0.77374440739, 0.051666452898, 0.15227476394, 0.022314375774],
      [0.029968314154, 0.02477246314, 0.92407470405, 0.021184518652],
      [0.017643757338, 0.81921738595, 0.12156169918, 0.041577157529],
      [0.015284722207, 0.064814860256, 0.72808822915, 0.19181218839]
    ],
    [
      [0.0055734531037, 0.84834164911, 0.10140503341, 0.044679864374],
      [0.64620865827, 0.070493975617, 0.24174731332, 0.041550052792],
      [0.0099594754559, 0.014073374442, 0.94950515326, 0.026461996845],
      [0.00080403184106, 0.7821978113, 0.16168505921, 0.055313097653],
      [0.0066964153446, 0.054771807263, 0.7164724065, 0.22205937089]
    ],
    [
      [0.0056835790311, 0.8450063703, 0.10352360851, 0.045786442163],
      [0.63267977948, 0.071657178486, 0.25208601705, 0.043577024983],
      [0.01081182533, 0.013745721883, 0.94843123873, 0.027011214059],
      [0.0016397443832, 0.77258369769, 0.16926028567, 0.05651627225],
      [0.006882979063, 0.053750678888, 0.71694703842, 0.22241930363]
    ],
    [
      [0.0066619496204, 0.80954285811, 0.13277519621, 0.051019996063],
      [0.72024826501, 0.043005722625, 0.20505131271, 0.031694699653],
      [0, 0, 0.97664048328, 0.023359516717],
      [0.0082720250621, 0.67337948947, 0.25724754035, 0.061100945117],
      [0.0066184738067, 0.038235631769, 0.74424267256, 0.21090322187]
    ],
    [
      [0.0098289715972, 0.91000645296, 0.059356326834, 0.02080824861],
      [0.89727404447, 0.04327050301, 0.051291862284, 0.008163590234],
      [0.073968610437, 0.055329384895, 0.85482004981, 0.015881954859],
      [0.035269815041, 0.94410140179, 0, 0.020628783172],
      [0.028218600647, 0.10310096267, 0.68628529232, 0.18239514436]
    ],
    [
      [0, 0.9405315217, 0.059468478298, 0],
      [-0, 0.27913640004, 0.72086359996, 0],
      [0, 0.076308156277, 0.92369184372, 0],
      [0, 0.92902044376, 0.070979556237, 0],
      [0, 0.087415751883, 0.91258424812, 0]
    ],
    [
      [0.0041403587308, 0.89577625682, 0.055283906231, 0.044799478218],
      [0.69196993272, 0.088846719005, 0.17352534837, 0.045657999909],
      [0.0022615247337, 0.04982776827, 0.91172972168, 0.036180985317],
      [0, 0.89348705845, 0.052558454949, 0.0539544866],
      [0.0069959079728, 0.084676844896, 0.61907003102, 0.28925721612]
    ],
    [
      [0.0055126146114, 0.8586345072, 0.094009622817, 0.041843255375],
      [0.64154113639, 0.077265065906, 0.2397204128, 0.0414733849],
      [0.010847140972, 0.018763944021, 0.94400560503, 0.026383309976],
      [0.0010973479298, 0.81088780967, 0.13661423875, 0.051400603652],
      [0.0071312176325, 0.061571139364, 0.71107021173, 0.22022743127]
    ],
    [
      [0.0059713916608, 0.87685163432, 0.094818706406, 0.022358267612],
      [0.66265901072, 0.077782531925, 0.2378923052, 0.021666152157],
      [0.012302759691, 0.02348156902, 0.95070399617, 0.013511675119],
      [0.0028861757384, 0.83482384405, 0.13562421462, 0.026665765589],
      [0.0085804058447, 0.06942544207, 0.79266213114, 0.12933202094]
    ],
    [
      [0, 0.86930330497, 0.086476900149, 0.044219794882],
      [0.47058823529, 0.15976254295, 0.30970514821, 0.05994407355],
      [0, 0.037153580571, 0.93349563564, 0.029350783794],
      [0, 0.82976849516, 0.11581081865, 0.054420686183],
      [0, 0.072440563402, 0.68767947175, 0.23987996485]
    ],
    [
      [0.0038290783459, 0.86288833648, 0.099183563772, 0.034099021405],
      [0.55634589048, 0.10393170052, 0.29963243616, 0.040089972835],
      [0, 0.026591457549, 0.95294355863, 0.020464983823],
      [0, 0.80684133181, 0.15150794429, 0.041650723895],
      [0, 0.066630619567, 0.75278219813, 0.1805871823]
    ],
    [
      [0.0046471889289, 0.86021313091, 0.10377142655, 0.031368253611],
      [0.59928198122, 0.08224774049, 0.28491043386, 0.033559844428],
      [0.0057639226216, 0.015568674973, 0.96044281079, 0.018224591612],
      [0, 0.79577732331, 0.16587348168, 0.038349195011],
      [0.0059435518113, 0.058539186571, 0.77244608497, 0.16307117664]
    ],
    [
      [0, 0.85767703513, 0.1034840655, 0.038838899368],
      [0.46153846154, 0.13762224606, 0.34973441769, 0.051104874708],
      [0, 0.019415026142, 0.95800172071, 0.022583253149],
      [0, 0.78722601256, 0.16531101153, 0.047462975915],
      [0, 0.060700334833, 0.74431265037, 0.1949870148]
    ],
    [
      [0.0089984475986, 0.83074817844, 0.12522453872, 0.035028835238],
      [0.7188046901, 0.035809807029, 0.22199572984, 0.023389773031],
      [0.0014198994048, 0, 0.98244063192, 0.016139468676],
      [0.046445683012, 0.6827176112, 0.22861869046, 0.04221801533],
      [0.008889047465, 0.045193002064, 0.78463401266, 0.16128393781]
    ],
    [
      [0.0029335247624, 0.78682112612, 0.12114998814, 0.089095360982],
      [0.49731093563, 0.066092314335, 0.3462129501, 0.090383799931],
      [0, 0, 0.94908173716, 0.050918262836],
      [0, 0.66477304246, 0.22290886668, 0.11231809086],
      [0, 0.029180789822, 0.63593340974, 0.33488580044]
    ],
    [
      [0.0073299156489, 0.83837868356, 0.10890716145, 0.045384239334],
      [0.64722887921, 0.06464856975, 0.24775804307, 0.040364507967],
      [0.014974038321, 0.0038238797538, 0.95594763717, 0.025254444751],
      [0.009089427999, 0.75459749147, 0.18073789172, 0.055575188806],
      [0.008039292798, 0.050066972772, 0.72886076543, 0.213032969]
    ],
    [
      [0.01495433718, 0.83656039417, 0.089622731019, 0.058862537635],
      [0.84513067176, 0.030712824033, 0.098670113152, 0.025486391059],
      [0.060493227805, 0.0064503687243, 0.89620762687, 0.0368487766],
      [0.032817597277, 0.76655112302, 0.12690220553, 0.073729074175],
      [0.019848754884, 0.049114019381, 0.63382243786, 0.29721478788]
    ],
    [
      [0.0051620927508, 0.8319145055, 0.11038407539, 0.052539326366],
      [0.6030055959, 0.071807244488, 0.27407308393, 0.05111407569],
      [0.0083389151149, 0.0018281295386, 0.96021243434, 0.029620521004],
      [0.00086513597384, 0.74899150268, 0.18546876318, 0.064674598162],
      [0.0056561721062, 0.047010604982, 0.7101136131, 0.23721960981]
    ],
    [
      [0.0039013337888, 0.82662504553, 0.11693596103, 0.052537659645],
      [0.52849899977, 0.081428738534, 0.33147399728, 0.058598264418],
      [0, 0, 0.97230792272, 0.027692077277],
      [0.0042063335787, 0.72652921296, 0.20530066092, 0.063963792545],
      [0.0039367410501, 0.044312256746, 0.72299531655, 0.22875568566]
    ],
    [
      [0.0063522473312, 0.83099191237, 0.1003219231, 0.062333917204],
      [0.65100429073, 0.06581909144, 0.2279500108, 0.055226607029],
      [0.013132747875, 0.014039409507, 0.93473144254, 0.038096400076],
      [0.0034630110219, 0.76166046624, 0.15699950297, 0.077877019762],
      [0.0072825138951, 0.049768879359, 0.65764614652, 0.28530246022]
    ],
    [
      [0.0033335771187, 0.82717359322, 0.11682604125, 0.052666788416],
      [0.49269045008, 0.08771703204, 0.35642316053, 0.063169357344],
      [0, 0, 0.97236524441, 0.02763475559],
      [0.00063645371649, 0.72975759455, 0.20561458382, 0.063991367919],
      [0.0033921652466, 0.044951716827, 0.72229290239, 0.22936321554]
    ],
    [
      [0.0045684735693, 0.84764219342, 0.11241837891, 0.035370954098],
      [0.57587592346, 0.080255605553, 0.30611718994, 0.037751281041],
      [0.0058963402055, 0.002676767912, 0.97272654068, 0.018700351204],
      [0, 0.76646326523, 0.19054687826, 0.042989856509],
      [0.0052385072052, 0.051904622729, 0.77230214628, 0.17055472379]
    ],
    [
      [0.0084848401364, 0.80255322642, 0.12545354166, 0.063508391784],
      [0.68415170814, 0.04865227218, 0.22287920485, 0.04431681483],
      [0, 0, 0.96937796852, 0.030622031484],
      [0.023453272921, 0.66690955452, 0.23309699404, 0.076540178518],
      [0.0086554301647, 0.036549106631, 0.70394802675, 0.25084743645]
    ],
    [
      [0.0042898980938, 0.85179843871, 0.10268858675, 0.041223076448],
      [0.57628317722, 0.084871643012, 0.29299223023, 0.045852949539],
      [0.0044464501328, 0.019393137318, 0.95195170578, 0.024208706773],
      [0, 0.7853732027, 0.16395364265, 0.050673154642],
      [0.0049246794299, 0.05700430929, 0.73251803022, 0.20555298106]
    ],
    [
      [0.0069257243026, 0.81844982327, 0.11767463362, 0.056949818799],
      [0.64589063463, 0.058834091421, 0.24803899458, 0.04723627937],
      [0.0025857643238, 0, 0.9674685463, 0.029945689379],
      [0.016780106982, 0.709760218, 0.20391588352, 0.069543791498],
      [0.007522966973, 0.041539042667, 0.70864867674, 0.24228931362]
    ],
    [
      [0.0031191324927, 0.84177642383, 0.11123351116, 0.043870932514],
      [0.47636226718, 0.12339406397, 0.34666880549, 0.053574863361],
      [0, 0.0025180764558, 0.97358283505, 0.023899088493],
      [0, 0.75897422921, 0.18738996132, 0.053635809472],
      [0, 0.053067648993, 0.74068532524, 0.20624702577]
    ],
    [
      [0.0031518891367, 0.82112743537, 0.14155600047, 0.03416467502],
      [0.40737169683, 0.078546332808, 0.47556659982, 0.038515370537],
      [0, 0, 0.98542415514, 0.014575844864],
      [0, 0.68275165178, 0.27720846441, 0.040039883807],
      [0, 0.038872531378, 0.82067417081, 0.14045329781]
    ],
    [
      [0.0081744561001, 0.81756576597, 0.13393826251, 0.040321515416],
      [0.67557898872, 0.050979489872, 0.24470469925, 0.028736822155],
      [0, 0, 0.98294332964, 0.017056670358],
      [0.07311309243, 0.64650999938, 0.23191756889, 0.048459339298],
      [0.0085993335747, 0.040416793376, 0.78552062113, 0.16546325191]
    ],
    [
      [0.0020558224327, 0.87408337692, 0.081334265223, 0.042526535427],
      [0.33333333333, 0.28272944646, 0.31862269303, 0.065314527172],
      [0, 0.028245586326, 0.94006347243, 0.031690941246],
      [0, 0.8139909089, 0.13170025264, 0.054308838453],
      [0, 0.065083278731, 0.67428883351, 0.26062788776]
    ],
    [
      [0.0072630757094, 0.83699699939, 0.10799921201, 0.047740712897],
      [0.66651640298, 0.062128461137, 0.23136084662, 0.03999428927],
      [0.015738503529, 0.0042555829591, 0.95314143615, 0.026864477366],
      [0.0048601018623, 0.75773526918, 0.17873787996, 0.058666748997],
      [0.0086085839757, 0.049711279484, 0.71903692151, 0.22264321503]
    ],
    [
      [0.011994678479, 0.87492279519, 0.078907916048, 0.034174610281],
      [0.73750031284, 0.061962444917, 0.17411452594, 0.026422716306],
      [0.024685199026, 0.027468053648, 0.92610554321, 0.021741204117],
      [0.015348706856, 0.82920076133, 0.11388171931, 0.041568812507],
      [0.013946880855, 0.068644891596, 0.72165465222, 0.19575357532]
    ],
    [
      [0, 0.94805688265, 0.051943117353, 0],
      [0, 0.3319016812, 0.6680983188, 0],
      [0, 0.17032329882, 0.82967670118, 0],
      [0, 1, 0, 0],
      [0, 0.15935340236, 0.84064659764, 0]
    ],
    [
      [0.0080549569433, 0.84074319993, 0.12075751619, 0.030444326929],
      [0.72600421333, 0.048881842709, 0.2048309473, 0.020282996662],
      [0.001292171885, 0, 0.98480998057, 0.013897847547],
      [0.032790718479, 0.72335134814, 0.20717854272, 0.03667939066],
      [0.00961629065, 0.045027877735, 0.80269150359, 0.14266432803]
    ],
    [
      [0, 0.8761636262, 0.0779602933, 0.045876080501],
      [0.18181818182, 0.30351373253, 0.42183920374, 0.092828881918],
      [0, 0.049739186392, 0.91845158739, 0.031809226217],
      [0, 0.85035116719, 0.093761777526, 0.055887055281],
      [0, 0.079187521652, 0.65791584086, 0.26289663749]
    ],
    [
      [0, 0.84674019347, 0.12400489128, 0.029254915248],
      [0, 0.17541839266, 0.7545722462, 0.07000936114],
      [0, 0.0011942347512, 0.98587592662, 0.012929838631],
      [0, 0.75183048154, 0.21503234864, 0.033137169818],
      [0, 0.048062974896, 0.81284413818, 0.13909288693]
    ],
    [
      [0.013970582319, 0.87109171117, 0.060563598115, 0.054374108401],
      [0.81512685057, 0.057990589019, 0.091760169154, 0.035122391255],
      [0.084984979336, 0.053696644302, 0.81929328074, 0.042025095624],
      [0.036706559611, 0.83414222782, 0.061472292712, 0.067678919861],
      [0.040252855816, 0.080860522415, 0.54412433386, 0.33476228791]
    ],
    [
      [0.0079272943066, 0.85326951768, 0.10721999621, 0.031583191801],
      [0.73112454523, 0.051145150746, 0.19534231195, 0.02238799208],
      [0.02271638914, 0, 0.96017728277, 0.017106328092],
      [0.011633860235, 0.77064091964, 0.17881864856, 0.038906571566],
      [0.010578466841, 0.052382765604, 0.77284614057, 0.16419262699]
    ],
    [
      [0.0072522611381, 0.85686589162, 0.11062187027, 0.025259976971],
      [0.6971218792, 0.058933766367, 0.22398836442, 0.019955990015],
      [0.01676894378, 0.00077858510493, 0.96955646445, 0.012896006662],
      [0.0033554240298, 0.78038762963, 0.18533912136, 0.03091782498],
      [0.0094623118727, 0.05446694369, 0.8056028627, 0.13046788174]
    ],
    [
      [0.0049387234082, 0.80128176509, 0.1294199575, 0.064359554007],
      [0.56099976036, 0.066564302112, 0.31131611523, 0.061119822299],
      [0, 0, 0.9700367306, 0.029963269399],
      [0.006412682323, 0.66336013004, 0.25347992792, 0.076747259713],
      [0.0046726621247, 0.037002745148, 0.70879110824, 0.24953348449]
    ],
    [
      [0.0040118517186, 0.84662528441, 0.11489090048, 0.034471963389],
      [0.55084910062, 0.091731432216, 0.31977670011, 0.037642767055],
      [0, 0.0069079543512, 0.97489108902, 0.018200956626],
      [0, 0.75801275466, 0.2002118048, 0.041775440539],
      [0, 0.056013032271, 0.77896334085, 0.16502362688]
    ],
    [
      [0.0044387707494, 0.84725073523, 0.10405606364, 0.044254430375],
      [0.59521208928, 0.078909752454, 0.27943182592, 0.046446332342],
      [0.0048997418999, 0.015151614041, 0.95405274085, 0.025895903214],
      [0, 0.77594050964, 0.1694223175, 0.054637172861],
      [0.0049567109122, 0.053904357188, 0.72412337167, 0.21701556023]
    ],
    [
      [0.0040963227995, 0.8560914969, 0.10112247498, 0.038689705318],
      [0.57283548379, 0.087881173658, 0.29530382642, 0.043979516132],
      [0.0021332397648, 0.024336143972, 0.9505546747, 0.022975941563],
      [0, 0.79279855407, 0.15963195166, 0.047569494262],
      [0.00485854162, 0.05880401549, 0.73930873142, 0.19702871147]
    ],
    [
      [0.0054541269524, 0.84791178018, 0.10437418535, 0.042259907526],
      [0.62626137732, 0.073517453725, 0.25917881334, 0.041042355612],
      [0.0093990380491, 0.013347244479, 0.95271604917, 0.024537668298],
      [0.00093903124808, 0.77691952554, 0.17006217404, 0.052079269168],
      [0.0065411659013, 0.054171800996, 0.73126703146, 0.20802000164]
    ],
    [
      [0.0087749513043, 0.83379876768, 0.10236460066, 0.055061680357],
      [0.70217337683, 0.056455248344, 0.19939085214, 0.041980522692],
      [0.02690448964, 0.0077417508545, 0.93276959535, 0.032584164151],
      [0.012523409579, 0.75882209831, 0.1605284742, 0.068126017913],
      [0.011304824149, 0.050002757879, 0.68270923522, 0.25598318275]
    ],
    [
      [0.0057200901017, 0.85513016621, 0.10973683442, 0.029412909275],
      [0.63328215924, 0.071703175281, 0.26709879351, 0.027915871976],
      [0.010083699769, 0.0062840145411, 0.96755599126, 0.016076294429],
      [0.0015831337222, 0.7777627796, 0.18481207172, 0.03584201496],
      [0.0071157034988, 0.055155276815, 0.78883928279, 0.1488897369]
    ]
  ],
  "expected_outcome": [
    [
      [0.098788146574, 0.011449684561, 0, 0.041500352097, 0.12698999684, 0.097306807421, 0.033440718622, 0.085253685467, 0.046633647343, 0, 0, 0.045543946038, 0.13230275067, 0.22094149145, 0, 0.08423972361, 0.2091235018, 0, 0.0089984475986, 0.032268772387, 0.72566164924, 0.029908674359, 0.14453859702, 0.17946135429, 0.13974944129, 0.1066744678, 0.22842367846, 0.19515132314, 0.15872622947, 0.2631775235, 0.043667854898, 0.037822669641, 0.098093473201, 0, 0.61009835959, 0.4557977822, 0, 0.04832974166, 0, 0, 0.027941164637, 0.0079272943066, 0.043513566829, 0.12840680861, 0.15245036531, 0.0088775414987, 0.39734331156, 0.038178888667, 0.72832095826, 0.085801351525],
      [12.4349443601, 1.6210740712, 0, 3.1036671864, 28.1190938863, 7.7983834123, 5.0900498947, 12.6750955544, 5.6668000068, 0, 1.8810630434, 9.853538825, 20.6072281727, 32.4435104699, 21.7325826242, 18.9835434025, 38.7095908907, 46.3145598971, 0.83074817844, 8.6550323873, 82.9994896728, 1.6731207883, 23.2936061539, 38.0247520946, 18.2818220721, 26.4695549829, 42.382109671, 18.4587242077, 31.5165422323, 31.1010932844, 11.7848699336, 9.8535292244, 9.8107891917, 0, 70.3077479485, 33.2470662173, 0, 5.0444591996, 5.2569817572, 3.3869607739, 1.7421834223, 0.85326951768, 5.1411953497, 20.8333258923, 32.1717608076, 1.6945014705, 83.0408751996, 5.9353824612, 69.2052977171, 12.8269524931],
      [1.5915586624, 0.19696122116, 0, 0.39990524314, 3.1200185559, 0.79769863416, 0.60843020048, 1.5528541276, 0.92942637346, 0, 0.1189369566, 0.60812296854, 2.2562309476, 3.508292137, 2.1619225037, 2.182038403, 4.669714195, 5.5881395371, 0.12522453872, 1.3326498695, 10.7818089839, 0.17924546204, 3.0907541108, 5.3790542075, 2.2070823081, 3.73843332, 5.6209189456, 2.8854314581, 3.7994777096, 4.4716360777, 1.5572691563, 1.6986720057, 1.6072591501, 0, 9.0719338085, 2.9985008098, 0, 0.72454509716, 0.4677617598, 0.49601956511, 0.12112719623, 0.10721999621, 0.66373122162, 3.3649188949, 4.3658542184, 0.20811212728, 9.808880073, 0.73061929742, 8.496261855, 1.6460525162],
      [0.87470883087, 0.17051502304, 0, 0.45492721832, 1.6338975609, 0.30661114615, 0.26807918624, 0.68679663244, 0.35713997244, 0, 0, 0.4927942604, 1.004238129, 0.82725590163, 1.1054948721, 0.75017847091, 1.4115714125, 2.0973005659, 0.035028835238, 0.98004897081, 4.4930396941, 0.11772507527, 1.4711011383, 2.4167323437, 1.3713461785, 1.6853372293, 1.7685477049, 1.460693011, 1.5252538286, 2.1640931144, 0.6141930552, 0.40997610024, 0.48385818499, 0, 4.0102198834, 1.2986351907, 0, 0.18266596158, 0.275256483, 0.11701966099, 0.1087482168, 0.031583191801, 0.15155986182, 1.6733484042, 1.3099346088, 0.08850886075, 3.7529014159, 0.29581935268, 4.5701194696, 0.44119363912]
    ],
    [
      [34.0386580998, 2.7062122482, 2.2686195068, 6.3104992376, 27.6686270836, 5.4162108517, 7.108295241, 17.7150338255, 1.44049653, 1.7945480889, 0, 4.843789529, 21.8123986373, 28.4943374609, 8, 18.9157602764, 18.5777414178, 18, 6.4692422109, 5.9677312276, 106.1455361906, 2.5353920153, 7.8390727466, 19.0259639918, 16.2751072682, 13.3026421523, 27.6420443262, 14.367185871, 21.8987607344, 23.8979534813, 10.9563321451, 8.9621773304, 23.6452646052, 1, 39.9909841786, 10.3250043798, 0, 2.17801264, 2, 0, 4.8907611034, 4.3867472714, 6.2740969128, 10.6589954469, 30.8475496347, 4.166484625, 68.1674225708, 16.2827958103, 113.7520870461, 26.5978506879],
      [3.4089478278, 0.21424658815, 0.14703219547, 0.36739609138, 4.4362331784, 0.36166517029, 0.77543373179, 2.0064009976, 0.086011445251, 0.08654100602, 0, 0.62192703304, 2.6270122408, 3.3446488728, 2.7159632301, 3.5336778177, 2.5496799552, 5.3672675964, 0.32228826326, 0.79310777202, 10.602365439, 0.092138472098, 0.93349417834, 2.9314345872, 1.645477286, 2.3683598651, 3.8522690665, 1.0216977158, 3.2251224345, 2.1768613826, 2.8380634712, 1.7280193218, 1.7842821455, 0.84818833939, 3.7277076682, 0.86747422884, 0, 0.14664552813, 3.3386510578, 1.052510356, 0.34794353412, 0.30687090448, 0.53040389731, 1.2647217401, 5.1369602041, 0.55236826718, 10.4578596653, 1.9114537969, 9.1457502317, 3.0115333618],
      [12.790663347, 0.80576789314, 0.48366333084, 1.5986977976, 12.390118439, 1.0659233476, 2.6592204465, 7.0584084774, 0.41010262542, 0.10258372457, 0, 1.2146774386, 8.1504940353, 10.2293691236, 5.2649875196, 10.1875028295, 8.8322234497, 13.63964229, 1.9979615686, 4.1545554012, 40.6323190637, 0.29601033946, 3.562950091, 11.933063902, 5.69875027, 9.6234253343, 14.6936251173, 4.6804633018, 11.1337047486, 9.1774427995, 7.9733825264, 10.4624651961, 8.5646644739, 0.95586807909, 13.881650797, 2.4376033631, 0, 0.6144928419, 4.6402312411, 4.5274334772, 0.55056101493, 1.1720538717, 2.0158952798, 5.9150061893, 17.9074952061, 1.9560227814, 35.1411553442, 6.7386491469, 32.3013180461, 11.2181493273],
      [2.7617307254, 0.27377327046, 0.10068496692, 0.72340687341, 2.5050212989, 0.15620063042, 0.45705058072, 1.2201566995, 0.063389399306, 0.016327180468, 0, 0.31960599936, 1.4100950866, 0.93164454274, 1.0190492503, 1.3630590764, 1.0403551773, 1.9930901136, 0.21050795728, 1.0846055992, 6.6197793066, 0.076459173177, 0.66448298397, 2.1095375191, 1.3806651757, 1.7055726483, 1.81206149, 0.93065311143, 1.7424120825, 1.7477423367, 1.2322218573, 0.84733815181, 1.0057887754, 0.19594358152, 2.3996573562, 0.36991802828, 0, 0.060848989987, 1.0211177011, 0.42005616684, 0.21073434753, 0.13432795248, 0.17960391014, 1.1612766237, 2.1079949551, 0.3251243264, 5.2335624197, 1.0671012459, 6.8008446762, 1.172466623]
    ],
    [
      [3.4028888468, 0.24773704693, 0.44041752235, 0.50020403053, 0, 1.8280671634, 0.65732538009, 4.3139183068, 0, 0.5917488835, 0, 0.040707445206, 2.0392625028, 3.1495064808, 0, 0, 1.8386913163, 0, 0.03549748512, 0, 5.8398749451, 1.6333171507, 4.0944073214, 0, 3.9792226063, 0, 6.2442242776, 0, 2.3121540691, 1.093778309, 0, 0, 0, 0, 12.7481878588, 1.925445524, 0, 0.19770229841, 0, 0, 2.1246244834, 1.2266850135, 2.3476521292, 0, 0, 0.69576334979, 2.3614964196, 2.2557691318, 36.4286789727, 1.7948985588],
      [0.79577484466, 0.077975145445, 0.37511985693, 0, 3.858923971, 1.5111202516, 0.92884271319, 5.4845430312, 0, 0.44263507916, 0.68677340649, 0.89689982886, 3.5276214759, 6.0112816691, 5.2015012799, 6.3553583543, 4.9664073165, 7.7077653785, 0, 0, 1.491313104, 0.17415995556, 0.89761160344, 0, 4.2539410805, 0, 2.8346972188, 0, 10.0844314054, 0, 0.70254333117, 0, 0, 0.62140289918, 3.4470221969, 2.1425081846, 0.68129319527, 0, 1.9895674557, 0.032244338283, 1.3424161076, 0, 0.10900191469, 0, 2.4523237947, 2.1515291938, 26.9401113768, 3.2033386749, 10.482330657, 1.1185545883],
      [197.6723466831, 24.2202525622, 23.3952470146, 22.7591950888, 127.9209112135, 56.3685569473, 62.667340115, 378.4240642523, 41.0189002979, 6.8385603985, 8.3132265935, 16.4111349902, 177.4730537459, 243.3802230197, 130.689388989, 227.7535105119, 306.3812566431, 380.3266831213, 24.561015798, 58.8430677041, 372.8195784982, 24.1976059255, 471.464305262, 733.1201737333, 283.2236270903, 493.96154416, 1030.1174065789, 493.4133859747, 495.0148870038, 409.2391950838, 271.6296109792, 123.1780193919, 993.7557062681, 20.6813963934, 772.0445632782, 72.2362323703, 3.3187068047, 150.675927027, 36.7380634956, 26.6186500187, 20.4823320184, 51.8495732695, 135.7379050233, 434.5764553094, 346.0863366032, 135.4754892, 1052.2640248933, 228.6518518018, 1262.9700321098, 172.2249664445],
      [7.1289896254, 1.4540352455, 0.7892156061, 1.7406008807, 4.2201648155, 1.2922556378, 1.7464917918, 10.7774744097, 0.98109970213, 0.12705563887, 0, 0.6512577357, 4.9600622755, 3.4589888304, 4.1091097311, 4.8911311338, 5.8136447241, 8.9655515003, 0.40348671691, 3.1569322959, 9.8492334528, 0.9949169682, 14.5436758131, 20.8798262667, 11.5432092229, 14.03845584, 19.8036719247, 15.5866140253, 12.5885275218, 12.6670266073, 6.6678456896, 1.8219806081, 17.2442937319, 0.69720070742, 21.7602266661, 1.6958139211, 0, 2.1263706746, 1.2723690487, 0.34910564303, 1.0506273906, 0.92374171694, 1.8054409327, 13.4235446906, 6.4613396021, 3.6772182563, 25.4343673103, 5.8890403915, 44.1189582605, 2.8615804083]
    ],
    [
      [1.0797245352, 0.01186204934, 0.21137926005, 1.0676240667, 0, 1.4291443444, 0.080403184106, 0.32138989911, 0.4797774536, 0.52904722562, 0, 0, 0.51685087494, 1.4402016935, 0, 0, 0, 0, 1.4862618564, 0, 6.7261767192, 0.72198714009, 0.29414623111, 2.326102469, 1.270925045, 0.35323181265, 0, 10.7885055435, 0, 6.1582992624, 0, 0, 15.2075232255, 0, 3.3680505905, 1.9032396501, 0, 2.2297688565, 0, 0, 0.51389183455, 0.32574808658, 0.16441577746, 2.9883099625, 0, 0, 0, 0.18123303088, 14.5021082929, 0.35778822122],
      [133.1537550729, 10.928440511, 25.0467097797, 23.312090082, 176.9915314479, 66.3566082621, 78.2197811296, 151.4264047479, 39.0560103891, 14.1615210268, 7.4321635501, 43.7808658641, 381.9281583551, 416.5770981805, 203.2932813153, 321.9296913927, 549.0863530836, 519.5691682875, 21.8469635583, 41.8807016748, 558.4021436902, 16.8641247065, 254.6571109113, 401.7706547654, 279.5293911108, 405.0154649741, 531.1590428025, 306.7783950792, 446.8773523388, 260.482000005, 85.7640879003, 160.4466381693, 134.4740798709, 8.139909089, 525.1105415433, 102.8208944046, 5, 49.1878916738, 45.0686118612, 35.3360326323, 11.6779911894, 21.5779457498, 38.2389938519, 309.1258206005, 366.8781732574, 103.2000877816, 950.565466335, 149.9454684301, 878.71598984, 175.77438819],
      [30.8906284807, 2.4387847996, 4.7000510124, 5.5282099818, 32.2582992135, 9.8464976337, 16.168505921, 33.175015992, 14.9203573405, 0, 0.56783644989, 2.5753642925, 64.34530645, 67.6764830973, 28.3736505699, 60.4516697733, 114.4527023589, 109.1052676086, 7.3157980947, 14.0432586011, 133.7460398739, 2.7918485216, 63.0593794824, 113.531265488, 57.6188175915, 114.1160940184, 132.0489866368, 107.224617259, 93.2896226699, 74.8371292529, 21.1750656294, 65.1439891361, 48.2388543295, 1.3170025264, 123.8653508109, 14.1213331945, 0, 14.0881409048, 4.9693742089, 10.1065203863, 0.86061209797, 5.0069221598, 9.0816169467, 118.121646411, 96.9025135216, 22.5331682279, 191.3987100447, 32.8219995897, 185.8919731234, 41.7675282079],
      [12.8758919111, 1.6209126401, 2.0418599479, 5.0920758695, 13.7501693385, 3.3677497598, 5.5313097653, 11.077189361, 3.5438548168, 0.30943174757, 0, 2.6437698434, 24.20968432, 13.3062170287, 13.3330681148, 16.618638834, 26.4609445575, 31.3255641039, 1.3509764906, 7.0760397242, 41.1256397167, 1.6220396319, 21.9893633752, 35.3719772776, 28.5808662527, 35.5152091948, 29.7919705607, 35.2084821183, 28.8330249913, 25.5225714797, 6.0608464703, 9.4093726946, 10.0795425741, 0.54308838453, 40.6560570553, 5.1545327508, 0, 2.4941985648, 2.9620139299, 1.5574469814, 0.94750487805, 1.0893840038, 1.514973424, 35.764223026, 20.219313221, 7.2667439905, 57.0358236202, 10.0512989493, 78.8899287437, 8.1002953809]
    ],
    [
      [0.37994037157, 0.022738970919, 0.079583710827, 0.080172313077, 0.20438291951, 0.22927083311, 0.1205354762, 0.56440428316, 0.033092369033, 0.084655801941, 0, 0.069959079728, 0.49918523427, 0.69501287342, 0, 0, 0.37444376411, 0, 0, 0, 0.56275049586, 0.079395019536, 0.62783510379, 0.46847218496, 0.33499563918, 0.23745156726, 0.88530771768, 0.64915726235, 0.63035896703, 0.58679142389, 0, 0, 1.0491186961, 0, 1.2826790124, 0.39051266395, 0, 0.3461864634, 0, 0, 0.44278141398, 0.052892334205, 0.17032161371, 0.22428778199, 0, 0.12887448372, 1.073737698, 0.24202313835, 2.58880473, 0.16366118047],
      [2.2065778945, 0.15826368413, 0.43113816793, 0.21684664019, 2.5942175163, 0.97222290383, 0.98589253073, 4.4075556688, 0.19117815884, 0.30930288801, 0, 0.84676844896, 4.3099797555, 5.6234608077, 4.0566715505, 4.1977290327, 3.687968754, 7.0412388406, 0, 0.67115816592, 3.504688094, 0.19645607752, 5.218177153, 5.2731585528, 2.2893684505, 3.1466201779, 8.7718812411, 2.7411829973, 7.2965515891, 3.240045328, 1.9104353638, 0.97181328445, 4.9308487919, 0.39049967238, 7.4069806431, 1.9220569647, 0.31870680473, 1.6210035985, 1.3461878681, 0.19225189958, 0.88946574657, 0.26191382802, 0.98040498642, 1.7761317671, 3.3607819363, 1.4015132869, 12.9956874233, 2.0043566369, 11.4506315543, 1.2685713667],
      [32.0548028268, 2.338233524, 5.4210386421, 3.7139918887, 30.310652578, 10.9213234373, 12.8965033171, 58.7896571507, 3.7212133628, 2.058855877, 0, 6.1907003102, 49.7749148213, 64.2056326224, 38.5100504178, 47.4252784823, 48.6641033533, 86.340267443, 0, 14.6264684241, 51.0202535803, 2.5352897514, 78.8226110538, 86.0364426692, 30.2517227401, 50.5605031672, 130.5190627214, 52.7961020064, 93.7623078681, 55.2745967861, 26.6646717087, 20.5168542703, 95.8335157784, 4.0457330011, 107.1365013054, 20.2063302623, 1.6812931953, 28.8968941292, 11.1845692946, 3.2513765527, 5.9853676724, 3.8642307028, 14.5008515286, 34.0219731954, 46.7378004507, 18.8272076633, 163.3872296448, 27.0568801642, 156.3404148657, 18.1433035041],
      [12.3586789072, 1.480763821, 2.0682394791, 2.9889891581, 10.8907469862, 2.8771828258, 3.997068676, 18.2383828973, 1.0545161093, 0.54718543308, 0, 2.8925721612, 15.415920189, 10.4758936965, 13.4332780317, 11.376992485, 10.2734841285, 22.6184937164, 0, 7.70237341, 14.9123078298, 1.1888591515, 26.3313766894, 27.221926593, 13.1239131702, 16.0554250876, 28.8237483198, 18.8135577339, 26.3107815758, 18.898566462, 7.4248929275, 3.5113324453, 20.1865167336, 1.5637673265, 33.173839039, 5.4811001091, 0, 5.135915809, 4.4692428373, 0.55637154771, 3.682385167, 0.82096313494, 2.3484218713, 11.9776072555, 9.901417613, 5.6424045661, 43.5433452339, 7.6967400606, 58.62014885, 3.4244639486]
    ]
  ],
  "prob": [
    [0.0055150266639, 0.8437627667, 0.10584276358, 0.04487944306],
    [0.61099820421, 0.07788702663, 0.26758019278, 0.043534576374],
    [0.0076191378342, 0.0088556787487, 0.95832879852, 0.0251963849],
    [0.0055576343573, 0.76257379864, 0.17709794036, 0.054770626638],
    [0.0061963447145, 0.052822375184, 0.72835773055, 0.21262354955]
  ],
  "iterations": 97,
  "logLik": -515.1709508316,
  "time": 0.000276,
  "message": "Converged",
  "status": 0,
  "miniter": 0,
  "maxiter": 1000,
  "maxtime": 3600,
  "param_threshold": 0.001,
  "ll_threshold": "-Inf",
  "initial_prob": "random",
  "adjust_prob_cond_method": "project_lp",
  "adjust_prob_cond_every": false,
  "candidates_id": ["ER, Lisa Elizabeth.c", "BLUE, Jacqueline Diane.c", "GOFF, Philip Bruce.c", "Other candidates votes.c"],
  "group_id": ["ACT New Zealand.p", "Green Party.p", "Labour Party.p", "National Party.p", "Other parties votes.p"]
}
