{
  "X": [
    [75, 119, 151, 19],
    [276, 431, 784, 91],
    [187, 89, 104, 25],
    [32, 68, 61, 11],
    [279, 481, 457, 98],
    [318, 338, 240, 35],
    [483, 633, 912, 107],
    [85, 140, 177, 10],
    [205, 271, 401, 39],
    [180, 189, 211, 20],
    [90, 153, 170, 12],
    [6, 14, 31, 4],
    [43, 40, 83, 5],
    [226, 119, 118, 8],
    [6, 7, 4, 0],
    [42, 68, 133, 9],
    [19, 30, 32, 3],
    [12, 13, 13, 1],
    [1, 4, 9, 2],
    [31, 35, 77, 6],
    [2, 6, 11, 0],
    [8, 16, 41, 3],
    [1, 9, 4, 0],
    [10, 8, 11, 0],
    [189, 188, 253, 35],
    [4, 2, 1, 0],
    [71, 75, 81, 10],
    [50, 39, 33, 19],
    [25, 17, 15, 4],
    [1476, 1197, 1142, 139],
    [92, 49, 53, 4],
    [8, 3, 4, 1],
    [6, 16, 8, 2],
    [45, 90, 84, 10],
    [723, 1573, 1147, 152],
    [39, 39, 26, 11],
    [62, 68, 84, 24],
    [11, 26, 9, 7],
    [113, 132, 144, 34],
    [39, 38, 31, 10],
    [92, 61, 47, 18],
    [54, 71, 77, 15],
    [71, 77, 103, 15],
    [85, 102, 104, 8],
    [91, 77, 83, 20],
    [47, 75, 60, 21],
    [8, 14, 26, 4],
    [8, 11, 13, 0],
    [32, 75, 57, 18],
    [12, 21, 16, 3],
    [17, 3, 14, 0],
    [20, 24, 34, 1],
    [57, 57, 68, 12],
    [2, 3, 5, 3],
    [348, 166, 123, 20],
    [12, 14, 28, 3],
    [14, 18, 17, 2],
    [6, 4, 6, 5],
    [8, 12, 1, 1],
    [4, 1, 2, 0],
    [16, 18, 23, 5],
    [40, 28, 63, 4],
    [15, 10, 7, 2],
    [31, 13, 13, 4],
    [1, 1, 6, 0],
    [261, 178, 235, 30],
    [137, 55, 37, 8],
    [139, 67, 47, 15],
    [34, 51, 33, 5],
    [65, 79, 67, 18],
    [58, 75, 97, 22],
    [44, 52, 37, 5],
    [14, 42, 32, 4],
    [23, 37, 29, 8],
    [84, 95, 75, 17],
    [20, 20, 24, 2],
    [23, 11, 20, 2],
    [1, 3, 2, 0],
    [426, 761, 967, 78],
    [1082, 1504, 1728, 394],
    [702, 743, 851, 254],
    [1, 1, 4, 0]
  ],
  "W": [
    [13, 80, 183, 67, 21],
    [56, 446, 712, 246, 122],
    [57, 57, 132, 127, 32],
    [8, 49, 78, 25, 12],
    [72, 251, 684, 218, 90],
    [95, 133, 412, 236, 55],
    [166, 579, 910, 374, 106],
    [29, 104, 200, 63, 16],
    [58, 228, 421, 163, 46],
    [34, 109, 275, 151, 31],
    [26, 127, 178, 81, 13],
    [1, 20, 27, 4, 3],
    [14, 54, 64, 35, 4],
    [55, 70, 155, 169, 22],
    [2, 4, 5, 4, 2],
    [16, 95, 106, 26, 9],
    [6, 20, 34, 18, 6],
    [1, 7, 18, 10, 3],
    [0, 7, 7, 2, 0],
    [13, 47, 67, 16, 6],
    [0, 3, 12, 3, 1],
    [0, 19, 38, 9, 2],
    [0, 1, 11, 1, 1],
    [2, 9, 10, 7, 1],
    [45, 116, 317, 153, 34],
    [0, 0, 3, 3, 1],
    [13, 56, 101, 53, 14],
    [15, 15, 56, 42, 13],
    [8, 10, 21, 19, 3],
    [427, 649, 1655, 1074, 149],
    [26, 32, 70, 66, 4],
    [2, 1, 5, 7, 1],
    [4, 6, 17, 4, 1],
    [16, 35, 135, 33, 10],
    [221, 608, 2011, 540, 215],
    [3, 14, 55, 34, 9],
    [17, 39, 109, 54, 19],
    [3, 4, 32, 10, 4],
    [30, 75, 190, 88, 40],
    [9, 10, 54, 38, 7],
    [24, 26, 75, 72, 21],
    [21, 40, 106, 37, 13],
    [29, 46, 113, 58, 20],
    [29, 66, 125, 63, 16],
    [32, 47, 108, 60, 24],
    [9, 27, 90, 41, 36],
    [4, 8, 28, 8, 4],
    [2, 6, 16, 5, 3],
    [10, 27, 100, 23, 22],
    [2, 8, 27, 10, 5],
    [3, 5, 8, 17, 1],
    [6, 25, 33, 9, 6],
    [16, 36, 81, 43, 18],
    [0, 3, 7, 1, 2],
    [72, 56, 236, 266, 27],
    [1, 13, 20, 13, 10],
    [3, 7, 28, 10, 3],
    [1, 2, 11, 6, 1],
    [1, 0, 12, 7, 2],
    [2, 1, 2, 2, 0],
    [6, 10, 31, 13, 2],
    [10, 33, 58, 29, 5],
    [7, 3, 11, 11, 2],
    [9, 4, 26, 19, 3],
    [0, 2, 5, 0, 1],
    [63, 102, 289, 211, 39],
    [44, 18, 68, 102, 5],
    [27, 20, 96, 106, 19],
    [7, 15, 66, 26, 9],
    [22, 36, 103, 45, 23],
    [12, 35, 134, 42, 29],
    [7, 26, 66, 29, 10],
    [6, 20, 49, 10, 7],
    [6, 16, 42, 21, 12],
    [16, 38, 132, 60, 25],
    [6, 12, 31, 13, 4],
    [7, 14, 18, 15, 2],
    [2, 1, 3, 0, 0],
    [122, 597, 1110, 288, 115],
    [315, 882, 2234, 917, 360],
    [187, 361, 1168, 613, 221],
    [0, 1, 2, 2, 1]
  ],
  "method": "mvn_pdf",
  "cond_prob": [
    [
      [0.64927355474, 0.076742613702, 0.014382692592, 0.25960113896],
      [0.026249760051, 0.083477679454, 0.88198227885, 0.0082902816446],
      [0.034753843272, 0.56446970185, 0.40031207563, 0.0004643792452],
      [0.85283735995, 0.077636965804, 0.067988577972, 0.0015370962784],
      [0.045686026146, 0.13449997705, 0.11629038683, 0.70352360997]
    ],
    [
      [0.6711561033, 0.084711676879, 0.020832797636, 0.22329942218],
      [0.0193110164, 0.06673100923, 0.90825555975, 0.0057024146172],
      [0.029068695085, 0.50194811473, 0.46786112413, 0.0011220660556],
      [0.82489247269, 0.080979395969, 0.092569313551, 0.001558817789],
      [0.050672833758, 0.15726333508, 0.17919846042, 0.61286537074]
    ],
    [
      [0.85259697268, 0.040246246968, 0.0075970732265, 0.09955970713],
      [0.067854262246, 0.084901251511, 0.84128464161, 0.0059598446328],
      [0.085887048802, 0.55114845478, 0.36296449642, 0],
      [0.93756320274, 0.032903473757, 0.029533323503, 0],
      [0.12895820061, 0.15425798088, 0.12349052008, 0.59329329842]
    ],
    [
      [0.65492211759, 0.09568479931, 0.0088509402462, 0.24054214286],
      [0.037942352454, 0.14852955748, 0.80259344796, 0.010934642113],
      [0.036147890647, 0.71116776731, 0.25182957587, 0.00085476617845],
      [0.860706847, 0.095825542155, 0.041929430426, 0.0015381804155],
      [0.047020095291, 0.17415407378, 0.075930904151, 0.70289492678]
    ],
    [
      [0.60516493652, 0.064984722055, 0.009192759359, 0.32065758207],
      [0.038182847955, 0.10516798143, 0.84106067743, 0.015588493182],
      [0.045230897879, 0.62061809043, 0.33394838864, 0.00020262304885],
      [0.8772320387, 0.072556126307, 0.048245170129, 0.0019666648637],
      [0.040774568316, 0.10671030316, 0.069930515227, 0.78258461329]
    ],
    [
      [0.80774698018, 0.088900390729, 0.0092126238626, 0.094140005227],
      [0.051026520321, 0.13319755404, 0.81577592564, 0],
      [0.047529684458, 0.67576282972, 0.27670748583, 0],
      [0.88638434309, 0.076067948671, 0.037547708236, 0],
      [0.10379226752, 0.28132484481, 0.14112471488, 0.47375817279]
    ],
    [
      [0.685557206, 0.085633832893, 0.015559560245, 0.21324940086],
      [0.026293297702, 0.086448521587, 0.88059480977, 0.0066633709376],
      [0.034234075115, 0.57143203209, 0.39373864809, 0.00059524470708],
      [0.84727889404, 0.081798466319, 0.069604967764, 0.0013176718777],
      [0.056022355747, 0.17108786924, 0.14356877767, 0.62932099735]
    ],
    [
      [0.76478033045, 0.10735310822, 0.018550998446, 0.10931556288],
      [0.026633904371, 0.090689542534, 0.88248583559, 0.00019071750222],
      [0.030570664826, 0.58664074184, 0.38278859334, 0],
      [0.8360499278, 0.090524741975, 0.073233777161, 0.00019155306731],
      [0.079135371618, 0.2764900204, 0.21950296967, 0.42487163831]
    ],
    [
      [0.72302017298, 0.081607534149, 0.016644527106, 0.17872776576],
      [0.025972540341, 0.077462506966, 0.89125479078, 0.0053101619129],
      [0.035890381852, 0.54205184056, 0.42135174315, 0.00070603444169],
      [0.85310656507, 0.074543357759, 0.071218582692, 0.001131494479],
      [0.064714563114, 0.17936780957, 0.17023504972, 0.5856825776]
    ],
    [
      [0.79607256011, 0.075943066387, 0.012894412858, 0.11508996064],
      [0.037282838965, 0.090853124236, 0.86881346673, 0.0030505700703],
      [0.045655111071, 0.58106662208, 0.37327826685, 0],
      [0.88331635778, 0.064984747186, 0.051698895037, 0],
      [0.094637998065, 0.22286862274, 0.17428598563, 0.50820739356]
    ],
    [
      [0.67297177082, 0.14227826974, 0.01724459605, 0.16750536338],
      [0.023094834783, 0.12393379306, 0.84764230715, 0.0053290650013],
      [0.024191590666, 0.67119377178, 0.30313777837, 0.0014768591842],
      [0.79703462848, 0.12822416676, 0.07324600425, 0.0014952005142],
      [0.054137068905, 0.28480956801, 0.15458589228, 0.5064674708]
    ],
    [
      [0.41974879915, 0.029625921999, 0.0078167668606, 0.54280851199],
      [0.03146770446, 0.052067019537, 0.89360501175, 0.02286026425],
      [0.049036446891, 0.4707154491, 0.47561941359, 0.0046286904218],
      [0.89943909183, 0.042677998749, 0.05403758118, 0.0038453282397],
      [0.009718892763, 0.016334855529, 0.020736168822, 0.95321008289]
    ],
    [
      [0.73361670031, 0.081739444592, 0.019814032494, 0.16482982261],
      [0.019605402786, 0.065658954724, 0.90986353758, 0.0048721049105],
      [0.030194052853, 0.500959636, 0.46712594106, 0.0017203700904],
      [0.84260101565, 0.07293184785, 0.082826649245, 0.0016404872592],
      [0.06180487876, 0.17400821046, 0.19874489115, 0.56544201962]
    ],
    [
      [0.93360845508, 0.058236311707, 0.0081552332151, 0],
      [0.06266180833, 0.10499482455, 0.83234336712, 0],
      [0.06760409594, 0.60863372745, 0.32376217661, 0],
      [0.92091606623, 0.048144253543, 0.030939680227, 0],
      [0.18871628745, 0.27148902428, 0.17615832463, 0.36363636364]
    ],
    [
      [0.87434775504, 0.11184755063, 0.013804694327, 0],
      [0.042981527248, 0.22228852676, 0.73472994599, 0],
      [0.028771181784, 0.84264065779, 0.12858816042, 0],
      [0.88709701148, 0.08359256705, 0.029310421469, 0],
      [0.19356721304, 0.66978861727, 0.13664416969, 0]
    ],
    [
      [0.74097408818, 0.071440379936, 0.014932009614, 0.17265352227],
      [0.02834182197, 0.074721048113, 0.89102402239, 0.0059131075284],
      [0.039741407822, 0.53416880978, 0.42494603236, 0.0011437500321],
      [0.87073320461, 0.06455369302, 0.06358078494, 0.0011323174339],
      [0.066698772574, 0.16201827722, 0.15738065335, 0.61390229686]
    ],
    [
      [0.68851540665, 0.17882528895, 0.024737056434, 0.10792224797],
      [0.016145687378, 0.10584056649, 0.87382725706, 0.0041864890709],
      [0.019025071858, 0.645789978, 0.33117646912, 0.0040084810314],
      [0.75446951531, 0.14595221524, 0.096970550355, 0.0026077190887],
      [0.053115015626, 0.37103963504, 0.22826044398, 0.34758490535]
    ],
    [
      [0.91594618277, 0.053510925506, 0.0079180255954, 0.02262486613],
      [0.044961461547, 0.09426259763, 0.85848757996, 0.0022883608589],
      [0.054953540777, 0.60714444041, 0.33548167109, 0.0024203477239],
      [0.92849089234, 0.04041961334, 0.029663911425, 0.0014255828997],
      [0.16508364302, 0.31795161011, 0.2157865736, 0.30117817328]
    ],
    [
      [0.56337211764, 0.068633865383, 0.013935960754, 0.35405805623],
      [0.068627450576, 0.27450979814, 0.61764705278, 0.039215698509],
      [0.068627450705, 0.27450981004, 0.61764706519, 0.039215674071],
      [0.019607845515, 0.078431371381, 0.17647058713, 0.72549019597],
      [0.024576370208, 0.097251693277, 0.091431843541, 0.78674009297]
    ],
    [
      [0.8017666171, 0.045214518915, 0.012773716375, 0.1402451476],
      [0.036225033243, 0.054138245355, 0.90370678947, 0.0059299319299],
      [0.057273768056, 0.45503632859, 0.48578974704, 0.0019001563083],
      [0.90759495002, 0.03908502213, 0.052230173486, 0.0010898543681],
      [0.085932625861, 0.12581989211, 0.16268779238, 0.62555968965]
    ],
    [
      [0.80338387807, 0.14140145914, 0.055142345716, 7.2317072283e-05],
      [0, 0.047160553922, 0.95283944608, 0],
      [0, 0.42510793969, 0.57489206031, 0],
      [0.65618234694, 0.13830964944, 0.20550800362, 0],
      [0.031452959181, 0.3422941136, 0.62625292722, 0]
    ],
    [
      [0.11238425946, 0.014769021162, 0.0059420716949, 0.86690464768],
      [0.0092930017902, 0.039210658664, 0.92257400198, 0.028922337565],
      [0.017554749344, 0.38529119572, 0.58739657249, 0.0097574824491],
      [0.79501976846, 0.06765074059, 0.12675079933, 0.010578691618],
      [0.00058728740794, 0.0025376913656, 0.0046335069103, 0.99224151432]
    ],
    [
      [0.92583390001, 0.068208739741, 0.005957157906, 2.0234757344e-07],
      [0.0092505228194, 0.14183651998, 0.8489129572, 0],
      [0.0096413640522, 0.73354613362, 0.25681250233, 0],
      [0.83433333521, 0.11526691116, 0.050399753631, 0],
      [0.050361137399, 0.67388909906, 0.27574976354, 0]
    ],
    [
      [0.9444741178, 0.043966037278, 0.011559844919, 0],
      [0.055180865834, 0.10250403742, 0.84231509674, 0],
      [0.06086473989, 0.6364889692, 0.30264629091, 0],
      [0.94439041891, 0.035303588458, 0.020305992636, 0],
      [0.39504364064, 0.37751677749, 0.22743958187, 0]
    ],
    [
      [0.71032382008, 0.057720745306, 0.012609939642, 0.21934549497],
      [0.033866777494, 0.071480713849, 0.88627723493, 0.0083752737308],
      [0.04865860893, 0.51899098832, 0.43134924146, 0.0010011612904],
      [0.88636541756, 0.055272825615, 0.056899493632, 0.0014622631956],
      [0.060829235008, 0.12158582462, 0.12297239404, 0.69461254633]
    ],
    [
      [0.99998187132, 1.6044451092e-05, 2.0842316701e-06, 2.1172393165e-16],
      [0.11612107166, 0.069327346499, 0.81447412076, 7.7461079132e-05],
      [0.16426362378, 0.57758666043, 0.25814971579, 0],
      [0.97691919741, 0, 0.023080802586, 0],
      [0.57645153642, 0.2672400187, 0.15630844488, 0]
    ],
    [
      [0.82724438388, 0.055969193798, 0.0073914659793, 0.10939495634],
      [0.058864245926, 0.10994731575, 0.8248812694, 0.0063071689251],
      [0.065104765454, 0.62264982875, 0.31201855394, 0.00022685185713],
      [0.92117584, 0.048660151205, 0.029684267049, 0.00047974174651],
      [0.11082317192, 0.18919500581, 0.11595855388, 0.5840232684]
    ],
    [
      [0.49613883046, 0.040224464245, 0.0052418484732, 0.45839485682],
      [0.045753919096, 0.097972426345, 0.82573530602, 0.030538348534],
      [0.060947639788, 0.60746442724, 0.33158793297, 0],
      [0.9076569743, 0.054199738538, 0.036773311061, 0.0013699760964],
      [0.025919077517, 0.048665361324, 0.032456874725, 0.89295868644]
    ],
    [
      [0.74697324014, 0.059092661686, 0.0062875899841, 0.18764650819],
      [0.048156196136, 0.1188134264, 0.82174836981, 0.011282007655],
      [0.04936001497, 0.66167954378, 0.28529867179, 0.003661769467],
      [0.91171990281, 0.056125105483, 0.028397280423, 0.0037577112802],
      [0.061137883218, 0.12582567302, 0.067131715483, 0.74590472828]
    ],
    [
      [0.80747068541, 0.061965282893, 0.008575498939, 0.12198853276],
      [0.056922261197, 0.10587917819, 0.83453413265, 0.0026644279579],
      [0.060866423419, 0.61285900932, 0.32627456726, 0],
      [0.9105016459, 0.054320650277, 0.035177703826, 0],
      [0.10506557961, 0.19599462239, 0.12725065192, 0.57168914608]
    ],
    [
      [0.87191392018, 0.04881454546, 0.0073950224906, 0.071876511865],
      [0.067240675411, 0.096358871725, 0.83640045286, 0],
      [0.074632635106, 0.58839354302, 0.33697382188, 0],
      [0.93042374881, 0.040621887614, 0.028954363573, 0],
      [0.13657114575, 0.19468633232, 0.13593984906, 0.53280267287]
    ],
    [
      [0.84249421588, 0.051393662612, 0.015616377458, 0.090495744049],
      [0.013903902251, 0.046533457517, 0.9367509869, 0.0028116533326],
      [0.012145104047, 0.47977090164, 0.50310541832, 0.0049785759938],
      [0.88406446774, 0.051242678843, 0.057594770219, 0.0070980831963],
      [0.051930871563, 0.093125957133, 0.11332577508, 0.74161739623]
    ],
    [
      [0.58827016259, 0.1360222819, 0.007676091165, 0.26803146435],
      [0.021390712685, 0.19470488399, 0.77490256933, 0.0090018339995],
      [0.013331837253, 0.79835069714, 0.18277785631, 0.0055396093009],
      [0.81652973782, 0.13946407986, 0.041427089396, 0.0025790929212],
      [0.025814888945, 0.15786339765, 0.046948304581, 0.76937340882]
    ],
    [
      [0.69383045468, 0.089150799663, 0.014575618425, 0.20244312723],
      [0.026656296023, 0.09440862789, 0.87251903476, 0.0064160413229],
      [0.032219669203, 0.59792990929, 0.36871001072, 0.001140410793],
      [0.85049493702, 0.083964226419, 0.064208260921, 0.0013325756434],
      [0.054975410042, 0.17779280035, 0.13338998314, 0.63384180647]
    ],
    [
      [0.72610759563, 0.11118769044, 0.012515529472, 0.15018918446],
      [0.033349033802, 0.130621543, 0.83041062274, 0.0056188004538],
      [0.034807111966, 0.67536713326, 0.28897200209, 0.00085375268173],
      [0.84632107301, 0.099806926422, 0.052876256852, 0.00099574371531],
      [0.070900126629, 0.26488640471, 0.1379931835, 0.52622028516]
    ],
    [
      [0.52606474387, 0.031398056723, 0.0030391066384, 0.43949809277],
      [0.071997442956, 0.11775218278, 0.76450213243, 0.045748241841],
      [0.079758303222, 0.64624421912, 0.265206793, 0.0087906846531],
      [0.93570083777, 0.041148448719, 0.016205636142, 0.0069450773733],
      [0.023700711753, 0.034977329209, 0.01672084245, 0.92460111659]
    ],
    [
      [0.5121324365, 0.051776923292, 0.010405231652, 0.42568540855],
      [0.029732808322, 0.076374071112, 0.87640627907, 0.017486841496],
      [0.042439258691, 0.54404021753, 0.41352052378, 0],
      [0.87032071067, 0.066482125125, 0.063156619185, 4.0545020131e-05],
      [0.026893235865, 0.065830792801, 0.061003771064, 0.84627220027]
    ],
    [
      [0.18736266382, 0.027528711571, 0, 0.78510862461],
      [0.03928798732, 0.1618727811, 0.70513212158, 0.093707109998],
      [0.047220506333, 0.75990170442, 0.18551095787, 0.0073668313806],
      [0.87478644364, 0.089655668982, 0.023611520451, 0.011946366924],
      [0.0054598550422, 0.014127877432, 0.0017514143337, 0.97866085319]
    ],
    [
      [0.71458862552, 0.068332371301, 0.011361658466, 0.20571734471],
      [0.036321967169, 0.092126222298, 0.86315189407, 0.0083999164613],
      [0.045279687514, 0.58614326858, 0.36798973538, 0.00058730852733],
      [0.88322583649, 0.064972821433, 0.050595922853, 0.0012054192201],
      [0.062779486441, 0.14889332181, 0.11380668143, 0.67452051031]
    ],
    [
      [0.48233747439, 0.063003528565, 0.01015599131, 0.44450300573],
      [0.043770975585, 0.094832936902, 0.86139608751, 0],
      [0.031657445319, 0.60678365651, 0.36155889818, 0],
      [0.85157941565, 0.084914167179, 0.063506417166, 0],
      [0.021676161789, 0.070226152826, 0.051030121326, 0.85706756406]
    ],
    [
      [0.77432838175, 0.061804656335, 0.0064995999186, 0.157367362],
      [0.056203910023, 0.12020919562, 0.81420005187, 0.0093868424848],
      [0.059528719413, 0.65002960649, 0.28937254743, 0.001069126669],
      [0.91277446225, 0.057269704259, 0.028604149698, 0.0013516837983],
      [0.084304854274, 0.16740999851, 0.091065162745, 0.65721998447]
    ],
    [
      [0.68491862195, 0.064350159487, 0.010765095204, 0.23996612336],
      [0.035641388484, 0.090947395489, 0.86350486913, 0.0099063468973],
      [0.044913981764, 0.58516478558, 0.3692208725, 0.00070036015127],
      [0.88486791504, 0.063746973497, 0.049939615029, 0.0014454964294],
      [0.053081421226, 0.12497273385, 0.096043076486, 0.72590276844]
    ],
    [
      [0.69835180801, 0.11478654082, 0.023964945939, 0.16289670523],
      [0.016684270203, 0.072382687597, 0.90694559576, 0.0039874464418],
      [0.024658870447, 0.53024375054, 0.44250039253, 0.0025969864843],
      [0.79451360781, 0.10143064723, 0.10196985658, 0.0020858883813],
      [0.055603976232, 0.22705326684, 0.23343615628, 0.48390660066]
    ],
    [
      [0.80633869679, 0.11098295415, 0.015080391862, 0.067597957198],
      [0.033372002197, 0.11271527938, 0.85391271842, 0],
      [0.034695513003, 0.64257330557, 0.32273118143, 0],
      [0.85051042961, 0.091355211391, 0.058134359001, 0],
      [0.093408091079, 0.32907777353, 0.20003543282, 0.37747870258]
    ],
    [
      [0.79190348984, 0.056705907424, 0.0090012272974, 0.14238937543],
      [0.049337393679, 0.095388742221, 0.84808273438, 0.0071911297173],
      [0.059523667902, 0.59019488797, 0.34981680179, 0.0004646423416],
      [0.91183467334, 0.05031156937, 0.037096132996, 0.00075762429522],
      [0.091733095349, 0.16426658398, 0.11858706822, 0.62541325245]
    ],
    [
      [0.72250366494, 0.1086234369, 0.014386081843, 0.15448681632],
      [0.028147137619, 0.11352244619, 0.85299137332, 0.0053390428702],
      [0.031578242972, 0.64530946367, 0.32137539309, 0.0017369002621],
      [0.84242170015, 0.095686335804, 0.060384767307, 0.0015071967384],
      [0.065448964614, 0.24878587562, 0.15111659294, 0.53464856683]
    ],
    [
      [0.52099353669, 0.10916668381, 0.037831732912, 0.33200804659],
      [0.0050140536581, 0.047576200644, 0.94416085109, 0.0032488946127],
      [0.0070284179044, 0.42131985437, 0.57076275805, 0.00088896967554],
      [0.69957421888, 0.1126409635, 0.18584532364, 0.0019394939731],
      [0.020630992902, 0.12116000732, 0.20681661127, 0.65139238851]
    ],
    [
      [0.92042876944, 0.06009199413, 0.019479236431, 0],
      [0.030805846333, 0.076838541635, 0.89235561203, 0],
      [0.038443239652, 0.56295835978, 0.39859840057, 0],
      [0.90813327383, 0.04919634821, 0.04267037796, 0],
      [0.27284972651, 0.38848975482, 0.33866051866, 0]
    ],
    [
      [0.6619850513, 0.08662419811, 0.010851882577, 0.24053886801],
      [0.032794989459, 0.11752099129, 0.8402031831, 0.0094808361461],
      [0.035969876007, 0.65416310609, 0.30980998464, 5.7033263742e-05],
      [0.86200165303, 0.086065140778, 0.050591269869, 0.001341936319],
      [0.048711779597, 0.16204010942, 0.09369988906, 0.69554822192]
    ],
    [
      [0.79344360217, 0.089191591065, 0.010855719632, 0.10650908713],
      [0.032591317634, 0.1177506368, 0.8455682854, 0.0040897601631],
      [0.035308699513, 0.6636922381, 0.30026504122, 0.00073402116855],
      [0.88256796779, 0.073825765107, 0.042884117355, 0.00072214974875],
      [0.074673537969, 0.24433272872, 0.13554899823, 0.54544473508]
    ],
    [
      [0.89242841385, 0.062311163465, 0.04526042269, 0],
      [0.016671945881, 0.018152698054, 0.96517535607, 0],
      [0.032573543695, 0.2147992133, 0.75262724301, 0],
      [0.81217595515, 0.049434607308, 0.13838943754, 0],
      [0.1717754419, 0.16352098872, 0.66470356938, 0]
    ],
    [
      [0.93068251861, 0.041659931902, 0.027657549486, 0],
      [0.065462106923, 0.095933201258, 0.83860469182, 0],
      [0.070769275592, 0.5844657973, 0.3447649271, 0],
      [0.9412660708, 0.033592830043, 0.025141099162, 0],
      [0.32876191393, 0.29366726595, 0.21090415345, 0.16666666667]
    ],
    [
      [0.78761061056, 0.072795751892, 0.012873420632, 0.12672021692],
      [0.034202912317, 0.086563310965, 0.87484535618, 0.0043884205372],
      [0.044211954394, 0.57219125661, 0.38350971806, 8.7070930032e-05],
      [0.88429242712, 0.063000372574, 0.052162430908, 0.00054476940103],
      [0.086732373095, 0.20347116493, 0.16624004195, 0.54355642002]
    ],
    [
      [0.23602944387, 0.0056217919655, 0.0012536552967, 0.75709510886],
      [0.06449808505, 0.023818046973, 0.79037029677, 0.1213135712],
      [0.11706002562, 0.41836369415, 0.3755555871, 0.089020693126],
      [0.98708556549, 0, 0, 0.012914434506],
      [0, 0, 0, 1]
    ],
    [
      [0.88878295313, 0.041837968409, 0.0044100606872, 0.064969017769],
      [0.086834927992, 0.10769824237, 0.79944439577, 0.0060224338656],
      [0.097785489302, 0.60444386349, 0.29777064721, 0],
      [0.94703019627, 0.035384543807, 0.017585259928, 0],
      [0.15398013796, 0.18131571355, 0.10970509574, 0.55499905275]
    ],
    [
      [0.76535094113, 0.12151832062, 0.038079160035, 0.07505157821],
      [0.013851692301, 0.057468304118, 0.92316823752, 0.0055117660601],
      [0.023421003355, 0.45061682701, 0.51874834791, 0.0072138217297],
      [0.76711403353, 0.10302694556, 0.12486716983, 0.0049918510792],
      [0.061367455597, 0.27797068934, 0.39624935863, 0.26441249644]
    ],
    [
      [0.86118402861, 0.052321236891, 0.0087863600492, 0.077708374453],
      [0.043636109535, 0.087615642436, 0.8650560601, 0.0036921879343],
      [0.055676581391, 0.58065561398, 0.36297983137, 0.0006879732536],
      [0.92376778822, 0.042119031139, 0.033568856762, 0.00054432387795],
      [0.10479099542, 0.18339309648, 0.13970821769, 0.57210769041]
    ],
    [
      [0.02980556025, 0.019753216943, 0.032009020604, 0.9184322022],
      [0.060332022473, 0.040268015729, 0.076513139217, 0.82288682258],
      [0.29433049983, 0.28652766278, 0.41914183739, 0],
      [0.43034852351, 0.12135889068, 0.19539924914, 0.25289333666],
      [0.029803755621, 0.019753116931, 0.032008994787, 0.91843413266]
    ],
    [
      [0.87180359799, 0.095835702869, 0.00032230595938, 0.032038393179],
      [0.056058658181, 0.25550041718, 0.68559296137, 0.0028479632646],
      [0.047841696408, 0.87348358964, 0.072025464489, 0.0066492494605],
      [0.90640898224, 0.089575556533, 0, 0.0040154612239],
      [0.1046165847, 0.39766616285, 0.067686060087, 0.43003119236]
    ],
    [
      [0.97940073432, 0.020599265677, 0, 0],
      [0.012221883729, 0.03025328853, 0.95752482774, 0],
      [0.038101682173, 0.44673306032, 0.5151652575, 0],
      [0.97638664164, 0.017541029734, 0.0060723286259, 0],
      [0.99999999998, 1.5305045375e-11, 1.1545092425e-12, 7.6189323593e-12]
    ],
    [
      [0.43682352094, 0.03436884146, 0.0074549456585, 0.52135269194],
      [0.05029430188, 0.068788244524, 0.8809174536, 0],
      [0.042186882269, 0.5268458781, 0.43096723963, 0],
      [0.8878523747, 0.055589017463, 0.056558607836, 0],
      [0.013120817042, 0.025512528905, 0.025424729865, 0.93594192419]
    ],
    [
      [0.83905219073, 0.042766132317, 0.013987512556, 0.1041941644],
      [0.035859468581, 0.046751438749, 0.91369587217, 0.0036932204992],
      [0.060443772766, 0.41986435285, 0.51884176419, 0.00085011019364],
      [0.91042402765, 0.034036535902, 0.054749437072, 0.00078999937271],
      [0.10361600144, 0.13806983836, 0.2055210189, 0.5527931413]
    ],
    [
      [0.75894164368, 0.10454633246, 0.017227645574, 0.11928437828],
      [0.021062241962, 0.1112216323, 0.86317091435, 0.0045452113846],
      [0.015444090912, 0.6739766127, 0.30493990716, 0.0056393892256],
      [0.84717177348, 0.088977994027, 0.057820390118, 0.0060298423758],
      [0.067723630017, 0.27100505092, 0.14976523394, 0.51150608512]
    ],
    [
      [0.8527082244, 0.012041504741, 0.005439366315, 0.12981090454],
      [0.1191330993, 0.068357673965, 0.79675705202, 0.015752174722],
      [0.1574566668, 0.47575532543, 0.35751859045, 0.0092694173174],
      [0.9707600429, 0.0051936332464, 0.0174611542, 0.0065851696511],
      [0.10359314373, 0.049959422875, 0.045590737867, 0.80085669553]
    ],
    [
      [1, 1.5625891427e-12, 2.5177397797e-12, 4.8131123647e-33],
      [0.044623567196, 0.0088728365728, 0.94650359623, 0],
      [0.12015103363, 0.17049198724, 0.70935697913, 0],
      [0.99690594517, 0.00057300526661, 0.0025204451162, 6.0444468571e-07],
      [0.30999769744, 0.12979439067, 0.56020791188, 0]
    ],
    [
      [0.79763166946, 0.060963850484, 0.013383535287, 0.12802094477],
      [0.035956537171, 0.071026421732, 0.88866085523, 0.0043561858687],
      [0.051773981198, 0.51548603047, 0.43273998833, 0],
      [0.89322209854, 0.052535314425, 0.054242587033, 0],
      [0.093566530107, 0.1757479039, 0.1796509629, 0.55103460309]
    ],
    [
      [0.82483980432, 0.05853407202, 0.0049976889964, 0.11162843467],
      [0.064279900217, 0.12039013773, 0.80844557947, 0.0068843825933],
      [0.068778362223, 0.64717859632, 0.28404304146, 0],
      [0.92472159888, 0.051822753684, 0.023455647435, 0],
      [0.1102957378, 0.19268258535, 0.10413567924, 0.59288599761]
    ],
    [
      [0.8570749164, 0.036817769061, 0.003519845231, 0.10258746931],
      [0.093814482561, 0.10687397595, 0.79031995102, 0.008991590463],
      [0.1068353466, 0.60159114335, 0.29112561529, 0.00044789476116],
      [0.95394963158, 0.031489072113, 0.01417755476, 0.00038374154785],
      [0.13725438869, 0.14620259531, 0.086720278204, 0.6298227378]
    ],
    [
      [0.82385766518, 0.080389159499, 0.0087701222294, 0.086983053088],
      [0.046583893842, 0.12832252952, 0.82104016969, 0.0040534069508],
      [0.048876282492, 0.67128812167, 0.27980786332, 2.7732515161e-05],
      [0.89790319387, 0.067271552393, 0.03445679081, 0.00036846292253],
      [0.10699113898, 0.27315128314, 0.13997900653, 0.47987857135]
    ],
    [
      [0.75927276098, 0.074224377995, 0.0095174067384, 0.15698545429],
      [0.042788853598, 0.11345565665, 0.83651416187, 0.0072413278837],
      [0.047079825885, 0.63943696727, 0.3128637082, 0.000619498643],
      [0.8914775109, 0.06708868505, 0.040485867999, 0.00094793604845],
      [0.077821324877, 0.19137659081, 0.11431657478, 0.61648550954]
    ],
    [
      [0.75960133713, 0.050122911353, 0.011827028521, 0.178448723],
      [0.037427983993, 0.066005772069, 0.889371929, 0.0071943149341],
      [0.056018522255, 0.49721342637, 0.44572961945, 0.0010384319243],
      [0.90293655681, 0.04534664101, 0.050573470405, 0.0011433317707],
      [0.073965074015, 0.12266086158, 0.13373115099, 0.66964291342]
    ],
    [
      [0.90225224098, 0.04384300195, 0.0038184110614, 0.050086346008],
      [0.10133812814, 0.14065306251, 0.75707437449, 0.00093443485177],
      [0.086599308478, 0.67389493234, 0.23950575918, 0],
      [0.945587793, 0.04003672866, 0.014375478344, 0],
      [0.1911842625, 0.23979886952, 0.1065068408, 0.46251002718]
    ],
    [
      [0.70440258677, 0.15848153915, 0.016615042806, 0.12050083127],
      [0.02113690406, 0.13942087107, 0.83478981822, 0.0046524066517],
      [0.020077276797, 0.70263214866, 0.27318698343, 0.0041035911135],
      [0.79616857922, 0.13620144301, 0.066191869337, 0.0014381084334],
      [0.057910577553, 0.35281480422, 0.16520464245, 0.42406997577]
    ],
    [
      [0.67164126699, 0.13237510447, 0.01556713235, 0.18041649618],
      [0.022603736347, 0.12659652961, 0.84485886848, 0.0059408655647],
      [0.0230299012, 0.68017775214, 0.29409628819, 0.0026960584687],
      [0.8116682319, 0.11940599681, 0.066723631959, 0.0022021393345],
      [0.049683658023, 0.25876778136, 0.1363012446, 0.55524731601]
    ],
    [
      [0.83308576669, 0.051197510776, 0.0063991801994, 0.10931754234],
      [0.067188561372, 0.11258109893, 0.81299030492, 0.0072400347773],
      [0.071833428822, 0.62632552836, 0.30149228477, 0.0003487580485],
      [0.92851645319, 0.045182666732, 0.025770234222, 0.00053064586028],
      [0.11697850421, 0.18067313282, 0.10643143549, 0.59591692748]
    ],
    [
      [0.89041619344, 0.055070117289, 0.010263487414, 0.04425020186],
      [0.042962601106, 0.079781451993, 0.8772559469, 0],
      [0.054557971769, 0.55493134521, 0.39051068302, 0],
      [0.91674922059, 0.044396229776, 0.038854549637, 0],
      [0.13322865841, 0.23304479596, 0.20010184842, 0.43362469721]
    ],
    [
      [0.87713266692, 0.030888279246, 0.00715974591, 0.08481930792],
      [0.060833774264, 0.067387744032, 0.86579576179, 0.0059827199083],
      [0.085411300138, 0.5132339101, 0.39955557962, 0.001799210142],
      [0.9480554221, 0.023572992119, 0.026786155016, 0.0015854307631],
      [0.12508187891, 0.12427418264, 0.11747417753, 0.63316976092]
    ],
    [
      [0.46801780428, 0.44421709763, 0.087765098087, 0],
      [0.0065136242156, 0.05288467721, 0.94060169857, 0],
      [0.019150255741, 0.68622704251, 0.29462270175, 0],
      [0.37300848745, 0.44206637478, 0.18487271876, 5.2419013508e-05],
      [0.035368695383, 0.2439124391, 0.12320691371, 0.59751195181]
    ],
    [
      [0.77758589325, 0.08046294362, 0.01345059494, 0.12850056819],
      [0.03532579618, 0.092574169264, 0.86840431283, 0.003695721722],
      [0.043273955689, 0.58592710817, 0.37079893614, 0],
      [0.87488041144, 0.069852072924, 0.054723361295, 0.00054415433674],
      [0.087351055599, 0.22104569351, 0.17021309121, 0.52139015968]
    ],
    [
      [0.57637760454, 0.071036215765, 0.01255424561, 0.34003193409],
      [0.028141098071, 0.08813235333, 0.87135339012, 0.012373158476],
      [0.036310576292, 0.57768505973, 0.38600436398, 0],
      [0.85213255687, 0.080901536866, 0.066900940309, 6.4965957858e-05],
      [0.036381177744, 0.10876589903, 0.088416142106, 0.76643678112]
    ],
    [
      [0.55598746759, 0.058488038973, 0.011418372417, 0.37410612102],
      [0.030096631407, 0.079315169869, 0.87539282631, 0.01519537241],
      [0.042520264633, 0.54956681516, 0.40791292021, 0],
      [0.86467116755, 0.069649536296, 0.064246917388, 0.0014323787642],
      [0.033748257113, 0.08525228298, 0.077023994986, 0.80397546492]
    ],
    [
      [0.63681808698, 0.15081519491, 0.21236670476, 1.3342044398e-08],
      [0.034167695077, 0.058808577577, 0.90702372735, 0],
      [0.068505950103, 0.18823483682, 0.74325921308, 0],
      [0.3960125116, 0.19611038664, 0.40787710176, 0],
      [0.03679538151, 0.17250097551, 0.79070364298, 0]
    ]
  ],
  "expected_outcome": [
    [
      [8.4405562117, 37.584741785, 48.5980274425, 5.2393769407, 43.5718754292, 76.7359631172, 113.8024961963, 22.1786295831, 41.9351700329, 27.0664670438, 17.4972660414, 0.41974879915, 10.2706338043, 51.3484650293, 1.7486955101, 11.8555854108, 4.1310924399, 0.91594618277, 0, 10.4229660224, 0, 0, 0, 1.8889482356, 31.9645719035, 0, 10.7541769905, 7.442082457, 5.9757859212, 344.7899826683, 22.6697619248, 1.6849884318, 2.3530806503, 11.1012872749, 160.4697786333, 1.5781942316, 8.7062514205, 0.56208799147, 21.4376587657, 4.3410372695, 18.583881162, 14.383291061, 20.2522024323, 23.3838222071, 25.340911675, 6.5025329845, 2.0839741467, 1.8408575389, 6.619850513, 1.5868872043, 2.6772852415, 5.5840951117, 12.601769769, 0, 63.9923726257, 0.76535094113, 2.5835520858, 0.02980556025, 0.87180359799, 1.9588014686, 2.6209411257, 8.3905219073, 5.3125915058, 7.6743740196, 0, 50.2507951757, 36.29295139, 23.1410227427, 5.7670036563, 16.7040007415, 9.1152160455, 6.3157656869, 4.2264155206, 4.0298476019, 13.329372267, 5.3424971606, 6.1399286685, 0.93603560856, 94.8654789762, 181.5589454297, 103.9696564396, 0],
      [0.99765397812, 4.7438539052, 2.2940360772, 0.76547839448, 4.6788999879, 8.4455371192, 14.2152162603, 3.1132401385, 4.7332369806, 2.5820642572, 3.6992350133, 0.029625921999, 1.1443522243, 3.2029971439, 0.22369510126, 1.143046079, 1.0729517337, 0.053510925506, 0, 0.5877887459, 0, 0, 0, 0.087932074557, 2.5974335387, 0, 0.72759951937, 0.60336696367, 0.47274129349, 26.4591757952, 1.269178182, 0.10278732522, 0.54408912761, 1.4264127946, 24.5724795871, 0.094194170169, 0.88020769596, 0.082586134712, 2.049971139, 0.56703175708, 1.483311752, 1.3513533492, 3.3288096838, 3.2185056702, 1.8145890376, 0.97761093207, 0.43666673523, 0.12018398826, 0.8662419811, 0.17838318213, 0.1869334904, 0.24995959141, 1.1647320303, 0, 3.0123337255, 0.12151832062, 0.15696371067, 0.019753216943, 0.095835702869, 0.041198531353, 0.20621304876, 0.42766132317, 0.73182432721, 0.10837354267, 0, 3.8407225805, 2.5754991689, 0.99407976464, 0.56272411649, 1.6329363159, 0.60147493624, 0.30690101365, 0.95088923487, 0.79425062685, 0.81916017241, 0.33042070374, 0.21621795472, 0.88843419527, 9.8164791216, 22.3764079659, 10.9372632879, 0],
      [0.1869750037, 1.1666366676, 0.43303317391, 0.07080752197, 0.66187867385, 0.87519926694, 2.5828870007, 0.53797895493, 0.96538257213, 0.43841003716, 0.4483594973, 0.0078167668606, 0.27739645492, 0.44853782683, 0.027609388653, 0.23891215383, 0.1484223386, 0.0079180255954, 0, 0.16605831288, 0, 0, 0, 0.023119689837, 0.56744728387, 0, 0.096089057731, 0.078627727099, 0.050300719873, 3.661738047, 0.19227058476, 0.031232754915, 0.03070436466, 0.2332098948, 2.7659320132, 0.0091173199152, 0.17688893809, 0, 0.34084975397, 0.09140392179, 0.15599039805, 0.22606699928, 0.69498343224, 0.437331364, 0.28803927352, 0.12947473659, 0.15132693165, 0.038958472862, 0.10851882577, 0.021711439264, 0.13578126807, 0.16594529692, 0.20597473011, 0, 0.31752436948, 0.038079160035, 0.026359080148, 0.032009020604, 0.00032230595938, 0, 0.044729673951, 0.13987512556, 0.12059351902, 0.048954296835, 0, 0.84316272307, 0.21989831584, 0.095035821237, 0.061390855606, 0.20938294824, 0.14192434225, 0.02672887743, 0.099690256835, 0.093402794098, 0.10238688319, 0.061580924481, 0.05011822137, 0.17553019617, 1.6409725827, 3.9545873671, 2.135235642, 0],
      [3.3748148065, 12.5047676422, 5.6749033064, 1.9243371428, 23.0873459091, 8.9433004966, 35.3994005427, 3.1701513235, 10.3662104143, 3.9130586618, 4.355139448, 0.54280851199, 2.3076175165, 0, 0, 2.7624563564, 0.6475334878, 0.02262486613, 0, 1.8231869189, 0, 0, 0, 0, 9.8705472739, 0, 1.4221344324, 6.8759228523, 1.5011720655, 52.0891034895, 1.8687893085, 0.1809914881, 1.0721258574, 3.2390900357, 33.1918097664, 1.3184942783, 7.2366519454, 2.3553258738, 6.1715203414, 4.0005270516, 3.7768166879, 5.0392885905, 4.7240044517, 1.9603407587, 4.5564600139, 1.3903813469, 1.3280321864, 0, 2.4053886801, 0.21301817426, 0, 0, 2.0275234707, 0, 4.6777692794, 0.07505157821, 0.23312512336, 0.9184322022, 0.032038393179, 0, 3.1281161516, 1.041941644, 0.83499064799, 1.1682981409, 0, 8.0653195207, 4.9116511253, 2.7698616714, 0.60888137162, 3.4536799944, 2.141384676, 0.35060442205, 0.72300498765, 1.0824989771, 1.7490806774, 0.26550121116, 0.59373515544, 0, 15.6770693195, 107.1100592373, 69.9578446304, 0]
    ],
    [
      [2.0999808041, 8.6127133142, 3.867692948, 1.8591752703, 9.5838948368, 6.7865272027, 15.2238193697, 2.7699260546, 5.9217391978, 4.0638294472, 2.9330440174, 0.62935408919, 1.0586917504, 4.3863265831, 0.17192610899, 2.6924730871, 0.32291374755, 0.31473023083, 0.48039215403, 1.7025765624, 0, 0.17656703401, 0.0092505228194, 0.49662779251, 3.9285461892, 0, 3.2963977718, 0.68630878645, 0.48156196136, 36.9425475168, 2.1517016131, 0.013903902251, 0.12834427611, 0.93297036081, 20.2762125519, 1.0079642014, 1.1595795246, 0.15715194928, 2.7241475377, 0.43770975585, 1.4613016606, 1.4256555394, 0.76747642934, 2.202552145, 2.3188575029, 0.75997271571, 0.040112429265, 0.184835078, 0.88546471539, 0.26073054107, 0.083359729404, 1.6365526731, 1.2313048434, 0.19349425515, 4.8627559676, 0.18007199991, 0.30545276674, 0.12066404495, 0, 0.012221883729, 0.5029430188, 1.1833624632, 0.063186725887, 0.47653239718, 0.089247134392, 3.6675667915, 1.1570382039, 1.8762896512, 0.69875840763, 1.5403987295, 1.3099794397, 2.6347913317, 0.42273808119, 0.36165978155, 2.5531653321, 0.51555121327, 0.8516728397, 0.0065136242156, 21.0895003195, 24.820448499, 10.8648839378, 0.034167695077],
      [6.6782143563, 29.7620301168, 4.8393713361, 7.2779483164, 26.3971633386, 17.7152746872, 50.0536939988, 9.4317124235, 17.6614515882, 9.9029905417, 15.7395917191, 1.0413403907, 3.5455835551, 7.3496377185, 0.88915410704, 7.0984995708, 2.1168113298, 0.65983818341, 1.921568587, 2.5444975317, 0.14148166177, 0.74500251461, 0.14183651998, 0.92253633679, 8.2917628065, 0, 6.1570496821, 1.4695863952, 1.188134264, 68.7155866461, 3.0834838952, 0.046533457517, 1.1682293039, 3.3043019761, 79.4178981451, 1.6485305589, 2.9785887734, 0.64749112439, 6.9094666723, 0.94832936902, 3.1254390862, 3.6378958196, 3.3296036295, 7.4392084392, 4.4832708844, 3.065106047, 0.38060960515, 0.46103124981, 3.1730667648, 0.94200509442, 0.090763490269, 2.3983300314, 3.1162791947, 0.071454140918, 6.0311015729, 0.74708795354, 0.61330949705, 0.080536031458, 0, 0.03025328853, 0.68788244524, 1.5427974787, 0.3336648969, 0.27343069586, 0.017745673146, 7.2446950167, 2.1670224791, 2.1374795191, 1.9248379428, 4.0844036395, 2.3102020224, 3.6569796254, 2.7884174214, 2.0255444738, 4.2780817592, 0.95737742392, 0.94342841645, 0.05288467721, 55.2667790506, 77.732735637, 28.6327763229, 0.058808577577],
