{
  "X": [
    [55, 73, 140, 432, 35, 53],
    [20, 26, 185, 212, 50, 47],
    [38, 33, 305, 503, 62, 46],
    [59, 84, 633, 1290, 137, 113],
    [15, 15, 101, 298, 32, 18],
    [18, 38, 248, 462, 63, 47],
    [18, 41, 280, 395, 71, 45],
    [21, 35, 171, 313, 40, 48],
    [22, 35, 242, 287, 23, 39],
    [6, 6, 35, 95, 4, 9],
    [20, 17, 58, 154, 20, 12],
    [0, 2, 4, 11, 0, 0],
    [9, 14, 30, 91, 8, 8],
    [14, 35, 31, 77, 9, 9],
    [31, 21, 107, 231, 29, 17],
    [51, 27, 160, 553, 50, 33],
    [61, 60, 241, 697, 32, 46],
    [20, 28, 120, 322, 35, 28],
    [8, 30, 147, 151, 32, 43],
    [10, 41, 180, 171, 35, 32],
    [19, 26, 61, 159, 5, 12],
    [45, 119, 226, 453, 51, 37],
    [27, 27, 147, 327, 40, 27],
    [43, 69, 377, 516, 89, 79],
    [11, 30, 120, 124, 21, 31],
    [36, 67, 369, 561, 85, 93],
    [12, 26, 260, 262, 40, 66],
    [12, 13, 67, 173, 16, 20],
    [2, 4, 75, 16, 7, 23],
    [48, 60, 198, 405, 29, 34],
    [18, 22, 60, 167, 15, 6],
    [5, 4, 40, 42, 2, 14],
    [10, 31, 171, 187, 40, 59],
    [5, 23, 111, 139, 26, 23],
    [49, 58, 340, 473, 79, 72],
    [35, 35, 141, 261, 25, 31],
    [18, 28, 224, 320, 54, 42],
    [16, 25, 116, 253, 29, 37],
    [13, 13, 62, 200, 13, 19],
    [7, 10, 73, 105, 15, 20],
    [24, 27, 95, 232, 20, 21],
    [27, 13, 57, 172, 13, 10],
    [24, 34, 313, 415, 73, 61],
    [13, 26, 248, 264, 77, 45],
    [30, 32, 261, 433, 50, 42],
    [4, 5, 13, 59, 4, 4],
    [27, 72, 247, 533, 76, 48],
    [32, 32, 187, 339, 45, 38],
    [4, 19, 143, 159, 26, 38],
    [11, 26, 74, 82, 18, 22],
    [21, 70, 318, 380, 59, 62],
    [29, 65, 152, 253, 26, 24],
    [4, 8, 134, 166, 28, 28],
    [110, 149, 689, 1516, 146, 114],
    [10, 24, 118, 210, 28, 20],
    [61, 166, 529, 833, 79, 144],
    [18, 32, 69, 189, 13, 7]
  ],
  "W": [
    [62, 111, 570, 45],
    [45, 172, 280, 43],
    [54, 231, 652, 50],
    [95, 518, 1579, 124],
    [25, 64, 366, 24],
    [53, 203, 573, 47],
    [54, 240, 501, 55],
    [41, 140, 413, 34],
    [44, 171, 404, 29],
    [8, 27, 115, 5],
    [18, 41, 199, 23],
    [2, 2, 11, 2],
    [11, 27, 119, 3],
    [24, 39, 101, 11],
    [36, 79, 294, 27],
    [41, 115, 671, 47],
    [65, 159, 856, 57],
    [30, 82, 409, 32],
    [45, 123, 211, 32],
    [52, 157, 229, 31],
    [25, 42, 202, 13],
    [132, 192, 562, 45],
    [28, 121, 411, 35],
    [105, 318, 677, 73],
    [49, 88, 180, 20],
    [116, 267, 739, 89],
    [53, 220, 343, 50],
    [20, 54, 202, 25],
    [8, 72, 24, 23],
    [77, 154, 502, 41],
    [13, 59, 198, 18],
    [11, 39, 47, 10],
    [35, 156, 261, 46],
    [18, 99, 187, 23],
    [75, 279, 653, 64],
    [59, 87, 356, 26],
    [32, 196, 408, 50],
    [45, 97, 305, 29],
    [16, 41, 241, 22],
    [18, 56, 144, 12],
    [32, 79, 295, 13],
    [17, 40, 222, 13],
    [47, 261, 545, 67],
    [44, 216, 354, 59],
    [38, 224, 548, 38],
    [8, 8, 67, 6],
    [114, 198, 638, 53],
    [35, 146, 452, 40],
    [26, 133, 204, 26],
    [30, 66, 117, 20],
    [89, 250, 500, 71],
    [80, 127, 309, 33],
    [13, 129, 184, 42],
    [156, 589, 1865, 114],
    [35, 101, 255, 19],
    [191, 438, 1074, 109],
    [36, 50, 232, 10]
  ],
  "method": "mult",
  "cond_prob": [
    [
      [0.041311237687, 0.68552910363, 0.11718206667, 0.032861984829, 0.013771476855, 0.10934413032],
      [0.00022536630422, 0.01195793204, 0.68795180553, 0.027846885044, 0.10859613394, 0.16342187714],
      [0.091815732225, 0.050363605179, 0.075011566683, 0.74317874251, 0.025337709823, 0.014292643582],
      [0.0017493385615, 0.01028022592, 0.3025659654, 0.072437099356, 0.16998895486, 0.44297841591]
    ],
    [
      [0.042811369237, 0.52110977704, 0.21904314465, 0.045028747095, 0.032545210366, 0.13946175161],
      [0, 0, 0.72200812901, 0.014593902194, 0.14302406407, 0.12037390473],
      [0.064421948767, 0.0086410092435, 0.12889454646, 0.73144285636, 0.048643253505, 0.017956385662],
      [0.00082192394554, 0.0030366847679, 0.34574854169, 0.061850126073, 0.23988873332, 0.3486539902]
    ],
    [
      [0.03953036647, 0.51078386403, 0.26020919722, 0.052416017412, 0.02783834253, 0.10922221234],
      [0, 0.00048836551712, 0.78217902598, 0.021265135975, 0.11166750449, 0.084399968042],
      [0.05493419716, 0.0078570256888, 0.13653678969, 0.75395936184, 0.036763299734, 0.0099493258803],
      [0.00096527324678, 0.0036415631728, 0.42486722939, 0.073515694547, 0.2146372908, 0.28237294884]
    ],
    [
      [0.022959500349, 0.58910145547, 0.20965326692, 0.050489883684, 0.023318634472, 0.10447725911],
      [9.2108540887e-05, 0.0036333621295, 0.75781729467, 0.028799488257, 0.11267108562, 0.096986660784],
      [0.035898281248, 0.016141857465, 0.10867315867, 0.7981154003, 0.032084431763, 0.0090868705527],
      [0.00070765445498, 0.0053652194322, 0.39466664081, 0.081137976306, 0.20774023887, 0.31038227013]
    ],
    [
      [0.029882190547, 0.51454266099, 0.24438012375, 0.060577599829, 0.036208008985, 0.1144094159],
      [5.2749671554e-05, 0.0017093744443, 0.73611373818, 0.028464490651, 0.14551609995, 0.088143547107],
      [0.038884654903, 0.0053189122052, 0.10598067519, 0.79991182959, 0.042234198241, 0.0076697298692],
      [0.00074106511938, 0.0033463184844, 0.37459543932, 0.079004290481, 0.26350220095, 0.27881068565]
    ],
    [
      [0.01948370921, 0.56911964395, 0.21879027009, 0.05057744986, 0.029130670722, 0.11289825617],
      [0, 0.0021744947639, 0.74247963299, 0.024724336828, 0.13195499748, 0.098666537946],
      [0.029568875527, 0.012539379729, 0.11865769287, 0.78673029677, 0.041089176293, 0.01141457881],
      [0.0005191007362, 0.0044717414696, 0.37638068453, 0.074550951772, 0.23670450953, 0.30737301196]
    ],
    [
      [0.021051508529, 0.59482947254, 0.21632509949, 0.045990639368, 0.029505491914, 0.092297788155],
      [0, 0.0024470677113, 0.75688955382, 0.019600439475, 0.1376977464, 0.083365192598],
      [0.033597275654, 0.015993296823, 0.12936540526, 0.76606753532, 0.044504689828, 0.010471797106],
      [0.00056333521846, 0.0050776458862, 0.39732515772, 0.072955723683, 0.25567990357, 0.26839823392]
    ],
    [
      [0.026643521891, 0.59146195988, 0.18292910802, 0.038684530193, 0.02234117581, 0.13793970421],
      [0, 0.0050702908281, 0.71982942583, 0.017097553723, 0.11706528396, 0.14093744565],
      [0.048145314419, 0.023852809594, 0.124187029, 0.74309882483, 0.039028387538, 0.02168763462],
      [0.00069413962627, 0.0055590754956, 0.33631011695, 0.062366531998, 0.19341611716, 0.40165401877]
    ],
    [
      [0.028891878821, 0.57573422409, 0.23913413768, 0.034542107099, 0.012501397866, 0.10919625444],
      [0, 0.0030498324671, 0.83610378167, 0.0031168560922, 0.058119894514, 0.099609635257],
      [0.051257150193, 0.022230585793, 0.18525050488, 0.70076875435, 0.022634049511, 0.01785895527],
      [0.00071960875555, 0.0056902113077, 0.47114301045, 0.063330625474, 0.11611312172, 0.3430034223]
    ],
    [
      [0.031184307403, 0.55966604062, 0.1948988589, 0.050465442994, 0.011369242463, 0.15241610762],
      [0.00020700657556, 0.0030818330299, 0.7569781157, 0.031104030649, 0.058815022243, 0.1498139918],
      [0.049915043172, 0.012319057164, 0.097431492643, 0.81187082022, 0.015797942935, 0.012665643861],
      [0.00094127969984, 0.00455412188, 0.35955567018, 0.078264660537, 0.10085540443, 0.45582886327]
    ],
    [
      [0.052694022593, 0.64698562139, 0.15967066424, 0.042256011112, 0.024622275534, 0.073771405136],
      [0.0005322455102, 0.006246850438, 0.7274034804, 0.030264585871, 0.15029802466, 0.085254813127],
      [0.09537506139, 0.024758794528, 0.084749941318, 0.75437110042, 0.035877878531, 0.0048672238166],
      [0.0021760135158, 0.007440775479, 0.36683247935, 0.08168238245, 0.27195140008, 0.26991694912]
    ],
    [
      [0, 0.84119695145, 0.11229029493, 0.046512753626, 0, 0],
      [0, 0.0067775044308, 0.94792748962, 0.045295005946, 0, 0],
      [0, 0.02484283721, 0.026372395459, 0.94878476733, 0, 0],
      [0, 0.015389939467, 0.79473404043, 0.18987602011, 0, 0]
    ],
    [
      [0.030952560961, 0.70901005084, 0.1141464985, 0.031471884038, 0.016003124869, 0.098415880786],
      [0.00019214111506, 0.012049615198, 0.68402274782, 0.026771015257, 0.12818348541, 0.1487809952],
      [0.072692951317, 0.049146300893, 0.078794271309, 0.7539467215, 0.031545069197, 0.01387468578],
      [0.0012909375158, 0.0090466746814, 0.2997520132, 0.070444001581, 0.20304942861, 0.41641694441]
    ],
    [
      [0.045544487895, 0.81317586922, 0.059205827751, 0.026321212634, 0.0073607596263, 0.048391842871],
      [0.013980803123, 0.048898361875, 0.66333146227, 0.035497768594, 0.13415796907, 0.10413363508],
      [0.1220034354, 0.13161757858, 0.003421330651, 0.73222973367, 0.010727921704, 0],
      [0.0035758175614, 0.025760689927, 0.30577988271, 0.093515892853, 0.22796917121, 0.34339854574]
    ],
    [
      [0.068858075828, 0.53557395618, 0.22326444461, 0.055407946589, 0.029770149281, 0.087125427506],
      [0.00057583888832, 0.001097427682, 0.75622326808, 0.032192183592, 0.13493981176, 0.07497147],
      [0.096658488465, 0.0051958663464, 0.096332003937, 0.76264139241, 0.035144595699, 0.0040276531425],
      [0.0021489773861, 0.0038909660977, 0.40367528365, 0.083168964824, 0.25687105041, 0.25024475763]
    ],
    [
      [0.055119364776, 0.53133189178, 0.20965683043, 0.061621395724, 0.030155019174, 0.11211549811],
      [0.00039589540362, 0.0025651718615, 0.72369403841, 0.035291708844, 0.13924520995, 0.098807975532],
      [0.072455445638, 0.0070510161506, 0.076555463881, 0.8080835552, 0.031666524762, 0.0041879943629],
      [0.0016377457346, 0.0040248050166, 0.35767104833, 0.089168313102, 0.24472780753, 0.30277028029]
    ],
    [
      [0.040058795676, 0.623490252, 0.18490266421, 0.047548054787, 0.011543595289, 0.09245663804],
      [0.00035527185897, 0.0054912709386, 0.7937503612, 0.032545005556, 0.066481703893, 0.10137638655],
      [0.06804788399, 0.021248129867, 0.091408386924, 0.7984200165, 0.015625993096, 0.005249589625],
      [0.0015912519325, 0.0072214451641, 0.43034105594, 0.092757656708, 0.1281267596, 0.33996183065]
    ],
    [
      [0.026896716362, 0.6169288822, 0.18067242973, 0.043605260171, 0.02480191332, 0.10709479822],
      [2.6518623478e-05, 0.0050467275779, 0.72585507062, 0.025633174863, 0.13295114433, 0.11048736399],
      [0.046855644059, 0.021727231326, 0.10683995771, 0.77321785159, 0.039018521548, 0.012340793769],
      [0.00084267380956, 0.0059957581401, 0.35506776923, 0.073244392359, 0.23110542037, 0.33374398609]
    ],
    [
      [0.019208451522, 0.56173327141, 0.21355535291, 0.029506373322, 0.025784808818, 0.15021174201],
      [0, 0, 0.74106370222, 0, 0.11845754813, 0.14047874965],
      [0.03379119118, 0.021692932909, 0.16555915101, 0.70180774864, 0.047314334881, 0.029834641382],
      [0.00017744820512, 0.0045248107078, 0.35331852759, 0.049711819908, 0.19644001637, 0.39582737722]
    ],
    [
      [0.020933470208, 0.63070584857, 0.20203481505, 0.032198653166, 0.022338916548, 0.091788296459],
      [0, 0.0076239576441, 0.78167617437, 0.0025246923363, 0.11492209521, 0.093253080443],
      [0.038844233117, 0.029626409072, 0.1483598944, 0.72891522049, 0.039841576593, 0.014412666331],
      [0.00052032791616, 0.0071576402232, 0.41279401367, 0.064764769265, 0.21522214038, 0.29954110854]
    ],
    [
      [0.043213021673, 0.68416177434, 0.15135439799, 0.038266791174, 0.0059798856724, 0.07702412915],
      [0.00051088475087, 0.010118742393, 0.81104216955, 0.030769934296, 0.043410453897, 0.10414781512],
      [0.088467763719, 0.041253845303, 0.08584458043, 0.77000531364, 0.0094530381322, 0.0049754587714],
      [0.0021330021049, 0.01059166998, 0.44705874481, 0.09307074031, 0.085980776292, 0.36116506651]
    ],
    [
      [0.037199876893, 0.69061211464, 0.15015172566, 0.042658724734, 0.017594776038, 0.061782782036],
      [0.00074518042296, 0.013156541055, 0.75412584099, 0.032699945808, 0.12155125362, 0.077721238109],
      [0.070943134981, 0.044205147496, 0.076786048062, 0.77758728646, 0.026415345476, 0.0040630375293],
      [0.0016999944346, 0.010441157602, 0.40520114962, 0.090813416715, 0.23320499357, 0.25863928806]
    ],
    [
      [0.036750529099, 0.62529222333, 0.18000622962, 0.045254243237, 0.024434387749, 0.088262386958],
      [0.00031248839346, 0.0051882936549, 0.73803206753, 0.029970262931, 0.13394681785, 0.092550069638],
      [0.062986846197, 0.021019745844, 0.096065376386, 0.77686896663, 0.035526437518, 0.0075326274251],
      [0.001302294358, 0.0064262477862, 0.37643073442, 0.080380973996, 0.24305446752, 0.29240528192]
    ],
    [
      [0.036324800652, 0.55849111544, 0.2166850909, 0.043691367879, 0.027820285344, 0.11698733978],
      [0, 0.0014480427253, 0.74821522155, 0.017546551255, 0.12785812031, 0.10493206416],
      [0.057785594957, 0.014142164457, 0.13110626056, 0.73994912614, 0.042562788825, 0.01445406506],
      [0.00089107048936, 0.0044343829413, 0.37748885757, 0.06694581749, 0.22746547597, 0.32277439553]
    ],
    [
      [0.03003991903, 0.53980480339, 0.23609830287, 0.02524525094, 0.023296135038, 0.14551558873],
      [0, 0, 0.77175743578, 0, 0.10036921249, 0.12787335174],
      [0.052888858696, 0.019242163679, 0.18224294278, 0.67645087424, 0.04170418474, 0.027470975865],
      [0.00040247010983, 0.0042987585815, 0.38563995552, 0.05009126706, 0.17596227156, 0.38360527717]
    ],
    [
      [0.029109763828, 0.51762402535, 0.23877387928, 0.044559697813, 0.028254319133, 0.14167831459],
      [0, 9.5484927789e-05, 0.75091012613, 0.014876117002, 0.1178103668, 0.11630790514],
      [0.044079706532, 0.0089913391148, 0.14537274688, 0.73928334337, 0.043121968268, 0.01915089584],
      [0.00054341874685, 0.0032080783972, 0.37504231893, 0.062120910859, 0.20674153365, 0.35234373942]
    ],
    [
      [0.022505393, 0.4699337576, 0.26560231238, 0.046755392734, 0.02278297031, 0.17242017397],
      [0, 0, 0.77506139158, 0.0034218715105, 0.088830457939, 0.13268627897],
      [0.031466184505, 0.0028817810188, 0.16354930621, 0.74570655001, 0.03366319911, 0.022732979145],
      [0.00028625771329, 0.0021011991508, 0.38624318533, 0.059836115986, 0.15406649064, 0.39746675118]
    ],
    [
      [0.03813418402, 0.55629126193, 0.19307720644, 0.058615203557, 0.021610468692, 0.13227167537],
      [0.0005122414578, 0.00220370628, 0.72438829814, 0.038820504608, 0.10842927687, 0.12564597264],
      [0.055332810094, 0.0082017910637, 0.076202982033, 0.82932030534, 0.025169218269, 0.0057728932039],
      [0.0012971056778, 0.0039365131002, 0.34513941603, 0.088347480085, 0.18513710339, 0.37614238172]
    ],
    [
      [0.044561462049, 0.5, 0.24615297188, 0.030695443999, 0.012533312998, 0.16605680907],
      [0, 0, 0.79275420303, 0, 0.0568510785, 0.15039471847],
      [0.06847951265, 0, 0.26619220487, 0.62003080364, 0.021882864889, 0.023414613949],
      [0, 0, 0.41582002999, 0.037986833067, 0.099185525508, 0.44700761144]
    ],
    [
      [0.051498913142, 0.62066378831, 0.1847753425, 0.048398716801, 0.013775685797, 0.080887553444],
      [0.00088445516349, 0.0057926483288, 0.79108884084, 0.034863607522, 0.079716143325, 0.087654304823],
      [0.087272671201, 0.021943177283, 0.08759349851, 0.78112532818, 0.018333259427, 0.0037320654017],
      [0.0021340646306, 0.0073498892957, 0.4383580704, 0.092180207386, 0.15755341193, 0.30242435635]
    ],
    [
      [0.036245986011, 0.78426265305, 0.10325616207, 0.036177200611, 0.01242716824, 0.027630830022],
      [0.011456193087, 0.016638073467, 0.75822396248, 0.048774219382, 0.12439699658, 0.040510555002],
      [0.08485524514, 0.053130938139, 0.031506526671, 0.81571615597, 0.01479113408, 0],
      [0.0028637917736, 0.016834079125, 0.42689799032, 0.11890103148, 0.25390997038, 0.18059313692]
    ],
    [
      [0.093118731365, 0.36358635737, 0.26278610322, 0.069063718478, 0.0066342585171, 0.20481083105],
      [0, 0, 0.75400693016, 0.055623192126, 0.028301863013, 0.16206801471],
      [0.084145563501, 0, 0.086747813259, 0.81297140618, 0.0072006614607, 0.008934555597],
      [0.0020852470438, 5.5006889226e-05, 0.36259353654, 0.086133851326, 0.048481941017, 0.50065041718]
    ],
    [
      [0.018169975722, 0.60985393761, 0.17469651592, 0.029000632244, 0.021934493731, 0.14634444477],
      [0, 0.00082435723457, 0.71835271975, 0, 0.11954062278, 0.16128230024],
      [0.035849850577, 0.035333817398, 0.14502312633, 0.70409646761, 0.045530486393, 0.034166251696],
      [0.00015738802447, 0.0066170894349, 0.32546873239, 0.048169561444, 0.18914127429, 0.43044595442]
    ],
    [
      [0.011131003348, 0.70569738465, 0.15208207288, 0.028064730135, 0.019221476843, 0.083803332146],
      [0, 0.013672597098, 0.74822087685, 0.0045181928331, 0.12591454354, 0.10767378968],
      [0.025626812749, 0.04658338426, 0.13670786746, 0.73058238973, 0.042969675063, 0.017529870739],
      [0.00032295459569, 0.010120309001, 0.37496889853, 0.062114212472, 0.2240497552, 0.3284238702]
    ],
    [
      [0.040768097782, 0.57542967703, 0.2051515659, 0.037914461884, 0.025550730944, 0.11518546647],
      [0, 0.0033985375165, 0.75007859857, 0.012345353594, 0.1243882761, 0.10978923422],
      [0.070258634808, 0.020759542825, 0.13970543232, 0.70867433293, 0.0432992375, 0.017302819619],
      [0.00099225213128, 0.0052906373605, 0.37678212893, 0.061683160999, 0.22039006345, 0.33486175713]
    ],
    [
      [0.056238862984, 0.5208666832, 0.23317584188, 0.043084234555, 0.020974082266, 0.12566029511],
      [0, 0.0018730640992, 0.77712935084, 0.019920891887, 0.092919383926, 0.10815730925],
      [0.088886612949, 0.011231293735, 0.13780229138, 0.71631272791, 0.031441355517, 0.014325718505],
      [0.0014720336199, 0.0041372517256, 0.40672138749, 0.066060824218, 0.1725161608, 0.34909234214]
    ],
    [
      [0.025183188233, 0.60180579302, 0.20290772224, 0.04411594494, 0.025821850937, 0.10016550063],
      [0, 0.0037121143551, 0.75239386099, 0.020228210611, 0.12779999564, 0.095865818407],
      [0.042056046192, 0.01896824088, 0.12423880021, 0.7623143312, 0.040425940027, 0.011996641484],
      [0.00070542260553, 0.0055119586155, 0.38696651296, 0.071986267021, 0.23262236187, 0.30220747693]
    ],
    [
      [0.033042321628, 0.51672603665, 0.20520526656, 0.056406494457, 0.026356642779, 0.16226323793],
      [0.00013552099896, 0.00058687341363, 0.70437244407, 0.031909290616, 0.12041097274, 0.14258489816],
      [0.047459322334, 0.005245736725, 0.095375671683, 0.8039887613, 0.034302636623, 0.013627871332],
      [0.00085712682512, 0.0031190320241, 0.32248469195, 0.074135667664, 0.19557870858, 0.40382477295]
    ],
    [
      [0.032697764206, 0.57961490773, 0.18455357153, 0.051515037623, 0.01724783049, 0.13437088843],
      [0.00020124307873, 0.0039609882179, 0.73545544846, 0.032269608189, 0.09171799259, 0.13639471947],
      [0.051638956729, 0.014330749727, 0.087981139647, 0.81339825877, 0.022957483644, 0.009693411481],
      [0.0010725561241, 0.0050022852354, 0.34954612791, 0.082896595374, 0.1559474299, 0.40553500546]
    ],
    [
      [0.029208195403, 0.48630801538, 0.24008060967, 0.041139403172, 0.026646224583, 0.17661755179],
      [0, 0, 0.74142702304, 0.0071238834848, 0.10918755758, 0.1422615359],
      [0.044920434288, 0.0084177801382, 0.15951837936, 0.71675549523, 0.043204649436, 0.027183261547],
      [0.00047582877027, 0.0028579486046, 0.3489990923, 0.053980162906, 0.18203293454, 0.41165403288]
    ],
    [
      [0.043362060578, 0.61400745027, 0.16963006761, 0.043940524282, 0.018821964816, 0.11023793244],
      [0.00036889024353, 0.0058251616966, 0.73352918864, 0.029763570449, 0.10886364357, 0.1216495454],
      [0.076487420064, 0.023079645387, 0.0914433618, 0.77029775315, 0.028270644275, 0.010421175322],
      [0.0014986779409, 0.006390648325, 0.35748001556, 0.077287998292, 0.18904840177, 0.36829425811]
    ],
    [
      [0.074259775302, 0.57911874303, 0.18769252148, 0.049466525223, 0.020304148211, 0.089158286758],
      [0.00068896643634, 0.0038647431647, 0.76114829854, 0.032478226793, 0.11013914008, 0.091680624985],
      [0.11565391749, 0.013184542952, 0.081981078338, 0.76003403793, 0.025093160927, 0.0040532623551],
      [0.0026811906566, 0.0056479312886, 0.39719198479, 0.087106429099, 0.20604478087, 0.3013276833]
    ],
    [
      [0.027021213096, 0.55150232097, 0.23046099268, 0.045364127457, 0.028456115894, 0.1171952299],
      [0, 0.0011834145234, 0.76002956452, 0.013237864169, 0.12515371835, 0.10039543843],
      [0.041636112108, 0.013747854427, 0.14251831259, 0.74313644915, 0.043743123899, 0.015218147827],
      [0.00057196844267, 0.0041483441952, 0.38997218872, 0.065722965269, 0.22623044087, 0.31335409251]
    ],
    [
      [0.023599886918, 0.53063636487, 0.24758587764, 0.045506375024, 0.041377968668, 0.11129352688],
      [0, 0, 0.74239755927, 0.0040655523249, 0.16578030527, 0.087756583127],
      [0.033740820328, 0.0070417561344, 0.1540042344, 0.72776817308, 0.062310662692, 0.015134353359],
      [0.00029414541231, 0.0026986148147, 0.37679406105, 0.059146219081, 0.29343811604, 0.2676288436]
    ],
    [
      [0.032822430263, 0.5825555882, 0.21340641397, 0.04744984011, 0.022213676423, 0.10155205103],
      [1.4546306591e-06, 0.0033698559378, 0.77015605404, 0.025305765108, 0.10707472752, 0.09409214276],
      [0.052398721531, 0.01624965559, 0.11838875665, 0.77113530617, 0.031989765686, 0.0098377943751],
      [0.000997958252, 0.0053481224943, 0.40785688217, 0.077533339716, 0.20107236145, 0.30719133592]
    ],
    [
      [0.038147287224, 0.60146480539, 0.16550317238, 0.062530331963, 0.021666915337, 0.11068748771],
      [0.00033078464883, 0.0030143275871, 0.7140225639, 0.040260874937, 0.12444427715, 0.11792717178],
      [0.054983589665, 0.0020804830169, 0.059775958926, 0.85946513938, 0.02338683362, 0.00030799539395],
      [0.0013791529064, 0.0041290956729, 0.32646747696, 0.098917667738, 0.21069876794, 0.35840783878]
    ],
    [
      [0.025410345827, 0.5834658636, 0.20386196316, 0.056093318349, 0.032666439869, 0.098502069198],
      [0.00017301905533, 0.0013070029059, 0.7218118072, 0.033059555697, 0.15448644832, 0.089162166821],
      [0.037662822385, 0.0078267544641, 0.096625176022, 0.80836181426, 0.042521294397, 0.0070021384665],
      [0.00075626643743, 0.0043893514422, 0.36215351078, 0.081598720364, 0.27470043891, 0.27640171206]
    ],
    [
      [0.038396353678, 0.60158101796, 0.19235049476, 0.040220480308, 0.023536209749, 0.10391544355],
      [0, 0.0047580828068, 0.74844175141, 0.020243436325, 0.12219664105, 0.10436008841],
      [0.067722528038, 0.022151374373, 0.12345582664, 0.73429567692, 0.038819195822, 0.013555398214],
      [0.0011386237026, 0.0059390766301, 0.37983008347, 0.068377387968, 0.21973116384, 0.32498366439]
    ],
    [
      [0.01078855846, 0.57276165805, 0.20640276305, 0.040520493795, 0.021201145733, 0.14832538091],
      [0, 0.0024263392525, 0.74833017191, 0.0057002680528, 0.10230058677, 0.14124263401],
      [0.018205688964, 0.017970672293, 0.141422706, 0.76267214155, 0.036211501244, 0.023517289947],
      [0.00021295889876, 0.0045952547028, 0.35597627969, 0.061662101314, 0.17137099679, 0.40618240861]
    ],
    [
      [0.03970949844, 0.64465832026, 0.16019536449, 0.024167920326, 0.020928318857, 0.11034057763],
      [0, 0.015103356124, 0.72532521509, 0.0034193382803, 0.12564934013, 0.13050275038],
      [0.08367416673, 0.046688964781, 0.12323177222, 0.68337520367, 0.04123220907, 0.021797683524],
      [0.0009418769681, 0.010041000432, 0.34522787599, 0.05471936169, 0.21275627623, 0.3763136087]
    ],
    [
      [0.021203208527, 0.61669241017, 0.2080942379, 0.036144928876, 0.020477008699, 0.097388205827],
      [0, 0.0058941459489, 0.78511590809, 0.010189041844, 0.10286463365, 0.09593627047],
      [0.038150717707, 0.0263259085, 0.14681765229, 0.73894520028, 0.035334857862, 0.014425663362],
      [0.00052895193942, 0.0067307712395, 0.41960295297, 0.067087897586, 0.19428111102, 0.31176831525]
    ],
    [
      [0.045355232196, 0.66103969295, 0.16737918413, 0.047489797252, 0.014768491441, 0.063967602034],
      [0.0012469124877, 0.010550473718, 0.7818554042, 0.03647319008, 0.095411295896, 0.074462723615],
      [0.081369496508, 0.033864136336, 0.080332105074, 0.78137521916, 0.020562509938, 0.0024965329844],
      [0.0021227005294, 0.009481705272, 0.43913358995, 0.094659950277, 0.19234759197, 0.262254462]
    ],
    [
      [0.01590327099, 0.52129856713, 0.24626499226, 0.066065155252, 0.026625978367, 0.12384203601],
      [0, 0, 0.75153818316, 0.044811139096, 0.10858065428, 0.095070023465],
      [0.020502273505, 0.0060411640262, 0.094829478146, 0.84492777342, 0.028148188444, 0.0055511224579],
      [0.0004961702888, 0.0026558201552, 0.39051203559, 0.092709660213, 0.20161169536, 0.3120146184]
    ],
    [
      [0.032196489756, 0.63962832972, 0.17758138514, 0.045997635941, 0.019727980708, 0.084868178729],
      [0.00040062691429, 0.0062054884809, 0.75581242836, 0.032667293149, 0.11251495105, 0.092399212052],
      [0.056087376845, 0.023987746363, 0.091616571276, 0.79343510534, 0.028288914044, 0.0065842861296],
      [0.0012142151769, 0.0072438673769, 0.39700770339, 0.086200540905, 0.20958161536, 0.29875205779]
    ],
    [
      [0.02326355765, 0.59043004286, 0.20974989591, 0.051678984772, 0.02707112987, 0.097806388938],
      [0.00011254734123, 0.0019024515367, 0.74950267807, 0.029975951465, 0.12919500123, 0.089311370356],
      [0.035925735149, 0.011957763317, 0.10816790332, 0.79857119343, 0.037179706368, 0.0081976984212],
      [0.00070240725244, 0.0049248025847, 0.38821935857, 0.080421584754, 0.23805211611, 0.28767973073]
    ],
    [
      [0.026739077154, 0.63283306179, 0.17240033768, 0.03598644264, 0.013701900878, 0.11833917986],
      [0, 0.010446944866, 0.75599359412, 0.018974055858, 0.080367373046, 0.13421803211],
      [0.051952338922, 0.036936814476, 0.11554249809, 0.75432626816, 0.024027351981, 0.017214728371],
      [0.00088095652598, 0.0081007761476, 0.3748045718, 0.070362761382, 0.14107019734, 0.4047807368]
    ],
    [
      [0.039717247562, 0.6859898807, 0.16584852734, 0.046544618928, 0.015866396384, 0.046033329082],
      [0.00054499394691, 0.0076981091641, 0.7979273696, 0.034573697278, 0.10345508355, 0.055800746462],
      [0.07122696253, 0.029416250882, 0.079662655694, 0.79553433099, 0.021958955503, 0.0022008443957],
      [0.0018274083466, 0.0094888631835, 0.46513484147, 0.1031744064, 0.21615778758, 0.20421669302]
    ]
  ],
  "expected_outcome": [
    [
      [2.5612967366, 1.9265116157, 2.1346397894, 2.1811525331, 0.74705476367, 1.0326365881, 1.1367814606, 1.0923843975, 1.2712426681, 0.24947445923, 0.94849240667, 0, 0.34047817057, 1.0930677095, 2.4788907298, 2.2598939558, 2.603821719, 0.80690149086, 0.8643803185, 1.0885404508, 1.0803255418, 4.9103837498, 1.0290148148, 3.8141040685, 1.4719560325, 3.376732604, 1.192785829, 0.7626836804, 0.35649169639, 3.965416312, 0.47119781815, 1.024306045, 0.63594915029, 0.20035806027, 3.0576073337, 3.318092916, 0.80586202345, 1.4869044733, 0.5231642273, 0.52574751725, 1.3875859385, 1.2624161801, 1.2699970155, 1.0383950244, 1.24725235, 0.30517829779, 2.8967794242, 1.3438723787, 0.28050251997, 1.1912849532, 1.8870855589, 3.6284185757, 0.20674252287, 5.022652402, 0.81422451775, 5.1071637365, 1.4298209122],
      [42.5028044252, 23.4499399668, 27.5823286578, 55.9646382696, 12.8635665248, 30.1633411294, 32.1207915173, 24.249940355, 25.3323058599, 4.477328325, 11.6457411849, 1.6823939029, 7.7991105593, 19.5162208614, 19.2806624226, 21.7846075631, 40.5268663802, 18.5078664659, 25.2779972136, 32.7967041254, 17.1040443585, 91.1607991324, 17.5081822533, 58.6415671215, 26.4504353661, 60.0443869411, 24.906489153, 11.1258252385, 4, 47.7911117001, 10.1954144896, 3.9994499311, 21.3448878164, 12.7025529237, 43.157225777, 30.7311343088, 19.2577853767, 23.252671649, 9.2738385237, 8.7535442768, 19.6482384087, 9.8450186314, 25.9206090857, 23.3480000544, 22.1371123518, 4.8117184431, 66.5151084501, 21.0553356285, 14.8918031094, 19.3397496077, 54.8856245049, 52.8831754361, 6.7768813727, 99.7820194367, 20.6650515, 120.8711148015, 24.6956357052],
      [7.2652881337, 9.8569415094, 14.0512966498, 19.9170603575, 6.1095030936, 11.5958843147, 11.6815553726, 7.5000934287, 10.521902058, 1.5591908712, 2.8740719563, 0.22458058986, 1.2556114835, 1.420939866, 8.037520006, 8.5959300477, 12.0186731734, 5.420172892, 9.6099908811, 10.5058103827, 3.7838599498, 19.8200277871, 5.0401744295, 22.7519345442, 11.5688168407, 27.6977699964, 14.0769225561, 3.8615441287, 1.9692237751, 14.2277013727, 1.3423301069, 2.8906471354, 6.1143780572, 2.7374773118, 15.3863674423, 13.7573746709, 6.4930471116, 9.2342369954, 2.9528571444, 4.3214509741, 5.4281621636, 3.1907728652, 10.8316666559, 10.8937786161, 8.1094437308, 1.324025379, 23.2402638002, 6.7322673166, 5.3664718393, 4.8058609347, 18.5203871734, 13.3903347301, 3.2014448993, 27.7026960824, 7.341246357, 32.9284644968, 5.9705469844],
      [2.0374430594, 2.0262936193, 2.8304649402, 4.79653895, 1.5144399957, 2.6806048426, 2.4834945258, 1.5860657379, 1.5198527124, 0.40372354395, 0.76060820002, 0.093025507251, 0.34619072442, 0.63170910321, 1.9946860772, 2.5264772247, 3.0906235611, 1.3081578051, 1.3277867995, 1.6743299647, 0.95666977935, 5.6309516648, 1.2671188106, 4.5875936273, 1.2370172961, 5.1689249464, 2.4780358149, 1.1723040711, 0.24556355199, 3.7267011937, 0.47030360795, 0.75970090326, 1.0150221285, 0.50516514243, 2.8435846413, 2.5419698388, 1.4117102381, 2.5382922506, 0.82424060196, 0.74050925709, 1.406096777, 0.84093092879, 2.1321139905, 2.0022805011, 1.8030939242, 0.5002426557, 6.3946382918, 1.4077168108, 1.0535328387, 0.72503760978, 3.2168986699, 3.7991837802, 0.85884701828, 7.1756312068, 1.808764467, 6.8734105442, 1.6756062814],
      [0.85383156502, 1.4645344665, 1.5032704966, 2.2152702748, 0.90520022464, 1.5439255483, 1.5932965634, 0.91598820821, 0.5500615061, 0.090953939705, 0.44320095962, 0, 0.17603437356, 0.17665823103, 1.0717253741, 1.2363557861, 0.75033369379, 0.74405739961, 1.1603163968, 1.1616236605, 0.14949714181, 2.322510437, 0.68416285697, 2.9211299611, 1.1415106168, 3.2775010194, 1.2074974264, 0.43220937385, 0.10026650399, 1.0607278063, 0.16155318712, 0.072976843688, 0.76770728058, 0.34598658317, 1.9163048208, 1.2374708537, 0.82629923, 1.186048925, 0.27596528785, 0.47963204249, 0.60230287412, 0.34517051958, 1.337437447, 1.8206306214, 0.84411970406, 0.17333532269, 3.7239741451, 0.82376734122, 0.55122978907, 0.6278495657, 1.8224537743, 1.1814793153, 0.34613771877, 3.0775649905, 0.94748954545, 2.6170630678, 0.57119026981],
      [6.7793360801, 6.2757788223, 5.8979994662, 9.925339615, 2.8602353975, 5.9836075769, 4.9840805604, 5.6555278726, 4.8046351955, 1.2193288609, 1.3278852924, 0, 1.0825746886, 1.1614042289, 3.1365153902, 4.5967354226, 6.0096814726, 3.2128439465, 6.7595283905, 4.7729914159, 1.9256032287, 8.1553272287, 2.4713468348, 12.2836706774, 7.1302638478, 16.4346844927, 9.1382692206, 2.6454335074, 1.3284544726, 6.2283416152, 0.35920079029, 2.2529191416, 5.122055567, 1.5084599786, 8.6389099849, 7.4139574118, 3.2052960202, 7.3018457067, 2.1499342148, 3.1791159323, 3.5276138381, 1.5156908749, 5.5081758054, 4.8969151827, 3.8589779392, 0.88549990166, 11.2292358886, 3.6370405242, 3.8564599036, 3.3102173289, 8.6675503186, 5.1174081627, 1.6099464681, 13.2394358817, 3.4232236128, 22.6027833532, 1.6571998469]
    ],
    [
      [0.025015659768, 0, 0, 0.04771222418, 0.0033759789795, 0, 0, 0, 0, 0.0055891775402, 0.021822065918, 0, 0.0051878101067, 0.54525132181, 0.045491272178, 0.045527971416, 0.056488225576, 0.0021745271252, 0, 0, 0.021457159537, 0.14307464121, 0.037811095608, 0, 0, 0, 0, 0.027661038721, 0, 0.13620609518, 0.67591539213, 0, 0, 0, 0, 0, 0, 0.013145536899, 0.008250966228, 0, 0.029142329239, 0.027558657454, 0, 0, 0.00032583726764, 0.0026462771906, 0.034257772955, 0, 0, 0, 0, 0.15835788594, 0, 0.23596925251, 0.011367281464, 0, 0.027249697346],
      [1.3273304565, 0, 0.11281243446, 1.8820815831, 0.10939996443, 0.44142243708, 0.58729625071, 0.70984071593, 0.52152135188, 0.083209491808, 0.25612086796, 0.013555008862, 0.32533961036, 1.9070361131, 0.086696786877, 0.29499476407, 0.87311207924, 0.41383166138, 0, 1.1969613501, 0.42498718049, 2.5260558826, 0.62778353224, 0.46047758664, 0, 0.02549447572, 0, 0.11900013912, 0, 0.89206784264, 0.98164633458, 0, 0.12859972859, 1.3535871127, 0.9481919671, 0.16295657663, 0.7275744136, 0.056926721122, 0.16240051694, 0, 0.46018777403, 0.15458972659, 0.3088711906, 0, 0.75484773006, 0.024114620697, 0.25878657537, 0.6946800898, 0.32270312058, 0.99682150421, 1.4735364872, 1.3399101622, 0, 3.6550327152, 0.1921476052, 4.5757618513, 0.3849054582],
      [76.3626504143, 124.1853981896, 180.6833550006, 392.5493586374, 47.1112792436, 150.7233654964, 181.6534929157, 100.7761196169, 142.9737466655, 20.4384091239, 29.8235426963, 1.8958549792, 18.4686141911, 25.8699270284, 59.741638178, 83.2248144168, 126.2063074314, 59.5201157905, 91.1508353736, 122.7231593756, 34.063771121, 144.7921614692, 89.3018801712, 237.932440453, 67.9146543482, 200.4930036758, 170.5135061474, 39.1169680998, 57.0783026184, 121.8276814889, 44.7352137865, 29.4062702761, 112.0630242806, 74.0738668079, 209.2719290016, 67.6102535228, 147.4691967534, 68.3241270746, 30.1536733868, 41.5199132902, 57.9488059029, 30.4459319415, 198.3677163407, 160.3578728033, 172.5149561051, 5.7121805112, 142.9187378259, 109.2724957051, 99.5279128643, 47.8714641959, 196.2789770221, 99.2956363339, 96.9484256271, 445.1735203019, 75.6997704847, 331.1251942241, 39.8963684798],
      [3.0910042399, 2.5101511774, 4.9122464103, 14.918134917, 1.8217274017, 5.0190403761, 4.7041054739, 2.3936575212, 0.53298239177, 0.83980882751, 1.2408480207, 0.090590011892, 0.72281741195, 1.3844129752, 2.5431825038, 4.0585465171, 5.1746558835, 2.1019203387, 0, 0.39637669679, 1.2923372405, 6.2783895951, 3.6264018146, 5.5798032992, 0, 3.9719232395, 0.75281173231, 2.0963072488, 0, 5.3689955584, 2.8776789435, 2.1693044929, 0, 0.44730109048, 3.4443536527, 1.7331175942, 3.9647292797, 3.0952011898, 1.3230539357, 0.39893747515, 2.3513220655, 1.2991290717, 3.4550825481, 0.87815930218, 5.6684913843, 0.32208699949, 6.5457920279, 2.9555417035, 0.75813565102, 0.2256763265, 2.5472604609, 4.6320951401, 5.7806369434, 19.2410356648, 3.027571098, 8.3106364659, 1.7286848639],
      [12.0541708674, 24.6001390193, 25.7951935369, 58.3636223524, 9.3130303965, 26.7868644875, 33.0474591361, 16.3891397549, 9.9385019619, 1.5880056006, 6.1622190109, 0, 3.4609541061, 5.2321607935, 10.6602451292, 16.0131991445, 10.5705909191, 10.9019938353, 14.5702784194, 18.0427689479, 1.8232390637, 23.3378406949, 16.2075649602, 40.6588822584, 8.8324906988, 31.455367936, 19.5427007467, 5.8551809511, 4.093277652, 12.2762860721, 7.3394227982, 1.1037726575, 18.6483371538, 12.4655398103, 34.7043290309, 8.0839864015, 25.0487991455, 11.6798643562, 3.7604376962, 6.1145032242, 8.6002278416, 4.4055656033, 32.6651204896, 35.808545939, 23.984738965, 0.99555421718, 30.5883167673, 17.840709594, 13.6059780407, 8.2928564486, 25.7161584123, 12.1172345788, 14.0069044025, 66.2713061668, 13.0486951247, 35.2009093943, 5.1727541776],
      [18.1398283621, 20.7043116137, 19.4963926177, 50.2390902859, 5.6411870148, 20.029307203, 20.0076462236, 19.731242391, 17.033247629, 4.0449777787, 3.4954473382, 0, 4.0170868703, 4.061211768, 5.92274613, 11.3629171862, 16.1188454613, 9.0599638469, 17.278886207, 14.6407336295, 4.3742082349, 14.9224777169, 11.1985584262, 33.3683964028, 11.252854953, 31.054210673, 29.1909813736, 6.7848825224, 10.8284197296, 13.4987629427, 2.3901227451, 6.3206525735, 25.1600388371, 10.6597051786, 30.6311963477, 9.4096859048, 18.7897004078, 13.8307351214, 5.5921834981, 7.9666460104, 9.6103140867, 3.6672249994, 26.203209431, 18.9554219555, 21.0766399784, 0.94341737424, 17.6541090305, 15.2365729075, 18.7852703234, 8.6131815248, 23.9840676174, 9.4567658991, 12.2640330269, 54.4231358987, 9.020448406, 58.7874980644, 2.7900373231]
    ],
    [
      [52.3349673683, 18.0381456547, 35.8170965483, 56.6833860903, 14.2317836945, 16.9429656773, 16.8322351024, 19.8840148552, 20.707888678, 5.7402299647, 18.9796372165, 0, 8.6504612068, 12.3223469755, 28.4175956086, 48.6176040232, 58.2489886953, 19.1639584201, 7.1299413389, 8.8953293838, 17.8704882713, 39.8700418594, 25.8875937871, 39.1208477858, 9.5199945653, 32.5749031275, 10.7929012854, 11.1772276389, 1.6435083036, 43.810880943, 16.8013385378, 3.9548414846, 9.3568110006, 4.792213984, 45.8788885299, 31.6436342099, 17.1588668463, 14.4750933119, 12.4449885717, 6.4685425375, 22.563788919, 25.6751696839, 22.6916810988, 11.9442503963, 28.7144993992, 3.6839005076, 24.0288806816, 30.6105826732, 3.7139605487, 9.7898775074, 19.0753588534, 25.1431744209, 3.772418325, 104.6029578154, 9.161062463, 55.7968120022, 16.524655307],
      [28.7072549519, 2.4194825882, 5.1227807491, 25.4879929378, 1.9467218671, 7.1850645845, 8.0126417083, 9.8512103622, 8.9811566603, 1.4166915738, 4.9270001111, 0.27327120931, 5.8484098063, 13.2933754363, 1.5275847058, 4.7312318371, 18.1883991662, 8.8864376122, 4.5772088437, 6.7844476775, 8.3332767513, 24.8432928928, 8.6391155419, 9.5742453372, 3.4635894623, 6.6445996059, 0.98845088944, 1.6567617949, 0, 11.0154749961, 10.5199257516, 0, 9.222126341, 8.7110928565, 13.5559814649, 3.9983405697, 7.739042279, 1.5999497011, 3.4537106842, 1.2121603399, 6.8084953891, 2.9269685352, 7.4925806626, 2.4927816716, 8.9048112634, 0.13939236213, 4.9934693481, 10.0124212165, 3.6660171478, 5.4626088794, 13.1629542499, 10.4640181278, 1.1115741808, 44.7371469672, 3.0492296457, 39.6701387471, 6.8245702047],
      [42.7565930092, 36.0904730081, 89.0219868801, 171.5949175452, 38.7889271192, 67.9908580161, 64.8120680373, 51.2892429781, 74.8412039735, 11.204621654, 16.8652383223, 0.29009635005, 9.3765182858, 0.34555439575, 28.3216091574, 51.3687162642, 78.2455792067, 43.697542702, 34.9329808625, 33.9744158178, 17.3406052468, 43.1537590109, 39.4828696947, 88.7589384, 32.8037297007, 107.4304599431, 56.0974120301, 15.3930023707, 6.3886129168, 43.9719362518, 6.2382922808, 4.0771472232, 37.8510359723, 25.5643712141, 91.2276473047, 49.0576157314, 50.6894304869, 29.0895798634, 21.2034546549, 22.9706466281, 26.9757917311, 18.199799391, 77.6724803595, 54.5174989788, 64.8770386417, 4.004989248, 61.6468623023, 55.8020336393, 28.8502320245, 14.4181173497, 73.4088261439, 24.8226204677, 17.4486239788, 170.8649054292, 27.5828153454, 124.0926429532, 18.4817361211],
      [423.6118832296, 204.8039997822, 491.5815039222, 1260.224217071, 292.7677296311, 450.796460048, 383.7998351977, 306.8998146529, 283.1105767571, 93.3651443259, 150.1198489829, 10.4366324406, 89.7196598589, 73.9552031003, 224.2165693687, 542.2240655424, 683.447534123, 316.2461013006, 148.0814349635, 166.9215854913, 155.5410733562, 437.0040549879, 319.2931452849, 500.9455583967, 121.7611573627, 546.3303907477, 255.7773466535, 167.5227016779, 14.8807392875, 392.1249147451, 161.5117988819, 38.2096560906, 183.769178045, 136.6189068802, 462.7643394021, 255.0073311374, 311.0242471312, 245.2165721974, 196.0289803641, 103.2127913129, 227.2378371797, 168.7275564212, 405.0093647884, 257.629933271, 422.5821477823, 57.5841643384, 515.734837501, 331.901645967, 155.5851168761, 79.9548988299, 369.4726001405, 241.4449427206, 155.4667103093, 1479.7564714652, 203.6356543247, 810.1464119993, 184.5639647907],
