{
  "Z_true": {},
  "V_true": [
    [778, 16, 48, 21, 593, 34],
    [53, 1341, 191, 563, 915, 102],
    [113, 528, 542, 3366, 602, 237],
    [298, 285, 311, 80, 18379, 325],
    [225, 201, 3399, 576, 808, 197],
    [45, 87, 120, 101, 674, 331]
  ],
  "p_true": [
    [0.5221, 0.0107, 0.0322, 0.0141, 0.398, 0.0228],
    [0.0167, 0.4237, 0.0603, 0.1779, 0.2891, 0.0322],
    [0.021, 0.098, 0.1006, 0.6247, 0.1117, 0.044],
    [0.0151, 0.0145, 0.0158, 0.0041, 0.934, 0.0165],
    [0.0416, 0.0372, 0.6287, 0.1065, 0.1495, 0.0364],
    [0.0331, 0.0641, 0.0884, 0.0744, 0.4963, 0.2437]
  ],
  "Z_est": [
    [
      [15.5025, 18.603, 0.954, 1.431, 1.431, 2.385, 8.3475, 5.247, 5.724, 4.77, 3.339, 0.2385, 0.477, 0.2385, 14.5485, 17.172, 17.4105, 23.85, 17.172, 8.3475, 8.109, 9.3015, 24.804, 10.2555, 17.172, 3.1005, 11.2095, 7.8705, 16.695, 2.1465, 5.247, 0.477, 0.477, 0.477, 47.7, 3.339, 18.603, 1.1925],
      [6.825, 8.19, 0.42, 0.63, 0.63, 1.05, 3.675, 2.31, 2.52, 2.1, 1.47, 0.105, 0.21, 0.105, 6.405, 7.56, 7.665, 10.5, 7.56, 3.675, 3.57, 4.095, 10.92, 4.515, 7.56, 1.365, 4.935, 3.465, 7.35, 0.945, 2.31, 0.21, 0.21, 0.21, 21, 1.47, 8.19, 0.525],
      [10.608, 12.7296, 0.6528, 0.9792, 0.9792, 1.632, 5.712, 3.5904, 3.9168, 3.264, 2.2848, 0.1632, 0.3264, 0.1632, 9.9552, 11.7504, 11.9136, 16.32, 11.7504, 5.712, 5.5488, 6.3648, 16.9728, 7.0176, 11.7504, 2.1216, 7.6704, 5.3856, 11.424, 1.4688, 3.5904, 0.3264, 0.3264, 0.3264, 32.64, 2.2848, 12.7296, 0.816],
      [10.1595, 12.1914, 0.6252, 0.9378, 0.9378, 1.563, 5.4705, 3.4386, 3.7512, 3.126, 2.1882, 0.1563, 0.3126, 0.1563, 9.5343, 11.2536, 11.4099, 15.63, 11.2536, 5.4705, 5.3142, 6.0957, 16.2552, 6.7209, 11.2536, 2.0319, 7.3461, 5.1579, 10.941, 1.4067, 3.4386, 0.3126, 0.3126, 0.3126, 31.26, 2.1882, 12.1914, 0.7815],
      [13.247, 15.8964, 0.8152, 1.2228, 1.2228, 2.038, 7.133, 4.4836, 4.8912, 4.076, 2.8532, 0.2038, 0.4076, 0.2038, 12.4318, 14.6736, 14.8774, 20.38, 14.6736, 7.133, 6.9292, 7.9482, 21.1952, 8.7634, 14.6736, 2.6494, 9.5786, 6.7254, 14.266, 1.8342, 4.4836, 0.4076, 0.4076, 0.4076, 40.76, 2.8532, 15.8964, 1.019],
      [8.658, 10.3896, 0.5328, 0.7992, 0.7992, 1.332, 4.662, 2.9304, 3.1968, 2.664, 1.8648, 0.1332, 0.2664, 0.1332, 8.1252, 9.5904, 9.7236, 13.32, 9.5904, 4.662, 4.5288, 5.1948, 13.8528, 5.7276, 9.5904, 1.7316, 6.2604, 4.3956, 9.324, 1.1988, 2.9304, 0.2664, 0.2664, 0.2664, 26.64, 1.8648, 10.3896, 0.666]
    ],
    [
      [5.6682, 3.4974, 0.4824, 2.7738, 1.9899, 2.6532, 5.7888, 5.0652, 8.3214, 4.824, 1.7487, 0.2412, 0.4824, 0.1206, 4.1004, 10.0098, 5.7888, 7.1154, 10.9746, 3.0753, 2.8341, 5.6682, 11.6379, 8.3817, 4.5225, 1.809, 4.824, 5.7285, 8.8038, 0.9045, 2.1708, 0.3015, 0.0603, 0.9648, 23.8788, 3.4371, 17.9091, 2.2914],
      [32.853, 20.271, 2.796, 16.077, 11.5335, 15.378, 33.552, 29.358, 48.231, 27.96, 10.1355, 1.398, 2.796, 0.699, 23.766, 58.017, 33.552, 41.241, 63.609, 17.8245, 16.4265, 32.853, 67.4535, 48.5805, 26.2125, 10.485, 27.96, 33.2025, 51.027, 5.2425, 12.582, 1.7475, 0.3495, 5.592, 138.402, 19.9215, 103.8015, 13.281],
      [9.3248, 5.7536, 0.7936, 4.5632, 3.2736, 4.3648, 9.5232, 8.3328, 13.6896, 7.936, 2.8768, 0.3968, 0.7936, 0.1984, 6.7456, 16.4672, 9.5232, 11.7056, 18.0544, 5.0592, 4.6624, 9.3248, 19.1456, 13.7888, 7.44, 2.976, 7.936, 9.424, 14.4832, 1.488, 3.5712, 0.496, 0.0992, 1.5872, 39.2832, 5.6544, 29.4624, 3.7696],
      [16.7602, 10.3414, 1.4264, 8.2018, 5.8839, 7.8452, 17.1168, 14.9772, 24.6054, 14.264, 5.1707, 0.7132, 1.4264, 0.3566, 12.1244, 29.5978, 17.1168, 21.0394, 32.4506, 9.0933, 8.3801, 16.7602, 34.4119, 24.7837, 13.3725, 5.349, 14.264, 16.9385, 26.0318, 2.6745, 6.4188, 0.8915, 0.1783, 2.8528, 70.6068, 10.1631, 52.9551, 6.7754],
      [23.5564, 14.5348, 2.0048, 11.5276, 8.2698, 11.0264, 24.0576, 21.0504, 34.5828, 20.048, 7.2674, 1.0024, 2.0048, 0.5012, 17.0408, 41.5996, 24.0576, 29.5708, 45.6092, 12.7806, 11.7782, 23.5564, 48.3658, 34.8334, 18.795, 7.518, 20.048, 23.807, 36.5876, 3.759, 9.0216, 1.253, 0.2506, 4.0096, 99.2376, 14.2842, 74.4282, 9.5228],
      [5.8374, 3.6018, 0.4968, 2.8566, 2.0493, 2.7324, 5.9616, 5.2164, 8.5698, 4.968, 1.8009, 0.2484, 0.4968, 0.1242, 4.2228, 10.3086, 5.9616, 7.3278, 11.3022, 3.1671, 2.9187, 5.8374, 11.9853, 8.6319, 4.6575, 1.863, 4.968, 5.8995, 9.0666, 0.9315, 2.2356, 0.3105, 0.0621, 0.9936, 24.5916, 3.5397, 18.4437, 2.3598]
    ],
    [
      [8.0033, 4.2226, 0.8838, 2.9951, 2.5532, 2.8969, 4.3699, 6.5794, 4.6154, 4.0262, 1.5221, 0.6383, 0.2946, 0.2455, 6.6776, 15.8593, 11.4894, 23.1261, 12.275, 3.1424, 6.6776, 8.2488, 15.7611, 9.7709, 6.383, 2.7987, 13.8953, 8.838, 11.3421, 0.7856, 4.0262, 0.8347, 0.3437, 0.8347, 30.4911, 3.0442, 22.8806, 1.1784],
      [15.485, 8.17, 1.71, 5.795, 4.94, 5.605, 8.455, 12.73, 8.93, 7.79, 2.945, 1.235, 0.57, 0.475, 12.92, 30.685, 22.23, 44.745, 23.75, 6.08, 12.92, 15.96, 30.495, 18.905, 12.35, 5.415, 26.885, 17.1, 21.945, 1.52, 7.79, 1.615, 0.665, 1.615, 58.995, 5.89, 44.27, 2.28],
      [22.3147, 11.7734, 2.4642, 8.3509, 7.1188, 8.0771, 12.1841, 18.3446, 12.8686, 11.2258, 4.2439, 1.7797, 0.8214, 0.6845, 18.6184, 44.2187, 32.0346, 64.4799, 34.225, 8.7616, 18.6184, 22.9992, 43.9449, 27.2431, 17.797, 7.8033, 38.7427, 24.642, 31.6239, 2.1904, 11.2258, 2.3273, 0.9583, 2.3273, 85.0149, 8.4878, 63.7954, 3.2856],
      [82.2335, 43.387, 9.081, 30.7745, 26.234, 29.7655, 44.9005, 67.603, 47.423, 41.369, 15.6395, 6.5585, 3.027, 2.5225, 68.612, 162.9535, 118.053, 237.6195, 126.125, 32.288, 68.612, 84.756, 161.9445, 100.3955, 65.585, 28.7565, 142.7735, 90.81, 116.5395, 8.072, 41.369, 8.5765, 3.5315, 8.5765, 313.2945, 31.279, 235.097, 12.108],
      [27.873, 14.706, 3.078, 10.431, 8.892, 10.089, 15.219, 22.914, 16.074, 14.022, 5.301, 2.223, 1.026, 0.855, 23.256, 55.233, 40.014, 80.541, 42.75, 10.944, 23.256, 28.728, 54.891, 34.029, 22.23, 9.747, 48.393, 30.78, 39.501, 2.736, 14.022, 2.907, 1.197, 2.907, 106.191, 10.602, 79.686, 4.104],
      [7.1068, 3.7496, 0.7848, 2.6596, 2.2672, 2.5724, 3.8804, 5.8424, 4.0984, 3.5752, 1.3516, 0.5668, 0.2616, 0.218, 5.9296, 14.0828, 10.2024, 20.5356, 10.9, 2.7904, 5.9296, 7.3248, 13.9956, 8.6764, 5.668, 2.4852, 12.3388, 7.848, 10.0716, 0.6976, 3.5752, 0.7412, 0.3052, 0.7412, 27.0756, 2.7032, 20.3176, 1.0464]
    ],
    [
      [10.9854, 8.6598, 0.3978, 1.0914, 0.8568, 2.448, 5.3856, 4.8552, 6.3954, 4.2738, 2.9274, 0.2346, 0.3468, 0.255, 7.5684, 7.7214, 6.7932, 7.803, 11.1996, 3.3966, 1.6932, 3.8454, 12.495, 8.8026, 6.9462, 1.9686, 4.947, 4.4268, 9.8838, 1.5504, 1.2444, 0.3468, 0.1938, 0.7446, 31.4568, 2.9274, 12.1992, 1.4484],
      [11.0931, 8.7447, 0.4017, 1.1021, 0.8652, 2.472, 5.4384, 4.9028, 6.4581, 4.3157, 2.9561, 0.2369, 0.3502, 0.2575, 7.6426, 7.7971, 6.8598, 7.8795, 11.3094, 3.4299, 1.7098, 3.8831, 12.6175, 8.8889, 7.0143, 1.9879, 4.9955, 4.4702, 9.9807, 1.5656, 1.2566, 0.3502, 0.1957, 0.7519, 31.7652, 2.9561, 12.3188, 1.4626],
      [14.8626, 11.7162, 0.5382, 1.4766, 1.1592, 3.312, 7.2864, 6.5688, 8.6526, 5.7822, 3.9606, 0.3174, 0.4692, 0.345, 10.2396, 10.4466, 9.1908, 10.557, 15.1524, 4.5954, 2.2908, 5.2026, 16.905, 11.9094, 9.3978, 2.6634, 6.693, 5.9892, 13.3722, 2.0976, 1.6836, 0.4692, 0.2622, 1.0074, 42.5592, 3.9606, 16.5048, 1.9596],
      [12.4932, 9.8484, 0.4524, 1.2412, 0.9744, 2.784, 6.1248, 5.5216, 7.2732, 4.8604, 3.3292, 0.2668, 0.3944, 0.29, 8.6072, 8.7812, 7.7256, 8.874, 12.7368, 3.8628, 1.9256, 4.3732, 14.21, 10.0108, 7.8996, 2.2388, 5.626, 5.0344, 11.2404, 1.7632, 1.4152, 0.3944, 0.2204, 0.8468, 35.7744, 3.3292, 13.8736, 1.6472],
      [1019.7036, 803.8332, 36.9252, 101.3076, 79.5312, 227.232, 499.9104, 450.6768, 593.6436, 396.7092, 271.7316, 21.7764, 32.1912, 23.67, 702.5256, 716.7276, 630.5688, 724.302, 1039.5864, 315.2844, 157.1688, 356.9436, 1159.83, 817.0884, 644.7708, 182.7324, 459.198, 410.9112, 917.4492, 143.9136, 115.5096, 32.1912, 17.9892, 69.1164, 2919.9312, 271.7316, 1132.3728, 134.4456],
      [7.7544, 6.1128, 0.2808, 0.7704, 0.6048, 1.728, 3.8016, 3.4272, 4.5144, 3.0168, 2.0664, 0.1656, 0.2448, 0.18, 5.3424, 5.4504, 4.7952, 5.508, 7.9056, 2.3976, 1.1952, 2.7144, 8.82, 6.2136, 4.9032, 1.3896, 3.492, 3.1248, 6.9768, 1.0944, 0.8784, 0.2448, 0.1368, 0.5256, 22.2048, 2.0664, 8.6112, 1.0224]
    ],
    [
      [9.504, 5.76, 0.9792, 1.9584, 2.4192, 3.3984, 6.1632, 7.6032, 5.2992, 5.184, 2.3616, 0.2304, 0.288, 0.0576, 9.6768, 20.3904, 12.5568, 28.7424, 17.3952, 3.168, 6.7968, 8.2368, 18.6624, 10.5984, 15.0912, 2.88, 14.688, 7.3152, 13.9968, 1.9584, 3.3984, 0.2304, 0.2304, 0.6912, 46.08, 4.608, 11.8656, 0.9216],
      [8.877, 5.38, 0.9146, 1.8292, 2.2596, 3.1742, 5.7566, 7.1016, 4.9496, 4.842, 2.2058, 0.2152, 0.269, 0.0538, 9.0384, 19.0452, 11.7284, 26.8462, 16.2476, 2.959, 6.3484, 7.6934, 17.4312, 9.8992, 14.0956, 2.69, 13.719, 6.8326, 13.0734, 1.8292, 3.1742, 0.2152, 0.2152, 0.6456, 43.04, 4.304, 11.0828, 0.8608],
      [86.1795, 52.23, 8.8791, 17.7582, 21.9366, 30.8157, 55.8861, 68.9436, 48.0516, 47.007, 21.4143, 2.0892, 2.6115, 0.5223, 87.7464, 184.8942, 113.8614, 260.6277, 157.7346, 28.7265, 61.6314, 74.6889, 169.2252, 96.1032, 136.8426, 26.115, 133.1865, 66.3321, 126.9189, 17.7582, 30.8157, 2.0892, 2.0892, 6.2676, 417.84, 41.784, 107.5938, 8.3568],
      [22.308, 13.52, 2.2984, 4.5968, 5.6784, 7.9768, 14.4664, 17.8464, 12.4384, 12.168, 5.5432, 0.5408, 0.676, 0.1352, 22.7136, 47.8608, 29.4736, 67.4648, 40.8304, 7.436, 15.9536, 19.3336, 43.8048, 24.8768, 35.4224, 6.76, 34.476, 17.1704, 32.8536, 4.5968, 7.9768, 0.5408, 0.5408, 1.6224, 108.16, 10.816, 27.8512, 2.1632],
      [29.964, 18.16, 3.0872, 6.1744, 7.6272, 10.7144, 19.4312, 23.9712, 16.7072, 16.344, 7.4456, 0.7264, 0.908, 0.1816, 30.5088, 64.2864, 39.5888, 90.6184, 54.8432, 9.988, 21.4288, 25.9688, 58.8384, 33.4144, 47.5792, 9.08, 46.308, 23.0632, 44.1288, 6.1744, 10.7144, 0.7264, 0.7264, 2.1792, 145.28, 14.528, 37.4096, 2.9056],
      [8.1675, 4.95, 0.8415, 1.683, 2.079, 2.9205, 5.2965, 6.534, 4.554, 4.455, 2.0295, 0.198, 0.2475, 0.0495, 8.316, 17.523, 10.791, 24.7005, 14.949, 2.7225, 5.841, 7.0785, 16.038, 9.108, 12.969, 2.475, 12.6225, 6.2865, 12.0285, 1.683, 2.9205, 0.198, 0.198, 0.594, 39.6, 3.96, 10.197, 0.792]
    ],
    [
      [8.8677, 6.4629, 1.0521, 1.6533, 1.503, 2.2545, 3.9078, 4.8096, 5.4108, 4.8096, 1.3527, 0.1503, 0.3006, 0.4509, 7.515, 8.2665, 6.4629, 14.2785, 10.3707, 3.6072, 3.6072, 5.8617, 10.9719, 7.6653, 6.6132, 1.8036, 5.7114, 4.8096, 9.9198, 1.0521, 2.5551, 0.7515, 0.6012, 0.1503, 29.9097, 3.6072, 13.527, 1.503],
      [8.8323, 6.4371, 1.0479, 1.6467, 1.497, 2.2455, 3.8922, 4.7904, 5.3892, 4.7904, 1.3473, 0.1497, 0.2994, 0.4491, 7.485, 8.2335, 6.4371, 14.2215, 10.3293, 3.5928, 3.5928, 5.8383, 10.9281, 7.6347, 6.5868, 1.7964, 5.6886, 4.7904, 9.8802, 1.0479, 2.5449, 0.7485, 0.5988, 0.1497, 29.7903, 3.5928, 13.473, 1.497],
      [10.0713, 7.3401, 1.1949, 1.8777, 1.707, 2.5605, 4.4382, 5.4624, 6.1452, 5.4624, 1.5363, 0.1707, 0.3414, 0.5121, 8.535, 9.3885, 7.3401, 16.2165, 11.7783, 4.0968, 4.0968, 6.6573, 12.4611, 8.7057, 7.5108, 2.0484, 6.4866, 5.4624, 11.2662, 1.1949, 2.9019, 0.8535, 0.6828, 0.1707, 33.9693, 4.0968, 15.363, 1.707],
      [10.4961, 7.6497, 1.2453, 1.9569, 1.779, 2.6685, 4.6254, 5.6928, 6.4044, 5.6928, 1.6011, 0.1779, 0.3558, 0.5337, 8.895, 9.7845, 7.6497, 16.9005, 12.2751, 4.2696, 4.2696, 6.9381, 12.9867, 9.0729, 7.8276, 2.1348, 6.7602, 5.6928, 11.7414, 1.2453, 3.0243, 0.8895, 0.7116, 0.1779, 35.4021, 4.2696, 16.011, 1.779],
      [11.9062, 8.6774, 1.4126, 2.2198, 2.018, 3.027, 5.2468, 6.4576, 7.2648, 6.4576, 1.8162, 0.2018, 0.4036, 0.6054, 10.09, 11.099, 8.6774, 19.171, 13.9242, 4.8432, 4.8432, 7.8702, 14.7314, 10.2918, 8.8792, 2.4216, 7.6684, 6.4576, 13.3188, 1.4126, 3.4306, 1.009, 0.8072, 0.2018, 40.1582, 4.8432, 18.162, 2.018],
      [8.8264, 6.4328, 1.0472, 1.6456, 1.496, 2.244, 3.8896, 4.7872, 5.3856, 4.7872, 1.3464, 0.1496, 0.2992, 0.4488, 7.48, 8.228, 6.4328, 14.212, 10.3224, 3.5904, 3.5904, 5.8344, 10.9208, 7.6296, 6.5824, 1.7952, 5.6848, 4.7872, 9.8736, 1.0472, 2.5432, 0.748, 0.5984, 0.1496, 29.7704, 3.5904, 13.464, 1.496]
    ]
  ],
  "V_est": [
    [355.365, 156.45, 243.168, 232.887, 303.662, 198.468],
    [190.8495, 1106.1675, 313.968, 564.3195, 793.149, 196.5465],
    [264.5508, 511.86, 737.6172, 2718.246, 921.348, 234.9168],
    [200.7156, 202.6834, 271.5564, 228.2648, 18631.1304, 141.6816],
    [311.3856, 290.8428, 2823.5538, 730.8912, 981.7296, 267.597],
    [204.1074, 203.2926, 231.8106, 241.5882, 274.0444, 203.1568]
  ],
  "p_est": [
    [0.2385, 0.105, 0.1632, 0.1563, 0.2038, 0.1332],
    [0.0603, 0.3495, 0.0992, 0.1783, 0.2506, 0.0621],
    [0.0491, 0.095, 0.1369, 0.5045, 0.171, 0.0436],
    [0.0102, 0.0103, 0.0138, 0.0116, 0.9468, 0.0072],
    [0.0576, 0.0538, 0.5223, 0.1352, 0.1816, 0.0495],
    [0.1503, 0.1497, 0.1707, 0.1779, 0.2018, 0.1496]
  ],
  "EI_Z": {},
  "EI_V": 8.8791,
  "MAE_Z": {},
  "MAE_V": 179.9737,
  "MAE_p": 0.0683,
  "runtime": 153.249
}
