{
  "Z_true": {},
  "V_true": [
    [14, 683, 69, 1307, 40],
    [258, 977, 256, 12543, 354],
    [453, 236, 12059, 1006, 587],
    [927, 71, 357, 601, 120],
    [57, 143, 274, 383, 368]
  ],
  "p_true": [
    [0.0066, 0.3232, 0.0327, 0.6186, 0.0189],
    [0.0179, 0.0679, 0.0178, 0.8718, 0.0246],
    [0.0316, 0.0165, 0.8409, 0.0701, 0.0409],
    [0.4465, 0.0342, 0.172, 0.2895, 0.0578],
    [0.0465, 0.1167, 0.2237, 0.3127, 0.3004]
  ],
  "Z_est": [
    [
      [5, 0.9925, 1.994, 0.9095, 0.2887, 5, 5, 5, 0.5624, 1.9937, 1.982, 0.2125, 1, 2, 2, 22, 1.9974, 0.8375, 1.9998, 0.4519, 0, 0, 3, 3, 0.2847, 3, 0, 3, 3, 5, 3, 3, 3, 0.7577, 0.2565, 5, 6, 0, 0, 3, 0.1058, 2, 2, 0.7945, 0.1181, 4, 3, 5, 3, 4, 2, 4, 0, 4, 5, 1.788, 5, 12, 7],
      [6.6741e-18, 1.002, 7.0084, 1.9589, 0.3722, 4, 2, 3.0001, 0.1534, 0.0117, 0.9947, 0.3367, 1.9463e-08, 3.1424e-08, 0.0001, 18, 0.0001, 0.5469, 1.985, 1.1564, 0, 0, 5, 0, 0.2065, 4, 0, 3.5432e-08, 1.6594e-06, 3, 1, 5.7717e-17, 1, 0.5648, 0.3238, 4, 6, 0, 0.1915, 1.6257e-12, 0.0309, 4.0336e-09, 2.1585e-07, 0.0686, 0.0413, 4, 2, 4, 3, 2, 1, 1, 0, 5, 10, 2.1943, 12, 19, 12],
      [12, 3.99, 13.9974, 5.0423, 1.1747, 22, 34, 13, 1.363, 2.9801, 3.0003, 0.8341, 2, 7, 2.9999, 131, 4.0011, 1.66, 4.9864, 2.9948, 0, 0, 17, 4, 1.3739, 10, 0, 7, 9, 31, 9, 6, 10, 1.2172, 0.7779, 22, 34, 0, 1.3373, 13, 0.1409, 3, 2, 0.462, 0.4086, 22, 10, 17, 16, 15, 4, 17, 0, 24, 35, 4.8438, 27, 66, 45],
      [8, 5.0031, 26.9993, 11.0479, 1.0998, 38, 31, 18.9999, 2.9212, 2.0139, 6.0132, 1.4043, 3, 10, 4, 156, 2.0013, 3.8608, 5.0275, 3.2852, 0, 0, 21, 8, 1.0332, 24, 0, 6, 10, 25, 14, 10, 9, 2.2889, 1.511, 23, 33, 0, 1.2332, 13, 0.7122, 4, 2, 0.6186, 0.3941, 23, 19, 23, 19, 20, 7, 19, 0, 28, 44, 5.1251, 53, 100, 64],
      [1, 0.0124, 2.0009, 0.0415, 0.0647, 4, 3, 2, 0, 0.0006, 0.0097, 0.2124, 8.1564e-06, 8.3943e-10, 3.3735e-07, 13, 0.0001, 0.0947, 0.0013, 0.1117, 0, 0, 1, 0, 0.1016, 1, 0, 3.5552e-08, 1, 3, 3.869e-10, 9.845e-17, 9.7007e-08, 0.1715, 0.1308, 2, 3, 0, 0.2381, 1, 0.0101, 5.9223e-08, 3.2886e-09, 0.0564, 0.0379, 2, 1, 2, 2, 2, 9.4695e-07, 2, 0, 3.7246e-11, 2, 0.0488, 2, 10, 5]
    ],
    [
      [19, 0.9925, 0.0005, 0.0311, 1.5505, 24, 46, 11, 0.5238, 1.9981, 1.9987, 0.4662, 9, 9, 4.0001, 118, 4.9972, 1.7742, 2.0008, 0.7541, 0.561, 0.4492, 11, 7.9992, 1.3462, 17, 0.4462, 8, 11, 21, 16, 16, 10, 1.496, 1.9612, 22, 21, 0.4778, 0, 12, 0.5498, 8, 9, 1.5925, 0.8328, 18, 12, 20, 23, 15, 7, 19, 1.476, 9, 8, 0.9598, 7, 64, 44],
      [8, 4.9826, 9.9938, 9.1745, 1.9888, 26, 28, 17, 0.4126, 2.9758, 4.9864, 1.0272, 6, 10, 7.9995, 114, 4, 0.7618, 6.0042, 3.1542, 0, 0, 21, 6.9986, 3.4218, 31, 1.3112, 8, 9, 17, 14, 13, 11, 2.3798, 2.1198, 26, 36, 0.4932, 0.9472, 10, 1.9568, 7, 7, 0.2787, 0.4067, 27, 17, 24, 24, 17, 13, 13, 0.6833, 15, 30, 4.544, 42, 134, 97],
      [119, 13.981, 15.9962, 19.8701, 10.9502, 129, 404, 52.9999, 2.7349, 31.0289, 11.02, 2.8085, 72, 105, 46.0008, 795, 57.0062, 18.3635, 14.9449, 7.9889, 1.0332, 1.2306, 84, 29.0014, 11.7404, 97, 7.3409, 78, 102, 163, 87, 148, 93, 4.4066, 8.0714, 130, 182, 5.3794, 6.3598, 112, 24.4306, 79, 71, 2.2141, 8.6802, 142, 74, 106, 173, 103, 42, 155, 3.439, 93, 92, 10.9863, 92, 445, 377],
      [84, 16.0377, 31.009, 42.969, 8.7302, 222, 368, 79.0001, 6.3287, 23.9944, 22.9946, 4.7635, 91, 148, 65.9992, 948, 38.9998, 31.7806, 16.0489, 7.8263, 3.8813, 1.3202, 103, 60.0003, 10.1352, 233, 11.106, 64, 105, 134, 136, 240, 78, 9.9083, 12.8, 136, 177, 5.6496, 5.5282, 110, 16.6902, 108, 74, 2.647, 7.3827, 152, 141, 144, 203, 134, 74, 176, 12.7573, 106, 116, 10.316, 176, 675, 529],
      [17, 1.0062, 2.0006, 1.9553, 0.7803, 23, 40, 9, 0, 2.0028, 3.0004, 0.9346, 3, 7, 6.0005, 80, 2.9968, 3.3199, 2.0012, 0.2765, 0.5245, 0, 8, 5.0006, 1.3564, 15, 0.7957, 9, 10, 16, 7, 15, 5, 0.8092, 1.0476, 11, 18, 0, 1.1648, 9, 3.3727, 6, 9, 0.2677, 0.6976, 13, 14, 15, 24, 15, 7, 21, 0.6445, 3, 6, 0.1939, 9, 68, 48]
    ],
    [
      [30, 1.0021, 0.0052, 0.0566, 0.9947, 16, 56, 9, 0.6956, 5.0033, 1.0094, 0.2874, 7, 6, 2.9998, 118, 8.0039, 1.3085, 1.9946, 0.7203, 0.3785, 0.5508, 11, 5.0008, 2.1049, 9, 0.3489, 11, 15, 37, 11, 11, 14, 1.2264, 1.4412, 27, 27, 0.4159, 0, 16, 1.3318, 6, 11, 3.721, 0.9491, 21, 8, 19, 23, 14, 5, 22, 0.4047, 10, 8, 1.1506, 4, 45, 34],
      [11, 4.0052, 8.9905, 3.8012, 2.4641, 18, 37, 13, 0.361, 3.0104, 2.0004, 0.58, 6, 7, 5, 115, 3.9997, 0.448, 3.9818, 3.3671, 0, 0, 20, 4.0008, 3.0159, 15, 1.3273, 8, 8, 31, 10, 7, 15, 1.5797, 1.3592, 30, 43, 0.4044, 0.8303, 10, 1.8782, 5, 5, 0.4816, 0.5024, 31, 11, 22, 24, 14, 8, 14, 0.2648, 17, 32, 3.6918, 25, 95, 76],
      [190, 19.0005, 17.007, 12.8997, 15.5154, 93, 517, 45.0001, 3.7215, 53.9675, 7.976, 2.1066, 72, 81, 42.9996, 802, 86.9963, 12.3623, 16.0435, 10.8606, 0.8089, 1.7694, 86, 21.9978, 15.5488, 51, 7.8871, 115, 136, 290, 66, 110, 143, 3.6776, 6.4951, 160, 225, 5.2097, 7.8606, 153, 40.3019, 70, 85, 5.546, 10.5329, 178, 54, 102, 175, 101, 31, 185, 1.2016, 108, 108, 12.8766, 61, 319, 298],
      [134, 20.9963, 30.9995, 24.2081, 9.9895, 157, 470, 66, 7.2219, 46.0072, 14.013, 3.3376, 90, 112, 58.001, 954, 59.9979, 21.0457, 16.9577, 9.2326, 2.5006, 1.6798, 103, 42.0003, 11.4387, 121, 9.8116, 92, 139, 237, 102, 174, 119, 7.0457, 9.1194, 168, 221, 4.97, 5.8945, 147, 25.3265, 92, 85, 5.722, 8.0898, 189, 99, 137, 207, 129, 51, 209, 3.9022, 122, 132, 11.1459, 113, 481, 418],
      [27, 0.9959, 1.9979, 1.0343, 1.0363, 16, 51, 7, 0, 3.0116, 2.0011, 0.6885, 3, 5, 4.9996, 80, 5.0022, 1.8356, 2.0223, 0.8194, 0.312, 0, 8, 3.0003, 1.8916, 7, 0.6251, 14, 14, 28, 5, 11, 8, 0.4706, 0.5852, 14, 23, 0, 1.4147, 13, 5.1616, 5, 10, 0.5294, 0.9257, 16, 10, 14, 24, 14, 5, 25, 0.2267, 3, 7, 0.1351, 5, 48, 38]
    ],
    [
      [5, 0.0012, 0.0001, 0.0014, 0.1285, 2, 7, 2, 0.2182, 0.003, 0.0024, 0, 4.106e-06, 3.2012e-08, 0.0002, 16, 0.0002, 0.0557, 0.0034, 0.0186, 0, 0, 1, 1, 0.0679, 2, 0.1456, 2, 2, 4, 2, 1, 1, 0.2708, 0.3007, 6, 4, 0.1063, 0, 1, 0.0068, 1, 1, 0.892, 0.0461, 2, 1, 3, 2, 3, 1, 2, 0.0798, 1, 1.9762e-07, 0.0692, 2.6781e-10, 5, 5],
      [1, 0.0136, 0.0024, 0.0378, 0.1405, 3, 5, 3, 0.073, 0.0018, 0.0101, 0, 1.5796e-06, 6.4089e-08, 0.0002, 16, 0.0002, 0.2352, 0.0113, 0.0653, 0, 0, 2, 2.0081e-06, 0.112, 3, 0.1914, 1, 1, 3, 1, 1, 1, 0.3144, 0.1587, 7, 7, 0.1024, 0, 1, 0.0471, 6.7123e-08, 4.1514e-07, 0.1711, 0.0153, 4, 2, 3, 2, 3, 1, 1, 0.0231, 2, 3, 0.3579, 2, 12, 11],
      [38, 1.0101, 0.9979, 0.113, 1.7914, 15, 74, 11, 1.1806, 5.0015, 2.0018, 0, 8, 9, 4.9996, 114, 6.9974, 2.4809, 2.0252, 0.584, 0, 0, 10, 4.0008, 0.7664, 12, 1.4057, 20, 18, 33, 12, 15, 13, 1.2518, 1.2141, 40, 38, 1.4109, 0, 15, 2.0212, 12, 10, 1.7779, 0.4999, 23, 12, 18, 16, 21, 6, 21, 0.1816, 13, 9, 2.2554, 5, 41, 43],
      [27, 1.9711, 0.9994, 2.815, 0.8688, 29, 66, 18, 2.5282, 5.0002, 4.9937, 0, 10, 15, 9.9999, 138, 7.0012, 5.2197, 3.9569, 0.3084, 0, 0, 13, 10.9994, 0.996, 30, 2.0012, 19, 22, 27, 20, 28, 12, 2.8912, 2.1407, 43, 39, 1.3803, 0, 15, 1.7535, 18, 11, 2.0125, 0.3916, 27, 25, 27, 22, 30, 13, 25, 0.6937, 17, 14, 2.2905, 13, 62, 62],
      [5, 0.004, 0.0002, 0.0329, 0.0707, 2, 7, 1, 0, 0.9936, 0.992, 0, 2.4219e-08, 9.0994e-10, 0.0001, 11, 1.0011, 1.0085, 0.0031, 0.0237, 0, 0, 4.1453e-11, 0.9997, 0.0577, 2, 0.2561, 2, 1, 3, 1, 1, 7.13e-07, 0.2719, 0.1858, 4, 4, 0, 0, 1, 0.1714, 6.6755e-08, 1, 0.1466, 0.0472, 2, 3, 2, 2, 3, 1, 3, 0.0217, 1, 1, 0.0271, 1, 6, 5]
    ],
    [
      [1, 0.0117, 0.0002, 0.0014, 0.0376, 1, 2, 1, 0, 0.0019, 0.0074, 0.0339, 7.8851e-07, 3.2189e-08, 1.3215e-06, 8, 0.0012, 0.0242, 0.0013, 0.0551, 0.0605, 0, 1, 0, 0.1962, 1, 0.0593, 5.3347e-08, 1, 2, 1.2723e-07, 1, 2.9895e-10, 0.2491, 0.0404, 2, 2, 0, 0, 8.1237e-13, 0.0058, 9.7892e-09, 1.2827e-07, 0, 0.0538, 2, 1, 1, 2, 1, 2.1877e-06, 1, 0.0395, 4.364e-09, 6.609e-08, 0.0323, 1.3391e-10, 5, 4],
      [3.8843e-13, 0.9965, 1.0049, 0.0275, 0.0344, 1, 1, 2, 0, 0.0003, 0.0085, 0.0562, 4.092e-06, 1.1152e-10, 0.0001, 8, 1.7571e-06, 0.0081, 0.0178, 0.257, 0, 0, 2, 0.0006, 0.2438, 1, 0.1701, 1.7774e-08, 1.3263e-13, 2, 1.2529e-10, 1.2591e-16, 1.2798e-06, 0.1613, 0.0385, 2, 3, 0, 0.031, 6.835e-15, 0.087, 7.1099e-10, 2.9046e-07, 0, 0.0343, 3, 1, 1, 2, 1, 1.8404e-06, 1, 0.0288, 1, 3, 0.2121, 3, 11, 9],
      [12, 3.0184, 2.0016, 1.075, 0.5683, 9, 25, 7.0001, 0, 2.0221, 1.0018, 0.2508, 4, 4, 3.0001, 59, 1.999, 0.1333, 1.9998, 2.5717, 0.1579, 0, 10, 2, 2.5704, 6, 1.3663, 8, 11, 22, 2, 9, 6, 0.4469, 0.4415, 12, 17, 0, 0.4423, 8, 1.1054, 4, 5, 0, 0.8784, 19, 6, 9, 15, 7, 2, 14, 0.1778, 8, 11, 1.0379, 7, 37, 36],
      [9, 4.9918, 5.9929, 3.96, 0.3117, 16, 24, 10, 0, 1.9844, 2.9855, 0.4947, 6, 5, 3.9999, 71, 0.9999, 1.0932, 2.0089, 2.3475, 0.6181, 0, 13, 5, 1.3969, 15, 2.0813, 6, 11, 20, 3, 16, 5, 0.866, 0.4289, 12, 17, 0, 0.3442, 9, 1.5177, 5, 7, 0, 0.7418, 21, 12, 13, 18, 9, 5, 16, 0.6468, 9, 13, 1.1224, 13, 58, 51],
      [3, 0.9815, 1.0004, 0.9361, 0.048, 4, 4, 3, 0, 0.9914, 1.9968, 0.1644, 1, 2, 1.9998, 8, 0.9999, 0.7413, 1.9721, 0.7687, 0.1635, 0, 3, 1.9994, 0.5927, 3, 0.3231, 4, 3, 3, 2, 3, 2, 0.2768, 0.0507, 2, 3, 0, 0.1825, 2, 0.2842, 2, 2, 0, 0.2916, 3, 2, 3, 4, 2, 3, 3, 0.1071, 2, 3, 0.5952, 2, 7, 7]
    ]
  ],
  "V_est": [
    [170.3271, 145.1483, 755.5858, 973.5937, 68.3452],
    [705.2356, 955.0022, 5374.0079, 6751.6041, 602.1502],
    [704.106, 844.3459, 5653.1706, 6540.6549, 598.7225],
    [88.4183, 104.0848, 790.969, 1010.213, 82.315],
    [40.9131, 61.4188, 441.2667, 563.9343, 117.4672]
  ],
  "p_est": [
    [0.0806, 0.0687, 0.3576, 0.4608, 0.0323],
    [0.049, 0.0664, 0.3735, 0.4693, 0.0419],
    [0.0491, 0.0589, 0.3942, 0.4561, 0.0417],
    [0.0426, 0.0501, 0.381, 0.4866, 0.0397],
    [0.0334, 0.0501, 0.3602, 0.4604, 0.0959]
  ],
  "EI_Z": {},
  "EI_V": 41.9265,
  "MAE_Z": {},
  "MAE_V": 1145.1959,
  "MAE_p": 0.1576,
  "runtime": 0.4334
}
