{
  "Z_true": {},
  "V_true": [
    [387, 53, 423, 19, 47],
    [354, 72, 16038, 502, 459],
    [136, 2660, 396, 117, 234],
    [79, 111, 707, 50, 493],
    [74, 122, 613, 168, 491]
  ],
  "p_true": [
    [0.4166, 0.0571, 0.4553, 0.0205, 0.0506],
    [0.0203, 0.0041, 0.9204, 0.0288, 0.0263],
    [0.0384, 0.7508, 0.1118, 0.033, 0.066],
    [0.0549, 0.0771, 0.491, 0.0347, 0.3424],
    [0.0504, 0.0831, 0.4176, 0.1144, 0.3345]
  ],
  "Z_est": [
    [
      [17.4511, 12.7063, 2.5163, 12.9677, 10.9009, 9.4935, 3.6108, 10.2937, 13.5065, 5.3479, 8.0902, 0, 7.6238, 52.0757, 66.9775, 57.6769, 15.71, 8.8944, 11.1019, 17.6521, 9.2282, 0.696, 4.7488, 16.5182, 8.6934, 1.6549, 65.9119, 9.2282, 0.6286, 6.3532, 44.07, 3.2087],
      [4.5161, 2.0818, 1.5312, 4.7822, 1.7695, 2.8932, 0.7299, 3.183, 3.4953, 1.4229, 2.3113, 0.5595, 1.7435, 16.5018, 22.1475, 21.2048, 5.3559, 2.3071, 2.4999, 4.9115, 2.1457, 0.1041, 0.7286, 3.4848, 1.9483, 0.4246, 22.2114, 2.3935, 0.1715, 1.0881, 8.7383, 1.2538],
      [0.3071, 0.087, 0.2858, 1.3018, 0.0739, 0.2893, 0.0261, 1.5327, 0.321, 0.9338, 0.0609, 1.394, 0.0522, 7.8951, 12.3705, 13.4648, 1.5635, 0.0609, 0.0739, 0.1305, 0.1132, 0.0043, 0.0304, 0.1131, 0.0609, 0.04, 6.3707, 0.0652, 0.0043, 0.0435, 0.3045, 0.3042],
      [0, 0, 0, 0, 0, 0, 0, 0, 0, 0, 0, 0, 0, 0, 0, 0, 0, 0, 0, 0, 0, 0, 0, 0, 0, 0, 0, 0, 0, 0, 0, 0],
      [7.7258, 5.1249, 1.6668, 5.9483, 4.2557, 4.324, 1.6331, 4.9906, 5.6772, 2.2953, 3.5376, 1.0465, 2.5805, 20.5273, 27.5046, 25.6535, 6.3706, 2.7376, 3.3243, 7.3059, 3.513, 0.1955, 1.4921, 5.8839, 3.2975, 0.8805, 29.506, 3.3131, 0.1955, 2.5153, 16.8872, 1.2332]
    ],
    [
      [6.1461, 4.383, 0, 0, 4.4895, 2.6478, 0, 0.5258, 4.398, 1.7287, 2.9946, 0, 3.9635, 2.7363, 3.9225, 1.603, 1.1724, 4.3687, 6.1703, 4.5602, 5.7502, 0.4587, 1.3141, 6.5226, 2.6995, 0.0998, 2.6049, 5.3324, 2.1509, 3.1231, 19.0816, 0],
      [0, 3.3966, 1.7449, 0.1956, 4.498, 3.7132, 1.2228, 0, 0, 0.8473, 0, 0, 0, 5.8435, 12.1831, 0.8556, 1.5886, 0.229, 0.3537, 0, 1.4778, 0, 0.852, 2.1979, 8.4732, 0, 5.8558, 5.9835, 0, 4.9104, 3.4248, 1.2124],
      [763.6517, 683.347, 12.1375, 730.1593, 524.4845, 586.5401, 310.0105, 704.5622, 716.6178, 194.59, 750.1178, 234.1251, 643.3517, 444.3095, 325.7069, 259.5746, 446.4904, 703.3045, 799.7466, 568.402, 554.779, 59.9907, 208.9001, 377.548, 198.5213, 16.3343, 2543.3994, 169.8411, 10.38, 458.7136, 1478.8448, 53.6514],
      [14.5867, 21.8413, 0.4305, 28.287, 15.4478, 21.5337, 7.7369, 19.4392, 15.095, 3.3343, 26.2584, 4.7392, 17.0275, 13.1108, 9.2782, 7.115, 14.7486, 19.4618, 19.1123, 18.8375, 13.8648, 0.4564, 6.1507, 11.7316, 8.1836, 0.4564, 53.6337, 9.5723, 0, 10.3136, 41.4489, 1.1363],
      [12.6154, 18.0321, 0.687, 4.3581, 8.0802, 5.5652, 1.0298, 9.4728, 12.8892, 2.4997, 16.6293, 6.1357, 10.6572, 0, 4.9092, 3.8518, 0, 16.6361, 13.6171, 12.2003, 3.1282, 1.0942, 1.7832, 0, 1.1224, 0.1095, 47.5062, 1.2707, 1.4691, 4.9392, 40.1999, 0]
    ],
    [
      [12.7799, 12.4056, 0.4332, 9.6452, 10.1719, 6.5389, 4.2545, 6.8775, 10.6073, 2.7551, 5.629, 0, 6.1097, 41.5382, 46.0968, 30.1882, 12.6126, 7.3834, 9.2732, 15.1479, 5.6681, 0.8117, 5.7351, 15.3027, 8.2704, 1.2453, 51.4294, 6.4136, 0.7057, 5.2712, 38.1145, 2.6903],
      [57.4839, 91.5216, 6.9847, 92.0221, 73.7325, 43.3936, 36.5669, 45.817, 45.5047, 14.7297, 35.6887, 10.4405, 20.2565, 262.6547, 353.6694, 374.9396, 97.0555, 45.464, 36.1465, 104.0885, 22.3765, 3.8959, 45.3407, 108.4888, 63.825, 4.5754, 385.9328, 38.623, 2.8285, 36.0016, 204.8369, 25.5338],
      [1.847, 5.6623, 0.1364, 5.4359, 3.315, 0.9378, 2.3138, 4.9275, 20.2558, 0.324, 0.7844, 2.5508, 2.973, 13.3198, 1.8535, 12.5832, 4.824, 2.1733, 0.8526, 8.3626, 0.5286, 0.3982, 2.1756, 6.421, 1.33, 0.7529, 23.7727, 0.8355, 0.0682, 0.7673, 11.4085, 0.8893],
      [2.945, 4.4564, 0.2438, 6.7765, 3.4325, 2.7411, 1.7033, 2.8126, 3.1111, 0.7115, 2.7365, 0.6552, 1.8528, 9.8154, 7.5792, 10.4167, 4.1318, 3.4644, 2.4653, 8.8088, 1.6441, 0.2179, 1.9409, 4.4516, 2.6052, 0.2179, 16.4934, 1.8907, 0, 1.8237, 9.7978, 0.8866],
      [1.9441, 2.9541, 0.202, 4.1203, 2.3481, 1.3887, 1.1614, 1.5654, 2.521, 0.4797, 1.1614, 0.3535, 0.8079, 3.6718, 9.8011, 17.8723, 1.3761, 1.5149, 1.2624, 3.5921, 0.7827, 1.6763, 2.8077, 3.3359, 1.9694, 0.2085, 12.3717, 1.2372, 0.3976, 1.1362, 6.8423, 0]
    ],
    [
      [0.5773, 0.4681, 0.0468, 0.3589, 0.4057, 0.2965, 0.1248, 0.2808, 0.4525, 0.156, 0.2652, 0, 0.2808, 1.5291, 1.8567, 1.4198, 0.4681, 0.3277, 0.4213, 0.5929, 0.3277, 0.0312, 0.1872, 0.6085, 0.3121, 0, 1.9035, 0, 0.5098, 0.234, 1.6071, 0.0936],
      [0, 0, 0.7392, 0, 0, 0, 0, 0, 0, 0, 0, 0, 0, 0, 0, 0, 0, 0, 0, 0, 0, 0, 0, 1.8286, 0.3175, 0, 0, 0, 0, 0, 0, 0],
      [29.4526, 25.1635, 2.7559, 44.6785, 20.3308, 31.5183, 12.1861, 25.965, 32.0917, 6.1685, 16.9812, 6.8986, 28.9625, 54.7462, 65.201, 60.4681, 21.414, 27.1429, 30.2711, 42.2586, 15.1522, 1.0613, 3.7146, 44.2179, 14.1917, 0.5307, 154.0609, 6.8986, 2.8631, 10.7382, 46.6983, 3.4847],
      [3.6049, 5.4073, 0.1386, 7.2098, 3.8822, 4.9914, 1.9411, 4.5754, 3.7435, 0.8319, 5.9619, 1.1092, 3.8822, 4.7141, 3.4662, 3.6049, 3.8822, 4.7141, 4.4368, 5.6846, 3.1889, 0.1386, 1.6638, 3.3276, 2.2184, 0.1386, 14.4196, 2.357, 0, 2.4957, 10.5374, 0.4159],
      [20.3652, 14.961, 1.3194, 16.7528, 11.3814, 13.1938, 5.748, 13.1787, 14.7123, 3.8435, 8.7916, 4.9922, 11.8745, 21.0106, 28.4761, 30.5071, 9.2357, 12.8154, 13.8709, 18.4638, 7.3312, 0.7688, 1.4343, 13.0174, 6.9603, 0.3307, 66.616, 3.7443, 1.6271, 6.5321, 29.1573, 1.0057]
    ],
    [
      [0.0456, 0.0369, 0.0037, 0.0283, 0.032, 0.0234, 0.0099, 0.0222, 0.0357, 0.0123, 0.0209, 0, 0.0222, 0.1207, 0.1465, 0.1121, 0.0369, 0.0259, 0.0332, 0.0468, 0.0259, 0.0025, 0.0148, 0.048, 0.0246, 0, 0.1502, 0.0259, 0.0049, 0.0185, 0.1268, 0.0074],
      [0, 0, 0, 0, 0, 0, 0.4804, 0, 0, 0, 0, 0, 0, 0, 0, 0, 0, 0, 0, 0, 0, 0, 1.0788, 0, 1.436, 0, 0, 0, 0, 0, 0, 0],
      [56.7417, 15.7401, 0.6844, 16.4245, 16.7958, 22.7145, 14.4634, 19.0127, 14.7136, 6.9837, 15.0558, 9.0314, 12.6605, 22.7294, 26.8681, 35.9093, 15.708, 12.3184, 15.0558, 19.8463, 11.4271, 3.5454, 9.1792, 12.7, 12.8961, 0.3422, 70.3964, 7.3595, 0.6844, 9.7374, 44.744, 9.6705],
      [4.8633, 7.295, 0.1871, 9.7267, 5.2374, 6.7338, 2.6187, 6.1727, 5.0504, 1.1223, 8.0432, 1.4964, 5.2374, 6.3597, 4.6763, 4.8633, 5.2374, 6.3597, 5.9856, 7.6691, 4.3022, 0.1871, 2.2446, 4.4892, 2.9928, 0.1871, 19.4533, 3.1799, 0, 3.3669, 14.2159, 0.5612],
      [50.3494, 22.9279, 1.1249, 21.8205, 21.9347, 25.5283, 13.4276, 24.7924, 23.2003, 7.8817, 20.8801, 10.4722, 19.0798, 32.7902, 43.3091, 51.1153, 18.0176, 17.296, 22.9253, 30.4378, 14.2449, 4.2651, 12.4827, 17.7627, 14.6505, 0.4708, 107.0001, 9.4348, 1.3107, 12.8772, 66.9133, 0.761]
    ]
  ],
  "V_est": [
    [515.5375, 150.6404, 49.6791, 0, 213.143],
    [104.9481, 71.0594, 16532.1336, 454.3702, 262.4887],
    [392.1061, 2790.4197, 144.7805, 122.8298, 92.8639],
    [16.1437, 2.8854, 888.2675, 118.6841, 414.0194],
    [1.2647, 2.9951, 562.1394, 160.1159, 741.4849]
  ],
  "p_est": [
    [0.5549, 0.1622, 0.0535, 0, 0.2294],
    [0.006, 0.0041, 0.9488, 0.0261, 0.0151],
    [0.1107, 0.7876, 0.0409, 0.0347, 0.0262],
    [0.0112, 0.002, 0.6169, 0.0824, 0.2875],
    [0.0009, 0.002, 0.3829, 0.1091, 0.5051]
  ],
  "EI_Z": {},
  "EI_V": 7.1729,
  "MAE_Z": {},
  "MAE_V": 142.3397,
  "MAE_p": 0.0724,
  "runtime": 0.5969
}
