{
  "X": [
    [11, 17, 79, 69, 343, 24],
    [8, 12, 93, 66, 170, 27],
    [23, 23, 151, 83, 266, 48],
    [14, 9, 40, 71, 115, 7],
    [14, 14, 94, 64, 89, 14],
    [3, 4, 13, 8, 34, 8],
    [5, 10, 87, 126, 100, 7],
    [16, 10, 91, 93, 138, 21],
    [17, 24, 120, 227, 313, 27],
    [23, 64, 216, 319, 409, 31],
    [53, 105, 749, 877, 830, 75],
    [19, 21, 132, 144, 150, 19],
    [7, 7, 30, 23, 70, 7],
    [5, 1, 24, 24, 31, 2],
    [29, 41, 89, 169, 324, 26],
    [24, 23, 68, 110, 190, 14],
    [7, 12, 57, 52, 158, 13],
    [5, 5, 14, 16, 75, 1],
    [22, 24, 101, 129, 324, 23],
    [82, 69, 394, 436, 739, 69],
    [71, 103, 627, 568, 1063, 79],
    [44, 35, 305, 237, 439, 32],
    [15, 5, 52, 57, 213, 21],
    [2, 1, 12, 20, 57, 4],
    [12, 8, 84, 68, 111, 22],
    [35, 26, 83, 154, 260, 29],
    [3, 7, 36, 45, 54, 3],
    [11, 10, 47, 70, 127, 9],
    [47, 33, 96, 165, 263, 27],
    [38, 40, 238, 287, 675, 73],
    [58, 74, 500, 528, 995, 117],
    [3, 2, 8, 21, 83, 9],
    [9, 13, 78, 39, 91, 13],
    [10, 2, 25, 23, 138, 5],
    [3, 2, 22, 12, 71, 6],
    [52, 91, 287, 470, 665, 54],
    [44, 60, 226, 315, 527, 34],
    [22, 50, 106, 154, 263, 15],
    [5, 0, 33, 11, 54, 4],
    [4, 3, 18, 9, 49, 1],
    [8, 17, 70, 41, 123, 8],
    [3, 2, 18, 9, 26, 2],
    [3, 3, 71, 76, 112, 11],
    [29, 36, 252, 326, 615, 51],
    [14, 7, 45, 77, 94, 22],
    [157, 104, 490, 473, 876, 126],
    [9, 2, 23, 17, 63, 10]
  ],
  "W": [
    [47, 30, 112, 191, 90, 45, 28],
    [24, 13, 125, 78, 80, 24, 32],
    [32, 39, 190, 141, 102, 48, 42],
    [15, 26, 60, 76, 51, 15, 13],
    [8, 19, 106, 48, 75, 18, 15],
    [3, 4, 18, 21, 10, 5, 9],
    [11, 4, 119, 62, 109, 15, 15],
    [21, 33, 97, 74, 99, 19, 26],
    [30, 29, 233, 170, 161, 69, 36],
    [44, 38, 331, 202, 278, 111, 58],
    [62, 61, 1066, 532, 707, 177, 84],
    [18, 24, 168, 99, 131, 28, 17],
    [12, 7, 55, 36, 22, 9, 3],
    [7, 7, 29, 15, 26, 1, 2],
    [26, 38, 159, 197, 144, 90, 24],
    [21, 31, 91, 112, 108, 50, 16],
    [12, 13, 81, 88, 62, 23, 20],
    [9, 5, 24, 48, 22, 6, 2],
    [40, 37, 122, 181, 151, 60, 32],
    [66, 133, 603, 328, 421, 131, 107],
    [108, 116, 908, 568, 527, 197, 87],
    [42, 49, 428, 205, 233, 80, 55],
    [29, 29, 69, 137, 63, 14, 22],
    [15, 6, 15, 29, 28, 0, 3],
    [20, 16, 101, 55, 79, 14, 20],
    [59, 55, 124, 141, 135, 50, 23],
    [11, 9, 53, 25, 20, 23, 7],
    [13, 20, 75, 70, 52, 29, 15],
    [42, 54, 143, 154, 140, 62, 36],
    [59, 59, 360, 374, 293, 118, 88],
    [99, 103, 636, 575, 547, 159, 153],
    [13, 3, 19, 47, 23, 9, 12],
    [5, 6, 84, 56, 57, 17, 18],
    [14, 13, 44, 90, 33, 4, 5],
    [5, 3, 28, 49, 15, 10, 6],
    [60, 85, 485, 307, 401, 196, 85],
    [67, 83, 357, 249, 269, 124, 57],
    [39, 38, 181, 103, 126, 101, 22],
    [8, 4, 45, 22, 10, 7, 11],
    [8, 6, 24, 23, 15, 4, 4],
    [13, 13, 102, 48, 53, 21, 17],
    [1, 7, 21, 20, 9, 1, 1],
    [4, 4, 92, 90, 66, 7, 13],
    [79, 59, 363, 331, 328, 92, 57],
    [6, 15, 69, 71, 71, 13, 14],
    [115, 205, 704, 507, 388, 187, 120],
    [6, 16, 34, 35, 21, 8, 4]
  ],
  "method": "mult",
  "cond_prob": [
    [
      [0, 0, 0, 0, 0.98788850134, 0.012111498663],
      [0.36666666667, 0.03908498768, 0.0054378402553, 0.003969330418, 0.5068723151, 0.077968859884],
      [0, 0.021009580726, 0.50984730151, 0.092914701485, 0.3697103768, 0.0065180394706],
      [0, 0, 0, 0, 0.94579477551, 0.05420522449],
      [0, 0.0043237581727, 0.23938036428, 0.55521863267, 0.19589800118, 0.0051792436998],
      [0, 0.29078309095, 0, 0.18899547957, 0.51807210237, 0.0021493271101],
      [0, 0, 0.0067762227713, 0, 0.65588006955, 0.33734370768]
    ],
    [
      [0, 0, 0, 0, 0.97906240634, 0.020937593658],
      [0.47554014852, 0.036818507231, 0.0077200140907, 0.0057341233316, 0.37241245891, 0.10177474791],
      [0.013237447925, 0.026211176773, 0.57624039062, 0.12822862707, 0.23776454129, 0.018317816326],
      [0, 0, 0, 0, 0.9108385733, 0.089161426697],
      [0.0018217617315, 0.004947070597, 0.25837421854, 0.56193757513, 0.16023587414, 0.012683499863],
      [0.00073150583302, 0.3270498609, 0, 0.20591133343, 0.46203506054, 0.0042722392907],
      [0, 0, 0.006239172086, 0, 0.53085789122, 0.46290293669]
    ],
    [
      [0, 0, 0, 0, 0.97472707125, 0.025272928753],
      [0.49535157293, 0.036017686546, 0.0090557154153, 0.0022928727084, 0.34122809645, 0.11605405594],
      [0.017240680739, 0.023361338734, 0.62674807104, 0.10658526727, 0.20470334184, 0.021361300386],
      [0, 0, 0, 0, 0.8907658938, 0.1092341062],
      [0.0034109930725, 0.0049399763784, 0.30420483253, 0.52507848327, 0.14862942366, 0.01373629109],
      [0.0012007921189, 0.34693288072, 0.0017522348554, 0.18961191437, 0.45451194472, 0.0059902332102],
      [0, 0, 0.010754605009, 0, 0.47696279582, 0.51228259917]
    ],
    [
      [0, 0.00062333865603, 0.003172999584, 0.014177423064, 0.97569886578, 0.0063273729186],
      [0.53846153846, 0.049666565291, 0.01174798137, 0.033130144762, 0.32591287765, 0.041080892467],
      [0, 0.040500700179, 0.49310704026, 0.32673491929, 0.13769530667, 0.0019620336043],
      [0, 0.0033948352673, 0.017631849366, 0.071250110157, 0.88098808649, 0.026735118716],
      [0, 0.00057362242385, 0.16478759663, 0.77885744981, 0.055781331127, 0],
      [0, 0.33128314062, 0.0036124462818, 0.33444143512, 0.33066297798, 0],
      [0, 0.00098214451073, 0.020166184648, 0.012961530297, 0.68224435874, 0.2836457818]
    ],
    [
      [0.0010273245196, 0.00044590005156, 0.0032541719383, 0.002197061094, 0.97246479324, 0.020610749157],
      [0.5796942971, 0.048321308719, 0.013992761666, 0.0068066799903, 0.26837738025, 0.082807572273],
      [0.021204546178, 0.04053981815, 0.65283212567, 0.15133607384, 0.13029710516, 0.0037903310081],
      [0.0047555955224, 0.0026110990522, 0.020331264499, 0.009591735587, 0.87360907233, 0.089101233011],
      [0.0059951876441, 0.0102449093, 0.30758375769, 0.58049210229, 0.092472525375, 0.0032115177031],
      [0.0019026684535, 0.437483517, 0.0064485754205, 0.21120425536, 0.34154809948, 0.0014128842863],
      [0.0011834782326, 0.00084686345965, 0.023142796793, 0.00083234589737, 0.48620517447, 0.48778934115]
    ],
    [
      [0, 0, 0, 0, 0.97580793599, 0.024192064013],
      [0.6034682246, 0.049825879704, 0.0032432255617, 0.00098394463745, 0.25647280549, 0.086005919999],
      [0.029029210011, 0.060056466182, 0.57023340268, 0.10020007741, 0.2198927188, 0.020588124916],
      [0, 0, 0, 0, 0.88843450538, 0.11156549462],
      [0.0055180281942, 0.013795257747, 0.27228258495, 0.54900039432, 0.14598325665, 0.013420478153],
      [0.0016842078888, 0.51485266843, 0, 0.14049177699, 0.33744271933, 0.0055286273604],
      [0, 0.00082935225448, 0, 0, 0.47604947284, 0.52312117491]
    ],
    [
      [0.00069891517933, 0.00027600888379, 0.0022707514153, 0.0081728488368, 0.97849823244, 0.01008324324],
      [0.61170671009, 0.040060111551, 0.0081386379664, 0.014788712974, 0.28132721382, 0.043978613604],
      [0.013553324486, 0.033094409559, 0.54018695698, 0.30022901203, 0.11293629695, 0],
      [0.014551048788, 0.0055302459253, 0.014026848768, 0.042760024692, 0.89429818031, 0.028833651513],
      [0, 0.0037697487021, 0.19642504599, 0.75672764612, 0.043077559187, 0],
      [0.0011686991805, 0.34231370458, 0.0032386339737, 0.32330807831, 0.32997088396, 0],
      [0.00086293108397, 0.0006670196022, 0.022109677077, 0.0093090164474, 0.63868579071, 0.32836556508]
    ],
    [
      [0, 0, 0.0050095042456, 0.0060502445886, 0.97148963417, 0.017450616997],
      [0.48484848485, 0.038455673707, 0.02805739036, 0.016768135946, 0.34060014047, 0.091270174671],
      [0, 0.028112865217, 0.62685672331, 0.20832464037, 0.13481159881, 0.0018941722894],
      [0, 0, 0.022237679123, 0.025573510496, 0.87550622454, 0.076682585837],
      [0, 0, 0.27039691363, 0.65287097964, 0.076221486261, 0.00051062046594],
      [0, 0.31600078114, 0.0066608330907, 0.28581266748, 0.3904408608, 0.0010848574932],
      [0, 0, 0.023937147485, 0.0059614929869, 0.52040091736, 0.44970044217]
    ],
    [
      [0, 0, 0, 0.0053995040896, 0.98160139515, 0.012999100765],
      [0.49133668087, 0.031676813846, 0.0050001666523, 0.01787028325, 0.38160630436, 0.07250975103],
      [0.011804560943, 0.025307453998, 0.42290967952, 0.32249072307, 0.21366045476, 0.0038271276998],
      [0, 0, 0, 0.02772102399, 0.91465910227, 0.057619873745],
      [0, 0.0031879311457, 0.13012096027, 0.76145454565, 0.10323810141, 0.0019984615244],
      [0, 0.24154182393, 0, 0.34267939567, 0.41477609438, 0.0010026860183],
      [2.1487643033e-05, 0.00014146809907, 0.010210145429, 0.0063278877193, 0.61026547595, 0.37303353516]
    ],
    [
      [0.00013909850939, 0.0009624051634, 0.00047786227942, 0.0052731127059, 0.98265493721, 0.010492584131],
      [0.49443536324, 0.055441735085, 0.0075375312188, 0.015130632771, 0.36913915288, 0.058315584798],
      [0.012248097679, 0.047346080457, 0.49644192949, 0.25875447716, 0.18520941521, 0],
      [0.0007060349157, 0.0058704064006, 0.0040106330214, 0.025339696621, 0.91842490999, 0.045648319047],
      [0, 0.011406452477, 0.17843285565, 0.71023495319, 0.09992573868, 0],
      [0, 0.37594833969, 0.00047431147646, 0.26712462717, 0.35645272167, 0],
      [0.00014821513364, 0.0015902417504, 0.015571360284, 0.0056985816184, 0.64765757314, 0.32933402808]
    ],
    [
      [0.0006302052958, 0.00028562881644, 0.0019266740413, 0.005848379188, 0.97564154724, 0.015667565421],
      [0.5494638673, 0.044266689257, 0.0095373969368, 0.015525413291, 0.3092797435, 0.071926889721],
      [0.014789345322, 0.033684026266, 0.55536931794, 0.27382994644, 0.12232736404, 0],
      [0.004518292941, 0.0017488304824, 0.014594866184, 0.034416430195, 0.87952228177, 0.065199298426],
      [0.0014697926094, 0.0063972707897, 0.20671249929, 0.72117521961, 0.064245217702, 0],
      [0.0010127441032, 0.34390526537, 0.0041360241005, 0.31144473317, 0.33904977472, 0.00045145852504],
      [0.00066736104086, 0.00059965158025, 0.019437976172, 0.0057320057292, 0.55838281798, 0.41518018749]
    ],
    [
      [0.0010584155083, 0.00056830956775, 0.0033899351093, 0.0064695199595, 0.9683760231, 0.020137796756],
      [0.59437375586, 0.04735871749, 0.011139072705, 0.014584159633, 0.25424580692, 0.078298487391],
      [0.021343193284, 0.041309416632, 0.58630410126, 0.24495899623, 0.10608429259, 0],
      [0.004901808077, 0.0032148520102, 0.019940377204, 0.032438790148, 0.85357972216, 0.0859244504],
      [0.004433778257, 0.0093630627389, 0.23444687703, 0.69674726891, 0.055009013064, 0],
      [0.0016775156719, 0.40549264797, 0.0051184682494, 0.27877756908, 0.30824556768, 0.00068823135659],
      [0.0010145599044, 0.00085608840722, 0.020152886259, 0.0052537092026, 0.48845423309, 0.48426852314]
    ],
    [
      [0, 0, 0, 0, 0.97731077589, 0.022689224105],
      [0.61012034163, 0.03816603612, 0.00064894834822, 0.0023300707859, 0.26685279919, 0.081881803926],
      [0.045204484339, 0.049486214502, 0.4643990646, 0.14619977358, 0.27813088836, 0.016579574619],
      [0, 0, 0, 0, 0.90315275027, 0.096847249731],
      [0.009515006854, 0.010352664305, 0.2012735528, 0.60711379118, 0.16246980715, 0.0092751777108],
      [0.003289144373, 0.42019596779, 0, 0.1762442835, 0.39695225073, 0.0033183536032],
      [0.0013261732727, 0.00052454156028, 0.0084968823451, 0, 0.48223240387, 0.50741999895]
    ],
    [
      [0.00053467473851, 6.1479956456e-07, 0.0042205347191, 0.0047831201022, 0.97931863653, 0.011142419111],
      [0.62055467468, 0.020677668967, 0.011150436701, 0.011549024788, 0.28534628483, 0.050721910032],
      [0.018479492925, 0.017406372495, 0.59777397931, 0.21062231114, 0.15512594808, 0.00059189604936],
      [0.0028251217504, 0.0004893978802, 0.013837191714, 0.019051367399, 0.91156791613, 0.052229005127],
      [0.0027262238521, 0.0030992003657, 0.2425865459, 0.66098150313, 0.090606526752, 0],
      [0.0016052457749, 0.26203193093, 0.0024542887542, 0.29979248384, 0.43302542893, 0.0010906217778],
      [0.00080268353402, 0.00025755132269, 0.019847720989, 0.0032729433336, 0.59318959488, 0.38262950594]
    ],
    [
      [0, 0.00058098507594, 0, 0.0026458134673, 0.98277147646, 0.014001725],
      [0.57584087941, 0.038739251063, 0.0024084000022, 0.0097355631931, 0.31091918773, 0.062356718609],
      [0.038327890362, 0.046911051407, 0.42473843418, 0.25508501329, 0.22901974341, 0.0059178673591],
      [0, 0.0012095539898, 0, 0.011356565646, 0.92485682974, 0.062577050623],
      [0.0068859125985, 0.0090319038383, 0.14676810604, 0.70778859626, 0.12566140522, 0.0038640760424],
      [0, 0.33882571153, 0, 0.26431717993, 0.39512123689, 0.0017358716485],
      [0.0013475250336, 0.00086480616283, 0.010019270633, 0.0023080353667, 0.59858017274, 0.38688019006]
    ],
    [
      [0.0020794398034, 0.0004843563547, 0.00027933694264, 0.0034436368726, 0.98171087792, 0.012002352109],
      [0.60566288726, 0.037110730688, 0.0055465468789, 0.01030073817, 0.28991778131, 0.051461315691],
      [0.02875197772, 0.036807728944, 0.51251395592, 0.22900983035, 0.18996230099, 0.0029542060758],
      [0.010328326981, 0.0027322763194, 0.0027271416114, 0.016966477572, 0.91388906305, 0.05335671447],
      [0.010621471635, 0.0081000681851, 0.19097634424, 0.68148268961, 0.10738053782, 0.0014388885089],
      [0.0045887682533, 0.34594249489, 0.00013144540816, 0.26436277019, 0.38442328591, 0.00055123534884],
      [0.0019388947109, 0.00074659217846, 0.015372729584, 0.0031219815986, 0.62101334447, 0.35780645746]
    ],
    [
      [0, 0, 0, 0, 0.98874815261, 0.011251847392],
      [0.46929307113, 0.044349688753, 0.0060767753941, 0.0057889913445, 0.4097563052, 0.06473516818],
      [0.010454610813, 0.035831768489, 0.52630461148, 0.13923913787, 0.28232847531, 0.0058413960357],
      [0, 0, 0, 0, 0.94849418223, 0.051505817767],
      [0.00077942038186, 0.0073871545854, 0.22768322822, 0.58379444006, 0.17590548192, 0.0044502748393],
      [0.00017576242451, 0.3502554669, 0, 0.19352685483, 0.45441331655, 0.0016285992922],
      [0, 0.00036007378134, 0.0086984120259, 0, 0.65572247525, 0.33521903894]
    ],
    [
      [0, 0, 0, 0, 0.99720052947, 0.0027994705323],
      [0.66329646993, 0.044062005192, 0.00082970704906, 0.0011377940847, 0.27959649704, 0.011077526712],
      [0.060193086684, 0.069827601954, 0.407722984, 0.088270258444, 0.37277857008, 0.0012074988327],
      [0, 0, 0, 0, 0.98686688062, 0.013133119376],
      [0.0099919040742, 0.013970571612, 0.19009682198, 0.59080613764, 0.19421355392, 0.00092101077148],
      [0.0026069225844, 0.46571728672, 0, 0.14613035773, 0.3852903216, 0.00025511135928],
      [0.0017100724053, 0.0010856156806, 0.014184882541, 0.00065382618228, 0.86323834094, 0.11912726225]
    ],
    [
      [0, 0, 0, 0, 0.9890647048, 0.010935295198],
      [0.52109969415, 0.035640528958, 0.0068741582047, 0.0068211740972, 0.37177330661, 0.057791137978],
      [0.016453571199, 0.028671268332, 0.54565873728, 0.18183235042, 0.22345549558, 0.0039285771898],
      [0, 0, 0, 0, 0.95084687303, 0.049153126974],
      [0.0042551935675, 0.0043018029833, 0.22303328022, 0.61259808299, 0.15285993449, 0.002951705753],
      [0.00089863331922, 0.30889722403, 0, 0.23436265461, 0.45463132812, 0.0012101599271],
      [0.00048510632509, 0, 0.015539527658, 0, 0.65491297467, 0.32906239135]
    ],
    [
      [0.00046173328024, 0.00018517209308, 0, 0.0018809860575, 0.98537191261, 0.012100195958],
      [0.51849894834, 0.038020455981, 0.0056206943325, 0.0088742979791, 0.36587995979, 0.063105643582],
      [0.017757438797, 0.032347066336, 0.51151752964, 0.20595254396, 0.22746506863, 0.0049603526338],
      [0.0024211707309, 0.0011191272797, 0.0010029821124, 0.0091967072295, 0.93215645556, 0.054103557083],
      [0.0031176620439, 0.0063290594883, 0.19721908712, 0.65228421882, 0.13765517671, 0.00339479582],
      [0.00094450060761, 0.31561328147, 0, 0.25005966183, 0.43203797843, 0.001344577656],
      [0.00066374373409, 0.00045634888522, 0.013543583833, 0.0011233409979, 0.63406411904, 0.35014886351]
    ],
    [
      [0.00026771628413, 0.00018031488199, 0.001037672072, 0.0021322503394, 0.98356025624, 0.012821790185],
      [0.49494711776, 0.041904334032, 0.0088112092894, 0.010348893254, 0.37463496982, 0.069353475846],
      [0.013210091066, 0.032044474443, 0.55236650844, 0.19437600324, 0.20394980101, 0.0040531218001],
      [0.00094794394707, 0.0010969262886, 0.0068392112407, 0.010207666986, 0.92383730856, 0.057070942978],
      [0.0016391727219, 0.0064931393393, 0.22504151075, 0.63696533063, 0.12696359316, 0.0028972534074],
      [0.00062883934381, 0.32963257164, 0.0019319992953, 0.24580402367, 0.42079667538, 0.0012058906724],
      [0.00041725007203, 0.00046764681957, 0.016722867424, 0.001997214416, 0.61592030578, 0.36447471549]
    ],
    [
      [0.0012167479447, 0, 0.00129080128, 0.0013255915674, 0.98560057022, 0.010566288993],
      [0.59441792541, 0.027406726182, 0.0079232088105, 0.0070885155765, 0.31493252211, 0.048231101907],
      [0.027210458209, 0.023072802111, 0.57199761457, 0.17125905527, 0.20378506706, 0.0026750027886],
      [0.0057831012036, 0, 0.0081118403977, 0.0066154834273, 0.9320716511, 0.047417923871],
      [0.0072267181963, 0.004229600252, 0.2439706047, 0.61003918676, 0.13238676809, 0.0021471220041],
      [0.0027157539458, 0.28487136391, 0.0025893375861, 0.24695230252, 0.46189747042, 0.0009737716189],
      [0.0016312859207, 0.00012191166846, 0.0186789981, 0.0008476985141, 0.65600855806, 0.32271154773]
    ],
    [
      [0, 0, 0, 0, 0.98533369699, 0.014666303011],
      [0.50004772962, 0.023718865043, 0.0067354022642, 0.0076018768126, 0.38385177808, 0.078044348177],
      [0.0066173899324, 0.013790009913, 0.54627827433, 0.18962126721, 0.23750131009, 0.00619174852],
      [0, 0, 0, 0, 0.93461420686, 0.06538579314],
      [0.00050729567271, 0.0026930915405, 0.21904028544, 0.63262154042, 0.14048184116, 0.0046559457761],
      [0.00071830773559, 0.22792696162, 0.0010587937964, 0.27432293491, 0.49410580297, 0.0018671989707],
      [0, 0, 0.01350505953, 0, 0.59527487511, 0.39122006536]
    ],
    [
      [0, 0, 0, 0, 0.98563113502, 0.014368864978],
      [0.33333333333, 0.050115309539, 0.0043416468051, 0.0060190172359, 0.51770155016, 0.088489142931],
      [0, 0.037342742816, 0.49635858748, 0.19540082745, 0.26470962635, 0.0061882159035],
      [0, 0, 0, 0, 0.93773267127, 0.062267328734],
      [0, 0.0049402708672, 0.16078805108, 0.60831691017, 0.22051909411, 0.0054356737745],
      [0.00056728604229, 0.43121270628, 0.0010766156859, 0.19445748842, 0.37154325629, 0.0011426472822],
      [0, 0.00027980541326, 0.0088352922696, 0, 0.58996572557, 0.40091917674]
    ],
    [
      [0.001271562133, 0, 0.002755855858, 7.2411289868e-05, 0.96879792041, 0.027102250305],
      [0.56402254734, 0.03110258582, 0.0096338064172, 0.0066189090313, 0.28179585142, 0.10682629997],
      [0.021741036794, 0.025123504923, 0.60987692447, 0.16409801202, 0.16256237234, 0.016598149452],
      [0.0045812785075, 9.1274043576e-06, 0.011705873175, 0.0062717287087, 0.86453988131, 0.11289211089],
      [0.0059057431693, 0.0043519371444, 0.2679416346, 0.60091789784, 0.10804255797, 0.012840229278],
      [0.0019289607438, 0.33004139914, 0.0031975949537, 0.25009221483, 0.41100896482, 0.0037308655083],
      [0.0004416902444, 0, 0.016859706049, 0, 0.44286636517, 0.53983223854]
    ],
    [
      [0.0013770129336, 0.00089552064587, 0, 0.0095737582209, 0.9694379182, 0.018715790002],
      [0.55573109949, 0.041797193659, 0.005412282067, 0.017684253576, 0.29680051385, 0.082574657364],
      [0.022141274707, 0.038827534299, 0.48206234709, 0.27545251674, 0.17553388584, 0.0059824413288],
      [0.0053724807883, 0.0029921139784, 0.002660568099, 0.031951914914, 0.87571176311, 0.081311159107],
      [0.0053470938293, 0.0080158750412, 0.16477914106, 0.73248604068, 0.085693018413, 0.003678830979],
      [0.002072609927, 0.34624594273, 0.00038691804155, 0.29591889104, 0.3537790791, 0.0015965591643],
      [0.0010878150912, 0.00075547998699, 0.012474930472, 0.00520096503, 0.52087229048, 0.45960851894]
    ],
    [
      [0, 0, 0.009676148114, 0.017696680243, 0.96927181922, 0.0033553524209],
      [0.33333333333, 0.12636616348, 0.031338201133, 0.033709372152, 0.41932532994, 0.05592759996],
      [0, 0.0013697529041, 0.57699849399, 0.34296422534, 0.078667527767, 0],
      [0, 0.014613703602, 0.026958616296, 0.053625586123, 0.8900407044, 0.014761389577],
      [0, 0, 0.1853697086, 0.76564903838, 0.048981253018, 0],
      [0, 0.2358534749, 0.019716055553, 0.4165151716, 0.32791529794, 0],
      [0, 1.9301702608e-05, 0.027967074558, 0.013054122509, 0.66028693204, 0.29867256919]
    ],
    [
      [0, 0, 0.00029082323691, 0.006016727413, 0.98405164031, 0.0096408090433],
      [0.52133740553, 0.031337774633, 0.0075191119549, 0.017676633182, 0.36831746574, 0.053811608962],
      [0.0076433585265, 0.023865428281, 0.49673141305, 0.27551159311, 0.19584935073, 0.00039885629488],
      [0, 0, 0.0053604647143, 0.02777826299, 0.92393311801, 0.042928154288],
      [0, 0.0022434967927, 0.1718885733, 0.72217258103, 0.10369534888, 0],
      [0, 0.2574715708, 0.0014777611781, 0.32112993528, 0.41992073274, 0],
      [0, 0, 0.01564584425, 0.0063106433818, 0.66047336031, 0.31757015206]
    ],
    [
      [0.0050294918287, 0.0011488072131, 0.00055320630815, 0.0077123748943, 0.97198656485, 0.013569554904],
      [0.64648623939, 0.038691821269, 0.0052856939651, 0.01536249407, 0.24227671153, 0.051897039771],
      [0.04054421291, 0.042218033583, 0.49127980998, 0.2698323544, 0.15488786961, 0.0012377195126],
      [0.019514570402, 0.004822723305, 0.0046385580836, 0.032846467427, 0.87813866895, 0.060039011838],
      [0.017470555152, 0.0098977349595, 0.17233913072, 0.72773378715, 0.072558792019, 0],
      [0.0074915134799, 0.36528435619, 0.00087776725201, 0.29162055038, 0.3347258127, 0],
      [0.0045857380881, 0.0013666827579, 0.01505797831, 0.0066366273964, 0.57777972808, 0.39457324536]
    ],
    [
      [0, 0, 0, 0, 0.9845620023, 0.0154379977],
      [0.50820880634, 0.027983862026, 0.0052245633431, 0.0076762227962, 0.37199200501, 0.078914540489],
      [0.019439094184, 0.020128645959, 0.50016001047, 0.19208789352, 0.25811907329, 0.010065282579],
      [0, 0, 0, 0, 0.93010340023, 0.069896599768],
      [0.0028646896403, 0.0027620602812, 0.19414274987, 0.63886595269, 0.15386207083, 0.0075024766891],
      [0.0011372656462, 0.25672335536, 0, 0.25599777162, 0.48300066641, 0.0031409409623],
      [0.00050062623687, 0, 0.0085263781911, 0, 0.5921148876, 0.39885810798]
    ],
    [
      [0.00013172817521, 1.8622559598e-05, 0.0017428601734, 0.0026714760903, 0.98003619278, 0.01539912022],
      [0.48541277075, 0.039030993733, 0.010068646236, 0.011339662856, 0.37154417348, 0.082603752943],
      [0.011939870582, 0.027735921543, 0.56859584787, 0.19923677022, 0.18723132446, 0.0052602653151],
      [5.7215731072e-06, 0.00013060924806, 0.011031592009, 0.012705117246, 0.90811898546, 0.068007974468],
      [0.00058035495802, 0.0049426217063, 0.2332698477, 0.64089740992, 0.11650002692, 0.0038097387933],
      [0.00047133186658, 0.31156304897, 0.0030578199311, 0.26200692193, 0.42129146101, 0.001609416286],
      [0, 0.00013515512072, 0.01787883378, 0.0020753365957, 0.57352268642, 0.40638798808]
    ],
    [
      [0, 0, 0, 0, 0.98332751601, 0.016672483994],
      [0.66181121305, 0.013468853681, 0.00079510961576, 0.0038010163947, 0.26651608101, 0.053607726255],
      [0.03349793608, 0.0090419879026, 0.36664557098, 0.24906852617, 0.3308941426, 0.010851836272],
      [0, 0, 0, 0, 0.92780506633, 0.072194933668],
      [0.01559753807, 0, 0.044841253152, 0.60193628813, 0.32867739898, 0.0089475216611],
      [0.0021513555243, 0.1986439632, 0, 0.26797336961, 0.52760507093, 0.0036262407374],
      [0, 0, 0, 0, 0.60127845059, 0.39872154941]
    ],
    [
      [0.0018035539168, 0.00050424678899, 0.0024798875858, 0.00078568757398, 0.97737800377, 0.017048620367],
      [0.69205848046, 0.037714019689, 0.008411702998, 0.003079185299, 0.20671364394, 0.052022967609],
      [0.04215981414, 0.04471027417, 0.66630556038, 0.096277875598, 0.14694418429, 0.003602291423],
      [0.0075404167794, 0.0039099632851, 0.02221596151, 0, 0.89179825425, 0.074535404173],
      [0.013938479357, 0.013117790705, 0.35371837903, 0.49511772643, 0.12055669105, 0.0035509334274],
      [0.004258093639, 0.47206437024, 0.0062261155425, 0.1569732055, 0.35923440375, 0.0012438113229],
      [0.00044792805481, 0.0013202949619, 0.025309881049, 0, 0.53389434141, 0.43902755452]
    ],
    [
      [0, 0, 0, 0, 0.99292670605, 0.0070732939496],
      [0.59667005242, 0.01755429468, 0, 0, 0.35227906817, 0.033496584737],
      [0.045360091859, 0.016404517747, 0.41443558145, 0.071950873306, 0.44778064411, 0.0040682915257],
      [0, 0, 0, 0, 0.96680580751, 0.033194192492],
      [0.0070654210562, 0.0036946528061, 0.20336701961, 0.57605914771, 0.20674923809, 0.0030645207267],
      [0.0020427433841, 0.23201796142, 0, 0.206052425, 0.55893533725, 0.00095153293936],
      [0.0012230816746, 0, 0.01074455378, 0, 0.74921220136, 0.23882016319]
    ],
    [
      [0, 0, 0, 0, 0.98629089205, 0.013709107946],
      [0.6533809521, 0.012399200052, 0.0061580311005, 0.003247442307, 0.27197052755, 0.052843846883],
      [0.029723617256, 0, 0.61802717375, 0.078269269807, 0.26693993032, 0.0070400088684],
      [0, 0, 0, 0, 0.9358802483, 0.064119751704],
      [0.0069963807119, 0, 0.30603802617, 0.51450753432, 0.16717088585, 0.0052871729502],
      [0.009613712011, 0.19628023998, 0.00059810523982, 0.20811051037, 0.5827231521, 0.0026742802919],
      [0.0010855049571, 0, 0.013368932807, 0, 0.59756482213, 0.38798074011]
    ],
    [
      [0, 0.00016364040932, 0, 0.0037423786316, 0.98441629765, 0.011677683314],
      [0.50934407902, 0.043126997687, 0.0047159456689, 0.013284622826, 0.3673780415, 0.062150313293],
      [0.016765172045, 0.040814989652, 0.45859123717, 0.2577124529, 0.22265204697, 0.0034641012656],
      [0, 0.0018254560279, 0, 0.018488913335, 0.92758779392, 0.052097836716],
      [0.0013578773083, 0.0084726945142, 0.15761063024, 0.70808359702, 0.1224891191, 0.0019860818151],
      [0, 0.3239356202, 0, 0.27407962375, 0.40120110311, 0.000783652946],
      [0.00035454165762, 0.00093846743224, 0.011535668997, 0.0037470544895, 0.63763106036, 0.34579320706]
    ],
    [
      [0, 1.2425895016e-05, 0, 0.0043278415761, 0.98617714834, 0.0094825841909],
      [0.49080342617, 0.045057774213, 0.006570102546, 0.0144470833, 0.38836678297, 0.054754830804],
      [0.0091409401342, 0.038311223308, 0.49351052185, 0.24586834083, 0.21188227421, 0.0012866996712],
      [0, 0.0015488283747, 0.0017387452041, 0.019986490177, 0.93376925226, 0.042956683987],
      [0, 0.0067779269136, 0.17844428121, 0.6947530327, 0.11944362981, 0.00058112936375],
      [0, 0.32521958578, 0, 0.27125757457, 0.40334347411, 0.00017936554022],
      [0, 0.00080905688269, 0.01468361381, 0.0041190863973, 0.67361833622, 0.30676990669]
    ],
    [
      [0, 0, 0, 0.0016212722671, 0.9882638338, 0.010114893936],
      [0.50531719191, 0.050377985287, 0.0038647541622, 0.010939632725, 0.37416175884, 0.055338677077],
      [0.014678622246, 0.054624742061, 0.46525980926, 0.23096687087, 0.23177889634, 0.0026910592279],
      [0, 0.0030936485365, 0, 0.012729066554, 0.93823953941, 0.045937745499],
      [0.0010587926363, 0.01273854417, 0.16957779274, 0.68156833865, 0.13336550063, 0.0016910311703],
      [0, 0.35883511522, 0, 0.24230625103, 0.39850167293, 0.00035696081428],
      [0.00035037313007, 0.0014776929232, 0.012468726425, 0.00247385596, 0.66346312741, 0.31976622415]
    ],
    [
      [0.0012905106683, 6.7783706246e-34, 0.0021253771196, 0, 0.99017430514, 0.0064098070716],
      [0.70514799123, 0, 0.0070498805525, 0.0021961628417, 0.25574030703, 0.02986565834],
      [0.042568698664, 0, 0.64879990699, 0.094190282682, 0.21444111166, 0],
      [0.0057210536191, 0, 0.0098759951657, 0, 0.94896267088, 0.035440280338],
      [0.0091665476123, 0, 0.3267638352, 0.4993615298, 0.16292358133, 0.0017845060622],
      [0.0051376934437, 5.7093514956e-32, 0.0041629156546, 0.25129104713, 0.73851417344, 0.00089417032897],
      [0, 0, 0.022250090086, 0, 0.70270731994, 0.27504258997]
    ],
    [
      [0, 0, 0, 0, 0.99717897449, 0.0028210255113],
      [0.57333260345, 0.042040467791, 0, 0, 0.36811517322, 0.016511755539],
      [0.020367108119, 0.038357517963, 0.56282867133, 0.05831392684, 0.32013000418, 2.7715696638e-06],
      [0, 0, 0, 0, 0.98600368144, 0.013996318564],
      [0.0042271762732, 0.0096075450219, 0.29585903298, 0.47335845829, 0.2165915164, 0.00035627103087],
      [0.0011418499487, 0.42026698655, 0, 0.12502222036, 0.45344210812, 0.00012683502332],
      [0.00080468514124, 0.00049891014791, 0.013556598347, 0, 0.84750780325, 0.13763200312]
    ],
    [
      [0, 0, 0, 0, 0.99135895951, 0.008641040488],
      [0.48623518736, 0.059950178678, 0.0056549053687, 0.0028309850679, 0.39655147774, 0.048777265784],
      [0.014841650044, 0.059125355502, 0.54604627981, 0.10273746635, 0.27364619437, 0.0036030539276],
      [0, 0, 0, 0, 0.96064080329, 0.039359196712],
      [0.002745095354, 0.01579554386, 0.2653263011, 0.52083947844, 0.192360239, 0.0029333422492],
      [0.0006342356473, 0.44383338391, 0, 0.13711825093, 0.41752890808, 0.00088522142864],
      [0.00036972102321, 0.0018939134843, 0.0098512783075, 0, 0.70419377622, 0.28369131097]
    ],
    [
      [0, 0.00036199916154, 0.0029307666753, 0.002655724954, 0.98151902846, 0.012532480752],
      [0.4285658294, 0.09204049472, 0.047686353338, 0.0106753762, 0.35187572416, 0.06915622218],
      [0, 0.037733697016, 0.67486314321, 0.15303859841, 0.13436456137, 0],
      [0, 0, 0.034504750828, 0.014578239431, 0.89670534405, 0.05421166569],
      [0, 0.0060913821778, 0.30828316117, 0.58206366959, 0.10254708444, 0.0010147026114],
      [3.9194168274e-05, 0.50756190369, 0.003438285257, 0.17640790032, 0.31180706104, 0.00074565552372],
      [0, 0.00056255717502, 0.023057000191, 0.0022603597864, 0.56485741169, 0.40926267115]
    ],
    [
      [0.00039298448402, 7.5951996334e-05, 0.0017824745299, 0.004736104815, 0.97853487335, 0.014477610827],
      [0.50572344844, 0.02338633343, 0.010985879484, 0.015858113809, 0.36552495729, 0.078521267551],
      [0.00996482413, 0.014330227169, 0.58517809977, 0.25478982565, 0.13573702328, 0],
      [0.00045123741277, 7.9209320734e-05, 0.023681557715, 0.039366450973, 0.87646643244, 0.059955112143],
      [0.0001306566953, 0.0022434899408, 0.22247549784, 0.70240312864, 0.072747226887, 0],
      [0.00089941757676, 0.20441377735, 0.0033370108137, 0.35628301422, 0.43392397541, 0.0011428046275],
      [0.00024921663624, 0.00012879556195, 0.021112252111, 0.0062608452753, 0.5703992934, 0.40184959702]
    ],
    [
      [0, 0, 0, 0.00073611856315, 0.98561326973, 0.013650611708],
      [0.44684701374, 0.03442186383, 0.0075462830832, 0.011951671922, 0.4183188586, 0.080914308823],
      [0.0072560318617, 0.024180309346, 0.51609157082, 0.21988858624, 0.22678804091, 0.0057954608256],
      [0, 0, 0, 0.0074994498839, 0.93183744616, 0.060663103959],
      [0, 0.0023316346378, 0.19339309774, 0.66301315575, 0.13714249446, 0.0041196174056],
      [2.2680689956e-05, 0.26550958239, 0.00012280836423, 0.2756933285, 0.45697819291, 0.0016734071429],
      [0, 0, 0.013496397558, 0.0018021397197, 0.60822374697, 0.37647771576]
    ],
    [
      [0.0018163452521, 0.00010961345412, 0.00028578091673, 0.0046826390561, 0.96137547251, 0.031730148809],
      [0.63122939777, 0.027674547764, 0.0037584129465, 0.011455797543, 0.22055166059, 0.10533018338],
      [0.036491912384, 0.030462885666, 0.48460517313, 0.27298878348, 0.15874569705, 0.016705548282],
      [0.01214142763, 0, 0, 0.025870318762, 0.8245802662, 0.13740798741],
      [0.014895162019, 0.0040691419348, 0.16018020128, 0.73180286902, 0.075786664297, 0.013265961445],
      [0.0035750789181, 0.32247932983, 0.00016388000442, 0.31656104654, 0.35320621706, 0.004014447637],
      [0.0026175083134, 8.175904757e-05, 0.0092305316303, 0.0038393717481, 0.38944901946, 0.5947818098]
    ],
    [
      [0.0026521305532, 0.00035915638815, 0.0020181881669, 0.0038771698835, 0.97098015124, 0.020113203771],
      [0.59763088006, 0.03809711722, 0.0090789560884, 0.01073871507, 0.26517120152, 0.079283130042],
      [0.033013309025, 0.035414309803, 0.55915636717, 0.2165504817, 0.1493062538, 0.0065592785039],
      [0.011565857175, 0.001939095529, 0.011138074103, 0.018281254348, 0.87011164414, 0.086964074701],
      [0.0100685449, 0.0072695308918, 0.22155215186, 0.6652421456, 0.091469730493, 0.0043978962635],
      [0.0045052259987, 0.36010705551, 0.0033084150456, 0.26818945743, 0.36195859164, 0.001931254377],
      [0.0027195229101, 0.00061162569902, 0.016939398098, 0.0030597731223, 0.50452056643, 0.47214911374]
    ],
    [
      [0, 0, 0, 0, 0.97269825368, 0.027301746318],
      [0.49978145805, 0.0043239916253, 0, 0, 0.36284204357, 0.13305250676],
      [0.025859416605, 0.010597190467, 0.52809831144, 0.10109886853, 0.30993474997, 0.024411462988],
      [0, 0, 0, 0, 0.877695825, 0.122304175],
      [0.0050167164627, 0.00058917851514, 0.23925750895, 0.55985263727, 0.17868816588, 0.016595792914],
      [0.0020142299582, 0.19476736366, 0, 0.22571663589, 0.57070611419, 0.0067956563036],
      [0.00070290532552, 0, 0.0050624307963, 0, 0.44577550247, 0.54845916141]
    ]
  ],
  "expected_outcome": [
    [
      [0, 0, 0, 0, 0.0082185961572, 0, 0.0076880669726, 0, 0, 0.0061203344133, 0.039072728339, 0.01905147915, 0, 0.0037427231696, 0, 0.043668235871, 0, 0, 0, 0.030474396496, 0.028913358686, 0.051103413677, 0, 0, 0.02543124266, 0.081243763082, 0, 0, 0.2112386568, 0, 0.013041089346, 0, 0.0090177695841, 0, 0, 0, 0, 0, 0.010324085347, 0, 0, 0, 0.0015719379361, 0, 0.010898071513, 0.30499501362, 0],
      [0, 0, 0, 0.0093500798404, 0.0035672004125, 0, 0.0030360977217, 0, 0, 0.04234582719, 0.017708986619, 0.010229572219, 0, 4.3035969519e-06, 0.015105611974, 0.010171483449, 0, 0, 0, 0.012221358143, 0.019474007255, 0, 0, 0, 0, 0.052835718106, 0, 0, 0.048249902951, 0, 0.0018436334002, 0, 0.002521233945, 0, 0, 0.0098184245592, 0.00083253496606, 0, 5.4226964997e-33, 0, 0, 0.00036199916154, 0.00030380798534, 0, 0.00065768072474, 0.041302984637, 0],
      [0, 0, 0, 0.04759499376, 0.026033375507, 0, 0.024978265569, 0.10519958916, 0, 0.021025940294, 0.11945379056, 0.061018831967, 0, 0.029543743033, 0, 0.0058660757955, 0, 0, 0, 0, 0.11206858377, 0.05421365376, 0, 0, 0.055117117159, 0, 0.10643762925, 0.0037807020799, 0.023234664942, 0, 0.17254315717, 0, 0.012399437929, 0, 0, 0, 0, 0, 0.017003016957, 0, 0, 0.0029307666753, 0.0071298981195, 0, 0.0017146855004, 0.23209163919, 0],
      [0, 0, 0, 0.21266134596, 0.017576488752, 0, 0.089901337205, 0.12705513636, 0.16198512269, 0.23201695906, 0.36259950965, 0.11645135927, 0, 0.033481840715, 0.06879115015, 0.072316374326, 0, 0, 0, 0.1241450798, 0.23028303665, 0.055674845832, 0, 0, 0.0014482257974, 0.56485173503, 0.19466348267, 0.078217456369, 0.32391974556, 0, 0.26447613294, 0, 0.0039284378699, 0, 0, 0.22454271789, 0.2899653856, 0.063229618416, 0, 0, 0, 0.002655724954, 0.01894441926, 0.058153366489, 0.028095834337, 0.44587453661, 0],
      [46.4307595628, 23.4974977522, 31.1912662799, 14.6354829867, 7.7797183459, 2.927423808, 10.7634805569, 20.4012823175, 29.4480418544, 43.2368172373, 60.4897759287, 17.4307684158, 11.7277293107, 6.8552304557, 25.5520583879, 20.6159284363, 11.8649778313, 8.9748047652, 39.5625881921, 65.0345462324, 106.2245076736, 41.395223949, 28.5746772127, 14.7844670253, 19.3759584083, 57.1968371737, 10.6619900114, 12.792671324, 40.8234357238, 58.0891581357, 97.0235830853, 12.7832577081, 4.8868900188, 13.9009738847, 4.9314544603, 59.0649778587, 66.0738689386, 38.5422895181, 7.9213944411, 7.9774317959, 12.8876664737, 0.98151902846, 3.9141394934, 77.8634483086, 5.7682528351, 111.6627173923, 5.8361895221],
      [0.56924043717, 0.50250224778, 0.8087337201, 0.09491059378, 0.16488599326, 0.072576192038, 0.11091567564, 0.36646295694, 0.38997302295, 0.46167370174, 0.97138905608, 0.36248034162, 0.27227068927, 0.077996933774, 0.36404485, 0.25204939429, 0.13502216871, 0.025195234791, 0.43741180793, 0.7986129332, 1.38475334, 0.4437841377, 0.42532278731, 0.21553297466, 0.5420450061, 1.1042316101, 0.03690887663, 0.12533051756, 0.56992130598, 0.9108418643, 1.5245129018, 0.21674229192, 0.085243101837, 0.099026115294, 0.068545539729, 0.70066099883, 0.63533314079, 0.39448086351, 0.051278456572, 0.022568204091, 0.11233352634, 0.012532480752, 0.057910443306, 1.0783983249, 0.19038089285, 2.3130184337, 0.16381047791]
    ],
    [
      [11, 6.1820219308, 19.3187113444, 14, 11.014191645, 2.4138728984, 2.4468268403, 16, 14.2487637451, 18.7885438032, 33.5172959051, 14.2649701407, 4.2708423914, 4.3438827228, 21.8819534174, 18.7755495051, 6.1008099247, 3.3164823496, 19.2806886835, 68.9603601293, 57.4138656604, 29.1264783452, 14.501384159, 2, 9.0243607575, 30.5652104717, 3, 10.4267481105, 34.9102569271, 29.984319574, 49.9975153873, 1.9854336391, 4.1523508828, 7.7567106814, 1.9601428563, 43.2942467167, 40.7366843721, 19.2020532925, 2.8205919649, 3.4399956207, 6.3210574357, 2.9999608058, 2.0228937938, 26.3639738107, 9.4684409665, 122.5143304132, 7.9965033287],
      [1.1725496304, 0.47864059401, 1.4046897753, 1.2913306976, 0.91810486566, 0.19930351882, 0.1602404462, 1.2690372323, 0.91862760154, 2.1067859332, 2.7002680447, 1.1366092198, 0.26716225284, 0.14474368277, 1.4720915404, 1.1504326513, 0.57654595379, 0.22031002596, 1.3186995714, 5.0567206454, 4.8609027477, 1.3429295829, 0.68784708624, 0.30069185724, 0.49764137313, 2.2988456512, 1.1372954713, 0.62675549267, 2.0893583485, 1.6510478595, 4.0201923545, 0.040406561044, 0.22628411813, 0.22820583084, 0.037197600156, 3.6657948034, 3.7397952597, 1.9143634409, 0, 0.25224280675, 0.77935232281, 0.64428346304, 0.09354533372, 2.0308899659, 0.41511821646, 7.8099090301, 0.069183866005],
      [0.16313520766, 0.10036018318, 0.3531729012, 0.30544751563, 0.26586247166, 0.012972902247, 0.032554551866, 0.92589388188, 0.14500483292, 0.28642618632, 0.58178121315, 0.26733774491, 0.0045426384375, 0.078053056907, 0.091519200082, 0.17194295324, 0.078998080124, 0.0041485352453, 0.25434385357, 0.74755234622, 1.0221002776, 0.38823723172, 0.19532666566, 0.02604988083, 0.15414090268, 0.29767551369, 0.2820438102, 0.1503822391, 0.28542747412, 0.30824923724, 1.0370705623, 0.0023853288473, 0.050470217988, 0, 0.018474093302, 0.40085538186, 0.54531851132, 0.14686065816, 0.02819952221, 0, 0.073513769793, 0.33380447337, 0.043943517937, 0.44523070191, 0.056376194198, 1.8611859981, 0],
      [0.11907991254, 0.074543603311, 0.089422035627, 0.8613837638, 0.12932691982, 0.0039357785498, 0.059154851896, 0.55334848621, 0.51823821424, 0.57496404528, 0.94705021078, 0.35001983119, 0.016310495502, 0.080843173515, 0.36995140134, 0.31932288326, 0.075256887479, 0.0056889704234, 0.2523834416, 1.1802816312, 1.2004716175, 0.34733726325, 0.22045442757, 0.036114103415, 0.1059025445, 0.97263394669, 0.30338434937, 0.35353266364, 0.82957467978, 0.45289714498, 1.1679852742, 0.011403049184, 0.018475111794, 0, 0.0097423269211, 1.1291929402, 1.1991079139, 0.41570604354, 0.0087846513668, 0, 0.036802805883, 0.074727633402, 0.063432455235, 0.70514864339, 0.17183696315, 2.2014365894, 0],
