{
  "X": [
    [2, 3, 1, 177, 29, 0],
    [2, 14, 5, 69, 152, 10],
    [4, 2, 5, 67, 40, 1],
    [2, 1, 1, 30, 18, 1],
    [90, 146, 76, 757, 1160, 58],
    [85, 63, 52, 585, 639, 33],
    [43, 116, 201, 1025, 1800, 43],
    [6, 8, 30, 60, 120, 4],
    [3, 2, 18, 10, 51, 1],
    [15, 33, 5, 143, 149, 6],
    [15, 27, 54, 258, 286, 7],
    [18, 37, 75, 597, 553, 18],
    [5, 8, 11, 79, 76, 4],
    [44, 21, 118, 276, 624, 32],
    [42, 89, 38, 337, 997, 29],
    [8, 9, 1, 75, 34, 0],
    [5, 8, 17, 140, 123, 5],
    [5, 0, 3, 17, 31, 1],
    [8, 1, 5, 25, 37, 1],
    [12, 10, 4, 27, 63, 5],
    [11, 7, 25, 142, 75, 0],
    [2, 2, 0, 29, 12, 0],
    [9, 10, 3, 55, 58, 1],
    [4, 9, 7, 44, 91, 3],
    [7, 3, 9, 35, 35, 1],
    [31, 38, 11, 94, 277, 14],
    [27, 4, 19, 90, 142, 10],
    [19, 22, 7, 83, 94, 6],
    [7, 7, 21, 48, 99, 2],
    [1, 0, 5, 52, 39, 0],
    [6, 14, 8, 96, 64, 3],
    [3, 3, 10, 63, 54, 2],
    [5, 1, 2, 24, 25, 3],
    [11, 21, 3, 74, 163, 16],
    [8, 12, 1, 90, 138, 10],
    [15, 22, 5, 142, 185, 8],
    [12, 6, 1, 109, 123, 11],
    [30, 32, 18, 168, 241, 16],
    [4, 3, 2, 37, 13, 0],
    [8, 6, 1, 28, 12, 1],
    [21, 8, 5, 81, 47, 2],
    [23, 17, 10, 141, 117, 6],
    [10, 5, 1, 56, 16, 1],
    [27, 26, 13, 159, 229, 6],
    [25, 13, 13, 137, 141, 8],
    [0, 1, 4, 8, 11, 0],
    [7, 12, 1, 84, 34, 3],
    [3, 2, 3, 23, 10, 1],
    [5, 11, 3, 40, 52, 5],
    [2, 0, 8, 50, 32, 2],
    [6, 6, 2, 75, 46, 4],
    [22, 18, 15, 91, 98, 8],
    [5, 6, 1, 64, 10, 1],
    [18, 18, 3, 66, 79, 4],
    [7, 1, 1, 42, 29, 4],
    [5, 12, 22, 111, 165, 6],
    [12, 35, 92, 376, 473, 13],
    [5, 2, 25, 27, 56, 0],
    [3, 3, 2, 41, 10, 2],
    [5, 5, 2, 64, 60, 0],
    [10, 14, 33, 102, 189, 1],
    [19, 30, 37, 190, 323, 4],
    [9, 14, 23, 167, 265, 6],
    [18, 28, 40, 167, 411, 12],
    [8, 5, 18, 43, 117, 5],
    [23, 17, 17, 200, 166, 2],
    [3, 14, 1, 29, 18, 3],
    [3, 5, 1, 43, 24, 2],
    [13, 29, 12, 33, 144, 10],
    [5, 11, 24, 46, 126, 1],
    [6, 1, 19, 15, 85, 2],
    [9, 3, 7, 46, 59, 5],
    [17, 23, 4, 208, 185, 11],
    [5, 5, 17, 55, 87, 2],
    [7, 6, 18, 14, 40, 4],
    [3, 2, 8, 12, 47, 2],
    [2, 4, 4, 30, 53, 3],
    [3, 4, 5, 83, 64, 2],
    [31, 32, 1, 114, 135, 10],
    [3, 5, 7, 46, 64, 5],
    [1, 1, 10, 19, 26, 0],
    [7, 10, 34, 118, 216, 3],
    [28, 7, 6, 94, 58, 1],
    [30, 37, 10, 79, 219, 5],
    [1, 6, 3, 32, 25, 0],
    [6, 5, 13, 72, 54, 6],
    [10, 5, 11, 58, 70, 3],
    [25, 9, 23, 81, 150, 4],
    [4, 6, 19, 33, 114, 7],
    [18, 18, 15, 186, 152, 9],
    [2, 8, 31, 122, 212, 3],
    [4, 5, 3, 21, 42, 1],
    [4, 4, 11, 60, 103, 2],
    [1, 4, 8, 60, 87, 1],
    [11, 17, 36, 134, 188, 1],
    [3, 3, 10, 26, 30, 1],
    [8, 10, 5, 24, 64, 5],
    [28, 52, 62, 473, 410, 8],
    [26, 38, 6, 104, 321, 9],
    [12, 24, 9, 60, 184, 4],
    [16, 27, 13, 80, 283, 12],
    [12, 24, 2, 73, 210, 6],
    [13, 3, 1, 62, 24, 0],
    [8, 15, 87, 180, 404, 11],
    [71, 73, 221, 495, 846, 59],
    [79, 103, 181, 513, 757, 58]
  ],
  "W": [
    [2, 20, 173, 11, 6],
    [8, 133, 76, 28, 7],
    [10, 23, 76, 8, 2],
    [0, 13, 34, 3, 3],
    [89, 987, 891, 214, 106],
    [96, 502, 682, 121, 56],
    [343, 1288, 1203, 269, 125],
    [41, 78, 75, 13, 21],
    [12, 48, 16, 2, 7],
    [14, 127, 152, 46, 12],
    [85, 195, 276, 55, 36],
    [93, 390, 663, 76, 76],
    [16, 59, 87, 14, 7],
    [262, 428, 303, 62, 60],
    [66, 822, 421, 159, 64],
    [1, 25, 80, 14, 7],
    [19, 75, 174, 13, 17],
    [6, 19, 19, 10, 3],
    [9, 29, 25, 10, 4],
    [5, 61, 28, 19, 8],
    [17, 60, 151, 20, 12],
    [0, 9, 29, 4, 3],
    [7, 41, 56, 26, 6],
    [4, 68, 61, 15, 10],
    [10, 33, 36, 6, 5],
    [14, 227, 121, 71, 32],
    [36, 88, 131, 16, 21],
    [9, 76, 86, 47, 13],
    [17, 74, 68, 14, 11],
    [8, 18, 58, 4, 9],
    [8, 52, 103, 21, 7],
    [14, 36, 65, 13, 7],
    [10, 12, 30, 5, 3],
    [9, 135, 82, 52, 10],
    [5, 101, 114, 27, 12],
    [8, 141, 170, 38, 20],
    [6, 83, 134, 22, 17],
    [20, 180, 205, 63, 37],
    [4, 9, 41, 2, 3],
    [2, 5, 39, 9, 1],
    [5, 31, 99, 16, 13],
    [9, 97, 167, 35, 6],
    [0, 15, 63, 5, 6],
    [28, 161, 190, 51, 30],
    [14, 125, 142, 32, 24],
    [1, 9, 10, 3, 1],
    [0, 17, 101, 18, 5],
    [6, 6, 22, 5, 3],
    [1, 49, 43, 15, 8],
    [7, 27, 55, 2, 3],
    [6, 33, 81, 16, 3],
    [26, 70, 113, 29, 14],
    [2, 9, 58, 12, 6],
    [5, 75, 71, 25, 12],
    [6, 18, 43, 8, 9],
    [26, 110, 144, 20, 21],
    [117, 323, 448, 50, 63],
    [24, 46, 30, 8, 7],
    [4, 8, 38, 7, 4],
    [5, 38, 77, 10, 6],
    [30, 133, 136, 30, 20],
    [53, 238, 224, 55, 33],
    [38, 179, 196, 42, 29],
    [50, 306, 223, 67, 30],
    [28, 93, 50, 12, 13],
    [30, 110, 226, 37, 22],
    [1, 17, 32, 13, 5],
    [0, 18, 49, 8, 3],
    [16, 127, 38, 38, 22],
    [45, 81, 55, 20, 12],
    [62, 40, 17, 5, 4],
    [8, 43, 57, 15, 6],
    [7, 132, 244, 43, 22],
    [22, 69, 63, 5, 12],
    [16, 36, 9, 17, 11],
    [20, 33, 14, 4, 3],
    [18, 29, 33, 9, 7],
    [14, 35, 94, 14, 4],
    [7, 125, 134, 33, 24],
    [17, 44, 49, 11, 9],
    [6, 23, 25, 2, 1],
    [33, 158, 153, 30, 14],
    [6, 47, 112, 21, 8],
    [7, 196, 97, 65, 15],
    [3, 13, 38, 8, 5],
    [23, 32, 82, 9, 10],
    [19, 46, 66, 13, 13],
    [43, 106, 98, 23, 22],
    [29, 86, 48, 14, 6],
    [18, 110, 208, 37, 25],
    [42, 137, 161, 19, 19],
    [5, 29, 23, 14, 5],
    [19, 74, 69, 12, 10],
    [13, 45, 79, 16, 8],
    [51, 114, 155, 43, 24],
    [15, 13, 26, 10, 9],
    [7, 50, 33, 18, 8],
    [35, 319, 509, 125, 45],
    [14, 251, 151, 63, 25],
    [19, 130, 88, 42, 14],
    [12, 230, 105, 68, 16],
    [2, 172, 99, 42, 12],
    [0, 13, 78, 7, 5],
    [162, 266, 203, 28, 46],
    [202, 696, 596, 134, 137],
    [151, 611, 604, 176, 149]
  ],
  "method": "mult",
  "cond_prob": [
    [
      [0.00016420045586, 1.463356334e-08, 0.34627396367, 0.014875042243, 0.638686779, 0],
      [0.003589111982, 0.017248907629, 0.0043401009359, 0.011949180784, 0.96287269867, 0],
      [0.0068564597247, 0.0021558543982, 0.00088718547235, 0.91950767201, 0.070592828397, 0],
      [0.072580648359, 0.41262728794, 0.00090632383022, 0.10810300355, 0.40578273633, 0],
      [0.078412678352, 0.026938482436, 0.18384274955, 0.2658186852, 0.44498740447, 0]
    ],
    [
      [8.1801848236e-05, 1.4997296929e-08, 0.40279757008, 0.0069881376749, 0.58458085217, 0.0055516232328],
      [0.0018715155068, 0.018467013663, 0.0057628338597, 0.0058762352197, 0.91710731464, 0.050915087112],
      [0.0067324228126, 0.0043541966708, 0.0022207273839, 0.8575775798, 0.12810214328, 0.001012930054],
      [0.039387190898, 0.44157976435, 0.0012559777749, 0.055440843206, 0.40619912313, 0.056137100633],
      [0.036184343573, 0.025551496941, 0.20699188584, 0.11596425879, 0.37883787708, 0.23647013778]
    ],
    [
      [0.00032591665999, 6.91919654e-09, 0.45886481575, 0.0063981978534, 0.53207003733, 0.0023410254819],
      [0.0083791346181, 0.00959680848, 0.0072494830006, 0.0060392184568, 0.94421384629, 0.024521509155],
      [0.02886237294, 0.0021545811634, 0.0026666676556, 0.84180492639, 0.12405435972, 0.00045709213286],
      [0.19433269945, 0.26639819397, 0.001705742744, 0.061528462213, 0.44685392833, 0.02918097329],
      [0.15468145315, 0.012450771774, 0.24603915801, 0.11166129355, 0.36145746049, 0.11370986302]
    ],
    [
      [0.00022279787084, 5.762063627e-09, 0.63128009207, 0.0044071516004, 0.361764555, 0.002325397706],
      [0.0082183691361, 0.011522056916, 0.0082538773985, 0.0059566494284, 0.93082864997, 0.035220397147],
      [0.028520523484, 0.0025788021582, 0.0030296506548, 0.8455642111, 0.11965579438, 0.00065101822239],
      [0.17812408241, 0.33805385663, 0.0017379552192, 0.054656378461, 0.38972098643, 0.037706740858],
      [0.13536051665, 0.012898535892, 0.30893920039, 0.095045913665, 0.30159721316, 0.14615862024]
    ],
    [
      [0.00036145807162, 1.8828728856e-08, 0.46496741575, 0.0061840584774, 0.52500342515, 0.0034836237155],
      [0.0092096701387, 0.025811105219, 0.0078978088305, 0.0057960115852, 0.9158241668, 0.035461237424],
      [0.032806438761, 0.0060452414339, 0.0030224437582, 0.8298732556, 0.12754928705, 0.00070333339885],
      [0.1472952263, 0.46506447704, 0.0013291426792, 0.04216407124, 0.3139791598, 0.030167922931],
      [0.15377549817, 0.031270613602, 0.24027597753, 0.10004759456, 0.33247540571, 0.14215491043]
    ],
    [
      [0.00060416371641, 1.5791207262e-08, 0.42386744248, 0.0068906685634, 0.56452575149, 0.0041119579574],
      [0.014285885069, 0.020090936001, 0.0066727852106, 0.0059931782792, 0.91409526977, 0.038861945669],
      [0.048725461368, 0.0045042867238, 0.0024446503481, 0.82177542667, 0.12181266981, 0.00073750508416],
      [0.23274472293, 0.36933901281, 0.001142669852, 0.044364405394, 0.31876835383, 0.033640835183],
      [0.22579507989, 0.023018034326, 0.19210078504, 0.097830851049, 0.31368659325, 0.14756865645]
    ],
    [
      [0.00012709197758, 1.1108495301e-08, 0.4451539719, 0.0058439345149, 0.54697600179, 0.0018989887008],
      [0.0032222868991, 0.015152837986, 0.0075509259157, 0.0054504220201, 0.94938984656, 0.019233680618],
      [0.012332026078, 0.0038132296784, 0.0031049055673, 0.83824663511, 0.14209327749, 0.00040992607339],
      [0.072849688297, 0.38580808646, 0.0017970973622, 0.056068839243, 0.46033754998, 0.023138738657],
      [0.065807997405, 0.022461865566, 0.28054440375, 0.11511166296, 0.42177282943, 0.094301240885]
    ],
    [
      [0.0002183435825, 1.3139302711e-08, 0.5055169396, 0.0049470346532, 0.48742949234, 0.0018881766918],
      [0.0061252831095, 0.019860881232, 0.0093283903756, 0.0051003394921, 0.93834851379, 0.021236592],
      [0.024327292269, 0.0051640711371, 0.0039699306695, 0.82163317421, 0.14443930686, 0.00046622485398],
      [0.11689249502, 0.44069294948, 0.0018417885892, 0.043562674318, 0.37581333592, 0.021196756672],
      [0.11202126267, 0.025961429613, 0.30807684089, 0.095061781163, 0.36565108663, 0.09322759903]
    ],
    [
      [0.00026953280686, 8.6175764131e-09, 0.70268818678, 0.0025700360727, 0.2937361391, 0.00073609662254],
      [0.012392764018, 0.021448900364, 0.02032146103, 0.0043311728427, 0.92788611005, 0.013619591694],
      [0.052933507159, 0.0059218046393, 0.0092305465169, 0.78021544554, 0.15138161915, 0.00031707699366],
      [0.20146638776, 0.45468007646, 0.0032492435174, 0.030044737299, 0.29954617081, 0.011013384153],
      [0.16333810858, 0.019321076506, 0.47207474418, 0.055821982169, 0.24736685973, 0.042077228832]
    ],
    [
      [0.0004806916071, 3.0022486528e-08, 0.31331413082, 0.0095054492384, 0.67303331338, 0.0036663849338],
      [0.0095617312958, 0.032138500007, 0.0040056066708, 0.0069520114971, 0.91811739035, 0.029224760181],
      [0.029104922912, 0.0064205555218, 0.001307762995, 0.85399781839, 0.10867610421, 0.0004928359774],
      [0.13629004721, 0.51906969676, 0.00059546347033, 0.044707842268, 0.27736624561, 0.021970704681],
      [0.17977753687, 0.043509859518, 0.13880366492, 0.13415654644, 0.37126581699, 0.13248657526]
    ],
    [
      [0.00020236820575, 1.3228677737e-08, 0.49006617831, 0.0064922591324, 0.50162187426, 0.0016173068624],
      [0.0055448337339, 0.019506622155, 0.0089207845438, 0.0065419119621, 0.94175664003, 0.017729207576],
      [0.01800192501, 0.0041595495955, 0.003109353387, 0.85519144683, 0.11921802259, 0.00031970258715],
      [0.10722075125, 0.4274508205, 0.0018070374586, 0.057291582127, 0.38807547497, 0.018154333697],
      [0.10168336944, 0.025851543938, 0.29735335518, 0.12354454399, 0.37338291323, 0.078184274218]
    ],
    [
      [0.00012052193828, 1.1390862674e-08, 0.49349333606, 0.0060822542165, 0.49824440613, 0.0020594702639],
      [0.0033263947472, 0.016918060508, 0.0090703671817, 0.0061745782176, 0.94178998699, 0.02272061236],
      [0.011448538077, 0.0038267858352, 0.0033530585522, 0.85433202642, 0.12660455968, 0.00043503143011],
      [0.071200509889, 0.40962984784, 0.0020399877186, 0.06003065008, 0.43126757257, 0.025831431902],
      [0.062365495701, 0.022985707972, 0.30960380835, 0.11952310561, 0.38317886798, 0.10234301439]
    ],
    [
      [0.00024834647447, 1.4646291241e-08, 0.5203076082, 0.0062299269219, 0.46966645163, 0.0035476521286],
      [0.0070363966657, 0.022355336004, 0.0094212192756, 0.0064852359972, 0.91426440376, 0.0404374083],
      [0.022881043557, 0.004755395891, 0.0032793861804, 0.8535481077, 0.11481264808, 0.00072341859516],
      [0.12325103454, 0.45386862378, 0.0016981459367, 0.050584514005, 0.33373966914, 0.036858012593],
      [0.1143442408, 0.025845440639, 0.27939905736, 0.10688665523, 0.31443437338, 0.15909023259]
    ],
    [
      [0.0004935182741, 8.7164861586e-09, 0.42010056274, 0.006785351176, 0.56830219296, 0.0043183661362],
      [0.011713208941, 0.011132721135, 0.0066627036733, 0.0059230176066, 0.92360145514, 0.040966893508],
      [0.04068274704, 0.0025404801961, 0.0024850966648, 0.82821305747, 0.12528726465, 0.00079135397866],
      [0.23919786909, 0.25721526987, 0.0014275192372, 0.054859615377, 0.40293193279, 0.044367793638],
      [0.19340591189, 0.013302089522, 0.19962360355, 0.10084960189, 0.33050867565, 0.1623101175]
    ],
    [
      [0.00028625059961, 1.6713161637e-08, 0.36421220662, 0.0062135766789, 0.62679012472, 0.0024978246676],
      [0.006281733954, 0.019733008882, 0.0053144409546, 0.0050155712519, 0.94175323749, 0.021902007464],
      [0.025444130461, 0.0052542431338, 0.0023122071238, 0.81740469166, 0.14909094204, 0.00049378558495],
      [0.12038478641, 0.42611591749, 0.0010705959985, 0.04367958849, 0.38644462518, 0.022304486421],
      [0.13007925602, 0.029622008467, 0.200604492, 0.10728579222, 0.42355546568, 0.10885298561]
    ],
    [
      [0.00069399531553, 2.9252093477e-08, 0.32070481282, 0.010358942195, 0.66824222042, 0],
      [0.014173419348, 0.032189090838, 0.0036484031606, 0.0077720454439, 0.94221704121, 0],
      [0.038568640902, 0.0057269765034, 0.0010609806422, 0.85660461627, 0.098038785683, 0],
      [0.19005430816, 0.50215638554, 0.00050150077501, 0.04631432381, 0.26097348172, 0],
      [0.27671945078, 0.044627831477, 0.13917697199, 0.15362026011, 0.38585548565, 0]
    ],
    [
      [0.00013589222691, 1.2245835434e-08, 0.49658983912, 0.0049873104139, 0.49572585057, 0.0025610954171],
      [0.0037376377697, 0.018150581796, 0.008860033273, 0.0050424241968, 0.93594448866, 0.028264834305],
      [0.015221535827, 0.0048426270731, 0.0038682103947, 0.82763566261, 0.14779569711, 0.00063626698344],
      [0.077134693278, 0.43651864462, 0.0018994426685, 0.046756637599, 0.40705203832, 0.03063854352],
      [0.070221372839, 0.024470157262, 0.30408669419, 0.096853806811, 0.37611910938, 0.12824885953]
    ],
    [
      [0.0005849803062, 0, 0.41356228263, 0.0060304509805, 0.57757802108, 0.0022442649983],
      [0.013935820025, 0, 0.0057899734582, 0.0052692169518, 0.95324973654, 0.021755253028],
      [0.051341322974, 0, 0.0022710060325, 0.81354155639, 0.13241337454, 0.00043274006126],
      [0.38344258971, 0, 0.0015859942424, 0.062650292568, 0.52216441263, 0.030156710845],
      [0.25560578324, 0, 0.19628844954, 0.095571411268, 0.35410831382, 0.098426042126]
    ],
    [
      [0.00086444007414, 3.0259132259e-09, 0.47995074054, 0.0072052413187, 0.51020659656, 0.0017729784823],
      [0.023050390657, 0.0043471724629, 0.0078520193479, 0.0070496835521, 0.93856410538, 0.0191366286],
      [0.065448515306, 0.00080372150665, 0.002377141156, 0.82959239681, 0.10148274379, 0.00029548143811],
      [0.45039280599, 0.098978013632, 0.0015397369239, 0.059935734417, 0.37017120228, 0.018982506756],
      [0.33610110112, 0.0044092775383, 0.20848622918, 0.10222023215, 0.28093153559, 0.06785162443]
    ],
    [
      [0.00080958628699, 1.7288543691e-08, 0.46998515805, 0.0073106298547, 0.5170827752, 0.0048118333214],
      [0.02035610907, 0.023401114767, 0.0071852227876, 0.00675223482, 0.89367437005, 0.048630948509],
      [0.060484855871, 0.0045478893855, 0.0022829604788, 0.82952712881, 0.10236205151, 0.00079511393862],
      [0.28581404202, 0.3753472597, 0.001033624238, 0.04210775094, 0.26029656366, 0.03540075944],
      [0.27960426337, 0.022786107012, 0.18420225334, 0.093978874157, 0.25865606873, 0.16077243339]
    ],
    [
      [0.00025139403351, 6.6707028831e-09, 0.70850807121, 0.0046783858699, 0.28656214221, 0],
      [0.012015547304, 0.017171245578, 0.021821588332, 0.0082193780996, 0.94077224069, 0],
      [0.031337501118, 0.0029349073854, 0.0061002479199, 0.86462034055, 0.095007003029, 0],
      [0.21650665873, 0.35623210113, 0.0040815108624, 0.066503640569, 0.35667608872, 0],
      [0.1470414149, 0.015067446389, 0.48924057484, 0.10278068152, 0.24586988235, 0]
    ],
    [
      [0.00071840051599, 3.107519039e-08, 0, 0.015803531975, 0.98347803643, 0],
      [0.0099736212705, 0.023344450011, 0, 0.0080386542424, 0.95864327448, 0],
      [0.026459288599, 0.0039989322543, 0, 0.8765255483, 0.093016230842, 0],
      [0.16112864039, 0.48778408367, 0, 0.054929781937, 0.296157494, 0],
      [0.26241948871, 0.041683905557, 0, 0.20479962102, 0.49109698471, 0]
    ],
    [
      [0.0005271739059, 1.4955757411e-08, 0.35995551854, 0.008555758089, 0.62966517983, 0.0012963546804],
      [0.011527069429, 0.017601825839, 0.0048194895535, 0.0068742228891, 0.94775980149, 0.011417590802],
      [0.034961905655, 0.0034960354983, 0.0015645182961, 0.8491289779, 0.11065821801, 0.00019034463812],
      [0.20949853562, 0.36416227376, 0.00090274898368, 0.055769184495, 0.35884648517, 0.010820771965],
      [0.22333723969, 0.024305078547, 0.17462201911, 0.13544488736, 0.38841113201, 0.053879643286]
    ],
    [
      [0.00016358700776, 1.2407906579e-08, 0.54094504785, 0.0039293402094, 0.45316779633, 0.0017942161977],
      [0.0049330928585, 0.020153067991, 0.0099588718713, 0.0043534052298, 0.93886652153, 0.021735040524],
      [0.022353853142, 0.0059742652298, 0.0048280291745, 0.80201207368, 0.16428912787, 0.00054265090359],
      [0.096874790877, 0.45679786917, 0.0020102942253, 0.038060067873, 0.38405588903, 0.022201088816],
      [0.090544756578, 0.02630359564, 0.34150500875, 0.081048919589, 0.36455178278, 0.096045936668]
    ],
    [
      [0.00065786825238, 1.0940889597e-08, 0.62865781406, 0.0059869910642, 0.36331909138, 0.0013782243026],
      [0.023965875985, 0.021510306525, 0.014206460323, 0.0080020554117, 0.91201847913, 0.020296822623],
      [0.061516935494, 0.0035894163065, 0.0038875790385, 0.84140919331, 0.089313259491, 0.00028361636444],
      [0.3281829566, 0.35619564895, 0.0019492079977, 0.047567770893, 0.25201886641, 0.014085549147],
      [0.28979876866, 0.01807165346, 0.31051007926, 0.095939660422, 0.22636312384, 0.059316714353]
    ],
    [
      [0.00055608625263, 1.8087327654e-08, 0.36398150292, 0.0061366949419, 0.62567244294, 0.0036532548522],
      [0.012003229059, 0.021007621781, 0.0051248165997, 0.0048711872174, 0.92544879152, 0.031544353826],
      [0.04857414344, 0.0055835763686, 0.002225813031, 0.79693021431, 0.14597723244, 0.00070902041233],
      [0.20219891472, 0.39972037847, 0.00090343868021, 0.037143413898, 0.3319159792, 0.028117875037],
      [0.21625745234, 0.027332454482, 0.16936033297, 0.090359892321, 0.36016922049, 0.1365206474]
    ],
    [
      [0.0008838724674, 6.2090932032e-09, 0.40194422025, 0.0049962917548, 0.5871173585, 0.0050582508194],
      [0.020099215119, 0.0076059716411, 0.0060038153766, 0.0041764080095, 0.91600476547, 0.046109824387],
      [0.089068329822, 0.002208701067, 0.0028525365118, 0.74719514241, 0.15754471009, 0.0011305800989],
      [0.38234013896, 0.16732254981, 0.0011863964368, 0.035692841944, 0.36739407871, 0.046063994141],
      [0.30220802204, 0.0082042517025, 0.16378101908, 0.064201738272, 0.29475356272, 0.16685140618]
    ],
    [
      [0.00056871860994, 1.6621775558e-08, 0.46754351337, 0.0076034190872, 0.52057654629, 0.0037077860236],
      [0.014481777531, 0.022776401704, 0.0075469643867, 0.0071180165953, 0.91020563486, 0.037871204924],
      [0.042492034206, 0.0043849454537, 0.0023741872909, 0.84657414028, 0.10355994499, 0.00061474778232],
      [0.22360304226, 0.39808329658, 0.0012129625413, 0.049511406293, 0.29680286472, 0.030786427616],
      [0.21921223419, 0.024784894099, 0.21172990067, 0.11046691208, 0.2952843602, 0.13852169876]
    ],
    [
      [0.00024550780487, 8.8764334223e-09, 0.61636294473, 0.0034390381906, 0.37896698591, 0.00098551448887],
      [0.008875501453, 0.017285947823, 0.014332177453, 0.0045680042013, 0.94063349427, 0.014304874796],
      [0.038020559833, 0.0048446825879, 0.0065729219768, 0.79438652755, 0.1558374281, 0.00033787995456],
      [0.17255155923, 0.38886165127, 0.0028689331882, 0.039571739634, 0.38166645767, 0.014479659002],
      [0.13825027399, 0.019164409385, 0.4062271525, 0.072224315639, 0.3105477723, 0.053586076194]
    ],
    [
      [8.2348047424e-05, 0, 0.38560159912, 0.0061824477954, 0.60813360504, 0],
      [0.0019322826085, 0, 0.0056181736135, 0.0053255497547, 0.98712399402, 0],
      [0.0075395792374, 0, 0.0023406162203, 0.84389120125, 0.14622860329, 0],
      [0.079298219818, 0, 0.0023350479658, 0.095846910137, 0.82251982208, 0],
      [0.051006658416, 0, 0.2706976925, 0.14061771766, 0.53767793142, 0]
    ],
    [
      [0.00022778376916, 1.7653060695e-08, 0.58692861225, 0.0060585958832, 0.40425155471, 0.0025334357297],
      [0.0074494223581, 0.031086651626, 0.011921919715, 0.0072816595394, 0.90891847053, 0.033341876233],
      [0.021881442373, 0.0059805000987, 0.0037498952793, 0.86475840391, 0.10309063405, 0.00053912429061],
      [0.11076977321, 0.53026092952, 0.0018318407211, 0.048431343707, 0.28278933887, 0.025916773967],
      [0.11171327151, 0.033301848138, 0.33265523711, 0.11120129584, 0.28953744904, 0.12159089836]
    ],
    [
      [0.00017127937326, 6.0880065635e-09, 0.52135961419, 0.0063851532705, 0.46984648704, 0.0022374600308],
      [0.0049913448345, 0.0095590294637, 0.0096445061142, 0.0068348142058, 0.94267519442, 0.026295110964],
      [0.01557386114, 0.0019491848431, 0.0032188560524, 0.86580604035, 0.11300229235, 0.00044976526223],
      [0.12448381572, 0.27734401954, 0.0024636674939, 0.075574308327, 0.48616661007, 0.033967578841],
      [0.088559240979, 0.012016073572, 0.31202348923, 0.12252288372, 0.35131311725, 0.11356519525]
    ],
    [
      [0.00094490875501, 7.3312607019e-09, 0.234306573, 0.0073292235812, 0.74528472509, 0.012134562241],
      [0.01615387475, 0.0067718066467, 0.0024581045355, 0.0045925943691, 0.88497995215, 0.085043667545],
      [0.067554113071, 0.0018331599937, 0.001092892418, 0.78920155777, 0.13841834473, 0.0018999320158],
      [0.33573891413, 0.17535599994, 0.00050232621182, 0.040678453315, 0.35984678586, 0.087877520541],
      [0.25044248736, 0.0071720958538, 0.068040344736, 0.069422564412, 0.27328450493, 0.3316380027]
    ],
    [
      [0.00037960787261, 1.6890233292e-08, 0.25349389826, 0.0086147762252, 0.72815777089, 0.0093539298593],
      [0.0068460878834, 0.016390439394, 0.0028922792718, 0.0057120553397, 0.90056801163, 0.067591126481],
      [0.024869456018, 0.0039074068889, 0.0011265581107, 0.84154987719, 0.12718652262, 0.0013601791779],
      [0.13529929152, 0.36604968011, 0.00059536617109, 0.050889680772, 0.37678843412, 0.070377547306],
      [0.12474774471, 0.021482851108, 0.09784144663, 0.10678278473, 0.35255385887, 0.29659131395]
    ],
    [
      [0.00038299260533, 1.8466057658e-08, 0.11457004924, 0.0083852312858, 0.86859047411, 0.0080712342973],
      [0.0059291328222, 0.015389235478, 0.0011061254801, 0.0047717839454, 0.9226929929, 0.050110729374],
      [0.025123740554, 0.0042753540223, 0.00050224855576, 0.8172204234, 0.15170392161, 0.0011743118486],
      [0.12424975639, 0.36783618915, 0.00024061349642, 0.044926926254, 0.40760014709, 0.055146367612],
      [0.12947141517, 0.024103173854, 0.045040269116, 0.10654349692, 0.43110361314, 0.2637380318]
    ],
    [
      [0.000411334318, 2.0274739436e-08, 0.29525060902, 0.007512697488, 0.69311504865, 0.003710290248],
      [0.0080685026805, 0.021405481418, 0.0037133961617, 0.0054184017648, 0.93224674566, 0.029147472315],
      [0.030466203236, 0.0053045883784, 0.0015039782819, 0.82517510578, 0.13693995317, 0.00061017114501],
      [0.14360398649, 0.43292067996, 0.00068954119791, 0.043525721856, 0.35188738278, 0.02737268771],
      [0.16430573542, 0.031399339933, 0.13959739982, 0.11328137835, 0.40854686305, 0.14286928342]
    ],
    [
      [0.0005649691676, 1.1202651826e-08, 0.092350711218, 0.0088611350524, 0.88905652535, 0.0091666480043],
      [0.0085263760167, 0.0091039978013, 0.00088212937567, 0.0049159483873, 0.92108657502, 0.055484973396],
      [0.034987744807, 0.0024490159562, 0.00038797720449, 0.81436461002, 0.146551443, 0.0012592090126],
      [0.19590320296, 0.24001468751, 0.00021054605631, 0.050771305022, 0.44611584942, 0.066984409033],
      [0.17425469079, 0.013353024616, 0.033375925684, 0.1027665053, 0.40275042416, 0.27349942945]
    ],
    [
      [0.00045136914806, 1.5380464337e-08, 0.43457966862, 0.0060344030061, 0.55486299753, 0.0040715463161],
      [0.010890683371, 0.019970105035, 0.0068753438599, 0.0053544409764, 0.91760395098, 0.039305475781],
      [0.041135338157, 0.0049542522665, 0.002787491049, 0.81524446637, 0.13505394237, 0.00082450978362],
      [0.18905018825, 0.39227968749, 0.0012496906187, 0.042087272291, 0.33921146788, 0.036121693466],
      [0.18240473415, 0.024165626512, 0.21073515114, 0.09234462987, 0.33204568402, 0.15830417431]
    ],
    [
      [0.00078791383661, 4.2090782823e-08, 0.49353581894, 0.0080996908926, 0.49757653424, 0],
      [0.020511068525, 0.059653025285, 0.0071916503892, 0.0077262393188, 0.90491801648, 0],
      [0.054979698679, 0.010280296471, 0.0020460888605, 0.84308942266, 0.089604493325, 0],
      [0.15534640304, 0.68708842509, 0.00053197555409, 0.024789478577, 0.13224371774, 0],
      [0.32443172341, 0.064253951184, 0.21166810908, 0.11842587103, 0.2812203453, 0]
    ],
    [
      [0.0009579506973, 2.1697236962e-08, 0.52967185252, 0.0052268512961, 0.45893467597, 0.0052086478163],
      [0.025884744362, 0.031605117182, 0.0063394229537, 0.00518044287, 0.87211604835, 0.058874224279],
      [0.094958007931, 0.0075370950734, 0.0024703625099, 0.77665677847, 0.11724577163, 0.0011319843852],
      [0.30277782063, 0.43646986639, 0.00073651568635, 0.026173117244, 0.19914764771, 0.034695032339],
      [0.32289588349, 0.027260542997, 0.16719081358, 0.063767473263, 0.21591238152, 0.20297290515]
    ],
    [
      [0.0010329682536, 1.6470345108e-08, 0.46763751347, 0.0066877493076, 0.52247850505, 0.0021632474514],
      [0.02626811188, 0.022564915506, 0.007380479596, 0.0062498326633, 0.91539691724, 0.022139743117],
      [0.082967300226, 0.0046655270316, 0.0024960134191, 0.79831820674, 0.1111680922, 0.00038486038383],
      [0.34765317637, 0.34643240156, 0.0010088352204, 0.036980313532, 0.25261579828, 0.015309475044],
      [0.36115841611, 0.022154942417, 0.18878973177, 0.087467471636, 0.26640647079, 0.074022967278]
    ],
    [
      [0.00051991159288, 1.1874004117e-08, 0.59700946735, 0.0050958836089, 0.39432406676, 0.0030506588175],
      [0.017329132095, 0.021302095461, 0.012473462375, 0.0062443481644, 0.90184213858, 0.040808823327],
      [0.056427103644, 0.0045502353557, 0.0043540034428, 0.8199183591, 0.11401564674, 0.00073465172721],
      [0.26377502999, 0.36865132167, 0.0019755542482, 0.042796849315, 0.29010558078, 0.032695664001],
      [0.22294944256, 0.019698571696, 0.29911182373, 0.082297095752, 0.24884788218, 0.12709518407]
    ],
    [
      [0.0013156632741, 3.7868789239e-08, 0.49951030312, 0.0094660701069, 0.48658177435, 0.0031261512829],
      [0.033728387845, 0.052486002956, 0.0064500316786, 0.0089077410162, 0.86585115957, 0.032576676934],
      [0.078097887433, 0.0079029309143, 0.0015911869732, 0.83641330872, 0.07558575941, 0.00040892654857],
      [0.27470956874, 0.53717497124, 0.00052979552993, 0.031760955374, 0.14225852862, 0.01356618049],
      [0.39596973378, 0.043185847645, 0.15305634557, 0.10442305909, 0.20838450793, 0.094980505987]
    ],
    [
      [0.00054517113078, 1.727069598e-08, 0.3293455911, 0.0070408110463, 0.66103093387, 0.0020374755833],
      [0.011339388487, 0.019332407149, 0.0044989996315, 0.0053852780537, 0.94248249587, 0.016961430808],
      [0.04246629745, 0.0047539924953, 0.0018082700081, 0.81315228987, 0.13746658404, 0.00035256613023],
      [0.20008606018, 0.38662052041, 0.00083029903939, 0.04297873623, 0.35365831531, 0.015826068828],
      [0.22274895643, 0.027408909298, 0.16141343141, 0.10881754001, 0.39946715133, 0.080144011517]
    ],
    [
      [0.00064728815323, 1.2038042165e-08, 0.4880140148, 0.0074223080118, 0.50065469069, 0.0032616863112],
      [0.017248808036, 0.017267910459, 0.008433490522, 0.0072720201756, 0.91496754315, 0.034810227653],
      [0.049477105717, 0.0032499000681, 0.0025947154155, 0.84208530442, 0.10203951727, 0.00055345710092],
      [0.28046236564, 0.31983396429, 0.0014295442539, 0.05331954721, 0.31511757261, 0.029837005988],
      [0.24835070758, 0.01789442911, 0.22261286812, 0.10741414063, 0.28316405484, 0.12056379972]
    ],
    [
      [0, 1.698367734e-09, 0.9076273441, 0.00099541794884, 0.091377236248, 0],
      [0, 0.013434578484, 0.039165882145, 0.0053119340511, 0.94208760532, 0],
      [0, 0.0031765652753, 0.015195345196, 0.85702996684, 0.12459812269, 0],
      [0, 0.48297327754, 0.0095964121378, 0.056985313643, 0.45044499668, 0],
      [0, 0.0076612320274, 0.79659105776, 0.043501598774, 0.15224611144, 0]
    ],
    [
      [0.00039623106869, 2.3966873921e-08, 0.42239142593, 0.0069576717912, 0.5643498187, 0.0059048285424],
      [0.0090956990973, 0.029633220098, 0.0047977291002, 0.0058686046806, 0.8956703277, 0.054934419326],
      [0.032111568929, 0.0068463505971, 0.0018091725989, 0.83748941513, 0.12068470419, 0.0010587885523],
      [0.13501941516, 0.50780174628, 0.00073161086478, 0.038843263235, 0.27511966447, 0.04248429999],
      [0.15258352434, 0.035409730422, 0.16699372411, 0.099960067405, 0.31562852429, 0.22942442943]
    ],
    [
      [0.00061475186018, 1.4719309635e-08, 0.52964801668, 0.0089549299429, 0.45594551461, 0.0048367721787],
      [0.017044304993, 0.022049323194, 0.0085855727293, 0.0090951553577, 0.88782608703, 0.055399556693],
      [0.03966256722, 0.0033149712236, 0.0021198664722, 0.87875995155, 0.075461095907, 0.00068154763169],
      [0.25021632821, 0.40399506272, 0.0012250742617, 0.056318248533, 0.24825838536, 0.039986900914],
      [0.22920513769, 0.02005422894, 0.20912453497, 0.11820941379, 0.2315934881, 0.1918131965]
    ],
    [
      [0.00031004891142, 2.0611568796e-08, 0.53542618342, 0.0063960222992, 0.45297350083, 0.0048942239335],
      [0.0088329877069, 0.031624568427, 0.008684655905, 0.0066929282607, 0.88805089516, 0.056113964537],
      [0.027605872252, 0.0064606888289, 0.0028999265569, 0.85535750468, 0.10671258015, 0.00096342753567],
      [0.12687861698, 0.52370926278, 0.0012752170132, 0.04261512573, 0.26379405247, 0.041727725026],
      [0.1322707431, 0.033530519376, 0.25061863926, 0.10129406804, 0.27935302379, 0.20293300644]
    ],
    [
      [0.0001752240318, 0, 0.67247489896, 0.0046474415423, 0.31952215341, 0.0031802820602],
      [0.0072741574339, 0, 0.016727533379, 0.0070757073793, 0.91523332187, 0.053689279941],
      [0.021973228999, 0, 0.0053792273515, 0.86676090939, 0.1050107303, 0.0008759039582],
      [0.23112156595, 0, 0.0052826934236, 0.09681207099, 0.58100012627, 0.085783543366],
      [0.094968249595, 0, 0.39897353276, 0.090853929863, 0.24294103401, 0.17226325377]
    ],
    [
      [0.00046502781787, 1.4957846302e-08, 0.34555286551, 0.0089037776556, 0.63687274052, 0.008205573535],
      [0.0094888603986, 0.016438867811, 0.0041944814706, 0.0066740999169, 0.89546585054, 0.067737839861],
      [0.030027651558, 0.0034017256145, 0.0014192234065, 0.85524314039, 0.10873679891, 0.0011714601201],
      [0.17731208475, 0.35458337777, 0.00080348573014, 0.055379398368, 0.34625345366, 0.065668199717],
      [0.1559339112, 0.019167854493, 0.13020710602, 0.11095367961, 0.30925782015, 0.27447962854]
    ],
    [
      [0.00073971994416, 1.9702107657e-08, 0.4727152816, 0.0061746687171, 0.51514820602, 0.0052221040205],
      [0.018586678501, 0.026649474904, 0.0077398846678, 0.0057032627997, 0.88866589646, 0.05265480267],
      [0.064888467397, 0.0061003156003, 0.0028970007488, 0.80482998553, 0.12026818842, 0.0010160423032],
      [0.25419624268, 0.41567894113, 0.0010999246338, 0.035059216242, 0.2561328369, 0.037832838411],
      [0.25753218906, 0.026495150721, 0.19547868391, 0.080834247013, 0.26337503424, 0.17628469506]
    ],
    [
      [0.00080262135405, 3.4791225127e-08, 0.46380306143, 0.017643584453, 0.51311286075, 0.0046378372174],
      [0.019496218775, 0.045547946159, 0.0062767207495, 0.015738385483, 0.86714602057, 0.04579470826],
      [0.028022303994, 0.0042737054741, 0.00096312686927, 0.91950909436, 0.046874370909, 0.00035739839791],
      [0.19531607312, 0.53460766152, 0.00063999835414, 0.069585160122, 0.17620419771, 0.023646909167],
      [0.24361450044, 0.040153734571, 0.1521815154, 0.19787643776, 0.2232075631, 0.14296624873]
    ],
    [
      [0.0010118935349, 3.0032264804e-08, 0.35145974593, 0.0093761576259, 0.63444355517, 0.0037086177142],
      [0.020970400604, 0.033504577101, 0.0045226480011, 0.0071414405595, 0.90301347352, 0.030847460214],
      [0.060137962006, 0.0062957439021, 0.0013891070632, 0.83146246325, 0.10022622508, 0.00048849869262],
      [0.25262374295, 0.46056556854, 0.00056372655633, 0.038539491041, 0.22825483311, 0.019452637793],
      [0.31893376818, 0.036442205653, 0.12816179097, 0.11079174486, 0.29254124565, 0.11312924469]
    ],
    [
      [0.00095285746172, 5.8603273486e-09, 0.15929113839, 0.011457589038, 0.8182670369, 0.010031372345],
      [0.015248857985, 0.005059947971, 0.0015607705332, 0.0067317353702, 0.9065077407, 0.064890947437],
      [0.046851595011, 0.001013191227, 0.00051206585049, 0.84489704008, 0.10563794794, 0.0010881598919],
      [0.33120796468, 0.13178656071, 0.0003438339886, 0.064247296546, 0.40009486672, 0.072319477356],
      [0.25514267163, 0.0059490306242, 0.048092689799, 0.11291355764, 0.31318230956, 0.26471974075]
    ],
    [
      [0.00012383058759, 1.2831464703e-08, 0.48794332054, 0.0047398352766, 0.50492097416, 0.0022720266017],
      [0.0033603877725, 0.018751736138, 0.0086573733249, 0.0047285340582, 0.93979692849, 0.024705040219],
      [0.014423160857, 0.0052768753637, 0.0039846609699, 0.81901894959, 0.15670918165, 0.00058717156999],
      [0.069602348394, 0.44628309754, 0.0018654448712, 0.044066920234, 0.41126791932, 0.026914269648],
      [0.065361033192, 0.026200013049, 0.30671671107, 0.094157426117, 0.39197128264, 0.11559353393]
    ],
    [
      [0.00010437262117, 1.4448747689e-08, 0.51521657138, 0.005270772776, 0.4777033566, 0.0017049121749],
      [0.0029975299366, 0.022333115871, 0.0098589856747, 0.0055674494806, 0.93966720756, 0.019575711478],
      [0.011258277004, 0.0055108611057, 0.0039765238419, 0.84106256954, 0.13778293229, 0.00040883621432],
      [0.057568136134, 0.48647389528, 0.0019870438417, 0.048507213191, 0.38551973321, 0.019943978342],
      [0.056192433364, 0.030305168333, 0.33597945678, 0.10764032649, 0.38174074065, 0.088141874386]
    ],
    [
      [0.00033462746759, 4.6197460342e-09, 0.66042136945, 0.0045312852114, 0.33471271325, 0],
      [0.013837730251, 0.010299463502, 0.017649252931, 0.0068776240368, 0.95133592928, 0],
      [0.041146316024, 0.0019952927799, 0.0056032653476, 0.84259829914, 0.10865682671, 0],
      [0.28466494685, 0.25020468284, 0.0036677902491, 0.061903875397, 0.39955870466, 0],
      [0.19052539624, 0.0099194518097, 0.43303693229, 0.094612038244, 0.27190618142, 0]
    ],
    [
      [0.00050975533515, 1.9431401534e-08, 0.53941299728, 0.011546778399, 0.43957560456, 0.0089548449997],
      [0.013902930453, 0.028602872017, 0.0083717328368, 0.0115527598, 0.83751781917, 0.10005188572],
      [0.026695271175, 0.0035685764647, 0.0017116395803, 0.90727217459, 0.05972196852, 0.0010303696705],
      [0.18481169806, 0.46049281151, 0.0011109676703, 0.066490978111, 0.21988846644, 0.067205078209],
      [0.1629957266, 0.02324424104, 0.18494308163, 0.13395428287, 0.19718062823, 0.29768203963]
    ],
    [
      [0.00038562505049, 1.5932331995e-08, 0.28410032717, 0.0071347785986, 0.70837925325, 0],
      [0.007641772063, 0.017021225576, 0.0033789111887, 0.0051930400581, 0.96676505111, 0],
      [0.029787194303, 0.0043329541893, 0.0014077505546, 0.81982695521, 0.14464514574, 0],
      [0.15288622454, 0.40119208258, 0.0006909769753, 0.045996771729, 0.39923394418, 0],
      [0.18779644946, 0.029604324561, 0.15569337849, 0.12874887291, 0.49815697457, 0]
    ],
    [
      [0.00018997943514, 9.2556311628e-09, 0.57251175026, 0.0039323637306, 0.42307840222, 0.00028749509964],
      [0.0062634188716, 0.016426253803, 0.012368366893, 0.0047664292741, 0.95637911877, 0.0037964123886],
      [0.026279791892, 0.0045212776631, 0.0055661501653, 0.80749476007, 0.15604975232, 8.8267887307e-05],
      [0.13130069165, 0.39237750819, 0.0027011048702, 0.045020133193, 0.42440880939, 0.0041917527012],
      [0.11120789486, 0.020974913288, 0.40005324164, 0.086754610982, 0.36480045148, 0.016208887753]
    ],
    [
      [0.0002680628246, 1.4038120957e-08, 0.46972579072, 0.0056951107854, 0.52346634891, 0.00084467271884],
      [0.0071017468919, 0.020014293355, 0.0082351679575, 0.0055485840193, 0.9501486545, 0.0089515532736],
      [0.026305296714, 0.0048688528641, 0.0032744544324, 0.82812986146, 0.1372373572, 0.00018417732864],
      [0.1337975613, 0.42699670666, 0.0016244400325, 0.047323513202, 0.38133125866, 0.0089265201507],
      [0.13673251813, 0.027835583522, 0.28867430568, 0.10997602607, 0.3953737166, 0.041407849997]
    ],
    [
      [0.0001619699083, 8.9279206523e-09, 0.40425460812, 0.0060132521825, 0.58789727575, 0.0016728851119],
      [0.003848050928, 0.011415998743, 0.0063292059478, 0.0052533032853, 0.95724772517, 0.015905715921],
      [0.015124943197, 0.0029458737058, 0.0026697987637, 0.83234314646, 0.14656924587, 0.00034699199981],
      [0.095149773571, 0.32049980343, 0.0016360977217, 0.058721244343, 0.50320642268, 0.020786658247],
      [0.083511558973, 0.01787338998, 0.25029299239, 0.11721712026, 0.44812659039, 0.082978348005]
    ],
    [
      [0.00021401426236, 9.917077743e-09, 0.48798542966, 0.0045981829678, 0.50518605851, 0.0020163046858],
      [0.005839275817, 0.014560078985, 0.008805914075, 0.0046138872715, 0.94417960483, 0.022001239017],
      [0.025319095194, 0.0041470191114, 0.0040990592812, 0.80617832773, 0.15972639511, 0.00053010356529],
      [0.12756509493, 0.35953609036, 0.0020152483885, 0.045655017308, 0.43977426988, 0.025454279135],
      [0.10935656755, 0.019706581967, 0.30050432414, 0.088998657485, 0.38248404743, 0.098949821425]
    ],
    [
      [0.00041440415, 9.3571291202e-09, 0.48287481975, 0.0056874006491, 0.50815722615, 0.0028661399414],
      [0.011065407743, 0.013460126166, 0.0084058906159, 0.0055793345713, 0.93079681531, 0.030692425589],
      [0.040007784844, 0.0031828830812, 0.003253474874, 0.82261930066, 0.13032410739, 0.00061244915724],
      [0.22019583315, 0.31052440955, 0.0017199818318, 0.049407777414, 0.38640022538, 0.03175177267],
      [0.18470368366, 0.015969197931, 0.25311671578, 0.094447872507, 0.32920051256, 0.12256201757]
    ],
    [
      [0.00049422536505, 1.4063578771e-08, 0.42231247403, 0.0069369868626, 0.56938650369, 0.00086979598484],
      [0.012001226682, 0.018382593909, 0.0067252352475, 0.0061939964815, 0.9482351966, 0.0084617510803],
      [0.039955241427, 0.0040170048982, 0.002402499921, 0.83067351281, 0.12279558557, 0.00015615537125],
      [0.21291802332, 0.37122378672, 0.0012463665428, 0.049639604086, 0.35704379956, 0.0079284197746],
      [0.22049352995, 0.024349521164, 0.2255811014, 0.11691551338, 0.37516981386, 0.037490520254]
    ],
    [
