{
  "Z_true": {},
  "V_true": [
    [3, 21, 199, 984, 15],
    [485, 508, 694, 196, 29],
    [820, 5253, 2419, 964, 263],
    [110, 107, 8125, 12513, 243],
    [95, 249, 712, 594, 429]
  ],
  "p_true": [
    [0.0025, 0.0172, 0.1628, 0.8052, 0.0123],
    [0.2537, 0.2657, 0.363, 0.1025, 0.0152],
    [0.0844, 0.5405, 0.2489, 0.0992, 0.0271],
    [0.0052, 0.0051, 0.3851, 0.5931, 0.0115],
    [0.0457, 0.1198, 0.3425, 0.2857, 0.2063]
  ],
  "Z_est": [
    [
      [1.4376, 0.2396, 0.599, 5.2712, 7.4276, 1.9168, 10.4226, 3.7138, 5.5108, 8.7454, 0.7188, 4.4326, 1.5574, 1.5574, 1.3178, 1.6772, 3.594, 3.3544, 0.2396, 3.3544, 2.6356, 7.188, 1.5574, 4.9118, 8.1464, 4.9118, 3.1148, 2.1564, 3.3544, 4.6722, 4.4326, 1.0782, 14.0166, 1.3178, 10.183, 5.6306],
      [2.5308, 0.4218, 1.0545, 9.2796, 13.0758, 3.3744, 18.3483, 6.5379, 9.7014, 15.3957, 1.2654, 7.8033, 2.7417, 2.7417, 2.3199, 2.9526, 6.327, 5.9052, 0.4218, 5.9052, 4.6398, 12.654, 2.7417, 8.6469, 14.3412, 8.6469, 5.4834, 3.7962, 5.9052, 8.2251, 7.8033, 1.8981, 24.6753, 2.3199, 17.9265, 9.9123],
      [2.9196, 0.4866, 1.2165, 10.7052, 15.0846, 3.8928, 21.1671, 7.5423, 11.1918, 17.7609, 1.4598, 9.0021, 3.1629, 3.1629, 2.6763, 3.4062, 7.299, 6.8124, 0.4866, 6.8124, 5.3526, 14.598, 3.1629, 9.9753, 16.5444, 9.9753, 6.3258, 4.3794, 6.8124, 9.4887, 9.0021, 2.1897, 28.4661, 2.6763, 20.6805, 11.4351],
      [3.6396, 0.6066, 1.5165, 13.3452, 18.8046, 4.8528, 26.3871, 9.4023, 13.9518, 22.1409, 1.8198, 11.2221, 3.9429, 3.9429, 3.3363, 4.2462, 9.099, 8.4924, 0.6066, 8.4924, 6.6726, 18.198, 3.9429, 12.4353, 20.6244, 12.4353, 7.8858, 5.4594, 8.4924, 11.8287, 11.2221, 2.7297, 35.4861, 3.3363, 25.7805, 14.2551],
      [1.4724, 0.2454, 0.6135, 5.3988, 7.6074, 1.9632, 10.6749, 3.8037, 5.6442, 8.9571, 0.7362, 4.5399, 1.5951, 1.5951, 1.3497, 1.7178, 3.681, 3.4356, 0.2454, 3.4356, 2.6994, 7.362, 1.5951, 5.0307, 8.3436, 5.0307, 3.1902, 2.2086, 3.4356, 4.7853, 4.5399, 1.1043, 14.3559, 1.3497, 10.4295, 5.7669]
    ],
    [
      [9.747, 5.054, 1.083, 19.494, 23.465, 10.108, 20.577, 11.191, 14.44, 22.021, 3.971, 9.386, 14.801, 16.606, 22.382, 7.942, 58.843, 38.266, 0.361, 36.822, 30.685, 23.826, 3.61, 13.718, 19.494, 11.191, 6.859, 7.22, 6.859, 15.523, 21.66, 1.444, 62.092, 11.191, 75.449, 32.851],
      [4.9518, 2.5676, 0.5502, 9.9036, 11.921, 5.1352, 10.4538, 5.6854, 7.336, 11.1874, 2.0174, 4.7684, 7.5194, 8.4364, 11.3708, 4.0348, 29.8942, 19.4404, 0.1834, 18.7068, 15.589, 12.1044, 1.834, 6.9692, 9.9036, 5.6854, 3.4846, 3.668, 3.4846, 7.8862, 11.004, 0.7336, 31.5448, 5.6854, 38.3306, 16.6894],
      [5.1867, 2.6894, 0.5763, 10.3734, 12.4865, 5.3788, 10.9497, 5.9551, 7.684, 11.7181, 2.1131, 4.9946, 7.8761, 8.8366, 11.9102, 4.2262, 31.3123, 20.3626, 0.1921, 19.5942, 16.3285, 12.6786, 1.921, 7.2998, 10.3734, 5.9551, 3.6499, 3.842, 3.6499, 8.2603, 11.526, 0.7684, 33.0412, 5.9551, 40.1489, 17.4811],
      [4.7277, 2.4514, 0.5253, 9.4554, 11.3815, 4.9028, 9.9807, 5.4281, 7.004, 10.6811, 1.9261, 4.5526, 7.1791, 8.0546, 10.8562, 3.8522, 28.5413, 18.5606, 0.1751, 17.8602, 14.8835, 11.5566, 1.751, 6.6538, 9.4554, 5.4281, 3.3269, 3.502, 3.3269, 7.5293, 10.506, 0.7004, 30.1172, 5.4281, 36.5959, 15.9341],
      [2.3868, 1.2376, 0.2652, 4.7736, 5.746, 2.4752, 5.0388, 2.7404, 3.536, 5.3924, 0.9724, 2.2984, 3.6244, 4.0664, 5.4808, 1.9448, 14.4092, 9.3704, 0.0884, 9.0168, 7.514, 5.8344, 0.884, 3.3592, 4.7736, 2.7404, 1.6796, 1.768, 1.6796, 3.8012, 5.304, 0.3536, 15.2048, 2.7404, 18.4756, 8.0444]
    ],
    [
      [4.5537, 1.3767, 0.8472, 11.1901, 18.8149, 6.5658, 16.3792, 9.7075, 10.6959, 11.7549, 1.2355, 8.4367, 7.0953, 8.5779, 11.7196, 5.3656, 21.533, 15.0731, 0.5295, 11.7902, 9.884, 11.3666, 3.4594, 7.4483, 10.5194, 7.3424, 5.0126, 4.0948, 4.6596, 7.8366, 8.3661, 5.6833, 20.2975, 5.9657, 34.8764, 13.0257],
      [64.5903, 19.5273, 12.0168, 158.7219, 266.8731, 93.1302, 232.3248, 137.6925, 151.7121, 166.7331, 17.5245, 119.6673, 100.6407, 121.6701, 166.2324, 76.1064, 305.427, 213.7989, 7.5105, 167.2338, 140.196, 161.2254, 49.0686, 105.6477, 149.2086, 104.1456, 71.0994, 58.0812, 66.0924, 111.1554, 118.6659, 80.6127, 287.9025, 84.6183, 494.6916, 184.7583],
      [25.8258, 7.8078, 4.8048, 63.4634, 106.7066, 37.2372, 92.8928, 55.055, 60.6606, 66.6666, 7.007, 47.8478, 40.2402, 48.6486, 66.4664, 30.4304, 122.122, 85.4854, 3.003, 66.8668, 56.056, 64.4644, 19.6196, 42.2422, 59.6596, 41.6416, 28.4284, 23.2232, 26.4264, 44.4444, 47.4474, 32.2322, 115.115, 33.8338, 197.7976, 73.8738],
      [31.4244, 9.5004, 5.8464, 77.2212, 129.8388, 45.3096, 113.0304, 66.99, 73.8108, 81.1188, 8.526, 58.2204, 48.9636, 59.1948, 80.8752, 37.0272, 148.596, 104.0172, 3.654, 81.3624, 68.208, 78.4392, 23.8728, 51.3996, 72.5928, 50.6688, 34.5912, 28.2576, 32.1552, 54.0792, 57.7332, 39.2196, 140.07, 41.1684, 240.6768, 89.8884],
      [2.6187, 0.7917, 0.4872, 6.4351, 10.8199, 3.7758, 9.4192, 5.5825, 6.1509, 6.7599, 0.7105, 4.8517, 4.0803, 4.9329, 6.7396, 3.0856, 12.383, 8.6681, 0.3045, 6.7802, 5.684, 6.5366, 1.9894, 4.2833, 6.0494, 4.2224, 2.8826, 2.3548, 2.6796, 4.5066, 4.8111, 3.2683, 11.6725, 3.4307, 20.0564, 7.4907]
    ],
    [
      [0.7952, 0.3834, 0.071, 4.3381, 4.9558, 2.2223, 5.8788, 4.1606, 5.2256, 4.9984, 0.2485, 3.5713, 2.1016, 1.8105, 1.5194, 1.4697, 3.9902, 3.0956, 0.1349, 5.1759, 3.8482, 8.2715, 2.2507, 5.2398, 10.1033, 3.5926, 3.5713, 4.3878, 4.4375, 5.2611, 6.6101, 2.0306, 15.6555, 2.059, 11.3387, 4.9913],
      [1.4, 0.675, 0.125, 7.6375, 8.725, 3.9125, 10.35, 7.325, 9.2, 8.8, 0.4375, 6.2875, 3.7, 3.1875, 2.675, 2.5875, 7.025, 5.45, 0.2375, 9.1125, 6.775, 14.5625, 3.9625, 9.225, 17.7875, 6.325, 6.2875, 7.725, 7.8125, 9.2625, 11.6375, 3.575, 27.5625, 3.625, 19.9625, 8.7875],
      [47.264, 22.788, 4.22, 257.842, 294.556, 132.086, 349.416, 247.292, 310.592, 297.088, 14.77, 212.266, 124.912, 107.61, 90.308, 87.354, 237.164, 183.992, 8.018, 307.638, 228.724, 491.63, 133.774, 311.436, 600.506, 213.532, 212.266, 260.796, 263.75, 312.702, 392.882, 120.692, 930.51, 122.38, 673.934, 296.666],
      [61.8576, 29.8242, 5.523, 337.4553, 385.5054, 172.8699, 457.3044, 323.6478, 406.4928, 388.8192, 19.3305, 277.8069, 163.4808, 140.8365, 118.1922, 114.3261, 310.3926, 240.8028, 10.4937, 402.6267, 299.3466, 643.4295, 175.0791, 407.5974, 785.9229, 279.4638, 277.8069, 341.3214, 345.1875, 409.2543, 514.1913, 157.9578, 1217.8215, 160.167, 882.0231, 388.2669],
      [0.6832, 0.3294, 0.061, 3.7271, 4.2578, 1.9093, 5.0508, 3.5746, 4.4896, 4.2944, 0.2135, 3.0683, 1.8056, 1.5555, 1.3054, 1.2627, 3.4282, 2.6596, 0.1159, 4.4469, 3.3062, 7.1065, 1.9337, 4.5018, 8.6803, 3.0866, 3.0683, 3.7698, 3.8125, 4.5201, 5.6791, 1.7446, 13.4505, 1.769, 9.7417, 4.2883]
    ],
    [
      [1.898, 0.3796, 0.1898, 5.5042, 10.0594, 5.4093, 9.3951, 7.9716, 6.3583, 9.7747, 0.4745, 5.694, 3.5113, 3.5113, 6.2634, 1.898, 8.6359, 7.3073, 0.0949, 5.1246, 3.0368, 6.643, 3.0368, 5.0297, 6.7379, 6.2634, 3.8909, 1.9929, 4.0807, 6.7379, 4.745, 5.7889, 14.0452, 3.8909, 16.133, 5.7889],
      [3.978, 0.7956, 0.3978, 11.5362, 21.0834, 11.3373, 19.6911, 16.7076, 13.3263, 20.4867, 0.9945, 11.934, 7.3593, 7.3593, 13.1274, 3.978, 18.0999, 15.3153, 0.1989, 10.7406, 6.3648, 13.923, 6.3648, 10.5417, 14.1219, 13.1274, 8.1549, 4.1769, 8.5527, 14.1219, 9.945, 12.1329, 29.4372, 8.1549, 33.813, 12.1329],
      [6.078, 1.2156, 0.6078, 17.6262, 32.2134, 17.3223, 30.0861, 25.5276, 20.3613, 31.3017, 1.5195, 18.234, 11.2443, 11.2443, 20.0574, 6.078, 27.6549, 23.4003, 0.3039, 16.4106, 9.7248, 21.273, 9.7248, 16.1067, 21.5769, 20.0574, 12.4599, 6.3819, 13.0677, 21.5769, 15.195, 18.5379, 44.9772, 12.4599, 51.663, 18.5379],
      [4.672, 0.9344, 0.4672, 13.5488, 24.7616, 13.3152, 23.1264, 19.6224, 15.6512, 24.0608, 1.168, 14.016, 8.6432, 8.6432, 15.4176, 4.672, 21.2576, 17.9872, 0.2336, 12.6144, 7.4752, 16.352, 7.4752, 12.3808, 16.5856, 15.4176, 9.5776, 4.9056, 10.0448, 16.5856, 11.68, 14.2496, 34.5728, 9.5776, 39.712, 14.2496],
      [3.376, 0.6752, 0.3376, 9.7904, 17.8928, 9.6216, 16.7112, 14.1792, 11.3096, 17.3864, 0.844, 10.128, 6.2456, 6.2456, 11.1408, 3.376, 15.3608, 12.9976, 0.1688, 9.1152, 5.4016, 11.816, 5.4016, 8.9464, 11.9848, 11.1408, 6.9208, 3.5448, 7.2584, 11.9848, 8.44, 10.2968, 24.9824, 6.9208, 28.696, 10.2968]
    ]
  ],
  "V_est": [
    [146.3956, 257.7198, 297.3126, 370.6326, 149.9394],
    [690.232, 350.6608, 367.2952, 334.7912, 169.0208],
    [343.0807, 4866.3033, 1945.7438, 2367.5484, 197.2957],
    [149.7958, 263.725, 8903.356, 11652.4254, 128.6978],
    [197.2971, 413.5131, 631.8081, 485.6544, 350.9352]
  ],
  "p_est": [
    [0.1198, 0.2109, 0.2433, 0.3033, 0.1227],
    [0.361, 0.1834, 0.1921, 0.1751, 0.0884],
    [0.0353, 0.5007, 0.2002, 0.2436, 0.0203],
    [0.0071, 0.0125, 0.422, 0.5523, 0.0061],
    [0.0949, 0.1989, 0.3039, 0.2336, 0.1688]
  ],
  "EI_Z": {},
  "EI_V": 10.3859,
  "MAE_Z": {},
  "MAE_V": 299.3646,
  "MAE_p": 0.0859,
  "runtime": 98.102
}
