{
  "X": [
    [27, 8, 34, 117, 51, 15],
    [40, 45, 187, 295, 422, 92],
    [30, 47, 183, 258, 450, 101],
    [53, 87, 238, 475, 710, 131],
    [33, 34, 170, 214, 378, 56],
    [7, 13, 42, 94, 118, 25],
    [25, 15, 110, 119, 181, 38],
    [23, 20, 61, 131, 168, 35],
    [1, 4, 12, 25, 15, 6],
    [3, 1, 4, 16, 21, 9],
    [12, 37, 230, 249, 317, 87],
    [10, 12, 50, 97, 170, 40],
    [6, 7, 41, 82, 89, 22],
    [39, 76, 481, 472, 594, 170],
    [22, 33, 108, 325, 409, 68],
    [5, 11, 22, 53, 154, 13],
    [7, 11, 18, 95, 107, 21],
    [41, 29, 173, 196, 193, 63],
    [4, 8, 8, 19, 23, 9],
    [8, 5, 40, 67, 71, 16],
    [13, 8, 35, 46, 67, 22],
    [11, 22, 67, 72, 95, 36],
    [8, 19, 74, 49, 79, 28],
    [11, 36, 134, 140, 193, 42],
    [11, 21, 41, 64, 91, 18],
    [4, 7, 9, 21, 30, 7],
    [54, 66, 373, 357, 391, 117],
    [53, 10, 64, 116, 91, 13],
    [29, 25, 42, 183, 337, 47],
    [41, 83, 153, 413, 643, 101],
    [6, 2, 25, 46, 71, 11],
    [1, 3, 3, 11, 20, 7],
    [62, 104, 377, 515, 492, 147],
    [64, 68, 472, 487, 522, 121],
    [27, 28, 121, 184, 164, 48],
    [24, 17, 102, 95, 119, 25],
    [17, 5, 43, 37, 43, 14],
    [28, 11, 131, 114, 116, 25],
    [26, 21, 135, 101, 132, 63],
    [0, 0, 0, 0, 1, 0],
    [4, 11, 14, 14, 59, 16],
    [38, 41, 236, 191, 366, 72],
    [13, 19, 48, 54, 114, 28],
    [184, 113, 358, 696, 826, 222],
    [29, 6, 26, 18, 53, 7]
  ],
  "W": [
    [11, 73, 89, 30, 22, 13, 14],
    [61, 74, 504, 127, 131, 115, 69],
    [48, 51, 567, 130, 113, 68, 92],
    [66, 102, 927, 166, 192, 98, 143],
    [32, 58, 496, 100, 94, 50, 55],
    [18, 23, 156, 24, 27, 23, 28],
    [38, 37, 222, 73, 53, 35, 30],
    [17, 49, 213, 49, 49, 17, 44],
    [6, 4, 27, 8, 11, 3, 4],
    [7, 3, 29, 4, 3, 2, 6],
    [105, 15, 387, 199, 99, 68, 59],
    [19, 18, 227, 29, 23, 32, 31],
    [19, 9, 114, 39, 25, 20, 21],
    [157, 68, 776, 379, 187, 138, 127],
    [38, 29, 589, 91, 77, 55, 86],
    [10, 7, 157, 23, 27, 5, 29],
    [5, 19, 160, 21, 16, 9, 29],
    [61, 86, 239, 131, 72, 58, 48],
    [4, 7, 31, 6, 12, 3, 8],
    [10, 18, 105, 31, 15, 8, 20],
    [21, 8, 87, 28, 24, 17, 6],
    [28, 22, 109, 58, 44, 25, 17],
    [23, 7, 99, 52, 40, 16, 20],
    [30, 31, 260, 73, 73, 40, 49],
    [18, 16, 113, 28, 34, 20, 17],
    [3, 8, 43, 10, 7, 4, 3],
    [128, 130, 520, 234, 162, 90, 94],
    [27, 91, 148, 32, 24, 13, 12],
    [9, 38, 420, 54, 49, 28, 65],
    [55, 80, 821, 144, 142, 85, 107],
    [5, 10, 87, 25, 13, 7, 14],
    [1, 1, 30, 0, 6, 2, 5],
    [150, 162, 617, 255, 236, 176, 101],
    [170, 142, 701, 300, 192, 121, 108],
    [54, 49, 251, 84, 60, 34, 40],
    [42, 45, 146, 64, 42, 22, 21],
    [21, 28, 46, 34, 16, 10, 4],
    [44, 76, 136, 83, 39, 30, 17],
    [58, 44, 151, 97, 46, 44, 38],
    [0, 0, 1, 0, 0, 0, 0],
    [0, 2, 70, 14, 15, 4, 13],
    [66, 64, 421, 136, 127, 78, 52],
    [15, 24, 134, 33, 29, 13, 28],
    [132, 298, 1142, 291, 211, 148, 177],
    [11, 28, 64, 13, 11, 0, 12]
  ],
  "method": "mvn_pdf",
  "cond_prob": [
    [
      [0.036292852348, 0.0012117570715, 0.60727204367, 0.25288169181, 0.0027628507231, 0.09957880438],
      [0.33385680079, 0.0010382605572, 0.061824354092, 0.60270635302, 0.00017031332373, 0.00040391821704],
      [0.015161646155, 0.012492566378, 0.0038002536866, 0.48736874124, 0.4498215669, 0.03135522564],
      [0.0017436153057, 0.0048411222889, 0.48212647733, 0.36703891718, 0.032064109017, 0.11218575888],
      [0.0020807909439, 0.24503127943, 0.24980193536, 0.30274221932, 0.1499601645, 0.050383610444],
      [7.5207393053e-05, 0.016681034068, 0.16596610902, 0.54797442819, 0.084201085669, 0.18510213566],
      [0.00086845668223, 0.034940505859, 0.0045400590864, 0.4556471145, 0.28493282698, 0.2190710369]
    ],
    [
      [0.033559699558, 0.001327423243, 0.69556547781, 0.15207198479, 0.0044781388038, 0.1129972758],
      [0.41473689444, 0.0015385712451, 0.096915986579, 0.48581321535, 0.00037186275741, 0.0006234696237],
      [0.012982621464, 0.012654181521, 0.0040972344458, 0.27024931268, 0.66693731221, 0.03307933768],
      [0.0016789024429, 0.0055194311995, 0.57683511316, 0.22948464731, 0.054031933811, 0.13244997207],
      [0.0018659513862, 0.25288502484, 0.27948889503, 0.17615208013, 0.23411384668, 0.055494201939],
      [7.8643966676e-05, 0.020650206586, 0.21752065283, 0.37129636925, 0.15377402036, 0.23668010701],
      [0.00078648101101, 0.037309256761, 0.0051665247874, 0.26724054846, 0.44791009033, 0.24158709865]
    ],
    [
      [0.025925889006, 0.0013170351844, 0.74065877067, 0.11346305595, 0.0034300223607, 0.11520522682],
      [0.40711011455, 0.0019336477796, 0.13057385961, 0.45921634355, 0.00036088335895, 0.00080515114834],
      [0.012976683807, 0.016238109248, 0.0056334821594, 0.26086724796, 0.66066143151, 0.043623045319],
      [0.0013391406807, 0.0056537495861, 0.63409196203, 0.17676604671, 0.042724531738, 0.13942456926],
      [0.0015717317185, 0.27376355192, 0.32423132999, 0.14329316409, 0.19545804303, 0.061682179256],
      [6.8406378979e-05, 0.023068239745, 0.26056720327, 0.31189703045, 0.13260028611, 0.27179883405],
      [0.00073033731925, 0.044494228043, 0.0066015556313, 0.23967613188, 0.41227249445, 0.29622525268]
    ],
    [
      [0.028571383317, 0.0016564440371, 0.71152060463, 0.14579400994, 0.0038290457976, 0.10862851228],
      [0.38227890976, 0.0020900386664, 0.10799154445, 0.50664068841, 0.00034600847175, 0.0006528102328],
      [0.012405190708, 0.017716040918, 0.0047074352741, 0.29063136077, 0.63884073552, 0.035699236809],
      [0.0014415372929, 0.0069429190742, 0.59493609175, 0.22176340782, 0.046565399569, 0.12835064449],
      [0.0015504548605, 0.30746906329, 0.27905076932, 0.16472754212, 0.19514428075, 0.052057889654],
      [6.954069679e-05, 0.026750961465, 0.23115382989, 0.36944249525, 0.13643587495, 0.23614729775],
      [0.00072546295755, 0.050412719612, 0.0057286228256, 0.27739311342, 0.41427223229, 0.25146784889]
    ],
    [
      [0.022397383418, 0.00094920678836, 0.81809571581, 0.087210809427, 0.0025757024305, 0.06877118213],
      [0.41351807878, 0.0016366850722, 0.16905884592, 0.41490319627, 0.00031847612658, 0.00056471782767],
      [0.014904836492, 0.015550436137, 0.0082449263084, 0.26665595518, 0.66002670495, 0.034617140927],
      [0.001209386153, 0.0042588091719, 0.73199459224, 0.14201079024, 0.03353340782, 0.086993014369],
      [0.0015972344601, 0.23210195523, 0.42075674895, 0.12956190859, 0.17266510046, 0.043317052308],
      [7.3354960046e-05, 0.020629607012, 0.35668727265, 0.2976012917, 0.12360274173, 0.20140573194],
      [0.0008874922614, 0.045093062733, 0.010223490126, 0.25921955526, 0.43574854394, 0.24882785568]
    ],
    [
      [0.017689594842, 0.0015917803701, 0.70032022928, 0.16297314844, 0.0038623310334, 0.11356291604],
      [0.26275384073, 0.0021808503113, 0.11360431707, 0.62034163203, 0.00038082758976, 0.00073853226758],
      [0.0073531798884, 0.016309030576, 0.0043377923049, 0.31246670602, 0.62390311762, 0.035630173593],
      [0.00087434786849, 0.006541150454, 0.57161003454, 0.24327621236, 0.046099500102, 0.13159875468],
      [0.00094848573408, 0.29897632275, 0.26828302006, 0.1824385445, 0.19562762829, 0.053725998659],
      [4.096855554e-05, 0.024496118857, 0.2133844092, 0.39458171112, 0.13156038324, 0.23593640902],
      [0.00042689909766, 0.046207761021, 0.0052507966242, 0.29606821602, 0.40083121838, 0.25121510885]
    ],
    [
      [0.039546093048, 0.00092659778424, 0.74812067099, 0.1164147346, 0.0034790855314, 0.091512818054],
      [0.51066107963, 0.0010980873428, 0.10604796749, 0.38138135775, 0.00029595695487, 0.00051555082366],
      [0.019518408817, 0.01127738049, 0.0055821975597, 0.2645359304, 0.66493480073, 0.034151282005],
      [0.0020776747328, 0.0040523447735, 0.65204606551, 0.18481141011, 0.044165554599, 0.11284695028],
      [0.0026094502407, 0.21092983046, 0.35608804734, 0.16037570785, 0.21661033409, 0.053386630015],
      [0.00010967314375, 0.017087445176, 0.27613899434, 0.33727826362, 0.14182217686, 0.22756344687],
      [0.0011820965049, 0.033292501667, 0.0070483475392, 0.26171862213, 0.44630759587, 0.25045083629]
    ],
    [
      [0.032175043917, 0.0015138092184, 0.68103768772, 0.16200563821, 0.0041039464492, 0.11916387448],
      [0.39469291906, 0.0017217342455, 0.092396341407, 0.51020966464, 0.00033527446079, 0.00064406619086],
      [0.012844548338, 0.0148960419, 0.0040948631118, 0.29784150179, 0.63435794659, 0.03596509827],
      [0.0015998177926, 0.0062606024725, 0.56060236978, 0.24327620629, 0.049278591456, 0.13898241221],
      [0.0017411082495, 0.28387383063, 0.26496200972, 0.18295625635, 0.20950388076, 0.056962914298],
      [7.3679031695e-05, 0.023033025916, 0.20668014725, 0.38743582707, 0.13808180172, 0.24469551901],
      [0.00075236211094, 0.042535508154, 0.0049983631524, 0.2848262123, 0.41163863353, 0.25524892075]
    ],
    [
      [0.012708986191, 0.0012498337184, 0.64370978545, 0.21933232452, 0.0023055089744, 0.12069356115],
      [0.17125642412, 0.0014583123507, 0.085464794137, 0.74096714855, 0.00019753400276, 0.00065578683842],
      [0.0060708232587, 0.014579541571, 0.0043007689265, 0.49091856445, 0.44169366229, 0.042436639502],
      [0.00061571532736, 0.0050215140617, 0.50794420532, 0.32229574887, 0.027025155709, 0.13709766071],
      [0.00074849628717, 0.27240584965, 0.26350982026, 0.27131743303, 0.13001806005, 0.062000340722],
      [2.7296645469e-05, 0.017724299306, 0.17420207792, 0.49927892098, 0.073371406611, 0.23539599853],
      [0.00031855465043, 0.037657627946, 0.0047551815307, 0.41961205168, 0.25374968025, 0.28390690394]
    ],
    [
      [0.064346518596, 0.00089198844677, 0.34427779194, 0.21899124918, 0.0052078463291, 0.36628460551],
      [0.60364490929, 0.00052985438856, 0.022773216175, 0.37185155331, 0.00022718199381, 0.00097328483931],
      [0.017734664676, 0.0062829151826, 0.0013543887145, 0.29189876111, 0.60754436041, 0.075184909908],
      [0.0027773786015, 0.0033428631602, 0.2480363019, 0.2996867014, 0.057105216809, 0.38905153813],
      [0.0032980695122, 0.1864932768, 0.12367738952, 0.24689487047, 0.2719221754, 0.16771421831],
      [8.774529107e-05, 0.0084826756184, 0.059842727763, 0.33198088934, 0.11206430168, 0.48754166031],
      [0.00081217765395, 0.014127039805, 0.0013302287672, 0.21943794145, 0.30585509697, 0.45843751535]
    ],
    [
      [0.025682741018, 0.0014284787179, 0.69119769582, 0.16369084907, 0.0042955906428, 0.11370464473],
      [0.34002786583, 0.0017572680642, 0.10223257012, 0.55493816421, 0.00037859980158, 0.00066553197012],
      [0.010009534945, 0.013731510392, 0.0041049142847, 0.29324295754, 0.64537640521, 0.033534677624],
      [0.0012679641319, 0.0058662196374, 0.56609575459, 0.24396900446, 0.051188986632, 0.13161207055],
      [0.0013962434182, 0.2668807862, 0.27176505338, 0.18552796857, 0.21980798527, 0.054621963151],
      [5.8731050948e-05, 0.021710842751, 0.2111681588, 0.39040956497, 0.14409638152, 0.23255632091],
      [0.00059756577641, 0.039913604534, 0.0051028294814, 0.28582416489, 0.42710593882, 0.2414558965]
    ],
    [
      [0.022775950447, 0.001254406037, 0.71871445832, 0.11713428618, 0.0034135253362, 0.13670737368],
      [0.37796706264, 0.0018951263236, 0.12862300511, 0.49016422517, 0.00037072774651, 0.00097985301121],
      [0.011218986092, 0.015234804467, 0.0052813583117, 0.26588185762, 0.65156051314, 0.050822480367],
      [0.0011624393244, 0.0053284586646, 0.6070039466, 0.18064281328, 0.04209326193, 0.1637690802],
      [0.001387036005, 0.26657882959, 0.31335596914, 0.14896932624, 0.19620644026, 0.073502398762],
      [5.7127279256e-05, 0.020933466811, 0.23786986813, 0.30711548879, 0.12592530208, 0.3080987469],
      [0.00060295343448, 0.039965389312, 0.0059236509564, 0.23338901183, 0.38799535525, 0.33212363921]
    ],
    [
      [0.03715400237, 0.0010991431587, 0.61400345829, 0.22298250685, 0.0046876607597, 0.12007322856],
      [0.37832434689, 0.00098436830457, 0.065255464768, 0.5546240325, 0.00030225233903, 0.00050953519662],
      [0.01226768626, 0.008976207327, 0.003044783634, 0.34074446757, 0.60499632197, 0.029970533239],
      [0.0017623312716, 0.0043608537693, 0.48400612839, 0.32150703905, 0.054041506878, 0.13432214064],
      [0.0020065423214, 0.20802177452, 0.23878723988, 0.25284650432, 0.24085923191, 0.057478707044],
      [7.4130675999e-05, 0.014651802833, 0.162484518, 0.46832000741, 0.13850961025, 0.21595993084],
      [0.00074624996261, 0.026664425739, 0.0038697334418, 0.33902539566, 0.40785862465, 0.22183557054]
    ],
    [
      [0.023098526213, 0.0012699605967, 0.75433775501, 0.12074549938, 0.0029531641454, 0.097595094656],
      [0.36578452817, 0.0018943551009, 0.13551506746, 0.4957973868, 0.00031536796202, 0.00069329450736],
      [0.012630486579, 0.017110356676, 0.0062954970016, 0.30306587034, 0.62050864718, 0.04038914222],
      [0.00119860895, 0.0054746918749, 0.64892273814, 0.18888000096, 0.036934060801, 0.11858989927],
      [0.0014462028711, 0.27190930719, 0.34166867412, 0.15738366137, 0.17363032612, 0.053961828337],
      [6.3225507512e-05, 0.023068850725, 0.27595599031, 0.3440454773, 0.11832476832, 0.23854168783],
      [0.00071491311693, 0.047124970041, 0.007415525329, 0.27998665978, 0.3894370092, 0.27532092254]
    ],
    [
      [0.0374684169, 0.0013988347941, 0.65058612546, 0.20046495572, 0.0040017922895, 0.10607987484],
      [0.38859638313, 0.0013513238155, 0.075311037919, 0.53397632545, 0.00027713622583, 0.00048779345876],
      [0.014277472337, 0.0131365554, 0.0037622815655, 0.35116679153, 0.58706537307, 0.030591526099],
      [0.0018325275315, 0.0056911643629, 0.52751296471, 0.29605064389, 0.047247540982, 0.12166515853],
      [0.0020338220169, 0.26090968309, 0.25486238394, 0.2269084321, 0.20439299225, 0.050892686607],
      [8.1683700098e-05, 0.020260789238, 0.18892182554, 0.4559106677, 0.12796096968, 0.20686406414],
      [0.00085651647334, 0.038380044014, 0.0047004023729, 0.34400732192, 0.39066522772, 0.2213904875]
    ],
    [
      [0.043087013698, 0.0020796117981, 0.61212578725, 0.20859783949, 0.010341336038, 0.12376841172],
      [0.43128348722, 0.0018032783711, 0.062359623274, 0.50339685159, 0.00064731868883, 0.00050944085682],
      [0.0082653077728, 0.0098604061663, 0.0017431638526, 0.1853768514, 0.77677784434, 0.017976426467],
      [0.0019451204612, 0.0078588888086, 0.45800266838, 0.28661117272, 0.11363644801, 0.13194570163],
      [0.0015916462461, 0.27074684054, 0.16105350365, 0.16200488521, 0.36406067287, 0.040542451472],
      [7.4378530237e-05, 0.023991219197, 0.13867257955, 0.3794835804, 0.26492545894, 0.19285278338],
      [0.00057624849631, 0.033569172599, 0.0025356316336, 0.21129149531, 0.6000804213, 0.15194703066]
    ],
    [
      [0.026429384586, 0.0022363538731, 0.58347417007, 0.23728900488, 0.0043983586037, 0.14617272798],
      [0.28304565032, 0.0021904557389, 0.066913214944, 0.64686204307, 0.00031047420594, 0.00067816172184],
      [0.008782900832, 0.018352405195, 0.0028597648561, 0.36454801969, 0.56879643509, 0.036660474335],
      [0.0012287347375, 0.0086629872412, 0.4468714373, 0.33403423261, 0.049501230322, 0.15970137778],
      [0.001171069144, 0.35362481549, 0.18323347758, 0.22009573863, 0.1846707888, 0.057204110349],
      [4.9282772932e-05, 0.027790939722, 0.14175441853, 0.46408936982, 0.12098907992, 0.24532690923],
      [0.00049664741313, 0.05074974504, 0.0033749905139, 0.33657534343, 0.35623046713, 0.25257280647]
    ],
    [
      [0.029941153007, 0.0013719959281, 0.72603726146, 0.13514427092, 0.003283963343, 0.10422135534],
      [0.40875995981, 0.0017548564251, 0.11151753948, 0.47703259242, 0.00030102827479, 0.00063402359168],
      [0.014657459189, 0.016563384937, 0.0054020895294, 0.30408105492, 0.62070973261, 0.03858627881],
      [0.0015364395235, 0.0058518081416, 0.61747042105, 0.2091877268, 0.040646439439, 0.12530716505],
      [0.0017790072404, 0.28099844845, 0.31154625418, 0.16731704808, 0.18367284173, 0.054686400311],
      [7.7139596764e-05, 0.023476530225, 0.24939133773, 0.36286970784, 0.12404928557, 0.24013599904],
      [0.00084080258565, 0.046275785055, 0.0064528457498, 0.28471997435, 0.39440338602, 0.26730720624]
    ],
    [
      [0.03447492211, 0.0037252485369, 0.59241659009, 0.15431331812, 0.0036006389095, 0.21146928224],
      [0.46299269651, 0.0038749731446, 0.070296464894, 0.46153959704, 0.00027442715181, 0.0010218412587],
      [0.013903886948, 0.037242167625, 0.0033812378995, 0.29259904757, 0.58921633462, 0.063657325337],
      [0.0016583648603, 0.015087193478, 0.47047309062, 0.22760223581, 0.042494636893, 0.24268447834],
      [0.001251476978, 0.53421954087, 0.1504393574, 0.11906204276, 0.12717842611, 0.067849155887],
      [6.6555485298e-05, 0.048579457496, 0.14594138003, 0.31844410046, 0.10487356433, 0.3820949422],
      [0.00064964373099, 0.086627316019, 0.0033429624821, 0.2237733384, 0.30288051961, 0.38272621976]
    ],
    [
      [0.020687231819, 0.00075651160862, 0.77117677706, 0.12460366767, 0.0023148810943, 0.08046093075],
      [0.34360480843, 0.0011307028892, 0.13518109142, 0.51926373106, 0.00024958987258, 0.00057007632735],
      [0.012999566382, 0.011713306188, 0.0071189307059, 0.36199145115, 0.56807279529, 0.038103950284],
      [0.001086173573, 0.0033056432959, 0.66920828522, 0.19783516613, 0.029382561488, 0.099182170301],
      [0.0015123859997, 0.19398580595, 0.40176410147, 0.19053460728, 0.16023411159, 0.051968987719],
      [6.0288691198e-05, 0.014657846158, 0.29421860989, 0.38060925144, 0.099442048069, 0.21101195576],
      [0.00073865598321, 0.032540929647, 0.0084564169068, 0.33610733105, 0.357325083, 0.26483158341]
    ],
    [
      [0.18793812466, 0.00112400493, 0.52274790098, 0.13636689899, 0.0038446850191, 0.14797838542],
      [0.8462358596, 0.00039054631233, 0.021542221651, 0.13149246638, 9.6439078793e-05, 0.00024246697538],
      [0.075278464441, 0.0112290241, 0.0031609166431, 0.25500710463, 0.61037337311, 0.044951117081],
      [0.010557223157, 0.0053590850752, 0.49556600261, 0.23613866494, 0.053250861048, 0.19912816317],
      [0.011749101189, 0.25261837974, 0.23858836083, 0.18160411562, 0.23248730513, 0.082952737499],
      [0.00044959345181, 0.018257248048, 0.16837900942, 0.34864246452, 0.13847098411, 0.32580070046],
      [0.0043644889083, 0.032052753699, 0.0038621497581, 0.24334470742, 0.39387263092, 0.32250326929]
    ],
    [
      [0.028066625654, 0.0024033934456, 0.66174168517, 0.14023449194, 0.0044256459679, 0.16312815783],
      [0.39656752958, 0.0030756885032, 0.10117555721, 0.49778555911, 0.00040694073988, 0.00098872486482],
      [0.010826319881, 0.022905919489, 0.0038529675373, 0.24935912082, 0.66559394343, 0.047461728839],
      [0.0013794707665, 0.0098418136805, 0.53933089857, 0.20847060075, 0.052625618364, 0.18835159787],
      [0.0012872189147, 0.38741671619, 0.21861659528, 0.13440892976, 0.19222345624, 0.066047083619],
      [6.0672794112e-05, 0.034620128427, 0.19012468549, 0.31711179744, 0.14095695888, 0.31712575697],
      [0.00058785440309, 0.060737033238, 0.0043660333832, 0.22111155306, 0.39954340338, 0.31365412254]
    ],
    [
      [0.041342971747, 0.0016213883843, 0.76546573274, 0.085425454121, 0.0024494242425, 0.10369502877],
      [0.60245363584, 0.0019515338101, 0.10966737505, 0.28512310856, 0.00021228740946, 0.00059205933159],
      [0.027136566462, 0.026311290622, 0.0075465060659, 0.25926388584, 0.62828800823, 0.051453742773],
      [0.0022222973399, 0.0073058603256, 0.68692097987, 0.13971917215, 0.03203377451, 0.13179791581],
      [0.0025270873474, 0.35029513339, 0.33853693706, 0.10980535795, 0.14249156223, 0.056343922019],
      [0.00012398582476, 0.032606933667, 0.30651409988, 0.26990571815, 0.10891218023, 0.28193708226],
      [0.0014275394627, 0.067950602691, 0.0083263537153, 0.22369299111, 0.36696518148, 0.33163733154]
    ],
    [
      [0.011719053614, 0.0013761273946, 0.83776279049, 0.082131619204, 0.0019934640405, 0.065016945257],
      [0.2770211203, 0.0030230614523, 0.22008610024, 0.49887530028, 0.00031432403458, 0.00068009369146],
      [0.009348905488, 0.027004694521, 0.010073676273, 0.30107910264, 0.6133071013, 0.039186519785],
      [0.00063453470479, 0.006186628928, 0.75074104883, 0.13402223979, 0.026006537241, 0.082409010499],
      [0.00078428876211, 0.31758522612, 0.40337155459, 0.11445545439, 0.12540360243, 0.038399873706],
      [3.9963992329e-05, 0.031125887407, 0.37924757471, 0.29176910977, 0.099576947073, 0.19824051705],
      [0.00051982313614, 0.07320299229, 0.011669517265, 0.27328691134, 0.37784103094, 0.26347972502]
    ],
    [
      [0.045532389231, 0.0032360462154, 0.68793866035, 0.15591557983, 0.0043729638639, 0.10300436051],
      [0.49890958669, 0.0031232043079, 0.078763229126, 0.41842826868, 0.0003040694393, 0.00047164175522],
      [0.017217235125, 0.030260303061, 0.0038946463686, 0.27267325526, 0.64651293141, 0.02944162878],
      [0.0022807912591, 0.013548255755, 0.57236347662, 0.23704964467, 0.053171127217, 0.12158670448],
      [0.0018306710739, 0.46407860469, 0.19871383799, 0.13151168266, 0.16716819461, 0.03669700899],
      [0.00010485758691, 0.049830118825, 0.20982094027, 0.37737987191, 0.14899107645, 0.21387313496],
      [0.0010255585385, 0.088320434337, 0.0048480968651, 0.26564237979, 0.42666146548, 0.21350206499]
    ],
    [
      [0.029362867648, 0.0066557713571, 0.63525103045, 0.15599306244, 0.0042832866628, 0.16845398145],
      [0.40736498275, 0.0075044260757, 0.081026034276, 0.50287311193, 0.00035371977412, 0.00087772518618],
      [0.01050861496, 0.059456110083, 0.0031872687664, 0.26145639298, 0.62082388773, 0.044567725478],
      [0.0014098705119, 0.026865057366, 0.50106132392, 0.22865143927, 0.050264778943, 0.19174752998],
      [0.00069015681997, 0.68656592033, 0.10268362999, 0.077599122506, 0.097811953813, 0.034649216544],
      [5.7402398073e-05, 0.088519176885, 0.15741308677, 0.32413552716, 0.12583667154, 0.30403813525],
      [0.00052983061228, 0.15060708342, 0.0033971735587, 0.2153829999, 0.34382389373, 0.28625901879]
    ],
    [
      [0.019236555457, 0.0012621528963, 0.78270554729, 0.10515616528, 0.0024513003036, 0.089188278773],
      [0.34566201787, 0.0021409995396, 0.15979202556, 0.49138681643, 0.00029776646095, 0.00072037414116],
      [0.012368613737, 0.019994431368, 0.007670738212, 0.31041997882, 0.60615494851, 0.04339128935],
      [0.0010155006574, 0.0055338519863, 0.68473541809, 0.16730443226, 0.031181594189, 0.11022920282],
      [0.0012591757289, 0.28283629141, 0.3703861172, 0.14328229383, 0.15069206252, 0.051544059302],
      [5.6931739118e-05, 0.024783532118, 0.30930778482, 0.32393029635, 0.10618828885, 0.23573316613],
      [0.00068113593592, 0.053583494377, 0.0087910717914, 0.27897602038, 0.36999132554, 0.28797695197]
    ],
    [
      [0.048879799133, 0.0010692494597, 0.75057044586, 0.13656396806, 0.0022996696703, 0.060616867813],
      [0.52808145401, 0.0010751610807, 0.089750753782, 0.38063689495, 0.00016622656068, 0.00028950962147],
      [0.029505863826, 0.015941657074, 0.0067929129706, 0.38013890756, 0.53995879651, 0.027661862058],
      [0.0026185029405, 0.004764605427, 0.66582652258, 0.2208894555, 0.029744886192, 0.07615602737],
      [0.0033133310103, 0.25435598308, 0.36547814942, 0.19324239414, 0.14728311284, 0.036327029514],
      [0.00014489526591, 0.021083025308, 0.29443076877, 0.42295799974, 0.10022945594, 0.16115385498],
      [0.0017888268116, 0.04720825148, 0.0085863120013, 0.37625702812, 0.36241746675, 0.20374211483]
    ],
    [
      [0.068670490247, 0.0020149593645, 0.56347343709, 0.2128699757, 0.0065960082395, 0.14637512936],
      [0.53085067689, 0.0014360635542, 0.047917950329, 0.41896191401, 0.0003373625996, 0.00049603261411],
      [0.018238917235, 0.013204229844, 0.0022622236478, 0.26031098713, 0.67655492765, 0.029428714494],
      [0.0032627136479, 0.0079749911341, 0.44375832527, 0.3058702757, 0.07578104754, 0.16335264671],
      [0.0029773517015, 0.30246976188, 0.17581417018, 0.1927945688, 0.26981061604, 0.056133531394],
      [0.00012739699581, 0.024876355102, 0.13878414955, 0.41277469514, 0.17991045472, 0.2435269485],
      [0.0011383697424, 0.040168819666, 0.0029419664577, 0.26538282366, 0.46838793382, 0.22198008665]
    ],
    [
      [0.034872240065, 0.0027458750621, 0.6316588382, 0.197724767, 0.0055875104307, 0.12741076925],
      [0.37232622562, 0.0027603469701, 0.076335717978, 0.54756557822, 0.00040233925963, 0.00060979195232],
      [0.010679742741, 0.020724052647, 0.0029468859377, 0.27810846427, 0.6580094857, 0.029531368709],
      [0.0016585153678, 0.010852903176, 0.49784317014, 0.28361567252, 0.064079584716, 0.14195015408],
      [0.0014225963155, 0.38431935245, 0.18613852357, 0.16800594407, 0.21421142976, 0.045902153836],
      [6.9169492301e-05, 0.036157370252, 0.16715845732, 0.40850324821, 0.16233806582, 0.2257736889],
      [0.0006483161875, 0.061231756687, 0.0037227725622, 0.27554166473, 0.44290690777, 0.21594858206]
    ],
    [
      [0.035528545377, 0.00068382818192, 0.70077180423, 0.162127615, 0.0045783989695, 0.096309808243],
      [0.43684242125, 0.00071754786709, 0.085605374687, 0.47600904482, 0.00034767809764, 0.00047793327797],
      [0.013195822724, 0.0062635640599, 0.0038017690715, 0.2793748855, 0.67041334425, 0.026950614394],
      [0.0017744925231, 0.002856728927, 0.57983765248, 0.24634624585, 0.055639614134, 0.11354526609],
      [0.0022139266593, 0.14906337919, 0.31056627894, 0.21249783715, 0.27249633983, 0.053162238226],
      [8.4142581551e-05, 0.010800891456, 0.21653406305, 0.40515137265, 0.16112341645, 0.20630611381],
      [0.00084055081142, 0.019489486857, 0.0050691164993, 0.29129106918, 0.47296556191, 0.21034421474]
    ],
    [
      [0.013692389527, 0.0012745551094, 0.63149685797, 0.092353037024, 0.0023347165052, 0.25884844387],
      [0.44060123997, 0.002074551804, 0.10110445425, 0.45394485642, 0.00029401450302, 0.0019808830588],
      [0.0085073404317, 0.018356920666, 0.0044013656256, 0.26934512683, 0.58326744592, 0.11612180053],
      [0.00069805472158, 0.0053729335631, 0.50810489117, 0.14288528583, 0.028851253152, 0.31408758156],
      [0.00089592162485, 0.32096497325, 0.25783204449, 0.12752889399, 0.14643744522, 0.14634072142],
      [2.9528407764e-05, 0.01779512361, 0.14703922917, 0.21240307736, 0.075463596386, 0.54726944506],
      [0.00030110000869, 0.032618210522, 0.0033467158491, 0.15633029853, 0.22760539956, 0.57979827553]
    ],
    [
      [0.023901584958, 0.0018611040518, 0.70307929908, 0.16022649564, 0.0036365254528, 0.10729499082],
      [0.32343119604, 0.002382491698, 0.10841321234, 0.56478572097, 0.00033327057659, 0.00065410838301],
      [0.010414844014, 0.019982157166, 0.0046769236512, 0.3204804853, 0.60906055484, 0.03538503502],
      [0.0011922128474, 0.0077104072277, 0.58121023502, 0.24088089485, 0.043710649787, 0.12529560027],
      [0.0012466384284, 0.332037211, 0.26523924214, 0.17394959018, 0.17811636372, 0.049410954534],
      [5.6629079013e-05, 0.029254843302, 0.22255946687, 0.39509267818, 0.12609776371, 0.22693861886],
      [0.00060125647874, 0.056122249388, 0.0056174929507, 0.30192028622, 0.38977138772, 0.24596732725]
    ],
    [
      [0.022068643288, 0.0010803341441, 0.78001596356, 0.11898250312, 0.0026288449514, 0.075223710938],
      [0.35558284114, 0.0016452321161, 0.14304011251, 0.49889956182, 0.00028662578176, 0.00054562662573],
      [0.013182859532, 0.015899726331, 0.0071091212422, 0.32626553912, 0.60353275749, 0.034009996289],
      [0.0011602670281, 0.0047174810074, 0.67969503387, 0.18853427745, 0.033303933008, 0.092589007628],
      [0.0014746424537, 0.24675056326, 0.37696257413, 0.16549013716, 0.16493672823, 0.044385354763],
      [6.4744698247e-05, 0.021027160836, 0.30572031722, 0.3633040794, 0.11287222267, 0.19701147518],
      [0.00077338624241, 0.04538157042, 0.008677947721, 0.31237173289, 0.39254044224, 0.24025492048]
    ],
    [
      [0.033623963489, 0.0015472802283, 0.70637461926, 0.15499907729, 0.0026543065702, 0.10080075316],
      [0.41249812931, 0.001765068959, 0.096541666103, 0.48843125688, 0.00021719802608, 0.00054668072382],
      [0.01772569541, 0.020115160498, 0.0056431343806, 0.37597068102, 0.54037063347, 0.040174695223],
      [0.0017193560105, 0.0065809864128, 0.59878397174, 0.23929244263, 0.032761827236, 0.12086141597],
      [0.0019650220842, 0.31301385674, 0.29791021876, 0.18893773767, 0.14612559966, 0.05204756508],
      [8.5051181399e-05, 0.026014663287, 0.23792917494, 0.40916106819, 0.098527496934, 0.22828254547],
      [0.00097907969228, 0.054171460763, 0.006495825129, 0.33908226814, 0.33079205716, 0.26847930912]
    ],
    [
      [0.030691131384, 0.0013621919714, 0.76921141355, 0.1156806153, 0.0033090152543, 0.079745632545],
      [0.44543730555, 0.0018236887268, 0.12304683224, 0.42886685147, 0.00031814950608, 0.00050717250888],
      [0.015696643735, 0.017196413619, 0.00593456176, 0.27252746661, 0.65783044275, 0.030814471534],
      [0.0016106068516, 0.0059475854277, 0.66901422046, 0.18333261655, 0.041940956062, 0.098154014657],
      [0.0018533580219, 0.28652676151, 0.33451550509, 0.14580557302, 0.18875411388, 0.042544688483],
      [8.7133415849e-05, 0.025722899605, 0.29012988709, 0.343025126, 0.13812799649, 0.2029069574],
      [0.00095459960233, 0.051024271638, 0.0075238460353, 0.27063564427, 0.44277945881, 0.22708217964]
    ],
    [
      [0.04823472549, 0.0011920981216, 0.68828979638, 0.13370621743, 0.005070658093, 0.12350650448],
      [0.54248666284, 0.0011920762681, 0.081589840996, 0.37378477247, 0.0003655086481, 0.00058113878211],
      [0.017029459219, 0.010456935061, 0.0036280120898, 0.21852105475, 0.71761195453, 0.03275258435],
      [0.0024416399633, 0.005038848011, 0.57780690732, 0.20516720136, 0.062342713493, 0.14720268985],
      [0.0026752924659, 0.23759899887, 0.27381100535, 0.15549235824, 0.26999954567, 0.060422799398],
      [0.00011311625871, 0.018688710141, 0.21331180795, 0.32928138732, 0.17678031938, 0.26182465895],
      [0.0010589705125, 0.031775949357, 0.0047174362459, 0.22199723254, 0.49033405647, 0.25011635488]
    ],
    [
      [0.018788644305, 0.00087563527791, 0.79984559904, 0.10635664395, 0.0031970892568, 0.070936388169],
      [0.33914293301, 0.0014780954597, 0.16158087575, 0.49684183652, 0.00038726381268, 0.00056899544942],
      [0.010221572029, 0.011753723272, 0.0065749250181, 0.26619991337, 0.67610014047, 0.029149725837],
      [0.00099021430806, 0.0038340993179, 0.69793895464, 0.16903819718, 0.040640758848, 0.087557775708],
      [0.0012810306963, 0.20652995578, 0.39274056233, 0.15112260889, 0.20564150422, 0.042684338077],
      [5.6358352717e-05, 0.017438667564, 0.31877042484, 0.33260434875, 0.14078708878, 0.19034311171],
      [0.00063617516138, 0.035635898557, 0.0085230567613, 0.27038825347, 0.46530207287, 0.21951454318]
    ],
    [
      [0.031706537163, 0.0014574943193, 0.72048376568, 0.10204979891, 0.003199919649, 0.14110248429],
      [0.48121687139, 0.0020395169064, 0.12087215332, 0.39461270023, 0.00032110406558, 0.00093765408772],
      [0.016724388603, 0.018986614492, 0.0057626718835, 0.24770389756, 0.65456129794, 0.056261129526],
      [0.0016456169464, 0.0062947825323, 0.62021066733, 0.15993118615, 0.040107731159, 0.17181001589],
      [0.0018991066992, 0.30350358956, 0.31155190394, 0.12752597694, 0.18085505136, 0.074664371501],
      [8.2173182276e-05, 0.02513635363, 0.24889433905, 0.27603270639, 0.12185258852, 0.32800183923],
      [0.00087242598749, 0.048298330371, 0.0062671643879, 0.21098869221, 0.37788082115, 0.3556925659]
    ],
    [
      [0.016421407531, 0.0007842993187, 0.82835857128, 0.060988483711, 0.0026242412946, 0.090822996868],
      [0.47533097759, 0.0015872389563, 0.094925191246, 0.42688566497, 0.00039742056835, 0.00087350667014],
      [0.0070652758559, 0.0082858180326, 0.0024662776117, 0.13907307107, 0.81381154508, 0.02929801235],
      [0.00099489954431, 0.0039294048273, 0.714405459, 0.11362658246, 0.038911024756, 0.12813262941],
      [0.001443986974, 0.27496483613, 0.28381069005, 0.12200190796, 0.24776492667, 0.070013652212],
      [6.139751723e-05, 0.019545985814, 0.21808954152, 0.29816251613, 0.16346701156, 0.30067354746],
      [0.00052081351703, 0.029983398171, 0.0037844231095, 0.17427709343, 0.53187468581, 0.25955958597]
    ],
    [
      [0.065753409187, 0.0029068542309, 0.67283822214, 0.068272665394, 0.0033301635369, 0.18689868551],
      [0.81066595483, 0.0020208697966, 0.053069476173, 0.13346173436, 0.00016991451753, 0.00061205031946],
      [0.034072086272, 0.037154521631, 0.0049482206069, 0.16504477439, 0.68596522118, 0.072815175926],
      [0.0034178720913, 0.012966321253, 0.59403868379, 0.11053901512, 0.043130445392, 0.23590766236],
      [0.0029415443591, 0.49594399572, 0.21483551354, 0.065627236552, 0.14535241096, 0.075299298861],
      [0.00016069530706, 0.048683167405, 0.21608172634, 0.18003360095, 0.1238921849, 0.4311486251],
      [0.0015673770684, 0.085755728771, 0.0048650471917, 0.12603311181, 0.35376874122, 0.42800999394]
    ],
    [
      [0.026465049437, 0.0010397137851, 0.79802972095, 0.08884439194, 0.0032770973289, 0.082344026556],
      [0.45272763114, 0.0016612068608, 0.15319321125, 0.39141635402, 0.00037524019537, 0.00062635653382],
      [0.01472524527, 0.014251573757, 0.0067506341897, 0.22709461577, 0.70251597063, 0.034661960388],
      [0.0014120679414, 0.0046104014453, 0.70590257371, 0.14296963702, 0.042166398685, 0.1029389212],
      [0.0017627030034, 0.23728858414, 0.38398216599, 0.12327797914, 0.20524488687, 0.048443680858],
      [8.0782721929e-05, 0.021067293027, 0.32497362049, 0.28254344581, 0.14659316393, 0.22474169402],
      [0.0008910494014, 0.041984670672, 0.008505191615, 0.22434171607, 0.47121820214, 0.2530591701]
    ],
    [
      [0.025312231276, 0.0024969350021, 0.74628168126, 0.094146942327, 0.0036209495252, 0.12814126061],
      [0.44276720022, 0.0039365726042, 0.13934273264, 0.41258461586, 0.00041104229333, 0.00095783638123],
      [0.012402243485, 0.030197112975, 0.0054426406952, 0.21287173171, 0.69169473133, 0.047391539801],
      [0.0013101668001, 0.010764043214, 0.63948137622, 0.14731190087, 0.045318673193, 0.15581383971],
      [0.0012198414869, 0.42703024028, 0.2571715564, 0.094848343185, 0.16518622595, 0.054543792705],
      [6.6182806198e-05, 0.043519147619, 0.25732569763, 0.25757075933, 0.13954296095, 0.30197525166],
      [0.00066978715624, 0.079814568388, 0.0061387488636, 0.18776792293, 0.41335264893, 0.31225632373]
    ],
    [
      [0.049960659908, 0.0019161396035, 0.65680102756, 0.15161170168, 0.0036053118592, 0.13610515939],
      [0.51387433817, 0.0018659792073, 0.077047418754, 0.40632975967, 0.00025130987705, 0.00063119432296],
      [0.021809181097, 0.020611881183, 0.0043783212179, 0.3037713646, 0.60445283219, 0.044976419713],
      [0.0025333418366, 0.0080708157752, 0.55203505151, 0.23171159198, 0.044054647789, 0.16159455111],
      [0.00261614359, 0.34315169345, 0.24879983899, 0.16525302112, 0.17724426964, 0.062935033214],
      [0.00011548527876, 0.029390958985, 0.20289450698, 0.36471646308, 0.12196115393, 0.28092143175],
      [0.0011989087002, 0.055125763597, 0.0050077040405, 0.27251604356, 0.36844942527, 0.29770215484]
    ],
    [
      [0.12196592432, 0.0011900113048, 0.75413351237, 0.063579859166, 0.0025059031001, 0.056624789744],
      [0.84264104596, 0.00070079723639, 0.051349310816, 0.10504377024, 0.00010701177179, 0.00015806397974],
      [0.080952794054, 0.019669737351, 0.0072138651142, 0.19697083513, 0.66661240065, 0.028580367704],
      [0.0073180909197, 0.0059900968254, 0.75354249522, 0.11602770187, 0.036621204895, 0.080500410273],
      [0.0086251502069, 0.31226273572, 0.37803879245, 0.094883068748, 0.17045022146, 0.035740031414],
      [0.00046350909496, 0.030479818114, 0.37383035504, 0.25552597972, 0.14240386436, 0.19729647366],
      [0.0052757067795, 0.063284283923, 0.0098657472289, 0.21024683275, 0.48069025246, 0.23063717686]
    ]
  ],
  "expected_outcome": [
    [
      [0.39922137583, 2.047141673, 1.2444426723, 1.8857112989, 0.71671626938, 0.31841270716, 1.5027515358, 0.54697574658, 0.076253917144, 0.45042563017, 2.6966878069, 0.43274305848, 0.70592604503, 3.6264686154, 1.4237998422, 0.43087013698, 0.13214692293, 1.8264103334, 0.13789968844, 0.20687231819, 3.9467006178, 0.78586551833, 0.95088835018, 0.35157160842, 0.81958300616, 0.088088602944, 2.4622790985, 1.3197545766, 0.61803441222, 1.9179732035, 0.17764272688, 0.013692389527, 3.5852377437, 3.7516693589, 1.8156940284, 1.2890275181, 1.0129292353, 0.8267003494, 1.8389791554, 0, 0, 1.7466932629, 0.37968346914, 6.5948071078, 1.3416251675],
      [0.013329327787, 0.080972817826, 0.063217688853, 0.10932530645, 0.030374617228, 0.028652046661, 0.035210715801, 0.025734756713, 0.0074990023101, 0.0062439191274, 0.14999026538, 0.023833714703, 0.020883720016, 0.19938381368, 0.053155722174, 0.020796117981, 0.011181769365, 0.083691751617, 0.014900994148, 0.0075651160862, 0.02360410353, 0.067295016477, 0.037291932838, 0.041283821839, 0.058248831876, 0.019967314071, 0.16155557073, 0.028869735413, 0.018134634281, 0.15102312842, 0.0034191409096, 0.0012745551094, 0.27916560777, 0.1836568045, 0.083553132328, 0.0572120628, 0.025034060553, 0.038527952228, 0.084534670518, 0, 0, 0.068621109818, 0.037454025032, 0.25293042767, 0.013090124353],
      [6.6799924803, 42.4294941463, 35.5516209924, 46.9603599054, 26.1790629058, 12.605764127, 28.4285854975, 11.5776406913, 3.8622587127, 2.4099445436, 72.5757580614, 13.655574708, 11.6660657076, 118.4310275366, 24.7222727677, 6.1212578725, 2.9173708504, 44.2882729493, 2.3696663604, 7.7117677706, 10.9777059206, 18.5287671847, 17.605711853, 25.1328837147, 12.3828958863, 1.9057530913, 100.186310053, 20.2654020383, 5.0712609338, 34.7412361008, 3.5038590211, 0.63149685797, 105.4618948619, 132.6027138049, 38.1442294403, 32.3068793689, 14.454085724, 35.1932063579, 41.7880584093, 0, 0, 52.6699615829, 11.1942252189, 86.697735638, 8.2954686361],
      [2.7816986099, 9.276391072, 5.4462266857, 9.6224046558, 2.7907459017, 2.9335166719, 4.4237599146, 2.7540958496, 1.3159939471, 1.5329387442, 17.1875391521, 2.2255514375, 4.2366676302, 18.9570434025, 7.6176683172, 2.0859783949, 1.1864450244, 8.2438005258, 0.61725327246, 1.2460366767, 2.8637048789, 3.9265657742, 1.9647854448, 2.4639485761, 2.806480437, 0.46797918731, 13.4599891559, 3.6872271377, 1.9158297813, 10.8748621849, 0.810638075, 0.092353037024, 24.0339743458, 20.2270255305, 8.3699501734, 4.8585858426, 2.8078305661, 4.6796923337, 5.9188883366, 0, 0, 5.863729868, 1.4122041349, 20.0127446223, 0.69937845083],
      [0.030391357954, 0.27316646703, 0.16464107332, 0.25271702264, 0.082422477775, 0.0695219586, 0.13220525019, 0.069767089637, 0.013833053847, 0.036454924304, 0.4510370175, 0.064856981388, 0.089065554434, 0.46364677083, 0.152068107, 0.10341336038, 0.021991793019, 0.20032176392, 0.014402555638, 0.023148810943, 0.080738385401, 0.1239180871, 0.056336757578, 0.059803921216, 0.07871334955, 0.012849859988, 0.31376643886, 0.062091081099, 0.059364074155, 0.30731307369, 0.022891994848, 0.0023347165052, 0.54547881793, 0.44690364173, 0.14333255479, 0.13897864068, 0.10648381995, 0.1406719273, 0.18559533964, 0, 0, 0.21628842371, 0.054314242878, 0.47590116541, 0.027564934101],
      [1.0953668482, 6.8928338238, 5.5298508875, 7.1694818108, 2.2006778282, 2.0441324887, 3.4774870861, 2.0257858662, 0.72416136688, 2.5639922386, 11.9389876967, 2.5974400999, 2.2813913427, 15.322429861, 4.0310352437, 1.2376841172, 0.7308636399, 6.3575026758, 0.84587712894, 0.8046093075, 3.1075460939, 4.5675884192, 2.3849856616, 1.9505083577, 1.8540784891, 0.50536194434, 11.4160996829, 1.636655431, 1.3173761642, 7.0075923086, 0.48154904121, 0.25884844387, 16.094248623, 12.7880308594, 5.4432406708, 3.3493165669, 2.5936365941, 3.1212010794, 8.1839440886, 0, 0, 5.4347057527, 1.9221189092, 17.9658810389, 0.62287268718]
    ],
    [
