{
  "Z_true": {},
  "V_true": [
    [6, 31, 714, 290],
    [143, 136, 14563, 1043],
    [208, 6557, 1453, 1162],
    [629, 425, 569, 190],
    [13, 248, 165, 526],
    [17, 243, 623, 879]
  ],
  "p_true": [
    [0.0058, 0.0298, 0.6859, 0.2786],
    [0.009, 0.0086, 0.9168, 0.0657],
    [0.0222, 0.699, 0.1549, 0.1239],
    [0.3469, 0.2344, 0.3138, 0.1048],
    [0.0137, 0.2605, 0.1733, 0.5525],
    [0.0096, 0.1379, 0.3536, 0.4989]
  ],
  "Z_est": [
    [
      [0.422, 0, 4.9236, 3.3762, 5.4863, 3.7982, 1.9694, 4.7829, 0.2375, 2.8135, 2.2508, 3.0948, 2.5321, 7.1743, 4.6422, 0.7034, 0, 0, 0.1407, 0.2813, 2.8135, 5.3456, 8.1591, 9.8471, 4.6422, 11.6759, 9.7065, 3.9389, 6.1896, 7.5964, 0.9847, 6.3303, 1.6881, 13.9267, 0],
      [0.0308, 0.0206, 0.3598, 0.2467, 0.4009, 0.2776, 0.1439, 0.3495, 0.0514, 0.2056, 0.1645, 0.2262, 0.185, 0.5243, 0.3393, 0.0514, 0.1048, 0.0308, 0.0103, 0.0206, 0.2056, 0.3907, 0.5963, 0.7196, 0.3393, 0.8533, 0.7094, 0.2879, 0.4523, 0.5551, 0.072, 0.4626, 0.1234, 1.0178, 3.7738],
      [0.005, 0.0033, 0.0582, 0.0399, 0.0649, 0.0449, 0.0233, 0.0566, 0.0083, 0.0333, 0.0266, 0.0366, 0.0299, 0.0848, 0.0549, 0.0083, 0.0033, 0.427, 0.0017, 0.0033, 0.0333, 0.0632, 0.0965, 0.1164, 0.0549, 0.1381, 0.1148, 0.0466, 0.0732, 0.0898, 0.0116, 0.0749, 0.02, 0.1647, 0.0416],
      [2.5421, 1.9761, 29.6584, 20.3372, 33.0479, 22.8793, 11.8634, 28.811, 4.7027, 16.9477, 13.5581, 18.6424, 15.2529, 43.2165, 27.9636, 4.2369, 1.8919, 2.5421, 0.8474, 1.6948, 16.9477, 32.2005, 49.1482, 59.3168, 27.9636, 70.3328, 58.4694, 23.7267, 37.2848, 45.7587, 5.9317, 38.1322, 10.1686, 83.8909, 21.1846]
    ],
    [
      [0.2364, 0, 15.3242, 1.9325, 1.4217, 1.8887, 0.4254, 12.7074, 0, 2.3533, 1.4305, 7.1512, 1.7771, 9.9058, 19.3035, 1.4922, 0, 0, 1.1496, 0.4666, 1.4155, 7.7706, 2.9927, 3.9667, 0, 0, 0, 1.9214, 3.4879, 4.2778, 6.7257, 8.6696, 4.6248, 12.1291, 0],
      [3.2082, 0, 32.7979, 13.4142, 22.873, 8.1693, 0, 12.266, 0, 18.8486, 0, 5.9773, 0, 10.3109, 18.4085, 3.4107, 1.83, 1.1993, 0, 0, 3.0065, 0, 0, 23.7544, 9.0788, 33.1548, 15.0253, 19.8601, 32.8311, 11.2318, 2.5425, 28.6641, 0, 0, 7.2828],
      [93.5561, 7.1587, 717.5771, 324.5685, 483.9587, 585.1164, 239.5623, 613.8372, 39.3728, 531.122, 256.1912, 477.9615, 337.8531, 603.3405, 458.7219, 75.1541, 16.572, 59.0592, 21.1177, 18.6918, 279.4054, 610.7632, 453.889, 393.4875, 370.4622, 1000.3803, 798.7584, 549.9996, 697.4125, 808.076, 168.7677, 566.0092, 172.1612, 1281.3546, 75.3629],
      [12.9993, 0.8413, 34.3008, 32.0848, 48.7465, 42.8256, 23.0123, 61.1893, 4.6272, 30.676, 13.3782, 40.91, 37.3698, 51.4428, 73.5661, 12.9431, 1.598, 5.7415, 2.7327, 1.8416, 52.1726, 56.4662, 16.1183, 23.7915, 34.4589, 73.4649, 52.2163, 39.2188, 57.2685, 31.4145, 2.9641, 48.657, 13.2139, 181.5163, 6.3542]
    ],
    [
      [0.0151, 0, 0.1314, 0.074, 0.0959, 0.0861, 0.0287, 0.113, 0, 0.0713, 0.0278, 0.061, 0.0618, 0.1039, 0.103, 0.0154, 0, 0, 0.0062, 0.0012, 0.0565, 1.2714, 0.0888, 0.0979, 0, 0, 0, 0.1376, 0.1625, 0.1977, 0.0287, 0.1607, 0.0234, 0.1728, 0],
      [31.7204, 0.622, 276.1537, 155.4919, 201.5176, 180.9926, 53.2524, 237.5917, 0, 149.8942, 51.1082, 128.1254, 127.4532, 218.3107, 216.4448, 32.3423, 5.6004, 18.0371, 7.7635, 0.6217, 118.7958, 232.0775, 186.5606, 205.8713, 163.6553, 497.8109, 373.1807, 289.215, 341.4603, 415.4745, 60.3309, 337.7285, 42.9344, 362.0079, 49.7811],
      [18.2275, 0.3574, 158.6868, 89.3507, 115.7985, 104.0042, 41.7465, 136.5278, 16.995, 86.134, 40.9526, 73.625, 74.6972, 125.4483, 124.3761, 18.5849, 3.2166, 10.3647, 7.5055, 1.4296, 68.2639, 134.026, 107.2505, 118.3003, 93.9969, 285.9221, 214.6191, 166.1922, 196.2141, 238.745, 34.6681, 194.0697, 34.4359, 208.7232, 28.5922],
      [1.037, 0.0206, 9.0281, 5.0834, 6.5881, 5.9171, 1.9724, 7.7675, 34.005, 4.9004, 1.9114, 4.1887, 6.7878, 7.1371, 7.0761, 1.0573, 0.183, 0.5983, 5.7248, 1.9475, 3.8837, 7.6251, 6.1001, 6.7304, 5.3477, 16.2669, 12.2002, 9.4551, 11.1632, 13.5829, 1.9724, 11.0412, 1.6064, 13.0962, 1.6267]
    ],
    [
      [6.8621, 0, 34.692, 13.7243, 27.0674, 17.1554, 6.8621, 20.9677, 0.7625, 16.0117, 6.8621, 19.4428, 13.3431, 24.78, 30.8797, 4.5748, 0, 0, 1.5249, 1.1437, 16.3929, 39.648, 28.9735, 22.8738, 7.3578, 52.3593, 34.7217, 35.0732, 39.2667, 31.6421, 14.868, 40.4104, 12.1994, 44.9852, 6.5714],
      [9.5418, 0.3575, 48.2391, 19.0836, 37.6371, 23.8545, 9.5418, 29.1555, 1.0602, 22.2642, 9.5418, 27.0351, 18.5535, 34.4565, 42.9381, 6.3612, 0, 1.352, 2.1204, 1.5903, 22.7943, 55.1304, 40.2876, 31.806, 23.01, 85.2516, 54.0702, 48.7692, 54.6003, 43.9983, 20.6739, 56.1906, 16.9632, 62.5518, 9.8326],
      [1.5063, 1.4402, 7.6152, 3.0126, 5.9415, 3.7658, 1.5063, 4.6026, 0.1674, 3.5147, 1.5063, 4.2679, 2.9289, 5.4394, 6.7784, 1.0042, 0, 0.638, 0.3347, 0.2511, 3.5984, 8.7031, 6.3599, 5.021, 4.4577, 12.6362, 12.6995, 7.6989, 8.6194, 6.9457, 3.2637, 8.8705, 2.6779, 9.8747, 1.5063],
      [0.0897, 0.2024, 0.4537, 0.1795, 0.354, 0.2244, 0.0897, 0.2742, 0.01, 0.2094, 0.0897, 0.2543, 0.1745, 0.3241, 0.4039, 0.0598, 0, 0.01, 0.0199, 0.015, 0.2144, 0.5185, 0.3789, 0.2992, 0.1745, 0.7529, 0.5086, 0.4587, 0.5135, 0.4138, 0.1944, 0.5285, 0.1595, 0.5883, 0.0897]
    ],
    [
      [0, 0, 0, 0, 0, 0, 0, 0, 0, 0, 0, 0, 0, 0, 0, 0, 0, 0, 0, 0, 0, 0, 0, 0, 0, 0, 0, 0, 0, 0, 0, 0, 0, 0, 0],
      [1.2995, 0, 8.5768, 7.7971, 11.4357, 16.8937, 4.6782, 10.3961, 1.2995, 6.4976, 4.4183, 5.9778, 5.7179, 7.0174, 8.057, 1.8193, 0.2599, 0.5198, 0.2599, 0.2599, 4.9381, 9.0966, 9.0966, 9.0966, 8.057, 17.4135, 9.0966, 12.9951, 12.2154, 11.1758, 0.5198, 18.713, 0.7797, 19.7526, 1.2995],
      [0, 0, 0, 0, 0, 0, 0, 0, 0, 0, 0, 0, 0, 0, 0, 0, 0, 0, 0, 0, 0, 0, 0, 0, 0, 0, 0, 0, 0, 0, 0, 0, 0, 0, 0],
      [3.7005, 0, 24.4232, 22.2029, 32.5643, 48.1063, 13.3218, 29.6039, 3.7005, 18.5024, 12.5817, 17.0222, 16.2821, 19.9826, 22.943, 5.1807, 0.7401, 1.4802, 0.7401, 0.7401, 14.0619, 25.9034, 25.9034, 25.9034, 22.943, 49.5865, 25.9034, 37.0049, 34.7846, 31.8242, 1.4802, 53.287, 2.2203, 56.2474, 3.7005]
    ],
    [
      [0.4643, 0, 2.9289, 1.8931, 1.9288, 2.0717, 0.7144, 3.4289, 0, 1.7502, 1.4287, 2.2502, 1.2859, 3.036, 2.0717, 0.2143, 0, 0, 0.1786, 0.1072, 1.3216, 1.9645, 1.7859, 1.2144, 0, 4.9648, 3.5718, 2.9289, 3.8933, 3.2861, 0.3929, 3.4289, 0.4643, 4.7862, 0.4286],
      [2.1993, 0, 13.8727, 8.9665, 9.1357, 9.8124, 3.3836, 16.2412, 0.5889, 8.2898, 6.7672, 10.6583, 6.0904, 14.3802, 9.8124, 1.0151, 0.2049, 1.861, 0.8459, 0.5075, 6.2596, 9.3048, 8.4589, 5.7521, 10.8595, 23.5159, 16.9179, 13.8727, 18.4405, 15.5645, 1.861, 16.2412, 2.1993, 22.67, 2.0301],
      [2.7051, 1.0404, 17.0627, 11.0283, 11.2364, 12.0687, 4.1616, 19.9758, 1.4566, 10.196, 8.3233, 13.1091, 7.4909, 17.6869, 12.0687, 1.2485, 0.2081, 2.5111, 1.0404, 0.6242, 7.699, 11.4445, 10.4041, 7.0748, 11.0283, 28.9233, 20.8081, 17.0627, 22.6809, 19.1435, 2.2889, 19.9758, 2.7051, 27.8829, 2.497],
      [7.6313, 3.9596, 48.1358, 31.1121, 31.6992, 34.0473, 11.7404, 56.3541, 4.9545, 28.7641, 23.4809, 36.9824, 21.1328, 49.8968, 34.0473, 3.5221, 0.587, 6.6279, 2.9351, 1.7611, 21.7198, 32.2862, 29.3511, 19.9587, 31.1121, 81.596, 58.7022, 48.1358, 63.9854, 54.006, 6.4572, 56.3541, 7.6313, 78.6609, 7.0443]
    ]
  ],
  "V_est": [
    [141.4736, 14.3031, 2.1536, 883.0697],
    [136.948, 339.1462, 14186.7827, 1222.1232],
    [3.3936, 5769.9285, 3372.048, 234.6299],
    [673.9996, 970.6144, 159.1542, 9.2318],
    [0, 247.4271, 0, 704.5729],
    [60.1852, 298.5808, 366.8615, 1036.3726]
  ],
  "p_est": [
    [0.1359, 0.0137, 0.0021, 0.8483],
    [0.0086, 0.0214, 0.8931, 0.0769],
    [0.0004, 0.6151, 0.3595, 0.025],
    [0.3718, 0.5354, 0.0878, 0.0051],
    [0, 0.2599, 0, 0.7401],
    [0.0342, 0.1695, 0.2082, 0.5882]
  ],
  "EI_Z": {},
  "EI_V": 13.1521,
  "MAE_Z": {},
  "MAE_V": 337.9322,
  "MAE_p": 0.1323,
  "runtime": 0.6395
}
