{
  "Z_true": {},
  "V_true": [
    [319, 186, 18127, 1726],
    [148, 2953, 282, 460],
    [29, 248, 267, 627],
    [396, 226, 957, 1295]
  ],
  "p_true": [
    [0.0157, 0.0091, 0.8904, 0.0848],
    [0.0385, 0.7684, 0.0734, 0.1197],
    [0.0248, 0.2118, 0.228, 0.5354],
    [0.1378, 0.0786, 0.333, 0.4506]
  ],
  "Z_est": [
    [
      [0, 38.1912, 14.6976, 33.9106, 10.8627, 15.9879, 26.8405, 33.165, 18.6419, 23.295, 48.154, 35.9721, 8.4666, 21.4137, 8.783, 14.0708, 18.1717, 26.8409, 21.7192, 24.6002, 31.4824, 20.6229, 10.6616, 5.4076, 15.6711, 12.3648, 10.6903, 27.6993, 1.5491, 32.0596, 13.0296, 106.5834, 2.2124],
      [1.9664, 0, 0, 33.2444, 34.3623, 28.8802, 0, 0, 16.6533, 4.1533, 0, 0, 1.6282, 0, 0, 0, 0, 6.4312, 0, 1.506, 6.6117, 0, 0, 0.3365, 17.687, 0, 11.2715, 5.6364, 0, 0, 1.348, 1.1918, 0],
      [14, 715.6233, 284.096, 713.215, 383.4482, 428.9957, 802.2037, 805.6901, 609.3474, 630.8549, 821.6355, 763.6656, 222.8047, 858.641, 224.2818, 728.3803, 508.977, 510.5785, 713.9422, 859.0748, 619.683, 596.4699, 509.7264, 229.5379, 347.1762, 335.4267, 414.7648, 693.4479, 143.8839, 751.9168, 250.4686, 2041.9046, 78.7876],
      [5.0336, 54.1855, 0.2065, 35.6301, 28.3268, 24.1362, 33.9558, 33.1449, 31.3574, 25.6967, 5.2105, 35.3624, 7.1004, 29.9453, 13.9352, 16.549, 30.8514, 21.1494, 20.3385, 41.819, 38.2228, 37.9073, 22.6119, 10.7179, 3.4658, 14.2085, 17.2733, 43.2164, 4.567, 32.0236, 14.1538, 106.3202, 0]
    ],
    [
      [0, 0.1124, 2.4573, 0, 0, 0, 8.7209, 7.8052, 0, 0, 19.5329, 6.8865, 0, 8.5492, 0, 11.2294, 2.1467, 0, 3.0452, 0, 0, 3.0192, 2.3632, 0, 0, 3.204, 0, 0, 0.2659, 3.3878, 0, 0, 0.0194],
      [4.8169, 90.5841, 23.6937, 331.1489, 312.0792, 391.1158, 76.4692, 57.5816, 84.5607, 44.2108, 7.3667, 37.0939, 15.0661, 21.9507, 4.9031, 4.6295, 87.445, 111.3607, 32.8206, 30.5701, 98.0751, 22.5363, 68.0003, 46.4732, 195.7795, 115.792, 133.6775, 182.5713, 24.6243, 174.4079, 52.9704, 253.2764, 23.1595],
      [0, 0.0877, 0.1822, 0, 0, 0, 0.4945, 0.3518, 0, 0.1283, 0.6356, 0.2188, 0.0443, 0.1839, 0.0177, 0.3411, 0.25, 0.1338, 0.1714, 0.0998, 0, 0.1011, 0.3324, 0.142, 0, 1.0132, 0, 0, 0.1433, 0.9763, 0.0435, 0.7662, 0.4035],
      [1.1831, 20.2157, 2.6667, 51.8511, 58.9208, 66.8842, 17.3153, 13.2613, 12.4393, 6.6609, 20.4649, 9.8009, 1.8896, 7.3162, 1.0791, 13.8001, 19.1583, 17.5054, 5.9628, 5.3301, 17.9249, 6.3434, 13.3041, 8.3848, 17.2205, 21.9908, 20.3225, 36.4287, 3.9665, 32.2279, 9.9861, 47.9574, 2.4177]
    ],
    [
      [0, 0.0124, 0.0114, 0.0191, 0, 0.0072, 0.0154, 0.0126, 0.0084, 0.0104, 0.0311, 0.0159, 0.0003, 0.0082, 0.6665, 0.0108, 0.0088, 0.0211, 0.0093, 0.0081, 0.0195, 0.0044, 0.0042, 0.0037, 0.0107, 0.0193, 0.0071, 0.0153, 0.0012, 0.0407, 0.0082, 0.0357, 0.0032],
      [0, 6.4159, 4.3063, 21.9948, 21.3149, 23.5286, 7.5308, 5.4184, 11.5163, 8.5313, 1.6333, 5.9061, 0.2757, 4.0493, 1.0969, 1.3705, 5.5529, 12.9391, 6.1794, 7.8565, 13.0067, 2.4637, 3.9925, 4.1534, 11.0302, 9.208, 10.6419, 11.6242, 2.3662, 20.5906, 4.6405, 18.3345, 1.8405],
      [0, 10.3992, 7.4279, 29.4304, 26.5389, 31.5279, 14.1621, 10.2901, 14.7666, 12.3986, 14.5391, 11.734, 0.386, 9.7802, 3.2816, 12.2571, 9.4581, 19.0494, 11.1238, 12.2456, 19.0461, 4.7537, 6.9464, 6.8091, 14.7757, 15.8521, 15.2517, 18.1376, 4.0038, 34.5974, 7.199, 29.5208, 3.099],
      [0, 13.1725, 4.2545, 31.5558, 34.1461, 35.9363, 14.2917, 10.2789, 15.7086, 12.0597, 11.7965, 12.344, 0.338, 9.1623, 3.955, 11.3616, 10.9802, 18.9903, 9.6874, 12.8898, 21.9277, 5.7782, 7.0568, 7.0338, 10.1834, 15.9205, 15.0994, 21.223, 3.6288, 34.7713, 8.1524, 32.109, 2.0573]
    ],
    [
      [0, 3.6839, 1.8337, 5.0704, 2.1373, 3.0048, 2.4232, 3.0171, 1.3496, 1.6946, 5.282, 3.1256, 0.533, 2.0289, 0.5505, 1.689, 1.6728, 3.138, 2.2262, 1.3917, 3.4981, 1.3536, 0.971, 0.5887, 2.3182, 1.4119, 1.3026, 2.2854, 0.1837, 3.5118, 0.9622, 8.3809, 1.765],
      [0.2167, 0, 0, 1.6119, 2.2436, 1.4755, 0, 0, 0.2697, 0.1046, 0, 0, 0.03, 0, 0, 0, 0.0021, 0.2689, 0, 0.0675, 0.3065, 0, 0.0071, 0.0369, 0.5034, 0, 0.4091, 0.1681, 0.0095, 0.0015, 0.0411, 0.1973, 0],
      [0, 22.8897, 10.294, 35.3547, 24.0129, 26.4764, 19.1396, 20.6679, 14.886, 15.6181, 23.1898, 19.3817, 4.7649, 20.3949, 4.4189, 18.0216, 14.315, 20.2383, 21.7626, 16.5798, 23.2709, 11.6752, 12.9948, 8.5109, 17.0481, 10.708, 16.9835, 19.4145, 4.969, 25.5095, 6.289, 54.8084, 7.7099],
      [9.7833, 109.4264, 21.8723, 144.9631, 123.6062, 116.0433, 71.4372, 76.3149, 59.4947, 56.5827, 68.5282, 75.4928, 15.672, 70.5762, 20.0306, 61.2894, 62.0101, 75.3548, 70.0112, 64.961, 100.9246, 52.9712, 49.0271, 32.8635, 44.1303, 39.8801, 63.3048, 85.132, 16.8378, 94.9772, 26.7077, 221.6134, 17.5251]
    ]
  ],
  "V_est": [
    [733.8188, 172.9082, 18612.6498, 838.6232],
    [82.7454, 3160.8111, 7.2623, 592.1812],
    [1.0504, 271.3098, 440.7894, 457.8504],
    [74.3855, 7.9709, 572.2984, 2219.3452]
  ],
  "p_est": [
    [0.036, 0.0085, 0.9143, 0.0412],
    [0.0215, 0.8225, 0.0019, 0.1541],
    [0.0009, 0.2317, 0.3764, 0.391],
    [0.0259, 0.0028, 0.1991, 0.7722]
  ],
  "EI_Z": {},
  "EI_V": 8.3619,
  "MAE_Z": {},
  "MAE_V": 295.2382,
  "MAE_p": 0.0778,
  "runtime": 0
}
