{
  "X": [
    [0, 7, 14, 16],
    [42, 97, 749, 197],
    [19, 28, 302, 29],
    [39, 388, 778, 264],
    [13, 370, 434, 245],
    [19, 445, 487, 243],
    [38, 84, 836, 137],
    [44, 63, 837, 133],
    [20, 113, 639, 119],
    [25, 57, 659, 101],
    [73, 9, 860, 106],
    [46, 43, 795, 133],
    [9, 17, 228, 25],
    [32, 26, 889, 117],
    [10, 6, 232, 39],
    [27, 6, 759, 103],
    [22, 93, 533, 123],
    [30, 131, 550, 133],
    [27, 39, 747, 106],
    [26, 40, 888, 125],
    [35, 118, 662, 179],
    [25, 25, 613, 103],
    [14, 72, 530, 92],
    [6, 51, 245, 59],
    [18, 225, 379, 75],
    [17, 125, 363, 92],
    [12, 156, 447, 116],
    [30, 200, 731, 186],
    [2, 27, 153, 29],
    [39, 195, 813, 194],
    [14, 59, 264, 59],
    [115, 273, 2127, 408],
    [4, 25, 90, 22]
  ],
  "W": [
    [21, 6, 0, 10],
    [808, 111, 30, 136],
    [299, 29, 16, 34],
    [816, 383, 83, 187],
    [457, 371, 82, 152],
    [498, 458, 91, 147],
    [863, 103, 36, 93],
    [872, 79, 26, 100],
    [676, 97, 42, 76],
    [684, 51, 33, 74],
    [875, 48, 28, 97],
    [835, 54, 30, 98],
    [240, 17, 1, 21],
    [910, 38, 23, 93],
    [247, 6, 9, 25],
    [759, 30, 25, 81],
    [558, 109, 26, 78],
    [565, 129, 51, 99],
    [756, 42, 27, 94],
    [927, 36, 33, 83],
    [696, 116, 54, 128],
    [655, 32, 13, 66],
    [543, 84, 18, 63],
    [246, 55, 18, 42],
    [384, 213, 36, 64],
    [362, 142, 41, 52],
    [454, 154, 41, 82],
    [770, 219, 51, 107],
    [150, 29, 10, 22],
    [816, 211, 90, 124],
    [279, 63, 20, 34],
    [2256, 302, 80, 285],
    [81, 26, 7, 27]
  ],
  "method": "mult",
  "cond_prob": [
    [
      [0, 0.09363771619, 0.66666666667, 0.23969561714],
      [0, 0.80282049148, 0, 0.19717950852],
      [1.1102230246e-16, 0.26372431597, 0.19905552388, 0.53722016015],
      [0, 0.021668501115, 0, 0.97833149889]
    ],
    [
      [0.047266387432, 0, 0.88567240019, 0.067061212377],
      [0.0010128735821, 0.81607327955, 0.00079037280867, 0.18212347406],
      [0.00041419620026, 0.213862199, 0.34664109341, 0.43908251139],
      [0.027087530157, 0, 0.16830688575, 0.8046055841]
    ],
    [
      [0.049155728072, 0, 0.95015370331, 0.00069056861946],
      [0.084736037042, 0.81702566127, 0.0062826320217, 0.091955669664],
      [0.00071153331245, 0.26914098894, 0.46424209317, 0.26590538457],
      [0.053932579386, 0, 0.30276390857, 0.64330351204]
    ],
    [
      [0.041557055028, 0.040740714281, 0.8740379356, 0.043664295093],
      [0, 0.86461862735, 0, 0.13538137265],
      [0.00023001580214, 0.26499706919, 0.35458264332, 0.38019027169],
      [0.027114180672, 0.0086197119274, 0.18906248747, 0.77520361994]
    ],
    [
      [0.023769481828, 0.075191126629, 0.8390550914, 0.061984300141],
      [0, 0.84118378053, 0, 0.15881621947],
      [0, 0.25993800223, 0.32364570748, 0.41641629029],
      [0.014061492136, 0.014760239285, 0.15797944221, 0.81319882637]
    ],
    [
      [0.032104299214, 0.057992285216, 0.86143706768, 0.04846634789],
      [0, 0.85396460078, 0, 0.14603539922],
      [7.9629526785e-05, 0.25855551154, 0.34646083951, 0.39490401943],
      [0.020440902752, 0.010037437096, 0.18011159116, 0.789410069]
    ],
    [
      [0.031101376665, 0, 0.92955241843, 0.039346204905],
      [0.084669320419, 0.74241951568, 0.0048012745913, 0.16810988931],
      [0.00042836687406, 0.20918860791, 0.39339163542, 0.3969913898],
      [0.026055384169, 0, 0.20580250254, 0.76814211329]
    ],
    [
      [0.038033311768, 0, 0.92395652087, 0.038010167364],
      [0.098800036955, 0.72888147291, 0.0044537105058, 0.16786477963],
      [0.00048611563854, 0.20839860154, 0.39577394562, 0.3953413372],
      [0.030171102124, 0, 0.20667948087, 0.76314941701]
    ],
    [
      [0.027576848221, 0.024635038384, 0.9014014278, 0.046386685597],
      [0, 0.87175963331, 0, 0.12824036669],
      [0.00020066311626, 0.27419857546, 0.3515867406, 0.37401402082],
      [0.017758194098, 0.00354854542, 0.19586831189, 0.78282494859]
    ],
    [
      [0.03405700895, 0.0060721394149, 0.92230255463, 0.037568297009],
      [0, 0.86687777892, 0.002515803366, 0.13060641772],
      [0.00031564178144, 0.25852358157, 0.37571604613, 0.36544473052],
      [0.022899860807, 0.001413671941, 0.21105563705, 0.76463083021]
    ],
    [
      [0.055033172117, 0, 0.93901199253, 0.0059548353516],
      [0.40693452556, 0.15347244901, 0.013241697875, 0.42635132756],
      [0.0011100475323, 0.058332944549, 0.51925495948, 0.42130204844],
      [0.054453977735, 0, 0.23906975434, 0.70647626792]
    ],
    [
      [0.043080319808, 0, 0.91456952722, 0.042350152969],
      [0.12752707297, 0.68692372245, 0.0040513244228, 0.18149788016],
      [0.00053011792266, 0.19687063293, 0.39113398257, 0.41146526658],
      [0.031893545737, 0, 0.19777197728, 0.77033447699]
    ],
    [
      [0.035277582226, 0.0067841942021, 0.92835308436, 0.029585139216],
      [0, 0.88624271092, 0.0026070991153, 0.11115018997],
      [0.00034311041783, 0.27566181784, 0.38599711016, 0.33799796158],
      [0.025382721686, 0.0014288327627, 0.22690199807, 0.74628644748]
    ],
    [
      [0.023531532032, 0, 0.94356152786, 0.032906940105],
      [0.22497771873, 0.57765128404, 0.0048388020866, 0.19253219514],
      [0.00035847823773, 0.17605440028, 0.42522732056, 0.39835980092],
      [0.021816210106, 0, 0.21930007304, 0.75888371686]
    ],
    [
      [0.03555875599, 0, 0.90802331519, 0.056417928823],
      [4.7422230051e-06, 0.8171914728, 0.002953155544, 0.17985062943],
      [0.074054378696, 0.12187235147, 0.36462441681, 0.43944885303],
      [0.022018776359, 0, 0.17675609857, 0.80122512507]
    ],
    [
      [0.018538578071, 0, 0.95965779364, 0.02180362829],
      [0.37431379185, 0.1543150128, 0.011368605809, 0.46000258954],
      [0.00043094755134, 0.054821984643, 0.49028454031, 0.4544625275],
      [0.020852244445, 0, 0.22248843143, 0.75665932412]
    ],
    [
      [0.032565692351, 0, 0.91214512053, 0.055289187123],
      [0.019694872716, 0.80224736546, 0.0022931645964, 0.17576459723],
      [0.00033729213253, 0.2135745419, 0.36377216189, 0.42231600408],
      [0.021446576236, 2.6911231065e-05, 0.18352553329, 0.79500097924]
    ],
    [
      [0.047505940127, 0.011382697927, 0.90367874561, 0.037432616341],
      [0, 0.8632616279, 0.0010375222256, 0.13570084988],
      [0.00041423697991, 0.25370861968, 0.373517585, 0.37235955834],
      [0.031697148912, 0.0027160208924, 0.20442698516, 0.76115984503]
    ],
    [
      [0.028729156433, 0, 0.94436800608, 0.026902837486],
      [0.07250591753, 0.78144183961, 0.0040798838972, 0.14197235896],
      [0.00034624250496, 0.2288682495, 0.4119941386, 0.35879136939],
      [0.023682560137, 0, 0.2315169206, 0.74480051926]
    ],
    [
      [0.026537423297, 0.0016245418924, 0.92672579246, 0.045112242352],
      [7.1952945596e-07, 0.84916937307, 0.0027713948857, 0.14805851251],
      [0.0002455256228, 0.23807557561, 0.37107839922, 0.39060049955],
      [0.016767233189, 0.00081274987844, 0.19975702411, 0.78266299282]
    ],
    [
      [0.045233368308, 0.0094996268401, 0.89034915751, 0.054917847341],
      [0, 0.84547466751, 0, 0.15452533249],
      [0.00036145221894, 0.24086402408, 0.35270622051, 0.40606830319],
      [0.027328572172, 0.0023948514656, 0.18180351926, 0.78847305711]
    ],
    [
      [0.03148528564, 0, 0.91064102305, 0.057873691305],
      [0.094349532352, 0.70425841331, 0.0031609310224, 0.19823112332],
      [0.00033749710032, 0.18951775186, 0.36567160881, 0.44447314223],
      [0.020508566789, 0, 0.17689771503, 0.80259371818]
    ],
    [
      [0.019634700833, 0, 0.93872267733, 0.041642621834],
      [0.028133011106, 0.80952783559, 0.0039570421133, 0.15838211119],
      [0.00023447290612, 0.22180735819, 0.38591150024, 0.39204666866],
      [0.015412127023, 0.00011316449216, 0.20626647089, 0.77820823759]
    ],
    [
      [0.021982306573, 0.001367940808, 0.93308101423, 0.043568738386],
      [0, 0.84496737836, 0.0025818195328, 0.1524508021],
      [0.00020503737587, 0.23074418504, 0.37828580044, 0.39076497714],
      [0.01401575977, 0.00087822429624, 0.20264109563, 0.7824649203]
    ],
    [
      [0.040810099871, 0.046059775979, 0.90410470597, 0.0090254181833],
      [0, 0.91915262353, 0, 0.080847376474],
      [0.00029757560294, 0.30639308404, 0.41043625269, 0.28287308767],
      [0.036222014497, 0.0078654091817, 0.26637637206, 0.68953620426]
    ],
    [
      [0.034156870565, 0, 0.92659311005, 0.039250019385],
      [0.02256348817, 0.81543627291, 0.0071351601954, 0.15486507872],
      [0.00047016820955, 0.22458656699, 0.38663742481, 0.38830583999],
      [0.027152319974, 0, 0.20592244225, 0.76692523777]
    ],
    [
      [0.023546948135, 0.024827188288, 0.91357887442, 0.038046989161],
      [0, 0.86803550084, 0, 0.13196449916],
      [0.00017237404526, 0.25955792249, 0.37199273153, 0.36827697194],
      [0.015885587935, 0.0049892020132, 0.20711571979, 0.77200949026]
    ],
    [
      [0.035973078091, 0.0073200286715, 0.90058170722, 0.056125186013],
      [0, 0.83365905217, 0, 0.16634094783],
      [0.00029962899324, 0.22792501177, 0.3556387405, 0.41613661874],
      [0.021359334498, 0.0015707467015, 0.18144401563, 0.79562590317]
    ],
    [
      [0.010327361202, 0, 0.95922625212, 0.030446386683],
      [0.0091696265748, 0.84911521666, 0.0049407582826, 0.13677439848],
      [0.00012311350465, 0.23661767094, 0.40038243812, 0.36287677744],
      [0.0083520688182, 0.00043100033551, 0.22586162779, 0.76535530306]
    ],
    [
      [0.039288773451, 0, 0.92146662575, 0.039244600802],
      [0.016056050685, 0.8265778764, 0.0046271039694, 0.15273896895],
      [0.0004521570648, 0.22878454201, 0.38441564539, 0.38634765554],
      [0.028321290596, 1.1768544975e-05, 0.20572182555, 0.76594511531]
    ],
    [
      [0.046701127906, 0.0048314511393, 0.89773678874, 0.050730632215],
      [0, 0.84079997015, 0.00069052716375, 0.15850950269],
      [0.00040812108266, 0.23202414983, 0.35994856082, 0.40761916827],
      [0.028300673313, 0.001210118121, 0.18496945629, 0.78551975227]
    ],
    [
      [0.047244424914, 0.0005282584329, 0.9050995531, 0.04712776355],
      [0, 0.83866369585, 0.002536950351, 0.1587993538],
      [0.00044594940039, 0.22918133841, 0.36901021952, 0.40136249267],
      [0.029406671725, 0.00069230089579, 0.19231028643, 0.77759074095]
    ],
    [
      [0.027313514628, 0, 0.97268648537, 0],
      [0.00074623945512, 0.89074809447, 0.015517855373, 0.092987810702],
      [0.00045858983609, 0.26293564912, 0.44271262695, 0.2938931341],
      [0.065370109647, 0, 0.2855534095, 0.64907648085]
    ]
  ],
  "expected_outcome": [
    [
      [0, 38.1912410451, 14.6975626936, 33.9105569028, 10.8626531954, 15.9879410086, 26.8404880617, 33.1650478615, 18.6419493976, 23.2949941215, 48.154025602, 35.9720670396, 8.4666197342, 21.413694149, 8.7830127294, 14.0707807556, 18.1716563321, 26.8408561717, 21.7192422632, 24.6001913967, 31.4824243422, 20.6228620944, 10.6616425523, 5.4076474169, 15.6710783505, 12.3647871447, 10.6903144534, 27.69927013, 1.5491041803, 32.0596391358, 13.0296146857, 106.5834226063, 2.2123946848],
      [1.96639204, 0, 0, 33.2444228532, 34.3623448693, 28.8801580373, 0, 0, 16.6532859474, 4.1533433598, 0, 0, 1.6282066085, 0, 0, 0, 0, 6.4312243288, 0, 1.5059503343, 6.6117402807, 0, 0, 0.33651343877, 17.6869539761, 0, 11.2715434829, 5.636422077, 0, 0, 1.3479748679, 1.1917510246, 0],
      [14, 715.6232993546, 284.0959572891, 713.2149554484, 383.4481767708, 428.9956597051, 802.2037371055, 805.690086197, 609.3473651911, 630.8549473647, 821.6354934653, 763.6655552309, 222.8047402454, 858.6409903556, 224.2817588513, 728.380265372, 508.976977253, 510.5784912669, 713.9422125974, 859.0748096086, 619.6830136275, 596.469870101, 509.7264137919, 229.5379295013, 347.176207091, 335.426705838, 414.7648089845, 693.4479145627, 143.8839378173, 751.91676661, 250.4685640584, 2041.9045918002, 78.7876053152],
      [5.03360796, 54.1854596003, 0.20648001722, 35.6300647956, 28.3268251645, 24.136241249, 33.9557748327, 33.1448659415, 31.3573994638, 25.696715154, 5.2104809326, 35.3623777295, 7.1004334119, 29.9453154955, 13.9352284193, 16.5489538724, 30.8513664149, 21.1494282326, 20.3385451394, 41.8190486604, 38.2228217496, 37.9072678046, 22.6119436558, 10.7179096431, 3.4657605824, 14.2085070174, 17.2733330792, 43.2163932302, 4.5669580024, 32.0235942542, 14.1538463881, 106.3202345689, 0]
    ],
    [
      [0, 0.11242896762, 2.4573450742, 0, 0, 0, 8.7209400031, 7.8052029195, 0, 0, 19.5328572267, 6.8864619405, 0, 8.5491533117, 2.8453338031e-05, 11.2294137556, 2.146741126, 0, 3.0452485363, 2.5903060415e-05, 0, 3.0191850353, 2.3631729329, 0, 0, 3.2040153201, 0, 0, 0.26591917067, 3.3878266946, 0, 0, 0.019402225833],
      [4.8169229489, 90.58413403, 23.6937441769, 331.1489342737, 312.0791825764, 391.1157871594, 76.4692101154, 57.5816363601, 84.5606844314, 44.2107667248, 7.3666775526, 37.0938810121, 15.0661260856, 21.9507487936, 4.9031488368, 4.6294503839, 87.4449628347, 111.360749999, 32.8205572635, 30.5700974307, 98.0750614316, 22.5362692258, 68.0003381895, 46.47320581, 195.779508811, 115.7919507534, 133.67746713, 182.5713324257, 24.6243412832, 174.4079319198, 52.9703981193, 253.2764361473, 23.1594504562],
      [0, 0.087731381763, 0.18219632863, 0, 0, 0, 0.4945312829, 0.35184312996, 0, 0.12830597167, 0.63560149798, 0.21877151883, 0.04432068496, 0.18387447929, 0.017718933264, 0.34105817428, 0.24995494101, 0.1338403671, 0.17135512368, 0.099770215885, 0, 0.10114979272, 0.33239153752, 0.1420000743, 0, 1.0131927477, 0, 0, 0.1432819902, 0.97631893754, 0.043503211316, 0.76615900601, 0.40346423971],
      [1.1830770511, 20.2157056207, 2.6667144203, 51.8510657263, 58.9208174236, 66.8842128406, 17.3153185986, 13.2613175905, 12.4393155686, 6.6609273035, 20.4648637227, 9.8008855286, 1.8895532294, 7.3162234155, 1.0791037766, 13.8000776862, 19.1583410983, 17.5054096339, 5.9628390765, 5.3301064504, 17.9249385684, 6.3433959462, 13.30409734, 8.3847941157, 17.220491189, 21.9908411787, 20.32253287, 36.4286675743, 3.9664575559, 32.2279224481, 9.9860986694, 47.9574048467, 2.4176830783]
    ],
    [
      [0, 0.012425886008, 0.011384532999, 0.019091311578, 0, 0.0072462869374, 0.015421207466, 0.012639006602, 0.0084278508829, 0.010416178788, 0.031081330905, 0.01590353768, 0.00034311041783, 0.0082449994678, 0.66648940826, 0.010773688783, 0.0087695954459, 0.021126085976, 0.0093485476339, 0.0081023455524, 0.019518419823, 0.0043874623042, 0.0042205123101, 0.0036906727657, 0.010712721706, 0.019276896592, 0.0070673358556, 0.015281078655, 0.0012311350465, 0.040694135832, 0.0081624216531, 0.035675952031, 0.0032101288526],
      [0, 6.41586597, 4.3062558231, 21.9947567427, 21.314916183, 23.5285515502, 7.5307898846, 5.4183636399, 11.5163401693, 8.5312781917, 1.6333224474, 5.9061189879, 0.27566181784, 4.0492512064, 1.0968511632, 1.3705496161, 5.5529380893, 12.9391396038, 6.1794427365, 7.8564939952, 13.0066573001, 2.4637307742, 3.9925324475, 4.1533953308, 11.0301510253, 9.2080492466, 10.6418748221, 11.6241756002, 2.3661767094, 20.5906087806, 4.6404829967, 18.3345070728, 1.8405495438],
      [0, 10.3992328022, 7.4278734908, 29.4303593955, 26.5389480132, 31.527936395, 14.1620988752, 10.2901225861, 14.7666431054, 12.3986295223, 14.5391388655, 11.7340194771, 0.38599711016, 9.7802283728, 3.2816197513, 12.2571135077, 9.4580762091, 19.049396835, 11.1238417423, 12.2455871742, 19.0461359076, 4.7537309145, 6.9464070043, 6.8091444079, 14.775705097, 15.852134417, 15.2517019926, 18.1375757653, 4.0038243812, 34.5974080848, 7.1989712163, 29.5208175614, 3.0989883886],
      [0, 13.1724753417, 4.2544861531, 31.5557925502, 34.1461358037, 35.9362657679, 14.2916900327, 10.2788747673, 15.7085888745, 12.0596761072, 11.7964573563, 12.3439579973, 0.33799796158, 9.1622754213, 3.9550396772, 11.3615631874, 10.9802161061, 18.9903374752, 9.6873669736, 12.8898164851, 21.9276883725, 5.778150849, 7.0568400359, 7.0337695885, 10.183431156, 15.9205394398, 15.0993558495, 21.2229675558, 3.6287677744, 34.7712889987, 8.1523833653, 32.1089994138, 2.0572519387]
    ],
    [
      [0, 3.6839041013, 1.8337076991, 5.0703517856, 2.1373468046, 3.0048127045, 2.4231507277, 3.0171102124, 1.3496227515, 1.6945896997, 5.2820358403, 3.1255674822, 0.53303715541, 2.0289075399, 0.55046940898, 1.6890318001, 1.6728329464, 3.1380177423, 2.2261606529, 1.3916803547, 3.498057238, 1.3535654081, 0.97096400243, 0.58866191035, 2.3182089278, 1.4119206386, 1.3026182107, 2.2854487913, 0.183745514, 3.5118400339, 0.96222289264, 8.3809014417, 1.7649929605],
      [0.21668501115, 0, 0, 1.6118861304, 2.2435563713, 1.4755032531, 0, 0, 0.26968945192, 0.10461172363, 0, 0, 0.030005488016, 0, 0, 0, 0.002099076023, 0.26888606835, 0, 0.067458239911, 0.30654098759, 0, 0.0071293630064, 0.036885420442, 0.50338618763, 0, 0.40911456508, 0.16806989706, 0.0094820073812, 0.0014592995769, 0.041144016115, 0.1973057553, 0],
      [0, 22.8897364614, 10.2939728914, 35.3546851561, 24.0128752159, 26.4764038999, 19.1396327364, 20.667948087, 14.8859917035, 15.6181171413, 23.1897661713, 19.3816537731, 4.7649419595, 20.3949067923, 4.4189024642, 18.021562946, 14.3149915969, 20.2382715311, 21.7625905366, 16.5798330013, 23.2708504648, 11.6752491918, 12.9947876663, 8.5109260165, 17.048087812, 10.7079669973, 16.983489023, 19.414509672, 4.9689558114, 25.5095063676, 6.288961514, 54.8084316323, 7.7099420565],
      [9.7833149889, 109.4263594373, 21.8723194094, 144.9630769279, 123.6062216081, 116.0432801425, 71.4372165359, 76.3149417006, 59.4946960931, 56.5826814353, 68.5281979884, 75.4927787447, 15.6720153971, 70.5761856678, 20.0306281269, 61.2894052539, 62.0100763807, 75.3548246583, 70.0112488105, 64.9610284041, 100.9245513096, 52.9711854001, 49.0271189683, 32.8635266527, 44.1303170726, 39.8801123641, 63.3047782013, 85.1319716397, 16.8378166672, 94.9771942989, 26.7076715772, 221.6133611707, 17.525064983]
    ]
  ],
  "prob": [
    [0.036045720711, 0.0084933798765, 0.91426710914, 0.041193790277],
    [0.021531451626, 0.82248532258, 0.0018897568484, 0.15409346894],
    [0.0008969801749, 0.23169067418, 0.37642135642, 0.39099098922],
    [0.025882214815, 0.0027734510484, 0.19912959231, 0.77221474183]
  ],
  "iterations": 157,
  "logLik": -411.5045403883,
  "time": 0.00027,
  "message": "Converged",
  "status": 0,
  "miniter": 0,
  "maxiter": 1000,
  "maxtime": 3600,
  "param_threshold": 0.001,
  "ll_threshold": "-Inf",
  "initial_prob": "random",
  "adjust_prob_cond_method": "project_lp",
  "adjust_prob_cond_every": false,
  "candidates_id": ["SAAFI, Etuate Lui.c", "SIMICH, Clem Rudolph.c", "FIELD, Taito Phillip.c", "Other candidates votes.c"],
  "group_id": ["Labour Party.p", "National Party.p", "New Zealand First Party.p", "Other parties votes.p"]
}
