{
  "Z_true": {},
  "V_true": [
    [33, 541, 61, 161, 1197, 28],
    [301, 438, 262, 278, 11178, 121],
    [180, 153, 1001, 14459, 2360, 257],
    [536, 15, 31, 155, 718, 25],
    [107, 106, 362, 917, 907, 421]
  ],
  "p_true": [
    [0.0163, 0.2677, 0.0302, 0.0797, 0.5923, 0.0139],
    [0.0239, 0.0348, 0.0208, 0.0221, 0.8887, 0.0096],
    [0.0098, 0.0083, 0.0544, 0.7854, 0.1282, 0.014],
    [0.3622, 0.0101, 0.0209, 0.1047, 0.4851, 0.0169],
    [0.0379, 0.0376, 0.1284, 0.3252, 0.3216, 0.1493]
  ],
  "Z_est": [
    [
      [2, 3, 4, 0.5634, 2, 2, 0.2241, 0, 0, 3, 3, 3, 4, 4, 4, 3, 2, 1.9999, 2, 8, 3, 0.9134, 0, 0.9434, 1.9957, 2, 5, 5, 6, 3, 4, 3, 3, 2, 4, 3, 3, 3, 0.1014, 1.9999, 3, 3, 5, 3, 8, 2, 5, 2.0077],
      [2, 2, 1, 0.1134, 3.8149e-06, 1, 0.1621, 0.1856, 0.1402, 3.8617e-11, 2, 2.1758e-13, 2, 3, 2, 3, 0, 8.0811e-06, 4, 7, 3, 0.9577, 0.6509, 0.9673, 0.001, 2, 1, 2, 4, 1, 1, 1.3541e-11, 1, 1, 4, 2.5644e-10, 5.3372e-12, 1, 0.2524, 0.0001, 5, 1, 4, 2.9065e-08, 3, 1, 13, 4.004],
      [1, 4, 3, 0.2054, 4.4562e-09, 2.4097e-10, 0.1007, 0.155, 0, 1, 1, 1, 1, 2, 2, 2, 1, 1, 2, 2, 4, 0.0556, 0.5871, 0.0728, 0.0003, 6.2208e-09, 1, 1, 4, 1, 1, 1, 1, 2, 8, 1, 1, 0, 0, 0.0001, 2, 1, 2, 5.5444e-08, 5, 1.0989e-07, 11, 0.9962],
      [8, 21, 28, 2.0909, 4, 8, 0.6954, 1.8567, 1.507, 22, 24, 15, 13, 20, 19, 14, 9, 7.9999, 45, 59, 25, 2.0197, 2.0743, 2.1328, 1.003, 4, 38, 23, 48, 14, 23, 9, 10, 7, 37, 9, 15, 7, 3.0033, 2.9999, 15, 16, 34, 3, 70, 9, 71, 18.9844],
      [15, 32, 20, 5.0043, 2, 6, 0.784, 1.6831, 3.3527, 10, 11, 5, 25, 34, 32, 25, 3, 5.0001, 16, 53, 33, 3.0047, 2.6545, 3.8633, 0.9995, 12, 28, 24, 54, 14, 23, 12, 22, 15, 51, 14, 6, 10, 0.6254, 2, 26, 7, 39, 4, 60, 9, 62, 12.0039],
      [1.5223e-15, 1.5278e-26, 1.5606e-30, 0.0225, 2.3599e-09, 3.0636e-09, 0.0338, 0.1196, 0, 2.0463e-11, 1.6443e-13, 4.2418e-16, 3.824e-29, 1, 5.761e-28, 1.2609e-19, 5.9791e-07, 0.0001, 1, 3, 1, 0.0489, 0.0331, 0.0204, 0.0004, 1.7674e-08, 1, 2, 3, 2, 2, 3.5751e-12, 1, 3.4801e-17, 1, 1.8452e-10, 1.5523e-11, 1.7002e-06, 0.0176, 3.5395e-06, 2, 1.0154e-12, 2, 1.2091e-06, 2, 2.7268e-09, 4, 0.0039]
    ],
    [
      [9, 11, 6, 0.4641, 7.9792e-09, 4, 0.6747, 0, 0, 1, 4, 3, 27, 24, 16, 16, 7.3567e-07, 1.0001, 1, 18, 7, 0.0326, 0, 1.006, 0.9986, 11, 20, 14, 34, 7, 12, 4, 10, 7, 11, 3, 1, 7, 0.1162, 3.0001, 4, 2, 17, 11, 35, 1, 15, 0.9962],
      [8, 15, 12, 1.5295, 3, 5, 1.0008, 0.2472, 0.4463, 5, 3, 4, 14, 21, 19, 14, 3, 4.9999, 7, 24, 20, 2.9402, 1.9681, 2.8776, 1.9972, 7, 10, 19, 21, 7, 12, 5, 13, 8, 25, 8, 5, 6, 0.6854, 4.9997, 13, 6, 15, 2, 26, 5, 48, 5.9846],
      [19, 39, 29, 2.1241, 8, 5, 1.059, 0.2976, 0, 3, 7, 7, 28, 25, 28, 28, 4, 7, 6, 9, 25, 1.9381, 3.193, 4.0253, 6.9993, 6, 8, 14, 28, 7, 10, 13, 15, 24, 57, 10, 5, 2, 0, 1.9999, 7, 5, 18, 2, 37, 4, 46, 3],
      [95, 176, 217, 15.0826, 57, 94, 3.6576, 3.5337, 4.3633, 64, 76, 70, 201, 181, 214, 159, 31, 46.9999, 81, 186, 157, 12.8173, 9.6145, 10.1089, 25.9938, 37, 224, 153, 324, 78, 161, 70, 109, 85, 242, 61, 76, 31, 17.3445, 26.0004, 42, 58, 190, 51, 485, 41, 272, 34],
      [168, 263, 156, 22.6423, 29, 71, 4.2735, 3.6847, 9.1904, 30, 36, 26, 368, 311, 353, 275, 11, 27.0001, 30, 166, 207, 18.0024, 15.4105, 17.9515, 30.0105, 99, 164, 156, 359, 76, 156, 90, 227, 184, 334, 93, 33, 45, 6.2775, 23.9998, 69, 26, 219, 57, 414, 42, 239, 21.0232],
      [1, 4, 5, 0.1573, 2, 1, 0.3344, 0.2368, 0, 1, 2, 1, 14, 15, 8, 7, 5.5073e-06, 1, 1, 9, 7, 1.2694, 0.814, 0.0306, 0.0006, 3, 9, 13, 25, 13, 14, 4, 15, 7, 9, 1, 2, 1, 0.5763, 1.0001, 6, 1, 15, 8, 20, 2, 17, 0.9961]
    ],
    [
      [8, 12, 14, 0.61, 2, 7, 0.7948, 0, 0, 7, 12, 14, 25, 20, 16, 14, 2, 3.9999, 6, 31, 8, 0.0299, 0, 1.0182, 2.0027, 6, 40, 19, 46, 12, 20, 6, 7, 7, 14, 3, 5, 5, 2.2858, 4, 4, 7, 25, 10, 59, 2, 25, 1.9961],
      [6, 14, 22, 1.2912, 5, 7, 1.428, 0.4998, 0.3161, 7, 9, 11, 13, 16, 17, 11, 6, 6.0001, 29, 39, 20, 2.041, 1.0546, 1.1257, 1.0001, 3, 18, 22, 28, 8, 15, 3, 8, 7, 30, 6, 9, 5, 1.9654, 3.0002, 11, 11, 21, 1, 40, 4, 76, 13.0114],
      [15, 43, 66, 2.5432, 19, 10, 1.3883, 0.4683, 0, 14, 12, 22, 24, 21, 27, 23, 15, 16, 22, 14, 30, 0.9767, 2.6467, 3.843, 9.9959, 1, 19, 17, 37, 12, 16, 19, 11, 24, 70, 12, 16, 4, 0, 2.9997, 6, 13, 24, 1, 63, 7, 74, 4],
      [85, 196, 492, 15.3087, 176, 168, 5.0754, 7.2388, 3.8222, 239, 211, 295, 190, 154, 212, 143, 138, 111, 378, 327, 179, 15.9888, 12.6565, 9.8599, 39.0081, 22, 477, 199, 442, 122, 258, 86, 77, 83, 305, 65, 242, 29, 57.7419, 40.9997, 40, 171, 277, 53, 815, 63, 449, 82.0195],
      [148, 289, 354, 20.7168, 89, 126, 5.0486, 6.3003, 6.8617, 114, 98, 110, 345, 261, 347, 243, 48, 63.0001, 138, 290, 236, 19.1452, 16.9524, 16.1261, 43.9934, 53, 350, 201, 488, 119, 247, 111, 158, 178, 419, 98, 104, 41, 17.4875, 36.0004, 62, 76, 318, 56, 692, 63, 392, 50.9691],
      [1, 4, 11, 0.5302, 6, 2, 0.265, 0.4928, 0, 5, 6, 7, 13, 12, 8, 6, 2, 1.9999, 8, 16, 8, 1.8184, 0.6897, 0.0269, 0.9999, 2, 20, 17, 34, 21, 22, 5, 10, 7, 12, 1, 7, 1, 2.5193, 2, 5, 4, 22, 8, 33, 3, 28, 3.0039]
    ],
    [
      [8.4884e-16, 1, 6.1269e-33, 0.0178, 1.1499e-10, 4.6791e-09, 0.0403, 0, 0, 2.9809e-11, 1.2309e-13, 5.4224e-14, 3, 2, 1, 1, 4.0317e-08, 3.0333e-08, 5.5494e-20, 2, 2.4385e-23, 0.0006, 0, 0.0129, 0.0015, 2, 2, 1, 5, 1, 1, 9.9978e-12, 2.0212e-25, 9.3197e-19, 2.7203e-36, 3.8082e-11, 2.4627e-14, 3.1205e-06, 0.0067, 0.0001, 5.1735e-10, 3.488e-12, 3, 6.5504e-07, 6, 1.0769e-07, 1, 1.6233e-06],
      [3.5788e-15, 1, 1, 0.023, 1.8814e-09, 7.9453e-11, 0.0986, 0.0246, 0.0119, 5.4818e-11, 3.0688e-11, 4.194e-16, 1, 2, 1, 1, 9.6123e-07, 0, 1.3378e-19, 3, 1, 0.0048, 0.018, 0.012, 0.0007, 1, 1, 2, 3, 1, 1, 1.3543e-11, 1, 1.8588e-18, 2, 3.6507e-10, 4.3729e-14, 1.4531e-07, 0.0159, 0, 1, 3.0478e-12, 2, 1.7429e-08, 4, 1.0653e-07, 3, 0],
      [1, 4, 3, 0.0257, 7.9588e-09, 1.3485e-10, 0.048, 0.0239, 0, 7.7038e-13, 2.0348e-10, 3.2513e-13, 2, 2, 2, 2, 8.1067e-07, 1.4531e-08, 6.8136e-20, 1, 1, 0.0055, 0.0832, 0.0194, 0.0017, 2.8877e-07, 1, 1, 3, 1, 1, 1, 1, 1, 4, 1, 1.5569e-11, 1, 0, 0, 5.1412e-10, 1.4808e-11, 2, 3.745e-09, 6, 8.703e-09, 3, 1.1498e-07],
      [6, 20, 30, 0.8293, 4, 11, 0.4961, 0.4959, 0.2971, 7, 8, 10, 25, 21, 20, 14, 5, 8, 9, 27, 13, 0.2603, 0.234, 1.8523, 2.9955, 7, 33, 20, 49, 16, 19, 9, 11, 7, 21, 8, 7, 6, 0.1753, 4, 5, 11, 34, 4, 84, 4, 21, 0.9961],
      [12, 32, 21, 1.098, 3, 8, 0.3024, 0.4261, 0.691, 5, 5, 6, 44, 39, 35, 27, 2, 4, 6, 24, 15, 1.7232, 0.6592, 1.0694, 3.0005, 19, 27, 20, 53, 15, 20, 9, 21, 14, 31, 12, 5, 7, 0.7968, 5.9998, 9, 7, 41, 7, 72, 6, 21, 0.0078],
      [7.6261e-17, 3.5571e-32, 7.7899e-31, 0.0063, 1.2752e-06, 3.3303e-09, 0.0146, 0.0295, 0, 3.8703e-11, 3.09e-11, 8.3119e-16, 1, 1, 1, 2.5217e-19, 2.655e-06, 8.258e-10, 5.5577e-20, 1, 2.7579e-26, 0.0055, 0.0056, 0.0341, 0.0001, 1.0516e-08, 2, 1, 3, 2, 1, 7.096e-12, 1, 4.7553e-17, 9.1302e-37, 8.7536e-11, 4.3836e-14, 5.561e-06, 0.0052, 0, 1, 1.0224e-12, 3, 6.3371e-07, 3, 1.0484e-08, 1, 0.9961]
    ],
    [
      [1, 2, 1, 0.3447, 3.9556e-09, 3.4506e-09, 0.2662, 0, 0, 1.0035e-11, 1, 1, 4, 4, 3, 2, 7.5089e-08, 0.0001, 1.3372e-19, 5, 1, 0.0235, 0, 0.0194, 0.0016, 2, 4, 3, 7, 2, 3, 2.7763e-11, 1, 1, 1, 2.0605e-10, 1.0349e-11, 1, 0.4898, 1, 1, 1, 3, 2, 6, 1.9584e-08, 4, 5.6635e-06],
      [1, 2, 2, 0.0429, 1.6023e-09, 5.8809e-09, 0.3105, 0.0428, 0.0854, 7.7513e-11, 1, 1, 2, 3, 3, 1, 1, 1, 3, 7, 3, 0.0563, 0.3083, 0.0173, 0.001, 1, 2, 4, 4, 1, 2, 2.1137e-14, 1, 1, 4, 2.4701e-10, 1, 1, 0.0808, 0.0001, 3, 1, 2, 1.7069e-08, 4, 2.6994e-08, 12, 1.0001],
      [2, 7, 8, 0.1016, 1, 1, 0.404, 0.0552, 0, 1, 1, 2, 3, 4, 5, 3, 2, 2, 2, 2, 4, 0.0241, 0.49, 0.0395, 1.0028, 1.7602e-09, 2, 3, 5, 2, 2, 2, 2, 5, 9, 1, 2, 2.2534e-06, 0, 0.0002, 1, 2, 3, 7.508e-09, 7, 2.2775e-07, 11, 0.0039],
      [13, 34, 60, 1.6885, 16, 22, 1.0755, 0.8749, 1.0103, 26, 22, 35, 30, 30, 41, 22, 25, 17.0002, 39, 58, 28, 2.9138, 2.4206, 1.0461, 4.9996, 7, 55, 37, 70, 24, 41, 12, 18, 17, 42, 7, 31, 6, 4.735, 8.9999, 11, 28, 38, 9, 94, 10, 72, 7],
      [24, 51, 45, 3.5386, 9, 18, 1.5916, 0.9058, 1.9043, 13, 11, 13, 57, 52, 68, 40, 10, 11.9998, 14, 53, 39, 5.1244, 3.3234, 2.9897, 6.9961, 19, 40, 39, 78, 24, 39, 18, 39, 39, 59, 13, 14, 10, 1.8128, 8, 18, 12, 44, 10, 81, 11, 63, 3.9961],
      [1, 3, 3, 0.2837, 2, 2, 0.3522, 0.1214, 0, 3, 2, 3, 4, 5, 4, 4, 2, 1, 3, 4, 2, 1.8578, 0.4577, 0.888, 0.9989, 3, 4, 5, 8, 6, 6, 2, 5, 3, 4, 2, 2, 1, 0.8816, 2.9998, 3, 3, 5, 3, 6, 3, 7, 1.9999]
    ]
  ],
  "V_est": [
    [137.7489, 84.4347, 73.1732, 842.3674, 854.9755, 28.3004],
    [381.2886, 467.6764, 619.6364, 5058.5166, 5781.4663, 269.4157],
    [536.7374, 590.7336, 867.8617, 8258.7197, 7764.6016, 391.3459],
    [32.0799, 33.2098, 45.2074, 626.6319, 719.7741, 23.0969],
    [69.1452, 76.9454, 111.1214, 1183.7644, 1239.1826, 139.8411]
  ],
  "p_est": [
    [0.0681, 0.0418, 0.0362, 0.4168, 0.423, 0.014],
    [0.0303, 0.0372, 0.0493, 0.4022, 0.4597, 0.0214],
    [0.0292, 0.0321, 0.0471, 0.4486, 0.4218, 0.0213],
    [0.0217, 0.0224, 0.0305, 0.4234, 0.4863, 0.0156],
    [0.0245, 0.0273, 0.0394, 0.4198, 0.4394, 0.0496]
  ],
  "EI_Z": {},
  "EI_V": 36.5416,
  "MAE_Z": {},
  "MAE_V": 908.8875,
  "MAE_p": 0.1148,
  "runtime": 0.3871
}
