{
  "X": [
    [20, 17, 38, 207, 367, 3],
    [29, 34, 97, 447, 667, 11],
    [25, 38, 109, 827, 596, 19],
    [2, 3, 5, 35, 53, 1],
    [4, 8, 28, 257, 132, 10],
    [13, 13, 16, 303, 229, 5],
    [2, 3, 3, 11, 12, 1],
    [0, 1, 1, 14, 13, 1],
    [0, 1, 0, 11, 22, 0],
    [11, 12, 19, 358, 172, 9],
    [20, 15, 21, 341, 161, 10],
    [21, 16, 32, 425, 160, 11],
    [63, 32, 58, 459, 839, 32],
    [54, 45, 54, 406, 697, 34],
    [40, 42, 64, 506, 835, 21],
    [36, 30, 58, 352, 610, 17],
    [4, 10, 22, 208, 74, 4],
    [7, 12, 26, 191, 111, 4],
    [9, 43, 32, 552, 204, 13],
    [64, 80, 28, 657, 586, 33],
    [19, 47, 64, 402, 530, 18],
    [1, 6, 3, 34, 47, 5],
    [0, 4, 7, 27, 39, 2],
    [3, 5, 8, 25, 42, 1],
    [5, 3, 18, 74, 85, 2],
    [23, 14, 7, 77, 202, 8],
    [71, 32, 31, 827, 609, 36],
    [42, 49, 36, 432, 440, 38],
    [98, 60, 77, 933, 1032, 73],
    [25, 18, 23, 254, 248, 44],
    [40, 31, 30, 502, 485, 45],
    [13, 8, 36, 186, 240, 11],
    [21, 24, 30, 225, 467, 32],
    [17, 17, 56, 199, 430, 17],
    [30, 65, 148, 647, 894, 26],
    [9, 14, 25, 150, 230, 4],
    [9, 15, 24, 371, 162, 11],
    [16, 13, 7, 79, 113, 3],
    [3, 3, 0, 83, 27, 4],
    [10, 8, 5, 83, 76, 6],
    [12, 33, 16, 113, 184, 17],
    [13, 19, 21, 284, 128, 8],
    [53, 44, 49, 573, 661, 47],
    [26, 3, 3, 120, 134, 19],
    [114, 77, 118, 1548, 1319, 64],
    [5, 10, 11, 127, 131, 8],
    [50, 152, 145, 885, 777, 57],
    [5, 24, 8, 143, 88, 7]
  ],
  "W": [
    [28, 300, 263, 19, 42],
    [62, 508, 558, 58, 99],
    [56, 425, 959, 55, 119],
    [8, 42, 41, 2, 6],
    [8, 99, 297, 7, 28],
    [17, 180, 320, 19, 43],
    [2, 11, 14, 1, 4],
    [4, 8, 15, 1, 2],
    [5, 14, 11, 1, 3],
    [36, 104, 386, 12, 43],
    [41, 128, 348, 13, 38],
    [24, 111, 459, 16, 55],
    [45, 652, 610, 76, 100],
    [64, 577, 484, 67, 98],
    [59, 638, 627, 60, 124],
    [47, 499, 440, 45, 72],
    [15, 49, 211, 7, 40],
    [16, 88, 202, 12, 33],
    [70, 126, 581, 15, 61],
    [132, 412, 717, 58, 129],
    [69, 423, 481, 30, 77],
    [7, 37, 40, 2, 10],
    [6, 31, 34, 1, 7],
    [8, 36, 32, 3, 5],
    [4, 66, 97, 6, 14],
    [20, 163, 87, 29, 32],
    [74, 435, 924, 66, 107],
    [57, 369, 475, 45, 91],
    [119, 791, 1075, 116, 172],
    [35, 188, 294, 36, 59],
    [54, 365, 578, 43, 93],
    [25, 186, 230, 19, 34],
    [38, 389, 271, 35, 66],
    [27, 315, 306, 22, 66],
    [105, 678, 850, 58, 119],
    [27, 176, 185, 21, 23],
    [25, 122, 383, 12, 50],
    [21, 92, 85, 14, 19],
    [4, 25, 82, 1, 8],
    [7, 61, 89, 10, 21],
    [53, 141, 128, 16, 37],
    [28, 98, 282, 18, 47],
    [86, 474, 687, 85, 95],
    [10, 131, 129, 11, 24],
    [148, 1017, 1702, 175, 198],
    [21, 95, 142, 10, 24],
    [166, 637, 1044, 50, 169],
    [38, 66, 155, 2, 14]
  ],
  "method": "mcmc",
  "mcmc_stepsize": 3000,
  "mcmc_samples": 1000,
  "burn_in": 10000,
  "cond_prob": [
    [
      [0.071428571429, 0.071428571429, 0.035714285714, 0.28571428571, 0.53571428571, 5.4367239681e-17],
      [0.03, 0.026666666667, 0.063333333333, 0.31666666667, 0.56, 0.0033333333333],
      [0.030418250951, 0.022813688213, 0.057034220532, 0.32319391635, 0.56273764259, 0.0038022813688],
      [4.4675705563e-17, 1.8835598209e-16, 0.052631578947, 0.31578947368, 0.63157894737, 4.0137300339e-18],
      [0.02380952381, 0.02380952381, 0.047619047619, 0.30952380952, 0.57142857143, 0.02380952381]
    ],
    [
      [0.048387096774, 0.032258064516, 0.064516129032, 0.33870967742, 0.51612903226, 2.464195566e-28],
      [0.021653543307, 0.029527559055, 0.076771653543, 0.34645669291, 0.51771653543, 0.007874015748],
      [0.021505376344, 0.025089605735, 0.0770609319, 0.35125448029, 0.51792114695, 0.0071684587814],
      [0.01724137931, 0.01724137931, 0.068965517241, 0.34482758621, 0.55172413793, 6.1328481182e-34],
      [0.020202020202, 0.020202020202, 0.070707070707, 0.34343434343, 0.51515151515, 0.030303030303]
    ],
    [
      [0.071428571429, 0.017857142857, 0.053571428571, 0.5, 0.35714285714, 2.7867192942e-32],
      [0.014117647059, 0.028235294118, 0.068235294118, 0.51058823529, 0.36705882353, 0.011764705882],
      [0.014598540146, 0.022940563087, 0.06882168926, 0.51303441084, 0.36913451512, 0.011470281543],
      [1.1139868548e-34, 0.018181818182, 0.054545454545, 0.54545454545, 0.38181818182, 1.4163479033e-32],
      [0.0084033613445, 0.016806722689, 0.067226890756, 0.50420168067, 0.3781512605, 0.025210084034]
    ],
    [
      [0.070430368864, 0.014175965945, 0.025675217372, 0.26136803702, 0.62553845298, 0.0028119578123],
      [0.0110499223, 0.036416925153, 0.050574889805, 0.35911033858, 0.53910279818, 0.0037451259857],
      [0.014876838754, 0.031493430616, 0.062028268057, 0.37338235242, 0.50528822881, 0.012930881345],
      [0.0089043741992, 0.011498708654, 0.012837079018, 0.4146325617, 0.54898013753, 0.0031471388941],
      [0.057450195865, 0.0071422239097, 0.016936623472, 0.28141331851, 0.58976619939, 0.04729143886]
    ],
    [
      [0.24999968165, 4.7686566705e-07, 5.570192705e-10, 0.49999968164, 0.250000159, 2.9498609501e-10],
      [8.0598369024e-11, 0.030303030244, 0.080808003959, 0.57575751124, 0.29292939576, 0.020202058712],
      [0.0067340152686, 0.016835003998, 0.063973089534, 0.59259263128, 0.29966325683, 0.02020200309],
      [1.6427155132e-11, 2.6877766425e-10, 1.1369783606e-09, 0.57142838894, 0.42857142746, 1.821729152e-07],
      [1.4127260558e-10, 5.7225561718e-11, 0.03571428586, 0.57142852578, 0.32142861701, 0.071428571152]
    ],
    [
      [0.1176470591, 0.05882352929, 1.4174638128e-11, 0.47058823467, 0.35294117674, 1.8020933702e-10],
      [0.022222222194, 0.027777777734, 0.027777777695, 0.52222222221, 0.39444444463, 0.0055555555397],
      [0.021874999976, 0.021875000012, 0.031250000036, 0.5250000001, 0.39374999987, 0.0062500000103],
      [2.4626719803e-10, 4.1817546121e-12, 7.097252965e-12, 0.5789473685, 0.42105263106, 1.752791673e-10],
      [8.0247639769e-11, 1.3676504638e-10, 0.023255814026, 0.51162790654, 0.41860465147, 0.046511627748]
    ],
    [
      [0.11202736816, 0.081048609086, 0.050329292567, 0.34767952908, 0.39200014053, 0.016915060574],
      [0.06133518885, 0.090978693467, 0.096274641989, 0.33251157966, 0.38849626806, 0.030403627973],
      [0.056771464439, 0.10199775379, 0.099162822856, 0.36253077631, 0.3606120921, 0.018925090503],
      [0.040255725726, 0.098628699854, 0.048037821149, 0.49610154665, 0.30238130188, 0.014594904739],
      [0.066550489614, 0.077634975186, 0.10100075296, 0.26887028766, 0.39789754473, 0.088045949841]
    ],
    [
      [0, 0.04641139889, 0.038747607914, 0.4641703182, 0.4207676597, 0.029903015301],
      [0, 0.030894833309, 0.037201560382, 0.44171572943, 0.46058984393, 0.029598032954],
      [0, 0.033319292719, 0.031221825047, 0.48258614943, 0.42002116736, 0.032851565447],
      [0, 0.024645367482, 0.023896055156, 0.49592375778, 0.4260631729, 0.029471646682],
      [0, 0.021380489855, 0.027586827215, 0.43743844628, 0.45291496327, 0.060679273385]
    ],
    [
      [0, 0.02804530718, 0, 0.30140962639, 0.67054506643, 0],
      [0, 0.031878804875, 0, 0.31166681948, 0.65645437564, 0],
      [0, 0.028740051846, 0, 0.34747001245, 0.6237899357, 0],
      [0, 0.011884998018, 0, 0.29714257816, 0.69097242382, 0],
      [0, 0.028481542509, 0, 0.33676789339, 0.6347505641, 0]
    ],
    [
      [0.083333333332, 1.0726816446e-12, 0.027777777777, 0.61111111111, 0.27777777778, 5.6841363543e-13],
      [0.0096153846155, 0.048076923076, 0.028846153846, 0.61538461539, 0.28846153846, 0.0096153846159],
      [0.018134715026, 0.018134715026, 0.036269430052, 0.61917098446, 0.29533678756, 0.012953367875],
      [2.4840491336e-12, 4.5681773371e-12, 6.4198407565e-14, 0.58333333333, 0.41666666666, 3.2252774352e-12],
      [2.3336751169e-13, 1.8026330181e-12, 0.023255813953, 0.60465116279, 0.3023255814, 0.069767441861]
    ],
    [
      [0.073170731714, 0.0487804878, 0.024390243902, 0.58536585365, 0.26829268293, 4.0104347498e-15],
      [0.031249999998, 0.023437500004, 0.0546875, 0.59374999999, 0.28125000001, 0.015625],
      [0.034482758621, 0.025862068965, 0.03448275862, 0.60632183909, 0.2816091954, 0.017241379309],
      [9.4687136306e-15, 2.3606312049e-12, 1.565238702e-11, 0.61538461538, 0.38461538459, 2.3769099753e-12],
      [0.026315789472, 0.026315789471, 0.026315789476, 0.5789473684, 0.28947368422, 0.052631578957]
    ],
    [
      [0.125, 9.0659583105e-15, 0.041666666667, 0.625, 0.20833333333, 1.7674056668e-17],
      [0.027027027027, 0.036036036036, 0.063063063063, 0.63063063063, 0.23423423423, 0.009009009009],
      [0.030501089325, 0.023965141612, 0.047930283224, 0.64270152505, 0.23965141612, 0.015250544662],
      [3.3890080344e-15, 2.6212767073e-17, 2.0320635597e-14, 0.625, 0.375, 5.1949544792e-17],
      [0.018181818182, 0.018181818182, 0.036363636364, 0.63636363636, 0.23636363636, 0.054545454545]
    ],
    [
      [0.088888888889, 0.044444444444, 0.022222222222, 0.28888888889, 0.55555555556, 8.4977352248e-31],
      [0.041411042945, 0.021472392638, 0.042944785276, 0.30828220859, 0.56441717791, 0.021472392638],
      [0.040983606557, 0.02131147541, 0.039344262295, 0.31147540984, 0.56557377049, 0.02131147541],
      [0.039473684211, 0.013157894737, 0.026315789474, 0.32894736842, 0.57894736842, 0.013157894737],
      [0.04, 0.02, 0.03, 0.3, 0.57, 0.04]
    ],
    [
      [0.0625, 0.046875, 0.03125, 0.3125, 0.53125, 0.015625],
      [0.041594454073, 0.036395147314, 0.043327556326, 0.3136915078, 0.53899480069, 0.025996533795],
      [0.04132231405, 0.03305785124, 0.043388429752, 0.31818181818, 0.53925619835, 0.02479338843],
      [0.029850746269, 0.029850746269, 0.029850746269, 0.31343283582, 0.58208955224, 0.014925373134],
      [0.040816326531, 0.030612244898, 0.040816326531, 0.30612244898, 0.5306122449, 0.051020408163]
    ],
    [
      [0.067796610169, 0.033898305085, 0.033898305085, 0.32203389831, 0.54237288136, 9.7643730912e-30],
      [0.025078369906, 0.029780564263, 0.043887147335, 0.33542319749, 0.55329153605, 0.012539184953],
      [0.025518341308, 0.02711323764, 0.043062200957, 0.33811802233, 0.55342902711, 0.012759170654],
      [0.016666666667, 0.016666666667, 0.033333333333, 0.33333333333, 0.58333333333, 0.016666666667],
      [0.024193548387, 0.024193548387, 0.040322580645, 0.33064516129, 0.54838709677, 0.032258064516]
    ],
    [
      [0.063829787234, 0.063829787234, 0.042553191489, 0.29787234043, 0.53191489362, 2.6826764961e-21],
      [0.032064128257, 0.028056112224, 0.056112224449, 0.31863727455, 0.55110220441, 0.014028056112],
      [0.031818181818, 0.025, 0.052272727273, 0.325, 0.55227272727, 0.013636363636],
      [0.022222222222, 0.022222222222, 0.044444444444, 0.31111111111, 0.6, 5.6037185726e-21],
      [0.027777777778, 0.013888888889, 0.041666666667, 0.30555555556, 0.55555555556, 0.055555555556]
    ],
    [
      [0.13333282237, 7.8697263046e-07, 0.066666487579, 0.5999996897, 0.20000017352, 3.9860488048e-08],
      [1.5013611933e-08, 0.061224463026, 0.081632579302, 0.63265293456, 0.2244898957, 1.1239301663e-07],
      [0.0094787052769, 0.028435968843, 0.071090087787, 0.65402850941, 0.22748806599, 0.0094786626854],
      [5.7596159167e-09, 1.3731909604e-07, 1.1580948231e-07, 0.71428481385, 0.28571454798, 3.7928179908e-07],
      [1.8772172154e-09, 0.024999977998, 0.049999924171, 0.62500004194, 0.25000021868, 0.049999835331]
    ],
    [
      [0.12499465, 5.050713358e-07, 0.062501009374, 0.49999515931, 0.31250332796, 5.348281746e-06],
      [0.011364957878, 0.05681667647, 0.079545179375, 0.53409010047, 0.30681935777, 0.011363728028],
      [0.019801516275, 0.029703586072, 0.079207808916, 0.54950499952, 0.31188152267, 0.0099005665396],
      [2.5277316093e-09, 3.9034189736e-06, 1.2109524324e-09, 0.66666396912, 0.33333212366, 6.8816469381e-11],
      [1.9087510092e-06, 0.030301610968, 0.060606989378, 0.51515669927, 0.3636300062, 0.030302785429]
    ],
    [
      [0.028571428571, 0.057142857143, 0.028571428571, 0.64285714286, 0.22857142857, 0.014285714286],
      [0.0079365079365, 0.055555555556, 0.047619047619, 0.64285714286, 0.2380952381, 0.0079365079365],
      [0.010327022375, 0.04991394148, 0.037865748709, 0.65060240964, 0.23752151463, 0.013769363167],
      [3.699622735e-21, 8.9187732338e-21, 4.5424094558e-21, 0.6, 0.4, 3.7051353475e-21],
      [2.1921875974e-21, 0.049180327869, 0.032786885246, 0.6393442623, 0.22950819672, 0.049180327869]
    ],
    [
      [0.060606060606, 0.05303030303, 0.015151515152, 0.44696969697, 0.40151515152, 0.022727272727],
      [0.043689320388, 0.058252427184, 0.021844660194, 0.45145631068, 0.40291262136, 0.021844660194],
      [0.043235704324, 0.054393305439, 0.019525801953, 0.45606694561, 0.40446304045, 0.022315202232],
      [0.034482758621, 0.051724137931, 0.01724137931, 0.46551724138, 0.41379310345, 0.01724137931],
      [0.038759689922, 0.054263565891, 0.015503875969, 0.4496124031, 0.41085271318, 0.031007751938]
    ],
    [
      [0.04347826087, 0.04347826087, 0.057971014493, 0.36231884058, 0.47826086957, 0.014492753623],
      [0.016548463357, 0.047281323877, 0.059101654846, 0.37115839243, 0.48936170213, 0.016548463357],
      [0.016632016632, 0.04158004158, 0.06237006237, 0.37214137214, 0.49064449064, 0.016632016632],
      [8.1283766144e-25, 0.033333333333, 0.033333333333, 0.43333333333, 0.5, 9.1931296122e-28],
      [0.012987012987, 0.038961038961, 0.051948051948, 0.36363636364, 0.50649350649, 0.025974025974]
    ],
    [
      [0.13048356136, 0.13681065007, 0.0079394543459, 0.28853117653, 0.42924760759, 0.0069875501157],
      [0.0008804755313, 0.079464210509, 0.052380840893, 0.34641360224, 0.48655240399, 0.034308466835],
      [0.00074818975546, 0.051024082704, 0.024416413557, 0.39972010446, 0.47863033826, 0.045460871262],
      [0.00029502385689, 0.0024195794841, 0.0027632289819, 0.13016766101, 0.86162462051, 0.0027298861534],
      [0.0023519837917, 0.0056347193578, 0.0024149706267, 0.2913838981, 0.51243650278, 0.18577792535]
    ],
    [
      [0, 0.10849119476, 0.097854250496, 0.34572153128, 0.44242302685, 0.0055099966192],
      [0, 0.063487623192, 0.10299910974, 0.31014446567, 0.49711166435, 0.026257137048],
      [0, 0.031018559058, 0.077845109006, 0.37225119471, 0.49860094672, 0.020284190505],
      [0, 0.018047197867, 0.083199062221, 0.23400754821, 0.65916092316, 0.0055852685366],
      [0, 0.044036900948, 0.069995618081, 0.34580631546, 0.47477244749, 0.065388718014]
    ],
    [
      [0.11792702419, 0.12091094357, 0.0090985424043, 0.26660485436, 0.48290733497, 0.0025513005084],
      [0.027945610662, 0.079934573817, 0.11181442238, 0.28080314498, 0.49865214399, 0.00085010416578],
      [0.031820282824, 0.035179541963, 0.12009381878, 0.30812318213, 0.5039412471, 0.00084192720437],
      [0.0042949631768, 0.0040074540702, 0.0064540072542, 0.61741770048, 0.35647533544, 0.01135053958],
      [0.0038815765526, 0.0034600178025, 0.0079056464878, 0.2092106032, 0.59794364462, 0.17759851134]
    ],
    [
      [0.498921601, 0.00025136091318, 8.2932945807e-05, 0.25074561816, 0.24988714357, 0.00011134341141],
      [0.015129717409, 0.030260606436, 0.10605038773, 0.39384505331, 0.45470464369, 9.591421513e-06],
      [0.020646086085, 0.010309877774, 0.10305009892, 0.40214560899, 0.45354000959, 0.010308318641],
      [0.00025429407288, 0.00011830026638, 0.00027544026379, 0.49925763441, 0.50007770866, 1.6622329692e-05],
      [0.00011115230407, 7.3327563242e-05, 0.071630745805, 0.35711243787, 0.49972126857, 0.071351067885]
    ],
    [
      [0.10000000256, 0.099999993357, 3.1103833717e-10, 0.20000003342, 0.59999996947, 8.8367922948e-10],
      [0.067484664112, 0.042944786108, 0.036809813907, 0.22699387066, 0.60736195564, 0.018404909568],
      [0.06896551681, 0.034482755386, 0.011494253293, 0.25287354876, 0.60919541834, 0.022988507417],
      [0.068965513113, 0.034482754251, 9.9574272486e-09, 0.24137932049, 0.65517240182, 3.6260812583e-10],
      [0.06249999549, 0.03125001267, 5.5005573882e-11, 0.21874998055, 0.59375002477, 0.093749986468]
    ],
    [
      [0.067567567568, 0.013513513514, 0.013513513514, 0.51351351351, 0.37837837838, 0.013513513514],
      [0.045977011494, 0.022988505747, 0.018390804598, 0.51494252874, 0.37701149425, 0.020689655172],
      [0.04329004329, 0.019480519481, 0.020562770563, 0.51623376623, 0.37878787879, 0.021645021645],
      [0.030303030303, 0.015151515152, 0.015151515152, 0.5, 0.40909090909, 0.030303030303],
      [0.03738317757, 0.018691588785, 0.018691588785, 0.51401869159, 0.3738317757, 0.03738317757]
    ],
    [
      [0.087719298246, 0.035087719298, 0.017543859649, 0.40350877193, 0.42105263158, 0.035087719298],
      [0.037940379404, 0.051490514905, 0.037940379404, 0.41463414634, 0.42276422764, 0.035230352304],
      [0.04, 0.046315789474, 0.035789473684, 0.41894736842, 0.42315789474, 0.035789473684],
      [0.022222222222, 0.044444444444, 0.022222222222, 0.44444444444, 0.44444444444, 0.022222222222],
      [0.032967032967, 0.043956043956, 0.032967032967, 0.40659340659, 0.42857142857, 0.054945054945]
    ],
    [
      [0.050420168067, 0.033613445378, 0.033613445378, 0.40336134454, 0.45378151261, 0.025210084034],
      [0.042983565107, 0.026548672566, 0.035398230088, 0.40960809102, 0.45385587863, 0.031605562579],
      [0.042790697674, 0.026046511628, 0.034418604651, 0.4111627907, 0.45395348837, 0.031627906977],
      [0.043103448276, 0.025862068966, 0.025862068966, 0.4224137931, 0.45689655172, 0.025862068966],
      [0.040697674419, 0.023255813953, 0.029069767442, 0.40697674419, 0.45348837209, 0.046511627907]
    ],
    [
      [0.085714285714, 0.028571428571, 0.028571428571, 0.4, 0.4, 0.057142857143],
      [0.037234042553, 0.037234042553, 0.037234042553, 0.41489361702, 0.40425531915, 0.06914893617],
      [0.040816326531, 0.027210884354, 0.040816326531, 0.41496598639, 0.40476190476, 0.071428571429],
      [0.027777777778, 0.027777777778, 0.027777777778, 0.44444444444, 0.41666666667, 0.055555555556],
      [0.033898305085, 0.016949152542, 0.033898305085, 0.40677966102, 0.40677966102, 0.10169491525]
    ],
    [
      [0.074074074074, 0.018518518519, 0.018518518519, 0.42592592593, 0.42592592593, 0.037037037037],
      [0.032876712329, 0.032876712329, 0.027397260274, 0.44109589041, 0.42739726027, 0.038356164384],
      [0.034602076125, 0.025951557093, 0.0276816609, 0.44636678201, 0.42733564014, 0.038062283737],
      [0.023255813953, 0.023255813953, 0.023255813953, 0.44186046512, 0.46511627907, 0.023255813953],
      [0.032258064516, 0.021505376344, 0.021505376344, 0.44086021505, 0.41935483871, 0.064516129032]
    ],
    [
      [0.12, 5.4165866192e-13, 0.04, 0.36, 0.48, 1.4300286685e-13],
      [0.021505376344, 0.02688172043, 0.069892473118, 0.37634408602, 0.48387096774, 0.021505376344],
      [0.026086956522, 0.013043478261, 0.082608695652, 0.37391304348, 0.48260869565, 0.021739130435],
      [5.2619963816e-13, 7.1280492113e-13, 0.052631578949, 0.47368421052, 0.47368421053, 3.73474026e-13],
      [8.1655634951e-13, 6.21668395e-16, 0.058823529413, 0.35294117647, 0.5294117647, 0.058823529413]
    ],
    [
      [0.078947368421, 0.026315789474, 0.026315789474, 0.26315789474, 0.57894736842, 0.026315789474],
      [0.025706940874, 0.033419023136, 0.038560411311, 0.28020565553, 0.58354755784, 0.038560411311],
      [0.025830258303, 0.029520295203, 0.040590405904, 0.28413284133, 0.58302583026, 0.036900369004],
      [5.774943872e-27, 0.028571428571, 0.028571428571, 0.31428571429, 0.6, 0.028571428571],
      [0.015151515152, 0.015151515152, 0.030303030303, 0.27272727273, 0.59090909091, 0.075757575758]
    ],
    [
      [0.074074074074, 0.037037037037, 0.074074074074, 0.25925925926, 0.55555555556, 1.2889436821e-18],
      [0.022222222222, 0.025396825397, 0.07619047619, 0.26984126984, 0.58412698413, 0.022222222222],
      [0.022875816993, 0.022875816993, 0.078431372549, 0.27124183007, 0.58169934641, 0.022875816993],
      [4.2362332251e-20, 8.4489874914e-20, 0.045454545455, 0.31818181818, 0.63636363636, 2.161496913e-18],
      [0.015151515152, 0.015151515152, 0.075757575758, 0.25757575758, 0.59090909091, 0.045454545455]
    ],
    [
      [0.038095238095, 0.038095238095, 0.07619047619, 0.35238095238, 0.48571428571, 0.0095238095238],
      [0.016224188791, 0.036873156342, 0.08407079646, 0.35693215339, 0.49262536873, 0.013274336283],
      [0.016470588235, 0.035294117647, 0.082352941176, 0.35882352941, 0.49294117647, 0.014117647059],
      [4.6902517136e-38, 0.034482758621, 0.068965517241, 0.36206896552, 0.53448275862, 1.574166285e-38],
      [0.0084033613445, 0.033613445378, 0.075630252101, 0.35294117647, 0.49579831933, 0.033613445378]
    ],
    [
      [0.1111111111, 9.4979355096e-12, 0.037037037039, 0.33333333333, 0.51851851852, 6.8342330073e-12],
      [0.017045454546, 0.045454545452, 0.056818181817, 0.34659090909, 0.52840909092, 0.005681818182],
      [0.016216216216, 0.03243243243, 0.064864864864, 0.35135135136, 0.52972972973, 0.0054054054053],
      [1.8134476976e-12, 1.738410996e-11, 0.047619047627, 0.38095238094, 0.57142857141, 4.1683854899e-12],
      [8.9587052056e-12, 1.0739603474e-11, 0.043478260879, 0.30434782612, 0.56521739126, 0.086956521727]
    ],
    [
      [0.12, 2.1348836969e-13, 0.04, 0.6, 0.24, 6.2090700931e-13],
      [0.0081967213115, 0.040983606557, 0.040983606557, 0.62295081967, 0.27049180328, 0.016393442623],
      [0.013054830287, 0.023498694517, 0.041775456919, 0.6318537859, 0.27154046997, 0.018276762402],
      [2.0522218962e-15, 3.6440683474e-15, 1.297424698e-12, 0.58333333333, 0.41666666667, 3.652976051e-15],
      [2.0697265102e-13, 0.02, 0.04, 0.62, 0.28, 0.04]
    ],
    [
      [0.14285653804, 0.047619019783, 5.2790842705e-07, 0.33333338113, 0.47619045218, 8.09601591e-08],
      [0.076086873866, 0.065217187874, 0.02173923988, 0.33695673083, 0.48913035638, 0.01086961117],
      [0.058823559249, 0.058823788488, 0.047058614559, 0.341176537, 0.4823528664, 0.011764634309],
      [2.2289201835e-07, 1.0378929988e-08, 0.07142816815, 0.42857047901, 0.50000072235, 3.9721290101e-07],
      [0.052632349943, 0.052631428072, 1.1859866891e-07, 0.31578881102, 0.5263159979, 0.052631294469]
    ],
    [
      [0.025354786555, 0.063090547082, 0, 0.75081938698, 0.15633936647, 0.0043959129214],
      [0.0046496672517, 0.027417838022, 0, 0.69377944439, 0.25110127109, 0.02305177925],
      [0.027876062762, 0.0239687375, 0, 0.70417011604, 0.2132623237, 0.030722759992],
      [0.0067476579953, 0.015940695232, 0, 0.17527634823, 0.79679226517, 0.0052430333805],
      [0.061219296001, 0.01010183636, 0, 0.59187630983, 0.22660099351, 0.11020156429]
    ],
    [
      [0.28569795713, 1.046930911e-05, 1.3911466023e-05, 0.42856307198, 0.28571408447, 5.0564855115e-07],
      [0.049181445437, 0.081962183141, 0.032785547221, 0.42623616681, 0.39343888453, 0.016395772856],
      [0.044943469575, 0.033709606177, 0.033704758846, 0.46067100437, 0.4044992911, 0.022471869931],
      [8.6117128012e-06, 1.3842072164e-06, 3.9961777309e-06, 0.3999994942, 0.59998377305, 2.7406438937e-06],
      [0.047618629482, 3.0834031425e-06, 1.0511436735e-05, 0.42856847571, 0.38095022921, 0.14284907076]
    ],
    [
      [0.056603773605, 0.094339622661, 0.037735849066, 0.28301886789, 0.49056603774, 0.037735849047],
      [0.028368794319, 0.092198581553, 0.049645390089, 0.29787234048, 0.48936170208, 0.042553191482],
      [0.031249999996, 0.0859375, 0.046874999976, 0.31249999995, 0.48437500007, 0.039062500008],
      [3.2334322992e-11, 0.062500000032, 3.213278066e-11, 0.31249999997, 0.56249999994, 0.0625],
      [0.027027027027, 0.081081081067, 0.027027027014, 0.29729729734, 0.48648648646, 0.081081081095]
    ],
    [
      [0.10714285714, 0.035714285715, 0.035714285714, 0.57142857143, 0.25, 3.6264339883e-14],
      [0.020408163265, 0.061224489796, 0.051020408163, 0.59183673469, 0.26530612245, 0.010204081633],
      [0.024822695035, 0.039007092199, 0.04609929078, 0.60638297872, 0.2695035461, 0.014184397163],
      [1.9377821226e-13, 1.693197057e-13, 8.2264865771e-13, 0.61111111111, 0.38888888889, 5.6798803643e-14],
      [0.021276595745, 0.021276595745, 0.042553191489, 0.59574468085, 0.25531914894, 0.063829787234]
    ],
    [
      [0.058139534884, 0.046511627907, 0.023255813953, 0.39534883721, 0.45348837209, 0.023255813953],
      [0.035864978903, 0.03164556962, 0.037974683544, 0.40084388186, 0.46202531646, 0.03164556962],
      [0.036390101892, 0.03056768559, 0.034934497817, 0.40320232897, 0.46288209607, 0.032023289665],
      [0.035294117647, 0.023529411765, 0.023529411765, 0.4, 0.48235294118, 0.035294117647],
      [0.031578947368, 0.021052631579, 0.031578947368, 0.4, 0.46315789474, 0.052631578947]
    ],
    [
      [0.29999981586, 2.9065447692e-09, 5.5443998326e-09, 0.30000005875, 0.39999999602, 1.2091491683e-07],
      [0.083969462425, 0.01526717079, 0.015267175128, 0.38931294014, 0.43511452724, 0.061068724282],
      [0.077519400981, 0.0077519423487, 0.007751937919, 0.41085272377, 0.4341085231, 0.062015471881],
      [5.9549515562e-08, 1.5844869744e-09, 3.4045122116e-10, 0.36363657578, 0.63636330513, 5.7609668507e-08],
      [0.083333286758, 7.1119159957e-10, 3.1283197164e-10, 0.37500002313, 0.41666671394, 0.12499997514]
    ],
    [
      [0.054054054054, 0.02027027027, 0.033783783784, 0.47297297297, 0.40540540541, 0.013513513514],
      [0.034414945919, 0.025565388397, 0.036381514258, 0.47689282203, 0.40707964602, 0.019665683382],
      [0.034665099882, 0.023501762632, 0.037015276146, 0.47884841363, 0.40658049354, 0.019388954172],
      [0.034285714286, 0.022857142857, 0.034285714286, 0.48, 0.41142857143, 0.017142857143],
      [0.030303030303, 0.020202020202, 0.035353535354, 0.47474747475, 0.40909090909, 0.030303030303]
    ],
    [
      [0.09523808968, 0.047619054751, 5.2329615873e-09, 0.42857143054, 0.42857141967, 1.2984624664e-10],
      [0.010526314916, 0.05263157804, 0.042105265615, 0.43157894292, 0.44210526396, 0.021052634547],
      [0.014084507553, 0.028169012696, 0.049295770565, 0.44366197953, 0.44366196937, 0.02112676028],
      [1.0768883767e-08, 1.0653391246e-08, 8.7030247317e-10, 0.40000000278, 0.59999997388, 1.0483649987e-09],
      [8.1600710658e-10, 1.1247511639e-09, 9.4895569489e-09, 0.41666663583, 0.45833336336, 0.12499998938]
    ],
    [
      [0.030120481928, 0.078313253012, 0.066265060241, 0.42771084337, 0.3734939759, 0.024096385542],
      [0.023547880691, 0.07535321821, 0.072213500785, 0.42700156986, 0.37519623234, 0.026687598116],
      [0.023946360153, 0.072796934866, 0.070881226054, 0.43007662835, 0.3754789272, 0.026819923372],
      [0.02, 0.06, 0.06, 0.42, 0.42, 0.02],
      [0.023668639053, 0.07100591716, 0.065088757396, 0.42603550296, 0.37278106509, 0.041420118343]
    ],
    [
      [0.052834076982, 0.10536742061, 0.026215210399, 0.4995892144, 0.31589120543, 0.00010287217789],
      [0.015093546615, 0.090675357821, 0.045454212801, 0.51515110352, 0.31853295139, 0.015092827853],
      [0.012878217493, 0.083944395709, 0.025806227899, 0.52915822268, 0.32883273959, 0.019380196629],
      [8.1163187292e-07, 1.4360880367e-05, 5.7488743467e-08, 0.49805984061, 0.0038788452328, 0.49804608415],
      [4.0453530194e-07, 0.071432453149, 0.00027703719252, 0.49999948736, 0.28543764825, 0.14285296951]
    ]
  ],
  "expected_outcome": [
    [
      [2, 3, 4, 0.56344295091, 1.9999974532, 2.0000000048, 0.22405473632, 0, 0, 3, 3.0000000003, 3, 4, 4, 4, 3, 1.9999923355, 1.9999144001, 2, 8, 3, 0.91338492949, 0, 0.94341619351, 1.995686404, 2.0000000513, 5, 5, 6, 3, 4, 3, 3, 2, 4, 2.9999999998, 3, 2.9999872987, 0.10141914622, 1.9998856999, 3.000000001, 3, 5, 2.9999981586, 8, 1.9999998833, 5, 2.0076949253],
      [2, 2, 1, 0.11340772756, 3.8149253364e-06, 0.99999999794, 0.16209721817, 0.18564559556, 0.1402265359, 3.8616539205e-11, 1.9999999998, 2.1758299945e-13, 2, 3, 2, 3, 1.1804589457e-05, 8.0811413728e-06, 4, 7, 3, 0.95767455048, 0.65094716856, 0.96728754853, 0.0010054436527, 1.9999998671, 1, 2, 4, 1, 1, 1.3541466548e-11, 1, 1, 4, 2.5644425876e-10, 5.3372092421e-12, 0.99999941544, 0.25236218833, 7.3285163768e-05, 5.0000000011, 1, 4, 2.9065447692e-08, 3, 1.0000001498, 13, 4.0039619831],
      [1, 4, 3, 0.20540173898, 4.456154164e-09, 2.4096884818e-10, 0.10065858513, 0.15499043166, 0, 0.99999999999, 1, 1, 1, 2, 2, 2, 0.99999731369, 1.00001615, 2, 2, 4, 0.055576180421, 0.58712550298, 0.072788339234, 0.00033173178323, 6.2207667434e-09, 1, 1, 4, 1, 1, 1, 1, 2, 8, 1.0000000001, 1, 1.1086076968e-05, 0, 9.7380262161e-05, 2.0000000005, 1, 2, 5.5443998326e-08, 5, 1.0989219333e-07, 11, 0.99617799515],
      [8, 21, 28, 2.0909442962, 3.9999974531, 7.9999999894, 0.69535905816, 1.8566812728, 1.5070481319, 21.9999999999, 23.9999999998, 15, 13, 20, 19, 14, 8.9999953455, 7.9999225489, 45, 59, 25, 2.0197182357, 2.0743291877, 2.1328388349, 1.0029824726, 4.0000006684, 38, 23, 48, 14, 23, 9, 10, 7, 37, 8.9999999998, 15, 7.0000010037, 3.0032775479, 2.9999415039, 14.9999999979, 16, 34, 3.0000005875, 70, 9.0000000413, 71, 18.9843901473],
      [15, 32, 20, 5.0043076239, 2.000001272, 6.0000000046, 0.78400028107, 1.6830706388, 3.3527253322, 10, 11.0000000001, 5, 25, 34, 32, 25, 3.0000026029, 5.0000532474, 16, 53, 33, 3.0047332531, 2.6545381611, 3.8632586798, 0.99954857427, 11.9999993893, 28, 24, 54, 14, 23, 12, 22, 15, 51, 13.9999999999, 6, 9.9999994959, 0.62535746586, 1.9999985913, 26, 7, 39, 3.9999999602, 60, 8.999999813, 62, 12.0038658064],
      [1.5222827111e-15, 1.5278012509e-26, 1.5605628048e-30, 0.022495662498, 2.3598887601e-09, 3.0635587294e-09, 0.033830121148, 0.11961206121, 0, 2.0462890876e-11, 1.6442782474e-13, 4.2417736002e-16, 3.8239808512e-29, 1, 5.7609801238e-28, 1.2608579532e-19, 5.9790732071e-07, 8.5572507936e-05, 1, 3, 1, 0.04891285081, 0.033059979715, 0.020410404067, 0.00044537364563, 1.767358459e-08, 1, 2, 3, 2, 2, 3.5750716712e-12, 1, 3.4801479417e-17, 1, 1.845242912e-10, 1.5522675233e-11, 1.7001633411e-06, 0.017583651686, 3.539539858e-06, 1.9999999995, 1.0154015167e-12, 2, 1.2091491683e-06, 2, 2.7267711795e-09, 4, 0.0039091427597]
    ],
    [
      [9, 11, 6, 0.4640967366, 7.9792385334e-09, 3.9999999949, 0.67468707735, 0, 0, 1, 3.9999999998, 3, 27, 24, 16, 16, 7.3566698473e-07, 1.0001162932, 1, 18, 7, 0.032577594658, 0, 1.0060419838, 0.99856134902, 11.0000002503, 20, 14, 34, 7, 12, 4, 10, 7, 11, 3, 1, 6.9999923957, 0.11624168129, 3.0000681717, 3.999999999, 2, 17, 10.9999995776, 35, 0.99999991698, 15, 0.99617407658],
      [8, 15, 12, 1.5295108564, 2.9999999941, 4.9999999922, 1.0007656281, 0.24715866647, 0.44630326825, 4.9999999999, 3.0000000005, 4, 14, 21, 19, 14, 2.9999986883, 4.9998675294, 7, 24, 20, 2.9401757888, 1.968116319, 2.8776446574, 1.9972000248, 7.0000001356, 10, 19, 21, 7, 12, 5, 13, 8, 25, 7.9999999996, 5, 5.9999812844, 0.68544595056, 4.9996931716, 12.999999999, 6, 15, 1.9999993735, 26, 4.9999999138, 48, 5.9845736162],
      [19, 39, 29, 2.1241453718, 7.999992392, 4.9999999851, 1.0590210619, 0.29761248305, 0, 3, 7, 7, 28, 25, 28, 28, 3.9999963858, 6.999975785, 6, 9, 25, 1.938091113, 3.192972402, 4.0253192058, 6.9993255904, 5.9999996668, 8, 14, 28, 7, 10, 13, 15, 24, 57, 9.9999999997, 5, 2.0000100689, 0, 1.9999183805, 7.0000000026, 5, 18, 1.9999999418, 37, 4.0000002335, 46, 2.9999780449],
      [95, 176, 217, 15.0826342202, 56.9999936131, 93.9999999969, 3.6576273763, 3.5337258354, 4.3633354728, 64.0000000001, 75.9999999982, 70, 201, 181, 214, 159, 30.9999937936, 46.9999288418, 81, 186, 157, 12.8173032828, 9.6144784356, 10.1089132194, 25.9937735185, 37.000000918, 224, 153, 324, 78, 161, 69.9999999997, 109, 85, 242, 60.999999999, 76, 31.000019236, 17.3444861097, 26.0004061755, 42.0000000072, 58, 190, 50.9999951579, 485, 40.9999995772, 272, 33.9999728326],
      [168, 263, 156, 22.6423175236, 29.0000101803, 71.0000000337, 4.2734589487, 3.6847187514, 9.190361259, 30, 36.0000000016, 26, 368, 311, 353, 275, 11.0000048894, 27.0001034841, 30, 166, 207, 18.0024389477, 15.4104615949, 17.9514771836, 30.0105064835, 98.9999987697, 164, 156, 359, 76, 156, 90.0000000003, 227, 184, 334, 93.0000000016, 33, 44.9999927873, 6.2775317772, 23.9997719566, 68.9999999933, 26, 219, 57.0000030683, 414, 42.0000000765, 239, 21.0231747915],
      [1, 4, 5, 0.1572952914, 2.0000038124, 0.99999999714, 0.3344399077, 0.23678426363, 0, 1.0000000001, 2, 1, 14, 15, 8, 7, 5.5072578149e-06, 1.0000080665, 1, 9, 7, 1.2694132729, 0.81397124848, 0.030603749968, 0.00063303381986, 3.0000002596, 9, 13, 25, 13, 14, 4, 15, 7, 9, 1, 2, 1.0000042277, 0.57629448124, 1.0001421442, 5.999999999, 1, 15, 8.000002881, 20, 2.000000282, 17, 0.9961266383]
    ],
    [
      [8, 12, 14, 0.6099503889, 2.0000025348, 6.9999999922, 0.79480050215, 0, 0, 7, 12, 14, 25, 20, 16, 14, 2.0000068134, 3.9999062876, 6, 31, 8, 0.029927590218, 0, 1.0182490504, 2.0026703503, 5.9999999624, 40, 19, 46, 12, 20, 6, 7, 7, 14, 2.9999999999, 5, 5.0000025361, 2.2858371465, 3.9999687922, 3.9999999995, 7, 25, 10.0000027265, 59, 2.0000000725, 25, 1.9961237113],
      [6, 14, 22, 1.2912306552, 4.9999961874, 7.0000000039, 1.4279685531, 0.49978939078, 0.3161405703, 6.9999999999, 8.9999999998, 11, 13, 16, 17, 11, 5.999989426, 6.0001243865, 29, 39, 20, 2.0409633081, 1.054631008, 1.1257453428, 1.0000581441, 2.9999997185, 18, 22, 28, 8, 15, 3, 8, 7, 30, 5.9999999995, 9, 5.0000220215, 1.965436475, 3.0001549497, 11, 11, 21, 1.000000563, 40, 3.9999998029, 76, 13.0113813349],
      [15, 43, 66, 2.5431589903, 19.0000075915, 10.0000000114, 1.38827952, 0.46832737571, 0, 14, 11.9999999997, 22, 24, 21, 27, 23, 15.000008523, 15.999977401, 22, 14, 30, 0.9766565423, 2.6467337062, 3.8430022008, 9.9958595949, 1.0000000365, 19, 17, 37, 12, 16, 18.9999999999, 11, 24, 70, 11.9999999998, 16, 3.9999822375, 0, 2.9997235373, 5.9999999969, 13, 24, 0.99999999155, 63, 6.9999994202, 74, 3.9999653243],
      [85, 196, 492, 15.3086764492, 176.0000114894, 168.0000000309, 5.0754308683, 7.2387922415, 3.822170137, 239.0000000003, 211.0000000028, 295, 190, 154, 212, 143, 138.0000154863, 111.0000099039, 378, 327, 179, 15.9888041785, 12.6565406202, 9.8599418282, 39.0081240723, 21.9999987417, 477, 199, 442, 122, 258, 86.0000000003, 77, 83, 305, 65.0000000008, 242.0000000001, 29.0000056447, 57.7419495155, 40.9997193887, 39.9999999939, 171, 277, 53.0000013658, 815, 63.0000010938, 449, 82.0195245159],
      [148, 289, 354, 20.7168173812, 88.9999872791, 125.9999999583, 5.0485692895, 6.3003175103, 6.8616892927, 113.9999999999, 97.9999999981, 110, 345, 261, 347, 243, 47.9999819247, 63.00006758, 138, 290, 236, 19.1452135304, 16.9524321884, 16.1261199072, 43.9933809303, 53.0000013956, 350, 201, 488, 119, 247, 110.9999999998, 158, 178, 419, 97.9999999999, 104, 40.9999936439, 17.4875105437, 36.0004369083, 62.0000000087, 76, 318, 55.9999994805, 692, 62.9999996509, 392, 50.9690746361],
      [1, 4, 11, 0.53016613515, 5.9999949177, 2.0000000033, 0.26495126704, 0.49277348171, 0, 4.9999999999, 5.9999999996, 7, 13, 12, 8, 6, 1.9999978266, 1.999914441, 8, 16, 8, 1.8184348505, 0.68966247717, 0.02694167054, 0.99990690817, 2.0000001452, 20, 17, 34, 21, 22, 5, 10, 7, 12, 0.99999999999, 7, 0.99999391627, 2.5192663193, 1.9999964238, 5.000000001, 4, 22, 7.9999958727, 33, 2.9999999597, 28, 3.0039304774]
    ],
    [
      [8.488384057e-16, 1, 6.1269277014e-33, 0.017808748398, 1.1499008592e-10, 4.6790767625e-09, 0.040255725726, 0, 0, 2.9808589603e-11, 1.230932772e-13, 5.4224128551e-14, 3, 2, 1, 1, 4.0317311417e-08, 3.0332779311e-08, 5.5494341025e-20, 2, 2.4385129843e-23, 0.00059004771379, 0, 0.01288488953, 0.0015257644373, 1.9999998803, 2, 1, 5, 1, 1, 9.997793125e-12, 2.0212303552e-25, 9.3197130951e-19, 2.7203459939e-36, 3.808240165e-11, 2.4626662755e-14, 3.1204882569e-06, 0.0067476579953, 8.6117128012e-05, 5.1734916788e-10, 3.4880078206e-12, 3, 6.5504467118e-07, 6, 1.0768883767e-07, 1, 1.6232637458e-06],
      [3.5787636597e-15, 1, 1, 0.022997417308, 1.8814436497e-09, 7.9453337629e-11, 0.098628699854, 0.024645367482, 0.011884998018, 5.4818128045e-11, 3.0688205664e-11, 4.1940427317e-16, 1, 2, 1, 1, 9.6123367227e-07, 4.6841027684e-05, 1.3378159851e-19, 3, 1, 0.0048391589683, 0.018047197867, 0.012022362211, 0.00070980159827, 0.99999987329, 1, 2, 3, 1, 1, 1.3543293501e-11, 1, 1.8587772481e-18, 2, 3.6506630915e-10, 4.3728820169e-14, 1.4530501984e-07, 0.015940695232, 1.3842072164e-05, 1.0000000005, 3.0477547027e-12, 2, 1.7429356718e-08, 4, 1.0653391246e-07, 3, 2.8721760733e-05],
      [1, 4, 3, 0.025674158036, 7.9588485245e-09, 1.3484780634e-10, 0.048037821149, 0.023896055156, 0, 7.7038089078e-13, 2.0348103126e-10, 3.2513016954e-13, 2, 2, 2, 2, 8.1066637615e-07, 1.4531429189e-08, 6.8136141837e-20, 1, 1, 0.0055264579639, 0.083199062221, 0.019362021763, 0.0016526415827, 2.8876539021e-07, 1, 1, 3, 1, 1, 1, 1, 1, 4, 1.0000000002, 1.5569096375e-11, 0.9999943541, 0, 3.9961777309e-05, 5.1412449056e-10, 1.4807675839e-11, 2, 3.7449634328e-09, 6, 8.7030247317e-09, 3, 1.1497748693e-07],
      [6, 20, 30, 0.8292651234, 3.9999987226, 11.0000000016, 0.49610154665, 0.49592375778, 0.29714257816, 6.9999999999, 8, 10, 25, 21, 20, 14, 4.9999936969, 7.9999676294, 9, 27, 13, 0.26033532202, 0.23400754821, 1.8522531014, 2.9955458064, 7.0000002943, 33, 20, 49, 16, 19, 8.9999999999, 11, 7, 21, 7.9999999997, 7, 5.9999867062, 0.17527634823, 3.999994942, 4.9999999995, 11, 34, 4.0000023336, 84, 4.0000000278, 21, 0.99611968123],
      [12, 32, 21, 1.0979602751, 2.9999999922, 7.9999999902, 0.30238130188, 0.4260631729, 0.69097242382, 4.9999999999, 4.9999999997, 6, 44, 39, 35, 27, 2.0000018359, 3.9999854839, 6, 24, 15, 1.723249241, 0.65916092316, 1.0694260063, 3.000466252, 18.9999996528, 27, 20, 53, 15, 20, 9, 21, 14, 31, 11.9999999996, 5, 7.0000101129, 0.79679226517, 5.9998377305, 8.999999999, 7, 41, 6.9999963565, 72, 5.9999997388, 21, 0.0077576904656],
      [7.6260870644e-17, 3.5570519086e-32, 7.7899134681e-31, 0.0062942777881, 1.2752104064e-06, 3.3303041787e-09, 0.014594904739, 0.029471646682, 0, 3.8703329222e-11, 3.0899829679e-11, 8.3119271667e-16, 1, 1, 1, 2.5216733577e-19, 2.6549725936e-06, 8.2579763258e-10, 5.5577030212e-20, 1, 2.7579388837e-26, 0.0054597723068, 0.0055852685366, 0.034051618739, 9.9733978152e-05, 1.0515635649e-08, 2, 1, 3, 2, 1, 7.096006494e-12, 1, 4.7552932085e-17, 9.1301644531e-37, 8.7536095288e-11, 4.3835712612e-14, 5.5609806141e-06, 0.0052430333805, 2.7406438937e-05, 1, 1.0223784656e-12, 3, 6.3370635357e-07, 3, 1.0483649987e-08, 1, 0.9960921683]
    ],
    [
      [1, 2, 1, 0.34470117519, 3.9556329563e-09, 3.4506485101e-09, 0.26620195846, 0, 0, 1.0034803003e-11, 0.99999999994, 1, 4, 4, 3, 2, 7.5088688617e-08, 6.2988783305e-05, 1.3372344344e-19, 5, 1, 0.023519837917, 0, 0.019407882763, 0.001556132257, 1.9999998557, 4, 3, 7, 2, 3, 2.7762915883e-11, 1, 1, 1, 2.0605021973e-10, 1.0348632551e-11, 1.0000146489, 0.48975436801, 0.99999121913, 1, 1, 3, 1.9999988822, 6, 1.9584170558e-08, 4, 5.6634942272e-06],
      [1, 2, 2, 0.042853343458, 1.6023157281e-09, 5.8808969945e-09, 0.31053990074, 0.04276097971, 0.085444627527, 7.7513219779e-11, 0.99999999989, 1, 2, 3, 3, 1, 0.99999911992, 0.99995316193, 3, 7, 3, 0.056347193578, 0.30825830664, 0.017300089012, 0.0010265858854, 1.0000004054, 2, 4, 4, 1, 2, 2.113672543e-14, 1, 1, 4, 2.4701087991e-10, 1, 0.99999713337, 0.080814690883, 6.4751465992e-05, 2.9999999995, 1, 2, 1.706859839e-08, 4, 2.6994027933e-08, 12, 1.0000543441],
      [2, 7, 8, 0.10161974083, 1.0000000041, 1.0000000031, 0.40400301186, 0.055173654429, 0, 0.99999999999, 1.0000000001, 2, 3, 4, 5, 3, 1.9999969668, 2.0000306495, 2, 2, 4, 0.024149706267, 0.48996932657, 0.039528232439, 1.0028304413, 1.7601783642e-09, 2, 3, 5, 2, 2, 2, 2, 5, 9, 1.0000000002, 2, 2.2533747093e-06, 0, 0.00022074017143, 0.99999999951, 2, 3, 7.5079673194e-09, 7, 2.2774936677e-07, 11, 0.0038785206953],
