{
  "Z_true": {},
  "V_true": [
    [17, 535, 76, 1273, 76],
    [194, 841, 312, 13754, 704],
    [305, 142, 8539, 603, 469],
    [74, 64, 434, 422, 237],
    [572, 14, 410, 259, 86],
    [45, 58, 258, 452, 616]
  ],
  "p_true": [
    [0.0086, 0.2706, 0.0384, 0.6439, 0.0384],
    [0.0123, 0.0532, 0.0197, 0.8702, 0.0445],
    [0.0303, 0.0141, 0.849, 0.06, 0.0466],
    [0.0601, 0.052, 0.3526, 0.3428, 0.1925],
    [0.4265, 0.0104, 0.3057, 0.1931, 0.0641],
    [0.0315, 0.0406, 0.1805, 0.3163, 0.4311]
  ],
  "Z_est": [
    [
      [2, 2, 2, 1, 2, 1, 3, 3, 1.9208, 3.9999, 3, 5, 3, 6, 4, 2, 5, 3, 3, 0.2791, 0.863, 4, 2.9999, 4, 4, 2, 2, 4, 3, 6, 6, 4, 4, 4, 1.9971, 1.4402, 2, 2, 2, 4, 2, 3, 1, 1, 4, 3, 3, 4, 0.9996, 7, 3, 6, 3],
      [1, 1.7054e-17, 1.9462e-30, 1, 8.0404e-16, 1, 1, 4, 0.0009, 6.7134e-10, 5.5615e-07, 1, 1, 3, 10, 14, 2, 1.515e-10, 1.2496e-08, 0.4415, 0.6235, 3, 1, 3, 1.8316e-06, 1, 1, 2, 1.3146e-19, 9, 5, 1, 6, 7, 0.0014, 0.0195, 1, 1, 3, 2, 1, 2, 1, 1.5116e-09, 1, 1, 1.6919e-17, 1, 5.7455e-06, 5, 1, 10, 3],
      [3, 1, 2.8844e-27, 0, 1.8403e-13, 2.9239e-13, 3, 22, 0.0374, 8.9995, 4, 17, 4, 32, 19, 24, 16, 12, 6, 3.4979, 4.4971, 33, 16.9999, 23, 11, 5, 2, 5, 1.284e-19, 32, 47, 12, 28, 27, 1.0002, 0.0242, 4, 2, 7, 10, 4, 5, 1.7573e-20, 1.6342e-07, 16, 17, 14, 21, 0.0003, 39, 8, 32, 14],
      [19, 11, 12, 9, 12, 7, 20, 22, 2.0041, 6.0003, 7, 21, 9, 25, 57, 64, 19, 8, 8, 2.4948, 3.3171, 20, 7.0001, 21, 10, 17, 9, 31, 12, 45, 51, 15, 31, 36, 2.0011, 0.5157, 12, 10, 26, 26, 12, 24, 9, 4, 18, 11, 5, 13, 1, 60, 14, 69, 25],
      [2, 1, 2, 1, 1, 4.971e-10, 3, 2, 0.0368, 1.0003, 1, 3, 1, 2, 3, 3, 1, 1, 1, 0.2867, 0.6992, 2, 1, 1, 1, 3, 1, 3, 2, 4, 4, 2, 3, 5, 0.0002, 0.0005, 1, 2, 2, 5, 1, 2, 1.4665e-14, 1.2897e-07, 1, 2, 4.2297e-18, 1, 0.0001, 6, 1, 10, 1]
    ],
    [
      [17, 7, 10, 1, 5, 2, 8, 6, 1.034, 11.0001, 7, 25, 14, 18, 5, 4.4451e-09, 15, 7, 4, 0.3197, 0.4637, 11, 6.9999, 8, 8, 10, 3, 29, 7, 11, 29, 9, 11, 12, 4.0023, 3.063, 8, 7, 12, 12, 7, 12, 4, 1.7272e-13, 15, 15, 12, 19, 2.9993, 45, 7, 32, 5],
      [16, 14, 17, 7, 15, 8, 21, 17, 4.9533, 8.0001, 6, 18, 10, 19, 21, 27, 15, 8, 5, 1.6851, 3.1939, 17, 6.9999, 15, 7, 17, 10, 32, 19, 36, 38, 11, 27, 22, 5.9949, 3.9392, 9, 15, 19, 20, 11, 19, 15, 4, 15, 10, 7, 13, 3.9989, 36, 16, 96, 21],
      [48, 29, 22, 5, 10, 20, 48, 83, 18.0543, 60.9986, 38, 161, 30, 187, 38, 43, 97, 79, 55, 9.494, 11.2592, 167, 76.9997, 90, 57, 45, 21, 82, 24, 116, 324, 60, 109, 86, 23.993, 16.2911, 34, 23, 87, 70, 37, 46, 14, 24, 160, 131, 168, 160, 18.9989, 274, 65, 286, 76],
      [286, 287, 637, 132.0002, 312, 372, 256, 87, 47.9274, 45.001, 55, 202, 71, 146, 114, 116, 110, 53, 71, 7.6354, 9.9664, 98, 34.0004, 83, 51, 154, 90, 479, 354, 162, 348, 75, 122, 113, 40.0097, 24.7355, 103, 107, 292, 174, 114, 197, 342, 414, 180, 88, 68, 99, 54.0028, 419, 111, 604, 136],
      [32, 40, 118, 15.9999, 41, 44, 44, 8, 8.031, 6.0002, 9, 30, 12, 16, 7, 7, 11, 9, 9, 2.8659, 3.1168, 13, 7.0001, 7, 7, 27, 17, 54, 63, 15, 32, 10, 12, 16, 6.0001, 3.9712, 13, 20, 31, 33, 16, 22, 36, 52, 14, 15, 7, 13, 8.0001, 42, 12, 87, 8]
    ],
    [
      [3, 7.6935e-17, 5.2493e-24, 2.7736e-06, 2.1927e-16, 1.9085e-10, 1, 5, 0.0058, 18.0002, 4, 23, 5, 22, 2, 4.5866e-10, 17, 13, 3, 0.3769, 0.6088, 16, 16.0003, 9, 8, 3, 1, 6, 5.7853e-21, 9, 27, 8, 10, 8, 2.999, 2.4732, 2, 1, 4, 5, 2, 3, 2.9329e-15, 1.8856e-10, 13, 22, 34, 29, 1.0003, 32, 4, 16, 4],
      [5, 1, 1.0544e-24, 0, 1.8394e-13, 2.8729e-12, 5, 18, 1.0357, 9.9998, 6, 14, 6, 24, 8, 12, 16, 11, 3, 2.7973, 3.6053, 26, 17.9998, 18, 4, 7, 2, 6, 1, 27, 34, 7, 25, 22, 3.0012, 2.5096, 6, 5, 5, 9, 4, 5, 1.4665e-14, 1.2626e-07, 13, 19, 14, 23, 1.0003, 28, 10, 49, 12],
      [10, 6, 3, 2.8885e-06, 2, 1, 9, 85, 8.0079, 98.0025, 26.0001, 154, 14, 236, 18, 23, 107, 145, 42, 27.7083, 24.5, 266, 208.0006, 105, 62, 15, 8, 20, 4, 93, 307, 55, 104, 80, 21.0042, 14.1863, 13, 6, 32, 35, 14, 15, 2, 2, 145, 221, 482, 265, 10.0008, 201, 36, 147, 52],
      [63, 35, 29, 6.9999, 11, 25, 44, 88, 18.0181, 70.9977, 37, 190, 31, 185, 48, 56, 122, 96, 53, 13.7646, 12.7491, 156, 90.9995, 97, 53, 51, 27, 102, 28, 126, 328, 66, 115, 103, 30.9961, 19.3635, 40, 27, 100, 82, 40, 58, 13, 18, 162, 148, 194, 163, 24.9985, 308, 61, 309, 91],
      [7, 4, 5, 0.0001, 1, 2, 7, 8, 2.9324, 9.9998, 6, 29, 5, 20, 3, 3, 12, 17, 6, 3.3529, 3.5367, 20, 19.9998, 9, 7, 9, 5, 11, 5, 11, 30, 9, 12, 14, 3.9995, 2.4675, 5, 5, 10, 15, 6, 6, 1, 2, 12, 25, 21, 21, 4, 31, 6, 44, 6]
    ],
    [
      [3.6615e-16, 9.6861e-18, 5.257e-25, 2.1014e-06, 4.4225e-16, 1.3314e-12, 3.7219e-19, 2.4618e-11, 0, 1, 2.5865e-09, 2, 2.4695e-09, 1, 2.3397e-12, 9.8921e-11, 1, 1, 6.78e-09, 0.0231, 0.0219, 2.1176e-18, 9.223e-15, 1.0353e-15, 1, 4.0119e-12, 3.7238e-08, 2, 2.0923e-19, 1, 3, 1, 1.882e-16, 8.6927e-15, 0, 0.0023, 5.7608e-09, 1.8377e-10, 1, 1, 7.31e-09, 2.2832e-17, 1.3682e-20, 1.6896e-11, 1, 1, 1, 1, 0.0002, 4, 1.365e-12, 1, 1.0912e-11],
      [3.1584e-15, 1.7035e-17, 1.4509e-27, 6.3487e-07, 1.8387e-13, 6.7725e-10, 1, 2.6953e-10, 0.0018, 1.3171e-10, 4.4133e-06, 1, 2.4724e-08, 1, 1, 2, 1, 1, 5.0504e-09, 0.051, 0.209, 1, 1.0001, 3.8582e-08, 2.0626e-07, 2.3789e-12, 4.5598e-08, 3, 2.5738e-21, 3, 4, 1, 1, 2, 0.0012, 0.0006, 1.2082e-08, 1, 1, 2, 7.2746e-09, 1, 2.9329e-15, 1.0747e-07, 1, 1, 1.9914e-22, 1, 0.0001, 3, 8.2834e-07, 5, 4.506e-12],
      [5, 1, 1.5259e-27, 9.1899e-07, 9.2502e-14, 3.2534e-10, 6, 7, 1.0021, 8.9995, 7, 17, 3, 20, 3, 4, 14, 13, 8, 2.0999, 1.0946, 12, 10.9999, 8, 9, 4, 1, 9, 1, 13, 41, 9, 10, 10, 2.0017, 1.5391, 6, 3, 10, 9, 4, 3, 2.9329e-15, 1.322e-07, 12, 15, 18, 20, 1.0001, 32, 6, 18, 5],
      [16, 13, 21, 5, 12, 8, 25, 4, 3.9924, 5.0005, 6, 23, 6, 14, 8, 15, 12, 10, 8, 1.5601, 1.036, 6, 3.0001, 6, 10, 10, 7, 51, 13, 19, 41, 10, 11, 10, 3.9946, 0.9818, 11, 8, 32, 23, 8, 12, 12, 16, 14, 9, 8, 10, 5.9992, 45, 7, 33, 6],
      [1, 1, 3, 7.3429e-06, 1, 2, 4, 2.6817e-08, 0.0036, 3.4749e-10, 1, 3, 3.0522e-09, 1, 8.836e-11, 6.1099e-07, 1, 1, 1, 0.2659, 0.6384, 8.4705e-18, 1.8987e-14, 1.95e-08, 1, 1, 1, 5, 2, 1, 3, 1, 2.5448e-12, 1, 0.0024, 0.4763, 1, 1, 3, 4, 1, 1, 1, 1, 1, 1, 4.2297e-18, 1, 0.0003, 4, 3.1496e-12, 4, 1.2649e-12]
    ],
    [
      [6.5143e-15, 1.777e-18, 3.328e-29, 5.4348e-07, 6.3887e-17, 1.0859e-10, 1.931e-18, 8.9369e-09, 0.0366, 2.9999, 1, 3, 2, 2, 1.2891e-10, 2.4792e-08, 2, 1, 2.5461e-09, 0, 0.0033, 1, 7.0135e-14, 1, 1, 3.0333e-12, 5.5879e-09, 1, 4.2633e-20, 1, 3, 1, 1, 1, 0.0016, 0.0025, 3.8713e-10, 1.0679e-10, 1.704e-23, 1.8846e-15, 1.4524e-08, 3.4648e-17, 8.7988e-15, 8.1607e-08, 1, 1, 3, 3, 0.0001, 4, 3.0459e-13, 1, 3.5581e-13],
      [5.9375e-15, 3.7144e-17, 1.0542e-24, 3.1391e-06, 9.2331e-14, 4.0551e-10, 7.4439e-19, 1, 0.0028, 0.9999, 1, 2, 1, 2, 1, 5.5994e-08, 1, 1, 5.9989e-09, 0, 0.0237, 2, 0, 2, 1, 5.1918e-12, 3.4838e-08, 1, 1.23e-22, 3, 3, 6.8327e-13, 2, 4, 0.0013, 0.516, 4.1799e-09, 2.1781e-10, 9.5941e-20, 6.0348e-16, 1.4555e-08, 1, 2.436e-20, 2.0041e-12, 1, 1, 1, 2, 0.0001, 3, 1, 5, 3.62e-13],
      [2, 1.3973e-17, 5.2709e-25, 0, 2.6159e-17, 1.9338e-10, 2, 7, 0.9664, 17.9997, 9, 24, 6, 29, 2, 3.0476e-07, 12, 16, 6, 0, 0.262, 30, 12.0001, 15, 13, 2, 1, 4, 8.5171e-20, 11, 34, 6, 10, 15, 3.9998, 3.0765, 2, 1, 3, 3, 1, 3, 5.8659e-15, 1.018e-07, 20, 19, 41, 30, 1.0003, 29, 5, 16, 2],
      [19, 4, 11, 1, 6, 5, 13, 10, 4.9611, 16.0005, 15, 32, 15, 24, 10, 2, 17, 11, 10, 0, 0.4167, 19, 7.9998, 15, 13, 9, 5, 26, 8, 17, 39, 10, 13, 23, 7.9981, 6.8523, 10, 9, 13, 11, 7, 13, 7, 2, 24, 14, 18, 21, 2.9996, 48, 11, 37, 7],
      [3, 1, 2, 1, 1, 1, 2, 4.4652e-08, 1.0331, 1, 2, 5, 4, 2, 4.8311e-11, 1, 1, 3, 1, 0, 0.2943, 3, 1.0001, 1, 2, 2, 1, 3, 1, 1, 4, 1, 1, 2, 0.9993, 0.5527, 1.6723e-08, 1, 3, 2, 1, 2, 1, 1, 2, 2, 2, 2, 1, 4, 1, 5, 2.9556e-12]
    ],
    [
      [1, 1.0943e-17, 5.2565e-25, 2.1726e-06, 9.1923e-14, 1.0949e-10, 1.1166e-18, 1.4693e-10, 0.0028, 0.9999, 1.8368e-07, 3, 1, 1, 6.4248e-11, 1.026e-09, 2.3021e-10, 1, 3.9605e-09, 0.0012, 0.0391, 1, 9.4126e-15, 1.95e-08, 1.5008e-07, 1, 1.8235e-06, 2, 1.3086e-19, 1.9333e-18, 3, 1.7518e-10, 1.9941e-16, 1.0998e-17, 5.057e-06, 0.0189, 3.6623e-09, 1.6977e-11, 1, 1, 7.331e-09, 3.3866e-17, 5.1324e-21, 2.6987e-08, 1, 1, 1, 1, 0.0004, 3, 3.5073e-13, 2, 3.1432e-12],
      [1, 1.4135e-17, 1, 3.6361e-06, 9.2491e-14, 3.8085e-10, 2, 1, 0.0055, 0.0002, 4.5787e-06, 1, 1, 1, 2, 1, 7.1627e-18, 3.7708e-11, 3.1746e-09, 0.0251, 0.3445, 2, 0.0001, 1.9709e-08, 4.1231e-08, 1, 1, 2, 1, 2, 3, 6.5122e-12, 1, 1, 0, 0.0152, 6.3246e-09, 1, 1, 2, 1, 1, 5.8659e-15, 1.1745e-07, 1, 1, 2.817e-27, 1, 0.0006, 3, 7.1105e-12, 7, 1],
      [4, 1, 2, 1.0123e-06, 2.3854e-16, 1, 5, 8, 1.9319, 9, 1, 19, 3, 18, 4, 3, 5, 11, 4, 0.2, 2.387, 20, 9.9999, 6, 5, 5, 3, 6, 2, 9, 35, 5, 7, 6, 1.001, 2.8829, 2, 2, 7, 8, 4, 3, 3.3566e-20, 2.713e-07, 12, 18, 19, 17, 2.9997, 23, 4, 21, 5],
      [24, 18, 57, 7, 21, 23, 32, 9, 6.0968, 6.0002, 3, 24, 7, 15, 14, 8, 6, 7, 7, 0.5451, 1.5147, 12, 4, 5, 4, 17, 16, 39, 37, 12, 38, 7, 7, 9, 2.0004, 2.5513, 7, 9, 24, 20, 14, 12, 19, 17, 13, 13, 7, 10, 7.9999, 36, 6, 45, 9],
      [4, 5, 13, 2, 5, 4, 8, 3, 2.963, 3.9997, 2, 5, 3, 4, 3, 2, 3, 3, 2, 0.2285, 0.7146, 3, 4, 3, 3, 4, 5, 7, 8, 4, 6, 3, 3, 4, 1.9986, 1.5318, 3, 4, 4, 6, 4, 3, 4, 4, 2, 4, 3, 4, 2.9995, 6, 3, 8, 3]
    ]
  ],
  "V_est": [
    [161.4996, 112.0868, 616.0566, 990.3332, 97.0239],
    [540.882, 859.7652, 4065.0887, 9147.2789, 1191.9853],
    [415.4645, 551.949, 4079.4107, 4467.887, 543.2887],
    [25.0476, 40.2639, 424.7369, 679.5646, 61.387],
    [38.044, 44.5439, 470.3047, 701.228, 86.8794],
    [26.0624, 45.3912, 373.4024, 776.7084, 207.4357]
  ],
  "p_est": [
    [0.0817, 0.0567, 0.3116, 0.5009, 0.0491],
    [0.0342, 0.0544, 0.2572, 0.5788, 0.0754],
    [0.0413, 0.0549, 0.4056, 0.4442, 0.054],
    [0.0203, 0.0327, 0.345, 0.552, 0.0499],
    [0.0284, 0.0332, 0.3507, 0.5229, 0.0648],
    [0.0182, 0.0318, 0.2613, 0.5435, 0.1452]
  ],
  "EI_Z": {},
  "EI_V": 34.5577,
  "MAE_Z": {},
  "MAE_V": 733.5681,
  "MAE_p": 0.1338,
  "runtime": 0.5053
}
