{
  "X": [
    [17, 14, 112, 149, 22],
    [312, 288, 3002, 2864, 274],
    [45, 33, 83, 201, 14],
    [6, 8, 55, 64, 5],
    [11, 6, 29, 40, 3],
    [67, 83, 515, 654, 72],
    [5, 3, 11, 23, 3],
    [14, 4, 37, 50, 3],
    [123, 190, 801, 909, 45],
    [7, 6, 29, 29, 5],
    [29, 15, 217, 224, 27],
    [3, 3, 22, 17, 4],
    [103, 113, 822, 904, 98],
    [1, 2, 15, 13, 0],
    [48, 61, 318, 321, 11],
    [108, 130, 692, 679, 26],
    [120, 110, 570, 657, 37],
    [6, 1, 57, 44, 13],
    [0, 4, 19, 28, 5],
    [33, 44, 534, 265, 35],
    [27, 54, 400, 266, 30],
    [20, 26, 115, 138, 6],
    [19, 29, 59, 92, 4],
    [10, 2, 37, 40, 10],
    [15, 18, 155, 136, 13],
    [19, 32, 93, 108, 13],
    [31, 49, 178, 285, 14],
    [69, 54, 414, 387, 45],
    [11, 5, 70, 41, 5],
    [45, 51, 263, 294, 25],
    [29, 50, 156, 185, 20],
    [0, 0, 4, 8, 0],
    [49, 67, 356, 313, 20],
    [22, 45, 150, 127, 6],
    [50, 106, 663, 481, 35],
    [6, 11, 52, 39, 5],
    [2, 0, 5, 2, 0],
    [3, 1, 12, 6, 0],
    [26, 35, 220, 290, 18],
    [11, 21, 64, 96, 9],
    [24, 44, 207, 300, 34],
    [9, 14, 64, 70, 4],
    [23, 44, 145, 177, 7],
    [2, 2, 5, 10, 1],
    [0, 3, 5, 10, 0],
    [109, 185, 525, 715, 47],
    [20, 40, 158, 208, 23],
    [6, 5, 8, 10, 2],
    [7, 7, 33, 35, 2],
    [10, 10, 60, 72, 14],
    [6, 17, 112, 70, 10],
    [23, 36, 196, 239, 35],
    [27, 43, 222, 205, 24],
    [39, 41, 212, 264, 29],
    [2, 4, 26, 30, 2],
    [6, 5, 35, 22, 2],
    [49, 85, 263, 286, 12],
    [15, 34, 59, 107, 2],
    [3, 0, 5, 9, 2],
    [3, 5, 13, 10, 0],
    [15, 20, 38, 58, 4],
    [6, 5, 18, 10, 1],
    [17, 21, 25, 63, 4],
    [169, 84, 628, 851, 40],
    [243, 200, 866, 1090, 132],
    [167, 170, 699, 693, 76],
    [0, 0, 0, 1, 0]
  ],
  "W": [
    [32, 118, 132, 15, 10, 7],
    [419, 2402, 3317, 313, 163, 126],
    [79, 173, 87, 7, 24, 6],
    [9, 54, 63, 3, 8, 1],
    [19, 29, 33, 4, 3, 1],
    [85, 597, 554, 81, 43, 31],
    [5, 22, 15, 2, 1, 0],
    [11, 48, 41, 6, 1, 1],
    [292, 702, 917, 62, 78, 17],
    [15, 20, 35, 1, 5, 0],
    [32, 202, 236, 21, 9, 12],
    [4, 9, 28, 3, 5, 0],
    [163, 745, 920, 108, 62, 42],
    [2, 11, 14, 1, 2, 1],
    [135, 230, 328, 15, 35, 16],
    [208, 512, 786, 27, 72, 30],
    [234, 468, 665, 44, 63, 20],
    [6, 44, 57, 8, 1, 5],
    [4, 25, 23, 4, 0, 0],
    [31, 234, 570, 22, 31, 23],
    [38, 222, 436, 32, 30, 19],
    [45, 104, 120, 14, 15, 7],
    [28, 81, 79, 3, 7, 5],
    [4, 37, 43, 6, 2, 7],
    [15, 101, 181, 26, 10, 4],
    [22, 84, 119, 21, 11, 8],
    [49, 224, 224, 22, 31, 7],
    [79, 340, 469, 35, 27, 19],
    [8, 29, 79, 5, 10, 1],
    [61, 208, 328, 34, 31, 16],
    [40, 156, 193, 23, 19, 9],
    [2, 5, 4, 1, 0, 0],
    [64, 253, 412, 21, 44, 11],
    [33, 113, 169, 15, 16, 4],
    [111, 370, 745, 29, 54, 26],
    [7, 28, 61, 8, 7, 2],
    [3, 0, 6, 0, 0, 0],
    [4, 4, 10, 1, 2, 1],
    [44, 246, 253, 24, 12, 10],
    [21, 78, 78, 11, 10, 3],
    [47, 251, 240, 29, 32, 10],
    [16, 65, 69, 3, 5, 3],
    [24, 141, 183, 24, 17, 7],
    [2, 9, 6, 1, 2, 0],
    [1, 10, 7, 0, 0, 0],
    [219, 569, 626, 43, 94, 30],
    [35, 160, 196, 21, 25, 12],
    [5, 8, 12, 1, 1, 4],
    [4, 33, 36, 2, 3, 6],
    [13, 50, 79, 18, 4, 2],
    [14, 61, 119, 8, 8, 5],
    [44, 187, 222, 33, 25, 18],
    [34, 160, 267, 24, 24, 12],
    [60, 215, 242, 38, 18, 12],
    [9, 20, 29, 2, 2, 2],
    [4, 24, 34, 2, 4, 2],
    [107, 210, 302, 10, 45, 21],
    [42, 71, 80, 4, 18, 2],
    [2, 10, 5, 0, 0, 2],
    [2, 9, 16, 0, 4, 0],
    [25, 48, 49, 1, 9, 3],
    [4, 14, 18, 0, 4, 0],
    [34, 48, 35, 2, 9, 2],
    [256, 710, 671, 21, 83, 31],
    [221, 1047, 1005, 59, 135, 64],
    [153, 636, 788, 62, 126, 40],
    [0, 1, 0, 0, 0, 0]
  ],
  "method": "mcmc",
  "mcmc_stepsize": 3000,
  "mcmc_samples": 1000,
  "burn_in": 10000,
  "cond_prob": [
    [
      [0.093750000267, 0.031249999765, 0.34374999971, 0.46874999944, 0.062500000821],
      [0.059322033972, 0.050847457699, 0.35593220413, 0.46610169404, 0.067796610165],
      [0.053030302897, 0.053030302693, 0.35606060567, 0.46969697075, 0.068181817986],
      [2.0880107736e-11, 1.1590818195e-09, 0.4666666661, 0.46666666663, 0.066666666091],
      [3.8188652694e-12, 8.7903174943e-10, 0.2999999991, 0.69999999998, 3.4949826427e-11],
      [9.1847839664e-12, 2.4804125123e-09, 0.28571428447, 0.42857142613, 0.28571428691]
    ],
    [
      [0.050119331742, 0.040572792363, 0.44391408115, 0.42482100239, 0.040572792363],
      [0.046627810158, 0.04329725229, 0.44504579517, 0.42464612823, 0.040383014155],
      [0.046126017486, 0.043111245101, 0.44558335846, 0.424781429, 0.040397949955],
      [0.044728434505, 0.041533546326, 0.45047923323, 0.4249201278, 0.038338658147],
      [0.042944785276, 0.036809815951, 0.44171779141, 0.43558282209, 0.042944785276],
      [0.039682539683, 0.039682539683, 0.44444444444, 0.42063492063, 0.055555555556]
    ],
    [
      [0.15189873417, 0.075949367099, 0.21518987342, 0.53164556961, 0.025316455696],
      [0.12138728323, 0.092485549129, 0.21965317918, 0.53179190753, 0.034682080924],
      [0.11494252874, 0.10344827586, 0.2183908046, 0.52873563218, 0.034482758621],
      [2.8188159678e-11, 2.3363372068e-11, 0.42857142852, 0.57142857142, 7.7232431586e-12],
      [0.083333333344, 0.083333333335, 0.20833333336, 0.58333333329, 0.04166666667],
      [1.3474960213e-11, 9.1334930497e-14, 0.16666666668, 0.49999999996, 0.33333333334]
    ],
    [
      [0.21691746775, 0.00083016607712, 0.33630388225, 0.44522868556, 0.00071979836189],
      [0.037347850867, 0.091222032413, 0.38887728612, 0.46337363619, 0.019179194412],
      [0.031796247133, 0.048036755948, 0.42809902728, 0.4604659562, 0.031602013435],
      [0.0037838004777, 0.0028048986298, 0.33591856487, 0.65427705935, 0.0032156766773],
      [0.002011216561, 0.0039417587974, 0.37285002954, 0.49783175407, 0.12336524103],
      [0.00035414016834, 0.00027436400114, 0.013096959594, 0.01592502441, 0.97034951183]
    ],
    [
      [0.21697630209, 0.049937308981, 0.29932033805, 0.42880791871, 0.0049581321679],
      [0.098614359171, 0.093538737123, 0.34659956176, 0.45032521023, 0.01092213172],
      [0.11269517787, 0.063555336205, 0.35557567388, 0.43228682881, 0.035886983248],
      [0.058464133906, 0.049530232707, 0.27393072534, 0.6146187257, 0.0034561823408],
      [0.020151136803, 0.0029570558349, 0.12558085274, 0.61864290614, 0.23266804848],
      [0.004383028742, 0.034249559691, 0.055063588428, 0.2133494762, 0.69295434694]
    ],
    [
      [0.070588235294, 0.058823529412, 0.36470588235, 0.45882352941, 0.047058823529],
      [0.048576214405, 0.061976549414, 0.37018425461, 0.46901172529, 0.050251256281],
      [0.046931407942, 0.061371841155, 0.37184115523, 0.46931407942, 0.050541516245],
      [0.037037037037, 0.049382716049, 0.38271604938, 0.48148148148, 0.049382716049],
      [0.046511627907, 0.046511627907, 0.3488372093, 0.51162790698, 0.046511627907],
      [0.032258064516, 0.032258064516, 0.35483870968, 0.45161290323, 0.12903225806]
    ],
    [
      [0.14000234708, 0.080818967687, 0.21740366826, 0.5143717126, 0.047403304369],
      [0.10857817411, 0.071230116861, 0.2518653986, 0.49769676636, 0.070629544068],
      [0.11109947027, 0.058183543421, 0.24069277716, 0.52741400225, 0.062610206892],
      [0.058823826575, 0.056369084676, 0.28031706987, 0.53612087544, 0.068369143437],
      [0.1271287269, 0.043351269954, 0.20091709234, 0.4953607924, 0.13324211841],
      [0, 0, 0, 0, 0]
    ],
    [
      [0.26600732847, 0.0015398260431, 0.27660581973, 0.45379061307, 0.0020564126909],
      [0.12478614379, 0.060865759035, 0.33328206941, 0.46058013007, 0.020485897694],
      [0.12249837351, 0.025596873304, 0.38876659724, 0.43832727371, 0.024810882231],
      [0.0066281559554, 0.00075673917054, 0.33252914541, 0.65775482025, 0.0023311392114],
      [0.017301801429, 0.0072791587908, 0.010032458937, 0.96325149327, 0.0021350875751],
      [0.004680433592, 0.00021408055353, 0.015158833115, 0.019258375946, 0.96068827679]
    ],
    [
      [0.065068493151, 0.08904109589, 0.38698630137, 0.43835616438, 0.020547945205],
      [0.059829059829, 0.094017094017, 0.38603988604, 0.43874643875, 0.021367521368],
      [0.058887677208, 0.092693565976, 0.38822246456, 0.43947655398, 0.020719738277],
      [0.048387096774, 0.08064516129, 0.40322580645, 0.45161290323, 0.016129032258],
      [0.051282051282, 0.089743589744, 0.38461538462, 0.44871794872, 0.025641025641],
      [0.058823529412, 0.058823529412, 0.35294117647, 0.41176470588, 0.11764705882]
    ],
    [
      [0.15386712182, 0.11681041703, 0.34105001087, 0.35054202646, 0.037730423818],
      [0.081925632248, 0.10104873164, 0.41170920579, 0.36232094246, 0.042995487855],
      [0.078691408672, 0.057723692629, 0.39362678098, 0.40053532843, 0.069422789289],
      [0.021251632008, 0.019797491979, 0.14724473575, 0.8065958291, 0.0051103111567],
      [0.055605918461, 0.03734847553, 0.34517673021, 0.33402368593, 0.22784518988],
      [0, 0, 0, 0, 0]
    ],
    [
      [0.125, 3.254739049e-12, 0.40624999999, 0.4375, 0.031250000004],
      [0.054455445545, 0.039603960396, 0.42079207921, 0.43564356435, 0.049504950494],
      [0.055084745763, 0.029661016949, 0.42796610169, 0.43644067797, 0.050847457627],
      [0.04761904762, 1.2582351348e-12, 0.47619047619, 0.42857142857, 0.04761904762],
      [9.1015007128e-17, 9.965630223e-17, 0.33333333334, 0.55555555556, 0.11111111111],
      [1.3457854978e-16, 1.5124342889e-16, 0.41666666666, 0.41666666667, 0.16666666667]
    ],
    [
      [0.14753354027, 0.080604145059, 0.3533981427, 0.35330613859, 0.065158033374],
      [0.06783183709, 0.065297374165, 0.40977273261, 0.3683403365, 0.088757719637],
      [0.048806735151, 0.060148956759, 0.46313057611, 0.34579655573, 0.082117176243],
      [0.043518392165, 0.033920609878, 0.49445903497, 0.3526920926, 0.075409870386],
      [0.060447108876, 0.06079488668, 0.48948391992, 0.30626651576, 0.083007568759],
      [0, 0, 0, 0, 0]
    ],
    [
      [0.061349693252, 0.055214723926, 0.39877300613, 0.44171779141, 0.042944785276],
      [0.04966442953, 0.057718120805, 0.40268456376, 0.44295302013, 0.046979865772],
      [0.05, 0.055434782609, 0.40434782609, 0.44239130435, 0.047826086957],
      [0.046296296296, 0.046296296296, 0.41666666667, 0.44444444444, 0.046296296296],
      [0.048387096774, 0.048387096774, 0.38709677419, 0.46774193548, 0.048387096774],
      [0.047619047619, 0.047619047619, 0.38095238095, 0.42857142857, 0.095238095238]
    ],
    [
      [0.048515466631, 0.061065884528, 0.42308332414, 0.4673353247, 0],
      [0.027196561209, 0.076280198762, 0.47786065578, 0.41866258425, 0],
      [0.036851922606, 0.060832464148, 0.49625992982, 0.40605568343, 0],
      [0.027354569943, 0.049159197662, 0.42834153166, 0.49514470074, 0],
      [0.021283707104, 0.046981355174, 0.505206823, 0.42652811472, 0],
      [0.017957992813, 0.04400963847, 0.51097194305, 0.42706042567, 0]
    ],
    [
      [0.081481481481, 0.074074074074, 0.41481481481, 0.42222222222, 0.0074074074074],
      [0.060869565217, 0.086956521739, 0.41739130435, 0.42173913043, 0.013043478261],
      [0.060975609756, 0.082317073171, 0.4237804878, 0.42073170732, 0.012195121951],
      [6.7268358764e-16, 0.066666666667, 0.46666666667, 0.46666666667, 1.3731014226e-19],
      [0.057142857143, 0.057142857143, 0.4, 0.45714285714, 0.028571428571],
      [0.0625, 0.0625, 0.375, 0.375, 0.125]
    ],
    [
      [0.072115384615, 0.076923076923, 0.42307692308, 0.41346153846, 0.014423076923],
      [0.0703125, 0.078125, 0.421875, 0.4140625, 0.015625],
      [0.064885496183, 0.082697201018, 0.42239185751, 0.41475826972, 0.015267175573],
      [0.037037037037, 0.074074074074, 0.48148148148, 0.40740740741, 3.0155818752e-30],
      [0.055555555556, 0.069444444444, 0.43055555556, 0.43055555556, 0.013888888889],
      [0.033333333333, 0.066666666667, 0.4, 0.43333333333, 0.066666666667]
    ],
    [
      [0.089743589744, 0.07264957265, 0.38034188034, 0.4358974359, 0.021367521368],
      [0.07905982906, 0.07905982906, 0.38034188034, 0.43803418803, 0.023504273504],
      [0.07969924812, 0.072180451128, 0.38496240602, 0.43909774436, 0.024060150376],
      [0.068181818182, 0.068181818182, 0.36363636364, 0.47727272727, 0.022727272727],
      [0.079365079365, 0.063492063492, 0.38095238095, 0.46031746032, 0.015873015873],
      [0.05, 0.05, 0.35, 0.4, 0.15]
    ],
    [
      [0.13117859278, 0.00047411490421, 0.43277149714, 0.42381867501, 0.011757120172],
      [0.058260263732, 0.0097109581702, 0.46901289788, 0.38026627249, 0.082749607721],
      [0.044512055197, 0.0016423218551, 0.50308837089, 0.33311725201, 0.11764000004],
      [0.0027329020578, 0.059336629087, 0.38759569026, 0.52732067208, 0.023014106509],
      [0.046281029795, 5.6605808416e-06, 0.028747781118, 0.54172306763, 0.38324246088],
      [0.0088290893283, 0.00031242241353, 0.39225061324, 0.19548003022, 0.4031278448]
    ],
    [
      [0, 0.10721970139, 0.32457619889, 0.51003658091, 0.058167518799],
      [0, 0.081522203654, 0.31801637163, 0.5078041564, 0.092657268319],
      [0, 0.057599988884, 0.36275655549, 0.48924762236, 0.090395833273],
      [0, 0.052066589686, 0.35197128438, 0.50301361305, 0.092948512889],
      [0, 0, 0, 0, 0],
      [0, 0, 0, 0, 0]
    ],
    [
      [0.064516129032, 0.032258064516, 0.58064516129, 0.29032258065, 0.032258064516],
      [0.042735042735, 0.047008547009, 0.58547008547, 0.2905982906, 0.034188034188],
      [0.035087719298, 0.050877192982, 0.58771929825, 0.28947368421, 0.036842105263],
      [1.0040855998e-26, 0.045454545455, 0.59090909091, 0.36363636364, 1.1669402708e-20],
      [0.032258064516, 0.032258064516, 0.58064516129, 0.29032258065, 0.064516129032],
      [2.2324133788e-21, 0.04347826087, 0.5652173913, 0.26086956522, 0.13043478261]
    ],
    [
      [0.078947368421, 0.052631578947, 0.5, 0.34210526316, 0.026315789474],
      [0.031531531532, 0.076576576577, 0.51351351351, 0.34234234234, 0.036036036036],
      [0.034403669725, 0.06880733945, 0.51834862385, 0.34174311927, 0.036697247706],
      [0.03125, 0.0625, 0.53125, 0.34375, 0.03125],
      [0.033333333333, 0.066666666667, 0.5, 0.36666666667, 0.033333333333],
      [1.559777939e-21, 0.052631578947, 0.47368421053, 0.31578947368, 0.15789473684]
    ],
    [
      [0.13333289914, 0.066666992804, 0.35555555704, 0.44444454938, 1.6410212006e-09],
      [0.067307598919, 0.086538506387, 0.37500014321, 0.45192307597, 0.019230675514],
      [0.058333453749, 0.099999798527, 0.37499999606, 0.45000000414, 0.016666747517],
      [8.8811775142e-09, 0.071428918525, 0.499999985, 0.42857074004, 3.4755389396e-07],
      [3.3185101075e-07, 0.066666340433, 0.39999872433, 0.53333427892, 3.2446035311e-07],
      [1.3856057547e-06, 6.9579237791e-07, 0.2857149795, 0.42857004797, 0.28571289114]
    ],
    [
      [0.14286053452, 0.14285723988, 0.28571285599, 0.42856930016, 6.9437063948e-08],
      [0.098764579333, 0.1604922433, 0.28394775916, 0.44444887806, 0.012346540146],
      [0.088606585536, 0.13924035227, 0.31645883134, 0.44303589178, 0.01265833907],
      [1.8104604e-06, 1.451776841e-05, 4.8511503263e-06, 0.9999778476, 9.7301852323e-07],
      [1.0184048801e-06, 0.14286966186, 0.28571378884, 0.57141470112, 8.2977904296e-07],
      [8.2579526088e-06, 1.3120123165e-06, 0.20000255776, 0.40000571431, 0.39998215797]
    ],
    [
      [0.48534365055, 0.0008061848139, 0.24992490217, 0.2607410295, 0.0031842329597],
      [0.10780932589, 0.052598320715, 0.37899936457, 0.3791697978, 0.081423191029],
      [0.092407991078, 0.00092305430489, 0.41620244031, 0.39807969378, 0.092386820528],
      [0.0037316085988, 0.00030088369911, 0.34307955762, 0.64622533124, 0.0066626188454],
      [0.0044412767995, 0.00064495609514, 0.024741026072, 0.95718383448, 0.012988906555],
      [0.0092663597741, 0.0011215492559, 0.28180851014, 0.28837241065, 0.41943117017]
    ],
    [
      [0.13333231652, 0.066665629611, 0.40000101017, 0.39999998992, 1.0537702638e-06],
      [0.039604111333, 0.069307387063, 0.46534515524, 0.39604037565, 0.029702970711],
      [0.04419872318, 0.049723672297, 0.46961445962, 0.40331406, 0.033149084901],
      [0.038461535254, 0.038460948812, 0.46153667141, 0.42307930295, 0.038461541573],
      [3.1102947333e-06, 6.5700900935e-09, 0.39999534631, 0.50000309327, 0.099998443561],
      [2.3094058521e-08, 1.046228633e-08, 0.25000001395, 0.2499961355, 0.50000381699]
    ],
    [
      [0.18181818111, 0.090909091535, 0.3181818178, 0.36363636446, 0.045454545096],
      [0.071428571177, 0.13095238049, 0.3452380962, 0.40476190455, 0.047619047578],
      [0.067226890955, 0.1344537817, 0.35294117593, 0.40336134476, 0.042016806647],
      [0.047619047619, 0.095238095204, 0.42857142826, 0.38095238078, 0.04761904813],
      [1.0366593228e-09, 0.090909091002, 0.36363636262, 0.5454545439, 1.4468793069e-09],
      [2.1019722329e-10, 2.8497196703e-10, 0.25000000118, 0.49999999912, 0.24999999921]
    ],
    [
      [0.081632653061, 0.081632653061, 0.30612244898, 0.51020408163, 0.020408163265],
      [0.058035714286, 0.09375, 0.31696428571, 0.50892857143, 0.022321428571],
      [0.053571428571, 0.09375, 0.32142857143, 0.50892857143, 0.022321428571],
      [0.045454545455, 0.045454545455, 0.40909090909, 0.5, 1.3418980869e-16],
      [0.032258064516, 0.064516129032, 0.29032258065, 0.58064516129, 0.032258064516],
      [2.3351002063e-14, 1.170139225e-14, 0.28571428571, 0.42857142857, 0.28571428571]
    ],
    [
      [0.10126582278, 0.050632911392, 0.41772151899, 0.39240506329, 0.037974683544],
      [0.070588235294, 0.061764705882, 0.42647058824, 0.39705882353, 0.044117647059],
      [0.070362473348, 0.055437100213, 0.43070362473, 0.3987206823, 0.044776119403],
      [0.057142857143, 0.028571428571, 0.42857142857, 0.45714285714, 0.028571428571],
      [0.037037037037, 0.037037037037, 0.40740740741, 0.40740740741, 0.11111111111],
      [0.052631578947, 0.052631578947, 0.42105263158, 0.36842105263, 0.10526315789]
    ],
    [
      [0.24606253621, 0.001119639971, 0.4964878598, 0.25425577073, 0.0020741932968],
      [0.10247848825, 0.034135067677, 0.51972772823, 0.30982800961, 0.033830706225],
      [0.076333039893, 0.05016529566, 0.54340918811, 0.30421763642, 0.02587483992],
      [0.0020186541527, 0.0041706280106, 0.59594544098, 0.39776527318, 0.0001000036726],
      [0.0019131873501, 0.001674588766, 0.50232942404, 0.39554489474, 0.098537905106],
      [8.8255165828e-05, 0.00046853272469, 0.023645697239, 0.0034729649086, 0.97232454996]
    ],
    [
      [0.098360655738, 0.065573770492, 0.37704918033, 0.4262295082, 0.032786885246],
      [0.0625, 0.086538461538, 0.38461538462, 0.43269230769, 0.033653846154],
      [0.064024390244, 0.073170731707, 0.39329268293, 0.43292682927, 0.036585365854],
      [0.058823529412, 0.058823529412, 0.38235294118, 0.47058823529, 0.029411764706],
      [0.064516129032, 0.064516129032, 0.38709677419, 0.45161290323, 0.032258064516],
      [0.0625, 0.0625, 0.375, 0.375, 0.125]
    ],
    [
      [0.125, 0.099999999981, 0.35000000004, 0.39999999998, 0.024999999993],
      [0.064102564098, 0.1217948718, 0.35256410255, 0.41666666667, 0.04487179489],
      [0.062176165802, 0.1139896373, 0.36269430053, 0.41968911917, 0.041450777194],
      [0.043478260881, 0.086956521751, 0.34782608695, 0.47826086956, 0.043478260864],
      [0.052631578933, 0.10526315788, 0.31578947366, 0.47368421059, 0.052631578933],
      [8.9994273218e-11, 0.11111111111, 0.33333333328, 0.33333333337, 0.22222222215]
    ],
    [
      [0, 0, 0.31973439511, 0.68026560489, 0],
      [0, 0, 0.32020704515, 0.67979295485, 0],
      [0, 0, 0.35347348047, 0.64652651953, 0],
      [0, 0, 0.34560206217, 0.65439793783, 0],
      [0, 0, 0, 0, 0],
      [0, 0, 0, 0, 0]
    ],
    [
      [0.09375, 0.078125, 0.4375, 0.375, 0.015625],
      [0.059288537549, 0.090909090909, 0.43873517787, 0.38735177866, 0.02371541502],
      [0.06067961165, 0.084951456311, 0.44174757282, 0.38834951456, 0.02427184466],
      [0.047619047619, 0.047619047619, 0.52380952381, 0.38095238095, 3.8965707543e-18],
      [0.045454545455, 0.068181818182, 0.45454545455, 0.40909090909, 0.022727272727],
      [1.0316864918e-20, 3.704817746e-18, 0.36363636364, 0.45454545455, 0.18181818182]
    ],
    [
      [0.12121211711, 0.12121212493, 0.4242424182, 0.33333333893, 8.3741878332e-10],
      [0.061946902121, 0.14159291838, 0.4247787623, 0.36283185977, 0.0088495574229],
      [0.059171598744, 0.13017751438, 0.43786982414, 0.3609467437, 0.011834319034],
      [9.5118086096e-10, 0.066666669087, 0.4666666609, 0.46666666441, 4.6525113895e-09],
      [0.062499998726, 0.12500000343, 0.37499999363, 0.37500000147, 0.062500002754],
      [3.5125414006e-09, 1.9673627973e-08, 0.24999999202, 0.24999999654, 0.49999998826]
    ],
    [
      [0.063063063063, 0.072072072072, 0.4954954955, 0.35135135135, 0.018018018018],
      [0.035135135135, 0.083783783784, 0.4972972973, 0.35945945946, 0.024324324324],
      [0.036241610738, 0.079194630872, 0.49932885906, 0.35973154362, 0.025503355705],
      [0.034482758621, 0.068965517241, 0.48275862069, 0.41379310345, 2.4654650275e-27],
      [0.037037037037, 0.074074074074, 0.48148148148, 0.37037037037, 0.037037037037],
      [3.1715254352e-30, 0.076923076923, 0.46153846154, 0.34615384615, 0.11538461538]
    ],
    [
      [0.24314420432, 0.005089361103, 0.42994423302, 0.30739094866, 0.01443125289],
      [0.036910334943, 0.16009989408, 0.44099855107, 0.32818031228, 0.03381090763],
      [0.05255118059, 0.10097652185, 0.46604799376, 0.34597037927, 0.034453924528],
      [0.0022336607231, 0.018176834341, 0.62549688465, 0.35032210799, 0.0037705123029],
      [0.0039243425634, 0.023123854859, 0.43453768899, 0.51982782408, 0.018586289512],
      [0.0067697457998, 0.007363973211, 0.083882209856, 0.056824923669, 0.84515914746]
    ],
    [
      [0.27724512319, 0, 0.51279308546, 0.20996179134, 0],
      [0, 0, 0, 0, 0],
      [0.19471077174, 0, 0.5769367906, 0.22835243766, 0],
      [0, 0, 0, 0, 0],
      [0, 0, 0, 0, 0],
      [0, 0, 0, 0, 0]
    ],
    [
      [0.18735975338, 0.041040178063, 0.50288628756, 0.268713781, 0],
      [0.12945483585, 0.062195230828, 0.54339455791, 0.26495537541, 0],
      [0.13145467876, 0.045415540199, 0.56252127789, 0.26060850315, 0],
      [0.097991821329, 0.038704783305, 0.62658202503, 0.23672137033, 0],
      [0.11679950559, 0.029756637771, 0.5264967205, 0.32694713614, 0],
      [0.086604022999, 0.034684903603, 0.51008837318, 0.36862270022, 0]
    ],
    [
      [0.090909090909, 0.045454545455, 0.36363636364, 0.47727272727, 0.022727272727],
      [0.040650406504, 0.069105691057, 0.36991869919, 0.4918699187, 0.028455284553],
      [0.04347826087, 0.059288537549, 0.37944664032, 0.49011857708, 0.02766798419],
      [0.041666666667, 0.041666666667, 0.41666666667, 0.5, 8.9624020138e-14],
      [7.0209976097e-18, 3.5848919384e-13, 0.33333333333, 0.66666666667, 1.1895435718e-18],
      [1.0432142816e-17, 1.075646762e-13, 0.3, 0.4, 0.3]
    ],
    [
      [0.14285617144, 0.095239082667, 0.28571509516, 0.47618955733, 9.3411082925e-08],
      [0.051282054751, 0.11538263959, 0.3205129057, 0.4743598668, 0.038462533163],
      [0.051281997552, 0.10256581722, 0.33333297805, 0.47435818729, 0.038461019884],
      [2.101235842e-06, 0.090909009839, 0.36363108739, 0.54545758599, 2.1553913625e-07],
      [6.7318602678e-08, 0.10000001629, 0.30000408983, 0.49999781973, 0.099998006829],
      [1.7777900446e-07, 1.2048770553e-07, 7.0700226464e-06, 0.33333314455, 0.66665948716]
    ],
    [
      [0.085106382979, 0.063829787234, 0.31914893617, 0.48936170213, 0.042553191489],
      [0.035856573705, 0.0796812749, 0.33864541833, 0.49003984064, 0.05577689243],
      [0.0375, 0.070833333333, 0.34583333333, 0.49166666667, 0.054166666667],
      [0.034482758621, 0.068965517241, 0.37931034483, 0.48275862069, 0.034482758621],
      [0.03125, 0.0625, 0.3125, 0.5625, 0.03125],
      [2.2322633916e-14, 5.7452364134e-21, 0.3, 0.4, 0.3]
    ],
    [
      [0.17773719912, 0.06266826877, 0.37012029817, 0.38463228287, 0.0048419510634],
      [0.047343857716, 0.11003643367, 0.40475726566, 0.42247319486, 0.015389248092],
      [0.044607013965, 0.084683458581, 0.41581518954, 0.4403975617, 0.014496776211],
      [9.2781195128e-05, 8.7739677078e-05, 0.30781101355, 0.69189359624, 0.00011486933636],
      [7.9313831907e-05, 0.00026327692323, 0.2309079153, 0.58432704598, 0.18442244796],
      [9.8395415238e-05, 6.7088361837e-05, 0.33321075515, 0.33345934418, 0.33316441689]
    ],
    [
      [0.16666666661, 0.083333333359, 0.33333333341, 0.41666666659, 2.8287945204e-11],
      [0.056737588659, 0.12056737589, 0.36170212764, 0.44680851065, 0.014184397164],
      [0.054644808734, 0.12021857923, 0.36612021858, 0.44262295083, 0.016393442623],
      [0.041666666679, 0.083333333348, 0.45833333324, 0.41666666673, 2.9424251274e-12],
      [6.61092167e-11, 0.058823529419, 0.35294117657, 0.58823529395, 5.9019703717e-14],
      [8.7097289021e-11, 1.0118877879e-11, 0.28571428579, 0.42857142851, 0.28571428561]
    ],
    [
      [0.13406335423, 0.12052129754, 0.22987118004, 0.48304832869, 0.032495839514],
      [0.11573873559, 0.096582914825, 0.24739014998, 0.49036671826, 0.049921481339],
      [0.073742811818, 0.10982745955, 0.26845789725, 0.49246326366, 0.055508567722],
      [0.071013765118, 0.079179262451, 0.27285496099, 0.52991192101, 0.047040090426],
      [0.088377017606, 0.075783575872, 0.2150719728, 0.56795568764, 0.052811746082],
      [0, 0, 0, 0, 0]
    ],
    [
      [0, 0.14303984065, 0.26646615099, 0.59049400836, 0],
      [0, 0.17210199205, 0.25953219247, 0.56836581548, 0],
      [0, 0.16227717697, 0.30545884633, 0.53226397669, 0],
      [0, 0, 0, 0, 0],
      [0, 0, 0, 0, 0],
      [0, 0, 0, 0, 0]
    ],
    [
      [0.077625570776, 0.11415525114, 0.32876712329, 0.45205479452, 0.027397260274],
      [0.068541300527, 0.12126537786, 0.33040421793, 0.45166959578, 0.028119507909],
      [0.068690095847, 0.11661341853, 0.3338658147, 0.45207667732, 0.02875399361],
      [0.046511627907, 0.11627906977, 0.37209302326, 0.44186046512, 0.023255813953],
      [0.063829787234, 0.10638297872, 0.32978723404, 0.46808510638, 0.031914893617],
      [0.066666666667, 0.1, 0.3, 0.43333333333, 0.1]
    ],
    [
      [0.085714285714, 0.085714285714, 0.34285714286, 0.45714285714, 0.028571428571],
      [0.05, 0.0875, 0.35, 0.4625, 0.05],
      [0.040816326531, 0.09693877551, 0.35204081633, 0.45918367347, 0.051020408163],
      [5.2687901233e-16, 0.047619047619, 0.42857142857, 0.47619047619, 0.047619047619],
      [0.04, 0.08, 0.32, 0.52, 0.04],
      [1.2511303512e-14, 0.083333333333, 0.33333333333, 0.41666666667, 0.16666666667]
    ],
    [
      [0.32833910293, 0.087747749917, 0.25956021527, 0.29688002893, 0.027472902948],
      [0.16955606067, 0.22990771909, 0.238735198, 0.32355277567, 0.038248246572],
      [0.19682426346, 0.17861577657, 0.27862957371, 0.31332335595, 0.032607030312],
      [0.11437894905, 0.14801326717, 0.23805779032, 0.45502542002, 0.04452457343],
      [0.070063378694, 0.19400696775, 0.31802650004, 0.3615499885, 0.056353165012],
      [0.11388062769, 0.059147485996, 0.22316954119, 0.33768049249, 0.26612185262]
    ],
    [
      [0.39009954285, 0.038325224019, 0.29664795111, 0.26735216373, 0.0075751182907],
      [0.066738342487, 0.098073571773, 0.41385892075, 0.40943951274, 0.011889652255],
      [0.082654928628, 0.087076055583, 0.41308641503, 0.41053871418, 0.0066438865786],
      [0.016321983793, 0.085142836676, 0.060367330759, 0.83190966804, 0.006258180734],
      [0.023712715241, 0.058849451053, 0.29522726008, 0.61627696495, 0.0059336086693],
      [0.026312830435, 0.021449867989, 0.37975607135, 0.35450724721, 0.21797398302]
    ],
    [
      [0.15391221879, 0.076854906497, 0.30771212658, 0.38467107996, 0.076849668171],
      [0.059984042318, 0.080012862197, 0.36000932156, 0.42003676787, 0.079957006052],
      [0.050619188325, 0.050636173427, 0.39238439437, 0.43034928265, 0.076010961229],
      [0.055609093391, 0.055503316753, 0.33335325809, 0.49999702103, 0.055537310735],
      [6.2610323041e-06, 0.00022865188664, 0.25009955676, 0.74963214287, 3.3387442221e-05],
      [1.7218477066e-05, 5.547947044e-06, 7.6124049548e-05, 0.00068464399267, 0.99921646553]
    ],
    [
      [0.14284909469, 0.071423166015, 0.49999526752, 0.28572019835, 1.2273423209e-05],
      [0.01639536795, 0.11474861417, 0.5245897883, 0.31148273802, 0.032783491561],
      [0.025209204822, 0.075633458192, 0.52941361225, 0.32772802823, 0.042015696514],
      [1.0556152022e-05, 6.736779675e-07, 0.50000160035, 0.49998573806, 1.4317633018e-06],
      [1.2285785481e-06, 1.861667647e-06, 0.49998951536, 0.37500652248, 0.12500087192],
      [1.1155472924e-06, 1.6807667491e-06, 0.39998807709, 0.19997935215, 0.40002977445]
    ],
    [
      [0.090909090909, 0.068181818182, 0.36363636364, 0.43181818182, 0.045454545455],
      [0.042780748663, 0.07486631016, 0.36898395722, 0.44919786096, 0.064171122995],
      [0.040540540541, 0.067567567568, 0.37837837838, 0.45045045045, 0.063063063063],
      [0.030303030303, 0.060606060606, 0.36363636364, 0.48484848485, 0.060606060606],
      [0.04, 0.04, 0.36, 0.48, 0.08],
      [6.8391795866e-18, 0.055555555556, 0.33333333333, 0.44444444444, 0.16666666667]
    ],
    [
      [0.11764705882, 0.058823529412, 0.41176470588, 0.38235294118, 0.029411764706],
      [0.05, 0.09375, 0.425, 0.3875, 0.04375],
      [0.048689138577, 0.089887640449, 0.42322097378, 0.39325842697, 0.044943820225],
      [0.041666666666, 0.041666666667, 0.5, 0.375, 0.041666666667],
      [0.041666666668, 0.041666666667, 0.41666666667, 0.45833333333, 0.041666666667],
      [5.4198287019e-13, 8.5649950265e-13, 0.41666666667, 0.41666666667, 0.16666666667]
    ],
    [
      [0.1, 0.066666666667, 0.35, 0.45, 0.033333333333],
      [0.06511627907, 0.079069767442, 0.35813953488, 0.4511627907, 0.046511627907],
      [0.066115702479, 0.070247933884, 0.36776859504, 0.45041322314, 0.045454545455],
      [0.052631578947, 0.052631578947, 0.39473684211, 0.47368421053, 0.026315789474],
      [0.055555555556, 0.055555555556, 0.33333333333, 0.44444444444, 0.11111111111],
      [7.0465975322e-17, 1.4093069411e-16, 0.33333333333, 0.41666666667, 0.25]
    ],
    [
      [0.037401406873, 0.084850506685, 0.32321070283, 0.51614242877, 0.038394954843],
      [0.021258665045, 0.052731120513, 0.41350134454, 0.49135341691, 0.021155452986],
      [0.037155880205, 0.065878548003, 0.41555543595, 0.44845608396, 0.03295405188],
      [0.033554594818, 0.033550987803, 0.46619959912, 0.44498449812, 0.021710320139],
      [0.016150131226, 0.048905372149, 0.37081001139, 0.52606937641, 0.038065108832],
      [0.030642029611, 0.05316620879, 0.54797496004, 0.29015780944, 0.078058992116]
    ],
    [
      [0.17675701275, 0.060149290038, 0.49479623416, 0.25431067206, 0.013986790999],
      [0.10716905074, 0.080683732127, 0.50476540557, 0.29259105073, 0.014790760828],
      [0.070728746389, 0.073865668883, 0.50375306025, 0.33760789236, 0.014044632121],
      [0.041550424438, 0.048657192793, 0.45455527704, 0.42432394797, 0.030913157759],
      [0.044115070394, 0.04303859117, 0.46703868662, 0.32058680379, 0.12522084803],
      [0.028288111776, 0.021045888254, 0.50078799029, 0.1754543215, 0.27442368819]
    ],
    [
      [0.084112149533, 0.1214953271, 0.3738317757, 0.41121495327, 0.0093457943925],
      [0.071428571429, 0.12857142857, 0.37619047619, 0.40952380952, 0.014285714286],
      [0.069536423841, 0.12251655629, 0.38079470199, 0.41059602649, 0.016556291391],
      [1.8623883039e-16, 0.1, 0.5, 0.4, 3.642491017e-18],
      [0.066666666667, 0.11111111111, 0.37777777778, 0.44444444444, 2.6339333669e-17],
      [0.047619047619, 0.095238095238, 0.33333333333, 0.38095238095, 0.14285714286]
    ],
    [
      [0.11859789005, 0.14329731695, 0.26201676216, 0.47599986294, 8.8167904939e-05],
      [0.056327445477, 0.18298678185, 0.2674196222, 0.49321850842, 4.7642050683e-05],
      [0.062507679255, 0.16214511652, 0.28731391052, 0.48789474894, 0.00013854476968],
      [0.0023060452726, 0.0022357341931, 0.49708613609, 0.49773974788, 0.00063233655979],
      [0.056088054375, 0.11147643416, 0.22363989573, 0.60879226418, 3.3515628992e-06],
      [0.00010824435744, 0.0011615520081, 0.004763652191, 0.0043459982191, 0.98962055322]
    ],
    [
      [0.20902885821, 0, 0.24306894305, 0.4928941174, 0.055008081342],
      [0.1683464158, 0, 0.27962926728, 0.47396784559, 0.078056471331],
      [0.15216237853, 0, 0.25210753941, 0.51345807333, 0.082272008721],
      [0, 0, 0, 0, 0],
      [0, 0, 0, 0, 0],
      [0.068833116487, 0, 0.228515872, 0.35362147131, 0.3490295402]
    ],
    [
      [0.16421312651, 0.18059210293, 0.35900029299, 0.29619447757, 0],
      [0.095254786836, 0.16951979698, 0.41573092055, 0.31949449563, 0],
      [0.090917974909, 0.16484277245, 0.43025679084, 0.3139824618, 0],
      [0, 0, 0, 0, 0],
      [0.089898266727, 0.11891331555, 0.41407811889, 0.37711029883, 0],
      [0, 0, 0, 0, 0]
    ],
    [
      [0.15996385835, 0.15983495726, 0.27988525971, 0.40026119426, 5.4730417885e-05],
      [0.10418386447, 0.16681844146, 0.2915947645, 0.41651272369, 0.020890205873],
      [0.10206124294, 0.142657634, 0.30610630073, 0.42875881151, 0.020416010826],
      [0.00016882055652, 0.0010819389501, 0.0012894554287, 0.99744752688, 1.2258185041e-05],
      [0.11098218504, 0.11139548439, 0.22239420264, 0.55510466661, 0.00012346131217],
      [2.2885654796e-05, 0.0009918378516, 0.0014245987388, 0.33276270537, 0.66479797239]
    ],
    [
      [0.19675367222, 0.11019241425, 0.44984133156, 0.23005637697, 0.01315620499],
      [0.16196750336, 0.13587625176, 0.43446134974, 0.24240814774, 0.025286747402],
      [0.13175148784, 0.12306146255, 0.46601487516, 0.25344782391, 0.02572435055],
      [0, 0, 0, 0, 0],
      [0.14347837072, 0.11046412314, 0.43247700615, 0.28099989836, 0.032580601632],
      [0, 0, 0, 0, 0]
    ],
    [
      [0.17622362387, 0.14718674092, 0.17517497306, 0.47200724731, 0.029407414837],
      [0.12552708234, 0.18704129496, 0.18805260955, 0.4785308987, 0.020848114456],
      [0.11384023007, 0.17141488408, 0.22850794166, 0.45769464804, 0.028542296161],
      [0.0076533932987, 0.0002489235468, 0.49219422741, 0.49968979768, 0.00021365806755],
      [0.10925649779, 0.11141610884, 0.1147028502, 0.66288595454, 0.0017385886354],
      [3.6758538104e-05, 0.0074524407445, 0.0015167965736, 0.49880229306, 0.49219171108]
    ],
    [
      [0.10546875, 0.046875, 0.3515625, 0.4765625, 0.01953125],
      [0.095774647887, 0.049295774648, 0.35352112676, 0.47887323944, 0.022535211268],
      [0.093889716841, 0.049180327869, 0.35469448584, 0.47988077496, 0.022354694486],
      [0.095238095238, 2.0640474914e-33, 0.42857142857, 0.47619047619, 1.6096457026e-32],
      [0.084337349398, 0.036144578313, 0.36144578313, 0.50602409639, 0.012048192771],
      [0.064516129032, 0.032258064516, 0.32258064516, 0.48387096774, 0.096774193548]
    ],
    [
      [0.10407239819, 0.076923076923, 0.33936651584, 0.42986425339, 0.049773755656],
      [0.096466093601, 0.080229226361, 0.34192932187, 0.42979942693, 0.051575931232],
      [0.09552238806, 0.07960199005, 0.34328358209, 0.42985074627, 0.051741293532],
      [0.084745762712, 0.067796610169, 0.35593220339, 0.4406779661, 0.050847457627],
      [0.088888888889, 0.074074074074, 0.34074074074, 0.44444444444, 0.051851851852],
      [0.09375, 0.078125, 0.328125, 0.421875, 0.078125]
    ],
    [
      [0.1045751634, 0.091503267974, 0.38562091503, 0.37908496732, 0.039215686275],
      [0.094339622642, 0.094339622642, 0.38679245283, 0.38364779874, 0.040880503145],
      [0.091370558376, 0.096446700508, 0.38705583756, 0.38324873096, 0.041878172589],
      [0.08064516129, 0.096774193548, 0.41935483871, 0.37096774194, 0.032258064516],
      [0.087301587302, 0.087301587302, 0.38095238095, 0.40476190476, 0.039682539683],
      [0.075, 0.075, 0.375, 0.375, 0.1]
    ],
    [
      [0, 0, 0, 0, 0],
      [0, 0, 0, 1, 0],
      [0, 0, 0, 0, 0],
      [0, 0, 0, 0, 0],
      [0, 0, 0, 0, 0],
      [0, 0, 0, 0, 0]
    ]
  ],
  "expected_outcome": [
    [
      [3.0000000085, 21, 11.9999999997, 1.9522572098, 4.1225497397, 6, 0.70001173541, 2.9260806131, 19, 2.3080068272, 3.9999999999, 0.5901341611, 10, 0.097030933263, 11, 15, 21, 0.78707155667, 0, 2, 3, 5.9999804612, 4.0000949667, 1.9413746022, 1.9999847478, 3.9999999844, 4, 8, 1.9685002897, 6, 5.0000000001, 0, 6, 3.9999998647, 7, 1.7020094303, 0.83173536957, 0.74943901352, 4, 2.9999796002, 4, 2.8437951859, 3.9999999986, 0.26812670845, 0, 17, 3, 1.6416955146, 1.5603981714, 2.0008588443, 1.9998873256, 4, 4, 6, 0.33661266185, 0.70702805101, 9, 4.9811113822, 0.41805771641, 0.32842625302, 3.9990964586, 0.7870146889, 5.9916032117, 27, 23, 16, 0],
      [0.99999999247, 17, 6.0000000008, 0.0074714946941, 0.94880887063, 5, 0.40409483843, 0.016938086474, 26, 1.7521562555, 1.0415164957e-10, 0.32241658024, 9, 0.12213176906, 10, 16, 17, 0.0028446894252, 0.42887880557, 1, 2, 3.0000146762, 4.0000027168, 0.0032247392556, 0.99998444416, 2.0000000138, 4, 4, 0.0089571197681, 4, 3.9999999992, 0, 5, 4.0000001225, 8, 0.035625527721, 0, 0.16416071225, 2, 2.000020736, 3, 1.0026923003, 2.0000000006, 0.24104259507, 0.14303984065, 25, 3, 0.43873874958, 0.15330089607, 0.99911378446, 0.99992432421, 3, 2, 4, 0.76365456016, 0.24059716015, 13, 6.0184873119, 0, 0.36118420585, 3.9958739315, 0.44076965701, 5.0043491912, 12, 17, 14, 0],
      [10.9999999906, 186, 17.0000000001, 3.0267349402, 5.687086423, 31, 1.0870183413, 3.042664017, 113, 5.1157501631, 12.9999999998, 1.4135925708, 65, 0.84616664828, 56, 88, 89, 2.5966289828, 1.2983047956, 18, 19, 16.0000000669, 7.9999599678, 0.99969960868, 6.0000151526, 6.9999999915, 15, 33, 3.9719028784, 23, 14.0000000018, 0.63946879022, 28, 13.9999998005, 55, 3.0096096312, 1.5383792564, 2.0115451502, 16, 6.0000169983, 15, 5.9219247708, 8.0000000018, 0.45974236007, 0.26646615099, 72, 12, 1.2978010764, 1.1865918044, 4.0002576456, 6.9999337453, 16, 14, 21, 2.9088963255, 1.9791849366, 40, 11.0047040105, 0.48613788611, 0.71800058598, 6.9971314928, 1.7993653262, 5.9559490841, 90, 75, 59, 0],
      [14.9999999821, 178, 41.9999999994, 4.0070581701, 8.1473504554, 39, 2.571858563, 4.9916967438, 128, 5.258130397, 14.0000000001, 1.4132245543, 72, 0.9346706494, 57, 86, 102, 2.5429120501, 2.0401463237, 9, 13, 20.0000047219, 11.9999404045, 1.042964118, 5.9999998489, 8.0000000182, 25, 31, 2.0340461658, 26, 15.9999999992, 1.3605312098, 24, 11.0000001846, 39, 2.1517366406, 0.62988537403, 1.074855124, 21, 9.9999807039, 23, 6.154116526, 9.9999999983, 0.96609665737, 0.59049400836, 99, 16, 1.4844001447, 1.0694086549, 5.0007240395, 4.0000827769, 19, 13, 27, 4.6452818589, 1.0172426882, 44, 19.9919942434, 0.9857882348, 0.59238895515, 10.0065298566, 0.92022550788, 16.0482464085, 122, 95, 58, 0],
      [2.0000000263, 17, 2, 0.006478185257, 0.09420451119, 4, 0.23701652184, 0.022620539599, 6, 0.56595635726, 1.0000000001, 0.2606321335, 7, 0, 1, 3, 5, 0.070542721035, 0.2326700752, 1, 1, 7.3845954025e-08, 1.9442377905e-06, 0.012736931839, 1.5806553957e-05, 0.99999999212, 1, 3, 0.016593546374, 2, 0.99999999973, 0, 1, 2.763481985e-08, 2, 0.10101877023, 0, 0, 1, 1.9616327414e-06, 2, 0.077471217015, 6.7891068491e-10, 0.064991679027, 0, 6, 1, 0.13736451474, 0.030300473163, 0.99904568622, 0.00017182792492, 2, 1, 2, 0.34555459358, 0.055947163994, 1, 0.0037030520074, 0.11001616268, 0, 0.0013682604471, 0.052624819959, 0.99985210447, 5, 11, 6, 0]
    ],
    [
