{
  "Z_true": {},
  "V_true": [
    [56, 39, 751, 839, 559, 56],
    [47, 62, 44, 76, 1002, 218],
    [94, 89, 187, 78, 13844, 323],
    [107, 135, 395, 3243, 995, 158],
    [49, 914, 53, 365, 789, 122],
    [862, 21, 32, 307, 759, 159],
    [38, 41, 32, 79, 754, 623]
  ],
  "p_true": [
    [0.0243, 0.017, 0.3265, 0.3648, 0.243, 0.0243],
    [0.0324, 0.0428, 0.0304, 0.0524, 0.6915, 0.1504],
    [0.0064, 0.0061, 0.0128, 0.0053, 0.9472, 0.0221],
    [0.0213, 0.0268, 0.0785, 0.6443, 0.1977, 0.0314],
    [0.0214, 0.3988, 0.0231, 0.1592, 0.3442, 0.0532],
    [0.4028, 0.0098, 0.015, 0.1435, 0.3547, 0.0743],
    [0.0243, 0.0262, 0.0204, 0.0504, 0.4812, 0.3976]
  ],
  "Z_est": [
    [
      [0.1999, 1.7722, 0.7675, 0.0667, 1.0367, 2.8678, 2.6023, 1.0009, 0.5335, 0.4003, 0.9336, 0.5004, 1.535, 0.3011, 1.4679, 1.3354, 1.3347, 1.2679, 0.2999, 0, 1.3688, 0.9673, 0.7007, 0.6008, 0.6674, 2.9026, 1.3018, 0.6, 2.8036, 0.5335, 0.9008, 0.1001, 0.2002, 0.2, 1.9016, 0.8666, 4.6715, 0.3012],
      [0.0055, 0.0438, 0.0211, 0.0008, 0.0297, 0.0336, 0.0516, 0.0219, 0.0172, 0.0102, 0.0133, 0.0242, 0.0391, 0.036, 0.0563, 0.043, 0.0242, 0.0211, 0.0016, 0.3043, 0.043, 0.0195, 0.0172, 0.0328, 0.0156, 0.0665, 0.0407, 0.0078, 0.0547, 0.0149, 0.0195, 0.0047, 0.0094, 0.0242, 0.0407, 0.0125, 0.0954, 0.0023],
      [3.8944, 27.4055, 7.2003, 0.2764, 19.1807, 11.6636, 19.4173, 5.6451, 4.2575, 2.2825, 7.3841, 3.8586, 18.5656, 6.3099, 19.4247, 13.1217, 14.1751, 12.118, 0.5527, 1.2026, 13.7716, 6.5505, 5.9619, 5.2508, 5.0103, 21.4274, 13.5722, 2.1392, 33.6877, 3.0295, 5.2253, 0.8291, 1.3818, 0.348, 13.2547, 2.4155, 52.6163, 7.0673],
      [17.7056, 149.1309, 32.8623, 1.4186, 98.0036, 74.5901, 93.7215, 38.39, 11.1445, 14.0237, 20.51, 17.5458, 62.2734, 31.3867, 46.686, 73.0171, 51.9842, 46.2927, 3.1064, 3.3222, 68.0739, 29.9873, 28.1008, 30.5428, 27.7248, 110.4656, 63.3673, 10.6481, 132.0854, 11.977, 32.7882, 4.7942, 7.6314, 3.377, 69.5801, 12.6614, 184.4488, 30.0962],
      [1.144, 26.3703, 0, 0.224, 5.6715, 7.7264, 9.0349, 3.8441, 0, 1.2359, 0, 0, 1.3706, 0.6722, 0, 3.8413, 2.289, 4.1211, 0.0293, 0.1709, 9.5366, 2.4281, 0.1349, 1.4477, 3.5312, 5.7965, 3.5726, 0.5237, 0.0001, 0.3573, 3.9782, 0.2313, 0.7029, 2.6187e-06, 5.02, 0, 3.4209, 3.8422],
      [0.0507, 0.2772, 0.1487, 0.0135, 0.0778, 0.1183, 0.1724, 0.098, 0.0473, 0.0473, 0.1589, 0.071, 0.2164, 0.2941, 0.3651, 0.6415, 0.1927, 0.1792, 0.0101, 0, 0.2062, 0.0473, 0.0845, 0.1251, 0.0507, 0.3414, 0.1454, 0.0811, 0.3685, 0.0879, 0.0879, 0.0406, 0.0744, 0.0507, 0.2028, 0.0439, 0.7471, 1.6908]
    ],
    [
      [0, 0.4279, 0.1123, 0.003, 0.1214, 0.0728, 0.0819, 0.0577, 0.0486, 0.0364, 0.088, 0.0455, 0.1032, 0.0577, 0.1669, 0.1092, 0.0728, 0.1062, 0.003, 0, 0.2337, 0.091, 0.7292, 0.1214, 0.0394, 0.264, 0.085, 0.0607, 0.4006, 0.085, 0.0637, 0.0241, 0.0303, 0.0866, 0.1972, 0.0455, 0.6312, 0.1153],
      [0, 5.4205, 1.4224, 0.0384, 1.5377, 0.9226, 1.038, 0.7304, 0.6151, 0.4613, 1.1149, 0.5767, 1.3071, 0.7304, 2.1144, 1.384, 0.9226, 1.3455, 0.0384, 0.2711, 2.9601, 1.1533, 1.384, 1.5377, 0.4998, 3.3446, 1.0764, 0.7689, 5.0745, 1.0764, 0.8073, 0.3075, 0.3844, 0.1538, 2.4988, 0.5767, 7.9962, 0],
      [4.1421, 26.736, 7.2472, 0.2205, 12.0622, 6.9131, 6.3342, 4.1897, 3.7308, 2.2409, 6.5974, 3.3077, 8.0086, 4.6962, 14.9647, 9.1541, 3.9379, 9.0349, 0.3218, 0.7449, 14.3455, 6.1088, 6.6214, 6.6931, 3.3732, 18.4754, 8.0034, 3.1946, 29.4114, 4.5534, 4.3268, 1.2576, 1.6986, 0.5037, 12.7124, 2.6998, 46.4742, 7.2904],
      [0.2016, 1.3773, 2.9349, 0.0113, 0.9865, 0.2729, 0.0636, 0.3861, 1.0092, 0.151, 0.2959, 0.218, 0.0801, 0.0448, 0.1296, 0.0849, 0.0566, 0.3999, 0.0024, 0.0197, 0.6695, 0.3043, 0.3513, 0.3847, 0.2462, 1.1871, 0.066, 0.134, 2.2559, 0.1588, 0.319, 0.0638, 0.0864, 0.0094, 0.749, 0.239, 1.9274, 1.0032],
      [13.4109, 81.8801, 15.4198, 0.3535, 18.1931, 8.4836, 9.544, 7.6419, 7.0604, 5.9506, 11.3577, 6.3948, 12.0184, 6.7162, 19.4415, 12.7253, 8.4836, 13.1327, 0.3535, 0.9643, 42.6993, 17.4898, 20.5211, 22.1331, 5.4426, 40.8935, 9.8975, 10.479, 66.6289, 15.7208, 9.7361, 3.8536, 3.668, 1.4139, 34.0244, 8.1422, 99.3458, 21.9447],
      [4.2454, 25.1582, 9.8633, 0.3732, 7.099, 7.3349, 9.9383, 5.9942, 3.5359, 3.1597, 9.5461, 4.4574, 12.4826, 6.7547, 18.1829, 12.5425, 10.5265, 10.9809, 0.2809, 0, 16.0919, 4.8528, 6.3929, 9.13, 3.3988, 22.8354, 8.8717, 5.3629, 28.2286, 6.4055, 5.7471, 2.4933, 4.1322, 1.8326, 14.8181, 3.2968, 51.6252, 7.6464]
    ],
    [
      [0.002, 0.2066, 0.0077, 0.3566, 0.0104, 1.5594, 14.146, 0.0101, 3.6653, 0.2996, 0.3092, 1.8529, 3.0398, 0.003, 0.0148, 1.7033, 5.2042, 5.8953, 0.003, 0, 1.0041, 2.7376, 1.8241, 0.006, 1.022, 5.6141, 5.7455, 0.9499, 0.0282, 0.0054, 1.1621, 0.001, 0.4049, 2.2403, 4.6515, 1.0444, 15.1447, 1.5536],
      [0.0001, 2.8291, 0.0003, 0.002, 0.0004, 0.0005, 7.1128, 0.0003, 3.4155, 0.3876, 0.6555, 2.5864, 2.5601, 3.3248, 6.0528, 0.0006, 0.0003, 0.0867, 0, 0.3971, 6.5148, 1.9493, 0.0002, 2.2206, 3.4435, 5.3715, 10.8614, 0.8395, 0.0008, 1.3049, 0.6481, 0.0001, 0.0001, 9.1362, 0.6431, 0.234, 12.9252, 0],
      [1.1052, 8.5573, 0.6446, 0.1063, 8.4249, 0.9209, 6.1371, 0.4374, 4.5668, 0.1842, 4.9826, 0.3453, 12.1533, 0.5525, 14.11, 1.1051, 12.7652, 7.5158, 0.2723, 1.1067, 3.9108, 2.5581, 0.8153, 0.4374, 2.2757, 3.8113, 6.8225, 0.1842, 16.4323, 0.2763, 0.4144, 0.0691, 0.1151, 0.023, 1.1281, 0.2072, 47.6894, 3.1754],
      [3.2807, 19.2827, 21.6621, 0.0469, 42.4422, 13.9175, 11.1052, 5.1787, 0.5803, 2.0658, 6.4367, 3.5936, 2.9049, 1.5627, 22.9899, 13.6751, 2.4394, 1.6565, 0.8423, 0.2685, 4.748, 2.9545, 11.8064, 9.1437, 6.6926, 37.9347, 14.4309, 0.8805, 28.937, 0.9456, 1.4064, 0.3622, 0.3282, 9.4149, 12.869, 13.1467, 9.7574, 0.9376],
      [92.1686, 488.9884, 162.4349, 21.0144, 221.2872, 282.3313, 297.3156, 216.7038, 123.7642, 114.1766, 347.4431, 386.3773, 826.9924, 401.5934, 1036.5124, 545.2087, 513.0421, 391.1687, 34.7735, 28.2276, 546.6601, 158.2923, 256.6465, 391.8493, 185.0219, 610.0909, 211.836, 177.8943, 788.0953, 231.0539, 219.0601, 232.2766, 566.8273, 132.6558, 455.1921, 187.8957, 1693.5539, 115.2556],
      [1.4434, 9.1358, 8.2505, 2.4739, 0.8348, 1.2704, 7.1833, 3.6697, 1.0079, 1.8862, 8.1729, 1.2445, 11.3495, 7.9635, 24.3202, 8.3073, 6.5488, 5.677, 0.1089, 0, 9.1622, 0.5081, 0.9074, 1.343, 0.5444, 13.1774, 8.3037, 4.2516, 9.5064, 4.414, 3.3089, 2.2911, 6.3244, 6.5298, 3.5162, 0.4718, 47.9295, 2.0777]
    ],
    [
      [0.004, 2.1455, 0.6207, 0.2585, 1.2634, 3.4692, 1.7095, 0.7349, 0.3176, 0.3456, 0.7246, 0.5855, 1.6804, 0.006, 0.0294, 1.7071, 1.193, 1.207, 0.0307, 0, 1.14, 1.4118, 0.5972, 0.012, 0.8603, 2.2603, 1.3688, 1.2426, 1.08, 0.2332, 2.8781, 0.002, 0.1805, 0.4951, 1.5727, 3.9295, 3.9454, 0.4357],
      [0.1575, 2.8442, 0.6075, 0.0398, 2.1251, 1.8547, 2.7294, 0.63, 3.0857, 0.546, 0.9125, 2.4989, 2.3636, 1.83, 3.0948, 1.2376, 0.6976, 1.4947, 0.068, 0.0853, 2.0729, 1.0003, 0.8114, 6.9994, 0.9757, 3.5659, 2.1782, 0.3978, 3.5412, 0.5946, 1.2653, 0.135, 0.4025, 1.0662, 2.3222, 0.746, 5.637, 0.0675],
      [5.143, 33.0027, 11.9737, 0.3563, 30.8424, 17.9975, 24.956, 7.6282, 5.0017, 2.8682, 10.9449, 7.001, 35.46, 11.0481, 32.2445, 23.1019, 24.7519, 18.1117, 0.5109, 1.9352, 17.3653, 9.0088, 8.9013, 5.7871, 6.7163, 33.2455, 20.3372, 1.9462, 51.8105, 3.5698, 7.2217, 0.7167, 1.6092, 0.0538, 19.9933, 3.0163, 62.1319, 9.1437],
      [24.3788, 162.9974, 65.9649, 1.3483, 139.5165, 109.4822, 118.7852, 63.7419, 16.5575, 22.4821, 44.65, 36.1676, 82.1981, 60.809, 122.1882, 118.8443, 69.6045, 52.3823, 2.5018, 1.3709, 80.8489, 40.5737, 44.171, 49.5948, 33.7029, 161.3275, 93.7645, 15.5822, 215.0705, 15.7819, 50.6952, 9.0243, 11.6473, 42.847, 105.2547, 37.124, 259.4646, 26.1147],
      [12.6407, 69.8895, 36.275, 0.907, 61.9182, 58.6874, 64.7783, 42.5973, 14.408, 17.0609, 33.1048, 27.6429, 90.0779, 53.345, 94.1466, 70.8174, 53.3056, 78.3938, 0.8023, 3.6085, 41.1419, 23.8018, 21.1556, 27.0687, 14.5266, 82.0761, 54.8626, 10.1628, 138.4832, 8.1336, 58.2625, 9.7345, 8.5957, 18.6383, 67.855, 21.9951, 162.2619, 19.265],
      [0.676, 4.1206, 4.5582, 0.0901, 0.3345, 0.509, 3.0416, 1.6675, 0.6295, 0.6972, 1.6631, 1.104, 3.22, 10.9619, 4.2964, 3.2917, 2.4474, 2.4105, 0.0862, 0, 2.431, 0.2036, 0.3636, 0.5381, 0.2181, 4.5247, 2.4887, 0.6685, 6.0146, 0.6869, 1.6771, 0.3875, 0.5648, 0.8996, 3.0021, 0.1891, 8.5591, 0.9733]
    ],
    [
      [0.1549, 1.4689, 0.6613, 0.0539, 0.8861, 2.3198, 2.1429, 0.8443, 0.4417, 0.3384, 0.7549, 0.4467, 1.2939, 0.2324, 1.136, 1.1813, 1.3066, 1.0394, 0.2475, 0, 1.1557, 0.8141, 0.5913, 0.4647, 0.5484, 2.4187, 1.0858, 0.4819, 2.315, 0.4485, 0.7519, 0.0775, 0.1938, 0.2105, 1.5859, 0.7067, 3.8225, 0.5064],
      [6.6216, 43.5665, 24.3627, 0.8903, 33.5692, 38.5448, 53.7799, 25.9024, 14.6069, 11.3118, 13.5625, 24.9783, 42.6802, 39.119, 57.3413, 51.3179, 28.7123, 23.2517, 1.8756, 0.653, 42.4141, 20.4228, 19.3244, 30.5782, 14.6609, 70.6955, 37.1224, 7.5925, 59.1757, 15.081, 21.7332, 5.4862, 11.0109, 20.5228, 45.247, 13.9826, 92.3667, 2.9301],
      [0.066, 0.4091, 0.132, 0.0047, 0.3334, 0.1897, 0.273, 0.0989, 0.0791, 0.0413, 0.1295, 0.0798, 0.3283, 0.1284, 0.4465, 0.2391, 0.245, 0.2039, 0.0111, 0.0004, 0.2304, 0.1135, 0.106, 0.0975, 0.0804, 0.3692, 0.2195, 0.0369, 0.5666, 0.0591, 0.0893, 0.0176, 0.0189, 0.0038, 0.2295, 0.0478, 0.8888, 0.1055],
      [3.275, 11.6912, 5.7792, 0.1199, 9.9805, 7.9785, 8.7403, 4.4719, 1.3066, 1.6022, 2.6838, 2.6147, 6.0631, 4.2826, 7.8427, 11.4226, 4.9183, 3.9296, 2.1914, 0.0156, 6.1452, 2.9769, 3.3184, 3.8609, 2.5655, 12.0532, 6.4278, 1.0914, 13.7639, 1.4002, 3.4097, 0.6619, 0.974, 2.2608, 7.4436, 2.4941, 17.0307, 1.6757],
      [10.7648, 30.2307, 27.7204, 0.9012, 30.0624, 37.6782, 47.6478, 29.2607, 8.4539, 11.5944, 10.5146, 23.7071, 42.1308, 40.4713, 50.3982, 65.3068, 31.3751, 22.1681, 3.401, 0.3309, 34.5759, 18.5702, 19.4768, 22.7277, 10.0244, 64.6668, 23.8037, 5.6159, 51.3324, 13.8091, 21.8073, 7.6638, 21.6286, 11.879, 45.0169, 13.6619, 66.2043, 2.6474],
      [0.1178, 0.6336, 0.3444, 0.03, 0.1684, 0.2891, 0.4161, 0.422, 0.1119, 0.1119, 0.3547, 0.1734, 0.5037, 0.7663, 0.8353, 0.5323, 0.4427, 0.4073, 0.2734, 0, 0.4787, 0.1025, 0.1831, 0.2709, 0.1204, 0.7965, 0.3409, 0.1814, 0.8464, 0.2021, 0.2085, 0.0932, 0.1739, 0.123, 0.4771, 0.1069, 1.6869, 0.1348]
    ],
    [
      [5.6392, 46.9731, 20.8279, 1.261, 27.6795, 75.7069, 57.314, 27.3502, 10.992, 10.5786, 25.1854, 11.5665, 38.3422, 8.3957, 41.1851, 33.9566, 30.6431, 28.4783, 8.4154, 0, 36.0933, 22.9767, 16.5545, 16.795, 16.8604, 73.5318, 29.4101, 14.663, 77.3637, 14.6925, 21.2413, 2.7953, 4.9881, 2.7617, 47.0854, 19.4059, 111.7692, 6.0868],
      [0.1663, 1.0864, 0.4878, 0.0222, 0.6429, 1.4965, 1.164, 0.6429, 0.2106, 0.2439, 0.5875, 0.2439, 0.8536, 0.8092, 2.9738, 0.7649, 0.6429, 0.5875, 0, 0, 0.8314, 0.3991, 0.3547, 0.4545, 0.3326, 1.6517, 0.6097, 0.3215, 1.8291, 0.8562, 0.4545, 0.0665, 0.1109, 0.0443, 1.042, 0.3991, 2.4166, 0],
      [0.6157, 1.6793, 0.739, 0.0333, 1.007, 2.2242, 1.7561, 0.9573, 0.3246, 0.3639, 0.8876, 0.3704, 1.3185, 1.2049, 1.6167, 1.1627, 0.993, 0.9035, 0.3258, 0, 1.2627, 0.6066, 0.5399, 0.6819, 0.5028, 2.4885, 0.9378, 0.4772, 2.7993, 0.4822, 0.681, 0.1, 0.1667, 0.0657, 1.5686, 0.5916, 3.7319, 0.162],
      [1.1268, 4.3093, 1.716, 0.0528, 6.8959, 3.6303, 3.4424, 1.7622, 0.3812, 0.6493, 1.3703, 0.8197, 2.3791, 1.8476, 3.0249, 2.815, 1.907, 1.265, 0.3495, 0, 2.4114, 1.1554, 1.1945, 2.8682, 1.0225, 4.8262, 2.2919, 0.6426, 5.6407, 0.7142, 1.3258, 0.0819, 0.3153, 0.0546, 2.9772, 2.2931, 7.0621, 0.1364],
      [3.8803, 22.8927, 9.7524, 0.3451, 16.5095, 40.7434, 24.0031, 17.6021, 3.2786, 6.0639, 13.2026, 3.9033, 17.6211, 17.1572, 21.7294, 14.2977, 10.1457, 9.1456, 10.2194, 0, 18.5342, 8.0026, 6.7324, 11.0067, 7.5097, 37.8508, 10.3613, 6.7017, 46.0445, 9.3928, 9.6684, 1.0354, 1.7256, 0.6902, 23.7807, 9.2329, 40.6847, 1.7256],
      [3.5717, 21.0591, 10.477, 0.2855, 5.2651, 11.1988, 17.3204, 9.6853, 3.8129, 4.1005, 11.7665, 5.0963, 16.4855, 43.5854, 24.47, 16.0031, 13.6683, 12.62, 0.6899, 0, 15.867, 2.8596, 6.6239, 9.1937, 3.772, 28.6509, 11.3893, 6.194, 31.3228, 6.862, 7.6289, 1.921, 2.6935, 0.3835, 17.5462, 4.0775, 52.3355, 1.8892]
    ],
    [
      [0, 0.0058, 0.0027, 0.0002, 0.0026, 0.0041, 0.0034, 0.002, 0.0014, 0.0011, 0.0043, 0.0025, 0.0054, 0.0042, 0, 0.007, 0.2455, 0.0059, 0.0005, 0, 0.0045, 0.0015, 0.003, 0, 0.002, 0.0084, 0.0031, 0.002, 0.009, 0.002, 0.002, 0, 0.0023, 0.0059, 0.0057, 0.0014, 0.0156, 0.0009],
      [0.0491, 0.2094, 0.0982, 0.0065, 0.0949, 0.1473, 0.1244, 0.072, 0.0491, 0.0393, 0.1538, 0.0916, 0.1964, 0.1505, 0.3666, 0.252, 0, 0.2127, 0.0164, 0.2891, 0.1636, 0.0556, 0.108, 0.1767, 0.072, 0.3044, 0.1113, 0.072, 0.324, 0.072, 0.072, 0, 0.0818, 0.0524, 0.2062, 0.0491, 0.5629, 0],
      [0.0336, 0.21, 0.0632, 0.0025, 0.1493, 0.0909, 0.1263, 0.0434, 0.0395, 0.019, 0.0738, 0.0372, 0.1657, 0.0598, 0.193, 0.1155, 0.132, 0.1121, 0.0053, 0.0101, 0.1139, 0.0538, 0.0542, 0.0522, 0.0414, 0.1827, 0.1075, 0.0218, 0.2922, 0.0296, 0.0414, 0.01, 0.0098, 0.002, 0.1136, 0.0218, 0.4674, 0.0557],
      [0.0315, 0.2112, 0.0806, 0.0021, 0.1747, 0.1285, 0.1417, 0.0692, 0.0208, 0.0258, 0.0532, 0.0406, 0.1013, 0.0666, 0.1386, 0.1412, 0.09, 0.0741, 0.0062, 0.003, 0.103, 0.0478, 0.0575, 0.6049, 0.0455, 0.2057, 0.6516, 0.0212, 0.2466, 0.0223, 0.0557, 0.0118, 0.0173, 0.0363, 0.1262, 0.0417, 0.3089, 0.0361],
      [9.9908, 41.7482, 19.3975, 1.2548, 19.3581, 30.3497, 24.6764, 14.3502, 10.0348, 7.9177, 31.3771, 18.9746, 39.7889, 29.0448, 72.7719, 51.8027, 49.3589, 43.87, 3.4211, 0.6977, 32.8521, 11.4153, 22.3326, 36.7669, 14.9436, 61.6253, 21.6661, 14.6226, 65.4156, 14.5325, 14.4874, 10.2048, 16.8521, 10.7227, 42.1109, 10.0721, 112.5285, 6.3195],
      [4.895, 21.6154, 10.3578, 0.7338, 9.2204, 14.2795, 12.9279, 7.4632, 4.8545, 3.9971, 15.3377, 8.8535, 19.7423, 16.6741, 35.5299, 24.6817, 23.1736, 20.7251, 1.5506, 0, 16.7628, 5.426, 10.4446, 16.3993, 6.8955, 30.6736, 11.4604, 7.2605, 32.7127, 7.3416, 7.3416, 4.7734, 8.0367, 5.1808, 20.4374, 4.8139, 58.1167, 3.5878]
    ]
  ],
  "V_est": [
    [41.8122, 1.3199, 391.4755, 1745.4658, 112.2699, 7.6567],
    [5.0185, 53.5922, 312.3286, 18.8815, 693.5602, 365.6191],
    [83.4284, 85.5065, 176.3391, 342.6281, 13691.6817, 235.4161],
    [41.6779, 62.6823, 567.4543, 2608.5615, 1672.4281, 80.1959],
    [35.1301, 1066.9947, 6.7192, 190.4637, 979.2304, 13.4618],
    [1045.5652, 25.8012, 36.3301, 76.7583, 513.1731, 442.3721],
    [0.3676, 5.1032, 3.3532, 4.2412, 1039.6566, 514.2782]
  ],
  "p_est": [
    [0.0182, 0.0006, 0.1702, 0.7589, 0.0488, 0.0033],
    [0.0035, 0.037, 0.2155, 0.013, 0.4786, 0.2523],
    [0.0057, 0.0059, 0.0121, 0.0234, 0.9368, 0.0161],
    [0.0083, 0.0125, 0.1127, 0.5183, 0.3323, 0.0159],
    [0.0153, 0.4655, 0.0029, 0.0831, 0.4272, 0.0059],
    [0.4886, 0.0121, 0.017, 0.0359, 0.2398, 0.2067],
    [0.0002, 0.0033, 0.0021, 0.0027, 0.6635, 0.3282]
  ],
  "EI_Z": {},
  "EI_V": 12.0488,
  "MAE_Z": {},
  "MAE_V": 168.6607,
  "MAE_p": 0.0677,
  "runtime": 1.7736
}
