{
  "Z_true": {},
  "V_true": [
    [29, 287, 369, 270, 305],
    [195, 3510, 4464, 2068, 658],
    [464, 82, 4336, 11312, 218],
    [22, 30, 4488, 238, 35],
    [569, 30, 301, 704, 23],
    [44, 81, 332, 428, 428]
  ],
  "p_true": [
    [0.023, 0.2278, 0.2929, 0.2143, 0.2421],
    [0.0179, 0.3222, 0.4097, 0.1898, 0.0604],
    [0.0283, 0.005, 0.2642, 0.6893, 0.0133],
    [0.0046, 0.0062, 0.9325, 0.0494, 0.0073],
    [0.3497, 0.0184, 0.185, 0.4327, 0.0141],
    [0.0335, 0.0617, 0.2529, 0.326, 0.326]
  ],
  "Z_est": [
    [
      [0.0427, 0.0517, 0.0084, 0.0174, 0.0008, 0.038, 0.0838, 0.0453, 0.0728, 0.0292, 0.0096, 0.011, 0.1786, 0.1653, 0.0337, 0.0897, 0.0664, 0.1369, 0.1732, 0.0592, 0.0845, 0.1653, 0.055, 0.0733, 0.0628, 0.0316, 0.038, 0.0653, 0.0061, 0.0081, 0.1845, 0.0445, 0.3937, 0.0435],
      [1.5149, 1.5588, 0.5746, 0.7209, 0.1156, 2.1533, 4.2575, 4.2707, 4.8803, 3.1696, 0.5991, 0.7093, 5.5874, 7.6262, 1.5403, 3.8318, 1.5994, 8.5462, 7.5375, 2.7151, 3.6648, 7.2674, 4.3174, 4.0829, 2.6658, 1.1746, 2.4935, 2.0718, 0.172, 0.7129, 7.3212, 1.9233, 14.0055, 2.9575],
      [4.1311, 3.5707, 1.8079, 1.5164, 0.2254, 4.0865, 7.8648, 8.2904, 11.1275, 6.0497, 1.9574, 1.2098, 11.3179, 18.1213, 3.4811, 6.6764, 3.9503, 17.1671, 15.9339, 6.16, 8.6115, 17.1212, 9.4523, 9.8977, 7.1896, 3.2492, 6.3832, 4.8233, 0.6855, 0.8122, 14.715, 3.2376, 26.3188, 3.0745],
      [4.8393, 5.9462, 2.3635, 2.9473, 0.4408, 6.9292, 13.4569, 12.1773, 19.1326, 11.2996, 3.4285, 2.0156, 15.6371, 23.2495, 3.9915, 12.8433, 6.666, 23.0487, 22.1493, 8.151, 10.7573, 22.5507, 15.3111, 16.153, 7.1725, 4.0355, 8.55, 6.7346, 1.0555, 1.3102, 25.7182, 4.4172, 39.7137, 7.9566],
      [8.472, 5.8725, 4.2456, 3.798, 3.2174, 11.7931, 12.337, 22.2163, 21.7868, 9.452, 6.0055, 2.0543, 19.2789, 34.8377, 4.9534, 13.5588, 14.7179, 31.1011, 24.2061, 13.9147, 14.8818, 29.8954, 15.8641, 19.793, 9.9092, 5.5091, 15.5352, 6.305, 1.0809, 4.1566, 28.0611, 9.3773, 83.5683, 4.968]
    ],
    [
      [3.067, 4.4917, 0.3258, 2.587, 0.1765, 1.7852, 5.4356, 1.9274, 2.6103, 1.1017, 0.6364, 1.8746, 11.2456, 8.9467, 1.3785, 7.5004, 9.6013, 9.4274, 7.9775, 3.2407, 5.0319, 10.1016, 3.3082, 3.3361, 5.8705, 1.5345, 1.0159, 3.9214, 1.3331, 2.7233, 8.8823, 1.9028, 16.1433, 2.5463],
      [46.4115, 58.2632, 8.8215, 44.1601, 8.278, 42.1518, 105.9272, 76.124, 74.1402, 48.8251, 14.5992, 51.3996, 153.7763, 176.0408, 26.9431, 136.0207, 81.4971, 254.0492, 135.633, 63.4366, 92.7955, 189.3255, 114.9587, 79.5073, 102.6972, 24.1835, 27.6378, 47.8791, 7.5361, 70.1605, 150.7236, 35.3602, 221.2557, 39.4423],
      [136.0739, 143.3068, 29.996, 99.2388, 16.779, 85.7808, 210.3779, 158.725, 181.5787, 99.9859, 54.3241, 94.2589, 334.7861, 449.5907, 65.2115, 254.7408, 217.5966, 548.848, 308.0988, 154.4576, 234.017, 479.353, 270.3814, 207.2502, 296.9423, 72.0142, 76.0302, 119.5895, 37.136, 89.2635, 325.394, 63.9627, 446.7387, 46.0856],
      [15.3966, 22.9132, 3.7093, 18.3862, 3.1341, 13.9361, 34.5463, 22.3739, 29.9089, 17.8777, 9.0159, 15.0355, 44.4329, 55.5477, 7.2027, 47.2263, 35.511, 70.7897, 41.1232, 19.5341, 28.1258, 60.7654, 42.0084, 32.39, 29.4299, 8.5615, 9.7503, 15.992, 5.3667, 13.7881, 54.7443, 8.265, 64.8201, 11.7524],
      [13.051, 11.0251, 3.1474, 11.6279, 5.6323, 11.3462, 14.713, 19.8498, 16.762, 7.2096, 7.4243, 7.4314, 26.7591, 40.8741, 4.2642, 24.5118, 34.7939, 46.8857, 21.1674, 16.3309, 19.0298, 39.4545, 21.3433, 19.5164, 19.0601, 5.7063, 8.5658, 6.618, 2.6281, 19.0646, 29.2559, 8.5094, 64.0421, 3.1734]
    ],
    [
      [2.8742, 3.3579, 0.0918, 0.4664, 0, 0.7809, 1.6478, 0.4148, 0.8822, 0.0216, 0, 1.2772, 3.9616, 3.1409, 1.1791, 1.3711, 0.7754, 1.9101, 4.1727, 0.6063, 1.6745, 4.5072, 0.7761, 1.4996, 3.6469, 0.5637, 0.4462, 0.8927, 0, 0, 5.6432, 0.9708, 3.8753, 0],
      [0.6803, 1.5914, 0, 0.2544, 0, 0.6818, 1.125, 1.4695, 1.0989, 0.8034, 0, 0.5338, 2.0771, 1.6128, 0.8025, 0.5751, 0.4326, 1.4297, 2.8095, 0.3469, 0.9044, 2.2795, 1.9994, 0.9519, 1.691, 0.1172, 0.3727, 0.8187, 0, 0, 2.9477, 0.3742, 3.1564, 0],
      [136.5042, 134.6284, 15.4746, 18.0951, 5.512, 43.8397, 97.4557, 100.8211, 94.6168, 47.3798, 56.0111, 69.1582, 160.4586, 176.6571, 56.7001, 51.86, 79.0842, 130.157, 230.8028, 32.2344, 85.7893, 238.0983, 153.3336, 120.2751, 201.9036, 26.7883, 48.0708, 56.391, 28.4141, 42.0126, 233.146, 35.2782, 194.3922, 26.6124],
      [442.5351, 616.3754, 56.3311, 98.1193, 33.488, 205.6976, 456.7714, 405.2739, 447.0214, 242.7952, 267.9889, 315.9681, 606.4614, 623.2391, 181.3135, 275.0514, 360.7078, 479.3651, 879.215, 117.7592, 295.5031, 861.8975, 679.6981, 537.8543, 562.7586, 92.4235, 177.0708, 215.8976, 119.2654, 181.9874, 1123.9668, 132.3343, 801.5761, 199.3876],
      [0.4063, 0.0468, 0.1025, 0.0649, 0, 0, 0, 0.0206, 0.3807, 0, 0, 0.0626, 0.0412, 0.3501, 0.0048, 0.1424, 0, 0.1381, 0, 0.0532, 0.1287, 0.2175, 0.1927, 0.419, 0, 0.1074, 0.0395, 0, 0.3205, 0, 0.2963, 0.0425, 0, 0]
    ],
    [
      [0.3853, 0.5658, 0.0293, 0.2681, 0.0235, 0.1825, 0.5569, 0.2038, 0.2166, 0.1508, 0.0794, 0.3143, 1.8858, 1.1506, 0.2353, 0.8262, 1.1834, 1.3689, 1.2117, 0.371, 0.5559, 1.299, 0.4348, 0.5209, 1.094, 0.209, 0.2129, 0.5145, 0.0997, 0.4191, 1.3872, 0.4279, 1.2433, 0.1602],
      [13.7073, 17.3417, 2.039, 10.7735, 2.4025, 10.5021, 28.2346, 19.1096, 14.4099, 18.0804, 5.1032, 20.1882, 63.2127, 53.2249, 10.6521, 35.3327, 28.8, 87.9837, 53.0107, 17.0307, 24.0825, 57.247, 37.0717, 29.6219, 44.8261, 7.592, 14.4466, 16.8575, 2.7282, 36.1674, 55.4556, 18.3728, 44.4334, 11.1376],
      [73.1419, 77.6393, 12.6, 44.2908, 9.2069, 38.9873, 101.9533, 72.5071, 64.2458, 67.4268, 32.6599, 67.3686, 250.1798, 247.2526, 47.058, 120.3799, 139.2375, 345.5099, 218.9876, 75.5782, 110.6269, 263.6212, 158.5934, 140.4046, 236.0998, 41.1832, 72.362, 76.6664, 21.5459, 81.6041, 217.8218, 60.5128, 163.2154, 22.5911],
      [1.4872, 2.2214, 0.2776, 1.4585, 0.3422, 1.1312, 2.997, 1.8295, 1.8914, 2.1585, 0.9832, 1.9221, 5.9583, 5.4745, 0.9372, 3.9929, 4.1194, 7.9827, 5.2334, 1.7048, 2.379, 5.9872, 4.4089, 3.9188, 4.4216, 0.8764, 1.6649, 1.8377, 0.5591, 2.3493, 6.5694, 1.3763, 4.2404, 1.0506],
      [0.2784, 0.2318, 0.0541, 0.2091, 0.0249, 0.197, 0.2582, 0.35, 0.2363, 0.1835, 0.1743, 0.2068, 0.7633, 0.8975, 0.1174, 0.4683, 0.6596, 1.1548, 0.5566, 0.3153, 0.3557, 0.8456, 0.4913, 0.5338, 0.5586, 0.1395, 0.3136, 0.1239, 0.0672, 0.4601, 0.766, 0.3101, 0.8675, 0.0604]
    ],
    [
      [28.0686, 46.7105, 1.9873, 5.3952, 1.6653, 8.5713, 17.0525, 19.4089, 10.6974, 6.2657, 6.5623, 20.51, 38.2887, 61.7791, 10.767, 29.2989, 31.7258, 43.8652, 52.443, 22.0516, 41.2736, 58.289, 16.5767, 27.2664, 32.7501, 9.3816, 7.1193, 15.6926, 7.2729, 7.9141, 105.3585, 13.8115, 70.1128, 11.1945],
      [0.2219, 0.3195, 0.0261, 0.0502, 0.0324, 0.1091, 0.1972, 0.3625, 0.1531, 0.1315, 0.0814, 0.2919, 0.266, 0.6531, 0.1088, 0.2827, 0.1688, 0.618, 0.5224, 0.2333, 0.4119, 0.5872, 0.2814, 0.3371, 0.317, 0.0767, 0.0954, 0.1104, 0.0341, 0.1486, 0.9623, 0.1305, 0.5746, 0.1629],
      [11.6038, 13.7224, 1.5923, 1.9822, 0.9737, 3.8982, 6.8906, 13.2236, 6.5884, 4.7225, 5.227, 9.5648, 10.1151, 29.3709, 4.5998, 9.3779, 8.038, 23.4673, 20.7713, 9.9256, 18.1531, 26.1307, 11.602, 15.5014, 16.1507, 4.1209, 4.6319, 4.7653, 3.3028, 3.3267, 36.3052, 4.209, 20.0525, 3.5384],
      [9.0399, 15.1874, 1.3843, 2.5589, 1.316, 4.3921, 7.8325, 12.9106, 7.5256, 5.8608, 6.088, 10.5898, 9.2841, 25.0403, 3.5073, 11.9869, 9.0094, 20.9338, 19.1837, 8.7283, 15.0749, 22.8692, 12.4869, 16.8089, 10.7235, 3.4005, 4.1233, 4.4189, 3.3741, 3.5697, 42.1852, 3.8169, 20.1106, 6.0909],
      [0.0657, 0.0601, 0.01, 0.0136, 0.0127, 0.0294, 0.0273, 0.0944, 0.0355, 0.0196, 0.0414, 0.0434, 0.0461, 0.1567, 0.0171, 0.0536, 0.058, 0.1156, 0.0795, 0.0613, 0.0866, 0.1238, 0.0529, 0.0861, 0.0586, 0.0203, 0.03, 0.0128, 0.0161, 0.0409, 0.1888, 0.0321, 0.1496, 0.0133]
    ],
    [
      [6.5623, 8.8224, 0.5574, 3.2659, 0.1339, 1.6422, 8.2234, 2.9998, 3.5207, 1.4311, 0.7122, 3.0129, 13.4397, 12.8174, 1.4063, 10.9137, 12.6477, 11.2915, 10.0218, 4.6712, 6.3796, 12.6379, 4.8491, 4.3036, 7.5757, 3.2797, 2.1676, 4.9136, 1.2883, 2.9353, 14.5444, 2.8425, 18.2316, 3.0555],
      [3.464, 3.9253, 0.5388, 2.0409, 0.1715, 1.402, 6.2586, 3.6636, 3.3176, 1.99, 0.6171, 2.8772, 6.0804, 8.8422, 0.9533, 6.9571, 4.502, 10.3733, 6.4869, 3.2374, 4.1408, 8.2934, 5.3714, 3.4988, 4.8029, 1.8561, 1.954, 2.2625, 0.5296, 3.8106, 8.5896, 1.839, 9.5744, 3.2998],
      [8.5451, 8.1323, 1.529, 3.8769, 0.3031, 2.4075, 10.4577, 6.4328, 6.8428, 3.4353, 1.8205, 4.4397, 11.1424, 19.0075, 1.9494, 10.9649, 10.0933, 18.8507, 12.4056, 6.6443, 8.8021, 17.6755, 10.6372, 7.6709, 11.714, 4.6442, 4.522, 4.7644, 1.9157, 3.9809, 15.618, 2.7997, 16.2824, 3.098],
      [4.702, 6.3564, 0.9343, 3.5298, 0.2789, 1.9138, 8.3958, 4.4349, 5.5201, 3.0082, 1.4956, 3.4688, 7.2261, 11.4489, 1.0478, 9.8992, 7.9864, 11.8799, 8.0953, 4.1225, 5.1599, 10.9299, 8.0866, 5.875, 5.4939, 2.7027, 2.8407, 3.1192, 1.3793, 2.9954, 12.8161, 1.7903, 11.5391, 3.762],
      [16.7266, 12.7636, 3.4405, 9.2865, 4.1127, 6.6344, 15.6645, 16.4689, 12.7988, 5.1353, 5.3546, 7.2014, 18.1114, 34.8839, 2.6431, 21.2651, 35.7706, 32.6047, 17.9904, 14.3246, 14.5175, 29.4632, 17.0557, 14.6517, 15.4135, 7.5174, 10.5157, 5.9403, 2.8872, 19.2778, 28.4319, 7.7286, 49.3725, 4.7848]
    ]
  ],
  "V_est": [
    [2.57, 118.3393, 250.2172, 372.1491, 516.7244],
    [152.9885, 2809.9611, 6407.9144, 913.3613, 610.7747],
    [53.4282, 33.9379, 3227.9567, 13093.0989, 3.5783],
    [19.7877, 911.1797, 3773.06, 95.7423, 13.2303],
    [887.1279, 9.0601, 367.4461, 361.4131, 1.9529],
    [207.0977, 137.522, 263.4056, 184.2353, 520.7394]
  ],
  "p_est": [
    [0.002, 0.0939, 0.1986, 0.2954, 0.4101],
    [0.014, 0.2579, 0.5882, 0.0838, 0.0561],
    [0.0033, 0.0021, 0.1967, 0.7978, 0.0002],
    [0.0041, 0.1893, 0.7839, 0.0199, 0.0027],
    [0.5453, 0.0056, 0.2258, 0.2221, 0.0012],
    [0.1577, 0.1047, 0.2006, 0.1403, 0.3966]
  ],
  "EI_Z": {},
  "EI_V": 15.4653,
  "MAE_Z": {},
  "MAE_V": 374.4666,
  "MAE_p": 0.0796,
  "runtime": 0.022
}
