{
  "Z_true": {},
  "V_true": [
    [117, 387, 1469, 409, 904, 20],
    [50, 584, 83, 93, 158, 12],
    [232, 436, 747, 651, 5254, 95],
    [44, 127, 117, 1573, 360, 36],
    [179, 187, 387, 1486, 418, 271],
    [173, 226, 303, 553, 1203, 161],
    [210, 49, 67, 126, 148, 115]
  ],
  "p_true": [
    [0.0354, 0.1171, 0.4443, 0.1237, 0.2734, 0.006],
    [0.051, 0.5959, 0.0847, 0.0949, 0.1612, 0.0122],
    [0.0313, 0.0588, 0.1007, 0.0878, 0.7086, 0.0128],
    [0.0195, 0.0563, 0.0518, 0.6969, 0.1595, 0.016],
    [0.0611, 0.0639, 0.1322, 0.5075, 0.1428, 0.0926],
    [0.0661, 0.0863, 0.1157, 0.2111, 0.4593, 0.0615],
    [0.2937, 0.0685, 0.0937, 0.1762, 0.207, 0.1608]
  ],
  "Z_est": {},
  "V_est": [
    [0, 543.5338, 1448.7319, 404.485, 909.2493, 0],
    [5.0726, 695.4982, 175.3498, 0, 104.0794, 0],
    [406.1377, 340.9149, 672.7284, 670.2062, 5325.0127, 0],
    [0, 310.6096, 0, 1378.7115, 567.6789, 0],
    [0, 37.5255, 416.3068, 1741.4468, 368.8713, 363.8495],
    [296.3191, 0, 276.4439, 693.3764, 1170.1084, 182.7521],
    [297.4706, 67.9179, 183.4392, 2.774, 0, 163.3984]
  ],
  "p_est": [
    [0, 0.1644, 0.4382, 0.1223, 0.275, 0],
    [0.0052, 0.7097, 0.1789, 0, 0.1062, 0],
    [0.0548, 0.046, 0.0907, 0.0904, 0.7181, 0],
    [0, 0.1376, 0, 0.6109, 0.2515, 0],
    [0, 0.0128, 0.1422, 0.5948, 0.126, 0.1243],
    [0.1131, 0, 0.1056, 0.2647, 0.4468, 0.0698],
    [0.416, 0.095, 0.2566, 0.0039, 0, 0.2285]
  ],
  "EI_Z": {},
  "EI_V": 9.6714,
  "MAE_Z": {},
  "MAE_V": 93.1216,
  "MAE_p": 0.0516,
  "runtime": 2.4679
}
