{
  "X": [
    [41, 245, 345, 428, 11],
    [20, 240, 290, 228, 14],
    [8, 87, 91, 117, 2],
    [36, 174, 284, 372, 6],
    [15, 23, 76, 94, 6],
    [3, 18, 27, 34, 3],
    [1, 16, 16, 16, 0],
    [2, 76, 76, 42, 3],
    [2, 43, 97, 63, 1],
    [32, 329, 451, 476, 9],
    [17, 289, 359, 462, 9],
    [11, 79, 102, 240, 1],
    [12, 78, 101, 76, 0],
    [1, 13, 28, 13, 0],
    [9, 24, 61, 59, 1],
    [6, 15, 17, 131, 1],
    [7, 17, 18, 150, 1],
    [19, 102, 133, 286, 4],
    [21, 93, 91, 415, 3],
    [7, 6, 98, 21, 3],
    [10, 85, 128, 121, 2],
    [1, 7, 4, 9, 0],
    [5, 17, 57, 10, 3],
    [21, 85, 124, 207, 4],
    [42, 157, 196, 397, 4],
    [22, 94, 97, 276, 6],
    [8, 17, 45, 43, 0],
    [8, 41, 37, 114, 1],
    [13, 60, 62, 195, 4],
    [34, 158, 213, 378, 4],
    [13, 56, 56, 157, 5],
    [4, 32, 74, 20, 2],
    [26, 163, 143, 326, 11],
    [14, 87, 94, 86, 1],
    [16, 115, 180, 91, 3],
    [1, 4, 64, 7, 0],
    [0, 4, 28, 8, 1],
    [17, 51, 84, 159, 6],
    [27, 136, 147, 318, 4],
    [27, 224, 274, 456, 6],
    [31, 163, 215, 265, 4],
    [22, 131, 180, 235, 3],
    [34, 394, 598, 553, 7],
    [28, 130, 204, 269, 13],
    [14, 103, 131, 225, 3],
    [4, 52, 30, 11, 1],
    [7, 2, 20, 8, 5],
    [4, 2, 6, 12, 0],
    [4, 47, 66, 21, 1],
    [3, 8, 55, 12, 3],
    [7, 25, 44, 92, 3],
    [32, 79, 182, 283, 16],
    [15, 135, 211, 162, 6],
    [297, 2310, 3492, 4786, 119],
    [92, 162, 395, 471, 15],
    [150, 265, 614, 654, 23],
    [40, 35, 182, 183, 6]
  ],
  "W": [
    [61, 112, 219, 590, 62, 26],
    [42, 48, 144, 495, 38, 25],
    [25, 26, 55, 160, 32, 7],
    [39, 135, 174, 471, 34, 19],
    [6, 35, 46, 112, 9, 6],
    [5, 11, 22, 35, 9, 3],
    [3, 4, 8, 32, 2, 0],
    [20, 11, 27, 132, 9, 0],
    [18, 10, 28, 127, 20, 3],
    [87, 71, 263, 760, 98, 18],
    [82, 72, 272, 610, 76, 24],
    [17, 30, 142, 176, 49, 19],
    [16, 17, 47, 165, 18, 4],
    [2, 3, 6, 35, 8, 1],
    [8, 12, 37, 75, 17, 5],
    [6, 14, 97, 25, 15, 13],
    [10, 12, 122, 26, 16, 7],
    [32, 68, 152, 230, 45, 17],
    [31, 59, 296, 168, 52, 17],
    [4, 3, 17, 94, 14, 3],
    [25, 18, 74, 195, 27, 7],
    [3, 0, 4, 8, 5, 1],
    [7, 7, 6, 67, 4, 1],
    [20, 55, 114, 201, 34, 17],
    [45, 79, 236, 354, 60, 22],
    [32, 78, 150, 188, 41, 6],
    [3, 14, 18, 54, 15, 9],
    [18, 15, 75, 59, 25, 9],
    [16, 29, 135, 116, 25, 13],
    [49, 58, 204, 390, 66, 20],
    [24, 21, 111, 90, 29, 12],
    [5, 10, 10, 101, 5, 1],
    [63, 43, 205, 276, 53, 29],
    [23, 43, 34, 171, 10, 1],
    [23, 30, 45, 267, 27, 13],
    [1, 1, 3, 65, 6, 0],
    [2, 1, 6, 27, 4, 1],
    [17, 14, 100, 147, 32, 7],
    [37, 55, 209, 263, 53, 15],
    [56, 71, 291, 471, 88, 10],
    [38, 58, 167, 367, 35, 13],
    [45, 52, 152, 275, 35, 12],
    [81, 137, 280, 990, 79, 19],
    [38, 64, 152, 336, 49, 5],
    [26, 37, 137, 220, 42, 14],
    [9, 3, 7, 61, 13, 5],
    [0, 10, 2, 27, 3, 0],
    [1, 5, 9, 8, 1, 0],
    [13, 5, 8, 99, 8, 6],
    [1, 2, 6, 63, 7, 2],
    [9, 23, 51, 56, 25, 7],
    [32, 41, 183, 231, 75, 30],
    [37, 36, 97, 321, 32, 6],
    [811, 828, 3019, 5244, 847, 255],
    [52, 140, 308, 499, 82, 54],
    [64, 224, 418, 850, 94, 56],
    [18, 93, 75, 226, 15, 19]
  ],
  "method": "mvn_cdf",
  "mvncdf_method": "genz",
  "mvncdf_samples": 5000,
  "mvncdf_error": 1e-06,
  "cond_prob": [
    [
      [0.0016645192958, 0.56366069589, 0.054908918322, 0.30243628936, 0.077329577131],
      [0.25481662467, 0.017385340467, 0.035010703228, 0.69067238224, 0.0021149494015],
      [0.0001615728476, 0.020396690798, 0.009402469055, 0.96864627212, 0.0013929951807],
      [0.0013978192332, 0.32058192679, 0.55149464255, 0.12499721228, 0.0015283991471],
      [0.058875816146, 0.20826410514, 0.15142725946, 0.57526628071, 0.0061665385515],
      [0.301869383, 0.082575108118, 0.034611050157, 0.4095262037, 0.17141825502]
    ],
    [
      [0.00093551743869, 0.66775083437, 0.053088767189, 0.16288179028, 0.11534309072],
      [0.25098613315, 0.035791969252, 0.058895651928, 0.64885951276, 0.0054667329072],
      [0.00016273888242, 0.043200603806, 0.019131896002, 0.93666592741, 0.00083883389526],
      [0.0015205444379, 0.38044525974, 0.5528337435, 0.065200452318, 0],
      [0.044407736808, 0.330882058, 0.19649790087, 0.41594138772, 0.012270916598],
      [0.21799103927, 0.12486566835, 0.042746567753, 0.28215272069, 0.33224400395]
    ],
    [
      [0.00099627307322, 0.65390148672, 0.050645625208, 0.25686282644, 0.037593788562],
      [0.19409498096, 0.024999849911, 0.040266599134, 0.73935045517, 0.0012881148247],
      [0, 0.027171131636, 0.010014908364, 0.96191616171, 0.00089779829267],
      [0, 0.36969581337, 0.51794567293, 0.11188151853, 0.00047699517591],
      [0.037375353527, 0.26450272425, 0.15518535699, 0.53963628723, 0.0033002780033],
      [0.24751605075, 0.12751959706, 0.042695534368, 0.46864635066, 0.11362246716]
    ],
    [
      [0.0014704471051, 0.54537412095, 0.059582953642, 0.33441652017, 0.059155958136],
      [0.21511668041, 0.016068134395, 0.036311318211, 0.73095747875, 0.0015463882295],
      [1.304564573e-05, 0.017869492684, 0.0092435724079, 0.97179175094, 0.0010821383253],
      [0, 0.29600717055, 0.57145115882, 0.13133758296, 0.0012040876778],
      [0.049129898159, 0.19018911867, 0.15517032448, 0.60105746645, 0.00445319224],
      [0.27522180144, 0.08242695001, 0.038766758735, 0.4679355782, 0.13564891162]
    ],
    [
      [0.0016046324555, 0.16677656152, 0.030248612658, 0.5237175895, 0.27765260387],
      [0.34352340238, 0.0069262536295, 0.026076781291, 0.6234735627, 0],
      [0.00024118918708, 0.0092571811017, 0.020506345626, 0.96999528409, 0],
      [0.0061383898248, 0.18181965853, 0.64897412404, 0.16306782761, 0],
      [0.16051638167, 0.10004795107, 0.13612344668, 0.60331222058, 0],
      [0.13730188732, 0.011143017998, 0.0087193612709, 0.12048833728, 0.72234739613]
    ],
    [
      [0.0005631707854, 0.59804876921, 0.08814825888, 0.12689971031, 0.18634009082],
      [0.20238078269, 0.048455194543, 0.085651716108, 0.66351230665, 0],
      [0.00012145714923, 0.048942395349, 0.022671967703, 0.9282641798, 0],
      [0.00036975717198, 0.30064645225, 0.6466949684, 0.052288822173, 0],
      [0.05613314121, 0.29997441873, 0.26587560531, 0.37801683475, 0],
      [0.083394569078, 0.059206906346, 0.030367398991, 0.13759794362, 0.68943318197]
    ],
    [
      [0.00068711310339, 0.71297183679, 0.044363949212, 0.24197710089, 0],
      [0.1672966137, 0.02622487921, 0.035474281141, 0.77100422595, 0],
      [8.1752647777e-05, 0.027124646347, 0.0083852086596, 0.96440839235, 0],
      [0.0084130468044, 0.40515061796, 0.48065611683, 0.10578021841, 0],
      [0.029440343482, 0.28718401371, 0.13846681, 0.5449088328, 0],
      [0.25370685874, 0.15430092823, 0.043122150679, 0.54702229324, 0.0018477691089]
    ],
    [
      [0, 0.72610222814, 0.049078349957, 0.11600197651, 0.10881744539],
      [0.16404035894, 0.056395860484, 0.079731124602, 0.69269394172, 0.0071387142541],
      [0, 0.062028293437, 0.02005619479, 0.91341611679, 0.0044993949878],
      [0, 0.42026718787, 0.54328245194, 0.032587787395, 0.0038625727939],
      [0.021728450179, 0.41195202782, 0.20962107939, 0.3440560024, 0.012642440208],
      [0.1131064282, 0.16353273027, 0.0478732825, 0.2460804021, 0.42940715692]
    ],
    [
      [0.000754311496, 0.57312100279, 0.10096054651, 0.2926136689, 0.032550470306],
      [0.13466365316, 0.019925214263, 0.073077522044, 0.77131702974, 0.0010165807841],
      [0, 0.020716431988, 0.017380343045, 0.96123564389, 0.0006675810737],
      [0, 0.21789618649, 0.69633641632, 0.085413863337, 0.0003535338568],
      [0.0040569710846, 0.19520137668, 0.26404364139, 0.53429029901, 0.0024077118318],
      [0.18621547991, 0.10922216475, 0.08322921218, 0.52393966977, 0.09739347338]
    ],
    [
      [0.0016925326865, 0.59467946488, 0.057816585331, 0.28753773851, 0.058273678594],
      [0.26698150074, 0.018869903423, 0.037908823037, 0.67459766143, 0.0016421113612],
      [0.0001722991638, 0.022597842634, 0.010392228312, 0.96573346285, 0.0011041670432],
      [0.0014334881721, 0.32444663021, 0.55799768148, 0.11530470631, 0.00081749382731],
      [0.060459455018, 0.22191679653, 0.16097915014, 0.55194200906, 0.0047025892589],
      [0.32429282337, 0.091811432189, 0.038393330926, 0.40988824311, 0.1356141704]
    ],
    [
      [0, 0.62121361007, 0.056189301394, 0.27052937809, 0.052067710439],
      [0.1627917917, 0.023794651241, 0.04449234796, 0.76717660043, 0.0017446086606],
      [0, 0.024992883977, 0.010697294207, 0.96318800439, 0.0011218174303],
      [0, 0.34096806198, 0.54728825454, 0.11110320725, 0.00064047622753],
      [0.0050328767296, 0.24592348918, 0.17522665196, 0.56942767373, 0.0043893084052],
      [0.20402051524, 0.11952090246, 0.046512641182, 0.48096995604, 0.14897598508]
    ],
    [
      [0.0011537097082, 0.54084248028, 0.050621611871, 0.38023978602, 0.02714241212],
      [0.16151988949, 0.015094402534, 0.029998555005, 0.79338715297, 0],
      [0, 0.015538974408, 0.0073914168529, 0.97706960874, 0],
      [0, 0.31641062161, 0.52465321449, 0.15893616391, 0],
      [0.033927730318, 0.18485823678, 0.12607079362, 0.65514323928, 0],
      [0.23538586657, 0.12631517831, 0.035445269366, 0.57450742292, 0.02834626284]
    ],
    [
      [0.0028038315389, 0.71504070336, 0.083611714715, 0.19854375039, 0],
      [0.47137122435, 0.022103826537, 0.041659801862, 0.46486514725, 0],
      [0, 0.037477529492, 0.016880973684, 0.94564149682, 0],
      [0, 0.35680150055, 0.5705545506, 0.072643948855, 0],
      [0.097025810497, 0.28504157763, 0.20563004668, 0.4123025652, 0],
      [0.54884082311, 0.10478595544, 0.079437120166, 0.26693610129, 0]
    ],
    [
      [0.004372845055, 0.7005345537, 0.10798007773, 0.18711252351, 0],
      [0.1535891922, 0.031634850233, 0.10513297914, 0.70964297843, 0],
      [0.00023032178622, 0.034465653731, 0.026145282727, 0.93915874176, 0],
      [0.0034373845189, 0.25660910212, 0.70376966691, 0.036183846448, 0],
      [0.0221881155, 0.26767441855, 0.32000619534, 0.3901312706, 0],
      [0.23129142042, 0.17451849693, 0.11978130603, 0.47440877663, 0]
    ],
    [
      [0.0030796674039, 0.56849599141, 0.10928817328, 0.27788764723, 0.041248520677],
      [0.41242861086, 0.013798355366, 0.05550944957, 0.51735346676, 0.00091011743854],
      [0, 0.021227226962, 0.019531452345, 0.95814643379, 0.0010948869076],
      [0, 0.20160009675, 0.71904814613, 0.076738258231, 0.0026134988889],
      [0.090501582374, 0.17950252995, 0.26663843963, 0.46053546373, 0.0028219843222],
      [0.49753848601, 0.065898828268, 0.055090609732, 0.30655338407, 0.074918691919]
    ],
    [
      [0.0012384918549, 0.49900436746, 0.051002130653, 0.41776476077, 0.030990249258],
      [0.15989012223, 0.01235111052, 0.027374180023, 0.80038458723, 0],
      [8.7279201458e-05, 0.013886560121, 0.0065273167974, 0.97949884388, 0],
      [0.00083463598383, 0.28572225708, 0.53795412635, 0.17548898058, 0],
      [0.03771452442, 0.1564832935, 0.12023817211, 0.68556400997, 0],
      [0.24300442225, 0.076596622051, 0.03270563277, 0.58507343797, 0.062619884958]
    ],
    [
      [0.0021186007911, 0.50272984033, 0.052937675725, 0.40436354255, 0.037850340598],
      [0.25702014807, 0.011407593645, 0.025300126651, 0.70548763566, 0.00078449597205],
      [0.002732745974, 0.012943883807, 0.0060218445875, 0.97790795715, 0.00039356848557],
      [0.0014037604486, 0.28279224584, 0.54827117385, 0.16711682706, 0.00041599279952],
      [0.064245895861, 0.15418209842, 0.12349247438, 0.65553500692, 0.0025445244228],
      [0.35667787157, 0.062449240268, 0.028775224724, 0.47887779435, 0.07321986908]
    ],
    [
      [0.0013643326308, 0.52769590641, 0.050739335429, 0.37170550372, 0.048494921807],
      [0.1854613082, 0.014605467877, 0.031022890075, 0.76650272323, 0.0024076106096],
      [0, 0.015559743654, 0.0072043461498, 0.97652097084, 0.00071493935942],
      [0, 0.31482289916, 0.52983420807, 0.15478585942, 0.00055703334812],
      [0.044138333946, 0.17766434226, 0.12777052975, 0.64689292895, 0.0035338650971],
      [0.25639690414, 0.079489172617, 0.032951907728, 0.5200659803, 0.11109603522]
    ],
    [
      [0.001584414968, 0.54612279134, 0.043001081295, 0.36804117728, 0.041250535119],
      [0.21539644651, 0.015823489289, 0.024205520026, 0.74457454418, 0],
      [0.00087033244358, 0.020732290814, 0.0033324441414, 0.9750649326, 0],
      [0.0016877065782, 0.34490445235, 0.48261967004, 0.17078817103, 0],
      [0.052183984824, 0.18621044792, 0.10972804367, 0.64903406644, 0.0028434571421],
      [0.29339838076, 0.080762248954, 0.027439676145, 0.50584830356, 0.092551390584]
    ],
    [
      [0.0067732947507, 0.26884727051, 0.15569664984, 0.12129681117, 0.44738597373],
      [0.78588708783, 0.0045170252585, 0.049623939172, 0.15427681106, 0.0056951366823],
      [0, 0.021798418423, 0.07083099773, 0.90737058385, 0],
      [0, 0.033303956427, 0.9533891039, 0.013306939676, 0],
      [0.2198390365, 0.098149383098, 0.45170431301, 0.2303072674, 0],
      [0.51249968218, 0.01194115383, 0.027259491094, 0.050509441211, 0.39779023168]
    ],
    [
      [0.0016874290863, 0.63729102198, 0.071510950663, 0.24884621142, 0.040664386856],
      [0.29591467196, 0.021529991511, 0.050172964754, 0.63115191934, 0.0012304524323],
      [0.00019586066936, 0.027252748796, 0.014534049817, 0.95714584887, 0.00087149184305],
      [0.0021410076935, 0.30463460894, 0.60712178002, 0.085656278783, 0.00044632455907],
      [0.062044405033, 0.24177143739, 0.20333872175, 0.48950397975, 0.0033414560783],
      [0.36059443597, 0.10455766276, 0.050671512829, 0.38139079054, 0.1027855979]
    ],
    [
      [0.0068397892023, 0.69813307802, 0.033062351706, 0.26196478107, 0],
      [0.31237476072, 0.018803701886, 0.020437672883, 0.64814602486, 0.00023783965674],
      [0.00025284892339, 0.02173509732, 0.0054306814062, 0.97258137235, 0],
      [0.026263192076, 0.42922419909, 0.4201148885, 0.12439772033, 0],
      [0.05003118877, 0.25915561965, 0.099611357476, 0.59120183411, 0],
      [0.51820775624, 0.089088685714, 0.020114323857, 0.37258923419, 0]
    ],
    [
      [0.0017892414522, 0.29035669599, 0.38174362456, 0.078468593486, 0.24764184452],
      [0.59682498538, 0.014094828124, 0.070021381076, 0.30121256833, 0.017846237085],
      [0.00060548912701, 0.034770663266, 0.039477388975, 0.90096256775, 0.024183890885],
      [0.0023218562766, 0.20698335077, 0.77898955417, 0.011705238783, 0],
      [0.12244805195, 0.19384416362, 0.34778078006, 0.27716364553, 0.058763358843],
      [0.16071089908, 0.016954195435, 0.017357377173, 0.04355088021, 0.7614266481]
    ],
    [
      [0.001626982044, 0.57027609397, 0.058991298897, 0.31338397259, 0.0557216525],
      [0.24479997879, 0.017033280251, 0.036558674371, 0.70012440512, 0.0014836614683],
      [0.000152219754, 0.01971218006, 0.0096831921843, 0.96948979854, 0.0009626094633],
      [0.0017429642169, 0.30863561513, 0.565657588, 0.12216740895, 0.0017964237057],
      [0.055898252494, 0.20341843136, 0.15756545837, 0.57882346776, 0.0042943900184],
      [0.30795482832, 0.085792580772, 0.038303661826, 0.43929377232, 0.12865515676]
    ],
    [
      [0.0028731096814, 0.539673377, 0.048739332926, 0.36256700234, 0.046147178058],
      [0.33523763963, 0.013486360393, 0.023595196925, 0.62768080305, 0],
      [0.00023423103419, 0.017068157146, 0.007001749927, 0.97569586189, 0],
      [0.0014355871781, 0.32635559996, 0.51582081125, 0.15638800161, 0],
      [0.09019127464, 0.17794966471, 0.11899352733, 0.61116336697, 0.0017021663613],
      [0.42781743956, 0.064287645886, 0.025005347983, 0.40010561177, 0.082783954805]
    ],
    [
      [0.0015921428119, 0.50408337966, 0.038920866899, 0.34876562306, 0.10663798758],
      [0.225466408, 0.014230914266, 0.022787905957, 0.73488306488, 0.0026317069036],
      [0.00013497846969, 0.015814818814, 0.0057964627783, 0.97661174872, 0.0016419912211],
      [0.0026511345817, 0.3539495621, 0.47166778657, 0.16911962533, 0.0026118914236],
      [0.055212400416, 0.18155922867, 0.10489373097, 0.65016346325, 0.0081711766821],
      [0.26338385289, 0.066775277679, 0.022236555479, 0.42927785656, 0.21832645739]
    ],
    [
      [0.0016499770572, 0.58023550058, 0.11054631103, 0.30756821133, 0],
      [0.25841857892, 0.016849435921, 0.067644087364, 0.6570878978, 0],
      [0.00016414401784, 0.020467842552, 0.018785734758, 0.96058227867, 0],
      [0.00069113149981, 0.20464217859, 0.71591327538, 0.078753414535, 0],
      [0.052259513531, 0.18578758929, 0.26949992854, 0.49245296864, 0],
      [0.39478017419, 0.090832082919, 0.075709424419, 0.43867831847, 0]
    ],
    [
      [0.0077614721659, 0.63278980024, 0.051575963724, 0.29148054217, 0.016392221698],
      [0.23525440427, 0.019976983641, 0.034458856571, 0.70945472809, 0.00085502742735],
      [0.0012720676827, 0.022721111898, 0.0083875374432, 0.96761928298, 0],
      [0.0012644504867, 0.35302077847, 0.5247772779, 0.12093749314, 0],
      [0.05368572621, 0.23301910407, 0.14490316648, 0.56839200325, 0],
      [0.3132585141, 0.10581576857, 0.037916215367, 0.46610787996, 0.076901622003]
    ],
    [
      [0.0016592030922, 0.56213131119, 0.043045105688, 0.32277171273, 0.070392667308],
      [0.24714318091, 0.016382844382, 0.026109160127, 0.70853949787, 0.0018253167081],
      [0.0018543178136, 0.020990860923, 0.0038777788274, 0.96925508367, 0.0040219587672],
      [0.0012397373528, 0.35795696771, 0.48911288526, 0.15082410736, 0.00086630232849],
      [0.058640734102, 0.20513559135, 0.11788284614, 0.61281498254, 0.0055258458677],
      [0.30354920875, 0.080433251651, 0.026649744645, 0.43250768048, 0.15686011447]
    ],
    [
      [0.0030250315519, 0.48792005982, 0.046894451283, 0.41524064334, 0.046919814009],
      [0.31934214976, 0.010289620879, 0.020452235854, 0.64903503177, 0.00088096174217],
      [0.0002163108175, 0.012995538288, 0.0065372972509, 0.98025085364, 0],
      [0.0023689919801, 0.30755031753, 0.5145856673, 0.17549502319, 0],
      [0.090378853681, 0.14876706241, 0.10676867795, 0.65275675673, 0.0013286492284],
      [0.4198445073, 0.05403896453, 0.022359528799, 0.4256498752, 0.078107124172]
    ],
    [
      [0.0018933703546, 0.59595510724, 0.051659865922, 0.26850221044, 0.08198944605],
      [0.30799472096, 0.01873909602, 0.033851938919, 0.63712019033, 0.0022940537776],
      [0.0013406731307, 0.022241719497, 0.0085700276568, 0.96305871791, 0.0047888618011],
      [0.001291744098, 0.34590965614, 0.53731123877, 0.1145671361, 0.00092022488341],
      [0.071147865966, 0.23069454171, 0.15033879218, 0.54099811772, 0.0068206824187],
      [0.34652584767, 0.084392898586, 0.031680247315, 0.3564098001, 0.18099120633]
    ],
    [
      [0.0010093323463, 0.52393654053, 0.097631690588, 0.13049671267, 0.24692572387],
      [0.31722203827, 0.028544965146, 0.099546654939, 0.55468634164, 0],
      [0.00021275887579, 0.039504429105, 0.036093971114, 0.9241888409, 0],
      [0.0042289988431, 0.2702977922, 0.69903324087, 0.026439968085, 0],
      [0.051126774062, 0.26934535168, 0.30374991113, 0.35265340921, 0.023124553913],
      [0.13784261332, 0.053019583887, 0.034328403137, 0.12506078856, 0.6497486111]
    ],
    [
      [0.0017991725215, 0.59196060584, 0.041375502182, 0.28936314981, 0.075501569645],
      [0.28148650578, 0.018475346486, 0.026738784339, 0.6712020072, 0.0020973561902],
      [0.00018225220417, 0.022293395282, 0.0073854761474, 0.96871968602, 0.0014191903426],
      [0.0024143750232, 0.38294244971, 0.47330300991, 0.13888834941, 0.0024518159409],
      [0.066887336958, 0.22912486983, 0.11968351015, 0.57798480186, 0.0063194811968],
      [0.32875773502, 0.08641936824, 0.026024008699, 0.39153519587, 0.16726369217]
    ],
    [
      [0.0014782310973, 0.69449290243, 0.051359458856, 0.22015287517, 0.032516532439],
      [0.29320063474, 0.026574462655, 0.040924792447, 0.63818599777, 0.0011141123976],
      [0.00019375310491, 0.033189746228, 0.011695428149, 0.9541396307, 0.00078144181317],
      [0.0023029842662, 0.38424303539, 0.52046084425, 0.092673484488, 0.00031965160529],
      [0.060446137787, 0.29213532717, 0.16213584829, 0.48231341552, 0.0029692712281],
      [0.35351409818, 0.12859765515, 0.041158963818, 0.38343852048, 0.093290762363]
    ],
    [
      [0.0013790325137, 0.70360947289, 0.07708134204, 0.17720251049, 0.040727642069],
      [0.31125283993, 0.031015209586, 0.070521256736, 0.58560000909, 0.001610684654],
      [0.0002199522104, 0.041381139479, 0.021533250456, 0.93566332673, 0.001202331129],
      [0.0021604272304, 0.32249313366, 0.62782930355, 0.046593266053, 0.00092386950297],
      [0.056860139092, 0.30071817924, 0.24671211875, 0.39193690318, 0.0037726597384],
      [0.3468262599, 0.13840900254, 0.06544953117, 0.32529183549, 0.1240233709]
    ],
    [
      [0.0016698430836, 0.50785493215, 0.243416299, 0.24705892577, 0],
      [0.34481571877, 0.013300312885, 0.13419099665, 0.50769297169, 0],
      [0.00019411142069, 0.019840461834, 0.045795003163, 0.93417042358, 0],
      [0.0063343533997, 0.040370081384, 0.93193349964, 0.021362065572, 0],
      [0.040199855484, 0.13254467991, 0.48488836967, 0.34236709493, 0],
      [0.45424143614, 0.06894595893, 0.14507410555, 0.33173849938, 6.6311793372e-16]
    ],
    [
      [0, 0.50880108881, 0.21915992321, 0.16358326189, 0.1084557261],
      [0, 0.0248723885, 0.23069908877, 0.68857777317, 0.05585074956],
      [0, 0.02693919975, 0.056869158864, 0.91387241951, 0.0023192218716],
      [0, 0.077283503075, 0.91252538538, 0.0067306455603, 0.0034604659883],
      [0, 0.16171143454, 0.55215916177, 0.28049125942, 0.0056381442684],
      [0, 0.062389914201, 0.14294405937, 0.19732871816, 0.59733730826]
    ],
    [
      [0.0072534190286, 0.35965254229, 0.040097913679, 0.35435956751, 0.2386365575],
      [0.58297067823, 0.0053848856873, 0.012449330231, 0.39615186583, 0.0030432400146],
      [0, 0.011088724086, 0.0058698952643, 0.98304138065, 0],
      [0, 0.26729052604, 0.5305311588, 0.20217831516, 0],
      [0.14898715385, 0.1332720049, 0.14059734326, 0.56482675595, 0.012316742044],
      [0.56393049399, 0.02074778407, 0.0099799986147, 0.19013637805, 0.21520534528]
    ],
    [
      [0.0020520602047, 0.60824050059, 0.048693924948, 0.2925592661, 0.048454248151],
      [0.30581180792, 0.018011339814, 0.029876970468, 0.64502075531, 0.0012791264811],
      [0.0002054644348, 0.022590886884, 0.0085773448987, 0.96772656712, 0.0008997366606],
      [0.0019924126885, 0.35921721769, 0.51001037422, 0.12828187339, 0.00049812200906],
      [0.073356630152, 0.22598386068, 0.13528409428, 0.56147815741, 0.0038972574843],
      [0.37663842231, 0.088780637451, 0.030642726656, 0.39652253593, 0.10741567766]
    ],
    [
      [0.0015668696718, 0.60186141868, 0.053076767516, 0.2860291395, 0.057465804633],
      [0.25392540268, 0.019567550994, 0.03569025121, 0.68915997215, 0.0016568229753],
      [0.0001603811219, 0.022946756074, 0.0095803909453, 0.96622144761, 0.001091024248],
      [0.0015360373562, 0.34217686595, 0.53524955638, 0.11987165191, 0.0011658883999],
      [0.057016863288, 0.22849633399, 0.1504588156, 0.55931828401, 0.0047097031042],
      [0.30959232378, 0.095597716255, 0.036288258856, 0.42020118674, 0.13832051436]
    ],
    [
      [0.0025764456903, 0.62633461437, 0.057341616428, 0.26277945554, 0.050967867971],
      [0.37740597778, 0.018192214438, 0.034486386688, 0.56786655869, 0.0020488623972],
      [0, 0.025756386821, 0.011175958736, 0.96173619494, 0.0013314595028],
      [0, 0.33930237295, 0.5528599602, 0.10727372235, 0.00056394448899],
      [0.092876555336, 0.23455381785, 0.16049005593, 0.50795382739, 0.0041257434962],
      [0.44322068581, 0.085343470651, 0.033666591255, 0.33233351296, 0.10543573933]
    ],
    [
      [0.0016384618858, 0.64548917208, 0.07101036715, 0.24462931231, 0.037232686569],
      [0.28890287271, 0.022547208111, 0.051343704837, 0.63720621434, 0],
      [0.00019387080933, 0.029025159042, 0.014504792036, 0.95627617811, 0],
      [0.0019180668173, 0.31396065107, 0.5975606604, 0.08656062171, 0],
      [0.060797191452, 0.24889927283, 0.19974622807, 0.4872947273, 0.0032625803473],
      [0.35154011631, 0.10983788884, 0.050802737063, 0.38695769176, 0.10086156602]
    ],
    [
      [0.0011156896016, 0.61033519502, 0.062416913864, 0.27999530335, 0.046136898168],
      [0.18968578379, 0.021683904633, 0.045811362382, 0.74136194633, 0.0014570028738],
      [0, 0.023784584465, 0.011502755008, 0.96381492376, 0.00089773676416],
      [0, 0.31769594884, 0.57429454775, 0.10788409563, 0.00012540777209],
      [0.040509916618, 0.23187414401, 0.17688817221, 0.54693271568, 0.0037950514795],
      [0.24854701847, 0.11028546772, 0.048501792108, 0.46698294279, 0.12568277892]
    ],
    [
      [0.0018272209418, 0.37174022476, 0.040275407459, 0.31514680451, 0.27101034233],
      [0.3386191522, 0.013685378055, 0.037548645642, 0.6101468241, 0],
      [0.00024077518795, 0.022534012133, 0.013572793721, 0.96365241896, 0],
      [0.0017066664797, 0.30116097341, 0.5678131502, 0.12931920991, 0],
      [0.093330379849, 0.20831556713, 0.14564064605, 0.55271340697, 0],
      [0.21514269702, 0.035057512931, 0.016349285191, 0.19312910656, 0.5403213983]
    ],
    [
      [0.0013108043255, 0.59956068997, 0.055520282015, 0.30103073434, 0.042577489341],
      [0.21384756234, 0.019414159929, 0.037286760353, 0.72821919249, 0.0012323248904],
      [0.00012747050806, 0.021570532112, 0.0094818909477, 0.9680523348, 0.00076777163266],
      [0.00085721935569, 0.33194223882, 0.5448584936, 0.12204940532, 0.0002926429071],
      [0.046592983704, 0.22139428419, 0.15344800992, 0.57515671904, 0.003408003146],
      [0.27790016054, 0.10086305484, 0.040297033263, 0.47131925344, 0.10962049792]
    ],
    [
      [0.00061005609056, 0.89287099519, 0.029974398988, 0.059371920082, 0.017172629651],
      [0.37020607795, 0.08907975223, 0.063747931972, 0.475300261, 0.0016659768465],
      [0.00025664484179, 0.13100877296, 0.021439389732, 0.84595243662, 0.0013427558479],
      [0.0012669673213, 0.54878895063, 0.44554877588, 0, 0.0043953061681],
      [0.090916226078, 0.59401109487, 0.15203222662, 0.16046723467, 0.0025732177631],
      [0.32457976036, 0.31631803085, 0.046803322046, 0.20640216585, 0.1058967209]
    ],
    [
      [0.0017703944825, 0.57850423314, 0.064608909059, 0.27990856438, 0.07520789894],
      [0.2, 0, 0, 0.8, 0],
      [1.0279842821e-17, 0, 1.6653345369e-16, 3.8275729876e-29, 1],
      [0.18518518519, 0.074074074074, 0.74074074074, 1.6802404698e-29, 0],
      [1.12689242e-32, 2.108505809e-33, 4.6453172722e-33, 1.4334893881e-32, 1],
      [0.32194940732, 0.086169295079, 0.041337020463, 0.38347526028, 0.16706901686]
    ],
    [
      [0.017799316781, 0.47576755189, 0.088606708007, 0.41782642332, 0],
      [0.71836106215, 0.0016128263416, 0.0068842655071, 0.27314184601, 0],
      [0, 0.0078498850595, 0.0056132942004, 0.98653682074, 0],
      [0, 0.17167445713, 0.71410330563, 0.11422223724, 0],
      [0.39039537249, 0.072123693811, 0.11362587163, 0.42385506207, 0],
      [0.32194940732, 0.086169295079, 0.041337020463, 0.38347526028, 0.16706901686]
    ],
    [
      [0.0010011809104, 0.73720332009, 0.076195580204, 0.15896265701, 0.026637261781],
      [0.27692410799, 0.03631444983, 0.078699778765, 0.60683965837, 0.0012220050396],
      [0.00017488600139, 0.046207226593, 0.022907355452, 0.92984993637, 0.00086059558545],
      [0.003377606189, 0.33586545963, 0.62565859996, 0.03473335806, 0.00036497615858],
      [0.043778884486, 0.32723891829, 0.25554097745, 0.37083430808, 0.0026069116948],
      [0.31939182193, 0.16608915453, 0.07469508401, 0.34253512725, 0.097288812285]
    ],
    [
      [0.00021720722368, 0.016724620198, 0.005325443595, 0.009125099943, 0.96860762904],
      [0.57185916012, 0.006161310439, 0.040822048437, 0.3574554856, 0.023701995402],
      [0.00050929659373, 0.015691177861, 0.023808979746, 0.9599905458, 0],
      [0.0017758987114, 0.11586229359, 0.82078293447, 0.061578873232, 0],
      [0.24704115479, 0.082417055699, 0.43715421969, 0.23338756983, 0],
      [0.0059194953097, 0.00028090291691, 0.00038608585828, 0.0014193258377, 0.99199419008]
    ],
    [
      [0.0011978263116, 0.52720766919, 0.075827251891, 0.30554444118, 0.090222811428],
      [0.19503241159, 0.016605041492, 0.050019858553, 0.73585327121, 0.0024894171586],
      [0, 0.018205616631, 0.012539600059, 0.96761247907, 0.0016423042387],
      [0, 0.24559530163, 0.645229079, 0.10498017336, 0.00419544601],
      [0.036210949195, 0.18582206754, 0.20214104437, 0.56426533827, 0.011560600622],
      [0.22831433812, 0.0779771421, 0.048746264308, 0.42738788487, 0.2175743706]
    ],
    [
      [0.00252151157, 0.43594710089, 0.076964039405, 0.28991021814, 0.19465713],
      [0.35534383569, 0.012244117151, 0.044744684006, 0.58766736315, 0],
      [0.00026317223449, 0.016940025334, 0.014168673839, 0.96862812859, 0],
      [0.0014681617363, 0.20844659343, 0.68241046976, 0.10767477508, 0],
      [0.095392157875, 0.15923047402, 0.21924276873, 0.52613459938, 0],
      [0.32694988819, 0.045140356627, 0.034324173774, 0.26788652007, 0.32569906133]
    ],
    [
      [0.0014834855965, 0.6231218459, 0.070068310134, 0.21226887164, 0.093057486737],
      [0.29560061746, 0.024396573177, 0.056844043012, 0.61995915013, 0.0031996162171],
      [0.00020070717945, 0.03122789932, 0.016652603138, 0.94962178084, 0.0022970095227],
      [0.0017789959175, 0.30887599758, 0.61521898882, 0.072374645599, 0.0017513720871],
      [0.05937527543, 0.2589602276, 0.21778619342, 0.4556267505, 0.0082515530479],
      [0.30215895077, 0.1001977213, 0.048555145317, 0.31698205833, 0.23210612429]
    ],
    [
      [0.0013248827882, 0.58568688234, 0.068801127265, 0.27222451957, 0.071962588034],
      [0.22720909097, 0.020477159438, 0.049631152547, 0.70044501938, 0.0022375776704],
      [0, 0.023535364239, 0.013058726883, 0.96181868331, 0.0015872255662],
      [0, 0.29245076457, 0.60614077204, 0.10066247128, 0.00074599211414],
      [0.047072601369, 0.22293571676, 0.19443441273, 0.52963858749, 0.0059186816441],
      [0.26637607599, 0.096318526559, 0.048608779819, 0.41195666936, 0.17673994827]
    ],
    [
      [0.0033728830072, 0.54598185872, 0.099750896275, 0.26356322346, 0.087331138535],
      [0.4116491011, 0.01401709109, 0.052942229298, 0.51376957484, 0.0076220036744],
      [0, 0.022378602234, 0.019346954814, 0.95648873744, 0.0017857055122],
      [0, 0.21335714472, 0.70822670121, 0.077734642065, 0.00068151200069],
      [0.10802964058, 0.18267325473, 0.24920848408, 0.45377185251, 0.0063167680957],
      [0.46917232227, 0.061287388905, 0.048184437231, 0.27351041619, 0.1478454354]
    ],
    [
      [0.0046493090489, 0.51528526066, 0.081570842549, 0.26213659118, 0.13635799656],
      [0.47543940654, 0.011526507491, 0.040618509376, 0.46915452574, 0.0032610508555],
      [0, 0.021359415257, 0.016504305851, 0.95932544598, 0.002810832915],
      [0, 0.23701336412, 0.67245529232, 0.089294907781, 0.0012364357797],
      [0.15094012571, 0.17495305437, 0.20661696986, 0.45750365323, 0.0099861968334],
      [0.51813652392, 0.046511132995, 0.031662973125, 0.21836773148, 0.18532163848]
    ],
    [
      [0.003244755461, 0.37999619334, 0.10346100406, 0.40598793205, 0.10731011509],
      [0.33128413103, 0.0077307572971, 0.043583023319, 0.61548304988, 0.0019190384823],
      [0.00023578205055, 0.010231665438, 0.013201727838, 0.97490689441, 0.0014239302587],
      [0.0013753542417, 0.10789681063, 0.75679334269, 0.1309856396, 0.002948852844],
      [0.086996142457, 0.10590166767, 0.21580650153, 0.58491317804, 0.0063825103059],
      [0.39466917721, 0.036869945624, 0.043260957926, 0.36620127804, 0.1589986412]
    ]
  ],
  "expected_outcome": [
    [
      [0.10153567704, 0.039291732425, 0.024906826831, 0.0573474371, 0.0096277947329, 0.002815853927, 0.0020613393102, 0, 0.013577606928, 0.14725034372, 0, 0.019613065039, 0.044861304622, 0.0087456901099, 0.024637339231, 0.0074309511294, 0.021186007911, 0.043658644185, 0.049116864008, 0.027093179003, 0.042185727158, 0.020519367607, 0.012524690166, 0.032539640879, 0.12928993566, 0.05094856998, 0.0049499311717, 0.13970649899, 0.026547249475, 0.14822654605, 0.04544088851, 0.0050466617316, 0.11334786886, 0.033999315239, 0.031717747815, 0.0016698430836, 0, 0.12330812349, 0.075926227575, 0.087744701619, 0.097904936232, 0.073730784861, 0.090370857731, 0.069434395789, 0.034080912464, 0.005490504815, 0, 0.017799316781, 0.013015351835, 0.00021720722368, 0.010780436805, 0.080688370239, 0.054888967071, 1.0744799412, 0.17538991637, 0.29755577913, 0.058405598298],
      [34.3833024491, 28.0455350435, 16.347537168, 21.2695907171, 1.0006593691, 2.990243846, 2.1389155104, 14.5220445628, 10.3161780502, 51.7371134443, 50.9395160261, 9.1943221648, 11.4406512537, 1.4010691074, 4.5479679313, 2.9940262048, 5.0272984033, 16.8862690051, 16.9298065316, 1.0753890821, 15.9322755494, 2.0943992341, 2.0324968719, 11.4055218794, 24.2853019649, 16.130668149, 1.7407065017, 11.3902164043, 8.994100979, 23.9080829312, 14.3029225737, 2.6196827026, 37.2935181679, 15.973336756, 16.1830178764, 0.50785493215, 1.0176021776, 6.1140932189, 22.504898522, 33.7042394463, 23.8007153461, 29.0470127437, 49.4371507965, 14.126128541, 15.5885779393, 8.0358389567, 0, 0.47576755189, 9.5836431612, 0.016724620198, 4.7448690227, 13.9503072285, 23.0555082982, 474.9920615803, 28.3910566536, 32.9782566823, 6.8399314801],
      [3.3494440177, 2.2297282219, 1.2661406302, 2.323735192, 0.18149167595, 0.4407412944, 0.13309184764, 0.98156699914, 1.8172898372, 5.0300429238, 4.6075227143, 0.86056740181, 1.3377874354, 0.21596015546, 0.87430538625, 0.30601278392, 0.52937675725, 1.6236587337, 1.3330335202, 0.62278659937, 1.7877737666, 0.099187055117, 2.6722053719, 1.1798259779, 2.1932699817, 1.2454677408, 0.3316389331, 0.92836734703, 0.68872169101, 2.2978281129, 1.2398367821, 0.48815845294, 2.6066566374, 1.1812675537, 1.7728708669, 0.243416299, 0.43831984642, 0.68166453254, 1.8016752231, 2.9722989809, 2.1789814243, 3.1954665217, 5.055770023, 1.5304654834, 1.4435273324, 0.26976959089, 0, 0.088606708007, 0.99054254266, 0.005325443595, 0.68244526702, 2.4628492609, 2.592527475, 55.7977142123, 5.1870466063, 5.2205339231, 1.8622980731],
      [18.4486136512, 6.841035192, 6.4215706609, 13.0422442865, 3.142305537, 0.63449855153, 0.72593130267, 2.3200395302, 5.2670460402, 25.0157832505, 22.1834090036, 6.4640763623, 3.1767000062, 0.37422504703, 2.2231011778, 2.5065885646, 4.0436354255, 11.8945761191, 11.4092764955, 0.48518724467, 6.2211552855, 0.78589434321, 0.5492801544, 6.2676794518, 16.3155151051, 11.1604999378, 0.92270463399, 5.2466497591, 5.1643474036, 20.3467915234, 6.4440530504, 0.65248356335, 18.2298784382, 5.063516129, 4.0756577413, 0.24705892577, 0.32716652377, 6.0241126476, 10.8246928458, 16.0176318117, 9.9856193105, 11.0083190542, 22.6796195711, 11.9755785712, 7.826799093, 0.53434728074, 0, 0.41782642332, 2.0665145412, 0.009125099943, 2.7498999706, 9.2771269803, 7.8539482505, 220.7740853706, 13.70528762, 16.7767418355, 7.3077827769],
      [4.717104205, 4.8444098102, 0.93984471406, 2.3070823673, 1.6659156232, 0.9317004541, 0, 2.1763489079, 0.5859084655, 5.0698100376, 4.269552256, 0.46142100604, 0, 0, 0.32998816542, 0.18594149555, 0.37850340598, 1.5518374978, 1.2787665887, 1.7895438949, 1.0166096714, 0, 1.7334929116, 1.11443305, 2.0766230126, 3.4124156024, 0, 0.29505999056, 1.1262826769, 2.2990708864, 1.9677467052, 1.2346286193, 4.7565988876, 0.74788024611, 0.9367357676, 0, 0.21691145219, 4.0568214774, 1.7928071816, 3.2180850594, 1.9367789829, 1.6754708956, 3.7370887516, 10.2983930085, 1.1070147229, 0.15455366686, 0, 0, 0.34628440315, 0.96860762904, 0.81200530285, 6.22902816, 3.4431270093, 58.3616588956, 4.5412192038, 8.72691178, 1.9315820716]
    ],
    [
      [28.5394619627, 12.0473343914, 5.046469505, 29.0407518559, 12.0233190834, 2.2261886096, 0.6691864548, 1.8044439484, 1.3466365316, 18.9556865529, 11.7210090027, 4.8455966846, 8.013310814, 0.46076757659, 4.9491433303, 2.2384617112, 3.0842417768, 12.6113689579, 12.7083903438, 2.3576612635, 5.3264640954, 0, 4.1777748977, 13.4639988333, 26.4837735306, 17.5863798238, 3.6178601049, 3.528816064, 7.1671522465, 18.521844686, 6.4678891401, 3.1722203827, 12.1039197485, 12.6076272936, 9.337585198, 0.34481571877, 0, 8.1615894953, 16.8196494358, 18.0287035899, 21.8895467115, 15.0229493808, 25.9869523786, 21.6716257407, 7.9123598066, 1.1106182339, 2, 3.5918053107, 1.38462054, 1.1437183202, 4.4857454665, 14.5690972634, 10.6416222287, 188.1291273212, 57.6308741533, 106.4984270643, 30.8094241855],
      [1.9471581323, 1.7180145241, 0.64999609768, 2.1691981434, 0.24241887703, 0.53300713997, 0.10489951684, 0.62035446533, 0.19925214263, 1.339763143, 1.7132148894, 0.45283207602, 0.37576505114, 0.0949045507, 0.16558026439, 0.17291554727, 0.13689112375, 0.99317181562, 0.93358586808, 0.013551075776, 0.3875398472, 0, 0.098663796869, 0.93683041382, 1.0654224711, 1.1100113127, 0.23589210289, 0.29965475462, 0.47510248707, 0.59679801101, 0.39352101643, 0.28544965146, 0.79443989892, 1.1427018941, 0.93045628757, 0.013300312885, 0.0248723885, 0.075388399622, 0.99062368979, 1.3892961206, 1.0551484374, 1.1724548218, 2.9706949348, 0.87586419549, 0.71832391737, 0.26723925669, 0, 0.0080641317078, 0.18157224915, 0.012322620878, 0.38191595432, 0.50200880319, 0.87827663437, 16.9550880148, 1.9623927526, 2.5819376779, 0.71896042863],
      [3.9211987616, 2.8269912925, 1.0469315775, 4.9020279585, 0.91268734519, 0.94216887719, 0.14189712457, 0.87704237062, 0.73077522044, 2.6915264356, 3.2034490531, 0.89995665015, 0.70821663165, 0.31539893742, 0.66611339484, 0.38323852032, 0.30360151981, 2.1095565251, 1.4281256815, 0.14887181752, 0.90311336557, 0, 0.49014966753, 2.0107270904, 1.8640205571, 1.7774566646, 0.9470172231, 0.51688284857, 0.75716564369, 1.1862296795, 0.7108907173, 0.99546654939, 1.1497677266, 1.7597660752, 2.1156377021, 0.13419099665, 0.23069908877, 0.17429062324, 1.6432333758, 2.5340078359, 2.0002104279, 2.6698726515, 6.2761566464, 2.4031133211, 1.3796101331, 0.19124379592, 0, 0.034421327535, 0.39349889382, 0.081644096874, 1.1504567467, 1.8345320443, 2.0463855484, 41.094594309, 7.4119121017, 9.0985461002, 4.0532211686],
      [77.3553068105, 31.1452566125, 19.2231118344, 98.6792596313, 21.8215746944, 7.2986353732, 3.0840169038, 7.6196333589, 7.7131702974, 47.8964339619, 55.2367152313, 23.8016145892, 7.9027075032, 2.1289289353, 6.2082416012, 11.2053842212, 8.465851628, 52.12218518, 43.9298981066, 0.46283043318, 11.3607345481, 0, 2.1084879783, 38.5068422816, 49.5867834413, 57.3208790603, 9.1992305692, 10.6418209214, 20.5476454382, 37.6440318424, 13.3795239969, 5.5468634164, 28.8616863098, 27.4419979039, 17.5680002727, 0.50769297169, 0.68857777317, 5.5461261217, 35.4761415422, 48.9303580224, 32.9362604041, 33.1347231459, 101.5665866465, 39.0493967427, 26.9441101221, 1.425900783, 8, 1.36570923, 3.0341982919, 0.7149109712, 16.9246252378, 24.0943618892, 22.3185294047, 579.9684760438, 71.927740478, 105.090613766, 57.2399236384],
      [0.23687433297, 0.26240317954, 0.033490985442, 0.20876241099, 0, 0, 0, 0.078525856795, 0.010165807841, 0.11658990665, 0.12561182356, 0, 0, 0, 0.010921409262, 0, 0.0094139516646, 0.16371752145, 0, 0.017085410047, 0.022148143781, 0, 0.1249236596, 0.081601380759, 0, 0.20527313848, 0, 0.01282541141, 0.052934184536, 0.051095781046, 0.04817512933, 0, 0.090186316179, 0.047906833098, 0.048320539619, 0, 0.05585074956, 0.042605360204, 0.070351956459, 0.11763443125, 0.11883401904, 0, 0.19960939371, 0, 0.045596020946, 0.0049979305394, 0, 0, 0.0061100251978, 0.047403990804, 0.057256594648, 0, 0.11518618382, 1.8527143111, 1.0670805144, 0.73047539164, 0.17847057886]
    ],
    [
