{
  "X": [
    [28, 9, 63],
    [24, 12, 64],
    [18, 6, 76],
    [30, 8, 62],
    [28, 8, 64],
    [32, 8, 60],
    [29, 8, 63],
    [30, 10, 60],
    [35, 13, 52],
    [38, 9, 53],
    [32, 8, 60],
    [32, 11, 57],
    [29, 12, 59],
    [29, 8, 63],
    [26, 12, 62],
    [29, 9, 62],
    [30, 16, 54],
    [32, 27, 41],
    [32, 31, 37],
    [29, 21, 50],
    [20, 40, 40],
    [27, 27, 46],
    [29, 30, 41],
    [28, 34, 38],
    [22, 28, 50],
    [20, 36, 44],
    [27, 23, 50],
    [23, 26, 51],
    [23, 27, 50],
    [26, 26, 48],
    [26, 30, 44],
    [25, 31, 44],
    [28, 32, 40],
    [27, 26, 47],
    [39, 12, 49],
    [37, 10, 53],
    [33, 15, 52],
    [44, 14, 42],
    [36, 11, 53],
    [36, 10, 54],
    [42, 9, 49],
    [33, 12, 55],
    [49, 9, 42],
    [38, 11, 51],
    [38, 9, 53],
    [32, 15, 53],
    [45, 12, 43],
    [34, 11, 55],
    [44, 7, 49],
    [30, 9, 61]
  ],
  "W": [
    [64, 19, 17],
    [70, 16, 14],
    [60, 16, 24],
    [67, 14, 19],
    [67, 19, 14],
    [67, 18, 15],
    [68, 18, 14],
    [63, 20, 17],
    [58, 19, 23],
    [67, 12, 21],
    [65, 14, 21],
    [70, 16, 14],
    [58, 21, 21],
    [62, 16, 22],
    [74, 11, 15],
    [70, 17, 13],
    [52, 34, 14],
    [16, 66, 18],
    [19, 67, 14],
    [15, 67, 18],
    [17, 74, 9],
    [14, 74, 12],
    [22, 61, 17],
    [18, 65, 17],
    [14, 60, 26],
    [13, 73, 14],
    [19, 59, 22],
    [15, 64, 21],
    [15, 56, 29],
    [18, 56, 26],
    [20, 67, 13],
    [19, 68, 13],
    [15, 71, 14],
    [13, 36, 51],
    [15, 19, 66],
    [18, 9, 73],
    [13, 24, 63],
    [23, 13, 64],
    [18, 16, 66],
    [19, 14, 67],
    [13, 16, 71],
    [16, 20, 64],
    [18, 18, 64],
    [14, 28, 58],
    [16, 16, 68],
    [18, 22, 60],
    [16, 22, 62],
    [24, 18, 58],
    [17, 13, 70],
    [25, 15, 60]
  ],
  "method": "mvn_cdf",
  "mvncdf_method": "genz",
  "mvncdf_samples": 5000,
  "mvncdf_error": 1e-06,
  "cond_prob": [
    [
      [0.25663732187, 0.020819644238, 0.7225430339],
      [0.21452323045, 0.36640227719, 0.41907449236],
      [0.4325161177, 0.037102222624, 0.53038165968]
    ],
    [
      [0.23144740054, 0.03766242038, 0.73089017908],
      [0.14912696671, 0.52438523576, 0.32648779753],
      [0.39241623417, 0.067678709262, 0.53990505657]
    ],
    [
      [0.15420834724, 0.013801693841, 0.83198995892],
      [0.15644676361, 0.28555068276, 0.55800255363],
      [0.28866292389, 0.029095028587, 0.68224204752]
    ],
    [
      [0.27267245067, 0.023160056072, 0.70416749326],
      [0.21736589931, 0.39327135709, 0.3893627436],
      [0.45160459493, 0.040582246523, 0.50781315854]
    ],
    [
      [0.25920057733, 0.018279489674, 0.722519933],
      [0.22656040281, 0.33520434336, 0.43823525382],
      [0.43697559199, 0.0325970747, 0.53042733331]
    ],
    [
      [0.29968628592, 0.019302114615, 0.68101159946],
      [0.25658254557, 0.34339178468, 0.40002566975],
      [0.48619710834, 0.033071277697, 0.48073161397]
    ],
    [
      [0.26990989496, 0.019176809615, 0.71091329542],
      [0.23147682118, 0.34568402456, 0.42283915426],
      [0.45014155384, 0.033792877506, 0.51606556865]
    ],
    [
      [0.27921806677, 0.022928691473, 0.69785324175],
      [0.22393479634, 0.38774276247, 0.38832244119],
      [0.45984002758, 0.039940165069, 0.50021980735]
    ],
    [
      [0.32969070807, 0.035659428936, 0.63464986299],
      [0.21502002451, 0.49754514636, 0.28743482913],
      [0.51217928076, 0.058633174351, 0.42918754489]
    ],
    [
      [0.35735937335, 0.031024568401, 0.61161605825],
      [0.24595974736, 0.46210254358, 0.29193770906],
      [0.54588964995, 0.050449935544, 0.40366041451]
    ],
    [
      [0.28940994905, 0.02315754924, 0.68743250171],
      [0.22979311559, 0.39148628953, 0.37872059488],
      [0.47196922166, 0.039951728082, 0.48807905026]
    ],
    [
      [0.31004078772, 0.033298071951, 0.65666114033],
      [0.20919224581, 0.48329550387, 0.30751225032],
      [0.49128307183, 0.055869481143, 0.45284744703]
    ],
    [
      [0.26655649461, 0.027875373105, 0.70556813229],
      [0.19805436673, 0.43823409588, 0.36371153739],
      [0.44225137978, 0.048854800302, 0.50889381992]
    ],
    [
      [0.25653527019, 0.020570161764, 0.72289456805],
      [0.21521833219, 0.36436681312, 0.42041485469],
      [0.43250072339, 0.036692912661, 0.53080636395]
    ],
    [
      [0.24704310446, 0.05701717353, 0.69593972201],
      [0.12327960639, 0.63561167031, 0.24110872331],
      [0.40448317805, 0.09913111346, 0.49638570849]
    ],
    [
      [0.27481129788, 0.023296266222, 0.7018924359],
      [0.21889002371, 0.39346897853, 0.38764099776],
      [0.45439636336, 0.040748182464, 0.50485545417]
    ],
    [
      [0.29704446713, 0.025628947432, 0.67732658543],
      [0.22822798581, 0.41008072694, 0.36169128725],
      [0.48008799412, 0.043759353495, 0.47615265239]
    ],
    [
      [0.33720156514, 0.024212086782, 0.63858634807],
      [0.26368654995, 0.39016077473, 0.34615267532],
      [0.52649366079, 0.040416011256, 0.43309032796]
    ],
    [
      [0.36591499873, 0.029862694125, 0.60422230714],
      [0.26166178914, 0.43893127102, 0.29940693984],
      [0.55453741556, 0.047750778159, 0.39771180628]
    ],
    [
      [0.27115470629, 0.016848095627, 0.71199719808],
      [0.24503790082, 0.30968790993, 0.44527418925],
      [0.4537516069, 0.02960188089, 0.51664651221]
    ],
    [
      [0.25195763465, 0.040155807093, 0.70788655826],
      [0.16056152944, 0.52654588171, 0.31289258885],
      [0.41822412164, 0.070455233591, 0.51132064477]
    ],
    [
      [0.27929124188, 0.02083120197, 0.69987755615],
      [0.23495477135, 0.35743224892, 0.40761297973],
      [0.46165101095, 0.036295138379, 0.50205385067]
    ],
    [
      [0.31566986493, 0.032343856152, 0.65198627892],
      [0.22012612939, 0.46457978268, 0.31529408792],
      [0.49858682514, 0.053901823206, 0.44751135166]
    ],
    [
      [0.31662240783, 0.036824109752, 0.64655348242],
      [0.20786915139, 0.49810889549, 0.29402195311],
      [0.49760232387, 0.060980613895, 0.44141706223]
    ],
    [
      [0.21083156182, 0.027619272283, 0.76154916589],
      [0.16158368195, 0.43469573853, 0.40372057952],
      [0.36941338127, 0.051074577491, 0.57951204124]
    ],
    [
      [0.22769354734, 0.032780324473, 0.73952612819],
      [0.16120194075, 0.47624356064, 0.3625544986],
      [0.38992726815, 0.059262916761, 0.55080981509]
    ],
    [
      [0.25415073657, 0.021618367075, 0.72423089635],
      [0.21204963226, 0.36960501329, 0.41834535445],
      [0.43069380684, 0.038491508131, 0.53081468503]
    ],
    [
      [0.21923583994, 0.02279596739, 0.75796819267],
      [0.18127062802, 0.38524246785, 0.43348690414],
      [0.38276284728, 0.04193915322, 0.5752979995]
    ],
    [
      [0.21592002062, 0.028692721523, 0.75538725786],
      [0.16223121598, 0.44421616092, 0.39355262311],
      [0.37565047386, 0.052738728573, 0.57161079757]
    ],
    [
      [0.24873428286, 0.027691958086, 0.72357375905],
      [0.18841803019, 0.43181456405, 0.37976740576],
      [0.41962239406, 0.049338251742, 0.53103935419]
    ],
    [
      [0.28279866122, 0.028001287912, 0.68920005087],
      [0.21179741905, 0.43037313513, 0.35782944583],
      [0.46229296927, 0.048287843005, 0.48941918773]
    ],
    [
      [0.27361584447, 0.028853409268, 0.69753074626],
      [0.20280920008, 0.43884986718, 0.35834093273],
      [0.45059636056, 0.050146835013, 0.49925680443]
    ],
    [
      [0.31222091655, 0.028820045053, 0.65895903839],
      [0.22950826194, 0.43465256679, 0.33583917128],
      [0.49657448187, 0.048324273328, 0.4551012448]
    ],
    [
      [0.22857768632, 0.050837102538, 0.72058521114],
      [0.12705601924, 0.5943485784, 0.27859540236],
      [0.38324840227, 0.090046928687, 0.52670466904]
    ],
    [
      [0.28619647606, 0.027715314203, 0.68608820974],
      [0.21134826348, 0.43440287881, 0.35424885771],
      [0.4652945144, 0.047669446659, 0.48703603894]
    ],
    [
      [0.2551619267, 0.036058131314, 0.70877994199],
      [0.16701719728, 0.51151039446, 0.32147240826],
      [0.42348063299, 0.063517129095, 0.51300223791]
    ],
    [
      [0.24132012205, 0.030258611024, 0.72842126693],
      [0.17461801286, 0.46017404134, 0.36520794581],
      [0.40843195103, 0.054246968972, 0.53732107999]
    ],
    [
      [0.34449509815, 0.052385070003, 0.60311983184],
      [0.17947067658, 0.60076359911, 0.21976572431],
      [0.51882561213, 0.084000504013, 0.39717388386]
    ],
    [
      [0.25648805795, 0.027804060387, 0.71570788166],
      [0.19129139572, 0.43950952972, 0.36919907456],
      [0.4289989252, 0.049359991141, 0.52164108366]
    ],
    [
      [0.25372047205, 0.026927560702, 0.71935196725],
      [0.19162987879, 0.43183806544, 0.37653205576],
      [0.42580870501, 0.047885780814, 0.52630551417]
    ],
    [
      [0.29844032785, 0.021451398504, 0.68010827365],
      [0.24313745732, 0.37254436518, 0.38431817751],
      [0.4831645149, 0.037251421382, 0.47958406371]
    ],
    [
      [0.23434927315, 0.025673314961, 0.73997741189],
      [0.18205932009, 0.41954873809, 0.39839194182],
      [0.4012060077, 0.046560622896, 0.55223336941]
    ],
    [
      [0.38407734926, 0.02043852265, 0.59548412809],
      [0.31236821458, 0.35202463999, 0.33560714543],
      [0.57788877043, 0.032720471813, 0.38939075776]
    ],
    [
      [0.28216726422, 0.017963240531, 0.69986949525],
      [0.24756300402, 0.32632147206, 0.42611552392],
      [0.4655434139, 0.031352231277, 0.50310435483]
    ],
    [
      [0.26614431677, 0.021497212057, 0.71235847117],
      [0.21960201966, 0.37285603156, 0.40754194878],
      [0.44408583497, 0.037963239928, 0.5179509251]
    ],
    [
      [0.23816610114, 0.033426913824, 0.72840698503],
      [0.16434754063, 0.48736014874, 0.34829231063],
      [0.40297147643, 0.059906307939, 0.53712221563]
    ],
    [
      [0.35328244542, 0.024909849655, 0.62180770493],
      [0.27028783689, 0.40003791132, 0.32967425179],
      [0.54367249266, 0.040551413595, 0.41577609375]
    ],
    [
      [0.25007399643, 0.025584072375, 0.72434193119],
      [0.1938008597, 0.418269247, 0.3879298933],
      [0.4224869718, 0.045770160465, 0.53174286774]
    ],
    [
      [0.31514615928, 0.019091717862, 0.66576212286],
      [0.26749682912, 0.34049460034, 0.39200857054],
      [0.50396302078, 0.032288986893, 0.46374799233]
    ],
    [
      [0.21108175821, 0.021898986613, 0.76701925518],
      [0.17520387407, 0.38366722551, 0.44112890042],
      [0.37099520605, 0.040783142319, 0.58822165163]
    ]
  ],
  "expected_outcome": [
    [
      [16.4247885995, 16.2013180377, 9.2525008344, 18.269054195, 17.3664386808, 20.0789811567, 18.3538728574, 17.5907382068, 19.1220610683, 23.9430780145, 18.8116466883, 21.7028551401, 15.4602766871, 15.9051867517, 18.2811897301, 19.2367908515, 15.4463122909, 5.3952250423, 6.9523849759, 4.0673205944, 4.283279789, 3.9100773863, 6.9447370285, 5.6992033409, 2.9516418655, 2.9600161154, 4.8288639949, 3.2885375992, 3.2388003093, 4.4772170915, 5.6559732244, 5.198701045, 4.6833137483, 2.9715099221, 4.2929471409, 4.5929146806, 3.1371615866, 7.9233872576, 4.6167850432, 4.820688969, 3.879724262, 3.7495883703, 6.9133922867, 3.9503416991, 4.2583090684, 4.2869898206, 5.6525191267, 6.0017759144, 5.3574847077, 5.2770439552],
      [1.3324572312, 2.6363694266, 0.82810163047, 1.5517237568, 1.2247258081, 1.2932416792, 1.3040230538, 1.4445075628, 2.0682468783, 2.0786460828, 1.5052407006, 2.3308650366, 1.6167716401, 1.2753500294, 4.2192708413, 1.6307386356, 1.3327052665, 0.38739338851, 0.56739118837, 0.25272143441, 0.68264872058, 0.29163682758, 0.71156483534, 0.66283397554, 0.38666981196, 0.42614421815, 0.41074897442, 0.34193951084, 0.43039082285, 0.49845524554, 0.56002575823, 0.54821477609, 0.43230067579, 0.660882333, 0.41572971304, 0.64904636364, 0.39336194331, 1.2048566101, 0.50047308697, 0.51162365333, 0.27886818056, 0.41077303938, 0.3678934077, 0.25148536743, 0.34395539292, 0.60168444883, 0.39855759448, 0.614017737, 0.32455920365, 0.54747466533],
      [46.2427541693, 51.1623125357, 49.9193975351, 47.1792220482, 48.4088355111, 45.6277771641, 48.3421040888, 43.9647542304, 36.8096920534, 40.9782759026, 44.6831126111, 45.9662798233, 40.9229516728, 44.8194632189, 51.4995394286, 49.1324705129, 35.2209824426, 10.2173815692, 11.4802238358, 10.6799579712, 12.0340714904, 9.7982857861, 14.3436981362, 11.6379626836, 10.6616883225, 9.6138396664, 13.7603870307, 11.36952289, 11.3308088679, 13.024327663, 13.7840010174, 13.253084179, 9.8843855759, 9.3676077449, 10.2913231461, 12.7580389558, 9.4694764701, 13.8717561324, 12.8827418699, 13.6676873777, 8.8414075574, 11.8396385903, 10.7187143056, 9.7981729334, 11.3977355387, 13.1113257306, 9.9489232788, 17.3842063486, 11.3179560887, 19.1754813795]
    ],
    [
      [4.0759413786, 2.3860314674, 2.5031482178, 3.0431225903, 4.3046476534, 4.6184858202, 4.1665827813, 4.4786959268, 4.0853804657, 2.9515169683, 3.2171036183, 3.3470759329, 4.1591417012, 3.4434933151, 1.3560756702, 3.7211304031, 7.7597515176, 17.4033122969, 17.5313398727, 16.4175393552, 11.8815531785, 17.3866530801, 13.4276938929, 13.5114948406, 9.695020917, 11.7677416749, 12.5109283035, 11.601320193, 9.0849480947, 10.5514096904, 14.190427076, 13.7910256057, 16.2950865974, 4.5740166927, 4.0156170061, 1.5031547755, 4.1908323085, 2.3331187956, 3.0606623315, 2.6828183031, 3.890199317, 3.6411864018, 5.6226278625, 6.9317641125, 3.5136323146, 3.6156458938, 5.9463324117, 3.4884154746, 3.4774587785, 2.6280581111],
      [6.9616432666, 8.3901637721, 4.5688109242, 5.5057989993, 6.3688825239, 6.1810521243, 6.2223124421, 7.7548552494, 9.4533577808, 5.545230523, 5.4808080534, 7.732728062, 9.2029160135, 5.8298690099, 6.9917283734, 6.688972635, 13.9427447161, 25.7506111322, 29.4083951583, 20.7490899653, 38.9643952469, 26.4499864198, 28.3393667438, 32.3770782071, 26.0817443117, 34.7657799269, 21.8066957841, 24.6555179423, 24.8761050113, 24.1816155869, 28.8350000537, 29.8417909686, 30.860332242, 21.3965488223, 8.2536546974, 4.6035935501, 11.0441769921, 7.8099267884, 7.0321524755, 6.0457329162, 5.9607098428, 8.3909747617, 6.3364435197, 9.1370012177, 5.965696505, 10.7219232724, 8.800834049, 7.5288464461, 4.4264298044, 5.7550083826],
      [7.9624153548, 5.2238047605, 8.9280408581, 5.4510784103, 8.3264698227, 7.2004620555, 7.6111047766, 7.7664488237, 5.4612617535, 3.5032525087, 5.3020883283, 4.9201960052, 7.6379422852, 6.7266376751, 2.6521959564, 6.5898969619, 12.2975037664, 22.8460765709, 20.0602649691, 29.8333706794, 23.1540515746, 30.1633605, 19.2329393634, 19.1114269523, 24.2232347713, 26.4664783982, 24.6823759124, 27.7431618647, 22.0389468941, 21.2669747226, 23.9745728703, 24.3671834258, 23.8445811605, 10.029434485, 6.7307282965, 2.8932516743, 8.7649906994, 2.856954416, 5.907185193, 5.2714487807, 6.1490908401, 7.9678388364, 6.0409286178, 11.9312346698, 6.5206711804, 7.6624308338, 7.2528335393, 6.9827380794, 5.096111417, 6.6169335063]
    ],
    [
      [7.3527740009, 5.4938272784, 6.9279101734, 8.5804873038, 6.1176582879, 7.2929566251, 6.3019817537, 7.8172804688, 11.7801234574, 11.4636826489, 9.9113536549, 6.8779630056, 9.2872789753, 9.5150159145, 6.0672476708, 5.9071527237, 6.7212319177, 9.4768858942, 7.7635238178, 8.1675289243, 3.7640170947, 5.5398121314, 8.4759760273, 8.4592395058, 9.6047479131, 5.458981754, 9.4752637505, 8.0380197928, 10.8938637419, 10.9101822457, 6.0098086005, 5.8577526873, 6.9520427462, 19.5456685158, 30.7094379503, 30.9140862084, 25.7312129151, 33.2048391764, 28.3139290632, 28.5291832357, 34.3046805582, 25.6771844927, 36.9848813074, 27.001518006, 30.197836778, 24.1782885856, 33.7076945449, 24.5042443643, 35.2774114545, 22.2597123631],
      [0.6307377846, 0.94750192967, 0.69828068608, 0.77106268394, 0.4563590458, 0.49606916546, 0.47310028508, 0.67898280618, 1.3485630101, 1.0594486464, 0.83898628972, 0.78217273601, 1.0259508063, 0.80724407854, 1.4869667019, 0.52972637204, 0.61263094893, 0.7274882026, 0.66851089423, 0.53283385602, 0.63409710232, 0.43554166054, 0.9163309945, 1.0366704362, 1.3279390148, 0.82968083465, 0.84681317888, 0.88072221762, 1.5294231286, 1.2827945453, 0.62774195907, 0.65190885516, 0.67653982659, 4.592393363, 3.1461834795, 4.636750424, 3.4175590452, 5.3760322568, 3.2577594153, 3.2083473145, 2.6448509181, 2.9798798653, 2.094110196, 1.8184294141, 2.5815003151, 3.5943784763, 2.5141876429, 2.654669307, 2.2602290825, 2.4469885392],
      [9.0164882145, 7.5586707919, 16.3738091405, 9.6484500123, 7.4259826663, 7.2109742095, 7.2249179612, 8.503736725, 9.8713135325, 8.4768687047, 10.2496600554, 6.3398642584, 10.6867702184, 11.6777400069, 7.4457856273, 6.5631209042, 6.6661371334, 7.7956259032, 5.5679652879, 9.2996372197, 4.601885803, 6.024646208, 7.6076929782, 7.5040900579, 15.0673130722, 7.7113374113, 11.6779230706, 12.0812579896, 16.5767131295, 13.807023209, 6.3624494405, 6.4903384575, 6.3714174272, 26.8619381212, 32.1443785701, 37.4491633677, 33.8512280396, 25.4191285668, 34.4283115215, 35.2624694497, 34.0504685237, 35.342935642, 24.9210084966, 29.18005258, 35.2206629069, 32.2273329381, 25.7781178122, 30.8410863288, 32.462359463, 35.2932990977]
    ]
  ],
  "prob": [
    [0.27471680716, 0.027944172015, 0.69733902083],
    [0.20770584484, 0.42514365221, 0.36715050295],
    [0.44969192612, 0.048566146248, 0.50174192763]
  ],
  "iterations": 16,
  "time": 2.170282,
  "message": "Converged",
  "status": 0,
  "miniter": 0,
  "maxiter": 1000,
  "maxtime": 3600,
  "param_threshold": 0.001,
  "ll_threshold": "-Inf",
  "initial_prob": "group_proportional",
  "ballotbox_id": ["1", "2", "3", "4", "5", "6", "7", "8", "9", "10", "11", "12", "13", "14", "15", "16", "17", "18", "19", "20", "21", "22", "23", "24", "25", "26", "27", "28", "29", "30", "31", "32", "33", "34", "35", "36", "37", "38", "39", "40", "41", "42", "43", "44", "45", "46", "47", "48", "49", "50"],
  "candidates_id": ["1", "2", "3"],
  "group_id": ["1", "2", "3"]
}
