{
  "Z_true": {},
  "V_true": [
    [444, 54, 1215, 83],
    [426, 197, 11483, 337],
    [166, 10833, 2934, 862],
    [73, 575, 1011, 368],
    [56, 414, 869, 857]
  ],
  "p_true": [
    [0.2472, 0.0301, 0.6765, 0.0462],
    [0.0342, 0.0158, 0.9228, 0.0271],
    [0.0112, 0.7322, 0.1983, 0.0583],
    [0.036, 0.2837, 0.4988, 0.1815],
    [0.0255, 0.1885, 0.3957, 0.3903]
  ],
  "Z_est": [
    [
      [25.6531, 12.0249, 7.7854, 0.8017, 4.929, 0.8017, 5.6116, 13.8328, 11.6507, 22.4465, 25.1943, 5.5584, 41.8429, 14.4299, 11.2232, 17.7405, 14.4299, 16.1541, 8.4629, 31.5552, 8.9653, 13.6282, 12.832, 24.6659, 16.746, 31.6379, 9.6199, 24.4403, 23.2481, 10.4216, 11.3172, 10.2518, 41.5163, 16.429, 13.4927, 36.6568, 22.4465, 52.4108, 30.4791, 7.3935, 1.6033, 17.6365, 9.8801, 6.2401, 6.3293, 46.4962, 6.416, 83.618, 13.7286],
      [2.2978, 1.2376, 0.6186, 0.8883, 2.4055, 0.2048, 0.4861, 3.9077, 0.7231, 0.061, 2.7839, 0.3007, 10.0631, 1.3257, 1.7234, 1.5024, 0.6063, 1.2373, 0, 2.3862, 0.0764, 1.2373, 1.3081, 5.7297, 1.2815, 1.0025, 1.2884, 2.0769, 0, 7.0544, 2.0248, 0.928, 0, 1.7234, 1.0605, 3.0048, 1.1382, 4.3366, 4.2386, 1.0626, 0.0855, 1.5462, 0.8396, 0.5303, 0.4411, 5.627, 2.2027, 5.2795, 1.2936],
      [20.8715, 10.2098, 5.2457, 1.9598, 4.871, 1.906, 4.2301, 12.365, 12.9763, 9.4149, 25.1984, 3.747, 34.472, 12.4112, 21.6172, 12.6794, 7.4973, 8.8976, 5.6204, 16.7588, 5.9951, 10.4915, 13.0878, 19.8589, 10.8662, 15.2431, 9.3674, 17.6107, 12.3739, 14.6131, 12.9068, 8.5369, 19.4837, 16.9245, 7.9802, 24.1831, 15.8488, 23.0584, 21.7324, 12.1995, 1.6546, 12.7397, 7.1192, 4.4964, 4.4964, 34.8467, 14.2093, 59.4474, 15.0224],
      [3.1776, 1.5277, 0.3502, 0.3502, 0.7944, 0.0876, 0.6722, 2.8946, 1.6499, 2.0777, 9.8234, 0.394, 5.622, 1.8332, 4.4362, 2.0777, 1.4666, 1.711, 0.9166, 3.2998, 0.9631, 2.643, 1.7721, 2.7455, 0.1063, 3.1165, 4.7243, 2.8721, 1.378, 6.9109, 1.7511, 1.2833, 0, 3.9231, 1.4666, 4.1554, 2.5665, 5.1942, 1.5499, 1.3444, 0.6567, 2.0777, 1.1611, 0.7333, 0.7333, 6.0301, 2.172, 9.6551, 1.9555]
    ],
    [
      [2.2499, 1.0546, 0.8887, 0.0703, 0.3028, 0.0703, 0.4345, 1.0598, 0.9084, 1.43, 1.988, 0.5839, 3.2702, 1.2656, 0.9843, 1.9288, 1.2656, 13.4929, 1.5604, 3.3305, 1.1191, 1.1953, 1.1249, 2.1093, 1.6171, 3.2, 0.8437, 2.1093, 1.8601, 0.914, 0.9843, 0.7044, 3.7264, 1.4062, 1.1953, 4.5553, 1.9686, 4.5701, 2.5311, 0.4542, 0.156, 1.5468, 8.8516, 1.5002, 1.6654, 3.6535, 0.5625, 4.4113, 0.7109],
      [0.2145, 0.1422, 0.1225, 0.0095, 0.0183, 0.0082, 0.0262, 0.0639, 0, 0, 0.0446, 0, 0.1966, 0.083, 0.0675, 0.1164, 0.0495, 0.697, 0.0172, 0.201, 0.0397, 0.8094, 0.0703, 0.11, 0.1412, 0.1867, 0.0802, 0.095, 0, 0.0862, 0.4257, 0, 0.1498, 0.1056, 0.0692, 0.2748, 0, 0.1908, 0.0405, 0.0274, 0.0053, 1.5296, 0.466, 0.517, 0.1005, 0.2204, 0.3384, 0, 0],
      [537.5356, 356.4112, 133.8739, 23.8875, 45.6163, 13.908, 65.4495, 159.657, 136.9362, 162.3467, 299.4809, 69.4161, 490.871, 207.6514, 168.6306, 290.5427, 148.4349, 206.452, 209.24, 501.7792, 168.6926, 300.4725, 175.5638, 274.4361, 328.791, 466.0795, 280.5331, 235.3971, 221.1399, 215.6011, 239.3197, 106.1672, 420.59, 263.9536, 167.4788, 686.2277, 246.923, 265.7661, 99.2895, 68.4244, 44.6246, 428.3965, 393.7577, 286.5893, 250.8896, 550.3705, 166.5986, 626.7282, 107.1945],
      [0, 0.3919, 0.1149, 0.0327, 0.0626, 0.0135, 0.0899, 0.2192, 0.1554, 0.2233, 0.4865, 0, 0.6622, 0, 0.3176, 0.4122, 0.25, 0.3581, 0.1825, 0.6893, 0.1487, 0.5228, 0.241, 0.3446, 0.4507, 0.5338, 2.5429, 0.3987, 0, 0.3987, 0.2703, 0.1284, 0.5338, 0.5346, 0.2568, 0.9421, 0.1084, 0.473, 0.1389, 0.0939, 0.2141, 0.5271, 3.9246, 0.3935, 0.3445, 0.7556, 0.5005, 0.8605, 0.0946]
    ],
    [
      [1.8373, 0.8612, 0.5742, 0.0574, 0.3445, 0.0574, 0.4019, 0.9761, 0.8038, 3.0185, 1.7799, 4.5457, 2.5635, 1.0335, 0.8038, 1.7813, 1.0335, 1.9521, 4.2523, 3.219, 0.689, 0.7008, 0.9187, 1.1936, 1.3206, 2.2966, 0.689, 1.3319, 1.7929, 0.7464, 0.7098, 0.3798, 3.4844, 1.1483, 0.9761, 3.314, 1.6077, 3.732, 2.067, 0.5167, 0.0995, 1.2632, 1.5507, 0.5167, 1.2433, 3.3301, 0.4593, 9.0704, 0.9187],
      [597.6595, 264.7781, 125.3153, 90.5563, 76.0713, 19.5405, 176.1907, 354.3499, 108.2736, 219.4626, 360.7112, 54.1368, 463.8988, 320.76, 230.8533, 311.7648, 119.1009, 272.6526, 41.3408, 571.3555, 95.3775, 129.8769, 196.1453, 213.2124, 336.3294, 292.3387, 192.9238, 227.4582, 176.1157, 180.7226, 126.1042, 60.5319, 362.4661, 231.4598, 166.2434, 584.4879, 160.4418, 458.6863, 215.2009, 138.8392, 12.796, 328.0925, 283.4799, 146.9741, 212.7481, 843.9572, 126.4343, 459.6706, 106.305],
      [123.1477, 49.9121, 22.718, 17.8071, 4.8626, 2.8853, 29.8687, 46.2919, 29.6697, 42.4663, 68.7626, 17.992, 82.0137, 70.5791, 43.9512, 54.7079, 24.0773, 28.7008, 26.687, 105.3847, 21.5481, 7.6272, 55.9464, 38.0352, 61.0924, 56.4348, 36.9724, 30.4321, 45.464, 30.7642, 23.3119, 18.9424, 73.637, 50.6322, 20.1989, 111.4743, 61.1589, 46.9462, 10.7557, 25.4428, 5.2288, 34.0066, 41.4326, 10.9542, 43.1095, 151.8528, 23.1635, 122.099, 36.159],
      [26.3554, 14.4485, 4.3926, 3.5792, 3.7216, 0.5168, 4.5387, 11.3821, 6.2529, 21.0525, 19.7463, 2.3255, 18.524, 11.6274, 20.3917, 25.746, 10.7883, 13.6945, 6.7199, 32.0408, 5.3854, 16.7951, 9.9897, 11.5588, 18.2577, 17.9299, 18.4147, 14.7778, 11.6274, 12.7667, 6.874, 4.1459, 20.4125, 14.7597, 8.5815, 33.7238, 10.7917, 19.6355, 6.9764, 6.2013, 3.8758, 16.6377, 16.5367, 10.5549, 17.8992, 43.8599, 5.9429, 37.16, 3.6174]
    ],
    [
      [0.2188, 0.1026, 0.114, 0.0068, 0.041, 0.0068, 0.0479, 0.1162, 0.0957, 0.1914, 0.1768, 0.0752, 0.3487, 0.1231, 0.0957, 0.0825, 0.1231, 0.2325, 2.5763, 0.2803, 0.11, 0.1162, 0.1094, 0.1179, 0.2711, 0.3144, 0.082, 0.2051, 0.1213, 0.0889, 0.0957, 0.055, 0.3624, 0.1367, 0.1179, 0.4126, 0.1914, 0.1415, 0.2461, 0.0615, 0.0137, 0.1504, 0.3144, 0.169, 0.1242, 0.3654, 0.0547, 0.2672, 0.0079],
      [3.0622, 1.6581, 4.4654, 0.4657, 0.41, 0.1735, 1.6437, 1.0764, 0.6822, 0.9345, 1.3566, 0.4221, 3.093, 1.645, 0.814, 0.6331, 0.6124, 1.402, 0.2126, 2.4117, 0.8441, 1.447, 0.8742, 0.9044, 2.0801, 2.4117, 0.992, 1.3264, 0.9009, 1.0551, 0.9647, 0.3138, 1.7786, 1.1894, 0.9044, 3.1654, 0.825, 1.0853, 1.1186, 0.5178, 0.0658, 13.0842, 2.4117, 1.2963, 1.0882, 2.8036, 0.7235, 2.05, 0.0603],
      [67.2785, 40.1257, 20.7281, 5.7181, 7.0374, 2.4136, 14.4501, 25.0167, 17.1942, 20.2697, 32.1644, 11.122, 72.1911, 29.6529, 19.2986, 15.01, 17.1543, 32.8121, 20.7281, 57.1811, 22.2791, 33.237, 20.7327, 21.4429, 49.3187, 57.1811, 30.7348, 30.4872, 21.4429, 25.0167, 22.9025, 10.1149, 42.171, 29.3762, 21.3389, 75.0502, 22.9464, 25.7315, 21.4429, 12.151, 5.9871, 72.9059, 57.1811, 30.7348, 26.4463, 66.473, 17.1939, 48.6039, 1.4295],
      [23.4406, 13.1137, 3.6925, 1.8094, 2.5116, 0.4061, 3.8584, 8.7906, 6.0279, 9.6044, 11.3022, 2.3807, 25.3672, 9.5791, 6.7917, 5.2744, 6.1102, 11.5534, 5.483, 20.1269, 4.7667, 13.1997, 7.2837, 7.5348, 17.3301, 20.0928, 11.1911, 11.9813, 7.5348, 8.8393, 8.0371, 3.5162, 14.688, 10.2976, 7.6388, 26.3719, 8.0371, 9.0418, 7.1924, 4.2697, 2.9334, 15.8595, 20.0928, 10.7999, 9.3413, 23.3579, 6.0279, 17.0789, 0.5023]
    ],
    [
      [2.0409, 0.9567, 0.6378, 0.0638, 0.3827, 0.0638, 0.5041, 1.0151, 0.5414, 0.9136, 1.8609, 0.2368, 2.9748, 1.148, 0.8929, 1.4669, 1.148, 2.1685, 1.148, 2.6149, 1.1166, 1.3595, 1.0151, 1.9134, 3.0452, 2.5512, 0.7653, 1.9134, 1.9775, 0.8291, 0.8929, 0.609, 3.9106, 0.8797, 1.2181, 3.0614, 1.7858, 4.1456, 0.6767, 0.574, 0.1276, 1.4031, 1.4031, 0.574, 0.6378, 4.1547, 0.5075, 6.633, 0.634],
      [1.766, 1.184, 0.4782, 0.0803, 2.0949, 0.073, 0.6534, 0.6021, 0.3211, 0.5419, 1.1038, 0.1405, 1.7485, 1.1864, 0.5419, 0.9834, 0.6308, 1.0111, 0.4294, 1.6456, 0.6623, 1.6294, 0.6021, 1.0436, 5.1678, 1.0604, 0.7155, 1.0436, 0.9834, 2.0817, 2.4805, 0.2263, 1.6055, 0.5218, 0.7225, 2.0671, 0.595, 1.7011, 0.4014, 0.5531, 0.0475, 2.7475, 0.8027, 0.6823, 0.6221, 3.3918, 0.301, 0, 0.3412],
      [35.1667, 28.3412, 6.4342, 1.6275, 6.6126, 1.8872, 7.0016, 11.6693, 6.2237, 10.5024, 21.3938, 2.7228, 33.4521, 21.7054, 10.5024, 19.0599, 12.8363, 16.1374, 9.7245, 31.8962, 20.485, 22.1718, 11.6693, 20.2269, 36.9317, 26.0615, 14.3922, 20.0729, 21.5794, 21.0048, 18.5591, 7.2385, 31.1183, 10.1134, 14.0032, 40.0648, 22.1229, 22.4978, 7.7796, 10.7823, 3.5049, 29.9513, 15.5094, 13.2253, 12.0583, 54.457, 5.8347, 45.1215, 8.1947],
      [49.0264, 28.5181, 8.4498, 2.2285, 7.9098, 0.976, 9.8408, 16.7135, 8.9139, 15.0422, 30.6415, 3.8998, 47.8246, 21.9603, 15.0628, 27.4898, 18.3849, 25.6829, 13.6981, 45.8432, 10.7361, 31.8393, 16.7135, 28.8162, 44.8553, 37.3269, 21.127, 28.9701, 24.4598, 30.0844, 23.0675, 9.9262, 43.3657, 14.4851, 20.0562, 57.8068, 20.4963, 35.6555, 11.1424, 12.0907, 7.3201, 42.8981, 22.2847, 19.5184, 17.6818, 77.9965, 8.3568, 64.2455, 7.8302]
    ]
  ],
  "V_est": [
    [902.6756, 93.1772, 679.3435, 120.8037],
    [99.3863, 8.158, 12314.1168, 21.3389],
    [79.9643, 11844.192, 2187.309, 683.5348],
    [9.8793, 75.4568, 1449.6011, 492.0628],
    [73.0944, 52.016, 881.6297, 1189.2599]
  ],
  "p_est": [
    [0.5026, 0.0519, 0.3783, 0.0673],
    [0.008, 0.0007, 0.9896, 0.0017],
    [0.0054, 0.8006, 0.1478, 0.0462],
    [0.0049, 0.0372, 0.7151, 0.2428],
    [0.0333, 0.0237, 0.4015, 0.5416]
  ],
  "EI_Z": {},
  "EI_V": 9.9306,
  "MAE_Z": {},
  "MAE_V": 330.2613,
  "MAE_p": 0.0876,
  "runtime": 4.759
}
