{
  "X": [
    [50, 3, 19, 28],
    [45, 9, 21, 25],
    [57, 4, 20, 19],
    [39, 9, 26, 26],
    [55, 5, 24, 16],
    [44, 8, 26, 22],
    [50, 8, 26, 16],
    [38, 10, 29, 23],
    [56, 4, 17, 23],
    [52, 5, 21, 22],
    [40, 10, 24, 26],
    [60, 4, 19, 17],
    [45, 4, 19, 32],
    [48, 8, 16, 28],
    [49, 11, 14, 26],
    [49, 2, 23, 26],
    [48, 11, 19, 22],
    [43, 3, 27, 27],
    [45, 4, 20, 31],
    [50, 5, 16, 29],
    [50, 3, 19, 28],
    [46, 9, 12, 33],
    [52, 4, 16, 28],
    [40, 5, 23, 32],
    [46, 3, 23, 28],
    [28, 5, 30, 37],
    [22, 8, 29, 41],
    [23, 10, 19, 48],
    [22, 7, 21, 50],
    [15, 10, 25, 50],
    [22, 13, 21, 44],
    [30, 7, 31, 32],
    [12, 9, 27, 52],
    [13, 6, 38, 43],
    [24, 7, 27, 42],
    [16, 10, 30, 44],
    [18, 7, 29, 46],
    [17, 12, 39, 32],
    [26, 9, 55, 10],
    [21, 7, 52, 20],
    [24, 5, 55, 16],
    [22, 15, 49, 14],
    [25, 11, 56, 8],
    [20, 6, 61, 13],
    [17, 8, 57, 18],
    [16, 6, 57, 21],
    [33, 9, 47, 11],
    [25, 5, 51, 19],
    [21, 14, 51, 14],
    [22, 4, 57, 17]
  ],
  "W": [
    [60, 16, 13, 11],
    [60, 13, 12, 15],
    [69, 14, 6, 11],
    [63, 11, 10, 16],
    [67, 13, 8, 12],
    [65, 7, 14, 14],
    [61, 11, 12, 16],
    [63, 9, 9, 19],
    [70, 13, 12, 5],
    [63, 17, 14, 6],
    [61, 11, 11, 17],
    [59, 24, 4, 13],
    [38, 36, 12, 14],
    [14, 60, 14, 12],
    [8, 59, 22, 11],
    [16, 61, 9, 14],
    [12, 63, 11, 14],
    [16, 56, 7, 21],
    [10, 60, 15, 15],
    [13, 58, 14, 15],
    [7, 72, 10, 11],
    [13, 72, 7, 8],
    [13, 63, 12, 12],
    [9, 62, 12, 17],
    [10, 59, 16, 15],
    [18, 11, 55, 16],
    [12, 15, 57, 16],
    [10, 10, 72, 8],
    [7, 14, 68, 11],
    [12, 8, 71, 9],
    [11, 11, 65, 13],
    [12, 18, 52, 18],
    [8, 11, 72, 9],
    [12, 9, 69, 10],
    [14, 15, 61, 10],
    [8, 11, 67, 14],
    [10, 11, 70, 9],
    [14, 12, 33, 41],
    [20, 10, 10, 60],
    [13, 10, 14, 63],
    [11, 16, 11, 62],
    [7, 19, 16, 58],
    [14, 11, 12, 63],
    [9, 12, 16, 63],
    [16, 6, 19, 59],
    [13, 8, 13, 66],
    [21, 15, 9, 55],
    [17, 17, 11, 55],
    [8, 15, 12, 65],
    [13, 15, 9, 63]
  ],
  "method": "mcmc",
  "mcmc_stepsize": 3000,
  "mcmc_samples": 1000,
  "burn_in": 10000,
  "cond_prob": [
    [
      [0.62741302015, 0.015576701047, 0.1437912577, 0.2132190211],
      [0.59421755763, 0.0080036183466, 0.068389696794, 0.32938912723],
      [0.15585470209, 0.038673116533, 0.13676350696, 0.66870867442],
      [0.074693340167, 0.13041722988, 0.68185125443, 0.11303817553]
    ],
    [
      [0.55781183129, 0.068319744017, 0.16317434338, 0.21069408131],
      [0.65152768281, 0.0094772657864, 0.080831536474, 0.25816351493],
      [0.16724056356, 0.1470875373, 0.081743150052, 0.60392874909],
      [0.070302898896, 0.20083736375, 0.61185410814, 0.11700562921]
    ],
    [
      [0.65460577538, 0.04134270959, 0.10760569895, 0.19644581608],
      [0.71987182047, 0.0077237311096, 0.10878159671, 0.16362285171],
      [0.21627079662, 0.082715009758, 0.23413749456, 0.46687669906],
      [0.041488293878, 0.049357340381, 0.87703995008, 0.032114415661]
    ],
    [
      [0.51652754857, 0.059984780216, 0.15278298946, 0.27070468175],
      [0.47440927665, 0.095006538495, 0.21672031773, 0.21386386713],
      [0.092717605607, 0.10841349051, 0.18483385282, 0.61403505107],
      [0.019567896303, 0.19323450112, 0.75890060253, 0.028297000045]
    ],
    [
      [0.64088902984, 0.043393641915, 0.14972670248, 0.16599062576],
      [0.70585973654, 0.073350872677, 0.079943725294, 0.14084566549],
      [0.1383533233, 0.11138452929, 0.37785355872, 0.37240858868],
      [0.14811931993, 0.020665701049, 0.82551783625, 0.0056971427735]
    ],
    [
      [0.58566507897, 0.052680217923, 0.17329896333, 0.18835573977],
      [0.6224614212, 0.12329277423, 0.097899348663, 0.15634645591],
      [0.091802064969, 0.13305300447, 0.20113303455, 0.57401189601],
      [0.020665072066, 0.13214245377, 0.8024578185, 0.044734655665]
    ],
    [
      [0.63155542875, 0.078948213906, 0.14105031347, 0.14844604387],
      [0.71522480849, 0.077978818111, 0.097874602758, 0.10892177064],
      [0.12425979048, 0.13974387416, 0.30761396236, 0.428382373],
      [0.13228302918, 0.040591591411, 0.78924641873, 0.037878960686]
    ],
    [
      [0.49617284044, 0.070516447508, 0.19314530572, 0.24016540634],
      [0.50959403176, 0.15506940446, 0.13706232729, 0.1982742365],
      [0.084054776005, 0.116887763, 0.17726886198, 0.62178859901],
      [0.073593251723, 0.16367627894, 0.73699289664, 0.025737572695]
    ],
    [
      [0.64684992868, 0.02654596633, 0.14366388012, 0.18294022487],
      [0.61017263252, 0.064413958609, 0.077104849988, 0.24830855888],
      [0.13829034494, 0.088053466463, 0.25118494166, 0.52247124694],
      [0.22575532601, 0.049551859481, 0.5853892084, 0.13930360611]
    ],
    [
      [0.5878039287, 0.041162367136, 0.17223435277, 0.19879935139],
      [0.66931232835, 0.026186303369, 0.1006704896, 0.20383087867],
      [0.22687532876, 0.099162547066, 0.28945251762, 0.38450960655],
      [0.068964717862, 0.095554675708, 0.73091703421, 0.10456357222]
    ],
    [
      [0.50217026799, 0.061911535742, 0.173673925, 0.26224427126],
      [0.58690603537, 0.058055020049, 0.099265584266, 0.25577336032],
      [0.17077203936, 0.21492495749, 0.10645983669, 0.50784316645],
      [0.06077381356, 0.18944803334, 0.65546534966, 0.09431280344]
    ],
    [
      [0.71580196519, 0.034339757672, 0.11453030074, 0.13532797641],
      [0.67840465217, 0.023529147336, 0.033925088202, 0.26414111229],
      [0.1187439225, 0.013333148746, 0.27889230855, 0.5890306202],
      [0.077768977839, 0.1043017051, 0.79330314658, 0.024626170486]
    ],
    [
      [0.65380616481, 0.026364888702, 0.10555336594, 0.21427558056],
      [0.52893436682, 0.027699834536, 0.083584403342, 0.3597813953],
      [0.086491095635, 0.0039637276237, 0.16590538248, 0.74363979426],
      [0.0054168131629, 0.13952681818, 0.71350492745, 0.14155144121]
    ],
    [
      [0.56171702099, 0.11001504035, 0.049066722332, 0.27920121632],
      [0.60963088171, 0.070571582857, 0.050084679578, 0.26971285585],
      [0.22155884081, 0.10238504247, 0.16306063994, 0.51299547678],
      [0.038023752672, 0.066008655755, 0.8354280128, 0.060539578777]
    ],
    [
      [0.67353155546, 0.1655231206, 0.050160981921, 0.11078434202],
      [0.67068627563, 0.080289634964, 0.04224750549, 0.20677658392],
      [0.15554148774, 0.13017558363, 0.14463301814, 0.5696499105],
      [0.056304051277, 0.18862397568, 0.7203802656, 0.034691707436]
    ],
    [
      [0.52151894753, 0.042254907739, 0.19251197892, 0.24371416582],
      [0.63392497509, 0.0055615568821, 0.068271335329, 0.2922421327],
      [0.1518979114, 0.093370376559, 0.32896137539, 0.42577033665],
      [0.044228011174, 0.010309508381, 0.9139003217, 0.031562158747]
    ],
    [
      [0.51965970874, 0.13788450204, 0.10038563587, 0.24207015335],
      [0.63740471549, 0.085440859691, 0.069364580449, 0.20778984437],
      [0.1087979637, 0.18095578443, 0.19825191362, 0.51199433825],
      [0.02934348703, 0.14086415617, 0.80318805367, 0.026604303131]
    ],
    [
      [0.59271687787, 0.025778580897, 0.1579731574, 0.22353138383],
      [0.56092211029, 0.021933531051, 0.092368997358, 0.3247753613],
      [0.17668066108, 0.086527351142, 0.25223331392, 0.48455867386],
      [0.041339388116, 0.035884452801, 0.83495868724, 0.087817471841]
    ],
    [
      [0.49572348591, 0.01472132428, 0.27673377566, 0.21282141415],
      [0.61645859041, 0.032434870223, 0.05160956174, 0.29949697762],
      [0.13435218861, 0.019085750845, 0.13771525123, 0.70884680931],
      [0.069331125797, 0.10802721874, 0.80469065136, 0.017951004096]
    ],
    [
      [0.54601107504, 0.054215213337, 0.11279058289, 0.28698312873],
      [0.67345180634, 0.029078448745, 0.050378556557, 0.24709118836],
      [0.14461978458, 0.080538762632, 0.098916030809, 0.67592542198],
      [0.12113161818, 0.098740634839, 0.68179611406, 0.098331632928]
    ],
    [
      [0.54862646471, 0.018826140314, 0.17219724236, 0.26035015261],
      [0.62752966324, 0.030712406343, 0.084783518412, 0.25697441201],
      [0.062436890699, 0.05239657161, 0.16065021844, 0.72451631925],
      [0.032100916981, 0.012087095, 0.91670034485, 0.039111643168]
    ],
    [
      [0.53551335311, 0.074803114454, 0.12512413407, 0.26455939837],
      [0.53602491695, 0.062764625295, 0.057253956111, 0.34395650164],
      [0.050681544446, 0.13546304537, 0.15501406206, 0.65884134812],
      [0.011220197223, 0.32003314666, 0.64575037283, 0.022996283287]
    ],
    [
      [0.62443456956, 0.049724610676, 0.12383021152, 0.20201060824],
      [0.65234179599, 0.035514349285, 0.042888990613, 0.26925486411],
      [0.16475915906, 0.042423742839, 0.15258198965, 0.64023510845],
      [0.067308961616, 0.050590928517, 0.82143474715, 0.060665362717]
    ],
    [
      [0.5151922613, 0.017760939979, 0.31531441298, 0.15173238574],
      [0.5501900258, 0.045630363349, 0.065406984235, 0.33877262662],
      [0.027692431986, 0.019023105862, 0.18280556273, 0.77047889942],
      [0.054069344994, 0.10487010248, 0.81842767693, 0.02263287559]
    ],
    [
      [0.48992099019, 0.025643498529, 0.20311495545, 0.28132055583],
      [0.63176930721, 0.030023001594, 0.088314924084, 0.24989276711],
      [0.17187815931, 0.014265584489, 0.17298504686, 0.64087120934],
      [0.07175669491, 0.049597237921, 0.86603394499, 0.012612122177]
    ],
    [
      [0.50843760142, 0.054090793879, 0.16432320386, 0.27314840084],
      [0.89252964302, 0.090239298477, 0.0047753295395, 0.012455728967],
      [0.1460324054, 0.054520080325, 0.23703783065, 0.56240968363],
      [0.062407175268, 0.0021955630674, 0.87203581373, 0.06336144793]
    ],
    [
      [0.73856415575, 0.001935152439, 0.089150701513, 0.1703499903],
      [0.53507093481, 0.06955125969, 0.065312915634, 0.33006488987],
      [0.089135794553, 0.06987919877, 0.26238075078, 0.57860425589],
      [0.0019016137153, 0.18439968409, 0.74967469079, 0.064024011397]
    ],
    [
      [0.76605116628, 0.0073680366985, 0.023774346515, 0.20280645051],
      [0.46602490704, 0.07988883111, 0.08007872253, 0.37400753932],
      [0.14515328146, 0.11399130197, 0.17099300766, 0.5698624089],
      [0.028525375181, 0.11500719748, 0.70624659475, 0.15022083259]
    ],
    [
      [0.70647038423, 0.0071381488602, 0.027604276044, 0.25878719086],
      [0.64218901489, 0.046198322187, 0.074193550698, 0.23741911222],
      [0.11092230317, 0.070708434902, 0.19286455256, 0.62550470937],
      [0.047394953294, 0.13591662491, 0.60484279853, 0.21184562326]
    ],
    [
      [0.41051098916, 0.020200973855, 0.1696848469, 0.39960319009],
      [0.44646824209, 0.032268271958, 0.080513674843, 0.44074981111],
      [0.084566334252, 0.12176938515, 0.21638044305, 0.57728383755],
      [0.055323606833, 0.094868421367, 0.77296233134, 0.076845640457]
    ],
    [
      [0.73675359045, 0.012769396792, 0.078579203952, 0.17189780881],
      [0.48336392513, 0.12611841244, 0.085626017245, 0.30489164519],
      [0.12905000763, 0.13056467186, 0.16646637246, 0.57391894806],
      [0.014650525615, 0.22965618675, 0.64410987363, 0.111583414]
    ],
    [
      [0.91168334317, 0.0011239241337, 0.0045155316914, 0.082677201008],
      [0.61142072084, 0.054732537945, 0.056566149979, 0.27728059124],
      [0.15372144217, 0.096254516827, 0.26949786543, 0.48052617558],
      [0.0033728841238, 0.055338464023, 0.88409632877, 0.057192323084]
    ],
    [
      [0.40508969327, 0.0045961196095, 0.22893091413, 0.36138327299],
      [0.44928534809, 0.056030244295, 0.091413217402, 0.40327119021],
      [0.052620374759, 0.10225280234, 0.23317786244, 0.61194896045],
      [0.0031640713551, 0.1094107319, 0.81935568886, 0.068069507888]
    ],
    [
      [0.18169079152, 0.0020607635085, 0.45522400418, 0.36102444079],
      [0.65788287543, 0.0026904726629, 0.011322525603, 0.3281041263],
      [0.070448428679, 0.078809843152, 0.33397563275, 0.51676609542],
      [0.0037823043982, 0.051317740648, 0.93910905599, 0.0057908989641]
    ],
    [
      [0.47462951508, 0.010396792402, 0.14520452507, 0.36976916744],
      [0.54292532867, 0.011774721875, 0.089040201065, 0.35625974839],
      [0.12325298049, 0.10531578311, 0.27308475429, 0.49834648212],
      [0.1692875049, 0.025356130862, 0.69733636214, 0.1080200021]
    ],
    [
      [0.51170622506, 0.026179206312, 0.1511170173, 0.31099755133],
      [0.45792669735, 0.093745532515, 0.093101728143, 0.35522604199],
      [0.092198819897, 0.10795231525, 0.25657791268, 0.54327095218],
      [0.049416828254, 0.10904002645, 0.75544462162, 0.086098523674]
    ],
    [
      [0.51977831351, 0.010688523019, 0.1629583487, 0.30657481477],
      [0.5607656628, 0.028266342565, 0.098402106154, 0.31256588849],
      [0.084554574773, 0.087192606138, 0.28684343281, 0.54140938628],
      [0.079441593337, 0.053189174659, 0.68988367209, 0.17748555992]
    ],
    [
      [0.37607345704, 0.22027057874, 0.12990508136, 0.27375088286],
      [0.38772812269, 0.044414414004, 0.065149395411, 0.50270806789],
      [0.088982046421, 0.13568725615, 0.17865339665, 0.59667730078],
      [0.10111772188, 0.095257548208, 0.7439993665, 0.059625363405]
    ],
    [
      [0.68679647022, 0.059290273921, 0.15356136262, 0.10035189323],
      [0.76121353513, 0.027453690836, 0.09371522336, 0.11761755067],
      [0.089968589743, 0.14181699548, 0.33735238712, 0.43086202766],
      [0.062537489113, 0.10202479431, 0.79363494405, 0.041802772535]
    ],
    [
      [0.54620222678, 0.06953857576, 0.14423108805, 0.2400281094],
      [0.45776648318, 0.082285240879, 0.069410010582, 0.39053826535],
      [0.18772438413, 0.088519718947, 0.1252311405, 0.59852475642],
      [0.10624706099, 0.064029683192, 0.75678825052, 0.072935005306]
    ],
    [
      [0.49430825918, 0.075952038175, 0.23565079965, 0.19408890299],
      [0.71617649453, 0.01200904602, 0.015919194369, 0.25589526508],
      [0.19096052357, 0.083553868574, 0.15951938507, 0.56596622279],
      [0.080697088343, 0.049246617572, 0.81287775578, 0.057178538309]
    ],
    [
      [0.53159171372, 0.1058854292, 0.16687200604, 0.19565085105],
      [0.64834633964, 0.063375879864, 0.098145029558, 0.19013275094],
      [0.10428002274, 0.23831709777, 0.23862444206, 0.41877843743],
      [0.073996503224, 0.15933770196, 0.72670947109, 0.039956323725]
    ],
    [
      [0.65086135315, 0.083476020219, 0.20657800564, 0.059084620991],
      [0.78180270504, 0.036883195297, 0.08924463092, 0.092069468741],
      [0.15741903265, 0.24209090224, 0.29008766511, 0.3104024],
      [0.085699728709, 0.10350047209, 0.77214547618, 0.038654323015]
    ],
    [
      [0.56467767182, 0.083382446284, 0.27416327294, 0.077776608964],
      [0.65772535372, 0.052603786559, 0.10816472878, 0.18150613095],
      [0.13923234967, 0.077517222398, 0.3720057681, 0.41124465983],
      [0.076150462132, 0.053619634704, 0.81400732554, 0.056222577628]
    ],
    [
      [0.52868677537, 0.075363376092, 0.23241899549, 0.16353085305],
      [0.4299699988, 0.095053723872, 0.17487876049, 0.30009751683],
      [0.11517125741, 0.088120163692, 0.26395171391, 0.53275686499],
      [0.063948096789, 0.077111534392, 0.80028713466, 0.05865323416]
    ],
    [
      [0.52814466679, 0.05572383205, 0.16813478685, 0.24799671431],
      [0.4059593224, 0.094480065872, 0.078268858351, 0.42129175338],
      [0.11387125365, 0.061154972934, 0.20803525151, 0.61693852191],
      [0.066759370532, 0.056435378913, 0.78005513083, 0.09675011973]
    ],
    [
      [0.66836865052, 0.051829260533, 0.13191259685, 0.1478894921],
      [0.73797795518, 0.028639768318, 0.049621705578, 0.18376057093],
      [0.14694067495, 0.23219005556, 0.17961280045, 0.44125646904],
      [0.11949314431, 0.098041427345, 0.7612544487, 0.02121097965]
    ],
    [
      [0.55139474012, 0.017048306605, 0.25880884887, 0.1727481044],
      [0.55815256378, 0.05853616169, 0.066091748183, 0.31721952635],
      [0.12797977253, 0.069526969168, 0.13834244214, 0.66415081616],
      [0.0859985152, 0.053641225057, 0.79918041794, 0.061179841807]
    ],
    [
      [0.67984126724, 0.05513603657, 0.15286160171, 0.11216109447],
      [0.53952162796, 0.091857168167, 0.065348847555, 0.30327235632],
      [0.0927161509, 0.28911411432, 0.19392640207, 0.42424333271],
      [0.097782332797, 0.1340259202, 0.71491934843, 0.053272398568]
    ],
    [
      [0.59288099159, 0.0063946211081, 0.22034144797, 0.18038293934],
      [0.52587760059, 0.039804139465, 0.054761130172, 0.37955712978],
      [0.13073358072, 0.058563293699, 0.16668275867, 0.64402036691],
      [0.082980648795, 0.044329177624, 0.82244443485, 0.050245738727]
    ]
  ],
  "expected_outcome": [
    [
      [37.644781209, 33.4687098773, 45.167798501, 32.5412355599, 42.9395649994, 38.0682301331, 38.524881154, 31.2588889474, 45.2794950079, 37.0316475081, 30.6323863475, 42.232315946, 24.8446342626, 7.8640382939, 5.3882524437, 8.3443031604, 6.2359165049, 9.4834700459, 4.9572348591, 7.0981439756, 3.840385253, 6.9616735904, 8.1176494042, 4.6367303517, 4.8992099019, 9.1518768256, 8.8627698689, 7.6605116628, 4.9452926896, 4.9261318699, 8.1042894949, 10.940200118, 3.2407175462, 2.1802894983, 6.6448132112, 4.0936498005, 5.1977831351, 5.2650283985, 13.7359294045, 7.1006289482, 5.437390851, 3.721141996, 9.1120589441, 5.0820990463, 8.458988406, 6.8658806683, 14.0357416609, 9.373710582, 5.4387301379, 7.7074528906],
      [0.93460206282, 4.099184641, 2.8526469617, 3.7790411536, 2.9073740083, 3.424214165, 4.8158410483, 4.442536193, 1.8582176431, 2.5932291296, 3.7766036803, 2.0260457027, 1.0018657707, 1.5402105649, 1.3241849648, 0.67607852383, 1.6546140244, 0.41245729435, 0.1472132428, 0.70479777338, 0.1317829822, 0.9724404879, 0.64641993879, 0.15984845981, 0.25643498529, 0.97363428982, 0.023221829268, 0.073680366985, 0.049967042021, 0.24241168626, 0.14046336471, 0.013487089604, 0.036768956876, 0.024729162103, 0.14555509362, 0.2094336505, 0.10688523019, 3.0837881024, 1.1858054784, 0.90400148488, 0.83547241992, 0.74119800437, 1.1686642831, 0.75044201656, 1.2058140175, 0.72440981665, 1.0884144712, 0.28982121228, 0.44108829256, 0.083130074405],
      [8.6274754621, 9.7904606031, 7.4247932278, 9.6253283363, 10.0316890664, 11.2644326167, 8.6040691217, 12.1681542603, 10.0564716082, 10.8507642248, 10.5941094252, 6.7572877434, 4.0110279056, 0.68693411265, 0.40128785537, 3.0801916627, 1.2046276305, 2.5275705185, 2.7673377566, 1.4662775775, 1.2053806965, 1.6266137429, 1.6097927498, 2.8378297168, 2.0311495545, 2.9578176695, 1.0698084182, 0.23774346515, 0.19322993231, 2.0362181627, 0.86437124347, 0.054186380297, 1.8314473131, 5.4626880501, 2.032863351, 1.2089361384, 1.629583487, 1.8186711391, 3.0712272524, 1.8750041447, 2.5921587962, 1.1681040423, 2.892092079, 2.4674694564, 3.7187039278, 2.1857522291, 2.7701645339, 4.3997504308, 1.2228928137, 2.8644388236],
      [12.7931412661, 12.6416448786, 13.5547613094, 17.0543949502, 11.1213719259, 12.2431230852, 9.055208676, 15.1304205992, 12.8058157408, 12.5243591375, 15.9969005471, 7.9843506079, 8.1424720611, 3.9088170285, 0.88627473616, 3.8994266531, 2.9048418402, 3.5765021413, 2.1282141415, 3.7307806735, 1.8224510683, 3.4392721788, 2.6261379072, 1.3655914717, 2.8132055583, 4.9166712151, 2.0441998836, 2.0280645051, 1.811510336, 4.7952382811, 1.8908758969, 0.99212641209, 2.8910661839, 4.3322932895, 5.1767683442, 2.4879804106, 3.0657481477, 3.83251236, 2.0070378647, 3.1203654223, 2.1349779329, 1.3695559573, 0.82718469388, 0.69998948068, 2.6164936488, 3.223957286, 3.105679334, 2.9367177749, 0.89728875579, 2.3449782114]
    ],
    [
      [9.507480922, 8.4698598766, 10.0782054866, 5.2185020432, 9.176176575, 4.3572299484, 7.8674728934, 4.5863462858, 7.9322442228, 11.378309582, 6.455966389, 16.2817116521, 19.0416372055, 36.5778529027, 39.5704902621, 38.6694234805, 40.156497076, 31.4116381761, 36.9875154249, 39.0602047677, 45.1821357532, 38.5937940207, 41.0975331476, 34.1117815995, 37.2743891255, 9.8178260732, 8.0260640221, 4.6602490704, 8.9906462085, 3.5717459367, 5.3170031765, 11.0055729751, 4.942138829, 5.9209458789, 8.1438799301, 5.0371936709, 6.1684222908, 4.6527374723, 7.6121353513, 4.5776648318, 11.4588239125, 12.3185804532, 8.5998297555, 7.8927042446, 2.5798199928, 3.2476745792, 11.0696693276, 9.4885935842, 8.0928244194, 7.8881640088],
      [0.12805789355, 0.12320445522, 0.10813223554, 1.0450719234, 0.9535613448, 0.86304941963, 0.85776699922, 1.3956246401, 0.83738146192, 0.44516715727, 0.63860522054, 0.56469953607, 0.99719404329, 4.2342949714, 4.7370884629, 0.33925496981, 5.3827741605, 1.2282777388, 1.9460922134, 1.6865500272, 2.2112932567, 4.5190530212, 2.2374040049, 2.8290825276, 1.7713570941, 0.99263228325, 1.0432688954, 0.7988883111, 0.64677651061, 0.25814617566, 1.3873025368, 0.985185683, 0.61633268724, 0.024214253966, 0.17662082812, 1.0312008577, 0.31092976821, 0.53297296805, 0.27453690836, 0.82285240879, 0.19214473632, 1.2041417174, 0.40571514827, 0.63124543871, 0.57032234323, 0.75584052697, 0.42959652477, 0.99511474872, 1.3778575225, 0.59706209197],
      [1.0942351487, 1.0508099742, 1.5229423539, 2.383923495, 1.0392684288, 0.68529544064, 1.0766206303, 1.2335609456, 1.0023630498, 1.7113983233, 1.0919214269, 0.81420211684, 3.0090385203, 3.0050807747, 2.4926028239, 4.1645514551, 4.3699685683, 5.172663852, 3.0965737044, 2.9219562803, 6.1044133257, 4.12228484, 2.7020064086, 4.0552330226, 5.2105805209, 0.052528624934, 0.97969373451, 0.8007872253, 1.0387097098, 0.64410939874, 0.9418861897, 1.0181906996, 1.0055453914, 0.10190273043, 1.335603016, 1.0241190096, 1.0824231677, 0.78179274493, 0.9371522336, 0.69410010582, 0.2547071099, 1.8647555616, 0.98169094012, 1.2979767453, 1.049272563, 0.62615086681, 0.74432558368, 1.1235597191, 0.98023271333, 0.82141695258],
      [5.2702260357, 3.356125694, 2.2907199239, 2.3525025384, 1.8309936513, 1.0944251914, 1.198139477, 1.7844681285, 3.2280112654, 3.4651249375, 2.8135069635, 6.339386695, 12.9521302309, 16.1827713512, 12.1998184511, 17.8267700946, 13.0907601952, 18.187420233, 17.9698186573, 14.3312889248, 18.5021576644, 24.764868118, 16.9630564388, 21.0039028502, 14.7436732595, 0.13701301864, 4.950973348, 3.7400753932, 3.3238675711, 3.5259984889, 3.353808097, 4.9910506423, 4.4359830924, 2.9529371367, 5.3438962258, 3.9074864619, 3.4382247733, 6.0324968147, 1.1761755067, 3.9053826535, 4.0943242413, 3.6125222678, 1.0127641562, 2.1780735714, 1.800585101, 3.370334027, 2.7564085639, 5.392731948, 4.5490853447, 5.6933569466]
    ],
    [
      [2.0261111271, 2.0068867627, 1.2976247797, 0.92717605607, 1.1068265864, 1.2852289096, 1.4911174857, 0.75649298404, 1.6594841392, 3.1762546027, 1.878492433, 0.47497569002, 1.0378931476, 3.1018237713, 3.4219127302, 1.3670812026, 1.1967776007, 1.2367646275, 2.0152828291, 2.0246769841, 0.62436890699, 0.35477081112, 1.9771099088, 0.33230918383, 2.750050549, 8.0317822969, 5.0807402895, 10.4510362654, 7.5427166156, 6.0042097319, 8.3882504956, 7.9935149927, 3.7886669827, 4.8609415789, 7.5184318097, 6.1773209331, 5.9188202341, 2.9364075319, 0.89968589743, 2.6281413779, 2.1005657593, 1.6684803638, 1.8890283918, 2.2277175947, 2.1882538907, 1.4803262974, 1.3224660745, 1.4077774978, 1.1125938108, 1.1766022265],
      [0.50275051493, 1.7650504476, 0.49629005855, 1.0841349051, 0.89107623434, 1.8627420626, 1.6769264899, 1.051989867, 1.0566415976, 1.3882756589, 2.3641745324, 0.053332594985, 0.047564731484, 1.4333905946, 2.8638628398, 0.84033338903, 1.9905136287, 0.60569145799, 0.28628626267, 1.1275426768, 0.5239657161, 0.9482413176, 0.50908491406, 0.22827727035, 0.22824935182, 2.9986044179, 3.9831143299, 8.2073737421, 4.8081735733, 8.6456263458, 8.4867036707, 5.005234875, 7.3622017688, 5.4378791775, 6.4242627696, 7.2328051215, 6.1034824297, 4.477679453, 1.4181699548, 1.2392760653, 0.91909255431, 3.8130735644, 2.9050908269, 1.2402755584, 1.6742831101, 0.79501464814, 2.0897105001, 0.76479666085, 3.4693693718, 0.52706964329],
      [1.7779255905, 0.98091780062, 1.4048249674, 1.8483385282, 3.0228284698, 2.8158624837, 3.6913675483, 1.5954197579, 3.0142193, 4.0523352467, 1.1710582036, 1.1155692342, 1.9908645898, 2.2828489591, 3.1819263991, 2.9606523785, 2.1807710499, 1.7656331974, 2.0657287685, 1.3848244313, 1.6065021844, 1.0850984344, 1.8309838758, 2.1936667527, 2.7677607497, 13.0370806858, 14.9557027946, 12.3114965516, 13.1147895741, 15.3630114564, 10.8203142096, 14.0138890022, 16.7888060958, 23.0443186595, 16.6581700116, 17.1907201493, 20.0790402965, 5.8955620894, 3.3735238712, 1.753235967, 1.7547132358, 3.817991073, 3.4810519814, 5.9520922895, 5.0150825644, 2.7044582696, 1.6165152041, 1.5217668636, 2.3271168249, 1.500144828],
      [8.6932127674, 7.2471449891, 2.8012601944, 6.1403505107, 2.9792687095, 8.0361665442, 5.140588476, 5.5960973911, 6.2696549632, 5.3831344917, 5.5862748309, 2.3561224808, 8.9236775311, 7.1819366749, 12.5322980309, 3.8319330299, 5.6319377208, 3.391910717, 10.6327021397, 9.4629559077, 7.2451631925, 4.6118894369, 7.6828213014, 9.2457467931, 10.2539393495, 30.9325325994, 32.980442586, 41.030093441, 42.534320237, 40.9871524659, 37.3047316241, 24.9873611301, 44.0603251528, 35.6568605841, 30.399135409, 36.3991537961, 37.8986570397, 19.6903509257, 4.3086202766, 8.3793465899, 6.2256284506, 6.7004549989, 3.7248288, 6.5799145574, 10.1223804348, 8.0202007848, 3.9713082214, 7.3056589778, 5.0909199926, 5.7961833022]
    ],
    [
      [0.82162674184, 1.0545434834, 0.45637123266, 0.31308634085, 1.7774318392, 0.28931100892, 2.1165284668, 1.3982717827, 1.1287766301, 0.41378830717, 1.0331548305, 1.0109967119, 0.075835384281, 0.45628503206, 0.61934456405, 0.61919215643, 0.41080881842, 0.86812715044, 1.039966887, 1.8169742727, 0.35311008679, 0.089761577782, 0.8077075394, 0.9191788649, 1.0763504236, 0.99851480429, 0.030425819445, 0.22820300144, 0.52134448623, 0.4979124615, 0.19045683299, 0.060711914229, 0.028476642196, 0.037823043982, 1.692875049, 0.69183559556, 0.71497434003, 4.1458265973, 3.7522493468, 6.6935648421, 5.0032194773, 4.291797187, 5.3990829087, 4.7974791143, 3.7729377105, 4.4061184551, 6.5721229369, 4.729918336, 6.3558516318, 5.2277808741],
      [1.4345895287, 3.0125604562, 0.54293074419, 3.0917520179, 0.24798841259, 1.8499943528, 0.64946546258, 3.1098492998, 0.2477592974, 0.57332805425, 3.2206165668, 1.3559221663, 1.9533754545, 0.79210386906, 2.0748637325, 0.14433311733, 1.9720981864, 0.75357350882, 1.6204082811, 1.4811095226, 0.132958045, 2.5602651733, 0.6070911422, 1.7827917422, 0.74395856882, 0.035129009078, 2.9503949455, 0.92005757981, 1.495082874, 0.8538157923, 2.9855304278, 0.99609235241, 0.98469658711, 0.51317740648, 0.25356130862, 1.5265603703, 0.47870257193, 3.9055594765, 6.1214876584, 4.0338700411, 3.0532902894, 9.2415867138, 6.5205297418, 3.3780369864, 4.5495805291, 3.7247350082, 5.392278504, 2.9502673782, 8.7116848132, 2.7927381903],
      [7.5003637987, 9.1778116221, 9.6474394509, 12.1424096405, 9.9062140349, 11.2344094589, 12.6279426996, 14.0028650362, 2.926946042, 4.3855022053, 11.1429109442, 10.3129409055, 9.9890689843, 10.0251361536, 7.9241829216, 12.7946045038, 11.2446327514, 17.5341324321, 12.0703597705, 10.2269417108, 10.0837037934, 5.1660029827, 9.8572169658, 13.9132705079, 12.9905091749, 13.9525730197, 11.9947950527, 5.649972758, 6.6532707838, 6.9566609821, 8.3734283572, 15.9137339178, 7.3742011997, 9.3910905599, 6.9733636214, 10.5762247027, 6.2089530488, 30.5039740266, 47.6180966428, 47.6776597825, 50.3984208581, 42.1491493232, 48.6451649995, 51.2824615087, 47.2169409449, 51.4836386345, 41.8689946784, 43.9549229865, 46.4697576481, 51.8139993958],
      [1.2434199308, 1.7550844382, 0.35325857227, 0.45275200072, 0.068365713282, 0.62628517931, 0.60606337098, 0.48901388121, 0.69651803053, 0.6273814333, 1.6033176585, 0.32014021632, 1.9817201769, 0.72647494532, 0.3816087818, 0.44187022246, 0.37246024384, 1.8441669087, 0.26926506145, 1.4749744939, 0.43022807485, 0.18397026629, 0.72798435261, 0.38475888503, 0.18918183265, 1.0137831669, 1.0243841823, 1.2017666608, 2.3303018559, 0.69161076412, 1.450584382, 1.0294618155, 0.612625571, 0.057908989641, 1.080200021, 1.2053793314, 1.5973700393, 2.4446398996, 2.5081663521, 4.5949053343, 3.5450693751, 2.317466776, 2.43522235, 3.5420223906, 3.4605408154, 6.3855079022, 1.1666038807, 3.3648912994, 3.4627059069, 3.1654815398]
    ]
  ],
  "prob": [
    [0.58745659084, 0.049131838769, 0.15544482382, 0.20796674657],
    [0.60831088887, 0.047225733243, 0.069858375152, 0.27460500273],
    [0.11532555848, 0.10095548752, 0.22575610417, 0.55796284982],
    [0.073706961803, 0.091486940463, 0.77534069686, 0.059465400873]
  ],
  "iterations": 16,
  "time": 0.214976,
  "message": "Converged",
  "status": 0,
  "miniter": 0,
  "maxiter": 1000,
  "maxtime": 3600,
  "param_threshold": 0.001,
  "ll_threshold": "-Inf",
  "initial_prob": "group_proportional",
  "ballotbox_id": ["1", "2", "3", "4", "5", "6", "7", "8", "9", "10", "11", "12", "13", "14", "15", "16", "17", "18", "19", "20", "21", "22", "23", "24", "25", "26", "27", "28", "29", "30", "31", "32", "33", "34", "35", "36", "37", "38", "39", "40", "41", "42", "43", "44", "45", "46", "47", "48", "49", "50"],
  "candidates_id": ["1", "2", "3", "4"],
  "group_id": ["1", "2", "3", "4"]
}
