{
  "X": [
    [36, 53, 258, 845, 35],
    [18, 31, 87, 510, 24],
    [3, 14, 101, 198, 14],
    [14, 17, 63, 201, 9],
    [2, 12, 64, 76, 3],
    [4, 6, 49, 61, 4],
    [1, 4, 6, 25, 3],
    [7, 17, 75, 125, 5],
    [10, 23, 173, 379, 28],
    [12, 13, 64, 259, 22],
    [17, 30, 118, 321, 12],
    [28, 47, 188, 552, 31],
    [3, 7, 26, 140, 1],
    [43, 67, 236, 896, 42],
    [12, 27, 126, 423, 8],
    [17, 11, 81, 277, 33],
    [19, 29, 157, 418, 22],
    [13, 9, 59, 230, 16],
    [9, 14, 20, 269, 10],
    [25, 93, 301, 941, 37],
    [13, 17, 36, 210, 20],
    [13, 18, 65, 400, 14],
    [3, 9, 18, 75, 2],
    [5, 27, 95, 385, 9],
    [0, 10, 55, 124, 7],
    [12, 34, 125, 377, 25],
    [22, 36, 83, 368, 18],
    [19, 46, 140, 559, 16],
    [24, 32, 144, 490, 27],
    [22, 56, 154, 763, 28],
    [20, 26, 112, 523, 27],
    [35, 27, 109, 355, 22],
    [18, 43, 102, 373, 22],
    [16, 18, 49, 328, 11],
    [36, 41, 149, 747, 30],
    [27, 34, 130, 543, 20],
    [10, 21, 73, 242, 10],
    [50, 81, 309, 1191, 37],
    [22, 33, 86, 374, 14],
    [56, 68, 217, 458, 25],
    [37, 17, 130, 203, 15],
    [9, 10, 66, 126, 7],
    [25, 17, 127, 752, 29],
    [16, 19, 124, 603, 15],
    [7, 1, 4, 73, 1],
    [14, 15, 55, 355, 7],
    [7, 5, 180, 336, 44],
    [48, 72, 435, 1125, 55],
    [16, 5, 41, 252, 13],
    [99, 92, 268, 928, 60],
    [10, 5, 42, 121, 6]
  ],
  "W": [
    [67, 51, 539, 260, 170, 76, 64],
    [21, 30, 323, 114, 84, 62, 36],
    [8, 11, 101, 106, 48, 31, 25],
    [10, 14, 128, 72, 42, 20, 18],
    [23, 8, 30, 60, 16, 11, 9],
    [12, 7, 27, 37, 23, 6, 12],
    [3, 3, 14, 9, 2, 4, 4],
    [23, 7, 66, 68, 24, 37, 4],
    [46, 28, 187, 206, 67, 53, 26],
    [10, 32, 142, 81, 42, 34, 29],
    [28, 31, 181, 135, 56, 44, 23],
    [72, 91, 285, 202, 80, 75, 41],
    [4, 9, 90, 33, 24, 9, 8],
    [48, 80, 552, 262, 173, 106, 63],
    [39, 39, 206, 160, 71, 56, 25],
    [32, 29, 143, 103, 38, 55, 19],
    [34, 35, 248, 177, 61, 61, 29],
    [18, 23, 143, 72, 32, 18, 21],
    [5, 22, 197, 31, 20, 19, 28],
    [78, 66, 549, 343, 157, 137, 67],
    [14, 21, 133, 40, 40, 18, 30],
    [11, 34, 282, 64, 63, 24, 32],
    [9, 4, 54, 14, 12, 8, 6],
    [15, 25, 207, 122, 79, 45, 28],
    [18, 7, 67, 50, 31, 13, 10],
    [34, 39, 210, 148, 64, 50, 28],
    [28, 46, 224, 86, 48, 48, 47],
    [33, 29, 334, 158, 100, 91, 35],
    [30, 54, 317, 148, 89, 44, 35],
    [31, 52, 465, 161, 147, 104, 63],
    [26, 41, 307, 115, 114, 54, 51],
    [36, 61, 194, 122, 54, 39, 42],
    [29, 42, 222, 107, 63, 70, 25],
    [9, 29, 208, 70, 45, 25, 36],
    [39, 68, 463, 155, 131, 73, 74],
    [27, 48, 345, 148, 84, 61, 41],
    [25, 33, 137, 76, 38, 30, 17],
    [74, 104, 745, 343, 193, 137, 72],
    [27, 43, 212, 114, 49, 59, 25],
    [63, 100, 247, 217, 97, 56, 44],
    [25, 49, 100, 123, 58, 19, 28],
    [27, 22, 59, 62, 29, 11, 8],
    [13, 34, 503, 143, 135, 55, 67],
    [20, 37, 365, 117, 141, 48, 49],
    [2, 10, 51, 5, 11, 1, 6],
    [8, 20, 259, 49, 64, 18, 28],
    [3, 8, 279, 212, 44, 6, 20],
    [101, 110, 662, 469, 193, 127, 73],
    [8, 21, 177, 52, 34, 14, 21],
    [100, 185, 511, 341, 116, 93, 101],
    [21, 26, 73, 42, 10, 3, 9]
  ],
  "method": "mvn_pdf",
  "cond_prob": [
    [
      [0.013230272792, 0.21092628032, 0.52652604817, 0.23230125332, 0.017016145394],
      [0.45225327948, 0.11358875017, 0.022501811087, 0.38807109085, 0.023585068411],
      [0.0051961081786, 0.0055492140935, 0.021895316557, 0.94744241627, 0.019916944898],
      [0.005869042432, 0.016163564167, 0.67699530342, 0.23680146954, 0.064170620445],
      [0.0038448295624, 0.012191109269, 0.17319875437, 0.80506274031, 0.0057025664915],
      [0.00066140779909, 0.28492736623, 0.039055434335, 0.66409856062, 0.011257231019],
      [0.11474081418, 0.027688101786, 0.022904137658, 0.78231806523, 0.052348881147]
    ],
    [
      [0.013268742101, 0.24467034906, 0.4126929316, 0.30410470106, 0.025263276177],
      [0.39853424719, 0.1142178755, 0.015279572901, 0.4415460436, 0.030422260802],
      [0.0040078935642, 0.0049309203187, 0.013166880583, 0.95515260991, 0.022741695622],
      [0.0061181755489, 0.019413982515, 0.5526967003, 0.32241375363, 0.099357388006],
      [0.0031679586414, 0.011572713439, 0.11130772139, 0.8669985044, 0.0069531021283],
      [0.00053134585927, 0.26464500617, 0.024457472702, 0.69698531305, 0.01338086222],
      [0.090926266383, 0.025230100447, 0.014120649285, 0.80837873059, 0.061344253295]
    ],
    [
      [0.0035547129538, 0.15566083499, 0.6313048271, 0.18972896332, 0.019750661637],
      [0.2127988014, 0.1451348218, 0.046141300478, 0.5487070557, 0.047218020618],
      [0.0016823832849, 0.0048957548023, 0.031269311025, 0.93441597918, 0.027736571712],
      [0.0014400336982, 0.010819590968, 0.74287336418, 0.17660355924, 0.068263451909],
      [0.0011724643025, 0.010135338749, 0.23380877812, 0.74740200445, 0.0074814143832],
      [0.00021848735719, 0.25985368209, 0.056886026213, 0.66706774818, 0.015974056162],
      [0.039523703555, 0.026050745712, 0.034858916079, 0.82165512871, 0.077911505943]
    ],
    [
      [0.024717608158, 0.30832225724, 0.44756086059, 0.20463615955, 0.014763114464],
      [0.62698956437, 0.1123206794, 0.012937799056, 0.23379515947, 0.013956797704],
      [0.010863971286, 0.0088877652923, 0.020677985702, 0.94022022654, 0.019350051178],
      [0.012458120286, 0.026357359838, 0.65951253064, 0.2378804727, 0.063791516539],
      [0.0080708285, 0.019631214521, 0.16483243022, 0.80190126586, 0.0055642608982],
      [0.0011762487793, 0.39954794089, 0.031355362548, 0.55863671994, 0.0092837278443],
      [0.21570935443, 0.039107435314, 0.019007406241, 0.68139619594, 0.044779608069]
    ],
    [
      [0.0035039588066, 0.21300744402, 0.580967336, 0.19264165323, 0.0098796079315],
      [0.20685735078, 0.19044386253, 0.040727045887, 0.53922296727, 0.022748773531],
      [0.0016500040723, 0.0065594598315, 0.028418837639, 0.94961082862, 0.013760869838],
      [0.0015501091336, 0.016020274323, 0.74903329526, 0.19608004831, 0.037316272972],
      [0.0011613245646, 0.013739701932, 0.21511143229, 0.76623342895, 0.0037541122605],
      [0.00019690086346, 0.32467913147, 0.047558336071, 0.62028465756, 0.0072809740374],
      [0.039714622195, 0.035728444906, 0.032377510311, 0.85268594682, 0.039493475769]
    ],
    [
      [0.0051254266542, 0.13867485352, 0.71296400603, 0.13059697035, 0.012638743454],
      [0.36163055807, 0.13980911678, 0.055161191049, 0.41075667528, 0.032642458816],
      [0.0034303477843, 0.0060423993273, 0.048698348576, 0.91688047132, 0.024948432993],
      [0.0020325390547, 0.0093491420036, 0.82638173442, 0.11925648152, 0.042980103005],
      [0.0021312648413, 0.011198287405, 0.32786858106, 0.65279416652, 0.0060077001748],
      [0.00041014143865, 0.30548679225, 0.08172505056, 0.59917585622, 0.013202159527],
      [0.07879733989, 0.03092250209, 0.052019997061, 0.77076928559, 0.067490875371]
    ],
    [
      [0.0045524335063, 0.3921491, 0.32065623607, 0.24326002954, 0.03938220089],
      [0.2065673974, 0.23060896093, 0.015001096306, 0.48387119686, 0.063951348509],
      [0.0016216264555, 0.0079525719272, 0.011265754827, 0.93782109469, 0.041338952098],
      [0.0022888607178, 0.0297700834, 0.49628096783, 0.28505910752, 0.18660098054],
      [0.0013099901668, 0.019223011588, 0.098979993041, 0.86771192306, 0.012775082141],
      [0.00017754803743, 0.41592308137, 0.017259591075, 0.54700325392, 0.019636525598],
      [0.037168884044, 0.041545406231, 0.012209725215, 0.79192236921, 0.1171536153]
    ],
    [
      [0.021318065812, 0.17251782981, 0.60789171786, 0.18610212672, 0.012170259801],
      [0.66626232937, 0.069266623409, 0.019154704502, 0.23275106468, 0.012565278036],
      [0.010234869078, 0.0055256194063, 0.030551050399, 0.93629845811, 0.01739000301],
      [0.0090365693998, 0.012599720755, 0.75229944364, 0.18189576228, 0.044168503922],
      [0.007126049827, 0.011437217523, 0.22865144255, 0.74809413725, 0.0046911528476],
      [0.001290714447, 0.28504208217, 0.054123740235, 0.64979607224, 0.0097473909081],
      [0.21329172114, 0.024759232537, 0.028668058741, 0.69218634241, 0.041094645169]
    ],
    [
      [0.0066158585755, 0.1528434209, 0.53611689662, 0.27961239096, 0.024811432949],
      [0.27214535425, 0.09873119148, 0.027417846323, 0.56049292681, 0.041212681139],
      [0.0021665883548, 0.0033505805508, 0.018545786958, 0.95175629878, 0.024180745353],
      [0.0027104323616, 0.010813575166, 0.63670412743, 0.26322009543, 0.086551769621],
      [0.0016506040098, 0.007578997258, 0.15109872494, 0.8325442115, 0.0071274622919],
      [0.00031125843372, 0.19417244941, 0.037335491967, 0.75275795794, 0.015422842258],
      [0.051196318732, 0.01791009836, 0.02078864031, 0.84193540124, 0.06816954136]
    ],
    [
      [0.0078672600508, 0.15659069501, 0.50788051335, 0.28432838253, 0.043333149055],
      [0.29676532915, 0.092421671225, 0.023563118746, 0.52144634562, 0.065803535257],
      [0.0024902678413, 0.0033049123668, 0.016848023298, 0.93658744805, 0.040769348439],
      [0.003103698299, 0.01062959352, 0.58203987159, 0.2578627725, 0.14636406409],
      [0.001939508513, 0.0076437755229, 0.14060420565, 0.83753768439, 0.012274825922],
      [0.00036034594819, 0.19379498122, 0.034152598407, 0.74553253319, 0.026159541232],
      [0.056682432045, 0.017010394725, 0.01818061955, 0.79716139574, 0.11096515794]
    ],
    [
      [0.011324314751, 0.2445307855, 0.48798604527, 0.24259156543, 0.013567289047],
      [0.40548602258, 0.13553271344, 0.021415903059, 0.41819365889, 0.019371702027],
      [0.0042825978303, 0.0061592302457, 0.019466147702, 0.95481540132, 0.015276622898],
      [0.0052791799034, 0.019599704875, 0.66111351061, 0.26010937426, 0.053898230351],
      [0.0032124855738, 0.013722279838, 0.1563006038, 0.82232909997, 0.0044355308106],
      [0.00052889775654, 0.30891282554, 0.033681044391, 0.64850476097, 0.008372471338],
      [0.097399750396, 0.031566231682, 0.020899939692, 0.8089005874, 0.041233490827]
    ],
    [
      [0.0068103040455, 0.18465554866, 0.51213989951, 0.27498606419, 0.021408183592],
      [0.27391572783, 0.11831641561, 0.025998159935, 0.54648865786, 0.035281038763],
      [0.0022755187773, 0.0041343259023, 0.018089407626, 0.95420250223, 0.021298245466],
      [0.0029141516921, 0.013656844816, 0.63516857092, 0.27033393519, 0.077926497377],
      [0.0017345108455, 0.009356059267, 0.14742762551, 0.83520050116, 0.0062813032188],
      [0.00031304524757, 0.22906683363, 0.034870432059, 0.72274104651, 0.01300864255],
      [0.05364717978, 0.022092051258, 0.02027112508, 0.84399352667, 0.059996117218]
    ],
    [
      [0.0062805744257, 0.26450126024, 0.41573470936, 0.30517421374, 0.0083092422363],
      [0.24847030368, 0.15477522002, 0.019208909843, 0.56487058285, 0.012674983606],
      [0.0019059386884, 0.0051498404776, 0.013118589212, 0.97231953321, 0.007506098407],
      [0.0030617057408, 0.02145884286, 0.59696800086, 0.34375812007, 0.034753330471],
      [0.0014928904105, 0.011995370419, 0.11037954959, 0.87385321928, 0.0022789703012],
      [0.00024748210205, 0.28181791728, 0.023792745473, 0.68983267531, 0.0043091798313],
      [0.046826951128, 0.028564934887, 0.015184138967, 0.88760433606, 0.021819638959]
    ],
    [
      [0.01141418104, 0.2406256215, 0.48525062239, 0.24301127709, 0.019698297977],
      [0.39912649995, 0.13344800395, 0.021356051365, 0.41795693098, 0.028112513755],
      [0.0042898443468, 0.0060596045393, 0.019314336964, 0.94827261032, 0.022063603835],
      [0.0052226549808, 0.019018352167, 0.64362492522, 0.25549639077, 0.076637676858],
      [0.0032345637206, 0.013563943007, 0.15566807465, 0.8210966539, 0.0064367647194],
      [0.00053375729084, 0.30394633431, 0.03366780289, 0.64966435769, 0.012187747813],
      [0.095910490003, 0.030661181935, 0.020490405667, 0.79412071943, 0.058817202963]
    ],
    [
      [0.0070987287925, 0.18890811732, 0.44953228801, 0.34318075029, 0.011280115589],
      [0.25429075395, 0.10675299209, 0.020129514619, 0.60242184001, 0.016404899333],
      [0.0019351754039, 0.0034427828456, 0.012945243834, 0.9725239233, 0.009152874617],
      [0.003185189467, 0.01461962153, 0.5852232076, 0.35392045318, 0.043051528219],
      [0.0015228114466, 0.0080431403149, 0.10890977182, 0.87873633944, 0.002787936978],
      [0.00027780278766, 0.19939004667, 0.02603734005, 0.76846015207, 0.0058346584251],
      [0.047351937076, 0.019076007311, 0.015038824688, 0.89182498181, 0.026708249114]
    ],
    [
      [0.015337575375, 0.11667221796, 0.47959726021, 0.30854403208, 0.079848914373],
      [0.43081538793, 0.050379348749, 0.016334665434, 0.41374621683, 0.088724381064],
      [0.0043553662547, 0.0022206060553, 0.014328781176, 0.91166015187, 0.067435094639],
      [0.0054393690333, 0.0071542518353, 0.49323154835, 0.25150320085, 0.24267162993],
      [0.0035201683865, 0.005329152724, 0.12393801933, 0.84615464849, 0.021058011065],
      [0.00067834627511, 0.13929898968, 0.031287460786, 0.78212661608, 0.046608587179],
      [0.091721271864, 0.010517932678, 0.014237819112, 0.71440407699, 0.16911889936]
    ],
    [
      [0.010606552415, 0.17806199105, 0.54535978556, 0.24708461916, 0.018887051807],
      [0.39605947779, 0.10373569411, 0.02513582669, 0.44676935535, 0.028299646059],
      [0.0039211700346, 0.0044037759207, 0.021280773971, 0.94960793332, 0.020786346749],
      [0.0045090133338, 0.013063486554, 0.67263379607, 0.24143263319, 0.068361070851],
      [0.0029194996126, 0.0097360377135, 0.1695334171, 0.81182197487, 0.0059890707046],
      [0.00052981008026, 0.24044145073, 0.040293055379, 0.706267378, 0.012468305816],
      [0.089450304165, 0.022665446415, 0.022960557903, 0.80853461982, 0.056389071702]
    ],
    [
      [0.013273274189, 0.15405618235, 0.49548865503, 0.30406356837, 0.033118320067],
      [0.4150075129, 0.073499779967, 0.01861998582, 0.45212204799, 0.040750673321],
      [0.0039701601752, 0.0030631290775, 0.015529461171, 0.94797985086, 0.029457398713],
      [0.0053882315624, 0.0107472796, 0.58473109856, 0.28397879386, 0.11515459642],
      [0.0031034844378, 0.0071132612541, 0.13007729445, 0.85080224952, 0.0089037103392],
      [0.00058296725903, 0.18267205004, 0.031960284765, 0.76559884724, 0.019185850701],
      [0.089974987997, 0.01561423487, 0.016586979522, 0.79850280454, 0.079320993066]
    ],
    [
      [0.0092493996195, 0.31453986171, 0.32474684255, 0.32839622966, 0.02306766646],
      [0.2956724882, 0.15464178864, 0.012652023104, 0.50749033919, 0.029543360869],
      [0.0025974667977, 0.0057760308233, 0.0095455737989, 0.96275271881, 0.019328209766],
      [0.0046965046465, 0.026995713748, 0.4834222845, 0.38425474686, 0.10063075024],
      [0.0021033685901, 0.013896097814, 0.082792470362, 0.89515772271, 0.006050340527],
      [0.00032937490062, 0.30197809659, 0.016934872135, 0.66990784578, 0.010849810598],
      [0.060999050782, 0.030670270787, 0.010604128929, 0.84363355819, 0.054092991313]
    ],
    [
      [0.0067027172783, 0.27011734398, 0.46665896942, 0.24171666642, 0.014804302906],
      [0.27780050072, 0.17818664904, 0.024445549633, 0.49443964028, 0.025127660329],
      [0.002551020798, 0.0068904325671, 0.018820816321, 0.95494757894, 0.016790151374],
      [0.0032120222412, 0.022365542392, 0.64802824085, 0.26611049197, 0.060283702543],
      [0.001922018372, 0.015411381534, 0.15153815323, 0.82623340573, 0.0048950411302],
      [0.00030458452426, 0.33145030521, 0.031484923559, 0.62785860667, 0.0089015800409],
      [0.05957007824, 0.036453510405, 0.02087924178, 0.83630650173, 0.046790667847]
    ],
    [
      [0.012491874392, 0.29173622867, 0.39854258567, 0.23571715338, 0.061512157886],
      [0.40222031263, 0.14270537712, 0.015421594051, 0.36141505804, 0.078237658158],
      [0.004597998439, 0.0070497578857, 0.015357749113, 0.90549330178, 0.067501192784],
      [0.0054347706063, 0.021557924005, 0.50582184697, 0.23617359889, 0.23101185953],
      [0.0036607097265, 0.016684137565, 0.13118389373, 0.8277316187, 0.020739640271],
      [0.00054762765373, 0.34636031529, 0.025624461154, 0.5918996615, 0.03556793441],
      [0.094685627217, 0.032672255864, 0.014891845507, 0.69207380334, 0.16567646808]
    ],
    [
      [0.007188265241, 0.21411527748, 0.50699553781, 0.25340998192, 0.018290937544],
      [0.29619622517, 0.138306645, 0.025802196761, 0.50922836866, 0.030466564405],
      [0.002598330992, 0.0051371628359, 0.019232965458, 0.95333370955, 0.019697831163],
      [0.0031833917971, 0.016252162843, 0.65330638669, 0.2581487213, 0.069109337374],
      [0.0019592980154, 0.011506085266, 0.15544240427, 0.8253462325, 0.0057459799423],
      [0.00033775976194, 0.27220978019, 0.035005201221, 0.68109655504, 0.01135070379],
      [0.06088375507, 0.027241750952, 0.021360089834, 0.83546767194, 0.055046732203]
    ],
    [
      [0.0087562170705, 0.36176646544, 0.44477517951, 0.17526414577, 0.0094379922178],
      [0.41685000854, 0.21423633078, 0.020617003649, 0.33351043857, 0.014786218469],
      [0.0044668705422, 0.011521027006, 0.023010796948, 0.94665061679, 0.01435068871],
      [0.0046574961747, 0.031517469441, 0.70450289782, 0.21585769458, 0.043464441993],
      [0.003238264186, 0.024947514751, 0.18129830389, 0.7864866791, 0.0040292380705],
      [0.00042085897035, 0.4780811875, 0.030525678558, 0.48500391899, 0.0059683559835],
      [0.10321622602, 0.057879781192, 0.024028451686, 0.77703401811, 0.037841522998]
    ],
    [
      [0.0046477268617, 0.26075374246, 0.42885394478, 0.29384137039, 0.011903215501],
      [0.19189709397, 0.16996341165, 0.022155107287, 0.59598314234, 0.02000124475],
      [0.001471316048, 0.0054863050367, 0.014324692972, 0.96749936876, 0.011218317184],
      [0.0022424143263, 0.021576629576, 0.60130852618, 0.32595821148, 0.048914218436],
      [0.0011439486353, 0.012666234013, 0.11914144369, 0.863672496, 0.0033758776584],
      [0.00018861002205, 0.28571873417, 0.025712663886, 0.68199949061, 0.0063805013138],
      [0.035849872438, 0.03032975072, 0.016593265704, 0.88457090347, 0.032656207667]
    ],
    [
      [0.0021171192485, 0.18236963055, 0.58286288286, 0.21431869834, 0.018331668994],
      [0.12403426438, 0.1692489717, 0.042261697873, 0.62065848856, 0.043796577492],
      [0.00089498135733, 0.0050550974814, 0.025554120107, 0.94555657989, 0.022939221163],
      [0.00089041660654, 0.013052681635, 0.71298424903, 0.20707727812, 0.065995374614],
      [0.00064672437478, 0.010863563327, 0.19849549755, 0.78358247575, 0.0064117390025],
      [0.00011580125111, 0.26997204973, 0.046327881296, 0.67044295745, 0.013141310279],
      [0.02136878814, 0.027694689626, 0.029314571124, 0.85514801881, 0.066473932302]
    ],
    [
      [0.0061583960864, 0.23355445603, 0.48030173589, 0.25556927143, 0.024416140568],
      [0.25700350979, 0.15375925361, 0.025040856875, 0.52280078715, 0.04139559258],
      [0.0021975088513, 0.0055591196981, 0.018087880404, 0.94821865195, 0.025936839101],
      [0.0027540841854, 0.017980007039, 0.62345729711, 0.26271564919, 0.093092962473],
      [0.0016762231669, 0.012592089842, 0.14761276172, 0.83046546306, 0.0076534622118],
      [0.00028036324724, 0.28723465628, 0.032327270347, 0.66547603328, 0.014681676844],
      [0.051187053723, 0.029324562851, 0.019999909465, 0.82733383771, 0.072154636255]
    ],
    [
      [0.0094247531037, 0.26680644554, 0.46679809786, 0.23723788752, 0.01973281598],
      [0.35451060476, 0.157638958, 0.021797970106, 0.43599069028, 0.030061776847],
      [0.0036212163301, 0.0068266928815, 0.018872921537, 0.94809939991, 0.022579769344],
      [0.0044328006893, 0.021575964264, 0.63828512044, 0.25654612785, 0.07915998676],
      [0.0027364069892, 0.015321613446, 0.1527436794, 0.8225975871, 0.0066007130631],
      [0.00043350604541, 0.33169895487, 0.031658396333, 0.6242178098, 0.011991332945],
      [0.081930392774, 0.034927859853, 0.020233114413, 0.8020027104, 0.060905922559]
    ],
    [
      [0.012599358452, 0.24475311548, 0.46625422843, 0.26257151712, 0.013821780521],
      [0.41711618604, 0.12594122416, 0.019021140355, 0.41960544336, 0.01831600609],
      [0.0044231654093, 0.0057464426796, 0.017303067096, 0.95806924912, 0.014458075696],
      [0.0059169660464, 0.019822081671, 0.63557143475, 0.28344924089, 0.055240276642],
      [0.0033705019337, 0.01300130683, 0.14102097121, 0.83834359841, 0.0042636216129],
      [0.00055930026467, 0.29367045659, 0.030661749692, 0.66699074443, 0.0081177490276],
      [0.10058822896, 0.029449521191, 0.018588339986, 0.81234445314, 0.039029456719]
    ],
    [
      [0.0085454259299, 0.20339895236, 0.54164852971, 0.22447393163, 0.021933160368],
      [0.35157925033, 0.131965692, 0.027796058221, 0.45203897586, 0.036620023583],
      [0.0034487942845, 0.0054828511273, 0.02306593328, 0.94163904603, 0.026363375283],
      [0.0036861951785, 0.015121288465, 0.67803196826, 0.2225779378, 0.080582610294],
      [0.0025396327055, 0.011989668378, 0.18177881708, 0.79618103438, 0.0075108474575],
      [0.00043968677127, 0.28297581071, 0.041192556563, 0.66047945986, 0.014912486092],
      [0.078099620935, 0.028088638507, 0.024765255245, 0.79785354025, 0.071192945064]
    ],
    [
      [0.0076549194576, 0.2420020766, 0.47884398484, 0.25356595608, 0.017933063023],
      [0.30267471658, 0.15164820126, 0.023782067331, 0.49296791538, 0.028927099449],
      [0.0027724969231, 0.005866784101, 0.018337285511, 0.95367005042, 0.019353383042],
      [0.0035220039463, 0.019214760758, 0.63901077705, 0.26806802345, 0.0701844348],
      [0.0021021045082, 0.01320576913, 0.14867620861, 0.83033859187, 0.0056773258796],
      [0.00034813608117, 0.29729966817, 0.032259471891, 0.65930473665, 0.010787987205],
      [0.064454710337, 0.030880273185, 0.020236335717, 0.83075004651, 0.053678634254]
    ],
    [
      [0.0093746602442, 0.18005643418, 0.51343776812, 0.27043951009, 0.026691627371],
      [0.34542933606, 0.10440115686, 0.023544548719, 0.48677722377, 0.039847734584],
      [0.0031615220933, 0.0040599056354, 0.018263510972, 0.94770486406, 0.026810197243],
      [0.0039407926231, 0.013054018669, 0.62613382042, 0.26127013938, 0.095601228904],
      [0.002414738037, 0.0092072969025, 0.14925683707, 0.83120042779, 0.0079207001932],
      [0.00043695008402, 0.22672666013, 0.03536791439, 0.72102319169, 0.016445283705],
      [0.072512050808, 0.021056594286, 0.019857944237, 0.81323643526, 0.073336975405]
    ],
    [
      [0.014946461835, 0.19847375229, 0.49769804394, 0.26520605543, 0.023675686507],
      [0.4588196976, 0.095659256389, 0.018970699291, 0.39716605354, 0.029384293188],
      [0.0051381139179, 0.0045564676784, 0.018033452431, 0.94804346375, 0.024228502224],
      [0.0064829001263, 0.014840429633, 0.62668384722, 0.26444366906, 0.087549153962],
      [0.0039233521973, 0.010332245548, 0.14737260215, 0.831214551, 0.0071572491011],
      [0.00069201998051, 0.24820014759, 0.034034235139, 0.70259176875, 0.014481828536],
      [0.11333921136, 0.022710743306, 0.018838365684, 0.78143840805, 0.063673271599]
    ],
    [
      [0.0085077903741, 0.26002496146, 0.48294577097, 0.22486644282, 0.023655034377],
      [0.3390608673, 0.16247937475, 0.023857513254, 0.43653314103, 0.038069103665],
      [0.0034228313136, 0.0069813000293, 0.020475082204, 0.94078236278, 0.028338423672],
      [0.0039113512352, 0.020583301046, 0.64506622625, 0.23765128228, 0.092787839184],
      [0.0025648094975, 0.015535047906, 0.16426972058, 0.80941666655, 0.0082137554599],
      [0.00040653257403, 0.33593522646, 0.034070507367, 0.61465661924, 0.014931114354],
      [0.076911376187, 0.03544718933, 0.021789194066, 0.78994472856, 0.075907511855]
    ],
    [
      [0.012836789467, 0.27830797436, 0.37766974719, 0.31394621204, 0.017239276933],
      [0.38377215476, 0.12854790856, 0.013839702674, 0.45322064815, 0.02061958586],
      [0.0037828563663, 0.0054189587381, 0.011716970706, 0.96393999974, 0.015141214449],
      [0.0063190139803, 0.023377153324, 0.54198961967, 0.35577728989, 0.072536923141],
      [0.0030070545766, 0.01279455418, 0.099690188243, 0.87985161584, 0.0046565871631],
      [0.00048833053639, 0.28585370222, 0.02117580906, 0.68381585989, 0.0086662982839],
      [0.087375072818, 0.028249006396, 0.012786910056, 0.83003039578, 0.041558614949]
    ],
    [
      [0.011204718954, 0.20149603854, 0.49446199613, 0.27259134653, 0.020245899854],
      [0.38322806443, 0.10915250376, 0.021223075371, 0.4581638839, 0.028232472538],
      [0.0037748993522, 0.0045452369937, 0.017607792465, 0.9537481184, 0.020323952787],
      [0.0049176823909, 0.01526971987, 0.6293055196, 0.27491749854, 0.075589579594],
      [0.0028845345658, 0.010311465296, 0.14387914617, 0.8369163069, 0.0060085470659],
      [0.00050838915702, 0.24688514047, 0.033226213903, 0.70722879857, 0.012151457898],
      [0.086214437344, 0.023493874152, 0.019081779883, 0.81585177451, 0.055358134108]
    ],
    [
      [0.012478073979, 0.21623752656, 0.48949689353, 0.26495619214, 0.016831313789],
      [0.41495475938, 0.11284228811, 0.020228533649, 0.4293597197, 0.02261469916],
      [0.0043287948606, 0.0050136365166, 0.017932099187, 0.95533127806, 0.017394191376],
      [0.0056133302134, 0.016769770614, 0.63916632195, 0.27399422032, 0.064456356907],
      [0.0032923988963, 0.011322460137, 0.14590557325, 0.8343602465, 0.0051193212119],
      [0.0005682423946, 0.26608993192, 0.032979459551, 0.69022724641, 0.010135119728],
      [0.098201106749, 0.025693689044, 0.019261398729, 0.8098822747, 0.046961530776]
    ],
    [
      [0.0062051632161, 0.21100487354, 0.50708416705, 0.25928998295, 0.016415813238],
      [0.26472552071, 0.14100371537, 0.026699586877, 0.53931604596, 0.02825513109],
      [0.0021983203188, 0.0049675485492, 0.018842990496, 0.95669931526, 0.017291825374],
      [0.0027532975654, 0.016080467924, 0.65440532029, 0.26458540947, 0.06217550475],
      [0.0016606062837, 0.01114731682, 0.15254555822, 0.82959177475, 0.0050547439295],
      [0.00028849551816, 0.26502275397, 0.034645346414, 0.6899786188, 0.010064785289],
      [0.052250471446, 0.026723270746, 0.021239120848, 0.85073013055, 0.049057006406]
    ],
    [
      [0.010270706637, 0.22089389503, 0.4907069118, 0.26349117623, 0.014637310303],
      [0.36658230045, 0.12557453804, 0.022145571501, 0.46429354933, 0.021404040671],
      [0.0035969031134, 0.0051900904752, 0.018212293126, 0.9577235256, 0.015277187685],
      [0.0046687443219, 0.017364568558, 0.64627700211, 0.27516591131, 0.056523773704],
      [0.0027262010395, 0.011677090175, 0.14750490936, 0.83361121905, 0.0044805803681],
      [0.00046774357093, 0.27159929322, 0.033182553049, 0.68592829911, 0.0088221110436],
      [0.082930009107, 0.027103777682, 0.019944689099, 0.82799939488, 0.042022129233]
    ],
    [
      [0.013537987308, 0.25408025709, 0.40904559632, 0.30663209863, 0.016704060656],
      [0.40341480215, 0.11811661337, 0.015067471519, 0.44338530945, 0.020015803503],
      [0.0040858763898, 0.0051152210742, 0.013028576351, 0.96275627126, 0.015014054923],
      [0.0064659710674, 0.02088621225, 0.56782719788, 0.33678855037, 0.068032068436],
      [0.0032173081788, 0.01195995232, 0.10973759997, 0.87051049325, 0.0045746462764],
      [0.0005361530607, 0.27168323931, 0.023952222653, 0.69508414323, 0.0087442417428],
      [0.093753785483, 0.026492804568, 0.014141532129, 0.82464185985, 0.040970017971]
    ],
    [
      [0.012577844087, 0.29343721234, 0.49755748923, 0.18198324588, 0.014444208462],
      [0.45942161265, 0.16966960566, 0.022814544761, 0.32659705251, 0.021497184417],
      [0.0062300840635, 0.0097152354266, 0.026067402875, 0.93667267284, 0.021314604793],
      [0.0061413395889, 0.024709661906, 0.70489248188, 0.20424954626, 0.060006970368],
      [0.0044574343792, 0.020641238506, 0.19949682175, 0.76950307763, 0.0059014277282],
      [0.00065247337811, 0.41150836354, 0.038244855477, 0.53968736933, 0.0099069382709],
      [0.13183176889, 0.0465165332, 0.026156075017, 0.74174039622, 0.053755226678]
    ],
    [
      [0.019943714615, 0.15980807266, 0.63042540221, 0.17226668386, 0.017556126647],
      [0.62040373716, 0.076861432649, 0.023869878758, 0.25717404965, 0.021690901785],
      [0.010266919732, 0.0054842361195, 0.034103551279, 0.92327103137, 0.026874261503],
      [0.0082238198097, 0.01135070834, 0.75530781657, 0.16338046186, 0.061737193414],
      [0.0070201316506, 0.011142126841, 0.25001844977, 0.7247065943, 0.0071126974341],
      [0.0012973937977, 0.281953122, 0.060373745583, 0.64131246125, 0.015063277365],
      [0.2028530044, 0.024390011567, 0.031752616335, 0.67801584941, 0.062988518282]
    ],
    [
      [0.0081160308906, 0.15441767097, 0.57538382713, 0.24492558771, 0.017156883297],
      [0.34570109695, 0.10031097964, 0.029316903883, 0.4959969118, 0.028674107725],
      [0.0030204271071, 0.0038075148902, 0.022344174015, 0.95189235609, 0.0189355279],
      [0.0033551294112, 0.01096555948, 0.6920334397, 0.23296895704, 0.060676914365],
      [0.0022311015414, 0.0083618699041, 0.17716649921, 0.80682661831, 0.0054139110288],
      [0.00042067365328, 0.21629756424, 0.043625843018, 0.72795909239, 0.0116968267],
      [0.070947612593, 0.020139452391, 0.024751056337, 0.83128210454, 0.052879774137]
    ],
    [
      [0.013809423764, 0.14477641269, 0.52015830595, 0.29854937326, 0.022706484341],
      [0.42947664973, 0.07055067869, 0.02006071503, 0.45143074928, 0.028481207275],
      [0.0042528261489, 0.0029863641617, 0.016914969825, 0.95501132131, 0.020834518553],
      [0.0056912955788, 0.010303355835, 0.62160904419, 0.28276649738, 0.079629807024],
      [0.003274357211, 0.0068259916316, 0.13929021801, 0.84440326967, 0.0062061634772],
      [0.00062557419727, 0.17718120849, 0.034866771114, 0.77371838236, 0.013608063844],
      [0.09688979492, 0.01536172111, 0.018243309098, 0.81302042332, 0.056484751552]
    ],
    [
      [0.0075455294933, 0.14625599299, 0.55699857513, 0.27443025727, 0.014769645113],
      [0.30717022744, 0.093882980975, 0.028243722283, 0.54632075628, 0.024382313019],
      [0.0025398116285, 0.0032947130776, 0.019769062861, 0.9595913329, 0.014805079537],
      [0.0031380829575, 0.010499522824, 0.6718522022, 0.26227028893, 0.052239903083],
      [0.0019075344661, 0.0073468091769, 0.1588708312, 0.82757199616, 0.0043028289941],
      [0.00036499801779, 0.19114290257, 0.039806772822, 0.75923948533, 0.0094458412664],
      [0.060589870754, 0.017783637779, 0.022371147699, 0.85714648624, 0.042108857524]
    ],
    [
      [0.029135592014, 0.15583617919, 0.36622472175, 0.43441956081, 0.014383946247],
      [0.57857837255, 0.040306897132, 0.0072698433594, 0.36392421808, 0.0099206688798],
      [0.0061435660383, 0.0020780607602, 0.007690741841, 0.97502096116, 0.0090666702033],
      [0.012704569737, 0.011223154057, 0.48027175659, 0.44090449004, 0.054896029581],
      [0.0050450664174, 0.0050740370203, 0.067901420298, 0.91909712762, 0.0028823486471],
      [0.00096869593546, 0.13663726312, 0.016959082816, 0.83911548036, 0.0063194777739],
      [0.14259769921, 0.010602009611, 0.0081611528339, 0.81440773073, 0.024231407617]
    ],
    [
      [0.012613581507, 0.2455710168, 0.49813520026, 0.2319030181, 0.011777183332],
      [0.44397579917, 0.1313778912, 0.021022235981, 0.3873228926, 0.016301181044],
      [0.0049791403785, 0.0063909300161, 0.020611150662, 0.95415261028, 0.013866168667],
      [0.0058876368715, 0.019529401417, 0.67840315058, 0.24926870302, 0.046911108104],
      [0.0036994077317, 0.014110095631, 0.16430404893, 0.81389940641, 0.0039870412978],
      [0.00060526096345, 0.31984579068, 0.035076494613, 0.63700282622, 0.0074696275216],
      [0.11209124857, 0.032345758991, 0.021815901996, 0.79684110581, 0.036905984633]
    ],
    [
      [0.0076027947796, 0.11114175812, 0.66607416135, 0.17115733127, 0.044023954488],
      [0.38511808727, 0.084671438342, 0.040002811233, 0.40412481384, 0.086082849317],
      [0.003805860571, 0.0037038618589, 0.035136348387, 0.89176481657, 0.065589112614],
      [0.0027868392894, 0.0070034564971, 0.70827972851, 0.14426499916, 0.13766497654],
      [0.0026424929372, 0.0076412916693, 0.26128681899, 0.71081197268, 0.017617423719],
      [0.00052764348489, 0.21074874715, 0.068253569432, 0.68012782445, 0.040342215479],
      [0.08087603388, 0.017645641874, 0.035051131753, 0.70166323631, 0.16476395619]
    ],
    [
      [0.0084193183892, 0.17346347576, 0.55651126651, 0.24375702421, 0.017848915133],
      [0.34126813706, 0.11216500422, 0.028562044246, 0.48833221381, 0.029672600667],
      [0.003163072013, 0.0043753509281, 0.022160968416, 0.95031981315, 0.019980795495],
      [0.0035650091604, 0.012711138974, 0.68244091088, 0.23708944952, 0.06419349146],
      [0.0023395168504, 0.0096063552763, 0.17514502589, 0.80719056609, 0.0057185358931],
      [0.00042765471291, 0.23788693344, 0.041981320374, 0.7077071555, 0.011996935974],
      [0.0731487478, 0.022925290985, 0.024352474074, 0.82441913343, 0.055154353711]
    ],
    [
      [0.022902091441, 0.14192398673, 0.47934209881, 0.32540845328, 0.030423369744],
      [0.54593298033, 0.050594253909, 0.013427214733, 0.36203134361, 0.028014207414],
      [0.0064199049656, 0.0026421539996, 0.014039057728, 0.95151425129, 0.025384632013],
      [0.0093369094279, 0.0099292501857, 0.56894340923, 0.30544922613, 0.10634120502],
      [0.0050662765946, 0.0061937275047, 0.11878629744, 0.86220779743, 0.0077459010304],
      [0.00096913429393, 0.16220010219, 0.02970184646, 0.7901322081, 0.01699670896],
      [0.1400691337, 0.012900755781, 0.014354438354, 0.76725183513, 0.065423837031]
    ],
    [
      [0.015186682169, 0.26465121981, 0.42208884373, 0.27458394069, 0.023489313605],
      [0.44020256513, 0.12242706556, 0.015510623815, 0.39389560892, 0.02796413658],
      [0.0050658800309, 0.0059197846243, 0.014924347658, 0.95073860721, 0.023351380476],
      [0.0071820232105, 0.021636964169, 0.57840455944, 0.29834522222, 0.094431230959],
      [0.0039485121643, 0.013696986696, 0.12429085095, 0.85102177173, 0.0070418784567],
      [0.00063833733513, 0.30023012183, 0.026348328982, 0.6597181467, 0.013065065156],
      [0.11117538492, 0.029439301035, 0.015563411196, 0.78264156697, 0.061180335876]
    ],
    [
      [0.008832417209, 0.12502975005, 0.54385314837, 0.30341438371, 0.018870300658],
      [0.33099623075, 0.071832661698, 0.024352881433, 0.54489808891, 0.027920137214],
      [0.0026753814506, 0.0025041774192, 0.017040839549, 0.96085592864, 0.016923672942],
      [0.0035715103943, 0.0086913644296, 0.64008433857, 0.2822792243, 0.065373562313],
      [0.0020544028398, 0.0057181521945, 0.14059918492, 0.84659884526, 0.0050294147864],
      [0.00040456899455, 0.15396424216, 0.036143794295, 0.79813432531, 0.011353069244],
      [0.063904693975, 0.013495756012, 0.019240560554, 0.85517150793, 0.048187481529]
    ]
  ],
  "expected_outcome": [
    [
      [0.8864282771, 0.27864358413, 0.02843770363, 0.24717608158, 0.080591052551, 0.061505119851, 0.013657300519, 0.49031551369, 0.30432949447, 0.078672600508, 0.31708081302, 0.49034189128, 0.025122297703, 0.54788068993, 0.27685042291, 0.490802412, 0.36062278212, 0.23891893541, 0.046246998098, 0.52281194771, 0.17488624148, 0.079070917651, 0.078805953634, 0.069715902925, 0.038108146473, 0.20938546694, 0.2638930869, 0.41577882892, 0.2563627779, 0.23730250319, 0.24374116635, 0.53807262605, 0.24672592085, 0.1155311052, 0.43698403921, 0.33690799744, 0.1551290804, 0.76003229114, 0.36552565732, 0.79240417751, 0.49859286538, 0.21913283405, 0.17952250893, 0.15091058987, 0.058271184028, 0.10090865206, 0.022808384339, 0.85035115731, 0.18321673153, 1.5186682169, 0.18548076139],
      [14.1320607817, 5.1380773303, 1.2452866799, 3.0832225724, 4.8991712126, 1.6640982422, 1.1764473, 3.9679100857, 7.0307973612, 1.5659069501, 6.846861994, 13.2951995036, 1.0580050409, 11.5500298319, 7.3674165755, 3.7335109746, 6.0541076958, 2.7730112822, 1.5726993086, 21.0691528303, 4.0843072014, 2.3552680523, 3.2558981889, 3.911306137, 3.2826533499, 7.940851505, 7.4705804751, 8.0768528108, 6.1019685709, 7.5020643745, 4.6814672887, 7.1450550825, 7.5407238824, 2.5047717693, 7.8583455029, 5.838413217, 5.2751218385, 16.3461482323, 6.8601669413, 18.4865443774, 3.9952018165, 4.1692771163, 1.882093365, 2.9251198598, 0.31167235837, 1.9645681344, 0.33342527435, 17.5198110513, 1.1353918938, 26.4651219807, 2.6256247512],
      [35.2772452276, 8.6665515637, 5.0504386168, 4.4756086059, 13.3622487281, 8.5555680723, 0.96196870821, 13.9815095108, 24.6613772444, 5.0788051335, 13.6636092676, 36.8740727651, 1.6629388374, 23.2920298747, 17.5317592322, 15.3471123269, 18.5422327092, 8.9187957905, 1.6237342127, 36.3993996148, 5.5795961994, 5.5769509159, 4.0029766156, 6.4328091717, 10.4915318915, 16.3302590203, 13.07034674, 15.386389538, 16.2494558914, 14.8441635301, 13.349381971, 17.9171295818, 14.0054273581, 3.3990277247, 19.2840178489, 13.2164161253, 12.6771041763, 36.3123114734, 11.0442311006, 31.3461218213, 15.7606350554, 15.5353633324, 6.7620579773, 11.1399715027, 0.73244944349, 3.9850816021, 1.9982224841, 56.2076379175, 3.8347367905, 42.2088843728, 11.4209161157],
      [15.5641839722, 6.3861987222, 1.5178317066, 2.0463615955, 4.4307580244, 1.5671636442, 0.72978008861, 4.2803489145, 12.8621699842, 2.8432838253, 6.7925638321, 19.7989966214, 1.220696855, 11.6645413005, 13.3840492614, 9.8734090266, 8.4008770514, 5.4731442306, 1.6419811483, 18.8538999805, 3.3000401473, 2.7875098011, 1.5773773119, 4.4076205559, 3.8577365702, 8.6893552285, 6.6426608506, 8.664860065, 6.7342179488, 7.8605446384, 7.0314272623, 9.5474179954, 6.5211268418, 2.8255159084, 10.6310625147, 7.1538171879, 6.4822495738, 19.4983470407, 8.279066663, 11.4649444907, 4.3066670966, 6.6129908682, 3.8811418523, 5.4886051454, 0.86883912162, 1.8552241448, 0.5134719938, 24.6194594454, 2.6032676262, 27.4583940691, 6.3717020579],
      [1.1400817414, 0.53052879972, 0.1580052931, 0.14763114464, 0.22723098242, 0.15166492145, 0.11814660267, 0.27991597543, 1.1413259157, 0.43333149055, 0.37988409331, 1.5413892186, 0.033236968945, 0.94551830289, 0.43992450798, 2.5551652599, 0.64215976145, 0.59612976121, 0.1153383323, 1.1547356266, 0.86117021041, 0.20120031298, 0.08494192996, 0.17854823252, 0.32997004189, 0.83014877932, 0.55251884744, 0.45611875718, 0.65799481104, 0.55592495372, 0.69398231164, 0.85232471426, 0.68599599692, 0.1551534924, 0.78959009432, 0.4544454723, 0.41039533095, 1.0831609624, 0.45100963772, 0.90998513312, 0.43890316616, 0.46323584901, 0.29518429643, 0.29539290227, 0.028767892493, 0.094217466652, 0.13207186346, 1.8027404285, 0.24338695795, 2.3489313605, 0.39627631383]
    ],
    [
      [23.0649172537, 11.9560274158, 2.3407868154, 8.7778539012, 1.6548588062, 2.5314139065, 0.61970219219, 4.6638363056, 7.620069919, 9.4964905327, 12.5700667, 24.9263312325, 2.2362327331, 31.9301199959, 9.9173394041, 12.4936462499, 13.8620817227, 9.5451727968, 6.5047947404, 18.3348330472, 8.4466265652, 10.0706716559, 1.6674000341, 4.7974273493, 0.86823985067, 10.0231368818, 16.307487819, 12.096369395, 18.985279518, 15.7390852624, 14.1626027785, 27.9880015533, 14.2405564267, 11.129392488, 26.0595083816, 19.9178284504, 8.7359421833, 38.1245592471, 17.3468364925, 45.9421612646, 30.3997831206, 7.605424133, 14.6022060908, 11.3652984153, 5.7857837255, 8.8795159834, 3.0809446982, 37.5394950771, 11.4645925869, 81.4374745486, 8.6059019995],
