{
  "X": [
    [5, 5, 4, 23, 40, 5],
    [0, 1, 1, 17, 13, 3],
    [9, 4, 4, 80, 166, 13],
    [9, 6, 7, 165, 142, 8],
    [19, 33, 14, 392, 585, 26],
    [20, 17, 5, 268, 243, 32],
    [9, 8, 3, 162, 55, 19],
    [16, 16, 14, 316, 170, 27],
    [10, 9, 9, 347, 255, 22],
    [17, 35, 27, 424, 556, 34],
    [5, 7, 5, 64, 80, 8],
    [29, 29, 17, 415, 285, 55],
    [16, 16, 13, 376, 120, 53],
    [28, 18, 23, 368, 278, 33],
    [20, 46, 25, 430, 348, 22],
    [16, 16, 8, 270, 307, 23],
    [6, 21, 4, 208, 171, 25],
    [22, 23, 21, 307, 197, 22],
    [21, 17, 13, 416, 351, 25],
    [2, 3, 2, 105, 5, 23],
    [3, 2, 0, 18, 9, 4],
    [0, 2, 2, 7, 49, 7],
    [20, 17, 5, 69, 78, 7],
    [9, 7, 3, 64, 92, 10],
    [13, 7, 7, 129, 322, 6],
    [4, 12, 5, 89, 290, 7],
    [6, 9, 2, 74, 144, 10],
    [0, 0, 0, 5, 4, 1],
    [7, 8, 3, 30, 124, 4],
    [1, 3, 0, 16, 51, 6],
    [5, 6, 0, 39, 81, 10],
    [2, 2, 6, 30, 66, 3],
    [11, 46, 75, 189, 365, 11],
    [28, 27, 62, 232, 432, 15],
    [1, 0, 0, 11, 4, 7],
    [4, 4, 0, 20, 13, 8],
    [33, 39, 6, 252, 229, 33],
    [54, 33, 26, 372, 440, 42],
    [16, 8, 1, 82, 206, 5],
    [7, 3, 5, 71, 177, 15],
    [5, 2, 0, 16, 28, 3],
    [6, 2, 0, 13, 17, 4],
    [0, 2, 0, 18, 70, 0],
    [2, 0, 1, 10, 24, 4],
    [0, 0, 1, 7, 0, 2],
    [11, 1, 2, 47, 21, 11],
    [19, 9, 10, 66, 119, 9],
    [9, 5, 0, 28, 5, 8],
    [6, 4, 0, 35, 27, 9],
    [9, 4, 4, 95, 136, 9],
    [3, 1, 1, 19, 13, 3],
    [4, 1, 1, 12, 1, 9],
    [2, 0, 0, 12, 32, 3],
    [6, 7, 1, 44, 19, 15],
    [19, 8, 1, 114, 80, 16],
    [8, 2, 0, 22, 1, 7],
    [1, 6, 2, 24, 25, 2],
    [1, 2, 1, 10, 68, 1],
    [5, 3, 6, 28, 53, 5],
    [6, 38, 10, 231, 351, 10],
    [2, 1, 0, 5, 5, 0],
    [4, 7, 0, 36, 10, 6],
    [21, 12, 9, 240, 190, 28],
    [36, 26, 14, 336, 335, 61],
    [41, 33, 122, 388, 337, 38],
    [50, 35, 105, 473, 666, 23],
    [57, 45, 93, 503, 500, 41],
    [23, 36, 76, 331, 270, 23],
    [1, 0, 0, 11, 4, 3],
    [31, 34, 84, 314, 366, 18],
    [2, 1, 0, 21, 31, 0],
    [5, 0, 2, 29, 22, 6],
    [10, 5, 4, 91, 147, 5],
    [27, 13, 16, 242, 185, 18],
    [61, 66, 113, 772, 1137, 100],
    [9, 8, 7, 136, 157, 14],
    [51, 109, 64, 628, 547, 94],
    [8, 11, 9, 88, 124, 4]
  ],
  "W": [
    [5, 20, 41, 5, 11],
    [2, 13, 12, 5, 3],
    [4, 76, 158, 22, 16],
    [12, 145, 133, 23, 24],
    [60, 328, 574, 48, 59],
    [23, 255, 211, 54, 42],
    [8, 155, 48, 16, 29],
    [18, 302, 151, 33, 55],
    [19, 337, 238, 21, 37],
    [48, 380, 527, 60, 78],
    [6, 65, 75, 10, 13],
    [36, 390, 256, 58, 90],
    [29, 361, 118, 30, 56],
    [28, 341, 273, 48, 58],
    [57, 395, 329, 47, 63],
    [23, 239, 288, 39, 51],
    [22, 192, 165, 24, 32],
    [29, 288, 169, 43, 63],
    [21, 387, 326, 59, 50],
    [3, 109, 5, 4, 19],
    [1, 20, 10, 3, 2],
    [1, 7, 46, 4, 9],
    [30, 51, 70, 28, 17],
    [4, 60, 91, 16, 14],
    [11, 109, 313, 30, 21],
    [7, 84, 279, 15, 22],
    [7, 61, 140, 15, 22],
    [0, 5, 3, 2, 0],
    [9, 23, 123, 8, 13],
    [2, 14, 53, 0, 8],
    [6, 34, 72, 15, 14],
    [4, 27, 63, 6, 9],
    [33, 210, 358, 45, 51],
    [38, 226, 406, 51, 75],
    [0, 15, 2, 1, 5],
    [9, 15, 11, 10, 4],
    [42, 248, 212, 48, 42],
    [46, 340, 414, 111, 56],
    [11, 63, 206, 22, 16],
    [2, 66, 176, 13, 21],
    [3, 12, 25, 7, 7],
    [3, 13, 13, 7, 6],
    [3, 12, 67, 5, 3],
    [0, 8, 22, 4, 7],
    [1, 5, 0, 1, 3],
    [2, 44, 24, 15, 8],
    [11, 69, 114, 27, 11],
    [3, 27, 4, 10, 11],
    [2, 40, 24, 10, 5],
    [2, 93, 128, 20, 14],
    [4, 18, 15, 2, 1],
    [0, 16, 3, 1, 8],
    [1, 10, 31, 5, 2],
    [6, 43, 18, 8, 17],
    [15, 94, 72, 34, 23],
    [3, 21, 2, 9, 5],
    [5, 23, 26, 1, 5],
    [2, 9, 65, 3, 4],
    [2, 30, 53, 6, 9],
    [47, 203, 352, 14, 30],
    [0, 7, 3, 3, 0],
    [4, 36, 9, 5, 9],
    [16, 211, 192, 31, 50],
    [20, 318, 320, 67, 83],
    [23, 443, 341, 58, 94],
    [53, 463, 647, 96, 93],
    [40, 536, 456, 111, 96],
    [22, 353, 247, 44, 93],
    [2, 10, 4, 1, 2],
    [30, 343, 343, 58, 73],
    [4, 18, 29, 4, 0],
    [0, 29, 20, 8, 7],
    [12, 71, 127, 29, 23],
    [7, 243, 176, 41, 34],
    [90, 719, 1070, 136, 234],
    [16, 129, 148, 15, 23],
    [108, 637, 558, 84, 106],
    [19, 81, 116, 9, 19]
  ],
  "method": "mvn_cdf",
  "mvncdf_method": "genz",
  "mvncdf_samples": 5000,
  "mvncdf_error": 1e-06,
  "cond_prob": [
    [
      [0.02589702991, 0.62984179606, 7.2188259412e-05, 0.30924100261, 0.029173954797, 0.0057740283647],
      [0.015729455865, 0.035829067365, 0.066911970584, 0.80524537639, 0.0081564552784, 0.06812767452],
      [0.002099664131, 0.015203573969, 0.017538534521, 0.029308597047, 0.93442893564, 0.0014206946894],
      [0.73878941226, 0.0018628995206, 0.014572570285, 0.089612283962, 0.11527537831, 0.039887455653],
      [0.10023169539, 0.038879843626, 0.13153462034, 0.34505392888, 0.10346667952, 0.28083323224]
    ],
    [
      [0.0019404375957, 0.2883912238, 5.6939702147e-05, 0.67344018809, 0.025768978153, 0.010402232656],
      [0.00060851672806, 0.0081038924225, 0.026518554556, 0.89743742425, 0.0036731000185, 0.06365851202],
      [0.00015802690298, 0.0060390925465, 0.012354173748, 0.053833104575, 0.92532464369, 0.0022909585387],
      [0.090328626035, 0.0019355374449, 0.026975038449, 0.44277881589, 0.26167191381, 0.17631006837],
      [0.0046722030883, 0.01112494217, 0.066553485687, 0.48118691716, 0.058628860614, 0.37783359128]
    ],
    [
      [0.014175947157, 0.39194331119, 6.4359780382e-05, 0.5032615795, 0.080189119226, 0.010365683146],
      [0.0056523880343, 0.017070894326, 0.038266707483, 0.84530155928, 0.014743180399, 0.078965270477],
      [0.00047118305171, 0.0046619469397, 0.0064042016398, 0.020205675404, 0.96719868032, 0.0010583126481],
      [0.34880028933, 0.001652586688, 0.015354282093, 0.17657986655, 0.37347430578, 0.08413866956],
      [0.034940767577, 0.018711621637, 0.074227535976, 0.36971732, 0.18591860161, 0.3164841532]
    ],
    [
      [0.010763601501, 0.30590285104, 6.6631126361e-05, 0.61695400556, 0.06203454008, 0.0042783706902],
      [0.0037845588467, 0.012276479999, 0.034892992168, 0.91042413603, 0.010087585638, 0.028534247317],
      [0.00045592971919, 0.0048294255121, 0.0084239444329, 0.031666676085, 0.95406660462, 0.00055741963142],
      [0.31950339396, 0.0016441965094, 0.019360929018, 0.26463287947, 0.35277626569, 0.042082335364],
      [0.031376755426, 0.018087381896, 0.091031233411, 0.53765632821, 0.17081982587, 0.1510284752]
    ],
    [
      [0.010134658343, 0.37493630054, 5.7105053242e-05, 0.54970418894, 0.060202682652, 0.0049650644792],
      [0.0039587067571, 0.017051737794, 0.033132579086, 0.89824944397, 0.010894921362, 0.036712611033],
      [0.00045280603013, 0.0064401551433, 0.0076892340135, 0.030255617289, 0.95447242119, 0.00068976633655],
      [0.31340825091, 0.0022044202402, 0.017743203965, 0.25329924679, 0.3611541003, 0.0521907778],
      [0.031031430107, 0.023854016623, 0.081914098481, 0.50535543234, 0.17398034419, 0.18386467826]
    ],
    [
      [0.011797923138, 0.41323307531, 4.8830145082e-05, 0.48592540952, 0.081214725127, 0.0077800367542],
      [0.0050162122008, 0.020190779229, 0.030856986549, 0.86523318581, 0.015981584577, 0.062721251631],
      [0.00039395209834, 0.0052047282239, 0.004886962512, 0.019865982564, 0.96884420025, 0.0008041743521],
      [0.31027156381, 0.0020306133057, 0.012860343579, 0.18966819775, 0.41573544847, 0.069433833082],
      [0.03278436664, 0.02350625836, 0.063454156988, 0.4047130342, 0.21316988973, 0.26237229408]
    ],
    [
      [0.012769128807, 0.42495967203, 4.6303308272e-05, 0.51155757597, 0.043223975991, 0.007443343902],
      [0.0052371253368, 0.019456904165, 0.028265258436, 0.88082095385, 0.0082000564441, 0.058019701772],
      [0.00075432512996, 0.0090767964781, 0.0081053003883, 0.036437919734, 0.94427879662, 0.0013468616545],
      [0.41174112952, 0.0023579460894, 0.014219702076, 0.232323341, 0.26166249919, 0.077695382122],
      [0.039079001152, 0.025723730712, 0.066047138936, 0.46695203657, 0.12480885044, 0.27738924219]
    ],
    [
      [0.01215201806, 0.41057682271, 6.1345966037e-05, 0.51225065046, 0.059380592962, 0.0055785698452],
      [0.0050035448008, 0.019422384813, 0.037558623537, 0.88318091016, 0.011319304725, 0.043515231968],
      [0.00054438184065, 0.0069357555064, 0.0082339307204, 0.028100529641, 0.95541177531, 0.00077362698174],
      [0.36058376523, 0.0022541179224, 0.018055414106, 0.2235230796, 0.33998741319, 0.055596209957],
      [0.037241301501, 0.02574535108, 0.087977048874, 0.47046527236, 0.1718605634, 0.20671046278]
    ],
    [
      [0.012878014399, 0.29478055423, 6.1953050892e-05, 0.59881702532, 0.087553932693, 0.005908520308],
      [0.0045992490095, 0.012209439466, 0.032905424257, 0.89581075015, 0.014473598333, 0.040001538788],
      [0.00039553115602, 0.0034567748763, 0.0057146174859, 0.022564591738, 0.96730610386, 0.00056238088077],
      [0.31321443176, 0.0013345810863, 0.014882677676, 0.2132344378, 0.40930405829, 0.048029813393],
      [0.033757874057, 0.015953353763, 0.075947486287, 0.47030752963, 0.21681001724, 0.18722373903]
    ],
    [
      [0.0076002667755, 0.43095144923, 6.8983762683e-05, 0.48989395838, 0.066523768256, 0.0049615735917],
      [0.003256739164, 0.021441632446, 0.043913749895, 0.87795144583, 0.013203498888, 0.040232933778],
      [0.00030917040443, 0.006719698289, 0.0084507178504, 0.024553876888, 0.9593390069, 0.00062752966732],
      [0.24988814651, 0.0027038090256, 0.022930985687, 0.2415956468, 0.4270952503, 0.055786161681],
      [0.02383515589, 0.028027664404, 0.10143887969, 0.46156643984, 0.19702522462, 0.18810663555]
    ],
    [
      [0.010823096507, 0.57505107721, 5.7767256311e-05, 0.3497539241, 0.058878166717, 0.0054359682093],
      [0.0061217665411, 0.033872148877, 0.048986439928, 0.83683554292, 0.015311916177, 0.05887218556],
      [0.00047348567076, 0.0084340414086, 0.0074948372513, 0.018238131899, 0.96463639902, 0.00072310474764],
      [0.37915154128, 0.0030835745601, 0.018548234546, 0.16460899757, 0.37529502925, 0.059312622796],
      [0.039448301885, 0.038381974485, 0.09858246829, 0.37768651994, 0.20183073204, 0.24407000336]
    ],
    [
      [0.013480038237, 0.4372412626, 5.7110452812e-05, 0.48340341536, 0.057946828656, 0.0078713446953],
      [0.0057435719647, 0.021571933271, 0.036151648867, 0.8615908857, 0.011437753085, 0.063504207112],
      [0.0006243654477, 0.0077257355709, 0.0079511130209, 0.027546866105, 0.95501947919, 0.0011324406669],
      [0.3823590201, 0.0023413337461, 0.016251230467, 0.20413888821, 0.31906993517, 0.075839592305],
      [0.03915631822, 0.026232314727, 0.077653058308, 0.42142314489, 0.15889580212, 0.27663936174]
    ],
    [
      [0.012336609939, 0.33940245392, 6.5342507603e-05, 0.60192200923, 0.033436300422, 0.012837283981],
      [0.0042164108312, 0.013437489244, 0.033192559584, 0.86068751032, 0.0052958208865, 0.083170209138],
      [0.00093846450363, 0.0098242950134, 0.014893869273, 0.056098094312, 0.91522169094, 0.003023585962],
      [0.37845965895, 0.001938535942, 0.019828311354, 0.27092667474, 0.19674282946, 0.13210398956],
      [0.029509145947, 0.016766209249, 0.073182510755, 0.43198089929, 0.075422945662, 0.37313828909]
    ],
    [
      [0.017150583807, 0.35704150446, 7.8497731179e-05, 0.57308967026, 0.045973024839, 0.0066667189066],
      [0.0063032578863, 0.015200167173, 0.042892379718, 0.88136902246, 0.0078286880503, 0.046406484713],
      [0.00097936775512, 0.0077784654317, 0.013470438086, 0.04019912988, 0.93639140012, 0.0011811987277],
      [0.45678995396, 0.0017803625321, 0.020799324944, 0.22517639257, 0.23564994963, 0.059804016365],
      [0.04801424727, 0.020638332618, 0.10294723345, 0.48121432782, 0.12138613874, 0.2257997201]
    ],
    [
      [0.0088311943981, 0.5010920504, 5.9702965113e-05, 0.43761809592, 0.048974174495, 0.0034247818282],
      [0.0042582947892, 0.028009966183, 0.042782787654, 0.88276027388, 0.01093857857, 0.031250098929],
      [0.00048101392644, 0.010425667721, 0.0097795062086, 0.029328261088, 0.94940621002, 0.00057934103853],
      [0.33071460642, 0.0035446995966, 0.022424202816, 0.24385564029, 0.35595249921, 0.043508351665],
      [0.03318400649, 0.038942681259, 0.10513391595, 0.49364217536, 0.17376033423, 0.15533688671]
    ],
    [
      [0.011208080267, 0.38421720221, 5.3574305054e-05, 0.53168409258, 0.067376232832, 0.0054608177979],
      [0.0044895900451, 0.017729566004, 0.031894359452, 0.89194772086, 0.012493892499, 0.041444871144],
      [0.00044749663106, 0.0058168411469, 0.0064272385076, 0.026035771795, 0.96059664627, 0.00067600564875],
      [0.32438164009, 0.0020755935781, 0.015470413471, 0.22746840538, 0.37722457023, 0.053379377253],
      [0.033626878384, 0.023667765811, 0.07523864713, 0.47828514466, 0.19081368747, 0.19836787655]
    ],
    [
      [0.005028126063, 0.52563707631, 3.8121549196e-05, 0.42536337616, 0.037148216068, 0.0067850838563],
      [0.0024536132045, 0.029081616874, 0.027638680528, 0.86961613328, 0.0083829537133, 0.062827002403],
      [0.00035283410996, 0.013691385944, 0.0080017266383, 0.036375898768, 0.94010956782, 0.0014685867184],
      [0.23656350132, 0.0045221477715, 0.017839614045, 0.29466785688, 0.33864878764, 0.10775809234],
      [0.018018714081, 0.03808577376, 0.063968774989, 0.45726372216, 0.12569465129, 0.29696836373]
    ],
    [
      [0.013866181507, 0.44718741932, 7.1074084152e-05, 0.46698510472, 0.067562494757, 0.0043277256182],
      [0.0061913462664, 0.022991487769, 0.047207783922, 0.87304635686, 0.01396823219, 0.036594792997],
      [0.00055118567477, 0.0067222278474, 0.0084747467847, 0.022761008486, 0.96095762113, 0.00053321007654],
      [0.38433780655, 0.0023067433598, 0.019617483935, 0.19106229971, 0.36225682025, 0.040418846199],
      [0.044395501604, 0.029358940601, 0.10658639683, 0.44809084618, 0.20431453178, 0.16725378301]
    ],
    [
      [0.0099338595907, 0.36756230129, 5.7122839057e-05, 0.55384940398, 0.063820050472, 0.0047772618259],
      [0.0038581964749, 0.016519686022, 0.032959329939, 0.90006340431, 0.011478945371, 0.035120437888],
      [0.0004186511161, 0.0059038072499, 0.0072302533645, 0.028674359375, 0.95714846031, 0.0006244685858],
      [0.30200881354, 0.0021134391754, 0.017459704077, 0.25114358207, 0.37786587766, 0.049408583479],
      [0.030237638402, 0.023103980724, 0.081421125657, 0.50606517459, 0.18345727811, 0.17571480251]
    ],
    [
      [0.0076085618209, 0.36428344997, 5.5411275939e-05, 0.58148221644, 0.022125704515, 0.024444655981],
      [0.002496714896, 0.012913930497, 0.02706452398, 0.80078021297, 0.0033657211136, 0.15337889655],
      [0.00076311601971, 0.012597213489, 0.016228633016, 0.068979137293, 0.89401288742, 0.0074190127578],
      [0.28013400105, 0.0020820448817, 0.018134665453, 0.28064376983, 0.14429080319, 0.27471471559],
      [0.014006200757, 0.012877797472, 0.047743348043, 0.3199514792, 0.038269956087, 0.56715121844]
    ],
    [
      [0.015958622058, 0.75815666057, 1.43336823e-05, 0.20782444827, 0.0089700408867, 0.0090758945361],
      [0.013593215566, 0.033794371924, 0.018099613891, 0.77417713189, 0.0034900457755, 0.15684562095],
      [0.0032817579985, 0.022485920954, 0.0075907053666, 0.0425760303, 0.91917756208, 0.0048880232987],
      [0.83138385159, 0.0012294153473, 0.0028506716171, 0.060301907213, 0.037483559422, 0.066750594815],
      [0.069194642049, 0.028001412985, 0.026064639963, 0.2506579703, 0.033305415159, 0.59277591955]
    ],
    [
      [0.0018633356566, 0.76081974236, 4.9708014136e-05, 0.16803936267, 0.051804416885, 0.01742343441],
      [0.0015126694167, 0.036287634093, 0.060858415449, 0.60070653348, 0.018430608168, 0.28220413939],
      [9.1848743273e-05, 0.0070875958659, 0.0072416890148, 0.0096564689631, 0.97338030946, 0.0025420879517],
      [0.084108903576, 0.0033446507363, 0.023550388533, 0.11561314919, 0.48269156773, 0.29069134024],
      [0.0047114606948, 0.020208967265, 0.061140115189, 0.12799397182, 0.12115417919, 0.66479130584]
    ],
    [
      [0.030500739273, 0.47876307486, 6.680871975e-05, 0.43128385744, 0.054400178045, 0.0049853416582],
      [0.014396343875, 0.025547674724, 0.047210985591, 0.85613166978, 0.011878289517, 0.044835036509],
      [0.0014636814846, 0.0083847273625, 0.0095739589062, 0.024859649108, 0.95498253371, 0.00073544943075],
      [0.62305619333, 0.0016861274533, 0.012974719894, 0.12262179279, 0.2068039346, 0.032857231934],
      [0.097932664893, 0.030572641269, 0.10084568141, 0.41039050348, 0.16449781064, 0.19576069831]
    ],
    [
      [0.01150076413, 0.62633804782, 3.6629170397e-05, 0.32441098028, 0.031838335114, 0.005875243484],
      [0.0070613835436, 0.03886245819, 0.033548768064, 0.84251987615, 0.0089947931458, 0.069012720904],
      [0.00092275414881, 0.016429110827, 0.0087379957344, 0.031150547422, 0.94132205036, 0.0014375415112],
      [0.4790443259, 0.0039241361285, 0.014149905833, 0.18434583013, 0.2410580202, 0.077477781804],
      [0.048118169477, 0.046759512397, 0.07145750222, 0.40366489166, 0.12460516631, 0.30539475794]
    ],
    [
      [0.01426358998, 0.35009019161, 6.7820461429e-05, 0.55146598691, 0.080270564425, 0.0038418466112],
      [0.0055260656768, 0.015414057341, 0.039116377982, 0.89732498173, 0.01438148312, 0.028237034151],
      [0.00047886928003, 0.004400680053, 0.0068564081542, 0.022599735383, 0.96526516564, 0.00039914148641],
      [0.36028752091, 0.0016030091157, 0.016857519191, 0.20217639311, 0.3867971338, 0.032278423875],
      [0.041921452951, 0.020801580533, 0.093481054772, 0.48469924027, 0.22234856905, 0.13674810242]
    ],
    [
      [0.0051589427334, 0.63488707626, 4.1286219206e-05, 0.2872493559, 0.069961174892, 0.0027021639992],
      [0.0036094760487, 0.048025506236, 0.042986026593, 0.84692511711, 0.02252538105, 0.035928492961],
      [0.00019978607869, 0.0087496750616, 0.0048134786579, 0.013581741164, 0.97233190217, 0.00032341687095],
      [0.21371822667, 0.0045336643207, 0.016859567187, 0.17312785892, 0.55445332455, 0.037307358344],
      [0.023288211398, 0.055212267958, 0.087436824933, 0.38844299557, 0.2972315069, 0.14838819325]
    ],
    [
      [0.007298753663, 0.57576848877, 3.4034882466e-05, 0.3689567207, 0.043256434776, 0.0046855672146],
      [0.004088702511, 0.034325999182, 0.028360305575, 0.87206739468, 0.011160170273, 0.04999742778],
      [0.00044173147407, 0.012107073177, 0.0061691537848, 0.026969951502, 0.95344061155, 0.00087147850989],
      [0.32329447204, 0.0042024123477, 0.014480845922, 0.23109690821, 0.35918018193, 0.067745179549],
      [0.030095864144, 0.044844117533, 0.065563101188, 0.45427676586, 0.16761355625, 0.23760659502]
    ],
    [
      [0.014547283447, 0.4772212798, 0.00010690705234, 0.44460934276, 0.057135015432, 0.0063801715028],
      [0.00044842578598, 0.00019764256445, 0.0064373275564, 0.92164086711, 0.0050327829423, 0.066242954041],
      [4.2975695384e-05, 4.5420012694e-05, 0.00071103898271, 0.0086044262454, 0.99014562942, 0.00045050964373],
      [0.033906347931, 6.6066554093e-05, 0.0057321356991, 0.27670168249, 0.5373759295, 0.14621783782],
      [0.0023536425501, 0.00013785768425, 0.00603396231, 0.27118450833, 0.05169742269, 0.66859260643]
    ],
    [
      [0.027730603847, 0.5873314885, 5.1085403078e-05, 0.32537647704, 0.055681227763, 0.003829117453],
      [0.01678742401, 0.037179147307, 0.046470114999, 0.83945348451, 0.015534700604, 0.044575128574],
      [0.0012909889481, 0.0093143696839, 0.0072349831828, 0.018241013073, 0.96336824231, 0.00055040279948],
      [0.65829584462, 0.001910627233, 0.010000675543, 0.092487649148, 0.21186578949, 0.025439413961],
      [0.10837176233, 0.041559576408, 0.092988750097, 0.37184859634, 0.20158179125, 0.18364952358]
    ],
    [
      [0.011458128373, 0.65456488369, 2.3000366273e-05, 0.29061311992, 0.028823148188, 0.014517719468],
      [0.0068349840038, 0.031329197092, 0.020435849331, 0.75989684812, 0.0077465008918, 0.17375662056],
      [0.00088699569516, 0.013928437885, 0.0056713512658, 0.027656116377, 0.94830433847, 0.0035527603058],
      [0.81080069759, 0.0010535535305, 0.0029077095832, 0.053474409163, 0.06470162444, 0.067062005691],
      [0.034294998745, 0.025601248241, 0.029434457842, 0.24140050988, 0.073329639273, 0.59593914602]
    ],
    [
      [0.0080025522302, 0.58450336735, 3.0596487031e-05, 0.33260599491, 0.0657287657, 0.0091287233192],
      [0.0046294792717, 0.034111765449, 0.02635693742, 0.81585139336, 0.01744674243, 0.10160368207],
      [0.00031894594463, 0.0075376388405, 0.0036166474925, 0.015713701356, 0.97170680829, 0.0011062580747],
      [0.28076115322, 0.0031673675689, 0.010272274731, 0.16320400798, 0.43756121088, 0.10503398562],
      [0.025904424497, 0.033612653031, 0.04596560819, 0.31904107071, 0.20021121415, 0.37526502942]
    ],
    [
      [0.0096720973281, 0.34326077846, 0.00018471945144, 0.54653114727, 0.094831860212, 0.0055193972733],
      [0.0034552715187, 0.012772646604, 0.10066354688, 0.82969504807, 0.0155316561, 0.037881830827],
      [0.00025635733249, 0.0030477523401, 0.014594640679, 0.016845015439, 0.96481529134, 0.00044094286537],
      [0.25656768531, 0.0013870684608, 0.04506345466, 0.19054008249, 0.46113438358, 0.045307325497],
      [0.02275139419, 0.014771447326, 0.21151536027, 0.37858707019, 0.21122888912, 0.1611458389]
    ],
    [
      [0.0037552683227, 0.75481322838, 0.00027521666523, 0.20413547745, 0.035147643434, 0.0018731657472],
      [0.00266990271, 0.060748942345, 0.29229579356, 0.60751587758, 0.011561432058, 0.025208051751],
      [0.00027081848639, 0.020283634917, 0.059771428906, 0.018090262965, 0.90116460169, 0.00041925303503],
      [0.2182499973, 0.0081108808319, 0.16145852415, 0.17709943667, 0.39800143997, 0.03707972108],
      [0.01408678501, 0.057235849357, 0.48933280992, 0.22999072629, 0.12451952093, 0.084834308494]
    ],
    [
      [0.018792196412, 0.46126529404, 0.00025995432421, 0.42611042578, 0.089621486678, 0.0039506427674],
      [0.0079645973375, 0.022563524673, 0.16426400595, 0.75591094075, 0.017593010106, 0.031703921183],
      [0.00056323862305, 0.005263578939, 0.023488017636, 0.01572134854, 0.9545955965, 0.00036821975743],
      [0.40468122518, 0.0018601516081, 0.056006687739, 0.13588204106, 0.37282714572, 0.028742748697],
      [0.045756784124, 0.023101045315, 0.29812716342, 0.31106028864, 0.20596998475, 0.11598473375]
    ],
    [
      [0.032801098435, 0.16387318711, 7.0297212637e-05, 0.64524459203, 1.6107291142e-25, 0.15801082521],
      [0.0051377268795, 0.0027809990791, 0.016854912608, 0.44931806934, 3.8942165397e-27, 0.52590829209],
      [0.024583076893, 0.036271173566, 0.1353931663, 0.48194645372, 2.5807114677e-22, 0.32180612952],
      [0.51673785217, 0.0002010309968, 0.0048965979923, 0.063644060364, 3.4538847742e-25, 0.41452045847],
      [0.010700219293, 0.00088274007663, 0.0094497013419, 0.056294403801, 0.074507310769, 0.84816562472]
    ],
    [
      [0.011520496106, 0.37709086829, 3.7394294389e-05, 0.506923863, 0.037082019968, 0.067345358339],
      [0.0031794314973, 0.010801616594, 0.015296202908, 0.58901475659, 0.0047021697358, 0.37700582268],
      [0.00071705545564, 0.007295841699, 0.0065644174025, 0.034178415951, 0.93909308702, 0.012151182476],
      [0.24486971581, 0.001161399468, 0.0070395886572, 0.13537679872, 0.14315949172, 0.46839300562],
      [0.0088593163889, 0.0051363670902, 0.012837457682, 0.11118716, 0.026465451876, 0.83551424696]
    ],
    [
      [0.02023470103, 0.5926363547, 3.6355177786e-05, 0.33291300346, 0.047952679121, 0.0062269065113],
      [0.012064277646, 0.040528267261, 0.032229719872, 0.83150238358, 0.013238851689, 0.070436499953],
      [0.0011287202738, 0.012448012561, 0.0060869510307, 0.022772297088, 0.95648756222, 0.0010764568278],
      [0.54937233543, 0.002953274902, 0.0097388992219, 0.13219919627, 0.24919285191, 0.056543442266],
      [0.075029209338, 0.044810797025, 0.062955519743, 0.36950048329, 0.16761747788, 0.28008651273]
    ],
    [
      [0.016009542552, 0.44006159858, 7.3872152358e-05, 0.48203356299, 0.054721770465, 0.0070996532583],
      [0.006805160702, 0.021678821736, 0.046662533909, 0.85693811605, 0.01077691492, 0.057138452687],
      [0.00078437998581, 0.0082389762414, 0.010891178789, 0.029071510847, 0.9499329378, 0.0010810163367],
      [0.43117404046, 0.0022510267805, 0.020067519331, 0.1942356857, 0.28698060167, 0.065291126054],
      [0.046804073599, 0.026607491227, 0.10123110765, 0.42306092352, 0.15097231831, 0.25132408569]
    ],
    [
      [0.029232685628, 0.40636786092, 3.9934943417e-05, 0.50730643997, 0.053207046901, 0.0038460316369],
      [0.012329653977, 0.019123012847, 0.025062397894, 0.90224486567, 0.010375002108, 0.030865067507],
      [0.0014484748441, 0.0073691904763, 0.005962689573, 0.030499887905, 0.95413121121, 0.00058854598957],
      [0.61470438483, 0.0014407461096, 0.0078618502672, 0.14689184829, 0.20343078565, 0.025670384849],
      [0.096394541882, 0.02639700893, 0.061280500428, 0.4973285867, 0.16443591498, 0.15416344708]
    ],
    [
      [0.017359978029, 0.36937002001, 7.2599443657e-05, 0.53056148706, 0.068844455158, 0.013791460301],
      [0.0064318232791, 0.014893071079, 0.040135228613, 0.82896991894, 0.011761336768, 0.097808621325],
      [0.00066452215132, 0.0050818460994, 0.008363505264, 0.024615376299, 0.95964816332, 0.0016265868658],
      [0.40968196578, 0.0014409975027, 0.016070298658, 0.17265125378, 0.29612283783, 0.10403264644],
      [0.038379995189, 0.015733872266, 0.075031254252, 0.34904520345, 0.14257623256, 0.37923344229]
    ],
    [
      [0.028729218257, 0.43997789772, 3.3971622333e-05, 0.45674190584, 0.068338852513, 0.0061781540409],
      [0.012748677507, 0.017750284756, 0.022527311457, 0.87971925103, 0.013844962577, 0.053409512671],
      [0.0010109034567, 0.0043151988313, 0.0034700454173, 0.01788375218, 0.97267687842, 0.00064322169098],
      [0.6189313084, 0.0010329403809, 0.0055970435226, 0.10698386072, 0.23232520384, 0.03512964314],
      [0.08872374491, 0.02087164892, 0.047274486028, 0.4028168201, 0.1962647251, 0.24404857494]
    ],
    [
      [0.059461197016, 0.46181533127, 3.5693787982e-05, 0.36083597533, 0.10666080353, 0.011190999067],
      [0.029759510586, 0.020122149605, 0.02705200277, 0.78729555747, 0.024311226766, 0.11145955281],
      [0.0013053830993, 0.0026021492752, 0.0022100931551, 0.00863407054, 0.98453281555, 0.00071548837783],
      [0.72291194135, 0.0005327456353, 0.003044972015, 0.043668026074, 0.19635268219, 0.033489632733],
      [0.13847842475, 0.015267949438, 0.036484235297, 0.23304746085, 0.23198445033, 0.34473747933]
    ],
    [
      [0.0022600084226, 0.40646315366, 3.2762291822e-05, 0.51186965915, 0.078052376419, 0.0013220400547],
      [0.00095397244364, 0.016255758109, 0.020321638128, 0.93716401545, 0.014862139476, 0.010442476392],
      [7.369101041e-05, 0.003985159288, 0.0031766499898, 0.018650168795, 0.97398683786, 0.00012749305985],
      [0.082042431015, 0.0023578832701, 0.012662135262, 0.27881171519, 0.6073090114, 0.016816823861],
      [0.0084075809665, 0.02574670893, 0.058087551291, 0.5718065127, 0.27798687031, 0.057964775799]
    ],
    [
      [0.019520846365, 0.15107313065, 9.1054794695e-05, 0.70578587946, 0.10386361759, 0.019665471132],
      [0.0052380830539, 0.0043268124414, 0.036981694513, 0.83634547866, 0.01250730802, 0.10460062331],
      [0.00043551097493, 0.0011898860618, 0.0058678364879, 0.017107485233, 0.97412584206, 0.0012734391819],
      [0.39433048102, 0.00041715399919, 0.014094627755, 0.15336608575, 0.331502688, 0.10628896348],
      [0.030642864331, 0.0043452639572, 0.066595903479, 0.31777203208, 0.15051883086, 0.43012510529]
    ],
    [
      [0.00061902880941, 0.0093823720597, 2.8969172722e-05, 0.98483038177, 0.0051367527203, 2.4954718567e-06],
      [0.00017006681519, 0.0019988612254, 0.0082790653738, 0.98889335765, 0.00065115474521, 7.4941874562e-06],
      [0.00024439778083, 0.0098705504725, 0.027618049405, 0.35687767078, 0.60538672867, 2.6028944297e-06],
      [0.015686936416, 0.00098008112968, 0.01691864899, 0.92100716468, 0.045369718326, 3.7450455586e-05],
      [0.0016636443136, 0.0042483806877, 0.030532049102, 0.95084844962, 0.012691577957, 1.589831771e-05]
    ],
    [
      [0.031213349382, 0.25384064715, 6.8801785734e-05, 0.66708694623, 0.022754171474, 0.02503608397],
      [0.0090042121601, 0.0076997937482, 0.029662508098, 0.81096347432, 0.0030387607001, 0.13963125097],
      [0.0031396401595, 0.0084736031664, 0.019988469026, 0.076903914955, 0.88400908664, 0.0074852860547],
      [0.60206459128, 0.00072314025322, 0.011571666963, 0.16340632917, 0.07575869873, 0.1464755736],
      [0.05094304256, 0.0076287181024, 0.052286461458, 0.32034004977, 0.034476766215, 0.53432496189]
    ],
    [
      [0.035319350715, 0.51269183212, 0.00011430704541, 0.37946075473, 0.065270137794, 0.0071436176013],
      [0.017414114879, 0.027513032976, 0.084708127673, 0.78815571836, 0.014860739523, 0.067348266594],
      [0.0014223009473, 0.0072920370423, 0.013771014655, 0.018409918092, 0.95822171303, 0.0008830162335],
      [0.62990796221, 0.0015090912711, 0.019261430532, 0.093691804158, 0.21476634971, 0.040863362118],
      [0.097905410849, 0.027224197997, 0.14949302435, 0.3117846714, 0.1699334647, 0.2436592307]
    ],
    [
      [0.014414450312, 0.81710830126, 1.2630941677e-05, 0.15329209397, 0.01063504381, 0.0045374797062],
      [0.017154972834, 0.073321932669, 0.022304704219, 0.7773618326, 0.0058607429442, 0.10399581473],
      [0.0030511282523, 0.03905264376, 0.0075189596554, 0.036480989809, 0.91108403817, 0.0028122403484],
      [0.74679554495, 0.0039178596355, 0.0051230388507, 0.091041318199, 0.088966320168, 0.064155918201],
      [0.10094539294, 0.074198142119, 0.03987168439, 0.31091156675, 0.069412043425, 0.40466117037]
    ],
    [
      [0.012545101079, 0.71982438518, 2.0133472505e-05, 0.22222830553, 0.033150073446, 0.012232001295],
      [0.0096085872886, 0.04540904498, 0.023014930148, 0.72692870565, 0.011604629079, 0.18343410286],
      [0.00091754294403, 0.013202925926, 0.0041692965579, 0.018406891131, 0.96069452473, 0.0026088187149],
      [0.50530000497, 0.0031558538729, 0.0067693142019, 0.10954384692, 0.23105103057, 0.14417994947],
      [0.043274004843, 0.035220184793, 0.031325891978, 0.22319759361, 0.10656605924, 0.56041626553]
    ],
    [
      [0.014150181396, 0.42239340912, 5.743637647e-05, 0.48282006412, 0.074717592313, 0.0058613166771],
      [0.0060800505043, 0.019572780895, 0.036813598409, 0.87473464249, 0.014795670891, 0.048003256809],
      [0.00050179716543, 0.0052684038617, 0.0060684674862, 0.020625046801, 0.9668999283, 0.00063635638945],
      [0.37676337269, 0.0018803849349, 0.014659458512, 0.18151531914, 0.3744203164, 0.050761148334],
      [0.042251627155, 0.024097449474, 0.080133040972, 0.42953173687, 0.20999044005, 0.21399570547]
    ],
    [
      [0.11252926773, 0.19595646968, 6.6817356096e-05, 0.65038892157, 0.018680076659, 0.022378447009],
      [0.03133845849, 0.0060283513897, 0.029149162705, 0.79884324034, 0.0024715018204, 0.13216928525],
      [0.010328545192, 0.005873589943, 0.017519640893, 0.062671685371, 0.89789492254, 0.0057116160556],
      [0.97180724871, 4.4329644375e-05, 0.00086657762928, 0.012012778938, 0.0045213577137, 0.010747707367],
      [0.16515527999, 0.0048103164349, 0.041723538641, 0.25263480343, 0.0222551496, 0.51342091191]
    ],
    [
      [0.30331036946, 0.52144857661, 2.4251326774e-05, 0.141359714, 0.0044748285756, 0.029382260032],
      [0.1880448116, 0.013026983067, 0.023304924317, 0.39723689245, 0.0013572202983, 0.37702916827],
      [0.091585119789, 0.019615811448, 0.021790722955, 0.050450170073, 0.78940895519, 0.027149220543],
      [0.99816289084, 4.2721728099e-06, 3.2610953569e-05, 0.00027824856395, 8.3479455235e-05, 0.0014384980162],
      [0.4177942078, 0.003931872688, 0.012543509176, 0.047019682736, 0.0045057039325, 0.51420502367]
    ],
    [
      [0.01498325375, 0.11907059922, 4.656394434e-05, 0.76302836318, 0.077695645621, 0.025175574282],
      [0.0037956648295, 0.0035507942414, 0.017371677444, 0.83518533679, 0.0089283529304, 0.13116817377],
      [0.00044424069503, 0.0013347021803, 0.0040083957699, 0.023538357921, 0.96855453121, 0.0021197722277],
      [0.34157911676, 0.00041644606102, 0.008433518351, 0.18947403918, 0.29242323438, 0.16767364526],
      [0.019989505552, 0.003149969106, 0.027132093013, 0.28460755083, 0.094956969942, 0.57016391155]
    ],
    [
      [0.012919392017, 0.6686846221, 2.8983104499e-05, 0.28320523508, 0.020766774291, 0.014394993409],
      [0.0080415746144, 0.040582481346, 0.02693804686, 0.74560667666, 0.0059717533944, 0.17285946713],
      [0.0014685918911, 0.023322289724, 0.009605008542, 0.037602979701, 0.92307756675, 0.0049235633886],
      [0.52797318056, 0.003590034349, 0.010015256195, 0.14328941292, 0.14318272999, 0.17194938599],
      [0.039834144574, 0.035061022179, 0.041228546508, 0.25666226829, 0.059746700546, 0.56746731791]
    ],
    [
      [0.019095811835, 0.36261964112, 4.4478735532e-05, 0.56316477674, 0.046248692946, 0.008826598622],
      [0.0071256044862, 0.015261269307, 0.024684842024, 0.88227712116, 0.0079850141589, 0.062666148864],
      [0.0010714647347, 0.0074404403122, 0.0074191556117, 0.038058685484, 0.94449012086, 0.0015201329992],
      [0.48517784278, 0.0016305553532, 0.010968483412, 0.20477075552, 0.22334219054, 0.07411017239],
      [0.052054630861, 0.019748174572, 0.056536032276, 0.45758924567, 0.11882141074, 0.29525050588]
    ],
    [
      [0.041141589986, 0.43644628091, 3.5854936301e-05, 0.47753512285, 0.018219197319, 0.026621953994],
      [0.015276381409, 0.014302949304, 0.019779154817, 0.75205179427, 0.0031417425033, 0.19544797769],
      [0.0047691187067, 0.012952981012, 0.011255813798, 0.058515095463, 0.90376898433, 0.0087380066944],
      [0.73198956869, 0.00078986172275, 0.0046477174463, 0.089037251048, 0.048902449982, 0.12463315111],
      [0.069093823284, 0.010965200506, 0.026888895463, 0.22838802385, 0.028028486893, 0.63663557]
    ],
    [
      [0.0036218268034, 0.77591493464, 2.7604008697e-05, 0.20376407817, 0.014876543307, 0.0017950130783],
      [0.0035151911699, 0.064038411983, 0.04058649547, 0.85163672631, 0.0065614030785, 0.033661771989],
      [0.00050362595614, 0.028813807054, 0.011408255748, 0.032391079795, 0.92613940766, 0.00074382378253],
      [0.50633159185, 0.0074511579717, 0.019860764957, 0.21054980831, 0.21162218049, 0.044184496431],
      [0.029429124444, 0.091843848056, 0.10526808639, 0.47970062431, 0.11115850317, 0.18259981362]
    ],
    [
      [0.0056555780175, 0.5906590176, 5.2205197334e-05, 0.29800374854, 0.10326787485, 0.0023615758],
      [0.0036720444777, 0.030525288781, 0.051012588127, 0.85520229889, 0.029832229889, 0.029755549832],
      [0.00013946831981, 0.0037437945777, 0.0038963876056, 0.0084491387539, 0.98359681874, 0.00017439200236],
      [0.20103190634, 0.0022663252323, 0.015998816792, 0.12883676287, 0.62773240911, 0.024133779662],
      [0.0224799065, 0.032643788185, 0.099277180114, 0.3472391785, 0.38097931199, 0.11738063471]
    ],
    [
      [0.026846363144, 0.57161909616, 0.00012476749739, 0.34532988004, 0.049329873634, 0.0067500195263],
      [0.014097507173, 0.02724207684, 0.10022194675, 0.77778266259, 0.011853105648, 0.068802701],
      [0.0013341549018, 0.0082788085569, 0.018479948863, 0.020161195565, 0.9507328453, 0.0010130468169],
      [0.65812692244, 0.0015268086889, 0.023262250242, 0.093050164631, 0.18115290443, 0.04288094957],
      [0.082566019833, 0.027434352527, 0.18205659759, 0.30877146332, 0.13966740729, 0.25950415944]
    ],
    [
      [0.0066457583191, 0.54560975913, 4.5517734893e-05, 0.3989621656, 0.04581885876, 0.0029179404561],
      [0.0035247894482, 0.033297986657, 0.035900737641, 0.8867014492, 0.011247009804, 0.02932802725],
      [0.0003846016825, 0.011975303908, 0.0079443847274, 0.02836594236, 0.95080555573, 0.00052421159015],
      [0.29308174705, 0.0044081422018, 0.019711533929, 0.25571697542, 0.38435003933, 0.042731562062],
      [0.02801151863, 0.047120198569, 0.089903108755, 0.50400451979, 0.18215867212, 0.14880198213]
    ],
    [
      [0.014547283447, 0.4772212798, 0.00010690705234, 0.44460934276, 0.057135015432, 0.0063801715028],
      [0.019474269152, 0.17725884523, 0.014446881929, 0.72800808368, 0.049727312496, 0.011084607514],
      [0.00024121564544, 0.0028787385117, 0.0002068714807, 0.001206424613, 0.99545214257, 1.4607180262e-05],
      [0.53043079879, 0.0014808788425, 0.00069628399778, 0.014524968028, 0.45152558768, 0.0013414826568],
      [0.095858256563, 0.1081898097, 0.013064969482, 0.14944101743, 0.61557481837, 0.017871128463]
    ],
    [
      [0.0052582970271, 0.85752830502, 9.4292225525e-06, 0.12642752104, 0.0084996562107, 0.002276791486],
      [0.0077905821481, 0.10228176121, 0.020762031462, 0.79848453486, 0.0058112039552, 0.064869886357],
      [0.0013215310637, 0.052088859621, 0.0066455579709, 0.035596548628, 0.90268327337, 0.0016642293478],
      [0.61023339111, 0.0091808605527, 0.0079632880854, 0.15647133017, 0.14947747402, 0.06667365606],
      [0.055673275379, 0.12565620424, 0.045000413379, 0.38790601012, 0.08373923135, 0.30202486553]
    ],
    [
      [0.018979001335, 0.36317779558, 5.7050354161e-05, 0.57389010554, 0.036291896505, 0.0076041506815],
      [0.0070012992571, 0.015364150063, 0.03129358674, 0.88694154266, 0.0062021498773, 0.053197271398],
      [0.0013470453675, 0.0097184003604, 0.012154010877, 0.049847178913, 0.92526191381, 0.0016714506756],
      [0.5088675085, 0.0017707667877, 0.014946868346, 0.22268170918, 0.18419019119, 0.067542955991],
      [0.054022139141, 0.021090455956, 0.075936664481, 0.48904284915, 0.097265421438, 0.26264246983]
    ],
    [
      [0.014166071067, 0.50904791723, 4.9376929105e-05, 0.42335623428, 0.043703159394, 0.0096772410985],
      [0.006679074409, 0.027545417523, 0.034581778591, 0.83521676722, 0.0095437278174, 0.086433234436],
      [0.00086196298543, 0.011717221542, 0.0090348409478, 0.031691876444, 0.94486521073, 0.0018288873541],
      [0.4319049625, 0.0028997623625, 0.015086081399, 0.19194079602, 0.25799437066, 0.10017402706],
      [0.042499208721, 0.031268368997, 0.069327254559, 0.3811891002, 0.123649474, 0.35206659352]
    ],
    [
      [0.020291316839, 0.54583147662, 0.00038812622012, 0.38796101758, 0.040458366543, 0.0050696961949],
      [0.0084599683276, 0.026206356678, 0.24102969379, 0.67648333757, 0.0078164861883, 0.040004157446],
      [0.0012476867586, 0.012753080791, 0.071866513589, 0.029401240932, 0.88376217897, 0.00096929895995],
      [0.51346950719, 0.0025784661025, 0.098079967389, 0.14540143083, 0.19716366848, 0.04330696001],
      [0.047203041025, 0.026083441199, 0.42477218715, 0.27089889364, 0.088747284783, 0.1422951522]
    ],
    [
      [0.018125314177, 0.4028726698, 0.00026654195189, 0.5051738287, 0.069417402467, 0.0041442429039],
      [0.0067528564802, 0.017476469514, 0.14772656946, 0.7868529863, 0.011985945689, 0.02920517256],
      [0.00069272534275, 0.0059244681241, 0.030709034556, 0.023825998869, 0.93835474304, 0.00049303006487],
      [0.41784054716, 0.001774233754, 0.06203055863, 0.17440691779, 0.31135657235, 0.032591170313],
      [0.043259730177, 0.019990051371, 0.29895705811, 0.36214972175, 0.15639278721, 0.11925065137]
    ],
    [
      [0.015733884635, 0.53000532075, 0.00016279810348, 0.38494852258, 0.064732590132, 0.004416883801],
      [0.0077040564096, 0.030069290847, 0.11853571354, 0.78809017628, 0.014686070453, 0.040914692472],
      [0.00065273003791, 0.0084083673555, 0.020334330469, 0.019698485416, 0.95033606846, 0.00057001825988],
      [0.42094049803, 0.0026970322274, 0.0439960262, 0.15442116828, 0.3375874276, 0.040357847666],
      [0.047229954767, 0.032911137024, 0.22938252548, 0.34708884693, 0.18344219928, 0.15994533651]
    ],
    [
      [0.009704290565, 0.6362286455, 0.00016178222896, 0.3043602509, 0.046652426362, 0.0028926044391],
