{
  "Z_true": {},
  "V_true": [
    [465, 37, 49, 2453, 35],
    [35, 924, 713, 293, 55],
    [87, 736, 6309, 423, 423],
    [1030, 380, 184, 21064, 348],
    [66, 139, 588, 630, 754]
  ],
  "p_true": [
    [0.153, 0.0122, 0.0161, 0.8072, 0.0115],
    [0.0173, 0.4574, 0.353, 0.145, 0.0272],
    [0.0109, 0.0923, 0.7908, 0.053, 0.053],
    [0.0448, 0.0165, 0.008, 0.9156, 0.0151],
    [0.0303, 0.0638, 0.2701, 0.2894, 0.3463]
  ],
  "Z_est": [
    [
      [19.1017, 14.8252, 2.2808, 3.1361, 3.7063, 0.8553, 6.5573, 17.106, 5.702, 21.3825, 23.3782, 23.3782, 45.0458, 21.9527, 66.1432, 18.2464, 25.0888, 37.063, 54.7392, 3.4212, 35.6375, 3.7063, 3.1361, 33.0716, 25.659, 1.4255, 1.4255, 20.5272, 9.9785, 11.404, 29.9355, 17.9613, 55.8796, 25.9441, 1.4255, 97.2191, 9.9785, 55.3094, 13.6848],
      [10.0165, 7.774, 1.196, 1.6445, 1.9435, 0.4485, 3.4385, 8.97, 2.99, 11.2125, 12.259, 12.259, 23.621, 11.5115, 34.684, 9.568, 13.156, 19.435, 28.704, 1.794, 18.6875, 1.9435, 1.6445, 17.342, 13.455, 0.7475, 0.7475, 10.764, 5.2325, 5.98, 15.6975, 9.4185, 29.302, 13.6045, 0.7475, 50.9795, 5.2325, 29.003, 7.176],
      [4.3684, 3.3904, 0.5216, 0.7172, 0.8476, 0.1956, 1.4996, 3.912, 1.304, 4.89, 5.3464, 5.3464, 10.3016, 5.0204, 15.1264, 4.1728, 5.7376, 8.476, 12.5184, 0.7824, 8.15, 0.8476, 0.7172, 7.5632, 5.868, 0.326, 0.326, 4.6944, 2.282, 2.608, 6.846, 4.1076, 12.7792, 5.9332, 0.326, 22.2332, 2.282, 12.6488, 3.1296],
      [29.6944, 23.0464, 3.5456, 4.8752, 5.7616, 1.3296, 10.1936, 26.592, 8.864, 33.24, 36.3424, 36.3424, 70.0256, 34.1264, 102.8224, 28.3648, 39.0016, 57.616, 85.0944, 5.3184, 55.4, 5.7616, 4.8752, 51.4112, 39.888, 2.216, 2.216, 31.9104, 15.512, 17.728, 46.536, 27.9216, 86.8672, 40.3312, 2.216, 151.1312, 15.512, 85.9808, 21.2736],
      [3.819, 2.964, 0.456, 0.627, 0.741, 0.171, 1.311, 3.42, 1.14, 4.275, 4.674, 4.674, 9.006, 4.389, 13.224, 3.648, 5.016, 7.41, 10.944, 0.684, 7.125, 0.741, 0.627, 6.612, 5.13, 0.285, 0.285, 4.104, 1.995, 2.28, 5.985, 3.591, 11.172, 5.187, 0.285, 19.437, 1.995, 11.058, 2.736]
    ],
    [
      [6.1711, 5.252, 0.9191, 1.1817, 2.3634, 0.6565, 1.7069, 7.0902, 2.7573, 6.6963, 8.4032, 12.6048, 7.878, 4.2016, 16.6751, 7.3528, 7.2215, 10.2414, 15.8873, 0.6565, 6.9589, 1.0504, 1.9695, 12.2109, 3.1512, 1.313, 0.3939, 5.252, 3.4138, 1.8382, 7.2215, 3.5451, 14.3117, 8.9284, 1.1817, 22.0584, 3.8077, 28.886, 11.817],
      [22.6963, 19.316, 3.3803, 4.3461, 8.6922, 2.4145, 6.2777, 26.0766, 10.1409, 24.6279, 30.9056, 46.3584, 28.974, 15.4528, 61.3283, 27.0424, 26.5595, 37.6662, 58.4309, 2.4145, 25.5937, 3.8632, 7.2435, 44.9097, 11.5896, 4.829, 1.4487, 19.316, 12.5554, 6.7606, 26.5595, 13.0383, 52.6361, 32.8372, 4.3461, 81.1272, 14.0041, 106.238, 43.461],
      [4.9961, 4.252, 0.7441, 0.9567, 1.9134, 0.5315, 1.3819, 5.7402, 2.2323, 5.4213, 6.8032, 10.2048, 6.378, 3.4016, 13.5001, 5.9528, 5.8465, 8.2914, 12.8623, 0.5315, 5.6339, 0.8504, 1.5945, 9.8859, 2.5512, 1.063, 0.3189, 4.252, 2.7638, 1.4882, 5.8465, 2.8701, 11.5867, 7.2284, 0.9567, 17.8584, 3.0827, 23.386, 9.567],
      [9.353, 7.96, 1.393, 1.791, 3.582, 0.995, 2.587, 10.746, 4.179, 10.149, 12.736, 19.104, 11.94, 6.368, 25.273, 11.144, 10.945, 15.522, 24.079, 0.995, 10.547, 1.592, 2.985, 18.507, 4.776, 1.99, 0.597, 7.96, 5.174, 2.786, 10.945, 5.373, 21.691, 13.532, 1.791, 33.432, 5.771, 43.78, 17.91],
      [3.7788, 3.216, 0.5628, 0.7236, 1.4472, 0.402, 1.0452, 4.3416, 1.6884, 4.1004, 5.1456, 7.7184, 4.824, 2.5728, 10.2108, 4.5024, 4.422, 6.2712, 9.7284, 0.402, 4.2612, 0.6432, 1.206, 7.4772, 1.9296, 0.804, 0.2412, 3.216, 2.0904, 1.1256, 4.422, 2.1708, 8.7636, 5.4672, 0.7236, 13.5072, 2.3316, 17.688, 7.236]
    ],
    [
      [3.4126, 3.9098, 0.8588, 0.8362, 6.8026, 4.7912, 7.5936, 4.633, 11.4356, 2.1922, 6.3732, 5.8534, 3.9776, 2.3052, 8.0456, 3.4804, 3.2092, 6.1924, 11.074, 0.3164, 4.1132, 1.3108, 1.3786, 7.2998, 1.921, 1.6498, 4.3618, 3.1866, 1.5142, 0.904, 2.8476, 1.6724, 6.1698, 3.616, 3.051, 13.3566, 3.6386, 16.5432, 4.4748],
      [5.1793, 5.9339, 1.3034, 1.2691, 10.3243, 7.2716, 11.5248, 7.0315, 17.3558, 3.3271, 9.6726, 8.8837, 6.0368, 3.4986, 12.2108, 5.2822, 4.8706, 9.3982, 16.807, 0.4802, 6.2426, 1.9894, 2.0923, 11.0789, 2.9155, 2.5039, 6.6199, 4.8363, 2.2981, 1.372, 4.3218, 2.5382, 9.3639, 5.488, 4.6305, 20.2713, 5.5223, 25.1076, 6.7914],
      [131.4455, 150.5965, 33.079, 32.2085, 262.0205, 184.546, 292.488, 178.4525, 440.473, 84.4385, 245.481, 225.4595, 153.208, 88.791, 309.898, 134.057, 123.611, 238.517, 426.545, 12.187, 158.431, 50.489, 53.1005, 281.1715, 73.9925, 63.5465, 168.0065, 122.7405, 58.3235, 34.82, 109.683, 64.417, 237.6465, 139.28, 117.5175, 514.4655, 140.1505, 637.206, 172.359],
      [6.3118, 7.2314, 1.5884, 1.5466, 12.5818, 8.8616, 14.0448, 8.569, 21.1508, 4.0546, 11.7876, 10.8262, 7.3568, 4.2636, 14.8808, 6.4372, 5.9356, 11.4532, 20.482, 0.5852, 7.6076, 2.4244, 2.5498, 13.5014, 3.553, 3.0514, 8.0674, 5.8938, 2.8006, 1.672, 5.2668, 3.0932, 11.4114, 6.688, 5.643, 24.7038, 6.7298, 30.5976, 8.2764],
      [4.6659, 5.3457, 1.1742, 1.1433, 9.3009, 6.5508, 10.3824, 6.3345, 15.6354, 2.9973, 8.7138, 8.0031, 5.4384, 3.1518, 11.0004, 4.7586, 4.3878, 8.4666, 15.141, 0.4326, 5.6238, 1.7922, 1.8849, 9.9807, 2.6265, 2.2557, 5.9637, 4.3569, 2.0703, 1.236, 3.8934, 2.2866, 8.4357, 4.944, 4.1715, 18.2619, 4.9749, 22.6188, 6.1182]
    ],
    [
      [4.3032, 3.1592, 0.616, 0.5544, 1.1968, 0.2728, 1.32, 4.004, 1.3024, 4.8752, 3.8808, 8.2632, 8.888, 5.0424, 13.288, 4.2944, 5.9224, 8.1488, 11.1936, 0.352, 7.172, 0.9768, 0.9856, 7.2688, 4.004, 0.528, 0.3256, 4.444, 2.6312, 1.496, 6.3096, 3.6168, 13.5872, 6.7496, 2.7896, 24.288, 3.2912, 14.5816, 6.5296],
      [3.2763, 2.4053, 0.469, 0.4221, 0.9112, 0.2077, 1.005, 3.0485, 0.9916, 3.7118, 2.9547, 6.2913, 6.767, 3.8391, 10.117, 3.2696, 4.5091, 6.2042, 8.5224, 0.268, 5.4605, 0.7437, 0.7504, 5.5342, 3.0485, 0.402, 0.2479, 3.3835, 2.0033, 1.139, 4.8039, 2.7537, 10.3448, 5.1389, 2.1239, 18.492, 2.5058, 11.1019, 4.9714],
      [4.401, 3.231, 0.63, 0.567, 1.224, 0.279, 1.35, 4.095, 1.332, 4.986, 3.969, 8.451, 9.09, 5.157, 13.59, 4.392, 6.057, 8.334, 11.448, 0.36, 7.335, 0.999, 1.008, 7.434, 4.095, 0.54, 0.333, 4.545, 2.691, 1.53, 6.453, 3.699, 13.896, 6.903, 2.853, 24.84, 3.366, 14.913, 6.678],
      [473.7921, 347.8351, 67.823, 61.0407, 131.7704, 30.0359, 145.335, 440.8495, 143.3972, 536.7706, 427.2849, 909.7971, 978.589, 555.1797, 1463.039, 472.8232, 652.0697, 897.2014, 1232.4408, 38.756, 789.6535, 107.5479, 108.5168, 800.3114, 440.8495, 58.134, 35.8493, 489.2945, 289.7011, 164.713, 694.7013, 398.2179, 1495.9816, 743.1463, 307.1413, 2674.164, 362.3686, 1605.4673, 718.9238],
      [3.2274, 2.3694, 0.462, 0.4158, 0.8976, 0.2046, 0.99, 3.003, 0.9768, 3.6564, 2.9106, 6.1974, 6.666, 3.7818, 9.966, 3.2208, 4.4418, 6.1116, 8.3952, 0.264, 5.379, 0.7326, 0.7392, 5.4516, 3.003, 0.396, 0.2442, 3.333, 1.9734, 1.122, 4.7322, 2.7126, 10.1904, 5.0622, 2.0922, 18.216, 2.4684, 10.9362, 4.8972]
    ],
    [
      [4.4772, 4.3911, 0.7749, 0.861, 4.5633, 2.6691, 6.5436, 5.8548, 7.0602, 2.3247, 5.9409, 6.027, 5.7687, 4.0467, 10.5042, 3.0996, 2.8413, 7.2324, 10.7625, 0.2583, 4.1328, 1.2915, 0.7749, 6.9741, 2.8413, 0.9471, 2.9274, 3.6162, 1.722, 1.1193, 4.3911, 3.0996, 11.193, 4.8216, 3.7023, 18.7698, 3.444, 12.8289, 2.8413],
      [8.8348, 8.6649, 1.5291, 1.699, 9.0047, 5.2669, 12.9124, 11.5532, 13.9318, 4.5873, 11.7231, 11.893, 11.3833, 7.9853, 20.7278, 6.1164, 5.6067, 14.2716, 21.2375, 0.5097, 8.1552, 2.5485, 1.5291, 13.7619, 5.6067, 1.8689, 5.7766, 7.1358, 3.398, 2.2087, 8.6649, 6.1164, 22.087, 9.5144, 7.3057, 37.0382, 6.796, 25.3151, 5.6067],
      [7.0408, 6.9054, 1.2186, 1.354, 7.1762, 4.1974, 10.2904, 9.2072, 11.1028, 3.6558, 9.3426, 9.478, 9.0718, 6.3638, 16.5188, 4.8744, 4.4682, 11.3736, 16.925, 0.4062, 6.4992, 2.031, 1.2186, 10.9674, 4.4682, 1.4894, 4.6036, 5.6868, 2.708, 1.7602, 6.9054, 4.8744, 17.602, 7.5824, 5.8222, 29.5172, 5.416, 20.1746, 4.4682],
      [10.1088, 9.9144, 1.7496, 1.944, 10.3032, 6.0264, 14.7744, 13.2192, 15.9408, 5.2488, 13.4136, 13.608, 13.0248, 9.1368, 23.7168, 6.9984, 6.4152, 16.3296, 24.3, 0.5832, 9.3312, 2.916, 1.7496, 15.7464, 6.4152, 2.1384, 6.6096, 8.1648, 3.888, 2.5272, 9.9144, 6.9984, 25.272, 10.8864, 8.3592, 42.3792, 7.776, 28.9656, 6.4152],
      [21.5384, 21.1242, 3.7278, 4.142, 21.9526, 12.8402, 31.4792, 28.1656, 33.9644, 11.1834, 28.5798, 28.994, 27.7514, 19.4674, 50.5324, 14.9112, 13.6686, 34.7928, 51.775, 1.2426, 19.8816, 6.213, 3.7278, 33.5502, 13.6686, 4.5562, 14.0828, 17.3964, 8.284, 5.3846, 21.1242, 14.9112, 53.846, 23.1952, 17.8106, 90.2956, 16.568, 61.7158, 13.6686]
    ]
  ],
  "V_est": [
    [866.4189, 454.3305, 198.1428, 1346.8848, 173.223],
    [265.226, 975.458, 214.726, 401.98, 162.408],
    [180.3028, 273.6454, 6944.849, 333.4804, 246.5202],
    [202.4528, 154.1402, 207.054, 22290.5134, 151.8396],
    [187.4397, 369.8723, 294.7658, 423.2088, 901.7134]
  ],
  "p_est": [
    [0.2851, 0.1495, 0.0652, 0.4432, 0.057],
    [0.1313, 0.4829, 0.1063, 0.199, 0.0804],
    [0.0226, 0.0343, 0.8705, 0.0418, 0.0309],
    [0.0088, 0.0067, 0.009, 0.9689, 0.0066],
    [0.0861, 0.1699, 0.1354, 0.1944, 0.4142]
  ],
  "EI_Z": {},
  "EI_V": 10.6819,
  "MAE_Z": {},
  "MAE_V": 326.6107,
  "MAE_p": 0.0789,
  "runtime": 100.186
}
