{
  "Z_true": {},
  "V_true": [
    [17, 164, 682, 333],
    [1076, 1494, 276, 127],
    [303, 7042, 280, 205],
    [249, 1019, 19124, 467],
    [247, 1749, 895, 462],
    [133, 320, 309, 374]
  ],
  "p_true": [
    [0.0142, 0.1371, 0.5702, 0.2784],
    [0.3619, 0.5025, 0.0928, 0.0427],
    [0.0387, 0.8994, 0.0358, 0.0262],
    [0.0119, 0.0489, 0.9168, 0.0224],
    [0.0737, 0.5216, 0.2669, 0.1378],
    [0.1171, 0.2817, 0.272, 0.3292]
  ],
  "Z_est": [
    [
      [0.0093, 0.0126, 0.0009, 0.008, 0, 0.0035, 0, 0, 0, 0, 0.0001, 0, 0.0209, 0, 0, 0.0042, 0.0024, 0.0014, 0.0061, 0.0039, 0.0027, 0.0033, 0, 0, 0.0022, 0.0047, 0.0038, 0, 0.0024, 0.0009, 0.002, 0.0006, 0, 0.0005, 0.0002, 0, 0, 0.0261, 0, 0, 0.0039, 0.0074, 0, 0.0021, 0.0016, 0.0007, 0, 0, 0.0066, 0.0028, 0.0019, 0, 0.0032, 0.0384, 0],
      [4.7004, 6.1258, 2.8257, 2.0952, 1.5217, 1.0857, 0, 0, 3.0019, 2.9122, 0.1049, 2.6473, 1.671, 1.1692, 5.2453, 0.7629, 2.7414, 3.168, 2.8064, 2.2522, 1.5009, 1.1348, 3.9489, 4.3004, 0.9583, 2.4407, 2.3036, 3.5715, 3.3387, 1.5675, 1.3572, 0.3992, 3.6705, 0.4361, 0.355, 3.6817, 2.3345, 10.3202, 3.0026, 1.8336, 2.446, 2.2639, 0.608, 1.6179, 0.2382, 0.343, 1.0291, 0, 3.2945, 2.2795, 0.4413, 33.3604, 1.8882, 5.837, 2.3448],
      [24.719, 30.3379, 14.3025, 12.1057, 7.3905, 7.3904, 0, 0, 18.5686, 16.404, 0.5908, 14.3449, 8.7464, 6.9697, 24.5438, 3.3325, 15.054, 12.9991, 14.1857, 12.1045, 8.6217, 5.0115, 21.9458, 24.0259, 4.7578, 11.0229, 10.7758, 18.3867, 14.5598, 7.3862, 6.9012, 1.9623, 18.1165, 2.0235, 1.3848, 18.3919, 11.4073, 50.3132, 14.8547, 9.8512, 13.4016, 11.1841, 4.0675, 13.2911, 1.473, 2.0559, 5.398, 0, 18.3947, 11.9953, 3.0596, 173.9383, 10.0223, 30.8245, 11.6437],
      [6.5713, 8.5236, 3.8709, 1.7911, 1.0878, 2.5203, 0, 0, 7.4295, 3.6838, 0.3042, 6.0078, 3.5617, 2.8611, 5.2109, 0.9004, 4.2022, 3.8316, 4.0018, 2.6394, 1.8747, 1.8503, 4.1053, 5.6737, 1.2817, 3.5317, 2.9167, 5.0418, 3.0991, 2.0455, 1.7395, 0.6379, 4.213, 0.5399, 0.26, 4.9264, 2.2583, 17.3405, 3.1427, 2.3153, 4.1486, 3.5446, 1.3245, 4.0888, 0.2872, 0.6004, 1.573, 0, 6.3042, 2.7224, 0.4972, 42.7014, 3.0863, 11.3002, 2.0115]
    ],
    [
      [28.827, 23.8948, 10.7668, 27.1264, 11.2727, 12.3349, 1.3547, 2.7132, 4.7824, 16.8934, 0, 18.0979, 17.5059, 15.7688, 37.6579, 20.7208, 53.1108, 16.3741, 15.0502, 23.7482, 21.7182, 9.7262, 19.2801, 21.5053, 14.4861, 21.874, 27.84, 20.1683, 24.1684, 15.6902, 22.6351, 18.6832, 23.5091, 8.4679, 7.3802, 47.6895, 26.1314, 53.6994, 27.2872, 7.6821, 75.0107, 43.2658, 10.4957, 14.0454, 7.7007, 4.8845, 6.0289, 0, 17.6562, 15.9918, 6.0485, 244.1561, 63.1305, 126.9915, 44.2602],
      [16.4846, 14.0517, 7.4434, 12.6888, 10.2109, 4.4533, 0.358, 0.792, 5.5125, 11.0509, 0, 13.0633, 7.3173, 9.7286, 34.6475, 9.5475, 31.9493, 13.9187, 8.571, 13.3209, 11.0683, 5.6639, 12.2768, 14.5232, 8.4134, 14.5375, 17.9433, 15.6828, 17.6693, 11.105, 13.5811, 10.8817, 17.9682, 5.2162, 5.7448, 34.9123, 21.8074, 34.4995, 25.4099, 8.0786, 43.3007, 27.2044, 7.8979, 5.3883, 2.7002, 1.9364, 4.5409, 2.9938, 10.2579, 9.2646, 1.8051, 187.1196, 37.3384, 66.5161, 47.8943],
      [6.9172, 5.5414, 3.0061, 5.9879, 3.9702, 2.4242, 0.1805, 0.3757, 2.6798, 4.9911, 0, 5.5569, 2.9311, 4.6533, 12.2232, 2.8737, 14.1642, 4.4038, 3.4404, 5.7515, 5.1658, 1.8844, 5.4743, 6.5146, 3.242, 4.9535, 6.4719, 6.4495, 5.9195, 4.0925, 5.4581, 4.0879, 6.9712, 1.8303, 1.5736, 13.8141, 8.4778, 13.2486, 9.4269, 3.4668, 18.9589, 10.1715, 4.2933, 3.5538, 1.368, 0.924, 1.8978, 1.3236, 4.5664, 3.9025, 1.0008, 78.3655, 15.7472, 26.959, 18.2751],
      [1.7712, 1.5121, 0.7837, 0.197, 0.5462, 0.7877, 0.1068, 0.1191, 1.0252, 1.0647, 0, 2.2819, 1.2457, 1.8493, 2.4714, 0.858, 3.7756, 1.3034, 0.9384, 1.1794, 1.0478, 0.7255, 0.9687, 1.4569, 0.8585, 1.635, 1.7449, 1.6995, 1.2429, 1.1123, 1.3256, 1.3473, 1.5515, 0.4856, 0.3013, 3.5841, 1.5834, 4.5525, 1.876, 0.7726, 5.7297, 3.3583, 1.3131, 1.0125, 0.2311, 0.2551, 0.5323, 0.6826, 1.5196, 0.8411, 0.1456, 18.3588, 4.784, 10.5335, 2.5704]
    ],
    [
      [0.5904, 0.586, 0.286, 0.1755, 0, 0.1635, 0.0397, 0.0341, 0.0204, 0, 0.0064, 0, 0.205, 0.0413, 0, 0, 0.651, 0, 0.2373, 0.3722, 0.3549, 0, 0.0833, 0, 0.0007, 0, 0, 0, 0, 0, 0.4366, 0, 0, 0, 0, 0.1369, 0, 0, 0, 0, 0.3758, 0.1751, 0, 0.8448, 0.1258, 0.0899, 0.0568, 0, 1.043, 0.5656, 0.0331, 0, 0.9108, 1.4147, 0],
      [157.3231, 229.681, 131.7264, 38.9185, 57.3726, 31.174, 7.3603, 3.8167, 18.939, 79.4332, 2.8362, 94.0128, 87.4157, 62.3102, 178.6083, 90.718, 214.1138, 85.7851, 65.7108, 97.7694, 83.7767, 115.1819, 121.4273, 195.4842, 82.7354, 173.343, 173.4063, 172.2666, 183.713, 158.6756, 108.6543, 86.984, 137.6496, 63.4007, 52.363, 243.9143, 174.3617, 381.5548, 140.6075, 53.2716, 105.4868, 60.8003, 27.5131, 57.6511, 13.473, 19.1363, 147.4695, 20.2056, 239.3118, 158.7522, 5.8088, 1437.6199, 198.6785, 357.6151, 73.2898],
      [0.5451, 0, 0.2743, 0.2648, 0.3005, 0.1944, 0, 0.0081, 0.1014, 0.5417, 0.0074, 0.3115, 0, 0.4084, 0, 0, 1.4341, 0, 0.1144, 0.5986, 0.7853, 0, 1.0054, 2.4338, 0, 0, 0, 0.7411, 0, 0, 0.0945, 0, 0.2183, 0, 0, 0.2375, 0.4985, 0, 0.5719, 0.3902, 0.3982, 0, 0.273, 7.3204, 0.1032, 0.1081, 0.7938, 0.0018, 2.076, 1.0596, 0.0339, 9.0593, 0.4426, 0, 0.617],
      [4.5414, 6.733, 3.7133, 0.6412, 0.3269, 1.4681, 0.6, 0.1411, 0.9392, 2.0252, 0.1499, 4.6757, 4.3793, 3.24, 3.3917, 2.282, 6.8011, 2.2149, 1.9374, 2.2598, 2.0832, 4.8181, 2.484, 5.082, 2.264, 5.657, 4.5937, 4.9923, 3.287, 4.3244, 2.8146, 3.016, 3.1321, 1.5993, 0.637, 6.7113, 3.1397, 14.4452, 2.8206, 1.3382, 3.7392, 2.0247, 1.2138, 3.1837, 0.298, 0.6657, 4.6799, 1.7926, 10.5692, 3.6225, 0.1241, 37.3208, 6.9681, 15.9701, 1.0932]
    ],
    [
      [2.6609, 3.623, 0.4504, 1.3986, 0, 2.2275, 0.4801, 0.4488, 0, 0, 0.1153, 0, 4.634, 0, 0, 5.953, 1.8539, 0.6711, 1.9057, 1.4888, 1.5052, 1.2644, 0, 0, 1.3484, 1.4975, 2.5606, 0, 1.2438, 0.8648, 1.2971, 2.0961, 0, 0.7186, 0.2185, 0, 0, 5.1059, 0, 0, 3.0309, 2.0673, 0, 0, 1.0221, 0.8527, 0.0206, 0, 1.2002, 0.9323, 0.6082, 0, 2.7385, 12.4151, 0],
      [25.6684, 39.1451, 20.3297, 6.7332, 12.5067, 5.2961, 0.8299, 0.5352, 7.4807, 16.3059, 2.032, 10.699, 8.0148, 7.4064, 28.9231, 16.0818, 25.8728, 29.758, 18.8319, 12.883, 7.622, 8.5074, 18.4155, 14.5875, 8.0203, 17.0422, 26.4708, 22.4545, 31.8931, 21.2177, 14.0133, 12.5788, 19.3714, 8.0731, 11.5058, 30.7542, 22.6763, 49.4824, 18.5812, 9.5063, 24.2936, 15.7391, 0.6981, 0, 0.8937, 3.5369, 6.4119, 0.3883, 10.209, 12.5979, 1.8965, 190.3051, 20.5771, 34.0463, 10.8728],
      [527.2832, 615.05, 353.9288, 233.8682, 248.4933, 270.8039, 35.8782, 17.9099, 280.2691, 487.3935, 39.9672, 249.4288, 161.5494, 270.5418, 395.5515, 144.6507, 676.6459, 257.9992, 324.686, 305.9987, 278.1235, 59.3272, 553.5153, 465.0755, 124.7875, 152.7894, 311.6294, 435.7703, 289.0708, 248.0249, 246.4236, 178.043, 311.5285, 83.6196, 66.2529, 505.0471, 369.1647, 709.0439, 324.9499, 276.8242, 558.1287, 244.1475, 208.7124, 229.5155, 52.0842, 116.8116, 128.6138, 14.1553, 300.347, 268.8629, 92.4953, 4112.4054, 441.0526, 712.9912, 284.1272],
      [3.3876, 5.1819, 2.2911, 0, 0, 2.6725, 1.8118, 0.1061, 3.2501, 1.3005, 0.8855, 4.8722, 3.8018, 5.0518, 0.5254, 1.3146, 4.6273, 2.5717, 2.5764, 0.6295, 0.7493, 0.901, 0.0692, 1.3371, 0.8438, 1.6709, 2.3391, 2.7752, 0.7924, 1.8926, 1.266, 2.2822, 1.1001, 0.5886, 0.0228, 3.1986, 0.1589, 10.3679, 0.4689, 0.6695, 5.5468, 3.0462, 1.5896, 1.4845, 0, 0.7988, 0.9537, 0.4564, 4.2438, 0.6069, 0, 17.2894, 4.6318, 13.5474, 0]
    ],
    [
      [11.6971, 15.5393, 5.7105, 6.997, 1.8584, 2.4149, 0.9223, 0.7144, 0.0747, 6.1266, 0.8359, 3.3155, 4.3568, 3.3911, 6.0434, 6.8826, 11.7337, 3.2219, 6.1056, 4.7206, 5.7027, 3.818, 7.6868, 7.622, 5.0972, 6.5567, 7.9685, 6.312, 8.732, 6.5383, 5.2132, 4.1733, 4.2661, 2.6415, 2.7601, 9.2615, 5.0486, 15.7711, 4.2483, 0.9041, 5.9052, 6.9454, 0.6545, 7.4494, 3.7408, 1.5755, 6.2552, 0, 14.1347, 11.0455, 2.5092, 62.2811, 10.5365, 17.1848, 2.4993],
      [44.9512, 61.4381, 26.91, 22.6646, 19.4226, 6.0224, 2.0367, 1.6629, 11.158, 28.2783, 3.8452, 15.9729, 12.2556, 14.2811, 34.5078, 20.8284, 47.4314, 18.508, 23.5972, 17.9285, 19.7323, 15.155, 33.1648, 35.1994, 20.0044, 29.2638, 34.411, 35.648, 43.0266, 31.4378, 21.1006, 16.3629, 21.6235, 11.2061, 14.8985, 45.546, 37.3733, 67.6875, 23.8407, 17.5457, 22.909, 29.0417, 14.1943, 19.3266, 8.7498, 4.4801, 32.501, 3.6408, 54.8424, 43.1974, 4.4687, 357.4478, 41.7045, 59.8348, 15.5154],
      [16.4444, 20.9609, 9.4566, 9.1783, 6.2069, 2.8331, 0.8769, 0.6762, 4.235, 11.0706, 1.4088, 5.9881, 4.3441, 5.9344, 11.2054, 5.725, 18.2565, 5.1908, 8.2435, 6.714, 7.9547, 4.3455, 12.9116, 13.7714, 6.722, 8.738, 10.8995, 12.6491, 12.5225, 10.0094, 7.419, 5.4371, 7.4224, 3.4462, 3.5055, 15.7838, 12.2354, 22.7021, 8.209, 6.0747, 8.7318, 9.7483, 5.8872, 11.3902, 3.8183, 1.8523, 11.8752, 1.4079, 21.5662, 15.9334, 2.1222, 128.3497, 15.3691, 21.6742, 5.3933],
      [16.9073, 23.0617, 9.9229, 5.1601, 3.5121, 3.7296, 2.1641, 0.9465, 6.5323, 9.5246, 2.9101, 9.7235, 7.0435, 9.3934, 9.2433, 6.564, 19.5784, 6.0793, 9.0537, 5.6369, 6.6103, 6.6814, 9.2368, 12.4071, 7.1765, 11.4415, 11.7211, 13.3909, 10.719, 11.0145, 7.2671, 7.0267, 6.6881, 3.7062, 2.8359, 16.4087, 9.3428, 30.8392, 6.702, 5.4755, 10.4541, 12.2646, 7.264, 12.8338, 2.6911, 2.0921, 13.3686, 2.9513, 28.4567, 13.8237, 0.8999, 120.9214, 18.3898, 31.3062, 3.5921]
    ],
    [
      [2.2152, 2.3443, 1.7854, 1.2946, 0.8689, 0.8558, 0.2032, 0.0894, 0.1226, 0.9801, 0.0422, 0.5866, 1.2773, 0.7988, 2.2987, 1.4394, 2.6482, 0.7315, 0.6951, 1.6664, 0.7162, 1.188, 1.9498, 1.8726, 1.0654, 1.0672, 2.6271, 1.5197, 1.8534, 0.9058, 1.4159, 1.0468, 1.2248, 0.1714, 0.6411, 2.9121, 1.8201, 3.3975, 1.4645, 0.4138, 2.6736, 1.5391, 0.8498, 1.6583, 0.409, 0.5967, 0.6384, 0, 1.9593, 2.462, 0.7991, 13.5627, 2.6806, 5.9555, 1.2406],
      [7.8724, 8.5582, 7.765, 3.8997, 4.9655, 1.9685, 0.4151, 0.1933, 0.9078, 4.0195, 0.1816, 2.6047, 3.3256, 3.1044, 12.068, 4.0614, 9.8913, 3.8623, 2.4827, 5.846, 2.2999, 4.357, 7.7666, 7.9053, 3.8682, 4.3729, 10.4649, 7.3767, 8.3594, 3.9964, 5.2934, 3.7934, 5.7168, 0.6678, 3.1329, 13.1915, 9.4468, 13.4555, 7.5581, 2.7644, 9.5639, 5.9506, 4.0886, 4.016, 0.945, 1.5673, 3.0476, 0.7715, 7.0845, 8.9083, 1.5796, 64.1472, 9.8132, 19.1508, 7.0829],
      [1.0911, 1.1098, 1.0316, 0.5951, 0.6386, 0.3539, 0.0644, 0.0301, 0.146, 0.5992, 0.0258, 0.3698, 0.4291, 0.4924, 1.476, 0.4181, 1.4452, 0.4072, 0.3299, 0.8327, 0.349, 0.4314, 1.1476, 1.1789, 0.4907, 0.4962, 1.2234, 1.0034, 0.9275, 0.4871, 0.7036, 0.4697, 0.7431, 0.0804, 0.2831, 1.7256, 1.2163, 1.6923, 0.9876, 0.3928, 1.3808, 0.7486, 0.7666, 0.929, 0.1533, 0.2481, 0.4214, 0.1114, 1.0497, 1.2462, 0.2882, 8.8818, 1.3662, 2.5511, 0.9438],
      [13.8213, 14.9877, 13.4181, 4.2106, 4.5269, 5.8217, 2.3173, 0.6873, 2.8236, 6.4013, 0.7503, 7.4389, 8.968, 9.6044, 15.1573, 6.0811, 19.0153, 5.999, 4.4922, 8.6549, 3.6348, 9.0236, 10.136, 13.0432, 6.5756, 8.0637, 16.6846, 13.1002, 9.8596, 6.6107, 8.5871, 7.69, 8.3152, 1.0804, 2.9428, 22.1709, 11.5168, 28.4547, 9.9898, 4.429, 20.3816, 11.7617, 11.295, 12.3968, 1.4927, 3.5878, 5.8926, 3.1171, 16.9065, 13.3834, 2.3332, 102.4082, 20.14, 46.3426, 7.7328]
    ]
  ],
  "V_est": [
    [0.1914, 157.2848, 816.5401, 221.9837],
    [1477.2893, 988.2517, 401.9027, 105.5564],
    [10.0566, 7560.6085, 34.3684, 224.9665],
    [72.5199, 1000.5735, 19651.3594, 134.5472],
    [375.7014, 1719.7831, 612.8273, 644.6882],
    [89.2414, 361.4984, 49.0022, 636.258]
  ],
  "p_est": [
    [0.0002, 0.1315, 0.6827, 0.1856],
    [0.4969, 0.3324, 0.1352, 0.0355],
    [0.0013, 0.9656, 0.0044, 0.0287],
    [0.0035, 0.048, 0.9421, 0.0065],
    [0.112, 0.5129, 0.1828, 0.1923],
    [0.0786, 0.3182, 0.0431, 0.5601]
  ],
  "EI_Z": {},
  "EI_V": 6.2731,
  "MAE_Z": {},
  "MAE_V": 195.2344,
  "MAE_p": 0.062,
  "runtime": 0.003
}
