{
  "X": [
    [23, 607, 35, 36, 55, 52],
    [8, 76, 8, 11, 4, 9],
    [65, 510, 156, 135, 75, 130],
    [61, 662, 166, 111, 79, 166],
    [54, 492, 162, 148, 104, 177],
    [18, 651, 50, 49, 30, 68],
    [19, 821, 48, 41, 35, 70],
    [22, 578, 29, 24, 8, 65],
    [18, 893, 21, 17, 12, 74],
    [15, 702, 46, 33, 13, 73],
    [18, 510, 53, 56, 19, 52],
    [5, 253, 8, 12, 4, 20],
    [13, 794, 26, 17, 4, 70],
    [6, 288, 18, 10, 4, 29],
    [11, 701, 16, 27, 8, 50],
    [22, 454, 47, 45, 36, 67],
    [25, 550, 79, 76, 29, 64],
    [7, 758, 41, 29, 6, 57],
    [24, 728, 27, 36, 9, 61],
    [33, 709, 77, 63, 35, 107],
    [15, 617, 18, 21, 5, 54],
    [20, 425, 52, 33, 20, 63],
    [26, 377, 80, 68, 35, 73],
    [26, 318, 62, 72, 35, 65],
    [8, 160, 16, 28, 6, 28],
    [30, 426, 97, 73, 26, 65],
    [37, 596, 103, 69, 42, 96],
    [14, 348, 61, 42, 16, 55],
    [4, 111, 5, 29, 7, 13],
    [9, 213, 15, 33, 13, 34],
    [118, 1902, 193, 120, 96, 234],
    [5, 78, 6, 0, 5, 11]
  ],
  "W": [
    [45, 33, 51, 612, 67],
    [8, 8, 11, 74, 15],
    [73, 83, 267, 491, 157],
    [63, 61, 275, 692, 154],
    [78, 63, 302, 528, 166],
    [24, 23, 49, 702, 68],
    [33, 18, 59, 859, 65],
    [10, 17, 43, 576, 80],
    [6, 18, 21, 933, 57],
    [19, 20, 51, 734, 58],
    [21, 24, 72, 521, 70],
    [1, 9, 12, 261, 19],
    [5, 11, 21, 830, 57],
    [4, 8, 20, 296, 27],
    [7, 11, 16, 727, 52],
    [27, 21, 67, 479, 77],
    [29, 31, 109, 578, 76],
    [7, 16, 47, 761, 67],
    [11, 23, 32, 748, 71],
    [28, 28, 118, 758, 92],
    [5, 22, 21, 625, 57],
    [15, 23, 63, 463, 49],
    [27, 23, 119, 408, 82],
    [30, 29, 102, 352, 65],
    [5, 10, 27, 174, 30],
    [20, 35, 136, 441, 85],
    [32, 49, 147, 622, 93],
    [18, 12, 68, 395, 43],
    [8, 4, 9, 132, 16],
    [8, 8, 28, 208, 65],
    [83, 129, 250, 1940, 261],
    [4, 4, 7, 75, 15]
  ],
  "method": "mult",
  "cond_prob": [
    [
      [0.002053623227, 0.0010973307807, 0.0096349277913, 0.10918967098, 0.87669690676, 0.0013275404619],
      [0.62388735807, 0.031278265997, 0.1483741499, 0.067332200509, 0.083947764935, 0.04518026059],
      [0.0089252079788, 0.001257383155, 0.48721876303, 0.25659672689, 0.084417100647, 0.1615848183],
      [0, 0.96160206816, 0.0011503659357, 0, 0.011175780463, 0.026071785442],
      [0.027822664651, 0.25901261317, 0.061461200532, 0.23549356892, 0.024380793687, 0.39182915904]
    ],
    [
      [0.0071992424733, 0.20071892175, 0.020149347876, 0.29017298642, 0.47865917913, 0.0031003223514],
      [0.72727555884, 0.026124517786, 0.12235818045, 0.07130963724, 0.021340820872, 0.031591284806],
      [0.015542304417, 0.027046146858, 0.49215234853, 0.33066563411, 0, 0.13459356609],
      [0, 0.96243049951, 0.007331398982, 0, 0, 0.030238101507],
      [0.13021574939, 0.17785919363, 0.060249360992, 0.29805446903, 0, 0.33362122695]
    ],
    [
      [0.0031066414971, 0.0033087532626, 0.014423577982, 0.17430135343, 0.80232395947, 0.0025357143561],
      [0.63658433091, 0.031807578947, 0.15491432411, 0.075092059458, 0.053046481624, 0.048555224958],
      [0.002180528847, 0.029869660962, 0.48861587848, 0.27444018539, 0.037712233848, 0.16718151247],
      [0, 0.95951545166, 0.0041464042423, 0, 0, 0.036338144094],
      [0.072321748429, 0.17847863513, 0.061101056489, 0.27240656538, 0.012473417494, 0.40321857707]
    ],
    [
      [0.0031178045096, 0, 0.014328227491, 0.12960367041, 0.84967046211, 0.0032798354801],
      [0.66799655483, 0.022179221334, 0.14460536082, 0.055767184457, 0.056894799948, 0.052556878612],
      [0.0074756145932, 0, 0.50427181676, 0.22620859052, 0.061970834634, 0.20007314349],
      [0.0073257778459, 0.92114224363, 0.011381398513, 0.0054342409262, 0.0033622309623, 0.051354108125],
      [0.083964650577, 0.15075736954, 0.063154008291, 0.21730722986, 0.017087887922, 0.46772885381]
    ],
    [
      [0, 0, 0.010172734182, 0.1429802689, 0.8429216954, 0.0039253015254],
      [0.62613562921, 0.020864363191, 0.14488274451, 0.075933998013, 0.070831925643, 0.061351339431],
      [0, 0, 0.44113841732, 0.27543350885, 0.074299975636, 0.2091280982],
      [0.0063881969275, 0.8882224766, 0.018311690898, 0.012263691895, 0.014631054531, 0.06018288915],
      [0.067352333626, 0.13074745467, 0.055340596417, 0.25546715758, 0.021842813308, 0.4692496444]
    ],
    [
      [0.0016688337067, 0, 0.015199622869, 0.16184281695, 0.81890004358, 0.0023886828981],
      [0.56776398399, 0.024541107598, 0.19756914093, 0.090176927319, 0.069580163699, 0.050368676467],
      [0.0051086999006, 0, 0.51993487754, 0.27498334805, 0.056217961138, 0.14375511337],
      [0.0007493484529, 0.91263800689, 0.02060685512, 0.012242923296, 0.0067770674775, 0.046985798761],
      [0.060661874267, 0.14358343658, 0.075710257585, 0.3084262773, 0.018145201825, 0.39347295245]
    ],
    [
      [0.0035305200035, 0, 0.014484348633, 0.14294795193, 0.83661782905, 0.0024193503892],
      [0.65758675015, 0.024258282454, 0.15334845577, 0.063907475327, 0.057384119168, 0.043514917133],
      [0.010023159107, 0, 0.51934232516, 0.2510963391, 0.059499433961, 0.16003874268],
      [0.0012258904505, 0.94268428927, 0.011194626152, 0.0039998861469, 0.0020034959027, 0.038891812082],
      [0.083115770044, 0.16611609903, 0.069297896036, 0.25971995113, 0.017341967882, 0.40440831588]
    ],
    [
      [0.0066481575961, 0.016517626968, 0.01824865627, 0.15456302696, 0.8, 0.0040225322034],
      [0.74021558999, 0.057553604637, 0.11675481853, 0.041274531106, 0, 0.044201455741],
      [0.014786615878, 0.045244661381, 0.51620823032, 0.21166027625, 0, 0.21210021617],
      [0, 0.96743182589, 0.00010577873724, 0, 0, 0.032462395372],
      [0.10892536139, 0.22087700374, 0.057184988324, 0.15814138528, 0, 0.45487126126]
    ],
    [
      [0.0026082023109, 7.2637685963e-05, 0.0079695583218, 0.070272160002, 0.91700553699, 0.0020719046904],
      [0.67897417535, 0.025093300253, 0.11855570702, 0.043873201108, 0.081512525229, 0.05199109104],
      [0.012053840037, 0.00015750951151, 0.46791184679, 0.20038063988, 0.097776357774, 0.22171980601],
      [0.00066082875238, 0.94613778108, 0.0063672299498, 0.0014576822017, 0.001694229218, 0.043682248793],
      [0.085844416897, 0.1718952161, 0.05353343154, 0.17930944717, 0.024503893865, 0.48491359444]
    ],
    [
      [0.0040920415023, 0.075851943203, 0.024119402648, 0.20724088086, 0.68421052632, 0.0044852054691],
      [0.59819205927, 0.068855158063, 0.19900153429, 0.072141803927, 0, 0.061809444454],
      [0.007307314347, 0.033538051082, 0.54575501914, 0.22949188975, 0, 0.18390772568],
      [0, 0.93564639205, 0.012981938891, 0.0030252578409, 0, 0.048346411222],
      [0.044581672318, 0.18460030261, 0.07240433692, 0.23612002677, 0, 0.46229366139]
    ],
    [
      [0.0031588801635, 0.00025851214409, 0.017696784287, 0.22410779888, 0.75228473095, 0.0024932935697],
      [0.59522258107, 0.029259803243, 0.18328136785, 0.098439486124, 0.050054840425, 0.043741921288],
      [0, 0.03367115831, 0.50484106614, 0.31469252619, 0.015850482047, 0.13094476732],
      [0, 0.94857671071, 0.013328880004, 0.0048499361742, 0, 0.033244473112],
      [0.052118879583, 0.18085066127, 0.0705244494, 0.33923585606, 0.012278139606, 0.34499201408]
    ],
    [
      [0.00098197242042, 6.045848697e-05, 0.0044067880466, 0.081733429653, 0.91172380963, 0.0010935417643],
      [0.55470251697, 0.031936125132, 0.13414216037, 0.103054611, 0.1205811965, 0.055583390024],
      [0.00055794790081, 0.0063144153049, 0.38298627192, 0.3384464242, 0.1027226536, 0.16897228708],
      [0, 0.95238717316, 0.005108413964, 0.0032400454067, 0.00099841917044, 0.038265948304],
      [0, 0.21387838095, 0.045220129524, 0.32019821736, 0.026830851327, 0.39387242083]
    ],
    [
      [0.0056622951124, 0.0057654841724, 0.02355138917, 0.16038747688, 0.8, 0.0046333546655],
      [0.68394107407, 0.05718790065, 0.16014081856, 0.045788364073, 0, 0.05294184264],
      [0.010697582961, 0.034606667384, 0.56579787601, 0.18704457813, 0, 0.20185329551],
      [0, 0.94328693574, 0.0098755567049, 0.0015775706518, 0, 0.045259936904],
      [0.09164363978, 0.16995103497, 0.070916255941, 0.18345738296, 0, 0.48403168635]
    ],
    [
      [0.0032408781195, 0.00027314978208, 0.019342994845, 0.12710782488, 0.84665382295, 0.0033813294298],
      [0.61240724605, 0.029902037954, 0.19710485652, 0.053987386161, 0.048394422672, 0.058204050643],
      [0.0074510061672, 0.032511141344, 0.58090582512, 0.18361498716, 0.011311466342, 0.18420557386],
      [0, 0.9499736115, 0.008934412624, 0.00059849830504, 0, 0.040493477567],
      [0.034768829473, 0.21915849131, 0.077151352938, 0.19297090258, 0, 0.4759504237]
    ],
    [
      [0.0030361648922, 9.6603828661e-05, 0.010469837997, 0.1739078349, 0.81020991962, 0.0022796387648],
      [0.6535748947, 0.027285041986, 0.12646949814, 0.088036368276, 0.058425591046, 0.046208605852],
      [0.0096346382487, 0.00013980792518, 0.4238061191, 0.34045639589, 0.059282900009, 0.16668013882],
      [0, 0.95180787103, 0.0070679461956, 0.0039301440491, 0, 0.037194038727],
      [0.069909015233, 0.1679351759, 0.050312535858, 0.31749477013, 0.014179281943, 0.38016922094]
    ],
    [
      [0.0022291855791, 0, 0.012018147053, 0.12673113831, 0.8566565324, 0.0023649966665],
      [0.65386150359, 0.022659827601, 0.14436089849, 0.064766761811, 0.067246397568, 0.047104610935],
      [0.0079050474349, 0, 0.49134165709, 0.25562002213, 0.070972639303, 0.17416063404],
      [0.0030251565083, 0.9222080278, 0.012159407404, 0.00710010901, 0.01059341913, 0.044913880151],
      [0.080909509978, 0.15307140657, 0.063632259605, 0.25572290349, 0.021151749089, 0.42551217127]
    ],
    [
      [0.0033533292347, 0, 0.01764238992, 0.2167485306, 0.75972070159, 0.0025350486555],
      [0.60839265484, 0.025161155314, 0.1782806625, 0.095024110361, 0.050956297912, 0.042185119074],
      [0.0073950010503, 0.0015477401347, 0.50678130169, 0.31369595695, 0.040051102292, 0.13052889788],
      [0, 0.9294044623, 0.021119681177, 0.011393843983, 0, 0.038082012538],
      [0.068901658391, 0.15599370131, 0.072570165129, 0.34197426397, 0.013459003537, 0.34710120766]
    ],
    [
      [0.0022635241776, 0.0003478234125, 0.024019857043, 0.19866874459, 0.77126468151, 0.003435369264],
      [0.43650970817, 0.087817238321, 0.27536626633, 0.09570266182, 0.037571701839, 0.067032423521],
      [0, 0.040046459321, 0.57591281927, 0.23206369856, 0, 0.15197702285],
      [0, 0.96700748178, 0.0051179569034, 0, 0, 0.027874561319],
      [0, 0.28085988362, 0.081542284037, 0.22643406517, 0, 0.41116376717]
    ],
    [
      [0.0052435975048, 0.00020649889782, 0.0160593721, 0.221036602, 0.7542456302, 0.0032082992952],
      [0.70158393635, 0.030534350099, 0.12391710868, 0.071658476559, 0.03057817686, 0.041727951446],
      [0.023853175854, 0.029836961479, 0.46514823383, 0.31156194808, 0, 0.16959968075],
      [0, 0.95499447024, 0.0068825489699, 0.0018060705475, 0, 0.036316910244],
      [0.099191384001, 0.16908157682, 0.055498074578, 0.29013421562, 0, 0.38609474899]
    ],
    [
      [0.0036945890892, 0, 0.013871685877, 0.14478673035, 0.8344734752, 0.0031735194844],
      [0.68633302387, 0.020879149321, 0.13256937457, 0.05898231519, 0.052099468689, 0.049136668361],
      [0.0095648500444, 0, 0.48513482845, 0.25076336799, 0.058717660882, 0.19581929264],
      [0.0058951825121, 0.91703641347, 0.013367676957, 0.0076271038436, 0.0023644626062, 0.053709160607],
      [0.087848110738, 0.14458459137, 0.060011319752, 0.23829396292, 0.015815336214, 0.45344667901]
    ],
    [
      [0.0036402886131, 0.00026777042547, 0.014529548492, 0.1742504674, 0.80373598763, 0.0035759374343],
      [0.64016699416, 0.08075494843, 0.1452233685, 0.072914870137, 0.00060956529715, 0.06033025348],
      [0.0090748176156, 0.00078529025519, 0.46515835611, 0.27015535687, 0.046090934539, 0.20873524461],
      [0, 0.96065311492, 0.0031910793979, 0, 0, 0.036155805686],
      [0.012413219572, 0.25960288359, 0.052099790326, 0.2254624215, 0, 0.45042168501]
    ],
    [
      [0.0025017313776, 0, 0.016204129852, 0.13278155885, 0.84531849916, 0.0031940807584],
      [0.62675302036, 0.021627553787, 0.17500480278, 0.061715293407, 0.059045077765, 0.0558542519],
      [0.0052870692006, 0, 0.53503995856, 0.21881614122, 0.055487836509, 0.18536899451],
      [0.0036009481059, 0.90202345806, 0.022599184718, 0.010041720861, 0.0035917399139, 0.058142948337],
      [0.072384290374, 0.14011643224, 0.072671177036, 0.22763451455, 0.016397478445, 0.47079610736]
    ],
    [
      [0.0013542960278, 0, 0.015217055201, 0.15878442919, 0.82184192067, 0.0028022989124],
      [0.66103865564, 0.019214740656, 0.15043370404, 0.070177202299, 0.055772380527, 0.043363316838],
      [0, 0, 0.50683582634, 0.27480588595, 0.0591713913, 0.15918689641],
      [0.0092518210097, 0.89495919458, 0.024618594442, 0.014753742794, 0.0073582454348, 0.049058401742],
      [0.085180511654, 0.13920377533, 0.070381883542, 0.28508923501, 0.018096874242, 0.40204772022]
    ],
    [
      [0, 0, 0.013208370375, 0.19665473622, 0.786676837, 0.003460056398],
      [0.63888375862, 0.018254301519, 0.14309818484, 0.092740009286, 0.05707444876, 0.049949296966],
      [0, 0, 0.44028547174, 0.33458003345, 0.056085615848, 0.16904887896],
      [0.0079616074588, 0.87881295504, 0.024845772021, 0.022783018268, 0.0084189319118, 0.057177715297],
      [0.071844387298, 0.12505330893, 0.058447256302, 0.32714018157, 0.016312908098, 0.4012019578]
    ],
    [
      [0.0018053462136, 0, 0.011485375513, 0.23467160171, 0.74887346945, 0.0031642071109],
      [0.61259598777, 0.022909593356, 0.13611812203, 0.11876994014, 0.052519353731, 0.057087002969],
      [0.0017805838022, 0, 0.38767839686, 0.39026764503, 0.045312595842, 0.17496077846],
      [0.00077770995145, 0.89717437624, 0.015547120702, 0.023982007088, 0.00086577297404, 0.061653013044],
      [0.056053869902, 0.12208542002, 0.046962539495, 0.36429489803, 0.011878484341, 0.39872478822]
    ],
    [
      [0.0029298295521, 0, 0.017726139976, 0.17791690827, 0.79913659558, 0.0022905266138],
      [0.62657075834, 0.024142045541, 0.17861999551, 0.077752582956, 0.053131157803, 0.039783459847],
      [0.0043072565501, 0, 0.54142108713, 0.27367149106, 0.04938712893, 0.13121303634],
      [0.0018789564945, 0.93233875254, 0.02261929421, 0.0081366318113, 0.00028911659818, 0.034737248349],
      [0.077612001908, 0.16463104162, 0.079828244255, 0.30485581198, 0.015453266011, 0.35761963423]
    ],
    [
      [0.0026093792064, 0, 0.015399902664, 0.13829352319, 0.84096309111, 0.0027341038305],
      [0.61171404135, 0.025939271323, 0.17728742619, 0.068262204318, 0.063922851195, 0.052874205631],
      [0.0031727282235, 0.0029827967218, 0.52755657124, 0.23603176773, 0.058809864134, 0.17144627195],
      [0, 0.93148669576, 0.015438703679, 0.0059383345775, 0.0027277057378, 0.044408560245],
      [0.069635707426, 0.1602772024, 0.071682038398, 0.24558543314, 0.017368584725, 0.43545103391]
    ],
    [
      [0.004836889093, 0, 0.024592807378, 0.21581355813, 0.75062201568, 0.0041347297211],
      [0.64318446601, 0.017774487155, 0.18277507416, 0.071148555137, 0.037327513631, 0.047789903906],
      [0.0094729780694, 0.0011808214122, 0.5563581737, 0.25142820128, 0.023319408999, 0.15824041654],
      [0.0056008105652, 0.86692609098, 0.043022549665, 0.020665217429, 0, 0.063785331359],
      [0.077633481912, 0.12257219442, 0.082273619724, 0.27910917955, 0.01058497075, 0.42782655364]
    ],
    [
      [0, 0, 0.0041104325433, 0.39003998802, 0.60309888651, 0.0027506929308],
      [0.61983129963, 0.015485098404, 0.085511288706, 0.19738278818, 0.04370630369, 0.038083221395],
      [0, 0, 0.23605087263, 0.61764103578, 0.035975315397, 0.11033277619],
      [0.0055231472085, 0.8310347372, 0.015560103039, 0.07768006747, 0.011424467029, 0.058777478059],
      [0.049476210623, 0.077592143539, 0.027917495625, 0.57985066969, 0.010536012925, 0.25462746759]
    ],
    [
      [0.0020252555755, 0.00056631638049, 0.0070391791169, 0.1374192569, 0.85151862387, 0.0014313681585],
      [0.63008400697, 0.029649595435, 0.11793468444, 0.093742038532, 0.084358100531, 0.044231574089],
      [0.0086387988836, 0.0018711736534, 0.38954344236, 0.35722514052, 0.085172126504, 0.15754931807],
      [0, 0.96282676737, 0.0010134021218, 0, 0.0075029578864, 0.028656872625],
      [0.056942146629, 0.19135249586, 0.044341616371, 0.32536008772, 0.024116175728, 0.35788747769]
    ],
    [
      [0.0041070919582, 0.00046753266298, 0.015836628458, 0.11826837457, 0.85872481964, 0.0025955527161],
      [0.67024697279, 0.025543422897, 0.15531700809, 0.048654805518, 0.055020644329, 0.045217146382],
      [0.011371058283, 0.0012486540898, 0.55103934642, 0.20100217154, 0.05992256044, 0.17541620924],
      [0.0015147445843, 0.95454812082, 0.0076985349916, 8.6713307188e-05, 0, 0.036151886292],
      [0.097378861356, 0.17827806634, 0.072623261711, 0.20493673678, 0.010143818934, 0.43663925489]
    ],
    [
      [0.0036415430078, 0.002388268992, 0.011217061795, 0, 0.98179752153, 0.00095560467743],
      [0.76221257439, 0.02356808274, 0.12360825054, 0, 0.0532946546, 0.03731643773],
      [0.015356439797, 0.0041613278912, 0.67895662351, 0, 0.084371473491, 0.21715413531],
      [0, 0.984835415, 0, 0, 0, 0.015164584995],
      [0.12193923012, 0.26695927817, 0.047200159071, 0, 0.017935398737, 0.5459659339]
    ]
  ],
  "expected_outcome": [
    [
      [0.092413045216, 0.057593939786, 0.22678482929, 0.19642168411, 0, 0.040052008962, 0.11650716012, 0.066481575961, 0.015649213866, 0.077748788543, 0.066336483433, 0.00098197242042, 0.028311475562, 0.012963512478, 0.021253154246, 0.060188010637, 0.097246547805, 0.015844669243, 0.057679572553, 0.1034484945, 0.018201443066, 0.037525970663, 0.036565992752, 0, 0.009026731068, 0.058596591042, 0.083500134603, 0.087064003673, 0, 0.016202044604, 0.34088863253, 0.014566172031],
      [0.049379885132, 1.605751374, 0.24153898817, 0, 0, 0, 0, 0.16517626968, 0.00043582611578, 1.4411869209, 0.0054287550259, 6.045848697e-05, 0.028827420862, 0.0010925991283, 0.00067622680063, 0, 0, 0.0024347638875, 0.002271487876, 0, 0.0013388521274, 0, 0, 0, 0, 0, 0, 0, 0, 0.0045305310439, 0.038805211027, 0.0095530759679],
      [0.43357175061, 0.16119478301, 1.0529211927, 0.90267833194, 0.7934732662, 0.36479094885, 0.4779835049, 0.1824865627, 0.047817349931, 0.45826865031, 0.37163247002, 0.0044067880466, 0.11775694585, 0.077371979379, 0.073288865978, 0.32448997042, 0.51162930769, 0.1681389993, 0.1766530931, 0.38840720455, 0.072647742461, 0.24306194778, 0.41086049044, 0.39625111124, 0.057426877565, 0.35452279952, 0.49279688524, 0.4426705328, 0.032883460347, 0.056313432935, 1.314440162, 0.044868247179],
      [4.9135351942, 2.3213838914, 12.7239988007, 8.1650312359, 11.152460974, 3.8842276068, 4.7172824136, 1.5456302696, 0.42163296001, 3.9375767364, 4.7062637766, 0.081733429653, 0.8019373844, 0.50843129951, 1.2173548443, 3.4217407342, 6.2857073874, 1.3906812122, 2.431402622, 4.0540284498, 0.87125233702, 1.9917233827, 4.2871795882, 5.8996420867, 1.1733580086, 3.5583381655, 4.4253927422, 3.8846440463, 3.1203199042, 1.0993540552, 9.8162750893, 0],
      [39.4513608041, 3.829273433, 58.5696490412, 53.5292391128, 65.7478922409, 19.6536010459, 27.6083883585, 8, 5.5020332219, 13, 15.79797935, 0.91172380963, 4, 3.3866152918, 5.6714694373, 23.1297263747, 22.0319003461, 5.3988527706, 8.2967019322, 23.3652573056, 4.0186799382, 12.6797774875, 22.189731858, 23.6003051101, 3.7443673473, 15.9827319117, 26.9108189154, 13.5111962823, 4.824791092, 6.8121489909, 71.2741600297, 3.9271900861],
      [0.059739320783, 0.024802578811, 0.185107148, 0.20662963525, 0.30617351898, 0.057328389553, 0.079838562845, 0.040225322034, 0.012431428142, 0.085218903912, 0.052359164964, 0.0010935417643, 0.023166773328, 0.013525317719, 0.015957471354, 0.063854909995, 0.07351641101, 0.024047584848, 0.035291292247, 0.088858545563, 0.017879687171, 0.047911211376, 0.075662070635, 0.10380169194, 0.015821035555, 0.045810532277, 0.087491322577, 0.07442513498, 0.022005543447, 0.011450945268, 0.21543087543, 0.0038224187097]
    ],
    [
      [20.5882828163, 5.8182044707, 52.8364994652, 40.7477898446, 39.4465446404, 13.0585716318, 11.8365615027, 12.5836650298, 12.2215351563, 11.9638411853, 14.2853419458, 4.9923226528, 7.5233518148, 4.8992579684, 7.1893238417, 13.7310915755, 18.8601723, 6.9841553308, 16.1364305361, 19.2173246682, 14.0836738714, 14.4153194684, 15.2038890796, 18.5276290001, 6.1259598777, 21.9299765419, 29.9739880259, 7.7182135921, 2.4793251985, 5.0406720558, 86.4618594893, 3.0488502975],
      [1.0321827779, 0.20899614229, 2.6400290526, 1.3529325014, 1.3144548811, 0.56444547476, 0.43664908418, 0.97841127884, 0.45167940455, 1.3771031613, 0.70223527782, 0.28742512619, 0.62906690715, 0.23921630363, 0.30013546184, 0.47585637962, 0.77999581473, 1.4050758131, 0.70229005227, 0.58461618099, 1.7766088655, 0.4974337371, 0.44193903508, 0.52937474405, 0.22909593356, 0.84497159393, 1.2710242948, 0.21329384585, 0.061940393616, 0.23719676348, 3.2951015537, 0.094272330961],
      [4.8963469467, 0.97886544363, 12.8578889009, 8.82092701, 9.1276129041, 4.5440902413, 2.7602722038, 1.984831915, 2.1340027264, 3.9800306858, 4.3987528283, 1.2072794433, 1.7615490042, 1.5768388521, 1.3911644796, 3.0315788683, 5.5267005375, 4.4058602612, 2.8500934997, 3.711942488, 3.194914107, 4.0251104639, 3.459975193, 4.1498473605, 1.3611812203, 6.251699843, 8.6870838831, 2.1933008899, 0.34204515482, 0.94347747555, 20.0358940434, 0.49443300217],
      [2.2219626168, 0.57047709792, 6.232640935, 3.4017982519, 4.7838418748, 2.0740693283, 1.1503345559, 0.7016670288, 0.78971761994, 1.4428360785, 2.362547667, 0.92749149896, 0.5036720048, 0.43189908929, 0.96840005103, 1.360101998, 2.9457474212, 1.5312425891, 1.6481449609, 1.6515048253, 1.604127143, 1.4194517484, 1.6140756529, 2.6894602693, 1.1876994014, 2.7213404034, 3.3448480116, 0.85378266164, 0.78953115271, 0.74993630825, 6.2764699119, 0],
      [2.7702762428, 0.17072656698, 4.4028579748, 3.4705827968, 4.4624113155, 1.6003437651, 1.032914145, 0, 1.4672254541, 0, 1.2013161702, 1.0852307685, 0, 0.38715538138, 0.6426815015, 1.4121743489, 1.5796452353, 0.60114722943, 0.70329806778, 1.4587851233, 0.013410436537, 1.3580367886, 1.2827647521, 1.655159014, 0.52519353731, 1.8595905231, 3.1322197086, 0.44793016357, 0.17482521476, 0.67486480425, 7.0976631184, 0.2131786184],
      [1.4909485995, 0.25273027845, 4.0300836715, 3.2059695954, 3.8651343842, 1.1584795587, 0.7832685084, 0.7514247476, 0.93583963872, 1.2361888891, 1.0498061109, 0.50025051021, 0.58236026904, 0.46563240514, 0.50829466437, 0.98919682964, 1.3077386913, 1.0725187763, 0.95974288327, 1.3758267141, 1.3272655765, 1.2846477937, 0.99735628727, 1.448529612, 0.57087002969, 1.3924210946, 2.5908360759, 0.57347884688, 0.15233288558, 0.35385259271, 5.8330118833, 0.14926575092]
    ],
    [
      [0.45518560692, 0.17096534859, 0.58220120215, 2.0557940131, 0, 0.25032629513, 0.59136638732, 0.63582448277, 0.25313064078, 0.3726730317, 0, 0.0066953748097, 0.22464924218, 0.14902012334, 0.15415421198, 0.52963817814, 0.80605511448, 0, 0.76330162732, 1.1286523052, 0.19057116993, 0.33308535964, 0, 0, 0.048075762661, 0.58578689081, 0.46639104886, 0.64416250872, 0, 0.24188636874, 2.8427645707, 0.10749507858],
      [0.064126540906, 0.29750761544, 7.975199477, 0, 0, 0, 0, 1.9455204394, 0.0033076997417, 1.7104406052, 2.4243233983, 0.075772983659, 0.72674001507, 0.65022282689, 0.0022369268029, 0, 0.16870367468, 1.8821835881, 0.95478276734, 0, 0.016491095359, 0, 0, 0, 0, 0, 0.43847111811, 0.080295856028, 0, 0.052392862296, 0.31216352245, 0.029129295239],
      [24.8481569144, 5.4136758338, 130.4604395548, 138.6747496103, 133.2238020302, 25.4768089996, 30.6411971842, 22.1969539038, 9.8261487827, 27.8335059762, 36.3485567618, 4.5958352631, 11.8817553963, 11.6181165025, 6.7808979056, 32.9198910253, 55.2391618845, 27.0679025055, 14.8847434827, 57.245909757, 9.7683254782, 33.707517389, 60.3134633339, 44.9091181173, 10.4673167152, 73.6332678491, 77.5508159725, 37.8323558116, 2.1244578537, 10.9072163861, 137.7598366042, 4.7526963646],
      [13.0864330714, 3.6373219752, 73.275529499, 62.2073623927, 83.1809196726, 13.4741840544, 14.8146840067, 9.1013918788, 4.2079934374, 11.7040863773, 22.6578618853, 4.0613570903, 3.9279361408, 3.6722997432, 5.4473023342, 17.1265414828, 34.1928593075, 10.9069938324, 9.9699823386, 29.5900774227, 5.6732624943, 13.7854168969, 32.7019004282, 34.1271634119, 10.5372264159, 37.2193227839, 34.6966698569, 17.0971176868, 5.558769322, 10.0023039347, 50.2505428838, 0],
      [4.305272133, 0, 10.0691664374, 17.0419795244, 22.4385926422, 2.7546800957, 3.5104666037, 0, 2.0533035133, 0, 1.1412347074, 1.2326718432, 0, 0.22622932684, 0.94852640014, 4.7551668333, 4.3655701498, 0, 0, 6.928683984, 0.96790962531, 3.4957337, 7.0413955646, 5.7207328165, 1.2234400877, 6.7166495345, 8.6450500277, 1.5857198119, 0.32377783857, 2.3848195421, 14.98064011, 0.59060031443],
      [8.2408257334, 1.4805292269, 44.6374638296, 55.0201144595, 63.1566856549, 7.044000555, 9.4422858181, 9.1203092953, 4.6561159261, 9.3792940096, 9.4280232472, 2.027667445, 4.2389192057, 3.6841114772, 2.6668822212, 11.6687624805, 14.227649869, 7.142920074, 5.427189784, 23.1066765311, 4.3834401369, 11.6782466544, 18.9432406732, 17.2429856543, 4.7239410185, 17.8449729417, 25.2026019759, 10.7603483249, 0.99299498574, 4.4113809061, 43.8540523089, 1.5200789472]
    ],
    [
      [0, 0, 0, 5.0694382694, 3.3729679777, 0.52604261394, 1.053039897, 0, 0.61655322597, 0, 0, 0, 0, 0, 0, 1.4490499675, 0, 0, 0, 4.4685483442, 0, 1.667238973, 3.774742972, 2.8024858255, 0.13532153155, 0.82861981407, 0, 2.2123201733, 0.72905543152, 0, 2.9386044936, 0],
      [588.5004657139, 71.2198569638, 471.1220867669, 637.4304325902, 468.981467644, 640.6718808379, 809.7658044791, 557.2407317129, 882.7465497521, 686.7644517616, 494.2084662799, 248.5730521935, 782.9281566638, 281.1921890051, 691.9643222378, 441.7376453147, 537.1957792109, 735.8926936324, 714.3358637386, 695.1136014133, 600.4081968226, 417.6368610833, 365.1433513877, 309.3421601754, 156.1083414659, 411.1613898687, 579.3847247635, 342.4358059379, 109.6965853098, 200.2679676123, 1851.8233543993, 73.8626561254],
      [0.70402395266, 0.54252352467, 2.035884483, 7.8759277709, 9.6685727943, 14.4660122945, 9.6161838647, 0.060928552648, 5.9406255432, 9.5287431463, 6.9443464819, 1.3332960446, 8.1967120651, 2.6445861367, 5.1383968842, 5.8243561464, 12.2071757205, 3.8947652035, 5.1481466295, 10.1326991332, 1.9944246237, 10.4634225245, 10.0443865322, 8.7457117514, 2.7051990021, 9.9751087468, 9.6028736881, 16.9939071176, 2.0539336011, 0.21078764133, 14.9351578838, 0],
      [0, 0, 0, 3.7604947209, 6.4752293206, 8.5945321541, 3.4359022002, 0, 1.3600174942, 2.2205392552, 2.5268167468, 0.84565185114, 1.309383641, 0.17715549829, 2.8572147237, 3.4009522158, 6.5856418219, 0, 1.3509407695, 5.7813447135, 0, 4.6493167589, 6.0195270601, 8.0196224302, 4.1728692333, 3.5882546288, 3.6936441072, 8.1627608846, 10.253768906, 0, 0.16822381595, 0],
      [6.8395776431, 0, 0, 2.3266638259, 7.7251967923, 4.7575013692, 1.7210029804, 0, 1.5807158604, 0, 0, 0.26058740348, 0, 0, 0, 5.0742477632, 0, 0, 0, 1.7922626555, 0, 1.6629755801, 3.0021641374, 2.9634640329, 0.15064449748, 0.1275004198, 1.6966329689, 0, 1.5080296478, 1.5606152404, 0, 0],
      [15.9559326904, 2.2376195115, 17.8420287502, 35.5370428227, 31.7765654711, 32.9840307303, 33.4080665786, 18.6983397344, 40.7555381241, 35.4862658368, 17.3203704915, 9.9874125072, 37.5657476301, 11.9860693599, 27.0400661543, 21.5137485924, 22.0114032467, 21.2125411641, 27.1650488625, 40.7115437404, 22.5973785537, 26.9201850801, 20.0158279107, 20.1265557846, 10.7276242697, 15.3191265219, 27.6221244723, 25.1952058866, 7.7586271037, 5.960629506, 70.1346594074, 1.1373438746]
    ],
    [
      [1.8641185316, 1.9532362409, 11.3545145034, 12.9305561888, 11.1804873819, 4.1250074502, 5.4025250529, 8.7140289115, 4.8931317631, 2.5857369944, 3.6483215708, 0, 5.2236874675, 0.93875839576, 3.6352687921, 6.2300322683, 5.2365260377, 0, 7.042588264, 8.0820261879, 0.70755351559, 3.5468302283, 6.9848019557, 4.6698851744, 1.6816160971, 6.5970201622, 6.4761207906, 3.3382397222, 0.79161936997, 3.7012395309, 25.4158828139, 1.8290884518],
      [17.3538450822, 2.6678879044, 28.0211457154, 23.2166349085, 21.7040774749, 9.7636736873, 10.7975464367, 17.6701602992, 9.7980273175, 10.7068175511, 12.659546289, 4.0636892381, 9.6872089931, 5.9172792652, 8.7326291468, 11.7864983057, 11.8555212997, 18.8176122025, 12.004791954, 13.3017824057, 14.7973643644, 6.8657051796, 11.4147095773, 8.1284650805, 3.6625626006, 13.9936385374, 14.9057798235, 5.2706043602, 1.2414742966, 12.4379122309, 46.5305753135, 4.0043891725],
      [4.1179004356, 0.90374041488, 9.5928658687, 9.7257172768, 9.1865390053, 5.1482975158, 4.5043632424, 4.5747990659, 3.0514055978, 4.1994515414, 4.936711458, 0.85918246096, 4.0422265886, 2.0830865293, 2.6162518646, 4.8996839896, 5.5153325498, 5.4633330305, 3.940363295, 5.5210414172, 2.9696880486, 3.5608876748, 5.7713144504, 3.7990716597, 1.4088761849, 6.7854007616, 6.666429571, 3.5377656481, 0.44667993, 2.8822050641, 18.9546713066, 0.70800238606],
      [15.7780691176, 4.4708170355, 42.7678307652, 33.4653133986, 42.4075481581, 20.9729868563, 16.8817968236, 12.6513108228, 10.2206384884, 13.6949615526, 23.7465099243, 6.0837661299, 10.457070829, 5.2102143697, 16.5097280467, 19.6906635691, 25.990044062, 15.1710823663, 20.599529309, 21.9230445887, 12.8513580257, 11.1540912131, 23.3773172706, 21.2641118019, 10.9288469408, 25.9127440183, 22.8394452821, 12.0016947206, 9.2776107151, 21.1484057019, 53.4884882991, 0],
      [1.633513177, 0, 1.9583265466, 2.63153474, 3.6259070091, 1.2338737241, 1.1272279123, 0, 1.3967219503, 0, 0.85946977245, 0.50978617521, 0, 0, 0.73732266103, 1.6286846799, 1.0228842688, 0, 0, 1.4550109316, 0, 0.80347644379, 1.4839436879, 1.0603390264, 0.35635453022, 1.3135276109, 1.6152783794, 0.45515374223, 0.1685762068, 1.5675514223, 2.6475367419, 0.26903098105],
      [26.2525536559, 5.0043184043, 63.3053166007, 72.0302434873, 77.8954409708, 26.7561607663, 26.2865405321, 36.3897009006, 27.6400748829, 26.8130323605, 24.1494409854, 7.4835759958, 27.5898061218, 12.85066144, 19.7687994887, 32.7644371875, 26.379691782, 27.5479724007, 27.412727178, 41.7170944689, 25.6740360457, 23.0690092605, 32.9679130582, 26.0781272571, 11.9617436465, 30.3976689095, 40.4969461533, 18.3965418066, 4.0740394815, 23.2626860499, 113.962845525, 8.1894890086]
    ]
  ],
  "prob": [
    [0.0027268486137, 0.004772531361, 0.014599079118, 0.15757230853, 0.81745034871, 0.0028788836744],
    [0.64065174471, 0.029696853739, 0.15684850329, 0.069737780501, 0.05364257296, 0.0494225448],
    [0.0055686457804, 0.0075610734, 0.50034526609, 0.26026443285, 0.05169771495, 0.17456286694],
    [0.0017584901089, 0.93664111658, 0.011649281438, 0.00552430147, 0.0024867898204, 0.041940020582],
    [0.072487457477, 0.17138351274, 0.064674569539, 0.25591555187, 0.013396023906, 0.42214288447]
  ],
  "iterations": 169,
  "time": 0.000521,
  "message": "Converged",
  "status": 0,
  "miniter": 0,
  "maxiter": 1000,
  "maxtime": 3600,
  "param_threshold": 0.001,
  "ll_threshold": "-Inf",
  "initial_prob": "group_proportional",
  "adjust_prob_cond_method": "project_lp",
  "adjust_prob_cond_every": false,
  "candidates_id": ["Green Party.p", "Labour Party.p", "National Party.p", "NZ First.p", "United Future.p", "Other parties votes.p"],
  "group_id": ["SETTLE, Herbert Bruce.c", "ABEL, Stephen.c", "TAYLOR, Sylvia Rina.c", "FIELD, Taito Phillip Hans.c", "Other candidates votes.c"]
}
