{
  "X": [
    [67, 39, 383, 380, 43],
    [5, 4, 6, 54, 2],
    [14, 4, 25, 100, 2],
    [9, 15, 39, 163, 5],
    [7, 7, 145, 11, 15],
    [7, 11, 87, 77, 10],
    [38, 99, 352, 499, 25],
    [4, 4, 32, 87, 1],
    [36, 33, 352, 131, 21],
    [9, 10, 169, 50, 14],
    [6, 8, 105, 14, 11],
    [24, 26, 276, 97, 18],
    [67, 45, 429, 626, 39],
    [25, 23, 193, 196, 18],
    [48, 54, 288, 322, 23],
    [4, 10, 97, 48, 7],
    [27, 86, 214, 273, 26],
    [29, 25, 106, 380, 14],
    [54, 79, 214, 655, 20],
    [43, 58, 157, 473, 9],
    [47, 62, 232, 741, 16],
    [38, 45, 227, 337, 15],
    [15, 22, 141, 276, 5],
    [5, 2, 14, 57, 2],
    [23, 33, 278, 262, 22],
    [81, 91, 640, 648, 38],
    [13, 16, 61, 150, 6],
    [24, 21, 60, 219, 6],
    [33, 15, 181, 189, 10],
    [38, 44, 498, 352, 19],
    [12, 9, 56, 136, 3],
    [1, 3, 7, 25, 1],
    [15, 8, 35, 131, 6],
    [32, 34, 113, 186, 23],
    [8, 8, 40, 102, 6],
    [15, 10, 57, 162, 3],
    [11, 6, 108, 114, 6],
    [27, 24, 209, 193, 9],
    [53, 47, 282, 403, 20],
    [10, 18, 117, 93, 11],
    [1, 2, 27, 83, 0],
    [16, 15, 31, 140, 3],
    [16, 10, 39, 187, 5],
    [5, 5, 28, 62, 6],
    [6, 5, 25, 63, 0],
    [7, 8, 15, 72, 2],
    [14, 16, 179, 164, 16],
    [84, 35, 409, 372, 22],
    [2, 4, 24, 102, 4],
    [4, 0, 6, 46, 1],
    [8, 4, 16, 30, 1],
    [15, 47, 94, 198, 11],
    [13, 20, 35, 147, 2],
    [15, 18, 40, 227, 2],
    [4, 18, 50, 128, 3],
    [3, 16, 37, 56, 1],
    [8, 11, 28, 61, 4],
    [5, 2, 10, 25, 0],
    [8, 8, 13, 75, 2],
    [5, 0, 8, 43, 1],
    [513, 426, 2892, 5232, 225],
    [32, 77, 316, 505, 34],
    [92, 201, 596, 876, 74],
    [20, 50, 104, 231, 14]
  ],
  "W": [
    [75, 79, 280, 382, 78, 18],
    [4, 4, 3, 57, 1, 2],
    [7, 10, 20, 98, 6, 4],
    [10, 10, 22, 176, 9, 4],
    [8, 3, 125, 9, 26, 14],
    [13, 14, 67, 76, 15, 7],
    [34, 128, 206, 517, 88, 40],
    [3, 6, 22, 89, 8, 0],
    [29, 25, 288, 143, 60, 28],
    [11, 13, 137, 49, 22, 20],
    [4, 5, 103, 11, 10, 11],
    [32, 23, 234, 82, 48, 22],
    [84, 70, 298, 642, 85, 27],
    [24, 34, 125, 199, 56, 17],
    [47, 51, 201, 334, 78, 24],
    [7, 14, 73, 40, 20, 12],
    [27, 114, 143, 269, 51, 22],
    [34, 37, 60, 381, 31, 11],
    [64, 109, 127, 658, 39, 25],
    [56, 71, 80, 486, 37, 10],
    [56, 104, 126, 738, 50, 24],
    [36, 54, 135, 365, 47, 25],
    [28, 42, 83, 270, 29, 7],
    [9, 5, 4, 59, 2, 1],
    [30, 46, 192, 284, 53, 13],
    [118, 159, 402, 650, 127, 42],
    [13, 22, 29, 156, 19, 7],
    [24, 34, 28, 232, 7, 5],
    [34, 25, 130, 190, 38, 11],
    [54, 67, 326, 375, 102, 27],
    [13, 12, 25, 143, 18, 5],
    [0, 1, 1, 28, 7, 0],
    [15, 12, 23, 131, 10, 4],
    [22, 41, 76, 196, 40, 13],
    [10, 5, 24, 101, 18, 6],
    [22, 9, 34, 163, 16, 3],
    [13, 7, 72, 108, 42, 3],
    [38, 34, 144, 193, 44, 9],
    [71, 58, 181, 425, 53, 17],
    [18, 20, 82, 94, 26, 9],
    [3, 7, 11, 85, 5, 2],
    [23, 12, 15, 139, 15, 1],
    [18, 15, 18, 190, 12, 4],
    [10, 17, 9, 58, 4, 8],
    [16, 7, 12, 58, 5, 1],
    [15, 7, 9, 66, 5, 2],
    [23, 19, 120, 168, 47, 12],
    [97, 53, 272, 392, 88, 20],
    [3, 4, 12, 105, 9, 3],
    [2, 2, 2, 45, 5, 1],
    [6, 3, 11, 35, 4, 0],
    [17, 64, 47, 212, 17, 8],
    [14, 18, 20, 141, 19, 5],
    [16, 17, 24, 228, 13, 4],
    [7, 39, 19, 131, 6, 1],
    [3, 21, 24, 53, 7, 5],
    [6, 11, 15, 59, 14, 7],
    [2, 5, 6, 28, 1, 0],
    [11, 5, 8, 78, 4, 0],
    [8, 3, 2, 37, 6, 1],
    [686, 695, 1859, 5156, 686, 206],
    [48, 130, 235, 451, 62, 38],
    [92, 232, 475, 845, 130, 65],
    [27, 86, 60, 212, 21, 13]
  ],
  "method": "mvn_pdf",
  "cond_prob": [
    [
      [0.47254163017, 0.0007498611587, 0.28319823658, 0.24015278831, 0.0033574837795],
      [0.00011921023747, 0.36603314596, 0.29111498855, 0.27166338255, 0.071069272706],
      [0.023809864286, 0.0037777623507, 0.88463452301, 0.0067109019595, 0.081066948391],
      [0.048626215998, 0.010618790751, 0.066638938633, 0.87411605462, 0],
      [0.079401583782, 0.029385055747, 0.75951700856, 0.056780763614, 0.074915588294],
      [0.0063700045441, 0.14560866717, 0.35366558287, 0.01704714894, 0.47730859647]
    ],
    [
      [0.54052453614, 0.001164919389, 0.16143733403, 0.2944224706, 0.002450739838],
      [9.0671549008e-05, 0.56280351907, 0.13217152623, 0.25943955926, 0.045494723894],
      [0.034709274684, 0.0090534726455, 0.84448666655, 0.00065742788228, 0.11109315824],
      [0.045858881673, 0.020952829777, 0.022488230182, 0.90620888029, 0.0044911780767],
      [0.10883175427, 0.065787501015, 0.6468808297, 0.093418394474, 0.085081520544],
      [0.0053116677925, 0.22843351497, 0.18169730461, 0.017627512907, 0.56692999972]
    ],
    [
      [0.71080165991, 0.00024024550589, 0.068847851562, 0.21980105809, 0.00030918493525],
      [0.00035565939182, 0.27358763754, 0.15957437299, 0.55165269777, 0.0148296323],
      [0.11902897561, 0.0045338292826, 0.84412811582, 0.001228934741, 0.031080144554],
      [0.047978527683, 0.00086185360905, 0.012467741642, 0.93672084397, 0.0019710330929],
      [0.29608542845, 0.025791583941, 0.52036355999, 0.13855229495, 0.019207132667],
      [0.040460997755, 0.23313854076, 0.42393473799, 0.072582610428, 0.22988311307]
    ],
    [
      [0.34830598473, 0.0031283013713, 0.30207429382, 0.34312979828, 0.0033616217934],
      [3.504014691e-05, 0.68481587374, 0.12684818572, 0.15856332122, 0.029737579165],
      [0.015660543037, 0.014509253007, 0.88637778699, 0.00048141404302, 0.082971002921],
      [0.026811480253, 0.029612896479, 0.044743396956, 0.89368395758, 0.0051482687316],
      [0.049077985653, 0.10682876885, 0.70861443912, 0.069211898578, 0.066266907799],
      [0.0028838522345, 0.40700649569, 0.23952401858, 0.015298518691, 0.3352871148]
    ],
    [
      [0.39938286809, 0.0013805400626, 0.37781713162, 0.21825096137, 0.0031684988641],
      [6.6947437061e-05, 0.51067313262, 0.27172222904, 0.1701265474, 0.047411143509],
      [0.015097238197, 0.0076565050055, 0.91249470564, 0, 0.064751551155],
      [0.040413440846, 0.022431123117, 0.074672506884, 0.85793496038, 0.004547968777],
      [0.057533978498, 0.04333764251, 0.80977322227, 0.032811525199, 0.056543631519],
      [0.0041412164124, 0.22651531019, 0.38387869383, 0.012078454877, 0.3733863247]
    ],
    [
      [0.30438950737, 0.0014779416952, 0.36095633305, 0.32949669058, 0.0036795273118],
      [4.7219561801e-05, 0.4813979734, 0.23428270666, 0.23451140677, 0.049760693603],
      [0.011773184832, 0.0058850967324, 0.90486883859, 0.00039344849594, 0.077079431345],
      [0.021499648448, 0.020926483481, 0.055654385743, 0.89955803506, 0.0023614472656],
      [0.039900975696, 0.046651517683, 0.78532670262, 0.061301757072, 0.066819046931],
      [0.0029977184415, 0.22238973421, 0.34168053365, 0.017297893947, 0.41563411975]
    ],
    [
      [0.36570791281, 0.0016689163234, 0.34381148391, 0.28703651651, 0.0017751704405],
      [6.0361938931e-05, 0.53217126078, 0.23102495816, 0.21219950958, 0.024543909529],
      [0.016071526786, 0.007330200189, 0.93601817665, 0.00038680885371, 0.040193287517],
      [0.033611962791, 0.022657154742, 0.060103088689, 0.88208682031, 0.0015409734734],
      [0.053162144251, 0.056585291418, 0.79733352453, 0.058723841254, 0.034195198542],
      [0.0047954165365, 0.31555148948, 0.4170205875, 0.019823861494, 0.24280864499]
    ],
    [
      [0.33935667268, 0.00096046936682, 0.26141763726, 0.39737496934, 0.00089025135292],
      [6.4082216252e-05, 0.41448509943, 0.21361623541, 0.3567794011, 0.015055181845],
      [0.017702806167, 0.0053353570084, 0.94972751284, 0.00065852593131, 0.02657579805],
      [0.02393045379, 0.011995132065, 0.031356558105, 0.93106523884, 0.0016526171958],
      [0.057784170709, 0.040657923423, 0.78116384024, 0.098488107208, 0.021905958418],
      [0.0060762557713, 0.28335141884, 0.47504009598, 0.039175249458, 0.19635697994]
    ],
    [
      [0.5138974606, 0.0014716731033, 0.29994296091, 0.18314178666, 0.0015461187285],
      [9.991751519e-05, 0.57215776932, 0.24065287828, 0.16152245977, 0.025566975115],
      [0.021958541742, 0.0069701103722, 0.93006688943, 0.0023653890084, 0.038639069448],
      [0.066873539853, 0.0299122425, 0.074927016032, 0.82548994771, 0.0027972539036],
      [0.083253317206, 0.056342185559, 0.7847559714, 0.042038645919, 0.033609879916],
      [0.0075821589873, 0.32100013032, 0.41521951587, 0.01436476358, 0.24183343124]
    ],
    [
      [0.36462297426, 0.00087820300024, 0.38798497978, 0.24437650151, 0.0021373414469],
      [7.6743963486e-05, 0.37978395014, 0.3433921764, 0.2376056074, 0.039141522093],
      [0.015118797003, 0.0019516795388, 0.93641869051, 0.00080683065725, 0.045704002287],
      [0.03613503466, 0.013795829205, 0.074304666185, 0.87279257882, 0.0029718911346],
      [0.047731808342, 0.027671729571, 0.84062980507, 0.045510448378, 0.038456208637],
      [0.0048078970166, 0.17504973184, 0.49219609871, 0.017219178044, 0.31072709439]
    ],
    [
      [0.44895206496, 0.0013572985794, 0.22437230031, 0.32341647932, 0.0019018568204],
      [7.5451073807e-05, 0.5363851829, 0.16899470588, 0.26469406407, 0.029850596064],
      [0.0288812474, 0.0092725391144, 0.89459552847, 0.0014022709167, 0.065848414103],
      [0.030756884744, 0.015695145664, 0.031160122022, 0.92046683652, 0.0019210110516],
      [0.082138566417, 0.063348326378, 0.71945639795, 0.084354831862, 0.050701877393],
      [0.0063031460219, 0.32285849966, 0.32517022869, 0.024522394328, 0.3211457313]
    ],
    [
      [0.39230410997, 0.0014970247884, 0.25975662153, 0.34496172871, 0.0014805150012],
      [6.8219500948e-05, 0.52097372275, 0.1859813649, 0.2711226451, 0.021854047752],
      [0.023528279395, 0.0082100286863, 0.92386542127, 0.00054769223664, 0.043848578411],
      [0.029961070061, 0.017825246952, 0.038006561579, 0.91263816328, 0.0015689581235],
      [0.069760934409, 0.062833700057, 0.74581876777, 0.086266095027, 0.035320502741],
      [0.0060795207899, 0.3441302281, 0.37772132904, 0.028188268633, 0.24388065344]
    ],
    [
      [0.39223664628, 0.00094331375407, 0.30993918075, 0.29430790604, 0.0025729531713],
      [8.5179612607e-05, 0.39461914893, 0.27318318256, 0.28544434599, 0.046668142902],
      [0.018718137697, 0.0044847764732, 0.9132367378, 0.00042949317598, 0.063130854854],
      [0.035860212938, 0.012218446222, 0.053349844846, 0.89564211888, 0.0029293771131],
      [0.062313536883, 0.034844610521, 0.78315471622, 0.065633485896, 0.054053650479],
      [0.0055276579556, 0.19092309116, 0.40292544086, 0.021776151254, 0.37884765877]
    ],
    [
      [0.42449062122, 0.00095202722678, 0.30161736488, 0.27072681689, 0.0022131697795],
      [9.3410777864e-05, 0.41486938213, 0.27359217529, 0.27001502732, 0.041430004482],
      [0.020520840993, 0.0046572465716, 0.91831939153, 0.00040383888217, 0.056098682028],
      [0.041756662576, 0.013905125472, 0.053169967173, 0.8867141952, 0.004454049574],
      [0.068361852719, 0.03617152539, 0.78580535587, 0.0617194636, 0.047941802418],
      [0.0062414350032, 0.2056888907, 0.416658938, 0.02112651754, 0.35028421876]
    ],
    [
      [0.46367114807, 0.0017786611194, 0.2660219555, 0.2666950575, 0.0018331778039],
      [7.8180698207e-05, 0.58831028114, 0.18339161886, 0.20218453349, 0.026035385821],
      [0.025518207639, 0.009823538578, 0.91190354544, 0.00045083012466, 0.05230387822],
      [0.043840602314, 0.022852232095, 0.050605839482, 0.87875376301, 0.0039475631012],
      [0.08047000613, 0.072325117582, 0.73959379736, 0.065244564254, 0.042366514673],
      [0.0064536432746, 0.36100177683, 0.34419651314, 0.019602974093, 0.26874509266]
    ],
    [
      [0.26231020351, 0.0010251866862, 0.30261625746, 0.43257046656, 0.0014778857883],
      [4.7521308151e-05, 0.38495153137, 0.23057329923, 0.36109409267, 0.023333555424],
      [0.0090311488198, 0.0067623420197, 0.94400978792, 0.00079184022388, 0.039404881014],
      [0.01576770435, 0.0098002797632, 0.035168292137, 0.938015292, 0.0012484317504],
      [0.04120419263, 0.038813004976, 0.79237438216, 0.095530341692, 0.032078078545],
      [0.0040914488883, 0.24513166638, 0.45722718013, 0.035638882217, 0.25791082238]
    ],
    [
      [0.40524610276, 0.0020273874276, 0.2909197389, 0.29897174797, 0.0028350229399],
      [6.0019154645e-05, 0.58760558122, 0.1768755819, 0.19992776294, 0.035531054782],
      [0.019964227861, 0.010062465152, 0.89674997118, 0.00045417411661, 0.072769161685],
      [0.036611634545, 0.023724066038, 0.050251384689, 0.88583188846, 0.0035810262665],
      [0.063681450851, 0.074869090887, 0.73538808316, 0.066464038014, 0.059597337083],
      [0.0045611259898, 0.3326906529, 0.30562227778, 0.017845772527, 0.3392801708]
    ],
    [
      [0.3981965817, 0.0010622900498, 0.23325273752, 0.36491892708, 0.0025694636467],
      [8.1115603602e-05, 0.42586950979, 0.19474720113, 0.33492405858, 0.044378114896],
      [0.024131154375, 0.0064805607533, 0.88712614834, 0.00068036421722, 0.081581772315],
      [0.030450303323, 0.012663506008, 0.031428629569, 0.92339658958, 0.0020609715245],
      [0.075620693618, 0.047380728194, 0.71365699032, 0.097816517245, 0.065525070619],
      [0.0058762376647, 0.22947984251, 0.32168336511, 0.028484708725, 0.41447584599]
    ],
    [
      [0.40829862893, 0.0014447541133, 0.2503193939, 0.33820340753, 0.0017338155274],
      [7.4629571794e-05, 0.51051290449, 0.18616721303, 0.27668971365, 0.026555539256],
      [0.024055449912, 0.0085031968583, 0.91413749124, 0.00061067436038, 0.052693187629],
      [0.033011950776, 0.017741744554, 0.036469942174, 0.91036341737, 0.0024129451289],
      [0.075009169421, 0.061873143643, 0.73350551749, 0.087384987779, 0.042227181665],
      [0.0063395907421, 0.3237841051, 0.359517362, 0.027644173415, 0.28271476875]
    ],
    [
      [0.39822577727, 0.0018019471764, 0.28194220698, 0.31654615343, 0.001483915145],
      [6.4107986739e-05, 0.5662503126, 0.18502380442, 0.22858392181, 0.020077853184],
      [0.021073174418, 0.009545408048, 0.92822557311, 0.00051397722528, 0.0406418672],
      [0.033921169921, 0.021782407457, 0.045565460579, 0.89712737162, 0.0016035904219],
      [0.066660850833, 0.070508114744, 0.75518459868, 0.074615955371, 0.03303048037],
      [0.0056810789696, 0.373663585, 0.37298564542, 0.023814582498, 0.22385510811]
    ],
    [
      [0.36801976495, 0.0010553838927, 0.26555668606, 0.36400096923, 0.0013671958711],
      [7.5807360085e-05, 0.41886905794, 0.22229194805, 0.33521036185, 0.023552824793],
      [0.020876273801, 0.0059731657143, 0.93259077812, 0.00063224170167, 0.039927540668],
      [0.027470215092, 0.012104682556, 0.037725449081, 0.92173516075, 0.00096449252595],
      [0.066455457707, 0.044365352227, 0.76413615182, 0.092367153018, 0.032675885228],
      [0.0065336281398, 0.26976559408, 0.43565983036, 0.033979139791, 0.25406180763]
    ],
    [
      [0.42720571743, 0.0013006191638, 0.3367492625, 0.23312458482, 0.0016198160798],
      [8.3517387024e-05, 0.49829333666, 0.26962070962, 0.20526690142, 0.026735534909],
      [0.019037417949, 0.005828276697, 0.93732581988, 0.00031986146616, 0.037488624003],
      [0.046272584399, 0.022622984755, 0.066874048116, 0.86224612632, 0.001984256412],
      [0.063873052409, 0.045625087268, 0.80894936588, 0.049233048571, 0.032319445869],
      [0.0061802416625, 0.27427006557, 0.45395499147, 0.017845263323, 0.24774943798]
    ],
    [
      [0.287851499, 0.0009917432873, 0.33775011594, 0.37220215698, 0.0012044848007],
      [5.643200771e-05, 0.38126902576, 0.27061960808, 0.32815718898, 0.019897745169],
      [0.012971462679, 0.0044876571302, 0.95379419518, 0.0051670213067, 0.023579663704],
      [0.016933171462, 0.010788222675, 0.050594232724, 0.92168437314, 0],
      [0.043317690945, 0.034978627965, 0.81861989117, 0.078868040253, 0.024215749667],
      [0.0047124498859, 0.23703660443, 0.515947905, 0.032131569157, 0.21017147153]
    ],
    [
      [0.33358426457, 0.00060349789401, 0.36875957681, 0.29293502564, 0.0041176350948],
      [6.9807027201e-05, 0.28777467985, 0.33507176147, 0.29243841829, 0.084645333363],
      [0.011604794087, 0.002257457717, 0.89752058136, 0.00032485267699, 0.088292314159],
      [0.031635371008, 0.0075632225466, 0.060142566776, 0.89463946981, 0.0060193698626],
      [0.041124827405, 0.018548557016, 0.80860285878, 0.052759054218, 0.07896470258],
      [0.0022368630965, 0.063338044549, 0.25010551864, 0.01084644007, 0.67347313364]
    ],
    [
      [0.31924121341, 0.0013224062977, 0.43911759624, 0.23710294922, 0.0032158348374],
      [5.5806858368e-05, 0.45292180247, 0.31344122812, 0.18624737956, 0.047333782985],
      [0.010829446565, 0.0044984043675, 0.92782520388, 0.00024689087064, 0.056600054318],
      [0.032718310031, 0.023622728373, 0.079109114748, 0.8591666466, 0.0053832002516],
      [0.037840950855, 0.03670647319, 0.83498868653, 0.0396021003, 0.050861789127],
      [0.0033363305805, 0.20061025552, 0.42648826924, 0.013068466717, 0.35649667795]
    ],
    [
      [0.3689940015, 0.0010234027542, 0.3681033649, 0.26005355323, 0.0018256776254],
      [7.745994121e-05, 0.41153402666, 0.3130438359, 0.24342623096, 0.031918446549],
      [0.015331645488, 0.00422796694, 0.94126800063, 0.00033014699638, 0.03884223995],
      [0.037558765189, 0.016267114913, 0.065623637741, 0.87858163002, 0.0019688521403],
      [0.052328364858, 0.033679684412, 0.82813985487, 0.051728341231, 0.034123754634],
      [0.0053373927767, 0.21177954555, 0.48978501628, 0.019729334693, 0.2733687107]
    ],
    [
      [0.40740505631, 0.0012077813142, 0.29617058486, 0.29324056023, 0.0019760172849],
      [7.7507596192e-05, 0.47358975293, 0.2364940038, 0.25700435982, 0.032834375861],
      [0.019567760714, 0.0059867753551, 0.92275713315, 0.00044041440834, 0.051247916375],
      [0.037604951103, 0.017418745704, 0.048660343272, 0.8916625465, 0.0046534134185],
      [0.064647180753, 0.046098401881, 0.77931339102, 0.066677924785, 0.043263101563],
      [0.0056993191027, 0.25693054681, 0.39842706744, 0.022109565433, 0.31683350121]
    ],
    [
      [0.48249509793, 0.001003078329, 0.26651640621, 0.24801816853, 0.0019672489967],
      [0.00010850073377, 0.45633609474, 0.24981963862, 0.25535595932, 0.038379806584],
      [0.025739838584, 0.0054778203089, 0.91218914298, 0.00041271492149, 0.056180483204],
      [0.047708156502, 0.016620865792, 0.052829322921, 0.87852446308, 0.0043171917017],
      [0.08431526922, 0.041802178901, 0.76489468208, 0.061927638536, 0.047060231259],
      [0.0074427902675, 0.23169276283, 0.39155536843, 0.020547283087, 0.34876179538]
    ],
    [
      [0.49215429988, 0.00067998472643, 0.25041564654, 0.25554372382, 0.0012063450326],
      [0.00013474159304, 0.37071728059, 0.28318787913, 0.31782687847, 0.028133220214],
      [0.028899986163, 0.0040470326796, 0.92936387187, 0.00046343501987, 0.03722567427],
      [0.046442667846, 0.0091578937719, 0.051446818942, 0.891427922, 0.0015246974414],
      [0.093964550423, 0.030659590668, 0.77524527462, 0.069112323974, 0.031018260315],
      [0.010147932371, 0.20706999947, 0.48678651475, 0.028001944076, 0.26799360932]
    ],
    [
      [0.32048512848, 0.0010372140575, 0.45238898159, 0.22443793176, 0.0016507441144],
      [6.4302876084e-05, 0.40210528605, 0.36876361167, 0.20138720977, 0.027679589627],
      [0.010961578876, 0.0035381805127, 0.95624621596, 0.0040346594006, 0.025219365255],
      [0.034836018493, 0.020096027048, 0.089665060553, 0.85540289391, 0],
      [0.038604788763, 0.029087550489, 0.86802550389, 0.037975637274, 0.026306519587],
      [0.0042527654312, 0.19802033834, 0.55424324099, 0.015648498125, 0.22783515711]
    ],
    [
      [0.3926710018, 0.00094568607942, 0.31773920123, 0.28740087231, 0.0012432385893],
      [8.2820076549e-05, 0.41610024888, 0.28138237605, 0.27953498168, 0.022899573311],
      [0.017953047862, 0.0044638335969, 0.9465082558, 0.00041056528922, 0.030664297448],
      [0.037237045212, 0.014472791476, 0.053600970685, 0.89253037059, 0.0021588220338],
      [0.06047373996, 0.035053409992, 0.81467606247, 0.063387762704, 0.026409024878],
      [0.0064064309261, 0.23646733871, 0.50019750881, 0.025256404803, 0.23167231675]
    ],
    [
      [0.31552398093, 0.0050926957714, 0.32861627607, 0.34782131824, 0.0029457289978],
      [9.4595280915e-06, 0.88786817902, 0.047515286917, 0.055376624391, 0.0092304501405],
      [0.0098093151299, 0.01976647747, 0.89860726549, 0.00037602592798, 0.071440915978],
      [0.027596457276, 0.035386321314, 0.040962081632, 0.87707105769, 0.01898408209],
      [0.03106863166, 0.15736404953, 0.70099130884, 0.055179676344, 0.055396333624],
      [0.0013304158443, 0.5055568123, 0.15621814259, 0.0089730754664, 0.3279215538]
    ],
    [
      [0.5033383189, 0.0008179938985, 0.17243033139, 0.32093233164, 0.0024810241754],
      [0.0001196519123, 0.41523083023, 0.1750543807, 0.35667996761, 0.052915169545],
      [0.037370482399, 0.0063678917453, 0.85216256306, 0.00075147351475, 0.10334758928],
      [0.041382131311, 0.012239811879, 0.023468685108, 0.92162540097, 0.0012839707334],
      [0.11362670101, 0.045049307219, 0.65723527026, 0.10456982929, 0.079518892232],
      [0.0079105216377, 0.2011475476, 0.26660076463, 0.02748642587, 0.49685474027]
    ],
    [
      [0.59399755346, 0.0012747491896, 0.1902551329, 0.21016012739, 0.0043124370527],
      [0.00012591798659, 0.54724383083, 0.16872178564, 0.20462236506, 0.079286100478],
      [0.039054914807, 0.0086009256479, 0.81911882754, 0.032698959774, 0.10052637223],
      [0.056255831874, 0.028348056466, 0.058863338131, 0.85653277353, 0],
      [0.1211041112, 0.062112844715, 0.63519482039, 0.061326096277, 0.12026212741],
      [0.0068007819602, 0.2185042499, 0.20759660635, 0.01295167878, 0.55414668301]
    ],
    [
      [0.36462117332, 0.0015761239136, 0.21649051425, 0.41485637979, 0.0024558087261],
      [5.5662013219e-05, 0.53251762517, 0.14026784559, 0.29369718641, 0.033461680814],
      [0.022375184364, 0.010127336882, 0.88278583965, 0.00079335849923, 0.083918280605],
      [0.02535024553, 0.018338311206, 0.020165456542, 0.93261802751, 0.0035279592135],
      [0.068247278208, 0.072324223547, 0.68339648745, 0.11109144486, 0.064940565929],
      [0.0046132876213, 0.32076484903, 0.26817459884, 0.028307146703, 0.37814011781]
    ],
    [
      [0.38163155408, 0.0014478170233, 0.24886021277, 0.36683992848, 0.0012204876439],
      [6.4969063046e-05, 0.52094646828, 0.17586238833, 0.28521608431, 0.017910090022],
      [0.022150438818, 0.0085751080093, 0.93065873653, 0.00065843122148, 0.037957285425],
      [0.02898051763, 0.017811907724, 0.03230878109, 0.91861164342, 0.0022871501305],
      [0.069260648408, 0.062830257756, 0.74310632291, 0.094501359263, 0.030301411664],
      [0.0061371401606, 0.35981701851, 0.38129476601, 0.031490175552, 0.22126089976]
    ],
    [
      [0.33844845354, 0.00082502800225, 0.24946380434, 0.40988179955, 0.0013809145594],
      [7.1603572244e-05, 0.35964410375, 0.21932850996, 0.39587852704, 0.025077255686],
      [0.019696740131, 0.0048993334474, 0.93174802338, 0.00073243957388, 0.042923463471],
      [0.02341016129, 0.0082995197255, 0.02732678659, 0.93726090277, 0.0037026296219],
      [0.062725199982, 0.036424277432, 0.75871652312, 0.10721913931, 0.034914860158],
      [0.0062492569705, 0.23094870634, 0.43947545603, 0.040089972253, 0.2832366084]
    ],
    [
      [0.38555014521, 0.0011632431243, 0.33258923903, 0.27926403092, 0.001433341721],
      [7.6333464406e-05, 0.45634397898, 0.27006383718, 0.24952382135, 0.023992029021],
      [0.017438522275, 0.0059035585895, 0.94328687615, 0.00038815000757, 0.032982892977],
      [0.037375905095, 0.017687482316, 0.058821681355, 0.88611493123, 0],
      [0.058378264606, 0.041399454988, 0.81152530792, 0.059647855693, 0.029049116795],
      [0.0059065122849, 0.26163654805, 0.47627002635, 0.02261954662, 0.23356736669]
    ],
    [
      [0.40511611746, 0.0014060614286, 0.33782503565, 0.25349107391, 0.0021617115411],
      [7.458581531e-05, 0.50419373391, 0.25323954886, 0.20910041718, 0.033391714226],
      [0.017906878734, 0.0062125253283, 0.92619097568, 0.00034340609692, 0.049346214161],
      [0.041717814827, 0.022158927485, 0.06230158337, 0.86993676168, 0.0038849126329],
      [0.059825321244, 0.048463576966, 0.79666532691, 0.052659459449, 0.042386315434],
      [0.0053218414333, 0.26743248394, 0.41085451635, 0.017533999137, 0.29885715914]
    ],
    [
      [0.31301155993, 0.0018947798767, 0.39193545253, 0.2899961978, 0.0031620098667],
      [4.3979542224e-05, 0.54781697051, 0.22837142692, 0.18552427045, 0.038243352577],
      [0.011511455268, 0.0071039073081, 0.9192129002, 0.00032880364335, 0.061842933583],
      [0.025311246198, 0.026140233031, 0.063277406415, 0.87847032955, 0.0068007848067],
      [0.039008884939, 0.05632859433, 0.79972003939, 0.051193267579, 0.053749213763],
      [0.0030538719384, 0.27836764392, 0.36238647474, 0.01504279968, 0.34114920972]
    ],
    [
      [0.18040926577, 0.00051462133635, 0.46311592175, 0.35596019115, 0],
      [3.8731980073e-05, 0.22749061288, 0.41291649098, 0.35955416415, 0],
      [0.0057037099905, 0.0016793120443, 0.98285375254, 0.0097632254204, 0],
      [0.0033883775333, 0.00073723753857, 0.066923445569, 0.92895093936, 0],
      [0.020378162905, 0.013978778404, 0.90850460568, 0.057138453007, 0],
      [0.0029286820362, 0.12749516525, 0.83891480903, 0.030661343677, 0]
    ],
    [
      [0.42482302362, 0.0029795542684, 0.1963801345, 0.37397867324, 0.0018386143821],
      [4.5840958951e-05, 0.70851044274, 0.088511516914, 0.18558087073, 0.017351328659],
      [0.029245515253, 0.021086983796, 0.87943254433, 0.00079979371122, 0.069435162909],
      [0.032781034758, 0.025218805955, 0.018848252435, 0.91795019324, 0.005201713614],
      [0.081906519463, 0.13902996398, 0.62686292758, 0.10282016384, 0.049380425141],
      [0.0046760132551, 0.5221766946, 0.20677953642, 0.022143843505, 0.24422391222]
    ],
    [
      [0.43284750949, 0.00092795988474, 0.22282194795, 0.34123675545, 0.0021658272177],
      [9.3971820594e-05, 0.41602982248, 0.20242104883, 0.34028093372, 0.041174223144],
      [0.026753558149, 0.0058975991544, 0.89382602052, 0.00065759521965, 0.072865226954],
      [0.035192662843, 0.011760354967, 0.031061696883, 0.91835366103, 0.0036316242769],
      [0.084343661929, 0.043344415177, 0.71881612417, 0.094992589192, 0.058503209535],
      [0.0067603304391, 0.22052304353, 0.33412623431, 0.028645254037, 0.40994513768]
    ],
    [
      [0.31214472744, 0.00058175826197, 0.36848269702, 0.31555550147, 0.0032353158115],
      [6.8055303289e-05, 0.24077178709, 0.34692301154, 0.34313570477, 0.069101441302],
      [0.011489595717, 0.0022802621165, 0.91860839776, 0.00036776276318, 0.067253981648],
      [0.027326970352, 0, 0.061808714263, 0.90720308206, 0.0036612333276],
      [0.040310207721, 0.018550525232, 0.8218765938, 0.059140229209, 0.060122444034],
      [0.003473039086, 0.10079219711, 0.40969930643, 0.019186057904, 0.46684939947]
    ],
    [
      [0.29094584101, 0.0012590906803, 0.3025616331, 0.4052334352, 0],
      [4.7874139582e-05, 0.47497112611, 0.21609780209, 0.30888319767, 0],
      [0.013905308846, 0.0062227355739, 0.97927537794, 0.00059657764146, 0],
      [0.016283065069, 0.014329712236, 0.04078578827, 0.92860143442, 0],
      [0.045655203927, 0.059202254573, 0.8049613695, 0.090181172003, 0],
      [0.0049739249943, 0.45324925692, 0.50464215332, 0.037134664767, 0]
    ],
    [
      [0.33461592274, 0.0026428930359, 0.18386782873, 0.47720887813, 0.0016644773596],
      [3.485804937e-05, 0.67039498563, 0.081505056333, 0.23224556631, 0.015819533675],
      [0.02376455702, 0.019755455938, 0.88746101064, 0.0010524763773, 0.067966500029],
      [0.021646945337, 0.02140942626, 0.0025993778311, 0.94659281396, 0.0077514366109],
      [0.06608902976, 0.13016445122, 0.62141683289, 0.13471731835, 0.047612367772],
      [0.0037462991465, 0.51297410616, 0.20282748881, 0.028981631666, 0.25147047422]
    ],
    [
      [0.3029679819, 0.0012384583654, 0.3920691986, 0.30063561876, 0.003088742383],
      [5.3195646093e-05, 0.43355872448, 0.28239290685, 0.23800577331, 0.045989399724],
      [0.01135507875, 0.0046794132324, 0.92301561776, 0.00034560564614, 0.060604284614],
      [0.022586232816, 0.017758830028, 0.063354870347, 0.89135591589, 0.0049441509201],
      [0.039006277824, 0.037553529893, 0.81544284103, 0.054529101189, 0.053468250062],
      [0.0033611731766, 0.20198922958, 0.4071364437, 0.017594731102, 0.36991842244]
    ],
    [
      [0.49386605612, 0.00078371895537, 0.30230421159, 0.20152727337, 0.0015187399593],
      [0.00013061673343, 0.40197995064, 0.32545488887, 0.23878638013, 0.03364816362],
      [0.024596666144, 0.0038991422247, 0.9322230569, 0.00030760599639, 0.038973528735],
      [0.056014628483, 0.015009338427, 0.071644493771, 0.85502178949, 0.0023097498329],
      [0.082567087038, 0.030539123563, 0.80586561533, 0.047385786093, 0.033642387981],
      [0.0087069326769, 0.19936858275, 0.49309475909, 0.018700842513, 0.28012888297]
    ],
    [
      [0.2439801062, 0.0011657452801, 0.30992506755, 0.44095270237, 0.0039763786006],
      [3.8924273326e-05, 0.40972673985, 0.20821230984, 0.32494274034, 0.057079285693],
      [0.010353807926, 0.0051780200931, 0.88737966377, 0.00058330082202, 0.096505207385],
      [0.0078609724616, 0.01346453865, 0.037647887828, 0.93807326235, 0.0029533387108],
      [0.034601426353, 0.040525156161, 0.75350701548, 0.089576470603, 0.081789931403],
      [0.0022811145138, 0.17231886665, 0.28474274381, 0.022163513186, 0.51849376185]
    ],
    [
      [0.56548529455, 0, 0.098307235493, 0.33548945809, 0.00071801187498],
      [0.00019232863441, 0, 0.17796324118, 0.65175936275, 0.17008506744],
      [0.056971793262, 0, 0.89984773185, 0.0035653858281, 0.039615089058],
      [0.038155511667, 0, 0.0024720548317, 0.95878168823, 0.00059074527529],
      [0.18260895533, 0, 0.62810684595, 0.16146638239, 0.027817816332],
      [0.12465836545, 0, 0.39598688577, 0.065863704577, 0.41349104421]
    ],
    [
      [0.71957535683, 0.0013420946991, 0.15248327733, 0.12588816345, 0.00071110769899],
      [0.00010637536853, 0.77157323015, 0.11362141497, 0.10353549313, 0.011163486385],
      [0.051339047104, 0.01182484404, 0.90157122432, 0.00032320820901, 0.034941676326],
      [0.070919265774, 0.034310172172, 0.05987667719, 0.82141107934, 0.013482805529],
      [0.15883122817, 0.086574607727, 0.68281723049, 0.045280368221, 0.026496565391],
      [0.011714178527, 0.50267995142, 0.29274991385, 0.013111944837, 0.17974401136]
    ],
    [
      [0.35383900014, 0.0020946746973, 0.38113664848, 0.25943642507, 0.003493251612],
      [4.8845340968e-05, 0.57764154679, 0.21785122153, 0.16303850691, 0.041419879432],
      [0.013289602688, 0.0080093813811, 0.90889617923, 0.00030274584649, 0.069502090855],
      [0.035709070467, 0.02942835341, 0.069935983734, 0.85963762449, 0.005288967897],
      [0.044725001271, 0.062905446696, 0.78563458385, 0.046730247434, 0.060004720749],
      [0.0032939511141, 0.28883588676, 0.33473273712, 0.012912084769, 0.36022534024]
    ],
    [
      [0.42656796437, 0.0022043789459, 0.15132746883, 0.41915645751, 0.00074373035029],
      [5.7958609514e-05, 0.64037677852, 0.086885745215, 0.26382003218, 0.0088594854711],
      [0.038690495275, 0.020765892512, 0.9026387851, 0.0042572818806, 0.033647545228],
      [0.030380057274, 0.019327323732, 0.0042884929012, 0.94600412609, 0],
      [0.10181079797, 0.12770089688, 0.60256938102, 0.14337209944, 0.024546824689],
      [0.0070404202629, 0.57511382883, 0.2422401164, 0.037450341908, 0.13815529259]
    ],
    [
      [0.40789180029, 0.00183548434, 0.18227299824, 0.40716427791, 0.00083543922665],
      [6.2577589062e-05, 0.58651006608, 0.11647153944, 0.28589839775, 0.011057419136],
      [0.031749488984, 0.014632794935, 0.91778586438, 0.0013867746884, 0.034445077011],
      [0.028577713896, 0.01941447042, 0.014373391729, 0.93763442396, 0],
      [0.089740037007, 0.096715918263, 0.6607878737, 0.12764841704, 0.025107753989],
      [0.0070850978322, 0.49124196392, 0.30234486003, 0.037934528974, 0.16139354924]
    ],
    [
      [0.22627927859, 0.001110144376, 0.48212029855, 0.28848234351, 0.0020079349636],
      [3.9473618695e-05, 0.39032607656, 0.34924660343, 0.23002873063, 0.030359115765],
      [0.0069471931445, 0.0034961875151, 0.95629437628, 0.00027583691932, 0.032986406146],
      [0.01627612376, 0.017865739628, 0.069328518728, 0.8909705176, 0.0055591002802],
      [0.024625979651, 0.02894764439, 0.87142980824, 0.0449168594, 0.030079708319],
      [0.0025808185588, 0.18898668311, 0.52433242444, 0.017623236874, 0.26647683702]
    ],
    [
      [0.32329440132, 0.0019387690568, 0.28791433666, 0.38602243949, 0.00083005346554],
      [4.2758489183e-05, 0.5740267022, 0.16855202581, 0.24745989784, 0.0099186156568],
      [0.018427882846, 0.0099814469933, 0.96811942196, 0.0034712482034, 0],
      [0.02305546597, 0.019048591207, 0.036963884604, 0.92093205822, 0],
      [0.049014518164, 0.074534443661, 0.77166205166, 0.086526667454, 0.018262319058],
      [0.0043816711727, 0.43375035582, 0.40021561507, 0.029375822459, 0.13227653548]
    ],
    [
      [0.52721299113, 0.0012591139131, 0.15889473817, 0.31144558468, 0.0011875721104],
      [9.9200175365e-05, 0.55377221338, 0.13570397427, 0.28912135566, 0.021303256515],
      [0.041476005869, 0.011038883835, 0.89147399123, 0.00080224641679, 0.055208872646],
      [0.041409058178, 0.016531119507, 0.015518484483, 0.91884604211, 0.0076952957238],
      [0.12172834854, 0.074969986985, 0.6551916227, 0.1074342068, 0.040675834972],
      [0.0094513501606, 0.38720740615, 0.29907209761, 0.031851786271, 0.27241735981]
    ],
    [
      [0.84853022358, 0.0001451527079, 0.081862914631, 0.069461709081, 0],
      [0.00049377019078, 0.33480482872, 0.34957016491, 0.31513123618, 0],
      [0.076054537348, 0.0022292313958, 0.91525982555, 0.0064564057068, 0],
      [0.0927274049, 0.010421041861, 0.068134853979, 0.82871669926, 0],
      [0.24777614059, 0.020520990518, 0.6890884815, 0.042614387392, 0],
      [0.039692999949, 0.18551593838, 0.68836787916, 0.027900212082, 0.058522970424]
    ],
    [
      [0.43743980757, 0.0048068594625, 0.19839484428, 0.35593574478, 0.0034227439133],
      [2.6745670021e-05, 0.82392078114, 0.052297398153, 0.10418686904, 0.019568205998],
      [0.0258326266, 0.030399323602, 0.81703261208, 0.00066969950792, 0.12606573821],
      [0.034599079679, 0.035715139856, 0.022808715211, 0.90028320419, 0.0065938610618],
      [0.070659790153, 0.19963628566, 0.56020725977, 0.084081234803, 0.085415429615],
      [0.0025700403299, 0.51695259262, 0.1158754099, 0.01166776327, 0.35293419387]
    ],
    [
      [0.39175766971, 0, 0.13692168777, 0.47045223907, 0.00086840343979],
      [0.00011190796196, 0, 0.17860082634, 0.69683629559, 0.12445097011],
      [0.035067816612, 0, 0.92533419048, 0.0035121932118, 0.036085799692],
      [0.026215875277, 0, 0.0010615531945, 0.97220573858, 0.00051683295288],
      [0.11818899801, 0, 0.673663119, 0.18181858762, 0.026329295368],
      [0.11634591185, 0, 0.43689945566, 0.076324961192, 0.3704296713]
    ],
    [
      [0.38585710106, 0.00098644367785, 0.27326195928, 0.33805689645, 0.0018375995315],
      [8.3404204765e-05, 0.40450769968, 0.23817611928, 0.32434645054, 0.032886326298],
      [0.021277244429, 0.0053827400152, 0.92121921175, 0.000568059801, 0.051552744006],
      [0.03111124031, 0.011315000782, 0.041923612303, 0.91349687759, 0.0021532690162],
      [0.068446893235, 0.040420371747, 0.76451798886, 0.083899706458, 0.042715039698],
      [0.0064346677639, 0.23356997874, 0.4167276359, 0.029471180908, 0.31379653668]
    ],
    [
      [0.31892201958, 0.0011791082436, 0.23056667512, 0.44750351188, 0.0018286851725],
      [5.9448627349e-05, 0.42347542293, 0.17478699486, 0.37315822439, 0.028519909199],
      [0.020346446245, 0.0075097574841, 0.91114256861, 0.00087329837148, 0.06012792929],
      [0.0174136112, 0.013472679934, 0.0227772336, 0.94398152899, 0.002354946281],
      [0.062055030711, 0.053436470854, 0.71510083466, 0.12227917017, 0.047128493606],
      [0.0053065609402, 0.28256749927, 0.35482111939, 0.039133132073, 0.31817168833]
    ],
    [
      [0.42714384855, 0.002066825309, 0.21625665983, 0.35222645332, 0.0023062129893],
      [6.4679953105e-05, 0.60010262428, 0.13277613848, 0.23794932585, 0.029107231435],
      [0.028203723603, 0.013579214161, 0.87944122923, 0.00071096666408, 0.078064866342],
      [0.033271133267, 0.020770292743, 0.027968966792, 0.91592469728, 0.0020649099143],
      [0.083154095085, 0.093440901588, 0.66797732458, 0.096222178919, 0.059205499831],
      [0.0056438692495, 0.39134926058, 0.2629986177, 0.024430170262, 0.31557808221]
    ],
    [
      [0.39154157911, 0.0013307497377, 0.25182614265, 0.35294671399, 0.0023548145195],
      [7.1590968516e-05, 0.48001888232, 0.19018528906, 0.29297278209, 0.03675145556],
      [0.022124922605, 0.0076260169248, 0.89957068983, 0.00061717234507, 0.070061198298],
      [0.03092975162, 0.016390033048, 0.03421003051, 0.91518481203, 0.0032853727882],
      [0.069817008529, 0.056071934991, 0.72815379086, 0.089308240807, 0.056649024809],
      [0.0054969740062, 0.27482209394, 0.33282783256, 0.026391993348, 0.36046110614]
    ]
  ],
  "expected_outcome": [
    [
      [35.440622263, 2.1620981446, 4.9756116193, 3.4830598473, 3.1950629447, 3.9570635958, 12.4340690355, 1.018070018, 14.9030263575, 4.0108527169, 1.7958082599, 12.553731519, 32.9478782876, 10.1877749094, 21.7925439593, 1.8361714246, 10.9416447745, 13.5386837778, 26.1311122516, 22.3006435273, 20.609106837, 15.3794058274, 8.0598419719, 3.0022583811, 9.5772364023, 43.5412921767, 5.296265732, 11.5798823504, 16.7332461961, 17.3061969381, 5.1047230233, 0, 7.5500747836, 13.0679461762, 3.6462117332, 8.3958941898, 4.3998298961, 14.6509055179, 28.7632443399, 5.6342080787, 0.54122779732, 9.7709295432, 7.7912551709, 3.1214472744, 4.6551334562, 5.0192388412, 6.9682635837, 47.9050074437, 0.7319403186, 1.1309705891, 4.317452141, 6.0152630023, 5.9719515012, 6.5262688047, 1.5839549502, 0.96988320397, 3.1632779468, 1.6970604472, 4.8118378832, 3.1340613577, 264.697971326, 15.30825694, 39.2972340665, 10.5716226358],
      [0.056239586902, 0.0046596775561, 0.0016817185412, 0.031283013713, 0.011044320501, 0.019213242038, 0.056743154994, 0.0028814081005, 0.042678519997, 0.0096602330026, 0.0054291943175, 0.047904793227, 0.079238355341, 0.022848653443, 0.083597072611, 0.0071763068036, 0.054739460545, 0.036117861693, 0.092464263248, 0.10090904188, 0.059101497994, 0.046822289896, 0.027768812044, 0.0054314810461, 0.03967218893, 0.120761525, 0.015701157085, 0.024073879896, 0.023119480699, 0.056009559103, 0.012293919032, 0, 0.012269908478, 0.028044482172, 0.015761239136, 0.031851974512, 0.010725364029, 0.044203238725, 0.099830361428, 0.034106037781, 0.001543864009, 0.068529748174, 0.016703277925, 0.0058175826197, 0.020145450884, 0.039643395538, 0.028484542405, 0.076020738671, 0.0034972358403, 0, 0.0080525681947, 0.035609469854, 0.030861305243, 0.02936774944, 0.0077710106323, 0.0058163071704, 0.0075546834785, 0.00029030541579, 0.052875454088, 0, 0.676700363, 0.056597195691, 0.19014792843, 0.035930242917],
