{
  "Z_true": {},
  "V_true": [
    [637, 13, 464, 158, 50],
    [831, 316, 6557, 705, 268],
    [350, 368, 279, 20561, 376],
    [47, 1252, 303, 686, 49],
    [153, 90, 174, 553, 182]
  ],
  "p_true": [
    [0.4818, 0.0098, 0.351, 0.1195, 0.0378],
    [0.0958, 0.0364, 0.7557, 0.0812, 0.0309],
    [0.016, 0.0168, 0.0127, 0.9374, 0.0171],
    [0.0201, 0.5357, 0.1297, 0.2935, 0.021],
    [0.1328, 0.0781, 0.151, 0.48, 0.158]
  ],
  "Z_est": [
    [
      [8.9399, 18.4022, 9.7207, 0, 16.0628, 3.4343, 1.2962, 3.7552, 99.2662, 109.1208, 1.9086, 0, 0, 35.045, 62.8461, 3.8219, 0, 0.5339, 0.9543, 3.9145, 2.0814, 1.2342, 19.4365, 22.8268, 26.3655, 17.6133, 13.2099, 0, 0, 0.7525, 15.4147, 16.3425, 21.1142, 35.3055, 1.9042, 19.8521, 0.7429, 8.8066, 10.8842, 22.4165, 32.9008, 34.9056, 26.2989, 18.7218, 6.3476, 23.3794, 2.4684, 2.1381, 55.3574, 86.1527, 64.3116],
      [0.388, 1.1029, 0.0015, 0, 0.5456, 0.1457, 0.4734, 0.1144, 4.0215, 4.3618, 0.0502, 0, 0, 1.2821, 2.518, 0.1364, 0, 0.0015, 0.0251, 0.0031, 0.4377, 0, 0.7709, 0.6786, 0.944, 0.5611, 0.4386, 0, 0, 0.0299, 0.5159, 0.6743, 0.7087, 1.2732, 0.0549, 0.8609, 0.0307, 0.2821, 0.4169, 0.8776, 1.1438, 1.1272, 0.9483, 0.7006, 0.2365, 0.7759, 0.1287, 0.5408, 2.2971, 2.949, 2.1245],
      [2.4172, 0.8086, 0.7152, 0, 2.9954, 0.9626, 0.1102, 0.0851, 16.4911, 10.7246, 0.0186, 0, 0, 5.451, 12.1933, 0.6572, 0, 0.1371, 0.0093, 0.0372, 0.6847, 0.5976, 3.4116, 0.223, 2.356, 1.5993, 1.1817, 0, 0, 0.115, 1.6577, 2.2826, 2.3182, 5.188, 0.0186, 3.2875, 0.0389, 0.7981, 2.2007, 4.5604, 4.7387, 4.4731, 3.8584, 4.3092, 1.0363, 2.52, 2.2361, 0.15, 9.4759, 10.584, 7.1684],
      [0.2529, 4.6821, 2.5604, 0, 0.3929, 0.4566, 0.1202, 0.0446, 23.1973, 35.766, 0.0223, 0, 0, 4.2142, 10.4279, 0.3837, 0, 1.3275, 0.0112, 0.0446, 0.7955, 0.1682, 3.3764, 0.2676, 5.3286, 0.223, 0.1673, 0, 0, 0.1026, 1.4086, 5.6965, 1.8546, 5.2255, 0.0223, 7.9941, 0.1875, 0.1115, 1.4956, 3.1404, 1.21, 0.4873, 2.8888, 1.2643, 0.3783, 1.32, 0.1668, 0.1706, 12.8563, 12.2956, 4.3825],
      [0.002, 0.0042, 0.0022, 0, 0.0033, 0.0008, 0, 0.0007, 0.0239, 0.0267, 0.0003, 0, 0, 0.0077, 0.0147, 0.0008, 0, 0, 0.0002, 0.0007, 0.0007, 0, 0.0045, 0.004, 0.0058, 0.0033, 0.0025, 0, 0, 0, 0.0032, 0.0042, 0.0043, 0.0079, 0, 0.0053, 0, 0.0017, 0.0025, 0.0052, 0.0067, 0.0069, 0.0057, 0.0042, 0.0013, 0.0047, 0, 0.0005, 0.0134, 0.0187, 0.013]
    ],
    [
      [4.4215, 7.5998, 4.7222, 0.262, 10.3429, 1.2008, 0.4852, 3.0659, 39.4449, 41.7293, 2.1918, 1.3235, 0, 20.4531, 31.212, 2.2503, 0.262, 0.2001, 0.8673, 3.7598, 0.6004, 0.4003, 10.0221, 19.306, 15.5026, 11.3256, 10.0144, 0, 1.3858, 0.231, 10.0359, 5.6036, 13.8358, 18.6606, 2.3139, 6.4041, 0.0518, 6.4121, 5.6361, 10.5938, 20.296, 25.0479, 16.4809, 9.9759, 4.2685, 13.697, 0.8005, 0.9871, 23.7712, 47.5852, 48.0461],
      [2.8214, 0.2647, 0.0027, 0.2956, 1.3642, 0.4985, 0.0435, 0.0244, 7.4676, 7.9379, 0.91, 0.0043, 0, 0.3403, 5.5528, 0.2855, 0.0308, 0.0027, 1.2935, 0.0054, 0.0825, 0, 1.6887, 0.1326, 1.1292, 2.1361, 1.4746, 0, 0, 0.0918, 2.5012, 0.0812, 1.1637, 0.1624, 0.0081, 0.6587, 0.0063, 0.7925, 0.9843, 0.1732, 3.7237, 2.1444, 1.8026, 0.1272, 1.8813, 1.2316, 0.0838, 0.0707, 1.7994, 4.8207, 3.5266],
      [137.2337, 29.457, 20.8852, 1.9256, 171.1733, 56.8143, 5.3604, 35.4322, 916.0343, 561.1623, 28.3952, 8.5533, 5.4143, 310.0384, 681.9469, 36.0067, 3.2202, 3.4777, 8.6511, 14.0546, 10.1198, 5.4888, 194.2885, 130.1995, 125.1502, 136.0339, 68.4252, 6.8705, 7.7092, 1.6401, 92.0367, 82.7052, 128.4811, 234.3516, 18.1278, 70.6463, 0.8838, 105.3926, 125.6193, 210.9146, 269.4383, 253.3904, 215.9631, 248.2625, 59.6501, 138.5194, 17.0499, 7.1649, 221.9524, 593.1228, 400.6915],
      [4.608, 1.9334, 0.5179, 0.1668, 8.8404, 4.4641, 0.111, 0.7399, 19.5698, 16.7322, 2.0093, 0.8801, 0.5857, 19.9368, 22.9664, 0.7769, 0.074, 0.3195, 0.4586, 0.3699, 0.2405, 0.111, 8.3173, 3.0335, 4.768, 5.2524, 4.0558, 0.1295, 0.2546, 0.037, 3.0744, 4.3791, 14.3065, 5.0867, 3.5502, 2.9882, 0.0581, 5.1063, 5.7589, 4.5133, 10.553, 14.6616, 10.2461, 10.1472, 2.4503, 3.2185, 0.0657, 0.1665, 4.9757, 23.1969, 24.0576],
      [10.9154, 0.7451, 1.872, 1.35, 11.2792, 10.0223, 0, 0.7376, 75.4833, 40.4383, 1.4937, 1.2388, 0, 27.2314, 48.3219, 2.6806, 0.413, 0, 0.7295, 1.8102, 1.9568, 0, 19.6835, 11.3284, 13.45, 8.2521, 9.0301, 0, 0.6504, 0, 7.3518, 5.2309, 10.2128, 16.7387, 0, 7.3027, 0, 8.2965, 6.0015, 17.8051, 24.9891, 15.7556, 13.5072, 18.4872, 3.7498, 17.3335, 0, 0.6108, 16.5013, 53.2744, 33.6782]
    ],
    [
      [0.0254, 0.9005, 0.3738, 0.1458, 1.6653, 0.0085, 0.2117, 0.8659, 0.2501, 0.2656, 0.5504, 0.0847, 0, 1.3588, 0.1667, 0.1571, 0.7313, 0.0014, 0.5511, 1.1808, 0.0042, 0.0028, 0.0523, 4.4632, 2.9553, 7.251, 3.5245, 0, 1.6142, 0.0014, 3.2604, 0.0396, 4.5407, 2.4855, 0.1477, 0.0452, 0.1986, 2.9937, 0.0297, 0.0608, 8.0468, 8.7438, 3.6904, 0.0537, 0.4661, 4.6246, 0.0057, 0.2832, 3.722, 16.4308, 10.9568],
      [4.2841, 0.0108, 0.0023, 0.4649, 1.3647, 0.1492, 0.6243, 0.0209, 8.9742, 9.6025, 0.8998, 0.0023, 0, 0.1908, 13.514, 0.2221, 1.1112, 0.0023, 0.0905, 0.0047, 0.447, 0, 6.7071, 0.114, 2.9496, 1.7443, 1.7682, 0, 0, 0.2914, 3.8274, 0.0698, 2.2604, 0.1396, 0.007, 1.3645, 0.1115, 0.0465, 0.9381, 0.1489, 5.7217, 1.5276, 4.0152, 0.1094, 3.6384, 2.5201, 0.0721, 0.9444, 1.3481, 3.71, 10.1937],
      [5.2202, 0.1049, 0.0779, 0.0068, 4.7721, 0.2031, 0.4701, 2.1261, 21.7613, 7.4159, 0.2768, 0.0305, 0.3454, 1.1136, 24.559, 1.9631, 1.7204, 0.0633, 0.0305, 0.2404, 0.0406, 0.9651, 2.8037, 0.4739, 0.4502, 1.3679, 0.3381, 1.1295, 0.2908, 0.0878, 0.3283, 1.6971, 0.4603, 10.7368, 0.0643, 5.1516, 0.0146, 1.3535, 2.9985, 3.4704, 0.968, 0.9071, 4.0771, 5.8173, 0.2132, 0.5009, 1.1993, 0.3704, 7.0794, 4.763, 1.4284],
      [399.4495, 47.7385, 38.4246, 22.7332, 588.5193, 251.6814, 14.6939, 204.7419, 3005.8874, 2257.4622, 129.7825, 19.1236, 23.6546, 1082.7014, 1479.3341, 71.3491, 18.8512, 11.933, 14.0612, 41.3898, 102.4819, 14.0321, 714.19, 611.3661, 569.1522, 382.9391, 410.4525, 21.8705, 17.7454, 13.6194, 229.9654, 331.4768, 386.0014, 667.4805, 33.781, 446.7951, 26.6754, 126.9319, 170.0718, 382.2282, 927.3682, 646.6713, 422.8028, 477.5858, 103.456, 645.7616, 15.723, 20.0176, 451.4087, 1286.5075, 877.2381],
      [7.0208, 0.2452, 1.1214, 0.6493, 3.6787, 6.9578, 0, 0.2452, 56.1271, 14.2538, 0.4905, 0.7589, 0, 16.6354, 18.4261, 1.3087, 0.586, 0, 0.2667, 2.1844, 2.0262, 0, 17.247, 7.5829, 8.4927, 2.6977, 5.9168, 0, 0.3496, 0, 3.6185, 1.7167, 3.7371, 6.1576, 0, 7.6436, 0, 4.6744, 1.962, 14.0917, 21.8952, 5.1501, 4.4144, 9.4338, 1.2262, 13.5928, 0, 0.3845, 6.4418, 43.5888, 19.1831]
    ],
    [
      [0.3836, 0.0196, 0.2336, 0, 0.2043, 0.0013, 0.007, 0.0938, 2.2252, 1.6844, 0.0866, 0.236, 0, 0.7361, 1.466, 0.0541, 0.0068, 0.0133, 0.0203, 0.0969, 0.0007, 0.007, 0.3943, 2.0269, 0.3065, 0.2781, 0.3084, 0, 0, 0.015, 0.1374, 0.0062, 0.2659, 0.5396, 0.5659, 0.0071, 0.0068, 0.1685, 0.201, 0.592, 0.6517, 0.5095, 0.4509, 0.4338, 0.134, 0.3591, 0.014, 0.0271, 0.216, 0.636, 0.7268],
      [48.343, 2.5748, 0.9922, 0, 24.5297, 12.1309, 0.8588, 8.7815, 256.4938, 199.1943, 11.0561, 0.9862, 0, 79.77, 176.7674, 6.3116, 0.858, 0.9862, 2.5741, 1.9844, 10.3371, 0, 50.629, 47.7338, 36.7946, 33.3927, 36.1684, 0, 0, 2.5869, 18.0234, 29.0126, 31.6918, 58.0465, 2.9084, 33.9753, 0.8514, 18.8007, 23.5453, 62.5252, 79.0503, 57.8789, 54.0284, 45.8082, 17.1621, 42.1217, 1.7009, 3.4321, 28.3225, 75.9163, 90.6423],
      [3.946, 0.1782, 0.1952, 0, 2.3929, 1.1495, 0.0594, 2.7608, 24.3469, 16.9155, 0.8716, 0.2861, 0, 7.6254, 15.5398, 0.608, 0.0594, 0.2632, 0.1782, 0.4161, 0.7525, 0.8264, 3.5036, 7.0525, 3.1142, 2.9132, 2.9775, 0, 0, 0.1571, 1.2471, 2.99, 2.7678, 5.7782, 0.36, 3.6942, 0.0627, 1.8534, 2.2301, 7.7223, 6.7105, 5.3442, 4.7496, 4.7471, 1.1877, 3.6391, 0.1207, 0.2375, 1.9597, 7.4806, 6.5947],
      [5.2714, 0.2245, 0.5771, 0, 2.8441, 2.7028, 0.0748, 2.3504, 50.6114, 32.9632, 0.973, 0.4897, 0, 21.7623, 26.0142, 1.0186, 0.0748, 0.7373, 0.2245, 0.4997, 0.8982, 0.1666, 4.416, 13.1192, 4.7412, 4.3764, 6.5012, 0, 0, 0.241, 1.5718, 9.9506, 4.2368, 15.5584, 1.1656, 6.2809, 0.0791, 4.1532, 3.9946, 18.0745, 10.4938, 11.1949, 7.7064, 13.948, 1.4969, 6.8289, 0.1644, 0.2994, 2.47, 6.8792, 7.9338],
      [0.056, 0.0029, 0.0019, 0, 0.029, 0.0155, 0, 0.0135, 0.3227, 0.2425, 0.0126, 0.0019, 0, 0.1063, 0.2126, 0.0077, 0.001, 0, 0.0029, 0.0029, 0.0116, 0, 0.057, 0.0676, 0.0435, 0.0396, 0.0444, 0, 0, 0, 0.0203, 0.0406, 0.0377, 0.0773, 0, 0.0425, 0, 0.0242, 0.029, 0.086, 0.0937, 0.0725, 0.0647, 0.0628, 0.0193, 0.0512, 0, 0.0039, 0.0319, 0.0879, 0.1024]
    ],
    [
      [4.2295, 4.0779, 2.9497, 0.5922, 7.7247, 1.3552, 0, 2.2192, 35.8136, 35.1998, 2.2626, 0.3557, 0, 15.407, 22.3091, 1.7166, 0, 0.2513, 0.607, 2.048, 0.3133, 0.3557, 7.0948, 13.3771, 8.87, 7.532, 5.9428, 0, 0, 0, 6.1516, 6.0081, 8.2435, 15.0089, 1.0682, 5.6915, 0, 3.6191, 4.2491, 9.3369, 14.1047, 14.7932, 9.0789, 8.8148, 2.7838, 12.9399, 0.7114, 0.5646, 14.9334, 31.1953, 24.9588],
      [0.1635, 0.0468, 0.0012, 0.2394, 0.1957, 0.0757, 0, 0.0588, 1.0429, 0.9034, 0.0838, 0.0072, 0, 0.4168, 0.6478, 0.0444, 0, 0.0072, 0.0168, 0.0024, 1.6957, 0, 0.2043, 0.341, 0.1826, 0.1658, 0.1502, 0, 0, 0, 0.1321, 0.1621, 0.1754, 0.3783, 0.0216, 0.1406, 0, 0.0781, 0.1153, 0.2751, 0.3604, 0.3219, 0.2055, 0.2546, 0.0817, 0.3506, 0.0144, 0.012, 0.2329, 0.604, 0.5129],
      [2.183, 0.4513, 1.1265, 0.0676, 2.6664, 0.8705, 0, 0.5958, 14.3664, 8.7817, 0.4378, 0.1301, 0.2403, 4.7716, 10.761, 0.765, 0, 0.0587, 0.131, 0.2518, 0.4024, 0.1221, 2.9926, 2.0511, 1.9294, 2.0858, 1.0775, 0, 0, 0, 1.7303, 1.3252, 1.9725, 8.9454, 0.4292, 1.2204, 0, 1.6024, 1.9514, 3.3323, 4.1445, 3.8851, 3.3518, 3.8639, 0.9127, 2.8206, 0.394, 0.0771, 3.5326, 9.0496, 6.117],
      [9.4182, 2.4215, 2.92, 1.1001, 16.4033, 7.6951, 0, 5.1232, 66.7341, 61.0764, 5.2129, 0.5066, 0.7597, 32.3853, 34.2573, 3.4718, 0, 0.6828, 1.2444, 2.696, 10.5839, 0.5221, 11.7003, 31.2136, 11.0099, 10.2091, 9.8233, 0, 0, 0, 8.9798, 13.4969, 11.6006, 26.6489, 1.4809, 8.9418, 0, 3.6971, 7.6791, 20.0436, 23.375, 21.9849, 9.3558, 20.0546, 5.2185, 32.8711, 0.8802, 0.3459, 13.2894, 42.1209, 32.388],
      [0.0058, 0.0026, 0.0026, 0.0007, 0.0098, 0.0036, 0, 0.0029, 0.043, 0.0386, 0.0029, 0.0004, 0, 0.0193, 0.0248, 0.0022, 0, 0, 0.0007, 0.0018, 0.0047, 0, 0.008, 0.0171, 0.008, 0.0073, 0.0062, 0, 0, 0, 0.0062, 0.0077, 0.008, 0.0186, 0, 0.0058, 0, 0.0033, 0.0051, 0.012, 0.0153, 0.0149, 0.008, 0.012, 0.0033, 0.0179, 0, 0.0004, 0.0117, 0.0302, 0.0233]
    ]
  ],
  "V_est": [
    [988.3082, 37.6997, 136.8834, 158.8904, 0.2184],
    [535.0865, 63.6255, 7215.5268, 284.8208, 577.9404],
    [100.1893, 98.2719, 134.0482, 21257.3097, 344.1809],
    [17.5553, 1828.2801, 170.5661, 318.355, 2.2435],
    [376.8607, 11.1229, 119.9755, 643.6242, 0.4168]
  ],
  "p_est": [
    [0.7476, 0.0285, 0.1035, 0.1202, 0.0002],
    [0.0617, 0.0073, 0.8316, 0.0328, 0.0666],
    [0.0046, 0.0045, 0.0061, 0.9691, 0.0157],
    [0.0075, 0.7823, 0.073, 0.1362, 0.001],
    [0.3271, 0.0097, 0.1041, 0.5587, 0.0004]
  ],
  "EI_Z": {},
  "EI_V": 8.2786,
  "MAE_Z": {},
  "MAE_V": 234.5952,
  "MAE_p": 0.0758,
  "runtime": 1.557
}
