{
  "Z_true": {},
  "V_true": [
    [21, 820, 173, 286],
    [890, 120, 1602, 40],
    [753, 133, 12684, 291],
    [327, 11618, 1239, 820],
    [44, 219, 837, 140],
    [165, 396, 796, 459]
  ],
  "p_true": [
    [0.0162, 0.6308, 0.1331, 0.22],
    [0.3356, 0.0452, 0.6041, 0.0151],
    [0.0543, 0.0096, 0.9151, 0.021],
    [0.0234, 0.8296, 0.0885, 0.0586],
    [0.0355, 0.1766, 0.675, 0.1129],
    [0.0909, 0.2181, 0.4383, 0.2528]
  ],
  "Z_est": [
    [
      [1.0496, 0.0026, 0.0274, 0.0417, 0.0091, 0.0143, 0.0535, 0.0639, 0.0261, 0.0248, 0.0274, 0.0196, 0.0965, 0.0913, 0.1526, 0.0509, 0.0756, 0.0404, 0.03, 0.1435, 0.2143, 0, 0.8541, 0, 0.0013, 0.12, 0.073, 0.0991, 0.0235, 0.0861, 0.655, 0.0261, 0.0065, 0.017, 0.0067, 0.163, 0.0639, 0.1004, 0.1082, 0.163, 0.0743, 0.2311, 0.0209, 0.1708, 0.0339, 0.3443, 0.0391],
      [12.3123, 0.9866, 9.882, 11.0928, 0.4384, 13.476, 17.0415, 48.5696, 13.2897, 15.4249, 18.6101, 3.2998, 33.3717, 36.4717, 42.0756, 11.8376, 20.2057, 11.0175, 10.6399, 30.233, 0.665, 0, 5.3166, 1.3153, 0.6617, 46.2914, 26.5997, 16.5648, 6.8246, 18.9874, 29.9855, 6.7967, 1.6675, 3.4005, 0.6426, 78.7239, 33.786, 17.0485, 34.1586, 34.8942, 22.7773, 1.8691, 14.6137, 51.7224, 5.5714, 58.2957, 6.809],
      [1.9751, 0.1231, 1.9203, 1.0467, 0.0616, 1.9444, 1.6624, 12.4463, 1.2314, 1.8728, 2.4169, 0.4125, 3.9232, 4.6726, 5.6269, 2.2094, 2.139, 1.7718, 1.399, 9.5077, 0.1208, 0, 0.6857, 0.1847, 0.0834, 8.288, 3.9433, 1.9086, 0.6157, 2.2165, 4.7074, 0.7388, 0.1847, 0.5681, 0.1709, 21.5443, 3.219, 7.5685, 3.7876, 16.2218, 3.8658, 0.2657, 1.293, 4.4945, 0.4926, 5.2949, 0.6157],
      [2.663, 0.8877, 3.1703, 4.8188, 0.4909, 4.5652, 8.2427, 11.9202, 5.4529, 3.6775, 4.9456, 1.2681, 7.6087, 9.7644, 10.1449, 1.9022, 5.5797, 3.1703, 3.9311, 8.1159, 0, 0, 1.1437, 1.5, 0.2536, 12.3007, 9.384, 12.4275, 2.5362, 14.7101, 10.6521, 4.4384, 1.1413, 1.0145, 0.1798, 13.5688, 3.9311, 2.2826, 4.9456, 6.721, 2.2826, 0.6341, 5.0724, 16.6122, 1.9022, 22.0651, 2.5362]
    ],
    [
      [16.7724, 1.85, 15.6049, 25.1995, 3.0505, 9.7498, 18.3033, 43.24, 16.175, 8.389, 16.3928, 11.409, 58.403, 52.5416, 93.5076, 31.3443, 35.8322, 23.0358, 15.2527, 96.9729, 2.2932, 0, 4.5758, 0, 0.8689, 70.2028, 42.9263, 55.6725, 13.6383, 37.3692, 36.6066, 15.3871, 3.7155, 11.236, 1.4862, 107.3314, 43.24, 66.4103, 76.1009, 102.0787, 47.3463, 3.8119, 12.6774, 110.7394, 20.3709, 205.3683, 26.2323],
      [0.7675, 0.6175, 1.1365, 4.907, 0.1396, 2.773, 0.8373, 12.599, 3.7517, 0.3838, 1.0238, 1.0711, 8.5458, 2.512, 12.7411, 3.1085, 1.6398, 1.6808, 0.6978, 10.1161, 0.1047, 0, 0.2093, 1.8996, 0.5389, 8.7263, 5.7031, 2.5469, 1.5094, 1.7095, 1.6747, 2.1491, 0.2698, 1.5847, 0.1086, 16.678, 7.3689, 6.3205, 12.858, 9.9652, 5.1228, 0.1744, 2.465, 25.559, 2.9468, 21.5409, 3.4118],
      [4.4157, 1.5236, 4.2149, 25.7846, 0.8028, 4.4376, 4.8171, 19.0037, 5.0178, 2.2078, 6.5306, 3.489, 19.8818, 16.7989, 35.4797, 13.4586, 9.4334, 6.2221, 4.0142, 60.5977, 0.6021, 0, 1.2043, 5.553, 0.5882, 19.8704, 12.2434, 14.6519, 3.8135, 9.8349, 9.6342, 4.4157, 1.0036, 6.1437, 0.4014, 55.6447, 24.2506, 39.0669, 49.7856, 47.6599, 23.3921, 1.0036, 3.8135, 45.3458, 6.6254, 71.5173, 15.2712],
      [0.0444, 0.0089, 0.0437, 0.1089, 0.0071, 0.0396, 0.0423, 0.1573, 0.0555, 0.0194, 0.0527, 0.0309, 0.1694, 0.1475, 0.2717, 0.0886, 0.0946, 0.0613, 0.0353, 0.3133, 0, 0, 0.0106, 0.5473, 0.0041, 0.2004, 0.1273, 0.1287, 0.0388, 0.0864, 0.0846, 0.0481, 0.0112, 0.0356, 0.0038, 0.3459, 0.1405, 0.2023, 0.2555, 0.2962, 0.1388, 0.0101, 0.0442, 0.3558, 0.0569, 0.5736, 0.0847]
    ],
    [
      [4.8206, 0.031, 1.3237, 0.496, 0.998, 0.1705, 9.9691, 0.7596, 0.31, 4.4721, 0.705, 1.7656, 2.43, 3.137, 4.0831, 1.0445, 7.9866, 2.8849, 1.407, 2.9556, 0.7985, 0, 0.4249, 0, 0.0155, 4.1633, 1.0529, 6.6766, 1.3713, 10.8641, 3.2708, 0.31, 0.1943, 0.5465, 0.2341, 4.3182, 1.5191, 2.018, 1.2866, 3.3178, 1.481, 0.2011, 0.248, 5.809, 1.6444, 25.0766, 1.1875],
      [0.7641, 1.6099, 8.712, 1.2665, 2.1991, 1.6128, 9.3434, 0.6803, 1.8962, 5.0045, 0.2976, 0.3113, 0.4362, 7.4317, 0.7716, 3.153, 6.3431, 2.694, 2.6975, 3.0077, 0.2537, 0.3891, 1.6225, 0.3901, 1.3642, 5.6853, 2.5472, 18.4527, 2.3771, 11.9871, 7.3057, 2.3476, 1.0453, 0.0457, 0.0354, 0.8094, 0.2582, 1.7449, 0.4351, 3.1296, 0.2031, 0.1872, 8.5021, 10.8549, 3.6441, 10.1426, 1.3636],
      [117.8239, 36.943, 285.1491, 429.4724, 89.2725, 180.1715, 331.3839, 426.6439, 305.7978, 306.4992, 186.7709, 61.5096, 272.3346, 388.826, 481.9776, 90.1886, 570.6453, 287.3198, 322.3002, 262.2798, 16.9478, 13.2899, 49.6162, 49.0507, 5.5745, 577.3303, 427.0586, 659.0958, 171.1188, 807.725, 478.2184, 257.6531, 49.4304, 28.2185, 13.4505, 505.5363, 161.16, 173.0927, 243.6822, 289.6236, 126.4836, 19.4814, 292.2965, 1049.4245, 207.7029, 1223.7018, 152.4435],
      [3.5913, 0.4161, 2.8151, 0.765, 0.5303, 2.0451, 2.3036, 3.9163, 1.9959, 0.0242, 1.2265, 0.4135, 1.7992, 2.6053, 3.1678, 0.6139, 0.025, 0.1013, 0.5954, 1.7568, 0, 1.321, 0.3365, 0.5593, 0.0457, 3.821, 5.3413, 6.7748, 1.1328, 5.4238, 3.2052, 1.6894, 0.3301, 0.1893, 0.2801, 3.3361, 1.0626, 1.1444, 1.5961, 1.929, 0.8322, 0.1303, 1.9535, 6.9116, 0.0085, 11.079, 1.0054]
    ],
    [
      [1.0539, 0, 1.1796, 0, 1.3513, 0, 7.3973, 0, 0, 2.5816, 0, 0.8666, 6.4682, 7.0774, 9.6175, 4.9939, 6.3121, 1.5857, 0.8582, 5.9216, 0.6941, 0, 1.4497, 0, 0, 7.3818, 3.9352, 5.2599, 1.4581, 5.0375, 13.8157, 0.9661, 0.3964, 0.9403, 0.2716, 4.6489, 2.1341, 6.1271, 0, 15.5052, 5.2476, 1.196, 0, 0, 1.634, 12.5028, 0.3257],
      [92.4755, 37.7307, 103.2843, 154.8864, 49.6989, 163.7345, 323.9739, 578.4714, 240.1946, 220.3314, 264.0115, 37.4786, 331.0226, 489.7455, 591.1408, 101.677, 276.2486, 138.5882, 124.868, 314.6646, 7.9766, 8.3637, 56.1036, 39.8168, 7.419, 592.7696, 315.7627, 436.112, 115.0083, 399.7473, 340.5812, 168.9633, 30.3646, 42.1525, 4.0175, 783.229, 209.1744, 177.5363, 391.1886, 321.3967, 181.2788, 19.1213, 280.6285, 1005.5431, 145.8161, 844.5405, 143.3041],
      [3.8043, 5.1278, 4.258, 21.4291, 5.8479, 10.8933, 24.6994, 46.7826, 29.2279, 25.7611, 24.2205, 2.295, 17.225, 11.6076, 40.567, 0, 22.3507, 8.7252, 7.8645, 32.7577, 1.3293, 0.7963, 1.4627, 8.9875, 0.1651, 18.6864, 44.3065, 41.7327, 12.5729, 45.9765, 32.5764, 27.1682, 4.2469, 0.9201, 0.1745, 47.7981, 8.4391, 15.2394, 23.8869, 30.4443, 9.8742, 0.1199, 5.4536, 70.9439, 12.8066, 65.9949, 20.3761],
      [11.6663, 5.1415, 13.2781, 20.6844, 4.1019, 23.3721, 42.9294, 59.7459, 26.5776, 18.3258, 24.7679, 6.3598, 37.2842, 49.5695, 47.6747, 9.3291, 24.0886, 15.1008, 16.4093, 44.6561, 0, 2.84, 5.984, 12.1958, 1.4159, 60.1622, 42.9956, 60.8954, 12.9608, 70.2387, 53.0267, 21.9024, 5.9921, 5.987, 0.5363, 71.3239, 21.2524, 10.0972, 21.9245, 35.6537, 9.5994, 2.5629, 25.9179, 78.5131, 8.7432, 99.9618, 11.9942]
    ],
    [
      [0.017, 0, 0.0143, 0.0218, 0.0048, 0.0075, 0.028, 0.0334, 0.0136, 0.013, 0.0143, 0.0102, 0.0505, 0.0477, 0.0798, 0.0266, 0.0395, 0.0211, 0.0157, 0.075, 0, 0, 0.0055, 0, 0, 0.0627, 0.0382, 0.0518, 0.0123, 0.045, 0.0436, 0.0136, 0.0034, 0.0089, 0.0014, 0.0852, 0.0334, 0.0525, 0.0566, 0.0852, 0.0389, 0.0048, 0.0109, 0.0893, 0.0177, 0.18, 0.0205],
      [1.5049, 0, 2.737, 6.425, 1.6903, 5.0961, 6.1877, 15.3087, 8.3939, 5.4329, 6.5682, 1.755, 6.7566, 21.9511, 20.1313, 3.0222, 9.9224, 4.7117, 4.7437, 6.4001, 0, 0.2287, 2.7266, 0.5156, 0, 14.8037, 8.6831, 13.4506, 3.0714, 12.9924, 9.7037, 7.4025, 0.5885, 0.8095, 0.1959, 12.299, 5.3518, 4.0206, 2.6339, 6.0254, 2.2647, 0.3352, 8.1594, 31.4553, 4.7445, 16.6419, 2.8443],
      [2.4781, 0, 8.2487, 25.5532, 6.305, 17.8964, 14.7843, 48.6579, 31.5925, 16.5541, 20.4174, 7.2347, 20.1929, 35.0012, 42.7889, 9.9512, 36.038, 17.2671, 18.2406, 15.5249, 0, 0.7713, 5.268, 0.4844, 0, 45.1336, 28.2787, 47.4976, 9.9163, 46.9626, 32.2527, 18.5839, 1.4081, 2.1816, 0.8027, 38.6158, 15.6148, 10.9269, 14.3095, 12.8894, 9.6964, 0.66, 27.8297, 98.4554, 17.2378, 40.1781, 7.1353],
      [0, 0, 0, 0, 0, 0, 0, 0, 0, 0, 0, 0, 0, 0, 0, 0, 0, 0, 0, 0, 0, 0, 0, 0, 0, 0, 0, 0, 0, 0, 0, 0, 0, 0, 0, 0, 0, 0, 0, 0, 0, 0, 0, 0, 0, 0, 0]
    ],
    [
      [1.2865, 0.1164, 2.85, 6.2409, 1.5862, 1.0578, 5.2489, 4.9031, 3.4753, 3.5196, 3.8605, 0.9291, 6.5519, 7.105, 9.5595, 1.5398, 7.7539, 3.432, 5.4364, 3.9314, 0, 0, 0.6901, 0, 0.1143, 10.0694, 7.9744, 8.2401, 1.4966, 12.5981, 9.6083, 3.2971, 0.6839, 0.2513, 0, 8.4532, 2.0095, 2.2917, 5.4477, 3.85, 2.8119, 1.5551, 3.0428, 14.1915, 2.299, 20.528, 2.1949],
      [0.1756, 0.0553, 0.2483, 0.4223, 0.8337, 0.3075, 0.6161, 2.371, 0.474, 0.4225, 0.4887, 0.0841, 0.8671, 4.888, 1.1396, 0.2017, 0.6404, 0.3078, 0.3532, 0.5786, 0, 0.0185, 0.0214, 0.0627, 0.0162, 3.7236, 0.7044, 0.8731, 0.2093, 5.5762, 0.7494, 0.3409, 0.0643, 0.0071, 0, 0.2606, 0.0607, 0.3291, 0.7257, 0.5889, 0.3533, 0.3128, 0.6313, 1.8653, 0.2772, 1.8385, 0.2673],
      [6.503, 0.2825, 16.2089, 36.7139, 8.7102, 12.6567, 28.653, 50.4656, 25.1327, 20.1049, 21.6435, 5.0591, 36.4425, 35.0937, 53.56, 8.1922, 45.3936, 19.6939, 32.1815, 19.3321, 0, 1.1425, 3.7632, 0.7397, 0.5888, 53.6913, 45.1695, 45.1133, 7.9628, 67.2847, 44.6109, 18.4404, 3.7264, 0.9681, 0, 45.8608, 10.3165, 12.1057, 30.5483, 19.161, 15.6878, 4.4695, 17.3138, 79.3359, 13.1347, 115.313, 12.1583],
      [3.035, 0.5458, 5.6928, 11.6229, 2.8699, 5.978, 11.482, 18.2603, 8.9181, 6.953, 8.0072, 1.9277, 13.1386, 14.9133, 18.741, 3.0663, 14.212, 6.5663, 10.0289, 9.1579, 0, 0.839, 1.5253, 1.1976, 0.2807, 20.5157, 16.1518, 17.7735, 3.3313, 25.541, 17.0314, 6.9217, 1.5253, 0.7735, 0, 18.4254, 4.6133, 4.2735, 10.2783, 8.4, 5.147, 1.6626, 7.0121, 28.6073, 4.2892, 40.3205, 4.3795]
    ]
  ],
  "V_est": [
    [5.7363, 886.2648, 151.443, 256.5558],
    [1710.7124, 214.1955, 721.4685, 5.6236],
    [129.7803, 157.3558, 13481.717, 92.1469],
    [148.1927, 11702.1433, 897.9236, 1255.7404],
    [1.4952, 310.6871, 927.8177, 0],
    [204.0831, 35.3533, 1150.6302, 425.9333]
  ],
  "p_est": [
    [0.0044, 0.6817, 0.1165, 0.1974],
    [0.6451, 0.0808, 0.272, 0.0021],
    [0.0094, 0.0114, 0.9726, 0.0066],
    [0.0106, 0.8356, 0.0641, 0.0897],
    [0.0012, 0.2506, 0.7482, 0],
    [0.1124, 0.0195, 0.6336, 0.2345]
  ],
  "EI_Z": {},
  "EI_V": 8.314,
  "MAE_Z": {},
  "MAE_V": 241.6123,
  "MAE_p": 0.0714,
  "runtime": 1.524
}
