{
  "X": [
    [39, 76, 0],
    [50, 89, 5],
    [16, 29, 2],
    [19, 31, 2],
    [23, 35, 5],
    [56, 163, 2],
    [4, 21, 1],
    [2, 4, 0],
    [6, 7, 0],
    [14, 35, 1],
    [12, 23, 1],
    [11, 39, 1],
    [12, 45, 0],
    [19, 11, 0],
    [7, 18, 3],
    [4, 14, 2],
    [16, 36, 9],
    [8, 20, 0],
    [2, 16, 1],
    [11, 8, 0],
    [10, 37, 0],
    [0, 8, 0],
    [16, 35, 1],
    [29, 74, 1],
    [49, 116, 11],
    [36, 63, 1],
    [12, 30, 0],
    [12, 37, 1],
    [3, 13, 0],
    [10, 31, 1],
    [5, 15, 1],
    [20, 52, 1],
    [23, 63, 1],
    [44, 89, 3],
    [34, 129, 3],
    [31, 63, 5],
    [27, 42, 3],
    [20, 43, 4],
    [31, 57, 1],
    [18, 70, 3],
    [8, 19, 1],
    [13, 29, 1],
    [9, 12, 1],
    [4, 6, 0],
    [18, 41, 5],
    [22, 28, 3],
    [19, 38, 1],
    [4, 8, 1],
    [3, 3, 0],
    [1, 8, 0],
    [3, 6, 1],
    [4, 10, 1],
    [5, 18, 0],
    [9, 20, 0],
    [7, 39, 2],
    [0, 5, 1],
    [0, 25, 3],
    [4, 6, 1],
    [13, 44, 2],
    [12, 22, 5],
    [11, 18, 1],
    [19, 39, 1],
    [9, 22, 2],
    [7, 19, 0],
    [12, 29, 1],
    [27, 29, 7],
    [6, 9, 1],
    [6, 27, 0],
    [8, 15, 2],
    [7, 19, 3],
    [3, 10, 0],
    [9, 21, 1],
    [9, 20, 3],
    [5, 19, 1],
    [19, 74, 6],
    [6, 11, 2],
    [3, 13, 1],
    [4, 19, 1],
    [42, 121, 5],
    [29, 68, 5],
    [33, 54, 2],
    [28, 59, 0],
    [5, 19, 0],
    [2, 3, 1],
    [1, 4, 2],
    [14, 13, 0],
    [11, 21, 2],
    [8, 9, 0],
    [4, 25, 1],
    [22, 31, 0],
    [45, 86, 7],
    [20, 14, 1],
    [2, 13, 0],
    [12, 26, 3],
    [33, 94, 3],
    [5, 19, 1],
    [16, 40, 0],
    [41, 99, 4],
    [11, 47, 2],
    [22, 46, 4],
    [33, 76, 6],
    [7, 21, 0],
    [9, 49, 0],
    [42, 220, 1],
    [11, 74, 4],
    [7, 39, 1],
    [14, 69, 2],
    [30, 46, 6],
    [0, 19, 2],
    [9, 27, 2],
    [12, 14, 1],
    [11, 14, 1],
    [8, 25, 2],
    [3, 19, 0],
    [32, 69, 7],
    [2, 11, 0],
    [2, 16, 0],
    [7, 15, 0],
    [3, 9, 2],
    [7, 15, 1],
    [8, 20, 0],
    [12, 22, 2],
    [8, 14, 1],
    [5, 16, 1],
    [37, 60, 4],
    [31, 75, 3],
    [21, 43, 1],
    [14, 21, 1],
    [13, 17, 2],
    [7, 7, 2],
    [7, 26, 0],
    [10, 15, 2],
    [15, 17, 2],
    [23, 53, 0],
    [9, 11, 0],
    [34, 80, 2],
    [13, 45, 2],
    [2, 7, 0],
    [8, 31, 1],
    [8, 30, 2],
    [10, 13, 1],
    [11, 24, 1],
    [5, 17, 0],
    [20, 47, 4],
    [17, 14, 0],
    [22, 61, 2],
    [8, 17, 0],
    [12, 27, 3],
    [4, 5, 0],
    [7, 23, 0],
    [21, 31, 0],
    [15, 19, 2],
    [12, 20, 0],
    [3, 13, 0],
    [55, 99, 10],
    [11, 23, 3],
    [10, 29, 1],
    [23, 60, 2],
    [25, 36, 2],
    [10, 36, 0],
    [31, 67, 1],
    [10, 24, 0],
    [0, 7, 0],
    [15, 45, 2],
    [1, 5, 0],
    [6, 16, 0],
    [12, 30, 1],
    [12, 41, 1],
    [8, 15, 0],
    [5, 1, 0],
    [9, 17, 1],
    [17, 22, 2],
    [9, 18, 0],
    [20, 59, 3],
    [14, 47, 5],
    [22, 56, 2],
    [21, 39, 3],
    [6, 13, 1],
    [1, 5, 0],
    [3, 12, 1],
    [8, 16, 0],
    [1, 6, 0],
    [4, 3, 0],
    [24, 66, 1],
    [4, 4, 0],
    [1, 7, 0],
    [5, 28, 0],
    [11, 37, 3],
    [16, 22, 1],
    [23, 44, 2],
    [3, 3, 0],
    [1, 16, 1],
    [0, 10, 2],
    [7, 13, 0],
    [2, 14, 0],
    [4, 4, 0],
    [8, 37, 1],
    [10, 27, 0],
    [3, 3, 0],
    [2, 7, 1],
    [2, 8, 0],
    [7, 12, 0],
    [4, 6, 3],
    [26, 124, 6],
    [117, 89, 3],
    [4, 8, 0],
    [9, 12, 1],
    [3, 9, 2],
    [23, 103, 3],
    [3, 8, 0],
    [2, 4, 1],
    [9, 16, 0],
    [14, 46, 2],
    [14, 24, 1],
    [21, 72, 2],
    [16, 64, 8],
    [34, 110, 0],
    [5, 14, 0],
    [21, 59, 2],
    [4, 3, 1],
    [6, 26, 0],
    [2, 12, 0],
    [1, 6, 1],
    [7, 6, 2],
    [4, 13, 1],
    [2, 9, 0],
    [5, 19, 0],
    [15, 14, 2],
    [2, 28, 2],
    [4, 7, 0],
    [1, 8, 0],
    [3, 6, 0],
    [0, 8, 0],
    [1, 14, 2],
    [1, 6, 1],
    [1, 8, 0],
    [4, 5, 0],
    [10, 10, 0],
    [1, 6, 1],
    [13, 12, 1],
    [0, 7, 0],
    [19, 61, 1],
    [31, 96, 9],
    [0, 11, 0],
    [18, 35, 2],
    [0, 11, 0],
    [3, 16, 0],
    [10, 20, 0],
    [10, 6, 2],
    [9, 24, 0],
    [8, 15, 3],
    [12, 33, 1],
    [6, 5, 1],
    [51, 85, 8],
    [37, 86, 5],
    [16, 31, 0],
    [32, 77, 8],
    [10, 23, 2],
    [10, 23, 2],
    [4, 3, 0],
    [8, 44, 2],
    [29, 52, 2],
    [1, 7, 0],
    [5, 7, 2],
    [1, 9, 2],
    [1, 5, 1],
    [3, 22, 5],
    [26, 46, 0],
    [31, 44, 3],
    [18, 19, 0],
    [25, 30, 4],
    [5, 12, 1],
    [6, 25, 1],
    [46, 24, 3],
    [26, 31, 2],
    [45, 46, 3],
    [43, 52, 2],
    [25, 51, 0],
    [86, 106, 14],
    [12, 17, 0],
    [24, 49, 3],
    [7, 6, 1],
    [2, 13, 0],
    [6, 2, 0],
    [18, 26, 5],
    [7, 24, 0],
    [10, 30, 1],
    [18, 67, 5],
    [7, 23, 2],
    [2, 22, 0],
    [3, 16, 0],
    [8, 28, 0],
    [3, 6, 0],
    [4, 8, 0],
    [0, 5, 1],
    [8, 9, 0],
    [13, 80, 5],
    [0, 6, 0],
    [4, 12, 1],
    [5, 17, 1],
    [15, 55, 5],
    [1, 7, 0],
    [2, 8, 0],
    [27, 62, 3],
    [15, 45, 5],
    [18, 31, 5],
    [1, 9, 1],
    [3, 30, 0],
    [16, 80, 1],
    [2, 16, 1],
    [15, 72, 0],
    [11, 60, 0],
    [3, 21, 0],
    [37, 82, 1],
    [11, 18, 6],
    [13, 33, 3],
    [28, 41, 2],
    [24, 48, 4],
    [46, 101, 5],
    [20, 33, 0],
    [14, 16, 3],
    [11, 18, 0],
    [5, 25, 0],
    [40, 64, 3],
    [4, 8, 1],
    [11, 29, 1],
    [43, 83, 8],
    [40, 118, 1],
    [58, 130, 7],
    [49, 81, 7],
    [7, 18, 0],
    [6, 23, 0],
    [22, 56, 2],
    [4, 7, 0],
    [12, 49, 2],
    [7, 4, 1],
    [0, 6, 0],
    [48, 148, 16],
    [18, 48, 3],
    [403, 998, 50],
    [55, 184, 12],
    [408, 1104, 38],
    [29, 82, 2]
  ],
  "W": [
    [4, 74, 25, 5, 5, 2],
    [0, 98, 34, 1, 5, 6],
    [0, 30, 11, 0, 2, 4],
    [1, 38, 9, 3, 1, 0],
    [1, 41, 11, 3, 3, 4],
    [6, 105, 79, 9, 15, 7],
    [1, 13, 5, 3, 1, 3],
    [1, 1, 2, 0, 2, 0],
    [3, 7, 1, 1, 0, 1],
    [1, 21, 16, 5, 1, 6],
    [1, 22, 7, 3, 0, 3],
    [2, 24, 11, 10, 3, 1],
    [11, 28, 14, 2, 2, 0],
    [3, 19, 5, 1, 2, 0],
    [0, 13, 6, 4, 1, 4],
    [1, 5, 8, 4, 2, 0],
    [2, 28, 17, 9, 3, 2],
    [1, 11, 7, 6, 2, 1],
    [1, 13, 2, 2, 1, 0],
    [2, 10, 5, 1, 1, 0],
    [2, 19, 23, 3, 0, 0],
    [1, 2, 3, 1, 0, 1],
    [2, 28, 14, 1, 4, 3],
    [5, 56, 32, 4, 6, 1],
    [6, 87, 52, 12, 9, 10],
    [1, 66, 21, 2, 2, 8],
    [1, 23, 9, 5, 2, 2],
    [3, 23, 11, 8, 4, 1],
    [1, 11, 3, 0, 0, 1],
    [13, 17, 9, 2, 0, 1],
    [3, 8, 4, 5, 1, 0],
    [7, 38, 15, 2, 8, 3],
    [3, 52, 23, 1, 5, 3],
    [10, 77, 33, 8, 5, 3],
    [6, 75, 60, 12, 9, 4],
    [3, 62, 13, 5, 6, 10],
    [3, 46, 13, 5, 2, 3],
    [1, 43, 16, 4, 2, 1],
    [0, 58, 22, 1, 7, 1],
    [3, 49, 29, 1, 7, 2],
    [1, 15, 5, 5, 0, 2],
    [0, 24, 7, 11, 0, 1],
    [2, 11, 5, 3, 0, 1],
    [0, 6, 1, 3, 0, 0],
    [5, 32, 18, 1, 5, 3],
    [1, 30, 11, 3, 4, 4],
    [1, 32, 17, 1, 5, 2],
    [2, 4, 3, 3, 0, 1],
    [0, 4, 2, 0, 0, 0],
    [1, 2, 1, 3, 1, 1],
    [0, 5, 3, 1, 0, 1],
    [0, 11, 3, 1, 0, 0],
    [0, 11, 6, 4, 2, 0],
    [2, 16, 7, 2, 0, 2],
    [2, 19, 18, 4, 2, 3],
    [0, 4, 1, 0, 0, 1],
    [2, 10, 6, 6, 1, 3],
    [2, 6, 0, 2, 1, 0],
    [2, 27, 25, 1, 1, 3],
    [1, 17, 12, 6, 0, 3],
    [1, 16, 7, 3, 2, 1],
    [3, 28, 15, 4, 4, 5],
    [2, 16, 8, 3, 1, 3],
    [3, 14, 8, 0, 0, 1],
    [1, 24, 11, 2, 2, 2],
    [5, 31, 15, 2, 2, 8],
    [0, 12, 2, 1, 0, 1],
    [0, 14, 12, 3, 3, 1],
    [0, 13, 5, 4, 0, 3],
    [4, 16, 7, 1, 1, 0],
    [1, 6, 4, 1, 1, 0],
    [5, 13, 7, 3, 0, 3],
    [4, 14, 7, 2, 0, 5],
    [0, 13, 6, 3, 1, 2],
    [2, 40, 41, 8, 2, 6],
    [2, 9, 4, 4, 0, 0],
    [2, 9, 3, 1, 0, 2],
    [3, 10, 10, 0, 0, 1],
    [1, 86, 64, 1, 7, 9],
    [3, 51, 25, 8, 10, 5],
    [1, 65, 13, 1, 4, 5],
    [2, 52, 18, 3, 7, 5],
    [1, 9, 12, 0, 1, 1],
    [0, 3, 1, 1, 1, 0],
    [0, 1, 2, 4, 0, 0],
    [3, 17, 4, 1, 1, 1],
    [4, 16, 8, 4, 0, 2],
    [0, 12, 3, 1, 1, 0],
    [1, 10, 12, 5, 0, 2],
    [1, 31, 9, 3, 4, 5],
    [0, 63, 43, 9, 8, 15],
    [1, 18, 6, 2, 5, 3],
    [0, 6, 6, 3, 0, 0],
    [1, 19, 11, 6, 3, 1],
    [0, 69, 43, 8, 7, 3],
    [1, 11, 5, 1, 5, 2],
    [3, 30, 14, 2, 5, 2],
    [2, 80, 41, 5, 13, 3],
    [3, 31, 20, 0, 3, 3],
    [1, 43, 18, 3, 2, 5],
    [1, 57, 35, 1, 9, 12],
    [1, 11, 12, 3, 1, 0],
    [2, 21, 22, 6, 4, 3],
    [16, 87, 138, 3, 12, 7],
    [5, 30, 46, 3, 4, 1],
    [1, 16, 25, 3, 1, 1],
    [5, 31, 40, 6, 1, 2],
    [2, 46, 17, 7, 7, 3],
    [1, 6, 7, 5, 1, 1],
    [0, 12, 8, 9, 3, 6],
    [1, 14, 3, 8, 1, 0],
    [0, 15, 4, 3, 0, 4],
    [1, 18, 8, 7, 0, 1],
    [0, 12, 8, 1, 1, 0],
    [4, 62, 31, 4, 2, 5],
    [3, 3, 5, 2, 0, 0],
    [1, 8, 7, 1, 1, 0],
    [1, 13, 5, 1, 2, 0],
    [1, 8, 2, 1, 2, 0],
    [1, 10, 3, 3, 3, 3],
    [1, 10, 10, 5, 2, 0],
    [0, 18, 8, 4, 0, 6],
    [0, 10, 8, 4, 1, 0],
    [1, 11, 4, 3, 2, 1],
    [1, 54, 25, 3, 7, 11],
    [7, 53, 26, 10, 6, 7],
    [3, 44, 8, 2, 4, 4],
    [5, 17, 5, 5, 1, 3],
    [1, 15, 4, 5, 4, 3],
    [4, 7, 4, 1, 0, 0],
    [3, 17, 10, 1, 2, 0],
    [3, 18, 4, 2, 0, 0],
    [1, 21, 6, 1, 3, 2],
    [3, 37, 25, 4, 3, 4],
    [1, 12, 5, 1, 0, 1],
    [6, 61, 28, 8, 7, 6],
    [2, 32, 18, 2, 5, 1],
    [0, 7, 0, 0, 1, 1],
    [3, 16, 19, 1, 0, 1],
    [3, 20, 11, 1, 3, 2],
    [0, 10, 4, 4, 1, 5],
    [2, 24, 7, 2, 0, 1],
    [0, 12, 6, 3, 1, 0],
    [0, 32, 27, 3, 3, 6],
    [1, 18, 8, 1, 3, 0],
    [2, 47, 18, 5, 4, 9],
    [1, 12, 6, 3, 1, 2],
    [2, 25, 8, 7, 0, 0],
    [0, 3, 4, 1, 1, 0],
    [2, 12, 5, 4, 1, 6],
    [0, 35, 12, 2, 0, 3],
    [1, 23, 6, 1, 1, 4],
    [1, 18, 11, 2, 0, 0],
    [2, 4, 5, 3, 1, 1],
    [3, 94, 45, 2, 9, 11],
    [3, 19, 12, 1, 0, 2],
    [1, 21, 7, 5, 3, 3],
    [1, 45, 29, 2, 4, 4],
    [3, 35, 17, 6, 2, 0],
    [3, 16, 18, 6, 1, 2],
    [0, 63, 24, 4, 5, 3],
    [3, 17, 6, 5, 1, 2],
    [1, 2, 4, 0, 0, 0],
    [1, 28, 17, 9, 4, 3],
    [1, 2, 0, 2, 0, 1],
    [0, 12, 5, 2, 1, 2],
    [0, 16, 18, 2, 4, 3],
    [3, 19, 13, 10, 4, 5],
    [2, 8, 10, 2, 0, 1],
    [0, 6, 0, 0, 0, 0],
    [0, 14, 5, 5, 3, 0],
    [0, 25, 7, 7, 1, 1],
    [0, 12, 2, 3, 6, 4],
    [3, 39, 25, 4, 8, 3],
    [0, 34, 16, 6, 2, 8],
    [2, 57, 13, 4, 2, 2],
    [0, 35, 14, 7, 3, 4],
    [1, 8, 7, 2, 1, 1],
    [0, 1, 4, 0, 1, 0],
    [1, 7, 3, 4, 0, 1],
    [2, 8, 8, 3, 1, 2],
    [0, 4, 1, 0, 2, 0],
    [0, 3, 2, 1, 0, 1],
    [4, 43, 20, 16, 6, 2],
    [0, 5, 3, 0, 0, 0],
    [0, 2, 2, 3, 0, 1],
    [0, 14, 14, 0, 5, 0],
    [0, 32, 10, 0, 3, 6],
    [2, 22, 4, 5, 3, 3],
    [3, 38, 19, 3, 2, 4],
    [0, 2, 2, 0, 2, 0],
    [0, 7, 8, 1, 2, 0],
    [0, 5, 3, 1, 1, 2],
    [1, 10, 4, 1, 2, 2],
    [0, 6, 7, 2, 1, 0],
    [0, 4, 3, 1, 0, 0],
    [1, 19, 19, 4, 1, 2],
    [1, 11, 19, 3, 0, 3],
    [1, 2, 2, 1, 0, 0],
    [1, 4, 2, 2, 1, 0],
    [1, 5, 3, 0, 1, 0],
    [4, 8, 2, 1, 1, 3],
    [1, 5, 2, 2, 0, 3],
    [5, 77, 54, 4, 10, 6],
    [2, 151, 42, 3, 7, 4],
    [0, 4, 2, 3, 2, 1],
    [0, 11, 2, 4, 4, 1],
    [0, 7, 4, 3, 0, 0],
    [2, 52, 56, 6, 8, 5],
    [0, 8, 1, 1, 1, 0],
    [0, 4, 1, 1, 1, 0],
    [2, 11, 9, 2, 1, 0],
    [0, 25, 25, 5, 4, 3],
    [1, 22, 12, 1, 0, 3],
    [0, 39, 37, 8, 5, 6],
    [0, 43, 35, 0, 2, 8],
    [2, 63, 56, 4, 11, 8],
    [0, 5, 11, 2, 1, 0],
    [1, 33, 35, 8, 2, 3],
    [2, 5, 0, 0, 0, 1],
    [1, 7, 24, 0, 0, 0],
    [0, 6, 6, 0, 1, 1],
    [0, 4, 2, 1, 0, 1],
    [0, 12, 1, 1, 0, 1],
    [0, 8, 5, 4, 0, 1],
    [0, 4, 5, 1, 0, 1],
    [0, 8, 8, 2, 1, 5],
    [0, 20, 5, 3, 3, 0],
    [2, 12, 14, 1, 1, 2],
    [0, 8, 0, 2, 1, 0],
    [0, 1, 4, 2, 1, 1],
    [0, 4, 2, 3, 0, 0],
    [0, 1, 2, 2, 1, 2],
    [0, 7, 6, 3, 0, 1],
    [0, 5, 1, 1, 1, 0],
    [0, 2, 3, 4, 0, 0],
    [0, 4, 4, 0, 1, 0],
    [0, 13, 6, 0, 1, 0],
    [1, 3, 2, 2, 0, 0],
    [1, 15, 6, 0, 2, 2],
    [0, 1, 5, 0, 1, 0],
    [5, 43, 21, 6, 4, 2],
    [3, 60, 50, 10, 10, 3],
    [0, 3, 6, 1, 1, 0],
    [1, 23, 13, 7, 6, 5],
    [0, 3, 6, 1, 1, 0],
    [0, 12, 6, 1, 0, 0],
    [0, 18, 8, 2, 2, 0],
    [0, 12, 1, 2, 1, 2],
    [3, 15, 10, 2, 1, 2],
    [1, 11, 8, 4, 0, 2],
    [3, 23, 16, 3, 1, 0],
    [0, 7, 2, 2, 0, 1],
    [3, 73, 43, 5, 10, 10],
    [1, 62, 41, 8, 13, 3],
    [1, 22, 15, 1, 4, 4],
    [1, 64, 32, 7, 5, 8],
    [3, 14, 7, 4, 4, 3],
    [2, 16, 12, 0, 3, 2],
    [1, 5, 0, 1, 0, 0],
    [0, 25, 26, 0, 3, 0],
    [1, 46, 28, 4, 2, 2],
    [1, 2, 1, 2, 1, 1],
    [1, 7, 5, 0, 0, 1],
    [0, 5, 4, 1, 1, 1],
    [0, 3, 0, 2, 0, 2],
    [1, 16, 5, 6, 0, 2],
    [2, 33, 23, 3, 7, 4],
    [1, 46, 16, 3, 4, 8],
    [1, 23, 7, 2, 3, 1],
    [0, 43, 11, 2, 2, 1],
    [0, 7, 7, 3, 0, 1],
    [0, 14, 11, 2, 3, 2],
    [0, 58, 7, 1, 3, 4],
    [3, 38, 14, 0, 2, 2],
    [4, 71, 11, 2, 1, 5],
    [1, 54, 30, 3, 3, 6],
    [1, 43, 26, 0, 2, 4],
    [6, 124, 43, 9, 9, 15],
    [1, 13, 12, 1, 2, 0],
    [3, 36, 25, 3, 1, 8],
    [0, 7, 4, 1, 0, 2],
    [5, 3, 5, 2, 0, 0],
    [1, 3, 0, 1, 3, 0],
    [3, 24, 15, 3, 2, 2],
    [3, 15, 10, 0, 1, 2],
    [3, 16, 13, 4, 1, 4],
    [0, 45, 25, 9, 3, 8],
    [0, 16, 10, 4, 2, 0],
    [1, 11, 5, 4, 2, 1],
    [0, 3, 12, 2, 2, 0],
    [1, 13, 15, 2, 3, 2],
    [0, 5, 1, 3, 0, 0],
    [0, 8, 2, 1, 1, 0],
    [0, 0, 5, 1, 0, 0],
    [2, 8, 5, 0, 1, 1],
    [2, 33, 40, 7, 8, 8],
    [1, 1, 4, 0, 0, 0],
    [1, 7, 5, 2, 1, 1],
    [0, 10, 9, 1, 1, 2],
    [1, 35, 27, 3, 3, 6],
    [0, 4, 2, 1, 1, 0],
    [1, 2, 3, 1, 3, 0],
    [8, 39, 25, 9, 4, 7],
    [0, 29, 27, 3, 2, 4],
    [0, 29, 20, 2, 1, 2],
    [1, 0, 5, 3, 0, 2],
    [0, 6, 22, 3, 2, 0],
    [1, 34, 50, 1, 9, 2],
    [2, 9, 5, 1, 2, 0],
    [0, 37, 30, 10, 7, 3],
    [0, 19, 50, 0, 1, 1],
    [0, 9, 9, 1, 2, 3],
    [3, 56, 42, 6, 4, 9],
    [1, 20, 10, 1, 0, 3],
    [3, 22, 16, 1, 2, 5],
    [5, 45, 15, 1, 2, 3],
    [4, 38, 22, 7, 4, 1],
    [3, 83, 48, 8, 6, 4],
    [1, 30, 17, 2, 1, 2],
    [0, 21, 7, 1, 2, 2],
    [1, 15, 9, 1, 2, 1],
    [0, 13, 10, 3, 3, 1],
    [5, 58, 35, 4, 3, 2],
    [0, 7, 1, 4, 1, 0],
    [3, 24, 12, 1, 1, 0],
    [2, 75, 39, 3, 5, 10],
    [4, 64, 84, 0, 2, 5],
    [8, 109, 50, 8, 15, 5],
    [4, 65, 46, 7, 6, 9],
    [2, 11, 10, 2, 0, 0],
    [2, 11, 14, 1, 1, 0],
    [3, 48, 20, 3, 2, 4],
    [0, 5, 2, 2, 1, 1],
    [2, 24, 30, 1, 3, 3],
    [2, 4, 2, 3, 0, 1],
    [0, 1, 4, 1, 0, 0],
    [6, 69, 60, 48, 19, 10],
    [0, 31, 25, 3, 6, 4],
    [44, 638, 527, 91, 92, 59],
    [9, 113, 77, 18, 13, 21],
    [68, 802, 453, 85, 75, 67],
    [13, 33, 42, 13, 6, 6]
  ],
  "method": "mvn_cdf",
  "mvncdf_method": "genz",
  "mvncdf_samples": 5000,
  "mvncdf_error": 1e-06,
  "cond_prob": [
    [
      [0.23560716002, 0.76039948975, 0.0039933502299],
      [0.47491523135, 0.51490725328, 0.010177515368],
      [0.019972863967, 0.9761924981, 0.0038346379302],
      [0.07702319351, 0.88741889674, 0.035557909747],
      [0.1983921077, 0.80156855462, 3.9337681745e-05],
      [0.26597620189, 0.66609909174, 0.06792470637]
    ],
    [
      [0.24286463838, 0.74507090998, 0.012064451641],
      [0.47790531414, 0.49188620487, 0.030208480992],
      [0.021241992268, 0.96697989405, 0.011778113684],
      [0.075435805867, 0.82052585426, 0.10403833988],
      [0.20881626327, 0.79106344918, 0.00012028755264],
      [0.24227586222, 0.5706337861, 0.18709035168]
    ],
    [
      [0.24208656417, 0.74718613133, 0.010727304493],
      [0.48273352512, 0.49019326901, 0.027073205873],
      [0.020754021248, 0.96885052963, 0.010395449124],
      [0.074922229952, 0.82995321578, 0.095124554273],
      [0.2072025373, 0.79269073357, 0.00010672912791],
      [0.24541656773, 0.57746797272, 0.17711545955]
    ],
    [
      [0.24239032935, 0.74574787225, 0.011861798406],
      [0.48118500355, 0.48895374261, 0.029861253838],
      [0.020877519643, 0.96759582243, 0.011526657924],
      [0.074660551739, 0.82022141505, 0.10511803321],
      [0.20750443985, 0.79237798718, 0.00011757296303],
      [0.24065421664, 0.564518127, 0.19482765636]
    ],
    [
      [0.26955483767, 0.70144688011, 0.02899828222],
      [0.49575625602, 0.43553538644, 0.068708357544],
      [0.02442397914, 0.94604694972, 0.029529071139],
      [0.074290685732, 0.69141867132, 0.23429064295],
      [0.2383105818, 0.7613935105, 0.00029590769751],
      [0.20752699244, 0.41269588576, 0.37977712181]
    ],
    [
      [0.22044266108, 0.77399088628, 0.0055664526346],
      [0.4522097493, 0.53327208226, 0.014518168437],
      [0.019004253297, 0.97567987123, 0.0053158754697],
      [0.070543464787, 0.88073856464, 0.048717970569],
      [0.18894392388, 0.81100122519, 5.485092816e-05],
      [0.24528125894, 0.66137242986, 0.093346311198]
    ],
    [
      [0.11041118451, 0.88360730562, 0.0059815098723],
      [0.27396088138, 0.70739325699, 0.018645861633],
      [0.0082794436342, 0.98668431198, 0.0050362443872],
      [0.032444887339, 0.91894235193, 0.048612760727],
      [0.091172746594, 0.90879325628, 3.3997128816e-05],
      [0.12648762768, 0.76527873884, 0.10823363349]
    ],
    [
      [0.41604829039, 0.58258194425, 0.0013697653542],
      [0.76578570781, 0.23223004637, 0.0019842458184],
      [0.031022252667, 0.96754577673, 0.001431970599],
      [0.12898151535, 0.86383402121, 0.0071844634401],
      [0.35072517029, 0.64925969207, 1.5137643353e-05],
      [0.47672187124, 0.49143951395, 0.03183861481]
    ],
    [
      [0.34426918473, 0.65288244366, 0.002848371611],
      [0.63170539088, 0.3620954841, 0.0061991250186],
      [0.03077020255, 0.96618621791, 0.0030435795377],
      [0.11742226313, 0.85577059159, 0.026807145277],
      [0.29640526042, 0.70356542124, 2.93183364e-05],
      [0.39320130788, 0.56187938863, 0.044919303489]
    ],
    [
      [0.26282941642, 0.73161454867, 0.0055560349043],
      [0.51507280531, 0.47138286495, 0.013544329748],
      [0.022946215168, 0.97154984189, 0.0055039429405],
      [0.085731902547, 0.86400953642, 0.050258561036],
      [0.22487294185, 0.77507159986, 5.5458295513e-05],
      [0.29066681106, 0.61673519686, 0.092597992083]
    ],
    [
      [0.2364231386, 0.7572156193, 0.0063612421019],
      [0.48053604528, 0.50323462765, 0.016229327067],
      [0.019912558703, 0.9740116097, 0.0060758315971],
      [0.074973488776, 0.86798436755, 0.057042143674],
      [0.20130847817, 0.79862846508, 6.3056751695e-05],
      [0.25865492235, 0.63193016526, 0.10941491239]
    ],
    [
      [0.17399691572, 0.82022933131, 0.0057737529646],
      [0.38583149375, 0.59808899527, 0.016079510976],
      [0.013814421611, 0.98100557956, 0.0051799988259],
      [0.053432573333, 0.8975150606, 0.049052366068],
      [0.14674208551, 0.85320112876, 5.6785730759e-05],
      [0.19548534758, 0.70427303759, 0.10024161483]
    ],
    [
      [0.1518047198, 0.8448962826, 0.0032989976006],
      [0.34859501787, 0.64177592601, 0.0096290561142],
      [0.01184009264, 0.98532541421, 0.0028344931515],
      [0.046281808555, 0.9268332107, 0.026884980743],
      [0.1281345032, 0.8718339377, 3.1559099023e-05],
      [0.18048212755, 0.76181798216, 0.057699890294]
    ],
    [
      [0.57066333157, 0.42617931486, 0.0031573535724],
      [0.80374855123, 0.19058057217, 0.0056708766053],
      [0.075461272794, 0.91961954918, 0.0049191780301],
      [0.26101112982, 0.6975216769, 0.041467193281],
      [0.51310957506, 0.48686292232, 2.7502625959e-05],
      [0.60749694944, 0.34024129087, 0.052261759684]
    ],
    [
      [0.21406682621, 0.76449131338, 0.021441860413],
      [0.44254876858, 0.50240879881, 0.055042432611],
      [0.017728040258, 0.96209360992, 0.020178349827],
      [0.059712141334, 0.761195481, 0.17909237766],
      [0.18594084644, 0.81384578257, 0.00021337098323],
      [0.18356300357, 0.49442915913, 0.3220078373]
    ],
    [
      [0.28616190198, 0.67886173262, 0.034976365396],
      [0.54257222038, 0.37744319719, 0.079984582426],
      [0.024444390662, 0.93906746053, 0.03648814881],
      [0.069818179642, 0.61973902905, 0.31044279131],
      [0.25368904274, 0.74595773685, 0.00035322040766],
      [0.17244320519, 0.31242412802, 0.51513266679]
    ],
    [
      [0.23326826746, 0.60407488078, 0.16265685176],
      [0.36438491081, 0.3715174112, 0.26409767798],
      [0.025365981649, 0.78483696107, 0.18979705729],
      [0.04159375658, 0.29693341918, 0.66147282424],
      [0.17198622177, 0.82591158219, 0.0021021960371],
      [0.062741893288, 0.18109725369, 0.75616085302]
    ],
    [
      [0.27870881071, 0.71784925026, 0.0034419390231],
      [0.54669285349, 0.44526840798, 0.0080387385243],
      [0.024038724627, 0.97253269151, 0.0034285838656],
      [0.092084539096, 0.87656255899, 0.031352901915],
      [0.23668336883, 0.7632823602, 3.4270966922e-05],
      [0.31910647838, 0.62376025933, 0.057133262284]
    ],
    [
      [0.074983756741, 0.91721283977, 0.0078034034886],
      [0.19620098011, 0.77776823242, 0.026030787467],
      [0.0054896144823, 0.98818628377, 0.0063241017446],
      [0.021443320128, 0.91456448315, 0.063992196722],
      [0.061944871901, 0.9379810884, 7.4039703453e-05],
      [0.088553359775, 0.75614291663, 0.1553037236]
    ],
    [
      [0.62247484824, 0.3749196129, 0.0026055388654],
      [0.84298542116, 0.15300655689, 0.0040080219578],
      [0.088077350443, 0.90743822799, 0.0044844215664],
      [0.2875761423, 0.67732874322, 0.035095114477],
      [0.56882437083, 0.43114756127, 2.8067905753e-05],
      [0.65940062602, 0.30161742006, 0.038981953921]
    ],
    [
      [0.21862460385, 0.7778659895, 0.0035094066441],
      [0.46028623149, 0.53067333123, 0.0090404372793],
      [0.017932196221, 0.97877132379, 0.0032964799851],
      [0.069748492291, 0.89987212421, 0.030379383497],
      [0.18393851666, 0.81602694114, 3.4542200087e-05],
      [0.25250903221, 0.68823937984, 0.059251587942]
    ],
    [
      [0.031550252875, 0.96697936313, 0.0014703839964],
      [0.099866667492, 0.89451736293, 0.0056159695799],
      [0.0025629000299, 0.99623408085, 0.0012030191248],
      [0.010249405202, 0.9799535938, 0.0097970010023],
      [0.026197391232, 0.97378786327, 1.4745496798e-05],
      [0.043726320368, 0.93172392843, 0.024549751198]
    ],
    [
      [0.23938703456, 0.75430354108, 0.0063094243622],
      [0.4819793392, 0.50189511682, 0.016125543976],
      [0.020326884026, 0.97360552722, 0.0060675887527],
      [0.076382399354, 0.8669859277, 0.056631672946],
      [0.20311243984, 0.79682469521, 6.2864943725e-05],
      [0.26083537589, 0.63124793205, 0.10791669206]
    ],
    [
      [0.2198960938, 0.77456863722, 0.005535268976],
      [0.45468404375, 0.53091615008, 0.014399806172],
      [0.01854982089, 0.97625441907, 0.0051957600358],
      [0.070641543716, 0.88093698931, 0.048421466975],
      [0.18735627538, 0.81258922399, 5.4500636219e-05],
      [0.24677052456, 0.65907532099, 0.094154154452]
    ],
    [
      [0.24635250131, 0.73001532315, 0.023632175537],
      [0.4718180979, 0.47072701456, 0.057454887537],
      [0.021820014207, 0.95498919891, 0.02319078688],
      [0.071104351601, 0.73983813447, 0.18905751393],
      [0.21453059536, 0.78523101633, 0.00023838830629],
      [0.20972366762, 0.47560310947, 0.31467322291]
    ],
    [
      [0.24411561143, 0.75084236872, 0.0050420198512],
      [0.48725141838, 0.50015050104, 0.012598080575],
      [0.021509133583, 0.97359203578, 0.0048988306405],
      [0.07956893273, 0.87505267733, 0.04537838994],
      [0.20845579724, 0.79149359237, 5.0610387856e-05],
      [0.2738754588, 0.64057860243, 0.085545938766]
    ],
    [
      [0.2080433712, 0.7884561447, 0.0035004840993],
      [0.44191847457, 0.54872407921, 0.0093574462178],
      [0.017049788184, 0.97971497451, 0.0032352373062],
      [0.066272076582, 0.90331979533, 0.030408128084],
      [0.17437813469, 0.82558778991, 3.4075405991e-05],
      [0.24076945484, 0.69874563797, 0.060484907194]
    ],
    [
      [0.19762667041, 0.79632187186, 0.0060514577298],
      [0.42476644136, 0.55901726268, 0.01621629596],
      [0.01615855191, 0.97829237028, 0.0055490778086],
      [0.061751189096, 0.88554532336, 0.052703487539],
      [0.16708459668, 0.83285604805, 5.9355273812e-05],
      [0.22037832511, 0.67545808834, 0.10416358654]
    ],
    [
      [0.09620675891, 0.90170336585, 0.0020898752369],
      [0.24830302869, 0.74512970055, 0.0065672707564],
      [0.0071125687087, 0.99120114465, 0.0016862866422],
      [0.028663531778, 0.95637349405, 0.014962974175],
      [0.080083460667, 0.91989634954, 2.018979491e-05],
      [0.12048334241, 0.84453793121, 0.034978726387]
    ],
    [
      [0.19182842517, 0.80101728788, 0.0071542869533],
      [0.41376519231, 0.566814198, 0.019420609696],
      [0.015520305694, 0.97791532775, 0.0065643665557],
      [0.058748859754, 0.8786337696, 0.062617370644],
      [0.16193332395, 0.83799716031, 6.9515734798e-05],
      [0.20857770249, 0.66340774986, 0.12801454764]
    ],
    [
      [0.21903922114, 0.77201319047, 0.0089475883862],
      [0.46459945883, 0.5122451264, 0.023155414767],
      [0.016783200446, 0.97518711435, 0.0080296852019],
      [0.065840974924, 0.85333040989, 0.080828615185],
      [0.18534687734, 0.81456441406, 8.8708598895e-05],
      [0.22791939761, 0.61138422274, 0.16069637965]
    ],
    [
      [0.19942641725, 0.79495085856, 0.0056227241958],
      [0.4236209294, 0.56124212134, 0.015136949258],
      [0.016487380017, 0.97829478634, 0.0052178336441],
      [0.062792478933, 0.88828314506, 0.048924376008],
      [0.16825030587, 0.83169431015, 5.538398092e-05],
      [0.22297085258, 0.67994725293, 0.097081894483]
    ],
    [
      [0.18180229204, 0.81288666714, 0.0053110408212],
      [0.39480514996, 0.59058805727, 0.014606792776],
      [0.014742959939, 0.98049359614, 0.0047634439181],
      [0.056665894503, 0.89792008117, 0.04541402433],
      [0.15312921489, 0.84681870167, 5.2083442747e-05],
      [0.20450828698, 0.70339788812, 0.092093824897]
    ],
    [
      [0.25389185921, 0.73787982051, 0.0082283202849],
      [0.49566074232, 0.48385586088, 0.020483396794],
      [0.022319378161, 0.96954599018, 0.0081346316624],
      [0.081483896971, 0.8449443173, 0.073571785729],
      [0.21731941462, 0.78259861456, 8.1970825999e-05],
      [0.26738020193, 0.59852985977, 0.13408993831]
    ],
    [
      [0.18036504824, 0.81245598463, 0.0071789671299],
      [0.3907613012, 0.58956116597, 0.019677532832],
      [0.014645164465, 0.97888707128, 0.006467764258],
      [0.055170690927, 0.88491093802, 0.059918371056],
      [0.15269602305, 0.84723400146, 6.9975485152e-05],
      [0.19749398721, 0.68283205589, 0.1196739569]
    ],
    [
      [0.20961719254, 0.77813696214, 0.012245845321],
      [0.43177591848, 0.5362476513, 0.031976430217],
      [0.017590039426, 0.97094134182, 0.011468618754],
      [0.063323996519, 0.83397462848, 0.102701375],
      [0.17902310664, 0.82085564682, 0.00012124654047],
      [0.21018629154, 0.59851598372, 0.19129772474]
    ],
    [
      [0.27884645023, 0.70924224581, 0.011911303967],
      [0.52655133733, 0.44504190587, 0.028406756799],
      [0.025203885131, 0.96270601375, 0.01209010112],
      [0.088534234722, 0.80450428068, 0.10696148459],
      [0.24145262634, 0.75842794374, 0.00011942991555],
      [0.27557252711, 0.53717804545, 0.18724942744]
    ],
    [
      [0.21678282783, 0.76053961183, 0.02267756034],
      [0.43552722389, 0.50626178532, 0.058210990786],
      [0.018339229347, 0.96012209535, 0.021538675303],
      [0.060548525772, 0.75476040855, 0.18469106568],
      [0.18745064534, 0.81232347498, 0.00022587968392],
      [0.18308970163, 0.49181595135, 0.32509434702]
    ],
    [
      [0.24943136557, 0.74467551297, 0.00589312146],
      [0.49213117602, 0.49314392038, 0.014724903596],
      [0.021825391385, 0.97238425475, 0.0057903538678],
      [0.080760164068, 0.86583103611, 0.053408799818],
      [0.21256015592, 0.78738104961, 5.8794470504e-05],
      [0.27233953758, 0.62771418596, 0.099946276468]
    ],
    [
      [0.15214185033, 0.83606229265, 0.011795857017],
      [0.33772551041, 0.6284317188, 0.033842770787],
      [0.011859629496, 0.97777088861, 0.010369481893],
      [0.044295892464, 0.85959063399, 0.096113473551],
      [0.12679922643, 0.87308546382, 0.00011530975152],
      [0.15327798505, 0.65276115937, 0.19396085557]
    ],
    [
      [0.2163433322, 0.77685990846, 0.0067967593391],
      [0.45599692625, 0.5264951151, 0.017507958646],
      [0.017631241913, 0.97607447495, 0.0062942831368],
      [0.06684064926, 0.87398105936, 0.059178291381],
      [0.1829340915, 0.81699933799, 6.657050687e-05],
      [0.2359978783, 0.64740457612, 0.11659754558]
    ],
    [
      [0.23849268203, 0.75562032966, 0.0058869883064],
      [0.48509530491, 0.49998730405, 0.014917391039],
      [0.020382480074, 0.97390518504, 0.0057123348876],
      [0.07630765865, 0.87084127221, 0.052851069137],
      [0.20329661767, 0.79664510819, 5.8274143053e-05],
      [0.26364702837, 0.63597851148, 0.10037446015]
    ],
    [
      [0.39827100398, 0.5931340659, 0.0085949301216],
      [0.67145604125, 0.311075767, 0.017468191746],
      [0.039528116611, 0.95039108954, 0.010080793848],
      [0.13845426177, 0.77032564157, 0.091220096662],
      [0.35034935039, 0.64956254069, 8.8108916416e-05],
      [0.40110100865, 0.4522488397, 0.14665015165]
    ],
    [
      [0.30659594478, 0.6905963098, 0.0028077454117],
      [0.60615738048, 0.38761540449, 0.0062272150227],
      [0.025024062279, 0.97214856046, 0.0028273772569],
      [0.098797301565, 0.87608790594, 0.025114792498],
      [0.25959077179, 0.74038086765, 2.8360563847e-05],
      [0.35474604349, 0.60104518756, 0.044208768948]
    ],
    [
      [0.2387222167, 0.71548001019, 0.04579777311],
      [0.44884483334, 0.44094703806, 0.1102081286],
      [0.020597530893, 0.9346450447, 0.044757424404],
      [0.056690490108, 0.61235683021, 0.33095267968],
      [0.2120238487, 0.78751494968, 0.00046120162035],
      [0.14856699529, 0.33920578876, 0.51222721594]
    ],
    [
      [0.36204379165, 0.62249610367, 0.015460104686],
      [0.61549715959, 0.35119791749, 0.033304922921],
      [0.035904377283, 0.94656947467, 0.017526148052],
      [0.1182540938, 0.73425467727, 0.14749122893],
      [0.31852185424, 0.6813201027, 0.00015804305899],
      [0.33064002652, 0.4359286683, 0.23343130517]
    ],
    [
      [0.26529926897, 0.72816108873, 0.0065396423009],
      [0.51636360807, 0.46758325467, 0.016053137266],
      [0.023486000552, 0.97002153358, 0.006492465868],
      [0.086777389849, 0.85330363904, 0.059918971114],
      [0.22727514484, 0.77265955002, 6.5305143054e-05],
      [0.28718828953, 0.60261131877, 0.1102003917]
    ],
    [
      [0.35729763484, 0.63216452848, 0.010537836674],
      [0.64862580381, 0.32947972919, 0.021894467],
      [0.030946633658, 0.95760578671, 0.011447579631],
      [0.11150362241, 0.77983228785, 0.10866408974],
      [0.30765111969, 0.69224215752, 0.00010672278936],
      [0.34691713527, 0.46538241096, 0.18770045377]
    ],
    [
      [0.42725135057, 0.57073093445, 0.0020177149851],
      [0.75559263225, 0.24083272008, 0.0035746476755],
      [0.034764292074, 0.96304163844, 0.0021940694861],
      [0.14457416013, 0.83939382061, 0.016032019255],
      [0.36493010152, 0.63504807468, 2.182379502e-05],
      [0.51985209351, 0.48014790649, -0]
    ],
    [
      [0.092720746513, 0.90478907025, 0.0024901832393],
      [0.25852842256, 0.73350523885, 0.0079663385896],
      [0.0066457658703, 0.99134597066, 0.0020082634693],
      [0.027088191932, 0.95442799096, 0.018483817105],
      [0.075446091518, 0.92453008695, 2.3821534782e-05],
      [0.11780275073, 0.83892097296, 0.043276276308]
    ],
    [
      [0.26560110257, 0.72001746969, 0.014381427744],
      [0.54614266373, 0.41910208343, 0.034755252837],
      [0.020877213193, 0.96548195493, 0.01364083188],
      [0.076732246237, 0.78252979, 0.14073796377],
      [0.22610959445, 0.77375031991, 0.00014008563965],
      [0.24283410174, 0.4781438076, 0.27902209066]
    ],
    [
      [0.15966038926, 0.82815599956, 0.012183611177],
      [0.36784856717, 0.59648530623, 0.035666126597],
      [0.012264508963, 0.97711737014, 0.010618120896],
      [0.045277938864, 0.84451386414, 0.110208197],
      [0.13398721243, 0.86589473429, 0.00011805327413],
      [0.15490375438, 0.60121783967, 0.24387840595]
    ],
    [
      [0.16831080141, 0.8286254286, 0.0030637699889],
      [0.38781986082, 0.60367448297, 0.0085056562043],
      [0.012984041051, 0.98430200138, 0.0027139575737],
      [0.05162231344, 0.9232077235, 0.025169963061],
      [0.14016428209, 0.85980565477, 3.0063141805e-05],
      [0.20090516073, 0.74611737503, 0.052977464249]
    ],
    [
      [0.22479815099, 0.77190786832, 0.0032939806979],
      [0.46964422052, 0.52190053515, 0.0084552443245],
      [0.018477032021, 0.97841997417, 0.0031029938099],
      [0.072002686356, 0.89902525396, 0.028972059682],
      [0.19027858903, 0.80968859731, 3.2813664802e-05],
      [0.25999510327, 0.68332683951, 0.056678057214]
    ],
    [
      [0.13701470019, 0.85306724277, 0.0099180570365],
      [0.31898283727, 0.65196281433, 0.029054348394],
      [0.01052741654, 0.98089621737, 0.0085763660859],
      [0.039665815495, 0.87919015257, 0.081144031936],
      [0.11468947773, 0.88521477723, 9.5745040124e-05],
      [0.14440808504, 0.68518655005, 0.17040536491]
    ],
    [
      [0.038775579981, 0.94985991207, 0.011364507945],
      [0.11326615535, 0.84380806293, 0.042925781714],
      [0.0030191791728, 0.98797407544, 0.009006745386],
      [0.011531788752, 0.88620441377, 0.10226379748],
      [0.031710888861, 0.96818424744, 0.00010486369822],
      [0.038342000085, 0.65783696941, 0.30382103051]
    ],
    [
      [0.058003652541, 0.92401914055, 0.017977206904],
      [0.14532487999, 0.7946925076, 0.059982612417],
      [0.0039043796425, 0.98343699904, 0.012658621313],
      [0.014590588673, 0.84746786642, 0.13794154491],
      [0.045750789936, 0.9540784521, 0.00017075796445],
      [0.052030750217, 0.65607734916, 0.29189190062]
    ],
    [
      [0.2650778772, 0.71933821421, 0.015583908586],
      [0.53259272955, 0.42916758353, 0.038239686911],
      [0.021701975779, 0.96317971012, 0.015118314096],
      [0.075866107904, 0.76746632256, 0.15666756953],
      [0.22679110637, 0.77305612759, 0.00015276604028],
      [0.2300540226, 0.45823598857, 0.31170998883]
    ],
    [
      [0.19990498719, 0.78972218416, 0.010372828642],
      [0.42257013539, 0.54990495142, 0.027524913189],
      [0.01634554472, 0.97222615762, 0.011428297664],
      [0.060229282103, 0.85101327005, 0.088757447851],
      [0.16969994675, 0.83019865541, 0.00010139784207],
      [0.20581170093, 0.62075612962, 0.17343216945]
    ],
    [
      [0.33932872277, 0.60994129849, 0.050729978737],
      [0.56506426707, 0.32892530053, 0.1060104324],
      [0.032122932236, 0.91264396976, 0.055233098006],
      [0.0815936106, 0.53566913784, 0.38273725156],
      [0.31105865551, 0.68841511685, 0.0005262276366],
      [0.19580431714, 0.27114414056, 0.5330515423]
    ],
    [
      [0.32005545626, 0.67201204179, 0.0079325019549],
      [0.58656444544, 0.39531584934, 0.018119705219],
      [0.029387564421, 0.96218372767, 0.0084287079052],
      [0.10625164959, 0.81580550996, 0.077942840449],
      [0.27688349091, 0.72303652955, 7.99795389e-05],
      [0.33224852943, 0.53134940913, 0.13640206144]
    ],
    [
      [0.27649500639, 0.71782849205, 0.00567650156],
      [0.53097158803, 0.45540598118, 0.013622430791],
      [0.024614734174, 0.96965929055, 0.0057259752742],
      [0.091599304032, 0.85611247306, 0.052288222907],
      [0.23748013596, 0.7624632736, 5.6590440275e-05],
      [0.30159407062, 0.60262256647, 0.095783362904]
    ],
    [
      [0.22538848547, 0.76185522557, 0.012756288963],
      [0.46163680069, 0.50553373887, 0.032829460449],
      [0.018699635157, 0.96921874946, 0.012081615387],
      [0.067204611797, 0.8208804416, 0.1119149466],
      [0.19258577251, 0.80728794433, 0.00012628316317],
      [0.22091093458, 0.56761900008, 0.21147006534]
    ],
    [
      [0.18993585512, 0.80716578513, 0.0028983597484],
      [0.42212778965, 0.56998608009, 0.007886130266],
      [0.015189182688, 0.98221108575, 0.002599731563],
      [0.059172214371, 0.91706254311, 0.023765242523],
      [0.16016202824, 0.83980952643, 2.8445329152e-05],
      [0.22541841174, 0.72527062104, 0.049310967219]
    ],
    [
      [0.20969017681, 0.78372616376, 0.0065836594324],
      [0.44254905788, 0.5400938124, 0.017357129725],
      [0.017356905958, 0.9765004025, 0.0061426915444],
      [0.065501207382, 0.87667316144, 0.057825631176],
      [0.17784132957, 0.82209401394, 6.4656488682e-05],
      [0.23009408583, 0.65537113243, 0.11453478175]
    ],
    [
      [0.40482538809, 0.55174643921, 0.043428172695],
      [0.73181367723, 0.19927175518, 0.068914567592],
      [0.043895140667, 0.90117936909, 0.054925490247],
      [0.12042229106, 0.50322017589, 0.37635753304],
      [0.36891446214, 0.63080048038, 0.0002850574886],
      [0.27689248409, 0.22710426, 0.49600325591]
    ],
    [
      [0.23224166168, 0.75738998316, 0.010368355156],
      [0.4814419192, 0.49183792714, 0.026720153659],
      [0.018994588292, 0.97133119516, 0.0096742165499],
      [0.069941503247, 0.83400235036, 0.096056146389],
      [0.19717213526, 0.80272668324, 0.00010118149784],
      [0.23373974544, 0.57532314953, 0.19093710503]
    ],
    [
      [0.15355146966, 0.8432839219, 0.0031646084444],
      [0.35557716977, 0.63540767046, 0.0090151597779],
      [0.01179737161, 0.98546624087, 0.002736387522],
      [0.046862701623, 0.92714763128, 0.025989667095],
      [0.12750762084, 0.87246188518, 3.0493980276e-05],
      [0.18220274847, 0.76350558791, 0.054291663622]
    ],
    [
      [0.27238397211, 0.71408470598, 0.013531321917],
      [0.52622233978, 0.4414318508, 0.032345809423],
      [0.023382788208, 0.96317962564, 0.013437586156],
      [0.082696956701, 0.79457046341, 0.12273257989],
      [0.23400015002, 0.76586481965, 0.0001350303316],
      [0.26066557324, 0.51876511961, 0.22056930715]
    ],
    [
      [0.17986226933, 0.73277325979, 0.087364470872],
      [0.33280860333, 0.45049631177, 0.2166950849],
      [0.014564494339, 0.90493835932, 0.080497146343],
      [0.029528312883, 0.41703163139, 0.55344005572],
      [0.16636127601, 0.83274855611, 0.00089016788559],
      [0.056948089547, 0.17288879172, 0.77016311874]
    ],
    [
      [0.17016321938, 0.82754245364, 0.0022943269841],
      [0.40302190416, 0.59057583297, 0.0064022628772],
      [0.012792195067, 0.98519172998, 0.0020160749552],
      [0.052133802748, 0.93048875991, 0.017377437338],
      [0.14061634237, 0.85936055898, 2.3098643273e-05],
      [0.21000724281, 0.75463094398, 0.035361813212]
    ],
    [
      [0.24902327277, 0.74416259217, 0.0068141350528],
      [0.49952659763, 0.48351207886, 0.016961323516],
      [0.021068566451, 0.97229398344, 0.0066374501073],
      [0.07904556083, 0.85936253585, 0.061591903316],
      [0.21173960663, 0.7881930715, 6.7321869082e-05],
      [0.26934131223, 0.61357085733, 0.11708783044]
    ],
    [
      [0.24196807085, 0.73765528323, 0.020376645917],
      [0.47861435057, 0.47074463709, 0.050641012332],
      [0.020539509395, 0.95970925151, 0.019751239096],
      [0.068654435371, 0.75718808306, 0.17415748157],
      [0.20912521217, 0.79067110484, 0.00020368298999],
      [0.2088022461, 0.48420798849, 0.30698976541]
    ],
    [
      [0.14485137842, 0.84830247393, 0.00684614765],
      [0.33920323739, 0.64076383755, 0.020032925066],
      [0.011016455327, 0.98303230209, 0.0059512425825],
      [0.042723761288, 0.8999118397, 0.057364399016],
      [0.12066870979, 0.87926439381, 6.6896395028e-05],
      [0.16064071431, 0.71452176873, 0.12483751696]
    ],
    [
      [0.1967036569, 0.78309807705, 0.020198266057],
      [0.4062246156, 0.54082589428, 0.052949490121],
      [0.016152563909, 0.9651223686, 0.018725067495],
      [0.054912486629, 0.78483603262, 0.16025148076],
      [0.16798918592, 0.83181028981, 0.00020052427536],
      [0.17459953876, 0.53678655438, 0.28861390687]
    ],
    [
      [0.30453614074, 0.66625000816, 0.029213851098],
      [0.55317994042, 0.38049912214, 0.066320937436],
