{
  "Z_true": {},
  "V_true": [
    [9, 555, 42, 1244, 82],
    [133, 864, 134, 16851, 694],
    [348, 135, 7769, 1113, 418],
    [107, 66, 526, 600, 378],
    [503, 21, 272, 324, 49],
    [105, 57, 253, 837, 702]
  ],
  "p_true": [
    [0.0047, 0.2873, 0.0217, 0.6439, 0.0424],
    [0.0071, 0.0463, 0.0072, 0.9023, 0.0372],
    [0.0356, 0.0138, 0.7941, 0.1138, 0.0427],
    [0.0638, 0.0394, 0.3137, 0.3578, 0.2254],
    [0.4303, 0.018, 0.2327, 0.2772, 0.0419],
    [0.0537, 0.0292, 0.1295, 0.4284, 0.3593]
  ],
  "Z_est": [
    [
      [0.1423, 0.7803, 0.082, 0.3046, 0.418, 0.1698, 0.2409, 0.4679, 0.3612, 0.7039, 0.2437, 0.1979, 0.0599, 0.4321, 0.1916, 0, 0.0988, 0.4225, 0.1341, 0.5763, 0.0437, 0.1389, 0.0959, 0.206, 0.0357, 0.1746, 1.2692, 0.2175, 0.3381, 0.6932, 0.4157, 0.5918, 0.005, 0.6653, 0.6346, 0.0815, 0.0782, 0.1039, 0.804, 0.5054, 0.2467, 0.228, 0.3663, 0.1456, 0.0366, 1.3769, 0.0056, 1.5519, 0.2215],
      [13.6763, 10.8505, 7.4308, 16.9091, 9.6482, 6.9537, 16.839, 13.7589, 11.8372, 23.2992, 8.7983, 6.1453, 6.5097, 20.2212, 4.5668, 1.8794, 2.6101, 16.7857, 7.5424, 13.9703, 6.1698, 5.6746, 8.1475, 10.2434, 7.4973, 9.4506, 83.4678, 21.8439, 9.7963, 30.4902, 23.3132, 34.6906, 0.6329, 30.2361, 22.5996, 8.2519, 3.8451, 10.9409, 110.117, 34.9049, 7.3766, 8.1184, 7.8767, 8.3736, 2.4789, 41.9491, 4.2586, 90.8734, 19.8494],
      [0.6536, 4.7906, 1.1048, 1.5754, 1.8789, 1.2018, 2.5022, 3.0732, 1.3797, 5.879, 1.6687, 0.8655, 1.102, 2.5355, 0.377, 0.1492, 0.7122, 1.7239, 1.0968, 2.3793, 1.3286, 0.771, 0.4, 0.694, 1.3387, 1.9492, 7.7931, 2.0034, 1.6649, 3.1272, 2.8039, 3.3652, 0.5444, 4.1002, 3.6633, 1.4627, 1.3821, 1.5422, 13.7902, 1.7307, 1.4729, 0.6346, 1.1125, 0.9397, 0.5799, 7.6627, 1.0088, 9.0924, 1.5729],
      [13.339, 26.9147, 10.752, 12.9625, 13.3498, 8.8505, 17.6107, 12.1834, 9.4415, 30.1448, 10.4825, 8.1364, 3.8429, 16.3191, 1.6909, 1.7882, 6.2373, 14.147, 9.6465, 22.6046, 4.9987, 6.5905, 5.5692, 8.1438, 9.2675, 4.4436, 67.9187, 14.3782, 10.4156, 27.9494, 21.411, 42.1619, 1.6048, 28.5462, 19.8266, 9.4026, 9.9477, 6.7331, 105.0003, 28.1791, 6.3084, 8.1903, 8.9441, 5.8712, 3.5054, 49.8725, 6.1846, 55.8262, 14.7151],
      [1.1888, 1.6639, 0.6303, 1.2483, 0.7051, 0.8242, 1.8073, 1.5165, 0.9805, 1.9731, 0.8068, 0.6548, 0.4855, 1.492, 0.1736, 0.1831, 0.3417, 0.9208, 0.5802, 1.4695, 0.4592, 0.8249, 0.7874, 0.7129, 0.8609, 0.982, 5.5512, 1.5571, 0.785, 2.7706, 2.0562, 3.1906, 0.213, 2.452, 1.2759, 0.8012, 0.7468, 0.6799, 8.5327, 1.6799, 0.5954, 0.8284, 0.7005, 0.67, 0.3992, 3.1388, 0.5424, 8.6606, 0.6412]
    ],
    [
      [6.4369, 9.6894, 3.7917, 6.6349, 6.7441, 2.2226, 8.248, 3.6666, 7.2839, 4.3491, 3.2393, 2.6254, 0.9914, 8.4019, 1.6584, 0, 0.0657, 5.6755, 1.1027, 4.8413, 0.871, 2.4706, 1.7237, 5.0345, 0.6121, 0.6567, 11.1016, 4.6627, 2.3151, 5.1682, 4.3327, 3.996, 0.0815, 13.9466, 9.4274, 0.7695, 0.6113, 1.9263, 4.1825, 2.9636, 1.5664, 3.4791, 6.3779, 5.033, 3.0456, 11.5919, 0.171, 16.6487, 0.5849],
      [13.8026, 4.5545, 5.9777, 13.3874, 4.707, 4.1793, 13.5699, 6.6007, 7.5521, 9.1798, 4.5338, 3.3153, 4.2691, 12.8723, 5.4485, 1.2156, 0.4602, 11.1759, 3.296, 5.4196, 4.1581, 3.8216, 7.0303, 9.205, 4.273, 3.1101, 49.8231, 19.4666, 4.2875, 15.7662, 14.0348, 15.6992, 0.1587, 20.6804, 13.3689, 4.4808, 1.2776, 8.954, 49.5841, 20.0866, 2.9945, 4.991, 5.1224, 8.288, 1.8696, 20.0115, 2.6734, 61.5296, 8.4749],
      [1.8906, 2.3845, 1.6763, 3.2957, 5.0969, 1.1776, 5.0627, 2.9244, 3.9696, 9.5436, 4.4412, 1.4432, 3.0685, 6.9137, 0.3299, 0.0757, 0.0021, 2.5299, 0.8768, 1.9967, 3.2764, 0.7855, 0.333, 0.9134, 0.5762, 1.1018, 3.7304, 3.8252, 1.3761, 1.5774, 1.5922, 0.7393, 0.6521, 12.1733, 9.7147, 2.7933, 0.7601, 5.0957, 4.1126, 0.2784, 1.7491, 0.4989, 1.0094, 1.9077, 4.1798, 10.7051, 1.6758, 7.9774, 0.1843],
      [587.8278, 433.7877, 386.2711, 433.9619, 427.1783, 220.377, 543.191, 203.4204, 375.4921, 647.5611, 326.0733, 213.2616, 157.2536, 651.6006, 37.1077, 23.4546, 8.751, 323.2948, 135.7771, 282.2966, 119.1193, 185.0654, 134.0676, 229.0529, 154.9202, 81.6876, 994.156, 414.9301, 150.8186, 424.0115, 350.1953, 355.8101, 36.9709, 984.7986, 609.6294, 187.7017, 81.5713, 228.2556, 858.1875, 231.6194, 117.5506, 208.6165, 209.9509, 195.689, 251.2614, 908.5144, 157.1134, 1061.4109, 93.8499],
      [46.0421, 29.5839, 22.2832, 36.7201, 25.2738, 20.0434, 50.9284, 23.3883, 36.7023, 46.3665, 26.7122, 18.3543, 17.4174, 56.2116, 2.4555, 2.2544, 0.7211, 19.324, 8.9474, 21.4459, 9.5752, 21.8573, 14.8458, 16.7942, 13.6189, 12.4438, 70.1889, 36.1155, 11.2028, 38.7054, 29.845, 28.7559, 5.1368, 81.4012, 37.8595, 16.2547, 7.7797, 18.7684, 68.9428, 13.0519, 10.1394, 20.4147, 15.5395, 18.0822, 33.6437, 59.177, 14.3668, 125.4678, 3.906]
    ],
    [
      [8.0169, 13.0333, 4.8442, 19.5636, 25.8173, 5.1306, 10.3293, 9.704, 31.3431, 25.0039, 14.6315, 6.7514, 6.998, 41.4663, 2.6396, 0, 0.8002, 16.0527, 5.103, 19.8048, 1.2312, 3.8086, 4.6607, 5.219, 1.6393, 7.1092, 25.5465, 8.3074, 8.1129, 22.1789, 10.2105, 17.1053, 1.1893, 47.5165, 36.4315, 3.3657, 2.603, 5.1046, 20.4235, 8.5813, 9.0487, 10.0601, 8.0823, 4.0349, 6.025, 34.0242, 0.5974, 49.6437, 4.1499],
      [1.9214, 0.5943, 0.8565, 3.9491, 1.4722, 0.9154, 2.1749, 1.9163, 2.6326, 3.9299, 1.4552, 0.6211, 2.3531, 4.9612, 1.3264, 0.5632, 0.7538, 3.1487, 1.1288, 2.0781, 0.7629, 0.6189, 2.3142, 1.4155, 0.9809, 2.8919, 12.0663, 4.231, 1.5102, 6.5795, 3.3457, 8.4737, 0.1558, 6.3619, 4.3804, 1.4596, 0.5938, 2.3821, 25.0434, 7.7111, 1.5959, 1.3603, 0.7236, 1.378, 0.3524, 5.1327, 0.6166, 21.9968, 6.0136],
      [77.9934, 111.7467, 53.0837, 195.4136, 287.6404, 69.797, 120.1578, 126.0225, 256.1668, 574.2316, 231.202, 91.7717, 164.3707, 464.2542, 14.9434, 9.1199, 10.1461, 141.3889, 77.5102, 168.8994, 55.8529, 42.8206, 35.6101, 42.796, 38.044, 128.9362, 315.0384, 143.0578, 92.2862, 202.0637, 113.7685, 156.4118, 71.8632, 542.3079, 432.2403, 104.772, 54.7883, 134.5338, 461.6347, 64.6586, 112.3946, 75.6397, 52.6521, 43.9285, 99.2791, 508.8608, 49.8818, 498.3119, 51.2063],
      [11.3225, 9.9227, 8.1417, 19.3634, 35.976, 7.661, 9.6278, 4.9921, 16.8482, 58.257, 21.1813, 6.896, 16.7686, 62.2761, 0.5803, 1.7092, 2.8133, 14.6443, 6.8621, 13.1302, 2.0948, 3.304, 5.8216, 2.7705, 5.0426, 3.9796, 27.7538, 8.0218, 6.4118, 25.325, 11.9079, 23.5263, 9.5263, 58.4137, 36.9115, 9.6642, 5.8663, 6.8394, 39.5778, 6.3693, 4.6053, 7.6312, 3.7846, 1.6906, 6.8179, 35.369, 6.6559, 36.6386, 3.8653],
      [5.7458, 3.703, 3.0738, 7.7103, 4.0941, 3.4959, 7.7102, 3.3649, 7.0093, 9.5776, 5.5302, 2.9601, 5.5096, 16.0422, 0.5103, 0.6072, 0.4867, 3.7654, 1.3959, 4.0874, 1.0581, 3.4477, 3.593, 1.799, 2.2924, 5.0831, 11.5951, 5.382, 1.6789, 10.5294, 5.7673, 7.4824, 4.2653, 18.4001, 6.0363, 3.7384, 2.1486, 3.1402, 16.8248, 2.6796, 2.3555, 4.3088, 1.7575, 1.968, 3.5256, 7.6132, 2.2478, 32.4263, 0.7649]
    ],
    [
      [0.4212, 0.7797, 0.1351, 0.9172, 0.7925, 0.2824, 0.4274, 0.5544, 0.989, 0.6161, 0.4534, 0.3888, 0.1341, 0.7861, 0.2406, 0, 0.0197, 0.5115, 0.1872, 0.6122, 0.0954, 0.2357, 0.2272, 0.4463, 0.0684, 0.2715, 1.5199, 0.4367, 0.3565, 0.9101, 0.4698, 0.6722, 0.0198, 1.5124, 1.0604, 0.1199, 0.0851, 0.2582, 0.8, 0.3533, 0.3306, 0.5702, 0.6872, 0.5138, 0.1974, 1.7497, 0.0097, 2.044, 0.0908],
      [1.3148, 0.5839, 0.3987, 1.541, 0.6815, 0.5906, 1.2124, 0.9794, 0.9362, 1.3515, 0.7393, 0.4291, 0.515, 1.3359, 0.4865, 0.2362, 0.1273, 0.8953, 0.4644, 0.6434, 0.6064, 0.3853, 0.8221, 1.136, 0.7584, 0.9529, 7.1743, 2.1448, 0.8288, 2.0466, 1.5996, 3.1224, 0.0348, 2.3338, 1.2955, 0.4403, 0.1641, 0.931, 6.4988, 1.7455, 0.5991, 0.6793, 0.7142, 1.0358, 0.1912, 2.6782, 0.2602, 5.8504, 0.5895],
      [2.609, 2.3942, 1.0808, 3.136, 4.8505, 1.7503, 3.0182, 2.376, 3.3388, 9.0793, 4.3373, 1.5345, 2.2904, 4.4558, 0.3001, 0.1693, 0.1105, 1.4065, 1.0139, 1.6272, 2.1034, 0.83, 0.7068, 1.7159, 1.6273, 3.4796, 8.0393, 3.7325, 1.8859, 2.7415, 2.1307, 2.9257, 1.2798, 7.728, 5.0702, 1.1909, 0.6405, 2.4191, 6.412, 0.7556, 2.5051, 1.2743, 1.5363, 2.0622, 2.226, 8.19, 0.9429, 6.5768, 0.2737],
      [34.585, 25.7056, 14.4566, 29.1914, 35.988, 16.7648, 28.4581, 14.6528, 26.6755, 50.0966, 30.633, 14.6651, 11.1382, 41.517, 2.4305, 2.8827, 1.4719, 14.5154, 9.6844, 15.0706, 9.8858, 10.0483, 9.656, 17.6536, 15.0089, 11.6226, 80.4876, 28.2781, 15.5839, 29.0769, 21.8396, 36.95, 4.0991, 62.9588, 31.3283, 9.1888, 4.5134, 13.6947, 57.2629, 11.6275, 12.4535, 15.9402, 16.3001, 15.6636, 14.7342, 60.6817, 8.1888, 57.7874, 3.4011],
      [11.0699, 7.5367, 3.9289, 9.2143, 8.6874, 5.6119, 10.8839, 6.4374, 10.0605, 14.8565, 8.8369, 4.9825, 3.9223, 12.9052, 0.5422, 0.7119, 0.2706, 3.6712, 2.6501, 5.0465, 3.3091, 4.5007, 3.5879, 5.0483, 4.5371, 5.6735, 20.7788, 9.4079, 4.345, 9.2457, 6.9603, 9.3298, 1.5666, 19.4671, 9.2456, 3.0601, 1.5968, 4.6971, 16.1155, 2.5179, 4.1117, 5.5359, 4.7622, 5.7246, 5.6512, 17.7006, 2.5984, 24.6802, 0.645]
    ],
    [
      [4.3904, 6.0218, 2.0008, 8.1201, 12.7823, 2.0441, 5.1017, 4.1246, 16.463, 12.7816, 6.2014, 4.7217, 2.7445, 23.3761, 0, 0, 0, 7.0377, 3.3498, 11.778, 0.7097, 3.1188, 2.0768, 3.5801, 0.5816, 2.6728, 11.1356, 4.7733, 3.55, 10.6689, 2.9967, 5.943, 0.6972, 14.6929, 15.8347, 1.6256, 0.5688, 2.4401, 9.9075, 5.2142, 4.6846, 7.2131, 3.8143, 2.331, 1.4857, 17.3211, 0.2093, 19.7744, 2.7746],
      [0.3034, 0.0762, 0.0577, 0.4877, 0.2924, 0.0868, 0.201, 0.2511, 0.665, 0.5742, 0.2477, 0.1891, 0.1858, 1.1055, 0, 0.0726, 0, 0.4876, 0.3049, 0.5743, 0.0688, 0.1782, 0.2875, 0.2244, 0.1083, 0.3028, 1.4308, 0.4921, 0.2259, 1.1382, 0.2686, 0.7044, 0.0126, 0.6298, 0.7337, 0.1916, 0.0179, 0.2195, 2.6437, 1.6335, 0.2908, 0.3845, 0.1078, 0.1284, 0.01, 0.897, 0.0542, 2.7608, 1.4082],
      [7.4659, 8.7784, 3.7506, 13.5042, 20.3299, 4.5908, 10.2805, 8.4364, 26.0722, 36.7996, 12.1873, 11.4775, 6.4395, 39.3153, 0, 0.4398, 0, 10.409, 9.0447, 19.4123, 4.2859, 6.3016, 2.3927, 5.2015, 2.1469, 5.7128, 21.7945, 13.5402, 5.9772, 13.6832, 5.2574, 6.6843, 5.3899, 21.5302, 29.3448, 7.3427, 0.9816, 9.0945, 22.5942, 5.811, 9.4493, 10.3795, 4.4126, 4.5707, 3.4916, 42.1582, 2.1853, 29.8953, 5.2141],
      [9.2854, 4.9649, 4.1301, 7.4502, 6.7931, 3.1488, 6.1471, 1.8324, 9.3175, 9.3568, 4.7992, 6.1915, 1.3821, 15.188, 0, 0.4087, 0, 5.8178, 4.9309, 9.2045, 0.8778, 5.7237, 3.0273, 3.8625, 2.0188, 0.9776, 14.2139, 5.9212, 1.9932, 11.6432, 3.3508, 5.4086, 1.7774, 11.26, 8.9125, 3.6317, 0.4042, 2.0776, 13.8212, 7.1357, 2.1908, 9.4069, 2.5624, 1.8703, 0.9546, 14.1898, 1.4311, 15.8036, 4.3661],
      [0.555, 0.1588, 0.0608, 0.4379, 0.8024, 0.1294, 0.2698, 0.3555, 1.4823, 1.4878, 0.5645, 0.4202, 0.2479, 2.0152, 0, 0.079, 0, 0.2478, 0.3696, 1.0308, 0.0578, 0.6776, 0.2158, 0.1316, 0.1445, 0.3341, 0.4253, 0.2731, 0.2537, 0.8845, 0.1264, 0.2597, 0.1229, 0.8871, 1.1743, 0.2084, 0.0275, 0.1683, 1.0847, 0.2055, 0.3846, 0.6161, 0.103, 0.0995, 0.0581, 1.4339, 0.1201, 1.7677, 0.237]
    ],
    [
      [0.5923, 0.6956, 0.1462, 0.4595, 0.4457, 0.1504, 0.6527, 0.4825, 0.5598, 0.5454, 0.2307, 0.3148, 0.072, 0.5375, 0.2698, 0, 0.0156, 0.3, 0.1232, 0.3874, 0.0491, 0.2273, 0.2157, 0.5141, 0.0629, 0.1152, 1.4271, 0.6024, 0.3275, 0.3808, 0.5745, 0.6917, 0.0071, 0.6663, 0.6114, 0.0378, 0.0536, 0.1668, 0.8826, 0.3821, 0.1229, 0.4495, 0.6721, 0.9416, 0.2098, 0.9363, 0.0069, 2.3373, 0.1782],
      [0.9814, 0.3407, 0.2785, 0.7257, 0.1987, 0.2742, 1.0028, 0.4936, 0.377, 0.6654, 0.2257, 0.3002, 0.1673, 0.5039, 0.1717, 0.033, 0.0486, 0.5068, 0.2634, 0.3143, 0.2339, 0.3213, 0.3985, 0.7758, 0.3821, 0.2918, 4.0377, 1.8216, 0.3514, 0.9793, 1.438, 1.3097, 0.0052, 0.7581, 0.6218, 0.1757, 0.1014, 0.5725, 4.113, 0.9183, 0.1432, 0.4665, 0.4554, 0.7962, 0.0978, 1.3315, 0.137, 3.9888, 0.6644],
      [3.3875, 0.9057, 0.3038, 1.0751, 1.2035, 0.4824, 4.9786, 1.1674, 1.073, 4.467, 1.1635, 0.9076, 0.7289, 1.5255, 0.0496, 0.046, 0.0292, 0.5419, 0.4576, 0.6851, 1.1528, 0.4913, 0.5575, 1.6793, 1.2669, 0.8204, 5.6044, 2.841, 0.8096, 0.807, 2.4472, 1.8738, 0.2706, 2.1604, 1.9668, 0.4383, 0.4474, 1.3147, 5.4563, 0.7656, 0.429, 0.573, 1.2772, 2.5912, 1.2437, 3.4232, 0.3053, 6.1462, 0.5488],
      [47.6403, 49.7043, 33.2486, 45.0707, 39.7147, 24.1978, 48.9653, 13.9188, 35.2252, 91.5838, 31.8307, 33.8494, 14.6146, 57.0993, 2.1905, 0.7565, 1.7265, 25.5806, 18.099, 28.6934, 9.0236, 24.2681, 8.8583, 21.5167, 13.742, 11.289, 86.47, 50.4706, 10.7769, 44.9939, 36.2954, 29.1431, 4.0216, 74.0227, 54.3916, 11.411, 11.6971, 23.3997, 76.1502, 13.069, 8.8915, 36.2149, 19.458, 25.2153, 29.7265, 98.3726, 12.4262, 81.5332, 8.8026],
      [8.3985, 6.3537, 4.023, 6.669, 4.4374, 3.8953, 9.4005, 2.9375, 5.765, 10.7385, 4.5494, 4.628, 2.4172, 8.3338, 0.3184, 0.1644, 0.18, 3.0707, 2.0568, 3.9198, 1.5406, 4.6919, 1.9699, 3.5141, 2.5462, 2.4836, 13.4607, 8.2644, 1.7346, 6.8645, 6.2448, 4.9817, 0.6955, 11.3925, 6.4084, 1.9372, 1.7005, 3.5461, 12.4995, 1.8651, 1.4134, 5.2961, 3.1373, 4.4557, 5.7222, 11.9365, 2.1246, 17.9975, 0.806]
    ]
  ],
  "V_est": [
    [17.3052, 883.7005, 116.1805, 842.3505, 72.7416],
    [213.0209, 520.7393, 143.9941, 16434.4651, 1365.0561],
    [633.0452, 171.2008, 7971.5, 735.1607, 270.2893],
    [25.3608, 63.0817, 133.8804, 1106.4988, 348.2274],
    [295.4359, 23.7169, 555.5573, 271.1635, 23.1975],
    [20.8321, 35.5609, 74.8877, 1579.3615, 243.488]
  ],
  "p_est": [
    [0.009, 0.4573, 0.0601, 0.4359, 0.0376],
    [0.0114, 0.0279, 0.0077, 0.8799, 0.0731],
    [0.0647, 0.0175, 0.815, 0.0752, 0.0276],
    [0.0151, 0.0376, 0.0798, 0.6598, 0.2076],
    [0.2527, 0.0203, 0.4752, 0.2319, 0.0198],
    [0.0107, 0.0182, 0.0383, 0.8082, 0.1246]
  ],
  "EI_Z": {},
  "EI_V": 9.1817,
  "MAE_Z": {},
  "MAE_V": 215.4092,
  "MAE_p": 0.0823,
  "runtime": 1221.863
}
