{
  "X": [
    [1, 2, 6, 26, 1, 2],
    [0, 0, 2, 4, 0, 0],
    [0, 0, 5, 13, 4, 0],
    [24, 27, 66, 655, 44, 62],
    [30, 49, 125, 1460, 69, 109],
    [3, 6, 10, 78, 7, 10],
    [0, 2, 2, 49, 0, 2],
    [1, 0, 1, 10, 0, 0],
    [6, 3, 12, 44, 1, 10],
    [2, 2, 5, 13, 1, 3],
    [3, 3, 3, 37, 3, 1],
    [0, 0, 3, 4, 0, 0],
    [1, 0, 7, 35, 0, 2],
    [15, 11, 61, 284, 15, 27],
    [43, 35, 178, 900, 34, 90],
    [14, 19, 72, 522, 28, 63],
    [4, 11, 64, 223, 12, 14],
    [53, 73, 338, 1339, 68, 150],
    [2, 5, 20, 132, 9, 14],
    [32, 42, 135, 1062, 39, 105],
    [13, 6, 31, 121, 6, 15],
    [16, 39, 100, 627, 38, 66],
    [1, 5, 5, 30, 0, 0],
    [3, 9, 21, 79, 4, 10],
    [2, 2, 3, 17, 1, 2],
    [34, 18, 216, 719, 51, 58],
    [29, 21, 132, 777, 49, 27],
    [0, 1, 6, 28, 1, 0],
    [2, 0, 0, 9, 2, 0],
    [7, 7, 40, 194, 17, 10],
    [42, 42, 179, 1137, 58, 68],
    [9, 1, 20, 192, 5, 3],
    [8, 5, 44, 191, 15, 15],
    [1, 1, 4, 23, 2, 2],
    [0, 0, 15, 0, 1, 3],
    [29, 63, 158, 681, 24, 85],
    [1, 0, 2, 6, 1, 0],
    [9, 10, 19, 188, 11, 25],
    [7, 7, 11, 100, 6, 20],
    [9, 7, 21, 195, 9, 32],
    [0, 0, 0, 5, 1, 1],
    [0, 0, 0, 7, 2, 0],
    [3, 3, 5, 23, 1, 6],
    [0, 0, 0, 7, 0, 0],
    [1, 0, 0, 6, 0, 0],
    [0, 0, 0, 10, 0, 1],
    [6, 5, 43, 78, 1, 16],
    [5, 6, 9, 139, 4, 22],
    [4, 2, 21, 123, 6, 19],
    [9, 13, 26, 279, 6, 16],
    [21, 38, 192, 353, 18, 89],
    [8, 10, 28, 141, 9, 22],
    [7, 9, 17, 135, 2, 15],
    [2, 1, 3, 21, 0, 2],
    [4, 9, 34, 194, 12, 23],
    [8, 10, 38, 215, 12, 20],
    [5, 9, 23, 153, 7, 26],
    [1, 1, 6, 16, 0, 9],
    [0, 0, 5, 15, 0, 2],
    [0, 0, 0, 6, 0, 2],
    [1, 6, 15, 58, 5, 6],
    [11, 4, 58, 164, 9, 20],
    [2, 2, 18, 69, 12, 2],
    [2, 0, 6, 30, 3, 2],
    [0, 2, 0, 5, 0, 0],
    [5, 2, 12, 54, 4, 3],
    [9, 14, 38, 171, 8, 14],
    [10, 6, 25, 122, 8, 12],
    [5, 11, 42, 163, 5, 7],
    [11, 15, 64, 183, 17, 21],
    [0, 1, 1, 9, 1, 2],
    [0, 0, 2, 4, 1, 2],
    [0, 1, 4, 18, 2, 6],
    [4, 5, 12, 74, 3, 6],
    [9, 15, 39, 107, 2, 23],
    [2, 1, 12, 30, 2, 3],
    [24, 11, 35, 245, 2, 33],
    [203, 113, 401, 3103, 220, 283],
    [121, 107, 257, 2044, 160, 272],
    [4, 2, 3, 32, 0, 4]
  ],
  "W": [
    [26, 6, 6],
    [4, 2, 0],
    [12, 9, 1],
    [694, 75, 109],
    [1517, 138, 187],
    [78, 13, 23],
    [48, 3, 4],
    [10, 1, 1],
    [46, 12, 18],
    [12, 9, 5],
    [37, 4, 9],
    [4, 3, 0],
    [34, 5, 6],
    [307, 57, 49],
    [926, 191, 163],
    [529, 64, 125],
    [222, 66, 40],
    [1310, 341, 370],
    [138, 24, 20],
    [1109, 144, 162],
    [126, 37, 29],
    [622, 115, 149],
    [29, 5, 7],
    [80, 22, 24],
    [19, 4, 4],
    [713, 237, 146],
    [809, 138, 88],
    [24, 7, 5],
    [9, 0, 4],
    [201, 39, 35],
    [1154, 179, 193],
    [186, 19, 25],
    [204, 46, 28],
    [21, 6, 6],
    [12, 4, 3],
    [725, 152, 163],
    [5, 2, 3],
    [204, 16, 42],
    [109, 14, 28],
    [214, 23, 36],
    [5, 1, 1],
    [8, 0, 1],
    [25, 7, 9],
    [6, 0, 1],
    [7, 0, 0],
    [10, 1, 0],
    [84, 41, 24],
    [139, 11, 35],
    [133, 23, 19],
    [286, 24, 39],
    [337, 206, 168],
    [151, 28, 39],
    [140, 16, 29],
    [21, 3, 5],
    [196, 37, 43],
    [220, 36, 47],
    [155, 30, 38],
    [15, 6, 12],
    [13, 4, 5],
    [7, 0, 1],
    [61, 14, 16],
    [170, 56, 40],
    [77, 21, 7],
    [30, 6, 7],
    [4, 0, 3],
    [49, 12, 19],
    [173, 37, 44],
    [131, 20, 32],
    [152, 40, 41],
    [197, 66, 48],
    [9, 3, 2],
    [5, 3, 1],
    [17, 5, 9],
    [77, 12, 15],
    [111, 42, 42],
    [33, 14, 3],
    [237, 36, 77],
    [3266, 456, 601],
    [2228, 297, 436],
    [34, 2, 9]
  ],
  "method": "mvn_pdf",
  "cond_prob": [
    [
      [0.007413571751, 0.01312379478, 0.018922625266, 0.92231283274, 0.024795481543, 0.013431693921],
      [0.0063724034497, 0.03147558446, 0.81980666333, 0.050036695516, 0.041268251145, 0.051040402095],
      [0.12816878563, 0.24498797149, 0.098195293847, 0.28660769594, 0.017951328837, 0.22408892425]
    ],
    [
      [0, 0, 0.0063212435579, 0.99367875644, 0, 0],
      [1.5150142705e-13, 0, 0.98735751288, 0.012642487116, 0, 0],
      [0.15686085561, 0.11847601868, 0.099412919588, 0.27441419215, 0.019018598649, 0.33181741533]
    ],
    [
      [0, 0, 0.02503818967, 0.97496181033, 0, 0],
      [0, 0, 0.5061602426, 0.077787010207, 0.41605274719, 0],
      [0, 0, 0.14409954056, 0.60037518418, 0.25552527527, 0]
    ],
    [
      [0.0018462600276, 0.0079405924252, 0.01864626557, 0.90145132199, 0.043433163458, 0.026682396525],
      [0.017460855189, 0.040944988202, 0.62193060989, 0.065315893148, 0.13148913338, 0.12285852019],
      [0.19641404956, 0.16897573158, 0.058850421584, 0.22471642707, 0.036657794098, 0.31438557612]
    ],
    [
      [0.0002056939359, 0.0069385678952, 0.016064627131, 0.92190179692, 0.03206811482, 0.022821199301],
      [0.012991994611, 0.041467344988, 0.64393971245, 0.076996827527, 0.10620084587, 0.11840327455],
      [0.14917148151, 0.17514277484, 0.062921285154, 0.27192198865, 0.030464989773, 0.31037748007]
    ],
    [
      [0, 0.0093196862341, 0.013505019561, 0.9071223293, 0.046867302428, 0.023185662478],
      [0.010450650381, 0.045093258468, 0.59071060542, 0.074953023471, 0.17104858146, 0.1077438808],
      [0.12452789326, 0.20377617885, 0.05510306973, 0.27261169607, 0.048726906593, 0.29525425549]
    ],
    [
      [0, 0.0064629764937, 0, 0.97770770393, 0, 0.015829319571],
      [0, 0.079587823546, 0.62306670918, 0.18932365393, 0, 0.10802181334],
      [0, 0.36275341442, 0.032699968113, 0.37551481233, 0, 0.22903180514]
    ],
    [
      [0, 0, 0.0068360628362, 0.99316393716, 0, 0],
      [1.5783779128e-07, 0, 0.93163933398, 0.068360508182, 0, 0],
      [0.99999984216, 0, 3.7656966125e-08, 1.2018082516e-07, 0, 0]
    ],
    [
      [0.00070088310882, 0.014647495653, 0.038295785856, 0.89207750758, 0.010067693522, 0.044210634283],
      [0.024547522703, 0.025158543526, 0.75246263667, 0.03832906124, 0.031254916529, 0.12824731933],
      [0.31517717248, 0.11246181543, 0.067157900587, 0.13913810647, 0.0089903944247, 0.35707461061]
    ],
    [
      [0, 0.0080554915746, 0, 0.94133134939, 0.021746355596, 0.028866803437],
      [0.038672775679, 0.093105286133, 0.54121703826, 0.089762012362, 0.077121673043, 0.16012121453],
      [0.33038900378, 0.21307730518, 0.02580933114, 0.17923313921, 0.0089897350916, 0.2425014856]
    ],
    [
      [0.0014478818024, 0.0093148960177, 0.0085824402856, 0.92914129425, 0.051513487644, 0],
      [0.026644133333, 0.064275634347, 0.58467092792, 0.086859602021, 0.18361818042, 0.053931521956],
      [0.31553909333, 0.26647181222, 0.038196221972, 0.25270374496, 0.039947581722, 0.087141545797]
    ],
    [
      [0, 0, 0.010594731216, 0.98940526878, 0, 0],
      [0, 0, 0.98587369171, 0.014126308288, 0, 0],
      [0.15480072992, 0.11683130241, 0.11557850665, 0.26640196672, 0.018768845108, 0.32761864919]
    ],
    [
      [0.00039600632455, 0, 0.033550464449, 0.95325276906, 0, 0.012800760167],
      [0.0031598343337, 0, 0.93000856106, 0.037972031225, 0, 0.028859573384],
      [0.16178943555, 0, 0.20154023391, 0.39992428264, 0, 0.2367460479]
    ],
    [
      [0.0016419988316, 0.0086460747023, 0.037365741675, 0.88871637538, 0.034366232927, 0.029263576479],
      [0.017454530221, 0.024736783289, 0.7823763005, 0.038568836776, 0.058711231949, 0.078152317267],
      [0.27553057421, 0.14154404937, 0.10067894239, 0.18297242981, 0.02251074021, 0.27676326401]
    ],
    [
      [0.0016066754737, 0.0064936831567, 0.026586440497, 0.9191461594, 0.020963953306, 0.02520308817],
      [0.018050331006, 0.030058316598, 0.73432687503, 0.058329217133, 0.059904060822, 0.099331199408],
      [0.23352518582, 0.14261172348, 0.080518545819, 0.23147101795, 0.019298795222, 0.29257473171]
    ],
    [
      [0, 0.0042148464335, 0.024881463308, 0.91274618783, 0.033455400654, 0.024702101778],
      [0.00783481437, 0.021631003049, 0.72661041308, 0.05911465716, 0.0868397352, 0.097969377145],
      [0.10798857504, 0.12308769633, 0.098677115786, 0.28299142865, 0.037954800008, 0.34930038418]
    ],
    [
      [0, 0.0055877549891, 0.029656034425, 0.9281141214, 0.028476660475, 0.0081654287086],
      [0, 0.03003263803, 0.79476647279, 0.056952215299, 0.067080638171, 0.051168035711],
      [0.1, 0.19443410706, 0.12404432884, 0.32999547098, 0.031271481379, 0.22025461174]
    ],
    [
      [0, 0.0052655536977, 0.027203493916, 0.92271334838, 0.026277538412, 0.018540065593],
      [0.0086251655117, 0.02525096867, 0.76686253161, 0.058583170309, 0.068059209738, 0.072618954166],
      [0.13529410422, 0.15538255227, 0.11044135052, 0.29802338526, 0.028022254486, 0.27283635325]
    ],
    [
      [0, 0.0067161036119, 0.019185739928, 0.9069403198, 0.040513008526, 0.026644828139],
      [0, 0.038619003647, 0.66372349061, 0.064929525667, 0.11183026233, 0.12089771775],
      [0.1, 0.1573160807, 0.071150205772, 0.26419636261, 0.036263926371, 0.37107342455]
    ],
    [
      [0.0013977926345, 0.0079672268335, 0.022718665194, 0.91632500152, 0.023392826163, 0.028198487655],
      [0.014951605676, 0.039506508357, 0.68602800116, 0.063146095089, 0.06829112893, 0.12807666079],
      [0.17467170834, 0.16960128542, 0.068005976131, 0.22655886186, 0.01989773592, 0.34126443233]
    ],
    [
      [0, 0.0071305790305, 0.025253238287, 0.90994227158, 0.025439404965, 0.03223450614],
      [0, 0.050169924497, 0.71072349588, 0.054440740219, 0.064749810777, 0.11991602862],
      [0.44827586207, 0.11190551158, 0.052459400973, 0.14941263425, 0.013754895713, 0.22419169542]
    ],
    [
      [0, 0.0068015640027, 0.018574933874, 0.92256763366, 0.032726999708, 0.019328868753],
      [0.0091081161254, 0.041686786684, 0.67273514715, 0.074604777828, 0.10603343689, 0.095831735323],
      [0.10035279628, 0.20117749478, 0.074374826903, 0.29921733162, 0.036576919053, 0.28830063137]
    ],
    [
      [0.00055646521343, 0, 0.016526572056, 0.98291696273, 0, 0],
      [0.0066882628722, 0.23159751488, 0.6597895548, 0.10192466745, 0, 0],
      [0.13577445635, 0.54885891794, 0.17454023377, 0.14082639194, 0, 0]
    ],
    [
      [7.0217556723e-05, 0.0020114590192, 0.030508739947, 0.91045819006, 0.028545726861, 0.028405666552],
      [0.008135959701, 0.058155460164, 0.75136687984, 0.048715349984, 0.056645080906, 0.076981269409],
      [0.11730797842, 0.31498596479, 0.084551226994, 0.21215029563, 0.019589586298, 0.25141494787]
    ],
    [
      [0, 0.022203720832, 0.017707663605, 0.8719378293, 0.036515359063, 0.051635427203],
      [0.018953494004, 0.11450426219, 0.64458721615, 0.041526796608, 0.070547438988, 0.10988079206],
      [0.481046506, 0.28002806386, 0.021301381725, 0.066768514231, 0.0060046054637, 0.14485092873]
    ],
    [
      [0.0012976097509, 0, 0.028375654895, 0.92387400845, 0.034546735115, 0.011905991791],
      [0.01597050544, 0.012704499956, 0.75950940344, 0.060977134039, 0.088503960592, 0.062334496536],
      [0.20061503054, 0.10266461309, 0.10797554415, 0.31387843294, 0.036936569882, 0.23792980941]
    ],
    [
      [0.0015140903195, 0.0061230453848, 0.027240312749, 0.92072697871, 0.039107307484, 0.0052882653531],
      [0.019413180319, 0.026323602995, 0.73878524909, 0.060451778529, 0.10218602973, 0.052840159336],
      [0.28518275054, 0.14106589853, 0.091025256946, 0.27033555439, 0.037051319812, 0.17533921978]
    ],
    [
      [0, 0.0011514092038, 0.0077974618125, 0.97892065857, 0.012130470416, 0],
      [0, 0.014719191719, 0.75417237076, 0.14686371067, 0.084244726855, 0],
      [0, 0.17386636742, 0.10673086424, 0.69557164394, 0.023831124404, 0]
    ],
    [
      [0.007504844626, 0, 0, 0.92727663767, 0.065218517703, 0],
      [0.0078180167582, 0.0013296937578, 0.03753553211, 0.019130892709, 0.92849807073, 0.0056877939343],
      [0.48311409959, 0, 0, 0.16362756524, 0.35325833517, 0]
    ],
    [
      [0.002717944632, 0.0061158472329, 0.03188536852, 0.90332792097, 0.050183498697, 0.0057694199469],
      [0.0087656093637, 0.019676618195, 0.75273314806, 0.049877224933, 0.12376894542, 0.045178454035],
      [0.17462383897, 0.14295218847, 0.12098423295, 0.29959646036, 0.059603654016, 0.20223962524]
    ],
    [
      [0.001719864436, 0.0058403180767, 0.024411900407, 0.92534643822, 0.031399996828, 0.011281482031],
      [0.013059845419, 0.02846248394, 0.7411471902, 0.064894644604, 0.086716602815, 0.06571923302],
      [0.19522053943, 0.15629786691, 0.094110465721, 0.29810398398, 0.032342651591, 0.22392449236]
    ],
    [
      [0.0013109963745, 0, 0.016290189418, 0.96587744644, 0.016521367766, 0],
      [0.022754767963, 0.013118466264, 0.75597790154, 0.092436580408, 0.070898169762, 0.044814114064],
      [0.33295256332, 0.03002996564, 0.10425778556, 0.42361999737, 0.023198414798, 0.085941273311]
    ],
    [
      [0.0024982183114, 0.0043794710988, 0.031158487969, 0.89396319469, 0.046432149678, 0.021568478256],
      [0.014239455237, 0.018826561977, 0.75545407013, 0.045782235512, 0.096226700634, 0.069470976513],
      [0.24411959013, 0.1157345016, 0.1033136153, 0.23305448037, 0.039336187019, 0.26444162558]
    ],
    [
      [0.0074704301371, 0.012749037661, 0, 0.92995048179, 0.039657271636, 0.010172778772],
      [0.021459100717, 0.0209731605, 0.61382563244, 0.11651576753, 0.15204963899, 0.075176699822],
      [0.11906106047, 0.10107187435, 0.052841034224, 0.46199087952, 0.042483243622, 0.22255190781]
    ],
    [
      [0, 0, 0.66927908022, 0, 0.083162129146, 0.24755879063],
      [0, 0, 0.99992972278, 0, 1.5525272366e-05, 5.4751943016e-05],
      [0, 0, 0.98964404874, 0, 0.0006641163851, 0.0096918348792]
    ],
    [
      [0.0031010236184, 0.0058197332956, 0.040593971877, 0.89402893491, 0.020555459752, 0.03590087655],
      [0.011385075928, 0.061112435578, 0.75355172603, 0.039694960802, 0.043990517363, 0.0902652843],
      [0.15350445605, 0.3036294672, 0.086070601427, 0.16438888436, 0.014789773256, 0.27761681772]
    ],
    [
      [0.00037160204207, 0, 0.0087654608319, 0.88637348671, 0.10448945042, 0],
      [0.0046894996158, 0, 0.83357397154, 0.04118403553, 0.12055249332, 0],
      [0.32958766352, 0, 0.096341584255, 0.4952548318, 0.078815920423, 0]
    ],
    [
      [0.0033381553477, 0.010853003626, 0.027275042447, 0.8821413744, 0.041791818496, 0.034600605687],
      [0.016008730948, 0.038908186498, 0.67110984116, 0.04807772407, 0.087798112621, 0.1380974047],
      [0.19197325271, 0.17055848277, 0.064241282909, 0.17318847709, 0.025469029165, 0.37456947535]
    ],
    [
      [0.0079204209355, 0.016044749854, 0.020672319334, 0.87742791757, 0.039829739897, 0.038104852411],
      [0.024309809462, 0.052301274387, 0.55224572722, 0.051749979882, 0.084603789978, 0.23478941907],
      [0.20701202806, 0.16138944373, 0.036259893267, 0.12985204524, 0.01693233184, 0.44855425787]
    ],
    [
      [0.006615118162, 0.010675585189, 0.027051608449, 0.88343493936, 0.032340799526, 0.039881949311],
      [0.021202546251, 0.032748187151, 0.59245895161, 0.048371151892, 0.066957170238, 0.23826199285],
      [0.19713072638, 0.11006156847, 0.044011108466, 0.13423295785, 0.014973721835, 0.499589917]
    ],
    [
      [0, 0, 0, 0.92934439745, 0.043460811449, 0.027194791105],
      [0, 0, 0, 0.099289772317, 0.7221405083, 0.17856971938],
      [0, 0, 0, 0.25398824046, 0.060555434455, 0.68545632509]
    ],
    [
      [0, 0, 0, 0.86538112706, 0.13461887294, 0],
      [3.9829997849e-06, 8.8583155624e-06, 6.743408388e-06, 0.0050046976405, 0.99484860144, 0.00012711619798],
      [8.0361374783e-22, 0, 0, 0.076950983505, 0.9230490165, 0]
    ],
    [
      [0.010659733501, 0.023397293072, 0.022902924789, 0.87246677556, 0.025436091767, 0.045137181308],
      [0.032782109197, 0.072164741855, 0.59371862107, 0.044523927445, 0.042749044735, 0.2140615557],
      [0.27822576646, 0.21221272002, 0.03015517031, 0.097407013204, 0.0072060436307, 0.37479328638]
    ],
    [
      [0, 0, 0, 1, 0, 0],
      [0.0083910172896, 0.018474486648, 0.7337428938, 0.096449123242, 0.051785217778, 0.091157261247],
      [2.5074302532e-27, 0, 0, 1, 0, 0]
    ],
    [
      [0.14285714286, 0, 0, 0.85714285714, 0, 0],
      [0.027133142976, 0.020852778517, 0.76522077711, 0.036762520538, 0.048334733305, 0.10169604755],
      [0.44299185786, 0.095435870894, 0.042511016612, 0.13028459991, 0.014308784001, 0.27446787072]
    ],
    [
      [0, 0, 0, 0.97485685724, 0, 0.025143142764],
      [3.586973316e-18, 0, 0, 0.25143142764, 0, 0.74856857236],
      [0.15858283378, 0.11804265369, 0.036828038387, 0.33465764477, 0.018418409559, 0.33347041981]
    ],
    [
      [0.0051232037706, 0.012517099754, 0.063493770301, 0.87416235206, 0, 0.044703574114],
      [0.015038196547, 0.018385303464, 0.84135924168, 0.024847005291, 0.018016611941, 0.082353641071],
      [0.20637853437, 0.13311525744, 0.13211643274, 0.14798480042, 0.010888287934, 0.3695166871]
    ],
    [
      [0.001794193774, 0.008769840061, 0.0094357546998, 0.93395230044, 0.018814451565, 0.027233459462],
      [0.014504919621, 0.037635534646, 0.56919114342, 0.085958766089, 0.074144318501, 0.21856531773],
      [0.13117294142, 0.12477146715, 0.040780786261, 0.23528810891, 0.016262963686, 0.45172373257]
    ],
    [
      [0.0058123856508, 0.0019855080109, 0.031823911199, 0.89252761924, 0.031871618313, 0.035978957582],
      [0.01252818613, 0.016306891159, 0.67554223837, 0.046524256988, 0.061689550008, 0.18740887735],
      [0.15467391723, 0.071624680942, 0.064734122526, 0.16967203841, 0.018011321797, 0.52128391909]
    ],
    [
      [0.0026883158724, 0.0082792479906, 0.021390839245, 0.93576786484, 0.014140004133, 0.017733727916],
      [0.016917095814, 0.054971749699, 0.71726700158, 0.069787443361, 0.055523686039, 0.085533023511],
      [0.20064439387, 0.23879007902, 0.068405434308, 0.24860235934, 0.015984368028, 0.22757336543]
    ],
    [
      [0, 0.0075419442989, 0.036245053051, 0.90857606386, 0.015488119966, 0.032148818825],
      [0, 0.030948644032, 0.78441965942, 0.044444248101, 0.046537190424, 0.093650258025],
      [0.125, 0.1731127625, 0.10830337668, 0.22413304387, 0.019010966333, 0.35043985061]
    ],
    [
      [0.0033544551677, 0.011257585132, 0.031378023285, 0.88046697935, 0.039845181494, 0.033697775573],
      [0.013308554767, 0.037064127703, 0.72059101024, 0.042591696705, 0.072903384272, 0.11354122631],
      [0.18258558298, 0.18621305306, 0.079112056339, 0.17581842592, 0.024155970121, 0.35211491159]
    ],
    [
      [0.0040362451614, 0.010262438304, 0.026927717827, 0.91935650791, 0.0076582339238, 0.03175885687],
      [0.018653133126, 0.055541049183, 0.71352686799, 0.055413965691, 0.038901911866, 0.11796307215],
      [0.21160260508, 0.2301586845, 0.062541021255, 0.18632639452, 0.010531608993, 0.29883968565]
    ],
    [
      [0, 0.0071209921302, 0.017966668042, 0.94531420363, 0, 0.029598136194],
      [0.026093682089, 0.043383224065, 0.79197973407, 0.056787412829, 0, 0.081755946948],
      [0.38434379075, 0.14406189861, 0.049352153784, 0.19560789704, 0, 0.22663425982]
    ],
    [
      [0, 0.0051783829201, 0.02158970739, 0.9147479051, 0.034016240099, 0.024467764491],
      [0.0073603405625, 0.027932892856, 0.70443301939, 0.064201897317, 0.095250140644, 0.10082170923],
      [0.086689939516, 0.16166325377, 0.086148735679, 0.28683582325, 0.042059575274, 0.33660267252]
    ],
    [
      [0.00078822447107, 0.0071155326142, 0.027100476382, 0.91049653837, 0.034859572728, 0.019639655439],
      [0.0096481694029, 0.026327516321, 0.75708344521, 0.054107399709, 0.078803311295, 0.074030158062],
      [0.1591331174, 0.15929345186, 0.10176364188, 0.27112542915, 0.031786697727, 0.27689766198]
    ],
    [
      [0, 0.01069521771, 0.017300252204, 0.91911240438, 0.025664764961, 0.027227360748],
      [0.012089033461, 0.042430627381, 0.6131201842, 0.071438373155, 0.076660272868, 0.18426150894],
      [0.12203497358, 0.15971901141, 0.050654089014, 0.22090595071, 0.019004032763, 0.42768194252]
    ],
    [
      [0.00069313870212, 0.0035568496616, 0.055902772658, 0.93984723898, 0, 0],
      [0.0058082192844, 0.012940594763, 0.72981094861, 0.036452884871, 0, 0.21498735247],
      [0.079562800313, 0.072416973875, 0.065216059874, 0.14029784217, 0, 0.64250632376]
    ],
    [
      [0, 0, 0.022252913431, 0.96146276516, 0, 0.016284321406],
      [0, 0, 0.91478288397, 0.039282232659, 0, 0.045934883367],
      [0, 0, 0.2103161179, 0.46877102445, 0, 0.32091285765]
    ],
    [
      [0, 0, 0, 0.85710818377, 0, 0.14289181623],
      [0.0016120050893, 0.00070705848632, 2.3717943677e-06, 0.22943112256, 1.2986302262e-05, 0.76823445577],
      [4.4042293831e-27, 0, 0, 0.00024271363205, 0, 0.99975728637]
    ],
    [
      [0, 0.0069608017166, 0.036005442972, 0.88551061496, 0.046744319047, 0.024778821307],
      [0.0042882247572, 0.041489347799, 0.78261605471, 0.036675343055, 0.082431835652, 0.052499194022],
      [0.058747803337, 0.31215876413, 0.11544020079, 0.2168998553, 0.062159427438, 0.234593949]
    ],
    [
      [0.0016505501766, 0, 0.040740619837, 0.90007153457, 0.030430693894, 0.027106601525],
      [0.018428747957, 0.0067310114366, 0.81953091566, 0.037773071816, 0.051080895086, 0.066455358039],
      [0.24218491461, 0.090576583989, 0.12950908376, 0.22181367755, 0.02415629783, 0.29175944227]
    ],
    [
      [0.0065182627931, 0.0096934509751, 0.055806380279, 0.86407675617, 0.061260910352, 0.0026442394281],
      [0.0075713789707, 0.015321699324, 0.61607267247, 0.035504804217, 0.29422740886, 0.031302036158],
      [0.19129925808, 0.13312122702, 0.10934037096, 0.24578412659, 0.15773347383, 0.16272154353]
    ],
    [
      [0.00081686959323, 0, 0.022652260966, 0.90892261938, 0.057925644753, 0.0096826053038],
      [0.0094678880998, 0, 0.76026818661, 0.053264472934, 0.13509955972, 0.04189989264],
      [0.27409808337, 0, 0.10840329305, 0.3446763687, 0.064519042728, 0.20830321215]
    ],
    [
      [0, 0, 0, 1, 0, 0],
      [0.0034610245067, 0.35697014598, 0.52321870642, 0.093311222836, 0.0001256587584, 0.022913241494],
      [0, 0.66666666667, 0, 0.33333333333, 0, 0]
    ],
    [
      [0.00088297405701, 0.0015396537278, 0.021605622012, 0.93583692446, 0.040134825738, 0],
      [0.012869833605, 0.014657321439, 0.75467347234, 0.073259744933, 0.10343384192, 0.041105785765],
      [0.25275243515, 0.092035216319, 0.099223308069, 0.38236177695, 0.04169407557, 0.13193318794]
    ],
    [
      [0.0035919321219, 0.0072372237276, 0.030565467392, 0.91676918906, 0.027576127034, 0.014260060668],
      [0.011773980733, 0.044692639256, 0.77059801217, 0.05143932875, 0.060472409388, 0.061023629701],
      [0.18052178309, 0.2521439237, 0.095455629337, 0.23853807112, 0.022542065357, 0.2107985274]
    ],
    [
      [0.0003223013719, 0.0095226762694, 0.039929159936, 0.88130218506, 0.044289692665, 0.024633984696],
      [0.016353447579, 0.020543581673, 0.80606166515, 0.033862094686, 0.064835613938, 0.058343596976],
      [0.30095967402, 0.13567680548, 0.11400146079, 0.18350537073, 0.028166811941, 0.23768987704]
    ],
    [
      [0, 0.0053495100815, 0.027832985281, 0.95316711029, 0.013650394352, 0],
      [0.0063741844874, 0.029366861103, 0.80850241962, 0.066873075497, 0.049987698735, 0.038895760555],
      [0.11573250294, 0.21980975667, 0.13242169396, 0.37667502967, 0.022576392906, 0.13278462385]
    ],
    [
      [0.0035975258063, 0.010392868763, 0.038916525907, 0.87231519246, 0.050208689482, 0.024569197578],
      [0.011394708897, 0.034746541538, 0.77318243758, 0.034938872198, 0.082301257873, 0.063436181915],
      [0.19873409644, 0.22206943984, 0.11048757325, 0.18433211499, 0.034937607344, 0.24943916814]
    ],
    [
      [0, 0.018075892372, 0, 0.9192708371, 0.061208389276, 0.0014448812508],
      [0, 0.12886893952, 0.32359627033, 0.10609027787, 0.13865279442, 0.30279171786],
      [0, 0.22535507504, 0.014605594501, 0.20414581624, 0.016583056627, 0.53931045759]
    ],
    [
      [0, 0, 0.039304111403, 0.78867421367, 0.14973169111, 0.022289983818],
      [0, 0, 0.59625697776, 0.013345346734, 0.081452453953, 0.30894522155],
      [0, 0, 0.014708509709, 0.016592891468, 0.0069841825789, 0.96171441624]
    ],
    [
      [0, 0.0026024025898, 0.014502533683, 0.91171046809, 0.058198806442, 0.012985789192],
      [0, 0.015196039844, 0.63141678731, 0.059407153123, 0.12422731203, 0.16975270769],
      [0, 0.097753217417, 0.066263665649, 0.24487625298, 0.043275970036, 0.54783089392]
    ],
    [
      [0.0043716579069, 0.010137448795, 0.025219771149, 0.91225085403, 0.026564696735, 0.021455571382],
      [0.016809182588, 0.048817913966, 0.74690116445, 0.053133396836, 0.057314611451, 0.077023730712],
      [0.23077814334, 0.24224009835, 0.073017576542, 0.20793889851, 0.017782867598, 0.22824241567]
    ],
    [
      [0.0082481223579, 0.0055534403824, 0.045072666125, 0.89420672872, 0.0023394059321, 0.044579636481],
      [0.014591739255, 0.062374005971, 0.73708234687, 0.039418996223, 0.03198175272, 0.11455115896],
      [0.17789536594, 0.28009190159, 0.072368464082, 0.1449394112, 0.0094545792212, 0.31525027796]
    ],
    [
      [0, 0.012186242185, 0.024676512981, 0.88433516489, 0.038075738607, 0.040726341334],
      [0.022927707085, 0.027428957699, 0.78617623865, 0.034975816711, 0.050492539898, 0.077998739957],
      [0.55967070027, 0.071282866706, 0.059735910174, 0.10909270819, 0.012201689135, 0.18801612553]
    ],
    [
      [0, 0.0049923279792, 0.019364950552, 0.94729723909, 0, 0.028345482374],
      [0.029357602607, 0.030105470311, 0.70319186295, 0.073712807911, 0.041544527339, 0.12208772888],
      [0.2979626793, 0.11341586153, 0.066176618871, 0.23164796428, 0.0065506105946, 0.28424626542]
    ],
    [
      [0, 0.0062228856985, 0.021163724328, 0.90335292633, 0.043584083301, 0.025676380347],
      [0.03029000959, 0.032364909743, 0.64556421041, 0.062174700209, 0.12592693458, 0.10367923547],
      [0.31478827891, 0.12964668297, 0.06239932845, 0.20681810204, 0.033663397294, 0.25268421034]
    ],
    [
      [0.0023456755284, 0.010335165111, 0.02403632298, 0.87866665036, 0.048888051675, 0.035728134345],
      [0.024498555269, 0.043623987111, 0.60757673746, 0.051993960297, 0.12524575931, 0.14706100055],
      [0.24884808259, 0.16288286229, 0.052744911408, 0.16258829538, 0.031833555859, 0.34110229247]
    ],
    [
      [0, 0.0091353412994, 0.029550955191, 0.91072518231, 0, 0.0505885212],
      [0.045692017133, 0.035169171591, 0.76880597246, 0.040881586477, 0, 0.10945125234],
      [0.43429066286, 0.1798955614, 0.050850619843, 0.10595340317, 0, 0.22900975273]
    ]
  ],
  "expected_outcome": [
    [
      [0.19275286553, 0, 0, 1.2813044592, 0.31203770076, 0, 0, 0, 0.032240623006, 0, 0.053571626689, 0, 0.013464215035, 0.5040936413, 1.4877814886, 0, 0, 0, 0, 1.5501520317, 0, 0, 0.016137491189, 0.0056174045378, 0, 0.9251957524, 1.2248990685, 0, 0.067543601634, 0.54630687104, 1.9847235591, 0.24384532565, 0.50963653553, 0.15687903288, 0, 2.2482421233, 0.0018580102104, 0.68098369093, 0.86332588197, 1.4156352867, 0, 0, 0.26649333752, 0, 1, 0, 0.43034911673, 0.24939293459, 0.77304729155, 0.76885833951, 0, 0.50652273032, 0.5650743226, 0, 0, 0.17340938363, 0, 0.010397080532, 0, 0, 0, 0.28059353001, 0.50190623507, 0.024506087797, 0, 0.043265728793, 0.62140425709, 0.04222147972, 0, 0.70871258385, 0, 0, 0, 0.33661765883, 0.91554158172, 0, 0, 0, 5.2261650772, 0],
      [0.34121866427, 0, 0, 5.5107711431, 10.525807497, 0.72693552626, 0.3102228717, 0, 0.67378480002, 0.096665898895, 0.34465115265, 0, 0, 2.6543449336, 6.0131506031, 2.2296537633, 1.2404816076, 6.897875344, 0.92682229845, 8.8356545584, 0.89845295784, 4.2305728097, 0, 0.16091672153, 0.42187069581, 0, 4.9535437163, 0.027633820891, 0, 1.2292852938, 6.7397270605, 0, 0.89341210415, 0.26772979088, 0, 4.2193066393, 0, 2.2140127398, 1.7488777341, 2.2845752305, 0, 0, 0.58493232681, 0, 0, 0, 1.0514363794, 1.2190077685, 0.26407256545, 2.3678649253, 2.5416352287, 1.699895355, 1.4367413625, 0.14954083473, 1.0149630523, 1.5654171751, 1.657758745, 0.053352744923, 0, 0, 0.42460890471, 0, 0.74639572509, 0, 0, 0.075443032661, 1.2520397049, 1.2474705913, 0.81312553239, 2.0473951463, 0.16268303135, 0, 0.044240844027, 0.78058355722, 0.61643188245, 0.4021459921, 1.1831817311, 20.3239446913, 23.0267478674, 0.31060160418],
      [0.49198825691, 0.025284974232, 0.30045827604, 12.9405083059, 24.3700393575, 1.0533915258, 0, 0.068360628362, 1.7616061494, 0, 0.31755029057, 0.042378924865, 1.1407157913, 11.4712826943, 24.6190439002, 13.1622940899, 6.5836396424, 35.6365770304, 2.64763211, 25.1949996997, 3.1819080241, 11.5536088694, 0.47927058963, 2.4406991958, 0.3364456085, 20.2318419402, 22.0374130136, 0.1871390835, 0, 6.4089590726, 28.1713330696, 3.0299752318, 6.3563315457, 0, 8.0313489627, 29.4306296109, 0.043827304159, 5.5641086592, 2.2532828074, 5.7890442081, 0, 0, 0.57257311973, 0, 0, 0, 5.3334767053, 1.3115699033, 4.2325801895, 6.1177800242, 12.2145828782, 4.738081516, 3.7698804958, 0.37730002887, 4.2315826484, 5.9621048041, 2.6815390916, 0.83854158986, 0.2892878746, 0, 2.1963320213, 6.9259053723, 4.2970912815, 0.67956782899, 0, 1.0586754786, 5.2878258588, 5.2307199516, 4.2306137627, 7.6665556037, 0, 0.19652055702, 0.24654307261, 1.9419223785, 5.0030659399, 0.81432492837, 4.5894932807, 69.1207236537, 53.5529275997, 1.0047324765],
      [23.9801336512, 3.9747150258, 11.699541724, 625.6072174636, 1398.5250259237, 70.7555416853, 46.9299697889, 9.9316393716, 41.0355653486, 11.2959761927, 34.3782278873, 3.9576210751, 32.410594148, 272.8359272431, 851.1293436012, 482.84273336, 206.0413349511, 1208.7544863792, 125.1577641318, 1016.2044266865, 114.6527262187, 573.8370681381, 28.5045919192, 72.8366552051, 16.5668187566, 658.7221680232, 744.8681257765, 23.4940958056, 8.345489739, 181.568912115, 1067.8497897083, 179.653205038, 182.368491716, 19.5289601177, 0, 648.1709778078, 4.4318674335, 179.9568403769, 95.6396430149, 189.0550770237, 4.6467219872, 6.9230490165, 21.8116693891, 6, 6, 9.7485685724, 73.4296375731, 129.819369761, 118.7061733594, 267.6296093451, 306.1901335203, 132.9505138815, 128.7099111079, 19.8515982763, 179.2905893996, 200.3092384403, 142.4624226785, 14.0977085847, 12.4990159471, 5.9997572864, 54.0161475124, 153.0121608765, 66.5339102253, 27.2676785815, 4, 45.8560092988, 158.6010697067, 115.450586243, 144.8814007635, 171.8460929153, 8.2734375339, 3.9433710683, 15.4990779576, 70.2433157604, 99.2569468881, 29.1830604415, 224.5094456655, 2950.3506573813, 1957.6692970044, 30.9646561985],
      [0.64468252011, 0, 0, 30.1426154397, 48.6473301818, 3.6556495894, 0, 0, 0.46311390201, 0.26095626716, 1.9059990428, 0, 0, 10.5504335086, 19.4126207618, 17.6979069461, 6.3218186255, 34.4235753197, 5.5907951766, 25.9426442149, 3.2053650256, 20.3561938186, 0, 2.2836581489, 0.69379182219, 24.631822137, 31.6378117544, 0.29113128999, 0.58696665933, 10.0868832382, 36.235596339, 3.0729744046, 9.4721585343, 0.83280270435, 0.99794554976, 14.9027083202, 0.5224472521, 8.5255309731, 4.3414416488, 6.9209310985, 0.21730405725, 1.0769509835, 0.63590229418, 0, 0, 0, 0, 2.6152087675, 4.2389252357, 4.044041182, 5.2194964287, 6.0166224057, 1.0721527493, 0, 6.6671830594, 7.6691060002, 3.978038569, 0, 0, 0, 2.8514034619, 5.173217962, 4.7170900971, 1.7377693426, 0, 1.9666064612, 4.770669977, 5.8019497391, 2.0748599415, 9.8911118279, 0.55087550348, 0.74865845556, 0.98937970951, 2.0454816486, 0.25967405846, 1.256499374, 0, 142.3456160596, 108.9225791315, 0],
      [0.34922404194, 0, 0, 18.5175831885, 34.6197593392, 1.8084816733, 0.75980733942, 0, 2.033689177, 0.34640164125, 0, 0, 0.43522584568, 8.9839179791, 23.3380596451, 13.0674118406, 1.8127251733, 24.2874859266, 3.6769862831, 31.2721228088, 4.0615477737, 12.0225563642, 0, 2.2724533241, 0.98107311685, 8.4889721472, 4.2782066706, 0, 0, 1.1596534093, 13.0188302635, 0, 4.3999695643, 0.21362835421, 2.9707054876, 26.0281354984, 0, 7.0585235601, 4.1534289128, 8.5347371525, 0.13597395553, 0, 1.1284295327, 0, 0, 0.25143142764, 3.7551002256, 3.7854508652, 4.7852013584, 5.0718461839, 10.8341519441, 5.0883641115, 4.4462399619, 0.62156086008, 4.7956818403, 4.3207241966, 4.220240916, 0, 0.21169617828, 1.0002427136, 1.5115080998, 4.6081222592, 0.20360643596, 0.29047815911, 0, 0, 2.4669904955, 3.2270519952, 0, 4.8401319229, 0.013003931257, 0.11144991909, 0.22075841626, 1.6520789964, 4.9483396494, 1.343969264, 6.7178793227, 83.8590582141, 79.6022833198, 1.7200097208]
    ],
    [
      [0.038234420698, 3.030028541e-13, 0, 1.3095641392, 1.7928952563, 0.13585845495, 0, 1.5783779128e-07, 0.29457027243, 0.34805498111, 0.10657653333, 0, 0.015799171668, 0.99490822257, 3.4476132222, 0.50142811968, 0, 2.9411814395, 0, 2.1530312173, 0, 1.0474333544, 0.033441314361, 0.17899111342, 0.075813976017, 3.7850097893, 2.679018884, 0, 0, 0.34185876518, 2.3377123299, 0.43234059129, 0.65501494089, 0.1287546043, 0, 1.730531541, 0.0093789992315, 0.25613969517, 0.34033733246, 0.48765856377, 0, 0, 0.22947476438, 0, 0, 3.586973316e-18, 0.61656605843, 0.15955411583, 0.288148281, 0.40601029954, 0, 0.37263953349, 0.29845013002, 0.078281046268, 0.27233260081, 0.34733409851, 0.36267100382, 0.034849315706, 0, 0, 0.060035146601, 1.0320098856, 0.15899895839, 0.056807328599, 0, 0.15443800326, 0.43563728712, 0.32706895158, 0.2549673795, 0.75205078719, 0, 0, 0, 0.20171019105, 0.61285304871, 0.3209878992, 1.0568736938, 13.8122443732, 7.276070915, 0.091384034265],
      [0.18885350676, 0, 0, 3.0708741151, 5.7224936084, 0.58621236008, 0.23876347064, 0, 0.30190252231, 0.83794757519, 0.25710253739, 0, 0, 1.4099966475, 5.7411384701, 1.3843841951, 1.9821541099, 8.6105803164, 0.92685608753, 5.6889372033, 1.8562872064, 4.7939804686, 1.1579875744, 1.2794201236, 0.45801704876, 3.0109664896, 3.6326572134, 0.10303434203, 0, 0.76738810961, 5.0947846253, 0.24925085901, 0.86602185095, 0.125838963, 0, 9.2890902079, 0, 0.62253098396, 0.73221784142, 0.75320830448, 0, 0, 0.50515319298, 0, 0, 0, 0.75379744203, 0.41399088111, 0.37505849666, 1.3193219928, 6.3754206706, 1.0377955757, 0.88865678693, 0.1301496722, 1.0335170357, 0.94779058754, 1.2729188214, 0.077643568575, 0, 0, 0.58085086919, 0.37693664045, 0.3217556858, 0, 0, 0.17588785727, 1.6536276525, 0.41087163345, 1.1746744441, 2.2932717415, 0.38660681857, 0, 0.07598019922, 0.58581496759, 2.6197082508, 0.38400540778, 1.0837969312, 14.7583988427, 12.956324172, 0.070338343182],
      [4.91883998, 1.9747150258, 4.5554421834, 46.6447957414, 88.8636803187, 7.6792378704, 1.8692001275, 0.93163933398, 9.0295516401, 4.8709533443, 2.3386837117, 2.9576210751, 4.6500428053, 44.5954491284, 140.2564331313, 46.5030664369, 52.454587204, 261.5001232777, 15.9293637746, 98.7880321671, 26.2967693476, 77.3645419221, 3.298947774, 16.5300713564, 2.5783488646, 180.0037286146, 101.9523643751, 5.2792065953, 0, 29.3565927742, 132.6653470462, 14.3635801293, 34.7508872259, 3.6829537947, 3.9997188911, 114.5398623565, 1.6671479431, 10.7377574586, 7.7314401811, 13.6265558871, 0, 0, 4.1560303475, 0, 0, 0, 34.4957289091, 6.2611025776, 15.5374714825, 17.2144080378, 161.59044984, 20.1765482868, 11.4164298878, 2.3759392022, 26.0640217175, 27.2550040276, 18.3936055259, 4.3788656916, 3.6591315359, 0, 10.956624766, 45.8937312772, 12.9375261218, 4.5616091196, 0, 9.0560816681, 28.5121264504, 16.121233303, 32.3400967849, 51.0300408802, 0.970788811, 1.7887709333, 3.1570839366, 8.9628139734, 30.9574585687, 11.0064673411, 25.3149070662, 294.3772799478, 180.4502910262, 1.5376119449],
      [0.3002201731, 0.025284974231, 0.70008309186, 4.8986919861, 10.6255621988, 0.97438930513, 0.56797096178, 0.068360508182, 0.45994873488, 0.80785811126, 0.34743840809, 0.042378924865, 0.18986015613, 2.1984236962, 11.1408804724, 3.7833380582, 3.7588462098, 19.9768610752, 1.558308616, 9.0930376928, 2.0143073881, 8.5795494502, 0.50962333724, 1.0717376996, 0.16610718643, 14.4515807673, 8.3423454369, 1.0280459747, 0, 1.9452117724, 11.6161413841, 1.7562950277, 2.1059828336, 0.6990946052, 0, 6.0336340419, 0.08236807106, 0.76924358512, 0.72449971835, 1.1125364935, 0.099289772317, 0, 0.31166749212, 0, 0, 0.25143142764, 1.018727217, 0.94554642698, 1.0700579107, 1.6748986407, 9.1555151088, 1.1925675077, 0.88662345105, 0.17036223849, 2.3754702007, 1.9478663895, 2.1431511947, 0.21871730923, 0.15712893063, 0, 0.51345480277, 2.1152920217, 0.74560088856, 0.3195868376, 0, 0.87911693919, 1.9032551638, 0.67724189372, 2.6749230199, 2.3059655651, 0.3182708336, 0.040036040202, 0.29703576561, 0.63760076203, 1.6555978414, 0.48966143395, 2.6536610848, 28.3516632954, 15.4422062082, 0.081763172953],
      [0.24760950687, 0, 3.7444747247, 9.8616850036, 14.6557167305, 2.223631559, 0, 0, 0.37505899835, 0.69409505739, 0.73447272168, 0, 0, 3.3465402211, 11.441675617, 5.5577430528, 4.4273221193, 23.2081905206, 2.683926296, 9.833922566, 2.3957429987, 12.1938452424, 0, 1.2461917799, 0.28218975595, 20.9754386602, 14.1016721021, 0.58971308798, 0, 4.8269888713, 15.522271904, 1.3470652255, 4.4264282292, 0.91229783391, 6.2101089465e-05, 6.6865586391, 0.24110498663, 1.4047698019, 1.1844530597, 1.5400149155, 0.7221405083, 0, 0.29924331314, 0, 0, 0, 0.73868108959, 0.81558750351, 1.4188596502, 1.3325684649, 9.5866612273, 2.0412947596, 0.62243058985, 0, 3.5242552038, 2.8369192066, 2.2998081861, 0, 0, 0, 1.1540456991, 2.8605301248, 6.1787755861, 0.81059735832, 0, 1.241206103, 2.2374791473, 1.2967122788, 1.9995079494, 5.4318830196, 0.41595838326, 0.24435736186, 0.62113656017, 0.68777533741, 1.3432336142, 0.70689555857, 1.4956029842, 57.4226821668, 37.1979905138, 0],
      [0.30624241257, 0, 0, 9.2143890145, 16.3396518873, 1.4006704504, 0.32406544003, 0, 1.538967832, 1.4410909308, 0.21572608782, 0, 0.14429786692, 4.4546820842, 18.972259087, 6.2700401373, 3.377090357, 24.7630633706, 2.9015452259, 18.4430391535, 4.4368930591, 11.0206495622, 0, 1.693587927, 0.43952316824, 14.7732756791, 7.2919419884, 0, 0, 1.7619597074, 11.7637427105, 0.85146816722, 3.1956649196, 0.45106019893, 0.00021900777207, 13.7203232136, 0, 2.2095584752, 3.287051867, 5.4800258356, 0.17856971938, 0, 1.4984308899, 0, 0, 0.74856857236, 3.3764992839, 2.404218495, 4.3104041789, 2.0527925643, 19.2919531532, 3.1791543367, 1.8874091543, 0.24526784084, 3.7304032415, 2.6650856902, 5.5278452681, 1.2899241148, 0.18373953347, 0, 0.73498871631, 3.7215000502, 0.65734275933, 0.25139935584, 0, 0.49326942918, 2.2578742989, 1.1668719395, 1.5558304222, 4.1867880064, 0.90837515357, 0.92683566466, 0.84876353845, 0.92428476854, 4.8111486762, 1.0919823594, 4.3951582398, 47.2777313741, 43.6771171647, 0.21890250467]
    ],
    [
      [0.76901271377, 0, 0, 21.4091314016, 27.8950670429, 2.864141545, 0, 0.99999984216, 5.6731891046, 1.6519450189, 2.83985184, 0, 0.9707366133, 13.5009981361, 38.0646052891, 13.4985718803, 4, 50.0588185605, 2, 28.296816751, 13, 14.9525666456, 0.95042119445, 2.815391482, 1.924186024, 29.2897944583, 25.0960820475, 0, 1.9324563984, 6.1118343638, 37.6775641109, 8.3238140831, 6.8353485236, 0.71436636282, 0, 25.0212263356, 0.98876299056, 8.0628766139, 5.7963367856, 7.0967061496, 0, 8.0361374783e-22, 2.5040318981, 2.5074302532e-27, 0, 0, 4.9530848248, 4.5910529496, 2.9388044274, 7.825131361, 21, 7.1208377362, 6.1364755474, 1.9217189537, 3.7276673992, 7.4792565179, 4.6373289962, 0.95475360376, 0, 4.4042293831e-27, 0.9399648534, 9.6873965844, 1.3390948065, 1.9186865836, 0, 4.8022962679, 7.9429584558, 9.6307095687, 4.7450326205, 9.539236629, 0, 0, 0, 3.4616721501, 7.4716053696, 1.6790121008, 22.9431263062, 189.1877556268, 108.4977640077, 3.9086159657],
