{
  "X": [
    [0, 7, 7, 3],
    [24, 410, 275, 19],
    [23, 378, 394, 32],
    [26, 242, 358, 27],
    [4, 49, 80, 7],
    [18, 210, 373, 25],
    [2, 33, 32, 1],
    [0, 6, 4, 0],
    [0, 4, 9, 1],
    [1, 7, 6, 0],
    [10, 161, 346, 13],
    [20, 193, 326, 31],
    [7, 94, 180, 12],
    [27, 212, 431, 28],
    [31, 840, 411, 75],
    [20, 737, 410, 43],
    [26, 602, 305, 45],
    [28, 516, 199, 33],
    [0, 8, 8, 2],
    [0, 9, 8, 1],
    [14, 87, 164, 20],
    [24, 355, 731, 43],
    [37, 235, 560, 32],
    [75, 576, 680, 89],
    [46, 482, 451, 64],
    [11, 44, 50, 5],
    [2, 44, 33, 1],
    [3, 6, 14, 1],
    [4, 57, 62, 6],
    [8, 63, 98, 10],
    [18, 571, 698, 76],
    [40, 494, 528, 88],
    [80, 905, 794, 140],
    [22, 277, 233, 50],
    [27, 437, 440, 52],
    [15, 169, 151, 23],
    [26, 324, 216, 42],
    [14, 349, 229, 36],
    [50, 748, 678, 68],
    [8, 197, 193, 21],
    [17, 208, 367, 19],
    [10, 117, 85, 8],
    [1, 33, 65, 2],
    [10, 77, 84, 14],
    [23, 169, 108, 14],
    [27, 159, 281, 15],
    [38, 593, 540, 74],
    [0, 2, 3, 0],
    [6, 72, 88, 7],
    [3, 29, 48, 3],
    [21, 201, 251, 17],
    [1, 18, 25, 0],
    [91, 2147, 2201, 260],
    [6, 46, 90, 15],
    [22, 200, 240, 27],
    [120, 863, 1053, 117],
    [10, 73, 93, 6]
  ],
  "W": [
    [1, 0, 1, 10, 2, 3],
    [12, 58, 232, 340, 56, 30],
    [12, 54, 215, 475, 57, 14],
    [17, 50, 116, 410, 43, 17],
    [3, 12, 34, 84, 6, 1],
    [8, 38, 108, 428, 31, 13],
    [0, 7, 16, 38, 4, 3],
    [0, 2, 1, 5, 1, 1],
    [1, 4, 0, 8, 0, 1],
    [1, 2, 4, 6, 1, 0],
    [8, 36, 64, 386, 23, 13],
    [21, 87, 54, 370, 22, 16],
    [8, 21, 37, 199, 19, 9],
    [24, 49, 91, 489, 26, 19],
    [33, 88, 457, 630, 112, 37],
    [33, 71, 353, 632, 93, 28],
    [19, 84, 295, 496, 63, 21],
    [22, 74, 248, 346, 59, 27],
    [3, 1, 4, 8, 1, 1],
    [1, 1, 7, 8, 0, 1],
    [5, 27, 37, 189, 14, 13],
    [20, 62, 164, 826, 58, 23],
    [31, 74, 93, 616, 30, 20],
    [91, 172, 298, 730, 77, 52],
    [34, 95, 288, 529, 66, 31],
    [4, 9, 31, 56, 3, 7],
    [1, 6, 28, 37, 5, 3],
    [0, 4, 3, 15, 1, 1],
    [0, 9, 31, 75, 5, 9],
    [5, 8, 25, 134, 5, 2],
    [52, 93, 259, 855, 70, 34],
    [54, 90, 267, 636, 71, 32],
    [92, 176, 479, 991, 128, 53],
    [34, 51, 127, 298, 56, 16],
    [50, 73, 216, 544, 49, 24],
    [18, 29, 93, 187, 19, 12],
    [25, 48, 221, 256, 43, 15],
    [16, 47, 204, 307, 37, 17],
    [48, 122, 395, 849, 81, 49],
    [8, 31, 120, 231, 21, 8],
    [24, 50, 87, 423, 18, 9],
    [9, 25, 49, 120, 9, 8],
    [2, 10, 18, 64, 3, 4],
    [4, 19, 42, 101, 12, 7],
    [9, 70, 78, 134, 16, 7],
    [20, 55, 74, 297, 23, 13],
    [51, 114, 298, 658, 92, 32],
    [0, 0, 2, 3, 0, 0],
    [2, 14, 39, 107, 8, 3],
    [3, 7, 14, 50, 4, 5],
    [9, 46, 110, 290, 24, 11],
    [0, 3, 3, 36, 1, 1],
    [136, 312, 1190, 2604, 319, 138],
    [8, 14, 20, 108, 5, 2],
    [15, 53, 121, 250, 31, 19],
    [58, 231, 450, 1244, 94, 76],
    [5, 30, 21, 115, 4, 7]
  ],
  "method": "mult",
  "cond_prob": [
    [
      [1.2325951644e-32, 0.099029703125, 0.069157705721, 0.83181259115],
      [0, 0.58914873179, 0.27359175326, 0.13725951495],
      [0, 0.95566039148, 0, 0.044339608522],
      [0, 0.3117674876, 0.62552985399, 0.062702658408],
      [0, 0.62070883614, 0, 0.37929116386],
      [6.162975822e-33, 0.52873911903, 0.22518125146, 0.24607962951]
    ],
    [
      [0.035942619613, 0.27307489237, 0.26941709668, 0.42156539134],
      [0.32350428088, 0.41101176084, 0.23909831317, 0.026385645114],
      [0.0018366118761, 0.9864824884, 0.00099969608399, 0.01068120364],
      [0.0057373105035, 0.26374450665, 0.72914548285, 0.0013726999999],
      [0.00015173362122, 0.8643646215, 0.0013213361402, 0.13416230874],
      [0.080672122155, 0.5314310263, 0.32279680642, 0.065100045121]
    ],
    [
      [0.028409639783, 0.18893413521, 0.22176837876, 0.56088784625],
      [0.33099972125, 0.36576627863, 0.25704063918, 0.046193360935],
      [0.0025956762154, 0.95930425808, 0.01427840771, 0.023821658],
      [0.0064700114402, 0.20951180409, 0.77765525622, 0.0063629282568],
      [0.00027233707764, 0.76578701226, 0.0044754542702, 0.22946519639],
      [0.081303595789, 0.46878780034, 0.33909854899, 0.11081005487]
    ],
    [
      [0.035816976137, 0.18021397027, 0.23985772648, 0.54411132711],
      [0.38294022977, 0.31989352067, 0.25642540656, 0.040740842992],
      [0.0039805836653, 0.95467887504, 0.017785561821, 0.023554979472],
      [0.0098995804113, 0.17557933518, 0.8114377987, 0.0030832857073],
      [0.0005798744012, 0.76207832253, 0.0062487211439, 0.23109308192],
      [0.099917037891, 0.43776715718, 0.35763709857, 0.10467870636]
    ],
    [
      [0.018568297019, 0.11823640591, 0.20065444863, 0.66254084844],
      [0.30856419113, 0.30677725773, 0.31731838912, 0.06734016202],
      [0.0011818273391, 0.92232159713, 0.036975679767, 0.039520895763],
      [0.0015723153801, 0.11094287658, 0.87968418239, 0.0078006256469],
      [0, 0.65038475464, 0.0080543790658, 0.34156086629],
      [0.069268193901, 0.38351922649, 0.39124527721, 0.15596730241]
    ],
    [
      [0.026844075171, 0.14588974291, 0.20963531391, 0.61763086802],
      [0.35297794144, 0.31647882497, 0.27385730229, 0.056685931306],
      [0.0030992238263, 0.94439115307, 0.018829568552, 0.033680054555],
      [0.0067607071845, 0.15848021426, 0.82704560891, 0.0077134696465],
      [0.00029846978728, 0.69789314726, 0.0056966991834, 0.29611168377],
      [0.087271862498, 0.41140176206, 0.36389448553, 0.13743188992]
    ],
    [
      [0.026103926743, 0.26822749222, 0.2838902854, 0.42177829564],
      [0.25990124867, 0.44702849385, 0.27074088008, 0.022329377399],
      [0, 0.98082869524, 0.0098238929113, 0.0093474118438],
      [0, 0.23812213062, 0.76018354041, 0.0016943289689],
      [0, 0.87946587686, 0.0035820957737, 0.11695202737],
      [0.060230419761, 0.5370123161, 0.34877621134, 0.053981052804]
    ],
    [
      [1.1102230246e-16, 0.60466737611, 0.39533262389, -0],
      [7.7037197775e-33, 0.74470446163, 0.25529553837, 0],
      [0, 1, 0, 0],
      [0, 0.35590968271, 0.64409031729, 0],
      [0, 1, 0, 0],
      [0, 0.73104266321, 0.26895733679, 0]
    ],
    [
      [0, 0.098602873946, 0.13845552745, 0.7629415986],
      [0, 0.55278655184, 0.41950313885, 0.027710309311],
      [0, 0.97059472163, 0.0081703200091, 0.021234958359],
      [0, 0.14950075172, 0.85049924828, 0],
      [5.5511151231e-17, 0.73804811077, 0.0028140564111, 0.25913783282],
      [0, 0.49424490491, 0.37953793094, 0.12621716415]
    ],
    [
      [0.07693911699, 0.40666668654, 0.51639419647, 0],
      [0.4615304415, 0.33273749036, 0.20573206814, 0],
      [0, 0.97430897952, 0.025691020476, 0],
      [0, 0.17312492919, 0.82687507081, 0],
      [0, 0.99187283953, 0.00812716047, 0],
      [0.11789311074, 0.50113050185, 0.38097638741, 0]
    ],
    [
      [0.020794053775, 0.19268040974, 0.28243715145, 0.50408838503],
      [0.2477559066, 0.37765039108, 0.33336761011, 0.041226092213],
      [0.00123531249, 0.96050736548, 0.017816042244, 0.020441279785],
      [0.00028414769014, 0.15658826335, 0.84248112787, 0.00064646109581],
      [0, 0.78808802876, 0.00626958988, 0.20564238136],
      [0.055822609569, 0.44781361066, 0.40439432287, 0.091969456897]
    ],
    [
      [0.015236164416, 0.17204782567, 0.20517225935, 0.60754375057],
      [0.21676462758, 0.42307419264, 0.29772514358, 0.062436036212],
      [0.00072427676788, 0.95905528699, 0.011322793753, 0.02889764249],
      [0, 0.20825037519, 0.7825792204, 0.0091704044079],
      [0, 0.73528031944, 0.003840218447, 0.26087946211],
      [0.048900437667, 0.47260934728, 0.34619174032, 0.13229847473]
    ],
    [
      [0.022092806119, 0.17239508965, 0.2511188537, 0.55439325053],
      [0.28246388243, 0.35766902263, 0.31257727147, 0.047289823475],
      [0.0015310772928, 0.95559225194, 0.018420921055, 0.024455749714],
      [0.0012691366658, 0.15831554447, 0.83968224693, 0.00073307193411],
      [0, 0.75357100619, 0.0074112484538, 0.23901774535],
      [0.064700884865, 0.43669266882, 0.38975239222, 0.10885405409]
    ],
    [
      [0.036066245685, 0.16676645935, 0.24195419731, 0.55521309765],
      [0.39262501854, 0.30227040902, 0.26264174731, 0.042462825128],
      [0.0039043142875, 0.95325961049, 0.016459105617, 0.026376969602],
      [0.0093360633342, 0.16183078691, 0.82547725317, 0.0033558965796],
      [0.00044486337912, 0.74557269606, 0.0052274856859, 0.24875495487],
      [0.10334685141, 0.41682028841, 0.3700833477, 0.10974951248]
    ],
    [
      [0.021910494806, 0.21784743703, 0.15900820823, 0.60123385993],
      [0.28013487244, 0.46613621418, 0.19809943175, 0.055629481626],
      [0, 0.97385978288, 0, 0.026140217116],
      [0.0051009295313, 0.37923512464, 0.60147589449, 0.014188051338],
      [0, 0.77877824964, 0, 0.22122175036],
      [0.065175656533, 0.55664417477, 0.25378825968, 0.12439190902]
    ],
    [
      [0.021213742012, 0.28673694476, 0.20051807066, 0.49153124257],
      [0.23045302985, 0.51903576241, 0.21258851083, 0.037922696912],
      [0, 0.98636249332, 0, 0.01363750668],
      [0.0023483123775, 0.3900346023, 0.60273801346, 0.0048790718701],
      [0, 0.85098701168, 0, 0.14901298832],
      [0.051915998994, 0.60201860043, 0.26281053198, 0.083254868591]
    ],
    [
      [0.021010785171, 0.23423549607, 0.15276467579, 0.59198904297],
      [0.26483822054, 0.49821724531, 0.18311567288, 0.053828861271],
      [0, 0.9765103798, 0, 0.023489620195],
      [0.0041870174431, 0.41396519997, 0.56801242824, 0.013835354349],
      [0, 0.79450415676, 0, 0.20549584324],
      [0.060839233552, 0.58324827932, 0.23721858244, 0.11869390469]
    ],
    [
      [0.029862343313, 0.28445701883, 0.1593811973, 0.52629944055],
      [0.3093336835, 0.49909454132, 0.15277319316, 0.038798582009],
      [0, 0.98435727733, 0, 0.015642722672],
      [0.0069841205244, 0.4694926122, 0.51551871195, 0.0080045553312],
      [0, 0.84034865399, 0, 0.15965134601],
      [0.075401117277, 0.61716038312, 0.21551566783, 0.091922831768]
    ],
    [
      [0, 0.23474201467, 0.22188451914, 0.54337346619],
      [0, 0.55346860054, 0.38924862678, 0.057282772677],
      [2.8799169354e-19, 0.98068284345, 0.019317156548, 0],
      [0, 0.18933738962, 0.81066261038, 0],
      [0, 0.78642841813, 0.0057098625532, 0.20786171931],
      [0, 0.51844644654, 0.37681844403, 0.10473510944]
    ],
    [
      [9.2444637331e-33, 0.097450461977, 0.14236020259, 0.76018933543],
      [0, 0.5085226424, 0.41953763842, 0.071939719173],
      [0, 0.95568617592, 0.039333581824, 0.0049802422547],
      [0, 0.15463439809, 0.84536560191, 0],
      [0, 0.70858259713, 0.0031808130993, 0.28823658977],
      [0, 0.46714847947, 0.39984227092, 0.13300924961]
    ],
    [
      [0.023426362495, 0.10586739271, 0.152695955, 0.71801028979],
      [0.38556734076, 0.28571352744, 0.24734614048, 0.081372991323],
      [0.0041875446589, 0.92930303909, 0.013015127808, 0.053494288445],
      [0.010944704006, 0.16477092327, 0.80264460547, 0.02163976726],
      [0.00052458247082, 0.59699473061, 0.0037546235818, 0.39872606333],
      [0.095516740227, 0.37481189411, 0.33263227228, 0.19703909338]
    ],
    [
      [0.022904396189, 0.1547980729, 0.23319825298, 0.58909927793],
      [0.30101801507, 0.33835071465, 0.30572472545, 0.05490654482],
      [0.0021475116335, 0.94846187761, 0.018931618865, 0.030458991894],
      [0.0034933885168, 0.15031246283, 0.84144908438, 0.0047450642725],
      [0.00012228227628, 0.71782691362, 0.0063017081112, 0.27574909599],
      [0.071042258556, 0.41680395733, 0.38582059561, 0.1263331885]
    ],
    [
      [0.03632971334, 0.1646669314, 0.26215754602, 0.53684580923],
      [0.3871443555, 0.29240722176, 0.28031297259, 0.040135450157],
      [0.0037536483081, 0.95284847917, 0.017652506853, 0.025745365668],
      [0.0078388414576, 0.14467625604, 0.84656548871, 0.00091941378561],
      [0.00039298302285, 0.74887162426, 0.0058279839751, 0.24490740874],
      [0.10177457292, 0.4027779851, 0.39145461993, 0.10399282205]
    ],
    [
      [0.031681745017, 0.18226006788, 0.23855807249, 0.54750011462],
      [0.34994665804, 0.33988095576, 0.26735387913, 0.042818507072],
      [0.0036048123288, 0.95378706268, 0.019907666067, 0.022700458923],
      [0.0085125677249, 0.18442057144, 0.80467643138, 0.0023904294583],
      [0.00047917649972, 0.76320069263, 0.0059613493608, 0.23035878151],
      [0.088477517644, 0.44870758211, 0.35578932499, 0.10702557526]
    ],
    [
      [0.029837209384, 0.16359567029, 0.19386331133, 0.61270380899],
      [0.36722687555, 0.33827186643, 0.23968606365, 0.054815194368],
      [0.0048445112779, 0.95069936194, 0.012366860324, 0.032089266463],
      [0.010897120038, 0.20604239011, 0.77076871663, 0.012291773227],
      [0.00070758272904, 0.72186508945, 0.0037017593744, 0.27372556844],
      [0.093305983731, 0.4471284965, 0.32567252837, 0.1338929914]
    ],
    [
      [0.074887127662, 0.15121638976, 0.21311349079, 0.56078299179],
      [0.61020791592, 0.19458770865, 0.16705341556, 0.028150959872],
      [0.026943281424, 0.9291227148, 0.018739495043, 0.025194508736],
      [0.051803714574, 0.14340189599, 0.80021464715, 0.004579742282],
      [0.0026273903608, 0.73848929695, 0.0043356449345, 0.25454766775],
      [0.20920690496, 0.37072383398, 0.31973053932, 0.10033872174]
    ],
    [
      [0.033806745243, 0.30261534067, 0.35088330586, 0.31269460823],
      [0.29368257172, 0.41155064679, 0.28016837783, 0.014598403663],
      [0, 0.97594805557, 0.021612810306, 0.0024391341205],
      [0, 0.2104346273, 0.7895653727, 0],
      [0, 0.91010194128, 0.0058793464684, 0.08401871225],
      [0.068032608156, 0.52164810196, 0.37321073883, 0.037108551054]
    ],
    [
      [0.016447211153, 0.037593598762, 0.068992202798, 0.87696698729],
      [0.58214489292, 0.17156336053, 0.19964500153, 0.04664674503],
      [0.010413172515, 0.92803211725, 0.017192577988, 0.044362132245],
      [0.031794991652, 0.11129852176, 0.8529012294, 0.004005257181],
      [0.0018087617002, 0.54585050029, 0.0047229594773, 0.44761777854],
      [0.1614472743, 0.31432187941, 0.35160085939, 0.17262998689]
    ],
    [
      [0.018759774943, 0.13325855134, 0.15067628359, 0.69730539013],
      [0.32403719485, 0.36178181406, 0.24270376162, 0.07147722947],
      [0.001850489732, 0.95226061401, 0.0080036845973, 0.037885211665],
      [0.0049052618531, 0.22440712157, 0.75670749984, 0.01398011674],
      [0.00013416200656, 0.67205688028, 0.0025294954171, 0.3252794623],
      [0.073081623965, 0.44811845782, 0.31131577309, 0.16748414513]
    ],
    [
      [0.040881526641, 0.13329205701, 0.13689293128, 0.68893348507],
      [0.51830734755, 0.26520587499, 0.16153119088, 0.054955586573],
      [0.0068292755518, 0.94892402418, 0.0036769673317, 0.040569732932],
      [0.023702901252, 0.24114049685, 0.71185702233, 0.023299579571],
      [0.00081649336034, 0.66689294973, 0.001543357047, 0.33074719986],
      [0.1490652315, 0.42075039219, 0.26740192782, 0.16278244849]
    ],
    [
      [0.011276706869, 0.18308697693, 0.19909662532, 0.60653969089],
      [0.17229274342, 0.46227846717, 0.29950058348, 0.065928205924],
      [0.0002499112626, 0.96305421293, 0.0087328506692, 0.027963025143],
      [0.0001278180582, 0.23381842822, 0.75552310529, 0.010530648437],
      [0, 0.74598062045, 0.0028777468417, 0.25114163271],
      [0.035775724942, 0.49773938371, 0.33405634112, 0.13242855023]
    ],
    [
      [0.024549201664, 0.1544866243, 0.17895079298, 0.64201338106],
      [0.33580718752, 0.35512779776, 0.24474721732, 0.064317797392],
      [0.0031098237971, 0.95096009253, 0.0086744063931, 0.037255677285],
      [0.0078282046261, 0.2132623615, 0.76031769803, 0.018591735842],
      [0.00037182629019, 0.70128064667, 0.0027382582011, 0.29560926884],
      [0.08175735846, 0.44887774859, 0.31990215109, 0.14946274186]
    ],
    [
      [0.027740963122, 0.17414953345, 0.17880231849, 0.61930718494],
      [0.34807419886, 0.36928836445, 0.22505512978, 0.057582306903],
      [0.0038491440154, 0.96267312916, 0.0010178253212, 0.032459901504],
      [0.0097594056283, 0.24620526131, 0.7278592137, 0.01617611936],
      [0.00057338489612, 0.73238737106, 0.00074562500621, 0.26629361904],
      [0.086756003118, 0.4741144237, 0.30281178776, 0.13631778542]
    ],
    [
      [0.02598788262, 0.18087157117, 0.1733739153, 0.61976663091],
      [0.33400913911, 0.38701275637, 0.22097911631, 0.057998988203],
      [0.00067002853875, 0.96772512453, 0, 0.031604846927],
      [0.0090417756447, 0.26485490651, 0.70846028296, 0.017643034885],
      [0, 0.74041860715, 0, 0.25958139285],
      [0.081400195608, 0.48883881553, 0.29463672665, 0.13512426221]
    ],
    [
      [0.024566296399, 0.20735334287, 0.21280637748, 0.55527398325],
      [0.29227077766, 0.4100655396, 0.25079527136, 0.046868411382],
      [0.0015917143631, 0.97105993325, 0.0057643618167, 0.021583990571],
      [0.004460257839, 0.25085195672, 0.73899858317, 0.0056892022684],
      [0.0001101503771, 0.78410572616, 0.002288096343, 0.21349602712],
      [0.069180436468, 0.50266491025, 0.31996575827, 0.10818889501]
    ],
    [
      [0.031712178045, 0.18248473498, 0.18941016078, 0.5963929262],
      [0.37377241046, 0.35667965899, 0.22004488509, 0.049503045459],
      [0.0043737913656, 0.96531071701, 0.0026823486614, 0.027633142962],
      [0.010860797405, 0.2439608465, 0.73398389818, 0.011194457916],
      [0.00058876424387, 0.75106245883, 0.0016178780613, 0.24673089887],
      [0.095071888279, 0.4755669137, 0.30617736422, 0.1231838338]
    ],
    [
      [0.03302666541, 0.1661707121, 0.1883897794, 0.61241284309],
      [0.39231210319, 0.33136957232, 0.22369171542, 0.052626609068],
      [0.0069106382864, 0.95182414808, 0.0085505667628, 0.032714646868],
      [0.012655929389, 0.2171892088, 0.75712378965, 0.013031072161],
      [0.0010235112723, 0.72607494245, 0.0028219158445, 0.27007963043],
      [0.10214482945, 0.45101306818, 0.31455635918, 0.13228574318]
    ],
    [
      [0.017373704629, 0.18479081211, 0.1673698078, 0.63046567546],
      [0.25268332561, 0.44494595374, 0.23730690586, 0.065063814791],
      [0, 0.96898021206, 0, 0.03101978794],
      [0.0028961294881, 0.29719343981, 0.68484377648, 0.015066654218],
      [0, 0.74281703887, 0, 0.25718296113],
      [0.056281921721, 0.51390043882, 0.28950700706, 0.1403106324]
    ],
    [
      [0.027967408757, 0.20997035244, 0.21272635201, 0.54933588679],
      [0.31667354825, 0.39895795137, 0.23971840681, 0.044650093566],
      [0.0022638955993, 0.9728490247, 0.0034933489343, 0.021393730769],
      [0.0062699663476, 0.25503489676, 0.73214083373, 0.0065543031555],
      [0.00023383562239, 0.78811537472, 0.0018759253108, 0.20977486435],
      [0.077285930956, 0.50226970521, 0.31477752763, 0.10566683621]
    ],
    [
      [0.014802943353, 0.16108680886, 0.18737073796, 0.63673950983],
      [0.23156563212, 0.41299285113, 0.28671532683, 0.068726189918],
      [0.00015474855416, 0.95456125954, 0.012621128454, 0.03266286345],
      [0.0012329614326, 0.21474798313, 0.77202602002, 0.011993035417],
      [0, 0.71449143993, 0.0035293644025, 0.28197919567],
      [0.049957242514, 0.46875895708, 0.33577453422, 0.14550926619]
    ],
    [
      [0.02685632936, 0.21230535211, 0.2716818063, 0.48915651223],
      [0.29113162546, 0.38071679951, 0.29161174438, 0.036539830652],
      [0.0044348055502, 0.96559151756, 0.015081832805, 0.014891844081],
      [0.0018628515396, 0.19160255518, 0.80653459328, 0],
      [0.0001186731113, 0.80850123395, 0.0046402762748, 0.18673981666],
      [0.069212935823, 0.47349627685, 0.37103022746, 0.086260559867]
    ],
    [
      [0.032585061426, 0.27613276293, 0.20352429465, 0.487757881],
      [0.32356435676, 0.45368595395, 0.19089531065, 0.031854378638],
      [0, 0.98738680597, 0, 0.012613194031],
      [0.0082037438086, 0.35436443082, 0.63562242098, 0.0018094043925],
      [0, 0.85058529989, 0, 0.14941470011],
      [0.079147033894, 0.57646292434, 0.26515100808, 0.079239033684]
    ],
    [
      [0.0085022466351, 0.1995305831, 0.3366602694, 0.45530690086],
      [0.089478772536, 0.44949224658, 0.43148532829, 0.029543652597],
      [0, 0.96716236361, 0.032837636386, 0],
      [0, 0.10080109069, 0.89919890931, 0],
      [0, 0.82199184663, 0.0080625306078, 0.16994562276],
      [0.022051945342, 0.44496211975, 0.4619577339, 0.071028201008]
    ],
    [
      [0.025968752437, 0.12456117075, 0.14916581804, 0.70030425877],
      [0.39679445986, 0.30982212592, 0.22063514529, 0.072748268928],
      [0.0056762130249, 0.94017037334, 0.0072284819896, 0.046924931641],
      [0.013961837276, 0.20292522569, 0.75979883845, 0.023314098584],
      [0.00094957780872, 0.64362405639, 0.0021129452321, 0.35331342057],
      [0.099584115328, 0.41557753889, 0.30609067113, 0.17874767465]
    ],
    [
      [0.027172833157, 0.23214513171, 0.19418878628, 0.54649324885],
      [0.30596645695, 0.44854286444, 0.20319156465, 0.04229911397],
      [0, 0.98127897097, 0, 0.018721029029],
      [0.0061285571179, 0.31514318358, 0.67200239122, 0.0067258680908],
      [0, 0.80914026384, 0, 0.19085973616],
      [0.073795123077, 0.54250039251, 0.28293871077, 0.10076577364]
    ],
    [
      [0.043930042746, 0.20414598681, 0.30861527443, 0.44330869602],
      [0.39840186109, 0.30135516404, 0.27952984692, 0.020713127959],
      [0.019438213761, 0.95766177683, 0.02290000941, 0],
      [0.0046840805139, 0.14527742782, 0.85003849166, 0],
      [0.00054972543444, 0.81573120337, 0.0077050678238, 0.17601400337],
      [0.1051579515, 0.42818161661, 0.39386951155, 0.072790920347]
    ],
    [
      [0.022178026806, 0.19448941783, 0.20353126089, 0.57980129447],
      [0.28091743824, 0.41083569236, 0.25559885484, 0.052648014562],
      [0.0012032308696, 0.96807798832, 0.0057006447739, 0.025018136041],
      [0.0036301871673, 0.24540033344, 0.74215018191, 0.00881929748],
      [0, 0.76572310014, 0.0019992276933, 0.23227767217],
      [0.065534584935, 0.49495580079, 0.32075298301, 0.11875663126]
    ],
    [
      [-0, 0.34113167091, 0.65886832909, -0],
      [-0, 0.48044118809, 0.51955881191, 0],
      [0, 0.94016025144, 0.059839748561, 0],
      [0, 0.039893165708, 0.96010683429, 0],
      [0, 0.99523563951, 0.0047643604878, -0],
      [-0, 0.47335738209, 0.52664261791, -0]
    ],
    [
      [0.024955935494, 0.15579667249, 0.18384616347, 0.63540122855],
      [0.34957547642, 0.34858427925, 0.2456417641, 0.056198480227],
      [0.0026150053663, 0.95497392413, 0.011599079966, 0.030811990535],
      [0.0065489856372, 0.21003234449, 0.77317683129, 0.010241838585],
      [0.00024549961538, 0.71702751632, 0.0034441417754, 0.27928284228],
      [0.083780263236, 0.45152090449, 0.32782825829, 0.13687057399]
    ],
    [
      [0.029623282166, 0.18402542255, 0.27491792906, 0.51143336622],
      [0.34675040667, 0.3263402474, 0.29379458231, 0.033114763617],
      [0.0054879484906, 0.96925050051, 0.025020765481, 0.0002407855139],
      [0, 0.14507369139, 0.85492630861, 0],
      [0, 0.79125840339, 0.0079034457291, 0.20083815088],
      [0.081409205589, 0.43506336207, 0.39809284128, 0.085434591056]
    ],
    [
      [0.033375703462, 0.18784669469, 0.23593794892, 0.54283965293],
      [0.36390065465, 0.33831531808, 0.25681408055, 0.040969946723],
      [0.0036058258619, 0.95657447143, 0.017366837223, 0.02245286548],
      [0.0087320210859, 0.18970477881, 0.79715878173, 0.004404418374],
      [0.00044080753227, 0.77168347345, 0.0050240483251, 0.22285167069],
      [0.092789292209, 0.45353582181, 0.35055770903, 0.10311717696]
    ],
    [
      [0.046300109839, 0.55231561694, 0.40138427322, 0],
      [0.30966845488, 0.4851078156, 0.20522372952, 0],
      [0.00095427031522, 0.99473428495, 0.004311444735, 0],
      [0.00011632638487, 0.33089466636, 0.66898900726, 0],
      [4.2388609796e-05, 0.99795370134, 0.00200391005, 0],
      [0.06390168594, 0.65031200816, 0.2857863059, 0]
    ],
    [
      [0.017213703832, 0.17601195517, 0.20592584506, 0.60084849594],
      [0.24050563051, 0.41150019179, 0.28724956029, 0.060744617407],
      [0.00070127792744, 0.95719291725, 0.013406450607, 0.028699354217],
      [0.0020684505945, 0.21293289008, 0.77532539043, 0.0096732688928],
      [0, 0.73883201363, 0.0041483774725, 0.2570196089],
      [0.05362618463, 0.4742759755, 0.34165142706, 0.13044641281]
    ],
    [
      [0.018673310569, 0.10053124225, 0.13913823554, 0.74165721164],
      [0.35223031868, 0.30518581141, 0.24951958976, 0.093064280146],
      [0.0029038262692, 0.92862580566, 0.0099049000067, 0.058565468067],
      [0.0064551248826, 0.17278660947, 0.78274580896, 0.038012456693],
      [0.00022390007484, 0.58448291759, 0.0026632234142, 0.41262995893],
      [0.081519770423, 0.38363208947, 0.3228291871, 0.21201895301]
    ],
    [
      [0.027303912717, 0.15653267243, 0.22936069047, 0.58680272438],
      [0.33980350698, 0.32075175849, 0.28854820189, 0.05089653264],
      [0.0030140458485, 0.93686251709, 0.031468783511, 0.028654653547],
      [0.0064737934388, 0.14789903912, 0.84028309662, 0.0053440708211],
      [0.00031366531542, 0.72138175247, 0.0088239836463, 0.26948059857],
      [0.083578100378, 0.41864252837, 0.3744470784, 0.12333229286]
    ],
    [
      [0.032113545088, 0.15804420945, 0.19019483838, 0.61964740708],
      [0.38931653779, 0.32285543753, 0.23264952687, 0.055178497807],
      [0.0055718315895, 0.95032331957, 0.010735004443, 0.033369844398],
      [0.01439007754, 0.20212516172, 0.77048310395, 0.01300165679],
      [0.00078075796348, 0.712312654, 0.0032815577907, 0.28362503024],
      [0.10162266094, 0.43693743838, 0.32376919638, 0.13767070431]
    ],
    [
      [0.026184961307, 0.23080648034, 0.21523230504, 0.52777625331],
      [0.29547792944, 0.4307859777, 0.2350666282, 0.038669464657],
      [0.001651092273, 0.97531143851, 0.0056278096501, 0.017409659565],
      [0.0041824009165, 0.27345600995, 0.71829719149, 0.0040643976509],
      [0.00015423431794, 0.81661350542, 0.002329748064, 0.1809025122],
      [0.069781618549, 0.53242184186, 0.30573708756, 0.092059452031]
    ]
  ],
  "expected_outcome": [
    [
      [1.2325951644e-32, 0.43131143536, 0.34091567739, 0.60888859433, 0.055704891057, 0.21475260137, 0, 0, 0, 0.07693911699, 0.1663524302, 0.31995945273, 0.17674244895, 0.86558989643, 0.7230463286, 0.70005348639, 0.39920491824, 0.65697155288, 0, 9.2444637331e-33, 0.11713181248, 0.45808792378, 1.1262211135, 2.8830387965, 1.0144651191, 0.29954851065, 0.033806745243, 0, 0, 0.2044076332, 0.58638875721, 1.3256568898, 2.5521686072, 0.88358800907, 1.2283148199, 0.57081920481, 0.82566663526, 0.27797927406, 1.3424356203, 0.11842354682, 0.64455190463, 0.29326555283, 0.01700449327, 0.10387500975, 0.24455549842, 0.87860085492, 1.1310793671, 0, 0.049911870988, 0.088869846497, 0.30038133116, 0, 2.3410637211, 0.14938648455, 0.40955869075, 1.8625856151, 0.13092480654],
      [0.099029703125, 3.2768987085, 2.2672096225, 3.0636374947, 0.35470921772, 1.1671179433, 0, 0, 0.098602873946, 0.40666668654, 1.5414432779, 3.613004339, 1.3791607172, 4.0023950245, 7.1889654221, 9.462319177, 4.4504744253, 6.2580544144, 0.704226044, 0.097450461977, 0.52933696357, 3.0959614579, 5.1046748735, 16.5856661768, 5.56225279, 0.60486555904, 0.30261534067, 0, 0, 0.66646028506, 9.5205228001, 8.3422777121, 16.0217570773, 6.1496334198, 10.3676671437, 3.2847252296, 4.1542678024, 2.9566529937, 10.0785769169, 1.2886944709, 5.0953284506, 2.4851948663, 0.3990611662, 0.49824468301, 2.0893061854, 4.0829197362, 9.9189603095, 0, 0.31159334498, 0.55207626766, 1.6906202522, 0, 23.9376259027, 0.80424993796, 2.3479900865, 9.166564148, 1.1540324017],
      [0.069157705721, 3.2330051601, 2.6612205451, 4.0775813502, 0.6019633459, 1.6770825112, 0, 0, 0.13845552745, 0.51639419647, 2.2594972116, 4.3086174463, 2.0089508296, 5.8069007354, 5.2472708715, 6.6170963318, 2.90252884, 3.5063863406, 0.66565355742, 0.14236020259, 0.763479775, 4.6639650597, 8.1268839267, 21.7087845962, 6.5913525852, 0.85245396315, 0.35088330586, 0, 0, 0.68446465641, 10.3530245165, 9.663342821, 16.4498133009, 5.8947131202, 10.6403188739, 3.409382894, 4.709744485, 2.6779169248, 10.2108648966, 1.4989659037, 6.5203633512, 1.8317186518, 0.67332053881, 0.59666327218, 1.7476990765, 6.1723054886, 10.3800943054, 0, 0.36769232694, 0.82475378718, 2.1234415403, 0, 28.0059149285, 1.1131058843, 3.4404103571, 11.0313006261, 1.0761615252],
      [0.83181259115, 5.0587846961, 6.730654155, 9.2498925609, 1.9876225453, 4.9410469441, 0, 0, 0.7629415986, 0, 4.0327070802, 12.758418762, 4.4351460042, 13.3251143437, 19.8407173778, 16.2205310049, 11.2477918165, 11.5785876921, 1.6301203986, 0.76018933543, 3.590051449, 11.7819855586, 16.6422200862, 49.8225104305, 20.8319295058, 2.2431319672, 0.31269460823, 0, 0, 3.4446674253, 31.5400639261, 34.668722577, 56.9762610146, 21.0720654509, 27.7636991625, 10.7350726717, 15.3103210774, 10.0874508074, 26.3681225661, 5.0939160786, 11.7397562936, 4.389820929, 0.91061380172, 2.8012170351, 4.9184392397, 8.8661739203, 29.5698660179, 0, 1.2708024571, 1.5343000987, 4.8855568763, 0, 81.7153954476, 5.9332576932, 8.8020408657, 35.9395496108, 2.6388812666]
    ],
    [
      [0, 18.7632482908, 17.8739849477, 19.1470114885, 3.7027702936, 13.4131617745, 1.8193087407, 1.5407439555e-32, 0, 0.92306088301, 8.9192126376, 18.8585225991, 5.9317415309, 19.2386259083, 24.6518687749, 16.3621651192, 22.2464105254, 22.8906925792, 0, 0, 10.4103182004, 18.6631169346, 28.6486823069, 60.1908251824, 34.886553177, 5.4918712432, 1.7620954303, 2.3285795717, 2.9163347536, 4.1464587804, 16.023225138, 30.2226468768, 61.2610589997, 17.0344660947, 21.3357667695, 10.8393999034, 18.8309809533, 11.8761163038, 38.6341728866, 7.1785345956, 14.5565812728, 8.089108919, 0.89478772536, 7.5390947373, 21.4176519862, 21.9121023597, 32.0245879597, 0, 4.8940566699, 2.4272528467, 16.739430114, 0.92900536465, 75.0377567182, 4.9312244615, 18.0095858699, 89.9321202299, 8.8643378832],
      [0, 23.8386821288, 19.7513790462, 15.9946760337, 3.6813270927, 12.0261953488, 3.1291994569, 1.4894089233, 2.2111462074, 0.66547498072, 13.5954140787, 36.8074547593, 7.5110494753, 14.8112500421, 41.0199868476, 36.8515391314, 41.8502486058, 36.932996058, 0.55346860054, 0.5085226424, 7.7142652409, 20.9777443084, 21.6381344102, 58.4595243912, 32.1358273108, 1.7512893779, 2.4693038807, 0.6862534421, 3.2560363266, 2.1216469999, 42.9918974471, 31.9615017987, 64.9947521435, 19.737650575, 29.9347843906, 10.3437101107, 15.9057394715, 20.9124598256, 48.6728700671, 12.8027783851, 19.0358399755, 11.3421488488, 4.4949224658, 5.8866203925, 31.3980005106, 16.574534022, 46.8352689287, 0, 4.8801799095, 2.2843817318, 15.5625046315, 1.4553234468, 128.3880598392, 4.2726013598, 16.9998432, 74.5796060691, 12.923579331],
      [0, 13.8677021638, 13.8801945156, 12.8212703282, 3.8078206694, 10.4065774871, 1.8951861605, 0.51059107674, 1.6780125554, 0.41146413627, 12.001233964, 25.902087491, 6.5641227008, 12.8694456183, 17.4327499943, 15.0937842686, 15.3817165221, 11.3052162942, 0.38924862678, 0.41953763842, 6.678345793, 18.9549329782, 20.7431599713, 45.98486721, 22.7701760472, 1.50348074, 1.681010267, 0.7985800061, 2.1843338546, 1.2922495271, 27.8535542639, 22.0272495592, 39.6097028418, 11.269934932, 18.308054809, 6.3813016676, 10.73720234, 11.1534245754, 29.2456456313, 8.8881751318, 14.5805872191, 4.7723827663, 4.3148532829, 4.1920677605, 14.2234095253, 15.3741415805, 29.1382694516, 0, 3.4389846974, 2.0565620762, 11.8134477052, 0.61567118856, 89.6218628116, 3.4932742567, 15.2930547002, 53.7420407076, 7.0519988461],
      [0, 1.5303674166, 2.4944414905, 2.0370421496, 0.80808194424, 2.1540653896, 0.15630564179, 0, 0.11084123724, 0, 1.4841393197, 5.4319351505, 0.99308629298, 2.0806784313, 4.8953943831, 2.6925114808, 4.5216243467, 2.8710950686, 0.057282772677, 0.071939719173, 2.1970707657, 3.4042057788, 2.9700233116, 7.3647832164, 5.207443465, 0.25335863885, 0.087590421978, 0.18658698012, 0.64329506523, 0.43964469258, 6.1313231509, 5.7886017653, 10.1344860149, 2.9579483984, 3.4213940309, 1.4355883183, 2.5260772352, 3.0579992952, 5.447311415, 2.1305118875, 1.8269915326, 0.79635946596, 0.29543652597, 1.3822171096, 2.9609379779, 1.1392220377, 6.00187366, 0, 0.78677872318, 0.23180334532, 1.8846175492, 0, 18.9523206309, 1.302899922, 2.6975162299, 12.7462329934, 1.1600839397]
    ],
    [
      [0, 0.42609395525, 0.55807038632, 0.46174770517, 0.040182129531, 0.33471617324, 0, 0, 0, 0, 0.079059999361, 0.039110945465, 0.056649859834, 0.35529260016, 0, 0, 0, 0, 1.1519667742e-18, 0, 0.15493915238, 0.35219190789, 0.34908929266, 1.074234074, 1.395219248, 0.83524172416, 0, 0.031239517546, 0.057365181693, 0.1707318888, 0.064727017013, 0.83032295383, 1.8437399834, 0.085093624422, 0.34381030242, 0.406762597, 1.5272510613, 0, 0.89423876173, 0.0185698265, 0.38582808287, 0, 0, 0.23840094704, 0, 1.4384278183, 0.35856279915, 0, 0.10198520928, 0.076831278869, 0.39664084481, 0.0028628109457, 0.83452073365, 0.058076525383, 0.36469954766, 2.5073242153, 0.034672937733],
      [0.95566039148, 228.8639373088, 206.2504154862, 110.7427495048, 31.3589343024, 101.9942445313, 15.6932591239, 1, 0, 3.8972359181, 61.4724713908, 51.7889854974, 35.3569133217, 86.7466245549, 445.0539207781, 348.1859601421, 288.0705620424, 244.1206047774, 3.9227313738, 6.6898032314, 34.3842124463, 155.5477479277, 88.6149085629, 284.2285446788, 273.8014162373, 28.8028041587, 27.326545556, 2.7840963518, 29.5200790342, 23.7231006046, 249.4310411476, 253.9063447042, 461.1204288674, 122.9010908158, 209.7489455818, 89.773896682, 210.3531367262, 197.6719632602, 384.2753647554, 114.5473511451, 84.006462028, 48.3819534925, 17.4089225451, 39.4871556805, 76.5397597358, 70.8669714854, 288.4872405181, 1.8803205029, 37.2439830412, 13.5695070072, 105.2231918578, 2.9842028548, 1139.0595715255, 18.5725161131, 113.3603645683, 427.645493806, 20.4815402088],
      [0, 0.23192949148, 3.0698576576, 2.0631251712, 1.2571731121, 2.0335934036, 0.15718228658, 0, 0, 0.1027640819, 1.1402267036, 0.61143086266, 0.68157407905, 1.4977786111, 0, 0, 0, 0, 0.077268626193, 0.27533507277, 0.48155972889, 3.1047854938, 1.6416831374, 5.9324844881, 3.5616557733, 0.58092434635, 0.60515868858, 0.051577733963, 0.24811422252, 0.091924183293, 2.2618083233, 2.316066507, 0.48753832885, 0, 1.2451021524, 0.24945842551, 1.8896752546, 0, 1.3798728291, 1.5145354144, 1.3121194541, 0, 0.59107745495, 0.30359624356, 0, 1.6946006963, 1.6987921426, 0.11967949712, 0.45236411867, 0.35029071673, 1.9103520946, 0.012934334205, 15.9536762221, 0.19809800013, 3.8077228048, 4.8307519996, 0.11818400265],
      [0.044339608522, 2.4780392445, 5.1216564699, 2.7323776188, 1.3437104559, 3.6374458919, 0.1495585895, 0, 0, 0, 1.3082419062, 1.5604726945, 0.9048627394, 2.4003042338, 11.9460792219, 4.8140398579, 6.9294379576, 3.8793952226, 0, 0.034861695783, 1.9792886725, 4.9952746706, 2.3943190071, 6.7647367591, 9.2417087413, 0.7810297708, 0.068295755375, 0.13308639674, 1.1744415616, 1.0142433233, 7.242423512, 9.947265835, 15.5482928204, 4.0138155598, 4.6621419634, 2.5698822955, 7.2299369579, 6.3280367398, 8.4505236538, 3.919543614, 1.2955904351, 0.61804650751, 0, 1.9708471289, 1.4602402642, 0, 7.4554045402, 0, 1.2016676309, 0.0033709971946, 2.4698152028, 0, 34.1522315188, 1.1713093613, 3.4672130792, 15.0164299792, 0.36560285086]
    ],
    [
      [0, 1.9506855712, 3.0732554341, 4.0588279686, 0.13207449193, 2.893582675, 0, 0, 0, 0, 0.10968100839, 0, 0.25255819649, 4.5653349704, 3.2135856047, 1.4841334226, 2.0767606518, 2.4165057015, 0, 0, 2.0685490572, 2.8855389149, 4.8287263379, 6.2141744391, 5.7645765001, 2.9010080161, 0, 0.47692487478, 0.36789463898, 3.1761887678, 0.10928443976, 4.9787381422, 9.6715709777, 2.6944491421, 2.4263802644, 2.0309691148, 3.2399179237, 0.88911175284, 5.3232014291, 0.28481409094, 0.78798620125, 0.98444925704, 0, 1.4101455649, 0.8212266538, 1.3911719126, 2.3886631561, 0, 0.70074146318, 0, 2.5322861149, 0.0041877498555, 5.386245348, 0.69715348732, 1.6184483597, 17.9012564594, 0.4809761054],
      [3.117674876, 89.6731322607, 99.5181069415, 71.9875274258, 9.3192016328, 67.8295317048, 9.0486409634, 1.7795484135, 1.1960060138, 1.0387495751, 60.4430696524, 77.05263882, 31.5047933487, 79.1352548011, 238.9181285263, 246.5018686514, 205.3267391846, 162.4444438202, 1.514699117, 1.2370751847, 31.1417044973, 124.1580942972, 89.1205737235, 134.6270171509, 108.9964243666, 8.0305061756, 7.7860812103, 1.6694778264, 16.8305341175, 32.3128265774, 199.9147561276, 135.6348619165, 243.98941396, 78.9267621406, 136.4634644561, 45.6206782957, 55.6004374517, 91.2383860224, 216.5246273527, 49.6067841038, 81.0478808432, 42.5237316986, 6.451269804, 20.4954477951, 42.2291865992, 43.1473960629, 161.4734194059, 0.11967949712, 22.4734608603, 7.2536845694, 55.0143858558, 11.9122079889, 554.4772457655, 18.6609538223, 36.9747597797, 251.443701184, 31.4474411438],
      [6.2552985399, 247.9094641681, 369.3862467024, 332.6894974656, 73.893471321, 353.9755206115, 28.8869745358, 3.2204515865, 6.8039939862, 4.9612504249, 325.1977153562, 289.5543115491, 167.0967671399, 403.658376801, 378.9298135259, 380.9304245041, 281.7341644067, 178.3694743338, 6.485300883, 6.7629248153, 151.6998304334, 695.0369436987, 521.4843410467, 587.4137949054, 407.7366510962, 44.8120202404, 29.2139187897, 12.7935184411, 56.753062488, 95.3888409924, 645.9722550194, 483.5620559457, 721.3084807762, 211.1211643214, 402.0152292455, 137.2549889591, 193.8236901514, 210.2470393798, 621.5875678392, 178.3380106239, 341.1641329556, 76.2746905173, 57.548730196, 76.7396826831, 90.0483204228, 252.4614320245, 488.3348196961, 2.8803205029, 82.7299209479, 42.7463154306, 231.1760467009, 24.0836042613, 2018.9473166896, 84.5365473676, 210.0707741554, 958.48098131, 82.604177021],
      [0.62702658408, 0.46671799998, 3.022390922, 1.26414714, 0.65525255434, 3.3013650087, 0.06438450082, 0, 0, 0, 0.24953398298, 3.3930496309, 0.14588131489, 1.6410334274, 8.9384723431, 3.0835734219, 6.8623357569, 2.7695761446, 0, 0, 4.0899160122, 3.9194230891, 0.56635889194, 1.7450135046, 6.5023480371, 0.25646556779, 0, 0.060078857715, 1.0485087555, 3.1221436625, 9.0037044133, 11.8243439956, 16.0305342862, 5.2576243958, 3.094926034, 2.0933636303, 3.3359544732, 4.625462845, 5.564603379, 2.7703911814, 0, 0.2171285271, 0, 2.354723957, 0.90126632416, 0, 5.8030977419, 0, 1.0958767286, 0, 1.2772813284, 0, 25.1891921968, 4.1053453228, 1.3360177053, 16.1740610467, 0.46740572985]
    ],
    [
      [0, 0.0084970827883, 0.015523213425, 0.024934599251, 0, 0.0092525634058, 0, 0, 0, 0, 0, 0, 0, 0.011566447857, 0, 0, 0, 0, 0, 0, 0.0073441545915, 0.0070923720244, 0.011789490686, 0.036896590479, 0.046700460117, 0.0078821710825, 0, 0.0018087617002, 0.0006708100328, 0.0040824668017, 0, 0.026399666603, 0.073393266703, 0, 0.0053973684777, 0.011186520634, 0.044010984708, 0, 0.018940685413, 0, 0.0021361160034, 0, 0, 0.011394933705, 0, 0.012643684992, 0, 0, 0.0019639969231, 0, 0.010579380774, 4.2388609796e-05, 0, 0.0011195003742, 0.0097236247781, 0.073391248567, 0.00061693727177],
      [1.2414176723, 48.4044188042, 43.6498596988, 32.7693678689, 3.9023085279, 21.6346875652, 3.5178635074, 1, 0, 0.99187283953, 18.1260246615, 16.1761670278, 14.3178491177, 19.3848900976, 87.2231639594, 79.141792086, 50.0537618761, 49.5805705857, 0.78642841813, 0, 8.3579262286, 41.6339609902, 22.4661487279, 58.7664533327, 47.6430959039, 2.2154678909, 4.5505097064, 0.54585050029, 3.3602844014, 3.3344647487, 52.2186434312, 49.7909259135, 93.7455834956, 41.4634420003, 38.4211805818, 14.2701867177, 31.2212225254, 27.4842304382, 63.8373453525, 15.0043202385, 14.5530222111, 7.655267699, 2.4659755399, 7.7234886767, 12.9462442214, 18.7618176776, 70.4465252125, 0, 5.7362201306, 3.1650336135, 18.5204033628, 0.99795370134, 235.6874123479, 2.9224145879, 22.3628343265, 66.9573894763, 3.2664540217],
