{
  "X": [
    [18, 40, 74, 400, 24],
    [7, 94, 68, 371, 17],
    [0, 16, 4, 15, 0],
    [17, 25, 24, 287, 10],
    [6, 13, 15, 89, 3],
    [21, 26, 45, 233, 9],
    [0, 14, 20, 63, 4],
    [0, 1, 1, 4, 0],
    [3, 9, 4, 37, 1],
    [0, 2, 1, 3, 0],
    [0, 5, 0, 6, 0],
    [0, 3, 4, 12, 0],
    [41, 59, 96, 497, 26],
    [68, 54, 113, 481, 28],
    [6, 135, 54, 125, 3],
    [5, 127, 80, 183, 9],
    [13, 36, 44, 413, 29],
    [6, 27, 35, 124, 8],
    [31, 48, 57, 205, 11],
    [10, 108, 86, 200, 4],
    [9, 17, 8, 122, 1],
    [12, 22, 17, 173, 4],
    [30, 113, 199, 654, 37],
    [46, 131, 363, 1238, 86],
    [35, 83, 267, 805, 54],
    [13, 24, 34, 187, 9],
    [9, 8, 31, 99, 3],
    [5, 10, 31, 63, 2],
    [1, 3, 13, 13, 3],
    [4, 8, 15, 32, 6],
    [0, 0, 2, 21, 1],
    [2, 4, 9, 46, 1],
    [1, 4, 13, 22, 1],
    [22, 21, 35, 258, 13],
    [11, 20, 21, 199, 9],
    [7, 13, 13, 114, 7],
    [16, 41, 52, 428, 19],
    [6, 34, 29, 264, 5],
    [3, 5, 10, 81, 1],
    [0, 25, 3, 27, 0],
    [40, 86, 161, 623, 59],
    [49, 141, 153, 911, 58],
    [12, 61, 48, 171, 14],
    [3, 5, 2, 32, 0],
    [19, 121, 93, 167, 8],
    [8, 34, 25, 137, 6],
    [13, 53, 148, 309, 12],
    [1, 10, 3, 37, 2],
    [0, 9, 6, 32, 0],
    [1, 4, 3, 31, 4],
    [38, 115, 189, 1121, 37],
    [1, 9, 7, 58, 0],
    [4, 11, 13, 70, 1],
    [2, 6, 7, 29, 1],
    [111, 205, 497, 2434, 128],
    [2, 1, 12, 29, 1],
    [26, 28, 23, 181, 6],
    [32, 56, 71, 415, 22],
    [24, 33, 22, 107, 6],
    [10, 55, 66, 351, 14],
    [10, 18, 13, 113, 6],
    [8, 91, 60, 415, 26],
    [60, 61, 221, 693, 26],
    [0, 11, 7, 42, 1],
    [14, 36, 43, 395, 20],
    [42, 93, 109, 964, 30],
    [5, 24, 52, 238, 7],
    [5, 39, 62, 326, 15],
    [5, 5, 4, 91, 6],
    [11, 25, 41, 315, 13],
    [4, 22, 41, 95, 2],
    [6, 14, 18, 97, 2],
    [1, 14, 14, 62, 4],
    [114, 236, 565, 2229, 83],
    [22, 98, 169, 761, 24],
    [25, 55, 85, 347, 15],
    [61, 320, 432, 1791, 90],
    [4, 41, 37, 150, 6]
  ],
  "W": [
    [37, 87, 384, 25, 23],
    [100, 84, 333, 17, 23],
    [19, 4, 8, 2, 2],
    [28, 29, 267, 18, 21],
    [13, 18, 76, 11, 8],
    [31, 57, 198, 31, 17],
    [10, 22, 64, 4, 1],
    [2, 1, 3, 0, 0],
    [11, 9, 31, 1, 2],
    [4, 0, 2, 0, 0],
    [3, 0, 8, 0, 0],
    [3, 5, 8, 2, 1],
    [66, 120, 446, 43, 44],
    [53, 136, 457, 54, 44],
    [100, 66, 124, 23, 10],
    [103, 91, 186, 12, 12],
    [41, 64, 377, 17, 36],
    [22, 38, 122, 9, 9],
    [45, 74, 179, 25, 29],
    [115, 83, 192, 8, 10],
    [25, 12, 104, 5, 11],
    [26, 21, 152, 13, 16],
    [128, 192, 612, 41, 60],
    [164, 360, 1156, 80, 104],
    [107, 257, 761, 56, 63],
    [25, 29, 172, 18, 23],
    [14, 24, 95, 12, 5],
    [13, 25, 65, 4, 4],
    [2, 14, 11, 1, 5],
    [7, 21, 27, 3, 7],
    [0, 2, 20, 0, 2],
    [3, 12, 43, 1, 3],
    [2, 13, 23, 2, 1],
    [33, 46, 227, 12, 31],
    [21, 26, 174, 15, 24],
    [14, 15, 107, 5, 13],
    [58, 55, 390, 22, 31],
    [37, 39, 242, 8, 12],
    [8, 7, 75, 4, 6],
    [23, 8, 21, 2, 1],
    [85, 199, 548, 57, 80],
    [173, 179, 807, 59, 94],
    [59, 58, 162, 15, 12],
    [2, 4, 29, 5, 2],
    [132, 91, 157, 18, 10],
    [40, 21, 113, 19, 17],
    [73, 129, 278, 24, 31],
    [10, 3, 32, 3, 5],
    [11, 3, 31, 1, 1],
    [6, 2, 33, 0, 2],
    [131, 201, 1037, 67, 64],
    [8, 8, 55, 3, 1],
    [9, 14, 69, 2, 5],
    [6, 9, 24, 1, 5],
    [289, 539, 2227, 150, 170],
    [5, 9, 27, 1, 3],
    [42, 26, 167, 10, 19],
    [77, 72, 366, 36, 45],
    [30, 37, 97, 15, 13],
    [65, 71, 312, 18, 30],
    [16, 19, 108, 11, 6],
    [86, 77, 379, 25, 33],
    [78, 215, 647, 75, 46],
    [9, 8, 38, 2, 4],
    [54, 54, 357, 21, 22],
    [124, 132, 852, 55, 75],
    [30, 55, 210, 14, 17],
    [47, 57, 312, 15, 16],
    [10, 3, 80, 2, 16],
    [25, 47, 283, 24, 26],
    [30, 29, 92, 8, 5],
    [13, 16, 95, 8, 5],
    [13, 15, 59, 3, 5],
    [264, 560, 2011, 199, 193],
    [119, 175, 698, 32, 50],
    [62, 90, 327, 30, 18],
    [358, 423, 1669, 94, 150],
    [48, 36, 137, 5, 12]
  ],
  "method": "mvn_cdf",
  "mvncdf_method": "genz",
  "mvncdf_samples": 5000,
  "mvncdf_error": 1e-06,
  "cond_prob": [
    [
      [0.010589753432, 0.71458929174, 0.12757469374, 0.13895018654, 0.0082960745488],
      [0.005181827323, 0.11197760118, 0.62937404959, 0.108609223, 0.1448572989],
      [0.0010230253141, 0.0030663313407, 0.027972201059, 0.96793844229, 0],
      [0.46636735616, 0.081927417551, 0.13426189772, 0.25564210474, 0.061801223818],
      [0.22197106614, 0.025760357788, 0.018535711621, 0.31871418438, 0.41501868007]
    ],
    [
      [0, 0.76574748146, 0.089858815995, 0.13985525452, 0.0045384480153],
      [0, 0.16312671937, 0.59873309691, 0.14667501573, 0.091465167988],
      [0, 2.9670184491e-05, 0.017093241171, 0.97942879106, 0.0034482975841],
      [0.2609756392, 0.13954825728, 0.15020904432, 0.40413831218, 0.045128747023],
      [0.11145278842, 0.05827856004, 0.020649356369, 0.50754932593, 0.30206996924]
    ],
    [
      [0, 0.76084365672, 0.064943735818, 0.17421260747, 0],
      [0, 0.19226475231, 0.60105712498, 0.20667812272, 0],
      [0, 0, 0.0060474045334, 0.99395259547, 0],
      [0, 0.24704742419, 0.13761636592, 0.61533620989, 0],
      [0, 0.14040833239, 0.019114275724, 0.84047739189, 0]
    ],
    [
      [0.0156672173, 0.68592045803, 0.098575707968, 0.19405500592, 0.0057816107824],
      [0.0058631880182, 0.12409675533, 0.57808706818, 0.17813671665, 0.11381627182],
      [0, 0.0024618699848, 0.010357322266, 0.9844989757, 0.0026818320452],
      [0.55170409524, 0.059643213713, 0.080187444839, 0.2767292648, 0.031735981413],
      [0.30764817851, 0.022120197048, 0.012694102261, 0.40753056057, 0.25000696161]
    ],
    [
      [0.0072301510052, 0.70919535584, 0.098357849793, 0.18220402794, 0.0030126154279],
      [0.00327349739, 0.13130230119, 0.62731289255, 0.17794040527, 0.060170903598],
      [0.0024009318923, 0.0024895932251, 0.012609632335, 0.98035662247, 0.0021432200766],
      [0.37053257174, 0.088652755568, 0.12027367133, 0.39681469952, 0.023726301839],
      [0.19859449637, 0.031578694548, 0.018546680581, 0.56954441743, 0.18173571108]
    ],
    [
      [0.015605161531, 0.59465531061, 0.12633229395, 0.2585806507, 0.0048265832061],
      [0.0052887551991, 0.09253485214, 0.62230265249, 0.20000261442, 0.079871125746],
      [0.0016907741078, 0.0023724177533, 0.012154672452, 0.98212444437, 0.0016576913181],
      [0.49043795781, 0.04882662836, 0.09505108043, 0.34136271155, 0.024321621847],
      [0.27508417534, 0.018107917922, 0.015249356278, 0.50240980959, 0.18914874087]
    ],
    [
      [0, 0.86051336709, 0.08912394391, 0.045600330734, 0.0047623582641],
      [0, 0.17484628899, 0.66151359167, 0.052070068797, 0.11157005055],
      [0, 0.00031730259878, 0.052900436626, 0.93881651877, 0.007965742001],
      [0, 0.35742822792, 0.28469368849, 0.26327834788, 0.094599735712],
      [0, 0.098227693319, 0.031058846216, 0.26108458604, 0.60962887443]
    ],
    [
      [9.8607613153e-31, 0.47891299554, 0.098955558274, 0.42213144619, 0],
      [0, 0.031365044868, 0.79478399918, 0.17385095595, 0],
      [0, 0.0036029880185, 0.0024349614252, 0.99396205056, 0],
      [0.42430195475, 0.08102582619, 0.15485986396, 0.30186523325, 0.037947121854],
      [0.23445718332, 0.02911269747, 0.024284241061, 0.42899628454, 0.28314959361]
    ],
    [
      [0.0076123741472, 0.6927252284, 0.0063616198667, 0.28848271422, 0.0048180633689],
      [0.029831172498, 0.15163666407, 0.43633098977, 0.30747803298, 0.074723140685],
      [0, 0, 0, 0.99285610485, 0.007143895149],
      [0.96722934862, 0.0040369849629, 0.0022247571158, 0.025155770112, 0.0013531391872],
      [0.84027699164, 0.0056277630003, 0.00040925820304, 0.12784641317, 0.025839573984]
    ],
    [
      [0, 0.5, 0.25, 0.25, 0],
      [0.0030504791744, 0.10498991374, 0.68391609563, 0.12251329832, 0.085530213139],
      [0, 0, 0, 1, 5.1311593867e-14],
      [0.42430195475, 0.08102582619, 0.15485986396, 0.30186523325, 0.037947121854],
      [0.23445718332, 0.02911269747, 0.024284241061, 0.42899628454, 0.28314959361]
    ],
    [
      [0, 1, 0, 0, 0],
      [0.0030504791744, 0.10498991374, 0.68391609563, 0.12251329832, 0.085530213139],
      [0, 0.25, 0, 0.75, 0],
      [0.42430195475, 0.08102582619, 0.15485986396, 0.30186523325, 0.037947121854],
      [0.23445718332, 0.02911269747, 0.024284241061, 0.42899628454, 0.28314959361]
    ],
    [
      [0, 0.69678505952, 0.086463315838, 0.21675162464, 0],
      [0, 0.11447084174, 0.66122850487, 0.22430065339, 0],
      [0, 0, 0.016767324271, 0.98323267573, 0],
      [0, 0.13109857455, 0.14164874995, 0.7272526755, 0],
      [0, 0.075093463615, 0.01703143407, 0.90787510232, 0]
    ],
    [
      [0.018929772374, 0.64643944039, 0.12704495663, 0.20133342502, 0.0062524055831],
      [0.0017981254954, 0.10680071573, 0.62890523092, 0.1581295034, 0.10436642445],
      [0, 0.00099217633823, 0.016907651236, 0.97956981835, 0.0025303540724],
      [0.57449724171, 0.051287057263, 0.091473010101, 0.25272919837, 0.030013492551],
      [0.33707905841, 0.019796748565, 0.015278483337, 0.38593088693, 0.24191482275]
    ],
    [
      [0.041771944585, 0.66922413228, 0.1350564805, 0.14696657456, 0.006980868074],
      [0, 0.10966551875, 0.66682239811, 0.11403371353, 0.10947836961],
      [0, 0, 0.025008477689, 0.96789463389, 0.0070968884225],
      [0.75560491638, 0.054294674819, 0.058873574894, 0.11165347008, 0.019573363822],
      [0.56780503301, 0.01556131815, 0.012411660065, 0.21238753266, 0.19183445612]
    ],
    [
      [0, 0.93556482399, 0.060314744726, 0.0041204312833, 0],
      [0.0065898880885, 0.4070818974, 0.53333931789, 0.040720326759, 0.012268569858],
      [0, 0.017107776522, 0.067854170964, 0.91503805251, 0],
      [0.17956419195, 0.44176569838, 0.17190172787, 0.1910505563, 0.0157178255],
      [0.14350909712, 0.22941370208, 0.040047360606, 0.4041533999, 0.18287644029]
    ],
    [
      [0.0015713172772, 0.900389834, 0.073562760533, 0.022538870011, 0.0019372181773],
      [0.00095432204357, 0.28041318337, 0.62785200949, 0.043386842605, 0.047393642489],
      [2.1987764821e-05, 0.017158151072, 0.066035141944, 0.9137183314, 0.0030663878207],
      [0.23587194405, 0.32018073483, 0.20902947047, 0.20369956284, 0.031218287808],
      [0.15972983014, 0.14238854116, 0.041467729511, 0.36119077645, 0.29522312274]
    ],
    [
      [0.0099714045377, 0.64492871384, 0.10517887523, 0.228240411, 0.011680595389],
      [0.0089892995164, 0.12235808757, 0.51586648768, 0.17591171186, 0.17687441337],
      [0, 0, 0.012233597179, 0.98776640282, 0],
      [0.386303496, 0.065370422684, 0.097831654654, 0.37072154958, 0.079772877074],
      [0.15135271702, 0.017102998403, 0.011027962177, 0.38037759398, 0.44013872842]
    ],
    [
      [0.0051698023385, 0.82542258918, 0.10024150559, 0.064993870996, 0.004172231891],
      [0.0027990176207, 0.16772318084, 0.6734588861, 0.067738567102, 0.088280348344],
      [0.0028331973022, 0.0041143507222, 0.043216219118, 0.94464829149, 0.0051879413675],
      [0.39116542529, 0.16029765084, 0.18498581297, 0.21510309109, 0.04844801981],
      [0.21264030894, 0.058065835617, 0.029555350683, 0.31256110073, 0.38717740402]
    ],
    [
      [0.0030350442171, 0.75221225089, 0.10882858304, 0.13245565435, 0.0034684675146],
      [0, 0.1596142391, 0.63151302484, 0.13657623073, 0.072296505327],
      [0, 0, 0.017525964479, 0.98017518872, 0.0022988468046],
      [0.67905382108, 0.060631314871, 0.072351268779, 0.17140735633, 0.016556238945],
      [0.4788647408, 0.028386625685, 0.01464898496, 0.31711419972, 0.16098544883]
    ],
    [
      [0.008562604166, 0.79531167318, 0.12343764055, 0.072688082102, 0],
      [0.0076410040218, 0.16310245702, 0.73131968886, 0.07130039138, 0.026636458712],
      [0, 0.0080566728448, 0.049708139733, 0.94223518742, 0],
      [0.54471341531, 0.1122231942, 0.1533784434, 0.17389481892, 0.015790128172],
      [0.40233898646, 0.055698691156, 0.033414678497, 0.34226235373, 0.16628529015]
    ],
    [
      [0.023591026251, 0.59196876616, 0.06280642961, 0.32163377798, 0],
      [0.011910711481, 0.15969094416, 0.51528758685, 0.30601982377, 0.0070909337275],
      [0, 0, 0, 1, 0],
      [0.67847949859, 0.027455948646, 0.03579952281, 0.25005005327, 0.0082149766866],
      [0.44317257391, 0.013382706616, 0.0061264184981, 0.45787885445, 0.079439446531]
    ],
    [
      [0.01616744671, 0.67495938461, 0.092246338145, 0.21662683053, 0],
      [0.0077523205278, 0.13000687493, 0.58642211512, 0.21246995321, 0.063348736211],
      [0.0011135581039, 0.003372711253, 0.0067232573206, 0.98879047332, 0],
      [0.50397530201, 0.062795287912, 0.081003207625, 0.33381637573, 0.018409826717],
      [0.29349424353, 0.024495048329, 0.013234623675, 0.51687928495, 0.15189679952]
    ],
    [
      [0.0075932016759, 0.68159680597, 0.17628247022, 0.12943696261, 0.0050905595252],
      [0.0021822978681, 0.093310811585, 0.74489783436, 0.086783244825, 0.07282581136],
      [0.00070649110585, 0.0033182403551, 0.03680967315, 0.9566830633, 0.0024825320903],
      [0.37670826159, 0.092044833426, 0.21523671582, 0.27459318004, 0.041417009135],
      [0.21219429521, 0.033922195728, 0.034387238302, 0.40035551099, 0.31914075976]
    ],
    [
      [0.0078943125115, 0.59939288529, 0.21467147906, 0.16962596583, 0.0084153573143],
      [0.0017061691274, 0.066732521527, 0.73766183127, 0.093387955779, 0.1005115223],
      [4.1829246116e-05, 0.00071204770243, 0.035516458346, 0.96179812297, 0.0019315417384],
      [0.33768848556, 0.069627036409, 0.22453229019, 0.30794790909, 0.060204278762],
      [0.16372767701, 0.021947778907, 0.030923164551, 0.385453987, 0.39794739254]
    ],
    [
      [0.0092357181846, 0.58361907988, 0.23753138195, 0.16134052031, 0.0082732996773],
      [0.0021612471394, 0.060292790889, 0.76315748816, 0.083138738545, 0.091249735262],
      [0.0010706911385, 0.00018549694339, 0.039628319695, 0.95627573735, 0.0028397548699],
      [0.36952456593, 0.063823780207, 0.23469198921, 0.27676904351, 0.055190621143],
      [0.18965342842, 0.021305021088, 0.034170872851, 0.36738104697, 0.38748963067]
    ],
    [
      [0.0075817279576, 0.71399112293, 0.14528047135, 0.12928334822, 0.0038633295413],
      [0.0024825743706, 0.10896889678, 0.72452805146, 0.10052313072, 0.063497346668],
      [0.00080099994096, 0.0024795858346, 0.031159577368, 0.96316606646, 0.0023937703981],
      [0.40176298381, 0.095847239621, 0.18322977374, 0.28672800242, 0.032432000413],
      [0.23343288895, 0.036451514928, 0.030395282149, 0.43595991431, 0.26376039966]
    ],
    [
      [0.01942358126, 0.49151628331, 0.30800836443, 0.17548804121, 0.0055637297838],
      [0.0039782647247, 0.027728094204, 0.84627248663, 0.073897838035, 0.048123316402],
      [0, 0, 0.041000577765, 0.95492201594, 0.0040774062921],
      [0.56220377139, 0.031742303986, 0.19114906357, 0.19231002728, 0.022594833773],
      [0.37722925045, 0.01447802498, 0.037699913638, 0.34886149366, 0.22173131727]
    ],
    [
      [0.017517246248, 0.60188949143, 0.28871773875, 0.088040335286, 0.0038351882876],
      [0, 0.056906192349, 0.8662426963, 0.041455068289, 0.035396043063],
      [0, 0.0078077898162, 0.072197180648, 0.91620686452, 0.0037881650125],
      [0.66874252956, 0.038992452063, 0.18038927243, 0.096558705927, 0.015317040022],
      [0.52432642014, 0.022326414086, 0.044057039251, 0.21985447908, 0.18943564745]
    ],
    [
      [0.0034141681414, 0.72334555941, 0.19484819866, 0.074008431742, 0.0043836420408],
      [0.0065841198382, 0.079852815148, 0.82068372148, 0.036724715205, 0.056154628332],
      [0.0048482622395, 0.010806858955, 0.047787363189, 0.93096235276, 0.0055951628535],
      [0.23300721247, 0.11009680615, 0.350116625, 0.25696693061, 0.049812425765],
      [0.12293117778, 0.041279442888, 0.048990776384, 0.36805686253, 0.41874174042]
    ],
    [
      [0.012851532132, 0.73627482702, 0.11508296199, 0.12878117945, 0.0070094994068],
      [0.0062055182155, 0.11288061312, 0.62854526964, 0.10727186016, 0.14509673887],
      [0.0026464883233, 0.0047062989003, 0.02172061877, 0.97092659401, 0],
      [0.58067181771, 0.06327385596, 0.10077604101, 0.20587950351, 0.049398781812],
      [0.28089325067, 0.022670242448, 0.015169110541, 0.2875951617, 0.39367223464]
    ],
    [
      [0.0021460463915, 0.21185051262, 0.37478805545, 0.40187068444, 0.009344701097],
      [0, 0, 0.83952981007, 0.11759411017, 0.042876079753],
      [0, 0, 0.012779041887, 0.9721831311, 0.015037827008],
      [0.0077428186894, 0.0049214371182, 0.22158715425, 0.71891207572, 0.046836514227],
      [0, 0, 0.032679771053, 0.66057457878, 0.30674565017]
    ],
    [
      [0.010865833601, 0.7431508213, 0.097109598804, 0.14678397312, 0.002089773169],
      [0.0015728896585, 0.12493568974, 0.6746962212, 0.15265134185, 0.046143857554],
      [0, 0.0036553222446, 0.011600584922, 0.98298253778, 0.0017615550579],
      [0.68940265004, 0.043039238132, 0.066434670989, 0.19054240471, 0.01058103613],
      [0.41970839108, 0.023700388185, 0.01568557552, 0.42301348313, 0.11789216208]
    ],
    [
      [0.0024307808185, 0.83584947871, 0.12507838061, 0.034709286429, 0.001932073437],
      [0.0050393624636, 0.11977164214, 0.81229835575, 0.027524431411, 0.03536620823],
      [0.0079568727818, 0.014962766961, 0.063475676679, 0.90772774472, 0.0058769388612],
      [0.28626396471, 0.17423747494, 0.33173373858, 0.17777935035, 0.029985471412],
      [0.17409072293, 0.078651104756, 0.066556573198, 0.33946698961, 0.34123460951]
    ],
    [
      [0.016878103225, 0.51165608844, 0.15548828226, 0.30759957987, 0.008377946206],
      [0, 0.077320865482, 0.58972199695, 0.21164299243, 0.12131414513],
      [0, 0, 0.0079131452813, 0.98853487158, 0.0035519831405],
      [0.68505694576, 0.022290510883, 0.053762859498, 0.21649889278, 0.022390791073],
      [0.4265270724, 0.0093904238314, 0.0096850494388, 0.35865269841, 0.19574475592]
    ],
    [
      [0.0083944932405, 0.68532047703, 0.097240591924, 0.2045129604, 0.0045314774063],
      [0.0033831885455, 0.12618557429, 0.58833657301, 0.19268899, 0.089405674159],
      [0.0014845962758, 0.0028146272919, 0.0097373624015, 0.98321175538, 0.0027516586535],
      [0.3850742845, 0.079661437564, 0.10688137264, 0.39553884202, 0.03284406328],
      [0.19588828001, 0.026782430777, 0.015153125997, 0.52847441774, 0.23370174548]
    ],
    [
      [0.013358571329, 0.73139059883, 0.10134283187, 0.14713825235, 0.0067697456223],
      [0.005030199021, 0.12486794497, 0.60038114013, 0.13430906938, 0.1354116465],
      [0.00062582360401, 0.0023387812459, 0.018141861775, 0.97578292947, 0.0031106039085],
      [0.5664264834, 0.0661730922, 0.090408828828, 0.23461283033, 0.042378765235],
      [0.29526395949, 0.023569029812, 0.01401999214, 0.33412237091, 0.33302464764]
    ],
    [
      [0.011425806509, 0.58886332976, 0.14296192003, 0.24840569599, 0.0083432477044],
      [0.003282496994, 0.081425378479, 0.62035108614, 0.17018858194, 0.12475245644],
      [0.00085110209369, 0.0016112420982, 0.016407402795, 0.9793913733, 0.0017388797112],
      [0.40483217391, 0.054958916919, 0.12175968512, 0.36991075611, 0.048538467947],
      [0.19092026597, 0.017098402156, 0.016493507672, 0.45585243237, 0.31963539183]
    ],
    [
      [0.0069771684474, 0.71274419922, 0.085663650118, 0.19188707421, 0.0027279080064],
      [0.003171471226, 0.14978937722, 0.58085126386, 0.20316788781, 0.063019999879],
      [0.0016056560345, 0.0026151881427, 0.0088279908917, 0.98617440152, 0.00077676341331],
      [0.36396283963, 0.094111094674, 0.10576569783, 0.41322090093, 0.022939466933],
      [0.19315715935, 0.033409552439, 0.016228856386, 0.58472152124, 0.17248291058]
    ],
    [
      [0.011048052568, 0.5347127636, 0.21052846957, 0.24371071427, 0],
      [0.013918086176, 0.052709222261, 0.78215147013, 0.13279637631, 0.01842484512],
      [0.0022527093002, 0.0007923299187, 0.025378106366, 0.97157685441, 0],
      [0.35728769955, 0.046602039788, 0.18737568152, 0.39260504584, 0.016129533304],
      [0.20268083008, 0.017916738724, 0.031308541499, 0.61367589787, 0.13441799182]
    ],
    [
      [0, 0.89429479191, 0, 0.10570520809, 0],
      [0, 0.43166222574, 0.35149027709, 0.21684749717, 0],
      [0, 0, 0, 1, 0],
      [0, 0.38534283215, 0.087600367983, 0.52705679986, 0],
      [0, 0.20723631579, 0.012877047299, 0.77988663691, 0]
    ],
    [
      [0.0092799228987, 0.6771976004, 0.13495388685, 0.17109050682, 0.0074780830317],
      [0.0048197524978, 0.103664666, 0.63641971586, 0.12861995138, 0.12647591426],
      [0, 0.0023328396856, 0.023957411537, 0.97370974878, 0],
      [0.40246794353, 0.079737678497, 0.1435591138, 0.31699713006, 0.05723813411],
      [0.19139253782, 0.024818645128, 0.019623314414, 0.39000197315, 0.37416352949]
    ],
    [
      [0.011221735027, 0.65884548727, 0.12364838116, 0.19906145671, 0.0072229398411],
      [0.0036777744599, 0.10535905344, 0.60885621323, 0.15574451769, 0.12636244118],
      [0.00076484994916, 0.0023911012358, 0.017491527285, 0.97845788588, 0.00089463565397],
      [0.43433396049, 0.069688864019, 0.11787127614, 0.32994749552, 0.048158403823],
      [0.21444021951, 0.022544664504, 0.016526596603, 0.42129450197, 0.32519401742]
    ],
    [
      [0.0093266101512, 0.8107663463, 0.09198974339, 0.082594219043, 0.0053230811109],
      [0.0044057243407, 0.17076948795, 0.60560593455, 0.086765789334, 0.13245306383],
      [0.0025103414774, 0.006090500593, 0.033253136773, 0.95563392101, 0.0025121001439],
      [0.50753183826, 0.11849748461, 0.12229939471, 0.19865943331, 0.053011849115],
      [0.26454542467, 0.041335991821, 0.018830154856, 0.27516154928, 0.40012687937]
    ],
    [
      [0.0023491414356, 0.96474143142, 0.0090916899302, 0.023817737214, 0],
      [0.0047965032482, 0.52986204019, 0.32832012903, 0.13702132754, 0],
      [0, 0, 0, 1, 0],
      [0.46283171916, 0.13529075421, 0.12903798367, 0.27283954296, 0],
      [0.33097855416, 0.13730760269, 0.011673092849, 0.52004075031, 0]
    ],
    [
      [0.014191727166, 0.78512324088, 0.12880182659, 0.068902645421, 0.0029805599454],
      [0.0050907256525, 0.14968210401, 0.723932317, 0.065601828622, 0.055693024712],
      [0, 0.011850587922, 0.049342756206, 0.93664262265, 0.0021640332233],
      [0.65407548569, 0.081862588239, 0.11752879923, 0.12867090779, 0.017862219052],
      [0.48900772374, 0.040859184685, 0.02579869326, 0.25661163037, 0.18772276794]
    ],
    [
      [0, 0.71560254963, 0.1194324087, 0.16135027633, 0.003614765332],
      [0.00032008758334, 0.12614070204, 0.67222015684, 0.14279764356, 0.058521409976],
      [0, 0, 0.021689565367, 0.97558409402, 0.00272634061],
      [0.28518394551, 0.1095485157, 0.16930722999, 0.40613345967, 0.02982684913],
      [0.15145783507, 0.037971851385, 0.025783653049, 0.56410000434, 0.22068665617]
    ],
    [
      [0.0059303627894, 0.57395441836, 0.26551957938, 0.15223196936, 0.0023636701063],
      [0.0022226816704, 0.064116269566, 0.82784430226, 0.077078123614, 0.028738622891],
      [0, 0.00043929230384, 0.045648676401, 0.9539120313, 0],
      [0.28284084986, 0.073733647281, 0.30972805821, 0.30605614447, 0.027641300178],
      [0.17716700594, 0.030277351303, 0.054882267008, 0.497132133, 0.24054124274]
    ],
    [
      [0, 0.84698964154, 0.052063269178, 0.096187851197, 0.0047592380831],
      [0.00085516618062, 0.22172004314, 0.56176305204, 0.14892460081, 0.066737137833],
      [0, 0, 0.0071479744213, 0.98262782947, 0.010224196104],
      [0.2035187676, 0.19076192041, 0.13011988131, 0.44048002377, 0.035119406901],
      [0.077375639729, 0.058531538786, 0.034996665336, 0.56516341422, 0.26393274193]
    ],
    [
      [0, 0.76297898051, 0.14917514963, 0.08784586986, 0],
      [0, 0.1018521796, 0.8310592551, 0.067088565301, 0],
      [0, 0, 0.043085500413, 0.95691449959, 0],
      [0, 0.17931861662, 0.4109729515, 0.40970843189, 0],
      [0, 0.12235605893, 0.11927212452, 0.75837181654, 0]
    ],
    [
      [0.16222751717, 0.60123190204, 0.10903328597, 0.096633863853, 0.03087343097],
      [0.0022204875262, 0.0066272261019, 0.047910366611, 0.012191385831, 0.93105053393],
      [0, 0.011375564239, 0.06801689092, 0.92060754484, 0],
      [0.89743638841, 0.00047877546389, 0.0010691595669, 0.0018812711907, 0.09913440537],
      [0.01109696097, 0.0019802578498, 0.0027110752909, 0.0078825327298, 0.97632917316]
    ],
    [
      [0.0079472527246, 0.65438429181, 0.14248572566, 0.19035698243, 0.0048257473769],
      [0.0024537738699, 0.10062035655, 0.67554775342, 0.14343861577, 0.077939500387],
      [0.00018332795939, 0.0018348772285, 0.021668253524, 0.97456391799, 0.0017496232957],
      [0.35981395253, 0.080250174371, 0.15762535727, 0.36654890667, 0.035761609157],
      [0.19012586612, 0.027678699028, 0.023724900918, 0.50078927855, 0.25768125539]
    ],
    [
      [0.0023140382538, 0.83536589606, 0.064563450558, 0.097756615125, 0],
      [0.011480829108, 0.21144229864, 0.62982731772, 0.14724955453, 0],
      [0, 0, 0.017634421191, 0.98236557881, 0],
      [0.22974977308, 0.18485593979, 0.1498461661, 0.43554812103, 0],
      [0.20039174187, 0.070966622973, 0.025442189983, 0.70319944518, 0]
    ],
    [
      [0, 0.85367134799, 0.079003189721, 0.066341619701, 0.00098384258307],
      [0, 0.20200257856, 0.68043695943, 0.087229503263, 0.030330958747],
      [0, 0.00019802039452, 0.0361836165, 0.96361836311, 0],
      [0.70144332415, 0.082807665475, 0.08144290517, 0.12519993605, 0.0091061691542],
      [0.51942267034, 0.061928606003, 0.020659702328, 0.28832909013, 0.1096599312]
    ],
    [
      [0.0080114519032, 0.75443209899, 0.089507479654, 0.14688127838, 0.0011676910801],
      [0.0095409162062, 0.13461972216, 0.66404387128, 0.15675897729, 0.035036513063],
      [0.0060810177772, 0.00066717729068, 0.011860214391, 0.98139159054, 0],
      [0.45560178531, 0.081829093167, 0.10870386319, 0.33846505991, 0.015400198425],
      [0.25290336615, 0.032797711701, 0.018642254393, 0.56320366025, 0.13245300751]
    ],
    [
      [0.013878389071, 0.55517592615, 0.18349768204, 0.23865078225, 0.0087972204888],
      [0.005736982463, 0.064275400409, 0.67721668421, 0.14039445163, 0.11237648129],
      [0.00020709960487, 0, 0.02423071114, 0.97399486169, 0.0015673275619],
      [0.43841535464, 0.048179968973, 0.14311996908, 0.32366929242, 0.046615414883],
      [0.2216082235, 0.015780712799, 0.020703459004, 0.42188449203, 0.32002311266]
    ],
    [
      [0.01894522591, 0.19558467133, 0.55153313676, 0.22819332242, 0.0057436435807],
      [0.00094096092885, 0, 0.90597533521, 0.063522946955, 0.029560756911],
      [0, 0, 0.029139708407, 0.96414592171, 0.0067143698859],
      [0.64428852685, 0.0097992664454, 0.17390637672, 0.15797015198, 0.014035677997],
      [0.41750556508, 0.0040924589715, 0.042625931875, 0.36580560908, 0.16997043499]
    ],
    [
      [0.013654918857, 0.60483580289, 0.17132762178, 0.20255355395, 0.0076281025182],
      [0.041497179831, 0.09175835852, 0.58973447396, 0.16624147109, 0.1107685166],
      [0, 0, 0.0014242524867, 0.99069402469, 0.0078817228217],
      [0.91978182962, 0.0089621171832, 0.0154955235, 0.049484757235, 0.0062757724657],
      [0.79735518086, 0.0063977781626, 0.0041230611632, 0.11735383105, 0.074770148771]
    ],
    [
      [0.015583024098, 0.60748566422, 0.14999281649, 0.22005026539, 0.006888229801],
      [0.0044167817119, 0.085207681894, 0.65668622873, 0.15235149546, 0.10133781221],
      [0.00023911421997, 0.0010942886432, 0.0196474202, 0.97658248035, 0.002436696591],
      [0.50122076496, 0.051544266279, 0.11562216003, 0.29623862441, 0.035374184319],
      [0.27445856707, 0.018501056202, 0.018128691277, 0.42206763571, 0.26684404975]
    ],
    [
      [0.043656072556, 0.78573998612, 0.057611082645, 0.10756671648, 0.0054261421938],
      [0, 0.23499740252, 0.52150943906, 0.14578718344, 0.097705974985],
      [0, 0.00051404478671, 0.0064819933599, 0.9840869532, 0.0089170086521],
      [0.87536030863, 0.0301913628, 0.019649883251, 0.065965990432, 0.0088324548903],
      [0.73537793799, 0.017704902823, 0.0040243592968, 0.14868833857, 0.094204461318]
    ],
    [
      [0.0028310584281, 0.67753578389, 0.13054889125, 0.18484182603, 0.0042424403975],
      [0, 0.11181263954, 0.66824428802, 0.14939974284, 0.0705433296],
      [0, 0.0012210139183, 0.020359401372, 0.97607774835, 0.0023418363577],
      [0.29428406179, 0.09405754264, 0.16596930534, 0.41101013966, 0.034678950564],
      [0.15062893633, 0.031582817654, 0.024313229849, 0.54811531887, 0.24535969729]
    ],
    [
      [0.015661247617, 0.80852655228, 0.065175483738, 0.10454440423, 0.0060923121411],
      [0.0055741455217, 0.18823294456, 0.51564249329, 0.12764401982, 0.16290639682],
      [0, 0.0047443990719, 0.013580666019, 0.97750541803, 0.0041695168739],
      [0.66911908181, 0.072990200232, 0.057668482364, 0.16340643754, 0.036815798055],
      [0.38053356222, 0.028643652454, 0.0098199419356, 0.25566619918, 0.32533664421]
    ],
    [
      [0, 0.80663973965, 0.07606527228, 0.11233314842, 0.0049618396511],
      [0, 0.19099729668, 0.55031250271, 0.13152298265, 0.12716721796],
      [0, 0, 0.017073436426, 0.98049468001, 0.0024318835642],
      [0.23858689947, 0.17244000743, 0.1446866038, 0.37832076174, 0.065965727565],
      [0.061676591308, 0.079126980631, 0.030191708331, 0.42868414558, 0.40032057415]
    ],
    [
      [0.019053184468, 0.56672813743, 0.22658295929, 0.18251628732, 0.0051194314955],
      [0.002583392155, 0.058942893416, 0.7784442254, 0.099745499111, 0.060283989916],
      [0, 0, 0.035126839082, 0.96356496559, 0.0013081953277],
      [0.55186801152, 0.043588245076, 0.15833280163, 0.22192972095, 0.024281220816],
      [0.36018090074, 0.018551409038, 0.029543384896, 0.3749388146, 0.21678549072]
    ],
    [
      [0, 0.87722406564, 0.060194017095, 0.06120424992, 0.0013776673403],
      [0, 0.25889031794, 0.60782455522, 0.10722437017, 0.026060756668],
      [0, 0, 0.018713153557, 0.97771782119, 0.0035690252507],
      [0, 0.29679813748, 0.27415915742, 0.41168079642, 0.017361908687],
      [0, 0.11006614769, 0.084059813596, 0.65368199779, 0.15219204092]
    ],
    [
      [0.021377985067, 0.55552382088, 0.12911524556, 0.2939829485, 0],
      [0.0064010565052, 0.07361293407, 0.53958657444, 0.19416967367, 0.18622976132],
      [0, 0.0022862565486, 0.012984866296, 0.98472887716, 0],
      [0.41466863737, 0.044649129058, 0.095319089263, 0.37951937236, 0.065843771951],
      [0.1723586532, 0.012399542487, 0.011491071722, 0.41462011087, 0.38913062172]
    ],
    [
      [0.011949072386, 0.58962084686, 0.11938926995, 0.27399502645, 0.0050457843596],
      [0.0040627719822, 0.095548376841, 0.59726195594, 0.21713807285, 0.085988822388],
      [0.0017785838205, 0.0032704033369, 0.010158331837, 0.98356109512, 0.0012315858812],
      [0.4086175864, 0.055570441638, 0.10153623556, 0.40544256986, 0.028833166543],
      [0.21323611274, 0.019091617515, 0.014903475492, 0.54758662287, 0.20518217138]
    ],
    [
      [0, 0.59439026681, 0.16704834512, 0.23492464525, 0.0036367428244],
      [0, 0.079836069032, 0.71086233882, 0.15685534051, 0.05244625164],
      [0, 0.00036780094325, 0.022514424673, 0.97605112743, 0.0010666469512],
      [0.23210435677, 0.073529565041, 0.19186829054, 0.47429687303, 0.028200914611],
      [0.10297288266, 0.039450358261, 0.028055044841, 0.6302543489, 0.19926736534]
    ],
    [
      [0, 0.67077460821, 0.1702158777, 0.15161352315, 0.0073959909387],
      [0, 0.088173572581, 0.70658352659, 0.09932523655, 0.10591766428],
      [0, 0.00031266802514, 0.031452178927, 0.96570549589, 0.0025296571543],
      [0.24661432382, 0.09799288191, 0.22990548416, 0.35724058291, 0.068246727197],
      [0.081299071418, 0.055015882781, 0.028933165319, 0.40961890413, 0.42513297635]
    ],
    [
      [0.019195055295, 0.46536417614, 0.13808915032, 0.36546127883, 0.011890339411],
      [0.0048336871213, 0.051782624191, 0.56312384681, 0.22167466656, 0.15858517532],
      [0.00306397665, 0.00022626687598, 0.0078758838156, 0.98574113533, 0.0030927373306],
      [0.49481946524, 0.024956048401, 0.07388347106, 0.35981676766, 0.046524247636],
      [0.2224244577, 0.0076873074466, 0.0094937068123, 0.44383992815, 0.31655459989]
    ],
    [
      [0.0060442162068, 0.65990586126, 0.1205285855, 0.20845612796, 0.0050652090766],
      [0, 0.10980135396, 0.63061427066, 0.1715850145, 0.087999360883],
      [0, 0.0015919452239, 0.015611021688, 0.97961766527, 0.0031793678202],
      [0.30190621806, 0.084054696558, 0.14253013374, 0.43193302055, 0.039575931098],
      [0.1385825139, 0.033609869876, 0.019587395926, 0.54330420598, 0.26491601431]
    ],
    [
      [0.0076899093121, 0.61410500595, 0.27019058765, 0.10801449709, 0],
      [0.0081425932982, 0.060728306458, 0.85672855326, 0.053349984481, 0.021050562503],
      [0.00071482584315, 0.010245193088, 0.053115816791, 0.93592416428, 0],
      [0.30203963821, 0.084661022645, 0.35160857296, 0.23822705519, 0.023463710996],
      [0.21021728636, 0.039176597808, 0.069926119488, 0.44031519646, 0.24036479989]
    ],
    [
      [0.0079204868824, 0.78897847075, 0.11426623122, 0.086730744281, 0.0021040668722],
      [0.0031402559695, 0.14230806963, 0.72667034425, 0.084412366627, 0.043468963518],
      [0.00033020098046, 0.0038902772541, 0.036862507037, 0.95718221189, 0.0017348028331],
      [0.51152468816, 0.10674530414, 0.15400963226, 0.20857609317, 0.019144282266],
      [0.34464459531, 0.048562398783, 0.030759651894, 0.38419671659, 0.19183663742]
    ],
    [
      [0, 0.82011093776, 0.09587598581, 0.079612712029, 0.0044003644037],
      [0, 0.15895264596, 0.66922971516, 0.08470213852, 0.087115500358],
      [0, 0.00077314774316, 0.032354171124, 0.96092364507, 0.0059490360671],
      [0.20475909717, 0.18605323181, 0.22029878198, 0.33024384038, 0.058645048661],
      [0.077144541701, 0.070098541493, 0.029074802954, 0.40185521716, 0.42182689669]
    ],
    [
      [0.0080751354196, 0.62572171049, 0.18038184902, 0.18193585904, 0.0038854460364],
      [0.0027141061281, 0.083653813037, 0.73851172377, 0.1188128013, 0.056307555769],
      [0.00022750333929, 0.0017150874831, 0.029171665984, 0.96888574319, 0],
      [0.35519123276, 0.075739264524, 0.19596042954, 0.34344432789, 0.029664745291],
      [0.20314870613, 0.028197816382, 0.031877102471, 0.50600577034, 0.23077060468]
    ],
    [
      [0.0074197222361, 0.64288956521, 0.16048025525, 0.18532367069, 0.003886786621],
      [0.0021706481529, 0.092552316478, 0.713592732, 0.13086595784, 0.060818345525],
      [0.00031760303773, 0.0018306528618, 0.025506474473, 0.97177299319, 0.00057227643576],
      [0.34400221436, 0.080313978979, 0.18098602038, 0.36424538033, 0.030452405952],
      [0.19014863695, 0.029032866639, 0.02858099383, 0.52183078293, 0.23040671965]
    ],
    [
      [0.016359126508, 0.6860709434, 0.14667321148, 0.14523007326, 0.0056666453537],
      [0.0017655384224, 0.1067522201, 0.69463731654, 0.10870815641, 0.088136768529],
      [0, 0.0016808668797, 0.028724987998, 0.96608500755, 0.0035091375753],
      [0.57963085323, 0.061763328603, 0.12033744174, 0.20808154703, 0.030186829398],
      [0.3576616723, 0.025186576227, 0.021428226259, 0.33665319458, 0.25907033063]
    ],
    [
      [0.0059581714151, 0.70740924196, 0.14974367148, 0.13209336086, 0.0047955542824],
      [0.00046956179698, 0.11089946893, 0.71124431088, 0.099918864766, 0.077467793628],
      [0, 0.00249576287, 0.032220491782, 0.96303514376, 0.0022486015875],
      [0.33549018444, 0.10681929902, 0.20312069258, 0.31114757366, 0.043422250302],
      [0.18088181771, 0.03753715789, 0.0311071748, 0.43260913437, 0.31786471523]
    ],
    [
      [0.0048777778739, 0.7333023627, 0.13051946892, 0.12770426385, 0.0035961266552],
      [0.0017403348788, 0.12359973585, 0.70614783746, 0.10808892225, 0.060423169565],
      [0.00050645233449, 0.0017351186427, 0.028924889288, 0.96645552899, 0.0023780107467],
      [0.31419169083, 0.11904284983, 0.19557802435, 0.33761948836, 0.033567946629],
      [0.1719060152, 0.043247549737, 0.031095282411, 0.49054076842, 0.26321038423]
    ]
  ],
  "expected_outcome": [
    [
      [0.39182087697, 0, 0, 0.43868208439, 0.093991963068, 0.48376000747, 0, 1.9721522631e-30, 0.083736115619, 0, 0, 0, 1.2493649767, 2.213913063, 0, 0.16184567955, 0.40882758604, 0.11373565145, 0.13657698977, 0.98469947909, 0.58977565628, 0.42035361447, 0.97192981452, 1.2946672519, 0.98822184575, 0.18954319894, 0.27193013763, 0.22772420123, 0.0068283362827, 0.089960724924, 0, 0.032597500803, 0.004861561637, 0.55697740643, 0.17628435805, 0.1870199986, 0.66269677754, 0.25815523255, 0.088384420546, 0, 0.78879344639, 1.9413601597, 0.55026999892, 0.0046982828713, 1.8733079859, 0, 0.43291648363, 0, 0, 0.97336510301, 1.0410901069, 0.01851230603, 0, 0.048068711419, 4.0108544416, 0.094726129548, 0.57350659198, 1.1998928555, 1.3096821767, 0.18401879783, 0.25057996188, 0, 1.4861483885, 0, 1.1544111936, 1.4816849758, 0, 0, 0.19195055295, 0.15110540517, 0.23069727936, 0.10296632947, 0, 2.1318357508, 0.88294694609, 1.0142658435, 2.1330253666, 0.23413333795],
      [26.4398037943, 76.5747481465, 14.4560294776, 19.2057728248, 9.2195396259, 18.434314629, 8.6051336709, 0.95782599108, 7.6199775124, 2, 3, 2.0903551786, 42.6650030659, 35.4688790109, 93.556482399, 92.7401529022, 26.4420772675, 18.159296962, 33.8495512898, 91.4608424158, 14.799219154, 17.548944, 87.2443911643, 98.3004331874, 62.4472415476, 17.8497780732, 6.8812279664, 7.8245633886, 1.4466911188, 5.1539237892, 0, 2.2294524639, 1.6716989574, 16.8846509185, 14.3917300177, 10.2394683836, 34.1540731263, 26.3715353711, 4.2777021088, 20.568780214, 57.5617960342, 113.980269297, 47.835214432, 1.9294828628, 103.6362677962, 28.6241019852, 41.8986725404, 8.4698964154, 8.3927687856, 3.6073914122, 85.7243422268, 6.6829271685, 7.683042132, 4.5265925939, 160.4458426575, 0.97792335664, 25.4031037216, 46.7763961451, 23.5721995836, 44.039825953, 12.9364248364, 69.3710176095, 44.2047947192, 7.8950165908, 29.9982863274, 73.1129850102, 17.8317080042, 31.5264065859, 4.6536417614, 16.4976465315, 18.4231501784, 10.2567201197, 10.6614421908, 165.1905315686, 76.5038582596, 42.5363984908, 253.2525086208, 35.1985134095],
      [4.7202636683, 8.9858815995, 1.2339309805, 2.7601198231, 1.2786520473, 3.9163011123, 0.8912394391, 0.19791111655, 0.069977818534, 1, 0, 0.25938994751, 8.3849671374, 7.1579934663, 6.0314744726, 7.5769643349, 4.3123338845, 2.2053131231, 4.8972862367, 14.1953286634, 1.5701607402, 2.3984047918, 22.5641561881, 35.2061225658, 25.4158578686, 3.6320117838, 4.3121171021, 3.7533306037, 0.38969639732, 0.80558073391, 0, 0.29132879641, 0.25015676121, 5.1311133147, 2.0420524304, 1.4187996462, 8.2917913619, 3.1695550544, 1.6842277566, 0, 11.4710803823, 21.3911699405, 5.42739486, 0.01818337986, 17.0018411096, 4.7772963482, 19.3829292949, 0.52063269178, 1.6409266459, 0.65419971583, 18.6656300617, 0.51650760447, 0.71102870749, 0.53704487793, 53.0308301107, 2.7576656838, 7.1957601147, 11.5494468698, 1.7283324794, 8.4856779311, 1.0428077398, 6.541613416, 17.6734708247, 0.54174615386, 6.97222326, 14.8042694739, 5.0114503535, 8.000146252, 1.3808915032, 3.0132146374, 8.1057176296, 1.4854610058, 1.2463878155, 47.6208081416, 19.0971503743, 9.0937391115, 53.608234391, 6.2649345083],
