{
  "Z_true": {},
  "V_true": [
    [45, 714, 37, 42, 97, 1831, 323, 46],
    [26, 16, 722, 35, 176, 148, 793, 34],
    [185, 141, 313, 198, 1026, 473, 9379, 209],
    [96, 228, 54, 105, 246, 5534, 290, 79],
    [61, 77, 47, 1073, 287, 893, 547, 62],
    [685, 37, 16, 38, 145, 765, 520, 50],
    [41, 42, 105, 37, 553, 187, 603, 316]
  ],
  "p_true": [
    [0.0144, 0.2278, 0.0118, 0.0134, 0.0309, 0.5841, 0.103, 0.0147],
    [0.0133, 0.0082, 0.3703, 0.0179, 0.0903, 0.0759, 0.4067, 0.0174],
    [0.0155, 0.0118, 0.0262, 0.0166, 0.086, 0.0397, 0.7866, 0.0175],
    [0.0145, 0.0344, 0.0081, 0.0158, 0.0371, 0.8344, 0.0437, 0.0119],
    [0.02, 0.0253, 0.0154, 0.3521, 0.0942, 0.2931, 0.1795, 0.0203],
    [0.3036, 0.0164, 0.0071, 0.0168, 0.0643, 0.3391, 0.2305, 0.0222],
    [0.0218, 0.0223, 0.0557, 0.0196, 0.2935, 0.0993, 0.3201, 0.1677]
  ],
  "Z_est": [
    [
      [0.3848, 0.0664, 0.163, 0.1848, 0.0701, 0.0557, 0.1132, 0.1269, 0.0539, 0.1236, 0.0759, 0.124, 0.0686, 0.0137, 0.0047, 0.1173, 0.1567, 0.1731, 0.0914, 0.0411, 0.0655, 0.1412, 0.0655, 0.1955, 0, 0.0047, 0.0182, 0.0899, 0.0229, 0.2038, 0.0022],
      [0.429, 4.3596, 11.8236, 12.9063, 6.5454, 4.3635, 8.211, 13.4698, 7.4625, 14.7403, 4.9069, 8.9014, 2.909, 0.5456, 1.0895, 7.0888, 8.9103, 15.1027, 2.5484, 4.3715, 8.3732, 12.9163, 6.7414, 18.5653, 0, 0.9082, 0.3638, 10.9273, 1.272, 24.532, 2.9093],
      [0.4752, 2.2114, 7.7035, 5.7976, 3.7373, 2.2883, 4.4198, 3.5911, 3.9678, 6.7919, 2.0596, 3.7372, 1.4493, 0.3051, 0.3813, 3.5848, 3.0529, 3.5816, 0.9925, 1.7527, 2.9779, 3.3608, 3.2122, 5.5741, 0, 0.0762, 0.305, 4.3523, 0.915, 14.4889, 1.984],
      [0.0021, 0.0459, 0.1108, 0.0845, 0.06, 0.0277, 0.0601, 0.0736, 0.0344, 0.0615, 0.0276, 0.0674, 0.0383, 0.005, 0.0044, 0.0552, 0.0794, 0.1197, 0.0377, 0.0199, 0.0474, 0.1249, 0.0284, 0.1226, 0, 0.005, 0.0229, 0.0738, 0.0166, 0.096, 0.0062],
      [0, 0.0015, 0.0068, 0.0059, 0.0032, 0.0021, 0.009, 0.0092, 0.005, 0.0271, 0.0021, 0.0031, 0.0014, 0.0003, 0, 0.0031, 0.0046, 0.0081, 0.0018, 0.0035, 0.0057, 0.0076, 0.0057, 0.0109, 0, 0.0003, 0.0002, 0.0085, 0.0005, 0.0099, 0.0015],
      [4.6109, 28.3145, 133.4586, 115.2832, 64.14, 40.2121, 195.5572, 197.3616, 105.0757, 187.7357, 41.9269, 61.1653, 29.5325, 5.8912, 5.1786, 64.1492, 96.9938, 162.9687, 38.3273, 73.0003, 110.2579, 158.2029, 122.3169, 227.83, 0, 5.81, 4.2898, 161.3401, 9.7728, 186.6826, 29.0322],
      [0.0978, 0.0007, 7.7335, 6.7376, 2.4438, 4.0504, 5.6294, 5.3675, 3.4005, 16.5197, 0.001, 0.0015, 0.0007, 0.239, 0.3415, 0.0016, 0.8021, 10.046, 0.0009, 3.8109, 15.2722, 6.2461, 3.6298, 8.7012, 0, 0.1956, 0.0001, 25.2078, 0.0002, 8.9866, 1.0645],
      [0, 0, 0.0002, 0.0002, 0.0001, 0.0001, 0.0003, 0.0003, 0.0001, 0.0003, 0.0001, 0.0001, 0, 8.4882e-06, 8.4882e-06, 0.0001, 0.0001, 0.0002, 0.0001, 0.0001, 0.0002, 0.0002, 0.0002, 0.0003, 0, 0, 6.063e-06, 0.0002, 0, 0.0003, 0]
    ],
    [
      [0, 5.5436e-06, 0, 0, 9.5999e-06, 5.2732e-06, 0, 0, 9.059e-06, 0, 3.6507e-06, 8.1126e-06, 2.8394e-06, 9.4647e-07, 9.4647e-07, 6.2196e-06, 8.5182e-06, 0, 2.2986e-06, 7.3013e-06, 9.5999e-06, 8.2478e-06, 8.7886e-06, 0, 0.0127, 5.4084e-07, 8.1126e-07, 0, 2.2986e-06, 0, 0],
      [0, 8.9498, 30.6017, 25.7346, 14.5449, 8.714, 20.9228, 22.5935, 14.9306, 30.8689, 7.7365, 15.4768, 5.2197, 1.3398, 1.8552, 12.1113, 15.8306, 27.152, 4.4051, 10.4827, 16.2596, 19.367, 14.0089, 30.3424, 0.7093, 1.8906, 1.0504, 22.0797, 3.2049, 52.1556, 6.5168],
      [0, 21.9189, 81.9726, 59.3587, 37.4728, 21.8086, 50.7297, 39.9769, 37.6493, 71.879, 15.7785, 34.6819, 12.8733, 3.3645, 3.7616, 27.984, 31.869, 42.1646, 9.4758, 20.2392, 33.5017, 32.9501, 33.1707, 56.645, 0, 0.8518, 3.1108, 48.0076, 9.0786, 137.8673, 18.4441],
      [0, 0.3402, 1.3129, 0.9195, 0.5739, 0.311, 0.8765, 0.6769, 0.5234, 1.1237, 0.2212, 0.4973, 0.1848, 0.0559, 0.0552, 0.3442, 0.5276, 0.8172, 0.1542, 0.419, 0.5626, 0.5446, 0.5077, 0.8995, 0, 0.0335, 0.0619, 0.7973, 0.1393, 1.9055, 0.243],
      [0, 0.0294, 0.0764, 0.0608, 0.0438, 0.0262, 0.046, 0.0437, 0.0301, 0.07, 0.0038, 0.0394, 0.0183, 0.0039, 0.001, 0.0064, 0.0558, 0.0899, 0.0126, 0.0197, 0.0316, 0.0488, 0.0327, 0.0901, 0.0014, 0.2535, 0.0053, 0.0482, 0.0136, 0.079, 0.3942],
      [0, 2.5704, 26.653, 7.9673, 4.6435, 2.5692, 24.2795, 8.2066, 4.5008, 12.5253, 0.4297, 3.0151, 0.5025, 1.0186, 0.3811, 0.7321, 6.7561, 10.6885, 1.1703, 15.7569, 10.2329, 0.9709, 8.2885, 3.6024, 0.108, 0.4165, 1.1426, 9.8612, 1.7741, 17.5237, 2.0896],
      [0, 7.1913, 24.3834, 20.9591, 13.721, 5.571, 15.1456, 12.5024, 9.3657, 27.533, 2.8302, 6.2894, 2.2013, 1.2173, 0.9459, 4.8219, 7.9609, 17.0879, 1.782, 7.0825, 10.4117, 7.1187, 8.9914, 17.4206, 0.1686, 0.554, 0.6289, 19.206, 2.7895, 36.4688, 4.3123],
      [0, 0, 0, 0, 0, 0, 0, 0, 0, 0, 0, 0, 0, 0, 0, 0, 0, 0, 0, 0, 0, 0, 0, 0, 0, 0, 0, 0, 0, 0, 0]
    ],
    [
      [0.0227, 0, 1.4378, 1.3486, 0, 0, 0, 0.9789, 0, 0, 4.0696, 9.6088, 1.0711, 0.6634, 0.0268, 0.7807, 6.0351, 1.836, 0.4709, 0, 0, 1.5752, 0, 0, 0.031, 0, 0.2974, 0, 0.3015, 1.9599, 0],
      [0.3738, 3.0175, 8.1724, 11.3656, 4.7137, 4.3409, 5.6578, 13.746, 6.2455, 11.9223, 6.0615, 7.9647, 2.0117, 0.3772, 0.8029, 7.6731, 7.4542, 13.9298, 1.7602, 3.0175, 9.2927, 15.2727, 4.652, 16.8576, 0.3075, 0.9384, 0.2515, 8.6444, 0.8801, 20.5178, 2.5279],
      [0.4756, 2.6796, 5.7655, 5.7386, 3.8277, 2.3852, 1.1368, 0.9838, 3.556, 4.1103, 7.0172, 4.7978, 2.4598, 0.0784, 0.1646, 8.4861, 0.784, 0.9212, 0.2548, 0.4508, 0.7644, 2.0067, 2.5213, 1.9094, 0, 0.0196, 0.0784, 1.1172, 0.9466, 24.794, 3.9625],
      [0.9221, 7.9878, 12.6988, 10.4129, 8.8309, 2.4295, 0.6511, 3.9769, 0.1192, 0.2499, 1.815, 16.413, 3.8376, 0.2949, 0.3561, 7.6115, 6.464, 22.5287, 3.283, 0.0807, 4.5991, 21.9427, 0.1154, 10.3538, 0, 2.4649, 2.0747, 5.8949, 2.8893, 13.0712, 0.8946],
      [0, 15.0461, 32.4489, 24.0969, 29.535, 12.7036, 15.4104, 16.6755, 10.5439, 30.9455, 14.9925, 26.7133, 7.7863, 1.583, 0.4866, 10.3817, 36.2559, 46.2572, 5.1909, 6.1642, 11.3263, 20.439, 16.4929, 42.7759, 0.6877, 1.1172, 2.6006, 17.357, 12.5292, 22.71, 6.3393],
      [1.3176, 3.5907, 9.3089, 6.3944, 9.3765, 3.5786, 21.256, 18.854, 11.6673, 26.633, 3.4522, 9.6625, 7.6074, 0.3197, 0.2398, 13.1376, 5.9947, 9.5116, 7.3886, 11.518, 15.4278, 16.6482, 22.0111, 44.8846, 0.0959, 1.4708, 9.0769, 16.489, 4.3563, 12.2256, 4.0704],
      [7.8882, 330.4032, 768.2552, 573.015, 485.6554, 307.7771, 359.4201, 399.2045, 246.4883, 587.8986, 240.3523, 380.8051, 215.181, 14.2756, 10.2997, 312.4518, 433.3905, 750.7073, 190.6275, 149.1129, 305.3765, 466.3639, 229.8361, 640.8786, 13.878, 13.4891, 124.1164, 465.3465, 118.3612, 781.0885, 106.4761],
      [0, 9.2751, 32.9125, 20.6281, 18.0608, 17.7851, 15.4677, 19.5805, 13.3798, 52.2404, 17.2397, 27.0348, 15.0451, 2.4079, 0.6234, 17.4776, 32.6215, 43.3082, 19.0241, 6.656, 15.2133, 16.7516, 22.3714, 25.3401, 0, 0.5, 5.5042, 16.1509, 5.7356, 72.6331, 6.7293]
    ],
    [
      [0.2177, 5.137, 14.7101, 22.9766, 5.3141, 4.2513, 10.0332, 11.6208, 4.2513, 9.7426, 6.9562, 11.0003, 6.441, 1.8638, 0.5962, 11.6646, 14.2297, 17.1778, 8.3745, 4.0953, 5.0093, 13.9196, 5.5956, 15.411, 0.4155, 0.4555, 2.3503, 7.0855, 2.5391, 24.9751, 0.1771],
      [0.1803, 3.3463, 5.6724, 12.3575, 5.4638, 3.236, 3.7411, 17.2252, 7.8058, 14.7645, 5.009, 12.1602, 2.2473, 0.283, 2.0355, 7.0637, 9.5406, 17.7567, 1.8542, 3.9058, 8.39, 15.8852, 7.8499, 21.76, 0.6269, 0.844, 0.0397, 11.9411, 0.6637, 28.7513, 2.8206],
      [0.0365, 0.7228, 2.0807, 2.0515, 1.0805, 2.3303, 0, 0, 1.4821, 2.9933, 1.0002, 4.0944, 1.0148, 0.0816, 0.5142, 5.1049, 1.7472, 0, 1.1435, 0, 0.3335, 2.9641, 1.6427, 4.49, 0, 0, 0.1851, 1.1697, 0.6425, 8.9002, 1.2018],
      [0.4295, 6.5549, 15.6679, 12.0356, 8.4616, 3.8918, 8.4811, 8.863, 4.0873, 8.472, 4.1127, 9.6299, 5.6855, 0.7124, 1.0927, 8.0178, 11.4536, 17.555, 5.6418, 2.7371, 6.7444, 17.9211, 3.9102, 18.0446, 0, 0.721, 6.5087, 10.4448, 2.597, 13.8149, 0.9896],
      [0, 5.5863, 18.756, 12.8231, 8.1509, 8.1434, 5.9151, 4.3304, 2.9352, 16.6196, 6.0242, 8.4589, 2.0786, 1.4691, 0.1299, 2.7714, 12.7894, 56.3823, 1.3857, 4.4417, 8.5504, 13.7769, 8.6178, 29.6045, 0.3416, 0.6015, 1.4364, 11.6618, 5.8777, 10.2242, 2.5695],
      [3.9056, 65.0183, 219.6264, 208.0239, 110.9063, 59.8652, 289.2902, 440.1319, 172.6239, 345.1992, 106.4098, 123.031, 114.1782, 9.1733, 6.8827, 151.1423, 201.1912, 341.0018, 128.6687, 132.9163, 191.6883, 320.0767, 187.1793, 496.0081, 4.8832, 12.5959, 56.4209, 276.3291, 68.658, 326.7844, 66.3772],
      [0.2304, 12.1018, 6.9533, 9.22, 7.8265, 3.8193, 13.7478, 8.8288, 8.7223, 10.0029, 6.7508, 7.6729, 6.6069, 0.3416, 1.6788, 9.1808, 9.99, 49.4258, 11.0763, 6.0699, 11.0306, 19.2722, 8.9941, 26.3732, 0.7328, 0.7821, 10.6393, 14.5657, 6.5485, 35.1236, 3.4446],
      [0, 0.5326, 1.5332, 1.5117, 0.7962, 0.4627, 1.7915, 0, 1.0921, 2.2057, 0.737, 0.9522, 0.7478, 0.0753, 0.0699, 1.0544, 6.0582, 2.7007, 0.8554, 0.8339, 1.2535, 2.1842, 1.2105, 3.3086, 0, 0, 0.4196, 1.8022, 0.4734, 2.4263, 0.4196]
    ],
    [
      [0.1031, 1.8063, 5.6909, 3.7857, 0.7395, 1.3361, 3.2166, 4.0826, 1.9052, 2.2216, 1.4104, 2.2269, 1.633, 0.2969, 0.1485, 7.1167, 4.429, 4.6517, 6.5652, 1.6825, 2.2516, 5.493, 2.3259, 4.7545, 0.0495, 0.0742, 0.965, 1.7165, 0.767, 3.7115, 0.0987],
      [0.0094, 0.6697, 2.1071, 1.4096, 1.0455, 0.4972, 1.1933, 1.5194, 0.7109, 1.6667, 0.5253, 0.8313, 0.6039, 0.1098, 0.0562, 0.9374, 1.6394, 1.7309, 0.7213, 0.6243, 0.8395, 2.0361, 0.8641, 3.2571, 0.0187, 0.0272, 0.0006, 1.3611, 0.2835, 1.4007, 0.1042],
      [0.0101, 0.501, 1.6307, 1.1326, 1.8646, 0.417, 0.3151, 1.0315, 0.6447, 1.335, 0.4148, 0.6896, 0.4137, 0.0782, 0.1312, 0.7352, 1.0593, 0.2554, 0.4422, 0.125, 0.64, 1.2833, 0.6704, 1.5068, 0, 0.0195, 0.2052, 1.0059, 0.211, 1.7379, 0.0282],
      [0.6455, 28.151, 74.8291, 53.3553, 39.0838, 17.996, 39.3186, 49.7083, 22.9302, 49.072, 18.4496, 38.3676, 26.7036, 3.635, 2.3637, 35.4488, 55.8304, 71.3911, 26.4736, 16.3857, 29.7804, 78.7168, 22.9786, 78.6492, 0, 1.6449, 14.9897, 47.5019, 10.8772, 55.8145, 2.7278],
      [0, 13.7231, 35.8985, 27.0874, 21.3889, 11.2896, 20.358, 23.5562, 13.0268, 30.9772, 11.2943, 17.5587, 7.7861, 1.9048, 0.7102, 10.2112, 29.8277, 41.4872, 3.55, 9.3517, 14.417, 30.7458, 15.3092, 43.7846, 0.5948, 0.5299, 4.4988, 23.0488, 6.2243, 26.8608, 1.6327],
      [0.1656, 18.5092, 64.938, 45.881, 30.6404, 15.4653, 50.2483, 66.7872, 28.0817, 68.4504, 18.6326, 24.1052, 20.534, 3.0145, 1.764, 35.0873, 48.9031, 55.4892, 32.4853, 32.473, 34.2264, 80.3374, 41.2841, 76.5315, 0.6394, 0.4968, 10.6701, 53.7322, 10.1668, 50.1066, 0.9937],
      [0.0663, 9.4321, 44.2514, 19.9131, 18.913, 6.8452, 14.9802, 17.8454, 9.4814, 26.7622, 6.1108, 5.9647, 8.138, 2.9267, 0.8092, 12.1733, 36.8018, 12.4597, 8.5376, 7.1644, 8.5863, 22.756, 10.3003, 26.8451, 0.6976, 0.1988, 7.5598, 19.2128, 2.382, 9.9412, 0.3976],
      [0, 0.2077, 0.6543, 0.4352, 0.3243, 0.1536, 0.3698, 0.4694, 0.219, 0.5149, 0.1621, 0.256, 0.1877, 0.0341, 0.0171, 0.2901, 0.5092, 0.5348, 0.2247, 0.1934, 0.2589, 0.6315, 0.2674, 0.6713, 0, 0.0085, 0.1109, 0.421, 0.0882, 0.4267, 0.0171]
    ],
    [
      [0, 18.244, 39.2971, 45.1785, 18.9818, 15.0517, 29.649, 31.8402, 14.4662, 36.6281, 18.071, 26.8103, 17.6442, 2.86, 1.0425, 27.4536, 36.3819, 41.6417, 22.6854, 9.7309, 15.746, 34.2183, 16.4148, 59.3277, 1.31, 1.0425, 3.6899, 26.3346, 4.6775, 47.6903, 0.7219],
      [0, 3.1918, 5.5421, 6.4157, 3.0788, 2.413, 4.7786, 4.9057, 3.4319, 6.2567, 2.4605, 3.1402, 2.6182, 0.307, 0.1382, 3.6454, 4.7842, 5.9061, 2.4856, 1.418, 2.3573, 4.9448, 2.561, 10.3095, 0.2191, 0.1368, 0.294, 4.4535, 0.4857, 6.5918, 0.1298],
      [0, 0.8065, 1.4758, 1.6426, 0.8082, 0.621, 1.2284, 1.2311, 4.5583, 1.6224, 0.6265, 0.8186, 0.6549, 0.0793, 0.0394, 0.94, 1.1988, 0.0773, 0.6139, 0.3704, 0.615, 1.2365, 0.6719, 2.5627, 0, 0.0328, 0.0897, 1.1436, 0.1341, 1.8508, 0.0312],
      [0, 3.878, 5.2823, 6.1185, 2.9346, 2.3047, 4.5676, 4.652, 3.2681, 5.9501, 2.3466, 2.9768, 2.5147, 0.2934, 0.1258, 3.4787, 4.5688, 5.4921, 2.389, 1.3412, 2.2218, 4.6967, 2.4305, 9.8476, 0, 0.1259, 0.335, 4.2333, 0.4615, 6.2027, 0.1259],
      [0, 28.22, 53.6324, 55.4369, 31.4535, 22.4209, 40.1942, 41.34, 28.389, 56.405, 22.4498, 30.5846, 21.5869, 2.9448, 1.1546, 29.5815, 46.7137, 63.8315, 16.5661, 13.0677, 22.2781, 44.8593, 24.3277, 90.3161, 1.7989, 1.4053, 3.5016, 39.6228, 5.1178, 55.9559, 1.9576],
      [0, 6.4929, 17.1269, 14.8563, 8.3769, 4.7985, 24.355, 22.4544, 20.9732, 23.8144, 7.4372, 6.5435, 12.5075, 0.503, 0.4942, 10.6539, 13.6644, 12.9733, 10.0932, 4.3306, 9.6878, 16.7479, 8.9111, 55.1182, 0.2494, 0.0918, 0.0756, 19.1144, 0.1039, 22.2201, 0.0283],
      [0, 12.1668, 3.6434, 16.3515, 4.3662, 7.3901, 4.2273, 4.5766, 2.9133, 11.3234, 2.6084, 0.1258, 2.4736, 0.0124, 0.0053, 7.2468, 1.6881, 0.2322, 2.1668, 1.7413, 0.0939, 5.2965, 2.6828, 7.5182, 1.4225, 0.1649, 0.0142, 6.0978, 0.0195, 7.4884, 0.0053],
      [0, 0, 0, 0, 0, 0, 0, 0, 0, 0, 0, 0, 0, 0, 0, 0, 0, 0.8459, 0, 0, 0, 0, 0, 0, 0, 0, 0, 0, 0, 0, 0]
    ],
    [
      [0.2717, 3.7463, 8.701, 6.5258, 4.8943, 3.3051, 3.988, 4.3505, 3.3233, 6.2841, 2.417, 4.2297, 3.142, 0.3021, 0.1813, 3.8671, 6.7675, 8.5198, 1.8127, 1.4502, 3.9276, 4.6526, 2.5982, 7.3113, 0.1813, 0.423, 0.6793, 4.7735, 1.6919, 8.4593, 0],
      [0.0075, 0.4653, 1.0808, 0.8106, 0.608, 0.4353, 0.4954, 0.5404, 0.4128, 0.7806, 0.3002, 0.5254, 0.3903, 0.0375, 0.0225, 0.4804, 0.8406, 1.4219, 0.2252, 0.1801, 0.4879, 0.5779, 0.3227, 0.9082, 0.1184, 0.2548, 0, 0.5929, 0.2102, 1.0508, 0.9914],
      [0.0026, 0.1599, 0.3713, 0.2785, 0.2089, 0.1495, 0.1702, 0.1856, 0.1418, 0.2682, 0.1031, 0.1805, 0.1341, 0.0129, 0.0077, 0.165, 0.2888, 0, 0.0774, 0.0619, 0.1676, 0.1985, 0.1109, 0.312, 0, 0, 0.0258, 0.2037, 0.0722, 0.361, 0.3482],
      [0.0007, 0.0423, 0.0982, 0.0736, 0.0552, 0.0394, 0.045, 0.0492, 0.0374, 0.0708, 0.0272, 0.0479, 0.0354, 0.0034, 0.0021, 0.0437, 0.0763, 0.0963, 0.0206, 0.0164, 0.0443, 0.0532, 0.0293, 0.0828, 0, 0.0048, 0.007, 0.054, 0.019, 0.0953, 0.0129],
      [0, 11.3937, 26.1809, 20.4889, 15.4245, 10.4141, 13.0673, 14.0449, 10.07, 20.9556, 8.2334, 13.6419, 8.7424, 1.0942, 0.5177, 11.0446, 21.3528, 29.9439, 5.2929, 4.9516, 11.3908, 16.1226, 9.2139, 27.418, 0.5756, 1.0923, 1.9571, 15.2529, 5.237, 24.1602, 3.1053],
      [0.0002, 0.504, 1.8882, 1.5939, 0.9165, 0.511, 0.0138, 0.2045, 3.0773, 2.642, 0.7115, 2.4774, 2.1378, 0.0796, 0.0596, 1.0976, 1.4965, 2.3669, 0.8666, 0.005, 1.4789, 0.016, 0.009, 0.0252, 0.0242, 2.1181, 0.3242, 2.1339, 3.168, 2.457, 0.4086],
      [0.7173, 39.704, 91.7798, 67.8038, 51.074, 37.547, 41.8496, 45.6749, 32.6285, 62.9601, 24.3465, 42.1404, 32.3986, 2.9875, 1.9196, 41.1239, 70.3666, 85.0412, 18.8089, 15.0182, 41.2289, 47.9465, 26.5654, 73.2629, 2.1005, 2.6155, 6.0413, 48.3635, 14.8991, 89.9028, 12.2996],
      [0, 5.9846, 13.8998, 10.4248, 7.8186, 5.5985, 6.3707, 6.9499, 5.3089, 10.0387, 3.861, 6.7568, 5.0194, 0.4826, 0.2896, 6.1777, 10.8109, 13.6102, 2.8958, 2.3166, 6.2742, 7.4325, 4.1506, 11.6797, 0, 0.4915, 0.9653, 7.6256, 2.7027, 13.5137, 1.834]
    ]
  ],
  "V_est": [
    [3.0184, 228.1938, 99.1273, 1.5591, 0.1486, 2666.4185, 136.5305, 0.0038],
    [0.013, 447.0557, 998.5867, 15.6295, 1.6757, 190.377, 296.6625, 0],
    [32.5154, 200.7508, 94.1937, 175.2643, 497.5923, 327.5658, 10028.4199, 567.6978],
    [248.5878, 235.2212, 49.008, 225.2796, 272.4539, 5236.1874, 327.7535, 37.5087],
    [77.256, 28.8016, 20.5351, 1013.8198, 498.6344, 1020.8402, 378.454, 8.6589],
    [664.832, 99.4009, 27.7816, 95.1641, 897.1141, 354.7979, 116.0634, 0.8459],
    [112.7774, 15.5761, 4.7676, 1.2836, 362.381, 34.8132, 1171.1161, 181.285]
  ],
  "p_est": [
    [0.001, 0.0728, 0.0316, 0.0005, 0, 0.8505, 0.0436, 1.2076e-06],
    [6.6478e-06, 0.2293, 0.5121, 0.008, 0.0009, 0.0976, 0.1521, 0],
    [0.0027, 0.0168, 0.0079, 0.0147, 0.0417, 0.0275, 0.841, 0.0476],
    [0.0375, 0.0355, 0.0074, 0.034, 0.0411, 0.7895, 0.0494, 0.0057],
    [0.0254, 0.0095, 0.0067, 0.3327, 0.1636, 0.335, 0.1242, 0.0028],
    [0.2947, 0.0441, 0.0123, 0.0422, 0.3977, 0.1573, 0.0514, 0.0004],
    [0.0599, 0.0083, 0.0025, 0.0007, 0.1923, 0.0185, 0.6216, 0.0962]
  ],
  "EI_Z": {},
  "EI_V": 16.0205,
  "MAE_Z": {},
  "MAE_V": 176.3862,
  "MAE_p": 0.0593,
  "runtime": 2.47
}
