{
  "Z_true": {},
  "V_true": [
    [554, 46, 78, 1074, 63],
    [901, 363, 331, 13159, 604],
    [151, 581, 9152, 885, 645],
    [29, 85, 320, 332, 488],
    [10, 729, 261, 221, 45],
    [74, 101, 243, 454, 566]
  ],
  "p_true": [
    [0.3052, 0.0253, 0.043, 0.5917, 0.0347],
    [0.0587, 0.0236, 0.0216, 0.8568, 0.0393],
    [0.0132, 0.0509, 0.8018, 0.0775, 0.0565],
    [0.0231, 0.0678, 0.2552, 0.2648, 0.3892],
    [0.0079, 0.5758, 0.2062, 0.1746, 0.0355],
    [0.0515, 0.0702, 0.169, 0.3157, 0.3936]
  ],
  "Z_est": [
    [
      [33.5662, 2.6853, 20.4025, 2.014, 13.5284, 5.3038, 50.9367, 96.8085, 45.9768, 14.9095, 12.5724, 19.6178, 9.0948, 25.4893, 33.1586, 12.4705, 21.7671, 13.7112, 29.6192, 26.853, 6.1438, 14.2806, 4.5206, 26.1817, 68.6159, 64.9536, 13.2905, 1.489, 28.2166, 7.8471, 21.1977, 25.1447, 8.0559, 13.7494, 42.8839, 16.6812, 18.0449, 22.4384, 14.1787, 42.9648, 2.5834, 79.7406, 12.9647, 98.5998, 29.1307],
      [1.5282, 0.1609, 0, 0.0804, 0.7775, 0.2307, 0.6703, 1.9035, 1.8441, 0, 0.5362, 0, 0.3217, 2.0644, 1.7158, 0.6703, 1.1796, 0.8847, 1.0992, 0.9115, 0.1339, 0.5898, 0.1877, 0.9384, 2.8687, 5.5832, 0.2145, 0.0804, 0.9384, 0, 1.4746, 1.5354, 0.6166, 0.3753, 1.2601, 1.3137, 0.6703, 1.2601, 0.3485, 3.0295, 0.2145, 4.5041, 0.3753, 2.547, 0.563],
      [0.7717, 0.0768, 0.0594, 0.0428, 0.0434, 0.1094, 0.855, 1.6679, 0.1394, 0.0434, 0.2573, 0.0571, 0.0274, 1.2714, 1.8957, 0.0411, 0.6695, 0.307, 0.6396, 0.3768, 0.0183, 0.2957, 0.0137, 0.4506, 0.8351, 2.0916, 2.6925, 0.0046, 0.442, 0.0228, 0.4091, 0.0777, 0.2325, 0.0411, 0.7567, 0.4547, 0.1514, 0.4963, 1.3801, 1.5479, 0.1066, 1.9425, 0.0388, 0.2947, 0.5621],
      [14.0782, 1.0588, 5.5312, 0.8557, 4.6289, 2.9609, 39.4946, 72.5126, 12.977, 4.042, 3.6165, 5.3184, 2.5528, 13.1365, 17.1898, 4.7925, 9.3572, 6.0779, 15.5903, 11.8193, 1.7019, 7.8011, 1.2764, 11.3991, 39.5986, 37.3008, 11.7856, 0.4255, 8.3354, 2.1274, 7.8874, 7.2331, 3.0678, 3.8293, 16.0319, 7.5147, 5.1057, 9.7768, 8.0607, 16.3744, 2.088, 60.6908, 3.6165, 27.4431, 17.7241],
      [0.0557, 0.0183, 0.007, 0.0071, 0.0218, 0.3951, 0.0435, 0.1075, 0.0628, 0.0051, 0.0176, 0.0067, 0.0032, 0.0384, 0.0401, 0.0257, 0.0266, 0.0192, 0.0517, 0.0394, 0.0021, 0.0328, 0.0016, 0.0303, 0.0817, 0.0707, 0.0169, 0.0005, 0.0676, 0.0027, 0.0313, 0.0091, 0.0272, 0.0048, 0.0675, 0.0357, 0.0278, 0.0284, 0.032, 0.0834, 0.0076, 0.1219, 0.0046, 0.1155, 0.0202]
    ],
    [
      [9.9441, 0.7168, 9.8322, 0.6007, 3.5506, 1.0794, 5.9269, 13.5196, 18.8559, 8.3769, 4.9676, 7.3991, 3.7702, 6.0211, 6.9441, 3.6455, 5.6491, 3.1328, 7.692, 9.1388, 2.9361, 3.3258, 3.5037, 8.514, 17.0031, 12.954, 0.6353, 0.6658, 12.0213, 4.3945, 7.1648, 9.3182, 2.2727, 7.4435, 15.9551, 3.8824, 7.494, 6.4247, 2.5722, 10.6079, 0.1271, 4.6505, 7.7625, 39.7811, 4.9104],
      [5.966, 0.476, 2.0607, 0.0715, 2.3752, 0.4701, 2.631, 6.9506, 17.4876, 5.9633, 1.6395, 5.1293, 0.4459, 4.7076, 4.6868, 2.3934, 3.7658, 2.233, 5.5204, 4.2137, 0.2623, 0.5246, 1.1522, 6.1821, 18.1941, 28.9135, 0.8518, 0.0715, 4.9326, 3.2003, 8.2564, 4.4833, 3.0859, 0.3338, 1.1207, 5.8889, 0.5961, 6.6438, 0.31, 13.2158, 0.8156, 12.7011, 1.143, 4.1623, 2.5356],
      [3.5709, 0.3674, 12.9779, 0.1952, 1.592, 0.1837, 1.9241, 11.8834, 29.9633, 13.485, 5.9855, 8.2139, 1.4479, 2.7152, 2.9886, 1.6994, 5.7951, 1.3674, 5.355, 9.4014, 4.5564, 8.4112, 4.8397, 3.2035, 3.146, 3.4446, 1.67, 1.3458, 2.055, 1.9821, 8.0651, 3.9292, 8.067, 1.5635, 14.221, 2.1471, 9.6816, 3.3566, 4.1594, 16.3402, 2.1449, 26.6708, 0.9381, 6.005, 9.8726],
      [383.5306, 78.5043, 258.51, 20.506, 141.1047, 35.3284, 169.6657, 428.4036, 493.4623, 233.1586, 169.7831, 317.8782, 122.17, 240.5399, 266.5596, 149.7692, 228.0473, 121.2091, 442.3468, 352.1193, 142.7261, 325.9517, 89.222, 209.0186, 563.8825, 537.7072, 54.1325, 29.3252, 576.5733, 197.0898, 334.0281, 662.3725, 290.417, 331.3184, 589.5665, 416.8359, 230.5915, 281.612, 177.4362, 630.6939, 99.2211, 732.5888, 151.9605, 834.1812, 172.6319],
      [42.9884, 20.9355, 21.6193, 5.6266, 14.3775, 1.9384, 16.8523, 48.2428, 45.231, 33.0162, 12.6242, 26.3794, 13.166, 24.0162, 24.8208, 16.4924, 19.7427, 12.0579, 43.0858, 30.1268, 11.5191, 28.7867, 8.2824, 19.0818, 51.7742, 37.9807, 6.7104, 1.5916, 59.4178, 12.3333, 20.4856, 40.8968, 26.1575, 33.3408, 52.1368, 28.2458, 22.6368, 16.9629, 29.5222, 65.1422, 6.6913, 76.3888, 17.1958, 81.8704, 7.0494]
    ],
    [
      [5.053, 0.4801, 3.4435, 0.2952, 3.3057, 0.4527, 5.3345, 9.1787, 7.0131, 2.5739, 1.8812, 5.3381, 2.6757, 2.4548, 4.5523, 2.3242, 3.6566, 2.5528, 3.4792, 2.8576, 0.622, 1.8025, 0.6377, 3.1919, 6.6481, 6.6006, 0.6497, 0.2794, 3.4833, 1.3459, 2.6842, 4.3445, 1.3144, 2.1174, 5.2583, 2.7153, 2.6172, 3.1681, 1.6805, 8.5311, 0.1977, 10.6567, 1.6177, 18.022, 4.817],
      [19.9997, 1.7743, 11.029, 0.508, 9.2379, 1.0468, 7.6326, 20.4312, 26.5136, 9.2905, 5.8949, 21.2592, 3.9374, 32.2751, 22.1625, 6.5138, 16.4702, 9.3774, 11.0453, 8.5379, 2.2054, 5.2985, 1.6909, 9.6404, 30.7097, 37.7657, 2.3328, 0.508, 9.7182, 5.5531, 12.5218, 16.954, 5.8585, 2.6732, 11.0315, 13.3089, 6.101, 12.2558, 2.2015, 33.3673, 2.2685, 44.2949, 3.9067, 27.85, 3.6659],
      [303.0616, 30.9907, 218.6126, 16.4377, 265.2558, 15.4353, 300.7301, 579.017, 426.6471, 150.473, 114.6455, 501.5093, 82.3874, 549.8992, 431.9972, 261.7027, 270.1068, 154.2059, 183.5146, 122.5241, 18.6879, 103.9707, 21.6649, 164.4746, 264.1788, 289.9979, 115.4492, 17.2412, 162.7943, 81.3454, 140.7003, 279.3668, 86.905, 111.381, 267.8582, 180.7162, 155.1122, 190.3754, 97.6934, 633.9702, 41.9814, 716.2047, 66.744, 505.8469, 200.1273],
      [22.6087, 1.558, 4.8338, 1.3025, 8.5486, 1.4688, 15.5972, 62.6453, 9.5493, 3.4133, 2.6823, 13.3124, 5.2072, 11.8678, 5.7664, 9.1793, 28.8281, 7.6925, 4.163, 2.8214, 0.5975, 2.3479, 0.513, 7.8543, 8.1362, 14.1065, 5.7342, 0.3749, 5.977, 2.5765, 3.2554, 20.1941, 1.9927, 8.5619, 8.875, 8.8509, 3.4133, 8.9404, 2.1506, 35.0796, 0.9273, 19.2247, 2.7646, 32.3244, 15.3945],
      [16.277, 4.1969, 7.0811, 2.4565, 8.652, 0.5964, 6.7056, 30.7278, 14.2769, 7.2494, 3.8961, 3.581, 3.7922, 10.5031, 6.5216, 9.2799, 2.9383, 6.1715, 8.7978, 6.259, 1.8872, 5.5805, 1.4935, 5.8387, 12.3272, 11.5294, 4.8341, 0.5964, 13.0272, 3.1791, 5.8383, 11.1406, 4.9293, 12.2666, 11.9769, 7.4087, 5.7564, 6.2603, 5.274, 21.0518, 1.6251, 24.619, 3.9669, 20.9567, 0.9954]
    ],
    [
      [0.2511, 0.0201, 0.4785, 0.0151, 0.1054, 0, 0.3214, 0.6176, 0.3716, 0.1406, 0.1004, 0.1707, 0.0803, 0.1757, 0.231, 0.0954, 0.1607, 0.1004, 0.2109, 0.2008, 0.0502, 0.1004, 1.104, 0.1958, 0.477, 0.4368, 0.0753, 0.2553, 0.226, 0.0703, 0.1607, 0.2008, 0.0603, 0.1205, 0.3314, 0.1205, 0.1456, 0.1657, 0.0954, 0.3214, 0.0151, 0.4921, 0.1155, 0.8084, 0.2008],
      [3.1653, 0.4195, 2.4606, 0.1595, 1.4307, 0, 1.1399, 3.9322, 5.2933, 1.8167, 1.086, 2.5962, 0.5378, 3.2804, 2.7453, 1.2403, 1.9941, 1.5542, 2.2363, 1.8194, 0.4734, 1.3151, 0.5508, 1.9841, 4.7085, 5.2949, 0.5147, 0.193, 3.1559, 1.9049, 3.1371, 3.487, 1.8481, 1.269, 4.2962, 2.8849, 1.7759, 2.1536, 0.7025, 5.9315, 0.6152, 8.1312, 0.9008, 4.539, 1.0499],
      [1.0691, 0.11, 0.8147, 0, 0.8159, 0, 0, 2.0695, 1.5985, 0.5741, 0.4228, 0, 0, 0.4857, 0, 0, 0.966, 0.5535, 0.6635, 0.4641, 0, 0.3953, 0.0963, 0.5879, 0.9419, 1.0313, 0.3996, 0.0688, 0.5775, 0.2922, 7.7577, 0.9935, 0.3335, 0.3953, 1.0038, 0.6429, 0.5775, 0.6807, 0, 2.2792, 0.1547, 2.6127, 0.2372, 1.7979, 0.7357],
      [29.5966, 3.2644, 17.0423, 0.9327, 10.52, 0, 6.0211, 33.9453, 49.0332, 13.4098, 9.9468, 17.3457, 2.3317, 17.975, 15.2343, 8.7554, 12.5554, 11.2499, 18.5597, 15.1403, 1.8654, 12.2051, 6.7822, 20.5163, 26.1968, 27.5143, 5.2511, 2.0917, 47.287, 14.483, 27.6398, 34.4975, 27.2597, 16.7651, 69.7827, 31.9731, 23.4915, 14.3828, 4.1971, 52.0521, 9.0412, 61.3182, 9.7166, 25.7089, 8.6442],
      [7.9179, 3.186, 4.2038, 0.8927, 3.128, 0, 3.5177, 11.4354, 8.7033, 6.0588, 2.444, 4.8874, 2.0502, 5.0831, 4.7894, 3.9089, 3.3238, 2.542, 7.3296, 5.3754, 1.611, 4.984, 1.4667, 3.7159, 9.6758, 7.7226, 1.7593, 0.3912, 10.7536, 2.2496, 4.3047, 7.8212, 4.4984, 6.45, 9.5859, 5.3786, 4.0094, 3.6172, 4.005, 12.4158, 1.1739, 15.4459, 3.0299, 15.1457, 1.3694]
    ],
    [
      [0.0756, 0.009, 0.0664, 0.0085, 0.0437, 0.0087, 0.0599, 0.1452, 0.14, 0.0524, 0.0344, 0.0746, 0.0237, 0.0821, 0.0928, 0.0427, 0.0561, 0.0589, 0.0664, 0.0619, 0.0259, 0.0467, 0.012, 0.0509, 0.147, 0.1238, 0.0162, 0.2438, 0.0539, 0.0314, 0.0823, 0.1038, 0.0304, 0.0364, 0.1063, 0.0679, 0.0546, 0.0706, 0.0514, 0.1542, 0.0102, 0.2847, 0.0289, 0.2148, 0.0531],
      [22.9387, 2.8112, 19.2413, 2.0014, 13.4479, 2.0137, 11.4342, 33.5448, 43.8332, 15.8404, 9.6497, 24.6132, 6.041, 30.0767, 28.8697, 12.6901, 17.9641, 17.9733, 18.6516, 16.4882, 7.2685, 12.9589, 3.0006, 14.166, 44.1327, 40.9222, 3.6087, 1.9679, 14.166, 10.0286, 26.3274, 31.8397, 10.2181, 8.513, 26.4863, 22.679, 14.3645, 21.8814, 8.6616, 50.7114, 3.6087, 88.3415, 6.8385, 50.2316, 11.9323],
      [2.5267, 0.3047, 3.4216, 0.2444, 2.293, 0.1964, 0.7042, 4.5329, 4.4663, 1.6397, 1.1107, 1.7694, 0.7379, 1.6285, 4.969, 1.9218, 2.142, 4.5663, 1.9203, 1.5991, 0.6247, 1.3866, 0.2886, 1.4797, 3.6104, 2.0247, 0.2201, 0.296, 1.3416, 0.9579, 2.3158, 3.2746, 1.0062, 1.0785, 3.0225, 2.1603, 1.6877, 2.1605, 11.2267, 5.7465, 0.401, 8.9974, 0.7175, 6.5974, 1.6966],
      [1.9632, 0.3122, 4.3794, 1.0049, 2.5797, 0.6981, 3.1184, 7.5802, 8.7558, 3.3237, 2.7135, 5.5298, 1.7355, 4.1432, 5.0302, 3.5791, 2.1455, 4.8104, 3.9818, 4.8095, 3.6665, 5.6497, 0.4299, 1.5756, 7.1537, 1.3652, 0.8312, 1.4031, 0.5342, 2.523, 8.3298, 11.1896, 1.9105, 3.2105, 10.5341, 6.0041, 6.0865, 6.0987, 3.1172, 10.8969, 0.7543, 33.9927, 1.8491, 16.9661, 4.9763],
      [1.4958, 0.563, 0.8914, 0.7408, 0.6357, 0.0832, 0.6833, 2.1969, 1.8047, 1.1438, 0.4917, 1.013, 0.462, 1.0695, 1.0383, 0.7665, 0.6922, 0.5912, 1.3799, 1.0413, 0.4144, 0.9581, 0.2689, 0.7278, 1.9563, 1.5641, 0.3238, 0.0891, 1.9043, 0.459, 0.9447, 1.5923, 0.8348, 1.1616, 1.8508, 1.0888, 0.8066, 0.7887, 0.9432, 2.491, 0.2258, 3.3837, 0.5659, 2.9901, 0.3416]
    ],
    [
      [1.1099, 0.0888, 0.7769, 0.0666, 0.4662, 0.1554, 1.4207, 2.7304, 1.6427, 1.9468, 0.444, 1.3996, 0.3552, 0.7769, 1.0211, 0.4218, 0.7103, 0.444, 0.9323, 0.8879, 0.222, 0.444, 0.222, 0.8657, 2.1089, 1.9313, 0.333, 0.0666, 0.9989, 0.3108, 0.7103, 0.8879, 0.2664, 0.5328, 1.4651, 0.5328, 0.6438, 0.7325, 0.4218, 1.4207, 0.0666, 2.1754, 0.5106, 3.5739, 0.8879],
      [3.4021, 0.3581, 2.2084, 0.1791, 1.7309, 0.2387, 1.4921, 4.2377, 6.0282, 2.089, 1.1937, 3.4021, 0.7162, 4.5958, 3.8199, 1.4921, 2.6262, 0.9775, 2.4471, 2.0293, 0.6565, 1.3131, 0.4178, 2.089, 6.3864, 7.5204, 0.4775, 0.1791, 2.089, 1.3131, 3.2827, 3.7005, 1.3728, 0.8356, 2.8052, 2.9246, 1.4921, 2.8052, 0.7759, 6.7445, 0.4775, 10.0272, 0.8356, 5.6701, 1.2534],
      [0, 0.1504, 1.1139, 0.0799, 0, 0.0752, 0.7866, 2.8293, 2.1854, 0.7849, 0.5781, 2.4504, 0.3995, 0, 2.1495, 4.635, 1.3206, 0, 0.9071, 0.6345, 0.1128, 0.5405, 1.0967, 0.8037, 1.2877, 1.4099, 0.5687, 1.0436, 0.7896, 0.3995, 0.752, 1.3582, 0.4559, 0.5405, 5.1378, 0.8789, 0.7896, 0.9306, 0.5405, 3.116, 0.2115, 3.5719, 0.3243, 2.458, 1.0058],
      [8.2228, 2.3024, 10.7034, 2.3982, 3.618, 1.5438, 11.103, 26.913, 20.2224, 22.6526, 7.2578, 26.6155, 8.0027, 13.3376, 16.2197, 11.9244, 7.0664, 2.9602, 13.3584, 17.2902, 11.4426, 14.0445, 4.7765, 11.6361, 34.0322, 32.006, 7.2654, 2.3796, 40.293, 5.2003, 24.8595, 28.5133, 12.3523, 14.3149, 31.2098, 19.8213, 6.3115, 15.1892, 9.0383, 25.903, 1.9681, 59.1848, 7.0927, 45.3763, 7.6289],
      [12.2652, 4.1003, 9.1975, 2.2763, 5.1849, 0.9869, 8.1976, 24.2896, 18.9213, 14.5267, 5.5264, 14.1324, 5.5264, 11.2896, 11.7899, 9.5266, 7.2764, 4.6183, 14.3551, 12.1581, 5.5661, 10.658, 3.4869, 8.6055, 23.1849, 20.1324, 4.3554, 1.3311, 24.8295, 4.7763, 12.3955, 18.54, 9.5527, 12.7762, 22.3821, 12.8425, 7.7631, 9.3425, 9.2236, 25.8158, 2.2763, 38.0407, 6.2368, 33.9216, 4.224]
    ]
  ],
  "V_est": [
    [1174.3838, 48.2019, 24.7108, 565.7869, 1.9166],
    [327.0839, 208.7648, 272.9286, 13313.6816, 1235.5411],
    [163.9059, 548.6198, 9893.9415, 443.213, 364.3198],
    [10.193, 101.725, 35.2007, 873.5232, 233.358],
    [3.3041, 884.9796, 107.0145, 223.2425, 47.4593],
    [40.1292, 112.7089, 51.2039, 705.5529, 528.4051]
  ],
  "p_est": [
    [0.647, 0.0266, 0.0136, 0.3117, 0.0011],
    [0.0213, 0.0136, 0.0178, 0.8669, 0.0804],
    [0.0144, 0.0481, 0.8668, 0.0388, 0.0319],
    [0.0081, 0.0811, 0.0281, 0.6966, 0.1861],
    [0.0026, 0.699, 0.0845, 0.1763, 0.0375],
    [0.0279, 0.0784, 0.0356, 0.4906, 0.3675]
  ],
  "EI_Z": {},
  "EI_V": 9.6661,
  "MAE_Z": {},
  "MAE_V": 209.7231,
  "MAE_p": 0.081,
  "runtime": 1.794
}
