{
  "Z_true": {},
  "V_true": [
    [3033, 150, 3144, 54],
    [1853, 187, 13742, 242],
    [620, 9349, 1299, 555],
    [419, 908, 1429, 768]
  ],
  "p_true": [
    [0.4753, 0.0235, 0.4927, 0.0085],
    [0.1156, 0.0117, 0.8576, 0.0151],
    [0.0524, 0.7907, 0.1099, 0.0469],
    [0.1189, 0.2577, 0.4055, 0.2179]
  ],
  "Z_est": [
    [
      [34, 23, 16.9992, 8.0577, 19.2719, 14.0022, 0.2784, 11.0304, 24, 26, 23.0001, 65, 30, 33, 49, 19, 8, 8.0002, 21, 38, 3.0003, 13.0528, 6.9996, 4, 7, 10.9998, 7.0001, 4, 33, 3.0549, 15.0057, 83, 18.9994, 11.001, 19, 3.7286, 44, 6.8677, 22.0001, 10, 18, 7.9999, 11, 3.8481, 9, 23.014, 4.2155, 6.1768, 15.0001, 2, 78, 12.0179, 151, 43],
      [23, 16, 14.0018, 12.933, 8.9405, 19.9989, 1.3728, 15.933, 44, 68, 44.9999, 43, 59, 45, 85, 27, 22, 15.0003, 44, 37, 9.9994, 9.9725, 20, 15, 30, 26.001, 24, 11, 33, 5.1436, 13.9992, 50, 16.0094, 8.0006, 15, 3.454, 29, 7.4585, 24.9999, 28, 48, 31.0001, 48, 3.1028, 27, 15.9876, 5.468, 4.8078, 30.9999, 7.0018, 179, 18.9875, 155, 77],
      [98, 64, 46.0055, 16.9638, 24.7627, 23.9983, 2.3254, 20.0239, 59, 79, 76, 127, 97, 93, 139, 79, 29, 26.9995, 86, 96, 16.0003, 25.9625, 32.0003, 22, 53, 37.9989, 33.9999, 25, 82, 6.7019, 41.9811, 201, 34.9949, 21.9985, 69, 7.5595, 124, 12.6024, 55, 67, 35, 20.9999, 37, 17.0494, 54, 40.9921, 11.1206, 17.8386, 41, 10.9982, 262, 31.9938, 317, 135],
      [4, 5, 2.9935, 1.0455, 2.0249, 2.0006, 0.0235, 0.0127, 4, 4, 5, 8, 6, 5, 16, 7, 2, 3, 7, 8, 1, 2.0122, 2.0001, 3, 4, 3.0003, 4, 1, 5, 1.0996, 3.014, 12, 0.9964, 1.9999, 5, 1.2579, 10, 0.0714, 3, 6, 2, 1.0001, 2, 0.9997, 4, 4.0063, 0.196, 0.1768, 2, 2, 20, 3.0008, 28, 7]
    ],
    [
      [87, 59, 28.9978, 12.9829, 20.0212, 18.0014, 1.6722, 19.9998, 47, 47, 54.0001, 85, 78, 51, 109, 71, 22, 18.9995, 61.9999, 59, 12.9997, 15.9678, 24.0002, 18, 35, 31.0003, 24.0001, 24, 59, 3.0343, 33.9986, 155, 29.0148, 24.9996, 55, 8.418, 81, 10.4338, 44.9999, 59, 29, 14, 19, 17.9968, 35, 37.997, 6.9527, 7.0839, 25, 11.0009, 184, 28.9976, 315, 78],
      [61, 47, 27.9788, 25.8636, 9.9765, 28.998, 11.3114, 30.0303, 86, 127, 109.0001, 62, 165, 75, 196, 103, 70.9999, 47.0004, 142.9999, 60, 67.0003, 14.9969, 103.9988, 89, 172, 77.9998, 110.9998, 100, 63, 7.062, 37.9102, 95, 24.9903, 22.9999, 50, 11.4595, 60, 12.3705, 58.0001, 178, 82, 67.9998, 102, 24.9461, 121, 27.0044, 12.9387, 7.6423, 64, 63.9974, 438, 48.9981, 330, 143],
      [255, 174, 88.0269, 32.1395, 28.9797, 34.0008, 16.6637, 41.971, 115, 149, 181.9998, 176, 269, 151, 319, 303, 94.0001, 81.0006, 274.0001, 153, 107.0002, 36.0353, 159.0012, 130, 311, 120.0008, 152.0001, 220, 154, 10.2761, 108.0794, 378, 56, 55.0004, 218, 24.2977, 238, 24.0185, 126, 420, 60, 46.0002, 79, 113.0578, 238, 71.0033, 22.4779, 25.6799, 80, 97.0006, 638, 88.0101, 671, 254],
      [11, 14, 5.9964, 2.0141, 3.0226, 2.9999, 0.3528, 0.9989, 8, 8, 12, 12, 17, 9, 37, 27, 8, 9.9995, 23, 13, 8.9998, 3, 12.9998, 17, 23, 10.999, 18, 12, 10, 1.6275, 8.0118, 23, 1.995, 5.0001, 15, 4.8249, 19, 0.1772, 7, 38, 4, 3, 5, 5.9993, 18, 7.9953, 0.6307, 0.5938, 5, 23.0012, 50, 8.9942, 61, 14]
    ],
    [
      [29, 19, 9.9939, 11.9416, 10.8322, 18.997, 1.1556, 16.999, 45, 58, 42.9999, 42, 61, 38, 90, 33, 21, 14.0009, 43, 36, 12.0002, 6.9817, 21.9998, 16, 26, 28.0002, 23.9999, 14, 32, 3.3905, 14.9956, 58, 18.9865, 11.9994, 16, 3.9916, 29, 9.0313, 27.0001, 32, 46, 30.0001, 42, 5.1023, 26, 18.9907, 4.1521, 3.4164, 28.9999, 8.9997, 169, 21.9895, 201, 66],
      [20, 16, 10.0133, 22.079, 5.0755, 30.0035, 10.0047, 25.9876, 86, 156, 91.0002, 30, 127, 55, 160, 48, 67.0001, 32.9992, 100.0001, 37, 63.0006, 7.0099, 95.0006, 79, 130, 69.999, 108.0001, 60, 35, 9.2599, 16.0851, 36, 16.9996, 10.9996, 15, 6.0056, 20, 11.9358, 35, 99, 130, 153, 220, 8.1042, 89, 13.0078, 9.9966, 3.9069, 73.0001, 57, 399, 37.0206, 209, 119],
      [87, 60, 31.98, 31.9792, 15.0185, 38.0006, 14.6966, 36.0149, 115, 185, 150, 89, 210, 115, 265, 142, 89.9999, 61.9996, 194.9999, 96, 101.9992, 17.0081, 148.9992, 120, 236, 109.001, 153, 134, 88, 11.5895, 47.9362, 144, 38.0071, 30.0008, 65, 14.6546, 89, 19.6645, 77.9999, 231, 95, 106.9999, 171, 37.7413, 178, 36.0047, 15.126, 12.5496, 98, 87.002, 585, 67.988, 429, 214],
      [3, 5, 2.0128, 2.0002, 2.0738, 4.9989, 0.1431, 1.9985, 8, 10, 10, 6, 14, 7, 31, 12, 8, 8.0003, 16, 8, 8, 1.0004, 12.0004, 16, 18, 9.9998, 18, 7, 5, 1.76, 2.9832, 9, 1.0068, 2.0002, 4, 2.3482, 7, 0.3683, 5, 21, 8, 7, 13, 2.0522, 13, 3.9969, 0.7253, 0.1271, 7, 20.9982, 46, 8.0019, 39, 12]
    ],
    [
      [14, 9, 3.0091, 3.0178, 5.8747, 6.9994, 0.8938, 3.9708, 9, 10, 12, 16, 19, 9, 27, 17, 4, 5.9994, 15, 14, 1.9998, 3.9977, 4.0003, 7, 7, 6.9997, 6.9999, 4, 13, 0.5202, 6.0002, 22, 4.9994, 6, 8, 1.8619, 13, 1.6671, 8.9999, 10, 7, 3, 7, 2.0527, 6, 8.9984, 1.6797, 0.3229, 6, 1.9994, 43, 5.995, 70, 10],
      [10, 7, 3.006, 7.1244, 2.0075, 10.9996, 8.3111, 6.049, 17, 28, 25.9999, 11, 40, 13, 49, 24, 15, 14.0001, 34, 14, 13.9996, 3.0207, 18.0007, 34, 34, 19.0002, 31.0001, 17, 14, 1.5345, 7.0055, 13, 4.0007, 4.9999, 7, 3.0809, 9, 3.2353, 11, 30, 20, 19, 37, 3.847, 22, 6.0002, 2.5967, 0.643, 17, 17.0009, 103, 9.9938, 73, 18],
      [42, 29, 11.9876, 8.9176, 8.239, 13.0003, 11.3144, 7.9902, 23, 33, 45.0001, 35, 67, 27, 81, 73, 20, 26.0003, 66, 38, 24.0003, 8.9941, 27.9993, 50, 62, 29.9994, 43.9999, 39, 36, 1.4324, 21.0033, 55, 9.9981, 13.0003, 35, 7.4882, 39, 6.7146, 25.0001, 74, 14, 14, 29, 19.1515, 45, 15.9999, 5.2755, 1.9319, 22, 27.9991, 152, 18.0081, 151, 32],
      [3, 4, 1.9973, 2.9403, 1.8788, 2.0006, 0.4806, 0.9899, 2, 4, 4, 4, 6, 3, 11, 8, 4, 5.0003, 7, 4, 4.0003, 1.9874, 3.9998, 8, 5, 4.0008, 7, 4, 5, 0.5128, 2.991, 5, 1.0019, 1.9998, 4, 2.569, 5, 0.383, 3, 7, 2, 2, 3, 1.9487, 5, 3.0015, 0.448, 0.1022, 3, 8.0006, 13, 3.0031, 15, 3]
    ]
  ],
  "V_est": [
    [1180.6223, 1677.5734, 3284.872, 237.9322],
    [2509.5709, 4376.4738, 8466.7217, 671.2336],
    [1718.9474, 3573.4954, 6038.9607, 491.5965],
    [515.8594, 966.4573, 1823.4456, 218.2377]
  ],
  "p_est": [
    [0.185, 0.2629, 0.5148, 0.0373],
    [0.1566, 0.2731, 0.5284, 0.0419],
    [0.1454, 0.3023, 0.5108, 0.0416],
    [0.1464, 0.2743, 0.5174, 0.0619]
  ],
  "EI_Z": {},
  "EI_V": 35.8029,
  "MAE_Z": {},
  "MAE_V": 1689.5408,
  "MAE_p": 0.1587,
  "runtime": 0.3146
}
