{
  "Z_true": {},
  "V_true": [
    [16, 476, 42, 579, 183],
    [1152, 173, 1514, 527, 94],
    [1055, 286, 8819, 2038, 400],
    [279, 8740, 210, 7832, 495],
    [163, 334, 712, 1327, 520]
  ],
  "p_true": [
    [0.0123, 0.3673, 0.0324, 0.4468, 0.1412],
    [0.3329, 0.05, 0.4376, 0.1523, 0.0272],
    [0.0837, 0.0227, 0.7, 0.1618, 0.0318],
    [0.0159, 0.4978, 0.012, 0.4461, 0.0282],
    [0.0533, 0.1093, 0.233, 0.4342, 0.1702]
  ],
  "Z_est": {},
  "V_est": [
    [141.5822, 0, 411.672, 742.7458, 0],
    [1403.7562, 482.967, 1573.2768, 0, 0],
    [1083.8731, 630.4697, 9312.0512, 347.7148, 1223.8912],
    [35.7885, 8895.5633, 0, 8624.6482, 0],
    [0, 0, 0, 2587.8912, 468.1088]
  ],
  "p_est": [
    [0.1092, 0, 0.3176, 0.5731, 0],
    [0.4057, 0.1396, 0.4547, 0, 0],
    [0.086, 0.05, 0.7392, 0.0276, 0.0971],
    [0.002, 0.5067, 0, 0.4913, 0],
    [0, 0, 0, 0.8468, 0.1532]
  ],
  "EI_Z": {},
  "EI_V": 13.6422,
  "MAE_Z": {},
  "MAE_V": 414.351,
  "MAE_p": 0.1031,
  "runtime": 0.0136
}
