{
  "X": [
    [10, 74, 100, 91, 101, 0],
    [19, 81, 83, 99, 116, 0],
    [15, 78, 119, 109, 96, 0],
    [14, 108, 168, 115, 98, 0],
    [24, 77, 112, 122, 86, 0],
    [5, 76, 105, 116, 91, 0],
    [4, 84, 101, 122, 108, 0],
    [10, 81, 107, 133, 111, 0],
    [11, 55, 125, 91, 86, 1],
    [21, 33, 21, 104, 154, 0],
    [34, 14, 15, 114, 146, 1],
    [45, 16, 13, 113, 191, 1],
    [12, 8, 7, 67, 134, 1],
    [11, 17, 9, 70, 149, 2],
    [38, 30, 29, 124, 177, 0],
    [26, 13, 7, 82, 138, 1],
    [23, 13, 8, 63, 149, 2],
    [8, 7, 4, 81, 109, 0],
    [22, 28, 25, 148, 220, 0],
    [22, 10, 12, 85, 156, 0],
    [13, 6, 6, 74, 127, 0],
    [13, 10, 9, 76, 134, 0],
    [19, 28, 18, 142, 175, 0],
    [33, 18, 14, 123, 164, 0],
    [32, 14, 11, 119, 164, 0],
    [34, 22, 24, 140, 250, 0],
    [15, 11, 9, 77, 110, 0],
    [87, 454, 579, 946, 1451, 2],
    [48, 16, 11, 119, 168, 0],
    [32, 15, 16, 102, 160, 0],
    [29, 11, 8, 72, 88, 0],
    [24, 10, 10, 96, 122, 1],
    [14, 20, 11, 105, 154, 0],
    [12, 28, 38, 159, 138, 0],
    [17, 24, 9, 93, 117, 0],
    [15, 14, 17, 107, 131, 0],
    [24, 13, 9, 112, 136, 1],
    [14, 13, 9, 86, 150, 1],
    [10, 11, 9, 74, 146, 1],
    [18, 7, 7, 94, 159, 0],
    [10, 19, 14, 96, 177, 0],
    [18, 30, 25, 124, 154, 0],
    [33, 35, 47, 110, 124, 0],
    [14, 19, 27, 113, 150, 0],
    [12, 20, 27, 103, 150, 0],
    [14, 21, 28, 104, 143, 0],
    [5, 23, 23, 94, 156, 2],
    [9, 19, 12, 99, 156, 0],
    [5, 15, 21, 118, 166, 0],
    [13, 20, 34, 102, 143, 0],
    [23, 12, 9, 89, 179, 1],
    [24, 11, 7, 76, 153, 0],
    [18, 15, 28, 104, 169, 0],
    [32, 21, 19, 121, 215, 1],
    [13, 35, 50, 125, 159, 1],
    [29, 13, 12, 160, 226, 0],
    [13, 12, 11, 82, 121, 0],
    [13, 12, 9, 90, 137, 0],
    [15, 18, 15, 85, 168, 0],
    [9, 93, 95, 89, 117, 1],
    [8, 84, 52, 104, 118, 1],
    [12, 81, 109, 103, 116, 0],
    [17, 88, 112, 104, 121, 0],
    [21, 82, 95, 93, 104, 0],
    [5, 75, 51, 106, 94, 0],
    [11, 70, 75, 102, 85, 0],
    [16, 71, 76, 80, 136, 0],
    [16, 49, 62, 89, 93, 0],
    [11, 71, 85, 86, 102, 0],
    [9, 78, 57, 103, 141, 0],
    [8, 76, 43, 94, 129, 0],
    [10, 78, 84, 90, 95, 0],
    [10, 81, 86, 117, 116, 1],
    [23, 71, 50, 118, 144, 1]
  ],
  "W": [
    [8, 45, 92, 93, 108, 30],
    [14, 50, 76, 111, 104, 43],
    [25, 44, 105, 108, 94, 41],
    [28, 79, 148, 114, 85, 49],
    [16, 55, 98, 126, 68, 58],
    [25, 53, 93, 112, 79, 31],
    [25, 81, 90, 111, 85, 27],
    [23, 61, 98, 129, 95, 36],
    [27, 39, 107, 95, 61, 40],
    [9, 20, 20, 95, 137, 52],
    [5, 15, 11, 107, 117, 69],
    [8, 14, 8, 113, 181, 55],
    [4, 4, 2, 61, 113, 45],
    [3, 11, 7, 69, 141, 27],
    [3, 24, 24, 120, 150, 77],
    [4, 13, 2, 80, 122, 46],
    [2, 9, 4, 55, 139, 49],
    [0, 11, 4, 81, 87, 26],
    [10, 18, 23, 139, 193, 60],
    [4, 11, 8, 82, 141, 39],
    [5, 4, 6, 66, 105, 40],
    [3, 9, 7, 74, 112, 37],
    [8, 25, 9, 132, 146, 62],
    [6, 10, 8, 119, 157, 52],
    [4, 8, 7, 114, 147, 60],
    [10, 13, 20, 133, 223, 71],
    [4, 8, 9, 76, 88, 37],
    [116, 321, 505, 851, 1218, 508],
    [9, 8, 11, 110, 173, 51],
    [10, 5, 13, 93, 137, 67],
    [2, 8, 6, 70, 84, 38],
    [6, 7, 10, 90, 103, 47],
    [7, 12, 13, 106, 124, 42],
    [13, 25, 29, 135, 116, 57],
    [13, 15, 6, 87, 98, 41],
    [3, 11, 14, 95, 119, 42],
    [4, 8, 10, 100, 122, 51],
    [6, 7, 4, 76, 141, 39],
    [9, 11, 6, 67, 121, 37],
    [3, 8, 5, 84, 146, 39],
    [10, 11, 7, 88, 157, 43],
    [18, 17, 24, 111, 140, 41],
    [17, 29, 37, 98, 125, 43],
    [6, 14, 23, 102, 142, 36],
    [7, 15, 23, 102, 132, 33],
    [8, 20, 17, 101, 130, 34],
    [9, 15, 17, 87, 131, 44],
    [6, 13, 11, 95, 141, 29],
    [5, 15, 17, 98, 144, 46],
    [11, 15, 21, 92, 123, 50],
    [5, 10, 5, 83, 163, 47],
    [3, 8, 8, 75, 132, 45],
    [12, 18, 20, 86, 147, 51],
    [8, 17, 13, 117, 196, 58],
    [16, 39, 42, 114, 132, 40],
    [9, 7, 12, 138, 194, 80],
    [3, 8, 8, 80, 108, 32],
    [2, 6, 6, 78, 116, 53],
    [9, 13, 9, 83, 145, 42],
    [22, 66, 93, 95, 94, 34],
    [22, 65, 53, 95, 98, 34],
    [18, 52, 117, 104, 85, 45],
    [24, 67, 97, 112, 97, 45],
    [23, 67, 79, 93, 89, 44],
    [22, 49, 40, 96, 82, 42],
    [11, 52, 68, 98, 75, 39],
    [18, 52, 64, 85, 118, 42],
    [8, 35, 48, 88, 82, 48],
    [22, 55, 72, 81, 82, 43],
    [20, 66, 41, 110, 110, 41],
    [21, 48, 37, 83, 116, 45],
    [22, 54, 64, 84, 92, 41],
    [17, 64, 75, 115, 100, 40],
    [17, 45, 47, 126, 130, 42]
  ],
  "method": "mvn_pdf",
  "cond_prob": [
    [
      [0.0041295103764, 0.69557032195, 0.27444608059, 0.004201758285, 0.021652328794, 0],
      [3.6552981742e-09, 0.88584648876, 0.11005953682, 0.00280547874, 0.0012884920202, 0],
      [3.2566630757e-05, 0.15884502634, 0.82844463004, 0.0020243232771, 0.010653453712, 0],
      [0.0059318279688, 0, 0.15241197052, 0.45140987708, 0.39024632443, 0],
      [0.030922851222, 0, 0, 0.41169687218, 0.5573802766, 0],
      [0.20242132298, 0.46528676688, 0.082017765891, 0.14031736284, 0.1099567814, 0]
    ],
    [
      [0.011243118656, 0.69369676382, 0.24347519365, 0.0090901113625, 0.042494812514, 1.3818309233e-31],
      [9.9783561281e-09, 0.89347782147, 0.098708826663, 0.0052165131114, 0.002596828781, 0],
      [9.6520102107e-05, 0.18120766584, 0.80726070036, 0.0064688029679, 0.0049663107338, 0],
      [0.01699264994, 0, 0.083806263763, 0.47520617683, 0.42399490947, 0],
      [0.018524558643, 0, 0.019132034093, 0.36804886344, 0.59429454382, 0],
      [0.34936097837, 0.2986644565, 0.04678757919, 0.1650073566, 0.14017962934, 0]
    ],
    [
      [0.0094537285064, 0.60615934473, 0.32640445408, 0.013191514237, 0.04479095844, 6.3117420819e-32],
      [9.097621048e-09, 0.84587226086, 0.14349556434, 0.007665453068, 0.0029667126274, 0],
      [6.489576463e-05, 0.12864504012, 0.86262470857, 0.0044834174534, 0.0041819380893, 0],
      [0.021458254763, 0.0023863124802, 0.085802445295, 0.54048802355, 0.34986496392, 0],
      [0.003457626494, 0.010409138065, 0.02209763018, 0.42780870576, 0.5362268995, 0],
      [0.29547155919, 0.26545675525, 0.063576782632, 0.22623045103, 0.1492644519, 0]
    ],
    [
      [0.0087941335638, 0.54882251042, 0.36540227467, 0.017384299159, 0.059596782189, 0],
      [8.9925460579e-09, 0.81378640433, 0.17104963274, 0.010972283993, 0.0041916699366, 0],
      [5.5275752822e-05, 0.10950900151, 0.87134668766, 0.019089035078, 0, 0],
      [0.011268849702, 0.0054934377005, 0.091886615569, 0.52818175484, 0.36316934219, 0],
      [0.0024360994646, 0.0072039350825, 0.018834064845, 0.43419027634, 0.53733562427, 0],
      [0.25007888608, 0.22240663598, 0.065725221668, 0.2796399685, 0.18214928778, 0]
    ],
    [
      [0.016551222003, 0.56060083081, 0.34140013214, 0.018969639038, 0.062478176012, 5.5704787362e-33],
      [1.6736627229e-08, 0.82452203815, 0.15809569713, 0.013033908352, 0.0043483396299, 0],
      [0.00010949486384, 0.11508625284, 0.87224320191, 0.0069401607074, 0.0056208896842, 0],
      [0.016936910993, 0.0061249755224, 0.06776480072, 0.58208584087, 0.3270874719, 0],
      [0.0040779640591, 0.0065559758195, 0.015708805522, 0.46795493972, 0.50570231488, 0],
      [0.3674671843, 0.17561497516, 0.047516156734, 0.26096091753, 0.14844076628, 0]
    ],
    [
      [0.00712451921, 0.56087520587, 0.32350489254, 0.025181701113, 0.083313681269, 0],
      [0, 0.82702382299, 0.15017163659, 0.017004109371, 0.005800431054, 0],
      [0, 0.1201832375, 0.86251410581, 0.0094909356295, 0.0078117210591, 0],
      [0, 0.0020804383786, 0.056173317656, 0.5805499259, 0.36119631806, 0],
      [0, 0.0049923699617, 0.011342814993, 0.4681756316, 0.51548918345, 0],
      [0.15554474257, 0.20456160715, 0.050063714366, 0.37351987305, 0.21631006286, 0]
    ],
    [
      [0.013365237652, 0.41574460087, 0.28753826766, 0.055879605679, 0.22747228813, 0],
      [0, 0.7621397224, 0.16596158156, 0.052663503442, 0.019235192595, 0],
      [0, 0.099373348603, 0.85131822111, 0.025961382118, 0.02334704817, 0],
      [0, 0.00185957113, 0.025490334633, 0.56617709127, 0.40647300297, 0],
      [0, 0.0024392560476, 0.0039559529903, 0.45511196887, 0.53849282209, 0],
      [0.1357729281, 0.093174701109, 0.021641931616, 0.4618728594, 0.28753757977, 0]
    ],
    [
      [0.013387791813, 0.54464987563, 0.30459408354, 0.027830749531, 0.10953749948, 0],
      [1.3918321627e-08, 0.82620777706, 0.14412973897, 0.021834579592, 0.0078278904648, 0],
      [9.7821368313e-05, 0.12392451835, 0.85269330255, 0.012413669548, 0.010870688181, 0],
      [0.0043212878201, 0.0033229392136, 0.043266460805, 0.5709635755, 0.37812573666, 0],
      [0.0019776451199, 0.003816343267, 0.0083235176748, 0.45616925905, 0.52971323489, 0],
      [0.24825475083, 0.14273788591, 0.035176964676, 0.35614063726, 0.21768976132, 0]
    ],
    [
      [0.011964891362, 0.43690148947, 0.41014502396, 0.022261761691, 0.10242430618, 0.016302527332],
      [1.4082963142e-08, 0.75042540751, 0.22152252641, 0.019768393285, 0.0082836587143, 0],
      [0.00018330673302, 0.077867909456, 0.89862728325, 0.012652467968, 0.0057852046489, 0.0048838279414],
      [0.0039392573974, 0.0014833326911, 0.064891207505, 0.52426961351, 0.40507747357, 0.00033911532926],
      [0.0020017055277, 0.0034916876406, 0.012852594182, 0.41636453781, 0.56520674999, 8.2724852792e-05],
      [0.25402500184, 0.1312823257, 0.054622838928, 0.32675752335, 0.23331231018, 4.0386604479e-67]
    ],
    [
      [0.029204349756, 0.58281067888, 0.17532276837, 0.027933582495, 0.1847286205, 8.2784962006e-33],
      [2.9879647053e-08, 0.88294680364, 0.082581423957, 0.021548258794, 0.012923483731, 0],
      [0.00031664903912, 0.19551397866, 0.75849309394, 0.018517456658, 0.027158821709, 0],
      [0.0067271615857, 0.0013609283109, 0.0194591825, 0.46104323295, 0.51140949466, 0],
      [0.003383047757, 0.0044388626839, 0.00010358057519, 0.33730400443, 0.65477050455, 0],
      [0.37746671886, 0.10477068975, 0.014188304816, 0.24879860984, 0.25477567674, 0]
    ],
    [
      [0.045356934716, 0.24063886911, 0.17224815211, 0.035594083533, 0.30616196053, 0.2],
      [9.4222969409e-08, 0.7493288065, 0.16467848854, 0.055690993486, 0.030301617258, 0],
      [0.00054808633024, 0.090737566695, 0.84084532063, 0.026270523118, 0.041598503222, 0],
      [0.0086508286521, 0, 0.015457912213, 0.48489387835, 0.49099738078, 0],
      [0.0040899883663, 0, 0, 0.35836379489, 0.63754621674, 0],
      [0.46902924143, 0.0080979757009, 0.01109111272, 0.27370260782, 0.23807906233, 0]
    ],
    [
      [0.14733892034, 0.35193320542, 0.18841435297, 0.027520900101, 0.19775515232, 0.08703746885],
      [2.2687517697e-07, 0.81335084959, 0.13373294184, 0.03199017233, 0.020925809363, 2.5035817953e-18],
      [0.0016052159957, 0.11914060969, 0.82912993825, 0.018373050764, 0.029358971011, 0.0023922142815],
      [0.015116437482, 0, 0.019835402381, 0.428188748, 0.53469020122, 0.0021692109136],
      [0, 0, 0.0023000899021, 0.32033279551, 0.67714920464, 0.00021790995421],
      [0.76545975087, 0.015354501541, 0.0059939589664, 0.10580766308, 0.10738412555, 4.1431954406e-67]
    ],
    [
      [0.0059852488273, 0.14378537863, 0.35575933367, 0.026983740464, 0.22633552067, 0.24115077774],
      [2.499156379e-08, 0.77314586048, 0.17479366075, 0.028848967003, 0.023211486774, 0],
      [0.00013188095248, 0.081470736866, 0.86391438009, 0.012402691512, 0.024381866061, 0.017698444516],
      [0.003494692109, 0.010074161699, 0.025435815572, 0.38585712102, 0.5751382096, 0],
      [0.0023571523149, 0.0027508204008, 0.0044926913752, 0.27373623623, 0.71666309968, 0],
      [0.25547246028, 0.072088155576, 0.024237786374, 0.27294188247, 0.3752597153, 0]
    ],
    [
      [1.1008429908e-08, 3.0338352297e-07, 8.3172082221e-08, 9.0543256437e-09, 0.33333292671, 0.66666666667],
      [2.1249220364e-08, 0.90203822214, 0.074341657219, 0.013096168515, 0.010523930873, 0],
      [1.7159167568e-07, 0.00014527993812, 0.0005413234127, 8.6268813699e-06, 0.99930459818, 0],
      [8.8059424981e-06, 2.3707070044e-06, 3.1853480489e-05, 0.00052181618405, 0.99943515369, 0],
      [0.0078797303186, 0.024471208455, 0.054757892854, 0.456234169, 0.45665699937, 0],
      [0.36623514619, 0.13429473021, 0.016866350913, 0.20336513277, 0.27923863991, 0]
    ],
    [
      [0.04662206127, 0.47684670106, 0.24776499926, 0.030422234583, 0.19834400383, 7.0735200171e-31],
      [5.4514520721e-08, 0.82419518646, 0.13305541578, 0.026830246207, 0.015919097031, 0],
      [0.00039592987504, 0.12568346647, 0.83524125281, 0.015789459365, 0.022889891481, 0],
      [0.0075640235485, 0.0010382303968, 0.025327572644, 0.45941202781, 0.5066581456, 0],
      [0, 0.0020952428328, 0.0049567846757, 0.34082721888, 0.65212075362, 0],
      [0.47977853721, 0.069266209791, 0.01603582516, 0.21600434018, 0.21891508766, 0]
    ],
    [
      [0.027724882955, 0.15441056926, 0.097241190087, 0.014042322834, 0.46479826002, 0.24178277485],
      [9.3188322172e-08, 0.79022644167, 0.15032637452, 0.035517718938, 0.023929371683, 0],
      [0.00057501386503, 0.099345605378, 0.83649655493, 0.01781821104, 0.02933016448, 0.016434450309],
      [0.010534793408, 2.7371462456e-06, 0.019740197166, 0.43079678525, 0.53892548703, 0],
      [0, 0, 0.0071259237604, 0.31456969757, 0.67830437867, 0],
      [0.54446012514, 0.041532691277, 0.011635234544, 0.18706995689, 0.21530199215, 0]
    ],
    [
      [6.4526162191e-13, 8.1542326474e-12, 4.1120440386e-12, 3.7692071686e-13, 3.6266632211e-12, 0.99999999998],
      [4.2892243404e-08, 0.83848030047, 0.12635877672, 0.018746219343, 0.01641466057, 0],
      [7.433007036e-10, 2.9375411958e-07, 2.0166119938e-06, 2.6426628996e-08, 0.99999766246, 8.4575193039e-12],
      [3.8876264875e-08, 5.0338012488e-09, 1.1936923098e-07, 1.622100917e-06, 0.99999821462, 0],
      [0.0059240718782, 0.01100614356, 0.043070573182, 0.38856618749, 0.55143302389, 0],
      [0.4525826833, 0.080077997734, 0.017876463377, 0.18001009477, 0.26945276082, 0]
    ],
    [
      [0.037676406883, 0.22397150454, 0.17449390378, 0.077137909144, 0.48672027566, 5.9831371301e-16],
      [7.0827544521e-08, 0.60871697253, 0.072054883564, 0.20114082539, 0.11808724769, 0],
      [0.00040520154179, 0.07602832554, 0.8018490702, 0.050718654562, 0.070998748158, 0],
      [0.0036692471092, 0, 0, 0.48026909705, 0.51606165584, 0],
      [0.0032316575295, 0, 0, 0.34817983829, 0.64858850418, 0],
      [0.28538519976, 0, 0, 0.36119744269, 0.35341735755, 0]
    ],
    [
      [0.031253631572, 0.47502914269, 0.20043067568, 0.03826736715, 0.25501918291, 5.252034889e-32],
      [3.7094609362e-08, 0.83556930862, 0.1095204396, 0.034231547505, 0.020678667181, 0],
      [0.00031252997841, 0.14743666189, 0.79432372431, 0.023382765355, 0.034544318466, 0],
      [0.0052798878436, 0.00082512459443, 0.013928979319, 0.46352677389, 0.51643923435, 0],
      [0.0041044543592, 0.0019458891802, 0, 0.33654548411, 0.65740417235, 0],
      [0.33590351209, 0.072136147733, 0.013645859101, 0.28466424777, 0.29365023331, 0]
    ],
    [
      [0.073547754838, 0.31565479356, 0.2528756945, 0.040110000201, 0.3178117569, 1.1682407613e-17],
      [1.1298988766e-07, 0.73515098599, 0.17914060793, 0.04640816907, 0.039300124019, 0],
      [0.00060851748931, 0.081339997489, 0.86194655205, 0.0203243856, 0.035780547374, 0],
      [0.010624024126, 0, 0.017396492722, 0.41627176692, 0.55570771623, 0],
      [0.0021992171536, 0, 0.0019191632185, 0.29658002423, 0.6993015954, 0],
      [0.52614564105, 0, 0.01090419747, 0.21062581412, 0.25232434736, 0]
    ],
    [
      [0.035155783307, 0.32499698597, 0.17225337292, 0.053520095018, 0.41407376278, 1.8952898491e-17],
      [5.4293103194e-08, 0.77186052613, 0.1225631636, 0.061948435271, 0.043627820709, 3.0277482363e-21],
      [0.00038364103268, 0.10980815491, 0.77474674683, 0.053727389592, 0.061334067636, 0],
      [0.0039188145545, 0, 0, 0.43778015877, 0.55830102667, 0],
      [0.0017728460331, 0, 0, 0.30317765025, 0.69504950372, 0],
      [0.30942821065, 0.015718100905, 0, 0.31087744227, 0.36397624617, 0]
    ],
    [
      [0.034130880565, 0.35795957938, 0.2176782007, 0.043711651162, 0.34651968819, 3.9850486124e-32],
      [4.8375507878e-08, 0.77787372032, 0.14203360034, 0.046549341103, 0.03354328986, 0],
      [0.00031255032085, 0.10143105579, 0.83065579101, 0.024486312482, 0.043114290394, 0],
      [0.0045624820432, 0, 0.010744108856, 0.42336211498, 0.56133129412, 0],
      [0.0029828440292, 0, 0, 0.29995880489, 0.69705835108, 0],
      [0.33037072617, 0.032844334822, 0.012405632497, 0.27984686845, 0.34453243806, 0]
    ],
    [
      [0.025711356625, 0.41829769967, 0.26545881878, 0.043365305444, 0.24716681949, 0],
      [3.246020545e-08, 0.78359900433, 0.15381660203, 0.041245394611, 0.021338966565, 0],
      [0.0002062607931, 0.1041224332, 0.84754793039, 0.021247592105, 0.026875783518, 0],
      [0.0041352166228, 0.00031647986595, 0.020595281282, 0.4980772501, 0.47687577213, 0],
      [0.0037450037099, 0, 0.0036329292146, 0.36947958682, 0.62314248025, 0],
      [0.28548117504, 0.06588332344, 0.018612874692, 0.33452415602, 0.29549847081, 0]
    ],
    [
      [0.064850331144, 0.53982797926, 0.22014140257, 0.025366128353, 0.14981415868, 0],
      [6.9311776202e-08, 0.86092130605, 0.10764309844, 0.02045505654, 0.010980469663, 0],
      [0.00059431190229, 0.15125000722, 0.81518796084, 0.014258631013, 0.018709089024, 0],
      [0.008183170695, 0.0014309019451, 0.027965888109, 0.48299585166, 0.47942418759, 0],
      [0, 0.007485609903, 0.0069486413734, 0.36081163684, 0.62475411188, 0],
      [0.60831433677, 0.069159633075, 0.012737298711, 0.16163942856, 0.14814930289, 0]
    ],
    [
      [0.055403405905, 0.49342616482, 0.21591645299, 0.03268434993, 0.20256962635, 0],
      [6.326758759e-08, 0.84332410956, 0.11268760724, 0.028126852875, 0.015861367056, 0],
      [0.00051404508015, 0.14012031489, 0.81518593202, 0.018579177797, 0.025600530211, 0],
      [0.0077185127574, 0.0010109058102, 0.021107701005, 0.47315085318, 0.49701202725, 0],
      [0, 0.0025510970271, 0.0025251540689, 0.35422522273, 0.64069852618, 0],
      [0.51491461834, 0.063476762244, 0.012517604053, 0.20839814217, 0.2006928732, 0]
    ],
    [
      [0.047200404223, 0.44165645722, 0.22058336419, 0.033092741343, 0.25746703302, 3.7366675541e-32],
      [5.9098056235e-08, 0.81978205024, 0.12694580712, 0.031237662239, 0.022034421304, 0],
      [0.00044154346034, 0.12820054241, 0.81979717073, 0.018921275183, 0.032639468213, 0],
      [0.0084263574469, 0.000814486914, 0.019140877684, 0.42147443112, 0.55014384684, 0],
      [0.0023907195303, 0.00015996290036, 0.0011702447064, 0.30232787556, 0.69395119731, 0],
      [0.44880744119, 0.05941210479, 0.013256706331, 0.21703298431, 0.26149076338, 0]
    ],
    [
      [0.04317366723, 0.41554838589, 0.17800151496, 0.047819908325, 0.31545652359, 0],
      [5.5749355445e-08, 0.81953202387, 0.10617257348, 0.046447887329, 0.027847459569, 0],
      [0.00045849126383, 0.13639535578, 0.78649562, 0.031095270593, 0.045555262358, 0],
      [0.0058321860113, 0, 0.00016758878365, 0.47273191265, 0.52126831256, 0],
      [0.0044853682334, 0, 0, 0.33859804591, 0.65691658585, 0],
      [0.37797891682, 0.041999785499, 0.0093896222889, 0.28197368732, 0.28865798807, 0]
    ],
    [
      [0.010091893251, 0.49584762396, 0.29947619341, 0.022978622926, 0.15938906503, 0.012216601419],
      [1.1427124706e-08, 0.81231402205, 0.15563215302, 0.019639522636, 0.012414290859, 1.0841944586e-19],
      [7.5653324248e-05, 0.1160456967, 0.85687065999, 0.010503279887, 0.016215684442, 0.00028902565155],
      [0, 0.0014340052695, 0.040262199452, 0.44038693007, 0.5174743408, 0.00044252441014],
      [0, 0.0031289889615, 0.0068856523468, 0.32412160621, 0.6658142221, 4.9530384559e-05],
      [0.16888018068, 0.14191801313, 0.037270277273, 0.3192453598, 0.33268616912, 2.869593403e-67]
    ],
    [
      [0.22031795457, 0.46203874843, 0.12939691033, 0.0267758356, 0.16147055107, 4.997460384e-32],
      [2.8125972405e-07, 0.88374953055, 0.076270695761, 0.025843653685, 0.014135838739, 0],
      [0.0031122518233, 0.20138791933, 0.74118982417, 0.023233602996, 0.03107640168, 0],
      [0.027827217431, 0.001126720186, 0.0083505095994, 0.46275354283, 0.49994200995, 0],
      [0, 0.0070847872377, 0, 0.36947972276, 0.62343549001, 0],
      [0.84160602885, 0.023662362637, 0.0030121199826, 0.068114056258, 0.063605432273, 0]
    ],
    [
      [0.047797541449, 0.46687644967, 0.21360853207, 0.033897021049, 0.23782045577, 0],
      [5.7270060594e-08, 0.83256150487, 0.11735311109, 0.030610557316, 0.019474769448, 1.2995445202e-20],
      [0.00045072064126, 0.13602209705, 0.81357433552, 0.019545038087, 0.030407808702, 0],
      [0.0087954306931, 0.00088015397454, 0.018998242947, 0.44619423079, 0.5251319416, 0],
      [0.00027900533344, 0.00085588650098, 0.00054188122902, 0.32675578476, 0.67156744218, 0],
      [0.45761143501, 0.062701939509, 0.012829976711, 0.22376545572, 0.24309119305, 0]
    ],
    [
      [0.12284326881, 0.5019557094, 0.18817619079, 0.028743841704, 0.15828098929, 1.9841017549e-31],
      [1.3903008179e-07, 0.8654582233, 0.097675761818, 0.024560218079, 0.012305657772, 0],
      [0.0012453389137, 0.15484072797, 0.80402442172, 0.017934220353, 0.021955291041, 0],
      [0.0084928050044, 0.0011645343612, 0.021193541986, 0.50114474346, 0.46800437519, 0],
      [0, 0.0068219360592, 0.003334022586, 0.38321478692, 0.60662925444, 0],
      [0.74085115701, 0.039179431387, 0.0066970830871, 0.1149539765, 0.098318352019, 0]
    ],
    [
      [0.052883672808, 0.31074772347, 0.14376881888, 0.040281895045, 0.28565122313, 0.16666666667],
      [9.0544253725e-08, 0.8070033409, 0.11361984685, 0.051922277599, 0.027454444104, 0],
      [0.00070600182299, 0.12878236064, 0.78905998759, 0.032908867306, 0.048542782644, 0],
      [0.0090321025203, 0, 0.00081499952139, 0.49604554065, 0.49410735731, 0],
      [0.0033340847734, 0, 0, 0.36980762239, 0.62685829283, 0],
      [0.47913483729, 0.025503546095, 0.0080446452326, 0.26237192018, 0.2249450512, 0]
    ],
    [
      [0.029419252557, 0.50071449481, 0.14125207045, 0.042504678556, 0.28610950363, 7.4449211617e-19],
      [3.38672035e-08, 0.8655063741, 0.07513319703, 0.036835747483, 0.02252464752, 0],
      [0.00037150679706, 0.19532220356, 0.70074131865, 0.037446753594, 0.066118217399, 0],
      [0.004453508412, 0.0033507479126, 0, 0.46970725784, 0.52248848584, 0],
      [0.0020546977145, 0.0016335425688, 0, 0.33307675684, 0.66323500288, 0],
      [0.31100906736, 0.071714162944, 0, 0.3019796025, 0.3152971672, 0]
    ],
    [
      [0.020020364597, 0.35899463312, 0.30089843722, 0.063960426261, 0.2561261388, 0],
      [2.7228578936e-08, 0.72242644632, 0.18830067248, 0.065536883944, 0.023735970028, 0],
      [0.00014590328464, 0.081656465542, 0.86455039002, 0.028441913941, 0.025205327216, 0],
      [0.00071758309151, 0, 0.019450667634, 0.57057164658, 0.40926010269, 0],
      [0.0012822700083, 0, 0.0047329853228, 0.45727034515, 0.53671439951, 0],
      [0.20157695344, 0.050953879136, 0.019894311676, 0.44973236017, 0.27784249558, 0]
    ],
    [
      [0.037378940376, 0.51367207423, 0.1718941202, 0.041144335468, 0.23591052973, 0],
      [4.1810453187e-08, 0.8586184386, 0.088694783783, 0.034687932414, 0.017998803395, 0],
      [0.00040952909762, 0.17428018923, 0.76272751313, 0.027577213142, 0.035005555399, 0],
      [0.0063149963596, 0.001948541894, 0.0047787413275, 0.50356469037, 0.48339303005, 0],
      [0.0044953797721, 0.0030099915551, 0, 0.36984331682, 0.62265131185, 0],
      [0.3785771725, 0.071531780573, 0.010800953815, 0.28596507959, 0.25312501353, 0]
    ],
    [
      [0.031556377872, 0.42256503258, 0.25564566153, 0.044404298144, 0.24582862987, 0],
      [3.920173618e-08, 0.79171421394, 0.14586153428, 0.041515885906, 0.020908326675, 0],
      [0.00025648470342, 0.10602389957, 0.84446506755, 0.022082082015, 0.027172466164, 0],
      [0.0049952795577, 0, 0.019290552003, 0.50491226231, 0.47080190613, 0],
      [0.004979890017, 0, 0.0023749074646, 0.37585280127, 0.61679240125, 0],
      [0.32939478998, 0.060455094165, 0.016449018192, 0.31923368909, 0.27446740857, 0]
    ],
    [
      [0.027750055118, 0.25184083495, 0.083921159515, 0.024228229193, 0.36225972122, 0.25],
      [6.211851131e-08, 0.8521202587, 0.086603397753, 0.040810891217, 0.020465390213, 0],
      [0.00059995217566, 0.16808940595, 0.74417146408, 0.03205146248, 0.055087715315, 0],
      [0.0080768522379, 0.00074711939843, 0.0010213536661, 0.51687828879, 0.47327638591, 0],
      [0.0038301434323, 0.004853891569, 0, 0.37725895031, 0.61405701469, 0],
      [0.44329484389, 0.055448898428, 0.0083850622065, 0.26554244141, 0.22732875406, 0]
    ],
    [
      [0.019106462712, 0.3863396114, 0.24940628581, 0.021386729595, 0.16046736187, 0.16329354862],
      [2.7808210239e-08, 0.83605995769, 0.12456474036, 0.023397267493, 0.01597800665, 0],
      [0.00020520068214, 0.12446021057, 0.83276188, 0.014059077962, 0.023453953716, 0.0050596770687],
      [0.0053040512439, 0.0036765758108, 0.024819727133, 0.42684401227, 0.53935563354, 0],
      [0.0034108215659, 0.0036618286943, 0.0044581655759, 0.30641317995, 0.68205600421, 0],
      [0.33334632028, 0.090665748154, 0.020145153187, 0.25659638801, 0.29924639037, 0]
    ],
    [
      [0.024818390784, 0.25171440253, 0.18181630834, 0.046502200971, 0.40654743389, 0.088601263489],
      [4.6728145525e-08, 0.72335761379, 0.15863841369, 0.065757428196, 0.052246497596, 2.502058149e-18],
      [0.0002711330084, 0.086335509852, 0.81981879935, 0.030984809531, 0.060150602251, 0.0024391460033],
      [0.0029686251683, 0, 0.004541388461, 0.40301680136, 0.58687408635, 0.0025990986623],
      [0.0013238291903, 0, 0, 0.28172278856, 0.71683921579, 0.00011416646455],
      [0.2544844852, 0.0070168531467, 0.010687698686, 0.31301774371, 0.41479321925, 7.7579460491e-67]
    ],
    [
      [0.056425506172, 0.30335749204, 0.21751138335, 0.05040778143, 0.37229783701, 2.3453052357e-31],
      [8.9470804022e-08, 0.70693959594, 0.15862570623, 0.060090084844, 0.074344523518, 0],
      [0.00052149618871, 0.086882151279, 0.83725729513, 0.028528051404, 0.046811005998, 0],
      [0.0068099937087, 0, 0.0060811055218, 0.43704163637, 0.5500672644, 0],
      [0.0031131878418, 0, 0, 0.31526953759, 0.68161727457, 0],
      [0.43080898432, 0, 0.0097784836056, 0.26883501991, 0.29057751216, 0]
    ],
    [
      [0.015882467719, 0.46045125228, 0.25602543886, 0.030399797438, 0.2372410437, 0],
      [1.8823055302e-08, 0.81554915622, 0.13885700962, 0.026347169102, 0.019246646232, 0],
      [0.00012944801073, 0.11553634642, 0.8433283434, 0.014743493288, 0.026262368887, 0],
      [0.0011858179911, 0.00090900473109, 0.024415444733, 0.41475062516, 0.55873910739, 0],
      [0, 0.0037191078563, 0.0055928984469, 0.29426624326, 0.69642175043, 0],
      [0.22641667434, 0.09190232521, 0.022845951376, 0.29314240712, 0.36569264196, 0]
    ],
    [
      [0.040717010113, 0.48515506951, 0.18509955346, 0.044327981496, 0.24470038542, 0],
      [4.7546604271e-08, 0.84159079288, 0.099913915025, 0.039048504568, 0.019446739976, 2.8528824006e-20],
      [0.00042992753344, 0.15964189923, 0.7764091731, 0.028622427996, 0.034896572143, 0],
      [0.006528523505, 0.0007966562466, 0.0079663057407, 0.51148869625, 0.47321981826, 0],
      [0.0042635099473, 0.0028780167983, 0, 0.37996377244, 0.61289470081, 0],
      [0.3886638353, 0.064327036421, 0.011014424161, 0.28978439165, 0.24621031247, 0]
    ],
    [
      [0.1122023933, 0.40631221532, 0.28876191072, 0.032009887804, 0.16071359285, 8.710844942e-32],
      [1.4555810095e-07, 0.78117772882, 0.17321302872, 0.031419670034, 0.01418942687, 0],
      [0.00085602948449, 0.097124932549, 0.87050216545, 0.014961283285, 0.016555589235, 0],
      [0.0040332872511, 0.00093673067657, 0.031105484709, 0.52516648353, 0.43875801383, 0],
      [0, 0.0019290708549, 0.01067003927, 0.40545006916, 0.58195082071, 0],
      [0.71315395003, 0.035162377591, 0.011097608211, 0.1358958131, 0.10469025108, 0]
    ],
    [
      [0.030883132686, 0.44061906955, 0.27062601181, 0.037586182129, 0.22028560383, 4.9192386007e-32],
      [3.7285159677e-08, 0.79720160834, 0.15036968187, 0.03419039999, 0.018238272521, 0],
      [0.00024267423859, 0.10737088459, 0.85077067634, 0.01806942035, 0.023546344479, 0],
      [0.0055900559545, 0.00080530414672, 0.023353746463, 0.48850107571, 0.48174981773, 0],
      [0.004005419843, 0.0011608966199, 0.0045084081457, 0.36264994465, 0.62767533075, 0],
      [0.35194899581, 0.068859566037, 0.018918520314, 0.29324496604, 0.2670279518, 0]
    ],
    [
      [0.02800010499, 0.43365479365, 0.26364069502, 0.037009156046, 0.2376952503, 0],
      [3.4312819339e-08, 0.79720992295, 0.14909103694, 0.033730624427, 0.019968381374, 0],
      [0.0002247986789, 0.10815409825, 0.84771424379, 0.017958765582, 0.025948093697, 0],
      [0.0049515035899, 0.00077418941672, 0.022242197449, 0.46403180231, 0.50800030724, 0],
      [0.0040369189315, 0.0011757812717, 0.0040140135741, 0.33996848652, 0.6508047997, 0],
      [0.32608793078, 0.069228875515, 0.018853577035, 0.29135881444, 0.29447080223, 0]
    ],
    [
      [0.030011745171, 0.37195810397, 0.36379492874, 0.033382574154, 0.20085264797, 5.6668625608e-32],
      [3.9351368962e-08, 0.73012703059, 0.21938270347, 0.032423069079, 0.018067157516, 0],
      [0.0001855366694, 0.071519279847, 0.89899009034, 0.012419241662, 0.01688585148, 0],
      [0.00601796897, 0.00062146405178, 0.034624042508, 0.47230206297, 0.4864344615, 0],
      [0.0042049800058, 0, 0.007638334109, 0.35214664463, 0.63601004126, 0],
      [0.37065555475, 0.063035262644, 0.027327742279, 0.2762287869, 0.26275265342, 0]
    ],
    [
      [0.00080822162725, 0.038628639468, 0.02263097863, 0.0024724699235, 0.71323746813, 0.22222222222],
      [1.1378885488e-08, 0.80987227123, 0.14613596494, 0.026157723273, 0.017834029174, 0],
      [6.6117179767e-05, 0.097836139625, 0.74105494166, 0.12920307251, 0.031839729028, 0],
      [0, 0.00088283716342, 0.069763531543, 0.42624604485, 0.50310758645, 0],
      [0, 0.018341382811, 0.0056545492307, 0.30361382027, 0.67239024769, 0],
      [0.11344549642, 0.14457990503, 0.027185784468, 0.33027530299, 0.38451351109, 0]
    ],
    [
      [0.023339244558, 0.50768759688, 0.17659797864, 0.03680685487, 0.25556832505, 0],
      [2.6114008315e-08, 0.85823015973, 0.091229074585, 0.030984587605, 0.019556151966, 0],
      [0.00025055818341, 0.16772962901, 0.77051981382, 0.024189934172, 0.037310064818, 0],
      [0.0039847662498, 0.0010214950666, 0.0094888384832, 0.45701620321, 0.52848869699, 0],
      [0.0028967961266, 0.0033751579546, 0, 0.32586265567, 0.66786539025, 0],
      [0.27828300019, 0.082031624833, 0.01300953623, 0.30162400692, 0.32505183182, 0]
    ],
    [
      [0.014381992515, 0.29762320502, 0.25994685239, 0.058045586816, 0.37000236327, 0],
      [2.2598211066e-08, 0.70362547964, 0.18814193359, 0.0685275509, 0.039705013274, 0],
      [0.0001173891326, 0.075844324837, 0.85425361056, 0.028885865289, 0.040898810184, 0],
      [0, 0, 0.014210113966, 0.4748588417, 0.51093104434, 0],
      [0, 0, 0.0015192793168, 0.34563763025, 0.65284309043, 0],
      [0.10708900181, 0.036264092568, 0.016183868792, 0.4322350837, 0.40822795314, 0]
    ],
    [
      [0.016152528267, 0.35691203437, 0.40698087528, 0.029848588644, 0.19010597344, 0],
      [2.1503380065e-08, 0.70497031069, 0.2478557073, 0.029921317031, 0.017252643471, 0],
      [9.1109086938e-05, 0.062508746958, 0.91262819962, 0.010276240219, 0.014495704113, 0],
      [0.0034927345358, 0.0007904925075, 0.041824879521, 0.46168617068, 0.49220572276, 0],
      [0.00043207684564, 0.0018569382388, 0.0068379804914, 0.34591171557, 0.64496128886, 0],
      [0.24891863093, 0.077712011227, 0.039024441079, 0.31969552016, 0.31464939661, 0]
    ],
    [
      [0.034210629108, 0.26047944844, 0.15356406992, 0.022602375516, 0.33708379009, 0.19205968692],
      [6.8964389658e-08, 0.79679522202, 0.14228251522, 0.03427613881, 0.026646054983, 0],
      [0.0004505249265, 0.1062316211, 0.83259880639, 0.018204442936, 0.034574291567, 0.0079403130812],
      [0.0083980899095, 0, 0.018100857012, 0.39758410218, 0.5759169509, 0],
      [0.0036978249029, 0, 0.0031922778753, 0.28061686463, 0.71249303259, 0],
      [0.45801928976, 0.046776434724, 0.013269107247, 0.20666330008, 0.27527186819, 0]
    ],
    [
      [0.067376204407, 0.42628506302, 0.14727265229, 0.036959366445, 0.32210671384, 3.2305919431e-17],
      [8.7879890125e-08, 0.84621587578, 0.064350855231, 0.036292705856, 0.053140475254, 0],
      [0.00082932516766, 0.16191804833, 0.75542190016, 0.027868492061, 0.053962234276, 0],
      [0.010054426434, 0, 0, 0.3965649788, 0.59338059477, 0],
      [0.0022159863949, 0, 0, 0.27738383693, 0.72040017668, 0],
      [0.50543653102, 0.036801631512, 0, 0.20041760963, 0.25734422784, 0]
    ],
    [
      [0.036655679056, 0.24443542444, 0.28223181594, 0.054396355344, 0.38228072522, 2.2308282843e-17],
      [6.5102634273e-08, 0.65050180187, 0.23175387332, 0.07124164667, 0.046502613043, 0],
      [0.0002836487508, 0.017887123657, 0.88500580529, 0.056724734374, 0.040098687931, 0],
      [0.0042738128973, 0, 0.016092211099, 0.44377344693, 0.53586052907, 0],
      [0.0019643058921, 0, 0.0028326503025, 0.32029455758, 0.67490848622, 0],
      [0.33133640842, 0, 0.018454953613, 0.3075016276, 0.34270701038, 0]
    ],
    [
      [0.055187507545, 0.38304546102, 0.22007399165, 0.029217329129, 0.22364128638, 0.088834424284],
      [7.7705095996e-08, 0.80476775837, 0.14260925127, 0.031012766396, 0.021610146259, 7.699524442e-19],
      [0.00052509507988, 0.11326562446, 0.83812283086, 0.016999545856, 0.028936525111, 0.0021503786281],
      [0.010801840868, 0, 0.021503987269, 0.42176653225, 0.54403745302, 0.0018901865868],
      [0, 0, 0.0033205652341, 0.30381725867, 0.69265698297, 0.00020519312706],
      [0.52220443105, 0.047967781061, 0.012976839614, 0.1917790219, 0.22507192638, 7.9324159954e-67]
    ],
    [
      [0.032160252395, 0.27864018183, 0.25034091457, 0.061040201728, 0.3497310057, 0.02808744378],
      [5.3526653601e-08, 0.69003782887, 0.19342526463, 0.07660866114, 0.039928191834, 3.3366646308e-19],
      [0.0032116518899, 0.054440657139, 0.85704118658, 0.032052718118, 0.040813292492, 0.012440493778],
      [0.0040183684597, 0, 0.013873097272, 0.50013362678, 0.48177977568, 0.00019513180993],
      [0.0069464422709, 0, 0.0025628453473, 0.3659658428, 0.6244805125, 4.4357079796e-05],
      [0.27438800277, 0.033594354122, 0.013385038378, 0.35916700309, 0.31946560164, 2.6631949683e-67]
    ],
    [
      [0.039958473183, 0.38145068106, 0.17898723547, 0.05402188954, 0.34558172075, 0],
      [5.5950346176e-08, 0.79483281048, 0.11511097367, 0.056973357459, 0.033082802437, 1.5883497252e-20],
      [0.00043649636523, 0.12916560498, 0.78316748397, 0.036052158683, 0.051178255997, 0],
      [0.0049205147764, 0, 0, 0.47748904795, 0.51759043728, 0],
      [0.0022884246828, 0, 0, 0.34788848645, 0.64982308887, 0],
      [0.34390187457, 0.030664086717, 0.002316603217, 0.3162313575, 0.30688607799, 0]
    ],
    [
      [0.031865391881, 0.48790871628, 0.23286403654, 0.032590171, 0.2147716843, 0],
      [3.5835781321e-08, 0.83595373178, 0.11995839603, 0.027557584705, 0.01653025165, 0],
      [0.0002739318618, 0.12777260309, 0.82960128317, 0.017178990869, 0.025173191007, 0],
      [0.0062364117928, 0.00093801048433, 0.021601184131, 0.46037350263, 0.51085089096, 0],
      [0.0034472444976, 0.0027317239624, 0.0041156096637, 0.33635360333, 0.65335181854, 0],
      [0.37596864793, 0.076762379547, 0.016635933833, 0.26213335975, 0.26849967895, 0]
    ],
    [
      [0.018554297954, 0.48225571577, 0.2254192134, 0.034418712294, 0.23935206058, 0],
      [2.1296049174e-08, 0.83388255649, 0.11764161341, 0.029691532067, 0.018784276735, 0],
      [0.00016306959131, 0.12894343177, 0.82378509162, 0.018505016269, 0.028603390756, 0],
      [0.0016677930196, 0.00087995308193, 0.019617416156, 0.45134261675, 0.52649222099, 0],
      [0, 0.0047129332373, 0.0033957389591, 0.32614604206, 0.66574528574, 0],
      [0.24210990572, 0.087607472509, 0.018425229502, 0.31328902453, 0.33856836774, 0]
    ],
    [
      [0.028090102213, 0.41465347406, 0.25345241862, 0.031753418054, 0.27205058705, 0],
      [3.5961306208e-08, 0.79678833721, 0.14875961018, 0.030598617937, 0.023853398719, 0],
      [0.00023225574539, 0.10626713597, 0.846897881, 0.016045684251, 0.03055704304, 0],
      [0.004915428786, 0.00073676783851, 0.021138784836, 0.39836011934, 0.5748488992, 0],
      [0.0046874817273, 0.00065790086826, 0.0044698045323, 0.27915637004, 0.71102844283, 0],
      [0.32517697312, 0.066593304038, 0.018103132679, 0.25310624965, 0.33702034051, 0]
    ],
    [
      [0.01024895956, 0.61043455043, 0.24347604847, 0.016626201637, 0.10075571839, 0.01845852152],
      [1.0037072445e-08, 0.87142027124, 0.10951892874, 0.012281626216, 0.00677916377, 0],
      [8.8645370187e-05, 0.16343981827, 0.81461863968, 0.0087750193677, 0.011830809857, 0.0012470674564],
      [0.0040428849455, 0, 0.046147338029, 0.46879463, 0.47668476706, 0.0043303799673],
      [0.0021927411026, 0, 0.011211017505, 0.35458995754, 0.6312983141, 0.00070796974705],
      [0.2404731316, 0.20167055558, 0.035820923198, 0.2688415757, 0.25319381393, 4.993176335e-67]
    ],
    [
      [0.014792935484, 0.57167007197, 0.18279431067, 0.034259134976, 0.17628289469, 0.020200652202],
      [1.539208587e-08, 0.87272538025, 0.087798826345, 0.026884099015, 0.012591678996, 8.6736162898e-19],
      [0.00015776675141, 0.19047650007, 0.76090323559, 0.022294173392, 0.025508070996, 0.00066025319997],
      [0.001324619153, 0.0012541542159, 0.01427872624, 0.52365455514, 0.45407217349, 0.0054157717604],
      [0, 0.0037410375796, 0, 0.3925989192, 0.60359786042, 6.2182803286e-05],
      [0.22177511651, 0.12103199598, 0.017272087456, 0.3557460172, 0.28417478284, 3.490471451e-67]
    ],
    [
      [0.014489052213, 0.58379453114, 0.23192991703, 0.026428264964, 0.14335823465, 0],
      [1.4640309276e-08, 0.86213834362, 0.10792567773, 0.020147557269, 0.0097884067346, 0],
      [0, 0.16005844842, 0.80618017883, 0.014696653957, 0.019064718794, 0],
      [0.0027013451269, 0.0016191908466, 0.031376373278, 0.50823086516, 0.45607222559, 0],
      [0.0018850973779, 0.0036272928083, 0.0056926113193, 0.38386576062, 0.60492923788, 0],
      [0.25106718063, 0.14348778598, 0.025400678784, 0.31716689136, 0.26287746324, 0]
    ],
    [
      [0.015831514672, 0.5449826288, 0.32654429623, 0.019845294954, 0.092796265346, 0],
      [1.6435106234e-08, 0.82444573719, 0.15563001687, 0.013298160464, 0.0066260690392, 0],
      [0.00010879630891, 0.11659728187, 0.86744416185, 0.00718460923, 0.0086651507438, 0],
      [0.010584617695, 0.0047411014956, 0.057701668373, 0.48648307753, 0.44048953491, 0],
      [0.0031480227984, 0.0051526926073, 0.012135800562, 0.37446469785, 0.60509878619, 0],
      [0.33597008692, 0.16315114723, 0.043419612194, 0.24725886001, 0.21020029365, 0]
    ],
    [
      [0.025497101659, 0.52186440013, 0.33071588653, 0.021979328613, 0.099943283069, 2.8606257497e-32],
      [2.7247224166e-08, 0.81463361302, 0.16248918631, 0.015526222496, 0.0073509509249, 0],
      [0.00017326394214, 0.11062092221, 0.87192510808, 0.0080463922521, 0.0092343135166, 0],
      [0.0088631028507, 0.0085611085098, 0.054736594546, 0.50077206556, 0.42706712853, 0],
      [0.0045822874149, 0.0044979736728, 0.011153451601, 0.38644900662, 0.59331728069, 0],
      [0.43563147363, 0.12457070731, 0.035034434173, 0.22392704228, 0.18083634261, 0]
    ],
    [
      [0.0053491609605, 0.65757158947, 0.2449974851, 0.017310044423, 0.074771720053, 0],
      [0, 0.87345803408, 0.10303818395, 0.012013996631, 0.011489785332, 0],
      [4.5552488741e-05, 0.17280581743, 0.80971833095, 0.0089901900436, 0.0084401090907, 0],
      [0, 0, 0.052222609889, 0.55355568931, 0.3942217008, 0],
      [0, 0, 0.010332397583, 0.44727816453, 0.54238943789, 0],
