{
  "Z_true": {},
  "V_true": [
    [26, 490, 30, 1408, 221, 54],
    [16, 16, 585, 173, 595, 53],
    [126, 100, 285, 609, 11675, 457],
    [52, 155, 51, 3967, 178, 87],
    [109, 141, 98, 788, 658, 228],
    [505, 25, 10, 566, 362, 74],
    [33, 22, 55, 159, 584, 570]
  ],
  "p_true": [
    [0.0117, 0.2198, 0.0135, 0.6317, 0.0991, 0.0242],
    [0.0111, 0.0111, 0.4068, 0.1203, 0.4138, 0.0369],
    [0.0095, 0.0075, 0.0215, 0.046, 0.881, 0.0345],
    [0.0116, 0.0345, 0.0114, 0.8835, 0.0396, 0.0194],
    [0.0539, 0.0697, 0.0485, 0.3897, 0.3254, 0.1128],
    [0.3275, 0.0162, 0.0065, 0.3671, 0.2348, 0.048],
    [0.0232, 0.0155, 0.0387, 0.1117, 0.4104, 0.4006]
  ],
  "Z_est": [
    [
      [0, 0, 0, 0, 0, 0, 0.0293, 0.0099, 0.0216, 0.003, 0.005, 0.0199, 0.0012, 0, 0.0085, 0.0106, 0.0105, 0.0073, 0.003, 0.0076, 0.009, 0.0051, 0.0406, 0.0657, 0.0101, 0.0013, 0, 0, 0.0382, 0.0291],
      [14.6515, 16.3561, 18.7137, 8.7819, 14.1602, 15.366, 11.7679, 4.3534, 15.3849, 1.0514, 4.7617, 13.2489, 3.6308, 27.5826, 10.8892, 3.4297, 3.9816, 1.2373, 1.0985, 2.6606, 1.7706, 2.8557, 4.6681, 13.359, 9.7678, 0.2559, 11.0374, 0, 56.1925, 6.4209],
      [0.291, 0.2694, 0.3993, 0.2403, 0.271, 0.4138, 0.3001, 0.113, 0.3844, 0.0363, 0.071, 0.3366, 0.0866, 0.5393, 0.2335, 0.0861, 0.1129, 0.0797, 0.0373, 0.0924, 0.0981, 0.0409, 0.3093, 0.2635, 0.3127, 0.007, 0.1346, 0, 1.4959, 0.159],
      [119.0574, 101.3744, 153.887, 73.9729, 94.5688, 105.1858, 74.9011, 21.5227, 81.1988, 9.9093, 24.158, 83.3878, 29.2815, 225.8781, 74.8561, 22.4735, 29.8928, 10.6713, 6.8607, 16.2386, 11.1204, 7.0975, 33.968, 54.3118, 76.8998, 2.7353, 100.7143, 0, 235.0553, 40.3782],
      [0, 0, 0, 0, 0, 0.0344, 0, 0, 0, 0, 0.0042, 0, 0, 0, 0, 0.0002, 0, 0.0021, 0, 0, 0.0013, 0.0003, 0, 0, 0.0026, 0.0005, 0.0707, 0, 0.2181, 0],
      [0, 0, 0, 0.0049, 0, 0, 0.0016, 0.001, 0.0103, 0, 0, 0.0069, 0, 0, 0.0127, 0, 0.0022, 0.0023, 0.0006, 0.0007, 0.0006, 0.0005, 0.014, 0, 0.0071, 0, 0.043, 0, 0, 0.0128]
    ],
    [
      [0.4814, 0.4735, 0.5229, 0.2834, 0.37, 0.1717, 0.3947, 0.3176, 0.673, 0.0838, 0.2733, 0.3618, 0.2895, 0.981, 0.4825, 0.2505, 0.3405, 0.1661, 0.1124, 0.1277, 0.2729, 0.2347, 0.2037, 0.2108, 0.6011, 0.0205, 0.2385, 0, 1.312, 0.3686],
      [7.8847, 6.9572, 8.0731, 3.5985, 9.6043, 4.3299, 5.5034, 4.3038, 7.9339, 1.211, 4.1202, 6.8294, 3.6258, 13.7817, 7.6059, 2.47, 4.3752, 0.9776, 1.3055, 1.4513, 1.6783, 3.969, 1.1915, 3.2625, 5.3367, 0.128, 4.2239, 0, 24.5336, 4.9145],
      [21.0478, 17.1243, 23.6102, 15.9059, 37.9506, 17.4771, 21.3277, 17.266, 30.0171, 6.2831, 9.6537, 26.498, 12.9224, 41.775, 26.9546, 9.6937, 19.1729, 10.1096, 7.0081, 7.8811, 14.5439, 8.9365, 12.261, 10.03, 25.4828, 0.6124, 13.825, 0.5888, 112.9528, 18.6124],
      [23.7698, 16.1401, 24.6677, 11.3452, 24.0114, 11.0617, 13.1292, 7.9592, 15.7051, 4.217, 7.8185, 16.1219, 10.9204, 42.2886, 19.6096, 6.0313, 12.2628, 3.1711, 3.0426, 3.3083, 3.9378, 3.6762, 3.2496, 4.9573, 15.7565, 0.5011, 14.2971, 0.0962, 38.6121, 11.5298],
      [6.5834, 7.3659, 8.1741, 4.1951, 7.9431, 5.3618, 10.1033, 10.9554, 12.8486, 2.9436, 5.1697, 9.7496, 4.7229, 17.8267, 18.8921, 5.9355, 11.5524, 11.0988, 4.9725, 4.7393, 12.534, 6.477, 6.3934, 6.548, 11.0545, 0.6093, 11.1833, 0.2916, 28.3088, 11.3105],
      [1.2328, 0.939, 0.952, 0.6719, 1.1206, 0.5977, 1.5418, 1.1979, 1.8223, 0.2616, 0.9646, 1.4393, 0.519, 2.3471, 2.4553, 0.619, 1.2961, 1.4768, 0.5589, 0.4921, 1.033, 0.7066, 0.7008, 0.9914, 1.7683, 0.1288, 1.2322, 0.0233, 5.2807, 1.2642]
    ],
    [
      [3.9391, 3.6707, 4.506, 3.5071, 2.0154, 0.9141, 3.8914, 3.7997, 4.769, 0.5669, 2.1052, 3.8486, 3.2369, 6.413, 1.9298, 3.0219, 1.9837, 0, 1.4158, 2.1618, 0.3169, 3.0334, 1.0007, 1.3058, 3.0969, 0.9824, 0.0997, 0, 12.2199, 0.8996],
      [1.365, 1.2004, 1.3838, 0.7883, 1.3974, 0.9573, 1.4565, 1.2071, 1.437, 0.2859, 0.649, 1.9212, 1.0386, 1.4197, 0.9647, 0.9601, 0.5789, 0, 0.3829, 0.6011, 0, 0, 0, 0, 0.4568, 0, 0.082, 0, 0.6805, 0.5145],
      [7.5326, 6.3377, 8.5356, 8.3034, 9.2471, 6.0887, 10.6452, 9.6147, 12.5607, 2.0814, 3.5012, 14.8243, 6.6302, 11.7046, 5.2083, 5.739, 4.9781, 1.0421, 3.7338, 6.5671, 5.906, 4.927, 3.5577, 2.6349, 7.7942, 0.1728, 2.2575, 0.0134, 42.586, 2.2843],
      [0.8877, 0.582, 0.923, 0.578, 0.8132, 0.1733, 0, 0, 0.2533, 0, 0.1788, 0, 0.1707, 1.069, 0.6587, 0, 0, 0, 0, 0, 0, 0.2787, 0, 0.5875, 0.4304, 0.0656, 1.393, 0, 5.5488, 0],
      [284.7473, 333.1834, 356.4226, 277.6979, 256.8288, 231.5882, 609.1637, 767.2006, 647.248, 110.3778, 238.8246, 667.0453, 289.5761, 614.7779, 514.6646, 441.7615, 372.3195, 312.5926, 343.3557, 480.3829, 624.8003, 476.3796, 217.4033, 215.3675, 404.7712, 147.723, 319.5656, 11.378, 1508.9713, 171.4331],
      [21.5284, 17.0258, 16.229, 18.1253, 14.698, 10.2785, 37.8432, 34.1779, 37.7319, 3.6879, 17.7412, 40.3606, 12.3475, 32.6158, 27.5739, 18.5175, 17.1398, 17.3652, 16.1119, 20.2872, 19.9769, 21.3814, 10.0383, 13.1043, 26.4505, 12.0563, 14.6023, 0.6086, 112.9935, 7.8685]
    ],
    [
      [3.5742, 4.4018, 3.9721, 2.8991, 1.9729, 2.199, 2.9136, 2.672, 4.7227, 0.3343, 1.414, 2.9026, 1.4598, 7.981, 2.6723, 1.2592, 1.2803, 3.022, 1.402, 1.1506, 5.9158, 1.3507, 3.6085, 3.1459, 4.8453, 0.9706, 1.633, 0, 10.27, 1.7612],
      [18.7025, 21.8686, 19.7102, 12.1383, 17.486, 20.7096, 12.4821, 10.4038, 18.9655, 1.6524, 7.239, 17.4219, 6.197, 36.6328, 14.3475, 3.6779, 5.5872, 0.4427, 4.0948, 4.4636, 3.6679, 7.8103, 5.4044, 14.4908, 14.7275, 1.33, 10.4124, 0, 65.2296, 7.1906],
      [3.1638, 3.3033, 3.6163, 3.196, 3.8549, 5.053, 2.9527, 2.5314, 4.3942, 0.5143, 1.0214, 4.126, 1.3527, 6.7941, 3.0257, 0.8672, 1.4832, 2.3549, 1.3064, 1.4542, 2.4505, 1.0559, 3.5452, 2.7494, 4.3431, 0.3914, 1.8722, 0.3202, 17.858, 1.6434],
      [232.099, 208.712, 248.0359, 157.9388, 178.9303, 215.9608, 122.3738, 79.1258, 154.6247, 24.0669, 56.876, 169.0287, 77.0662, 464.0411, 152.1881, 37.1317, 64.8216, 31.5436, 39.2662, 42.1805, 43.0801, 30.2159, 64.6621, 93.4484, 179.5333, 26.0519, 146.4049, 5.4366, 423.0386, 69.4255],
      [0.2249, 1.4745, 1.0393, 0.7498, 0.8116, 1.9842, 1.644, 1.9146, 2.2279, 0.2823, 0.6817, 1.7827, 0.5653, 2.9262, 2.5615, 0.6367, 1.0509, 1.9623, 1.1111, 1.0473, 2.5464, 0.9203, 2.1671, 2.0959, 2.2342, 0.5638, 2.164, 0.0878, 6.1895, 1.0952],
      [1.2356, 1.2397, 0.6262, 1.0781, 0.9442, 1.0935, 1.6339, 1.3524, 2.0651, 0.1499, 0.7678, 1.738, 0.3589, 2.6249, 2.2049, 0.4272, 0.7768, 1.6745, 0.8196, 0.7038, 1.3393, 0.6469, 1.6127, 2.0696, 2.3166, 0.6923, 1.5135, 0.1554, 6.4143, 0.884]
    ],
    [
      [7.1994, 11.7723, 13.6769, 9.4008, 5.9058, 5.5952, 9.5339, 7.7909, 15.395, 2.9483, 11.18, 12.6272, 8.0305, 21.9628, 8.3494, 6.2269, 4.4322, 2.7544, 4.5223, 7.6279, 5.6425, 5.6883, 4.4578, 4.5744, 14.5543, 2.567, 7.0696, 0, 30.6881, 2.5556],
      [1.3793, 1.9539, 2.4638, 1.363, 1.7526, 1.5373, 1.5028, 1.1875, 2.0148, 0.4811, 1.8781, 2.6877, 1.1429, 3.5505, 1.4721, 0.6846, 0.6423, 0.1671, 0.5906, 0.9059, 0.3874, 1.0551, 0.2926, 0.7961, 1.4204, 0.1684, 1.2962, 0, 6.4745, 0.3975],
      [0.3794, 0.4902, 0.746, 0.6006, 0.6695, 0.6232, 0.593, 0.4831, 0.7792, 0.2607, 0.4398, 1.0588, 0.4171, 1.0968, 0.5104, 0.2707, 0.2852, 0.1923, 0.3163, 0.4978, 0.3462, 0.2423, 0.3126, 0.2515, 0.7007, 0.0672, 0.3762, 0.0776, 2.9501, 0.152],
      [32.053, 34.9352, 58.0654, 33.2265, 33.6057, 30.0884, 27.6182, 16.9752, 30.773, 12.8268, 27.6824, 48.8421, 26.5019, 84.2835, 29.1817, 12.934, 13.9144, 4.7229, 10.6661, 15.4485, 7.1443, 7.6697, 6.33, 9.5349, 32.5325, 5.2906, 34.5793, 0.4672, 79.0541, 7.1834],
      [12.9046, 23.0851, 27.8617, 17.7786, 16.1643, 21.1347, 30.7618, 33.8422, 36.4485, 13.0033, 26.5111, 42.7375, 16.5699, 51.4398, 40.7422, 18.4307, 19.0095, 24.0795, 25.2797, 33.1317, 33.0063, 19.616, 18.0883, 18.3057, 33.0486, 9.3849, 39.177, 2.2425, 83.7393, 10.2632],
      [3.0843, 3.7634, 4.1861, 3.6306, 2.9022, 3.0212, 5.9902, 4.7211, 6.5895, 1.4797, 6.3086, 8.0467, 2.3378, 8.6666, 6.7444, 2.4532, 2.7164, 4.0838, 3.625, 4.3882, 3.4733, 2.7286, 2.5187, 3.5374, 6.7435, 2.5218, 5.5016, 0.2127, 20.0939, 1.4484]
    ],
    [
      [14.1211, 24.71, 11.715, 14.3566, 10.1365, 9.9548, 19.2956, 9.6742, 23.3134, 1.9231, 10.4975, 20.4083, 8.2655, 47.3246, 21.0931, 7.7395, 6.5561, 4.8409, 7.3196, 7.4122, 10.3523, 2.6131, 15.3456, 12.3566, 27.2336, 0.2973, 11.7277, 0, 49.0211, 5.1572],
      [0.5986, 0.9074, 0.4671, 0.4588, 0.6692, 0.6067, 0.6726, 0.3243, 0.672, 0.0688, 0.3873, 0.961, 0.259, 1.6818, 0.8243, 0.1863, 0.2087, 0.0655, 0.2098, 0.2077, 0.1558, 0.1057, 0.2105, 0.461, 0.5816, 0.0043, 0.4678, 0, 2.2713, 0.1764],
      [0.4433, 0.6124, 0.3773, 0.548, 0.6928, 0.6581, 0.7135, 0.3565, 0.6997, 0.0954, 0.247, 1.0195, 0.2519, 1.4132, 0.7748, 0.1986, 0.2498, 0.2021, 0.3036, 0.3067, 0.375, 0.0656, 0.6341, 0.4023, 0.7771, 0.0054, 0.4002, 0, 2.8592, 0.1803],
      [37.11, 43.2355, 29.4055, 29.9259, 34.0352, 31.526, 32.9724, 12.4147, 27.4347, 4.9783, 15.2785, 46.6103, 16.0487, 107.4065, 43.4937, 9.4266, 12.104, 4.8911, 10.1644, 9.824, 7.7174, 2.0546, 12.7903, 15.1451, 35.8386, 0.3536, 33.597, 0, 74.5831, 8.4832],
      [3.9602, 7.621, 3.7729, 4.2638, 4.3665, 5.9125, 9.8095, 6.599, 8.6884, 1.3278, 3.9069, 10.9054, 2.676, 17.508, 16.2203, 3.5717, 4.3995, 6.5854, 6.3859, 5.4169, 9.464, 1.3952, 9.6793, 7.7244, 9.7345, 0.1639, 10.1805, 0, 21.2198, 3.2097],
      [3.7669, 4.9137, 2.2622, 3.4468, 3.0998, 3.3419, 7.5363, 3.6313, 6.1918, 0.6066, 3.6828, 8.0954, 1.4989, 11.6659, 10.5939, 1.8774, 2.4819, 4.4149, 3.6167, 2.8325, 3.9355, 0.7658, 5.3402, 5.9106, 7.8345, 0.1755, 5.6266, 0, 20.0454, 1.7933]
    ],
    [
      [0.6848, 0.9718, 0.6071, 0.553, 0.5993, 0.1651, 0.9415, 0.7357, 1.1053, 0.1406, 0.5249, 0.8316, 0.7166, 1.3376, 0.4645, 0.4913, 0.3967, 0.2093, 0.225, 0.5123, 0.4907, 1.0748, 0.3432, 0.3409, 0.6586, 0.1609, 0.2314, 0, 2.4506, 0.2288],
      [1.4185, 1.7564, 1.1883, 0.8712, 1.9303, 0.4933, 1.6147, 1.2201, 1.592, 0.2494, 0.9647, 1.93, 1.106, 2.3509, 0.8963, 0.5915, 0.6262, 0.1098, 0.3179, 0.7098, 0.3399, 1.2042, 0.2329, 0.6306, 0.7091, 0.1134, 0.4801, 0, 5.618, 0.3856],
      [5.1421, 5.8627, 4.7152, 5.2058, 10.3142, 2.6862, 8.4679, 6.6353, 8.1646, 1.7288, 3.0658, 10.1368, 5.3391, 9.6771, 4.2928, 3.1448, 3.7179, 2.0192, 2.2946, 5.2006, 4.2803, 4.7318, 3.3801, 2.6685, 4.5894, 0.7439, 2.1343, 0, 35.298, 1.9687],
      [0.023, 0.0207, 0.0155, 0.0127, 0.0354, 0.0039, 0.0053, 0.0025, 0.0104, 0.0017, 0.0078, 0.0092, 0.0107, 0.0332, 0.0122, 0.0029, 0.0043, 0, 0, 0, 0, 0.0074, 0, 0.0149, 0.009, 0.0019, 0.0144, 0, 0.108, 0],
      [15.5795, 24.2701, 15.7293, 13.3149, 20.8857, 7.9842, 38.5177, 40.4881, 33.5387, 8.0652, 15.9017, 35.7794, 18.8898, 39.5214, 28.9194, 18.6637, 21.6681, 21.6793, 15.8952, 30.2819, 35.6476, 33.2117, 17.2686, 16.9585, 19.1545, 7.5547, 16.6589, 0, 84.3532, 11.6883],
      [15.152, 16.1184, 9.7446, 11.0424, 15.2352, 4.6672, 30.4529, 22.9184, 24.5891, 3.8143, 15.535, 27.313, 10.9378, 27.0798, 19.4149, 10.1058, 12.5867, 14.9824, 9.2672, 16.2954, 15.2415, 18.7702, 9.7753, 13.3866, 15.8795, 8.4252, 9.4808, 0, 82.1722, 6.7287]
    ]
  ],
  "V_est": [
    [0.3363, 299.4358, 7.215, 1921.5572, 0.3343, 0.1214],
    [10.6204, 155.1804, 597.5247, 373.1952, 265.8441, 35.6353],
    [80.6514, 21.7286, 217.0093, 14.5917, 12247.5519, 670.4671],
    [87.7063, 384.4868, 92.5948, 3837.3094, 46.7431, 41.1596],
    [254.7296, 41.646, 16.1864, 774.131, 797.7882, 137.5188],
    [414.7624, 14.8712, 15.8635, 748.8488, 206.669, 140.9851],
    [18.1936, 31.6513, 167.6062, 0.3668, 708.0694, 497.1126]
  ],
  "p_est": [
    [0.0002, 0.1343, 0.0032, 0.8621, 0.0001, 0.0001],
    [0.0074, 0.1079, 0.4155, 0.2595, 0.1849, 0.0248],
    [0.0061, 0.0016, 0.0164, 0.0011, 0.9242, 0.0506],
    [0.0195, 0.0856, 0.0206, 0.8546, 0.0104, 0.0092],
    [0.126, 0.0206, 0.008, 0.3829, 0.3946, 0.068],
    [0.269, 0.0096, 0.0103, 0.4856, 0.134, 0.0914],
    [0.0128, 0.0222, 0.1178, 0.0003, 0.4976, 0.3493]
  ],
  "EI_Z": {},
  "EI_V": 10.4024,
  "MAE_Z": {},
  "MAE_V": 130.7527,
  "MAE_p": 0.0516,
  "runtime": 0.147
}
