{
  "Z_true": {},
  "V_true": [
    [127, 1180, 444],
    [768, 14131, 1106],
    [14025, 601, 489],
    [1047, 732, 845],
    [650, 291, 354],
    [557, 621, 643]
  ],
  "p_true": [
    [0.0725, 0.6739, 0.2536],
    [0.048, 0.8829, 0.0691],
    [0.9279, 0.0398, 0.0324],
    [0.399, 0.279, 0.322],
    [0.5019, 0.2247, 0.2734],
    [0.3059, 0.341, 0.3531]
  ],
  "Z_est": [
    [
      [1.941, 4.0114, 2.7174, 2.0704, 4.0114, 7.6521, 1.941, 2.7174, 4.3997, 0.9058, 6.6082, 1.0352, 4.1408, 5.3055, 2.3267, 3.7073, 6.4701, 4.9173, 5.0467, 5.3586, 4.9607, 5.9525, 6.8583, 5.3055, 5.6937, 6.8583, 0, 2.695, 1.1646, 0, 3.882, 21.2743, 4.1418, 5.4349, 7.3759, 6.7289, 10.3521, 9.5757, 11.2568, 1.8116, 19.9278, 2.1998, 15.7101, 3.5066],
      [5.6151, 11.6045, 7.8611, 5.9894, 11.6045, 29.4498, 5.6151, 7.8611, 12.7275, 2.6204, 19.0913, 2.9947, 11.9788, 15.3479, 2.6204, 18.2311, 18.7169, 14.2249, 14.5992, 20.5886, 16.5037, 17.2196, 19.8399, 15.3479, 16.4709, 19.8399, 0, 3.6783, 2.6857, 0, 11.2302, 34.896, 6.9404, 15.7222, 21.3373, 17.8092, 29.9471, 27.7011, 11.6045, 5.2407, 57.6482, 6.3638, 51.5652, 9.7328],
      [7.4439, 15.3841, 10.4215, 7.9402, 15.3841, 30.898, 7.4439, 10.4215, 16.8728, 3.4738, 25.3006, 3.9701, 15.8803, 20.3467, 2.0529, 23.0616, 24.813, 18.8579, 19.3541, 29.0528, 28.5356, 22.828, 26.3018, 20.3467, 21.8354, 26.3018, 0, 1.6268, 5.1497, 0, 14.8878, 23.8296, 10.9177, 20.8429, 28.2868, 27.462, 39.7008, 36.7232, 8.1387, 6.9476, 76.424, 8.4364, 75.7247, 12.7606]
    ],
    [
      [8.0733, 24.2048, 16.9828, 3.774, 32.6342, 27.3475, 30.7236, 13.4233, 38.0486, 9.5636, 63.4628, 3.557, 6.1547, 11.3676, 5.5227, 8.3036, 4.8814, 10.2926, 0, 18.2248, 15.0275, 30.9342, 39.4099, 20.152, 31.3911, 24.6074, 0.3997, 1.8441, 2.438, 0.6004, 16.3978, 10.5499, 14.1731, 14.7773, 19.1271, 6.534, 14.7728, 14.8617, 5.1705, 10.0316, 53.0498, 8.0625, 24.9792, 7.3139],
      [311.3563, 458.4707, 364.0367, 83.1345, 517.8076, 688.7622, 296.0459, 272.4832, 700.686, 205.0867, 563.7865, 223.8597, 96.0393, 179.5437, 36.0038, 408.3156, 327.0869, 215.982, 180.5663, 474.209, 366.3278, 448.7819, 480.1039, 411.6768, 406.1683, 502.1683, 10.1092, 39.4368, 47.711, 12.5659, 274.938, 220.8007, 94.9191, 344.6645, 408.897, 377.8744, 420.0599, 386.1824, 107.7077, 328.5083, 1134.5534, 160.9581, 602.2451, 146.9198],
      [20.5705, 31.3245, 14.9805, 1.0916, 24.5582, 33.8903, 20.2305, 27.0936, 41.2654, 8.3498, 27.7507, 23.5833, 4.806, 12.0887, 1.4735, 26.3808, 26.0317, 13.7254, 11.4337, 43.5661, 33.6447, 20.2839, 33.4861, 32.1712, 27.4407, 29.2242, 0.4912, 1.7191, 5.851, 0.8337, 18.6642, 14.6494, 6.9078, 24.5582, 17.9759, 36.5917, 33.1673, 2.956, 7.1219, 27.46, 49.3968, 18.9793, 76.7757, 9.7663]
    ],
    [
      [168.948, 282.2419, 188.3678, 207.1674, 601.8007, 478.9559, 183.4097, 202.4159, 393.428, 112.0402, 582.94, 67.7921, 188.0156, 294.4044, 109.5302, 226.7175, 214.1123, 302.004, 99.3522, 380.8715, 295.1768, 647.3552, 618.2327, 530.2625, 396.8403, 577.7881, 8.7051, 100.0345, 52.9043, 14.5383, 237.5871, 373.6247, 149.6322, 480.4741, 562.8918, 616.522, 607.2476, 387.7262, 120.9957, 217.5248, 1194.7274, 171.4138, 522.7351, 157.9252],
      [10.9674, 2.8029, 4.6639, 8.3973, 11.6456, 15.3077, 4.1047, 2.3926, 8.8049, 2.9281, 10.5514, 0, 2.5566, 3.4003, 0.8057, 5.8808, 7.4158, 10.1366, 4.4495, 8.6347, 6.7419, 13.8695, 10.6019, 7.9912, 8.8687, 17.0391, 1.0235, 2.1906, 1.062, 1.7784, 0, 8.2944, 0, 12.0769, 32.2637, 12.447, 13.5901, 8.9828, 1.7941, 6.2557, 26.606, 3.5889, 12.1226, 3.3566],
      [7.0846, 11.9552, 4.9683, 2.4353, 5.5537, 9.7364, 5.4856, 8.1915, 11.7671, 0.0317, 12.5087, 4.2079, 4.4279, 7.1953, 0.6642, 11.4017, 12.4719, 7.8594, 3.1983, 16.4938, 15.0813, 12.7753, 15.1654, 15.7463, 11.291, 13.1729, 0.2714, 0.7749, 8.0337, 0.6833, 8.4129, 8.0808, 1.3678, 14.449, 11.8445, 22.031, 18.1622, 11.291, 3.2102, 24.2194, 29.6666, 15.9973, 35.1422, 4.7182]
    ],
    [
      [16.1499, 27.875, 25.2203, 8.7875, 42.2865, 29.4074, 15.2649, 22.2337, 34.8438, 11.9464, 44.1257, 9.7114, 10.901, 20.1128, 4.1689, 25.4786, 15.2373, 16.5923, 8.2339, 21.5561, 19.0641, 33.9355, 26.2158, 32.5209, 20.5744, 16.2604, 0.6637, 2.3229, 2.6548, 0, 26.6261, 10.9509, 4.9777, 20.5744, 27.875, 28.5387, 22.8973, 18.5834, 11.2935, 13.3714, 66.7456, 10.2872, 24.2247, 5.6414],
      [38.0512, 51.5532, 48.5351, 16.403, 73.0337, 67.5145, 28.2315, 40.652, 65.7037, 22.8024, 76.7161, 18.4119, 16.6271, 36.21, 3.6103, 53.3944, 40.5061, 30.6864, 33.3714, 42.961, 36.8237, 60.7592, 48.4846, 59.0107, 38.0512, 30.0727, 1.2275, 4.4195, 4.9098, 0, 35.2757, 20.2531, 9.2059, 38.0512, 51.5532, 51.9784, 42.3473, 34.3688, 19.6393, 26.3903, 124.3926, 18.3945, 44.8022, 10.4334],
      [7.7989, 4.5717, 2.2447, 0.8096, 3.6798, 5.0781, 2.5036, 4.1143, 4.4525, 1.2511, 4.1582, 1.8767, 1.4719, 2.6772, 0.2208, 8.127, 10.2566, 2.7213, 2.3947, 5.4829, 4.1122, 4.3053, 4.2996, 6.4685, 3.3744, 2.6668, 0.1089, 0.2576, 0.4354, 0, 5.0983, 1.796, 0.8164, 3.3744, 4.5717, 5.4829, 3.7554, 3.0478, 1.0671, 3.2382, 9.8618, 2.3183, 3.9731, 0.9252]
    ],
    [
      [4.4083, 16.3736, 11.9653, 6.9273, 34.3802, 26.4497, 11.3356, 13.0551, 26.4497, 8.1868, 25.0192, 3.7785, 3.1488, 18.2629, 0, 13.3437, 12.1565, 16.3736, 3.7785, 21.6538, 37.1555, 40.3043, 43.4531, 39.0448, 17.6331, 39.0448, 0, 1.2595, 1.2595, 0.6298, 6.2975, 9.4463, 8.8166, 35.2663, 34.6365, 42.1936, 30.858, 32.1175, 3.7785, 5.038, 61.7313, 7.5571, 29.679, 6.2975],
      [0.1108, 0.4116, 0.3008, 0.1742, 0.7916, 0.6649, 0.285, 0.3325, 0.9448, 0.2838, 0.6174, 0.095, 0.0792, 0.4591, 0, 0.38, 0.3958, 0.4116, 0.095, 0.57, 0.9341, 1.0133, 1.0924, 0.9816, 0.4433, 1.8421, 0, 0.0317, 0.0317, 0.0158, 0.1583, 0.2375, 0.2216, 0.8866, 0.8708, 1.0607, 0.7758, 0.8074, 0.095, 0.1267, 1.5751, 0.19, 0.8391, 0.1583],
      [2.4809, 9.2147, 6.7338, 3.8985, 14.8282, 14.8853, 6.3794, 7.6124, 14.6055, 4.5294, 13.3633, 2.1265, 1.7721, 10.278, 0, 10.2763, 12.4477, 9.2147, 2.1265, 13.7762, 20.9104, 22.6824, 24.4545, 21.9736, 9.9236, 21.1131, 0, 0.7088, 0.7088, 0.3544, 3.5441, 5.3162, 4.9618, 19.8471, 19.4927, 23.7457, 17.3662, 18.0751, 2.1265, 2.8353, 31.6935, 4.253, 22.4819, 3.5441]
    ],
    [
      [2.4795, 7.2932, 4.7464, 1.2734, 8.887, 10.1874, 5.3252, 3.1547, 6.8302, 3.3572, 8.8441, 3.1257, 2.6391, 2.5468, 0.4515, 3.4492, 3.1424, 3.8203, 3.5887, 8.3351, 4.6154, 15.5183, 6.8302, 6.7144, 5.8674, 5.441, 0.2315, 2.844, 0.5788, 0.2315, 5.2095, 5.1538, 2.2586, 3.473, 5.0937, 6.4829, 7.8721, 6.1356, 1.505, 3.2224, 14.818, 2.4795, 7.6718, 2.3153],
      [11.8992, 20.157, 14.6024, 3.9017, 21.1169, 34.3008, 14.7178, 9.2786, 20.1332, 9.2786, 18.2373, 8.6387, 6.719, 7.039, 0.9599, 12.7981, 10.8784, 10.5585, 9.9185, 23.0366, 14.6687, 23.3566, 18.8772, 16.9919, 15.9977, 15.0378, 0.6399, 3.2432, 1.5998, 0.6399, 14.3979, 11.5183, 4.7129, 9.5986, 14.0779, 15.8303, 21.2799, 16.9575, 4.1594, 12.4782, 42.2248, 6.5047, 24.4258, 6.3991],
      [18.6213, 35.5497, 21.6512, 5.8248, 35.9961, 43.5119, 25.9569, 16.5667, 32.0367, 16.3642, 29.9185, 15.2356, 11.6419, 12.4142, 1.5886, 23.7526, 19.9792, 18.6213, 17.4927, 40.6282, 34.7159, 34.1251, 33.2926, 34.2937, 28.1349, 26.5212, 1.1286, 1.9129, 2.8214, 1.1286, 25.3927, 19.3279, 9.0285, 16.9284, 24.8284, 33.6868, 38.8481, 29.9069, 7.3357, 23.2994, 70.9572, 13.0158, 55.9024, 11.2856]
    ]
  ],
  "V_est": [
    [239.9511, 658.6669, 852.382],
    [723.1485, 14337.5407, 944.3108],
    [14327.3808, 338.3922, 449.227],
    [856.9331, 1615.8201, 151.2468],
    [810.5457, 21.7919, 462.6624],
    [216.0408, 583.7882, 1021.171]
  ],
  "p_est": [
    [0.137, 0.3762, 0.4868],
    [0.0452, 0.8958, 0.059],
    [0.9479, 0.0224, 0.0297],
    [0.3266, 0.6158, 0.0576],
    [0.6259, 0.0168, 0.3573],
    [0.1186, 0.3206, 0.5608]
  ],
  "EI_Z": {},
  "EI_V": 6.634,
  "MAE_Z": {},
  "MAE_V": 284.606,
  "MAE_p": 0.1203,
  "runtime": 4.336
}
