{
  "X": [
    [85, 160, 285, 581, 111],
    [66, 104, 265, 394, 82],
    [23, 36, 119, 135, 47],
    [67, 447, 198, 741, 177],
    [36, 105, 95, 274, 88],
    [42, 61, 113, 196, 50],
    [64, 62, 252, 251, 54],
    [66, 104, 199, 378, 111],
    [21, 52, 47, 113, 32],
    [31, 92, 87, 236, 70],
    [125, 283, 420, 653, 184],
    [37, 78, 115, 172, 52],
    [29, 14, 98, 126, 24],
    [1, 4, 5, 12, 3],
    [2, 4, 10, 12, 4],
    [50, 51, 239, 235, 51],
    [18, 52, 96, 233, 36],
    [125, 118, 706, 574, 101],
    [62, 54, 273, 350, 52],
    [37, 28, 295, 197, 30],
    [76, 110, 488, 563, 150],
    [84, 98, 366, 541, 142],
    [67, 111, 330, 390, 74],
    [98, 146, 390, 458, 82],
    [2, 2, 2, 6, 1],
    [11, 13, 53, 80, 21],
    [151, 308, 456, 763, 178],
    [21, 64, 86, 138, 38],
    [2, 12, 7, 15, 18],
    [13, 56, 60, 134, 33],
    [18, 48, 46, 176, 44],
    [5, 15, 16, 57, 12],
    [15, 16, 35, 20, 9],
    [50, 61, 176, 309, 39],
    [39, 62, 164, 293, 62],
    [16, 40, 85, 129, 31],
    [93, 65, 290, 199, 62],
    [0, 6, 9, 8, 2],
    [72, 83, 269, 278, 49],
    [85, 62, 364, 315, 90],
    [129, 83, 535, 427, 77],
    [25, 30, 104, 111, 21],
    [21, 39, 129, 189, 40],
    [9, 15, 59, 75, 14],
    [6, 5, 60, 79, 29],
    [196, 229, 758, 918, 180],
    [30, 82, 129, 154, 42],
    [307, 740, 976, 1537, 517],
    [196, 226, 366, 681, 87]
  ],
  "W": [
    [108, 207, 516, 202, 40, 76, 73],
    [98, 116, 337, 188, 58, 67, 47],
    [33, 36, 131, 82, 16, 41, 21],
    [100, 586, 577, 132, 30, 41, 164],
    [50, 118, 259, 70, 25, 27, 49],
    [56, 92, 169, 90, 7, 25, 23],
    [106, 89, 211, 170, 26, 38, 43],
    [90, 141, 328, 145, 22, 51, 81],
    [22, 61, 105, 35, 4, 8, 30],
    [38, 112, 218, 69, 11, 29, 39],
    [215, 367, 589, 262, 40, 85, 107],
    [59, 84, 168, 84, 15, 18, 26],
    [36, 16, 110, 72, 23, 21, 13],
    [3, 5, 9, 4, 1, 2, 1],
    [2, 3, 17, 5, 2, 2, 1],
    [82, 66, 218, 147, 26, 64, 23],
    [34, 52, 203, 65, 15, 32, 34],
    [270, 134, 553, 431, 43, 132, 61],
    [99, 79, 303, 170, 34, 64, 42],
    [85, 45, 192, 199, 9, 38, 19],
    [120, 135, 474, 349, 52, 165, 92],
    [112, 118, 481, 256, 66, 120, 78],
    [150, 156, 357, 199, 18, 37, 55],
    [165, 207, 429, 243, 16, 47, 67],
    [4, 1, 6, 0, 0, 2, 0],
    [25, 22, 65, 28, 20, 9, 9],
    [202, 363, 728, 323, 58, 76, 106],
    [34, 76, 115, 74, 10, 22, 16],
    [2, 10, 24, 4, 2, 3, 9],
    [20, 82, 111, 47, 6, 9, 21],
    [25, 63, 155, 29, 18, 17, 25],
    [6, 17, 57, 5, 2, 11, 7],
    [20, 14, 25, 18, 3, 12, 3],
    [77, 80, 271, 120, 11, 41, 35],
    [55, 90, 242, 116, 21, 61, 35],
    [19, 38, 133, 64, 20, 14, 13],
    [132, 78, 197, 229, 17, 39, 17],
    [4, 4, 6, 9, 0, 0, 2],
    [126, 88, 263, 175, 14, 47, 38],
    [161, 74, 300, 246, 28, 66, 41],
    [232, 138, 412, 316, 29, 73, 51],
    [37, 46, 98, 66, 10, 21, 13],
    [29, 50, 162, 85, 24, 31, 37],
    [12, 22, 65, 40, 1, 15, 17],
    [4, 5, 84, 58, 9, 5, 14],
    [316, 340, 796, 507, 72, 130, 120],
    [38, 83, 138, 94, 29, 24, 31],
    [453, 859, 1442, 709, 128, 223, 263],
    [229, 257, 657, 304, 9, 36, 64]
  ],
  "method": "mult",
  "cond_prob": [
    [
      [0.45802912015, 0.00067470363811, 0.45099176236, 0.089220858731, 0.0010835551176],
      [3.9575803402e-10, 0.612592768, 2.402947303e-11, 0.27422215696, 0.11318507462],
      [0.012123598999, 0.054412157295, 0.060274074678, 0.79532962621, 0.077860542822],
      [0.12771109022, 0.018546862272, 0.84590651785, 0.0054113065874, 0.0024242230675],
      [0.0014750824618, 4.6923463801e-05, 0.04857032136, 0.55828605189, 0.39162162083],
      [0.0017077558262, 1.1761516864e-05, 0.42561568318, 0.43312314906, 0.13954165041],
      [0.045077327297, 0.017733135269, 0.00039377730672, 0.65572860696, 0.28106715317]
    ],
    [
      [0.41680296307, 0.00077347309966, 0.49055360334, 0.090785141951, 0.001084818535],
      [3.2819570195e-10, 0.64212765043, 2.3831385272e-11, 0.25449991974, 0.10337242949],
      [0.0076515263592, 0.073402877281, 0.064843588927, 0.77993986954, 0.074162137888],
      [0.10900317386, 0.019954440399, 0.86359789355, 0.0051668539441, 0.0022776382525],
      [0.001321548457, 5.2998248316e-05, 0.052041284804, 0.55988415941, 0.38670000908],
      [0.0014859256388, 1.2901466698e-05, 0.44296639957, 0.4218083819, 0.13372639143],
      [0.040551950723, 0.020111690452, 0.00042361967716, 0.66033016997, 0.27858256918]
    ],
    [
      [0.39839509842, 0.00081387671974, 0.51891224869, 0.080223810159, 0.0016549660089],
      [2.9077704898e-10, 0.6411362262, 2.355824064e-11, 0.2108199636, 0.14804380988],
      [0.0071519771154, 0.082687970852, 0.084976069679, 0.69791123326, 0.1272727491],
      [0.09867810274, 0.020050462482, 0.87359749895, 0.0043569679639, 0.003316967862],
      [0.0010905265645, 4.8654354459e-05, 0.047924946789, 0.4324173452, 0.51851852709],
      [0.0013415104498, 1.2958080658e-05, 0.44715806268, 0.35624730437, 0.19524016442],
      [0.035809426734, 0.019746003277, 0.00041695388724, 0.54545884015, 0.39856877596]
    ],
    [
      [0.44004477161, 0.00085926665124, 0.46244570042, 0.095430162751, 0.0012200985662],
      [0, 0.6491751149, 0, 0.24457995064, 0.10624493446],
      [0.00088206992876, 0.10403565875, 0.037084523148, 0.77447383857, 0.083523909602],
      [0.11994747097, 0.023098746921, 0.84862352307, 0.0056606662337, 0.0026695928048],
      [0.0013010146495, 5.4890674191e-05, 0.045724396777, 0.54838419194, 0.40453550596],
      [0.0015494766001, 1.4153542219e-05, 0.41235483686, 0.43767910544, 0.14840242755],
      [0.039944776475, 0.02083914203, 0.00037240756939, 0.64706189495, 0.29178177897]
    ],
    [
      [0.48622438639, 0.00087844992442, 0.42216737543, 0.089018381127, 0.0017114071232],
      [0, 0.63867817935, 1.7912140572e-11, 0.21848796431, 0.14283385632],
      [0, 0.10296899572, 0.019250211851, 0.74711155658, 0.13066923585],
      [0.13743969757, 0.027928475232, 0.825035771, 0.0056140612136, 0.0039819949777],
      [0.0012696037591, 4.9884271303e-05, 0.037039839916, 0.45515400214, 0.50648666991],
      [0.0017093672833, 1.4540961504e-05, 0.37821989392, 0.41056505537, 0.20949114247],
      [0.040614466117, 0.019723458598, 0.00031406638297, 0.55935749319, 0.37999051571]
    ],
    [
      [0.48409973615, 0.00061764468934, 0.42319495748, 0.090590644273, 0.0014970174038],
      [4.1614227342e-10, 0.56426672119, 2.2522191239e-11, 0.27888404105, 0.15684923732],
      [0.0071388152363, 0.042127010651, 0.026410212102, 0.81068042698, 0.11364353503],
      [0.14066140465, 0.017776613873, 0.83230553274, 0.0057501625987, 0.0035062861377],
      [0.0013361132104, 3.7039333976e-05, 0.039223050697, 0.48955296596, 0.4698508308],
      [0.0017338773424, 1.0406404827e-05, 0.38592541, 0.42553238664, 0.18679791961],
      [0.042249079036, 0.014478002754, 0.0003287818293, 0.59486543143, 0.34807870495]
    ],
    [
      [0.39189003418, 0.00059995726442, 0.52071681135, 0.08571759417, 0.0010756030341],
      [3.6643277066e-10, 0.59278090172, 3.0031662268e-11, 0.28541839419, 0.12180070369],
      [0.018653455086, 0.028196615129, 0.13220415946, 0.7504176499, 0.07052812043],
      [0.098356045771, 0.014855157595, 0.87994019577, 0.0046813033667, 0.0021672974925],
      [0.0012811605723, 4.238693127e-05, 0.056944080184, 0.54539769598, 0.39633467633],
      [0.0013932575361, 9.9798344659e-06, 0.46890307374, 0.39734855974, 0.13234512916],
      [0.039930129731, 0.016338613941, 0.00047079488257, 0.65344574115, 0.2898147203]
    ],
    [
      [0.46041231349, 0.0006667093686, 0.44978403668, 0.087600179293, 0.0015367611724],
      [3.8334179944e-10, 0.58518572991, 2.3111442452e-11, 0.25985103341, 0.15496323628],
      [0.0077170760413, 0.053307970052, 0.044142786932, 0.77568968358, 0.11914248339],
      [0.12832293529, 0.018339915841, 0.84458064789, 0.0053160839792, 0.0034404170046],
      [0.0012825778296, 4.0164615921e-05, 0.041936390295, 0.47499119426, 0.481749673],
      [0.0016332921309, 1.1073559015e-05, 0.40441317682, 0.40529078494, 0.18865167255],
      [0.040905562503, 0.015840220903, 0.00035476585746, 0.58222596859, 0.36067348215]
    ],
    [
      [0.52808329106, 0.00073845523649, 0.39691972026, 0.073040044196, 0.0012184892514],
      [4.3352044258e-10, 0.65770445895, 2.038314277e-11, 0.2182777665, 0.1240177741],
      [0.02101694262, 0.099659910701, 0.059592138863, 0.71776687357, 0.10196413425],
      [0.15726251506, 0.022045243336, 0.81292533678, 0.0048070522371, 0.0029598525912],
      [0.0017553282514, 5.4184469065e-05, 0.044789276318, 0.4835489068, 0.46985230416],
      [0.002166561755, 1.4479271821e-05, 0.42099135506, 0.39963222716, 0.17719537675],
      [0.054894892038, 0.020919175878, 0.00037056131423, 0.58043844247, 0.3433769283]
    ],
    [
      [0.49787743294, 0.00080622178705, 0.41060417758, 0.089068038366, 0.001644129325],
      [3.6086202848e-10, 0.62232649824, 1.8479742139e-11, 0.23200198598, 0.1456715154],
      [0.0012200127187, 0.091403028016, 0.016118766058, 0.7652505276, 0.1260076656],
      [0.14647072434, 0.023557441294, 0.82032175723, 0.00574044506, 0.0039096320722],
      [0.0013226024356, 4.6706810383e-05, 0.036739953881, 0.46473744955, 0.49715328733],
      [0.0017777589125, 1.3592066613e-05, 0.37464559948, 0.41847730544, 0.2050857441],
      [0.042105413342, 0.018373442763, 0.00030992622065, 0.56827006622, 0.37094115145]
    ],
    [
      [0.41051369126, 0.00076001041352, 0.5028710303, 0.084429372749, 0.0014258952691],
      [3.2395109671e-10, 0.6278688301, 2.4425637678e-11, 0.23644221446, 0.13568895509],
      [0.0081590473305, 0.076970528776, 0.076111171111, 0.73323188739, 0.10552736539],
      [0.10550312595, 0.019223098847, 0.86762633191, 0.0047120084658, 0.0029354348262],
      [0.0012060330115, 4.8107633547e-05, 0.049311594121, 0.4807678663, 0.46866639893],
      [0.0014343485693, 1.2387218439e-05, 0.44374073279, 0.38317264512, 0.1716398863],
      [0.038522405925, 0.019006229436, 0.00041797830576, 0.59032593242, 0.35172745391]
    ],
    [
      [0.43878070439, 0.00089378826791, 0.47564117251, 0.083134573557, 0.0015497612737],
      [3.0538480648e-10, 0.66142061418, 2.0485981331e-11, 0.20716388739, 0.13141549811],
      [0.0016479705694, 0.11818023264, 0.0416683155, 0.71919200782, 0.11931147347],
      [0.1161618221, 0.02343448737, 0.85228997713, 0.0048070767174, 0.0033066366906],
      [0.0012351005199, 5.4651996194e-05, 0.044941763262, 0.4580802539, 0.49568823032],
      [0.0015423375133, 1.4775616459e-05, 0.42558125028, 0.38315771109, 0.18970392551],
      [0.039661450798, 0.021695120709, 0.00038256859098, 0.56527689436, 0.37298396555]
    ],
    [
      [0.46070577405, 0.00050246991933, 0.45322369828, 0.084624392797, 0.00094366495952],
      [4.7435808775e-10, 0.56689130167, 2.9013020585e-11, 0.31389473042, 0.1192139674],
      [0.023179737823, 0.033918417754, 0.089317695769, 0.78788039541, 0.065703753246],
      [0.1272751338, 0.013815212892, 0.85167320054, 0.0051264802595, 0.002109972506],
      [0.001583653234, 3.7731223924e-05, 0.052544058522, 0.57338759355, 0.37244696347],
      [0.0017633735377, 9.0959037127e-06, 0.44402382733, 0.4274992957, 0.12670440753],
      [0.048273574144, 0.014220780214, 0.00042432061339, 0.6715274029, 0.26555392212]
    ],
    [
      [0.32662465933, 0.00095035355819, 0.50374734747, 0.12658814947, 0.042089490172],
      [0, 0.6314946319, 0, 0.24270533281, 0.12580003529],
      [0, 0.057283252845, 0, 0.82876866757, 0.11394807958],
      [0, 0.07706664453, 0.69153907535, 0.22768168834, 0.0037125917787],
      [0.00054272979408, 3.9097568724e-05, 0.029960231418, 0.48892538407, 0.48053255715],
      [0.00077994982272, 1.2163189243e-05, 0.34619246587, 0.46525069017, 0.18776473095],
      [0.01802339257, 0.015796502138, 0.00025649304172, 0.61763736158, 0.34828625067]
    ],
    [
      [0.48044530568, 0.00064755331242, 0.47379673759, 0.044100195696, 0.0010102077175],
      [3.1499009382e-10, 0.74895505714, 2.4106390897e-11, 0.13955586086, 0.11148908166],
      [0.028116726317, 0.096607239345, 0.20125359158, 0.56962121967, 0.10440122309],
      [0.10027682777, 0.016814790506, 0.87828473602, 0.0024999725152, 0.0021236731976],
      [0.0015388902223, 6.0110891211e-05, 0.064234321557, 0.37818674986, 0.55597992747],
      [0.0016693931512, 1.4115997081e-05, 0.55531522737, 0.27289179976, 0.17010946372],
      [0.053324334725, 0.0252942468, 0.00057269000469, 0.49491432978, 0.42589439869]
    ],
    [
      [0.38036870418, 0.00061502192283, 0.53645668217, 0.081464559126, 0.0010950326017],
      [3.5359909409e-10, 0.60639803256, 3.0801789242e-11, 0.27010748879, 0.12349447827],
      [0.018737331863, 0.03826974985, 0.14799729181, 0.721060138, 0.073935488477],
      [0.093128149569, 0.014873517308, 0.88549827562, 0.0043451240029, 0.0021549335039],
      [0.0012642978958, 4.4246434755e-05, 0.059728711766, 0.5278423264, 0.4111204175],
      [0.001354496126, 1.0262892862e-05, 0.48460119763, 0.37884241451, 0.13519162884],
      [0.039810017543, 0.01722949172, 0.00049881636965, 0.63883276365, 0.30362891072]
    ],
    [
      [0.35569889497, 0.00092476571277, 0.53151615236, 0.11074963695, 0.00111055001],
      [2.3294557211e-10, 0.64984540239, 2.1642564071e-11, 0.26107768149, 0.089076915864],
      [0, 0.074894563324, 0.030825843902, 0.82715676646, 0.067122826315],
      [0.074523079185, 0.034792994466, 0.8825582493, 0.0059311841639, 0.0021944928834],
      [0.00097990210833, 5.5643160709e-05, 0.049385767737, 0.60032269343, 0.34925599356],
      [0.0011072920928, 1.3612960415e-05, 0.42344430517, 0.45441982312, 0.12101496665],
      [0.029767809799, 0.02088781719, 0.00039747118999, 0.70040728244, 0.24853961938]
    ],
    [
      [0.32032907637, 0.000687516338, 0.59106469449, 0.086883289568, 0.0010354232346],
      [2.7758809137e-10, 0.62485846012, 3.1514441714e-11, 0.26699861383, 0.10814292574],
      [0.0086570035387, 0.047510256273, 0.15795512155, 0.72055024367, 0.065327374963],
      [0.073137385638, 0.015441212456, 0.90522346843, 0.0043053004989, 0.0018926329811],
      [0.0010530479079, 4.8659771651e-05, 0.064828395779, 0.55323990074, 0.38082999581],
      [0.0010752184455, 1.0756798236e-05, 0.50069319577, 0.37854223946, 0.11967858952],
      [0.03302300461, 0.018876891428, 0.00053954940972, 0.66699896649, 0.28056158807]
    ],
    [
      [0.38680963222, 0.00051970427182, 0.52253338123, 0.089304275461, 0.0008330068145],
      [3.9952385735e-10, 0.56734180991, 3.3300105487e-11, 0.3284795838, 0.10417860585],
      [0.017601246305, 0.020850642544, 0.12708654475, 0.78240732399, 0.052054242408],
      [0.097124582331, 0.012875629862, 0.88343989393, 0.0048804403162, 0.0016794535606],
      [0.0013551612549, 3.9355228214e-05, 0.061255956734, 0.60878589801, 0.32856362877],
      [0.0013913264996, 8.7479039017e-06, 0.47615292892, 0.4187783227, 0.10366867398],
      [0.041104032694, 0.014763013882, 0.00049286305513, 0.70974672381, 0.23389336656]
    ],
    [
      [0.2750506105, 0.00048482301468, 0.63116962972, 0.092277627287, 0.0010173094792],
      [2.8418585461e-10, 0.53264428633, 4.0256816119e-11, 0.33982513223, 0.12753058111],
      [0.006925692064, 0.019496758802, 0.17827225958, 0.73521780261, 0.060087486944],
      [0.05893791328, 0, 0.94106208672, 0, 0],
      [0.00086924074242, 3.3135303793e-05, 0.066777842023, 0.56824415568, 0.36407562625],
      [0.00087044892905, 7.1838527498e-06, 0.50629806538, 0.38116625217, 0.11165804967],
      [0.02744317106, 0.012939382346, 0.00055922701899, 0.68968092866, 0.26937729092]
    ],
    [
      [0.35319097295, 0.00069974081811, 0.54983910828, 0.09479638966, 0.0014737882927],
      [2.8252589811e-10, 0.58825651557, 2.7104592284e-11, 0.269406941, 0.14233654313],
      [0.0017735976372, 0.048955334038, 0.074797309316, 0.77222944892, 0.10224431009],
      [0.085140103435, 0.016615263226, 0.89043035463, 0.0049661987506, 0.0028480799574],
      [0.00096015363132, 4.1029217066e-05, 0.049950964054, 0.50010191037, 0.44894594272],
      [0.0011266798411, 1.0423583072e-05, 0.44344677639, 0.39324626512, 0.16216985506],
      [0.030724692034, 0.01623905315, 0.0004241346183, 0.61514783662, 0.33746428358]
    ],
    [
      [0.42267527317, 0.00064101318218, 0.48781852823, 0.087502579863, 0.0013626055555],
      [3.674530194e-10, 0.58640871226, 2.614575386e-11, 0.27046035826, 0.14313092908],
      [0.01001078765, 0.048277855919, 0.072647900269, 0.76808542116, 0.100978035],
      [0.11136427008, 0.016645305169, 0.86409779203, 0.0050130115344, 0.0028796211851],
      [0.0012449841992, 4.0753254994e-05, 0.048038933086, 0.50054086087, 0.45013446859],
      [0.0014843472891, 1.0519566259e-05, 0.43341327638, 0.39990235995, 0.16518949681],
      [0.039431240116, 0.01596384095, 0.00040368329418, 0.60934602866, 0.33485520698]
    ],
    [
      [0.3229184498, 0.00066969821846, 0.58314245917, 0.092109588282, 0.001159804538],
      [2.7563783894e-10, 0.60090670586, 3.0664657985e-11, 0.27945864161, 0.11963465223],
      [0.005583333509, 0.036944279972, 0.12292735517, 0.75980452642, 0.074740504938],
      [0.074429409835, 0.015208226001, 0.90360415914, 0.0046146475569, 0.002143557466],
      [0.00098164453271, 4.3924249653e-05, 0.059223940006, 0.54374309486, 0.39600739635],
      [0.001049486465, 1.0166954641e-05, 0.47927238104, 0.38951166604, 0.1301562995],
      [0.030927804852, 0.017116134819, 0.00049506615664, 0.65854864586, 0.29291234832]
    ],
    [
      [0.38266704244, 0.00062417364254, 0.53324194596, 0.082488373935, 0.00097846402628],
      [3.5892015709e-10, 0.61435730552, 3.0802992353e-11, 0.27482869162, 0.11081400247],
      [0.021134491705, 0.032253216101, 0.14739157977, 0.7339750626, 0.065245649819],
      [0.094425079333, 0.015167918264, 0.88404918504, 0.0044226018372, 0.0019352155204],
      [0.0013286526643, 4.6732533151e-05, 0.061835942025, 0.55575757425, 0.38103109853],
      [0.0013855864184, 1.055129009e-05, 0.48801407033, 0.38836046032, 0.12222933164],
      [0.041217398505, 0.017930919859, 0.00050899767209, 0.66275854043, 0.27758414353]
    ],
    [
      [0.49907673221, 0.038031547834, 0.32365516065, 0.12963572754, 0.009600831771],
      [1.0899435639e-10, 0.88618835008, 4.1159185022e-12, 0.073601468609, 0.040210181198],
      [0, 0.1602723554, 0.0078933877392, 0.74533429666, 0.086499960199],
      [0.15331407001, 0.043011115883, 0.79488861434, 0.0056990099565, 0.0030871898138],
      [0.0010615326282, 6.8152797477e-05, 0.022054290329, 0.41016189486, 0.56665412938],
      [0.0018465355342, 2.5663090025e-05, 0.32900951549, 0.46792492062, 0.20119336526],
      [0.037349422176, 0.029542518079, 0.00019832735537, 0.55327499891, 0.37963473348]
    ],
    [
      [0.32929393212, 0.00051575822497, 0.57673036561, 0.092217850231, 0.0012420938146],
      [3.0980759624e-10, 0.5381170688, 3.3947947567e-11, 0.31655802666, 0.14532490419],
      [0.0056379284476, 0.010789912779, 0.12072652158, 0.78037178077, 0.08247385642],
      [0.075073267571, 0.011807053291, 0.90615761042, 0.0046496438817, 0.002312424838],
      [0.0009425793381, 3.2636610692e-05, 0.056059585037, 0.52761070731, 0.41535449171],
      [0.001038271117, 7.783165838e-06, 0.47073892241, 0.38892408561, 0.1392909377],
      [0.0301043136, 0.012873991911, 0.00047354019295, 0.64704338472, 0.30950476958]
    ],
    [
      [0.4599140122, 0.00076206844538, 0.45760443127, 0.080544361352, 0.0011751267366],
      [3.7538259541e-10, 0.65107965211, 2.2990878265e-11, 0.23327553602, 0.11564481148],
      [0.016474246616, 0.08602541465, 0.074046702122, 0.73488990945, 0.088563727165],
      [0.12657914863, 0.020640671934, 0.84537587748, 0.0048137284865, 0.0025905734698],
      [0.0015165153049, 5.4137562804e-05, 0.050366951187, 0.51469431593, 0.43336808002],
      [0.0017613914489, 1.3613572048e-05, 0.4425811853, 0.40061983341, 0.15502397626],
      [0.047143671858, 0.020816367445, 0.0004155099386, 0.61506559803, 0.31655885273]
    ],
    [
      [0.41524327344, 0.00092531603024, 0.48120391359, 0.10099309499, 0.0016344019557],
      [0, 0.63719185935, 0, 0.23391663443, 0.12889150622],
      [0, 0.076844488025, 0, 0.80397543451, 0.11918007746],
      [0.085396011055, 0.08634222839, 0.81899046697, 0.0058044749349, 0.0034668186529],
      [0.0010299735845, 5.0155698852e-05, 0.040270485096, 0.49374570131, 0.46490368431],
      [0.0013213741499, 1.3930966251e-05, 0.39207499102, 0.42418243763, 0.18240726624],
      [0.032690869871, 0.019669305147, 0.0003386080637, 0.6020246124, 0.34527660451]
    ],
    [
      [0.51808404178, 0.0010006607867, 0.43630840825, 0.04187029823, 0.0027365909519],
      [2.5071727517e-10, 0.70046444097, 1.5565229646e-11, 0.092357839025, 0.20717771974],
      [0.0065187971968, 0.19470298469, 0.058993094814, 0.43502472707, 0.30476039623],
      [0.11809347766, 0.027121732248, 0.84626789043, 0.0024918521861, 0.0060250474809],
      [0.00096600003847, 5.1307313997e-05, 0.032709097164, 0.19597004814, 0.77030354734],
      [0.0015558924987, 1.7889590179e-05, 0.41939552611, 0.21065301845, 0.36837767335],
      [0.03648968811, 0.023537713759, 0.00031917482754, 0.27980233369, 0.65985108962]
    ],
    [
      [0.38875485886, 0.00073893695761, 0.50947420669, 0.099585777974, 0.0014462195251],
      [0, 0.59598293365, 2.3802735118e-11, 0.27032916685, 0.13368789947],
      [0, 0.053103454879, 0.041651163876, 0.80612656016, 0.09911882108],
      [0.096473884253, 0.018533013968, 0.87571502867, 0.0063264030911, 0.002951670019],
      [0.0010134706913, 4.2511619055e-05, 0.045137432712, 0.51684056477, 0.43696602021],
      [0.0012299461084, 1.1169708536e-05, 0.41665211058, 0.42000815549, 0.16209861811],
      [0.032070472566, 0.016606188385, 0.00037793976253, 0.62775175462, 0.32319364467]
    ],
    [
      [0.49212954685, 0.0007229269133, 0.41040444713, 0.095311723103, 0.0014313560023],
      [3.7701716706e-10, 0.59916175269, 1.9650949837e-11, 0.2652625878, 0.13557565911],
      [0.0027278946727, 0.059374668251, 0.030838898522, 0.80340313604, 0.10365540251],
      [0.14412996159, 0.021197285452, 0.8250952066, 0.0061624718523, 0.0034150745085],
      [0.0013340909973, 4.3188724759e-05, 0.037733579072, 0.51323997828, 0.44764916293],
      [0.0017339737137, 1.2153096999e-05, 0.37324148681, 0.44679028627, 0.1782221001],
      [0.041627102149, 0.016638302029, 0.0003115543606, 0.61462846579, 0.32679457567]
    ],
    [
      [0.50681919853, 0.00064900596342, 0.41738332068, 0.074068724979, 0.0010797498416],
      [4.1237948417e-10, 0.64200073857, 2.2627205908e-11, 0.23886154173, 0.11913771927],
      [0.015763807211, 0.067637172826, 0.077038150675, 0.74985654768, 0.089704321612],
      [0.13668796256, 0.018702750017, 0.83738120013, 0.0046981982598, 0.0025298890337],
      [0.0016051958896, 4.9313849373e-05, 0.047886010109, 0.5098050666, 0.44065441355],
      [0.0018975509043, 1.2620512222e-05, 0.43809885968, 0.4030789629, 0.156912006],
      [0.050432075178, 0.01900333629, 0.00039428709576, 0.61087835812, 0.31929194332]
    ],
    [
      [0.5069217141, 0.000902041099, 0.44634769898, 0.044672644948, 0.0011559008732],
      [3.7568395617e-10, 0.76883579062, 2.0824202237e-11, 0.12245879363, 0.10870541536],
      [0.087144616224, 0.18709712636, 0.18008437775, 0.46144312849, 0.084230751177],
      [0.13593639321, 0.024501408997, 0.83434367748, 0.0026667352017, 0.0025517851152],
      [0.0020444697532, 8.1285088669e-05, 0.061534862965, 0.3668077815, 0.5695316007],
      [0.002304039113, 1.9832420039e-05, 0.5305447993, 0.27604096858, 0.19109036059],
      [0.067437783614, 0.033107581385, 0.00053606709833, 0.46504319229, 0.43387537561]
    ],
    [
      [0.42305136519, 0.00062891748281, 0.47868135742, 0.09678108666, 0.00085727324857],
      [3.791828649e-10, 0.59716510438, 2.650541028e-11, 0.30956111707, 0.093273778137],
      [0.0085643900954, 0.039123690453, 0.063041957814, 0.83214387454, 0.057126087102],
      [0.11302875209, 0.016604212797, 0.86288927301, 0.0056359306209, 0.0018418314822],
      [0.0014003532126, 4.5087509396e-05, 0.053089504624, 0.62474975205, 0.32071530261],
      [0.0015211393505, 1.060353647e-05, 0.43687218921, 0.4546626362, 0.10693343171],
      [0.041796408139, 0.016640247064, 0.00042022398199, 0.71663571231, 0.22450740851]
    ],
    [
      [0.42400219038, 0.00061829844218, 0.47705633413, 0.097057148571, 0.0012660284684],
      [3.664246959e-10, 0.56696491325, 2.5520506022e-11, 0.29996645942, 0.13306862694],
      [0.00453531598, 0.035221700271, 0.047646727296, 0.82416592304, 0.088430333415],
      [0.11335029867, 0.01635907389, 0.86190046133, 0.00566423181, 0.0027259343013],
      [0.0012134246131, 3.8404190791e-05, 0.045835806487, 0.54285196664, 0.41006039807],
      [0.0014478345067, 9.9208163483e-06, 0.41434702843, 0.43394350943, 0.15025170682],
      [0.037711387451, 0.014755305677, 0.00037769801591, 0.64826359545, 0.29889201341]
    ],
    [
      [0.40406266669, 0.00085947878093, 0.51189498225, 0.081963646748, 0.0012192255324],
      [2.9213778271e-10, 0.67587133378, 2.3169781631e-11, 0.21514633467, 0.10898233124],
      [0.010034105482, 0.094982873997, 0.089706957423, 0.71817361475, 0.087102448344],
      [0.10043086317, 0.021377757404, 0.87123002663, 0.0044941438101, 0.0024672089895],
      [0.0012567236585, 5.8860171989e-05, 0.054073411215, 0.50624914998, 0.43836185497],
      [0.0014199989969, 1.439890001e-05, 0.46406476519, 0.38306148563, 0.15143935129],
      [0.039667968522, 0.022944747398, 0.00045179676925, 0.61342847921, 0.3235070081]
    ],
    [
      [0.45342789306, 0.0006890407918, 0.46737449566, 0.076911852913, 0.0015967175731],
      [3.7952354465e-10, 0.60924987795, 2.4110583586e-11, 0.22899165354, 0.16175846811],
      [0.014821376846, 0.065386965243, 0.081868980389, 0.71153837381, 0.12638430371],
      [0.12844889406, 0.018386624828, 0.84969722235, 0, 0.0034672587643],
      [0.0013113170831, 4.3011991411e-05, 0.045177229393, 0.43249369805, 0.52097474348],
      [0.0016541518606, 1.1746837372e-05, 0.43136060751, 0.36546683234, 0.20150666145],
      [0.042712105563, 0.017329268612, 0.00039040731426, 0.54162514533, 0.39794307318]
    ],
    [
      [0, 0.0025216134668, 0.82023898644, 0.17460470168, 0.0026346984181],
      [0, 0.7716567532, 1.1244522246e-11, 0.14832124783, 0.080021998958],
      [6.162975822e-33, 0.10166889098, 0.057800121932, 0.75131452403, 0.089216463053],
      [0, 0.24834609479, 0.59684975659, 0.11002056171, 0.044783586905],
      [0, 6.9664455772e-05, 0.033610621891, 0.46177719202, 0.50454252163],
      [2.7755575616e-17, 2.1666921998e-05, 0.37966159358, 0.43687316282, 0.18344357668],
      [0, 0.029079167152, 0.00029775664995, 0.60511200118, 0.36551107502]
    ],
    [
      [0.39474105621, 0.00078999324846, 0.51862424425, 0.084835885801, 0.0010088204831],
      [3.1383202828e-10, 0.66295734965, 2.5417232328e-11, 0.23998147335, 0.09706117666],
      [0.01254143489, 0.077215416955, 0.10437299186, 0.73683759746, 0.069032558834],
      [0.098965427865, 0.01952828946, 0.87485113266, 0.0046257475143, 0.0020294025028],
      [0.0013320898994, 5.7568596883e-05, 0.058508750157, 0.55664637679, 0.38345521456],
      [0.001424728368, 1.3330543869e-05, 0.47376604035, 0.39887283413, 0.12592306661],
      [0.041043898558, 0.021938849239, 0.00047825654643, 0.65932742914, 0.27721156651]
    ],
    [
      [0.3722817615, 0.00065704731567, 0.53904554187, 0.086400355145, 0.0016152941704],
      [3.1147334018e-10, 0.57985806823, 2.7780084684e-11, 0.25685554079, 0.16328639064],
      [0.0040380436771, 0.048175642748, 0.095017518052, 0.73454108846, 0.11822770706],
      [0.091003635433, 0.015821562412, 0.88542031482, 0.0045892292719, 0.0031652580651],
      [0.0010126318763, 3.8544721923e-05, 0.04897759447, 0.45627989792, 0.49369133101],
      [0.0012213883778, 1.0065399919e-05, 0.44706436657, 0.36873567538, 0.18296850427],
      [0.033057649507, 0.015565306988, 0.00042424531773, 0.57264790602, 0.37830489217]
    ],
    [
      [0.36924386626, 0.00047525908749, 0.55069628136, 0.078629128457, 0.00095546483631],
      [4.1340292412e-10, 0.5585740165, 3.7945644637e-11, 0.31238540781, 0.12904057524],
      [0.031243464362, 0.0036520294649, 0.2086902545, 0.69811608434, 0.058298167334],
      [0.089255306688, 0.011305445395, 0.89346294025, 0.0041265318095, 0.0018497758621],
      [0.0013269830942, 3.6792155959e-05, 0.066049781977, 0.54777633397, 0.3848101088],
      [0.0013452033777, 8.0749911811e-06, 0.50657971047, 0.37209103432, 0.11997597684],
      [0.041603066353, 0.0142688683, 0.00054953347009, 0.66025266527, 0.28332586661]
    ],
    [
      [0.40398953967, 0.00055076277191, 0.51441410011, 0.080125996608, 0.00091960083386],
      [4.0590339662e-10, 0.59642000109, 3.2131634416e-11, 0.29013084351, 0.11344915496],
      [0.027937251464, 0.014525920875, 0.16450978036, 0.73358721379, 0.059439833514],
      [0.10139105979, 0.013753288775, 0.87857696299, 0.0044103413917, 0.0018683470528],
      [0.0014347216615, 4.2740663802e-05, 0.061612537058, 0.5612033252, 0.37570667542],
      [0.0014951745269, 9.6433202518e-06, 0.48742624062, 0.39157534396, 0.11949359757],
      [0.044383118603, 0.016339577381, 0.00050491064823, 0.667044182, 0.27172821137]
    ],
    [
      [0.35917347585, 0.00064117765471, 0.55151215004, 0.087633134897, 0.0010400615595],
      [3.1735722273e-10, 0.60863613934, 3.0317700872e-11, 0.27879666155, 0.11256719877],
      [0.011807337225, 0.040823935174, 0.12812267466, 0.75263643455, 0.066609618389],
      [0.085518498748, 0.015184999077, 0.89271589073, 0.0045764284294, 0.0020041830152],
      [0.0011577851311, 4.5149578841e-05, 0.059995649743, 0.5560695033, 0.38273191225],
      [0.001223786064, 1.0332191896e-05, 0.48100582424, 0.39370038357, 0.12405967393],
      [0.036118485117, 0.017405204691, 0.00049587824582, 0.66627911424, 0.2797013177]
    ],
    [
      [0.3567344374, 0.00056437979537, 0.55407131296, 0.087605314687, 0.0010245551532],
      [3.290561148e-10, 0.58304723904, 3.2351135536e-11, 0.29799079154, 0.11896196906],
      [0.011904286099, 0.021111527772, 0.14111921611, 0.75938016106, 0.066484808959],
      [0.083208668852, 0.013322882542, 0.89694686991, 0.0045546191436, 0.0019669595505],
      [0.001121631882, 3.9642404249e-05, 0.059843392326, 0.55651490548, 0.3824804279],
      [0.0011865118201, 9.0790006472e-06, 0.48214957685, 0.39393281722, 0.12272201511],
      [0.035184828484, 0.015343985249, 0.0004960797134, 0.66973743597, 0.27923767059]
    ],
    [
      [0.32496083913, 0.00043247733383, 0.57260041629, 0.099560724153, 0.0024455430954],
      [2.7502572442e-10, 0.42565344003, 3.0891896116e-11, 0.3124092907, 0.26193726896],
      [0.0012040903152, 0.02592430437, 0.033026573237, 0.76383078355, 0.17601424853],
      [0.073887389178, 0.010002571768, 0.90644647829, 0.0050675780578, 0.0045959827072],
      [0.00063216416857, 1.8900136579e-05, 0.038528125713, 0.39329201331, 0.56752879667],
      [0.0008669258355, 5.611403432e-06, 0.40196614096, 0.36095898679, 0.23620233502],
      [0.0216800269, 0.0080010001893, 0.00034904327314, 0.51711301791, 0.45285691173]
    ],
    [
      [0.39908354028, 0.00059070004908, 0.51098645088, 0.088261863374, 0.0010774454238],
      [3.7639752478e-10, 0.5825596545, 2.964412573e-11, 0.29505889522, 0.12238144988],
      [0.01641930692, 0.026776733168, 0.11142875554, 0.77298968898, 0.072385515392],
      [0.10203649496, 0.01485087815, 0.87601144575, 0.0048964238603, 0.0022047572843],
      [0.0012930081513, 4.1187585669e-05, 0.055220274757, 0.55354972922, 0.38989580029],
      [0.0014208472361, 9.7988923264e-06, 0.45894472301, 0.40764670451, 0.13197792635],
      [0.040079359724, 0.015792850582, 0.0004542944241, 0.65964412821, 0.28402936706]
    ],
    [
      [0.42262216919, 0.00090815710096, 0.50122137714, 0.074216905149, 0.0010313914205],
      [3.1039841498e-10, 0.7116635023, 2.2851392788e-11, 0.19578574259, 0.092550754774],
      [0.016793201258, 0.14422247666, 0.11086481282, 0.66153757921, 0.066581930052],
      [0.10732452203, 0.022893997016, 0.86353970374, 0.0041259550108, 0.0021158221987],
      [0.0015066877319, 7.0549799624e-05, 0.060166204179, 0.51963252976, 0.41862402853],
      [0.0016127668296, 1.6349555455e-05, 0.48838856146, 0.37254920535, 0.1374331168],
      [0.046838398472, 0.027104629261, 0.00049567576844, 0.62061261213, 0.30494868437]
    ],
    [
      [0.44793969421, 0.00084921049066, 0.46795797376, 0.081644040872, 0.0016090806636],
      [3.2719894717e-10, 0.64736110549, 2.1016434383e-11, 0.21122528571, 0.14141360845],
      [0.004807310284, 0.11241402357, 0.043627599281, 0.7128865546, 0.12626451227],
      [0.12114091682, 0.022571102084, 0.84801822837, 0.0047887024987, 0.0034810502241],
      [0.0012675845177, 5.1683415127e-05, 0.044148712595, 0.44683148295, 0.50770053652],
      [0.0016023015128, 1.4144357059e-05, 0.42201240617, 0.37854711007, 0.1978240379],
      [0.040846778439, 0.020602338406, 0.00037761977877, 0.55355396155, 0.38461930183]
    ],
    [
      [0.54157074013, 0.00071556057837, 0.37282946619, 0.084066646644, 0.00081758645825],
      [4.7243532977e-10, 0.65379405184, 2.0015766571e-11, 0.26019696335, 0.086008984317],
      [0.023810481613, 0.075582099093, 0.035373905149, 0.80194335935, 0.063290154793],
      [0.17251946384, 0.022430245607, 0.7971499388, 0.0058144452, 0.0020859065559],
      [0.0020249770457, 5.7634116396e-05, 0.046523024376, 0.60914517499, 0.34224918947],
      [0.0023341003677, 1.4382797992e-05, 0.40572246934, 0.47052142209, 0.1214076254],
      [0.059197571189, 0.020840547643, 0.00036092256344, 0.6845728458, 0.23502811281]
    ]
  ],
  "expected_outcome": [
    [
      [49.4671449762, 40.8466903813, 13.1470382478, 44.0044771611, 24.3112193196, 27.1095852246, 41.5403436235, 41.4371082141, 11.6178324033, 18.9193424516, 88.2604436219, 25.8880615588, 16.5854078657, 0.97987397799, 0.96089061137, 31.1902337429, 12.0937624291, 86.4888506197, 38.2941535898, 23.3793018921, 42.3829167534, 47.3396305952, 48.4377674694, 63.1400620022, 1.9963069288, 8.2323483029, 92.902630464, 14.1182712969, 1.0361680836, 7.7750971771, 12.3032386712, 3.0409151912, 10.1384342819, 32.5749551195, 23.3201204711, 7.6771906672, 59.8524818846, 0, 49.7373730829, 59.9373636021, 85.6645769723, 14.9476129679, 10.4160307997, 4.2808132488, 1.2998433565, 126.1103987271, 16.0596424291, 202.9166814783, 124.0196994901],
      [0.072867992916, 0.075800363767, 0.026857931751, 0.085926665124, 0.043922496221, 0.034588102603, 0.063595470028, 0.060003843174, 0.016246015203, 0.030636427908, 0.16340223891, 0.052733507807, 0.018088917096, 0.0028510606746, 0.0012951066248, 0.050431797672, 0.031442034234, 0.18562941126, 0.05145072291, 0.041209956248, 0.083968898173, 0.071793476405, 0.10045473277, 0.10298865102, 0.15212619134, 0.012893955624, 0.15393782597, 0.031460745028, 0.0020013215734, 0.014778739152, 0.018073172833, 0.0038940357805, 0.01804082198, 0.048426646176, 0.03400641432, 0.016330096838, 0.090953384518, 0.010086453867, 0.099539149305, 0.10578461782, 0.1102601083, 0.020378222561, 0.018594151986, 0.0067725575444, 0.0017299093353, 0.18666121551, 0.034509969837, 0.38469235227, 0.16386337245],
      [48.7071103353, 48.0742531274, 17.1241042069, 46.244570042, 21.1083687717, 23.6989176189, 55.1959820028, 40.4805633009, 8.7322338456, 15.6029587482, 108.1172715153, 28.0628291784, 16.316053138, 1.5112420424, 0.94759347518, 43.9894479377, 18.0715491802, 159.5874675124, 51.730804742, 53.6494185265, 65.9806929942, 54.6356751615, 87.4713688748, 87.9849210832, 1.2946206426, 14.4182591404, 92.4360951161, 16.360933062, 0.87261681649, 10.1894841337, 10.2601111783, 2.5042999241, 8.9269539797, 36.8584645213, 26.2380983773, 9.7260046627, 61.6934334267, 3.2809559457, 65.346654776, 86.7863322404, 127.7615372755, 19.0333217042, 15.9938523511, 6.6488557555, 2.2904016652, 161.4717184773, 19.0464123314, 211.984962114, 85.377947757],
      [9.6358527429, 8.8969439112, 2.6473857352, 9.5430162751, 4.4509190563, 5.0730760793, 9.086064982, 7.8840161364, 1.6068809723, 3.3845854579, 18.152315141, 4.9049398398, 3.0464781407, 0.3797644484, 0.088200391392, 6.6800938483, 3.7654876562, 23.4584881833, 8.8411232707, 7.8435983194, 11.3755667591, 9.8002889447, 13.8164382423, 13.6105816992, 0.51854291018, 2.3054462558, 16.2699609931, 3.4337652296, 0.08374059646, 1.9917155595, 2.3827930776, 0.44441234988, 0.89345289895, 7.4521436729, 5.3381431714, 1.5573092882, 10.1523645846, 0.69841880672, 10.6893216109, 13.9104571783, 18.2419578019, 2.9646618745, 2.541360912, 1.0512637762, 0.39824289661, 27.8907488262, 2.8202423957, 36.9847505148, 19.2512620815],
      [0.1170239527, 0.10631221643, 0.054613878295, 0.12200985662, 0.085570356158, 0.083832974611, 0.11401392162, 0.13830850551, 0.026806763531, 0.06247691435, 0.30656748285, 0.091435915148, 0.033971938543, 0.12626847052, 0.0020204154351, 0.089792673335, 0.03775870034, 0.27956427334, 0.082467674635, 0.086471305734, 0.17685459513, 0.15261182221, 0.17397068071, 0.16144656434, 0.038403327084, 0.031052345366, 0.23737560079, 0.055569666494, 0.0054731819038, 0.028924390503, 0.035783900058, 0.0064784990499, 0.023118017464, 0.06601004014, 0.069631565763, 0.023165285116, 0.21076671964, 0.010538793673, 0.12711138088, 0.26006236143, 0.22166784202, 0.034025230853, 0.030161785226, 0.012294661839, 0.0097821723815, 0.34047275391, 0.039192873977, 0.7289135406, 0.18722729894]
    ],
    [
      [8.1921913041e-08, 3.8070701426e-08, 1.0467973763e-08, 0, 0, 3.8285089154e-08, 3.2612516589e-08, 5.4051193722e-08, 2.6444746997e-08, 4.041654719e-08, 1.1889005249e-07, 2.5652323745e-08, 7.589729404e-09, 0, 9.4497028146e-10, 2.333754021e-08, 1.211316975e-08, 3.7196804243e-08, 3.1562384731e-08, 1.2788363457e-08, 3.8140996245e-08, 4.3359456289e-08, 4.2999502875e-08, 7.4296472517e-08, 1.0899435639e-10, 6.8157671174e-09, 1.3626388213e-07, 0, 2.5071727517e-09, 0, 2.3752081525e-08, 7.0104512308e-09, 5.2595753863e-09, 3.0334629192e-08, 3.2978222631e-08, 1.1101235743e-08, 2.9602836483e-08, 0, 2.7617218489e-08, 2.3049027173e-08, 5.7049603528e-08, 1.8671556244e-08, 1.5867861137e-08, 7.2392345257e-09, 1.3751286221e-09, 1.2797515843e-07, 2.5763068444e-08, 2.8106389562e-07, 1.2141587975e-07],
      [126.8067029754, 74.4868074494, 23.0809041434, 380.4166173338, 75.364025163, 51.9125383499, 52.7575002533, 82.5111879167, 40.1199719961, 69.7005678026, 230.4278606453, 55.5593315909, 9.0702608267, 3.1574731595, 2.2468651714, 40.0222701487, 33.7919609242, 83.7310336565, 44.820002983, 23.968992885, 79.4146296014, 69.1962280467, 93.7414461143, 127.1719622416, 0.88618835008, 11.8385755137, 236.3419137146, 48.4265813107, 7.0046444097, 48.8706005596, 37.7471904197, 10.9140125557, 10.7637010686, 47.7732083506, 51.0268421924, 25.6831106835, 47.52149048, 3.0866270128, 58.340246769, 42.9094970491, 77.0832142772, 27.4353200503, 30.4318069669, 12.8270392589, 2.1282672001, 198.0702825286, 59.0680706913, 556.0831896179, 168.0250713218],
      [4.9741009173e-09, 2.7644406915e-09, 8.4809666305e-10, 0, 2.1136325875e-09, 2.0720415939e-09, 2.6728179419e-09, 3.2587133857e-09, 1.243371709e-09, 2.0697311196e-09, 8.9642090276e-09, 1.7208224318e-09, 4.6420832937e-10, 0, 7.2319172691e-11, 2.03291809e-09, 1.1254133317e-09, 4.2229351896e-09, 2.6307083334e-09, 1.8115567253e-09, 3.6591199583e-09, 3.0851989555e-09, 4.7836866457e-09, 6.376219417e-09, 4.1159185022e-12, 7.4685484648e-10, 8.3456888102e-09, 0, 1.5565229646e-10, 1.9518242797e-09, 1.2380098397e-09, 3.8466250044e-10, 2.9153883132e-10, 2.1204328224e-09, 2.296845542e-09, 8.80451702e-10, 1.8806255197e-09, 4.4978088983e-11, 2.2367164449e-09, 2.0557262666e-09, 5.2364989599e-09, 1.4780551831e-09, 1.5158850436e-09, 7.1172498178e-10, 1.5445948058e-10, 1.0079002748e-08, 1.8966656014e-09, 1.8053117135e-08, 5.1440520088e-09],
