{
  "Z_true": {},
  "V_true": [
    [41, 29, 509, 348],
    [430, 206, 14986, 538],
    [266, 3859, 802, 362],
    [1026, 96, 736, 154],
    [84, 232, 643, 648]
  ],
  "p_true": [
    [0.0442, 0.0313, 0.5491, 0.3754],
    [0.0266, 0.0127, 0.9274, 0.0333],
    [0.0503, 0.7296, 0.1516, 0.0684],
    [0.5099, 0.0477, 0.3658, 0.0765],
    [0.0523, 0.1444, 0.4001, 0.4032]
  ],
  "Z_est": [
    [
      [0, 0, 0, 0.1138, 0.102, 0, 0, 0, 0.0285, 0, 0, 0.8464, 2.0231, 0.1717, 2.1871, 1.0104, 1.0686, 0.1733, 0.1628, 0.3279, 1.0445, 0.4305, 0.409, 0.5549, 0.2036, 0.7374, 0.3127, 0.3992, 2.6753, 0.4233, 0.1344, 0.9327, 1.4379, 1.2561, 0.726, 1.941, 1.6872, 1.8136, 0.7682, 0.8858, 0.8714, 0.4279, 0, 11.9864, 1.7791, 3.5568, 1.2906],
      [0, 0, 0, 0.0096, 0.0277, 0, 0.0046, 0, 0.0504, 0, 0, 1.4966, 1.625, 0.1559, 1.2788, 1.2982, 0.8593, 0.0491, 0.0694, 0.1, 0.3684, 0.1705, 0.0621, 0.2958, 0.086, 0.0996, 0.1057, 0.3299, 2.3271, 1.4788, 0.1018, 0.8469, 1.3574, 1.6221, 1.5431, 2.1583, 2.1999, 1.5305, 0.3631, 0.7758, 0.9104, 0.6416, 0, 12.535, 3.7013, 3.8021, 0.6636],
      [0, 0, 0, 0.2829, 0.8957, 0, 0.0503, 0, 0.4543, 0, 0, 11.209, 16.5113, 2.8126, 9.6892, 9.6411, 7.1662, 0.9441, 2.0734, 2.4602, 8.6883, 4.4517, 3.3785, 5.194, 3.225, 3.9787, 3.8456, 3.6572, 25.6968, 6.0842, 2.0284, 8.736, 17.8876, 13.4026, 10.618, 17.1899, 18.9733, 17.558, 6.8448, 8.6396, 5.2502, 5.9451, 0, 103.9779, 23.7726, 38.0263, 10.569],
      [0, 0, 0, 0.5938, 0.9745, 0, 0.9451, 0, 0.4668, 0, 0, 8.448, 16.8407, 0.8598, 7.845, 10.0502, 10.9059, 1.8335, 1.6944, 2.1119, 5.8988, 3.9472, 2.1504, 3.9553, 1.4855, 3.1843, 1.736, 3.6137, 25.3007, 9.0136, 0.7354, 9.4843, 12.3171, 13.7191, 7.1129, 11.7108, 16.1396, 9.098, 5.0239, 5.6988, 6.9681, 4.9853, 0, 87.5007, 27.747, 42.6148, 6.4769]
    ],
    [
      [1.4497, 0, 2.1825, 3.2801, 1.2238, 2.4971, 0, 0.6599, 0.6205, 0, 0.2571, 12.0529, 38.3915, 1.3739, 21.311, 20.9657, 25.81, 1.2386, 13.0359, 14.3213, 35.038, 16.4681, 30.3336, 14.1953, 11.8309, 18.7458, 10.2205, 10.1395, 30.3577, 8.158, 2.0415, 11.391, 12.2836, 21.0349, 9.6868, 17.1266, 20.6626, 29.3269, 13.5032, 6.4772, 13.1228, 3.8107, 0.312, 300.908, 32.7436, 67.1158, 3.777],
      [0, 0.1175, 0.2965, 0.2207, 0, 0.2792, 0.0471, 0.1484, 0, 0, 0.6003, 1.3926, 1.641, 0.0805, 1.2898, 1.3772, 1.6433, 0.0502, 0, 0.0405, 0, 0, 0, 0.2311, 0, 0, 0, 0.2766, 1.5321, 3.7954, 0.1327, 0.5535, 0.8782, 1.4489, 2.2148, 1.285, 1.3657, 1.9929, 1.2641, 0.2116, 1.0506, 0.1931, 0, 17.5366, 4.5336, 4.506, 0.0675],
      [17.8756, 3.9079, 51.3427, 22.3744, 16.1555, 18.1605, 9.8847, 18.8348, 11.9459, 8.8106, 14.9387, 285.9741, 530.2841, 33.5349, 192.32, 333.7913, 297.2916, 10.3154, 294.1966, 183.5804, 496.4403, 286.4272, 446.3879, 219.2286, 386.4979, 195.0224, 218.263, 152.8092, 489.4613, 244.8083, 47.4477, 178.3058, 259.143, 381.3764, 269.3462, 253.9504, 396.3192, 472.5041, 203.4511, 104.2195, 136.1216, 93.4312, 3.688, 4418.3821, 816.5977, 1220.0099, 51.1678],
      [0.6747, 0.9746, 0.1783, 1.1248, 0.6207, 0.0632, 1.0683, 1.3569, 0.4336, 0.1894, 0.204, 6.5803, 16.6834, 0.0107, 5.0793, 10.8657, 12.2552, 0.3957, 7.7675, 5.0578, 10.5217, 8.1047, 9.2785, 5.345, 4.6712, 5.2319, 2.5165, 4.7747, 14.649, 11.2384, 0.3782, 5.7497, 5.6952, 12.1398, 4.7522, 4.638, 10.6526, 5.1761, 4.7816, 2.0918, 5.7051, 2.5651, 0, 115.1733, 29.1252, 40.3683, 0.9876]
    ],
    [
      [0.4317, 0, 0.0178, 0.7763, 0.2702, 0.0631, 0, 0.0157, 0.0468, 0, 0.034, 1.7048, 4.7783, 0.3525, 3.1772, 1.9796, 2.9085, 0.0211, 0.6977, 1.2606, 1.8494, 0.7303, 4.2504, 0.718, 0.2805, 1.6421, 0.6045, 1.2778, 9.1587, 0.6363, 0.659, 5.8126, 6.3589, 5.3163, 2.2101, 5.6899, 3.4995, 5.0002, 5.7296, 2.7447, 3.1473, 1.2436, 0, 40.6083, 2.2312, 8.7871, 0.815],
      [5.8939, 0, 2.8179, 2.7176, 1.9562, 3.7371, 0.9405, 3.5702, 2.7028, 0, 4.9668, 93.7133, 112.0577, 10.4673, 64.2221, 74.5029, 69.3368, 0.8548, 9.2079, 12.0501, 19.6132, 9.0489, 12.468, 12.0614, 3.7426, 5.588, 6.4547, 31.8162, 228.7013, 142.4184, 15.5057, 148.9582, 174.9181, 200.5751, 177.3981, 179.68, 134.2235, 121.9876, 79.1607, 68.3295, 101.2949, 59.6963, 0, 1223.2466, 142.4496, 272.1954, 13.4169],
      [1.1808, 0, 0.1283, 1.1093, 0.4474, 0.1583, 0.0121, 0.1184, 0.1366, 0.35, 0.9397, 11.9958, 19.5428, 2.6204, 8.6702, 9.3492, 9.9305, 0.056, 4.4431, 4.7301, 7.7024, 3.7744, 12.4619, 3.352, 2.2242, 3.6441, 3.7107, 5.7449, 43.6535, 10.0477, 4.6044, 26.4333, 39.4809, 28.6088, 21.5154, 24.7534, 19.8509, 24.097, 25.2764, 12.7352, 9.8028, 9.2885, 0, 176.8203, 15.853, 47.3139, 3.2825],
      [1.4936, 0, 0.0361, 1.3967, 0.3261, 0.0415, 0.0474, 0.2958, 0.1137, 0.65, 2.0595, 6.586, 14.6211, 0.5599, 4.9305, 7.1683, 10.8243, 0.0682, 2.6514, 2.9592, 3.835, 2.4464, 5.8197, 1.8686, 0.7527, 2.1258, 1.2302, 4.1612, 31.4864, 10.8976, 1.2309, 20.7959, 20.2421, 21.4997, 9.8765, 11.8766, 12.4262, 8.9152, 13.8333, 6.1905, 9.755, 5.7716, 0, 109.3249, 13.4661, 38.7036, 1.4856]
    ],
    [
      [0, 0, 0.49, 2.7118, 0.404, 1.8815, 0, 0.3157, 0.2442, 0, 0.6943, 7.026, 25.165, 1.0155, 11.3499, 11.1167, 15.056, 0.5107, 9.3066, 8.4167, 20.3954, 3.8942, 15.1726, 5.5688, 4.4614, 3.9241, 7.4424, 6.7796, 31.8605, 6.6339, 1.0741, 14.4006, 13.3322, 27.2473, 11.1331, 21.9052, 19.5495, 19.4315, 12.6107, 9.0573, 16.3771, 5.0886, 0.688, 233.7875, 17.5269, 36.3952, 4.6386],
      [0, 0.8825, 0.255, 0.0356, 0.016, 0.2064, 0, 0.2157, 0.0677, 0, 0.3444, 2.2553, 3.692, 0.1608, 1.1798, 2.6029, 2.2003, 0.0184, 0.1465, 0.4592, 1.013, 0.279, 0, 0.5358, 0.1714, 0.0938, 0, 1.0075, 5.0738, 4.1654, 0.1419, 2.3806, 2.2963, 6.4311, 4.3082, 4.4521, 4.6527, 3.0001, 1.0941, 1.4345, 3.101, 1.37, 0, 44.8977, 6.6321, 7.1292, 0.4257],
      [0, 0.0921, 1.1687, 0.9531, 0.5013, 0.8457, 0, 0.9012, 0.5944, 0.7275, 2.7049, 15.4329, 34.2554, 2.6716, 8.1699, 17.6632, 16.7658, 0.3686, 18.5868, 10.399, 27.873, 6.6745, 20.2925, 8.6185, 11.3441, 3.4496, 14.3013, 10.2536, 51.1345, 15.6506, 2.6055, 22.4441, 27.6188, 48.5221, 27.0148, 32.333, 36.6501, 31.3867, 18.6109, 14.6224, 16.285, 11.6386, 0.312, 339.667, 38.8829, 65.0688, 6.1993],
      [0, 0.0254, 0.0862, 0.2995, 0.0787, 0.0663, 0, 0.5674, 0.0936, 0.2725, 2.2563, 2.2859, 6.8876, 0.1521, 1.3003, 3.6172, 4.9779, 0.1023, 2.9601, 1.7251, 3.7186, 1.1523, 2.5349, 1.277, 1.0231, 0.5325, 1.2564, 1.9592, 9.9312, 4.5502, 0.1785, 4.7746, 3.7527, 9.7996, 3.5439, 4.3097, 6.1478, 3.1817, 2.6843, 1.8859, 4.2369, 1.9028, 0, 56.6478, 8.9581, 14.4067, 0.7363]
    ],
    [
      [0.1187, 0, 0.3097, 0.118, 0, 0.5583, 0, 0.0088, 0.0601, 0, 0.0147, 1.3699, 3.6422, 0.0864, 3.9748, 1.9276, 2.157, 0.0563, 0.797, 0.6736, 1.6727, 1.477, 1.8344, 0.9631, 2.2236, 0.9505, 1.4199, 0.4038, 2.9477, 1.1486, 0.091, 1.4631, 1.5874, 3.1454, 1.244, 2.3373, 1.6013, 2.4279, 1.3883, 0.835, 1.4814, 0.4292, 0, 25.7098, 2.7191, 5.1451, 0.4788],
      [0.1061, 0, 1.6306, 0.0164, 0, 0.7773, 0.0078, 0.0657, 0.1791, 0, 0.0885, 4.1422, 4.9843, 0.1356, 4.0295, 4.2187, 2.9603, 0.0275, 0.5763, 0.3501, 1.0054, 0.5015, 0.4699, 0.8759, 0, 0.2187, 0.4396, 0.5699, 4.3657, 7.142, 0.118, 2.2607, 2.5501, 6.9229, 4.5359, 4.4245, 3.5582, 3.4889, 1.1181, 1.2486, 2.6432, 1.099, 0, 45.7841, 9.6834, 9.3672, 0.4263],
      [0.9436, 0, 4.3603, 0.2803, 0, 1.8354, 0.0529, 0.1455, 0.8687, 0.1119, 0.4167, 17.3882, 28.4064, 1.3605, 17.1508, 17.5551, 13.8459, 0.3159, 9.7002, 4.8303, 13.2959, 11.6722, 14.4793, 8.6069, 19.7088, 4.9053, 13.8795, 3.5351, 27.0539, 16.4092, 1.314, 13.0808, 18.8697, 32.09, 17.5056, 19.7733, 17.2065, 22.4542, 11.8168, 7.7833, 8.5405, 5.6966, 0, 213.1528, 34.8939, 52.5811, 3.7814],
      [1.8317, 0, 1.6993, 0.5853, 0, 0.8289, 0.9393, 0.78, 0.8921, 0.8881, 2.4802, 13.0997, 28.9671, 0.4175, 13.8449, 18.2985, 21.0368, 0.6003, 7.9266, 4.1459, 9.026, 10.3493, 9.2164, 6.5541, 9.0676, 3.9255, 6.261, 3.4912, 26.6327, 24.3002, 0.477, 14.1955, 12.9929, 32.8418, 11.7145, 13.4649, 14.6339, 11.629, 8.6768, 5.1331, 11.3349, 4.7752, 0, 179.3533, 40.7036, 58.9066, 2.3136]
    ]
  ],
  "V_est": [
    [46.9008, 47.1015, 441.8097, 391.1881],
    [911.4827, 54.2947, 14796.3273, 397.8953],
    [139.5373, 4060.6647, 661.9513, 426.8467],
    [666.081, 120.8255, 1042.2565, 182.837],
    [82.9983, 139.1136, 733.6552, 651.2329]
  ],
  "p_est": [
    [0.0506, 0.0508, 0.4766, 0.422],
    [0.0564, 0.0034, 0.9156, 0.0246],
    [0.0264, 0.7678, 0.1252, 0.0807],
    [0.3311, 0.0601, 0.518, 0.0909],
    [0.0516, 0.0866, 0.4565, 0.4052]
  ],
  "EI_Z": {},
  "EI_V": 4.8817,
  "MAE_Z": {},
  "MAE_V": 126.8992,
  "MAE_p": 0.039,
  "runtime": 0.016
}
