{
  "X": [
    [6, 5, 21, 32, 2],
    [2, 14, 11, 26, 0],
    [8, 10, 51, 98, 3],
    [22, 16, 57, 74, 4],
    [6, 10, 12, 27, 3],
    [12, 42, 48, 74, 1],
    [12, 13, 46, 95, 6],
    [27, 35, 104, 131, 4],
    [37, 28, 155, 152, 12],
    [13, 19, 32, 67, 2],
    [13, 16, 65, 79, 2],
    [9, 10, 30, 51, 1],
    [4, 10, 30, 55, 5],
    [10, 10, 68, 88, 3],
    [13, 12, 24, 39, 3],
    [7, 19, 13, 36, 1],
    [19, 26, 83, 111, 4],
    [6, 5, 10, 23, 1],
    [0, 4, 1, 7, 1],
    [4, 7, 15, 42, 5],
    [2, 1, 5, 12, 2],
    [5, 3, 9, 27, 4],
    [22, 52, 77, 100, 9],
    [15, 28, 29, 32, 2],
    [12, 9, 27, 66, 0],
    [5, 16, 27, 28, 0],
    [16, 25, 37, 65, 3],
    [13, 22, 26, 61, 7],
    [19, 25, 47, 115, 6],
    [11, 1, 7, 11, 4],
    [2, 3, 6, 7, 0],
    [1, 10, 18, 36, 1],
    [2, 10, 4, 3, 2],
    [4, 0, 0, 3, 0],
    [0, 4, 0, 3, 0],
    [6, 6, 2, 13, 0],
    [3, 8, 3, 13, 1],
    [2, 3, 1, 5, 0],
    [7, 17, 27, 50, 3],
    [4, 2, 5, 12, 2],
    [7, 9, 10, 24, 0],
    [11, 17, 21, 38, 3],
    [6, 19, 13, 62, 5],
    [5, 12, 23, 37, 3],
    [10, 12, 14, 39, 1],
    [3, 8, 6, 29, 3],
    [9, 7, 2, 10, 4],
    [5, 10, 4, 24, 2],
    [2, 1, 1, 5, 1],
    [2, 1, 0, 6, 0],
    [1, 0, 2, 6, 0],
    [2, 2, 0, 2, 1],
    [4, 6, 14, 28, 2],
    [3, 7, 9, 24, 0],
    [5, 12, 2, 30, 1],
    [2, 13, 8, 14, 4],
    [1, 1, 2, 5, 0],
    [0, 1, 2, 7, 1],
    [4, 24, 18, 47, 2],
    [16, 18, 47, 80, 8],
    [6, 13, 23, 59, 6],
    [4, 6, 6, 13, 1],
    [8, 17, 35, 82, 3],
    [3, 3, 6, 7, 0],
    [1, 2, 1, 7, 0],
    [1, 8, 8, 16, 1],
    [3, 3, 8, 26, 0],
    [6, 12, 5, 29, 0],
    [9, 7, 15, 22, 1],
    [5, 4, 0, 7, 4],
    [7, 18, 14, 34, 3],
    [1, 2, 7, 15, 1],
    [2, 6, 14, 27, 1],
    [5, 9, 8, 15, 2],
    [11, 22, 31, 58, 0],
    [0, 3, 2, 3, 1],
    [3, 11, 13, 38, 0],
    [0, 3, 0, 2, 1],
    [1, 4, 2, 5, 0],
    [0, 5, 1, 5, 1],
    [7, 2, 7, 26, 5],
    [9, 20, 14, 30, 6],
    [6, 16, 22, 43, 4],
    [4, 13, 8, 26, 4],
    [8, 2, 4, 19, 1],
    [5, 7, 5, 24, 2],
    [4, 7, 8, 12, 2],
    [3, 9, 12, 32, 6],
    [0, 3, 0, 4, 0],
    [1, 2, 0, 8, 0],
    [26, 27, 34, 105, 5],
    [30, 60, 53, 158, 21],
    [1, 4, 2, 11, 2],
    [5, 4, 3, 9, 1],
    [3, 5, 4, 22, 2],
    [1, 2, 3, 3, 2],
    [2, 6, 0, 7, 0],
    [3, 4, 3, 7, 0],
    [9, 7, 14, 20, 1],
    [5, 5, 13, 24, 4],
    [2, 8, 13, 17, 0],
    [4, 9, 32, 38, 4],
    [1, 5, 2, 3, 1],
    [2, 8, 10, 24, 1],
    [2, 5, 8, 6, 1],
    [4, 7, 4, 8, 1],
    [16, 16, 29, 51, 1],
    [2, 12, 11, 29, 1],
    [4, 12, 2, 14, 4],
    [4, 7, 5, 15, 1],
    [8, 6, 15, 35, 1],
    [1, 3, 1, 7, 0],
    [9, 1, 10, 8, 0],
    [3, 9, 5, 22, 5],
    [4, 7, 2, 10, 0],
    [7, 14, 10, 24, 2],
    [1, 4, 7, 22, 0],
    [0, 4, 2, 5, 1],
    [3, 6, 9, 6, 0],
    [7, 27, 11, 44, 10],
    [5, 6, 1, 13, 0],
    [4, 4, 6, 22, 1],
    [4, 5, 4, 6, 3],
    [17, 17, 30, 59, 4],
    [7, 21, 34, 39, 2],
    [23, 23, 59, 79, 9],
    [11, 11, 16, 34, 3],
    [9, 27, 10, 48, 4],
    [2, 2, 0, 3, 0],
    [18, 50, 76, 148, 8],
    [11, 25, 45, 56, 3],
    [17, 29, 59, 58, 6],
    [22, 38, 63, 128, 4],
    [12, 19, 23, 38, 6],
    [12, 15, 4, 34, 5],
    [5, 14, 9, 27, 2],
    [3, 4, 7, 4, 1],
    [10, 10, 6, 25, 1],
    [0, 3, 2, 4, 0],
    [2, 5, 9, 13, 2],
    [0, 5, 1, 1, 0],
    [0, 6, 3, 4, 1],
    [7, 10, 20, 33, 1],
    [4, 13, 16, 40, 3],
    [25, 35, 26, 78, 2],
    [8, 18, 20, 47, 3],
    [1, 0, 0, 5, 0],
    [7, 15, 27, 29, 2],
    [20, 23, 41, 97, 12],
    [8, 19, 26, 30, 6],
    [5, 8, 12, 29, 3],
    [7, 14, 14, 25, 3],
    [0, 1, 4, 5, 1],
    [4, 6, 5, 13, 2],
    [6, 8, 9, 15, 1],
    [6, 9, 11, 29, 2],
    [1, 5, 0, 6, 1],
    [0, 9, 2, 14, 0],
    [7, 16, 25, 61, 2],
    [12, 25, 46, 74, 8],
    [6, 4, 2, 7, 0],
    [2, 2, 0, 1, 1],
    [2, 0, 9, 4, 5],
    [1, 0, 2, 5, 1],
    [11, 9, 8, 14, 0],
    [1, 18, 6, 10, 2],
    [6, 10, 5, 12, 2],
    [5, 13, 1, 11, 0],
    [2, 3, 2, 6, 0],
    [11, 1, 6, 26, 3],
    [6, 5, 3, 7, 2],
    [17, 14, 12, 44, 5],
    [20, 9, 6, 31, 5],
    [4, 4, 1, 9, 1],
    [5, 14, 0, 11, 2],
    [7, 12, 6, 27, 3],
    [0, 9, 0, 1, 1],
    [6, 21, 2, 19, 0],
    [3, 5, 0, 3, 1],
    [10, 21, 1, 24, 3],
    [2, 6, 4, 8, 0],
    [5, 19, 4, 16, 2],
    [2, 8, 1, 4, 1],
    [0, 6, 0, 1, 0],
    [0, 7, 0, 7, 1],
    [12, 45, 5, 48, 1],
    [5, 42, 16, 47, 1],
    [4, 16, 9, 15, 4],
    [2, 20, 0, 12, 0],
    [13, 39, 7, 27, 3],
    [2, 7, 4, 8, 2],
    [4, 1, 0, 10, 1],
    [0, 1, 2, 2, 1],
    [1, 5, 2, 8, 1],
    [2, 9, 2, 17, 3],
    [4, 21, 0, 3, 0],
    [1, 3, 2, 3, 1],
    [22, 16, 3, 16, 3],
    [10, 8, 5, 21, 3],
    [6, 14, 7, 16, 1],
    [4, 6, 6, 38, 4],
    [5, 9, 10, 29, 1],
    [8, 8, 9, 24, 3],
    [10, 11, 7, 25, 3],
    [6, 16, 5, 46, 3],
    [13, 36, 11, 46, 11],
    [467, 959, 1370, 2501, 221],
    [96, 157, 312, 383, 24],
    [172, 309, 367, 636, 46],
    [18, 28, 40, 57, 14]
  ],
  "W": [
    [5, 6, 35, 3, 3, 12, 2],
    [7, 1, 23, 6, 6, 9, 1],
    [21, 17, 87, 12, 1, 26, 6],
    [28, 15, 90, 14, 6, 16, 4],
    [4, 6, 31, 5, 4, 6, 2],
    [38, 17, 48, 22, 13, 29, 10],
    [26, 10, 64, 16, 7, 43, 6],
    [37, 21, 137, 29, 14, 49, 14],
    [36, 46, 221, 28, 7, 41, 5],
    [16, 11, 61, 14, 7, 24, 0],
    [20, 14, 93, 7, 10, 24, 7],
    [12, 14, 40, 14, 5, 14, 2],
    [2, 4, 62, 7, 7, 21, 1],
    [12, 24, 109, 14, 1, 17, 2],
    [14, 15, 39, 7, 3, 13, 0],
    [8, 4, 38, 19, 2, 5, 0],
    [46, 31, 104, 36, 5, 16, 5],
    [3, 8, 15, 2, 5, 12, 0],
    [0, 0, 6, 0, 5, 1, 1],
    [7, 3, 42, 5, 1, 14, 1],
    [0, 0, 11, 2, 5, 3, 1],
    [6, 2, 22, 2, 4, 11, 1],
    [29, 31, 90, 46, 11, 41, 12],
    [14, 11, 36, 25, 6, 10, 4],
    [11, 11, 56, 11, 4, 20, 1],
    [7, 6, 27, 17, 4, 14, 1],
    [21, 14, 56, 19, 4, 26, 6],
    [12, 4, 61, 19, 7, 19, 7],
    [14, 14, 114, 20, 10, 33, 7],
    [9, 2, 13, 1, 4, 4, 1],
    [4, 2, 5, 6, 0, 0, 1],
    [2, 6, 36, 15, 0, 7, 0],
    [2, 1, 8, 3, 4, 2, 1],
    [0, 0, 6, 0, 1, 0, 0],
    [1, 0, 2, 4, 0, 0, 0],
    [2, 0, 12, 2, 7, 4, 0],
    [6, 1, 9, 5, 3, 3, 1],
    [4, 1, 2, 1, 0, 3, 0],
    [7, 10, 61, 10, 5, 8, 3],
    [1, 3, 13, 2, 0, 5, 1],
    [3, 2, 27, 3, 2, 11, 2],
    [14, 7, 38, 8, 7, 14, 2],
    [6, 4, 46, 15, 7, 22, 5],
    [12, 7, 31, 9, 7, 11, 3],
    [10, 3, 29, 13, 8, 10, 3],
    [1, 4, 25, 3, 3, 10, 3],
    [5, 0, 8, 7, 7, 5, 0],
    [5, 1, 22, 5, 6, 3, 3],
    [3, 1, 3, 1, 0, 2, 0],
    [5, 1, 1, 0, 1, 0, 1],
    [1, 1, 5, 1, 0, 1, 0],
    [0, 0, 3, 1, 2, 1, 0],
    [4, 7, 25, 8, 4, 4, 2],
    [1, 4, 20, 3, 6, 6, 3],
    [6, 1, 22, 5, 5, 6, 5],
    [3, 3, 20, 4, 4, 6, 1],
    [2, 1, 4, 1, 1, 0, 0],
    [0, 0, 7, 2, 1, 0, 1],
    [5, 8, 49, 17, 3, 12, 1],
    [9, 21, 100, 14, 5, 11, 9],
    [6, 7, 71, 13, 1, 5, 4],
    [4, 2, 9, 6, 4, 5, 0],
    [8, 19, 89, 13, 3, 9, 4],
    [3, 4, 6, 2, 2, 2, 0],
    [2, 0, 4, 4, 1, 0, 0],
    [1, 5, 16, 6, 1, 4, 1],
    [4, 0, 20, 7, 0, 9, 0],
    [5, 1, 26, 4, 4, 8, 4],
    [7, 4, 27, 6, 3, 5, 2],
    [3, 0, 8, 2, 2, 2, 3],
    [9, 6, 25, 17, 4, 12, 3],
    [3, 5, 11, 1, 0, 6, 0],
    [6, 4, 31, 4, 1, 3, 1],
    [5, 0, 21, 6, 3, 3, 1],
    [13, 14, 62, 19, 2, 10, 2],
    [0, 0, 2, 5, 1, 1, 0],
    [7, 1, 41, 5, 2, 7, 2],
    [1, 0, 0, 0, 3, 1, 1],
    [0, 1, 6, 0, 2, 2, 1],
    [0, 1, 5, 0, 4, 1, 1],
    [5, 2, 29, 2, 3, 2, 4],
    [9, 2, 42, 12, 5, 6, 3],
    [10, 6, 48, 4, 10, 5, 8],
    [6, 10, 15, 9, 7, 6, 2],
    [3, 4, 18, 3, 0, 5, 1],
    [4, 2, 22, 6, 5, 1, 3],
    [6, 2, 10, 5, 4, 6, 0],
    [4, 8, 32, 1, 4, 11, 2],
    [0, 1, 2, 0, 0, 3, 1],
    [1, 0, 4, 3, 0, 3, 0],
    [25, 13, 114, 22, 3, 12, 8],
    [17, 23, 176, 49, 12, 27, 18],
    [2, 0, 9, 4, 2, 3, 0],
    [2, 4, 5, 1, 6, 4, 0],
    [4, 2, 15, 2, 3, 8, 2],
    [0, 0, 4, 1, 1, 3, 2],
    [0, 0, 6, 3, 3, 1, 2],
    [1, 0, 6, 1, 3, 4, 2],
    [4, 5, 22, 6, 3, 9, 2],
    [1, 2, 35, 4, 1, 5, 3],
    [7, 6, 19, 1, 3, 3, 1],
    [6, 11, 53, 3, 5, 7, 2],
    [1, 1, 4, 2, 1, 3, 0],
    [4, 4, 22, 3, 5, 6, 1],
    [1, 3, 7, 2, 6, 2, 1],
    [6, 0, 6, 5, 2, 5, 0],
    [9, 11, 49, 14, 10, 17, 3],
    [4, 7, 24, 11, 2, 7, 0],
    [3, 0, 11, 6, 6, 9, 1],
    [1, 3, 13, 5, 5, 5, 0],
    [5, 1, 37, 5, 4, 8, 5],
    [0, 0, 6, 4, 0, 2, 0],
    [7, 2, 12, 1, 1, 4, 1],
    [4, 3, 16, 3, 5, 12, 1],
    [1, 1, 9, 4, 1, 7, 0],
    [5, 8, 25, 5, 2, 11, 1],
    [2, 2, 21, 4, 1, 2, 2],
    [1, 0, 5, 1, 2, 1, 2],
    [2, 2, 8, 4, 3, 3, 2],
    [10, 1, 42, 14, 16, 12, 4],
    [3, 0, 9, 1, 6, 4, 2],
    [3, 4, 15, 4, 4, 4, 3],
    [4, 0, 10, 2, 2, 2, 2],
    [19, 8, 69, 13, 6, 9, 3],
    [8, 12, 45, 17, 2, 12, 7],
    [15, 25, 114, 22, 3, 8, 6],
    [4, 9, 41, 7, 5, 6, 3],
    [7, 7, 37, 21, 13, 10, 3],
    [2, 0, 4, 1, 0, 0, 0],
    [24, 39, 161, 43, 4, 25, 4],
    [17, 12, 73, 18, 3, 13, 4],
    [9, 29, 89, 21, 4, 12, 5],
    [16, 22, 148, 32, 2, 22, 13],
    [6, 13, 39, 16, 10, 11, 3],
    [15, 4, 24, 11, 6, 9, 1],
    [8, 5, 25, 8, 3, 6, 2],
    [0, 6, 7, 4, 0, 1, 1],
    [17, 2, 10, 9, 6, 5, 3],
    [0, 2, 4, 1, 1, 1, 0],
    [4, 7, 10, 0, 6, 3, 1],
    [1, 0, 1, 3, 1, 1, 0],
    [0, 1, 4, 2, 4, 2, 1],
    [5, 15, 28, 3, 4, 13, 3],
    [4, 5, 40, 9, 3, 13, 2],
    [26, 15, 83, 19, 5, 15, 3],
    [5, 11, 38, 20, 6, 15, 1],
    [1, 0, 3, 0, 2, 0, 0],
    [8, 8, 40, 6, 6, 8, 4],
    [19, 18, 101, 19, 6, 21, 9],
    [7, 7, 36, 14, 7, 16, 2],
    [7, 3, 26, 8, 2, 5, 6],
    [8, 9, 24, 13, 0, 6, 3],
    [0, 4, 4, 0, 1, 2, 0],
    [5, 0, 12, 5, 0, 6, 2],
    [4, 3, 16, 3, 5, 6, 2],
    [7, 6, 29, 7, 0, 7, 1],
    [2, 0, 7, 1, 1, 2, 0],
    [1, 0, 6, 9, 2, 5, 2],
    [14, 11, 65, 7, 3, 9, 2],
    [9, 16, 93, 18, 8, 13, 8],
    [4, 1, 11, 2, 0, 1, 0],
    [2, 1, 0, 1, 0, 2, 0],
    [3, 3, 5, 0, 9, 0, 0],
    [2, 0, 5, 0, 1, 1, 0],
    [11, 6, 13, 8, 1, 2, 1],
    [5, 4, 10, 8, 2, 8, 0],
    [5, 1, 12, 3, 6, 8, 0],
    [1, 1, 18, 4, 1, 4, 1],
    [1, 0, 7, 3, 2, 0, 0],
    [2, 2, 25, 4, 3, 9, 2],
    [4, 1, 10, 3, 2, 2, 1],
    [10, 4, 58, 5, 4, 7, 4],
    [9, 2, 36, 4, 6, 10, 4],
    [5, 1, 4, 1, 4, 4, 0],
    [3, 1, 7, 8, 4, 6, 3],
    [7, 3, 26, 7, 3, 8, 1],
    [1, 0, 1, 4, 2, 0, 3],
    [9, 0, 21, 5, 6, 3, 4],
    [3, 0, 4, 0, 3, 0, 2],
    [6, 1, 21, 7, 12, 10, 2],
    [1, 2, 7, 5, 0, 4, 1],
    [6, 0, 22, 7, 4, 7, 0],
    [2, 1, 8, 3, 2, 0, 0],
    [1, 0, 1, 3, 0, 2, 0],
    [2, 0, 7, 3, 0, 1, 2],
    [7, 6, 48, 22, 10, 16, 2],
    [7, 9, 54, 21, 2, 9, 9],
    [5, 4, 19, 0, 7, 12, 1],
    [4, 0, 12, 10, 4, 3, 1],
    [10, 8, 30, 15, 10, 13, 3],
    [2, 5, 9, 1, 0, 6, 0],
    [3, 0, 10, 1, 0, 2, 0],
    [0, 1, 2, 1, 1, 0, 1],
    [1, 1, 10, 2, 3, 0, 0],
    [3, 1, 16, 4, 3, 6, 0],
    [2, 0, 3, 14, 4, 4, 1],
    [0, 1, 0, 0, 2, 6, 1],
    [15, 2, 18, 14, 4, 6, 1],
    [6, 3, 16, 5, 3, 9, 5],
    [5, 1, 19, 8, 4, 6, 1],
    [4, 0, 34, 1, 4, 11, 4],
    [8, 5, 22, 3, 7, 8, 1],
    [7, 2, 28, 5, 4, 5, 1],
    [13, 2, 20, 8, 5, 8, 0],
    [3, 4, 42, 7, 4, 14, 2],
    [14, 5, 34, 8, 25, 19, 12],
    [505, 634, 2653, 703, 236, 571, 216],
    [108, 157, 453, 114, 34, 56, 50],
    [176, 148, 708, 199, 78, 150, 71],
    [23, 35, 62, 16, 10, 8, 3]
  ],
  "method": "mult",
  "cond_prob": [
    [
      [0.4086058822, 0.056164002036, 0.24626912588, 0.28806907115, 0.00089191872759],
      [0.0096510837237, 0.01537610503, 0.88252326288, 0.071955039392, 0.02049450897],
      [0.063486338969, 0.003253784954, 0.34192399481, 0.5715821847, 0.019753696569],
      [0.041298983418, 0.56306073019, 0.12731085525, 0.26676474738, 0.0015646837685],
      [0.22480665861, 0.42786606755, 0.0045203267059, 0.13067466686, 0.21213228028],
      [0.06084677977, 0.082299116656, 0.15371025742, 0.67796727859, 0.025176567566],
      [0.074281969716, 0.27633554658, 0.13307917004, 0.39731117881, 0.11899213485]
    ],
    [
      [0.16065827907, 0.16334984515, 0.27817045555, 0.39782142022, 0],
      [0.0031441185105, 0.043904996927, 0.86981552365, 0.083135360909, 0],
      [0.013819714938, 0.058363608572, 0.28620534677, 0.64161132972, 0],
      [0.006010606166, 0.74422273992, 0.069713841923, 0.18005281199, 0],
      [0.060529342004, 0.81174202073, 0.0014577731573, 0.12627086411, 0],
      [0.015044366551, 0.18052793207, 0.1190875572, 0.68534014418, 0],
      [0.019755496413, 0.50974313731, 0.10145060653, 0.36905075975, 0]
    ],
    [
      [0.22668045556, 0.052669625432, 0.27675193045, 0.44264787972, 0.0012501088458],
      [0.0038635950921, 0.012363461446, 0.86474945857, 0.10158354962, 0.017439935273],
      [0.017896132087, 0, 0.28596508437, 0.67972637481, 0.016412408731],
      [0.02083366744, 0.47714445105, 0.13007833199, 0.37040301663, 0.0015405328958],
      [0.13880804039, 0.43941293948, 0.0021612664541, 0.21563416192, 0.20398359175],
      [0.038852750893, 0.044645292217, 0.12608948025, 0.7721926355, 0.018219841139],
      [0.036347042048, 0.22630584527, 0.12784643126, 0.51730011495, 0.092200566473]
    ],
    [
      [0.41800761372, 0.058270181058, 0.25411843482, 0.26899523246, 0.00060853793371],
      [0.01129982117, 0.017693107615, 0.88352856018, 0.068550602538, 0.018927908503],
      [0.074250876532, 0.0049593776515, 0.35320746747, 0.54782708754, 0.019755190808],
      [0.04356331367, 0.58118847045, 0.12879985535, 0.24511713272, 0.0013312278135],
      [0.23554518597, 0.45607000024, 0.0038181489607, 0.12238278108, 0.18218388375],
      [0.068753205949, 0.09833565014, 0.15464159675, 0.65405215529, 0.024217391867],
      [0.080125451992, 0.3025663344, 0.13567773329, 0.37616638636, 0.10546409396]
    ],
    [
      [0.45862257959, 0.10585445676, 0.14551493151, 0.2875137043, 0.0024943278394],
      [0.017518089569, 0.05133997519, 0.77958424915, 0.10457305336, 0.046984632734],
      [0.085935016056, 0.060629017293, 0.18913305894, 0.62303834153, 0.041264566181],
      [0.034058124061, 0.71815014045, 0.052626673986, 0.19274931007, 0.0024157514323],
      [0.17111061401, 0.51804401783, 0, 0.089261835714, 0.22158353245],
      [0.067738722375, 0.15517250457, 0.08093399825, 0.65685547469, 0.03929930011],
      [0.067625117958, 0.39754049237, 0.064286296294, 0.32319576688, 0.1473523265]
    ],
    [
      [0.22091391235, 0.13124941601, 0.28581128387, 0.36202538776, 0],
      [0.001723014543, 0.037967892004, 0.87441584339, 0.081964402374, 0.0039288476902],
      [0.023439156393, 0.044866949186, 0.31333192847, 0.61463955403, 0.00372241192],
      [0.0092907140404, 0.70474677708, 0.090372496122, 0.19559001275, 0],
      [0.098990115923, 0.7312445045, 0.0064848028602, 0.12906488856, 0.034215688154],
      [0.02255429641, 0.15883244318, 0.13838283953, 0.67601508706, 0.0042153338192],
      [0.030555876474, 0.45967059599, 0.11485696104, 0.37616804746, 0.018748519035]
    ],
    [
      [0.27088128091, 0.038730973875, 0.28978309513, 0.40048542983, 0.0001192202507],
      [0.0050099007828, 0.0097049080075, 0.86926629155, 0.089524378064, 0.026494521595],
      [0.016128470016, 0, 0.31344304985, 0.64709770108, 0.023330779051],
      [0.0268273568, 0.45400678218, 0.15031579311, 0.3672963145, 0.0015537534066],
      [0.15513151012, 0.35614578733, 0.0048075040667, 0.18192905693, 0.30198614156],
      [0.048680316408, 0.021756342102, 0.15039054568, 0.75110724945, 0.028065546363],
      [0.044392287061, 0.20054897711, 0.13452045634, 0.47167100295, 0.14886727654]
    ],
    [
      [0.34055708079, 0.061982902539, 0.31404932044, 0.28341069623, 0],
      [0.0069083281962, 0.014354827053, 0.91009388204, 0.060585695878, 0.0080572668344],
      [0.043722709555, 0, 0.41577844459, 0.53260212874, 0.0078967171098],
      [0.0319657162, 0.57702759921, 0.15206036692, 0.23871417883, 0.00023213884754],
      [0.21106053849, 0.53812696387, 0.0074055625831, 0.14081455372, 0.10259238133],
      [0.07099353418, 0.074012702689, 0.1924736272, 0.6512679297, 0.011252206239],
      [0.064554673278, 0.32221292393, 0.16870860444, 0.39062639253, 0.053897405823]
    ],
    [
      [0.41256812716, 0.058219539169, 0.28352207371, 0.24398797077, 0.0017022891896],
      [0.0094430940443, 0.013911775712, 0.89890137996, 0.052844455685, 0.024899294603],
      [0.070569860906, 0.0053878155256, 0.41114226421, 0.48245947511, 0.030440584244],
      [0.045065152151, 0.56660970955, 0.15291852632, 0.23301747391, 0.0023891380654],
      [0.22614349411, 0.41190711774, 0.0033370612523, 0.10804743781, 0.25056488909],
      [0.070200016523, 0.095688008503, 0.18339882905, 0.61417858695, 0.036534558973],
      [0.078839287925, 0.28036352715, 0.15137426426, 0.33998013822, 0.14944278244]
    ],
    [
      [0.37996977486, 0.086960178109, 0.20183534202, 0.3307087964, 0.00052590860884],
      [0.011470501833, 0.032163102152, 0.84226584659, 0.099722075398, 0.014378474026],
      [0.0613260127, 0.022993006969, 0.25700042412, 0.64637052713, 0.012310029075],
      [0.030858916013, 0.64517574233, 0.082858443819, 0.24052701249, 0.0005798853486],
      [0.19066067041, 0.56607342308, 0.0021836827924, 0.13420015694, 0.10688206677],
      [0.053615491261, 0.11905396864, 0.11055751461, 0.70318062499, 0.013592400505],
      [0.064222345452, 0.37289021672, 0.097342634808, 0.40436105231, 0.061183750712]
    ],
    [
      [0.30037731662, 0.069568601207, 0.32765182064, 0.30240226153, 0],
      [0.0050342944025, 0.015237276647, 0.91257281148, 0.060840237554, 0.0063153799194],
      [0.035656210524, 0, 0.41826861798, 0.5404679493, 0.0056072221996],
      [0.026673579596, 0.58988755131, 0.14345557261, 0.23955582286, 0.00042747362],
      [0.18336250463, 0.57391899048, 0.007857427217, 0.14852249525, 0.086338582423],
      [0.050274238677, 0.091557139859, 0.18771021344, 0.66141570452, 0.0090427035106],
      [0.054146305067, 0.33279028318, 0.1691649074, 0.40008279111, 0.043815713248]
    ],
    [
      [0.36334925378, 0.040700641286, 0.22549361799, 0.37045648694, 0],
      [0.011549767272, 0, 0.87013772549, 0.11034513515, 0.0079673720914],
      [0.024489644827, 0, 0.28423154265, 0.6857592678, 0.0055195447253],
      [0.10500732946, 0.42275832345, 0.12403691319, 0.3481974339, 0],
      [0.24359825421, 0.45687628662, 0.0057916848815, 0.20040658583, 0.093327188454],
      [0.048025723078, 0.057086605297, 0.12393746197, 0.76301411358, 0.0079360960697],
      [0.069036206591, 0.25469093451, 0.1211435224, 0.51016247927, 0.044966857232]
    ],
    [
      [0.24523607168, 0.079933041622, 0.31274125132, 0.35957398383, 0.0025156515476],
      [0.0048091524012, 0.018856777276, 0.87578063478, 0.071129334302, 0.029424101241],
      [0.031045606476, 0.0045483360936, 0.34684803734, 0.58797121658, 0.029586803505],
      [0.019738902283, 0.58473818637, 0.12977802582, 0.26361627856, 0.0021286069688],
      [0.10920543956, 0.45605288642, 0.0043251363442, 0.13217621711, 0.29824032057],
      [0.029896660221, 0.090946824948, 0.15697432167, 0.68518737005, 0.036994823112],
      [0.035023387987, 0.28728913643, 0.13163375277, 0.38263702627, 0.16341669655]
    ],
    [
      [0.31336564113, 0.054396171056, 0.28520587149, 0.34580463394, 0.0012276823817],
      [0.013331508391, 0.0043632490686, 0.89095569311, 0.07567541252, 0.015674136909],
      [0.040692565038, 0, 0.3509008144, 0.59114274629, 0.017263874273],
      [0.031863120397, 0.50556029832, 0.1473984906, 0.31362294179, 0.0015551489001],
      [0.19495135665, 0.44029958863, 0.0023887440575, 0.17413226614, 0.18822804453],
      [0.042963777664, 0.072192354252, 0.15215033084, 0.7131889217, 0.019504615538],
      [0.056373626721, 0.24855709114, 0.14694045079, 0.45525501304, 0.092873818302]
    ],
    [
      [0.48286391365, 0.093385605935, 0.15179424406, 0.27019374654, 0.0017624898135],
      [0.021832045231, 0.044019280832, 0.79745945436, 0.09790102792, 0.038788191653],
      [0.10174578119, 0.046317428542, 0.21278354271, 0.60525720564, 0.033896041918],
      [0.04190432719, 0.69288040412, 0.062598038628, 0.20072085612, 0.001896373942],
      [0.20368392949, 0.50023776474, 9.2274468285e-06, 0.092942148739, 0.20312692958],
      [0.079996691174, 0.14423511294, 0.09047820378, 0.65075912852, 0.03453086359],
      [0.07937311262, 0.38093014985, 0.075060948508, 0.33060516689, 0.13403062214]
    ],
    [
      [0.40471168989, 0.11437213453, 0.15231215477, 0.32776588545, 0.00083813535836],
      [0.014674587991, 0.052717405629, 0.79527735557, 0.11700728292, 0.020323367898],
      [0.067251759494, 0.062161793853, 0.19067461498, 0.66420469757, 0.01570713411],
      [0.027636613437, 0.71273501425, 0.050121752135, 0.20900394768, 0.00050267249723],
      [0.17161422125, 0.601751362, 0.00026737827587, 0.11384043516, 0.11252660332],
      [0.05594343407, 0.15330742802, 0.080381984669, 0.69426188019, 0.016105273058],
      [0.061892936028, 0.42551890976, 0.069598601012, 0.37514272087, 0.067846832324]
    ],
    [
      [0.30910284349, 0.027074992665, 0.28837123067, 0.37451818914, 0.00093274402479],
      [0.0041658587745, 0.0097685915803, 0.88173172707, 0.087643322391, 0.016690500181],
      [0.020880364394, 0, 0.33261898116, 0.62965090463, 0.016849749814],
      [0.023397528896, 0.53642585561, 0.13639441601, 0.30260265537, 0.0011795441126],
      [0.16261046446, 0.48557570933, 0.0038068900083, 0.16998661235, 0.17802032385],
      [0.036653371917, 0.082181856652, 0.13881075994, 0.72317851791, 0.019175493579],
      [0.047750473417, 0.27952098864, 0.1317320447, 0.45140825643, 0.089588236814]
    ],
    [
      [0.5272990901, 0.055835161548, 0.12103374376, 0.29565665925, 0.00017534534691],
      [0.025406141926, 0.024996687285, 0.78955492016, 0.14322113597, 0.016821114655],
      [0.10618414785, 0.014007934222, 0.1630895114, 0.7057341208, 0.010984285729],
      [0.055120284136, 0.59491949348, 0.06477291541, 0.28456246572, 0.00062484125709],
      [0.2933177947, 0.44726999957, 0, 0.14800950813, 0.11140269759],
      [0.087105152895, 0.083017751576, 0.06204757547, 0.75600638753, 0.011823132527],
      [0.10370782807, 0.30934428056, 0.075637683059, 0.44472634802, 0.066583860289]
    ],
    [
      [0, 0.176881729, 0.18739999689, 0.63357175179, 0.0021465223192],
      [0, 0.040162413246, 0.82843919096, 0.10935382809, 0.022044567703],
      [0, 0.014785784333, 0.14815217118, 0.82210555398, 0.014956490516],
      [0, 0.7389733712, 0.035109014631, 0.22483674412, 0.0010808700489],
      [0, 0.67114086726, 0.0022102200001, 0.16588782377, 0.16076108897],
      [0, 0.12988448834, 0.052560541851, 0.79911750873, 0.018437461078],
      [0, 0.42569646938, 0.047475331094, 0.43881004856, 0.088018150963]
    ],
    [
      [0.28415409633, 0.094149517371, 0.21552984513, 0.40035434673, 0.0058121944401],
      [0.0069345017591, 0.030318385756, 0.78531580048, 0.10148863402, 0.075942677987],
      [0.032018053772, 0.022348271116, 0.22256579159, 0.65131010831, 0.071757775212],
      [0.019798486936, 0.63675804565, 0.078012454953, 0.26026307121, 0.0051679412524],
      [0.087757892515, 0.38527053347, 0.00081584495466, 0.10101915129, 0.42513657777],
      [0.030417308868, 0.10437485814, 0.094515579702, 0.699348587, 0.071343666296],
      [0.032766910643, 0.28106205864, 0.073484200393, 0.34481439645, 0.26787243387]
    ],
    [
      [0.41825789835, 0.015991417578, 0.25463838754, 0.3090451603, 0.0020671362361],
      [0.0073624568867, 0.0041208216369, 0.90326606577, 0.061400241316, 0.023850414389],
      [0, 0, 0.34108882348, 0.65891117652, 0],
      [0.056016433155, 0.25096038615, 0.21569688254, 0.47732629816, 0],
      [0.3335830766, 0.074221711608, 0.038526606615, 0.2066556542, 0.34701295097],
      [0.048782412235, 0.014302038536, 0.15557719079, 0.75684193885, 0.024496419588],
      [0.073704513988, 0.084064554059, 0.15726457121, 0.49352037438, 0.19144598636]
    ],
    [
      [0.40201813622, 0.040675931791, 0.18914966222, 0.36564351418, 0.002512755582],
      [0.011186001681, 0.015149774105, 0.8040754752, 0.10521932187, 0.064369427135],
      [0.054111666707, 0.0013367391459, 0.22177500851, 0.67047382072, 0.052302764918],
      [0.044364009377, 0.47664113684, 0.10625583095, 0.36759458759, 0.005144435239],
      [0.16999195009, 0.25203737122, 0.0019780147443, 0.12997195512, 0.44602070883],
      [0.049630958209, 0.050853578751, 0.097541369921, 0.74340095554, 0.058573137581],
      [0.060426152323, 0.17541547501, 0.084522098927, 0.41278870887, 0.26684756486]
    ],
    [
      [0.36498008879, 0.09362666538, 0.25355031728, 0.28607042386, 0.0017725046866],
      [0.0084221765657, 0.026933891789, 0.86739600542, 0.069035744749, 0.028212181474],
      [0.058403227312, 0.026753188693, 0.33408633533, 0.5500070196, 0.030750229065],
      [0.027619080902, 0.66098186458, 0.11167612145, 0.19813193824, 0.0015909948312],
      [0.16005702528, 0.52400525202, 0.0050267813499, 0.10065221306, 0.21025872829],
      [0.053139410875, 0.13283156825, 0.14935036748, 0.63136431063, 0.033314342763],
      [0.057364887331, 0.36889760294, 0.11451943356, 0.32966980152, 0.12954827465]
    ],
    [
      [0.49484262049, 0.094215968315, 0.20993332361, 0.2005813389, 0.00042674869181],
      [0.017489421914, 0.036384344277, 0.87418564952, 0.056129851736, 0.015810732557],
      [0.11016718264, 0.049124785985, 0.33453501969, 0.48868093056, 0.01749208113],
      [0.047332671258, 0.70842777619, 0.098629268278, 0.14553267181, 7.7612474429e-05],
      [0.23799882889, 0.56557497727, 0.0038962852529, 0.077939996983, 0.1145899116],
      [0.093018792579, 0.16794161822, 0.14608952767, 0.57316473372, 0.019785327809],
      [0.093075854177, 0.43217397766, 0.11290648023, 0.28607881795, 0.075764869982]
    ],
    [
      [0.42844208007, 0.044966196265, 0.17452144332, 0.35207028034, 0],
      [0.015021329963, 0.016298638315, 0.84409813932, 0.1245818924, 0],
      [0.060647628659, 0, 0.22559088047, 0.71376149088, 0],
      [0.048128198948, 0.50196910001, 0.097852240655, 0.35205046039, 0],
      [0.31562722426, 0.47326545263, 0.0019081215307, 0.20919920158, 0],
      [0.092170032784, 0.032303359989, 0.09857940149, 0.77694720574, 0],
      [0.090315543542, 0.2652977092, 0.10650012176, 0.5378866255, 0]
    ],
    [
      [0.30588186845, 0.081233794019, 0.35000809622, 0.26287624132, 0],
      [0.004270046903, 0.013794768482, 0.93434546015, 0.047589724466, 0],
      [0.039878171824, 0, 0.46747704212, 0.49264478605, 0],
      [0.022252083347, 0.62273076563, 0.17226820085, 0.18274895017, 0],
      [0.18080614497, 0.68070827726, 0.01137211701, 0.12711346076, 0],
      [0.042864524353, 0.11653366872, 0.22632553816, 0.61427626876, 0],
      [0.054882662457, 0.40786734404, 0.17938501154, 0.35786498196, 0]
    ],
    [
      [0.40323132356, 0.092310434973, 0.20743746348, 0.29611458587, 0.00090619211347],
      [0.012491432811, 0.034107781244, 0.84634201721, 0.086965233887, 0.020093534848],
      [0.071046589935, 0.033515680109, 0.27584549919, 0.60038015343, 0.01921207733],
      [0.033047439236, 0.66778890784, 0.085422846268, 0.21280087974, 0.00093992691615],
      [0.18977878078, 0.55500453672, 0.0019316680746, 0.11258694481, 0.14069806961],
      [0.061016114224, 0.13403788026, 0.12001472757, 0.66444761278, 0.020483665164],
      [0.067536278525, 0.38568359324, 0.099422233823, 0.36226490056, 0.085092993854]
    ],
    [
      [0.41455842613, 0.081403820385, 0.19984232529, 0.30137172326, 0.0028237049311],
      [0.01281127225, 0.030702771436, 0.82400376635, 0.088098263448, 0.044383926519],
      [0.07238892253, 0.020921517145, 0.2597850983, 0.60302153182, 0.043882930209],
      [0.036901423188, 0.63667046243, 0.088069708271, 0.23523773402, 0.0031206720864],
      [0.1750253284, 0.44118708494, 0.0017474392203, 0.10335088483, 0.27868926261],
      [0.061880756188, 0.11543054943, 0.1123963366, 0.6647964326, 0.045495925184],
      [0.065184402309, 0.32084310055, 0.091128443976, 0.34610392379, 0.17674012937]
    ],
    [
      [0.40660728384, 0.07312956236, 0.18574460061, 0.33331337901, 0.0012051741809],
      [0.013653876832, 0.028476151436, 0.82491534642, 0.10748383094, 0.025470794373],
      [0.068603384318, 0.011866754667, 0.23765207735, 0.6611812448, 0.020696538864],
      [0.038159280994, 0.59989260123, 0.085881653324, 0.27475574257, 0.0013107218824],
      [0.20833346351, 0.47512381776, 0.0016662785331, 0.13826553428, 0.17661090592],
      [0.059229030173, 0.099128474304, 0.10223225133, 0.71643655081, 0.022973693385],
      [0.070639955375, 0.31491144577, 0.092923396811, 0.41914296901, 0.10238223304]
    ],
    [
      [0.68318316278, 0.0091429800824, 0.14598059277, 0.16169326437, 0],
      [0.03167350846, 0.0056882284892, 0.82051399318, 0.061308562703, 0.080815707172],
      [0.19837956217, 0.00012963133602, 0.25457839978, 0.47057693781, 0.076335468904],
      [0.14602517364, 0.3218964599, 0.16192186553, 0.35987629966, 0.010280201276],
      [0.32619364584, 0.095343601682, 0.00018854918706, 0.062313155215, 0.51596104807],
      [0.15380508001, 0.02933231674, 0.11986253452, 0.6002569279, 0.096743140833],
      [0.14305013284, 0.084051381327, 0.093501281304, 0.29448667153, 0.384910533]
    ],
    [
      [0.37358278678, 0.011217675223, 0.28653642229, 0.32866311571, 0],
      [9.091986947e-05, 0, 0.92746369064, 0.072445389486, 0],
      [0.018006061069, 0, 0.34659037916, 0.63540355978, 0],
      [0.057880993847, 0.44719593928, 0.18464786674, 0.31027520013, 0],
      [0.26281447354, 0.54053843973, 0.0021468415084, 0.19450024523, 0],
      [0.048000106587, 0.074433801027, 0.1341635223, 0.74340257009, 0],
      [0.068170744724, 0.27195366344, 0.1580878333, 0.50178775853, 0]
    ],
    [
      [0.13344303367, 0.10115323026, 0.28733281811, 0.47638351644, 0.0016874015159],
      [0.0024957722414, 0.022021220466, 0.85568549553, 0.10046349393, 0.01933401783],
      [0.013666154055, 0, 0.27647642055, 0.69000645376, 0.019850971638],
      [0.0089812063484, 0.59861071765, 0.10172396213, 0.28887246673, 0.0018116471399],
      [0.057119644835, 0.57792452564, 0.0014763342039, 0.17050182195, 0.19297767337],
      [0.013062808288, 0.098057921704, 0.11603011697, 0.75301895247, 0.01983020056],
      [0.016443712351, 0.329326663, 0.10770146951, 0.45354020591, 0.092987949231]
    ],
    [
      [0.43237775349, 0.24586646109, 0.21168900126, 0.10317127355, 0.0068955106141],
      [0.006695193821, 0.07778091398, 0.85534281623, 0.016631155844, 0.043549920126],
      [0.099462902561, 0.27724814722, 0.29123861303, 0.24650785327, 0.085542483918],
      [0.01123944644, 0.94292901975, 0.019068750071, 0.019542564055, 0.0072202196851],
      [0.031395267706, 0.73954705199, 0, 0, 0.22905768031],
      [0.065653069405, 0.40111752705, 0.13430586805, 0.32584858254, 0.073074952955],
      [0.042240529749, 0.6232906648, 0.065552290698, 0.094638613653, 0.1742779011]
    ],
    [
      [0.96786299982, 0, 0, 0.032137000185, 0],
      [0.54078436535, 0, 0, 0.45921563465, 0],
      [0.50775520087, 0, 0, 0.49224479913, 0],
      [0.5599865715, 0, 0, 0.4400134285, 0],
      [0.95346879477, 0, 0, 0.046531205231, 0],
      [0.41018467009, 0, 0, 0.58981532991, 0],
      [0.60841384494, 0, 0, 0.39158615506, 0]
    ],
    [
      [0, 0.26729287317, 0, 0.73270712683, 0],
      [0, 0.31259550054, 0, 0.68740449946, 0],
      [0, 0.096110712786, 0, 0.90388928721, 0],
      [0, 0.88512142531, 0, 0.11487857469, 0],
      [0, 0.86489880783, 0, 0.13510119217, -0],
      [0, 0.15194900636, 0, 0.84805099364, 0],
      [0, 0.5404548928, 0, 0.4595451072, -0]
    ],
    [
      [0.61374307401, 0.06664266699, 0.072995552458, 0.24661870654, 0],
      [0.036206891618, 0.054737981761, 0.75843338294, 0.15062174368, 0],
      [0.14660495202, 0.025954570233, 0.13095785136, 0.69648262639, 0],
      [0.060852529256, 0.67444368543, 0.036872083154, 0.22783170217, 0],
      [0.34976776013, 0.53126354215, 0.00064642004048, 0.11832227768, 0],
      [0.11079376208, 0.12188191433, 0.051061393047, 0.71626293054, 0],
      [0.12978087875, 0.40326651123, 0.047811438128, 0.41914117189, 0]
    ],
    [
      [0.34527468287, 0.14406934417, 0.11736248531, 0.39250306967, 0.00079041796832],
      [0.011329955382, 0.062897044394, 0.74602799427, 0.14151251636, 0.038232489594],
      [0.040820635671, 0.073399450117, 0.13311371809, 0.72713467566, 0.025531520468],
      [0.013243052594, 0.74328254791, 0.029738549739, 0.21321184545, 0.00052400430942],
      [0.1107726945, 0.5977879758, 0, 0.11109482525, 0.18034450445],
      [0.036267094313, 0.15865240886, 0.05236110118, 0.72767284276, 0.025046552885],
      [0.042301596911, 0.426357946, 0.045997578822, 0.37689475342, 0.10844812485]
    ],
    [
      [0.4308306496, 0.2316131734, 0.027616998425, 0.30993917858, 0],
      [0.015703367102, 0.12469281972, 0.70953327044, 0.15007054274, 0],
      [0.066192300128, 0.11030946262, 0.085871235728, 0.73762700152, 0],
      [0.009732299696, 0.88962711622, 0.0013769471359, 0.099263636947, 0],
      [0.11085750858, 0.82308246243, 0.00022158785196, 0.065838441132, 0],
      [0.039619044852, 0.27953614841, 0.0022931057578, 0.67855170098, 0],
      [0.047531492939, 0.64456002117, 0.025636326697, 0.28227215919, 0]
    ],
    [
      [0.33886148069, 0.11972259381, 0.20845007881, 0.33141873281, 0.0015471138793],
      [0.0093840282011, 0.04358952011, 0.82907834469, 0.09270594278, 0.025242164222],
      [0.051407270669, 0.051339805692, 0.25309915707, 0.62038489613, 0.023768870444],
      [0.022252081409, 0.70903320901, 0.069778989791, 0.19767901585, 0.0012567039363],
      [0.13420729939, 0.59971639269, 0.0011937954823, 0.10697537404, 0.1579071384],
      [0.045087553346, 0.15560632968, 0.10588624579, 0.66894516053, 0.024474710654],
      [0.048009368201, 0.42018460134, 0.086722859526, 0.3487674886, 0.09631568233]
    ],
    [
      [0.69025626386, 0.037492156907, 0.088067861468, 0.18115506062, 0.0030286571419],
      [0.035999277042, 0.022382398853, 0.74654716944, 0.10081901032, 0.094252144343],
      [0.17045672933, 0.0052976524046, 0.16451655455, 0.58288005961, 0.076849004108],
      [0.087393540207, 0.60410974092, 0.063027366665, 0.23985123984, 0.0056181123708],
      [0.27247348377, 0.24963259073, 0.00045900453606, 0.064982282734, 0.41245263822],
      [0.13710765296, 0.07902759479, 0.070595449884, 0.63401651488, 0.079252787486],
      [0.12548307858, 0.22313370949, 0.054543438297, 0.28916207939, 0.30767769425]
    ],
    [
      [0.53924713002, 0.10344614275, 0.14275400049, 0.21455272673, 0],
      [0.021788027553, 0.052759067019, 0.84096472484, 0.084488180587, 0],
      [0.1258251903, 0.070008875639, 0.23969063328, 0.56447530079, 0],
      [0.041576270105, 0.75265514365, 0.055326912639, 0.1504416736, 0],
      [0.25660072356, 0.65804925893, 0.00039226100851, 0.084957756503, 0],
      [0.10010373725, 0.19158043169, 0.099029534107, 0.60928629695, 0],
      [0.10116552483, 0.50622754901, 0.081035657597, 0.31157126856, 0]
    ],
    [
      [0.40915774597, 0.1140463081, 0.19728753356, 0.27795032605, 0.0015580863199],
      [0.012687471985, 0.043880301859, 0.834591293, 0.081780188741, 0.027060744416],
      [0.073231883838, 0.057310293358, 0.2649003344, 0.57754221658, 0.027015271827],
      [0.029902306558, 0.71732636822, 0.071314716469, 0.18003118434, 0.0014254244204],
      [0.16722007056, 0.57523124254, 0.0014499800114, 0.09151363237, 0.16458507451],
      [0.061719707341, 0.16473033675, 0.11231597002, 0.63353478815, 0.027699197735],
      [0.063166408728, 0.42347203403, 0.088265799936, 0.31964897433, 0.10544678297]
    ],
    [
      [0.31553778228, 0.10079066973, 0.14509986795, 0.43613595223, 0.0024357278092],
      [0.011283282806, 0.045356921423, 0.7370065356, 0.15488439406, 0.051468866115],
      [0.041872094459, 0.023855914329, 0.14883846184, 0.75157785529, 0.03385567408],
      [0.021563680796, 0.64130727563, 0.049476767008, 0.28573589715, 0.0019163794147],
      [0.12027976469, 0.49310406832, 0, 0.1395447168, 0.24707145019],
      [0.034706671514, 0.10835825884, 0.059762761676, 0.76353741297, 0.033634894999],
      [0.041312698382, 0.33224738595, 0.055574628616, 0.42607816136, 0.14478712569]
    ],
    [
      [0.25115894118, 0.070266755814, 0.29588228791, 0.3826920151, 0],
      [0.0030219984096, 0.017161655037, 0.87345038606, 0.083729999932, 0.022635960565],
      [0.020956017307, 0, 0.33068659075, 0.62841252074, 0.019944871203],
      [0.015897676691, 0.60436465575, 0.11792810554, 0.26164922631, 0.00016033571291],
      [0.11052520854, 0.51220291982, 0.0099966874204, 0.1424334609, 0.22484172332],
      [0.026754891045, 0.095940797015, 0.14426462837, 0.707148672, 0.025891011575],
      [0.034747609671, 0.31887207911, 0.12191161852, 0.40342834044, 0.12104035226]
    ],
    [
      [0.42898601499, 0.042587299469, 0.18133485164, 0.3470918339, 0],
      [0.01455127838, 0.020553618563, 0.84174208357, 0.11372309166, 0.0094299278235],
      [0.047768926981, 0, 0.24159024724, 0.70678504826, 0.0038557775235],
      [0.097597262581, 0.47923532627, 0.097665962557, 0.32550144859, 0],
      [0.26694106369, 0.46544613518, 0.0059434323257, 0.17993950149, 0.081729867328],
      [0.062740357969, 0.069596649036, 0.10341347653, 0.75666667541, 0.0075828410581],
      [0.083163543265, 0.28762377877, 0.10132277527, 0.48448146299, 0.043408439714]
    ],
    [
      [0.38808166015, 0.11532042877, 0.10822992368, 0.3855213534, 0.0028466339997],
      [0.016319503347, 0.064504501178, 0.68414789066, 0.16687789903, 0.068150205788],
      [0.059920460706, 0.055115379453, 0.10187383089, 0.73953294462, 0.043557384328],
      [0.024412615835, 0.71008377851, 0.032597040235, 0.2304374336, 0.0024691318216],
      [0.12479632039, 0.51684969006, 0, 0.10928414769, 0.24906984186],
      [0.045763287918, 0.14261042962, 0.03960805023, 0.73156919923, 0.040449032998],
      [0.047789706987, 0.38062412609, 0.03815370614, 0.37459556625, 0.15883689454]
    ],
    [
      [0.70136465426, 0.040061528027, 0.071170854363, 0.17456253537, 0.012840427979],
      [0.038230926319, 0.038723036364, 0.70987052134, 0.10906794657, 0.1041075694],
      [0.20818199424, 0.012867455401, 0.13369197061, 0.55289965647, 0.092358923279],
      [0.12098587048, 0.61639680517, 0.043219759132, 0.20062881964, 0.018768745579],
      [0.31125854366, 0.27280796426, 0, 0.040001491314, 0.37593200076],
      [0.16040197516, 0.094463866123, 0.054414329874, 0.60391557895, 0.086804249894],
      [0.12850395426, 0.26318148835, 0.042335689426, 0.28571343507, 0.28026543289]
    ],
    [
      [0.41849739317, 0.1073760104, 0.093851640264, 0.37883425266, 0.0014407034969],
      [0.02002221366, 0.065411026377, 0.69083150936, 0.17931968235, 0.044415568253],
      [0.065853324514, 0.048227940298, 0.11031204325, 0.7505623154, 0.025044376538],
      [0.02857840529, 0.69562940341, 0.031789722449, 0.24273653556, 0.0012659332941],
      [0.16039311609, 0.54764889315, 0, 0.12398502163, 0.16797296914],
      [0.052277450798, 0.13447935167, 0.045363247677, 0.7435749631, 0.02430498676],
      [0.058878201937, 0.38973860138, 0.039335660852, 0.40860680622, 0.10344072962]
    ],
    [
      [0.54499241463, 0.038834531758, 0.049333713644, 0.35964798775, 0.0071913522128],
      [0.017012902489, 0.025421670923, 0.58022126807, 0.14445875402, 0.2328854045],
      [0.068833547683, 0.0021299169318, 0.070471224727, 0.70884809428, 0.14971721638],
      [0.031661327291, 0.7157973412, 0.018940865856, 0.22610067292, 0.0074997927341],
      [0.0067013252084, 0.015846335402, 1.0717223435e-05, 0.0033782125129, 0.97406340965],
      [0.054923941638, 0.067943820902, 0.020711525482, 0.71197616348, 0.1444445485],
      [0.033450277831, 0.14305529947, 0.014673842531, 0.17206830778, 0.63675227239]
    ],
    [
      [0.33994601233, 0.015022837118, 0, 0.64503115055, 0],
      [0.046818285124, 0.0986490479, 0, 0.85453266698, 0],
      [0.036168405926, 0.0076966905404, 0, 0.95613490353, 0],
      [0.020841751468, 0.60093944126, 0, 0.37821880728, 0],
      [0.17147870057, 0.56350468467, 0, 0.26501661476, 0],
      [0.025188192839, 0.049630223987, 0, 0.92518158317, 0],
      [0.045804546718, 0.2550353913, 0, 0.69916006198, 0]
    ],
    [
      [0.57585705154, 0, 0.11183529966, 0.31230764881, 0],
      [0.010212008145, 0, 0.86930986437, 0.12047812748, 0],
      [0.053140965593, 0, 0.15980333535, 0.78705569906, 0],
      [0.091530833575, 0, 0.15014522043, 0.75832394599, 0],
      [0.62364698935, 0, 0.0019534822927, 0.37439952835, 0],
      [0.056695278777, 0, 0.069692938809, 0.87361178241, 0],
