{
  "X": [
    [20, 23, 30, 1],
    [39, 23, 30, 1],
    [30, 28, 47, 0],
    [11, 13, 24, 1],
    [16, 16, 22, 1],
    [9, 11, 17, 2],
    [16, 15, 25, 2],
    [21, 11, 27, 1],
    [2, 5, 7, 0],
    [5, 9, 8, 0],
    [44, 56, 133, 8],
    [7, 15, 14, 1],
    [4, 3, 6, 1],
    [4, 6, 9, 2],
    [7, 9, 7, 0],
    [6, 9, 7, 0],
    [13, 12, 14, 0],
    [8, 15, 18, 1],
    [1, 5, 4, 0],
    [2, 2, 1, 1],
    [2, 7, 4, 0],
    [5, 8, 8, 2],
    [2, 3, 6, 1],
    [7, 9, 7, 1],
    [26, 37, 64, 1],
    [8, 2, 6, 2],
    [9, 23, 29, 2],
    [15, 15, 24, 1],
    [4, 5, 8, 1],
    [6, 11, 17, 3],
    [47, 69, 110, 11],
    [28, 55, 95, 9],
    [53, 41, 99, 7],
    [34, 49, 121, 16],
    [33, 51, 105, 3],
    [49, 62, 146, 4],
    [48, 95, 149, 5],
    [33, 79, 116, 4],
    [2, 2, 4, 0],
    [2, 3, 5, 0],
    [9, 10, 13, 1],
    [22, 37, 65, 1],
    [79, 123, 225, 11],
    [98, 143, 246, 23],
    [19, 42, 57, 5],
    [83, 83, 175, 7],
    [4, 8, 10, 0],
    [1, 2, 3, 0],
    [17, 33, 20, 3],
    [10, 14, 35, 1],
    [7, 15, 27, 2],
    [56, 59, 130, 5],
    [44, 49, 108, 3],
    [0, 5, 7, 0],
    [10, 13, 21, 2],
    [44, 24, 68, 3],
    [33, 17, 33, 3],
    [11, 18, 18, 2],
    [5, 5, 3, 1],
    [8, 8, 16, 0],
    [17, 28, 50, 4],
    [16, 12, 30, 0],
    [29, 34, 54, 2],
    [16, 11, 29, 1],
    [1, 2, 1, 2],
    [3, 3, 9, 0],
    [5, 5, 7, 0],
    [18, 24, 55, 5],
    [2, 5, 7, 1],
    [19, 14, 37, 1],
    [12, 16, 16, 1],
    [15, 23, 34, 4],
    [19, 16, 26, 0],
    [3, 14, 19, 1],
    [39, 48, 105, 3],
    [17, 18, 30, 2],
    [15, 24, 11, 3],
    [7, 11, 18, 0],
    [24, 34, 53, 3],
    [12, 7, 19, 2],
    [24, 38, 42, 0],
    [56, 63, 147, 7],
    [10, 11, 16, 2],
    [8, 7, 14, 1],
    [20, 44, 65, 1],
    [5, 5, 9, 1],
    [2, 8, 5, 2],
    [2, 1, 13, 0],
    [7, 8, 11, 1],
    [10, 7, 26, 0],
    [4, 4, 5, 0],
    [0, 5, 8, 0],
    [4, 3, 3, 0],
    [4, 3, 3, 0],
    [10, 12, 15, 1],
    [7, 3, 13, 0],
    [4, 4, 10, 0],
    [7, 4, 6, 0],
    [6, 3, 18, 2],
    [10, 8, 7, 0],
    [4, 5, 4, 2],
    [6, 11, 5, 0],
    [1, 1, 6, 1],
    [0, 2, 4, 0],
    [1, 1, 9, 0],
    [6, 8, 13, 0],
    [5, 3, 7, 0],
    [6, 4, 6, 0],
    [3, 12, 14, 1],
    [0, 1, 5, 0],
    [1, 6, 0, 0],
    [1, 1, 4, 0],
    [5, 23, 26, 5],
    [13, 14, 31, 1],
    [3, 7, 8, 0],
    [3, 8, 2, 1],
    [1, 2, 5, 0],
    [2, 4, 1, 1],
    [1, 4, 3, 0],
    [3, 1, 2, 0],
    [2, 4, 3, 1],
    [1, 4, 1, 0],
    [4, 6, 7, 2],
    [4, 3, 8, 0],
    [1, 2, 6, 0],
    [5, 4, 2, 0],
    [3, 4, 5, 0],
    [8, 3, 8, 0],
    [2, 2, 3, 0],
    [5, 5, 2, 0],
    [8, 11, 6, 0],
    [1, 5, 5, 0],
    [1, 3, 3, 0],
    [3, 5, 5, 2],
    [6, 3, 9, 0],
    [4, 0, 11, 0],
    [5, 5, 6, 1],
    [12, 4, 13, 1],
    [5, 4, 6, 1],
    [4, 6, 2, 0],
    [3, 5, 10, 0],
    [2, 4, 0, 0],
    [1, 5, 9, 0],
    [13, 26, 28, 5],
    [15, 8, 15, 1],
    [9, 16, 15, 0],
    [9, 6, 8, 1],
    [7, 19, 35, 0],
    [3, 10, 16, 1],
    [7, 9, 15, 0],
    [5, 4, 8, 0],
    [7, 14, 18, 1],
    [11, 11, 24, 1],
    [5, 2, 4, 0],
    [4, 6, 10, 3],
    [8, 11, 35, 4],
    [8, 8, 17, 2],
    [12, 20, 21, 0],
    [8, 4, 11, 0],
    [7, 9, 29, 3],
    [17, 17, 31, 2],
    [21, 23, 35, 3],
    [9, 12, 12, 0],
    [15, 11, 16, 0],
    [9, 4, 10, 1],
    [9, 15, 23, 1],
    [13, 25, 39, 1],
    [23, 22, 32, 2],
    [7, 18, 22, 0],
    [0, 15, 18, 0],
    [6, 9, 18, 0],
    [12, 17, 37, 2],
    [9, 12, 28, 1],
    [7, 11, 33, 0],
    [7, 14, 29, 3],
    [7, 8, 19, 1],
    [4, 12, 16, 1],
    [9, 8, 20, 2],
    [4, 8, 17, 1],
    [9, 10, 15, 0],
    [12, 6, 25, 1],
    [4, 8, 17, 0],
    [7, 9, 39, 4],
    [0, 11, 25, 2],
    [11, 18, 39, 1],
    [14, 16, 31, 4],
    [7, 19, 44, 1],
    [13, 15, 39, 1],
    [2, 7, 15, 0],
    [4, 5, 9, 0],
    [9, 24, 23, 1],
    [2, 8, 10, 0],
    [8, 15, 15, 1],
    [10, 24, 22, 0],
    [5, 6, 9, 0],
    [9, 9, 12, 0],
    [12, 19, 15, 1],
    [13, 23, 35, 0],
    [7, 13, 11, 2],
    [13, 31, 39, 0],
    [4, 12, 21, 1],
    [8, 18, 30, 0],
    [25, 41, 52, 2],
    [39, 49, 93, 2],
    [3, 16, 15, 1],
    [12, 24, 26, 0],
    [21, 16, 27, 0],
    [19, 29, 48, 1],
    [11, 13, 19, 1],
    [24, 41, 52, 6],
    [5, 7, 17, 4],
    [16, 19, 40, 4],
    [16, 24, 56, 0],
    [35, 50, 76, 5],
    [18, 31, 45, 1],
    [14, 35, 50, 6],
    [13, 20, 20, 2],
    [32, 38, 89, 8],
    [3, 1, 5, 0],
    [7, 7, 10, 0],
    [1, 1, 3, 1],
    [2, 5, 12, 0],
    [1, 2, 3, 0],
    [11, 22, 32, 2],
    [6, 15, 12, 2],
    [12, 15, 17, 0],
    [7, 10, 21, 2],
    [10, 7, 21, 0],
    [5, 4, 9, 0],
    [6, 6, 11, 3],
    [6, 8, 13, 0],
    [6, 2, 6, 0],
    [14, 7, 26, 0],
    [10, 23, 48, 2],
    [6, 10, 26, 2],
    [8, 12, 31, 2],
    [2, 2, 9, 1],
    [15, 9, 27, 3],
    [1, 7, 9, 0],
    [7, 16, 32, 5],
    [12, 14, 23, 0],
    [1, 1, 5, 0],
    [6, 4, 5, 0],
    [4, 2, 4, 0],
    [7, 8, 11, 1],
    [6, 4, 4, 0],
    [14, 13, 13, 1],
    [8, 3, 10, 0],
    [4, 8, 7, 0],
    [3, 4, 1, 0],
    [3, 7, 5, 0],
    [15, 7, 11, 0],
    [4, 2, 7, 1],
    [1, 5, 9, 1],
    [4, 5, 3, 0],
    [2, 3, 8, 1],
    [6, 11, 13, 3],
    [4, 4, 10, 1],
    [6, 4, 11, 0],
    [5, 3, 8, 0],
    [3, 2, 4, 1],
    [9, 4, 14, 1],
    [3, 9, 12, 0],
    [5, 7, 15, 0],
    [3, 1, 2, 0],
    [3, 9, 8, 0],
    [3, 7, 7, 0],
    [1, 4, 2, 0],
    [0, 2, 5, 0],
    [2, 3, 10, 1],
    [3, 2, 3, 0],
    [3, 7, 9, 0],
    [1, 3, 6, 0],
    [3, 3, 4, 0],
    [0, 3, 8, 0],
    [2, 0, 4, 0],
    [0, 1, 6, 2],
    [6, 11, 9, 2],
    [0, 5, 4, 0],
    [9, 9, 8, 1],
    [4, 7, 7, 0],
    [5, 11, 8, 0],
    [7, 6, 7, 0],
    [1, 10, 8, 0],
    [10, 14, 20, 0],
    [1, 3, 2, 1],
    [5, 5, 11, 1],
    [3, 4, 11, 1],
    [1, 3, 3, 1],
    [2, 17, 8, 0],
    [1, 4, 7, 1],
    [7, 7, 6, 2],
    [13, 11, 17, 0],
    [5, 2, 3, 0],
    [4, 11, 10, 0],
    [3, 7, 7, 0],
    [9, 7, 21, 0],
    [8, 6, 22, 2],
    [1, 4, 9, 0],
    [6, 12, 11, 1],
    [7, 10, 13, 0],
    [2, 3, 2, 0],
    [3, 1, 4, 0],
    [2, 0, 5, 0],
    [0, 1, 7, 1],
    [1, 4, 0, 1],
    [2, 7, 6, 0],
    [7, 7, 7, 0],
    [2, 4, 1, 0],
    [2, 4, 6, 0],
    [7, 5, 13, 0],
    [7, 10, 8, 0],
    [4, 6, 8, 0],
    [3, 3, 4, 0],
    [1, 8, 10, 1],
    [5, 7, 22, 0],
    [2, 3, 7, 0],
    [2, 1, 5, 1],
    [1, 7, 7, 0],
    [23, 44, 62, 3],
    [6, 13, 23, 2],
    [3, 1, 2, 1],
    [2, 1, 13, 0],
    [9, 23, 36, 3],
    [0, 6, 14, 1],
    [2, 2, 3, 1],
    [8, 14, 31, 3],
    [2, 2, 4, 0],
    [3, 2, 5, 0],
    [1, 7, 0, 0],
    [4, 2, 8, 0],
    [3, 9, 8, 0],
    [4, 3, 8, 0],
    [18, 31, 41, 1],
    [4, 8, 9, 0],
    [3, 4, 4, 0],
    [2, 3, 4, 0],
    [4, 7, 11, 0],
    [101, 72, 116, 5],
    [462, 534, 931, 50],
    [409, 480, 781, 46],
    [25, 34, 45, 6]
  ],
  "W": [
    [14, 26, 10, 11, 9, 4],
    [29, 41, 8, 4, 4, 7],
    [17, 64, 9, 10, 1, 4],
    [5, 25, 8, 2, 5, 4],
    [10, 28, 6, 6, 2, 3],
    [6, 17, 6, 5, 4, 1],
    [11, 24, 5, 9, 8, 1],
    [8, 23, 5, 10, 9, 5],
    [0, 6, 1, 3, 3, 1],
    [2, 11, 1, 1, 5, 2],
    [10, 163, 24, 2, 22, 20],
    [2, 21, 3, 1, 7, 3],
    [0, 9, 1, 1, 2, 1],
    [1, 9, 0, 6, 5, 0],
    [5, 5, 6, 3, 2, 2],
    [7, 7, 4, 1, 1, 2],
    [3, 24, 3, 4, 3, 2],
    [6, 19, 6, 7, 2, 2],
    [1, 3, 2, 2, 2, 0],
    [3, 0, 0, 1, 0, 2],
    [1, 5, 2, 3, 1, 1],
    [1, 12, 5, 2, 3, 0],
    [1, 9, 0, 1, 0, 1],
    [4, 10, 4, 3, 1, 2],
    [11, 82, 8, 13, 8, 6],
    [6, 7, 2, 1, 2, 0],
    [3, 37, 8, 6, 6, 3],
    [5, 28, 9, 3, 9, 1],
    [0, 13, 1, 1, 3, 0],
    [2, 24, 3, 1, 4, 3],
    [12, 155, 33, 7, 22, 8],
    [10, 104, 22, 18, 21, 12],
    [15, 130, 19, 4, 19, 13],
    [8, 149, 24, 5, 14, 20],
    [8, 121, 26, 4, 17, 16],
    [19, 177, 35, 2, 17, 11],
    [17, 189, 32, 10, 30, 19],
    [7, 139, 34, 8, 30, 14],
    [1, 4, 2, 0, 0, 1],
    [0, 5, 3, 0, 2, 0],
    [3, 17, 5, 1, 4, 3],
    [7, 76, 23, 3, 10, 6],
    [18, 293, 55, 14, 33, 25],
    [29, 336, 55, 18, 50, 22],
    [5, 74, 22, 2, 15, 5],
    [21, 254, 23, 7, 27, 16],
    [0, 14, 3, 2, 3, 0],
    [0, 5, 1, 0, 0, 0],
    [11, 21, 7, 18, 10, 6],
    [2, 38, 7, 4, 7, 2],
    [0, 31, 4, 3, 8, 5],
    [15, 159, 24, 12, 26, 14],
    [7, 131, 21, 8, 22, 15],
    [2, 6, 1, 2, 1, 0],
    [6, 23, 4, 7, 3, 3],
    [27, 81, 14, 9, 2, 6],
    [25, 42, 6, 2, 5, 6],
    [6, 23, 11, 5, 2, 2],
    [1, 8, 0, 1, 3, 1],
    [6, 15, 4, 2, 1, 4],
    [5, 61, 11, 5, 11, 6],
    [7, 36, 8, 3, 4, 0],
    [18, 59, 11, 15, 10, 6],
    [2, 32, 8, 3, 7, 5],
    [0, 2, 2, 0, 2, 0],
    [0, 11, 1, 1, 1, 1],
    [1, 10, 0, 2, 4, 0],
    [7, 62, 12, 6, 7, 8],
    [1, 5, 5, 1, 1, 2],
    [4, 50, 7, 4, 2, 4],
    [4, 17, 9, 8, 4, 3],
    [6, 40, 11, 6, 7, 6],
    [7, 42, 3, 4, 1, 4],
    [6, 18, 1, 6, 1, 5],
    [16, 113, 18, 8, 22, 18],
    [5, 42, 4, 9, 5, 2],
    [6, 20, 6, 16, 3, 2],
    [1, 17, 2, 4, 11, 1],
    [7, 67, 8, 10, 17, 5],
    [2, 24, 6, 2, 2, 4],
    [6, 56, 17, 3, 14, 8],
    [15, 180, 40, 6, 16, 16],
    [0, 23, 3, 6, 2, 5],
    [3, 18, 0, 7, 1, 1],
    [6, 70, 33, 8, 5, 8],
    [2, 7, 1, 7, 2, 1],
    [2, 7, 0, 7, 0, 1],
    [3, 10, 2, 0, 0, 1],
    [4, 10, 7, 0, 3, 3],
    [4, 29, 0, 2, 4, 4],
    [2, 8, 1, 1, 0, 1],
    [3, 5, 1, 1, 1, 2],
    [0, 7, 2, 0, 1, 0],
    [1, 5, 2, 1, 1, 0],
    [7, 19, 5, 3, 1, 3],
    [2, 13, 5, 2, 1, 0],
    [2, 8, 2, 0, 3, 3],
    [2, 9, 3, 1, 1, 1],
    [7, 15, 1, 2, 1, 3],
    [3, 11, 1, 8, 2, 0],
    [2, 2, 2, 7, 2, 0],
    [3, 5, 4, 6, 3, 1],
    [2, 6, 0, 1, 0, 0],
    [0, 3, 0, 1, 2, 0],
    [0, 6, 1, 4, 0, 0],
    [1, 17, 1, 2, 3, 3],
    [1, 7, 3, 2, 2, 0],
    [0, 8, 2, 0, 5, 1],
    [0, 24, 3, 0, 3, 0],
    [0, 5, 1, 0, 0, 0],
    [0, 4, 0, 3, 0, 0],
    [0, 4, 0, 2, 0, 0],
    [3, 33, 10, 0, 8, 5],
    [2, 37, 9, 0, 7, 4],
    [1, 10, 2, 3, 2, 0],
    [1, 2, 1, 6, 4, 0],
    [1, 5, 1, 0, 1, 0],
    [0, 1, 0, 7, 0, 0],
    [0, 1, 2, 4, 0, 1],
    [0, 2, 0, 2, 1, 1],
    [0, 3, 3, 1, 0, 3],
    [0, 4, 0, 1, 0, 1],
    [0, 9, 1, 5, 3, 1],
    [3, 6, 1, 2, 2, 1],
    [1, 4, 0, 2, 1, 1],
    [5, 3, 0, 0, 2, 1],
    [1, 4, 0, 5, 0, 2],
    [2, 6, 0, 3, 4, 4],
    [2, 5, 0, 0, 0, 0],
    [1, 5, 2, 3, 0, 1],
    [6, 7, 7, 2, 1, 2],
    [1, 6, 4, 0, 0, 0],
    [1, 4, 1, 1, 0, 0],
    [0, 4, 0, 5, 2, 4],
    [1, 8, 3, 4, 1, 1],
    [2, 7, 4, 0, 2, 0],
    [3, 11, 1, 0, 2, 0],
    [3, 14, 0, 7, 3, 3],
    [1, 5, 1, 6, 3, 0],
    [2, 5, 3, 1, 1, 0],
    [3, 6, 1, 3, 5, 0],
    [1, 0, 3, 0, 0, 2],
    [2, 10, 0, 2, 0, 1],
    [6, 39, 4, 5, 11, 7],
    [5, 19, 4, 4, 5, 2],
    [3, 16, 1, 8, 10, 2],
    [3, 12, 2, 4, 1, 2],
    [2, 39, 3, 4, 8, 5],
    [2, 18, 4, 2, 3, 1],
    [2, 21, 4, 1, 2, 1],
    [2, 10, 2, 0, 2, 1],
    [2, 24, 2, 2, 7, 3],
    [3, 29, 2, 6, 5, 2],
    [2, 5, 0, 1, 2, 1],
    [1, 14, 0, 3, 4, 1],
    [3, 34, 5, 3, 8, 5],
    [2, 28, 3, 1, 1, 0],
    [4, 33, 5, 0, 2, 9],
    [2, 17, 0, 0, 3, 1],
    [4, 33, 3, 1, 5, 2],
    [3, 37, 11, 0, 10, 6],
    [3, 50, 13, 3, 8, 5],
    [4, 20, 4, 0, 4, 1],
    [2, 23, 13, 0, 1, 3],
    [0, 17, 1, 1, 3, 2],
    [2, 30, 10, 0, 3, 3],
    [4, 37, 9, 6, 12, 10],
    [8, 47, 8, 6, 6, 4],
    [2, 24, 6, 7, 5, 3],
    [1, 19, 7, 3, 0, 3],
    [2, 18, 2, 4, 5, 2],
    [3, 46, 11, 0, 6, 2],
    [2, 36, 3, 1, 5, 3],
    [1, 32, 7, 4, 4, 3],
    [0, 38, 8, 1, 3, 3],
    [0, 26, 2, 1, 5, 1],
    [2, 15, 3, 2, 4, 7],
    [0, 28, 1, 3, 5, 2],
    [1, 25, 1, 1, 0, 2],
    [4, 22, 4, 0, 2, 2],
    [5, 29, 4, 2, 4, 0],
    [0, 21, 4, 0, 3, 1],
    [0, 42, 5, 1, 9, 2],
    [0, 28, 4, 1, 2, 3],
    [2, 48, 6, 1, 12, 0],
    [4, 45, 6, 2, 5, 3],
    [1, 50, 9, 1, 7, 3],
    [5, 51, 5, 1, 6, 0],
    [1, 19, 3, 0, 0, 1],
    [2, 11, 2, 0, 3, 0],
    [3, 27, 9, 5, 10, 3],
    [2, 8, 4, 2, 1, 3],
    [2, 15, 8, 0, 10, 4],
    [4, 28, 18, 2, 3, 1],
    [1, 13, 3, 1, 2, 0],
    [1, 14, 5, 5, 4, 1],
    [0, 20, 10, 1, 11, 5],
    [1, 39, 11, 5, 11, 4],
    [0, 19, 3, 1, 7, 3],
    [4, 43, 11, 9, 13, 3],
    [1, 23, 5, 3, 5, 1],
    [0, 33, 13, 1, 5, 4],
    [5, 82, 10, 2, 13, 8],
    [2, 135, 21, 4, 14, 7],
    [0, 24, 2, 1, 4, 4],
    [3, 33, 7, 8, 6, 5],
    [4, 40, 6, 6, 2, 6],
    [4, 61, 10, 1, 16, 5],
    [4, 28, 5, 2, 3, 2],
    [7, 79, 12, 4, 13, 8],
    [0, 20, 2, 2, 4, 5],
    [3, 56, 5, 2, 11, 2],
    [8, 60, 6, 3, 12, 7],
    [7, 111, 19, 4, 15, 10],
    [3, 66, 11, 4, 11, 0],
    [5, 60, 10, 6, 11, 13],
    [3, 30, 7, 4, 10, 1],
    [9, 103, 16, 8, 26, 5],
    [1, 6, 1, 1, 0, 0],
    [0, 11, 3, 5, 5, 0],
    [0, 3, 0, 2, 1, 0],
    [1, 12, 0, 2, 2, 2],
    [0, 4, 1, 1, 0, 0],
    [5, 40, 9, 5, 6, 2],
    [2, 17, 6, 6, 2, 2],
    [5, 25, 3, 4, 4, 3],
    [0, 28, 5, 1, 5, 1],
    [4, 21, 4, 2, 7, 0],
    [4, 12, 1, 0, 1, 0],
    [2, 14, 2, 3, 2, 3],
    [0, 15, 6, 2, 2, 2],
    [0, 10, 2, 0, 1, 1],
    [2, 33, 2, 4, 3, 3],
    [1, 56, 4, 4, 14, 4],
    [1, 32, 5, 2, 2, 2],
    [1, 31, 9, 4, 7, 1],
    [1, 10, 1, 0, 2, 0],
    [2, 35, 4, 1, 7, 5],
    [1, 8, 4, 3, 1, 0],
    [3, 39, 5, 2, 6, 5],
    [7, 26, 8, 6, 0, 2],
    [1, 5, 1, 0, 0, 0],
    [2, 8, 3, 1, 0, 1],
    [2, 5, 0, 2, 0, 1],
    [4, 14, 4, 4, 1, 0],
    [3, 6, 1, 3, 0, 1],
    [10, 15, 6, 3, 5, 2],
    [1, 16, 1, 2, 0, 1],
    [2, 9, 3, 2, 2, 1],
    [0, 4, 2, 2, 0, 0],
    [1, 6, 5, 2, 0, 1],
    [9, 12, 2, 4, 4, 2],
    [3, 7, 2, 2, 0, 0],
    [0, 10, 2, 2, 0, 2],
    [2, 5, 0, 2, 2, 1],
    [1, 4, 0, 3, 2, 4],
    [3, 16, 2, 5, 5, 2],
    [0, 11, 4, 1, 0, 3],
    [3, 7, 3, 5, 2, 1],
    [5, 6, 1, 2, 1, 1],
    [2, 6, 0, 0, 1, 1],
    [6, 15, 1, 1, 2, 3],
    [5, 9, 3, 4, 2, 1],
    [2, 18, 5, 1, 0, 1],
    [1, 2, 0, 2, 1, 0],
    [2, 9, 5, 1, 1, 2],
    [0, 5, 2, 2, 6, 2],
    [1, 3, 0, 2, 1, 0],
    [1, 5, 0, 0, 1, 0],
    [0, 6, 1, 3, 5, 1],
    [1, 3, 1, 0, 2, 1],
    [2, 8, 5, 1, 1, 2],
    [0, 8, 1, 1, 0, 0],
    [1, 5, 1, 1, 2, 0],
    [0, 7, 2, 0, 0, 2],
    [2, 4, 0, 0, 0, 0],
    [0, 5, 2, 0, 2, 0],
    [1, 19, 3, 1, 3, 1],
    [0, 6, 0, 0, 1, 2],
    [3, 13, 2, 4, 2, 3],
    [2, 7, 3, 2, 3, 1],
    [4, 9, 3, 3, 2, 3],
    [3, 6, 2, 1, 3, 5],
    [2, 11, 2, 0, 0, 4],
    [4, 29, 3, 1, 3, 4],
    [2, 2, 1, 1, 0, 1],
    [1, 11, 1, 2, 3, 4],
    [0, 13, 0, 1, 4, 1],
    [0, 2, 0, 2, 1, 3],
    [1, 11, 4, 3, 5, 3],
    [1, 10, 1, 0, 1, 0],
    [3, 8, 1, 4, 3, 3],
    [3, 19, 4, 8, 5, 2],
    [0, 6, 1, 0, 2, 1],
    [1, 17, 1, 1, 2, 3],
    [0, 10, 3, 2, 2, 0],
    [2, 22, 5, 3, 2, 3],
    [2, 26, 2, 4, 3, 1],
    [1, 10, 0, 0, 2, 1],
    [3, 20, 2, 2, 1, 2],
    [2, 16, 0, 4, 6, 2],
    [1, 3, 1, 1, 1, 0],
    [0, 2, 0, 4, 2, 0],
    [2, 5, 0, 0, 0, 0],
    [0, 2, 1, 1, 4, 1],
    [1, 0, 0, 4, 1, 0],
    [0, 11, 2, 1, 0, 1],
    [1, 8, 3, 5, 3, 1],
    [0, 2, 0, 4, 0, 1],
    [0, 7, 2, 1, 1, 1],
    [1, 15, 0, 3, 3, 3],
    [2, 10, 4, 1, 5, 3],
    [2, 11, 0, 3, 2, 0],
    [1, 4, 1, 2, 2, 0],
    [0, 12, 1, 3, 4, 0],
    [1, 19, 3, 2, 6, 3],
    [0, 11, 0, 1, 0, 0],
    [1, 3, 0, 0, 4, 1],
    [0, 8, 1, 1, 3, 2],
    [2, 76, 7, 14, 24, 9],
    [2, 24, 3, 6, 9, 0],
    [1, 4, 0, 1, 1, 0],
    [1, 11, 1, 1, 0, 2],
    [5, 46, 11, 0, 7, 2],
    [0, 12, 2, 2, 4, 1],
    [1, 3, 1, 1, 1, 1],
    [1, 39, 9, 2, 5, 0],
    [0, 5, 1, 1, 1, 0],
    [0, 4, 1, 2, 3, 0],
    [0, 3, 0, 2, 0, 3],
    [0, 11, 0, 3, 0, 0],
    [1, 8, 4, 4, 2, 1],
    [2, 8, 0, 3, 2, 0],
    [14, 50, 13, 5, 3, 6],
    [1, 10, 6, 3, 1, 0],
    [0, 6, 0, 4, 1, 0],
    [2, 3, 0, 2, 0, 2],
    [0, 13, 2, 4, 3, 0],
    [43, 161, 39, 20, 12, 19],
    [179, 1189, 224, 71, 147, 167],
    [100, 1036, 166, 124, 169, 121],
    [8, 52, 11, 20, 12, 7]
  ],
  "method": "mvn_pdf",
  "cond_prob": [
    [
      [0.7328249558, 0.094844178144, 0.17108880528, 0.0012420607801],
      [0.15074455668, 0.15424504101, 0.68523477639, 0.0097756259155],
      [0.096559392785, 0.61052138349, 0.28377683446, 0.0091423892725],
      [0.2714747009, 0.56094411362, 0.14643241387, 0.021148771611],
      [0.11553697326, 0.37722035342, 0.47630987325, 0.03093280007],
      [0.18478851734, 0.48341858048, 0.30144373742, 0.030349164761]
    ],
    [
      [0.82495846525, 0.079428740041, 0.094669032607, 0.00094376210458],
      [0.25022624094, 0.18926442646, 0.5496337276, 0.010875604995],
      [0.13921807861, 0.65264722963, 0.1992973078, 0.0088373839598],
      [0.35159758028, 0.53734752333, 0.092723065299, 0.018331831097],
      [0.17856590437, 0.43209536629, 0.35723506799, 0.032103661352],
      [0.26033239671, 0.50426713476, 0.20676572437, 0.028634744161]
    ],
    [
      [0.76677764435, 0.097513522729, 0.1349785817, 0.00073025121706],
      [0.18577780285, 0.18474945413, 0.6228091291, 0.0066636139179],
      [0.10672687123, 0.65451239396, 0.23317774769, 0.0055829871219],
      [0.28942891703, 0.58139182258, 0.11675400173, 0.012425258653],
      [0.13565257864, 0.43030555889, 0.41413759432, 0.019904268151],
      [0.20636685728, 0.5245807567, 0.25047065435, 0.01858173167]
    ],
    [
      [0.76065387535, 0.078976416318, 0.15905349726, 0.0013162110664],
      [0.16330212484, 0.13817947762, 0.68736439313, 0.011154004416],
      [0.109488512, 0.58164316858, 0.29790251113, 0.010965808295],
      [0.30392939152, 0.52109134213, 0.15008029839, 0.024898967954],
      [0.12780550915, 0.34769687671, 0.4880714281, 0.036426186041],
      [0.20599632067, 0.4485289544, 0.30959382572, 0.035880899206]
    ],
    [
      [0.76902429784, 0.097496115532, 0.13214567686, 0.0013339097682],
      [0.18231907428, 0.18576899682, 0.61959426852, 0.012317660385],
      [0.10305472658, 0.66030440867, 0.22645254771, 0.010188317041],
      [0.28075710203, 0.58359332523, 0.11284285215, 0.022806720578],
      [0.13076737093, 0.42935910041, 0.40301724938, 0.036856279274],
      [0.19911129063, 0.52424690405, 0.24234521701, 0.034296588312]
    ],
    [
      [0.72501389812, 0.093283294187, 0.17727734653, 0.0044254611613],
      [0.13625190741, 0.14434194814, 0.68544315605, 0.033962988404],
      [0.088613834186, 0.5941242147, 0.284987811, 0.032274140118],
      [0.24654298746, 0.53407568196, 0.14374117396, 0.075640156624],
      [0.099555000536, 0.34019155522, 0.45133780719, 0.10891563705],
      [0.16154672094, 0.44314092022, 0.2875383611, 0.10777399774]
    ],
    [
      [0.74224805566, 0.085467347566, 0.16983071964, 0.0024538771286],
      [0.15210611472, 0.14000255267, 0.68825506035, 0.019636272264],
      [0.1016433818, 0.58273589879, 0.2964588657, 0.019161853714],
      [0.28133887461, 0.52475317501, 0.14991910431, 0.043988846073],
      [0.1164289314, 0.3431032742, 0.47705587481, 0.063411919595],
      [0.18823726645, 0.44464860367, 0.30436866763, 0.062745462259]
    ],
    [
      [0.83736294004, 0.039097824871, 0.12274242066, 0.00079681442684],
      [0.23132942877, 0.086462787676, 0.67367957125, 0.0085282123004],
      [0.19044279069, 0.44039073347, 0.35887497871, 0.010291497136],
      [0.46957934601, 0.34979927527, 0.15998874665, 0.02063263208],
      [0.2003482951, 0.2387627678, 0.5302725238, 0.030616413297],
      [0.32444514256, 0.3080924182, 0.33718908453, 0.030273354707]
    ],
    [
      [0.71422936266, 0.096109185818, 0.18925178352, 0.00040966799599],
      [0.10829395757, 0.14040632615, 0.74853028066, 0.002769435615],
      [0.071545707391, 0.62959415507, 0.29614091348, 0.0027192240598],
      [0.22270464774, 0.61216677234, 0.15874110751, 0.0063874724082],
      [0.087430945872, 0.37787412903, 0.52623551724, 0.0084594078589],
      [0.14669019351, 0.51239246862, 0.33223209569, 0.0086852421843]
    ],
    [
      [0.7629609903, 0.1369101181, 0.099667892335, 0.00046099926251],
      [0.18036464501, 0.29106418752, 0.5239891799, 0.0045819875692],
      [0.07173311259, 0.79144025174, 0.13409861814, 0.0027280175222],
      [0.20637775594, 0.71812089318, 0.069390641256, 0.0061107096234],
      [0.10871782103, 0.59478229723, 0.28546370097, 0.011036180777],
      [0.15391315982, 0.6788837264, 0.1577275996, 0.0094755141818]
    ],
    [
      [0.74650182033, 0.086916306185, 0.16368179961, 0.0029000738729],
      [0.16314100307, 0.14624657005, 0.66696851517, 0.023643911701],
      [0.10716551252, 0.58338364025, 0.28686350053, 0.022587346695],
      [0.2885063252, 0.51760994098, 0.14343692266, 0.050446811154],
      [0.12248609699, 0.34720592232, 0.45706008749, 0.073247893193],
      [0.19504372603, 0.4426199252, 0.29064044048, 0.071695908295]
    ],
    [
      [0.73663761361, 0.15271182077, 0.10918158167, 0.0014689839477],
      [0.17058446628, 0.29707814882, 0.51856098895, 0.013776395946],
      [0.069462530906, 0.78497823455, 0.13729075877, 0.0082684757769],
      [0.19609999636, 0.71396010351, 0.070854963855, 0.019084936279],
      [0.10174011676, 0.58263144094, 0.2811403493, 0.034488092997],
      [0.14485434641, 0.66708844266, 0.158155305, 0.029901905928]
    ],
    [
      [0.90315027177, 0.034416155918, 0.060939919008, 0.0014936533032],
      [0.31003098023, 0.12075095552, 0.54322557155, 0.025992492689],
      [0.19887932648, 0.54962681651, 0.22607684661, 0.0254170104],
      [0.48299574346, 0.3777746364, 0.090844097976, 0.04838552217],
      [0.23069571568, 0.30656979866, 0.36903069254, 0.09370379312],
      [0.34806312915, 0.36065792527, 0.20925466457, 0.082024281012]
    ],
    [
      [0.74226328735, 0.087190262073, 0.16348093048, 0.0070655201013],
      [0.13376740021, 0.13809023664, 0.671366393, 0.056775970154],
      [0.087141839287, 0.58683572837, 0.27195473926, 0.054067693089],
      [0.23709675546, 0.50624161962, 0.13115975641, 0.1255018685],
      [0.0926493559, 0.31264196404, 0.41234946926, 0.18235921079],
      [0.15108201438, 0.4095441208, 0.25970463004, 0.17966923478]
    ],
    [
      [0.7829897187, 0.090323643856, 0.1262980097, 0.00038862774923],
      [0.17561549991, 0.17782542781, 0.64298235482, 0.0035767174554],
      [0.1003483493, 0.66717378902, 0.22942976715, 0.003048094532],
      [0.28393754293, 0.59485250973, 0.11457717329, 0.0066327740506],
      [0.13020309676, 0.43466946659, 0.42476652603, 0.010360910618],
      [0.20105146073, 0.53731236154, 0.25189080872, 0.0097453690084]
    ],
    [
      [0.65575287269, 0.18698545202, 0.15682860206, 0.00043307322867],
      [0.1134078101, 0.28257691659, 0.60101054306, 0.0030047302538],
      [0.04683183406, 0.79732123022, 0.15400620062, 0.0018407350973],
      [0.14001393448, 0.77183431891, 0.083918101303, 0.0042336453006],
      [0.070382323642, 0.59294665327, 0.32975991372, 0.0069111093651],
      [0.10230938926, 0.70455710777, 0.18694793992, 0.0061855630489]
    ],
    [
      [0.8681473232, 0.066308554492, 0.065177800085, 0.00036632222477],
      [0.31364511805, 0.19983507281, 0.48127667948, 0.0052431296622],
      [0.1629412209, 0.66991733029, 0.16310929938, 0.0040321494282],
      [0.40006084561, 0.52000535574, 0.072115591518, 0.0078182071324],
      [0.21952548717, 0.45821552773, 0.30731476056, 0.014944224536],
      [0.3074491947, 0.5111666689, 0.16871519221, 0.012668944192]
    ],
    [
      [0.66342912153, 0.13656955781, 0.19810548342, 0.0018958372417],
      [0.11296913182, 0.18934729163, 0.68490716633, 0.012776410219],
      [0.063960692642, 0.67826703686, 0.24720322537, 0.010569045132],
      [0.18857777909, 0.65237862242, 0.13322322847, 0.025820370022],
      [0.081038141698, 0.43880036828, 0.44178666686, 0.038374823167],
      [0.12821197825, 0.55931989625, 0.27523099698, 0.037237128517]
    ],
    [
      [0.5856767671, 0.19100299328, 0.22301042557, 0.000309814048],
      [0.062628201651, 0.21666721524, 0.71918451082, 0.0015200722869],
      [0.030770467716, 0.77367418704, 0.19444958473, 0.0011057605097],
      [0.095564307481, 0.79284851914, 0.10909913882, 0.0024880345629],
      [0.044487962113, 0.53224677594, 0.41991375374, 0.0033515082006],
      [0.06798097916, 0.68619032482, 0.24257361157, 0.0032550844467]
    ],
    [
      [0.68119484167, 0.14360650621, 0.14608853845, 0.029110113666],
      [0.06599548408, 0.15638595435, 0.55497806735, 0.22264049423],
      [0.032687334644, 0.68860009412, 0.11154596725, 0.16716660399],
      [0.060181630693, 0.42406414678, 0.040232304871, 0.47552191766],
      [0.014935670046, 0.13501372518, 0.072866115517, 0.77718448926],
      [0.024280622453, 0.19485776893, 0.047747933358, 0.73311367525]
    ],
    [
      [0.67732550819, 0.19286687366, 0.12945227446, 0.00035534369905],
      [0.11480804681, 0.31799157361, 0.56457914518, 0.0026212344033],
      [0.041855519075, 0.83443727695, 0.12227630786, 0.0014308961133],
      [0.12605810251, 0.803996311, 0.066742688164, 0.0032028983346],
      [0.066860831242, 0.64520776197, 0.28251310752, 0.0054182992607],
      [0.094227899273, 0.74813244226, 0.15295283879, 0.0046868196743]
    ],
    [
      [0.81592130718, 0.08471832114, 0.091070182903, 0.0082901887823],
      [0.20361894836, 0.1906050269, 0.50975258577, 0.096023438963],
      [0.10473686566, 0.65313012559, 0.16936199036, 0.072771018387],
      [0.26105786475, 0.50684990781, 0.075159108106, 0.15693311934],
      [0.11470549065, 0.35678089174, 0.26025498374, 0.26825863388],
      [0.17368497233, 0.43112338843, 0.15364891801, 0.24154272124]
    ],
    [
      [0.71415568919, 0.11760701872, 0.16211819508, 0.0061190970009],
      [0.1116767604, 0.18374407735, 0.65381524809, 0.050763914161],
      [0.056632118069, 0.702820424, 0.20300209224, 0.037545365683],
      [0.16272176726, 0.63162976696, 0.10486358407, 0.1007848817],
      [0.069542687924, 0.39807359692, 0.35633639506, 0.1760473201],
      [0.10800540664, 0.51412087433, 0.21504622017, 0.16282749886]
    ],
    [
      [0.79805769263, 0.10503925066, 0.094950120793, 0.0019529359231],
      [0.20552853716, 0.23648314739, 0.5363533458, 0.021634969653],
      [0.095371160629, 0.73140716378, 0.15838369329, 0.0148379823],
      [0.26007308946, 0.62904965901, 0.077553191453, 0.033324060076],
      [0.13086827431, 0.5015943443, 0.30647244018, 0.061064941209],
      [0.189819176, 0.5837342061, 0.17320600211, 0.053240615793]
    ],
    [
      [0.71768285352, 0.1163751404, 0.16474341392, 0.0011985921646],
      [0.15003827797, 0.18923945991, 0.65130649283, 0.009415769291],
      [0.085789701426, 0.66342571253, 0.2429440943, 0.0078404917473],
      [0.24140653384, 0.61378002673, 0.1265970765, 0.018216362936],
      [0.10843251575, 0.43482579046, 0.4287843251, 0.027957368683],
      [0.16812264804, 0.54041846814, 0.26482635089, 0.026632532927]
    ],
    [
      [0.84819436901, 0.032905533272, 0.086822437756, 0.032077659959],
      [0.17023270218, 0.060608099532, 0.41413477021, 0.35502442809],
      [0.12514244705, 0.30065011537, 0.19278241989, 0.38142501769],
      [0.19609671108, 0.14044900997, 0.052028095695, 0.61142618325],
      [0.050754058996, 0.0592690856, 0.11102792446, 0.77894893094],
      [0.086362338328, 0.079783010387, 0.072386027314, 0.76146862397]
    ],
    [
      [0.67647325646, 0.15071371064, 0.17011903181, 0.0026940010926],
      [0.1272128718, 0.22677869113, 0.62629660302, 0.019711834062],
      [0.064302919777, 0.71592295823, 0.20524182918, 0.014532292814],
      [0.18450511865, 0.67230299492, 0.10854135531, 0.034650531127],
      [0.084438269766, 0.48345278149, 0.37728324594, 0.054825702809],
      [0.12866408544, 0.59196078033, 0.22817491492, 0.051200219315]
    ],
    [
      [0.82906432617, 0.063980292343, 0.10597947576, 0.00097590573367],
      [0.23682376589, 0.14852541334, 0.60369868902, 0.01095213175],
      [0.15016120188, 0.59038812711, 0.24925285409, 0.010197816923],
      [0.3817742266, 0.48219272571, 0.11496108819, 0.021071959504],
      [0.18074837637, 0.36461934865, 0.41980938265, 0.034822892337],
      [0.27462112969, 0.44190027823, 0.2512493383, 0.032229253777]
    ],
    [
      [0.84099472587, 0.072560140065, 0.08467059475, 0.0017745393128],
      [0.23320967637, 0.19165841431, 0.55220773734, 0.022924171985],
      [0.11837609842, 0.68178398657, 0.18239601964, 0.017443895365],
      [0.31963462264, 0.55621281792, 0.086129289789, 0.038023269656],
      [0.15600414607, 0.43732936799, 0.33674059974, 0.069925886201],
      [0.23056288282, 0.51571706177, 0.19236405992, 0.061355995499]
    ],
    [
      [0.71529432102, 0.12525640757, 0.14829753676, 0.011151734651],
      [0.13566968868, 0.19857815535, 0.5771521653, 0.088599990672],
      [0.07079982651, 0.66681456012, 0.19484275793, 0.067542855446],
      [0.18648876962, 0.567047213, 0.093774379382, 0.152689638],
      [0.079405327713, 0.37869354764, 0.30622909501, 0.23567202964],
      [0.12245416225, 0.47009398988, 0.18665827134, 0.22079357653]
    ],
    [
      [0.75991323386, 0.10332444296, 0.13183068449, 0.0049316386816],
      [0.1810013493, 0.18961902581, 0.58544727232, 0.043932352571],
      [0.10162490677, 0.64718149675, 0.21532963525, 0.03586396123],
      [0.26414988568, 0.55433518407, 0.10401317815, 0.077501752093],
      [0.12085846264, 0.40069581392, 0.35688420946, 0.12156151398],
      [0.18342786679, 0.48686596359, 0.21637280532, 0.11333336431]
    ],
    [
      [0.68137966793, 0.11328429882, 0.20011434671, 0.0052216865457],
      [0.12383782264, 0.15893930903, 0.68164063379, 0.035582234549],
      [0.07802143645, 0.60889063369, 0.28050142007, 0.032586509791],
      [0.21792785049, 0.56086032736, 0.14547126369, 0.07574055846],
      [0.088742209947, 0.36038557452, 0.44520056829, 0.10567164724],
      [0.14311387061, 0.46559504378, 0.28653390475, 0.10475718085]
    ],
    [
      [0.820615528, 0.060935639517, 0.11601828061, 0.0024305518758],
      [0.23086972224, 0.1324580946, 0.6110519005, 0.025620282655],
      [0.15657101917, 0.54670621886, 0.27143079312, 0.025291968851],
      [0.38430071195, 0.44082176967, 0.12344438526, 0.051433133116],
      [0.17567205256, 0.31907100359, 0.42454810901, 0.080708834846],
      [0.27037093017, 0.39276729959, 0.2606131709, 0.076248599329]
    ],
    [
      [0.71110528888, 0.09137510705, 0.18409101209, 0.013428591985],
      [0.13274143852, 0.1314435696, 0.64173899558, 0.094075996295],
      [0.089227874122, 0.53663540746, 0.28224709192, 0.091889626505],
      [0.22573415607, 0.44754867789, 0.13263854995, 0.19407861609],
      [0.086982983984, 0.27230051947, 0.38365650317, 0.25705999338],
      [0.14115995312, 0.35387131648, 0.24864792116, 0.25632080924]
    ],
    [
      [0.72910515769, 0.094433936482, 0.17487405839, 0.0015868474413],
      [0.15205488836, 0.15217595606, 0.68339944425, 0.012369711334],
      [0.098539622599, 0.60012705597, 0.28966799743, 0.011665324002],
      [0.27407404817, 0.54963854874, 0.14943902403, 0.026848379053],
      [0.11623844139, 0.36828071309, 0.47657837882, 0.038902466696],
      [0.18593103655, 0.47168266664, 0.30413545772, 0.038250839091]
    ],
    [
      [0.72906090211, 0.093806974065, 0.1753949085, 0.0017372153244],
      [0.1525047385, 0.1508847349, 0.68308997602, 0.013520550577],
      [0.099328800215, 0.59657587125, 0.29129040705, 0.012804921486],
      [0.27528074368, 0.54529544895, 0.15001870793, 0.029405099436],
      [0.11653985972, 0.36455399542, 0.4764213105, 0.042484834363],
      [0.18649862079, 0.46716041133, 0.30453093867, 0.041810029219]
    ],
    [
      [0.69356651296, 0.13578002119, 0.16876573847, 0.0018877273755],
      [0.14040600755, 0.21097026388, 0.63443724597, 0.014186482603],
      [0.075640034345, 0.6894302024, 0.22381994743, 0.011109815831],
      [0.21353730768, 0.64285555135, 0.11760552006, 0.026001620903],
      [0.097188648448, 0.46167827119, 0.40080627496, 0.040326805404],
      [0.149056614, 0.56716788539, 0.24572876938, 0.038046731228]
    ],
    [
      [0.69397203096, 0.13234472306, 0.17184310652, 0.0018401394621],
      [0.13912893259, 0.2043988838, 0.64272602075, 0.013746162859],
      [0.076368717896, 0.68176400824, 0.23089380078, 0.010973473085],
      [0.21613219196, 0.63665312488, 0.12148367624, 0.025731006917],
      [0.097371234155, 0.45267033994, 0.41042068399, 0.039537741918],
      [0.15021243208, 0.55935855712, 0.25291919313, 0.037509817668]
    ],
    [
      [0.82838280839, 0.045933027485, 0.12563222096, 5.1943164623e-05],
      [0.13837365834, 0.096548381658, 0.76470257509, 0.00037538490835],
      [0.10353298353, 0.56479511529, 0.33121180382, 0.00046009735334],
      [0.33221104634, 0.50116812842, 0.16593663051, 0.0006841947305],
      [0.12201085809, 0.29912232649, 0.57831554743, 0.00055126798692],
      [0.21449722905, 0.42401632846, 0.3608550312, 0.0006314112798]
    ],
    [
      [0.87055952011, 0.041173436667, 0.08816137209, 0.00010567112857],
      [0.20231522019, 0.11887324119, 0.67754598319, 0.0012655554277],
      [0.13332552449, 0.58424487145, 0.28110659561, 0.0013230084542],
      [0.39757436676, 0.46997362689, 0.13010927819, 0.0023427281633],
      [0.16438416864, 0.33744056056, 0.49497002692, 0.0032052438871],
      [0.27062493101, 0.43187084254, 0.29437426197, 0.0031299644731]
    ],
    [
      [0.83330566433, 0.071446114234, 0.094044281456, 0.0012039399781],
      [0.2400601774, 0.17533077795, 0.5702919372, 0.014317107449],
      [0.1359280313, 0.64255686734, 0.20951859514, 0.011996506218],
      [0.35238419598, 0.52530481924, 0.097203090055, 0.025107894725],
      [0.17223636986, 0.41185019993, 0.37217452449, 0.043738905721],
      [0.25616077918, 0.48823582946, 0.21628341902, 0.039319972344]
    ],
    [
      [0.72748241221, 0.10267880803, 0.16865981827, 0.0011789614976],
      [0.15236862803, 0.16790138043, 0.67041688637, 0.0093131051636],
      [0.093334614855, 0.63020511373, 0.26814678747, 0.0083134839473],
      [0.2617112414, 0.58006045742, 0.13900414406, 0.019224157118],
      [0.11410858879, 0.39957614708, 0.45763783823, 0.028677425896],
      [0.17999413312, 0.50482689931, 0.28739652275, 0.027782444816]
    ],
    [
      [0.73827695531, 0.10451257449, 0.15481214025, 0.0023983299464],
      [0.16447010313, 0.17806842444, 0.6376881205, 0.019773351919],
      [0.097423472091, 0.637989136, 0.24756764502, 0.017019746889],
      [0.26440090044, 0.57215019583, 0.12513155009, 0.038317353641],
      [0.11832371689, 0.40433449272, 0.41890738057, 0.058434409815],
      [0.18329644772, 0.50147188007, 0.25954233377, 0.055689338431]
    ],
    [
      [0.74285422642, 0.10799650132, 0.14420002056, 0.0049492516981],
      [0.16832478714, 0.18694757012, 0.60323353258, 0.041494110158],
      [0.095962332265, 0.644217273, 0.2254554244, 0.034364970332],
      [0.25288114264, 0.56119122121, 0.11070913514, 0.07521850101],
      [0.1137504217, 0.39860318087, 0.37227734203, 0.11536905541],
      [0.17425271483, 0.48885965452, 0.22816458058, 0.10872305008]
    ],
    [
      [0.71351989703, 0.13000941799, 0.15250224407, 0.0039684409085],
      [0.14944914782, 0.21291550565, 0.60604243352, 0.031592913009],
      [0.078740069722, 0.68832859713, 0.2086957513, 0.024235581849],
      [0.21650640325, 0.62177828424, 0.10629294852, 0.055422363988],
      [0.09890064923, 0.44822303336, 0.36569435606, 0.087181961352],
      [0.15045630438, 0.54640116335, 0.2217658842, 0.081376648068]
    ],
    [
      [0.79257754102, 0.085028321513, 0.12071583182, 0.0016783056514],
      [0.21170359547, 0.17411104979, 0.59756063736, 0.016624717382],
      [0.12579212063, 0.62707481528, 0.23277131095, 0.014361753136],
      [0.32431083173, 0.53336547633, 0.11164457935, 0.030679112596],
      [0.15385799866, 0.39984578419, 0.39663711534, 0.049659101816],
      [0.23206676098, 0.48273711675, 0.2391439089, 0.046052213369]
    ],
    [
      [0.781824229, 0.10490191649, 0.11287478048, 0.00039907402998],
      [0.18248250955, 0.22114877973, 0.59245662803, 0.0039120826917],
      [0.088321022189, 0.72448403397, 0.1843679512, 0.0028269926417],
      [0.25231527881, 0.64787912929, 0.093604839409, 0.0062007524873],
      [0.12355556015, 0.50318819134, 0.36284747939, 0.01040876912],
      [0.18309820042, 0.59882102301, 0.20873211053, 0.0093486660488]
    ],
    [
      [0.82604519897, 0.082651357052, 0.091287467994, 1.5975983129e-05],
      [0.13614648767, 0.22947717919, 0.63428118276, 9.51503819e-05],
      [0.043768697925, 0.8284555001, 0.12772435843, 5.144354063e-05],
      [0.14258542987, 0.78217387831, 0.075203308349, 3.7383466232e-05],
      [0.080094800032, 0.59115154081, 0.32874064845, 1.3010705016e-05],
      [0.1094492407, 0.7181007829, 0.17243691116, 1.3065238207e-05]
    ],
    [
      [0.71236080887, 0.15301066853, 0.13147365237, 0.0031548702242],
      [0.15509925337, 0.2632187646, 0.55525663516, 0.026425346875],
      [0.071079744944, 0.74684278028, 0.16442668186, 0.017650792918],
      [0.1969377532, 0.67827797373, 0.08413677501, 0.040647498065],
      [0.096307096813, 0.52284075727, 0.31215479651, 0.068697349406],
      [0.14129700693, 0.61519916084, 0.18176585202, 0.061737980209]
    ],
    [
      [0.7272145424, 0.081173501538, 0.19027321441, 0.0013387416451],
      [0.14009270695, 0.12567004469, 0.72420894939, 0.010028298965],
      [0.099615519945, 0.55624752011, 0.33371144919, 0.010425510759],
      [0.28479992352, 0.51659312359, 0.17414313256, 0.024463820335],
      [0.11283856275, 0.32385946533, 0.52981297713, 0.033488994792],
      [0.18741032115, 0.43091872058, 0.34758795175, 0.034083006524]
    ],
    [
      [0.71702115011, 0.1057062827, 0.17471846558, 0.0025541016132],
      [0.13875046816, 0.16626589383, 0.67544407898, 0.019539559035],
      [0.084216213447, 0.63295342268, 0.26548255181, 0.017347812066],
      [0.23886884342, 0.58287972354, 0.13756454326, 0.040686889783],
      [0.10138486603, 0.39059643353, 0.44791326669, 0.060105433749],
      [0.16132972128, 0.49852268144, 0.28163252987, 0.05851506741]
    ],
    [
      [0.77820586971, 0.076789504832, 0.14337187656, 0.0016327488946],
      [0.18973454631, 0.14404209165, 0.65140279678, 0.014820565259],
      [0.12546952014, 0.57820935794, 0.28206451043, 0.014256611496],
      [0.33005968501, 0.50111756242, 0.13777383243, 0.031048920136],
      [0.14586588789, 0.35012813307, 0.45712897836, 0.046877000684],
      [0.22884367339, 0.43962005112, 0.28633267159, 0.045203603905]
    ],
    [
      [0.78712197544, 0.072796007896, 0.13882118117, 0.001260835489],
      [0.19705534842, 0.14071494282, 0.65044438331, 0.011785325458],
      [0.13173913316, 0.57212946642, 0.28466200846, 0.011469391964],
      [0.34471623899, 0.49240357937, 0.13807968781, 0.024800493832],
      [0.15340111904, 0.34669226163, 0.46217536867, 0.037731250659],
      [0.24031498924, 0.43455909733, 0.28881077916, 0.036315134277]
    ],
    [
      [0.33311929557, 0.26529682931, 0.40122562323, 0.00035825188597],
      [0.025047824078, 0.18653818364, 0.78732557435, 0.0010884179319],
      [0.013750000923, 0.74826938222, 0.2371129827, 0.00086763415767],
      [0.042006539669, 0.81912424973, 0.13684245356, 0.0020267570473],
      [0.018999794573, 0.48901764702, 0.48956665474, 0.002415903667],
      [0.029674915436, 0.67122393139, 0.29659500421, 0.0025061489578]
    ],
    [
      [0.7109589208, 0.1019047754, 0.18364961395, 0.0034866898582],
      [0.13236905881, 0.15366798952, 0.68813210009, 0.025830851583],
      [0.083885178716, 0.61252815251, 0.27968389395, 0.023902774819],
      [0.23699498543, 0.56240734733, 0.14411999229, 0.056477674951],
      [0.09743162443, 0.36388371289, 0.45718135393, 0.081503308757],
      [0.15721686854, 0.47170166011, 0.29064381686, 0.080437654489]
    ],
    [
      [0.78818228192, 0.061031768023, 0.14887214227, 0.0019138077911],
      [0.19006523971, 0.11421517365, 0.6783232023, 0.017396384342],
      [0.14012298025, 0.51480605162, 0.32639128437, 0.018679683762],
      [0.36421537874, 0.43881063945, 0.15672281866, 0.040251163149],
      [0.15292211934, 0.29143747254, 0.49747751354, 0.058162894569],
      [0.24670945946, 0.37633166376, 0.31936828378, 0.057590592998]
    ],
    [
      [0.80972349057, 0.071530445119, 0.11575664162, 0.0029894226914],
      [0.21802358706, 0.15171840117, 0.59922631604, 0.031031695735],
      [0.13676494919, 0.59002392919, 0.24481789665, 0.028393224973],
      [0.34396947621, 0.48329870633, 0.1132567399, 0.059475077558],
      [0.15797028762, 0.35129007771, 0.395341349, 0.095398285666],
      [0.24140012508, 0.4297697049, 0.23972692504, 0.089103244979]
    ],
    [
      [0.7452336955, 0.117644964, 0.13360317138, 0.0035181691217],
      [0.1649100039, 0.21177317132, 0.59217383513, 0.031142989653],
      [0.085529159325, 0.69244239077, 0.1984329023, 0.0235955476],
      [0.23359277077, 0.61334054042, 0.099158461907, 0.053908226904],
