{
  "Z_true": {},
  "V_true": [
    [21, 863, 288, 365],
    [73, 339, 2763, 154],
    [112, 303, 9907, 136],
    [159, 12418, 1848, 266],
    [794, 472, 1595, 69],
    [58, 278, 484, 206]
  ],
  "p_true": [
    [0.0137, 0.5615, 0.1874, 0.2375],
    [0.0219, 0.1018, 0.83, 0.0463],
    [0.0107, 0.029, 0.9473, 0.013],
    [0.0108, 0.8453, 0.1258, 0.0181],
    [0.271, 0.1611, 0.5444, 0.0235],
    [0.0565, 0.271, 0.4717, 0.2008]
  ],
  "Z_est": [
    [
      [0, 0.324, 1.404, 3.996, 0.108, 2.7, 0, 1.944, 0.972, 1.944, 2.7, 3.888, 1.296, 4.212, 3.78, 12.204, 1.512, 0.108, 5.184, 3.348, 3.888, 1.404, 2.376, 0.432, 1.512, 1.188, 0.864, 2.7, 0.756, 2.808, 1.944, 2.916, 3.24, 5.184, 2.052, 1.296, 0.324, 1.836, 3.24, 0.756, 2.16, 3.672, 3.132, 1.728, 3.348, 0.54, 43.74, 4.104, 9.18, 2.052],
      [0, 0.852, 3.692, 10.508, 0.284, 7.1, 0, 5.112, 2.556, 5.112, 7.1, 10.224, 3.408, 11.076, 9.94, 32.092, 3.976, 0.284, 13.632, 8.804, 10.224, 3.692, 6.248, 1.136, 3.976, 3.124, 2.272, 7.1, 1.988, 7.384, 5.112, 7.668, 8.52, 13.632, 5.396, 3.408, 0.852, 4.828, 8.52, 1.988, 5.68, 9.656, 8.236, 4.544, 8.804, 1.42, 115.02, 10.792, 24.14, 5.396],
      [0, 1.2324, 5.3404, 15.1996, 0.4108, 10.27, 0, 7.3944, 3.6972, 7.3944, 10.27, 14.7888, 4.9296, 16.0212, 14.378, 46.4204, 5.7512, 0.4108, 19.7184, 12.7348, 14.7888, 5.3404, 9.0376, 1.6432, 5.7512, 4.5188, 3.2864, 10.27, 2.8756, 10.6808, 7.3944, 11.0916, 12.324, 19.7184, 7.8052, 4.9296, 1.2324, 6.9836, 12.324, 2.8756, 8.216, 13.9672, 11.9132, 6.5728, 12.7348, 2.054, 166.374, 15.6104, 34.918, 7.8052],
      [0, 0.5916, 2.5636, 7.2964, 0.1972, 4.93, 0, 3.5496, 1.7748, 3.5496, 4.93, 7.0992, 2.3664, 7.6908, 6.902, 22.2836, 2.7608, 0.1972, 9.4656, 6.1132, 7.0992, 2.5636, 4.3384, 0.7888, 2.7608, 2.1692, 1.5776, 4.93, 1.3804, 5.1272, 3.5496, 5.3244, 5.916, 9.4656, 3.7468, 2.3664, 0.5916, 3.3524, 5.916, 1.3804, 3.944, 6.7048, 5.7188, 3.1552, 6.1132, 0.986, 79.866, 7.4936, 16.762, 3.7468]
    ],
    [
      [0.0418, 0.1672, 0.7942, 2.4244, 0.0418, 2.1318, 0.1254, 0.7106, 1.1704, 0.9614, 4.6398, 4.3472, 1.9228, 2.6334, 5.4758, 2.299, 1.5048, 0.1672, 2.508, 1.7138, 4.0128, 0.9196, 2.6752, 0.3762, 1.672, 0.7524, 1.3376, 3.7202, 0.4598, 2.5916, 0.8778, 0.2926, 3.0096, 3.3858, 1.672, 1.0032, 0.209, 1.5048, 2.1736, 0.9196, 1.5466, 1.672, 3.2186, 1.5466, 3.3022, 0.209, 37.7036, 5.3504, 10.4918, 4.7652],
      [0.1361, 0.5444, 2.5859, 7.8938, 0.1361, 6.9411, 0.4083, 2.3137, 3.8108, 3.1303, 15.1071, 14.1544, 6.2606, 8.5743, 17.8291, 7.4855, 4.8996, 0.5444, 8.166, 5.5801, 13.0656, 2.9942, 8.7104, 1.2249, 5.444, 2.4498, 4.3552, 12.1129, 1.4971, 8.4382, 2.8581, 0.9527, 9.7992, 11.0241, 5.444, 3.2664, 0.6805, 4.8996, 7.0772, 2.9942, 5.0357, 5.444, 10.4797, 5.0357, 10.7519, 0.6805, 122.7622, 17.4208, 34.1611, 15.5154],
      [0.7609, 3.0436, 14.4571, 44.1322, 0.7609, 38.8059, 2.2827, 12.9353, 21.3052, 17.5007, 84.4599, 79.1336, 35.0014, 47.9367, 99.6779, 41.8495, 27.3924, 3.0436, 45.654, 31.1969, 73.0464, 16.7398, 48.6976, 6.8481, 30.436, 13.6962, 24.3488, 67.7201, 8.3699, 47.1758, 15.9789, 5.3263, 54.7848, 61.6329, 30.436, 18.2616, 3.8045, 27.3924, 39.5668, 16.7398, 28.1533, 30.436, 58.5893, 28.1533, 60.1111, 3.8045, 686.3318, 97.3952, 190.9859, 86.7426],
      [0.0612, 0.2448, 1.1628, 3.5496, 0.0612, 3.1212, 0.1836, 1.0404, 1.7136, 1.4076, 6.7932, 6.3648, 2.8152, 3.8556, 8.0172, 3.366, 2.2032, 0.2448, 3.672, 2.5092, 5.8752, 1.3464, 3.9168, 0.5508, 2.448, 1.1016, 1.9584, 5.4468, 0.6732, 3.7944, 1.2852, 0.4284, 4.4064, 4.9572, 2.448, 1.4688, 0.306, 2.2032, 3.1824, 1.3464, 2.2644, 2.448, 4.7124, 2.2644, 4.8348, 0.306, 55.2024, 7.8336, 15.3612, 6.9768]
    ],
    [
      [0.033, 0.1485, 2.5575, 4.983, 0.0495, 4.422, 0.0495, 3.4815, 2.9205, 3.8775, 3.2505, 3.7125, 1.3695, 1.6665, 3.5145, 6.468, 3.927, 0.033, 5.5275, 3.0195, 5.4945, 0.957, 1.32, 0.1815, 1.0395, 1.221, 1.254, 4.752, 1.221, 2.442, 1.5015, 1.155, 3.1515, 4.356, 3.2835, 1.4355, 0.099, 1.98, 3.531, 2.178, 4.5045, 2.178, 4.6695, 1.6335, 4.554, 0.1815, 39.534, 6.105, 9.9165, 1.716],
      [0.0764, 0.3438, 5.921, 11.5364, 0.1146, 10.2376, 0.1146, 8.0602, 6.7614, 8.977, 7.5254, 8.595, 3.1706, 3.8582, 8.1366, 14.9744, 9.0916, 0.0764, 12.797, 6.9906, 12.7206, 2.2156, 3.056, 0.4202, 2.4066, 2.8268, 2.9032, 11.0016, 2.8268, 5.6536, 3.4762, 2.674, 7.2962, 10.0848, 7.6018, 3.3234, 0.2292, 4.584, 8.1748, 5.0424, 10.4286, 5.0424, 10.8106, 3.7818, 10.5432, 0.4202, 91.5272, 14.134, 22.9582, 3.9728],
      [1.8666, 8.3997, 144.6615, 281.8566, 2.7999, 250.1244, 2.7999, 196.9263, 165.1941, 219.3255, 183.8601, 209.9925, 77.4639, 94.2633, 198.7929, 365.8536, 222.1254, 1.8666, 312.6555, 170.7939, 310.7889, 54.1314, 74.664, 10.2663, 58.7979, 69.0642, 70.9308, 268.7904, 69.0642, 138.1284, 84.9303, 65.331, 178.2603, 246.3912, 185.7267, 81.1971, 5.5998, 111.996, 199.7262, 123.1956, 254.7909, 123.1956, 264.1239, 92.3967, 257.5908, 10.2663, 2236.1868, 345.321, 560.9133, 97.0632],
      [0.024, 0.108, 1.86, 3.624, 0.036, 3.216, 0.036, 2.532, 2.124, 2.82, 2.364, 2.7, 0.996, 1.212, 2.556, 4.704, 2.856, 0.024, 4.02, 2.196, 3.996, 0.696, 0.96, 0.132, 0.756, 0.888, 0.912, 3.456, 0.888, 1.776, 1.092, 0.84, 2.292, 3.168, 2.388, 1.044, 0.072, 1.44, 2.568, 1.584, 3.276, 1.584, 3.396, 1.188, 3.312, 0.132, 28.752, 4.44, 7.212, 1.248]
    ],
    [
      [0.0752, 0.094, 1.2502, 2.4628, 0.0094, 2.9422, 0.1034, 0.94, 1.5322, 0.799, 4.23, 5.358, 2.4064, 2.867, 3.4404, 8.977, 2.0304, 0.0846, 5.405, 3.3088, 3.5532, 1.1938, 1.4006, 0.1222, 1.8706, 0.5264, 0.94, 3.4592, 0.5828, 1.7202, 0.987, 2.0774, 2.2936, 4.2018, 1.88, 1.1186, 0.1128, 0.9682, 1.9646, 0.8178, 1.2784, 2.1526, 3.0644, 0.9118, 3.5626, 0.6956, 33.9904, 3.2242, 7.4448, 1.6638],
      [6.832, 8.54, 113.582, 223.748, 0.854, 267.302, 9.394, 85.4, 139.202, 72.59, 384.3, 486.78, 218.624, 260.47, 312.564, 815.57, 184.464, 7.686, 491.05, 300.608, 322.812, 108.458, 127.246, 11.102, 169.946, 47.824, 85.4, 314.272, 52.948, 156.282, 89.67, 188.734, 208.376, 381.738, 170.8, 101.626, 10.248, 87.962, 178.486, 74.298, 116.144, 195.566, 278.404, 82.838, 323.666, 63.196, 3088.064, 292.922, 676.368, 151.158],
      [1.0192, 1.274, 16.9442, 33.3788, 0.1274, 39.8762, 1.4014, 12.74, 20.7662, 10.829, 57.33, 72.618, 32.6144, 38.857, 46.6284, 121.667, 27.5184, 1.1466, 73.255, 44.8448, 48.1572, 16.1798, 18.9826, 1.6562, 25.3526, 7.1344, 12.74, 46.8832, 7.8988, 23.3142, 13.377, 28.1554, 31.0856, 56.9478, 25.48, 15.1606, 1.5288, 13.1222, 26.6266, 11.0838, 17.3264, 29.1746, 41.5324, 12.3578, 48.2846, 9.4276, 460.6784, 43.6982, 100.9008, 22.5498],
      [0.0736, 0.092, 1.2236, 2.4104, 0.0092, 2.8796, 0.1012, 0.92, 1.4996, 0.782, 4.14, 5.244, 2.3552, 2.806, 3.3672, 8.786, 1.9872, 0.0828, 5.29, 3.2384, 3.4776, 1.1684, 1.3708, 0.1196, 1.8308, 0.5152, 0.92, 3.3856, 0.5704, 1.6836, 0.966, 2.0332, 2.2448, 4.1124, 1.84, 1.0948, 0.1104, 0.9476, 1.9228, 0.8004, 1.2512, 2.1068, 2.9992, 0.8924, 3.4868, 0.6808, 33.2672, 3.1556, 7.2864, 1.6284]
    ],
    [
      [0, 0.6656, 6.656, 19.6352, 0.1664, 15.808, 0.4992, 6.8224, 5.9904, 9.8176, 6.656, 9.984, 3.6608, 8.8192, 7.6544, 21.4656, 10.9824, 0.3328, 20.4672, 10.4832, 16.1408, 3.6608, 1.9968, 0.832, 3.9936, 2.496, 5.9904, 12.3136, 3.1616, 4.6592, 3.8272, 5.824, 7.8208, 11.9808, 10.4832, 2.1632, 0.4992, 6.9888, 11.4816, 5.9904, 8.9856, 7.488, 17.3056, 5.9904, 11.3152, 2.8288, 104.1664, 10.3168, 27.7888, 2.496],
      [0, 0.8304, 8.304, 24.4968, 0.2076, 19.722, 0.6228, 8.5116, 7.4736, 12.2484, 8.304, 12.456, 4.5672, 11.0028, 9.5496, 26.7804, 13.7016, 0.4152, 25.5348, 13.0788, 20.1372, 4.5672, 2.4912, 1.038, 4.9824, 3.114, 7.4736, 15.3624, 3.9444, 5.8128, 4.7748, 7.266, 9.7572, 14.9472, 13.0788, 2.6988, 0.6228, 8.7192, 14.3244, 7.4736, 11.2104, 9.342, 21.5904, 7.4736, 14.1168, 3.5292, 129.9576, 12.8712, 34.6692, 3.114],
      [0, 2.244, 22.44, 66.198, 0.561, 53.295, 1.683, 23.001, 20.196, 33.099, 22.44, 33.66, 12.342, 29.733, 25.806, 72.369, 37.026, 1.122, 69.003, 35.343, 54.417, 12.342, 6.732, 2.805, 13.464, 8.415, 20.196, 41.514, 10.659, 15.708, 12.903, 19.635, 26.367, 40.392, 35.343, 7.293, 1.683, 23.562, 38.709, 20.196, 30.294, 25.245, 58.344, 20.196, 38.148, 9.537, 351.186, 34.782, 93.687, 8.415],
      [0, 0.26, 2.6, 7.67, 0.065, 6.175, 0.195, 2.665, 2.34, 3.835, 2.6, 3.9, 1.43, 3.445, 2.99, 8.385, 4.29, 0.13, 7.995, 4.095, 6.305, 1.43, 0.78, 0.325, 1.56, 0.975, 2.34, 4.81, 1.235, 1.82, 1.495, 2.275, 3.055, 4.68, 4.095, 0.845, 0.195, 2.73, 4.485, 2.34, 3.51, 2.925, 6.76, 2.34, 4.42, 1.105, 40.69, 4.03, 10.855, 0.975]
    ],
    [
      [0, 0.2682, 0.8046, 4.023, 0.2682, 2.4138, 0, 2.1456, 1.8774, 2.8161, 1.7433, 3.4866, 1.341, 2.1456, 4.4253, 4.023, 2.682, 0.2682, 2.682, 1.2069, 4.023, 0.5364, 2.1456, 1.4751, 1.8774, 0.5364, 1.6092, 2.5479, 0.5364, 3.3525, 1.6092, 0.4023, 1.8774, 2.8161, 1.8774, 1.0728, 0.2682, 1.8774, 1.7433, 1.341, 2.682, 1.7433, 3.3525, 1.7433, 4.1571, 0.2682, 30.5748, 5.364, 11.9349, 3.6207],
      [0, 0.4648, 1.3944, 6.972, 0.4648, 4.1832, 0, 3.7184, 3.2536, 4.8804, 3.0212, 6.0424, 2.324, 3.7184, 7.6692, 6.972, 4.648, 0.4648, 4.648, 2.0916, 6.972, 0.9296, 3.7184, 2.5564, 3.2536, 0.9296, 2.7888, 4.4156, 0.9296, 5.81, 2.7888, 0.6972, 3.2536, 4.8804, 3.2536, 1.8592, 0.4648, 3.2536, 3.0212, 2.324, 4.648, 3.0212, 5.81, 3.0212, 7.2044, 0.4648, 52.9872, 9.296, 20.6836, 6.2748],
      [0, 0.7546, 2.2638, 11.319, 0.7546, 6.7914, 0, 6.0368, 5.2822, 7.9233, 4.9049, 9.8098, 3.773, 6.0368, 12.4509, 11.319, 7.546, 0.7546, 7.546, 3.3957, 11.319, 1.5092, 6.0368, 4.1503, 5.2822, 1.5092, 4.5276, 7.1687, 1.5092, 9.4325, 4.5276, 1.1319, 5.2822, 7.9233, 5.2822, 3.0184, 0.7546, 5.2822, 4.9049, 3.773, 7.546, 4.9049, 9.4325, 4.9049, 11.6963, 0.7546, 86.0244, 15.092, 33.5797, 10.1871],
      [0, 0.5124, 1.5372, 7.686, 0.5124, 4.6116, 0, 4.0992, 3.5868, 5.3802, 3.3306, 6.6612, 2.562, 4.0992, 8.4546, 7.686, 5.124, 0.5124, 5.124, 2.3058, 7.686, 1.0248, 4.0992, 2.8182, 3.5868, 1.0248, 3.0744, 4.8678, 1.0248, 6.405, 3.0744, 0.7686, 3.5868, 5.3802, 3.5868, 2.0496, 0.5124, 3.5868, 3.3306, 2.562, 5.124, 3.3306, 6.405, 3.3306, 7.9422, 0.5124, 58.4136, 10.248, 22.8018, 6.9174]
    ]
  ],
  "V_est": [
    [165.996, 436.508, 631.3996, 303.0964],
    [139.1522, 453.0769, 2533.0361, 203.7348],
    [172.557, 399.4956, 9760.4514, 125.496],
    [138.0954, 12546.114, 1871.6334, 135.1572],
    [487.552, 608.268, 1643.73, 190.45],
    [137.5866, 238.4424, 387.1098, 262.8612]
  ],
  "p_est": [
    [0.108, 0.284, 0.4108, 0.1972],
    [0.0418, 0.1361, 0.7609, 0.0612],
    [0.0165, 0.0382, 0.9333, 0.012],
    [0.0094, 0.854, 0.1274, 0.0092],
    [0.1664, 0.2076, 0.561, 0.065],
    [0.1341, 0.2324, 0.3773, 0.2562]
  ],
  "EI_Z": {},
  "EI_V": 4.3274,
  "MAE_Z": {},
  "MAE_V": 122.5046,
  "MAE_p": 0.0541,
  "runtime": 122.218
}
