{
  "Z_true": {},
  "V_true": [
    [4, 618, 53, 1156, 74],
    [259, 1342, 299, 17329, 992],
    [149, 124, 8220, 620, 544],
    [691, 22, 373, 329, 143],
    [42, 94, 448, 599, 1020]
  ],
  "p_true": [
    [0.0021, 0.3244, 0.0278, 0.6068, 0.0388],
    [0.0128, 0.0664, 0.0148, 0.857, 0.0491],
    [0.0154, 0.0128, 0.8512, 0.0642, 0.0563],
    [0.4435, 0.0141, 0.2394, 0.2112, 0.0918],
    [0.0191, 0.0427, 0.2034, 0.2719, 0.463]
  ],
  "Z_est": [
    [
      [0.997, 2, 4, 2, 1.9999, 2, 4, 3, 1.9997, 2.9999, 3, 2, 0.736, 0.9958, 0.2471, 0.8161, 0.2258, 0, 0, 0, 0.3794, 3, 3, 3, 3, 3, 0, 4, 0.5579, 2.0001, 1, 2, 2, 3, 3, 2, 2.9998, 2, 3, 3, 3, 1.9999, 3, 2.0066, 0, 6, 3, 2.0003, 3, 3, 3, 2, 5, 2, 2, 2, 2, 2, 2, 1.9976, 2, 6, 2, 4, 3],
      [0.9988, 1, 6, 2, 10.9997, 1, 2, 2, 0.0003, 7.5764e-07, 2.5285e-16, 1, 1.3043, 1.9248, 1.5403, 1.6463, 2.3433, 0.416, 1.4434, 0.8808, 3.8722, 1.0408e-09, 1, 2, 1, 1, 1.5101, 10, 0.6394, 2.467e-09, 7.706e-06, 1, 3.6426e-19, 4.6573e-09, 2, 9.3952e-09, 0, 3.4237e-17, 4, 1, 2, 2, 2, 2.3886, 0.2682, 13, 1, 0.9991, 3, 2.4598e-12, 2, 1, 5, 2, 1, 2, 2.6123e-10, 2, 1, 1, 1.8382e-17, 9, 1, 16, 6],
      [2.9965, 4, 25, 4, 11.0003, 2, 8, 5, 2.0008, 1, 3, 4, 2.0054, 2.9218, 1.161, 1.1201, 1.7007, 0.507, 1.2093, 1.1231, 1.8281, 11, 7, 11, 5, 3, 2.9315, 23, 1.944, 6.9999, 2.9999, 8, 4, 3, 10, 2, 1.9991, 7, 14, 4, 6, 2, 6, 0.999, 1.0038, 16, 6, 5.002, 8, 1, 5, 1, 24, 4, 2, 7, 2, 20, 10, 4.9976, 3, 54, 2, 34, 10],
      [7.0064, 15, 51, 10, 53.9998, 12, 30, 21, 5.9989, 8, 13, 11, 6.1554, 8.0731, 3.7563, 4.1081, 3.3747, 1.077, 3.0295, 3.5526, 5.2872, 8, 11, 16, 17, 11, 3.9639, 47, 4.5756, 2, 2, 14, 8, 6, 22, 4, 4.9988, 12, 34, 16, 18, 7.0001, 19, 4.5337, 0.6987, 51, 24, 8.9996, 29, 8, 19, 5, 48, 14, 9, 19, 7, 23, 16, 3.0012, 6, 87, 8, 70, 27],
      [0.0013, 2, 6, 1, 3.0002, 1, 4, 3, 0.0003, 0, 1, 2, 0.7988, 1.0845, 0.2954, 0.3095, 0.3556, 0, 0.3179, 0.4435, 0.633, 2, 1, 3, 2, 1, 0.5945, 6, 0.283, 2.9192e-07, 0, 2, 1, 2.1188e-09, 3, 4.7097e-09, 0.0023, 2, 4, 1, 2, 1, 1, 0.072, 0.0293, 4, 3, 0.9991, 3, 1, 2, 1, 7, 1, 2.7595e-08, 1, 1.6782e-09, 3, 1, 0.0036, 1, 9, 8.7337e-06, 12, 4]
    ],
    [
      [1.9982, 23, 18, 10, 0.9999, 17, 19, 19, 3.9997, 5.9999, 20, 12, 0.8825, 0.0007, 0.5664, 0.9856, 0.6516, 0, 0, 0, 0.4482, 3, 23, 5, 29, 18, 0, 9, 0.9413, 3, 4.9999, 16, 16, 9, 35, 9, 6.9979, 19, 12, 11, 15, 5, 12, 5.2248, 0, 11, 27, 1.9974, 19, 9, 20, 9, 17, 9, 5, 6, 10, 9, 6, 4, 21, 23, 7, 18, 4],
      [6.0022, 26, 50, 21, 21, 33, 31, 32, 15, 9.9999, 19, 13, 5.0688, 9.0693, 4.9075, 4.0569, 6.789, 1.1353, 4.3236, 3.9106, 7.9516, 9, 23, 22, 36, 23, 4.0117, 44, 2.0862, 5.9996, 1, 17, 17, 13, 38, 15, 10.9977, 17, 43, 22, 26, 24.9999, 18, 7.9676, 2.5723, 36, 31, 12.999, 40, 16, 35, 12, 45, 10, 16.9999, 24, 11, 17, 13, 5.9988, 13, 68, 17, 114, 23],
      [41.9911, 108, 222, 48, 24.0004, 43, 86, 74, 54.9989, 26, 75, 58, 11.1161, 20.917, 6.5659, 12.2599, 7.2055, 1.5144, 4.3498, 7.0763, 4.6815, 78, 250, 96, 136, 76, 10.0058, 102, 7.6987, 57.0001, 63.9997, 135, 169, 65, 220, 104, 29.9998, 185, 162, 64, 76, 18, 56, 7.7611, 9.8073, 45, 103, 32.0026, 122, 34, 75, 32, 187, 54, 38.9999, 85, 42, 208, 75, 45.0034, 119, 369, 42, 244, 32],
      [98.0117, 343, 444, 122, 106.0003, 256, 316, 277, 145.0011, 130.0002, 290, 146, 26.4532, 47.0157, 16.214, 30.3707, 10.7543, 3.3503, 11.3308, 20.5659, 13.2517, 55, 379, 136, 401, 240, 12.4177, 205, 15.5633, 19.9999, 50.0005, 221, 288, 107, 447, 184, 76.0082, 304, 381, 225, 208, 65.0002, 162, 29.2928, 11.1512, 140, 402, 61.0024, 406, 160.0001, 276, 101, 369, 158, 138.0002, 237, 140, 229, 121, 31.0025, 226, 589, 131, 500, 86],
      [10.9968, 45, 59, 14, 6.9995, 34, 41, 46, 19.0003, 14.9999, 30, 29, 4.4794, 7.9973, 1.7462, 6.327, 2.5996, 0, 1.9958, 3.4473, 2.667, 14, 54, 26, 52, 34, 1.5648, 28, 1.7105, 4.0003, 7.9999, 32, 50, 15, 63, 21, 5.9964, 51, 53, 24, 27, 12.9999, 14, 1.7538, 0.4692, 12, 51, 6.9986, 43, 20, 31, 20, 57, 19, 9.9999, 23, 11, 34, 10, 7.9953, 49, 65, 13, 89, 13]
    ],
    [
      [1.0035, 7, 10, 4, 0.0001, 2, 5, 5, 1.0005, 1, 5, 4, 0.344, 0.0033, 0.1387, 0.1172, 0.084, 0, 0, 0, 0.1363, 5, 15, 4, 9, 5, 0, 5, 0.3585, 6.9998, 5, 9, 8, 4, 16, 4, 2.001, 10, 5, 3, 5, 1, 3, 0.7184, 0, 3, 6, 1.0023, 5, 1, 5, 2, 9, 3, 1, 2, 2, 9, 4, 5.0012, 11, 15, 2, 9, 1],
      [1.999, 9, 29, 7, 5.0002, 6, 8, 8, 3.9995, 1, 4, 8, 3.4996, 1.9197, 1.8761, 1.0927, 3.2838, 0.4487, 1.4835, 1.77, 2.2543, 10, 14, 14, 11, 6, 3.056, 23, 0.9804, 11.0001, 5.8247e-06, 10, 9, 7, 17, 7, 3.9999, 10, 19, 7, 10, 5, 7, 0.8813, 1.737, 11, 6, 7.0009, 11, 2, 9, 2, 23, 3, 4.0001, 8, 4, 16, 9, 5, 5, 46, 5, 55, 9],
      [22.0049, 35, 131, 22, 7.9994, 9, 26, 20, 22.0005, 7.9999, 21, 26, 8.0472, 9.1526, 2.5027, 4.2705, 4.375, 0.9786, 1.8877, 4.7664, 2.5038, 120, 168, 70, 46, 24, 10.6986, 56, 5.53, 135, 86.0004, 80, 94, 35, 103, 59, 14.0011, 110, 75, 23, 31, 5.0001, 21, 2.4715, 10.0296, 18, 25, 20.9964, 38, 10, 23, 11, 105, 18, 11.0001, 33, 16, 207, 52, 60.9944, 64, 254, 14, 120, 14],
      [51.9925, 110, 264, 48, 26, 44, 89, 73, 57.9992, 32, 75, 66, 16.8016, 17.9983, 6.0269, 9.3259, 6.0891, 1.5727, 3.7504, 8.9908, 5.1158, 84, 253, 98, 131, 70, 10.9073, 113, 9.9913, 46.0003, 66.9995, 131, 159, 55, 207, 99, 30.9954, 179, 174, 76, 81, 14.9998, 55, 7.8748, 8.8649, 48, 89, 35.9993, 122, 32, 77, 26, 207, 55, 37.9998, 86, 45, 227, 82, 41.001, 119, 404, 41, 245, 34],
      [5.0001, 14, 35, 5, 1.0003, 5, 11, 12, 7.0003, 3.0001, 8, 13, 2.3077, 1.9261, 0.4556, 1.1937, 1.168, 0, 0.8784, 1.4728, 0.9898, 22, 36, 18, 17, 10, 1.3381, 15, 1.1397, 10.9999, 11.0001, 19, 28, 7, 29, 11, 2.0025, 30, 24, 8, 10, 3.0001, 4, 0.054, 0.3685, 4, 11, 4.001, 13, 4, 8, 5, 31, 6, 2, 8, 3, 33, 7, 10.0035, 25, 44, 4, 43, 5]
    ],
    [
      [0, 1, 1, 1, 0.0001, 1, 1, 1, 2.0154e-07, 0.0001, 1, 1.4932e-13, 0, 0.0001, 0.0344, 0.0094, 0.0172, 0, 0, 0, 0, 4.238e-09, 2, 1.5835e-15, 2, 1, 0, 1.7046e-15, 0.12, 0.0001, 0.0001, 1, 1, 1, 3, 9.4332e-09, 0.0001, 1, 3.4698e-21, 1.389e-14, 1, 4.1611e-06, 4.4685e-11, 0.0218, 0, 1, 1, 0, 1, 3.2257e-08, 1, 3.1859e-06, 8.5175e-23, 2.5924e-09, 2.6784e-06, 4.0078e-17, 1.6611e-06, 4.4447e-21, 4.4752e-10, 6.2345e-06, 2, 1, 3.6451e-08, 1, 4.7748e-08],
      [0, 2, 3, 1, 1, 2, 2, 1, 0.0005, 6.7437e-09, 1, 2.2453e-13, 0, 0.0042, 0.2167, 0.1006, 0.3141, 0, 0.1001, 0.1134, 0, 4.9604e-07, 2, 1, 3, 2, 0, 2, 0.1664, 0.0001, 1.4315e-06, 1, 1, 1, 3, 9.4883e-09, 0, 1, 2, 1, 2, 1, 1, 0.7575, 0.3472, 3, 1, 7.664e-06, 2, 8.613e-12, 2, 3.1978e-06, 2, 5.3054e-09, 1.3655e-06, 1, 1, 1, 1.5065e-09, 0.0012, 1, 5, 2.0407e-07, 6, 1],
      [1.0035, 10, 14, 4, 0.9999, 3, 7, 6, 3.0005, 1, 4, 6, 0, 0.0862, 0.2769, 0.1643, 0.5383, 0, 0.1226, 0.2072, 0, 8, 23, 9, 14, 6, 0, 6, 1.4879, 9.0001, 11, 20, 16, 9, 21, 7, 3.0012, 16, 9, 6, 9, 1.9999, 5, 0.751, 1.805, 4, 6, 0.0013, 7, 2, 5, 2, 10, 3, 2, 5, 4, 14, 8, 4.0035, 11, 30, 3, 13, 3],
      [1.997, 27, 30, 14, 8.9998, 16, 27, 19, 7.9995, 5.9999, 20, 10, 0, 3.9077, 1.3855, 1.9645, 0.9716, 0, 0.7138, 0.6286, 0, 9, 37, 13, 39, 24, 0, 14, 2.7371, 4.9998, 9.9999, 27, 27, 15, 41, 17, 6.9986, 27, 24, 21, 24, 4, 15, 5.7751, 1.7531, 14, 27, 2.9974, 25, 13, 19, 11, 21, 12, 8, 17, 16, 17, 11, 5.994, 22, 50, 10, 28, 8],
      [0.9994, 3, 4, 1, 0.0002, 2, 3, 2, 1.9995, 1, 1, 2, 0, 0.0018, 0.0866, 0.7612, 0.159, 0, 0.0635, 0.0508, 0, 1, 5, 2, 5, 3, 0, 2, 0.4886, 1.2963e-06, 1, 4, 4, 2, 5, 1, 0.0001, 4, 4, 2, 2, 0.0001, 1, 0.6946, 0.0947, 1, 3, 0.0013, 2, 1, 2, 1, 4, 3, 1, 1, 1, 2, 1.5124e-09, 0.0012, 4, 5, 1.5045e-07, 4, 1]
    ],
    [
      [0.0012, 1, 2, 1, 5.6951e-06, 1, 2, 2, 5.3925e-11, 1.9212e-07, 1, 1, 0.0376, 0.0001, 0.0135, 0.0717, 0.0214, 0, 0, 0, 0.0361, 2.8885e-09, 1, 3.8669e-15, 3, 1, 0, 1, 0.0223, 5.9434e-07, 0, 1, 2, 2.271e-10, 4, 4.7238e-09, 0.0012, 2, 1, 1, 1, 0.0001, 8.8555e-12, 0.0284, 0, 1.2318e-08, 2, 0, 1, 3.3402e-08, 1, 1, 2, 1, 1.3405e-06, 3.241e-17, 2.7204e-09, 1, 2.2402e-10, 0.0012, 2, 2, 2.9491e-07, 2, 2.848e-08],
      [0, 1, 6, 1, 2.0001, 2, 4, 3, 0.9997, 0, 1, 2, 0.1273, 1.0821, 0.4594, 0.1035, 0.2698, 0, 0.6494, 0.3253, 0.9219, 1, 1, 2, 3, 1, 0.4222, 5, 0.1276, 0.0002, 6.7192e-06, 1, 2, 1, 4, 1, 0.0023, 1, 4, 1, 2, 3, 1, 0.0051, 0.0753, 2, 2, 1.001, 3, 1, 2, 1, 5, 1, 1, 1, 2.3256e-09, 2, 1, 0, 1, 7, 1, 12, 2],
      [3.004, 7, 28, 4, 2, 3, 12, 8, 3.9992, 2, 6, 9, 0.8313, 1.9224, 0.4936, 1.1853, 0.1806, 0, 0.4307, 0.827, 0.9866, 19, 20, 13, 14, 6, 1.3641, 12, 0.3394, 9.9999, 10.0001, 16, 27, 5, 27, 10, 1.9989, 22, 15, 6, 7, 2, 4, 0.0173, 0.3543, 3, 8, 3.9977, 11, 2, 5, 3, 22, 6, 3, 6, 2, 26, 10, 6.0011, 14, 39, 4, 26, 3],
      [6.9923, 25, 57, 12, 13.0001, 24, 46, 32, 11.0014, 10.9999, 25, 26, 2.5897, 6.0052, 1.6173, 4.2308, 0.8104, 0, 2.1755, 1.2621, 2.3452, 13, 32, 20, 43, 20, 1.7111, 24, 1.1326, 3, 7, 29, 46, 10, 56, 18, 6.999, 36, 36, 22, 20, 10, 12, 0.5236, 0.5321, 12, 34, 8.0013, 37, 12, 21, 12, 44, 18, 12, 19, 8, 29, 17, 4.0013, 26, 62, 13, 55, 11],
      [2.0025, 5, 10, 3, 2.9998, 5, 8, 7, 2.9997, 3, 5, 6, 1.4142, 2.9903, 0.4162, 2.4087, 0.7178, 0, 0.7444, 0.5857, 0.7101, 6, 6, 5, 6, 5, 0.5026, 5, 0.3781, 2.9999, 2.9999, 5, 10, 3, 9, 5, 2.9986, 8, 6, 4, 5, 4, 3, 0.4256, 0.0384, 3, 6, 2, 6, 3, 4, 4, 8, 3, 3, 4, 2, 6, 3, 3.9964, 8, 9, 4, 12, 3]
    ]
  ],
  "V_est": [
    [146.9589, 143.1755, 449.451, 1051.1906, 114.2239],
    [657.694, 1327.8473, 5098.955, 11575.7591, 1560.7446],
    [267.9091, 556.2827, 2887.2113, 5228.2968, 717.3001],
    [28.2034, 65.122, 410.4494, 945.8227, 108.4026],
    [44.2346, 107.5725, 546.9333, 1231.9309, 272.3288]
  ],
  "p_est": [
    [0.0771, 0.0752, 0.2359, 0.5518, 0.06],
    [0.0325, 0.0657, 0.2522, 0.5725, 0.0772],
    [0.0277, 0.0576, 0.299, 0.5414, 0.0743],
    [0.0181, 0.0418, 0.2634, 0.6071, 0.0696],
    [0.0201, 0.0488, 0.2483, 0.5592, 0.1236]
  ],
  "EI_Z": {},
  "EI_V": 36.9257,
  "MAE_Z": {},
  "MAE_V": 1049.9905,
  "MAE_p": 0.1543,
  "runtime": 0.4647
}
