{
  "X": [
    [7, 24, 51, 7],
    [38, 108, 157, 15],
    [1, 41, 11, 1],
    [0, 7, 15, 1],
    [2, 4, 10, 1],
    [4, 8, 18, 1],
    [128, 305, 438, 35],
    [59, 219, 260, 34],
    [114, 562, 448, 32],
    [41, 169, 460, 50],
    [83, 546, 324, 30],
    [76, 526, 331, 42],
    [54, 313, 165, 19],
    [17, 72, 72, 7],
    [1, 6, 5, 0],
    [11, 32, 53, 2],
    [5, 15, 2, 0],
    [5, 8, 13, 0],
    [8, 22, 13, 1],
    [30, 287, 238, 11],
    [7, 20, 21, 1],
    [1, 18, 11, 1],
    [74, 312, 595, 34],
    [38, 146, 177, 21],
    [4, 15, 16, 3],
    [44, 169, 157, 10],
    [27, 79, 197, 21],
    [17, 41, 86, 10],
    [15, 60, 141, 16],
    [49, 201, 509, 66],
    [115, 153, 635, 28],
    [42, 53, 156, 12],
    [92, 594, 424, 27],
    [21, 57, 115, 11],
    [85, 194, 315, 21],
    [71, 196, 259, 16],
    [99, 614, 488, 48],
    [15, 42, 50, 0],
    [18, 61, 46, 6],
    [12, 45, 41, 5],
    [8, 25, 16, 3],
    [26, 72, 78, 20],
    [84, 337, 421, 45],
    [114, 378, 440, 35],
    [171, 744, 788, 40],
    [67, 138, 274, 36],
    [26, 99, 161, 17],
    [4, 2, 10, 2],
    [66, 140, 248, 30],
    [2, 12, 5, 1],
    [21, 96, 190, 21],
    [45, 81, 124, 21],
    [36, 108, 205, 18],
    [71, 320, 748, 79],
    [67, 164, 432, 34],
    [70, 324, 343, 33],
    [15, 89, 61, 3],
    [201, 1165, 1523, 155],
    [3, 37, 29, 2],
    [101, 458, 443, 30],
    [64, 290, 310, 29],
    [410, 1101, 1201, 115],
    [50, 116, 164, 3]
  ],
  "W": [
    [8, 37, 29, 6, 9],
    [53, 117, 118, 10, 20],
    [7, 4, 42, 1, 0],
    [3, 10, 7, 2, 1],
    [1, 9, 5, 2, 0],
    [5, 14, 10, 1, 1],
    [259, 224, 348, 41, 34],
    [124, 141, 232, 38, 37],
    [264, 228, 598, 20, 46],
    [65, 377, 188, 52, 38],
    [215, 155, 561, 16, 36],
    [159, 166, 544, 51, 55],
    [81, 104, 311, 23, 32],
    [35, 27, 82, 13, 11],
    [5, 3, 4, 0, 0],
    [16, 37, 38, 5, 2],
    [3, 1, 16, 0, 2],
    [13, 3, 10, 0, 0],
    [9, 10, 23, 0, 2],
    [83, 115, 336, 15, 17],
    [11, 10, 24, 2, 2],
    [3, 7, 19, 1, 1],
    [194, 300, 415, 61, 45],
    [63, 102, 180, 16, 21],
    [8, 6, 17, 1, 6],
    [108, 60, 182, 8, 22],
    [41, 151, 89, 28, 15],
    [22, 69, 46, 9, 8],
    [17, 113, 65, 14, 23],
    [68, 391, 253, 67, 46],
    [323, 286, 234, 48, 40],
    [86, 77, 77, 11, 12],
    [215, 157, 692, 39, 34],
    [46, 71, 62, 16, 9],
    [170, 170, 213, 27, 35],
    [111, 150, 213, 28, 40],
    [216, 190, 732, 49, 62],
    [22, 32, 48, 3, 2],
    [28, 23, 72, 3, 5],
    [21, 24, 50, 7, 1],
    [10, 10, 29, 1, 2],
    [34, 56, 81, 13, 12],
    [179, 223, 365, 53, 67],
    [227, 235, 425, 45, 35],
    [382, 315, 913, 69, 64],
    [133, 165, 159, 29, 29],
    [48, 103, 113, 21, 18],
    [3, 7, 5, 2, 1],
    [92, 186, 158, 21, 27],
    [3, 1, 14, 1, 1],
    [45, 122, 119, 28, 14],
    [62, 82, 89, 12, 26],
    [47, 155, 115, 25, 25],
    [124, 519, 402, 105, 68],
    [116, 296, 202, 39, 44],
    [141, 165, 385, 42, 37],
    [33, 22, 104, 1, 8],
    [431, 1013, 1289, 189, 122],
    [15, 13, 36, 4, 3],
    [237, 234, 487, 31, 43],
    [132, 184, 318, 33, 26],
    [649, 712, 1234, 93, 139],
    [121, 64, 133, 7, 8]
  ],
  "method": "mvn_cdf",
  "mvncdf_method": "genz",
  "mvncdf_samples": 5000,
  "mvncdf_error": 1e-06,
  "cond_prob": [
    [
      [0.38542442967, 0.071526989695, 0.5413293063, 0.0017192743304],
      [0.031716015553, 0.020297478541, 0.8743112079, 0.073675298004],
      [0.0036091846263, 0.75983483099, 0.22939243901, 0.0071635453661],
      [0.00076643597178, 0.0055415041857, 0.67619376389, 0.31749829596],
      [0.29264966857, 0.067590916947, 0.4011452825, 0.23861413198]
    ],
    [
      [0.47517131997, 0.090700031456, 0.43278876662, 0.0013398819516],
      [0.043695805765, 0.034316071316, 0.85597541329, 0.066012709634],
      [0, 0.82434965706, 0.17129099342, 0.0043593495192],
      [0.00033555618315, 0.0094286743183, 0.69167156038, 0.29856420912],
      [0.38500776025, 0.090518585628, 0.33920095937, 0.18527269475]
    ],
    [
      [0.13722681688, 0.26547378507, 0.59539679013, 0.0019026079169],
      [0.0098422501403, 0.068794213554, 0.86084450037, 0.060519035938],
      [0, 0.92500892496, 0.066880068652, 0.008111006385],
      [4.3281295686e-05, 0.016131801824, 0.57988158422, 0.40394333266],
      [0.093199804753, 0.21270264507, 0.39464583333, 0.29945171685]
    ],
    [
      [0, 0.22573066309, 0.76947431913, 0.0047950177778],
      [0, 0.013768184573, 0.94322200031, 0.04300981512],
      [0, 0.85044276791, 0.13855586713, 0.011001364957],
      [0, 0.0051127577127, 0.8342648547, 0.16062238759],
      [0, 0.22180127417, 0.62093626025, 0.15726246558]
    ],
    [
      [0.97434342976, 0.00040221616354, 0.022537971706, 0.0027163823759],
      [0.11396184114, 0.010128081565, 0.82058808998, 0.055321987319],
      [0, 0.78168900995, 0.20318585011, 0.015125139944],
      [0, 0, 0.78811998398, 0.21188001602],
      [0.9556634902, 0.0040832036357, 0.033029834155, 0.0072234720053]
    ],
    [
      [0.56881471505, 0.040664412861, 0.38648428691, 0.0040365851829],
      [0.046307592551, 0.012685399176, 0.89784552122, 0.043161487057],
      [0, 0.75651365982, 0.23409836043, 0.0093879797444],
      [0.0003524257555, 0.0052393190577, 0.80808493573, 0.18632331946],
      [0.50726770328, 0.048706429965, 0.34867272836, 0.095353138393]
    ],
    [
      [0.41762091872, 0.083480763554, 0.49778518006, 0.0011131376687],
      [0.036013020483, 0.02752593643, 0.87183631469, 0.064624728399],
      [0.0012924988908, 0.78768430541, 0.20716188339, 0.0038613123141],
      [0.00036233468338, 0.0076313530776, 0.69954239818, 0.29246391406],
      [0.33248882731, 0.081930844751, 0.38260970968, 0.20297061825]
    ],
    [
      [0.35980246558, 0.12060752672, 0.51874856754, 0.00084144016129],
      [0.029412580964, 0.03754720396, 0.85441277916, 0.078627435919],
      [0.001346870387, 0.83743630066, 0.15822848513, 0.0029883438228],
      [0.00036171345803, 0.0098408423684, 0.6494412324, 0.34035621177],
      [0.267867603, 0.11057668014, 0.37338379413, 0.24817192274]
    ],
    [
      [0.35443761667, 0.13429926942, 0.51028430573, 0.00097880818865],
      [0.029795648587, 0.04317982652, 0.86268082042, 0.064343704472],
      [0.0014383783368, 0.85372379586, 0.14198994704, 0.002847878768],
      [0.00033544003825, 0.01189011386, 0.69497143925, 0.29280300685],
      [0.2775696147, 0.12902957017, 0.3866151982, 0.20678561692]
    ],
    [
      [0.33351996789, 0.095742006753, 0.56976899283, 0.00096903252518],
      [0.024940334787, 0.028032085496, 0.88027503906, 0.066752540659],
      [0.00081375084765, 0.78916554949, 0.20629385181, 0.0037268478585],
      [0.00020731743323, 0.0076309178204, 0.6964130987, 0.29574866605],
      [0.25670868965, 0.090756376285, 0.42380527549, 0.22872965857]
    ],
    [
      [0.32337257552, 0.16923696166, 0.5064116817, 0.00097878111455],
      [0.026528010507, 0.053408217579, 0.83496928236, 0.08509448955],
      [0.0016705096987, 0.88367542392, 0.1121631349, 0.0024909314832],
      [0.00028930153542, 0.013521241154, 0.62411147654, 0.36207798077],
      [0.233924163, 0.14937574564, 0.35533187119, 0.26136822016]
    ],
    [
      [0.34711017828, 0.16371348811, 0.48817438161, 0.0010019519939],
      [0.029975334382, 0.054671872193, 0.84358532792, 0.071767465508],
      [0.0022550077719, 0.88551727338, 0.10945450971, 0.0027732091389],
      [0.00045308406131, 0.014909013406, 0.66521648751, 0.31942141502],
      [0.26515899329, 0.15295033095, 0.36137844992, 0.22051222583]
    ],
    [
      [0.44824595965, 0.16792187372, 0.38299496682, 0.00083719981061],
      [0.047450922562, 0.071410898149, 0.82032583414, 0.060812345149],
      [0.0032664181984, 0.92018065037, 0.074007306823, 0.0025456246066],
      [0.00069160194696, 0.020220572228, 0.69069987676, 0.28838794906],
      [0.36641932555, 0.16657310607, 0.30503597966, 0.16197158871]
    ],
    [
      [0.36465912533, 0.099997761258, 0.53384905513, 0.0014940582811],
      [0.029475884074, 0.030936334957, 0.88778991943, 0.051797861544],
      [0.001967272312, 0.81019060265, 0.18345141667, 0.0043907083706],
      [0.0004687984394, 0.0088228451465, 0.74252595842, 0.24818239799],
      [0.29760645766, 0.1013155371, 0.42264560178, 0.17843240347]
    ],
    [
      [0.16956268445, 0.37699622782, 0.45344108773, 0],
      [0.026726665281, 0.1051580537, 0.86811528102, 0],
      [0.018001645477, 0.94988617495, 0.03211217957, 0],
      [0.00034078154952, 0.0086261571379, 0.70221509329, 0.28881796803],
      [0.12485912693, 0.47518922721, 0.39995163969, 6.1637373101e-09]
    ],
    [
      [0.51674628631, 0.0641777564, 0.41907595729, 0],
      [0.048482754764, 0.02625035514, 0.89862380434, 0.026643085753],
      [0, 0.78463774288, 0.21536225712, 0],
      [0.00031628144782, 0.0080954855923, 0.8256130023, 0.16597523066],
      [0.46830804277, 0.07259055003, 0.36693657027, 0.092164836931]
    ],
    [
      [0.93985106932, 0.020085612837, 0.040063317841, 0],
      [0.29440720064, 0.043043925997, 0.66254887337, 0],
      [0.0018563277267, 0.92791552165, 0.070228150622, 0],
      [0.0050639080737, 0.019473122071, 0.89259863309, 0.082864336768],
      [0.92816917388, 0.025025444533, 0.046805381582, 0]
    ],
    [
      [0.37273625745, 0.052790840973, 0.57447290158, 0],
      [0.029306089402, 0.016130291998, 0.9545636186, 0],
      [0.0066510385002, 0.72653281914, 0.26681614236, 0],
      [0.00037339951574, 0.0061924822207, 0.99343411826, 2.1713617111e-15],
      [0.36514440225, 0.069045385753, 0.56579236098, 1.7851016817e-05]
    ],
    [
      [0.69068260189, 0.075560170073, 0.22879630425, 0.0049609237797],
      [0.053231042254, 0.087849541234, 0.81072336761, 0.048196048905],
      [0, 0.88157678278, 0.10510585353, 0.01331736369],
      [0.0011394428755, 0.013981234916, 0.71837818773, 0.26650113447],
      [0.62577308021, 0.082598526485, 0.20808247728, 0.083545916025]
    ],
    [
      [0.28657135319, 0.11336606647, 0.5997345911, 0.00032798924163],
      [0.018652248232, 0.034413929171, 0.90528631292, 0.041647509674],
      [0, 0.80806278258, 0.19094414945, 0.00099306797134],
      [0.00017799980024, 0.0096497389674, 0.78345655709, 0.20671570414],
      [0.23922936128, 0.11642197627, 0.48264825775, 0.16170040471]
    ],
    [
      [0.51000107229, 0.066030147342, 0.42157878386, 0.0023899965072],
      [0.046001615642, 0.023473046707, 0.89919532377, 0.031330013883],
      [0, 0.78663318107, 0.20728791029, 0.0060789086394],
      [0.00026564791034, 0.0076651325817, 0.8255983526, 0.16647086691],
      [0.46472037626, 0.072205650642, 0.37228679388, 0.090787179212]
    ],
    [
      [0.20351686636, 0.1850739064, 0.6086361861, 0.0027730411349],
      [0.015089039457, 0.048727830547, 0.89300083144, 0.043182298556],
      [0.0065978538769, 0.88960596064, 0.088495861488, 0.015300323996],
      [0.00047939919009, 0.014326826518, 0.75944088994, 0.22575288435],
      [0.15798750188, 0.1868433883, 0.48222336341, 0.17294574642]
    ],
    [
      [0.29200449211, 0.067285770181, 0.64070973771, 0],
      [0.020302162537, 0.02259047383, 0.91486110322, 0.04224626041],
      [0.00073815048331, 0.6959412813, 0.30148400796, 0.0018365602591],
      [0.00016677886623, 0.006172979506, 0.78518831418, 0.20847192745],
      [0.24319941797, 0.066160776624, 0.51625843218, 0.17438137322]
    ],
    [
      [0.43151416773, 0.072396553349, 0.49543517002, 0.0006541088982],
      [0.036547013496, 0.023547105267, 0.85329351792, 0.086612363316],
      [0.0022189488534, 0.76421338936, 0.22946591402, 0.0041017477689],
      [0.00040099675919, 0.0059605781861, 0.62626922714, 0.36736919791],
      [0.31814215785, 0.065877765085, 0.35368920487, 0.2622908722]
    ],
    [
      [0.31585070293, 0.092939328199, 0.58847078855, 0.0027391803195],
      [0.022088695856, 0.024200329542, 0.86680970019, 0.08690127441],
      [0.003630320929, 0.80208399672, 0.18688360439, 0.0074020779617],
      [0.00036168506161, 0.0058597332602, 0.59267028896, 0.40110829272],
      [0.21309751009, 0.078332619936, 0.38694732116, 0.32162254882]
    ],
    [
      [0.33589257532, 0.11934207531, 0.543546036, 0.0012193133623],
      [0.026802037319, 0.036492012093, 0.88339918819, 0.053306762393],
      [0.00076874921577, 0.83087309722, 0.16522637367, 0.0031317798878],
      [0.00029224194115, 0.010508442652, 0.73572043267, 0.25347888273],
      [0.27151042423, 0.11902563206, 0.42436878863, 0.18509515508]
    ],
    [
      [0.40761844935, 0.083428729278, 0.50783880795, 0.0011140134208],
      [0.034742090827, 0.026778808848, 0.87496262633, 0.063516473991],
      [0.0017500883333, 0.78757448474, 0.20659666177, 0.0040787651584],
      [0.00047610314731, 0.0074785591543, 0.70672166084, 0.28532367686],
      [0.32483327415, 0.082152877699, 0.39226285977, 0.20075098839]
    ],
    [
      [0.49194512128, 0.074879381046, 0.43151292028, 0.0016625773921],
      [0.044039712924, 0.027227654505, 0.85415449158, 0.074578140994],
      [0.00045645719175, 0.8003871161, 0.1936382164, 0.005518210313],
      [0.00021162258312, 0.0074153076684, 0.66685184136, 0.32552122839],
      [0.38944568825, 0.073675043343, 0.33262891354, 0.20425035486]
    ],
    [
      [0.33948990623, 0.1020707055, 0.5573909013, 0.0010484869678],
      [0.02656931821, 0.030098791951, 0.88129978342, 0.062032106417],
      [0.0012817567033, 0.80719634713, 0.18759965425, 0.0039222419132],
      [0.00034781067526, 0.0084308713477, 0.71348590756, 0.27773541041],
      [0.26687630874, 0.099036511018, 0.42411734431, 0.20996983593]
    ],
    [
      [0.36540568239, 0.0690623718, 0.56468220907, 0.00084973674335],
      [0.028567919472, 0.021162416247, 0.8727220955, 0.077547568783],
      [0.0019478060052, 0.73030225136, 0.26316945321, 0.0045804894178],
      [0.00041078471472, 0.0054169683257, 0.6592349664, 0.33493728056],
      [0.27091390411, 0.063040162866, 0.40470991373, 0.26133601929]
    ],
    [
      [0.29911409296, 0.041392530354, 0.65949337668, 0],
      [0.02524353783, 0.011805474405, 0.92432806187, 0.038622925898],
      [0.0048980737113, 0.57447652993, 0.41751310511, 0.0031122912449],
      [0.00091026409809, 0.0033467713242, 0.79879517745, 0.19694778712],
      [0.24941635572, 0.041642349708, 0.53963946307, 0.1693018315]
    ],
    [
      [0.40662262274, 0.040269403782, 0.55053623919, 0.0025717342868],
      [0.035702563237, 0.011555580603, 0.88526335524, 0.067478500918],
      [0.0064791067345, 0.62514496463, 0.36088401466, 0.0074919139731],
      [0.00093357489126, 0.003244217899, 0.69743039956, 0.29839180765],
      [0.31434971104, 0.039600241254, 0.419066796, 0.22698325171]
    ],
    [
      [0.35738099195, 0.1052087304, 0.53669018521, 0.00072009244335],
      [0.029064038262, 0.032702274758, 0.88344686762, 0.054786819363],
      [0.001095411991, 0.81259752231, 0.18363580149, 0.0026712642117],
      [0.00032282566836, 0.0093583981644, 0.73287572638, 0.25744304979],
      [0.28910051247, 0.10480596659, 0.41918600011, 0.18690752083]
    ],
    [
      [0.35552182385, 0.095629731625, 0.54685096783, 0.0019974767002],
      [0.028352906881, 0.028745558167, 0.88165863502, 0.061242899933],
      [0.0015565053997, 0.79983189625, 0.19402977418, 0.0045818241634],
      [0.00042448660695, 0.0080341193876, 0.71486600876, 0.27667538524],
      [0.28107162155, 0.093552693052, 0.41993225045, 0.20544343495]
    ],
    [
      [0.39625026248, 0.090860721213, 0.51261505068, 0.00027396563365],
      [0.033934057809, 0.029662722044, 0.88736682999, 0.049036390157],
      [0.0014594076159, 0.79819193793, 0.1983030692, 0.002045585247],
      [0.0004007508513, 0.008693904362, 0.75339789358, 0.23750745121],
      [0.3299140416, 0.093182755674, 0.41207952628, 0.16482367644]
    ],
    [
      [0.44226781549, 0.096421693451, 0.46131049106, 0],
      [0.04331947378, 0.036815352347, 0.88510077743, 0.034764396443],
      [0, 0.82331205293, 0.17668794707, 0],
      [0.0003935858297, 0.010762026143, 0.78474661441, 0.20409777362],
      [0.38498327527, 0.10270212922, 0.38554952371, 0.12676507181]
    ],
    [
      [0.35385093875, 0.096472621936, 0.54876237868, 0.00091406063383],
      [0.027687126234, 0.028889298501, 0.86927294601, 0.074150629256],
      [0.001049551137, 0.7947441254, 0.20053386751, 0.00367245595],
      [0.00027937715927, 0.0076663634251, 0.66880137268, 0.32325288673],
      [0.26654326342, 0.089428957172, 0.39908722878, 0.24494055063]
    ],
    [
      [0.55084845911, 0.070429477204, 0.37872206369, 0],
      [0.056953140496, 0.04248915604, 0.90055770346, 0],
      [0, 0.80186987646, 0.19813012354, 0],
      [0.00046446012265, 0.11313580216, 0.88639973772, 0],
      [0.52872001171, 0.13086851593, 0.34041147236, 0]
    ],
    [
      [0.53483951154, 0.073582352469, 0.3914345998, 0.00014353619986],
      [0.050931525099, 0.027554577322, 0.80112342154, 0.12039047604],
      [0, 0.80524116811, 0.19135311565, 0.0034057162354],
      [0.0003224179299, 0.0060695155789, 0.50747517267, 0.48613289383],
      [0.37042026919, 0.062073240363, 0.26282853304, 0.30467795741]
    ],
    [
      [0.50019039201, 0.092290247981, 0.4053468587, 0.0021725013102],
      [0.046120927205, 0.036313292638, 0.83827891207, 0.079286868086],
      [0, 0.84072297064, 0.15277624844, 0.0065007809249],
      [0.00021996877989, 0.0092660971129, 0.63160622093, 0.35890771318],
      [0.38755973334, 0.089374557517, 0.30896610923, 0.21409959991]
    ],
    [
      [0.64681676115, 0.069248324759, 0.28393491409, 0],
      [0.069307653672, 0.027840591239, 0.73991073141, 0.16294102368],
      [0, 0.82516440024, 0.17408472204, 0.00075087772137],
      [0.00020657660867, 0.0046063663647, 0.3495023043, 0.64568475272],
      [0.41927463756, 0.047368433411, 0.18179215073, 0.3515647783]
    ],
    [
      [0.54469414487, 0.078718889909, 0.37658696522, 0],
      [0.062658024713, 0.053216996314, 0.74887949346, 0.13524548551],
      [0, 0.8095293537, 0.1904706463, 0],
      [0.00046445595502, 0.0059604943823, 0.40205065197, 0.5915243977],
      [0.33045931359, 0.057836822711, 0.21700089358, 0.39470297011]
    ],
    [
      [0.33680963217, 0.11533180589, 0.54678234102, 0.0010762209166],
      [0.026396818997, 0.034773611919, 0.87549844013, 0.063331128957],
      [0.00048051593631, 0.82371380565, 0.17249492356, 0.0033107548516],
      [0.00022256160727, 0.0096448493275, 0.70368038104, 0.28645220803],
      [0.26324479288, 0.11096082403, 0.41244927634, 0.21334510675]
    ],
    [
      [0.41156179328, 0.095854900611, 0.49166813277, 0.00091517333982],
      [0.035941054303, 0.032065640101, 0.87149688824, 0.060496417358],
      [0.0011737854672, 0.81169124197, 0.18390300453, 0.0032319680274],
      [0.00037557960918, 0.0090360955563, 0.71184267417, 0.27874565066],
      [0.33181615022, 0.095145999984, 0.38279622462, 0.19024162517]
    ],
    [
      [0.36681163997, 0.081342478656, 0.55183562802, 1.0253350224e-05],
      [0.029796841963, 0.0254470079, 0.90081634399, 0.043939806142],
      [0.001859966825, 0.76564652829, 0.23126067363, 0.0012328312636],
      [0.00037967402803, 0.0075185377995, 0.77638918659, 0.21571260159],
      [0.30886876708, 0.083707909874, 0.44890301316, 0.15852030988]
    ],
    [
      [0.39770110721, 0.077298847787, 0.525000045, 0],
      [0.033930690534, 0.023496524126, 0.84874439789, 0.093828387445],
      [0.0023710908557, 0.76563174612, 0.22952907683, 0.0024680861947],
      [0.00046160706158, 0.0057311712079, 0.59775534577, 0.39605187596],
      [0.27988961215, 0.066919833301, 0.35524621097, 0.29794434358]
    ],
    [
      [0.36630555415, 0.093014112941, 0.53934375264, 0.0013365802623],
      [0.029546828815, 0.028209143526, 0.87834152107, 0.063902506585],
      [0.001675615242, 0.79505787118, 0.1988037952, 0.0044627183696],
      [0.00040780331706, 0.0078216133621, 0.70449836425, 0.28727221907],
      [0.28756120227, 0.090221526181, 0.41016826084, 0.21204901072]
    ],
    [
      [0.85971999299, 0, 0.12964114834, 0.010638858677],
      [0.08780478746, 0, 0.8029341019, 0.10926111064],
      [0.01038428773, 0.3996913778, 0.56040964946, 0.029514685015],
      [0, 0, 0.52970886161, 0.47029113839],
      [0.75428507017, 0.0015431110161, 0.12907187119, 0.11509994762]
    ],
    [
      [0.50819849927, 0.07383390963, 0.41725863316, 0.00070895793626],
      [0.046352578127, 0.028652707227, 0.84104732602, 0.083947388627],
      [0, 0.79636139155, 0.19952729163, 0.0041113168109],
      [0.00012953917585, 0.0072875321295, 0.63115379234, 0.36142913635],
      [0.39338660047, 0.070360693683, 0.31103190341, 0.22522080244]
    ],
    [
      [0.53040799564, 0.080555571556, 0.38595885339, 0.0030775794068],
      [0.036341301906, 0.029764118357, 0.8685698471, 0.06532473264],
      [0, 0.83187117706, 0.15414728048, 0.01398154246],
      [9.6978524506e-05, 0.0051960759808, 0.50225614436, 0.49245080114],
      [0.37233773264, 0.077176612146, 0.31323552166, 0.23725013356]
    ],
    [
      [0.32343917544, 0.077393277273, 0.59784186188, 0.0013256854012],
      [0.023455154232, 0.022777776752, 0.8847161166, 0.069050952412],
      [0.0012207136332, 0.74419538128, 0.24927802008, 0.0053058850111],
      [0.00025935574076, 0.006073402327, 0.69110060887, 0.30256663306],
      [0.24508438612, 0.072079151547, 0.43906061086, 0.24377585148]
    ],
    [
      [0.50780713924, 0.077811543651, 0.41438131711, 0],
      [0.047376555536, 0.02928633461, 0.81851626929, 0.10482084056],
      [0.00099830879313, 0.80783153207, 0.19059105994, 0.00057909920032],
      [0.00018124339148, 0.0069366334501, 0.56199509831, 0.43088702485],
      [0.36692520808, 0.068998419246, 0.28782610548, 0.27625026719]
    ],
    [
      [0.43731427673, 0.098427847963, 0.46381325866, 0.00044461664504],
      [0.039733291893, 0.035217477208, 0.87496925516, 0.050079975743],
      [0.0010111303087, 0.82709442944, 0.1699710494, 0.0019233908483],
      [0.00038125278494, 0.010311949035, 0.7454487132, 0.24385808498],
      [0.3664702978, 0.10166096268, 0.3759061513, 0.15596258822]
    ],
    [
      [0.32821623461, 0.07323098074, 0.59758265707, 0.000970127573],
      [0.023990512025, 0.022494929015, 0.89096968137, 0.062544877594],
      [0.0010679595276, 0.73095414996, 0.26348726156, 0.0044906289576],
      [0.00021188322547, 0.0060612479597, 0.71399203615, 0.27973483266],
      [0.25586093674, 0.070066042806, 0.44993298458, 0.22414003587]
    ],
    [
      [0.37687618239, 0.066654032413, 0.55580069992, 0.00066908528472],
      [0.031116625156, 0.020862875658, 0.89566119561, 0.052359303571],
      [0.0023700487907, 0.72728876133, 0.2668756259, 0.0034655639754],
      [0.000490223671, 0.005893256795, 0.74723711651, 0.24637940302],
      [0.30849939132, 0.067058050949, 0.4400063848, 0.18443617293]
    ],
    [
      [0.37845570627, 0.089221957007, 0.53131499179, 0.001007344934],
      [0.030832666275, 0.027737809129, 0.87554052914, 0.065888995459],
      [0.0015282154938, 0.78790722208, 0.20658317542, 0.0039813870073],
      [0.00035376820884, 0.0076037086498, 0.6960005388, 0.29604198434],
      [0.29586849328, 0.085927818713, 0.40145550494, 0.21674818307]
    ],
    [
      [0.35769283526, 0.10098998782, 0.54010422868, 0.0012129482449],
      [0.028618594026, 0.031243681576, 0.89484020101, 0.045297523385],
      [0.0017868808623, 0.80900464193, 0.18505187861, 0.0041565985899],
      [0.00032948456152, 0.009289703764, 0.76278275378, 0.2275980579],
      [0.29754528421, 0.10427461779, 0.43523723772, 0.16294286028]
    ],
    [
      [0.3321959446, 0.11743778929, 0.54947068537, 0.00089558074414],
      [0.025723217066, 0.035276534811, 0.87250948875, 0.066490759373],
      [0.00034534678191, 0.82484411316, 0.17177290381, 0.0030376362412],
      [0.00019637914312, 0.00966491243, 0.69309437141, 0.29704433702],
      [0.25642345354, 0.11146272734, 0.40914683025, 0.22296698887]
    ],
    [
      [0.16106082243, 0.23430834846, 0.60207659582, 0.0025542332873],
      [0.010084019265, 0.058944277369, 0.89215081864, 0.038820884721],
      [0, 0.88878518053, 0.10535034819, 0.0058644712759],
      [0, 0.017091388916, 0.78550367843, 0.19740493265],
      [0.15099847103, 0.21815570416, 0.47875439055, 0.15209143426]
    ],
    [
      [0.34502606428, 0.12955642639, 0.52468722733, 0.00073028199901],
      [0.028579443898, 0.040960408454, 0.87564039098, 0.054819756668],
      [0.0011451145827, 0.84562389418, 0.15099840813, 0.0022325831058],
      [0.00033311063748, 0.011739272432, 0.72968269031, 0.25824492662],
      [0.27844734096, 0.12854970827, 0.40913691802, 0.18386603275]
    ],
    [
      [0.37845275086, 0.11417274328, 0.50631915012, 0.0010553557378],
      [0.03201467217, 0.036872195051, 0.86415564686, 0.066957485919],
      [0.001436294182, 0.83319687824, 0.16195014513, 0.0034166824504],
      [0.00037733241783, 0.010112292732, 0.68839073713, 0.30111963772],
      [0.29555168029, 0.10978465607, 0.38246894943, 0.21219471422]
    ],
    [
      [0.49624038568, 0.085535778294, 0.41734312472, 0.00088071130043],
      [0.045983113406, 0.03538495144, 0.84547081167, 0.073161123485],
      [0, 0.81672802497, 0.17959568008, 0.0036762949477],
      [0.00028924537211, 0.0089418362477, 0.66612850642, 0.32464041196],
      [0.39692887141, 0.083591517111, 0.320849452, 0.19863015947]
    ],
    [
      [0.36937007482, 0.084077088053, 0.54655283713, 0],
      [0.041329124696, 0.026705947997, 0.9150613022, 0.016903625103],
      [3.7067432726e-05, 0.77686621229, 0.22309672028, 0],
      [0.00042222982852, 0.0084102045993, 0.83962051346, 0.15154705211],
      [0.33165892361, 0.091926750915, 0.46924699689, 0.10716732858]
    ]
  ],
  "expected_outcome": [
    [
      [3.0833954374, 25.1840799587, 0.96058771814, 0, 0.97434342976, 2.8440735752, 108.1638179472, 44.6155057319, 93.5715307997, 21.6787979127, 69.5251037377, 55.1905183464, 36.3079227314, 12.7630693865, 0.84781342225, 8.267940581, 2.819553208, 4.8455713468, 6.216143417, 23.7854223146, 5.6100117952, 0.61055059907, 56.6488714685, 27.1853925669, 2.5268056235, 36.276398135, 16.7123564232, 10.8227926681, 5.771328406, 24.8475864022, 96.6138520267, 34.969545556, 76.8369132701, 16.354003897, 67.3625446212, 49.0917275191, 76.4318027704, 12.1186661003, 14.975506323, 10.5039982323, 6.4681676115, 18.5196009256, 60.2889241589, 93.424527075, 140.1220464692, 52.8942472587, 17.5826665993, 2.579159979, 46.754261933, 1.5912239869, 14.554762895, 31.4840426328, 20.5537710064, 40.6988130922, 43.7176371568, 53.3622545835, 11.8038635635, 143.176452121, 2.4159123365, 81.7711772351, 49.9557631136, 322.0600103091, 44.6937790532],
      [0.57221591756, 4.8071016672, 1.8583164955, 0.67719198928, 0.00040221616354, 0.2033220643, 21.6215177605, 14.955333313, 35.4550071264, 6.223230439, 36.3859467563, 26.0304446098, 13.6016717713, 3.499921644, 1.8849811391, 1.0268441024, 0.060256838511, 0.68628093265, 0.68004153065, 9.4093835168, 0.72633162076, 0.55522171921, 13.0534394152, 4.560982861, 0.74351462559, 12.8889441335, 3.4205779004, 1.647346383, 1.7352019935, 4.6962412824, 13.3697873045, 3.4631687252, 22.619877035, 4.3989676548, 15.4463226062, 10.7028079731, 20.8380863382, 1.5494484985, 2.0603058691, 1.9380952076, 0.69248324759, 2.6764422569, 20.6443932538, 21.7590624386, 31.0728268465, 10.2807467557, 4.4646774212, 0, 6.792719686, 0.24166671467, 3.4826974773, 4.8243157064, 4.6261088543, 9.0806416118, 7.7318677599, 12.5802959379, 3.332669598, 50.6156871856, 3.5146252269, 30.7048730537, 15.0708021129, 55.5127201125, 10.1733276544],
      [4.3306344504, 22.9378046308, 4.1677775309, 2.3084229574, 0.022537971706, 1.9324214345, 128.926361636, 64.3248223751, 134.7150567121, 37.0349845342, 108.8785115664, 77.6197266767, 31.0225923127, 18.6847169296, 2.2672054387, 6.7052153166, 0.12018995352, 7.4681477206, 2.0591667383, 49.7779710616, 4.6373666224, 1.8259085583, 124.2976891163, 31.2124157115, 4.7077663084, 58.7029718884, 20.8213911261, 9.4932842462, 9.475645322, 38.3983902169, 213.0163606688, 47.3461165702, 115.3883898196, 25.15514452, 87.1445586149, 51.2054645078, 118.5326737944, 8.3318854012, 10.9601687943, 8.5122840326, 2.8393491409, 12.8039568175, 97.8740390433, 111.6086661382, 210.8012099046, 69.8250059857, 25.8885001269, 0.38892344501, 38.3877942509, 1.1578765602, 26.9028837847, 25.6916416608, 21.799223157, 74.100249477, 64.4728811902, 74.9154138428, 17.8234395464, 236.8218653926, 9.0311489373, 124.3508728775, 66.834127816, 270.8556879444, 66.1328932924],
      [0.013754194643, 0.071013743435, 0.013318255418, 0.014385053333, 0.0027163823759, 0.020182925914, 0.2883026562, 0.10433858, 0.2584053618, 0.062987114137, 0.21043793963, 0.15931036704, 0.06781318466, 0.052292039838, 0, 0, 0, 0, 0.044648314017, 0.027223107055, 0.026289961579, 0.0083191234046, 0, 0.041208860586, 0.021913442556, 0.13168584312, 0.045674550253, 0.036576702627, 0.017824278452, 0.057782098548, 0, 0.22116914866, 0.15481987532, 0.091883928209, 0.046574157721, 0, 0.19743709691, 0, 0.0040190135962, 0.045622527514, 0, 0, 0.19264354407, 0.20774434814, 0.0039167797856, 0, 0.06415585259, 0.031916576031, 0.065224130135, 0.0092327382205, 0.059655843053, 0, 0.020896982317, 0.12029581905, 0.077613893027, 0.1420356357, 0.040027292082, 0.38599530072, 0.038313499309, 0.17307683377, 0.13930695738, 0.57158163398, 0]
    ],
    [
      [1.1734925755, 5.1124092745, 0.039369000561, 0, 1.0256565702, 0.64830629572, 8.0669165881, 4.1471739159, 6.7934078778, 9.4025062147, 4.1118416286, 4.9759055074, 4.9348959465, 0.79584886998, 0.080179995843, 1.7938619263, 0.29440720064, 0.087918268207, 0.53231042254, 2.1450085467, 0.46001615642, 0.1056232762, 6.0906487612, 3.7277953766, 0.13253217514, 1.6081222392, 5.2460557148, 3.0387401918, 3.0023329578, 11.1700565134, 7.2196518192, 2.7490973693, 4.5630540071, 2.0130563886, 5.7687898275, 6.497921067, 5.2605539844, 1.8225004959, 1.1714250773, 1.1069022529, 0.69307653672, 3.5088493839, 5.8864906363, 8.4461477612, 9.3860052184, 5.5985639381, 3.0433233679, 0.61463351222, 8.6215795317, 0.036341301906, 2.8615288163, 3.884877554, 6.1586602434, 12.4510757409, 9.2105210461, 5.0873899353, 0.62960906857, 26.0576188875, 0.13109225045, 6.687589872, 5.8906996793, 32.739976745, 2.6450639806],
      [0.75100670601, 4.014980344, 0.27517685422, 0.13768184573, 0.091152734086, 0.17759558846, 6.1658097603, 5.2941557584, 9.8450004465, 10.5680962318, 8.2782737247, 9.075530784, 7.4267334075, 0.83528104384, 0.31547416109, 0.97126314019, 0.043043925997, 0.048390875994, 0.87849541234, 3.9576018547, 0.23473046707, 0.34109481383, 6.7771421489, 2.4018047373, 0.14520197725, 2.1895207256, 4.0436001361, 1.8787081609, 3.4011634905, 8.2745047526, 3.3763656799, 0.88977970639, 5.1342571371, 2.0409346299, 5.0426627474, 5.522302852, 5.4889667152, 1.3596529933, 0.6337552784, 0.8715190233, 0.27840591239, 2.9801517936, 7.7545154579, 7.5354254237, 8.0158074884, 3.8769264808, 2.9055417832, 0, 5.3294035442, 0.029764118357, 2.7788887637, 2.401479438, 5.4587089672, 11.6748681587, 6.1754111948, 4.5767385063, 0.68736099468, 35.7351297632, 0.7662756058, 9.5847355783, 6.7844838894, 25.1940854253, 1.7091806718],
      [32.3495146924, 100.1491233544, 3.4433780015, 9.4322200031, 7.3852928098, 12.569837297, 195.2913344901, 120.4722018612, 196.691227056, 331.8636897252, 129.4202387665, 140.0351644343, 85.3138867505, 23.9703278245, 2.6043458431, 33.2490807607, 0.66254887337, 2.8636908558, 8.1072336761, 104.107925986, 8.9919532377, 6.2510058201, 274.4583309669, 87.035938828, 5.2008582012, 53.0039512917, 132.1193565764, 58.9366599188, 99.5868755267, 341.23433934, 264.3578256941, 68.1652783536, 138.7011582158, 62.5977630863, 150.8523610984, 132.7651166146, 165.1618597417, 28.8178465108, 18.4258386954, 20.1186938897, 7.3991073141, 41.9372516339, 195.2361521483, 204.8017687359, 283.7571483584, 140.0428256526, 90.4691766706, 5.6205387133, 156.4348026395, 0.8685698471, 107.9353662257, 67.1183340821, 135.6202345493, 462.4132646291, 265.1157139019, 144.4641873077, 19.6864844223, 883.8521121045, 11.5979606424, 204.8998514893, 159.0046390223, 601.9752179087, 58.5639233411],
      [2.7259860261, 7.7234870272, 0.24207614375, 0.4300981512, 0.49789788587, 0.60426081879, 14.4759391615, 11.0864684646, 14.6703646197, 25.1657078283, 13.1896458802, 11.9133992743, 6.3244838955, 1.3985422617, 0, 0.98579417285, 0, 0, 0.48196048905, 4.7894636125, 0.31330013883, 0.30227608989, 12.673878123, 8.8344610582, 0.52140764646, 3.1984057436, 9.5909875727, 5.1458917286, 7.0096280251, 30.321099394, 11.0461568068, 5.1958445707, 8.60153064, 4.3482458952, 8.3361863266, 5.2146594664, 14.0886195587, 0, 2.7689809489, 1.9028848341, 1.6294102368, 7.5737471886, 14.1228417575, 14.2166580792, 13.8410389348, 15.4816839285, 6.5819581783, 0.7648277745, 15.6142142846, 0.06532473264, 8.4242161943, 8.5953089259, 7.7623962401, 32.4607914712, 15.4983538571, 10.8716842507, 0.99654551447, 67.3551392448, 0.50467150137, 12.8278230604, 12.3201774091, 52.090719921, 1.0818320066]
    ],
    [
      [0.10466635416, 0, 0, 0, 0, 0, 0.449789614, 0.31247392978, 0.86015024538, 0.15298515936, 0.93715594098, 1.2267242279, 1.0158560597, 0.16131632958, 0.072006581907, 0, 0.029701243627, 0.066510385002, 0, 0, 0, 0.12535922366, 0.30633245057, 0.39941079361, 0.061715455793, 0.13991235727, 0.15575786166, 0.020997030821, 0.083314185716, 0.49279491931, 1.1461492485, 0.49889121855, 0.75802509776, 0.096503334782, 0.31085382219, 0, 0.76827143231, 0, 0, 0, 0, 0, 0.17538831675, 0.49885882355, 1.6981497112, 0.37700344606, 0.18934452235, 0.05192143865, 0, 0, 0.14526492235, 0.088849482588, 0.1162799855, 0.42931973009, 0.47874985571, 0.58836296511, 0.18583560968, 0.44515200188, 0, 0.5576708018, 0.45674154986, 0, 0.0049299685526],
      [22.0352100988, 97.2732595331, 38.8503748484, 5.9530993754, 3.9084450498, 7.5651365982, 274.1141382814, 194.2852217537, 510.5268299219, 148.3631233038, 495.7419128174, 481.7213967201, 286.1761822656, 66.4356294171, 3.7995446998, 29.8162342294, 14.8466483464, 7.2653281914, 20.276266004, 271.5090949474, 18.8791963457, 16.9025132521, 288.8156317379, 137.558410084, 13.6354279443, 151.2189036945, 70.0941291417, 36.8178073404, 52.4677625637, 184.7664695953, 134.4275080037, 48.1361622764, 562.3174854355, 49.5895775677, 170.01488278, 175.3654672742, 581.7526997941, 38.4897540699, 57.9773641039, 42.0361485318, 23.9297676068, 65.57187765, 300.6555390636, 344.9687778382, 699.035280325, 121.7354476327, 89.8415394438, 1.998456889, 125.8250998657, 11.6461964788, 88.5592503722, 71.8970063538, 95.1158593858, 293.8435682829, 146.9123297885, 303.3442805001, 84.1364827612, 1063.2240618666, 31.9962664992, 411.818836467, 264.9566072797, 1007.8423828127, 103.3232062343],
      [6.6523807314, 20.2123372236, 2.8089628834, 0.9698910699, 1.0159292505, 2.3409836043, 72.0923354193, 36.7090085497, 84.9099883295, 38.7832441395, 62.9235186796, 59.5432532803, 23.0162724221, 15.0430161669, 0.12844871828, 8.1837657706, 1.1236504099, 2.6681614236, 2.4174346311, 64.1572342142, 4.9749098469, 1.6814213683, 125.115863304, 41.303864524, 3.1770212746, 30.0712000087, 18.3871028976, 8.9073579544, 12.1939775262, 66.5818716626, 97.6980665965, 27.7880691291, 127.0759746323, 12.0298459994, 42.2385537402, 37.6345327258, 146.7907910182, 9.5102459301, 13.7774243271, 7.638812422, 5.0484569392, 15.42812235, 62.9606470988, 78.1587769266, 211.1409950201, 36.4951232162, 22.4648288581, 2.8020482473, 31.5253120782, 2.1580619267, 29.6640843891, 16.9626043348, 19.5466706812, 105.921879146, 53.9088764328, 79.534522537, 19.2453953758, 221.4152730165, 3.7926125349, 73.5362247587, 51.5001461512, 221.6210692218, 29.6718637972],
      [0.20774281562, 0.51440324326, 0.34066226817, 0.0770095547, 0.075625699721, 0.093879797444, 1.3437366853, 0.69329576689, 1.7030315033, 0.7006473974, 1.3974125621, 1.5086257716, 0.79168925264, 0.36003808639, 0, 0, 0, 0, 0.30629936488, 0.33367083837, 0.14589380735, 0.29070615593, 0.76217250753, 0.7383145984, 0.12583532535, 0.56998393958, 0.36301009909, 0.2538376744, 0.25494572436, 1.1588638227, 0.7282761513, 0.57687737593, 1.8485148345, 0.28407309813, 0.43570965762, 0, 2.6882377554, 0, 0.24521156895, 0.32503904625, 0.02177545392, 0, 1.2084255208, 1.3735864116, 1.1255749437, 0.39242570496, 0.50428717577, 0.14757342508, 0.64958805612, 0.19574159444, 0.63140031632, 0.051539828828, 0.22118994755, 1.8052328409, 0.70004392303, 1.5328339978, 0.43228625334, 3.9155131149, 0.21112096593, 1.0872679725, 1.0865050192, 4.5365479655, 0]
    ],
    [
      [0.0045986158307, 0.0033555618315, 4.3281295686e-05, 0, 0, 0.0003524257555, 0.014855722018, 0.013745111405, 0.006708800765, 0.010780506528, 0.0046288245668, 0.023107287127, 0.01590684478, 0.0060943797121, 0, 0.0015814072391, 0, 0, 0, 0.0026699970035, 0.00053129582068, 0.00047939919009, 0.01017351084, 0.006415948147, 0.00036168506161, 0.0023379355292, 0.013330888125, 0.0019046032481, 0.0048693494536, 0.027522575886, 0.043692676708, 0.010269323804, 0.012590201066, 0.0067917857112, 0.010820272985, 0.011020403232, 0.013689480804, 0.001393380368, 0.00096725378969, 0.0015397814592, 0.00020657660867, 0.0060379274153, 0.011795765185, 0.016901082413, 0.026197507934, 0.013386604786, 0.0085638696582, 0, 0.0027203226928, 9.6978524506e-05, 0.0072619607412, 0.0021749206978, 0.0095313196236, 0.022247738674, 0.019118723169, 0.014858264771, 0.00032948456152, 0.037115658049, 0, 0.010326429762, 0.012451969788, 0.026899819607, 0.0029556087997],
      [0.033249025114, 0.094286743183, 0.016131801824, 0.010225515425, 0, 0.0052393190577, 0.31288547618, 0.37395201, 0.2378022772, 0.39680772666, 0.21633985847, 0.76035968371, 0.46507316125, 0.1146969869, 0, 0.040477427961, 0, 0, 0, 0.14474608451, 0.015330265163, 0.014326826518, 0.37655174986, 0.095369250977, 0.0058597332602, 0.084067541212, 0.20939965632, 0.066737769015, 0.11803219887, 0.36293687782, 0.16064502356, 0.035686396889, 0.36497752841, 0.1285459102, 0.23473541777, 0.30133673201, 0.37565180783, 0.33940740647, 0.018208546737, 0.06486267979, 0.0046063663647, 0.077486426969, 0.51117701436, 0.40662430003, 0.51877910817, 0.16620396503, 0.1642538806, 0, 0.15303817472, 0.0051960759808, 0.17005526516, 0.083239601401, 0.25779872587, 0.63643103577, 0.22983701501, 0.31935576329, 0.009289703764, 1.8266684493, 0.068365555663, 0.3639174454, 0.33370566016, 0.83159077104, 0.058871432195],
      [4.0571625833, 6.9167156038, 0.57988158422, 1.6685297094, 1.576239968, 0.80808493573, 28.6812383254, 24.6787668313, 13.899428785, 36.2134811325, 9.9857836246, 33.9260408629, 15.8860971655, 9.6528374595, 0, 4.1280650115, 0, 0, 0, 11.7518483564, 1.6511967052, 0.75944088994, 47.8964871647, 10.0203076343, 0.59267028896, 5.8857634614, 19.7882065034, 6.0016665722, 9.9888027059, 44.168742749, 38.3421685178, 7.6717343952, 28.5821533288, 11.4378561402, 20.3417431266, 21.9729052034, 32.7712672614, 2.6591992132, 1.522425518, 4.4212435465, 0.3495023043, 5.2266584756, 37.2950601949, 32.0329203376, 53.5708538745, 17.3349050274, 14.7944656493, 1.0594177232, 13.2542296392, 0.50225614436, 19.3508170485, 6.7439411797, 18.6362178299, 74.9691637963, 29.142247544, 29.2320226297, 0.76278275378, 130.9948361957, 3.1420147137, 22.6201633996, 22.7168943254, 61.9499510966, 5.8773435942],
      [1.9049897757, 2.9856420912, 0.40394333266, 0.32124477518, 0.42376003204, 0.18632331946, 11.9910204764, 12.9335360473, 5.856060137, 15.3789306343, 5.7932476924, 16.2904921662, 6.6329228285, 3.2263711739, 0, 0.82987615328, 0, 0, 0, 3.1007355621, 0.33294173382, 0.22575288435, 12.7167875746, 5.8779071666, 0.40110829272, 2.0278310619, 7.9890629521, 2.9296910555, 3.8882957458, 22.4407977973, 9.453493782, 3.2823098841, 10.0402789418, 4.4268061639, 6.4127011827, 5.7147376613, 15.83939145, 0, 1.4583986815, 2.5123539923, 0.64568475272, 7.68981717, 15.1819670256, 12.5435542799, 14.8841695094, 11.4855044028, 6.0327166005, 0.94058227677, 7.5900118634, 0.49245080114, 8.4718657256, 5.1706442982, 6.0964521246, 29.3721574293, 9.6087967179, 12.4337633423, 0.2275980579, 56.141379697, 0.78961973062, 8.0055927252, 9.9369480446, 30.1915583127, 1.0608293648]
    ],
    [
