{
  "Z_true": {},
  "V_true": [
    [632, 198, 2095, 314, 68],
    [17, 3179, 224, 1303, 139],
    [102, 2047, 755, 10156, 618],
    [261, 211, 3797, 226, 160],
    [145, 177, 640, 447, 363],
    [29, 78, 451, 286, 400],
    [37, 322, 131, 566, 475]
  ],
  "p_true": [
    [0.1911, 0.0599, 0.6335, 0.095, 0.0206],
    [0.0035, 0.6538, 0.0461, 0.268, 0.0286],
    [0.0075, 0.1497, 0.0552, 0.7425, 0.0452],
    [0.0561, 0.0453, 0.8157, 0.0485, 0.0344],
    [0.0818, 0.0999, 0.3612, 0.2523, 0.2049],
    [0.0233, 0.0627, 0.3625, 0.2299, 0.3215],
    [0.0242, 0.2103, 0.0856, 0.3697, 0.3103]
  ],
  "Z_est": [
    [
      [25.5901, 13.3605, 22.7844, 10.1626, 5.0518, 31.4986, 18.4124, 4.7796, 0, 0, 1.6386, 14.2965, 11.5859, 2.0284, 12.9141, 26.4106, 6.7494, 56.0348, 4.6031, 27.7364, 3.4722, 0, 2.731, 7.1188, 9.3626, 32.8904, 3.8824, 30.5468, 32.6295, 20.8691, 17.2225, 6.8264, 4.9605, 4.3492, 12.1526, 6.7879, 2.6721, 9.2651, 5.4665, 0.8513, 3.9209, 6.9647, 20.9485, 14.1425, 0.4488, 41.8176, 5.6366, 123.6358, 22.5305],
      [1.7901, 0.844, 1.5195, 0.7439, 0.3292, 2.3903, 1.3918, 0.0848, 0.0264, 0.1081, 0.0636, 1.842, 1.2406, 0.2928, 0.4875, 2.6765, 0.5004, 3.6736, 0.401, 1.6488, 2.4568, 0.5422, 0.1915, 0.6772, 1.3214, 1.8162, 0.1862, 1.8166, 2.551, 1.5255, 1.0442, 0.4933, 0.4257, 0.4654, 0.5192, 0.3179, 0.0585, 0.4345, 0.4337, 0.1475, 0.4028, 0.2225, 1.7015, 0.9091, 0.0423, 2.7835, 0.453, 10.274, 2.1711],
      [89.033, 48.2332, 52.2868, 29.4823, 16.0776, 102.8663, 60.7336, 3.0516, 0.8426, 0.8255, 4.1228, 52.8655, 20.3953, 7.4618, 31.3987, 77.6376, 17.4638, 206.5123, 16.4411, 90.9004, 5.2807, 3.6529, 6.7072, 27.1048, 30.1195, 76.2486, 6.4127, 89.4405, 108.4019, 73.385, 61.5113, 24.7915, 26.0383, 17.3256, 35.2425, 22.2096, 9.8709, 29.7837, 13.2886, 9.6729, 10.0372, 13.2786, 68.3129, 38.8781, 0.3814, 134.9179, 22.3147, 311.5979, 56.6139],
      [4.9332, 2.2346, 8.7412, 2.1987, 1.4579, 23.4819, 6.9056, 0.0823, 0.1195, 0.0103, 0.0617, 1.3759, 18.107, 0.1029, 0.4731, 8.4214, 1.1464, 15.833, 0.2365, 5.1606, 2.7456, 0.41, 0.3009, 1.9345, 1.0754, 1.1725, 0.1131, 2.9369, 24.776, 9.6709, 3.0764, 1.3774, 1.5195, 0.418, 0.504, 0.3086, 0.1179, 0.4217, 0.6882, 0.1131, 0.1543, 0.216, 4.1093, 0.5657, 0.0103, 21.5411, 0.2983, 22.784, 5.408],
      [0.6537, 0.3277, 0.6682, 0.4125, 0.0834, 0.7629, 0.5567, 0.0017, 0.0114, 0.0562, 0.1133, 0.6201, 2.6712, 0.1141, 0.7266, 0.8539, 0.14, 0.9464, 0.3183, 0.5538, 0.0448, 0.3949, 0.0694, 0.1648, 0.1211, 1.8723, 0.4055, 1.2591, 0.6415, 0.5494, 0.1456, 0.5113, 0.056, 0.4417, 0.5817, 0.376, 0.2806, 1.095, 0.1232, 0.2151, 0.4847, 0.3181, 0.9279, 0.5047, 0.1172, 0.9398, 0.2974, 3.7084, 0.2765]
    ],
    [
      [0.121, 0.0595, 0.1293, 0.0536, 0.0243, 0.1413, 0.0895, 0.6067, 0, 0, 0.0119, 0.0594, 0.0647, 0.0085, 0.0812, 0.1406, 0.0395, 0.243, 0.0198, 0.1312, 0.019, 0, 0.0157, 0.0333, 0.0431, 0.1876, 0.0239, 0.159, 0.1472, 0.0942, 0.0769, 0.0325, 0.0186, 0.017, 0.0753, 0.0378, 0.4925, 0.0424, 0.0316, 0.0028, 0.0198, 0.1144, 0.1066, 0.077, 0.0032, 0.1951, 0.0272, 0.6931, 0.1252],
      [112.0142, 32.5986, 137.9893, 60.8943, 18.3671, 149.9103, 105.5581, 29.2334, 3.9217, 4.4814, 36.5848, 248.9498, 146.9888, 44.0107, 139.3154, 203.5215, 54.8712, 147.9246, 39.3763, 70.4848, 22.7382, 5.6335, 16.6363, 55.8568, 7.865, 132.0421, 13.9158, 116.7995, 175.2125, 94.1394, 36.0712, 34.4676, 16.877, 55.9151, 150.0412, 68.6294, 2.4809, 213.2581, 36.332, 34.3791, 61.7048, 43.8433, 145.4499, 69.3328, 3.9796, 161.4599, 37.7172, 735.7749, 118.4537],
      [2.0235, 0.0474, 1.7206, 0.6675, 0.0273, 3.6237, 2.4241, 2.5122, 0.2597, 0.3397, 0.3577, 6.2531, 0.8883, 0.3793, 1.4488, 2.7322, 0.627, 0.2243, 0.7321, 0.1093, 0.1777, 0.1131, 0.2648, 0.8658, 0.0115, 3.8353, 0.0201, 3.631, 3.6322, 2.8891, 0.1126, 4.4642, 0.0533, 0.8428, 7.8534, 1.3843, 0.9686, 1.8852, 0.5235, 3.9171, 6.4532, 0.5121, 2.5509, 1.1338, 0.0058, 4.767, 2.034, 10.9315, 1.5258],
      [6.3357, 0.0836, 9.5996, 0.0837, 0.5122, 3.7111, 7.4762, 1.4107, 0.6954, 0.1426, 0.9883, 15.0148, 6.3689, 3.5442, 8.5589, 6.8551, 7.2974, 6.9174, 3.6442, 4.8894, 0.0422, 0.2327, 0.0229, 0.0769, 0.0108, 0.7785, 0.0189, 12.5756, 13.4042, 7.4478, 1.6648, 5.5048, 1.0225, 8.9009, 20.4648, 4.6449, 0.0461, 33.8548, 0.0499, 6.5234, 4.4579, 4.295, 0.201, 0.0958, 0.0054, 22.8297, 10.9948, 15.5864, 15.5561],
      [0.5056, 0.2109, 0.5613, 0.3009, 0.0691, 0.6136, 0.4521, 0.237, 0.1231, 0.0363, 0.0573, 0.7228, 0.6893, 0.0573, 0.5957, 0.7506, 0.1649, 0.6908, 0.2276, 0.3854, 0.0229, 0.0206, 0.0603, 0.1672, 0.0695, 1.1564, 0.0213, 0.835, 0.6039, 0.4296, 0.0745, 3.5308, 0.0287, 0.3242, 0.5653, 0.3036, 0.0118, 0.9595, 0.0631, 0.1776, 0.3643, 0.2353, 0.6916, 0.3605, 0.0061, 0.7484, 0.2268, 3.0142, 0.3392]
    ],
    [
      [7.9064, 2.9162, 15.824, 4.0685, 2.0869, 7.2839, 5.3817, 6.1741, 0, 0, 0.5026, 3.062, 4.1054, 0.4374, 8.3779, 12.3886, 3.4113, 13.6999, 1.0207, 10.299, 2.0022, 0, 1.839, 1.9137, 3.6934, 19.8887, 1.3665, 13.8239, 7.9302, 4.3743, 5.2866, 1.4581, 0.8749, 0.8749, 5.2345, 1.7259, 0.6281, 2.1872, 3.4572, 0.1458, 1.0207, 4.6575, 6.3826, 6.7238, 0.1458, 13.2034, 1.1665, 49.972, 14.6782],
      [36.2927, 12.101, 48.0421, 25.8358, 7.1721, 55.4186, 32.3062, 6.3375, 0.9261, 1.0704, 2.6643, 83.6835, 57.5832, 15.2779, 51.4824, 79.5007, 13.4059, 49.8374, 11.2885, 21.1165, 7.9021, 1.6457, 9.4271, 31.4063, 6.5942, 49.3018, 5.5092, 25.8714, 53.7054, 25.5383, 11.5536, 6.0596, 5.0218, 11.414, 28.0753, 21.7418, 0.4328, 45.4115, 23.6413, 6.0596, 11.927, 12.7854, 60.8643, 28.2435, 3.0024, 29.6955, 6.6367, 289.8161, 29.115],
      [38.2823, 29.255, 22.4265, 5.6918, 1.7783, 26.7143, 12.3328, 4.7433, 0.0824, 0.3284, 5.4412, 11.855, 4.6519, 3.7237, 10.4992, 16.558, 3.2837, 78.8072, 4.7837, 25.919, 0.9304, 0.5473, 2.6017, 12.6457, 4.6218, 34.8089, 5.4775, 21.8294, 25.5603, 27.6142, 14.3935, 7.566, 7.9479, 9.1098, 15.0971, 7.9171, 2.5058, 10.1614, 3.6467, 3.5676, 7.6306, 2.6817, 17.0492, 30.618, 10.245, 44.5627, 8.2861, 57.2463, 7.9904],
      [250.5027, 100.5335, 234.844, 131.0568, 34.3451, 433.7031, 216.2483, 43.3833, 3.9656, 2.657, 32.1335, 501.2121, 463.57, 147.3025, 366.3326, 496.9351, 164.3633, 424.0703, 147.4188, 206.6777, 27.0619, 9.1428, 25.0129, 113.7163, 42.322, 673.1351, 133.8336, 514.0118, 367.6635, 224.551, 93.4303, 117.7811, 55.0262, 149.6778, 243.1474, 122.823, 1.2794, 279.7115, 89.9705, 73.3848, 160.5241, 131.0565, 405.6134, 248.3591, 101.0726, 425.7193, 124.4324, 1195.2111, 256.2992],
      [10.0159, 3.1944, 14.8633, 10.3471, 1.6177, 8.8802, 5.7309, 0.3618, 0.0258, 0.9442, 0.2584, 8.1874, 16.0894, 0.2584, 16.3079, 18.6176, 0.5358, 8.5852, 6.4884, 6.9878, 0.1034, 0.6643, 1.1193, 1.318, 1.7686, 35.8655, 6.8132, 18.4635, 5.1406, 9.9222, 0.336, 14.1352, 0.1292, 6.9235, 2.4457, 4.7922, 0.1538, 18.5285, 0.2843, 3.8422, 5.8977, 4.819, 18.0905, 4.0556, 8.5342, 12.8191, 3.4784, 79.7545, 5.9171]
    ],
    [
      [4.7003, 2.9342, 1.5316, 2.2044, 0.7394, 4.5683, 3.4592, 0.5545, 0, 0, 0.2641, 3.0467, 1.3203, 0.3555, 1.8484, 3.3536, 1.6048, 8.9781, 0.8947, 4.5683, 0.222, 0, 0.3169, 0.7394, 1.5844, 5.0964, 1.9012, 4.9908, 4.4891, 3.7623, 2.8783, 1.3424, 0, 0.6337, 2.0069, 1.4523, 0.1584, 2.2181, 0.5828, 0, 1.067, 1.607, 4.225, 2.7198, 0, 5.8622, 0.3681, 42.4615, 2.3237],
      [3.8736, 2.3661, 1.1103, 1.7376, 0.6162, 3.9531, 2.9383, 0.5119, 0.0308, 0.1134, 0.1914, 3.759, 1.484, 0.268, 1.9221, 3.3042, 0.9957, 7.141, 0.8465, 3.6057, 0.1531, 0.1578, 0.2297, 0.536, 1.205, 4.2647, 1.7594, 4.0694, 3.967, 3.2486, 2.241, 0.1247, 1.2007, 0.4594, 1.4548, 1.332, 0.0089, 2.4009, 0.402, 0.3254, 1.3007, 0.7112, 3.7043, 2.2776, 2.611, 4.8525, 0.1366, 16.4656, 2.1419],
      [162.404, 104.7108, 52.9011, 56.7885, 25.6533, 160.4014, 116.3388, 19.2547, 5.9289, 3.362, 9.1209, 116.5212, 44.2045, 12.8897, 61.6264, 116.4644, 32.1936, 311.9113, 32.5551, 158.5839, 7.4171, 5.6052, 11.1257, 25.96, 54.3356, 175.8021, 64.428, 169.0945, 157.8347, 134.6317, 101.0719, 48.3127, 56.3077, 21.4385, 70.0714, 48.7549, 5.7736, 75.0953, 19.4549, 15.8942, 49.0117, 24.2508, 136.2556, 94.4145, 57.756, 206.156, 52.1595, 564.3768, 75.2369],
      [5.0961, 4.9895, 0.6326, 5.0954, 0.7427, 1.887, 6.6419, 0.2291, 2.0102, 0.263, 0.1091, 15.8172, 0.5454, 0.1669, 2.5819, 1.4786, 5.7893, 9.1327, 0.8122, 4.5939, 0.0873, 0.9368, 0.1309, 0.3054, 2.5389, 2.6089, 2.524, 7.2788, 1.8543, 6.7402, 2.4174, 1.6753, 1.3411, 0.2618, 0.829, 2.3931, 0.0208, 1.252, 0.2291, 0.1854, 3.1688, 0.5502, 13.1607, 2.1246, 2.0838, 2.4215, 2.4775, 60.066, 7.2862],
      [1.926, 0.9994, 1.8244, 1.1742, 0.2485, 2.1902, 1.6218, 0.4498, 0.0301, 0.2616, 0.3146, 3.8559, 2.4459, 0.3199, 2.0212, 2.3991, 0.4166, 2.8369, 0.8915, 1.6483, 0.1204, 0.3003, 0.1968, 0.4592, 0.3361, 5.2278, 1.3873, 3.5666, 1.855, 1.6173, 0.3914, 2.5448, 0.1505, 1.2065, 1.6379, 1.0677, 0.0382, 3.0336, 0.3312, 0.5949, 1.4518, 0.8807, 2.6544, 1.4636, 3.5492, 2.7079, 0.8583, 10.6301, 1.0112]
    ],
    [
      [0.6821, 0.7296, 0.7308, 0.5109, 0.0976, 1.508, 0.6572, 0.885, 0, 0, 0.5829, 0.5354, 0.9237, 0.1701, 0.7784, 0.7066, 0.1949, 2.0443, 0.4617, 1.2651, 0.2845, 0, 0.0974, 0.1948, 0.3165, 3.9369, 0.826, 2.4796, 0.8039, 0.9001, 0.5357, 0.3405, 0.146, 0.1252, 1.5308, 0.9961, 0.0488, 1.2872, 0.4619, 0.0001, 0.9716, 0.6564, 1.3373, 1.3368, 0.4023, 1.9218, 0.8017, 4.2377, 0.3423],
      [0.4664, 0.2904, 0.2044, 0.3028, 0.0746, 0.8016, 0.4385, 0.2285, 0.0292, 0.1288, 3.9049, 0.1499, 0.2589, 0.1548, 0.218, 0.1976, 0.0678, 0.9462, 0.2225, 0.5281, 0.1947, 0.0209, 0.0746, 0.0545, 1.7042, 1.4407, 0.2703, 0.9617, 0.6461, 0.475, 0.2412, 0.1691, 0.083, 0.3954, 1.8893, 0.4443, 0.0189, 1.1364, 3.3248, 0.1759, 0.4077, 0.4744, 0.7539, 0.5555, 0.2015, 0.8946, 0.3056, 1.1855, 0.0954],
      [2.1938, 8.4388, 3.3463, 3.2939, 0.3134, 10.7571, 3.7716, 5.6584, 1.3553, 0.3873, 7.0593, 1.7237, 2.9773, 1.0749, 3.0556, 2.2722, 1.7159, 18.489, 2.6504, 14.8081, 1.2397, 0.0815, 0.7309, 1.2465, 2.7248, 19.0096, 5.5594, 13.9637, 5.6254, 7.6547, 9.6285, 1.0969, 1.2559, 11.6777, 7.7133, 4.9186, 0.881, 14.5465, 3.8339, 1.8832, 5.5095, 3.8994, 8.8835, 7.7218, 4.018, 13.995, 4.3463, 22.886, 2.5421],
      [7.3005, 9.6693, 7.6043, 5.323, 1.2762, 24.7428, 6.8439, 10.86, 1.2223, 2.4409, 7.7831, 5.5765, 9.6321, 2.2266, 8.1113, 7.3508, 2.0278, 31.9345, 6.3014, 16.9244, 1.7928, 0.2778, 1.1003, 2.0278, 4.0583, 75.5733, 13.9929, 44.0578, 8.3648, 11.5519, 7.2755, 3.5487, 2.4855, 12.9036, 30.9186, 21.0541, 0.5358, 44.1794, 8.4404, 6.2979, 17.2475, 11.5093, 16.9317, 27.2244, 9.2622, 32.0466, 16.7462, 44.1051, 3.5487],
      [17.3572, 10.8719, 18.1141, 11.5694, 2.2382, 24.1906, 15.2888, 6.3681, 0.3932, 2.0431, 4.6698, 14.0145, 24.208, 3.3737, 19.8368, 18.4728, 3.9936, 30.586, 9.364, 18.4744, 1.4882, 0.6199, 1.9968, 4.4764, 4.1961, 62.0395, 13.3514, 40.5372, 17.5597, 16.4182, 4.3191, 8.8448, 2.0295, 14.8982, 20.9479, 13.5868, 0.5156, 36.8505, 2.939, 6.643, 15.8638, 10.4606, 27.0935, 18.1614, 13.1161, 30.142, 10.8003, 101.5857, 7.4715]
    ],
    [
      [0, 0, 0, 0, 0, 0, 0, 0, 0, 0, 0, 0, 0, 0, 0, 0, 0, 0, 0, 0, 0, 0, 0, 0, 0, 0, 0, 0, 0, 0, 0, 0, 0, 0, 0, 0, 0, 0, 0, 0, 0, 0, 0, 0, 0, 0, 0, 0, 0],
      [0.5006, 0.1562, 0.6122, 0.2902, 0.0861, 0.6888, 0.4624, 0.118, 0, 0.0191, 1.1191, 1.0969, 0.6728, 0.1945, 0, 0.9375, 0.2264, 0.6792, 0.169, 0.3157, 0.1084, 0, 0.0861, 0.287, 0.0606, 0.6122, 0.0702, 0.4847, 0.7653, 0.405, 0.1658, 0.1339, 0.0765, 0.4311, 0.5899, 0.2997, 0, 0.8514, 1.4568, 0.1339, 0.2455, 0.1881, 0.6888, 0.3284, 0.0319, 0.6473, 0.1467, 3.4151, 0],
      [22.2314, 14.1742, 10.6594, 7.6033, 1.0468, 19.157, 19.415, 3.6006, 0, 0.7296, 2.7652, 14.8418, 9.9558, 3.3362, 5.0545, 15.2703, 4.4414, 40.0463, 6.5456, 13.673, 1.877, 0, 1.4646, 6.8365, 2.1859, 36.707, 8.687, 29.5402, 18.4802, 14.6362, 9.7469, 7.3389, 6.0485, 7.2924, 16.3217, 8.3864, 0, 13.8527, 4.0448, 3.8861, 10.9444, 4.1506, 17.7976, 14.377, 3.2445, 23.6464, 7.4182, 74.1936, 1.4274],
      [3.8591, 1.7963, 1.3332, 1.6317, 0.4721, 2.4532, 13.3153, 1.918, 0, 0.2821, 0.604, 4.4159, 1.9377, 2.5755, 0.3748, 0.99, 2.0125, 6.6239, 3.7498, 3.1432, 1.5896, 0, 0.1716, 4.9844, 0.6242, 9.641, 4.8126, 16.112, 2.7269, 1.2818, 1.5036, 0.9958, 0.8284, 2.2584, 11.8843, 2.0001, 0, 2.2204, 1.2961, 1.8385, 8.0293, 0.4633, 3.5521, 3.5876, 0.2342, 1.0977, 3.1343, 16.4421, 0.1171],
      [14.4089, 7.8733, 11.3951, 7.4748, 1.395, 14.7011, 14.8074, 3.3634, 0, 0.9692, 2.5116, 12.6454, 14.4337, 2.8938, 10.5708, 14.8022, 3.3197, 22.6506, 6.5356, 10.8681, 1.425, 0, 1.2776, 4.8921, 2.1294, 35.0397, 8.4302, 26.8632, 13.0276, 10.6771, 4.5836, 8.5313, 1.0466, 8.0181, 14.2041, 7.3137, 0, 18.0756, 3.2023, 4.1414, 10.7807, 5.198, 16.9616, 10.7071, 6.4893, 17.6086, 6.3008, 68.9492, 3.4555]
    ],
    [
      [0, 0, 0, 0, 0, 0, 0, 0, 0, 0, 0, 0, 0, 0, 0, 0, 0, 0, 0, 0, 0, 0, 0, 0, 0, 0, 0, 0, 0, 0, 0, 0, 0, 0, 0, 0, 0, 0, 0, 0, 0, 0, 0, 0, 0, 0, 0, 0, 0],
      [2.0624, 0.6437, 2.5222, 1.1954, 0.3547, 2.8374, 1.9047, 0.486, 0.0657, 0.0788, 1.4719, 4.5189, 2.7717, 0.8013, 2.5747, 3.862, 0.9327, 2.798, 0.6962, 1.3005, 0.4466, 0, 0.3547, 1.1823, 0.2496, 2.5222, 0.289, 1.9967, 3.1527, 1.6683, 0.6831, 0.5517, 0.3153, 0.9195, 2.4302, 1.2348, 0, 3.5074, 4.4095, 0.7785, 1.0115, 0.775, 2.8374, 1.353, 0.1314, 2.6666, 0.6043, 14.0689, 2.023],
      [3.832, 0.1405, 0.6592, 0.4728, 0.1034, 1.4803, 0.984, 0.1792, 0.5311, 0.0276, 0.1328, 0.9396, 1.9269, 0.1344, 4.9169, 1.0652, 0.2745, 0.0096, 0.2921, 0.0064, 0.0775, 0, 0.105, 0.3409, 0.0009, 1.5886, 0.4152, 1.5007, 1.4652, 1.1891, 0.5352, 0.4297, 0.3484, 0.3131, 0.7006, 0.429, 0, 0.6751, 0.2076, 0.1789, 0.4134, 0.2269, 1.1503, 0.8569, 0.3493, 1.9551, 0.4412, 4.7679, 0.6635],
      [24.9727, 9.6933, 24.2451, 6.6107, 3.1938, 35.0208, 23.5688, 9.1166, 0.9869, 1.2041, 4.3202, 39.5877, 51.8388, 11.0815, 33.5673, 51.9689, 10.3634, 26.4883, 7.8371, 18.6108, 1.6807, 0, 3.2605, 4.9546, 2.3704, 44.0906, 11.7048, 41.0271, 46.2104, 13.7563, 8.6319, 14.1168, 4.7769, 17.5795, 27.252, 11.7762, 0, 45.3602, 10.3258, 7.6568, 20.4181, 16.9098, 33.4317, 22.0429, 18.3316, 35.3441, 7.9166, 112.8053, 9.7847],
      [11.1328, 4.5225, 10.5735, 4.7211, 1.3481, 13.6615, 9.5424, 3.2182, 0.4163, 0.6895, 2.075, 13.9538, 18.4626, 2.9827, 13.9411, 18.1038, 3.4295, 12.7041, 4.1746, 8.0823, 0.7952, 0, 1.2798, 2.5222, 1.3791, 23.7987, 5.591, 18.4755, 15.1717, 7.3864, 3.1498, 6.9018, 1.5594, 7.1878, 10.6173, 5.56, 0, 18.4573, 4.0571, 3.3858, 8.157, 6.0884, 14.5805, 8.7472, 7.1878, 15.0342, 4.038, 54.3579, 4.5289]
    ]
  ],
  "V_est": [
    [749.7409, 58.439, 2261.4528, 209.8515, 27.5157],
    [4.9367, 4454.003, 94.7574, 285.439, 22.8639],
    [285.6019, 1459.7415, 712.0179, 10806.2258, 414.4129],
    [141.9362, 104.5107, 4131.8422, 197.5644, 79.1465],
    [40.7842, 28.2088, 284.4155, 654.2107, 764.3808],
    [0, 21.055, 569.0802, 156.9158, 496.949],
    [0, 86.042, 39.434, 987.7928, 417.7311]
  ],
  "p_est": [
    [0.2267, 0.0177, 0.6838, 0.0635, 0.0083],
    [0.001, 0.9161, 0.0195, 0.0587, 0.0047],
    [0.0209, 0.1067, 0.0521, 0.79, 0.0303],
    [0.0305, 0.0225, 0.8876, 0.0424, 0.017],
    [0.023, 0.0159, 0.1605, 0.3692, 0.4314],
    [0, 0.0169, 0.4575, 0.1261, 0.3995],
    [0, 0.0562, 0.0258, 0.6452, 0.2728]
  ],
  "EI_Z": {},
  "EI_V": 12.7968,
  "MAE_Z": {},
  "MAE_V": 227.0446,
  "MAE_p": 0.0727,
  "runtime": 2.372
}
