{
  "X": [
    [16, 10, 5, 23, 38, 66, 6],
    [21, 14, 6, 12, 26, 205, 15],
    [1, 5, 2, 4, 24, 242, 14],
    [166, 108, 72, 129, 411, 1005, 102],
    [73, 48, 30, 77, 167, 689, 86],
    [24, 46, 37, 75, 75, 501, 53],
    [27, 35, 47, 74, 91, 533, 51],
    [118, 78, 59, 206, 375, 1019, 91],
    [14, 19, 31, 51, 105, 586, 42],
    [12, 18, 16, 31, 48, 455, 29],
    [10, 16, 21, 22, 37, 212, 15],
    [18, 20, 4, 53, 96, 185, 13],
    [13, 16, 29, 31, 31, 421, 50],
    [15, 12, 10, 29, 24, 232, 35],
    [87, 82, 66, 149, 264, 876, 136],
    [14, 18, 18, 40, 50, 482, 40],
    [36, 25, 40, 59, 85, 493, 55],
    [7, 18, 23, 31, 70, 241, 23],
    [30, 30, 33, 44, 86, 507, 56],
    [6, 11, 27, 38, 60, 553, 45],
    [10, 22, 35, 44, 48, 569, 47],
    [2, 7, 10, 15, 30, 162, 18],
    [6, 19, 30, 51, 39, 336, 28],
    [3, 10, 8, 24, 22, 220, 12],
    [23, 46, 34, 64, 101, 625, 48],
    [20, 19, 31, 44, 50, 419, 41],
    [13, 9, 1, 8, 28, 69, 9],
    [4, 19, 29, 29, 47, 393, 32],
    [16, 20, 15, 34, 60, 213, 27],
    [47, 54, 78, 140, 140, 779, 47],
    [1, 10, 13, 7, 47, 420, 35],
    [0, 3, 0, 14, 23, 121, 15],
    [26, 32, 16, 70, 108, 402, 33],
    [6, 7, 185, 16, 23, 12, 11],
    [103, 87, 128, 142, 331, 1523, 221],
    [4, 1, 4, 1, 13, 55, 13]
  ],
  "W": [
    [21, 8, 54, 43, 20, 11, 7],
    [25, 6, 194, 24, 18, 17, 15],
    [1, 7, 247, 12, 8, 3, 14],
    [200, 65, 882, 432, 177, 127, 110],
    [84, 29, 650, 168, 95, 76, 68],
    [24, 27, 445, 91, 112, 50, 62],
    [33, 37, 467, 106, 111, 46, 58],
    [197, 66, 862, 335, 269, 120, 97],
    [31, 20, 569, 78, 61, 29, 60],
    [17, 16, 420, 41, 41, 24, 50],
    [14, 16, 194, 33, 36, 17, 23],
    [25, 8, 143, 97, 66, 33, 17],
    [20, 27, 409, 37, 37, 18, 43],
    [13, 21, 192, 20, 40, 30, 41],
    [121, 46, 675, 329, 216, 137, 136],
    [19, 17, 435, 37, 70, 35, 49],
    [38, 37, 397, 101, 97, 61, 62],
    [13, 18, 229, 50, 51, 26, 26],
    [33, 24, 473, 81, 63, 37, 75],
    [8, 24, 555, 37, 41, 14, 61],
    [9, 33, 509, 43, 64, 43, 74],
    [7, 5, 146, 29, 25, 14, 18],
    [17, 27, 299, 54, 57, 30, 25],
    [9, 9, 186, 21, 29, 25, 20],
    [30, 39, 539, 99, 105, 75, 54],
    [22, 30, 384, 57, 63, 25, 43],
    [26, 3, 49, 23, 11, 16, 9],
    [14, 21, 361, 46, 46, 26, 39],
    [22, 14, 207, 55, 47, 17, 23],
    [62, 58, 626, 155, 217, 75, 92],
    [3, 10, 446, 24, 9, 10, 31],
    [0, 2, 114, 25, 18, 2, 15],
    [35, 27, 327, 105, 98, 47, 48],
    [7, 6, 188, 25, 16, 0, 18],
    [120, 121, 1510, 294, 186, 112, 192],
    [2, 7, 42, 16, 6, 2, 16]
  ],
  "method": "mcmc",
  "mcmc_stepsize": 3000,
  "mcmc_samples": 1000,
  "burn_in": 10000,
  "cond_prob": [
    [
      [0.23809522858, 0.095238089707, 3.0420538373e-08, 0.095238087497, 0.19047620934, 0.38095234547, 8.9776131852e-09],
      [9.6753196475e-09, 0.24999996408, 0.12499997151, 0.12500002799, 0.12500000882, 0.37499999591, 2.200434813e-08],
      [0.092592586484, 0.055555551627, 0.05555554568, 0.16666667727, 0.22222222333, 0.38888889894, 0.018518516669],
      [0.093023257266, 0.046511637354, 0.023255814218, 0.18604648535, 0.23255814905, 0.39534884767, 0.023255809091],
      [0.050000028695, 0.049999995164, 1.7361502791e-09, 0.099999998112, 0.39999994786, 0.40000002776, 6.7789651473e-10],
      [0.09090907195, 2.0788981021e-08, 6.4284641956e-09, 0.090909106609, 0.18181819559, 0.63636356268, 3.5946384013e-08],
      [3.4862051975e-09, 1.1067432008e-08, 7.9800540896e-10, 5.158263543e-08, 0.14285713647, 0.28571429153, 0.57142850506]
    ],
    [
      [0.12, 0.04, 1.5688239999e-20, 0.04, 0.08, 0.68, 0.04],
      [0.16666666667, 0.16666666667, 5.6152186594e-21, 8.0982920152e-20, 4.9363759403e-20, 0.66666666667, 5.9094600926e-21],
      [0.067010309278, 0.056701030928, 0.025773195876, 0.036082474227, 0.082474226804, 0.68556701031, 0.046391752577],
      [0.041666666667, 0.041666666667, 0.041666666667, 0.083333333333, 0.083333333333, 0.66666666667, 0.041666666667],
      [0.055555555556, 1.9928597451e-20, 5.5493600068e-23, 0.11111111111, 0.16666666667, 0.66666666667, 1.0829646284e-20],
      [0.058823529412, 2.2821964225e-21, 1.9821758475e-21, 2.8612518739e-20, 0.11764705882, 0.76470588235, 0.058823529412],
      [0.066666666667, 1.0816216585e-20, 6.0941879711e-23, 1.1013631704e-20, 0.066666666667, 0.66666666667, 0.2]
    ],
    [
      [0.99999993897, 3.789223682e-10, 1.5743611483e-14, 1.3719767944e-11, 1.5891400384e-09, 5.9042407968e-08, 3.0336187571e-12],
      [2.2730413048e-10, 0.14285715774, 0.14285713226, 8.4278185455e-09, 1.0612665772e-08, 0.71428568671, 4.0241790571e-09],
      [1.2103293289e-13, 0.016194331529, 0.0040485827018, 0.016194331449, 0.093117407716, 0.825910934, 0.044534412608],
      [3.8978616752e-11, 9.2404021839e-12, 1.1459805511e-09, 3.8677247261e-12, 1.6994367103e-08, 0.99999997936, 2.4520250897e-09],
      [7.3651655187e-09, 2.0588993395e-10, 7.4128841763e-09, 5.7030116339e-11, 9.1203275972e-09, 0.99999996346, 1.2378538294e-08],
      [5.6106389099e-12, 2.0965930983e-11, 2.0168860099e-08, 1.1153789738e-11, 4.9788986343e-09, 0.66666664215, 0.33333333266],
      [2.2570716766e-14, 4.2586058345e-10, 9.4943482767e-10, 5.1909800431e-09, 0.071428566169, 0.78571428931, 0.14285713795]
    ],
    [
      [0.1, 0.05, 0.035, 0.06, 0.205, 0.5, 0.05],
      [0.076923076923, 0.092307692308, 0.030769230769, 0.061538461538, 0.2, 0.49230769231, 0.046153846154],
      [0.082766439909, 0.055555555556, 0.037414965986, 0.06462585034, 0.2052154195, 0.50340136054, 0.051020408163],
      [0.081018518519, 0.053240740741, 0.039351851852, 0.06712962963, 0.20601851852, 0.50231481481, 0.050925925926],
      [0.079096045198, 0.050847457627, 0.033898305085, 0.067796610169, 0.21468926554, 0.50282485876, 0.050847457627],
      [0.07874015748, 0.047244094488, 0.031496062992, 0.062992125984, 0.2125984252, 0.51968503937, 0.047244094488],
      [0.081818181818, 0.045454545455, 0.027272727273, 0.063636363636, 0.2, 0.51818181818, 0.063636363636]
    ],
    [
      [0.095238095238, 0.035714285714, 0.02380952381, 0.059523809524, 0.13095238095, 0.58333333333, 0.071428571429],
      [0.068965517241, 0.10344827586, 2.6738740315e-53, 0.034482758621, 0.13793103448, 0.58620689655, 0.068965517241],
      [0.061538461538, 0.043076923077, 0.029230769231, 0.064615384615, 0.14153846154, 0.58769230769, 0.072307692308],
      [0.059523809524, 0.035714285714, 0.029761904762, 0.083333333333, 0.1369047619, 0.58333333333, 0.071428571429],
      [0.052631578947, 0.031578947368, 0.021052631579, 0.063157894737, 0.18947368421, 0.57894736842, 0.063157894737],
      [0.052631578947, 0.039473684211, 0.013157894737, 0.065789473684, 0.13157894737, 0.63157894737, 0.065789473684],
      [0.058823529412, 0.029411764706, 0.014705882353, 0.058823529412, 0.13235294118, 0.58823529412, 0.11764705882]
    ],
    [
      [0.125, 0.041666666667, 0.041666666667, 0.083333333333, 0.083333333333, 0.58333333333, 0.041666666667],
      [0.037037037037, 0.14814814815, 0.037037037037, 0.074074074074, 0.074074074074, 0.59259259259, 0.037037037037],
      [0.029213483146, 0.056179775281, 0.049438202247, 0.092134831461, 0.092134831461, 0.61573033708, 0.065168539326],
      [0.021978021978, 0.054945054945, 0.043956043956, 0.12087912088, 0.087912087912, 0.61538461538, 0.054945054945],
      [0.026785714286, 0.053571428571, 0.044642857143, 0.089285714286, 0.10714285714, 0.61607142857, 0.0625],
      [0.02, 0.04, 0.04, 0.08, 0.1, 0.66, 0.06],
      [0.016129032258, 0.048387096774, 0.032258064516, 0.08064516129, 0.08064516129, 0.62903225806, 0.11290322581]
    ],
    [
      [0.12121212121, 0.060606060606, 0.030303030303, 0.060606060606, 0.090909090909, 0.60606060606, 0.030303030303],
      [0.027027027027, 0.081081081081, 0.081081081081, 0.081081081081, 0.081081081081, 0.59459459459, 0.054054054054],
      [0.029978586724, 0.040685224839, 0.057815845824, 0.087794432548, 0.10492505353, 0.62098501071, 0.057815845824],
      [0.028301886792, 0.037735849057, 0.047169811321, 0.10377358491, 0.11320754717, 0.61320754717, 0.056603773585],
      [0.027027027027, 0.036036036036, 0.054054054054, 0.081081081081, 0.12612612613, 0.62162162162, 0.054054054054],
      [0.021739130435, 0.021739130435, 0.04347826087, 0.065217391304, 0.086956521739, 0.67391304348, 0.086956521739],
      [0.01724137931, 0.034482758621, 0.051724137931, 0.086206896552, 0.10344827586, 0.62068965517, 0.086206896552]
    ],
    [
      [0.071065989848, 0.045685279188, 0.02538071066, 0.10152284264, 0.18781725888, 0.52284263959, 0.045685279188],
      [0.060606060606, 0.075757575758, 0.030303030303, 0.090909090909, 0.18181818182, 0.51515151515, 0.045454545455],
      [0.060324825986, 0.039443155452, 0.032482598608, 0.10556844548, 0.19257540603, 0.52320185615, 0.046403712297],
      [0.059701492537, 0.038805970149, 0.032835820896, 0.11044776119, 0.19104477612, 0.5223880597, 0.044776119403],
      [0.059479553903, 0.03717472119, 0.029739776952, 0.11152416357, 0.1970260223, 0.52044609665, 0.044609665428],
      [0.058333333333, 0.033333333333, 0.025, 0.1, 0.20833333333, 0.53333333333, 0.041666666667],
      [0.051546391753, 0.030927835052, 0.020618556701, 0.10309278351, 0.18556701031, 0.53608247423, 0.072164948454]
    ],
    [
      [0.096774193548, 0.032258064516, 0.032258064516, 0.032258064516, 0.096774193548, 0.67741935484, 0.032258064516],
      [5.0922723886e-55, 0.15, 0.05, 0.05, 0.1, 0.65, 9.8439874961e-49],
      [0.015817223199, 0.021089630931, 0.038664323374, 0.06151142355, 0.1230228471, 0.69068541301, 0.04920913884],
      [0.012820512821, 0.012820512821, 0.025641025641, 0.089743589744, 0.14102564103, 0.67948717949, 0.038461538462],
      [0.016393442623, 0.016393442623, 0.032786885246, 0.049180327869, 0.14754098361, 0.68852459016, 0.049180327869],
      [2.1249099061e-55, 2.0366857911e-48, 0.034482758621, 0.034482758621, 0.10344827586, 0.79310344828, 0.034482758621],
      [4.9219896246e-49, 0.016666666667, 0.033333333333, 0.05, 0.11666666667, 0.68333333333, 0.1]
    ],
    [
      [0.23529411765, 7.1178157891e-25, 3.5589078945e-25, 7.1178157891e-25, 0.058823529412, 0.70588235294, 8.4690700407e-38],
      [3.7813396379e-25, 0.1875, 0.0625, 1.3497573467e-37, 0.0625, 0.6875, 3.7813396379e-25],
      [0.019047619048, 0.028571428571, 0.028571428571, 0.052380952381, 0.078571428571, 0.74523809524, 0.047619047619],
      [2.9512894735e-25, 0.024390243902, 0.024390243902, 0.09756097561, 0.09756097561, 0.73170731707, 0.024390243902],
      [2.296136449e-44, 0.024390243902, 0.024390243902, 0.048780487805, 0.12195121951, 0.75609756098, 0.024390243902],
      [2.9994579564e-38, 2.9994635069e-38, 2.520893092e-25, 0.041666666667, 0.041666666667, 0.875, 0.041666666667],
      [1.2100286841e-25, 0.02, 0.02, 0.04, 0.06, 0.74, 0.12]
    ],
    [
      [0.28571428571, 0.071428571429, 7.1610618772e-20, 7.2776735848e-24, 0.071428571429, 0.57142857143, 4.3131279834e-21],
      [1.8870817771e-21, 0.1875, 0.0625, 0.0625, 0.0625, 0.625, 6.2663398023e-20],
      [0.025773195876, 0.046391752577, 0.072164948454, 0.072164948454, 0.10824742268, 0.63402061856, 0.041237113402],
      [1.6108991498e-20, 0.030303030303, 0.060606060606, 0.090909090909, 0.15151515152, 0.63636363636, 0.030303030303],
      [0.027777777778, 0.027777777778, 0.055555555556, 0.055555555556, 0.16666666667, 0.63888888889, 0.027777777778],
      [2.771289487e-20, 3.8365955115e-20, 0.058823529412, 0.058823529412, 0.058823529412, 0.76470588235, 0.058823529412],
      [1.0240221093e-19, 0.04347826087, 0.04347826087, 0.04347826087, 0.086956521739, 0.60869565217, 0.17391304348]
    ],
    [
      [0.16, 0.04, 2.5114786349e-22, 0.12, 0.24, 0.44, 7.6655612063e-20],
      [6.192777017e-18, 0.375, 1.2013328544e-17, 0.125, 0.125, 0.375, 7.3910430811e-20],
      [0.041958041958, 0.055944055944, 0.020979020979, 0.13286713287, 0.24475524476, 0.47552447552, 0.027972027972],
      [0.041237113402, 0.041237113402, 0.010309278351, 0.16494845361, 0.23711340206, 0.47422680412, 0.030927835052],
      [0.045454545455, 0.045454545455, 8.9855588886e-21, 0.12121212121, 0.28787878788, 0.4696969697, 0.030303030303],
      [0.030303030303, 0.030303030303, 1.4584428806e-18, 0.12121212121, 0.24242424242, 0.54545454545, 0.030303030303],
      [2.9269664158e-18, 6.4671543204e-20, 2.8646202498e-18, 0.11764705882, 0.23529411765, 0.47058823529, 0.17647058824]
    ],
    [
      [0.15, 3.0483957275e-35, 9.1451871718e-35, 0.05, 0.05, 0.7, 0.05],
      [0.074074074074, 0.037037037037, 0.037037037037, 0.037037037037, 0.037037037037, 0.7037037037, 0.074074074074],
      [0.0195599022, 0.029339853301, 0.053789731051, 0.051344743276, 0.051344743276, 0.71149144254, 0.083129584352],
      [8.2389073634e-36, 0.027027027027, 0.081081081081, 0.081081081081, 0.027027027027, 0.7027027027, 0.081081081081],
      [2.3996748836e-45, 0.027027027027, 0.027027027027, 0.081081081081, 0.081081081081, 0.7027027027, 0.081081081081],
      [6.7742127202e-35, 3.369534255e-44, 6.77421272e-35, 1.6935531812e-35, 0.11111111111, 0.83333333333, 0.055555555556],
      [2.8357169553e-35, 0.023255813953, 0.046511627907, 0.046511627907, 0.046511627907, 0.6976744186, 0.13953488372]
    ],
    [
      [0.23076923077, 3.9317531858e-24, 1.7877634672e-26, 0.076923076923, 4.4344903698e-26, 0.61538461538, 0.076923076923],
      [0.047619047619, 0.14285714286, 1.221265663e-24, 0.047619047619, 0.047619047619, 0.61904761905, 0.095238095238],
      [0.041666666667, 0.03125, 0.041666666667, 0.083333333333, 0.0625, 0.64583333333, 0.09375],
      [1.7559416021e-26, 1.2911157866e-24, 1.5193861123e-26, 0.15, 0.2, 0.6, 0.05],
      [0.025, 0.025, 0.025, 0.075, 0.075, 0.7, 0.075],
      [0.033333333333, 0.033333333333, 3.3798274078e-24, 0.066666666667, 0.066666666667, 0.7, 0.1],
      [0.024390243902, 0.024390243902, 0.024390243902, 0.073170731707, 0.048780487805, 0.63414634146, 0.17073170732]
    ],
    [
      [0.066115702479, 0.066115702479, 0.03305785124, 0.082644628099, 0.15702479339, 0.52066115702, 0.074380165289],
      [0.04347826087, 0.065217391304, 0.065217391304, 0.086956521739, 0.15217391304, 0.52173913043, 0.065217391304],
      [0.051851851852, 0.048888888889, 0.041481481481, 0.09037037037, 0.15851851852, 0.52740740741, 0.081481481481],
      [0.051671732523, 0.048632218845, 0.039513677812, 0.094224924012, 0.16109422492, 0.52583586626, 0.079027355623],
      [0.050925925926, 0.046296296296, 0.037037037037, 0.087962962963, 0.16666666667, 0.53240740741, 0.078703703704],
      [0.051094890511, 0.043795620438, 0.036496350365, 0.087591240876, 0.15328467153, 0.5401459854, 0.087591240876],
      [0.051470588235, 0.044117647059, 0.036764705882, 0.088235294118, 0.15441176471, 0.52205882353, 0.10294117647]
    ],
    [
      [0.15789473684, 6.0636202298e-46, 1.9500763796e-46, 0.052631578947, 0.052631578947, 0.68421052632, 0.052631578947],
      [4.8302324367e-46, 0.11764705882, 9.6630554119e-46, 0.058823529412, 0.058823529412, 0.70588235294, 0.058823529412],
      [0.020689655172, 0.029885057471, 0.029885057471, 0.059770114943, 0.073563218391, 0.72643678161, 0.059770114943],
      [3.1512586754e-46, 0.027027027027, 0.081081081081, 0.081081081081, 0.054054054054, 0.7027027027, 0.054054054054],
      [0.014285714286, 0.014285714286, 0.014285714286, 0.071428571429, 0.11428571429, 0.71428571429, 0.057142857143],
      [2.3461154294e-46, 3.4415817905e-46, 1.0209282527e-46, 0.057142857143, 0.085714285714, 0.8, 0.057142857143],
      [0.020408163265, 0.020408163265, 0.020408163265, 0.040816326531, 0.061224489796, 0.75510204082, 0.081632653061]
    ],
    [
      [0.13157894737, 0.026315789474, 0.026315789474, 0.052631578947, 0.10526315789, 0.60526315789, 0.052631578947],
      [0.027027027027, 0.10810810811, 0.054054054054, 0.054054054054, 0.081081081081, 0.62162162162, 0.054054054054],
      [0.045340050378, 0.030226700252, 0.055415617128, 0.07556675063, 0.10579345088, 0.61964735516, 0.068010075567],
      [0.039603960396, 0.029702970297, 0.049504950495, 0.09900990099, 0.09900990099, 0.61386138614, 0.069306930693],
      [0.041237113402, 0.030927835052, 0.041237113402, 0.072164948454, 0.13402061856, 0.61855670103, 0.061855670103],
      [0.032786885246, 0.016393442623, 0.049180327869, 0.065573770492, 0.11475409836, 0.65573770492, 0.065573770492],
      [0.032258064516, 0.016129032258, 0.048387096774, 0.064516129032, 0.096774193548, 0.62903225806, 0.11290322581]
    ],
    [
      [0.30769230769, 3.6257767925e-22, 3.6255317423e-22, 1.0870252131e-21, 0.15384615385, 0.53846153846, 6.2505252971e-25],
      [4.0785887153e-25, 0.11111111111, 0.055555555556, 0.055555555556, 0.16666666667, 0.55555555556, 0.055555555556],
      [0.013100436681, 0.043668122271, 0.069868995633, 0.07423580786, 0.16593886463, 0.5807860262, 0.052401746725],
      [6.492774122e-25, 0.04, 0.04, 0.14, 0.16, 0.58, 0.04],
      [9.24077426e-23, 0.039215686275, 0.039215686275, 0.078431372549, 0.21568627451, 0.58823529412, 0.039215686275],
      [1.809906339e-22, 0.038461538462, 0.038461538462, 0.038461538462, 0.15384615385, 0.65384615385, 0.076923076923],
      [1.1853257974e-24, 0.038461538462, 0.038461538462, 0.038461538462, 0.15384615385, 0.57692307692, 0.15384615385]
    ],
    [
      [0.12121212121, 0.030303030303, 0.030303030303, 0.030303030303, 0.090909090909, 0.63636363636, 0.060606060606],
      [3.1678332827e-50, 0.125, 0.083333333333, 0.041666666667, 0.083333333333, 0.625, 0.041666666667],
      [0.038054968288, 0.038054968288, 0.044397463002, 0.057082452431, 0.10782241015, 0.64482029598, 0.06976744186],
      [0.037037037037, 0.037037037037, 0.037037037037, 0.074074074074, 0.11111111111, 0.64197530864, 0.061728395062],
      [0.031746031746, 0.031746031746, 0.031746031746, 0.047619047619, 0.14285714286, 0.65079365079, 0.063492063492],
      [0.027027027027, 0.027027027027, 0.027027027027, 0.054054054054, 0.10810810811, 0.67567567568, 0.081081081081],
      [0.026666666667, 0.026666666667, 0.04, 0.053333333333, 0.10666666667, 0.64, 0.10666666667]
    ],
    [
      [0.25, 0.125, 2.4959168093e-44, 2.271212805e-44, 4.2675949844e-44, 0.625, 1.8951776765e-51],
      [1.5116795402e-45, 0.083333333333, 0.083333333333, 0.041666666667, 0.041666666667, 0.70833333333, 0.041666666667],
      [0.0072072072072, 0.014414414414, 0.037837837838, 0.054054054054, 0.081081081081, 0.74594594595, 0.059459459459],
      [1.2562101641e-44, 4.9080900804e-46, 0.027027027027, 0.054054054054, 0.13513513514, 0.72972972973, 0.054054054054],
      [5.9017331646e-45, 3.2728363884e-44, 0.024390243902, 0.048780487805, 0.09756097561, 0.78048780488, 0.048780487805],
      [5.8346639162e-45, 7.145045267e-45, 3.0025955003e-44, 3.4787731816e-44, 0.071428571429, 0.92857142857, 6.4817109205e-44],
      [2.3207898713e-45, 3.0064669048e-46, 0.032786885246, 0.049180327869, 0.065573770492, 0.73770491803, 0.11475409836]
    ],
    [
      [0.33333333333, 3.4405606504e-32, 6.8811213008e-32, 2.198120007e-48, 1.0321681951e-31, 0.66666666667, 6.8811213008e-32],
      [0.030303030303, 0.060606060606, 0.030303030303, 0.030303030303, 0.060606060606, 0.72727272727, 0.060606060606],
      [0.011787819253, 0.029469548134, 0.051080550098, 0.055009823183, 0.060903732809, 0.73280943026, 0.058939096267],
      [7.2011734544e-33, 0.023255813953, 0.046511627907, 0.11627906977, 0.046511627907, 0.72093023256, 0.046511627907],
      [9.2737431026e-49, 0.015625, 0.03125, 0.0625, 0.109375, 0.734375, 0.046875],
      [7.2011734544e-33, 0.023255813953, 0.023255813953, 0.046511627907, 0.046511627907, 0.79069767442, 0.06976744186],
      [3.050621443e-49, 0.027027027027, 0.040540540541, 0.054054054054, 0.054054054054, 0.72972972973, 0.094594594595]
    ],
    [
      [0.14285714284, 0.2857142857, 1.8857510171e-15, 3.2593838858e-13, 7.1742316864e-12, 0.57142857145, 1.0886227048e-11],
      [3.3463917312e-13, 0.19999999998, 0.19999999998, 1.9761250757e-11, 2.4260191182e-11, 0.59999999999, 1.4653903737e-11],
      [0.0068493150681, 0.027397260272, 0.047945205479, 0.07534246575, 0.11643835616, 0.65753424658, 0.068493150684],
      [1.3656185512e-16, 4.5313054589e-14, 0.034482758618, 0.068965517236, 0.17241379309, 0.65517241382, 0.068965517239],
      [2.9724941011e-12, 5.9529829546e-12, 0.040000000006, 0.040000000005, 0.2, 0.67999999997, 0.040000000012],
      [3.4899375136e-12, 8.7121904506e-12, 3.727586915e-12, 7.2473967771e-12, 0.071428571458, 0.85714285708, 0.071428571434],
      [2.7126353629e-12, 1.0826636174e-11, 5.4271852419e-12, 0.055555555572, 0.11111111111, 0.6111111111, 0.2222222222]
    ],
    [
      [0.17647058824, 2.0414673242e-30, 0.058823529412, 0.058823529412, 0.058823529412, 0.64705882353, 4.6641379785e-35],
      [1.285372016e-30, 0.11111111111, 0.074074074074, 0.074074074074, 0.074074074074, 0.62962962963, 0.037037037037],
      [0.010033444816, 0.036789297659, 0.063545150502, 0.10367892977, 0.073578595318, 0.65886287625, 0.053511705686],
      [1.0428724951e-35, 0.037037037037, 0.055555555556, 0.12962962963, 0.092592592593, 0.64814814815, 0.037037037037],
      [1.2177186279e-30, 0.035087719298, 0.052631578947, 0.087719298246, 0.10526315789, 0.66666666667, 0.052631578947],
      [2.3136368967e-30, 0.033333333333, 0.033333333333, 0.1, 0.066666666667, 0.73333333333, 0.033333333333],
      [6.6700134914e-36, 4.1645684967e-30, 0.04, 0.08, 0.04, 0.64, 0.2]
    ],
    [
      [0.22222222222, 0.11111111111, 1.8262669842e-17, 6.3094657937e-18, 2.0216297407e-18, 0.66666666667, 4.5584853399e-18],
      [5.2718322099e-19, 0.33333333333, 2.2140323791e-19, 6.2797409074e-18, 9.8028504707e-18, 0.66666666667, 9.909709228e-19],
      [0.005376344086, 0.032258064516, 0.043010752688, 0.08064516129, 0.069892473118, 0.7311827957, 0.037634408602],
      [5.89725817e-18, 5.7140634581e-19, 1.084427501e-19, 0.19047619048, 0.095238095238, 0.71428571429, 1.9441816811e-18],
      [3.8002436067e-19, 4.4978668343e-19, 1.0590113848e-18, 0.068965517241, 0.1724137931, 0.72413793103, 0.034482758621],
      [2.0833043569e-20, 6.9210350722e-18, 1.7569875053e-18, 0.08, 0.04, 0.84, 0.04],
      [2.9504112115e-19, 1.6704487407e-19, 1.1448922732e-18, 0.05, 0.05, 0.75, 0.15]
    ],
    [
      [0.1, 0.033333333333, 0.033333333333, 0.066666666667, 0.1, 0.63333333333, 0.033333333333],
      [0.025641025641, 0.12820512821, 0.025641025641, 0.051282051282, 0.10256410256, 0.64102564103, 0.025641025641],
      [0.024118738404, 0.048237476809, 0.0426716141, 0.066790352505, 0.10575139147, 0.66233766234, 0.050092764378],
      [0.020202020202, 0.040404040404, 0.030303030303, 0.090909090909, 0.11111111111, 0.65656565657, 0.050505050505],
      [0.019047619048, 0.047619047619, 0.028571428571, 0.066666666667, 0.12380952381, 0.66666666667, 0.047619047619],
      [0.013333333333, 0.04, 0.026666666667, 0.066666666667, 0.10666666667, 0.70666666667, 0.04],
      [0.018518518519, 0.037037037037, 0.018518518519, 0.055555555556, 0.092592592593, 0.66666666667, 0.11111111111]
    ],
    [
      [0.18181818182, 3.0409597455e-45, 0.045454545455, 0.045454545455, 0.045454545455, 0.63636363636, 0.045454545455],
      [4.3998777388e-45, 0.13333333333, 0.033333333333, 0.066666666667, 0.066666666667, 0.66666666667, 0.033333333333],
      [0.03125, 0.03125, 0.0546875, 0.0703125, 0.078125, 0.66927083333, 0.065104166667],
      [0.017543859649, 0.017543859649, 0.035087719298, 0.10526315789, 0.10526315789, 0.66666666667, 0.052631578947],
      [0.031746031746, 0.015873015873, 0.047619047619, 0.063492063492, 0.095238095238, 0.68253968254, 0.063492063492],
      [3.1532486688e-48, 1.9286644917e-45, 0.04, 0.04, 0.08, 0.76, 0.08],
      [0.023255813953, 0.023255813953, 0.046511627907, 0.06976744186, 0.06976744186, 0.6511627907, 0.11627906977]
    ],
    [
      [0.19230680372, 0.038461638291, 4.4505823695e-08, 0.038461956753, 0.19230724282, 0.50000114188, 0.038461172032],
      [1.7579533045e-07, 0.66665934439, 5.2933902909e-09, 2.8316382665e-07, 3.6058802219e-06, 0.33333621527, 3.7020159853e-07],
      [0.081632542176, 0.081632579217, 0.020408036081, 0.061224225831, 0.20408164663, 0.48979618913, 0.061224780934],
      [0.086956859494, 0.043478220038, 1.0663924861e-08, 0.17391190247, 0.17391357869, 0.47826017794, 0.043479250709],
      [0.090908593885, 9.4097966548e-07, 1.8677020399e-09, 9.6849470117e-07, 0.45454504993, 0.4545442921, 1.5274603387e-07],
      [0.062500308621, 0.062500476456, 2.7998151863e-07, 1.0212030662e-06, 0.18749917293, 0.62499927577, 0.062499465037],
      [2.3077899133e-06, 6.6163186085e-07, 3.483102699e-08, 5.1089313121e-08, 0.11111172873, 0.55555429774, 0.33333091819]
    ],
    [
      [0.14285714286, 0.14285714286, 1.4320291422e-38, 4.6682841004e-36, 0.071428571429, 0.64285714286, 4.6829757764e-36],
      [1.5513276207e-36, 0.095238095238, 0.095238095238, 0.047619047619, 0.047619047619, 0.66666666667, 0.047619047619],
      [0.005540166205, 0.03324099723, 0.05540166205, 0.058171745152, 0.083102493075, 0.70914127424, 0.05540166205],
      [2.137592827e-36, 0.021739130435, 0.04347826087, 0.04347826087, 0.15217391304, 0.69565217391, 0.04347826087],
      [6.6426686576e-41, 0.021739130435, 0.04347826087, 0.04347826087, 0.065217391304, 0.78260869565, 0.04347826087],
      [7.8491573008e-39, 1.2842049943e-36, 0.038461538462, 0.038461538462, 0.076923076923, 0.73076923077, 0.11538461538],
      [4.0695365376e-41, 0.025641025641, 0.051282051282, 0.051282051282, 0.076923076923, 0.69230769231, 0.10256410256]
    ],
    [
      [0.18181818182, 0.045454545455, 1.0996095441e-23, 0.045454545455, 0.13636363636, 0.54545454545, 0.045454545455],
      [0.071428571429, 0.21428571429, 8.5207369405e-24, 0.071428571429, 0.14285714286, 0.5, 8.6398327908e-24],
      [0.038647342995, 0.053140096618, 0.048309178744, 0.086956521739, 0.15458937198, 0.55072463768, 0.067632850242],
      [0.036363636364, 0.036363636364, 0.072727272727, 0.10909090909, 0.14545454545, 0.54545454545, 0.054545454545],
      [0.021276595745, 0.042553191489, 0.021276595745, 0.10638297872, 0.1914893617, 0.55319148936, 0.063829787234],
      [2.1195063821e-23, 7.0716694892e-24, 2.1207975383e-23, 0.058823529412, 0.17647058824, 0.70588235294, 0.058823529412],
      [1.0125438788e-27, 0.04347826087, 6.757506315e-26, 0.086956521739, 0.13043478261, 0.52173913043, 0.21739130435]
    ],
    [
      [0.096774193548, 0.032258064516, 0.048387096774, 0.096774193548, 0.096774193548, 0.59677419355, 0.032258064516],
      [0.034482758621, 0.068965517241, 0.051724137931, 0.10344827586, 0.10344827586, 0.60344827586, 0.034482758621],
      [0.035143769968, 0.043130990415, 0.063897763578, 0.10862619808, 0.10862619808, 0.6054313099, 0.035143769968],
      [0.032258064516, 0.038709677419, 0.064516129032, 0.12258064516, 0.10967741935, 0.6, 0.032258064516],
      [0.032258064516, 0.041474654378, 0.059907834101, 0.10599078341, 0.11520737327, 0.61290322581, 0.032258064516],
      [0.026666666667, 0.04, 0.053333333333, 0.10666666667, 0.10666666667, 0.62666666667, 0.04],
      [0.032608695652, 0.032608695652, 0.054347826087, 0.10869565217, 0.10869565217, 0.59782608696, 0.065217391304]
    ],
    [
      [0.33333333333, 7.9804354555e-24, 5.6979412965e-24, 5.6989725145e-24, 1.0504228661e-16, 0.66666666667, 3.5136064821e-23],
      [4.744883589e-26, 0.2, 0.1, 8.8841427006e-24, 6.3025377205e-17, 0.7, 1.2083998389e-23],
      [6.7245894665e-26, 0.017937219731, 0.026905829596, 0.015695067265, 0.087443946188, 0.7869955157, 0.065022421525],
      [1.3613721072e-24, 1.313028505e-17, 2.6260570639e-17, 6.5651427003e-17, 0.20833333333, 0.75, 0.041666666667],
      [1.8461209708e-24, 1.9998251215e-23, 3.5014106141e-17, 5.4766273887e-24, 0.11111111111, 0.88888888889, 9.6096072626e-24],
      [8.940188582e-32, 3.1512685249e-17, 4.8845808228e-24, 3.3666084533e-24, 9.453805898e-17, 1, 6.3025383454e-17],
      [9.2159537616e-29, 5.7582178861e-24, 3.0496150862e-17, 1.0165386033e-17, 0.064516129032, 0.77419354839, 0.16129032258]
    ],
    [
      [0, 0, 0, 0, 0, 0, 0],
      [0, 0.4998512185, 0, 3.7746356392e-05, 8.4737402927e-05, 0.49991779425, 0.00010850348201],
      [0, 0.017544561873, 0, 0.096483268589, 0.12280725611, 0.68422466602, 0.078940247403],
      [0, 4.0908000497e-06, 0, 0.040009388774, 0.19998822452, 0.67997712566, 0.080021170246],
      [0, 1.8636703679e-06, 0, 0.055584464029, 0.16664793917, 0.72220224557, 0.055563487557],
      [0, 2.0291245722e-06, 0, 3.9413117937e-05, 5.4500646593e-05, 0.99980951705, 9.4540056226e-05],
      [0, 5.1756736841e-06, 0, 0.066666532667, 0.066688387252, 0.66665765929, 0.19998224512]
    ],
    [
      [0.14285714286, 0.028571428571, 1.0534637366e-35, 0.085714285714, 0.14285714286, 0.57142857143, 0.028571428571],
      [0.037037037037, 0.14814814815, 1.9055211393e-36, 0.074074074074, 0.14814814815, 0.55555555556, 0.037037037037],
      [0.036697247706, 0.045871559633, 0.030581039755, 0.10091743119, 0.15596330275, 0.58409785933, 0.045871559633],
      [0.028571428571, 0.038095238095, 0.019047619048, 0.13333333333, 0.15238095238, 0.58095238095, 0.047619047619],
      [0.030612244898, 0.040816326531, 0.020408163265, 0.10204081633, 0.18367346939, 0.58163265306, 0.040816326531],
      [0.021276595745, 0.042553191489, 0.021276595745, 0.085106382979, 0.14893617021, 0.63829787234, 0.042553191489],
      [0.020833333333, 0.041666666667, 0.020833333333, 0.083333333333, 0.14583333333, 0.58333333333, 0.10416666667]
    ],
    [
      [0.28571428556, 0.14285714269, 0.57142857091, 1.6554365215e-10, 4.8871231519e-12, 1.699530988e-10, 4.9660107077e-10],
      [9.871874494e-12, 0.16666666647, 0.83333333255, 1.9357504502e-10, 5.7966859327e-10, 3.897849677e-13, 1.9312023999e-10],
      [0.021276595738, 0.026595744687, 0.72340425538, 0.063829787209, 0.08510638296, 0.042553191489, 0.037234042541],
      [7.9193627657e-14, 4.6407901217e-11, 0.68000000014, 0.1199999999, 0.11999999995, 0.04, 0.039999999955],
      [1.4492753429e-10, 1.9429401218e-12, 0.68749999977, 1.5054365384e-10, 0.18749999986, 0.12499999993, 1.486013813e-10],
      [0, 0, 0, 0, 0, 0, 0],
      [3.1210122885e-14, 5.6590382719e-14, 0.66666666654, 0.055555555686, 0.055555555749, 0.055555555559, 0.16666666647]
    ],
    [
      [0.058333333333, 0.033333333333, 0.05, 0.05, 0.125, 0.6, 0.083333333333],
      [0.04958677686, 0.04958677686, 0.04958677686, 0.04958677686, 0.12396694215, 0.59504132231, 0.082644628099],
      [0.040397350993, 0.034437086093, 0.051655629139, 0.055629139073, 0.13046357616, 0.60066225166, 0.086754966887],
      [0.037414965986, 0.034013605442, 0.051020408163, 0.06462585034, 0.12925170068, 0.59863945578, 0.085034013605],
      [0.037634408602, 0.032258064516, 0.048387096774, 0.059139784946, 0.13978494624, 0.59677419355, 0.086021505376],
      [0.035714285714, 0.026785714286, 0.044642857143, 0.053571428571, 0.13392857143, 0.625, 0.080357142857],
      [0.036458333333, 0.03125, 0.046875, 0.052083333333, 0.13020833333, 0.59895833333, 0.10416666667]
    ],
    [
      [0.4990638411, 4.6240916356e-05, 0.00010945135402, 3.3608579913e-06, 0.00035246402984, 0.49991901364, 0.00050562810711],
      [0.14261333545, 7.6061919581e-05, 6.6453581743e-05, 0.00011350149075, 0.14285635263, 0.57137825774, 0.14289603718],
      [0.047595740888, 0.02376998984, 0.04759704569, 1.8860798347e-05, 0.1428248924, 0.59540302027, 0.14279045011],
      [0.00013381408533, 2.0814437425e-05, 0.12477953903, 0.062359945513, 0.12510479052, 0.56253098587, 0.12507011054],
      [0.00015161751926, 5.2775866094e-05, 0.00015329824773, 4.0705560032e-05, 0.33286701701, 0.66640141743, 0.00033316836816],
      [0.00018155708582, 7.295476968e-05, 9.9012355742e-05, 6.5242906339e-05, 0.000632299661, 0.99843492441, 0.00051400881322],
      [7.1500482737e-05, 1.4994732423e-05, 0.00016559778373, 1.7047933571e-05, 0.1250319858, 0.62486332436, 0.24983554891]
    ]
  ],
  "expected_outcome": [
    [
      [4.9999998002, 3, 0.99999993897, 20, 8, 3, 4, 14, 3, 4, 4, 4, 3, 3, 8, 3, 5, 4, 4, 2, 3, 0.99999999988, 3, 2, 3, 4, 4.9999768968, 2, 4, 6, 1, 0, 5, 1.9999999989, 7, 0.99812768219],
      [1.9999998838, 1, 3.789223682e-10, 10, 3, 1, 2, 9, 1, 1.2100286841e-23, 1, 1, 6.0967914549e-34, 5.1112791416e-23, 8, 1.1520878437e-44, 1, 4.7135098302e-21, 1, 1, 3.0965045854e-31, 1.9999999999, 3.4704944512e-29, 1, 1, 6.6901114401e-44, 1.0000025956, 2, 1, 2, 2.3941306367e-23, 0, 1, 0.99999999884, 4, 9.2481832712e-05],
      [6.3883130583e-07, 3.9220599999e-19, 1.5743611483e-14, 7, 2, 1, 1, 5, 1, 6.0501434207e-24, 1.0025486628e-18, 6.2786965872e-21, 1.8290374344e-33, 2.3240925074e-25, 4, 3.7051451212e-45, 1, 4.713191265e-21, 1, 1.9967334475e-43, 6.1930091708e-31, 1.320025712e-14, 1, 1.6436402857e-16, 1, 1, 1.1571514161e-06, 2.0048407991e-37, 2.419140997e-22, 3, 1.7093823889e-23, 0, 3.6871230782e-34, 3.9999999964, 6, 0.00021890270805],
      [1.9999998374, 1, 1.3719767944e-11, 12, 5, 2, 2, 20, 1, 1.2100286841e-23, 1.0188743019e-22, 3, 1, 1, 10, 1, 2, 1.413132777e-20, 1, 1.816970244e-43, 1.9783080063e-47, 2.28156872e-12, 1, 5.6785192143e-17, 2, 1, 1.0000108756, 6.5355977406e-35, 1, 6, 1.7096917543e-23, 0, 3, 1.158805565e-09, 6, 6.7217159827e-06],
      [4.0000003962, 2, 1.5891400384e-09, 41, 11, 2, 3, 37, 3, 1, 1, 6, 1, 5.7648374807e-25, 19, 1, 4, 2, 3, 3.4140759875e-43, 9.2895137561e-31, 5.0219621805e-11, 1, 1.8194667666e-17, 3, 1, 4.9999883132, 1, 3, 6, 3.1512685982e-16, 0, 5, 3.4209862063e-11, 15, 0.00070492805968],
      [7.9999992549, 17, 5.9042407968e-08, 100, 49, 14, 20, 103, 21, 12, 8, 11, 14, 8, 63, 13, 23, 7, 21, 5, 6, 4.0000000001, 11, 6, 19, 14, 13.0000296889, 9, 12, 37, 2, 0, 20, 1.1896716916e-09, 72, 0.99983802727],
      [1.8852987689e-07, 1, 3.0336187571e-12, 10, 6, 1, 1, 9, 1, 1.4397419069e-36, 6.0383791768e-20, 1.9163903016e-18, 1, 1, 9, 1, 2, 8.1256828863e-24, 2, 1.5161421412e-50, 6.1930091708e-31, 7.6203589337e-11, 7.9290345635e-34, 4.1026368059e-17, 1, 1, 0.99999047282, 6.5561660869e-35, 1, 2, 1.0540819446e-22, 0, 1, 3.4762074954e-09, 10, 0.0010112562142]
    ],
    [
      [7.740255718e-08, 1, 1.5911289134e-09, 5, 2, 1, 1, 4, 1.0184544777e-53, 6.0501434207e-24, 3.0193308434e-20, 4.9542216136e-17, 2, 1, 2, 8.2113951425e-45, 1, 7.3414596875e-24, 7.6027998785e-49, 3.6280308965e-44, 1, 1.6731958656e-12, 3.4705044431e-29, 4.7446489889e-18, 1, 1.3199633216e-43, 5.2738599135e-07, 3.2577880034e-35, 1, 2, 4.744883589e-25, 0, 1, 5.9231246964e-11, 6, 0.99829334814],
      [1.9999997127, 1, 1.0000001042, 6, 3, 4, 3, 5, 3, 3, 3, 3, 1, 3, 3, 2, 4, 2, 3, 2, 2, 0.99999999988, 3, 3, 5, 4, 1.9999780332, 2, 3, 4, 2, 0.99970243701, 4, 0.99999999881, 6, 0.00053243343706],
      [0.99999977207, 3.3691311957e-20, 0.99999992579, 2, 7.7542346915e-52, 1, 3, 2, 1, 1, 1, 9.6106628352e-17, 1, 2.5646578923e-23, 3, 1.64271942e-44, 2, 1, 2, 2, 1, 0.99999999988, 2, 1.9926291412e-18, 1, 1, 1.5880170873e-08, 2, 1.1929031717e-22, 3, 1, 0, 5.1449070761e-35, 4.9999999953, 6, 0.0004651750722],
      [1.0000002239, 4.8589752091e-19, 5.8994729818e-08, 4, 1, 2, 3, 6, 1, 2.1596117548e-36, 1, 1, 1, 1, 4, 1, 2, 1, 1, 1, 1, 9.8806253784e-11, 2, 5.6517668167e-17, 2, 2, 8.4949147995e-07, 1, 1, 6, 8.8841427006e-23, 7.5492712785e-05, 2, 1.1614502701e-09, 6, 0.00079451043523],
      [1.0000000706, 2.9618255642e-19, 7.4288660406e-08, 13, 4, 2, 3, 12, 2, 1, 1, 1, 1, 1, 7, 1, 3, 3, 2, 1, 2, 1.2130095591e-10, 2, 8.8225654236e-17, 4, 2, 1.0817640666e-05, 1, 2, 6, 6.3025377205e-16, 0.00016947480585, 4, 3.4780115596e-09, 15, 0.99999446842],
      [2.9999999673, 4, 4.999999807, 32, 17, 16, 22, 34, 13, 11, 10, 3, 19, 13, 24, 12, 23, 10, 15, 17, 24, 2.9999999999, 17, 6, 25, 20, 1.0000086458, 14, 7, 35, 7, 0.99983558851, 15, 2.3387098062e-12, 72, 3.9996478042],
      [1.7603478504e-07, 3.5456760556e-20, 2.81692534e-08, 3, 2, 1, 2, 3, 1.9687974992e-47, 6.0501434207e-24, 1.0026143684e-18, 5.9128344649e-19, 2, 2, 3, 1, 2, 1, 1, 1, 2, 7.3269518687e-11, 1, 8.9187383052e-18, 1, 1, 1.1106047956e-06, 1, 1.2095765907e-22, 2, 1.2083998389e-22, 0.00021700696403, 1, 1.1587214399e-09, 10, 1.0002722603]
    ],
    [
      [4.9999996702, 13, 2.9895134424e-11, 73, 40, 13, 14, 52, 9, 8, 5, 6, 8, 8, 35, 9, 18, 3, 18, 4, 6, 0.99999999995, 3, 1, 13, 12, 3.9999945666, 2, 8, 22, 2.9991669021e-23, 0, 12, 3.9999999987, 61, 1.9990211173],
      [2.9999997878, 11, 3.9999998877, 49, 28, 25, 19, 34, 12, 12, 9, 8, 12, 6, 33, 13, 12, 10, 18, 8, 15, 3.9999999998, 11, 6, 26, 12, 3.9999963816, 12, 11, 27, 8, 2.0000800536, 15, 5.0000000012, 52, 0.99833957328],
      [2.9999994667, 5, 0.99999992735, 33, 19, 22, 27, 28, 22, 12, 14, 3, 22, 8, 28, 13, 22, 16, 21, 21, 26, 6.9999999999, 19, 8, 23, 21, 0.99999376797, 20, 10, 40, 12, 0, 10, 136.0000000107, 78, 1.999075919],
      [9.0000005725, 7, 3.9999998678, 57, 42, 41, 41, 91, 35, 22, 14, 19, 21, 16, 61, 26, 30, 17, 27, 30, 28, 10.9999999995, 31, 15, 36, 27, 2.9999870657, 21, 18, 68, 7, 10.9990926192, 33, 11.9999999953, 84, 0.00079215353057],
      [12.0000000601, 16, 22.9999997059, 181, 92, 41, 49, 166, 70, 33, 21, 35, 21, 12, 107, 32, 42, 38, 51, 45, 31, 16.9999999999, 22, 13, 57, 30, 10.0000006847, 30, 32, 68, 39, 14.000027197, 51, 15.9999999965, 197, 5.998645481],
      [21.0000005426, 133, 204.0000006972, 444, 382, 274, 290, 451, 393, 313, 123, 68, 291, 124, 356, 316, 246, 133, 305, 414, 373, 96.0000000011, 197, 136, 357, 257, 24.0000132676, 256, 114, 379, 351, 78.0016119264, 191, 7.9999999999, 907, 25.0069268515],
      [0.99999990011, 9, 10.9999999141, 45, 47, 29, 27, 40, 28, 20, 8, 4, 34, 18, 55, 26, 27, 12, 33, 33, 30, 9.9999999999, 16, 7, 27, 25, 3.0000142658, 20, 14, 22, 29, 8.9991882039, 15, 6.9999999976, 131, 5.9971989044]
    ],
    [
      [4.0000000624, 1, 4.6774340102e-10, 35, 10, 2, 3, 20, 1, 1.2100286841e-23, 5.3159671945e-19, 4, 3.0483957244e-34, 3.5118832042e-25, 17, 1.1659657099e-44, 4, 3.246387061e-23, 3, 4.6479776071e-43, 3.0965045854e-31, 3.9602937984e-15, 5.6315114733e-34, 1.2384242157e-16, 2, 1, 2.0000077684, 9.8329270042e-35, 2, 5, 3.2672930574e-23, 0, 3, 1.9798406914e-12, 11, 0.0021410253653],
      [2.0000004062, 1, 1.1088482621e-10, 23, 6, 5, 4, 13, 1, 1, 1, 4, 1, 2.5822315733e-23, 16, 1, 3, 2, 3, 1.8159933297e-44, 1, 1.3140785831e-12, 2, 1.1999533262e-17, 4, 1, 0.99999906088, 1, 2, 6, 3.1512684119e-16, 0.00010227000124, 4, 1.1601975304e-09, 10, 0.0003330309988],
      [1.0000000114, 1, 1.3751766613e-08, 17, 5, 4, 5, 11, 2, 1, 2, 1, 3, 3.0387722247e-25, 13, 3, 5, 2, 3, 1, 2, 0.99999999993, 3, 2.2772977521e-18, 3, 2, 2.452702718e-07, 2, 4, 10, 6.3025369533e-16, 0, 2, 17.0000000036, 15, 1.9964726245],
      [7.9999988701, 2, 4.6412696714e-11, 29, 14, 11, 11, 37, 7, 4, 3, 16, 3, 3, 31, 3, 10, 7, 6, 2, 5, 1.9999999998, 7, 4, 9, 6, 3.9999737567, 2, 6, 19, 1.5756342481e-15, 1.0002347193, 14, 2.9999999976, 19, 0.99775912821],
      [10.000000409, 2, 2.0393240524e-07, 89, 23, 8, 12, 64, 11, 4, 5, 23, 1, 4, 53, 2, 10, 8, 9, 5, 2, 4.9999999996, 5, 2, 11, 6, 4.0000123098, 7, 8, 17, 5, 4.9997056131, 16, 2.9999999988, 38, 2.0016766484],
      [17.0000004499, 16, 11.9999997523, 217, 98, 56, 65, 175, 53, 30, 21, 46, 26, 12, 173, 26, 62, 29, 52, 27, 31, 19.0000000007, 35, 15, 65, 38, 10.9999840926, 32, 30, 93, 18, 16.9994281414, 61, 1, 176, 9.0004957739],
      [0.99999979091, 1, 2.9424301077e-08, 22, 12, 5, 6, 15, 3, 1, 1, 3, 3, 1, 26, 2, 7, 2, 5, 2, 2, 1.9999999999, 2, 4.0827815304e-17, 5, 3, 1.0000227663, 2, 3, 5, 1, 2.0005292561, 5, 0.99999999887, 25, 2.0011217687]
    ],
    [
      [1.0000005739, 1, 5.8921324149e-08, 14, 5, 3, 3, 16, 1, 9.4141594408e-43, 1, 3, 8.8787970694e-44, 1, 11, 1, 4, 4.7127948726e-21, 2, 2.4197105975e-43, 5.9351955856e-47, 7.4312352529e-11, 6.9409961791e-29, 1.1020706459e-17, 2, 2, 0.99999453274, 3.0556275825e-39, 1, 7, 1.6615088737e-23, 0, 3, 2.3188405486e-09, 7, 0.00090970511555],
      [0.99999990329, 3.5871475411e-19, 1.6471194716e-09, 9, 3, 6, 4, 10, 1, 1, 1, 3, 1, 1, 10, 1, 3, 2, 2, 1.3418629193e-42, 1, 1.4882457386e-10, 2, 1.3043813819e-17, 5, 1, 1.035077632e-05, 1, 2, 9, 1.7998426093e-22, 3.3546066623e-05, 4, 3.1087041949e-11, 6, 0.00031665519656],
