{
  "Z_true": {},
  "V_true": [
    [3, 21, 199, 984, 15],
    [485, 508, 694, 196, 29],
    [820, 5253, 2419, 964, 263],
    [110, 107, 8125, 12513, 243],
    [95, 249, 712, 594, 429]
  ],
  "p_true": [
    [0.0025, 0.0172, 0.1628, 0.8052, 0.0123],
    [0.2537, 0.2657, 0.363, 0.1025, 0.0152],
    [0.0844, 0.5405, 0.2489, 0.0992, 0.0271],
    [0.0052, 0.0051, 0.3851, 0.5931, 0.0115],
    [0.0457, 0.1198, 0.3425, 0.2857, 0.2063]
  ],
  "Z_est": [
    [
      [0.0023, 0.0009, 0, 0.0019, 0, 0, 0, 0, 0, 0, 0.0064, 0.0018, 0, 0, 0.0021, 0, 0.004, 0.0185, 0.0079, 0, 0, 0, 0.003, 0, 0, 0, 0, 0, 0, 0, 0, 0.0013, 0, 0.0044, 0.0505, 0.0393],
      [0.1411, 0.0182, 0.0288, 0.3035, 0.4298, 0.1008, 0.6043, 0.19, 0.2516, 0.3203, 0.0348, 0.325, 0.0599, 0.1101, 0.1197, 0.0687, 0.2938, 0.2141, 0.036, 0.205, 0.1469, 0.3894, 0.12, 0.2596, 0.4386, 0.2215, 0.16, 0.1139, 0.1515, 0.2041, 0.1925, 0.1805, 0.9574, 0.117, 0.7588, 0.6075],
      [2.1454, 0.4362, 0.6202, 8.3647, 11.1787, 3.0303, 16.2439, 5.7744, 9.018, 15.8969, 1.3118, 7.7931, 2.4518, 3.0065, 2.3892, 2.604, 7.0105, 6.434, 0.6039, 6.1057, 3.9752, 10.3543, 3.1805, 7.7668, 12.5407, 8.1638, 5.015, 3.8087, 4.9328, 7.0532, 7.8799, 4.9018, 26.3706, 3.0702, 18.1925, 16.1661],
      [9.6989, 1.5367, 4.3511, 35.2722, 50.3215, 12.8513, 70.0458, 24.9909, 36.7054, 56.6931, 4.647, 28.8472, 10.4775, 9.8687, 8.4772, 11.3143, 22.6632, 21.3055, 1.3436, 21.6719, 17.8527, 49.2045, 9.6839, 32.9407, 54.9654, 32.565, 20.8058, 14.0518, 22.8991, 31.7304, 28.9074, 3.8706, 89.5487, 7.7865, 65.8482, 30.118],
      [0.0124, 0.008, 0, 0.0577, 0.0701, 0.0176, 0.106, 0.0447, 0.0251, 0.0897, 0, 0.0328, 0.0108, 0.0147, 0.0118, 0.0129, 0.0285, 0.028, 0.0085, 0.0174, 0.0252, 0.0518, 0.0127, 0.033, 0.0554, 0.0497, 0.0192, 0.0257, 0.0166, 0.0123, 0.0202, 0.0457, 0.1233, 0.0219, 0.15, 0.0693]
    ],
    [
      [13.8092, 8.3465, 0.899, 29.5571, 33.5989, 8.4025, 26.2279, 13.2195, 19.0928, 27.8052, 6.1769, 12.9397, 22.7249, 19.5966, 31.9089, 10.794, 79.3661, 60.9539, 0.818, 51.2471, 42.8458, 36.6591, 5.8565, 16.9016, 26.6823, 14.8777, 9.5461, 8.8479, 9.0352, 22.8924, 27.7036, 1.5627, 79.733, 16.9938, 122.7667, 45.5942],
      [7.2193, 2.6837, 1.24, 11.0129, 14.7438, 8.8924, 14.42, 7.9246, 8.7107, 12.9545, 2.0175, 6.0758, 7.1328, 11.7439, 15.461, 4.7622, 39.3161, 19.1269, 0.0898, 21.7762, 19.318, 13.5691, 1.838, 9.4435, 12.2554, 6.7791, 4.1019, 4.537, 4.2522, 8.4797, 12.0973, 1.0493, 40.8246, 6.2135, 40.0268, 19.1823],
      [5.5629, 2.848, 0.7533, 12.3186, 15.1861, 9.7876, 14.9682, 9.0094, 11.2019, 18.7443, 2.6069, 6.4883, 10.1039, 13.7341, 13.8877, 5.8639, 42.0478, 24.4392, 0.0913, 26.9212, 20.7359, 14.3134, 2.1714, 10.6814, 13.7772, 8.5952, 4.9171, 6.1306, 5.1974, 10.5834, 18.6866, 1.3632, 48.0273, 7.4783, 43.3768, 25.5831],
      [0.3995, 0.0634, 0.1077, 1.0825, 1.4405, 0.8985, 1.35, 0.8218, 0.9808, 1.4593, 0.1987, 0.487, 1.037, 0.897, 0.7226, 0.5728, 2.2033, 1.4577, 0.0001, 2.0414, 2.0641, 1.4373, 0.131, 0.959, 1.265, 0.73, 0.4288, 0.4702, 0.5076, 1.0388, 1.4937, 0.0194, 3.3346, 0.2787, 2.6483, 0.5704],
      [0.0092, 0.0584, 0, 0.0289, 0.0306, 0.019, 0.034, 0.0247, 0.0138, 0.0367, 0, 0.0093, 0.0014, 0.0285, 0.0198, 0.0072, 0.0666, 0.0222, 0.0009, 0.0141, 0.0361, 0.0211, 0.0031, 0.0145, 0.0202, 0.0179, 0.0061, 0.0144, 0.0075, 0.0057, 0.0188, 0.0053, 0.0805, 0.0357, 0.1814, 0.07]
    ],
    [
      [6.9739, 2.9628, 0.101, 20.4308, 28.4011, 1.5975, 17.7721, 7.7805, 11.9072, 11.1948, 2.8032, 12.685, 12.2751, 8.4034, 20.2005, 6.206, 33.1654, 35.3778, 2.0725, 18.7466, 12.1542, 20.3336, 7.3601, 6.0984, 12.3177, 8.1223, 6.4539, 3.1521, 3.9648, 11.1076, 6.2964, 4.4783, 25.2622, 11.9021, 79.0919, 23.4892],
      [84.7988, 20.7675, 17.2635, 172.026, 300.709, 103.2547, 265.726, 145.8037, 150.5291, 159.7497, 19.2083, 140.0228, 92.1157, 141.1659, 212.5877, 76.9657, 366.4394, 228.2303, 8.5949, 184.0114, 153.6814, 173.2056, 55.0896, 113.6618, 158.4251, 105.0717, 73.7745, 57.2652, 62.7311, 106.8496, 104.6667, 98.1187, 327.9674, 95.3718, 550.8496, 209.5531],
      [26.3579, 9.023, 4.2066, 82.1719, 133.0992, 55.0765, 119.5825, 80.3893, 101.5685, 115.3776, 10.3209, 62.1054, 66.8944, 68.2084, 75.9766, 46.61, 160.9941, 121.2355, 3.0406, 97.8446, 75.9755, 88.4612, 26.8913, 65.8726, 91.6174, 65.5909, 45.1889, 39.2657, 48.4217, 77.8894, 96.6914, 43.9421, 160.3722, 46.6137, 246.7252, 113.5947],
      [5.8779, 1.1509, 2.4289, 24.695, 43.9559, 16.8989, 36.9047, 23.746, 27.615, 28.4149, 2.6676, 15.7118, 21.4004, 15.0053, 11.1884, 15.2604, 28.8342, 25.1676, 0, 24.8744, 23.9745, 27.6552, 5.3409, 17.8195, 25.0707, 17.6686, 12.0166, 9.0829, 12.5247, 21.3308, 21.194, 0, 38.252, 5.1564, 50.5395, 8.4683],
      [4.9915, 5.0958, 0, 17.6763, 26.8348, 9.1723, 24.0149, 17.2804, 11.3801, 18.263, 0, 8.4749, 8.3144, 10.217, 12.0469, 6.9578, 20.5669, 16.9888, 1.292, 8.523, 14.2143, 12.3444, 3.3181, 7.5478, 10.5691, 11.5465, 4.5661, 7.2341, 4.3577, 4.8226, 8.1515, 14.4609, 23.1462, 9.9559, 60.7938, 13.8947]
    ],
    [
      [0.206, 0.6856, 0, 0, 0, 0, 0, 0, 0, 0, 0.0083, 0.362, 0, 0, 0.8059, 0, 1.4184, 4.4997, 1.0994, 0, 0, 0, 1.7578, 0, 0, 0, 0, 0, 0, 0, 0, 2.8951, 0, 3.0346, 17.8664, 8.8043],
      [2.5749, 1.1978, 0, 0, 0, 0, 0, 0, 0, 0, 0, 4.3348, 0, 1.3001, 4.4434, 0, 9.0583, 1.3465, 1.1801, 0, 0, 0, 4.7194, 0, 0, 0, 0, 0, 0, 0, 0, 22.8857, 8.57, 8.3986, 23.3171, 25.9418],
      [36.1214, 20.4276, 2.3957, 208.0633, 226.1124, 101.4157, 275.5551, 190.0744, 244.0677, 257.3762, 13.3938, 185.9509, 93.0704, 101.8889, 80.4731, 65.3582, 224.5775, 172.2513, 8.8945, 275.8478, 172.8631, 358.2328, 131.3677, 242.3337, 461.0959, 173.4549, 167.9449, 225.9217, 188.4547, 226.1277, 329.353, 190.6076, 862.4694, 131.5275, 593.8767, 368.6086],
      [73.0523, 30.9256, 7.6043, 402.5039, 471.8252, 211.5052, 551.8695, 395.1065, 491.9323, 446.0951, 21.5979, 312.2905, 202.9296, 151.4369, 128.1649, 141.6418, 326.4857, 257.8609, 7.6009, 453.1522, 369.1166, 806.7672, 178.8402, 495.6663, 961.9041, 332.3938, 335.0551, 391.5985, 436.5453, 514.8723, 601.647, 59.8604, 1331.8681, 145.0234, 956.2583, 296.866],
      [0.0455, 0.7635, 0, 0.4328, 0.0624, 0.0791, 0.5754, 0.8191, 0, 0.5287, 0, 0.0618, 0, 0.3741, 0.1127, 0, 0.4601, 0.0416, 0.225, 0, 0.0203, 0, 0.3149, 0, 0, 0.1513, 0, 0.4798, 0, 0, 0, 9.7512, 2.0925, 2.0158, 5.6814, 2.7792]
    ],
    [
      [0.0086, 0.0041, 0, 0.0102, 0, 0, 0, 0, 0, 0, 0.0053, 0.0114, 0, 0, 0.0826, 0, 0.0461, 0.1501, 0.0022, 0.0062, 0, 0.0073, 0.0226, 0, 0, 0, 0, 0, 0, 0, 0, 0.0626, 0.0048, 0.065, 0.2245, 0.0729],
      [3.2659, 0.3329, 0.4677, 6.6576, 13.1174, 6.7521, 12.2498, 9.0817, 7.5086, 9.9755, 0.7394, 8.2415, 3.6916, 4.6801, 10.3882, 2.2034, 12.8924, 9.0823, 0.0991, 7.0075, 3.8537, 8.8359, 4.233, 6.6352, 8.881, 6.9276, 4.9636, 2.0839, 4.8652, 8.4666, 5.0436, 7.7657, 18.6806, 4.899, 20.0477, 7.7154],
      [8.8124, 1.2653, 1.0242, 26.0816, 47.4236, 26.6898, 44.6504, 36.7525, 34.144, 51.605, 3.3666, 30.6624, 18.4795, 19.1621, 32.2733, 9.5638, 48.37, 40.64, 0.3697, 30.2807, 14.4502, 32.6383, 17.3892, 26.3455, 34.9689, 31.1952, 20.9341, 9.8733, 20.9934, 37.3463, 27.389, 30.1854, 76.7605, 20.3103, 75.8287, 36.0475],
      [2.9715, 0.3235, 0.508, 8.4464, 16.4569, 8.8462, 14.8301, 12.3347, 10.7665, 14.3376, 0.8888, 8.6635, 6.1554, 4.792, 8.447, 3.2106, 11.8136, 10.2083, 0.0554, 8.2601, 4.992, 11.9358, 4.004, 8.6145, 11.7948, 9.6426, 6.6937, 2.7967, 7.5232, 13.0278, 7.7579, 1.2495, 19.9966, 3.755, 20.7058, 4.9774],
      [4.9414, 2.0742, 0, 16.8043, 29.0021, 14.7119, 27.2697, 25.8311, 14.581, 27.0818, 0, 12.4213, 8.6734, 8.3658, 14.8088, 5.0221, 17.8779, 16.9193, 0.4736, 8.4455, 8.7041, 16.5828, 6.3512, 11.4048, 15.3554, 18.2346, 8.4086, 6.2461, 9.6182, 12.1593, 9.8095, 21.7368, 32.5575, 11.9707, 53.1933, 12.1867]
    ]
  ],
  "V_est": [
    [0.1444, 8.8745, 255.791, 955.8613, 1.3288],
    [965.9834, 421.2718, 488.1828, 35.5984, 0.9635],
    [502.642, 5336.2531, 2773.1974, 667.8929, 439.0145],
    [43.4436, 119.2686, 7607.5558, 13299.8639, 27.8681],
    [0.7866, 252.332, 1024.2729, 291.7834, 509.825]
  ],
  "p_est": [
    [0.0001, 0.0073, 0.2093, 0.7822, 0.0011],
    [0.5052, 0.2203, 0.2553, 0.0186, 0.0005],
    [0.0517, 0.5491, 0.2853, 0.0687, 0.0452],
    [0.0021, 0.0057, 0.3606, 0.6304, 0.0013],
    [0.0004, 0.1214, 0.4927, 0.1403, 0.2452]
  ],
  "EI_Z": {},
  "EI_V": 6.5135,
  "MAE_Z": {},
  "MAE_V": 187.7442,
  "MAE_p": 0.0472,
  "runtime": 0.004
}
