{
  "X": [
    [2, 11, 72, 72, 20],
    [0, 8, 8, 16, 4],
    [66, 269, 860, 779, 255],
    [24, 108, 353, 294, 99],
    [5, 23, 45, 55, 10],
    [11, 33, 91, 109, 31],
    [2, 12, 41, 27, 8],
    [18, 47, 88, 160, 41],
    [13, 87, 193, 320, 93],
    [23, 114, 184, 319, 76],
    [0, 3, 0, 14, 1],
    [35, 164, 245, 375, 76],
    [4, 13, 10, 13, 7],
    [79, 305, 595, 865, 272],
    [10, 15, 87, 109, 26],
    [3, 7, 55, 63, 10],
    [20, 92, 152, 394, 41],
    [1, 2, 22, 15, 3],
    [84, 259, 1199, 1027, 226],
    [4, 7, 53, 59, 4],
    [104, 276, 1290, 1218, 168],
    [1, 2, 1, 4, 3],
    [48, 75, 396, 418, 107],
    [4, 4, 14, 31, 3],
    [80, 120, 877, 673, 169],
    [32, 156, 536, 514, 83],
    [1, 13, 88, 62, 22],
    [21, 64, 290, 313, 101],
    [2, 20, 117, 68, 26],
    [1, 6, 3, 31, 3],
    [0, 0, 4, 3, 0],
    [7, 16, 64, 51, 19],
    [2, 12, 15, 60, 9],
    [77, 196, 740, 750, 126],
    [0, 1, 4, 6, 2],
    [1, 3, 10, 8, 2],
    [6, 30, 23, 110, 13],
    [2, 10, 19, 13, 5],
    [0, 10, 42, 42, 10],
    [11, 27, 102, 181, 24],
    [0, 0, 2, 3, 1],
    [4, 20, 48, 44, 8],
    [0, 5, 35, 27, 5],
    [0, 3, 4, 7, 4],
    [3, 11, 18, 29, 8],
    [11, 32, 109, 138, 18],
    [21, 67, 369, 254, 56],
    [2, 4, 15, 33, 8],
    [3, 3, 8, 17, 3],
    [3, 3, 5, 5, 3],
    [0, 0, 3, 10, 2],
    [3, 4, 29, 39, 5],
    [23, 50, 185, 185, 38],
    [10, 20, 82, 81, 37],
    [0, 1, 3, 3, 1],
    [8, 43, 47, 61, 10],
    [1, 6, 53, 13, 13],
    [0, 34, 50, 39, 17],
    [2, 6, 28, 15, 4],
    [6, 29, 103, 55, 22],
    [5, 46, 97, 75, 35],
    [7, 26, 111, 66, 23],
    [2, 13, 12, 18, 4],
    [2, 11, 16, 24, 10],
    [3, 5, 15, 23, 1],
    [2, 7, 32, 22, 9],
    [4, 4, 2, 10, 4],
    [9, 33, 136, 56, 24],
    [3, 13, 92, 37, 14],
    [6, 29, 66, 64, 28],
    [4, 13, 45, 33, 3],
    [5, 26, 35, 53, 21],
    [0, 17, 18, 24, 11],
    [2, 8, 6, 5, 7],
    [0, 19, 46, 23, 8],
    [3, 27, 22, 29, 11],
    [2, 18, 40, 62, 14],
    [10, 43, 76, 85, 39],
    [23, 27, 189, 119, 53],
    [0, 2, 7, 8, 2],
    [0, 3, 13, 12, 3],
    [0, 1, 6, 5, 3],
    [1, 16, 23, 50, 20],
    [1, 8, 11, 21, 1],
    [1, 2, 3, 3, 1],
    [7, 40, 157, 75, 46],
    [6, 22, 87, 62, 19],
    [11, 39, 161, 95, 23],
    [14, 39, 170, 119, 24],
    [10, 19, 19, 80, 10],
    [0, 3, 37, 8, 9],
    [2, 4, 2, 18, 1],
    [12, 19, 111, 70, 29],
    [5, 3, 36, 19, 11],
    [20, 20, 97, 57, 29],
    [6, 37, 76, 50, 11],
    [7, 37, 59, 50, 12],
    [1, 20, 34, 13, 8],
    [5, 12, 80, 28, 13],
    [4, 15, 13, 21, 6],
    [10, 39, 194, 83, 56],
    [2, 22, 125, 57, 17],
    [5, 33, 107, 100, 43],
    [0, 1, 7, 3, 4],
    [0, 2, 9, 6, 3],
    [1, 13, 10, 43, 8],
    [0, 0, 3, 1, 2],
    [0, 1, 2, 3, 1],
    [1, 4, 11, 7, 6],
    [1, 13, 37, 35, 5],
    [1, 15, 35, 27, 3],
    [4, 21, 107, 71, 17],
    [0, 1, 4, 3, 2],
    [9, 16, 38, 56, 20],
    [8, 18, 45, 57, 16],
    [5, 16, 35, 26, 9],
    [1, 9, 29, 35, 7],
    [1, 1, 1, 2, 1],
    [11, 45, 139, 87, 27],
    [2, 9, 55, 42, 10],
    [3, 8, 18, 23, 14],
    [2, 7, 30, 15, 6],
    [1, 5, 5, 21, 0],
    [6, 33, 149, 103, 55],
    [2, 5, 1, 8, 0],
    [9, 12, 23, 45, 20],
    [0, 6, 11, 6, 2],
    [2, 10, 84, 34, 12],
    [1, 4, 19, 13, 1],
    [1, 5, 14, 14, 1],
    [1, 6, 4, 12, 3],
    [9, 11, 9, 43, 7],
    [1, 0, 3, 15, 3],
    [0, 0, 5, 7, 3],
    [0, 3, 45, 11, 4],
    [7, 29, 115, 71, 45],
    [12, 53, 144, 158, 30],
    [4, 27, 48, 42, 12],
    [0, 6, 30, 13, 5],
    [1, 14, 21, 15, 9],
    [5, 11, 63, 22, 13],
    [1, 5, 54, 17, 16],
    [1, 5, 9, 22, 3],
    [0, 7, 8, 12, 1],
    [0, 4, 5, 7, 2],
    [2, 1, 0, 7, 1],
    [0, 3, 2, 12, 1],
    [4, 30, 75, 48, 16],
    [1, 2, 17, 17, 4],
    [2, 8, 19, 39, 5],
    [4, 14, 46, 34, 13],
    [3, 14, 27, 36, 8],
    [2, 6, 50, 10, 4],
    [0, 6, 42, 14, 11],
    [2, 7, 22, 11, 7],
    [2, 16, 36, 26, 12],
    [0, 4, 35, 2, 10],
    [1, 7, 3, 2, 4],
    [6, 12, 22, 58, 18],
    [2, 14, 61, 30, 6],
    [1, 10, 53, 27, 8],
    [7, 12, 87, 68, 20],
    [8, 20, 93, 67, 17],
    [2, 15, 28, 14, 5],
    [0, 2, 9, 8, 3],
    [2, 1, 5, 2, 3],
    [3, 14, 61, 39, 14],
    [3, 6, 39, 26, 16],
    [3, 5, 8, 10, 6],
    [0, 3, 7, 8, 1],
    [0, 9, 44, 34, 7],
    [2, 27, 88, 63, 12],
    [2, 9, 6, 14, 3],
    [78, 47, 158, 330, 73],
    [224, 293, 903, 1345, 394],
    [142, 229, 488, 755, 297],
    [1, 11, 17, 26, 9]
  ],
  "W": [
    [7, 7, 76, 62, 12, 13],
    [0, 3, 17, 5, 6, 5],
    [189, 94, 963, 633, 145, 205],
    [94, 48, 357, 239, 69, 71],
    [7, 8, 72, 34, 9, 8],
    [33, 22, 112, 56, 20, 32],
    [14, 1, 36, 30, 6, 3],
    [15, 27, 170, 71, 28, 43],
    [62, 38, 342, 137, 49, 78],
    [33, 46, 360, 145, 68, 64],
    [0, 0, 15, 1, 1, 1],
    [61, 45, 449, 204, 64, 72],
    [5, 3, 23, 10, 2, 4],
    [174, 133, 984, 491, 131, 203],
    [18, 25, 105, 73, 9, 17],
    [11, 8, 62, 42, 7, 8],
    [43, 52, 392, 106, 61, 45],
    [6, 1, 17, 16, 1, 2],
    [278, 163, 1207, 855, 119, 173],
    [14, 13, 57, 35, 5, 3],
    [320, 217, 1373, 904, 109, 133],
    [0, 1, 6, 2, 0, 2],
    [129, 76, 473, 246, 47, 73],
    [5, 6, 33, 10, 1, 1],
    [218, 98, 788, 644, 61, 110],
    [123, 55, 592, 401, 90, 60],
    [33, 4, 72, 61, 6, 10],
    [79, 33, 357, 214, 33, 73],
    [26, 10, 80, 93, 8, 16],
    [1, 1, 35, 2, 1, 4],
    [0, 3, 0, 2, 1, 1],
    [27, 9, 59, 45, 7, 10],
    [4, 13, 57, 13, 5, 6],
    [180, 131, 864, 533, 77, 104],
    [0, 0, 5, 2, 3, 3],
    [6, 2, 9, 4, 1, 2],
    [10, 35, 98, 18, 10, 11],
    [5, 3, 16, 14, 8, 3],
    [8, 0, 48, 37, 6, 5],
    [34, 46, 161, 66, 18, 20],
    [0, 0, 3, 2, 0, 1],
    [15, 10, 54, 33, 5, 7],
    [4, 3, 23, 27, 3, 12],
    [1, 0, 9, 2, 1, 5],
    [5, 4, 30, 16, 4, 10],
    [29, 22, 147, 83, 13, 14],
    [95, 35, 303, 262, 34, 38],
    [3, 5, 34, 13, 2, 5],
    [1, 2, 20, 7, 1, 3],
    [2, 3, 6, 5, 1, 2],
    [1, 0, 9, 3, 2, 0],
    [5, 0, 48, 25, 2, 0],
    [43, 45, 187, 133, 34, 39],
    [27, 12, 93, 56, 10, 32],
    [1, 0, 3, 2, 0, 2],
    [5, 7, 93, 43, 11, 10],
    [13, 1, 19, 41, 5, 7],
    [22, 3, 46, 40, 17, 12],
    [7, 3, 15, 24, 5, 1],
    [19, 6, 86, 77, 16, 11],
    [31, 9, 95, 74, 31, 18],
    [16, 11, 92, 82, 17, 15],
    [2, 0, 22, 10, 11, 4],
    [5, 2, 26, 11, 8, 11],
    [4, 2, 30, 9, 1, 1],
    [12, 3, 27, 21, 5, 4],
    [0, 1, 13, 2, 3, 5],
    [24, 3, 78, 120, 20, 13],
    [23, 5, 40, 74, 10, 7],
    [26, 4, 85, 43, 11, 24],
    [6, 3, 33, 37, 13, 6],
    [9, 9, 65, 32, 11, 14],
    [1, 3, 31, 17, 9, 9],
    [2, 2, 7, 5, 7, 5],
    [14, 2, 28, 40, 10, 2],
    [5, 5, 42, 18, 13, 9],
    [15, 4, 78, 27, 6, 6],
    [23, 13, 108, 56, 15, 38],
    [40, 33, 148, 149, 8, 33],
    [1, 0, 12, 4, 1, 1],
    [4, 1, 12, 10, 3, 1],
    [1, 0, 8, 3, 2, 1],
    [8, 4, 54, 17, 12, 15],
    [3, 5, 21, 9, 3, 1],
    [1, 1, 5, 1, 2, 0],
    [38, 17, 105, 109, 17, 39],
    [20, 14, 78, 58, 9, 17],
    [44, 18, 139, 93, 20, 15],
    [53, 23, 146, 104, 16, 24],
    [4, 24, 72, 17, 9, 12],
    [6, 0, 13, 34, 1, 3],
    [0, 3, 17, 3, 3, 1],
    [21, 18, 83, 78, 20, 21],
    [8, 3, 29, 26, 4, 4],
    [33, 10, 82, 60, 12, 26],
    [15, 6, 70, 54, 18, 17],
    [17, 8, 79, 43, 8, 10],
    [6, 0, 20, 33, 13, 4],
    [26, 8, 36, 60, 2, 6],
    [8, 3, 31, 7, 6, 4],
    [50, 8, 118, 153, 25, 28],
    [13, 7, 72, 105, 14, 12],
    [24, 8, 113, 87, 18, 38],
    [4, 0, 4, 5, 0, 2],
    [5, 0, 7, 6, 1, 1],
    [4, 3, 44, 4, 6, 14],
    [1, 0, 1, 2, 0, 2],
    [2, 0, 3, 1, 0, 1],
    [4, 2, 8, 7, 2, 6],
    [8, 2, 41, 29, 8, 3],
    [7, 5, 38, 25, 5, 1],
    [29, 3, 79, 78, 15, 16],
    [1, 0, 2, 4, 1, 2],
    [11, 14, 65, 31, 6, 12],
    [22, 11, 64, 34, 9, 4],
    [9, 4, 30, 23, 17, 8],
    [6, 9, 38, 20, 2, 6],
    [0, 0, 4, 0, 2, 0],
    [35, 20, 108, 105, 17, 24],
    [12, 5, 40, 43, 7, 11],
    [10, 1, 29, 17, 8, 1],
    [4, 4, 17, 29, 0, 6],
    [1, 1, 23, 4, 2, 1],
    [43, 10, 118, 104, 25, 46],
    [0, 2, 9, 1, 2, 2],
    [5, 18, 46, 11, 10, 19],
    [2, 1, 9, 9, 3, 1],
    [21, 4, 37, 60, 6, 14],
    [3, 1, 14, 15, 4, 1],
    [0, 1, 19, 12, 1, 2],
    [1, 2, 13, 2, 5, 3],
    [1, 18, 38, 8, 6, 8],
    [1, 2, 15, 2, 0, 2],
    [2, 1, 5, 4, 1, 2],
    [7, 2, 8, 41, 1, 4],
    [53, 5, 98, 73, 17, 21],
    [54, 28, 174, 94, 31, 16],
    [8, 9, 54, 41, 11, 10],
    [6, 1, 15, 28, 3, 1],
    [6, 5, 16, 17, 9, 7],
    [14, 2, 25, 50, 11, 12],
    [7, 4, 18, 45, 8, 11],
    [3, 2, 25, 5, 1, 4],
    [2, 0, 16, 6, 3, 1],
    [0, 1, 9, 6, 1, 1],
    [0, 1, 8, 0, 0, 2],
    [2, 0, 13, 1, 0, 2],
    [21, 8, 54, 57, 19, 14],
    [6, 5, 14, 13, 1, 2],
    [2, 3, 43, 16, 6, 3],
    [11, 6, 40, 34, 13, 7],
    [7, 3, 43, 21, 8, 6],
    [3, 1, 13, 44, 8, 3],
    [11, 2, 16, 35, 5, 4],
    [6, 1, 17, 19, 5, 1],
    [13, 3, 40, 25, 5, 6],
    [5, 0, 3, 39, 3, 1],
    [1, 4, 6, 2, 2, 2],
    [8, 16, 46, 14, 13, 19],
    [15, 6, 39, 39, 8, 6],
    [11, 3, 30, 42, 8, 5],
    [27, 7, 80, 58, 13, 9],
    [19, 14, 81, 66, 10, 15],
    [1, 2, 20, 27, 10, 4],
    [3, 2, 7, 7, 1, 2],
    [3, 1, 4, 3, 0, 2],
    [17, 9, 47, 42, 6, 10],
    [11, 5, 24, 32, 6, 12],
    [7, 3, 13, 3, 3, 3],
    [0, 1, 10, 8, 0, 0],
    [6, 6, 37, 33, 8, 4],
    [24, 7, 74, 69, 13, 5],
    [2, 3, 19, 5, 4, 1],
    [30, 97, 367, 108, 19, 65],
    [229, 270, 1541, 670, 134, 315],
    [156, 112, 926, 364, 110, 243],
    [8, 2, 28, 14, 7, 5]
  ],
  "method": "mult",
  "cond_prob": [
    [
      [5.1451617748e-06, 0.0077794581296, 0.80979420589, 0.032764909613, 0.14965628121],
      [0.10446507607, 0.0066436728268, 0.02441856141, 0.85062029093, 0.013852398763],
      [0.014186577725, 0.043909104787, 0.096417129099, 0.81806448587, 0.027422702522],
      [0, 0, 0.92846051095, 0.019104793277, 0.052434695774],
      [0, 0.59598924015, 0.082959047543, 0.12263221766, 0.19841949465],
      [0.014656041869, 0.031544249055, 0.02098065908, 0.075947605788, 0.85687144421]
    ],
    [
      [0, 0.015790477382, 0.88201708131, 0.023941912144, 0.078250529161],
      [7.3494280346e-18, 0.022497781675, 0.041040053018, 0.93261127821, 0.0038508870986],
      [0, 0.12829741955, 0.1408359548, 0.73086662565, 0],
      [0, 0.017027116356, 0.96427890108, 0.0054027895559, 0.013291193008],
      [2.1192097053e-16, 0.86341557682, 0.074529107679, 0.057257881462, 0.0047974340435],
      [0, 0.097164295998, 0.042819891582, 0.08137445854, 0.77864135388]
    ],
    [
      [0, 0.018205552774, 0.82671991623, 0.025137163788, 0.12993736721],
      [0.24566551718, 0.015721618301, 0.024654097193, 0.7023177545, 0.011641012829],
      [0.0359095575, 0.13371038713, 0.099553702456, 0.70699987687, 0.023826476049],
      [0, 0.01498300334, 0.93551355565, 0.0054746640457, 0.044028776968],
      [0, 0.76127949961, 0.057389300394, 0.067518223007, 0.11381297699],
      [0.04061725616, 0.07535827827, 0.024686370491, 0.068949858629, 0.79038823645]
    ],
    [
      [0, 0.016572676261, 0.83219670344, 0.019461791975, 0.13176882833],
      [0.22569454304, 0.015386411343, 0.028442914363, 0.71760164178, 0.01287448948],
      [0.029976249595, 0.13074703778, 0.11549143483, 0.69665405368, 0.02713122412],
      [0, 0.0088775225164, 0.94526499271, 0, 0.045857484776],
      [0, 0.75203031433, 0.062961561043, 0.064520219647, 0.12048790498],
      [0.034720293364, 0.070635332813, 0.026973616684, 0.064342541277, 0.80332821586]
    ],
    [
      [0, 0.025266179016, 0.83566858704, 0.025122538577, 0.11394269537],
      [0.26581252931, 0.022171565373, 0.024254242045, 0.67809240009, 0.0096692631807],
      [0.035072506999, 0.18758279063, 0.092726976296, 0.66910832916, 0.015509396913],
      [0, 0.026441085014, 0.93204283908, 0.0062286304632, 0.035287445443],
      [0, 0.82419298155, 0.04516150644, 0.051019379623, 0.079626132386],
      [0.043534907705, 0.10288369673, 0.023004196796, 0.069081934675, 0.76149526409]
    ],
    [
      [7.303108747e-05, 0.017978148776, 0.83872106316, 0.0370084785, 0.10621927848],
      [0.2394183369, 0.01361404848, 0.021218641645, 0.72043584938, 0.0053131235954],
      [0.036763213366, 0.11861205958, 0.078764365284, 0.76586036177, 0],
      [0.0011067704067, 0.015384728994, 0.93108819917, 0.026100113472, 0.026320187955],
      [6.079849064e-05, 0.76739094785, 0.055848281237, 0.082480385084, 0.094219587342],
      [0.048428486022, 0.081665549084, 0.024246284669, 0.095048654637, 0.75061102559]
    ],
    [
      [0, 0.025669059713, 0.79359075071, 0.025965716324, 0.15477447325],
      [0.30503644148, 0.017008600817, 0.019399631389, 0.64655349822, 0.012001828097],
      [0.043749334807, 0.1617436849, 0.06654802483, 0.69847686575, 0.029482089712],
      [0, 0.027579288414, 0.90605408568, 0.011184874167, 0.055181751738],
      [0, 0.79283833778, 0.041179822642, 0.056274553237, 0.10970728635],
      [0.039995835153, 0.07214774262, 0.01529981949, 0.057188587216, 0.81536801552]
    ],
    [
      [0.0003638338145, 0.019605200884, 0.81872036512, 0.037034448477, 0.1242761517],
      [0.27375963513, 0.013291246688, 0.014981793395, 0.69102662936, 0.006940695431],
      [0.047523781038, 0.11954432409, 0.049663894175, 0.7772519609, 0.0060160397989],
      [0.0012583969011, 0.017488627246, 0.91356138961, 0.031452336985, 0.036239249261],
      [0.0005479861353, 0.76501312658, 0.0478840172, 0.08509424547, 0.10146062462],
      [0.05626278549, 0.0781968175, 0.015539836001, 0.093911072749, 0.75608948826]
    ],
    [
      [1.3581565903e-05, 0.01941096258, 0.7954163308, 0.038936427759, 0.1462226973],
      [0.1316621026, 0.015271025949, 0.018220737482, 0.82270406631, 0.01214206765],
      [0.018548158732, 0.11915775246, 0.045981814075, 0.79390991441, 0.02240236032],
      [0, 0.017959443931, 0.9044570669, 0.028194997163, 0.049388492006],
      [8.7538498217e-06, 0.74515446439, 0.047239656169, 0.085932627396, 0.1216644982],
      [0.021180754088, 0.070400736153, 0.013341765833, 0.086315165069, 0.80876157886]
    ],
    [
      [3.0902820091e-05, 0.021893376234, 0.80810672527, 0.033637310603, 0.13633168508],
      [0.20865599832, 0.017363864049, 0.018513765425, 0.74462827105, 0.010838101158],
      [0.03087625009, 0.14258182672, 0.056351651584, 0.75070751044, 0.019482761173],
      [0, 0.022141718188, 0.91079835035, 0.022133678161, 0.044926253305],
      [0, 0.77485002182, 0.044963982644, 0.073930298406, 0.10625569713],
      [0.035708660189, 0.082015196867, 0.016733416663, 0.08040188905, 0.78514083723]
    ],
    [
      [0, 0.11680573224, 0, 0.2176724314, 0.66552183636],
      [1.9081958236e-17, 0.016775950541, 0, 0.97425210568, 0.0089719437821],
      [0, 0.094560962993, 0, 0.90543903701, 0],
      [3.3882904532e-17, 0.68259092573, 0, 0.28971222936, 0.02769684491],
      [2.7755575616e-17, 0.8542231642, 0, 0.073701980693, 0.072074855108],
      [0, 0.044771465181, 0, 0.055000234838, 0.90022829998]
    ],
    [
      [0.00021163047513, 0.033859660882, 0.80530873156, 0.037241276707, 0.12337870038],
      [0.26804611362, 0.023279348731, 0.013853508576, 0.68688710176, 0.0079339273171],
      [0.04233831585, 0.20170512627, 0.022560190573, 0.72537232168, 0.0080240456255],
      [0.00041164406807, 0.039904378095, 0.89332695546, 0.029294222907, 0.037062799474],
      [0.00016302079364, 0.83611132106, 0.030455795183, 0.060554321423, 0.072715541542],
      [0.053065317928, 0.12041348083, 0.012991168288, 0.087148500863, 0.72638153209]
    ],
    [
      [0.0011540883072, 0.074466454529, 0.66146588137, 0.023615621311, 0.23929795448],
      [0.53435582033, 0.041561300127, 0, 0.40660741448, 0.017475465058],
      [0.037282389939, 0.40388720607, 0, 0.49446397542, 0.064366428567],
      [0.13336203299, 0.087927803315, 0.66833974062, 0.013310600759, 0.097059822315],
      [0.00042462949474, 0.90849005875, 0.0046365934629, 0.018991229473, 0.067457488815],
      [0.049799384997, 0.12932998415, 0, 0.029584937207, 0.79128569365]
    ],
    [
      [0.00029953686817, 0.027639358998, 0.77022467581, 0.036519567867, 0.16531686046],
      [0.2436506327, 0.019837745575, 0.012320736576, 0.71044566339, 0.01374522176],
      [0.038921710382, 0.16501678508, 0.021699084206, 0.739239111, 0.035123309326],
      [0.00064153051357, 0.030696065757, 0.88004218269, 0.027095172967, 0.061525048074],
      [0.0002111273111, 0.78688086082, 0.034197952784, 0.066725793645, 0.11198426544],
      [0.038919873202, 0.083855437416, 0.0069443648831, 0.072414915471, 0.79786540903]
    ],
    [
      [0.00039356315502, 0.011100529121, 0.79353934956, 0.037562648047, 0.15740391012],
      [0.21837082798, 0.0073238277075, 0.014632487388, 0.74651375947, 0.013159097449],
      [0.036486826343, 0.072184529095, 0.052958215771, 0.80950353368, 0.028866895113],
      [0.0013150581727, 0.0063840562319, 0.90359359528, 0.032319897978, 0.05638739234],
      [0.00023926343017, 0.65236088823, 0.064966727251, 0.10921225604, 0.17322086506],
      [0.035551516479, 0.041202066421, 0.014284345107, 0.077699673855, 0.83126239814]
    ],
    [
      [9.7855640612e-05, 0.0058104203071, 0.8451716742, 0.039755256043, 0.10916479381],
      [0.15790437683, 0.0045377407406, 0.021897594239, 0.80874941668, 0.0069108715111],
      [0.023933111303, 0.037872334759, 0.085360412205, 0.85064456819, 0.0021895735402],
      [0, 0, 0.9381226491, 0.03566161588, 0.026215735018],
      [9.9222137753e-05, 0.60722504608, 0.090759279063, 0.14531622009, 0.15660023263],
      [0.031392639694, 0.037640421641, 0.02488988218, 0.10471652682, 0.80136052967]
    ],
    [
      [0.00017616784733, 0.018406475478, 0.83657307138, 0.047032048363, 0.097812236936],
      [0.16064355473, 0.011944276023, 0.01455941127, 0.80879510813, 0.0040576498466],
      [0.015875419049, 0.098185871197, 0.034978784486, 0.85095992527, 0],
      [0.026763145474, 0.014972257813, 0.92024612716, 0.038018469556, 0],
      [0.012957801426, 0.7615506802, 0.049620394809, 0.10680405661, 0.069067066953],
      [0.039743919159, 0.09015348603, 0.021903365872, 0.12886623037, 0.71933299857]
    ],
    [
      [0, 0.0079010473737, 0.85166166481, 0.032332445704, 0.10810484211],
      [0.27971315199, 0.0069471514853, 0.019742847296, 0.68622068581, 0.0073761634232],
      [0.037256375005, 0.066259145457, 0.09056381292, 0.79702258982, 0.0088980767959],
      [0, 0.0021808425745, 0.95094493903, 0.019342454636, 0.027531763761],
      [4.4059995138e-05, 0.70196412746, 0.071399010034, 0.10187157606, 0.12472122645],
      [0.043442206467, 0.041191741429, 0.022092154849, 0.079524881375, 0.81374901588]
    ],
    [
      [0, 0.015344992161, 0.84579970068, 0.025530691014, 0.11332461614],
      [0.22927053623, 0.013702411722, 0.027176490973, 0.72037523796, 0.0094753231101],
      [0.032602109435, 0.1172885483, 0.11133251927, 0.72459207, 0.014184752994],
      [0, 0.010059311485, 0.95047470302, 0.005769819318, 0.033696166176],
      [0, 0.75067092648, 0.063766567371, 0.076580789425, 0.10898171673],
      [0.042070268821, 0.075160518481, 0.027835097251, 0.080071480702, 0.77486263475]
    ],
    [
      [0, 0.0069045995732, 0.89168147712, 0.035376883819, 0.066037039491],
      [0.1820784429, 0.0048577143894, 0.027226146456, 0.78296208525, 0.0028756110008],
      [0.025503928446, 0.055851869949, 0.10273648115, 0.81590772045, 0],
      [0.00087821071072, 0, 0.96420558053, 0.022278337655, 0.012637871103],
      [0, 0.69186696353, 0.090247773603, 0.12728247499, 0.09060278788],
      [0.049506315315, 0.065764638061, 0.036035268014, 0.13444075323, 0.71425302538]
    ],
    [
      [0, 0.016451150719, 0.86091076072, 0.029556990668, 0.093081097891],
      [0.23182418895, 0.013608624155, 0.025799234836, 0.72226610669, 0.0065018453656],
      [0.034149901737, 0.11753963105, 0.10161405755, 0.74095426512, 0.0057421445361],
      [0, 0.011875948259, 0.94980285306, 0.014004449161, 0.024316749516],
      [0, 0.768427533, 0.062616836539, 0.080455760579, 0.088499869882],
      [0.051175457988, 0.089520214793, 0.029676746145, 0.098121141955, 0.73150643912]
    ],
    [
      [0.00019733052566, 0.048297608911, 0.63612801719, 0.028152728361, 0.28722431501],
      [0.51933302909, 0.023641489587, 0, 0.42574370039, 0.031281780933],
      [0, 0.27206230414, 0, 0.58390674925, 0.1440309466],
      [0.24033348545, 0.1088365299, 0.5, 0.015322716504, 0.13550726815],
      [1.6251912342e-05, 0.96369396458, 0.0029718566236, 0.0073263127469, 0.025991614137],
      [0, 0.063155812877, 0, 0.020085185541, 0.91675900158]
    ],
    [
      [0.00012522135665, 0.0091156267877, 0.83123841906, 0.025785981266, 0.13373475153],
      [0.28334711464, 0.0078206288105, 0.024945860293, 0.67263271902, 0.011253677236],
      [0.048092517522, 0.077945705611, 0.10634551015, 0.74287277756, 0.024743489155],
      [0.0001186562896, 0.0048142528125, 0.94003786591, 0.010023385631, 0.045005839354],
      [0.00011761029812, 0.67429966404, 0.075361573518, 0.094858271978, 0.15536288017],
      [0.050232709765, 0.047739824647, 0.02440579847, 0.071926114202, 0.80569555292]
    ],
    [
      [0.0011000544171, 0.014591349, 0.78507513838, 0.039771426461, 0.15946203174],
      [0.32296886984, 0.0089146753775, 0.0087268022903, 0.64993425358, 0.0094553989063],
      [0.060343996466, 0.090479194044, 0.02808327511, 0.80154877532, 0.019544759058],
      [0.00203009194, 0.013012909873, 0.90336172777, 0.030263308087, 0.051331962331],
      [0.00030466681789, 0.71810296006, 0.050372330218, 0.088919146126, 0.14230089678],
      [0.044729039247, 0.039509740502, 0.01152580779, 0.058875533586, 0.84535987887]
    ],
    [
      [0.00022502959791, 0.010696473355, 0.8330747292, 0.026996923492, 0.12900684436],
      [0.30948958319, 0.0086847724239, 0.022614431604, 0.64916541751, 0.01004579528],
      [0.054459546414, 0.083923190036, 0.099933261252, 0.74056894469, 0.021115057607],
      [0.00040081098036, 0.0051078126474, 0.94306624934, 0.0092622803525, 0.042162846683],
      [0.00015310878142, 0.6846339905, 0.073360987564, 0.09442452285, 0.1474273903],
      [0.058539817402, 0.051213478152, 0.023785455061, 0.074575699144, 0.79188555024]
    ],
    [
      [0, 0.018324930662, 0.84431970034, 0.033031546467, 0.10432382253],
      [0.20686921099, 0.014767582783, 0.022626094362, 0.74770554171, 0.008031570147],
      [0.030545787523, 0.12220984281, 0.083273913627, 0.75568578045, 0.0082846755839],
      [0, 0.014919130231, 0.93495026293, 0.021258556376, 0.028872050458],
      [0, 0.77048646135, 0.057251809583, 0.080191684656, 0.092070044411],
      [0.042318119691, 0.087653946451, 0.025639441702, 0.095090003919, 0.74929848824]
    ],
    [
      [0, 0.013067206788, 0.78868801899, 0.027201168841, 0.17104360538],
      [0.072030641799, 0.01369669608, 0.024413990126, 0.87309047127, 0.016768200729],
      [0.0087189634965, 0.10026239505, 0.078206878184, 0.77506424759, 0.037747515678],
      [0, 0.010383717797, 0.91361889979, 0.01070796705, 0.065289415363],
      [0, 0.69587197863, 0.057808547341, 0.084787121574, 0.16153235245],
      [0.0084112061054, 0.048646429083, 0.016714001241, 0.064346499697, 0.86188186387]
    ],
    [
      [7.9048954706e-05, 0.013465195885, 0.80350155863, 0.03162938403, 0.1513248125],
      [0.2096203834, 0.011221192928, 0.02087737186, 0.74506007472, 0.013220977095],
      [0.032596528568, 0.094179717575, 0.073685220897, 0.76690836873, 0.032630164227],
      [6.6499938993e-05, 0.0099508358043, 0.9167707951, 0.017855923407, 0.055355945755],
      [7.0505469273e-05, 0.69653432158, 0.061423864106, 0.090476546278, 0.15149476256],
      [0.033188549509, 0.052447664516, 0.017984411929, 0.072891985232, 0.82348738881]
    ],
    [
      [0, 0.018195066998, 0.81270458597, 0.021819863806, 0.14728048322],
      [0.099440369215, 0.018255590771, 0.028250463241, 0.83826489155, 0.015788685226],
      [0.010103570881, 0.14296877386, 0.09701436534, 0.71889208011, 0.031021209801],
      [0, 0.0081988029448, 0.93600073406, 0, 0.055800463],
      [0, 0.75621336822, 0.053458969342, 0.06638517459, 0.12394248785],
      [0.012331914838, 0.068417176352, 0.021892930203, 0.062974176229, 0.83438380238]
    ],
    [
      [8.8843280179e-05, 0.030431201701, 0.7719881123, 0.054000259149, 0.14349158357],
      [0.15507665533, 0.015681436838, 0.010376747403, 0.81210144972, 0.0067637106996],
      [0.01014277065, 0.13442579772, 0.010486638333, 0.84494479329, 0],
      [8.3190990519e-05, 0.027458505681, 0.89426914787, 0.032741402484, 0.045447752972],
      [4.7159306271e-05, 0.8259815758, 0.024914567755, 0.076884379678, 0.07217231746],
      [0.12240599684, 0.092021463495, 0.0092874837861, 0.1046158353, 0.67166922058]
    ],
    [
      [0, 0, 0.98558929599, 0.014410704011, 0],
      [0, 0, 0.34789921961, 0.65210078039, 0],
      [0, 0, 0.10184833094, 0.89815166906, 0],
      [0, 0, 1, 0, 0],
      [5.5511151231e-17, 0, 0.59610706401, 0.40389293599, 0],
      [0, 0, 0.36019527715, 0.63980472285, 0]
    ],
    [
      [0.0011924872226, 0.022662353968, 0.77121598696, 0.032903826175, 0.17202534567],
      [0.3318168295, 0.0149669006, 0.013830026775, 0.62550705873, 0.013879184403],
      [0.057479247668, 0.1397309545, 0.045646001236, 0.71910839462, 0.03803540198],
      [0.0018699489083, 0.022322510983, 0.88794140242, 0.021966026114, 0.065900111576],
      [0.00036569439173, 0.7648174278, 0.041737615505, 0.065678761681, 0.12740050062],
      [0.050346820553, 0.065105303338, 0.011005762068, 0.060641537518, 0.81290057652]
    ],
    [
      [0, 0.023054584023, 0.74513083857, 0.044611923236, 0.18720265417],
      [0.095223703127, 0.017304128768, 0.0054716229805, 0.8677493141, 0.014251231025],
      [0.012031333668, 0.1267611943, 0.0054602012424, 0.82862871634, 0.027118554452],
      [0, 0.022688952646, 0.87903047462, 0.033256129817, 0.065024442917],
      [0, 0.75709918337, 0.032931161172, 0.083511213557, 0.1264584419],
      [0.012717640046, 0.062831268914, 0.0075103500395, 0.076514772867, 0.84042596813]
    ],
    [
      [0, 0.019170038499, 0.84656030824, 0.03036132793, 0.10390832533],
      [0.26653922449, 0.01487381698, 0.022994605772, 0.68836795124, 0.00722440152],
      [0.041984278474, 0.13032872649, 0.089852893678, 0.72962675896, 0.0082073423921],
      [0, 0.016192642401, 0.93793991517, 0.01690766996, 0.028959772471],
      [1.8781045808e-05, 0.77943783265, 0.056306144292, 0.073870756448, 0.090366485564],
      [0.055841335091, 0.089899152333, 0.026119260838, 0.089051954623, 0.73908829712]
    ],
    [
      [9.7144514655e-17, 0.0027842104096, 0.93195037769, 0.020739981044, 0.044525430852],
      [3.9031278209e-17, 0.0037044455957, 0.027565358763, 0.96282864988, 0.0059015457655],
      [0, 0, 0.053205678229, 0.94679432177, 0],
      [0, 0, 0.96026111861, 0.039738881391, 0],
      [0, 0.33333333333, 0.43836245232, 0.22830421435, 0],
      [0, 0, 0.16612067156, 0.16721266178, 0.66666666667]
    ],
    [
      [0.0043138672394, 0.030481621379, 0.87360669001, 0.026118236081, 0.065479585287],
      [0.31684508601, 0.019928496909, 0.023448589829, 0.63769514316, 0.0020826840938],
      [0.027198133017, 0.17680337209, 0.093218928761, 0.70277956614, 0],
      [0, 0.024500517843, 0.9466243928, 0.014108954102, 0.014766135256],
      [0, 0.87861691706, 0.035088580915, 0.041175223844, 0.04511927818],
      [0.047821713694, 0.10470197035, 0.025453084652, 0.072636580865, 0.74938665044]
    ],
    [
      [0, 0.037234521179, 0.75285247906, 0.049333519141, 0.16057948062],
      [0.11878257443, 0.030966411453, 0, 0.84285220531, 0.0073988088106],
      [0.010100685236, 0.18765000146, 0, 0.7930467302, 0.0092025831076],
      [0.03467953993, 0.036731263595, 0.84192319885, 0.033428324309, 0.053237673314],
      [0, 0.83024087243, 0.022515850503, 0.067825487687, 0.079417789382],
      [0.020773729377, 0.10823261596, 0.0083362840924, 0.091663031719, 0.77099433886]
    ],
    [
      [0, 0.025358956548, 0.82396951859, 0.017750953991, 0.13292057087],
      [0.36522809131, 0.01854905661, 0.020621394128, 0.58455882668, 0.011042631265],
      [0.047119221981, 0.17407436061, 0.085826466502, 0.66640350438, 0.026576446523],
      [0, 0.024558700084, 0.92901736175, 0, 0.046423938164],
      [0, 0.80764175183, 0.047947143507, 0.042291424716, 0.10211967995],
      [0.050136058125, 0.075804153941, 0.018414849343, 0.052260427378, 0.80338451121]
    ],
    [
      [0, 0.015748857154, 0.78241377092, 0.038111720177, 0.16372565175],
      [0, 0.014579352026, 0.023124390354, 0.94716851479, 0.015127742827],
      [0, 0.10091939854, 0.047804345298, 0.8229339256, 0.028342330563],
      [0, 0.013171496874, 0.89400387208, 0.034668141196, 0.058156489854],
      [0, 0.71364872489, 0.049916822619, 0.090663607357, 0.14577084513],
      [0, 0.052128055845, 0.013687411158, 0.073514988283, 0.86066954471]
    ],
    [
      [9.7541641201e-05, 0.011564110872, 0.83434196664, 0.043969535046, 0.1100268458],
      [0.1477816726, 0.0073666149343, 0.017820362079, 0.82228247455, 0.0047488758365],
      [0.022217627455, 0.074256761301, 0.062133838324, 0.83950602328, 0.0018857496447],
      [0.00012169216238, 0.0078234032027, 0.92664485504, 0.034548959266, 0.030861090332],
      [7.6401385548e-05, 0.69901343674, 0.066652198923, 0.11494087898, 0.11931708397],
      [0.030614085842, 0.060701545063, 0.022539424769, 0.10852025492, 0.7776246894]
    ],
    [
      [4.1633363423e-17, 0, 0.86240005081, 0.027098591108, 0.11050135808],
      [0, 0, 0.015332354423, 0.97594797176, 0.008719673814],
      [0, 0, 0.03383968732, 0.96616031268, 0],
      [3.4666738999e-33, 0, 0.94924046902, 0.035764628968, 0.014994902012],
      [0, -0, 0.18103580297, 0.34314460013, 0.4758195969],
      [0, 0, 0, 0.029989804024, 0.97001019598]
    ],
    [
      [0, 0.036097570034, 0.8415611287, 0.025153837213, 0.097187464054],
      [0.23316421197, 0.030745831912, 0.023534841783, 0.70547371044, 0.007081403899],
      [0.025637571947, 0.23269292447, 0.07834059952, 0.65728240432, 0.0060464997464],
      [0, 0.037982662801, 0.92627797868, 0.009559944369, 0.026179414151],
      [0, 0.86622191452, 0.035497169515, 0.043209642634, 0.055071273326],
      [0.040561285026, 0.1430175377, 0.023740447657, 0.077597018151, 0.71508371147]
    ],
    [
      [0, 0.010882027372, 0.90677676702, 0.041609118618, 0.040732086989],
      [0, 0.0059213134305, 0.031148700914, 0.96292998566, 0],
      [0, 0.01356085666, 0.12516776405, 0.86127137929, 0],
      [0, 0, 0.94995548073, 0.05004451927, 0],
      [0, 0.75355974351, 0.079638562125, 0.11846232645, 0.048339367924],
      [2.0111288413e-49, 0.19717741804, 0.20940621584, 0.20241190376, 0.39100446236]
    ],
    [
      [0, 0.019296885494, 0.87573732551, 0.020760109525, 0.084205679471],
      [0, 0.023415893651, 0.029651646038, 0.9350969796, 0.011835480708],
      [0, 0.15860704082, 0.11010005941, 0.73129289977, 0],
      [0, 0.017909670135, 0.95367324425, 0.0094694648419, 0.018947620773],
      [0, 0.85887798698, 0.039791241171, 0.042852054225, 0.058478717627],
      [1.2930037631e-33, 0.13170848397, 0.037244882031, 0.067162561727, 0.76388407227]
    ],
    [
      [0.00060044271839, 0.034310884106, 0.80182592049, 0.048641438468, 0.11462131422],
      [0.27299320596, 0.021143356262, 0.006785965703, 0.69528070094, 0.0037967711359],
      [0.026058090465, 0.18291223533, 0, 0.7910296742, 0],
      [0.034250326809, 0.040818253564, 0.86662385494, 0.053090096053, 0.0052174686304],
      [0.00044279553523, 0.84497288664, 0.02443621392, 0.068267741923, 0.061880361987],
      [0.057350583752, 0.12235214909, 0, 0.11222672733, 0.70807053983]
    ],
    [
      [0.00027764420157, 0.020361406267, 0.83266028718, 0.040223970018, 0.10647669234],
      [0.22638626351, 0.014527357536, 0.016502233197, 0.73605757507, 0.0065265706868],
      [0.035919889762, 0.12360393254, 0.050813050119, 0.7842001545, 0.0054629730852],
      [0.00060190651269, 0.018680455691, 0.91648649474, 0.034698984391, 0.029532158665],
      [0.00015085052502, 0.77892452308, 0.050057272898, 0.083053064925, 0.087814288572],
      [0.048521959181, 0.088831617665, 0.021511468782, 0.10022213988, 0.7409128145]
    ],
    [
      [0, 0.014309584991, 0.85155924963, 0.02467960148, 0.1094515639],
      [0.24396955971, 0.013141338203, 0.026179887099, 0.7076520701, 0.0090571448925],
      [0.03533506009, 0.11435704203, 0.11074093582, 0.72599093702, 0.013576025033],
      [0, 0.0082512587644, 0.95560152959, 0.0044652337043, 0.031681977938],
      [0, 0.75064831369, 0.064987720079, 0.077473801372, 0.10689016486],
      [0.046172163233, 0.074910168222, 0.027733906473, 0.081798973966, 0.76938478811]
    ],
    [
      [0.00012262623032, 0.011380255663, 0.76000377532, 0.037363216869, 0.19113012591],
      [0.18645356531, 0.0077900162804, 0.01210183419, 0.77654762002, 0.017106964204],
      [0.027930174676, 0.069558708133, 0.027814759487, 0.82652819075, 0.048168166957],
      [0.00028794540195, 0.0089243480796, 0.88976025215, 0.028667018979, 0.072360435391],
      [9.9859831967e-05, 0.64353322016, 0.05527218474, 0.10507185125, 0.19602288402],
      [0.022759069179, 0.031766021943, 0.0072700066217, 0.06407976294, 0.87412513932]
    ],
    [
      [0.00074494826625, 0.015709258148, 0.82323791929, 0.034117968218, 0.12618990608],
      [0.44647071897, 0.0081725588017, 0.0099773367965, 0.5295862283, 0.0057931571291],
      [0.091348941523, 0.097452956894, 0.033117126834, 0.77018252106, 0.0078984536912],
      [0.0039434784265, 0.013075954224, 0.91650691185, 0.029719554165, 0.036754101339],
      [0.00069424541852, 0.77019007909, 0.04632536633, 0.078233514691, 0.10455679447],
      [0.083678729646, 0.052388242569, 0.010863707061, 0.072262920061, 0.78080640066]
    ],
    [
      [0.010230874332, 0.043930531649, 0.70923464959, 0.028825536442, 0.20777840799],
      [0.56931972939, 0.030496344125, 0, 0.37671178587, 0.023472140609],
      [0.098815582379, 0.24734132217, 0, 0.59875306359, 0.055090031866],
      [0.11294776102, 0.056164272326, 0.71630614017, 0.025029253586, 0.089552572903],
      [0.0050332852144, 0.89924971279, 0, 0.025409141728, 0.07030786027],
      [0.054456739283, 0.078265448451, 0, 0.03456988916, 0.83270792311]
    ],
    [
      [0, 0, 0.5587994156, 0.050458478748, 0.39074210566],
      [0, 0, 0.01222223654, 0.96065044202, 0.02712732144],
      [0, 0, 0, 1, 0],
      [0, 0, 0.77666458904, 0.16553283372, 0.057802577245],
      [0, 0, 0.055603408643, 0.22647151005, 0.7179250813],
      [0, 0, 0, 0, 1]
    ],
    [
      [0.0002666985979, 0.0082839061853, 0.73965737498, 0.032840288774, 0.21895173147],
      [0.35415925605, 0.0057164598859, 0.015594560413, 0.61024466455, 0.014285059097],
      [0.062070654418, 0.056248994077, 0.059630799507, 0.79049704212, 0.03155250988],
      [0.00075457738265, 0.006065598517, 0.89216950757, 0.026898533107, 0.074111783423],
      [0.00020533018736, 0.55349439523, 0.067598529777, 0.10973860339, 0.26896314142],
      [0.03536661358, 0.018440304085, 0.0096173046955, 0.041333757814, 0.89524201982]
    ],
    [
      [0.00024106690435, 0.014552942872, 0.85679772182, 0.033910599268, 0.094497669132],
      [0.26985870702, 0.010246258867, 0.024448412687, 0.69199087409, 0.0034557473376],
      [0.042729126961, 0.10200860607, 0.094736041173, 0.7605262258, 0],
      [0.0033570476371, 0.0081944286076, 0.94711308515, 0.024899050533, 0.016436388076],
      [0.00019909661545, 0.75440564009, 0.06535616518, 0.08791679205, 0.092122306069],
      [0.061599716533, 0.079432864235, 0.029582814121, 0.099566821096, 0.72981778402]
    ],
    [
      [0.00039462042342, 0.014448645265, 0.81253127215, 0.028943502793, 0.14368195937],
      [0.29905296031, 0.011158387967, 0.019504048133, 0.65820903917, 0.012075564424],
      [0.050726080701, 0.10473346614, 0.076218603078, 0.73628004817, 0.03204180191],
      [0.00066876045309, 0.011221727117, 0.92086670065, 0.014839774128, 0.05240303765],
      [0.00020179835757, 0.72658856622, 0.058146361999, 0.08022584443, 0.13483742899],
      [0.051366114085, 0.057545974702, 0.018414941609, 0.069146458726, 0.80352651088]
    ],
    [
      [1.1187628697e-16, 0.033378803164, 0.88817641521, 0.052118594319, 0.02632618731],
      [1.1709383463e-16, 0.020398868949, 0.017139109538, 0.95788398742, 0.0045780340894],
      [0, 0.099740697159, 0.053521341762, 0.84673796108, 0],
      [0, 0, 0.93954312549, 0.060456874512, 0],
      [0, 1, 0, 0, 0],
      [0, 0.33369955268, 0.036086654265, 0.14337688671, 0.48683690635]
    ],
    [
      [0, 0.043431209024, 0.82342615556, 0.026572291584, 0.10657034383],
      [0.36139524828, 0.033447035958, 0.017065779556, 0.58061479358, 0.0074771426244],
      [0.051578373747, 0.30651159357, 0.039007467222, 0.59458280073, 0.0083197647375],
      [0, 0.05821530221, 0.89989660574, 0.010705567341, 0.031182524709],
      [0, 0.89468109108, 0.024248605385, 0.033511239356, 0.047559064183],
      [0.067344450349, 0.16983865045, 0.017342560762, 0.0677671491, 0.67770718934]
    ],
    [
      [0, 0.0077716587016, 0.81832762549, 0.0068086269697, 0.16709208884],
      [0.27360073241, 0.013162329238, 0.02721106011, 0.66906340087, 0.016962477373],
      [0.028445445832, 0.1069817481, 0.20704385557, 0.61498893734, 0.042540013161],
      [0, 0, 0.92428426994, 0, 0.075715730056],
      [0, 0.71005813764, 0.066880291377, 0.057561733933, 0.16549983705],
      [0.026562256684, 0.043266029375, 0.024377146883, 0.03854656705, 0.86724800001]
    ],
    [
      [1.1485698959e-33, 0.066837017631, 0.74942401183, 0.034456545733, 0.14928242481],
      [0, 0.036165827561, 0.018929682148, 0.93079908338, 0.014105406914],
      [0, 0.26462194954, 0, 0.71572539264, 0.019652657819],
      [0, 0.09554418017, 0.83440795298, 0.020364074087, 0.049683792766],
      [1.3877787808e-17, 0.87113541566, 0.0046802690744, 0.048915654364, 0.075268660905],
      [0, 0.13478409813, 0, 0.073338466216, 0.79187743565]
    ],
    [
      [0.00088826008095, 0.017325705961, 0.79340163276, 0.039141508073, 0.14924289313],
      [0.34759363068, 0.01081453764, 0.012794105048, 0.61940490286, 0.0093928237791],
      [0.055560582303, 0.11045330909, 0.052069095298, 0.76067761595, 0.02123939736],
      [0.0026861984608, 0.014450878145, 0.89163001692, 0.041704009633, 0.049528896839],
      [0.00063623026033, 0.75779842466, 0.042772867807, 0.078888077929, 0.11990439935],
      [0.049942638499, 0.053663610232, 0.013785080916, 0.06229387485, 0.8203147955]
    ],
    [
      [0, 0.018936708841, 0.82325727498, 0.0097492904755, 0.1480567257],
      [0.32649407857, 0.018623715191, 0.02885319612, 0.61059372843, 0.015435281691],
      [0.041813284636, 0.17848815221, 0.15703995201, 0.58170828095, 0.040950330188],
      [0, 0, 0.94107996916, 0, 0.05892003084],
      [0, 0.77555293774, 0.059489783222, 0.040832478973, 0.12412480006],
      [0.040463004534, 0.069966558779, 0.024051142618, 0.042815389556, 0.82270390451]
    ],
    [
      [0, 0.028107947224, 0.77185127782, 0.021329749539, 0.17871102542],
      [0.21395132768, 0.021419914425, 0.020682249264, 0.72636798517, 0.017578523456],
      [0.027482403045, 0.1779244235, 0.058792463724, 0.68698425629, 0.048816453445],
      [0, 0.034189538774, 0.89096137062, 0.000246569392, 0.074602521211],
      [0, 0.77961864302, 0.037152802908, 0.051115089043, 0.13211346503],
      [0.025756097866, 0.07415835393, 0.012128209687, 0.051952647516, 0.836004691]
    ],
    [
      [0, 0.013996587518, 0.84551304327, 0.013333549845, 0.12715681937],
      [0.28704769534, 0.014335481186, 0.034007092587, 0.65115037598, 0.013459354903],
      [0.035190209367, 0.12996783493, 0.18590513968, 0.61899961891, 0.029937197103],
      [0, 0, 0.95454379731, 0, 0.045456202687],
      [0, 0.74708729384, 0.07349943654, 0.053344033627, 0.12606923599],
      [0.040331739297, 0.064055966494, 0.031490575827, 0.051279703684, 0.8128420147]
    ],
    [
      [0.00030945603152, 0.024001651702, 0.83785927495, 0.035792045559, 0.10203757176],
      [0.43770228339, 0.011659560823, 0.013596456566, 0.53156447247, 0.0054772267481],
      [0.071435305971, 0.14884113672, 0.035535254699, 0.74418830261, 0],
      [0.00074271318189, 0.027542633597, 0.91601145459, 0.029909512579, 0.025793686056],
      [0.0037353449473, 0.82063761783, 0.029346150332, 0.081638469468, 0.064642417427],
      [0.094822107582, 0.093762889147, 0.014895911806, 0.089788740408, 0.70673035106]
    ],
    [
