{
  "X": [
    [2, 11, 72, 72, 20],
    [0, 8, 8, 16, 4],
    [66, 269, 860, 779, 255],
    [24, 108, 353, 294, 99],
    [5, 23, 45, 55, 10],
    [11, 33, 91, 109, 31],
    [2, 12, 41, 27, 8],
    [18, 47, 88, 160, 41],
    [13, 87, 193, 320, 93],
    [23, 114, 184, 319, 76],
    [0, 3, 0, 14, 1],
    [35, 164, 245, 375, 76],
    [4, 13, 10, 13, 7],
    [79, 305, 595, 865, 272],
    [10, 15, 87, 109, 26],
    [3, 7, 55, 63, 10],
    [20, 92, 152, 394, 41],
    [1, 2, 22, 15, 3],
    [84, 259, 1199, 1027, 226],
    [4, 7, 53, 59, 4],
    [104, 276, 1290, 1218, 168],
    [1, 2, 1, 4, 3],
    [48, 75, 396, 418, 107],
    [4, 4, 14, 31, 3],
    [80, 120, 877, 673, 169],
    [32, 156, 536, 514, 83],
    [1, 13, 88, 62, 22],
    [21, 64, 290, 313, 101],
    [2, 20, 117, 68, 26],
    [1, 6, 3, 31, 3],
    [0, 0, 4, 3, 0],
    [7, 16, 64, 51, 19],
    [2, 12, 15, 60, 9],
    [77, 196, 740, 750, 126],
    [0, 1, 4, 6, 2],
    [1, 3, 10, 8, 2],
    [6, 30, 23, 110, 13],
    [2, 10, 19, 13, 5],
    [0, 10, 42, 42, 10],
    [11, 27, 102, 181, 24],
    [0, 0, 2, 3, 1],
    [4, 20, 48, 44, 8],
    [0, 5, 35, 27, 5],
    [0, 3, 4, 7, 4],
    [3, 11, 18, 29, 8],
    [11, 32, 109, 138, 18],
    [21, 67, 369, 254, 56],
    [2, 4, 15, 33, 8],
    [3, 3, 8, 17, 3],
    [3, 3, 5, 5, 3],
    [0, 0, 3, 10, 2],
    [3, 4, 29, 39, 5],
    [23, 50, 185, 185, 38],
    [10, 20, 82, 81, 37],
    [0, 1, 3, 3, 1],
    [8, 43, 47, 61, 10],
    [1, 6, 53, 13, 13],
    [0, 34, 50, 39, 17],
    [2, 6, 28, 15, 4],
    [6, 29, 103, 55, 22],
    [5, 46, 97, 75, 35],
    [7, 26, 111, 66, 23],
    [2, 13, 12, 18, 4],
    [2, 11, 16, 24, 10],
    [3, 5, 15, 23, 1],
    [2, 7, 32, 22, 9],
    [4, 4, 2, 10, 4],
    [9, 33, 136, 56, 24],
    [3, 13, 92, 37, 14],
    [6, 29, 66, 64, 28],
    [4, 13, 45, 33, 3],
    [5, 26, 35, 53, 21],
    [0, 17, 18, 24, 11],
    [2, 8, 6, 5, 7],
    [0, 19, 46, 23, 8],
    [3, 27, 22, 29, 11],
    [2, 18, 40, 62, 14],
    [10, 43, 76, 85, 39],
    [23, 27, 189, 119, 53],
    [0, 2, 7, 8, 2],
    [0, 3, 13, 12, 3],
    [0, 1, 6, 5, 3],
    [1, 16, 23, 50, 20],
    [1, 8, 11, 21, 1],
    [1, 2, 3, 3, 1],
    [7, 40, 157, 75, 46],
    [6, 22, 87, 62, 19],
    [11, 39, 161, 95, 23],
    [14, 39, 170, 119, 24],
    [10, 19, 19, 80, 10],
    [0, 3, 37, 8, 9],
    [2, 4, 2, 18, 1],
    [12, 19, 111, 70, 29],
    [5, 3, 36, 19, 11],
    [20, 20, 97, 57, 29],
    [6, 37, 76, 50, 11],
    [7, 37, 59, 50, 12],
    [1, 20, 34, 13, 8],
    [5, 12, 80, 28, 13],
    [4, 15, 13, 21, 6],
    [10, 39, 194, 83, 56],
    [2, 22, 125, 57, 17],
    [5, 33, 107, 100, 43],
    [0, 1, 7, 3, 4],
    [0, 2, 9, 6, 3],
    [1, 13, 10, 43, 8],
    [0, 0, 3, 1, 2],
    [0, 1, 2, 3, 1],
    [1, 4, 11, 7, 6],
    [1, 13, 37, 35, 5],
    [1, 15, 35, 27, 3],
    [4, 21, 107, 71, 17],
    [0, 1, 4, 3, 2],
    [9, 16, 38, 56, 20],
    [8, 18, 45, 57, 16],
    [5, 16, 35, 26, 9],
    [1, 9, 29, 35, 7],
    [1, 1, 1, 2, 1],
    [11, 45, 139, 87, 27],
    [2, 9, 55, 42, 10],
    [3, 8, 18, 23, 14],
    [2, 7, 30, 15, 6],
    [1, 5, 5, 21, 0],
    [6, 33, 149, 103, 55],
    [2, 5, 1, 8, 0],
    [9, 12, 23, 45, 20],
    [0, 6, 11, 6, 2],
    [2, 10, 84, 34, 12],
    [1, 4, 19, 13, 1],
    [1, 5, 14, 14, 1],
    [1, 6, 4, 12, 3],
    [9, 11, 9, 43, 7],
    [1, 0, 3, 15, 3],
    [0, 0, 5, 7, 3],
    [0, 3, 45, 11, 4],
    [7, 29, 115, 71, 45],
    [12, 53, 144, 158, 30],
    [4, 27, 48, 42, 12],
    [0, 6, 30, 13, 5],
    [1, 14, 21, 15, 9],
    [5, 11, 63, 22, 13],
    [1, 5, 54, 17, 16],
    [1, 5, 9, 22, 3],
    [0, 7, 8, 12, 1],
    [0, 4, 5, 7, 2],
    [2, 1, 0, 7, 1],
    [0, 3, 2, 12, 1],
    [4, 30, 75, 48, 16],
    [1, 2, 17, 17, 4],
    [2, 8, 19, 39, 5],
    [4, 14, 46, 34, 13],
    [3, 14, 27, 36, 8],
    [2, 6, 50, 10, 4],
    [0, 6, 42, 14, 11],
    [2, 7, 22, 11, 7],
    [2, 16, 36, 26, 12],
    [0, 4, 35, 2, 10],
    [1, 7, 3, 2, 4],
    [6, 12, 22, 58, 18],
    [2, 14, 61, 30, 6],
    [1, 10, 53, 27, 8],
    [7, 12, 87, 68, 20],
    [8, 20, 93, 67, 17],
    [2, 15, 28, 14, 5],
    [0, 2, 9, 8, 3],
    [2, 1, 5, 2, 3],
    [3, 14, 61, 39, 14],
    [3, 6, 39, 26, 16],
    [3, 5, 8, 10, 6],
    [0, 3, 7, 8, 1],
    [0, 9, 44, 34, 7],
    [2, 27, 88, 63, 12],
    [2, 9, 6, 14, 3],
    [78, 47, 158, 330, 73],
    [224, 293, 903, 1345, 394],
    [142, 229, 488, 755, 297],
    [1, 11, 17, 26, 9]
  ],
  "W": [
    [7, 7, 76, 62, 12, 13],
    [0, 3, 17, 5, 6, 5],
    [189, 94, 963, 633, 145, 205],
    [94, 48, 357, 239, 69, 71],
    [7, 8, 72, 34, 9, 8],
    [33, 22, 112, 56, 20, 32],
    [14, 1, 36, 30, 6, 3],
    [15, 27, 170, 71, 28, 43],
    [62, 38, 342, 137, 49, 78],
    [33, 46, 360, 145, 68, 64],
    [0, 0, 15, 1, 1, 1],
    [61, 45, 449, 204, 64, 72],
    [5, 3, 23, 10, 2, 4],
    [174, 133, 984, 491, 131, 203],
    [18, 25, 105, 73, 9, 17],
    [11, 8, 62, 42, 7, 8],
    [43, 52, 392, 106, 61, 45],
    [6, 1, 17, 16, 1, 2],
    [278, 163, 1207, 855, 119, 173],
    [14, 13, 57, 35, 5, 3],
    [320, 217, 1373, 904, 109, 133],
    [0, 1, 6, 2, 0, 2],
    [129, 76, 473, 246, 47, 73],
    [5, 6, 33, 10, 1, 1],
    [218, 98, 788, 644, 61, 110],
    [123, 55, 592, 401, 90, 60],
    [33, 4, 72, 61, 6, 10],
    [79, 33, 357, 214, 33, 73],
    [26, 10, 80, 93, 8, 16],
    [1, 1, 35, 2, 1, 4],
    [0, 3, 0, 2, 1, 1],
    [27, 9, 59, 45, 7, 10],
    [4, 13, 57, 13, 5, 6],
    [180, 131, 864, 533, 77, 104],
    [0, 0, 5, 2, 3, 3],
    [6, 2, 9, 4, 1, 2],
    [10, 35, 98, 18, 10, 11],
    [5, 3, 16, 14, 8, 3],
    [8, 0, 48, 37, 6, 5],
    [34, 46, 161, 66, 18, 20],
    [0, 0, 3, 2, 0, 1],
    [15, 10, 54, 33, 5, 7],
    [4, 3, 23, 27, 3, 12],
    [1, 0, 9, 2, 1, 5],
    [5, 4, 30, 16, 4, 10],
    [29, 22, 147, 83, 13, 14],
    [95, 35, 303, 262, 34, 38],
    [3, 5, 34, 13, 2, 5],
    [1, 2, 20, 7, 1, 3],
    [2, 3, 6, 5, 1, 2],
    [1, 0, 9, 3, 2, 0],
    [5, 0, 48, 25, 2, 0],
    [43, 45, 187, 133, 34, 39],
    [27, 12, 93, 56, 10, 32],
    [1, 0, 3, 2, 0, 2],
    [5, 7, 93, 43, 11, 10],
    [13, 1, 19, 41, 5, 7],
    [22, 3, 46, 40, 17, 12],
    [7, 3, 15, 24, 5, 1],
    [19, 6, 86, 77, 16, 11],
    [31, 9, 95, 74, 31, 18],
    [16, 11, 92, 82, 17, 15],
    [2, 0, 22, 10, 11, 4],
    [5, 2, 26, 11, 8, 11],
    [4, 2, 30, 9, 1, 1],
    [12, 3, 27, 21, 5, 4],
    [0, 1, 13, 2, 3, 5],
    [24, 3, 78, 120, 20, 13],
    [23, 5, 40, 74, 10, 7],
    [26, 4, 85, 43, 11, 24],
    [6, 3, 33, 37, 13, 6],
    [9, 9, 65, 32, 11, 14],
    [1, 3, 31, 17, 9, 9],
    [2, 2, 7, 5, 7, 5],
    [14, 2, 28, 40, 10, 2],
    [5, 5, 42, 18, 13, 9],
    [15, 4, 78, 27, 6, 6],
    [23, 13, 108, 56, 15, 38],
    [40, 33, 148, 149, 8, 33],
    [1, 0, 12, 4, 1, 1],
    [4, 1, 12, 10, 3, 1],
    [1, 0, 8, 3, 2, 1],
    [8, 4, 54, 17, 12, 15],
    [3, 5, 21, 9, 3, 1],
    [1, 1, 5, 1, 2, 0],
    [38, 17, 105, 109, 17, 39],
    [20, 14, 78, 58, 9, 17],
    [44, 18, 139, 93, 20, 15],
    [53, 23, 146, 104, 16, 24],
    [4, 24, 72, 17, 9, 12],
    [6, 0, 13, 34, 1, 3],
    [0, 3, 17, 3, 3, 1],
    [21, 18, 83, 78, 20, 21],
    [8, 3, 29, 26, 4, 4],
    [33, 10, 82, 60, 12, 26],
    [15, 6, 70, 54, 18, 17],
    [17, 8, 79, 43, 8, 10],
    [6, 0, 20, 33, 13, 4],
    [26, 8, 36, 60, 2, 6],
    [8, 3, 31, 7, 6, 4],
    [50, 8, 118, 153, 25, 28],
    [13, 7, 72, 105, 14, 12],
    [24, 8, 113, 87, 18, 38],
    [4, 0, 4, 5, 0, 2],
    [5, 0, 7, 6, 1, 1],
    [4, 3, 44, 4, 6, 14],
    [1, 0, 1, 2, 0, 2],
    [2, 0, 3, 1, 0, 1],
    [4, 2, 8, 7, 2, 6],
    [8, 2, 41, 29, 8, 3],
    [7, 5, 38, 25, 5, 1],
    [29, 3, 79, 78, 15, 16],
    [1, 0, 2, 4, 1, 2],
    [11, 14, 65, 31, 6, 12],
    [22, 11, 64, 34, 9, 4],
    [9, 4, 30, 23, 17, 8],
    [6, 9, 38, 20, 2, 6],
    [0, 0, 4, 0, 2, 0],
    [35, 20, 108, 105, 17, 24],
    [12, 5, 40, 43, 7, 11],
    [10, 1, 29, 17, 8, 1],
    [4, 4, 17, 29, 0, 6],
    [1, 1, 23, 4, 2, 1],
    [43, 10, 118, 104, 25, 46],
    [0, 2, 9, 1, 2, 2],
    [5, 18, 46, 11, 10, 19],
    [2, 1, 9, 9, 3, 1],
    [21, 4, 37, 60, 6, 14],
    [3, 1, 14, 15, 4, 1],
    [0, 1, 19, 12, 1, 2],
    [1, 2, 13, 2, 5, 3],
    [1, 18, 38, 8, 6, 8],
    [1, 2, 15, 2, 0, 2],
    [2, 1, 5, 4, 1, 2],
    [7, 2, 8, 41, 1, 4],
    [53, 5, 98, 73, 17, 21],
    [54, 28, 174, 94, 31, 16],
    [8, 9, 54, 41, 11, 10],
    [6, 1, 15, 28, 3, 1],
    [6, 5, 16, 17, 9, 7],
    [14, 2, 25, 50, 11, 12],
    [7, 4, 18, 45, 8, 11],
    [3, 2, 25, 5, 1, 4],
    [2, 0, 16, 6, 3, 1],
    [0, 1, 9, 6, 1, 1],
    [0, 1, 8, 0, 0, 2],
    [2, 0, 13, 1, 0, 2],
    [21, 8, 54, 57, 19, 14],
    [6, 5, 14, 13, 1, 2],
    [2, 3, 43, 16, 6, 3],
    [11, 6, 40, 34, 13, 7],
    [7, 3, 43, 21, 8, 6],
    [3, 1, 13, 44, 8, 3],
    [11, 2, 16, 35, 5, 4],
    [6, 1, 17, 19, 5, 1],
    [13, 3, 40, 25, 5, 6],
    [5, 0, 3, 39, 3, 1],
    [1, 4, 6, 2, 2, 2],
    [8, 16, 46, 14, 13, 19],
    [15, 6, 39, 39, 8, 6],
    [11, 3, 30, 42, 8, 5],
    [27, 7, 80, 58, 13, 9],
    [19, 14, 81, 66, 10, 15],
    [1, 2, 20, 27, 10, 4],
    [3, 2, 7, 7, 1, 2],
    [3, 1, 4, 3, 0, 2],
    [17, 9, 47, 42, 6, 10],
    [11, 5, 24, 32, 6, 12],
    [7, 3, 13, 3, 3, 3],
    [0, 1, 10, 8, 0, 0],
    [6, 6, 37, 33, 8, 4],
    [24, 7, 74, 69, 13, 5],
    [2, 3, 19, 5, 4, 1],
    [30, 97, 367, 108, 19, 65],
    [229, 270, 1541, 670, 134, 315],
    [156, 112, 926, 364, 110, 243],
    [8, 2, 28, 14, 7, 5]
  ],
  "method": "mult",
  "cond_prob": [
    [
      [0.00011586662792, 0.0071582945487, 0.80423769068, 0.029597910824, 0.15889023732],
      [0.11283883701, 0.0059568302422, 0.021048607609, 0.85690848173, 0.0032472434035],
      [0.013196544225, 0.042477195829, 0.087551034646, 0.81778083014, 0.038994395165],
      [0, 0, 0.94205250982, 0.014979527892, 0.042967962288],
      [5.7897039295e-05, 0.60918323326, 0.079678919849, 0.12281273722, 0.18826721263],
      [0.015821919149, 0.028440649568, 0.015824202451, 0.09543296814, 0.84448026069]
    ],
    [
      [0, 0.014530296526, 0.88283253953, 0.021097516902, 0.081539647044],
      [0, 0.01709205821, 0.0384767264, 0.94443121539, 0],
      [0, 0.13632133495, 0.13860058066, 0.72507808439, 0],
      [4.4152205326e-18, 0.014562279245, 0.97777544675, 0, 0.007662274001],
      [0, 0.85210198124, 0.075189183001, 0.054377535441, 0.018331300323],
      [0, 0.089167569523, 0.037669523565, 0.1028227413, 0.77034016561]
    ],
    [
      [5.0648180771e-05, 0.017310678877, 0.82378655462, 0.022226099559, 0.13662601876],
      [0.26130941955, 0.01438706944, 0.021384035683, 0.70036529565, 0.0025541796782],
      [0.033641503222, 0.13531948391, 0.091176483873, 0.70683413772, 0.033028391274],
      [0, 0.012517026838, 0.95184405603, 0.00091635823421, 0.034722558897],
      [0, 0.771833646, 0.055145631257, 0.066816794585, 0.10620392816],
      [0.0440515827, 0.069385743922, 0.019404311475, 0.087878852619, 0.77927950928]
    ],
    [
      [0, 0.015428468585, 0.82922289107, 0.016887667489, 0.13846097286],
      [0.23931505662, 0.014049031614, 0.025105053825, 0.71845066258, 0.0030801953626],
      [0.027602150181, 0.13495591857, 0.10717708356, 0.69365392681, 0.036610920876],
      [0, 0.0019775530138, 0.96168662458, 0, 0.036335822402],
      [0, 0.76250347302, 0.06081414873, 0.064055369909, 0.11262700834],
      [0.03744943194, 0.064939897154, 0.021781792774, 0.082713451494, 0.79311542664]
    ],
    [
      [4.2840926066e-05, 0.023959214227, 0.83552868409, 0.022347178729, 0.11812208203],
      [0.28316083577, 0.020281949327, 0.021104803445, 0.67387401214, 0.0015783993184],
      [0.03263907442, 0.18920853729, 0.08596355726, 0.66979355704, 0.022395273998],
      [0, 0.023094433044, 0.94872192217, 0.0017783776602, 0.026405267123],
      [0, 0.83279236342, 0.043665859167, 0.050491628902, 0.073050148514],
      [0.048050008641, 0.095834153361, 0.017943321843, 0.089069005585, 0.74910351057]
    ],
    [
      [0.00027845272297, 0.01683070422, 0.83808567953, 0.032869857536, 0.11193530599],
      [0.24968450522, 0.012488618536, 0.018755937937, 0.71907093831, 0],
      [0.034398546503, 0.12054719595, 0.073090045409, 0.76437407247, 0.0075901396716],
      [0, 0.012981335699, 0.94750730814, 0.019727328577, 0.019784027585],
      [0.0001303677186, 0.77713945457, 0.054024421919, 0.081021669525, 0.087684086264],
      [0.051328355708, 0.074962728637, 0.018861223777, 0.11752106722, 0.73732662466]
    ],
    [
      [0.00033188118756, 0.024614423631, 0.78920646805, 0.024164083161, 0.16168314397],
      [0.33201795708, 0.015260488838, 0.016101526016, 0.63410011839, 0.0025199096752],
      [0.042409192451, 0.16286198425, 0.05553501974, 0.70021445511, 0.038979348441],
      [0, 0.025214387125, 0.92230885651, 0.0086934352268, 0.043783321139],
      [0.00013615072834, 0.80324617749, 0.038855322434, 0.056368493957, 0.10139385539],
      [0.045262624561, 0.067065822848, 0.011116526901, 0.073622770899, 0.80293225479]
    ],
    [
      [0.00074718719035, 0.018286719127, 0.81778928053, 0.033109356303, 0.13006745685],
      [0.28791764925, 0.012130996071, 0.012683257179, 0.68713080943, 0.0001372880747],
      [0.044313277471, 0.12105966744, 0.044150150494, 0.77563532907, 0.014841575528],
      [0.0011574026631, 0.014797875398, 0.93138529585, 0.025037403818, 0.027622022272],
      [0.0006804583658, 0.77454156998, 0.046316336725, 0.083832692458, 0.094628942476],
      [0.060012327186, 0.071632691669, 0.010697065832, 0.11553141395, 0.74212650137]
    ],
    [
      [0.00013900926693, 0.018124823363, 0.79471292943, 0.035077581811, 0.15194565612],
      [0.14092786972, 0.01409532626, 0.01561287103, 0.82671474932, 0.002649183665],
      [0.017087333168, 0.12025881468, 0.039794610918, 0.79168231544, 0.031176925799],
      [0, 0.015228858634, 0.9239894784, 0.022305588188, 0.038476074782],
      [4.4575947106e-05, 0.75615427182, 0.0456866592, 0.085154036676, 0.11296045636],
      [0.022949618094, 0.065053986937, 0.0089685577027, 0.10802902815, 0.79499880912]
    ],
    [
      [0.00028273346714, 0.020420012802, 0.8074067106, 0.030084908609, 0.14180563453],
      [0.22181605031, 0.015940478599, 0.015885407955, 0.74420342745, 0.0021546356885],
      [0.028634927111, 0.14348837729, 0.050266486035, 0.74969783216, 0.02791237741],
      [0, 0.019047082113, 0.92955405286, 0.016628876855, 0.034769988175],
      [1.9275738334e-05, 0.78434357288, 0.043617698636, 0.073291809724, 0.098727643023],
      [0.038706983922, 0.075622998079, 0.012149588131, 0.10136860267, 0.7721518272]
    ],
    [
      [0, 0.1148695514, 0, 0.20630236468, 0.67882808392],
      [6.9605779474e-17, 0.01541151748, 0, 0.98286987765, 0.0017186048657],
      [0, 0.095731388889, 0, 0.90426861111, 0],
      [0, 0.64899607253, 0, 0.27862018296, 0.072383744515],
      [1.1796119637e-16, 0.86526239754, 0, 0.073677582854, 0.061060019609],
      [0, 0.049770696595, 0, 0.083673067528, 0.86655623588]
    ],
    [
      [0.00059777019832, 0.032032754153, 0.80526248784, 0.033680674552, 0.12842631325],
      [0.28457203739, 0.021490954097, 0.011199972915, 0.68179797391, 0.00093906168763],
      [0.039864047458, 0.20409155379, 0.01546972564, 0.72538618261, 0.015188490498],
      [0.00033670929398, 0.03623825866, 0.91175081551, 0.023733896371, 0.02794032016],
      [0.00026379571079, 0.84390554005, 0.028965764772, 0.059876013985, 0.066988885486],
      [0.057962019516, 0.11165614, 0.0080292685755, 0.10961658721, 0.71273598469]
    ],
    [
      [0.0022893196045, 0.0710757841, 0.65806658188, 0.021831282386, 0.24673703202],
      [0.55698351075, 0.0385102312, 0, 0.39762792676, 0.0068783312946],
      [0.022009856048, 0.40852807342, 0, 0.49542909736, 0.074032973168],
      [0.15954578322, 0.081080611001, 0.6702514342, 0.010855384807, 0.078266786778],
      [0.00065196738219, 0.91524043929, 0.0035763743138, 0.018968368437, 0.061562850573],
      [0.053653603419, 0.12291442714, 0, 0.039149995892, 0.78428197355]
    ],
    [
      [0.00062937669542, 0.026121464494, 0.76768450562, 0.033152472577, 0.17241218062],
      [0.25802000086, 0.018426533908, 0.0096155683984, 0.70979910646, 0.0041387903762],
      [0.036292047298, 0.1669124969, 0.013547367955, 0.73858824363, 0.044659844218],
      [0.00057676166824, 0.027619345046, 0.90022031872, 0.022155076779, 0.049428497789],
      [0.00031451405094, 0.7969390012, 0.032475810844, 0.066198781895, 0.10407189201],
      [0.042059421082, 0.07784301303, 0.0027138307725, 0.091168343615, 0.7862153915]
    ],
    [
      [0.00066327913158, 0.010348164808, 0.78873377838, 0.034218770253, 0.16603600743],
      [0.22907913916, 0.0065846042535, 0.011589402073, 0.74873229893, 0.0040145555768],
      [0.0336196435, 0.073060557926, 0.043647832472, 0.8097949499, 0.039877016201],
      [0.0012047458308, 0.0047076402386, 0.92064699724, 0.027486337604, 0.045954279083],
      [0.0003874248647, 0.66583325262, 0.062203865101, 0.10878888395, 0.16278657347],
      [0.037622744685, 0.037741313759, 0.0095864084203, 0.097157783639, 0.8178917495]
    ],
    [
      [0.00027219064329, 0.0052004689279, 0.84323297553, 0.036181151682, 0.11511321322],
      [0.16825429193, 0.0039078020518, 0.018900049924, 0.80885088053, 8.6975560981e-05],
      [0.022244841008, 0.037017998676, 0.078445570412, 0.85185961793, 0.010431971979],
      [0, 0, 0.95112329156, 0.029813311868, 0.019063396574],
      [0.00022372605061, 0.62039050025, 0.087525072769, 0.14520317336, 0.14665752757],
      [0.033778167827, 0.034210375721, 0.018719718681, 0.13091533299, 0.78237640478]
    ],
    [
      [0.00038346146269, 0.017003151295, 0.8401017146, 0.042400905167, 0.10011076748],
      [0.16944415399, 0.010764061668, 0.012396817113, 0.80739496723, 0],
      [0.020373368919, 0.098683091691, 0.030951873865, 0.84999166552, 0],
      [0.011568898009, 0.012196530286, 0.93785761658, 0.030823927796, 0.0075530273265],
      [0.00025765417629, 0.7705305138, 0.048551559006, 0.10589518901, 0.074765084009],
      [0.043200765319, 0.08289261762, 0.016073439339, 0.16152326711, 0.69630991061]
    ],
    [
      [0.00010003450833, 0.0075095501906, 0.84826465602, 0.029689523765, 0.11443623552],
      [0.30331787623, 0.0062154909517, 0.016541157346, 0.67278711508, 0.0011383603906],
      [0.035283401015, 0.067391959338, 0.080824776852, 0.79999403085, 0.01650583194],
      [0, 0.00068898974722, 0.96367213911, 0.015401235032, 0.020237636113],
      [0.00021463026143, 0.71600979306, 0.067718329894, 0.10083749118, 0.11521975561],
      [0.048024734603, 0.038015135072, 0.016688572221, 0.10095998305, 0.79631157505]
    ],
    [
      [0, 0.014637159593, 0.84359609898, 0.02261683131, 0.11914991012],
      [0.24276332151, 0.012504689671, 0.023819167906, 0.71950262854, 0.0014101923794],
      [0.030297806147, 0.11893780974, 0.10273043809, 0.72568403884, 0.022349907174],
      [0, 0.0078483943572, 0.96556550173, 0.0010472979053, 0.025538806012],
      [0, 0.76167945702, 0.061128922992, 0.075894828849, 0.10129679114],
      [0.04543425766, 0.069274198239, 0.021787719809, 0.10176897814, 0.76173484615]
    ],
    [
      [0, 0.0061700662453, 0.89281176979, 0.031717779212, 0.069300384756],
      [0.19094241606, 0.0026567096008, 0.024403117531, 0.78199775681, 0],
      [0.023840398032, 0.055856590398, 0.097332361411, 0.81907303533, 0.0038976148246],
      [0, 0, 0.97483900884, 0.016018210898, 0.0091427802623],
      [0.00010779269569, 0.70291131951, 0.08689607136, 0.12663708435, 0.083447732091],
      [0.052768979961, 0.06023319918, 0.027201476152, 0.16966481178, 0.69013153293]
    ],
    [
      [7.3787019316e-06, 0.015726424149, 0.86038498767, 0.026412120089, 0.09746908939],
      [0.24446078246, 0.012392413816, 0.022593173508, 0.72039470551, 0.0001589247061],
      [0.031755126926, 0.11927797858, 0.093700976601, 0.74297159745, 0.012294320444],
      [0, 0.0095857629158, 0.96411973774, 0.0087364177053, 0.017558081642],
      [7.9197389502e-05, 0.77855061843, 0.059988962178, 0.079717381634, 0.081663840364],
      [0.055197197274, 0.082572772943, 0.022703794213, 0.12432745091, 0.71519878466]
    ],
    [
      [0.00085813550674, 0.044848848177, 0.63300444475, 0.024648720537, 0.29663985103],
      [0.54656617051, 0.021319186107, 0, 0.41127947321, 0.02083517017],
      [0, 0.26057425786, 0, 0.58388796276, 0.15553777938],
      [0.22671691474, 0.14770897044, 0.5, 0.013208524272, 0.11236559054],
      [4.1957100549e-05, 0.96921802923, 0.0025926050048, 0.006491121478, 0.021656287185],
      [0, 0.059908662932, 0, 0.029487850849, 0.91060348622]
    ],
    [
      [0.00050582959332, 0.008196516481, 0.82984035486, 0.022668659752, 0.13878863931],
      [0.29824904257, 0.0068943152593, 0.022157645032, 0.67021408016, 0.0024849169751],
      [0.044937547105, 0.078577863178, 0.0993143985, 0.74361342172, 0.033556769496],
      [0.00013252984094, 0.0028966089081, 0.95705371889, 0.0051274703323, 0.034789672028],
      [0.00033411366564, 0.68778635977, 0.07306557008, 0.094548485359, 0.14426547113],
      [0.054302127169, 0.044011334667, 0.019474055742, 0.091851887826, 0.7903605946]
    ],
    [
      [0.0016156830295, 0.013602079033, 0.79049612378, 0.036481591607, 0.15780452255],
      [0.3399433469, 0.0079768407614, 0.0064452217775, 0.64420882558, 0.0014257649792],
      [0.056945388063, 0.090952909482, 0.021269190555, 0.80405732112, 0.026775190779],
      [0.002066562373, 0.010861974308, 0.92485899805, 0.02492483884, 0.037287626426],
      [0.00052796191152, 0.73509824674, 0.049253236312, 0.089336317421, 0.12578423761],
      [0.05187011171, 0.038964557538, 0.00912154525, 0.079862785686, 0.82018099982]
    ],
    [
      [0.0007266981417, 0.0099439277013, 0.82924996209, 0.02423215724, 0.13584725483],
      [0.32617284267, 0.0078214446087, 0.019417722459, 0.64455395648, 0.0020340337819],
      [0.051407302533, 0.085215528089, 0.090286246413, 0.74265192564, 0.030438997328],
      [0.00061660746418, 0.0033737238689, 0.95791107367, 0.0050044977123, 0.033094097283],
      [0.00041228179492, 0.69778631635, 0.070197368464, 0.093943714784, 0.13766031861],
      [0.063140385741, 0.047074932602, 0.018165803354, 0.094435649596, 0.77718322871]
    ],
    [
      [0.00019778227241, 0.017270964672, 0.84308866123, 0.029925967618, 0.10951662421],
      [0.2209243355, 0.013435981481, 0.019349375639, 0.74521217041, 0.001078136964],
      [0.028794583105, 0.12349128473, 0.074790760513, 0.75748258706, 0.015440784593],
      [0, 0.012465254402, 0.94979713631, 0.016256384477, 0.021481224815],
      [6.9110154104e-05, 0.77999461679, 0.054853958663, 0.079698072748, 0.085384241648],
      [0.04620368693, 0.080529487977, 0.019237347443, 0.12018513912, 0.73384433853]
    ],
    [
      [0, 0.012371684181, 0.783791394, 0.025413059335, 0.17842386248],
      [0.078903496574, 0.0127265144, 0.020960522576, 0.88347544207, 0.0039340243817],
      [0.0082062283984, 0.10138097808, 0.067100168361, 0.77497019584, 0.04834242932],
      [0, 0.0086220177676, 0.93059181243, 0.0080685120819, 0.052717657716],
      [2.4129964712e-05, 0.71031137925, 0.055145228453, 0.084641580736, 0.14987768159],
      [0.009339278923, 0.045358658354, 0.012285785644, 0.082958445151, 0.85005783193]
    ],
    [
      [0.00033896740072, 0.012545440577, 0.80050112768, 0.028534794773, 0.15807966957],
      [0.22387913588, 0.010259123249, 0.01786714251, 0.74462163483, 0.0033729635278],
      [0.030629247359, 0.095287751881, 0.065212410317, 0.7664550486, 0.042415541847],
      [3.2342818824e-05, 0.0079392997939, 0.93445627508, 0.013240704356, 0.044331377954],
      [0.00020105502717, 0.70970838356, 0.059035554762, 0.089934037636, 0.14112096901],
      [0.036123460344, 0.048400614964, 0.013262308952, 0.092430834799, 0.80978278094]
    ],
    [
      [0, 0.017387154343, 0.80584511206, 0.019603509758, 0.15716422384],
      [0.10657394661, 0.017073798825, 0.024287638272, 0.84802981045, 0.0040348058477],
      [0.0090363588822, 0.14854071856, 0.085156892817, 0.7149638108, 0.042302218938],
      [0, 0.0036981792569, 0.94974159731, 0, 0.04656022343],
      [0, 0.76758944387, 0.050416671526, 0.065657969023, 0.11633591558],
      [0.01320948896, 0.063080768269, 0.016456084746, 0.080477626583, 0.82677603144]
    ],
    [
      [0.00034470721524, 0.027371260877, 0.78820013702, 0.046765278685, 0.1373186162],
      [0.17151021689, 0.014216389497, 0.0092544415322, 0.80426616326, 0.00075278881389],
      [0.013987879076, 0.13504890056, 0.0086426012945, 0.84232061907, 0],
      [4.7854582196e-05, 0.022175208984, 0.92314853572, 0.023136735114, 0.031491665598],
      [0.00010775290314, 0.8349542333, 0.025257296617, 0.076162117177, 0.063518600008],
      [0.08459146154, 0.088099044733, 0.0071250020198, 0.13632782576, 0.68385666595]
    ],
    [
      [8.6736173799e-18, 0, 0.98681597089, 0.013184029106, 0],
      [0, 0, 0.37861847319, 0.62138152681, 0],
      [0, 0, 0.091059283721, 0.90894071628, 0],
      [0, 0, 1, 0, 0],
      [0, 0, 0.59356256081, 0.40643743919, 0],
      [0, 0, 0.27058201962, 0.72941798038, 0]
    ],
    [
      [0.0017681933706, 0.021580296956, 0.76617153699, 0.030733873206, 0.17974609948],
      [0.3487620802, 0.013768759524, 0.010867711746, 0.62222927857, 0.0043721699601],
      [0.053796214798, 0.14164183807, 0.035730914965, 0.72043941602, 0.048391616148],
      [0.0020354280498, 0.019918083401, 0.90584557598, 0.018563398211, 0.053637514358],
      [0.00056680733732, 0.77647880751, 0.03947410068, 0.065301130116, 0.11817915435],
      [0.054386147053, 0.060487929462, 0.0068065488757, 0.077173554096, 0.80114582051]
    ],
    [
      [8.3295452291e-05, 0.021405653538, 0.74863390818, 0.040017134104, 0.18986000872],
      [0.10102478493, 0.016101008288, 0.0034679899057, 0.87572719205, 0.0036790248289],
      [0.010577487415, 0.12726207167, 0.00013274380208, 0.82644783689, 0.035579860226],
      [0, 0.019311696293, 0.90488782249, 0.026345665597, 0.049454815619],
      [0, 0.76904563256, 0.032195193403, 0.083317432973, 0.11544174107],
      [0.013904638573, 0.059140996433, 0.0047160737286, 0.098145074418, 0.82409321685]
    ],
    [
      [0.00030688168608, 0.0180948652, 0.84562974029, 0.027229683541, 0.10873882928],
      [0.28080829317, 0.013574618974, 0.019935795851, 0.68520964888, 0.00047164312753],
      [0.039207347012, 0.13223155452, 0.082088875804, 0.73115483519, 0.015317387475],
      [0, 0.013718447466, 0.95314192894, 0.011750467198, 0.021389156395],
      [0.0001643935851, 0.78927112557, 0.053964446919, 0.073129411063, 0.083470622864],
      [0.060298738145, 0.08298823944, 0.019907290946, 0.11273511241, 0.72407061905]
    ],
    [
      [0, 0.0025663652654, 0.93245790149, 0.018147859026, 0.04682787422],
      [0, 0.0034603323675, 0.024498015269, 0.97078061904, 0.0012610333207],
      [0, 0, 0.060162906325, 0.93983709367, 0],
      [0, 0, 0.96708317243, 0.032916827567, 0],
      [0, 0.33333333333, 0.44567557229, 0.22099109437, 0],
      [0, 0, 0.14266413554, 0.19066919779, 0.66666666667]
    ],
    [
      [0, 0.029134237361, 0.87531701767, 0.022773491553, 0.072775253416],
      [0.32937219808, 0.018383686559, 0.020996069035, 0.63124804633, 0],
      [0.026382391405, 0.17992132685, 0.08749014234, 0.70393542563, 0.0022707137753],
      [0, 0.021547108882, 0.96091231186, 0.0095829238121, 0.007957655445],
      [0, 0.88600187203, 0.033547785537, 0.040034391038, 0.040415951391],
      [0.051907040595, 0.09847247677, 0.020748720934, 0.093539020522, 0.73533274118]
    ],
    [
      [6.3182210458e-06, 0.034681951951, 0.7577137194, 0.044094013012, 0.16350399742],
      [0.12195738233, 0.029552051619, 0, 0.84849056605, 0],
      [0.0039933562075, 0.18928336187, 0, 0.79030561534, 0.016417666582],
      [0.060865145353, 0.031842927602, 0.84151027703, 0.025577686834, 0.040203963179],
      [0, 0.83836743709, 0.021929098486, 0.067156854344, 0.072546610082],
      [0.022227901043, 0.10111292205, 0.0051260758718, 0.11636116806, 0.75517193298]
    ],
    [
      [0, 0.023912524075, 0.81844016201, 0.015751832371, 0.14189548155],
      [0.38308021259, 0.016976094393, 0.017554121029, 0.57938606279, 0.0030035092014],
      [0.043178176809, 0.1780775333, 0.076786659025, 0.66528200792, 0.03667562294],
      [0, 0.018032367168, 0.94416601296, 0, 0.037801619872],
      [0, 0.81508599318, 0.045861085115, 0.042301068948, 0.096751852761],
      [0.053302844429, 0.06904249262, 0.013779140036, 0.066720657138, 0.79715486578]
    ],
    [
      [0, 0.014797371129, 0.7781753378, 0.03525186336, 0.17177542771],
      [0, 0.013559479262, 0.020065070904, 0.96321575581, 0.0031596940256],
      [0, 0.10149450744, 0.036437352842, 0.82361301592, 0.038455123795],
      [0, 0.011127235941, 0.9106754912, 0.031660524148, 0.046536748712],
      [0, 0.72611684118, 0.047310183047, 0.090825737094, 0.13574723868],
      [0, 0.048295179362, 0.0093500176978, 0.093633302589, 0.84872150035]
    ],
    [
      [0.0002058852166, 0.010606329189, 0.83495448417, 0.039783306199, 0.11444999523],
      [0.15265251308, 0.006439201281, 0.015581151234, 0.8253271344, 0],
      [0.020614619281, 0.074873086631, 0.056679302931, 0.83888759237, 0.0089453987824],
      [0, 0.0058479649158, 0.94344618765, 0.027944751038, 0.022761096398],
      [0.00013374802564, 0.71042069773, 0.064687419779, 0.11425655033, 0.11050158413],
      [0.032481156606, 0.05575381787, 0.016881243443, 0.136022278, 0.75886150409]
    ],
    [
      [0, 0, 0.85784762246, 0.024249663012, 0.11790271453],
      [6.0932162094e-17, 0, 0.013353686404, 0.98481906427, 0.0018272493263],
      [0, 0, 0.028930881697, 0.9667886838, 0.0042804345076],
      [0, 0, 0.95660367745, 0.032517303441, 0.010879019105],
      [0, -0, 0.18164066676, 0.35501280929, 0.46334652395],
      [0, 0, 0, 0.034599341733, 0.96540065827]
    ],
    [
      [0, 0.034677397089, 0.84124185497, 0.022330448218, 0.10175029972],
      [0.2458367638, 0.02867384524, 0.02025500683, 0.7051944888, 3.9895336754e-05],
      [0.0228538781, 0.23634782744, 0.070445686618, 0.65811067003, 0.012241937821],
      [0, 0.034249757492, 0.94181480393, 0.0050406884433, 0.018894750136],
      [0, 0.87322331407, 0.033804815917, 0.042509864598, 0.05046200541],
      [0.043931849237, 0.13342276316, 0.017977488655, 0.099461452249, 0.7052064467]
    ],
    [
      [0, 0.010556190376, 0.90703220789, 0.036894304654, 0.045517297077],
      [5.9609708166e-33, 0.0023353364275, 0.027969509755, 0.96969515382, 0],
      [0, 0.024582889573, 0.11844942058, 0.85696768985, 0],
      [0, 0, 0.96289372448, 0.037106275517, 0],
      [0, 0.7648927419, 0.075406295759, 0.11451316216, 0.045187800185],
      [0, 0.17422371194, 0.19493970979, 0.240639294, 0.39019728426]
    ],
    [
      [0, 0.017897703343, 0.87786059998, 0.017547219377, 0.086694477301],
      [1.0928757899e-16, 0.022205056962, 0.026720048263, 0.9485596077, 0.0025152870753],
      [0, 0.16848702897, 0.10822271614, 0.72329025489, 0],
      [0, 0.015258528797, 0.96744751222, 0.0051590053305, 0.012134953656],
      [0, 0.8672674232, 0.038922653, 0.04081303448, 0.052996889318],
      [2.8449465006e-17, 0.11358691103, 0.03486345546, 0.084341888296, 0.76720774521]
    ],
    [
      [0.00095840539111, 0.032748233252, 0.80074805291, 0.044249679063, 0.12129562939],
      [0.28795657984, 0.019836186252, 0.002817802504, 0.6893894314, 0],
      [0.024152277268, 0.18696320929, 0, 0.78888451344, 0],
      [0.031647380055, 0.037663492117, 0.86837980653, 0.046038952282, 0.016270369018],
      [0.00050283031052, 0.85269506373, 0.022727905247, 0.066750060043, 0.05732414067],
      [0.061044393352, 0.11346216813, 0, 0.13510349991, 0.69038993861]
    ],
    [
      [0.00057292549305, 0.019210625882, 0.83252117002, 0.036778674045, 0.11091660456],
      [0.2392673636, 0.013301071035, 0.013626720567, 0.73358105904, 0.00022378576216],
      [0.033583010367, 0.12519363592, 0.043086886216, 0.78591366545, 0.012222802051],
      [0.00051770675775, 0.016189152171, 0.9323121374, 0.02917097618, 0.02181002749],
      [0.00026817742831, 0.78872411718, 0.047882295752, 0.082399531728, 0.080725877911],
      [0.052596047875, 0.082120760962, 0.015639192446, 0.12663867122, 0.7230053275]
    ],
    [
      [0, 0.013722101342, 0.84866154355, 0.021975558764, 0.11564079634],
      [0.25861852614, 0.011961866008, 0.022665075002, 0.70533731709, 0.0014172157559],
      [0.033168438195, 0.11594825488, 0.10110658153, 0.72812654867, 0.021650176724],
      [0, 0.0062483219262, 0.96956881011, 0.00018022948446, 0.024002638474],
      [2.9443944227e-05, 0.76150438488, 0.062050091419, 0.076872871873, 0.099543207883],
      [0.049929308367, 0.068873800078, 0.021364478307, 0.10374404745, 0.75608836579]
    ],
    [
      [0.00033456611146, 0.010556437094, 0.75859290724, 0.033758890577, 0.19675719898],
      [0.19916712641, 0.0070393812701, 0.0096651009577, 0.7782924848, 0.0058359065567],
      [0.025760443726, 0.069804788788, 0.020426107662, 0.82586239503, 0.058146264791],
      [0.00016354562958, 0.007150445176, 0.91176268559, 0.023698614082, 0.057224709527],
      [0.00020605195006, 0.65933990415, 0.053746997911, 0.10518069259, 0.1815263534],
      [0.024953477164, 0.029627073599, 0.0041998409065, 0.08189922098, 0.85932038735]
    ],
    [
      [0.0014801180636, 0.0146228184, 0.8236371018, 0.030570786502, 0.12968917523],
      [0.47060577415, 0.0071944002389, 0.0079792935987, 0.51383666965, 0.00038386236844],
      [0.087480293905, 0.098397072179, 0.027819203529, 0.77108282845, 0.015220601937],
      [0.0040782019799, 0.010706981111, 0.93390296704, 0.024167257762, 0.027144592101],
      [0.001012475867, 0.78166620031, 0.044714635926, 0.077304836913, 0.095301850985],
      [0.092714188607, 0.048810623151, 0.0073282783946, 0.091207887982, 0.75993902187]
    ],
    [
      [0.011566341765, 0.041993709437, 0.69929750242, 0.026686730956, 0.22045571542],
      [0.58094473116, 0.029419093485, 0, 0.3733241676, 0.016312007754],
      [0.079617857868, 0.25233245327, 0, 0.60065358151, 0.067396107357],
      [0.12869877762, 0.052325178815, 0.72028099903, 0.022361178835, 0.076333865698],
      [0.0036931699417, 0.90627851737, 0, 0.024884717569, 0.065143595116],
      [0.054569458866, 0.07292808481, 0, 0.04302096725, 0.82948148907]
    ],
    [
      [0, 0, 0.56499233747, 0.047895527397, 0.38711213514],
      [5.2909066017e-17, 0, 0.010792237021, 0.98389314232, 0.0053146206545],
      [2.4665097888e-17, 0, 0, 1, 0],
      [0, 0, 0.77227198968, 0.14955269827, 0.078175312049],
      [0, 0, 0.059095846741, 0.2517231889, 0.68918096436],
      [0, 0, 0, 0, 1]
    ],
    [
      [0.00083381546065, 0.0077702846953, 0.74451441492, 0.030513132285, 0.21636835263],
      [0.39205486342, 0.0050131202421, 0.012841233707, 0.5874565409, 0.0026342417291],
      [0.06191205151, 0.055944972229, 0.046859673733, 0.79208112726, 0.043202175269],
      [0.00091735313542, 0.0047068894794, 0.91577955946, 0.024053857675, 0.054542340252],
      [0.00055931091103, 0.57905883626, 0.066837299874, 0.11309689415, 0.2404476588],
      [0.044687151574, 0.018485677804, 0.0078509545466, 0.057296551419, 0.87167966466]
    ],
    [
      [0.00057155603488, 0.013577190019, 0.85486539297, 0.030307023651, 0.10067883732],
      [0.27902672269, 0.0092068546956, 0.021681992705, 0.69008442991, 0],
      [0.041873335377, 0.10377262195, 0.087452717461, 0.76152723105, 0.005374094166],
      [0.00039121713998, 0.0060897353985, 0.96153896369, 0.018599902389, 0.013380181385],
      [0.00034620136325, 0.76380015468, 0.062796966033, 0.086674922636, 0.086381755283],
      [0.064746259698, 0.072237230678, 0.022863108966, 0.12350441137, 0.71664898929]
    ],
    [
      [0.00078748112704, 0.013454269811, 0.80939348004, 0.025533045628, 0.15083172339],
      [0.314980901, 0.010189800882, 0.016793274599, 0.65451672897, 0.0035192945433],
      [0.047319721017, 0.10668274534, 0.068884871638, 0.73491129224, 0.04220136976],
      [0.00064392391739, 0.0090590459147, 0.93818710109, 0.0095818857176, 0.042528043362],
      [0.00038520348736, 0.7391351216, 0.055762053741, 0.078972270857, 0.12574535032],
      [0.05494754277, 0.052947000016, 0.013827046343, 0.086979641657, 0.79129876921]
    ],
    [
      [0, 0.032348496057, 0.88881926236, 0.047872216019, 0.030960025563],
      [6.0498481225e-17, 0.019589822112, 0.015083868791, 0.96435503182, 0.00097127727217],
      [0, 0.11427989478, 0.049018713046, 0.83670139217, 0],
      [0, 0, 0.94603416193, 0.05396583807, 0],
      [0, 1, 0, 0, 0],
      [6.8244739539e-18, 0.3124059098, 0.03602813732, 0.16704596566, 0.48451998722]
    ],
    [
      [0.00048092214452, 0.040919802754, 0.82432408556, 0.023844225959, 0.11043096358],
      [0.38422792641, 0.030475758767, 0.01405925948, 0.57020864787, 0.0010284074699],
      [0.048991221119, 0.30970270548, 0.03175609351, 0.59546399583, 0.014085984054],
      [0, 0.053182793847, 0.91742171828, 0.0063971048517, 0.022998383026],
      [0, 0.9005324648, 0.023072226014, 0.033061026281, 0.043334282907],
      [0.075181634033, 0.15870018167, 0.012371968739, 0.087241992484, 0.66650422307]
    ],
    [
      [0, 0.0080305541287, 0.80712066475, 0.004811841585, 0.18003693954],
      [0.29320557664, 0.012070871293, 0.023041602426, 0.66765041, 0.0040315396431],
      [0.026720187905, 0.10495565113, 0.19835846673, 0.61210302433, 0.057862669916],
      [0, 0, 0.93335048605, 0, 0.066649513954],
      [0, 0.72281889723, 0.062862159603, 0.057108151713, 0.15721079145],
      [0.028444407597, 0.039325723927, 0.019128308868, 0.050613918376, 0.86248764123]
    ],
    [
      [5.5833744331e-34, 0.065550455611, 0.74460317056, 0.031726183836, 0.15812018999],
      [0, 0.034086613153, 0.015714773086, 0.94722742654, 0.0029711872251],
      [0, 0.25715203439, 0, 0.71442211747, 0.028425848135],
      [2.1071092995e-19, 0.10601230635, 0.83839437357, 0.016193606039, 0.039399714046],
      [0, 0.87866781222, 0.0021065285671, 0.04887253441, 0.070353124802],
      [0, 0.12073262446, 0, 0.093195578808, 0.78607179674]
    ],
    [
      [0.0014366773944, 0.016404776079, 0.78252165648, 0.036995106205, 0.16264178384],
      [0.36365766429, 0.0098056542388, 0.0096012135249, 0.61476570575, 0.0021697621878],
      [0.051461500005, 0.11142962323, 0.040970529261, 0.76452189848, 0.031616449018],
      [0.0029429849766, 0.012799328513, 0.90306806583, 0.039841227074, 0.041348393609],
      [0.00087862288964, 0.76583982128, 0.039187880569, 0.079143474357, 0.11495020091],
      [0.052023011388, 0.047922265526, 0.0094138424492, 0.077001840518, 0.81363904012]
    ],
    [
      [0, 0.017780044625, 0.81757724456, 0.0083268952862, 0.15631581553],
      [0.34926093682, 0.016871075192, 0.024813137861, 0.6052927276, 0.0037621225247],
      [0.039703149708, 0.17769633419, 0.14963640257, 0.58067457657, 0.052289536968],
      [0, 0, 0.95225438212, 0, 0.047745617881],
      [0, 0.78566417269, 0.057072090658, 0.040942659913, 0.11632107674],
      [0.044542136749, 0.064403745269, 0.019243821061, 0.056085134564, 0.81572516236]
    ],
    [
      [0, 0.027207488925, 0.76592246532, 0.018858399509, 0.18801164625],
      [0.22912123294, 0.019783755144, 0.017347450613, 0.7285571519, 0.0051904093995],
      [0.025617839371, 0.18041608801, 0.048465266112, 0.68491951442, 0.06058129209],
      [0, 0.028698352328, 0.90912484528, 0, 0.062176802391],
      [0, 0.78979536679, 0.034813706478, 0.051014652321, 0.12437627441],
      [0.028011897963, 0.06842506906, 0.0078673770851, 0.067198175373, 0.82849748052]
    ],
    [
      [0, 0.013014040716, 0.84045274, 0.01143395676, 0.13509926252],
      [0.30457056305, 0.012953411954, 0.030071121705, 0.64922497312, 0.0031799301736],
      [0.032572140723, 0.12929041882, 0.18053026414, 0.61710094598, 0.040506230346],
      [0, 0, 0.96367064013, 0, 0.036329359865],
      [0, 0.75745052157, 0.070783158322, 0.053073967197, 0.11869235291],
      [0.043539123997, 0.058527361272, 0.025925555877, 0.066669167685, 0.80533879117]
    ],
    [
      [0.00097702937419, 0.022341660949, 0.837039688, 0.03211941078, 0.10752221089],
      [0.47304760921, 0.010087973321, 0.011152271222, 0.50463293384, 0.0010792124085],
      [0.070871080653, 0.14902931982, 0.029843256654, 0.74404359171, 0.0062127511624],
      [0.00060816542614, 0.024141711436, 0.93196941787, 0.02396802175, 0.019312683522],
