{
  "X": [
    [2, 1, 9, 21, 2],
    [0, 0, 2, 8, 2],
    [48, 82, 372, 801, 68],
    [31, 63, 238, 1030, 69],
    [29, 46, 156, 196, 30],
    [19, 50, 182, 373, 35],
    [20, 52, 241, 317, 18],
    [34, 38, 157, 145, 20],
    [25, 26, 130, 143, 24],
    [20, 29, 117, 150, 20],
    [31, 32, 149, 198, 31],
    [44, 38, 293, 309, 24],
    [24, 31, 187, 157, 24],
    [20, 41, 139, 406, 32],
    [36, 40, 192, 878, 55],
    [3, 4, 21, 12, 8],
    [1, 28, 50, 94, 8],
    [33, 100, 308, 432, 44],
    [18, 65, 212, 248, 29],
    [34, 99, 324, 482, 40],
    [1, 6, 9, 16, 2],
    [30, 97, 316, 725, 59],
    [56, 109, 415, 540, 58],
    [1, 6, 8, 40, 3],
    [37, 40, 180, 1000, 78],
    [41, 57, 319, 1333, 82],
    [11, 29, 98, 300, 18],
    [13, 26, 156, 602, 59],
    [32, 80, 277, 426, 58],
    [5, 18, 73, 89, 19],
    [7, 17, 52, 128, 10],
    [0, 1, 23, 46, 5],
    [0, 1, 1, 21, 0],
    [0, 1, 4, 20, 4],
    [429, 645, 2741, 5768, 508],
    [48, 103, 299, 525, 62],
    [106, 243, 609, 1175, 155],
    [7, 86, 135, 239, 21]
  ],
  "W": [
    [4, 3, 9, 14, 3, 2],
    [2, 2, 1, 7, 0, 0],
    [69, 131, 301, 720, 113, 37],
    [85, 94, 211, 923, 81, 37],
    [18, 68, 136, 165, 44, 26],
    [36, 87, 141, 326, 46, 23],
    [14, 90, 201, 265, 45, 33],
    [23, 32, 159, 111, 53, 16],
    [22, 26, 134, 119, 38, 9],
    [11, 35, 109, 136, 35, 10],
    [20, 40, 148, 183, 39, 11],
    [27, 50, 279, 260, 78, 14],
    [24, 53, 163, 129, 41, 13],
    [22, 70, 115, 369, 44, 18],
    [68, 63, 156, 806, 86, 22],
    [2, 8, 18, 13, 5, 2],
    [4, 44, 33, 91, 2, 7],
    [33, 149, 239, 388, 65, 43],
    [24, 91, 192, 201, 29, 35],
    [33, 143, 316, 390, 47, 50],
    [0, 5, 7, 18, 2, 2],
    [59, 157, 262, 628, 70, 51],
    [49, 188, 342, 448, 85, 66],
    [3, 12, 7, 31, 2, 3],
    [92, 67, 163, 903, 76, 34],
    [85, 80, 292, 1224, 105, 46],
    [25, 52, 77, 270, 23, 9],
    [61, 40, 149, 542, 48, 16],
    [47, 112, 250, 346, 79, 39],
    [16, 33, 60, 73, 13, 9],
    [11, 26, 34, 125, 8, 10],
    [2, 8, 21, 39, 3, 2],
    [0, 0, 1, 21, 0, 1],
    [2, 0, 6, 18, 2, 1],
    [497, 1080, 2312, 5086, 757, 359],
    [47, 141, 268, 467, 77, 37],
    [90, 279, 581, 1069, 159, 110],
    [21, 146, 81, 207, 12, 21]
  ],
  "method": "mvn_cdf",
  "mvncdf_method": "genz",
  "mvncdf_samples": 5000,
  "mvncdf_error": 1e-06,
  "cond_prob": [
    [
      [0.0011765987083, 1.2948797513e-05, 0.0022587515201, 0.8504436583, 0.14610804268],
      [0.00022728471564, 0.21660875057, 0.47959672625, 0.28038785106, 0.023179387406],
      [0.069832481879, 0.020561439451, 0.73201879739, 0.12624798165, 0.05133929963],
      [6.7610498339e-05, 4.156002176e-06, 0.00065200493875, 0.99001664965, 0.0092595789134],
      [0.35484262397, 0.00016538258789, 0.1939236564, 0.35401193473, 0.09705640232],
      [0.0057261897574, 0.085971665351, 0.16767621689, 0.62880182274, 0.11182410527]
    ],
    [
      [9.7535504649e-09, 4.1345808482e-07, 0.00018971746932, 0.27706488292, 0.7227449764],
      [3.5148885237e-08, 0.03508613767, 0.61398196983, 0.22031839135, 0.13061346601],
      [5.1871507916e-33, 0.0050902821894, 0.73191579133, 0.067273780505, 0.19572014598],
      [2.1179826198e-09, 3.1302733383e-07, 0.00012932768328, 0.94648912363, 0.053381233537],
      [0.34217983965, 0.0006606544297, 0.33734752072, 0.19727707457, 0.12253491063],
      [1.423265951e-09, 2.0915859344e-06, 0.00017171114887, 0.36779601598, 0.63203017986]
    ],
    [
      [0.0025427908131, 0.00010325569335, 0.0093377663757, 0.69091579278, 0.29710039434],
      [0.00013397403168, 0.41763283381, 0.48753045689, 0.079797735227, 0.014905000044],
      [0.044160692717, 0.049866014548, 0.82543449971, 0.042581704041, 0.037957088982],
      [0.0001815463731, 4.1082786595e-05, 0.0033466943546, 0.9724275582, 0.024003118283],
      [0.30374651172, 0.00069283326476, 0.40091295023, 0.18231645261, 0.11233125218],
      [0.0056473900827, 0.31954962897, 0.3080011062, 0.25926837381, 0.10753350093]
    ],
    [
      [0.0015175690989, 6.7219184975e-05, 0.0050720142487, 0.738198289, 0.25514490846],
      [0.00012579097795, 0.42890029254, 0.41696735091, 0.13389656017, 0.0201100054],
      [0.045021223965, 0.055457067384, 0.76643944163, 0.077512725217, 0.055569541805],
      [0.00010210963706, 2.5203515653e-05, 0.0017131357571, 0.97872282457, 0.01943672652],
      [0.26273730525, 0.00065274481775, 0.31526833895, 0.2817517972, 0.13958981378],
      [0.0045050234445, 0.27827069224, 0.2236377238, 0.37015571658, 0.12343084394]
    ],
    [
      [0.0037038872468, 9.3150295221e-05, 0.0073290623306, 0.62725772128, 0.36161617885],
      [0.00022849028239, 0.44474973783, 0.44982274841, 0.084173333665, 0.021025689809],
      [0.076412367192, 0.053358538136, 0.77068838017, 0.04536415183, 0.054176562673],
      [0.00028768940921, 4.0345436083e-05, 0.0028584064527, 0.96528545859, 0.031528100114],
      [0.42181597348, 0.00058648125497, 0.29595322821, 0.15422488615, 0.1274194309],
      [0.0090953251386, 0.32037712155, 0.26786499285, 0.25889681099, 0.14376574947]
    ],
    [
      [0.0020881166142, 8.8470985304e-05, 0.0079542071206, 0.69276122053, 0.29710798475],
      [0.0001263291417, 0.41315548749, 0.47855266943, 0.091180445226, 0.016985068711],
      [0.041967266054, 0.049463748008, 0.81610828123, 0.048927013068, 0.043533691638],
      [0.00014849993962, 3.507206579e-05, 0.00284001021, 0.97314826128, 0.023828156502],
      [0.2831589801, 0.00066892492135, 0.38555020877, 0.20470342456, 0.12591846165],
      [0.0051073903974, 0.30259909819, 0.28954217606, 0.28489182786, 0.11785950749]
    ],
    [
      [0.0019017081897, 7.6446389553e-05, 0.0078198545321, 0.79615039778, 0.19405159311],
      [0.0001222585174, 0.37778574911, 0.498877511, 0.11136106642, 0.011853414956],
      [0.03953974013, 0.044150552438, 0.82853309284, 0.058189688404, 0.02958692619],
      [0.00011906996397, 2.6677069126e-05, 0.0024579401491, 0.98366773942, 0.013728573395],
      [0.26959921598, 0.00060527190065, 0.39677819785, 0.24649327304, 0.08652404124],
      [0.0048739243054, 0.27317772819, 0.29785179476, 0.34313398274, 0.080962570005]
    ],
    [
      [0.0041751258398, 0.00017961135606, 0.0089374793703, 0.71265276616, 0.27405501727],
      [0.00016835441719, 0.56848621861, 0.35864309404, 0.062260500316, 0.010441832611],
      [0.070415370645, 0.084414025071, 0.76949321399, 0.042012756928, 0.03366463337],
      [0.00028864704417, 6.9219077039e-05, 0.003101827204, 0.97521470435, 0.021325602321],
      [0.4278671879, 0.0010217187523, 0.32610797128, 0.15771186658, 0.087291255492],
      [0.0075136657106, 0.45834011267, 0.23963544027, 0.21464916139, 0.079861619956]
    ],
    [
      [0.0038005765271, 0.00013501480439, 0.0084221411731, 0.63198231373, 0.35565995377],
      [0.0001831044701, 0.51344527168, 0.40464474717, 0.065672050017, 0.016054826657],
      [0.068624626011, 0.06798084005, 0.77736143942, 0.039668931483, 0.046364163036],
      [0.00029254529708, 5.7941327806e-05, 0.0032544366791, 0.96570994747, 0.030685129226],
      [0.41117046928, 0.00080745424379, 0.32322856275, 0.14644531521, 0.11834819851],
      [0.0078480559468, 0.39666337175, 0.25938981064, 0.2178049243, 0.11829383737]
    ],
    [
      [0.0034736310582, 0.00014161096192, 0.009203902685, 0.61159539069, 0.37558546461],
      [0.00015775413716, 0.5065469802, 0.41748948261, 0.059872579532, 0.015933203518],
      [0.05850326983, 0.066513122874, 0.79368276012, 0.035770213753, 0.045530633425],
      [0.00027493215021, 6.2510407924e-05, 0.0036575134645, 0.9628066514, 0.033198392578],
      [0.37744956201, 0.00084942810293, 0.35460968722, 0.14200411339, 0.12508720928],
      [0.0068852756847, 0.39888480113, 0.27243157769, 0.20216756401, 0.11963078149]
    ],
    [
      [0.0052337825955, 0.00012420652358, 0.0090996973167, 0.55028131409, 0.43526099947],
      [0.00025682824267, 0.47642635462, 0.44481381484, 0.058493447765, 0.020009554533],
      [0.086989387966, 0.057418625741, 0.7714628299, 0.031926117659, 0.05220303873],
      [0.00045645684292, 6.0404403013e-05, 0.0039844975607, 0.95298639676, 0.04251224443],
      [0.47699362681, 0.00062408521087, 0.29328507928, 0.10746128744, 0.12163592126],
      [0.010938396872, 0.36663362129, 0.28340175424, 0.19251181595, 0.14651441165]
    ],
    [
      [0.0033575089292, 0.00010403349558, 0.010082556799, 0.75294576717, 0.2335101336],
      [0.00016864025655, 0.40378389967, 0.50249394367, 0.082406047127, 0.011147469283],
      [0.054163394433, 0.046702693955, 0.82868712087, 0.042802211413, 0.027644579326],
      [0.00022115536339, 3.8188127815e-05, 0.0033337128297, 0.979027213, 0.017379730681],
      [0.35862870004, 0.00062224508808, 0.38609057506, 0.17611112232, 0.078547357483],
      [0.0072421771588, 0.31431469059, 0.32327805794, 0.27320345471, 0.081961619608]
    ],
    [
      [0.0036206642498, 0.0001024504677, 0.01129784733, 0.65084495363, 0.33413408432],
      [0.00017314621941, 0.37962006854, 0.53772936178, 0.067435053455, 0.015042370008],
      [0.052584000213, 0.041385999137, 0.83774438326, 0.033054711867, 0.035230905524],
      [0.00027156361707, 4.2841624291e-05, 0.0042541998285, 0.9672788202, 0.028152574726],
      [0.35875059014, 0.0005637476563, 0.39875273965, 0.13928502257, 0.10264789999],
      [0.0075634043421, 0.30039140698, 0.35150405727, 0.22772093503, 0.11282019638]
    ],
    [
      [0.0020047865473, 7.1939375005e-05, 0.0058081355296, 0.69707088274, 0.29504425581],
      [0.00015241482559, 0.42388539958, 0.43972057324, 0.11508536884, 0.021156243519],
      [0.052398291529, 0.052315717997, 0.77539694011, 0.063818148575, 0.056070901789],
      [0.00014177798182, 2.8361236884e-05, 0.0020622688214, 0.97426002294, 0.023507569024],
      [0.30794666052, 0.00061425288714, 0.31799817709, 0.23232910872, 0.14111180078],
      [0.0056595298975, 0.2844812271, 0.24411158407, 0.33071593917, 0.13503171977]
    ],
    [
      [0.002312810968, 7.8965704076e-05, 0.007015882789, 0.72441829229, 0.26617404825],
      [0.00015501596245, 0.40957362943, 0.46734159434, 0.10600284845, 0.016926911809],
      [0.051600756017, 0.049058317571, 0.79881010692, 0.057047647804, 0.043483171689],
      [0.00015819012369, 3.0099049011e-05, 0.0024089214628, 0.97680249934, 0.020600290027],
      [0.31853510848, 0.0006089618637, 0.34657279441, 0.21894818901, 0.11533494624],
      [0.0060438794853, 0.28897418828, 0.27271815941, 0.31912627005, 0.11313750278]
    ],
    [
      [0.0011212514379, 2.4056183951e-05, 0.0032265702161, 0.10177277115, 0.89385535101],
      [0.00017647728253, 0.32980244966, 0.53942671833, 0.033820439882, 0.096773914845],
      [0.046468585397, 0.028082094973, 0.71492289094, 0.013973989928, 0.19655243876],
      [0.00035302491787, 4.29176497e-05, 0.0051230767395, 0.7505036934, 0.2439772873],
      [0.26066662384, 0.0002745115359, 0.24154929704, 0.04333814006, 0.45417142753],
      [0.0050583133182, 0.16373185369, 0.22495994278, 0.075669770358, 0.53058011986]
    ],
    [
      [0.0014459286884, 0.00016294684304, 0.010415562166, 0.59805054888, 0.38992501342],
      [5.8125718113e-05, 0.51572054255, 0.42074860186, 0.0496849098, 0.013787820067],
      [0.022431530208, 0.070276454978, 0.83549758486, 0.030804056061, 0.040990373893],
      [0.00011562628893, 7.2812057922e-05, 0.0041875222871, 0.96172892168, 0.033895117688],
      [0.19923972235, 0.0011755228614, 0.4872350192, 0.16209137452, 0.15025836107],
      [0.0026481672976, 0.424559826, 0.28626219571, 0.17682168886, 0.10970812213]
    ],
    [
      [0.0030558846585, 0.00013987466606, 0.010713063738, 0.65689158796, 0.32919958898],
      [0.00013220288517, 0.4646559209, 0.45950637338, 0.062181511004, 0.01352399183],
      [0.046153814332, 0.058702849638, 0.82357639476, 0.035112039195, 0.036454902077],
      [0.00022810520223, 5.8197191732e-05, 0.0040147534154, 0.9679603765, 0.027738567691],
      [0.32592949797, 0.00083410068379, 0.40904530272, 0.15378465205, 0.11040644658],
      [0.0058591660149, 0.37388032582, 0.30520180295, 0.21243041022, 0.10262829499]
    ],
    [
      [0.0021604929129, 9.9604092075e-05, 0.0072647459198, 0.70794336046, 0.28253179662],
      [0.00012949824982, 0.45956260279, 0.43197353709, 0.092314744977, 0.016019616899],
      [0.046515042079, 0.059499946197, 0.7960812513, 0.053522952227, 0.044380808195],
      [0.00015055488483, 3.869267081e-05, 0.0025416518542, 0.97508512144, 0.022183979152],
      [0.30115823433, 0.00077152299608, 0.36067625734, 0.21447941929, 0.12291456604],
      [0.0052187890837, 0.33579897618, 0.26074500115, 0.28748077338, 0.1107564602]
    ],
    [
      [0.00199193414, 7.5337625277e-05, 0.0052189528569, 0.77459515895, 0.21811861643],
      [0.00015506762296, 0.44955934907, 0.4022247041, 0.13189219926, 0.016168679955],
      [0.057013151025, 0.059827667307, 0.75890008642, 0.078374999168, 0.04588409608],
      [0.00012811657133, 2.7004047248e-05, 0.0016850931255, 0.98229015412, 0.015869632132],
      [0.31863095277, 0.00067349074544, 0.29857406996, 0.27208863023, 0.11003285629],
      [0.0056822689493, 0.29892731028, 0.22089772889, 0.37302333137, 0.1014693605]
    ],
    [
      [0.0022804130953, 0.00045979169472, 0.014274099373, 0.32306154687, 0.65992414896],
      [3.2330721993e-05, 0.75600209345, 0.23009389848, 0.0082554708367, 0.005616206512],
      [0.021659738731, 0.13215434512, 0.8090081671, 0.0087323009871, 0.028445448063],
      [0.00026554451835, 0.00030631298012, 0.0084405400718, 0.92839603726, 0.062591565173],
      [0.29267193251, 0.0024023695857, 0.52285659896, 0.052786250773, 0.12928284817],
      [0.0017744672276, 0.72117479704, 0.18853485157, 0.033598690866, 0.054917193297]
    ],
    [
      [0.0017335996351, 7.9079707659e-05, 0.0062864920028, 0.7277699862, 0.26413084246],
      [0.0001226150754, 0.42883604968, 0.44051482203, 0.11274675144, 0.017779761786],
      [0.042874443033, 0.054335077789, 0.79099698851, 0.063780186601, 0.04801330407],
      [0.00011810561089, 3.0023731642e-05, 0.0021500009933, 0.97734242477, 0.020359444894],
      [0.26948209977, 0.00068917010621, 0.35060856117, 0.24944065731, 0.12977951164],
      [0.0046714266303, 0.29649394967, 0.25148630513, 0.33133528202, 0.11601303655]
    ],
    [
      [0.0033525773897, 8.4018119962e-05, 0.0080497695733, 0.70260830373, 0.28590533119],
      [0.00020673829768, 0.39648548552, 0.49146547783, 0.095042118598, 0.016800179748],
      [0.065497192129, 0.045562116134, 0.79913493071, 0.048707863378, 0.041097897644],
      [0.00023574010961, 3.2925218157e-05, 0.0028415753917, 0.97415118837, 0.02273857091],
      [0.38573081426, 0.00054116921728, 0.33173668724, 0.17811460615, 0.10387672313],
      [0.008278028364, 0.28831619764, 0.29496375385, 0.29331331852, 0.11512870163]
    ],
    [
      [0.00035646173637, 1.7047010756e-05, 0.0010097303803, 0.82913675405, 0.16948000683],
      [8.4544109642e-05, 0.34502078089, 0.25222026134, 0.36860356521, 0.034070848455],
      [0.037563503455, 0.048845698276, 0.55765947649, 0.24431848595, 0.11161283583],
      [2.1155522779e-05, 5.6400682298e-06, 0.00030076900055, 0.98874366887, 0.010928766535],
      [0.1407573212, 0.00031904269125, 0.12329011916, 0.55968583095, 0.175947686],
      [0.001772402626, 0.1205093596, 0.07502298172, 0.66624885204, 0.13644640402]
    ],
    [
      [0.0019713954452, 4.7383140314e-05, 0.0043520553327, 0.70166760967, 0.29196155641],
      [0.00020140536312, 0.37328006714, 0.44149048544, 0.15671254706, 0.028315494996],
      [0.06554280162, 0.043781674198, 0.73721016851, 0.08239329939, 0.071072056286],
      [0.0001389815789, 1.8615728217e-05, 0.0015402358547, 0.97500866948, 0.023293497354],
      [0.32915014728, 0.00044206083354, 0.26000109223, 0.25711506013, 0.15329163953],
      [0.0065981808373, 0.22116831143, 0.21640472769, 0.39666237032, 0.15916640972]
    ],
    [
      [0.0016673180737, 6.3755853545e-05, 0.005855253688, 0.73378042019, 0.2586332522],
      [0.00013278844549, 0.39011315623, 0.46204759397, 0.12808845002, 0.019618011332],
      [0.044169907131, 0.046953819517, 0.78951153644, 0.068959542875, 0.050405194037],
      [0.00011280767428, 2.4036476251e-05, 0.0019885995655, 0.97805390592, 0.019820650363],
      [0.2681366435, 0.00057610671439, 0.33856191119, 0.26092658886, 0.13179874973],
      [0.0048518447841, 0.25843224875, 0.25294485784, 0.3610128727, 0.12275817594]
    ],
    [
      [0.0022260519726, 8.8826852137e-05, 0.0075549930057, 0.7432697331, 0.24686039507],
      [0.00013632698484, 0.42517084321, 0.46296706586, 0.097607099193, 0.014118664749],
      [0.046587891217, 0.051780226632, 0.81087640067, 0.053658136325, 0.03709734516],
      [0.0001482341346, 3.2978873182e-05, 0.0025261054389, 0.97878340198, 0.018509279578],
      [0.30801267411, 0.0006751329772, 0.36914388553, 0.21801544356, 0.10415286382],
      [0.0055124115619, 0.31024756082, 0.2794873325, 0.30640453285, 0.098348162269]
    ],
    [
      [0.0010288252182, 5.0693269185e-05, 0.0046875021258, 0.66355542184, 0.33067755755],
      [9.935829326e-05, 0.38017501641, 0.45032600422, 0.13927164347, 0.030127977601],
      [0.033036013317, 0.045359431581, 0.76941041158, 0.074849750393, 0.077344393129],
      [7.6235793564e-05, 2.0933677732e-05, 0.0017435623985, 0.97049244282, 0.027666825307],
      [0.19737581913, 0.00054547762847, 0.32322574251, 0.27933676991, 0.19951619082],
      [0.003349568911, 0.23121201334, 0.22699959639, 0.36369007796, 0.1747487434]
    ],
    [
      [0.001700094544, 8.6257004801e-05, 0.0059307567024, 0.68033977491, 0.31194311684],
      [0.00011888834491, 0.46386666588, 0.41113934966, 0.10414005462, 0.020735041492],
      [0.043600719988, 0.061505553533, 0.7743691667, 0.061780358239, 0.058744201542],
      [0.00012310800208, 3.4811246467e-05, 0.0021559099751, 0.97217160298, 0.025514567793],
      [0.2689945088, 0.00076558673983, 0.33691397854, 0.2373351137, 0.15599081222],
      [0.0045245584684, 0.32006542402, 0.23441490828, 0.30578025002, 0.13521485921]
    ],
    [
      [0.0014861650669, 6.8672448737e-05, 0.0068820509412, 0.54768530342, 0.44387780812],
      [0.00010702869584, 0.38894752124, 0.49802237423, 0.083784735643, 0.02913834019],
      [0.033886760883, 0.043626483004, 0.80880576876, 0.042616273461, 0.071064713896],
      [0.00012945312214, 3.3386912675e-05, 0.0030108401884, 0.95411254444, 0.04271377534],
      [0.23223140891, 0.00058742383423, 0.37955016941, 0.1797079995, 0.20792299833],
      [0.0040961027485, 0.26783359519, 0.28395252956, 0.25006028274, 0.19405748977]
    ],
    [
      [0.0084624948648, 0.00019330112152, 0.019689939569, 0.60576768881, 0.36588657563],
      [0.00022859061655, 0.41628466787, 0.54061531813, 0.034012123912, 0.0088592994759],
      [0.070753082996, 0.044509438486, 0.84734413712, 0.016661710495, 0.020731630899],
      [0.0006697824683, 8.549650968e-05, 0.0078363372803, 0.95933943575, 0.032068947987],
      [0.50007149144, 0.00056655425309, 0.37620606017, 0.066104196133, 0.05705169801],
      [0.011451233413, 0.37681046347, 0.40305560744, 0.13209216959, 0.07659052609]
    ],
    [
      [0.00025713989898, 9.8744195413e-06, 0.0023737341987, 0.72708318816, 0.27027606332],
      [5.3082174463e-05, 0.1604979057, 0.50673080975, 0.28589448002, 0.046823722353],
      [0.014839702183, 0.015994826926, 0.74011572504, 0.12689108378, 0.10215866208],
      [1.6937564225e-05, 3.6297256834e-06, 0.00078415363995, 0.98022175578, 0.018973523286],
      [0.071649429472, 0.00016185503662, 0.25369740976, 0.43419611081, 0.24029519492],
      [0.0012216280017, 0.063459114405, 0.16918294005, 0.56230641366, 0.20382990388]
    ],
    [
      [1.830741113e-07, 0.00012901319526, 0.0024440520798, 0.93198944668, 0.065437304974],
      [0.00016740617266, 0.43525253623, 0.45135881965, 0.09526909403, 0.017952143909],
      [5.0014278794e-23, 0.071227744131, 0.91720128077, 0.0094053201734, 0.0021656549243],
      [1.3622934145e-08, 3.6867671554e-05, 0.00063471801392, 0.99486959234, 0.0044588083539],
      [0.34217983965, 0.0006606544297, 0.33734752072, 0.19727707457, 0.12253491063],
      [6.3205333744e-10, 0.99981847219, 0.00016798818937, 1.2264722798e-05, 1.2742625451e-06]
    ],
    [
      [9.7169871986e-05, 1.5735136579e-05, 0.00075206017332, 0.42852897835, 0.57060605647],
      [1.3734825553e-05, 0.73788775668, 0.11291765363, 0.099130459022, 0.050050395842],
      [0.010484904926, 0.055544919104, 0.51790556928, 0.11759488768, 0.29846971901],
      [9.3362979328e-06, 8.4231838231e-06, 0.00036077968081, 0.9505622013, 0.049059259539],
      [0.025350132146, 0.00031272029064, 0.098222679983, 0.31282744088, 0.5632870267],
      [0.00053470185355, 0.16891014118, 0.06314314658, 0.35358580728, 0.41382620311]
    ],
    [
      [0.0031018329438, 8.37560083e-05, 0.0077913155282, 0.69872433984, 0.29029875568],
      [0.00019510687936, 0.4013331833, 0.48396675423, 0.097006124497, 0.017498831089],
      [0.062522149988, 0.046885312516, 0.79682146178, 0.050404521123, 0.04336655459],
      [0.00021964618117, 3.3045182887e-05, 0.0027694135725, 0.97365364912, 0.023324245947],
      [0.36903624368, 0.00056252639332, 0.33427365147, 0.18569841081, 0.11042916765],
      [0.0077400550335, 0.28955982377, 0.28808570811, 0.29603201566, 0.11858239743]
    ],
    [
      [0.0032952794455, 0.00012264318531, 0.0075815808014, 0.6365199961, 0.35248050046],
      [0.00017646888604, 0.50482430539, 0.40240607942, 0.074657554409, 0.017935591899],
      [0.065771165328, 0.068011601891, 0.76961691696, 0.044994217377, 0.051606098446],
      [0.00025344502326, 5.2574451708e-05, 0.0029274177628, 0.96614722683, 0.030619335931],
      [0.38667333101, 0.00080452042906, 0.31829254993, 0.16409366135, 0.13013593728],
      [0.0072945340556, 0.37857027281, 0.24926321482, 0.23790111235, 0.12697086597]
    ],
    [
      [0.003325409985, 0.00013515655879, 0.0067947500793, 0.58818308091, 0.40156160247],
      [0.00017748935051, 0.55164611113, 0.35860793899, 0.069102844351, 0.020465616174],
      [0.071300565447, 0.080480654302, 0.73972820008, 0.044957723944, 0.063532856229],
      [0.00027521711332, 6.2333939093e-05, 0.0028229555081, 0.9592125915, 0.037626901937],
      [0.39802180109, 0.00090927793882, 0.29223019151, 0.15621278544, 0.15262594402],
      [0.0072749992851, 0.41079064937, 0.22045091107, 0.21803606332, 0.14344737695]
    ],
    [
      [0.0020370522888, 0.00012358124922, 0.0078240819443, 0.69101348536, 0.29900179916],
      [0.00010675719347, 0.49893855881, 0.40783232965, 0.078426901074, 0.014695453271],
      [0.040858633496, 0.068684953429, 0.79889021956, 0.0483055578, 0.043260635715],
      [0.00014500579744, 4.9061182947e-05, 0.0027975210755, 0.97311192492, 0.023896487019],
      [0.28481560116, 0.00094102077158, 0.38225645698, 0.20494014227, 0.12704677882],
      [0.0044770530709, 0.37929536312, 0.25594503148, 0.25433642287, 0.10594612947]
    ]
  ],
  "expected_outcome": [
    [
      [0.0047063948331, 1.950710093e-08, 0.1754525661, 0.1289933734, 0.066669970442, 0.075172198112, 0.026623914655, 0.096027894316, 0.083612683596, 0.03820994164, 0.10467565191, 0.090652741089, 0.086895941996, 0.044105304041, 0.15727114582, 0.0022425028758, 0.0057837147534, 0.10084419373, 0.051851829909, 0.065733826621, 0, 0.10228237847, 0.1642762921, 0.0010693852091, 0.18136838096, 0.14172203627, 0.055651299314, 0.062758338307, 0.079904443567, 0.023778641071, 0.093087443513, 0.00051427979795, 0, 0.00019433974397, 1.5416109731, 0.15487813394, 0.29928689865, 0.042778098065],
      [5.1795190052e-05, 8.2691616965e-07, 0.0071246428412, 0.0057136307229, 0.001676705314, 0.003184955471, 0.0010702494537, 0.0041310611895, 0.0029703256966, 0.0015577205812, 0.0024841304715, 0.0028089043807, 0.0024588112248, 0.0015826662501, 0.0053696678772, 4.8112367902e-05, 0.00065178737217, 0.00461586398, 0.0023904982098, 0.0024861416341, 0, 0.0046657027519, 0.0041168878781, 5.1141032268e-05, 0.0043592489089, 0.0054192475513, 0.0022206713034, 0.0030922894203, 0.0040540792257, 0.0010987591798, 0.0021263123367, 1.9748839083e-05, 0, 3.1470273158e-05, 0.041626736125, 0.0057642297096, 0.012164090291, 0.0025952062337],
      [0.0090350060806, 0.00037943493863, 0.64430587993, 0.43112121114, 0.13192312195, 0.28635145634, 0.10947796345, 0.20556202552, 0.18528710581, 0.10124292953, 0.18199394633, 0.27222903357, 0.27114833592, 0.12777898165, 0.47708002965, 0.0064531404322, 0.041662248663, 0.35353110334, 0.17435390207, 0.17222544428, 0, 0.37090302816, 0.39443870909, 0.0030291911408, 0.40038909061, 0.49769656348, 0.18887482514, 0.28593762967, 0.27874556501, 0.11011281506, 0.21658933526, 0.0047474683973, 0, 0.0015041203466, 3.8722838175, 0.35633429767, 0.61152750714, 0.16430572083],
      [3.4017746332, 0.55412976585, 47.6731897015, 62.7468545654, 11.290638983, 24.9394039391, 11.1461055689, 16.3910136217, 13.903610902, 6.7275492975, 11.0056262818, 20.3295357137, 15.6202788872, 15.3355594203, 49.2604438759, 0.20354554231, 2.3922021955, 21.6774224026, 16.990640651, 25.5616402454, 0, 42.9384291857, 34.4278068828, 2.4874102621, 64.5534200896, 62.371335716, 18.5817433274, 40.4768807323, 31.9759694209, 8.7629648547, 6.6634445769, 1.4541663763, 0, 0.8570579567, 347.2659969009, 29.9164398169, 52.936477282, 14.5112831925],
      [0.58443217071, 1.4454899528, 20.4999272096, 21.6873172194, 6.5090912193, 10.6958874509, 2.7167223035, 6.3032653972, 7.8245189829, 4.1314401107, 8.7052199895, 6.3047736073, 8.0192180237, 6.4909736278, 18.0998352808, 1.787710702, 1.5597000537, 10.8635864363, 6.7807631188, 7.1979143421, 0, 15.583719705, 14.0093612282, 0.50844002048, 26.8604631899, 21.9838264367, 6.1715098768, 20.1713310103, 14.6613264912, 7.10204493, 4.024752332, 0.54055212665, 0, 1.1412121129, 144.2784815723, 16.5665835218, 36.1405442219, 6.2790377824]
    ],
    [
      [0.00068185414693, 7.0297770475e-08, 0.01755059815, 0.011824351927, 0.015537339202, 0.010990635328, 0.011003266566, 0.0053873413499, 0.0047607162226, 0.0055213948005, 0.010273129707, 0.0084320128277, 0.0091767496289, 0.010669037791, 0.0097660056345, 0.0014118182602, 0.002557531597, 0.019698229891, 0.011784340734, 0.022174670084, 0.00016165360996, 0.019250566838, 0.038866799964, 0.0010145293157, 0.013494159329, 0.010623075639, 0.0070890032119, 0.0039743317304, 0.01331549463, 0.0035319469628, 0.0059433560304, 0.0004246573957, 0, 0, 0.21071542971, 0.024882112932, 0.049519528793, 0.015586550246],
      [0.6498262517, 0.070172275341, 54.7099012291, 40.3166274983, 30.2429821727, 35.9445274116, 34.0007174196, 18.1915589956, 13.3495770637, 17.729144307, 19.0570541848, 20.1891949834, 20.1198636328, 29.6719779705, 25.803138654, 2.6384195973, 22.6917038723, 69.2337322136, 41.8201968535, 64.2869869163, 3.7800104673, 67.327259799, 74.5392712783, 4.1402493707, 25.0097644981, 31.2090524982, 22.1088838469, 15.2070006566, 51.9530665784, 12.8352682009, 10.8234013646, 1.2839832456, 0, 0, 433.4398379639, 71.18022706, 153.9092650057, 72.8450295862],
      [1.4387901788, 1.2279639397, 63.8664898522, 39.194930986, 30.5879468919, 41.6340822406, 44.8989759902, 11.4765790094, 10.5207634265, 14.6121318915, 17.7925525936, 25.1246971833, 28.4996561741, 30.7804401265, 29.4425204437, 4.3154137466, 18.512938482, 68.4664496342, 39.3095918751, 57.5181326863, 1.1504694924, 69.1608270584, 92.3955098327, 3.026643136, 29.5798625247, 36.9638075179, 24.0742874249, 18.0130401689, 46.0476071621, 16.4347383497, 14.0559982713, 4.053846478, 0, 0, 522.6840945734, 56.7392571977, 100.051614979, 59.5435201291],
      [0.84116355319, 0.44063678269, 10.4535033148, 12.5862766561, 5.7237866892, 7.9326987347, 10.0224959776, 1.9923360101, 1.7074733004, 2.0955402836, 2.3397379106, 4.1203023564, 3.5740578331, 8.0559758189, 6.6781794526, 0.27056351906, 2.1861360312, 9.2650451395, 8.4006417929, 18.8605844938, 0.041277354183, 17.7012399754, 17.8679182965, 4.4232427825, 10.4997406531, 10.2470760017, 5.075569158, 5.5708657388, 11.6636861177, 2.7648962762, 0.8843152217, 2.2871558402, 0, 0, 104.7666144573, 10.5267151716, 19.2796935739, 11.4503275568],
      [0.069538162217, 0.26122693202, 1.9525550058, 1.8903405076, 1.429746907, 1.4777009778, 1.066807346, 0.33413864355, 0.41742549307, 0.55766212312, 0.80038218132, 0.55737346414, 0.79724561042, 1.4809370463, 1.066395444, 0.77419131876, 0.60666408295, 2.0150747827, 1.4577851378, 2.3121212335, 0.02808103256, 2.7914226004, 3.1584337926, 0.40885018146, 1.8971381647, 1.5694409065, 0.73417056695, 1.205119104, 2.3223246471, 0.96156522626, 0.23034178637, 0.37458977883, 0, 0, 18.8987375758, 2.5289184577, 5.7099069125, 2.1455361776]
    ],
    [
      [0.62849233691, 5.1871507916e-33, 13.2923685077, 9.4994782566, 10.3920819381, 5.9173845137, 7.9474877662, 11.1960439325, 9.1956998855, 6.3768564114, 12.8744294189, 15.1115870468, 8.5711920348, 6.0258035258, 8.0497179386, 0.83643453715, 0.74024049687, 11.0307616254, 8.9308880793, 18.0161557239, 0.15161817111, 11.2331040746, 22.4000397081, 0.26294452418, 10.683476664, 12.8976128822, 3.5872676237, 4.9223659843, 10.9001799971, 2.033205653, 2.4056048219, 0.31163374584, 5.0014278794e-23, 0.062909429558, 144.5512107727, 17.6266723079, 41.4256285244, 3.3095493132],
      [0.18505295506, 0.0050902821894, 15.009670379, 11.7014412179, 7.2567611865, 6.9743884691, 8.87426104, 13.4218299863, 9.1094325667, 7.2499303933, 8.4979566097, 13.0300516135, 6.7459178594, 6.0163075696, 7.653097541, 0.50547770952, 2.3191230143, 14.0299810634, 11.4239896699, 18.905542869, 0.92508041587, 14.2357903807, 15.5822437179, 0.34191988793, 7.1364128943, 13.7105152991, 3.9870774507, 6.7585553055, 15.3763883833, 2.6175889802, 1.5133209085, 0.33589136545, 0.071227744131, 0.33326951462, 108.3988425372, 18.2271093067, 46.7592601496, 5.5634812277],
      [6.5881691765, 0.73191579133, 248.4557844134, 161.7187221837, 104.8136197029, 115.0712676537, 166.5351516605, 122.3494210239, 104.1664328822, 86.511420853, 114.1764988258, 231.2037067235, 136.5523344713, 89.1706481128, 124.6143766794, 12.868612037, 27.5714203004, 196.8347583472, 152.8476002499, 239.8124273088, 5.6630571697, 207.2412109889, 273.3041463044, 3.9036163354, 120.1652574665, 230.5373686403, 62.4374828512, 114.6421513254, 193.5922916745, 48.5283461254, 28.8097006622, 15.5424302258, 0.91720128077, 3.1074334157, 1842.2512196404, 206.257333745, 429.7820842454, 64.7101077843],
      [1.1362318348, 0.067273780505, 12.8170929165, 16.3551850208, 6.1695246489, 6.8987088426, 11.6961273692, 6.6800283515, 5.3156368187, 3.8989532991, 4.7250654135, 11.9418169841, 5.3879180343, 7.3390870861, 8.8994330574, 0.25153181871, 1.01653385, 8.3917773677, 10.2764068275, 24.7664997369, 0.06112610691, 16.7104088894, 16.6580892752, 1.7102294017, 13.4301078006, 20.1361865196, 4.131676497, 11.1526128086, 15.4450895597, 2.5569764076, 0.56649815682, 2.6647127593, 0.0094053201734, 0.7055693261, 116.5352528365, 12.0584502569, 26.1204376113, 3.9127501818],
      [0.46205369667, 0.19572014598, 11.4250837835, 11.7251733209, 7.3680125236, 6.1382505209, 5.9469721641, 5.3526767059, 6.2127978469, 4.9628390433, 7.726049732, 7.7128376321, 5.7426376004, 6.4481537057, 6.7833747835, 3.5379438976, 1.3526823385, 8.7127215964, 8.5211151735, 14.4993743614, 0.19911813644, 12.5794856665, 14.0554809944, 0.78128985078, 11.5847451746, 14.7183166589, 2.8564955773, 11.5243145762, 14.6860503854, 4.2638828338, 0.70487545057, 2.1453319036, 0.0021656549243, 1.7908183141, 100.2634742132, 13.8304343834, 36.9125894692, 3.504111493]
    ],
    [
      [0.00094654697675, 1.4825878338e-08, 0.13071338863, 0.094247195004, 0.047468752519, 0.048410980315, 0.031553540451, 0.032039821903, 0.034812890352, 0.037390772429, 0.083531602255, 0.057500394482, 0.035031706602, 0.052316075291, 0.1275012397, 0.0045893239324, 0.010521992293, 0.088504818464, 0.030261531851, 0.049965462819, 0.0047798013302, 0.074170323638, 0.10561156911, 0.00065582120615, 0.12550036575, 0.13807659332, 0.040023216343, 0.041319800111, 0.042595368718, 0.0094500779164, 0.083722808538, 0.00066056500479, 2.8608161704e-07, 0.00016805336279, 1.1171204774, 0.11835882586, 0.29420709414, 0.030016200069],
      [5.8184030464e-05, 2.1911913368e-06, 0.029579606349, 0.023262844948, 0.0066569969537, 0.011433493447, 0.0070694233185, 0.0076833175513, 0.0068950180089, 0.0085014154777, 0.011054005751, 0.0099289132318, 0.0055265695335, 0.01046529641, 0.024259833503, 0.0005579294461, 0.0066258972709, 0.022580510392, 0.0077772268328, 0.010531578427, 0.0055136336422, 0.018854903471, 0.014750497735, 0.00017484211512, 0.01681000258, 0.029420646931, 0.0089042957591, 0.011346053331, 0.012044691278, 0.0024372446253, 0.01068706371, 0.00014155930165, 0.00077422110264, 0.00015161730882, 0.16806780016, 0.024552268948, 0.066634980891, 0.01015566487],
      [0.0091280691425, 0.00090529378297, 2.4096199353, 1.5812243038, 0.47163706469, 0.92584332847, 0.65135413952, 0.34430281965, 0.38727796481, 0.49742183117, 0.7291630536, 0.86676533572, 0.54879177788, 0.76097719509, 1.941590699, 0.066599997614, 0.38106452813, 1.5577243252, 0.51087202269, 0.65718631894, 0.15192972129, 1.3502006238, 1.2730257755, 0.0093238390172, 1.3908329768, 2.4340458682, 0.6820484685, 0.94501082001, 0.74594485138, 0.21979133376, 0.97954216004, 0.030581991958, 0.013329078292, 0.0064940342545, 14.0852374297, 1.3671040952, 3.0177394382, 0.57908686262],
      [13.8602330951, 6.6254238654, 700.1478419056, 903.3611670783, 159.272100667, 317.2463331782, 260.671950947, 108.2488321832, 114.919483749, 130.9417045903, 174.3965106076, 254.5470753796, 124.7789678064, 359.5019484633, 787.3028144661, 9.7565480142, 87.5173318727, 375.5686260817, 195.9921094091, 383.0931601085, 16.7111286706, 613.7710427556, 436.4197323899, 30.6510537351, 880.4328285443, 1197.1379808468, 264.2715185333, 526.00690401, 336.3713746321, 69.6502157439, 119.9174294693, 38.2286484756, 20.8922614391, 17.1101196234, 4952.0024594063, 451.1907549302, 1025.398260316, 201.4341684595],
      [0.12963410479, 0.37366863476, 17.2822451641, 17.9400985779, 5.2021365188, 7.7679790196, 3.6380719497, 2.3671418577, 3.6515303779, 4.5149813906, 7.7797407308, 4.5187299769, 3.6316821396, 8.6742929699, 16.6038337617, 3.1717047348, 3.0844557096, 10.7625642642, 4.4589798096, 6.1891565314, 1.1266481731, 12.7857313935, 10.1868797678, 0.33879176257, 21.0340281105, 24.2604760447, 4.9975054861, 14.9954193165, 8.8280404565, 3.1181055998, 4.0086184984, 0.73996740816, 0.093634975432, 0.88306667171, 118.6271148864, 14.2992298798, 40.2231581708, 4.946572813]
    ],
    [
      [1.0645278719, 0, 34.3233558247, 21.2817217254, 18.559902833, 13.0253130846, 12.131964719, 22.676960959, 15.6244778328, 13.2107346704, 18.6027514455, 27.9730386035, 14.7087741958, 13.5496530628, 27.3940193294, 1.3033331192, 0.3984794447, 21.1854173681, 8.7335887956, 14.9756547803, 0.58534386502, 18.8637469841, 32.7871192125, 0.28151464239, 25.0154111933, 28.1543475675, 7.0842915044, 9.4740393184, 21.250566195, 3.0190083159, 4.0005719315, 0.21494828842, 0, 0.050700264293, 279.3604364639, 29.773846488, 63.2854663735, 3.417787214],
      [0.00049614776367, 0, 0.078290158918, 0.052872330237, 0.025805175219, 0.030770546382, 0.027237235529, 0.054151093873, 0.030683261264, 0.029729983603, 0.024339323224, 0.04853511687, 0.023113653909, 0.027027127034, 0.052370720278, 0.0013725576795, 0.0023510457229, 0.054216544446, 0.022374166886, 0.031654065036, 0.0048047391714, 0.048241907434, 0.045999383469, 0.00063808538251, 0.033596623349, 0.06049120501, 0.015528058476, 0.026182926166, 0.060481352446, 0.0076365098449, 0.0045324340247, 0.00048556510987, 0, 0.00062544058128, 0.42583247974, 0.061948073038, 0.14457519227, 0.011292249259],
      [0.58177096919, 0, 45.3031633757, 25.5367354547, 13.0219420414, 17.7353096036, 17.8550189031, 17.2837224776, 12.2826853843, 12.4113390526, 11.4381180919, 30.1150648547, 16.3488623255, 13.9919197921, 29.8052603193, 1.2077464852, 0.9744700384, 26.5879446767, 10.4596114629, 14.0329812882, 1.0457131979, 24.5425992817, 28.1976184152, 0.24658023832, 19.7600830094, 35.5490006752, 8.4903093673, 15.5148356405, 26.6162043049, 4.9341522024, 3.0096484813, 0.76109222929, 0, 0.19644535997, 253.0451541633, 24.5085263448, 46.4646004506, 4.5870774838],
      [1.0620358042, 0, 20.6017591447, 22.8218955731, 6.7858949906, 9.4163575296, 11.0921972866, 8.3587289285, 5.5649219781, 4.9701439686, 4.1909902101, 13.7366675412, 5.7106859254, 10.2224807836, 18.8295442546, 0.2166907003, 0.32418274904, 9.9960023831, 6.2199031594, 12.788165621, 0.10557250155, 17.4608460119, 15.1397415227, 1.1193716619, 19.54074457, 27.3972918308, 5.0143552019, 13.4081649555, 18.749473982, 2.3362039935, 0.52883356907, 1.3025883324, 0, 0.62565488177, 140.5736969814, 12.6352119239, 24.8378328851, 2.4592817072],
      [0.29116920696, 0, 12.693431496, 11.3067749165, 5.6064549598, 5.7922492358, 3.8935818558, 4.6264365411, 4.4972315435, 4.3780523248, 4.7438009292, 6.1266938837, 4.2085638994, 6.2089192345, 9.9188053763, 2.2708571376, 0.30051672213, 7.1764190277, 3.5645224152, 5.1715442455, 0.25856569634, 9.0845658149, 8.8295214661, 0.351895372, 11.650164604, 13.8388687215, 2.395515868, 9.5767771595, 12.3232741656, 2.7029989783, 0.45641358408, 0.72088558477, 0, 1.1265740534, 83.5948799116, 10.0204671702, 24.2675250986, 1.5245613458]
    ],
    [
      [0.011452379515, 0, 0.20895343306, 0.16668586745, 0.2364784536, 0.11746997914, 0.16083950208, 0.12021865137, 0.070632503521, 0.068852756847, 0.12032236559, 0.10139048022, 0.098324256447, 0.10187153815, 0.13296534868, 0.010116626636, 0.018537171083, 0.25194413864, 0.18265761793, 0.28411344746, 0.0035489344553, 0.23824275814, 0.54634987203, 0.0053172078781, 0.22433814847, 0.22318486007, 0.049611704057, 0.053593102576, 0.17645778027, 0.036864924737, 0.11451233413, 0.0024432560034, 6.3205333744e-10, 0.00053470185355, 2.778679757, 0.26989776006, 0.80024992137, 0.094018114488],
      [0.1719433307, 0, 11.823336272, 10.2960156128, 8.3298051604, 6.9597792585, 9.0148650303, 7.3334418028, 3.5699703457, 3.9888480113, 4.0329698342, 4.4004056682, 3.9050882907, 5.1206620878, 6.3574321423, 0.32746370738, 2.971918782, 16.0768540103, 11.7529641665, 14.946365514, 1.4423495941, 15.1211914332, 19.0288690441, 0.36152807879, 7.5197225887, 11.8878834424, 2.7922280474, 3.6993922134, 12.482551537, 2.4105023567, 3.7681046347, 0.12691822881, 0.99981847219, 0.16891014118, 103.9519767336, 14.0071000939, 45.1869714311, 7.9652026255],
      [0.33535243377, 0, 11.3960409295, 8.2745957805, 6.9644898141, 6.6594700494, 9.8291092271, 3.8341670443, 2.3345082957, 2.7243157769, 3.1174192966, 4.5258928112, 4.5695527445, 4.3940085132, 5.9997995069, 0.44991988555, 2.00383537, 13.1236775268, 9.1260750402, 11.0448864447, 0.37706970315, 12.8258015614, 19.4676077544, 0.22506894516, 7.3577607413, 11.6354634605, 2.5153859925, 3.6319935422, 9.1421814228, 2.555572766, 4.0305560744, 0.3383658801, 0.00016798818937, 0.06314314658, 103.4227692107, 9.2227389483, 24.2496002176, 5.374845661],
      [1.2576036455, 0, 9.5929298309, 13.6957615135, 6.7313170858, 6.5525120407, 11.3234214303, 3.4343865823, 1.9602443187, 2.0216756401, 2.1176299755, 3.8248483659, 2.9603721554, 5.952886905, 7.020777941, 0.15133954072, 1.237751822, 9.1345076396, 10.0618270684, 18.6511665686, 0.067197381733, 16.8980993832, 19.3586790221, 1.9987465561, 13.486520591, 16.6065921441, 2.7576407956, 5.8190412474, 11.9254297509, 2.2505425446, 1.3209216959, 1.1246128273, 1.2264722798e-05, 0.35358580728, 106.2754936225, 8.802341157, 23.9839669651, 5.3410648802],
      [0.22364821053, 0, 3.9787395345, 4.5669412257, 3.7379094862, 2.7107686723, 2.6717648102, 1.2777859193, 1.0646445363, 1.1963078149, 1.6116585281, 1.1474626745, 1.466662553, 2.4305709558, 2.4890250611, 1.0611602397, 0.76795685491, 4.4130166846, 3.876476107, 5.0734680252, 0.10983438659, 5.916664864, 7.5984943074, 0.40933921205, 5.4116579305, 5.646876093, 0.88513346042, 2.7959798944, 5.2733795091, 1.7465174079, 0.7659052609, 0.40765980776, 1.2742625451e-06, 0.41382620311, 42.5710806762, 4.6979220408, 15.7792114648, 2.2248687189]
    ]
  ],
  "prob": [
    [0.002679998776, 9.1558058026e-05, 0.007320568236, 0.69029633294, 0.29961154199],
