{
  "X": [
    [16, 10, 5, 23, 38, 66, 6],
    [21, 14, 6, 12, 26, 205, 15],
    [1, 5, 2, 4, 24, 242, 14],
    [166, 108, 72, 129, 411, 1005, 102],
    [73, 48, 30, 77, 167, 689, 86],
    [24, 46, 37, 75, 75, 501, 53],
    [27, 35, 47, 74, 91, 533, 51],
    [118, 78, 59, 206, 375, 1019, 91],
    [14, 19, 31, 51, 105, 586, 42],
    [12, 18, 16, 31, 48, 455, 29],
    [10, 16, 21, 22, 37, 212, 15],
    [18, 20, 4, 53, 96, 185, 13],
    [13, 16, 29, 31, 31, 421, 50],
    [15, 12, 10, 29, 24, 232, 35],
    [87, 82, 66, 149, 264, 876, 136],
    [14, 18, 18, 40, 50, 482, 40],
    [36, 25, 40, 59, 85, 493, 55],
    [7, 18, 23, 31, 70, 241, 23],
    [30, 30, 33, 44, 86, 507, 56],
    [6, 11, 27, 38, 60, 553, 45],
    [10, 22, 35, 44, 48, 569, 47],
    [2, 7, 10, 15, 30, 162, 18],
    [6, 19, 30, 51, 39, 336, 28],
    [3, 10, 8, 24, 22, 220, 12],
    [23, 46, 34, 64, 101, 625, 48],
    [20, 19, 31, 44, 50, 419, 41],
    [13, 9, 1, 8, 28, 69, 9],
    [4, 19, 29, 29, 47, 393, 32],
    [16, 20, 15, 34, 60, 213, 27],
    [47, 54, 78, 140, 140, 779, 47],
    [1, 10, 13, 7, 47, 420, 35],
    [0, 3, 0, 14, 23, 121, 15],
    [26, 32, 16, 70, 108, 402, 33],
    [6, 7, 185, 16, 23, 12, 11],
    [103, 87, 128, 142, 331, 1523, 221],
    [4, 1, 4, 1, 13, 55, 13]
  ],
  "W": [
    [21, 8, 54, 43, 20, 11, 7],
    [25, 6, 194, 24, 18, 17, 15],
    [1, 7, 247, 12, 8, 3, 14],
    [200, 65, 882, 432, 177, 127, 110],
    [84, 29, 650, 168, 95, 76, 68],
    [24, 27, 445, 91, 112, 50, 62],
    [33, 37, 467, 106, 111, 46, 58],
    [197, 66, 862, 335, 269, 120, 97],
    [31, 20, 569, 78, 61, 29, 60],
    [17, 16, 420, 41, 41, 24, 50],
    [14, 16, 194, 33, 36, 17, 23],
    [25, 8, 143, 97, 66, 33, 17],
    [20, 27, 409, 37, 37, 18, 43],
    [13, 21, 192, 20, 40, 30, 41],
    [121, 46, 675, 329, 216, 137, 136],
    [19, 17, 435, 37, 70, 35, 49],
    [38, 37, 397, 101, 97, 61, 62],
    [13, 18, 229, 50, 51, 26, 26],
    [33, 24, 473, 81, 63, 37, 75],
    [8, 24, 555, 37, 41, 14, 61],
    [9, 33, 509, 43, 64, 43, 74],
    [7, 5, 146, 29, 25, 14, 18],
    [17, 27, 299, 54, 57, 30, 25],
    [9, 9, 186, 21, 29, 25, 20],
    [30, 39, 539, 99, 105, 75, 54],
    [22, 30, 384, 57, 63, 25, 43],
    [26, 3, 49, 23, 11, 16, 9],
    [14, 21, 361, 46, 46, 26, 39],
    [22, 14, 207, 55, 47, 17, 23],
    [62, 58, 626, 155, 217, 75, 92],
    [3, 10, 446, 24, 9, 10, 31],
    [0, 2, 114, 25, 18, 2, 15],
    [35, 27, 327, 105, 98, 47, 48],
    [7, 6, 188, 25, 16, 0, 18],
    [120, 121, 1510, 294, 186, 112, 192],
    [2, 7, 42, 16, 6, 2, 16]
  ],
  "method": "mvn_pdf",
  "cond_prob": [
    [
      [0.57373495114, 0.020494660133, 0.013879109057, 0.085438051124, 0.30280127011, 0.0020449186891, 0.0016070397461],
      [0.021588089636, 0.052389672916, 0.028674394357, 0.24427199279, 0.025007475174, 0.50673916528, 0.12132920984],
      [1.614371521e-06, 0.0092801394989, 0.050599062875, 0.0025822908185, 0.059679044888, 0.84894236814, 0.028915479407],
      [0.077406823965, 0.089211758139, 0.02515620731, 0.091609083686, 0.63858501052, 0.046700185945, 0.031330930432],
      [0.00014066766926, 0.018813349578, 0.015996169482, 0.73556389734, 0.012472982276, 0.21698644881, 2.6484847944e-05],
      [0.025695496029, 0.36081737887, 2.1956913749e-17, 0.078706217615, 0.019500355845, 0.48388024428, 0.031400307365],
      [0.00042273778188, 0.0045578232014, 0.045203911608, 0.012251995668, 0.0072334616771, 0.6625823628, 0.26774770727]
    ],
    [
      [0.7069989645, 0.027553782144, 0.010804877511, 0.034939570999, 0.21473668202, 0.0026029756732, 0.0023631471508],
      [0.024855607414, 0.067117416675, 0.021244912436, 0.093716312673, 0.016929740251, 0.6066131825, 0.16952282805],
      [1.6285870058e-06, 0.010403732646, 0.032734866591, 0.00087490299034, 0.035404215026, 0.88519672689, 0.035383927269],
      [0.11321315497, 0.1452666984, 0.023685017956, 0.045183492791, 0.54502810647, 0.071847879835, 0.055775649587],
      [0.00027646885876, 0.041213699804, 0.020278092206, 0.47804153023, 0.014411787279, 0.44571502243, 6.3399192417e-05],
      [0.025525508083, 0.39861820748, 1.4078785146e-17, 0.026252561794, 0.011378817818, 0.50032888453, 0.0378960203],
      [0.00040220948988, 0.0048203301098, 0.027608229474, 0.0039169499797, 0.0040483460163, 0.65309618348, 0.30610775145]
    ],
    [
      [0.40798087602, 0.028953408088, 0.012385751203, 0.033131382336, 0.51043269705, 0.0039209712937, 0.0031949140062],
      [0.0080490817952, 0.05105570784, 0.017726487554, 0.064750351717, 0.029021703824, 0.66310492625, 0.16629174102],
      [4.8009336797e-07, 0.0071728016309, 0.02485456509, 0.0005493111976, 0.055389537571, 0.88042972535, 0.031603579064],
      [0.028652849126, 0.086542420359, 0.015423829422, 0.024255464036, 0.74093900301, 0.061452912901, 0.042733521148],
      [9.895339984e-05, 0.034672629949, 0.018708979366, 0.38025020689, 0.02728079157, 0.53891959256, 6.8846261396e-05],
      [0.0087778524421, 0.33168234976, 1.2468398578e-17, 0.019219470608, 0.020683369327, 0.58019334058, 0.039443617284],
      [0.00012396736921, 0.0034744971394, 0.021936020426, 0.0025734221943, 0.006611964149, 0.67975654415, 0.28552358457]
    ],
    [
      [0.61287737933, 0.020910119717, 0.015229879919, 0.037022486151, 0.30963157008, 0.0021752405034, 0.0021533243003],
      [0.02687692253, 0.05776195868, 0.033765048885, 0.11272581561, 0.028434546125, 0.56815877304, 0.17227693513],
      [1.7965183598e-06, 0.0091468013714, 0.052762088481, 0.0010783103326, 0.060437902498, 0.83981008884, 0.036763011955],
      [0.088117501136, 0.091597268831, 0.027935729913, 0.040255797089, 0.65956184233, 0.050164139136, 0.042367721569],
      [0.00028042497767, 0.033394656296, 0.030332828339, 0.51979853267, 0.022727805012, 0.39340447257, 6.1280133919e-05],
      [0.029984669727, 0.36107228899, 2.4418291895e-17, 0.034572744733, 0.02078749135, 0.51127746908, 0.04230533612],
      [0.00044641019725, 0.0042643775201, 0.044763683508, 0.0048557573777, 0.0069570220214, 0.62387442225, 0.31483832712]
    ],
    [
      [0.64274705132, 0.017640554358, 0.011804619613, 0.046835671509, 0.27544324198, 0.002232498909, 0.0032963623143],
      [0.024859819368, 0.043542113459, 0.023406002817, 0.12750939792, 0.02253146611, 0.52177200813, 0.2363791922],
      [1.8159775557e-06, 0.0075372558886, 0.040004049261, 0.0013317395329, 0.052367441643, 0.84368018416, 0.055077513535],
      [0.096877446635, 0.081841747641, 0.022927553742, 0.05389947921, 0.62120376107, 0.054524748879, 0.068725262822],
      [0.00025508055091, 0.024752317924, 0.020671647956, 0.58138670968, 0.017710417024, 0.35514135141, 8.2475463519e-05],
      [0.031392444081, 0.30882675586, 1.9153236818e-17, 0.044214671439, 0.018641248554, 0.53134078683, 0.065584093232],
      [0.00039248093506, 0.003056356502, 0.02951665884, 0.00521595719, 0.0052424161379, 0.54501080664, 0.41156532376]
    ],
    [
      [0.61376446342, 0.037011277665, 0.022166336659, 0.057255783341, 0.26356659237, 0.0029566117595, 0.0032789347811],
      [0.018268861541, 0.072331386593, 0.034823955126, 0.12356473967, 0.017004130017, 0.54768192559, 0.18632500147],
      [1.2798666455e-06, 0.01200205414, 0.057139978912, 0.0012385673477, 0.037931040933, 0.85002857016, 0.04165850864],
      [0.081658794591, 0.15550858642, 0.038934358555, 0.059585205617, 0.53719372663, 0.0652981122, 0.061821215985],
      [0.00018324288565, 0.040216384873, 0.030099175921, 0.55154042649, 0.013075620663, 0.36482155486, 6.3594304782e-05],
      [0.019148828557, 0.42838151027, 2.3617217076e-17, 0.035531838125, 0.011673610471, 0.46240870786, 0.042855504723],
      [0.00030178790028, 0.0053090817063, 0.045994984412, 0.0052920713115, 0.0041422791034, 0.59906773447, 0.3398920611]
    ],
    [
      [0.55473649815, 0.027837493582, 0.032344060806, 0.063573611327, 0.31416434749, 0.0037031099792, 0.0036408786624],
      [0.014266676987, 0.046394486065, 0.04334885784, 0.11700591479, 0.017303678166, 0.58524952054, 0.17643086561],
      [9.3793802504e-07, 0.0072247190057, 0.066703609772, 0.0011002126459, 0.036200613527, 0.85176708395, 0.037002823161],
      [0.067509070624, 0.10573282385, 0.051405213477, 0.059855558163, 0.57939100314, 0.073998926853, 0.062107403887],
      [0.00014486832096, 0.026107486595, 0.037905601183, 0.52791180666, 0.013463694611, 0.39440558846, 6.0954174056e-05],
      [0.017199297587, 0.31503801458, 3.3825231802e-17, 0.03872057647, 0.013665300637, 0.56866292373, 0.046713887],
      [0.00022854091837, 0.00330269732, 0.055483098569, 0.0048578567921, 0.004085487599, 0.62032912483, 0.31171319397]
    ],
    [
      [0.48448275204, 0.020520063776, 0.017614397213, 0.063240570691, 0.40845308213, 0.0029401843798, 0.002748949768],
      [0.015922679927, 0.042458273764, 0.029251377837, 0.14428098721, 0.028078479402, 0.57524644223, 0.16476175963],
      [1.0656330441e-06, 0.0067315508235, 0.04575699665, 0.0013816806095, 0.059751087518, 0.85118185609, 0.035195762678],
      [0.055647793743, 0.071750406908, 0.025792498244, 0.054897140395, 0.69460051016, 0.054129974018, 0.043181676527],
      [0.0001461417018, 0.021592923312, 0.023115228211, 0.58497727822, 0.019741121289, 0.35037575991, 5.1547351321e-05],
      [0.019605126001, 0.29283402548, 2.3349994876e-17, 0.048838925889, 0.02265504622, 0.57140979403, 0.04465708238],
      [0.00026769463958, 0.0031728437925, 0.039247958565, 0.0062900496085, 0.0069531911878, 0.63928030354, 0.30478795867]
    ],
    [
      [0.36868680912, 0.022615211429, 0.022222435531, 0.088109959558, 0.49141744321, 0.003800564323, 0.0031475768371],
      [0.009344810955, 0.036959200642, 0.029223561199, 0.15914851338, 0.026502594474, 0.58922420776, 0.1495971116],
      [6.1651075424e-07, 0.005773430116, 0.045113162777, 0.0014964632467, 0.055644282796, 0.86047482601, 0.031497218544],
      [0.035055176612, 0.066776425427, 0.02746608741, 0.064463368489, 0.70541654115, 0.059071098223, 0.041751302687],
      [7.9988841351e-05, 0.017510947132, 0.021502941011, 0.60938900186, 0.017364473547, 0.33410912757, 4.352003559e-05],
      [0.011878263597, 0.26503309182, 2.4057133252e-17, 0.055429504144, 0.022068368205, 0.60380263407, 0.041788138164],
      [0.00015887942069, 0.0027920691754, 0.039708656736, 0.0069915843288, 0.0066409217811, 0.66311091557, 0.28059697298]
    ],
    [
      [0.52311501222, 0.030152551401, 0.018578198878, 0.075004629937, 0.34611916839, 0.0040945127744, 0.002935926396],
      [0.012495066756, 0.048496969684, 0.024065055722, 0.13336227577, 0.018279092664, 0.62574771775, 0.13755382165],
      [8.0122308843e-07, 0.0073627087179, 0.036162601512, 0.00121832399, 0.03735010454, 0.88972558124, 0.028179878778],
      [0.058926937157, 0.10959331111, 0.028207260125, 0.067359077924, 0.6098671569, 0.078189351751, 0.047856905026],
      [0.00011595965284, 0.024913710072, 0.019206573784, 0.55792146473, 0.012990407927, 0.38480850757, 4.3376261504e-05],
      [0.014351036936, 0.31648123685, 1.7885048877e-17, 0.041895528674, 0.013747337674, 0.57885216991, 0.034672689958],
      [0.00021013726905, 0.0036232273298, 0.032395421978, 0.0057929922485, 0.0045361426733, 0.69768327946, 0.25575879904]
    ],
    [
      [0.52659784586, 0.033831353675, 0.030886742414, 0.045456873162, 0.35789631126, 0.0030218174311, 0.0023090561961],
      [0.015796234977, 0.069855915689, 0.051469565236, 0.10391442578, 0.023976306361, 0.59545351624, 0.13953403572],
      [9.9804453283e-07, 0.010434166703, 0.07639626938, 0.0009373652126, 0.048322051555, 0.83578385255, 0.028125296558],
      [0.058760639761, 0.12378216832, 0.047111357179, 0.04100030695, 0.63356264282, 0.057970646522, 0.037812238439],
      [0.00016353500649, 0.040034488535, 0.045877986034, 0.48599534393, 0.019027630938, 0.40885204532, 4.8970238173e-05],
      [0.016266679025, 0.41434655082, 3.4141684099e-17, 0.029237971208, 0.016161742372, 0.49259771336, 0.031389343216],
      [0.00026269856866, 0.0051539467913, 0.068679942297, 0.0044741136391, 0.0058872768083, 0.65780314054, 0.25773888135]
    ],
    [
      [0.46723077761, 0.018711750138, 0.010226074997, 0.064948294111, 0.43447996569, 0.0025135163372, 0.0018896211219],
      [0.017258432455, 0.045057402163, 0.019813730927, 0.17339554951, 0.034331575373, 0.57742616738, 0.13271714218],
      [1.1562375579e-06, 0.0071524536222, 0.031097724928, 0.0016579317343, 0.073245506513, 0.85851570207, 0.028329524898],
      [0.05207430674, 0.06515435791, 0.014888739895, 0.056053537389, 0.7362232538, 0.046057370055, 0.02954843421],
      [0.00014054661287, 0.020322886853, 0.013892273119, 0.63249069213, 0.021425273679, 0.3116916938, 3.6633812125e-05],
      [0.020644116545, 0.30461054427, 1.5337223821e-17, 0.056778946655, 0.026902167301, 0.55628634366, 0.03477788157],
      [0.00030952299196, 0.0035922107386, 0.028428747863, 0.008041312857, 0.0090785966253, 0.68650103668, 0.26404857224]
    ],
    [
      [0.51553979037, 0.037522801456, 0.03751930482, 0.10314511815, 0.29347270536, 0.005300452283, 0.0074998275637],
      [0.0083354394878, 0.040673067398, 0.032782962146, 0.123501203, 0.010458666044, 0.54646713579, 0.23778152613],
      [5.9197981262e-07, 0.0068347954865, 0.0545375111, 0.0012491337141, 0.023645175582, 0.85995302961, 0.053779762524],
      [0.053689618094, 0.12596824378, 0.052575218408, 0.085421804247, 0.47597278223, 0.093407294875, 0.11296503836],
      [8.5297076699e-05, 0.023017938293, 0.028810903748, 0.56974802496, 0.0081869387258, 0.37006857323, 8.2323963513e-05],
      [0.010789348901, 0.29949533883, 2.7443641652e-17, 0.043745111183, 0.0088647556718, 0.56970689941, 0.067398546008],
      [0.00012678973253, 0.0027458298024, 0.039858881995, 0.0048484607659, 0.0023454476336, 0.55022933059, 0.39984525948]
    ],
    [
      [0.78110783585, 0.009615220499, 0.0085236445954, 0.031136652141, 0.16577629144, 0.0015858595483, 0.0022544959302],
      [0.037604785152, 0.033827482544, 0.024179205436, 0.12134154745, 0.018902498472, 0.53144128581, 0.23270319514],
      [2.7143518097e-06, 0.0058080479153, 0.0410836891, 0.0012533476661, 0.043649786862, 0.85456155094, 0.053640863167],
      [0.1594614151, 0.067233217352, 0.024957885285, 0.053955905886, 0.56504758031, 0.058394116471, 0.070949879602],
      [0.0003920321816, 0.019610152998, 0.021773773325, 0.57432916473, 0.015144714254, 0.36866788466, 8.2277853986e-05],
      [0.049922432824, 0.25458181137, 2.0726901792e-17, 0.044021788215, 0.016411535812, 0.56762875509, 0.067433676693],
      [0.00058704642418, 0.002357967859, 0.030347237491, 0.0049152172888, 0.0043684543158, 0.55244141955, 0.40498265708]
    ],
    [
      [0.52926544128, 0.025849155244, 0.028276019375, 0.065189289543, 0.34159391045, 0.0041113106315, 0.0057148734734],
      [0.012062539314, 0.037205351227, 0.032667674106, 0.10343866046, 0.016331013684, 0.55977721293, 0.23851754828],
      [8.3051959656e-07, 0.0060689870812, 0.052576345394, 0.0010192632342, 0.035750696996, 0.85219624087, 0.052387635904],
      [0.060905636449, 0.090830435181, 0.041608958462, 0.056858725231, 0.58348157823, 0.076067817569, 0.09024684888],
      [0.00013551639942, 0.02316206093, 0.031599682228, 0.51360797189, 0.014054428213, 0.41734907324, 9.1267101393e-05],
      [0.015795567914, 0.27286386904, 2.7728828054e-17, 0.03724233713, 0.014013146046, 0.59137040219, 0.068714677687],
      [0.00018129990195, 0.0024855169978, 0.039179408535, 0.0040315118841, 0.0036153727299, 0.55602480749, 0.39448208246]
    ],
    [
      [0.55595537969, 0.022035690412, 0.017919955471, 0.050849499284, 0.34579294429, 0.0037683449702, 0.0036781858839],
      [0.014307681491, 0.038181213687, 0.024988561909, 0.097307245165, 0.01966402709, 0.61977652514, 0.18577474552],
      [9.1468364506e-07, 0.0057840019061, 0.037415397445, 0.0008895855781, 0.040051539271, 0.87797976414, 0.037878796973],
      [0.065491219738, 0.083551282661, 0.028429484387, 0.047759726396, 0.63691275405, 0.075185580724, 0.062669952048],
      [0.00015818946895, 0.023406366312, 0.023799908034, 0.48103464946, 0.016663474228, 0.45486762355, 6.9788946129e-05],
      [0.017670803804, 0.26642910618, 1.9974037612e-17, 0.032961380758, 0.015900302073, 0.61672230575, 0.050316101441],
      [0.00022244845741, 0.0026396979792, 0.031076872198, 0.003921433663, 0.0045103074032, 0.63837599962, 0.31925324068]
    ],
    [
      [0.6418611357, 0.015478749246, 0.027075126905, 0.044693023577, 0.26399892505, 0.0033447781367, 0.0035482613838],
      [0.018782927953, 0.029440247476, 0.041414446243, 0.093840172863, 0.016580897047, 0.60355575965, 0.19638554877],
      [1.2063583039e-06, 0.0044826529909, 0.062263629462, 0.00086252791606, 0.033891931499, 0.85827428723, 0.040223764542],
      [0.093257297989, 0.07024079582, 0.05146400866, 0.050320977277, 0.58238180518, 0.079934313459, 0.072400801611],
      [0.00021281028653, 0.01849360476, 0.040415474642, 0.47250055409, 0.014397656544, 0.453904229, 7.5670677266e-05],
      [0.025026469195, 0.22022418082, 3.572391165e-17, 0.034341047186, 0.01447181456, 0.64846988965, 0.057466598585],
      [0.00028656216379, 0.0019978061624, 0.050485742547, 0.0037125287069, 0.0037289278063, 0.60929617896, 0.33049225365]
    ],
    [
      [0.36123549004, 0.02109182956, 0.021612956517, 0.036733168734, 0.55492051044, 0.0021332712555, 0.0022727734569],
      [0.01462145777, 0.056683784713, 0.046802392588, 0.10929257532, 0.048577508645, 0.54550454773, 0.17851773323],
      [9.4565234255e-07, 0.0086763556042, 0.070986996363, 0.0010095507572, 0.10016219704, 0.78240592001, 0.036758034575],
      [0.033261294061, 0.061602534157, 0.026407640752, 0.026573210601, 0.78956755074, 0.032781256, 0.02980651369],
      [0.00015194052378, 0.03264349416, 0.041900265273, 0.51027191557, 0.038699466783, 0.37627004872, 6.2868969501e-05],
      [0.016669897897, 0.36805740561, 3.4438158127e-17, 0.034110167967, 0.036258159869, 0.50040620345, 0.044498165203],
      [0.00023967085961, 0.0041280714151, 0.061461509125, 0.0046404561016, 0.011746485758, 0.59314018693, 0.32464361981]
    ],
    [
      [0.63662468078, 0.02201086595, 0.016156594805, 0.041685927693, 0.27857263737, 0.0023555296523, 0.0025937637467],
      [0.024360942632, 0.055181245518, 0.032586678631, 0.11540603057, 0.02303997634, 0.56019935109, 0.18922577522],
      [1.661260675e-06, 0.0089152579009, 0.052062692791, 0.0011248949794, 0.05004528255, 0.84664734013, 0.041202870385],
      [0.092515724613, 0.10067416651, 0.030908186747, 0.047224181927, 0.61875642922, 0.056664005862, 0.05325730512],
      [0.00025268074928, 0.031717026156, 0.02910340324, 0.53497861556, 0.018315693774, 0.38556582619, 6.6754336477e-05],
      [0.027816361498, 0.3561582948, 2.407629192e-17, 0.036127962587, 0.017229741417, 0.51525066842, 0.047416971285],
      [0.00039586145033, 0.003986119274, 0.042364322727, 0.0048588258184, 0.0055226607135, 0.60317913607, 0.33969307395]
    ],
    [
      [0.4501295779, 0.019270989996, 0.018676450257, 0.097447837234, 0.40812675373, 0.0032779121266, 0.003070478751],
      [0.011667385975, 0.034240491112, 0.026724889839, 0.19191135009, 0.02386959374, 0.55274886182, 0.15883742742],
      [8.1793198005e-07, 0.0056890469354, 0.043928728127, 0.0019125592928, 0.053370416511, 0.85950387695, 0.035594554251],
      [0.046555780388, 0.065426720507, 0.026543678733, 0.081929588568, 0.67413488766, 0.058579599071, 0.046829745077],
      [8.9997825638e-05, 0.014635099435, 0.017737924813, 0.67065003587, 0.014104277203, 0.28274099648, 4.1668365707e-05],
      [0.015475299533, 0.25755604037, 2.2935148682e-17, 0.069496370711, 0.020720950783, 0.59051252418, 0.046238814422],
      [0.00020333000172, 0.0026538421223, 0.037298592356, 0.0086216169583, 0.0061421206322, 0.6389217181, 0.30615877983]
    ],
    [
      [0.58654337852, 0.022247691921, 0.024530904986, 0.061358920175, 0.29856205108, 0.003662831933, 0.0030942213868],
      [0.015129576453, 0.039341703854, 0.034905771904, 0.11991411849, 0.017396676381, 0.61421482401, 0.15909732891],
      [9.6930024802e-07, 0.0059775407038, 0.05241613896, 0.0010982097618, 0.035530241672, 0.87239890647, 0.032577993129],
      [0.073326182353, 0.091174143594, 0.042086296356, 0.06233021104, 0.59512655295, 0.078998567786, 0.056958045923],
      [0.00014973016478, 0.021604327223, 0.02977849093, 0.53136666194, 0.013206055081, 0.40384107833, 5.3656336024e-05],
      [0.018654014788, 0.27355692137, 2.7847133645e-17, 0.04051956362, 0.014040833883, 0.61015161211, 0.043077054226],
      [0.00024468839242, 0.0028312149332, 0.045181045276, 0.0050249432389, 0.0041531318431, 0.65838082937, 0.28418414695]
    ],
    [
      [0.29018233321, 0.028482390562, 0.036789303183, 0.0765926194, 0.55478830958, 0.0059334790019, 0.0072315650665],
      [0.0044682604176, 0.029930436409, 0.031363635912, 0.089276241445, 0.018778615354, 0.60027703072, 0.22590577974],
      [2.8987229474e-07, 0.0045837410279, 0.047591905858, 0.00082253039379, 0.038717072334, 0.86206674083, 0.046217719683],
      [0.022018369544, 0.070450173909, 0.038059009094, 0.046745309372, 0.66478221784, 0.077281440503, 0.08066347974],
      [5.1938101285e-05, 0.019202470089, 0.031219850425, 0.47282260512, 0.01666207319, 0.45995344267, 8.7620401839e-05],
      [0.0060027789308, 0.22978163456, 2.718067085e-17, 0.032787766823, 0.016515968915, 0.64897132001, 0.065940530767],
      [6.5816354843e-05, 0.0019525230875, 0.03686425957, 0.0033827039926, 0.0040685735376, 0.58419455004, 0.36947157342]
    ],
    [
      [0.31457510719, 0.043110137668, 0.065087004425, 0.18835270157, 0.37487365302, 0.0074019575263, 0.0065994385918],
      [0.0039504945138, 0.035395514058, 0.043044482699, 0.17106428796, 0.010106716266, 0.57824593235, 0.15819257216],
      [2.6815971778e-07, 0.005681112259, 0.068344097983, 0.0016517770785, 0.021802558955, 0.86835853071, 0.034161654855],
      [0.026490681566, 0.11443509365, 0.07220597718, 0.12359161521, 0.48131839992, 0.10327084733, 0.078687385138],
      [3.2576303507e-05, 0.016130277392, 0.030464135501, 0.63164937455, 0.0063719472027, 0.31530753929, 4.4149761685e-05],
      [0.0052083938417, 0.26399317763, 3.6705580577e-17, 0.061752298063, 0.008730222638, 0.61457012003, 0.045745787794],
      [6.6007291247e-05, 0.0026229250276, 0.057393993695, 0.0073660478866, 0.0024857638618, 0.63839367642, 0.29167158582]
    ],
    [
      [0.31355031717, 0.034703883825, 0.032439162635, 0.15588358001, 0.45165510518, 0.0072462787484, 0.0045216724299],
      [0.0042486502465, 0.032210597328, 0.024286060767, 0.16030013657, 0.013510017987, 0.64250418363, 0.12294035347],
      [2.7047387367e-07, 0.0048435334126, 0.036150631653, 0.0014419187957, 0.027338727614, 0.90534684161, 0.024878076445],
      [0.025715076576, 0.09300792989, 0.036308018276, 0.10300745475, 0.58543821202, 0.10207607534, 0.054447233147],
      [3.5338302306e-05, 0.014769243485, 0.017284904287, 0.60719251286, 0.0085735089271, 0.35211003664, 3.4455501043e-05],
      [0.0054132389918, 0.23343610546, 2.0014266143e-17, 0.05568770168, 0.01127561216, 0.65986061461, 0.034326727094],
      [7.2269533074e-05, 0.0024283412372, 0.032989117327, 0.0069841330772, 0.0033821548121, 0.72277316114, 0.23137082287]
    ],
    [
      [0.51513438744, 0.030241731821, 0.022623340578, 0.053600421602, 0.37130678451, 0.0038134284188, 0.0032799056296],
      [0.013620736558, 0.051769337039, 0.031113719715, 0.10122439228, 0.020992717992, 0.61826691659, 0.16301217983],
      [8.655745497e-07, 0.0077930417658, 0.046259139441, 0.00092016951192, 0.042452356684, 0.86952197571, 0.033052451309],
      [0.058041908864, 0.10620543262, 0.033248320261, 0.046671506878, 0.6336332475, 0.070469432361, 0.051730151516],
      [0.00014618667735, 0.030792703497, 0.028760639494, 0.48252457676, 0.01726492775, 0.4404514012, 5.9564627097e-05],
      [0.015466092373, 0.33068785312, 2.2881235798e-17, 0.031563611494, 0.015615355098, 0.56599018897, 0.040676898946],
      [0.00021906684449, 0.0037006474112, 0.039976078491, 0.0042206104499, 0.0049760845661, 0.65788664111, 0.28902087113]
    ],
    [
      [0.63050254561, 0.022541103409, 0.025401790309, 0.058578588735, 0.25600778682, 0.003392172891, 0.0035760122206],
      [0.017091983545, 0.040805399199, 0.037044744471, 0.11724632196, 0.015258720468, 0.58368337049, 0.18886945987],
      [1.1386497955e-06, 0.0064412975444, 0.057841285132, 0.0011163666039, 0.032381570932, 0.86207831593, 0.040140025209],
      [0.08735733665, 0.099993535096, 0.04712281296, 0.064328926122, 0.55083140996, 0.079127726768, 0.071238252441],
      [0.00017469720617, 0.023117803339, 0.032605679436, 0.5362003471, 0.011953425147, 0.3958824732, 6.5574570957e-05],
      [0.021321630798, 0.28800982734, 2.9886381416e-17, 0.040085511472, 0.012464398431, 0.58646635028, 0.051652281682],
      [0.00027025990724, 0.0028682144639, 0.04686158219, 0.0048017717602, 0.0035593578022, 0.61146445142, 0.33017436246]
    ],
    [
      [0.45723580971, 0.033263087796, 0.014630880655, 0.054119356856, 0.43023503468, 0.0050466925151, 0.0054691377841],
      [0.0085305401486, 0.042509196145, 0.015040117119, 0.075691431753, 0.017313439074, 0.62983030211, 0.21108497365],
      [5.420365292e-07, 0.0063909300005, 0.022417539301, 0.00068501503026, 0.035022083727, 0.89345477473, 0.042029115176],
      [0.043774700287, 0.10244010575, 0.018699551148, 0.040782869447, 0.63661092251, 0.081672292386, 0.076019558467],
      [0.00010514824056, 0.028770511021, 0.015835989352, 0.43085252457, 0.016296343821, 0.50805433847, 8.514452238e-05],
      [0.010192189068, 0.29294754556, 1.1607006912e-17, 0.024693451237, 0.013548234569, 0.60446555467, 0.054153024898],
      [0.00012650954647, 0.0027960480245, 0.01784689047, 0.0028933284688, 0.0037850218235, 0.61989253003, 0.35265967164]
    ],
    [
      [0.30094866387, 0.046778217234, 0.05122621755, 0.090969873954, 0.49713221919, 0.0068540658318, 0.006090742362],
      [0.0044157926028, 0.04502493319, 0.039721583635, 0.096666768968, 0.015686315003, 0.62736442265, 0.17112018396],
      [2.7663114964e-07, 0.0066631954884, 0.058169128683, 0.00086291918238, 0.03123375124, 0.86896995857, 0.034100770208],
      [0.02354726463, 0.11574906012, 0.052951559047, 0.055598947476, 0.59540682689, 0.08910760316, 0.067638738675],
      [4.805619293e-05, 0.027082246321, 0.037115983364, 0.4709594402, 0.013051785935, 0.4516794268, 6.3061187975e-05],
      [0.0052583595244, 0.30437264053, 3.0592212558e-17, 0.031554073423, 0.012236057955, 0.6018991058, 0.044679762762],
      [6.8805881007e-05, 0.0031093240782, 0.049392123185, 0.0038898858192, 0.003597668495, 0.64595886958, 0.29398332296]
    ],
    [
      [0.53356219524, 0.031099162972, 0.015523647268, 0.048269472879, 0.36628548583, 0.0021430974207, 0.0031169383879],
      [0.019391039244, 0.07532156194, 0.030315029688, 0.12951035567, 0.028994035625, 0.49488463418, 0.22158334366],
      [1.4330129388e-06, 0.013163883698, 0.052593465042, 0.0013663562044, 0.068306800169, 0.81248501488, 0.052083046994],
      [0.062181326446, 0.11564930362, 0.024077196634, 0.044324296458, 0.65997165079, 0.041823456786, 0.051972769259],
      [0.0001934781931, 0.041601166187, 0.026040685595, 0.58246050907, 0.02216993633, 0.32745958736, 7.4637261728e-05],
      [0.020372489965, 0.45411555174, 2.0547245946e-17, 0.037183028059, 0.019944318902, 0.41766242488, 0.05072218645],
      [0.00031761961365, 0.0054740347863, 0.039791587682, 0.0054887953646, 0.0070083868122, 0.5380415268, 0.40387804894]
    ],
    [
      [0.54665540606, 0.026718610648, 0.037474326851, 0.064841837684, 0.31821208388, 0.0037213354796, 0.0023763994024],
      [0.015056262048, 0.046992139276, 0.052939566903, 0.12583777631, 0.018542225789, 0.61949963122, 0.12113239846],
      [9.3827813816e-07, 0.0069368407342, 0.07715886952, 0.0011221884434, 0.036754928549, 0.85391925361, 0.024106980863],
      [0.067944452784, 0.10232357461, 0.060078030525, 0.061609295554, 0.59217778853, 0.075002188398, 0.040864669602],
      [0.00014285581106, 0.024710542669, 0.043259539318, 0.52818126263, 0.013480230364, 0.39018637402, 3.9195188278e-05],
      [0.017674782424, 0.30973284499, 4.0252658378e-17, 0.040589768426, 0.014261837326, 0.58644719023, 0.031293576602],
      [0.00025366214743, 0.0035187106288, 0.071226196014, 0.0054982047513, 0.0046028098244, 0.69024365589, 0.22465676075]
    ],
    [
      [0.28324226142, 0.032813227548, 0.019149770437, 0.054219639781, 0.60142579194, 0.0042520698195, 0.0048972390527],
      [0.0059625219961, 0.048298769574, 0.022727903306, 0.088092155972, 0.028929022286, 0.59512576239, 0.21086386448],
      [3.8644359652e-07, 0.0073856637143, 0.034475760078, 0.00080681246862, 0.059707126016, 0.85414696667, 0.043477284609],
      [0.021044362155, 0.082290597086, 0.020062666016, 0.033406657802, 0.73204371084, 0.056037526335, 0.055114479761],
      [6.832391423e-05, 0.030505639906, 0.02228097552, 0.4722575111, 0.025275007996, 0.4495311227, 8.1418865263e-05],
      [0.0069955543964, 0.32649198504, 1.7244972624e-17, 0.028151741626, 0.022212217508, 0.56202822096, 0.054120280471],
      [9.1145677867e-05, 0.0032684535997, 0.027775291045, 0.0034518953599, 0.0065167001133, 0.60236579348, 0.35653072073]
    ],
    [
      [0.26034474606, 0.024756745461, 0.015209447417, 0.12257328304, 0.56433966703, 0.0053833177117, 0.0073927932746],
      [0.0037304334636, 0.026015656086, 0.013183887906, 0.14602841469, 0.01914179755, 0.55569759875, 0.23620221156],
      [2.6577407643e-07, 0.0043538717578, 0.021911175081, 0.0014550099534, 0.043232451856, 0.8762988495, 0.052748376075],
      [0.018172208728, 0.061179549471, 0.015726601146, 0.074770673322, 0.6773669408, 0.070180486882, 0.082603539649],
      [3.4186643825e-05, 0.013130265964, 0.010293445455, 0.62950612853, 0.013345008914, 0.33361961719, 7.1347303984e-05],
      [0.0053048862034, 0.21511154303, 1.2082496037e-17, 0.056131379972, 0.017797423716, 0.63327998183, 0.072374785255],
      [5.7572593321e-05, 0.0017675405661, 0.016183206334, 0.0057028197694, 0.0043287550776, 0.56542931664, 0.40653078902]
    ],
    [
      [0.51352880939, 0.02330088647, 0.014346257092, 0.058144609745, 0.38535491515, 0.0029420612573, 0.0023824608906],
      [0.01694626187, 0.049758421353, 0.024633214928, 0.13722346019, 0.027126397221, 0.59636301572, 0.14794922871],
      [1.1106549715e-06, 0.00772486864, 0.0377878292, 0.0012856262765, 0.056589682886, 0.86567149039, 0.030939391955],
      [0.060299661062, 0.085125122918, 0.021925998446, 0.052661748443, 0.68434993894, 0.056554221414, 0.039083308771],
      [0.00015746425141, 0.025618465301, 0.0197109574, 0.56747295765, 0.019315111486, 0.36767828139, 4.6762522695e-05],
      [0.019571172754, 0.323908796, 1.8418555717e-17, 0.043474103941, 0.020523244589, 0.55500352186, 0.03751916086],
      [0.00028827155592, 0.0037621370604, 0.033495963589, 0.0060478939235, 0.0068019786272, 0.67169761139, 0.27790614386]
    ],
    [
      [0.00072965701337, 2.754137349e-05, 0.99894645509, 6.4882415375e-05, 0.00022989559997, 5.1239733853e-07, 1.0561061481e-06],
      [1.2281540936e-05, 3.3985756612e-05, 0.99975726631, 8.9725242765e-05, 9.2270090882e-06, 5.9646451378e-05, 3.7867691935e-05],
      [5.0776805466e-10, 3.3096800533e-06, 0.99992344653, 5.2044992902e-07, 1.2279068282e-05, 5.5393328319e-05, 5.0504310853e-06],
      [4.9764352766e-05, 6.5665101647e-05, 0.99956582663, 3.7917690452e-05, 0.00026326444343, 6.3742628858e-06, 1.1187517351e-05],
      [1.4310418299e-07, 2.1846175491e-05, 0.99942471567, 0.00049886426295, 8.2637501809e-06, 4.6152068661e-05, 1.4966777644e-08],
      [0.039228420926, 0.68855053662, 1.9653273211e-12, 0.076323936218, 0.01918025874, 0.15068322228, 0.026033625212],
      [1.4974200422e-07, 1.8306658722e-06, 0.9998924389, 2.7893409483e-06, 1.6755266331e-06, 4.897816123e-05, 5.2137663891e-05]
    ],
    [
      [0.60202494298, 0.018597600071, 0.018288946958, 0.041360880368, 0.31422454651, 0.0020926523175, 0.0034104307947],
      [0.024086620909, 0.047040943072, 0.037130176105, 0.11532163302, 0.026419382775, 0.5001582497, 0.24984299442],
      [1.7590273192e-06, 0.0081393234499, 0.063393893554, 0.0012051967233, 0.061363481242, 0.80764176503, 0.05825458097],
      [0.083680916864, 0.079010923033, 0.032541228517, 0.043621148264, 0.64924775971, 0.046808402881, 0.065089620727],
      [0.00026164038745, 0.028320050417, 0.034731169125, 0.55395981528, 0.021986660297, 0.36064812239, 9.254210285e-05],
      [0.030291113249, 0.33152468069, 3.0269426327e-17, 0.039867501313, 0.021769793964, 0.50738702451, 0.069159886276],
      [0.00037378573904, 0.0032451843405, 0.045994885861, 0.0046414441377, 0.0060402019742, 0.51313885037, 0.42656564758]
    ],
    [
      [0.80290966012, 0.0048052766857, 0.010598850427, 0.0073887732914, 0.17002547665, 0.0016454399064, 0.0026265229166],
      [0.026826905253, 0.016708830083, 0.031347760716, 0.029166613698, 0.01867408005, 0.58692797235, 0.29034783785],
      [1.7236404451e-06, 0.0025800243856, 0.047976026637, 0.00027608133934, 0.038722490851, 0.85152524838, 0.058918404771],
      [0.12974754333, 0.035959774399, 0.033712147208, 0.01385494451, 0.63076824709, 0.065851134369, 0.090106209091],
      [0.00046038796389, 0.016170912203, 0.046807103977, 0.23861168318, 0.024831450287, 0.6729532613, 0.00016520109518],
      [0.039949413768, 0.14254177393, 2.9656265923e-17, 0.011949510836, 0.018109706725, 0.69581901183, 0.091630582913],
      [0.00035568345196, 0.000998830913, 0.033698445797, 0.0010307088495, 0.0036915862421, 0.52219126925, 0.43803347549]
    ]
  ],
  "expected_outcome": [
    [
      [12.0484339739, 17.6749741124, 0.40798087602, 122.5754758656, 53.9907523108, 14.7303471221, 18.3063044391, 95.4431021519, 11.4292910826, 8.8929552078, 7.3723698421, 11.6807694402, 10.3107958074, 10.154401866, 64.0411183951, 10.563152214, 24.3907231565, 4.6960613705, 21.0086144659, 3.6010366232, 5.2788904067, 2.0312763324, 5.3477768223, 2.8219528546, 15.4540316231, 13.8710560035, 11.8881310525, 4.2132812942, 11.7383682953, 33.8926351756, 0.84972678427, 0, 17.9735083288, 0.0051075990936, 72.2429931571, 1.6058193202],
      [0.4303878628, 0.6888445536, 0.028953408088, 4.1820239433, 1.4818065661, 0.88827066395, 0.9186372882, 4.0424525639, 0.70107155429, 0.51259337381, 0.47363895145, 0.46779375346, 0.75045602913, 0.12499786649, 3.1277477846, 0.41867811783, 0.58819247136, 0.27419378428, 0.72635857636, 0.15416791997, 0.20022922729, 0.19937673394, 0.73287234036, 0.31233495442, 0.90725195464, 0.495904275, 0.86484028269, 0.65489504128, 0.68418158539, 1.6565538602, 0.098439682643, 0, 0.81553102647, 0.00019278961443, 2.2317120085, 0.0096105533714],
      [0.29146129019, 0.27012193777, 0.012385751203, 3.0459759838, 0.99158804752, 0.53199207981, 1.0673540066, 3.4700362511, 0.68889550146, 0.31582938093, 0.4324143938, 0.25565187492, 0.75038609639, 0.11080737974, 3.4213983443, 0.34047915395, 1.0288548224, 0.28096843472, 0.53316762855, 0.14941160205, 0.22077814488, 0.25752512228, 1.1064790752, 0.29195246371, 0.67870021733, 0.5588393868, 0.38040289702, 0.7171670457, 0.34152023989, 2.3234082647, 0.057449311312, 0, 0.50211899823, 6.9926251857, 2.194673635, 0.021197700854],
      [1.7941990736, 0.87348927498, 0.033131382336, 7.4044972303, 3.9341964068, 1.3741388002, 2.0979291738, 12.4583924261, 2.7314087463, 1.2750787089, 0.63639622427, 1.6237073528, 2.062902363, 0.40477647783, 7.8879040347, 0.9661404864, 1.6983348959, 0.47753119354, 1.3756356139, 0.77958269788, 0.55223028157, 0.5361483358, 3.2019959268, 1.4029522201, 1.6080126481, 1.2887289522, 1.4071032783, 1.2735782354, 1.0619284033, 4.0201939364, 0.16265891934, 0, 2.0350613411, 0.00045417690763, 4.9633056442, 0.014777546583],
      [6.3588266723, 5.3684170506, 0.51043269705, 61.9263140163, 23.137232326, 6.3255982169, 10.3674234672, 80.46525718, 15.2339407394, 5.8840258626, 5.0105483576, 10.8619991422, 5.8694541072, 2.1550917887, 41.3328631647, 6.5700659415, 10.0319591521, 7.2139666357, 9.1928970332, 3.2650140299, 2.6870584597, 3.8835181671, 6.3728521013, 4.0648959466, 11.1392035354, 5.6321713101, 11.1861109018, 6.9598510687, 8.0582806883, 19.7291492004, 1.8042773758, 0, 13.4874220302, 0.0016092691998, 37.7069455817, 0.3400509533],
      [0.04294329247, 0.065074391831, 0.0039209712937, 0.43504810068, 0.18752990836, 0.070958682228, 0.12220262931, 0.57921632281, 0.11781749401, 0.069606717165, 0.042305444035, 0.06283790843, 0.10600904566, 0.020616174128, 0.49746858641, 0.071598554433, 0.12710156919, 0.027732526322, 0.077732478526, 0.026223297013, 0.032965487397, 0.041534353013, 0.12583327795, 0.065216508735, 0.11440285256, 0.074627803603, 0.13121400539, 0.095956921646, 0.047148143255, 0.23072279974, 0.012756209458, 0, 0.10297214401, 3.5867813697e-06, 0.2511182781, 0.0032908798128],
      [0.033747834667, 0.059078678769, 0.0031949140062, 0.43066486007, 0.27689443441, 0.078694434747, 0.12014899586, 0.5415431043, 0.097574881949, 0.049910748732, 0.032326786745, 0.047240528047, 0.14999655127, 0.029308447093, 0.69149969028, 0.069885531795, 0.13483393258, 0.02954605494, 0.085594203641, 0.024563830008, 0.027847992481, 0.050620955465, 0.11219045606, 0.040695051869, 0.098397168887, 0.078672268854, 0.14219758239, 0.085270393068, 0.068572644533, 0.14733676295, 0.014691717158, 0, 0.083386131171, 7.3927430366e-06, 0.40925169537, 0.0052530458333]
    ],
    [
      [0.17270471708, 0.14913364449, 0.056343572567, 1.7469999644, 0.72093476167, 0.49325926159, 0.52786704853, 1.0508968752, 0.1868962191, 0.19992106809, 0.25273975963, 0.13806745964, 0.22505686617, 0.78970048818, 0.55487680842, 0.24323058535, 0.69496833426, 0.26318623987, 0.58466262316, 0.28001726341, 0.49927602295, 0.022341302088, 0.10666335187, 0.038237852218, 0.53120872575, 0.51275950636, 0.025591620446, 0.092731644658, 0.27147454942, 0.87326319879, 0.059625219961, 0.0074608669272, 0.45754907049, 7.3689245615e-05, 2.91448113, 0.18778833677],
      [0.41911738333, 0.40270450005, 0.35738995488, 3.7545273142, 1.2627212903, 1.952947438, 1.7165959844, 2.8022460684, 0.73918401284, 0.77595151495, 1.117694651, 0.36045921731, 1.0981728197, 0.71037713343, 1.7114461564, 0.64908063267, 1.0892891566, 1.0203081248, 1.3243498924, 0.82177178669, 1.2982762272, 0.14965218204, 0.95567887957, 0.28989537595, 2.0190041445, 1.224161976, 0.12752758844, 0.94552359698, 1.0545018672, 2.725544078, 0.48298769574, 0.052031312171, 1.3434773765, 0.00020391453967, 5.6919541118, 0.11696181058],
      [0.22939515486, 0.12746947462, 0.12408541288, 2.1947281776, 0.6787740817, 0.9402467884, 1.6039077401, 1.9305909372, 0.58447122398, 0.38504089154, 0.82351304377, 0.15850984742, 0.88513997794, 0.50776331416, 1.5027130089, 0.42480555245, 1.532334511, 0.84244306658, 0.78208028714, 0.64139735615, 1.1518904728, 0.15681817956, 1.1622010329, 0.2185745469, 1.2134350689, 1.1113423341, 0.045120351357, 0.83415325634, 0.42441041563, 3.0704948804, 0.22727903306, 0.026367775812, 0.66509680305, 5.9985435978, 4.4927513087, 0.21943432501],
      [1.9541759424, 0.56229787604, 0.45325246202, 7.3271780146, 3.6977725398, 3.336247971, 4.3292188474, 9.522545156, 3.1829702675, 2.1337964124, 1.6626308124, 1.3871643961, 3.334532481, 2.5481724965, 4.758178381, 1.6542231678, 3.4720863959, 1.9672663558, 2.7697447337, 4.6058724021, 3.9571659103, 0.44638120723, 4.6187357749, 1.4427012291, 3.947751299, 3.5173896587, 0.22707429526, 2.0300021483, 1.8131449794, 7.298591026, 0.88092155972, 0.29205682937, 3.7050334252, 0.00053835145659, 13.9539175959, 0.20416629589],
      [0.20005980139, 0.10157844151, 0.20315192677, 1.8482454981, 0.65341251719, 0.45911151045, 0.64023609215, 1.8531796406, 0.53005188948, 0.29246548263, 0.38362090178, 0.27465260299, 0.28238398319, 0.39695246792, 0.75122662945, 0.33428846054, 0.61349319073, 0.87439515562, 0.55295943216, 0.57287024975, 0.57409032059, 0.093893076769, 0.27288133917, 0.12159016188, 0.81871600169, 0.45776161404, 0.051940317222, 0.32941261506, 0.40591649875, 1.0754490957, 0.28929022286, 0.038283595101, 0.73241272496, 5.5362054529e-05, 3.1967453157, 0.13071856035],
