{
  "Z_true": {},
  "V_true": [
    [136, 560, 441, 64, 64],
    [278, 5425, 629, 403, 133],
    [888, 351, 15606, 399, 378],
    [219, 496, 409, 88, 49],
    [614, 207, 695, 115, 192]
  ],
  "p_true": [
    [0.1075, 0.4427, 0.3486, 0.0506, 0.0506],
    [0.0405, 0.7899, 0.0916, 0.0587, 0.0194],
    [0.0504, 0.0199, 0.8856, 0.0226, 0.0215],
    [0.1737, 0.3933, 0.3243, 0.0698, 0.0389],
    [0.3368, 0.1135, 0.3812, 0.0631, 0.1053]
  ],
  "Z_est": [
    [
      [4.8509, 8.1722, 5.5117, 3.8514, 3.2957, 4.8853, 0.7431, 2.229, 6.0299, 4.8131, 4.7266, 0.9238, 0.8773, 0.9938, 3.5569, 5.6379, 2.0286, 0.8697, 7.8946, 5.5127, 0.0514, 0.1913, 0.415, 0.6296, 0.3303, 4.0714, 2.5591, 0, 0, 8.3329, 0, 0, 0, 3.8814, 0.845, 6.8567, 1.0002],
      [6.4654, 15.3858, 5.7731, 4.9625, 3.1896, 6.6165, 1.2875, 4.9595, 6.1392, 8.4129, 7.73, 2.7018, 3.708, 1.0466, 5.0809, 12.0611, 3.361, 0.9893, 4.673, 5.5499, 0.2826, 1.087, 1.1778, 0.6508, 0.6952, 9.2245, 2.2773, 0, 0, 14.9051, 0, 0, 0.5327, 4.9455, 2.4526, 17.5537, 5.2444],
      [30.6077, 74.0774, 32.8314, 26.4176, 27.3813, 28.8045, 6.394, 27.8052, 40.4941, 41.1812, 36.6751, 7.5009, 2.9172, 5.7327, 21.5076, 53.7927, 13.7259, 5.3408, 37.7134, 33.4589, 1.1643, 1.1596, 5.7078, 2.8443, 1.9745, 34.2612, 17.6623, 0, 0, 72.7833, 0, 0, 1.4669, 23.2987, 8.6436, 71.1962, 17.8444],
      [0.0447, 0.6373, 0.0672, 0.6894, 1.6687, 0.1873, 0.4497, 1.0274, 1.4672, 0.6166, 0.0453, 0.0163, 0.6178, 0.2625, 0.0213, 1.2072, 0.0523, 0.008, 2.046, 1.2056, 0.0024, 0.0119, 0.0047, 0.0029, 0, 0.8355, 1.029, 0, 0, 0.0963, 0, 0, 0.0004, 0.0785, 0.0405, 0.3224, 0.0813],
      [5.0314, 15.7273, 7.8166, 5.0792, 5.4647, 4.5064, 2.1257, 4.979, 9.8695, 8.9762, 3.823, 1.8572, 0.8797, 0.9644, 2.8333, 10.3012, 1.8322, 0.7921, 9.6731, 6.2729, 0.4994, 0.5502, 0.6946, 0.8724, 0, 5.6074, 3.4723, 0, 0, 12.8825, 0, 0, 0, 6.7959, 2.0183, 13.0709, 2.8271]
    ],
    [
      [0.5938, 0.5819, 3.392, 0.3046, 2.5563, 0.9937, 1.4688, 0.0342, 0.7291, 0.238, 1.7749, 8.0589, 2.3266, 0.3719, 1.0688, 0.1406, 0.1851, 0.3926, 2.0983, 1.0675, 0.6872, 0.9908, 0.0141, 0.4184, 0.0062, 0.2025, 1.7476, 0, 0, 1.5221, 0.0367, 0, 0, 0.5118, 0.0758, 1.2719, 0.0165],
      [147.8921, 424.2949, 160.0133, 120.4182, 361.8425, 123.7026, 305.2706, 53.7292, 219.9229, 238.0361, 276.0259, 614.4492, 303.7397, 29.351, 105.7195, 124.0427, 65.1676, 24.3602, 200.9488, 121.9549, 84.4991, 103.3151, 20.5105, 18.2556, 2.9903, 58.6831, 61.3693, 0.9915, 0.9042, 727.6505, 0.8972, 2.4845, 38.4316, 77.6448, 86.5742, 506.8758, 34.3933],
      [2.2254, 6.1451, 8.0112, 1.4166, 17.5262, 1.8766, 3.5774, 1.4933, 4.9562, 2.154, 13.2898, 3.0451, 0.0387, 0.5041, 2.4156, 1.4547, 0.6309, 1.2479, 3.1088, 3.7865, 2.0117, 0.0456, 0.9321, 0.2489, 0.0035, 0.9761, 5.1408, 0.0055, 0.0958, 14.5112, 0.0319, 0.5155, 0.7906, 0.8127, 0.4286, 9.4626, 0.6234],
      [25.8572, 78.4674, 30.947, 22.3753, 39.1714, 25.347, 21.9884, 9.6525, 32.0286, 42.8725, 36.8958, 59.0506, 37.7858, 4.5303, 9.0963, 17.0526, 11.5749, 4.7521, 45.6022, 22.4645, 9.7138, 6.2489, 2.3792, 1.6724, 0, 8.9598, 14.9831, 0, 0, 96.2899, 0, 0, 0.7778, 14.1266, 12.3134, 71.8929, 1.476],
      [1.4315, 4.5106, 3.6366, 1.4853, 1.9036, 1.0801, 1.6948, 1.0909, 3.3632, 2.6994, 1.0136, 1.3961, 0.1092, 0.2427, 0.6999, 2.3094, 0.4416, 0.2472, 3.2419, 1.7266, 2.0882, 0.3996, 0.1641, 0.4048, 0, 1.1785, 1.7592, 0.003, 0, 4.0262, 0.0342, 0, 0, 1.9041, 0.608, 3.4968, 0.5032]
    ],
    [
      [71.9028, 102.8913, 76.745, 53.6753, 37.0827, 42.0959, 11.1841, 17.02, 114.3805, 72.7057, 67.27, 8.4495, 7.1981, 5.9962, 37.3855, 42.642, 24.2375, 10.7202, 158.7951, 71.2759, 0.2999, 1.0965, 3.4895, 7.7677, 1.6635, 23.0048, 38.1486, 0, 0, 131.1536, 0.7068, 0, 0, 35.3037, 12.0804, 55.6816, 4.5693],
      [8.9438, 35.9898, 3.1509, 9.4263, 3.3264, 3.8078, 3.2396, 7.2097, 16.5255, 25.6037, 10.6885, 0.3012, 0.5694, 0.103, 5.4391, 19.41, 5.2409, 0.4218, 7.306, 6.2728, 0.0008, 0.0934, 1.4684, 0.6646, 2.3145, 9.4601, 1.6552, 0.3224, 0.0958, 35.8805, 0.0521, 0.0583, 0.5191, 4.9462, 10.3626, 23.4727, 9.4629],
      [704.7254, 1456.1594, 803.7658, 613.872, 498.0663, 333.0728, 136.5275, 435.9942, 1259.0896, 973.6343, 680.5329, 51.6869, 22.5331, 48.6713, 288.7765, 737.583, 214.8422, 109.0572, 1036.6539, 595.1151, 4.0024, 5.0862, 96.9701, 42.341, 10.022, 314.4016, 431.3836, 19.9076, 0.9042, 1844.238, 7.3729, 13.9417, 9.4808, 344.8163, 168.9095, 929.5039, 144.6863],
      [3.2919, 14.9203, 2.9644, 4.8477, 0.4116, 1.8809, 0.0471, 4.6659, 6.2705, 10.2741, 1.6811, 0.0044, 0.0235, 0.097, 0.3261, 5.3896, 1.818, 0.3635, 8.605, 3.9299, 0.0001, 0.0002, 0.2082, 0.0489, 0, 2.98, 2.4725, 0, 0, 4.9797, 0, 0, 0.0001, 2.0645, 1.3545, 3.7195, 0.331],
      [16.1361, 54.0392, 31.3739, 17.1787, 19.1131, 11.1426, 12.0017, 14.1102, 40.7339, 32.7821, 10.8275, 3.558, 1.6759, 2.1325, 7.0727, 27.9754, 4.8614, 2.4373, 38.64, 19.4063, 0.6968, 0.7238, 1.8638, 3.1778, 0, 12.1535, 13.3401, 1.77, 0, 46.7482, 0.8682, 0, 0, 21.8693, 7.2928, 37.6222, 5.9353]
    ],
    [
      [12.6368, 7.5874, 12.666, 8.7243, 6.1985, 6.3573, 1.9468, 2.9379, 9.7186, 6.3515, 3.2414, 3.0635, 1.6597, 1.4826, 4.0659, 8.2599, 2.0121, 1.767, 15.4971, 5.2433, 0, 0.3768, 0.6767, 1.0667, 0, 4.816, 2.6035, 0, 0, 18.88, 0, 0, 0, 9.0714, 1.2367, 7.3632, 0.1048],
      [22.9023, 25.8532, 11.0681, 18.0409, 15.0718, 12.3951, 15.7754, 6.885, 15.8645, 22.7479, 6.7205, 27.8035, 20.7932, 3.0804, 8.045, 21.9234, 5.9944, 1.6327, 15.4606, 6.7765, 0, 4.7293, 1.9401, 1.5392, 0, 12.8727, 1.7044, 0.6862, 0, 65.1537, 0, 0.3691, 2.3184, 14.967, 11.2758, 32.2551, 0.4241],
      [40.0367, 30.9698, 35.2404, 27.8176, 22.1282, 15.0775, 5.7524, 12.7539, 33.5942, 26.9767, 11.3584, 3.0845, 0.7547, 3.5794, 10.6318, 27.8586, 6.4196, 4.964, 39.2958, 15.3204, 0, 0.1928, 3.976, 2.0093, 0, 13.5958, 8.6104, 2.0869, 0, 79.3808, 0, 1.6309, 0.5395, 21.8137, 5.8882, 27.2071, 0.3737],
      [5.4188, 7.242, 3.537, 4.5542, 2.6745, 3.5851, 1.8824, 1.8358, 3.6043, 5.8806, 1.4713, 4.6731, 4.6986, 0.6825, 0.957, 3.5719, 1.4008, 0.5164, 6.0691, 2.0807, 0, 0.5889, 0.3237, 0.2073, 0, 2.0992, 0.7853, 0, 0, 12.3882, 0, 0, 0.1422, 3.485, 2.3028, 6.8933, 0.0221],
      [1.0053, 1.3476, 1.4884, 0.8631, 0.927, 0.585, 0.643, 0.5873, 1.2184, 1.0433, 0.2084, 0.3754, 0.0937, 0.1752, 0.3003, 1.3863, 0.173, 0.1199, 1.6775, 0.5792, 0, 0.1121, 0.0836, 0.1775, 0, 0.6162, 0.2964, 0.227, 0, 2.1972, 0, 0, 0, 1.6629, 0.2965, 1.2813, 0.0757]
    ],
    [
      [27.0157, 29.7672, 36.6853, 21.4444, 18.8668, 16.6678, 6.6572, 5.7789, 34.1418, 20.8917, 15.9872, 10.5042, 5.9384, 4.1556, 12.923, 16.3196, 7.5367, 5.2504, 39.715, 15.9007, 0.9615, 1.3446, 1.4047, 2.1176, 0, 8.9053, 8.9413, 0, 0, 53.1114, 0.2565, 0, 0, 14.2317, 3.762, 26.8266, 2.3092],
      [12.7965, 20.4764, 10.9946, 11.1522, 11.5698, 8.478, 13.427, 3.2166, 14.5479, 15.1994, 7.8351, 20.7443, 19.1897, 2.4191, 6.7155, 10.5629, 5.2361, 1.596, 11.6117, 5.4459, 3.2175, 3.7752, 0.9032, 0.8899, 0, 5.7595, 1.9937, 0, 0, 39.4101, 0.0507, 0.088, 1.1982, 6.4965, 6.3348, 23.8426, 4.4753],
      [51.4048, 67.6482, 65.1512, 42.4762, 37.8981, 25.1687, 10.7487, 15.9534, 71.8659, 49.0538, 31.1438, 7.6826, 1.7562, 6.5125, 21.6685, 36.3111, 14.3814, 9.3901, 61.2281, 27.3191, 1.8216, 0.5158, 4.414, 2.5565, 0, 16.7652, 17.2029, 0, 0, 124.0867, 0.5953, 0.912, 0.7223, 22.2587, 9.1301, 57.6301, 7.4721],
      [2.3874, 4.7329, 2.4845, 2.5334, 1.0738, 1.9997, 0.6324, 0.8184, 2.6294, 3.3562, 0.9065, 1.2556, 1.8742, 0.4277, 0.5993, 1.7787, 1.154, 0.36, 3.6777, 1.3193, 0.2838, 0.1501, 0.0841, 0.0685, 0, 1.1256, 0.7302, 0, 0, 5.2458, 0, 0, 0.0795, 1.2454, 0.9887, 4.1718, 0.0896],
      [2.3957, 5.3753, 4.6845, 2.3938, 2.5916, 1.6859, 1.5348, 1.2326, 4.815, 3.499, 1.1274, 0.8133, 0.2415, 0.4852, 1.0937, 3.0277, 0.6918, 0.4034, 4.7675, 2.015, 0.7156, 0.2144, 0.1939, 0.3675, 0, 1.4445, 1.1319, 0, 0, 6.1459, 0.0975, 0, 0, 2.7677, 0.7844, 4.5288, 0.6588]
    ]
  ],
  "V_est": [
    [106.5684, 171.1226, 814.3666, 14.8438, 158.0961],
    [35.8792, 5847.3525, 115.5405, 818.3462, 50.8941],
    [1348.6191, 273.8058, 15388.3277, 89.9717, 521.2604],
    [167.6132, 435.0696, 540.9198, 95.5741, 21.8237],
    [476.3201, 311.6496, 920.8454, 50.2642, 63.9257]
  ],
  "p_est": [
    [0.0842, 0.1353, 0.6438, 0.0117, 0.125],
    [0.0052, 0.8514, 0.0168, 0.1192, 0.0074],
    [0.0765, 0.0155, 0.8732, 0.0051, 0.0296],
    [0.1329, 0.345, 0.429, 0.0758, 0.0173],
    [0.2613, 0.171, 0.5051, 0.0276, 0.0351]
  ],
  "EI_Z": {},
  "EI_V": 8.2493,
  "MAE_Z": {},
  "MAE_V": 190.3224,
  "MAE_p": 0.0654,
  "runtime": 84.655
}
