{
  "Z_true": {},
  "V_true": [
    [673, 671, 1043, 155, 26],
    [1021, 6054, 3283, 558, 197],
    [391, 295, 2837, 15039, 404],
    [81, 321, 399, 388, 160],
    [146, 227, 598, 231, 46],
    [47, 94, 161, 206, 211]
  ],
  "p_true": [
    [0.2621, 0.2613, 0.4062, 0.0604, 0.0101],
    [0.0919, 0.5448, 0.2954, 0.0502, 0.0177],
    [0.0206, 0.0156, 0.1496, 0.7929, 0.0213],
    [0.06, 0.238, 0.2958, 0.2876, 0.1186],
    [0.117, 0.1819, 0.4792, 0.1851, 0.0369],
    [0.0654, 0.1307, 0.2239, 0.2865, 0.2935]
  ],
  "Z_est": {},
  "V_est": [
    [68.4242, 0, 2499.5758, 0, 0],
    [1746.2675, 7662, 0, 1704.7325, 0],
    [0, 0, 4786.4653, 14179.5347, 0],
    [0, 0, 187.1522, 692.7328, 469.115],
    [486.7819, 0, 584.7045, 0, 176.5136],
    [57.5263, 0, 263.1023, 0, 398.3714]
  ],
  "p_est": [
    [0.0266, 0, 0.9734, 0, 0],
    [0.1571, 0.6895, 0, 0.1534, 0],
    [0, 0, 0.2524, 0.7476, 0],
    [0, 0, 0.1387, 0.5135, 0.3478],
    [0.39, 0, 0.4685, 0, 0.1414],
    [0.08, 0, 0.3659, 0, 0.5541]
  ],
  "EI_Z": {},
  "EI_V": 22.9991,
  "MAE_Z": {},
  "MAE_V": 551.4123,
  "MAE_p": 0.1489,
  "runtime": 0.0275
}
