{
  "Z_true": {},
  "V_true": [
    [11, 366, 18, 44, 947, 47],
    [183, 622, 208, 154, 14896, 324],
    [184, 131, 582, 9131, 1250, 453],
    [642, 24, 68, 376, 529, 83],
    [10, 7, 746, 386, 393, 64],
    [64, 93, 155, 313, 666, 311]
  ],
  "p_true": [
    [0.0077, 0.2554, 0.0126, 0.0307, 0.6609, 0.0328],
    [0.0112, 0.038, 0.0127, 0.0094, 0.909, 0.0198],
    [0.0157, 0.0112, 0.0496, 0.7784, 0.1066, 0.0386],
    [0.3728, 0.0139, 0.0395, 0.2184, 0.3072, 0.0482],
    [0.0062, 0.0044, 0.4645, 0.2403, 0.2447, 0.0399],
    [0.04, 0.0581, 0.0968, 0.1954, 0.4157, 0.1941]
  ],
  "Z_est": [
    [
      [0.6584, 0.1851, 0.1895, 0.2547, 2.866e-16, 5.2022e-17, 0, 0.039, 0.1663, 0.0345, 0.0724, 0.0735, 0.2017, 0.4142, 0.2687, 0.268, 0.1973, 0.066, 0.1897, 0, 0.4847, 0.4343, 0.5425, 0.5486, 0.3293, 0.6251, 0.2494, 0.3322, 0.6722, 0.2936, 0.0978, 0.1411, 0.1957, 0.2468, 0.7273, 0.2869, 0.1216, 0.5117, 0.1083, 0.2363, 0.5572, 0.3646, 0.392, 0.4785, 0.2443, 0.4975, 0.1586, 0.9206, 0.0823, 0.8287, 0.0359],
      [19.0522, 11.8296, 10.0395, 15.1204, 3.4357, 0.8876, 1.926e-34, 5.1599, 7.8982, 2.494, 0.7765, 2.4609, 0.8558, 26.8395, 9.8625, 5.0922, 9.8761, 2.6402, 5.7855, 0, 16.2787, 22.1841, 30.9091, 23.4169, 16.3117, 31.5852, 16.8719, 14.1581, 18.6147, 13.1252, 3.55, 3.7277, 7.5138, 8.905, 18.3401, 12.498, 11.2403, 18.4541, 7.8259, 14.2197, 14.2776, 14.8767, 10.4386, 14.445, 10.7236, 23.9698, 3.9984, 28.38, 5.2124, 59.3949, 17.6436],
      [2.7864, 1.4291, 0.5591, 1.5146, 0, 0.0251, 0, 0.6296, 0.4269, 0.2584, 0.0534, 0.3716, 0.326, 3.5004, 1.4898, 0.5334, 0.8897, 0.2486, 0.9212, 0, 1.5686, 2.8968, 3.5837, 2.8146, 1.9401, 2.6198, 1.1064, 1.0607, 1.7276, 1.356, 0.6878, 0.5957, 0.909, 1.2666, 2.9292, 2.0327, 0.3573, 2.2453, 0.7158, 1.7149, 2.2664, 1.2065, 0.8108, 2.0248, 1.278, 2.7792, 0.549, 5.0655, 0.53, 3.4398, 1.1986],
      [14.3975, 6.6613, 1.9554, 7.413, 0.2469, 0.0245, 0, 4.412, 3.6866, 0.3588, 0.3437, 1.3137, 1.091, 8.5795, 2.0653, 1.1948, 2.7252, 0.6991, 2.7843, 0, 7.1868, 9.4116, 12.2352, 6.3223, 9.9491, 11.7005, 7.0894, 3.8894, 9.3913, 5.3547, 1.2017, 1.4135, 3.4329, 5.3692, 12.4987, 4.8651, 4.2571, 9.0805, 3.9303, 6.5991, 8.9575, 5.2503, 6.5888, 9.5704, 5.3254, 10.3099, 3.9616, 21.0737, 2.0336, 13.0717, 8.5738],
      [13.3427, 4.5597, 6.9711, 5.3378, 0.2971, 0.0627, 1.308e-18, 3.6153, 3.6912, 1.7915, 0.7349, 0.7581, 3.4377, 10.9378, 11.0018, 5.7538, 2.0786, 1.276, 3.1408, 0, 5.0912, 10.4403, 27.9541, 24.1826, 14.9481, 11.8477, 12.0876, 7.3446, 12.0371, 5.394, 1.3901, 2.994, 3.6192, 6.7674, 17.5333, 8.9762, 3.765, 12.195, 3.1878, 7.857, 11.391, 7.7844, 8.325, 9.8409, 6.0468, 11.9152, 2.1133, 21.9172, 2.0404, 13.0074, 12.1662],
      [0.7629, 0.3352, 0.2854, 0.3594, 0.0203, 1.3241e-48, 0, 0.1441, 0.1308, 0.0629, 0.019, 0.0223, 0.0878, 0.7286, 0.3119, 0.1579, 0.2331, 0.0702, 0.1785, 0, 0.3901, 0.633, 0.7755, 0.715, 0.5217, 0.6217, 0.5952, 0.215, 0.5571, 0.4765, 0.0727, 0.1278, 0.3294, 0.445, 0.9714, 0.3411, 0.2588, 0.5135, 0.2319, 0.373, 0.5503, 0.5174, 0.4449, 0.6404, 0.3818, 0.5284, 0.219, 0.6428, 0.1014, 1.2575, 0.382]
    ],
    [
      [15.0696, 2.9006, 1.8251, 8.8438, 0, 0, 0, 0.7605, 6.2706, 1.9603, 1.2466, 1.8035, 1.156, 9.9172, 1.9757, 1.7778, 8.1641, 0.8702, 3.3443, 0.1648, 15.7629, 8.1242, 3.0181, 10.8388, 4.651, 20.0218, 3.0307, 3.7692, 12.6287, 9.6083, 3.6284, 2.1978, 2.9462, 4.7854, 15.122, 2.866, 3.2396, 14.0018, 3.869, 6.7318, 10.789, 8.2322, 8.2238, 11.0791, 5.9181, 9.7228, 8.0581, 19.2238, 2.4203, 19.4832, 0.3387],
      [8.0899, 3.5275, 1.8225, 10.6604, 2.2445, 0.9353, 0.2651, 1.7964, 5.7888, 3.1881, 0.1193, 1.0634, 0.0373, 13.4201, 1.517, 0.799, 8.3855, 0.8262, 2.7914, 1.5848, 11.8674, 9.348, 4.1881, 8.6557, 4.0987, 21.6398, 4.7369, 6.5367, 7.1706, 10.4718, 5.1092, 1.7752, 5.5705, 3.1775, 7.8104, 4.561, 6.8412, 10.2011, 5.9083, 8.2719, 5.7497, 6.606, 4.2333, 6.2848, 5.6131, 10.6023, 3.9132, 11.0084, 3.5415, 39.7822, 3.0107],
      [8.9036, 3.2601, 0.5149, 7.5403, 0, 0.2693, 0.102, 1.4959, 1.3257, 2.2335, 0.0954, 1.6447, 0.2709, 13.1743, 1.6527, 0.5814, 6.0057, 0.7098, 3.8947, 0.3275, 8.3003, 9.611, 3.44, 6.8385, 3.368, 12.5673, 1.7977, 3.5622, 4.3664, 7.6303, 8.6383, 3.5731, 5.2214, 3.4699, 8.9854, 6.9987, 0.9203, 8.3401, 3.503, 7.1217, 7.0637, 3.3013, 1.5188, 6.432, 4.5631, 9.1087, 3.68, 15.6745, 2.7648, 14.7817, 1.3234],
      [3.0478, 3.1662, 0.0857, 5.7626, 0.1293, 0.0169, 0, 1.7644, 3.3872, 0, 0.0688, 1.2268, 0.0101, 0, 0, 0, 5.049, 0.032, 0.1284, 0.5484, 1.3983, 0.0851, 0, 1.6214, 2.3214, 2.5831, 0, 0, 0, 0.7548, 2.6105, 0.0567, 0.1482, 0.1738, 0, 0, 3.3901, 0, 3.6985, 0.3279, 0, 0, 0, 1.1595, 0, 0, 8.3085, 4.181, 0.2912, 1.4075, 1.2828],
      [559.211, 116.0667, 56.2555, 412.333, 22.253, 15.7784, 23.6329, 94.5495, 238.2365, 144.0724, 13.2804, 54.9039, 23.1611, 402.8679, 77.3734, 51.0101, 241.2482, 37.769, 195.8975, 41.3757, 570.7305, 382.854, 212.1005, 436.956, 243.3177, 862.3536, 233.3251, 315.8288, 409.0033, 507.4893, 387.5229, 279.1111, 420.8897, 208.1434, 651.3977, 308.0662, 242.8084, 573.6039, 285.3749, 406.8463, 421.0877, 251.9632, 322.9475, 422.8436, 306.5636, 465.5391, 314.6379, 791.7035, 162.7815, 821.7736, 125.066],
      [10.6782, 3.0789, 1.4964, 7.8598, 0.3731, 1.4088e-48, 0, 1.6333, 2.9911, 2.5457, 0.1895, 0.3577, 0.3646, 10.6205, 1.4812, 0.8317, 6.1476, 0.7927, 2.9437, 1.999, 8.9406, 7.9777, 3.2534, 8.0896, 4.2432, 12.8344, 5.1096, 3.303, 6.8311, 12.0454, 3.4907, 3.2862, 8.224, 5.25, 13.6844, 4.508, 4.8005, 8.8531, 5.6463, 6.7004, 7.3099, 6.8974, 6.0767, 9.2011, 6.3421, 7.0272, 7.4023, 8.2088, 2.2007, 22.7718, 1.9785]
    ],
    [
      [4.5382, 0.7572, 1.0098, 2.5438, 0, 0, 6.9285e-18, 0.1676, 2.016, 1.1746, 0.4791, 0.2765, 0.5911, 4.2232, 1.994, 2.3906, 1.512, 0.5128, 2.0107, 0.2538, 4.0895, 3.4151, 2.9342, 5.0396, 1.7724, 4.5765, 1.7373, 7.3728, 4.7492, 4.2508, 3.7103, 3.8195, 4.894, 1.5771, 7.1689, 5.555, 0.702, 5.0754, 0.8827, 2.0645, 5.0825, 2.9617, 2.6416, 3.1294, 2.2907, 3.8881, 1.8345, 5.7673, 0.8586, 12.3117, 0.0961],
      [5.2713, 2.6376, 2.44, 7.3071, 1.6263, 1.0193, 0.6784, 1.4609, 4.2033, 2.8072, 0.0823, 0.3957, 0.069, 11.3978, 2.0728, 0.9067, 3.596, 0.3516, 1.0195, 1.1841, 4.6692, 5.9735, 4.3506, 8.4994, 3.4008, 11.1647, 3.6033, 6.1238, 4.4559, 5.4216, 1.5414, 2.1487, 2.0583, 2.271, 5.3583, 4.7951, 3.4885, 7.0741, 3.167, 5.8551, 3.787, 5.1228, 2.5128, 3.9099, 3.4441, 6.332, 2.0408, 7.2466, 1.8267, 25.2349, 2.4668],
      [17.7591, 7.3569, 2.1553, 15.5716, 0, 0.5608, 0.2362, 4.6786, 3.9513, 6.3725, 0.2745, 1.4104, 1.1127, 32.6288, 7.7426, 2.3065, 6.7035, 0.7685, 3.4122, 0.4072, 8.9647, 16.6347, 10.6836, 22.9476, 9.7999, 18.4801, 4.646, 7.4873, 8.6248, 11.5372, 5.8367, 3.6166, 4.7604, 7.6037, 19.6421, 14.4391, 2.0192, 18.4699, 5.9802, 15.2321, 13.7427, 8.306, 3.9756, 12.2776, 8.7802, 15.3387, 6.0574, 30.5618, 3.923, 26.9534, 3.2572],
      [402.018, 137.5838, 87.4787, 348.9347, 11.9579, 8.5213, 9.7638, 179.4085, 237.0034, 146.3469, 16.3235, 15.9124, 37.8228, 400.912, 131.7551, 56.6432, 90.2431, 9.6404, 33.0651, 6.9687, 139.2212, 226.8462, 204.1255, 616.2215, 304.9179, 372.3178, 166.5268, 143.0447, 220.0854, 204.1037, 34.1344, 34.2973, 53.9603, 157.62, 435.1914, 179.7565, 119.5448, 401.9099, 152.4361, 297.6628, 254.2294, 210.9756, 163.8784, 259.6179, 170.122, 244.9556, 180.9481, 567.8238, 66.6308, 463.5033, 113.7854],
      [27.8411, 1.9769, 7.0384, 16.2979, 0.5702, 0.8985, 1.3215, 3.0035, 11.4564, 14.4593, 1.1924, 0.544, 3.6284, 27.1724, 14.2593, 8.946, 3.3836, 0.5424, 1.868, 0.5077, 6.7055, 17.3006, 23.0843, 44.8912, 18.3522, 22.3359, 17.2117, 22.6166, 19.5939, 14.091, 2.3253, 4.7738, 3.608, 13.4495, 42.5855, 23.842, 4.3583, 35.0864, 6.4867, 24.1822, 24.1256, 17.5539, 14.9089, 18.7399, 13.9009, 19.041, 5.0829, 39.017, 4.6325, 36.4733, 6.7484],
      [26.5723, 8.6876, 6.8778, 20.345, 0.8457, 0, 0, 6.281, 8.3696, 8.8396, 0.6482, 0.4611, 1.776, 33.6658, 8.1763, 3.807, 9.5619, 1.1843, 3.6246, 2.6784, 12.3499, 18.8299, 11.8217, 32.4007, 14.7569, 24.1251, 14.2749, 8.3547, 15.4908, 22.5958, 3.452, 4.3441, 9.7191, 14.4787, 36.0538, 12.6123, 8.8873, 23.3844, 11.0472, 18.0034, 18.0329, 20.0801, 13.0828, 21.3253, 14.4621, 15.4447, 14.0362, 20.5836, 4.1283, 53.5233, 5.6461]
    ],
    [
      [16.4763, 7.2171, 5.0932, 19.4014, 0, 0, 0, 1.7446, 11.8179, 4.3512, 0, 1.6789, 0.5678, 10.0361, 6.9133, 4.8606, 10.6481, 1.2582, 3.6894, 0.5243, 22.9623, 13.208, 5.82, 18.0223, 6.7388, 29.8893, 6.2077, 7.8323, 21.3185, 15.1865, 6.3611, 5.0994, 7.8207, 8.3309, 24.2329, 9.6701, 9.017, 23.4462, 7.1552, 14.2721, 16.7847, 11.2174, 11.6898, 17.4924, 9.7305, 14.1731, 13.5306, 32.3965, 4.2517, 27.1185, 0.4149],
      [0.0534, 0.0557, 0.0304, 0.148, 0, 0, 1.5008e-33, 0.0228, 0.0678, 0.0363, 0, 0.0052, 0.0002, 0.0701, 0.024, 0.0061, 0.0706, 0.0041, 0.0132, 0.0133, 0.1048, 0.0834, 0.0243, 0.0848, 0.0334, 0.2056, 0.0465, 0.0388, 0.0726, 0.0875, 0.0297, 0.0173, 0.0396, 0.0331, 0.0688, 0.05, 0.1181, 0.1033, 0.0638, 0.1071, 0.0487, 0.0537, 0.0354, 0.061, 0.0515, 0.0835, 0.0397, 0.1124, 0.0333, 0.2511, 0.0169],
      [0.1629, 0.1436, 0.0247, 0.2897, 0, 0, 0, 0.06, 0.0544, 0.0738, 0, 0.019, 0.0015, 0.1778, 0.0895, 0.0181, 0.1264, 0.0098, 0.044, 0.0073, 0.1919, 0.2212, 0.0727, 0.2031, 0.0859, 0.3145, 0.0586, 0.0566, 0.1279, 0.173, 0.1175, 0.0559, 0.0946, 0.1027, 0.2287, 0.167, 0.0477, 0.2426, 0.111, 0.2562, 0.1656, 0.0804, 0.0485, 0.1788, 0.1188, 0.1904, 0.1106, 0.4497, 0.0674, 0.2667, 0.0279],
      [4.3305, 3.4285, 1.2917, 8.1888, 0, 0, 1.3219e-50, 2.8046, 4.3534, 2.0723, 0, 0.2723, 0.0267, 2.91, 1.7092, 0.4645, 2.0533, 0.1525, 0.5826, 0.1657, 3.814, 3.6052, 1.6666, 6.3414, 3.0568, 7.6828, 2.4909, 1.2956, 4.0873, 3.7369, 1.1276, 0.7718, 1.5312, 2.5496, 6.0826, 2.5172, 4.3815, 6.4383, 3.5205, 6.0809, 3.6472, 2.4425, 2.624, 4.6009, 2.8318, 3.7001, 4.2602, 10.0665, 1.3715, 5.508, 1.0812],
      [26.9455, 12.5079, 7.1793, 40.4899, 0, 0, 3.9662e-34, 9.0494, 20.208, 12.0379, 0, 1.9989, 0.3893, 16.8738, 10.8519, 4.4986, 14.406, 1.511, 6.4764, 2.1004, 35.8615, 24.8558, 13.0071, 33.1073, 15.539, 58.2501, 17.4384, 12.4995, 30.4113, 30.4234, 16.081, 11.7821, 20.7378, 16.1844, 42.6132, 20.9747, 28.4036, 42.4791, 22.3124, 38.0656, 26.4449, 15.3564, 19.8712, 30.3853, 20.439, 27.0417, 24.0083, 60.747, 10.9916, 39.6251, 6.2622],
      [1.0315, 0.6471, 0.3808, 1.482, 0, 0, 0, 0.3186, 0.4985, 0.4285, 0, 0.0258, 0.0146, 0.9321, 0.4121, 0.1522, 0.6956, 0.0643, 0.1945, 0.189, 1.0656, 1.0263, 0.4092, 1.241, 0.5462, 1.6577, 0.758, 0.2772, 0.9823, 1.3927, 0.283, 0.2735, 0.7761, 0.7994, 1.7737, 0.621, 1.032, 1.2906, 0.837, 1.2181, 0.909, 0.8496, 0.7311, 1.2815, 0.8284, 0.8111, 1.0506, 1.2279, 0.2843, 2.2306, 0.1969]
    ],
    [
      [1.0231, 0.275, 0.4299, 0.7379, 1.08e-16, 0, 0, 0.0979, 0.9437, 0.2209, 0.0735, 0.066, 0.1395, 1.0562, 0.2358, 0.3053, 0.6343, 0.0734, 0.2198, 0.0216, 1.1901, 0.7153, 0.5904, 1.2906, 0.511, 1.0368, 0.3448, 0.6216, 1.1174, 0.9578, 0.3285, 0.2308, 0.2368, 0.3277, 1.5159, 0.6017, 0.326, 1.5951, 0.4174, 0.6575, 0.9633, 0.9501, 0.9399, 1.0887, 0.7794, 1.0657, 0.6936, 1.6993, 0.1251, 1.5924, 0.0337],
      [0.1762, 0.0971, 0.1563, 0.2627, 0.0548, 0.0445, 0.0091, 0.0695, 0.2714, 0.0943, 0.0029, 0.0104, 0.0033, 0.428, 0.0491, 0.035, 0.1928, 0.0145, 0.0389, 0.0315, 0.2492, 0.2217, 0.2116, 0.3296, 0.145, 0.3162, 0.1397, 0.1652, 0.192, 0.2672, 0.0737, 0.0372, 0.0552, 0.0688, 0.2317, 0.1612, 0.1798, 0.3568, 0.1839, 0.2415, 0.149, 0.2437, 0.1538, 0.1991, 0.2127, 0.3234, 0.1049, 0.3119, 0.0454, 0.6916, 0.089],
      [28.8629, 13.5328, 8.679, 28.6891, 0, 2.1332, 0.6571, 9.9766, 16.1361, 10.9586, 0.5718, 2.5252, 2.2515, 55.9019, 8.8436, 4.5169, 19.0602, 2.2157, 7.571, 1.2448, 26.4991, 31.2278, 24.848, 42.581, 19.4959, 29.3375, 10.2891, 13.6405, 19.7898, 29.8578, 16.3476, 7.0266, 7.7609, 11.3494, 40.7174, 27.9619, 6.5633, 46.1327, 18.4843, 31.2635, 26.3451, 20.8781, 13.5206, 30.6798, 26.9624, 39.0688, 16.2735, 61.3344, 5.6194, 43.7112, 7.0605],
      [9.9396, 3.939, 4.9174, 9.9298, 0.5109, 0.4075, 0.2089, 5.39, 12.5922, 3.8454, 0.2352, 0.2074, 0.9578, 12.1072, 2.2183, 1.6148, 4.3451, 0.3716, 1.1438, 0.2771, 6.9666, 6.9745, 8.0142, 17.9411, 9.1032, 9.1246, 5.32, 4.1531, 7.7575, 8.5731, 1.431, 1.2123, 1.3602, 3.5001, 14.2875, 5.9765, 5.4064, 16.3342, 7.4, 9.8341, 7.7572, 8.3292, 8.0299, 10.429, 8.6539, 10.4802, 7.4333, 18.5708, 1.3698, 11.7662, 3.4777],
      [5.328, 1.5049, 2.9665, 4.916, 0.3432, 0.4148, 0.1249, 1.9974, 7.0249, 2.3063, 0.0892, 0.1616, 0.537, 6.9675, 1.281, 1.2689, 2.6858, 0.2137, 0.7201, 0.1923, 5.6768, 4.4127, 6.2461, 9.5691, 4.666, 4.6963, 3.7968, 3.8429, 5.8147, 7.0667, 1.4388, 1.174, 0.9821, 1.9282, 10.3732, 5.2908, 3.549, 12.3155, 5.2326, 6.5437, 5.4303, 5.7181, 6.8258, 7.5381, 7.6609, 8.4774, 4.0966, 11.4188, 0.6176, 6.8334, 1.9083],
      [1.6702, 0.6512, 0.851, 1.4644, 0.0911, 0, 0, 0.4686, 1.0317, 0.5746, 0.0274, 0.0295, 0.1108, 2.5392, 0.3724, 0.2591, 1.0819, 0.111, 0.3064, 0.2327, 1.4182, 1.448, 1.0897, 2.2886, 1.0789, 1.4885, 1.1096, 0.5766, 1.3287, 2.2774, 0.3803, 0.3191, 0.6049, 0.8257, 2.8742, 1.0079, 0.9754, 2.2658, 1.2818, 1.4597, 1.3551, 1.8807, 1.53, 2.0652, 1.7306, 1.5844, 1.3981, 1.6647, 0.2229, 3.4052, 0.4308]
    ],
    [
      [2.2345, 0.665, 0.4526, 1.2183, 0, 4.2307e-33, 2.0786e-17, 0.1903, 0.7856, 0.2585, 0.1284, 0.1017, 0.3439, 1.3531, 0.6126, 0.3977, 0.8443, 0.2194, 0.5462, 0.0355, 2.5106, 1.1031, 1.0948, 2.2601, 0.9975, 2.8505, 0.43, 1.0718, 2.514, 1.703, 0.8739, 0.5115, 0.9066, 0.732, 2.2329, 1.0202, 0.5938, 2.3699, 0.5674, 1.0378, 1.8234, 1.2739, 1.1128, 1.7318, 1.0371, 1.6528, 1.7245, 2.9925, 0.2619, 3.6654, 0.0807],
      [1.3571, 0.8525, 0.5114, 1.5013, 0.6387, 0.1132, 0.0474, 0.4905, 0.7706, 0.3802, 0.019, 0.0645, 0.0344, 1.8444, 0.4747, 0.1611, 0.879, 0.1633, 0.3516, 0.1864, 1.8308, 1.1893, 1.3162, 2.0137, 1.0104, 3.0885, 0.6017, 0.9773, 1.4942, 1.6267, 0.6959, 0.2938, 0.7627, 0.5446, 1.1906, 0.9346, 1.1323, 1.8105, 0.851, 1.3046, 0.988, 1.0971, 0.6263, 1.1002, 0.955, 1.689, 0.9029, 1.9408, 0.3407, 5.6452, 0.7729],
      [0.5251, 0.2775, 0.0671, 0.3947, 0, 0.0115, 0.0047, 0.1592, 0.1056, 0.1032, 0.0049, 0.0292, 0.0375, 0.6168, 0.1819, 0.0438, 0.2146, 0.0476, 0.1568, 0.0132, 0.4754, 0.4084, 0.372, 0.6152, 0.3103, 0.6807, 0.1023, 0.1927, 0.3635, 0.4457, 0.3721, 0.1322, 0.2538, 0.2077, 0.4972, 0.4006, 0.0922, 0.5695, 0.2057, 0.4117, 0.4166, 0.2278, 0.1258, 0.407, 0.2974, 0.5142, 0.3295, 0.9141, 0.0954, 0.8472, 0.1325],
      [2.2665, 1.2212, 0.2711, 1.7709, 0.155, 0.0297, 0.0272, 1.2205, 0.9771, 0.3766, 0.0288, 0.0674, 0.0916, 1.4912, 0.2521, 0.0827, 0.5844, 0.1043, 0.2959, 0.0401, 1.4132, 1.0774, 0.9584, 2.5523, 1.6517, 2.5911, 0.5729, 0.6172, 1.6784, 1.4768, 0.4948, 0.2482, 0.5672, 0.7874, 1.9398, 0.8848, 1.0201, 2.2372, 1.0145, 1.4952, 1.4086, 1.0024, 0.8789, 1.6224, 1.0669, 1.5542, 2.0884, 3.2841, 0.3031, 2.7433, 0.7992],
      [43.3317, 13.3839, 7.5891, 28.6254, 3.5365, 0.8455, 0.9207, 11.785, 15.3829, 8.3327, 0.7031, 1.6335, 3.8464, 27.1806, 11.2326, 4.5226, 13.1979, 3.6879, 11.8972, 1.8239, 44.9344, 24.1366, 29.6079, 48.2937, 27.177, 63.5165, 14.1403, 20.8676, 41.1398, 39.5356, 26.2419, 14.1651, 28.1632, 16.527, 45.497, 25.85, 21.1157, 49.3201, 20.4056, 31.5053, 33.5205, 20.624, 22.1216, 34.6522, 25.3887, 36.9856, 35.061, 64.1964, 7.9364, 63.2872, 14.8489],
      [8.285, 3.5999, 2.1087, 5.4893, 0.6699, 0, 0, 2.1544, 1.9782, 1.5488, 0.1158, 0.1037, 0.6462, 7.5138, 2.2461, 0.7922, 3.2799, 0.7774, 1.7523, 0.9009, 6.8356, 5.0851, 4.6506, 9.2651, 4.8531, 9.2726, 3.1527, 2.2735, 6.8101, 9.2121, 2.3214, 1.6493, 5.3465, 4.2013, 9.6425, 3.9097, 4.0459, 7.6927, 3.9558, 5.2454, 5.8428, 5.7748, 4.1345, 7.4864, 5.2549, 5.6042, 7.8937, 6.6721, 1.0624, 17.8117, 2.3658]
    ]
  ],
  "V_est": [
    [15.0247, 653.1973, 71.2402, 289.8478, 384.9485, 18.7415],
    [322.3813, 317.1475, 242.4676, 60.224, 15165.9068, 278.8727],
    [142.6995, 209.8715, 465.9885, 9528.6977, 714.0128, 669.73],
    [527.6699, 2.8207, 5.9368, 149.7194, 999.7243, 36.1288],
    [31.0983, 8.3939, 976.9555, 322.1265, 212.1856, 55.2402],
    [55.1263, 51.569, 14.4114, 53.3846, 1204.222, 223.2868]
  ],
  "p_est": [
    [0.0105, 0.4558, 0.0497, 0.2022, 0.2687, 0.0131],
    [0.0197, 0.0194, 0.0148, 0.0037, 0.9255, 0.017],
    [0.0122, 0.0179, 0.0397, 0.8123, 0.0609, 0.0571],
    [0.3064, 0.0016, 0.0034, 0.0869, 0.5806, 0.021],
    [0.0194, 0.0052, 0.6083, 0.2005, 0.1322, 0.0344],
    [0.0344, 0.0322, 0.009, 0.0333, 0.7517, 0.1394]
  ],
  "EI_Z": {},
  "EI_V": 8.6707,
  "MAE_Z": {},
  "MAE_V": 166.0977,
  "MAE_p": 0.0703,
  "runtime": 0.006
}
