{
  "X": [
    [2, 3, 3, 4, 11, 25, 1],
    [37, 87, 98, 119, 482, 571, 47],
    [37, 64, 72, 77, 364, 376, 51],
    [2, 5, 2, 5, 19, 22, 4],
    [36, 48, 53, 108, 231, 610, 22],
    [27, 41, 39, 92, 205, 495, 16],
    [33, 33, 53, 95, 242, 616, 33],
    [47, 166, 56, 113, 462, 419, 56],
    [42, 112, 54, 117, 443, 445, 47],
    [43, 81, 44, 100, 348, 286, 49],
    [107, 63, 119, 143, 516, 646, 69],
    [1, 1, 1, 7, 15, 15, 1],
    [2, 2, 4, 2, 5, 8, 1],
    [1, 3, 1, 9, 24, 29, 3],
    [47, 52, 91, 118, 395, 601, 44],
    [15, 18, 33, 32, 138, 286, 22],
    [24, 40, 24, 60, 153, 252, 21],
    [64, 41, 96, 117, 337, 722, 32],
    [36, 16, 14, 50, 111, 232, 8],
    [57, 37, 46, 108, 222, 518, 34],
    [30, 28, 51, 63, 230, 308, 32],
    [68, 57, 132, 187, 556, 814, 60],
    [73, 63, 138, 133, 487, 770, 55],
    [4, 9, 10, 16, 24, 74, 13],
    [25, 53, 32, 87, 269, 312, 20],
    [0, 3, 1, 3, 19, 26, 2],
    [15, 44, 26, 55, 154, 229, 24],
    [49, 29, 58, 60, 292, 321, 41],
    [95, 80, 145, 155, 713, 781, 70],
    [35, 64, 77, 99, 317, 605, 40],
    [23, 25, 36, 34, 161, 210, 26],
    [26, 34, 34, 60, 236, 382, 34],
    [15, 21, 30, 78, 115, 398, 14],
    [15, 18, 35, 49, 166, 222, 18],
    [8, 7, 41, 8, 119, 122, 35],
    [60, 68, 77, 144, 419, 920, 42],
    [8, 21, 31, 17, 99, 119, 18],
    [113, 348, 137, 258, 740, 1098, 129],
    [7, 28, 19, 36, 131, 183, 14]
  ],
  "W": [
    [8, 3, 8, 14, 9, 3, 4],
    [184, 108, 520, 325, 178, 66, 60],
    [119, 86, 365, 232, 117, 66, 56],
    [8, 3, 21, 13, 4, 3, 7],
    [229, 53, 254, 370, 96, 79, 27],
    [170, 50, 223, 311, 80, 62, 19],
    [198, 41, 251, 387, 106, 85, 37],
    [151, 162, 500, 265, 108, 63, 70],
    [175, 150, 452, 268, 88, 76, 51],
    [121, 110, 368, 165, 64, 78, 45],
    [199, 77, 544, 432, 184, 162, 65],
    [3, 3, 14, 16, 0, 0, 5],
    [4, 4, 3, 6, 4, 0, 3],
    [8, 2, 23, 16, 11, 4, 6],
    [199, 68, 448, 339, 162, 82, 50],
    [84, 28, 156, 163, 55, 30, 28],
    [93, 55, 174, 146, 53, 31, 22],
    [197, 53, 380, 415, 170, 149, 45],
    [67, 26, 129, 149, 33, 50, 13],
    [157, 48, 227, 336, 117, 95, 42],
    [89, 32, 226, 214, 81, 66, 34],
    [313, 63, 576, 555, 194, 124, 49],
    [242, 77, 496, 489, 236, 124, 55],
    [25, 11, 29, 50, 14, 12, 9],
    [124, 64, 257, 197, 68, 61, 27],
    [10, 5, 14, 19, 1, 3, 2],
    [83, 52, 176, 143, 43, 39, 11],
    [88, 50, 318, 195, 76, 78, 45],
    [206, 78, 767, 522, 219, 165, 82],
    [183, 79, 355, 383, 139, 66, 32],
    [56, 29, 172, 149, 58, 30, 21],
    [128, 47, 257, 224, 72, 51, 27],
    [136, 24, 125, 237, 73, 45, 31],
    [65, 19, 186, 150, 48, 35, 20],
    [13, 6, 135, 92, 67, 13, 14],
    [315, 83, 478, 517, 182, 116, 39],
    [29, 17, 108, 82, 47, 18, 12],
    [325, 295, 900, 769, 231, 165, 138],
    [75, 48, 137, 113, 24, 7, 14]
  ],
  "method": "mult",
  "cond_prob": [
    [
      [0.00097004859959, 0.00056735376761, 0.00077229109217, 0.21494196843, 0.049228276724, 0.73352006139, 0],
      [0.0056132471379, 0.81686882073, 5.4016068743e-05, 0.09353356975, 0.077182095145, 0.0041056147491, 0.0026426364204],
      [0.012814164802, 0.01925148321, 0.022887635183, 0.010021405959, 0.80748564978, 0.10391266741, 0.023626993654],
      [0, 0.0010010390022, 0, 0.048350378278, 0.048514788493, 0.90213379423, 0],
      [0.0024834203101, 0.0091674728707, 0.30445580187, 0.030230691984, 0.16563805928, 0.48802455369, 0],
      [0.44206987854, 0.00019721716258, 0.012148663591, 0.14026433703, 0.084629665189, 0.31918493802, 0.0015053004687],
      [0.13108153324, 0.07343234716, 0.0085025835033, 0.13747944021, 0.37272593363, 0.07714310223, 0.19963506003]
    ],
    [
      [0.00079263485997, 0.00046869591498, 0.0011139738231, 0.25707326464, 0.046023727899, 0.69436014282, 0.00016756004236],
      [0.0066536023787, 0.71086476711, 0.00011343604278, 0.16613673107, 0.10447158044, 0.005821099305, 0.0059387836627],
      [0.0085010334204, 0.012186191429, 0.03697290099, 0.012600348685, 0.7667819012, 0.10712283639, 0.055834787886],
      [0.0076354852976, 0.00086063956932, 0.01711390886, 0.062623658203, 0.040677945281, 0.86671738943, 0.0043709733634],
      [0.0058733667718, 5.9376891963e-05, 0.39857373874, 0.022433076233, 0.13642798378, 0.43525607322, 0.0013763843574],
      [0.33663492807, 0.0001877117344, 0.020105342234, 0.19617935621, 0.090795771342, 0.35341402251, 0.002682867897],
      [0.09950219151, 0.058347993996, 0.012029512425, 0.16516595067, 0.33375134193, 0.073685366531, 0.25751764293]
    ],
    [
      [0.00094247647221, 0.00047025124733, 0.0013077828148, 0.24177771951, 0.052558841514, 0.70268984164, 0.00025308680322],
      [0.0078088791795, 0.70545139126, 0.00013144293514, 0.15417957511, 0.11776324905, 0.0058114664134, 0.0088539960482],
      [0.0088404290135, 0.00084682304418, 0.041263316027, 0.0018780073507, 0.81126567507, 0.053911464973, 0.081994284525],
      [0.0089082249422, 0.0008472460093, 0.019714839296, 0.057755876341, 0.045579530908, 0.86071633385, 0.006477948657],
      [0.0063764209421, 5.4392882012e-05, 0.42806873165, 0.01925008779, 0.14226130972, 0.40209091627, 0.0018981407463],
      [0.37295814242, 0.00017532735002, 0.021975081605, 0.17172709252, 0.096530355579, 0.33286154098, 0.0037724595431],
      [0.099313183283, 0.049136310629, 0.011852137457, 0.13032006335, 0.31992605653, 0.062549101012, 0.32690314773]
    ],
    [
      [0.00079474948505, 0.00083049131399, 0.00081691057563, 0.24880979452, 0.043096937322, 0.70542625917, 0.00022485761349],
      [0.003469826886, 0.85659423904, 4.3133608158e-05, 0.081900301246, 0.050876182035, 0.00297513082, 0.0041411863694],
      [0.0034455964922, 0.083564233375, 0.013084347009, 0.020024021591, 0.72729621613, 0.076718483076, 0.075867102322],
      [0.0075939827272, 0.0015079069218, 0.01247980438, 0.057808076004, 0.037649359418, 0.87715395214, 0.0058069184068],
      [0.0063130098084, 0.0001124951305, 0.36479749278, 0.022237802464, 0.13720619462, 0.46735704675, 0.001975958447],
      [0.38179151595, 0.0003189912627, 0.014233239026, 0.17965859469, 0.08170270325, 0.33883914076, 0.0034558150578],
      [0.091646662083, 0.092530672458, 0.0077766974646, 0.13769775782, 0.27800012226, 0.063947057491, 0.32840103042]
    ],
    [
      [0.00081652430022, 0.00052016019245, 0.0010396426897, 0.23584209967, 0.04121647014, 0.72040984754, 0.00015525546896],
      [0.0064665421435, 0.75047409693, 9.9878374808e-05, 0.14379272571, 0.088276660433, 0.0056980257151, 0.0051920706891],
      [0.012733341575, 0.020831657615, 0.036326757583, 0.013722072539, 0.747487597, 0.11174548546, 0.05715308822],
      [0.0032474446508, 0.0025431093766, 0.013455904528, 0.060169507045, 0, 0.9205840344, 0],
      [0.0062063689823, 6.7594531176e-05, 0.38273357139, 0.02110983332, 0.12534753555, 0.46322688527, 0.0013082109578],
      [0.34823742833, 0.00020907034978, 0.018833752105, 0.180621115, 0.08160997011, 0.36799375637, 0.0024949077273],
      [0.10844065408, 0.068539223786, 0.011876218493, 0.16027439252, 0.31630980164, 0.080867250935, 0.25369245854]
    ],
    [
      [0.00075590039295, 0.00046940616815, 0.00089308408067, 0.25026829574, 0.041617974777, 0.7058615847, 0.0001337541424],
      [0.0063964462688, 0.72453348638, 9.1670752697e-05, 0.16299459084, 0.095240967508, 0.0059634169638, 0.0047794212837],
      [0.011906906097, 0.015481583811, 0.031521939147, 0.014698732123, 0.76314913339, 0.11314370095, 0.050098004481],
      [0.0028785468369, 0, 0.0081470700464, 0.066187055452, 0.0020639737526, 0.92072335391, 0],
      [0.0061193422978, 6.4964755451e-05, 0.35063780984, 0.023844183539, 0.1348049862, 0.48332839141, 0.0012003219618],
      [0.33103085084, 0.00019326354984, 0.016573643715, 0.19630169185, 0.084413211848, 0.36928557727, 0.002201760927],
      [0.10461822938, 0.064418627472, 0.010624750362, 0.17707521556, 0.33266975262, 0.082493382615, 0.228100042]
    ],
    [
      [0.00069606408448, 0.00044028655921, 0.00097185949554, 0.22069693451, 0.043395043876, 0.73358566719, 0.00021414428545],
      [0.0062386226505, 0.72152210944, 0.00010566555427, 0.15227665621, 0.10518576623, 0.0065665520781, 0.0081046278354],
      [0.0089677850597, 0.005234488813, 0.032178579148, 0.012167010813, 0.74624189385, 0.11920176836, 0.076008473961],
      [0, 0, 0.011387115243, 0.050567123176, 0.021906070936, 0.91348089661, 0.0026587940304],
      [0.005354035042, 5.7899849551e-05, 0.3618746665, 0.019988442188, 0.13355285659, 0.47734608676, 0.0018260130635],
      [0.31307434251, 0.00018676436877, 0.018580184172, 0.17837423022, 0.0906809978, 0.39547174619, 0.0036317347404],
      [0.085854997423, 0.053906695322, 0.01031276388, 0.13931576322, 0.30935979665, 0.076493913267, 0.32475607023]
    ],
    [
      [0.0011043416573, 0.00067157302928, 0.00098217018249, 0.27233789895, 0.049447874889, 0.67524722061, 0.00020892068246],
      [0.0069868151637, 0.76584869721, 7.537919043e-05, 0.13264563431, 0.084597369311, 0.0042652871472, 0.0055808176675],
      [0.0152119005, 0.072853622572, 0.020745720397, 0.015610136724, 0.77091805437, 0.036998486074, 0.067662079366],
      [0.010796133998, 0.0012514753908, 0.015314115605, 0.067322504209, 0.044353115474, 0.85543185874, 0.0055307965802],
      [0.0085632900825, 8.9031165943e-05, 0.36840410598, 0.024867213867, 0.15338923581, 0.44289126373, 0.0017958593591],
      [0.41169453611, 0.00023604518896, 0.015558208046, 0.1823874244, 0.085611928936, 0.30157616236, 0.0029356949562],
      [0.11961233557, 0.07211664354, 0.0091509926694, 0.15095408126, 0.30937721841, 0.06180646934, 0.27698225922]
    ],
    [
      [0.0009125034041, 0.00047723187009, 0.0010674949984, 0.26607644864, 0.050769363126, 0.68049658369, 0.00020037426503],
      [0.0074351386359, 0.70125349094, 0.00010551429406, 0.16691003724, 0.11186604226, 0.0055361251748, 0.0068936514523],
      [0.010332462562, 0.0082536765642, 0.029776911002, 0.0074093445655, 0.81341121974, 0.064629847646, 0.066186537917],
      [0.0088749130421, 0.00088476332042, 0.016559854677, 0.065440360416, 0.045304998801, 0.85765766597, 0.0052774437707],
      [0.0068180453095, 6.09633811e-05, 0.38620549345, 0.023412015212, 0.15175711159, 0.43008668576, 0.0016596852947],
      [0.3656542379, 0.00018037091636, 0.018184148038, 0.19161762448, 0.094520854047, 0.32681508023, 0.0030276843828],
      [0.10365845623, 0.053757047798, 0.010432896675, 0.15470350523, 0.33320849771, 0.065336451304, 0.27890314506]
    ],
    [
      [0.00099761886075, 0.0004687204963, 0.0011668991567, 0.30599535934, 0.049821975327, 0.64129504134, 0.00025438547763],
      [0.0080158158941, 0.68061072667, 0.00011373677193, 0.18923098009, 0.10825696876, 0.0051412553655, 0.0086305164538],
      [0.014574345998, 0.010182218404, 0.032833178458, 0.010449248584, 0.79544876779, 0.049746776202, 0.086765464562],
      [0.010071108801, 0.00090196659287, 0.01879066168, 0.078070530375, 0.046146869402, 0.83906443027, 0.0069544328774],
      [0.0073525982986, 5.9060933036e-05, 0.41737404786, 0.026539882345, 0.14690559061, 0.39969043434, 0.0020783856188],
      [0.38280517518, 0.00016955445658, 0.01902669991, 0.21086801298, 0.088780054513, 0.2946715447, 0.0036789582623],
      [0.10317969188, 0.048071530634, 0.010382303374, 0.16190967194, 0.29771316382, 0.056016644139, 0.32272699421]
    ],
    [
      [0.0013152349414, 0.00047563939399, 0.0013513671736, 0.27345115129, 0.049557725476, 0.6736019677, 0.00024691402537],
      [0.010635609841, 0.69670595861, 0.00013257331146, 0.17027770985, 0.10837549147, 0.005441718794, 0.008430938124],
      [0.031210188573, 0.01047808498, 0.04407313559, 0.010473070019, 0.77568616591, 0.046277287082, 0.081802067841],
      [0.012771623785, 0.00088049229677, 0.020929544805, 0.067174362417, 0.044157643394, 0.84759299555, 0.0064933377508],
      [0.0089547477593, 5.5369107875e-05, 0.44417244712, 0.021934446977, 0.13498704954, 0.38803222932, 0.0018637101832],
      [0.45075926812, 0.00015434011198, 0.019760852396, 0.16909243973, 0.079212589228, 0.27781738163, 0.0032031287824],
      [0.13466103395, 0.048359185112, 0.011915881737, 0.14348075538, 0.29344103098, 0.058382027876, 0.30976008497]
    ],
    [
      [0.00081633052483, 0, 0.0010527129536, 0.47640685008, 0.041020047262, 0.48064077951, 6.3279671919e-05],
      [0.0098938825758, 0.33333333333, 0.00015347105595, 0.42747563809, 0.22036462077, 0.0055559852532, 0.0032230689226],
      [0.013442055744, 0, 0.039949581454, 0.026723203712, 0.82046419229, 0.074090907232, 0.02533005957],
      [0.0085106431939, 0, 0.021213895472, 0.14027655301, 0.063652690863, 0.76445887102, 0.0018873464382],
      [0.0051509588422, 1.5343758397e-05, 0.60745658998, 0.032635506396, 0.10319193674, 0.25110968165, 0.00043998263926],
      [0.45711631428, 4.4725384494e-05, 0.015143319004, 0.27689887807, 0.06308298689, 0.18692263166, 0.00079114472016],
      [0.12870205784, 0, 0.019532996014, 0.33396056708, 0.34218085001, 0.054559013623, 0.12106451545]
    ],
    [
      [0.004557237929, 0, 0.0028423309371, 0.25237113249, 0.059331679404, 0.68031561041, 0.0005820088264],
      [0.036074300262, 0.4747134519, 0.032027023337, 0.1458128391, 0.27007278685, 0.0049521979969, 0.03634740055],
      [0.04399422245, 0.0090629849329, 0.061022711778, 0.0080501784817, 0.76856980519, 0.059163469495, 0.05013662767],
      [0.081067765865, 0, 0.16154799354, 0.016499725473, 0.049031107017, 0.68673008581, 0.0051233222968],
      [0.017603979579, 2.433514135e-05, 0.66499067826, 0.010337646476, 0.092372374504, 0.21378644906, 0.00088453698244],
      [0.92402442058, 1.635603844e-05, 0.0056694597558, 0.020465902806, 0.012923699833, 0.036533170333, 0.00036699065064],
      [0.38288955546, 0.024619965676, 0.016067924435, 0.080921546474, 0.23766552643, 0.035304015598, 0.22253146593]
    ],
    [
      [0.00028666655316, 0.00055254477211, 0.00016361289087, 0.35572146046, 0.040702710731, 0.60242753361, 0.00014547098618],
      [0.0015449385728, 0.78793872375, 1.0670012101e-05, 0.14471872714, 0.059318919546, 0.0031594146854, 0.003308606294],
      [0, 0.02914257542, 0, 0.044263383577, 0.79735973375, 0.071097116055, 0.058137191202],
      [0.00079538025072, 0.0063189692952, 0, 0.094494211747, 0.04058706398, 0.85351614778, 0.0042882269511],
      [0.0036001440116, 0.017804131986, 0.088407012474, 0.050384589926, 0.20485069004, 0.63293162833, 0.0020218032374],
      [0.17576039335, 0.00027770052597, 0.0037173070496, 0.33631917052, 0.10095018708, 0.38004965662, 0.0029255848569],
      [0.039874591485, 0.075227199501, 0.0018872319061, 0.23921974676, 0.31831920608, 0.066720388329, 0.25875163594]
    ],
    [
      [0.00091163465492, 0.00041466988498, 0.001112803468, 0.25363263669, 0.042507192151, 0.70124138974, 0.00017967341696],
      [0.0083918000686, 0.69249141054, 0.00012426531727, 0.17974830767, 0.10581371068, 0.0064469701842, 0.0069835355437],
      [0.013591060629, 0.0043932550096, 0.040034353919, 0.016817267954, 0.72356827528, 0.13992996919, 0.061665818018],
      [0.0087294756705, 0.00075690923752, 0.016994552739, 0.061416787565, 0.0373464256, 0.87009668253, 0.0046591666616],
      [0.006793736744, 5.2833131842e-05, 0.40059138527, 0.022258913148, 0.1267286686, 0.44209012239, 0.0014843407183],
      [0.37047404682, 0.00015901785695, 0.019231206664, 0.1853283207, 0.080296288974, 0.3417565082, 0.0027546107871],
      [0.11440795386, 0.05163391738, 0.012015895475, 0.16293854246, 0.30824741649, 0.074410687903, 0.27634558643]
    ],
    [
      [0.00075853508401, 0, 0.001175408123, 0.16579457691, 0.041997809098, 0.79005254792, 0.00022112287124],
      [0.0081709748824, 0.59770157947, 0.00015356072281, 0.13731035536, 0.1223419097, 0.12426437369, 0.01005724618],
      [0.0099382459909, 0, 0.039353265994, 0.009212609069, 0.72703088876, 0.13879736122, 0.075667628969],
      [0, 0, 0.023498555421, 0.031272088846, 0, 0.94522935573, 0],
      [0.0052765889384, 0, 0.3982254984, 0.013542072039, 0.11689845739, 0.46435245577, 0.0017049274623],
      [0.33891319633, 0, 0.022215856374, 0.13144122124, 0.086164010317, 0.41758408815, 0.0036816275906],
      [0.096411467862, 0.045155563388, 0.012811210188, 0.10735705336, 0.30769487327, 0.08444651663, 0.3461233153]
    ],
    [
      [0.0011614619697, 0.00042814979712, 0.00083119221409, 0.26996157264, 0.040763352439, 0.68664830865, 0.0002059622891],
      [0.010323256019, 0.69328421518, 8.9599639022e-05, 0.18451370624, 0.097975761495, 0.0060839955118, 0.0077294659118],
      [0.027191560588, 0.0035009223837, 0.019965020839, 0.026169301626, 0.7069976428, 0.14144757676, 0.074727975004],
      [0.01131319996, 0.0007947599775, 0.012913338038, 0.066352130097, 0.036420457715, 0.8667739087, 0.0054322055162],
      [0.0097270873458, 6.1291856091e-05, 0.33906525881, 0.026558831547, 0.13659351358, 0.48608213594, 0.0019118809292],
      [0.4328405732, 0.00014871172896, 0.013015528701, 0.17854023662, 0.069754566562, 0.30284010473, 0.0028602784601],
      [0.1367069464, 0.049840738665, 0.0083895480906, 0.16191295532, 0.27652349473, 0.067991912053, 0.29863440474]
    ],
    [
      [0.00081433137504, 0.0004076384332, 0.0011252829071, 0.22523131619, 0.040425828556, 0.73184853969, 0.00014706284899],
      [0.0077823049948, 0.70894783281, 0.00013046291164, 0.16573666759, 0.10448142123, 0.0069866454222, 0.0059346650425],
      [0.012937233202, 0.0020872976609, 0.040051855272, 0.013355172817, 0.72832577146, 0.15095996154, 0.052282708055],
      [0.0015396865547, 0, 0.021684370143, 0.054096131359, 0, 0.92267981194, 0],
      [0.0059841853449, 5.1216875662e-05, 0.39940168869, 0.019496196835, 0.11885507567, 0.45501354674, 0.0011980898483],
      [0.34757064905, 0.00016462761265, 0.020480066985, 0.17333141471, 0.080423269902, 0.37565549714, 0.0023744746098],
      [0.11259239557, 0.055978902125, 0.013397090284, 0.15955095313, 0.32325273814, 0.085637024762, 0.24959089599]
    ],
    [
      [0.0013394813421, 0, 0.00068302279376, 0.27161229886, 0.039062882799, 0.68719249162, 0.00010982258555],
      [0.01385429714, 0.59243830212, 8.5684841869e-05, 0.21595732861, 0.10927794527, 0.063589257594, 0.004797184426],
      [0.022434243638, 0, 0.025651551024, 0.016911642928, 0.72683701262, 0.16678749315, 0.041378056632],
      [0.042960775265, 0, 0.0010554169253, 0.081352226797, 0, 0.87463158101, 0],
      [0.012032336664, 0, 0.29927842643, 0.028511692813, 0.13982979805, 0.51925888606, 0.0010888599957],
      [0.46955346259, 0, 0.010105805825, 0.16963544693, 0.063149308673, 0.28611517231, 0.0014408036685],
      [0.18308691085, 0.045892626538, 0.0080172384342, 0.18933411482, 0.30828745214, 0.07906064007, 0.18632101715]
    ],
    [
      [0.0010897796183, 0.0004277550007, 0.0007896192569, 0.27125407341, 0.041955670933, 0.68426387787, 0.0002192239107],
      [0.009646946568, 0.69074186624, 8.4793917188e-05, 0.18483739675, 0.10044566142, 0.006048646603, 0.0081946885038],
      [0.016565672508, 0.0074832649377, 0.026893426868, 0.015379435387, 0.74233244359, 0.11130102766, 0.080044729051],
      [0.020705774916, 0, 0.00044645339106, 0.076077876964, 0.019566095699, 0.87784100061, 0.0053627984192],
      [0.0092812441798, 6.2284178591e-05, 0.32544784376, 0.027195854983, 0.14297343017, 0.49296955588, 0.0020697868447],
      [0.41351358604, 0.00015317512845, 0.012743611265, 0.18506161124, 0.074012663086, 0.3113767948, 0.0031385584435],
      [0.12568111645, 0.048968877584, 0.0078357771449, 0.1601154485, 0.27973335102, 0.066716502596, 0.3109489267]
    ],
    [
      [0.00086052763677, 0.00049491809222, 0.0013023730201, 0.26574522641, 0.051447412081, 0.67989941092, 0.00025013184451],
      [0.0067275762803, 0.71098158413, 0.00012350903832, 0.15983038521, 0.10877587056, 0.0053036584481, 0.008257416336],
      [0.0052773624036, 0.014264734357, 0.042132638472, 0.003920355645, 0.81232301265, 0.038786964579, 0.083294931891],
      [0.0083340800031, 0.00091364050851, 0.020118612012, 0.064989540801, 0.045713265056, 0.8533705177, 0.0065603439235],
      [0.0059132202352, 5.8141263431e-05, 0.43411814747, 0.021467931532, 0.14145370736, 0.39508348092, 0.001905371221],
      [0.35083683471, 0.00018983673437, 0.022517067799, 0.19412567599, 0.097216707676, 0.33127794099, 0.003835936099],
      [0.091110342524, 0.05199864404, 0.011855318439, 0.14379833372, 0.31466646715, 0.060764250464, 0.32580664366]
    ],
    [
      [0.0009842262189, 0.00048897732981, 0.0013673836851, 0.29267189852, 0.049176098994, 0.65509657907, 0.00021483617526],
      [0.0077417615233, 0.69794950117, 0.00013048226204, 0.17728979793, 0.10460431105, 0.0051487636913, 0.0071353823737],
      [0.014156561778, 0.016873991554, 0.049121359163, 0.009601798822, 0.79292672973, 0.04540450112, 0.071915057833],
      [0.0097796899739, 0.00092622162269, 0.021669600618, 0.073582670497, 0.044835997676, 0.84342474123, 0.0057810783867],
      [0.0067515195079, 5.7349228135e-05, 0.45271111047, 0.023658614142, 0.13495240041, 0.38023523971, 0.0016337665239],
      [0.37921386311, 0.00017819836031, 0.022456013272, 0.20327054146, 0.088277407206, 0.30347392818, 0.0031300484138],
      [0.10795887526, 0.053253817133, 0.012913392372, 0.16449187674, 0.31185449409, 0.060821857417, 0.28870568698]
    ],
    [
      [0.0010874239507, 0.00047883144396, 0.0013057974766, 0.23980269455, 0.0492068796, 0.70790290047, 0.00021547250911],
      [0.0089687816157, 0.71550574627, 0.00013065516021, 0.15230452885, 0.10975288946, 0.0058333665424, 0.0075040321072],
      [0.016173987696, 0.0089250533681, 0.047342238295, 0.0062805799427, 0.77843497556, 0.072761990919, 0.070081174219],
      [0.010243938334, 0.00085989577939, 0.019618562795, 0.057150473159, 0.042533917914, 0.86409611387, 0.0054970981531],
      [0.0074104803112, 5.5790774653e-05, 0.42932420968, 0.019254096213, 0.13415341804, 0.40817414997, 0.0016278550137],
      [0.40816166959, 0.00016998738481, 0.020889573244, 0.16223386662, 0.086048633792, 0.31943814, 0.003058129373],
      [0.12097714717, 0.052883995677, 0.012507065386, 0.13668334555, 0.31650712115, 0.066653689702, 0.29378763537]
    ],
    [
      [0.00057637243966, 0.00049439271311, 0.0014260071423, 0.26627318451, 0.034449808769, 0.69625347988, 0.00052675454496],
      [0.0044535891297, 0.74347020579, 0.00013353394897, 0.15739235526, 0.072034045625, 0.0053247663559, 0.017191503898],
      [0.0022954594124, 0.01499255764, 0.048224202649, 0.014735200106, 0.61475415481, 0.102028309, 0.20297011638],
      [0, 0, 0.026955311558, 0.064401151715, 0.016364325072, 0.85987354395, 0.032405667702],
      [0.0038702539033, 5.6710103141e-05, 0.48470926732, 0.020764017271, 0.092711082269, 0.39396967723, 0.0039189918992],
      [0.28130073824, 0.00021636198615, 0.028183599932, 0.22113622319, 0.074351990971, 0.38558991398, 0.0092211717007],
      [0.04891560801, 0.041254829075, 0.010275616841, 0.11334946339, 0.16779049915, 0.048881996157, 0.56953198737]
    ],
    [
      [0.00073184629227, 0.00049978114213, 0.00086586083551, 0.2979669053, 0.051855073087, 0.64793245863, 0.00014807471726],
      [0.0056386383098, 0.6997855299, 8.0921734522e-05, 0.17665148427, 0.10804490879, 0.0049811473481, 0.0048173696524],
      [0.0040596228046, 0.024556392014, 0.017476065583, 0.010716579555, 0.84990552629, 0.044138864181, 0.049146949575],
      [0.0074026202667, 0.00096357367615, 0.013969892945, 0.076139822156, 0.048121240217, 0.8493467982, 0.0040560525364],
      [0.005999273639, 7.0040333629e-05, 0.34462775817, 0.02873082839, 0.17007424924, 0.44915228214, 0.0013455680899],
      [0.31516782808, 0.00020234106009, 0.015801500042, 0.22978179237, 0.10342273268, 0.33322697102, 0.0023968347413],
      [0.089390771646, 0.060512256129, 0.0090910163884, 0.18601174719, 0.36576505756, 0.066791627469, 0.22243752361]
    ],
    [
      [5.4490378355e-34, 0, 0.000933100542, 0.15664833225, 0.071846524807, 0.76989990936, 0.00067213303595],
      [8.5907643836e-18, 0.58340175007, 9.21833765e-05, 0.096612391669, 0.27146449053, 0.0061096206739, 0.042319563682],
      [0, 0, 0.020280871608, 0.0052953762237, 0.84245091051, 0.069863259947, 0.062109581709],
      [5.5370804702e-18, 0, 0.011104818144, 0.0093736634076, 0.18236514321, 0.79084034968, 0.0063160255611],
      [0, 4.3756223662e-05, 0.40248096123, 0.01108043981, 0.18101521109, 0.40355377438, 0.001825857269],
      [0, 0.00024516626342, 0.025545604219, 0.17660514766, 0.21271633645, 0.57857512052, 0.0063126248921],
      [6.5804219788e-33, 0.041105997328, 0.008083278285, 0.078661982239, 0.42289880536, 0.063560691942, 0.38568924485]
    ],
    [
      [0.00068890122053, 0.00052022171565, 0.0010697490189, 0.27471167592, 0.043399144205, 0.67932186035, 0.00028844756959],
      [0.0052854905678, 0.72796855175, 9.9543818005e-05, 0.1620605068, 0.090045641894, 0.0051951310553, 0.0093451341208],
      [0.0037723369141, 0.030373634626, 0.031365525017, 0.016264792554, 0.72744341432, 0.089050124848, 0.10173017172],
      [0.0067387043043, 0.00096980378706, 0.016691953787, 0.067791141203, 0.038941370899, 0.86122636752, 0.0076406584998],
      [0.0052493204521, 6.7760303768e-05, 0.39781454373, 0.024582689285, 0.13232032318, 0.43752908954, 0.0024362735074],
      [0.3077665564, 0.00021698281587, 0.020117180216, 0.21815086327, 0.089181285667, 0.35975667122, 0.0048104604043],
      [0.073799381598, 0.055149022552, 0.0098324863259, 0.15000986883, 0.26809060504, 0.061244110843, 0.38187452482]
    ],
    [
      [0.0011688678521, 0, 0.0014368425957, 0.22919672941, 0.048378505731, 0.71924608142, 0.00057297299421],
      [0.012309851107, 0.546973592, 0.00018356102302, 0.18572566984, 0.2068414274, 0.027119792409, 0.020846106219],
      [0.020003909922, 0, 0.053364036525, 0.0037720949947, 0.75340298895, 0.093912848484, 0.07554412112],
      [0.011458311955, 0, 0.021297863631, 0.05379949161, 0.041247968682, 0.86624899829, 0.0059473658314],
      [0.0076277012888, 0, 0.45250591278, 0.017503715051, 0.12569120233, 0.39497019987, 0.0017012686792],
      [0.42727724515, 0, 0.022308140999, 0.15036769928, 0.082090284178, 0.31470206712, 0.003254563276],
      [0.12841561039, 0.036696008884, 0.013578853513, 0.12877809688, 0.30710093783, 0.066733740117, 0.31869675238]
    ],
    [
      [0.0010570070654, 0.00054831045496, 0.001319816968, 0.26443897471, 0.04944272418, 0.68301032829, 0.00018283833659],
      [0.0078005710262, 0.73238586103, 0.00011816518397, 0.15028781867, 0.098673835606, 0.0050363428986, 0.0056974055799],
      [0.015066413804, 0.022271335926, 0.044041419186, 0.010371223513, 0.78399579274, 0.065187252251, 0.05906656258],
      [0.010213425771, 0.0010100161506, 0.020339579683, 0.064648608223, 0.04383817296, 0.85516572281, 0.0047844744066],
      [0.007258326127, 6.437653517e-05, 0.43721500207, 0.021396888992, 0.13582313063, 0.39685037481, 0.0013919008464],
      [0.39870736361, 0.00019589506423, 0.02124848541, 0.1800472675, 0.087010579233, 0.31017893119, 0.002611477994],
      [0.12085580424, 0.062258373816, 0.012997392246, 0.15497684878, 0.32692596518, 0.066123806301, 0.25586180944]
    ],
    [
      [0.00085794121979, 0.00048138663861, 0.0011197047328, 0.23238437099, 0.04313669025, 0.72180068183, 0.00021922433398],
      [0.0071904115608, 0.73119978725, 0.00011383655774, 0.14993052819, 0.097765861494, 0.0060416313431, 0.0077579435978],
      [0.012620946427, 0.0121421533, 0.036899959506, 0.012752795905, 0.73789448908, 0.11026166863, 0.077427987152],
      [0.0052663417556, 0, 0.017777621916, 0.055608706803, 0.017849734097, 0.90049213437, 0.0030054610555],
      [0.0062950326506, 6.038620628e-05, 0.39713621057, 0.020076479759, 0.12662543048, 0.44802333357, 0.0017831267586],
      [0.35816553356, 0.00018928526277, 0.019841972556, 0.17410242915, 0.083554284788, 0.36070020041, 0.0034462942695],
      [0.10198670675, 0.056742878771, 0.011446333433, 0.1413243787, 0.2961866628, 0.072510935228, 0.31980210432]
    ],
    [
      [0.0013116072798, 0.00052913571167, 0.0013329651794, 0.23259332713, 0.050352377601, 0.71358218006, 0.00029840703943],
      [0.0099074769292, 0.73720816506, 0.00012211415671, 0.13502050437, 0.10285258842, 0.0053717797023, 0.0095173713608],
      [0.02273506307, 0.013814902189, 0.040800737753, 0.0066072049797, 0.77123673049, 0.04682142783, 0.09798393369],
      [0.012222732432, 0.00093969535654, 0.019811595605, 0.054625900533, 0.043039948041, 0.86183042625, 0.0075297017848],
      [0.0087608123327, 6.0412703093e-05, 0.43333926899, 0.018223230588, 0.13456919105, 0.40283785633, 0.0022092280071],
      [0.45761618529, 0.00017192855265, 0.019525320114, 0.14383588804, 0.080604635422, 0.29436931441, 0.0038767281702],
      [0.12719059557, 0.050785335023, 0.011081942648, 0.11483126679, 0.28136760689, 0.058186767072, 0.35655648601]
    ],
    [
      [0.00085930523266, 0, 0.00088224158935, 0.21095842799, 0.045747303112, 0.74130039511, 0.00025232697261],
      [0.0079788489099, 0.69629568124, 9.9364695781e-05, 0.15071603392, 0.11486980722, 0.012700493663, 0.017339770361],
      [0.0085425441361, 0, 0.022366290529, 0.0082540918341, 0.75067334767, 0.12510647514, 0.085057250692],
      [0.0079152035059, 0, 0.012961651653, 0.049084977191, 0.039393795306, 0.88435044831, 0.0062939240339],
      [0.0067448717248, 0, 0.33608078294, 0.019475170985, 0.143721021, 0.49178269306, 0.0021954602944],
      [0.36123729987, 0, 0.015693024647, 0.15856647006, 0.08909919876, 0.37142295369, 0.003981052967],
      [0.097697427616, 0.047188999326, 0.0086183581874, 0.12252699436, 0.30023078198, 0.071068042735, 0.3526693958]
    ],
    [
      [0, 0, 0.00078762532644, 0.26185024502, 0, 0.73736212965, 0],
      [0.0045823864992, 0.72183956387, 8.4290377789e-05, 0.17774799924, 0.084548651982, 0.0061705735032, 0.0050265345262],
      [0.0047444163889, 0.013005736357, 0.031611401972, 0.017471290565, 0.72680723727, 0.15895143738, 0.047408480068],
      [0, 0, 0.0029287753596, 0.073327414617, 0, 0.92374381002, 0],
      [0.0044981041107, 6.5331347651e-05, 0.33137994071, 0.026668368612, 0.12280194637, 0.51329108405, 0.001295224793],
      [0.25671853667, 0.00020435296633, 0.016442228998, 0.23096757764, 0.080841817948, 0.4123273908, 0.0024980949693],
      [0.077944352421, 0.06568285002, 0.010150935576, 0.20063142607, 0.30701625162, 0.088692330119, 0.24988185417]
    ],
    [
      [0.00069891103662, 0.00047368358443, 0.0013013739932, 0.29089488983, 0.044286594735, 0.66216434671, 0.00018020010709],
      [0.0055992364024, 0.70782830836, 0.00012644756015, 0.17911800009, 0.095945010703, 0.0052873347024, 0.0060956621882],
      [0.0056133419016, 0.017290323676, 0.049293769472, 0.015857362737, 0.75145556548, 0.098740393958, 0.061749242771],
      [0.0069496263669, 0.00089764451535, 0.020640524111, 0.072913223359, 0.040394125368, 0.85335293777, 0.0048519185066],
      [0.0049414605691, 5.7247053495e-05, 0.44847109109, 0.024130236012, 0.12528280165, 0.39570497751, 0.0014121861133],
      [0.30849269107, 0.00019509709812, 0.024165319854, 0.22804363563, 0.089864927533, 0.3462708142, 0.0029675146242],
      [0.086361272378, 0.058012478507, 0.01379449406, 0.18311793055, 0.31548576053, 0.068844337239, 0.27438372674]
    ],
    [
      [0.000999140043, 0.00057513434106, 0.001735928146, 0.14706314342, 0.056924241991, 0.79206097777, 0.00064143428785],
      [0.0068963120514, 0.78486720441, 0.0001452679547, 0.077740123474, 0.10622535272, 0.005435885394, 0.018689853993],
      [0.0048883815138, 0.012098163273, 0.047560965797, 0.00031942069027, 0.74378430744, 0.0033320242012, 0.18801673709],
      [0.0085268747994, 0.00093504666933, 0.023618633445, 0.031423255498, 0.044542237509, 0.87613592589, 0.01481802619],
      [0.0056284320959, 5.5361329533e-05, 0.47566460248, 0.0096426885773, 0.12828947382, 0.37671548902, 0.0040039526745],
      [0.39578766796, 0.00020823460066, 0.028334798639, 0.10110720683, 0.10155119421, 0.36372450674, 0.0092863910097],
      [0.069920334805, 0.039830530909, 0.010359708459, 0.051944519436, 0.22845036515, 0.046279083973, 0.55321545727]
    ],
    [
      [0.00089534619434, 0.00045752935773, 0.000820483666, 0.21680937045, 0.041062567759, 0.73978419733, 0.00017050524111],
      [0.0079221274388, 0.73309212295, 8.8070931958e-05, 0.14773304531, 0.098254235802, 0.0065401007773, 0.0063702967979],
      [0.014033091945, 0.009734091471, 0.028808784071, 0.012687891601, 0.73661280932, 0.13509541089, 0.063027920697],
      [0.0063965434464, 0, 0.0037916558018, 0.05623788224, 0, 0.93357391851, 0],
      [0.0073220155866, 6.3971680971e-05, 0.32394545605, 0.020893135458, 0.1343429476, 0.51188667851, 0.0015457951121],
      [0.37182220715, 0.0001796228659, 0.014515963632, 0.16221649091, 0.07940987383, 0.36917967593, 0.0026761656779],
      [0.11747732291, 0.059586082725, 0.009267388195, 0.14573704218, 0.31146935644, 0.082143828245, 0.2743189793]
    ],
    [
      [0.00079498857264, 0.00078780011001, 0.001601987081, 0.21681252496, 0.051542272414, 0.72810437594, 0.00035605092583],
      [0.0043710419017, 0.81522943487, 0.00010679688925, 0.091416617751, 0.076630805279, 0.0039796756505, 0.0082656276552],
      [0.0005764801648, 0.056767279472, 0.055080688724, 0.0018762591971, 0.75601236888, 0.018556335008, 0.11113058856],
      [0.0072921906359, 0.0013767090939, 0.023433228708, 0.049918539024, 0.043351834007, 0.86578536972, 0.0088421288075],
      [0.0048444077081, 8.2037745847e-05, 0.47697782245, 0.015424037539, 0.12568291296, 0.37458438139, 0.0024044002171],
      [0.34058360576, 0.00030984343762, 0.028409724977, 0.1620667057, 0.099888676634, 0.36314181085, 0.0055996326479],
      [0.073685505267, 0.072088676609, 0.012679582223, 0.10168896786, 0.27443925788, 0.056401299418, 0.40901671074]
    ],
    [
      [0.0010905297186, 0.00074592902214, 0.0011033018483, 0.2736904787, 0.041182171707, 0.681941313, 0.00024627600802],
      [0.0064462795248, 0.79284886732, 7.9122060591e-05, 0.12461936536, 0.065830867916, 0.004028688937, 0.0061468088831],
      [0.018598508635, 0.11305479949, 0.028876134757, 0.02582476671, 0.66976933898, 0.059023355773, 0.084853095654],
      [0.010615862679, 0.0013842888243, 0.017129555, 0.067440759965, 0.03678654439, 0.8601505026, 0.0064924865449],
      [0.0082619898373, 9.6625647848e-05, 0.40311554929, 0.024446574504, 0.12481368341, 0.4371970882, 0.00206848911],
      [0.41062032051, 0.0002661606328, 0.017739873416, 0.18614168727, 0.072380642137, 0.30933825768, 0.0035130583476],
      [0.1172521498, 0.079616540106, 0.010218592864, 0.15089210202, 0.25608451899, 0.062105169962, 0.32383092626]
    ],
    [
      [0.00086407817489, 0, 0.0012650036243, 0.232241095, 0.048081330635, 0.71698787617, 0.00056061639078],
      [0.0086466373165, 0.57062512368, 0.00015344144684, 0.17849863654, 0.14353645145, 0.088558964337, 0.0099807452231],
      [0.010459154463, 0, 0.044560871464, 0.0013973034355, 0.78370104667, 0.095727630248, 0.064153993724],
      [0.008104267172, 0, 0.019572540194, 0.054856076551, 0.041338467351, 0.87116864882, 0.0049599999115],
      [0.005923930404, 4.2778094318e-05, 0.42689774551, 0.018665116152, 0.13185237114, 0.41513380948, 0.0014842492166],
      [0.36610862352, 0.00013996176165, 0.021866809346, 0.16938684635, 0.090789086473, 0.34871426639, 0.0029944061595],
      [0.10475246425, 0.043427689757, 0.01304353918, 0.14215324198, 0.3332771297, 0.072437503305, 0.29090843182]
    ]
  ],
  "expected_outcome": [
    [
      [0.0077603887967, 0.14584481423, 0.11215470019, 0.0063579958804, 0.18698406475, 0.1285030668, 0.13782068873, 0.16675559025, 0.15968809572, 0.12071188215, 0.26173175334, 0.0024489915745, 0.018228951716, 0.0022933324253, 0.18141529633, 0.063716947057, 0.10801596318, 0.16042328088, 0.089745249918, 0.17109540007, 0.076586959672, 0.30806280652, 0.26315659606, 0.014409310992, 0.090748940242, 5.4490378355e-33, 0.057178801304, 0.10286037098, 0.21774345547, 0.15700324322, 0.073450007667, 0.10999106978, 0, 0.04542921738, 0.012988820559, 0.28203405122, 0.023054668607, 0.35442215855, 0.064805863117],
      [0.0045388301409, 0.086240048357, 0.055959898432, 0.0066439305119, 0.11911668407, 0.079799048585, 0.087176738723, 0.10140752742, 0.083515577265, 0.056715180052, 0.094652239403, 0, 0, 0.0044203581769, 0.08251930711, 0, 0.039817931132, 0.08030477134, 0, 0.06715753511, 0.044047710208, 0.15304990423, 0.11587720944, 0.012359817828, 0.061972861624, 0, 0.043178402399, 0, 0.11295195372, 0.088093754865, 0.029631599854, 0, 0, 0.030789432988, 0.0074767464338, 0.14412174768, 0.02284620319, 0.2424269322, 0],
      [0.0061783287374, 0.20497118345, 0.15562615496, 0.0065352846051, 0.23807817595, 0.15182429371, 0.19242818012, 0.14830769756, 0.18681162472, 0.14119479796, 0.26892206755, 0.0031581388607, 0.011369323748, 0.0013089031269, 0.22144789014, 0.098734282331, 0.07730087591, 0.2216807327, 0.045762527182, 0.12397022333, 0.11591119879, 0.42799109344, 0.31600298934, 0.035650178557, 0.1073667436, 0.00933100542, 0.088789168566, 0.12644214842, 0.27188229542, 0.20490596609, 0.074646050046, 0.11292692344, 0.1071170444, 0.084589309555, 0.022567065898, 0.25845235479, 0.04645762535, 0.35857310071, 0.094875271821],
      [1.7195357474, 47.3014806933, 28.7715486212, 1.9904783562, 54.0078408239, 42.5456102755, 43.6979930324, 41.1230227407, 46.5633785125, 37.0254384804, 54.416779107, 1.4292205502, 1.00948453, 2.8457716836, 50.4728947006, 13.9267444601, 25.1064262552, 44.3705692893, 18.1980240236, 42.5868895253, 23.6513251501, 91.6063042381, 58.0322520807, 6.6568296127, 36.9478962572, 1.5664833225, 22.8010691011, 20.1693121883, 54.4744287897, 42.5263398918, 13.0252263194, 27.0026787821, 35.6116333227, 18.908167839, 1.9118208645, 68.2949516919, 6.2875632238, 88.9494055775, 17.4180821253],
      [0.39382621379, 8.4683659334, 6.2545021402, 0.34477549858, 9.4385716622, 7.0750557121, 8.5922186874, 7.4666291082, 8.8846385471, 6.0284590146, 9.8619873697, 0.12306014179, 0.23732671761, 0.32562168585, 8.4589312381, 3.5278159642, 3.7909917768, 7.9638882256, 2.6172131475, 6.5870403365, 4.5788196752, 15.3921189851, 11.9080648631, 0.86124521921, 6.4300290628, 0.71846524807, 3.602128969, 4.2573085043, 10.1852011811, 7.8940143158, 2.8197331457, 5.8556547984, 0, 2.8786286577, 0.74001514588, 12.9347088441, 1.4947259, 13.3842058049, 3.6060997976],
      [5.8681604911, 127.7622662794, 83.6200911555, 5.6434100734, 164.9738550868, 119.9964693992, 145.2499621041, 101.9623303129, 119.0869021463, 77.596700002, 134.0467915719, 1.4419223385, 2.7212624416, 4.8194202689, 139.5470365577, 66.3644140251, 63.8582927049, 144.1741623189, 46.0418969385, 107.4294288258, 60.5110475719, 205.0452292497, 171.3125019141, 17.4063369971, 80.3436248696, 7.6989990936, 56.3837144093, 63.2936551645, 140.7001276273, 132.0895247752, 39.9606020832, 94.8864505738, 100.2812496329, 43.0406825364, 10.296792711, 233.0320221594, 21.1150269022, 221.6309267235, 53.7740907128],
      [0, 0.030831047794, 0.030117329583, 0.0017988609079, 0.035553502392, 0.022738204208, 0.042400568519, 0.031547023051, 0.035065496381, 0.030780642794, 0.049135891049, 0.00018983901576, 0.0023280353056, 0.0011637678894, 0.035755009975, 0.018574321185, 0.019154492886, 0.028971381252, 0.0073581132319, 0.034418153979, 0.022261734162, 0.067243722855, 0.052144347205, 0.013168863624, 0.01836126494, 0.0067213303595, 0.023941148276, 0.05042162349, 0.037664697338, 0.040118053119, 0.016710794208, 0.032297852494, 0, 0.011713006961, 0.008338645742, 0.053709150949, 0.010325476849, 0.080039702606, 0.042046229309]
    ],
    [
      [0.016839741414, 0.7185890569, 0.67156360944, 0.010409480658, 0.3427267336, 0.31982231344, 0.25578352867, 1.1318640565, 1.1152707954, 0.88173974835, 0.81894195773, 0.029681647727, 0.14429720105, 0.0030898771456, 0.57064240467, 0.22878729671, 0.56777908105, 0.41246216472, 0.36021172565, 0.46305343526, 0.21528244097, 0.48773097597, 0.69059618441, 0.048989480427, 0.36087285183, 4.2953821918e-17, 0.27484550953, 0.61549255537, 0.60844454005, 0.5680425133, 0.28731683095, 0.37500589876, 0.10997727598, 0.10638549165, 0.041377872309, 0.65753657742, 0.074307712328, 1.9016524598, 0.41503859119],
