{
  "Z_true": {},
  "V_true": [
    [1419, 126, 3421, 516, 83],
    [491, 72, 7177, 780, 138],
    [531, 5541, 952, 11015, 639],
    [160, 181, 835, 385, 205],
    [163, 200, 474, 873, 722]
  ],
  "p_true": [
    [0.255, 0.0226, 0.6147, 0.0927, 0.0149],
    [0.0567, 0.0083, 0.8289, 0.0901, 0.0159],
    [0.0284, 0.2967, 0.051, 0.5897, 0.0342],
    [0.0906, 0.1025, 0.4728, 0.218, 0.1161],
    [0.067, 0.0822, 0.1949, 0.359, 0.2969]
  ],
  "Z_est": [
    [
      [24.8003, 21.7209, 20.9017, 18.0641, 3.9559, 34.027, 45.131, 53.9418, 28.3345, 0, 28.2697, 17.4826, 48.7489, 11.3345, 3.4987, 0.4983, 2.2928, 17.0205, 27.647, 9.6345, 5.0515, 16.1519, 3.6574, 0, 94.4591, 8.7346, 24.7911, 1.2703, 1.7039, 4.6555, 3.9752, 5.9734, 13.0535, 14.403, 21.8724, 29.3846, 0, 5.7457, 4.7389, 39.1078, 10.6494, 0, 7.1531, 3.283, 8.194, 9.8216, 391.293, 11.6972, 187.2911, 87.3544],
      [1.3388, 1.0745, 0.4756, 0, 0.0826, 1.1454, 1.0155, 1.2631, 0.7984, 0.1447, 1.1076, 0.2078, 1.1192, 0.3017, 0.1959, 0, 0.0767, 0.7849, 0.8104, 0.1948, 0.0328, 0.417, 0.0983, 0.1895, 0.2572, 0.1211, 0.8247, 0.1323, 0.3309, 0.1377, 0.11, 0.2616, 0.3259, 0.5591, 0.7421, 0.9497, 0.143, 0.13, 0.1601, 1.2084, 0.7394, 0, 0.1759, 0.0256, 0.2883, 0.3511, 13.7153, 0.3622, 3.6394, 2.5173],
      [62.2211, 54.6739, 35.6584, 35.9918, 7.2708, 87.1564, 107.2592, 127.1109, 55.9194, 1.7284, 84.0641, 52.2908, 116.0134, 37.5316, 16.0707, 4.4946, 2.3587, 64.1749, 74.866, 27.4426, 10.6041, 45.2906, 3.0285, 2.6487, 299.7483, 5.6462, 68.7592, 7.4955, 5.7317, 11.0913, 12.8533, 24.2031, 29.4404, 43.8575, 47.4282, 60.3, 2.5869, 7.186, 14.086, 134.8512, 55.8833, 0, 12.4191, 2.5114, 16.2947, 35.3602, 1084.2598, 25.2984, 283.7494, 181.9483],
      [10.6356, 12.5307, 3.9285, 5.8088, 0.6907, 9.6651, 13.5401, 14.6842, 6.9244, 0.1221, 11.5227, 8.0188, 24.1184, 8.8323, 1.2347, 1.007, 0.2718, 8.0109, 6.6413, 3.7281, 1.2969, 5.1373, 0.117, 0.1618, 35.399, 1.4931, 10.6036, 2.102, 2.2335, 1.0977, 1.0522, 4.5619, 4.1802, 5.1803, 7.9325, 7.3657, 0.2701, 0.9268, 2.015, 15.8326, 4.728, 0, 1.2277, 0.18, 2.223, 2.4672, 166.5878, 2.6422, 34.8864, 25.1369],
      [0.0043, 0, 0.0358, 0.1353, 0, 0.0061, 0.0542, 0, 0.0234, 0.0049, 0.0359, 0, 0, 0, 0, 0, 0, 0.0088, 0.0353, 0, 0.0147, 0.0031, 0.0988, 0, 0.1363, 0.0051, 0.0214, 0, 0, 0.0177, 0.0093, 0, 0, 0, 0.0247, 0, 0, 0.0115, 0, 0, 0, 0, 0.0243, 0, 0, 0, 0.1441, 0, 0.4338, 0.0432]
    ],
    [
      [18.1209, 16.0374, 10.6482, 5.1603, 4.6409, 25.1419, 27.5294, 33.0503, 22.0406, 0, 13.5577, 8.5114, 22.1139, 4.683, 1.8608, 0.2089, 1.1714, 17.0964, 23.8639, 7.1305, 4.8234, 18.1175, 1.8837, 0, 34.0349, 5.6501, 16.1793, 0.3125, 0.0762, 3.6313, 3.6809, 2.7683, 8.5344, 10.9663, 10.8921, 16.9976, 0, 3.0156, 1.4793, 16.0019, 2.5499, 0, 3.1093, 2.1514, 3.0517, 2.0818, 224.7509, 11.033, 94.4145, 28.4955],
      [43.2739, 32.2391, 10.4334, 3.5599, 3.3146, 35.8695, 27.6158, 32.8572, 26.979, 1.1979, 22.2131, 8.2017, 24.7497, 6.8308, 3.9774, 0, 0.8056, 33.3916, 27.8811, 6.8105, 2.8251, 19.7742, 1.263, 1.8698, 29.6409, 3.0299, 22.6327, 0.6842, 0.5898, 4.5926, 4.0172, 5.1002, 8.5464, 17.3768, 15.3646, 21.2816, 0.2033, 2.3308, 1.7712, 19.7805, 5.895, 0.7381, 2.4557, 0.3593, 4.2189, 1.6924, 328.1952, 15.5137, 112.6196, 34.6352],
      [134.2378, 119.1531, 54.7115, 30.5338, 26.0638, 189.4517, 193.0008, 229.5843, 129.0719, 5.2931, 119.2348, 74.4297, 154.8384, 45.7082, 25.8139, 3.253, 4.0144, 197.5408, 189.4664, 58.7554, 30.2684, 149.23, 6.2931, 5.7052, 318.1032, 11.3483, 132.5592, 4.9132, 0.7623, 25.5828, 34.8439, 33.4256, 55.8987, 98.7498, 69.7938, 102.1017, 2.5876, 12.0485, 13.0211, 160.6365, 41.0609, 0, 16.5968, 6.1346, 17.9567, 20.1116, 1838.5038, 70.4041, 430.8039, 175.5833],
      [18.0082, 21.132, 4.625, 3.7761, 1.9807, 16.0661, 18.7433, 20.4124, 12.2971, 0.3382, 12.5424, 8.8653, 24.7889, 8.2869, 1.5186, 0.5382, 0.3638, 19.0084, 12.673, 6.264, 2.9084, 13.0823, 0.1636, 0.4249, 29.0435, 2.3265, 15.6923, 1.0901, 0.2409, 1.9097, 2.1858, 4.8532, 6.2274, 8.9519, 8.9645, 9.6684, 0.2091, 1.1938, 1.4326, 14.6063, 2.6726, 0.2619, 1.253, 0.3547, 1.8921, 1.065, 216.8068, 5.6387, 41.2881, 18.6303],
      [14.3593, 13.4384, 2.5818, 1.97, 0, 12.4708, 11.1107, 15.0958, 8.6114, 0.1707, 6.452, 1.9919, 6.5091, 1.4911, 1.8294, 0, 0.6448, 12.9629, 8.1156, 1.0395, 1.1746, 5.796, 0.3967, 0, 12.1775, 1.6452, 8.9366, 0, 0.3308, 1.2835, 1.2722, 0.8527, 5.793, 6.9552, 4.985, 9.9507, 0, 0.4113, 0.2958, 2.9747, 0.8215, 0, 0.5851, 0, 1.8806, 0.0492, 94.7434, 5.4106, 28.8738, 8.6557]
    ],
    [
      [9.4918, 5.5969, 3.231, 1.341, 0.8944, 6.7562, 7.8985, 11.4734, 7.8353, 0, 6.6384, 3.2221, 11.0728, 1.765, 0.6867, 0.0549, 0.3214, 2.7601, 6.7271, 2.124, 1.1987, 5.1766, 0.1144, 0, 14.0526, 1.1273, 4.8856, 0, 0.2079, 1.3656, 1.9174, 0.6263, 3.1552, 3.5106, 4.99, 5.7611, 0, 0.4292, 0.573, 7.1877, 0.4079, 0, 0.7004, 0, 0.9917, 1.1674, 69.4753, 3.1611, 21.3715, 8.435],
      [268.4446, 140.1698, 49.1965, 11.3446, 9.7997, 114.3743, 96.5103, 138.3979, 123.1528, 4.2582, 137.9461, 33.0496, 137.0312, 31.9159, 24.0978, 0, 2.8296, 101.1644, 92.1872, 20.6839, 8.7513, 66.3118, 2.2585, 5.9407, 147.3002, 23.2962, 83.7502, 1.0905, 3.8047, 18.8969, 22.3533, 23.5954, 32.4235, 68.7085, 82.8135, 81.9681, 0.4003, 8.1705, 6.6093, 101.7177, 22.5308, 1.7658, 8.486, 3.1267, 14.4758, 8.4117, 1281.5345, 51.6626, 431.5051, 132.1039],
      [63.211, 36.2096, 19.4729, 7.1227, 5.9823, 44.7283, 49.6253, 71.7223, 43.9872, 1.3969, 54.4696, 23.1271, 66.3257, 17.978, 11.4691, 0.1785, 1.0645, 45.0307, 45.9476, 13.321, 6.5413, 36.4657, 0.8362, 1.6461, 118.0565, 6.0019, 36.1255, 0.8781, 0.2121, 7.3331, 13.4346, 12.3688, 16.3966, 28.8762, 27.1062, 30.2075, 0.3285, 3.1254, 3.2312, 61.8743, 11.7862, 0, 4.1167, 4.8042, 4.3359, 7.0906, 533.2605, 17.5766, 132.7433, 49.5955],
      [511.769, 415.6851, 100.1582, 54.6126, 26.3236, 235.5102, 298.5155, 391.7463, 256.3696, 5.0486, 356.8466, 161.2278, 636.899, 182.7016, 42.6166, 2.7666, 6.1757, 262.5976, 197.4265, 84.2408, 39.08, 199.4172, 2.5809, 3.4133, 637.3824, 79.673, 266.1535, 10.0314, 7.238, 37.219, 56.4012, 102.8099, 105.0072, 162.3478, 221.3313, 167.8665, 3.2713, 19.6867, 25.1893, 335.3803, 46.28, 6.2342, 20.8795, 11.0691, 29.8502, 24.3303, 3871.0469, 85.6218, 697.3094, 324.7945],
      [34.0836, 21.3385, 4.9415, 2.5792, 0, 15.631, 15.4504, 24.6601, 15.6551, 0.2963, 16.0992, 2.3735, 12.6711, 1.6396, 4.1298, 0, 0.6088, 15.4473, 10.7116, 0.6304, 1.4287, 7.6287, 0.21, 0, 24.2084, 4.9016, 13.0851, 0, 0.5372, 2.1854, 2.8935, 0.5996, 7.0175, 10.5569, 10.759, 13.1968, 0, 0.5882, 0.3973, 2.8401, 0.995, 0, 0.8175, 0, 2.3464, 0, 145.6828, 6.978, 45.0707, 13.0712]
    ],
    [
      [0.8978, 0.9116, 0.3966, 0.2045, 1.0431, 1.0703, 1.2957, 1.884, 1.0443, 0, 0.5444, 0.4706, 1.0207, 0.2102, 0.054, 0.0472, 0.0318, 0.7891, 1.5809, 0.5412, 0.1889, 0.9069, 0.0699, 0, 1.4352, 0.1716, 1.0916, 0.0109, 0.012, 0.1315, 0.4497, 0.2422, 0.5361, 0.771, 1.0441, 0.8995, 0, 0.2283, 0, 0.5022, 0.1004, 0, 0.0753, 0.1772, 0.0492, 0.0689, 13.0022, 0.4173, 4.8715, 0.6612],
      [7.4844, 6.32, 1.3381, 0.5132, 2.0648, 5.3086, 4.5294, 6.4936, 4.4436, 0.5099, 3.0862, 1.6312, 3.9973, 1.0798, 0.39, 0, 0.0739, 5.248, 6.3637, 1.8198, 0.4199, 3.4477, 0.1317, 0, 4.5433, 0.3192, 5.2899, 0.1152, 0.2745, 0.5874, 1.6789, 1.5584, 1.8561, 4.2184, 5.0959, 3.8786, 0, 0.6108, 0, 2.1432, 0.7524, 0.4961, 0.2002, 0.1527, 0.2393, 0.2066, 65.6076, 2.0753, 20.4225, 2.7759],
      [20.6883, 21.096, 6.28, 3.771, 14.8469, 25.1289, 28.2799, 40.7105, 19.0079, 1.9473, 14.8903, 12.8095, 22.2419, 6.3663, 2.2957, 0.6428, 0.3448, 28.0051, 39.1353, 13.8697, 3.7206, 23.3226, 0.6022, 0, 41.7268, 1.0783, 27.8287, 0.5151, 0.2939, 2.9284, 13.1668, 9.1383, 10.8852, 21.6005, 20.8133, 16.78, 0, 2.8604, 0, 15.6611, 4.7522, 0, 1.2372, 1.4948, 0.9145, 2.2448, 330.6264, 8.306, 68.1839, 12.6415],
      [7.5378, 10.3588, 1.4928, 1.2886, 3.0191, 5.9917, 7.6465, 10.0689, 5.0478, 0.3094, 4.385, 4.1495, 9.8658, 3.2067, 0.3831, 0.31, 0.0901, 7.4958, 7.4984, 4.0032, 0.9721, 5.6692, 0.0818, 0, 10.2092, 0.6074, 9.2147, 0.3588, 0.2876, 0.6332, 2.3241, 3.7035, 3.2856, 5.4816, 7.4791, 4.3732, 0, 0.8101, 0, 3.8615, 0.8519, 0.5039, 0.2716, 0.1752, 0.2703, 0.3285, 108.8727, 1.8671, 17.6452, 3.7432],
      [11.3918, 12.3135, 1.4924, 1.2227, 1.0261, 8.5006, 8.2486, 13.8429, 6.4564, 0.2334, 4.0942, 1.9391, 4.8743, 1.137, 0.8772, 0, 0.4595, 9.462, 8.4217, 1.7661, 0.6985, 4.6537, 0.1144, 0, 8.0856, 0.8236, 9.5751, 0, 1.132, 0.7194, 2.3806, 1.3576, 6.437, 7.9285, 7.5676, 9.0686, 0, 0.4905, 0, 1.8321, 0.5432, 0, 0.2156, 0, 0.5267, 0.1512, 86.8911, 3.3343, 22.877, 3.1781]
    ],
    [
      [6.6893, 3.7331, 3.8225, 1.2302, 1.4657, 8.0046, 9.1454, 9.6505, 6.7452, 0, 2.9898, 3.3133, 7.0436, 3.0073, 0.8998, 0.1907, 0.1825, 4.3339, 6.1811, 2.5698, 1.7374, 4.6471, 0.2746, 0, 10.0182, 1.3164, 5.0524, 0.4064, 0, 1.2161, 1.9768, 1.3899, 2.7207, 4.3491, 5.2014, 4.9572, 0, 0.5813, 0.2087, 4.2005, 0.2924, 0, 1.9619, 1.3883, 0.7134, 0.8603, 66.4786, 3.6914, 31.0515, 6.054],
      [28.4584, 13.1965, 6.5564, 1.5823, 1.7383, 20.3023, 16.329, 16.9882, 14.6262, 0.8893, 8.6471, 5.9097, 14.1025, 7.8719, 3.339, 0, 0.2142, 14.4112, 12.7576, 4.491, 1.9709, 9.0492, 0.2484, 0, 16.2585, 1.2337, 12.5025, 0.9778, 0, 2.7853, 3.8406, 4.4844, 4.8481, 12.1372, 12.9839, 10.9219, 0.2535, 0.758, 0.4595, 9.1501, 1.0824, 0, 2.6822, 0.3357, 1.7777, 1.3382, 170.9474, 9.3862, 65.8133, 12.9677],
      [17.6418, 9.8674, 6.8772, 2.5807, 2.8361, 21.5348, 22.8348, 23.872, 14.0136, 0.6343, 9.3412, 10.3429, 17.5805, 10.4159, 4.3506, 0.4311, 0.2176, 17.2485, 17.5845, 7.6113, 3.8656, 13.6911, 0.2401, 0, 33.3653, 0.9254, 14.7273, 1.1981, 0, 3.0644, 6.7014, 5.8641, 6.379, 13.916, 11.8584, 10.6109, 0.497, 0.7797, 0.6618, 14.9769, 1.5174, 0, 3.6302, 1.055, 1.4982, 3.1929, 193.3496, 8.415, 49.5196, 13.2314],
      [11.0495, 8.2933, 2.7954, 1.5139, 0.9859, 8.7669, 10.5546, 10.0882, 6.3611, 0.1817, 4.7033, 5.7386, 13.3279, 8.9725, 1.247, 0.3782, 0.0987, 7.8874, 5.7608, 3.7639, 1.7426, 5.6941, 0.0568, 0, 13.9659, 0.9, 8.3359, 1.4177, 0, 1.1403, 2.0367, 4.0715, 3.2996, 6.0383, 7.2925, 4.7262, 0.2495, 0.3826, 0.3632, 6.3193, 0.4676, 0, 1.3682, 0.221, 0.7643, 0.809, 108.6857, 3.2303, 21.8709, 6.6952],
      [35.161, 20.9096, 5.9485, 3.0929, 0.9739, 26.3915, 24.1361, 29.4011, 17.2538, 0.2947, 9.3187, 5.6955, 13.9456, 6.7324, 6.1637, 0, 1.287, 21.119, 13.7159, 3.564, 2.6835, 9.9185, 0.1802, 0, 23.3922, 2.6245, 18.3818, 0, 0, 2.7939, 4.4444, 3.1901, 13.7526, 18.5594, 15.6638, 20.7839, 0, 0.4985, 0.3068, 6.3531, 0.6403, 0, 2.3575, 0, 3.2464, 0.7996, 183.5387, 12.2772, 59.7447, 12.0518]
    ]
  ],
  "V_est": [
    [1432.7713, 41.0835, 3588.8589, 500.9545, 1.3318],
    [793.2511, 1041.1999, 5869.1855, 627.267, 327.0966],
    [251.8805, 4282.3183, 1798.7254, 11828.1334, 516.9424],
    [42.1528, 191.7929, 965.6816, 288.0313, 278.3414],
    [243.9443, 563.6054, 636.5486, 324.6138, 663.2879]
  ],
  "p_est": [
    [0.2575, 0.0074, 0.6449, 0.09, 0.0002],
    [0.0916, 0.1203, 0.6779, 0.0724, 0.0378],
    [0.0135, 0.2293, 0.0963, 0.6333, 0.0277],
    [0.0239, 0.1086, 0.5468, 0.1631, 0.1576],
    [0.1003, 0.2317, 0.2617, 0.1335, 0.2727]
  ],
  "EI_Z": {},
  "EI_V": 11.1161,
  "MAE_Z": {},
  "MAE_V": 329.9161,
  "MAE_p": 0.0529,
  "runtime": 0.023
}
