{
  "Z_true": {},
  "V_true": [
    [5, 14, 691, 130, 1318, 24],
    [17, 57, 323, 93, 10744, 399],
    [158, 402, 474, 9439, 1723, 351],
    [22, 143, 122, 290, 1350, 129],
    [106, 490, 134, 492, 725, 164]
  ],
  "p_true": [
    [0.0023, 0.0064, 0.3167, 0.0596, 0.604, 0.011],
    [0.0015, 0.0049, 0.0278, 0.008, 0.9236, 0.0343],
    [0.0126, 0.032, 0.0378, 0.7523, 0.1373, 0.028],
    [0.0107, 0.0696, 0.0593, 0.1411, 0.6566, 0.0627],
    [0.0502, 0.2321, 0.0635, 0.2331, 0.3434, 0.0777]
  ],
  "Z_est": [
    [
      [0.0895, 0.615, 1.174, 0, 0.0895, 0.5255, 0.3354, 0, 0, 0.2348, 0.6262, 0, 0.0337, 0.0671, 0.0895, 0.2013, 0.6262, 0.7827, 1.1629, 0.3466, 0.6262, 0, 0, 0, 0.738, 0.1565, 0.0672, 0.0563, 0.6262, 1.3418, 1.3082, 0.7268, 1.8002, 0.7715, 1.174, 0.984, 0.5591, 0.1006, 0.1006, 0, 0.4808, 0, 2.0238, 0.1118, 0.3802, 2.7282, 0.2684],
      [0.0004, 0.003, 0.0057, 0, 0.0004, 0.0025, 0.0016, 0.0005, 0, 0.0011, 0.003, 0.0003, 0, 0.0003, 0.0004, 0.001, 0.003, 0.0038, 0.0056, 0.0017, 0.003, 0, 0.0113, 0, 0.0036, 0.0008, 0.0003, 0, 0.003, 0.0065, 0.0063, 0.0035, 0.0087, 0.0037, 0.0057, 0.0047, 0.0027, 0.0005, 0.0005, 0, 0.0023, 0, 0.0098, 0.0005, 0.0018, 0.0132, 0.0013],
      [4.5184, 27.8779, 49.0128, 0.5282, 3.3464, 21.3084, 11.7433, 5.4403, 0, 10.2128, 28.113, 3.5292, 1.5845, 3.4621, 4.2254, 6.8702, 25.769, 33.4565, 53.7587, 17.5456, 28.9921, 1.0788, 0.6607, 0, 26.6557, 7.6875, 3.1691, 2.0549, 27.234, 48.1453, 46.2677, 27.8856, 70.6797, 37.0304, 48.1337, 36.8106, 20.2559, 5.6326, 5.9256, 1.4733, 19.4887, 1.9113, 76.5552, 4.4028, 17.3721, 133.564, 11.7973],
      [0.7451, 6.7246, 10.6368, 0.1289, 0.5216, 3.9307, 2.4404, 0.5217, 0, 1.36, 6.8923, 0.5216, 0.4843, 0.4099, 1.0059, 0.9874, 4.2475, 6.669, 10.6554, 3.2786, 6.2218, 0.0745, 0.0745, 0, 11.3022, 1.9745, 0.2236, 0.7794, 7.4236, 6.0552, 5.7385, 4.6201, 14.4, 8.2335, 8.6997, 8.476, 3.8935, 0.0002, 0.5543, 0, 5.8677, 0.0001, 21.0309, 0.8942, 3.409, 13.5819, 1.4345],
      [2.5682, 18.6649, 43.0356, 0.2648, 3.132, 20.6458, 15.0879, 2.9788, 0, 8.976, 19.5439, 1.812, 0.8388, 1.9238, 2.5223, 9.6858, 24.7867, 27.9535, 37.4386, 9.573, 19.5307, 0.8075, 0.2536, 0, 26.7523, 3.8874, 2.5398, 2.1095, 20.2823, 64.1582, 63.247, 31.3915, 72.6235, 21.9045, 46.2814, 40.961, 24.9362, 3.1487, 2.282, 0.5071, 16.769, 1.0886, 78.9934, 4.4537, 12.6409, 92.4082, 10.4394],
      [0.0783, 1.1146, 1.1352, 0.0782, 0.9101, 0.587, 0.3913, 0.0588, 0, 0.2153, 0.8216, 0.1369, 0.0587, 0.1369, 0.1564, 0.2543, 0.5677, 1.1345, 0.9789, 0.2546, 0.6263, 0.0391, 0, 0, 0.5483, 0.2933, 0, 0, 0.4309, 0.293, 0.4322, 0.3725, 1.488, 1.0563, 0.7054, 0.7637, 0.3527, 0.1174, 0.1369, 0.0196, 0.3916, 0, 2.387, 0.137, 0.196, 1.7045, 0.0591]
    ],
    [
      [0.6173, 2.8011, 2.0917, 0, 0.1734, 0.351, 1.1724, 0, 0.4946, 0.2746, 2.6534, 0, 0.2893, 0.7537, 0, 0.8366, 2.1639, 0, 2.9888, 3.234, 1.721, 0, 0, 0.2983, 1.277, 0.6362, 0.1897, 0.0503, 0.595, 1.2312, 1.6935, 1.2129, 2.8515, 2.1603, 2.1283, 1.84, 0.9062, 0.1648, 0.8317, 0, 0.9749, 0, 4.7921, 0.0604, 0.9232, 5.8997, 0.206],
      [0, 0, 4.0413, 0, 2.1232, 5.1602, 0.8225, 0, 0, 0.5306, 4.5542, 0, 0, 0.6367, 0, 3.4292, 13.1248, 4.5454, 5.7746, 0, 3.325, 0, 0.2034, 0, 5.173, 1.2292, 0.6307, 0, 1.1496, 2.3788, 5.0405, 3.8783, 5.5093, 4.174, 4.1121, 3.5549, 2.8688, 0.3184, 0.7959, 0, 1.8836, 0, 10.1903, 2.028, 0, 0, 0.3979],
      [1.7308, 9.4373, 10.6182, 0.1611, 0.325, 4.4842, 0.1165, 2.5692, 0, 1.4458, 8.8479, 1.1528, 0.5924, 1.864, 1.5815, 0.0655, 6.3521, 9.3309, 15.0367, 8.7165, 8.6321, 0.4517, 2.764, 0.7402, 3.6844, 3.155, 0.7011, 0.2629, 3.1981, 6.1951, 4.8925, 6.1198, 14.4667, 10.8595, 10.7716, 7.117, 2.9038, 0.8762, 2.1535, 0.5238, 4.9003, 0.5906, 16.082, 0.7587, 6.6089, 65.6929, 1.139],
      [0.3847, 9.1738, 8.0994, 0.0922, 0.3629, 1.9492, 1.2102, 0.2587, 0.2528, 1.0452, 3.4181, 0.4626, 1.4539, 0.2032, 0.4989, 0.4896, 5.6705, 3.3073, 9.32, 3.3395, 5.4094, 0.037, 0.037, 4.0726, 1.7243, 1.8383, 0.1109, 0.4859, 0.8035, 4.6649, 5.1321, 3.9289, 10.9915, 7.0004, 7.5141, 6.6879, 3.6826, 0.2225, 1.3692, 0.2713, 4.2264, 0.068, 23.6737, 3.8637, 14.8348, 9.5193, 0.2781],
      [72.8167, 574.3096, 423.9717, 39.8355, 35.6069, 278.8686, 166.6163, 74.6266, 13.0154, 55.572, 486.5168, 29.2778, 51.7485, 67.2907, 94.6911, 140.6375, 402.5222, 481.3173, 608.7596, 227.9325, 350.4543, 17.1586, 19.9957, 23.8889, 262.276, 129.6994, 28.3677, 10.2008, 121.8331, 254.2723, 349.6423, 246.9043, 578.0856, 439.4611, 432.8743, 375.8131, 184.2179, 33.7494, 83.8217, 12.9678, 197.3241, 10.3414, 973.7134, 85.5801, 202.4614, 1033.6023, 42.2203],
      [0.4505, 16.2781, 8.1777, 1.9111, 2.4087, 9.1867, 3.0621, 0.5456, 0.2372, 1.1318, 9.0096, 2.1069, 0.9158, 1.2517, 2.2285, 4.5415, 6.1666, 15.4992, 11.1204, 0.7775, 6.4583, 0.3527, 0, 0, 4.8653, 2.4419, 0, 0, 2.4207, 0.2576, 3.5992, 2.9558, 11.0954, 8.3447, 7.5996, 6.9871, 3.4206, 0.6688, 1.028, 0.2372, 3.6907, 0, 18.5484, 1.7092, 0.1717, 20.2857, 0.7587]
    ],
    [
      [1.2728, 8.3986, 9.4774, 0, 0.7273, 4.0173, 3.3979, 0, 1.3394, 6.4482, 13.5334, 0, 0.6534, 2.161, 0.8839, 1.9205, 6.0514, 5.0083, 8.5902, 6.3231, 9.5017, 0, 0, 0.5398, 5.8412, 2.1383, 0.6023, 0.758, 5.6983, 5.2533, 5.8615, 3.9029, 14.9608, 11.8593, 9.4526, 7.9864, 3.4313, 5.7015, 2.0342, 0, 3.4139, 0, 20.6649, 0.8012, 3.6138, 19.0064, 1.5123],
      [1.3743, 19.9078, 41.8123, 0, 3.7857, 24.0328, 9.6389, 1.3926, 0, 4.7414, 34.5885, 0.7409, 0, 4.2577, 3.8331, 8.7761, 26.3143, 29.6016, 46.2068, 10.0376, 26.3498, 0, 1.4571, 0, 34.6931, 10.6379, 2.5125, 0, 8.2898, 25.0086, 23.983, 24.8928, 38.4067, 37.181, 27.7997, 36.3265, 21.2767, 2.2764, 1.3707, 0, 28.5775, 0, 76.8447, 4.5196, 10.3673, 45.591, 2.8283],
      [2.7427, 13.6051, 23.2579, 0.3051, 1.3227, 9.1536, 4.1013, 2.9674, 0, 6.323, 13.9536, 2.3148, 0.8179, 1.6654, 2.1812, 2.0427, 10.8, 15.1166, 31.0917, 8.6917, 16.3128, 0.4399, 0.44, 0.2564, 7.5891, 4.1287, 2.1222, 0.6821, 17.5275, 13.5804, 12.7816, 8.9158, 26.6873, 23.0157, 20.9738, 10.9842, 5.7917, 5.473, 4.9105, 1.8844, 7.5473, 1.3908, 23.1666, 1.8275, 7.9791, 60.5763, 8.0574],
      [37.1573, 330.9939, 532.1652, 6.732, 26.6842, 198.4266, 120.3619, 26.1511, 17.1515, 67.4969, 346.287, 25.4096, 23.1575, 20.2403, 50.5134, 49.2722, 206.6933, 333.6574, 532.0472, 163.026, 310.1294, 3.181, 3.7156, 5.7521, 385.9403, 97.0405, 11.4104, 14.6017, 221.8094, 301.9708, 286.2021, 229.988, 717.8446, 411.3499, 434.9686, 425.7672, 194.2246, 113.482, 81.4984, 19.273, 295.765, 24.6356, 1038.8093, 41.1847, 159.007, 679.6004, 74.6151],
      [4.6216, 39.0068, 99.3436, 4.1137, 4.3812, 25.7592, 16.2462, 2.879, 4.2314, 5.3664, 48.1708, 2.4289, 1.7424, 2.3233, 13.0869, 9.837, 17.6175, 41.3645, 61.0896, 18.8576, 42.3555, 1.0909, 0.3872, 0.4517, 27.2378, 22.8473, 1.3526, 0.9582, 22.4177, 52.2772, 44.371, 16.8817, 75.9923, 62.0251, 56.2223, 86.251, 23.1514, 2.0357, 3.2951, 4.6945, 31.4601, 1.9736, 112.2666, 3.4203, 12.6485, 59.2394, 4.4607],
      [0.8313, 10.0877, 14.9435, 1.8492, 3.0989, 5.6105, 4.2539, 0.61, 0.2777, 3.6242, 8.4666, 1.1058, 0.6287, 2.3523, 1.5015, 2.1515, 5.5235, 11.2517, 6.9746, 3.0639, 5.3509, 0.2882, 0, 0, 6.6986, 3.2072, 0, 0, 8.2573, 1.9096, 2.8008, 2.4188, 16.1082, 15.569, 4.5831, 8.6847, 3.1244, 2.0315, 0.8912, 0.1481, 3.2362, 0, 26.2479, 1.2467, 2.3842, 16.9864, 0.5262]
    ],
    [
      [0.0117, 0.0938, 0.129, 0, 0.0023, 0.041, 0.0504, 0, 0.0059, 0.0211, 0.0868, 0, 0.0173, 0.0082, 0.0129, 0.0152, 0.0633, 0.0962, 0.1278, 0.041, 0.0797, 0, 0, 0.0047, 0.0586, 0.0364, 0.1308, 0.1354, 0.0317, 0.0809, 0.0704, 0.0621, 0.197, 0.0985, 0.0997, 0.0856, 0.0457, 0.0106, 0.0235, 0, 0.0539, 0, 0.306, 0.0141, 0.0352, 0.17, 0.0059],
      [0.0458, 0.3667, 0.5043, 0, 0.0092, 0.1604, 0.1971, 0.0275, 0, 0.0825, 0.3392, 0.0458, 0, 0.0321, 0.0504, 0.0596, 0.2475, 0.3759, 0.4997, 0.1604, 0.3117, 0, 0.0046, 0, 0.2292, 0.1421, 0.0046, 0, 0.1238, 1.726, 0.2751, 0.243, 0.7702, 0.3851, 0.3897, 0.3346, 0.1788, 0.0413, 0.0917, 0, 0.2109, 0, 1.1965, 0.055, 0.1375, 0.6647, 0.0229],
      [0.0014, 0.0112, 0.0154, 0, 0.0003, 0.0049, 0.006, 0.0079, 0, 0.0025, 0.0104, 0.0014, 0.0004, 0.001, 0.0015, 0.0018, 0.0076, 0.0115, 0.0153, 0.0049, 0.0095, 0.0295, 0.1309, 0.0006, 0.007, 0.0043, 0.0001, 0.0001, 0.0038, 0.0097, 0.0084, 0.0074, 0.0235, 0.0118, 0.0119, 0.0102, 0.0055, 0.0013, 0.0028, 0.0118, 0.0064, 0.0006, 0.0365, 0.0017, 0.0042, 0.0203, 0.0007],
      [1.4787, 11.9824, 16.7537, 0, 0.266, 5.4398, 6.2059, 0.9021, 0.2, 2.6654, 11.2181, 1.4458, 0.4957, 1.0128, 1.6638, 1.9261, 8.0298, 12.2372, 16.6244, 5.3096, 10.2861, 0.7075, 0.1479, 1.1096, 6.6491, 4.5171, 0.1777, 0.133, 3.5905, 10.3856, 9.1255, 7.9713, 25.2186, 12.8159, 13.0419, 11.4015, 5.9643, 1.4595, 4.0721, 0.3404, 7.2898, 1.2371, 38.9112, 1.7745, 4.6707, 21.9962, 0.6649],
      [5.9839, 40.3287, 61.1969, 0, 0.463, 15.9498, 25.0557, 3.3981, 0.3689, 9.644, 40.34, 5.1418, 1.211, 2.9696, 5.4809, 5.4697, 30.081, 41.5073, 62.8264, 21.1052, 39.0409, 2.943, 0.7166, 2.8851, 28.2992, 17.8485, 0.6868, 0.7315, 13.2479, 44.8639, 36.2415, 32.231, 97.5523, 43.84, 49.7992, 40.1789, 22.4305, 4.5475, 11.1488, 1.093, 26.5653, 2.7623, 150.6609, 6.5304, 18.3084, 77.6396, 2.7708],
      [2.4784, 27.2171, 31.4008, 0, 1.2592, 13.4039, 11.4848, 1.6644, 0.4252, 5.5844, 22.0056, 3.3652, 1.2756, 2.9764, 3.7904, 5.5276, 15.5708, 27.7719, 28.9064, 8.3788, 18.272, 1.32, 0, 0, 14.7568, 8.4516, 0, 0, 10.0024, 11.9339, 14.2792, 12.4852, 44.2384, 26.8487, 21.6576, 20.9892, 10.3752, 2.94, 4.6612, 0.5548, 11.8736, 0, 69.8888, 3.6244, 6.844, 44.5091, 1.5348]
    ],
    [
      [0.0088, 0.0915, 0.1279, 0, 0.0075, 0.0652, 0.0439, 0, 0.1601, 0.0213, 0.1003, 0, 0.0063, 0.01, 0.0138, 0.0263, 0.0953, 0.1128, 0.1304, 0.0552, 0.0715, 0, 0, 0.1573, 0.0852, 0.0326, 0.0101, 0, 0.0489, 0.0928, 0.0664, 0.0953, 0.1906, 0.1103, 0.1454, 0.1041, 0.0577, 0.0226, 0.01, 0, 0.0765, 0, 0.2131, 0.0125, 0.0476, 0.1956, 0.0075],
      [0.5794, 6.7225, 11.6364, 0, 1.0816, 6.644, 3.3398, 0.5794, 0, 1.6443, 9.515, 0.213, 0, 1.0732, 1.1161, 2.7342, 9.3103, 9.4733, 12.5133, 3.8003, 7.0104, 0, 0.3236, 0, 8.9011, 2.99, 0.8519, 0, 3.4338, 7.8802, 6.6951, 7.9825, 14.3052, 10.2563, 10.6929, 9.7791, 5.6731, 1.3635, 0.7413, 0, 7.3257, 0, 20.7588, 1.3969, 3.4933, 14.7311, 0.7496],
      [0.0066, 0.0686, 0.0958, 0.0056, 0.0056, 0.0488, 0.0329, 0.0154, 0, 0.016, 0.0751, 0.0019, 0.0047, 0.0075, 0.0103, 0.0197, 0.0714, 0.0845, 0.0977, 0.0413, 0.0535, 0, 0.0044, 0.0028, 0.0639, 0.0244, 0.0075, 0, 0.0366, 0.0695, 0.0498, 0.0714, 0.1428, 0.0827, 0.1089, 0.078, 0.0432, 0.0169, 0.0075, 0.1067, 0.0573, 0.1067, 0.1597, 0.0094, 0.0357, 0.1465, 0.0056],
      [0.2341, 2.1252, 3.3449, 0.0468, 0.1652, 1.2536, 0.7816, 0.1665, 0.3957, 0.4325, 2.1845, 0.1603, 0.4086, 0.1339, 0.318, 0.3246, 3.3589, 2.1291, 3.353, 1.0464, 1.9533, 0, 0.025, 0.0657, 2.3841, 0.6296, 0.0775, 0, 1.373, 1.9234, 1.8018, 1.4917, 4.5453, 2.6003, 2.7757, 2.6675, 1.235, 1.8359, 0.506, 0.1152, 1.8511, 0.0592, 6.5748, 0.2829, 1.0785, 4.3021, 0.0074],
      [6.0095, 61.6899, 84.4521, 5.786, 4.4169, 42.7766, 29.9939, 6.1175, 2.3843, 14.4416, 66.4285, 1.3396, 4.4593, 6.4926, 9.2187, 17.37, 61.9926, 75.8574, 85.8859, 38.5316, 46.6187, 0, 1.647, 2.7742, 55.4347, 21.7174, 7.053, 0, 33.219, 63.4283, 43.4982, 65.5916, 129.7462, 72.7692, 100.8227, 68.796, 38.264, 14.5187, 6.4524, 1.7377, 50.8815, 1.8341, 137.3657, 8.0155, 32.9408, 133.1104, 5.1087],
      [0.1616, 2.3024, 2.3428, 0.1616, 0.3231, 1.2118, 0.8079, 0.1212, 0.0599, 0.4443, 1.6965, 0.2852, 0.1212, 0.2827, 0.3231, 0.5251, 1.1715, 2.3428, 2.0197, 0.5252, 1.2926, 0, 0, 0, 1.1311, 0.6059, 0, 0, 0.8887, 0.6058, 0.8887, 0.7676, 3.07, 2.1812, 1.4543, 1.5754, 0.7271, 0.2424, 0.2827, 0.0404, 0.8079, 0, 4.9279, 0.2827, 0.404, 3.5142, 0.1212]
    ]
  ],
  "V_est": [
    [24.1299, 0.1281, 1023.1672, 197.125, 915.8299, 21.6199],
    [53.5401, 103.5842, 270.6698, 173.4408, 10826.8609, 204.9043],
    [224.7398, 762.2329, 447.4965, 9697.3915, 1194.2332, 220.9061],
    [2.6603, 10.7432, 0.4658, 311.5169, 1154.0858, 576.528],
    [2.93, 229.3116, 2.2008, 64.5258, 1768.9902, 43.0416]
  ],
  "p_est": [
    [0.0111, 0.0001, 0.4689, 0.0903, 0.4197, 0.0099],
    [0.0046, 0.0089, 0.0233, 0.0149, 0.9307, 0.0176],
    [0.0179, 0.0608, 0.0357, 0.7729, 0.0952, 0.0176],
    [0.0013, 0.0052, 0.0002, 0.1515, 0.5613, 0.2804],
    [0.0014, 0.1086, 0.001, 0.0306, 0.838, 0.0204]
  ],
  "EI_Z": {},
  "EI_V": 9.3788,
  "MAE_Z": {},
  "MAE_V": 190.8832,
  "MAE_p": 0.066,
  "runtime": 1.96
}
