{
  "X": [
    [17, 32, 88, 22],
    [33, 60, 146, 48],
    [62, 52, 185, 53],
    [66, 113, 304, 56],
    [251, 220, 1305, 74],
    [12, 31, 73, 18],
    [2, 55, 64, 7],
    [87, 63, 257, 56],
    [3, 3, 10, 3],
    [17, 27, 69, 20],
    [168, 331, 811, 171],
    [37, 58, 190, 30],
    [217, 313, 835, 113],
    [116, 329, 802, 88],
    [107, 164, 674, 75],
    [113, 117, 441, 61],
    [141, 113, 413, 56],
    [422, 371, 1323, 190],
    [87, 72, 305, 30],
    [94, 145, 303, 88],
    [15, 24, 64, 9],
    [38, 66, 147, 28],
    [209, 317, 652, 141],
    [84, 178, 597, 68],
    [76, 163, 501, 39],
    [140, 304, 756, 102],
    [37, 82, 216, 32],
    [403, 594, 1216, 252],
    [100, 192, 414, 86],
    [35, 24, 69, 4],
    [76, 149, 634, 47],
    [7, 26, 49, 18],
    [6, 18, 32, 6],
    [2, 3, 6, 2],
    [33, 55, 190, 25],
    [57, 62, 361, 15],
    [20, 42, 127, 13],
    [44, 126, 232, 42],
    [88, 191, 511, 66],
    [107, 128, 509, 51],
    [98, 210, 475, 59],
    [39, 30, 84, 31],
    [262, 425, 1211, 142],
    [38, 79, 211, 28],
    [314, 534, 1222, 361],
    [60, 130, 271, 66]
  ],
  "W": [
    [23, 8, 40, 41, 19, 16, 12],
    [27, 44, 90, 66, 19, 27, 14],
    [53, 50, 99, 84, 23, 27, 16],
    [61, 36, 196, 120, 32, 65, 29],
    [234, 64, 554, 579, 75, 290, 54],
    [14, 21, 52, 20, 5, 14, 8],
    [2, 0, 79, 10, 10, 20, 7],
    [67, 19, 139, 159, 29, 33, 17],
    [1, 1, 6, 8, 0, 3, 0],
    [18, 11, 49, 27, 9, 14, 5],
    [116, 100, 570, 297, 76, 233, 89],
    [24, 19, 108, 72, 24, 58, 10],
    [167, 100, 540, 357, 77, 183, 54],
    [101, 80, 585, 233, 62, 211, 63],
    [96, 37, 363, 249, 32, 190, 53],
    [74, 47, 219, 254, 28, 82, 28],
    [119, 41, 195, 244, 20, 78, 26],
    [342, 145, 658, 769, 91, 227, 74],
    [70, 29, 145, 167, 15, 50, 18],
    [80, 63, 219, 130, 31, 70, 37],
    [5, 4, 45, 19, 13, 15, 11],
    [31, 12, 115, 50, 18, 37, 16],
    [138, 70, 511, 305, 81, 138, 76],
    [54, 36, 414, 163, 40, 163, 57],
    [38, 36, 354, 146, 42, 125, 38],
    [96, 76, 579, 230, 74, 183, 64],
    [22, 27, 149, 76, 15, 50, 28],
    [282, 247, 871, 662, 70, 230, 103],
    [69, 53, 298, 177, 47, 101, 47],
    [18, 11, 35, 51, 8, 8, 1],
    [64, 31, 363, 176, 53, 185, 34],
    [11, 14, 37, 16, 6, 11, 5],
    [3, 5, 27, 11, 4, 7, 5],
    [0, 2, 6, 4, 0, 1, 0],
    [15, 10, 117, 80, 9, 65, 7],
    [51, 19, 132, 157, 25, 97, 14],
    [20, 11, 84, 49, 5, 27, 6],
    [30, 22, 212, 89, 18, 51, 22],
    [53, 43, 354, 163, 51, 147, 45],
    [79, 36, 241, 213, 56, 139, 31],
    [53, 48, 351, 190, 46, 108, 46],
    [3, 1, 73, 76, 7, 14, 10],
    [234, 101, 766, 486, 133, 228, 92],
    [33, 31, 130, 77, 32, 39, 14],
    [244, 238, 883, 527, 105, 279, 155],
    [72, 50, 227, 104, 10, 41, 23]
  ],
  "method": "mvn_pdf",
  "cond_prob": [
    [
      [0.17603083239, 0.09279418523, 0.58320723395, 0.14796774844],
      [0.053647368587, 0.27878200646, 0.041417426461, 0.62615319849],
      [0.00047825307584, 0.56672070489, 0.43235977108, 0.00044127095387],
      [0.29100610681, 0.0012910102478, 0.70551856779, 0.0021843151531],
      [0.016851235519, 0.074325841974, 0.58734935769, 0.32147356482],
      [0.011538195478, 0.028549473373, 0.93793815826, 0.021974172893],
      [0.0055789001256, 0.25372795839, 0.15563281309, 0.58506032839]
    ],
    [
      [0.21661342065, 0.06673376904, 0.57487852889, 0.14177428142],
      [0.07411117241, 0.22280163746, 0.046515995209, 0.65657119492],
      [0, 0.48503065111, 0.51496934889, 0],
      [0.34816626971, 0.0041709432247, 0.64766278707, 0],
      [0.021668688874, 0.055722407484, 0.60376247175, 0.31884643189],
      [0.014511992917, 0.021006303839, 0.94288724079, 0.021594462449],
      [0.0077173827466, 0.20292709924, 0.17208200852, 0.6172735095]
    ],
    [
      [0.30694475312, 0.041260626254, 0.54982073526, 0.10197388536],
      [0.13886180027, 0.18130284302, 0.057828498127, 0.62200685858],
      [0, 0.37012938276, 0.62491840137, 0.0049522158729],
      [0.44237189345, 0.0015268974665, 0.55602342273, 7.7786344112e-05],
      [0.03522124956, 0.039524289034, 0.66274919073, 0.26250527068],
      [0.021632678145, 0.013675711467, 0.94831053824, 0.016381072145],
      [0.014714248178, 0.16866709499, 0.22172318503, 0.59489547181]
    ],
    [
      [0.24444567871, 0.062203584798, 0.57705660422, 0.11629413227],
      [0.096158764845, 0.23690198272, 0.052790455646, 0.61414879679],
      [0.0014494282773, 0.46470645883, 0.53340152229, 0.00044259059481],
      [0.37628158039, 0.002455382619, 0.62116844847, 9.4588513291e-05],
      [0.025973353853, 0.055020356303, 0.6425204857, 0.27648580414],
      [0.016432198189, 0.019619954815, 0.94616638211, 0.017781464887],
      [0.0099993196098, 0.2160017117, 0.19830028184, 0.57569868685]
    ],
    [
      [0.22178823144, 0.04061663065, 0.6947238719, 0.04287126601],
      [0.14716749003, 0.25974800569, 0.10512792373, 0.48795658055],
      [0.00081256056235, 0.31811885282, 0.68106858662, 0],
      [0.31581614008, 0, 0.68418385992, 0],
      [0.024875650326, 0.037783704554, 0.79909674097, 0.13824390415],
      [0.012967218817, 0.011108148264, 0.97592463292, 0],
      [0.013869696135, 0.2144231623, 0.35743658995, 0.41427055162]
    ],
    [
      [0.21128523683, 0.058113949186, 0.64643764053, 0.084163173459],
      [0.10032433689, 0.27273482446, 0.07115463391, 0.55578620474],
      [0.0035415622247, 0.42371082178, 0.57274761599, 0],
      [0.31916595973, 0.0022301392059, 0.67853745709, 6.6443971724e-05],
      [0.022296983726, 0.05172470724, 0.7239177876, 0.20206052143],
      [0.012632457597, 0.016509397568, 0.95932629844, 0.011531846398],
      [0.0099219818152, 0.23645659735, 0.25648042885, 0.49714099199]
    ],
    [
      [0.10444922652, 0.1386501551, 0.63349704289, 0.1234035755],
      [0.030055201609, 0.39672299695, 0.043037684307, 0.53018411714],
      [0, 0.63679342151, 0.35811287201, 0.0050937064832],
      [0.16729290872, 0.0063876980618, 0.82620482095, 0.00011457226894],
      [0.0096430011002, 0.10752039956, 0.61836516053, 0.26447143881],
      [0, 0.039332575587, 0.94404695434, 0.016620470069],
      [0.0031060641031, 0.35575527179, 0.15935001773, 0.48178864638]
    ],
    [
      [0.24768198241, 0.041110604995, 0.51962650173, 0.19158091086],
      [0.065637931112, 0.10540462692, 0.03018071952, 0.79877672245],
      [0.0058126041797, 0.39660812992, 0.5975792659, 0],
      [0.42090701548, 0, 0.57909298452, 0],
      [0.023139652947, 0.031969690002, 0.47898363889, 0.46590701816],
      [0.019232178357, 0.014967627662, 0.9268254774, 0.038974716577],
      [0.0070768955514, 0.099606986585, 0.11744246657, 0.77587365129]
    ],
    [
      [0.0028915609624, 0.0010877856945, 0.0071320269457, 0.9888886264],
      [1.5689601812e-08, 3.6908741545e-08, 9.6664601317e-09, 0.99999993774],
      [0.00055786348907, 0.49618360464, 0.50325853187, 0],
      [0.37251453756, 0, 0.62748546244, 0],
      [2.2064864946e-06, 8.2508237651e-06, 4.6881220081e-05, 0.99994266147],
      [0.0045483139853, 0.0072701831914, 0.65114435753, 0.33703714529],
      [1.4761168402e-09, 2.3932544063e-08, 1.9679696116e-08, 0.99999995491]
    ],
    [
      [0.25501532415, 0.055981972227, 0.5098296277, 0.17917307592],
      [0.062000378161, 0.13667098366, 0.029625901663, 0.77170273651],
      [0.0018126284178, 0.471944307, 0.52624306459, 0],
      [0.41289418735, 0.0023400491076, 0.58476576354, 0],
      [0.022424059108, 0.042444217595, 0.48590066182, 0.44923106147],
      [0.018255826123, 0.019440225712, 0.92658937742, 0.035714570749],
      [0.0066720113643, 0.12926603851, 0.11544775251, 0.74861419762]
    ],
    [
      [0.25820457811, 0.062522672275, 0.53238625201, 0.1468864976],
      [0.088009879656, 0.20552195196, 0.04218346041, 0.66428470798],
      [0.00092035072974, 0.48449209147, 0.5145875578, 0],
      [0.40812631212, 0.0025395912112, 0.58933409667, 0],
      [0.026858972476, 0.054001251645, 0.57897603551, 0.34016374037],
      [0.019890588282, 0.022000516736, 0.93675904073, 0.021349854249],
      [0.0093637907898, 0.19157537714, 0.16191774025, 0.63714309182]
    ],
    [
      [0.24558298247, 0.05707757998, 0.56936431012, 0.12797512743],
      [0.091409509528, 0.20668793724, 0.049355800695, 0.65254675254],
      [0.0023684930209, 0.44811090838, 0.54943383028, 8.6768320347e-05],
      [0.38109146271, 0.0022640507597, 0.61654023901, 0.00010424751862],
      [0.025582523557, 0.049690677481, 0.62368592353, 0.30104087543],
      [0.016644417776, 0.018212663835, 0.94541787166, 0.019725046726],
      [0.0095488381892, 0.18951667513, 0.18650467436, 0.61442981232]
    ],
    [
      [0.28543161901, 0.06195462342, 0.56748851532, 0.085125242253],
      [0.13318383036, 0.27878190925, 0.061534520861, 0.52649973953],
      [0.00049035276575, 0.46644002014, 0.53306962709, 0],
      [0.41697989551, 0.0023267007913, 0.58069340369, 0],
      [0.033092136758, 0.059626086714, 0.68775188539, 0.21952989114],
      [0.01959668063, 0.019964760725, 0.94748307688, 0.012955481768],
      [0.013956228005, 0.25597007437, 0.23267636782, 0.4973973298]
    ],
    [
      [0.22584498422, 0.06769907499, 0.63142372627, 0.075032214525],
      [0.11175055958, 0.32307408724, 0.07260122487, 0.49257412831],
      [0.0007089508409, 0.46131660904, 0.53797444012, 0],
      [0.33720508458, 0.002597887546, 0.66019702788, 0],
      [0.024927157212, 0.062046966479, 0.72877507273, 0.18425080358],
      [0.014297829138, 0.019728985631, 0.95824379514, 0.0077293900858],
      [0.01117087594, 0.28303515035, 0.26196278421, 0.44383118949]
    ],
    [
      [0.21124543207, 0.048614026691, 0.63405734831, 0.10608319293],
      [0.094152159676, 0.20909742257, 0.065665053426, 0.63108536432],
      [0, 0.3784096762, 0.62009906091, 0.0014912628883],
      [0.31943862694, 0.001902724083, 0.67857303943, 8.560955023e-05],
      [0.021985741148, 0.042013843985, 0.68995957575, 0.24604083912],
      [0.013121233452, 0.014137994722, 0.95776936021, 0.014971411614],
      [0.0094341968511, 0.1835716234, 0.23745956213, 0.56953461762]
    ],
    [
      [0.230406803, 0.055716430294, 0.60686893781, 0.10700782889],
      [0.098324807067, 0.22989155969, 0.060173728073, 0.61160990517],
      [0.00080485774101, 0.42434854102, 0.57443744738, 0.00040915385871],
      [0.35026742772, 0.002465151744, 0.64679946733, 0.00046795321033],
      [0.024439214612, 0.049097202971, 0.6731877861, 0.25327579632],
      [0.014865827562, 0.016829976922, 0.95262496425, 0.015679231263],
      [0.010040867531, 0.20567221557, 0.22179152232, 0.56249539458]
    ],
    [
      [0.27795543934, 0.057161433319, 0.56625935233, 0.098623775007],
      [0.12181243021, 0.24227600601, 0.057670134489, 0.57824142929],
      [0.00099756997991, 0.44774395589, 0.55087080723, 0.00038766690569],
      [0.41100945743, 0.0027132138069, 0.5858077186, 0.00046961016701],
      [0.03130883178, 0.053505429292, 0.66725116394, 0.24793457499],
      [0.01910166973, 0.018396673112, 0.94710088423, 0.015400772932],
      [0.012771247921, 0.22258955899, 0.21826456012, 0.54637463298]
    ],
    [
      [0.26629207084, 0.056744853545, 0.57304019437, 0.10392288124],
      [0.11474520437, 0.23558743108, 0.057364149121, 0.59230321543],
      [0.00095612651626, 0.44212056149, 0.55651497742, 0.00040833456965],
      [0.39788634636, 0.0022667740011, 0.59961791172, 0.00022896792219],
      [0.02949003875, 0.052114738588, 0.66272524756, 0.2556699751],
      [0.018135895321, 0.018073395446, 0.94770551931, 0.016085189921],
      [0.011971402397, 0.21526353964, 0.2158415167, 0.55692354126]
    ],
    [
      [0.26452318811, 0.048275641226, 0.62864842159, 0.058552749077],
      [0.14884001874, 0.2628256042, 0.082517123238, 0.50581725382],
      [0.0012189991779, 0.38044597703, 0.61833502379, 0],
      [0.37391788629, 0.0017479616661, 0.62433415204, 0],
      [0.030168417697, 0.045721423634, 0.75404792914, 0.17006222953],
      [0.016506138195, 0.014097610728, 0.95992056737, 0.0094756837088],
      [0.014896734551, 0.23063802409, 0.29847137606, 0.4559938653]
    ],
    [
      [0.2995549805, 0.066673184212, 0.49310836451, 0.14066347077],
      [0.1002838486, 0.21600810536, 0.038130785228, 0.64557726081],
      [0.00081518815505, 0.52286734409, 0.47631746775, 0],
      [0.46538510789, 0.0027746356093, 0.5318402565, 0],
      [0.0325220086, 0.060267850305, 0.55698132999, 0.3502288111],
      [0.023249342784, 0.024283870207, 0.92699581484, 0.025470972174],
      [0.01090520553, 0.20596782071, 0.14973525184, 0.63339172192]
    ],
    [
      [0.43197278102, 0.041939708964, 0.47654254302, 0.049544966998],
      [0.25708303973, 0.25174437245, 0.067469962004, 0.42370262582],
      [0, 0.41830339403, 0.58169660597, 0],
      [0.53784565125, 0.013805090953, 0.44834925779, 0],
      [0.05987879137, 0.050864312267, 0.72667834889, 0.16257854747],
      [0.033198819347, 0.016725854079, 0.94181716396, 0.0082581626171],
      [0.028757271287, 0.25320460319, 0.27984984321, 0.43818828231]
    ],
    [
      [0.33027138229, 0.058250491422, 0.48717724213, 0.12430088416],
      [0.12132755409, 0.20880305443, 0.041831302375, 0.62803808911],
      [0, 0.49093586363, 0.50839324464, 0.00067089172503],
      [0.48940712259, 0.0045602893319, 0.50593559766, 9.6990424447e-05],
      [0.037546628125, 0.055640157498, 0.58547600695, 0.32133720743],
      [0.025607675529, 0.021389378399, 0.93097667463, 0.022026271438],
      [0.013248566856, 0.2006268433, 0.16555136013, 0.62057322971]
    ],
    [
      [0.32324284931, 0.065209552638, 0.47658399471, 0.13496360334],
      [0.11286677394, 0.21968627759, 0.038643945012, 0.62880300346],
      [0, 0.52295461888, 0.47704538112, 0],
      [0.48862903475, 0.0032913865207, 0.50807957873, 0],
      [0.036464211092, 0.06110682525, 0.56153311252, 0.34089585113],
      [0.025826918735, 0.024405481716, 0.92512297461, 0.024644624938],
      [0.01239790972, 0.2114703927, 0.15316735136, 0.62296434622]
    ],
    [
      [0.2541601592, 0.045123955965, 0.61152838579, 0.089187499047],
      [0.12560683684, 0.21533815907, 0.070276070616, 0.58877893347],
      [0.0014637147839, 0.36893353888, 0.62877205779, 0.00083068854599],
      [0.37198859173, 0.0016960213336, 0.62624624823, 6.9138709214e-05],
      [0.028161604395, 0.041589356198, 0.7096857292, 0.22056331021],
      [0.016324721247, 0.013597075194, 0.95703562962, 0.013042573938],
      [0.012736722201, 0.19151401002, 0.25743020078, 0.538319067]
    ],
    [
      [0.26830903866, 0.049159761741, 0.62810209881, 0.054429100792],
      [0.16595942394, 0.29388675794, 0.090336917573, 0.44981690054],
      [0.00096414896814, 0.38559353495, 0.61344231608, 0],
      [0.37843266377, 0.0017803023611, 0.61978703387, 0],
      [0.031649674491, 0.048279114451, 0.79089249288, 0.12917871817],
      [0.018253639872, 0.016239596763, 0.96550676337, 0],
      [0.01648021871, 0.25616573283, 0.32438616459, 0.40296788387]
    ],
    [
      [0.28413897597, 0.056602758174, 0.57189589153, 0.087362374333],
      [0.1338281019, 0.2571826602, 0.062621309817, 0.54636792809],
      [0.0007315907902, 0.44239679774, 0.55672848476, 0.00014312670673],
      [0.41420544145, 0.0021202230835, 0.5836067888, 6.7546660632e-05],
      [0.032719732903, 0.054159018033, 0.68906695202, 0.22405429704],
      [0.019372934646, 0.018086360566, 0.94898286975, 0.01355783504],
      [0.013974573225, 0.23542632067, 0.23607189297, 0.51452721314]
    ],
    [
      [0.23841000496, 0.058543669489, 0.62737950542, 0.075666820127],
      [0.12059001362, 0.28771468211, 0.073817082185, 0.51787822209],
      [0.0013275385877, 0.42967820869, 0.56899425272, 0],
      [0.35165035576, 0.0022104861623, 0.64613915808, 0],
      [0.026427267218, 0.054198252282, 0.73112884913, 0.18824563137],
      [0.016829487661, 0.017175970402, 0.95720385358, 0.0087906883551],
      [0.012069137316, 0.25292573239, 0.26752659199, 0.4674785383]
    ],
    [
      [0.28473832055, 0.075781436185, 0.52794845544, 0.11153178783],
      [0.10903647347, 0.27958829454, 0.046972605491, 0.56440262651],
      [0.00056779556203, 0.53239414467, 0.46560872633, 0.0014293334417],
      [0.43362799287, 0.0029681551962, 0.56331364687, 9.0205062456e-05],
      [0.031974419205, 0.070582940109, 0.61921320404, 0.27822943665],
      [0.020760033328, 0.025843782786, 0.93491163238, 0.018484551506],
      [0.011674625596, 0.26219642381, 0.18138706229, 0.5447418883]
    ],
    [
      [0.26251201294, 0.073717745312, 0.53323293669, 0.13053730506],
      [0.0923938059, 0.25081363012, 0.043653034166, 0.61313952981],
      [0.0014109155135, 0.5252075351, 0.47323019677, 0.00015135261423],
      [0.41176643524, 0.0029673910206, 0.58515783611, 0.00010833762866],
      [0.028007029009, 0.065405007284, 0.59559610834, 0.31099185537],
      [0.018892672122, 0.024871544083, 0.93486950966, 0.02136627413],
      [0.0098339848053, 0.23398336618, 0.16772219918, 0.58846044983]
    ],
    [
      [0.37272763493, 0.061592736018, 0.56567962905, 0],
      [0.2365303968, 0.39090150527, 0.11396444965, 0.25860364828],
      [0.0012948861766, 0.48863042299, 0.51007469083, 0],
      [0.49011524361, 0.0074092312189, 0.50247552517, 0],
      [0.051026342863, 0.071210098095, 0.77493225595, 0.1028313031],
      [0.026751346008, 0.020980465549, 0.94678186704, 0.0054863214026],
      [0.025648255104, 0.37395408776, 0.31157878418, 0.28881887296]
    ],
    [
      [0.21302913831, 0.045338100332, 0.6715002797, 0.070132481655],
      [0.12220324949, 0.25104868797, 0.089507364729, 0.53724069781],
      [0, 0.34799000417, 0.65200999583, 0],
      [0.31131044932, 0.0017022838653, 0.68693293246, 5.4334357754e-05],
      [0.02320566858, 0.04104311263, 0.76550157173, 0.17024964706],
      [0.011662960094, 0.012551163228, 0.97040440514, 0.0053814715391],
      [0.01175433182, 0.21172437089, 0.31097149829, 0.465549799]
    ],
    [
      [0.16433243807, 0.082296046683, 0.56286281413, 0.19050870112],
      [0.042589681978, 0.21128237122, 0.040845888794, 0.705282058],
      [0, 0.54609075182, 0.45390924818, 0],
      [0.27281412039, 0.018782672726, 0.70840320688, 0],
      [0.014657878453, 0.061875291902, 0.53083707634, 0.3926297533],
      [0.010971769939, 0.026018516332, 0.93426036969, 0.028749344038],
      [0.0044849934496, 0.1946908555, 0.12913731677, 0.67168683428]
    ],
    [
      [0.25238136474, 0.078199604371, 0.59142159296, 0.077997437928],
      [0.10554994276, 0.33613582538, 0.058571108379, 0.49974312348],
      [0.0079544451715, 0.52087087785, 0.46874269152, 0.0024319854588],
      [0.38440630907, 0.0029428095231, 0.61259078074, 6.0100660981e-05],
      [0.027101898716, 0.073533571361, 0.69819843021, 0.20116609971],
      [0.015669125014, 0.023875925595, 0.94907968172, 0.011375267671],
      [0.010755060518, 0.30551433774, 0.22039538542, 0.46333521632]
    ],
    [
      [0.24644472514, 0.046214590777, 0.43573008298, 0.2716106011],
      [0.0052063662537, 0.011829821231, 0.002249026883, 0.98071478563],
      [0.011424726845, 0.49205078717, 0.49574198086, 0.00078250512723],
      [0.47610984994, 0.0018157244616, 0.52191179091, 0.00016263468935],
      [0.011473908426, 0.02236578544, 0.21692452925, 0.74923577688],
      [0.016599506669, 0.016772736689, 0.93340289743, 0.033224859215],
      [0.00061406121441, 0.010771923597, 0.007641073465, 0.98097294172]
    ],
    [
      [0.18751661404, 0.047081776221, 0.48450277749, 0.28089883225],
      [0.039158390829, 0.095479401117, 0.023580474451, 0.8417817336],
      [0.00079325431889, 0.43690814936, 0.56229859632, 0],
      [0.3559690874, 0.0022815939067, 0.64174931869, 0],
      [0.015458226638, 0.032406072901, 0.41924621737, 0.53288948309],
      [0.01625644758, 0.017164615425, 0.93773733431, 0.02884160268],
      [0.0042194287564, 0.090120528498, 0.091661377283, 0.81399866546]
    ],
    [
      [0.19296943102, 0.049574420199, 0.75745614879, 0],
      [0.13703178852, 0.33441869314, 0.11797063388, 0.41057888446],
      [0.00064230824415, 0.35330134242, 0.64605634933, 0],
      [0.27209894034, 0.0017929607964, 0.72610809887, 0],
      [0.021335575639, 0.049954051627, 0.82828022789, 0.10043014485],
      [0.010754977521, 0.0126762949, 0.97656872758, 0],
      [0.012429607482, 0.26585896137, 0.38683660444, 0.33487482671]
    ],
    [
      [0.19655317997, 0.059333070668, 0.65135713467, 0.092756614692],
      [0.087849167186, 0.25882485176, 0.067629316677, 0.58569666438],
      [0, 0.42456049752, 0.57390848869, 0.0015310137937],
      [0.2985737744, 0.0048624949859, 0.69633891812, 0.00022481248502],
      [0.020358709971, 0.05141155722, 0.71009438047, 0.21813535234],
      [0.011789062327, 0.01676939821, 0.95882721968, 0.012614319785],
      [0.0087303971811, 0.2258482723, 0.24353465857, 0.52188667195]
    ],
    [
      [0.22948824095, 0.073802022537, 0.53032236827, 0.16638736825],
      [0.068842620169, 0.21468770976, 0.037057613104, 0.67941205697],
      [0.00074788465465, 0.52796544985, 0.4712866655, 0],
      [0.38139693013, 0.0031385854519, 0.61546448442, 0],
      [0.022583360515, 0.060575960086, 0.54778136286, 0.36905931654],
      [0.018245603644, 0.026750452075, 0.93328255519, 0.021721389092],
      [0.0073141147448, 0.20000726813, 0.14220338268, 0.65047523445]
    ],
    [
      [0.26368526719, 0.05994775313, 0.58448471566, 0.091882264023],
      [0.11957227797, 0.2626788539, 0.061643653858, 0.55610521427],
      [0.0013663743008, 0.45148949858, 0.54686656234, 0.00027756478273],
      [0.3911232694, 0.0022827043238, 0.6065218554, 7.2170873276e-05],
      [0.029509448201, 0.055810157856, 0.68514239941, 0.22953799453],
      [0.017582146275, 0.018751529405, 0.94971739966, 0.013948924657],
      [0.012371691342, 0.23834271538, 0.23037971857, 0.51890587471]
    ],
    [
      [0.25059249562, 0.055071024463, 0.61874369618, 0.075592783734],
      [0.12947265953, 0.27505507753, 0.074301568417, 0.52117069451],
      [0.0008695417586, 0.4167435515, 0.58238690674, 0],
      [0.36573387377, 0.0020643431694, 0.63220178306, 0],
      [0.028256989436, 0.051609163699, 0.73011947431, 0.19001437255],
      [0.017585154922, 0.01761717002, 0.95798077063, 0.0068169044303],
      [0.013050789777, 0.24301953126, 0.27045643691, 0.47347324205]
    ],
    [
      [0.26240283595, 0.070606474583, 0.58887355581, 0.078117133653],
      [0.12359231813, 0.32140223814, 0.064494389465, 0.49051105427],
      [0.0014123218869, 0.48860337084, 0.50998430728, 0],
      [0.38804772838, 0.0026804595131, 0.60927181211, 0],
      [0.029961690801, 0.067041664278, 0.70404411513, 0.19895252979],
      [0.018247548137, 0.021902862939, 0.9489711652, 0.010878423728],
      [0.012748958143, 0.29069680849, 0.24028085992, 0.45627337345]
    ],
    [
      [0.025611242808, 0.0038477891421, 0.035885210266, 0.93465575778],
      [0.0015548282084, 0.0022700955788, 0.00051475032686, 0.99566032589],
      [0.0013271883849, 0.40913142195, 0.57729930447, 0.012242085202],
      [0.5090826178, 0, 0.4909173822, 0],
      [0.0010388239719, 0.001315698749, 0.01531799995, 0.98232747733],
      [0.008960470753, 0.0063113330072, 0.30797023391, 0.67675796233],
      [0.00017293799516, 0.0022024181558, 0.0020450071421, 0.99557963671]
    ],
    [
      [0.25319097297, 0.061952832738, 0.61022306573, 0.074633128561],
      [0.12393840108, 0.29214899588, 0.069205287712, 0.51470731533],
      [0.0011362462952, 0.44899835647, 0.54986539723, 0],
      [0.3717964341, 0.0023386610639, 0.62586490484, 0],
      [0.028479837438, 0.057795267349, 0.71505026262, 0.1986746326],
      [0.016329088823, 0.018688841031, 0.95332357119, 0.011658498959],
      [0.012622299478, 0.26063947726, 0.25425403663, 0.47248418663]
    ],
    [
      [0.22183475571, 0.067178972533, 0.6455970334, 0.065389238356],
      [0.11457322267, 0.33708035533, 0.077219166376, 0.47112725562],
      [0.00068665064227, 0.45624211721, 0.54307123214, 0],
      [0.32957371897, 0.0025564460939, 0.66786983494, 0],
      [0.024503662359, 0.061886085413, 0.7461459284, 0.16746432383],
      [0.018424579736, 0.01923280498, 0.96234261528, 0],
      [0.011326172092, 0.29248908406, 0.27630246904, 0.41988227481]
    ],
    [
      [0.25801480964, 0.061826535935, 0.50739378559, 0.17276486883],
      [0.079259512206, 0.18296394275, 0.036218181221, 0.70155836382],
      [0.00094895319538, 0.4934299929, 0.5056210539, 0],
      [0.41943229808, 0.0025846039744, 0.57798309795, 0],
      [0.026036265471, 0.051753022926, 0.53480953589, 0.38740117571],
      [0.022396862612, 0.022220563662, 0.93411744406, 0.021265129667],
      [0.0085118918773, 0.17209375588, 0.14026927618, 0.67912507606]
    ],
    [
      [0.2275886236, 0.064335242003, 0.5500329557, 0.1580431787],
      [0.071722689357, 0.19379009466, 0.039930497919, 0.69455671806],
      [0.00081476238014, 0.4841047707, 0.51508046692, 0],
      [0.37294674773, 0.0026700649691, 0.62438318731, 0],
      [0.022456532093, 0.052206716666, 0.56334715527, 0.36198959597],
      [0.01603213403, 0.021013141457, 0.93675937377, 0.02619535074],
      [0.0075734344749, 0.17936009439, 0.1522338672, 0.66083260393]
    ]
  ],
  "expected_outcome": [
    [
      [4.0487091449, 5.8485623574, 16.2680719155, 14.9111864016, 51.8984461566, 2.9579933156, 0.20889845304, 16.5946928215, 0.0028915609624, 4.5902758348, 29.9517310608, 5.8939915794, 47.6670803742, 22.8103434058, 20.2795614786, 17.0501034221, 33.0766972817, 91.0718882275, 18.5166231676, 23.9643984404, 2.1598639051, 10.238412851, 44.6075132046, 13.7246485969, 10.1957434689, 27.2773416927, 5.2450201092, 80.2962063939, 18.1133288928, 6.7090974288, 13.6338648518, 1.8076568187, 0.75714409422, 0, 2.8127492105, 9.8414409818, 3.9310635994, 6.8846472285, 13.9753191611, 19.796807154, 13.9073503055, 0.076833728423, 59.246687675, 7.3205469385, 62.9556135531, 16.3863808993],
      [2.1342662603, 1.8018117641, 2.1868131915, 3.7944186726, 9.5042915722, 0.81359528861, 0.27730031019, 2.7544105347, 0.0010877856945, 1.0076755001, 7.2526299839, 1.3698619195, 10.3464221111, 6.8376065739, 4.6669465623, 4.1230158418, 6.802210565, 19.4067399125, 3.3792948858, 5.3338547369, 0.20969854482, 1.8057652341, 8.998918264, 2.4366936221, 1.8680709462, 5.4338647847, 1.2879607288, 21.3703650042, 5.0865244265, 1.1086692483, 2.9016384213, 0.90525651352, 0.23459881311, 0, 0.70622664331, 2.5282954302, 1.1866614134, 2.2140606761, 3.1772309159, 4.3506109326, 3.7421431529, 0.011543367426, 14.4969628607, 2.2169060936, 15.0856747682, 4.6321374242],
      [13.4137663808, 15.5217202802, 29.140498969, 35.2004528573, 162.5653860249, 9.0501269674, 1.2669940858, 34.8149756159, 0.0071320269457, 9.1769332986, 61.7568052334, 13.6647434429, 94.7705820585, 63.7737963533, 60.8695054375, 44.908301398, 67.3848629274, 195.9797464758, 44.0053895112, 39.4486691612, 2.3827127151, 15.102494506, 65.7685912698, 33.0225328324, 23.8678797548, 54.9020055866, 13.8023491192, 148.8814644352, 36.7930726315, 10.1822333229, 42.976017901, 6.1914909554, 1.7742647789, 0, 7.2675416624, 38.6302635881, 13.0271426934, 15.909671048, 30.9776899298, 48.8807519984, 31.210298458, 0.1076556308, 142.792197381, 21.3047021021, 123.8040836833, 39.6023728102],
      [3.403258214, 3.8279055984, 5.404615924, 7.0939420684, 10.0318762464, 1.1782844284, 0.24680715099, 12.8359210279, 0.9888886264, 3.2251153665, 17.0388337219, 3.0714030582, 14.2159154563, 7.578253667, 10.1839865216, 7.9185793381, 11.7362292259, 35.5416253842, 4.0986924354, 11.2530776615, 0.24772483499, 3.8533274089, 18.6249772615, 4.8161249485, 2.0683058301, 8.386787936, 1.6646700428, 31.4519641667, 9.0070740492, 0, 4.4884788259, 2.0955957123, 0.23399231378, 0, 4.2134824837, 0, 1.8551322938, 4.9916210475, 4.8697599932, 5.971829915, 4.1402080836, 2.8039672734, 17.4641520833, 2.1578448657, 42.1546279954, 11.3791088663]
    ],
    [
      [0.4291789487, 3.260891586, 6.9430900136, 3.4617155344, 9.418719362, 2.1068110747, 0, 1.2471206911, 1.5689601812e-08, 0.68200415977, 8.8009879656, 1.736780681, 13.318383036, 8.9400447667, 3.483629908, 4.6212659321, 4.9943096388, 16.6380546342, 4.3163605435, 6.3178824619, 1.0283321589, 1.4559306491, 7.9006741755, 4.5218461263, 5.9745392619, 10.1709357445, 3.2559303676, 26.932008946, 4.8968717127, 2.6018343648, 3.7883007342, 0.59625554769, 0.5277497138, 0.010412732507, 0.39158390829, 2.6036039818, 0.96634083905, 1.5145376437, 5.1416079528, 4.6610157432, 5.9324312702, 0.0015548282084, 12.5177785086, 3.5517699028, 18.8637639051, 3.5861344678],
      [2.2302560517, 9.8032720481, 9.0651421508, 8.5284713778, 16.6238723643, 5.7274313137, 0, 2.0026879114, 3.6908741545e-08, 1.5033808203, 20.5521951959, 3.9270708076, 27.8781909251, 25.8459269788, 7.7366046353, 10.8049033057, 9.9333162463, 34.1601775065, 7.6219425219, 13.6085106376, 1.0069774898, 2.5056366531, 15.3780394311, 7.7521737265, 10.579923286, 19.5458821749, 7.7682964169, 69.0583087502, 13.2931223965, 4.299916558, 7.7825093271, 2.9579531971, 1.6806791269, 0.023659642463, 0.95479401117, 6.3539551697, 2.8470733694, 4.7231296147, 11.2951907176, 9.9019827912, 15.4273074307, 0.0022700955788, 29.5070485839, 10.4494910152, 43.5454183755, 9.6895047329],
      [0.33133941169, 2.0467037892, 2.8914249064, 1.9004564032, 6.7281871186, 1.4942473121, 0, 0.57343367088, 9.6664601317e-09, 0.3258849183, 4.218346041, 0.93776021321, 6.1534520861, 5.8080979896, 2.4296069768, 2.8281652194, 2.364475514, 8.3178016225, 2.3929965739, 2.4022394694, 0.26987984802, 0.50197562851, 2.7050761509, 2.5299385422, 3.2521290326, 4.7592195461, 1.993061219, 11.6022335564, 2.3136108108, 1.2536089462, 2.7747283066, 0.57184244312, 0.29285554189, 0.004498053766, 0.23580474451, 2.2414420436, 0.74392248344, 0.81526748828, 2.6506771159, 2.674856463, 3.0957306943, 0.00051475032686, 6.9897340589, 2.3937941576, 8.6199271305, 1.996524896],
      [5.0092255879, 28.8891325766, 31.1003429292, 22.1093566846, 31.2292211551, 11.6715102995, 0, 15.1767577266, 0.99999993774, 8.4887301016, 66.4284707976, 12.3983882982, 52.6499739529, 39.4059302649, 23.35015848, 28.7456655428, 23.7078986009, 85.8839662368, 14.6687003607, 40.6713674311, 1.6948105033, 7.5364570693, 44.0162102425, 21.196041605, 16.1934084195, 41.5239625345, 13.9827119965, 139.4074487474, 32.4963950801, 2.8446401311, 16.654461632, 9.8739488121, 2.4987156174, 1.9614295713, 8.417817336, 7.8009988048, 6.4426633081, 14.9470652533, 23.9125242138, 18.7621450025, 23.5445306048, 0.99566032589, 51.9854388486, 14.6049449244, 166.9708905889, 34.7278359032]
    ],
    [
      [0.019130123034, 0, 0, 0.28408794236, 0.45015855154, 0.18416123568, 0, 0.80795198098, 0.0033471809344, 0.088818792473, 0.52459991595, 0.25579724626, 0.26479049351, 0.41473624193, 0, 0.17626384528, 0.19452614608, 0.6291312477, 0.1767548808, 0.17852620596, 0, 0, 0, 0.60597792055, 0.34130873472, 0.42359106753, 0.19780324957, 0.49454993453, 0.42045282301, 0.04532101618, 0, 0, 0.21477001963, 0.068548361071, 0.092810755311, 0.084784688228, 0, 0.15855154679, 0.4836965025, 0.20955956382, 0.49572498229, 0.0968847521, 0.87036466216, 0.089264583495, 0.83792567152, 0.18495106029],
      [22.6688281957, 43.6527585998, 36.6428088933, 91.0824659314, 176.2378444614, 22.0329627327, 50.3066802993, 55.128530059, 2.9771016278, 23.1252710428, 276.1604921406, 48.3959781049, 251.8776108755, 269.8702162868, 137.3627124609, 92.932330483, 87.3100713976, 290.9153294629, 55.1646666696, 114.507948356, 18.8236527315, 56.4576243176, 267.2298102485, 152.7384850982, 136.5001113732, 256.1477458905, 64.0220530948, 463.7153000048, 156.5118454612, 17.1020648046, 126.3203715145, 20.2053578172, 14.0635137019, 2.952304723, 51.1182534748, 46.6357772, 35.6630817913, 111.9286753678, 159.8272824964, 100.4351959122, 171.499783164, 29.8665938021, 343.932741058, 59.3114752378, 435.6986837312, 109.8917829487],
      [17.2943908431, 46.3472414002, 61.8669217353, 104.5466983697, 377.3119969871, 29.7828760316, 28.2909168885, 83.06351796, 3.0195511912, 25.7859101647, 293.3149079434, 59.3388536702, 287.857598631, 314.7150474713, 225.0959591107, 125.8018009767, 107.4198074097, 366.1868551425, 89.6585784496, 104.313525438, 26.1763472685, 58.465223134, 243.7701897515, 260.3116319232, 217.1585798921, 322.3457926788, 84.7801436556, 405.5452006329, 141.0225986368, 17.8526141792, 236.6796284855, 16.7946421828, 12.656052671, 2.9744518852, 65.7889357699, 85.2794381117, 48.20831305, 99.9127730854, 193.590763068, 140.355244524, 179.0044918537, 42.1428492261, 421.1968942798, 70.5992601787, 446.4633905972, 116.923265991],
      [0.017650838155, 0, 0.49026937142, 0.086747756582, 0, 0, 0.40240281218, 0, 0, 0, 0, 0.0093709785975, 0, 0, 0.54132842846, 0.089604695057, 0.07559504661, 0.26868414683, 0, 0, 0, 0.077152548379, 0, 0.34390505804, 0, 0.082870363194, 0, 1.2449494277, 0.045103079041, 0, 0, 0, 0.065663607387, 0.0046950307634, 0, 0, 0.12860515867, 0, 0.098257933086, 0, 0, 0.89367221971, 0, 0, 0, 0]
    ],
    [
      [11.9312503794, 22.9789738007, 37.1592390502, 45.1537896474, 182.8575451072, 6.3833191946, 1.6729290872, 66.9242154607, 2.9801163005, 11.1481430585, 121.2135146996, 27.4385853151, 148.8618226984, 78.568784706, 79.5402181077, 88.9679266404, 100.2863076129, 305.974600349, 62.444287011, 60.5000640258, 10.2190673738, 24.4703561293, 149.0318555972, 60.6341404517, 55.2511689109, 95.2672515339, 26.7254270374, 287.0617312792, 72.8826590379, 24.9958774242, 54.7906390801, 4.3650259263, 4.2284693998, 1.9044393998, 28.4775269921, 42.7195336329, 14.6301149458, 33.9443267815, 63.7530929125, 77.9013151132, 73.7290683919, 38.690278953, 180.6930669714, 25.3771763607, 221.0408210861, 38.7864617634],
      [0.052931420161, 0.27528225283, 0.12825938718, 0.29464591428, 0, 0.044602784117, 0.063876980618, 0, 0, 0.063181325906, 0.75425858972, 0.1630116547, 0.83063218251, 0.60530779823, 0.47377829666, 0.62614854296, 0.66202416889, 1.7431492068, 0.29190959825, 0.3607026292, 0.2622967281, 0.2280144666, 1.0038728888, 0.27645147737, 0.25992414473, 0.48765130919, 0.16799694833, 1.9649187399, 0.52522821065, 0.37787079217, 0.29960196029, 0.30052276362, 0.032370904754, 0.0072628978464, 0.18252751254, 0.28149484504, 0.23826225431, 0.27933410522, 0.37208080478, 0.43970509509, 0.50928730748, 0, 1.1365892771, 0.19684634923, 1.3620862945, 0.27768675678],
      [28.9262612792, 42.7457439465, 46.7059675097, 74.5402138168, 396.1424548928, 13.5707491419, 8.2620482095, 92.0757845393, 5.0198836995, 15.7886756156, 175.0322267107, 44.3908972089, 207.3075451191, 153.8259074958, 168.9646868177, 164.2870647012, 142.9370833374, 461.106174112, 104.2638033907, 69.139233345, 8.5186358981, 25.2967798828, 154.9642715139, 102.0781384613, 90.4889069444, 134.229561425, 49.1065760142, 372.9136342295, 103.5729369912, 25.6262517837, 120.9001961127, 11.3344513101, 6.7384985882, 2.0876471636, 51.3399454954, 113.9989715221, 34.1206069881, 54.7763391133, 98.8630624303, 134.6589797917, 115.7616443006, 37.309721047, 304.1703437515, 51.4259772901, 304.5970926194, 64.9358514798],
      [0.089556921277, 0, 0.0065340529054, 0.011350621595, 0, 0.0013288794345, 0.0011457226894, 0, 0, 0, 0, 0.007505821341, 0, 0, 0.021316778007, 0.11886011542, 0.11458488075, 0.17607633216, 0, 0, 0, 0.0048495212224, 0, 0.011269609602, 0, 0.015535731945, 0, 0.059715751346, 0.019175760273, 0, 0.0095628469647, 0, 0.00066110727079, 0.00065053875742, 0, 0, 0.011015811766, 0, 0.011763852344, 0, 0, 0, 0, 0, 0, 0]
    ],
    [
      [0.32017347487, 0.41170508861, 0.81008873989, 0.83114732329, 1.8656737745, 0.11148491863, 0.096430011002, 0.67104993546, 0, 0.20181653197, 2.0412819082, 0.61398056536, 2.5480945304, 1.5454837471, 0.70354371673, 0.68429800913, 0.6261766356, 2.6835935262, 0.45252626546, 1.0081822666, 0.77842428781, 0.67583930625, 2.9536010985, 1.1264641758, 1.3292863286, 2.4212602348, 0.39640900827, 2.2382093444, 1.3163303634, 0.40821074291, 1.2299004347, 0.087947270718, 0.10840759486, 0, 0.13912403974, 0.53338939098, 0.10179354985, 0.40650048927, 1.5049818583, 1.5823914084, 1.3782377768, 0.0072717678032, 3.7878183792, 0.7841171955, 2.7338078745, 0.22456532093],
      [1.4121909975, 1.0587257422, 0.90905864779, 1.7606514017, 2.8337778415, 0.2586235362, 1.0752039956, 0.92712101005, 0, 0.38199795836, 4.104095125, 1.1925762595, 4.591208677, 3.8469119217, 1.3444430075, 1.3747216832, 1.0701085858, 4.7424412115, 0.68582135452, 1.8683033595, 0.66123605948, 1.001522835, 4.9496528453, 1.6635742479, 2.027722807, 4.0077673344, 0.81297378423, 4.9408058077, 3.0740353424, 0.56968078476, 2.1752849694, 0.37125175141, 0.29413428544, 0, 0.29165465611, 1.2488512907, 0.2570577861, 1.0903672816, 2.8463180506, 2.8901131672, 3.0839165568, 0.009209891243, 7.6867705574, 1.9803547332, 5.4340674072, 0.52206716666],
      [11.159637796, 11.4714869633, 15.2432313867, 20.5606555425, 59.9322555729, 3.619588938, 6.1836516053, 13.8905255279, 0, 4.3731059564, 44.0021786985, 14.9684621647, 52.9568951747, 45.1840545092, 22.0787064239, 18.8492580109, 13.3450232787, 60.3079975278, 11.310718937, 17.2664212297, 9.4468185356, 10.5385681251, 45.4841821145, 28.387429168, 33.2174847012, 50.9909544498, 10.966932737, 43.3449242825, 27.993017092, 6.1994580476, 40.5715833016, 3.1850224581, 2.7927937209, 0, 3.7732159563, 20.7070056971, 3.5504719023, 9.8600645315, 34.9422623699, 40.8866905614, 32.386029296, 0.10722599965, 95.1016849279, 23.8766697088, 56.1550012688, 5.6334715527],
      [6.1079977316, 6.0580822059, 6.0376212256, 8.8475457325, 10.3682928111, 1.0103026071, 2.6447143881, 13.5113035266, 0, 4.0430795533, 25.8524442683, 7.2249810104, 16.903801618, 11.423549822, 7.8733068518, 7.0917222968, 4.9586914998, 23.2659677344, 2.550933443, 10.8570931442, 2.1135211171, 5.7840697337, 27.6125639418, 8.8225324083, 5.4255061633, 16.580017981, 2.8236844705, 19.4760605654, 14.6166172022, 0.82265042477, 9.0232312943, 2.3557785198, 0.80466439884, 0, 4.7960053478, 2.5107536212, 1.0906767617, 6.6430676977, 11.7064377212, 10.640804863, 9.1518163704, 6.8762923413, 26.4237261355, 5.3588583625, 40.6771234495, 3.6198959597]
    ],
    [
      [0.18461112765, 0.39182380876, 0.58408230992, 1.0680928823, 3.760493457, 0.17685440636, 0, 0.63466188578, 0.013644941956, 0.25558156573, 4.6345070696, 0.96537623101, 3.5861925553, 3.0168419482, 2.4930343559, 1.2189978601, 1.4899302389, 4.116848238, 0.82530690974, 1.6274539949, 0.49798229021, 0.94748399457, 3.5641147854, 2.6609295633, 2.2817049839, 3.5452470402, 0.84147438307, 4.7748076655, 1.9081598843, 0.21401076807, 2.1576476173, 0.12068946933, 0.1096838751, 0.016599506669, 1.0566690927, 1.0432328196, 0.31830468283, 0.93052578586, 2.5845755025, 2.4443365342, 1.9707351987, 0.12544659054, 3.7230322516, 0.7185586097, 6.2487246687, 0.65731749525],
      [0.45679157396, 0.56717020365, 0.3692442096, 1.275297063, 3.2213629965, 0.23113156595, 0.78665151174, 0.49393171284, 0.021810549574, 0.27216315996, 5.1261203994, 1.0563345024, 3.6535512127, 4.1628159682, 2.6862189972, 1.3800581076, 1.4349405028, 4.1026607663, 0.70488053639, 1.6998709145, 0.25088781118, 0.79140700077, 3.3679564767, 2.2163232566, 2.0299495954, 3.3098039835, 0.85879852011, 5.9440700407, 2.5120259524, 0.16784372439, 2.3219651972, 0.28620367966, 0.16713147916, 0.016772736689, 1.1157000026, 1.2296006053, 0.45277375167, 1.3642730558, 2.7564748225, 2.4487866328, 2.3655091974, 0.088358662101, 4.2610557551, 0.75007939423, 6.1995372616, 0.86153879972],
      [15.0070105321, 25.4579555015, 25.6043845326, 61.5008148371, 283.0181435465, 13.4305681781, 18.8809390869, 30.5852407544, 1.9534330726, 12.9722512838, 218.2648564909, 54.8342365565, 173.3894030685, 202.1894407755, 181.9761784403, 78.1152470688, 73.8738689696, 215.1291528837, 47.9960283684, 64.8897070385, 14.1272574594, 34.4461369615, 127.6669704964, 155.9968076283, 120.6883454206, 173.6638651639, 47.8601926791, 215.0296754474, 94.4218204761, 7.5742549363, 179.5248149507, 10.2768640666, 6.643557772, 0.93340289743, 60.9529267305, 94.7271665752, 25.8883349313, 47.5974103146, 139.6084577503, 133.1593271172, 102.4888858412, 4.3115832747, 217.3577742305, 37.5313619961, 260.6187668926, 38.4071343247],
