{
  "X": [
    [34, 22, 44],
    [41, 34, 25],
    [45, 23, 32],
    [31, 39, 30],
    [39, 28, 33],
    [37, 27, 36],
    [25, 33, 42],
    [26, 36, 38],
    [26, 35, 39],
    [23, 27, 50],
    [19, 26, 55],
    [26, 34, 40],
    [18, 39, 43],
    [11, 50, 39],
    [20, 39, 41],
    [17, 41, 42],
    [18, 34, 48],
    [23, 41, 36],
    [22, 40, 38],
    [16, 45, 39],
    [10, 42, 48],
    [14, 48, 38],
    [15, 44, 41],
    [13, 42, 45],
    [18, 40, 42],
    [32, 45, 23],
    [41, 36, 23],
    [42, 39, 19],
    [34, 44, 22],
    [33, 45, 22],
    [35, 44, 21],
    [25, 36, 39],
    [29, 33, 38],
    [22, 28, 50],
    [34, 24, 42],
    [27, 28, 45],
    [26, 26, 48],
    [40, 17, 43],
    [66, 13, 21],
    [61, 15, 24],
    [59, 14, 27],
    [64, 18, 18],
    [60, 18, 22],
    [53, 20, 27],
    [12, 38, 50],
    [22, 37, 41],
    [16, 37, 47],
    [11, 48, 41],
    [20, 37, 43],
    [14, 43, 43]
  ],
  "W": [
    [58, 10, 6, 4, 7, 7, 6, 2],
    [60, 7, 4, 8, 2, 4, 7, 8],
    [60, 5, 6, 7, 5, 9, 5, 3],
    [61, 6, 9, 8, 3, 4, 7, 2],
    [54, 11, 5, 7, 6, 4, 8, 5],
    [56, 7, 3, 6, 9, 11, 2, 6],
    [18, 37, 8, 10, 5, 9, 6, 7],
    [3, 51, 8, 5, 12, 7, 9, 5],
    [10, 51, 6, 6, 9, 3, 4, 11],
    [6, 55, 8, 6, 6, 6, 5, 8],
    [9, 59, 3, 7, 5, 8, 4, 5],
    [11, 57, 7, 2, 5, 6, 7, 5],
    [5, 28, 31, 9, 4, 8, 9, 6],
    [3, 8, 64, 6, 7, 4, 2, 6],
    [5, 11, 58, 5, 4, 2, 9, 6],
    [11, 1, 60, 7, 4, 8, 7, 2],
    [6, 10, 55, 3, 6, 7, 7, 6],
    [2, 8, 50, 8, 6, 7, 13, 6],
    [5, 6, 43, 19, 8, 9, 7, 3],
    [1, 10, 4, 59, 6, 3, 11, 6],
    [5, 5, 9, 50, 10, 7, 3, 11],
    [4, 5, 9, 58, 8, 4, 6, 6],
    [9, 10, 5, 54, 5, 6, 7, 4],
    [7, 4, 7, 56, 1, 11, 8, 6],
    [3, 8, 6, 56, 7, 6, 8, 6],
    [5, 8, 9, 5, 58, 5, 3, 7],
    [8, 6, 5, 5, 59, 8, 7, 2],
    [5, 2, 7, 5, 60, 7, 5, 9],
    [8, 2, 5, 10, 58, 3, 6, 8],
    [7, 11, 5, 8, 55, 5, 4, 5],
    [4, 10, 4, 6, 55, 8, 8, 5],
    [4, 0, 8, 6, 23, 49, 4, 6],
    [8, 5, 15, 6, 9, 46, 5, 6],
    [4, 11, 5, 7, 5, 58, 5, 5],
    [9, 3, 5, 6, 3, 59, 6, 9],
    [7, 8, 3, 6, 5, 54, 8, 9],
    [3, 11, 11, 5, 6, 58, 4, 2],
    [4, 9, 4, 12, 5, 27, 33, 6],
    [3, 3, 4, 5, 9, 7, 61, 8],
    [7, 4, 5, 5, 7, 10, 54, 8],
    [8, 6, 6, 4, 9, 5, 55, 7],
    [7, 5, 8, 5, 7, 9, 56, 3],
    [3, 5, 3, 16, 4, 7, 57, 5],
    [9, 4, 8, 8, 8, 9, 40, 14],
    [9, 5, 4, 8, 5, 5, 3, 61],
    [5, 7, 5, 3, 7, 5, 12, 56],
    [5, 9, 4, 6, 4, 4, 6, 62],
    [9, 3, 4, 9, 3, 8, 3, 61],
    [6, 11, 6, 2, 6, 5, 8, 56],
    [6, 7, 8, 1, 5, 4, 5, 64]
  ],
  "method": "mvn_cdf",
  "mvncdf_method": "genz",
  "mvncdf_samples": 5000,
  "mvncdf_error": 1e-06,
  "cond_prob": [
    [
      [0.38204441202, 0.19724217638, 0.4207134116],
      [0.11632932033, 0.19961174526, 0.68405893441],
      [0.043925340754, 0.38992089931, 0.56615375994],
      [0.0076499216888, 0.40125645421, 0.5910936241],
      [0.43096563943, 0.45007183852, 0.11896252205],
      [0.18612381867, 0.13140130929, 0.68247487204],
      [0.89944821331, 0.0037994794345, 0.096752307257],
      [0.025359727185, 0.3252106084, 0.64942966441]
    ],
    [
      [0.49801479671, 0.2860763615, 0.21590884179],
      [0.18914779805, 0.36823577239, 0.44261642956],
      [0.060019513552, 0.60176595503, 0.33821453142],
      [0.010706368637, 0.63742645013, 0.35186718124],
      [0.43697065538, 0.51470963005, 0.04831971457],
      [0.30897898327, 0.24387828332, 0.44714273341],
      [0.95472430791, 0.004502102189, 0.040773589903],
      [0.038933079152, 0.5639292574, 0.39713766344]
    ],
    [
      [0.55012782325, 0.18768157615, 0.2621906006],
      [0.21132865641, 0.24418318991, 0.54448815368],
      [0.075844751218, 0.45156485813, 0.47259039065],
      [0.013789861566, 0.48633549189, 0.49987464655],
      [0.55062889757, 0.38261924995, 0.066751852472],
      [0.3265329087, 0.15308545484, 0.52038163646],
      [0.95257337313, 0.002696600336, 0.044730026533],
      [0.047972902679, 0.41215030566, 0.53987679166]
    ],
    [
      [0.35596615935, 0.36722041583, 0.27681342481],
      [0.11450457189, 0.40316838081, 0.4823270473],
      [0.034371231685, 0.61893311091, 0.3466956574],
      [0.0061366798275, 0.65709872665, 0.33676459353],
      [0.3014569224, 0.63888884638, 0.059654231221],
      [0.19956182893, 0.28228768874, 0.51815048234],
      [0.92121696846, 0.0078209752654, 0.070962056272],
      [0.022201545594, 0.57508983641, 0.402708618]
    ],
    [
      [0.47056840447, 0.23815143635, 0.29128015918],
      [0.16510047031, 0.28267809413, 0.55222143556],
      [0.055773983911, 0.49307013844, 0.45115587765],
      [0.0099961216569, 0.5214442444, 0.46855963395],
      [0.45644996658, 0.4718118691, 0.071738164316],
      [0.26556348019, 0.18451805762, 0.54991846219],
      [0.93899395148, 0.003906937042, 0.057099111478],
      [0.035372789149, 0.44948429247, 0.51514291838]
    ],
    [
      [0.47198220982, 0.2215068901, 0.30651090008],
      [0.16420876328, 0.2602115041, 0.57557973262],
      [0.056822184324, 0.46316719914, 0.48001061653],
      [0.010165853844, 0.4903526268, 0.49948151935],
      [0.47121239421, 0.45114848902, 0.077639116777],
      [0.26210677038, 0.16878029618, 0.56911293344],
      [0.93654498118, 0.0036229746645, 0.059832044159],
      [0.035704549531, 0.41945864483, 0.54483680563]
    ],
    [
      [0.45572821309, 0.25665907175, 0.28761271515],
      [0.15771598607, 0.30237275026, 0.53991126367],
      [0.052191304311, 0.5157736705, 0.43203502519],
      [0.0092830212409, 0.54348813795, 0.44722884081],
      [0.43256042428, 0.49791675558, 0.069522820138],
      [0.2568739878, 0.19943779399, 0.54368821821],
      [0.93809101862, 0.0042972297691, 0.057611751611],
      [0.033109371926, 0.47185566623, 0.49503496184]
    ],
    [
      [0.46116136497, 0.28107771367, 0.25776092136],
      [0.16347930416, 0.33979019326, 0.49673050258],
      [0.052431344832, 0.56217233558, 0.38539631959],
      [0.0093245142102, 0.59197973625, 0.39869574954],
      [0.41844988921, 0.52187162604, 0.059678484745],
      [0.26893046873, 0.22599444246, 0.50507508881],
      [0.94392421346, 0.0046741396685, 0.051401646875],
      [0.033646966912, 0.51968633227, 0.44666670082]
    ],
    [
      [0.53423609706, 0.23400753375, 0.23175636919],
      [0.20565936574, 0.30808171836, 0.4862589159],
      [0.069151600463, 0.53462325648, 0.39622514306],
      [0.012469958122, 0.57175867863, 0.41577136324],
      [0.49836860358, 0.44636970849, 0.055261687936],
      [0.32621829623, 0.19767376776, 0.47610793602],
      [0.95602882822, 0.0034196270277, 0.040551544756],
      [0.044376446139, 0.49574526345, 0.45987829041]
    ],
    [
      [0.49496289779, 0.19895446818, 0.30608263402],
      [0.17407461606, 0.23909190708, 0.58683347686],
      [0.061581361382, 0.4359436785, 0.50247496012],
      [0.011038415878, 0.4639540891, 0.52500749502],
      [0.50606176546, 0.41434739162, 0.079590842921],
      [0.27495600716, 0.15300765323, 0.57203633961],
      [0.94039513785, 0.0030758329619, 0.056529029185],
      [0.038486373208, 0.39334883958, 0.56816478721]
    ],
    [
      [0.40423291045, 0.22290251964, 0.3728645699],
      [0.12689463743, 0.23777001139, 0.63533535117],
      [0.044051230186, 0.42452273945, 0.53142603036],
      [0.0077920288316, 0.44484643958, 0.54736153159],
      [0.4238438751, 0.47686450026, 0.099291624642],
      [0.19942851991, 0.15161387423, 0.64895760587],
      [0.91398710276, 0.0040963162753, 0.081916580963],
      [0.027255928712, 0.37854041713, 0.59420365416]
    ],
    [
      [0.46973322466, 0.27751382259, 0.25275295275],
      [0.16847094112, 0.33914438968, 0.4923846692],
      [0.054199320355, 0.56266142911, 0.38313925054],
      [0.0096412971625, 0.59351698049, 0.39684172235],
      [0.42629332268, 0.5150851043, 0.058621573019],
      [0.27608283991, 0.2247792566, 0.49913790349],
      [0.94578849902, 0.0045398206141, 0.049671680361],
      [0.034819322629, 0.52124531536, 0.44393536201]
    ],
    [
      [0.38121782528, 0.29782690508, 0.32095526964],
      [0.12109939867, 0.32340023559, 0.55550036574],
      [0.038650066405, 0.53242996916, 0.42891996444],
      [0.0068218563654, 0.55261771459, 0.44056042905],
      [0.3555352638, 0.56818687342, 0.076277862785],
      [0.20343632353, 0.21986322098, 0.57670045549],
      [0.92024507162, 0.0057345235621, 0.074020404814],
      [0.024456071942, 0.48564444409, 0.48989948397]
    ],
    [
      [0.41588159089, 0.29527729552, 0.28884111359],
      [0.13740881216, 0.33667418101, 0.52591700683],
      [0.04358847781, 0.55152289493, 0.40488862726],
      [0.0076834019647, 0.57674951784, 0.4155670802],
      [0.38046804491, 0.55208196521, 0.067449989875],
      [0.23027999689, 0.22762257579, 0.54209742733],
      [0.93349351947, 0.005245725567, 0.061260754962],
      [0.027934734442, 0.51032351716, 0.4617417484]
    ],
    [
      [0.5172743957, 0.21274993477, 0.26997566953],
      [0.18797991641, 0.26850373422, 0.54351634937],
      [0.064706211128, 0.47918930298, 0.45610448589],
      [0.011606491907, 0.5108851846, 0.47750832349],
      [0.50729939223, 0.42524215233, 0.067458455445],
      [0.29852670312, 0.17166781898, 0.5298054779],
      [0.94961361172, 0.0031195779269, 0.047266810354],
      [0.040894381682, 0.43767935458, 0.52142626374]
    ],
    [
      [0.40284096313, 0.26495903322, 0.33220000366],
      [0.12857813422, 0.29041947213, 0.58100239364],
      [0.042400160462, 0.49365865853, 0.46394118101],
      [0.0074578547124, 0.51743635782, 0.47510578747],
      [0.39186811852, 0.52589789214, 0.082233989341],
      [0.21280789116, 0.19436222687, 0.59282988197],
      [0.92274398231, 0.0048350783406, 0.072420939345],
      [0.026619387485, 0.44727992789, 0.52610068462]
    ],
    [
      [0.43623259556, 0.2104446215, 0.35332278294],
      [0.14072778354, 0.23351115416, 0.62576106229],
      [0.049165288157, 0.42047821048, 0.53035650136],
      [0.0087360364802, 0.44286684266, 0.54839712086],
      [0.45774789401, 0.44835882347, 0.093893282512],
      [0.22669975937, 0.15207452601, 0.62122571462],
      [0.92495019931, 0.0035725499871, 0.071477250698],
      [0.030443161105, 0.37622940492, 0.59332743398]
    ],
    [
      [0.4952075067, 0.24702723816, 0.25776525513],
      [0.17838930646, 0.30838610312, 0.51322459042],
      [0.058953050626, 0.52816259819, 0.41288435119],
      [0.010462749837, 0.55700628813, 0.43253096203],
      [0.4645523031, 0.47368916009, 0.061758536809],
      [0.28884230499, 0.20097147431, 0.51018622071],
      [0.94911715377, 0.0037738915223, 0.047108954712],
      [0.037583130928, 0.48661688132, 0.47579998775]
    ],
    [
      [0.5673020534, 0.19952047293, 0.23317747367],
      [0.22248567352, 0.27152918255, 0.50598514393],
      [0.07764192195, 0.49180532137, 0.43055275668],
      [0.014085427919, 0.53008979618, 0.45582477591],
      [0.54896815278, 0.39350498691, 0.05752686031],
      [0.34662568547, 0.17025393863, 0.4831203759],
      [0.95932855113, 0.0027225659011, 0.037948882968],
      [0.049544895053, 0.45349103724, 0.4969640677]
    ],
    [
      [0.41980360685, 0.27979018879, 0.30040620436],
      [0.1360078732, 0.31856758438, 0.54542454242],
      [0.04356090505, 0.53015020684, 0.42628888811],
      [0.0076612711764, 0.55459855253, 0.43774017629],
      [0.39243896996, 0.53574966105, 0.071811368982],
      [0.22763836593, 0.21393043562, 0.55843119845],
      [0.93398040664, 0.0047733992293, 0.061246194128],
      [0.027556910698, 0.48461680756, 0.48782628175]
    ],
    [
      [0.33322975518, 0.26780253017, 0.39896771465],
      [0.096521129605, 0.2674589726, 0.6360198978],
      [0.032084554749, 0.45697845659, 0.51093698866],
      [0.0056164746564, 0.47354612979, 0.52083739555],
      [0.33996511099, 0.55681224851, 0.1032226405],
      [0.16170299413, 0.18112200231, 0.65717500356],
      [0.89475404927, 0.0056086651287, 0.099637285602],
      [0.019863878429, 0.40820564456, 0.57193047701]
    ],
    [
      [0.45636313523, 0.26796539852, 0.27567146625],
      [0.15548551847, 0.31978291386, 0.52473156767],
      [0.050191757243, 0.53628752032, 0.41352072244],
      [0.0088755447105, 0.5640314951, 0.42709296019],
      [0.42460539297, 0.50987698995, 0.065517617076],
      [0.2570574127, 0.21231482758, 0.53062775973],
      [0.94274191623, 0.0043138393439, 0.052944244425],
      [0.031903788951, 0.49279393063, 0.47530228042]
    ],
    [
      [0.38977069382, 0.29028718886, 0.31994211732],
      [0.12352108884, 0.31789831725, 0.55858059391],
      [0.039589388999, 0.52631735525, 0.43409325576],
      [0.0069574329987, 0.54841957288, 0.44462299412],
      [0.36588619105, 0.55749379153, 0.076620017418],
      [0.20746276808, 0.21530289921, 0.57723433272],
      [0.92357788099, 0.0053900923908, 0.071032026616],
      [0.024995656387, 0.4796053761, 0.49539896751]
    ],
    [
      [0.34835439372, 0.29470748559, 0.35693812069],
      [0.10444408575, 0.30569733501, 0.58985857925],
      [0.033468563642, 0.50709491767, 0.45943651869],
      [0.0058583251721, 0.52598675084, 0.46815492399],
      [0.33419866423, 0.57850626394, 0.087295071822],
      [0.17652288583, 0.20874024812, 0.61473686605],
      [0.90832958754, 0.0059104174386, 0.085759995021],
      [0.020968404736, 0.45850934293, 0.52052225234]
    ],
    [
      [0.54445863438, 0.19760095251, 0.25794041311],
      [0.20257605211, 0.25884714949, 0.53857679839],
      [0.07056263891, 0.46965954761, 0.45977781348],
      [0.012690221337, 0.50339688889, 0.48391288977],
      [0.53759511425, 0.39752101831, 0.064883867447],
      [0.31881953818, 0.16321238158, 0.51796808024],
      [0.95460299333, 0.0027396802608, 0.042657326406],
      [0.044599068618, 0.42941185646, 0.52598907493]
    ],
    [
      [0.43338809066, 0.26465694404, 0.3019549653],
      [0.14572490703, 0.30156081991, 0.55271427306],
      [0.048347550097, 0.51148239381, 0.44017005609],
      [0.0085807423695, 0.53710219128, 0.45431706635],
      [0.41346040995, 0.51389446585, 0.072645124204],
      [0.23879809623, 0.20026442311, 0.56093748066],
      [0.93205563571, 0.0046859163318, 0.063258447956],
      [0.030550788643, 0.46612071873, 0.50332849263]
    ],
    [
      [0.4551368865, 0.21407454059, 0.33078857291],
      [0.15237977898, 0.24244344874, 0.60517677228],
      [0.053570602557, 0.43660506525, 0.50982433219],
      [0.0095664004755, 0.46034581615, 0.53008778338],
      [0.46738977012, 0.44712347791, 0.085486751964],
      [0.24360466784, 0.15726162242, 0.59913370974],
      [0.93052906842, 0.003614124577, 0.065856807005],
      [0.033377645022, 0.39142079039, 0.57520156459]
    ],
    [
      [0.54130718382, 0.21806809958, 0.24062471661],
      [0.20806429293, 0.28507845128, 0.50685725579],
      [0.071945607556, 0.50601669203, 0.42203770041],
      [0.012997532624, 0.54232490576, 0.44467756162],
      [0.51564112023, 0.42624110662, 0.05811777315],
      [0.32661001922, 0.18154561819, 0.49184436259],
      [0.95587393227, 0.0031388393167, 0.040987228416],
      [0.04594308179, 0.46604134951, 0.4880155687]
    ],
    [
      [0.41784098039, 0.25794214452, 0.32421687509],
      [0.13679987068, 0.28517379343, 0.57802633589],
      [0.045732552647, 0.48879885133, 0.46546859602],
      [0.0082595918824, 0.51312221093, 0.47861819718],
      [0.40790497204, 0.51240602811, 0.079688999847],
      [0.22390970699, 0.18971886722, 0.5863714258],
      [0.92552147026, 0.0047059614414, 0.069772568299],
      [0.029520939781, 0.44297496195, 0.52750409827]
    ],
    [
      [0.44459706158, 0.27764932096, 0.27775361746],
      [0.15383405125, 0.32411599232, 0.52204995644],
      [0.050137599885, 0.54102033423, 0.40884206588],
      [0.0088893155156, 0.56875510408, 0.42235558041],
      [0.41164492095, 0.52320283759, 0.065152241468],
      [0.25233825248, 0.21620494928, 0.53145679824],
      [0.93793023932, 0.0048162524811, 0.057253508197],
      [0.031901712791, 0.4973155541, 0.47078273311]
    ],
    [
      [0.4340829883, 0.28832072177, 0.27759628993],
      [0.14904115363, 0.33388282673, 0.51707601965],
      [0.047932607096, 0.55185524452, 0.40021214838],
      [0.0085024540974, 0.57899056189, 0.41250698401],
      [0.39762838047, 0.53801286322, 0.064358756315],
      [0.24592144685, 0.22413991117, 0.52993864198],
      [0.93645985532, 0.0051101697183, 0.05842997496],
      [0.030597250489, 0.50812998652, 0.46127276299]
    ],
    [
      [0.39851750875, 0.29989779284, 0.30158469841],
      [0.13108032866, 0.33373823787, 0.53518143347],
      [0.041784022183, 0.54706545708, 0.41115052073],
      [0.0072809705977, 0.57645410059, 0.41626492881],
      [0.36593593501, 0.56368014928, 0.070383915715],
      [0.21916048369, 0.22621293202, 0.55462658428],
      [0.92580821733, 0.0056930242585, 0.068498758412],
      [0.026575529386, 0.50111753977, 0.47230693085]
    ],
    [
      [0.50134887025, 0.25844662872, 0.24020450103],
      [0.18681866844, 0.32793088361, 0.48525044795],
      [0.061124076362, 0.55428306686, 0.38459285678],
      [0.010959111871, 0.58861190695, 0.40042898118],
      [0.45923781785, 0.48460620355, 0.0561559786],
      [0.30174324167, 0.21424778575, 0.48400897258],
      [0.95136327116, 0.0040064319103, 0.044630296926],
      [0.039366845758, 0.51448666155, 0.44614649269]
    ],
    [
      [0.39407085158, 0.28037607513, 0.32555307329],
      [0.12750790859, 0.30610656596, 0.56638552546],
      [0.04134852919, 0.51354608802, 0.44510538279],
      [0.0072927141817, 0.53623885449, 0.45646843133],
      [0.37561238276, 0.54565909611, 0.078728521127],
      [0.21092361763, 0.20617319818, 0.58290318418],
      [0.92043002476, 0.0053212177863, 0.074248757455],
      [0.026096853294, 0.46694531468, 0.50695783203]
    ],
    [
      [0.56397114111, 0.20212035699, 0.2339085019],
      [0.22324859522, 0.27227521569, 0.50447618909],
      [0.078173682363, 0.49358621632, 0.42824010131],
      [0.014175212702, 0.53228563489, 0.45353915241],
      [0.54421296762, 0.39822685802, 0.057560174362],
      [0.34614697483, 0.17093005366, 0.48292297152],
      [0.95791072813, 0.0028156600526, 0.039273611819],
      [0.050010529119, 0.45535959284, 0.49462987804]
    ],
    [
      [0.42731543628, 0.27752666118, 0.29515790254],
      [0.14411023152, 0.31770895251, 0.53818081597],
      [0.046764102417, 0.5316467162, 0.42158918139],
      [0.0082810379805, 0.55752443911, 0.43419452291],
      [0.3987729979, 0.5310084598, 0.070218542298],
      [0.2379130683, 0.2123459359, 0.5497409958],
      [0.93212994324, 0.0049240641367, 0.062945992626],
      [0.029703602171, 0.48674995642, 0.48354644141]
    ],
    [
      [0.47185592483, 0.2342049694, 0.29393910577],
      [0.16508365516, 0.27835727299, 0.55655907185],
      [0.056044643245, 0.48737186983, 0.45658348692],
      [0.010010021424, 0.51558762765, 0.47440235093],
      [0.46001880513, 0.46699968431, 0.072981510552],
      [0.26537015097, 0.18124018702, 0.55338966201],
      [0.93888270045, 0.0038067501296, 0.057310549425],
      [0.035400692458, 0.44379950832, 0.52079979922]
    ],
    [
      [0.38144553681, 0.20307937853, 0.41547508465],
      [0.11444933689, 0.20683281577, 0.67871784734],
      [0.040589157452, 0.37810492611, 0.58130591643],
      [0.00716661296, 0.39599902471, 0.59683436233],
      [0.42272251968, 0.46065165411, 0.11662582621],
      [0.18512999882, 0.13562831069, 0.67924169049],
      [0.90153632249, 0.0038550566047, 0.094608620907],
      [0.024819248855, 0.33328271517, 0.64189803598]
    ],
    [
      [0.48692646353, 0.19152524288, 0.32154829359],
      [0.16682251049, 0.22561370631, 0.6075637832],
      [0.05924908562, 0.41813874522, 0.52261216916],
      [0.01060514895, 0.44464964506, 0.54474520599],
      [0.50574814147, 0.40990271848, 0.084349140052],
      [0.2638951999, 0.14392026039, 0.59218453972],
      [0.93764838441, 0.0029582591042, 0.059393356486],
      [0.036923655766, 0.37474800394, 0.58832834029]
    ],
    [
      [0.47418466101, 0.20873174275, 0.31708359624],
      [0.1618560946, 0.24422724905, 0.59391665635],
      [0.056394518874, 0.44265026353, 0.5009552176],
      [0.010070584664, 0.46919800703, 0.5207314083],
      [0.48209143835, 0.43623772075, 0.081670840895],
      [0.25825271892, 0.15718896197, 0.58455831911],
      [0.9363761992, 0.0033107679741, 0.060313032826],
      [0.035271593618, 0.39863017201, 0.56609823437]
    ],
    [
      [0.3869106603, 0.20008653994, 0.41300279976],
      [0.1163634647, 0.20514675318, 0.67848978212],
      [0.041324123421, 0.37673310711, 0.58194276947],
      [0.0072976051376, 0.3939759603, 0.59872643456],
      [0.42868698671, 0.45612319926, 0.11518981403],
      [0.18766148964, 0.1337819247, 0.67855658565],
      [0.90404223121, 0.0037497623657, 0.092208006426],
      [0.025241917283, 0.33113347408, 0.64362460864]
    ],
    [
      [0.49362280086, 0.26013457874, 0.24624262039],
      [0.18050773837, 0.32641120984, 0.49308105179],
      [0.058590931754, 0.55377987261, 0.38762919564],
      [0.010458757939, 0.58675779028, 0.40278345178],
      [0.45139460617, 0.49129832895, 0.057307064877],
      [0.2929852294, 0.2132126126, 0.493802158],
      [0.95022863358, 0.0040047361562, 0.045766630261],
      [0.037635321229, 0.51211906417, 0.4502456146]
    ],
    [
      [0.47350550309, 0.24148394635, 0.28501055056],
      [0.16420354829, 0.29010829365, 0.54568815805],
      [0.054616038676, 0.50453806535, 0.44084589597],
      [0.0097090853871, 0.53327705734, 0.45701385728],
      [0.4531890133, 0.47736089282, 0.069450093872],
      [0.2665131613, 0.18890606956, 0.54458076913],
      [0.94225839405, 0.0037889638449, 0.053952642108],
      [0.034594775375, 0.46050813432, 0.50489709031]
    ],
    [
      [0.56258550907, 0.17949817869, 0.25791631224],
      [0.21639829553, 0.23776171639, 0.54583998808],
      [0.077850942691, 0.4448956462, 0.4772534111],
      [0.014145023191, 0.48004274727, 0.50581222954],
      [0.56542004, 0.36878129589, 0.065798664109],
      [0.3338093056, 0.14797617782, 0.51821451658],
      [0.95512549902, 0.002469321763, 0.042405179215],
      [0.049193219883, 0.40543425398, 0.54537252614]
    ],
    [
      [0.40153511143, 0.24571867953, 0.35274620904],
      [0.12569286085, 0.26602082261, 0.60828631654],
      [0.042239625279, 0.46157778644, 0.49618258828],
      [0.0074573712883, 0.48263456961, 0.50990805911],
      [0.40493057148, 0.50470323242, 0.090366196094],
      [0.20676695772, 0.17662222654, 0.61661081574],
      [0.91936584191, 0.0046498612204, 0.075984296869],
      [0.026325913201, 0.41506502767, 0.55860905913]
    ],
    [
      [0.4826513431, 0.23640772579, 0.28094093112],
      [0.16892385634, 0.28698540817, 0.54409073549],
      [0.056668896936, 0.49891505593, 0.44441604713],
      [0.010094823015, 0.52799364327, 0.46191153372],
      [0.46546471578, 0.46545043134, 0.069084852887],
      [0.27297997263, 0.18683881168, 0.54018121569],
      [0.94410205246, 0.0036784275384, 0.052219520001],
      [0.035848317461, 0.45597138909, 0.50818029345]
    ],
    [
      [0.51089067383, 0.20931024422, 0.27979908194],
      [0.18241806895, 0.26119431197, 0.55638761909],
      [0.062963623853, 0.46816013798, 0.46887623816],
      [0.011269698789, 0.49846103271, 0.4902692685],
      [0.50655629773, 0.42279743453, 0.070646267736],
      [0.2903789446, 0.16705283307, 0.54256822232],
      [0.94782609433, 0.003078471232, 0.049095434439],
      [0.039642536245, 0.42619223906, 0.53416522469]
    ],
    [
      [0.3794743511, 0.32939150082, 0.29113414808],
      [0.12174327268, 0.36471385482, 0.51354287251],
      [0.03745268159, 0.5794318274, 0.38311549101],
      [0.0065673171387, 0.60248715247, 0.39094553039],
      [0.33571411561, 0.59833508996, 0.065950794429],
      [0.20814122689, 0.2515655614, 0.54029321171],
      [0.92703830846, 0.0063028018379, 0.066658889701],
      [0.023904447589, 0.53410659555, 0.44198895686]
    ],
    [
      [0.5143492641, 0.21939690214, 0.26625383376],
      [0.18715422522, 0.27700349609, 0.53584227869],
      [0.063910649516, 0.49026006737, 0.44582928311],
      [0.011451744082, 0.5222276263, 0.46632062961],
      [0.49969392959, 0.43444624524, 0.065859825165],
      [0.29812615037, 0.1776824676, 0.52419138203],
      [0.94979149496, 0.0032405192894, 0.046967985754],
      [0.040476329298, 0.44880291339, 0.51072075731]
    ],
    [
      [0.44244402385, 0.2700018217, 0.28755415445],
      [0.14901316428, 0.31537727004, 0.53560956567],
      [0.048292361889, 0.52922228867, 0.42248534944],
      [0.0085483843086, 0.5558564897, 0.43559512599],
      [0.41437811374, 0.51686076527, 0.068761120992],
      [0.24637788037, 0.20997104134, 0.54365107829],
      [0.93804978084, 0.0045111361357, 0.05743908302],
      [0.030631759622, 0.4849102155, 0.48445802488]
    ]
  ],
  "expected_outcome": [
    [
      [22.1585758971, 29.8808878027, 33.0076693952, 21.7139357206, 25.4106938416, 26.4310037499, 8.2031078357, 1.3834840949, 5.3423609706, 2.9697773868, 3.6380961941, 5.1670654713, 1.9060891264, 1.2476447727, 2.5863719785, 4.4312505944, 2.6173955734, 0.99041501341, 2.836510267, 0.41980360685, 1.6661487759, 1.8254525409, 3.5079362444, 2.4384807561, 1.6333759032, 2.1669404533, 3.641095092, 2.7065359191, 3.3427278431, 3.1121794311, 1.7363319532, 1.594070035, 4.010790962, 1.5762834063, 5.07574027, 2.991208054, 1.4155677745, 1.5257821473, 1.4607793906, 3.3192926271, 3.0952852824, 3.455359606, 1.4205165093, 5.0632695817, 3.6138160029, 2.4132567155, 2.5544533692, 3.4152691599, 3.0860955846, 2.6546641431],
      [11.4400462302, 17.1645816901, 11.2608945691, 22.4004453657, 12.8601775627, 12.4043858454, 4.6198632915, 0.843233141, 2.3400753375, 1.1937268091, 2.0061226768, 3.0526520485, 1.4891345254, 0.88583188657, 1.0637496739, 2.9145493654, 1.262667729, 0.49405447632, 0.99760236464, 0.27979018879, 1.3390126509, 1.0718615941, 2.6125846998, 2.0629523991, 0.59280285752, 1.3232847202, 1.7125963247, 1.0903404979, 2.0635371561, 1.9435452467, 1.1532828871, 1.1995911714, 2.0675730297, 1.1215043005, 1.8190832129, 1.9426866283, 0.7026149082, 0.81231751414, 0.57457572865, 1.4611221993, 1.6006923195, 1.8209420512, 0.72445183904, 1.6154836082, 2.2114681158, 1.1820386289, 1.0465512211, 2.9645235073, 1.3163814128, 1.6200109302],
      [24.4013778727, 12.9545305072, 15.7314360357, 16.8856189137, 15.7291285957, 17.1646104047, 5.1770288728, 0.77328276409, 2.3175636919, 1.8364958041, 3.3557811291, 2.7802824802, 1.6047763482, 0.86652334076, 1.3498783476, 3.6542000402, 2.1199366976, 0.51553051027, 1.1658873684, 0.30040620436, 1.9948385732, 1.102685865, 2.8794790558, 2.4985668448, 0.77382123933, 1.5097748265, 2.6463085833, 1.203123583, 2.5937350008, 1.9442753222, 1.1103851597, 1.2063387936, 1.9216360083, 1.3022122932, 2.1051765171, 2.0661053178, 0.88181731731, 1.6619003386, 0.96464488078, 2.2195851737, 3.3040223981, 1.7236983428, 0.85503165168, 2.3212468101, 3.1747158813, 1.4047046556, 1.3989954097, 2.6202073327, 1.5975230026, 1.7253249267]
    ],
    [
      [1.1632932033, 1.3240345863, 1.056643282, 0.68702743136, 1.8161051734, 1.149461343, 5.8354914845, 8.3374445121, 10.4886276526, 9.5741038831, 7.4867836087, 9.602843644, 3.3907831627, 1.0992704973, 2.0677790805, 0.12857813422, 1.4072778354, 1.4271144517, 1.3349140411, 1.360078732, 0.48260564802, 0.77742759233, 1.2352108884, 0.41777634299, 1.6206084169, 1.1657992562, 0.91427867391, 0.41612858586, 0.27359974136, 1.6921745637, 1.4904115363, 0, 0.93409334218, 1.4025869944, 0.66974578565, 1.1528818522, 1.8159202068, 1.030044032, 0.50046753147, 0.64742437841, 0.6981807882, 0.90253869187, 0.82101774147, 0.86559318212, 0.62846430424, 1.1824669944, 1.6417626205, 0.36522981803, 2.0586964774, 1.04309215],
      [1.9961174526, 2.5776504068, 1.2209159496, 2.4190102849, 3.1094590354, 1.8214805287, 11.1877917598, 17.3292998561, 15.7121676364, 13.1500548896, 14.0284306722, 19.3312302116, 9.0552065966, 2.6933934481, 2.9535410764, 0.29041947213, 2.3351115416, 2.467088825, 1.6291750953, 3.1856758438, 1.337294863, 1.5989145693, 3.1789831725, 1.22278934, 2.070777196, 2.4124865593, 1.4546606924, 0.57015690257, 0.57034758686, 3.5652759155, 3.3388282673, 0, 1.6396544181, 3.3671722255, 0.81682564708, 2.5416716201, 3.0619300029, 1.8614953419, 0.67684111893, 0.97690899619, 1.2308805191, 1.6320560492, 1.4505414683, 0.95104686555, 1.3301041131, 2.0088978572, 2.3507488077, 1.0941415644, 3.047038457, 2.2076408903],
      [6.8405893441, 3.0983150069, 2.7224407684, 2.8939622838, 6.0744357911, 4.0290581283, 19.9767167557, 25.3332556318, 24.799204711, 32.2758412273, 37.4847857191, 28.0659261444, 15.5540102407, 4.2073360547, 5.9786798431, 0.58100239364, 6.2576106229, 4.1057967233, 3.0359108636, 5.4542454242, 3.180099489, 2.6236578384, 5.5858059391, 2.359434317, 4.3086143871, 4.4217141845, 3.6310606337, 1.0137145116, 1.1560526718, 5.7425495208, 5.1707601965, 0, 2.4262522398, 6.2302407801, 1.5134285673, 4.3054465277, 6.1221497903, 6.108460626, 1.8226913496, 2.3756666254, 4.0709386927, 2.4654052589, 2.7284407903, 2.1833599523, 3.0414315827, 3.8086351484, 5.0074885718, 1.5406286175, 5.8942650655, 3.7492669597]
    ],
    [
      [0.26355204453, 0.24007805421, 0.45506850731, 0.30934108516, 0.27886991955, 0.17046655297, 0.41753043449, 0.41945075866, 0.41490960278, 0.49265089106, 0.13215369056, 0.37939524249, 1.1981520585, 2.7896625799, 3.7529602454, 2.5440096277, 2.7040908487, 2.9476525313, 3.3386026439, 0.1742436202, 0.28876099274, 0.45172581519, 0.197946945, 0.2342799455, 0.42337583346, 0.43512795087, 0.26785301279, 0.50361925289, 0.22866276324, 0.25068799943, 0.19173042839, 0.33427217746, 0.91686114542, 0.20674264595, 0.39086841182, 0.14029230725, 0.61649107569, 0.16235662981, 0.23699634248, 0.28197259437, 0.24794474053, 0.46872745403, 0.16384811603, 0.62280754153, 0.16895850112, 0.28334448468, 0.25185449541, 0.14981072636, 0.38346389709, 0.38633889511],
      [2.3395253959, 2.4070638201, 2.7093891488, 5.5703979982, 2.4653506922, 1.3895015974, 4.126189364, 4.4973786846, 3.2077395389, 3.487549428, 1.2735682184, 3.9386300038, 16.505329044, 35.2974652755, 27.7929795729, 29.6195195116, 23.1263015766, 26.4081299093, 21.1476288191, 2.1206008274, 4.1128061093, 4.8265876828, 2.6315867762, 3.5496644237, 2.8179572857, 4.6033415443, 2.1830253262, 3.5421168442, 2.4439942567, 2.7051016712, 2.2074209781, 4.3765236567, 8.3142460029, 2.5677304401, 2.4679310816, 1.5949401486, 5.3610905681, 1.5124197045, 1.6725549809, 2.2132513176, 2.2603986427, 4.4302389809, 1.513614196, 3.5591651696, 1.8463111458, 2.4945752796, 1.8726405519, 2.3177273096, 2.9415604042, 4.2337783094],
      [3.3969225596, 1.3528581257, 2.8355423439, 3.1202609166, 2.2557793882, 1.4400318496, 3.4562802015, 3.0831705567, 2.3773508583, 4.019799681, 1.5942780911, 2.6819747538, 13.2965188975, 25.9128721446, 26.4540601817, 27.8364708606, 29.1696075747, 20.6442175594, 18.513768537, 1.7051555524, 4.5984328979, 3.721686502, 2.1704662788, 3.2160556308, 2.7586668809, 3.9615305048, 2.549121661, 2.9542639029, 2.3273429801, 2.0442103294, 1.6008485935, 3.2892041659, 5.7688928517, 2.225526914, 2.1412005066, 1.2647675442, 5.0224183562, 2.3252236657, 2.0904486766, 2.504776088, 3.4916566168, 3.1010335651, 1.3225376879, 3.8180272888, 1.9847303531, 2.2220802357, 1.8755049527, 1.532461964, 2.6749756987, 3.3798827955]
    ],
    [
      [0.030599686755, 0.085650949099, 0.096529030962, 0.04909343862, 0.069972851598, 0.060995123067, 0.092830212409, 0.046622571051, 0.074819748733, 0.066230495266, 0.054544201821, 0.019282594325, 0.061396707289, 0.046100411788, 0.058032459533, 0.052204982987, 0.026208109441, 0.083701998699, 0.26762313045, 0.45201499941, 0.28082373282, 0.51478159321, 0.37570138193, 0.32806620964, 0.71065239488, 0.042903711847, 0.047832002377, 0.064987663122, 0.082595918824, 0.071114524125, 0.051014724585, 0.043685823586, 0.065754671225, 0.051048999272, 0.085051276212, 0.049686227883, 0.050050107122, 0.08599935552, 0.05302574475, 0.050352923322, 0.02919042055, 0.052293789695, 0.15534536619, 0.11316018552, 0.059658970307, 0.030284469044, 0.067618192732, 0.059105854248, 0.022903488164, 0.0085483843086],
      [1.6050258169, 5.099411601, 3.4043484432, 5.2567898132, 3.6501097108, 2.9421157608, 5.4348813795, 2.9598986813, 3.4305520718, 2.7837245346, 3.1139250771, 1.187033961, 4.9735594313, 3.460497107, 2.554425923, 3.6220545047, 1.328600528, 4.456050305, 10.0717061273, 32.7213145993, 23.6773064896, 32.7138267159, 29.6146569353, 29.4552580471, 28.1902257779, 2.6855109564, 2.3017290807, 2.7116245288, 5.1312221093, 4.5500408326, 3.4739433714, 3.4587246035, 3.5316714417, 3.7536719814, 3.1937138093, 3.3451466347, 2.5779381382, 4.7519882965, 2.2232482253, 2.3459900352, 1.5759038412, 2.9337889514, 8.5324329174, 3.8403419782, 3.8610765569, 1.5839809298, 2.9907661963, 5.4223843723, 1.0444552526, 0.5558564897],
      [2.3643744964, 2.8149374499, 3.4991225258, 2.6941167482, 3.2799174376, 2.9968891161, 4.4722884081, 1.9934787477, 2.4946281795, 3.1500449701, 3.8315307211, 0.7936834447, 3.9650438614, 2.4934024812, 2.3875416175, 3.3257405123, 1.6451913626, 3.4602476963, 8.6606707422, 25.8266704013, 26.0418697776, 24.7713916909, 24.0096416827, 26.2166757432, 27.0991218273, 2.2715853318, 2.6504389169, 2.2233878081, 4.7861819718, 3.3788446432, 2.4750419041, 2.4975895729, 2.4025738871, 3.1952790193, 2.7212349145, 2.6051671374, 2.3720117546, 7.162012348, 2.7237260299, 2.6036570415, 2.3949057382, 2.0139172589, 7.3122217164, 4.0464978363, 4.0792644728, 1.3857346012, 2.941615611, 3.5185097735, 0.93264125923, 0.43559512599]
    ],
    [
      [3.016759476, 0.87394131076, 2.7531444879, 0.9043707672, 2.7386997995, 4.2409115479, 2.1628021214, 5.0213986706, 4.4853174322, 3.0363705927, 2.1192193755, 2.1314666134, 1.4221410552, 2.6632763144, 2.0291975689, 1.5674724741, 2.7464873641, 2.7873138186, 4.3917452223, 2.3546338198, 3.3996511099, 3.3968431438, 1.8294309553, 0.33419866423, 3.7631657997, 23.980703777, 27.5759964372, 30.9384672136, 23.6584883785, 22.6404706521, 21.8695609258, 8.4165265052, 4.1331403606, 1.8780619138, 1.6326389029, 1.9938649895, 2.7601128308, 2.1136125984, 4.5517332732, 3.3746400685, 3.8581828804, 3.1597622432, 1.8127560532, 4.52336032, 2.0246528574, 3.2582530104, 2.0262251909, 1.0071423468, 2.9981635776, 2.0718905687],
      [3.1505028696, 1.0294192601, 1.9130962498, 1.9166665391, 2.8308712146, 4.0603364011, 2.4895837779, 6.2624595125, 4.0173273764, 2.4860843497, 2.3843225013, 2.5754255215, 2.2727474937, 3.8645737565, 1.7009686093, 2.1035915686, 2.6901529408, 2.8421349606, 3.1480398952, 3.2144979663, 5.5681224851, 4.0790159196, 2.7874689576, 0.57850626394, 2.7826471282, 29.8058790191, 26.3802851969, 25.5744663974, 29.7195496304, 28.7761560672, 29.5907074769, 12.9646434333, 4.361455832, 2.7282954806, 1.1946805741, 2.655042299, 2.8019981059, 2.3032582706, 3.6891244663, 3.0536640453, 4.1051087933, 3.4390883026, 1.9094435713, 2.9502503671, 2.5235161621, 3.2581530193, 1.6911897381, 1.7950052699, 2.6066774714, 2.5843038263],
      [0.83273765434, 0.096639429141, 0.33375926236, 0.17896269366, 0.4304289859, 0.69875205099, 0.34761410069, 0.71614181694, 0.49735519143, 0.47754505753, 0.49645812321, 0.29310786509, 0.30511145114, 0.47214992913, 0.26983382178, 0.32893595737, 0.56335969507, 0.37055122085, 0.46021488248, 0.43086821389, 1.032226405, 0.52414093661, 0.38310008709, 0.087295071822, 0.45418707213, 4.2134172038, 5.0437183659, 3.487066389, 4.6219619911, 3.5833732807, 3.5397315973, 1.6188300615, 0.5054038074, 0.39364260563, 0.17268052309, 0.35109271149, 0.43788906331, 0.58312913103, 0.75914226046, 0.57169588626, 1.0367083262, 0.40114945414, 0.27780037549, 0.52638931287, 0.45183098047, 0.48359397021, 0.28258507094, 0.19785238329, 0.39515895099, 0.34380560496]
    ],
    [
      [1.3028667307, 1.2359159331, 2.9387961783, 0.7982473157, 1.0622539208, 2.8831744742, 2.3118658902, 1.8825132811, 0.97865488868, 1.649736043, 1.5954281592, 1.6564970395, 1.6274905882, 0.92111998754, 0.59705340624, 1.7024631293, 1.5868983156, 2.0218961349, 3.1196311693, 0.68291509779, 1.1319209589, 1.0282296508, 1.2447766085, 1.9417517442, 1.9129172291, 1.1939904811, 1.9488373427, 2.2862701345, 0.67172912096, 1.2616912624, 1.9673715748, 10.7388637009, 13.8801891168, 12.2335698227, 20.4226715148, 12.847305688, 15.3914687565, 4.9985099681, 1.8472663993, 2.5825271892, 0.93830744822, 2.6368670646, 1.8655921291, 3.0042837504, 1.0338347886, 1.3648998632, 1.1615157784, 1.6651298151, 1.4906307518, 0.98551152147],
      [0.91980916506, 0.97551313329, 1.3777690935, 1.1291507549, 0.73807223048, 1.856583258, 1.7949401459, 1.5819610972, 0.59302130327, 0.91804591937, 1.2129109938, 1.3486755396, 1.7589057678, 0.91049030315, 0.34333563795, 1.5548978149, 1.0645216821, 1.4068003201, 1.5322854476, 0.64179130687, 1.2678540162, 0.8492593103, 1.2918173952, 2.2961427293, 0.97927428949, 1.0013221156, 1.2580929793, 1.2708193273, 0.56915660165, 1.0810247464, 1.7931192893, 11.0844336691, 9.8553981446, 11.9580454945, 10.0848731657, 11.4666805387, 10.5119308469, 3.6619643886, 1.0074418227, 1.5718896197, 0.66890962351, 1.9189135134, 1.3223424869, 1.3317856004, 0.88311113272, 0.93419405838, 0.66821133229, 2.0125244912, 0.88841233802, 0.83988416536],
      [4.7773241043, 1.7885709336, 4.6834347281, 2.0726019294, 2.1996738488, 6.2602422678, 4.8931939639, 3.5355256217, 1.428323808, 3.4322180377, 5.1916608469, 2.9948274209, 4.6136036439, 2.1683897093, 1.0596109558, 4.7426390558, 4.3485800024, 3.5713035449, 4.3480833831, 1.6752935953, 4.6002250249, 2.1225110389, 3.4634059963, 6.7621055265, 3.1078084814, 2.8046874033, 4.7930696779, 3.4429105381, 1.7591142774, 2.6572839912, 4.2395091358, 27.17670263, 22.2644127386, 33.8083846827, 28.4924553196, 29.6860137734, 32.0966003966, 18.3395256433, 4.145291778, 5.8455831911, 3.3927829283, 4.444219422, 3.8120653839, 4.6639306493, 3.0830540787, 2.7009060785, 2.1702728893, 4.3223456937, 2.6209569101, 2.1746043132]
    ],
    [
      [5.3966892799, 6.6830701554, 4.7628668657, 6.4485187792, 7.5119516118, 1.8730899624, 5.6285461117, 8.4953179211, 3.8241153129, 4.7019756893, 3.655948411, 6.6205194932, 8.2822056446, 1.8669870389, 8.5465225055, 6.4592078762, 6.4746513952, 12.338522999, 6.7152998579, 10.2737844731, 2.6842621478, 5.6564514974, 6.465045167, 7.2666367003, 7.6368239467, 2.7961669071, 6.5137034789, 4.7793696613, 5.5531288216, 3.7517209573, 7.4916788426, 3.7032328693, 4.7568163558, 4.6021501238, 5.7474643688, 7.4570395459, 3.7555308018, 29.7506986421, 57.196551449, 50.5643147568, 49.7223227164, 53.2128034806, 53.7087284607, 38.2050199609, 2.7580975257, 11.3292246295, 5.686956566, 2.7811149254, 7.5983319597, 4.6902489042],
      [0.022796876607, 0.031514715323, 0.01348300168, 0.054746826858, 0.031255496336, 0.0072459493289, 0.025783378614, 0.042067257016, 0.013678508111, 0.015379164809, 0.016385265101, 0.031778744299, 0.051610712059, 0.010491451134, 0.028076201342, 0.033845548384, 0.025007849909, 0.049060589791, 0.019057961308, 0.052507391522, 0.016825995386, 0.025883036063, 0.037730646736, 0.047283339509, 0.021917442087, 0.014057748996, 0.025298872039, 0.015694196584, 0.028235768648, 0.019265009925, 0.040881357746, 0.022772097034, 0.020032159551, 0.026606088932, 0.016893960316, 0.039392513093, 0.015227000518, 0.12721686795, 0.18045380535, 0.1787814706, 0.20623693011, 0.22426522475, 0.21597093916, 0.098772870521, 0.013949583661, 0.044141130461, 0.018470827392, 0.018908405514, 0.025924154315, 0.022555680678],
