{
  "X": [
    [1, 13, 106, 3, 6],
    [31, 333, 301, 81, 35],
    [52, 434, 347, 83, 67],
    [23, 79, 120, 20, 11],
    [16, 95, 177, 29, 16],
    [32, 341, 268, 79, 43],
    [38, 70, 134, 26, 18],
    [13, 101, 183, 36, 21],
    [15, 187, 319, 61, 30],
    [3, 110, 150, 52, 21],
    [16, 250, 442, 94, 44],
    [15, 256, 293, 86, 45],
    [3, 27, 165, 11, 3],
    [5, 70, 141, 28, 12],
    [12, 114, 211, 47, 30],
    [8, 38, 104, 12, 5],
    [36, 194, 129, 45, 47],
    [66, 424, 238, 90, 78],
    [12, 39, 74, 20, 9],
    [17, 53, 186, 22, 17],
    [105, 476, 596, 107, 58],
    [19, 69, 116, 8, 12],
    [7, 29, 92, 11, 5],
    [6, 50, 120, 11, 11],
    [4, 14, 64, 2, 4],
    [3, 27, 98, 5, 12],
    [3, 51, 105, 35, 11],
    [87, 341, 644, 78, 42],
    [34, 388, 248, 77, 53],
    [39, 351, 317, 73, 52],
    [33, 291, 196, 41, 28],
    [24, 165, 294, 45, 40],
    [11, 106, 37, 29, 13],
    [19, 203, 91, 33, 42],
    [71, 725, 903, 154, 80],
    [17, 223, 205, 54, 25],
    [36, 558, 401, 121, 66],
    [16, 184, 112, 26, 16],
    [15, 188, 268, 61, 33],
    [66, 646, 617, 144, 83],
    [23, 365, 243, 76, 25],
    [4, 43, 77, 13, 12],
    [17, 123, 221, 31, 24],
    [2, 14, 142, 3, 4],
    [22, 83, 255, 18, 22],
    [25, 243, 291, 58, 41],
    [30, 320, 435, 101, 40],
    [5, 61, 119, 23, 12],
    [1, 25, 153, 18, 11],
    [3, 44, 167, 9, 22],
    [3, 36, 112, 19, 8],
    [10, 19, 83, 9, 4],
    [13, 37, 133, 8, 11],
    [4, 16, 108, 5, 3],
    [6, 37, 115, 17, 8],
    [48, 370, 350, 90, 64],
    [3, 162, 166, 35, 16],
    [66, 497, 802, 150, 115],
    [18, 154, 190, 42, 20],
    [115, 543, 656, 105, 101],
    [18, 61, 114, 9, 12]
  ],
  "W": [
    [0, 11, 14, 97, 7],
    [35, 137, 330, 253, 26],
    [32, 195, 408, 310, 38],
    [18, 48, 67, 112, 8],
    [11, 69, 90, 155, 8],
    [37, 160, 315, 240, 11],
    [19, 47, 101, 115, 4],
    [7, 39, 109, 188, 11],
    [19, 86, 183, 300, 24],
    [10, 62, 100, 153, 11],
    [24, 116, 241, 429, 36],
    [22, 95, 264, 294, 20],
    [6, 19, 22, 159, 3],
    [6, 45, 63, 128, 14],
    [15, 67, 111, 209, 12],
    [9, 6, 41, 104, 7],
    [30, 62, 209, 127, 23],
    [59, 142, 435, 217, 43],
    [7, 22, 44, 74, 7],
    [9, 51, 57, 169, 9],
    [51, 188, 502, 558, 43],
    [10, 25, 70, 110, 9],
    [4, 17, 33, 85, 5],
    [6, 18, 55, 108, 11],
    [2, 3, 17, 62, 4],
    [0, 10, 29, 101, 5],
    [1, 29, 57, 113, 5],
    [48, 157, 371, 587, 29],
    [22, 188, 336, 229, 25],
    [33, 181, 303, 286, 29],
    [29, 111, 266, 164, 19],
    [15, 98, 154, 277, 24],
    [13, 54, 89, 31, 9],
    [17, 84, 166, 82, 39],
    [37, 349, 631, 828, 88],
    [19, 118, 197, 179, 11],
    [32, 266, 487, 351, 46],
    [11, 73, 155, 96, 19],
    [13, 128, 168, 240, 16],
    [50, 352, 547, 545, 62],
    [16, 168, 329, 194, 25],
    [7, 38, 32, 67, 5],
    [22, 34, 113, 226, 21],
    [4, 2, 12, 146, 1],
    [10, 69, 75, 236, 10],
    [21, 70, 226, 311, 30],
    [26, 114, 334, 431, 21],
    [7, 42, 66, 101, 4],
    [4, 27, 28, 144, 5],
    [5, 4, 35, 181, 20],
    [3, 42, 29, 101, 3],
    [3, 17, 20, 80, 5],
    [5, 7, 39, 140, 11],
    [2, 9, 14, 109, 2],
    [4, 38, 34, 100, 7],
    [40, 112, 360, 364, 46],
    [6, 56, 154, 137, 29],
    [37, 266, 482, 798, 47],
    [15, 63, 143, 188, 15],
    [108, 195, 492, 648, 77],
    [8, 7, 75, 114, 10]
  ],
  "method": "mvn_pdf",
  "cond_prob": [
    [
      [0.40145827656, 0.22404887908, 0.11149416511, 0.044919556167, 0.21807912308],
      [0.0063954960748, 0.26553246741, 0.55580273337, 0.11988974441, 0.052379558741],
      [0.054370086533, 0.58631767307, 0.1686099603, 0.10669647499, 0.084005805115],
      [0.0010307689211, 0.0020561587863, 0.97901070735, 0.0007774879496, 0.017124876992],
      [0.0097833923399, 0.23874971904, 0.36594169653, 0.016006547225, 0.36951864486]
    ],
    [
      [0.38507764804, 0.36106048765, 0.051948928846, 0.066010269637, 0.13590266583],
      [0.0073029765479, 0.47801766426, 0.28325575595, 0.19522074865, 0.036202854598],
      [0.045341049423, 0.72684354134, 0.062187308654, 0.12512104922, 0.040507051365],
      [0.0047658497941, 0.010514589742, 0.92674233619, 0.038979492114, 0.018997732157],
      [0.013594931688, 0.47522704162, 0.20723561589, 0.030486163507, 0.2734562473]
    ],
    [
      [0.47084446816, 0.29828024292, 0.030599518819, 0.040295246971, 0.15998052314],
      [0.014025145701, 0.53785367649, 0.22720666968, 0.16209857266, 0.058815935473],
      [0.071678195613, 0.73194698831, 0.044547409661, 0.091972328851, 0.059855077567],
      [0.013607377379, 0.012348277536, 0.89749344507, 0.037961891265, 0.038589008748],
      [0.019344284461, 0.45029547488, 0.13992641307, 0.021274578034, 0.36915924956]
    ],
    [
      [0.65646704827, 0.20537535748, 0.025872509032, 0.031744496883, 0.080540588332],
      [0.021689920746, 0.5038248263, 0.26052867292, 0.17373649471, 0.040220085329],
      [0.12467158324, 0.68409402186, 0.051190822883, 0.099224079802, 0.040819492217],
      [0.013212146268, 0.013516947156, 0.9121953055, 0.037835521274, 0.023240079797],
      [0.038715059539, 0.47143179461, 0.17915739845, 0.025456947599, 0.2852387998]
    ],
    [
      [0.52038785333, 0.24622438319, 0.048687055582, 0.047947914276, 0.13675279363],
      [0.014218242386, 0.41582901706, 0.34054329673, 0.18188222916, 0.04752721467],
      [0.084164415898, 0.66201359118, 0.07576781219, 0.12146586538, 0.056588315349],
      [0.0099825296388, 0.0059363221675, 0.93082952535, 0.030833645242, 0.022417977599],
      [0.021573170495, 0.38724705819, 0.23365942346, 0.026444529293, 0.33107581856]
    ],
    [
      [0.37969521875, 0.360273935, 0.036370747043, 0.057263173339, 0.16639692587],
      [0.0081935472935, 0.53139918734, 0.22109951541, 0.18884181804, 0.050465931918],
      [0.046560728331, 0.744217546, 0.044228026548, 0.1116583053, 0.053335393818],
      [0.007600187133, 0.012375313827, 0.89891510563, 0.046675164386, 0.034434229021],
      [0.013603182101, 0.47703564741, 0.14608237997, 0.026560552479, 0.33671823803]
    ],
    [
      [0.78700036026, 0.084505319255, 0.024200483838, 0.022521689397, 0.081772147246],
      [0.030213871951, 0.32990241131, 0.38384316545, 0.18805977433, 0.067980776964],
      [0.21151480551, 0.50522465942, 0.084313617012, 0.12173002682, 0.077216891233],
      [0, 0.0068846198182, 0.92222486474, 0.037757379875, 0.033133135564],
      [0.065986454116, 0.26739093058, 0.23200681682, 0.024111778325, 0.41050402015]
    ],
    [
      [0.44394667368, 0.28825396306, 0.034093548562, 0.065912500368, 0.16779331433],
      [0.011662769922, 0.46615403249, 0.22764289405, 0.23915367624, 0.055386627295],
      [0.064007840972, 0.68218556752, 0.047647521578, 0.1452262378, 0.060932832124],
      [0.012079680577, 0.009662037792, 0.88844771028, 0.0532569468, 0.036553624547],
      [0.017244603902, 0.42068409331, 0.15104753696, 0.033604836838, 0.37741892899]
    ],
    [
      [0.34660405429, 0.35520340974, 0.055265081634, 0.079471972049, 0.16345548229],
      [0.0058576661092, 0.44475433277, 0.28514599448, 0.2224225686, 0.041819438028],
      [0.039364375378, 0.70009884881, 0.064809454893, 0.1463771115, 0.049350209425],
      [0.0014561741226, 0.011188259154, 0.92200574863, 0.04250007292, 0.022849745174],
      [0.011259614672, 0.43865397993, 0.20689804539, 0.03436076464, 0.30882759537]
    ],
    [
      [0.23325205475, 0.39075530019, 0.038993303587, 0.13102945404, 0.20596988744],
      [0, 0.44547491281, 0.18199947319, 0.32401394272, 0.048511671281],
      [0.0059731375771, 0.69425173695, 0.047174020659, 0.19630306594, 0.056298038879],
      [0, 0.026997855762, 0.86366885252, 0.068020150933, 0.041313140783],
      [0.0063786995266, 0.44701425249, 0.13339664772, 0.051222847675, 0.36198755259]
    ],
    [
      [0.31369847661, 0.36745547917, 0.051452533171, 0.09454495779, 0.17284855326],
      [0.0044929019645, 0.44353427738, 0.25523691162, 0.25397072301, 0.042765186018],
      [0.03152553653, 0.69486916978, 0.058965049086, 0.16436149269, 0.050278751909],
      [0, 0.014668053645, 0.90951764779, 0.049487943917, 0.026326354652],
      [0.0097890452689, 0.4437507609, 0.18788915904, 0.039690818463, 0.31888021632]
    ],
    [
      [0.29725456992, 0.3698227305, 0.037891431901, 0.08897704455, 0.20605422313],
      [0.0042703107084, 0.48131766282, 0.20221308246, 0.25751694571, 0.054681998306],
      [0.029359502045, 0.7102333999, 0.045552375724, 0.15434091814, 0.060513804189],
      [0.00040524842855, 0.019775665631, 0.87824181837, 0.061539937021, 0.040037330551],
      [0.0092334183269, 0.44115293456, 0.13636119366, 0.036982565243, 0.37626988822]
    ],
    [
      [0.3557179876, 0.35676477887, 0.089229420073, 0.073865926524, 0.12442188693],
      [0.0054169435817, 0.38588091586, 0.4014691472, 0.18089048595, 0.02634250741],
      [0.033222802096, 0.69720748638, 0.10161356431, 0.13308799477, 0.034868152442],
      [0, 0.0058931437796, 0.96635336327, 0.025793135144, 0.0019603578059],
      [0.010622833418, 0.41736645474, 0.31700883597, 0.030280278284, 0.22472159759]
    ],
    [
      [0.34410076913, 0.34446686839, 0.06342519708, 0.09242387098, 0.15558329441],
      [0.0051307703157, 0.40521713457, 0.30871364098, 0.24374853318, 0.037189920955],
      [0.038370456609, 0.67364112269, 0.073397602699, 0.16844011893, 0.046150699066],
      [0.0010722694984, 0.010628474075, 0.92812871446, 0.041511590231, 0.018658951735],
      [0.010708675633, 0.42132802305, 0.23591503945, 0.039397267052, 0.29265099481]
    ],
    [
      [0.34364336078, 0.30109175838, 0.041285966673, 0.07871279221, 0.23526612196],
      [0.0074672964317, 0.43061192881, 0.24286781169, 0.251620565, 0.067432398069],
      [0.045214810036, 0.66220311791, 0.054943670032, 0.16054222395, 0.077096178075],
      [0.0057069313441, 0.013149122006, 0.89088109551, 0.05138963583, 0.038873215313],
      [0.01112068021, 0.36499265061, 0.15130589849, 0.033342459574, 0.43923831111]
    ],
    [
      [0.47455790088, 0.30864379807, 0.051557588911, 0.06568683496, 0.099553877176],
      [0.010479987021, 0.44096903776, 0.30732996017, 0.21247298589, 0.028748029148],
      [0.062819578375, 0.69746848826, 0.068323438878, 0.13935752389, 0.032030970601],
      [0.0092295702428, 0.0065642112336, 0.93471902159, 0.04013850418, 0.0093486927555],
      [0.018660135905, 0.47107222914, 0.23999467137, 0.035131093675, 0.2351418699]
    ],
    [
      [0.48337186979, 0.24329340027, 0.021045220777, 0.042260288022, 0.21002922115],
      [0.016772100718, 0.51514379348, 0.18152265878, 0.19930628364, 0.087255163377],
      [0.084108565526, 0.68893186744, 0.036779031919, 0.11317574392, 0.0770047912],
      [0.019079679977, 0.018087409375, 0.84431866312, 0.056710766892, 0.061803480637],
      [0.019876700432, 0.36862702223, 0.095606549786, 0.022574082568, 0.49331564498]
    ],
    [
      [0.46764525068, 0.28135307647, 0.024859169839, 0.045746692803, 0.18039581021],
      [0.014558772681, 0.53076747924, 0.19371346049, 0.19251866531, 0.068441622273],
      [0.073715422989, 0.71395103958, 0.03659931224, 0.10940564822, 0.066328576968],
      [0.015882228255, 0.014732342379, 0.86725369742, 0.05220710952, 0.049924622425],
      [0.019277487384, 0.42478060284, 0.11421498663, 0.024253369958, 0.41747355319]
    ],
    [
      [0.65714231032, 0.16521888849, 0.024193227989, 0.057560007517, 0.095885565679],
      [0.021136705568, 0.38918154311, 0.23275070959, 0.30987289696, 0.047058144769],
      [0.12683470763, 0.58087847887, 0.052141775855, 0.18649647981, 0.053648557834],
      [0.014711504626, 0.013383683246, 0.88133991884, 0.057324421007, 0.033240472287],
      [0.037945403901, 0.39034688596, 0.17096280879, 0.047431992575, 0.35331290878]
    ],
    [
      [0.65151895193, 0.14134053467, 0.041587548252, 0.034878283799, 0.13067468135],
      [0.021749451973, 0.32996512808, 0.40249609156, 0.18297343015, 0.062815898239],
      [0.1466589065, 0.55204511005, 0.09490625627, 0.12812446224, 0.078265264949],
      [0.0081038096372, 0.0052486123644, 0.93137355037, 0.028582919466, 0.026691108164],
      [0.033111764781, 0.28290298822, 0.25406941959, 0.024538085645, 0.40537774177]
    ],
    [
      [0.64135981878, 0.21180743879, 0.027755269043, 0.033407612698, 0.085669860693],
      [0.021565145564, 0.49658096744, 0.26644579491, 0.17458168308, 0.040826408998],
      [0.11945755256, 0.68348946065, 0.054310342319, 0.10117391711, 0.041568727367],
      [0.011915133668, 0.015650930663, 0.91277374378, 0.036877977633, 0.022782214259],
      [0.0376759513, 0.4650155857, 0.18374723172, 0.025759009911, 0.28780222137]
    ],
    [
      [0.68806031993, 0.18105635793, 0.02604082477, 0.016813703373, 0.088028794004],
      [0.026855113952, 0.51181802484, 0.29959309547, 0.11044029203, 0.051293473709],
      [0.14336313267, 0.68754381356, 0.060683095628, 0.055807002759, 0.052602955384],
      [0.0094747666157, 0.021572454906, 0.93024110321, 0.0094337223451, 0.029277952923],
      [0.04115281525, 0.43254986789, 0.18615847982, 0.014072890503, 0.32606594653]
    ],
    [
      [0.5972050798, 0.19837793487, 0.054686606643, 0.049606572726, 0.10012380595],
      [0.015477875718, 0.34831477723, 0.4027306001, 0.19794662679, 0.035530120169],
      [0.10207535789, 0.61094671367, 0.097365237543, 0.14368220854, 0.045930482362],
      [0.0099856653303, 0.0039522631695, 0.94364037324, 0.029857737013, 0.012563961243],
      [0.026157486051, 0.35759062541, 0.30246976141, 0.031412105191, 0.28237002193]
    ],
    [
      [0.39864399945, 0.29225754678, 0.079094001798, 0.050848474713, 0.17915597727],
      [0.007837901927, 0.37476719695, 0.42367027353, 0.14693060205, 0.046794025544],
      [0.053418648796, 0.67031472007, 0.10559713354, 0.10814069358, 0.062528804011],
      [0.003647852366, 0.0074639728778, 0.95296777774, 0.017321535293, 0.01859886172],
      [0.012278184483, 0.34792968176, 0.28827352045, 0.021063123289, 0.33045549002]
    ],
    [
      [0.63190768813, 0.17973172907, 0.050498916867, 0.023776962487, 0.11408470345],
      [0.017084250616, 0.37599055426, 0.44431584589, 0.11435841044, 0.048250938796],
      [0.11190641974, 0.6467978433, 0.1039254734, 0.076597880327, 0.060772383238],
      [0.010982340618, 0.0030226595346, 0.96208338514, 0.0039857555805, 0.019925859131],
      [0.025404404512, 0.33239916295, 0.2875379256, 0.015022508043, 0.33963599889]
    ],
    [
      [0.37673722802, 0.24485601998, 0.038424238413, 0.028611010614, 0.31137150298],
      [0.010639806349, 0.45812454685, 0.29719731768, 0.11952578143, 0.1145125477],
      [0.058962944963, 0.68177176412, 0.064123260807, 0.072021139342, 0.12312089077],
      [0.011190858596, 0.012432857098, 0.91582669215, 0.016438032827, 0.044111559328],
      [0.010679962875, 0.27833096102, 0.13399127053, 0.011177565857, 0.56582023971]
    ],
    [
      [0.30376856608, 0.31118666237, 0.035205327779, 0.16902211817, 0.1808173256],
      [0.0051303190572, 0.36008191031, 0.1715200912, 0.42004988175, 0.043217797689],
      [0.032976770571, 0.59447794592, 0.053095433692, 0.26516945326, 0.054280396557],
      [0.0054535188385, 0.038266355858, 0.85189123792, 0.06337907135, 0.041009816033],
      [0.010305725991, 0.4074193619, 0.1401124844, 0.074607482517, 0.36755494519]
    ],
    [
      [0.6461343009, 0.19760242422, 0.03907600181, 0.032114220917, 0.085073052153],
      [0.02102528261, 0.43304769618, 0.35125602785, 0.15713400315, 0.037536990206],
      [0.12678349322, 0.65500171015, 0.077453680912, 0.09911837241, 0.04164274331],
      [0.0078130743049, 0.014403799805, 0.9387165436, 0.024405702489, 0.014660879796],
      [0.036608054664, 0.41606656505, 0.24880099404, 0.023772943974, 0.27475144227]
    ],
    [
      [0.41767670101, 0.34358619054, 0.026054269745, 0.045480263668, 0.16720257504],
      [0.011542851228, 0.57940067224, 0.18038213134, 0.17124939276, 0.057424952432],
      [0.057004369666, 0.76029496445, 0.031601897013, 0.094706340009, 0.056392428861],
      [0.013476304849, 0.016974426962, 0.87374541904, 0.049860813644, 0.045943035501],
      [0.016060581157, 0.48670102389, 0.11236108064, 0.022603671721, 0.36227364259]
    ],
    [
      [0.43671800894, 0.32716522996, 0.033023514103, 0.045194622705, 0.15789862429],
      [0.011925930381, 0.54179618454, 0.22539986918, 0.1672205206, 0.053657495294],
      [0.061376263123, 0.74296049376, 0.044178434197, 0.096174048412, 0.055310760503],
      [0.011673748341, 0.011872950222, 0.90054793552, 0.0400051838, 0.035900182119],
      [0.017034915655, 0.46985326327, 0.14379560665, 0.022739447797, 0.34657676662]
    ],
    [
      [0.45058459408, 0.35245551414, 0.037153350142, 0.038018326758, 0.12178821489],
      [0.012137193771, 0.56633912681, 0.24549269887, 0.13624854859, 0.039782431958],
      [0.061618313299, 0.77381413816, 0.049738672362, 0.074349283172, 0.040479593004],
      [0.011291176359, 0.01330031547, 0.92250702212, 0.028194986091, 0.02470649996],
      [0.018083894876, 0.5210176066, 0.16585393661, 0.019631188837, 0.27541337307]
    ],
    [
      [0.47582226519, 0.25760137953, 0.03842436018, 0.044161528058, 0.18399046704],
      [0.013940495643, 0.46001097635, 0.28300701034, 0.17653449747, 0.066507020202],
      [0.07695191774, 0.68016066388, 0.059873335618, 0.10965331222, 0.073360770536],
      [0.011542179596, 0.0082396880254, 0.91113194712, 0.034683052464, 0.034403132798],
      [0.018696598713, 0.37615699182, 0.17020435615, 0.022640863015, 0.4123011903]
    ],
    [
      [0.40673530417, 0.35627462195, 0.022201130338, 0.070345599704, 0.14444334384],
      [0.010463581048, 0.55347005698, 0.14460594055, 0.24430697646, 0.047153444965],
      [0.051511887416, 0.74389940816, 0.02018205286, 0.13572036144, 0.048686290122],
      [0.01356602331, 0.019089460727, 0.84444354255, 0.080338088989, 0.042562884425],
      [0.015811440731, 0.52024735877, 0.10319022136, 0.035926394265, 0.32482458488]
    ],
    [
      [0.39960540597, 0.33547067942, 0.021547996673, 0.039886968549, 0.20348894939],
      [0.012025142627, 0.59870890033, 0.15920973798, 0.15852401966, 0.071532199407],
      [0.056546112374, 0.76810634686, 0.023750506378, 0.085371970929, 0.066225063458],
      [0.015029155429, 0.021609656497, 0.85158323833, 0.049916663196, 0.061861286549],
      [0.014808992784, 0.4545591131, 0.089427088826, 0.018999751975, 0.42220505331]
    ],
    [
      [0.45799086337, 0.3395541218, 0.039753553739, 0.047738324018, 0.11496313707],
      [0.011787469414, 0.53042628359, 0.25563968067, 0.16631488312, 0.035831683211],
      [0.062672761081, 0.74888313685, 0.052684149799, 0.098537453763, 0.037222498512],
      [0.010552880919, 0.011832733913, 0.92165748663, 0.035988516127, 0.019968382407],
      [0.018820608935, 0.51107910787, 0.18107696023, 0.025160944624, 0.26386237834]
    ],
    [
      [0.3658170325, 0.3787867789, 0.043155575365, 0.061414252819, 0.15082636041],
      [0.0066083944829, 0.51875674186, 0.24378147091, 0.18841614372, 0.042437249022],
      [0.041732344857, 0.7471173684, 0.050635435689, 0.11454117694, 0.045973674122],
      [0.0050783064881, 0.011219716918, 0.91382118129, 0.043175884392, 0.026704910913],
      [0.012672457752, 0.49084588714, 0.16951438356, 0.027902643176, 0.29906462837]
    ],
    [
      [0.36172587709, 0.38739235839, 0.036565163483, 0.057937290892, 0.15637931014],
      [0.0066571277165, 0.55025652416, 0.2135308201, 0.18388531378, 0.045670214239],
      [0.040783152812, 0.76174990736, 0.042209905485, 0.10761706888, 0.047639965463],
      [0.0063096248054, 0.014316122923, 0.89979564424, 0.047298662179, 0.032279945849],
      [0.012563092056, 0.50517489289, 0.14448307654, 0.026547179509, 0.31123175901]
    ],
    [
      [0.43770370106, 0.38129321549, 0.031863542291, 0.03965315323, 0.10948638793],
      [0.011773993788, 0.60514488178, 0.20848565833, 0.1399083807, 0.034687085398],
      [0.056694195041, 0.79543160564, 0.039739870294, 0.074865684666, 0.033268644363],
      [0.012541428495, 0.016078337177, 0.91183162932, 0.034977762449, 0.024570842562],
      [0.01758844079, 0.56814626405, 0.14392271929, 0.020445116059, 0.24989745982]
    ],
    [
      [0.36857391072, 0.32632818446, 0.047873950599, 0.067446114344, 0.18977783988],
      [0.0073696931238, 0.45400390763, 0.27455505204, 0.20991626274, 0.054155084465],
      [0.046853805396, 0.69569741759, 0.0602573071, 0.13499789814, 0.062193571778],
      [0.0049826642414, 0.0091991085252, 0.91329905865, 0.042078742831, 0.030440425755],
      [0.012371232273, 0.41001757657, 0.18247439453, 0.029710857241, 0.36542593938]
    ],
    [
      [0.44076869434, 0.33521158913, 0.036442911517, 0.049476469886, 0.13810033513],
      [0.011421348907, 0.53099733585, 0.23772893925, 0.17506420774, 0.044788168253],
      [0.060416347688, 0.74199180645, 0.047780213792, 0.10287424932, 0.046937382747],
      [0.010655076049, 0.011279157498, 0.90895599028, 0.040482184377, 0.0286275918],
      [0.017524061865, 0.48889837675, 0.160975422, 0.025299524461, 0.30730261492]
    ],
    [
      [0.3844834618, 0.3982848651, 0.044472355583, 0.059884728168, 0.11287458934],
      [0.007114683059, 0.53685508499, 0.24694821868, 0.18048532248, 0.028596690789],
      [0.042893028278, 0.76696448439, 0.052437669039, 0.10932310396, 0.028381714335],
      [0.0061449945655, 0.013340861608, 0.9225794872, 0.041436152957, 0.016498503668],
      [0.013962504327, 0.54065381454, 0.18274911766, 0.028575811875, 0.2340587516]
    ],
    [
      [0.31618802338, 0.30873996848, 0.053012389331, 0.054662307138, 0.26739731167],
      [0.0059928598114, 0.43549250286, 0.31050867812, 0.17419493498, 0.073811024234],
      [0.040543199005, 0.68818396236, 0.069053013874, 0.11479242206, 0.087427402692],
      [0.0032436582115, 0.0087283734294, 0.92142973287, 0.03312719413, 0.033471041358],
      [0.0088495390402, 0.33668345931, 0.17681899198, 0.021015361619, 0.45663264805]
    ],
    [
      [0.39783448344, 0.35853076951, 0.036860869177, 0.05629414914, 0.15047972873],
      [0.0093983148644, 0.53190306559, 0.22616792676, 0.1869192387, 0.045611454081],
      [0.050158287937, 0.74636790018, 0.044844432126, 0.11033463065, 0.048294749112],
      [0.0086489533391, 0.010599218385, 0.90360435039, 0.045889649957, 0.031257827931],
      [0.014549936542, 0.49012489361, 0.15320701668, 0.027019069023, 0.31509908415]
    ],
    [
      [0.32647091296, 0.42382462184, 0.062801287057, 0.039486106611, 0.14741707153],
      [0.0060498400603, 0.52685209475, 0.32022260886, 0.11025928728, 0.036616169056],
      [0.033514416473, 0.79457934455, 0.066368471996, 0.065989576712, 0.039548190265],
      [0.0018516127805, 0.0083960860215, 0.95953236714, 0.012422217913, 0.017797716143],
      [0.0095082044012, 0.49021662935, 0.22020236738, 0.016018263123, 0.26405453574]
    ],
    [
      [0.66093471268, 0.15936655224, 0.034924860719, 0.02216234143, 0.12261153294],
      [0.024391773611, 0.41225272817, 0.37091534918, 0.12747879395, 0.064961355091],
      [0.14908367135, 0.61844857491, 0.080462281298, 0.079143643016, 0.072861829428],
      [0.0091984637886, 0.013777153359, 0.93566391082, 0.012224844448, 0.029135627588],
      [0.035550768888, 0.33258449233, 0.22062382492, 0.016150328711, 0.39509058515]
    ],
    [
      [0.39987446781, 0.3684957555, 0.025107988237, 0.054113184034, 0.15240860442],
      [0.010187662899, 0.58441410419, 0.16417164542, 0.19186819298, 0.04935839451],
      [0.050698562227, 0.76546504449, 0.029971392328, 0.10532982728, 0.048535173681],
      [0.012778682279, 0.018441477241, 0.86487300006, 0.060529460591, 0.043377379832],
      [0.015248484037, 0.52074007884, 0.10772264611, 0.026788213952, 0.32950057707]
    ],
    [
      [0.38776852587, 0.35425288174, 0.040330934527, 0.077191863849, 0.14045579402],
      [0.008274537534, 0.48717762761, 0.22819938739, 0.2369171639, 0.039431283561],
      [0.047074450124, 0.71615876211, 0.049203708629, 0.14418891021, 0.043374168928],
      [0.0068436448264, 0.013552659357, 0.90019658384, 0.053472072253, 0.025935039719],
      [0.014392561278, 0.48633108575, 0.16751901052, 0.037090271559, 0.29466707089]
    ],
    [
      [0.32528731542, 0.29944020674, 0.080278100695, 0.079008299025, 0.21598607811],
      [0.0043428987552, 0.34918289366, 0.38777174392, 0.20719413341, 0.051508330251],
      [0.037933909683, 0.63677780182, 0.097100810714, 0.15804308954, 0.070144388246],
      [0, 0.0089544726861, 0.93730900313, 0.031612679653, 0.02212384453],
      [0.009237251315, 0.32662508943, 0.2686943068, 0.030265937227, 0.36517741523]
    ],
    [
      [0.25, 0.25266596214, 0.10091593857, 0.10527326904, 0.29114483025],
      [0, 0.26028984778, 0.42979629136, 0.24667897905, 0.063234881813],
      [0, 0.56206889116, 0.13375951533, 0.2110845451, 0.093087048413],
      [0, 0, 0.94305451034, 0.033563014258, 0.023382475399],
      [0, 0.24471626177, 0.28934409211, 0.035026634706, 0.43091301141]
    ],
    [
      [0.25843046776, 0.40566000882, 0.034056655098, 0.037622151161, 0.26423071716],
      [0.0058583516062, 0.59069828788, 0.20327817025, 0.12269078361, 0.077474406644],
      [0.029141285058, 0.78820562431, 0.039311052484, 0.067654119197, 0.075687918955],
      [0.0029056110754, 0.018541701854, 0.89741600454, 0.031343381838, 0.049793300693],
      [0.0069276836562, 0.4332830959, 0.11042101925, 0.014003991255, 0.43536420994]
    ],
    [
      [0.36208613409, 0.2927219304, 0.067841746261, 0.083807768353, 0.19354242089],
      [0.006294964352, 0.36169149295, 0.34799339766, 0.23462582209, 0.049394322944],
      [0.044847119589, 0.63517181681, 0.085693301239, 0.17064372155, 0.063644040815],
      [0.0031290272264, 0.0046114854605, 0.93025780574, 0.038026919957, 0.023974761614],
      [0.010918292325, 0.34834959532, 0.24653598121, 0.034968442144, 0.359227689]
    ],
    [
      [0.88422109348, 0.057991416444, 0.014664688209, 0.014708778467, 0.028414023398],
      [0.05553211829, 0.35242775666, 0.35712603437, 0.19941717439, 0.035496916285],
      [0.29383317405, 0.49415162161, 0.068766949262, 0.10879753092, 0.034450724154],
      [0, 0.015478349142, 0.9279644571, 0.040474504289, 0.016082689473],
      [0.10532544552, 0.34269070477, 0.25447355963, 0.03037414766, 0.26713614241]
    ],
    [
      [0.73304239064, 0.15244972195, 0.019283750635, 0.018599304343, 0.076624832434],
      [0.034689262806, 0.50991417622, 0.26344018361, 0.13983093516, 0.052125442207],
      [0.17019965297, 0.65615830863, 0.049067029844, 0.074085113333, 0.050489895223],
      [0.013669100532, 0.016653317953, 0.90957465513, 0.027406164838, 0.032696761551],
      [0.049136606061, 0.43151941882, 0.16413037091, 0.018364039526, 0.33684956468]
    ],
    [
      [0.59394759495, 0.23882881388, 0.044056870424, 0.033890691328, 0.089276029427],
      [0.015422544626, 0.45756591416, 0.34679543879, 0.14593610893, 0.034279993499],
      [0.08927348415, 0.70703951471, 0.074004703833, 0.091242458809, 0.038439838501],
      [0.012602965112, 0.0056389359871, 0.94733018933, 0.021077548389, 0.013350361186],
      [0.024874966593, 0.44552595814, 0.24783540995, 0.021973219636, 0.25979044568]
    ],
    [
      [0.50058306923, 0.22983468508, 0.066355535748, 0.063272691564, 0.13995401838],
      [0.011754258732, 0.33484549996, 0.40217943514, 0.20936322662, 0.04185757955],
      [0.076061239904, 0.60843506308, 0.10141812973, 0.1578340189, 0.056251548384],
      [0.0083615597286, 0.0032213596651, 0.93930556585, 0.031971417235, 0.017140097523],
      [0.018395394521, 0.33537202144, 0.29614090372, 0.032515465148, 0.31757621518]
    ],
    [
      [0.4433972048, 0.32478997766, 0.024182032332, 0.053663068462, 0.15396771675],
      [0.012436267761, 0.55691834848, 0.171139613, 0.20565795484, 0.053847815909],
      [0.062358430408, 0.73866044509, 0.031651861362, 0.11402546406, 0.053303799075],
      [0.015348546716, 0.017120134917, 0.86093975081, 0.061731175663, 0.044860391894],
      [0.018159649285, 0.4887838374, 0.11061614489, 0.028271115551, 0.35416925287]
    ],
    [
      [0.26915080318, 0.44239012175, 0.072109662339, 0.075663022137, 0.1406863906],
      [0, 0.47284810288, 0.31725206741, 0.18068640489, 0.029213424823],
      [0.0079394220159, 0.7626726171, 0.074237787655, 0.12239947265, 0.03275070058],
      [0, 0.009271389155, 0.94436486667, 0.034442282725, 0.011921461451],
      [0.0056008341549, 0.48773800556, 0.2410558696, 0.029636954193, 0.23596833649]
    ],
    [
      [0.45349804579, 0.26911638178, 0.031671626323, 0.049554210674, 0.19615973544],
      [0.013436794895, 0.48329653376, 0.23395705871, 0.19872322201, 0.070586390616],
      [0.071756334344, 0.68657235056, 0.048751111799, 0.11886808166, 0.074052121643],
      [0.012810354495, 0.011707271138, 0.88799099643, 0.046158829516, 0.041332548425],
      [0.017812102608, 0.38756469268, 0.13788768454, 0.025041613585, 0.43169390659]
    ],
    [
      [0.43785599764, 0.34304232559, 0.032813061913, 0.060265156958, 0.12602345789],
      [0.011063657095, 0.53065462644, 0.2095558843, 0.20889385613, 0.039831976036],
      [0.057710929813, 0.73765881012, 0.041248224262, 0.12182097435, 0.04156106145],
      [0.011802710644, 0.011928753877, 0.89453270316, 0.053413058466, 0.02832277385],
      [0.017571804934, 0.51302053824, 0.1490092731, 0.031577025715, 0.28882135801]
    ],
    [
      [0.53034328684, 0.27648075147, 0.026591163814, 0.03573288703, 0.13085191085],
      [0.016881377723, 0.5516827745, 0.21819591926, 0.15975786377, 0.053482064742],
      [0.0857512686, 0.73106461457, 0.041712296531, 0.088224572937, 0.053247247366],
      [0.015963157415, 0.014503589405, 0.89419694146, 0.038471345175, 0.036864966547],
      [0.024640340389, 0.47376391574, 0.13789457265, 0.02145640528, 0.34224476594]
    ],
    [
      [0.6903667615, 0.17275291346, 0.025618527478, 0.020553135504, 0.090708662055],
      [0.028913272097, 0.48828542498, 0.29821246298, 0.13220751031, 0.052381329633],
      [0.14525952326, 0.66758562967, 0.059791861542, 0.072345576982, 0.055017408544],
      [0.0084889646194, 0.017299956196, 0.92419387705, 0.020276743871, 0.02974045826],
      [0.041246679203, 0.41588614859, 0.18650729396, 0.01726552688, 0.33909435136]
    ]
  ],
  "expected_outcome": [
    [
      [0, 13.4777176814, 15.067022981, 11.8164068689, 5.7242663866, 14.0487230939, 14.953006845, 3.1076267157, 6.5854770315, 2.3325205475, 7.5287634386, 6.5396005382, 2.1343079256, 2.0646046148, 5.1546504116, 4.2710211079, 14.5011560936, 27.5910697901, 4.5999961723, 5.8636705673, 32.7093507577, 6.8806031993, 2.3888203192, 2.3918639967, 1.2638153763, 0, 0.30376856608, 31.014446443, 9.1888874221, 14.4116942951, 13.0669532282, 7.1373339778, 5.2875589542, 6.7932919015, 16.9456619448, 6.9505236175, 11.5752280669, 4.8147407116, 4.7914608394, 22.0384347171, 6.1517353889, 2.2133161636, 8.7523586357, 1.3058836518, 6.6093471268, 8.397363824, 10.0819816726, 2.277011208, 1, 1.2921523388, 1.0862584023, 2.6526632804, 3.6652119532, 1.1878951899, 2.0023322769, 17.7358881922, 1.6149048191, 16.7794276941, 6.5678399646, 57.2770749783, 5.522934092],
      [0, 12.6371170676, 9.5449677734, 3.6967564346, 2.708468215, 13.330135595, 1.6056010658, 2.0177777414, 6.748864785, 3.9075530019, 8.8189315, 8.136100071, 2.1405886732, 2.0668012104, 4.5163763757, 2.7777941826, 7.2988020081, 16.5998315116, 1.1565322194, 1.2720648121, 10.8021793782, 1.8105635793, 0.79351173949, 1.7535452807, 0.35946345814, 0, 0.31118666237, 9.4849163627, 7.5588961918, 10.7964525888, 10.2212099099, 3.8640206929, 4.6315700853, 5.7030015501, 12.5635025065, 7.1969487992, 12.3965554685, 4.1942253704, 4.242266398, 16.7605794564, 6.3725578416, 2.1611797794, 7.8876769293, 1.6952984874, 1.5936655224, 7.7384108656, 9.2105749252, 2.0960814472, 1.0106638486, 2.0283000441, 0.8781657912, 0.17397424933, 0.76224860973, 0.47765762775, 0.91933874033, 12.9915991062, 2.6543407305, 9.9573061258, 5.1456348839, 29.8599211587, 1.3820233077],
      [0, 1.8182125096, 0.97918460221, 0.46570516258, 0.5355576114, 1.3457176406, 0.45980919292, 0.23865483993, 1.050036551, 0.38993303587, 1.2348607961, 0.83361150181, 0.53537652044, 0.38055118248, 0.6192895001, 0.4640183002, 0.63135662331, 1.4666910205, 0.16935259592, 0.37428793427, 1.4155187212, 0.2604082477, 0.21874642657, 0.47456401079, 0.10099783373, 0, 0.035205327779, 1.8756480869, 0.57319393439, 1.0897759654, 1.0774471541, 0.5763654027, 0.28861469439, 0.36631594345, 1.4708814883, 0.81995593193, 1.1700852315, 0.35049896521, 0.62236135778, 1.8221455758, 0.71155768933, 0.37108672531, 0.81093912189, 0.25120514823, 0.34924860719, 0.52726775298, 1.0486042977, 0.56194670486, 0.40366375427, 0.17028327549, 0.20352523878, 0.043994064626, 0.096418753177, 0.088113740847, 0.26542214299, 0.96728129329, 0.43265797403, 1.1718501739, 0.4921959287, 2.8718456919, 0.20494821982],
      [0, 2.3103594373, 1.2894479031, 0.5714009439, 0.52742705703, 2.1187374136, 0.42791209855, 0.46138750258, 1.5099674689, 1.3102945404, 2.269078987, 1.9574949801, 0.44319555914, 0.55454322588, 1.1806918831, 0.59118151464, 1.2678086406, 2.6990548754, 0.40292005262, 0.31390455419, 1.7037882476, 0.16813703373, 0.19842629091, 0.30509084828, 0.047553924974, 0, 0.16902211817, 1.541482604, 1.0005658007, 1.4914225493, 1.102531476, 0.66242292087, 0.91449279615, 0.67807846533, 1.7663179887, 1.1668708036, 1.8539933085, 0.43618468553, 0.87679948647, 2.4738234943, 0.95815565068, 0.38263614996, 1.2384712811, 0.15794442644, 0.2216234143, 1.1363768647, 2.0069884601, 0.55305809318, 0.42109307614, 0.18811075581, 0.25142330506, 0.044126335402, 0.092996521715, 0.067781382656, 0.25309076626, 2.1465227385, 0.45397813282, 1.8335057949, 0.90397735436, 3.8591517993, 0.16442508403],
      [0, 4.7565933041, 5.1193767404, 1.44973059, 1.50428073, 6.156686257, 1.5536707977, 1.1745532003, 3.1056541635, 2.0596988744, 4.1483652784, 4.5331929088, 0.74653132158, 0.93349976648, 3.5289918294, 0.89598489459, 6.3008766344, 10.6433528024, 0.67119895975, 1.1760721321, 4.3691628953, 0.88028794004, 0.40049522382, 1.0749358636, 0.2281694069, 0, 0.1808173256, 4.0835065033, 3.6784566509, 5.2106546015, 3.5318582317, 2.7598570057, 1.8777634699, 3.4593121396, 4.2536360716, 2.8657008478, 5.0041379246, 1.2043502673, 2.4671119184, 6.9050167564, 1.8059934295, 1.8717811817, 3.310554032, 0.58966828611, 1.2261153294, 3.2005806927, 3.6518506444, 1.5119025468, 1.164579321, 1.3211535858, 0.58062726268, 0.085242070194, 0.38312416217, 0.17855205885, 0.5598160735, 6.1587086698, 0.84411834362, 7.2579102112, 1.8903518684, 14.1320063718, 0.72566929644]
    ],
    [
      [0.070350456823, 1.0005077871, 2.7349034116, 1.0411161958, 0.98105872467, 1.310967567, 1.4200519817, 0.45484802694, 0.5037592854, 0, 0.52117662788, 0.4056795173, 0.10292192805, 0.2308846642, 0.50030886093, 0.062879922128, 1.0398702445, 2.0673457207, 0.46500752249, 1.1092220506, 4.054247366, 0.6713778488, 0.2631238872, 0.14108223469, 0.051252751847, 0.10639806349, 0.14877925266, 3.3009693698, 2.1700560309, 2.158593399, 1.3472285086, 1.366168573, 0.56503337658, 1.0101119807, 4.1138268256, 0.77979054899, 1.7707959726, 0.85950154652, 0.94332071985, 4.0203148153, 1.1952667539, 0.22772867283, 0.31954270539, 0.012099680121, 1.6830323791, 0.71313640294, 0.94329727887, 0.18240174772, 0, 0.023433406425, 0.26438850278, 0.94404601094, 0.24282483964, 0.13880290163, 0.44666183183, 1.3928619892, 0, 3.5741874421, 0.69701039699, 3.2918686559, 0.20239290468],
      [2.9208571415, 65.4884200039, 104.8814669157, 24.1835916623, 28.692202177, 85.0238699739, 15.5054133313, 18.1800072672, 38.2488726186, 27.6194445945, 51.4499761762, 45.7251779678, 7.3317374013, 18.2347710556, 28.85099923, 2.6458142266, 31.9389151959, 75.3689820526, 8.5619939485, 16.8282215318, 93.3572218795, 12.795450621, 5.9213512128, 6.7458095451, 1.1279716628, 4.5812454685, 10.442375399, 67.9884883007, 108.9273263811, 98.0651094021, 62.8636430763, 45.0810756823, 29.8873830769, 50.2915476273, 185.1187729714, 61.2132955398, 146.3682354265, 44.1755763701, 58.1125001762, 186.9110622198, 90.1916542788, 16.5487151087, 18.08470423, 1.0537041895, 28.4454382434, 40.908987293, 55.5382495479, 14.6656815338, 7.0278258901, 2.3627931515, 15.191042704, 5.9912718633, 3.5693992335, 4.1180932275, 12.7241289986, 62.37485503, 26.4794937612, 128.5568779814, 33.4312414657, 107.5781410284, 3.4179979749],
      [6.113830067, 38.8060385646, 44.3053005875, 12.5053763001, 23.4974874742, 35.3759224655, 18.0406287762, 8.8780728679, 24.5225555256, 11.2839673375, 29.6074817483, 19.2102428336, 7.6279137967, 13.8921138443, 16.2721433835, 1.843979761, 11.2544048445, 27.5073113901, 5.1205156111, 20.5273006697, 50.0918094435, 7.4898273868, 6.8464202017, 7.6260649235, 1.3329475377, 2.9719731768, 4.9740826447, 55.1471963718, 33.9118406921, 40.7973763219, 27.2496895743, 27.734687013, 7.8087207899, 13.3736179906, 89.2182485551, 28.7662135675, 56.7991981472, 15.2194530583, 35.1430466615, 83.6805866154, 41.4873007384, 11.7993297685, 7.6897095099, 0.64044521771, 25.5931590936, 11.4920151796, 26.0147301625, 16.2864132446, 11.6044998666, 0.81311268101, 14.6157227018, 6.0711425843, 1.8440812852, 3.1211589491, 15.2828185351, 19.1676366564, 17.7661157748, 62.2325776179, 13.2020207109, 42.5482042549, 2.0874872408],
      [1.3187871885, 26.7452425645, 31.609221668, 8.3393517459, 12.5498738119, 30.2146908868, 8.8388093935, 9.3269933735, 19.1283409, 20.0888644486, 29.4606038696, 24.4641098423, 3.4369192331, 10.9686839929, 16.858577855, 1.2748379153, 12.3569895857, 27.3376504739, 6.817203733, 9.3316449377, 32.8213564194, 2.7610073006, 3.3650926554, 2.6447508368, 0.34307523131, 1.1952578143, 12.1814465707, 24.6700384953, 32.1948858386, 30.2669142288, 15.1235888934, 17.300380752, 13.1925767286, 13.3160176513, 58.0438942073, 22.2331049591, 48.9134934662, 10.213311791, 26.8692816309, 61.6226011243, 30.3215341764, 6.6194075292, 6.3552541159, 0.22051857455, 8.7960367826, 13.4307735087, 27.0085566848, 8.7021536033, 6.6603324343, 0.49076313446, 9.8542845279, 3.3900919647, 0.97881654614, 1.3134249803, 7.9558026116, 23.0336909425, 10.1184386739, 52.8603770546, 13.1603129361, 31.1527834361, 0.92545257219],
      [0.57617514615, 4.9597910799, 11.4691074172, 1.9305640958, 3.2793778122, 8.0745491068, 3.1950965173, 2.1600784645, 3.5964716704, 3.0077236194, 4.960761578, 5.194789839, 0.50050764078, 1.673546443, 4.5179706706, 0.17248817489, 5.4098201294, 9.7187103628, 1.0352791849, 3.2036108102, 7.6753648916, 1.2823368427, 0.60401204288, 0.8422924598, 0.14475281639, 1.145125477, 1.253316133, 5.8933074624, 10.7958910572, 9.7120066482, 4.4158499473, 6.5176879798, 2.5462860281, 6.0087047501, 12.5052574406, 5.0075953846, 12.1482769876, 2.532157234, 6.9318508115, 15.7654352252, 4.8042440525, 2.8048189209, 1.5507894388, 0.073232338112, 4.4823335013, 3.4550876157, 4.495166326, 2.1633498705, 1.7073418089, 0.30989762658, 2.0745615636, 0.60344757685, 0.36487809545, 0.30851994149, 1.5905880229, 6.0309553819, 1.6359517901, 18.7759799039, 2.5094144903, 10.4290026248, 0.36666930743]
    ],
    [
      [0.76118121146, 14.9625463097, 29.2447038103, 8.3529960769, 7.5747974308, 14.6666294241, 21.3629953568, 6.976854666, 7.2036806941, 0.59731375771, 7.5976543038, 7.75090854, 0.7309016461, 2.4173387663, 5.018843914, 2.5756027134, 17.5786901948, 32.0662090004, 5.5807271356, 8.3595576703, 59.9676913834, 10.0354192869, 3.3684868103, 2.9380256838, 1.9024091355, 1.7099254039, 1.8796759226, 47.036675985, 19.1534682077, 18.5970077263, 16.3904713376, 11.850595332, 4.58455798, 9.3866546541, 39.5465122423, 8.2212719369, 19.8613954192, 8.7876002314, 7.8714393065, 33.0477421853, 14.1118063033, 1.2973823682, 5.6678865369, 0.40217299768, 11.1812753511, 11.4578750633, 15.7228663415, 2.5036380391, 0, 1.019944977, 1.3005664681, 5.876663481, 6.637786466, 1.2498287781, 2.5860821567, 22.4490349471, 1.2226709905, 34.5865531539, 8.2526629632, 42.1896241511, 10.8944642447],
