{
  "Z_true": {},
  "V_true": [
    [33, 22, 79, 822, 692],
    [32, 1460, 1577, 539, 97],
    [148, 514, 6460, 694, 158],
    [105, 203, 216, 16264, 343],
    [935, 83, 606, 651, 140],
    [43, 148, 256, 423, 354]
  ],
  "p_true": [
    [0.02, 0.0133, 0.0479, 0.4988, 0.4199],
    [0.0086, 0.3941, 0.4256, 0.1455, 0.0262],
    [0.0186, 0.0645, 0.8101, 0.087, 0.0198],
    [0.0061, 0.0118, 0.0126, 0.9494, 0.02],
    [0.3872, 0.0344, 0.2509, 0.2696, 0.058],
    [0.0351, 0.1209, 0.2092, 0.3456, 0.2892]
  ],
  "Z_est": [
    [
      [0, 0, 0.0888, 0.0775, 0.0413, 0.0375, 0.0156, 0.0574, 0.052, 0.02, 0.0581, 0.0506, 0.0495, 0.0278, 0.0936, 0.004, 0.002, 0.0473, 0.0263, 0.0427, 0, 0.0546, 0.088, 0, 0.1267, 0.0881, 0.0322, 0.026, 0.0322, 0.0047, 0.0311, 2.157e-31, 0, 0, 0.8851, 0.0848, 0.1605, 0.0212],
      [0, 0, 0.0221, 0, 0.0035, 0.0051, 0.0001, 0.0459, 0.0258, 0.0095, 0.0132, 0.0069, 0.0024, 0.0007, 0.0046, 0, 0.0041, 0.0312, 0.0134, 0.0021, 0, 0.0025, 0, 0, 0, 0.0021, 0.0029, 0, 0.0222, 0, 0.01, 0, 0, 0, 0, 0.0433, 0.106, 0.0235],
      [0.0029, 0, 2.0962, 2.0368, 0.4669, 1.0266, 0.4508, 0.6953, 0.6272, 0.3119, 0.5575, 0.9339, 0.8622, 0.5439, 1.8328, 0.05, 0.1133, 1.0418, 0.655, 0.8108, 0, 1.5319, 1.4282, 0.0173, 1.9477, 2.2198, 0.7194, 1.3684, 1.1058, 0.4313, 0.3996, 0.04, 0, 0.0106, 13.9661, 1.2104, 2.0766, 0.5632],
      [3.0581, 0.8409, 47.4582, 59.7583, 11.3827, 24.5005, 10.9277, 16.2841, 14.0464, 6.9794, 12.0323, 20.4793, 15.985, 14.748, 47.8746, 0.6431, 2.5842, 22.3566, 16.6075, 24.1998, 0, 41.3189, 34.0452, 2.1093, 61.7687, 59.6629, 18.1869, 38.9495, 30.7242, 9.2192, 7.3384, 1.2097, 0, 0.9065, 342.7391, 30.3713, 55.2007, 14.631],
      [0.939, 1.1591, 19.3348, 23.1274, 6.1056, 10.4303, 2.6059, 5.9172, 7.2486, 3.6791, 7.339, 5.5293, 7.1009, 6.6796, 18.1944, 1.3029, 1.2964, 9.523, 6.6979, 7.9447, 0, 16.092, 13.4385, 0.8734, 28.1569, 23.027, 6.0586, 20.6561, 15.1156, 6.3448, 3.2209, 0.7502, 0, 1.083, 139.4098, 15.2902, 32.4562, 5.761]
    ],
    [
      [0.0001, 0, 0.0786, 0.0345, 0.1837, 0.0226, 0, 0.0466, 0.0396, 0.0463, 0.11, 0.0512, 0.0941, 0.0328, 0.0456, 0.0347, 0, 0.0997, 0, 0, 0, 0.0036, 0.343, 0, 0.0588, 0.0433, 0.0239, 0.0104, 0, 0, 0.0597, 0, 0, 0, 1.3367, 0.1679, 0.3187, 0],
      [0.6353, 0, 55.3949, 42.3659, 30.7236, 36.6039, 35.5043, 17.314, 13.1113, 17.2355, 19.021, 20.9522, 20.8483, 30.7885, 26.9947, 3.0222, 21.722, 68.2721, 41.9024, 66.322, 3.1974, 68.9085, 77.023, 4.6558, 27.7429, 33.1217, 22.688, 16.3372, 52.0638, 13.1746, 11.2008, 0.8398, 0, 0, 448.5278, 69.5006, 146.6841, 71.4994],
      [1.5886, 1.1201, 61.1622, 40.1194, 29.3304, 40.3392, 44.359, 11.894, 10.2803, 14.3112, 16.7078, 23.9957, 26.7932, 30.4726, 28.5206, 3.969, 18.3925, 66.709, 39.0263, 59.0502, 1.5594, 69.1689, 88.9597, 2.158, 29.9241, 36.9591, 23.4871, 18.3034, 46.3143, 15.6986, 12.4541, 5.3153, 0, 0, 502.7479, 56.2875, 101.9433, 59.455],
      [0.6854, 0.6975, 10.8336, 8.8464, 5.3551, 7.5265, 8.6055, 2.112, 1.7995, 2.3432, 2.7183, 4.1096, 3.7846, 6.4713, 5.736, 0.2148, 2.6441, 10.0821, 7.6702, 14.2848, 0.0956, 14.6356, 16.4903, 4.7636, 6.8457, 7.5917, 4.6221, 3.7857, 9.9105, 2.6071, 1.6399, 1.3583, 0, 0, 96.413, 10.6127, 20.1468, 11.4477],
      [0.0907, 0.1824, 3.5308, 2.6338, 2.4072, 2.5077, 1.5311, 0.6334, 0.7693, 1.0637, 1.4429, 0.8914, 1.4798, 2.2348, 1.7031, 0.7593, 1.2414, 3.8371, 2.4011, 3.343, 0.1476, 4.2834, 5.184, 0.4225, 2.4284, 2.2842, 1.1788, 1.5633, 3.7113, 1.5197, 0.6455, 0.4866, 0, 0, 30.9746, 4.4312, 9.9072, 3.5979]
    ],
    [
      [0.6487, 0, 15.0506, 8.0673, 11.0026, 6.2352, 7.9992, 12.747, 10.2936, 7.3888, 13.4223, 17.3659, 10.112, 6.1412, 8.4467, 1.1735, 0.6552, 12.8424, 9.3488, 18.2335, 0.2535, 10.8147, 24.8532, 0.1676, 10.2422, 11.7725, 3.8476, 3.468, 10.5574, 2.0625, 2.7011, 0, 2.0817e-17, 3.0045e-32, 163.5116, 19.2535, 44.5193, 3.4788],
      [0, 0, 13.9856, 8.1981, 6.6206, 6.1176, 6.6275, 12.5486, 8.623, 6.8152, 8.2132, 12.2238, 6.2272, 4.3448, 5.8156, 0, 2.1821, 13.3215, 10.7212, 15.4726, 0.8335, 11.4267, 12.0041, 0.349, 2.255, 9.7502, 3.3075, 4.8714, 14.3348, 2.2273, 1.5461, 0, 0.0829, 0.392, 85.6238, 16.415, 41.0136, 5.3189],
      [5.9404, 0.8799, 239.2231, 154.8047, 102.0134, 112.0513, 165.0924, 120.4903, 101.6052, 83.8533, 111.3259, 226.9147, 134.4015, 86.9437, 123.0497, 14.0886, 26.5185, 190.3008, 149.0563, 232.7818, 5.3258, 202.2059, 267.0596, 4.711, 113.4957, 224.7563, 61.2189, 111.9645, 188.9081, 47.6916, 26.9119, 15.338, 0.8769, 3.1621, 1793.0731, 200.04, 418.6366, 62.6733],
      [2.0397, 0.0455, 18.9347, 29.2869, 7.9637, 9.6577, 15.6594, 6.9535, 5.8773, 4.715, 5.3689, 14.3249, 4.9881, 11.1424, 11.4604, 0, 1.8379, 11.5473, 13.6963, 36.0659, 0.0916, 24.9138, 22.5295, 1.2752, 27.129, 31.5987, 5.5816, 18.7259, 20.9668, 3.4099, 1.445, 4.0958, 0.0402, 1.567, 159.3324, 16.5135, 36.0296, 5.6727],
      [0.3713, 0.0746, 13.806, 10.6431, 8.3998, 6.9382, 5.6215, 6.2605, 7.601, 6.2276, 9.6696, 8.1708, 7.2712, 6.4279, 7.2276, 2.7378, 1.8063, 10.9879, 9.1774, 13.4463, 0.4957, 12.6389, 15.5536, 0.4972, 9.8781, 14.1222, 3.0444, 9.9703, 15.2329, 4.6087, 1.3958, 1.5662, 0, 0.8789, 110.459, 15.7779, 40.8009, 3.8563]
    ],
    [
      [0, 0, 0, 0, 0.6962, 0, 0, 0.2414, 0.3615, 0.2886, 1.421, 0.2722, 0.263, 0, 0, 0.1183, 0, 0.0268, 0, 0, 0, 0, 0, 0, 0, 0, 0, 0, 0, 0, 0.7556, 0, 0, 0, 0, 0.5577, 1.2071, 0],
      [0, 0, 0.548, 0, 0, 0, 0, 0.919, 0.6069, 1.0342, 0.7378, 0.0856, 0, 0, 0, 0.4743, 1.4989, 3.2209, 0.2996, 0, 0.9503, 0, 0, 0, 0, 0, 0, 0, 0, 0, 0.9681, 0, 0.0067, 0, 0, 3.1801, 11.7276, 1.4736],
      [0, 0, 12.5515, 0, 2.1301, 2.8248, 0.1562, 1.6736, 2.2107, 3.279, 4.9187, 5.8516, 4.1398, 0, 0.3219, 0.6142, 1.9129, 10.4659, 1.3258, 0, 0.9619, 0, 5.2042, 0, 0, 0, 0.8903, 0, 0, 0.9528, 5.9325, 0, 0.0726, 0, 44.8256, 5.3898, 8.3285, 1.4519],
      [13.775, 6.4161, 688.8318, 901.3766, 156.4759, 314.611, 261.1053, 105.7579, 111.981, 126.8961, 168.7002, 249.5889, 121.1225, 358.6018, 786.9551, 10.2953, 84.862, 364.1283, 194.4028, 382.2429, 15.2107, 613.0974, 431.7522, 30.3276, 876.9438, 1195.2817, 263.79, 523.5399, 335.2498, 68.7121, 114.0271, 37.6916, 20.9208, 16.7408, 4911.2904, 442.8967, 1006.9056, 199.1782],
      [0.225, 0.5839, 18.0688, 21.6234, 5.6979, 8.5642, 3.7384, 2.4081, 3.8399, 4.5021, 7.2222, 4.2017, 3.4746, 10.3982, 18.7229, 1.4979, 2.7262, 10.1581, 4.9718, 7.7571, 0.8771, 14.9026, 11.0435, 0.6724, 26.0562, 28.7183, 5.3198, 18.4601, 10.7502, 3.335, 3.3167, 1.3084, 0, 1.2592, 129.8839, 14.9757, 40.8312, 4.8962]
    ],
    [
      [1.3145, 0, 32.3904, 22.4611, 16.6604, 12.4812, 11.6809, 20.6774, 14.1266, 12.1283, 15.8011, 26.075, 13.31, 13.592, 27.1489, 1.6431, 0.3145, 19.519, 8.2829, 15.1433, 0.7313, 18.6561, 29.7491, 0.7994, 26.0975, 28.6371, 6.9966, 9.3913, 21.0649, 2.8665, 3.2788, 0, 0, 0, 258.2666, 27.438, 58.2991, 3.313],
      [0, 0, 0.492, 0.3508, 0.1705, 0.1887, 0.1495, 0.4996, 0.2447, 0.2368, 0.1927, 0.3118, 0.1389, 0.1675, 0.3301, 0.0071, 0.0132, 0.3944, 0.1493, 0.2031, 0.027, 0.3007, 0.2497, 0.0027, 0.2314, 0.3998, 0.096, 0.1893, 0.4159, 0.0469, 0.0328, 0.0014, 0, 0.0167, 2.5352, 0.4517, 1.0818, 0.0698],
      [0.785, 0, 44.4334, 29.7597, 14.1027, 18.0793, 19.0041, 17.7258, 12.6576, 12.2494, 12.1948, 30.3329, 16.0714, 15.4754, 31.139, 1.6455, 0.9064, 25.3681, 10.9928, 16.3553, 0.6685, 26.895, 30.0294, 0.4601, 24.2504, 39.9851, 8.7182, 19.2755, 29.0859, 5.2423, 2.7637, 1.4879, 0, 0.7024, 267.1615, 25.3778, 48.9766, 4.5655],
      [0.7151, 0, 25.7762, 20.8761, 8.6539, 10.902, 11.5951, 10.4431, 7.3349, 6.8876, 6.7915, 16.9355, 8.0356, 10.3862, 20.1984, 0.5435, 0.5239, 14.0226, 6.95, 11.7204, 0.3167, 17.7059, 18.2078, 0.5415, 17.8225, 26.4325, 5.4849, 12.794, 19.4922, 2.945, 1.3633, 0.9752, 0, 0.6406, 165.6196, 16.0702, 32.4964, 2.9609],
      [0.1854, 0, 9.908, 7.5523, 4.4125, 4.3489, 2.5703, 3.6542, 3.6362, 3.4978, 4.0198, 4.3449, 3.4441, 4.3789, 7.1836, 1.1609, 0.242, 5.696, 2.625, 3.5778, 0.2565, 6.4424, 6.7641, 0.1963, 7.5983, 9.5455, 1.7042, 6.3498, 8.9411, 1.8993, 0.5615, 0.5355, 0, 0.6404, 63.4171, 7.6623, 18.1462, 1.0907]
    ],
    [
      [0.0366, 0, 0.3917, 0.3597, 0.4159, 0.2235, 0.3044, 0.2302, 0.1267, 0.1279, 0.1874, 0.185, 0.1714, 0.2061, 0.2652, 0.0264, 0.0283, 0.4647, 0.3419, 0.5805, 0.0152, 0.471, 0.9667, 0.033, 0.4748, 0.4589, 0.0997, 0.1043, 0.3455, 0.0663, 0.1738, 0, 0, 0, 5, 0.498, 1.4952, 0.1869],
      [0.3647, 0, 11.5575, 12.0853, 8.4818, 7.0847, 9.7185, 6.6729, 3.3883, 3.6686, 3.8221, 4.4198, 3.7832, 5.6985, 6.8549, 0.4964, 2.5797, 14.7599, 11.9141, 17.0002, 0.9918, 16.3617, 19.7232, 0.9925, 9.7707, 13.7262, 2.9057, 4.6021, 13.1632, 2.5513, 3.2422, 0.1588, 0.9105, 0.5913, 108.3131, 13.4092, 42.387, 7.6148],
      [0.6831, 0, 12.5336, 11.2793, 7.9565, 7.6787, 11.9374, 4.5209, 2.6191, 2.9952, 3.2952, 4.9713, 4.7319, 5.5645, 7.1359, 0.6327, 2.1564, 14.1144, 10.9439, 15.002, 0.4844, 16.1983, 22.3189, 0.6536, 10.3821, 15.0796, 2.966, 5.0882, 11.5858, 2.9833, 3.5382, 0.8187, 0.0505, 0.1249, 119.2257, 10.6945, 29.0385, 6.291],
      [0.7267, 0, 9.1655, 9.8557, 6.1688, 5.8024, 9.1069, 3.4494, 1.9609, 2.1787, 2.3888, 3.5619, 3.0842, 4.6503, 5.7755, 0.3034, 1.5478, 9.8631, 8.6733, 13.4862, 0.2855, 13.3283, 16.975, 0.9828, 9.4903, 12.4325, 2.3344, 4.2049, 9.6566, 2.1066, 2.1863, 0.6693, 0.0391, 0.1451, 92.6055, 8.5356, 24.221, 5.1094],
      [0.1888, 0, 3.3516, 3.42, 2.9771, 2.2108, 1.9328, 1.1266, 0.9051, 1.0297, 1.3064, 0.8621, 1.2293, 1.8806, 1.9684, 0.5412, 0.6878, 3.798, 3.1268, 3.9311, 0.2231, 4.6407, 6.0162, 0.3381, 3.8821, 4.3027, 0.6942, 2.0005, 4.2488, 1.2925, 0.8596, 0.3532, 0, 0.1386, 33.8556, 3.8626, 12.8584, 1.7979]
    ]
  ],
  "V_est": [
    [2.4272, 0.4031, 44.1523, 1121.1283, 479.8891],
    [3.2863, 1635.8995, 1638.877, 319.4868, 107.4503],
    [488.6781, 359.81, 6129.3852, 592.4836, 403.6431],
    [6.2096, 27.7316, 128.3869, 16511.683, 456.9889],
    [780.336, 10.3894, 864.9245, 541.1607, 218.1894],
    [15.0627, 395.7664, 388.2742, 307.0575, 117.8392]
  ],
  "p_est": [
    [0.0015, 0.0002, 0.0268, 0.6803, 0.2912],
    [0.0009, 0.4415, 0.4423, 0.0862, 0.029],
    [0.0613, 0.0451, 0.7687, 0.0743, 0.0506],
    [0.0004, 0.0016, 0.0075, 0.9638, 0.0267],
    [0.3231, 0.0043, 0.3581, 0.2241, 0.0903],
    [0.0123, 0.3233, 0.3172, 0.2509, 0.0963]
  ],
  "EI_Z": {},
  "EI_V": 6.4888,
  "MAE_Z": {},
  "MAE_V": 147.5002,
  "MAE_p": 0.0529,
  "runtime": 0.003
}
