{
  "Z_true": {},
  "V_true": [
    [646, 30, 56, 206, 2441, 80],
    [29, 737, 46, 886, 216, 72],
    [137, 379, 305, 8810, 1190, 490],
    [265, 76, 133, 255, 9301, 165],
    [153, 74, 214, 528, 1079, 335],
    [54, 26, 942, 506, 1161, 139],
    [43, 96, 64, 710, 385, 679]
  ],
  "p_true": [
    [0.1868, 0.0087, 0.0162, 0.0596, 0.7057, 0.0231],
    [0.0146, 0.3711, 0.0232, 0.4461, 0.1088, 0.0363],
    [0.0121, 0.0335, 0.027, 0.7789, 0.1052, 0.0433],
    [0.026, 0.0075, 0.013, 0.025, 0.9123, 0.0162],
    [0.0642, 0.0311, 0.0898, 0.2216, 0.4528, 0.1406],
    [0.0191, 0.0092, 0.3331, 0.1789, 0.4105, 0.0492],
    [0.0218, 0.0486, 0.0324, 0.3591, 0.1947, 0.3434]
  ],
  "Z_est": [
    [
      [17.603, 18.9744, 5.5954, 54.5633, 9.8105, 8.9472, 9.9741, 4.252, 8.1081, 4.1267, 5.7954, 16.1252, 8.1835, 16.7915, 13.3191, 9.8001, 23.2539, 9.6685, 0.4508, 1.5545, 3.1647, 18.1773, 28.5391, 8.0618, 17.0291, 38.6106, 24.5497, 4.3069, 21.0561, 19.017, 30.14, 16.329, 26.9741, 15.0599, 3.7222, 1.4296, 6.4509, 15.7083, 9.2951, 4.1573, 4.2329, 8.2897, 2.673, 6.1996, 1.9134, 7.4102, 0, 1.4307, 48.666, 3.5586, 61.0234, 12.3137],
      [0.5898, 0.8224, 0.4101, 1.1687, 0.3201, 0.4737, 0.5907, 0.1426, 0.4111, 0.1114, 0, 0.4493, 0.4628, 0.9757, 0.4349, 0.6038, 0.7254, 0.3355, 0.1463, 0.0392, 0, 0.988, 2.2541, 0.848, 0.5122, 0.2301, 0, 0.2693, 0.7167, 0.6289, 0.9124, 0.6135, 0.9702, 0.5122, 0.1085, 0.2795, 0.2211, 0.6863, 0.554, 0.4239, 0.1134, 0.2943, 0, 0.4773, 0, 0.4084, 0, 0.088, 2.7737, 0.1729, 3.9407, 0.5061],
      [0.0255, 0, 0.0533, 0, 0.0176, 0.0754, 0.0121, 0.0314, 0.0467, 0.0214, 0.0576, 0.033, 0.0793, 0.0443, 0.0435, 0.0591, 0.1936, 0, 0, 0, 0, 0.1558, 0, 0.7644, 0, 0.092, 0, 0.0058, 0.1342, 0.0677, 0, 0.013, 0.0696, 0.0771, 0.0841, 0.0154, 0.0557, 0.2045, 0.0304, 0.1258, 0.1127, 0, 0.0186, 0.0716, 0.0117, 0.0591, 0, 0.0051, 0, 0.0387, 0.1986, 0],
      [0, 0, 0, 0, 0.0255, 0.0799, 0.1979, 0.0573, 0.177, 0.1168, 0.1197, 0, 0.1611, 0.4226, 0.4323, 0.1009, 0, 0, 0, 0.1675, 0.2261, 0, 0, 0, 0.7543, 0, 0, 0, 0.4909, 0.0929, 0, 0, 0.4785, 0, 0.0954, 0, 0, 0.3014, 0, 0, 0.3151, 0.1377, 0.1072, 0.1525, 0, 0.1129, 0, 0.0114, 0, 0.017, 0, 0],
      [59.7816, 103.2032, 32.9412, 131.2681, 52.739, 42.4071, 32.2251, 25.5144, 26.2572, 15.6219, 17.0273, 58.3925, 33.1134, 66.7659, 36.6501, 31.4328, 68.8271, 49.9961, 2.3906, 3.2367, 3.6092, 84.6789, 104.2067, 51.3258, 68.7043, 184.0673, 117.4503, 11.4181, 74.3336, 49.1382, 86.9476, 62.0115, 116.5075, 51.3017, 19.9668, 8.2754, 18.2723, 68.0995, 38.1205, 12.2729, 10.2259, 34.2319, 3.1933, 35.0953, 8.0749, 26.9337, 0, 6.4565, 219.5603, 23.1755, 174.5471, 41.1802],
      [0, 0, 0, 0, 0.0874, 0.0167, 0, 0.0022, 0, 0.0017, 0, 0, 0, 0, 0.1201, 0.0032, 0, 0, 0.0122, 0.0021, 0, 0, 0, 0, 0, 0, 0, 0, 0.2685, 0.0553, 0, 0.0331, 0, 0.049, 0.0231, 0, 0, 0, 0, 0.0201, 0, 0.0465, 0.0078, 0.0037, 0, 0.0757, 0, 0.0084, 0, 0.0374, 0.2901, 0]
    ],
    [
      [4.1963, 6.2301, 0.6709, 8.3387, 3.0338, 1.7529, 2.0843, 2.6694, 1.7119, 5.159, 3.3534, 4.4244, 4.762, 7.0853, 3.7678, 2.5388, 5.9739, 2.1085, 0.2271, 0.0757, 1.8292, 3.5973, 2.3403, 1.2568, 4.5263, 10.1357, 5.0446, 0.4063, 16.0571, 4.3005, 7.7218, 4.7168, 9.278, 5.8024, 2.0655, 0.1835, 3.0509, 8.2316, 3.2955, 1.0442, 1.7119, 3.7877, 1.4626, 1.4111, 1.0976, 1.4178, 0, 0.2341, 9.1552, 1.0826, 28.3821, 7.6708],
      [17.1857, 36.737, 5.5649, 22.039, 15.5719, 11.2624, 13.9202, 11.8526, 10.2127, 17.5873, 4.982, 17.5623, 31.0466, 45.3025, 14.6593, 16.3996, 21.9173, 10.2803, 6.0335, 0.7511, 2.8776, 22.3411, 14.4772, 12.4556, 20.5337, 49.2582, 21.3264, 2.7793, 71.7995, 16.1688, 26.5841, 21.5508, 48.3358, 24.9452, 12.0257, 3.0062, 12.0454, 46.0694, 18.2105, 7.5501, 6.9227, 18.9043, 0.9846, 12.7427, 2, 9.0057, 0, 1.8069, 57.6908, 7.0223, 142.7745, 34.4771],
      [0.1963, 0.4271, 0.0585, 0.257, 0.2177, 0.1426, 0.0919, 0.2457, 0.1092, 1.3588, 0.4361, 0.2273, 0.4447, 0.4048, 0.1696, 0.1524, 0.3402, 0.1038, 0, 0.0012, 0, 0.2845, 0.1126, 0.2774, 0.2083, 0.6676, 0.2395, 0.0165, 1.0265, 0.1828, 0.2605, 0.2327, 0.5485, 0.3243, 0.2184, 0.0215, 0.1867, 0.7765, 0.1948, 0.1232, 0.2257, 0.1646, 0.0437, 0.1465, 0.1074, 0.0991, 0, 0.0112, 0.4964, 0.1219, 1.2855, 0.1962],
      [5.2977, 12.019, 1.1017, 7.7231, 5.9324, 3.2149, 3.0851, 6.2501, 2.6185, 9.0718, 4.1638, 5.9612, 8.6273, 12.4398, 4.7775, 3.4166, 6.2856, 3.8894, 0.3291, 0.1017, 1.5693, 5.7415, 1.9875, 2.0636, 8.1004, 17.2693, 7.6727, 0.3467, 24.7975, 4.4387, 7.2073, 5.6505, 15.9574, 7.2111, 4.7313, 0.3927, 3.0849, 14.7854, 3.8051, 1.0011, 2.6143, 6.1775, 0.853, 3.2671, 1.1834, 2.1518, 0, 0.429, 15.2872, 2.5816, 28.5321, 9.7899],
      [5.4976, 13.09, 1.4291, 7.7135, 6.3133, 3.2071, 2.5731, 6.1926, 2.1209, 6.9254, 3.6602, 6.1788, 7.2646, 10.6621, 3.9146, 3.1036, 6.762, 4.1685, 0.2298, 0.0608, 0.6543, 6.3243, 2.9053, 2.7582, 6.9599, 18.7894, 8.9454, 0.4087, 20.9993, 4.2783, 8.416, 6.8084, 15.4322, 7.6279, 4.2469, 0.3895, 3.3308, 13.6249, 5.0236, 1.1019, 1.4396, 6.0318, 0.5483, 3.0691, 1.4639, 1.9737, 0, 0.4104, 15.8184, 2.7295, 30.1484, 9.9321],
      [0.6263, 1.4968, 0.1749, 0.9288, 0.931, 0.42, 0.2454, 0.7896, 0.2269, 0.8977, 0.4046, 0.6459, 0.8549, 1.1054, 0.7111, 0.3891, 0.7209, 0.4495, 0.1806, 0.0095, 0.0696, 0.7113, 0.177, 0.1885, 0.6714, 1.8798, 0.7714, 0.0426, 4.3201, 0.6309, 0.8102, 1.0409, 1.4481, 1.089, 0.7121, 0.0065, 0.3013, 1.5122, 0.4706, 0.1796, 0.0858, 0.9342, 0.1079, 0.3635, 0.1477, 0.3519, 0, 0.1084, 1.552, 0.4621, 4.8774, 0.934]
    ],
    [
      [2.9887, 2.0281, 2.34, 8.8038, 0.8335, 1.062, 2.3563, 0.0291, 1.6119, 0, 0, 1.5348, 1.59, 2.5332, 1.0564, 1.7644, 5.7558, 1.6329, 0.0702, 0, 0.2096, 0.998, 12.3488, 2.8194, 1.3214, 1.9868, 6.2299, 1.8198, 1.891, 3.2599, 12.0819, 4.2468, 1.3248, 1.2347, 0, 0.205, 1.7518, 1.6515, 3.2368, 0.996, 0, 0.8815, 0.1133, 0.4673, 0.3472, 0.9886, 0, 0.9963, 4.6113, 0.4461, 10.4447, 1.5852],
      [2.2489, 1.5595, 2.3163, 3.3863, 0.1845, 1.8069, 6.0535, 0, 3.5686, 0, 0, 0.7959, 3.9606, 6.3525, 1.1181, 4.5455, 3.6595, 0.5687, 1.9776, 0, 0, 1.5917, 6.8716, 3.2455, 0.5524, 1.1863, 0.3006, 1.1767, 1.4629, 3.0262, 2.7706, 1.322, 1.2634, 1.055, 0, 0.5889, 1.4048, 1.7616, 1.2607, 1.673, 0.0957, 0.4972, 0, 1.474, 0, 2.4238, 0, 2.5043, 6.6392, 0.4297, 20.1089, 1.6194],
      [6.802, 8.7474, 3.7523, 9.3934, 3.7095, 6.2211, 5.326, 9.2529, 8.0461, 3.5461, 2.9397, 4.4575, 11.888, 9.3056, 3.1144, 6.012, 15.8712, 2.3978, 0, 0, 0, 4.8418, 3.1511, 6.8754, 1.6265, 8.7089, 1.8568, 1.2341, 10.4608, 7.0884, 5.3413, 3.8319, 5.4576, 3.8875, 6.0047, 0.551, 4.8313, 13.2831, 2.5096, 2.3388, 2.8922, 1.7533, 0.4554, 3.876, 1.3404, 5.43, 0, 3.0955, 10.986, 4.7871, 18.6144, 1.9657],
      [272.1673, 361.8011, 85.3495, 458.6838, 148.5704, 188.2013, 307.6479, 329.0438, 264.0964, 184.3463, 140.2842, 166.0861, 303.9864, 417.6692, 122.7472, 182.9553, 367.8291, 196.3824, 11.0682, 11.4141, 11.4904, 136.3241, 77.0237, 58.4272, 123.2005, 315.1254, 131.0376, 36.1722, 350.4076, 238.4816, 243.969, 127.8638, 218.0176, 121.2649, 168.7814, 14.6363, 106.1909, 337.8858, 67.7806, 31.1041, 45.0122, 104.2046, 12.4393, 117.6526, 36.3843, 154.5137, 0.9938, 183.142, 527.7153, 134.9408, 580.0905, 130.0001],
      [24.8687, 36.4426, 12.2452, 38.7577, 13.015, 13.4778, 11.0954, 23.8539, 6.477, 4.7124, 7.514, 15.0894, 10.575, 18.6358, 4.1451, 8.8172, 36.7751, 20.5166, 0.006, 0, 0, 12.6949, 12.4158, 6.8219, 7.5175, 30.7237, 15.5239, 4.1333, 14.1256, 15.1865, 28.9987, 14.0707, 16.6125, 10.1593, 6.8254, 1.0096, 10.2603, 19.8224, 8.3979, 1.8367, 0, 7.588, 0.094, 7.0634, 5.4736, 5.7982, 0.0062, 4.6588, 46.1219, 10.4942, 40.7358, 10.6719],
      [17.9243, 25.4213, 7.9968, 30.975, 13.687, 14.2309, 12.5209, 23.8202, 12.1999, 10.3951, 7.2621, 10.0363, 17, 20.5037, 10.8189, 11.9055, 23.1092, 12.5016, 1.878, 0.5859, 0.2999, 9.5495, 3.1889, 2.8105, 5.7818, 19.2689, 7.0512, 2.464, 35.6521, 19.9574, 14.8385, 13.6648, 11.3242, 10.3987, 15.3885, 0.0093, 5.561, 19.5955, 4.8143, 3.0515, 0, 9.0754, 0.8979, 7.4666, 2.4545, 15.8458, 0, 32.6031, 29.9264, 14.9021, 55.0057, 7.1576]
    ],
    [
      [4.1109, 3.6505, 0, 12.4744, 1.5914, 2.6811, 2.3404, 1.3837, 1.9113, 1.1006, 0.951, 3.3142, 2.1569, 3.5801, 3.0032, 2.5297, 5.0891, 1.4599, 0.1206, 0.1597, 0.4591, 2.8844, 0, 0, 2.4497, 6.1646, 0, 0.46, 5.013, 5.8979, 3.0751, 1.6204, 4.3135, 3.1992, 0.9097, 0.0805, 1.5852, 3.0848, 0.1011, 0.3816, 0.5905, 1.366, 0.4665, 1.4749, 0, 1.8375, 0, 2.0457, 8.4827, 1.1012, 14.1996, 2.3294],
      [1.2805, 0.7974, 0, 2.2585, 0, 1.5394, 1.7919, 0, 1.182, 0, 0, 0.443, 1.532, 2.7828, 1.133, 2.376, 1.5472, 0.3009, 1.6791, 0.0441, 0, 1.4083, 0, 0, 0.2086, 0.3464, 0, 1.1232, 1.0627, 2.2869, 2.514, 1.2121, 0.7779, 0.8991, 0, 0.4823, 0.5903, 1.1169, 1.1568, 1.2237, 0.1539, 0.2899, 0, 1.6307, 0, 1.4098, 0, 1.7077, 5.9583, 0.2059, 14.5169, 1.125],
      [0.0389, 0, 0.0872, 0, 0, 0.9803, 0, 0.2973, 0.3663, 0.2066, 0.0921, 0.1287, 0.8341, 0.1561, 0.2924, 0.5109, 1.2842, 0, 0, 0, 0, 0.5885, 0, 3.4359, 0, 0.3029, 0, 0.0137, 1.317, 0.6048, 0, 0, 0.2839, 0.4788, 0.3544, 0.0474, 0.4366, 1.6603, 0.1334, 0.5694, 0.469, 0, 0.1094, 0.8079, 0.0385, 0.5895, 0, 0.0393, 0, 0.59, 1.1261, 0],
      [2.1632, 2.571, 0, 4.0153, 2.2474, 3.9969, 3.832, 2.5565, 3.5048, 3.4599, 1.5208, 1.8148, 4.3746, 7.3553, 6.3185, 2.8337, 0.7759, 1.374, 0, 0.7181, 0.6497, 0.0876, 0, 0, 9.328, 1.9737, 0, 0, 11.1993, 4.0568, 0, 0, 7.0078, 1.2429, 2.0614, 0.0563, 0.2139, 5.902, 0, 0, 1.7564, 2.7486, 0.7959, 4.4185, 0, 2.9767, 0.0062, 3.8659, 6.0161, 1.6296, 0.2457, 1.4407],
      [234.5488, 374.5473, 115.496, 456.4851, 198.9414, 239.9969, 132.7015, 139.9066, 111.5945, 86.7045, 56.214, 199.8919, 158.3109, 254.2847, 148.8845, 137.9344, 242.6199, 176.4321, 11.799, 8.019, 8.8849, 191.3562, 252, 147.5641, 238.7818, 567.0353, 331, 51.4031, 347.6899, 247.7195, 390.4109, 240.2023, 344.1558, 179.6602, 79.8108, 15.3334, 72.1021, 254.1027, 99.5773, 33.5096, 26.3091, 128.2775, 12.4858, 168.6975, 32.9595, 123.153, 2.9938, 168.8908, 685.4251, 150.102, 595.831, 128.9117],
      [0.8578, 1.4337, 0.4168, 1.7668, 2.2197, 1.8054, 0.3343, 0.8559, 0.4411, 0.5284, 0.222, 0.4074, 0.7914, 0.8411, 2.3683, 0.8154, 0.6837, 0.4331, 0.4012, 0.0592, 0.0063, 0.675, 0, 0, 0.232, 0.1771, 0, 0, 6.7181, 2.434, 0, 1.9652, 0.4613, 1.5199, 0.8636, 0, 0.072, 1.1334, 0.0314, 0.3156, 0.7211, 1.3179, 0.1422, 0.9704, 0.002, 2.0334, 0, 6.4506, 1.1177, 2.3713, 6.0807, 0.1933]
    ],
    [
      [1.9317, 1.5041, 0.6863, 6.4429, 0.861, 1.2175, 1.1999, 0.9198, 1.403, 0.4816, 0.812, 0.9738, 1.1551, 1.9425, 0.9556, 1.6085, 3.3349, 1.0292, 0.0321, 0.0337, 0.1877, 0.785, 1.071, 0.4856, 1.138, 2.3524, 1.0171, 0.5461, 1.9638, 2.281, 2.3419, 0.9287, 1.0026, 0.7398, 0.6099, 0.0168, 1.0443, 1.202, 0.6532, 0.0968, 0.2465, 0.82, 0.1213, 0.8448, 0.1921, 1.3575, 0, 0.802, 3.7466, 0.4664, 4.1794, 0.5542],
      [0.2016, 0.1872, 0.1582, 0.415, 0.0636, 0.207, 0.2527, 0, 0.2504, 0.0267, 0, 0.0852, 0.227, 0.4049, 0.1032, 0.4162, 0.3246, 0.0892, 0.0496, 0.0036, 0.0021, 0.1362, 0.2081, 0.152, 0.0966, 0.186, 0.0764, 0.1243, 0.1926, 0.2567, 0.2208, 0.1107, 0.124, 0.0825, 0, 0.0075, 0.1212, 0.1615, 0.1209, 0.024, 0.0209, 0.0767, 0, 0.2318, 0, 0.2867, 0, 0.1756, 0.7071, 0.0599, 0.9086, 0.0734],
      [1.8024, 2.1282, 1.1706, 3.8298, 1.2744, 1.9562, 1.0922, 1.596, 1.7695, 0.626, 0.7391, 1.0081, 1.9925, 2.3233, 0.8558, 1.851, 3.5762, 1.0378, 0.0409, 0.0207, 0, 1.2032, 1.0368, 1.7731, 1.1392, 3.1389, 1.0256, 0.4344, 2.339, 1.8857, 1.6333, 0.9355, 1.2163, 0.801, 1.165, 0.0394, 1.1395, 1.9937, 0.7745, 0.1543, 0.5072, 0.8207, 0.0793, 1.7334, 0.2511, 1.876, 0, 0.7599, 4.1859, 1.0488, 3.7643, 0.3676],
      [21.998, 26.5575, 10.047, 52.4574, 15.5845, 20.4963, 16.1095, 18.7675, 19.7486, 8.0371, 9.8315, 11.9224, 18.9014, 30.7176, 10.9283, 19.5661, 31.3028, 17.3627, 0.6373, 0.4216, 1.3595, 11.475, 8.2691, 7.4356, 18.6324, 36.7096, 14.1374, 4.148, 27.1081, 21.1782, 19.6688, 10.2034, 15.5964, 8.4006, 12.0538, 0.3437, 9.5498, 19.5312, 7.0767, 0.9144, 3.3201, 12.2458, 0.7733, 18.2025, 2.3617, 19.079, 0, 13.5851, 56.7124, 10.3097, 38.9035, 6.4694],
      [39.3304, 49.4075, 22.8637, 90.655, 28.5654, 35.3154, 23.4847, 32.124, 27.6932, 11.2811, 14.982, 21.1418, 28.4505, 46.7445, 16.0677, 31.0607, 58.0808, 32.1509, 1.1315, 0.493, 1.3906, 21.4499, 19.9243, 16.7025, 27.9503, 67.9347, 27.7917, 8.4117, 42.3977, 35.3661, 38.6575, 20.5833, 26.0809, 15.1428, 18.9439, 0.585, 17.5207, 31.7517, 14.7952, 1.712, 3.8169, 20.7996, 0.9597, 29.6283, 5.0001, 30.2107, 0, 22.1983, 100.8023, 18.8516, 70.0914, 11.0976],
      [1.7359, 2.2154, 1.0742, 4.1999, 1.6511, 1.8076, 0.8609, 1.5927, 1.1353, 0.5476, 0.6354, 0.8687, 1.2736, 1.8671, 1.0895, 1.4975, 2.3805, 1.3302, 0.1085, 0.0274, 0.0602, 0.9507, 0.4907, 0.4511, 1.0436, 2.6784, 0.9519, 0.3355, 2.9987, 2.0323, 1.4776, 1.2384, 0.9798, 0.8332, 1.2274, 0.0075, 0.6244, 1.3599, 0.5796, 0.0985, 0.0884, 1.2373, 0.0664, 1.3592, 0.1951, 2.19, 0, 2.4791, 3.8458, 1.2636, 4.1529, 0.4377]
    ],
    [
      [2.587, 2.0395, 0.5784, 4.4063, 1.6128, 1.0556, 1.4913, 0.9435, 0.8569, 0.8915, 0.4248, 1.3379, 0.7503, 2.449, 1.6548, 1.3939, 2.6394, 0.9004, 0.0786, 0.1597, 0.0845, 0.3821, 1.4827, 0.2872, 1.2192, 2.0505, 0.9475, 0.2665, 2.3098, 2.5855, 2.808, 0.9897, 0.7643, 0.7163, 0.5826, 0.0548, 0.8195, 1.7424, 0.3329, 0.2183, 0.0968, 0.733, 0.1485, 0.5, 0.2212, 0.7275, 0, 0.3308, 2.6874, 0.2235, 4.9237, 0.3538],
      [0.4613, 0.4297, 0.2284, 0.5193, 0.0883, 0.3155, 0.545, 0, 0.2577, 0, 0.018, 0.1938, 0.2514, 0.8988, 0.3128, 0.5933, 0.4455, 0.1667, 0.255, 0.056, 0.0055, 0.1146, 0.5035, 0.1594, 0.1993, 0.338, 0.1462, 0.0906, 0.387, 0.5016, 0.453, 0.205, 0.1755, 0.1393, 0, 0.0653, 0.1614, 0.3756, 0.097, 0.1449, 0.0153, 0.1383, 0, 0.2301, 0, 0.2457, 0, 0.1197, 0.8547, 0.0601, 1.8806, 0.0789],
      [45.2908, 54.7955, 18.3403, 50.3595, 46.9229, 31.3864, 25.86, 29.0342, 20.0922, 21.846, 7.335, 26.0185, 23.8171, 55.4378, 27.9667, 29.4944, 50.8066, 17.9552, 1.9591, 1.8969, 0, 11.0204, 26.199, 18.6982, 23.691, 51.371, 18.3389, 4.2618, 51.3843, 39.405, 36.7392, 18.7857, 17.4439, 14.5494, 19.5135, 2.8121, 16.1588, 53.6157, 7.637, 6.5482, 3.8953, 14.3605, 2.2258, 18.9035, 5.6969, 18.3777, 0, 5.9794, 57.0855, 9.3951, 81.0006, 4.564],
      [22.2915, 27.6269, 6.2686, 27.4918, 23.1612, 13.6822, 15.5222, 14.0891, 9.294, 11.8787, 3.8978, 12.4694, 9.4734, 30.2434, 15.045, 13.0056, 18.6464, 11.6096, 0.9677, 1.5271, 0.4651, 4.2698, 8.049, 3.2555, 15.5176, 24.4723, 10.0288, 1.5524, 25.0926, 18.2591, 17.5371, 8.2042, 9.1125, 6.1972, 8.5042, 0.8589, 5.6138, 22.3087, 2.7581, 1.4645, 1.0318, 8.4221, 0.7761, 8.2657, 2.0398, 7.8349, 0, 4.2673, 31.1129, 3.7677, 34.1454, 3.1654],
      [32.2072, 41.6517, 11.9499, 37.9929, 34.3128, 18.729, 17.6478, 19.1303, 10.2392, 12.5381, 4.7239, 17.8359, 11.2115, 35.7076, 16.5244, 16.1802, 28.0635, 17.2462, 1.3168, 1.1488, 0.3904, 6.3751, 16.6001, 6.1173, 18.3299, 36.5104, 15.9222, 2.5228, 30.3552, 24.1286, 28.2994, 13.4452, 12.1485, 8.9468, 10.3922, 1.1725, 8.3606, 28.3472, 4.631, 2.2284, 0.8961, 11.3639, 0.6956, 10.6524, 3.6332, 9.7862, 0, 5.5783, 44.2265, 5.4899, 49.3642, 4.3284],
      [4.1621, 5.4567, 1.6345, 5.2303, 5.902, 2.8313, 1.9337, 2.8029, 1.26, 1.8457, 0.6006, 2.1444, 1.4963, 4.2634, 3.4965, 2.3325, 3.3986, 2.1219, 0.4229, 0.2115, 0.0544, 0.838, 1.1657, 0.4825, 2.0429, 4.258, 1.6164, 0.3059, 6.4711, 4.1201, 3.1632, 2.3702, 1.3553, 1.451, 2.0075, 0.0364, 0.8858, 3.6104, 0.5441, 0.3957, 0.0648, 1.9822, 0.154, 1.4483, 0.4089, 2.028, 0, 1.7245, 5.033, 1.0637, 8.6855, 0.5095]
    ],
    [
      [0.5824, 0.5732, 0.129, 0.9707, 0.2569, 0.2836, 0.5536, 0.8025, 0.397, 0.2406, 0.6635, 0.2897, 0.4022, 0.6184, 0.243, 0.3646, 0.9529, 0.2007, 0.0206, 0.0167, 0.0652, 0.1759, 0.2179, 0.0892, 0.3162, 0.6994, 0.2114, 0.1945, 0.7092, 0.658, 0.8312, 0.1687, 0.3428, 0.2476, 0.1101, 0.0297, 0.2975, 0.3794, 0.0854, 0.1058, 0.1214, 0.1222, 0.0146, 0.1021, 0.2285, 0.2609, 0, 0.1603, 0.6508, 0.1215, 1.847, 0.1929],
      [3.0321, 4.4667, 1.3222, 3.2132, 1.7716, 2.3951, 4.846, 1.0048, 3.1176, 1.2746, 0, 1.4705, 3.5196, 5.2828, 1.2387, 3.0655, 4.3804, 1.2587, 0.8588, 0.106, 0.1148, 1.4202, 1.6855, 1.1395, 1.8972, 4.455, 1.1505, 1.4367, 4.3786, 3.1309, 3.545, 0.986, 2.3531, 1.3668, 0.8658, 0.5702, 1.4558, 2.8287, 0.6001, 0.9604, 0.6782, 0.7993, 0.0154, 1.2135, 0, 2.2199, 0, 1.5979, 5.3763, 1.0492, 11.8697, 1.1201],
      [3.8441, 5.9018, 1.5378, 4.1604, 2.8579, 3.238, 3.6178, 3.5425, 3.57, 2.3951, 1.4004, 2.1268, 4.9443, 5.328, 1.5576, 2.9202, 6.9279, 1.5055, 0, 0.0812, 0, 1.9057, 1.5005, 2.1755, 2.335, 6.7187, 1.5391, 1.0337, 6.3381, 3.7655, 4.0257, 1.2012, 2.9802, 1.8819, 1.6599, 0.5131, 2.1913, 4.4662, 0.7204, 1.1403, 1.8979, 0.9009, 0.0678, 1.461, 0.5539, 2.5686, 0, 1.1097, 5.2462, 2.0185, 11.0105, 0.9064],
      [18.0824, 28.4245, 5.2332, 21.6286, 13.4787, 13.3284, 20.6054, 16.2357, 15.5606, 12.0894, 7.1822, 9.746, 18.4758, 27.1521, 7.7513, 12.1217, 24.1601, 9.3819, 0.9977, 0.6499, 1.2399, 7.102, 4.6707, 3.8182, 14.4668, 30.4498, 8.1235, 3.7808, 28.9039, 16.4928, 18.6177, 5.0781, 14.8298, 7.6833, 6.7726, 1.7121, 7.3467, 17.2855, 2.5795, 2.5159, 4.9501, 5.0638, 0.2552, 6.0411, 2.0309, 10.3309, 0, 7.6992, 27.1561, 7.7536, 44.083, 6.1346],
      [2.7656, 4.6577, 1.0748, 3.1277, 2.1131, 1.8667, 2.2724, 2.2782, 1.6181, 1.2165, 0.8785, 1.4696, 2.0742, 3.1993, 0.8138, 1.4711, 3.8716, 1.4896, 0.1263, 0.0417, 0.0706, 1.1207, 0.9478, 0.7102, 1.7564, 4.9393, 1.3665, 0.7023, 3.0987, 2.1829, 3.2699, 0.8786, 2.0626, 1.1612, 0.8139, 0.2346, 1.1532, 2.2516, 0.4545, 0.3386, 0.3124, 0.7074, 0.0232, 0.794, 0.3949, 1.1445, 0, 0.807, 4.0455, 1.1574, 6.2821, 0.8781],
      [29.6935, 48.976, 11.7029, 35.8993, 28.5217, 23.8882, 23.1048, 28.1364, 18.7367, 16.7838, 9.8752, 14.8973, 25.5839, 34.4194, 15.3956, 19.0568, 38.7071, 15.1636, 3.9965, 1.1045, 1.5096, 12.2755, 5.9777, 5.0674, 17.2284, 46.7379, 11.609, 6.852, 61.5715, 31.7699, 29.7105, 12.6874, 19.4314, 15.6592, 13.7777, 0.9403, 10.5556, 24.7885, 4.5601, 5.9389, 3.0399, 10.4064, 0.6237, 9.3882, 3.7918, 22.4753, 0, 26.6259, 38.5251, 18.8998, 94.9077, 8.7679]
    ]
  ],
  "V_est": [
    [716.3872, 29.7172, 3.2054, 5.3519, 2703.1739, 1.1644],
    [222.4624, 1079.5404, 14.1861, 316.9871, 313.6576, 39.1666],
    [118.4866, 112.4092, 269.8593, 9462.604, 682.8625, 664.7784],
    [129.1827, 64.0952, 19.2718, 125.1122, 9801.6499, 55.6882],
    [62.3197, 8.4109, 69.9136, 797.1491, 1379.5728, 65.6339],
    [59.8423, 13.9221, 1246.2725, 586.5419, 807.5961, 113.825],
    [18.3191, 109.9051, 137.2913, 607.2537, 84.4872, 1019.7435]
  ],
  "p_est": [
    [0.2071, 0.0086, 0.0009, 0.0015, 0.7815, 0.0003],
    [0.112, 0.5436, 0.0071, 0.1596, 0.1579, 0.0197],
    [0.0105, 0.0099, 0.0239, 0.8366, 0.0604, 0.0588],
    [0.0127, 0.0063, 0.0019, 0.0123, 0.9614, 0.0055],
    [0.0262, 0.0035, 0.0293, 0.3345, 0.5789, 0.0275],
    [0.0212, 0.0049, 0.4407, 0.2074, 0.2856, 0.0402],
    [0.0093, 0.0556, 0.0694, 0.3072, 0.0427, 0.5158]
  ],
  "EI_Z": {},
  "EI_V": 10.787,
  "MAE_Z": {},
  "MAE_V": 175.3606,
  "MAE_p": 0.0539,
  "runtime": 0.007
}
