{
  "Z_true": {},
  "V_true": [
    [646, 30, 56, 206, 2441, 80],
    [29, 737, 46, 886, 216, 72],
    [137, 379, 305, 8810, 1190, 490],
    [265, 76, 133, 255, 9301, 165],
    [153, 74, 214, 528, 1079, 335],
    [54, 26, 942, 506, 1161, 139],
    [43, 96, 64, 710, 385, 679]
  ],
  "p_true": [
    [0.1868, 0.0087, 0.0162, 0.0596, 0.7057, 0.0231],
    [0.0146, 0.3711, 0.0232, 0.4461, 0.1088, 0.0363],
    [0.0121, 0.0335, 0.027, 0.7789, 0.1052, 0.0433],
    [0.026, 0.0075, 0.013, 0.025, 0.9123, 0.0162],
    [0.0642, 0.0311, 0.0898, 0.2216, 0.4528, 0.1406],
    [0.0191, 0.0092, 0.3331, 0.1789, 0.4105, 0.0492],
    [0.0218, 0.0486, 0.0324, 0.3591, 0.1947, 0.3434]
  ],
  "Z_est": [
    [
      [15.9604, 17.341, 5.1249, 51.7232, 8.4174, 8.045, 9.2442, 3.9146, 7.6828, 3.7932, 5.6678, 14.9764, 7.8354, 15.3885, 12.049, 8.9594, 21.9794, 9.0123, 0.3906, 1.3784, 3.0805, 18.0738, 26.3755, 7.6914, 15.5247, 35.5724, 23.0534, 4.0984, 19.6512, 17.359, 28.1506, 15.3651, 25.8559, 14.4006, 3.4418, 1.3445, 6.0997, 14.4981, 9.2083, 3.9459, 4.1411, 7.7369, 2.5463, 5.6823, 1.7892, 6.8849, 0, 1.2968, 45.8789, 3.3141, 58.5529, 12.1426],
      [0.5784, 0.8247, 0.3962, 1.1276, 0.3015, 0.4621, 0.6046, 0.1445, 0.4219, 0.1106, 0, 0.4376, 0.4741, 0.9655, 0.4075, 0.5978, 0.7376, 0.327, 0.1475, 0.0363, 0, 1.0012, 2.1339, 0.8386, 0.4895, 1.102, 0.2662, 0.2816, 0.7118, 0.6198, 0.9068, 0.5937, 0.9798, 0.5134, 0.1547, 0.2914, 0.2252, 0.673, 0.5623, 0.4324, 0.1171, 0.2833, 0, 0.4555, 0, 0.4117, 0, 0.0909, 2.6958, 0.1747, 3.9783, 0.5154],
      [0, 0, 0.0151, 0, 0, 0.0513, 0.0076, 0.0259, 0.0417, 0.0193, 0.0611, 0, 0.0719, 0.0269, 0.0509, 0.0513, 0.1712, 0, 0, 0, 0, 0.1314, 0, 0.6487, 0, 0, 0, 0, 0.1304, 0.0615, 0, 0.0006, 0.0108, 0.0663, 0.0411, 0, 0.0476, 0.1864, 0.0183, 0.1298, 0.0893, 0, 0.0271, 0.0493, 0.0065, 0.0556, 0, 0.0041, 0, 0.0337, 0.2075, 0],
      [0.126, 0.2274, 0, 0.2589, 0, 0.2086, 0.3757, 0.1684, 0.3332, 0.199, 0.2373, 0.1289, 0.3541, 0.7229, 0.4222, 0.2195, 0.0718, 0.147, 0, 0.1518, 0.3125, 0.0499, 0, 0, 0.9551, 0.2506, 0, 0, 0.7902, 0.2135, 0, 0, 1.2945, 0.1268, 0.1748, 0.0339, 0.0344, 0.5885, 0, 0, 0.4553, 0.2281, 0.1132, 0.2718, 0, 0.2122, 0, 0.0369, 0.6861, 0.1053, 0, 0.3609],
      [61.3352, 104.6069, 33.4637, 133.8902, 54.2361, 43.2226, 32.768, 25.7373, 26.5205, 15.878, 17.0338, 59.457, 33.2645, 67.8962, 37.9774, 32.172, 70.04, 50.5137, 2.4506, 3.4335, 3.607, 84.7436, 106.4907, 51.8213, 70.0307, 186.075, 118.6804, 11.62, 75.4374, 50.6921, 88.9426, 62.9617, 116.859, 51.8178, 20.1538, 8.3302, 18.593, 69.054, 38.211, 12.4527, 10.1972, 34.7064, 3.3052, 35.5411, 8.2042, 27.3501, 0, 6.5608, 221.7391, 23.3176, 176.8655, 40.9811],
      [0, 0, 0, 0, 0.045, 0.0104, 0, 0.0092, 0, 0, 0, 0, 0, 0, 0.093, 0, 0, 0, 0.0114, 0, 0, 0, 0, 0, 0, 0, 0, 0, 0.2791, 0.0541, 0, 0.0788, 0, 0.0751, 0.0337, 0, 0, 0, 0, 0.0392, 0, 0.0453, 0.0081, 0, 0, 0.0854, 0, 0.0105, 0, 0.0547, 0.3957, 0]
    ],
    [
      [3.8084, 5.6542, 0.6122, 7.9054, 2.6747, 1.5849, 1.8999, 2.4076, 1.59, 4.4456, 3.0895, 4.1167, 4.4459, 6.5085, 3.478, 2.3204, 5.4833, 1.9607, 0.203, 0.0726, 1.8349, 3.4399, 2.2381, 1.1808, 4.2355, 9.4362, 4.7721, 0.3675, 14.8424, 3.9187, 7.1334, 4.4224, 8.8501, 5.4628, 1.9023, 0.1735, 2.8092, 7.6111, 3.1452, 0.9662, 1.6434, 3.5491, 1.4291, 1.3183, 1.0057, 1.2964, 0, 0.2057, 8.67, 0.9864, 26.4691, 7.3823],
      [17.0576, 36.3907, 5.4313, 21.769, 15.3308, 11.1676, 14.0846, 11.8283, 10.3399, 18.203, 4.9338, 17.3472, 31.2848, 45.3736, 14.6768, 16.4126, 21.8787, 10.0805, 6.0455, 0.75, 2.9254, 22.0469, 14.0613, 12.125, 20.5301, 48.695, 20.8073, 2.7982, 72.2336, 16.2014, 26.3153, 21.1332, 48.0064, 24.7732, 11.984, 2.9983, 12.0275, 45.7843, 17.89, 7.5481, 7.0703, 18.7366, 0.9924, 12.5697, 2, 9.0673, 0, 1.8312, 56.875, 6.9878, 142.7853, 34.3468],
      [0.275, 0.5797, 0.0786, 0.3696, 0.2866, 0.1943, 0.135, 0.3525, 0.1567, 1.4514, 0.7442, 0.3178, 0.6251, 0.5874, 0.2459, 0.2119, 0.4664, 0.1488, 0, 0.0026, 0, 0.3919, 0.1532, 0.3475, 0.2843, 0.873, 0.3271, 0.0214, 1.4278, 0.2564, 0.3623, 0.3279, 0.757, 0.4473, 0.3134, 0.026, 0.2502, 1.0666, 0.2729, 0.1577, 0.2782, 0.2424, 0.0662, 0.1991, 0.08, 0.135, 0, 0.0157, 0.6996, 0.1671, 1.8389, 0.317],
      [3.4672, 7.8314, 0.7091, 5.1491, 3.7394, 2.1181, 2.0791, 4.1675, 1.7773, 6.2593, 2.8639, 3.9015, 5.9297, 8.3749, 3.1398, 2.2739, 4.153, 2.5678, 0.1453, 0.0697, 1.2369, 3.8226, 1.242, 1.3131, 5.3904, 11.3351, 4.962, 0.2253, 16.8569, 2.9304, 4.6839, 3.6318, 10.8691, 4.7836, 3.1719, 0.2605, 2.0492, 9.8628, 2.4722, 0.6283, 1.9212, 4.0917, 0.5852, 2.1794, 0.7642, 1.4342, 0, 0.2857, 10.1353, 1.7097, 18.6526, 6.8852],
      [7.8319, 18.238, 2.015, 10.9429, 9.1957, 4.5658, 3.5754, 8.485, 2.9207, 9.8083, 4.9701, 8.7394, 9.9041, 15.1664, 5.8353, 4.4331, 9.3571, 5.8242, 0.448, 0.0965, 0.9669, 8.6433, 4.1564, 3.8717, 10.0217, 26.0915, 12.4751, 0.552, 29.7426, 6.1299, 11.8007, 9.5416, 21.2416, 10.5493, 5.9354, 0.5417, 4.59, 19.2704, 6.7747, 1.534, 2.0196, 8.5387, 0.8218, 4.4099, 2.0152, 2.7498, 0, 0.561, 22.2169, 3.727, 41.8022, 13.1678],
      [0.5599, 1.306, 0.1539, 0.8641, 0.7728, 0.3693, 0.2261, 0.759, 0.2153, 0.8324, 0.3985, 0.5775, 0.8105, 0.9892, 0.6243, 0.3482, 0.6616, 0.4179, 0.1583, 0.0085, 0.0359, 0.6555, 0.149, 0.1619, 0.5379, 1.5691, 0.6564, 0.0356, 3.8968, 0.5633, 0.7045, 0.9432, 1.2758, 0.9838, 0.6929, 0, 0.2739, 1.4048, 0.445, 0.1658, 0.0672, 0.8416, 0.1053, 0.3235, 0.1349, 0.3173, 0, 0.1006, 1.4031, 0.422, 4.4518, 0.9008]
    ],
    [
      [2.509, 1.7214, 2.395, 7.2663, 1.0192, 0.9113, 1.7071, 0.0993, 1.1625, 0, 0, 1.3421, 1.1799, 2.0126, 0.9308, 1.499, 4.7201, 1.2963, 0.0578, 0.0269, 0.1731, 0.8815, 13.234, 3.003, 1.2656, 1.7507, 3.6759, 0.9793, 1.5085, 2.7612, 7.4523, 3.2943, 1.1034, 1.0815, 0.0241, 0.0378, 1.4652, 1.421, 1.7427, 0.7082, 0, 0.58, 0.0809, 0.4092, 0.0449, 0.8262, 0, 0.7789, 3.5345, 0.3698, 8.5007, 1.215],
      [2.6547, 2.275, 2.154, 3.8304, 0.5084, 2.0978, 6.8053, 0, 4.1025, 0, 0, 1.0272, 4.5145, 6.9451, 1.1883, 4.8917, 4.4575, 0.8073, 2.3053, 0.0447, 0, 1.8802, 5.6902, 2.4808, 0.6799, 1.7495, 0.7508, 1.3565, 1.7979, 3.3562, 3.2341, 1.5446, 1.605, 1.2719, 0, 0.6672, 1.6644, 2.2296, 1.4401, 1.8211, 0, 0.6107, 0, 1.6226, 0, 2.6992, 0, 2.7257, 7.432, 0.6198, 21.6332, 1.8343],
      [3.3787, 3.946, 1.8093, 5.1719, 1.1753, 3.5349, 2.6405, 5.7062, 5.1541, 1.7638, 1.3737, 2.3528, 7.9314, 4.9598, 1.9684, 3.7021, 10.0974, 0.5921, 0, 0, 0, 2.8036, 0.6225, 3.6382, 0.3344, 4.2258, 0.049, 0.6105, 6.5891, 4.2843, 2.167, 2.1233, 2.8975, 2.2586, 4.3239, 0.2479, 3.0423, 8.8224, 1.3965, 1.6476, 1.7858, 0.9412, 0.3537, 2.2124, 0.7337, 3.501, 0, 1.9687, 5.4691, 2.9659, 11.0035, 1.0628],
      [268.6496, 358.6936, 84.8738, 455.1515, 145.7685, 186.9495, 306.6692, 329.2558, 265.2474, 184.6355, 141.7913, 164.1546, 306.8359, 414.4693, 121.4655, 181.9157, 368.0561, 194.1397, 11.0878, 11.2294, 11.6626, 136.4302, 75.3358, 59.4556, 121.7821, 313.1763, 131.7189, 36.9479, 352.9548, 237.0001, 244.3854, 128.0856, 217.6097, 121.5984, 168.8223, 14.4812, 106.428, 335.9269, 69.0178, 31.6107, 46.0405, 103.7208, 12.4665, 116.8081, 36.523, 155.2708, 0.9868, 184.7343, 522.1748, 136.0047, 583.3154, 130.6973],
      [39.5195, 54.9078, 17.9679, 59.8821, 23.6913, 23.1072, 21.1532, 34.5451, 13.3271, 10.3711, 10.1941, 23.3602, 17.9064, 35.6868, 10.8574, 17.0665, 51.595, 29.7054, 0.3717, 0.4099, 0.1466, 18.155, 18.3029, 10.6068, 13.1204, 45.8632, 21.6407, 5.815, 28.0049, 27.3491, 42.3751, 21.458, 24.4485, 15.401, 12.7447, 1.5659, 14.2831, 33.5882, 11.4596, 3.2523, 0, 12.5712, 0.5112, 12.611, 7.2029, 12.0966, 0.0132, 12.1603, 70.2952, 15.7852, 66.043, 13.919],
      [10.2885, 14.4563, 4.8, 18.6978, 7.8372, 8.3994, 6.0248, 16.3936, 7.0064, 6.2296, 4.6409, 5.7632, 10.6319, 10.9265, 6.5896, 6.925, 14.0739, 7.4592, 1.1774, 0.2892, 0.0177, 5.8495, 1.8146, 1.8157, 2.8176, 10.2344, 4.1646, 1.2908, 23.1448, 12.2489, 8.386, 8.4942, 6.3359, 6.3887, 11.085, 0, 3.1169, 12.0118, 2.9433, 1.9601, 0.1737, 5.5762, 0.5877, 4.3367, 1.4955, 10.6063, 0, 24.632, 17.0944, 10.2546, 34.5043, 4.2715]
    ],
    [
      [4.5497, 4.2545, 0, 14.134, 1.7049, 3.0798, 2.6459, 1.7482, 2.2359, 1.3139, 1.2044, 3.7792, 2.5663, 4.0601, 3.3869, 2.8358, 5.7853, 1.8497, 0, 0.1515, 0.5029, 2.9066, 0, 0, 3.1535, 8.0802, 3.3938, 1.2986, 5.9286, 6.4881, 7.7994, 2.9972, 5.2846, 3.677, 1.0737, 0.0687, 1.805, 3.6294, 1.5668, 0.7289, 0.6123, 1.8697, 0.5475, 1.7823, 0.3716, 2.1384, 0, 2.2927, 10.5567, 1.34, 16.0684, 2.8018],
      [1.6306, 1.496, 0.5636, 2.8068, 0.0898, 1.9236, 2.2318, 0, 1.5156, 0, 0, 0.7301, 1.9588, 3.3165, 1.2145, 2.7111, 2.0405, 0.5331, 1.4709, 0.055, 0, 1.8662, 1.8289, 1.3953, 0.4932, 0.628, 0, 1.3637, 1.5628, 2.6634, 3.2041, 1.559, 1.5053, 1.2523, 0.0848, 0.5688, 0.7574, 1.5468, 1.4187, 1.3661, 0.3699, 0.4525, 0, 1.8808, 0, 1.6968, 0, 2.0225, 7.1761, 0.4341, 16.2047, 1.4308],
      [0.309, 0.0293, 0.3132, 0.5081, 0, 1.2412, 0.2858, 0.615, 0.6995, 0.5218, 0.2462, 0.3482, 1.3622, 0.6723, 0.7777, 0.8521, 1.8452, 0, 0, 0, 0, 1.0057, 0, 4.5356, 0, 0.0086, 0, 0.0738, 2.3414, 1.2261, 0, 0.359, 0.736, 0.8744, 0.6184, 0.0162, 0.5949, 2.3272, 0.3295, 0.7264, 0.5698, 0, 0.2019, 0.9951, 0.1181, 0.9563, 0, 0.459, 0, 1.0019, 2.7772, 0.0904],
      [3.5538, 5.4982, 0, 7.9529, 1.4033, 5.3423, 5.6254, 4.1309, 5.1758, 4.6105, 2.4377, 3.2599, 6.8537, 10.0856, 6.0552, 4.0246, 3.4314, 3.0018, 0, 0.6757, 0.9347, 2.9527, 0, 0, 10.9471, 8.1035, 0, 0, 14.526, 5.2145, 0, 0, 12.5478, 3.0714, 2.8158, 0.3369, 1.1105, 8.4496, 0, 0, 2.4924, 3.5177, 0.8855, 5.6376, 0, 4.0274, 0.0132, 4.5127, 12.8151, 3.0392, 5.5748, 4.0528],
      [230.8145, 368.2023, 113.8294, 446.6252, 198.7881, 236.2048, 129.3144, 136.406, 108.2735, 84.4607, 54.4655, 196.4706, 153.3324, 248.9029, 147.271, 134.9862, 236.5577, 173.0996, 12.0015, 8.036, 8.5624, 186.1231, 250.1711, 144.7955, 236.2747, 557.1306, 327.0467, 50.0858, 338.6825, 243.1929, 383.8657, 235.8007, 335.0412, 175.0892, 77.6539, 15.0094, 70.2566, 248.3362, 96.9015, 32.5241, 25.9354, 125.8608, 12.0973, 165.909, 32.2538, 119.8986, 2.9868, 163.5721, 672.2108, 145.8652, 579.8828, 124.5192],
      [2.1425, 3.5197, 1.2938, 4.9729, 3.0139, 3.2082, 0.8967, 2.0999, 1.0998, 1.093, 0.6461, 1.4119, 1.9266, 1.9626, 3.2948, 1.5902, 2.3399, 1.5158, 0.5276, 0.0818, 0, 2.1456, 0, 0.2735, 0.1315, 2.049, 0.5594, 0.178, 9.9588, 4.2151, 1.1308, 4.2841, 1.885, 3.0358, 1.7534, 0, 0.4757, 2.7107, 0.7835, 0.6544, 0.0201, 2.2993, 0.2678, 1.7953, 0.2566, 3.2826, 0, 10.141, 4.2413, 4.3197, 11.492, 1.1049]
    ],
    [
      [1.5311, 1.2054, 0.5489, 5.3271, 0.6632, 0.9599, 0.9673, 0.6885, 1.1466, 0.3841, 0.6894, 0.7936, 0.95, 1.5598, 0.7614, 1.2831, 2.6998, 0.8392, 0.0255, 0.0273, 0.1635, 0.6615, 0.8892, 0.3968, 0.9338, 1.9393, 0.8517, 0.4467, 1.5881, 1.8109, 1.904, 0.7615, 0.8437, 0.6129, 0.4515, 0.0139, 0.8484, 0.9689, 0.5511, 0.0785, 0.2052, 0.6712, 0.1009, 0.6834, 0.1559, 1.0914, 0, 0.6227, 3.1088, 0.3753, 3.4414, 0.475],
      [0.256, 0.2594, 0.1926, 0.5195, 0.0931, 0.2594, 0.3201, 0.0843, 0.32, 0.0399, 0, 0.1122, 0.2885, 0.4951, 0.1232, 0.4857, 0.4229, 0.1251, 0.0554, 0.0045, 0.0028, 0.1737, 0.244, 0.184, 0.133, 0.2839, 0.1085, 0.1549, 0.2547, 0.3127, 0.2793, 0.1382, 0.1654, 0.1063, 0.068, 0.0094, 0.1547, 0.2091, 0.1489, 0.029, 0.0288, 0.1031, 0.0002, 0.2758, 0, 0.348, 0, 0.2178, 0.8691, 0.0829, 1.0712, 0.0937],
      [2.7745, 3.2405, 1.7275, 6.0286, 1.8865, 2.9313, 1.762, 2.5462, 2.8232, 0.9912, 1.211, 1.5565, 3.1413, 3.645, 1.3185, 2.8265, 5.4561, 1.646, 0.0634, 0.034, 0, 1.844, 1.5649, 2.5461, 1.721, 4.6653, 1.5619, 0.643, 3.5447, 2.8849, 2.5003, 1.4349, 1.8681, 1.2202, 1.8303, 0.0607, 1.7292, 3.0854, 1.1924, 0.2315, 0.7618, 1.2738, 0.1267, 2.5921, 0.3855, 2.8287, 0, 1.1991, 6.4809, 1.5998, 5.7422, 0.5958],
      [19.1848, 23.375, 8.5978, 46.4747, 13.1077, 17.9093, 14.5872, 16.8444, 17.9851, 7.2353, 9.082, 10.4409, 17.2269, 27.3584, 9.4364, 17.2717, 27.8271, 15.3891, 0.5702, 0.3667, 1.3247, 10.2728, 6.9671, 6.3266, 16.5024, 32.5629, 12.407, 3.7335, 24.352, 18.5585, 17.2951, 8.8755, 14.1126, 7.497, 10.6908, 0.3035, 8.5313, 17.2017, 6.3129, 0.8044, 3.0707, 10.8253, 0.6797, 15.9711, 2.0691, 17.0219, 0, 12.1631, 50.2929, 9.2082, 34.8961, 5.9864],
      [41.0216, 51.1041, 23.5723, 94.0331, 30.3086, 36.6793, 24.1918, 32.6121, 28.1558, 11.6152, 15.1006, 21.9721, 28.6432, 48.4866, 17.0181, 32.2153, 59.4048, 33.2016, 1.1535, 0.5322, 1.4301, 21.7853, 20.7379, 16.9907, 29.4701, 70.2482, 28.8786, 8.6013, 43.493, 36.8603, 40.1397, 21.1974, 26.732, 15.4925, 19.2741, 0.603, 17.9017, 32.7239, 15.0067, 1.7325, 3.8181, 21.5397, 1.0014, 30.7639, 5.128, 30.9163, 0, 22.4883, 104.1996, 19.0728, 71.5263, 11.2307],
      [2.232, 2.8156, 1.3609, 5.6169, 1.941, 2.2607, 1.1717, 2.2246, 1.5693, 0.7343, 0.9171, 1.1247, 1.75, 2.455, 1.3423, 1.9177, 3.1892, 1.799, 0.132, 0.0353, 0.0789, 1.2626, 0.5969, 0.5558, 1.2396, 3.3003, 1.1922, 0.4205, 3.7675, 2.5727, 1.8816, 1.5925, 1.278, 1.0711, 1.6853, 0.0095, 0.8347, 1.8109, 0.788, 0.1241, 0.1154, 1.5869, 0.0911, 1.7137, 0.2616, 2.7937, 0, 3.309, 5.0488, 1.6609, 5.3229, 0.6185]
    ],
    [
      [4.735, 3.8978, 1.1158, 8.1226, 3.0984, 1.9664, 2.6487, 1.7441, 1.5469, 1.6754, 0.7936, 2.5269, 1.3821, 4.473, 3.002, 2.5243, 4.8669, 1.724, 0.1226, 0.3151, 0.1388, 0.7499, 2.8964, 0.5815, 2.3341, 4.0416, 1.8962, 0.5043, 4.3139, 4.6438, 5.2488, 1.8937, 1.4847, 1.3675, 0.9364, 0.1694, 1.5113, 3.2664, 0.6502, 0.4074, 0.1854, 1.3951, 0.2742, 0.9563, 0.4613, 1.3458, 0, 0.5691, 5.1783, 0.4232, 9.0994, 0.6729],
      [1.2076, 1.3634, 0.5683, 1.2855, 0.7362, 0.8042, 1.2319, 0.175, 0.6062, 0, 0.0662, 0.5703, 0.5959, 1.9989, 0.7249, 1.2079, 1.1415, 0.4805, 0.3675, 0.0557, 0.0121, 0.2866, 1.1263, 0.3745, 0.6015, 1.1182, 0.4478, 0.2155, 1.1314, 1.1602, 1.1436, 0.5237, 0.4662, 0.3607, 0.2836, 0.1252, 0.3903, 1.0769, 0.229, 0.2533, 0.0427, 0.3962, 0.0007, 0.5457, 0, 0.5727, 0, 0.2869, 2.0671, 0.166, 3.6281, 0.1891],
      [45.6451, 55.6318, 18.8674, 49.9261, 47.4647, 31.3597, 25.6234, 29.7035, 19.8163, 21.7235, 7.3466, 26.3112, 23.6662, 55.13, 27.3328, 29.0656, 51.0751, 18.4299, 1.8677, 1.8373, 0, 11.1088, 27.3965, 19.1917, 23.1257, 51.4877, 18.7944, 4.1667, 49.8988, 38.8228, 37.0897, 19.0459, 17.3637, 14.4503, 19.5326, 2.8396, 16.1917, 54.0043, 7.7734, 6.4942, 3.7404, 14.2444, 2.1333, 18.8188, 5.8995, 17.8829, 0, 5.7982, 57.6327, 9.4213, 79.63, 4.6019],
      [35.7232, 45.4114, 10.6277, 43.5962, 36.6215, 22.0321, 24.1253, 22.5676, 14.4522, 18.3196, 6.1377, 20.0139, 15.0104, 47.422, 22.6024, 20.5298, 30.4661, 18.9464, 1.5969, 2.1018, 0.6599, 7.0276, 13.502, 5.5462, 24.684, 40.795, 16.7035, 2.6314, 39.9023, 28.7399, 28.8765, 13.3226, 14.8922, 10.0915, 13.2459, 1.4212, 9.2307, 35.1819, 4.6115, 2.4168, 1.6448, 13.4404, 1.1284, 13.2615, 3.4361, 12.4922, 0, 6.6392, 50.5536, 6.177, 55.6539, 5.1156],
      [12.948, 16.8364, 5.1077, 14.5318, 15.2079, 7.3587, 6.2326, 7.0233, 3.5139, 4.3327, 1.6406, 7.0854, 3.8811, 13.1078, 6.1565, 5.9864, 10.784, 6.8116, 0.4227, 0.3808, 0.1155, 2.4335, 7.1768, 2.5065, 7.1946, 14.7843, 6.5346, 0.9921, 10.8908, 9.2208, 11.5105, 5.3585, 4.5966, 3.4084, 3.6727, 0.4446, 3.1948, 10.524, 1.8046, 0.7993, 0.2835, 4.3699, 0.2196, 4.1069, 1.4935, 3.5318, 0, 1.9679, 17.2656, 2.0679, 18.2867, 1.5598],
      [6.741, 8.8593, 2.7131, 8.5378, 8.8713, 4.479, 3.138, 4.7865, 2.0645, 2.9488, 1.0153, 3.4923, 2.4643, 6.8682, 5.1814, 3.686, 5.6665, 3.6076, 0.6225, 0.3093, 0.0737, 1.3936, 1.9021, 0.7996, 3.06, 6.7732, 2.6235, 0.4899, 9.8628, 6.4125, 5.1309, 3.8555, 2.1966, 2.3216, 3.3287, 0, 1.4812, 5.9465, 0.9313, 0.6289, 0.1033, 3.1539, 0.2437, 2.3108, 0.7096, 3.1745, 0, 2.7387, 8.3026, 1.7446, 13.7019, 0.8607]
    ],
    [
      [0.9066, 0.9257, 0.2032, 1.5214, 0.4223, 0.4526, 0.8869, 0.3978, 0.6353, 0.3878, 0.5553, 0.4651, 0.6405, 0.9975, 0.3919, 0.578, 1.4652, 0.3178, 0.2006, 0.0283, 0.1062, 0.2868, 0.3669, 0.1465, 0.5526, 1.1796, 0.3569, 0.3052, 1.1673, 1.0183, 1.3114, 0.2658, 0.5775, 0.3977, 0.1701, 0.1922, 0.4612, 0.605, 0.1357, 0.1649, 0.2126, 0.1979, 0.0211, 0.1683, 0.1715, 0.4169, 0, 0.234, 1.0729, 0.1912, 2.8682, 0.3103],
      [1.6151, 2.3908, 0.694, 1.6613, 0.9402, 1.2854, 2.7218, 0.7679, 1.6938, 0.6465, 0, 0.7754, 1.8834, 2.9052, 0.6647, 1.6933, 2.3214, 0.6465, 0.6079, 0.0538, 0.0597, 0.7452, 0.9155, 0.6018, 1.0728, 2.4234, 0.6194, 0.8296, 2.3078, 1.6863, 1.9168, 0.5076, 1.2718, 0.7222, 0.4249, 0.3396, 0.7805, 1.4804, 0.3111, 0.5498, 0.3712, 0.4176, 0.0067, 0.6499, 0, 1.2042, 0, 0.825, 2.885, 0.5349, 6.6991, 0.5898],
      [5.6176, 8.5727, 2.189, 5.9956, 4.1869, 4.6873, 5.5458, 5.0507, 5.3086, 3.5289, 2.0173, 3.1135, 7.2018, 7.9786, 2.3058, 4.2904, 9.8886, 2.1831, 0.0689, 0.1261, 0, 2.7147, 2.2628, 3.0922, 3.5346, 9.7395, 2.2676, 1.4845, 9.0678, 5.464, 5.8808, 1.7084, 4.3669, 2.683, 2.3403, 0.8097, 3.1441, 6.5077, 1.017, 1.6128, 2.7748, 1.2982, 0.091, 2.1332, 0.7768, 3.6404, 0, 1.555, 7.7176, 2.8103, 15.8005, 1.3321],
      [11.2954, 17.9631, 3.1917, 13.4165, 8.3595, 8.4401, 13.5382, 9.8653, 10.0291, 7.7408, 4.4501, 6.1002, 11.7893, 17.5669, 4.8785, 7.7648, 14.9945, 5.8082, 0.5998, 0.4048, 0.8686, 4.4441, 2.9531, 2.3585, 9.739, 19.7764, 5.2086, 2.4618, 18.6179, 10.3432, 11.7592, 3.0846, 9.6741, 4.8313, 4.0784, 1.1628, 4.6159, 10.7885, 1.5856, 1.5397, 3.3751, 3.1761, 0.1414, 3.8704, 1.2077, 6.5413, 0, 4.628, 17.3421, 4.7558, 27.9073, 3.9019],
      [5.5293, 9.1046, 2.044, 6.0946, 4.5724, 3.8615, 4.7647, 4.1912, 3.2886, 2.534, 1.5953, 2.9153, 4.0683, 6.7532, 1.8844, 3.1406, 7.2614, 2.8438, 0.152, 0.1112, 0.1716, 2.1161, 1.9643, 1.4076, 3.8877, 9.8072, 2.7438, 1.3338, 6.7489, 4.5549, 6.3657, 1.682, 4.0811, 2.2419, 1.5653, 0.5051, 2.1809, 4.5032, 0.8419, 0.7052, 0.7461, 1.4134, 0.0435, 1.6583, 0.7023, 2.4569, 0, 1.6896, 8.0727, 2.1643, 12.5936, 1.6223],
      [33.036, 54.0431, 12.6783, 40.3105, 30.5188, 26.2731, 27.5426, 31.7271, 22.0447, 19.1619, 11.382, 16.6305, 29.4167, 39.7986, 16.8747, 21.5329, 43.0689, 17.2005, 4.3709, 1.2759, 1.7938, 13.6931, 6.5374, 5.3934, 19.2133, 51.0739, 12.8037, 7.5851, 67.0903, 34.9334, 32.7662, 13.7516, 22.0287, 17.1239, 15.421, 0.9905, 11.8175, 28.1152, 5.1088, 6.4275, 3.5203, 11.4968, 0.6964, 10.52, 4.1418, 24.7402, 0, 29.0683, 43.9098, 20.5435, 104.1313, 10.2435]
    ]
  ],
  "V_est": [
    [671.6411, 30.603, 2.5404, 11.6473, 2741.2396, 1.3286],
    [206.9592, 1074.5328, 19.3327, 211.0894, 438.8132, 35.2727],
    [95.76, 125.0075, 151.3408, 9444.2128, 1088.4152, 406.2637],
    [162.0502, 83.0211, 33.5699, 200.6979, 9601.5779, 114.083],
    [50.6983, 10.7081, 107.3249, 707.0879, 1422.006, 85.1748],
    [111.8787, 34.4096, 1246.406, 941.3296, 311.6665, 182.3095],
    [28.0124, 59.7179, 199.4853, 384.9351, 169.2816, 1135.5676]
  ],
  "p_est": [
    [0.1942, 0.0088, 0.0007, 0.0034, 0.7925, 0.0004],
    [0.1042, 0.5411, 0.0097, 0.1063, 0.221, 0.0178],
    [0.0085, 0.0111, 0.0134, 0.835, 0.0962, 0.0359],
    [0.0159, 0.0081, 0.0033, 0.0197, 0.9418, 0.0112],
    [0.0213, 0.0045, 0.045, 0.2967, 0.5967, 0.0357],
    [0.0396, 0.0122, 0.4407, 0.3329, 0.1102, 0.0645],
    [0.0142, 0.0302, 0.1009, 0.1947, 0.0856, 0.5744]
  ],
  "EI_Z": {},
  "EI_V": 11.6292,
  "MAE_Z": {},
  "MAE_V": 189.0515,
  "MAE_p": 0.0653,
  "runtime": 0.004
}
