{
  "X": [
    [5, 1, 9, 7, 2],
    [43, 41, 228, 118, 28],
    [10, 42, 86, 40, 9],
    [2, 2, 7, 3, 0],
    [10, 20, 73, 23, 9],
    [410, 703, 4204, 1700, 518],
    [189, 305, 1648, 797, 224],
    [13, 29, 96, 36, 20],
    [10, 16, 55, 22, 13],
    [5, 23, 41, 16, 10],
    [15, 133, 132, 26, 20],
    [25, 57, 145, 99, 20],
    [170, 277, 852, 518, 84],
    [25, 41, 120, 73, 18],
    [15, 39, 90, 45, 14],
    [1, 6, 17, 1, 1],
    [2, 1, 13, 7, 5],
    [1, 1, 8, 5, 0],
    [10, 22, 99, 71, 11],
    [4, 28, 36, 9, 4],
    [0, 2, 4, 0, 0],
    [6, 18, 82, 31, 5],
    [98, 219, 1402, 387, 185],
    [9, 22, 73, 13, 4],
    [6, 21, 49, 15, 8],
    [0, 2, 7, 1, 1],
    [5, 19, 31, 17, 4],
    [9, 49, 86, 24, 14],
    [59, 218, 434, 132, 29],
    [10, 12, 86, 19, 7],
    [7, 9, 23, 22, 4],
    [0, 5, 9, 4, 2],
    [25, 57, 328, 129, 49],
    [1, 7, 14, 5, 2],
    [13, 33, 105, 44, 11],
    [176, 347, 1619, 661, 248],
    [24, 31, 156, 60, 20],
    [1, 12, 21, 12, 3],
    [23, 99, 117, 42, 20],
    [90, 238, 645, 270, 70],
    [14, 30, 89, 38, 10],
    [25, 120, 190, 79, 28],
    [36, 119, 266, 154, 40],
    [50, 152, 336, 127, 55],
    [21, 44, 117, 52, 13],
    [2, 19, 35, 9, 1],
    [0, 5, 23, 6, 4],
    [36, 25, 193, 211, 23],
    [26, 41, 171, 138, 31],
    [16, 39, 97, 47, 21],
    [15, 30, 87, 34, 11],
    [4, 2, 18, 10, 7],
    [11, 12, 111, 48, 15],
    [2, 14, 28, 22, 13],
    [14, 29, 98, 66, 20],
    [46, 82, 386, 184, 66],
    [16, 29, 164, 92, 35],
    [30, 57, 115, 83, 36],
    [11, 19, 96, 43, 21],
    [0, 3, 4, 1, 1],
    [20, 48, 204, 134, 30],
    [10, 18, 82, 46, 12],
    [49, 74, 228, 200, 36],
    [16, 29, 93, 54, 15],
    [11, 30, 88, 57, 30],
    [1, 1, 8, 2, 3],
    [0, 2, 8, 0, 0],
    [3, 11, 37, 27, 7],
    [2, 2, 8, 7, 4],
    [1, 8, 14, 8, 2],
    [15, 29, 191, 68, 21],
    [30, 37, 179, 88, 39],
    [8, 21, 57, 22, 7],
    [27, 16, 138, 63, 26],
    [0, 2, 4, 0, 0],
    [0, 3, 4, 0, 1],
    [18, 38, 95, 26, 15],
    [60, 135, 375, 177, 42],
    [18, 25, 117, 54, 34],
    [1, 1, 5, 2, 0],
    [1, 0, 3, 3, 1],
    [2, 1, 22, 18, 6],
    [2, 1, 5, 5, 0],
    [34, 24, 153, 71, 31],
    [8, 14, 65, 20, 11],
    [14, 36, 193, 75, 33],
    [17, 9, 87, 38, 25],
    [1, 4, 16, 9, 4],
    [2, 12, 12, 10, 1],
    [37, 115, 220, 138, 29],
    [12, 28, 69, 29, 18],
    [5, 27, 71, 30, 14],
    [3, 7, 9, 6, 5],
    [2, 6, 21, 4, 3],
    [4, 8, 21, 6, 1],
    [0, 7, 6, 4, 2],
    [2, 23, 25, 8, 5],
    [47, 349, 890, 227, 90],
    [176, 489, 1772, 698, 317],
    [89, 142, 688, 310, 130],
    [4, 9, 16, 8, 3]
  ],
  "W": [
    [0, 1, 10, 10, 3],
    [10, 37, 159, 230, 22],
    [11, 17, 44, 104, 11],
    [0, 1, 5, 8, 0],
    [5, 17, 27, 72, 14],
    [278, 580, 1835, 4268, 574],
    [116, 270, 864, 1703, 210],
    [5, 34, 37, 106, 12],
    [1, 15, 31, 63, 6],
    [5, 11, 21, 50, 8],
    [35, 55, 33, 190, 13],
    [12, 43, 115, 160, 16],
    [65, 175, 623, 942, 96],
    [8, 28, 88, 129, 24],
    [4, 38, 58, 93, 10],
    [3, 6, 0, 15, 2],
    [0, 4, 9, 15, 0],
    [0, 1, 6, 8, 0],
    [11, 13, 69, 104, 16],
    [16, 11, 12, 40, 2],
    [2, 0, 0, 4, 0],
    [9, 13, 35, 76, 9],
    [91, 207, 439, 1390, 164],
    [6, 9, 16, 76, 14],
    [3, 14, 26, 53, 3],
    [1, 2, 1, 7, 0],
    [3, 8, 18, 43, 4],
    [8, 29, 28, 106, 11],
    [46, 125, 160, 506, 35],
    [4, 11, 28, 84, 7],
    [10, 3, 22, 24, 6],
    [1, 2, 4, 13, 0],
    [23, 38, 141, 334, 52],
    [2, 5, 5, 15, 2],
    [12, 16, 53, 110, 15],
    [128, 229, 760, 1687, 247],
    [15, 29, 68, 158, 21],
    [3, 6, 13, 24, 3],
    [29, 45, 59, 156, 12],
    [81, 177, 314, 667, 74],
    [10, 25, 49, 86, 11],
    [56, 56, 81, 218, 31],
    [41, 76, 168, 292, 38],
    [46, 104, 173, 358, 39],
    [18, 30, 69, 119, 11],
    [2, 6, 12, 45, 1],
    [2, 1, 6, 23, 6],
    [16, 36, 216, 182, 38],
    [6, 31, 137, 195, 38],
    [9, 29, 59, 109, 14],
    [12, 31, 39, 87, 8],
    [3, 3, 11, 17, 7],
    [2, 24, 49, 101, 21],
    [4, 10, 17, 37, 11],
    [2, 21, 66, 122, 16],
    [37, 69, 192, 402, 64],
    [14, 34, 102, 159, 27],
    [17, 50, 90, 142, 22],
    [5, 36, 47, 83, 19],
    [1, 3, 1, 4, 0],
    [17, 71, 142, 180, 26],
    [3, 17, 56, 84, 8],
    [23, 54, 228, 240, 42],
    [5, 38, 67, 89, 8],
    [9, 44, 60, 86, 17],
    [0, 2, 3, 10, 0],
    [1, 2, 0, 7, 0],
    [2, 0, 29, 45, 9],
    [1, 1, 8, 10, 3],
    [5, 2, 11, 14, 1],
    [11, 38, 68, 189, 18],
    [21, 43, 108, 174, 27],
    [6, 19, 29, 52, 9],
    [6, 22, 79, 142, 21],
    [0, 1, 0, 5, 0],
    [1, 1, 0, 5, 1],
    [7, 49, 35, 88, 13],
    [31, 124, 215, 383, 36],
    [7, 32, 63, 128, 18],
    [2, 0, 2, 4, 1],
    [0, 0, 5, 3, 0],
    [2, 4, 18, 18, 7],
    [0, 3, 6, 4, 0],
    [16, 31, 87, 140, 39],
    [7, 10, 30, 59, 12],
    [17, 30, 83, 197, 24],
    [3, 24, 49, 76, 24],
    [3, 2, 13, 12, 4],
    [3, 3, 14, 15, 2],
    [25, 65, 149, 261, 39],
    [14, 22, 32, 72, 16],
    [15, 27, 27, 73, 5],
    [2, 4, 4, 16, 4],
    [5, 5, 6, 18, 2],
    [2, 5, 8, 20, 5],
    [3, 2, 6, 8, 0],
    [5, 11, 8, 34, 5],
    [197, 140, 288, 893, 85],
    [280, 335, 769, 1791, 277],
    [93, 151, 339, 656, 120],
    [6, 9, 12, 12, 1]
  ],
  "method": "mvn_cdf",
  "mvncdf_method": "genz",
  "mvncdf_samples": 5000,
  "mvncdf_error": 0.001,
  "cond_prob": [
    [
      [0.001957232947, 0.53733784755, 0.37328864379, 0.0041692677571, 0.083247007956],
      [0.48883984675, 0.16581672503, 0.14468737484, 0.047037207901, 0.15361884547],
      [0.4080409055, 0.013041560622, 0.04199749075, 0.51848586876, 0.018434174375],
      [0, 0.069651439123, 0.77152945476, 0.10604456497, 0.052774541141],
      [0.14358369943, 0.0024177591717, 0.24001439001, 0.23588615161, 0.37809799979]
    ],
    [
      [0.00032672788537, 0.53945589535, 0.3877192903, 0.0026591750213, 0.06983891144],
      [0.14419308094, 0.35438712795, 0.26114766964, 0.04077668715, 0.19949543432],
      [0.21011774184, 0.0092455621708, 0.11314994379, 0.65211156353, 0.015375188659],
      [0.014082277992, 0.091373724072, 0.81815011125, 0.037989290962, 0.038404595728],
      [0.046088356146, 0.00032347230332, 0.37704439411, 0.18369978646, 0.39284399098]
    ],
    [
      [0.00060224680412, 0.78346716258, 0.18513359985, 0.0017973814313, 0.02899960934],
      [0.075099551012, 0.63327410797, 0.15578763725, 0.033035373677, 0.10280333009],
      [0.15041022709, 0.014417492557, 0.09566038554, 0.72986460636, 0.0096472884557],
      [0.016034024924, 0.21136376638, 0.70235856079, 0.043779947799, 0.026463700102],
      [0.039190394006, 0, 0.36916302564, 0.25013365461, 0.34151292574]
    ],
    [
      [0.00025032181644, 0.77552615983, 0.21044868334, 0.00096465568041, 0.012810179338],
      [0.19195717274, 0.59255608324, 0.19388418503, 0.021602558994, 0],
      [0.32057776342, 0.028314108296, 0.074885723015, 0.57622240527, 0],
      [0.025644251267, 0.15823417191, 0.80396089999, 0.012160676835, 0],
      [0.082668624298, 0.00095883172472, 0.51471123637, 0.19537563111, 0.2062856765]
    ],
    [
      [0.00046940192962, 0.62294416743, 0.33235301388, 0.0019740503145, 0.042259366441],
      [0.13175033457, 0.45143367733, 0.24753822658, 0.034979197157, 0.13429856436],
      [0.21602138859, 0.014797193556, 0.11596338357, 0.64323468448, 0.0099833498074],
      [0.016866608708, 0.12216294214, 0.80487925668, 0.03224138018, 0.023849812285],
      [0.050780284561, 0.0011178991292, 0.43198337436, 0.19334053878, 0.32277790317]
    ],
    [
      [0.00034576650217, 0.51651341099, 0.41042487347, 0.0034653476397, 0.069250601394],
      [0.11772434588, 0.34647410897, 0.28164152399, 0.05399965741, 0.20016036375],
      [0.14603875823, 0.0067742115455, 0.10500359956, 0.72954406152, 0.012639369141],
      [0.012566805026, 0.081073948069, 0.82417516173, 0.046778047694, 0.035406037478],
      [0.034856291096, 0, 0.37680941775, 0.22535674497, 0.36297754618]
    ],
    [
      [0.0003740246354, 0.52636518921, 0.39404579065, 0.0037792759264, 0.075435719581],
      [0.12275431867, 0.34365511053, 0.26329372947, 0.057905393406, 0.21239144792],
      [0.14443633757, 0.0063654156545, 0.093197940949, 0.74323111265, 0.012769193177],
      [0.013784896356, 0.085528502104, 0.80909567315, 0.052114987806, 0.039475940582],
      [0.035925109269, 0, 0.34661156653, 0.23820782004, 0.37925550416]
    ],
    [
      [0.0004766577241, 0.59821548049, 0.31403444566, 0.0030381061484, 0.084235309984],
      [0.12446975602, 0.38483731417, 0.20674175724, 0.046616443115, 0.23733472945],
      [0.17111516094, 0.01053150159, 0.082322406221, 0.72025841331, 0.015772517936],
      [0.018568111496, 0.118188518, 0.76269445413, 0.049568833836, 0.050980082544],
      [0.03884701943, 0.00056712076368, 0.29242223816, 0.20799939368, 0.46016422796]
    ],
    [
      [0.00032746575978, 0.62595572922, 0.2675111049, 0.0016551607339, 0.10455053939],
      [0.10632656313, 0.39692858954, 0.17634462861, 0.025123019777, 0.29527719894],
      [0.23053561191, 0.01779957629, 0.110193215, 0.61530180325, 0.026169793553],
      [0.0167682514, 0.1406862494, 0.74859640029, 0.029496217478, 0.064452881432],
      [0.033628379992, 0.00084914172904, 0.25162609712, 0.11481365681, 0.59908272435]
    ],
    [
      [0.00051435624388, 0.79802754641, 0.15356821443, 0.00048946079707, 0.047400422121],
      [0.051361885257, 0.63298185305, 0.13101661866, 0.016639302393, 0.16800034064],
      [0.16938717308, 0.023565098689, 0.12685419738, 0.65121861096, 0.028974919892],
      [0.013873290828, 0.23104389624, 0.67512842161, 0.022104041415, 0.057850349912],
      [0.02270653812, 0, 0.29632711216, 0.12921593359, 0.55175041613]
    ],
    [
      [0.0011239126119, 0.86600497288, 0.10777206039, 0.00079024545915, 0.02430880866],
      [0.056232997966, 0.73916345171, 0.10422922821, 0.012299096624, 0.08807522549],
      [0.23802915384, 0.049935482029, 0.11847920538, 0.57391915226, 0.019637006495],
      [0.018012502238, 0.31783139578, 0.6009570535, 0.02326164675, 0.039937401731],
      [0.045423897581, 0, 0.33874741477, 0.14898816828, 0.46684051937]
    ],
    [
      [0.00039634602335, 0.69287785936, 0.2564678049, 0.0025558287607, 0.047702160956],
      [0.10196931856, 0.50763870104, 0.19317327903, 0.04511565542, 0.15210304595],
      [0.15180996299, 0.012408155333, 0.084779431431, 0.73925946351, 0.011742986731],
      [0.015699214634, 0.15889001393, 0.7400637846, 0.049946004545, 0.035400982286],
      [0.04003394151, 0.00047884063273, 0.34100594952, 0.25144736505, 0.3670339033]
    ],
    [
      [0.00023727400525, 0.67662441547, 0.27861344472, 0.0029316968087, 0.041593168991],
      [0.14392033719, 0.47985962615, 0.20232373938, 0.046675263909, 0.12722103337],
      [0.19754602492, 0.012749572305, 0.084641811226, 0.69789205249, 0.0071705390613],
      [0.017168429197, 0.14971623306, 0.75439444862, 0.052753116003, 0.025967773111],
      [0.057861295351, 0.00071149297939, 0.365750549, 0.2620946307, 0.31358203197]
    ],
    [
      [0.00030496161291, 0.69244564941, 0.259953257, 0.0024010477655, 0.044895084214],
      [0.13047600164, 0.49676489976, 0.19205276554, 0.040254247826, 0.14045208523],
      [0.20234318356, 0.01343881297, 0.088160795605, 0.68519361313, 0.01086359474],
      [0.017454228242, 0.15782000231, 0.74608613477, 0.04611949194, 0.032520142738],
      [0.053601527706, 0.00040090718155, 0.35581812958, 0.23363417764, 0.3565452579]
    ],
    [
      [0.00031292958318, 0.69840178313, 0.25493926315, 0.0015840238085, 0.044762000335],
      [0.086573951356, 0.53245691062, 0.20154197056, 0.029482443958, 0.14994472351],
      [0.17334932967, 0.017263690418, 0.11875444851, 0.67481803816, 0.015814493246],
      [0.013839531732, 0.16095130726, 0.75892345186, 0.031172208823, 0.035113500321],
      [0.036760055847, 0.00032646443394, 0.38540090296, 0.18348694004, 0.39402563672]
    ],
    [
      [0.0042585006888, 0.58599738569, 0.38346062353, 0.0039709146082, 0.022312575487],
      [0.097053605691, 0.47492739347, 0.31934937993, 0.031132825176, 0.077536795742],
      [0.12697330317, 0.01427702658, 0.15574771529, 0.69502914337, 0.0079728115917],
      [0.022777000356, 0.092758431762, 0.85208417638, 0.0323803915, 0],
      [0.031623929227, 0.00053350286256, 0.57612960206, 0.15779221631, 0.23392074954]
    ],
    [
      [0.00023661309074, 0.30928036742, 0.2898105101, 0.0022481588867, 0.39842435051],
      [0.050759756438, 0.095549380401, 0.11884733698, 0.018737503857, 0.71610602232],
      [0.14834078526, 0, 0.11994960361, 0.71162268634, 0.020086924793],
      [0.030792927129, 0.041186831893, 0.7630042813, 0.03469638717, 0.1303195725],
      [0.0067699510307, 6.2881013811e-05, 0.06785620116, 0.039622042211, 0.88568892458]
    ],
    [
      [0.00018893159804, 0.5127520462, 0.46778429341, 0.0027478837796, 0.016526845018],
      [0.14823962742, 0.39772551942, 0.39625976781, 0.057775085347, 0],
      [0.099126584441, 0.014998207181, 0.078077015517, 0.80779819286, 0],
      [0.032125108241, 0.064035654687, 0.89190976739, 0.011929469685, 0],
      [0.02871886668, 0.00038278843467, 0.5799042851, 0.29313148534, 0.097862574446]
    ],
    [
      [0.00018663769606, 0.57212968235, 0.36734840438, 0.0049942420838, 0.055341033497],
      [0.11419416171, 0.38428728233, 0.25394812833, 0.08472944092, 0.16284098671],
      [0.098758590593, 0.0066665800682, 0.066425714903, 0.82082221627, 0.0073268981662],
      [0.011292938912, 0.098490216474, 0.7865547988, 0.073436957907, 0.030225087909],
      [0.032788405336, 0.00049139286633, 0.32954803002, 0.34808775376, 0.28908441801]
    ],
    [
      [0.0021174750412, 0.77205543385, 0.19372191482, 0, 0.03210517629],
      [0.071982803731, 0.63346183828, 0.1629778347, 0.018693640051, 0.11288388324],
      [0.19685738083, 0.025666596604, 0.12452238609, 0.63789928613, 0.015054350345],
      [0.018329129909, 0.20925317537, 0.72028260284, 0.02046105821, 0.031674033677],
      [0.039427895969, 0.0004533317213, 0.40106021729, 0.16056809875, 0.39849045626]
    ],
    [
      [0, 0.73343467237, 0.26656532763, 0, 0],
      [0.10952560349, 0.42085884911, 0.23486386081, 0.044885110988, 0.18986657561],
      [1.9378574331e-07, 0.010632129045, 0.0021713329628, 0.98719565248, 6.9172159293e-07],
      [0, 0.13328266381, 0.86671733619, 0, 0],
      [0.037055241486, 0.00058257098428, 0.35758165522, 0.21321359283, 0.39156693948]
    ],
    [
      [0.0002959202428, 0.55006488178, 0.41297295893, 0.002661797562, 0.034004441493],
      [0.081614933911, 0.42638139071, 0.32863392905, 0.046324128995, 0.11704561733],
      [0.11592121898, 0.012599133522, 0.1344211498, 0.73245270616, 0.0046057915301],
      [0.0082847216099, 0.092863021261, 0.85249967259, 0.035961297468, 0.010391287075],
      [0.027717896706, 0.00087763284958, 0.50180965914, 0.22276964686, 0.24682516445]
    ],
    [
      [0.0002372316627, 0.48931084009, 0.42985484903, 0.0025629895805, 0.078034089645],
      [0.09164332067, 0.33506579635, 0.3016229802, 0.041007703698, 0.23066019908],
      [0.14171309495, 0.0085117913159, 0.13957809109, 0.69201429309, 0.018182729552],
      [0.0089717176275, 0.072933393756, 0.84484133099, 0.033774120857, 0.039479436765],
      [0.026375050943, 0, 0.39538426686, 0.16791384527, 0.41032683692]
    ],
    [
      [0, 0.7103643063, 0.2680311342, 0.0015027521418, 0.020101807364],
      [0.15865449938, 0.53849657057, 0.21061458894, 0.02283183913, 0.069402501987],
      [0.33508346218, 0.021077508727, 0.12633185952, 0.51750716957, 0],
      [0.013235175842, 0.16490812968, 0.79430196305, 0.027554731422, 0],
      [0.08606433905, 0.001506216542, 0.507715925, 0.17223018813, 0.23248333128]
    ],
    [
      [0.00022604227999, 0.73421067182, 0.21395626132, 7.5899935446e-05, 0.051531124647],
      [0.04798191741, 0.58054523764, 0.17838571622, 0.010148260461, 0.18293886826],
      [0.18391314534, 0.034168320082, 0.19426949387, 0.55160235431, 0.03604668641],
      [0.0090599249649, 0.18453598013, 0.74948732787, 0.0050037840656, 0.051912982965],
      [0.021885742517, 0.00031712946655, 0.36229865707, 0.083611628757, 0.53188684219]
    ],
    [
      [0, 0.56832110883, 0.37597551012, 0.00083007091073, 0.05487331014],
      [0, 0.47336500479, 0.30504547827, 0.020252312484, 0.20133720445],
      [0, 0.023957848117, 0.093368201177, 0.8654193272, 0.017254623509],
      [0, 0.065855861924, 0.84579504745, 0.013320853846, 0.075028236779],
      [0.0065512448695, 0.00051911719764, 0.44980226501, 0.095467205566, 0.44766016736]
    ],
    [
      [0.00093730856199, 0.84177348578, 0.12966420814, 0.0017097424234, 0.0259152551],
      [0.08141417574, 0.67874839522, 0.11398109225, 0.031883337445, 0.093972999346],
      [0.16775087264, 0.0051672447704, 0.073428213646, 0.74271270242, 0.010940966522],
      [0.02644384331, 0.25469027849, 0.63174126118, 0.052149132699, 0.034975484322],
      [0.047318424638, 0, 0.30314414031, 0.28214068087, 0.36739675417]
    ],
    [
      [0.00041859685642, 0.794026376, 0.16770166211, 0.0010554172121, 0.036797947823],
      [0.066562354215, 0.63665621324, 0.14526975651, 0.021169719715, 0.13034195632],
      [0.18197101475, 0.024845207261, 0.11680769108, 0.65763196253, 0.018744124382],
      [0.014992030505, 0.22159521703, 0.69181697141, 0.029286826492, 0.04230895457],
      [0.034727209668, 0, 0.34930449499, 0.16904874834, 0.44691954701]
    ],
    [
      [0.00017424867505, 0.74568944277, 0.22566592154, 0.0018811113672, 0.026589275646],
      [0.10919880858, 0.60378776222, 0.17328266514, 0.028476944847, 0.08525381922],
      [0.22202806937, 0.02635276965, 0.10961612218, 0.63623827443, 0.0057647643772],
      [0.015522935649, 0.20549018284, 0.73023643967, 0.037429973173, 0.011320468667],
      [0.056086770038, 0.00086684837995, 0.42630904132, 0.21760458392, 0.29913275634]
    ],
    [
      [0.00040907547523, 0.49390013898, 0.45134769287, 0.0016671222237, 0.052675970453],
      [0.14395489638, 0.34239718332, 0.32264030527, 0.02970923687, 0.16129837816],
      [0.24686448849, 0.0097092315254, 0.15844739453, 0.57107137261, 0.013907512852],
      [0.01396418185, 0.071255016078, 0.86719463283, 0.0201500386, 0.027436130637],
      [0.047094697842, 0.0001072277584, 0.48066995225, 0.14056117571, 0.33156694644]
    ],
    [
      [0, 0.58251371544, 0.34159829662, 0.0053250000142, 0.070562987923],
      [0.31748354309, 0.27006099153, 0.16758031632, 0.099170721293, 0.14570442777],
      [0.20541995214, 0.0047627772475, 0.031612906891, 0.74700509585, 0.011199267878],
      [0.041121467213, 0.093977109625, 0.71114408563, 0.11158452683, 0.0421728107],
      [0.090232535099, 0.00074135675563, 0.21972234637, 0.42284951389, 0.26645424789]
    ],
    [
      [0, 0.8099494784, 0.12846060572, 0.0010744533021, 0.060515462579],
      [0, 0.62528383356, 0.10850578668, 0.023146673799, 0.24306370596],
      [0, 0.044367425662, 0.059747107881, 0.86631090981, 0.02957455665],
      [0, 0.21246255014, 0.6473491838, 0.037491427683, 0.10269683838],
      [0.0062808274345, 0.00072821535227, 0.17010154027, 0.12650200053, 0.69638741642]
    ],
    [
      [0.00016211701348, 0.5292136062, 0.38912624266, 0.0029347610271, 0.078563273096],
      [0.086964573303, 0.36165704446, 0.27223635248, 0.046451484573, 0.23269054518],
      [0.12497050432, 0.009460370818, 0.11618553416, 0.73247219809, 0.016911392614],
      [0.0082205072886, 0.089058249673, 0.81896172368, 0.04153005262, 0.042229466738],
      [0.025483211156, 0.00011060946238, 0.36134113458, 0.19264858802, 0.42041645678]
    ],
    [
      [0.001255576807, 0.74100262609, 0.22353747977, 0.00095572435332, 0.03324859298],
      [0.051716096166, 0.6009360307, 0.19231785819, 0.030684144593, 0.12434587035],
      [0.093211462862, 0.01384449278, 0.090714862542, 0.7896083052, 0.012620876613],
      [0.015078585029, 0.16293947536, 0.75665130372, 0.030472343711, 0.034858292184],
      [0.023336137909, 0, 0.39399594053, 0.21977057332, 0.36289734824]
    ],
    [
      [0.00054465562489, 0.67019109418, 0.28781605174, 0.0017970320013, 0.03965116646],
      [0.099384377142, 0.50863119808, 0.22449212608, 0.035791597069, 0.13170070162],
      [0.17253281078, 0.016432107417, 0.11256195599, 0.68795122666, 0.010521899156],
      [0.014955531423, 0.14489008929, 0.77974076006, 0.03458378541, 0.025829833815],
      [0.040931111344, 0.00071974569406, 0.41447107253, 0.209342577, 0.33453549344]
    ],
    [
      [0.00032014710734, 0.56765399604, 0.35451969649, 0.0027016617672, 0.074804498586],
      [0.10685710995, 0.38541744923, 0.24583241725, 0.043045823053, 0.21884720052],
      [0.15998211738, 0.01138276441, 0.10935544601, 0.70297182969, 0.016307842515],
      [0.012763784818, 0.10511023408, 0.79882015004, 0.041009230765, 0.042296600292],
      [0.03388594654, 0.00043654566984, 0.35063207779, 0.19172279737, 0.42332263262]
    ],
    [
      [0.0001280560159, 0.52713405327, 0.4023080472, 0.0036873994651, 0.066742444043],
      [0.18471131825, 0.32675684106, 0.25643389611, 0.051743623461, 0.18035432113],
      [0.21840603061, 0.0062919403547, 0.090311327417, 0.67359947351, 0.011391228105],
      [0.016324313477, 0.083474900977, 0.81485239748, 0.049533707261, 0.035814680803],
      [0.057647586645, 7.3577017623e-06, 0.3638546304, 0.22919209437, 0.34929833088]
    ],
    [
      [0, 0.80207179299, 0.16796272014, 0.0014962277803, 0.02846925909],
      [0.028110172842, 0.68311582998, 0.15340839623, 0.027373128471, 0.10799247248],
      [0.060475429789, 0.025194218869, 0.10823941714, 0.78952658506, 0.016564349141],
      [0, 0.21531519983, 0.71006289118, 0.037517513411, 0.037104395581],
      [0.015052791894, 0, 0.37567988368, 0.22233553939, 0.38693178503]
    ],
    [
      [0.00032523891341, 0.83543577944, 0.12952044076, 0.0018246821629, 0.032893858724],
      [0.083128135645, 0.67252217095, 0.11319164194, 0.017778447971, 0.11337960349],
      [0.26755090785, 0.022932658229, 0.11036919902, 0.57881312017, 0.020334114735],
      [0.01802143729, 0.27663998633, 0.62718195272, 0.032734314874, 0.045422308786],
      [0.054412848919, 0, 0.31650966372, 0.15754390402, 0.47153358334]
    ],
    [
      [0.00035119858436, 0.65819384592, 0.29740051808, 0.0024226355903, 0.04163180182],
      [0.11549358007, 0.48584979855, 0.22475650285, 0.041004299026, 0.1328958195],
      [0.17914520291, 0.014812871687, 0.10414191928, 0.69302331705, 0.0088766890638],
      [0.01481799653, 0.14090819978, 0.77776094456, 0.042030466546, 0.024482392583],
      [0.045864754628, 0.00072801586567, 0.40083168044, 0.22841030876, 0.3241652403]
    ],
    [
      [0.00057050801082, 0.63513067663, 0.32116479839, 0.0017394847015, 0.041394532262],
      [0.11174294776, 0.47348654805, 0.24571148101, 0.034211680772, 0.1348473424],
      [0.19187864709, 0.016097898033, 0.12170291696, 0.65993482971, 0.010385708213],
      [0.015318784351, 0.1280605794, 0.80120821205, 0.031010512448, 0.02440191175],
      [0.043750187674, 0.00086570001808, 0.43438325668, 0.19305476431, 0.32794609132]
    ],
    [
      [0.00094719144666, 0.75786571093, 0.20181681473, 0.0024576193295, 0.036912663562],
      [0.09871827298, 0.58151701635, 0.15926616037, 0.037614261274, 0.12288428902],
      [0.17260003212, 0.014876528633, 0.084210536451, 0.71772178547, 0.010591117323],
      [0.018337943858, 0.20086958006, 0.69923585038, 0.049539141394, 0.032017484304],
      [0.046466439656, 0, 0.33951240508, 0.25228958835, 0.36173156691]
    ],
    [
      [0.00036155460999, 0.702667075, 0.24726210335, 0.0025851899864, 0.04712407706],
      [0.092228588193, 0.522384204, 0.18879388333, 0.045006338207, 0.15158698628],
      [0.1402230275, 0.012867851175, 0.085976681455, 0.74906754939, 0.011864890476],
      [0.013754455881, 0.16548007782, 0.73357175572, 0.051367847473, 0.035825863105],
      [0.036895626856, 0.00019654477165, 0.33860219669, 0.25344120386, 0.37086442782]
    ],
    [
      [0.00025863533687, 0.70433552215, 0.24327242371, 0.0011850157413, 0.050948403071],
      [0.087715968119, 0.53172460437, 0.18961696849, 0.024540938262, 0.16640152076],
      [0.20120376431, 0.020642950405, 0.13029150874, 0.62800495956, 0.019856816989],
      [0.01277274959, 0.16962433418, 0.74921851504, 0.027334462828, 0.04104993836],
      [0.038070423365, 0.00011448899793, 0.36740113818, 0.15288810258, 0.44152584688]
    ],
    [
      [0.00022444780161, 0.65816769625, 0.29576736885, 0.0019627949338, 0.043877692168],
      [0.12567039253, 0.47955950961, 0.22124282591, 0.034179139294, 0.13934813265],
      [0.21543889371, 0.015746740355, 0.11090455672, 0.64650382181, 0.011405987392],
      [0.015137440432, 0.14009565354, 0.78108303138, 0.035075299221, 0.02860857543],
      [0.050837189633, 0.00075348396703, 0.40341885776, 0.19605192726, 0.34893854138]
    ],
    [
      [0.00015034928258, 0.86419060869, 0.12384504021, 0.00047856515422, 0.011335436659],
      [0.026749434783, 0.78946829768, 0.12538029363, 0.012195941807, 0.046206032098],
      [0.12385476018, 0.042490242745, 0.16247549282, 0.66339476572, 0.0077847385323],
      [0.0072632506195, 0.26719128071, 0.7010952291, 0.017574712679, 0.006875526895],
      [0.026099292671, 0.0013184515557, 0.50103693472, 0.17426795963, 0.29727736143]
    ],
    [
      [0, 0.64644819456, 0.303529273, 0.0012876638945, 0.048734868539],
      [0, 0.53850912807, 0.25602882405, 0.027111219575, 0.1783508283],
      [0, 0.06826479294, 0.1509802218, 0.75966398341, 0.021091001854],
      [0, 0.11803426612, 0.81421137281, 0.023616603332, 0.044137757745],
      [0, 0.0073696007408, 0.41736162077, 0.14485794593, 0.43041083256]
    ],
    [
      [0.00056783042889, 0.45090828572, 0.47533015879, 0.0077799349262, 0.065413790132],
      [0.17003079306, 0.26474637393, 0.28866012001, 0.10894969097, 0.16761302204],
      [0.10952872504, 0, 0.068785434804, 0.8161639721, 0.0055218680548],
      [0.025632809246, 0.045354933885, 0.81253309632, 0.088716799836, 0.027762360709],
      [0.040695533478, 0, 0.32274409711, 0.38198570057, 0.25457466883]
    ],
    [
      [0.00040300725187, 0.61597774905, 0.30793208522, 0.0047460853783, 0.070941073106],
      [0.12707367206, 0.39706343804, 0.20342735545, 0.073339412161, 0.19909612229],
      [0.12545668236, 0.0086448558503, 0.058228928108, 0.79638148652, 0.011288047162],
      [0.017470232449, 0.12196024556, 0.74026262936, 0.075047775906, 0.045259116725],
      [0.038527297673, 0.00075194187466, 0.27677851561, 0.31472162516, 0.36922061968]
    ],
    [
      [0.00041430060246, 0.68707240871, 0.24082165272, 0.001757009796, 0.069934628173],
      [0.094568506855, 0.48369427505, 0.17507152509, 0.030665005558, 0.21600068745],
      [0.18673781999, 0.016318800271, 0.10131895144, 0.67472923655, 0.020895191745],
      [0.015947172776, 0.16351586777, 0.73062964234, 0.036529933906, 0.053377383216],
      [0.035572241699, 0.0002268244822, 0.2956486963, 0.16457957132, 0.5039726662]
    ],
    [
      [0.00024078366024, 0.60127788611, 0.3436852335, 0.0029961650171, 0.051799931706],
      [0.1593026139, 0.40448963795, 0.2369920107, 0.047048337384, 0.15216740007],
      [0.20766849012, 0.01067471083, 0.089302027297, 0.68257260254, 0.0097821692136],
      [0.017380053609, 0.11291672477, 0.79344041711, 0.046032951566, 0.030229852944],
      [0.055949223314, 0.00067722656003, 0.37711618919, 0.23504365946, 0.33121370147]
    ],
    [
      [0.0017871820505, 0.37462390316, 0.44277566313, 0.0049242062691, 0.17588904539],
      [0.20380567025, 0.15894973451, 0.2075239025, 0.053374227412, 0.37634646532],
      [0.22158083138, 0, 0.071794760967, 0.69132129093, 0.015303116718],
      [0.039150544069, 0.023487005117, 0.8068872001, 0.057703139298, 0.07277211142],
      [0.040039006958, 0, 0.22032521869, 0.17708816152, 0.56254761283]
    ],
    [
      [0.00037998109238, 0.43012935677, 0.50002462935, 0.0039685727322, 0.065497460061],
      [0.11723975264, 0.28363585784, 0.34459862491, 0.062779303215, 0.1917464614],
      [0.12550566629, 0, 0.11216743358, 0.75109728043, 0.0112296197],
      [0.014153608289, 0.042895848499, 0.86620509562, 0.046278515598, 0.03046693199],
      [0.02886637567, 0, 0.41650784952, 0.23845060767, 0.31617516714]
    ],
    [
      [0, 0.6915709953, 0.19518154395, 0.0047864010126, 0.10846105974],
      [0.057354649057, 0.43667653201, 0.12815371892, 0.066521892481, 0.31129320752],
      [0.064260127656, 0.012094207449, 0.040500341374, 0.86841357026, 0.014731753261],
      [0.0045870456478, 0.17930366922, 0.63439834883, 0.097884333812, 0.083826602496],
      [0.014937331846, 0.0024648555525, 0.1614992659, 0.2664440387, 0.554654508]
    ],
    [
      [0.00036594602863, 0.65933121226, 0.25594886432, 0.0038699809579, 0.080483996431],
      [0.11206897791, 0.42778951391, 0.17070599414, 0.05988532634, 0.2295501877],
      [0.13274970833, 0.010254997323, 0.057711838504, 0.7856681552, 0.013615300635],
      [0.018968703491, 0.14762470268, 0.70656300047, 0.070108694393, 0.056734898967],
      [0.035634812231, 0.00066963955256, 0.24335056226, 0.27045682661, 0.44988815935]
    ],
    [
      [0.00045350438503, 0.53951734399, 0.37246751829, 0.0037789054061, 0.083782727926],
      [0.12616012323, 0.34311617323, 0.24260051017, 0.057459262198, 0.23066393117],
      [0.14922722176, 0.0070551470253, 0.08544522989, 0.74463145735, 0.013640943977],
      [0.015610937398, 0.092049979496, 0.79294639758, 0.054350210199, 0.045042475323],
      [0.036733569107, 6.5036462386e-05, 0.31733329147, 0.23558542339, 0.41028267957]
    ],
    [
      [8.3351511508e-05, 0.47879293043, 0.40684605888, 0.0036700461208, 0.11060761306],
      [0.083799319266, 0.29935002653, 0.26252332839, 0.051751868799, 0.30257545701],
      [0.11166431916, 0.0048840032145, 0.10754758407, 0.75819914625, 0.017704947298],
      [0.0074946748804, 0.073086979521, 0.81845037775, 0.048870921843, 0.05209704601],
      [0.021046013455, 0, 0.30647771753, 0.1882320861, 0.48424418292]
    ],
    [
      [0.00028692162515, 0.67773876796, 0.22457730934, 0.0039001032577, 0.09349689782],
      [0.1507476988, 0.41205835267, 0.13917818099, 0.050713504058, 0.24730226348],
      [0.19895693252, 0.012527080153, 0.052703907027, 0.72148485453, 0.014327225766],
      [0.024322041602, 0.1670836628, 0.66818821841, 0.072929645544, 0.067476431642],
      [0.049903798076, 0.0010093627266, 0.20896354749, 0.2321989303, 0.50792436141]
    ],
    [
      [0.00037644211516, 0.47050415544, 0.44394943292, 0.0031096696805, 0.082060299847],
      [0.096728386514, 0.31020160677, 0.3043389676, 0.048996269429, 0.23973476969],
      [0.12936204901, 0.003769172877, 0.11990391657, 0.72987943058, 0.01708543097],
      [0.011493652191, 0.063892412698, 0.84360072706, 0.039548427825, 0.041464780226],
      [0.025363496827, 0, 0.37735292512, 0.19124911608, 0.40603446198]
    ],
    [
      [0, 0.74281765794, 0.20623767302, 0, 0.050944669037],
      [0, 0.60312522498, 0.18114728148, 0.014613069549, 0.20111442399],
      [0, 0.019150978636, 0.058083291618, 0.90042897574, 0.022336754011],
      [0, 0.10716392212, 0.79805929773, 0.013932953904, 0.080843826246],
      [0.0081395570753, 0.0008127080893, 0.36989739326, 0.10109476835, 0.52005557323]
    ],
    [
      [0, 0.50376388961, 0.43007478034, 0.0043405667131, 0.061820763331],
      [0.085032911522, 0.35148380842, 0.30888248098, 0.06709555953, 0.18750523955],
      [0.090694350151, 0.0050732564331, 0.10186636235, 0.79117408897, 0.011191942098],
      [0.0025926394171, 0.076445894806, 0.83401722516, 0.055591973557, 0.031352267063],
      [0.02374578713, 0, 0.39115186935, 0.26189037558, 0.32321196794]
    ],
    [
      [0.00026236024002, 0.57239580494, 0.35343215771, 0.0024904735762, 0.071419203536],
      [0.08607529822, 0.39890794317, 0.25302585349, 0.042151198573, 0.21983970655],
      [0.13279047443, 0.012171227068, 0.11115787859, 0.7259754231, 0.017904996812],
      [0.010526122128, 0.10494369532, 0.8042685621, 0.037055344315, 0.043206276136],
      [0.026934002821, 0.00056480360569, 0.35685795, 0.18858569843, 0.42705754515]
    ],
    [
      [0.00044718883546, 0.64773356793, 0.29298515209, 0.0034265043022, 0.055407586841],
      [0.12947426691, 0.44403206801, 0.20549505253, 0.056493651141, 0.16450496141],
      [0.15704422681, 0.010850556289, 0.07255112962, 0.74920528864, 0.010348798641],
      [0.017872008904, 0.13592605493, 0.75019630815, 0.059746973206, 0.036258654807],
      [0.045303295088, 0.00067181540273, 0.32323421801, 0.27886794906, 0.35192272245]
    ],
    [
      [0.00039228425927, 0.58562207714, 0.34969059461, 0.0024582865247, 0.061836757465],
      [0.10491222102, 0.41139969659, 0.2513577964, 0.041966719909, 0.19036356608],
      [0.15682569791, 0.011784536462, 0.10817313784, 0.70797815696, 0.015238470824],
      [0.013789177476, 0.10836921222, 0.80273080482, 0.037655861502, 0.037454943979],
      [0.034601953111, 0.00053466418803, 0.37616361234, 0.20088312756, 0.3878166428]
    ],
    [
      [8.6136811544e-05, 0.55086874825, 0.32776613669, 0.0036888975805, 0.11759008066],
      [0.077547612298, 0.34303789771, 0.21106998968, 0.051398704181, 0.31694579612],
      [0.10799941734, 0.011702025589, 0.088665554373, 0.77713185213, 0.014501150571],
      [0.0087686547357, 0.10730676938, 0.7690333968, 0.056144627713, 0.058746551364],
      [0.020768263519, 0.0010594155289, 0.25330704919, 0.19111222511, 0.53375304665]
    ],
    [
      [0.00020921482273, 0.41629913607, 0.26797854317, 0.0012463526434, 0.31426675329],
      [0.051395114632, 0.13494389728, 0.10624007658, 0.0082060350345, 0.69921487647],
      [0.18859133334, 0.0078550825539, 0.095626918589, 0.64803538994, 0.059891275576],
      [0.033143577072, 0.070654695778, 0.75006390911, 0.0039481760107, 0.14218964203],
      [0.0050883726465, 6.5867181078e-05, 0.049772888932, 0.015459339912, 0.92961353133]
    ],
    [
      [0, 0.51540800084, 0.48459199916, 0, 0],
      [0, 0.53142810255, 0.46857189745, 0, 0],
      [0.0060425688989, 0.014901000097, 0.27910427867, 0.69200100046, 0.0079511518803],
      [0, 0.06024797058, 0.93975202942, 0, 0],
      [0.0055630969378, 0.00058459408325, 0.82329784401, 0.037994778943, 0.13255968602]
    ],
    [
      [0, 0.76556476199, 0.18550444902, 0.0018841822295, 0.047046606767],
      [0.046714436043, 0.59801400316, 0.1522544076, 0.035703393562, 0.16731375963],
      [0.090619045343, 0.013486912915, 0.088236968953, 0.78933499086, 0.018322081932],
      [0.0045379929753, 0.20172777781, 0.69814853575, 0.047101723147, 0.048483970318],
      [0.018648666797, 0, 0.2948260993, 0.22065992878, 0.46586530513]
    ],
    [
      [0.0022726856584, 0.56827677806, 0.24970206973, 0.0022891385277, 0.17745932802],
      [0.11474499395, 0.24715408795, 0.12994312646, 0.043070083941, 0.46508770769],
      [0.17755012241, 0.012820203832, 0.038004704998, 0.75477231257, 0.016852656194],
      [0.03750355659, 0.10728040178, 0.69545975319, 0.051727906457, 0.10802838199],
      [0.029181925075, 0.0030678285067, 0.12057321066, 0.1330610708, 0.71411596496]
    ],
    [
      [0, 0.75699449911, 0.20189223354, 0, 0.041113267347],
      [0.024276083204, 0.64094039228, 0.17773217156, 0.015439839616, 0.14161151335],
      [0.085362438777, 0.024829839734, 0.15243827366, 0.70531145294, 0.032057994887],
      [0, 0.18996505763, 0.75518197223, 0.0063245235618, 0.048528446578],
      [0.012461007045, 0.00050767604061, 0.38570586761, 0.12215100858, 0.47917444072]
    ],
    [
      [0.00035119924395, 0.4726116836, 0.45663750793, 0.0039828650178, 0.066416744212],
      [0.10955942904, 0.31689782, 0.31601848782, 0.06282807716, 0.19469618597],
      [0.12029052267, 0.0033282456393, 0.1035753285, 0.76160717492, 0.011198728272],
      [0.011202845425, 0.061020283687, 0.84570917187, 0.049495491123, 0.032572207893],
      [0.029765843207, 0, 0.39367383632, 0.24582143534, 0.33073888513]
    ],
    [
      [0.00054199128374, 0.4917005153, 0.39426071709, 0.0031822039819, 0.11031457234],
      [0.1328224361, 0.29310309796, 0.24257133965, 0.044050024964, 0.28745310132],
      [0.18852937597, 0.0054655191693, 0.10445414457, 0.68397604188, 0.01757491841],
      [0.016853268502, 0.077474597105, 0.80959338838, 0.043337242954, 0.052741503061],
      [0.036430078027, 0, 0.30146889426, 0.17144184613, 0.49065918159]
    ],
    [
      [0.00076917022873, 0.64881739818, 0.31264571041, 0.0010766081877, 0.036691112989],
      [0.089636161362, 0.50634743994, 0.25094384959, 0.02740444534, 0.12566810376],
      [0.17898999262, 0.019421582044, 0.1432814286, 0.64709412018, 0.011212876555],
      [0.014771037506, 0.13297084842, 0.80745365708, 0.022742812784, 0.022061644205],
      [0.037054908492, 0.00097602830091, 0.46816011086, 0.16938890437, 0.32442004798]
    ],
    [
      [0.00035399762305, 0.44709503807, 0.43040875413, 0.0038652285646, 0.1182769816],
      [0.19616336207, 0.23867086951, 0.23930784472, 0.047060370209, 0.2787975535],
      [0.24444264807, 0, 0.094863414007, 0.64366014811, 0.017033789814],
      [0.016137172642, 0.056807539735, 0.82004843095, 0.051527321994, 0.055479534684],
      [0.051420682672, 0, 0.29579466622, 0.17978328858, 0.47300136252]
    ],
    [
      [8.0454924811e-06, 0.91102785636, 0.084845317368, 7.6982986747e-05, 0.0040417977915],
      [0, 0.87619850581, 0.12380149419, 0, 0],
      [0.15955175441, 0.012337895603, 0.10164597158, 0.71254677376, 0.013917604649],
      [0, 0.22476029884, 0.77523970116, 0, 0],
      [0.0044342285978, 0.0018533143053, 0.6542620174, 0.0086457494446, 0.33080469025]
    ],
    [
      [0, 0.90387236131, 0.076370359168, 0, 0.019757279523],
      [0, 0.82426758433, 0.099210434402, 0, 0.076521981268],
      [0.00061858377907, 0.20039983116, 0.64381544563, 0.061015629885, 0.094150509551],
      [0, 0.248976197, 0.69070081772, 0, 0.060322985283],
      [0, 0.026979069362, 0.37091511784, 0, 0.60210581279]
    ],
    [
      [8.3817944202e-05, 0.62558399915, 0.32621623654, 0.0016112408569, 0.04650470551],
      [0.14066717941, 0.44739631854, 0.23982192612, 0.027687466195, 0.14442710974],
      [0.2630742967, 0.016798543607, 0.12946713001, 0.57755733259, 0.013102697093],
      [0.013300334303, 0.12610976114, 0.80513107765, 0.026816748854, 0.028642078049],
      [0.056053206156, 0.00099110695262, 0.42940981394, 0.1582811485, 0.35526472445]
    ],
    [
      [0.00034933294382, 0.64969874307, 0.30442122778, 0.0023496514934, 0.043181044716],
      [0.11475722614, 0.4782282945, 0.22951912336, 0.040428725502, 0.1370666305],
      [0.17915914921, 0.014756515714, 0.10656675068, 0.69017475868, 0.0093428257091],
      [0.014691940476, 0.13670915243, 0.78246881216, 0.040541183909, 0.025588911019],
      [0.044806787618, 0.00074372740321, 0.40292122741, 0.22219867468, 0.32932958289]
    ],
    [
      [0.00060920814447, 0.50221777716, 0.33453693547, 0.0031719868783, 0.15946409235],
      [0.11194521941, 0.27554470673, 0.19157294403, 0.039940808593, 0.38099632124],
      [0.17988503778, 0.0096287547947, 0.095362240608, 0.69691701949, 0.018206947328],
      [0.020009352878, 0.094141625098, 0.77021650388, 0.048713057389, 0.066919460753],
      [0.028862998522, 0.00057252110688, 0.2184651993, 0.14214703574, 0.60995224533]
    ],
    [
      [0.039556918111, 0.42524510717, 0.52767708198, 0.0075208927331, 0],
      [0.30905004979, 0.16796323415, 0.36103302701, 0.074754081562, 0.087199607482],
      [0.22301619386, 0.0018914095178, 0.014219902835, 0.76087249379, 0],
      [0.064830548733, 0.036301747585, 0.87062844777, 0.028239255914, 0],
      [0.21553158112, 0.00051997627885, 0.43369223929, 0.3502562033, 0]
    ],
    [
      [0.00022030166565, 0.30633977139, 0.48193105473, 0.0016998841573, 0.20980898806],
      [0.10952560349, 0.42085884911, 0.23486386081, 0.044885110988, 0.18986657561],
      [0.2, 0, 0.070492849443, 0.6, 0.12950715056],
      [0, 0, 0.88251191759, 0, 0.11748808241],
      [0.037055241486, 0.00058257098428, 0.35758165522, 0.21321359283, 0.39156693948]
    ],
    [
      [0.00010373223693, 0.31264427674, 0.55628833644, 0.0057574910822, 0.1252061635],
      [0.16585220703, 0.093677861628, 0.32883051009, 0.08109397084, 0.33054545041],
      [0.054343448679, 0, 0.096820153752, 0.82730085527, 0.021535542299],
      [0.016688779242, 0, 0.86892934982, 0.059142597695, 0.055239273242],
