{
  "X": [
    [366, 234, 40],
    [510, 366, 82],
    [369, 255, 33],
    [146, 315, 21],
    [589, 734, 64],
    [791, 667, 84],
    [276, 214, 46],
    [372, 315, 52],
    [726, 565, 96],
    [250, 168, 37],
    [630, 681, 70],
    [253, 67, 30],
    [153, 239, 21],
    [287, 410, 43],
    [40, 131, 7],
    [447, 249, 48],
    [424, 310, 50],
    [354, 385, 46],
    [256, 165, 46],
    [643, 698, 97],
    [274, 422, 31],
    [79, 100, 19],
    [615, 903, 88],
    [613, 812, 104],
    [473, 491, 69],
    [453, 666, 95],
    [5, 6, 1],
    [73, 109, 9],
    [59, 81, 11],
    [15, 18, 1],
    [315, 301, 52],
    [250, 459, 59],
    [123, 190, 24],
    [410, 586, 60],
    [488, 740, 55],
    [476, 661, 72],
    [547, 750, 77],
    [506, 585, 72],
    [168, 189, 25],
    [465, 382, 83],
    [1975, 2038, 269],
    [109, 73, 18],
    [1014, 926, 224],
    [144, 229, 41]
  ],
  "W": [
    [29, 313, 223, 43, 32],
    [38, 408, 350, 76, 86],
    [17, 309, 248, 45, 38],
    [26, 108, 293, 15, 40],
    [46, 499, 688, 77, 77],
    [86, 666, 601, 85, 104],
    [25, 235, 183, 34, 59],
    [34, 320, 287, 64, 34],
    [38, 645, 505, 117, 82],
    [23, 216, 146, 37, 33],
    [52, 530, 625, 88, 86],
    [14, 227, 63, 27, 19],
    [37, 103, 211, 27, 35],
    [43, 214, 392, 32, 59],
    [9, 32, 118, 7, 12],
    [42, 352, 236, 53, 61],
    [60, 341, 281, 40, 62],
    [60, 247, 369, 47, 62],
    [43, 207, 154, 26, 37],
    [70, 550, 631, 66, 121],
    [48, 209, 394, 23, 53],
    [7, 69, 93, 10, 19],
    [61, 509, 820, 71, 145],
    [77, 488, 751, 84, 129],
    [65, 382, 439, 57, 90],
    [71, 388, 629, 34, 92],
    [0, 4, 6, 0, 2],
    [10, 62, 100, 4, 15],
    [9, 52, 72, 4, 14],
    [1, 11, 16, 1, 5],
    [27, 280, 252, 62, 47],
    [78, 175, 427, 30, 58],
    [29, 111, 160, 4, 33],
    [46, 311, 560, 60, 79],
    [65, 386, 684, 59, 89],
    [68, 370, 602, 54, 115],
    [108, 418, 675, 51, 122],
    [104, 382, 538, 50, 89],
    [33, 108, 183, 31, 27],
    [13, 431, 388, 60, 38],
    [234, 1629, 1886, 271, 262],
    [12, 94, 76, 6, 12],
    [185, 842, 859, 101, 177],
    [41, 108, 234, 8, 23]
  ],
  "method": "mvn_pdf",
  "cond_prob": [
    [
      [0.48773150902, 0.17956335102, 0.33270513996],
      [0.9721306168, 0.026437563694, 0.0014318195016],
      [0.076722560572, 0.92291401441, 0.00036342501751],
      [0.50498053944, 0.060140206332, 0.43487925423],
      [0.27361278048, 0.37880785308, 0.34757936644]
    ],
    [
      [0.48987649426, 0.15413405739, 0.35598944835],
      [0.97590341165, 0.021896456258, 0.0022001320917],
      [0.089161032357, 0.91038716194, 0.0004518057039],
      [0.49560486423, 0.050505044517, 0.45389009125],
      [0.28306709603, 0.33413094888, 0.38280195509]
    ],
    [
      [0.54548636805, 0.17861879803, 0.27589483392],
      [0.97333642527, 0.025091018709, 0.0015725560161],
      [0.085459058732, 0.91424014882, 0.00030079244452],
      [0.57334154746, 0.06072908341, 0.36592936913],
      [0.3150410561, 0.38805236818, 0.29690657572]
    ],
    [
      [0.4608891537, 0.28973935848, 0.24937148782],
      [0.95478261863, 0.045217381371, 0],
      [0.046700583264, 0.95329941674, 0],
      [0.52998615748, 0.10758627246, 0.36242757005],
      [0.23168239833, 0.54131940752, 0.22699819415]
    ],
    [
      [0.45213301109, 0.26778074223, 0.28008624668],
      [0.95638328032, 0.042996868586, 0.00061985109296],
      [0.049888168672, 0.9500438658, 6.7965530185e-05],
      [0.50693753197, 0.09719172086, 0.39587074717],
      [0.22869317665, 0.50795722413, 0.26334959922]
    ],
    [
      [0.48568462825, 0.24000696925, 0.2743084025],
      [0.96355504518, 0.036444954815, 0],
      [0.058961242508, 0.94085157016, 0.00018718733121],
      [0.53433722194, 0.085505296679, 0.38015748138],
      [0.25624126217, 0.47468573897, 0.26907299886]
    ],
    [
      [0.42738267353, 0.21499445947, 0.357622867],
      [0.96270003079, 0.036622511735, 0.00067745747108],
      [0.057379232718, 0.94228680277, 0.00033396451346],
      [0.45066358758, 0.073310923579, 0.47602548884],
      [0.22471126034, 0.42521681266, 0.350071927]
    ],
    [
      [0.42278139587, 0.24170358563, 0.33551501851],
      [0.95742295483, 0.041500647524, 0.0010763976506],
      [0.050961215274, 0.94875754775, 0.00028123697583],
      [0.45737329246, 0.084543186151, 0.45808352139],
      [0.21624492633, 0.46463796362, 0.31911711005]
    ],
    [
      [0.41023925141, 0.24343461029, 0.3463261383],
      [0.95573835637, 0.043214177507, 0.0010474661276],
      [0.049497205954, 0.95021141175, 0.00029138230003],
      [0.44324113155, 0.085150146791, 0.47160872166],
      [0.20858984381, 0.46410988062, 0.32730027557]
    ],
    [
      [0.42874857992, 0.21996944104, 0.35128197905],
      [0.96176798517, 0.037396417817, 0.00083559701366],
      [0.056056278046, 0.94362500637, 0.00031871558314],
      [0.4543520785, 0.075301150778, 0.47034677072],
      [0.22429255655, 0.43356615451, 0.34214128894]
    ],
    [
      [0.46302030866, 0.26598699209, 0.27099269925],
      [0.95802885561, 0.041764012105, 0.00020713228685],
      [0.051434132248, 0.94856586775, 0],
      [0.51988450392, 0.096679471911, 0.38343602417],
      [0.2357149009, 0.50781731538, 0.25646778372]
    ],
    [
      [0.44348688474, 0.1173279787, 0.43918513656],
      [0.98629247143, 0.012817384095, 0.00089014447823],
      [0.1019696815, 0.89733725463, 0.00069306387234],
      [0.42741706833, 0.036593189836, 0.53598974184],
      [0.25991799055, 0.25934731271, 0.48073469674]
    ],
    [
      [0.52859724569, 0.30271336697, 0.16868938734],
      [0.95703851216, 0.042961487839, 0],
      [0.048854148148, 0.95114585185, 0],
      [0.58612045442, 0.11267837915, 0.30120116644],
      [0.24952736082, 0.56115660562, 0.18931603356]
    ],
    [
      [0.49401162748, 0.21371990541, 0.29226846711],
      [0.96769885056, 0.031705000596, 0.0005961488396],
      [0.066001987469, 0.93346516836, 0.00053284416998],
      [0.5301540264, 0.074213115714, 0.39563285789],
      [0.26834301805, 0.43613573288, 0.29552124907]
    ],
    [
      [0.36033832781, 0.41370780346, 0.22595386873],
      [0.92159742345, 0.077823766251, 0.00057881030329],
      [0.01871057674, 0.97935277947, 0.00193664379],
      [0.46103884788, 0.16905546631, 0.36990568581],
      [0.15255979241, 0.6699377506, 0.17750245699]
    ],
    [
      [0.58726972808, 0.15349291173, 0.25923736019],
      [0.97579984278, 0.020845093695, 0.0033550635207],
      [0.1050895877, 0.89458636148, 0.00032405082221],
      [0.60944276411, 0.051565659842, 0.33899157605],
      [0.35658225516, 0.35017153192, 0.29324621292]
    ],
    [
      [0.52406876642, 0.19806103056, 0.27787020302],
      [0.97030180152, 0.028654083286, 0.0010441151901],
      [0.075248257805, 0.92447322463, 0.00027851756028],
      [0.5584616348, 0.068303908678, 0.37323445652],
      [0.29354409452, 0.41671231123, 0.28974359425]
    ],
    [
      [0.56985052134, 0.18856981942, 0.24157965924],
      [0.97509890783, 0.024620467498, 0.00028062466914],
      [0.080966611705, 0.91903338829, 0],
      [0.60928635933, 0.065253266886, 0.32546037379],
      [0.32978064318, 0.4099085732, 0.26031078362]
    ],
    [
      [0.45123625595, 0.15019413327, 0.39856961078],
      [0.97818465271, 0.021263177488, 0.00055216980313],
      [0.083931029101, 0.91555454514, 0.00051442575509],
      [0.44983251476, 0.048454862202, 0.50171262304],
      [0.25652956806, 0.32121481514, 0.42225561681]
    ],
    [
      [0.41383491781, 0.23571205373, 0.35045302847],
      [0.95773449413, 0.041417038534, 0.00084846733406],
      [0.051142861633, 0.94842833005, 0.0004288083197],
      [0.44411850533, 0.081921941142, 0.47395955353],
      [0.2123522061, 0.45335256752, 0.33429522637]
    ],
    [
      [0.49928763811, 0.26169441846, 0.23901794343],
      [0.96138017399, 0.038619826007, 0],
      [0.055521062975, 0.94447893702, 0],
      [0.56389172378, 0.095576126034, 0.34053215019],
      [0.26907412353, 0.51026739985, 0.22065847663]
    ],
    [
      [0.30991901648, 0.17805672833, 0.51202425519],
      [0.9577054214, 0.042294578595, 0],
      [0.049330485525, 0.95066951447, 0],
      [0.30335394434, 0.056222175212, 0.64042388045],
      [0.16461148477, 0.36109423054, 0.47429428469]
    ],
    [
      [0.43105631703, 0.27366635849, 0.29527732448],
      [0.95334785028, 0.045968037105, 0.00068411261151],
      [0.046299112954, 0.95329048307, 0.00041040397373],
      [0.48340485803, 0.099386203701, 0.41720893827],
      [0.21492752638, 0.51140692871, 0.27366554491]
    ],
    [
      [0.43915620059, 0.23376035253, 0.32708344688],
      [0.96041836847, 0.038832345874, 0.00074928565276],
      [0.054924461586, 0.94464547343, 0.0004300649792],
      [0.47377257223, 0.081676854352, 0.44455057342],
      [0.22833831024, 0.45550900584, 0.31615268391]
    ],
    [
      [0.46350193752, 0.23920791929, 0.29729014319],
      [0.96170914739, 0.037645875137, 0.00064497747088],
      [0.056602837288, 0.94315659325, 0.00024056945925],
      [0.50623360156, 0.084568375277, 0.40919802316],
      [0.24217243221, 0.46894021239, 0.2888873554]
    ],
    [
      [0.33137446396, 0.19401629655, 0.47460923949],
      [0.95611207173, 0.043887928268, 0],
      [0.049992573204, 0.9500074268, 0],
      [0.33372403913, 0.063287757194, 0.60298820368],
      [0.17074981903, 0.38575947367, 0.44349070729]
    ],
    [
      [0.42430809948, 0.12804349926, 0.44764840126],
      [0.98886298382, 0.011137016181, 0],
      [0.08818796981, 0.91181203019, 0],
      [0.26669211897, 0.038528896197, 0.69477898484],
      [0.25771012293, 0.24228987707, 0.5]
    ],
    [
      [0.4293821214, 0.2731034806, 0.297514398],
      [0.95445889402, 0.044884353409, 0.0006567525707],
      [0.044352832678, 0.95388131379, 0.0017658535338],
      [0.4786450283, 0.097790456372, 0.42356451533],
      [0.21199093172, 0.51378947189, 0.27421959639]
    ],
    [
      [0.34955828644, 0.25060803735, 0.39983367621],
      [0.94911380922, 0.049834002986, 0.0010521877939],
      [0.036544538554, 0.96230197122, 0.0011534902295],
      [0.37071854155, 0.085331272953, 0.5439501855],
      [0.17042688575, 0.46614946352, 0.36342365073]
    ],
    [
      [0.6515417019, 0.22129155265, 0.12716674545],
      [0.97758978595, 0.022410214047, 0],
      [0.067842309874, 0.93215769013, 0],
      [0.73809009968, 0.077598863682, 0.18431103664],
      [0.35428071899, 0.50801483743, 0.13770444358]
    ],
    [
      [0.36484384435, 0.31176495043, 0.32339120522],
      [0.93749190839, 0.058798001636, 0.0037100899719],
      [0.034696545529, 0.96508943393, 0.00021402053613],
      [0.41755836349, 0.11527375866, 0.46716787786],
      [0.17062412433, 0.54828501047, 0.2810908652]
    ],
    [
      [0.42671033488, 0.23700316587, 0.33628649924],
      [0.95887386699, 0.040338672046, 0.00078746096862],
      [0.052384160246, 0.94706912394, 0.00054671581377],
      [0.46004894294, 0.082681927921, 0.45726912914],
      [0.21972693868, 0.45819847748, 0.32207458384]
    ],
    [
      [0.32323170178, 0.30893791215, 0.36783038606],
      [0.93226093675, 0.066658743005, 0.0010803202469],
      [0.023641252047, 0.97179593601, 0.004562811946],
      [0.36345183698, 0.11203121679, 0.52451694623],
      [0.14875481799, 0.53655168017, 0.31469350183]
    ],
    [
      [0.48666086556, 0.22455528468, 0.28878384976],
      [0.96559931757, 0.033801858551, 0.00059882388005],
      [0.062660478616, 0.93709083415, 0.0002486872363],
      [0.52705039358, 0.078724494724, 0.39422511169],
      [0.26075089596, 0.45143977327, 0.28780933077]
    ],
    [
      [0.47527217977, 0.28529811777, 0.23942970247],
      [0.95606134508, 0.043938654925, 0],
      [0.049150814187, 0.95084918581, 0],
      [0.54670249125, 0.10622392944, 0.34707357931],
      [0.24935983403, 0.53760951248, 0.21303065349]
    ],
    [
      [0.4671800326, 0.24996702588, 0.28285294153],
      [0.96057411368, 0.039000394825, 0.00042549149683],
      [0.054983290832, 0.94501670917, 0],
      [0.51650243939, 0.089474779792, 0.39402278082],
      [0.24198489491, 0.48556868806, 0.27244641703]
    ],
    [
      [0.4777026423, 0.26118707134, 0.26111028636],
      [0.95995187063, 0.040048129368, 0],
      [0.053765433433, 0.94623456657, 0],
      [0.53603514079, 0.094899402797, 0.36906545642],
      [0.25015387672, 0.50412685446, 0.24571926881]
    ],
    [
      [0.4982555098, 0.22678763428, 0.27495685592],
      [0.9660608874, 0.033748485688, 0.00019062691253],
      [0.063516734083, 0.93648326592, 0],
      [0.54271540101, 0.079980432855, 0.37730416614],
      [0.2678471349, 0.45724882917, 0.27490403593]
    ],
    [
      [0.57891123206, 0.18195437151, 0.23913439642],
      [0.97641426158, 0.023166777735, 0.00041896068471],
      [0.083095491719, 0.91652348825, 0.00038102003513],
      [0.61628123385, 0.062579913328, 0.32113885282],
      [0.33822206878, 0.40110066972, 0.26067726149]
    ],
    [
      [0.2219246091, 0.089488381081, 0.68858700981],
      [0.97032532944, 0.028728542492, 0.0009461280638],
      [0.070741052861, 0.92775445168, 0.0015044954615],
      [0.19779677288, 0.02584844095, 0.77635478617],
      [0.12077442654, 0.18250040853, 0.69672516494]
    ],
    [
      [0.4539129511, 0.23478556475, 0.31130148415],
      [0.96145054317, 0.037855927564, 0.00069352927076],
      [0.056688053274, 0.94303041158, 0.00028153514257],
      [0.49239220134, 0.082539017006, 0.42506878165],
      [0.23751709767, 0.4598070305, 0.30267587183]
    ],
    [
      [0.36380348685, 0.088534347735, 0.54766216541],
      [0.98714374061, 0.012856259387, 0],
      [0.10158882845, 0.89841117155, 0],
      [0.30419043283, 0.026063633036, 0.66974593414],
      [0.19141274843, 0.19112238405, 0.61746486752]
    ],
    [
      [0.382416078, 0.16856014629, 0.44902377572],
      [0.96723489772, 0.032765102275, 0],
      [0.0655391046, 0.9344608954, 0],
      [0.36750850305, 0.053124233975, 0.57936726298],
      [0.20014006795, 0.33424124317, 0.46561868888]
    ],
    [
      [0.34477352674, 0.11531999139, 0.53990648187],
      [0.97319718372, 0.026802816278, 0],
      [0.07867288427, 0.92132711573, 0],
      [0.29318400352, 0.034762104624, 0.67205389186],
      [0.17408967889, 0.23950149031, 0.58640883081]
    ]
  ],
  "expected_outcome": [
    [
      [14.1442137615, 18.6153067819, 9.2732682569, 11.9831179963, 20.79811851, 41.7688780296, 10.6845668384, 14.3745674594, 15.5890915537, 9.8612173381, 24.0770560504, 6.2088163863, 19.5580980904, 21.2424999817, 3.2430449503, 24.6653285793, 31.4441259852, 34.1910312803, 19.4031590058, 28.9684442466, 23.9658066294, 2.1694331153, 26.2944353389, 33.8150274452, 30.127625939, 23.527586941, 0, 4.293821214, 3.146024578, 0.6515417019, 9.8507837974, 33.283406121, 9.3737193517, 22.3863998157, 30.8926916847, 31.7682422165, 51.5918853681, 51.8185730195, 19.1040706581, 2.8850199184, 106.2156305565, 4.3656418422, 70.7469744294, 14.1357145963],
      [5.2073371795, 5.8570941809, 3.0365195665, 7.5332233205, 12.3179141427, 20.6405993554, 5.3748614867, 8.2179219113, 9.2505151909, 5.0592971439, 13.8313235886, 1.6425917018, 11.200394578, 9.1899559324, 3.7233702312, 6.4467022928, 11.8836618335, 11.3141891653, 6.4583477306, 16.4998437609, 12.5613320861, 1.2463970983, 16.6936478681, 17.9995471449, 15.5485147536, 13.775157055, 0, 2.731034806, 2.2554723361, 0.22129155265, 8.4176536615, 18.4862469382, 8.9591994525, 10.3295430955, 18.544377655, 16.9977577597, 28.2082037045, 23.5859139653, 6.0044942599, 1.1633489541, 54.9398221518, 1.0624121728, 31.1836270632, 4.7281196471],
      [9.648449059, 13.5275990372, 4.6902121767, 6.4836586832, 12.8839673473, 23.590522615, 8.940571675, 11.4075106293, 13.1603932554, 8.0794855181, 14.0916203609, 6.1485919119, 6.2415073316, 12.5675440859, 2.0335848186, 10.8879691279, 16.6722121814, 14.4947795543, 17.1384932636, 24.5317119926, 11.4728612846, 3.5841697863, 18.011916793, 25.1854254098, 19.3238593073, 33.697256004, 0, 2.97514398, 3.5985030859, 0.12716674545, 8.731562541, 26.2303469408, 10.6670811958, 13.2840570888, 15.5629306603, 19.2340000239, 28.1999109274, 28.5955130152, 7.8914350819, 8.9516311276, 72.8445472917, 6.571945985, 83.0693985074, 22.1361657566]
    ],
    [
      [304.2768830599, 398.1685919532, 300.7609554098, 103.1165228119, 477.23525688, 641.7276600929, 226.2345072365, 306.3753455443, 616.4512398559, 207.7418847966, 507.7552934723, 223.8883910138, 98.5749667525, 207.0875540209, 29.4911175503, 343.4815446601, 330.8729143195, 240.8494302346, 202.4842231108, 526.7539717725, 200.9284563645, 66.0816740769, 485.2540557941, 468.6841638152, 367.3728943037, 370.9714838321, 3.9554519353, 59.1764514293, 49.3539180794, 10.7534876455, 262.4977343498, 167.8029267225, 103.480963979, 300.3013877638, 369.0396791991, 355.4124220611, 401.2598819242, 369.0352589867, 105.4527402506, 418.2102169905, 1566.2029348158, 92.7915116176, 814.4117838844, 105.1052958419],
      [8.2749574361, 8.9337541534, 7.7531247812, 4.8834771881, 21.4554374246, 24.2723399071, 8.6062902578, 13.2802072075, 27.8731444918, 8.0776262485, 22.1349264157, 2.9095461896, 4.4250332475, 6.7848701274, 2.49036052, 7.3374729806, 9.7710424007, 6.0812554721, 4.4014777399, 22.7793711937, 8.0715436355, 2.9183259231, 23.3977308867, 18.9501847863, 14.3807243024, 17.0285161679, 0.044548064723, 2.7828299114, 2.5913681553, 0.24651235451, 16.4634404581, 7.059267608, 7.3991204736, 10.5123780095, 16.9603208009, 14.4301460851, 16.7401180758, 12.8919215328, 2.5020119954, 12.382001814, 61.6673060021, 1.2084883824, 27.5882161156, 2.8947041581],
      [0.44815950401, 0.89765389341, 0.48591980899, 0, 0.30930569539, 0, 0.1592025057, 0.3444472482, 0.67561565233, 0.18048895495, 0.10978011203, 0.20206279656, 0, 0.12757585168, 0.018521929705, 1.1809823593, 0.35604327983, 0.069314293278, 0.11429914925, 0.46665703373, 0, 0, 0.34821331926, 0.36565139855, 0.24638139388, 0, 0, 0.040718659383, 0.054713765283, 0, 1.0388251921, 0.13780566951, 0.11991554741, 0.1862342267, 0, 0.15743185383, 0, 0.072819480587, 0.045247753949, 0.4077811955, 1.1297591821, 0, 0, 0]
    ],
    [
      [17.1091310075, 31.2063613251, 21.1938465656, 13.6832708963, 34.3230600464, 35.435706747, 10.5003995874, 14.6258687836, 24.9960890068, 8.1842165946, 32.1463326548, 6.4240899346, 10.3082252592, 25.8727790879, 2.2078480554, 24.8011426978, 21.1447604431, 29.8766797193, 12.9253784816, 32.2711456907, 21.8752988122, 4.5877351538, 37.9652726221, 41.2482706513, 24.8486455696, 31.4453285456, 0.52912781886, 4.4352832678, 2.6312067759, 1.085476958, 8.7435294734, 22.3680364251, 3.7826003276, 35.0898680247, 33.619156904, 33.0999410809, 36.2916675674, 34.1720029369, 15.2064749846, 27.44752851, 106.9136684745, 7.7207509621, 56.2980908511, 18.4094549192],
      [205.8098252135, 318.6355066785, 226.7315569082, 279.3167291037, 653.6301796688, 565.4517936669, 172.4384849066, 272.2934162044, 479.8567629317, 137.7692509302, 592.8536673452, 56.5322470415, 200.6917747408, 365.9183459975, 115.5636279774, 211.1223813081, 259.7769761224, 339.1233202807, 140.9953999521, 598.4582762596, 372.1247011878, 88.4122648462, 781.6981961195, 709.4287505493, 414.0457444377, 597.5546714544, 5.4708721811, 95.3881313788, 69.2857419276, 14.914523042, 243.2025373515, 404.3985159224, 155.4873497611, 524.770867123, 650.380843096, 568.9000589191, 638.7083324326, 503.8279970631, 167.723798349, 359.9687272509, 1778.5553562466, 68.2792490379, 802.7019091489, 215.5905450808],
      [0.081043778905, 0.15813199636, 0.074596526242, 0, 0.046760284767, 0.11249958606, 0.061115505962, 0.080715012065, 0.14714806151, 0.046532475139, 0, 0.043663023958, 0, 0.20887491463, 0.22852396721, 0.076475994042, 0.078263434439, 0, 0.079221566284, 0.27057804973, 0, 0, 0.33653125846, 0.32297879938, 0.10560999261, 0, 0, 0.17658535338, 0.083051296523, 0, 0.053933175105, 0.23344765248, 0.73004991136, 0.13926485233, 0, 0, 0, 0, 0.069726666428, 0.58374423905, 0.53097527888, 0, 0, 0]
    ],
    [
      [21.7141631958, 37.6659696815, 25.8003696359, 7.9497923623, 39.0341899615, 45.418663865, 15.3225619778, 29.2718907174, 51.8592123915, 16.8110269045, 45.7498363447, 11.5402608448, 15.8252522692, 16.9649288447, 3.2272719352, 32.3004664977, 22.3384653919, 28.6364588884, 11.6956453837, 29.311821352, 12.969509647, 3.0335394434, 34.3217449204, 39.7968960669, 28.8553152889, 11.3466173303, 0, 1.9145801132, 1.4828741662, 0.73809009968, 25.8886185361, 13.8014682881, 1.4538073479, 31.623023615, 32.2554469837, 27.8911317271, 27.3377921801, 27.1357700505, 19.1047182495, 11.8678063727, 133.4382865631, 1.825142597, 37.1183588079, 2.3454720281],
      [2.5860288723, 3.8383833833, 2.7328087534, 1.6137940869, 7.4837625062, 7.2679502177, 2.4925714017, 5.4107639137, 9.9625671746, 2.7861425788, 8.5077935282, 0.98801612558, 3.0423162369, 2.3748197029, 1.1833882641, 2.7329799716, 2.7321563471, 3.0669035437, 1.2598264173, 5.4068481154, 2.1982508988, 0.56222175212, 7.0564204628, 6.8608557656, 4.8203973908, 2.1517837446, 0, 0.39116182549, 0.34132509181, 0.077598863682, 7.1469730367, 2.4804578376, 0.44812486715, 4.7234696834, 6.267211837, 4.8316381087, 4.8398695426, 3.9990216428, 1.9399773132, 1.550906457, 22.3680736087, 0.15638179822, 5.3655476315, 0.27809683699],
      [18.6998079319, 34.4956469352, 16.4668216107, 5.4364135508, 30.4820475323, 32.3133859173, 16.1848666205, 29.3173453689, 55.1782204339, 17.4028305167, 33.7423701271, 14.4717230296, 8.1324314938, 12.6602514524, 2.5893398007, 17.9665535307, 14.929378261, 15.296637568, 13.0445281991, 31.2813305327, 7.8322394543, 6.4042388045, 29.6218346168, 37.3422481675, 23.3242873203, 20.5015989251, 0, 1.6942580613, 2.175800742, 0.18431103664, 28.9644084272, 13.7180738743, 2.0980677849, 23.6535067016, 20.4773411792, 21.2772301641, 18.8223382773, 18.8652083068, 9.9553044373, 46.5812871703, 115.1936398282, 4.0184756048, 58.5160935606, 5.3764311349]
    ],
    [
      [8.7556089752, 24.3437702583, 11.9715601319, 9.2672959333, 17.6093746021, 26.6490912655, 13.2579643599, 7.3523274953, 17.1043671921, 7.4016543661, 20.2714814778, 4.9384418204, 8.7334576286, 15.8322380648, 1.8307175089, 21.7515175651, 18.1997338603, 20.4463998774, 9.4915940181, 25.6946169382, 14.260928547, 3.1276182106, 31.1644913246, 29.4556420214, 21.7955188987, 15.708983351, 0.51542024586, 3.1798639758, 2.3859764005, 1.771403595, 8.0193338434, 12.7441624434, 4.9089089938, 20.5993207808, 22.1930252284, 27.8282629144, 30.5187729603, 23.8383950065, 9.1319958571, 4.5894282084, 62.22947959, 2.2969529811, 35.4247920272, 4.0040626144],
      [12.1218512986, 28.7352616039, 14.7459899907, 21.6527763008, 39.1127062577, 49.3673168529, 25.0877919472, 15.7976907631, 38.0570102111, 14.3076830987, 43.6722891223, 4.9275989416, 19.6404811968, 25.7320082398, 8.0392530072, 21.3604634468, 25.8361632963, 25.4143315382, 11.8849481601, 54.8556606705, 27.0441721918, 6.8607903803, 74.154004663, 58.7606617539, 42.2046191154, 35.4898715781, 0.48457975414, 7.7068420783, 6.5260924892, 2.5400741871, 25.7693954921, 26.5755116937, 17.7062054457, 35.6637420886, 47.8472466111, 55.8403991274, 61.5034762444, 40.695145796, 10.8297180825, 6.935015524, 120.4694419908, 2.2934686086, 59.1607000407, 5.5085342771],
      [11.1225397262, 32.9209681379, 11.2824498774, 9.079927766, 20.2779191402, 27.9835918816, 20.6542436929, 10.8499817416, 26.8386225968, 11.2906625352, 22.0562293999, 9.133959238, 6.6260611746, 17.4357536954, 2.1300294838, 17.8880189881, 17.9641028434, 16.1392685844, 15.6234578218, 40.4497223913, 11.6948992612, 9.0115914091, 39.6815040124, 40.7836962247, 25.9998619859, 40.8011450709, 1, 4.1132939459, 5.0879311103, 0.68852221791, 13.2112706645, 18.6803258629, 10.3848855605, 22.7369371306, 18.9597281605, 31.3313379582, 29.9777507954, 24.4664591975, 7.0382860603, 26.4755562676, 79.3010784192, 7.4095784102, 82.4145079321, 13.4874031085]
    ]
  ],
  "prob": [
    [0.45072798644, 0.22540602778, 0.32386598578],
    [0.96258439309, 0.036686540021, 0.00072906689219],
    [0.058601282248, 0.94110398524, 0.00029473250809],
    [0.48399122419, 0.07847297284, 0.43753580297],
    [0.23781729739, 0.44474550992, 0.31743719269]
  ],
  "iterations": 183,
  "time": 2.554674,
  "message": "Converged",
  "status": 0,
  "miniter": 0,
  "maxiter": 1000,
  "maxtime": 3600,
  "param_threshold": 0.001,
  "ll_threshold": "-Inf",
  "initial_prob": "random",
  "adjust_prob_cond_method": "lp",
  "adjust_prob_cond_every": true,
  "candidates_id": ["HUGHES, Darren Colyn.c", "GUY, Allen Nathan.c", "Other candidates votes.c"],
  "group_id": ["Green Party.p", "Labour Party.p", "National Party.p", "New Zealand First Party.p", "Other parties votes.p"]
}
