{
  "Z_true": {},
  "V_true": [
    [6, 13, 522, 337, 376, 16],
    [92, 195, 1214, 2200, 7478, 142],
    [20, 15, 171, 2794, 377, 28],
    [122, 278, 184, 518, 152, 195],
    [70, 96, 108, 447, 408, 100],
    [249, 108, 97, 216, 224, 163]
  ],
  "p_true": [
    [0.0047, 0.0102, 0.411, 0.2654, 0.2961, 0.0126],
    [0.0081, 0.0172, 0.1072, 0.1943, 0.6605, 0.0125],
    [0.0059, 0.0044, 0.0502, 0.8206, 0.1107, 0.0082],
    [0.0842, 0.1919, 0.127, 0.3575, 0.1049, 0.1346],
    [0.057, 0.0781, 0.0879, 0.3637, 0.332, 0.0814],
    [0.2356, 0.1022, 0.0918, 0.2044, 0.2119, 0.1542]
  ],
  "Z_est": {},
  "V_est": [
    [0, 0, 767.8823, 448.1271, 53.9906, 0],
    [37.5162, 0, 1159.9863, 2149.2595, 7940.7427, 33.4953],
    [0, 0, 0, 3405, 0, 0],
    [130.677, 366.3813, 181.1986, 240.1574, 295.5164, 235.0693],
    [15.4335, 230.5582, 110.541, 84.2141, 599.5783, 188.6748],
    [375.3733, 108.0604, 76.3917, 185.2418, 125.172, 186.7607]
  ],
  "p_est": [
    [0, 0, 0.6046, 0.3529, 0.0425, 0],
    [0.0033, 0, 0.1025, 0.1898, 0.7014, 0.003],
    [0, 0, 0, 1, 0, 0],
    [0.0902, 0.2529, 0.1251, 0.1657, 0.2039, 0.1622],
    [0.0126, 0.1876, 0.0899, 0.0685, 0.4879, 0.1535],
    [0.3551, 0.1022, 0.0723, 0.1753, 0.1184, 0.1767]
  ],
  "EI_Z": {},
  "EI_V": 11.5501,
  "MAE_Z": {},
  "MAE_V": 126.6079,
  "MAE_p": 0.0654,
  "runtime": 1.8954
}
