{
  "X": [
    [35, 753, 542, 171],
    [28, 516, 466, 136],
    [1, 151, 178, 46],
    [32, 384, 394, 128],
    [24, 486, 428, 121],
    [19, 479, 286, 91],
    [53, 362, 904, 195],
    [74, 157, 859, 165],
    [47, 401, 769, 194],
    [14, 71, 141, 24],
    [76, 524, 990, 234],
    [26, 176, 450, 106],
    [38, 433, 672, 188],
    [37, 925, 641, 189],
    [16, 102, 544, 83],
    [16, 191, 435, 107],
    [28, 49, 500, 67],
    [30, 92, 748, 150],
    [23, 60, 381, 81],
    [44, 109, 724, 124],
    [36, 79, 550, 115],
    [21, 163, 319, 91],
    [20, 256, 330, 85],
    [41, 525, 564, 140],
    [10, 25, 81, 24],
    [57, 714, 832, 241],
    [33, 396, 552, 171],
    [74, 640, 1386, 404],
    [3, 152, 155, 49]
  ],
  "W": [
    [84, 471, 788, 60, 98],
    [38, 416, 556, 51, 85],
    [60, 129, 159, 6, 22],
    [37, 365, 400, 51, 85],
    [76, 371, 508, 27, 77],
    [42, 265, 486, 24, 58],
    [53, 874, 398, 72, 117],
    [15, 901, 171, 55, 113],
    [40, 745, 439, 64, 123],
    [6, 134, 74, 17, 19],
    [67, 922, 595, 81, 159],
    [31, 414, 205, 34, 74],
    [94, 587, 468, 65, 117],
    [90, 543, 970, 55, 134],
    [23, 548, 111, 22, 41],
    [30, 429, 209, 28, 53],
    [20, 486, 74, 30, 34],
    [21, 757, 118, 33, 91],
    [21, 359, 79, 30, 56],
    [31, 696, 125, 63, 86],
    [8, 591, 78, 33, 70],
    [21, 305, 185, 29, 54],
    [33, 306, 264, 34, 54],
    [53, 534, 546, 57, 80],
    [0, 83, 32, 10, 15],
    [66, 756, 777, 95, 150],
    [62, 527, 421, 55, 87],
    [101, 1446, 696, 79, 182],
    [27, 134, 165, 3, 30]
  ],
  "method": "mult",
  "cond_prob": [
    [
      [7.4951004838e-10, 0.096728722944, 0.62943404908, 0.27383722722],
      [0.021056031181, 0.0036147552868, 0.8678782791, 0.10745093443],
      [0, 0.94283720552, 0.012344962611, 0.04481783187],
      [0.39356170036, 0.0027477884786, 0.43816081618, 0.16552969498],
      [0.014988849277, 0.00052706402529, 0.45244276442, 0.53204132228]
    ],
    [
      [6.7910889422e-10, 0.092003582788, 0.63527410428, 0.27272231225],
      [0.019240297181, 0.0029970638, 0.87134715941, 0.10641547961],
      [0, 0.91920261412, 0.03106585257, 0.049731533311],
      [0.36946055561, 0.0027030543379, 0.45735821554, 0.17047817452],
      [0.01357115307, 0.00050089519675, 0.45625038473, 0.529677567]
    ],
    [
      [1.2806896672e-10, 0.090373298596, 0.66469216439, 0.24493453689],
      [0.0024520670135, 6.160288347e-06, 0.90330703214, 0.094234740557],
      [0, 0.91536473646, 0.041340416183, 0.043294847357],
      [0.10412413993, 0.0037520420375, 0.67597785554, 0.2161459625],
      [0.0026790230921, 0.00051372989688, 0.49831225836, 0.49849498865]
    ],
    [
      [8.2380866718e-10, 0.096670077563, 0.61292477581, 0.29040514581],
      [0.025579561663, 0.0019177862358, 0.85701071956, 0.11549193254],
      [0, 0.94886139897, 0.0023142124154, 0.048824388612],
      [0.41751544014, 0.0026442411358, 0.41083497648, 0.16900534224],
      [0.016119676652, 0.00051528549662, 0.43099531632, 0.55236972153]
    ],
    [
      [9.0194452827e-10, 0.09697117688, 0.64359103002, 0.25943779219],
      [0.028865417663, 0.00028360533301, 0.87097777467, 0.099873202331],
      [0, 0.94176208698, 0.017051205479, 0.041186707542],
      [0.44004163984, 0.002538871863, 0.41290134624, 0.14451814206],
      [0.01830916497, 0.00053614614009, 0.46940231926, 0.51175236963]
    ],
    [
      [9.2251914131e-10, 0.10438692614, 0.62665666458, 0.26895640836],
      [0.026947177887, 0.023159555718, 0.84445502399, 0.1054382424],
      [0, 0.96374500059, 0, 0.036254999411],
      [0.44918168619, 0.0027149997208, 0.39931193224, 0.14879138184],
      [0.018597195734, 0.00057304409126, 0.45373021303, 0.52709954714]
    ],
    [
      [7.8823748591e-10, 0.089996203987, 0.64482439231, 0.26517940292],
      [0.025335733106, 0, 0.8724864216, 0.1021778453],
      [7.976346405e-06, 0.89696703235, 0.053279044992, 0.049745946307],
      [0.40277662559, 0.002495315673, 0.43823815407, 0.15648990467],
      [0.015841688844, 0.00049281695013, 0.46592280114, 0.51774269307]
    ],
    [
      [1.2825389239e-09, 0.094019843752, 0.64370055029, 0.26227960467],
      [0.044459918035, 0, 0.85728444859, 0.098255633375],
      [0.012833754938, 0.90887229711, 0.031141009525, 0.047152938429],
      [0.52444734168, 0.0020834099712, 0.34973989222, 0.12372935613],
      [0.02568529154, 0.000512849467, 0.46345483952, 0.51034701947]
    ],
    [
      [7.8941980843e-10, 0.090107894244, 0.62931803293, 0.28057407204],
      [0.025807178213, 0, 0.86441947665, 0.10977334514],
      [7.9639971842e-06, 0.90472925779, 0.040000524007, 0.055262254206],
      [0.40398203302, 0.0024995872496, 0.42787602982, 0.16564234992],
      [0.015571592614, 0.0004842802974, 0.44626400513, 0.53768012196]
    ],
    [
      [1.107222545e-09, 0.10076239504, 0.68416052716, 0.21507707669],
      [0.038221589445, 0.0097207571868, 0.87994639985, 0.07211125352],
      [1.007356424e-05, 0.93299186107, 0.030932800531, 0.036065264836],
      [0.49570209749, 0.0023704899924, 0.39443906228, 0.10748835024],
      [0.023717152984, 0.00058674303763, 0.52566989259, 0.45002621138]
    ],
    [
      [1.026469802e-09, 0.087497129082, 0.64933557517, 0.26316729472],
      [0.032715336001, 0, 0.86721131158, 0.10007335242],
      [0.0080183217927, 0.87039804893, 0.068564672403, 0.053018956877],
      [0.46664948485, 0.0021601042881, 0.39290826604, 0.13828214482],
      [0.020546857851, 0.0004772628446, 0.46732161988, 0.51165425943]
    ],
    [
      [7.9778468252e-10, 0.08371715892, 0.64981286376, 0.26646997652],
      [0.025574659127, 0, 0.87265424786, 0.10177109302],
      [0.0020694844244, 0.84533227571, 0.093853220585, 0.058745019282],
      [0.40614570709, 0.0022930377386, 0.43625980602, 0.15530144915],
      [0.015930983087, 0.00045524689298, 0.46627295927, 0.51734081075]
    ],
    [
      [6.91778539e-10, 0.089942632692, 0.63384579231, 0.27621157431],
      [0.020729502489, 0, 0.86975964656, 0.10951085095],
      [6.9957961816e-06, 0.90666208981, 0.041553743537, 0.051777170854],
      [0.37262378319, 0.0026242080054, 0.45324540421, 0.17150660459],
      [0.013743265253, 0.0004868459314, 0.45266222002, 0.5331076688]
    ],
    [
      [7.9029005493e-10, 0.09752833464, 0.65029321522, 0.25217844934],
      [0.023045865409, 0.0024174664777, 0.877657597, 0.096879071115],
      [0, 0.94297695672, 0.017760018748, 0.039263024537],
      [0.40565372666, 0.0027086650805, 0.44258921809, 0.14904839017],
      [0.016232388401, 0.00054582829456, 0.48011873343, 0.50310304988]
    ],
    [
      [5.4194173409e-10, 0.091259630684, 0.66822191944, 0.24051844933],
      [0.015567616791, 0, 0.8950304055, 0.089401977712],
      [5.4044728193e-06, 0.89924715708, 0.056336954673, 0.044410483773],
      [0.31841518788, 0.0028801045319, 0.51714934347, 0.16155536413],
      [0.011297852598, 0.00051784776931, 0.50057429549, 0.48761000414]
    ],
    [
      [5.3259720533e-10, 0.087869312988, 0.61826318815, 0.29386749833],
      [0.015408491596, 0, 0.86526250347, 0.11932900493],
      [5.4766905469e-06, 0.9007698167, 0.042180202291, 0.057044504318],
      [0.31567419656, 0.0027975692382, 0.48247370189, 0.19905453231],
      [0.010372357687, 0.00046598077724, 0.43263329123, 0.55652837031]
    ],
    [
      [9.1463397729e-10, 0.06696633775, 0.70616669188, 0.22686696946],
      [0.02755139725, 0, 0.89186770416, 0.080580898591],
      [0.012919692164, 0.64319821653, 0.28852601297, 0.055356078335],
      [0.43370607337, 0.0017066715714, 0.44149820646, 0.1230890486],
      [0.018905338147, 0.00037661984154, 0.52450267022, 0.4562153718]
    ],
    [
      [6.8846155286e-10, 0.076169405137, 0.64466023621, 0.27917035797],
      [0.021934203974, 0, 0.87052979793, 0.1075359981],
      [8.0473826648e-06, 0.7651758822, 0.16139918255, 0.073416887867],
      [0.36868737951, 0.0022028048282, 0.45721413576, 0.17189567991],
      [0.013496422663, 0.00040654762219, 0.45426272515, 0.53183430457]
    ],
    [
      [8.1791195333e-10, 0.073848428002, 0.65807760869, 0.26807396249],
      [0.025902663994, 0, 0.87301635829, 0.10108097772],
      [0.0061667615307, 0.73882690436, 0.1842305054, 0.07077582871],
      [0.41026208612, 0.0019867525046, 0.43423050326, 0.15352065812],
      [0.016176908294, 0.00039741057446, 0.46761379584, 0.51581188529]
    ],
    [
      [7.9672059991e-10, 0.086853500742, 0.67404264213, 0.23910385633],
      [0.024611664387, 0, 0.88830372985, 0.087084605761],
      [8.3220147803e-06, 0.84892140213, 0.10479053229, 0.046279743565],
      [0.40397368537, 0.0023848519217, 0.45386446513, 0.13977699757],
      [0.01649882711, 0.00048977372238, 0.5017791195, 0.48123227967]
    ],
    [
      [9.6448911629e-10, 0.10063460288, 0.61648996682, 0.28287542934],
      [0.033125913241, 0.010037705914, 0.84523249626, 0.11160388458],
      [8.7154043553e-06, 0.92487133526, 0.027775686564, 0.047344262767],
      [0.45724134742, 0.0025705380853, 0.38631854237, 0.15386957212],
      [0.019042014289, 0.00054067249344, 0.43743799319, 0.54297932003]
    ],
    [
      [7.9597638873e-10, 0.085060854684, 0.61437574786, 0.30056339666],
      [0.026435894911, 0, 0.85472927749, 0.1188348276],
      [0.0014835562749, 0.87092944258, 0.056998821243, 0.070588179903],
      [0.40820874904, 0.0023374285523, 0.41376422207, 0.17568960034],
      [0.015269266711, 0.00044425456483, 0.42336546837, 0.56092101036]
    ],
    [
      [7.1893689292e-10, 0.097505620648, 0.63669267361, 0.26580170503],
      [0.019965647428, 0.028522641858, 0.85257495054, 0.098936760177],
      [6.7530289949e-06, 0.92397722007, 0.029796391608, 0.046219635296],
      [0.38541143777, 0.0028063714903, 0.44905402152, 0.16272816922],
      [0.014532225543, 0.00053672928964, 0.46235412575, 0.52257691942]
    ],
    [
      [8.817860546e-10, 0.098219506805, 0.63971126363, 0.26206922869],
      [0.027893907964, 0.00073241557186, 0.86996350666, 0.10141016981],
      [0, 0.95093626263, 0.0083173640543, 0.040746373314],
      [0.43290839936, 0.0026086587134, 0.41637791204, 0.14810502989],
      [0.017860929217, 0.00054204100562, 0.46574960891, 0.51584742087]
    ],
    [
      [1.2102328698e-09, 0.076584251063, 0.59924020114, 0.32417554659],
      [0.040183411153, 0, 0.8328484715, 0.12696811735],
      [0.03463429063, 0.78054350246, 0.085152798172, 0.099669408734],
      [0.52232759628, 0.001689181123, 0.32415807235, 0.15182515025],
      [0.022213574089, 0.00038107399395, 0.39380710673, 0.58359824519]
    ],
    [
      [7.4632902458e-10, 0.090501162431, 0.62847379444, 0.28102504238],
      [0.023440643983, 6.2719515281e-06, 0.86531670316, 0.11123638091],
      [0, 0.9108172696, 0.035895269165, 0.053287461237],
      [0.39020222958, 0.0025699438817, 0.43738721249, 0.16984061405],
      [0.014731075263, 0.00048679025225, 0.44599261767, 0.53878951682]
    ],
    [
      [6.9416125536e-10, 0.091352720267, 0.60033162703, 0.30831565201],
      [0.02125246911, 0.010498046994, 0.84001445153, 0.12823503237],
      [6.8898239059e-06, 0.91357557185, 0.029709335048, 0.056708203275],
      [0.37529834929, 0.0026711183466, 0.43019846032, 0.19183207204],
      [0.013283205853, 0.00047624504375, 0.41291123902, 0.57332931009]
    ],
    [
      [7.8952314667e-10, 0.088017534433, 0.58362627875, 0.32835618602],
      [0.027071733505, 0, 0.83241310513, 0.14051516136],
      [0.00032703543019, 0.90637247191, 0.029830567483, 0.063469925174],
      [0.40443132457, 0.0024515386439, 0.39844287961, 0.19467425718],
      [0.014706494353, 0.0004467968035, 0.39090842509, 0.59393828375]
    ],
    [
      [4.5118674855e-10, 0.088836392378, 0.62723373179, 0.28392987538],
      [0.013806342863, 6.2123410136e-06, 0.87292931901, 0.11325812578],
      [0, 0.90653038062, 0.037873494755, 0.055596124623],
      [0.29408922687, 0.0029188110801, 0.50474898929, 0.19824297276],
      [0.0089227454527, 0.00047719054084, 0.44429289638, 0.54630716763]
    ]
  ],
  "expected_outcome": [
    [
      [6.2958844064e-08, 2.580613798e-08, 7.6841380035e-09, 3.0480920686e-08, 6.8547784149e-08, 3.8745803935e-08, 4.1776586753e-08, 1.9238083858e-08, 3.1576792337e-08, 6.6433352701e-09, 6.8773476734e-08, 2.4731325158e-08, 6.5027182666e-08, 7.1126104944e-08, 1.2464659884e-08, 1.597791616e-08, 1.8292679546e-08, 1.445769261e-08, 1.717615102e-08, 2.4698338597e-08, 7.7159129303e-09, 1.6715504163e-08, 2.3724917466e-08, 4.6734660894e-08, 0, 4.9257715622e-08, 4.3037997832e-08, 7.9741837814e-08, 1.2182042211e-08],
      [8.1252127273, 3.4961361459, 5.4223979158, 3.5767928698, 7.3698094429, 4.3842508977, 4.7697988113, 1.4102976563, 3.6043157698, 0.60457437027, 5.8623076485, 2.5952319265, 8.454607473, 8.7775501176, 2.0989715057, 2.6360793896, 1.339326755, 1.5995575079, 1.5508169881, 2.692458523, 0.80507682304, 1.7862779484, 3.2176854814, 5.2056338607, 0, 5.9730767204, 5.6638686565, 8.8897709778, 2.3985825942],
      [52.8724601229, 24.1404159626, 39.8815298634, 22.6782167049, 48.9129182819, 26.3195799124, 34.1756927922, 9.6555082544, 25.1727213173, 4.1049631629, 43.5054835362, 20.1441987766, 59.5815044773, 58.5263893702, 15.3691041472, 18.5478956445, 14.1233338376, 13.5378649603, 13.8196297826, 20.895321906, 4.9319197345, 12.9018907051, 21.010858229, 33.9046969723, 0, 41.4792704333, 37.2205608757, 58.9462541541, 16.9353107584],
      [23.0023270868, 10.3634478657, 14.6960722131, 10.7449903948, 19.7172722067, 11.2961691512, 14.0545083547, 3.9341940701, 11.2229628814, 1.2904624601, 17.6322087465, 8.2605692721, 25.9638879847, 22.696060441, 5.5319243346, 8.8160249499, 4.5373393891, 5.8625775174, 5.6295532122, 7.4122195462, 2.2630034347, 6.3118313298, 8.7714562658, 13.8896691203, 0, 18.5476527971, 19.1155704248, 33.1639747884, 7.6661066352]
    ],
    [
      [9.917390686, 8.0039636273, 0.31631664474, 9.336540007, 10.709069953, 7.14100214, 22.143430735, 40.0583861499, 19.226347769, 5.1216929856, 30.1635397931, 10.5879088787, 12.1682179608, 12.5139049169, 8.5310540013, 6.6102428946, 13.3899790635, 16.6041924084, 9.2990563739, 17.1297184135, 19.5774147255, 8.0629479479, 6.1094881131, 14.8953468525, 3.3352231257, 17.7211268511, 11.2000512209, 39.1457266478, 1.8500499436],
      [1.7025497401, 1.2467785408, 0.00079467719676, 0.69999197607, 0.10521757855, 6.1372822653, 0, 0, 0, 1.302581463, 0, 0, 0, 1.3126842974, 0, 0, 0, 0, 0, 0, 5.932284195, 0, 8.7279284086, 0.39110991537, 0, 0.0047415953552, 5.5324707657, 0, 0.00083245369582],
      [408.7706694559, 362.4804183141, 116.5266071463, 312.8089126412, 323.1327544035, 223.7805813579, 762.5531324747, 772.4132881791, 643.9925101048, 117.9128175797, 799.5688292743, 361.2788586127, 510.5489125317, 476.56807517, 490.4766622126, 371.1976139887, 433.4477042215, 658.9910570297, 313.4128726262, 618.2593959771, 499.532405292, 260.6924296332, 260.8879348642, 464.5605125554, 69.1264231341, 654.1794275887, 442.6876159567, 1203.669350022, 116.9725287477],
      [50.6093901179, 44.2688395177, 12.1562815318, 42.1545553757, 37.0529580649, 27.9411342368, 89.3034367903, 88.528325671, 81.7811421262, 9.6629079716, 92.2676309326, 42.1332325086, 64.2828695075, 52.6053356156, 48.9922837861, 51.1921431167, 39.162316715, 81.4047505619, 36.2880709999, 60.6108856094, 65.9578957875, 36.2446224188, 30.2746486141, 54.1530306767, 10.5383537402, 84.0947039648, 67.5798620567, 203.1849233302, 15.176588855]
    ],
    [
      [0, 0, 0, 0, 0, 0, 0.0031745858692, 2.1945720943, 0.0034961947638, 0.00074544375379, 4.7709014666, 0.42424430699, 0.003274032613, 0, 0.00059989648294, 0.0011446283243, 0.95605722015, 0.00094959115445, 0.48717416093, 0.0010402518475, 0.00067980153971, 0.27445791086, 0.0017827996547, 0, 1.1082973002, 0, 0.0029006158644, 0.22761665941, 0],
      [742.9557179494, 511.0766534503, 145.5429930971, 379.544559589, 478.4151401854, 468.3800702864, 356.9928788771, 155.4171628055, 397.1761441697, 69.0413977191, 517.8868391118, 173.2931165203, 424.3178580327, 914.6876480141, 99.816434436, 188.2608916905, 47.5966680233, 90.2907540992, 58.3673254446, 106.1151752658, 72.1399641507, 161.1219468771, 243.9299860977, 519.2111993968, 24.9773920789, 707.7050184776, 384.6153157499, 630.8352404511, 149.5775128026],
      [9.7278305371, 17.2726140287, 6.5731261731, 0.92568496615, 8.6620123833, 0, 21.2050599069, 5.3251126288, 17.5602300389, 2.2890272393, 40.7959800799, 19.2399102199, 19.4471519753, 17.2272181855, 6.2534019687, 8.8156622787, 21.3509249598, 19.0451035414, 14.5542099264, 13.0988165368, 2.166503552, 10.5447819299, 7.8662473845, 4.5412807736, 2.7248895415, 27.890624141, 12.5076300554, 20.7620749684, 6.2491266346],
      [35.3164515135, 27.650732521, 6.8838807298, 19.5297554449, 20.9228474312, 17.6199297136, 19.7988866301, 8.0631524713, 24.2601295966, 2.6688295979, 31.5462793416, 12.0427289529, 24.2317159595, 38.0851338004, 4.9295636988, 11.9223014024, 4.0963497968, 8.6631927683, 5.5912904681, 5.7849679456, 3.6928524958, 13.0588132821, 12.2019837181, 22.2475198295, 3.1894210795, 41.4043573813, 23.8741535788, 44.1750679211, 9.1733605628]
    ],
    [
      [23.6137020219, 18.8424883359, 0.62474483955, 21.2932874471, 11.8811242757, 10.7803604687, 28.9999170426, 28.8446037925, 25.8548501131, 8.4269356573, 37.7986082731, 13.8089540411, 24.220545907, 22.3109549663, 7.0051341333, 8.8388775037, 13.0111822011, 12.1666835237, 12.3078625835, 25.4503421785, 15.088964465, 11.8380537221, 13.1039888842, 24.6757787634, 5.2232759628, 37.0692118102, 20.641409211, 31.9500746408, 0.88226768061],
      [0.16486730871, 0.13785577123, 0.022512252225, 0.13485629793, 0.068549540302, 0.0651599933, 0.17966272846, 0.11458754842, 0.15997358398, 0.040298329871, 0.17496844733, 0.077963283113, 0.17057352035, 0.14897657943, 0.063362299701, 0.078331938669, 0.051200147141, 0.07269255933, 0.059602575138, 0.15024567107, 0.084827756816, 0.067785428017, 0.095416630671, 0.14869354666, 0.01689181123, 0.24414466876, 0.14691150906, 0.19367155287, 0.0087564332402],
      [26.2896489709, 23.3252689924, 4.0558671332, 20.9525838007, 11.1483363485, 9.5834863738, 31.5531470929, 19.2356940721, 27.3840659082, 6.7054640587, 31.825569549, 14.8328334047, 29.460951274, 24.3424069949, 11.3772855563, 13.5092636529, 13.2449461938, 15.08806648, 13.0269150977, 28.5934613032, 12.7485118981, 11.99916244, 15.2678367317, 23.7335409861, 3.2415807235, 41.5517851867, 23.6609153179, 31.4769874891, 1.5142469679],
      [9.9317816985, 8.6943869004, 1.296875775, 8.6192724543, 3.9019898355, 3.5709931642, 11.267273136, 6.805114587, 10.6011103947, 1.8273019541, 11.2008537305, 5.280249271, 11.1479292987, 8.1976614594, 3.5542180108, 5.5735269047, 3.692671458, 5.672557437, 4.6056197436, 8.8059508472, 5.0776958801, 5.0949984099, 5.5327577534, 8.4419867039, 1.5182515025, 16.1348583343, 10.5507639621, 15.3792663172, 0.59472891827]
    ],
    [
      [1.4689072292, 1.1535480109, 0.058938508026, 1.3701725154, 1.4098057027, 1.0786373526, 1.8534775947, 2.902437944, 1.9153058915, 0.45062590669, 3.2669503983, 1.1788927485, 1.6079620346, 2.1751400457, 0.46321195653, 0.54973495744, 0.64278149698, 1.2281744623, 0.90590686446, 1.4188991314, 1.3329410002, 0.8245404024, 0.7847401793, 1.4288743374, 0.33320361133, 2.2096612894, 1.1556389092, 2.6765819722, 0.26768236358],
      [0.051652274479, 0.042576091724, 0.011302057731, 0.043799267212, 0.041283252787, 0.033236557293, 0.057659583166, 0.05795198977, 0.05956647658, 0.011148117715, 0.075884792292, 0.03368827008, 0.056960973974, 0.073140991471, 0.021231758542, 0.024696981194, 0.012805074612, 0.036995833619, 0.02225499217, 0.042120540125, 0.037847074541, 0.023989746501, 0.028983381641, 0.043363280449, 0.0057161099092, 0.073018537838, 0.041433318806, 0.081317018238, 0.014315716225],
      [44.3393909131, 38.7812827022, 10.962869684, 36.6346018871, 36.1439785829, 26.316352356, 54.5129677333, 52.3703968656, 54.8904726308, 9.9877279593, 74.3041375606, 34.504198986, 52.9614797418, 64.3359102793, 20.5235461151, 22.9295644351, 17.8330907873, 41.3379079886, 26.1863725672, 43.1530042769, 30.6206595233, 22.8617352917, 24.9671227905, 37.2599687126, 5.9071066009, 66.8988926503, 35.9232777944, 71.1453333664, 13.3287868914],
      [52.1400495833, 45.0225931951, 10.9668897503, 46.9514263303, 39.4049324616, 30.5717737342, 60.5758950888, 57.6692132006, 66.1346550011, 8.5504980163, 81.3530272488, 38.2832199954, 62.3735972497, 67.4158086835, 19.9920101698, 29.4960036263, 15.5113226411, 48.3969217155, 28.8854655762, 41.3859760516, 38.0085524019, 30.2897345594, 28.2191536486, 41.2677936695, 8.7539736778, 80.8184275225, 49.8796499776, 108.0967676432, 16.3892150288]
    ]
  ],
  "prob": [
    [8.118839552e-10, 0.092282747102, 0.633644905, 0.27407234709],
    [0.026495083083, 6.3557581158e-06, 0.86667141433, 0.10682714683],
    [8.0356197501e-06, 0.91834557653, 0.031302775438, 0.050343612416],
    [0.40893497519, 0.0025418587648, 0.42779914074, 0.1607240253],
    [0.016163682184, 0.00050086456039, 0.45377161233, 0.52956384093]
  ],
  "iterations": 233,
  "time": 0.000341,
  "message": "Converged",
  "status": 0,
  "miniter": 0,
  "maxiter": 1000,
  "maxtime": 3600,
  "param_threshold": 0.001,
  "ll_threshold": "-Inf",
  "initial_prob": "random",
  "adjust_prob_cond_method": "lp",
  "adjust_prob_cond_every": false,
  "candidates_id": ["WILLIAMS, Joseph.c", "GOLDSMITH, Paul Jonathan.c", "GOSCHE, Mark James.c", "Other candidates votes.c"],
  "group_id": ["Green Party.p", "Labour Party.p", "National Party.p", "New Zealand First Party.p", "Other parties votes.p"]
}
