{
  "X": [
    [6, 9, 6, 30, 165, 15],
    [36, 18, 46, 91, 402, 49],
    [8, 11, 14, 36, 261, 28],
    [90, 75, 27, 243, 497, 83],
    [38, 30, 12, 143, 372, 42],
    [26, 29, 12, 96, 363, 35],
    [49, 49, 42, 173, 940, 82],
    [35, 29, 26, 137, 374, 39],
    [69, 75, 66, 328, 747, 86],
    [19, 13, 39, 82, 201, 21],
    [4, 1, 7, 11, 27, 2],
    [68, 52, 49, 262, 627, 95],
    [56, 66, 66, 232, 598, 81],
    [11, 12, 48, 33, 151, 31],
    [5, 6, 8, 19, 71, 11],
    [4, 4, 4, 5, 12, 3],
    [5, 4, 9, 20, 101, 14],
    [3, 1, 1, 5, 25, 0],
    [36, 45, 129, 130, 412, 52],
    [37, 34, 16, 105, 304, 33],
    [92, 58, 24, 195, 455, 64],
    [79, 65, 23, 287, 442, 57],
    [23, 31, 12, 78, 305, 43],
    [5, 8, 8, 21, 58, 11],
    [56, 54, 48, 175, 642, 90],
    [61, 41, 50, 153, 676, 73],
    [5, 28, 34, 108, 435, 40],
    [54, 65, 52, 193, 804, 96],
    [22, 51, 51, 131, 575, 71],
    [33, 54, 26, 116, 526, 68],
    [23, 10, 6, 71, 190, 26],
    [78, 66, 65, 332, 934, 96],
    [1, 3, 4, 10, 61, 6],
    [4, 7, 29, 33, 116, 12],
    [19, 43, 39, 107, 165, 33],
    [32, 57, 92, 227, 393, 36],
    [1, 14, 20, 40, 109, 18],
    [16, 25, 44, 103, 228, 28],
    [7, 10, 5, 22, 43, 5],
    [44, 54, 108, 152, 416, 49],
    [1, 3, 5, 61, 173, 41],
    [63, 40, 36, 178, 495, 48],
    [14, 8, 20, 50, 181, 25],
    [133, 127, 272, 427, 1521, 247],
    [0, 9, 13, 51, 94, 6]
  ],
  "W": [
    [6, 8, 153, 33, 10, 8, 13],
    [17, 52, 361, 73, 53, 39, 47],
    [12, 14, 246, 25, 25, 9, 27],
    [75, 19, 410, 179, 136, 131, 65],
    [45, 18, 323, 99, 72, 52, 28],
    [29, 15, 318, 80, 55, 39, 25],
    [51, 47, 818, 151, 119, 71, 78],
    [37, 33, 335, 118, 53, 36, 28],
    [120, 73, 611, 240, 156, 93, 78],
    [34, 40, 160, 60, 31, 25, 25],
    [0, 7, 21, 9, 7, 3, 5],
    [74, 66, 503, 204, 155, 90, 61],
    [83, 83, 495, 169, 128, 64, 77],
    [13, 54, 114, 30, 43, 9, 23],
    [9, 6, 61, 18, 9, 8, 9],
    [1, 4, 11, 7, 2, 5, 2],
    [4, 9, 83, 22, 11, 12, 12],
    [2, 0, 22, 2, 4, 2, 3],
    [69, 186, 265, 105, 72, 55, 52],
    [43, 15, 257, 78, 66, 47, 23],
    [68, 30, 351, 144, 108, 133, 54],
    [91, 25, 358, 220, 87, 138, 34],
    [22, 15, 284, 57, 47, 37, 30],
    [12, 4, 52, 14, 14, 10, 5],
    [64, 55, 521, 118, 145, 84, 78],
    [35, 54, 546, 128, 123, 79, 89],
    [32, 45, 343, 94, 74, 22, 40],
    [83, 62, 706, 161, 106, 67, 79],
    [42, 38, 517, 125, 83, 45, 51],
    [62, 30, 426, 88, 115, 47, 55],
    [18, 12, 164, 50, 35, 30, 17],
    [111, 83, 793, 241, 150, 124, 69],
    [7, 4, 56, 6, 9, 0, 3],
    [6, 47, 82, 30, 9, 13, 14],
    [58, 59, 124, 73, 42, 28, 22],
    [89, 105, 307, 164, 69, 72, 31],
    [24, 34, 73, 30, 22, 4, 15],
    [42, 57, 158, 78, 42, 35, 32],
    [10, 7, 34, 16, 13, 11, 1],
    [69, 137, 322, 107, 84, 57, 47],
    [3, 5, 162, 55, 30, 3, 26],
    [57, 49, 373, 141, 81, 103, 56],
    [13, 23, 154, 40, 42, 14, 12],
    [154, 299, 1426, 363, 179, 146, 160],
    [20, 26, 74, 35, 10, 1, 7]
  ],
  "method": "mvn_cdf",
  "mvncdf_method": "genz",
  "mvncdf_samples": 5000,
  "mvncdf_error": 0.001,
  "cond_prob": [
    [
      [0.0019235101625, 0.4924341023, 0.0071822174021, 0.42359685222, 0.071786157612, 0.0030771603039],
      [7.802783785e-05, 0.014269942641, 0.57212430281, 0.018911730266, 0.3646410555, 0.029974940945],
      [0.0083376973147, 0.010639168671, 0.0068365471584, 0.0099932854603, 0.90060089192, 0.063592409479],
      [0.0090418716428, 0.062910307282, 0.0039493478233, 0.68814076897, 0.21320524693, 0.02275245735],
      [0.04130836691, 0.089560840028, 0.0011332123999, 0.12198324876, 0.64034959242, 0.10566473948],
      [0.48023078209, 0.15071020682, 0.00032172140362, 0.22041440925, 0.14631613004, 0.0020067503885],
      [0.012219641317, 0.0097009879456, 0.014591244963, 0.0066430178114, 0.71157077181, 0.24527433615]
    ],
    [
      [0.0036253230616, 0.32861599607, 0.014264126253, 0.58661442088, 0.063533972436, 0.003346161301],
      [0, 0.0070642547293, 0.72652431915, 0.018921777636, 0.22468836309, 0.022801285392],
      [0.014886365854, 0.0078242270668, 0.016434967694, 0.015910812588, 0.86957763341, 0.075365993386],
      [0.013813925446, 0.03595352355, 0.0066106112078, 0.7702846574, 0.15325632418, 0.020080958217],
      [0.080933468971, 0.063827198683, 0.0023535644657, 0.17331897817, 0.56489066482, 0.11467612489],
      [0.61796365004, 0.073675318699, 0.00051003065305, 0.21580534681, 0.090473264366, 0.001572389437],
      [0.024806780214, 0.007252227047, 0.03017057851, 0.0099303128808, 0.65240910033, 0.27543100102]
    ],
    [
      [0.0019432352529, 0.3708445559, 0.011620525486, 0.5463439717, 0.066075260352, 0.0031724513089],
      [5.1179647971e-05, 0.0087631189686, 0.68811150088, 0.019043442632, 0.26003237585, 0.023998382016],
      [0.0086380247933, 0.0094159898595, 0.013671756069, 0.01384769425, 0.88453557251, 0.069890962515],
      [0.0077558500985, 0.041934130661, 0.0056972705043, 0.75684706637, 0.16778014325, 0.019985539118],
      [0.043539778598, 0.072344840402, 0.0020247228935, 0.16319459652, 0.60655476645, 0.11234129513],
      [0.46846372846, 0.11516205768, 0.00059398554078, 0.2807335044, 0.13302331064, 0.0020234132763],
      [0.013053566267, 0.0080524208325, 0.024642406817, 0.0090032683508, 0.6820485273, 0.26319981043]
    ],
    [
      [0.0026017993095, 0.41557498001, 0.013130117713, 0.51691257638, 0.048529255785, 0.0032512708038],
      [3.8266928918e-05, 0.01018460956, 0.7544385055, 0.018749627223, 0.19151399048, 0.02507500031],
      [0.014455188987, 0.011571102764, 0.019121992825, 0.018628401164, 0.84257777428, 0.093645539978],
      [0.011295074498, 0.051942599331, 0.0069659801406, 0.7736788682, 0.13363198168, 0.022485496149],
      [0.067768753261, 0.09681017725, 0.0025995503971, 0.18353078145, 0.51412239719, 0.13516834045],
      [0.54405427821, 0.11998147203, 0.00062969084318, 0.24497835317, 0.088518769687, 0.0018374360552],
      [0.021046634934, 0.010965147109, 0.033199287833, 0.010720021948, 0.59735266114, 0.32671624704]
    ],
    [
      [0.0026618103034, 0.31296570563, 0.0052408647808, 0.61865580501, 0.057469150549, 0.0030066637288],
      [8.5817739639e-05, 0.012808905174, 0.5343889991, 0.037171890424, 0.37862395694, 0.036920430619],
      [0.013238325543, 0.0085324161847, 0.0048247263529, 0.018236139398, 0.8814109268, 0.073757465722],
      [0.0099021370116, 0.034023655088, 0.0018345195897, 0.80012233028, 0.13672465968, 0.017392698349],
      [0.062556237973, 0.067015426582, 0.00049078098692, 0.20079661353, 0.55953386413, 0.1096070768],
      [0.52992572871, 0.086817331828, 0, 0.28073650531, 0.10077659639, 0.0017438377539],
      [0.020078431267, 0.0079306679678, 0.013207814951, 0.011905591903, 0.67287018235, 0.27400731156]
    ],
    [
      [0.0022075230007, 0.41573572628, 0.007484141581, 0.50336953984, 0.068197205102, 0.0030058641919],
      [5.0454014108e-05, 0.013274661018, 0.57853262089, 0.023762317387, 0.35402906593, 0.030350880765],
      [0.0094188996587, 0.00974205312, 0.007374812612, 0.012951828233, 0.89543504127, 0.065077365109],
      [0.009314380383, 0.05049664155, 0.0036503333715, 0.73363440565, 0.18276139597, 0.02014284308],
      [0.04853477005, 0.081434259272, 0.0010934867748, 0.15036410176, 0.61304502697, 0.10552835517],
      [0.49116376266, 0.12561900727, 0.00024246940114, 0.25010627096, 0.13104774036, 0.0018207493392],
      [0.014802616158, 0.0091525705157, 0.01592621685, 0.0084897835767, 0.70057007622, 0.25105873668]
    ],
    [
      [0.0023443081375, 0.38742700889, 0.012347488213, 0.50713954011, 0.087380049577, 0.0033616050798],
      [2.010662389e-05, 0.0087606964307, 0.63448926626, 0.016837545763, 0.31559563672, 0.024296748201],
      [0.0076962520451, 0.0073056411587, 0.010715795563, 0.010288960059, 0.90647254848, 0.057520802693],
      [0.0093933673241, 0.044774273769, 0.0059804843279, 0.69716354472, 0.22106747183, 0.021620858036],
      [0.044079083483, 0.064570264604, 0.001720554137, 0.12824299252, 0.65934383127, 0.102043274],
      [0.49177336968, 0.11076904362, 0.00054533194623, 0.23738540777, 0.1577042302, 0.0018226167838],
      [0.01287490324, 0.0069753387512, 0.020990309905, 0.0069381302914, 0.72020478688, 0.23201653093]
    ],
    [
      [0.0034742029913, 0.35807284565, 0.0084864509857, 0.56936181424, 0.057828722991, 0.0027759631504],
      [0, 0.011367751372, 0.6358894761, 0.02683073477, 0.29825884349, 0.027653194264],
      [0.015913135187, 0.010093948455, 0.010646356929, 0.017131524431, 0.87708120995, 0.069133825046],
      [0.013988213139, 0.041166610439, 0.0040461969071, 0.77806706953, 0.14536694725, 0.017364962737],
      [0.087279674261, 0.075021470084, 0.0014765841635, 0.18129182912, 0.55215519448, 0.10277524789],
      [0.62427934239, 0.080800755892, 0.00028397422492, 0.21064764029, 0.082723244494, 0.0012650427117],
      [0.028216642484, 0.0090025366099, 0.020328062966, 0.010908633677, 0.67142957841, 0.26011454585]
    ],
    [
      [0.0025442222064, 0.33128507631, 0.012100482839, 0.59209401011, 0.059185356185, 0.0027908523464],
      [7.1550835074e-05, 0.0085385196346, 0.70316073719, 0.022346049337, 0.24312561697, 0.022757526031],
      [0.012135856943, 0.0085634366177, 0.015142351196, 0.016847250852, 0.87772526493, 0.069585839459],
      [0.0097186980354, 0.037090768065, 0.0057153078397, 0.78562223542, 0.14454690093, 0.017306089705],
      [0.05939219896, 0.070594159979, 0.0021886948835, 0.19104833258, 0.5696469475, 0.10712966609],
      [0.51844850911, 0.095013353939, 0.00056156701386, 0.27746248669, 0.10693146427, 0.0015826189805],
      [0.018731789983, 0.0081987682998, 0.028203790359, 0.011114093177, 0.67126466839, 0.26248688979]
    ],
    [
      [0.0033119285341, 0.25479940875, 0.026172745524, 0.63310819277, 0.079320231776, 0.0032874926487],
      [0.00036874037803, 0.0018928417513, 0.806185397, 0.012706830426, 0.16519747836, 0.013648712084],
      [0.011358044526, 0, 0.02433485199, 0.016688520767, 0.88542229031, 0.062196292408],
      [0.013021239142, 0.021650326713, 0.01104476187, 0.76039682799, 0.17527820674, 0.018608637542],
      [0.059080273543, 0.04281181701, 0.0037852201747, 0.16507395393, 0.62442264782, 0.10482608752],
      [0.56036241007, 0.061553305388, 0.00097703940037, 0.25281730661, 0.12270606102, 0.0015838775075],
      [0.017341384421, 0.0038435147111, 0.046587237248, 0.0093739995753, 0.68344802093, 0.23940584312]
    ],
    [
      [0.0044558574964, 0.20326307673, 0.015051848699, 0.73260597651, 0.043149802762, 0.0014734378077],
      [0, 0.0056649075317, 0.85812896958, 0.018317759966, 0.11678230505, 0.001106057869],
      [0.023499006388, 0.014017217251, 0.029925522679, 0.032731783096, 0.86968622445, 0.030140246136],
      [0.01361342564, 0.021264136368, 0.0081617459061, 0.86753189126, 0.089147624869, 0.00028117596074],
      [0.1275382282, 0.049422146963, 0.0048587559553, 0.2539378616, 0.50402833226, 0.06021467502],
      [0.75862243413, 0.029666909206, 0.0010668863768, 0.16947330215, 0.041170468139, 0],
      [0.043073027065, 0.0079302202667, 0.050798714534, 0.018127255247, 0.69301495943, 0.18705582345]
    ],
    [
      [0.0028591922138, 0.31948358544, 0.0093256961379, 0.59876173209, 0.065450500198, 0.0041192939253],
      [8.297009901e-05, 0.0092516168819, 0.6218054804, 0.025746253876, 0.30534176067, 0.037771918073],
      [0.012249401535, 0.0065754482629, 0.010057123809, 0.015713441494, 0.86479814285, 0.090606442052],
      [0.0106812327, 0.034369317828, 0.0041301037211, 0.77113206295, 0.15514705258, 0.024540230215],
      [0.060391386353, 0.060763573203, 0.0013984117972, 0.17323528981, 0.56405115017, 0.14016018867],
      [0.54433584866, 0.084556252692, 0.00032881354572, 0.25938750431, 0.1092523276, 0.0021392531952],
      [0.017895607251, 0.0065639354329, 0.018411726174, 0.0095283909461, 0.62459023676, 0.32301010344]
    ],
    [
      [0.0026526216072, 0.38658551687, 0.0090752893878, 0.54912404464, 0.049735100093, 0.0028274273957],
      [0, 0.012594224946, 0.67267319699, 0.026418377411, 0.26054253365, 0.027771667],
      [0.014709332146, 0.011574912614, 0.013180644448, 0.018777580429, 0.86323150197, 0.078526028396],
      [0.011272109652, 0.046644050308, 0.0045977663584, 0.7879599765, 0.13134792464, 0.018178172544],
      [0.072017637412, 0.090463023764, 0.0017830819775, 0.19499955138, 0.52801214535, 0.11272456012],
      [0.55579741316, 0.10687657435, 0.00039234785966, 0.2484491408, 0.086899588706, 0.0015849351235],
      [0.023434213406, 0.010860875095, 0.024157004646, 0.011807182355, 0.64418747247, 0.28555325203]
    ],
    [
      [0.0038470536597, 0.42127806192, 0.02766481874, 0.4594911685, 0.081627803181, 0.0060910940078],
      [0.00075592942889, 0.005822399657, 0.80023516447, 0.0068199540457, 0.16300071833, 0.023365834067],
      [0.013528330785, 0.0087705844963, 0.025386557159, 0.0059685449995, 0.83963020222, 0.10671578034],
      [0.015766620443, 0.049837389496, 0.014378720902, 0.66192551719, 0.21598387983, 0.042107872136],
      [0.06532783575, 0.064224775362, 0.0042905261294, 0.10600024186, 0.58026443453, 0.17989218637],
      [0.63257318425, 0.089482140606, 0.0010675945127, 0.16196502969, 0.11236371906, 0.0025483318867],
      [0.01702974761, 0.0063914213111, 0.039483841644, 0.0045418251383, 0.56420852891, 0.36834463539]
    ],
    [
      [0.0022238947304, 0.38153678181, 0.038876541568, 0.47390261515, 0.09657060496, 0.0068895617791],
      [2.2701242463e-05, 0.0027321728805, 0.8659908753, 0.0046338213127, 0.11228018996, 0.01434023931],
      [0.0061075853712, 0.0077749408444, 0.026612197687, 0.0070212949324, 0.85805602283, 0.094427958336],
      [0.0087496504419, 0.041922467553, 0.018169743416, 0.64708886609, 0.24388951729, 0.040179755213],
      [0.035271492029, 0.05099689616, 0.0044391230834, 0.098532711001, 0.64931197409, 0.16144780364],
      [0.50664994787, 0.10209880857, 0.0014172515682, 0.21301310978, 0.17270016967, 0.0041207125459],
      [0.0087943681276, 0.0050152872151, 0.050275145931, 0.0044750753377, 0.61114950976, 0.32029061363]
    ],
    [
      [0.0032450478334, 0.8795303634, 0.0051314846906, 0.096106174106, 0.013735983338, 0.0022509466318],
      [0.0046445176919, 0, 0.88187562296, 0.0084256690334, 0.085372547408, 0.019681642904],
      [0.02715562558, 0, 0.026855085342, 0.019351239565, 0.79369970312, 0.1329383464],
      [0.055815607682, 0.17425076606, 0.01162307391, 0.58078355557, 0.13819930579, 0.039327690996],
      [0.082302333299, 0.29587398917, 0.0031794766668, 0.085156441596, 0.38288312099, 0.15060463828],
      [0.61360382812, 0.25281004326, 0.0020509129436, 0.081618369073, 0.043905399071, 0.0060114475346],
      [0.028065969537, 0.022458039783, 0.036992524635, 0.0067189485163, 0.48069435743, 0.4250701601]
    ],
    [
      [0.0014420855665, 0.33479126983, 0.028431579458, 0.49489928412, 0.13263470871, 0.0078010723152],
      [0, 0.0025690734239, 0.75680357273, 0.0070286905503, 0.20991207628, 0.02368658701],
      [0, 0.0026224739648, 0.016894911388, 0.0084051593803, 0.88331319148, 0.088764263789],
      [0.00082769689748, 0.03645422554, 0.012540235566, 0.60714245973, 0.29907173463, 0.043963647633],
      [0.020332397041, 0.035742867616, 0.002893834864, 0.082811490499, 0.70283529017, 0.15538411981],
      [0.39146229807, 0.098794465743, 0.0015075035297, 0.24515102912, 0.25751711875, 0.0055675847837],
      [0.0045681984738, 0.0032791521859, 0.0289130395, 0.0041369634203, 0.6553571506, 0.30374549582]
    ],
    [
      [0.0016141913785, 0.19707584734, 0.011098413602, 0.74087176072, 0.049339786959, 0],
      [1.1238041294e-05, 0.00072227842188, 0.9565785167, 0.0035527898358, 0.037581966534, 0.0015532104678],
      [0.0041260687136, 0.015655106278, 0.038161798402, 0.030972244899, 0.91108478171, 0],
      [0.017356432511, 0.017771290667, 0.0056703922718, 0.85910077953, 0.10010110502, 0],
      [0.17651867873, 0.041946128694, 0.0063387209878, 0.21424143806, 0.56095503353, 0],
      [0.83499430557, 0.019276550854, 0.002429962399, 0.10888657018, 0.034412611, 0],
      [0.16507397149, 0.0065185897907, 0.032229338217, 0.01464221304, 0.78153588746, 0]
    ],
    [
      [0.0027379896475, 0.38821993859, 0.015286921299, 0.49477956914, 0.093982892877, 0.0049926884441],
      [0.00029627227496, 0.0079027693821, 0.658784833, 0.013882702295, 0.29023283339, 0.028900589656],
      [0.008334963497, 0.0068750120042, 0.012353616792, 0.0088454704824, 0.88948337133, 0.074107565895],
      [0.010588072948, 0.044446919547, 0.007427057942, 0.67201829977, 0.23572830645, 0.029791343346],
      [0.045227656075, 0.058994505318, 0.0020409590414, 0.11393690175, 0.65303600795, 0.12676396986],
      [0.51860517578, 0.10340125216, 0.00070680371694, 0.21573202349, 0.15881427054, 0.0027404743141],
      [0.012611214993, 0.0061429066803, 0.02253559044, 0.0058334178995, 0.67911404517, 0.27376282482]
    ],
    [
      [0.0030333006905, 0.40013350942, 0.012004276355, 0.51864621281, 0.063140526824, 0.0030421739001],
      [1.8812169416e-05, 0.0097396086278, 0.69971375077, 0.018546487219, 0.24896424796, 0.023017093255],
      [0.013343590049, 0.010209174865, 0.01450933755, 0.013716125298, 0.8790265169, 0.06919525534],
      [0.012826624655, 0.048228956187, 0.0062341975617, 0.74558098393, 0.16716242418, 0.01996681348],
      [0.070164496094, 0.080379234197, 0.0021953484159, 0.15824935344, 0.581102321, 0.10790924685],
      [0.58106849964, 0.10098635655, 0.00059927445088, 0.21462675292, 0.10116400818, 0.0015551082598],
      [0.021670882469, 0.0091808794864, 0.026081904358, 0.0090321686275, 0.67367600554, 0.26035815952]
    ],
    [
      [0.0030682463338, 0.38703841668, 0.0087303063987, 0.53167191268, 0.065607443267, 0.0038836746416],
      [8.2276590634e-06, 0.011677437394, 0.61331430958, 0.023490697919, 0.31646708665, 0.035042240805],
      [0.012965466161, 0.0093884628728, 0.0093525759215, 0.013522666514, 0.87211877013, 0.082652058402],
      [0.012686821167, 0.045740153391, 0.0041693151023, 0.74403742137, 0.16901102368, 0.024355265288],
      [0.068267998004, 0.074649187442, 0.0012858145219, 0.15526337977, 0.57310409845, 0.12742952181],
      [0.57843043939, 0.097264833229, 0.0001790295481, 0.21818772744, 0.1037890047, 0.0021489657029],
      [0.020539617147, 0.0083480911857, 0.017798064003, 0.0086357705985, 0.64618935697, 0.2984891001]
    ],
    [
      [0.0022769827927, 0.34654803075, 0.0092594343918, 0.57967768415, 0.058698238503, 0.0035396294118],
      [4.9002208492e-05, 0.010475215777, 0.64801543648, 0.025647012625, 0.28409992059, 0.031713412322],
      [0.010735011914, 0.0092550717134, 0.011407667161, 0.016095762681, 0.8694803862, 0.083026100329],
      [0.0088531889709, 0.039568680747, 0.0043816847653, 0.78039368506, 0.14548917874, 0.02131358171],
      [0.052683151627, 0.073088846252, 0.0016219063892, 0.18507261096, 0.56163563415, 0.12589785062],
      [0.49179787784, 0.10538963587, 0.00042476154301, 0.28770048596, 0.11240308892, 0.0022841498722],
      [0.016152715853, 0.0082742351817, 0.020863738748, 0.010449336961, 0.64413053693, 0.30012943633]
    ],
    [
      [0.001739838228, 0.49640295599, 0.0054002576399, 0.44968169367, 0.043948769161, 0.0028264853122],
      [0.00010913642696, 0.021707224719, 0.58981969944, 0.029832823527, 0.31958338379, 0.038947732093],
      [0.011536477971, 0.010008795133, 0.0081726094253, 0.019527757036, 0.86093784337, 0.089816517069],
      [0.0083116819612, 0.068147651175, 0.0030960101054, 0.76232648321, 0.13657903347, 0.021539140071],
      [0.048165311486, 0.12646345288, 0.0010656719018, 0.17733396518, 0.5197411896, 0.12723040895],
      [0.44543996363, 0.1798219111, 0.00021008124064, 0.27037605765, 0.10200110287, 0.0021508835061],
      [0.015497086765, 0.014313988902, 0.015951520073, 0.010746911615, 0.62487157266, 0.31861891999]
    ],
    [
      [0.0011114074583, 0.37136607716, 0.071850616361, 0.477696165, 0.071743145478, 0.0062325885504],
      [0, 0.0015047934665, 0.95497568294, 0.0025606922158, 0.03522160238, 0.0057372289931],
      [0.0041451146926, 0.012494317002, 0.042960539379, 0.016602409677, 0.81130057031, 0.11249704894],
      [0.0057887759586, 0.044568230343, 0.031204909518, 0.69506216879, 0.18479247481, 0.038583440576],
      [0.029948225704, 0.065739389055, 0.0030767923855, 0.12991575769, 0.57947564513, 0.19184419004],
      [0.42364150134, 0.13136278625, 0, 0.28139128459, 0.15898408471, 0.0046203431235],
      [0.0068768219679, 0.005989776429, 0.12079959951, 0.006094826265, 0.50419433248, 0.35604464334]
    ],
    [
      [0.0022940940544, 0.37297849537, 0.012454970467, 0.53931744297, 0.068982212575, 0.003972784565],
      [2.5312101406e-05, 0.0089412585503, 0.67889808085, 0.018914507486, 0.26411674973, 0.029104091289],
      [0.0092954690939, 0.0084840709204, 0.013302927527, 0.013144332444, 0.87361222753, 0.082160972482],
      [0.0091990450649, 0.043185330351, 0.0060590228922, 0.74199785136, 0.17470256142, 0.024856188911],
      [0.048906260018, 0.070695172889, 0.0020072814565, 0.15485015841, 0.59253800357, 0.13100312366],
      [0.49662795851, 0.11040212324, 0.00059058690387, 0.26111584972, 0.12887526538, 0.0023882162466],
      [0.014297472847, 0.0076533169757, 0.024064517817, 0.0083645862677, 0.64805527639, 0.2975648297]
    ],
    [
      [0.0029888325904, 0.38332618686, 0.014662790043, 0.51963283575, 0.076148353886, 0.0032410008772],
      [5.7520765714e-05, 0.0080411705807, 0.69989532847, 0.015923095043, 0.25468891853, 0.021393966609],
      [0.01140961809, 0.0082281267628, 0.014625158587, 0.011560061148, 0.89142412825, 0.062752907162],
      [0.012063051374, 0.044694253516, 0.0072218340424, 0.72084795505, 0.19433376862, 0.020839137396],
      [0.060263074647, 0.069032819512, 0.0022697471297, 0.1418818469, 0.62147155473, 0.10508095708],
      [0.55825119453, 0.098261315417, 0.0006217516508, 0.2180521165, 0.12328663675, 0.0015269851555],
      [0.018026518376, 0.007665818743, 0.027577820083, 0.0078099731559, 0.69447937158, 0.24444049806]
    ],
    [
      [0, 0.37682145061, 0.011632604295, 0.52374259311, 0.084554916391, 0.003248435593],
      [0, 0.0076340747179, 0.63139795293, 0.018416873335, 0.31845157978, 0.024099519243],
      [0, 0.0012047146358, 0.010798717089, 0.013711102893, 0.91602414399, 0.058261321395],
      [0, 0.044207706675, 0.0056689719581, 0.71661472217, 0.21296054916, 0.020548050035],
      [0, 0.082350474116, 0.0017751843226, 0.13996659013, 0.67336949605, 0.10253825538],
      [0.22727272727, 0.20377402719, 0.00074803173674, 0.34899485416, 0.21655390072, 0.0026564589201],
      [0, 0.0113118747, 0.020754627931, 0.0077842770674, 0.72889550133, 0.23125371897]
    ],
    [
      [0.0028549031743, 0.41374932094, 0.011580369109, 0.49317263144, 0.074667185226, 0.0039755901153],
      [6.4062283042e-05, 0.010193088144, 0.64758511459, 0.017804340454, 0.29441871996, 0.029934674574],
      [0.010988870218, 0.008652119975, 0.011405345721, 0.01088601635, 0.88145353216, 0.076614115577],
      [0.011867775684, 0.050007449801, 0.0058596610865, 0.70875256441, 0.19756398191, 0.025948567102],
      [0.057008929384, 0.074320175612, 0.0017348984112, 0.1343861347, 0.60848519304, 0.12406466886],
      [0.54819805551, 0.10978651377, 0.0004719424071, 0.21421539015, 0.12519972297, 0.0021283751899],
      [0.016683552931, 0.008020300501, 0.021233586995, 0.0072246917843, 0.66515007969, 0.28168778809]
    ],
    [
      [0.0010996731683, 0.49191712904, 0.027314055879, 0.40847507419, 0.067395175423, 0.0037988922994],
      [0, 0.0059593980057, 0.83209433104, 0.0079062188484, 0.13915446743, 0.014885584668],
      [0.0027705893997, 0.008525202978, 0.025553434826, 0.012256448632, 0.87108952635, 0.079804797809],
      [0.0057065615383, 0.067536304273, 0.015097147894, 0.6777733901, 0.2055402037, 0.028346392497],
      [0.029376621536, 0.098133882445, 0.0039584381994, 0.12500637133, 0.61250538173, 0.13101930476],
      [0.37687912408, 0.19145736095, 0.0012885686642, 0.26159850526, 0.16576858461, 0.003007856427],
      [0.0080446792879, 0.0098580783645, 0.053890584727, 0.0066253197198, 0.63800371158, 0.28357762632]
    ],
    [
      [0.0021959623982, 0.45970281607, 0.011113937985, 0.44481508949, 0.077878433532, 0.0042937605242],
      [3.4640848299e-05, 0.011246417858, 0.63327276692, 0.016030259395, 0.30768136045, 0.031734554531],
      [0.008037107152, 0.0086715247898, 0.010555799558, 0.0090513993868, 0.88519670876, 0.078487460355],
      [0.0097040962264, 0.058587149631, 0.0059662806449, 0.67806185295, 0.21851144967, 0.02916917088],
      [0.043461510176, 0.080918562287, 0.0016453888048, 0.11905398823, 0.62541825687, 0.12950229364],
      [0.48735106938, 0.13915946485, 0.00052098198347, 0.22092314627, 0.14941180098, 0.0026335365309],
      [0.01239034655, 0.0084575386994, 0.019586248422, 0.0061931082003, 0.66677884763, 0.2865939105]
    ],
    [
      [0.003229894215, 0.25499112688, 0.0040508252505, 0.67078158224, 0.062925403022, 0.0040211683881],
      [0.00014293775681, 0.010503399328, 0.46507518789, 0.041546253107, 0.43287897698, 0.049853244936],
      [0.014855603713, 0.002679244558, 0.00097555546701, 0.019509640779, 0.87419155576, 0.087788399719],
      [0.011172879172, 0.024454212206, 0.00064802491982, 0.80370209379, 0.13874735311, 0.021275436799],
      [0.068394800572, 0.048442119598, 0, 0.19611937154, 0.55781164783, 0.12923206045],
      [0.57312548516, 0.061268284825, 0, 0.26622557903, 0.097057267821, 0.0023233831641],
      [0.021035359326, 0.0052052632741, 0.0090465028382, 0.011279137073, 0.64311097131, 0.31032276618]
    ],
    [
      [0.0022947103881, 0.30133107706, 0.010278443009, 0.61219493015, 0.070632912644, 0.0032679267482],
      [5.5644821835e-05, 0.0080992879919, 0.63276173093, 0.024539273723, 0.30682604508, 0.027718017459],
      [0.0094011107783, 0.0053499900927, 0.010744124815, 0.015367156092, 0.89089876911, 0.068238849112],
      [0.0083879135575, 0.031705414389, 0.0045401626791, 0.772359357, 0.16399896426, 0.019008188116],
      [0.048356807132, 0.05718413069, 0.0016087387685, 0.1765893332, 0.60630067965, 0.10996031056],
      [0.48383746537, 0.088572211759, 0.00044709048835, 0.29443356712, 0.13080195666, 0.001907708611],
      [0.014706287496, 0.0063172271, 0.020707955645, 0.0099518973131, 0.68872704479, 0.25958958766]
    ],
    [
      [0.0025140803718, 0.30617403449, 0.015537581482, 0.57856861305, 0.092429367239, 0.0047763233586],
      [0.00035186694772, 0.004016992221, 0.73511303321, 0.011102808334, 0.2293676014, 0.020047697889],
      [0.010508701569, 0.0048557041241, 0.014603736378, 0.0086057582038, 0.89152258013, 0.069903519599],
      [0.0074757932683, 0.029596611536, 0.0069008817218, 0.71796739569, 0.21383862759, 0.024220690192],
      [0.035417013014, 0.042070417481, 0.002416941832, 0.12197975163, 0.68017074277, 0.11794513328],
      [0.54424589236, 0.071227995766, 0.00061032781316, 0.2245805893, 0.15713327578, 0.0022019189775],
      [0.009632935001, 0.0041936440565, 0.023272597603, 0.0060212923592, 0.70189702873, 0.25498250225]
    ],
    [
      [0.0006380336802, 0.35797286705, 0.0096864055311, 0.54493344522, 0.08303890635, 0.0037303421734],
      [0, 0.0074354435269, 0.59039816491, 0.021089930812, 0.35062639941, 0.030450061347],
      [0, 0.0073293227659, 0.0095766612568, 0.012558744691, 0.9048360135, 0.065699257788],
      [0, 0.041387778446, 0.0048290300385, 0.72815635319, 0.20306639339, 0.022560444933],
      [0.019610843043, 0.059612454495, 0.001512986021, 0.1404156222, 0.66896250798, 0.10988558627],
      [0.29382109312, 0.15092604545, 0.00071751689603, 0.34568679471, 0.20561186224, 0.0032366875809],
      [0, 0.011536317889, 0.017147578439, 0.007642570658, 0.71715457858, 0.24651895443]
    ],
    [
      [0.0026580940414, 0.45824941318, 0.0061230871196, 0.49087391224, 0.039979899701, 0.0021155937224],
      [0.00082445446642, 0.018011920067, 0.62045710572, 0.03355223856, 0.2828147604, 0.044339520781],
      [0.014190784487, 0.011743684474, 0.010695071742, 0.023623677652, 0.82878605362, 0.11096072802],
      [0.0097935516365, 0.058967872487, 0.0035072797345, 0.78748381751, 0.11744322528, 0.022804253351],
      [0.056582551522, 0.11837673544, 0.0013841951417, 0.19562755779, 0.47480132487, 0.15322763524],
      [0.48404201393, 0.15497356152, 0.00035142052257, 0.27334294084, 0.085607502984, 0.0016825602037],
      [0.017861710558, 0.013039844279, 0.017622519191, 0.012005297177, 0.55970923321, 0.37976139559]
    ],
    [
      [0.00084175384355, 0.34895055693, 0.01648077285, 0.57438972744, 0.057600473166, 0.0017367157735],
      [0, 0.0070084059431, 0.77089151085, 0.017492367208, 0.18998837952, 0.014619336485],
      [0.0047712062614, 0.010572215727, 0.021747986708, 0.01719391296, 0.88684870251, 0.058865975836],
      [0.0044829635028, 0.040791734176, 0.0081910100585, 0.78775316228, 0.14493662115, 0.013844508828],
      [0.034480489093, 0.07960850544, 0.0032349400788, 0.19835125388, 0.58877275626, 0.095552055241],
      [0.37515962605, 0.13182064349, 0.0010842441175, 0.35457055434, 0.13609027515, 0.0012746568471],
      [0.010789378979, 0.0092880635406, 0.040915115046, 0.011524173463, 0.69254195184, 0.23494131713]
    ],
    [
      [0, 0.38945629284, 0.008238212127, 0.5174983034, 0.078770890471, 0.0060363011682],
      [0, 0.0080141083839, 0.554719869, 0.02209507207, 0.3687130536, 0.046457896953],
      [0, 0.0041982474368, 0.0079848340648, 0.012374867169, 0.8810317521, 0.094410299232],
      [0, 0.04539393384, 0.0041387365278, 0.71663510971, 0.20092744116, 0.032904778753],
      [0, 0.081130860624, 0.0013266343419, 0.13363919946, 0.62841108633, 0.15549221924],
      [0.25, 0.19431393655, 0.00054007056785, 0.34537333052, 0.20549257088, 0.0042800914883],
      [0, 0.010009635259, 0.013560409513, 0.0069889308739, 0.63887329904, 0.33056772532]
    ],
    [
      [0.00082387816655, 0.33205521292, 0.014639670163, 0.57060486043, 0.077798589662, 0.0040777886529],
      [0, 0.0060353833357, 0.6963307717, 0.017280183734, 0.25632176546, 0.024031895765],
      [0.0025734221073, 0.0074513110453, 0.013943093251, 0.013152239799, 0.89197705447, 0.070902879332],
      [0.004490343688, 0.036437757669, 0.0066925753035, 0.74304121483, 0.18657687126, 0.022761237257],
      [0.030157532189, 0.05921977897, 0.0021873720877, 0.15451191148, 0.6363487114, 0.11757469387],
      [0.39070925333, 0.11424104206, 0.00076609444265, 0.32164567095, 0.16976382787, 0.0028741113484],
      [0.0083471686857, 0.0063920242191, 0.026580228923, 0.0083518118358, 0.68651150578, 0.26381726056]
    ],
    [
      [0.0026538569097, 0.50977908829, 0.0056540895882, 0.43469633627, 0.04346568924, 0.0037509397012],
      [0.00056850471463, 0.016435210539, 0.65289195119, 0.023436050589, 0.27787165853, 0.028796624439],
      [0.013609376573, 0.010625047906, 0.0085631964886, 0.018580831113, 0.87037514367, 0.078246404248],
      [0.010675938858, 0.067269968115, 0.003203216129, 0.75667015821, 0.14137689935, 0.020803819333],
      [0.055831306525, 0.12104993537, 0.00098784303279, 0.16632533662, 0.54417439748, 0.11163118097],
      [0.50843580807, 0.16018089042, 4.3664570188e-05, 0.23441797745, 0.093806924719, 0.0031147347637],
      [0.017347199018, 0.013952570277, 0.017493037433, 0.0096863658168, 0.6593128843, 0.28220794315]
    ],
    [
      [0.0027003308065, 0.41651913443, 0.01277817719, 0.50947567556, 0.05583174875, 0.0026949332565],
      [2.2568043781e-05, 0.010330534219, 0.72488459573, 0.01898090268, 0.22458899881, 0.021192400513],
      [0.013497309476, 0.010889972084, 0.016739322851, 0.015882031862, 0.87295517677, 0.070036186954],
      [0.01171535718, 0.051877971068, 0.0067154513266, 0.75816941306, 0.1529355996, 0.018586207766],
      [0.067378460203, 0.091831459289, 0.0023830031921, 0.1708807926, 0.56098959064, 0.10653669407],
      [0.5535165572, 0.11531171204, 0.00056172376057, 0.23124233756, 0.097880782045, 0.0014868873882],
      [0.021290937557, 0.010654733065, 0.031240646517, 0.010060711542, 0.66427468574, 0.26247828558]
    ],
    [
      [0.00071210162457, 0.19005662908, 0.0070817554477, 0.7416962093, 0.054810902465, 0.0056424020868],
      [0, 0.0059019757166, 0.60335449304, 0.035563777514, 0.29361655094, 0.061563202794],
      [0, 0, 0.0063140341282, 0.025288302555, 0.83793147674, 0.13046618658],
      [0, 0.016235688291, 0.0031717391892, 0.83536329726, 0.12011387875, 0.025115396504],
      [0.0030277540882, 0.0396492658, 0.013605842661, 0.22451962825, 0.50742672384, 0.21177078535],
      [0.2669225235, 0.07924753052, 0.00045619053897, 0.50394252398, 0.14473582483, 0.0046954066316],
      [0.0040870577679, 0.0030821851, 0.013658432033, 0.011845757757, 0.51381972252, 0.45350684482]
    ],
    [
      [0.0027075389337, 0.33031134114, 0.010946512383, 0.56654547597, 0.086168979077, 0.0033201524946],
      [9.3332299784e-05, 0.0079245706178, 0.61007354704, 0.02034579126, 0.33535978945, 0.026202969338],
      [0.0093121573075, 0.0052454716311, 0.0095629722943, 0.012630320167, 0.90404419995, 0.059204878647],
      [0.010017846934, 0.035319824364, 0.0049322564593, 0.72627671977, 0.20332285809, 0.020130494378],
      [0.04934537454, 0.054697417168, 0.0015130740051, 0.14288219485, 0.64938878156, 0.10217315788],
      [0.51591933417, 0.088239049046, 0.0004419419148, 0.24829376081, 0.14554869676, 0.0015572172992],
      [0.014615699059, 0.0058603678307, 0.018784449126, 0.0079664650378, 0.71762003328, 0.23515298567]
    ],
    [
      [0.00358756899, 0.28122774295, 0.016676336284, 0.6145896715, 0.078980660237, 0.0049380200392],
      [0.00019658708953, 0.0044826819397, 0.72483170642, 0.015981657085, 0.22759952456, 0.026907842912],
      [0.01326263564, 0.0022108225884, 0.015502235769, 0.013789618185, 0.86710763447, 0.088127053349],
      [0.012663485272, 0.027573089738, 0.0072015273796, 0.74858453433, 0.17680139271, 0.027175970571],
      [0.065373418281, 0.044794688881, 0.0023768375129, 0.15176816016, 0.59516451105, 0.14052238411],
      [0.60237311277, 0.061579342214, 0.00059587708655, 0.22184208971, 0.11130084596, 0.0023087322572],
      [0.018412304511, 0.0045049720756, 0.027375293531, 0.0079768000859, 0.631392469, 0.31033816079]
    ],
    [
      [0.0033996277792, 0.40606850878, 0.018040157227, 0.50765105614, 0.060625963257, 0.0042146868144],
      [0, 0.0076656735998, 0.76767987146, 0.014348301137, 0.18415004276, 0.026156111036],
      [0.014658364432, 0.010017503055, 0.021056009511, 0.014119206786, 0.83938166812, 0.1007672481],
      [0.014540369496, 0.049677868173, 0.009238041506, 0.73555503178, 0.16155242037, 0.029436268674],
      [0.076868956123, 0.079707797004, 0.0029578990664, 0.15097945136, 0.53362878029, 0.15585711616],
      [0.60955134692, 0.097447928034, 0.00067928037594, 0.19909503046, 0.091362397323, 0.00186401688],
      [0.022133973234, 0.0085018411385, 0.03548510451, 0.0081120853711, 0.57589056163, 0.34987643412]
    ],
    [
      [0, 0.27368781953, 0.0034287644352, 0.67952482314, 0.043358592897, 0],
      [0, 0.015597316335, 0.47231153206, 0.060102525318, 0.4275977623, 0.024390863981],
      [0, 0.010324191026, 0.0066737136586, 0.027982724463, 0.91287480052, 0.04214457033],
      [0, 0.029184850773, 0.0018871365805, 0.86353690221, 0.10021483543, 0.0051762750097],
      [0, 0.090968122108, 0.0008993769681, 0.2870573165, 0.55280180625, 0.068273378177],
      [0, 0.31780203423, 0.0002569171502, 0.54808178582, 0.13258371072, 0.0012755520803],
      [0, 0.015395745207, 0.011738514249, 0.019095677234, 0.7563471529, 0.19742291041]
    ]
  ],
  "expected_outcome": [
    [
      [0.011541060975, 0.061630492047, 0.023318823034, 0.19513494821, 0.11978146365, 0.064018167019, 0.11955971501, 0.12854551068, 0.30530666477, 0.11260557016, 0, 0.21158022382, 0.2201675934, 0.050011697576, 0.020015052574, 0.0032450478334, 0.0057683422659, 0.0032283827571, 0.18892128568, 0.13043192969, 0.2086407507, 0.20720543413, 0.038276441016, 0.0133368895, 0.14682201948, 0.10460914066, 0, 0.23695696347, 0.046186273069, 0.13614966869, 0.05813809587, 0.25471285307, 0.017598562603, 0.0038282020812, 0.1541694544, 0.074916092076, 0, 0.034602882995, 0.026538569097, 0.18632282565, 0.0021363048737, 0.15432971922, 0.04663839687, 0.523542678, 0],
      [2.9546046138, 5.5864719331, 4.4501346708, 31.168123501, 14.0834567534, 12.0563360622, 19.7587774532, 13.2486952889, 39.7542091573, 8.6631798974, 0, 23.6417853224, 32.0865979005, 5.4766148049, 3.4338310363, 0.8795303634, 1.3391650793, 0.39415169469, 26.7871757626, 17.2057409049, 26.3186123343, 31.5358707983, 10.9208650317, 4.4563929259, 23.8706237036, 13.41641654, 12.0582864194, 34.341193638, 20.6605194197, 28.5015745966, 4.5898402839, 33.4477495539, 2.1432182415, 2.1478372023, 26.5784659644, 31.0565995666, 9.346951028, 13.9463189427, 5.0977908829, 28.739820276, 0.57016988723, 18.8277464452, 3.6559606583, 62.5345503517, 5.4737563905],
      [0.043093304413, 0.24249014629, 0.13944630584, 0.98475882845, 0.23583891514, 0.21704010585, 0.62972189885, 0.31399868647, 1.4520579407, 0.88987334783, 0, 0.6901015142, 0.75324901919, 0.35964264362, 0.34988887411, 0.0051314846906, 0.11372631783, 0.022196827204, 1.0547975696, 0.51618388328, 0.59366083511, 0.84260852965, 0.11880566808, 0.86220739633, 0.79711810992, 0.51319765149, 0.37224333743, 0.96117063605, 1.1471903469, 0.68906415507, 0.072914854509, 1.140907174, 0.10876307037, 0.058118433186, 0.35513905293, 1.4667887837, 0.19771709105, 0.61486614687, 0.056540895882, 0.88169422608, 0.021245266343, 0.62395120583, 0.2167923717, 2.778184213, 0.068575288704],
      [2.5415811133, 9.972445155, 6.5561276604, 38.7684432282, 27.8395112253, 14.5977166554, 25.8641165454, 21.0663871267, 71.0512812135, 21.5256785542, 0, 44.3083681744, 45.5772957054, 5.9733851905, 4.2651235363, 0.096106174106, 1.9795971365, 1.4817435214, 34.1397902709, 22.3017871509, 36.153690062, 52.7506692576, 9.8929972608, 5.7323539799, 34.5163163501, 18.1871492511, 16.7597629796, 40.9333284092, 17.1559531159, 27.5785355482, 12.0740684804, 67.9536372465, 4.0499802914, 3.2696006713, 28.4706869097, 51.1206857421, 12.4199592816, 23.9654041382, 4.3469633627, 35.1538216138, 2.2250886279, 32.2930921302, 7.9896657295, 78.1782626463, 13.5904964628],
      [0.43071694567, 1.0800775314, 0.79290312423, 3.6396941838, 2.5861117747, 1.977718948, 4.4563825284, 2.1396627507, 7.1022427422, 2.6968878804, 0, 4.8433370147, 4.1280133078, 1.0611614413, 0.86913544464, 0.013735983338, 0.53053883485, 0.098679573918, 6.4848196085, 2.7150426535, 4.4613061422, 5.3415397038, 0.96687292154, 0.86091774574, 4.4148616048, 2.665192386, 2.7057573245, 6.1973763738, 2.8305973678, 4.828462879, 1.1326572544, 7.8402533035, 0.64700557067, 0.4982334381, 2.3188341827, 5.1264421118, 1.8905013713, 3.2675407658, 0.4346568924, 3.8523906638, 0.16443270739, 4.9116318074, 1.0267485831, 9.3363983416, 0.86717185794],
      [0.018462961823, 0.056884742116, 0.038069415707, 0.24384531029, 0.1352998678, 0.087170061565, 0.17144185907, 0.10271063657, 0.33490228156, 0.11177475005, 0, 0.30482775047, 0.23467647384, 0.079184222101, 0.062006056012, 0.0022509466318, 0.031204289261, 0, 0.34449550264, 0.1308134777, 0.26408987563, 0.32210627648, 0.062182676869, 0.074791062604, 0.25425821216, 0.1134350307, 0.10394993897, 0.32997397957, 0.15955347657, 0.2662131525, 0.072381030986, 0.36273986905, 0.03343426351, 0.022382053041, 0.1227044359, 0.15456770384, 0.14487122804, 0.17126712342, 0.037509397012, 0.1859503947, 0.01692720626, 0.18924869219, 0.06419426051, 0.64906176941, 0]
    ],
    [
      [0.0006242227028, 0, 0.00071651507159, 0.00072707164945, 0.0015447193135, 0.00075681021162, 0.00094501132283, 0, 0.0052232109604, 0.014749615121, 0, 0.0054760265347, 0, 0.04082018916, 0.00013620745478, 0.018578070768, 0, 0, 0.055106643143, 0.00028218254124, 0.0002468297719, 0.0012250552123, 0.0016370464044, 0, 0.0013921655774, 0.0031061213485, 0, 0.0039718615486, 0, 0.001039225449, 0.0017152530817, 0.0046185202123, 0.0014074677909, 0, 0.048642813519, 0, 0, 0, 0.0039795330024, 0.003091821998, 0, 0.0045732826894, 0.0045215030592, 0, 0],
