{
  "Z_true": {},
  "V_true": [
    [471, 9, 61, 11, 51, 8],
    [21, 9, 44, 96, 467, 21],
    [36, 223, 56, 164, 170, 21],
    [12, 530, 53, 34, 80, 7],
    [23, 89, 130, 271, 264, 26],
    [36, 78, 380, 3612, 215, 40],
    [27, 68, 718, 111, 5509, 30],
    [320, 176, 546, 394, 818, 300]
  ],
  "p_true": [
    [0.7709, 0.0147, 0.0998, 0.018, 0.0835, 0.0131],
    [0.0319, 0.0137, 0.0669, 0.1459, 0.7097, 0.0319],
    [0.0537, 0.3328, 0.0836, 0.2448, 0.2537, 0.0313],
    [0.0168, 0.7402, 0.074, 0.0475, 0.1117, 0.0098],
    [0.0286, 0.1108, 0.1619, 0.3375, 0.3288, 0.0324],
    [0.0083, 0.0179, 0.0871, 0.8283, 0.0493, 0.0092],
    [0.0042, 0.0105, 0.1111, 0.0172, 0.8524, 0.0046],
    [0.1253, 0.0689, 0.2138, 0.1543, 0.3203, 0.1175]
  ],
  "Z_est": [
    [
      [3, 4, 3, 4, 4, 4, 5, 3, 3, 2, 3, 3, 5, 2, 4, 3, 2, 2, 3, 3, 2, 2, 3, 3, 4, 4, 4, 3, 2, 3, 3, 2, 2, 3, 3, 3, 3, 3, 2, 3, 2, 3, 3, 2, 2, 3, 4, 7],
      [1, 2, 4.0902e-22, 4, 9.6043e-14, 1, 1, 1.1662e-12, 4.6747e-18, 7.2623e-13, 5.5282e-15, 7.1683e-16, 7.6724e-19, 9.7877e-14, 3.343e-21, 1.1578e-16, 6.1102e-11, 1.2193e-09, 1.7278e-15, 6.729e-15, 1.3432e-18, 1.0484e-10, 4.5214e-14, 1, 3.943e-19, 2, 1, 6.0006e-14, 1.9132e-19, 1.2664e-20, 7.6304e-15, 2.1123e-13, 5.4631e-15, 6.1638e-20, 3, 1, 3.0834e-13, 3.6835e-19, 2.9016e-13, 2.1105e-12, 7.3564e-10, 1, 1, 8.1834e-16, 2.282e-16, 6.87e-13, 2, 5],
      [1, 3, 2, 1, 1, 7.387e-12, 2, 1.104e-11, 6.9688e-15, 3.4509e-12, 3.3579e-14, 1, 3, 6.2349e-15, 1, 2, 1.5254e-08, 1, 1.3727e-14, 1, 1, 6.9129e-08, 8.6146e-14, 2, 3, 1, 3, 1, 1.4644e-14, 1, 1.9991e-12, 4.2091e-13, 5.6804e-13, 1, 1, 3.6793e-10, 1, 1.6209e-18, 5.3305e-11, 5.9256e-13, 6.1929e-06, 1, 1, 1, 5.7918e-18, 1.6506e-16, 2.5577e-16, 6],
      [3, 6, 3, 5, 3, 4, 5, 1, 1, 2, 2, 2, 3, 2, 3, 2, 2, 1, 1, 2, 2, 1, 2, 3, 3, 6, 4, 2, 1, 3, 2, 2.2464e-12, 1, 3, 7, 4, 2, 2, 2, 1, 6.1812e-08, 2, 4, 2, 1, 1, 4, 27],
      [5, 9, 4, 5, 4, 4, 11, 4, 4, 4, 4, 7, 10, 4, 6, 6, 3, 4, 2, 6, 4, 2, 2, 7, 9, 11, 10, 4, 3, 6, 2, 1, 4, 4, 11, 4, 3, 2, 1, 3, 2, 3, 7, 2, 1.5734e-15, 2.4936e-12, 3, 31],
      [7.6691e-19, 9.5937e-24, 3.5832e-22, 1.2526e-19, 7.7733e-18, 2.4369e-16, 2.9331e-18, 1.4066e-12, 6.1556e-18, 1.9976e-12, 5.9592e-16, 1.7065e-13, 1.8713e-19, 6.0326e-14, 2.7607e-25, 1.1589e-16, 4.5857e-14, 1.9176e-10, 3.0236e-15, 1.4438e-16, 2.1393e-18, 9.3337e-14, 4.8e-15, 2.6593e-22, 5.7027e-24, 1, 2.8754e-33, 8.4834e-15, 6.394e-17, 6.3493e-21, 1.1258e-11, 1.8453e-13, 1.0424e-19, 3.4228e-20, 8.8916e-27, 1.2071e-12, 1.1037e-19, 6.232e-19, 2.8051e-14, 6.0098e-12, 1.9778e-10, 3.5655e-25, 1.0512e-22, 3.9251e-22, 3.6076e-20, 1.4907e-19, 2.4859e-24, 1]
    ],
    [
      [2, 1, 1, 4.83e-17, 1, 9.008e-12, 1, 4.128e-12, 1, 2, 1, 1, 1, 2, 2, 1, 2, 1, 1.5277e-14, 1, 3, 2, 1, 1, 3.0504e-23, 1.4118e-14, 3, 2, 2, 2, 1.1622e-11, 1, 1, 1, 2, 1, 2, 1, 5.3307e-11, 2, 5.3216e-10, 1, 3, 2, 1, 2, 1, 4],
      [2, 3, 3, 3, 2, 3, 2, 3, 1, 1.7768e-13, 2, 3, 2, 7.9073e-14, 1, 3, 1.531e-12, 2, 3, 2, 3, 8.3164e-10, 2, 4, 2, 3, 4, 1.194e-13, 2.9279e-14, 3, 3, 2, 4, 2, 1, 1, 1, 7.8931e-19, 2, 1, 2, 3, 2, 2, 3, 2, 3, 5],
      [1, 1, 3, 1.0687e-16, 5.8329e-16, 1.5544e-12, 1.4171e-18, 1, 2.0639e-17, 4.9024e-12, 2.0431e-14, 1.0114e-10, 4, 1, 1, 2, 2.0984e-12, 3, 2, 2.4115e-15, 4, 7.0189e-08, 1, 3, 2, 7.8468e-15, 4, 2, 1, 3, 1.8762e-11, 3, 3, 1, 5.0573e-27, 1.6202e-12, 2, 6.0128e-19, 1.4966e-13, 5.403e-12, 1, 3, 2, 4, 2, 6.0258e-13, 1, 4],
      [4, 4, 5, 1, 1, 1, 1, 2, 1, 4.0905e-12, 2, 1, 3, 3, 2, 2, 1, 3, 5, 1, 6, 2, 2, 5, 2, 1, 6, 3, 2, 5, 3, 4, 5, 3, 1, 1.7978e-10, 4, 1, 2, 2.25e-12, 1, 5, 5, 7, 7, 3, 5, 19],
      [7, 5, 7, 1, 1, 2, 3, 5, 2, 1, 4, 5, 10, 6, 4, 7, 2, 8, 8, 4, 13, 2, 4, 12, 6, 2, 15, 6, 4, 11, 4, 14, 18, 4, 3, 2.1775e-11, 5, 1, 1, 1, 3, 7, 8, 10, 4, 1, 4, 22],
      [5.6362e-15, 6.1679e-21, 7.1013e-23, 1.7216e-20, 4.1534e-19, 2.0317e-15, 1.4014e-18, 6.2361e-12, 4.231e-16, 4.8784e-13, 4.3115e-18, 2.1924e-16, 6.0245e-20, 9.3451e-14, 2.818e-25, 4.275e-19, 1.7349e-12, 2.8042e-08, 9.4198e-16, 2.0569e-15, 1.8025e-18, 8.1614e-11, 5.2658e-14, 4.3281e-24, 6.5722e-20, 8.8557e-15, 2.072e-32, 9.9629e-17, 6.0775e-19, 1, 9.5094e-12, 1.389e-12, 1.2772e-13, 1.9521e-20, 2.3008e-26, 6.6883e-15, 1.5419e-13, 1.4934e-19, 8.732e-14, 1.6625e-14, 3.9842e-09, 3.5008e-25, 1.3677e-25, 1.8192e-21, 5.9255e-14, 2.435e-18, 5.4682e-21, 1]
    ],
    [
      [5.9756e-15, 1, 9.0743e-20, 1, 1, 1, 1.5042e-18, 5.16e-12, 5.8483e-18, 3.1227e-12, 3.1355e-15, 1.7065e-13, 6.8727e-19, 4.2558e-17, 1.6717e-21, 4.6377e-16, 6.0333e-11, 1.1992e-09, 1.914e-15, 1.0302e-16, 1.2085e-19, 1.0401e-09, 4.979e-14, 1, 6.5732e-20, 1.412e-14, 7.0228e-32, 1, 2.9324e-14, 1.4499e-23, 4.1385e-13, 8.1254e-13, 7.4561e-19, 8.531e-20, 1, 1.7631e-10, 5.5312e-17, 1.5702e-18, 1, 4.2679e-12, 3.471e-10, 1, 1.0942e-26, 2.0817e-19, 1, 1, 2, 3],
      [4, 3, 3, 3, 3, 3, 1, 6.7298e-13, 2, 1, 1, 1, 5.1303e-20, 1, 3, 1, 2, 2.1707e-10, 1.9383e-14, 1, 1, 2, 2, 1, 2, 8.3498e-15, 1, 2, 3, 1, 2, 2, 2, 3, 7, 3, 4, 5, 4, 4, 1.0925e-08, 1, 3, 2, 8, 9, 8, 7],
      [1, 4, 3, 3, 3, 2, 3, 2, 1, 2.7923e-12, 1, 1, 3, 1.9972e-16, 1, 4, 1.5255e-08, 1, 3, 1, 1, 1, 2, 4, 1, 2, 5, 1, 1.4777e-14, 3, 1, 1, 1, 3, 2, 1, 2, 1, 3, 1, 2, 6, 1, 1, 5, 5, 5, 4],
      [3, 5, 4, 5, 4, 4, 1, 7.3252e-12, 2, 1, 1, 2.0269e-10, 1, 8.5328e-14, 3, 1, 1, 1.1523e-09, 1, 1, 3.9829e-20, 2, 3, 3, 1, 1, 2, 1, 1, 2, 3, 2, 1, 4, 8, 4, 4, 5, 9, 3, 1, 6, 2, 2, 17, 18, 17, 22],
      [5, 7, 6, 5, 7, 5, 3, 1, 7, 2, 3, 1, 3, 8.767e-17, 6, 4, 2, 1, 2, 3, 1, 3, 4, 7, 4, 2, 6, 3, 4, 4, 4, 5, 5, 6, 13, 4, 5, 5, 5, 6, 3, 9, 4, 2, 9, 10, 13, 25],
      [3.2164e-17, 9.6961e-25, 9.1055e-20, 8.6866e-17, 5.6274e-16, 3.7305e-15, 8.358e-20, 1.0769e-14, 2.1863e-15, 1.0805e-12, 4.4464e-15, 1.3564e-18, 1.3245e-20, 1.7218e-19, 8.2854e-26, 2.725e-20, 6.3007e-13, 2.1677e-10, 5.5591e-17, 1.5394e-16, 2.9088e-21, 1.092e-09, 4.8476e-15, 2.6593e-22, 2.5744e-24, 5.0741e-16, 1.8065e-34, 5.9338e-14, 1.9517e-20, 2.5336e-20, 4.03e-12, 1.7234e-12, 1.7833e-19, 1.99e-18, 1.9226e-25, 1.2398e-11, 1.5409e-13, 9.7383e-19, 5.3187e-11, 4.8711e-15, 1.2657e-07, 5.961e-26, 1.53e-22, 1.8117e-19, 1, 1, 1, 1]
    ],
    [
      [1, 1, 9.6483e-20, 2, 1, 1, 1, 3.4083e-12, 1.1644e-17, 1.2076e-12, 7.9701e-16, 1.0138e-10, 1.3043e-20, 3.1677e-16, 3.9924e-25, 2.3155e-16, 1.8038e-12, 8.8008e-12, 8.9231e-15, 2.1296e-15, 9.2911e-19, 1.0846e-10, 1.5578e-12, 2, 6.5732e-20, 1, 1, 6.0702e-14, 2.9318e-14, 6.3423e-21, 1.878e-13, 7.684e-14, 5.4634e-15, 1.0931e-18, 2, 1, 3.0818e-13, 6.9621e-19, 1.218e-13, 2.0424e-12, 9.6294e-08, 4.4127e-27, 5.7351e-22, 3.2735e-15, 1.1875e-13, 6.8695e-13, 1, 4],
      [3, 1, 5.865e-21, 6, 1, 2, 1.7104e-19, 4.482e-14, 2.1863e-15, 2, 3.3353e-15, 1.0162e-10, 7.3231e-20, 2, 1, 3.4839e-16, 6.1102e-11, 2.7297e-14, 4.8311e-15, 5.0368e-16, 1.2238e-18, 2.0255e-13, 1, 1, 6.5725e-20, 8.3077e-15, 1, 2, 1, 3.3996e-24, 1.335e-11, 5.2496e-13, 2.1659e-12, 1, 5, 1, 1, 1, 1, 2, 3.0432e-08, 4.7452e-25, 4.7824e-23, 1, 3, 4, 4, 6],
      [4, 5, 4, 5, 4, 3, 2, 2, 2, 1, 3, 3, 2, 7.3163e-14, 3, 1, 2, 1, 3, 2, 4, 2, 4, 4, 4, 3, 5, 3, 4, 2, 3, 2, 4, 6, 4, 3, 5, 4, 3, 3, 1, 3, 4, 4, 4, 6, 3, 8],
      [5, 6, 2, 11, 3, 5, 4, 8.1604e-13, 1, 2, 1, 1, 1, 1, 2, 5, 1, 2.6695e-08, 3, 1, 4, 1, 4, 9, 1, 5, 7, 2, 4, 2, 3, 1.2595e-12, 2, 5, 10, 6, 5, 5, 4, 3, 1.5544e-07, 4, 3, 4, 9, 10, 12, 28],
      [9, 8, 3, 10, 5, 6, 6, 2, 2, 4, 3, 5, 2, 2, 5, 4, 2, 1.9168e-10, 5, 3, 6, 1, 5, 14, 5, 7, 12, 5, 10, 3, 4, 2, 8, 8, 16, 6, 5, 4, 2, 6, 1, 3, 5, 5, 4, 6, 7, 32],
      [6.4599e-16, 6.1598e-21, 2.9191e-22, 1.0666e-17, 2.3755e-14, 1.131e-16, 8.3832e-20, 7.0155e-13, 8.3622e-16, 4.2365e-15, 8.7885e-18, 3.1424e-16, 9.5444e-23, 1.2873e-13, 1.1143e-21, 3.3959e-19, 3.1528e-13, 9.3e-15, 4.8084e-15, 1.349e-16, 1.2332e-20, 8.3011e-10, 4.5821e-16, 6.5856e-28, 6.0646e-26, 1.5645e-18, 2.3413e-32, 5.1317e-17, 8.8113e-17, 6.3743e-21, 8.4778e-13, 5.9305e-16, 3.0168e-13, 4.4711e-21, 3.1074e-28, 1.4062e-12, 9.9949e-22, 8.0596e-20, 5.3186e-11, 2.0445e-13, 6.069e-12, 1.2377e-26, 1.0823e-26, 2.0598e-21, 5.8839e-14, 1.2898e-12, 5.468e-21, 1]
    ],
    [
      [8.88e-13, 1, 6.2694e-21, 1, 2.4289e-14, 5.2501e-12, 2, 1.4904e-13, 3.0179e-15, 1, 8.1165e-16, 1, 1.2726e-19, 1.8093e-16, 1, 1, 1, 2.1588e-09, 9.054e-15, 5.3431e-16, 1.3642e-19, 5.8678e-12, 3.2067e-14, 1, 2.6286e-19, 2, 1, 1.2794e-13, 4.978e-17, 1, 6.3684e-13, 1.8469e-12, 1.7435e-18, 1.7998e-19, 1, 1.7565e-10, 5.278e-18, 7.6351e-19, 2.9157e-14, 3.7544e-12, 6.1688e-06, 1, 9.5637e-23, 8.1843e-16, 9.0012e-16, 1.8913e-12, 1, 4],
      [1, 1, 1, 3, 2.4324e-14, 1.4967e-12, 1, 1.1429e-11, 2.6738e-17, 1.6945e-13, 8.1902e-16, 1.0238e-10, 1.8058e-19, 4.8863e-16, 1, 1.7946e-19, 1.4575e-12, 2.6006e-08, 1.8268e-14, 1.3571e-17, 7.4842e-19, 1.9239e-10, 1, 1, 1.0455e-23, 1, 2.0903e-32, 9.371e-15, 2.9326e-14, 1.3281e-23, 4.3868e-13, 3.5864e-12, 1, 1, 3, 5.3434e-10, 1, 2, 5.3507e-11, 1, 4.0726e-09, 2, 1, 2.4553e-15, 2, 3, 3, 5],
      [4, 3, 5, 1, 2, 3.1605e-14, 1, 1, 3, 4, 1, 1.0231e-10, 1, 3, 4, 3, 3, 3, 2, 1, 1, 1, 2, 2, 2, 1, 2, 3, 3, 2, 2, 2, 3, 3, 2.3305e-26, 2.3566e-12, 3, 2, 2, 4, 1, 5, 2, 2, 1, 1, 1, 8],
      [4, 9, 7, 7, 5, 4, 7, 5, 7, 6, 3, 5, 4, 4, 9, 4, 6, 2, 11, 2, 4, 6, 5, 6, 3, 9, 5, 3, 3, 5, 4, 5, 3, 6, 9, 7, 7, 9, 3, 3, 3, 9, 6, 4, 7, 11, 10, 29],
      [6, 8, 8, 4, 4, 1, 9, 6, 13, 11, 4, 6, 5, 8, 12, 11, 9, 5, 12, 2, 3, 5, 5, 10, 5, 12, 10, 5, 5, 7, 4, 9, 9, 7, 9, 3, 5, 6, 1, 6, 3, 14, 7, 5, 3, 4, 6, 31],
      [8.8205e-13, 1.1975e-24, 2.0734e-22, 3.1274e-17, 1.1518e-17, 4.5038e-12, 2.8264e-19, 1.149e-12, 6.9616e-15, 4.9369e-13, 1.8515e-15, 2.4316e-13, 1.2713e-19, 1.8533e-14, 2.1367e-25, 5.6967e-20, 4.876e-13, 1.1846e-09, 1.824e-15, 2.6642e-17, 1.0158e-18, 3.31e-13, 6.9391e-15, 2.681e-22, 5.9278e-24, 1, 8.805e-33, 2.5131e-16, 2.734e-17, 6.3385e-21, 2.2413e-13, 5.6349e-13, 4.536e-20, 4.4845e-20, 2.187e-26, 3.7529e-12, 3.183e-20, 6.7209e-19, 5.3186e-11, 4.7216e-12, 3.0395e-08, 2.7668e-25, 4.7822e-23, 5.285e-20, 7.8293e-16, 1.2887e-12, 1.0947e-20, 1]
    ],
    [
      [4, 6, 3, 5, 5, 6, 8, 2, 2, 4, 5, 4, 5, 2, 5, 3, 3, 1, 3, 3, 3, 2, 3, 7, 5, 7, 8, 4, 2, 6, 1, 1.276e-12, 2, 4, 8, 4, 5, 3, 4, 2, 1, 5, 5, 4, 2, 3, 7, 34],
      [8, 9, 6, 14, 5, 8, 4, 2, 1, 3, 3, 1, 2, 2, 4, 2, 2, 1.2204e-09, 3, 2, 4, 2, 7, 6, 4, 4, 6, 3, 3, 2, 5, 1, 5, 6, 18, 6, 6, 10, 9, 5, 1, 6, 6, 6, 14, 18, 17, 44],
      [7, 14, 17, 6, 8, 3, 7, 6, 5, 10, 6, 4, 12, 7, 9, 8, 6, 13, 12, 4, 11, 6, 9, 13, 15, 6, 17, 10, 8, 13, 5, 7, 9, 13, 5, 2, 14, 9, 13, 6, 7, 17, 11, 20, 11, 10, 8, 45],
      [20, 30, 29, 25, 18, 22, 18, 15, 13, 25, 20, 12, 11, 23, 22, 9, 22, 12, 37, 14, 17, 25, 23, 24, 18, 26, 23, 18, 18, 23, 23, 13, 16, 25, 37, 31, 29, 37, 38, 16, 12, 25, 30, 34, 39, 45, 43, 205],
      [31, 42, 37, 26, 24, 24, 38, 29, 39, 43, 36, 32, 38, 51, 40, 24, 30, 26, 55, 30, 39, 30, 30, 56, 45, 46, 60, 31, 40, 45, 27, 33, 45, 40, 61, 32, 33, 36, 24, 23, 24, 38, 46, 49, 23, 29, 35, 234],
      [5.6951e-15, 2, 2, 1, 1, 1, 2, 2, 2, 3.1898e-12, 2, 1, 2, 2, 2, 1, 1, 2.6941e-09, 1, 1, 1, 2, 1, 2, 2, 5, 3, 1.1887e-13, 2, 4, 3, 1, 5.9789e-13, 1, 3, 1, 2, 2, 2, 1, 1.4663e-09, 3, 3, 3, 3, 2, 3, 12]
    ],
    [
      [6, 9, 4, 6, 8, 7, 14, 4, 6, 8, 9, 11, 13, 5, 8, 8, 5, 3, 4, 9, 6, 2, 3, 15, 12, 11, 16, 7, 6, 10, 1, 2, 4, 5, 9, 4, 5, 3, 3, 3, 2, 6, 8, 4, 1, 1, 4, 38],
      [12, 12, 6, 14, 8, 10, 7, 4, 4, 5, 5, 4, 5, 5, 7, 5, 3, 2.5648e-08, 4, 6, 7, 2, 8, 13, 9, 7, 12, 5, 7, 4, 4, 3, 11, 8, 22, 6, 7, 10, 6, 8, 3, 9, 11, 7, 8, 8, 11, 48],
      [11, 19, 19, 7, 14, 4, 12, 13, 13, 15, 12, 10, 32, 15, 15, 20, 8, 23, 18, 10, 19, 6, 10, 29, 37, 10, 35, 18, 19, 21, 5, 15, 21, 17, 6, 2, 15, 9, 9, 9, 16, 24, 19, 21, 6, 4, 5, 50],
      [27, 40, 30, 24, 26, 26, 32, 28, 31, 43, 32, 24, 28, 45, 34, 23, 34, 24, 53, 29, 30, 24, 25, 52, 38, 40, 47, 27, 38, 36, 19, 23, 36, 32, 45, 28, 31, 34, 27, 19, 24, 34, 45, 36, 22, 20, 28, 227],
      [51, 56, 42, 26, 43, 33, 65, 61, 89, 79, 69, 78, 93, 104, 66, 60, 51, 54, 82, 67, 64, 32, 37, 113, 114, 74, 120, 60, 93, 76, 26, 71, 106, 50, 72, 32, 39, 33, 20, 39, 58, 53, 76, 50, 16, 14, 22, 261],
      [1, 3, 3, 2, 1, 1, 5, 4, 6, 1, 4, 3, 6, 6, 6, 4, 2, 1, 1, 5, 4, 2, 1, 5, 7, 9, 9, 1, 6, 7, 4, 2, 1, 3, 5, 1, 2, 3, 1, 2, 2, 5, 6, 5, 1, 1, 4, 14]
    ],
    [
      [1, 3, 2, 2, 3, 3, 6, 1, 1, 2, 3, 4, 8, 1, 2, 4, 1, 1, 1, 3, 2, 1, 1, 5, 4, 5, 5, 2, 1, 4, 2.9398e-11, 7.9249e-13, 1, 2, 2, 1, 2, 1, 2, 1, 1.1106e-07, 3, 3, 2, 1.2581e-16, 1, 3, 16],
      [3, 4, 3, 5, 2, 4, 3, 1, 1, 1, 1, 1, 3, 1, 2, 2, 1, 9.599e-10, 1, 2, 2, 1, 2, 4, 3, 3, 4, 2, 1, 2, 2, 1, 2, 3, 6, 2, 3, 5, 4, 4, 0, 4, 4, 3, 5, 7, 8, 21],
      [3, 7, 10, 2, 4, 1, 5, 4, 3, 4, 4, 4, 20, 5, 4, 10, 2, 7, 5, 4, 5, 3, 2, 10, 12, 4, 12, 6, 4, 10, 2, 7, 5, 6, 2, 1, 6, 5, 6, 4, 4, 10, 7, 11, 4, 4, 3, 21],
      [8, 15, 16, 9, 9, 10, 14, 8, 8, 13, 11, 9, 17, 15, 11, 11, 10, 7, 16, 11, 9, 13, 6, 18, 12, 17, 17, 10, 8, 16, 11, 10, 8, 12, 13, 11, 13, 19, 18, 8, 6, 15, 17, 19, 15, 17, 19, 97],
      [16, 20, 22, 8, 14, 12, 28, 20, 22, 26, 22, 29, 56, 34, 20, 28, 17, 17, 24, 25, 18, 17, 10, 39, 37, 31, 42, 22, 20, 33, 13, 32, 25, 18, 20, 11, 15, 18, 12, 16, 16, 22, 29, 26, 8, 10, 15, 111],
      [2, 4, 4, 3, 3, 3, 3, 3, 3, 2, 3, 4, 5, 4, 4, 4, 3, 2, 2, 3, 3, 3, 2, 3, 4, 6, 5, 2, 4, 6, 5, 4, 2, 3, 3, 3, 3, 4, 3, 4, 2, 4, 5, 4, 4, 4, 4, 8]
    ]
  ],
  "V_est": [
    [148, 26, 43, 145, 247, 2],
    [62, 100, 65, 152, 277, 2],
    [16, 122, 102, 182, 244, 4],
    [19, 54, 157, 207, 278, 1],
    [21, 36, 106, 295, 343, 2],
    [220, 305, 484, 1310, 1949, 93],
    [338, 390, 747, 1720, 3090, 178],
    [122, 149, 284, 682, 1146, 171]
  ],
  "p_est": [
    [0.2422, 0.0426, 0.0704, 0.2373, 0.4043, 0.0033],
    [0.0942, 0.152, 0.0988, 0.231, 0.421, 0.003],
    [0.0239, 0.1821, 0.1522, 0.2716, 0.3642, 0.006],
    [0.0265, 0.0754, 0.2193, 0.2891, 0.3883, 0.0014],
    [0.0262, 0.0448, 0.132, 0.3674, 0.4271, 0.0025],
    [0.0504, 0.0699, 0.111, 0.3004, 0.4469, 0.0213],
    [0.0523, 0.0603, 0.1156, 0.2661, 0.4781, 0.0275],
    [0.0478, 0.0583, 0.1112, 0.267, 0.4487, 0.067]
  ],
  "EI_Z": {},
  "EI_V": 39.2967,
  "MAE_Z": {},
  "MAE_V": 275.6667,
  "MAE_p": 0.1265,
  "runtime": 0.5574
}
