{
  "X": [
    [24, 74, 138, 8, 6],
    [8, 13, 3, 0, 1],
    [9, 62, 199, 10, 5],
    [41, 103, 113, 7, 9],
    [2, 14, 41, 11, 7],
    [7, 26, 60, 6, 1],
    [8, 35, 75, 4, 1],
    [8, 15, 51, 7, 2],
    [1, 4, 11, 2, 0],
    [5, 16, 60, 3, 3],
    [14, 60, 58, 2, 8],
    [14, 28, 47, 3, 7],
    [21, 46, 94, 2, 18],
    [9, 94, 130, 13, 8],
    [24, 205, 509, 48, 34],
    [95, 313, 698, 46, 47],
    [2, 1, 10, 2, 0],
    [7, 30, 124, 11, 5],
    [18, 91, 213, 20, 10],
    [53, 441, 1061, 85, 55],
    [46, 79, 90, 7, 23],
    [10, 2, 15, 2, 0],
    [23, 154, 315, 37, 13],
    [91, 360, 905, 69, 35],
    [28, 112, 200, 14, 19],
    [0, 6, 14, 0, 1],
    [26, 54, 31, 4, 7],
    [0, 4, 22, 0, 0],
    [4, 40, 78, 10, 5],
    [0, 1, 35, 0, 0],
    [9, 9, 18, 0, 1],
    [3, 11, 25, 1, 0],
    [39, 203, 490, 33, 21],
    [121, 938, 2259, 206, 80],
    [4, 30, 45, 4, 2],
    [8, 73, 177, 13, 12],
    [8, 34, 52, 3, 1],
    [1, 3, 16, 1, 0],
    [2, 6, 8, 0, 3],
    [2, 18, 34, 2, 0],
    [0, 3, 3, 2, 0],
    [33, 116, 205, 24, 28],
    [0, 4, 19, 0, 0],
    [16, 58, 224, 14, 11],
    [2, 21, 71, 6, 3],
    [10, 59, 175, 29, 12],
    [5, 6, 2, 1, 2],
    [1, 20, 108, 16, 4],
    [4, 5, 18, 0, 0],
    [1, 14, 17, 4, 0],
    [27, 156, 388, 52, 36],
    [14, 143, 350, 42, 34],
    [53, 109, 73, 13, 27],
    [54, 157, 164, 16, 25],
    [0, 5, 94, 1, 4],
    [16, 68, 299, 24, 15],
    [13, 39, 113, 10, 10],
    [12, 119, 166, 43, 22],
    [58, 121, 143, 15, 14],
    [8, 21, 97, 9, 6],
    [14, 73, 157, 11, 16],
    [15, 37, 188, 12, 5],
    [18, 81, 161, 7, 20],
    [7, 35, 97, 7, 8],
    [2, 18, 41, 11, 4],
    [3, 17, 23, 3, 5],
    [7, 33, 56, 6, 5],
    [0, 2, 9, 0, 0],
    [2, 20, 28, 2, 1],
    [5, 16, 25, 3, 2],
    [9, 62, 207, 24, 6],
    [18, 46, 159, 17, 9],
    [8, 15, 105, 9, 2],
    [28, 129, 368, 38, 21],
    [8, 26, 106, 12, 4],
    [2, 18, 100, 7, 6],
    [25, 264, 484, 84, 38],
    [70, 364, 838, 52, 71],
    [27, 87, 256, 19, 15],
    [69, 128, 116, 19, 29],
    [0, 4, 4, 2, 2],
    [1, 3, 60, 1, 1],
    [17, 28, 128, 10, 6],
    [1, 5, 8, 3, 2],
    [56, 393, 1224, 75, 61],
    [30, 194, 436, 71, 22],
    [4, 10, 29, 3, 5],
    [31, 256, 591, 54, 27],
    [26, 158, 355, 35, 30],
    [66, 517, 1029, 110, 63],
    [35, 273, 576, 39, 44],
    [1, 11, 16, 0, 1],
    [12, 64, 141, 21, 11],
    [1, 3, 10, 0, 0],
    [21, 144, 281, 34, 17],
    [11, 45, 106, 12, 21],
    [17, 104, 273, 33, 18],
    [6, 36, 132, 23, 7],
    [32, 127, 311, 21, 22],
    [17, 265, 421, 70, 17],
    [13, 84, 291, 19, 10],
    [73, 338, 1168, 79, 58],
    [3, 10, 85, 9, 2],
    [15, 78, 235, 28, 11],
    [87, 224, 355, 31, 34],
    [139, 737, 1298, 115, 135],
    [137, 690, 1412, 147, 157],
    [0, 1, 6, 0, 0]
  ],
  "W": [
    [2, 28, 60, 155, 5],
    [1, 3, 9, 4, 8],
    [3, 10, 55, 211, 6],
    [2, 44, 97, 118, 12],
    [6, 4, 11, 50, 4],
    [3, 4, 27, 65, 1],
    [2, 7, 23, 88, 3],
    [4, 10, 15, 52, 2],
    [2, 1, 4, 10, 1],
    [1, 5, 11, 69, 1],
    [1, 21, 46, 67, 7],
    [3, 15, 25, 50, 6],
    [0, 27, 35, 109, 10],
    [2, 24, 71, 152, 5],
    [33, 23, 142, 565, 57],
    [30, 114, 262, 756, 37],
    [0, 0, 2, 13, 0],
    [10, 3, 20, 140, 4],
    [11, 11, 88, 231, 11],
    [55, 64, 383, 1141, 52],
    [3, 34, 63, 126, 19],
    [0, 3, 11, 15, 0],
    [18, 26, 133, 348, 17],
    [38, 92, 289, 1001, 40],
    [10, 39, 80, 228, 16],
    [0, 1, 5, 15, 0],
    [3, 17, 51, 40, 11],
    [0, 1, 3, 22, 0],
    [6, 5, 34, 87, 5],
    [0, 0, 1, 35, 0],
    [0, 8, 7, 22, 0],
    [0, 3, 10, 26, 1],
    [19, 42, 156, 532, 37],
    [115, 129, 814, 2469, 77],
    [1, 7, 28, 48, 1],
    [10, 9, 62, 191, 11],
    [3, 13, 23, 58, 1],
    [0, 3, 1, 17, 0],
    [0, 2, 3, 11, 3],
    [2, 1, 13, 37, 3],
    [1, 0, 3, 4, 0],
    [10, 48, 82, 240, 26],
    [1, 0, 3, 19, 0],
    [6, 17, 47, 245, 8],
    [1, 6, 20, 76, 0],
    [23, 16, 47, 187, 12],
    [2, 3, 6, 3, 2],
    [4, 1, 14, 127, 3],
    [0, 2, 4, 20, 1],
    [3, 1, 7, 25, 0],
    [18, 29, 118, 450, 44],
    [19, 17, 100, 406, 41],
    [6, 71, 83, 82, 33],
    [13, 77, 115, 186, 25],
    [1, 1, 6, 92, 4],
    [14, 13, 56, 334, 5],
    [3, 19, 35, 116, 12],
    [15, 22, 74, 213, 38],
    [4, 62, 90, 171, 24],
    [5, 11, 10, 104, 11],
    [9, 29, 48, 173, 12],
    [5, 14, 33, 200, 5],
    [6, 20, 68, 187, 6],
    [2, 23, 22, 106, 1],
    [5, 5, 13, 48, 5],
    [2, 1, 17, 27, 4],
    [7, 4, 31, 62, 3],
    [0, 0, 2, 9, 0],
    [2, 6, 16, 29, 0],
    [4, 3, 18, 26, 0],
    [13, 13, 47, 224, 11],
    [9, 16, 44, 176, 4],
    [3, 5, 18, 112, 1],
    [17, 29, 78, 437, 23],
    [3, 6, 22, 119, 6],
    [7, 2, 13, 111, 0],
    [39, 54, 192, 568, 42],
    [25, 92, 269, 963, 46],
    [10, 27, 68, 287, 12],
    [13, 80, 103, 133, 32],
    [0, 2, 3, 7, 0],
    [3, 2, 2, 57, 2],
    [4, 8, 28, 140, 9],
    [1, 2, 4, 11, 1],
    [43, 68, 306, 1338, 54],
    [51, 30, 169, 483, 20],
    [1, 9, 4, 34, 3],
    [25, 35, 205, 668, 26],
    [14, 29, 124, 422, 15],
    [59, 93, 406, 1184, 43],
    [24, 46, 209, 657, 31],
    [0, 2, 8, 16, 3],
    [10, 12, 49, 163, 15],
    [0, 1, 2, 11, 0],
    [27, 23, 118, 314, 15],
    [6, 12, 29, 114, 34],
    [14, 25, 83, 307, 16],
    [8, 6, 34, 144, 12],
    [12, 41, 93, 344, 23],
    [42, 28, 218, 483, 19],
    [10, 11, 63, 319, 14],
    [34, 65, 255, 1299, 63],
    [4, 4, 11, 85, 5],
    [19, 19, 64, 256, 9],
    [16, 102, 180, 406, 27],
    [87, 203, 597, 1408, 129],
    [102, 196, 567, 1539, 139],
    [0, 0, 1, 6, 0]
  ],
  "method": "mvn_pdf",
  "cond_prob": [
    [
      [0.00010207968702, 0.13169312149, 0.19908562594, 0.6516210073, 0.01749816559],
      [0.59354797065, 0.31161106052, 0.0024991875697, 0.00037157692657, 0.091970204338],
      [0.068544360435, 0.84101215333, 0.075854653342, 0.0084244876066, 0.0061643452888],
      [0.0158259703, 0.081623437541, 0.85682526168, 0.036297275857, 0.0094280546264],
      [0.16295312797, 0.37982840882, 0.03453134717, 0.11096136345, 0.31172575259]
    ],
    [
      [0.35591174785, 0.45538848208, 0.16100926213, 0, 0.027690507949],
      [0.86868397792, 0.1182215693, 0.0030876924189, 0, 0.010006760365],
      [0.09658017788, 0.87411788223, 0.021536118398, 0, 0.0077658214953],
      [0.10028213388, 0.25285839158, 0.63317896574, 0, 0.013680508805],
      [0.47096077274, 0.41393153796, 0.012898341511, 0, 0.10220934778]
    ],
    [
      [4.5023931961e-05, 0.097631788677, 0.23967632679, 0.64832205661, 0.014324803984],
      [0.47541168489, 0.39061983324, 0.0059009803703, 0.00016785572343, 0.12789964578],
      [0.042158627315, 0.81811216229, 0.12230592246, 0.010561565931, 0.0068617220004],
      [0.0063098703195, 0.050287373174, 0.90601077413, 0.03123993215, 0.0061520502241],
      [0.099273489932, 0.36568360595, 0.0544770231, 0.14680724386, 0.33375863716]
    ],
    [
      [6.9137255725e-05, 0.1240612568, 0.22557709362, 0.63172310704, 0.018569405282],
      [0.65114149674, 0.26013357004, 0.0031287979818, 0.00038533612126, 0.085210799117],
      [0.085522432857, 0.81120625592, 0.089678711137, 0.0084666861225, 0.0051259139619],
      [0.014322918234, 0.071863622736, 0.87506537286, 0.030934632283, 0.0078134538895],
      [0.19698796086, 0.34492384143, 0.037885810342, 0.10400365277, 0.31619873459]
    ],
    [
      [0.00049852851766, 0.036732391121, 0.066011825567, 0.86872494436, 0.028032310432],
      [0.25288502105, 0.24170841809, 0.0043152379208, 0, 0.50109132294],
      [0.034126992553, 0.81729230905, 0.085952758137, 0.02729419776, 0.035333742497],
      [0.010208650184, 0.067660486686, 0.79175646411, 0.098686448572, 0.031687950443],
      [0.024909829349, 0.10988306175, 0.013341137425, 0.13827293246, 0.71359303901]
    ],
    [
      [0, 0.07310437809, 0.16368438356, 0.75432660851, 0.0088846298475],
      [0.74462609678, 0.19912731651, 0.0023967360082, 0.00037129829449, 0.053478552409],
      [0.10385889031, 0.77744184056, 0.098874438453, 0.01471658461, 0.005108246076],
      [0.015182965755, 0.056643361123, 0.8736731035, 0.048738603176, 0.0057619664503],
      [0.23041280058, 0.31142943171, 0.040998339788, 0.17017799041, 0.2469814375]
    ],
    [
      [0.00020203878049, 0.21091535022, 0.20471911538, 0.5718142392, 0.012349256414],
      [0.59537716732, 0.3565332399, 0.0024458908902, 0.00015517215889, 0.04548852973],
      [0.058244150606, 0.88450733981, 0.051359329174, 0.0045280555871, 0.0013611248223],
      [0.022088340697, 0.11565661003, 0.83298278798, 0.028587918493, 0.00068434279518],
      [0.1828554353, 0.52032870719, 0.029896873254, 0.078467736865, 0.18845124739]
    ],
    [
      [5.1587791254e-05, 0.035387671803, 0.15324713486, 0.80489742663, 0.006416178914],
      [0.63367641603, 0.25379384873, 0.0074174505756, 0.0010373481651, 0.1040749365],
      [0.069108854557, 0.72332756713, 0.1743883995, 0.025675042554, 0.0075001362649],
      [0.0071434168096, 0.018823162759, 0.91493438046, 0.054286547691, 0.0048124922771],
      [0.12746949806, 0.24589642756, 0.060211589134, 0.28100534679, 0.28541713846]
    ],
    [
      [0.0013998423947, 0.038027096305, 0.22869898451, 0.73187407679, 0],
      [0.67154389266, 0.31940685121, 0.0083072370085, 0.00074201912259, 0],
      [0.031126297147, 0.77542555249, 0.18067625758, 0.01277189278, 0],
      [0.00018782034953, 0.0058452359967, 0.96971349124, 0.02425345241, 0],
      [0.19927303047, 0.44438438624, 0.11445485121, 0.24188773208, 0]
    ],
    [
      [0.00012033460926, 0.12611523946, 0.20825370196, 0.63549106538, 0.030019658588],
      [0.59614530747, 0.25880555219, 0.0016607719551, 0.00026716669991, 0.14312120168],
      [0.069318098521, 0.83521848303, 0.075955551203, 0.0071197752901, 0.012388091954],
      [0.016303783015, 0.074042116662, 0.85392201568, 0.032038494744, 0.023693589901],
      [0.13169301629, 0.28354763652, 0.027312293232, 0.074199435571, 0.48324761838]
    ],
    [
      [0.00013905256568, 0.23622148596, 0.22255241181, 0.50294219401, 0.038144855653],
      [0.47110699888, 0.38540265882, 0.0028157978509, 0, 0.14067454445],
      [0.047273851223, 0.89013473019, 0.051076257471, 0.00041624627227, 0.011098914848],
      [0.017171221939, 0.11775367709, 0.82401659245, 0.017087781443, 0.02397072708],
      [0.11164927783, 0.4049469608, 0.022813756473, 0.047575588688, 0.41301441621]
    ],
    [
      [0, 0.13774531222, 0.26220815981, 0.5578819385, 0.04216458947],
      [0.65016544881, 0.20463827162, 0.0023569174946, 0, 0.14283936208],
      [0.099179823791, 0.79204043438, 0.08719579687, 0.0040209702578, 0.017562974698],
      [0.014624344746, 0.064388297805, 0.87664109241, 0.018018239389, 0.026328025648],
      [0.17280090596, 0.24946070653, 0.02767870265, 0.054152993095, 0.49590669176]
    ],
    [
      [0.00016797281702, 0.17079953998, 0.23256760264, 0.50566112125, 0.09080376331],
      [0.52502926638, 0.2152422539, 0.0047534752358, 0, 0.25497500448],
      [0.086195562698, 0.81873439433, 0.07028458463, 0.0022957808412, 0.022489677497],
      [0.025164751465, 0.08817287877, 0.83710422962, 0.014665318998, 0.03489282115],
      [0.10644072036, 0.1921911557, 0.016733467836, 0.032112789976, 0.65252186613]
    ],
    [
      [0, 0.10087674303, 0.11846655097, 0.76844321241, 0.012213493583],
      [0.30971148065, 0.53998899127, 0.0042801577471, 3.8250536259e-05, 0.1459811198],
      [0.018222346384, 0.89699185679, 0.06474075519, 0.012065145416, 0.0079798962182],
      [0, 0.099103205437, 0.82181111528, 0.063635100547, 0.01545057874],
      [0.054627574225, 0.41768033294, 0.029691994355, 0.18660699093, 0.31139310755]
    ],
    [
      [9.5978589739e-06, 0.1371138776, 0.20863519819, 0.63287705752, 0.021364268837],
      [0.41666014387, 0.43059136311, 0.0040217791939, 0.00011435585718, 0.14861235796],
      [0.036748603404, 0.86530128701, 0.081390112972, 0.0081383680221, 0.0084216285918],
      [0.007504490365, 0.080238880884, 0.86438203636, 0.034405116017, 0.013469476369],
      [0.086985284595, 0.39234895145, 0.036654227204, 0.11434891418, 0.36966262257]
    ],
    [
      [8.2380360942e-05, 0.1231722032, 0.23518327622, 0.61490062412, 0.026661516108],
      [0.55274388001, 0.29972650162, 0.0036534652601, 0, 0.14387615311],
      [0.066881931175, 0.81720938019, 0.096875064193, 0.0078799688048, 0.01115365564],
      [0.012557838204, 0.065266711211, 0.87801022485, 0.028835017774, 0.015330207961],
      [0.13426850318, 0.31582490366, 0.037054320762, 0.099706919252, 0.41314535315]
    ],
    [
      [6.475717441e-05, 0.00024362164095, 0.0016778658068, 0.99800781316, 5.9422130118e-06],
      [1, 0, 0, 0, 0],
      [0.89767317692, 0.02195270218, 0.07116586979, 0.0092082511065, 0],
      [0.015742588166, 0.073545738126, 0.75828217388, 0.15242949983, 0],
      [0.99999999651, 3.4903584178e-09, 1.6078541885e-21, 1.8330623453e-17, 0]
    ],
    [
      [7.1385390817e-05, 0.1318415233, 0.2173225274, 0.62361740505, 0.027147158862],
      [0.65894290892, 0.23221947398, 0.0022287003004, 5.7117262282e-05, 0.10655179953],
      [0.087611708879, 0.81512395705, 0.079648697707, 0.007214267065, 0.010401369296],
      [0.018298927999, 0.07476000239, 0.85790143079, 0.030545927064, 0.018493711762],
      [0.17709333048, 0.30401171736, 0.03022859025, 0.085734866868, 0.40293149505]
    ],
    [
      [6.6274526476e-05, 0.091231146019, 0.19078824165, 0.69864811432, 0.01926622349],
      [0.60165890768, 0.26869983162, 0.0033348460105, 0.00017610278447, 0.1261303119],
      [0.07614935598, 0.79929077849, 0.10140488468, 0.012454361468, 0.010700619386],
      [0.01325271537, 0.058309316419, 0.87242374224, 0.041990387976, 0.014023837994],
      [0.14713658355, 0.2939744224, 0.037375611477, 0.13792456184, 0.38358882073]
    ],
    [
      [0, 0.11041551932, 0.21916242081, 0.64735184965, 0.023070210223],
      [0.42145084332, 0.392050158, 0.0048271408916, 0.00012212814758, 0.18154972964],
      [0.039543021484, 0.83625182617, 0.10324021377, 0.010028534002, 0.010936404577],
      [0.0057776508453, 0.063316402645, 0.88254347714, 0.034262515179, 0.014099954191],
      [0.082497484319, 0.33283599011, 0.040654241298, 0.12410334088, 0.41990894339]
    ],
    [
      [0, 0.22745517515, 0.11913767378, 0.55588186982, 0.097525281239],
      [0.75242440003, 0.12053111168, 0.018278604241, 0.00014795632753, 0.10861792772],
      [0.17229297375, 0.75171889203, 0.056311778866, 0.0036923474876, 0.015984007866],
      [0.035248388084, 0.18455788647, 0.67597353036, 0.036365089792, 0.067855105294],
      [0.26956927128, 0.18984172547, 0.015831975825, 0.026984456307, 0.49777257112]
    ],
    [
      [0.00023620335289, 0.0017387597088, 0.017810908176, 0.97949587596, 0.00071825280118],
      [0.93429063849, 0.011672023049, 0.047126928304, 0.0069104101529, 0],
      [0.65428437132, 0.11550159402, 0.19738401904, 0.032830015622, 0],
      [0, 0.046297759779, 0.84582633371, 0.10787590651, 0],
      [0.90996336779, 0.0081117097953, 0.0041301694866, 0.050170629926, 0.027624123]
    ],
    [
      [5.9681626495e-05, 0.087196779303, 0.15456414584, 0.74568290444, 0.01249648879],
      [0.47363895671, 0.39549051544, 0.0043250528854, 0.00015019562911, 0.12639527933],
      [0.044280238088, 0.8425123356, 0.092000637522, 0.01416322052, 0.0070435682722],
      [0.0089967448172, 0.068967075512, 0.85979477432, 0.053016171363, 0.0092252339879],
      [0.0978925879, 0.35841303872, 0.038866338002, 0.19061568649, 0.31421234889]
    ],
    [
      [8.7589100439e-05, 0.11974750289, 0.20732617395, 0.65497512553, 0.017863608533],
      [0.57079971785, 0.31972766366, 0.0034557089282, 0.00010926207168, 0.1059076475],
      [0.065709625111, 0.82868336461, 0.089062165443, 0.0093456055401, 0.0071992392915],
      [0.013536919224, 0.072022811183, 0.86865791078, 0.036347300526, 0.0094350582834],
      [0.14856399429, 0.36125808665, 0.038453641553, 0.12540913228, 0.32631514523]
    ],
    [
      [0.00011921285417, 0.1699379786, 0.21118831096, 0.58529816333, 0.033456334265],
      [0.483886122, 0.35677325988, 0.0028643835574, 0, 0.15647623457],
      [0.051446005708, 0.86617653199, 0.066022853417, 0.0054210268057, 0.010933582076],
      [0.014232711819, 0.093793758533, 0.84237892028, 0.028547751408, 0.021046857955],
      [0.11040689763, 0.35671022337, 0.027011489585, 0.07527805633, 0.43059333309]
    ],
    [
      [1.6706214972e-05, 0.17145230727, 0.3700517438, 0.41872027983, 0.03975896288],
      [0, 0.56627198656, 0.0039096895359, 0, 0.4298183239],
      [0, 0.91074523903, 0.073428249724, 0, 0.015826511244],
      [0, 0.058666787885, 0.90859660412, 0, 0.032736607992],
      [0.0034427904641, 0.060890241756, 0.0078080414513, 0.0030520001343, 0.92480692619]
    ],
    [
      [0, 0.20823061183, 0.13727162189, 0.61193247934, 0.042565286941],
      [0.79755569842, 0.13910095931, 0.0049706026335, 0.00043237154167, 0.057940368093],
      [0.13517153695, 0.80058650125, 0.042580038928, 0.0050707538653, 0.016591169001],
      [0.041156073834, 0.18136709118, 0.70477741857, 0.03616135099, 0.036538065421],
      [0.35468743535, 0.265999695, 0.012818741943, 0.041071796278, 0.32542233143]
    ],
    [
      [9.9094324284e-06, 0.10793569917, 0.41058309555, 0.47719954042, 0.0042717554154],
      [0, 0.98573600638, 0.014263993621, 0, 0],
      [0, 0.85922561119, 0.14077438881, 0, 0],
      [0, 0.019844870911, 0.98015512909, 0, 0],
      [0.028154437769, 0.62037324682, 0.11946370999, 0.088922823348, 0.14308578207]
    ],
    [
      [1.4519189603e-05, 0.093813261899, 0.15309038393, 0.7349904298, 0.018091405179],
      [0.39353690088, 0.42079312297, 0.0037657657157, 0.00029531187887, 0.18160889855],
      [0.032893499794, 0.86222043088, 0.081105767437, 0.01278462518, 0.010995676707],
      [0.0065761452795, 0.072931679903, 0.85221718206, 0.050638705319, 0.01763628744],
      [0.068344949626, 0.33452080244, 0.032427587193, 0.14966724858, 0.41503941216]
    ],
    [
      [1.4853444939e-05, 0.074158561658, 0.42193286697, 0.49660266615, 0.0072910517795],
      [0.42321407134, 0.48497855435, 0.016757391667, 0.00013781159903, 0.074912171047],
      [0, 0.7917697097, 0.2082302903, 0, 0],
      [0, 0.0059494368657, 0.99405056313, 0, 0],
      [0.033864153422, 0.3876738329, 0.12909748, 0.11383896539, 0.33552556829]
    ],
    [
      [0.00080707941308, 0.30619208076, 0.27023545707, 0.37045467171, 0.05231071104],
      [0.84551834221, 0.10218385827, 0.010808094288, 0, 0.041489705236],
      [0.19535499716, 0.7545789707, 0.040737837398, 0, 0.0093281947402],
      [0.039471285553, 0.13183983359, 0.8012895629, 0, 0.027399317951],
      [0.41166938345, 0.24241429702, 0.010480025402, 0.0085308904148, 0.32690540372]
    ],
    [
      [5.4417732859e-05, 0.090414663005, 0.23521369228, 0.66940124901, 0.0049159779797],
      [0.66890483325, 0.3194652996, 0.0037173539147, 0.0079125132282, 0],
      [0.053526699497, 0.83182432891, 0.10686836714, 0.0077806044567, 0],
      [0.0051610049097, 0.047892224678, 0.91748435809, 0.029462412324, 0],
      [0.32383237762, 0.47816297048, 0.065570956577, 0.13243369533, 0]
    ],
    [
      [0.00010271409001, 0.13230090166, 0.23429278418, 0.61645505915, 0.016848540926],
      [0.50360018577, 0.38346810358, 0.0043013726827, 3.5260538662e-05, 0.10859507743],
      [0.04913462844, 0.84441141818, 0.09278509202, 0.0077478627262, 0.0059209986335],
      [0.01068470777, 0.070893580058, 0.88208328183, 0.029508008527, 0.0068304218143],
      [0.12155605566, 0.40370423489, 0.043918896204, 0.1183498868, 0.31247092644]
    ],
    [
      [2.1795457453e-05, 0.102090362, 0.18985153255, 0.69141611653, 0.016620193466],
      [0.45856748185, 0.39424385879, 0.0045508368234, 0.0001702216168, 0.14246760093],
      [0.04344568034, 0.83916459684, 0.097291997958, 0.011869428698, 0.0082282961644],
      [0.0077264078042, 0.066750435068, 0.87251205836, 0.042484604738, 0.01052649403],
      [0.096116931155, 0.35734213736, 0.040935810107, 0.15466212925, 0.35094299213]
    ],
    [
      [0, 0.069288070228, 0.14418668984, 0.77753462665, 0.0089906132868],
      [0.41168353611, 0.4494348095, 0.0045837807104, 0.0010225992663, 0.13327527442],
      [0.030377684358, 0.84754772307, 0.097040682434, 0.01692800367, 0.0081059064693],
      [0.0040607257918, 0.055957863334, 0.87629946481, 0.052934001649, 0.01074794442],
      [0.072725247205, 0.36735457732, 0.04421342637, 0.20049099658, 0.31521575252]
    ],
    [
      [2.2315670216e-05, 0.12379925931, 0.23488448948, 0.60999376252, 0.031300173016],
      [0.40005353415, 0.38015916185, 0.0043200945728, 6.7512631443e-05, 0.2153996968],
      [0.037795395154, 0.84406454478, 0.096937768979, 0.0078273978531, 0.013374893235],
      [0.0065603561985, 0.066041098999, 0.88068655786, 0.028242041359, 0.018469945584],
      [0.072995682046, 0.30861120591, 0.035545456937, 0.092720563143, 0.49012709196]
    ],
    [
      [0.00042761697451, 0.21001659989, 0.23762504905, 0.53958981899, 0.012340915084],
      [0.46629243376, 0.47214578925, 0.0036464365711, 0, 0.057915340418],
      [0.038597361048, 0.89882172566, 0.059100732141, 0.0034801811531, 0],
      [0.016032145907, 0.10346741532, 0.85937771119, 0.021122727578, 0],
      [0.11931174353, 0.55804516116, 0.036497089009, 0.076068176994, 0.21007782931]
    ],
    [
      [3.4747140935e-06, 0.019869820797, 0.093945856568, 0.88544844034, 0.00073240758235],
      [0.32878452927, 0.657294659, 0.00904698139, 0.0048738303401, 0],
      [0.013646412205, 0.83942052186, 0.13388610053, 0.013046965405, 0],
      [0, 0.01109973536, 0.93170429149, 0.057195973151, 0],
      [0.042012391951, 0.46896326608, 0.091315440046, 0.32148499652, 0.07622390541]
    ],
    [
      [0.00019117394511, 0.32688087223, 0.13891682767, 0.42569563184, 0.10831549432],
      [0.54950803481, 0.25058158597, 0.0027704615581, 0, 0.19713991767],
      [0.051600633843, 0.91710646572, 0.019916523391, 0, 0.01137637705],
      [0.042625863811, 0.18791516951, 0.71913878021, 0, 0.050320186467],
      [0.092432508979, 0.22681685543, 0.008060974801, 0, 0.67268966079]
    ],
    [
      [0.0070168729306, 0.2107293163, 0.26197559965, 0.52027821112, 0],
      [0.53256642677, 0.46408450846, 0.0032942801513, 5.4784614742e-05, 0],
      [0.031684945998, 0.90263775131, 0.062279387016, 0.0033979156806, 0],
      [0.0081343005006, 0.094207724483, 0.87920943566, 0.018448539352, 0],
      [0.24684213696, 0.6314934287, 0.04412445658, 0.077539977757, 0]
    ],
    [
      [0, 0, 0.00027490726481, 0.99972509274, 0],
      [0, 0.87111294901, 0.0028498099794, 0.0019892831587, 0.12404795785],
      [0, 0.93784195908, 0.031770890774, 0.030387150144, 0],
      [0, 0.046618530689, 0.7261031051, 0.22727836421, 0],
      [1.9650500873e-25, 2.0527448582e-11, 5.190917684e-08, 0.095241812044, 0.90475813603]
    ],
    [
      [8.5871301882e-05, 0.10963122209, 0.14352489832, 0.71891756849, 0.027840439808],
      [0.47465875737, 0.33378835112, 0.0026225711892, 0.00023162903648, 0.18869869129],
      [0.053379278991, 0.85392304271, 0.068270580415, 0.011218329774, 0.013208768109],
      [0.013838927372, 0.088023867066, 0.82176817802, 0.053180385818, 0.023188641723],
      [0.096810672559, 0.29747805106, 0.023704510794, 0.11986578783, 0.46214097776]
    ],
    [
      [0, 0.51377145127, 0.48622854873, 0, 0],
      [0.065107530662, 0.91485493815, 0.012414191319, 6.0272980452e-05, 0.007563066885],
      [0, 0.90072437059, 0.099275629413, 0, 0],
      [0, 0.04126607563, 0.95873392437, 0, 0],
      [0.016631958385, 0.76188623951, 0.11694218433, 0.054191052569, 0.050348565199]
    ],
    [
      [8.943339477e-05, 0.09459664077, 0.21875249902, 0.66233676636, 0.024224660458],
      [0.54426467138, 0.2870739682, 0.0039492819708, 0.00016775732967, 0.16454432112],
      [0.064613971397, 0.79947562106, 0.11208126626, 0.011035378578, 0.012793762707],
      [0.011278785677, 0.052027637209, 0.88587479649, 0.034909058332, 0.015909722297],
      [0.11835060496, 0.27875467375, 0.03915031989, 0.11896818036, 0.44477622104]
    ],
    [
      [0, 0.039968702331, 0.13080044492, 0.81811233858, 0.011118514167],
      [0.30659633104, 0.41214321589, 0.0080114974433, 0.00054662963497, 0.27270232599],
      [0.0080211006889, 0.80487056748, 0.14808431701, 0.025312519159, 0.013711495661],
      [0, 0.031444219114, 0.89288742408, 0.061478388164, 0.01418996864],
      [0.037037881575, 0.22742536422, 0.043855809063, 0.24076068457, 0.45092026057]
    ],
    [
      [0, 0.072277482919, 0.17218724095, 0.73807804987, 0.017457226257],
      [0.41217227492, 0.37939416055, 0.0055151191951, 0.00027773258756, 0.20264071275],
      [0.037641298378, 0.81622459506, 0.11755707854, 0.016342303604, 0.012234724415],
      [0.0042573944654, 0.050639133132, 0.88198456332, 0.048732320874, 0.014386588208],
      [0.069997484373, 0.28626978836, 0.041262959893, 0.17822740489, 0.42424236248]
    ],
    [
      [0, 0.30167149729, 0.096289111634, 0.4717178173, 0.13032157378],
      [0.86353485239, 0.07506682589, 0.0059861617762, 0, 0.055412159946],
      [0.2039572321, 0.71542720902, 0.020494670849, 0.0029037635481, 0.057217124485],
      [0.14432945709, 0.20273447627, 0.55178654664, 0.012042505216, 0.089107014783],
      [0.37633183948, 0.13534492242, 0.0055678131965, 0.0015071342294, 0.48124829067]
    ],
    [
      [0, 0.035275429261, 0.07514322833, 0.88048559005, 0.0090957523632],
      [0.32600503465, 0.4221896098, 0.0054248526718, 0.00033289418986, 0.24604760869],
      [0.024888814354, 0.82543610809, 0.10420255888, 0.032618131678, 0.012854386992],
      [0.0016918854526, 0.056694419271, 0.83580397555, 0.087046393016, 0.018763326706],
      [0.036894037304, 0.22680397079, 0.029353838069, 0.32205966305, 0.38488849078]
    ],
    [
      [0.00071175020135, 0.19263355958, 0.35230730032, 0.44238876186, 0.011958628035],
      [0.96046918957, 0.037118038216, 0.0024127722177, 0, 0],
      [0.26121975897, 0.67848285593, 0.060297385101, 0, 0],
      [0.014531027579, 0.098862649168, 0.88660632325, 0, 0],
      [0.7435620334, 0.2345795165, 0.021858450102, 0, 0]
    ],
    [
      [0.0037364796645, 0.25675891011, 0.07104556822, 0.66845904201, 0],
      [0.30847085183, 0.68681282217, 0.0037957640578, 0.00092056194843, 0],
      [0.014258166431, 0.94536511262, 0.031674053637, 0.0087026673102, 0],
      [0.023220501766, 0.23701418637, 0.66245396623, 0.077311345634, 0],
      [0.059258291697, 0.82402295952, 0.0098562013784, 0.07910280379, 0.02775974361]
    ],
    [
      [5.3677363152e-05, 0.077250609719, 0.12416547833, 0.77871600652, 0.019814228067],
      [0.45030381741, 0.34800132723, 0.003595381217, 0, 0.19809947414],
      [0.047830950707, 0.8391361265, 0.083735891323, 0.015816288793, 0.013480742678],
      [0.010352664426, 0.07382162419, 0.83235372235, 0.06307194318, 0.020400045857],
      [0.082669816528, 0.27908310734, 0.027744206884, 0.1757821676, 0.43472070166]
    ],
    [
      [0, 0.10477909305, 0.14705837177, 0.72196330272, 0.026199232464],
      [0.35726690765, 0.41073928685, 0.0035446607023, 0.00016446372715, 0.22828468106],
      [0.032533923278, 0.86707254284, 0.074972793017, 0.012026242781, 0.013394498081],
      [0.0053313445137, 0.0853771734, 0.83388686022, 0.05325767642, 0.022146945451],
      [0.061184009013, 0.30868884563, 0.026592369642, 0.13304049903, 0.47049427668]
    ],
    [
      [0, 0.12117038056, 0.14180112292, 0.7098282551, 0.027200241419],
      [0.57348890303, 0.28292215645, 0.0014029441863, 0.0012063996065, 0.14097959673],
      [0.073040407401, 0.84428733446, 0.059305985693, 0.010741147302, 0.012625125143],
      [0.018407407715, 0.096843187937, 0.80996480065, 0.051108118057, 0.023676485642],
      [0.14274323145, 0.30813680114, 0.02151738665, 0.10827258153, 0.41932999922]
    ],
    [
      [0.00010272663369, 0.1790027026, 0.1965478744, 0.59355023763, 0.030796458728],
      [0.5275373064, 0.33967395936, 0.0028104533008, 0, 0.12997828095],
      [0.059205866869, 0.8669107189, 0.059013880114, 0.0052161817058, 0.0096533524147],
      [0.017395949861, 0.10465586842, 0.82695278607, 0.031078951988, 0.019916443664],
      [0.13335882388, 0.37429383185, 0.025146332293, 0.076132037793, 0.39106897418]
    ],
    [
      [0, 0.06615698124, 0.41865592503, 0.48595073714, 0.029236356593],
      [0, 0.33811384196, 0.31037294062, 2.9356638035e-06, 0.35151028176],
      [0, 0.63746262266, 0.33646978215, 0.0081021897249, 0.017965405468],
      [0, 0, 0.98711546043, 0.0015573778818, 0.011327161684],
      [0, 0.19273836021, 0.10938252038, 0.080538605931, 0.61734051347]
    ],
    [
      [0.00011701401078, 0.089477231627, 0.19577582539, 0.67857749422, 0.036052434751],
      [0.52984838009, 0.24485591535, 0.0032558209902, 0.00014748417969, 0.22189239939],
      [0.073033276066, 0.78994377034, 0.10551740223, 0.012039035433, 0.019466515934],
      [0.013463399063, 0.054630099568, 0.86875235622, 0.039870691383, 0.023283453765],
      [0.10473882321, 0.21617749263, 0.028910253775, 0.10140017607, 0.54877325431]
    ],
    [
      [3.4565694875e-05, 0.056696778643, 0.20177519112, 0.72697863069, 0.014514833853],
      [0.49818754629, 0.31399833805, 0.0072454343996, 0.00060759859938, 0.17996108267],
      [0.050787399591, 0.75677302178, 0.16188964588, 0.018473414618, 0.012076518135],
      [0.0057668822341, 0.02853541099, 0.91320760906, 0.041892237576, 0.01059786014],
      [0.090651299883, 0.255564817, 0.05489924304, 0.19178755534, 0.40709708474]
    ],
    [
      [0, 0.074297582773, 0.06405799764, 0.85024607859, 0.011398340998],
      [0.32620746394, 0.50236313786, 0.0052409621843, 0, 0.16618843602],
      [0.024474566194, 0.9007897661, 0.055197460635, 0.0094787061684, 0.010059500904],
      [0.0047484264755, 0.12504058309, 0.75103288314, 0.094865731756, 0.024312375538],
      [0.052655343572, 0.35635421936, 0.022874017675, 0.24574957107, 0.32236684832]
    ],
    [
      [0, 0.14087959617, 0.14362706963, 0.6966817576, 0.018811576597],
      [0.66189152264, 0.25941597287, 0.0029902529319, 0.0009186458822, 0.074783605676],
      [0.09045321866, 0.84175308279, 0.05411130058, 0.009271833437, 0.0044105645376],
      [0.021818903359, 0.11634447832, 0.80011852206, 0.050977538439, 0.010740557816],
      [0.21212097679, 0.36250033554, 0.022908821458, 0.10852886843, 0.29394099778]
    ],
    [
      [7.6257127238e-05, 0.084875306817, 0.22072682517, 0.68072436006, 0.013597250833],
      [0.50821150706, 0.3576235092, 0.0055459945784, 0.00038905632369, 0.12822993285],
      [0.046902993095, 0.80955475663, 0.12388391767, 0.011959219032, 0.0076991135698],
      [0.0074700819758, 0.046083851369, 0.90399423453, 0.035792721554, 0.0066591105686],
      [0.10576124367, 0.34122697783, 0.052829124145, 0.15909666802, 0.34108598634]
    ],
    [
      [0, 0.14917194387, 0.23379257366, 0.58391494511, 0.033120537367],
      [0.36937983804, 0.41881779326, 0.0039899174376, 0, 0.20781245126],
      [0.032650041692, 0.86677528691, 0.082248072074, 0.0061303077776, 0.012196291543],
      [0.0051528339372, 0.079662365575, 0.86960092658, 0.025857070564, 0.019726803345],
      [0.069111868717, 0.34374445702, 0.0326076228, 0.081436459431, 0.47309959203]
    ],
    [
      [7.9847860097e-05, 0.072446922711, 0.22460846033, 0.68871972097, 0.014145048124],
      [0.65058416183, 0.23963116, 0.0048023075621, 0.00024901795884, 0.10473335265],
      [0.084578777942, 0.75165737787, 0.14109819585, 0.013873439085, 0.0087922092561],
      [0.011334271901, 0.035391994273, 0.9094542271, 0.036482439317, 0.0073370674145],
      [0.16669368858, 0.27996736445, 0.052527902097, 0.15972075809, 0.34109028678]
    ],
    [
      [0.0002665625619, 0.17243642496, 0.21851832465, 0.49515001779, 0.11362867005],
      [0.4332924798, 0.22554751697, 0.0039684659417, 0, 0.33719153728],
      [0.070021325295, 0.83168040383, 0.071254627797, 0.0032530216674, 0.023790621407],
      [0.022106554867, 0.095712864021, 0.82718307529, 0.019437436937, 0.035560068879],
      [0.072862524709, 0.16697634637, 0.013495160497, 0.028848952106, 0.71781701632]
    ],
    [
      [0, 0.073608637644, 0.17371980565, 0.73508567759, 0.017585879122],
      [0.28091978974, 0.46831715358, 0.0060480475137, 0.00099623092405, 0.24371877824],
      [0.022432093787, 0.83487606839, 0.11512268438, 0.015083278754, 0.012485874688],
      [0, 0.051117402465, 0.88622086181, 0.047272826555, 0.015388909174],
      [0.045338772706, 0.29577002641, 0.041344888201, 0.1641635861, 0.45338272657]
    ],
    [
      [0, 0.033849163942, 0.062444968405, 0.89602648107, 0.0076793865857],
      [0.31341925422, 0.4644997588, 0.006787615905, 0, 0.21529337108],
      [0.019331828804, 0.85019590002, 0.091972072458, 0.02606925369, 0.01243094503],
      [0, 0.066640760909, 0.81904808469, 0.092475587343, 0.021835567063],
      [0.036317990887, 0.25139043249, 0.02877841432, 0.34842782085, 0.33508534145]
    ],
    [
      [0.00085889662802, 0.10073075766, 0.13460784637, 0.68941881795, 0.074383681393],
      [0.50269771526, 0.17489706247, 0.0013897445673, 0.00031986526074, 0.32069561244],
      [0.084874140786, 0.82045481359, 0.061011542465, 0.012331250047, 0.021328253114],
      [0.02919488982, 0.08140578261, 0.80200621608, 0.046433316789, 0.040959794701],
      [0.066115518244, 0.11948836519, 0.009507626652, 0.039377923685, 0.76551056623]
    ],
    [
      [0, 0.14936010111, 0.21775811327, 0.58311152948, 0.04977025614],
      [0.6267920915, 0.2105536236, 0.0017593106826, 0, 0.16089497422],
      [0.091266281702, 0.8175297405, 0.069059068176, 0.0052398479957, 0.016905061625],
      [0.019849276778, 0.08171001745, 0.8430148563, 0.025833503318, 0.029592346151],
      [0.14430724701, 0.23427392013, 0.020301253384, 0.05136893335, 0.54974864613]
    ],
    [
      [3.4353650099e-06, 0.076809232326, 0.44124157311, 0.4814187366, 0.00052702259658],
      [2.0259789493e-50, 0.53574484325, 0.0080930926674, 4.5076891253e-06, 0.45615755639],
      [0, 0.89141588952, 0.10858411048, 0, 0],
      [0, 0.02412980233, 0.97587019767, 0, 0],
      [2.9889269748e-14, 0.00075719799212, 0.11809218265, 0.88115061936, 4.9436790837e-12]
    ],
    [
      [0, 0.13683792601, 0.2451147665, 0.60753476221, 0.010512545281],
      [0.30480946943, 0.58772437753, 0.005383731127, 0.00056409163574, 0.10151833028],
      [0.010696448963, 0.89298339189, 0.08383612596, 0.0064318871013, 0.0060521460898],
      [0, 0.065939434919, 0.901244485, 0.023401232143, 0.009414847943],
      [0.05881975876, 0.52213064988, 0.051455795465, 0.10266713332, 0.26492666257]
    ],
    [
      [0, 0.11748224363, 0.24220210281, 0.58848405062, 0.051831602939],
      [0.75019521247, 0.12115821642, 0.0011616588925, 2.2660081079e-05, 0.12746225214],
      [0.13507195117, 0.75259269577, 0.081387085345, 0.0053082692897, 0.025639998426],
      [0.012235355446, 0.062304917396, 0.86779765677, 0.021171037309, 0.036491033083],
      [0.16837644105, 0.14805128074, 0.01736272351, 0.034205643483, 0.63200391121]
    ],
    [
      [0, 0.075038078852, 0.17023095847, 0.74542303978, 0.0093079228954],
      [0.42938023495, 0.44042580508, 0.0062395093544, 0.00027548805597, 0.12367896257],
      [0.034276583207, 0.82919877498, 0.11472555772, 0.016075032801, 0.0057240512879],
      [0.0041437571546, 0.054947520562, 0.88731881534, 0.049619624679, 0.0039702822663],
      [0.079895993852, 0.36530749808, 0.050397097224, 0.22141787896, 0.28298153189]
    ],
    [
      [0, 0.066372134825, 0.16251942989, 0.74788951745, 0.023218917832],
      [0.64676104559, 0.19608154952, 0.002940932051, 0.00024969671124, 0.15396677612],
      [0.1029215736, 0.75291952921, 0.11106976121, 0.016379917368, 0.016709218611],
      [0.014269311706, 0.047135263246, 0.86635602728, 0.051016093077, 0.021223304694],
      [0.15296879291, 0.21027009445, 0.031134981059, 0.14136261246, 0.46426351911]
    ],
    [
      [2.4117437206e-05, 0.039292359233, 0.16360875843, 0.78698969908, 0.010085065813],
      [0.77705752314, 0.13879384894, 0.0038406417824, 0.00029014990707, 0.080017836231],
      [0.13536461064, 0.66775483866, 0.16312808259, 0.023383503539, 0.010368964567],
      [0.013064735655, 0.017627877127, 0.90630030166, 0.053567736354, 0.0094393492057],
      [0.21482664711, 0.19424434342, 0.048031243424, 0.21709061788, 0.32580714817]
    ],
    [
      [8.6818309671e-05, 0.12306242194, 0.14961629461, 0.70659057423, 0.020643890912],
      [0.50712188463, 0.35715316004, 0.0026887817892, 0.00013894059735, 0.13289723295],
      [0.053546711773, 0.86288657498, 0.064521811007, 0.010010205957, 0.0090346962796],
      [0.014727373756, 0.093729179251, 0.82317894473, 0.050879267365, 0.017485234902],
      [0.1164992863, 0.36024752193, 0.026810792004, 0.12908239381, 0.36736000596]
    ],
    [
      [8.4391939139e-05, 0.050083261816, 0.12316414825, 0.81722058201, 0.0094476159838],
      [0.6396332663, 0.25095772785, 0.0037927792664, 2.6906338206e-05, 0.10558932025],
      [0.077963069337, 0.77805587142, 0.11335237265, 0.021662984926, 0.008965701666],
      [0.013444074494, 0.047468796693, 0.86454555132, 0.063879677182, 0.010661900308],
      [0.14115247271, 0.26299797828, 0.038846345664, 0.24498492715, 0.3120182762]
    ],
    [
      [0.00021844092633, 0.10401399535, 0.23239273476, 0.56797805226, 0.095396776706],
      [0.2620315924, 0.22212035721, 0.0031884273348, 7.6474806502e-05, 0.51258314825],
      [0.037394180651, 0.80652095079, 0.10655176013, 0.0080272124032, 0.041505896034],
      [0.0089034538762, 0.057143143765, 0.8737090191, 0.026303125436, 0.033941257821],
      [0.026418469701, 0.1064061495, 0.014581142457, 0.034232742971, 0.81836149538]
    ],
    [
      [0, 0.080064051924, 0.10497610416, 0.8010019053, 0.013957938608],
      [0.32636378011, 0.48337425757, 0.0046875645141, 0, 0.18557439781],
      [0.024472148009, 0.87699273745, 0.073674004163, 0.014682176513, 0.010178933869],
      [0.00078326984678, 0.091512849427, 0.8174729207, 0.071923639507, 0.018307320517],
      [0.053162051986, 0.34317590481, 0.028161326091, 0.21641239435, 0.35908832276]
    ],
    [
      [9.0172714176e-05, 0.14858538004, 0.20198731507, 0.60775460852, 0.04158252366],
      [0.44146271897, 0.34260788629, 0.0030734255807, 0, 0.21285596915],
      [0.049220863877, 0.85669778393, 0.072744400469, 0.0069533025713, 0.014383649158],
      [0.012506444305, 0.087774867494, 0.84313924248, 0.032566550944, 0.024012894782],
      [0.089109941055, 0.29970736276, 0.025135385652, 0.077697996446, 0.50834931409]
    ],
    [
      [6.8824473621e-05, 0.11338646776, 0.20275769427, 0.65761443696, 0.026172576539],
      [0.58815856785, 0.27002233287, 0.0027849548686, 0.00014741139077, 0.13888673302],
      [0.076261754029, 0.81388111629, 0.088516265559, 0.0094723826243, 0.011868481494],
      [0.01458021617, 0.0685708417, 0.86234080697, 0.036610192314, 0.017897942848],
      [0.14572575906, 0.29598207157, 0.032192634835, 0.10571902586, 0.42038050867]
    ],
    [
      [0, 0.13184121622, 0.15251658266, 0.68354418212, 0.032098018995],
      [0.63671457219, 0.23422089238, 0.0026041799691, 0.00072824707011, 0.12573210839],
      [0.093361542291, 0.82443543888, 0.059091948456, 0.0091782382758, 0.013932832095],
      [0.020310010739, 0.10093737568, 0.80501840099, 0.046687692333, 0.027046520256],
      [0.17954262313, 0.2877147384, 0.020469750144, 0.090651382629, 0.42162150569]
    ],
    [
      [1.011836619e-13, 6.186460978e-10, 2.7191721978e-09, 0.99999999574, 9.1997521215e-10],
      [0, 0, 0.071105400727, 0, 0.92889459927],
      [0, 0.79583458932, 0.15872351616, 0, 0.045441894522],
      [0, 0.23035660458, 0.48308837858, 0.28571428571, 0.00084073112673],
      [0.00033124124337, 0.0027665928709, 0.00020663888281, 0.039935269826, 0.95676025718]
    ],
    [
      [0, 0.041190681168, 0.69329214935, 0.26551716949, 0],
      [0.39961299131, 0.38699661704, 0.091547188255, 0, 0.12184320339],
      [0.027023470831, 0.71503084243, 0.24619183025, 0.0055428877143, 0.0062109687814],
      [0, 0, 1, 0, 0],
      [0.073363537859, 0.33618651878, 0.12232275748, 0.096181358057, 0.37194582782]
    ],
    [
      [0, 0.072292116662, 0.20261195594, 0.7061376331, 0.018958294295],
      [0.84246825061, 0.098045742458, 0.0023552016153, 0.00030037996405, 0.056830425357],
