{
  "Z_true": {},
  "V_true": [
    [12, 42, 1162, 160],
    [604, 1286, 438, 74],
    [530, 8308, 983, 373],
    [143, 189, 15791, 450],
    [7, 407, 223, 464],
    [137, 389, 844, 408]
  ],
  "p_true": [
    [0.0087, 0.0305, 0.8445, 0.1163],
    [0.2515, 0.5354, 0.1823, 0.0308],
    [0.052, 0.815, 0.0964, 0.0366],
    [0.0086, 0.0114, 0.9528, 0.0272],
    [0.0064, 0.3697, 0.2025, 0.4214],
    [0.0771, 0.2188, 0.4747, 0.2295]
  ],
  "Z_est": {},
  "V_est": [
    [0, 0, 1376, 0],
    [987.7189, 1402.7935, 11.4876, 0],
    [110.9764, 8564.7493, 0, 1518.2743],
    [0, 0, 16573, 0],
    [33.5404, 653.4572, 66.3197, 347.6827],
    [300.7643, 0, 1414.1927, 63.043]
  ],
  "p_est": [
    [0, 0, 1, 0],
    [0.4112, 0.584, 0.0048, 0],
    [0.0109, 0.8402, 0, 0.1489],
    [0, 0, 1, 0],
    [0.0305, 0.5935, 0.0602, 0.3158],
    [0.1692, 0, 0.7954, 0.0355]
  ],
  "EI_Z": {},
  "EI_V": 11.6847,
  "MAE_Z": {},
  "MAE_V": 325.4576,
  "MAE_p": 0.1008,
  "runtime": 0.021
}
