{
  "Z_true": {},
  "V_true": [
    [32, 1385, 278, 4525, 240],
    [118, 1882, 1293, 13866, 499],
    [795, 285, 11053, 903, 370],
    [309, 185, 1395, 905, 636]
  ],
  "p_true": [
    [0.005, 0.2144, 0.043, 0.7005, 0.0372],
    [0.0067, 0.1066, 0.0732, 0.7853, 0.0283],
    [0.0593, 0.0213, 0.8245, 0.0674, 0.0276],
    [0.0901, 0.0539, 0.4067, 0.2638, 0.1854]
  ],
  "Z_est": [
    [
      [0.0542, 0.1034, 0.0053, 0.5955, 0.0764, 0.0159, 0.1466, 0, 0, 0.1528, 0, 0, 0.0186, 0, 0.0829, 0.0947, 0.1263, 0.0949, 0.065, 0.0125, 0.0442, 0.0586, 0.1484, 0.0991, 0, 0.0258, 0.2928, 0.0552, 0.0539, 0.0053, 0.0217, 0.082, 0.0592, 0, 0.0001, 0.0804, 0, 0, 0.0644, 0.0884, 0.097, 0.1406, 0.07, 0, 0.0452, 0.0772, 0.3284, 0.0089, 0.3366, 0.2713],
      [78.5527, 26.7344, 15.2305, 209.0971, 44.9396, 39.1681, 51.5644, 19.612, 22.586, 44.3533, 176.6536, 30.268, 9.5208, 2.7413, 2.1596, 25.2915, 37.2118, 22.2573, 29.2978, 14.2264, 10.4394, 32.2688, 44.3914, 63.2768, 0, 4.0345, 112.3162, 19.435, 28.0588, 6.832, 14.2039, 15.0068, 2.8752, 3.6224, 30.1705, 28.7303, 31.1469, 4.644, 13.6162, 18.6831, 25.2171, 38.7635, 13.494, 11.7578, 18.3579, 12.7153, 118.0058, 31.264, 259.6811, 132.727],
      [1.9602, 0.9014, 0.3217, 0.7234, 0.8437, 1.1568, 1.0071, 0.4163, 0.4534, 0.413, 3.2641, 0.5727, 0.2247, 0, 0.0575, 0.744, 0.9671, 0.9691, 0.932, 0.4847, 0.304, 1.1065, 1.3081, 1.5244, 0.5639, 0.0647, 2.394, 0.4291, 0.2054, 0.0765, 0.4224, 0.3531, 0.0025, 0.6061, 0.9511, 0.611, 0.7988, 0.0699, 0.3101, 0.7065, 0.6594, 1.1111, 0.2714, 0.313, 0.3643, 0.4655, 3.4489, 0.7989, 3.3681, 2.9296],
      [176.7388, 78.4833, 31.5236, 421.1272, 74.4683, 86.4041, 105.9628, 43.2842, 47.3811, 99.5339, 274.6676, 48.0472, 23.1855, 4.696, 6.4583, 52.1391, 95.2658, 75.3359, 91.4479, 36.0197, 26.9213, 90.5665, 120.6685, 163.8271, 4.1392, 13.4226, 227.0325, 44.9245, 35.8666, 12.4302, 16.299, 32.6383, 7.9269, 11.2721, 92.3823, 76.2992, 37.6071, 4.139, 37.8438, 51.674, 56.1146, 99.0421, 37.0472, 22.4092, 47.3128, 43.2223, 286.7366, 50.8613, 327.7528, 214.2819],
      [9.6941, 3.7774, 1.9188, 21.4568, 3.672, 5.255, 5.319, 1.6875, 2.5794, 5.5469, 13.4147, 3.1121, 1.0505, 0.5628, 0.2417, 2.7307, 3.429, 2.3429, 5.2573, 2.2567, 1.2912, 5.9996, 4.4836, 7.2726, 0.2969, 0.4524, 9.9645, 2.1562, 1.8153, 0.6561, 2.053, 1.9198, 0.1361, 0.4994, 4.496, 4.2791, 1.4472, 0.1471, 2.1655, 1.848, 2.9118, 2.9427, 2.1175, 1.5199, 1.9197, 2.5197, 10.4802, 2.0669, 17.8614, 7.7901]
    ],
    [
      [1.6409, 2.6025, 0.2807, 3.5375, 1.2562, 1.6623, 1.9214, 0, 0, 1.6644, 1.8819, 0.1396, 0.4025, 0, 0.2228, 1.848, 3.3341, 2.7863, 2.6527, 0.3832, 1.079, 2.1368, 2.3837, 2.5041, 0, 0.5283, 3.9046, 0.7934, 0.7533, 0.0938, 1.0558, 1.0313, 0.3309, 0, 1.0433, 1.2181, 1.7966, 0.258, 0.79, 2.3775, 1.609, 3.3322, 0.8417, 0, 1.0302, 2.0679, 5.4284, 1.356, 9.5629, 6.6132],
      [53.8134, 24.2464, 16.3329, 87.1997, 36.828, 29.402, 40.0118, 14.1876, 30.4801, 33.3535, 119.071, 33.4708, 10.2233, 1.2189, 0.7883, 27.1052, 51.3856, 16.7427, 35.7022, 20.6841, 13.4227, 33.6646, 27.5472, 41.5278, 0, 4.918, 81.7658, 16.3775, 25.9004, 6.0925, 10.6454, 12.8851, 2.0194, 0.7942, 21.8031, 24.1388, 28.7736, 4.3444, 10.3469, 21.2694, 23.2944, 38.7917, 10.4447, 9.4663, 17.4022, 9.2847, 97.1785, 28.5108, 243.9434, 123.7422],
      [62.0761, 40.5699, 16.0205, 51.2465, 33.4766, 37.2604, 38.4645, 13.061, 27.5076, 22.5796, 99.1636, 28.5474, 11.7546, 4.1553, 2.7536, 39.1295, 64.6754, 40.3438, 58.565, 34.0537, 19.2761, 56.5492, 38.4453, 45.8131, 2.169, 4.3511, 84.2824, 17.8035, 12.4463, 3.7955, 10.0795, 15.3509, 1.1817, 9.5705, 33.3512, 25.5513, 29.0476, 3.0937, 12.1698, 39.0492, 29.9635, 52.2003, 11.0426, 10.4201, 16.5824, 19.3931, 136.5637, 31.554, 156.6589, 125.9433],
      [450.7647, 282.8486, 125.5395, 649.4335, 228.9622, 241.1719, 304.8508, 115.5623, 253.9596, 276.5576, 699.2181, 199.5635, 92.9133, 6.2235, 8.6614, 207.1563, 492.8107, 244.7129, 457.0089, 198.4988, 129.8787, 369.9369, 285.4652, 404.6479, 2.5019, 62.2623, 613.3452, 140.7033, 131.8235, 41.0013, 46.3416, 103.6112, 19.8509, 30.1484, 269.0579, 242.5349, 135.9536, 17.1927, 109.3529, 225.8446, 192.9532, 370.6644, 108.4355, 69.5667, 167.581, 139.5506, 882.9593, 173.8178, 1220.013, 750.9788],
      [44.7049, 24.7326, 13.8265, 59.5829, 20.477, 26.5033, 27.7515, 8.189, 25.0526, 27.8449, 61.6654, 23.2787, 7.7064, 1.4023, 0.5738, 19.761, 31.7942, 13.4142, 47.0712, 22.3803, 11.3434, 43.7124, 19.1586, 32.5072, 0.3291, 3.9402, 48.702, 12.3222, 12.0765, 4.0169, 9.8777, 11.1215, 0.6172, 2.4869, 23.7445, 24.5568, 9.4286, 1.1111, 11.3404, 14.4594, 18.1798, 19.0114, 11.2355, 8.5469, 12.4042, 14.7038, 57.8702, 12.7614, 119.8218, 48.7225]
    ],
    [
      [28.0606, 26.4045, 10.1641, 22.5972, 14.9906, 35.4662, 16.5772, 1.7952, 1.6793, 10.4377, 37.547, 10.3067, 9.0427, 0, 0.6564, 23.4335, 57.7991, 19.2672, 24.9416, 6.7261, 26.144, 31.2045, 35.5649, 47.5364, 0, 5.7991, 41.9711, 7.6838, 3.7143, 0.8183, 6.24, 4.407, 1.5272, 7.2515, 13.2472, 14.5859, 44.5797, 0.6906, 11.3271, 37.5479, 29.6487, 60.5548, 12.3102, 2.7905, 18.2628, 17.6151, 76.3221, 22.6977, 75.0483, 73.4382],
      [0.4438, 0, 0.3694, 0.4754, 0.1669, 0.318, 0.3091, 0.1643, 2.8435, 0.2225, 0.0052, 0.1868, 0.2081, 0.0398, 0.0497, 0.4319, 0.2551, 0, 0, 0.0347, 0.1039, 0, 0, 0.0831, 0, 0.0204, 0.6971, 0.1477, 0, 0.0537, 0.1109, 0.0749, 0.0947, 2.5656, 0, 0.0608, 0, 0, 0, 0, 0.3939, 0.3223, 0.0249, 0.7303, 0.1604, 0, 0.4814, 0.1471, 0, 0.297],
      [369.4868, 185.7326, 147.9183, 182.7636, 186.08, 222.2336, 176.0808, 36.5674, 109.6576, 91.138, 523.8249, 165.461, 118.1695, 3.8447, 10.7864, 261.3424, 563.4868, 252.9953, 325.8687, 114.5154, 242.8461, 431.6999, 264.4576, 314.3173, 8.5308, 45.8476, 445.8649, 93.4988, 42.593, 15.9511, 38.6235, 45.5031, 11.558, 18.248, 196.7092, 159.7036, 256.5455, 46.7199, 111.6287, 277.6217, 287.7037, 470.5407, 100.1517, 82.9321, 113.5046, 148.1468, 882.7308, 137.5086, 841.2341, 535.9055],
      [53.2513, 25.9646, 22.7477, 42.8066, 24.8822, 28.9993, 27.1293, 6.3074, 21.0946, 20.5055, 74.2559, 23.2367, 17.8579, 0.0805, 0.3986, 26.6659, 85.1205, 31.7375, 51.5806, 13.2472, 31.657, 57.7744, 39.167, 55.3719, 0.1628, 11.9182, 63.7228, 14.1536, 8.3993, 3.0422, 4.0256, 5.7834, 2.805, 1.7596, 31.9423, 29.6728, 25.544, 5.2808, 19.3435, 32.4296, 35.8723, 67.5822, 18.83, 11.137, 22.3827, 21.4451, 114.0333, 15.2819, 132.9894, 64.6844],
      [1.7575, 0.8983, 0.8006, 1.3572, 0.8803, 0.9829, 0.9037, 0.1658, 0.7251, 0.6962, 2.3671, 0.8088, 0.7218, 0.035, 0.109, 1.1264, 1.3385, 0, 1.609, 0.4767, 1.249, 1.3211, 0.8105, 1.6912, 0.3064, 0.4147, 1.7441, 0.5161, 0.2934, 0.1347, 0, 0.2316, 0.0151, 0.1753, 1.1013, 0.9769, 0.3308, 0.3087, 0.7007, 0.4008, 1.3814, 0, 0.6832, 0.4101, 0.6896, 0.7931, 1.4323, 0.3647, 4.7282, 0.675]
    ],
    [
      [2.2444, 2.8896, 0.5499, 2.2698, 0.6767, 2.8555, 1.3548, 0.2048, 0.3207, 0.745, 2.5711, 0.5537, 0.5363, 0, 0.0379, 2.6238, 2.7405, 1.8516, 2.3407, 0.8783, 0.7328, 2.6001, 1.9029, 2.8604, 0, 0.6468, 2.8316, 0.4676, 0.4785, 0.0827, 0.6825, 0.4796, 0.0827, 1.7485, 0.7094, 1.1156, 2.6237, 0.0514, 0.8185, 1.9862, 1.6452, 2.9723, 0.7781, 0.2095, 1.6618, 1.2399, 5.921, 1.9375, 5.0522, 4.6773],
      [0.1901, 0.0191, 0.0672, 0.2277, 0.0656, 0.1118, 0.1147, 0.0361, 0.0903, 0.0707, 0.2702, 0.0745, 0.0478, 0, 0.0024, 0.1714, 0.1475, 0, 0, 0.0549, 0.034, 0.0666, 0.0614, 0.1123, 0, 0.0271, 0.2209, 0.0398, 0.0409, 0.0218, 0.0398, 0.0332, 0.0107, 0.0178, 0.0264, 0.0701, 0.0795, 0.0115, 0.0369, 0.0475, 0.0946, 0.1225, 0.0364, 0.0456, 0.0795, 0, 0.3342, 0.078, 0.3755, 0.2338],
      [58.4768, 39.7961, 15.7395, 36.2666, 16.5997, 35.3491, 28.4476, 7.9553, 17.3814, 12.8693, 70.7475, 17.4189, 13.8511, 0, 1.4025, 57.7842, 52.8708, 45.6917, 58.6343, 29.9462, 13.5738, 69.6443, 27.7891, 37.3451, 1.7363, 9.7366, 59.4587, 11.2686, 10.7553, 3.1769, 7.8746, 9.7929, 1.2578, 6.5754, 19.9885, 24.1341, 27.6082, 3.1165, 15.8913, 28.6226, 31.6734, 45.1479, 12.5343, 10.3347, 20.5487, 19.9947, 135.2566, 23.1385, 107.7388, 67.2215],
      [59.2452, 38.7034, 17.1893, 59.6327, 15.6873, 32.4247, 31.0571, 9.8461, 23.5646, 20.403, 69.8583, 17.1526, 15.0434, 0, 0.4817, 42.0387, 55.8029, 38.2137, 63.9625, 24.2343, 12.5431, 63.7221, 28.6993, 46.1531, 0.1962, 18.3969, 59.8995, 12.2185, 14.9106, 4.5263, 5.3338, 8.9672, 2.4172, 3.8199, 22.6175, 31.4931, 18.8953, 2.3874, 19.4598, 23.0519, 28.0599, 44.7113, 16.6874, 9.8872, 28.7235, 19.782, 121.2708, 18.039, 116.2449, 56.0549],
      [16.8435, 9.5918, 5.4541, 15.6032, 3.9707, 10.2588, 8.0258, 1.9577, 6.643, 5.9119, 17.5529, 5.8004, 3.5214, 0, 0.0755, 11.382, 10.4383, 6.2429, 19.0625, 7.8864, 3.1164, 21.9668, 5.5473, 10.5291, 0.0676, 3.1927, 13.5893, 3.0054, 3.8148, 1.1922, 4.0693, 2.727, 0.2316, 0.8383, 5.6582, 9.1872, 3.7934, 0.4331, 5.7935, 4.2919, 7.527, 7.0459, 4.9638, 3.523, 5.9865, 5.9834, 23.2173, 3.807, 32.5886, 10.8124]
    ]
  ],
  "V_est": [
    [4.1997, 2047.2024, 42.9511, 4164.8321, 200.8147],
    [84.1369, 1672.5433, 1779.1037, 12994.3931, 1127.8229],
    [1088.4218, 13.0938, 10716.7809, 1546.0639, 41.6396],
    [77.2416, 4.1604, 1480.1643, 1493.7109, 374.7227]
  ],
  "p_est": [
    [0.0007, 0.3169, 0.0066, 0.6447, 0.0311],
    [0.0048, 0.0947, 0.1008, 0.7359, 0.0639],
    [0.0812, 0.001, 0.7994, 0.1153, 0.0031],
    [0.0225, 0.0012, 0.4315, 0.4355, 0.1092]
  ],
  "EI_Z": {},
  "EI_V": 8.2715,
  "MAE_Z": {},
  "MAE_V": 338.749,
  "MAE_p": 0.0432,
  "runtime": 0.014
}
