{
  "Z_true": {},
  "V_true": [
    [453, 83, 1490, 70],
    [511, 416, 13122, 401],
    [79, 9936, 1398, 440],
    [20, 541, 494, 609],
    [12, 455, 276, 325],
    [66, 332, 483, 309]
  ],
  "p_true": [
    [0.2161, 0.0396, 0.7109, 0.0334],
    [0.0354, 0.0288, 0.9081, 0.0278],
    [0.0067, 0.8383, 0.1179, 0.0371],
    [0.012, 0.3251, 0.2969, 0.366],
    [0.0112, 0.426, 0.2584, 0.3043],
    [0.0555, 0.279, 0.4059, 0.2597]
  ],
  "Z_est": [
    [
      [5.7324, 0.3372, 0, 2.1918, 3.8778, 6.2382, 4.7208, 8.7672, 12.9822, 1.1802, 21.7494, 7.587, 8.5986, 14.331, 5.058, 15.174, 0.1686, 3.2034, 0.843, 5.058, 3.8778, 2.1918, 9.4416, 3.0348, 2.8662, 7.0812, 11.4648, 5.7324, 1.0116, 10.6218, 7.9242, 2.3604, 6.0696, 10.7904, 3.7092, 2.6976, 4.7208, 0.6744, 4.8894, 2.0232, 11.2962, 5.058, 16.3542, 3.372, 11.1276, 4.215, 0, 1.1802, 33.72, 3.0348, 21.4122, 11.6334],
      [6.7116, 0.3948, 0, 2.5662, 4.5402, 7.3038, 5.5272, 10.2648, 15.1998, 1.3818, 25.4646, 8.883, 10.0674, 16.779, 5.922, 17.766, 0.1974, 3.7506, 0.987, 5.922, 4.5402, 2.5662, 11.0544, 3.5532, 3.3558, 8.2908, 13.4232, 6.7116, 1.1844, 12.4362, 9.2778, 2.7636, 7.1064, 12.6336, 4.3428, 3.1584, 5.5272, 0.7896, 5.7246, 2.3688, 13.2258, 5.922, 19.1478, 3.948, 13.0284, 4.935, 0, 1.3818, 39.48, 3.5532, 25.0698, 13.6206],
      [17.442, 1.026, 0, 6.669, 11.799, 18.981, 14.364, 26.676, 39.501, 3.591, 66.177, 23.085, 26.163, 43.605, 15.39, 46.17, 0.513, 9.747, 2.565, 15.39, 11.799, 6.669, 28.728, 9.234, 8.721, 21.546, 34.884, 17.442, 3.078, 32.319, 24.111, 7.182, 18.468, 32.832, 11.286, 8.208, 14.364, 2.052, 14.877, 6.156, 34.371, 15.39, 49.761, 10.26, 33.858, 12.825, 0, 3.591, 102.6, 9.234, 65.151, 35.397],
      [4.114, 0.242, 0, 1.573, 2.783, 4.477, 3.388, 6.292, 9.317, 0.847, 15.609, 5.445, 6.171, 10.285, 3.63, 10.89, 0.121, 2.299, 0.605, 3.63, 2.783, 1.573, 6.776, 2.178, 2.057, 5.082, 8.228, 4.114, 0.726, 7.623, 5.687, 1.694, 4.356, 7.744, 2.662, 1.936, 3.388, 0.484, 3.509, 1.452, 8.107, 3.63, 11.737, 2.42, 7.986, 3.025, 0, 0.847, 24.2, 2.178, 15.367, 8.349]
    ],
    [
      [1.265, 0.1265, 0.1265, 0.736, 2.3575, 1.2535, 2.5645, 6.7735, 7.567, 0.69, 5.635, 1.9665, 3.2545, 6.371, 1.7595, 5.0025, 0.322, 1.518, 0.552, 2.875, 2.231, 1.311, 4.623, 1.0465, 1.679, 4.416, 6.1755, 3.956, 1.1615, 5.6235, 2.047, 3.266, 2.852, 3.151, 1.8515, 2.898, 3.9905, 0.299, 1.9665, 3.588, 6.4745, 1.8745, 7.1415, 4.4735, 4.025, 0.575, 0.023, 2.116, 14.7085, 1.817, 9.706, 2.392],
      [2.585, 0.2585, 0.2585, 1.504, 4.8175, 2.5615, 5.2405, 13.8415, 15.463, 1.41, 11.515, 4.0185, 6.6505, 13.019, 3.5955, 10.2225, 0.658, 3.102, 1.128, 5.875, 4.559, 2.679, 9.447, 2.1385, 3.431, 9.024, 12.6195, 8.084, 2.3735, 11.4915, 4.183, 6.674, 5.828, 6.439, 3.7835, 5.922, 8.1545, 0.611, 4.0185, 7.332, 13.2305, 3.8305, 14.5935, 9.1415, 8.225, 1.175, 0.047, 4.324, 30.0565, 3.713, 19.834, 4.888],
      [104.181, 10.4181, 10.4181, 60.6144, 194.1555, 103.2339, 211.2033, 557.8419, 623.1918, 56.826, 464.079, 161.9541, 268.0293, 524.6934, 144.9063, 411.9885, 26.5188, 125.0172, 45.4608, 236.775, 183.7374, 107.9694, 380.7342, 86.1861, 138.2766, 363.6864, 508.5927, 325.8024, 95.6571, 463.1319, 168.5838, 268.9764, 234.8808, 259.5054, 152.4831, 238.6692, 328.6437, 24.6246, 161.9541, 295.4952, 533.2173, 154.3773, 588.1491, 368.4219, 331.485, 47.355, 1.8942, 174.2664, 1211.3409, 149.6418, 799.3524, 196.9968],
      [1.969, 0.1969, 0.1969, 1.1456, 3.6695, 1.9511, 3.9917, 10.5431, 11.7782, 1.074, 8.771, 3.0609, 5.0657, 9.9166, 2.7387, 7.7865, 0.5012, 2.3628, 0.8592, 4.475, 3.4726, 2.0406, 7.1958, 1.6289, 2.6134, 6.8736, 9.6123, 6.1576, 1.8079, 8.7531, 3.1862, 5.0836, 4.4392, 4.9046, 2.8819, 4.5108, 6.2113, 0.4654, 3.0609, 5.5848, 10.0777, 2.9177, 11.1159, 6.9631, 6.265, 0.895, 0.0358, 3.2936, 22.8941, 2.8282, 15.1076, 3.7232]
    ],
    [
      [3.7088, 0.1672, 0.0912, 1.4896, 2.204, 1.5504, 1.5048, 4.9248, 6.764, 0.38, 8.6032, 2.9488, 5.6848, 10.9896, 1.596, 4.8944, 0.2888, 1.8848, 0.38, 2.28, 4.2712, 0.988, 4.8336, 1.14, 1.4136, 1.9, 8.4968, 2.6448, 1.0944, 5.6848, 5.4264, 2.2496, 2.7208, 5.5784, 1.3224, 0.9728, 2.5232, 0.228, 5.016, 1.5656, 5.1224, 1.7936, 6.7336, 2.1128, 6.232, 1.5808, 0.0304, 1.748, 17.936, 1.8696, 10.3664, 2.2344],
      [210.8892, 9.5073, 5.1858, 84.7014, 125.3235, 88.1586, 85.5657, 280.0332, 384.6135, 21.6075, 489.1938, 167.6742, 323.2482, 624.8889, 90.7515, 278.3046, 16.4217, 107.1732, 21.6075, 129.645, 242.8683, 56.1795, 274.8474, 64.8225, 80.3799, 108.0375, 483.1437, 150.3882, 62.2296, 323.2482, 308.5551, 127.9164, 154.7097, 317.1981, 75.1941, 55.3152, 143.4738, 12.9645, 285.219, 89.0229, 291.2691, 101.9874, 382.8849, 120.1377, 354.363, 89.8872, 1.7286, 99.3945, 1019.874, 106.3089, 589.4526, 127.0521],
      [24.6684, 1.1121, 0.6066, 9.9078, 14.6595, 10.3122, 10.0089, 32.7564, 44.9895, 2.5275, 57.2226, 19.6134, 37.8114, 73.0953, 10.6155, 32.5542, 1.9209, 12.5364, 2.5275, 15.165, 28.4091, 6.5715, 32.1498, 7.5825, 9.4023, 12.6375, 56.5149, 17.5914, 7.2792, 37.8114, 36.0927, 14.9628, 18.0969, 37.1037, 8.7957, 6.4704, 16.7826, 1.5165, 33.363, 10.4133, 34.0707, 11.9298, 44.7873, 14.0529, 41.451, 10.5144, 0.2022, 11.6265, 119.298, 12.4353, 68.9502, 14.8617],
      [4.758, 0.2145, 0.117, 1.911, 2.8275, 1.989, 1.9305, 6.318, 8.6775, 0.4875, 11.037, 3.783, 7.293, 14.0985, 2.0475, 6.279, 0.3705, 2.418, 0.4875, 2.925, 5.4795, 1.2675, 6.201, 1.4625, 1.8135, 2.4375, 10.9005, 3.393, 1.404, 7.293, 6.9615, 2.886, 3.4905, 7.1565, 1.6965, 1.248, 3.237, 0.2925, 6.435, 2.0085, 6.5715, 2.301, 8.6385, 2.7105, 7.995, 2.028, 0.039, 2.2425, 23.01, 2.3985, 13.299, 2.8665]
    ],
    [
      [0.6496, 0, 0.0812, 0.9744, 1.9488, 0.2436, 1.7864, 6.4148, 5.684, 0.3248, 3.7352, 1.4616, 2.3548, 5.684, 1.3804, 3.3292, 0.2436, 1.7864, 0.2436, 2.5172, 2.7608, 1.2992, 2.5984, 0.9744, 1.7864, 2.842, 4.7096, 3.4916, 0.8932, 4.1412, 1.3804, 2.436, 3.1668, 2.1924, 1.218, 2.3548, 4.1412, 0.0812, 2.1924, 3.4916, 6.3336, 1.218, 5.4404, 4.6284, 3.4916, 0.8932, 0, 1.8676, 12.6672, 1.4616, 6.2524, 1.8676],
      [1.2, 0, 0.15, 1.8, 3.6, 0.45, 3.3, 11.85, 10.5, 0.6, 6.9, 2.7, 4.35, 10.5, 2.55, 6.15, 0.45, 3.3, 0.45, 4.65, 5.1, 2.4, 4.8, 1.8, 3.3, 5.25, 8.7, 6.45, 1.65, 7.65, 2.55, 4.5, 5.85, 4.05, 2.25, 4.35, 7.65, 0.15, 4.05, 6.45, 11.7, 2.25, 10.05, 8.55, 6.45, 1.65, 0, 3.45, 23.4, 2.7, 11.55, 3.45],
      [2.2752, 0, 0.2844, 3.4128, 6.8256, 0.8532, 6.2568, 22.4676, 19.908, 1.1376, 13.0824, 5.1192, 8.2476, 19.908, 4.8348, 11.6604, 0.8532, 6.2568, 0.8532, 8.8164, 9.6696, 4.5504, 9.1008, 3.4128, 6.2568, 9.954, 16.4952, 12.2292, 3.1284, 14.5044, 4.8348, 8.532, 11.0916, 7.6788, 4.266, 8.2476, 14.5044, 0.2844, 7.6788, 12.2292, 22.1832, 4.266, 19.0548, 16.2108, 12.2292, 3.1284, 0, 6.5412, 44.3664, 5.1192, 21.8988, 6.5412],
      [3.8752, 0, 0.4844, 5.8128, 11.6256, 1.4532, 10.6568, 38.2676, 33.908, 1.9376, 22.2824, 8.7192, 14.0476, 33.908, 8.2348, 19.8604, 1.4532, 10.6568, 1.4532, 15.0164, 16.4696, 7.7504, 15.5008, 5.8128, 10.6568, 16.954, 28.0952, 20.8292, 5.3284, 24.7044, 8.2348, 14.532, 18.8916, 13.0788, 7.266, 14.0476, 24.7044, 0.4844, 13.0788, 20.8292, 37.7832, 7.266, 32.4548, 27.6108, 20.8292, 5.3284, 0, 11.1412, 75.5664, 8.7192, 37.2988, 11.1412]
    ],
    [
      [2.5592, 0, 0, 2.0108, 1.4624, 2.5592, 2.3764, 6.2152, 7.4948, 0.1828, 8.9572, 3.2904, 5.484, 6.9464, 2.5592, 5.3012, 0.5484, 2.3764, 0.3656, 2.3764, 2.9248, 1.0968, 8.9572, 1.4624, 1.2796, 2.742, 10.4196, 4.2044, 2.5592, 5.6668, 2.5592, 4.0216, 3.4732, 4.7528, 2.0108, 1.6452, 3.8388, 0, 2.1936, 3.656, 7.6776, 1.828, 8.4088, 3.2904, 7.8604, 0.7312, 0, 0.5484, 21.7532, 1.2796, 7.6776, 1.6452],
      [3.402, 0, 0, 2.673, 1.944, 3.402, 3.159, 8.262, 9.963, 0.243, 11.907, 4.374, 7.29, 9.234, 3.402, 7.047, 0.729, 3.159, 0.486, 3.159, 3.888, 1.458, 11.907, 1.944, 1.701, 3.645, 13.851, 5.589, 3.402, 7.533, 3.402, 5.346, 4.617, 6.318, 2.673, 2.187, 5.103, 0, 2.916, 4.86, 10.206, 2.43, 11.178, 4.374, 10.449, 0.972, 0, 0.729, 28.917, 1.701, 10.206, 2.187],
      [5.0764, 0, 0, 3.9886, 2.9008, 5.0764, 4.7138, 12.3284, 14.8666, 0.3626, 17.7674, 6.5268, 10.878, 13.7788, 5.0764, 10.5154, 1.0878, 4.7138, 0.7252, 4.7138, 5.8016, 2.1756, 17.7674, 2.9008, 2.5382, 5.439, 20.6682, 8.3398, 5.0764, 11.2406, 5.0764, 7.9772, 6.8894, 9.4276, 3.9886, 3.2634, 7.6146, 0, 4.3512, 7.252, 15.2292, 3.626, 16.6796, 6.5268, 15.5918, 1.4504, 0, 1.0878, 43.1494, 2.5382, 15.2292, 3.2634],
      [2.9624, 0, 0, 2.3276, 1.6928, 2.9624, 2.7508, 7.1944, 8.6756, 0.2116, 10.3684, 3.8088, 6.348, 8.0408, 2.9624, 6.1364, 0.6348, 2.7508, 0.4232, 2.7508, 3.3856, 1.2696, 10.3684, 1.6928, 1.4812, 3.174, 12.0612, 4.8668, 2.9624, 6.5596, 2.9624, 4.6552, 4.0204, 5.5016, 2.3276, 1.9044, 4.4436, 0, 2.5392, 4.232, 8.8872, 2.116, 9.7336, 3.8088, 9.0988, 0.8464, 0, 0.6348, 25.1804, 1.4812, 8.8872, 1.9044]
    ],
    [
      [1.0359, 0.3453, 0, 0.9208, 1.7265, 1.3812, 2.1869, 4.2587, 6.7909, 0.5755, 4.3738, 1.9567, 2.4171, 6.3305, 1.151, 4.9493, 0.5755, 1.6114, 0.5755, 2.7624, 2.1869, 1.3812, 3.6832, 1.151, 1.2661, 2.1869, 2.5322, 2.302, 1.151, 3.7983, 1.9567, 2.7624, 1.4963, 3.1077, 1.7265, 3.453, 2.9926, 0, 1.8416, 1.9567, 6.7909, 1.8416, 4.0285, 4.1436, 4.1436, 0.8057, 0, 2.302, 12.3157, 1.8416, 8.9778, 0.9208],
      [2.1213, 0.7071, 0, 1.8856, 3.5355, 2.8284, 4.4783, 8.7209, 13.9063, 1.1785, 8.9566, 4.0069, 4.9497, 12.9635, 2.357, 10.1351, 1.1785, 3.2998, 1.1785, 5.6568, 4.4783, 2.8284, 7.5424, 2.357, 2.5927, 4.4783, 5.1854, 4.714, 2.357, 7.7781, 4.0069, 5.6568, 3.0641, 6.3639, 3.5355, 7.071, 6.1282, 0, 3.7712, 4.0069, 13.9063, 3.7712, 8.2495, 8.4852, 8.4852, 1.6499, 0, 4.714, 25.2199, 3.7712, 18.3846, 1.8856],
      [2.9034, 0.9678, 0, 2.5808, 4.839, 3.8712, 6.1294, 11.9362, 19.0334, 1.613, 12.2588, 5.4842, 6.7746, 17.743, 3.226, 13.8718, 1.613, 4.5164, 1.613, 7.7424, 6.1294, 3.8712, 10.3232, 3.226, 3.5486, 6.1294, 7.0972, 6.452, 3.226, 10.6458, 5.4842, 7.7424, 4.1938, 8.7102, 4.839, 9.678, 8.3876, 0, 5.1616, 5.4842, 19.0334, 5.1616, 11.291, 11.6136, 11.6136, 2.2582, 0, 6.452, 34.5182, 5.1616, 25.1628, 2.5808],
      [2.9394, 0.9798, 0, 2.6128, 4.899, 3.9192, 6.2054, 12.0842, 19.2694, 1.633, 12.4108, 5.5522, 6.8586, 17.963, 3.266, 14.0438, 1.633, 4.5724, 1.633, 7.8384, 6.2054, 3.9192, 10.4512, 3.266, 3.5926, 6.2054, 7.1852, 6.532, 3.266, 10.7778, 5.5522, 7.8384, 4.2458, 8.8182, 4.899, 9.798, 8.4916, 0, 5.2256, 5.5522, 19.2694, 5.2256, 11.431, 11.7576, 11.7576, 2.2862, 0, 6.532, 34.9462, 5.2256, 25.4748, 2.6128]
    ]
  ],
  "V_est": [
    [353.3856, 413.7504, 1075.248, 253.616],
    [166.175, 339.575, 13685.595, 258.655],
    [180.1656, 10244.5479, 1198.3383, 231.1335],
    [135.1168, 249.6, 473.2416, 806.0416],
    [195.2304, 259.524, 387.2568, 225.9888],
    [136.969, 280.483, 383.894, 388.654]
  ],
  "p_est": [
    [0.1686, 0.1974, 0.513, 0.121],
    [0.0115, 0.0235, 0.9471, 0.0179],
    [0.0152, 0.8643, 0.1011, 0.0195],
    [0.0812, 0.15, 0.2844, 0.4844],
    [0.1828, 0.243, 0.3626, 0.2116],
    [0.1151, 0.2357, 0.3226, 0.3266]
  ],
  "EI_Z": {},
  "EI_V": 6.9439,
  "MAE_Z": {},
  "MAE_V": 187.0292,
  "MAE_p": 0.0757,
  "runtime": 130.91
}
