{
  "X": [
    [7, 7, 18, 1],
    [3, 18, 18, 4],
    [18, 71, 72, 7],
    [24, 96, 112, 17],
    [25, 71, 160, 27],
    [65, 428, 302, 17],
    [41, 345, 227, 27],
    [42, 316, 274, 42],
    [10, 71, 53, 3],
    [2, 10, 9, 1],
    [5, 19, 40, 11],
    [1, 5, 2, 0],
    [5, 12, 22, 1],
    [6, 8, 6, 0],
    [16, 284, 130, 44],
    [30, 426, 191, 41],
    [39, 376, 297, 74],
    [50, 447, 314, 66],
    [76, 794, 445, 92],
    [59, 322, 593, 40],
    [37, 316, 174, 33],
    [3, 8, 9, 3],
    [24, 160, 184, 25],
    [4, 11, 16, 3],
    [25, 148, 155, 8],
    [2, 5, 4, 1],
    [26, 63, 187, 28],
    [14, 31, 53, 8],
    [6, 17, 24, 7],
    [38, 170, 391, 57],
    [59, 352, 300, 33],
    [28, 32, 189, 10],
    [34, 40, 141, 4],
    [26, 54, 153, 8],
    [32, 224, 184, 10],
    [40, 461, 375, 21],
    [2, 7, 8, 0],
    [0, 4, 11, 1],
    [28, 63, 183, 25],
    [40, 104, 155, 28],
    [45, 490, 415, 19],
    [39, 181, 178, 23],
    [48, 224, 246, 22],
    [78, 287, 378, 21],
    [25, 74, 106, 18],
    [5, 25, 21, 6],
    [11, 59, 101, 19],
    [1, 24, 34, 9],
    [59, 218, 259, 26],
    [91, 249, 405, 25],
    [112, 642, 723, 38],
    [2, 6, 19, 1],
    [4, 16, 14, 3],
    [1, 0, 6, 1],
    [1, 11, 13, 3],
    [18, 68, 188, 30],
    [28, 54, 125, 16],
    [21, 84, 202, 17],
    [53, 258, 641, 91],
    [63, 134, 418, 60],
    [828, 4975, 5670, 686],
    [143, 418, 541, 68],
    [278, 804, 872, 168],
    [113, 236, 405, 33]
  ],
  "W": [
    [0, 6, 16, 9, 2, 0],
    [0, 6, 5, 31, 1, 0],
    [4, 37, 32, 75, 15, 5],
    [5, 52, 56, 116, 17, 3],
    [9, 30, 109, 93, 38, 4],
    [20, 181, 114, 457, 23, 17],
    [20, 87, 98, 394, 31, 10],
    [36, 105, 142, 340, 39, 12],
    [3, 28, 21, 74, 8, 3],
    [0, 5, 4, 11, 0, 2],
    [3, 12, 27, 20, 9, 4],
    [0, 1, 1, 6, 0, 0],
    [0, 13, 5, 17, 3, 2],
    [0, 7, 3, 10, 0, 0],
    [34, 25, 77, 301, 28, 9],
    [19, 85, 88, 440, 44, 12],
    [35, 69, 175, 424, 65, 18],
    [39, 72, 179, 495, 77, 15],
    [64, 110, 250, 860, 88, 35],
    [24, 197, 276, 425, 66, 26],
    [23, 74, 79, 342, 32, 10],
    [0, 5, 6, 8, 2, 2],
    [15, 44, 95, 200, 28, 11],
    [0, 1, 13, 13, 3, 4],
    [13, 86, 61, 161, 11, 4],
    [0, 4, 2, 5, 1, 0],
    [7, 43, 134, 78, 28, 14],
    [5, 20, 38, 33, 5, 5],
    [2, 8, 13, 23, 4, 4],
    [24, 60, 269, 213, 74, 16],
    [25, 140, 128, 404, 38, 9],
    [4, 115, 66, 55, 10, 9],
    [4, 80, 49, 69, 9, 8],
    [4, 69, 81, 70, 9, 8],
    [21, 71, 58, 271, 19, 10],
    [16, 139, 124, 567, 41, 10],
    [0, 0, 5, 10, 1, 1],
    [0, 4, 6, 4, 1, 1],
    [11, 50, 121, 80, 26, 11],
    [7, 57, 71, 148, 36, 8],
    [20, 140, 158, 588, 47, 16],
    [14, 84, 85, 202, 24, 12],
    [26, 99, 129, 239, 28, 19],
    [14, 166, 181, 350, 38, 15],
    [5, 39, 60, 88, 21, 10],
    [6, 7, 13, 26, 3, 2],
    [4, 21, 57, 71, 28, 9],
    [1, 6, 25, 22, 12, 2],
    [28, 106, 142, 241, 29, 16],
    [21, 192, 186, 312, 45, 14],
    [31, 292, 285, 809, 59, 39],
    [1, 9, 7, 8, 2, 1],
    [1, 3, 13, 15, 2, 3],
    [0, 2, 2, 2, 2, 0],
    [0, 9, 4, 13, 0, 2],
    [11, 41, 123, 94, 25, 10],
    [11, 48, 74, 61, 17, 12],
    [17, 38, 129, 95, 38, 7],
    [46, 117, 395, 337, 116, 32],
    [20, 103, 276, 188, 59, 29],
    [357, 2036, 2999, 5656, 825, 286],
    [23, 238, 299, 487, 83, 40],
    [67, 427, 469, 954, 138, 67],
    [11, 299, 137, 293, 16, 31]
  ],
  "method": "mvn_cdf",
  "mvncdf_method": "genz",
  "mvncdf_samples": 5000,
  "mvncdf_error": 1e-06,
  "cond_prob": [
    [
      [0.08970289922, 0.63421148414, 0.27608561664, 4.0420351416e-43],
      [0.78581988238, 0.0093492067577, 0.20457816335, 0.00025274750447],
      [0.3410162442, 0.010422693327, 0.64856106247, 7.7564594486e-44],
      [0.050907540976, 0.75961797371, 0.18901896808, 0.00045551723023],
      [0.46682876687, 0.074409473042, 0.45876176009, 3.8289188146e-44],
      [0.83759719027, 0.01121230207, 0.15087342507, 0.0003170825926]
    ],
    [
      [0.022960518519, 0.46579108497, 0.51124839651, 4.7761883389e-43],
      [0.31857769123, 0.013967976932, 0.66693464748, 0.00051968436087],
      [0.065103201146, 0.0068308190003, 0.92806597985, 6.9465418506e-44],
      [0.014356018478, 0.60152752182, 0.38352199624, 0.00059446345945],
      [0.11140409073, 0.060092174297, 0.82850373498, 4.3385022769e-44],
      [0.39788446172, 0.019824645275, 0.58151768905, 0.0007732039623]
    ],
    [
      [0.012733947651, 0.77766699371, 0.20959905864, 3.3255584616e-43],
      [0.33638645394, 0.054962295958, 0.60780448237, 0.0008467677253],
      [0.084554507947, 0.028599630732, 0.88684586132, 1.208254936e-43],
      [0.0069035734593, 0.85598152338, 0.1367606847, 0.00035421846384],
      [0.11855322465, 0.21110088681, 0.67034588854, 6.3042497567e-44],
      [0.39614058131, 0.077065642743, 0.5255507176, 0.0012430583489]
    ],
    [
      [0.01598844967, 0.70954012666, 0.27447142367, 4.2447384537e-43],
      [0.33120884531, 0.040135892617, 0.62779966274, 0.0008555993351],
      [0.082123152418, 0.020490129985, 0.8973867176, 1.1974472803e-43],
      [0.0089524700868, 0.80559243809, 0.18498824198, 0.00046684983913],
      [0.1217937621, 0.15957751474, 0.71862872316, 6.6093647486e-44],
      [0.39341004366, 0.056823351924, 0.5484979447, 0.0012686597226]
    ],
    [
      [0.022635276031, 0.60657853761, 0.37078618636, 5.5799688549e-43],
      [0.34692421917, 0.025439032614, 0.62680385136, 0.00083289685207],
      [0.086460306158, 0.013059875187, 0.90047981866, 1.1722643138e-43],
      [0.013311996542, 0.72353385573, 0.26250957057, 0.00064457716177],
      [0.13482872063, 0.10680920757, 0.75836207179, 6.7990808466e-44],
      [0.41334831253, 0.036115906165, 0.54929726571, 0.001238515593]
    ],
    [
      [0.0092308045876, 0.7922706672, 0.19849852821, 2.9946034613e-43],
      [0.27410041592, 0.066073257315, 0.65894579083, 0.00088053594084],
      [0.065910445342, 0.032348773118, 0.90174078154, 1.1816692744e-43],
      [0.0049856498669, 0.86561952579, 0.12907743053, 0.00031739380837],
      [0.091045849048, 0.23447428318, 0.67447986778, 6.0821462442e-44],
      [0.32608762929, 0.093957411187, 0.57864325595, 0.0013117035695]
    ],
    [
      [0.012223580679, 0.75547017045, 0.23230624887, 3.582432661e-43],
      [0.30385332119, 0.052466156473, 0.64280319414, 0.00087732820053],
      [0.074405411111, 0.026255405835, 0.89933918305, 1.2033980203e-43],
      [0.0067117509585, 0.83933118418, 0.15357098052, 0.00038608434297],
      [0.10648942561, 0.19707226659, 0.6964383078, 6.4143166571e-44],
      [0.36105403013, 0.074444810862, 0.56319708245, 0.0013040765634]
    ],
    [
      [0.0093592556306, 0.76458593367, 0.2260548107, 3.7529375298e-43],
      [0.25447146893, 0.05825197479, 0.6862676564, 0.0010088998798],
      [0.059406460747, 0.027719237164, 0.91287430209, 1.3159617048e-43],
      [0.0051166059637, 0.84569706874, 0.1487836814, 0.00040264390194],
      [0.084982445453, 0.20806705393, 0.70695050062, 7.0133971476e-44],
      [0.30596369333, 0.083690475942, 0.60882743182, 0.0015183989121]
    ],
    [
      [0.0074784901518, 0.80482524788, 0.18769626197, 2.8665690086e-43],
      [0.24735208986, 0.070657401656, 0.68108118383, 0.00090932464852],
      [0.056732245302, 0.033614315324, 0.90965343937, 1.1860844889e-43],
      [0.0040025571997, 0.87483076636, 0.12086519803, 0.00030147841131],
      [0.078365121999, 0.2448297135, 0.6768051645, 6.1020340212e-44],
      [0.2972890033, 0.10104757701, 0.60030204949, 0.0013613701985]
    ],
    [
      [0.0047510536327, 0.81989114521, 0.17535780116, 1.327109275e-44],
      [0.18935557068, 0.065480680681, 0.74511853181, 4.5216833268e-05],
      [0.037608533758, 0.028247724155, 0.93414374209, 5.3279505462e-45],
      [0.0024579345407, 0.88866643462, 0.10886213729, 1.3493541625e-05],
      [0.05499989198, 0.22742304628, 0.71757706174, 2.9295629451e-45],
      [0.2361377796, 0.09679965829, 0.66699270128, 6.9860830585e-05]
    ],
    [
      [0.007784364765, 0.73967534534, 0.2525402899, 5.4113436885e-43],
      [0.20809889008, 0.050020109549, 0.74049896989, 0.0013820304775],
      [0.044823897557, 0.022383083343, 0.9327930191, 1.6977841122e-43],
      [0.0042670856958, 0.82871842109, 0.16643123102, 0.00058326219866],
      [0.067349449443, 0.17878725383, 0.75386329673, 9.4986852251e-44],
      [0.25653791203, 0.073334837044, 0.66800897698, 0.0021182739479]
    ],
    [
      [0.0063812794763, 0.84745198967, 0.14616673085, 1.7619700159e-44],
      [0.5795005166, 0.032089083805, 0.38837938033, 3.1019265176e-05],
      [0.054237613773, 0.022248013777, 0.92351437245, 5.8352105276e-45],
      [0.0031477798061, 0.9096076587, 0.087227413349, 1.7148147833e-05],
      [0.093657207653, 0.19880621607, 0.70753657628, 3.5843677361e-45],
      [0.8218968378, 0.022224696325, 0.15585599689, 2.2468982225e-05]
    ],
    [
      [0.014981131266, 0.55412839239, 0.43089047635, 3.9452960131e-43],
      [0.24077123411, 0.020866084945, 0.73779434062, 0.00056834032384],
      [0.050288362864, 0.0093666650734, 0.94034497206, 6.9818197662e-44],
      [0.0089163366511, 0.68328830556, 0.30733063683, 0.00046472095945],
      [0.083826412781, 0.08250494104, 0.83366864618, 4.3253147402e-44],
      [0.30130370038, 0.030731359613, 0.66708859617, 0.00087634383662]
    ],
    [
      [0.11320919745, 0.68885139619, 0.19793940636, 1.6161842307e-44],
      [0.88224709497, 0.0072989602759, 0.11044675526, 7.1894963514e-06],
      [0.47546229599, 0.011640702646, 0.51289700136, 3.1365043323e-45],
      [0.062167695953, 0.806205432, 0.13160921789, 1.7654158746e-05],
      [0.60043772193, 0.075981227614, 0.32358105045, 1.4127261145e-45],
      [0.91523578958, 0.0082882252613, 0.076467406681, 8.5784827644e-06]
    ],
    [
      [0.007583427162, 0.82236011421, 0.17005645863, 4.1875794639e-43],
      [0.26381661704, 0.079361593229, 0.6553946723, 0.0014271174276],
      [0.06298656014, 0.038885620835, 0.89812781903, 1.9168159058e-43],
      [0.0040398282306, 0.88645305003, 0.10906926693, 0.00043785480731],
      [0.083695558873, 0.27103179035, 0.64527265078, 9.4834036465e-44],
      [0.31299641788, 0.11230213285, 0.5725860842, 0.0021153650752]
    ],
    [
      [0.0057781964665, 0.85212931305, 0.14209249048, 3.2870949076e-43],
      [0.24018018805, 0.099241730784, 0.65922779782, 0.0013502833544],
      [0.057182521843, 0.048177877156, 0.894639601, 1.796838993e-43],
      [0.0030394253769, 0.9066334284, 0.089987860062, 0.00033928616349],
      [0.071987463056, 0.31830626274, 0.60970627421, 8.4286702296e-44],
      [0.28362519393, 0.14002647129, 0.57435258167, 0.0019957531083]
    ],
    [
      [0.0096043474566, 0.76854291588, 0.22185273667, 4.3741148608e-43],
      [0.26265803456, 0.058971482547, 0.677187581, 0.0011829018971],
      [0.061923759708, 0.028344585299, 0.90973165499, 1.5584819682e-43],
      [0.0052419266198, 0.84850612268, 0.14578345858, 0.00046849212067],
      [0.088069751422, 0.21145396691, 0.70047628167, 8.256859016e-44],
      [0.31483970137, 0.084457364505, 0.59892822468, 0.001774709444]
    ],
    [
      [0.012352899029, 0.77591083111, 0.21173626986, 4.0315088456e-43],
      [0.32362593016, 0.05700210002, 0.61832870913, 0.0010432606912],
      [0.081591144903, 0.029326461503, 0.88908239359, 1.4712570739e-43],
      [0.0067224481283, 0.85410797735, 0.13873902876, 0.00043054576526],
      [0.11385085675, 0.21458288701, 0.67156625623, 7.6460927057e-44],
      [0.3811022965, 0.08018621943, 0.53717406502, 0.001537419049]
    ],
    [
      [0.01121222878, 0.80173933647, 0.18704843475, 3.7616054367e-43],
      [0.32583828582, 0.065647046062, 0.60743131882, 0.0010833493075],
      [0.083223421176, 0.03414027489, 0.88263630393, 1.5443149602e-43],
      [0.0060333206513, 0.87237760873, 0.12119190792, 0.00039716270037],
      [0.11242329675, 0.24182088749, 0.64575581576, 7.7715546599e-44],
      [0.38150600401, 0.091869508575, 0.52503618633, 0.0015883010875]
    ],
    [
      [0.0095607349026, 0.57920347612, 0.41123578898, 4.042832929e-43],
      [0.16678860284, 0.028500893931, 0.80400988017, 0.00070062306795],
      [0.034821114003, 0.012090445513, 0.95308844048, 8.1462505001e-44],
      [0.0057004783432, 0.69863968129, 0.29518681597, 0.00047302440346],
      [0.056661533873, 0.1031963011, 0.84014216502, 4.9395945517e-44],
      [0.20966250758, 0.042841097304, 0.74639309145, 0.0011033036673]
    ],
    [
      [0.011557204592, 0.8028839478, 0.18555884761, 3.65249327e-43],
      [0.33550842835, 0.064916439121, 0.59853273127, 0.0010424012569],
      [0.086169092758, 0.034122441179, 0.87970846606, 1.5019393161e-43],
      [0.0062125608696, 0.87330639597, 0.12009567707, 0.0003853660953],
      [0.11628602793, 0.24154360423, 0.64217036784, 7.5478293294e-44],
      [0.39219035252, 0.090586190071, 0.51569972833, 0.0015237290727]
    ],
    [
      [0.0070662341574, 0.87000670088, 0.12292706497, 1.6294975008e-44],
      [0.33443490125, 0.076129756161, 0.58937070542, 6.4637173997e-05],
      [0.07763209336, 0.039463142388, 0.88290476425, 9.2159242373e-45],
      [0.0035676074227, 0.92165736093, 0.074758912478, 1.6119171793e-05],
      [0.10209463529, 0.28809951406, 0.60980585064, 4.5118107104e-45],
      [0.39516104975, 0.10608123669, 0.49866372858, 9.3984979879e-05]
    ],
    [
      [0.012883381037, 0.6570869685, 0.33002965046, 4.3051567307e-43],
      [0.25063761587, 0.035458495479, 0.71308209391, 0.00082179473876],
      [0.056836315364, 0.016472838971, 0.92669084566, 1.0464267068e-43],
      [0.0073967195805, 0.76403416454, 0.22808379259, 0.00048532329828],
      [0.088217924456, 0.13411337633, 0.77766869921, 6.0472448888e-44],
      [0.30594371786, 0.051643805218, 0.64115868308, 0.0012537938472]
    ],
    [
      [0.018113356002, 0.76290037908, 0.21898626492, 4.2020111993e-43],
      [0.44694303243, 0.037234505212, 0.5149885921, 0.00083387025098],
      [0.11259507375, 0.021971563642, 0.86543336261, 1.3540464888e-43],
      [0.0097099713028, 0.84863127991, 0.14121343756, 0.00044531122946],
      [0.16475344853, 0.17076802566, 0.66447852582, 7.2746881369e-44],
      [0.5230015418, 0.050191152263, 0.42563372979, 0.0011735761522]
    ],
    [
      [0.0084076532438, 0.73537025116, 0.25622209559, 3.1904186786e-43],
      [0.21537163535, 0.052183165269, 0.73164119541, 0.00080400397193],
      [0.047810404915, 0.023664979675, 0.92852461541, 9.9944311996e-44],
      [0.0046525461732, 0.82434784963, 0.17065298769, 0.00034661650681],
      [0.070899652842, 0.18440554207, 0.74469480509, 5.5225809785e-44],
      [0.26329552644, 0.076188535051, 0.65928644286, 0.001229495647]
    ],
    [
      [0.007150123773, 0.89110048152, 0.10174939471, 1.4922675744e-44],
      [0.41733344873, 0.063751014788, 0.5188575542, 5.798228531e-05],
      [0.091265636393, 0.035857903164, 0.87287646044, 8.9438804298e-45],
      [0.0034860335101, 0.93646078535, 0.060038976807, 1.4204331802e-05],
      [0.12379538567, 0.27802331226, 0.59818130207, 4.5167122478e-45],
      [0.49435684869, 0.086036353847, 0.41952506599, 8.173146814e-05]
    ],
    [
      [0.014532574101, 0.63118715713, 0.35428026876, 5.3146768612e-43],
      [0.26082126577, 0.031162569266, 0.70707889134, 0.00093727362306],
      [0.059646329031, 0.014581398427, 0.92577227254, 1.2024641106e-43],
      [0.0084377740579, 0.74336229434, 0.24759404494, 0.00060588666807],
      [0.093657040288, 0.1203069127, 0.78603604701, 7.0301366524e-44],
      [0.31801133556, 0.045357147967, 0.63520284583, 0.001428670636]
    ],
    [
      [0.02094890585, 0.73188093874, 0.24717015541, 4.2688689003e-43],
      [0.42366146975, 0.037728627224, 0.53779785272, 0.00081205030868],
      [0.11501695234, 0.021559642334, 0.86342340533, 1.2734007832e-43],
      [0.011562324145, 0.82378724166, 0.16418701927, 0.00046341492479],
      [0.16609048111, 0.16421424475, 0.66969527414, 6.8262460496e-44],
      [0.49126671414, 0.05188006355, 0.45568475341, 0.0011684688956]
    ],
    [
      [0.021152595168, 0.65179895058, 0.32704845425, 6.2011978202e-43],
      [0.37301673148, 0.027463244046, 0.59854530674, 0.00097471773849],
      [0.090615904718, 0.014542115771, 0.89484197951, 1.4152467272e-43],
      [0.012067859596, 0.76294539021, 0.22428841703, 0.00069833316128],
      [0.14081863462, 0.11876278778, 0.74041857761, 8.1362911885e-44],
      [0.44481152598, 0.038424830671, 0.51533641153, 0.0014272318198]
    ],
    [
      [0.012244797931, 0.61800027148, 0.36975493059, 5.1295901359e-43],
      [0.22126136032, 0.031294196222, 0.74652697049, 0.00091747296568],
      [0.048780083198, 0.014054947119, 0.93716496968, 1.1295136066e-43],
      [0.0071636104243, 0.73182301596, 0.26042439336, 0.00058898025914],
      [0.077439415004, 0.11705898776, 0.80550159724, 6.6794268956e-44],
      [0.27293423388, 0.046128624773, 0.67952046396, 0.001416677389]
    ],
    [
      [0.013145681282, 0.73304854986, 0.25380576886, 3.6788831707e-43],
      [0.30173926467, 0.047178589671, 0.65024742406, 0.00083472159585],
      [0.073530463462, 0.023439636146, 0.90302990039, 1.1367301293e-43],
      [0.0072928594432, 0.82278477536, 0.16952181518, 0.00040055001494],
      [0.10729292909, 0.17940383697, 0.71330323394, 6.1787809022e-44],
      [0.35966457803, 0.067193209935, 0.57189680208, 0.0012454099587]
    ],
    [
      [0.013483906609, 0.38939397353, 0.59712211987, 5.1523351109e-43],
      [0.16559925428, 0.013224513057, 0.82055163169, 0.00062460097315],
      [0.033992365264, 0.0055314475748, 0.96047618716, 7.1591296173e-44],
      [0.0088460050846, 0.51920785945, 0.47128218562, 0.00066394984054],
      [0.058341685649, 0.049827012041, 0.89183130231, 4.5783077771e-44],
      [0.21034221774, 0.020068475966, 0.76859637087, 0.00099293542204]
    ],
    [
      [0.027001456078, 0.39632577592, 0.576672768, 4.6730045685e-43],
      [0.29308635424, 0.011795031947, 0.69462311513, 0.00049549868029],
      [0.068027792182, 0.0056180661566, 0.92635414166, 6.4666172537e-44],
      [0.017679630428, 0.52746566218, 0.45425332223, 0.00060138516253],
      [0.11378556316, 0.049255954096, 0.83695848274, 4.0260044881e-44],
      [0.35783841542, 0.017172982936, 0.62423275433, 0.00075584731066]
    ],
    [
      [0.014454581371, 0.58562971953, 0.3999156991, 4.2293779908e-43],
      [0.23855598572, 0.026441777516, 0.73431763814, 0.00068459861734],
      [0.05300540229, 0.01202399651, 0.9349706012, 8.5344588062e-44],
      [0.0085738197599, 0.70548472043, 0.28544870545, 0.00049275435742],
      [0.085276440884, 0.10170526279, 0.81301829633, 5.1135521337e-44],
      [0.29384348864, 0.038878535206, 0.66622380772, 0.001054168439]
    ],
    [
      [0.014659743356, 0.65831021982, 0.32703003683, 3.5263330755e-43],
      [0.2774162592, 0.034621209381, 0.68730781364, 0.00065471777902],
      [0.064710646159, 0.016544495933, 0.91874485791, 8.5747558745e-44],
      [0.0084159745512, 0.76518947079, 0.22599705659, 0.00039749806743],
      [0.099833260044, 0.13383317787, 0.76633356209, 4.925443049e-44],
      [0.33590782272, 0.050021781878, 0.61307940887, 0.00099098653257]
    ],
    [
      [0.0082359727586, 0.67540088446, 0.31636314278, 3.4014460941e-43],
      [0.18073106439, 0.041726460495, 0.77680270815, 0.00073976696638],
      [0.038585125292, 0.0181289377, 0.94328593701, 8.8090521784e-44],
      [0.0046902481674, 0.77803760039, 0.21689200547, 0.00038014596415],
      [0.059869808837, 0.14753714047, 0.79259305069, 5.0930098033e-44],
      [0.22453282801, 0.061961555906, 0.71235476697, 0.001150849109]
    ],
    [
      [0.035161213317, 0.58098740931, 0.38385137737, 1.7510603044e-44],
      [0.6438114941, 0.010170037625, 0.34600631016, 1.2158119909e-05],
      [0.12883183104, 0.0085232034623, 0.86264496549, 2.7827704141e-45],
      [0.020067100175, 0.71541892177, 0.26449389059, 2.0087471911e-05],
      [0.22253790831, 0.07159511251, 0.70586697918, 1.6416300764e-45],
      [0.75332288993, 0.011410829984, 0.23525191509, 1.4364990523e-05]
    ],
    [
      [0.0013640739677, 0.75437800431, 0.24425792173, 1.4072135499e-44],
      [0.039147773526, 0.041088114129, 0.91972248132, 4.1631026888e-05],
      [0.007594921127, 0.01486470917, 0.9775403697, 4.1301126833e-45],
      [0.00069880978984, 0.85004003085, 0.14924711153, 1.4047826099e-05],
      [0.012298472507, 0.14118407635, 0.84651745114, 2.5776637878e-45],
      [0.050817649273, 0.065871755856, 0.8832410699, 6.9524967232e-05]
    ],
    [
      [0.017257418776, 0.59195909074, 0.39078349049, 5.4146659255e-43],
      [0.27675452303, 0.026131094871, 0.69626216815, 0.00085221394867],
      [0.064065272824, 0.012387545959, 0.92354718122, 1.1075493766e-43],
      [0.010214706951, 0.71074521032, 0.2784107119, 0.00062937082285],
      [0.10194846192, 0.10350649982, 0.79454503826, 6.5613140572e-44],
      [0.33672739129, 0.037942804553, 0.62403376985, 0.0012960343098]
    ],
    [
      [0.035038278072, 0.58624882808, 0.37871289385, 5.3816717954e-43],
      [0.44643626329, 0.020546782127, 0.53234894443, 0.00066801015819],
      [0.1255481463, 0.011898903872, 0.86255294983, 1.0603803633e-43],
      [0.020853564638, 0.70717330087, 0.27134398052, 0.00062915397238],
      [0.19203973525, 0.095367512904, 0.71259275185, 6.0327701192e-44],
      [0.51704399041, 0.028359527247, 0.45363061342, 0.00096586892525]
    ],
    [
      [0.0082755290454, 0.68942843985, 0.3022960311, 3.3203756208e-43],
      [0.18773930639, 0.044052487654, 0.76746135013, 0.00074685582707],
      [0.040449634812, 0.019311249983, 0.94023911521, 8.9734507606e-44],
      [0.0046823735311, 0.789032002, 0.20591694885, 0.00036867562084],
      [0.062140102595, 0.15560170988, 0.78225818753, 5.1365812625e-44],
      [0.23238352549, 0.065180644285, 0.70127813195, 0.0011576982751]
    ],
    [
      [0.01324472843, 0.74881714097, 0.2379381306, 3.7510655262e-43],
      [0.31665796621, 0.049698388737, 0.63276183501, 0.00088181004228],
      [0.078415595654, 0.025171130523, 0.89641327382, 1.224294337e-43],
      [0.0072908566969, 0.8346249519, 0.15767884634, 0.00040534506891],
      [0.1127647274, 0.19001560376, 0.69721966884, 6.5570020836e-44],
      [0.3754055191, 0.07034759379, 0.55293946499, 0.0013074221187]
    ],
    [
      [0.0123559177, 0.74376098754, 0.24388309476, 3.5070697146e-43],
      [0.29660506181, 0.049814406156, 0.65274987325, 0.00083065877733],
      [0.071935699448, 0.024656578058, 0.90340772249, 1.127053801e-43],
      [0.0068184811145, 0.83077591104, 0.16202574966, 0.00037985818132],
      [0.10421836474, 0.18749068011, 0.70829095515, 6.082285338e-44],
      [0.3536854311, 0.070960931757, 0.57411416037, 0.0012394767732]
    ],
    [
      [0.017164935955, 0.66912052167, 0.31371454238, 3.6917972342e-43],
      [0.31717654542, 0.034681872343, 0.64746665996, 0.0006749222738],
      [0.077831008787, 0.017340266512, 0.9048287247, 9.2495506029e-44],
      [0.0098109046937, 0.77389830961, 0.21587665414, 0.00041413155198],
      [0.11816503961, 0.1380944422, 0.74374051819, 5.2311500173e-44],
      [0.37881174787, 0.04950044561, 0.57067866445, 0.0010091420695]
    ],
    [
      [0.018984369958, 0.7059680896, 0.27504754044, 4.5649687467e-43],
      [0.37046476995, 0.037387968119, 0.59128255157, 0.0008647103672],
      [0.095898937347, 0.019962444376, 0.88413861828, 1.2659000225e-43],
      [0.010645770815, 0.80319561397, 0.18565576056, 0.00050285465239],
      [0.14144800435, 0.1546765918, 0.70387540384, 6.9465752922e-44],
      [0.43542730343, 0.052358998784, 0.51094555763, 0.001268140153]
    ],
    [
      [0.015821132013, 0.76499934117, 0.21917952682, 4.7183288965e-43],
      [0.3973564227, 0.044809391285, 0.55680407709, 0.0010301089231],
      [0.099489148504, 0.024945844231, 0.87556500726, 1.5734886218e-43],
      [0.0085724403142, 0.84801736154, 0.14290600881, 0.00050418933842],
      [0.14302152211, 0.18856683126, 0.66841164663, 8.3545574354e-44],
      [0.46696007274, 0.061496776666, 0.47006426115, 0.001478889445]
    ],
    [
      [0.0091626657157, 0.68364295781, 0.30719437647, 4.8897626777e-43],
      [0.20300156346, 0.041216268728, 0.75472480017, 0.0010573676408],
      [0.04384354328, 0.018281729507, 0.93787472721, 1.2858447766e-43],
      [0.0051844416387, 0.78512625302, 0.2091458367, 0.00054346863745],
      [0.067815131305, 0.14875601169, 0.783428857, 7.4063880196e-44],
      [0.2510562147, 0.06077876446, 0.6865323593, 0.0016326615391]
    ],
    [
      [0.0022510437753, 0.85425313201, 0.14349582422, 3.3967173752e-43],
      [0.10952640932, 0.10529002914, 0.78357168613, 0.001611875403],
      [0.022636162973, 0.04445449276, 0.93290934427, 1.8698909503e-43],
      [0.0011739303626, 0.90856575084, 0.089912668582, 0.00034765021244],
      [0.02958552279, 0.31263789883, 0.65777657838, 9.1457667637e-44],
      [0.13483550478, 0.15484115948, 0.70784822266, 0.0024751130766]
    ],
    [
      [0.017917842586, 0.71712070492, 0.26496145249, 3.8210432677e-43],
      [0.36225650162, 0.040431049436, 0.59655098002, 0.00076146892193],
      [0.094049699063, 0.021440953257, 0.88450934768, 1.1069416336e-43],
      [0.01001409617, 0.81128060802, 0.17828612311, 0.0004191727034],
      [0.13726918593, 0.16418718542, 0.69854362865, 6.0167630942e-44],
      [0.42546418048, 0.056714558882, 0.51670235169, 0.0011189089431]
    ],
    [
      [0.020765315272, 0.62550858879, 0.35372609594, 4.0319367182e-43],
      [0.33448649219, 0.028274476021, 0.6365961901, 0.00064284169029],
      [0.083280906073, 0.014339770576, 0.90237932335, 8.9363941397e-44],
      [0.012120395832, 0.73884897747, 0.24856874642, 0.00046188027456],
      [0.12870423589, 0.1162364317, 0.75505933241, 5.144521861e-44],
      [0.39870724293, 0.040279259638, 0.56005412318, 0.00095937424567]
    ],
    [
      [0.012468201274, 0.64212327133, 0.34540852739, 3.6103555388e-43],
      [0.23517768825, 0.034219660009, 0.72992602287, 0.0006766288741],
      [0.052863672743, 0.015630387844, 0.93150593941, 8.4710294264e-44],
      [0.0072169992465, 0.75165557562, 0.2407173687, 0.000410056437],
      [0.08266571332, 0.12817394513, 0.78916034155, 4.9359092531e-44],
      [0.28818656414, 0.050143353, 0.66063133712, 0.001038745743]
    ],
    [
      [0.0076274437386, 0.5075336925, 0.48483886376, 4.1788817193e-43],
      [0.12253416469, 0.018239947432, 0.85861314841, 0.00061273946675],
      [0.023004584319, 0.0072182105646, 0.96977720512, 6.6290464049e-44],
      [0.0046014846247, 0.64546712399, 0.3494318148, 0.00049957659006],
      [0.039834863965, 0.066693211791, 0.89347192424, 4.2885055666e-44],
      [0.1601640352, 0.02813707425, 0.81071005058, 0.00098883997223]
    ],
    [
      [0.009466895847, 0.88276745561, 0.10776564854, 2.7543816287e-43],
      [0.43697341146, 0.081168690822, 0.4808164193, 0.0010414784234],
      [0.1155196121, 0.049513998691, 0.83496638921, 1.7508113329e-43],
      [0.0048348602825, 0.92860441809, 0.066283614928, 0.00027710669546],
      [0.14053634272, 0.32430661745, 0.53515703983, 7.860697176e-44],
      [0.49999702918, 0.10771756675, 0.39084442762, 0.0014409764503]
    ],
    [
      [0.011950858595, 0.068594808461, 0.91945433294, 4.4748134666e-44],
      [0.10630257282, 0.0018333599672, 0.89183326775, 3.0799464488e-05],
      [0.016980809488, 0.00068606458513, 0.98233312593, 2.9569049378e-45],
      [0.009493108695, 0.13745665026, 0.85297834925, 7.1891796271e-05],
      [0.032785024762, 0.0055778988774, 0.96163707636, 2.1096841211e-45],
      [0.14922528888, 0.0028233298267, 0.84789939173, 5.198955969e-05]
    ],
    [
      [0.0031023156121, 0.74835082772, 0.24854685667, 1.3937646722e-21],
      [2.186716078e-20, 1.2310662708e-20, 1.9329879728e-19, 1],
      [0.01605704887, 0.027702514617, 0.95624043651, 4.9529721264e-22],
      [9.8413993429e-22, 5.7412791308e-19, 1.0123997412e-19, 1],
      [0.025198241386, 0.16221921934, 0.81258253927, 2.8206253768e-22],
      [1.5976102579e-20, 1.087479986e-20, 1.2197956341e-19, 1]
    ],
    [
      [0.011850843588, 0.55989116847, 0.42825798794, 5.7570721948e-43],
      [0.19371706697, 0.025327022018, 0.78002978341, 0.00092612759832],
      [0.041167225041, 0.010999789994, 0.94783298496, 1.1025388751e-43],
      [0.0071229157691, 0.68240838716, 0.30978919162, 0.00067950545865],
      [0.067318814574, 0.094430828696, 0.83825035673, 6.714495283e-44],
      [0.24217756438, 0.037798431454, 0.71857629585, 0.0014477083112]
    ],
    [
      [0.019913151007, 0.64784689121, 0.33223995778, 4.826754085e-43],
      [0.34058544981, 0.030111782455, 0.62849774118, 0.00080502655743],
      [0.084706100723, 0.01539644919, 0.89989745009, 1.1286296922e-43],
      [0.011469764545, 0.75766094886, 0.23032318468, 0.00054610191222],
      [0.12998981535, 0.12419140821, 0.74581877644, 6.4455845351e-44],
      [0.4054855252, 0.042748819947, 0.5505688459, 0.001196808948]
    ],
    [
      [0.011888184453, 0.6203777178, 0.36773409775, 4.3623489228e-43],
      [0.2179444043, 0.031401302679, 0.74986839682, 0.00078589620863],
      [0.047634904654, 0.014043450555, 0.93832164479, 9.6352076532e-44],
      [0.006939453147, 0.73419146196, 0.25836909383, 0.000499991058],
      [0.075759679379, 0.11728938588, 0.80695093474, 5.7060306957e-44],
      [0.26944955076, 0.04633728765, 0.68299853048, 0.001214631108]
    ],
    [
      [0.010606659988, 0.57133296791, 0.4180603721, 5.313114089e-43],
      [0.17944012923, 0.027260815547, 0.7924060795, 0.00089297572531],
      [0.037900913291, 0.011701547582, 0.95039753913, 1.0506261323e-43],
      [0.0063482849057, 0.6917839129, 0.30124379377, 0.00062400842086],
      [0.061714392367, 0.099936345167, 0.83834926247, 6.3743159657e-44],
      [0.22476824335, 0.040829831645, 0.7330007851, 0.0014011399065]
    ],
    [
      [0.019374462996, 0.54900466373, 0.43162087327, 5.8422924021e-43],
      [0.27998155743, 0.02223893093, 0.69694366463, 0.00083584700801],
      [0.065218163937, 0.01055170844, 0.92423012762, 1.0870748354e-43],
      [0.011730736211, 0.67295395229, 0.31462103688, 0.00069427462262],
      [0.10502600964, 0.089124713682, 0.80584927668, 6.5206179765e-44],
      [0.34062977449, 0.032333215252, 0.62576394828, 0.0012730619728]
    ],
    [
      [0, 0, 0, 0],
      [0, 0, 0, 0],
      [0, 0, 0, 0],
      [0, 0, 0, 0],
      [0, 0, 0, 0],
      [0, 0, 0, 0]
    ],
    [
      [0.020989505984, 0.71881756708, 0.26019292693, 4.0635624283e-43],
      [0.40244493417, 0.038808367113, 0.55797393786, 0.00077276086524],
      [0.1101517862, 0.021612004851, 0.86823620895, 1.1796242165e-43],
      [0.011732445599, 0.81270667926, 0.17511517248, 0.00044570266684],
      [0.15877306507, 0.1633870954, 0.67783983953, 6.3344212114e-44],
      [0.46697930341, 0.053835694461, 0.47806197926, 0.0011230228603]
    ],
    [
      [0.027760844007, 0.71802920211, 0.25420995389, 4.5697720841e-43],
      [0.47612634444, 0.034812617853, 0.48828210303, 0.00077893468608],
      [0.14346775057, 0.021316801975, 0.83521544746, 1.3073751838e-43],
      [0.015538421374, 0.8126330699, 0.17132665827, 0.00050185046242],
      [0.20270323908, 0.15792219378, 0.63937456714, 6.8822041606e-44],
      [0.54141226319, 0.047339264522, 0.4101387737, 0.001109698588]
    ],
    [
      [0.016700445453, 0.65701213404, 0.32628742051, 4.0672434369e-43],
      [0.30301325353, 0.033498002142, 0.66275676367, 0.00073198066424],
      [0.07322457182, 0.016461977326, 0.91031345085, 9.8601824372e-44],
      [0.0095986276549, 0.7641706851, 0.22577193044, 0.0004587568081],
      [0.11219966067, 0.13236524094, 0.75543509839, 5.629576682e-44],
      [0.36360963491, 0.048062007416, 0.58722817068, 0.0011001869886]
    ]
  ],
  "expected_outcome": [
    [
      [0, 0, 0.050935790603, 0.079942248349, 0.20371748428, 0.18461609175, 0.24447161358, 0.3369332027, 0.022435470455, 0, 0.023353094295, 0, 0, 0, 0.25783652351, 0.10978573286, 0.33615216098, 0.48176306213, 0.71758264193, 0.22945763766, 0.26581570562, 0, 0.19325071556, 0, 0.10929949217, 0, 0.10172801871, 0.10474452925, 0.042305190335, 0.29387515034, 0.32864203205, 0.053935626436, 0.10800582431, 0.057818325483, 0.30785461048, 0.13177556414, 0, 0, 0.18983160654, 0.2452679465, 0.16551058091, 0.18542619802, 0.32125386019, 0.24030910337, 0.094921849788, 0.094926792078, 0.036650662863, 0.0022510437753, 0.50169959242, 0.43607162071, 0.38651423949, 0.0076274437386, 0.009466895847, 0, 0, 0.13035927947, 0.21904466108, 0.2020991357, 0.48790635946, 0.38748925993, 0, 0.48275863763, 1.8599765485, 0.18370489998],
      [0, 0, 3.1106679748, 3.5477006333, 5.4592068385, 15.8454133441, 15.109403409, 27.5250936123, 2.4144757436, 0, 2.219026036, 0, 0, 0, 27.9602438832, 16.1904569479, 26.8990020557, 30.2605224134, 51.311317534, 13.9008834269, 18.4663307994, 0, 9.8563045276, 0, 9.5598132651, 0, 4.4183100999, 3.6594046937, 1.3035979012, 14.8320065156, 18.3262137465, 1.5575758941, 1.5853031037, 2.3425188781, 13.8245146162, 10.8064141513, 0, 0, 6.5115499981, 4.1037417966, 13.788568797, 10.4834399736, 19.3377856759, 9.3676873034, 3.529840448, 4.589996047, 2.7345718312, 0.85425313201, 20.0793797378, 13.1356803645, 19.9058214114, 0.5075336925, 0.88276745561, 0, 0, 6.1588028532, 7.1263158034, 10.5464212025, 26.281316524, 10.9800932747, 0, 16.5328040429, 48.1079565411, 7.2271334745],
      [0, 0, 0.83839623455, 1.3723571183, 3.3370756773, 3.9699705642, 4.6461249774, 8.137973185, 0.5630887859, 0, 0.75762086969, 0, 0, 0, 5.7819195933, 2.6997573192, 7.7648457833, 8.2577145245, 11.9710998241, 9.8696589354, 4.267853495, 0, 4.9504447569, 0, 3.3308872427, 0, 2.4799618813, 1.235850777, 0.6540969085, 8.874118334, 6.3451442214, 2.3884884795, 2.306691072, 1.5996627964, 6.8676307733, 5.0618102846, 0, 0, 4.2986183954, 2.6509902569, 6.0459206221, 3.3311338284, 6.3409604639, 4.3920035933, 1.3752377022, 1.3150771609, 1.2287775059, 0.14349582422, 7.4189206698, 7.4282480148, 10.7076643491, 0.48483886376, 0.10776564854, 0, 0, 4.7108378674, 3.6546395356, 6.2514796618, 19.2307771165, 8.6324174654, 0, 5.9844373194, 17.0320669104, 3.5891616256],
      [0, 0, 1.3302233846e-42, 2.1223692269e-42, 5.0219719694e-42, 5.9892069226e-42, 7.164865322e-42, 1.3510575107e-41, 8.5997070259e-43, 0, 1.6234031065e-42, 0, 0, 0, 1.4237770177e-41, 6.2454803245e-42, 1.5309402013e-41, 1.5722884498e-41, 2.4074274795e-41, 9.7027990295e-42, 8.4007345209e-42, 0, 6.457735096e-42, 0, 4.1475442822e-42, 0, 3.7202738028e-42, 2.1344344502e-42, 1.240239564e-42, 1.2311016326e-41, 9.1972079267e-42, 2.0609340444e-42, 1.8692018274e-42, 1.6917511963e-42, 7.4052994585e-42, 5.4423137505e-42, 0, 0, 5.956132518e-42, 3.7671702568e-42, 6.6407512415e-42, 5.2514917367e-42, 9.1183812581e-42, 5.1685161279e-42, 2.2824843734e-42, 2.8309973379e-42, 1.9559050711e-42, 3.3967173752e-43, 1.0698921149e-41, 8.4670671082e-42, 1.119210217e-41, 4.1788817193e-43, 2.7543816287e-43, 0, 0, 6.3327794143e-42, 5.3094294935e-42, 7.4159931687e-42, 2.4440324809e-41, 1.1684584804e-41, 0, 9.346193585e-42, 3.0617472963e-41, 4.4739677806e-42]
    ],
    [
      [4.7149192943, 1.9114661474, 12.4462987958, 17.222859956, 10.4077265752, 49.612175281, 26.4352389437, 26.7195042381, 6.9258585162, 0.9467778534, 2.497186681, 0.5795005166, 3.1300260434, 6.1757296648, 6.595415426, 20.4153159839, 18.1234043846, 23.3010669713, 35.8422114397, 32.8573547587, 24.8276236982, 1.6721745062, 11.0280550982, 0.44694303243, 18.5219606402, 1.6693337949, 11.215314428, 8.4732293949, 2.9841338518, 13.2756816192, 42.2434970541, 19.0439142418, 23.4469083395, 16.460363015, 19.6965544035, 25.1216179507, 0, 0.15659109411, 13.8377261515, 25.4468670074, 26.2835028952, 26.5992691614, 29.3639011196, 52.6513065396, 14.4481260279, 2.7814949589, 4.2630328326, 0.65715845593, 38.3991891715, 64.2214065005, 68.6718849681, 1.1028074822, 1.3109202344, 0.21260514564, 1.9680444702e-19, 7.942399746, 16.3481015909, 8.2818873632, 20.9944951199, 28.8381004151, 0, 95.7818943316, 203.3059490739, 90.600962805],
      [0.056095240546, 0.083807861591, 2.0336049504, 2.0870664161, 0.76317097842, 11.959259574, 4.5645556132, 6.1164573529, 1.9784072464, 0.3274034034, 0.60024131459, 0.032089083805, 0.27125910428, 0.051092721931, 1.9840398307, 8.4355471166, 4.0690322958, 4.1041512015, 7.2211750668, 5.6146761044, 4.803816495, 0.38064878081, 1.5601738011, 0.037234505212, 4.4877522132, 0.25500405915, 1.3399904784, 0.75457254448, 0.21970595237, 1.8776517733, 6.6050025539, 1.5208190015, 0.94360255576, 1.8244826486, 2.458105866, 5.7999780087, 0, 0.16435245651, 1.3065547435, 1.1711665812, 6.1673482715, 4.1746646539, 4.9316262094, 5.757190809, 1.4581307566, 0.313665739, 0.86554164328, 0.63174017485, 4.2856912402, 5.428699396, 9.9921407225, 0.16415952689, 0.24350607247, 0.0036667199343, 1.1079596437e-19, 1.0384079027, 1.4453655579, 1.1932495018, 3.189515419, 2.2906098858, 0, 9.2363913728, 14.8649878232, 10.0159026405],
      [1.2274689801, 4.0016078849, 22.4887658479, 32.6455824625, 18.8041155408, 119.2691881398, 55.9238778897, 72.0581039216, 19.0702731473, 3.725592659, 8.8859876387, 0.38837938033, 9.5913264281, 0.77312728682, 16.3848668076, 56.0343628144, 46.7259430888, 44.5196670575, 66.8174450697, 158.3899463925, 44.2914221138, 2.9468535271, 31.3756121322, 0.5149885921, 62.921142805, 2.0754302168, 30.4043923278, 10.7559570544, 4.7883624539, 44.7916182296, 91.0346393687, 94.3634376448, 55.5698492103, 50.6679170318, 48.7988547681, 107.9755764322, 0, 3.6788899253, 34.8131084075, 30.3438898323, 107.4445890175, 53.1519941411, 64.622237452, 107.4794655539, 23.0600195111, 3.8976285396, 15.8492208036, 4.7014301168, 63.2344038826, 122.226468499, 213.1383986781, 7.7275183357, 1.4424492579, 1.7836665355, 1.7396891755e-18, 31.9812211198, 30.1678915765, 28.494999079, 92.7115113013, 71.7851974573, 0, 132.7977972096, 208.496457992, 198.1642723359],
      [0.0015164850268, 0.0031181061652, 0.031330405836, 0.044491165425, 0.024986905562, 0.15937700529, 0.076327553446, 0.10593448738, 0.025461090159, 0.00022608416634, 0.01658436573, 3.1019265176e-05, 0.0073884242099, 5.032647446e-05, 0.03567793569, 0.11477408512, 0.081620230901, 0.075114769766, 0.11916842383, 0.13802274439, 0.077137693014, 0.00032318586999, 0.036158968505, 0.00083387025098, 0.069144341586, 0.00023192914124, 0.040302765791, 0.016241006174, 0.0077977419079, 0.055048377941, 0.11686102342, 0.071829111912, 0.039639894423, 0.047237304596, 0.04648496231, 0.10282760833, 0, 0.00016652410755, 0.042610697433, 0.038076579017, 0.10455981579, 0.074072043551, 0.082235218956, 0.11203709745, 0.033723704321, 0.0072107624618, 0.022204720457, 0.0096712524181, 0.080715705724, 0.12342560454, 0.19757563124, 0.0055146552007, 0.0031244352702, 6.1598928976e-05, 9, 0.037971231531, 0.038641274756, 0.029864055928, 0.10447815986, 0.086092241825, 0, 0.18391708593, 0.33260511096, 0.21886221861]
    ],
    [
      [5.4562599073, 0.32551600573, 2.7057442543, 4.5988965354, 9.4241733712, 7.513790769, 7.2917302889, 8.4357174261, 1.1913771513, 0.15043413503, 1.210245234, 0.054237613773, 0.25144181432, 1.426386888, 4.8499651307, 5.0320619222, 10.8366579488, 14.6048149376, 20.805855294, 9.6106274648, 6.8073583279, 0.46579256016, 5.3994499596, 1.4637359587, 2.9164346998, 0.18253127279, 7.9926080902, 4.3706441889, 1.1780067613, 13.1218423803, 9.4118993231, 2.2434961074, 3.3333618169, 4.2934375855, 3.7532174772, 4.7845555362, 0.64415915521, 0.045569526762, 7.7518980117, 8.9139183874, 6.3910423002, 6.6653256306, 9.2797052288, 14.0874125905, 5.7539362408, 1.2933589306, 2.4990819669, 0.56590407431, 13.3550572669, 15.4902485296, 15.0661467317, 0.16103209023, 1.5017549573, 0.033961618976, 0.06422819548, 5.0635686801, 6.2682514535, 6.1449027003, 14.9708607499, 18.0002132465, 0, 32.9353840727, 67.286375017, 10.0317663394],
