{
  "X": [
    [3, 14, 16, 17, 0],
    [2, 9, 11, 40, 1],
    [10, 38, 67, 77, 6],
    [0, 4, 3, 5, 1],
    [15, 21, 56, 59, 4],
    [2, 4, 6, 10, 0],
    [8, 6, 33, 56, 0],
    [25, 27, 164, 321, 6],
    [32, 142, 1207, 440, 107],
    [43, 39, 147, 383, 11],
    [176, 234, 962, 2091, 85],
    [196, 284, 1198, 1909, 109],
    [13, 7, 51, 79, 2],
    [0, 2, 2, 6, 1],
    [9, 6, 25, 38, 2],
    [2, 1, 7, 14, 1],
    [1, 0, 3, 2, 0],
    [39, 38, 137, 257, 10],
    [140, 209, 860, 1453, 46],
    [8, 11, 46, 90, 3],
    [7, 10, 75, 32, 10],
    [7, 13, 24, 55, 0],
    [2, 1, 6, 9, 0],
    [2, 8, 42, 26, 3],
    [2, 6, 6, 22, 0],
    [12, 18, 58, 132, 5],
    [67, 87, 244, 486, 16],
    [2, 3, 19, 30, 3],
    [6, 7, 45, 51, 2],
    [9, 9, 55, 93, 6],
    [9, 9, 26, 45, 4],
    [165, 164, 863, 2039, 80],
    [227, 211, 866, 1956, 65],
    [95, 108, 626, 1044, 49],
    [6, 22, 99, 126, 5],
    [3, 1, 3, 8, 1],
    [0, 0, 2, 6, 2],
    [3, 1, 9, 12, 0],
    [1, 0, 5, 5, 1],
    [0, 1, 1, 4, 0],
    [14, 18, 75, 194, 6],
    [27, 28, 126, 281, 10],
    [7, 22, 115, 128, 6],
    [14, 23, 80, 158, 5],
    [7, 23, 179, 72, 18],
    [5, 10, 87, 43, 8],
    [9, 8, 144, 45, 7],
    [24, 39, 149, 413, 6],
    [24, 36, 149, 299, 11],
    [17, 29, 110, 246, 15],
    [56, 72, 243, 511, 30],
    [14, 11, 77, 206, 10],
    [1, 1, 5, 3, 1],
    [3, 3, 16, 23, 1],
    [28, 38, 121, 222, 14],
    [20, 22, 87, 215, 12],
    [0, 1, 10, 6, 0],
    [0, 0, 7, 1, 2],
    [3, 4, 7, 13, 2],
    [3, 5, 2, 12, 1],
    [1, 4, 29, 9, 4],
    [2, 2, 9, 27, 2],
    [19, 30, 76, 204, 11],
    [4, 3, 17, 16, 3],
    [9, 9, 38, 84, 2],
    [1, 2, 13, 15, 0],
    [24, 39, 80, 328, 4],
    [29, 27, 111, 296, 7],
    [44, 32, 114, 400, 16],
    [28, 35, 183, 364, 18],
    [17, 39, 115, 200, 13],
    [45, 254, 665, 541, 31],
    [184, 386, 1304, 1596, 171],
    [119, 230, 783, 771, 126],
    [0, 0, 2, 1, 0]
  ],
  "W": [
    [4, 17, 18, 6, 5],
    [8, 9, 11, 31, 4],
    [19, 48, 70, 47, 14],
    [3, 3, 4, 2, 1],
    [23, 30, 60, 37, 5],
    [2, 1, 7, 9, 3],
    [14, 11, 30, 46, 2],
    [70, 34, 210, 208, 21],
    [87, 142, 1276, 289, 134],
    [115, 59, 154, 273, 22],
    [474, 260, 1135, 1489, 190],
    [431, 290, 1415, 1395, 165],
    [22, 9, 62, 58, 1],
    [1, 1, 4, 4, 1],
    [17, 5, 29, 22, 7],
    [4, 1, 6, 11, 3],
    [0, 1, 2, 3, 0],
    [55, 33, 174, 199, 20],
    [380, 204, 984, 1023, 117],
    [27, 15, 55, 59, 2],
    [9, 5, 83, 24, 13],
    [9, 10, 32, 43, 5],
    [1, 2, 5, 9, 1],
    [5, 8, 45, 18, 5],
    [4, 2, 10, 16, 4],
    [26, 14, 67, 107, 11],
    [134, 63, 311, 334, 58],
    [4, 2, 25, 19, 7],
    [13, 6, 50, 36, 6],
    [28, 15, 53, 71, 5],
    [8, 8, 35, 36, 6],
    [439, 201, 1070, 1469, 132],
    [500, 199, 1103, 1391, 132],
    [228, 126, 741, 758, 69],
    [23, 29, 114, 79, 13],
    [5, 0, 2, 5, 4],
    [0, 0, 3, 5, 2],
    [3, 1, 10, 10, 1],
    [1, 1, 6, 3, 1],
    [0, 0, 1, 5, 0],
    [33, 21, 107, 132, 14],
    [53, 25, 171, 193, 30],
    [24, 28, 129, 77, 20],
    [32, 26, 98, 105, 19],
    [12, 27, 187, 46, 27],
    [10, 8, 93, 26, 16],
    [6, 11, 146, 35, 15],
    [93, 37, 189, 286, 26],
    [66, 29, 189, 209, 26],
    [51, 25, 155, 171, 15],
    [111, 66, 323, 347, 65],
    [40, 16, 88, 146, 28],
    [0, 0, 5, 3, 3],
    [5, 5, 15, 20, 1],
    [63, 41, 144, 148, 27],
    [53, 25, 104, 156, 18],
    [0, 0, 11, 6, 0],
    [0, 1, 7, 1, 1],
    [6, 4, 6, 9, 4],
    [4, 4, 6, 9, 0],
    [2, 7, 29, 4, 5],
    [5, 4, 11, 21, 1],
    [51, 19, 110, 138, 22],
    [5, 2, 17, 15, 4],
    [26, 12, 39, 59, 6],
    [0, 2, 13, 16, 0],
    [55, 34, 130, 236, 20],
    [71, 33, 140, 204, 22],
    [92, 29, 163, 289, 33],
    [78, 42, 231, 254, 23],
    [39, 33, 134, 157, 21],
    [106, 214, 786, 356, 74],
    [301, 319, 1539, 1251, 231],
    [182, 159, 928, 580, 180],
    [0, 0, 1, 1, 1]
  ],
  "method": "mult",
  "cond_prob": [
    [
      [0.14822660608, 0.0033347560083, 0, 0.84843863791, 0],
      [0.0055504920678, 0.6426302085, 0.12804054986, 0.22377874957, 0],
      [0.028230522964, 0.085674236113, 0.72014380311, 0.16595143782, 0],
      [0.11447034841, 0.0050874559992, 0, 0.88044219559, 0],
      [0.22355274134, 0.29785728909, 0.1721444393, 0.30644553028, 0]
    ],
    [
      [0.051810480161, 0.0072957359623, 0.0023748742881, 0.93851890959, 0],
      [0.0008477666288, 0.67512754555, 0.16993455483, 0.15409013299, 0],
      [0.020350580302, 0.083952004714, 0.78801600872, 0.10295030988, 0.0047310963818],
      [0.036889353946, 0.024432895659, 0.0019615255676, 0.93671622483, 0],
      [0.052614975851, 0.29614859627, 0.18065165592, 0.23359528701, 0.23698948495]
    ],
    [
      [0.1247156019, 0.0032293844394, 0.001873033542, 0.87018198012, 0],
      [0.0042382345106, 0.61465317587, 0.20327987359, 0.17672325804, 0.0011054579913],
      [0.014009557434, 0.071182076132, 0.78260975323, 0.1021649051, 0.0300337081],
      [0.10177402872, 0.0067785212074, 0.00025399293321, 0.89119345714, 0],
      [0.11877999551, 0.22385381629, 0.17231128833, 0.21044215349, 0.27461274639]
    ],
    [
      [0, 0.05994244262, 0, 0.94005755738, 0],
      [4.7256330115e-36, 0.87980110886, 0.077760363587, 0.042438527552, 0],
      [3.1920783128e-36, 0.23071398225, 0.68050285179, 0.020670722763, 0.068112443192],
      [0, 0.041714032862, 0, 0.95828596714, 0],
      [0, 0.17448535083, 0.044707502061, 0.053256919878, 0.72755022723]
    ],
    [
      [0.22395174095, 0, 0.0052570867929, 0.77027840847, 0.00051276378337],
      [0.0097769230146, 0.57977339054, 0.23343322838, 0.17404985593, 0.0029666021305],
      [0.027987854642, 0.045813490016, 0.7977703175, 0.089759674762, 0.038668663077],
      [0.18683827891, 0, 0.0058396909611, 0.80639208034, 0.00092994978596],
      [0.19270293386, 0.17159777657, 0.15876050731, 0.16800269379, 0.30893608847]
    ],
    [
      [0.16341032579, 0.011321333731, 0.0030889725915, 0.82217936788, 0],
      [0.0018143168908, 0.85316968393, 0.083194918489, 0.061821080692, 0],
      [0.011818310791, 0.16254543598, 0.76895162909, 0.056684624141, 0],
      [0.12924969936, 0.042210160981, 0.0056123148039, 0.82292782485, 0],
      [0.14179652058, 0.53549271598, 0.15915163315, 0.16355913029, 0]
    ],
    [
      [0.13941588516, 0, 0.015348422034, 0.84523569281, 0],
      [0.0053368820498, 0.47982192397, 0.31628778433, 0.19855340965, 0],
      [0.028036501257, 0.01041417299, 0.89049053618, 0.071058789568, 0],
      [0.1035913184, 0, 0.042662396334, 0.85374628527, 0],
      [0.19158811068, 0.20476682333, 0.31438507347, 0.28925999252, 0]
    ],
    [
      [0.068310394179, 0, 0, 0.93168960582, 0],
      [0.0045666981017, 0.50152459403, 0.22984436194, 0.26341846612, 0.00064587980498],
      [0.060340715595, 0.028104031544, 0.72306895016, 0.17704405529, 0.011442247409],
      [0.024604654152, 0, 0, 0.97539534585, 0],
      [0.10827077778, 0.19268177041, 0.20670534101, 0.32209600935, 0.17024610146]
    ],
    [
      [0.06696020835, 0.00082717764779, 0.0070162662456, 0.92506966044, 0.00012668731493],
      [0.0021698934999, 0.51853307674, 0.29519125137, 0.18090081119, 0.0032049671961],
      [0.0025556089333, 0.036341171076, 0.88684178227, 0.031808659356, 0.042452778371],
      [0.053982025825, 0.00064060027486, 0.014277812447, 0.9305442798, 0.00055528165452],
      [0.052272944284, 0.16223784236, 0.21444794907, 0.18146177726, 0.38957948704]
    ],
    [
      [0.11030147463, 0, 0.0053160969948, 0.88438242838, 0],
      [0.0051498503591, 0.52031865525, 0.25674495127, 0.21583270505, 0.0019538380686],
      [0.025614428257, 0.029301637984, 0.80973480629, 0.10589005825, 0.029459069215],
      [0.086318419, 0, 0.0081613194199, 0.90552026158, 0],
      [0.11372449581, 0.17221577684, 0.19606801592, 0.2294450344, 0.28854667703]
    ],
    [
      [0.083320758197, 0, 0, 0.9166792418, 0],
      [0.0039369373836, 0.55230605678, 0.22243276759, 0.21972001834, 0.001604219908],
      [0.029725942032, 0.04660589632, 0.76594770125, 0.12998426303, 0.027736197366],
      [0.056843159182, 0, 0, 0.94315684082, 0],
      [0.090020782457, 0.19738280482, 0.18324652374, 0.2498640005, 0.27948588849]
    ],
    [
      [0.10263982742, 0.0010738770791, 0.0020900614884, 0.89406126275, 0.00013497126458],
      [0.0042701884381, 0.57748481513, 0.21746609088, 0.19842349156, 0.0023554139941],
      [0.012099214818, 0.057578341648, 0.78074425614, 0.11079242209, 0.038785765298],
      [0.084212297321, 0.0014627074199, 0.00078218028138, 0.91301289319, 0.00052992178554],
      [0.096529309127, 0.19728928672, 0.17084698915, 0.21631830265, 0.31901611235]
    ],
    [
      [0.15918006956, 0, 0, 0.84081993044, 0],
      [0.0080340963224, 0.52883612479, 0.24429741922, 0.217050606, 0.0017817536765],
      [0.034011384164, 0.033526280852, 0.78422267172, 0.12067322411, 0.027566439151],
      [0.12331341655, 0, 0, 0.87668658345, 0],
      [0.16484762485, 0.16184546412, 0.17951758027, 0.21894434123, 0.27484498952]
    ],
    [
      [0, 0, 0, 1, 0],
      [0, 0.88847884368, 0.026007289328, 0.085513866989, 0],
      [0, 0.23270945123, 0.48893954484, 0.20473155829, 0.073619445636],
      [0, 0, 0, 1, 0],
      [0, 0.18068335139, 0.018234531315, 0.095559899841, 0.70552221746]
    ],
    [
      [0.18942232105, 0, 0, 0.81057767895, 0],
      [0.0082028917389, 0.60511119885, 0.20792369166, 0.1779090067, 0.00085321105937],
      [0.033249747566, 0.052312232656, 0.78396507609, 0.11260145712, 0.017871486575],
      [0.15459814135, 0, 0, 0.84540185865, 0],
      [0.19620061347, 0.20819846554, 0.1750563336, 0.20947875396, 0.21106583343]
    ],
    [
      [0.11930956959, 0, 0.022204116903, 0.8584863135, 0],
      [0.0043857722505, 0.54758828327, 0.27660989271, 0.17057848196, 0.00083756981092],
      [0.043547762705, 0.007327667688, 0.89046471608, 0.058659853527, 0],
      [0.082351501722, 0, 0.054727687456, 0.86292081082, 0],
      [0.11707428473, 0.1361485702, 0.22992692706, 0.18379607461, 0.3330541434]
    ],
    [
      [0.42093818885, 0, 0.0025584984137, 0.57650331274, 0],
      [0.02022536516, 0, 0.761631979, 0.21814265584, 0],
      [0, 0, 1, 0, 0],
      [0.32659154495, 0, 0.079456006999, 0.59395244805, 0],
      [0.53257125044, 0, 0.31985205017, 0.14757669939, -0]
    ],
    [
      [0.14320956578, 0.0016021266, 0, 0.85518830762, 0],
      [0.0061422607105, 0.62139570951, 0.1865322547, 0.18447968556, 0.0014500895197],
      [0.04043392209, 0.070148843042, 0.73355119876, 0.12723075869, 0.02863527742],
      [0.10551732067, 0.0031051991949, 0, 0.89137748014, 0],
      [0.14436650109, 0.22909956471, 0.16032635051, 0.21772714495, 0.24848043874]
    ],
    [
      [0.095995656825, 0.0013499290979, 0.0034518736185, 0.89920254046, 0],
      [0.0037280760113, 0.5856312486, 0.21746920007, 0.19205750032, 0.0011139749893],
      [0.011657252337, 0.060306507558, 0.79934219495, 0.10802243379, 0.020671611366],
      [0.077507993859, 0.0022017005217, 0.0042736093012, 0.91601669632, 0],
      [0.10256161439, 0.23439580476, 0.19999956465, 0.24567649041, 0.21736652579]
    ],
    [
      [0.091442596006, 0, 0, 0.90855740399, 0],
      [0.0043422395498, 0.55768412091, 0.22131418705, 0.21427547368, 0.0023839788123],
      [0.023484311675, 0.041679725525, 0.77013613894, 0.12417553589, 0.040524287963],
      [0.067827037895, 0, 0, 0.9321729621, 0],
      [0.086241968316, 0.17117664122, 0.16139977616, 0.21347937439, 0.36770223991]
    ],
    [
      [0.16907930078, 0.0018137210021, 0.0080420208448, 0.82011663459, 0.00094832278945],
      [0.0053059431811, 0.59773397197, 0.24621482475, 0.14713218946, 0.0036130706398],
      [0.0074809834637, 0.056121457787, 0.85608560806, 0.023492015695, 0.056819934992],
      [0.13857902027, 0.0033045245474, 0.015036591722, 0.84038980024, 0.0026900632249],
      [0.11576449717, 0.1736628512, 0.1754280014, 0.13569975639, 0.39944489384]
    ],
    [
      [0.11977997971, 0.00421053047, 0, 0.87600948982, 0],
      [0.0042813848051, 0.7032414213, 0.13294595097, 0.15953124292, 3.5122385006e-32],
      [0.069350748415, 0.10598797594, 0.68034302987, 0.14431824578, 0],
      [0.066737457185, 0.014687411745, 0, 0.91857513107, 0],
      [0.15804634526, 0.38130341554, 0.17991270691, 0.28073753229, 0]
    ],
    [
      [0.201688667, 0, 0.0083669472729, 0.78994438572, 0],
      [0.10829030184, 0.4136414686, 0.30829062281, 0.16977760675, 0],
      [0.02242182344, 0, 0.91691792309, 0.060660253466, 0],
      [0.13350976963, 0, 0.053293942419, 0.81319628795, 0],
      [0.26803368549, 0.1727170628, 0.31081670986, 0.24843254185, 0]
    ],
    [
      [0.074773783572, 0.0011085016478, 0.007390741432, 0.91672697335, 0],
      [0.0021731887256, 0.58332526843, 0.24342009142, 0.16934434692, 0.0017371044993],
      [0.0045664727792, 0.050730877644, 0.85931461161, 0.055074649928, 0.030313388042],
      [0.059460891526, 0.0013667641805, 0.018378869653, 0.92079347464, 0],
      [0.06659164996, 0.20407281901, 0.20314167709, 0.20179371351, 0.32440014042]
    ],
    [
      [0.072632547676, 0.0076060678071, 0, 0.91976138452, 0],
      [0.0019818111678, 0.82772500724, 0.063582141902, 0.10671103969, 1.5407439555e-32],
      [0.11344604151, 0.17759719889, 0.54356858569, 0.16538817391, 0],
      [0.012052262732, 0.024165214916, 0, 0.96378252235, 0],
      [0.094552392035, 0.53787757168, 0.10928746482, 0.25828257146, 0]
    ],
    [
      [0.092196457681, 0.0033279866221, 0.0036951169041, 0.90078043879, 0],
      [0.0030343650226, 0.64181283793, 0.18829391174, 0.16535118494, 0.001507700366],
      [0.010062466768, 0.076043530802, 0.78472318701, 0.099480656997, 0.029690158427],
      [0.07420750511, 0.0097771315849, 0.0071866289426, 0.90882873436, 0],
      [0.08600206089, 0.25336572486, 0.17476266998, 0.21408303696, 0.2717865073]
    ],
    [
      [0.12258020028, 0.0034901853211, 0, 0.8739296144, 0],
      [0.0049751727895, 0.65366206497, 0.16677670334, 0.17386521377, 0.00072084512604],
      [0.043374151566, 0.085559149709, 0.71989262323, 0.13327086023, 0.017903215269],
      [0.086433169468, 0.0072943950427, 0, 0.90627243549, 0],
      [0.13625478512, 0.28114450983, 0.16562865285, 0.23789124516, 0.17908080704]
    ],
    [
      [0.054288005353, 0, 0, 0.94571199465, 0],
      [0.0032515923788, 0.53218279013, 0.20760265944, 0.25536713594, 0.0015958221078],
      [0.045417575523, 0.0330637385, 0.70152024533, 0.19501072468, 0.02498771597],
      [0.007893345361, 0, 0, 0.99210665464, 0],
      [0.070133120556, 0.15843442246, 0.14954122113, 0.2830175992, 0.33887363665]
    ],
    [
      [0.11161240446, 0, 0.0068578945935, 0.88152970095, 0],
      [0.0043093784657, 0.56689418891, 0.23741607748, 0.19049515375, 0.00088520139422],
      [0.012317732101, 0.046272893848, 0.83393983822, 0.092203458198, 0.015266077637],
      [0.088270224296, 0, 0.013540229107, 0.8981895466, 0],
      [0.12159463193, 0.21416502903, 0.21698512445, 0.24202439629, 0.2052308183]
    ],
    [
      [0.096205663232, 0, 0.02263163168, 0.87879273065, 0.0023699744385],
      [0.0035659108855, 0.48026950607, 0.31004614089, 0.20068241399, 0.0054360281645],
      [0.013755143587, 0.02286994809, 0.85238052612, 0.053197154329, 0.057797227878],
      [0.072693935267, 0, 0.051558604067, 0.86956892217, 0.0061785384975],
      [0.07249215043, 0.11677003203, 0.17575868535, 0.16494493571, 0.47003419648]
    ],
    [
      [0.17640857828, 0.0015706038869, 0, 0.82173929244, 0.00028152538862],
      [0.0083011175496, 0.64488352369, 0.16551526986, 0.17854345758, 0.0027566313177],
      [0.057761157137, 0.072723976822, 0.68452961566, 0.13376858838, 0.051216661999],
      [0.12736509649, 0.0033427955055, 0, 0.86792849166, 0.0013636163436],
      [0.15258974334, 0.19378119207, 0.11955688217, 0.17840195109, 0.35567023134]
    ],
    [
      [0.078896602548, 0, 0, 0.92110339745, 0],
      [0.0043231325198, 0.51861837673, 0.23276758978, 0.24208149664, 0.0022094043196],
      [0.047592310126, 0.035198164904, 0.74142830512, 0.14127237893, 0.034508840915],
      [0.045609545241, 0, 0, 0.95439045476, 0],
      [0.08766097008, 0.1673914381, 0.17337445434, 0.24860760753, 0.32296552994]
    ],
    [
      [0.10998457542, 0, 0, 0.89001542458, 0],
      [0.0052446008372, 0.58714090199, 0.19965280818, 0.20644360635, 0.0015180826376],
      [0.045771171954, 0.059698112214, 0.72896081376, 0.13775578143, 0.027814120638],
      [0.075212916148, 0, 0, 0.92478708385, 0],
      [0.12013081587, 0.21448441463, 0.1683735878, 0.2392920416, 0.25771914009]
    ],
    [
      [0.093165714242, 0, 0.00082548222576, 0.90600880353, 0],
      [0.0044022484146, 0.52643934561, 0.24171784658, 0.22512709194, 0.0023134674606],
      [0.016808547153, 0.040291778776, 0.78656856623, 0.12045737471, 0.03587373313],
      [0.071654704149, 0, 0, 0.92834529585, 0],
      [0.093248328519, 0.17119470117, 0.18127585229, 0.23361348251, 0.32066763552]
    ],
    [
      [0.048612098691, 0, 0, 0.95138790131, 0],
      [0.0024247792561, 0.52672518476, 0.23167317304, 0.23860825186, 0.00056861108226],
      [0.016223220799, 0.035731653463, 0.78551822475, 0.14515259993, 0.017374301064],
      [0.027555075495, 0, 0, 0.9724449245, 0],
      [0.060408076651, 0.20396624209, 0.21018464313, 0.29445334911, 0.23098768902]
    ],
    [
      [0.23950047971, 0.0035519577619, 0.032414681863, 0.72453288066, 0],
      [0.0046281193207, 0.76134411715, 0.15501206804, 0.078210625214, 0.00080507027077],
      [0.015356396722, 0.037930972139, 0.8938088084, 0.037447691166, 0.015456131569],
      [0.19926731212, 0.0043062279301, 0.030719514683, 0.76570694527, 0],
      [0.19386206185, 0.22121178182, 0.22417785012, 0.118476372, 0.24227193422]
    ],
    [
      [3.2302448476e-17, 0, 0.0012764834565, 0.99870872938, 1.4787160585e-05],
      [0, 0, 0.4246589888, 0.56099249865, 0.014348512552],
      [7.4014868308e-17, 0, 0.63423608697, 0.25567329852, 0.11009061451],
      [0, 0, 0, 0.98348142782, 0.016518572176],
      [0, 0, 0.04864586955, 0.15778648265, 0.7935676478]
    ],
    [
      [0.21612990084, 0, 0.0029580448824, 0.78091205427, 0],
      [0.0080653966095, 0.62081341759, 0.2128322072, 0.15828897861, 0],
      [0.034605318562, 0.016609300222, 0.84966610619, 0.099119275029, 0],
      [0.17077245419, 0, 0.0037583857848, 0.82546916003, 0],
      [0.28976717338, 0.21309358019, 0.24404873843, 0.25309050799, 0]
    ],
    [
      [0.16451701033, 0, 0, 0.83548298967, 0],
      [0.021289083438, 0, 0.48222448173, 0.48927615147, 0.0072102833561],
      [0.058795262862, 1.4456028966e-19, 0.73994592291, 0.14906082116, 0.052197993058],
      [0.11539610486, 0, 0, 0.88460389514, 0],
      [0.11523401446, 0, 0.07809998078, 0.12706424646, 0.67960175829]
    ],
    [
      [0, 0.018743866215, 0.0027465185496, 0.97850961523, 0],
      [0, 1, 0, 0, 0],
      [0, 0.028124422387, 0.97187557761, 0, 0],
      [0, 0.19437511552, 0.0056248844775, 0.8, 0],
      [0, 1, 0, 0, 0]
    ],
    [
      [0.061436434364, 0, 0, 0.93856356564, 0],
      [0.0043970023556, 0.54597812653, 0.18891569508, 0.25968773713, 0.0010214389003],
      [0.099041632929, 0.035743812784, 0.64314844215, 0.2004783855, 0.021587726639],
      [0, 0, 0, 1, 0],
      [0.091628992365, 0.19356224107, 0.1582776495, 0.29448375759, 0.26204735948]
    ],
    [
      [0.083659464117, 0, 0, 0.91634053588, 0],
      [0.0049531243158, 0.56247555433, 0.19439290819, 0.23720732213, 0.00097109104277],
      [0.076940151696, 0.044965907779, 0.67926779828, 0.18042722427, 0.018398917975],
      [0.030485801466, 0, 0, 0.96951419853, 0],
      [0.11338982236, 0.20829803039, 0.16617945964, 0.28448242927, 0.22765025834]
    ],
    [
      [0.05387494175, 0, 0, 0.94612505825, 0],
      [0.0025875073782, 0.5072142707, 0.24661415908, 0.2432593325, 0.00032473034405],
      [0.012454618172, 0.030107534064, 0.80344894209, 0.14040070529, 0.013588200383],
      [0.034730035742, 0, 0, 0.96526996426, 0],
      [0.067684634752, 0.1957064263, 0.22249450081, 0.30221295309, 0.21190148505]
    ],
    [
      [0.079356115375, 0, 0, 0.92064388462, 0],
      [0.0044593153304, 0.56241691345, 0.20179043662, 0.23104319746, 0.00029013713424],
      [0.054963130337, 0.042612130964, 0.72659222666, 0.16277291578, 0.013059596251],
      [0.037405390979, 0, 0, 0.96259460902, 0],
      [0.10687943598, 0.22111428504, 0.18670581235, 0.28989962442, 0.19540084221]
    ],
    [
      [0.084833949397, 0.00043784958037, 0.0061848832567, 0.90847684773, 6.6470036611e-05],
      [0.0030176449243, 0.49928667163, 0.30117107271, 0.19339455464, 0.0031300561055],
      [0.0047207020264, 0.029361582221, 0.87925149863, 0.046022518852, 0.040643698273],
      [0.067933117935, 0, 0.013902223292, 0.91779189911, 0.00037275965924],
      [0.070104499642, 0.14901443688, 0.21239370085, 0.18711060991, 0.38137675271]
    ],
    [
      [0.096367938381, 0.00040240922606, 0.007347411091, 0.8958822413, 0],
      [0.0037424979685, 0.51357130699, 0.28190555266, 0.19865556316, 0.0021250792214],
      [0.0060504803552, 0.035237341457, 0.86934362313, 0.059478107812, 0.029890447244],
      [0.077662627628, 2.8779210296e-06, 0.013296093928, 0.90903840052, 0],
      [0.089028602568, 0.1631411169, 0.21728912965, 0.2053419151, 0.32519923578]
    ],
    [
      [0.16426983938, 0.00016171889682, 0.0056535080697, 0.82991493365, 0],
      [0.007472781128, 0.38641656547, 0.38713958743, 0.21700381006, 0.0019672559073],
      [0.0062633206369, 0.014416710956, 0.92599279198, 0.033209053415, 0.020118123007],
      [0.13264697823, 0, 0.016453222912, 0.85089979886, 0],
      [0.15833942135, 0.10957384445, 0.26244887055, 0.20023024859, 0.26940761507]
    ],
    [
      [0.053626270346, 0, 0, 0.94637372965, 0],
      [0.0027205181895, 0.58657318845, 0.19410372733, 0.216075833, 0.00052673302359],
      [0.059696522069, 0.055751303464, 0.72275051888, 0.15174350547, 0.010058150117],
      [0.019670501282, 0, 0, 0.98032949872, 0],
      [0.07706506335, 0.25999214125, 0.2007043854, 0.30533377515, 0.15690463485]
    ],
    [
      [0.077117543627, 0.0008190519599, 0, 0.92206340441, 0],
      [0.0034608175826, 0.60182940001, 0.19124631982, 0.20224175738, 0.0012217052093],
      [0.034467982329, 0.064742454587, 0.73504235306, 0.14181125444, 0.023935955586],
      [0.047970506154, 0.00057098868921, 0, 0.95145850516, 0],
      [0.087292075549, 0.23604728528, 0.17426353833, 0.2546788338, 0.24771826704]
    ],
    [
      [0.065560268259, 0.0009638566822, 0, 0.93347587506, 0],
      [0.0033091112007, 0.61149159301, 0.17258152481, 0.20969135093, 0.0029264200488],
      [0.046744240197, 0.068357363805, 0.66949420511, 0.15807176787, 0.057332423018],
      [0.03138492883, 0.00099211645964, 0, 0.96762295471, 0],
      [0.064101231888, 0.19323401198, 0.12759067246, 0.21238648828, 0.4026875954]
    ],
    [
      [0.096973034334, 0, 0, 0.90302696567, 0],
      [0.0052780839002, 0.59231230849, 0.18322500539, 0.21752993525, 0.0016546669624],
      [0.058624853372, 0.060148849267, 0.68523894549, 0.16228590753, 0.033701444335],
      [0.054302070992, 0, 0, 0.94569792901, 0],
      [0.10936912889, 0.20737398963, 0.14730723462, 0.24356156285, 0.29238808401]
    ],
    [
      [0.060250459888, 0, 0, 0.93974954011, 0],
      [0.0039897386381, 0.42211678143, 0.28301892424, 0.28922903193, 0.0016455237579],
      [0.070407395579, 0.0080098286749, 0.7602728466, 0.14560358211, 0.015706347032],
      [0.021226381933, 0, 0, 0.97877361807, 0],
      [0.07968725761, 0.12647380621, 0.19884595398, 0.28815322931, 0.3068397529]
    ],
    [
      [0.18726283656, 0.0012292965685, 0.002168904916, 0.8093335422, 5.4197516148e-06],
      [0.0032547946405, 0.80295347287, 0.11953144121, 0.073360698675, 0.00089959260612],
      [0.018591982456, 0.05767184359, 0.87390957661, 0.032302312847, 0.017524284499],
      [0.14717341231, 0.004329557138, 0.023306021938, 0.82519100862, 0],
      [0.1551732836, 0.23288403688, 0.18684468371, 0.1209718033, 0.3041261925]
    ],
    [
      [0.13072409356, 0, 0.016491400047, 0.85270499502, 7.9511367553e-05],
      [0.0041401555044, 0.52298997929, 0.29499556279, 0.17523845422, 0.0026358481907],
      [0.020118626924, 0.017166237132, 0.87599282832, 0.050839991629, 0.035882315995],
      [0.096282501655, 0, 0.056303173765, 0.84699591948, 0.000418405102],
      [0.098249317711, 0.12755654655, 0.17660928572, 0.15776448977, 0.43982036025]
    ],
    [
      [0.11802419807, 0.00055751795005, 0, 0.88141828398, 0],
      [0.0054347507622, 0.58747265835, 0.2044476554, 0.20047729176, 0.0021676437184],
      [0.026777601996, 0.058883966627, 0.75204288035, 0.1241100229, 0.038185528132],
      [0.090520741794, 0.00037924541958, 0, 0.90905019055, 4.9822237945e-05],
      [0.11439282472, 0.1978917726, 0.16012856883, 0.21628917216, 0.31129766168]
    ],
    [
      [0.093078350086, 0, 0, 0.90661496206, 0.00030668785],
      [0.0043060844966, 0.55908015896, 0.21941070345, 0.21419476786, 0.0030082852351],
      [0.026303128946, 0.047625036096, 0.75675234262, 0.12155695806, 0.047762534278],
      [0.068548583827, 0, 0, 0.93043605038, 0.0010153657921],
      [0.08500504698, 0.17055512622, 0.15624937674, 0.21136612869, 0.37682432137]
    ],
    [
      [0, 0.0019914186312, 0.0026042285918, 0.99540435278, 0],
      [0, 0.94273065478, 0.033573649954, 0.023695695267, 0],
      [0, 0.087556524419, 0.89143757095, 0.021005904627, 0],
      [0, 0.0061463718991, 0.032364453251, 0.96148917485, 0],
      [0, 0.52241628309, 0.24025589962, 0.23732781729, 0]
    ],
    [
      [0, 0, 0.0033623436114, 0.99660654948, 3.1106913082e-05],
      [0, 0, 0.97337905243, 0, 0.02662094757],
      [0, 0, 0.84552526378, 0, 0.15447473622],
      [0, 0, 0.023871638157, 0.96900155449, 0.0071268073568],
      [8.3266726847e-17, 0, 0.084072462979, 0.030998445513, 0.88492909151]
    ],
    [
      [0.18102805196, 0.010754957484, 0.024379896067, 0.77929068351, 0.004546410979],
      [0.0035628310584, 0.65817579634, 0.22039131058, 0.11244129, 0.0054287720237],
      [0.012811751839, 0.064877114497, 0.83448870354, 0.041781132333, 0.046041297791],
      [0.14730420124, 0.016254720211, 0.033797159103, 0.79567901951, 0.0069648999393],
      [0.12424301046, 0.19180297521, 0.16526218202, 0.11567319235, 0.40301863996]
    ],
    [
      [0.20148161801, 0.022359457765, 0, 0.77615892423, 0],
      [0.0077322064823, 0.85042550432, 0.019254537487, 0.12258775171, 0],
      [0.18139644699, 0.17795005917, 0.32049697501, 0.15348985217, 0.16666666667],
      [0.11941844668, 0.049017755183, 0, 0.83156379814, 0],
      [0, 0, 0, 0, 1]
    ],
    [
      [0.089383085791, 0, 0.0065651129346, 0.90376100623, 0.00029079504085],
      [0.0033625372513, 0.46484207373, 0.33089560773, 0.19581014008, 0.0050896412065],
      [0.0062618580241, 0.0072960654038, 0.88547458521, 0.046773807313, 0.054193684047],
      [0.070613979791, 0, 0.0085605444408, 0.92007454955, 0.00075092621936],
      [0.06672925316, 0.10690391743, 0.19151907422, 0.15701367935, 0.47783407584]
    ],
    [
      [0.077061812338, 0, 0, 0.92163049289, 0.0013076947738],
      [0.027428107207, 0.48414312092, 0.23679563789, 0.24371368993, 0.0079194440609],
      [0.052434635238, 0, 0.72498572741, 0.11959144269, 0.10298819466],
      [0.042364130314, 0, 0, 0.95192901309, 0.005706856596],
      [0.038550785279, 0.063427516324, 0.077974446936, 0.1109776314, 0.70906962006]
    ],
    [
      [0.079834585753, 0.0032991272959, 0, 0.91686628695, 0],
      [0.0036809330745, 0.67327731573, 0.14165697716, 0.17972359144, 0.0016611826024],
      [0.06756139877, 0.093779494082, 0.64111728157, 0.15797046576, 0.039571359819],
      [0.039963094121, 0.0071336649869, 0, 0.95290324089, 0],
      [0.086901706582, 0.26087660872, 0.12661893005, 0.22489421144, 0.3007085432]
    ],
    [
      [0.20043135463, 0.0032265676852, 0.021375435922, 0.77143268019, 0.0035339615671],
      [0.0049561609097, 0.63191027465, 0.23532521816, 0.123360435, 0.0044479112774],
      [0.0053828388719, 0.056264929728, 0.87641441315, 0, 0.061937818252],
      [0.15997532301, 0.007748826466, 0.056821880973, 0.76468408723, 0.010769882327],
      [0.12419819977, 0.16182760248, 0.16777478649, 0.10646360516, 0.4397358061]
    ],
    [
      [0.10370389481, 0, 0.0093427374756, 0.88695336772, 0],
      [0.0042795489564, 0.53961285145, 0.25409797483, 0.20106247454, 0.00094715023257],
      [0.021860338249, 0.034568763196, 0.83090293706, 0.096817314706, 0.015850646788],
      [0.079914124262, 0, 0.016791565749, 0.90329430999, 0],
      [0.11414293739, 0.19607733633, 0.21866603386, 0.24270386367, 0.22840982875]
    ],
    [
      [0.077631759561, 0.0013267183039, 0.0027147404186, 0.91832678172, 0],
      [0.0017319495802, 0.64991561027, 0.21461181392, 0.13374062623, 0],
      [0.0038906377972, 0.051440407845, 0.90044708415, 0.044221870205, 0],
      [0.059122363092, 0.0019652173415, 0.054060267386, 0.88485215218, 0],
      [0.096259723543, 0.32222719643, 0.2999539284, 0.28155915163, 0]
    ],
    [
      [0.063304148741, 0, 0, 0.93669585126, 0],
      [0.0036982226387, 0.65379886241, 0.1300301083, 0.21222888487, 0.00024392177706],
      [0.14157966171, 0.082068547398, 0.55897328125, 0.2081658969, 0.0092126127453],
      [0, 0, 0, 1, 0],
      [0.099358811346, 0.30509637582, 0.14562248778, 0.31021897491, 0.13970335013]
    ],
    [
      [0.08717004041, 0, 0, 0.91282995959, 0],
      [0.0052125443448, 0.54141117417, 0.21400102555, 0.23850461666, 0.0008706392703],
      [0.080940366812, 0.033814881424, 0.71334890141, 0.15596028224, 0.01593556812],
      [0.042664589592, 0, 0, 0.95733541041, 0],
      [0.11834934259, 0.19997035695, 0.18495999817, 0.28125260378, 0.21546769851]
    ],
    [
      [0.096363478699, 0, 0, 0.9036365213, 0],
      [0.0054645464175, 0.58697160842, 0.18125983951, 0.22437134372, 0.0019326619296],
      [0.11158504398, 0.052328177702, 0.63900873912, 0.16230673173, 0.034771307465],
      [0.045225523207, 0, 0, 0.95477447679, 0],
      [0.11265302239, 0.19540395122, 0.13894061142, 0.24160151535, 0.31140089962]
    ],
    [
      [0.075391984831, 0, 0, 0.92460801517, 0],
      [0.0041133196882, 0.53025387108, 0.22438731198, 0.23867271978, 0.0025727774649],
      [0.038919729759, 0.038746701644, 0.7353018554, 0.14523589968, 0.041795813514],
      [0.043812989036, 0, 0, 0.95618701096, 0],
      [0.07946560725, 0.16429779716, 0.16178279559, 0.23631856414, 0.35813523585]
    ],
    [
      [0.085948154432, 0.0041141768675, 0.0037941409354, 0.90572225962, 0.00042126814283],
      [0.0027321432328, 0.63987947628, 0.18959569291, 0.16532369807, 0.0024689895037],
      [0.0085458215963, 0.080451278873, 0.77641981149, 0.092367333606, 0.042215754436],
      [0.069195885798, 0.012724570827, 0.0074244581379, 0.90886213714, 0.001792948093],
      [0.073760337443, 0.23549025697, 0.16140361763, 0.19774150492, 0.33160428304]
    ],
    [
      [0.083714851721, 0.0050554846255, 0.0021153032089, 0.90911436044, 0],
      [0.0020682624989, 0.66834981785, 0.17741094718, 0.15145098037, 0.00071999210652],
      [0.0072505950083, 0.10558760066, 0.77965636302, 0.08707065329, 0.020434788017],
      [0.067175277484, 0.013785097197, 0.00054344056506, 0.91849618475, 0],
      [0.082030420026, 0.30456633633, 0.18657390521, 0.22704314508, 0.19978619335]
    ],
    [
      [0.11080507807, 0.0034181908876, 0.0038744254909, 0.88098511869, 0.00091718685632],
      [0.0036335710058, 0.63091825113, 0.19732139164, 0.16457060257, 0.0035561836459],
      [0.010651416674, 0.078773275406, 0.77616971039, 0.081816726389, 0.052588871138],
      [0.089947788989, 0.01026692273, 0.0078558209453, 0.88800200242, 0.003927464913],
      [0.089053454818, 0.21485805734, 0.1538331502, 0.1797359745, 0.36251936314]
    ],
    [
      [0.13548066866, 0.0043802250729, 0.0044334661648, 0.85393364823, 0.0017719918753],
      [0.0041747006694, 0.64823748699, 0.19244979945, 0.15092954537, 0.0042084675251],
      [0.01200689624, 0.086422015935, 0.77613634317, 0.065999570223, 0.05943517443],
      [0.11059362189, 0.011312986499, 0.0078482135065, 0.86446299688, 0.0057821812197],
      [0.10217800272, 0.2187326425, 0.14881722638, 0.16083410527, 0.36943802313]
    ],
    [
      [0, 0, 0.0017086956296, 0.99829130437, 0],
      [0, -0, 0.75609074027, 0.24390925973, 0],
      [0, 0, 1, 0, 0],
      [0, 0, 0.21380568177, 0.78619431823, 0],
      [0, 0, 0.78619431823, 0.21380568177, 0]
    ]
  ],
  "expected_outcome": [
    [
      [0.59290642434, 0.41448384129, 2.369596436, 0, 5.150890042, 0.32682065159, 1.9518223922, 4.7817275925, 5.8255381264, 12.6846695824, 39.4940393856, 44.2377656172, 3.5019615304, 0, 3.2201794578, 0.47723827838, 0, 7.8765261179, 36.4783495937, 2.4689500922, 1.521713707, 1.0780198174, 0.201688667, 0.37386891786, 0.29053019071, 2.3971078997, 16.4257468376, 0.21715202141, 1.4509612579, 2.6937585705, 1.4112686263, 34.6356085187, 54.9922877116, 21.2417828472, 1.1180782699, 1.1975023986, 0, 0.64838970253, 0.16451701033, 0, 2.027402334, 4.4339515982, 1.292998602, 2.539395692, 1.0180073928, 0.96367938381, 0.98561903627, 4.9872431421, 5.0897578794, 3.3435736812, 10.7640068111, 2.4100183955, 0, 0.65362046781, 7.4355244782, 4.9331525546, 0, 0, 1.0861683117, 0.80592647203, 0.17876617158, 0.38530906169, 4.0715638734, 1.0021567732, 2.696301265, 0, 3.4817281808, 6.1890728691, 8.8654400403, 5.8805748168, 3.3519780229, 8.8737742825, 33.3523284993, 24.6574816955, 0],
      [0.013339024033, 0.058365887699, 0.061358304348, 0.17982732786, 0, 0.022642667462, 0, 0, 0.071964455357, 0, 0, 0.4628410211, 0, 0, 0, 0, 0, 0.088116962999, 0.51297305719, 0, 0.016323489019, 0.03789477423, 0, 0.0055425082388, 0.030424271229, 0.086527652175, 0.46768483303, 0, 0, 0, 0.012564831095, 0, 0, 0, 0, 0.01775978881, 0, 0, 0, 0, 0, 0, 0, 0, 0.0052541949644, 0.0040240922606, 0.00097031338092, 0, 0.054057429353, 0.049156690792, 0, 0, 0, 0, 0.035123630853, 0, 0, 0, 0.064529744906, 0.089437831062, 0, 0, 0.16825549209, 0.016132838426, 0, 0, 0, 0, 0, 0, 0.16045289783, 0.53588137031, 1.0288754572, 0.79720096327, 0],
      [0, 0.018998994305, 0.035587637298, 0, 0.12091299624, 0.0061779451831, 0.21487790847, 0, 0.61041516337, 0.6113511544, 0, 0.90081650151, 0, 0, 0, 0.08881646761, 0, 0, 1.311711975, 0, 0.072378187603, 0, 0.0083669472729, 0.03695370716, 0, 0.096073039507, 0, 0, 0.089152629715, 0.63368568705, 0, 0, 0, 0.18820994747, 0, 0.16207340931, 0, 0.0088741346473, 0, 0, 0, 0, 0, 0, 0.07421859908, 0.07347411091, 0.033921048418, 0, 0, 0, 0, 0, 0, 0.082457000237, 0, 0, 0, 0, 0.1462793764, 0, 0.013130225869, 0, 0, 0.10687717961, 0.24291117437, 0, 0, 0, 0, 0, 0.14797149648, 0.22422214015, 1.1662020728, 0.806890842, 0],
      [3.3937545516, 7.5081512767, 16.5334576223, 2.8201726721, 17.7164033948, 1.6443587358, 11.8332996993, 65.2182724075, 80.4810604584, 101.7039792632, 434.5059606144, 385.3404042451, 18.4980384696, 1, 13.7798205422, 3.433945254, 0, 47.0353569191, 341.6969653741, 24.5310499078, 7.3810497113, 7.8840854084, 0.78994438572, 4.5836348667, 3.6790455381, 23.4202914086, 117.1065683294, 3.7828479786, 11.4598861124, 24.6061964582, 6.5739143395, 404.3643914813, 445.0077122884, 206.5700072053, 21.8819217301, 3.6226644033, 0, 2.3427361628, 0.83548298967, 0, 30.972597666, 48.5660484018, 22.707001398, 29.460604308, 10.9017221728, 8.958822413, 4.9794896019, 88.0127568579, 60.8561846912, 47.607269628, 100.2359931889, 37.5899816045, 0, 4.2635249751, 55.5293518909, 48.0505929894, 0, 0, 4.6757441011, 3.1046356969, 1.8075220125, 4.6081524644, 46.7601806345, 3.857163401, 23.0607875606, 0, 51.5182718192, 64.8109271309, 83.1345599597, 72.1194251832, 35.3231681253, 96.3661222071, 265.176520727, 155.4159239779, 0],
      [0, 0, 0, 0, 0.011793567017, 0, 0, 0, 0.011021796399, 0, 0, 0.058172615033, 0, 0, 0, 0, 0, 0, 0, 0, 0.008534905105, 0, 0, 0, 0, 0, 0, 0, 0, 0.066359284279, 0.002252203109, 0, 0, 0, 0, 0, 0, 0, 0, 0, 0, 0, 0, 0, 0.00079764043934, 0, 0, 0, 0, 0, 0, 0, 0, 0.00039755683776, 0, 0.01625445605, 0, 0, 0.027278465874, 0, 0.00058159008169, 0.0065384738689, 0, 0.017669807835, 0, 0, 0, 0, 0, 0, 0.016429457571, 0, 0.27607324375, 0.32250252131, 0]
    ],
    [
      [0.094358365153, 0.0076298996592, 0.20343525651, 1.4176899035e-35, 0.29330769044, 0.0018143168908, 0.058705702548, 0.15526773546, 0.30812487699, 0.30384117119, 1.0236037197, 1.238354647, 0.072306866901, 0, 0.041014458694, 0.0043857722505, 0.02022536516, 0.20269460345, 0.76052750631, 0.065133593248, 0.026529715905, 0.042813848051, 0.21658060367, 0.017385509805, 0.0039636223356, 0.042481110316, 0.31343588574, 0.0065031847575, 0.025856270794, 0.053488663282, 0.066408940397, 0.86894963648, 1.0436755666, 0.55468330024, 0.070318598427, 0, 0, 0.0080653966095, 0.021289083438, 0, 0.092337049468, 0.12382810789, 0.072450206589, 0.11594219859, 0.081476412955, 0.029939983748, 0.082200592408, 0.10065917301, 0.1003637099, 0.082727780018, 0.34835353741, 0.063835818209, 0, 0.020700777522, 0.22282478125, 0.10765211242, 0, 0, 0.014251324233, 0.030928825929, 0.023537760759, 0.10971242883, 0.069937728415, 0.0099123218195, 0.051354587477, 0.0034638991604, 0.12573956971, 0.17201396338, 0.15847184611, 0.1727594269, 0.090160726683, 0.44260817477, 1.1591091508, 0.66377740643, 0],
      [10.9247135445, 6.0761479099, 29.5033524416, 2.6394033266, 17.3932017162, 0.85316968393, 5.2780411636, 17.0518361971, 73.631696897, 30.69880066, 143.5995747624, 167.4705963881, 4.7595251231, 0.88847884368, 3.0255559942, 0.54758828327, 0, 20.5060584138, 119.4687747154, 8.3652618137, 2.9886698599, 7.032414213, 0.8272829372, 4.6666021475, 1.6554500145, 8.985379731, 41.1807100932, 1.0643655803, 3.4013651335, 7.2040425911, 5.1590681895, 104.2422937233, 116.8410394966, 66.3313575465, 15.2750303581, 0, 0, 0.62081341759, 0, 0, 11.4655406572, 14.0618888582, 14.2019995797, 14.6228397497, 13.480740134, 4.108570456, 4.2505822202, 21.7032079728, 17.4530526004, 15.2872898252, 39.0926123605, 6.7538685028, 0, 2.6149498965, 24.0863789925, 13.977003974, 0, 0, 2.6327031854, 3.4017020173, 3.2538945161, 1.9365724837, 12.7922689988, 1.2638205493, 6.4753542173, 1.2998312205, 22.2291613218, 17.8665687478, 17.0221766441, 22.2706625856, 21.1160227171, 143.0268610196, 201.2629221121, 103.0697604307, 0],
      [2.1766893476, 1.5294109935, 9.7574339322, 0.23328109076, 7.0029968515, 0.083194918489, 3.4791656277, 7.814708306, 41.9171576945, 15.1479521249, 57.8325195737, 63.0651663545, 2.198676773, 0.026007289328, 1.0396184583, 0.27660989271, 0.761631979, 6.1555644053, 44.363716815, 3.3197128057, 1.2310741237, 1.3294595097, 0.61658124562, 1.9473607313, 0.1271642838, 2.6361147644, 10.5069323107, 0.41520531889, 1.4244964649, 4.6506921133, 1.3241221589, 46.7862855464, 39.7309088281, 30.4564486686, 6.7185220182, 0, 0, 0.2128322072, 0.48222448173, 0, 3.9672295967, 4.8598227047, 6.9051964542, 5.2465513522, 8.131618963, 2.2552444213, 4.2585354617, 7.1818379113, 5.5461432748, 4.3145381204, 12.0928503558, 4.5283027879, 0, 1.4749778139, 8.3823538715, 5.4852675862, 0, 0.97337905243, 0.88156524232, 0.077018149948, 2.3162692541, 0.94718255154, 2.691482566, 0.47065043633, 3.049175698, 0.42922362784, 4.4210236823, 7.0620338431, 5.2565353459, 9.4242671031, 6.2566578661, 37.9659426959, 62.9455239338, 30.599518112, 0],
      [3.8042387428, 1.3868111969, 8.4827163861, 0.12731558266, 5.221495678, 0.061821080692, 2.1840875061, 8.956227848, 25.6879151897, 12.7341295979, 57.1272047681, 57.5428125521, 1.953455454, 0.085513866989, 0.8895450335, 0.17057848196, 0.21814265584, 6.0878296233, 39.1797300655, 3.2141321052, 0.73566094729, 1.5953124292, 0.33955521351, 1.3547547754, 0.21342207937, 2.3149165892, 10.9535084674, 0.51073427187, 1.1429709225, 3.0102362099, 1.4283476606, 48.6583808256, 41.0822776637, 28.3660135846, 6.9196393039, 0, 0, 0.15828897861, 0.48927615147, 0, 5.4534424797, 5.9301830532, 6.8112613099, 6.007123134, 5.2216529752, 1.5892445053, 2.3870419107, 7.9948058211, 5.8650109639, 5.2422837733, 14.3569757268, 4.627664511, 0, 0.87619227111, 8.2195689623, 5.3548691965, 0, 0, 0.44976515999, 0.49035100685, 1.3706709805, 0.97485475971, 3.4147482374, 0.24672086999, 2.4127496944, 0.26748125246, 7.2157820857, 7.8706523499, 6.5067689679, 10.024254231, 5.4556820365, 32.4105097989, 52.4980222203, 23.9977977144, 0],
