{
  "X": [
    [55, 61, 64, 338, 13],
    [81, 139, 126, 728, 17],
    [27, 47, 29, 190, 5],
    [140, 233, 249, 1053, 44],
    [74, 150, 136, 756, 17],
    [108, 136, 171, 730, 22],
    [151, 149, 190, 922, 13],
    [56, 44, 110, 340, 11],
    [114, 130, 207, 739, 25],
    [147, 195, 234, 1030, 25],
    [133, 131, 172, 689, 21],
    [5, 10, 10, 45, 0],
    [2, 0, 6, 11, 0],
    [18, 26, 34, 194, 2],
    [54, 65, 157, 350, 6],
    [60, 42, 72, 221, 7],
    [23, 19, 42, 106, 2],
    [31, 25, 39, 250, 5],
    [85, 135, 142, 610, 24],
    [4, 1, 4, 32, 0],
    [2, 4, 6, 22, 1],
    [95, 97, 122, 512, 13],
    [65, 35, 78, 276, 5],
    [11, 7, 6, 36, 1],
    [7, 10, 9, 30, 5],
    [144, 194, 235, 894, 12],
    [166, 199, 237, 841, 22],
    [232, 215, 239, 784, 17],
    [617, 928, 1421, 5135, 150],
    [113, 106, 99, 518, 16],
    [292, 314, 246, 1262, 52],
    [94, 68, 31, 313, 3]
  ],
  "W": [
    [27, 51, 49, 352, 27, 25],
    [51, 68, 132, 742, 53, 45],
    [12, 18, 47, 198, 9, 14],
    [113, 110, 237, 1078, 68, 113],
    [66, 60, 139, 778, 51, 39],
    [57, 85, 146, 732, 93, 54],
    [87, 126, 144, 934, 74, 60],
    [62, 40, 51, 354, 36, 18],
    [95, 91, 153, 755, 90, 31],
    [85, 114, 206, 1077, 53, 96],
    [77, 104, 132, 690, 94, 49],
    [3, 1, 8, 47, 7, 4],
    [4, 3, 0, 11, 1, 0],
    [13, 16, 29, 203, 4, 9],
    [77, 42, 72, 390, 33, 18],
    [31, 36, 65, 237, 20, 13],
    [16, 19, 26, 120, 5, 6],
    [12, 28, 37, 254, 16, 3],
    [57, 88, 119, 633, 49, 50],
    [2, 5, 2, 27, 1, 4],
    [4, 5, 3, 20, 2, 1],
    [40, 80, 110, 551, 35, 23],
    [31, 41, 47, 304, 18, 18],
    [3, 7, 7, 35, 7, 2],
    [3, 5, 11, 36, 3, 3],
    [118, 120, 188, 935, 84, 34],
    [98, 153, 206, 888, 76, 44],
    [105, 180, 214, 825, 135, 28],
    [652, 509, 896, 5339, 593, 262],
    [55, 94, 115, 507, 46, 35],
    [113, 251, 273, 1285, 145, 99],
    [11, 115, 56, 298, 9, 20]
  ],
  "method": "mvn_pdf",
  "cond_prob": [
    [
      [0.00065984945011, 0.012173130956, 0.92659534763, 0.059151275253, 0.0014203967113],
      [0.7316506424, 0.14332941145, 0.00093016883071, 0.12373958482, 0.00035019249059],
      [0.16469136758, 0.4501016112, 0.10625734593, 0.23938817415, 0.039561501147],
      [0.015303963434, 0.056527283543, 0.075568025577, 0.8391487085, 0.013452018949],
      [0.13942773558, 0.19263752207, 0.25500580345, 0.340893885, 0.072035053896],
      [0.013285184001, 0.23671987088, 0.014459172708, 0.55660877836, 0.17892699405]
    ],
    [
      [0.00057489633765, 0.013099097165, 0.92058325441, 0.064835933653, 0.00090681843815],
      [0.68371025993, 0.16734234684, 0.0010169961032, 0.14768704409, 0.00024335302658],
      [0.14015315992, 0.47302105018, 0.10460585461, 0.25750908054, 0.024710854751],
      [0.012376393067, 0.056463664552, 0.070397631112, 0.8527953973, 0.0079669139649],
      [0.12075430712, 0.20631243151, 0.25471138142, 0.37258559739, 0.045636282565],
      [0.011534612593, 0.25348286886, 0.014480819361, 0.60807240973, 0.11242928946]
    ],
    [
      [0.00087438017805, 0.017337471849, 0.9138296685, 0.066972355109, 0.00098612436485],
      [0.74135439576, 0.15313309111, 0.00067625042204, 0.104654331, 0.00018193170776],
      [0.17342273237, 0.50943378159, 0.081587354093, 0.2138613262, 0.021694805747],
      [0.017850315984, 0.070876228252, 0.06472477279, 0.83832495407, 0.0082237289083],
      [0.16220292447, 0.2402475858, 0.21688315102, 0.33696842335, 0.043697915366],
      [0.015655887785, 0.30066191133, 0.012492686363, 0.56060357937, 0.11058593516]
    ],
    [
      [0.00055382949926, 0.011354400296, 0.93476738371, 0.052168658875, 0.0011557276215],
      [0.71204008505, 0.15740009957, 0.0011252071726, 0.12909771829, 0.00033688991508],
      [0.15163841471, 0.46021184064, 0.11977285835, 0.23297578347, 0.035401102819],
      [0.014391055828, 0.059071082813, 0.086529082242, 0.82775323244, 0.012255546681],
      [0.12743384514, 0.19592699015, 0.2842588919, 0.32864539384, 0.063734878971],
      [0.01265924768, 0.25015653914, 0.016804596711, 0.55729329329, 0.16308632319]
    ],
    [
      [0.00058723340118, 0.014892281292, 0.91517748017, 0.068364418848, 0.00097858629242],
      [0.66786760985, 0.18196915986, 0.00096745032377, 0.14894459437, 0.00025118559695],
      [0.13214877746, 0.496532251, 0.096035699655, 0.25066414719, 0.024619124691],
      [0.011987375231, 0.060870834705, 0.066385655702, 0.85260381658, 0.0081523177836],
      [0.11710122037, 0.22270699831, 0.24045217708, 0.37297781936, 0.046761784884],
      [0.0109413477, 0.26763726873, 0.013374213779, 0.59536797457, 0.11267919522]
    ],
    [
      [0.00050832730718, 0.0088919139527, 0.93973174239, 0.050090857708, 0.00077715863986],
      [0.72500658398, 0.13640252918, 0.0012483272111, 0.13709201853, 0.00025054110011],
      [0.16052715786, 0.41569090733, 0.13851649173, 0.25782739942, 0.02743804367],
      [0.013906741644, 0.048706176655, 0.091409559127, 0.83730110515, 0.0086764174235],
      [0.12797958797, 0.16784855526, 0.31211700305, 0.34517407473, 0.046880778998],
      [0.013362802366, 0.2253724642, 0.019386788916, 0.61565218729, 0.12622575723]
    ],
    [
      [0.00071344299175, 0.01053955385, 0.9279807772, 0.060183092692, 0.00058313326561],
      [0.75620448882, 0.12023497817, 0.00091773170662, 0.12250298395, 0.00013981735253],
      [0.19014187543, 0.41565031701, 0.11549471934, 0.26135242094, 0.017360667269],
      [0.01654674931, 0.048936147174, 0.076577278239, 0.85242241655, 0.0055174087265],
      [0.15805337872, 0.17501473876, 0.27124012214, 0.36477803826, 0.030913722123],
      [0.016467855808, 0.23451133245, 0.016824314844, 0.64926404176, 0.082932455145]
    ],
    [
      [0.00067314053126, 0.0074264922095, 0.94183264089, 0.049106170685, 0.00096155568729],
      [0.79654647143, 0.092916391123, 0.0010076913871, 0.10927724567, 0.00025220038984],
      [0.2167605353, 0.35315789096, 0.13948135352, 0.25610963003, 0.034490590198],
      [0.018743719621, 0.041392846994, 0.092404214608, 0.83652920293, 0.010930015848],
      [0.16721375658, 0.13790323947, 0.3051889964, 0.33247560383, 0.057218403717],
      [0.017928177626, 0.19088206489, 0.019483858055, 0.61163762625, 0.16006827318]
    ],
    [
      [0.00051686005475, 0.0086405345247, 0.93905807761, 0.050741770896, 0.0010427569176],
      [0.72970631177, 0.13123338183, 0.0012354293624, 0.1374920618, 0.00033281523037],
      [0.16263817939, 0.40246459902, 0.13796056414, 0.26023605827, 0.036700599178],
      [0.013964030252, 0.046736494214, 0.090231206637, 0.83757120993, 0.011497058963],
      [0.12785101178, 0.16024575608, 0.30650195479, 0.34354252739, 0.06185874996],
      [0.012998629794, 0.20948290115, 0.018539501235, 0.59658113404, 0.16239783378]
    ],
    [
      [0.00054640768596, 0.00910473111, 0.94373319329, 0.045989281708, 0.00062638620931],
      [0.74450160639, 0.13362901663, 0.0012019487301, 0.12047413323, 0.00019329502305],
      [0.17319941016, 0.4270697096, 0.13987929056, 0.23765608834, 0.022195501334],
      [0.016039584368, 0.053507713045, 0.098645820517, 0.82430430223, 0.0075025798386],
      [0.14066712931, 0.17572702746, 0.32094862508, 0.32404410904, 0.038613109109],
      [0.015427068374, 0.24777289514, 0.020944423925, 0.60681534752, 0.10904026505]
    ],
    [
      [0.00070649673683, 0.010243516284, 0.93316534448, 0.055005174655, 0.00087946784914],
      [0.76528023113, 0.11929313241, 0.00094072501523, 0.11427069905, 0.00021521239672],
      [0.19346246798, 0.41510869892, 0.11916073314, 0.24535793426, 0.026910165694],
      [0.017645147827, 0.051219367035, 0.082833525889, 0.83933927368, 0.0089626855734],
      [0.15985968219, 0.17372227187, 0.27827991239, 0.34047537192, 0.047662761623],
      [0.016637492951, 0.23258199875, 0.017239067559, 0.60554413476, 0.12799730598]
    ],
    [
      [0.00072030963449, 0.011467915644, 0.94114374138, 0.046451176003, 0.00021685734073],
      [0.81096611812, 0.11075446394, 0.00068276745451, 0.077553493583, 4.315689491e-05],
      [0.20521420469, 0.48125880128, 0.10521119457, 0.20188413098, 0.0064316684736],
      [0.020465247669, 0.065565727087, 0.085364100839, 0.82609125673, 0.0025136676737],
      [0.18495069461, 0.21478755476, 0.27718553659, 0.3106026134, 0.012473600637],
      [0.019977056327, 0.31666015047, 0.018133717186, 0.60910073459, 0.036128341435]
    ],
    [
      [4.7384946027e-05, 0.00073235191063, 0.97727706003, 0.021937846089, 5.3570196541e-06],
      [0.67703521318, 0.059806461923, 0.0028692759042, 0.26028171521, 7.3337846765e-06],
      [0.063449566802, 0.14331491818, 0.34028693986, 0.45253625235, 0.00041232280263],
      [0.0027630962407, 0.0082490018825, 0.11478148357, 0.874103477, 0.00010294131224],
      [0.025754129173, 0.029651283103, 0.56893932906, 0.3754551678, 0.00020009085969],
      [0.0038104647975, 0.050510776969, 0.033208218617, 0.91246980196, 7.376574903e-07]
    ],
    [
      [0.0004401742871, 0.0087642042793, 0.93372833818, 0.056608895825, 0.00045838742644],
      [0.69382570896, 0.14239956002, 0.0012607201648, 0.16235880267, 0.00015520818917],
      [0.14112845839, 0.41633978906, 0.13425166589, 0.29201145425, 0.016268632412],
      [0.010916789733, 0.043517626442, 0.080017838802, 0.86090703607, 0.0046407089552],
      [0.11178927886, 0.16634580138, 0.30361384344, 0.39050162495, 0.027749451371],
      [0.011294802587, 0.21773859749, 0.018202197579, 0.67957459542, 0.073189806916]
    ],
    [
      [0.0003460772723, 0.0057421384217, 0.96496443127, 0.028612714901, 0.00033463813924],
      [0.74876647919, 0.13208813739, 0.001900863437, 0.11708312194, 0.00016139803804],
      [0.16144385845, 0.39647588411, 0.20796944015, 0.21671508414, 0.017395733148],
      [0.015354937082, 0.051008168801, 0.15116050167, 0.77641803395, 0.0060583584931],
      [0.11923570978, 0.14817207691, 0.43580767501, 0.26921797692, 0.027566561383],
      [0.015664695303, 0.25095700448, 0.033976224076, 0.60555274612, 0.093849330023]
    ],
    [
      [0.00089782216962, 0.0071819512374, 0.95210975619, 0.039126881253, 0.00068358915279],
      [0.85726951803, 0.072054412102, 0.00080977071297, 0.069722621403, 0.00014367775434],
      [0.28993253502, 0.34172670279, 0.1399658889, 0.20387058926, 0.024504284027],
      [0.030019959347, 0.048052314889, 0.11140212998, 0.80119581717, 0.0093297786123],
      [0.23065710603, 0.13762799585, 0.31658099195, 0.2731854968, 0.041948409368],
      [0.028824568923, 0.22262089373, 0.023549127914, 0.5875374395, 0.13746796994]
    ],
    [
      [0.00032779142274, 0.0042764140382, 0.97154154012, 0.023591243351, 0.00026301106413],
      [0.79108540659, 0.10502095229, 0.0019343020153, 0.10182520308, 0.00013413602272],
      [0.18299867939, 0.35224884637, 0.23819753144, 0.21039002256, 0.016164920236],
      [0.017168677176, 0.044811251967, 0.17306978003, 0.75932736027, 0.0056229305621],
      [0.12709299281, 0.12350995377, 0.47760407946, 0.2475587356, 0.024234238358],
      [0.018317676322, 0.2316229838, 0.040373693874, 0.61689713356, 0.09278851244]
    ],
    [
      [0.00050069196618, 0.0073153989111, 0.92637766658, 0.064895783607, 0.00091045893848],
      [0.71634188262, 0.10970315174, 0.0011713360537, 0.17249835932, 0.00028527027427],
      [0.15872965163, 0.3429790432, 0.13353062069, 0.33258991825, 0.032170766228],
      [0.011040915414, 0.032286073004, 0.071273245156, 0.87720134726, 0.0081984191616],
      [0.11826640657, 0.12920059596, 0.28303523271, 0.41778954126, 0.051708223505],
      [0.011275194244, 0.15902723384, 0.016034043809, 0.68422975863, 0.12943376947]
    ],
    [
      [0.00042316846257, 0.01112625387, 0.93766586789, 0.049639959727, 0.0011447500554],
      [0.66224534474, 0.18716177894, 0.0013613784874, 0.14882717428, 0.00040432355124],
      [0.12280557523, 0.47855658585, 0.12672805173, 0.23474050052, 0.037169286671],
      [0.011506349826, 0.060575904051, 0.090462301118, 0.82474960492, 0.012705840082],
      [0.10256278867, 0.20229644208, 0.29929301447, 0.32926991683, 0.066577837943],
      [0.010030503731, 0.25439341975, 0.017399000312, 0.54995024711, 0.1682268291]
    ],
    [
      [0.00026841185065, 0.0037298448622, 0.921478235, 0.074355888072, 0.00016762021647],
      [0.67853439751, 0.074121798436, 0.0011015322915, 0.24617621684, 6.6054920698e-05],
      [0.11865636419, 0.2397765691, 0.13603462576, 0.49790187011, 0.0076305708415],
      [0.0052837879901, 0.014620796132, 0.048865388179, 0.92988688009, 0.0013431476051],
      [0.075920817539, 0.077341995738, 0.2709019115, 0.56515451884, 0.010680756385],
      [0.0065276968261, 0.087393422782, 0.013116517856, 0.86986637681, 0.023095985729]
    ],
    [
      [0.00011212455619, 0.0073362445091, 0.93080608231, 0.060898118651, 0.00084742997434],
      [0.40909441423, 0.25231195634, 0.001828051205, 0.33621471859, 0.0005508596383],
      [0.040480434193, 0.44460599131, 0.11916738414, 0.35917513049, 0.036571059865],
      [0.0025494287377, 0.033475131569, 0.056825599087, 0.89916004517, 0.0079897954324],
      [0.03034497392, 0.15849020077, 0.27479839098, 0.47273946627, 0.063626968052],
      [0.0025457056348, 0.16436540195, 0.012207332551, 0.66125557314, 0.15962598672]
    ],
    [
      [0.00054681996625, 0.0085837993705, 0.94650990472, 0.043635123208, 0.0007243527346],
      [0.75625423746, 0.12716143387, 0.001207246596, 0.11515185393, 0.00022522814144],
      [0.17945197053, 0.41691725951, 0.14416758241, 0.2329159983, 0.026547189247],
      [0.016784084688, 0.052744093154, 0.10289010433, 0.81850847865, 0.0090732391794],
      [0.14391091508, 0.16927083918, 0.32725747518, 0.3138830055, 0.045677765065],
      [0.015871116905, 0.24031124118, 0.021458477691, 0.59195009089, 0.13040907333]
    ],
    [
      [0.00099589871956, 0.0062251618078, 0.95428589762, 0.038048596454, 0.00044444539838],
      [0.87914244813, 0.057545298588, 0.00074917065788, 0.062477016185, 8.606643617e-05],
      [0.33112022627, 0.30435458586, 0.1444336264, 0.20374505261, 0.016346508866],
      [0.034298615603, 0.042894767915, 0.11517101913, 0.80139246867, 0.0062431286811],
      [0.25981982561, 0.12097296918, 0.32228423154, 0.26935127593, 0.027571697744],
      [0.035207997546, 0.21244438234, 0.026032176252, 0.62867242339, 0.097643020468]
    ],
    [
      [0.0016420580193, 0.013859573331, 0.90864092898, 0.075139945257, 0.00071749440915],
      [0.87298701784, 0.065583178422, 0.00031309195682, 0.061047561573, 6.9150213747e-05],
      [0.31538581162, 0.38714852906, 0.065677873559, 0.21744413666, 0.014343649101],
      [0.030030187912, 0.050633252016, 0.051419887747, 0.86258253054, 0.0053341417835],
      [0.28542221172, 0.17462576245, 0.17337168962, 0.33803052905, 0.028549807166],
      [0.029373750828, 0.24344003787, 0.010973763241, 0.63337571462, 0.082836733438]
    ],
    [
      [0.00053376669362, 0.010520941998, 0.94333795812, 0.032609008868, 0.012998324316],
      [0.78210788302, 0.13973181169, 0.00088715414099, 0.073775197541, 0.0034979536052],
      [0.11919594101, 0.35090239283, 0.080527561914, 0.11209550759, 0.33727859666],
      [0.017001250955, 0.0672033328, 0.092356206162, 0.6495150662, 0.17392414388],
      [0.078886895236, 0.11533602447, 0.15702282668, 0.12713050725, 0.52162374637],
      [0.0035285815832, 0.068380276329, 0.0041292525204, 0.1000520798, 0.82390980977]
    ],
    [
      [0.00061082813153, 0.012170593658, 0.93266994792, 0.053991672998, 0.00055695728994],
      [0.72132646434, 0.15489015004, 0.0010295548243, 0.12260485275, 0.00014897804749],
      [0.16110994241, 0.47531931834, 0.11499521748, 0.23215802659, 0.016417495184],
      [0.015436870796, 0.061578701682, 0.083912525696, 0.8333298307, 0.0057420711286],
      [0.13990168485, 0.20903404873, 0.28207579836, 0.33845131413, 0.03053715393],
      [0.014633051516, 0.2810976123, 0.017558966504, 0.60449714675, 0.082213222924]
    ],
    [
      [0.00049460242541, 0.0098889163217, 0.94508845395, 0.043823679008, 0.00070434829548],
      [0.72031705444, 0.15533178184, 0.0012871442922, 0.12283148664, 0.00023253279076],
      [0.15484778104, 0.45843081526, 0.13832595768, 0.22373311649, 0.024662329531],
      [0.015038151795, 0.060194063231, 0.10227334093, 0.81375657826, 0.0087378657794],
      [0.12836204163, 0.19248358268, 0.32397798513, 0.31137227602, 0.043804114547],
      [0.013893428481, 0.26777478629, 0.020855625549, 0.57531051952, 0.12216564016]
    ],
    [
      [0.00084168088913, 0.012216679902, 0.93899550464, 0.04730232227, 0.0006438123018],
      [0.78988160566, 0.12368328595, 0.00082499543529, 0.085473098032, 0.00013701492008],
      [0.21405054257, 0.45988510963, 0.11165224878, 0.19611386031, 0.018298238711],
      [0.023521647758, 0.068347779219, 0.093438209924, 0.80735315035, 0.0073392127493],
      [0.1892940261, 0.20600736976, 0.27888770771, 0.2911460317, 0.034664864739],
      [0.021344297296, 0.29864920055, 0.018717197738, 0.56061290947, 0.10067639494]
    ],
    [
      [0.00045792421719, 0.0095265679911, 0.93959096541, 0.049538719521, 0.00088582286035],
      [0.69557796703, 0.15690440233, 0.0013521665122, 0.14585833717, 0.00030712695142],
      [0.14225404274, 0.43802679041, 0.13744243943, 0.25146597052, 0.030810756904],
      [0.012609239036, 0.052517603518, 0.092582128082, 0.83234023954, 0.0099507898201],
      [0.11474976266, 0.17911229383, 0.31267959133, 0.3402687099, 0.053189642272],
      [0.011749636873, 0.23543400438, 0.019058450287, 0.59395047719, 0.13980743127]
    ],
    [
      [0.00095906951585, 0.01389888828, 0.91025548844, 0.073647442841, 0.0012391109246],
      [0.7672935606, 0.11923043637, 0.00067291307062, 0.11257992881, 0.00022316115753],
      [0.2008733348, 0.43078343577, 0.088464635669, 0.25089719755, 0.028981396207],
      [0.018272856309, 0.053009103552, 0.061418787155, 0.85766490854, 0.0096343444403],
      [0.17424614545, 0.18917879496, 0.21698348612, 0.36565405529, 0.053937518184],
      [0.016772366586, 0.23440995754, 0.012440675658, 0.60207148809, 0.13430551212]
    ],
    [
      [0.00091980227046, 0.015964069675, 0.91742175523, 0.064170233837, 0.0015241389874],
      [0.75554607764, 0.14172775698, 0.00070844962425, 0.10173313883, 0.00028457692769],
      [0.18655556143, 0.47929926594, 0.087201382526, 0.21235747507, 0.034586315024],
      [0.0194935788, 0.067733869666, 0.069341158592, 0.83025202755, 0.013179365394],
      [0.16867779021, 0.21956851203, 0.22253857368, 0.32223064976, 0.066984474329],
      [0.016304287569, 0.27269573496, 0.012807245654, 0.53152079772, 0.1666719341]
    ],
    [
      [0.00073524281948, 0.015332825022, 0.9008930356, 0.082396079597, 0.00064281696485],
      [0.6955487334, 0.15535554154, 0.00077333005384, 0.14818617656, 0.00013621844485],
      [0.15221051155, 0.47084096697, 0.085316609597, 0.27680957311, 0.014822338773],
      [0.012761748433, 0.053256365838, 0.0546805812, 0.87475133034, 0.0045499741934],
      [0.13474039506, 0.21067655879, 0.21417108286, 0.41224146505, 0.028170498239],
      [0.012525691273, 0.25213064479, 0.011828774657, 0.65590187315, 0.067613016132]
    ]
  ],
  "expected_outcome": [
    [
      [0.017815935153, 0.02931971322, 0.010492562137, 0.062582733417, 0.038757404478, 0.028974656509, 0.062069540282, 0.041734712938, 0.049101705201, 0.046444653307, 0.054400248736, 0.0021609289035, 0.00018953978411, 0.0057222657323, 0.026647949967, 0.027832487258, 0.0052446627638, 0.0060083035941, 0.024120602366, 0.0005368237013, 0.00044849822478, 0.02187279865, 0.030872860307, 0.004926174058, 0.0016013000809, 0.07207771952, 0.04847103769, 0.088376493358, 0.29856658961, 0.052748823371, 0.10393765656, 0.0080876710143],
      [0.32867453582, 0.66805395541, 0.20804966219, 1.2830472335, 0.98289056528, 0.5068390953, 0.91694118492, 0.46044251699, 0.82085077985, 0.77390214435, 0.78875075384, 0.034403746931, 0.0029294076425, 0.11393465563, 0.44214465847, 0.22264048836, 0.068422624612, 0.087784786933, 0.6341964706, 0.0074596897244, 0.029344978036, 0.34335197482, 0.19298001604, 0.041578719992, 0.031562825994, 1.4361300516, 0.96911379952, 1.2827513897, 6.2113223302, 0.7644388554, 1.8039398733, 0.16866107525],
      [25.018074386, 46.9497459747, 10.965956022, 105.628714359, 60.401713691, 53.5647093164, 80.7343276165, 58.393623735, 89.2105173727, 80.2173214294, 71.8537315246, 2.8234312241, 3.9091082401, 12.1384683964, 74.3022612075, 29.5154024418, 15.544664642, 11.1165319989, 53.4469544695, 1.84295647, 3.7232243292, 37.8603961888, 29.5828628262, 2.725922787, 2.8300138744, 110.0550538549, 92.6186684871, 98.5945279869, 612.6133094476, 50.0640518641, 103.6686583409, 9.9098233916],
      [1.5970844318, 3.3066326163, 0.8036682613, 5.8950584528, 4.5120516439, 2.8551788894, 5.2359290642, 3.0445825825, 4.8204682351, 3.9090889452, 4.2353984484, 0.13935352801, 0.087751384356, 0.73591564573, 2.2031790474, 1.2129333188, 0.37745989361, 0.77874940328, 2.8294777044, 0.14871177614, 0.2435924746, 1.7454049283, 1.1795064901, 0.22541983577, 0.097827026605, 6.3710174138, 4.2947205428, 4.9667438384, 32.2992451276, 4.0506093562, 7.2512364236, 0.90635687557],
      [0.038350711205, 0.046247740346, 0.011833492378, 0.13059722122, 0.0645866953, 0.044298042472, 0.050732594108, 0.059616452612, 0.099061907168, 0.053242827791, 0.067719024384, 0.00065057202219, 2.1428078617e-05, 0.0059590365437, 0.025767136721, 0.021191263736, 0.0042081770261, 0.010925507262, 0.06525075316, 0.00033524043294, 0.0033897198974, 0.028974109384, 0.01377780735, 0.0021524832275, 0.038994972949, 0.065720960212, 0.069026132957, 0.067600291689, 0.57755650495, 0.068151100855, 0.17222770557, 0.0070709866134]
    ],
    [
      [37.3141827625, 46.4922976756, 13.3443791237, 78.3244093558, 40.0720565908, 61.6255596384, 95.2817655909, 31.8618588572, 66.4032743711, 84.8731831285, 79.5891440373, 0.81096611812, 2.0311056395, 11.1012113433, 31.4481921262, 30.861702649, 15.0306227252, 20.0575727133, 58.2775903374, 3.3926719875, 2.0454720711, 60.5003389971, 36.0448403734, 6.1109091248, 3.9105394151, 86.5591757204, 110.2085093294, 142.1786890185, 354.0491852195, 72.125594696, 189.6420654886, 79.9881043413],
      [7.3097999841, 11.3792795853, 2.75639564, 17.314010953, 10.9181495917, 11.5942149804, 15.1496072499, 3.7166556449, 11.9422377469, 15.2337078955, 12.4064857704, 0.11075446394, 0.17941938577, 2.2783929603, 5.5477017703, 2.5939588357, 1.9953980936, 3.0716882487, 16.4702365463, 0.37060899218, 1.2615597817, 10.1729147093, 2.3593572421, 0.45908224895, 0.69865905847, 18.5868180051, 23.7657626215, 22.2629914719, 79.8643407863, 11.2076610188, 35.5736670009, 17.865887277],
      [0.047438610366, 0.06915573502, 0.012172507597, 0.12377278898, 0.058047019426, 0.10610781294, 0.11563419503, 0.040307655483, 0.11242407198, 0.13702215523, 0.097835401584, 0.00068276745451, 0.0086078277125, 0.020171522637, 0.079836264353, 0.029151745667, 0.036751738292, 0.032797409504, 0.11980130689, 0.0055076614573, 0.0091402560252, 0.096579727677, 0.030715996973, 0.0021916436977, 0.004435770705, 0.12354657891, 0.1969330767, 0.14849917835, 0.68825275473, 0.063253828638, 0.17782085569, 0.088932956191],
      [6.3107188261, 10.0427189983, 1.883777958, 14.2007490115, 8.9366756622, 11.6528215748, 15.4353759778, 4.3710898268, 12.5117776241, 13.7340511881, 11.8841527015, 0.077553493583, 0.78084514562, 2.5977408428, 4.9174911216, 2.5100143705, 1.9346788585, 4.8299540608, 13.0967913369, 1.2308810842, 1.6810735929, 9.2121483146, 2.5615576636, 0.42733293101, 0.3688759877, 14.7125823298, 18.7932174554, 15.3851576457, 74.2418936212, 10.5825133077, 25.535017846, 17.0414103043],
      [0.01785981702, 0.016548005807, 0.0032747707396, 0.037057890659, 0.015071135817, 0.02129599351, 0.017616986419, 0.010088015593, 0.030286185964, 0.022035632628, 0.022382089259, 4.315689491e-05, 2.2001354029e-05, 0.0024833310267, 0.0067787175978, 0.0051723991561, 0.0025485844317, 0.0079875676796, 0.035580472509, 0.00033027460349, 0.0027542981915, 0.018018251315, 0.003528723883, 0.00048405149623, 0.017489768026, 0.017877365698, 0.035577516987, 0.024662685614, 0.15632761827, 0.020977148808, 0.071428808849, 0.015665121157]
    ],
    [
      [8.0698770112, 18.500217109, 8.1508684214, 35.938304287, 18.3686800675, 23.4369650473, 27.3804300622, 11.0547873002, 24.8836414468, 35.6790784927, 25.5370457733, 1.6417136375, 0, 4.0927252933, 11.6239578084, 18.8456147765, 4.7579656642, 5.8729971102, 14.6138634518, 0.23731272838, 0.12144130258, 19.7397167586, 15.5626506345, 2.2077006813, 1.3111553511, 30.2886691731, 31.8986428945, 45.8068161098, 127.4596222992, 23.1004335026, 50.9296682717, 8.5237886469],
      [22.054978949, 62.438778624, 23.9433877345, 109.0702062323, 69.0179828894, 60.6908724699, 59.85364565, 18.0110524388, 61.5770836507, 87.976360178, 54.7943482578, 3.8500704102, 0, 12.0738538829, 28.5462636562, 22.2122356815, 9.1584700056, 12.6902245984, 56.9482337158, 0.47955313821, 1.3338179739, 45.8608985459, 14.3046655354, 2.7100397034, 3.8599263211, 89.360031848, 94.4367479429, 98.4154134605, 392.4720042086, 49.540095113, 130.8486996019, 26.3670941501],
      [5.2066099505, 13.8079728084, 3.8346056424, 28.38616743, 13.348962252, 20.2234077922, 16.6312395853, 7.1135490296, 21.1079663129, 28.8151338561, 15.7292167749, 0.84168955658, 0, 3.8932983107, 14.9737996909, 9.0977827783, 6.1931358174, 4.9406329656, 15.0806381563, 0.27206925152, 0.35750215241, 15.8584340654, 6.7883804409, 0.45974511492, 0.88580318106, 21.6191008862, 28.4951472831, 23.8935812393, 123.1484257252, 10.1734331019, 23.8059774296, 4.7777301374],
      [11.7300205331, 33.9911986314, 10.0514823316, 55.2152606826, 34.842316459, 37.6428003148, 37.6347486158, 13.0615911313, 39.8161169154, 48.9571541984, 32.3872473223, 1.6150730479, 0, 8.4683321732, 15.6034860579, 13.2515883019, 5.4701405867, 12.3058269754, 27.9341195623, 0.99580374021, 1.0775253915, 25.6207598129, 9.5760174725, 1.5221089566, 1.2330505835, 43.6457089982, 46.0890219961, 41.9683661063, 225.3135095815, 28.8531777187, 57.9735906952, 15.5013360943],
      [1.9385135562, 3.2618328271, 1.0196558701, 8.3900613682, 3.422058332, 4.0059543758, 2.4999360867, 1.7590201001, 5.6151916742, 4.5722732748, 3.5521418716, 0.051453347789, 0, 0.47179033995, 1.2524927866, 1.5927784617, 0.42028792614, 1.1903183504, 4.4231451138, 0.015261141683, 0.1097131796, 2.9201908172, 0.76828591668, 0.1004055437, 3.7100645632, 3.0864890946, 5.0804398834, 3.9158230841, 27.6064381856, 3.3328605639, 9.4420640017, 0.83005097131]
    ],
    [
      [5.3869951287, 9.1832836556, 3.5343625648, 15.5135581824, 9.32617793, 10.1797348831, 15.4546638558, 6.635276746, 10.54284284, 17.2746323638, 12.1751520008, 0.96186664045, 0.030394058648, 2.2161083158, 5.9884254619, 7.1147303653, 2.0602412611, 2.804392515, 7.2835194397, 0.14266227573, 0.050988574755, 9.248030663, 10.4267791432, 1.0510565769, 0.61204503437, 14.4334741938, 13.3538787936, 19.4053594, 67.3207272155, 9.2643381487, 25.0492487575, 3.8030010332],
      [19.8976038072, 41.8960390978, 14.033493194, 63.6786272725, 47.3575094003, 35.6529213112, 45.7063614602, 14.6530678358, 35.2860531314, 57.6278069499, 35.341363254, 3.0815891731, 0.090739020707, 8.8340781677, 19.8931858322, 11.3883986288, 5.3773502361, 8.2006625431, 38.3445472641, 0.39476149557, 0.66950263138, 29.061995328, 13.0400094462, 1.7721638205, 2.4193199808, 57.5760860729, 53.4523281488, 56.3869178558, 280.3914851846, 26.8756155007, 87.0380225208, 15.8703970197],
      [26.5999450031, 52.2350422854, 12.8155050124, 93.2783506567, 51.6480401362, 66.9117972813, 71.5231778756, 32.7110919712, 68.124561011, 106.2415486968, 57.1551328637, 4.0121127394, 1.2625963192, 16.2436212769, 58.9525956529, 26.4023048045, 20.7683736031, 18.1034042696, 57.2626366075, 1.3193654808, 1.1365119817, 56.6924474832, 35.0119898152, 1.7996960711, 3.3248234218, 78.4582115256, 90.8187267478, 77.0865231876, 494.2959818304, 31.1393250876, 89.1033887909, 16.2948131975],
      [295.3803453907, 632.7741847993, 165.988340905, 892.3179845664, 663.3257692979, 612.9044089704, 796.1625370578, 296.1313378369, 632.3662635005, 887.7757335034, 579.1440988358, 38.8262890664, 9.615138247, 174.7641283217, 302.8030332407, 189.8834086703, 91.1192832322, 222.8091422051, 522.0664999168, 25.1069457625, 17.9832009035, 450.998171738, 243.6233104763, 30.190388569, 23.3825423832, 779.1633917025, 722.6158414978, 666.0663490384, 4443.8645389199, 434.8361086319, 1066.8738553997, 260.67589644],
      [4.7351106701, 5.911450162, 1.6282983239, 13.211479322, 6.3425032356, 6.351137554, 5.1532597506, 3.86922561, 8.680279517, 8.0802784861, 6.1842530457, 0.11814238066, 0.0011323544347, 0.94206391791, 2.3627598123, 2.2111575311, 0.67475166745, 2.0823984671, 8.0427967719, 0.036264985338, 0.15979590865, 4.9993547879, 1.897911119, 0.18669496242, 6.2612691798, 5.3688365053, 7.7592248121, 6.0548505181, 53.1272668496, 4.8846126312, 16.935484531, 1.3558923096]
    ],
    [
      [3.7645488606, 6.3999782773, 1.4598263202, 8.6655014695, 5.9721622387, 11.902101681, 11.6959500252, 6.019695237, 11.5065910602, 7.4553578534, 15.0268101259, 1.2946548622, 0.025754129173, 0.44715711545, 3.9347784228, 4.6131421205, 0.63546496405, 1.8922625051, 5.025576645, 0.075920817539, 0.06068994784, 5.0368820278, 4.676756861, 1.997955482, 0.23666068571, 11.7517415271, 9.755515164, 25.5546935234, 68.0466092569, 8.0153226906, 24.45827958, 1.2126635555],
      [5.2012130958, 10.9345588699, 2.1622282722, 13.3230353302, 11.3580569137, 15.6099156388, 12.951090668, 4.9645166209, 14.4221180472, 9.3135324555, 16.3298935562, 1.5035128833, 0.029651283103, 0.66538320551, 4.889678538, 2.752559917, 0.61754976884, 2.0672095353, 9.9125256621, 0.077341995738, 0.31698040155, 5.9244793713, 2.1775134453, 1.2223803371, 0.34600807341, 17.5588600932, 14.6287522837, 27.8109949173, 106.2135902413, 8.702224568, 31.8374342441, 1.8960890291],
      [6.8851566932, 13.4997032152, 1.9519483592, 19.3296046489, 12.2630610313, 29.0268812837, 20.0717690383, 10.9868038704, 27.5851759313, 17.0102771293, 26.158311765, 1.9402987561, 0.56893932906, 1.2144553737, 14.3816532754, 6.331619839, 2.3880203973, 4.5285637234, 14.6653577089, 0.2709019115, 0.54959678196, 11.4540116312, 5.8011161677, 1.2136018274, 0.47106848004, 23.6943670623, 24.6223268696, 37.6498405406, 185.4189976615, 9.9812403615, 32.2680931831, 1.9275397457],
      [9.2041348951, 19.7470366616, 3.0327158101, 22.3478867815, 19.0218687872, 32.1011889497, 26.9935748314, 11.9691217379, 30.9188274648, 17.174337779, 32.0046849604, 2.1742182938, 0.3754551678, 1.5620064998, 8.8841932382, 5.4637099361, 1.237793678, 6.6846326601, 16.1342259248, 0.56515451884, 0.94547893255, 10.9859051925, 4.8483229667, 2.3662137033, 0.38139152175, 28.4299103872, 23.6642929772, 39.3047142789, 201.779344973, 16.8200865434, 46.7234442153, 3.7101731855],
      [1.9449464552, 2.418722976, 0.3932812383, 4.33397177, 2.3848510291, 4.3599124468, 2.2876154371, 2.0598625338, 5.5672874964, 2.0464947828, 4.4802995926, 0.087315204458, 0.00020009085969, 0.11099780548, 0.90969652564, 0.83896818736, 0.12117119179, 0.82733157608, 3.2623140592, 0.010680756385, 0.1272539361, 1.5987217773, 0.49629055939, 0.19984865016, 1.5648712391, 2.5651209301, 3.3291127056, 4.6797567398, 31.5414578672, 2.4811258365, 9.7127487776, 0.25353448415]
    ],
    [
      [0.33212960002, 0.51905756668, 0.21918242898, 1.4304949878, 0.42671256028, 0.72159132775, 0.9880713485, 0.32270719727, 0.40295752362, 1.4809985639, 0.81523715458, 0.079908225309, 0, 0.10165322328, 0.28196451546, 0.37471939601, 0.10990605793, 0.033825582732, 0.50152518657, 0.026110787304, 0.0025457056348, 0.36503568881, 0.63374395582, 0.058747501655, 0.01058574475, 0.49752375156, 0.61131085316, 0.5976403243, 3.0784048607, 0.5870328305, 1.6141244693, 0.25051382545],
      [5.9179967719, 11.4067290985, 4.2092667586, 28.2676889223, 10.4378534804, 12.1701130668, 14.0706799467, 3.435877168, 6.4939699358, 23.7861979333, 11.3965179386, 1.2666406019, 0, 1.9596473774, 4.5172260806, 2.8940716185, 1.3897379028, 0.47708170153, 12.7196709874, 0.34957369113, 0.16436540195, 5.5271585471, 3.8239988821, 0.48688007575, 0.20514082899, 9.5573188183, 11.7820905967, 8.3621776155, 61.6837091478, 8.204348514, 26.9968777607, 5.0426128958],
      [0.36147931771, 0.65163687122, 0.17489760909, 1.8989194284, 0.52159433737, 1.0468866015, 1.0094588907, 0.35070944499, 0.5747245383, 2.0106646968, 0.8447143104, 0.072534868746, 0, 0.16381977821, 0.61157203337, 0.30613866288, 0.24224216325, 0.048102131426, 0.86995001559, 0.052466071423, 0.012207332551, 0.49354498688, 0.46857917254, 0.021947526482, 0.012387757561, 0.59700486114, 0.91764752415, 0.52408153667, 4.9933139751, 0.43542364803, 1.2679173198, 0.23657549315],
      [13.9152194591, 27.363258438, 7.8484501111, 62.9741421416, 23.2193510084, 33.2452181135, 38.9558425054, 11.0094772725, 18.4940151552, 58.2542733616, 29.6716626033, 2.4364029383, 0, 6.1161713588, 10.8999494301, 7.6379867135, 3.7013828014, 2.0526892759, 27.4975123556, 3.4794655072, 0.66125557314, 13.6148520905, 11.3161036211, 1.2667514292, 0.30015623939, 20.5529029896, 25.3136628589, 15.6971614652, 155.6150250238, 21.0725020832, 52.6205589746, 13.118037463],
      [4.4731748513, 5.0593180256, 1.5482030922, 18.4287545199, 4.3944886136, 6.8161908905, 4.9759473087, 2.8812289173, 5.0343328471, 10.4678654443, 6.2718679931, 0.14451336574, 0, 0.65870826225, 1.6892879404, 1.7870836092, 0.55673107464, 0.38830130841, 8.4113414549, 0.092383942916, 0.15962598672, 2.9994086867, 1.7575743684, 0.16567346688, 2.4717294293, 2.7952495794, 5.3752881671, 2.8189390583, 36.6295469925, 4.7006929242, 16.5005214757, 1.3522603226]
    ]
  ],
  "prob": [
    [0.00058911144213, 0.010462138529, 0.93615563947, 0.051906665884, 0.00088644467876],
    [0.73217613185, 0.14119140445, 0.0011055934755, 0.12527495581, 0.00025191440701],
    [0.16704149483, 0.43903113254, 0.12517603581, 0.24060317619, 0.028148160637],
    [0.015476616784, 0.055025477532, 0.088100725506, 0.83189726338, 0.0094999167958],
    [0.13847487969, 0.18452773911, 0.29255115328, 0.33452200379, 0.049924224131],
    [0.014331793731, 0.24509634039, 0.01802590037, 0.59002382781, 0.1325221377]
  ],
  "iterations": 223,
  "time": 7.868761,
  "message": "Converged",
  "status": 0,
  "miniter": 0,
  "maxiter": 1000,
  "maxtime": 3600,
  "param_threshold": 0.001,
  "ll_threshold": "-Inf",
  "initial_prob": "random",
  "adjust_prob_cond_method": "",
  "adjust_prob_cond_every": false,
  "candidates_id": ["MOORE, Teresa Janet.c", "MILNER-WHITE, Gregory Richard.c", "CRAIG, Colin Graeme.c", "McCULLY, Murray Stuart.c", "Other candidates votes.c"],
  "group_id": ["Conservative.p", "Green Party.p", "Labour Party.p", "National Party.p", "New Zealand First Party.p", "Other parties votes.p"]
}
