{
  "Z_true": {},
  "V_true": [
    [12, 727, 96, 700, 39],
    [84, 140, 1299, 923, 237],
    [87, 148, 6324, 1107, 329],
    [100, 215, 220, 19265, 189],
    [91, 280, 1158, 1089, 211],
    [95, 67, 314, 434, 106]
  ],
  "p_true": [
    [0.0076, 0.4619, 0.061, 0.4447, 0.0248],
    [0.0313, 0.0522, 0.4842, 0.344, 0.0883],
    [0.0109, 0.0185, 0.791, 0.1385, 0.0412],
    [0.005, 0.0108, 0.011, 0.9638, 0.0095],
    [0.0322, 0.099, 0.4093, 0.3849, 0.0746],
    [0.0935, 0.0659, 0.3091, 0.4272, 0.1043]
  ],
  "Z_est": [
    [
      [0, 0, 0.0175, 0.0142, 0.0127, 0.0137, 0.0169, 0.0058, 0.0208, 0.0071, 0.0052, 0.0013, 0, 0.1008, 0.0032, 0.0945, 0.001, 0.1706, 0.0083, 0, 0.0061, 0.0061, 0.0005, 0.0023, 0.0068, 0.0117, 0.012, 0.0116, 0.012, 0.0002, 0.005, 0.0115, 0, 0.0271, 0.0204, 0.0155, 0.0028, 0.015, 0.024, 0.0113, 0.01, 0.018, 0.0062, 0.0021, 0.0028, 0.0048, 0.0384, 0.1839, 0.005, 0.0256, 0.0097],
      [0, 0, 20.2718, 20.3303, 13.0965, 14.5543, 12.9434, 6.0585, 14.6152, 17.7191, 1.7484, 2.1122, 2.6139, 1.5517, 9.2255, 1.2088, 0.317, 3.8108, 9.5666, 4.2632, 5.2079, 16.5504, 0.3416, 0.8129, 11.5289, 11.3043, 10.3964, 11.6547, 12.9224, 16.2394, 9.3442, 16.9632, 8.1432, 20.2762, 14.3516, 15.8947, 5.7191, 17.4354, 21.5211, 18.5847, 7.4439, 25.1717, 16.1913, 3.2792, 7.0534, 5.0927, 2.6919, 263.8391, 10.6467, 26.2124, 6.9195],
      [0, 0, 1.1464, 0.8042, 0.7762, 0.5092, 0.6286, 0.2386, 0.8139, 0.3651, 0.0346, 0.1308, 0.1513, 0.0437, 0.3064, 0.0912, 0.0164, 0.0682, 0.6293, 0.3169, 0.2029, 1.0545, 0.0099, 0.1273, 0.5436, 0.81, 0.6515, 0.4956, 0.5333, 0.5258, 0.3537, 0.9241, 0.5149, 0.6621, 1.1991, 0.7832, 0.2589, 0.7894, 1.3197, 0.7926, 0.5824, 0.949, 0.433, 0.1909, 0.108, 0.1788, 0, 13.2263, 0.5165, 1.303, 0.4438],
      [0, 0, 26.3633, 12.5054, 12.7886, 10.8082, 17.804, 3.6543, 17.2422, 8.2154, 1.0626, 2.979, 3.0562, 3.3037, 2.7774, 1.6055, 0.6035, 3.9504, 10.8535, 10.2909, 2.8979, 11.0329, 0.5855, 1.4015, 6.5967, 6.1416, 7.161, 6.825, 7.3033, 5.959, 7.3872, 9.2526, 6.7397, 13.5293, 9.8737, 10.34, 4.3971, 10.295, 15.6615, 9.6697, 6.0257, 11.8355, 6.2029, 3.5272, 2.515, 3.5768, 1.0691, 193.0449, 9.6508, 19.2582, 5.2023],
      [0, 0, 5.2009, 2.3459, 2.326, 2.1146, 1.6069, 1.0428, 4.3079, 2.6933, 0.1492, 0.7767, 1.1785, 0, 0.6875, 0, 0.0621, 0, 2.9422, 1.1291, 0.6852, 4.3562, 0.0626, 0.656, 2.324, 2.7324, 2.7791, 3.013, 3.229, 4.2757, 1.9099, 3.8487, 5.6022, 5.5054, 4.5553, 3.9666, 0.6221, 5.4653, 4.4736, 4.9418, 1.9379, 7.0258, 2.1665, 1.0006, 0.3207, 1.1468, 0.2006, 79.7058, 2.1809, 4.2008, 1.4248]
    ],
    [
      [0.1171, 0, 0.0847, 0.101, 0.0561, 0.0296, 0.0626, 0.0405, 0.077, 0.0559, 0.0305, 0.0037, 0, 0.0236, 0.0068, 0.0107, 0, 0.1164, 0.0912, 0, 0.0262, 0.0401, 0.356, 0.0157, 0.0521, 0.0748, 0.0823, 0.0689, 0.0872, 0.0201, 0.0414, 0.0453, 0, 0.0479, 0.0883, 0.1157, 0.028, 0.142, 0.128, 0.0324, 0.0821, 0.1673, 0.0087, 0.0075, 0.0129, 0.0278, 0.0063, 0.8597, 0.0638, 0.2671, 0.091],
      [0.3848, 0.1397, 1.8367, 2.838, 1.1602, 0.7536, 0.9866, 0.8512, 1.0384, 2.8195, 0.1241, 0.1123, 0.1497, 0.0324, 0.4709, 0.0159, 0, 0.2754, 1.9704, 0.1692, 0.5584, 1.8819, 0.0881, 0.0926, 1.7265, 1.3821, 1.3684, 1.4095, 1.8365, 2.0162, 1.4611, 1.3977, 1.2492, 0.9922, 1.1755, 1.8881, 1.0904, 3.2405, 2.2894, 1.1434, 1.0991, 3.9743, 0.6065, 0.2242, 0.758, 0.6332, 0.1749, 23.4805, 2.7032, 5.2201, 1.2007],
      [3.6998, 4.8003, 32.0614, 34.5608, 21.1513, 8.3394, 14.4064, 10.8014, 17.9029, 18.2672, 0.9634, 2.3277, 2.8573, 0.3504, 5.3067, 0.4892, 0, 1.5895, 40.7212, 4.0849, 7.4018, 37.4439, 0.6556, 4.9999, 25.5567, 30.8177, 26.7914, 18.9748, 23.8192, 19.9839, 17.5271, 23.7001, 23.2151, 10.1989, 30.5495, 29.0152, 15.3583, 45.3633, 43.1006, 15.3048, 27.2432, 45.8689, 5.1771, 4.3513, 4.0632, 7.3209, 1.0025, 358.778, 40.5843, 79.4211, 24.9052],
      [9.7982, 3.9124, 47.6515, 34.8855, 22.6164, 11.3227, 26.9571, 10.5493, 24.4461, 26.6635, 1.8178, 3.34, 3.6496, 1.5936, 3.0269, 0.4842, 0, 6.0186, 45.145, 8.5121, 6.622, 25.1362, 3.7984, 3.485, 19.8986, 15.0417, 18.9076, 16.695, 20.9308, 15.2668, 23.446, 15.2574, 20.4796, 13.4001, 16.2911, 24.6009, 16.9828, 38.1897, 33.1359, 11.9825, 18.1232, 37.4448, 4.7888, 5.0623, 5.974, 9.2745, 1.7354, 338.6847, 48.8742, 76.0046, 18.5324],
      [0, 0.1476, 2.3657, 1.6147, 1.016, 0.5546, 0.5872, 0.7577, 1.5356, 2.1938, 0.0643, 0.2163, 0.3434, 0, 0.1887, 0, 0, 0, 3.0722, 0.2338, 0.3916, 2.4978, 0.1018, 0.4068, 1.7661, 1.6836, 1.8503, 1.8519, 2.3264, 2.713, 1.5244, 1.5994, 4.0561, 1.3609, 1.8956, 2.3802, 0.5404, 5.0644, 2.3461, 1.5369, 1.4525, 5.5447, 0.419, 0.3546, 0.1918, 0.7436, 0.0809, 35.1971, 2.7745, 4.0871, 1.2707]
    ],
    [
      [0.3862, 0, 1.7713, 4.8945, 3.218, 0.7214, 4.5544, 1.2497, 2.3218, 0.9312, 0.5075, 0.3225, 0, 0.1756, 0.5634, 0.1932, 0.4, 3.9572, 0.4515, 0, 0.3919, 0.4911, 0.0609, 0.9002, 1.0744, 1.3828, 1.9264, 1.5553, 2.0549, 0.7808, 0.63, 1.3086, 0, 1.0555, 2.08, 2.4289, 1.0991, 2.1291, 3.78, 0.9264, 1.2746, 4.2074, 0.3558, 0.2576, 0.5368, 0.8115, 0.1033, 20.1098, 0.8498, 6.1145, 0.4183],
      [0.4689, 0.3747, 6.5359, 11.5513, 6.8564, 3.0945, 5.2425, 4.0067, 5.3997, 8.3404, 0.3421, 0.8139, 0.6074, 0.0569, 1.6539, 0.0876, 0.1979, 2.3141, 1.7122, 0.279, 1.0712, 3.511, 0.1444, 0, 6.4187, 4.5502, 5.7184, 5.5161, 7.6734, 4.5873, 3.5207, 7.1651, 4.5687, 3.7001, 4.7033, 6.2113, 4.1365, 7.7079, 10.7195, 5.7066, 3.2028, 13.3535, 4.1892, 0.5629, 1.522, 2.1782, 0.3122, 94.5949, 5.2411, 13.1388, 0.9225],
      [7.0657, 17.8856, 167.0112, 205.0709, 181.5283, 50.1231, 108.795, 73.7007, 136.4489, 79.4893, 4.2907, 25.2318, 16.2641, 1.5248, 27.8022, 4.4775, 6.1161, 20.0484, 51.572, 16.3811, 20.7904, 101.8309, 2.8495, 43.0519, 137.9123, 146.2975, 161.9884, 107.7135, 144.7413, 67.5016, 61.8543, 174.5594, 80.6465, 55.9344, 182.2125, 138.3686, 73.8765, 156.7581, 292.0064, 111.6265, 117.6347, 225.9978, 53.9276, 16.1003, 12.4008, 36.6733, 2.9747, 2100.963, 114.7659, 290.4097, 28.2621],
      [1.0792, 0.9425, 15.9046, 13.3494, 12.4156, 4.3054, 12.8705, 4.5282, 11.9261, 7.4479, 0.4557, 2.197, 1.2822, 0.2427, 1.0007, 0.2417, 0.7507, 4.6803, 3.6584, 2.0377, 1.1535, 4.3705, 0.5321, 1.9375, 6.8125, 4.2515, 7.1675, 5.9901, 8.0828, 3.3234, 5.2329, 6.8922, 4.7511, 4.6269, 5.6744, 7.5795, 5.2053, 8.4188, 14.3688, 5.5482, 4.9234, 11.9456, 3.2048, 1.1658, 1.1061, 2.8973, 0.2776, 128.1012, 8.8172, 17.9374, 1.3285],
      [0, 0.7972, 17.777, 11.134, 10.9818, 4.7557, 3.5376, 7.5146, 16.9035, 13.7912, 0.4039, 3.4347, 2.8463, 0, 0.9798, 0, 0.5352, 0, 5.6059, 1.3022, 1.593, 9.7966, 0.4131, 5.1104, 13.7822, 11.518, 16.1993, 15.2251, 20.4476, 12.807, 7.7621, 17.0747, 17.0337, 10.683, 16.3297, 16.4116, 2.6825, 24.9861, 22.1253, 16.1923, 8.9645, 38.4957, 6.3226, 1.9134, 0.4342, 5.4397, 0.3322, 297.2311, 11.3259, 19.3997, 2.0685]
    ],
    [
      [0.4787, 0, 4.3325, 2.3506, 1.1428, 2.009, 0, 1.4457, 6.9522, 2.9185, 2.5727, 0.1415, 0, 0.8783, 1.0032, 1.6131, 1.0342, 0.4795, 3.2284, 0, 0.8359, 1.9223, 0.2223, 0.8172, 1.9594, 4.224, 2.8269, 2.1313, 2.7745, 0.29, 1.4212, 1.8462, 0, 2.0318, 3.1979, 3.5847, 0, 3.6959, 2.4492, 3.2676, 1.4305, 4.6743, 0.9866, 0.3735, 1.0157, 0.9486, 1.4548, 45.1359, 1.2883, 5.7697, 1.7917],
      [0.8323, 0.0571, 3.3172, 5.9566, 2.3314, 2.2935, 2.3921, 1.5845, 3.3518, 3.8466, 1.1911, 0.3404, 0.4146, 0.3532, 3.1468, 0.4644, 0.2175, 2.2593, 2.4416, 0, 1.0353, 4.0197, 0.3232, 0, 2.9698, 3.6756, 2.1651, 2.0802, 2.6155, 2.236, 2.4601, 2.6684, 0, 1.8166, 1.7271, 2.5547, 0.8199, 4.2933, 2.3923, 4.7802, 0.9369, 5.1985, 1.7211, 0.6899, 2.226, 1.3119, 1.3499, 54.0145, 2.4354, 7.2448, 1.1146],
      [0.1595, 0, 1.5418, 2.3727, 1.3429, 0.0084, 2.8319, 0, 0.7079, 1.0804, 0.0877, 0, 0.0405, 0.0478, 0.8534, 0.3195, 0, 1.1189, 0.556, 0.0349, 0, 0.5067, 0, 0.4237, 0.0587, 1.4036, 0.1644, 0, 0.0537, 1.3117, 0, 0.3065, 1.2811, 0.1958, 1.0037, 0.1659, 0.7653, 0.7169, 0.6905, 0.4313, 0.3005, 1.9454, 0.4099, 0, 0.4194, 0, 0, 8.6922, 0.3541, 2.3703, 0.0772],
      [94.5295, 17.9429, 898.3234, 603.3201, 355.183, 257.6891, 400.776, 153.7524, 786.2058, 483.6865, 116.8102, 94.129, 120.2754, 57.7206, 204.9966, 107.603, 84.3912, 242.1423, 577.1714, 145.6899, 92.0203, 428.0119, 51.0497, 126.317, 274.7156, 311.5532, 240.5602, 196.544, 244.3118, 171.1623, 302.6747, 229.8934, 208.7189, 203.9558, 215.841, 262.293, 132.4147, 401.2939, 281.4679, 418.1547, 140.3321, 427.1819, 182.4481, 122.5099, 193.339, 141.3899, 118.8404, 6435.8737, 331.8288, 824.6153, 130.921],
      [0, 0, 0.4851, 0, 0, 0, 0, 0.2174, 0.7824, 0.4681, 0.3384, 0.3891, 0.2695, 0, 0, 0, 0.3572, 0, 0.6026, 0.2752, 0.1085, 0.5394, 0.4048, 0.4421, 0.2964, 0.1436, 0.2835, 0.2445, 0.2445, 0, 0.444, 0.2854, 0, 0, 0.2304, 0.4018, 0, 0, 0, 0.3662, 0, 0, 0.4343, 0.4267, 0, 0.3495, 0.355, 0.2837, 0.0934, 0, 0.0955]
    ],
    [
      [0.018, 0, 0.0991, 0.1483, 0.1014, 0.0887, 0.0817, 0.0683, 0.1795, 0.0481, 0.0575, 0.0074, 0, 0, 0.0151, 0.0305, 0.0224, 0.1188, 0.0519, 0, 0.0458, 0.0326, 0.003, 0.5323, 0.0564, 0.1067, 0.0964, 0.055, 0.0669, 0.0186, 0.0173, 0.0782, 0, 0.0396, 0.1033, 0.1106, 0.0184, 0.0957, 0.1456, 0.0504, 0.0875, 0.1421, 0.0429, 0.0139, 0.009, 0.0251, 0.0063, 1.1427, 0.035, 0.1872, 0.0174],
      [0.314, 0.3778, 4.9347, 9.3969, 4.6305, 4.6642, 2.897, 3.1183, 5.5099, 5.6369, 0.5809, 0.5004, 0.9893, 0, 2.2745, 0.196, 0.2542, 1.0847, 2.6056, 0.2201, 1.9771, 3.2799, 0.0809, 0.0137, 4.2996, 4.4736, 3.6707, 2.6446, 3.2868, 3.8472, 1.4224, 5.3488, 2.1102, 1.9207, 3.1679, 3.9763, 1.6631, 5.1895, 5.9646, 4.0249, 2.7599, 7.5355, 5.9628, 0.9315, 1.2481, 1.3481, 0.406, 71.5374, 2.9903, 8.3718, 0.5111],
      [1.0749, 4.7201, 30.8226, 41.0272, 30.2895, 18.4387, 15.2295, 14.1295, 34.044, 12.986, 1.5604, 3.6885, 6.7825, 0, 9.0776, 2.1052, 1.7073, 2.2266, 19.1802, 1.8623, 9.315, 23.4087, 0.3251, 9.668, 22.8051, 35.7986, 25.7715, 12.7566, 15.2679, 13.4996, 6.1134, 32.5189, 14.2229, 7.0548, 29.3948, 21.9345, 8.4772, 26.0902, 40.3178, 19.2712, 24.3678, 31.0977, 18.2457, 6.4351, 2.3477, 5.562, 0.7925, 392.3967, 16.1771, 45.7846, 3.8265],
      [3.5931, 4.852, 57.219, 51.7076, 40.4391, 31.315, 35.5778, 17.2756, 58.0755, 23.6953, 3.7581, 6.6611, 10.8948, 0, 6.5046, 2.6683, 4.9731, 10.5699, 26.5746, 4.874, 10.4587, 19.6436, 1.5775, 8.4614, 22.1961, 21.829, 22.7344, 14.0374, 16.7726, 12.9019, 10.2311, 26.1544, 15.6967, 11.6043, 19.5905, 23.2433, 11.7339, 27.4489, 38.7136, 18.868, 20.2662, 31.7156, 21.1301, 9.4015, 4.3504, 8.8338, 1.7689, 462.3481, 24.349, 54.7202, 3.566],
      [0, 0.05, 0.9246, 0.72, 0.5395, 0.4934, 0.2141, 0.4083, 1.1912, 0.6336, 0.0431, 0.1426, 0.3334, 0, 0.1282, 0, 0.0429, 0, 0.5877, 0.0435, 0.2035, 0.6352, 0.0134, 0.3246, 0.6428, 0.7921, 0.727, 0.5064, 0.6058, 0.7327, 0.2158, 0.8998, 0.9703, 0.3807, 0.7435, 0.7354, 0.1073, 1.1757, 0.8584, 0.7854, 0.5186, 1.5091, 0.6184, 0.2179, 0.0448, 0.231, 0.0263, 15.5751, 0.4487, 0.9363, 0.079]
    ],
    [
      [0, 0, 6.6949, 8.4915, 5.469, 3.1376, 4.2844, 2.19, 10.4488, 4.0392, 0.8265, 0.5235, 0, 0.8217, 0.4084, 1.0581, 0.5424, 8.1576, 4.1687, 0, 0.694, 2.5077, 0.3572, 1.7323, 3.8509, 4.2, 5.056, 4.1778, 4.0045, 3.8904, 2.8851, 5.7102, 1, 1.7981, 8.5102, 4.7447, 1.8517, 5.9223, 7.4732, 2.7119, 4.1152, 10.7909, 0.5997, 1.3453, 0.4228, 2.1821, 0.391, 54.568, 3.7582, 18.636, 3.6718],
      [0, 0.0507, 1.1036, 1.9269, 0.9251, 0.6399, 0.5384, 0.3809, 1.0851, 1.6376, 0.0134, 0.1208, 0.2251, 0.0058, 0.2284, 0.0272, 0.0134, 0.2558, 0.7036, 0.0686, 0.1501, 0.7571, 0.0218, 0.0808, 1.0565, 0.6141, 0.681, 0.695, 0.6655, 2.0739, 0.7915, 1.4568, 0.9288, 0.2941, 0.8747, 0.475, 0.5709, 1.1334, 1.113, 0.7602, 0.5574, 1.7664, 0.3292, 0.3123, 0.1924, 0.4359, 0.0651, 11.5337, 0.9833, 2.8121, 0.3317],
      [0, 0.594, 12.4167, 15.1641, 10.9118, 4.5812, 5.1086, 3.1298, 12.0823, 6.8119, 0.0632, 1.6211, 0.9043, 0.0332, 1.6537, 0.5174, 0.1602, 0.9483, 9.3413, 1.32, 1.2899, 9.7553, 0.16, 2.7292, 10.1237, 8.8724, 8.6329, 6.0595, 5.5846, 13.1774, 6.1515, 15.9909, 7.1195, 1.9541, 14.6403, 4.7326, 5.2637, 10.2821, 13.565, 6.5735, 8.8714, 13.1413, 1.8066, 3.9223, 0.6609, 3.265, 0.2303, 113.9437, 9.6021, 27.7113, 4.4852],
      [0, 0.3502, 13.5382, 11.232, 8.5573, 4.5596, 7.0145, 2.2402, 12.1044, 7.2913, 0.0956, 1.6939, 0.8417, 0.1393, 0.6938, 0.3973, 0.2815, 2.6384, 7.5971, 1.5953, 0.8476, 4.8049, 0.4567, 1.3977, 5.7804, 3.1831, 4.4694, 3.9086, 3.5988, 7.3866, 6.0281, 7.5501, 4.614, 1.8836, 5.7293, 2.9433, 4.2661, 6.3537, 7.6523, 3.777, 4.3295, 7.8767, 1.2253, 3.3333, 0.7155, 3.0276, 0.3086, 78.9475, 8.4799, 19.4644, 2.4498],
      [0, 0.0052, 0.2466, 0.1855, 0.1368, 0.0817, 0.0541, 0.0591, 0.2794, 0.22, 0.0012, 0.0406, 0.0289, 0, 0.0158, 0, 0.0026, 0, 0.1893, 0.0161, 0.0183, 0.1749, 0.0043, 0.06, 0.1885, 0.1304, 0.1607, 0.1592, 0.1467, 0.4717, 0.1439, 0.292, 0.3377, 0.07, 0.2455, 0.1045, 0.0476, 0.3084, 0.1965, 0.1774, 0.1265, 0.4247, 0.0393, 0.0868, 0.0084, 0.0894, 0.0051, 3.0071, 0.1765, 0.3761, 0.0615]
    ]
  ],
  "V_est": [
    [1.0019, 775.7411, 37.5551, 564.8229, 194.8789],
    [3.9941, 84.4916, 1273.1749, 1216.4375, 104.9019],
    [87.7152, 296.4845, 6463.4578, 394.9411, 752.4014],
    [136.9486, 159.6681, 37.1529, 19644.5723, 10.6581],
    [4.5188, 216.1509, 1171.9978, 1397.5753, 38.7572],
    [234.8214, 44.4637, 427.6615, 299.6509, 9.4025]
  ],
  "p_est": [
    [0.0006, 0.4928, 0.0239, 0.3588, 0.1238],
    [0.0015, 0.0315, 0.4745, 0.4534, 0.0391],
    [0.011, 0.0371, 0.8084, 0.0494, 0.0941],
    [0.0069, 0.008, 0.0019, 0.9828, 0.0005],
    [0.0016, 0.0764, 0.4143, 0.494, 0.0137],
    [0.2311, 0.0438, 0.4209, 0.2949, 0.0093]
  ],
  "EI_Z": {},
  "EI_V": 6.104,
  "MAE_Z": {},
  "MAE_V": 146.8462,
  "MAE_p": 0.0475,
  "runtime": 0.03
}
