{
  "Z_true": {},
  "V_true": [
    [13, 206, 495, 487],
    [1026, 1827, 597, 130],
    [394, 9562, 619, 468],
    [190, 594, 16315, 450],
    [63, 1430, 551, 1003],
    [64, 301, 574, 352]
  ],
  "p_true": [
    [0.0108, 0.1715, 0.4122, 0.4055],
    [0.2866, 0.5103, 0.1668, 0.0363],
    [0.0357, 0.8659, 0.0561, 0.0424],
    [0.0108, 0.0338, 0.9297, 0.0256],
    [0.0207, 0.4693, 0.1808, 0.3292],
    [0.0496, 0.2332, 0.4446, 0.2727]
  ],
  "Z_est": [
    [
      [2, 2, 3, 2, 3, 4, 3, 2, 3, 2, 3, 1.9998, 3, 0, 2, 1.9982, 3, 2, 3, 2, 3, 3, 1.9907, 4, 3, 4, 2, 0, 0.9619, 1.0932, 2, 4, 3, 3, 3, 3, 4, 2, 2, 0, 11, 2, 5, 0],
      [6, 12, 7, 3, 18, 15, 17, 12, 19, 4, 22, 3.9994, 4, 0, 6, 1.0001, 7, 4, 8, 6, 7, 4, 1.0017, 22, 11, 10, 7, 0, 0.0235, 0.6287, 10, 4, 2, 10, 12, 11, 11, 11, 4, 0, 88, 5, 14, 0],
      [6, 12, 8, 12, 34, 17, 18, 11, 18, 4, 28, 1.0005, 10, 0, 13, 6.9991, 5, 5, 14, 5, 9, 9, 1.9999, 40, 19, 13, 12, 0, 1.981, 0.1682, 9, 10, 4, 18, 22, 17, 23, 11, 7, 0, 112, 7, 16, 0],
      [1, 3, 1, 1, 4, 4, 4, 3, 4, 1, 5, 0.0003, 1.1626e-06, 0, 2, 0.0026, 1, 1, 1, 1, 1, 7.6192e-12, 0.0077, 4, 2, 1, 1, 0, 0.0335, 0.1099, 2, 1.0787e-12, 8.1995e-06, 1, 2, 2, 2, 1, 1, 0, 16, 1, 2, 0]
    ],
    [
      [2, 2, 3, 2, 4, 5, 1, 2, 2, 1, 3, 0.0002, 1, 0.9352, 4, 1.0008, 4, 5, 5, 5, 8, 2, 1.0082, 3, 7, 8, 7, 0.2482, 0.9401, 0.2216, 3, 14, 2, 3, 3, 5, 9, 7, 6, 0, 26, 3, 23, 3.9423],
      [13, 19, 23, 8, 27, 35, 14, 13, 35, 17, 47, 11.9994, 12, 2.9366, 18, 0.9992, 36, 32, 33, 32, 51, 17, 4.9944, 38, 48, 48, 34, 0.5336, 1.0019, 8.1824, 15, 37, 13, 33, 32, 37, 45, 55, 18, 0, 240, 25, 92, 9.0239],
      [13, 19, 25, 26, 51, 39, 13, 11, 31, 15, 59, 2.0003, 22, 1.1282, 41, 3.999, 25, 34, 52, 27, 67, 33, 8.9983, 65, 76, 58, 60, 0.2182, 4.9924, 9.6103, 15, 81, 22, 52, 53, 55, 87, 54, 30, 0, 304, 29, 106, 21.0223],
      [2, 5, 5, 3, 6, 9, 3, 3, 6, 3, 11, 1, 1, 0, 6, 0.001, 5, 7, 6, 5, 9, 2, 0.999, 8, 9, 7, 5, 0, 0.0656, 1.9857, 3, 7, 3, 4, 5, 7, 8, 6, 5, 0, 45, 5, 19, 1.0115]
    ],
    [
      [5, 8, 8, 2, 9, 17, 5, 5, 12, 7, 13, 4, 3, 0.6589, 5, 0, 17, 9, 7, 12, 22, 4, 2.0016, 13, 19, 20, 14, 0.8416, 0.0018, 1.3973, 8, 12, 6, 7, 9, 7, 14, 15, 7, 0, 88, 10, 54, 4.9366],
      [77, 121, 88, 17, 109, 140, 89, 89, 211, 96, 173, 128.0001, 29, 3.2397, 42, 2.9982, 132, 72, 59, 74, 142, 46, 15.9868, 134, 134, 127, 80, 2.32, 4.8159, 10.5386, 108, 32, 27, 73, 88, 83, 79, 148, 26, 2.7794, 840, 80, 224, 14.0719],
      [90, 126, 98, 50, 199, 153, 92, 83, 202, 95, 226, 37.9996, 59, 1.1015, 91, 12.0025, 97, 74, 90, 65, 186, 88, 28.0031, 237, 217, 155, 138, 0.8384, 16.0429, 14.7791, 100, 68, 49, 121, 154, 121, 153, 145, 40, 3.7627, 1065, 98, 257, 30.9368],
      [18, 33, 19, 5, 23, 36, 23, 26, 42, 22, 43, 19.0004, 5, 0, 13, 0.9992, 22, 15, 11, 13, 25, 5, 3.0086, 29, 26, 20, 12, 0, 1.1393, 3.285, 23, 6, 8, 10, 16, 17, 14, 16, 6, 0.4579, 161, 17, 46, 1.0546]
    ],
    [
      [6, 8, 10, 10, 17, 20, 5, 5, 10, 6, 18, 1.0002, 9, 0.2934, 14, 4, 14, 14, 17, 11, 35, 12, 3.9939, 29, 39, 30, 30, 0.9102, 1.9472, 2.0103, 7, 43, 10, 18, 22, 17, 38, 24, 14, 0, 129, 14, 63, 11.1022],
      [85, 124, 104, 54, 194, 157, 88, 84, 185, 84, 237, 37.0006, 72, 1.1767, 105, 12.0007, 111, 104, 126, 65, 217, 126, 28.0045, 293, 265, 187, 170, 2.1463, 16.1932, 17.3498, 96, 114, 44, 176, 208, 185, 211, 228, 57, 3.2206, 1219, 105, 261, 39.8577],
      [99, 130, 121, 187, 357, 178, 96, 81, 179, 85, 309, 12.9993, 152, 0.5299, 239, 91.0012, 83, 110, 202, 58, 289, 253, 57.0137, 529, 438, 230, 298, 0.9434, 90.9052, 24.5985, 91, 252, 88, 298, 371, 276, 413, 227, 91, 5.2373, 1552, 134, 301, 90.0883],
      [20, 34, 23, 21, 42, 42, 24, 25, 37, 20, 58, 4.9999, 13, 0, 34, 9.9981, 19, 23, 25, 12, 39, 15, 5.9879, 65, 52, 30, 27, 0, 7.9544, 6.0414, 21, 22, 14, 25, 39, 39, 39, 24, 15, 0.5421, 234, 22, 54, 3.9517]
    ],
    [
      [1, 2, 3, 1, 2, 5, 1, 2, 3, 1, 4, 0.9999, 1, 0.1126, 1, 0.0001, 5, 2, 2, 3, 4, 1.1613e-13, 0.0044, 3, 6, 4, 2, 0, 0.1133, 0.059, 2, 3, 1, 1, 2, 2, 3, 3, 2, 0, 24, 2, 8, 0.0109],
      [26, 42, 31, 5, 31, 45, 29, 30, 58, 25, 58, 27.0006, 11, 0.647, 11, 0.0018, 43, 20, 18, 18, 26, 9, 2.0014, 37, 42, 26, 13, 0, 1.938, 1.2466, 33, 9, 5, 16, 20, 26, 19, 29, 11, 0, 228, 16, 36, 2.036],
      [30, 46, 38, 21, 58, 51, 33, 30, 56, 25, 75, 7.9997, 27, 0.2405, 29, 3.9982, 32, 23, 29, 16, 37, 21, 7.9821, 69, 71, 34, 25, 0, 14.0268, 2.9537, 33, 24, 11, 28, 37, 39, 40, 30, 20, 0, 290, 22, 42, 7.9374],
      [8, 12, 7, 2, 6, 13, 9, 9, 12, 7, 15, 4.9998, 2, 0, 3, 1, 8, 5, 6, 5, 5, 1, 0.0122, 9, 9, 5, 3, 0, 0.922, 0.7407, 8, 2, 2, 3, 5, 6, 3, 3, 3, 0, 44, 4, 8, 1.0156]
    ],
    [
      [1.2961e-11, 1, 5.5624e-13, 3.132e-09, 5.1719e-20, 2, 1.1058e-09, 1.8558e-08, 1, 1, 1, 0, 1.2442e-06, 0, 2.289e-13, 0.0009, 2, 1, 1, 1, 3, 1.5229e-11, 0.0012, 1, 2, 2, 1, 0, 0.0357, 0.2185, 4.0175e-09, 3, 1, 1, 8.2225e-17, 1.0893e-15, 1, 2, 5.0228e-08, 0, 8, 1, 7, 0.0079],
      [6, 18, 6, 2, 7, 18, 7, 9, 17, 14, 16, 9.9999, 4, 0, 6, 1, 17, 8, 9, 6, 21, 7, 1.0112, 11, 15, 16, 9, 0, 0.0275, 2.0539, 8, 8, 5, 11, 6, 7, 9, 22, 3, 0, 81, 8, 29, 0.0104],
      [6, 19, 7, 9, 14, 20, 8, 9, 16, 14, 20, 2.0006, 10, 0, 14, 9, 12, 9, 15, 5, 28, 15, 2.003, 21, 24, 20, 17, 0, 4.0517, 2.8903, 8, 18, 11, 19, 12, 11, 18, 22, 5, 0, 103, 10, 34, 1.0151],
      [3, 6, 4, 3, 3, 6, 4, 5, 5, 4, 5, 2.9995, 3, 0, 4, 2.9991, 4, 3, 3, 2, 6, 3, 1.9846, 4, 4, 4, 3, 0, 1.8851, 1.8374, 4, 3, 3, 3, 3, 4, 4, 4, 3, 0, 18, 3, 7, 0.9666]
    ]
  ],
  "V_est": [
    [115.0439, 419.6535, 590.1486, 76.1541],
    [198.2967, 1331.6714, 1801.969, 248.0629],
    [486.8378, 4273.7506, 5427.4666, 854.9451],
    [793.2574, 6297.9503, 9170.3169, 1287.4754],
    [112.3001, 1136.8714, 1537.1384, 260.6902],
    [44.2643, 460.1028, 623.9606, 162.6723]
  ],
  "p_est": [
    [0.0958, 0.3494, 0.4914, 0.0634],
    [0.0554, 0.372, 0.5033, 0.0693],
    [0.0441, 0.387, 0.4915, 0.0774],
    [0.0452, 0.3589, 0.5226, 0.0734],
    [0.0369, 0.3731, 0.5045, 0.0856],
    [0.0343, 0.3564, 0.4833, 0.126]
  ],
  "EI_Z": {},
  "EI_V": 40.8669,
  "MAE_Z": {},
  "MAE_V": 1284.276,
  "MAE_p": 0.175,
  "runtime": 0.3452
}
