{
  "Z_true": {},
  "V_true": [
    [1553, 898, 643, 154],
    [552, 5197, 287, 419],
    [456, 168, 22341, 1102],
    [181, 572, 381, 279],
    [119, 216, 1185, 755]
  ],
  "p_true": [
    [0.4781, 0.2765, 0.198, 0.0474],
    [0.0855, 0.8051, 0.0445, 0.0649],
    [0.0189, 0.007, 0.9283, 0.0458],
    [0.1281, 0.4048, 0.2696, 0.1975],
    [0.0523, 0.0949, 0.5209, 0.3319]
  ],
  "Z_est": [
    [
      [5.6799, 2.5574, 0.9594, 41.9625, 60.1302, 11.3762, 4.3685, 9.2989, 19.4714, 11.8522, 23.5879, 54.3626, 25.3975, 57.6573, 68.0347, 84.0414, 74.3187, 44.2659, 142.2261, 65.0808, 152.7897, 121.5081, 0.9237, 62.4118, 14.8901, 7.1963, 86.8349, 57.9225, 5.0682, 3.8353, 5.3346, 0.9813, 5.9261, 51.985, 54.2619, 12.6988, 35.2808, 3.1489, 58.8688, 20.5929, 137.6953, 44.2733, 65.8962, 10.4974, 21.6116, 7.6034, 249.7449, 49.9688, 243.5985, 57.6613],
      [0.317, 0.0492, 0.0164, 1.1434, 1.7354, 0.2343, 0.7126, 0.1804, 0.3772, 0.2296, 1.2128, 3.0941, 0.492, 5.8885, 14.5498, 6.2132, 1.4433, 1.1286, 2.7555, 1.2629, 4.0964, 10.7092, 0.3525, 1.687, 0.4897, 1.0331, 2.6484, 1.688, 0.0984, 0.0656, 0.2365, 0.0453, 0.1148, 1.3309, 1.4589, 0.246, 0.881, 0.505, 1.5448, 0.6428, 7.0191, 1.3504, 1.8237, 4.8689, 5.982, 0.1476, 13.9577, 1.4191, 7.1064, 3.4646],
      [0.8838, 0.0726, 0.0242, 2.9193, 8.088, 0.3872, 4.2082, 0.2662, 0.5566, 0.3388, 1.6996, 16.4597, 0.726, 11.5415, 12.2093, 12.423, 2.1296, 1.4976, 4.0656, 3.3302, 17.5529, 24.4788, 0.5519, 6.6479, 1.4248, 6.7924, 8.7142, 14.7572, 0.1452, 0.0968, 0.4338, 0.2976, 0.1694, 3.3444, 8.5825, 0.363, 2.775, 5.8728, 6.802, 2.6189, 37.325, 9.2046, 5.7155, 3.4123, 6.0588, 0.2178, 37.2585, 2.6424, 24.7558, 9.0033],
      [0.1193, 0.3208, 0, 5.9748, 8.0464, 0.0023, 2.7106, 1.2545, 2.5947, 1.5794, 3.4996, 0.0836, 3.3844, 12.9127, 6.2062, 10.3223, 10.1084, 6.1079, 18.9528, 7.326, 22.561, 19.3039, 0.1719, 9.2533, 2.1954, 1.9782, 12.8025, 9.6323, 0.6882, 0.0023, 0.9951, 0.6758, 0.7897, 7.3398, 7.6967, 1.6922, 5.0632, 2.4732, 6.7844, 3.1454, 2.9607, 10.1717, 9.5646, 2.2214, 5.3476, 1.0311, 39.039, 6.9698, 35.5393, 8.8707]
    ],
    [
      [0.0715, 0.3103, 0.1346, 1.1906, 1.0134, 0.2483, 0.041, 5.8516, 6.9425, 3.7996, 0.2213, 0.5, 1.5427, 0.7758, 0.6066, 0.7623, 2.4004, 1.8807, 2.2968, 13.1457, 2.6949, 1.1148, 0.0119, 1.0169, 0.3545, 0.0738, 1.7073, 0.8301, 1.3329, 0.7287, 0.0149, 0.0156, 5.6544, 3.9034, 0.8226, 2.1562, 0.5517, 0.0662, 0.9068, 0.1885, 1.2541, 0.4098, 1.1731, 0.1385, 0.3387, 0.4286, 2.3197, 0.9631, 4.4791, 0.8539],
      [5.824, 6.4605, 9.8479, 81.2537, 121.1895, 10.8834, 33.6701, 19.5492, 322.5283, 242.9155, 286.1413, 133.2546, 444.5924, 69.967, 220.9521, 150.2503, 113.2267, 65.9133, 217.8585, 111.4484, 237.0464, 276.0739, 0.9706, 105.6489, 50.6481, 58.5226, 233.1007, 76.4784, 31.3462, 6.2801, 3.9156, 1.9495, 205.2119, 78.3307, 77.1757, 32.9119, 43.9123, 8.776, 88.1599, 51.5983, 186.6829, 76.7264, 131.0413, 12.635, 35.0317, 10.2912, 543.8716, 122.3465, 568.6128, 91.5434],
      [0.0386, 0.0771, 0.0175, 3.8754, 0.7918, 2.7162, 1.8936, 3.1987, 6.5283, 4.8007, 0.3558, 1.2412, 11.6166, 0.4635, 1.4356, 0.9785, 21.3637, 0.4442, 2.3485, 9.4005, 1.5708, 1.7961, 0.0064, 2.999, 7.118, 1.5068, 3.5399, 1.8079, 0.3204, 2.9912, 0.0258, 0.0129, 2.7148, 3.7788, 10.9969, 1.3985, 6.3925, 0.0579, 4.9263, 0.3412, 4.0513, 14.8915, 6.6771, 0.0837, 0.2318, 0.1589, 7.7834, 4.2739, 12.4051, 0.5987],
      [0.0659, 0.152, 0, 3.6803, 0.0053, 0.152, 0.3953, 0.4005, 1.0009, 3.4841, 0.2815, 0.0042, 5.2483, 0.7937, 0.0057, 0.0088, 0.0091, 0.7618, 9.4962, 0.0054, 2.6878, 0.0152, 0.0111, 7.3352, 1.8794, 0.8968, 2.6521, 0.8836, 0.0006, 0.0001, 0.0438, 0.022, 2.4189, 1.9871, 0.0048, 1.5334, 7.1436, 0.0998, 0.0071, 0.872, 0.0117, 2.9723, 9.1085, 0.1429, 0.3978, 0.1212, 4.0253, 1.4165, 6.503, 0.004]
    ],
    [
      [0.0592, 1.0659, 0.5671, 1.9791, 0.9605, 0.1334, 0.0151, 5.5261, 0.3305, 1.8325, 0.0818, 0.1848, 0.3838, 0.1878, 0.2242, 0.2818, 4.936, 1.2357, 16.6248, 2.4842, 5.3571, 0.412, 0.003, 1.6383, 0.0515, 0.0273, 1.7165, 0.1969, 1.9314, 0.0615, 0.0182, 0.003, 0.6413, 1.04, 0.9667, 0.2871, 2.9333, 0.0121, 1.5466, 0.0697, 0.4635, 0.1515, 2.5316, 0.0333, 0.0757, 1.3919, 0.8574, 5.2297, 15.5891, 0.5308],
      [0.0479, 0.214, 0.0655, 0.5024, 8.0146, 0.0648, 0.3724, 0.1134, 6.359, 0.0301, 4.2434, 1.2017, 3.3249, 2.0578, 2.9645, 9.9856, 0.7293, 0.4484, 2.1827, 0.6807, 3.9529, 4.3575, 0.5183, 0.6483, 0.3079, 0.4631, 7.2529, 0.497, 0.9685, 0.0378, 0.027, 2.0052, 2.5814, 0.4862, 0.4808, 0.2053, 0.2755, 0.0594, 0.5726, 0.3457, 2.6443, 0.4916, 0.7995, 0.5572, 5.0574, 0.1023, 23.0156, 0.7582, 14.22, 2.249],
      [9.3923, 10.4698, 5.3675, 350.6801, 389.5096, 18.5515, 100.6251, 70.6831, 103.5247, 22.3123, 101.6405, 357.3512, 122.6517, 543.2319, 413.2948, 888.4571, 984.3082, 484.881, 1343.2037, 421.0695, 1225.8175, 979.9364, 19.1321, 728.7979, 99.6447, 99.8179, 750.7934, 562.474, 33.8484, 24.6503, 24.8143, 6.6895, 25.8199, 442.9516, 523.0386, 120.8377, 267.5822, 96.9501, 705.3602, 385.5771, 1569.3584, 654.6252, 799.307, 87.1578, 298.9025, 65.5726, 3528.527, 303.0918, 1476.3873, 447.1448],
      [0.5007, 0.2503, 0, 12.8384, 11.5152, 0.2503, 2.9874, 1.6773, 10.7858, 5.825, 13.0343, 9.2623, 26.6396, 13.5225, 12.5166, 19.2755, 20.0265, 14.4349, 57.9888, 11.7656, 40.8725, 33.294, 0.3465, 38.9155, 5.9958, 5.6918, 49.2372, 19.8321, 1.2517, 0.2503, 2.1405, 0.3022, 6.9574, 16.5222, 10.5139, 5.67, 12.2089, 2.9784, 15.5205, 12.0075, 25.5338, 21.7317, 26.3619, 1.2517, 8.9643, 1.9333, 75.6, 10.9202, 56.8036, 12.0754]
    ],
    [
      [0.1227, 0, 0, 1.227, 1.7792, 0, 0.2454, 0.1227, 4.421, 0.9203, 1.064, 2.4541, 2.5768, 0.7362, 1.9633, 2.6995, 2.4541, 2.5154, 5.399, 1.8406, 5.1535, 4.8468, 0.0614, 1.8406, 1.043, 1.043, 2.2087, 2.0246, 0.1227, 0.0614, 0.3681, 0, 0.9203, 1.1657, 1.043, 0.7362, 1.043, 0.2454, 2.4541, 1.3497, 4.4787, 2.3927, 1.7792, 0, 0.7976, 0.2454, 10.6139, 0.9203, 5.3376, 0.2454],
      [0.5349, 0, 0, 4.2203, 8.3763, 0, 0.808, 0.3281, 10.9132, 5.6135, 15.5796, 7.8073, 13.5523, 1.4278, 9.4011, 8.9562, 7.4313, 7.827, 15.5373, 6.0633, 15.477, 18.2572, 0.1586, 3.5694, 3.1509, 3.329, 4.2833, 5.7473, 0.48, 0.2575, 0.3518, 0, 5.6009, 3.7243, 3.7842, 2.1799, 3.0321, 0.6936, 7.498, 3.8843, 18.7967, 6.4414, 4.4531, 0, 2.6551, 0.7134, 33.5876, 3.372, 23.0583, 0.4759],
      [0.4013, 0, 0, 0.8878, 2.6157, 0, 0.0009, 0.0005, 0.7701, 0.1925, 9.6765, 11.3719, 0.9423, 0.0027, 2.8433, 6.6265, 5.2157, 8.9339, 11.2226, 5.3968, 13.9679, 10.5184, 0.3095, 0.0068, 3.8951, 4.0208, 0.0082, 4.2307, 0.0005, 0.2106, 1.9515, 0, 0.2051, 0.0043, 0.3754, 2.0699, 0.8237, 0.1153, 7.8834, 3.0715, 10.9681, 6.6489, 0.0066, 0, 0.3917, 0.7032, 27.7946, 0.0034, 0.3472, 0.0009],
      [0.9411, 0, 0, 13.6648, 16.2288, 0, 2.9456, 1.5488, 16.8958, 8.2737, 23.68, 18.3667, 24.9286, 9.8333, 17.7924, 25.7178, 24.899, 21.7236, 55.8412, 16.6994, 49.4015, 45.3777, 0.4706, 24.5832, 8.911, 8.6072, 29.4998, 20.9974, 1.3969, 0.4706, 3.3286, 0, 8.2737, 14.1057, 11.7974, 7.014, 12.1012, 2.9456, 22.1646, 13.6944, 38.7565, 23.517, 22.7611, 0, 9.1556, 2.338, 101.004, 10.7043, 58.257, 3.2778]
    ],
    [
      [0.0667, 0.0664, 0.3389, 2.6408, 2.1167, 0.242, 0.3299, 0.2007, 3.8346, 0.5954, 2.045, 3.4985, 3.0992, 2.6428, 3.1713, 5.215, 7.8908, 3.1023, 8.4533, 2.4487, 7.0047, 8.1183, 0, 4.0925, 0.6609, 0.6597, 6.5326, 4.0258, 0.5448, 0.3131, 0.2642, 0, 0.858, 2.906, 2.9058, 1.1218, 1.1912, 0.5273, 4.2237, 0.7991, 9.1084, 2.7726, 4.6199, 0.3308, 2.1763, 0.3307, 19.4642, 1.9181, 8.9956, 2.7086],
      [0.2763, 0.2763, 1.0702, 5.8801, 6.6842, 0.8175, 1.4368, 0.8289, 12.8223, 2.2112, 9.8229, 8.6423, 16.0383, 5.6589, 11.1325, 12.5946, 12.1694, 7.6828, 17.666, 6.5446, 16.4273, 29.6022, 0, 8.4464, 2.4034, 2.6523, 17.7147, 7.5893, 2.1069, 0.359, 0.4691, 0, 4.4909, 6.128, 6.1004, 2.4569, 2.8991, 0.9659, 8.2246, 7.5289, 17.857, 5.9903, 9.8824, 0.939, 7.2738, 0.7454, 42.5676, 6.1042, 29.0025, 6.2671],
      [0.284, 0.3805, 0.5908, 19.6373, 12.9948, 1.3451, 1.2722, 0.8515, 9.6203, 2.3557, 8.6276, 31.576, 12.0634, 19.7604, 20.217, 39.5148, 56.9828, 22.2432, 61.1596, 16.803, 49.0909, 50.2703, 0, 28.5483, 2.9174, 2.862, 44.9443, 31.7302, 2.6855, 1.0511, 1.7747, 0, 3.0908, 21.9209, 23.0066, 8.3309, 6.4266, 4.0039, 34.0283, 21.3913, 76.2972, 18.6298, 34.2938, 2.3461, 14.4152, 2.3475, 150.6365, 11.9884, 54.1047, 21.2522],
      [0.373, 0.2768, 0, 11.8417, 10.2043, 0.5954, 1.9611, 1.1189, 10.7228, 3.8377, 10.5045, 9.2832, 15.799, 11.9379, 13.4792, 21.6755, 24.957, 13.9717, 40.721, 11.2036, 33.4771, 35.0092, 0, 20.9129, 4.0183, 3.826, 29.8084, 17.6547, 1.6627, 0.2767, 1.4919, 0, 4.5602, 13.0451, 11.9872, 5.0904, 7.483, 2.503, 17.5234, 14.2807, 34.7374, 14.6073, 21.2039, 1.384, 9.1347, 1.5764, 82.3318, 8.9892, 43.8972, 10.7721]
    ]
  ],
  "V_est": [
    [2457.6401, 120.0502, 331.8427, 338.4669],
    [80.2405, 6114.567, 179.0437, 81.1487],
    [84.8625, 119.5418, 23095.8138, 766.7819],
    [87.0827, 303.3904, 167.6341, 854.8928],
    [151.1741, 393.4506, 1062.6656, 667.7097]
  ],
  "p_est": [
    [0.7567, 0.037, 0.1022, 0.1042],
    [0.0124, 0.9473, 0.0277, 0.0126],
    [0.0035, 0.005, 0.9596, 0.0319],
    [0.0616, 0.2147, 0.1186, 0.605],
    [0.0665, 0.1729, 0.4671, 0.2935]
  ],
  "EI_Z": {},
  "EI_V": 9.4693,
  "MAE_Z": {},
  "MAE_V": 354.7005,
  "MAE_p": 0.1009,
  "runtime": 1.2232
}
