{
  "Z_true": {},
  "V_true": [
    [9, 555, 42, 1244, 82],
    [133, 864, 134, 16851, 694],
    [348, 135, 7769, 1113, 418],
    [107, 66, 526, 600, 378],
    [503, 21, 272, 324, 49],
    [105, 57, 253, 837, 702]
  ],
  "p_true": [
    [0.0047, 0.2873, 0.0217, 0.6439, 0.0424],
    [0.0071, 0.0463, 0.0072, 0.9023, 0.0372],
    [0.0356, 0.0138, 0.7941, 0.1138, 0.0427],
    [0.0638, 0.0394, 0.3137, 0.3578, 0.2254],
    [0.4303, 0.018, 0.2327, 0.2772, 0.0419],
    [0.0537, 0.0292, 0.1295, 0.4284, 0.3593]
  ],
  "Z_est": [
    [
      [0.0161, 0.2049, 0.0135, 0.0251, 0.0374, 0.0137, 0.033, 0.0415, 0.0274, 0.0454, 0.0228, 0.0136, 0.0053, 0.0313, 0.2886, 0, 0.0198, 0.0308, 0.0108, 0.0565, 0.0029, 0.0089, 0.0071, 0.0154, 0.0036, 0.0136, 0.0903, 0.0144, 0.0297, 0.0481, 0.0378, 0.0644, 0.0443, 0.0678, 0.0558, 0.0046, 0.0224, 0.0069, 0.0537, 0.0369, 0.0209, 0.0151, 0.0292, 0.0134, 0.0089, 0.1077, 0.0009, 0.0977, 0.011],
      [18.1613, 15.4045, 9.8388, 22.637, 11.9179, 9.3688, 22.9659, 18.9226, 14.7915, 29.8502, 11.0347, 7.931, 8.4342, 25.1222, 6.4899, 3.0214, 3.8084, 22.7063, 10.4313, 19.526, 8.4293, 7.651, 11.8462, 14.3205, 10.7788, 12.7217, 118.0429, 30.5278, 13.5424, 43.1357, 33.0293, 53.6821, 0.8785, 38.8939, 28.6437, 11.2387, 5.7525, 14.6759, 166.1176, 53.1351, 9.8768, 10.8897, 10.7302, 11.8751, 3.0585, 55.5828, 5.8608, 128.9397, 30.3019],
      [0.1473, 0.6619, 0.1374, 0.1547, 0.3361, 0.1809, 0.3739, 0.4962, 0.1416, 1.1433, 0.3086, 0.231, 0.0486, 0.1649, 0.0387, 0.0033, 0, 0.2609, 0.241, 0.445, 0.2474, 0.1219, 0.0331, 0.1159, 0.1591, 0.3064, 1.0589, 0.234, 0.3027, 0.4005, 0.3543, 0.3782, 0.2225, 0.4951, 0.5586, 0.2804, 0.113, 0.1604, 1.3253, 0.1859, 0.3147, 0.1318, 0.2001, 0.1169, 0.0635, 1.6317, 0.1396, 0.8738, 0.1345],
      [10.4025, 28.108, 9.833, 9.9181, 13.467, 8.2117, 15.1833, 11.1484, 8.7714, 30.3114, 10.3779, 7.6289, 3.3968, 15.2705, 0.1694, 0.9465, 5.8583, 10.8074, 8.1552, 20.4768, 4.2158, 6.0042, 3.0095, 5.4216, 7.8465, 3.7753, 45.8004, 8.9718, 8.9203, 20.8376, 16.1508, 29.1369, 1.7782, 25.8834, 18.3927, 8.2608, 9.7822, 5.0244, 68.7197, 13.4203, 5.6333, 6.7661, 7.8623, 3.8785, 3.7176, 45.7591, 5.8447, 34.8214, 6.501],
      [0.2727, 0.6206, 0.1773, 0.2652, 0.2416, 0.2249, 0.4439, 0.3913, 0.2682, 0.6497, 0.256, 0.1955, 0.1151, 0.4112, 0.0134, 0.0288, 0.3135, 0.1947, 0.1617, 0.4957, 0.1047, 0.2141, 0.1041, 0.1267, 0.212, 0.183, 1.0075, 0.252, 0.205, 0.5781, 0.4278, 0.7384, 0.0764, 0.6598, 0.3493, 0.2155, 0.3298, 0.1324, 1.7838, 0.2218, 0.1544, 0.1973, 0.1783, 0.1161, 0.1515, 0.9186, 0.1541, 1.2673, 0.0517]
    ],
    [
      [6.2712, 10.0918, 3.8921, 8.2763, 8.9282, 2.7207, 8.6468, 5.3994, 9.9189, 7.5081, 5.2785, 2.7912, 1.8684, 11.1216, 1.4906, 0, 0.0947, 6.8973, 1.4084, 6.3181, 0.8254, 2.0325, 2.0281, 4.6996, 0.6365, 1.7904, 14.3097, 5.0234, 3.5546, 7.0835, 5.825, 5.9224, 0.1265, 19.2196, 13.7047, 0.8653, 1.1388, 2.5535, 6.9139, 3.532, 2.9317, 3.4177, 6.159, 4.8021, 4.1574, 15.6808, 0.1473, 21.8247, 0.9078],
      [12.7462, 1.3854, 4.8287, 12.858, 4.4981, 3.2599, 11.1368, 4.581, 8.1648, 8.1126, 4.394, 2.773, 4.8068, 13.9438, 5.031, 0.712, 0.0999, 9.4068, 2.2796, 3.1688, 3.2164, 3.0592, 6.3874, 7.8703, 2.847, 3.4073, 35.7593, 17.6711, 3.0157, 12.2179, 9.9521, 8.8652, 0.0929, 19.8622, 12.9682, 3.4402, 0.2081, 8.5005, 28.4217, 12.6384, 2.674, 4.4985, 3.8653, 7.3449, 1.7789, 14.8806, 1.6229, 52.8084, 6.0193],
      [5.8365, 8.0893, 3.7825, 7.3409, 8.6318, 3.2913, 9.787, 6.6374, 9.2894, 17.2046, 7.3924, 4.491, 3.7075, 11.9876, 1.1578, 0.1207, 0, 5.589, 2.7775, 6.2566, 4.8915, 2.6748, 1.1723, 3.6, 2.2616, 3.4585, 16.6361, 9.2491, 3.6534, 5.785, 5.3781, 4.62, 1.2014, 18.5625, 15.4932, 4.3453, 1.5586, 7.3829, 16.3798, 2.4158, 3.9593, 2.9745, 4.1128, 4.5148, 6.1249, 23.9143, 2.7472, 19.7369, 1.3729],
      [576.6356, 425.2654, 381.218, 422.9005, 418.0718, 215.2859, 530.991, 196.1723, 361.5275, 630.9224, 317.339, 207.8639, 153.254, 634.9196, 36.3397, 23.5058, 9.0502, 317.4985, 133.0769, 274.8394, 116.5154, 181.0081, 131.0078, 224.805, 151.9347, 75.3506, 977.7481, 404.6382, 146.5058, 414.547, 343.039, 351.5978, 35.4957, 961.3354, 594.0398, 184.2195, 79.9689, 222.3769, 848.4041, 233.4675, 112.1924, 203.8618, 205.3254, 191.0264, 246.5994, 885.7062, 155.0575, 1028.9031, 93.9881],
      [54.5104, 35.1681, 26.2787, 42.6242, 28.8701, 23.4422, 60.4384, 27.2099, 42.0994, 53.2524, 30.596, 21.0809, 19.3634, 64.0274, 2.9809, 2.6615, 0.7551, 22.6085, 10.4576, 25.4171, 11.5513, 25.2255, 17.4043, 20.0251, 16.3202, 14.9932, 84.5468, 42.4182, 13.2706, 45.3666, 35.8058, 33.9946, 6.0836, 94.0202, 43.7941, 19.1296, 9.1256, 22.1862, 83.8806, 15.9464, 12.2427, 23.2476, 18.5376, 21.3118, 35.3394, 69.8181, 16.4252, 149.7269, 4.7118]
    ],
    [
      [4.661, 8.6021, 2.9798, 12.6176, 17.4603, 3.1348, 6.1967, 5.9262, 17.4032, 15.8719, 9.4552, 3.3102, 5.1716, 27.1045, 2.8776, 0, 0.8572, 10.434, 2.323, 10.3031, 0.7053, 1.8369, 3.1192, 3.153, 0.9583, 4.6778, 15.7571, 4.757, 5.0877, 14.5835, 6.8157, 12.7546, 0.3467, 33.7099, 23.0673, 1.9416, 1.8533, 3.0105, 14.0939, 5.1165, 4.9645, 4.9556, 5.7551, 2.7525, 3.6888, 19.6224, 0.2136, 34.108, 2.0403],
      [0.226, 0.0261, 0.0857, 0.4941, 0.1134, 0.0782, 0.1913, 0.1269, 0.3558, 0.2121, 0.096, 0.044, 0.3654, 0.8476, 0.0824, 0.091, 0.0568, 0.3587, 0.084, 0.0669, 0.0634, 0.0638, 0.2397, 0.1234, 0.0662, 0.2739, 0.9317, 0.3325, 0.1078, 0.6257, 0.2967, 0.4748, 0.0128, 0.8175, 0.5423, 0.1153, 0.0098, 0.215, 1.212, 0.4596, 0.1287, 0.1704, 0.0723, 0.0938, 0.0213, 0.3224, 0.3915, 1.694, 0.3596],
      [79.7326, 112.9428, 53.1798, 198.1665, 294.7756, 70.3396, 124.3709, 127.7839, 262.2711, 585.6961, 233.6547, 92.1561, 167.8754, 478.4726, 14.4469, 9.4375, 10.7111, 144.0187, 78.3185, 173.1762, 56.4761, 43.0091, 36.6395, 43.8081, 39.1898, 131.3756, 319.0039, 144.5746, 93.6581, 205.5568, 115.7297, 159.655, 74.4627, 548.0021, 441.0077, 106.3884, 55.5256, 136.0712, 469.8206, 66.318, 114.6947, 76.76, 53.0665, 45.4093, 99.0944, 513.3849, 50.3181, 510.0962, 52.8011],
      [16.9685, 14.913, 12.026, 29.0889, 37.8805, 11.1058, 15.4785, 9.6277, 27.7869, 59.7271, 25.9471, 11.3212, 18.1294, 68.9741, 2.2859, 2.0296, 2.835, 21.3418, 9.854, 20.8265, 3.0911, 7.139, 9.5738, 5.7626, 6.4267, 8.975, 48.2342, 15.9936, 9.4838, 38.1445, 18.47, 33.8101, 9.2907, 76.2488, 45.3586, 12.1176, 7.059, 10.6168, 67.1629, 16.0292, 8.3686, 14.1409, 6.8408, 3.7135, 10.4064, 50.2865, 7.5366, 73.3256, 9.9329],
      [3.4118, 2.5159, 1.7286, 5.6329, 4.7702, 2.3416, 3.7627, 2.5353, 6.1829, 9.4929, 4.8469, 2.1684, 4.4582, 13.6013, 0.3072, 0.4419, 0.5398, 2.8469, 1.4205, 3.6273, 0.6641, 1.9512, 2.4278, 1.153, 1.3591, 2.6978, 8.0731, 3.3422, 1.6626, 8.0894, 3.6879, 6.3056, 2.8871, 14.2217, 6.0242, 2.4371, 1.5523, 2.0864, 12.7107, 2.0766, 1.8435, 2.9732, 1.2653, 1.0309, 2.7891, 7.3838, 1.5402, 19.7762, 0.866]
    ],
    [
      [0.669, 1.0905, 0.2728, 0.9875, 1.3027, 0.3628, 0.8032, 0.6906, 1.311, 1.1144, 0.8598, 0.3378, 0.2496, 1.2391, 0.2726, 0, 0.0203, 0.5721, 0.183, 0.6165, 0.1672, 0.199, 0.2418, 0.6322, 0.1685, 0.5044, 2.0571, 0.6361, 0.6374, 0.8643, 0.6312, 1.0854, 0.0429, 2.1921, 1.3037, 0.1248, 0.0989, 0.3053, 0.9812, 0.3064, 0.5541, 0.448, 0.9747, 0.692, 0.3948, 1.8658, 0.0497, 2.1975, 0.0621],
      [0.7201, 0.1635, 0.197, 0.8302, 0.4047, 0.2493, 0.5755, 0.3236, 0.5562, 0.6691, 0.4149, 0.1941, 0.3291, 0.8476, 0.3609, 0.0918, 0.0199, 0.4155, 0.1563, 0.1847, 0.2571, 0.1676, 0.4513, 0.5825, 0.2732, 0.5304, 2.8261, 1.1952, 0.2995, 0.8174, 0.6018, 0.8722, 0.0123, 1.2273, 0.6725, 0.1666, 0.0259, 0.4957, 1.8503, 0.6319, 0.2823, 0.3277, 0.288, 0.5784, 0.1226, 0.9927, 0.1051, 2.9377, 0.217],
      [2.307, 2.8504, 0.9587, 3.1591, 4.3986, 1.6299, 3.2495, 3.0359, 4.014, 8.0856, 4.1601, 1.9228, 1.6796, 4.4236, 0.2693, 0.1602, 0.1655, 1.5298, 1.2677, 2.0519, 2.4578, 0.9296, 0.5697, 1.7448, 1.352, 1.9644, 8.3664, 3.9067, 2.2541, 2.4841, 2.1692, 2.6726, 0.6396, 7.2829, 4.9301, 1.2696, 0.5939, 2.7481, 6.559, 0.7897, 2.4277, 1.424, 1.7905, 2.2626, 2.1214, 9.9328, 0.8293, 6.6086, 0.2668],
      [38.5787, 27.9552, 16.0581, 32.1501, 39.0025, 18.4964, 31.6509, 16.1506, 28.9473, 55.9976, 32.7495, 16.1161, 12.4004, 44.7933, 2.6656, 3.0652, 1.5638, 15.9467, 10.6324, 16.8031, 10.8041, 11.2766, 10.701, 19.3541, 16.373, 13.0532, 88.2287, 31.2978, 16.5334, 32.298, 24.2394, 39.9679, 4.5969, 68.9283, 35.3603, 10.1833, 5.0686, 15.2397, 64.1016, 13.2775, 13.5221, 17.5709, 17.5667, 17.307, 15.5292, 66.824, 9.0154, 64.5455, 3.9665],
      [7.7252, 4.9404, 2.5134, 6.8731, 5.8915, 4.2617, 7.7209, 4.7993, 7.1716, 10.1332, 6.8158, 3.4292, 3.3412, 9.6964, 0.4316, 0.6828, 0.2305, 2.5358, 1.7607, 3.3438, 2.3139, 3.4273, 3.0361, 3.6865, 3.8333, 5.9477, 16.5217, 6.9642, 3.2756, 7.5361, 5.3583, 8.402, 1.7083, 14.3694, 5.7335, 2.2557, 1.2126, 3.2113, 13.5079, 1.9945, 3.2138, 4.2295, 3.3802, 4.1601, 4.8319, 11.3847, 2.0004, 20.7107, 0.4876]
    ],
    [
      [8.1371, 10.4993, 3.6953, 13.7158, 18.9126, 3.6388, 8.9514, 6.7681, 27.9123, 18.9747, 9.1604, 8.3514, 3.6261, 35.0765, 0, 0, 0, 11.8202, 5.9906, 20.4241, 1.2604, 5.8055, 3.5419, 6.2902, 1.1944, 3.9053, 19.1937, 8.2754, 5.5704, 17.0924, 5.4097, 8.9395, 1.4325, 23.1615, 25.3295, 3.0255, 0.8257, 3.9967, 14.6211, 8.9137, 7.4313, 12.9096, 6.7747, 4.4359, 2.5452, 28.9784, 0.5735, 32.9575, 4.9391],
      [0.049, 0.006, 0.0143, 0.0647, 0.0296, 0.0135, 0.0353, 0.0176, 0.0654, 0.0603, 0.0238, 0.0236, 0.026, 0.1334, 0, 0.0824, 0, 0.0482, 0.023, 0.0257, 0.0107, 0.0247, 0.0365, 0.0322, 0.0103, 0.023, 0.1463, 0.0858, 0.0148, 0.0902, 0.0233, 0.0364, 0.0027, 0.0696, 0.0732, 0.0218, 0.0005, 0.036, 0.1563, 0.0935, 0.0208, 0.0486, 0.0103, 0.0198, 0.0041, 0.0841, 0.0063, 0.241, 0.0378],
      [4.943, 4.7847, 2.3025, 7.7043, 11.3747, 2.8518, 6.3959, 5.1712, 14.675, 24.0057, 8.0972, 8.0284, 4.0285, 22.1047, 0, 0.2707, 0, 5.7813, 6.7012, 11.8697, 3.1845, 4.6146, 1.4205, 3.0229, 1.6265, 3.9613, 13.98, 8.9017, 3.6169, 8.6194, 3.2093, 3.9509, 3.2808, 13.2355, 17.4601, 5.3271, 0.7266, 6.1985, 17.076, 4.0254, 6.1017, 6.8923, 2.1154, 2.5145, 2.276, 27.3454, 1.5818, 17.7284, 4.1508],
      [8.3428, 4.4465, 3.7999, 7.9758, 10.2026, 3.2596, 6.1352, 2.7822, 10.4951, 16.9861, 6.3091, 6.1374, 3.0531, 22.1342, 0, 0.6132, 0, 6.0587, 4.9804, 9.0691, 1.4522, 5.0317, 2.7591, 3.4531, 2.0266, 1.858, 14.8041, 7.2288, 2.6401, 11.3572, 3.108, 5.6879, 2.9307, 11.6858, 12.5086, 4.3295, 0.3979, 3.5358, 17.013, 6.6495, 3.2098, 7.4962, 1.974, 1.8853, 1.0209, 18.5887, 1.7181, 17.3148, 4.6789],
      [0.5281, 0.2635, 0.188, 0.5394, 0.4805, 0.2362, 0.4822, 0.2609, 0.8522, 0.9732, 0.4095, 0.4593, 0.2662, 1.5512, 0, 0.0337, 0, 0.2916, 0.3049, 0.6115, 0.0921, 0.5235, 0.2419, 0.2017, 0.1422, 0.2523, 0.8759, 0.5083, 0.1578, 0.8407, 0.2497, 0.3853, 0.3533, 0.8476, 0.6286, 0.2961, 0.0493, 0.233, 1.1336, 0.318, 0.2364, 0.6532, 0.1257, 0.1445, 0.1538, 1.0034, 0.1203, 1.7582, 0.1933]
    ],
    [
      [0.2455, 0.5114, 0.1464, 0.3777, 0.3587, 0.1292, 0.3688, 0.1742, 0.4271, 0.4855, 0.2233, 0.1958, 0.079, 0.4271, 0.0706, 0, 0.008, 0.2457, 0.0842, 0.2817, 0.0388, 0.1172, 0.0618, 0.2096, 0.0386, 0.1085, 0.5921, 0.2937, 0.1203, 0.3281, 0.2806, 0.2337, 0.0071, 0.649, 0.5391, 0.0381, 0.0608, 0.1271, 0.3363, 0.0945, 0.0975, 0.254, 0.3073, 0.3042, 0.2048, 0.7448, 0.015, 0.8145, 0.0396],
      [0.0975, 0.0144, 0.0355, 0.1159, 0.0363, 0.0303, 0.0952, 0.0283, 0.0664, 0.0956, 0.0366, 0.0343, 0.0385, 0.1055, 0.0358, 0.0014, 0.0149, 0.0645, 0.0259, 0.0279, 0.0232, 0.0337, 0.0389, 0.0712, 0.0245, 0.0436, 0.2937, 0.1875, 0.0198, 0.1131, 0.0968, 0.0694, 0.0009, 0.1295, 0.1002, 0.0174, 0.0032, 0.0769, 0.2421, 0.0415, 0.0175, 0.0652, 0.0338, 0.0879, 0.0147, 0.1373, 0.0135, 0.3792, 0.0643],
      [1.0335, 1.6709, 0.639, 1.4745, 1.4832, 0.7066, 1.8228, 0.8755, 1.6089, 3.8648, 1.3869, 1.1707, 0.6603, 1.8466, 0.0873, 0.0075, 0.1234, 0.8203, 0.6941, 1.2007, 0.7428, 0.6501, 0.1649, 0.7084, 0.4111, 0.9338, 2.9547, 2.1338, 0.5148, 1.1541, 1.1594, 0.7234, 0.193, 2.4219, 2.5505, 0.3892, 0.4823, 1.4389, 2.8394, 0.2652, 0.5019, 0.8174, 0.7149, 1.182, 1.3198, 4.7908, 0.3839, 2.9561, 0.2739],
      [53.0718, 50.3119, 34.065, 45.9667, 40.3757, 24.6405, 54.5611, 15.1187, 35.4719, 93.0555, 32.2774, 33.9324, 14.7664, 57.9082, 2.5395, 0.8398, 1.6927, 26.3469, 18.3012, 28.9851, 9.9215, 24.5405, 9.9487, 24.2036, 15.3926, 10.988, 96.1846, 53.8698, 11.9167, 45.8157, 39.9928, 32.7994, 3.9077, 75.9184, 55.3399, 11.8893, 11.7233, 24.2064, 84.5987, 15.1559, 9.0738, 36.1642, 21.4309, 28.1893, 29.7265, 99.8356, 12.8278, 90.0896, 9.9326],
      [6.5517, 5.4914, 3.114, 6.0651, 3.7461, 3.4934, 8.152, 2.8032, 5.4258, 10.4987, 4.0758, 4.6668, 2.4558, 7.7126, 0.2669, 0.1514, 0.161, 2.5226, 1.8946, 3.5046, 1.2738, 4.6584, 1.7857, 2.8071, 2.1332, 2.926, 10.9749, 7.5152, 1.4284, 6.589, 5.4705, 4.174, 0.8913, 9.8813, 5.4704, 1.666, 1.7303, 3.1508, 10.9834, 1.4428, 1.3093, 5.6992, 2.513, 4.2366, 5.7342, 10.4915, 1.7598, 17.7606, 0.6895]
    ]
  ],
  "V_est": [
    [1.8709, 1236.5228, 16.1752, 660.5787, 16.8524],
    [270.7365, 414.0809, 323.5482, 16067.3429, 1600.2915],
    [402.1366, 14.2402, 8113.4246, 1051.6872, 201.5113],
    [33.3739, 27.5123, 134.667, 1218.454, 262.9929],
    [484.9851, 2.2021, 349.2353, 311.125, 21.4524],
    [11.897, 3.4417, 58.9498, 1659.8121, 219.8995]
  ],
  "p_est": [
    [0.001, 0.64, 0.0084, 0.3419, 0.0087],
    [0.0145, 0.0222, 0.0173, 0.8603, 0.0857],
    [0.0411, 0.0015, 0.8293, 0.1075, 0.0206],
    [0.0199, 0.0164, 0.0803, 0.7266, 0.1568],
    [0.4149, 0.0019, 0.2987, 0.2661, 0.0184],
    [0.0061, 0.0018, 0.0302, 0.8494, 0.1125]
  ],
  "EI_Z": {},
  "EI_V": 10.8896,
  "MAE_Z": {},
  "MAE_V": 255.4774,
  "MAE_p": 0.0877,
  "runtime": 0.211
}
