{
  "X": [
    [20, 32, 94, 704, 73],
    [31, 17, 131, 551, 49],
    [11, 15, 61, 457, 34],
    [36, 37, 218, 548, 62],
    [47, 17, 321, 559, 44],
    [10, 13, 79, 281, 34],
    [25, 35, 146, 654, 81],
    [19, 24, 144, 251, 38],
    [57, 24, 292, 473, 62],
    [44, 39, 640, 887, 85],
    [25, 16, 255, 425, 47],
    [15, 11, 108, 283, 32],
    [11, 14, 178, 205, 30],
    [75, 41, 519, 844, 97],
    [5, 12, 16, 44, 4],
    [0, 4, 10, 31, 4],
    [1, 4, 11, 21, 2],
    [30, 33, 158, 398, 31],
    [10, 13, 90, 185, 16],
    [38, 23, 195, 371, 37],
    [3, 12, 68, 146, 16],
    [10, 11, 52, 235, 36],
    [9, 19, 40, 167, 25],
    [15, 23, 53, 283, 28],
    [3, 14, 45, 200, 24],
    [11, 17, 142, 114, 27],
    [52, 158, 362, 1271, 122],
    [19, 50, 169, 522, 61],
    [15, 17, 104, 196, 20],
    [40, 57, 224, 563, 69],
    [19, 44, 128, 445, 51],
    [29, 64, 172, 493, 54],
    [2, 1, 80, 58, 12],
    [79, 61, 590, 1220, 134],
    [64, 43, 482, 761, 62],
    [6, 15, 118, 231, 26],
    [4, 6, 59, 114, 14],
    [10, 24, 154, 281, 31],
    [37, 198, 514, 1150, 124],
    [18, 67, 74, 298, 22],
    [16, 13, 128, 152, 19],
    [22, 16, 89, 286, 37],
    [20, 15, 62, 261, 26],
    [13, 20, 56, 246, 31],
    [11, 5, 111, 307, 49],
    [67, 72, 581, 1167, 101],
    [1, 8, 56, 192, 22],
    [92, 187, 558, 1309, 211],
    [8, 37, 59, 129, 7]
  ],
  "W": [
    [29, 656, 105, 50, 22, 61],
    [45, 480, 139, 37, 20, 58],
    [20, 420, 70, 20, 10, 38],
    [33, 494, 246, 44, 30, 54],
    [26, 469, 355, 51, 41, 46],
    [18, 248, 87, 25, 10, 29],
    [39, 621, 150, 44, 22, 65],
    [31, 240, 146, 25, 15, 19],
    [24, 431, 314, 42, 54, 43],
    [62, 717, 671, 76, 61, 108],
    [22, 365, 274, 45, 24, 38],
    [16, 239, 109, 22, 23, 40],
    [12, 183, 196, 18, 11, 18],
    [41, 736, 589, 61, 81, 68],
    [7, 47, 20, 4, 0, 3],
    [4, 27, 12, 4, 1, 1],
    [10, 10, 15, 2, 0, 2],
    [34, 362, 179, 21, 24, 30],
    [19, 150, 92, 14, 18, 21],
    [41, 316, 208, 23, 42, 34],
    [13, 137, 61, 16, 6, 12],
    [14, 214, 54, 16, 16, 30],
    [15, 158, 52, 15, 8, 12],
    [20, 261, 54, 26, 13, 28],
    [19, 174, 48, 22, 5, 18],
    [17, 99, 148, 22, 10, 15],
    [166, 1129, 392, 118, 49, 111],
    [40, 479, 169, 44, 25, 64],
    [23, 170, 110, 23, 12, 14],
    [65, 485, 267, 44, 38, 54],
    [50, 400, 145, 33, 12, 47],
    [84, 405, 213, 53, 19, 38],
    [3, 43, 87, 7, 8, 5],
    [66, 1113, 673, 94, 49, 89],
    [48, 680, 516, 48, 56, 64],
    [20, 212, 123, 14, 13, 14],
    [16, 92, 66, 7, 2, 14],
    [20, 263, 152, 22, 14, 29],
    [238, 984, 565, 87, 50, 99],
    [67, 268, 90, 17, 20, 17],
    [16, 134, 130, 20, 17, 11],
    [18, 238, 99, 24, 28, 43],
    [19, 238, 67, 24, 11, 25],
    [16, 229, 53, 25, 9, 34],
    [7, 294, 116, 23, 6, 37],
    [104, 1010, 591, 91, 76, 116],
    [12, 176, 60, 12, 4, 15],
    [166, 1273, 639, 97, 70, 112],
    [37, 107, 66, 5, 14, 11]
  ],
  "method": "mvn_cdf",
  "mvncdf_method": "genz",
  "mvncdf_samples": 5000,
  "mvncdf_error": 0.001,
  "cond_prob": [
    [
      [0.0005558835796, 0.62625155973, 0.0050803527865, 0.35870756676, 0.0094046371468],
      [0.0095597822156, 0.019430196456, 0.0088971060983, 0.87901774385, 0.083095171385],
      [0.04439052448, 0.0021522982303, 0.75935846104, 0.1616052237, 0.032493492548],
      [0.013380144313, 0.014401464201, 0.046140275523, 0.77157434279, 0.15450377317],
      [0.36986893663, 0.002225823306, 0.22468132774, 0.37921753817, 0.024006374161],
      [0.0040251368999, 0.0015977582944, 0.01694306185, 0.87002933006, 0.10740471289]
    ],
    [
      [0.0045529396614, 0.34232291341, 0.014709664995, 0.62462313358, 0.013791348356],
      [0.021024675193, 0.0028862116252, 0.016852712779, 0.88596952011, 0.07326688029],
      [0.061885581537, 0.0001881267147, 0.81253816146, 0.10728804457, 0.018100085716],
      [0.029474219355, 0.004418410884, 0.077037472088, 0.75554550697, 0.1335243907],
      [0.52496253702, 0.00030205981023, 0.23923401081, 0.22232451268, 0.013176879679],
      [0.0088169126287, 0.00024853973076, 0.028808479569, 0.86744615737, 0.094679910705]
    ],
    [
      [0.00067626924153, 0.49194248698, 0.0068702378689, 0.49164832763, 0.0088626782711],
      [0.0092669709839, 0.011496797618, 0.0090059995151, 0.90766189339, 0.062568338488],
      [0.042569252717, 0.0012236468758, 0.75971196737, 0.17180057335, 0.024694559688],
      [0.013639403435, 0.0098508382946, 0.047936646751, 0.8029051504, 0.12566796112],
      [0.36952890584, 0.0014300181331, 0.23025235378, 0.3799850695, 0.018803652745],
      [0.0038532101222, 0.00093481663735, 0.016815296259, 0.89644853642, 0.081948140564]
    ],
    [
      [0.00076085559409, 0.68596840579, 0.0046865019882, 0.30054764416, 0.0080365924604],
      [0.016753583628, 0.026028434138, 0.014860204353, 0.85607395988, 0.086283818002],
      [0.051290927799, 0.0020086837894, 0.80555494811, 0.11824741771, 0.022898022587],
      [0.022443371954, 0.018868891996, 0.07179693214, 0.73068397745, 0.15620682646],
      [0.45719347212, 0.0021561602822, 0.25681003675, 0.26585924018, 0.017981090675],
      [0.0069951978754, 0.0021471088179, 0.02730594688, 0.8512343443, 0.11231740213]
    ],
    [
      [0.0014382884621, 0.45838226194, 0.012927848746, 0.51796084872, 0.009290752125],
      [0.019036753344, 0.0095908057675, 0.018404615596, 0.89141118678, 0.061556638513],
      [0.049184009165, 0.00031935389736, 0.83035392003, 0.10670552997, 0.013437186931],
      [0.025543372954, 0.0079352210544, 0.086246815107, 0.7647542882, 0.11552030269],
      [0.46128257978, 0.00072230181141, 0.27743179416, 0.24884283013, 0.011720494112],
      [0.0077988290506, 0.00078895658515, 0.032243010327, 0.87773224912, 0.081436954917]
    ],
    [
      [0.00076277135094, 0.52049028639, 0.010048805864, 0.45620415228, 0.012493984116],
      [0.010970529987, 0.013144691589, 0.013271292842, 0.86808849823, 0.094524987349],
      [0.036031776951, 0.00089921961817, 0.80850099762, 0.12765287341, 0.026915132398],
      [0.01451052856, 0.0099703394879, 0.065196407354, 0.73985641819, 0.1704663064],
      [0.36388402993, 0.0013524812711, 0.28517765822, 0.32596462253, 0.02362120805],
      [0.0044555369251, 0.0010439973842, 0.024364390019, 0.84967313897, 0.1204629367]
    ],
    [
      [0.00084634762198, 0.58886960222, 0.0095866755905, 0.38931539911, 0.011381975455],
      [0.013924024018, 0.017933728209, 0.015760026474, 0.85505793557, 0.097324285732],
      [0.041311260749, 0.0012752052971, 0.82913915746, 0.1031899443, 0.025084432191],
      [0.01825514237, 0.013078788229, 0.073852414947, 0.71933975877, 0.17547389568],
      [0.40688338498, 0.001602340858, 0.29072344692, 0.27887079036, 0.021920036881],
      [0.0056742104862, 0.0014652510737, 0.028043807728, 0.83940189275, 0.12541483796]
    ],
    [
      [0.001338269945, 0.61040590186, 0.016005037851, 0.3596268151, 0.012623975242],
      [0.022497399875, 0.019087474449, 0.027655851435, 0.81738468619, 0.11337458806],
      [0.040590213634, 0.00086909891357, 0.87523217097, 0.065943150307, 0.017365366179],
      [0.027624805754, 0.012944553407, 0.12143487364, 0.64602343512, 0.19197233209],
      [0.45120878982, 0.0011731855738, 0.34474455224, 0.18548159633, 0.017391876037],
      [0.0091691831605, 0.0014906902273, 0.046079073521, 0.79572285682, 0.14753819628]
    ],
    [
      [0.0011414037941, 0.61631100007, 0.0058980853833, 0.36547381466, 0.011175696098],
      [0.023013763127, 0.018943820878, 0.021553206055, 0.83881081282, 0.097678397117],
      [0.055424362562, 0.0011332620689, 0.83525835886, 0.088493398956, 0.019690617556],
      [0.031215087265, 0.013241849063, 0.095571023022, 0.68922062687, 0.17075141378],
      [0.51689479603, 0.0012104031261, 0.27175991812, 0.19435288931, 0.01578199341],
      [0.00993190479, 0.0015438483919, 0.037415602665, 0.82492833716, 0.12618030699]
    ],
    [
      [0.00073279464576, 0.48145481924, 0.018439987285, 0.48889336944, 0.010479029385],
      [0.010471517934, 0.01131461909, 0.023995212497, 0.87994756092, 0.074271089563],
      [0.023654090852, 0.00031612022024, 0.87287044065, 0.089012023856, 0.014147324419],
      [0.014663465339, 0.00880413962, 0.10638989374, 0.73681034484, 0.13333215647],
      [0.31106065326, 0.00098921715954, 0.3935360442, 0.27846069704, 0.015953388339],
      [0.0044950944181, 0.00088560920384, 0.035784788238, 0.86162456651, 0.097209941635]
    ],
    [
      [0.0010368637732, 0.50157880209, 0.014026391755, 0.4717232516, 0.011634690779],
      [0.014461628367, 0.012038360281, 0.020253275938, 0.86942198336, 0.083824752051],
      [0.034508030628, 0.00035050929429, 0.85275450385, 0.094697400364, 0.017689555868],
      [0.019105966538, 0.0092192753247, 0.092445937829, 0.72776678235, 0.15146203796],
      [0.38168488653, 0.00098964012764, 0.3373852567, 0.26287883496, 0.017061381683],
      [0.0058760126366, 0.00096333031952, 0.036498059135, 0.84940472612, 0.10725787179]
    ],
    [
      [0.0008515178789, 0.49568439866, 0.014437960895, 0.47680785959, 0.012218262982],
      [0.011678572107, 0.011602515538, 0.018790850883, 0.86972357439, 0.088204487079],
      [0.030368874503, 0.00040403899403, 0.84546917537, 0.10386457613, 0.019893335008],
      [0.015353736609, 0.0088244311117, 0.08739963645, 0.73254962119, 0.15587257464],
      [0.36310386888, 0.0010242570552, 0.34905956977, 0.26684400935, 0.019968294952],
      [0.0048954617487, 0.00085781902304, 0.029266926072, 0.84830993219, 0.11666986096]
    ],
    [
      [0.00044174841922, 0.70284887191, 0.004049583339, 0.28306400212, 0.0095957942117],
      [0.010209743982, 0.026266636215, 0.020259547906, 0.83745337521, 0.10581069669],
      [0.026385688062, 0.0018643002832, 0.85650721397, 0.092496910467, 0.022745887214],
      [0.013867413621, 0.018284651034, 0.093313164922, 0.68891000309, 0.18562476733],
      [0.32964672381, 0.0023632101907, 0.36623054137, 0.27755548351, 0.024204041124],
      [0.004388533502, 0.0021387346371, 0.036684492822, 0.82035441582, 0.13643382322]
    ],
    [
      [0.00076251090026, 0.61273555094, 0.0040214164785, 0.37245228596, 0.010028235716],
      [0.015110925288, 0.018945331109, 0.016287515821, 0.86266252249, 0.086993705294],
      [0.046017754083, 0.0014389650633, 0.81234739265, 0.11710377505, 0.023092113148],
      [0.020312710743, 0.013895879756, 0.072517600373, 0.73431671359, 0.15895709554],
      [0.43304292342, 0.0016467577722, 0.27289760118, 0.27326186485, 0.019150852776],
      [0.0062806872621, 0.0015513565887, 0.027156127794, 0.85159096524, 0.11342086312]
    ],
    [
      [0.041234723562, 0.92712917647, 0.0055236336285, 0.024193077846, 0.0019193884916],
      [0.031715557152, 0.10704301038, 0.024633338064, 0.77318496082, 0.063423133587],
      [0.14388040117, 0.0041185932711, 0.72234744837, 0.11429381331, 0.015359743888],
      [0.068141518672, 0.090237338799, 0.067323918559, 0.66639325712, 0.10790396685],
      ["NaN", "NaN", "NaN", "NaN", "NaN"],
      [0.023517216973, 0.011917685484, 0.029107677993, 0.84650200062, 0.088955418926]
    ],
    [
      [0, 0.75534488531, 0.00083600152765, 0.23662225049, 0.0071968626755],
      [0, 0.026370161145, 0.0044716242845, 0.87058367546, 0.098574539115],
      [0, 0.0075868033917, 0.78645701444, 0.16913184015, 0.036824342017],
      [0, 0.02295586221, 0.040056526011, 0.7663000459, 0.17068756588],
      [0, 0.082357660213, 0.27073809124, 0.61320282873, 0.033701419816],
      [0, 0.001403358114, 0.0074737696397, 0.83976666658, 0.15135620566]
    ],
    [
      [0.0019810709679, 0.38083704837, 0, 0.5858286742, 0.031353206458],
      [0.0094698589441, 0.009994920367, 0, 0.90502078727, 0.075514433422],
      [0.05714993358, 0.0037887819425, 0.71407634202, 0.18899766891, 0.035987273551],
      [0.010134437154, 0.0099600625748, 0.08275213673, 0.78190428954, 0.115249074],
      ["NaN", "NaN", "NaN", "NaN", "NaN"],
      [0.0039864114328, 0.0074642291487, 0.061675298129, 0.84636588632, 0.080508174973]
    ],
    [
      [0.00090570724121, 0.66783286271, 0.0076721123254, 0.31786406507, 0.0057252526446],
      [0.019053193495, 0.025985527286, 0.015439307189, 0.87706761106, 0.06245436097],
      [0.058290316702, 0.0020041330536, 0.80457356778, 0.11922765687, 0.015904325598],
      [0.027241902311, 0.019786797508, 0.072849642053, 0.75936885034, 0.12075280779],
      [0.49250780301, 0.0020070831559, 0.24088855181, 0.25244691267, 0.012149649355],
      [0.0081905332704, 0.002149641008, 0.027342754004, 0.8782308081, 0.084086263621]
    ],
    [
      [0.00056659479035, 0.54901705319, 0.012685761086, 0.42921952535, 0.0085110655827],
      [0.0093894043555, 0.015197338326, 0.018516865253, 0.88717913482, 0.069717257249],
      [0.025250049778, 0.00091255099852, 0.85128808325, 0.10710879203, 0.015440523944],
      [0.013070027902, 0.01116203738, 0.090547124531, 0.75945405651, 0.12576675368],
      [0.3328106348, 0.0012750626912, 0.37228789248, 0.27669027907, 0.016936130965],
      [0.0040117928087, 0.0012333760449, 0.033052156405, 0.87148419594, 0.090218478799]
    ],
    [
      [0.0013779586089, 0.47624349603, 0.010854062757, 0.4994344462, 0.012090036395],
      [0.019994088491, 0.01002789282, 0.019799248321, 0.86974485734, 0.080433913024],
      [0.049534093524, 0.00032184242326, 0.83257806878, 0.10012719856, 0.017438796714],
      [0.026805871298, 0.0080292802599, 0.089211782942, 0.73057027759, 0.14538278791],
      [0.48628737202, 0.00061196056187, 0.28261077666, 0.21593090701, 0.014558983752],
      [0.0082845769485, 0.00082010346533, 0.035313500735, 0.85250414719, 0.10307767166]
    ],
    [
      [0.00022250723548, 0.64840447859, 0.019032469392, 0.32428894658, 0.0080515982052],
      [0.0060251719854, 0.023477218865, 0.035704053028, 0.85047719227, 0.084316363848],
      [0.011562459497, 0.0010390402086, 0.92583700434, 0.050673840531, 0.01088765542],
      [0.010448157105, 0.016066086784, 0.15361094074, 0.67525467773, 0.14462013765],
      [0.21006608544, 0.0017866439568, 0.53075627143, 0.2420332915, 0.015357707677],
      [0.0032318156928, 0.0019336740735, 0.061896057322, 0.82679079065, 0.10614766226]
    ],
    [
      [0.00063540758374, 0.54650041271, 0.0087044029892, 0.42886938034, 0.015290396378],
      [0.0094974645124, 0.014295350392, 0.012499131803, 0.84583202259, 0.1178760307],
      [0.034017148858, 0.0011818470413, 0.79646395554, 0.13220372227, 0.036133326285],
      [0.012435573119, 0.010472885215, 0.05809881741, 0.7047860706, 0.21420665366],
      [0.36284525112, 0.0015411518393, 0.28841242395, 0.31447932832, 0.032721844771],
      [0.0039075887337, 0.0011248301711, 0.021669689709, 0.81801761519, 0.15528027619]
    ],
    [
      [0.00047454240251, 0.78974385429, 0.0022036790717, 0.20063533281, 0.0069425914262],
      [0.012836289273, 0.040426657864, 0.0074197300635, 0.82916343795, 0.11015388485],
      [0.059985476759, 0.0046086848208, 0.7046060145, 0.18411090248, 0.046688921448],
      [0.016118798879, 0.030089872688, 0.037981283262, 0.71340319232, 0.20240685285],
      [0.44274161458, 0.0045636538774, 0.1775673666, 0.34488781868, 0.030239546258],
      [0.0051490389545, 0.0032434425986, 0.013738044028, 0.82906078738, 0.14880868704]
    ],
    [
      [0.00076860563956, 0.71602432368, 0.0057936015722, 0.27108027624, 0.0063331928665],
      [0.018006117807, 0.030154441736, 0.013793166461, 0.86132186889, 0.076724405103],
      [0.058388307634, 0.0022848162911, 0.81126051227, 0.10671517473, 0.021351189081],
      [0.024316910094, 0.022402182591, 0.067105945596, 0.74438752775, 0.14178743397],
      [0.48385982245, 0.0024746534118, 0.23252768932, 0.26562380123, 0.015514033594],
      [0.0074873276111, 0.0025427468539, 0.025301046895, 0.86441364719, 0.10025523145]
    ],
    [
      [0.00018919911746, 0.56730636107, 0.0083727000959, 0.41297404285, 0.011157696866],
      [0.0036582600013, 0.016362262484, 0.012997462114, 0.87318780301, 0.093794212393],
      [0.019965023409, 0.0013786501611, 0.81645368407, 0.13388881648, 0.028313825884],
      [0.0076600978142, 0.012417389184, 0.061453443388, 0.74422602392, 0.1742430457],
      [0.23888719601, 0.0020616173891, 0.32529988602, 0.40531469188, 0.028436608701],
      [0.0021438178306, 0.0013599783727, 0.022839348363, 0.85514479366, 0.11851206178]
    ],
    [
      [0.00079946362076, 0.74833618866, 0.018023509677, 0.22207538064, 0.010765457395],
      [0.018084621422, 0.034417573739, 0.034934215838, 0.76111699615, 0.15144659285],
      [0.031606725896, 0.0018505511056, 0.88767278127, 0.060641575, 0.018228366728],
      [0.022925359825, 0.024108875266, 0.089290020272, 0.5933262068, 0.27034953784],
      [0.39053416348, 0.0023027726106, 0.39613195509, 0.18579871252, 0.025232396301],
      [0.0072357742752, 0.0029093631332, 0.062256089511, 0.73253460902, 0.19506416407]
    ],
    [
      [0.00054383905039, 0.71110170613, 0.0063791804899, 0.27590580972, 0.0060694646102],
      [0.012674661763, 0.031673456857, 0.014735209081, 0.86603018697, 0.074886485332],
      [0.040196624857, 0.0023766770595, 0.81378549381, 0.12304649269, 0.020594711589],
      [0.017433107044, 0.023950309274, 0.070901572707, 0.74770075433, 0.14001425664],
      [0.39170868248, 0.002984937492, 0.28530628967, 0.30212360017, 0.017876490195],
      [0.0053344195567, 0.0026461995726, 0.026618897659, 0.86652778331, 0.0988726999]
    ],
    [
      [0.00035992080614, 0.76319444759, 0.0058506460802, 0.22429468269, 0.0063003028329],
      [0.010487262154, 0.036891646737, 0.019309263197, 0.84475616851, 0.088555659401],
      [0.028147784134, 0.0019677225529, 0.85547120901, 0.094636979691, 0.019776304611],
      [0.014456829287, 0.027164283609, 0.088789371623, 0.71131294553, 0.15827656995],
      [0.33101554069, 0.003433480316, 0.35606730751, 0.28915127555, 0.02033239593],
      [0.0045896886144, 0.0029298861157, 0.033340433179, 0.84171573306, 0.11742425903]
    ],
    [
      [0.001289492818, 0.5888004055, 0.013160519141, 0.38783737669, 0.0089122058503],
      [0.020909546379, 0.01773918193, 0.02149033072, 0.86179886658, 0.078062074386],
      [0.046251556983, 0.00098004818875, 0.8514375122, 0.086216099433, 0.015114783194],
      [0.027712369074, 0.013020917594, 0.098005058756, 0.71884348736, 0.14241816721],
      [0.46419843718, 0.0012335493841, 0.30140583578, 0.2200088673, 0.013153310358],
      [0.0085915555578, 0.0014171962388, 0.036774222454, 0.85118967588, 0.10202734987]
    ],
    [
      [0.0007401780884, 0.66362676169, 0.0061609853711, 0.3205780187, 0.0088940561473],
      [0.014605145848, 0.025191528098, 0.011927889168, 0.85473599971, 0.093539437178],
      [0.054619913791, 0.0023434073854, 0.76987580542, 0.14286343419, 0.030297439213],
      [0.01964419371, 0.018578362118, 0.056456499923, 0.73404557287, 0.17127537138],
      [0.4498012186, 0.0023730042364, 0.22682721846, 0.29887374363, 0.02212481507],
      [0.0060756458421, 0.0020936573386, 0.02137313629, 0.84843934319, 0.12201821734]
    ],
    [
      [0.00075544375565, 0.66058561648, 0.0070868506025, 0.32301665242, 0.0085554367419],
      [0.01456260452, 0.024880130016, 0.013445233932, 0.85759748597, 0.089514545561],
      [0.047004572792, 0.0020461225915, 0.79813573096, 0.12737946211, 0.025434111549],
      [0.019128702271, 0.018237333578, 0.065732469008, 0.7345272828, 0.16237421234],
      [0.45080838047, 0.001945042249, 0.26744341309, 0.25899887158, 0.020804292613],
      [0.0059696852897, 0.0020597208266, 0.024667882424, 0.85090987645, 0.11639283501]
    ],
    [
      [0.00076671603648, 0.63907250518, 0.0045023043527, 0.34686826708, 0.0087902073459],
      [0.014623176704, 0.021889267893, 0.011407484377, 0.86814278371, 0.083937287319],
      [0.059880591013, 0.0022289502586, 0.74955385507, 0.15873263026, 0.029603973393],
      [0.020478408458, 0.016456498908, 0.050425866071, 0.75411097114, 0.15852825542],
      [0.47050199797, 0.0019136390314, 0.20794103134, 0.29936232812, 0.020281003539],
      [0.006151310325, 0.0018272652394, 0.019035621935, 0.86314268984, 0.10984311266]
    ],
    [
      [0.014780882259, 0.29283515268, 0.074163624832, 0.59273901962, 0.025481320613],
      [0.0029409759352, 0.0021594571079, 0.027940429575, 0.82548056434, 0.14147857305],
      [0.0039848526127, 0.00014712666324, 0.85589322489, 0.10679005417, 0.033184741673],
      [0.0061288793493, 0.0017506072386, 0.091368760559, 0.65670536453, 0.24404638832],
      [0.17906020442, 0.00033654271227, 0.41009742152, 0.36634148905, 0.044164342297],
      [0.0014258839729, 0.00017825484908, 0.038599878541, 0.78154289962, 0.17825308302]
    ],
    [
      [0.0010278230483, 0.58930100423, 0.007501128564, 0.39217294861, 0.009997095542],
      [0.017268309286, 0.017845643139, 0.016677936866, 0.86373353713, 0.084474573574],
      [0.050088989936, 0.0012147762675, 0.81426766634, 0.11329682497, 0.021131742492],
      [0.023320652904, 0.013056730445, 0.077477305209, 0.73327929224, 0.1528660192],
      [0.47268416797, 0.0014199088839, 0.27011203897, 0.23848503915, 0.017298845022],
      [0.0072919057596, 0.001454834628, 0.027212199297, 0.8530154491, 0.11102561122]
    ],
    [
      [0.0011622725149, 0.59674290194, 0.011636597552, 0.38318203645, 0.0072761915454],
      [0.020153987131, 0.019070873684, 0.02278409912, 0.87358797947, 0.0644030606],
      [0.04470403312, 0.0010509168823, 0.85466600518, 0.087904288817, 0.011674756002],
      [0.027159982345, 0.014010025967, 0.10270954742, 0.7366728087, 0.11944763557],
      [0.45231201007, 0.0013073414539, 0.31178662404, 0.22336820492, 0.011225819514],
      [0.008422919745, 0.00156533004, 0.039851375352, 0.86468607642, 0.085474298444]
    ],
    [
      [0.00023092509701, 0.56193572674, 0.014021319373, 0.41303857073, 0.010773458068],
      [0.0040818288742, 0.016227360353, 0.020496741833, 0.86896014148, 0.090233927464],
      [0.015785458289, 0.00093705326847, 0.86494627824, 0.098517337805, 0.019813872393],
      [0.0089159457621, 0.011897973366, 0.090683865795, 0.72738091281, 0.16112130227],
      [0.23273434258, 0.0016798410214, 0.40977368518, 0.33303489367, 0.02277723755],
      [0.0027180509277, 0.00124413986, 0.027802863672, 0.84923283182, 0.11900211372]
    ],
    [
      [0.001400482556, 0.35953213548, 0.007063684864, 0.61138942193, 0.020614275174],
      [0.012378350349, 0.0022616423959, 0.016940786522, 0.86922760122, 0.099191619508],
      [0.028080496091, 0.00014844359914, 0.8412973402, 0.1069542893, 0.023519430805],
      [0.014135318819, 0.0037017446531, 0.084847881628, 0.72408743383, 0.17322762107],
      [0.41284397227, 0.00022998114338, 0.36328853451, 0.1989699692, 0.024667542889],
      [0.0043454377641, 0.00023180568067, 0.034449427736, 0.83737820481, 0.12359512401]
    ],
    [
      [0.00034461317049, 0.73379585654, 0.0080222088512, 0.2512175567, 0.0066197647348],
      [0.0097092319643, 0.032321283126, 0.028071718155, 0.84553972225, 0.084358044501],
      [0.019806121277, 0.0014146108894, 0.8952053306, 0.069847566505, 0.013726370728],
      [0.013875389489, 0.022529682101, 0.12491475333, 0.69271358792, 0.14596658716],
      [0.28547963213, 0.0025729912361, 0.44274749452, 0.25255671056, 0.01664317156],
      [0.0043819268076, 0.0026513678745, 0.049617041397, 0.83470272146, 0.10864694246]
    ],
    [
      [0.00022544374057, 0.69797308926, 0.0055684287935, 0.28873828601, 0.0074947521961],
      [0.0070263010599, 0.028883792892, 0.016646124025, 0.86219925385, 0.085244528174],
      [0.024944903151, 0.0021451024961, 0.83154080073, 0.1188723556, 0.022496838018],
      [0.0112779856, 0.021268261739, 0.075390577934, 0.73679975785, 0.15526341688],
      [0.2924217292, 0.0031258165402, 0.34151951133, 0.34026049048, 0.022672452454],
      [0.0033971985769, 0.0024458589966, 0.02868100652, 0.85453270477, 0.11094323114]
    ],
    [
      [0.0005510378796, 0.79306061226, 0.0027747934236, 0.20030334312, 0.0033102133192],
      [0.013178996357, 0.047158178609, 0.0090140679232, 0.87114738217, 0.059501374943],
      [0.056850493787, 0.0051062762806, 0.73686691485, 0.17810252934, 0.023073785742],
      [0.018021564283, 0.037172379395, 0.046453425777, 0.78103145421, 0.11732117633],
      [0.44568342308, 0.0046754315511, 0.20126763203, 0.33247467187, 0.015898841468],
      [0.005560584894, 0.0024437156185, 0.015602083648, 0.89152481119, 0.084868804653]
    ],
    [
      [0.0013034815819, 0.61729781106, 0.019669284959, 0.35207991993, 0.0096495024626],
      [0.021878190763, 0.019955238565, 0.029546913658, 0.83725658887, 0.091363068142],
      [0.038188797056, 0.00098967572512, 0.88226696764, 0.064373990001, 0.014180569574],
      [0.027705949885, 0.014114999801, 0.12138409157, 0.67610506108, 0.16068989766],
      [0.43713497033, 0.0012221382688, 0.3589245617, 0.18881041212, 0.013907917588],
      [0.0088645110875, 0.0015908058575, 0.045627257843, 0.82489467677, 0.11902274844]
    ],
    [
      [0.00083913882294, 0.60498075626, 0.0073229461997, 0.37589346804, 0.010963690679],
      [0.01436003436, 0.018901088423, 0.012497853154, 0.85656219567, 0.097678828397],
      [0.050056356257, 0.0017213902647, 0.77535327927, 0.14283706126, 0.030031912952],
      [0.018666585403, 0.013652134911, 0.059332018165, 0.73211900129, 0.17623026023],
      [0.46105844375, 0.0017360186642, 0.24615445766, 0.26772217013, 0.023328909794],
      [0.0059068274305, 0.001516510368, 0.019010000453, 0.84102718948, 0.13253947226]
    ],
    [
      [0.0015345958733, 0.56474916995, 0.010530016846, 0.41380412933, 0.0093820880046],
      [0.025878306177, 0.016240549951, 0.017280509587, 0.86271167326, 0.077888961029],
      [0.085897057621, 0.0010797641381, 0.7920365996, 0.1021017467, 0.018884831942],
      [0.040612433721, 0.011998965775, 0.074603162356, 0.73194429362, 0.14084114453],
      [0.61587995183, 0.00094059608451, 0.19230492296, 0.17945171762, 0.011422811501],
      [0.012293002731, 0.0013539579913, 0.028595447036, 0.85723577353, 0.10052181871]
    ],
    [
      [0.00083667582848, 0.74219241621, 0.0073046775056, 0.24240867022, 0.0072575602372],
      [0.020969826066, 0.032074007407, 0.019715101239, 0.83417654642, 0.093064518871],
      [0.051933691603, 0.0017705575269, 0.85677874539, 0.07006567812, 0.019451327365],
      [0.027678050516, 0.023136047009, 0.090503538758, 0.69227946844, 0.16640289528],
      [0.4928747251, 0.0022006215591, 0.27939033509, 0.2094754879, 0.016058830348],
      [0.0089474580559, 0.0025860978349, 0.034764470176, 0.82909662072, 0.12460535321]
    ],
    [
      [0.0012754213047, 0.43692631588, 0.0090646318104, 0.53108796297, 0.021645668037],
      [0.014140753063, 0.0060507374986, 0.020833092827, 0.83877331451, 0.1202021021],
      [0.031799811266, 0.00018355412055, 0.8542622324, 0.089710729698, 0.024043672518],
      [0.017167298997, 0.0053288071513, 0.092234852938, 0.67518436868, 0.21008467224],
      [0.42420580199, 0.0006796447152, 0.37933266059, 0.1701451442, 0.025636748514],
      [0.0055359420202, 0.00039638522941, 0.035670317484, 0.80341821093, 0.15497914434]
    ],
    [
      [0.0010359201327, 0.53445038987, 0.015689715931, 0.43999146037, 0.0088325136941],
      [0.015525576473, 0.014733280922, 0.023677553583, 0.87693680106, 0.069126787963],
      [0.033202113432, 0.00054545266568, 0.86867162066, 0.085087117937, 0.012493695307],
      [0.020503140473, 0.010908613304, 0.10915213426, 0.73432988622, 0.12510622574],
      [0.38129444344, 0.001107229672, 0.35980806288, 0.24458751827, 0.013202745738],
      [0.0064208581551, 0.001184051129, 0.041299617405, 0.86065139065, 0.090444082663]
    ],
    [
      [7.518450878e-05, 0.48840020101, 0.0116292212, 0.48705422388, 0.012841169396],
      [0.0008368849078, 0.0092207402932, 0.015609293817, 0.88100833818, 0.093324742806],
      [0.0035599032143, 0.0065248774509, 0.83863537209, 0.12560940106, 0.025670446193],
      [0.0041393327489, 0.0087575195903, 0.069111891175, 0.75128725167, 0.16670400481],
      [0.14337816283, 0.0015722669723, 0.39546034718, 0.42952136485, 0.030067858175],
      [0.0010018136647, 0.0008983564133, 0.025593815048, 0.85518568345, 0.11732033143]
    ],
    [
      [0.00058870428992, 0.77674529953, 0.0052638466364, 0.20976774408, 0.0076344054617],
      [0.017144322756, 0.041483422994, 0.015504217895, 0.80825063864, 0.11761739772],
      [0.053377173406, 0.0026509811863, 0.79827256613, 0.1147505449, 0.030948734374],
      [0.022654724269, 0.030285863149, 0.068129998613, 0.66541703987, 0.2135123741],
      [0.47082167072, 0.0034423770365, 0.25326345833, 0.24735489958, 0.025117594335],
      [0.0072724393565, 0.003385809915, 0.026393842606, 0.80437140597, 0.15857650216]
    ],
    [
      [0.00029603125305, 0.81897118396, 0.0036339079648, 0.1757022273, 0.0013966495245],
      [0.0084845602688, 0.056255443283, 0.012830388372, 0.87839364447, 0.044035963605],
      [0.030914097766, 0.0054482468673, 0.80001724357, 0.1504985644, 0.013121847391],
      [0.012421527732, 0.04340531986, 0.05336832693, 0.79329300234, 0.09751182314],
      [0.35279390371, 0.0026992857952, 0.29648606653, 0.33421040447, 0.013810339493],
      [0.0036041956129, 0.0058484426141, 0.024900837046, 0.90296197332, 0.062684551404]
    ]
  ],
  "expected_outcome": [
    [
      [0.016120623808, 0.20488228476, 0.013525384831, 0.025108234605, 0.037395500014, 0.013729884317, 0.033007557257, 0.041486368294, 0.027393691059, 0.045433268037, 0.022811003011, 0.013624286062, 0.0053009810306, 0.031262946911, 0.28864306493, 0, 0.019810709679, 0.030794046201, 0.010765301017, 0.056496302965, 0.0028925940612, 0.0088957061724, 0.0071181360376, 0.015372112791, 0.0035947832317, 0.013590881553, 0.090277282365, 0.014396832246, 0.029658334814, 0.048111575746, 0.037772187782, 0.064404147064, 0.044342646778, 0.067836321186, 0.055789080717, 0.0046185019401, 0.022407720895, 0.0068922634098, 0.053655610256, 0.036919537933, 0.02085570531, 0.015104498813, 0.029157321593, 0.013386813256, 0.0089279491329, 0.1077356938, 0.00090221410536, 0.097724912126, 0.010953156363],
      [18.1612952321, 15.4045311033, 9.8388497397, 22.6369573912, 11.9179388105, 9.368825155, 22.9659144867, 18.9225829577, 14.7914640016, 29.8501987929, 11.034733646, 7.9309503785, 8.434186463, 25.1221575887, 6.4899042353, 3.0213795412, 3.8083704837, 22.7063173323, 10.4313240106, 19.5259833374, 8.4292582217, 7.6510057779, 11.8461578143, 14.3204864736, 10.7788208603, 12.7217152073, 118.0428832174, 30.5277779036, 13.5424093265, 43.1357395101, 33.0292808241, 53.6820904354, 0.87850545804, 38.8938662794, 28.6436592932, 11.2387145347, 5.7525141676, 14.6759171308, 166.117595245, 53.1350610213, 9.876764977, 10.8896536127, 10.7302342291, 11.8750786593, 3.0584842112, 55.582840547, 5.8608024122, 128.9397197225, 30.3019338063],
      [0.14733023081, 0.66193492476, 0.13740475738, 0.15465456561, 0.33612406741, 0.18087850556, 0.37388034803, 0.49615617337, 0.1415540492, 1.1432792117, 0.30858061861, 0.23100737431, 0.048595000068, 0.16487807562, 0.038665435399, 0.0033440061106, 0, 0.26085181906, 0.24102946064, 0.44501657305, 0.2474221021, 0.12186164185, 0.033055186076, 0.11587203144, 0.15908130182, 0.30639966451, 1.0589439613, 0.23402584321, 0.30269194024, 0.40046404912, 0.35434253012, 0.37819356562, 0.2224908745, 0.49507448523, 0.55855668248, 0.28042638745, 0.11301895782, 0.16044417702, 1.3252860529, 0.18591115938, 0.31470855934, 0.13181303159, 0.20007032007, 0.11687484009, 0.063452422673, 1.6317304568, 0.1395506544, 0.87379854165, 0.1344545947],
      [10.4025194361, 28.1080410112, 9.8329665527, 9.9180722574, 13.4669820668, 8.211674741, 15.1833005652, 11.1484312682, 8.7713715518, 30.3113889055, 10.3779115352, 7.6289257534, 3.3967680254, 15.2705437244, 0.16935154492, 0.94648900196, 5.858286742, 10.8073782125, 8.1551709817, 20.4768122944, 4.2157563055, 6.0041713248, 3.0095299922, 5.4216055249, 7.8465068142, 3.7752814709, 45.8003644136, 8.9717873077, 8.9202596639, 20.8375712154, 16.1508326209, 29.1369344349, 1.7782170588, 25.8834146084, 18.3927377495, 8.2607714145, 9.7822307509, 5.024351134, 68.7197120692, 13.420323989, 5.6332787189, 6.7660824247, 7.8622784572, 3.8785387235, 3.7176157408, 45.7591118782, 5.8446506866, 34.8214455171, 6.5009824102],
      [0.27273447726, 0.62061067601, 0.17725356542, 0.26520755119, 0.24155955525, 0.22489171408, 0.44389704276, 0.39134323249, 0.26821670636, 0.6496998219, 0.25596319713, 0.19549220772, 0.11514953054, 0.41115766435, 0.013435719441, 0.028787450702, 0.31353206458, 0.19465858992, 0.16171024607, 0.49569149218, 0.10467077667, 0.21406554929, 0.10413887139, 0.12666385733, 0.21199624045, 0.18301277572, 1.0075311253, 0.25201211331, 0.20498073456, 0.57811364957, 0.42777183709, 0.73837741705, 0.076443961838, 0.65980830578, 0.34925719418, 0.21546916135, 0.32982840278, 0.1323952947, 1.7837510227, 0.22178429239, 0.1543920394, 0.19734643222, 0.17825967209, 0.11612096379, 0.15151967626, 0.91858142419, 0.15409403275, 1.2673113066, 0.051676032406]
    ],
    [
      [6.2712171335, 10.0918440925, 3.8921278132, 8.2762703121, 8.9282373184, 2.7206914368, 8.646818915, 5.3993759699, 9.9189319077, 7.5080783584, 5.2784943539, 2.7911787336, 1.8683831486, 11.121641012, 1.4906311861, 0, 0.094698589441, 6.8972560453, 1.4084106533, 6.3181319632, 0.825448562, 2.0324574057, 2.0281337052, 4.6995967476, 0.63653724023, 1.7903775208, 14.3096931305, 5.0233985719, 3.5546228844, 7.0834957364, 5.8250418081, 5.922386565, 0.12646196521, 19.2196282357, 13.7047112488, 0.86534772133, 1.1388082321, 2.5535280066, 6.9138802429, 3.5319710236, 2.9316775622, 3.4176881776, 6.1590368701, 4.8020901691, 4.1573814004, 15.6808322373, 0.14729174377, 21.8247228689, 0.90784794876],
      [12.746208875, 1.3853815801, 4.8286549996, 12.8580464641, 4.4980879049, 3.2598835142, 11.136845218, 4.5809938678, 8.1647867985, 8.1125818875, 4.3940015025, 2.7730012135, 4.8067944273, 13.9437636963, 5.0310214876, 0.7119943509, 0.09994920367, 9.4067608774, 2.2796007489, 3.1688141311, 3.2163789844, 3.0592049839, 6.3874119425, 7.8703092931, 2.8470336723, 3.4073398001, 35.7593327912, 17.6710987869, 3.0156609281, 12.2178911275, 9.9520520062, 8.8651534967, 0.092856655642, 19.8622008136, 12.9681941052, 3.4402003948, 0.20807110043, 8.5004974621, 28.4216522058, 12.6383918672, 2.6740019677, 4.4984590448, 3.8652508884, 7.3449476961, 1.7789168246, 14.880613731, 1.6228502916, 52.808397471, 6.0193324312],
      [5.8365016005, 8.0893021341, 3.7825197964, 7.3409409505, 8.6317647145, 3.2912806247, 9.7869764404, 6.6374043443, 9.2894318095, 17.2045673605, 7.3924457174, 4.4910133609, 3.7074972667, 11.987611644, 1.157766889, 0.12073385568, 0, 5.5890292024, 2.7775297879, 6.2565624696, 4.8914552648, 2.6748142059, 1.17231735, 3.6000164464, 2.2615584078, 3.458487368, 16.6360510524, 9.2491370713, 3.6533562225, 5.7850262463, 5.3780935729, 4.6200311727, 1.2014384717, 18.5625437323, 15.4931874013, 4.3453092686, 1.5585523601, 7.3828618747, 16.3797860406, 2.4157702034, 3.9592864302, 2.9744890507, 4.1127612817, 4.5147581837, 6.1249292912, 23.9143291187, 2.7472357119, 19.7368693806, 1.3728515558],
      [576.6356399624, 425.2653696543, 381.2179952258, 422.9005361804, 418.0718465996, 215.2859475618, 530.9909779868, 196.1723246845, 361.5274603267, 630.9224011774, 317.3390239275, 207.8639342802, 153.2539676639, 634.9196165513, 36.3396931586, 23.5057592373, 9.0502078727, 317.4984752036, 133.0768702225, 274.8393749206, 116.5153753416, 181.008052834, 131.0078231962, 224.8050077812, 151.9346777233, 75.3505826189, 977.748081086, 404.6382047168, 146.5058073194, 414.5469598586, 343.0389943884, 351.5978274013, 35.4956642665, 961.3354268309, 594.0398260365, 184.2195499928, 79.9689393126, 222.3769469528, 848.4040657872, 233.4674984211, 112.1923829089, 203.8618025683, 205.325378235, 191.0264291297, 246.5993544651, 885.7061690707, 155.0574675189, 1028.9030629832, 93.9881199585],
      [54.5104324286, 35.1681025391, 26.278702165, 42.6242060929, 28.8700634625, 23.4421968625, 60.4383814398, 27.2099011334, 42.0993891576, 53.2523712163, 30.5960344986, 21.0808724119, 19.3633574934, 64.0273670965, 2.9808872786, 2.6615125561, 0.75514433422, 22.6084786713, 10.4575885874, 25.4171165155, 11.5513418472, 25.2254705706, 17.4043138061, 20.0250697318, 16.3201929564, 14.9932126921, 84.5468419397, 42.4181608531, 13.2705526457, 45.3666270311, 35.8058182243, 33.9946013642, 6.0835786409, 94.0202003875, 43.7940812082, 19.1295926224, 9.1256289948, 22.1861657038, 83.8806157235, 15.9463684848, 12.242651131, 23.2475611585, 18.5375727248, 21.3117748214, 35.3394180187, 69.8180558423, 16.4251547338, 149.7269472963, 4.7118481057]
    ],
    [
      [4.6610050704, 8.6020958337, 2.9798476902, 12.6175682386, 17.4603232536, 3.1347645948, 6.1966891123, 5.9261711906, 17.4032498446, 15.8718949617, 9.455200392, 3.3102073209, 5.1715948602, 27.1044571548, 2.8776080233, 0, 0.85724900371, 10.4339666896, 2.3230045796, 10.3030914529, 0.70531002932, 1.8369260383, 3.1192447915, 3.1529686122, 0.95832112362, 4.6777954326, 15.7570769438, 4.7569755186, 5.0876712682, 14.5835169822, 6.8156630549, 12.7545658858, 0.3466821773, 33.7098902268, 23.0672810902, 1.9416113696, 1.853312742, 3.0105304341, 14.0938702804, 5.1165444409, 4.9645436172, 4.9555792694, 5.7551028606, 2.752485655, 3.6887781068, 19.6224490384, 0.21359419286, 34.1080138063, 2.0403304525],
      [0.22599131418, 0.026149613344, 0.085655281305, 0.49413621219, 0.11337063356, 0.078232106781, 0.19128079457, 0.12688844138, 0.35584428964, 0.21211666778, 0.096039546636, 0.044040250349, 0.36540285551, 0.84755042226, 0.082371865421, 0.0910416407, 0.056831729138, 0.3587398166, 0.083954691863, 0.066943224037, 0.063381452728, 0.063819740228, 0.23965161068, 0.12338007972, 0.066175207735, 0.27388156362, 0.93165740731, 0.33254511144, 0.10780530076, 0.62568977189, 0.29668777577, 0.47476640509, 0.012800019702, 0.81754442804, 0.54227311127, 0.11525755202, 0.0097972775433, 0.21502085519, 1.2119829103, 0.45956486525, 0.12865784427, 0.1704176362, 0.072344197254, 0.093839548924, 0.021292277984, 0.32236252542, 0.39149264705, 1.693976978, 0.35958429324],
      [79.7326384095, 112.9428044428, 53.1798377156, 198.1665172358, 294.7756416119, 70.3395867931, 124.3708736194, 127.783896961, 262.2711246811, 585.696065678, 233.6547340537, 92.1561401153, 167.8754139388, 478.4726142719, 14.4469489674, 9.4374841733, 10.7111451303, 144.0186686319, 78.318503659, 173.1762383052, 56.4760572649, 43.0090535993, 36.6395127538, 43.8080676625, 39.1897768352, 131.3755716279, 319.0039135729, 144.574634323, 93.6581263422, 205.5568400467, 115.7296809887, 159.654971131, 74.462710565, 548.0021394458, 441.0076586716, 106.388392224, 55.5256244534, 136.0712102513, 469.8205524143, 66.3180223363, 114.6947057938, 76.7599746476, 53.0664521732, 45.4092735054, 99.0944189582, 513.3849278087, 50.3181223252, 510.0961697576, 52.8011380759],
      [16.9685484884, 14.9130381957, 12.0260401347, 29.0888647572, 37.8804631405, 11.1057999867, 15.4784916451, 9.6276999449, 27.7869272722, 59.7270680074, 25.9470876998, 11.3212387977, 18.1293944516, 68.9741235068, 2.2858762661, 2.0295820818, 2.8349650336, 21.3417505799, 9.8540088667, 20.8264573013, 3.0911042724, 7.1390010027, 9.5737669287, 5.7626194352, 6.4266631911, 8.9749531, 48.2342251333, 15.9936495677, 9.4837709376, 38.1445369293, 18.470022006, 33.8100502454, 9.2907347125, 76.2487632021, 45.3586130297, 12.1176325501, 7.0589830939, 10.6168301088, 67.1628809146, 16.0292276408, 8.3686187001, 14.1408690646, 6.8408170288, 3.7134809404, 10.406444645, 50.286486701, 7.5365640633, 73.3255981932, 9.9329052505],
      [3.4118167176, 2.5159119145, 1.7286191782, 5.6329135563, 4.7702013604, 2.3416165186, 3.7626648287, 2.5353434621, 6.1828539124, 9.4928546851, 4.8469383078, 2.1683735158, 4.4581938939, 13.6012546443, 0.30719487776, 0.4418921042, 0.53980910326, 2.8468742821, 1.4205282029, 3.6272697165, 0.66414698064, 1.9511996194, 2.4278239153, 1.1529642104, 1.3590636424, 2.6977982758, 8.0731269427, 3.3421954793, 1.6626261513, 8.0894162699, 3.6879461746, 6.3056463328, 2.8870725255, 14.2216626973, 6.0241740972, 2.4371063044, 1.5522824331, 2.0864083506, 12.7107134802, 2.0766407168, 1.8434740446, 2.9731593822, 1.2652837401, 1.0309203503, 2.789066012, 7.3837739264, 1.5402267716, 19.7762412649, 0.86604192783]
    ],
    [
