{
  "Z_true": {},
  "V_true": [
    [186, 273, 15885, 1113],
    [320, 7794, 1032, 886],
    [97, 388, 668, 251],
    [508, 459, 1219, 1131]
  ],
  "p_true": [
    [0.0107, 0.0156, 0.91, 0.0638],
    [0.0319, 0.7769, 0.1029, 0.0883],
    [0.0691, 0.2764, 0.4758, 0.1788],
    [0.1532, 0.1384, 0.3675, 0.341]
  ],
  "Z_est": [
    [
      [20.1839, 6.368, 49.856, 31.7333, 7.858, 8.6745, 5.484, 13.1862, 15.5981, 5.9812, 7.0654, 1.4686, 23.2678, 11.6773, 34.4002, 8.234, 33.1858, 18.36, 19.5783, 8.6775, 23.7478, 8.2338, 2.1878, 12.89, 14.3146, 0, 12.5153, 16.7843, 8.9037, 8.9569, 10.6262, 4.4203, 5.1333, 4.4604, 0, 42.299, 7.1955, 63.2371, 1.3262],
      [0.5206, 0, 1.4145, 0.4596, 2.2517, 3.4217, 0.4866, 0, 0.7838, 0.8288, 0, 1.0986, 4.1032, 0.0974, 0, 0.7419, 1.3249, 0.0058, 1.7676, 0.4083, 2.6961, 0.3751, 0.268, 10.7733, 0.9804, 0.213, 0.1819, 0.058, 14.1016, 1.2121, 2.9201, 2.7813, 0, 0.8894, 0.2504, 1.3736, 0.322, 2.1087, 0.4542],
      [447.9905, 118.5287, 588.5707, 481.2553, 290.6929, 386.4238, 119.4218, 543.2088, 327.8555, 106.1878, 255.859, 84.6647, 627.4489, 413.1664, 688.7585, 374.7582, 755.5071, 710.1305, 605.751, 243.1641, 545.2671, 143.8138, 53.2362, 546.9518, 512.0556, 80.98, 586.0595, 748.9845, 452.5784, 381.2152, 566.7312, 211.684, 165.6044, 182.5619, 47.6154, 892.1243, 182.5809, 1394.8184, 87.7293],
      [31.305, 8.1033, 56.1587, 28.5518, 25.1974, 20.4801, 8.6076, 28.605, 26.7626, 13.0023, 15.0757, 8.7681, 23.18, 17.0589, 27.8413, 13.2659, 35.9822, 35.5036, 31.9031, 15.75, 15.289, 12.5773, 5.3079, 12.3849, 15.6494, 3.807, 23.2433, 29.1732, 6.4164, 17.6158, 24.7226, 2.1145, 8.2623, 10.0882, 4.1342, 49.2031, 17.9016, 129.8359, 6.4903]
    ],
    [
      [9.7476, 3.931, 9.6616, 4.3251, 0.1256, 0.2748, 1.6852, 0.1334, 5.2629, 1.4072, 4.2414, 0, 1.8295, 0.1308, 0.6128, 0.4759, 1.1554, 0.3897, 0.7491, 0.2492, 1.9384, 2.4509, 0.4229, 7.5292, 3.0994, 0, 2.556, 2.0467, 5.7819, 2.6316, 2.2926, 2.4277, 1.4642, 0.278, 0, 7.6092, 1.438, 6.9079, 0],
      [944.2288, 268.5478, 1109.6571, 192.9378, 495.838, 505.2378, 196.8605, 4.9237, 567.5841, 188.371, 560.2538, 132.9748, 18.6363, 19.2991, 28.5358, 13.0684, 20.3109, 21.2637, 4.1408, 4.51, 15.0465, 240.225, 58.5617, 230.811, 161.0869, 34.8928, 249.4376, 186.7248, 136.797, 180.2859, 136.9559, 89.1101, 108.3997, 83.4298, 31.8904, 664.0641, 138.9714, 614.3027, 90.2221],
      [31.1323, 10.8278, 35.4132, 11.5007, 8.5924, 12.3164, 4.0913, 0.7821, 15.0178, 1.8924, 26.7783, 2.0676, 7.5539, 0.7091, 1.7534, 3.0761, 3.9908, 2.2126, 3.5506, 1.1107, 6.5176, 5.5406, 0.8523, 46.5369, 17.1979, 1.3973, 18.8132, 13.7352, 40.4382, 17.0918, 16.9544, 17.7085, 5.7997, 2.008, 2.4923, 25.405, 5.7471, 24.6755, 2.4919],
      [64.8913, 21.6935, 89.2681, 17.2364, 25.444, 19.1709, 10.3629, 1.1608, 38.1352, 10.3294, 44.7265, 6.9576, 8.9804, 0.8609, 2.098, 3.3796, 5.5429, 3.134, 5.5595, 2.1301, 6.4975, 15.7835, 3.1631, 41.1229, 16.6158, 1.7099, 21.1933, 15.4933, 30.9829, 22.9908, 21.7971, 10.7537, 8.3364, 3.2842, 5.6173, 39.9217, 14.8435, 64.1139, 5.286]
    ],
    [
      [1.6543, 0.4188, 3.5505, 0.9276, 0.3103, 0.3517, 0.255, 0.3694, 0.8122, 0.3234, 0.4673, 0.1136, 0.3368, 0.2669, 0.7169, 0.1662, 0.4366, 0.3053, 0.2351, 0.1372, 0.5921, 0.4521, 0.1239, 1.1107, 1.1059, 0.0542, 0.7535, 0.9694, 0.4969, 0.4551, 0.3668, 0.4818, 0.6048, 0.4059, 0, 2.9745, 0.5161, 1.6036, 0.0984],
      [7.9955, 1.4099, 10.3805, 1.5409, 3.6665, 3.9567, 1.5892, 0.0763, 4.408, 2.5369, 2.6567, 1.8372, 0.1515, 1.5488, 1.4642, 0.1784, 0.3269, 0.6958, 0.0504, 0.0741, 0.2021, 2.2168, 1.1341, 1.8237, 2.7991, 0.8613, 3.2726, 4.1094, 0.6446, 1.4367, 0.9963, 0.924, 2.5714, 4.5979, 0.5584, 12.3037, 2.654, 7.2429, 1.2634],
      [59.1827, 12.475, 64.6791, 18.2494, 17.1768, 22.61, 9.0437, 12.488, 27.5731, 9.3742, 26.8704, 7.497, 14.582, 15.1361, 21.8875, 11.2828, 15.791, 18.1337, 11.6784, 6.4276, 20.8903, 12.7619, 5.0649, 72.9525, 64.0627, 7.9591, 52.261, 64.6421, 36.7538, 29.682, 26.7873, 37.0219, 30.9799, 25.3807, 7.913, 99.9616, 21.5029, 57.5346, 7.8016],
      [13.1674, 2.6963, 19.3899, 3.282, 4.8464, 4.0816, 2.1121, 2.0663, 7.2066, 3.7655, 5.0056, 2.5521, 1.9297, 2.0483, 2.9314, 1.3726, 2.4455, 2.8653, 2.0362, 1.3612, 2.3155, 3.5692, 1.6771, 7.1131, 7.0323, 1.1253, 6.7129, 8.2791, 3.1046, 4.4262, 3.8496, 2.5723, 4.8439, 4.6155, 2.5286, 17.7601, 7.327, 18.6189, 1.8366]
    ],
    [
      [21.4142, 7.2822, 55.9318, 17.0139, 5.706, 8.699, 3.5758, 5.311, 14.3267, 6.2882, 8.226, 1.4178, 14.5659, 4.9249, 14.2702, 3.1239, 14.2222, 7.945, 10.4376, 2.9361, 13.7217, 10.8632, 1.2654, 14.4701, 15.4801, 0.9458, 12.1752, 13.1995, 8.8175, 5.9565, 8.7145, 5.6702, 4.7978, 2.8556, 0, 27.1172, 3.8505, 31.2515, 1.5754],
      [0.2551, 0.0423, 0.5478, 0.0617, 0.2439, 0.3838, 0.0637, 0, 0.2242, 0.2633, 0.0895, 0.0894, 0.1091, 0.0547, 0, 0.0113, 0.0373, 0.0347, 0.0412, 0.0076, 0.0553, 0.1832, 0.0362, 0.592, 0.1336, 0.0329, 0.108, 0.1078, 0.4568, 0.0653, 0.1277, 0.1847, 0.0289, 0.0829, 0.3009, 0.2586, 0.0526, 0.3457, 0.0602],
      [57.6945, 16.1685, 76.337, 24.9945, 23.538, 41.6498, 9.4432, 24.5211, 36.5536, 13.5457, 35.4924, 6.7707, 47.4152, 20.9885, 32.6005, 15.8829, 38.7111, 35.5231, 39.02, 10.2976, 36.325, 22.8836, 3.8466, 70.5589, 67.6839, 8.6635, 62.8663, 65.6382, 48.2296, 29.011, 47.5271, 32.5856, 18.6159, 13.0493, 2.9793, 68.5091, 12.1692, 84.9715, 8.9772],
      [85.6363, 23.507, 152.1833, 29.9299, 44.5121, 50.2674, 14.9174, 27.1679, 63.8955, 36.9028, 44.1922, 15.7221, 41.9099, 19.0319, 29.1292, 12.9819, 40.0294, 37.4972, 45.5012, 14.7587, 26.898, 43.07, 8.8518, 46.3791, 49.7024, 8.3578, 53.8506, 56.0545, 27.4961, 28.9672, 45.6307, 15.5595, 19.5574, 16.0121, 6.7199, 81.1152, 27.9278, 182.4313, 14.3871]
    ]
  ],
  "V_est": [
    [578.0705, 61.674, 15951.936, 865.3196],
    [97.2628, 8748.3954, 455.773, 730.5689],
    [25.3208, 98.1571, 1084.0523, 196.4698],
    [410.346, 5.7736, 1312.2387, 1588.6417]
  ],
  "p_est": [
    [0.0331, 0.0035, 0.9138, 0.0496],
    [0.0097, 0.872, 0.0454, 0.0728],
    [0.018, 0.0699, 0.7721, 0.1399],
    [0.1237, 0.0017, 0.3956, 0.4789]
  ],
  "EI_Z": {},
  "EI_V": 7.39,
  "MAE_Z": {},
  "MAE_V": 297.5418,
  "MAE_p": 0.073,
  "runtime": 0.008
}
