{
  "X": [
    [53, 953, 596, 195],
    [18, 270, 158, 56],
    [119, 1122, 765, 317],
    [54, 195, 536, 79],
    [14, 502, 340, 100],
    [18, 513, 463, 94],
    [11, 199, 142, 36],
    [19, 5, 581, 59],
    [36, 573, 407, 136],
    [14, 192, 131, 64],
    [20, 563, 345, 109],
    [3, 136, 101, 34],
    [40, 23, 697, 76],
    [17, 21, 450, 39],
    [50, 30, 745, 62],
    [12, 14, 405, 31],
    [49, 22, 814, 84],
    [27, 22, 766, 79],
    [31, 6, 660, 85],
    [12, 5, 261, 34],
    [40, 18, 609, 51],
    [22, 243, 185, 75],
    [4, 60, 63, 19],
    [36, 244, 737, 107],
    [34, 165, 661, 89],
    [1, 36, 99, 15],
    [28, 253, 720, 105],
    [33, 191, 893, 109],
    [24, 152, 578, 68],
    [18, 183, 457, 74],
    [22, 141, 658, 96],
    [13, 93, 299, 31],
    [12, 111, 221, 41],
    [8, 89, 223, 34],
    [0, 33, 61, 19],
    [80, 678, 1086, 188],
    [13, 142, 222, 68],
    [103, 624, 1562, 395],
    [3, 92, 107, 28]
  ],
  "W": [
    [500, 1050, 82, 165],
    [133, 305, 17, 47],
    [696, 1244, 98, 285],
    [542, 226, 24, 72],
    [326, 530, 26, 74],
    [419, 537, 31, 101],
    [134, 213, 13, 28],
    [585, 7, 15, 57],
    [371, 626, 40, 115],
    [126, 202, 16, 57],
    [278, 636, 35, 88],
    [96, 142, 12, 24],
    [678, 37, 17, 104],
    [442, 21, 19, 45],
    [751, 33, 27, 76],
    [397, 20, 13, 32],
    [826, 31, 19, 93],
    [764, 27, 22, 81],
    [659, 14, 14, 95],
    [268, 8, 8, 28],
    [587, 30, 24, 77],
    [165, 264, 19, 77],
    [61, 63, 8, 14],
    [583, 326, 83, 132],
    [543, 198, 75, 133],
    [85, 38, 10, 18],
    [622, 292, 63, 129],
    [795, 218, 78, 135],
    [482, 214, 41, 85],
    [409, 223, 36, 64],
    [605, 178, 32, 102],
    [221, 120, 41, 54],
    [179, 124, 39, 43],
    [198, 89, 35, 32],
    [52, 40, 11, 10],
    [985, 737, 133, 177],
    [208, 161, 32, 44],
    [1590, 710, 85, 299],
    [96, 98, 11, 25]
  ],
  "method": "mvn_pdf",
  "cond_prob": [
    [
      [0.040367812052, 0.0010411662437, 0.89598093077, 0.062610090935],
      [0.0092834408977, 0.89926554734, 0.029649786961, 0.061801224804],
      [0.020174760612, 0.097506594044, 0.72174083629, 0.16057780905],
      [0.12978273128, 0.0015457664382, 0.34966369534, 0.51900780694]
    ],
    [
      [0.047879916957, 0, 0.8911933251, 0.060926757943],
      [0.012888426729, 0.88048443037, 0.035500870104, 0.071126272797],
      [0.024633728058, 0.082935903256, 0.73382582998, 0.15860453871],
      [0.15494101097, 0.00090081663086, 0.34401028235, 0.50014789005]
    ],
    [
      [0.071632227681, 0.0020323535192, 0.84564760534, 0.080687813459],
      [0.0077665644763, 0.89200735257, 0.02846716739, 0.071758915567],
      [0.036230049325, 0.10592360792, 0.65999058849, 0.19785575427],
      [0.19625199471, 0.0019221816939, 0.26784923782, 0.53397658578]
    ],
    [
      [0.058548603577, 0.00084788952436, 0.88792496371, 0.052678543192],
      [0.019137514839, 0.85370722801, 0.050888202365, 0.076267054791],
      [0.038651908546, 0.06420618572, 0.7603927784, 0.13674912734],
      [0.23630462087, 0.00085641515537, 0.34714596188, 0.4156930021]
    ],
    [
      [0.024104289054, 0.0069069664976, 0.89169597026, 0.077292774189],
      [0.00023704425187, 0.93554333329, 0.016212005758, 0.048007616702],
      [0.011935578028, 0.14101963295, 0.66064430774, 0.18640048128],
      [0.077108693056, 0.0032952949019, 0.31808106273, 0.60151494931]
    ],
    [
      [0.020702816705, 0.0081662737855, 0.92225248475, 0.048878424761],
      [0.00051175269716, 0.94085259174, 0.022935647007, 0.035700008553],
      [0.011345431065, 0.12763563379, 0.72935394816, 0.13166498698],
      [0.086128715238, 0.0037998502033, 0.41237419856, 0.497697236]
    ],
    [
      [0.040925231482, 0.0036314659039, 0.89120732407, 0.064235978547],
      [0.007911776977, 0.92422785191, 0.019208107767, 0.048652263344],
      [0.019616830564, 0.12224560913, 0.6956716834, 0.1624658769],
      [0.127706846, 0.0022735068856, 0.33725570487, 0.53276394224]
    ],
    [
      [0.022540513001, 0, 0.92856198843, 0.048897498567],
      [0.019053120512, 0.70338537914, 0.11173138694, 0.16583011341],
      [0.024628447056, 0.0050868230668, 0.83253255228, 0.1377521776],
      [0.093175462196, 0, 0.43019524165, 0.47662929615]
    ],
    [
      [0.042043499002, 0.0021125477284, 0.88370747479, 0.072136478475],
      [0.008407258101, 0.90668378614, 0.023990056978, 0.06091889878],
      [0.020304854767, 0.11020100066, 0.68932832086, 0.18016582371],
      [0.12458020964, 0.0019491707952, 0.31785755086, 0.55561306871]
    ],
    [
      [0.047469665806, 0.0065773962678, 0.84275992609, 0.10319301184],
      [0.0069663424152, 0.93252968111, 0.0093683049637, 0.051135671509],
      [0.020212874056, 0.15855769699, 0.5858859302, 0.23534349876],
      [0.11031956063, 0.0046198128733, 0.23764345311, 0.64741717339]
    ],
    [
      [0.025414971416, 0, 0.9203559932, 0.05422903538],
      [0.0066688852093, 0.88090223643, 0.042104175899, 0.070324702458],
      [0.013350076921, 0.07590577543, 0.76772614733, 0.14301800032],
      [0.093476980237, 0.0010167669131, 0.40332230524, 0.50218394761]
    ],
    [
      [0.015298322998, 0.011443268745, 0.88192386334, 0.091334544915],
      [0, 0.93644255513, 0.014560212073, 0.048997232797],
      [0.0094661898869, 0.15310156084, 0.6247532728, 0.21267897648],
      [0.059073613066, 0.0037243600826, 0.28211332213, 0.65508870472]
    ],
    [
      [0.034318360946, 0.0060519706722, 0.92544080608, 0.034188862303],
      [0.049444643518, 0.5036824385, 0.20416073503, 0.24271218295],
      [0.019814304505, 0.0089090653224, 0.85776544471, 0.11351118546],
      [0.1400563105, 0.0010486495118, 0.45591513195, 0.40297990804]
    ],
    [
      [0.026419317911, 0.00022036231687, 0.93476551104, 0.038594808736],
      [0.0062308758045, 0.91900469544, 0.03376700508, 0.040997423675],
      [0.014045918609, 0.081516945583, 0.79663423944, 0.10780289637],
      [0.10944312529, 0.0012150952363, 0.46641081035, 0.42293096913]
    ],
    [
      [0.045805819057, 0, 0.91712187019, 0.037072310756],
      [0.018568293917, 0.86472040957, 0.053134089299, 0.063577207218],
      [0.026550350264, 0.054230610532, 0.81064863712, 0.10857040208],
      [0.18776600963, 0, 0.42895443869, 0.38327955169]
    ],
    [
      [0.020740491756, 0.0018688677943, 0.94397521397, 0.033415426481],
      [0.023796662461, 0.65341797573, 0.15380587003, 0.16897949177],
      [0.01278330158, 0.013723540678, 0.86790634269, 0.10558681505],
      [0.097622143842, 0.00035293569229, 0.49634188121, 0.40568303925]
    ],
    [
      [0.040176511512, 0.0016040121234, 0.9146574928, 0.043561983568],
      [0.037271613686, 0.65519090841, 0.12873536256, 0.17880211534],
      [0.022978921784, 0.017203869478, 0.83110586288, 0.12871134586],
      [0.15292668767, 0.00040101403542, 0.41624842274, 0.43042387555]
    ],
    [
      [0.024031475842, 7.5645621943e-06, 0.92949024848, 0.046470711119],
      [0.014433571033, 0.78754561592, 0.081948165917, 0.11607264713],
      [0.013875222183, 0.03162629653, 0.8242596731, 0.13023880818],
      [0.0980863105, 0.00042852494917, 0.43855724539, 0.46292791916]
    ],
    [
      [0.029709044205, 0.0026823122593, 0.91919729283, 0.048411350706],
      [0.05350372546, 0.29577123005, 0.25361602332, 0.39710902117],
      [0.016790555349, 0.003598945817, 0.83417083345, 0.14543966538],
      [0.10986968355, 0.00043340798871, 0.41073650559, 0.47896040287]
    ],
    [
      [0.032378854519, 0.0015235496117, 0.90732878402, 0.058768811846],
      [0.031144930266, 0.56374744375, 0.13884224718, 0.2662653788],
      [0.017148014458, 0.0092605303372, 0.80344712333, 0.17014433187],
      [0.10486155111, 0.00027231826192, 0.36777038992, 0.52709574071]
    ],
    [
      [0.040456264589, 0.0045930382947, 0.92890472342, 0.026045973701],
      [0.064613092691, 0.5015488498, 0.21725366511, 0.2165843924],
      [0.024670559902, 0.008422588437, 0.87042830025, 0.096478551412],
      [0.17820372036, 0.00071790785262, 0.4717537428, 0.34932462898]
    ],
    [
      [0.049901992692, 0.0022731228564, 0.87159892753, 0.076225956925],
      [0.009283545744, 0.9099431085, 0.020987288291, 0.059786057464],
      [0.023795470438, 0.11667251335, 0.67167891415, 0.18785310206],
      [0.14108053495, 0.0023789133864, 0.2971900452, 0.55935050646]
    ],
    [
      [0.035866296649, 0.004394049321, 0.87272444332, 0.087015210715],
      [0.0067125672556, 0.92955003571, 0.013529307554, 0.050208089478],
      [0.015482910751, 0.14176316003, 0.63311297155, 0.20964095767],
      [0.090385777235, 0.0025861043732, 0.27475420068, 0.63227391771]
    ],
    [
      [0.022109803757, 0.018479112346, 0.93816767997, 0.021243403929],
      [0.023095754397, 0.70800923277, 0.14275112989, 0.12614388294],
      [0.013381757546, 0.021972112336, 0.87894583753, 0.085700292589],
      [0.10962183788, 0.0044847143574, 0.53453689181, 0.35135655595]
    ],
    [
      [0.026362041283, 0.0018055501396, 0.94301209512, 0.028820313458],
      [0.015653513195, 0.81357013804, 0.086858159234, 0.083918189532],
      [0.01474576718, 0.037321092732, 0.85416867917, 0.093764460919],
      [0.11639160475, 0.0010046390025, 0.50890124725, 0.37370250899]
    ],
    [
      [0, 0.0025054853354, 0.95270645626, 0.044788058409],
      [0, 0.91823102834, 0.036771312111, 0.044997659552],
      [0.0054244842982, 0.08613174416, 0.79591061572, 0.11253315582],
      [0.052541953168, 0.0018298460036, 0.48130751116, 0.46432068967]
    ],
    [
      [0.020121124795, 0.00029243486855, 0.9422178514, 0.037368588937],
      [0.008753382637, 0.85423830952, 0.064428621656, 0.072579686191],
      [0.011960655558, 0.051945396092, 0.82953972071, 0.10655422764],
      [0.094381018196, 0.00083689286389, 0.48733594187, 0.41744614707]
    ],
    [
      [0.021112389762, 7.2952892736e-05, 0.942118864, 0.036695793341],
      [0.0093886079395, 0.85653570203, 0.063005450727, 0.071070239303],
      [0.012428107295, 0.052685058244, 0.82874500424, 0.10614183022],
      [0.097774379552, 0.00079840640363, 0.48620892243, 0.41521829162]
    ],
    [
      [0.018472318958, 0.02925635203, 0.93895936885, 0.013311960158],
      [0.02701832322, 0.63923834895, 0.18896359442, 0.14477973341],
      [0.012120656265, 0.015722731869, 0.89643400949, 0.075722602375],
      [0.10373499042, 0.0053741134, 0.56740683079, 0.32348406538]
    ],
    [
      [0.021899447718, 0.0029634860279, 0.93206661916, 0.04307044709],
      [0.011800745305, 0.8084570387, 0.07664463585, 0.10309758014],
      [0.01264112034, 0.039908940405, 0.82449950925, 0.12295043],
      [0.093069989814, 0.0010201988943, 0.45329713491, 0.45261267638]
    ],
    [
      [0.017563903194, 0.0048266181781, 0.93674571147, 0.040863767162],
      [0.012879704595, 0.76941519129, 0.095249599522, 0.12245550459],
      [0.011461761001, 0.031133606757, 0.83710333287, 0.12030129937],
      [0.085436027428, 0.0012521229069, 0.46595205094, 0.44735979872]
    ],
    [
      [0.020001224939, 0.012584852503, 0.95784626628, 0.0095676562762],
      [0.020231243301, 0.74258380197, 0.14757046506, 0.089614489667],
      [0.011750849731, 0.022536206565, 0.90297416226, 0.062738781449],
      [0.10500361581, 0.0034204979872, 0.60343664244, 0.28813924377]
    ],
    [
      [0.028677425628, 0, 0.92516446301, 0.046158111367],
      [0.011808086708, 0.87419097131, 0.046772050719, 0.067228891265],
      [0.015507229576, 0.065933183783, 0.79435595652, 0.12420363012],
      [0.11157572343, 0.00067268349633, 0.43292894253, 0.45482265055]
    ],
    [
      [0.022527496818, 0.0044918131451, 0.92202995713, 0.050950732911],
      [0.0031237991871, 0.93741299622, 0.022562272508, 0.036900932081],
      [0.011597523928, 0.1313699452, 0.72516218102, 0.13187034985],
      [0.089238255156, 0.0025911328581, 0.40779218437, 0.50037842762]
    ],
    [
      [0, 0.0048149321286, 0.91568131346, 0.079503754409],
      [0, 0.79725946165, 0.062307901252, 0.1404326371],
      [0, 0.050762765411, 0.7193632277, 0.22987400689],
      [0, 0.030085464382, 0.29792601451, 0.6719885211]
    ],
    [
      [0.042943197315, 0.0013945183381, 0.90570992117, 0.049952363176],
      [0.010324591363, 0.90103673173, 0.034470864022, 0.054167812881],
      [0.022364944042, 0.092509351552, 0.75159128578, 0.13353441863],
      [0.15320445906, 0.0014609287699, 0.38705683534, 0.45827777684]
    ],
    [
      [0.034593701726, 0.0015479062779, 0.87779282475, 0.086065567249],
      [0.0089316067556, 0.86317664794, 0.035696036135, 0.092195709171],
      [0.016127179618, 0.082938731374, 0.67196452519, 0.22896956382],
      [0.087510263764, 0.0011944493682, 0.27657195066, 0.63472333621]
    ],
    [
      [0.039771736123, 0.0013262387006, 0.8772442513, 0.081657773876],
      [0.0097294134523, 0.86521505303, 0.034754242584, 0.090301290933],
      [0.018865302015, 0.085210204764, 0.67687806414, 0.21904642908],
      [0.10452008476, 0.0011562722726, 0.28418559446, 0.61013804851]
    ],
    [
      [0.013814077574, 0.0047316305007, 0.91384708716, 0.067607204769],
      [0, 0.92063375099, 0.025427580137, 0.053938668875],
      [0.0089481873772, 0.1148570367, 0.70923251834, 0.16696225758],
      [0.063016739669, 0.0024091388585, 0.35908876311, 0.57548535836]
    ]
  ],
  "expected_outcome": [
    [
      [20.1839060258, 6.3680289553, 49.8560304661, 31.7333431389, 7.8579982317, 8.6744801996, 5.4839810186, 13.1862001054, 15.5981381298, 5.9811778915, 7.0653620538, 1.4686390078, 23.2678487215, 11.6773385167, 34.400170112, 8.2339752273, 33.1857985087, 18.3600475436, 19.5782601312, 8.6775330111, 23.7478273137, 8.2338287941, 2.1878440956, 12.8900155902, 14.3145884168, 0, 12.5153396225, 16.7843498607, 8.903657738, 8.9568741165, 10.6261614323, 4.4202707114, 5.1332591875, 4.4604443699, 0, 42.2990493554, 7.1954899589, 63.2370604348, 1.3261514471],
      [0.52058312187, 0, 1.4145180493, 0.4595561222, 2.2516710782, 3.4216687161, 0.48661643112, 0, 0.78375520725, 0.82875192975, 0, 1.0985537995, 4.1032361157, 0.097400144055, 0, 0.74194051435, 1.3249140139, 0.0057793255165, 1.7676437789, 0.40831129595, 2.696113479, 0.37506527131, 0.26803700858, 10.7733224976, 0.98041372581, 0.21296625351, 0.18189448824, 0.057997549725, 14.1015616783, 1.2120657854, 2.9201039978, 2.7812524033, 0, 0.88937900272, 0.25037647069, 1.373600563, 0.3219645058, 2.108719534, 0.45423652807],
      [447.9904653847, 118.5287122383, 588.570733317, 481.2553303287, 290.6928863047, 386.4237911095, 119.421781425, 543.2087632331, 327.8554731487, 106.1877506868, 255.8589661107, 84.6646908808, 627.448866521, 413.1663558781, 688.7585245105, 374.7581599455, 755.5070890505, 710.1305498357, 605.7510159746, 243.1641141181, 545.2670726447, 143.813823042, 53.2361910422, 546.9517574218, 512.0555676498, 80.9800487818, 586.0595035702, 748.9844968833, 452.5784157877, 381.2152472382, 566.7311554371, 211.6840248483, 165.6044388779, 182.5619315111, 47.6154283001, 892.124272353, 182.5809075474, 1394.8183595691, 87.729320367],
      [31.3050454676, 8.1032588064, 56.1587181675, 28.5517704102, 25.1974443855, 20.4800599748, 8.6076211253, 28.6050366615, 26.7626335143, 13.0023194919, 15.0756718356, 8.7681163119, 23.1800486417, 17.0589054611, 27.8413053775, 13.2659243128, 35.9821984269, 35.5036232952, 31.9030801153, 15.7500415748, 15.2889865626, 12.5772828926, 5.3079278536, 12.3849044903, 15.6494302076, 3.8069849647, 23.243262319, 29.1731557063, 6.416364796, 17.6158128598, 24.7225791328, 2.114452037, 8.2623019346, 10.0882451163, 4.1341952293, 49.2030777286, 17.9016379878, 129.835860462, 6.4902916578]
    ],
    [
      [9.7476129426, 3.9309701522, 9.6616062086, 4.3250783536, 0.12563345349, 0.27481119838, 1.6852084961, 0.13337184358, 5.2629435713, 1.4072011679, 4.2414109931, 0, 1.8294518102, 0.13084839189, 0.61275369926, 0.47593324923, 1.1554200243, 0.38970641788, 0.74905215644, 0.24915944213, 1.9383927807, 2.4508560764, 0.4228917371, 7.5292159333, 3.0993956125, 0, 2.55598773, 2.0467165308, 5.7819211691, 2.6315662031, 2.292587418, 2.4277491961, 1.4642027518, 0.27801812765, 0, 7.6092238342, 1.4379886877, 6.9078835511, 0],
      [944.2288247042, 268.547751263, 1109.6571465922, 192.9378335293, 495.8379666424, 505.2378417658, 196.8605324573, 4.923697654, 567.5840501248, 188.3709955847, 560.2538223716, 132.9748428285, 18.6362502246, 19.2990986042, 28.5357735156, 13.0683595147, 20.3109181607, 21.2637316299, 4.1407972208, 4.50997955, 15.0464654939, 240.2249806443, 58.5616522499, 230.8110098833, 161.0868873319, 34.8927790768, 249.4375863785, 186.7247830427, 136.797006676, 180.2859196308, 136.9559040495, 89.1100562362, 108.3996804421, 83.4297566639, 31.890378466, 664.0640712884, 138.971440318, 614.3026876516, 90.2221075968],
      [31.1322763087, 10.8277653818, 35.4131562336, 11.5007337344, 8.5923630519, 12.3164424427, 4.0913269543, 0.78211970855, 15.017775668, 1.8923976027, 26.778255872, 2.0675501144, 7.553947196, 0.70910710669, 1.7534249469, 3.0761174006, 3.9907962395, 2.2126004797, 3.5506243264, 1.1107379775, 6.5176099534, 5.5406441088, 0.85234637589, 46.5368683442, 17.1979155283, 1.3973098602, 18.8131575236, 13.7351882584, 40.4382092057, 17.0917537944, 16.9544287149, 17.7084558076, 5.7997342892, 2.0080422532, 2.4923160501, 25.4050267839, 5.7470618177, 24.6755122346, 2.4919028535],
      [64.8912860445, 21.693513203, 89.2680909657, 17.2363543827, 25.4440368523, 19.1709045932, 10.3629320922, 1.1608107939, 38.135230636, 10.3294056448, 44.7265107633, 6.9576070571, 8.9803507693, 0.86094589718, 2.0980478382, 3.3795898355, 5.5428655755, 3.1339614724, 5.5595262964, 2.1301230304, 6.497531772, 15.7835191706, 3.1631096371, 41.1229058392, 16.6158015273, 1.709911063, 21.1932683679, 15.4933121681, 30.9828629492, 22.9907603717, 21.7970798177, 10.75373876, 8.3363825169, 3.2841829552, 5.6173054839, 39.9216780936, 14.8435091766, 64.1139165626, 5.2859895498]
    ],
    [
      [1.6543303702, 0.41877337698, 3.5505448338, 0.92764580511, 0.31032502872, 0.35170836301, 0.25501879733, 0.36942670585, 0.81219419068, 0.32340598489, 0.46725269225, 0.11359427864, 0.33684317658, 0.26687245357, 0.71685945713, 0.16618292054, 0.43659951389, 0.30525488802, 0.23506777489, 0.13718411567, 0.59209343766, 0.45211393833, 0.12386328601, 1.1106858763, 1.1059325385, 0.054244842982, 0.75352130016, 0.96939236901, 0.49694690687, 0.45508033224, 0.36677635202, 0.48178483896, 0.60478195346, 0.40591333747, 0, 2.9745375575, 0.51606974778, 1.6035506713, 0.098430061149],
      [7.9955407116, 1.4099103553, 10.3805135757, 1.5409484573, 3.6665104567, 3.9567046476, 1.5891929187, 0.076302346002, 4.4080400265, 2.5369231518, 2.6567021401, 1.83721873, 0.15145411048, 1.5488219661, 1.4642264844, 0.17840602882, 0.32687352007, 0.69577852366, 0.050385241438, 0.074084242698, 0.20214212249, 2.2167777537, 1.1341052803, 1.8236853239, 2.7990819549, 0.8613174416, 3.2725599538, 4.1094345431, 0.64463200664, 1.4367218546, 0.99627541622, 0.92398446917, 2.5713941675, 4.5979480819, 0.55839041952, 12.3037437564, 2.654039404, 7.2428674049, 1.2634274037],
      [59.182748576, 12.4750391096, 64.6790776721, 18.2494266815, 17.1767520013, 22.609972393, 9.0437318842, 12.4879882841, 27.5731328345, 9.3741748832, 26.8704151564, 7.4970392736, 14.58201256, 15.1360505493, 21.8875132023, 11.282782455, 15.7910113947, 18.1337128083, 11.6783916684, 6.4275769867, 20.890279206, 12.7618993689, 5.0649037724, 72.9525045149, 64.0626509377, 7.9591061572, 52.2610024044, 64.6421103306, 36.7537943891, 29.6819823331, 26.7873066518, 37.0219406525, 30.9798823042, 25.3806763358, 7.9129955047, 99.9616410085, 21.5028648059, 57.5346354517, 7.8015577017],
      [13.1673803421, 2.6962771581, 19.3898639184, 3.2819790561, 4.8464125133, 4.0816145964, 2.1120563997, 2.066282664, 7.2066329483, 3.7654959801, 5.0056300112, 2.5521477177, 1.9296901529, 2.048255031, 2.9314008562, 1.3726285956, 2.4455155713, 2.86525378, 2.0361553153, 1.361154655, 2.3154852339, 3.5692089391, 1.6771276613, 7.1131242849, 7.0323345689, 1.1253315582, 6.7129163416, 8.2790627574, 3.1046266974, 4.42621548, 3.84964158, 2.5722900394, 4.8439415748, 4.6154622448, 2.5286140758, 17.7600776776, 7.3270260423, 18.6189464721, 1.8365848334]
    ],
    [
      [21.4141506614, 7.2822275155, 55.9318184915, 17.0139327024, 5.7060432861, 8.699000239, 3.575791688, 5.3110013452, 14.3267241083, 6.2882149557, 8.2259742609, 1.4177667136, 14.5658562917, 4.9249406379, 14.2702167316, 3.123908603, 14.2221819531, 7.9449911505, 10.4376199375, 2.9361234311, 13.7216864679, 10.8632011911, 1.2654008813, 14.4700826002, 15.4800834322, 0.94575515702, 12.1751513473, 13.1995412395, 8.817474186, 5.9564793481, 8.7144747977, 5.6701952536, 4.7977561073, 2.855624165, 0, 27.1171892529, 3.8504516056, 31.2515053428, 1.5754184917],
      [0.2550514623, 0.04233838165, 0.54782178277, 0.061661891187, 0.24385182274, 0.38378487053, 0.063658192798, 0, 0.22415464144, 0.26332933378, 0.089475488349, 0.089384641982, 0.10905954923, 0.054679285635, 0, 0.011293942153, 0.037294305294, 0.034710520882, 0.041173758928, 0.0076249113337, 0.055278904652, 0.18317633076, 0.036205461224, 0.59198229517, 0.13361698734, 0.032937228064, 0.10795917944, 0.10778486449, 0.456799639, 0.065292729238, 0.1277165365, 0.18470689131, 0.028925390342, 0.08291625146, 0.30085464382, 0.25858439227, 0.052555772203, 0.3457254095, 0.060228471463],
      [57.6945097305, 16.1684832704, 76.3370327773, 24.9945092554, 23.5379986422, 41.6497940548, 9.4431597365, 24.5211287743, 36.5536183488, 13.5456768274, 35.4923628609, 6.7707197312, 47.4151737229, 20.9884864658, 32.6005373403, 15.8829401988, 38.7111033153, 35.5231368762, 39.0199680306, 10.2975709178, 36.3250381959, 22.8836334804, 3.8465588095, 70.558869719, 67.6838658843, 8.6635352009, 62.8663365017, 65.6382045278, 48.2295806175, 29.0110166342, 47.5271091962, 32.5855786916, 18.6159445286, 13.0493498998, 2.9792601451, 68.5090598547, 12.1691658289, 84.9714927445, 8.9772190778],
      [85.6362881458, 23.5069508325, 152.1833269484, 29.929896151, 44.512106249, 50.2674208356, 14.9173903827, 27.1678698806, 63.8955029015, 36.9027788832, 44.1921873899, 15.7221289133, 41.9099104362, 19.0318936107, 29.1292459281, 12.981857256, 40.0294204263, 37.4971614524, 45.501238273, 14.7586807398, 26.8979964316, 43.0699889977, 8.851834848, 46.3790653856, 49.7024336962, 8.357772414, 53.8505529715, 56.0544693682, 27.4961455574, 28.9672112885, 45.6306994696, 15.5595191635, 19.5573739737, 16.0121096837, 6.719885211, 81.1151665002, 27.9278267933, 182.4312765032, 14.387133959]
    ]
  ],
  "prob": [
    [0.033113963994, 0.0035329077382, 0.91378449807, 0.049568630194],
    [0.0096952522839, 0.87204897997, 0.045431918112, 0.072823849634],
    [0.018034760737, 0.069912440451, 0.77211701154, 0.13993578727],
    [0.1237099655, 0.0017406078267, 0.39561010866, 0.47893931801]
  ],
  "iterations": 86,
  "time": 0.006872,
  "message": "Converged",
  "status": 0,
  "miniter": 0,
  "maxiter": 1000,
  "maxtime": 3600,
  "param_threshold": 0.001,
  "ll_threshold": "-Inf",
  "initial_prob": "group_proportional",
  "adjust_prob_cond_method": "project_lp",
  "adjust_prob_cond_every": false,
  "candidates_id": ["LEWIS, Richard Charles.c", "YEE, Kenneth Ming.c", "ROBERTSON, Harold Valentine Ross.c", "Other candidates votes.c"],
  "group_id": ["Labour Party.p", "National Party.p", "New Zealand First Party.p", "Other parties votes.p"]
}
