{
  "Z_true": {},
  "V_true": [
    [65, 91, 1106, 77],
    [1948, 479, 462, 93],
    [1333, 9392, 3825, 537],
    [149, 88, 6126, 120],
    [161, 394, 1308, 273],
    [111, 407, 919, 159],
    [102, 290, 1436, 419],
    [215, 406, 597, 580]
  ],
  "p_true": [
    [0.0485, 0.068, 0.826, 0.0575],
    [0.6533, 0.1606, 0.1549, 0.0312],
    [0.0884, 0.6225, 0.2535, 0.0356],
    [0.023, 0.0136, 0.9449, 0.0185],
    [0.0754, 0.1845, 0.6124, 0.1278],
    [0.0695, 0.255, 0.5758, 0.0996],
    [0.0454, 0.1291, 0.6391, 0.1865],
    [0.1196, 0.2258, 0.332, 0.3226]
  ],
  "Z_est": [
    [
      [0.1593, 2.0395, 1.0835, 0.2231, 0.4143, 0.9242, 1.1472, 1.1472, 2.0077, 1.434, 1.2747, 1.4978, 0.2868, 0.733, 1.0835, 0.8604, 0.5418, 2.1989, 0.7967, 3.378, 0.6692, 3.123, 1.6571, 1.1472, 1.0516, 2.2307, 0.2231, 1.689, 1.1154, 0.3187, 3.1549, 0.478, 2.0077, 0.5736],
      [0, 0, 0, 0, 0, 0, 0, 0, 0, 0, 0, 0, 0, 0, 0, 0, 0, 0, 0, 0, 0, 0, 0, 0, 0, 0, 0, 0, 0, 0, 0, 0, 0, 0],
      [4.5012, 57.615, 30.608, 6.3016, 11.7031, 26.1068, 32.4085, 32.4085, 56.7148, 40.5106, 36.0094, 42.3111, 8.1021, 20.7054, 30.608, 24.3063, 15.304, 62.1162, 22.5059, 95.4249, 18.9049, 88.223, 46.8122, 32.4085, 29.7078, 63.0165, 6.3016, 47.7125, 31.5082, 9.0024, 89.1233, 13.5035, 56.7148, 16.2042],
      [0.3395, 4.3454, 2.3085, 0.4753, 0.8827, 1.969, 2.4443, 2.4443, 4.2775, 3.0554, 2.7159, 3.1912, 0.6111, 1.5616, 2.3085, 1.8332, 1.1543, 4.6849, 1.6974, 7.1971, 1.4258, 6.6539, 3.5307, 2.4443, 2.2406, 4.7528, 0.4753, 3.5985, 2.3764, 0.679, 6.7218, 1.0185, 4.2775, 1.2221]
    ],
    [
      [9.9323, 112.2349, 52.6412, 2.9797, 44.7217, 40.7224, 87.4042, 124.1537, 312.8673, 75.4854, 113.2282, 145.0115, 49.6615, 123.5222, 68.5328, 174.8084, 24.8307, 50.6547, 37.7427, 100.3162, 35.7563, 122.1672, 45.6886, 58.6005, 60.587, 102.3026, 39.7292, 60.587, 52.6412, 18.8714, 199.6391, 36.7495, 313.8605, 52.6412],
      [0.061, 0.6892, 0.3233, 0.0183, 7.2025, 0.2501, 0.5367, 0.7624, 1.9213, 0.4635, 0.6953, 0.8905, 0.305, 3.3925, 0.4209, 1.0735, 0.1525, 0.3111, 0.2318, 0.616, 0.2196, 0.7502, 0.2806, 0.3599, 0.3721, 0.6282, 0.244, 0.3721, 0.3233, 0.1159, 1.226, 0.2257, 1.9274, 0.3233],
      [0, 0, 0, 0, 0, 0, 0, 0, 0, 0, 0, 0, 0, 0, 0, 0, 0, 0, 0, 0, 0, 0, 0, 0, 0, 0, 0, 0, 0, 0, 0, 0, 0, 0],
      [0.0067, 0.0759, 0.0356, 0.002, 1.0758, 0.0275, 0.0591, 0.0839, 0.2115, 0.051, 0.0765, 0.098, 0.0336, 0.0853, 0.0463, 0.1181, 0.0168, 0.0342, 0.0255, 0.0678, 0.0242, 0.0826, 0.0309, 0.0396, 0.0409, 0.0691, 0.0269, 0.0409, 0.0356, 0.0128, 0.1349, 0.0248, 0.2121, 0.0356]
    ],
    [
      [0.8916, 40.9304, 13.3108, 6.4416, 0, 11.4224, 19.3313, 44.5986, 93.8403, 34.4884, 25.9907, 38.6286, 21.2734, 0, 9.164, 42.8937, 5.7132, 19.8094, 6.6655, 0, 4.271, 70.3579, 26.7587, 5.6955, 30.1938, 49.9434, 4.8615, 22.5062, 25.6011, 8.0149, 32.8355, 4.8749, 60.3722, 6.0906],
      [34.861, 455.5357, 301.64, 27.3693, 70.384, 120.9201, 228.8189, 292.6189, 573.9343, 194.9282, 417.3129, 286.0946, 256.6949, 152.1259, 126.6577, 541.8619, 129.4674, 264.281, 426.2092, 838.742, 303.319, 1058.5161, 643.2773, 417.6319, 468.3298, 453.5134, 47.885, 323.8955, 303.9415, 242.2731, 675.4144, 106.5761, 447.6994, 52.0047],
      [0, 33.4381, 69.9759, 0, 13.2143, 21.6537, 38.8344, 62.9862, 97.8928, 31.7968, 86.4353, 76.9937, 26.7352, 34.0126, 30.0631, 47.6394, 47.6517, 104.9122, 118.4217, 211.0758, 78.2446, 197.9437, 150.5846, 79.6119, 66.8111, 127.7677, 8.1454, 109.5109, 49.0217, 49.6851, 114.89, 25.0372, 70.752, 29.6615],
      [6.2474, 36.0958, 15.0733, 9.1891, 10.4017, 18.0038, 6.0154, 13.7964, 45.3326, 18.7867, 24.261, 8.2831, 20.2965, 8.8615, 8.1152, 24.605, 3.1677, 18.9974, 11.7036, 51.1822, 14.1654, 66.1823, 26.3795, 19.0606, 35.6653, 30.7755, 5.1081, 20.0873, 8.4358, 26.027, 34.8601, 1.5118, 55.1764, 1.2432]
    ],
    [
      [0, 0, 0, 0, 0, 0, 0, 0, 0, 0, 0, 0, 0, 0, 0, 0, 0, 0, 0, 0, 0, 0, 0, 0, 0, 0, 0, 0, 0, 0, 0, 0, 0, 0],
      [0.0011, 0.0073, 0.006, 0.0007, 0.0013, 0.0043, 0.0031, 0.0032, 0.0074, 0.0042, 0.0065, 0.0053, 0.002, 0.0019, 0.0029, 0.0038, 0.002, 0.0079, 0.005, 0.0151, 0.0045, 0.0147, 0.0076, 0.0059, 0.0043, 0.0071, 0.0011, 0.0057, 0.0056, 0.0058, 0.0105, 0.0026, 0.0083, 0.0016],
      [31.1364, 259.4267, 214.7315, 23.1726, 45.6669, 152.5468, 110.7665, 115.6246, 265.2565, 148.6602, 233.1925, 191.4122, 69.9578, 67.0429, 104.9366, 136.029, 72.8727, 281.7743, 177.8093, 540.2294, 160.3199, 527.5981, 271.0863, 210.8449, 152.5468, 252.6253, 38.8654, 205.0151, 201.1286, 207.93, 374.0797, 91.3337, 297.3205, 56.3549],
      [7.8625, 7.566, 6.2625, 3.8266, 1.3318, 4.4489, 3.2304, 3.3721, 7.7361, 4.3356, 6.8009, 5.5824, 2.0403, 1.9553, 3.0604, 3.9672, 2.1253, 8.2178, 5.1857, 15.7555, 4.6756, 15.3871, 7.9061, 6.1492, 4.4489, 7.3677, 1.1335, 5.9792, 5.8658, 6.0642, 10.9098, 2.6637, 8.6712, 1.6436]
    ],
    [
      [0, 0, 0, 0, 0, 0, 0, 0, 0, 0, 0, 0, 0, 0, 0, 0, 0, 0, 0, 0, 0, 0, 0, 0, 0, 0, 0, 0, 0, 0, 0, 0, 0, 0],
      [1.0542, 9.5933, 6.8524, 1.5813, 1.3705, 5.6927, 5.4819, 3.4789, 8.75, 3.4789, 8.75, 4.7439, 2.8464, 3.3735, 2.8464, 5.6927, 3.2681, 7.1686, 7.3795, 21.7167, 5.2711, 20.2408, 12.1234, 9.6987, 9.0662, 9.5933, 0.8434, 6.4307, 6.5361, 6.4307, 13.0722, 2.1084, 8.012, 0.6325],
      [8.9458, 81.4067, 58.1476, 13.4187, 11.6295, 48.3073, 46.5181, 29.5211, 74.25, 29.5211, 74.25, 40.2561, 24.1536, 28.6265, 24.1536, 48.3073, 27.7319, 60.8314, 62.6205, 184.2833, 44.7289, 171.7592, 102.8766, 82.3013, 76.9338, 81.4067, 7.1566, 54.5693, 55.4639, 54.5693, 110.9278, 17.8916, 67.988, 5.3675],
      [0, 0, 0, 0, 0, 0, 0, 0, 0, 0, 0, 0, 0, 0, 0, 0, 0, 0, 0, 0, 0, 0, 0, 0, 0, 0, 0, 0, 0, 0, 0, 0, 0, 0]
    ],
    [
      [0, 0, 0, 0, 0, 0, 0, 0, 0, 0, 0, 0, 0, 0, 0, 0, 0, 0, 0, 0, 0, 0, 0, 0, 0, 0, 0, 0, 0, 0, 0, 0, 0, 0],
      [0, 0, 0, 0, 0, 0, 0, 0, 0, 0, 0, 0, 0, 0, 0, 0, 0, 0, 0, 0, 0, 0, 0, 0, 0, 0, 0, 0, 0, 0, 0, 0, 0, 0],
      [9.3273, 58.7621, 97.004, 18.6546, 16.7892, 55.0311, 29.8474, 14.9237, 50.3675, 20.5201, 15.8564, 23.3183, 16.7892, 6.5291, 16.7892, 40.1074, 39.1747, 65.2912, 65.2912, 115.6586, 42.9056, 102.6004, 72.753, 37.3092, 40.1074, 43.8384, 10.26, 55.0311, 74.6185, 7.4618, 114.7259, 13.0582, 92.3404, 5.5964],
      [0.6727, 4.2379, 6.996, 1.3454, 1.2108, 3.9689, 2.1526, 1.0763, 3.6325, 1.4799, 1.1436, 1.6817, 1.2108, 0.4709, 1.2108, 2.8926, 2.8253, 4.7088, 4.7088, 8.3414, 3.0944, 7.3996, 5.247, 2.6908, 2.8926, 3.1616, 0.74, 3.9689, 5.3815, 0.5382, 8.2741, 0.9418, 6.6596, 0.4036]
    ],
    [
      [0, 0, 0, 0, 0, 0, 0, 0, 0, 0, 0, 0, 0, 0, 0, 0, 0, 0, 0, 0, 0, 0, 0, 0, 0, 0, 0, 0, 0, 0, 0, 0, 0, 0],
      [0, 0, 0, 0, 0, 0, 0, 0, 0, 0, 0, 0, 0, 0, 0, 0, 0, 0, 0, 0, 0, 0, 0, 0, 0, 0, 0, 0, 0, 0, 0, 0, 0, 0],
      [18, 105, 60, 15, 11, 54, 35, 35, 118, 40, 60, 57, 41, 26, 22, 64, 39, 138, 88, 183, 79, 197, 102, 103, 43, 95, 23, 84, 79, 9, 100, 19, 100, 5],
      [0, 0, 0, 0, 0, 0, 0, 0, 0, 0, 0, 0, 0, 0, 0, 0, 0, 0, 0, 0, 0, 0, 0, 0, 0, 0, 0, 0, 0, 0, 0, 0, 0, 0]
    ],
    [
      [1.0168, 7.7951, 7.9646, 1.3557, 1.864, 5.9311, 7.1173, 6.1005, 17.2848, 5.5921, 10.5064, 11.8621, 6.7783, 4.7448, 3.2197, 16.4375, 4.9143, 10.337, 7.7951, 20.3059, 8.3035, 21.3518, 13.8956, 13.5567, 10.1675, 11.5232, 1.1862, 13.2178, 8.6424, 7.7951, 12.3705, 3.8976, 15.7597, 1.6946],
      [0.0228, 0.1746, 0.1783, 0.0304, 0.0417, 0.1328, 0.1594, 0.1366, 0.3871, 0.1252, 0.2353, 0.2656, 0.1518, 0.1062, 0.0721, 0.3681, 0.11, 0.2315, 0.1746, 2.9101, 0.1859, 0.4781, 0.3112, 0.3036, 0.2277, 0.258, 0.0266, 0.296, 0.1935, 0.1746, 0.277, 0.0873, 0.3529, 0.0379],
      [1.0893, 8.3514, 8.533, 1.4524, 1.9971, 6.3543, 7.6252, 6.5359, 18.5183, 5.9912, 11.2562, 12.7087, 7.2621, 5.0835, 3.4495, 17.6106, 5.265, 11.0747, 8.3514, 24.328, 8.8961, 22.8756, 14.8873, 14.5242, 10.8931, 12.3456, 1.2709, 14.1611, 9.2592, 8.3514, 13.2533, 4.1757, 16.8844, 1.8155],
      [3.8712, 29.6789, 30.3241, 5.1616, 7.0971, 22.5818, 27.0982, 23.227, 65.8098, 21.2914, 40.0021, 45.1636, 25.8078, 18.0654, 12.2587, 62.5839, 18.7106, 39.3569, 29.6789, 86.4561, 31.6145, 81.2945, 52.9059, 51.6156, 38.7117, 43.8732, 4.5164, 50.3252, 32.9049, 29.6789, 47.0992, 14.8395, 60.0031, 6.4519]
    ]
  ],
  "V_est": [
    [42.6709, 0, 1205.4149, 90.9143],
    [2951.2727, 27.6853, 0, 3.042],
    [787.7713, 11284.7349, 2311.4002, 703.0936],
    [0, 0.176, 6289.2948, 193.5292],
    [0, 225.1794, 1910.8206, 0],
    [0, 0, 1488.6386, 107.3614],
    [0, 0, 2247, 0],
    [302.2852, 9.2243, 326.4309, 1160.0596]
  ],
  "p_est": [
    [0.0319, 0, 0.9002, 0.0679],
    [0.9897, 0.0093, 0, 0.001],
    [0.0522, 0.748, 0.1532, 0.0466],
    [0, 0, 0.9701, 0.0299],
    [0, 0.1054, 0.8946, 0],
    [0, 0, 0.9327, 0.0673],
    [0, 0, 1, 0],
    [0.1681, 0.0051, 0.1816, 0.6452]
  ],
  "EI_Z": {},
  "EI_V": 18.0084,
  "MAE_Z": {},
  "MAE_V": 378.9411,
  "MAE_p": 0.1228,
  "runtime": 4.5817
}
