{
  "Z_true": {},
  "V_true": [
    [17, 33, 2186, 228],
    [945, 468, 331, 42],
    [830, 5021, 634, 192],
    [156, 65, 22520, 588],
    [218, 637, 1100, 410]
  ],
  "p_true": [
    [0.0069, 0.0134, 0.8872, 0.0925],
    [0.5291, 0.262, 0.1853, 0.0235],
    [0.1243, 0.752, 0.095, 0.0288],
    [0.0067, 0.0028, 0.9653, 0.0252],
    [0.0922, 0.2693, 0.4651, 0.1734]
  ],
  "Z_est": [
    [
      [0.6037, 0.6025, 0, 0.5783, 0.4092, 0.5341, 0.0578, 0.545, 0.0512, 0.1443, 0.3272, 0.9272, 0.5801, 0.0228, 0.7193, 0, 0.1828, 0, 0.2702, 0.3756, 0.7147, 0.4733, 0, 0.072, 0, 0.5869, 0.2881, 0, 0.7775, 0, 0.048, 0.9048, 0, 0.0602, 0.0075, 0.4696, 0.9282, 0.153, 0.1647, 0.0511, 0.4614, 0.2204, 0.0081, 1.3475, 0.0757, 1.7146, 0.1166],
      [0.3548, 0.3023, 0.071, 0.2159, 0.1144, 0.417, 0.0082, 0.5816, 0.1753, 0.0633, 0.4187, 0.406, 0.3015, 0.0096, 0.3622, 0, 0.152, 0.392, 0.0689, 0.1181, 0.3184, 0.1468, 0, 0, 0.005, 0.1024, 0.2146, 0.0588, 0.2092, 0.134, 0.0155, 0.2122, 0, 0.0385, 0.0034, 0.1275, 0.3779, 0.1493, 0.1599, 0.02, 0, 0.0883, 0.0104, 0.9049, 0.0756, 0.3957, 0.0521],
      [81.6902, 89.4495, 16.8738, 75.9053, 46.3757, 102.8623, 3.5411, 71.1524, 13.3655, 12.1788, 56.3396, 143.575, 75.1306, 0.9141, 83.0922, 0, 28.4696, 52.5706, 53.1148, 45.0008, 73.4713, 82.1875, 0, 1.8412, 8.5876, 38.7673, 34.0642, 43.116, 67.4839, 40.2607, 5.5019, 120.0721, 0, 10.3495, 0.9891, 27.316, 153.9622, 37.9754, 26.282, 9.3407, 50.7765, 26.6724, 1.7448, 213.5187, 14.8585, 147.1727, 20.1904],
      [7.3513, 4.6456, 1.0553, 4.3004, 3.1007, 7.1866, 0.3929, 4.721, 1.4079, 0.6136, 3.9144, 8.0918, 2.9878, 0.0535, 3.8263, 0, 1.1955, 3.0374, 2.5461, 1.5056, 6.4956, 4.1924, 0, 0.0868, 0.4074, 2.5434, 1.4332, 1.8252, 3.5293, 1.6053, 0.4346, 5.8109, 0, 0.5518, 0, 2.0869, 7.7317, 1.7223, 1.3935, 0.5882, 2.762, 1.0189, 0.2368, 11.2288, 0.9903, 9.717, 0.641]
    ],
    [
      [65.8339, 29.0439, 10, 21.3137, 14.3654, 51.4866, 2.8245, 58.9128, 14.9113, 16.5037, 64.5428, 63.1564, 28.6678, 3.7982, 103.2101, 2.8321, 32.8003, 12.9151, 18.9941, 36.1985, 46.7749, 44.5811, 2, 4.9796, 5.9244, 71.1684, 21.589, 31.4436, 51.0823, 17.1718, 4.4863, 113.0575, 0, 14.7649, 1.9087, 11.0413, 43.6503, 26.6678, 25.3348, 8.637, 29.9114, 18.9708, 2.4432, 117.1918, 19.5247, 162.1447, 29.5815],
      [1.4156, 0.6382, 0.3174, 0.4093, 0.2167, 1.0212, 0.0172, 1.6253, 0.6676, 0.3038, 2.0413, 1.3289, 0.6075, 0.1267, 2.1692, 0.0695, 0.8365, 0.5052, 0.4086, 0.6382, 0.8781, 0.899, 0, 0, 0.1505, 1.0166, 0.4982, 0.7115, 0.7831, 0.4925, 0.0673, 1.9328, 0, 0.4173, 0.0205, 0.1488, 0.9725, 0.7455, 0.7125, 0.1786, 0.2993, 0.3525, 0.0775, 2.8538, 0.6031, 2.3564, 0.6312],
      [4.7247, 2.2333, 1.0667, 1.4884, 0.8725, 3.936, 0.0756, 3.9006, 1.1496, 0.7849, 5.0055, 4.9288, 1.9844, 0, 6.6761, 1.0984, 2.4031, 1.6741, 1.796, 2.4132, 2.8954, 3.7525, 0, 0.0204, 0.6494, 3.3711, 1.3615, 3.7117, 2.7589, 1.7017, 0.2553, 8.3241, 0, 1.2208, 0.0708, 0.4603, 3.6609, 2.5253, 1.9566, 0.7499, 1.8626, 1.2351, 0.2053, 9.3498, 1.761, 8.8792, 3.038],
      [4.0257, 1.0847, 0.616, 0.7886, 0.5454, 2.5562, 0.0826, 2.5612, 1.2715, 0.4076, 3.4104, 2.5859, 0.7403, 0.0752, 2.9446, 5.4738e-48, 0.9601, 0.9056, 0.8013, 0.7501, 2.4516, 1.7674, 0, 0, 0.2757, 2.4439, 0.5513, 1.1331, 1.3757, 0.6339, 0.1911, 3.6856, 0, 0.5971, 0, 0.3496, 1.7163, 1.0614, 0.9961, 0.4345, 0.9268, 0.4415, 0.274, 4.6047, 1.1113, 5.6198, 0.7493]
    ],
    [
      [7.5702, 6.658, 0, 4.2332, 4.8282, 2.5696, 0.6309, 12.3918, 0, 5.7695, 3.5158, 5.3993, 3.6043, 0.1961, 15.9831, 0, 1.3532, 0, 0.7528, 6.7883, 4.1153, 1.3812, 1.3444, 3.95, 0, 6.8833, 6.0156, 0, 9.6084, 0, 0.6639, 13.3202, 0.9512, 0, 0.0076, 3.2275, 7.9035, 0, 5.2084, 0.959, 10.0305, 2.4526, 0.0954, 13.7995, 0, 32.0014, 0],
      [180.7688, 171.4045, 40.9284, 95.2868, 57.8931, 60.3446, 4.4519, 350.3114, 42.647, 85.1678, 281.8456, 149.0152, 88.0227, 2.614, 346.5319, 5.0634, 58.6466, 126.3121, 86.4783, 91.1253, 82.9831, 101.4287, 2.6556, 2, 18.3685, 91.126, 146.1855, 83.6618, 155.7019, 66.3488, 13.2525, 185.9174, 0, 35.025, 0.9717, 42.5018, 244.5659, 121.358, 211.7335, 50.3685, 47.4351, 53.5913, 29.5658, 480.4492, 82.8791, 430.6251, 62.1722],
      [21.3432, 21.0155, 4.6917, 12.0244, 8.2127, 7.9322, 0.6034, 25.3515, 2.3939, 6.5155, 23.2819, 19.0486, 10.0048, 0.0084, 37.1471, 0.9366, 6.1393, 14.4502, 28.1528, 11.8644, 9.6639, 24.2701, 0, 1.8686, 3.4843, 9.5996, 13.0037, 16.6665, 18.3517, 9.8496, 1.6362, 32.2443, 0.0488, 4.0477, 0.0207, 4.2786, 39.6679, 15.9034, 18.2849, 10.4241, 17.6746, 6.4304, 1.6474, 55.2192, 8.3759, 53.0435, 14.7996],
      [36.3178, 19.922, 5.3799, 12.4556, 10.066, 10.1536, 1.3138, 42.9453, 6.9591, 8.5472, 36.3567, 19.5369, 7.3682, 0.1814, 33.3379, 0, 4.8609, 15.2377, 12.6161, 7.2219, 16.2377, 13.9199, 0, 2.1814, 2.1473, 13.3911, 11.7951, 8.6717, 18.3381, 5.8016, 2.4474, 23.5181, 0, 3.9273, 0, 6.9921, 29.8627, 11.7387, 21.7732, 8.2484, 10.8598, 4.5257, 7.6914, 53.5322, 10.7449, 67.33, 5.0282]
    ],
    [
      [2.3571, 0.8395, 0, 1.8623, 2.0482, 0, 2.1088, 1.9277, 0, 2.6702, 0, 0, 2.1327, 0.7063, 8.4638, 3.6463e-63, 0, 0, 0, 1.3912, 6.4297, 0, 0.338, 1.946, 0, 11.1565, 2.0798, 0, 13.7062, 0, 0.4729, 0, 0.0488, 0, 0.0762, 4.5531, 0, 0, 0, 0, 0, 2.2201, 0, 0, 0, 35.1196, 0],
      [10.1402, 3.3795, 0, 0.6671, 0, 0.9482, 0, 27.9454, 7.6277, 2.1554, 21.1145, 0.5538, 4.3834, 0.2693, 11.1315, 1.6421e-47, 3.3072, 2.197, 0, 0, 5.6411, 0, 0, 0, 0, 0, 9.0544, 0, 0.8597, 0, 0.0306, 0, 0, 0, 0.0045, 1.5098, 0, 0, 8.0005, 0, 0, 0.6032, 1.8428, 18.4954, 4.4889, 0, 0],
      [818.9194, 966.3334, 203.5034, 559.055, 568.1232, 674.5126, 58.0791, 664.339, 121.5141, 120.3293, 617.7101, 1123.8126, 582.0832, 5.8972, 953.8, 17, 233.8262, 672.2794, 684.8569, 543.0202, 536.0656, 808.13, 1.662, 19.054, 49.4388, 270.9126, 333.4878, 283.087, 662.001, 354.3259, 54.2912, 1158.3579, 4.9512, 178.3989, 22.9193, 140.7289, 1542.5186, 334.9315, 304.9809, 158.6416, 541.2643, 369.4274, 44.0188, 2109.526, 283.7511, 1575.0216, 398.9891],
      [21.5833, 13.4475, 3.4966, 8.4157, 9.8286, 12.5392, 1.8122, 14.7879, 4.8582, 1.8451, 14.1754, 16.6336, 6.4007, 0.1272, 12.6047, 0, 2.8666, 10.5236, 7.1431, 4.5885, 13.8636, 9.87, 0, 0, 0.5612, 4.9308, 4.3779, 2.913, 9.4332, 3.6741, 1.2053, 13.6421, 0, 2.6011, 0, 3.2082, 19.4814, 4.0685, 5.0186, 2.3584, 5.7357, 3.7493, 2.1385, 30.9786, 5.76, 27.8588, 3.0109]
    ],
    [
      [9.6351, 5.8561, 0, 6.0124, 2.3491, 6.4097, 0.378, 11.2227, 0.0374, 3.9124, 10.6142, 6.517, 5.0151, 1.2766, 21.6236, 0.1679, 2.6637, 2.0849, 5.9829, 5.2464, 4.9654, 9.5644, 0.3176, 7.0524, 0.0756, 5.2049, 7.0274, 3.5564, 8.8257, 1.8282, 1.3289, 10.7176, 0, 1.1749, 0, 2.7085, 12.518, 3.1792, 7.2922, 2.3529, 5.5967, 5.1361, 0.4534, 20.6612, 1.3997, 28.0198, 2.3019],
      [31.3207, 20.2755, 8.6833, 18.421, 5.7757, 20.2691, 0.5226, 42.5363, 9.8823, 10.3096, 46.5799, 21.696, 16.6849, 2.9804, 67.8053, 0.8671, 10.0577, 21.5936, 21.0441, 15.1183, 14.1792, 31.5256, 0.3444, 0, 5.4759, 12.755, 24.0473, 13.5678, 21.4462, 16.0247, 3.6341, 30.9376, 0, 4.5193, 0, 5.7121, 44.0838, 18.7472, 30.3936, 8.4329, 10.2656, 15.3647, 2.5036, 77.2967, 10.9533, 65.6229, 8.1446],
      [35.3224, 22.9683, 7.8645, 21.5269, 7.4159, 24.7568, 0.7007, 39.2564, 6.5769, 10.1915, 43.6629, 25.6351, 17.797, 1.1802, 71.2846, 0.9651, 10.1618, 22.0258, 29.0796, 17.7014, 15.9039, 40.6598, 0.338, 5.2158, 7.84, 14.3493, 23.0828, 16.4187, 24.4044, 16.862, 4.3153, 39.0016, 0, 4.9832, 0, 6.2162, 53.1904, 19.6644, 29.4957, 10.8436, 17.422, 17.2347, 2.3837, 83.3863, 10.2535, 77.883, 9.9829],
      [15.7218, 5.9002, 2.4523, 6.0397, 2.4594, 8.5644, 0.3986, 12.9847, 3.5033, 2.5865, 15.1431, 7.1519, 3.503, 0.5628, 16.2865, 0, 2.1169, 6.2957, 6.8934, 2.9339, 6.9515, 10.2502, 0, 0.7318, 1.6085, 4.6907, 4.8425, 3.4571, 6.3237, 3.2851, 1.7216, 9.3433, 0, 1.3226, 0, 2.3633, 13.2078, 4.4092, 7.8185, 3.3706, 4.7157, 3.2645, 1.6593, 21.6557, 3.3935, 25.4744, 1.5706]
    ]
  ],
  "V_est": [
    [16.5753, 8.3533, 2308.1047, 130.9667],
    [1578.3429, 33.163, 113.9896, 60.5046],
    [206.1632, 5167.7314, 651.6236, 651.4819],
    [104.6547, 146.351, 22729.8772, 348.117],
    [260.264, 868.4013, 967.4049, 268.9298]
  ],
  "p_est": [
    [0.0067, 0.0034, 0.9367, 0.0532],
    [0.8837, 0.0186, 0.0638, 0.0339],
    [0.0309, 0.774, 0.0976, 0.0976],
    [0.0045, 0.0063, 0.9743, 0.0149],
    [0.11, 0.3672, 0.4091, 0.1137]
  ],
  "EI_Z": {},
  "EI_V": 5.3594,
  "MAE_Z": {},
  "MAE_V": 196.2683,
  "MAE_p": 0.0636,
  "runtime": 0.001
}
