{
  "Z_true": {},
  "V_true": [
    [400, 24, 83, 493, 35],
    [485, 541, 339, 11923, 452],
    [87, 171, 6339, 558, 274],
    [91, 1224, 356, 719, 120],
    [64, 55, 519, 345, 668]
  ],
  "p_true": [
    [0.3865, 0.0232, 0.0802, 0.4763, 0.0338],
    [0.0353, 0.0394, 0.0247, 0.8678, 0.0329],
    [0.0117, 0.023, 0.8533, 0.0751, 0.0369],
    [0.0363, 0.4876, 0.1418, 0.2865, 0.0478],
    [0.0388, 0.0333, 0.3144, 0.209, 0.4046]
  ],
  "Z_est": [
    [
      [0, 1.8918, 2, 1.6036, 1.7406, 6, 4, 3, 0.1507, 2, 0, 2, 1.9999, 6, 2, 2, 3, 2, 4, 1.9998, 1.9999, 3, 3, 3, 3, 4, 3, 0, 1.3473, 0.1297, 0, 2, 0.1969, 0, 0.5816, 5, 10, 4, 8, 3.9841],
      [0.0826, 0.0255, 6.0688e-13, 0.1121, 0.2469, 5, 3, 1, 0.0273, 1, 0, 1, 0.0001, 6, 1, 1, 1, 0, 2, 0.0002, 1, 2, 2, 0.0001, 2, 2, 1, 0, 0.097, 0.032, 0, 1.302e-09, 0.2415, 0.0285, 0.186, 5, 19, 3, 6, 0.9999],
      [0.6833, 4.9611, 4, 0.1659, 0.0063, 49, 12, 1.7924e-15, 0.7018, 2, 0, 3, 1, 44, 4, 2, 8, 2, 17, 3, 4, 3, 3, 1, 6, 4, 4, 1.3352, 0.4584, 0.035, 0, 2, 0.2181, 0.3409, 1.2445, 20, 56, 10, 23, 7.0055],
      [0.1679, 1.121, 6, 2.0069, 1.0041, 35, 16, 10, 0.1127, 11, 0, 15, 3, 29, 12, 5, 9, 5, 24, 4.9998, 7.9999, 18, 15, 4.9999, 13, 13, 16, 0.6648, 1.0066, 0.7502, 0, 5, 0.3084, 0.6044, 1.9016, 22, 113, 27, 57, 9.9997],
      [0.0662, 0.0006, 1, 0.1115, 0.0021, 3, 2, 1.2289e-15, 0.0076, 1, 0, 1, 0, 3, 1, 1.707e-09, 1, 0, 2, 0.0003, 0.0001, 1, 1, 0, 1, 1, 1, 0, 0.0906, 0.0531, 0, 3.0584e-09, 0.0352, 0.0261, 0.0863, 3, 12, 2, 6, 0.0108]
    ],
    [
      [0, 2.0375, 10, 4.0617, 7.765, 26, 17, 17, 2.3528, 8, 0.4698, 24, 4, 17, 10, 9, 6, 5, 15, 2.9998, 6.0001, 37, 21, 8.9999, 15, 16, 16, 0, 3.6844, 1.7166, 0.5354, 8, 0.3299, 0, 1.7163, 15, 130, 29, 80, 3.9997],
      [0.6715, 3.5782, 14, 5.6364, 12.5259, 39, 26, 26, 1.345, 25, 1.4367, 42, 14.9998, 25, 19, 31, 13, 12, 26, 13.9995, 17.9999, 47, 47, 15.9996, 32, 29, 25, 0, 2.4935, 0.8183, 1.7597, 25, 1.4943, 0.6818, 1.9087, 39, 321, 44, 87, 4.9981],
      [2.1263, 19.804, 80, 9.4266, 13.4829, 341, 117, 25, 14.9994, 68, 3.5819, 109, 24.9999, 183, 59, 55, 69, 26.9999, 166, 43.9987, 72.9996, 86, 79, 31.0003, 92, 54, 69, 7.6113, 5.133, 0.8582, 5.0075, 65, 0.9091, 5.1359, 9.718, 134, 946, 148, 319, 23.0108],
      [0.7937, 6.4084, 125, 60.8281, 59.7518, 241, 151, 312, 16.9743, 261, 1.853, 503, 75.0003, 120, 158, 161, 74, 62.0001, 241, 73.0027, 146.0005, 407, 325, 95.0003, 188, 152, 228, 4.3887, 11.6589, 18.9274, 11.6974, 141, 1.907, 11.5569, 12.8926, 144, 1879, 392, 767, 32.9916],
      [0.4085, 0.1719, 19, 7.0472, 5.4744, 27, 26, 25, 2.3285, 27, 0.6585, 32, 8, 16, 17, 17, 11, 6, 28, 4.9992, 9.9999, 32, 21, 6.9999, 25, 16, 17, 0, 2.0302, 1.6795, 0, 14, 0.3596, 0.6254, 1.7645, 25, 215, 42, 91, 1.9998]
    ],
    [
      [0, 3.9318, 7, 0.1892, 1.2404, 42, 15, 1, 2.7131, 2, 1.2809, 4, 1, 31, 3, 3, 5, 2, 10, 0.9999, 1.9999, 6, 4, 2.0001, 7, 5, 4, 0, 1.4137, 0, 0.3577, 4, 0.2619, 0, 1.0125, 13, 63, 10, 35, 4.0083],
      [2.5621, 5.2693, 9, 0.1188, 2.4357, 61, 21, 2, 1.4247, 6, 3.6762, 7, 3.0001, 45, 9, 12, 9, 5, 16, 6.9994, 10, 8, 11, 4, 14, 9, 7, 0, 1.0311, 0, 0.8072, 11, 1.0822, 0.2185, 1.0411, 33, 155, 15, 39, 2.9996],
      [10.8079, 55.3275, 58, 1.1205, 3.7395, 547, 105, 3, 18.6205, 18, 13.6519, 21, 10, 339, 26, 23, 66, 14, 119, 27.0014, 37.0005, 17, 20, 11.9997, 45, 19, 21, 13.6857, 4.0254, 0, 2.8825, 34, 1.025, 2.9755, 12.263, 124, 463, 53, 141, 19.9782],
      [2.8842, 17.414, 88, 7.3748, 11.8307, 389, 133, 25, 15.9908, 67, 4.6236, 93, 22, 222, 67, 64, 66, 29, 169, 41.9992, 71.9996, 72, 73, 31.0001, 89, 52, 65, 5.3143, 5.5375, 0, 4.9526, 70, 1.3531, 4.5328, 13.3648, 132, 916, 137, 336, 28.0144],
      [1.7458, 1.0574, 14, 0.1968, 0.7536, 44, 23, 2, 1.2509, 7, 1.7674, 6, 2, 30, 7, 6, 10, 3, 20, 3.0001, 5, 5, 4, 2.0002, 11, 5, 5, 0, 0.9923, 0, 0, 7, 0.2779, 0.2733, 1.3186, 23, 105, 14, 39, 1.9996]
    ],
    [
      [0, 0.0037, 3.2951e-13, 0.0562, 0.248, 6, 3, 1, 0.2641, 1, 0.1884, 1, 1, 7, 1, 1, 1, 1, 2, 0.0005, 0.0001, 4, 2, 1, 3, 3, 1, 0, 0.3128, 0.1182, 0.0775, 1, 0.1599, 0, 0.5696, 6, 27, 3, 10, 0.0072],
      [0.495, 0.088, 1, 0.0309, 0.7734, 9, 5, 1, 0.1081, 2, 0.76, 3, 3, 10, 2, 6, 2, 1, 4, 2.0007, 2, 5, 6, 2.0002, 6, 5, 2, 0, 0.2184, 0.1066, 0.339, 4, 0.9085, 0.0375, 0.7526, 16, 68, 5, 11, 0.001],
      [2.2436, 2.9978, 8, 0.1549, 1.7643, 81, 27, 2, 3.115, 9, 2.3705, 8, 6, 76, 9, 12, 13, 6, 29, 10.9999, 11.9997, 10, 10, 6.0002, 20, 9, 8, 1.9803, 0.9677, 0.0557, 0.801, 13, 0.6284, 0.2455, 2.332, 60, 202, 17, 44, 3.9889],
      [0.828, 1.8976, 13, 0.998, 8.2108, 59, 36, 27, 2.2424, 32, 1.2633, 39, 19.9999, 52, 22, 39, 16, 13, 45, 18.9986, 25.0002, 52, 47, 19.9996, 42, 29, 25, 1.0197, 2.2303, 1.5429, 1.7825, 30, 1.0679, 0.69, 4.1662, 67, 404, 48, 106, 5.0025],
      [0.4335, 0.0129, 1, 0.76, 0.0034, 6, 7, 1, 0.2705, 3, 0.4179, 2, 1.0001, 6, 2, 4, 2, 1, 5, 1.0003, 1, 4, 3, 1, 6, 2, 1, 0, 0.2708, 0.1765, 0, 3, 0.2353, 0.027, 0.1796, 12, 47, 5, 12, 0.0004]
    ],
    [
      [0, 0.1352, 1, 0.0893, 0.006, 5, 2, 3.419e-17, 0.5193, 1.6413e-16, 0.0609, 1, 0, 5, 7.289e-07, 1.6341e-08, 1, 1.12e-06, 2, 0, 1.5299e-09, 2, 1, 0, 1, 1, 1.3135e-14, 0, 0.2417, 0.0355, 0.0295, 1, 0.0514, 0, 0.1201, 3, 17, 3, 7, 0.0007],
      [0.1889, 0.0391, 1, 0.1018, 0.0181, 8, 4, 1, 0.095, 1, 0.1271, 1, 1, 7, 1, 2, 2, 1, 4, 1.0003, 1, 3, 2, 0.0001, 3, 3, 6.4087e-15, 0, 0.16, 0.0431, 0.094, 3, 0.2735, 0.0337, 0.1116, 8, 42, 4, 8, 0.0015],
      [1.139, 7.9096, 9, 0.1321, 0.0069, 74, 20, 1, 1.5633, 4, 0.3958, 5, 3.0001, 56, 6, 5, 15, 3, 28, 3.9999, 5.0001, 6, 4, 1.9999, 9, 5, 2, 1.3875, 0.4155, 0.0511, 0.309, 8, 0.2194, 0.3022, 1.4426, 29, 125, 16, 31, 3.0166],
      [0.3262, 3.1591, 15, 1.7923, 2.2025, 52, 26, 13, 0.6798, 20, 0.2601, 24, 10.9999, 36, 18, 15, 17, 8, 41, 7.9996, 9.9998, 28, 16, 6.0001, 18, 16, 9, 0.6125, 1.5668, 0.7794, 0.5675, 18, 0.3636, 0.6159, 1.6748, 31, 248, 45, 74, 5.9918],
      [0.346, 1.7571, 4, 0.8845, 0.7665, 8, 6, 3, 0.1425, 3, 0.1562, 3, 2.9999, 7, 3, 4, 4, 2, 7, 2.0002, 2, 4, 2, 2.9999, 4, 4, 3, 0, 0.6161, 0.0909, 0, 3, 0.0921, 0.0482, 0.651, 7, 30, 7, 11, 1.9894]
    ]
  ],
  "V_est": [
    [103.6258, 67.0797, 304.156, 516.648, 43.4906],
    [581.669, 1096.3468, 3584.8034, 7673.6337, 803.547],
    [298.4093, 550.6659, 2522.1046, 3644.1864, 413.6338],
    [89.0063, 187.6199, 731.6454, 1359.9402, 141.7882],
    [54.2897, 113.2877, 493.2906, 843.5916, 146.5404]
  ],
  "p_est": [
    [0.1001, 0.0648, 0.2939, 0.4992, 0.042],
    [0.0423, 0.0798, 0.2609, 0.5585, 0.0585],
    [0.0402, 0.0741, 0.3395, 0.4905, 0.0557],
    [0.0355, 0.0747, 0.2915, 0.5418, 0.0565],
    [0.0329, 0.0686, 0.2988, 0.511, 0.0888]
  ],
  "EI_Z": {},
  "EI_V": 37.7693,
  "MAE_Z": {},
  "MAE_V": 796.6311,
  "MAE_p": 0.1488,
  "runtime": 0.3165
}
