{
  "Z_true": {},
  "V_true": [
    [387, 53, 423, 19, 47],
    [354, 72, 16038, 502, 459],
    [136, 2660, 396, 117, 234],
    [79, 111, 707, 50, 493],
    [74, 122, 613, 168, 491]
  ],
  "p_true": [
    [0.4166, 0.0571, 0.4553, 0.0205, 0.0506],
    [0.0203, 0.0041, 0.9204, 0.0288, 0.0263],
    [0.0384, 0.7508, 0.1118, 0.033, 0.066],
    [0.0549, 0.0771, 0.491, 0.0347, 0.3424],
    [0.0504, 0.0831, 0.4176, 0.1144, 0.3345]
  ],
  "Z_est": [
    [
      [15.5264, 9.4866, 1.7957, 10.1947, 8.263, 7.2584, 2.3744, 8.695, 12.2763, 5.2631, 6.5119, 0, 6.7743, 50.3696, 62.0554, 48.5533, 13.6504, 6.9375, 9.6789, 14.6788, 9.1174, 0.5426, 3.441, 13.7547, 6.2294, 1.9578, 53.6305, 8.6923, 0.9018, 4.6598, 39.9882, 2.6159],
      [8.6467, 7.3086, 3.5877, 9.6901, 6.4771, 6.9694, 2.6258, 6.354, 4.1969, 3.1279, 4.7171, 1.056, 2.5544, 33.6872, 50.3323, 48.2891, 11.2453, 4.5254, 4.5188, 9.5707, 3.9847, 0.1474, 2.6492, 9.155, 6.6108, 0.6115, 46.1463, 5.3127, 0.0618, 4.2658, 20.0439, 2.7985],
      [1.0155, 0.466, 0, 1.1821, 0.3698, 0.5334, 0.2332, 0.9754, 1.3223, 0.2766, 0.459, 0.9415, 0.4879, 2.6926, 2.2475, 3.3793, 0.9776, 0.4127, 0.4799, 0.9837, 0.3966, 0.0428, 0.1728, 0.6602, 0.1721, 0.0778, 4.2374, 0.1475, 0.0045, 0.1873, 1.3536, 0.2266],
      [0.0371, 0.0302, 0.0332, 0.0887, 0.0222, 0.0357, 0.0112, 0.0508, 0.0528, 0.0097, 0.0322, 0.0072, 0.0239, 0.1693, 0.1126, 0.1976, 0.0634, 0.023, 0.0224, 0.069, 0.0197, 0.0009, 0.0113, 0.0385, 0.0133, 0.0141, 0.1791, 0.0017, 0, 0.0089, 0.08, 0.0128],
      [4.7744, 2.7086, 0.5834, 3.8443, 1.8679, 2.2031, 0.7554, 3.9249, 5.1517, 1.3227, 2.2797, 0.9953, 2.1595, 10.0812, 14.2522, 17.5808, 3.0633, 2.1015, 2.3, 4.6978, 1.4817, 0.2663, 0.7256, 2.3916, 0.9744, 0.3387, 19.8066, 0.8458, 0.032, 0.8781, 8.5344, 0.3462]
    ],
    [
      [2.5733, 2.7105, 0.2267, 0, 2.3405, 1.3874, 0.2541, 0.4709, 1.9091, 0.6214, 2.0762, 0, 1.9421, 1.68, 1.8292, 0.4481, 1.4841, 2.3486, 3.0548, 1.9162, 2.1255, 0.3416, 0.7306, 1.6233, 1.2996, 0, 5.2033, 0.7238, 0, 2.3385, 5.683, 0],
      [0.0969, 0, 0.0441, 0.753, 0, 0, 0, 0.6668, 3.0985, 0, 0, 0, 0.3798, 0.1506, 0.8565, 0.1017, 0, 0, 0, 0.09, 0.0119, 0.1349, 0, 0.1373, 1.6893, 0, 0.6822, 1.4506, 0, 0.2071, 1.0515, 0],
      [759.0976, 679.3857, 13.5011, 714.9193, 520.5588, 580.0786, 304.7808, 694.436, 713.4819, 193.3332, 740.6237, 233.0332, 637.7258, 438.6929, 332.0885, 256.715, 437.0631, 697.8085, 792.4104, 561.7475, 548.2845, 59.5792, 204.891, 375.6002, 200.2015, 15.8399, 2518.5947, 171.4594, 12.3112, 454.6584, 1473.369, 54.1422],
      [19.7775, 31.9525, 0.6193, 37.578, 22.6767, 28.036, 10.8795, 26.4363, 20.1984, 4.9182, 37.2639, 6.5537, 22.8819, 18.9576, 12.6075, 9.8976, 20.5224, 28.4228, 26.8767, 28.5825, 19.819, 0.7672, 9.712, 15.526, 11.7831, 0.7365, 77.1599, 13.862, 0, 15.717, 62.8946, 1.8578],
      [15.4547, 16.9514, 0.6089, 9.7497, 11.424, 10.498, 4.0855, 11.99, 10.3122, 4.1272, 16.0362, 5.4131, 12.0704, 6.5189, 8.6183, 5.8376, 4.9303, 15.4201, 16.6581, 11.6639, 8.7591, 1.1772, 3.6665, 5.1132, 4.0265, 0.4236, 51.3598, 4.5042, 1.6888, 9.079, 40.0019, 0]
    ],
    [
      [8.3463, 10.5293, 0.2949, 7.8428, 8.3012, 4.0733, 2.9533, 4.9872, 10.6241, 2.1518, 4.0745, 0, 4.2593, 33.3902, 36.9986, 30.482, 9.9339, 6.0068, 6.3617, 13.4168, 4.2307, 0.8066, 5.39, 14.0687, 5.4865, 0.9397, 37.976, 5.4846, 1.0148, 3.4793, 34.5541, 2.2278],
      [53.1142, 89.5476, 7.3267, 86.4203, 73.383, 42.8808, 36.3112, 41.9021, 41.642, 13.8449, 33.2053, 9.4021, 19.0127, 250.9315, 336.3132, 348.2845, 92.652, 43.377, 34.3843, 99.2002, 21.9419, 3.713, 45.313, 106.5287, 67.4579, 4.3885, 366.5881, 40.1217, 2.6564, 37.4226, 195.6083, 25.1712],
      [5.7934, 5.3395, 0, 9.8791, 3.8907, 3.0419, 2.9714, 5.9596, 12.2017, 1.1125, 2.9789, 1.9008, 3.2939, 18.8748, 13.6957, 22.9168, 7.5535, 3.6668, 3.3575, 9.5428, 1.9852, 0.8053, 2.7316, 7.1838, 1.5723, 0.7879, 31.683, 1.0814, 0.0767, 1.501, 12.4101, 2.1421],
      [1.0873, 1.7118, 0.0714, 3.6998, 1.1535, 1.0086, 0.7078, 1.5296, 2.4363, 0.1993, 1.0378, 0.2752, 0.7982, 5.6123, 3.7164, 6.2558, 2.4131, 1.0073, 0.7763, 3.3634, 0.4823, 0.0911, 0.8893, 2.026, 0.642, 0.1651, 6.7131, 0.4428, 0, 0.3535, 3.5876, 0.459],
      [8.6588, 9.8718, 0.307, 10.158, 6.2717, 3.9954, 3.0562, 7.6215, 15.0959, 1.6914, 4.7034, 2.4219, 4.636, 22.1912, 28.2762, 38.061, 7.4475, 5.9421, 5.1201, 14.4768, 2.3599, 1.5839, 3.6762, 8.1929, 2.8413, 0.7188, 47.0397, 1.8695, 0.2521, 2.2437, 24.8399, 0]
    ],
    [
      [4.2139, 4.2478, 0.5612, 3.16, 3.7351, 3.3982, 1.0839, 2.0668, 2.5615, 0.9564, 2.1502, 0, 3.1199, 7.8772, 11.8251, 6.823, 2.578, 3.6112, 4.7685, 4.8438, 2.9083, 0.0845, 0.6484, 6.6369, 3.5018, 0.0553, 15.6943, 2.7911, 1.5761, 2.3031, 11.3665, 0.3099],
      [0.073, 0.1003, 0.0364, 0.1004, 0.0903, 0.0988, 0.0363, 0.0491, 0.0417, 0.017, 0.0478, 0.2604, 0.0383, 0.168, 0.3627, 0.2236, 0.0658, 0.072, 0.0689, 0.0991, 0.0395, 0.001, 0.0153, 0.1407, 0.1352, 0, 0.4236, 0.06, 0.2758, 0.0652, 0.1801, 0.0116],
      [34.4452, 26.2072, 2.0726, 45.9382, 21.1899, 31.6199, 13.9402, 29.3993, 34.8962, 6.9826, 19.3383, 8.596, 28.9073, 51.9615, 54.878, 58.6927, 23.2665, 27.3126, 30.0459, 40.5216, 16.5128, 1.2842, 4.3361, 40.0303, 12.5903, 0.7382, 151.844, 5.6361, 1.4151, 12.0657, 47.3872, 3.8784],
      [3.251, 4.1702, 0.2544, 8.7373, 3.0857, 5.2275, 1.6327, 3.7485, 3.4709, 0.6239, 3.3617, 0.817, 3.483, 7.5447, 7.1183, 7.6314, 3.7098, 3.7209, 3.4552, 7.2045, 1.9927, 0.0727, 0.6761, 5.4874, 2.5877, 0.0649, 16.2016, 1.874, 0, 1.4035, 6.8149, 0.378],
      [12.017, 11.2745, 2.0754, 11.0642, 7.899, 9.6556, 3.3069, 8.7362, 10.0297, 2.42, 7.1021, 3.3266, 9.4516, 14.4485, 24.816, 22.6294, 5.38, 10.2832, 10.6615, 14.331, 4.5467, 0.5576, 1.3241, 10.7047, 5.185, 0.1415, 52.8365, 2.6389, 1.733, 4.1625, 22.2514, 0.4222]
    ],
    [
      [6.3401, 3.0258, 0.1216, 1.8024, 3.3602, 2.8828, 1.3343, 1.7801, 1.6291, 1.0072, 2.1872, 0, 1.9044, 4.683, 6.2917, 4.6937, 2.3536, 2.0959, 3.1361, 3.1444, 2.6181, 0.2248, 1.79, 2.9164, 3.4827, 0.0471, 9.4958, 3.3082, 0.5073, 2.2193, 11.4083, 0.8465],
      [0.0693, 0.0435, 0.0051, 0.0362, 0.0497, 0.0509, 0.0267, 0.0279, 0.0209, 0.0102, 0.0298, 0.2815, 0.0149, 0.0626, 0.1353, 0.1012, 0.0369, 0.0256, 0.028, 0.0401, 0.022, 0.0037, 0.0225, 0.0383, 0.1067, 0, 0.1598, 0.0549, 0.0061, 0.0393, 0.1163, 0.0187],
      [51.6483, 18.6016, 0.4263, 26.0813, 18.9909, 26.7262, 17.0744, 25.2298, 22.0979, 7.295, 19.6001, 9.5285, 17.5852, 30.7782, 29.0904, 40.2962, 21.1393, 15.7994, 19.7063, 26.2044, 14.8209, 3.2886, 11.8686, 17.5255, 12.4637, 0.5562, 91.6409, 6.6757, 0.1925, 11.5877, 47.48, 7.6108],
      [1.8472, 1.1353, 0.0217, 1.8962, 1.0619, 1.6922, 0.7687, 1.2348, 0.8416, 0.2489, 1.3044, 0.3469, 0.813, 1.7161, 1.4452, 2.0177, 1.2913, 0.826, 0.8694, 1.7806, 0.6863, 0.0681, 0.7113, 0.9222, 0.974, 0.0193, 3.7461, 0.8196, 0, 0.517, 2.623, 0.2924],
      [52.0951, 23.1937, 1.4253, 18.1838, 20.5374, 23.6479, 11.7959, 21.7274, 18.4105, 7.4387, 20.8786, 10.8432, 16.6825, 24.7601, 38.0374, 44.8912, 14.1788, 17.2531, 20.2603, 26.8305, 11.8527, 4.4149, 10.6076, 13.5977, 14.9728, 0.3773, 91.9574, 9.1416, 1.2941, 11.6367, 64.3725, 2.2316]
    ]
  ],
  "V_est": [
    [445.8752, 331.2681, 27.1151, 1.4727, 123.2689],
    [49.3425, 11.6029, 16390.4123, 645.474, 328.1684],
    [320.6868, 2670.0467, 201.9316, 54.713, 295.6219],
    [121.4575, 3.3978, 887.9303, 119.8017, 307.4127],
    [92.638, 1.6845, 669.6108, 34.5386, 669.5282]
  ],
  "p_est": [
    [0.48, 0.3566, 0.0292, 0.0016, 0.1327],
    [0.0028, 0.0007, 0.9406, 0.037, 0.0188],
    [0.0905, 0.7536, 0.057, 0.0154, 0.0834],
    [0.0843, 0.0024, 0.6166, 0.0832, 0.2135],
    [0.0631, 0.0011, 0.4561, 0.0235, 0.4561]
  ],
  "EI_Z": {},
  "EI_V": 6.9043,
  "MAE_Z": {},
  "MAE_V": 137.0096,
  "MAE_p": 0.0738,
  "runtime": 0.016
}
