{
  "Z_true": {},
  "V_true": [
    [56, 269, 434, 855, 61],
    [75, 651, 774, 7046, 290],
    [8, 1130, 183, 320, 60],
    [13, 117, 1781, 705, 75],
    [84, 65, 438, 376, 111],
    [54, 173, 265, 887, 123],
    [42, 79, 142, 369, 208]
  ],
  "p_true": [
    [0.0334, 0.1606, 0.2591, 0.5104, 0.0364],
    [0.0085, 0.0737, 0.0876, 0.7974, 0.0328],
    [0.0047, 0.6643, 0.1076, 0.1881, 0.0353],
    [0.0048, 0.0435, 0.6618, 0.262, 0.0279],
    [0.0782, 0.0605, 0.4078, 0.3501, 0.1034],
    [0.036, 0.1152, 0.1764, 0.5905, 0.0819],
    [0.05, 0.094, 0.169, 0.4393, 0.2476]
  ],
  "Z_est": {},
  "V_est": [
    [11.101, 319.5582, 166.5358, 1123.9668, 53.8382],
    [107.0227, 668.7518, 288.0016, 7291.0514, 481.1725],
    [71.6236, 1456.8418, 170.0749, 0, 2.4597],
    [0, 0, 2604.0257, 0, 86.9743],
    [142.2527, 38.8482, 788.3619, 99.4272, 5.11],
    [0, 0, 0, 1450.9919, 51.0081],
    [0, 0, 0, 592.5627, 247.4373]
  ],
  "p_est": [
    [0.0066, 0.1908, 0.0994, 0.671, 0.0321],
    [0.0121, 0.0757, 0.0326, 0.8252, 0.0545],
    [0.0421, 0.8565, 0.1, 0, 0.0014],
    [0, 0, 0.9677, 0, 0.0323],
    [0.1325, 0.0362, 0.734, 0.0926, 0.0048],
    [0, 0, 0, 0.966, 0.034],
    [0, 0, 0, 0.7054, 0.2946]
  ],
  "EI_Z": {},
  "EI_V": 17.8317,
  "MAE_Z": {},
  "MAE_V": 186.6626,
  "MAE_p": 0.106,
  "runtime": 0.1891
}
