{
  "X": [
    [50, 468, 696, 51],
    [47, 360, 775, 49],
    [41, 447, 609, 40],
    [24, 144, 160, 9],
    [4, 39, 26, 6],
    [5, 19, 28, 3],
    [10, 50, 139, 9],
    [6, 60, 167, 16],
    [44, 597, 993, 98],
    [12, 79, 150, 9],
    [52, 532, 757, 69],
    [28, 279, 263, 28],
    [1, 12, 36, 6],
    [3, 54, 102, 16],
    [7, 148, 33, 19],
    [8, 234, 43, 17],
    [26, 378, 281, 26],
    [37, 588, 267, 59],
    [11, 130, 266, 24],
    [32, 267, 264, 29],
    [34, 282, 209, 27],
    [39, 538, 431, 44],
    [14, 255, 159, 33],
    [5, 33, 90, 6],
    [6, 180, 106, 26],
    [19, 269, 198, 27],
    [32, 437, 436, 33],
    [11, 187, 117, 27],
    [7, 21, 102, 7],
    [33, 377, 403, 33],
    [29, 84, 218, 15],
    [24, 84, 340, 21],
    [2, 5, 18, 6],
    [1, 4, 24, 1],
    [19, 216, 203, 23],
    [30, 295, 340, 31],
    [45, 569, 528, 58],
    [34, 287, 376, 36],
    [39, 373, 471, 40],
    [67, 768, 1519, 125],
    [19, 294, 359, 38],
    [27, 256, 259, 34],
    [5, 14, 69, 3],
    [7, 19, 13, 1],
    [3, 28, 115, 4],
    [16, 207, 203, 23],
    [30, 276, 263, 56],
    [22, 252, 354, 21],
    [96, 1263, 2138, 163],
    [1, 20, 32, 2],
    [23, 147, 217, 10],
    [130, 661, 866, 79],
    [17, 50, 106, 3]
  ],
  "W": [
    [33, 144, 272, 688, 80, 48],
    [37, 111, 241, 740, 59, 43],
    [21, 158, 260, 612, 39, 47],
    [6, 64, 97, 149, 13, 8],
    [1, 8, 27, 28, 8, 3],
    [4, 10, 16, 20, 2, 3],
    [4, 17, 34, 134, 7, 12],
    [21, 17, 39, 138, 18, 16],
    [72, 121, 437, 957, 94, 51],
    [7, 23, 64, 141, 7, 8],
    [51, 122, 377, 731, 79, 50],
    [32, 53, 203, 253, 32, 25],
    [1, 2, 9, 34, 4, 5],
    [4, 11, 45, 93, 13, 9],
    [5, 13, 118, 30, 20, 21],
    [1, 16, 222, 38, 15, 10],
    [17, 66, 277, 287, 41, 23],
    [38, 99, 454, 259, 69, 32],
    [22, 30, 83, 257, 21, 18],
    [28, 88, 173, 248, 34, 21],
    [16, 61, 216, 200, 30, 29],
    [25, 152, 364, 415, 56, 40],
    [22, 66, 171, 156, 25, 21],
    [5, 8, 26, 76, 9, 10],
    [12, 21, 137, 102, 32, 14],
    [10, 49, 202, 194, 25, 33],
    [13, 79, 320, 437, 49, 40],
    [21, 38, 128, 115, 27, 13],
    [1, 10, 15, 102, 2, 7],
    [34, 67, 280, 368, 61, 36],
    [14, 52, 57, 203, 10, 10],
    [20, 37, 51, 307, 21, 33],
    [0, 0, 4, 15, 11, 1],
    [0, 2, 3, 19, 2, 4],
    [15, 45, 159, 186, 35, 21],
    [22, 74, 230, 321, 25, 24],
    [51, 91, 434, 496, 89, 39],
    [34, 71, 203, 381, 26, 18],
    [40, 84, 275, 448, 43, 33],
    [106, 224, 521, 1463, 97, 68],
    [25, 63, 213, 336, 54, 19],
    [15, 54, 194, 257, 30, 26],
    [4, 2, 14, 61, 3, 7],
    [0, 5, 20, 13, 0, 2],
    [7, 7, 22, 102, 3, 9],
    [16, 38, 146, 180, 43, 26],
    [27, 44, 203, 246, 61, 44],
    [16, 63, 164, 337, 38, 31],
    [99, 302, 913, 1974, 209, 163],
    [2, 2, 12, 31, 5, 3],
    [4, 48, 110, 190, 24, 21],
    [49, 225, 502, 804, 77, 79],
    [1, 33, 40, 91, 1, 10]
  ],
  "method": "mvn_cdf",
  "mvncdf_method": "genz",
  "mvncdf_samples": 5000,
  "mvncdf_error": 1e-06,
  "cond_prob": [
    [
      [0.056357598114, 0.2101641642, 0.33199065498, 0.4014875827],
      [0.2441918039, 0.66411900427, 0.084895698788, 0.006793493045],
      [0.00087553830389, 0.9726169857, 0.010923802435, 0.015583673563],
      [0.001373817269, 0.052281203278, 0.93359812545, 0.012746854001],
      [0.017534222947, 0.67459987449, 0.12597346146, 0.1818924411],
      [0.21646893677, 0.22796183421, 0.36363888062, 0.19193034839]
    ],
    [
      [0.055741872405, 0.14281608361, 0.41286451926, 0.38857752473],
      [0.30054346559, 0.56047037056, 0.13080935271, 0.0081768111488],
      [0.0011638659351, 0.95777660543, 0.019199601984, 0.021859926656],
      [0.0011960271197, 0.02919816912, 0.95924999845, 0.010355805306],
      [0.021422284319, 0.56708757132, 0.19362845155, 0.21786169281],
      [0.21273859319, 0.15382837235, 0.44902309444, 0.18440994002]
    ],
    [
      [0.04530809641, 0.22611885543, 0.3068406665, 0.42173238166],
      [0.19606650933, 0.71755644476, 0.07912955216, 0.007247493749],
      [0, 0.97447204546, 0.010156626877, 0.015371327666],
      [0, 0.059517688063, 0.92575486005, 0.014727451884],
      [0.013379766519, 0.69339886195, 0.11119066743, 0.1820307041],
      [0.18187682142, 0.25632921775, 0.35137751898, 0.21041644184]
    ],
    [
      [0.069782430055, 0.16239039512, 0.42032785867, 0.34749931615],
      [0.32807976275, 0.55204214896, 0.11367504212, 0.0062030461791],
      [0.0010787308925, 0.9650096417, 0.017089166674, 0.016822460735],
      [0.00088145572271, 0.032507213482, 0.95780500293, 0.0088063278603],
      [0.025216367897, 0.60981594491, 0.18409244894, 0.18087523825],
      [0.25255175272, 0.16473034483, 0.42987921397, 0.15283868848]
    ],
    [
      [0.054459962081, 0.15515125817, 0.13407562614, 0.65631315361],
      [0.32485171302, 0.6239506234, 0.040142165747, 0.011055497832],
      [0.0058058524469, 0.96782688204, 0.00024505666391, 0.026122208845],
      [0.0070406873035, 0.081533029798, 0.87653615243, 0.034890130468],
      [0.02114310098, 0.60346256566, 0.057792502785, 0.31760183058],
      [0.27456142177, 0.20376419329, 0.17760607588, 0.34406830906]
    ],
    [
      [0.044840878273, 0.056204328371, 0.61376233852, 0.28519245484],
      [0.38360621645, 0.34529853815, 0.25822758521, 0.012867660191],
      [0.014504918966, 0.90293270264, 0.0443288133, 0.038233565094],
      [0.010312396531, 0, 0.97506153068, 0.014626072788],
      [0.025052826806, 0.34815942295, 0.39994814957, 0.22683960068],
      [0.16538067824, 0.059651738959, 0.65076228943, 0.12420529337]
    ],
    [
      [0.064130697498, 0.12102616969, 0.37421664025, 0.44062649257],
      [0.37223222257, 0.49774853535, 0.1207068756, 0.0093123664822],
      [0.0013850133622, 0.95202913631, 0.019333306677, 0.027252543653],
      [0.0011088649201, 0.025583250453, 0.95939065779, 0.013917226842],
      [0.02648256878, 0.52545096515, 0.18761352812, 0.26045293795],
      [0.2528727576, 0.13157227243, 0.41017844056, 0.20537652941]
    ],
    [
      [0.026949312466, 0.098950652285, 0.54865483673, 0.32544519852],
      [0.20509940703, 0.54673973572, 0.23825877505, 0.009902082198],
      [0.00016843312752, 0.93946578403, 0.034191376079, 0.026174406762],
      [0, 0.012586826224, 0.9761824782, 0.011230695574],
      [0.012219822905, 0.47082181347, 0.30198714998, 0.21497121365],
      [0.1075530509, 0.11103253475, 0.62158968089, 0.15982473345]
    ],
    [
      [0.040990725208, 0.14040859729, 0.34722776513, 0.47137291237],
      [0.24753489355, 0.61780560298, 0.12358803041, 0.011071473058],
      [0.00071272131519, 0.95601388988, 0.016491945881, 0.026781442923],
      [0.00056451091425, 0.035038269861, 0.95019270851, 0.014204510719],
      [0.015725350363, 0.55685384473, 0.16295248684, 0.26446831807],
      [0.17190326612, 0.16631661754, 0.41542182505, 0.24635829129]
    ],
    [
      [0.068486276842, 0.11235554703, 0.43962279644, 0.37953537969],
      [0.39414782042, 0.45688873546, 0.14085320297, 0.008110241145],
      [0.0014803607684, 0.94715106145, 0.025426351541, 0.025942226238],
      [0.0007301038418, 0.018538803194, 0.97011029117, 0.010620801792],
      [0.029443716836, 0.50623439279, 0.22920274464, 0.23511914574],
      [0.25642530546, 0.1162237903, 0.45821999878, 0.16913090546]
    ],
    [
      [0.057362061372, 0.16525965236, 0.34640984175, 0.43096844452],
      [0.28706429168, 0.60247261493, 0.10200807897, 0.0084550144213],
      [0.0010355693647, 0.96392001375, 0.013831949279, 0.021212467611],
      [0.0011869715979, 0.040619384162, 0.94467120928, 0.01352243496],
      [0.020364808795, 0.60610232022, 0.15015818981, 0.22337468118],
      [0.22371571005, 0.18194800814, 0.38512633157, 0.20920995024]
    ],
    [
      [0.082352709841, 0.21825756091, 0.31896521173, 0.38042451752],
      [0.31599769148, 0.6070823802, 0.071314053068, 0.0056058752543],
      [0.00081065919245, 0.97504079714, 0.010086303613, 0.014062240059],
      [0.0012393490932, 0.057008410064, 0.92942652854, 0.012325712305],
      [0.024984584173, 0.68852090758, 0.11823728724, 0.16825722101],
      [0.29356839226, 0.21805253173, 0.32149775468, 0.16688132133]
    ],
    [
      [0.013060967698, 0.05357814632, 0.20744505772, 0.72591582826],
      [0.2056249036, 0.59500472904, 0.16948044008, 0.029889927276],
      [0.0015323144567, 0.9093764026, 0.024154070048, 0.064937212898],
      [0.0041010634643, 0.024619759072, 0.96718156989, 0.0040976075774],
      [0.0076860232519, 0.32084078758, 0.14024649282, 0.53122669635],
      [0.078343628838, 0.090317962694, 0.35820961686, 0.47312879161]
    ],
    [
      [0.015153080778, 0.05923124295, 0.29104038222, 0.63457529406],
      [0.20051358771, 0.5566396693, 0.21563563917, 0.027211103821],
      [0, 0.90012995622, 0.034858206115, 0.06501183767],
      [0, 0.021641116143, 0.97341129583, 0.0049475880231],
      [0.0014497835654, 0.33348959717, 0.18821568892, 0.47684493035],
      [0.079432336197, 0.08735578574, 0.43568585518, 0.39752602288]
    ],
    [
      [0.036426432069, 0.20657438314, 0.16796200712, 0.58903717768],
      [0.18280262687, 0.75810928188, 0.047977078316, 0.011111012928],
      [0.00024154616392, 0.97673521329, 0, 0.023023240543],
      [0.018996989879, 0.093974691789, 0.85476146318, 0.032266855148],
      [0.011829176706, 0.66678366063, 0.061477721897, 0.25990944077],
      [0.17173514345, 0.27152563262, 0.22209950537, 0.33463971856]
    ],
    [
      [0.047531650581, 0.13327032087, 0.21347564386, 0.60572238469],
      [0.30523932749, 0.60392194628, 0.077168753123, 0.013669973112],
      [0.0023726240413, 0.95710545907, 0.010004358261, 0.030517558628],
      [0.00147724885, 0.049999934645, 0.92229643854, 0.026226377967],
      [0.018577950813, 0.54173651679, 0.10126210528, 0.33842342712],
      [0.22071118539, 0.17005213567, 0.27646605286, 0.33277062607]
    ],
    [
      [0.069649443513, 0.25763025548, 0.26864994921, 0.4040703518],
      [0.2540113295, 0.68277627192, 0.057526096755, 0.0056863018173],
      [0.0018905067349, 0.97721783336, 0.0081192912442, 0.01277236866],
      [0.0026627881636, 0.075637192239, 0.90651521117, 0.015184808426],
      [0.01918814238, 0.7304785488, 0.089747981345, 0.16058532748],
      [0.2598524916, 0.27000944329, 0.28424573746, 0.18589232764]
    ],
    [
      [0.055572354358, 0.20580084513, 0.23650458694, 0.50212221357],
      [0.25102566646, 0.67760431667, 0.062373060877, 0.0089969559875],
      [0.0021398487857, 0.97188034046, 0.0053313267331, 0.020648484023],
      [0.0021355658865, 0.071024446765, 0.90484974864, 0.021990238713],
      [0.017511884321, 0.66424736949, 0.089825149573, 0.22841559662],
      [0.22824333197, 0.23858330499, 0.27698281611, 0.25619054693]
    ],
    [
      [0.040246317777, 0.16615419105, 0.3538102276, 0.43978926358],
      [0.21982976459, 0.6590197396, 0.11193126597, 0.009219229842],
      [0.00063372819393, 0.96456061569, 0.013703917298, 0.021101738813],
      [0.00064106540275, 0.039843107618, 0.94571336974, 0.013802457235],
      [0.014183112238, 0.60928627352, 0.15183586389, 0.22469475035],
      [0.16691608142, 0.19337745026, 0.41577348399, 0.22393298432]
    ],
    [
      [0.06091069336, 0.19278426508, 0.33711975535, 0.40918528621],
      [0.27372447414, 0.63059582466, 0.088446369907, 0.0072333312978],
      [0.0012889724689, 0.96995326814, 0.011416451888, 0.017341307506],
      [0.0016884060828, 0.047500404787, 0.93771219831, 0.013098990816],
      [0.019938104833, 0.65199535396, 0.13400532343, 0.19406121778],
      [0.23272068342, 0.20760715231, 0.36635780681, 0.19331435746]
    ],
    [
      [0.089169991481, 0.18503302903, 0.2909474501, 0.43484952939],
      [0.36622415209, 0.55676473877, 0.069762322784, 0.0072487863612],
      [0, 0.97020610354, 0.0096613430791, 0.020132553381],
      [0, 0.054237977755, 0.92915515071, 0.016606871538],
      [0.029530460493, 0.64095985925, 0.118390803, 0.21111887726],
      [0.3223342429, 0.18744526819, 0.29723223352, 0.19298825539]
    ],
    [
      [0.043601094165, 0.21160741159, 0.31215162631, 0.43263986794],
      [0.1978743942, 0.70970880543, 0.084537953139, 0.0078788472361],
      [0, 0.97238127546, 0.010615916688, 0.017002807852],
      [0, 0.05637499685, 0.92875248766, 0.014872515485],
      [0.013317568581, 0.67469592864, 0.11757969033, 0.19440681244],
      [0.17718202218, 0.24271740803, 0.36163754378, 0.21846302601]
    ],
    [
      [0.031404110409, 0.20348764239, 0.21712544955, 0.54798279765],
      [0.15188117548, 0.77177124971, 0.065614363769, 0.010733211043],
      [0, 0.97014025072, 0.008428480326, 0.021431268959],
      [0, 0.074855741776, 0.90022198089, 0.024922277337],
      [0.0095435910312, 0.65999493487, 0.08285799961, 0.24760347449],
      [0.14506486733, 0.2626198774, 0.28311156937, 0.3092036859]
    ],
    [
      [0.040947379176, 0.082791197587, 0.58698851054, 0.2892729127],
      [0.3089011942, 0.44238971987, 0.24059758995, 0.0081114959791],
      [0.0032833353413, 0.92879287525, 0.041892398665, 0.02603139074],
      [0.0065156723961, 0.0021791993807, 0.9827869022, 0.0085182260191],
      [0.020506093225, 0.42962374709, 0.34486924767, 0.20500091201],
      [0.15589408905, 0.086607861969, 0.62554465658, 0.13195339239]
    ],
    [
      [0.029127883036, 0.17710378527, 0.22910222164, 0.56466611005],
      [0.16843894869, 0.74276248594, 0.076702274364, 0.012096290998],
      [0, 0.96726601461, 0.0089429499977, 0.023791035395],
      [0, 0.063574476428, 0.91301574715, 0.023409776427],
      [0.0059445539951, 0.62536889993, 0.094137865802, 0.27454868028],
      [0.13735869665, 0.23320692697, 0.30534453676, 0.32408983962]
    ],
    [
      [0.047515501298, 0.20426294691, 0.2588355678, 0.48938598399],
      [0.22271318468, 0.69746607445, 0.070900917234, 0.0089198236303],
      [0.0014955940649, 0.97027396866, 0.0085175036308, 0.019712933642],
      [0.0018818593017, 0.063117847507, 0.91536702566, 0.019633267535],
      [0.014968533342, 0.6641987304, 0.098810402429, 0.22202233383],
      [0.19910590601, 0.24049577384, 0.30804547291, 0.25235284724]
    ],
    [
      [0.06109066872, 0.22417365417, 0.30694613609, 0.40778954102],
      [0.25050244004, 0.66902208244, 0.073981175017, 0.0064943025043],
      [0.0012313019625, 0.97415823561, 0.009769563954, 0.014840898477],
      [0.0018267822789, 0.059337502565, 0.92501001228, 0.013825702879],
      [0.018291597552, 0.69259366503, 0.11188628055, 0.17722845687],
      [0.23318799449, 0.24086960955, 0.33317809568, 0.19276430028]
    ],
    [
      [0.039689789926, 0.2103670985, 0.22149045126, 0.52845266031],
      [0.19075088956, 0.73755094023, 0.061730674519, 0.0099674956877],
      [0.0010645630344, 0.97184899687, 0.0060959416385, 0.020990498459],
      [0.0014964728336, 0.075129820442, 0.89900315008, 0.024370556649],
      [0.012261470299, 0.67128835424, 0.082517224881, 0.23393295058],
      [0.17527403583, 0.26107451448, 0.2776405409, 0.28601090879]
    ],
    [
      [0.055365013904, 0.063390218307, 0.2384427507, 0.64280201708],
      [0.4925056231, 0.38048266259, 0.11050527824, 0.016506436064],
      [0.0019663374776, 0.91409583661, 0.022740171252, 0.061197654662],
      [0.00055579936735, 0.02094166054, 0.95908430161, 0.019418238481],
      [0.029062981939, 0.35315608235, 0.15258044864, 0.46520048707],
      [0.26789517051, 0.082569152414, 0.31194889091, 0.33758678617]
    ],
    [
      [0.066693073052, 0.18230209895, 0.41902341122, 0.33198141678],
      [0.29654361028, 0.58895083661, 0.10915823325, 0.0053473198593],
      [0.0012823968522, 0.96971718301, 0.015857624056, 0.013142796077],
      [0.0013441481494, 0.038452235979, 0.95383739, 0.0063662258736],
      [0.022649102981, 0.63985099904, 0.17341307204, 0.16408682594],
      [0.23968613079, 0.18444104325, 0.42803085392, 0.14784197204]
    ],
    [
      [0.088281892641, 0.097754125311, 0.40622071376, 0.40774326829],
      [0.46521129868, 0.39837408159, 0.12768803065, 0.0087265890867],
      [0, 0.93985406273, 0.028159523418, 0.031986413851],
      [0, 0.013388469946, 0.97401864677, 0.012592883288],
      [0.040205183671, 0.46489971906, 0.2256094814, 0.26928561587],
      [0.3171014135, 0.09774518377, 0.40861594715, 0.17653745558]
    ],
    [
      [0.062541035785, 0.10388542089, 0.48755042436, 0.34602311896],
      [0.37364148422, 0.44948613597, 0.16890255432, 0.0079698254885],
      [0.0017862152821, 0.94168696453, 0.030728198678, 0.025798621506],
      [0.0021873237682, 0.011756769247, 0.97762088605, 0.0084350209348],
      [0.027904346502, 0.48250891125, 0.26490834968, 0.22467839257],
      [0.22957114289, 0.1067652747, 0.50726580333, 0.15639777909]
    ],
    [
      [0.42701544445, 0.019895715229, 0.17711403443, 0.37597480589],
      [0.99924859361, 0.00038257860117, 0.0003283549015, 4.0472892203e-05],
      [0.005340269731, 0.82972438696, 0.057788714604, 0.10714662871],
      [0, 0, 0.95253202772, 0.047467972284],
      [0.091810479896, 0.15275391136, 0.3148884225, 0.44054718624],
      [0.96872364222, 0.00080942720646, 0.017092078341, 0.013374852231]
    ],
    [
      [0.017349026029, 0.048487272167, 0.74920283523, 0.18496086657],
      [0.20847825324, 0.39187816032, 0.39195307746, 0.0076905089818],
      [0.035456047913, 0.85578306874, 0.086616750673, 0.022144132678],
      [0, 0, 0.9858501657, 0.014149834305],
      [0.012041208117, 0.32444723658, 0.50165583553, 0.16185571977],
      [0.11314823339, 0, 0.80544469344, 0.081407073167]
    ],
    [
      [0.055736042643, 0.16964789368, 0.37009593098, 0.4045201327],
      [0.27627318693, 0.60958186772, 0.10635035187, 0.0077945934751],
      [0.0014186864939, 0.96514776002, 0.014004982733, 0.019428570753],
      [0.0015241175907, 0.038182815305, 0.94827207072, 0.01202099638],
      [0.019608252746, 0.61680763041, 0.15769209628, 0.20589202056],
      [0.21601524181, 0.18453966633, 0.40657973439, 0.19286535748]
    ],
    [
      [0.055517171249, 0.14540633046, 0.36513679727, 0.43393970101],
      [0.3016219635, 0.57356086314, 0.11565147514, 0.0091656982246],
      [0.0012480217977, 0.9584193037, 0.016319737391, 0.024012937113],
      [0.0012317343779, 0.033567472138, 0.95210158168, 0.013099211807],
      [0.021055709434, 0.57101463041, 0.16871205304, 0.23921760712],
      [0.21874051871, 0.16127469543, 0.40886802732, 0.21111675854]
    ],
    [
      [0.070049059285, 0.18230424202, 0.35635023288, 0.39129646582],
      [0.31130300968, 0.5889614282, 0.0929830975, 0.0067524646203],
      [0.00093727950445, 0.96858455141, 0.013134729156, 0.017343439934],
      [0.0010541106821, 0.043787317237, 0.94358525371, 0.011573318374],
      [0.02361829668, 0.63643202667, 0.14694970312, 0.19299997353],
      [0.25813532021, 0.18923945276, 0.37352293284, 0.17910229419]
    ],
    [
      [0.082157489113, 0.19094264583, 0.27465125411, 0.45224861095],
      [0.34485000826, 0.58053704363, 0.067162244083, 0.0074507040247],
      [0.00075794296744, 0.97011001239, 0.0096143345641, 0.019517710082],
      [0.00097763443884, 0.057539818697, 0.92359510846, 0.017887438404],
      [0.026858317482, 0.648142833, 0.10975276591, 0.21524608361],
      [0.30542429921, 0.19906126933, 0.28879554871, 0.20671888276]
    ],
    [
      [0.068243169077, 0.17526865738, 0.3707377091, 0.38575046445],
      [0.31187259452, 0.58209674945, 0.099205625377, 0.0068250306517],
      [0.0010114550915, 0.96719326367, 0.014058206658, 0.017737074584],
      [0.0010386081884, 0.040574563961, 0.94735237668, 0.011034451165],
      [0.023538291167, 0.62612203095, 0.15616197723, 0.19417770066],
      [0.25204188359, 0.18225234112, 0.389163106, 0.17654266929]
    ],
    [
      [0.03718702604, 0.1404352118, 0.36712736672, 0.45525039544],
      [0.2279849662, 0.62810363751, 0.13296669319, 0.010944703104],
      [0, 0.95644860821, 0.017443871209, 0.026107520581],
      [0, 0.033314197482, 0.95324412483, 0.013441677689],
      [0.014265422788, 0.55726206252, 0.17254789057, 0.25592462412],
      [0.15596760001, 0.16640936601, 0.4393882786, 0.23823475538]
    ],
    [
      [0.038138352712, 0.14893821116, 0.37684044275, 0.43608299338],
      [0.2242628454, 0.63633232234, 0.12940613616, 0.0099986961047],
      [0.00041172228025, 0.95935504031, 0.016526669479, 0.023706567929],
      [0.00017759040764, 0.03395649628, 0.95294237376, 0.012923539551],
      [0.014202683527, 0.57653249442, 0.1717552414, 0.23750958065],
      [0.15808788364, 0.17383407253, 0.44435795445, 0.22372008938]
    ],
    [
      [0.063763577692, 0.15515047818, 0.25311688336, 0.52796906076],
      [0.33077664677, 0.58269832504, 0.076327391842, 0.010197636349],
      [0.0012746842316, 0.96207165346, 0.010573803804, 0.026079858502],
      [0.0016941141635, 0.051952230899, 0.92611617435, 0.020237480587],
      [0.023220641061, 0.58566465285, 0.11241087579, 0.27870383029],
      [0.26162738831, 0.17859498373, 0.29407948346, 0.26569814449]
    ],
    [
      [0.13658202111, 0.060027788798, 0.55039616909, 0.25299402101],
      [0.6954217641, 0.1772510612, 0.12356395364, 0.0037632210566],
      [0, 0.85705642299, 0.11547912635, 0.027464450657],
      [0, 0, 0.99341482357, 0.0065851764251],
      [0.072824395519, 0.36294301655, 0.36256630234, 0.2016662856],
      [0.40633645726, 0.045395392985, 0.46408235748, 0.084185792276]
    ],
    [
      [0.65173210943, 0.045929938461, 0.1258612103, 0.17647674181],
      [0.96247713353, 0.025010459435, 0.0080643141079, 0.0044480929286],
      [0.010023920445, 0.93088147995, 0.024081106429, 0.035013493176],
      [0.0082495227794, 0.017998552027, 0.95487235958, 0.018879565615],
      [0.40732233112, 0.3400153591, 0.10064854964, 0.15201376015],
      [0.93994606367, 0.011668463739, 0.032357813175, 0.01602765942]
    ],
    [
      [0.028353728581, 0.097054822564, 0.62611848311, 0.24847296575],
      [0.21189280274, 0.52370755467, 0.25779452709, 0.0066051155033],
      [0.0012505427771, 0.94099738069, 0.039685855241, 0.018066221294],
      [0.0027408534904, 0.0058313320128, 0.98855902416, 0.0028687903411],
      [0.013050093803, 0.47607506852, 0.34600367249, 0.16487116519],
      [0.10800500025, 0.10329999037, 0.67427651466, 0.11441849471]
    ],
    [
      [0.048839158167, 0.17676751737, 0.4021066216, 0.37228670286],
      [0.24168979224, 0.63558302095, 0.1156823272, 0.0070448596138],
      [0.0011757255542, 0.967308898, 0.014817725797, 0.016697650652],
      [0.0012608432041, 0.037372892673, 0.9517436009, 0.0096226632218],
      [0.016851985101, 0.62955695009, 0.16781709936, 0.18577396545],
      [0.18888916528, 0.19209216474, 0.44142285461, 0.17759581536]
    ],
    [
      [0.06123289404, 0.14015583054, 0.25802264488, 0.54058863054],
      [0.34061399438, 0.56451120993, 0.083818788619, 0.011056007068],
      [0.0014568698051, 0.95815767401, 0.012112911737, 0.028272544448],
      [0.0017439570324, 0.047958820496, 0.93144708515, 0.018850137326],
      [0.023478566594, 0.55515482723, 0.12056820954, 0.30079839664],
      [0.25460785331, 0.16384039116, 0.30444993361, 0.27710182192]
    ],
    [
      [0.050827005923, 0.20570243566, 0.40397585432, 0.3394947041],
      [0.2253269565, 0.66431233775, 0.10488910106, 0.005471604686],
      [0.00076957954104, 0.97329876189, 0.013506301343, 0.012425357228],
      [0.00095817920265, 0.04423004039, 0.94778071082, 0.0070310695919],
      [0.016053327963, 0.67285810716, 0.15538729155, 0.15570127333],
      [0.19135566927, 0.21812758446, 0.43246848128, 0.158048265]
    ],
    [
      [0.035809668418, 0.13522912174, 0.43747659315, 0.39148461668],
      [0.21851051741, 0.6120755772, 0.15982184805, 0.0095920573339],
      [0, 0.95489358865, 0.02150714435, 0.023599267],
      [0, 0.026827072172, 0.96281937629, 0.010353551541],
      [0.014014386478, 0.54952456316, 0.2107007653, 0.22576028506],
      [0.14439055088, 0.1542354112, 0.50396127384, 0.19741276407]
    ],
    [
      [0.032332802805, 0.2604204703, 0.38891351087, 0.31833321602],
      [0.1278091676, 0.78452619177, 0.083264310252, 0.0044003303844],
      [0.0026498007106, 0.98173849176, 0.007103058877, 0.008508648651],
      [0.0065118563194, 0.047491244325, 0.93802915162, 0.0079677477375],
      [0.0092423222657, 0.75906803085, 0.11828664308, 0.1134030038],
      [0.13327976448, 0.28722534879, 0.43335691189, 0.14613797485]
    ],
    [
      [0.063510729306, 0.12179795936, 0.54421506025, 0.27047625107],
      [0.34600714272, 0.47833656154, 0.17070252386, 0.0049537718771],
      [0.0025606965952, 0.9520365729, 0.029506877388, 0.015895853114],
      [0.0027685904963, 0.018798144259, 0.97563266094, 0.0028006043043],
      [0.026874387202, 0.53085742455, 0.27734523506, 0.16492295319],
      [0.22309143426, 0.11982879004, 0.540817661, 0.1162621147]
    ],
    [
      [0.093615264302, 0.12700179035, 0.36661631248, 0.41276663286],
      [0.42920978045, 0.45899987662, 0.10385064783, 0.0079396951087],
      [0, 0.95252289819, 0.020888115988, 0.026588985818],
      [0, 0.027743234113, 0.95920673565, 0.013050030236],
      [0.037717360619, 0.53384227766, 0.18265599006, 0.24578437167],
      [0.3283090466, 0.12562062701, 0.36603600005, 0.18003432634]
    ],
    [
      [0.06540664072, 0.077862457015, 0.59818991652, 0.25854098575],
      [0.42370668591, 0.35492340135, 0.2156483635, 0.0057215492373],
      [0.0040468842408, 0.92368839877, 0.048857172253, 0.023407544731],
      [0.0050696791207, 0.0010855868966, 0.98994475963, 0.0038999743522],
      [0.033204902804, 0.41358485163, 0.36434339663, 0.18886684894],
      [0.22958516517, 0.074975608814, 0.5881810675, 0.10725815852]
    ]
  ],
  "expected_outcome": [
    [
      [1.8598007378, 2.062449279, 0.95147002461, 0.41869458033, 0.054459962081, 0.17936351309, 0.25652278999, 0.56593556179, 2.951332215, 0.4794039379, 2.9254651299, 2.6352867149, 0.013060967698, 0.060612323112, 0.18213216035, 0.047531650581, 1.1840405397, 2.1117494656, 0.88541899109, 1.7054994141, 1.4267198637, 1.0900273541, 0.690890429, 0.20473689588, 0.34953459643, 0.47515501298, 0.79417869336, 0.83348558845, 0.055365013904, 2.2675644838, 1.235946497, 1.2508207157, 0, 0, 0.83604063964, 1.2213777675, 3.5725020235, 2.7933546298, 2.7297267631, 3.9418247603, 0.95345881779, 0.95645366538, 0.54632808443, 0, 0.19847610006, 0.78142653068, 1.6532881391, 0.81323209476, 3.5451571734, 0.06466560561, 0.25404291722, 4.5871479508, 0.06540664072],
      [6.9354174187, 5.2841950935, 4.7484959641, 0.97434237074, 0.15515125817, 0.22481731349, 0.48410467875, 2.077963698, 10.1094190048, 0.7864888292, 8.4282422701, 6.984241949, 0.05357814632, 0.2369249718, 1.0328719157, 0.13327032087, 4.3797143432, 7.8204321149, 3.655392203, 5.3979594223, 2.9605284645, 5.2901852897, 4.4767281327, 0.41395598794, 2.1252454233, 2.0426294691, 2.9142575042, 4.4177090686, 0.063390218307, 6.1982713643, 1.3685577544, 2.0777084178, 0, 0, 2.5447184052, 3.1989392702, 9.2975163429, 6.4920499581, 7.0107462952, 14.8861324508, 3.723455279, 2.3272571727, 0.24011115519, 0, 0.67938375794, 2.828280278, 3.7842074247, 3.2912389706, 13.3876830527, 0.52084094061, 0.48719183746, 6.2230877272, 0.077862457015],
      [10.9556916144, 15.2759872125, 6.4436539964, 2.521967152, 0.13407562614, 2.4550493541, 1.496866561, 11.5217515713, 25.0003990895, 3.0773595751, 17.6669019293, 10.2068867754, 0.20744505772, 1.1641615289, 0.8398100356, 0.21347564386, 4.5670491366, 8.9871743038, 7.7838250072, 9.4393531497, 4.6551592016, 7.8037906577, 4.7767598901, 2.9349425527, 2.7492266597, 2.588355678, 3.9902997692, 4.6512994764, 0.2384427507, 14.2467959813, 5.6870899927, 9.7510084872, 0, 0, 5.5514389647, 8.03300954, 18.1738618768, 9.3381426398, 14.8295083639, 38.9155008719, 9.4210110687, 3.7967532504, 2.2015846763, 0, 4.3828293818, 6.4337059456, 6.9666114117, 6.4636136691, 43.3101827223, 0.77782702174, 2.176860241, 17.9641993117, 0.59818991652],
      [13.2490902291, 14.377368415, 8.8563800148, 2.0849958969, 0.65631315361, 1.1407698194, 1.7625059703, 6.8343491689, 33.9388496907, 2.6567476579, 21.9793906706, 12.1735845607, 0.72591582826, 2.5383011762, 2.9451858884, 0.60572238469, 6.8691959805, 19.0806441157, 9.6753637987, 11.4571880139, 6.9575924702, 10.8159966985, 12.0556215482, 1.4463645635, 6.7759933206, 4.8938598399, 5.3012640332, 11.0975058665, 0.64280201708, 11.2873681706, 5.708405756, 6.9204623793, 0, 0, 6.0678019905, 9.5466734223, 19.9561197568, 15.3764527723, 15.4300185779, 48.256541917, 10.9020748345, 7.9195359114, 1.011976084, 0, 1.7393107602, 5.9565872458, 14.5958930245, 5.4319152656, 38.7569770516, 0.63666643204, 1.0819050043, 20.2255650103, 0.25854098575]
    ],
    [
      [35.1636197616, 33.3603246801, 30.9785084743, 20.997104816, 2.5988137042, 3.8360621645, 6.3279477837, 3.4866899195, 29.9517221192, 9.0653998697, 35.0218435844, 16.7478776484, 0.4112498072, 2.2056494648, 2.3764341493, 4.8838292398, 16.7647477473, 24.8515409799, 6.5948929377, 24.087753724, 22.3396732773, 30.0769079181, 10.0241575814, 2.4712095536, 3.5372179226, 10.9129460494, 19.7896927633, 7.2485338034, 4.925056231, 19.8684218885, 24.1909875313, 13.8247349163, 0, 0.41695650647, 12.4322934119, 22.3200252988, 28.3285738805, 24.4843505863, 26.1972979396, 51.0686324283, 14.12855926, 17.8619389257, 1.3908435282, 4.8123856676, 1.4832496192, 9.184212105, 14.9870157527, 14.1955982594, 65.9901762593, 0.25561833519, 16.6083428507, 96.5722006003, 13.9823206352],
      [95.6331366145, 62.2122111316, 113.3739182721, 35.3306975332, 4.9916049872, 3.4529853815, 8.4617251009, 9.2945755073, 74.7544779611, 10.5084409156, 73.5016590215, 32.1753661505, 1.1900094581, 6.1230363623, 9.8554206645, 9.6627511404, 45.063233947, 67.0828273505, 19.770592188, 55.4924325699, 33.9626490649, 107.8757384248, 50.9369024811, 3.539117759, 15.5980122048, 34.1758376482, 52.8527445124, 28.0269357288, 3.8048266259, 39.4597060529, 20.7154522426, 16.6309870308, 0, 0.78375632064, 27.4311840475, 42.4435038724, 53.5954899665, 41.218130098, 48.896126954, 140.6952148027, 40.0889363073, 31.465709552, 0.3545021224, 0.12505229717, 3.6659528827, 24.1521547962, 24.8384932371, 41.8516772784, 184.8468243149, 1.5690523835, 22.9601549541, 103.2749722395, 11.7124722446],
      [12.2249806254, 14.5198381508, 12.5024692413, 7.2752026954, 0.32113732597, 2.5822758521, 2.0520168852, 4.0503991758, 14.9541516798, 3.2396236684, 12.4449856347, 3.7796448126, 0.33896088017, 2.3719920309, 0.62370201811, 1.23470005, 3.7967223858, 6.1749330268, 3.357937979, 7.7832805519, 4.2555016898, 12.8497688772, 4.3305480087, 1.9247807196, 1.6107477616, 3.4741449445, 5.8445128264, 2.3457656317, 1.1050527824, 7.313601628, 6.6397775936, 6.2493945099, 0, 0.78390615492, 4.7857658343, 8.5582091602, 8.4614618725, 4.7685193299, 8.3332725316, 29.7845392737, 8.1525865781, 4.1216791595, 0.24712790728, 0.040321570539, 1.8045616896, 4.3959284336, 3.6880266992, 6.608013367, 48.266198111, 0.1665286205, 8.1937211451, 23.3663957608, 7.1163959954],
      [0.97826299848, 0.90762603751, 1.1451040123, 0.39699495546, 0.088443982655, 0.12867660191, 0.1583102302, 0.16833539737, 1.33964824, 0.18653554634, 1.0315117594, 0.29711138848, 0.059779854552, 0.29932214203, 0.14444316807, 0.21871956979, 0.37529591994, 0.89069864276, 0.27657689526, 0.6365331542, 0.44217596803, 1.1975847799, 0.70839192886, 0.064891967832, 0.25402211097, 0.43707135789, 0.51304989784, 0.37876483613, 0.16506436064, 0.35827043057, 0.45378263251, 0.29488354307, 0, 0.015381017964, 0.35075670638, 0.67826166862, 0.61447428044, 0.52899998575, 0.57330257474, 2.4516134953, 0.62991785459, 0.55067236285, 0.0075264421132, 0.022240464643, 0.046235808523, 0.26770466532, 0.48646431099, 0.34471109522, 2.8968013148, 0.0088006607688, 0.2377810501, 1.7864313995, 0.18881112483]
    ],
    [
      [0.23814641866, 0.28049169036, 0, 0.10463689657, 0.15675801607, 0.23207870346, 0.047090454314, 0.0065688919733, 0.31145921474, 0.094743089179, 0.39040965051, 0.16456381607, 0.01379083011, 0, 0.028502447343, 0.52672253718, 0.52367036558, 0.97149134869, 0.052599440096, 0.22299223712, 0, 0, 0, 0.085366718874, 0, 0.3021100011, 0.39401662799, 0.1362640684, 0.029495062163, 0.35907111861, 0, 0.091096979389, 0.021361078924, 0.10636814374, 0.22557115253, 0.28704501346, 0.40677930493, 0.15386242239, 0.27815015016, 0, 0.087696845693, 0.24728874093, 0, 0.20047840889, 0.027511941096, 0.17165593091, 0.29574457044, 0.12621104473, 0, 0.031797608527, 0.28167662548, 0, 0.16187536963],
      [264.5518201099, 230.8241619074, 253.362731819, 93.6059352447, 26.1313258152, 14.4469232422, 32.3689906344, 36.6391655772, 417.7780698779, 60.617667933, 363.3978451819, 197.9332818186, 8.1843876234, 40.5058480297, 115.2547551686, 212.4774119136, 270.6893398408, 441.2336745681, 80.0585311026, 167.8019153877, 209.5645183646, 353.9467842676, 165.8939828723, 24.1486147566, 132.5154440011, 195.9953416698, 311.730635394, 124.3966715991, 13.7114375491, 271.520811244, 53.5716815757, 48.0260351912, 3.3188975478, 2.5673492062, 153.4584938433, 220.4364398505, 420.3656953099, 196.9323325145, 265.9781475083, 498.3097248772, 204.3426235865, 186.6419007717, 11.9987899219, 18.617629599, 20.7019423751, 141.2270991076, 194.506007824, 159.6209969495, 871.8178464375, 11.7808619011, 104.7240230193, 478.1664948931, 36.947535951],
      [2.9712742623, 4.6271040781, 2.640722988, 1.6576491674, 0.0066165299257, 0.70926101279, 0.65733242703, 1.3334636671, 7.20698035, 1.6272864986, 5.2146448783, 2.0475196334, 0.21738663044, 1.5686192752, 0, 2.2209675339, 2.2490436747, 2.4204223368, 1.1374251358, 1.9750461766, 2.0868501051, 3.8641936744, 1.4412701357, 1.0892023653, 1.2251841497, 1.7205357334, 3.1262604653, 0.78028052973, 0.34110256878, 4.4401347357, 1.6050928348, 1.5671381326, 0.23115485842, 0.25985025202, 2.2267922545, 3.7535396, 5.7004724537, 1.9517099165, 3.8660068309, 9.0882569001, 3.5201805989, 2.051317938, 1.6167077689, 0.48162212859, 0.8730888153, 2.1633879663, 2.4589210825, 2.2150334203, 19.6360227918, 0.085236706524, 3.2457565127, 10.485834226, 1.9542868901],
      [4.2387592091, 5.2682423241, 3.996545193, 1.6317786913, 0.70529963882, 0.6117370415, 0.92658648421, 1.0208018637, 11.7034905574, 1.6603024792, 7.9971002893, 2.8546347319, 0.58443491608, 2.9255326951, 2.7167423841, 6.7748980153, 3.537946119, 9.3744117463, 1.7514443215, 3.0000461985, 4.3486315303, 6.189022058, 3.664746992, 0.67681615923, 3.2593718492, 3.9820125957, 4.7490875127, 2.6867838028, 0.91796481993, 3.6799829017, 1.8232255895, 1.3157296968, 0.42858651483, 0.066432398035, 3.0891427497, 5.522975536, 7.5270529315, 3.9620951466, 4.8776955107, 13.6020182227, 5.0494989688, 5.0594925493, 0.3845023092, 0.70026986352, 0.39745686848, 2.4378569952, 5.739326523, 2.0377585854, 21.5461307707, 0.10210378381, 1.7485438425, 13.3476708808, 0.93630178924]
    ],
    [
      [0.94518628108, 0.88506006858, 0, 0.13133690268, 0.1971392445, 0.20624793062, 0.1485878993, 0, 0.54023694494, 0.10294464169, 0.86767623803, 0.31355532059, 0.13943615779, 0, 0.56990969638, 0.056135456298, 0.76422020295, 0.55311156462, 0.16475380851, 0.41872470852, 0, 0, 0, 0.4951911021, 0, 0.36508070454, 0.79830385586, 0.17209437586, 0.05669153547, 0.49464651897, 0, 0.67150839684, 0, 0, 0.28348587187, 0.39538673529, 0.52283889832, 0.3724787212, 0.46529646843, 0, 0.059670376968, 0.43538734002, 0, 0.10724379613, 0.27956705602, 0.22695177674, 0.42901342997, 0.32290639129, 0, 0.2018675459, 0.52603219429, 0, 0.46134079998],
      [35.9694678553, 21.6066451488, 36.4248250944, 4.8435748089, 2.2829248343, 0, 3.4281555606, 1.736982019, 33.5316242574, 2.6139712504, 29.6927698224, 14.4231277461, 0.83707180846, 2.0126238013, 2.8192407537, 1.8999975165, 21.7078741726, 18.3953317121, 10.2396786577, 11.7801003871, 10.8475955511, 23.3956236929, 11.677495717, 0.16561915293, 6.4845965956, 12.2448624164, 25.930488621, 8.6399293508, 2.1360493751, 14.1504228404, 2.7178593991, 3.6093281588, 0, 0, 7.1020036467, 10.7751585563, 21.7185093497, 21.9226709235, 18.1774046547, 48.7386709167, 11.4093827502, 13.351723341, 0, 0.23398117635, 0.59479586531, 6.7271206811, 11.797869842, 14.9055236113, 52.9566404675, 1.4722285741, 3.5716474092, 22.3055602267, 0.098788407589],
      [642.3155103111, 709.8449988561, 566.5619743525, 142.7129454373, 24.5430122681, 19.5012306136, 128.5583481433, 134.7131819919, 909.3344220399, 136.7855510552, 690.554653984, 235.14491172, 32.8841733761, 90.5272505125, 25.6428438955, 35.0472646645, 260.1698656062, 234.3560848965, 243.0483360244, 232.5526251819, 185.8310301414, 385.4322823809, 140.4346290184, 74.6918045675, 93.1276062088, 177.5812029773, 404.2293753648, 103.3853622586, 97.8265987644, 351.0121595191, 197.7257852934, 300.1296120173, 14.2879804157, 18.7311531482, 176.3786051547, 305.6246077182, 468.0182858386, 351.8897363234, 424.4138647548, 1394.5961546237, 320.1886375839, 238.0118568081, 60.5983042381, 12.4133406745, 100.8330204639, 171.3138481622, 229.1359829458, 319.4020995449, 1900.60544879, 29.0789037001, 185.3702055787, 771.2022154635, 90.0849731264],
      [8.7698355525, 7.6632959265, 9.0132005532, 1.3121428512, 0.97692365312, 0.29252145577, 1.8649083968, 1.5498359892, 13.5937167577, 1.4975330527, 9.8848999556, 3.1184052133, 0.13931865763, 0.46012568615, 0.96800565445, 0.99660236274, 4.3580400182, 5.6954718268, 3.5472315094, 3.2485497225, 3.3213743075, 6.1720939262, 3.8878752646, 0.64738517745, 2.3877971956, 3.8088539018, 6.0418321583, 2.8026140147, 1.980660325, 2.3427711215, 2.5563553075, 2.589551427, 0.71201958426, 0.26884685179, 2.2359053268, 4.2048469902, 5.7403659134, 6.8151140319, 4.943434122, 19.6651744597, 4.342309289, 5.2010325108, 0.40169576193, 0.24543435299, 0.29261661479, 1.7320793799, 4.6371337822, 2.3694704525, 20.4379107425, 0.24700017986, 0.53211481781, 10.4922243099, 0.35489766605]
    ],
    [
      [1.4027378358, 1.2639147748, 0.52181089424, 0.32781278266, 0.16914480784, 0.050105653612, 0.18537798146, 0.21995681229, 1.4781829341, 0.20610601785, 1.6088198948, 0.79950669354, 0.030744093007, 0.01884718635, 0.23658353412, 0.2786692622, 0.78671383758, 1.2083200182, 0.297845357, 0.67789556432, 0.88591381479, 0.74578384056, 0.23858977578, 0.18455483902, 0.19022572784, 0.37421333354, 0.89628828003, 0.33105969806, 0.058125963879, 1.3815952818, 0.40205183671, 0.58599127654, 1.0099152789, 0.024082416234, 0.68628884611, 0.52639273585, 2.1020284045, 0.69831625454, 1.0121465202, 1.3837460105, 0.76694491044, 0.69661923184, 0.21847318656, 0, 0.039150281409, 0.72463535934, 1.4321925623, 0.61002646258, 2.929006774, 0.046211611328, 0.64498529286, 2.9042367676, 0.033204902804],
      [53.9679899595, 33.4581667078, 27.042555616, 7.9276072838, 4.8277005253, 0.69631884589, 3.6781567561, 8.4747926424, 52.3442614043, 3.5436407495, 47.8820832971, 22.0326690426, 1.2833631503, 4.3353647632, 13.3356732126, 8.1260477518, 29.9496205006, 45.8330684945, 12.7950117439, 22.1678420345, 19.2287957776, 37.7829720038, 16.4998733716, 3.8666137238, 20.0118047976, 16.6049682599, 33.9370895863, 18.1247855645, 0.7063121647, 39.0309109415, 4.6489971906, 10.1326871363, 1.680293025, 0.64889447315, 21.5882670644, 14.2753657602, 56.6424503735, 16.851713658, 26.9232473307, 54.0544200643, 31.1327546989, 17.5699395855, 1.0888290496, 0, 1.4282252056, 27.0709488538, 33.8644444611, 25.5686080721, 114.8506337011, 3.7953401543, 12.7405781891, 41.1058553796, 0.41358485163],
      [10.077876917, 11.4240786415, 4.3364360298, 2.3932018362, 0.46234002228, 0.79989629914, 1.3132946968, 5.4357686996, 15.3175337631, 1.6044192125, 11.8624969951, 3.7835931916, 0.56098597127, 2.446803956, 1.2295544379, 1.5189315792, 3.6796672351, 6.1979353205, 3.1885531417, 4.5561809968, 3.5517240899, 6.5844626587, 2.0714499902, 3.103823229, 3.0124117056, 2.4702600607, 5.4824277469, 2.2279650718, 0.30516089729, 10.5781973946, 2.256094814, 5.5630753432, 3.4637726475, 1.0033116711, 5.5192233698, 4.217801326, 13.0785235775, 2.8535719136, 6.7149650209, 16.7371453856, 9.2747830358, 3.3723262738, 1.087698907, 0, 1.0380110175, 7.2161352724, 7.3546607819, 5.904717079, 44.0364599484, 0.59143321542, 6.6562856415, 14.0645112343, 0.36434339663],
