{
  "Z_true": {},
  "V_true": [
    [319, 186, 18127, 1726],
    [148, 2953, 282, 460],
    [29, 248, 267, 627],
    [396, 226, 957, 1295]
  ],
  "p_true": [
    [0.0157, 0.0091, 0.8904, 0.0848],
    [0.0385, 0.7684, 0.0734, 0.1197],
    [0.0248, 0.2118, 0.228, 0.5354],
    [0.1378, 0.0786, 0.333, 0.4506]
  ],
  "Z_est": {},
  "V_est": [
    [777.2279, 0, 19320.1757, 260.5963],
    [0, 3613, 0, 230],
    [65.1885, 0, 312.8243, 792.9872],
    [49.5836, 0, 0, 2824.4164]
  ],
  "p_est": [
    [0.0382, 0, 0.949, 0.0128],
    [0, 0.9402, 0, 0.0598],
    [0.0557, 0, 0.2671, 0.6772],
    [0.0173, 0, 0, 0.9827]
  ],
  "EI_Z": {},
  "EI_V": 14.4757,
  "MAE_Z": {},
  "MAE_V": 511.1025,
  "MAE_p": 0.1246,
  "runtime": 0.0146
}
