{
  "Z_true": {},
  "V_true": [
    [557, 20, 326, 291, 27],
    [16, 890, 89, 2114, 94],
    [31, 241, 88, 11187, 216],
    [388, 348, 9544, 3463, 323],
    [62, 77, 166, 964, 495],
    [40, 106, 333, 618, 278]
  ],
  "p_true": [
    [0.4562, 0.0164, 0.267, 0.2383, 0.0221],
    [0.005, 0.2779, 0.0278, 0.66, 0.0293],
    [0.0026, 0.0205, 0.0075, 0.951, 0.0184],
    [0.0276, 0.0247, 0.6785, 0.2462, 0.023],
    [0.0351, 0.0437, 0.0941, 0.5465, 0.2806],
    [0.0291, 0.0771, 0.2422, 0.4495, 0.2022]
  ],
  "Z_est": [
    [
      [0, 0.3933, 8.367, 0.9133, 0, 0.4593, 5.6438, 0.9998, 2.0449, 0.467, 28.7407, 23.2386, 11.641, 25.1754, 1.4969, 38.9964, 1.6109, 1.8886, 2.4002, 0, 0, 0, 1.5, 12.0994, 0, 5.3164, 23.2451, 18.9786, 2.5872, 12.016, 14.8041, 18.9847, 20.1112, 14.261, 2.9278, 5.7896, 11.7796, 2.4218, 0.6616, 2.2581, 4.5154, 0.6366, 1.3898, 4.1256, 9.5451, 19.3089, 6.749, 0, 8.4774, 23.6753, 123.0248, 21.6578, 36.6544, 9.3204],
      [0.1979, 0.0014, 0.0096, 0, 0, 0.0005, 0.0091, 0.007, 0.0004, 0.0001, 0.0164, 0.0193, 0.0213, 0.0193, 0.002, 0.0375, 0, 0.0012, 0.0063, 0, 0.1439, 0, 0.0008, 0.021, 0, 0.0041, 0.0176, 0.0272, 0.0015, 0.0159, 0.0156, 0.0153, 0.0124, 0.0177, 0.0044, 0.0091, 0.0082, 0.0008, 0, 0.0057, 0.0031, 0.0004, 0.0019, 0.0088, 0.0088, 0.023, 0.0005, 0.0018, 0.0086, 0.0171, 0.1077, 0.0248, 0.0375, 0.0132],
      [0.0757, 0.0533, 0.6342, 0.0084, 0.0691, 0.0176, 0.7882, 0.3565, 0.0941, 0.0536, 1.1244, 1.7134, 1.3138, 2.1689, 0.0993, 2.333, 0.0421, 0.1659, 0.445, 0, 0.079, 0, 0.1158, 1.8277, 0, 0.6121, 0.7883, 1.4883, 0.0768, 1.0505, 1.0171, 0.6612, 1.5184, 0.8552, 0.1994, 0.8227, 0.5193, 0.0749, 0.0178, 0.2732, 0.2511, 0.063, 0.2198, 0.5476, 0.9633, 2.2365, 0.2148, 0.0445, 0.6533, 1.809, 11.5186, 1.8238, 2.1235, 0.8681],
      [1.6731, 0.5309, 7.7722, 0.0731, 0.4552, 0.4832, 6.3979, 1.6022, 0.8606, 0.4703, 12.86, 20.4813, 15.5218, 27.073, 1.355, 29.8923, 0.3314, 2.8832, 6.0567, 0, 0.732, 0, 1.3449, 15.7502, 0, 8.8544, 12.6301, 25.1257, 1.2611, 15.6219, 11.7754, 17.9785, 18.8277, 13.407, 4.792, 14.2145, 13.4263, 2.4404, 0.3206, 2.3832, 2.1402, 1.268, 1.3162, 4.1453, 9.2206, 15.9439, 3.9805, 0.9262, 12.6059, 23.919, 116.9783, 17.882, 26.2021, 10.5402],
      [0.0534, 0.0211, 0.217, 0.0052, 0.4757, 0.0394, 0.161, 0.0345, 0, 0.0089, 0.2585, 0.5474, 0.5021, 0.5634, 0.0468, 0.7408, 0.0156, 0.0611, 0.0919, 0, 0.045, 0, 0.0386, 0.3017, 0, 0.213, 0.3188, 0.3802, 0.0734, 0.2956, 0.3877, 0.3602, 0.5303, 0.4591, 0.0765, 0.1642, 0.2666, 0.0621, 0, 0.0799, 0.0902, 0.0321, 0.0723, 0.1727, 0.2622, 0.4877, 0.0552, 0.0276, 0.2547, 0.5796, 3.3706, 0.6116, 0.9825, 0.2581]
    ],
    [
      [0, 0.038, 0.3535, 0, 0, 0.2686, 0.1195, 0, 0.2846, 0.0175, 0.5611, 0.3051, 0.111, 0.2754, 0.0226, 0.1845, 0.0538, 0.0325, 0.0178, 0.0362, 0, 0, 0.1777, 0.4054, 0, 0.0406, 0.3986, 0.1637, 0.0781, 0.2032, 0.293, 0.2981, 0.2054, 0.1984, 0.1335, 0.0598, 0.3054, 0.1042, 0.0558, 0.0309, 0.0878, 0.0343, 0.1268, 0.0543, 0.2405, 0.5243, 0.5379, 0, 0.1745, 0.8276, 2.4463, 0.733, 1.2667, 0.4472],
      [2.1754, 15.1765, 35.0651, 0, 0, 0.8523, 16.3349, 3.195, 2.2803, 0.9165, 28.0291, 22.671, 19.562, 21.4502, 3.9265, 14.1161, 3.5866, 2.303, 10.3979, 1.0738, 1.0891, 2.3021, 9.7144, 71.8489, 1.1657, 3.6792, 26.9618, 19.337, 2.9217, 23.5846, 25.8755, 13.9746, 13.8664, 19.3357, 13.6952, 12.9553, 17.6624, 4.101, 0, 12.198, 11.571, 2.3982, 10.9588, 9.1623, 20.1231, 50.3073, 20.3112, 20.1249, 15.3475, 60.3682, 201.9027, 70.9529, 185.017, 61.0008],
      [0.6738, 3.8269, 17.8145, 0, 0, 0.853, 12.3159, 0.5042, 3.1003, 1.8745, 17.4723, 15.4367, 9.1405, 16.218, 1.0015, 7.6931, 1.6578, 1.9826, 6.6388, 0.7119, 0.3457, 1.2281, 8.9289, 52.6813, 1.4758, 3.3919, 10.8127, 8.7532, 2.015, 12.2721, 13.805, 6.9261, 10.6661, 8.124, 5.9995, 9.4768, 9.2173, 2.4482, 0.6526, 2.4995, 3.5348, 2.2196, 12.3718, 4.9176, 16.5413, 40.9529, 16.2023, 3.2858, 9.1206, 42.6736, 155.7086, 41.5132, 50.8855, 27.7102],
      [1.6616, 4.4274, 25.6664, 0, 0, 2.9643, 11.713, 0.2527, 3.3348, 1.8823, 23.8338, 21.6792, 12.6927, 23.8356, 1.5782, 11.5814, 1.3477, 3.9711, 10.5694, 1.0553, 0.3524, 1.9685, 12.18, 53.4077, 0.8338, 5.7194, 20.488, 17.4504, 3.9033, 21.4772, 18.7662, 22.9746, 15.5503, 14.9559, 16.8677, 19.5142, 28.085, 9.3252, 1.2917, 2.5383, 3.5314, 5.2015, 8.5318, 4.3163, 18.6024, 34.2817, 35.7099, 6.4604, 20.7866, 66.463, 186.4067, 47.8725, 74.2988, 39.5814],
      [0.4892, 1.5312, 6.1004, 0, 0, 2.0619, 2.5166, 0.0481, 0, 0.3092, 4.1038, 4.9079, 3.4938, 4.221, 0.4711, 2.4248, 0.3541, 0.7109, 1.3762, 2.1228, 0.2128, 0.5013, 2.9989, 8.6567, 0.5248, 1.1688, 4.3388, 2.2957, 2.0819, 3.4629, 5.2603, 3.8266, 3.7119, 4.3859, 2.3041, 1.994, 4.73, 2.0213, 0, 0.7333, 1.275, 1.1465, 4.0108, 1.5495, 4.4926, 8.9337, 4.2388, 2.1289, 3.5708, 13.6677, 45.5358, 13.9285, 23.5319, 8.2604]
    ],
    [
      [0, 0, 0.1513, 0, 0, 0.0408, 0.0359, 0, 0.1393, 0, 0, 0.2291, 0.0335, 0.2543, 0.0107, 0.2249, 0, 0.1633, 0, 0.72, 0, 0, 0.0678, 0.0028, 0, 0, 0, 0.6551, 0.1069, 0.5454, 0.1871, 0.3126, 0.4217, 0.3497, 0.376, 0, 0.8973, 0.1972, 0, 0.0009, 0.0312, 0.0199, 0.1219, 0.0852, 0.1758, 0.4027, 0, 0, 0.3966, 0.4278, 2.5121, 0.6994, 0, 0.1464],
      [0, 0, 0.0903, 0, 0, 0.0102, 0.0694, 0, 0.0023, 0, 0, 0.1108, 0.1345, 0.0653, 0, 0.2238, 0, 0, 0, 0.0602, 0.0021, 0, 0, 0.2749, 0.0576, 0, 0, 0.7616, 0.1486, 0.6832, 0.1308, 0.3376, 0, 0.3072, 0.583, 0, 0.4351, 0, 0, 0, 0, 0, 0.2234, 0.1161, 0.0756, 0.3939, 0, 0, 0.2354, 0.0279, 0.7268, 0.529, 0, 0.0498],
      [0, 0, 0.0197, 0.0092, 0.9584, 0.0453, 0.0868, 0.0979, 0.0267, 0, 0.4152, 0.0682, 0.1101, 0.1868, 0, 0.1102, 0, 0.0557, 0.1139, 0.0567, 0, 0, 0, 0.4394, 0.1038, 0.2203, 0.0202, 1.4572, 0.1502, 0.7384, 0.042, 1.3747, 0.1724, 0.0489, 0.521, 0.6145, 1.1084, 0, 0, 0.0703, 0.3169, 0.0799, 0.2458, 0.1908, 0.0893, 1.0651, 0.4227, 0, 1.4306, 0.3495, 2.5604, 0.6123, 0.0887, 0.075],
      [3.8453, 43.8559, 117.8204, 1.1331, 5.5172, 4.601, 59.0409, 9.6543, 17.8317, 34.0223, 178.3488, 193.4517, 159.5958, 258.1419, 29.7102, 248.1455, 5.7923, 52.2696, 100.2483, 5.641, 3.7233, 9.638, 66.6036, 224.3368, 11.8996, 205.6157, 289.1503, 594.1001, 50.8632, 647.2207, 137.2865, 250.6924, 340.932, 225.3074, 180.1482, 123.9448, 500.3212, 292.3808, 9, 20.127, 57.732, 24.1431, 55.0461, 54.8607, 145.7076, 313.6743, 103.9256, 36.2326, 361.123, 395.7726, 2544.1321, 483.6443, 931.9418, 150.3359],
      [0.1547, 2.1441, 3.9183, 0.8577, 1.5243, 0.3027, 1.767, 0.2478, 0, 0.9777, 4.236, 6.1401, 6.1261, 6.3518, 1.2791, 7.2955, 0.2077, 1.5114, 1.6378, 0.5221, 0.2746, 0.362, 2.3286, 4.946, 0.939, 6.164, 8.8294, 9.026, 2.7311, 13.8124, 5.3537, 6.2828, 11.4739, 8.9867, 3.3719, 1.4407, 12.2379, 9.422, 0, 0.8017, 2.92, 0.7571, 3.3628, 2.7473, 4.9517, 11.4639, 1.6517, 1.7674, 8.8144, 11.4221, 87.0686, 19.515, 40.9696, 4.3929]
    ],
    [
      [0, 1.0925, 7.7147, 0.0867, 0, 0.2111, 3.1209, 0, 1.8296, 0.4393, 18.9012, 11.416, 4.8297, 13.0089, 1.157, 14.8417, 0.1295, 0.5469, 0.183, 0.2095, 0, 0, 2.5462, 8.2907, 0, 1.0342, 9.4348, 8.3904, 1.6484, 6.985, 7.8335, 9.7884, 8.5544, 6.175, 1.7989, 1.3516, 4.7581, 1.5966, 0.0818, 2.0976, 3.0698, 1.1194, 0.737, 1.0876, 6.3047, 16.6932, 7.4467, 0, 9.1229, 18.7912, 66.0126, 10.4482, 29.657, 5.7858],
      [0.2274, 2.5197, 7.0797, 0, 1, 0.1349, 4.1112, 1.8096, 0.536, 0.0391, 9.1992, 7.6393, 7.6129, 8.8279, 1.3725, 10.4828, 0.089, 0.3253, 1.7421, 0.8165, 0.4432, 0.4938, 1.0485, 13.2871, 0.3535, 0.6579, 6.3106, 9.037, 0.5866, 7.3754, 6.3646, 4.3581, 4.9587, 5.5568, 1.8459, 2.8304, 2.5314, 0, 0, 4.8854, 2.8593, 0.5094, 0.8142, 1.7156, 4.7165, 15.4228, 1.7104, 2.2101, 7.2906, 11.9583, 48.6867, 9.4228, 30.2888, 7.1487],
      [6.0553, 54.1498, 194.6411, 3.9824, 2.9724, 4.9871, 157.2698, 45.8598, 45.8551, 13.2314, 295.9365, 281.5548, 194.661, 372.5322, 24.6293, 304.8133, 3.8424, 17.21, 52.4317, 13.177, 12.3598, 13.4921, 64.424, 488.12, 15.9716, 40.3184, 127.8129, 219.166, 21.0985, 206.4434, 181.7497, 111.815, 215.693, 124.9427, 42.2456, 109.149, 71.244, 13.13, 3.6823, 85.9326, 60.1179, 35.1584, 41.9058, 50.6134, 212.2226, 637.0762, 94.2933, 28.0607, 232.4658, 475.9747, 2052.8765, 294.3005, 559.0482, 181.7856],
      [4.2978, 19.6764, 88.2445, 1.7938, 2.0276, 5.667, 46.3174, 5.8853, 15.7793, 4.1014, 128.0029, 124.6643, 85.2581, 172.7507, 12.0009, 144.7353, 0.8525, 10.4857, 26.094, 6.7969, 3.7362, 6.4473, 27.5056, 155.9872, 2.4056, 21.1199, 76.1298, 137.6058, 12.8242, 113.8115, 77.7766, 114.8625, 99.0589, 72.366, 37.1302, 70.002, 68.1892, 15.61, 2.2358, 27.1313, 18.4907, 24.8785, 8.9063, 13.5373, 74.9418, 161.5868, 65.2184, 17.4404, 164.3669, 233.6153, 776.084, 106.8364, 258.4205, 81.8039],
      [0.4195, 1.5616, 4.32, 0.1371, 0, 0, 2.1807, 0.4453, 0, 0.1889, 3.9601, 5.7256, 4.6383, 5.8802, 0.8402, 6.1269, 0.0866, 0.4321, 0.5492, 0, 0.4608, 0.5668, 1.4756, 3.315, 0.2693, 0.8697, 3.312, 2.8007, 0.8423, 3.3846, 4.2757, 4.1759, 4.735, 3.9595, 0.9794, 0.6671, 2.2773, 0.6634, 0, 1.9531, 1.4623, 1.3343, 0.6368, 1.0461, 3.8144, 9.2211, 1.3312, 1.2888, 5.7539, 9.6606, 37.3402, 5.9921, 15.5855, 3.4759]
    ],
    [
      [0, 0.1264, 1.3342, 0, 0, 0.0202, 0.6191, 0, 0.3586, 0.0461, 3.1949, 3.0392, 0.9948, 1.4484, 0.163, 2.6425, 0.0585, 0.1638, 0.2316, 0.0068, 0, 0, 0.5675, 0.8668, 0, 0.2967, 2.4584, 2.149, 0.175, 1.3311, 1.7031, 1.5712, 2.1575, 0.9873, 0.4451, 0.4313, 1.5988, 0.7026, 0.2008, 0.4286, 0.8175, 0.1446, 0.2404, 0.4228, 1.7636, 3.2077, 1.8649, 0, 0.8439, 2.5644, 18.5266, 2.5248, 6.2568, 0.4867],
      [0.0073, 0.0409, 0.129, 0, 0, 0.0022, 0.0775, 0, 0.0041, 0.0024, 0.1303, 0.2109, 0.1537, 0.1041, 0.0263, 0.1868, 0.0042, 0.0111, 0.0467, 0.0016, 0.0057, 0.0091, 0.0289, 0.1166, 0.0071, 0.0234, 0.1363, 0.2389, 0.0065, 0.1439, 0.1436, 0.0715, 0.1311, 0.0922, 0.0482, 0.0542, 0.0882, 0.0239, 0, 0.127, 0.086, 0.0087, 0.0304, 0.0723, 0.1386, 0.3014, 0.043, 0.0472, 0.0701, 0.1734, 1.405, 0.2356, 0.7592, 0.0641],
      [0.1664, 1.7789, 9.612, 0, 0, 0.097, 8.3159, 0, 0.8714, 0.8222, 11.7024, 21.0343, 10.6249, 11.651, 1.231, 14.8261, 0.4245, 1.518, 4.2597, 0.0462, 0.1882, 0.2588, 4.4911, 12.2451, 0.3378, 3.3318, 7.9107, 15.6907, 0.6079, 10.9253, 11.1102, 4.9598, 15.2994, 5.6161, 2.9566, 5.746, 6.6567, 2.2362, 0.6473, 5.141, 4.678, 1.4621, 4.0228, 5.6223, 16.8495, 34.5378, 5.6948, 1.489, 6.0663, 18.2362, 160.1234, 19.9123, 33.6334, 4.3024],
      [0.3431, 1.6996, 11.3515, 0, 0, 0.2845, 6.5006, 0, 0.7658, 0.6757, 13.1092, 24.234, 12.1056, 14.0494, 1.5909, 18.3151, 0.2903, 2.5005, 5.5667, 0.0563, 0.1579, 0.3385, 5.0175, 10.209, 0.1587, 4.615, 12.3022, 25.6711, 0.9697, 15.6909, 12.3865, 13.5637, 18.3, 8.4835, 6.8578, 9.7728, 16.6713, 7.021, 1.1519, 4.3295, 3.8626, 2.8218, 2.2939, 4.0624, 15.5432, 23.8044, 10.4792, 2.3652, 11.3697, 23.3155, 157.2788, 18.8608, 40.2775, 5.0369],
      [0.4832, 2.3543, 10.5733, 0, 0, 1.5961, 5.4868, 0, 0, 0.4536, 8.8633, 21.4815, 13.1209, 9.7471, 1.9888, 15.0295, 0.2226, 1.8065, 2.8953, 0.889, 0.6482, 0.3937, 4.8949, 6.5625, 0.4964, 3.7331, 10.1923, 13.2502, 2.2409, 9.9087, 13.6567, 8.8338, 17.112, 9.8209, 3.6923, 3.9956, 10.9851, 6.0163, 0, 4.9738, 5.5559, 2.5627, 4.4125, 5.8203, 14.705, 24.1487, 4.918, 3.0986, 7.65, 18.7105, 149.6662, 21.4665, 50.073, 4.11]
    ],
    [
      [0, 0.3497, 1.0792, 0, 0, 0, 0.4607, 0.0002, 0.3429, 0.03, 2.6021, 0.772, 0.3899, 0.8377, 0.1498, 1.11, 0.1473, 0.205, 0.1673, 0.0275, 0, 0, 0.1408, 1.3349, 0, 0.3121, 5.463, 1.6632, 0.4044, 1.9192, 1.1792, 2.045, 2.5499, 2.0286, 0.3188, 0.3677, 1.6608, 0.9776, 0, 0.1839, 0.4783, 0.0452, 0.3842, 0.2245, 0.9703, 2.8631, 1.4015, 0, 0.9848, 3.7137, 13.4776, 2.9369, 6.165, 0.8135],
      [0.392, 3.2616, 2.6262, 0, 0, 0, 1.398, 2.9884, 0.1768, 0.0419, 2.6251, 1.3486, 1.5156, 1.5332, 0.6727, 1.9529, 0.3203, 0.3594, 0.8071, 0.0479, 0.3159, 0.195, 0.2074, 4.4514, 0.4162, 0.6354, 7.5737, 4.5983, 0.3351, 5.197, 2.4699, 2.2429, 4.0314, 4.6903, 0.8233, 1.1511, 2.2746, 0.8742, 0, 1.7839, 1.4806, 0.0833, 0.9713, 0.925, 1.9374, 6.5516, 0.9349, 1.6161, 2.0478, 6.4551, 26.1711, 6.8349, 20.8975, 2.7233],
      [0.0289, 0.191, 0.2785, 0, 0, 0, 0.2233, 0.1816, 0.0524, 0.0183, 0.3492, 0.1926, 0.1497, 0.2432, 0.0388, 0.2242, 0.0332, 0.0677, 0.111, 0.0082, 0.0272, 0.0211, 0.0401, 0.6864, 0.1111, 0.1255, 0.6551, 0.4445, 0.0515, 0.5703, 0.2762, 0.2631, 0.6507, 0.4131, 0.0778, 0.191, 0.2544, 0.1107, 0, 0.0834, 0.1013, 0.017, 0.234, 0.1083, 0.3339, 1.1315, 0.1722, 0.1201, 0.2635, 0.957, 4.2125, 0.838, 1.2208, 0.2587],
      [3.1791, 8.8098, 17.1449, 0, 0, 0, 9.0302, 2.6055, 2.4278, 0.848, 19.8453, 11.4894, 8.826, 15.1494, 2.7647, 14.3304, 1.3858, 5.8899, 7.4649, 0.4504, 1.2982, 1.6077, 2.3484, 29.3092, 2.7022, 9.0756, 51.2996, 37.0469, 4.1786, 42.1778, 16.0088, 32.9282, 40.331, 32.4801, 9.2042, 15.5518, 32.307, 18.2226, 0, 3.4906, 4.2432, 1.6871, 6.9058, 4.078, 15.9844, 39.7089, 14.6863, 4.5752, 24.7478, 62.9146, 213.1202, 40.9041, 73.8592, 15.7016],
      [0.4, 1.3878, 1.8711, 0, 0, 0, 0.8879, 0.2243, 0, 0.0618, 1.5783, 1.1974, 1.1188, 1.2366, 0.374, 1.3825, 0.1134, 0.4781, 0.4496, 0.4661, 0.3587, 0.1762, 0.2633, 2.2181, 0.7705, 0.8514, 5.0086, 2.2472, 1.0305, 3.1357, 2.0658, 2.5208, 4.437, 4.3879, 0.5759, 0.7384, 2.5031, 1.8149, 0, 0.4581, 0.6967, 0.1674, 1.5047, 0.6641, 1.774, 4.7449, 0.8051, 0.6886, 1.9561, 5.9596, 24.0186, 5.4862, 10.8574, 1.5028]
    ]
  ],
  "V_est": [
    [593.2998, 0.9277, 46.8912, 564.7278, 15.1535],
    [13.3347, 1238.9266, 718.2738, 1003.7411, 228.7239],
    [11.1424, 6.8665, 16.9696, 11370.2306, 357.7908],
    [338.3602, 283.244, 9214.4824, 4053.4946, 176.4188],
    [72.184, 6.0704, 531.9693, 608.4793, 545.2969],
    [65.679, 145.9648, 17.4137, 1036.3265, 109.616]
  ],
  "p_est": [
    [0.4859, 0.0008, 0.0384, 0.4625, 0.0124],
    [0.0042, 0.3868, 0.2243, 0.3134, 0.0714],
    [0.0009, 0.0006, 0.0014, 0.9666, 0.0304],
    [0.0241, 0.0201, 0.6551, 0.2882, 0.0125],
    [0.0409, 0.0034, 0.3016, 0.3449, 0.3091],
    [0.0478, 0.1062, 0.0127, 0.7537, 0.0797]
  ],
  "EI_Z": {},
  "EI_V": 9.7295,
  "MAE_Z": {},
  "MAE_V": 216.5926,
  "MAE_p": 0.0843,
  "runtime": 0.024
}
