{
  "X": [
    [0, 3, 7, 15, 2],
    [2, 21, 60, 79, 9],
    [19, 45, 223, 268, 27],
    [1, 0, 4, 3, 1],
    [0, 1, 4, 8, 2],
    [1, 1, 6, 14, 4],
    [10, 22, 179, 139, 13],
    [1, 8, 47, 20, 1],
    [5, 3, 50, 41, 0],
    [1, 1, 16, 42, 2],
    [54, 40, 327, 376, 23],
    [39, 32, 320, 396, 40],
    [18, 29, 216, 294, 29],
    [41, 32, 403, 511, 28],
    [3, 6, 27, 49, 5],
    [58, 27, 330, 467, 33],
    [2, 4, 6, 10, 1],
    [3, 3, 21, 78, 5],
    [3, 13, 64, 156, 7],
    [1, 2, 14, 14, 4],
    [0, 2, 13, 10, 2],
    [0, 3, 15, 20, 2],
    [5, 11, 78, 115, 12],
    [23, 90, 556, 489, 26],
    [0, 2, 18, 18, 3],
    [7, 5, 48, 255, 13],
    [41, 41, 148, 462, 32],
    [32, 34, 247, 837, 30],
    [5, 4, 24, 74, 9],
    [23, 37, 232, 856, 34],
    [26, 35, 208, 274, 31],
    [33, 21, 126, 453, 26],
    [34, 23, 244, 533, 42],
    [24, 30, 140, 367, 32],
    [6, 17, 52, 255, 11],
    [8, 17, 126, 253, 9],
    [21, 23, 89, 659, 33],
    [6, 5, 18, 345, 20],
    [1, 0, 5, 14, 0],
    [5, 19, 94, 60, 9],
    [9, 16, 69, 90, 12],
    [2, 3, 39, 60, 6],
    [3, 13, 59, 83, 14],
    [6, 12, 62, 85, 12],
    [19, 27, 247, 280, 30],
    [43, 73, 717, 589, 59],
    [18, 23, 117, 234, 13],
    [0, 24, 33, 68, 9],
    [20, 25, 250, 595, 28],
    [50, 79, 540, 806, 60],
    [226, 279, 2387, 3994, 347],
    [39, 88, 359, 716, 67],
    [80, 237, 647, 1405, 142],
    [17, 71, 215, 303, 22]
  ],
  "W": [
    [2, 5, 4, 11, 1, 4],
    [1, 25, 46, 79, 6, 14],
    [17, 85, 122, 302, 33, 23],
    [1, 0, 2, 6, 0, 0],
    [1, 0, 8, 6, 0, 0],
    [1, 7, 5, 11, 2, 0],
    [13, 43, 61, 213, 21, 12],
    [3, 4, 10, 54, 0, 6],
    [3, 9, 18, 64, 2, 3],
    [1, 5, 35, 18, 2, 1],
    [43, 74, 183, 456, 37, 27],
    [46, 65, 200, 431, 70, 15],
    [29, 45, 166, 297, 37, 12],
    [55, 66, 265, 573, 37, 19],
    [3, 7, 31, 40, 5, 4],
    [72, 36, 256, 481, 51, 19],
    [2, 7, 6, 5, 1, 2],
    [5, 9, 54, 29, 6, 7],
    [9, 29, 102, 81, 13, 9],
    [0, 5, 7, 21, 1, 1],
    [1, 2, 4, 17, 1, 2],
    [0, 6, 10, 21, 1, 2],
    [3, 34, 69, 97, 15, 3],
    [30, 187, 230, 669, 30, 38],
    [0, 4, 13, 19, 1, 4],
    [15, 14, 212, 64, 12, 11],
    [37, 63, 298, 223, 33, 70],
    [46, 48, 606, 377, 57, 46],
    [4, 11, 54, 37, 4, 6],
    [29, 61, 663, 338, 38, 53],
    [28, 64, 143, 278, 39, 22],
    [38, 48, 259, 245, 29, 40],
    [41, 44, 353, 333, 53, 52],
    [29, 47, 235, 213, 25, 44],
    [8, 39, 185, 84, 14, 11],
    [21, 44, 126, 184, 20, 18],
    [26, 60, 515, 149, 36, 39],
    [5, 18, 302, 31, 16, 22],
    [1, 2, 9, 6, 2, 0],
    [5, 18, 21, 122, 15, 6],
    [7, 20, 61, 86, 15, 7],
    [2, 11, 25, 63, 7, 2],
    [3, 36, 59, 53, 11, 10],
    [9, 20, 58, 68, 16, 6],
    [20, 60, 151, 302, 49, 21],
    [38, 135, 327, 840, 86, 55],
    [11, 77, 106, 170, 23, 18],
    [1, 32, 38, 49, 7, 7],
    [22, 49, 372, 419, 26, 30],
    [50, 184, 408, 750, 63, 80],
    [255, 592, 2637, 2981, 487, 281],
    [42, 175, 505, 427, 63, 57],
    [66, 335, 973, 893, 131, 113],
    [21, 137, 155, 280, 14, 21]
  ],
  "method": "mvn_pdf",
  "cond_prob": [
    [
      [0, 0.098930564264, 0.037838903538, 0.83655064137, 0.026679890833],
      [0, 0.43508053116, 0.13475040876, 0.33232522037, 0.097843839702],
      [0, 0, 0, 0.9613214311, 0.038678568898],
      [0, 0.020675441668, 0.55048107695, 0.3907091176, 0.038134363787],
      [0, 0.0072977632266, 0.16641519148, 0.34305213229, 0.48323491301],
      [0, 0.098002148523, 0.0072157777961, 0.79478361629, 0.099998457393]
    ],
    [
      [0.39333492749, 0.0013995105409, 0.053323696869, 0.53087278808, 0.021069077027],
      [0.0015213653065, 0.60705813956, 0.15307752559, 0.17709549019, 0.061247479349],
      [0, 0, 0, 0.95338893902, 0.046611060981],
      [0.013829587479, 0.031894733634, 0.68544051643, 0.24906847674, 0.019766685715],
      [0.021061016489, 0.0068108541283, 0.29648334856, 0.28326932858, 0.39237545225],
      [0.024980530721, 0.23297127989, 0.013645519556, 0.6292730806, 0.099129589227]
    ],
    [
      [0.49217860101, 0.00056356227457, 0.037305577683, 0.4571891468, 0.012763112235],
      [0.0041592978115, 0.41253114868, 0.2095824104, 0.3019582051, 0.071768938018],
      [0.0012399183567, 0.00074019700789, 0.00016168568222, 0.96574107318, 0.032117125776],
      [0.025545462151, 0.023442788103, 0.64450688028, 0.29220026775, 0.014304601719],
      [0.040430355302, 0.0039098830257, 0.29127121724, 0.3439860024, 0.32040254204],
      [0.046922701517, 0.11418346182, 0.012110723074, 0.74543074796, 0.081352365626]
    ],
    [
      [0.91329798815, 0, 0.0083894580151, 0.073147821454, 0.0051647323781],
      [0.0065041097536, 3.071457342e-09, 0.3399346942, 0.49043396995, 0.16312722303],
      [0, 0, 0.004588231009, 0.56653784736, 0.42887392163],
      [0.014450335308, 0, 0.66373901333, 0.2989627473, 0.02284790406],
      [3.427021746e-67, 4.2711948798e-70, 5.7020372307e-68, 1.9713695501e-63, 1],
      [0.0013942835364, 1.3277903817e-12, 0.00037837036848, 0.02129861933, 0.97692872676]
    ],
    [
      [0, 0, 0.069110707951, 0.45520154574, 0.47568774631],
      [0, 1, 3.0794860987e-29, 4.8286620201e-29, 1.935155355e-29],
      [0, 0, 0.11980587458, 0.68965509371, 0.19053903171],
      [0, 0.16666666667, 0.49540704924, 0.3379262841, 0],
      [1.4380094644e-08, 5.267059958e-07, 1.7011569544e-06, 3.0744932457e-06, 0.99999468326],
      [1.3688975388e-08, 0.9999731938, 2.2614185219e-07, 2.7422503342e-06, 2.3824116305e-05]
    ],
    [
      [0.45933091364, 0.00050620584019, 0.017618271789, 0.48316674788, 0.039377860849],
      [0.038368057922, 0.12175221452, 0.12185595855, 0.42347253309, 0.29455123592],
      [0.0081673408164, 0.0020331572702, 0.0090561017824, 0.92020885421, 0.060534545922],
      [0.019186560966, 0.012259431136, 0.45337295155, 0.51518105635, 0],
      [0.010101903098, 0.0011043818298, 0.048503521195, 0.14224481482, 0.79804537906],
      [0.018477913834, 0.021118995302, 0.004212511791, 0.67209140923, 0.28409916984]
    ],
    [
      [0.43414123004, 0.00069703032757, 0.060632461953, 0.49214435425, 0.012384923431],
      [0.002780067761, 0.37988098473, 0.2864166409, 0.27239632052, 0.058525986096],
      [0.00058881200689, 0.0011375185908, 0.0014234267, 0.96788384602, 0.028966396681],
      [0.014652083095, 0.019301221572, 0.73835592329, 0.2174525354, 0.010238236651],
      [0.029483275828, 0.0036903995142, 0.39599675655, 0.30955237573, 0.26127719237],
      [0.038388422639, 0.11650075366, 0.018607488313, 0.75251475629, 0.073988579101]
    ],
    [
      [0.3332608504, 0.0023328694366, 0.11883240861, 0.53406953659, 0.011504334965],
      [0, 0.79874370912, 0.12605589064, 0.06316397239, 0.012036427853],
      [0, 0, 0.0097890594544, 0.96543388127, 0.024777059276],
      [0, 0.033510751506, 0.84925542586, 0.10898763141, 0.0082461912206],
      [0.014632597435, 0.018171448881, 0.54520077759, 0.23741607022, 0.18457910587],
      [3.6241467663e-05, 0.49807432899, 0.030265936733, 0.43424409864, 0.03737939417]
    ],
    [
      [0.68163933747, 0.00013258144219, 0.031366254427, 0.28686182667, 0],
      [0.03162711523, 0.25336971541, 0.344475107, 0.37052806236, 0],
      [0.0077372564022, 0.00012954411522, 0.0014821428909, 0.99065105659, 0],
      [0.028588054889, 0.0083751728681, 0.71648559041, 0.24655118184, 0],
      [0.1793129689, 0.0020485994455, 0.43571517297, 0.38292325868, 0],
      [0.11430196152, 0.058944920156, 0.017479523221, 0.8092735951, 0]
    ],
    [
      [0.4670253637, 0.00014046276971, 0.053603863029, 0.47030639901, 0.0089239114917],
      [0.0035052063359, 0.18329246465, 0.37490301951, 0.37646852517, 0.061830784332],
      [0, 0, 0, 0.97206562543, 0.027934374568],
      [0.024403835225, 0.0021716957943, 0.73507735637, 0.22785524987, 0.010491862743],
      [0.023066655725, 0.0011874030475, 0.41109535981, 0.33784926836, 0.22680131305],
      [0.030046259117, 0.041931883605, 0.018297905164, 0.84796105062, 0.061762901497]
    ],
    [
      [0.66838842333, 0.00038119926285, 0.026149141463, 0.29907014729, 0.0060110886561],
      [0.0075821414926, 0.37877100992, 0.23611227516, 0.3220781023, 0.055456471133],
      [0, 0, 0.0022687677172, 0.97458377359, 0.023147458692],
      [0.041450071841, 0.020173751886, 0.64898357818, 0.28070808924, 0.0086845088471],
      [0.086347327062, 0.0035204862512, 0.31628097925, 0.35430264079, 0.23954856665],
      [0.096375387618, 0.097224623952, 0.012932821435, 0.7350106343, 0.058456532697]
    ],
    [
      [0.50518770853, 0.00042048803329, 0.037247016073, 0.44524536322, 0.011899424138],
      [0.0046940848304, 0.34878494058, 0.23748803564, 0.33352669544, 0.075506243503],
      [0.0011454091917, 0.00055409591279, 0.00034113214131, 0.9672586623, 0.030700700454],
      [0.026487126117, 0.017724666309, 0.65325939583, 0.28924426617, 0.013284545574],
      [0.043417733825, 0.0030124267228, 0.30049035205, 0.34620052534, 0.30687896206],
      [0.051465022078, 0.089907745332, 0.012837617994, 0.76596200897, 0.079827605623]
    ],
    [
      [0.40141411946, 0.00073550603023, 0.045303513216, 0.53523435915, 0.017312502146],
      [0.0024657527044, 0.4347102828, 0.20312300578, 0.2820601206, 0.077640838123],
      [0.00020198844417, 0.00081053561203, 0.00066299739483, 0.96142020878, 0.036904269765],
      [0.016261747966, 0.02563257343, 0.65542421253, 0.28706438909, 0.015617076977],
      [0.026887560343, 0.0041528649103, 0.28716062109, 0.32717933499, 0.35461961866],
      [0.032493558639, 0.12630236478, 0.012472598858, 0.73549871203, 0.09323276569]
    ],
    [
      [0.45773416646, 0.00035158564528, 0.039433937056, 0.4922372195, 0.010243091338],
      [0.0041719802233, 0.32500246557, 0.24572665062, 0.36114491978, 0.063953983804],
      [0.00095947272101, 0.00024631908839, 0.00070484834404, 0.97412031451, 0.02396904534],
      [0.022703201537, 0.015406501485, 0.65014350256, 0.30148467384, 0.01026212058],
      [0.039146313479, 0.002813615291, 0.31489105559, 0.37971428426, 0.26343473137],
      [0.044087463132, 0.080694546676, 0.0127996678, 0.79733464464, 0.065083677755]
    ],
    [
      [0.49896350561, 0.00065816796942, 0.033105235895, 0.451670497, 0.015602593529],
      [0.0032343925447, 0.56092837605, 0.14307220441, 0.22546301687, 0.067302010127],
      [0.00034507530866, 0, 0, 0.95839378629, 0.0412611384],
      [0.028924682997, 0.03431359666, 0.61573365753, 0.30002290526, 0.021005157545],
      [0.032606731306, 0.005255538813, 0.24619799445, 0.31818385518, 0.39775588026],
      [0.037437606099, 0.16817632582, 0.0097106469534, 0.69117613238, 0.093499288751]
    ],
    [
      [0.54161607958, 0.00052074594133, 0.032402505335, 0.41517151352, 0.010289155621],
      [0.0051260587919, 0.39211498881, 0.21369764366, 0.32170449052, 0.067356818219],
      [0.00087864611502, 0.00087436023047, 0.00043061315221, 0.96931818066, 0.028498199842],
      [0.030855908807, 0.021793659449, 0.63370758701, 0.30090509288, 0.012737751852],
      [0.051813187807, 0.0036634402218, 0.29070818875, 0.35911950309, 0.29469568013],
      [0.058421370205, 0.10278657, 0.011800026304, 0.75423109388, 0.072760939607]
    ],
    [
      [0.80542954618, 0, 0.021056312709, 0.16571044355, 0.0078036975603],
      [0.0076897674371, 0.51236839163, 0.23682647966, 0.19253169037, 0.05058367091],
      [0, 0, 0, 0.96538024744, 0.034619752564],
      [0.025903933821, 0.017796627992, 0.7684767207, 0.17050423665, 0.01731848083],
      [0.058490217863, 0.0041594032999, 0.42447674009, 0.29029448063, 0.22257915812],
      [0.07365132431, 0.16013935767, 0.01662083668, 0.69288006591, 0.056708415429]
    ],
    [
      [0.37771518001, 0.00023810750148, 0.033189029669, 0.5766463587, 0.01221132412],
      [0.0036081978479, 0.25588765692, 0.2202857007, 0.44122799556, 0.078990448975],
      [0.0030235578257, 0, 0.0010322502248, 0.96795584159, 0.027988350357],
      [0.018857890877, 0.011218372305, 0.59344929398, 0.36157475072, 0.014899692113],
      [0.027306264193, 0.0018526402899, 0.25300613871, 0.41675026657, 0.30108469024],
      [0.029280253738, 0.051338844514, 0.009667953634, 0.84141877574, 0.068294172375]
    ],
    [
      [0.26668661747, 0.00069700703605, 0.049441186535, 0.67296372958, 0.010211459375],
      [0.00061338772775, 0.35854689528, 0.22892414043, 0.3644606713, 0.047454905264],
      [0, 0, 0.0011162135941, 0.98282684688, 0.016056939522],
      [0.0022598011636, 0.021506841481, 0.647304767, 0.32214835051, 0.0067802398471],
      [0.017818438012, 0.0035929890836, 0.32766859793, 0.42820648206, 0.22271349291],
      [0.018594290028, 0.089678217289, 0.012333062435, 0.82943643622, 0.049957994028]
    ],
    [
      [0.71101487351, 0.00018561597441, 0.018850006541, 0.2183580797, 0.05159142428],
      [0.007234802694, 0.21476357563, 0.14238442175, 0.21105982433, 0.4245573756],
      [0.10285147223, 0.0085968824134, 0.0081041881712, 0.80586051879, 0.074586938397],
      [0.0099784851012, 0.038882791948, 0.62747472259, 0.32366400036, 0],
      [0.0067975101961, 0.0016092833533, 0.046218697006, 0.056338214639, 0.8890362948],
      [0.027519983589, 0.047856030705, 0.0081607027537, 0.45039502455, 0.4660682584]
    ],
    [
      [0, 0.14394938144, 0.07903549583, 0.73203334573, 0.044981776999],
      [0, 0.54454839839, 0.17285307852, 0.17619845184, 0.10640007125],
      [0, 0.00052277184494, 0, 0.93082028037, 0.068656947789],
      [0, 0.026072680499, 0.72704727895, 0.21977482549, 0.027105215062],
      [0, 0.0056898302283, 0.18822325983, 0.15793578619, 0.64815112375],
      [0, 0.15796866784, 0.013615672568, 0.64909040483, 0.17932525476]
    ],
    [
      [0.13835579917, 0.0006803386362, 0.05643218148, 0.78371173698, 0.020819943735],
      [0, 0.38368730942, 0.20467641845, 0.32808258328, 0.08355368886],
      [0, 0, 0, 0.96380234315, 0.03619765685],
      [0, 0.023512065891, 0.642480839, 0.30701575314, 0.026991341969],
      [0, 0.0090978649763, 0.25875265366, 0.33849308789, 0.39365639347],
      [0, 0.097512447406, 0.010545608365, 0.80382858247, 0.088113361762]
    ],
    [
      [0.49999764794, 0.00026256564198, 0.038589179887, 0.4482928075, 0.01285779903],
      [0.0052254136811, 0.28571906115, 0.26261562246, 0.3582359465, 0.08820395621],
      [0.00098285996392, 0, 0, 0.96526926235, 0.033747877687],
      [0.026249843807, 0.010809093753, 0.66416545787, 0.2835632542, 0.015212350371],
      [0.03783532922, 0.001928582051, 0.29940806773, 0.33449809927, 0.32632992172],
      [0.046920288635, 0.069117799692, 0.013376955936, 0.78280438256, 0.087780573179]
    ],
    [
      [0.40331341891, 0.00070007780194, 0.060924581513, 0.52500531415, 0.010056607623],
      [0.0021678916714, 0.38421895907, 0.28171821498, 0.28560244322, 0.046292491057],
      [1.2346336719e-05, 0.001195189802, 0.0019106355439, 0.97537752439, 0.021504303927],
      [0.01239273144, 0.019861089472, 0.72962629382, 0.23316475713, 0.0049551281415],
      [0.028892417228, 0.0038881295233, 0.40816945615, 0.34029925578, 0.21875074133],
      [0.035127689008, 0.11714331377, 0.018064103424, 0.77129349711, 0.058371396686]
    ],
    [
      [0.2429827244, 0.00062266170834, 0.11779261152, 0.59804362969, 0.040558372683],
      [0, 0.29141333574, 0.36894241892, 0.20845609524, 0.13118815009],
      [0, 0.0044314705672, 0.0079848189696, 0.9153509077, 0.072232802761],
      [0, 0.018602719827, 0.84060949418, 0.12661240251, 0.014175383483],
      [0, 0.0071214862734, 0.3377703414, 0.15873020544, 0.49637796688],
      [0, 0.10404109417, 0.027769236741, 0.67556199142, 0.19262767767]
    ],
    [
      [0.35442858305, 0.00027188228712, 0.040806029361, 0.59029119841, 0.014202306899],
      [0.0029009336372, 0.26280264647, 0.2422781553, 0.40853056209, 0.083487702499],
      [0, 0, 0.0010391544896, 0.96988544759, 0.029075397915],
      [0.016159172886, 0.010279286771, 0.62997540416, 0.32999780223, 0.013588333953],
      [0.024725978365, 0.0019514542363, 0.27764628578, 0.38458412318, 0.31109215843],
      [0.028369034393, 0.057762991899, 0.011412121626, 0.82505640397, 0.077399448115]
    ],
    [
      [0.62824630377, 0.00047692439405, 0.021305296064, 0.34135426026, 0.0086172155085],
      [0.0063276881031, 0.42796502348, 0.17163024313, 0.32520682459, 0.068870220692],
      [0, 0, 6.7871512255e-05, 0.97030310305, 0.029629025441],
      [0.042308511134, 0.028298517768, 0.57315190795, 0.34138916466, 0.014851898482],
      [0.07449801049, 0.0041314339763, 0.23971964088, 0.37279338915, 0.30885752551],
      [0.078043001155, 0.10819500764, 0.0093592770811, 0.73285103073, 0.071551683397]
    ],
    [
      [0.41257893042, 0.00059113674536, 0.032355248296, 0.54621015817, 0.0082645263715],
      [0.0034112251186, 0.40285383027, 0.18235902762, 0.36354944898, 0.047826468014],
      [0.0010809630711, 0.0012567536788, 0.002404668624, 0.98036319339, 0.014894421235],
      [0.02225578221, 0.023970869955, 0.58134209202, 0.36500224051, 0.0074290153032],
      [0.037701359537, 0.00419178908, 0.2752760876, 0.45037087794, 0.23245988585],
      [0.036155638855, 0.099962634279, 0.0096628344012, 0.80536694049, 0.048851951979]
    ],
    [
      [0.64679118665, 0.00037849793912, 0.019211197481, 0.31527894129, 0.018340176637],
      [0.0071024514154, 0.2656069898, 0.18318350637, 0.35484205557, 0.18926499684],
      [0.0019793354882, 0.0027520736311, 0.0027818883679, 0.94191109339, 0.050575609128],
      [0.04455059673, 0.015855378388, 0.57023006122, 0.3465989449, 0.022765018762],
      [0.043758912526, 0.0016177216911, 0.15198429822, 0.24242496704, 0.56021410053],
      [0.06740274039, 0.055846209532, 0.0085775350112, 0.69642695856, 0.17174655651]
    ],
    [
      [0.41434642552, 0.00054865073783, 0.036225800246, 0.53868570069, 0.010193422807],
      [0.0033316356444, 0.38663275024, 0.20118130969, 0.3520853588, 0.056768945628],
      [0.00082257491912, 0.0010304016722, 0.0011137279961, 0.97620014105, 0.020833154361],
      [0.02066581642, 0.021820835651, 0.61077926648, 0.33672038725, 0.010013694203],
      [0.035029521357, 0.0037863929259, 0.28750885803, 0.41291897698, 0.26075625071],
      [0.036211112312, 0.098056786299, 0.010759652172, 0.79580758985, 0.05916485937]
    ],
    [
      [0.52871729545, 0.00055860598651, 0.036325212939, 0.4205512114, 0.01384767423],
      [0.0045780601019, 0.40430410629, 0.21570252347, 0.29322245002, 0.082192860122],
      [0.0013082335789, 0.00091494568561, 0.00029336614374, 0.96004533548, 0.037438119117],
      [0.028177972607, 0.022894074902, 0.65377572681, 0.27977186429, 0.015380361383],
      [0.043669806207, 0.0036811884961, 0.28487569387, 0.31760152959, 0.35017178184],
      [0.053601984199, 0.11226999196, 0.012553502791, 0.72767310814, 0.093901412913]
    ],
    [
      [0.49959742839, 0.00040200404521, 0.01740085856, 0.47311964142, 0.0094800675775],
      [0.0062111160042, 0.29113705973, 0.14429470915, 0.478637217, 0.079719898114],
      [0.0012070562692, 0.001303383183, 0.0053075840511, 0.9679242248, 0.024257751693],
      [0.039952611256, 0.017788253607, 0.45638792822, 0.46882669704, 0.017044509868],
      [0.054178919832, 0.0024656837592, 0.17102882112, 0.467714062, 0.30461251329],
      [0.051123953657, 0.0560735443, 0.0065769709688, 0.8232061103, 0.06301942077]
    ],
    [
      [0.49051676709, 0.00030270883044, 0.037034213185, 0.45921306647, 0.012933244433],
      [0.0046671584801, 0.31514612749, 0.24241085461, 0.35341547404, 0.084360385374],
      [0.0011946766807, 0, 0.00048839082589, 0.96581292327, 0.032504009223],
      [0.025688928596, 0.014890899334, 0.64772661885, 0.29747430458, 0.014219248647],
      [0.040706681299, 0.0024739700155, 0.28866838921, 0.34528366676, 0.32286729272],
      [0.049035949553, 0.077526335371, 0.012514019063, 0.775596995, 0.085326701014]
    ],
    [
      [0.49175786203, 0.0006112067738, 0.029489990352, 0.46230988749, 0.015831053358],
      [0.0042222086807, 0.41139854325, 0.1728508264, 0.31821127783, 0.093317143836],
      [0.0014880300855, 0.0013074403363, 0.00020827033879, 0.95875509895, 0.038241160293],
      [0.028990432397, 0.026088274978, 0.5865853018, 0.33974671246, 0.018589278362],
      [0.039491716413, 0.0036863316724, 0.22464504995, 0.33934033462, 0.39283656734],
      [0.046105366186, 0.10659850294, 0.0093877813095, 0.73818356436, 0.099724785203]
    ],
    [
      [0.36596993416, 0.00054396464542, 0.02492637006, 0.59899944971, 0.0095602814239],
      [0.0034240825179, 0.35115933797, 0.15383401135, 0.43250418, 0.059078388158],
      [0.0020323258738, 0.0031511174594, 0.0028163015085, 0.97377394914, 0.018226306023],
      [0.021415257749, 0.021975229567, 0.50292417, 0.44202639319, 0.011658949495],
      [0.031790844798, 0.0034463996078, 0.21118533494, 0.48983999686, 0.2637374238],
      [0.028978867616, 0.074846226714, 0.0070747134869, 0.8367439826, 0.05235620958]
    ],
    [
      [0.27569464734, 0.00043107849201, 0.039175990288, 0.67687865063, 0.0078196332519],
      [0.001358146677, 0.29443774751, 0.21538129358, 0.44350410441, 0.045318707821],
      [0, 0, 0.0048771433327, 0.98368896189, 0.011433894775],
      [0.0073458817862, 0.015382474478, 0.59320088141, 0.38044541626, 0.0036253460621],
      [0.021567487243, 0.0027097164417, 0.28730169394, 0.4886413415, 0.19977976088],
      [0.020425664368, 0.063950934904, 0.010611731548, 0.86398750679, 0.041024162386]
    ],
    [
      [0.45306090267, 0.00031618160254, 0.019972730667, 0.51639597667, 0.010254208385],
      [0.0050896653246, 0.2943735057, 0.15362121115, 0.46808299141, 0.078832626409],
      [0.0017424002748, 0.00084491800007, 0.0021521798813, 0.9714975292, 0.023762972646],
      [0.031933783378, 0.016989045202, 0.47814743871, 0.45764569952, 0.015284033189],
      [0.044410307112, 0.0024508457371, 0.18490747101, 0.46309047657, 0.30514089956],
      [0.042584504876, 0.058324050883, 0.0065237530937, 0.82838541537, 0.064182275773]
    ],
    [
      [0.48436286367, 0.00016341592433, 0.014978718007, 0.48807479139, 0.012420211013],
      [0.0057890940681, 0.22783596732, 0.13601176897, 0.51806904694, 0.1122941227],
      [0.00065292627506, 0, 0, 0.96814828873, 0.031198784994],
      [0.051503673182, 0, 0.4235490379, 0.50354854024, 0.021398748682],
      [0.04391308963, 0.001493518602, 0.13976353977, 0.43880949645, 0.37602035554],
      [0.044435225029, 0.039738145953, 0.005029898054, 0.82830196868, 0.082494762285]
    ],
    [
      [0.66161907838, 0, 0.017785949693, 0.32059497192, 0],
      [0.027882241502, 0, 0.32628539625, 0.64583236224, 0],
      [0, 0, 0, 1, 0],
      [0.01363918618, 0, 0.61372117867, 0.37263963515, 0],
      [0.10039066077, 0, 0.32365809288, 0.57595124635, 0],
      [0.030388718027, 0.0069942556512, 0.0083918299183, 0.94189555705, 0.012329639351]
    ],
    [
      [0.45161046501, 0.0011430760656, 0.054630172584, 0.47663491279, 0.015981373552],
      [0.0017164460351, 0.67766549526, 0.13886335713, 0.14101575072, 0.040738950851],
      [4.1109407964e-05, 0, 0.0033499421286, 0.95843049282, 0.038178455647],
      [0.017193563768, 0.040044056932, 0.70436535529, 0.22238804209, 0.016008981923],
      [0.028575865709, 0.0084657568554, 0.34273442797, 0.28863543779, 0.33158851168],
      [0.030655930566, 0.29732406774, 0.013895026588, 0.58177147868, 0.076353496422]
    ],
    [
      [0.64505231148, 0.0004412032565, 0.035871036307, 0.30574861534, 0.012886833612],
      [0.0043878135505, 0.57855199199, 0.1767401254, 0.17656890142, 0.06375116764],
      [0.00051130931856, 0, 0.0051949183164, 0.94642570755, 0.04786806481],
      [0.03569568352, 0.033247970119, 0.69904489069, 0.21500790315, 0.017003552519],
      [0.054502881092, 0.0057317915207, 0.31186958527, 0.25750538346, 0.37039035866],
      [0.068330811578, 0.21150991921, 0.014472263154, 0.60616472578, 0.09952228028]
    ],
    [
      [0.3182891972, 0.00017955685252, 0.031518098382, 0.63398474669, 0.016028400883],
      [0.0031170925472, 0.21801508155, 0.20178020418, 0.47286198918, 0.10422563255],
      [0.00079500327171, 0, 0.0031941028073, 0.96572539679, 0.030285497128],
      [0.017768980753, 0.0080859021221, 0.55806990169, 0.39489636809, 0.021178847339],
      [0.020658903227, 0.001249488993, 0.20887658768, 0.40311711382, 0.36609790627],
      [0.022600197881, 0.041658366326, 0.0084945332354, 0.84356135967, 0.083685542889]
    ],
    [
      [0.46325067027, 0.00064878463285, 0.07325122833, 0.43873655223, 0.024112764539],
      [0.0035215120781, 0.30441054541, 0.34366210216, 0.23699408538, 0.11141175497],
      [0.0020654790579, 0.0037871998932, 0.0041658883865, 0.93298446865, 0.056996964013],
      [0.013905063332, 0.015361360007, 0.79067518698, 0.16804246954, 0.012015920142],
      [0.021853939342, 0.0027639461491, 0.36570996292, 0.20853651902, 0.40113563257],
      [0.038424860059, 0.097127372965, 0.02340287207, 0.69057670244, 0.15046819246]
    ],
    [
      [0.45839547348, 0.00097487044889, 0.060849273986, 0.46059280046, 0.019187581622],
      [0.0027125854447, 0.45811543901, 0.24588161112, 0.21581621121, 0.077474153213],
      [0.0014697657327, 0.0020008871804, 0.0032890543765, 0.94587374807, 0.047366544644],
      [0.015994494272, 0.025228929025, 0.74431431469, 0.19907771523, 0.015384546783],
      [0.02642378182, 0.0045170591288, 0.35139382057, 0.25389754368, 0.3637677948],
      [0.037422749616, 0.15417096825, 0.018047438324, 0.67966964153, 0.11068920228]
    ],
    [
      [0.47725569009, 0.00043825516717, 0.048166891228, 0.46102968879, 0.013109474724],
      [0.0040083957776, 0.33538461388, 0.27568913854, 0.31004051923, 0.074877332574],
      [0.0011643135464, 0.00050055772265, 0.00059124650059, 0.96495093592, 0.032792946314],
      [0.02087636374, 0.015617651702, 0.70272398652, 0.24815150742, 0.012630490609],
      [0.035992339401, 0.0028291998062, 0.34386732692, 0.31720814576, 0.30010298811],
      [0.046204029808, 0.09225772586, 0.015899651994, 0.761163303, 0.084475289334]
    ],
    [
      [0.50813022903, 0.00060457088354, 0.05885604431, 0.41957570311, 0.012833452671],
      [0.0038840511312, 0.37264702032, 0.30335471092, 0.25393839385, 0.066175823772],
      [0.0012315592147, 0.0012046103422, 0.0032571491387, 0.95924876672, 0.035057914583],
      [0.019872816415, 0.018360475847, 0.7584240167, 0.19236519029, 0.010977500746],
      [0.03729895729, 0.003504383311, 0.40160244141, 0.27679579427, 0.28079842372],
      [0.052056516638, 0.11911989645, 0.020572956119, 0.72197991345, 0.086270717341]
    ],
    [
      [0.61354826986, 4.5519324738e-05, 0.019525865426, 0.36186524963, 0.0050150957586],
      [0.0069851979092, 0.26378183731, 0.21041892048, 0.46376457314, 0.055049471159],
      [0, 0, 0.0039876203827, 0.9804304201, 0.015581959517],
      [0.043804072988, 0.01006109743, 0.55466618113, 0.38363783628, 0.0078308121675],
      [0.081084231075, 0.0018711025026, 0.24760143714, 0.45561817047, 0.21382505881],
      [0.077859948319, 0.051937549656, 0.0095659442337, 0.81590752793, 0.044729029866]
    ],
    [
      [0, 0.0017619355877, 0.044455287637, 0.9261966472, 0.027586129578],
      [0, 0.62890232536, 0.10268052749, 0.20188770359, 0.066529443561],
      [0, 0, 0, 0.95348909975, 0.046510900247],
      [0, 0.045104049824, 0.5726668304, 0.35592676063, 0.026302359154],
      [0, 0.0067425819344, 0.21271331102, 0.3378859918, 0.44265811524],
      [0, 0.23086673399, 0.017157138036, 0.65359969057, 0.098376437406]
    ],
    [
      [0.38533611667, 0.00039279313811, 0.029694971212, 0.57299711007, 0.011579008918],
      [0.0035602653895, 0.31321511872, 0.18613418784, 0.4242173408, 0.072873087254],
      [0.0010660463876, 0.00063274822966, 0.0038457769406, 0.97076072516, 0.023694703278],
      [0.021773003379, 0.017399893942, 0.5548108817, 0.39228365974, 0.013732561236],
      [0.03245772418, 0.0026956926724, 0.23331910123, 0.43729791072, 0.2942295712],
      [0.032826464281, 0.068259727375, 0.0087816780926, 0.82492750027, 0.065204629981]
    ],
    [
      [0.47350631807, 0.00034269996698, 0.036180276788, 0.47837900631, 0.011591698866],
      [0.0044977007345, 0.32808790424, 0.23192151525, 0.36121206125, 0.074280818527],
      [0.0010486064256, 6.8486665681e-05, 0.00085673298882, 0.97003090578, 0.027995268144],
      [0.025054919783, 0.015944354511, 0.63463291055, 0.31148707555, 0.01288073961],
      [0.040705043581, 0.0027526940533, 0.28946332363, 0.37008706352, 0.29699187522],
      [0.046420851961, 0.080688280673, 0.011962599952, 0.78643286494, 0.074495402479]
    ],
    [
      [0.48245027059, 0.0004222832557, 0.04517083618, 0.45873855458, 0.013218055391],
      [0.0041322216126, 0.34105189194, 0.26302122569, 0.31487614282, 0.076918517939],
      [0.00095261947218, 0.00027561292137, 0.00097096790778, 0.96478274413, 0.033018055566],
      [0.022144453665, 0.016332343157, 0.68865363237, 0.26034349983, 0.012526070971],
      [0.038042274169, 0.0028850458975, 0.32879557355, 0.32295431726, 0.30732278912],
      [0.047963147187, 0.093135495254, 0.014991125868, 0.75843476955, 0.085475462141]
    ],
    [
      [0.51566205748, 0.0005913122431, 0.04342293623, 0.42576092258, 0.014562771468],
      [0.0041883287289, 0.4054452886, 0.23721818844, 0.27355686027, 0.079591333962],
      [0.001384890124, 0.0010475460752, 0.0012124033556, 0.95771152887, 0.038643631577],
      [0.024468865877, 0.022067443269, 0.68922832717, 0.25020225715, 0.014033106538],
      [0.040076311931, 0.0037389231677, 0.31606864339, 0.29937735015, 0.34073877136],
      [0.051523739727, 0.11991014347, 0.014701224082, 0.71761634673, 0.096248545989]
    ],
    [
      [0.55537009501, 0.00056802789623, 0.032173500306, 0.39700215419, 0.014886222593],
      [0.0037812081226, 0.55228956954, 0.15189703974, 0.22178759324, 0.070244589359],
      [0, 0, 9.1127433453e-05, 0.95780243484, 0.04210643773],
      [0.033210504918, 0.033918038181, 0.62603378829, 0.28938464755, 0.017453021056],
      [0.047762138635, 0.0057952235447, 0.25674373116, 0.30746195341, 0.38223695325],
      [0.054557946505, 0.18493382286, 0.010803291545, 0.6536215826, 0.096083356488]
    ],
    [
      [0.44382635931, 0.00062982546832, 0.041340016151, 0.50191508251, 0.012288716558],
      [0.0032644347173, 0.44526122201, 0.20226391992, 0.28891564253, 0.060294780821],
      [0.00094443088843, 0.00032145120545, 0.00048404990791, 0.96990898744, 0.02834108056],
      [0.020663664166, 0.02553123644, 0.64923427166, 0.29215687904, 0.012413948689],
      [0.034761815832, 0.0045793129176, 0.30731289551, 0.35977723468, 0.29356874106],
      [0.038740034396, 0.12968117756, 0.012318966335, 0.74769713193, 0.071562689774]
    ]
  ],
  "expected_outcome": [
    [
      [0, 0.39333492749, 8.3670362171, 0.91329798815, 0, 0.45933091364, 5.6438359905, 0.99978255119, 2.0449180124, 0.4670253637, 28.7407022032, 23.2386345925, 11.6410094644, 25.1753791554, 1.4968905168, 38.9963577297, 1.6108590924, 1.8885759, 2.4001795572, 0, 0, 0, 1.4999929438, 12.0994025673, 0, 5.3164287457, 23.2451132397, 18.9786307993, 2.5871647466, 12.0160463401, 14.8040842725, 18.9847022789, 20.1111874505, 14.2609779988, 2.9277594733, 5.7895875941, 11.7795834694, 2.4218143183, 0.66161907838, 2.258052325, 4.5153661804, 0.63657839439, 1.3897520108, 4.1255592613, 9.5451138018, 19.3089487031, 6.7490309685, 0, 8.4773945666, 23.6753159033, 123.0248190013, 21.6578064141, 36.6544262707, 9.3203535455],
      [0.19786112853, 0.0013995105409, 0.0095805586677, 0, 0, 0.00050620584019, 0.0090613942584, 0.0069986083099, 0.00039774432657, 0.00014046276971, 0.016391568302, 0.019342449531, 0.021329674877, 0.019337210491, 0.0019745039083, 0.037493707776, 0, 0.0011905375074, 0.0062730633244, 0, 0.14394938144, 0, 0.00078769692594, 0.021002334058, 0, 0.0040782343068, 0.01764620258, 0.027192290287, 0.0015139917565, 0.015910871397, 0.015640967622, 0.015276153718, 0.012411062048, 0.01772499644, 0.0043517171634, 0.0090526483323, 0.0082207216661, 0.00081707962167, 0, 0.005715380328, 0.0030884227955, 0.00035911370505, 0.0019463538985, 0.00877383404, 0.0087651033434, 0.022973693575, 0.00050071257211, 0.0017619355877, 0.0086414490384, 0.017134998349, 0.1076822302, 0.02483511421, 0.037489841151, 0.013226334835],
      [0.075677807076, 0.053323696869, 0.63419482061, 0.0083894580151, 0.069110707951, 0.017618271789, 0.78822200539, 0.35649722582, 0.09409876328, 0.053603863029, 1.1244130829, 1.7133627394, 1.3138018833, 2.1688665381, 0.099315707685, 2.3329803841, 0.042112625418, 0.16594514834, 0.44497067882, 0, 0.07903549583, 0, 0.11576753966, 1.8277374454, 0, 0.61209044041, 0.78829595436, 1.4883414216, 0.076844789924, 1.0505482071, 1.0171059623, 0.6612326253, 1.5184027406, 0.8552097202, 0.19941096048, 0.82269579606, 0.51929099734, 0.074893590037, 0.017785949693, 0.27315086292, 0.25109725415, 0.063036196765, 0.21975368499, 0.54764346588, 0.96333782455, 2.2365296838, 0.21478451969, 0.044455287637, 0.65328936665, 1.8090138394, 11.5185632258, 1.8237633217, 2.1234510202, 0.86814033917],
      [1.6731012827, 0.53087278808, 7.7722154956, 0.073147821454, 0.45520154574, 0.48316674788, 6.3978766053, 1.6022086098, 0.86058548, 0.47030639901, 12.8600163334, 20.4812867083, 15.5217964152, 27.0730470725, 1.355011491, 29.8923489736, 0.33142088711, 2.8832317935, 6.0566735662, 0, 0.73203334573, 0, 1.3448784225, 15.7501594245, 0, 8.8543679761, 12.6301076296, 25.1256672757, 1.2611157652, 15.6218853199, 11.7754339191, 17.9785463741, 18.8277357251, 13.4069867372, 4.7919955977, 14.2144516633, 13.4262953935, 2.4403739569, 0.32059497192, 2.383174564, 2.1402403074, 1.2679694934, 1.3162096567, 4.1453352042, 9.2205937758, 15.943876718, 3.9805177459, 0.9261966472, 12.6059364215, 23.9189503157, 116.9783314181, 17.8819587484, 26.2021421768, 10.5402167328],
      [0.053359781665, 0.021069077027, 0.21697290799, 0.0051647323781, 0.47568774631, 0.039377860849, 0.1610040046, 0.034513004896, 0, 0.0089239114917, 0.25847681221, 0.54737351034, 0.50206256223, 0.5633700236, 0.046807780586, 0.74081920473, 0.015607395121, 0.061056620598, 0.091903134379, 0, 0.044981776999, 0, 0.03857339709, 0.3016982287, 0, 0.21303460349, 0.31883697381, 0.38016821309, 0.073360706547, 0.2956092614, 0.38773487843, 0.36024256795, 0.53026302176, 0.45910054738, 0.076482251391, 0.16421229829, 0.26660941801, 0.062101055064, 0, 0.079906867761, 0.090207835285, 0.032056801766, 0.072338293618, 0.1726882346, 0.26218949448, 0.48767120148, 0.055166053345, 0.027586129578, 0.25473819621, 0.57958494329, 3.3706041246, 0.61163640165, 0.98249069112, 0.25806304772]
    ],
    [
      [0, 0.038034132662, 0.35354031397, 0, 0, 0.26857640545, 0.11954291372, 0, 0.28464403707, 0.017526031679, 0.56107847046, 0.30511551398, 0.1109588717, 0.27535069474, 0.022640747813, 0.18453811651, 0.05382837206, 0.032473780631, 0.017788244105, 0.03617401347, 0, 0, 0.17766406516, 0.40539574255, 0, 0.040613070921, 0.39864435049, 0.16373880569, 0.07812696557, 0.20322977431, 0.29299584652, 0.2981335682, 0.20535497313, 0.19844380799, 0.1335392182, 0.059758453789, 0.30537991948, 0.10420369323, 0.055764483004, 0.030896028633, 0.087756271011, 0.034288018019, 0.12677443481, 0.054251708895, 0.24050374665, 0.52434690271, 0.53786023901, 0, 0.17445300409, 0.82757693515, 2.4462751946, 0.73295752756, 1.2667047211, 0.44722755627],
      [2.1754026558, 15.1764534891, 35.0651476378, 0, 0, 0.85226550166, 16.3348823432, 3.1949748365, 2.2803274387, 0.91646232323, 28.0290547338, 22.671021138, 19.5619627258, 21.4501627275, 3.9264986323, 14.1161395971, 3.5865787414, 2.3029889123, 10.397859963, 1.0738178781, 1.0890967968, 2.3021238565, 9.7144480792, 71.8489453461, 1.165653343, 3.6792370506, 26.9617964795, 19.3369838528, 2.9216768878, 23.5845977649, 25.8754628023, 13.9745788672, 13.8664296098, 19.3357315329, 13.6952141809, 12.9552608906, 17.6624103422, 4.1010474118, 0, 12.1979789147, 11.5710398397, 2.398165897, 10.9587796347, 9.1623087802, 20.1230768329, 50.3073477435, 20.311201473, 20.1248744116, 15.3475408173, 60.3681743796, 201.9027200267, 70.9529255046, 185.0170057956, 61.0007874154],
      [0.67375204382, 3.8269381398, 17.8145048836, 0, 0, 0.85299170984, 12.3159155587, 0.50422356255, 3.100275963, 1.8745150976, 17.4723083619, 15.4367223165, 9.14053526, 16.2179589411, 1.0015054309, 7.6931151717, 1.6577853576, 1.9825713063, 6.6388000724, 0.71192210873, 0.34570615703, 1.2280585107, 8.9289311636, 52.6813062008, 1.4757696757, 3.3918941742, 10.812705317, 8.7532333258, 2.0150185701, 12.2720598908, 13.8049615023, 6.9261460392, 10.6660776028, 8.1239888407, 5.9995264428, 9.4767769176, 9.217272669, 2.4482118415, 0.65257079251, 2.4995404283, 3.534802508, 2.219582246, 12.3718356776, 4.9176322224, 16.5413483124, 40.9528859745, 16.202256877, 3.2857768795, 9.120575204, 42.6735588068, 155.7085656113, 41.5131829766, 50.8855083139, 27.7101570294],
      [1.6616261019, 4.4273872548, 25.6664474331, 0, 0, 2.9643077316, 11.7130417822, 0.25265588956, 3.3347525613, 1.8823426259, 23.83377957, 21.6792352039, 12.692705427, 23.8355647055, 1.5782411181, 11.5813616588, 1.3477218326, 3.97105196, 10.5693594678, 1.0552991216, 0.35239690368, 1.9684954997, 12.180022181, 53.4076568829, 0.83382438098, 5.7194278693, 20.4880299494, 17.450373551, 3.9032626113, 21.4772068866, 18.7662368011, 22.974586416, 15.5502808579, 14.9559300581, 16.86766302, 19.514180594, 28.0849794847, 9.3252428449, 1.2916647245, 2.538283513, 3.5313780284, 5.2014818809, 8.5317870737, 4.3163242242, 18.6024311536, 34.28168317, 35.7098721318, 6.460406515, 20.7866496991, 66.4630192694, 186.4066765477, 47.8724505479, 74.2988437341, 39.5814430265],
      [0.48921919851, 1.5311869837, 6.1003597316, 0, 0, 2.0618586514, 2.5166174021, 0.048145711413, 0, 0.30915392166, 4.1037788638, 4.9079058277, 3.4938377155, 4.2209629311, 0.47111407089, 2.4248454559, 0.35408569637, 0.71091404078, 1.3761922526, 2.122786878, 0.21280014251, 0.50132213316, 2.9989345111, 8.6566958277, 0.52475260035, 1.168827835, 4.3388239036, 2.2956704647, 2.0819149652, 3.4629056833, 5.2603430478, 3.8265551095, 3.7118569564, 4.3859057603, 2.3040571382, 1.9940231441, 4.7299575846, 2.0212942086, 0, 0.73330111532, 1.2750233528, 1.146481958, 4.0108231791, 1.5494830643, 4.4926399544, 8.9337362092, 4.2388092793, 2.1289421939, 3.5707812755, 13.667670609, 45.5357626197, 13.9284834433, 23.5319374353, 8.2603849724]
    ],
    [
      [0, 0, 0.15127003952, 0, 0, 0.040836704082, 0.03591753242, 0, 0.13927061524, 0, 0, 0.22908183835, 0.033530081733, 0.25426027107, 0.010697334568, 0.22493340544, 0, 0.16327212259, 0, 0.71996030562, 0, 0, 0.06781733751, 0.0028396574455, 0, 0, 0, 0.65506362107, 0.10688411636, 0.54536717138, 0.18707740178, 0.31262757372, 0.42172086829, 0.34968707009, 0.37598028666, 0, 0.89733614153, 0.19718373507, 0, 0.00086329756725, 0.031189868432, 0.019875081793, 0.12186326442, 0.085246412497, 0.17581134551, 0.40271986322, 0, 0, 0.39656925617, 0.42783142166, 2.5120575481, 0.69936951263, 0, 0.14638678771],
      [0, 0, 0.090304034963, 0, 0, 0.010165786351, 0.069388634041, 0, 0.0023317940739, 0, 0, 0.11081918256, 0.1345489116, 0.065274558423, 0, 0.223836219, 0, 0, 0, 0.060178176894, 0.0020910873797, 0, 0, 0.27489365445, 0.057609117373, 0, 0, 0.76159272935, 0.14861197608, 0.68315630869, 0.13083723304, 0.33757624439, 0, 0.30724847903, 0.58295672999, 0, 0.43513277003, 0, 0, 0, 0, 0, 0.2234447937, 0.11605145646, 0.07558421612, 0.39390758191, 0, 0, 0.23538234143, 0.027942559598, 0.72679127365, 0.529010768, 0, 0.049824936845],
      [0, 0, 0.019725653231, 0.009176462018, 0.95844699662, 0.045280508912, 0.086829028698, 0.097890594544, 0.026678572037, 0, 0.41518449225, 0.068226428262, 0.11005756754, 0.18678481117, 0, 0.11023696697, 0, 0.055741512139, 0.1138537866, 0.056729317198, 0, 0, 0, 0.4394461751, 0.1038026466, 0.22030075179, 0.020225710652, 1.4572291861, 0.15022197187, 0.7384016614, 0.041951358555, 1.3746642692, 0.17240196154, 0.048943529616, 0.52101577907, 0.61452005992, 1.1083726389, 0, 0, 0.0703487847, 0.3168900173, 0.079852570183, 0.2457874148, 0.19076515383, 0.089278221589, 1.0650877684, 0.42268776057, 0, 1.4306290219, 0.34954705944, 2.5604423728, 0.61226369459, 0.08866699275, 0.075027735726],
