{
  "X": [
    [12, 10, 45, 33],
    [7, 15, 46, 32],
    [11, 11, 50, 28],
    [12, 16, 48, 24],
    [10, 12, 50, 28],
    [15, 10, 48, 27],
    [9, 14, 46, 31],
    [9, 17, 44, 30],
    [8, 11, 55, 26],
    [11, 16, 52, 21],
    [10, 15, 42, 33],
    [16, 11, 49, 24],
    [23, 17, 35, 25],
    [22, 29, 15, 34],
    [28, 25, 18, 29],
    [15, 24, 21, 40],
    [23, 31, 20, 26],
    [21, 39, 20, 20],
    [32, 25, 13, 30],
    [29, 23, 20, 28],
    [30, 21, 20, 29],
    [21, 24, 17, 38],
    [21, 26, 26, 27],
    [26, 27, 23, 24],
    [24, 31, 15, 30],
    [12, 36, 38, 14],
    [16, 33, 46, 5],
    [16, 32, 43, 9],
    [11, 32, 38, 19],
    [13, 24, 45, 18],
    [14, 31, 49, 6],
    [10, 38, 44, 8],
    [14, 35, 41, 10],
    [11, 31, 45, 13],
    [13, 32, 39, 16],
    [13, 36, 38, 13],
    [17, 39, 31, 13],
    [19, 28, 32, 21],
    [10, 33, 23, 34],
    [19, 32, 21, 28],
    [12, 26, 25, 37],
    [11, 37, 21, 31],
    [15, 30, 20, 35],
    [9, 34, 24, 33],
    [12, 28, 24, 36],
    [13, 29, 27, 31],
    [14, 33, 14, 39],
    [15, 29, 23, 33],
    [18, 22, 18, 42],
    [16, 32, 20, 32]
  ],
  "W": [
    [63, 12, 13, 12],
    [63, 9, 15, 13],
    [63, 13, 10, 14],
    [60, 10, 17, 13],
    [60, 10, 12, 18],
    [71, 15, 7, 7],
    [68, 18, 8, 6],
    [62, 16, 12, 10],
    [66, 12, 13, 9],
    [67, 12, 13, 8],
    [58, 16, 9, 17],
    [63, 17, 9, 11],
    [31, 49, 10, 10],
    [10, 71, 11, 8],
    [7, 60, 17, 16],
    [18, 52, 11, 19],
    [19, 63, 9, 9],
    [14, 51, 14, 21],
    [8, 67, 12, 13],
    [14, 63, 13, 10],
    [15, 60, 11, 14],
    [8, 68, 11, 13],
    [15, 57, 12, 16],
    [15, 57, 14, 14],
    [13, 68, 7, 12],
    [10, 14, 62, 14],
    [10, 13, 65, 12],
    [4, 13, 72, 11],
    [9, 10, 61, 20],
    [12, 14, 60, 14],
    [13, 11, 70, 6],
    [10, 9, 66, 15],
    [15, 9, 61, 15],
    [17, 12, 61, 10],
    [15, 10, 60, 15],
    [8, 12, 68, 12],
    [10, 13, 63, 14],
    [17, 18, 35, 30],
    [13, 11, 9, 67],
    [13, 11, 18, 58],
    [13, 7, 17, 63],
    [18, 9, 10, 63],
    [9, 15, 14, 62],
    [14, 13, 11, 62],
    [8, 18, 14, 60],
    [12, 10, 17, 61],
    [7, 12, 14, 67],
    [20, 9, 7, 64],
    [10, 14, 12, 64],
    [12, 17, 13, 58]
  ],
  "method": "exact",
  "cond_prob": [
    [
      [0.060952419934, 0.017644376203, 0.57646689895, 0.34493630491],
      [0.38682078704, 0.17571748495, 0.051310789665, 0.38615093835],
      [0.14565834678, 0.30399643705, 0.53505033524, 0.015294880933],
      [0.13538246596, 0.23565339985, 0.092600127666, 0.53636400652]
    ],
    [
      [0.038607539916, 0.027438387529, 0.58892000864, 0.34503406392],
      [0.25653111139, 0.28576323314, 0.054696214076, 0.40300944139],
      [0.081957055716, 0.4197818694, 0.48467833305, 0.013582741827],
      [0.079199165157, 0.33867572664, 0.087353733334, 0.49477137487]
    ],
    [
      [0.051129420973, 0.018863909656, 0.66234693179, 0.26765973758],
      [0.37299177921, 0.21598322267, 0.06731511472, 0.3437098834],
      [0.11391692419, 0.30226342558, 0.57272461947, 0.011095030757],
      [0.1279131505, 0.28436839579, 0.11927147225, 0.46844698146]
    ],
    [
      [0.06707836783, 0.029128475309, 0.63768611115, 0.26610704571],
      [0.39792986266, 0.27122181183, 0.052948618819, 0.27789970669],
      [0.12692683222, 0.3961800868, 0.46754519805, 0.0093478829199],
      [0.14140331968, 0.36961629903, 0.097006059674, 0.39197432161]
    ],
    [
      [0.048124431828, 0.018588934771, 0.66853742858, 0.26474920482],
      [0.36157540895, 0.21848651515, 0.069922776544, 0.35001529935],
      [0.10789757321, 0.2989075217, 0.58214676321, 0.011048141872],
      [0.12233384013, 0.28405047232, 0.12237585341, 0.47123983415]
    ],
    [
      [0.082231092971, 0.025555739573, 0.61121932452, 0.28099384294],
      [0.4551029736, 0.22382523933, 0.047370832303, 0.27370095477],
      [0.16138421811, 0.36450630438, 0.4638783528, 0.010231124717],
      [0.17219403834, 0.32523139567, 0.092245286473, 0.41032927952]
    ],
    [
      [0.043327940318, 0.032608346562, 0.60220402275, 0.32185969037],
      [0.27074691974, 0.32251942557, 0.052611535482, 0.3541221192],
      [0.083615494332, 0.45595622176, 0.44890826279, 0.011520021113],
      [0.085221924725, 0.38827216656, 0.085308785287, 0.44119712343]
    ],
    [
      [0.044680476467, 0.034332548511, 0.59853175563, 0.32245521939],
      [0.27238410001, 0.33004623913, 0.051073741877, 0.34649591899],
      [0.084342244565, 0.46739129983, 0.43697065127, 0.011295804338],
      [0.085955792417, 0.39819465683, 0.08302034655, 0.43282920421]
    ],
    [
      [0.036892099219, 0.019258541125, 0.68434287819, 0.25950648147],
      [0.30206988837, 0.24710259065, 0.077864898945, 0.37296262204],
      [0.082708883453, 0.31084565043, 0.59563190223, 0.010813563885],
      [0.09611858958, 0.30252352693, 0.12841961371, 0.47293826978]
    ],
    [
      [0.062680719262, 0.036806808014, 0.66978820636, 0.23072426636],
      [0.36743652376, 0.34040031538, 0.054801865082, 0.23736129578],
      [0.10594429675, 0.44938588512, 0.43743605075, 0.0072337673829],
      [0.12673470833, 0.45089044649, 0.097487391632, 0.32488745355]
    ],
    [
      [0.045852056444, 0.026008593839, 0.6049106103, 0.32322873942],
      [0.30104782144, 0.26867194393, 0.055511456766, 0.37476877787],
      [0.096876236867, 0.39512819648, 0.49529182298, 0.012703743679],
      [0.097172320673, 0.33156451095, 0.092316169871, 0.4789469985]
    ],
    [
      [0.074428223972, 0.020976010957, 0.66629091656, 0.23830484852],
      [0.46871675187, 0.2081467215, 0.058584552147, 0.26455197448],
      [0.15250009946, 0.30953794115, 0.52888155657, 0.009080402822],
      [0.17912147389, 0.30492505216, 0.11525462377, 0.40069885018]
    ],
    [
      [0.046387440517, 0.016731439958, 0.73886082002, 0.1980202995],
      [0.39132670698, 0.2227700994, 0.086659596738, 0.29924359688],
      [0.10156306697, 0.26084114929, 0.62947272205, 0.008123061693],
      [0.13713500323, 0.29571789976, 0.15542671187, 0.41172038515]
    ],
    [
      [0.045556763944, 0.030552173344, 0.58332604248, 0.34056502023],
      [0.27910093977, 0.29578480584, 0.049327000832, 0.37578725355],
      [0.09191069087, 0.43897972782, 0.4562497165, 0.012859864808],
      [0.089656004677, 0.35812250569, 0.080721954333, 0.4714995353]
    ],
    [
      [0.061250431725, 0.023375524285, 0.62871959193, 0.28665445206],
      [0.38662515555, 0.23235592268, 0.05496854724, 0.32605037453],
      [0.12826746938, 0.34811847167, 0.5123771201, 0.011236938852],
      [0.13707441658, 0.31106262193, 0.099402436271, 0.45246052522]
    ],
    [
      [0.033511319312, 0.023680568833, 0.58718502581, 0.35562308604],
      [0.23442275073, 0.26132412312, 0.057242877303, 0.44701024885],
      [0.076517215311, 0.3852836196, 0.52299865058, 0.015200514508],
      [0.071848623487, 0.30246187069, 0.089529197856, 0.53616030797]
    ],
    [
      [0.054995869225, 0.038099552367, 0.63934796384, 0.26755661457],
      [0.31963172707, 0.35031910029, 0.05130667506, 0.27874249757],
      [0.095274194524, 0.47011550713, 0.4259484939, 0.0086618044509],
      [0.10675688093, 0.44166284694, 0.087392412582, 0.36418785955]
    ],
    [
      [0.057387189232, 0.045070626247, 0.68606735993, 0.21147482459],
      [0.32637886877, 0.40433640895, 0.053769788846, 0.21551493344],
      [0.089009027263, 0.49672827403, 0.40813046522, 0.0061322334914],
      [0.10976812676, 0.51398373999, 0.092331962706, 0.28391617054]
    ],
    [
      [0.079822514415, 0.028825104551, 0.54909222857, 0.34226015246],
      [0.41055178232, 0.23397481842, 0.038869970804, 0.31660342846],
      [0.15830011643, 0.40738473405, 0.42163310325, 0.012682046264],
      [0.15037300553, 0.32342073238, 0.07256745296, 0.45363880913]
    ],
    [
      [0.06335344284, 0.023938567094, 0.63614937417, 0.2765586159],
      [0.39677309078, 0.23657190172, 0.055202457592, 0.31145254991],
      [0.13036425954, 0.3507452458, 0.50824227285, 0.010648221812],
      [0.14216117069, 0.32011420572, 0.10090043863, 0.43682418496]
    ],
    [
      [0.067375431191, 0.02180354855, 0.63569976234, 0.27512125792],
      [0.42106865552, 0.2149972315, 0.055004646923, 0.30892946605],
      [0.14193444388, 0.32708768412, 0.52013142445, 0.010846447544],
      [0.15456930843, 0.29822488261, 0.10305564861, 0.44415016035]
    ],
    [
      [0.036905343629, 0.020557456799, 0.62903292242, 0.31350427715],
      [0.27413059376, 0.24101761391, 0.064613160574, 0.42023863176],
      [0.084899397151, 0.33644800248, 0.56512721772, 0.013525382646],
      [0.086921808224, 0.28810881325, 0.10443402359, 0.52053535494]
    ],
    [
      [0.036104103775, 0.020858224568, 0.74567640391, 0.19736126775],
      [0.31425083626, 0.28638745281, 0.090063371905, 0.30929833902],
      [0.075557688596, 0.30993278562, 0.60675660778, 0.0077529180016],
      [0.10246553208, 0.35274052461, 0.15001015309, 0.39478379022]
    ],
    [
      [0.056545914991, 0.026700610876, 0.69455923628, 0.22219423785],
      [0.38155166797, 0.28412007669, 0.064914544541, 0.2694137108],
      [0.10884593361, 0.36537702838, 0.51776833356, 0.0080087044555],
      [0.13425165218, 0.37781200486, 0.11662326766, 0.3713130753]
    ],
    [
      [0.055019657098, 0.0363623277, 0.60516751113, 0.30345050408],
      [0.31375751618, 0.32806301334, 0.047359603377, 0.3108198671],
      [0.099612026347, 0.46882235971, 0.42128931336, 0.010276300583],
      [0.10432909776, 0.41143735956, 0.080278677688, 0.403954865]
    ],
    [
      [0.04848419558, 0.03082506597, 0.63411190792, 0.28657883053],
      [0.30911773057, 0.30656415419, 0.057032732238, 0.327285383],
      [0.093139086174, 0.42052126401, 0.47618969796, 0.010149951855],
      [0.10092046239, 0.38053805807, 0.095475813987, 0.42306566555]
    ],
    [
      [0.064604330752, 0.029060982643, 0.81095682209, 0.095377864514],
      [0.46751469368, 0.32684624925, 0.082130526709, 0.12350853036],
      [0.10989835792, 0.35024291958, 0.53685001365, 0.0030087088418],
      [0.17773936747, 0.47454993005, 0.16062367036, 0.18708703212]
    ],
    [
      [0.062210796364, 0.02482041933, 0.6940948636, 0.2188739207],
      [0.41456039558, 0.2575875898, 0.065223950608, 0.26262806401],
      [0.12108136203, 0.3426081244, 0.52847984459, 0.0078306689721],
      [0.14945578233, 0.35311769985, 0.12046912517, 0.37695739265]
    ],
    [
      [0.043616869017, 0.024094455966, 0.56994897982, 0.36233969519],
      [0.28269836104, 0.24360593653, 0.052277600138, 0.42141810229],
      [0.098068857045, 0.38458822467, 0.5023589619, 0.014983956384],
      [0.089913214435, 0.29436044129, 0.085189325224, 0.53053701905]
    ],
    [
      [0.044589267709, 0.017242057534, 0.62212412312, 0.31604455164],
      [0.32515474034, 0.19596659919, 0.064143054363, 0.41473560611],
      [0.10692446514, 0.29369656724, 0.58539364921, 0.013985318419],
      [0.10694960819, 0.24484063475, 0.10806348637, 0.5401462707]
    ],
    [
      [0.060266252817, 0.027745355498, 0.76347741639, 0.1485109753],
      [0.42851071916, 0.30645980387, 0.07620895829, 0.18882051868],
      [0.1080937444, 0.35301143353, 0.53399552904, 0.0048992930281],
      [0.15605978245, 0.42624203149, 0.14280133544, 0.27489685061]
    ],
    [
      [0.044202878857, 0.033531813973, 0.76173548332, 0.16052982385],
      [0.32601774889, 0.38385197966, 0.078618437762, 0.21151183369],
      [0.075996376168, 0.40865552623, 0.51024305395, 0.0051050436534],
      [0.10720337629, 0.48258328749, 0.13326917774, 0.27694415848]
    ],
    [
      [0.067871600347, 0.033816401817, 0.6964907317, 0.20182126613],
      [0.40817489475, 0.31684912135, 0.058907214155, 0.21606876975],
      [0.11646520535, 0.41175995057, 0.46538101985, 0.0063938242292],
      [0.14693162773, 0.43491699304, 0.10894879241, 0.30920258682]
    ],
    [
      [0.044892799897, 0.027117478678, 0.67063631236, 0.25735340907],
      [0.3149018891, 0.2961702856, 0.0662682268, 0.3226595985],
      [0.089025192419, 0.38200926571, 0.5195534328, 0.0094121090718],
      [0.1027462995, 0.36823942268, 0.11112045678, 0.41789382104]
    ],
    [
      [0.057051874288, 0.027636200739, 0.5924077036, 0.32290422137],
      [0.34321466877, 0.25946899191, 0.050410787298, 0.34690555203],
      [0.11624892645, 0.39995378875, 0.47169412218, 0.012103162622],
      [0.11580930742, 0.33290264965, 0.087208616142, 0.46407942679]
    ],
    [
      [0.054209185425, 0.029372850364, 0.59551346953, 0.32090449468],
      [0.32656653762, 0.27617795913, 0.050778396534, 0.34647710672],
      [0.10802144203, 0.41571455373, 0.46455450915, 0.011709495093],
      [0.10850583392, 0.34852433618, 0.086403738596, 0.4565660913]
    ],
    [
      [0.082066722399, 0.037749311166, 0.55894636595, 0.32123760048],
      [0.39781834347, 0.28638093702, 0.03836241298, 0.27743830652],
      [0.14292297836, 0.46708302646, 0.37973888541, 0.010255109764],
      [0.14311047671, 0.39095171715, 0.070591085053, 0.39534672109]
    ],
    [
      [0.074224678621, 0.026631938674, 0.64770968056, 0.25143370215],
      [0.43685982398, 0.24524177522, 0.053501245854, 0.26439715495],
      [0.14271619011, 0.36355022483, 0.48472409392, 0.0090094911459],
      [0.16265456594, 0.34695490732, 0.1020189906, 0.38837153614]
    ],
    [
      [0.03567648909, 0.026429876627, 0.70129049841, 0.23660313587],
      [0.2771132092, 0.32053101129, 0.075123898455, 0.32723188105],
      [0.071440136721, 0.37506531175, 0.5446116068, 0.0088829447295],
      [0.087238792688, 0.38440272648, 0.12172173398, 0.40663674686]
    ],
    [
      [0.088118252266, 0.031749720153, 0.6097274866, 0.27040454098],
      [0.45292038842, 0.2555419517, 0.043559840241, 0.24797781964],
      [0.15893679486, 0.40630221446, 0.42564511138, 0.0091158793039],
      [0.1726116576, 0.37004917774, 0.085047800458, 0.3722913642]
    ],
    [
      [0.048127439897, 0.020909459472, 0.64081147243, 0.2901516282],
      [0.34049178882, 0.23070179318, 0.062973716813, 0.36583270119],
      [0.10661840739, 0.32829440605, 0.55306338287, 0.012023803686],
      [0.11394266403, 0.29416285034, 0.10835805289, 0.48353643274]
    ],
    [
      [0.05389086706, 0.040161306077, 0.62414275941, 0.28180506745],
      [0.3072444099, 0.35819732821, 0.04908768511, 0.28547057678],
      [0.092122887606, 0.48761935333, 0.41124912259, 0.0090086364788],
      [0.10069104489, 0.44725598418, 0.082716665693, 0.36933630524]
    ],
    [
      [0.054800758873, 0.025266115464, 0.63830053292, 0.28163259274],
      [0.35706358498, 0.2575100778, 0.057570716368, 0.32785562085],
      [0.11249547836, 0.36773456084, 0.5089453405, 0.010824620297],
      [0.12219197901, 0.33486564423, 0.10107257566, 0.4418698011]
    ],
    [
      [0.031547889527, 0.028151478327, 0.69876427199, 0.24153636016],
      [0.24609007057, 0.34302518776, 0.075260619348, 0.33562412232],
      [0.06227055657, 0.39393251817, 0.53486071884, 0.0089362064193],
      [0.075390040435, 0.40021442198, 0.11863619731, 0.40575934027]
    ],
    [
      [0.033610336665, 0.019446593793, 0.70909457461, 0.23784849494],
      [0.28879452594, 0.26118754723, 0.084468072497, 0.36554985434],
      [0.074315711801, 0.30460686438, 0.61121092522, 0.0098664985987],
      [0.091539931243, 0.3146425883, 0.13749775242, 0.45631972803]
    ],
    [
      [0.045932696821, 0.021877934458, 0.70770216933, 0.22448719939],
      [0.35354362884, 0.26272200331, 0.075572784104, 0.30816158374],
      [0.095612473183, 0.32257847401, 0.57305180667, 0.0087572461417],
      [0.11947474272, 0.33813788025, 0.13131090842, 0.41107646861]
    ],
    [
      [0.064960802643, 0.032846213614, 0.51934580337, 0.38284718038],
      [0.3385512879, 0.26790337432, 0.037387057036, 0.35615828074],
      [0.12825191004, 0.46026306884, 0.39737038342, 0.0141146377],
      [0.11473331621, 0.34494855297, 0.064966407823, 0.475351723]
    ],
    [
      [0.066609234007, 0.028422246665, 0.64408810039, 0.26088041894],
      [0.4003072502, 0.26731662141, 0.053509098632, 0.27886702975],
      [0.12751429246, 0.38623905466, 0.47689988746, 0.0093467654136],
      [0.14331953158, 0.36440675143, 0.098411826443, 0.39386189055]
    ],
    [
      [0.069734166082, 0.019064703037, 0.56712498621, 0.34407614467],
      [0.41277783566, 0.17664769721, 0.04657096581, 0.36400350132],
      [0.16124005875, 0.31276758722, 0.51112073317, 0.014871620863],
      [0.14982637398, 0.24348553378, 0.086614184665, 0.52007390757]
    ],
    [
      [0.061497199871, 0.029928428047, 0.63248579638, 0.2760885757],
      [0.36953825595, 0.28166923761, 0.052586919063, 0.29620558738],
      [0.11737660718, 0.40530004078, 0.46746120618, 0.0098621458732],
      [0.1285170234, 0.37213071197, 0.093779261019, 0.40557300362]
    ]
  ],
  "expected_outcome": [
    [
      [3.8400024558, 2.4322750147, 3.2211535213, 4.0247020698, 2.8874659097, 5.8384076009, 2.9462999416, 2.770189541, 2.4348785484, 4.1996081905, 2.6594192738, 4.6889781102, 1.438010656, 0.45556763944, 0.42875302208, 0.60320374761, 1.0449215153, 0.80342064925, 0.63858011532, 0.88694819975, 1.0106314679, 0.29524274904, 0.54156155662, 0.84818872486, 0.71525554227, 0.4848419558, 0.64604330752, 0.24884318546, 0.39255182116, 0.5350712125, 0.78346128661, 0.44202878857, 1.0180740052, 0.76317759826, 0.85577811432, 0.4336734834, 0.82066722399, 1.2618195366, 0.46379435818, 1.1455372795, 0.62565671865, 0.97003560708, 0.49320682985, 0.44167045338, 0.26888269332, 0.55119236185, 0.4547256185, 1.3321846801, 0.69734166082, 0.73796639846],
      [1.1115957008, 1.7286184143, 1.1884263083, 1.7477085185, 1.1153360863, 1.8144575097, 2.2173675662, 2.1286180077, 1.2710637142, 2.4660561369, 1.5084984426, 1.3214886903, 0.51867463871, 0.30552173344, 0.16362867, 0.426250239, 0.72389149497, 0.63098876746, 0.23060083641, 0.33513993932, 0.32705322825, 0.16445965439, 0.31287336852, 0.40050916314, 0.4727102601, 0.3082506597, 0.29060982643, 0.099281677321, 0.21685010369, 0.20690469041, 0.36068962147, 0.33531813973, 0.50724602725, 0.46099713753, 0.41454301109, 0.23498280291, 0.37749311166, 0.45274295746, 0.34358839616, 0.41274636199, 0.27182297313, 0.72290350938, 0.22739503918, 0.39412069658, 0.15557275034, 0.2625352135, 0.22992349529, 0.56844493329, 0.19064703037, 0.35914113656],
      [36.317414634, 37.1019605442, 41.7278567025, 38.2611666691, 40.1122457147, 43.3965720406, 40.9498735473, 37.1089688492, 45.1666299603, 44.8758098262, 35.0848153972, 41.976327743, 22.9046854207, 5.8332604248, 4.4010371435, 10.5693304646, 12.1476113129, 9.604943039, 4.3927378286, 8.9060912384, 9.5354964351, 5.0322633794, 11.1851460586, 10.4183885442, 7.8671776446, 6.3411190792, 8.1095682209, 2.7763794544, 5.1295408184, 7.4654894774, 9.9252064131, 7.6173548332, 10.4473609756, 11.4008173101, 8.886115554, 4.7641077562, 5.5894636595, 11.0110645695, 9.1167764794, 7.9264573258, 8.3305491416, 11.2345696694, 5.7447047963, 9.7826998078, 5.6727565969, 8.492426032, 3.6354206236, 12.8817620077, 5.6712498621, 7.5898295566],
      [21.7309872094, 21.7371460268, 16.8625634679, 15.9664227425, 15.8849522893, 19.9505628488, 21.8864589449, 19.9922236021, 17.1274277771, 15.4585258463, 18.7472668865, 15.0132054565, 6.1386292846, 3.4056502023, 2.0065811644, 6.4012155488, 5.0835756768, 2.9606475443, 2.7380812197, 3.8718206226, 4.1268188688, 2.5080342172, 2.9604190162, 3.3329135678, 3.944856553, 2.8657883053, 0.95377864514, 0.87549568281, 3.2610572567, 3.7925346196, 1.9306426788, 1.6052982385, 3.027318992, 4.3750079541, 4.8435633206, 2.5672359574, 3.2123760048, 4.2743729365, 3.0758407663, 3.5152590327, 3.7719711666, 5.0724912141, 2.5346933347, 3.3815090422, 1.9027879595, 2.6938463927, 2.6799302626, 5.2176083789, 3.4407614467, 3.3130629084]
    ],
    [
      [4.6418494445, 2.3087800025, 4.8488931298, 3.9792986266, 3.6157540895, 6.826544604, 4.8734445554, 4.3581456001, 3.6248386604, 4.4092382851, 4.816765143, 7.9681847818, 19.175008642, 19.8161667236, 23.1975093332, 12.1899830377, 20.1367988056, 16.6453223071, 27.5069694156, 24.9967047194, 25.2641193314, 18.6408803754, 17.9122976669, 21.7484450741, 21.3355111002, 4.3276482279, 6.0776910178, 5.3892851426, 2.8269836104, 4.5521663647, 4.7136179107, 2.93415974, 3.6735740527, 3.7788226692, 3.4321466877, 3.9187984515, 5.1716384651, 7.8634768316, 3.0482453012, 4.9821242726, 2.3834425217, 2.7651996891, 5.3559537747, 3.1991709174, 5.1983014669, 3.5354362884, 4.0626154548, 3.6027652518, 5.7788896993, 6.2821503511],
      [2.1086098193, 2.5718690983, 2.8077818947, 2.7122181183, 2.1848651515, 3.35737859, 5.8053496603, 5.2807398261, 2.9652310878, 4.0848037846, 4.2987511029, 3.5384942656, 10.9157348708, 21.000721215, 13.9413553608, 13.5888544023, 22.0701033184, 20.6211568563, 15.676312834, 14.9040298081, 12.8998338899, 16.389197746, 16.3240848103, 16.1948443715, 22.3082849072, 4.2918981587, 4.2490012403, 3.3486386675, 2.4360593653, 2.7435323887, 3.3710578426, 3.4546678169, 2.8516420921, 3.5540434272, 2.5946899191, 3.3141355095, 3.7229521813, 4.414351954, 3.5258411242, 2.8109614687, 1.6149125523, 3.2237759539, 3.862651167, 4.4593274409, 4.7013758501, 2.6272200331, 3.2148404919, 2.4058495927, 2.4730677609, 4.7883770393],
      [0.61572947598, 0.49226592668, 0.87509649136, 0.52948618819, 0.69922776544, 0.71056248454, 0.94700763867, 0.81717987002, 0.93437878734, 0.65762238098, 0.88818330826, 0.99593738649, 4.2463202401, 3.5022170591, 3.2981128344, 2.9766296198, 3.2323205288, 2.7422592312, 2.6042880439, 3.4777548283, 3.3002788154, 4.3936949191, 5.1336121986, 3.7001290388, 3.2204530296, 0.79845825133, 1.0676968472, 0.84791135791, 0.52277600138, 0.89800276108, 0.83829854119, 0.70756593986, 0.5301649274, 0.7952187216, 0.50410787298, 0.6093407584, 0.49871136874, 0.96302242537, 0.826362883, 0.47915824265, 0.44081601769, 0.44178916599, 0.86356074551, 0.97838805152, 1.5204253049, 0.75572784104, 0.44864468444, 0.48158188769, 0.65199352134, 0.89397762407],
      [4.6338112602, 3.6270849725, 4.4682284841, 2.7789970669, 3.5001529935, 4.1055143215, 6.3741981456, 5.5439347038, 4.4755514644, 2.8483355493, 5.9963004459, 4.4973835662, 14.662936247, 26.6808950024, 19.5630224716, 23.2445329402, 17.5607773472, 10.9912616054, 21.2124297065, 19.6215106443, 18.5357679633, 28.5762269595, 17.6300053243, 15.3565815156, 21.135750963, 4.581995362, 1.6056108947, 3.4141648321, 4.2141810229, 5.8062984855, 2.0770257055, 1.9036065032, 1.9446189277, 3.8719151821, 3.4690555203, 4.1577252806, 3.6066979848, 4.759148789, 3.5995506916, 2.7277560161, 2.5608289083, 2.569235191, 4.9178343128, 4.3631135902, 6.5798973781, 3.0816158374, 4.2738993688, 2.5098032678, 5.0960490185, 5.0354949855]
    ],
    [
      [1.8935585081, 1.2293558357, 1.1391692419, 2.1577561478, 1.2947708785, 1.1296895267, 0.66892395465, 1.0121069348, 1.0752154849, 1.3772758577, 0.8718861318, 1.3725008952, 1.0156306697, 1.0110175996, 2.1805469794, 0.84168936842, 0.85746775072, 1.2461263817, 1.8996013972, 1.694735374, 1.5612788827, 0.93389336866, 0.90669226315, 1.5238430705, 0.69728418443, 5.7746233428, 7.143393265, 8.7178580664, 5.9822002798, 6.4154679081, 7.566562108, 5.0157608271, 7.1043775261, 5.4305367376, 6.9749355867, 7.3454580581, 9.004147637, 4.9950666537, 0.64296123049, 2.8608623074, 1.8125129256, 0.92122887606, 1.5749366971, 0.68497612227, 1.0404199652, 1.6254120441, 1.7955267405, 0.89260004723, 1.9348807049, 1.5258958933],
      [3.9519536817, 6.2967280411, 3.0226342558, 6.7350614757, 3.5868902605, 2.5515441307, 3.6476497741, 5.6086955979, 4.0409934556, 5.8420165066, 3.5561537683, 2.7858414703, 2.6084114929, 4.8287770061, 5.9180140184, 4.2381198156, 4.2310395642, 6.9541958364, 4.8886168086, 4.5596881954, 3.5979645253, 3.7009280273, 3.7191934275, 5.1152783973, 3.281756518, 26.0723183685, 22.7657897728, 24.6677849568, 23.4598817051, 17.6217940344, 24.710800347, 26.971264731, 25.117356985, 23.3025652085, 23.9972273251, 28.2685896534, 29.4262306669, 12.7242578689, 3.3755878057, 7.3134398602, 5.5810049029, 4.8761935333, 5.1482838517, 4.3332576998, 4.2644961013, 5.4838340581, 6.4436829638, 2.7036733826, 3.7532110467, 5.2689005301],
      [6.9556543581, 7.2701749958, 5.7272461947, 7.9482683669, 6.9857611585, 3.2471484696, 3.5912661023, 5.2436478152, 7.743214729, 5.6866686597, 4.4576264068, 4.7599340091, 6.2947272205, 5.0187468815, 8.7104110417, 5.7529851563, 3.8335364451, 5.713826513, 5.059597239, 6.607149547, 5.721445669, 6.2163993949, 7.2810792934, 7.2487566698, 2.9490251935, 29.5237612736, 34.8952508876, 38.0505488108, 30.6438966757, 35.1236189524, 37.3796870331, 33.6760415608, 28.3882422109, 31.6927594006, 28.3016473309, 31.5897066222, 23.923549781, 16.9653432873, 4.9015044612, 7.6616120049, 9.4020775088, 4.1124912259, 7.1252347671, 5.8834679073, 8.5569529531, 9.7418807133, 5.5631853679, 3.3382992122, 6.133448798, 6.0769956803],
      [0.19883345213, 0.20374112741, 0.11095030757, 0.15891400964, 0.13257770247, 0.07161787302, 0.092160168901, 0.13554965206, 0.14057633051, 0.094038975977, 0.11433369311, 0.081723625398, 0.08123061693, 0.14145851289, 0.19102796049, 0.16720565958, 0.077956240058, 0.085851268879, 0.15218455517, 0.13842688356, 0.11931092299, 0.14877920911, 0.09303501602, 0.11212186238, 0.071934104082, 0.62929701502, 0.19556607472, 0.56380816599, 0.9140213394, 0.83911910511, 0.34295051197, 0.33693288112, 0.39002327798, 0.57413865338, 0.72618975731, 0.79624566634, 0.64607191511, 0.31533219011, 0.079946502565, 0.16408582747, 0.20440466266, 0.090086364788, 0.15154468416, 0.098298270612, 0.13813098038, 0.14887318441, 0.1976049278, 0.065427357895, 0.17845945036, 0.12820789635]
    ],
    [
      [1.6245895916, 1.029589147, 1.790784107, 1.8382431559, 2.2020091223, 1.2053582684, 0.51133154835, 0.85955792417, 0.86506730622, 1.0138776666, 1.6519294514, 1.9703362128, 1.3713500323, 0.71724803741, 2.1931906653, 1.3651238463, 0.96081192839, 2.305130662, 1.9548490719, 1.4216117069, 2.163970318, 1.1299835069, 1.6394485133, 1.8795231305, 1.2519491731, 1.4128864735, 2.1328724097, 1.6440136056, 1.7982642887, 1.4972945146, 0.93635869468, 1.6080506443, 2.2039744159, 1.027462995, 1.7371396113, 1.3020700071, 2.0035466739, 4.8796369782, 5.8449991101, 10.0114761406, 7.178387834, 6.3435358278, 7.5759026984, 4.674182507, 5.4923958746, 7.2879593056, 7.6871321861, 9.1724500208, 9.5888879349, 7.4539873572],
      [2.8278407981, 4.4027844463, 3.9811575411, 4.8050118874, 5.1129085017, 2.2766197697, 2.3296329993, 3.9819465683, 2.7227117424, 3.6071235719, 5.6365966862, 3.3541755738, 2.9571789976, 2.8649800455, 4.9770019508, 5.7467755431, 3.9749656225, 10.7936585398, 4.204469521, 3.2011420572, 4.1751483565, 3.7454145723, 5.6438483938, 5.2893680681, 4.9372483147, 5.327532813, 5.6945991605, 3.8842946984, 5.8872088259, 3.4277688865, 2.557452189, 7.2387493123, 6.5237548956, 3.6823942268, 4.9935397448, 4.1822920342, 5.4733240401, 10.4086472196, 25.7549826739, 21.4628523091, 18.5322595717, 28.1771270034, 20.7616699421, 24.8132941627, 18.8785552982, 20.6264106952, 23.111553049, 23.3220320913, 15.5830741621, 21.583581294],
      [1.111201532, 1.1355985333, 1.6698006114, 1.2610787758, 2.2027653613, 0.64571700531, 0.51185271172, 0.8302034655, 1.1557765234, 0.77989913305, 1.5693748878, 1.2678008614, 1.5542671187, 0.64577563466, 1.5904389803, 1.7010547593, 0.78653171324, 1.9389712168, 0.94337688848, 1.0090043863, 1.4427790805, 1.3576423066, 2.4001624495, 1.6327257472, 0.96334413226, 1.3366613958, 1.9274840443, 1.3251603769, 1.7037865045, 1.5128888091, 0.85680801266, 1.9990376661, 1.6342318862, 1.1112045678, 1.3081292421, 1.0368448631, 0.98827519074, 3.0605697179, 8.1553561764, 4.9327724266, 6.8265573319, 5.2111499387, 6.2664996911, 7.3554442334, 8.2498651451, 8.0099654136, 4.3527493241, 6.2983568924, 5.5433078185, 5.4391971391],
      [6.4363680783, 6.4320278733, 6.5582577404, 5.0956661809, 8.4823170147, 2.8723049567, 2.6471827406, 4.3282920421, 4.256444428, 2.5990996284, 8.1420989746, 4.4076873519, 4.1172038515, 3.7719962824, 7.2393684035, 10.1870458514, 3.2776907359, 5.9622395814, 5.8973045186, 4.3682418496, 6.218102245, 6.7669596142, 6.3165406434, 5.1983830542, 4.84745838, 5.9229193177, 2.2450443855, 4.1465313191, 10.610740381, 7.5620477898, 1.6493811037, 4.1541623772, 4.6380388023, 4.1789382104, 6.9611914018, 5.4787930956, 5.5348540953, 11.6511460843, 27.2446620396, 21.5928991237, 30.4627952624, 23.2681872301, 27.3959276684, 25.157079097, 27.3791836821, 25.0756645855, 31.8485654407, 25.2071609955, 33.2847300845, 23.5232342097]
    ]
  ],
  "prob": [
    [0.054817513554, 0.026429030714, 0.64033648047, 0.27841697527],
    [0.34695340609, 0.27408438226, 0.058683559868, 0.32027865178],
    [0.10909969459, 0.38153565873, 0.49974040157, 0.0096242451147],
    [0.11952938576, 0.35155092829, 0.1028395581, 0.42608012784]
  ],
  "iterations": 19,
  "time": 296.722661,
  "message": "Converged",
  "status": 0,
  "miniter": 0,
  "maxiter": 1000,
  "maxtime": 3600,
  "param_threshold": 0.001,
  "ll_threshold": "-Inf",
  "initial_prob": "group_proportional",
  "adjust_prob_cond_method": "project_lp",
  "adjust_prob_cond_every": false
}
