{
  "Z_true": {},
  "V_true": [
    [17, 105, 24, 203, 24],
    [27, 23, 19, 271, 37],
    [52, 25, 74, 473, 20],
    [4, 598, 14, 241, 27],
    [451, 14, 19, 627, 35],
    [17, 51, 1251, 771, 38],
    [11, 24, 26, 3372, 52],
    [91, 132, 195, 573, 61]
  ],
  "p_true": [
    [0.0456, 0.2815, 0.0643, 0.5442, 0.0643],
    [0.0716, 0.061, 0.0504, 0.7188, 0.0981],
    [0.0807, 0.0388, 0.1149, 0.7345, 0.0311],
    [0.0045, 0.6765, 0.0158, 0.2726, 0.0305],
    [0.3935, 0.0122, 0.0166, 0.5471, 0.0305],
    [0.008, 0.024, 0.5879, 0.3623, 0.0179],
    [0.0032, 0.0069, 0.0075, 0.9676, 0.0149],
    [0.0865, 0.1255, 0.1854, 0.5447, 0.058]
  ],
  "Z_est": [
    [
      [0.3471, 1.1042, 0.7564, 0, 1.0775, 0.4468, 0.3977, 0.7513, 0.6967, 0.2004, 0.4749, 0.2556, 0.7734, 1.7621, 1.9569, 2.5334, 0.8711, 0.5149, 0.7608, 0.3062, 3.6234, 1.6833, 0.7555, 1.1499, 0.7669, 0.4195, 0.0801, 0.5568],
      [0.6236, 2.1646, 1.8682, 0, 4.4381, 1.9682, 1.8551, 1.9977, 3.8408, 0.6878, 1.3052, 1.7448, 2.1243, 4.3072, 7.2356, 8.72, 1.8411, 2.0716, 2.543, 1.4301, 9.5307, 4.0509, 1.6201, 3.3951, 2.5962, 3.2593, 0.1856, 1.938],
      [1.1001, 5.3881, 3.2719, 0, 5.3441, 3.0362, 3.3246, 4.3994, 2.7928, 0.8303, 1.7469, 2.051, 3.3147, 8.4421, 9.1512, 11.6504, 2.6876, 3.2781, 3.817, 0.9797, 12.3791, 6.4026, 2.4316, 4.9299, 3.5733, 3.4506, 0.2933, 2.5623],
      [1.5852, 5.0079, 3.4302, 0, 7.9306, 3.2385, 3.3628, 5.0206, 5.1216, 1.0317, 2.0079, 2.1993, 4.6135, 8.2458, 10.7052, 10.6668, 2.9532, 2.9608, 3.6702, 1.7581, 12.0322, 7.1356, 2.8561, 5.4893, 4.6759, 4.7547, 0.3781, 3.2265],
      [0.344, 1.3352, 0.6733, 0, 1.2097, 1.3103, 1.0599, 0.831, 0.548, 0.2499, 0.4651, 0.7493, 1.1741, 2.2429, 2.9511, 1.4294, 0.647, 1.1745, 1.2089, 0.526, 3.4345, 1.7275, 0.3368, 1.0357, 1.3877, 1.1159, 0.0629, 0.7163]
    ],
    [
      [0.0021, 0.0009, 0.0028, 0.0023, 0.0012, 0.0005, 0.001, 0.0011, 0.0004, 0.0011, 0.0037, 0.0016, 0.0008, 0.0011, 0.0015, 0.0017, 0.0025, 0.0003, 0.0011, 0.0004, 0.0014, 0.0008, 0.002, 0.002, 0.0007, 0.0003, 0.0019, 0.0011],
      [0, 7.0748e-06, 0, 0, 0, 7.7697e-06, 0, 0, 7.9315e-06, 0, 0, 0, 8.5567e-06, 0, 0, 0, 0, 4.9891e-06, 0, 6.8363e-06, 0, 7.6091e-06, 0, 0, 8.5171e-06, 9.231e-06, 0, 0],
      [0.0066, 0.0046, 0.0122, 0.0091, 0.0058, 0.0031, 0.0086, 0.0062, 0.0015, 0.0044, 0.0135, 0.0129, 0.0035, 0.0053, 0.0068, 0.0079, 0.0076, 0.002, 0.0057, 0.0012, 0.0047, 0.0031, 0.0063, 0.0086, 0.003, 0.0025, 0.0069, 0.0049],
      [9.2444, 4.126, 12.4315, 10.9888, 8.4045, 3.2144, 8.4476, 6.9422, 2.6664, 5.298, 15.0348, 13.4094, 4.6959, 5.0306, 7.7446, 6.9684, 8.1745, 1.7947, 5.3145, 2.1156, 4.4406, 3.3736, 7.3285, 9.3352, 3.8674, 3.3932, 8.6617, 6.0689],
      [8.7469, 4.8685, 10.5535, 6.9998, 5.5885, 5.7821, 11.5428, 5.0504, 1.3317, 5.6965, 14.9481, 19.5761, 5.2999, 5.963, 9.2471, 4.0221, 7.8154, 3.2029, 7.6787, 2.8828, 5.5534, 3.6224, 3.6632, 7.6541, 5.1289, 3.6039, 6.3295, 5.925]
    ],
    [
      [1.1391, 2.1707, 1.0766, 1.7508, 0.8366, 1.4912, 1.4844, 0.4365, 0.5936, 0.7781, 2.5068, 0.6327, 0.946, 2.5003, 0.6604, 8.3649, 2.0241, 0.8322, 0.7823, 1.6964, 0.9019, 1.989, 3.7191, 1.6335, 0.3662, 0.8519, 1.7012, 1.6524],
      [0.0511, 0.1065, 0.0666, 0.0989, 0.0865, 0.1648, 0.1736, 0.029, 0.0819, 0.0669, 0.173, 0.1084, 0.0649, 0.1534, 0.0612, 0.7248, 0.1072, 0.0839, 0.0654, 0.1985, 0.0594, 0.1199, 0.1991, 0.1211, 0.031, 0.1657, 0.0983, 0.1441],
      [2.3753, 6.975, 3.0659, 4.5041, 2.7325, 6.6717, 8.1722, 1.6828, 1.5638, 2.1214, 6.0758, 3.3444, 2.6681, 7.8933, 2.0338, 25.362, 4.1112, 3.4891, 2.5839, 3.5733, 2.0284, 4.9822, 7.8794, 4.6116, 1.1217, 4.6077, 4.0973, 5.0062],
      [10.4344, 19.7478, 9.7909, 16.6462, 12.3444, 21.6724, 25.1697, 5.8516, 8.7606, 8.0336, 21.2445, 10.9145, 11.321, 23.4531, 7.2447, 70.5483, 13.7576, 9.5949, 7.5683, 19.5318, 6.0103, 16.9088, 28.2023, 15.6338, 4.4811, 19.3747, 16.1032, 19.1973],
      [2.7866e-10, 6.4626e-10, 2.37e-10, 0, 2.3191e-10, 1.0761e-09, 9.7788e-10, 1.1902e-10, 1.1389e-10, 2.3879e-10, 6.0806e-10, 4.5937e-10, 3.5346e-10, 7.8588e-10, 2.4618e-10, 1.1682e-09, 3.711e-10, 4.6605e-10, 3.0655e-10, 7.1393e-10, 2.1087e-10, 5.0242e-10, 0, 3.6348e-10, 1.6285e-10, 5.5562e-10, 3.2919e-10, 5.2403e-10]
    ],
    [
      [0.0012, 0.0012, 0.0013, 0.0005, 0.0012, 0.0012, 0.001, 0.0009, 0.0008, 0.0014, 0.002, 0.0009, 0.0006, 0.0017, 0.001, 0.0047, 0.0018, 0.0009, 0.0009, 0.0009, 0.0009, 0.0014, 0.001, 0.0027, 0.0011, 0.0005, 0.001, 0.0012],
      [11.0361, 12.0575, 16.3595, 6.0483, 24.109, 25.488, 23.3608, 12.1854, 21.0146, 23.6117, 27.3971, 30.5661, 8.8624, 20.4, 18.29, 79.4415, 18.4766, 18.4996, 15.7221, 21.5046, 12.1014, 16.5996, 10.8805, 38.7477, 17.7496, 21.1149, 11.5164, 20.1893],
      [0.0012, 0.0019, 0.0018, 0.0006, 0.0018, 0.0025, 0.0027, 0.0017, 0, 0.0018, 0.0023, 0.0023, 0.0009, 0.0025, 0.0015, 0.0068, 0.0017, 0.0019, 0.0015, 0.0009, 0.001, 0.0017, 0.001, 0.0036, 0.0015, 0.0014, 0.0011, 0.0017],
      [8.9606, 8.9384, 9.6366, 3.9503, 13.8871, 13.5061, 13.6337, 9.8114, 8.9846, 11.384, 13.5973, 12.4289, 6.1354, 12.5943, 8.7066, 31.5453, 9.5191, 8.4962, 7.2745, 8.4925, 4.8961, 9.3964, 6.1175, 20.2445, 10.2465, 9.8822, 7.4809, 10.8068],
      [0.0008, 0.001, 0.0008, 0.0002, 0.0009, 0.0022, 0.0018, 0.0007, 0, 0.0011, 0.0013, 0.0017, 0.0006, 0.0014, 0.001, 0.0017, 0.0009, 0.0014, 0.001, 0.001, 0.0006, 0.0009, 0, 0.0016, 0.0012, 0.0009, 0.0005, 0.001]
    ],
    [
      [13.3886, 14.4769, 23.4683, 9.7003, 13.733, 14.9478, 11.1265, 12.1789, 8.7313, 13.1967, 31.5703, 7.0891, 13.2065, 23.7929, 13.8233, 69.9555, 18.5135, 13.2405, 16.0147, 15.1011, 13.6084, 22.2232, 17.0829, 15.3872, 6.5448, 2.8305, 8.4742, 15.5953],
      [0.0549, 0.065, 0.1334, 0.0497, 0.1303, 0.1517, 0.1193, 0.0741, 0.1096, 0.1037, 0.2008, 0.1106, 0.0828, 0.1344, 0.1174, 0.5617, 0.0898, 0.1222, 0.1227, 0.162, 0.0817, 0.1231, 0.0838, 0.1046, 0.0501, 0.0496, 0.0444, 0.1248],
      [0.9462, 1.5821, 2.2829, 0.8399, 1.5309, 2.2829, 2.0878, 1.5958, 0.7751, 1.2209, 2.6245, 1.27, 1.265, 2.5742, 1.4499, 7.3214, 1.2808, 1.8904, 1.8011, 1.0835, 1.0375, 1.9014, 1.2314, 1.4801, 0.6715, 0.5119, 0.6875, 1.611],
      [16.6102, 17.876, 29.1153, 12.4101, 27.6057, 29.6174, 25.6663, 22.1512, 17.3839, 18.4786, 36.6042, 16.5302, 21.4457, 30.4984, 20.6093, 81.1613, 17.1159, 20.7468, 21.0614, 23.6533, 12.2723, 25.7522, 17.602, 20.0281, 10.7336, 8.6079, 10.7939, 24.6688],
      [0, 0, 0.0001, 0, 0, 0.0001, 0.0001, 0, 0, 0, 0.0001, 0.0001, 0.0001, 0.0001, 0.0001, 0.0001, 0, 0.0001, 0.0001, 0.0001, 0, 0.0001, 0, 0, 0, 0, 0, 0.0001]
    ],
    [
      [0.1007, 0.1197, 0.0952, 0.0725, 0.089, 0.0545, 0.0513, 0.0849, 0.0356, 0.0758, 0.221, 0, 0.0735, 0.3655, 0.1138, 0.389, 0.1308, 0.097, 0.0954, 0.0968, 0.1102, 0.1442, 0.1232, 0.1201, 0.0465, 0.0233, 0.0969, 0.0901],
      [2.8911, 3.2862, 3.9105, 2.7389, 6.1099, 3.9996, 4.9363, 3.3083, 4.7603, 4.3356, 10.1176, 14.4865, 3.3563, 5.4288, 7.0123, 22.318, 4.6051, 6.5013, 5.3078, 9.3726, 4.8265, 5.7768, 3.8946, 5.9178, 2.6287, 3.2049, 3.7365, 5.2234],
      [23.2217, 44.3941, 30.9327, 21.4072, 32.2916, 27.8352, 39.8901, 37.406, 9.3633, 23.6487, 60.9572, 65.8318, 23.2929, 73.3109, 39.9861, 133.808, 30.3479, 46.4055, 35.9817, 21.0564, 28.3219, 41.1857, 26.4517, 38.7009, 16.3887, 14.1104, 26.7408, 31.1654],
      [26.3638, 30.0264, 24.2894, 19.7813, 37.3087, 21.8387, 29.696, 32.083, 14.7206, 21.5948, 51.6158, 48.015, 24.4702, 50.0685, 34.4387, 90.3585, 24.5312, 30.8538, 25.4557, 31.0707, 20.2526, 33.7894, 23.5305, 31.9527, 15.7363, 14.781, 25.8188, 28.8708],
      [1.4228, 2.1736, 0.7722, 0, 1.2008, 2.272, 2.4264, 1.1178, 0.1202, 1.3451, 3.0884, 7.6667, 1.807, 3.8263, 2.449, 3.1266, 1.385, 3.1424, 2.1594, 2.4034, 1.4888, 2.1038, 0, 1.3084, 1.1998, 0.8804, 0.607, 1.6503]
    ],
    [
      [4.2513, 2.614, 4.2145, 2.2096, 1.7625, 0.6728, 0, 1.135, 0.2861, 2.815, 6.8093, 0.0018, 1.9091, 3.3971, 1.7379, 11.7407, 8.0786, 1.5297, 2.1503, 2.3877, 3.6535, 4.4613, 5.1602, 3.674, 1.3539, 0.1965, 2.9136, 2.7797],
      [0, 0, 2.0251, 0.7553, 4.4576, 4.5671, 2.0811, 0, 4.8022, 5.477, 6.0881, 6.2301, 1.1865, 3.7345, 4.6011, 27.2402, 4.1081, 5.9446, 4.4462, 8.6197, 3.8033, 1.94, 1.8233, 4.0635, 1.6077, 4.6361, 0.9862, 4.8819],
      [0, 3.6123, 2.5937, 0.5245, 0, 3.1904, 4.0318, 2.0239, 0, 0.5415, 1.1124, 1.6855, 0, 2.2334, 0.7612, 12.6817, 1.6226, 6.0923, 3.306, 0, 1.3819, 1.092, 0.3793, 1.9588, 0.1542, 0, 0.1276, 0.8392],
      [106.2633, 79.1522, 111.1666, 57.5107, 151.7799, 135.9367, 109.9181, 83.8411, 67.9117, 119.4594, 161.4933, 100.0768, 99.1861, 120.669, 97.5482, 355.9176, 137.0391, 123.9549, 99.1457, 135.806, 59.6388, 100.9617, 84.6372, 122.3037, 81.6021, 72.7687, 83.9727, 146.7919],
      [0.4854, 0.6215, 0, 0, 0, 3.633, 2.9689, 0, 0, 0.7071, 0.4969, 1.0059, 0.7182, 0.9661, 1.3516, 0.4198, 0.1516, 2.4784, 1.9518, 1.1866, 0.5226, 0.5451, 0, 0, 1.2822, 0.3987, 0, 0.7072]
    ],
    [
      [1.7698, 1.5124, 2.3849, 1.264, 1.499, 1.3852, 0.938, 1.4113, 0.6554, 1.9315, 2.412, 1.0183, 1.09, 3.1794, 1.7052, 8.0101, 3.3777, 1.7845, 2.1944, 1.4105, 2.1002, 1.4967, 2.1562, 2.0306, 0.9199, 0.6775, 1.7312, 1.3234],
      [0.3431, 0.3203, 0.6366, 0.3087, 0.6687, 0.6606, 0.4737, 0.4054, 0.3906, 0.7172, 0.7182, 0.7534, 0.3228, 0.8417, 0.6824, 2.9938, 0.772, 0.7766, 0.7926, 0.7125, 0.597, 0.3896, 0.4986, 0.6501, 0.3367, 0.5694, 0.4324, 0.4984],
      [5.3489, 7.0419, 9.8389, 4.7146, 7.0932, 8.9781, 7.4822, 7.8843, 2.5034, 7.6311, 8.4674, 7.8021, 4.455, 14.5383, 7.6095, 35.1619, 9.9407, 10.8408, 10.5031, 4.305, 6.8456, 5.4313, 6.6192, 8.3065, 4.0862, 5.3154, 6.0455, 5.8092],
      [22.538, 19.1252, 30.1394, 16.7127, 30.739, 27.9759, 22.1059, 26.2989, 13.4505, 27.72, 28.4022, 24.4259, 18.1321, 41.4403, 26.0027, 93.834, 31.9095, 28.5978, 29.5096, 22.5718, 19.4571, 17.6822, 22.726, 27.0127, 15.6572, 21.4375, 22.7908, 21.3689],
      [0.0001, 0.0001, 0.0001, 0, 0.0001, 0.0003, 0.0002, 0.0001, 0, 0.0002, 0.0002, 0.0002, 0.0001, 0.0003, 0.0002, 0.0003, 0.0002, 0.0003, 0.0002, 0.0002, 0.0001, 0.0001, 0, 0.0001, 0.0001, 0.0001, 0.0001, 0.0001]
    ]
  ],
  "V_est": [
    [25.0227, 79.3431, 112.6288, 126.0586, 29.9469],
    [0.0382, 0.0004, 0.1684, 188.5156, 188.2773],
    [45.5191, 3.6051, 135.3339, 459.5419, 1.2047e-08],
    [0.0362, 583.3305, 0.0513, 300.5538, 0.0282],
    [459.0022, 3.3586, 46.8376, 636.8001, 0.0015],
    [3.1164, 163.9925, 1044.4345, 863.3131, 53.1435],
    [83.8958, 120.1065, 51.9459, 3206.4532, 22.5987],
    [53.3694, 18.2633, 230.5995, 749.7638, 0.0041]
  ],
  "p_est": [
    [0.0672, 0.2127, 0.3019, 0.3379, 0.0803],
    [0.0001, 1.2601e-06, 0.0005, 0.5, 0.4994],
    [0.0709, 0.0057, 0.2101, 0.7134, 2.1059e-11],
    [0, 0.6589, 0.0001, 0.341, 0],
    [0.3999, 0.003, 0.0411, 0.556, 1.3387e-06],
    [0.0015, 0.0772, 0.4909, 0.4055, 0.025],
    [0.0242, 0.0345, 0.0149, 0.9199, 0.0065],
    [0.051, 0.0176, 0.2187, 0.7127, 4.1084e-06]
  ],
  "EI_Z": {},
  "EI_V": 10.3892,
  "MAE_Z": {},
  "MAE_V": 52.4082,
  "MAE_p": 0.062,
  "runtime": 0.6046
}
