{
  "Z_true": {},
  "V_true": [
    [10, 489, 186, 541],
    [787, 148, 1605, 89],
    [321, 180, 10450, 288],
    [244, 11155, 1457, 568],
    [189, 593, 1540, 393],
    [67, 298, 438, 546]
  ],
  "p_true": [
    [0.0082, 0.3989, 0.1517, 0.4413],
    [0.2994, 0.0563, 0.6105, 0.0339],
    [0.0286, 0.016, 0.9298, 0.0256],
    [0.0182, 0.831, 0.1085, 0.0423],
    [0.0696, 0.2184, 0.5672, 0.1448],
    [0.0497, 0.2209, 0.3247, 0.4047]
  ],
  "Z_est": [
    [
      [0, 0, 0, 0, 0, 0, 0, 0, 0, 0, 0, 0, 0, 0, 0, 0, 0, 0, 0, 0, 0, 0, 0, 0, 0, 0, 0, 0, 0, 0, 0, 0, 0, 0, 0],
      [0, 0, 0, 0, 0, 0, 0, 0, 0, 0, 0, 0, 0, 0, 0, 0, 0, 0, 0, 0, 0, 0, 0, 0, 0, 0, 0, 0, 0, 0, 0, 0, 0, 0, 0],
      [0, 11, 16, 19, 24, 14, 1, 74, 14, 48, 80, 8, 37, 6, 25, 10, 31, 4, 3, 28, 34, 33, 36, 25, 58, 41, 49, 38, 27, 36, 1, 291, 29, 64, 11],
      [0, 0, 0, 0, 0, 0, 0, 0, 0, 0, 0, 0, 0, 0, 0, 0, 0, 0, 0, 0, 0, 0, 0, 0, 0, 0, 0, 0, 0, 0, 0, 0, 0, 0, 0]
    ],
    [
      [1.8124, 2.2151, 9.4646, 9.8674, 6.0413, 3.0206, 2.4165, 19.5334, 4.6316, 12.4853, 22.1513, 3.4234, 10.6729, 2.4165, 6.2426, 6.6454, 14.2976, 2.0138, 2.2151, 18.9293, 15.5059, 28.7967, 28.998, 13.6935, 27.9912, 17.5197, 20.943, 21.1444, 9.0619, 17.5197, 0.4028, 90.4175, 20.1375, 45.5108, 11.277],
      [0, 0, 0, 0, 0, 0, 0, 0, 0, 0, 0, 0, 0, 0, 0, 0, 0, 0, 0, 0, 0, 0, 0, 0, 0, 0, 0, 0, 0, 0, 0, 0, 0, 0, 0],
      [7.1876, 8.7849, 37.5354, 39.1326, 23.9587, 11.9794, 9.5835, 77.4666, 18.3684, 49.5147, 87.8487, 13.5766, 42.3271, 9.5835, 24.7574, 26.3546, 56.7024, 7.9862, 8.7849, 75.0707, 61.4941, 114.2033, 115.002, 54.3065, 111.0088, 69.4803, 83.057, 83.8556, 35.9381, 69.4803, 1.5972, 358.5825, 79.8625, 180.4892, 44.723],
      [0, 0, 0, 0, 0, 0, 0, 0, 0, 0, 0, 0, 0, 0, 0, 0, 0, 0, 0, 0, 0, 0, 0, 0, 0, 0, 0, 0, 0, 0, 0, 0, 0, 0, 0]
    ],
    [
      [2.9862, 7.6743, 12.9595, 11.565, 11.536, 6.4346, 6.8592, 27.915, 10.3306, 22.9107, 48.5891, 0.4784, 16.1927, 2.7249, 6.2919, 15.425, 25.4727, 3.1837, 3.2518, 34.1347, 10.7179, 13.14, 17.4673, 0.9234, 14.1491, 26.825, 21.9202, 17.8632, 10.5362, 15.9595, 1.0209, 136.0527, 31.4619, 113.4738, 13.6368],
      [2.6847, 5.0061, 20.9264, 8.3571, 0, 3.2815, 2.21, 35.6722, 4.7647, 3.4817, 42.318, 0.243, 16.0271, 6.1159, 8.2435, 6.3048, 24.7951, 0.9443, 1.7139, 7.5251, 6.6932, 8.2058, 10.2856, 6.7688, 17.4704, 16.7519, 13.6889, 11.1554, 6.5798, 11.9116, 0.2732, 95.407, 0, 10.7619, 2.8739],
      [15.018, 98.3144, 108.7497, 172.4536, 208.9616, 112.1559, 78.2918, 337.703, 92.4116, 389.6847, 394.2579, 101.1253, 340.9281, 30.3307, 205.0685, 255.2282, 324.7292, 17.5662, 38.3056, 131.5653, 136.6635, 167.5479, 220.4293, 148.1233, 370.5412, 342.0447, 279.5038, 227.7724, 134.3471, 246.3294, 23.6113, 1816.7747, 268.4279, 731.5802, 49.6456],
      [0.3111, 7.0051, 37.3643, 28.6244, 37.5024, 19.1279, 6.639, 59.7097, 18.4931, 62.9229, 77.835, 24.1533, 54.8521, 5.8285, 25.3961, 21.042, 44.003, 3.3057, 9.7287, 25.7749, 22.9254, 28.1063, 23.8179, 23.1845, 59.8392, 57.3783, 46.887, 38.209, 22.5369, 40.7995, 5.0947, 304.7656, 63.1102, 165.184, 9.8437]
    ],
    [
      [0.2014, 0.5568, 1.9311, 0, 2.8551, 0.699, 0.5094, 9.1382, 4.3765, 4.9757, 16.1711, 0.853, 3.4593, 0.674, 1.2202, 1.161, 3.2461, 0.2488, 0.5331, 8.9525, 0.9772, 5.1568, 4.182, 0, 0, 12.9195, 1.0457, 7.7939, 1.5257, 0, 0.2843, 0, 9.2792, 10.5438, 2.0558],
      [15.1365, 41.8479, 145.1322, 205.384, 195.1975, 52.5325, 38.2864, 842.4451, 196.5129, 373.9604, 1295.858, 64.1075, 259.9915, 42.6323, 91.7093, 87.2574, 243.9646, 18.698, 40.0672, 306.6323, 268.3655, 299.9587, 298.9448, 208.2898, 629.9574, 416.1937, 352.2167, 431.7503, 177.1613, 513.9539, 21.3692, 2566.4875, 280.3362, 792.4399, 143.2649],
      [1.0024, 2.7713, 9.6112, 22.4814, 33.5951, 3.4789, 2.5355, 0, 0, 24.7652, 0, 4.2455, 17.2177, 0, 6.0734, 5.7785, 16.1563, 1.2383, 2.6534, 0, 27.1564, 48.3522, 49.8733, 31.2995, 98.1887, 60.277, 35.2806, 31.9628, 26.6176, 51.5653, 1.4152, 166.0948, 18.9277, 52.4786, 0],
      [0.6597, 1.8239, 6.3255, 6.1346, 9.3524, 2.2896, 1.6687, 52.4167, 8.1106, 16.2987, 52.9709, 2.7941, 11.3315, 3.6937, 3.9971, 3.803, 10.633, 0.8149, 1.7463, 13.4153, 10.501, 0.5323, 0, 12.4106, 10.8539, 19.6097, 32.457, 21.493, 3.6954, 6.4808, 0.9314, 115.4177, 12.4569, 34.5378, 3.6793]
    ],
    [
      [0, 0, 0, 0, 0, 0, 0, 0, 0, 0, 0, 0, 0, 0, 0, 0, 0, 0, 0, 0, 0, 0, 0, 0, 0, 0, 0, 0, 0, 0, 0, 0, 0, 0, 0],
      [0.1788, 2.1459, 8.9413, 6.2589, 11.8025, 5.186, 2.5036, 17.8826, 5.7224, 15.5579, 26.824, 4.6495, 11.9814, 1.2518, 8.0472, 6.4377, 18.2403, 0.3577, 3.2189, 14.8426, 8.9413, 9.8355, 13.7696, 8.9413, 25.5722, 13.0543, 16.0944, 16.0944, 6.2589, 19.1344, 0.3577, 124.1055, 14.6638, 33.7982, 2.8612],
      [0.792, 9.5041, 39.6003, 27.7202, 52.2724, 22.9682, 11.0881, 79.2005, 25.3442, 68.9045, 118.8008, 20.5921, 53.0644, 5.544, 35.6402, 28.5122, 80.7846, 1.584, 14.2561, 65.7365, 39.6003, 43.5603, 60.9844, 39.6003, 113.2568, 57.8164, 71.2805, 71.2805, 27.7202, 84.7446, 1.584, 549.6518, 64.9444, 149.689, 12.6721],
      [0.0292, 0.35, 1.4584, 1.0209, 1.9251, 0.8459, 0.4084, 2.9168, 0.9334, 2.5376, 4.3752, 0.7584, 1.9543, 0.2042, 1.3126, 1.0501, 2.9752, 0.0583, 0.525, 2.421, 1.4584, 1.6042, 2.2459, 1.4584, 4.171, 2.1293, 2.6251, 2.6251, 1.0209, 3.121, 0.0583, 20.2427, 2.3918, 5.5128, 0.4667]
    ],
    [
      [0, 0.5537, 6.6448, 7.5677, 7.5677, 1.8458, 2.2149, 9.4134, 1.6612, 11.6283, 18.0885, 4.2453, 8.6751, 0.1846, 4.2453, 2.7687, 4.9836, 0.5537, 0, 4.9836, 4.799, 5.9065, 5.3527, 7.3831, 8.8597, 12.7358, 6.091, 7.1985, 3.8761, 10.5209, 1.292, 41.5298, 8.1214, 25.4716, 2.0303],
      [0, 0, 0, 0, 0, 0, 0, 0, 0, 0, 0, 0, 0, 0, 0, 0, 0, 0, 0, 0, 0, 0, 0, 0, 0, 0, 0, 0, 0, 0, 0, 0, 0, 0, 0],
      [0, 1.6253, 19.5034, 22.2122, 22.2122, 5.4176, 6.5011, 27.6298, 4.8758, 34.1309, 53.0926, 12.4605, 25.4628, 0.5418, 12.4605, 8.1264, 14.6275, 1.6253, 0, 14.6275, 14.0858, 17.3364, 15.7111, 21.6704, 26.0045, 37.3815, 17.8781, 21.1287, 11.377, 30.8804, 3.7923, 121.8962, 23.8375, 74.763, 5.9594],
      [0, 0.821, 9.8518, 11.2201, 11.2201, 2.7366, 3.2839, 13.9568, 2.463, 17.2407, 26.8189, 6.2942, 12.8621, 0.2737, 6.2942, 4.1049, 7.3889, 0.821, 0, 7.3889, 7.1152, 8.7572, 7.9362, 10.9465, 13.1358, 18.8827, 9.0308, 10.6728, 5.7469, 15.5987, 1.9156, 61.574, 12.0411, 37.7654, 3.0103]
    ]
  ],
  "V_est": [
    [0, 0, 1226, 0],
    [529.4157, 0, 2099.5843, 0],
    [722.0639, 419.4428, 8616.1917, 1481.3015],
    [117.5262, 11958.0436, 853.0935, 495.3367],
    [0, 485.5136, 2150.2949, 79.1916],
    [248.9942, 0, 730.8356, 369.1702]
  ],
  "p_est": [
    [0, 0, 1, 0],
    [0.2014, 0, 0.7986, 0],
    [0.0642, 0.0373, 0.7666, 0.1318],
    [0.0088, 0.8908, 0.0635, 0.0369],
    [0, 0.1788, 0.792, 0.0292],
    [0.1846, 0, 0.5418, 0.2737]
  ],
  "EI_Z": {},
  "EI_V": 16.1333,
  "MAE_Z": {},
  "MAE_V": 438.0467,
  "MAE_p": 0.153,
  "runtime": 4.1888
}
