{
  "X": [
    [51, 151, 138, 774, 79],
    [28, 88, 70, 611, 49],
    [8, 13, 8, 17, 8],
    [4, 6, 9, 23, 7],
    [14, 60, 47, 119, 17],
    [36, 79, 87, 264, 33],
    [22, 38, 21, 106, 5],
    [66, 72, 70, 428, 29],
    [50, 114, 67, 320, 29],
    [22, 33, 35, 193, 9],
    [2, 1, 3, 13, 0],
    [2, 6, 9, 29, 5],
    [0, 0, 2, 11, 2],
    [40, 137, 123, 605, 55],
    [89, 290, 303, 571, 100],
    [60, 188, 168, 472, 57],
    [43, 152, 168, 439, 42],
    [77, 288, 315, 486, 89],
    [99, 240, 228, 954, 88],
    [28, 86, 65, 291, 24],
    [14, 100, 156, 130, 24],
    [56, 100, 122, 288, 33],
    [111, 326, 342, 977, 104],
    [90, 172, 179, 724, 51],
    [54, 179, 135, 629, 61],
    [21, 53, 61, 167, 18],
    [56, 171, 241, 333, 53],
    [44, 89, 132, 285, 34],
    [76, 121, 196, 562, 59],
    [9, 15, 15, 144, 12],
    [3, 7, 7, 31, 4],
    [4, 4, 9, 26, 6],
    [1, 4, 6, 7, 1],
    [536, 2048, 1743, 7872, 716],
    [81, 118, 165, 498, 55],
    [219, 268, 349, 995, 132],
    [61, 34, 75, 317, 25]
  ],
  "W": [
    [94, 67, 129, 756, 110, 37],
    [100, 28, 64, 550, 84, 20],
    [3, 10, 9, 26, 4, 2],
    [0, 6, 8, 24, 6, 5],
    [12, 23, 48, 130, 33, 11],
    [20, 40, 72, 295, 56, 16],
    [3, 26, 25, 106, 27, 5],
    [23, 89, 51, 432, 52, 18],
    [20, 62, 47, 355, 73, 23],
    [10, 20, 29, 202, 25, 6],
    [0, 2, 3, 13, 1, 0],
    [3, 2, 7, 30, 6, 3],
    [0, 1, 3, 10, 1, 0],
    [37, 47, 111, 625, 110, 30],
    [70, 108, 292, 573, 260, 50],
    [61, 69, 129, 493, 168, 25],
    [33, 62, 152, 447, 128, 22],
    [88, 73, 308, 472, 259, 55],
    [93, 119, 200, 950, 223, 24],
    [29, 33, 55, 287, 77, 13],
    [21, 26, 143, 115, 102, 17],
    [35, 56, 109, 275, 104, 20],
    [113, 161, 281, 986, 286, 33],
    [58, 98, 137, 737, 166, 20],
    [67, 58, 120, 599, 190, 24],
    [19, 24, 57, 169, 35, 16],
    [42, 70, 229, 320, 169, 24],
    [25, 47, 121, 276, 91, 24],
    [66, 92, 158, 575, 99, 24],
    [14, 7, 18, 141, 13, 2],
    [5, 3, 8, 29, 4, 3],
    [6, 4, 7, 24, 5, 3],
    [0, 1, 6, 10, 2, 0],
    [797, 613, 1547, 7713, 1956, 289],
    [57, 104, 141, 478, 111, 26],
    [86, 252, 335, 968, 248, 74],
    [23, 88, 48, 299, 27, 27]
  ],
  "method": "mvn_pdf",
  "cond_prob": [
    [
      [0.00015825197541, 0.06467834398, 0.026319465075, 0.74229777879, 0.16654616018],
      [0.62695510857, 0.031982739656, 0.22133193966, 0.07321917366, 0.046511038456],
      [0.014154306359, 0.15809705708, 0.74228607452, 0.0097658221785, 0.075696739868],
      [0.0048938530613, 0.060948586044, 0.0041695451577, 0.89680583714, 0.033182178597],
      [0.0022664973069, 0.6276639784, 0.15182733043, 0.15016237154, 0.068079822317],
      [0.086598889242, 0.19628927223, 0.13753092503, 0.096093495964, 0.48348741754]
    ],
    [
      [0.00033903672825, 0.047064968286, 0.020507780432, 0.79596661892, 0.13612159563],
      [0.71588851625, 0.021161595947, 0.15755153163, 0.071047306712, 0.034351049467],
      [0.022118338151, 0.14681333279, 0.73959923168, 0.013633089926, 0.077836007455],
      [0.006740261093, 0.038860176651, 0.0021945005905, 0.9259895785, 0.026215483165],
      [0.0036356696143, 0.57801279079, 0.14854176612, 0.20059385219, 0.069215921288],
      [0.12465521909, 0.16893768012, 0.12594722825, 0.11986720027, 0.46059267227]
    ],
    [
      [0.0016502901586, 0.17223860884, 0.031394695842, 0.20371240689, 0.59100399827],
      [0.70428396405, 0.02107940116, 0.16189117921, 0.060126089899, 0.052619365684],
      [0.01749877407, 0.24891370229, 0.56847825306, 0.046415052735, 0.11869421784],
      [0.026348190339, 0.24562334793, 0.029338586469, 0.58435329305, 0.11433658221],
      [0.0031834612922, 0.81356998522, 0.073218421395, 0.03489721501, 0.075130917084],
      [0.048466864219, 0.19588992715, 0.057461454512, 0.018545963129, 0.67963579099]
    ],
    [
      [0.00014729822503, 0.042133471004, 0.021418674615, 0.63787834431, 0.29842221184],
      [0.60441759951, 0.024709969678, 0.22277055383, 0.063351237408, 0.084750639576],
      [0.0099564111758, 0.11028750149, 0.74158132738, 0.0089408460986, 0.12923391385],
      [0.0029000981186, 0.050365114102, 0.013187818381, 0.8912377828, 0.042309186601],
      [0.0016861575062, 0.54770878108, 0.16317480339, 0.14717741748, 0.14025284054],
      [0.042824762735, 0.094884949026, 0.087033919284, 0.055118902947, 0.72013746601]
    ],
    [
      [0.00017929255737, 0.14971630298, 0.036752059269, 0.63383502122, 0.17951732397],
      [0.53604893998, 0.065479648587, 0.29078079675, 0.060251523327, 0.047439091354],
      [0.0081626819574, 0.23571834344, 0.68966805995, 0.011383572981, 0.055067341664],
      [0.0047677787188, 0.12229105406, 0.011666669053, 0.81902904388, 0.042245454289],
      [0.0010270972348, 0.77843488174, 0.1113603438, 0.069972330002, 0.039205347228],
      [0.056655335787, 0.34515489418, 0.14321743304, 0.061720055607, 0.39325228138]
    ],
    [
      [0.00052090786438, 0.098804188192, 0.058953624186, 0.61873650869, 0.22298477107],
      [0.70322706966, 0.021230001819, 0.22079992164, 0.027514111297, 0.027228895584],
      [0.016951015471, 0.11620419881, 0.81326195705, 0.0052010667406, 0.048381761931],
      [0.014289724802, 0.099546250683, 0.0092448938201, 0.8295351723, 0.047383958398],
      [0.0037068865504, 0.63125849267, 0.22355339269, 0.082387213764, 0.059094014327],
      [0.13856071744, 0.19321214427, 0.19923975472, 0.051479298161, 0.41750808541]
    ],
    [
      [0.00036691958013, 0.08502272425, 0.015147039067, 0.82210594346, 0.077357373641],
      [0.75335930438, 0.037731739719, 0.11802861221, 0.072629996366, 0.018250347319],
      [0.025330950798, 0.2902455457, 0.62077196422, 0.016023213876, 0.047628325402],
      [0.0071346108148, 0.07228882277, 0, 0.91189360477, 0.0086829616454],
      [0.012284387772, 0.7475150629, 0.068509537773, 0.14516908888, 0.026521922682],
      [0.13806726823, 0.33244920803, 0.10335166797, 0.13288688239, 0.29324497338]
    ],
    [
      [0.00025949153723, 0.062389616183, 0.026799626477, 0.78398295848, 0.12656830733],
      [0.6763030724, 0.026919335363, 0.19855173456, 0.06739332613, 0.030832531547],
      [0.017496677938, 0.15228124083, 0.76259756726, 0.010272442041, 0.057352071937],
      [0.0061204316771, 0.056095364719, 0.0040919049297, 0.90974664933, 0.023945649342],
      [0.0029158210787, 0.62319867372, 0.15886947819, 0.16207669207, 0.052939334946],
      [0.11750436089, 0.20907478366, 0.15506180497, 0.11155282703, 0.40680622345]
    ],
    [
      [0.00044577470164, 0.12994964852, 0.043618954919, 0.66893874154, 0.15704688032],
      [0.68419880465, 0.035288943869, 0.21495946889, 0.039896135663, 0.025656646925],
      [0.015953349716, 0.19025379672, 0.74441138563, 0.0065052242956, 0.042876243634],
      [0.010832019439, 0.11210033208, 0.0090443650421, 0.83523660277, 0.032786680669],
      [0.0026314062728, 0.73449421921, 0.14587012347, 0.079824249069, 0.037180001971],
      [0.12102137488, 0.2981507901, 0.17189261313, 0.065467610921, 0.34346761097]
    ],
    [
      [0.00064326543735, 0.069268389982, 0.042791648955, 0.77281919969, 0.11447749594],
      [0.81721801898, 0.012401362238, 0.13208153865, 0.027092165903, 0.01120691423],
      [0.030762533987, 0.11023204707, 0.81905070203, 0.0066536022373, 0.033301114668],
      [0.015234736294, 0.063595956872, 0.0075061017529, 0.89422319667, 0.019440008414],
      [0.0065765499029, 0.59731220566, 0.21968497668, 0.13581506029, 0.040611207465],
      [0.25254383358, 0.18056184343, 0.19493756791, 0.084757997674, 0.28719875741]
    ],
    [
      [0.00021176864423, 0.025493334712, 0.013596527883, 0.93882957217, 0.021868796587],
      [0.93986893655, 0.0028240059208, 0.041608651758, 0.015698405774, 0],
      [0.027718461134, 0.058522574907, 0.90503426866, 0.0087246953007, 0],
      [0.0012264679385, 0.020080789662, 0.0018571862523, 0.97683555615, 0],
      [0.021162660303, 0.55773399784, 0.17753646923, 0.24356687263, 0],
      [0.27451217249, 0.16869696026, 0.21860039159, 0.18389508532, 0.15429539034]
    ],
    [
      [0.00071134415094, 0.0551186018, 0.045310813709, 0.65457961457, 0.24427962577],
      [0.67729478095, 0.015316828771, 0.23775620333, 0.032589856429, 0.037042330515],
      [0.0098241056757, 0.07239891912, 0.85966894002, 0.001745302667, 0.056362732519],
      [0.011044040893, 0.057840155388, 0.0080545179839, 0.87058131608, 0.052479969659],
      [0.0033472480162, 0.53273418333, 0.26299851578, 0.11219159138, 0.088728461497],
      [0.074367650344, 0.12186944719, 0.18374864597, 0.056091764735, 0.56392249176]
    ],
    [
      [1.432402992e-06, 0.0036183303532, 0.00098612217121, 0.67053421119, 0.32485990388],
      [0, 0, 0.10762664723, 0.3849979291, 0.50737542367],
      [0, 0, 0.56589059324, 0.069026941603, 0.36508246516],
      [0, 0, 0, 1, 0],
      [0, 0, 0.19470157305, 0.40792124609, 0.39737718086],
      [2.7878491809e-06, 0.00045913131317, 0.00019313537107, 0.0044113835803, 0.99493356189]
    ],
    [
      [0.00027416335851, 0.070169855779, 0.031597859191, 0.73727906292, 0.16067905875],
      [0.65355889275, 0.028745219135, 0.22039119864, 0.060112187006, 0.037192502478],
      [0.015250172201, 0.14723067564, 0.76665141955, 0.0081560653953, 0.062711667213],
      [0.0066956534319, 0.066069703361, 0.0049381114504, 0.88980395318, 0.032492578577],
      [0.0026928326745, 0.63020618806, 0.16871937076, 0.1376080054, 0.060773603107],
      [0.10329412977, 0.20312799179, 0.15762449547, 0.090857576404, 0.44509580656]
    ],
    [
      [0.00037993636929, 0.091516476041, 0.038968186054, 0.66561625932, 0.20351914222],
      [0.67258282236, 0.029799730434, 0.21632083812, 0.043740802666, 0.037555806418],
      [0.016163100688, 0.15496296129, 0.75821268853, 0.0067436927234, 0.063917556775],
      [0.009465695999, 0.089728044988, 0.0068963420767, 0.85170667919, 0.042203237751],
      [0.002924226291, 0.66540474323, 0.1682222203, 0.10140554035, 0.062043269833],
      [0.1086138319, 0.21413776154, 0.15644180243, 0.066406584417, 0.45440001971]
    ],
    [
      [0.00050091703486, 0.1022610955, 0.055830295257, 0.6512975843, 0.19011010791],
      [0.6888766847, 0.024376529329, 0.22919276205, 0.031693124805, 0.025860899122],
      [0.016348117864, 0.12769185537, 0.80664177351, 0.0051559311066, 0.044162322154],
      [0.012896231162, 0.099741946054, 0.0087155872871, 0.83847319816, 0.040173037337],
      [0.0034316305549, 0.64885862687, 0.21029811587, 0.086789756856, 0.050621869848],
      [0.13574758865, 0.21707258357, 0.20385578509, 0.05883763154, 0.38448641115]
    ],
    [
      [0.00023182245439, 0.084958121354, 0.039141375803, 0.72955829796, 0.14611038243],
      [0.58895685685, 0.035629473671, 0.27979301471, 0.060954958264, 0.0346656965],
      [0.011122913253, 0.14788433188, 0.78675253499, 0.0068917180329, 0.047348501835],
      [0.0057687734484, 0.079287829747, 0.0059382603901, 0.87970459264, 0.029300543772],
      [0.0019959889839, 0.65465341999, 0.17919342322, 0.11676585556, 0.047391312253],
      [0.088736981743, 0.23961993298, 0.19016462731, 0.087447508715, 0.39403094925]
    ],
    [
      [0.00046642310474, 0.10093447728, 0.045858305186, 0.66222782341, 0.19051297103],
      [0.74253878343, 0.02309765262, 0.17889888789, 0.030615804017, 0.024848872039],
      [0.02140097234, 0.14788424619, 0.77247255208, 0.0059914536757, 0.052250775719],
      [0.013882269807, 0.09802918602, 0.0081787527245, 0.83989044062, 0.040019350828],
      [0.0037772848622, 0.67021311452, 0.18055890091, 0.092099400433, 0.053351299272],
      [0.15693410849, 0.21869667399, 0.17014868484, 0.061119953277, 0.3931005794]
    ],
    [
      [0.00035416493243, 0.067843907297, 0.032553658149, 0.73465821393, 0.16459005569],
      [0.69895794232, 0.02374950827, 0.19342256234, 0.051291552603, 0.032578434468],
      [0.018987515446, 0.13964331041, 0.77025630883, 0.0080420798269, 0.06307078548],
      [0.0086125515499, 0.063864101122, 0.0051067948302, 0.88920962068, 0.033206931815],
      [0.0034874689837, 0.61754000991, 0.17620264113, 0.1395137752, 0.06325610477],
      [0.12641395335, 0.18972269904, 0.15663829361, 0.087665160867, 0.43955989313]
    ],
    [
      [0.00033643787729, 0.077298198736, 0.031429074424, 0.75580545856, 0.1351308304],
      [0.6945675668, 0.028062314004, 0.19539735248, 0.054295080558, 0.027677686158],
      [0.017710989717, 0.1606180376, 0.76143654, 0.0081984072284, 0.05203602545],
      [0.0078028624923, 0.070914641724, 0.0049958729979, 0.88989972912, 0.02638689367],
      [0.0030103039967, 0.65774007494, 0.15872853952, 0.13241472165, 0.048106359895],
      [0.12493801689, 0.23075506624, 0.16196318588, 0.095525832515, 0.38681789848]
    ],
    [
      [0, 0.089215056909, 0.050746194827, 0.71233679998, 0.14770194828],
      [0.46347149389, 0.04081411341, 0.39400469206, 0.06383432427, 0.037875376369],
      [0.0043024338178, 0.12695493878, 0.82441382788, 0.0058832753321, 0.038445524186],
      [0.00266994908, 0.086133168925, 0.0075685569671, 0.87387468419, 0.029753640841],
      [0, 0.63644871324, 0.21482469046, 0.10460531213, 0.044121284176],
      [0.060438175218, 0.24045161375, 0.23626635587, 0.080858581092, 0.38198527407]
    ],
    [
      [0.00047875875478, 0.068430447237, 0.038696609577, 0.7428965019, 0.14949768254],
      [0.7914326593, 0.014881726649, 0.14323014665, 0.03200636313, 0.018449104277],
      [0.02868488476, 0.12129174218, 0.79356723205, 0.0070505982586, 0.04940554275],
      [0.013879172688, 0.06350958314, 0.0061190799438, 0.88643831515, 0.030053849074],
      [0.0055287741068, 0.60175718073, 0.20217939652, 0.13514459331, 0.055390055324],
      [0.20722985439, 0.17514377987, 0.17082489678, 0.080608825801, 0.36619264315]
    ],
    [
      [0.0003224110909, 0.086731756117, 0.044237603367, 0.69606908966, 0.17263913976],
      [0.59954801751, 0.032231864538, 0.27993897822, 0.051905937303, 0.036375202429],
      [0.011786968363, 0.13567115384, 0.79609984538, 0.0060935914766, 0.050348440943],
      [0.0074816799338, 0.083349436217, 0.0062727584704, 0.86712630082, 0.035769824564],
      [0.0023869487638, 0.64138432958, 0.19460758132, 0.10769250948, 0.053928630858],
      [0.092866510805, 0.22024014456, 0.19346092924, 0.075407498257, 0.41802491714]
    ],
    [
      [0.00050703458488, 0.071001695123, 0.045065584452, 0.74215376325, 0.14127192259],
      [0.74583785303, 0.016988656254, 0.18283056577, 0.035381892775, 0.018961032176],
      [0.022520239965, 0.1117982949, 0.81806833611, 0.0063676059559, 0.041245523065],
      [0.012663137512, 0.066289064471, 0.0070802059824, 0.8867345663, 0.02723302573],
      [0.0048504251094, 0.59256247128, 0.2237942475, 0.12922584064, 0.049567015469],
      [0.18276533036, 0.18401181108, 0.20127408575, 0.082021465535, 0.34992730727]
    ],
    [
      [0.00037514975074, 0.061019678131, 0.025679566533, 0.76239215704, 0.15053344854],
      [0.72806620946, 0.022548141862, 0.16174143174, 0.05618360056, 0.031460616378],
      [0.022545211451, 0.15300907721, 0.7439880689, 0.010247773871, 0.070209868569],
      [0.0084563318068, 0.05597310532, 0.0033305202235, 0.90241654999, 0.029823492662],
      [0.0038480895132, 0.61694195439, 0.15452863512, 0.16048094055, 0.064200380428],
      [0.13521332017, 0.18733077711, 0.13601981031, 0.09968548475, 0.44175060766]
    ],
    [
      [0.00041693713418, 0.09278875064, 0.04102393945, 0.72197490403, 0.14379546875],
      [0.68341178345, 0.028646756291, 0.2188252029, 0.043947524884, 0.025168732469],
      [0.015880411499, 0.15084089285, 0.78392373014, 0.0059982629891, 0.043356702528],
      [0.0093235352678, 0.085933371587, 0.0067808223043, 0.86916128849, 0.028800982355],
      [0.0029470246003, 0.67187108989, 0.17567180302, 0.10629539181, 0.043214690682],
      [0.12538678843, 0.24458329689, 0.18691347424, 0.079827423037, 0.36328901741]
    ],
    [
      [0.00037958477474, 0.080997378421, 0.043185998385, 0.70032485162, 0.1751121868],
      [0.66113764516, 0.02607424236, 0.23620845985, 0.04468767536, 0.031891977272],
      [0.015182482324, 0.12983413803, 0.79679636948, 0.005723597978, 0.052463412193],
      [0.0091365175166, 0.078250332425, 0.0064711344109, 0.86980798808, 0.036334027568],
      [0.0031041403193, 0.62796733263, 0.1990192576, 0.11253801556, 0.057371253897],
      [0.11580618779, 0.20309624762, 0.18667540509, 0.074584758537, 0.41983740096]
    ],
    [
      [0.00042371721105, 0.061828717054, 0.037338643284, 0.75340161779, 0.14700730467],
      [0.73133416649, 0.017718647968, 0.18377614387, 0.043081978418, 0.024089063256],
      [0.021240257928, 0.11493853208, 0.80522600581, 0.0074246183281, 0.05117058585],
      [0.010313637945, 0.05636210332, 0.0059874774886, 0.89768449658, 0.029652284667],
      [0.0043957611597, 0.58216835619, 0.20872658016, 0.14643477009, 0.058274532404],
      [0.15833548738, 0.17419509615, 0.18125191131, 0.089801775749, 0.3964157294]
    ],
    [
      [0.00052009234746, 0.072213437562, 0.057408548549, 0.68645022671, 0.18340769483],
      [0.67863227859, 0.017923798608, 0.2435141354, 0.034147111468, 0.025782675932],
      [0.016037869946, 0.091707443116, 0.84401567717, 0.0048958339293, 0.043343175835],
      [0.01255384011, 0.070755619699, 0.008280836211, 0.86991443874, 0.03849526524],
      [0.0040858367142, 0.56006810294, 0.26515917212, 0.1108461297, 0.059840758533],
      [0.14060687187, 0.16516350494, 0.22670914519, 0.066859996092, 0.4006604819]
    ],
    [
      [0.00061928357175, 0.039620199639, 0.015552079643, 0.76784136172, 0.17636707542],
      [0.85568859938, 0.0099577589298, 0.070536442575, 0.038684081704, 0.025133117407],
      [0.043039691518, 0.14089785168, 0.68797007151, 0.014674623108, 0.11341776219],
      [0.0125635061, 0.031241985536, 0.00051508906098, 0.9202704021, 0.035409017204],
      [0.0068070334356, 0.55340437571, 0.12830930092, 0.21265612201, 0.098823167935],
      [0.18342479614, 0.12003735877, 0.082203015165, 0.096316432966, 0.51801839697]
    ],
    [
      [0.00058169537046, 0.063831170111, 0.017760191019, 0.77749165174, 0.14033529176],
      [0.7775447722, 0.022787188547, 0.12267008093, 0.048705045928, 0.028292912397],
      [0.020646409465, 0.18025401287, 0.72027410593, 0.0067032331311, 0.072122238607],
      [0.0063520084023, 0.06230466423, 0, 0.89758449662, 0.033758830751],
      [0.0026575214806, 0.68206419104, 0.11261018431, 0.14583316288, 0.056834940291],
      [0.10148253375, 0.21178615134, 0.11018507248, 0.099839228364, 0.47670701406]
    ],
    [
      [0.0010998295132, 0.037745173109, 0.041660870897, 0.64027568654, 0.27921843994],
      [0.78733593735, 0.0066507089512, 0.15304873472, 0.02344717896, 0.029517440014],
      [0.018005242886, 0.056607419794, 0.84942963796, 0.0048827398343, 0.071074959527],
      [0.013769146974, 0.033650219479, 0.014443720901, 0.88349424382, 0.054642668822],
      [0.0055177017783, 0.4606208857, 0.27892894953, 0.13419878479, 0.1207336782],
      [0.11999084568, 0.079988163666, 0.15017944025, 0.051840736782, 0.59800081362]
    ],
    [
      [0.00031923455949, 0.20643245085, 0.11250180805, 0.40128465331, 0.27946185323],
      [0.86173286842, 0.0076253538317, 0.11861731124, 0.003730170444, 0.0082942960606],
      [0.0049794697658, 0.077108040598, 0.88395215717, 0.0031672668255, 0.03079306564],
      [0.010587946578, 0.20533702844, 0.014925741818, 0.69409767363, 0.075051609542],
      [0.0012554235999, 0.73817805911, 0.21420616378, 0.018144746172, 0.028215607339],
      [0.052317392963, 0.2726236429, 0.29732272592, 0.017579096422, 0.36015714179]
    ],
    [
      [0.00029944608216, 0.06678386053, 0.030440937337, 0.74962995401, 0.15284580204],
      [0.67426404392, 0.026591544692, 0.20494885082, 0.059767713587, 0.034427846985],
      [0.017412407168, 0.14672627179, 0.7643460025, 0.0089180712318, 0.062597247317],
      [0.0072703860077, 0.061965455776, 0.0046517571934, 0.89590748488, 0.030204916138],
      [0.0030644061419, 0.62169876896, 0.16858519045, 0.14639962734, 0.060252007097],
      [0.11567481997, 0.19897837826, 0.15581323796, 0.095567335741, 0.43396622807]
    ],
    [
      [0.00032846607304, 0.059835730801, 0.034368163537, 0.74617563897, 0.15929200062],
      [0.68309959657, 0.021296009577, 0.2098722729, 0.053310493074, 0.03242162788],
      [0.017556182398, 0.11994692826, 0.794926913, 0.008024717396, 0.059545258945],
      [0.008053947032, 0.055082897337, 0.0055832816608, 0.8989188234, 0.032361050571],
      [0.0035091301412, 0.58225125851, 0.19834368562, 0.15066799096, 0.065227934772],
      [0.12400759789, 0.17317487853, 0.1709479164, 0.0917256756, 0.44014393158]
    ],
    [
      [0.00045478654734, 0.058318955567, 0.027792197145, 0.74401319835, 0.16942086239],
      [0.74715382854, 0.018888213677, 0.15398111225, 0.048732334441, 0.031244511089],
      [0.025289730623, 0.13749279215, 0.75311197554, 0.0097305651389, 0.074374936553],
      [0.010423853782, 0.05403860249, 0.0037426324321, 0.89818147771, 0.033613433581],
      [0.0046449942076, 0.59509530114, 0.16865122124, 0.15868478346, 0.072923699954],
      [0.14815965921, 0.16583314473, 0.13602362017, 0.090284873193, 0.4596987027]
    ],
    [
      [0.00027019293497, 0.04132024832, 0.030106342119, 0.8212004755, 0.10710274112],
      [0.62961332848, 0.017476536174, 0.24521223589, 0.079293383014, 0.028404516447],
      [0.014463304361, 0.097502801473, 0.82973122436, 0.011523464238, 0.046779205567],
      [0.0057960261963, 0.028872790039, 0.0053855525079, 0.94097638208, 0.018969249179],
      [0.0031155929486, 0.51430003954, 0.21923988876, 0.20832335432, 0.055021124431],
      [0.11394226684, 0.15972219798, 0.19896375583, 0.13351023211, 0.39386154724]
    ]
  ],
  "expected_outcome": [
    [
      [0.014875685689, 0.033903672825, 0.0049508704759, 0, 0.0021515106885, 0.010418157288, 0.0011007587404, 0.0059683053564, 0.0089154940329, 0.0064326543735, 0, 0.0021340324528, 0, 0.010144044265, 0.02659554585, 0.030555939126, 0.007650140995, 0.041045233217, 0.032937338716, 0.0097566984414, 0, 0.016756556417, 0.036432453271, 0.029408005923, 0.0251350333, 0.0079218055495, 0.015942560539, 0.010592930276, 0.034326094932, 0.0086699700046, 0.0029084768523, 0.0065989770795, 0, 0.23865852748, 0.018722566163, 0.039111643071, 0.0062144375044],
      [6.0797643342, 4.7064968286, 0.51671582652, 0, 1.7965956357, 1.9760837638, 0.25506817275, 1.4349611722, 2.5989929705, 0.69268389982, 0, 0.1653558054, 0, 2.5962846638, 6.4061533229, 6.2379268254, 2.8036180047, 8.8822340004, 6.3094833787, 2.2416477633, 1.8735161951, 2.3950656533, 9.8006884413, 4.1180983171, 4.0883184347, 1.7629862622, 3.4018898937, 1.5457179263, 4.7660868791, 0.55468279495, 0.31915585056, 0.22647103865, 0, 53.2267368424, 3.4106366557, 5.0154301787, 0.95036571135],
      [2.4740297171, 2.0507780432, 0.094184087527, 0, 0.44102471123, 1.1790724837, 0.045441117202, 0.61639140897, 0.87237909839, 0.42791648955, 0, 0.13593244113, 0, 1.1691207901, 2.7277730238, 3.4056480106, 1.2916654015, 4.0355308564, 3.0274902078, 0.91144315831, 1.0656700914, 1.3543813352, 4.9988491805, 2.6138038982, 1.7205309577, 0.77945484954, 1.8138119322, 0.9334660821, 3.7889642042, 0.21772911501, 0.088800955096, 0.24996522538, 0, 24.2614270573, 1.9589853216, 2.3901289544, 0.69244586873],
      [69.775991206, 79.5966618921, 0.61113722066, 0, 7.6060202547, 12.3747301738, 2.4663178304, 18.031608045, 13.3787748308, 7.7281919969, 0, 1.9637388437, 0, 27.279325328, 46.5931381522, 39.7291526424, 24.0754238327, 58.2760484598, 68.3232138959, 21.9183582983, 14.9590727996, 26.0013775664, 78.655807132, 43.0449182683, 51.0802745219, 13.7175231765, 29.4136437682, 18.8350404446, 45.3057149628, 10.7497790641, 3.8874582587, 3.8416541192, 0, 597.4550733436, 42.5320114212, 63.9851350583, 18.8876109366],
      [15.6553390571, 13.6121595633, 1.7730119948, 0, 2.1542078877, 4.4596954214, 0.23207212092, 2.9110710685, 3.1409376064, 1.1447749594, 0, 0.73283887731, 0, 5.9451251738, 14.2463399553, 11.5967165824, 4.8216426201, 16.7651414503, 15.3068751789, 3.9187940816, 3.1017409139, 5.2324188887, 19.508222793, 8.1937715104, 10.0857410524, 2.7321139062, 7.3547118454, 3.6751826166, 12.104907859, 2.4691390559, 0.70167645881, 1.6753106397, 0, 121.8181042292, 9.0796440354, 14.5701941655, 2.4633630458]
    ],
    [
      [42.0059922739, 20.044878455, 7.0428396405, 3.626505597, 12.3291256195, 28.1290827864, 19.5873419139, 60.1909734432, 42.4203258882, 16.3443603796, 1.8797378731, 1.3545895619, 0, 30.717267959, 72.6389448152, 47.5324912442, 36.5153251248, 54.2053311907, 83.1759951359, 22.9207297045, 12.0502588411, 44.3202289206, 96.5272308188, 73.0921095969, 42.2278401487, 16.4018828029, 46.279635161, 34.3727058248, 62.4341696304, 5.9898201957, 2.3326343166, 3.1493437494, 0.86173286842, 413.3238589201, 71.0423580435, 188.282764792, 55.4059729061],
      [2.142843557, 0.5925246865, 0.2107940116, 0.14825981807, 1.5060319175, 0.84920007276, 0.98102523269, 2.3958208473, 2.1879145199, 0.24802724476, 0.0056480118416, 0.030633657541, 0, 1.3510252994, 3.2183708869, 1.6819805237, 2.2090273676, 1.6861286413, 2.8261914841, 0.92605636214, 1.0611669487, 0.83337669232, 5.1893301906, 1.6648883129, 1.307792228, 0.68752215098, 1.8251969652, 0.83277645448, 1.6489894719, 0.069704312509, 0.068361565641, 0.026602835805, 0.0076253538317, 16.3006168963, 2.214784996, 4.7598298466, 1.5379351833],
      [14.8292399573, 4.4114428855, 1.6189117921, 1.336623323, 6.6879583253, 8.8319968656, 3.0687439176, 17.6711043762, 13.3274870714, 2.6416307729, 0.083217303517, 0.47551240667, 0.10762664723, 10.3583863359, 23.3626505168, 15.8143005811, 17.3471669122, 13.0596188159, 23.0172849186, 6.4481126317, 10.2441219936, 8.0208882123, 45.0701754937, 17.917395445, 9.3810030409, 5.2518048696, 16.5345921896, 8.637478762, 22.4033004568, 0.49375509803, 0.3680102428, 0.61219493889, 0.11861731124, 125.6336455532, 21.8267163812, 38.8032402877, 21.578676758],
      [4.9056846352, 1.9893245879, 0.60126089899, 0.38010742445, 1.3857850365, 1.1005644519, 1.8883799055, 5.9980060256, 2.4735604111, 0.54184331805, 0.031396811548, 0.065179712859, 0.3849979291, 2.8252727893, 4.7240066879, 2.1868256116, 3.7792074124, 2.2349536933, 6.1036947597, 1.7917376584, 1.659692431, 1.7923563353, 8.3568559058, 3.4674254919, 3.2586488325, 1.0547405972, 3.1281372752, 2.0248529856, 3.1415342551, 0.27078857193, 0.14611513778, 0.093788715841, 0.003730170444, 36.6376084286, 5.5442912797, 12.2805482792, 6.9778177052],
      [3.1162395766, 0.96182938507, 0.52619365684, 0.50850383746, 1.0910991011, 1.0891558234, 0.47450903029, 2.7440953077, 1.5907121094, 0.2241382846, 0, 0.074084661029, 0.50737542367, 1.7480476165, 4.0560270932, 1.7844020394, 2.149273183, 1.8139676589, 3.8768337017, 0.91336364322, 0.98475978559, 1.0331498395, 5.856407591, 1.8581811533, 1.8247157499, 0.60404957926, 2.2324384091, 1.132185973, 2.3720061857, 0.17593182185, 0.084878737192, 0.11806976006, 0.0082942960606, 21.1042702018, 3.3718492995, 7.8736167945, 2.4995974473]
    ],
    [
      [1.8259055204, 1.4155736416, 0.15748896663, 0.079651289407, 0.39180873395, 1.2204731139, 0.63327376995, 0.89233057481, 0.74980743666, 0.89211348563, 0.083155383402, 0.06876873973, 0, 1.6927691143, 4.7196254009, 2.1089072044, 1.6906828145, 6.5914994806, 3.7975030893, 0.97410443446, 0.61524803595, 3.1266524388, 3.3121381101, 3.0852728751, 2.7054253741, 0.90518345546, 3.4767884522, 2.5700712093, 2.5339834515, 0.77471444733, 0.16517127572, 0.1260367002, 0.029876818595, 26.9369938892, 2.4754217181, 8.4720597588, 0.69423860931],
      [20.3945203631, 9.3960532987, 2.2402233206, 0.88230001189, 11.3144804853, 8.3667023142, 7.2561386426, 7.7663432822, 8.941928446, 3.1967293651, 0.17556772472, 0.50679243384, 0, 16.342604996, 45.249184696, 16.4722493424, 22.4784184464, 45.548347826, 27.928662083, 8.833992068, 18.1545562461, 13.2207998975, 38.1235942293, 15.3163664017, 18.3610892657, 8.5979308922, 29.7320176084, 13.9075623819, 14.4897760124, 2.5361613302, 1.4420321029, 0.39625193856, 0.46264824359, 226.9855424527, 16.9125168847, 46.0600853701, 4.6801344707],
      [95.7549036125, 47.3343508272, 5.1163042776, 5.9326506191, 33.1040668778, 58.5548609076, 15.5192991055, 38.8924759302, 34.9873351247, 23.752470359, 2.715102806, 6.0176825801, 1.6976717797, 85.0983075702, 221.3981050495, 104.0567887825, 119.5863853192, 237.9215460398, 154.0512617664, 41.8790097002, 117.8911773869, 86.4988282938, 223.7040565505, 112.0753620473, 89.2785682675, 44.6836526178, 182.4663686103, 97.4323467032, 133.3544769935, 12.3834612871, 5.7621928474, 5.9460074657, 5.303712943, 1182.4432658629, 112.0846947332, 252.2925118044, 39.8270987693],
      [1.259791061, 0.87251775528, 0.41773547462, 0.071526768789, 0.5464115031, 0.37447680532, 0.40058034691, 0.52389454408, 0.30574554189, 0.19295446488, 0.026174085902, 0.012217118669, 0.20708082481, 0.90532325888, 1.9691582752, 0.66511511276, 1.047541141, 1.8453677321, 1.6084159654, 0.45091239756, 0.84130837249, 0.76851521019, 1.7122992049, 0.87236201596, 1.2297328645, 0.34190099038, 1.310703937, 0.8983788177, 0.77354176083, 0.26414321594, 0.053625865049, 0.03417917884, 0.019003600953, 13.7962561956, 1.1314851528, 3.2597393215, 0.55312628343],
      [9.764879443, 4.9815044771, 1.0682479606, 1.0338713108, 2.6432323999, 3.483486859, 1.1907081351, 2.9249556688, 2.0151834508, 0.96573232537, 0, 0.39453912763, 1.0952473955, 6.9609950606, 18.6639265783, 5.6969395578, 7.1969722789, 16.0932389215, 12.6141570959, 2.8619813997, 5.4977099586, 5.3852041597, 14.1479119051, 5.6506366599, 8.4251842282, 2.4713320441, 12.0141213922, 6.1916408879, 6.8482217819, 2.0415197194, 0.57697790885, 0.49752471669, 0.18475839384, 96.8379415995, 8.3958815113, 24.9156037453, 2.2454018672]
    ],
    [
      [3.6997529144, 3.7071436011, 0.68505294882, 0.069602354847, 0.61981123345, 4.2154688166, 0.75626874637, 2.6440264845, 3.845366901, 3.0774167313, 0.015944083201, 0.33132122679, 0, 4.184783395, 5.4238438074, 6.3578419628, 2.5786417315, 6.5524313491, 8.1819239724, 2.2394215353, 0.3070441442, 3.8167724892, 7.3769364147, 9.3327323467, 5.0653427522, 1.5756774603, 2.9236856053, 2.8465640729, 7.2184580635, 1.77145436, 0.18420824367, 0.33045952738, 0.10587946578, 56.0764872772, 3.8497866813, 10.090290461, 1.7330118327],
      [46.0771310493, 21.3730971578, 6.3862070461, 1.2087627385, 15.8978370281, 29.3661439515, 7.6626152136, 24.2331975587, 39.7956178887, 12.8463832882, 0.2610502656, 1.7352046616, 0, 41.2935646008, 51.4141697782, 49.1727794045, 35.4416598971, 46.2697758015, 60.6708960664, 20.3525021747, 9.9053144264, 17.4651353635, 82.1825441097, 48.8550405148, 33.5278900868, 14.5227397982, 25.0401063761, 15.5559405162, 40.6844813268, 4.4051199606, 1.8068352627, 0.8076052675, 2.0533702844, 477.939560398, 26.3296249271, 52.3093672107, 8.6329642217],
      [3.1521761392, 1.2069753248, 0.7628032482, 0.31650764114, 1.5166669769, 2.7272436769, 0, 1.7677029296, 3.2107495899, 1.5162325541, 0.02414342128, 0.24163553952, 0, 3.0863196565, 3.95160401, 4.2967845326, 2.6544023944, 3.860371286, 4.8514550887, 1.4338155504, 0.87038405122, 1.6827469845, 6.1849398518, 5.2181118091, 1.9949816139, 1.1459589694, 2.0707630115, 1.6525437868, 4.7614808213, 0.072627557598, 0, 0.34664930162, 0.14925741818, 35.8790032329, 2.6688086339, 3.6228681943, 1.6102801999],
      [677.9852128775, 509.2942681754, 15.1931856194, 21.3897067871, 106.4737757039, 244.7128758276, 96.6607221056, 393.0105525115, 296.508993983, 180.6330857268, 12.6988622299, 26.1174394823, 10, 556.1274707372, 488.0279271732, 413.367286693, 393.227952911, 396.4282879724, 844.7491396481, 255.4012222563, 100.4955886815, 243.7705366674, 854.9865326039, 653.5233753662, 540.5475134428, 146.8882577541, 278.3385561854, 247.760921056, 500.2008022753, 129.758126696, 26.0299504019, 21.2038618518, 6.9409767363, 6910.1344309163, 429.6831975846, 869.4396704275, 281.3519382411],
      [25.0857270196, 14.4185157409, 2.9727511375, 1.0154204784, 5.4919090576, 13.9782677273, 0.92039393441, 10.3445205157, 11.6392716374, 3.9268816996, 0, 1.5743990898, 0, 20.3078616106, 24.1824552312, 19.8053074072, 13.0973430661, 18.889133591, 31.5465852245, 7.5730384833, 3.4216686967, 8.2648084953, 35.2690470199, 20.0707399632, 17.8642721043, 4.867366018, 11.6268888217, 8.184030568, 22.134777513, 4.9926714258, 0.97900609178, 1.3114240517, 0.75051609542, 232.9705181757, 15.4685821731, 32.5378037066, 5.6718055046]
    ],
    [
      [0.24931470375, 0.3053962476, 0.012733845169, 0.010116945037, 0.033894208749, 0.20758564682, 0.33167846985, 0.15162269609, 0.19209265791, 0.16441374757, 0.021162660303, 0.020083488097, 0, 0.29621159419, 0.76029883566, 0.57651393322, 0.25548658993, 0.97831677931, 0.77770558336, 0.23179340775, 0, 0.5749925071, 0.68266734644, 0.80517056816, 0.7311370075, 0.10314586101, 0.52459971396, 0.40001426553, 0.40449783471, 0.088491434663, 0.010630085922, 0.027588508891, 0.0025108471998, 5.9939784135, 0.38951344567, 1.1519585635, 0.084121009612],
      [69.043037624, 48.5530744259, 3.2542799409, 3.2862526865, 25.6883510974, 35.3504755893, 20.1829066982, 32.4063310337, 53.6180780027, 14.9328051415, 0.55773399784, 3.1964051, 0, 69.3226806863, 173.0052332389, 109.0082493148, 83.7956377586, 173.5851966611, 137.711422211, 50.6459857707, 64.91776875, 62.5827467959, 183.4359182587, 98.3653702317, 117.2189713342, 23.5154881461, 106.1264792137, 52.9773204134, 55.4467421912, 7.1942568842, 2.7282567642, 2.3031044285, 1.4763561182, 1216.042792094, 64.6298896948, 147.5836346839, 13.8861010675],
      [16.7010063478, 12.4775083544, 0.29287368558, 0.97904882036, 3.6748913453, 12.5189899907, 1.8497575199, 8.2612128656, 10.6485190135, 5.4921244169, 0.17753646923, 1.5779910947, 0.19470157305, 18.5591307832, 43.7377772782, 35.3300834658, 22.9367581719, 46.7647553358, 39.2931889718, 12.222097543, 21.9121184272, 21.0266572386, 55.6577682584, 37.1498450854, 29.3604406726, 6.1485131058, 33.6342545344, 18.9941187943, 26.2507580395, 1.6680209119, 0.45044073723, 1.3946447477, 0.42841232755, 329.7526325239, 22.0161491037, 41.825502867, 5.9194769966],
      [16.5178608696, 16.8498835839, 0.13958886004, 0.8830645049, 2.3090868901, 4.6136839708, 3.9195653997, 8.4279879874, 5.8271701821, 3.3953765073, 0.24356687263, 0.67314954827, 0.40792124609, 15.1368805945, 26.3654404906, 14.5806791517, 14.9460295112, 23.8537447122, 31.1115718701, 10.1959335667, 10.6697418368, 14.0550377047, 30.8000577109, 21.4514895469, 30.4913787043, 3.7203387132, 19.0189246293, 13.325564078, 10.9737668398, 2.7645295861, 0.58333265153, 0.67099392397, 0.036289492345, 286.3576710868, 16.724146996, 39.3538262972, 5.6247305667],
      [7.4887804548, 5.8141373882, 0.30052366834, 0.84151704323, 1.2937764585, 3.3092648023, 0.71609191242, 2.7528454172, 2.7141401439, 1.0152801866, 0, 0.53237076898, 0.39737718086, 6.6850963418, 16.1312501566, 8.5044741345, 6.0660879684, 13.8179865115, 14.1061113638, 3.7041897119, 4.5003709859, 5.7605657537, 15.4235884255, 8.2281245678, 12.1980722814, 1.5125141739, 9.6957419085, 5.3029824488, 5.9242350948, 1.2847011832, 0.22733976117, 0.603668391, 0.056431214678, 117.8529258817, 7.2403007597, 18.0850775885, 1.4855703596]
    ],
    [
      [3.2041589019, 2.4931043818, 0.096933728438, 0.21412381368, 0.62320869366, 2.216971479, 0.69033634116, 2.115078496, 2.7834916222, 1.5152630015, 0, 0.22310295103, 0, 3.0988238932, 5.430691595, 3.3936897162, 1.9522135983, 8.631375967, 3.0339348804, 1.6241942195, 1.0274489787, 4.1445970878, 3.0645948566, 3.6553066072, 3.2451196841, 2.0061886148, 2.779348507, 3.8000516971, 3.374564925, 0.36684959227, 0.30444760125, 0.35997253704, 0, 33.4300229725, 3.2241975452, 10.9638147817, 3.0764412047],
      [7.2627030725, 3.3787536024, 0.3917798543, 0.47442474513, 3.796703836, 3.0913943084, 1.6622460402, 3.7633461059, 6.8574681723, 1.0833710606, 0, 0.36560834158, 0, 6.0938397538, 10.7068880771, 5.4268145892, 5.2716385256, 12.0283170696, 4.5533447768, 2.9998158611, 4.0876774338, 3.5028755975, 7.2679247704, 3.6802362217, 4.4959386506, 3.9133327503, 4.8743099429, 4.1806823077, 3.9639241185, 0.24007471753, 0.63535845402, 0.239964491, 0, 57.5047513165, 4.5025468417, 12.27165271, 4.3124993454],
      [5.088644226, 2.5189445649, 0.11492290902, 0.43516959642, 1.5753917635, 3.1878360755, 0.51675833984, 2.7911124894, 3.9535301021, 1.1696254075, 0, 0.5512459379, 0, 4.7287348642, 7.8220901217, 5.0963946273, 4.1836218008, 9.3581776662, 3.7593190467, 2.1055214164, 4.0165280497, 3.4164979357, 6.3842106651, 4.025481715, 3.2644754475, 2.9906155878, 4.4802097221, 4.3500458715, 5.4410194847, 0.16440603033, 0.33055521744, 0.45053832074, 0, 45.0300257697, 4.4446458265, 10.0657478923, 5.3720214075],
      [3.5554593507, 2.3973440054, 0.037091926258, 0.27559451474, 0.67892061167, 0.82366877057, 0.66443441193, 2.0079508865, 1.5057550512, 0.50854798604, 0, 0.1682752942, 0, 2.7257272921, 3.3203292209, 1.4709407885, 1.9238451917, 3.3615974302, 2.1039638608, 1.2418358227, 1.3745958786, 1.612176516, 2.4884474425, 1.6404293107, 2.392451634, 1.2772387686, 1.7900342049, 2.155242618, 1.6046399062, 0.19263286593, 0.29951768509, 0.15552221035, 0, 27.6189600292, 2.3848675656, 6.6810806163, 3.604776267],
      [17.8890344489, 9.2118534455, 1.359271582, 3.60068733, 4.3257750952, 6.6801293666, 1.4662248669, 7.3225120222, 7.8997550523, 1.7231925445, 0, 1.6917674753, 0, 13.3528741967, 22.7200009854, 9.6121602787, 8.6686808835, 21.6205318669, 10.5494374352, 5.0286326803, 6.4937496592, 7.323852863, 13.7948222655, 6.9985461454, 10.6020145838, 5.8126242785, 10.0760976231, 9.5139775057, 9.6158515656, 1.0360367939, 1.4301210422, 1.7940024409, 0, 125.4162399121, 11.443742221, 34.0177039997, 10.6342617754]
    ]
  ],
  "prob": [
    [0.0003469680151, 0.072352283502, 0.034701456066, 0.7323598397, 0.16023945271],
    [0.68330996178, 0.025574772173, 0.20723624166, 0.051837163736, 0.032041860648],
    [0.017742627342, 0.14146183641, 0.77464869064, 0.0077278360021, 0.058419009612],
    [0.0084676522053, 0.0680613315, 0.0054213047129, 0.88598108912, 0.032068622466],
    [0.0032724418706, 0.62622186086, 0.17869341785, 0.13304509675, 0.05876718267],
    [0.12328050305, 0.20074938297, 0.16537169672, 0.086988880615, 0.42360953664]
  ],
  "iterations": 161,
  "time": 0.02505,
  "message": "Converged",
  "status": 0,
  "miniter": 0,
  "maxiter": 1000,
  "maxtime": 3600,
  "param_threshold": 0.001,
  "ll_threshold": "-Inf",
  "initial_prob": "random",
  "adjust_prob_cond_method": "project_lp",
  "adjust_prob_cond_every": false,
  "candidates_id": ["McLEAN, Ian Gordon.c", "MITCHELL, Clayton Robert Henry.c", "JONES, Rachel Anne.c", "BRIDGES, Simon Joseph.c", "Other candidates votes.c"],
  "group_id": ["Conservative.p", "Green Party.p", "Labour Party.p", "National Party.p", "New Zealand First Party.p", "Other parties votes.p"]
}
