{
  "X": [
    [11, 18, 141, 278, 8],
    [1, 3, 10, 97, 1],
    [86, 125, 475, 649, 18],
    [10, 3, 47, 83, 1],
    [4, 6, 38, 168, 0],
    [18, 48, 107, 236, 4],
    [27, 50, 139, 306, 6],
    [12, 29, 135, 238, 9],
    [3, 4, 18, 105, 1],
    [0, 3, 18, 22, 0],
    [10, 17, 53, 239, 5],
    [34, 49, 212, 322, 6],
    [52, 62, 334, 489, 21],
    [58, 45, 305, 721, 15],
    [18, 49, 239, 390, 15],
    [20, 28, 128, 171, 7],
    [58, 90, 296, 668, 13],
    [3, 1, 8, 26, 0],
    [6, 10, 48, 191, 1],
    [21, 15, 45, 238, 3],
    [4, 3, 9, 62, 0],
    [6, 28, 79, 120, 2],
    [11, 12, 33, 185, 2],
    [0, 0, 5, 17, 0],
    [1, 0, 5, 19, 0],
    [6, 27, 35, 287, 6],
    [12, 12, 32, 230, 5],
    [0, 5, 4, 35, 1],
    [1, 0, 14, 19, 1],
    [4, 4, 19, 60, 1],
    [0, 2, 6, 12, 0],
    [2, 9, 35, 125, 1],
    [1, 3, 12, 129, 0],
    [3, 14, 27, 126, 3],
    [4, 13, 44, 85, 3],
    [10, 22, 68, 98, 4],
    [16, 15, 61, 248, 9],
    [3, 3, 14, 121, 1],
    [10, 12, 17, 91, 2],
    [29, 26, 114, 193, 3],
    [8, 21, 96, 78, 4],
    [7, 16, 76, 147, 4],
    [41, 64, 213, 424, 7],
    [3, 4, 21, 61, 0],
    [0, 2, 8, 26, 1],
    [0, 1, 5, 26, 0],
    [1, 7, 10, 26, 0],
    [8, 9, 45, 72, 5],
    [9, 6, 57, 223, 5],
    [1, 2, 6, 44, 0],
    [3, 1, 19, 90, 0],
    [11, 11, 67, 148, 3],
    [5, 9, 34, 89, 1],
    [3, 2, 7, 66, 0],
    [8, 7, 21, 135, 0],
    [1, 11, 26, 123, 2],
    [11, 17, 37, 113, 1],
    [0, 2, 17, 39, 1],
    [4, 1, 3, 17, 0],
    [0, 1, 5, 16, 0],
    [6, 4, 22, 40, 1],
    [4, 4, 68, 113, 3],
    [2, 4, 5, 8, 0],
    [1, 2, 6, 22, 1],
    [0, 2, 6, 13, 0],
    [3, 9, 29, 43, 0],
    [0, 3, 8, 29, 2],
    [13, 6, 58, 105, 2],
    [1, 2, 7, 19, 0],
    [14, 31, 63, 172, 9],
    [0, 2, 3, 35, 0],
    [8, 1, 11, 60, 1],
    [1, 2, 5, 1, 0],
    [23, 23, 99, 306, 2],
    [0, 4, 7, 22, 0],
    [16, 15, 92, 209, 6],
    [18, 71, 218, 232, 9],
    [14, 14, 168, 370, 17],
    [6, 11, 19, 65, 1],
    [24, 45, 132, 271, 12],
    [4, 17, 60, 68, 3],
    [5, 6, 28, 84, 3],
    [4, 2, 2, 31, 1],
    [5, 12, 64, 97, 5],
    [6, 22, 55, 140, 0],
    [6, 11, 75, 122, 6],
    [15, 31, 119, 190, 4],
    [15, 16, 89, 72, 4],
    [1, 4, 41, 14, 1],
    [2, 2, 11, 14, 0],
    [4, 1, 8, 18, 1],
    [8, 28, 107, 163, 1],
    [11, 20, 42, 129, 3],
    [7, 4, 63, 108, 0],
    [3, 6, 13, 96, 3],
    [6, 14, 39, 83, 1],
    [4, 4, 23, 79, 3],
    [13, 8, 66, 271, 2],
    [1, 6, 13, 45, 1],
    [401, 622, 2351, 4951, 143],
    [32, 50, 287, 432, 20],
    [89, 139, 539, 1100, 44],
    [10, 13, 104, 183, 7]
  ],
  "W": [
    [23, 44, 97, 245, 35, 12],
    [5, 1, 8, 89, 8, 1],
    [126, 114, 323, 578, 189, 23],
    [11, 28, 22, 68, 7, 8],
    [6, 15, 21, 152, 13, 9],
    [21, 15, 82, 213, 73, 9],
    [25, 31, 93, 278, 84, 17],
    [24, 28, 88, 217, 55, 11],
    [10, 4, 12, 94, 7, 4],
    [1, 2, 15, 21, 4, 0],
    [21, 17, 29, 219, 33, 5],
    [34, 68, 140, 281, 88, 12],
    [65, 68, 236, 439, 121, 29],
    [64, 65, 204, 686, 98, 27],
    [27, 40, 176, 365, 81, 22],
    [20, 41, 79, 157, 44, 13],
    [85, 79, 204, 578, 147, 32],
    [6, 0, 6, 21, 5, 0],
    [15, 18, 28, 176, 13, 6],
    [19, 10, 29, 223, 34, 7],
    [4, 3, 7, 56, 7, 1],
    [7, 20, 60, 104, 39, 5],
    [20, 12, 17, 164, 24, 6],
    [0, 4, 2, 14, 2, 0],
    [1, 2, 2, 17, 3, 0],
    [20, 16, 22, 254, 43, 6],
    [19, 15, 22, 209, 23, 3],
    [1, 0, 3, 33, 5, 3],
    [1, 3, 11, 15, 2, 3],
    [3, 7, 8, 61, 6, 3],
    [1, 0, 5, 9, 3, 2],
    [7, 12, 19, 112, 17, 5],
    [8, 5, 11, 112, 9, 0],
    [6, 14, 21, 114, 18, 0],
    [10, 22, 25, 74, 16, 2],
    [8, 17, 44, 87, 37, 9],
    [22, 10, 48, 229, 27, 13],
    [7, 4, 15, 110, 5, 1],
    [11, 9, 13, 83, 13, 3],
    [24, 24, 81, 175, 51, 10],
    [12, 16, 73, 66, 32, 8],
    [7, 17, 52, 139, 30, 5],
    [52, 55, 147, 380, 99, 16],
    [7, 3, 10, 57, 10, 2],
    [0, 3, 6, 22, 4, 2],
    [1, 0, 5, 25, 1, 0],
    [2, 2, 6, 24, 7, 3],
    [7, 31, 17, 60, 14, 10],
    [13, 18, 39, 208, 18, 4],
    [2, 2, 4, 41, 2, 2],
    [11, 3, 11, 84, 2, 2],
    [16, 36, 36, 122, 16, 14],
    [11, 21, 17, 73, 10, 6],
    [7, 2, 5, 60, 3, 1],
    [12, 5, 17, 123, 8, 6],
    [7, 12, 9, 110, 21, 4],
    [11, 21, 10, 100, 26, 11],
    [1, 5, 11, 39, 2, 1],
    [3, 4, 1, 16, 1, 0],
    [1, 1, 3, 15, 1, 1],
    [8, 13, 12, 35, 4, 1],
    [14, 18, 44, 101, 10, 5],
    [0, 6, 2, 9, 2, 0],
    [3, 2, 8, 16, 3, 0],
    [2, 0, 7, 9, 3, 0],
    [8, 16, 16, 32, 11, 1],
    [4, 6, 4, 21, 6, 1],
    [16, 29, 34, 87, 11, 7],
    [2, 5, 2, 17, 3, 0],
    [27, 19, 39, 148, 39, 17],
    [0, 1, 1, 33, 4, 1],
    [8, 8, 7, 54, 4, 0],
    [0, 1, 5, 1, 2, 0],
    [29, 19, 72, 270, 57, 6],
    [0, 4, 3, 18, 6, 2],
    [18, 16, 55, 193, 47, 9],
    [27, 43, 160, 221, 82, 15],
    [30, 62, 97, 348, 30, 16],
    [6, 4, 12, 62, 15, 3],
    [25, 29, 85, 252, 79, 14],
    [3, 8, 50, 56, 33, 2],
    [9, 9, 13, 77, 15, 3],
    [4, 0, 1, 30, 4, 1],
    [6, 20, 43, 87, 17, 10],
    [9, 9, 44, 122, 31, 8],
    [11, 13, 54, 111, 21, 10],
    [26, 23, 88, 169, 38, 15],
    [14, 12, 61, 67, 27, 15],
    [2, 6, 27, 14, 4, 8],
    [2, 1, 9, 12, 3, 2],
    [6, 1, 7, 13, 5, 0],
    [11, 40, 60, 150, 38, 8],
    [16, 11, 27, 112, 33, 6],
    [13, 31, 32, 91, 9, 6],
    [5, 8, 3, 94, 8, 3],
    [6, 6, 34, 79, 14, 4],
    [11, 7, 11, 79, 3, 2],
    [24, 22, 31, 249, 25, 9],
    [2, 1, 9, 39, 10, 5],
    [586, 634, 1593, 4452, 976, 227],
    [42, 86, 195, 371, 87, 40],
    [86, 203, 340, 969, 227, 86],
    [9, 71, 49, 165, 14, 9]
  ],
  "method": "mvn_cdf",
  "mvncdf_method": "genz",
  "mvncdf_samples": 5000,
  "mvncdf_error": 1e-06,
  "cond_prob": [
    [
      [0.26733350517, 0.019748870449, 0.10426032692, 0.58526713279, 0.023390164677],
      [0.032834902143, 0.025385017394, 0.6530228991, 0.24736178557, 0.041395395795],
      [0.0061812966626, 0.023589169388, 0.93806775416, 0.023385780907, 0.0087759988804],
      [0.0018334125848, 3.9425212647e-05, 0.017326016228, 0.97366499171, 0.0071361542617],
      [0.062236478784, 0.3894034026, 0.25123931816, 0.27306711917, 0.02405368128],
      [0.014962089151, 0.041825626288, 0.48651522129, 0.27343704102, 0.18326002226]
    ],
    [
      [0.14998424338, 0.010808533444, 0.051943300745, 0.77438234801, 0.012881574417],
      [0.025013932589, 0.019585106016, 0.48363721239, 0.43990716124, 0.03185658776],
      [0, 0.022723159366, 0.91372500187, 0.049729542651, 0.013822296115],
      [0, 0.0011754796026, 0.002838459211, 0.99032829889, 0.0056577622921],
      [0.026762679913, 0.32613520421, 0.16972845654, 0.46001742896, 0.017356230369],
      [0.010963411215, 0.030887633504, 0.33639574683, 0.47098672417, 0.15076648428]
    ],
    [
      [0.43818483125, 0.035205301693, 0.124947225, 0.38291747656, 0.018745165499],
      [0.050740272198, 0.04214109258, 0.7243867047, 0.1518811898, 0.030850740717],
      [0.0086540896025, 0.035385746993, 0.93698490543, 0.013040428571, 0.0059348294058],
      [0.011266387396, 0.0037173981874, 0.028723849496, 0.94926328151, 0.0070290834119],
      [0.080044591069, 0.53161374949, 0.23351710266, 0.13982841359, 0.014996143194],
      [0.024723898402, 0.074208536834, 0.57797058477, 0.17931030471, 0.14378667528]
    ],
    [
      [0.49120808214, 0.0098632334974, 0.071964961895, 0.42070552916, 0.0062581933102],
      [0.079716894618, 0.0071816863759, 0.64871540016, 0.25817276022, 0.0062132586246],
      [0.015076977241, 0.016797828582, 0.9412325325, 0.023530783097, 0.0033618785745],
      [0.0087369972654, 0, 0.018332559327, 0.97293044341, 0],
      [0.15878588537, 0.29359781398, 0.25398607068, 0.28422010564, 0.0094101243255],
      [0.04091594202, 0.033210035793, 0.53909024631, 0.30961422173, 0.077169554148]
    ],
    [
      [0.25460163552, 0.014083928886, 0.073532263488, 0.65778217211, 0],
      [0.037985282, 0.022683919816, 0.59204871315, 0.34728208504, 0],
      [0.007772614282, 0.023102652209, 0.93414235003, 0.034982383476, 0],
      [0.0034026235976, 0.00056156384632, 0.011141066381, 0.98489474617, 0],
      [0.069779704227, 0.34606241773, 0.22151005631, 0.36264782174, 0],
      [0.035005679464, 0.056212533108, 0.49866817214, 0.41011361529, 0]
    ],
    [
      [0.40537081595, 0.035893416995, 0.088483589798, 0.45698858522, 0.01326359203],
      [0.056978752469, 0.053133082751, 0.63998637339, 0.22286252284, 0.027039268553],
      [0.010635838238, 0.049004625656, 0.91373927633, 0.020921695463, 0.0056985643172],
      [0.009378646521, 0.0002118978135, 0.016771356773, 0.96930424842, 0.0043338504752],
      [0.075595638514, 0.56932802724, 0.17197819664, 0.17209763729, 0.011000500316],
      [0.027139946879, 0.091642497255, 0.49874677857, 0.25775448943, 0.12471628786]
    ],
    [
      [0.46910275285, 0.027296379107, 0.086468116672, 0.40459302259, 0.01253972878],
      [0.069333882937, 0.042371812154, 0.65398438322, 0.20750174562, 0.026808176074],
      [0.01283109787, 0.038718724609, 0.9235118458, 0.019332625247, 0.0056057064743],
      [0.0096695993497, 0.0019205403575, 0.018785193894, 0.96541793373, 0.0042067326695],
      [0.10319379877, 0.50715243034, 0.19760804066, 0.17979821122, 0.012247519001],
      [0.033727117055, 0.074618152272, 0.52098942506, 0.2450265208, 0.12563878482]
    ],
    [
      [0.29451278292, 0.02818512098, 0.14995180645, 0.49237581297, 0.03497447668],
      [0.028124548221, 0.028207819855, 0.73340014495, 0.16203675166, 0.048230735309],
      [0.004775777452, 0.023611777367, 0.94858039583, 0.01382952399, 0.0092025253637],
      [0.0026300670343, 0.0025809813462, 0.025202774354, 0.96012035194, 0.009465825324],
      [0.054765001833, 0.44334831151, 0.28928313392, 0.18383782128, 0.028765731454],
      [0.012830708788, 0.046515604282, 0.54648212302, 0.1792506172, 0.21492094671]
    ],
    [
      [0.22236846435, 0.017530789804, 0.071515351985, 0.67896374091, 0.0096216529474],
      [0.032384936757, 0.027908135593, 0.57494046199, 0.34381804787, 0.020948417792],
      [0.0065508477153, 0.028311794364, 0.92565928473, 0.034667335459, 0.0048107377282],
      [0.001354271785, 0.0030381084124, 0.0084209692349, 0.98405190305, 0.0031347475187],
      [0.054201568295, 0.41365641125, 0.18874401105, 0.33275677179, 0.010641237619],
      [0.015363227752, 0.048035239427, 0.4410985075, 0.39722652119, 0.098276504132]
    ],
    [
      [0, 0.04343978361, 0.2738556071, 0.68270460929, 0],
      [0, 0.035884621666, 0.8368336419, 0.12728173644, 0],
      [0, 0.025412283005, 0.96534681215, 0.0092409048438, 0],
      [0, 0.0038876993364, 0.024450839591, 0.97166146107, 0],
      [0, 0.60549126048, 0.26470182385, 0.12980691567, 0],
      [0.0047378828333, 0.066344908863, 0.74122814765, 0.17723953485, 0.010449525799]
    ],
    [
      [0.29216697463, 0.023414160666, 0.097575415012, 0.5624057444, 0.024437705292],
      [0.036971173873, 0.031268047143, 0.64068579284, 0.24611435245, 0.044960633693],
      [0.0069898148141, 0.029238957126, 0.93086412868, 0.023363490223, 0.0095436091581],
      [0.0038410309512, 0.0013561387424, 0.015381196515, 0.97180551808, 0.0076161157092],
      [0.06392259857, 0.44178580555, 0.22306704233, 0.24748129892, 0.023743254634],
      [0.016529483227, 0.050578020046, 0.46690072827, 0.267140567, 0.19885120145]
    ],
    [
      [0.45727420825, 0.02327548977, 0.093713794619, 0.41388710549, 0.011849401869],
      [0.064773036084, 0.03444767664, 0.67409576036, 0.20254726626, 0.024136260657],
      [0.011786031532, 0.030919355092, 0.93378243179, 0.018551305622, 0.0049608759615],
      [0.0091571887268, 0.0018083256838, 0.020224138711, 0.96596066004, 0.0028496868412],
      [0.10726685366, 0.4578152208, 0.22719244773, 0.19543849016, 0.012286987654],
      [0.03211774142, 0.061800222959, 0.54748003748, 0.24365907637, 0.11494292177]
    ],
    [
      [0.43919947447, 0.022010469162, 0.11075856409, 0.39993719633, 0.028094295957],
      [0.054746180906, 0.028488679882, 0.69537314077, 0.17134076168, 0.050051236759],
      [0.0097417123683, 0.024978296758, 0.93989236435, 0.015347763639, 0.010039862889],
      [0.010101612353, 0.00066668936048, 0.024716510824, 0.95635313249, 0.0081620549721],
      [0.10141918842, 0.42217190321, 0.26276923664, 0.18512187567, 0.028517796056],
      [0.024962762676, 0.046956355865, 0.5191412376, 0.18938158986, 0.219558054]
    ],
    [
      [0.48725429842, 0.017389900628, 0.10376317965, 0.37485485267, 0.01673776863],
      [0.065554982442, 0.024327796878, 0.70430522255, 0.17360904054, 0.032202957587],
      [0.011579781862, 0.020075437694, 0.94537699005, 0.015442686892, 0.0075251035051],
      [0.0099811014974, 0, 0.024930777165, 0.95879020473, 0.0062979166107],
      [0.12730889928, 0.37800374034, 0.27887061356, 0.19657371029, 0.019243036533],
      [0.032187695796, 0.043184582229, 0.56631769638, 0.20666998581, 0.15164003979]
    ],
    [
      [0.32461423196, 0.031891933742, 0.13603057676, 0.4731143322, 0.03434892534],
      [0.033552664488, 0.03437143374, 0.71277423344, 0.16833226781, 0.050969400522],
      [0.0058217453494, 0.029387401281, 0.94014192587, 0.014691596938, 0.0099573305571],
      [0.0048150010083, 0.0027751487568, 0.025085516178, 0.95861411679, 0.0087102172678],
      [0.059005150127, 0.48580465893, 0.2551099654, 0.17255562982, 0.027524595722],
      [0.015081338542, 0.055853233845, 0.52414116062, 0.18344284606, 0.22148142094]
    ],
    [
      [0.49487935556, 0.028511974748, 0.11245150619, 0.34432760246, 0.019829561042],
      [0.060854833511, 0.037250703207, 0.71789154712, 0.14826907692, 0.035733839241],
      [0.010417762627, 0.031507152892, 0.93838132947, 0.012790216454, 0.006903538553],
      [0.012614574174, 0.0039113420768, 0.027247277693, 0.94588285126, 0.010343954796],
      [0.10053072815, 0.49898609518, 0.2399502502, 0.14246896363, 0.018063962852],
      [0.029270867968, 0.064919053944, 0.56535829302, 0.17321128075, 0.16724050432]
    ],
    [
      [0.38972871207, 0.027173670598, 0.084008426484, 0.48523297711, 0.013856213745],
      [0.057777702202, 0.041697488186, 0.62468869782, 0.24659551974, 0.029240592048],
      [0.011184442165, 0.039768693617, 0.91863755192, 0.024021150576, 0.0063881617233],
      [0.0078059578486, 0.0016886840643, 0.015017409628, 0.97203861982, 0.0034493286414],
      [0.085975875013, 0.49673505135, 0.18982898722, 0.21405883486, 0.013401251555],
      [0.02739679798, 0.071475343668, 0.48505912946, 0.28340203717, 0.13266669172]
    ],
    [
      [0.34313253211, 0, 0.076492967752, 0.58037450014, 0],
      [0.04559190994, 0.0107624945, 0.6586931622, 0.28162757502, 0.0033248583405],
      [0.0075504293971, 0, 0.9694826149, 0.022966955706, 0],
      [0.012628371344, 0, 0.015555013515, 0.97181661514, 0],
      [0.12614128655, 0.2, 0.27949824406, 0.39436046939, 0],
      [0.02480001655, 0.021042780283, 0.56635003623, 0.37803323492, 0.0097739320227]
    ],
    [
      [0.26885595545, 0.031241930612, 0.10131413783, 0.58947490716, 0.0091130689491],
      [0.033114324406, 0.041095100009, 0.65721711165, 0.25216551745, 0.01640794648],
      [0.0060778563843, 0.037374191457, 0.92991789009, 0.026556216384, 7.3845681267e-05],
      [0.0025979709698, 0.0026902045815, 0.016279216262, 0.97843260819, 0],
      [0.04965713686, 0.5253567808, 0.19775040051, 0.21969554396, 0.0075401378742],
      [0.016356196725, 0.073677953848, 0.52946362192, 0.30252365123, 0.07797857628]
    ],
    [
      [0.57480122932, 0.012636869232, 0.049598066547, 0.35411898541, 0.0088448494901],
      [0.12145271993, 0.028798532836, 0.55642232347, 0.26551567377, 0.027810749993],
      [0.025602872632, 0.030208545172, 0.9093216161, 0.028223325121, 0.0066436409772],
      [0.0051271340054, 0.0027820975604, 0.013380773773, 0.97433896957, 0.0043710250938],
      [0.19309071835, 0.37116536376, 0.17757240719, 0.24468620586, 0.013485304845],
      [0.059047261483, 0.050833746043, 0.44310174832, 0.31445498547, 0.13256225868]
    ],
    [
      [0.46388697848, 0.009235269663, 0.031929138598, 0.49494861326, 0],
      [0.10038598783, 0.024807845427, 0.44525563561, 0.42955053114, 0],
      [0.023528736741, 0.030257169552, 0.89412552572, 0.052088567985, 0],
      [0.0081315933327, 0.0049698692516, 3.4580389294e-05, 0.98686395703, 0],
      [0.16137244609, 0.33629061322, 0.13152628097, 0.37081065971, 0],
      [0.093616616135, 0.044488227575, 0.35501739013, 0.50687776616, 0]
    ],
    [
      [0.31047261968, 0.041065993272, 0.095789757938, 0.54070432163, 0.01196730747],
      [0.039673801471, 0.055937928817, 0.64094309818, 0.24097246175, 0.022472709788],
      [0.0073686142801, 0.050224127521, 0.91409000711, 0.023413143436, 0.0049041076521],
      [0.0047829080353, 0, 0.015950544924, 0.97633683848, 0.0029297085598],
      [0.051255968557, 0.59220937068, 0.16680321033, 0.18085577539, 0.0088756750422],
      [0.018938713313, 0.096833272567, 0.50020548586, 0.27968509307, 0.10433743519]
    ],
    [
      [0.33876435217, 0.018712690423, 0.070292975955, 0.56179577936, 0.010434202089],
      [0.053355999957, 0.031418930795, 0.58288052526, 0.30823828449, 0.024106259498],
      [0.010862837442, 0.031769890563, 0.92030845477, 0.031506171213, 0.0055526460087],
      [0.0071133435452, 0.0017540066038, 0.010276046934, 0.97812063432, 0.0027359685972],
      [0.086708002499, 0.42066946238, 0.1898234076, 0.29083046879, 0.011968658739],
      [0.025365386539, 0.05415111706, 0.45221616117, 0.35631746816, 0.11194986707]
    ],
    [
      [0.009370955637, 0.0019096564843, 0.047467746096, 0.94037507138, 0.00087657040032],
      [0, 0, 0.54264251178, 0.45735748822, 0],
      [0, 0, 0.95955314129, 0.040446858711, 0],
      [0, 0, 0.019798785342, 0.98020121466, 0],
      [0, 0, 0.31657033776, 0.68342966224, 0],
      [0.0028933590565, 0.006428867004, 0.41396863873, 0.57412821704, 0.0025809181709]
    ],
    [
      [0.29194610984, 0, 0.090718635592, 0.61733525457, 0],
      [0.030107984862, 0, 0.74668610808, 0.22320590706, 0],
      [0.0070965599597, 0, 0.9770629295, 0.015840510543, 0],
      [0.0056022190138, 0, 0.016471968075, 0.97792581291, 0],
      [0.17946902576, 0, 0.393919944, 0.42661103024, 0],
      [0.014014434763, 0.0083715960077, 0.66045113888, 0.31607303186, 0.0010897984837]
    ],
    [
      [0.20117155108, 0.028894243246, 0.055243248229, 0.68911189592, 0.025579061527],
      [0.0332332092, 0.049842404225, 0.46599557316, 0.39004280355, 0.060886009861],
      [0.0080365260827, 0.059647627721, 0.86854995968, 0.047265535955, 0.016500350563],
      [0, 0.003042469651, 0.0013253926124, 0.98897450553, 0.0066576322078],
      [0.027652331348, 0.53746102943, 0.12068386409, 0.29040531903, 0.023797456106],
      [0.01316396823, 0.071462883428, 0.30084181211, 0.3750470519, 0.23948428432]
    ],
    [
      [0.35321974816, 0.016913879702, 0.048113433805, 0.55605361788, 0.025699320452],
      [0.065745944367, 0.033552690524, 0.46882641376, 0.36130860311, 0.070566348246],
      [0.015870214423, 0.040316618622, 0.88093700035, 0.043801910301, 0.019074256303],
      [0.0077170246965, 0.0029181389726, 0.0025153806982, 0.979905399, 0.0069440566279],
      [0.098401925135, 0.41457854633, 0.14120014683, 0.31375848374, 0.032060897969],
      [0.025796154136, 0.047727569119, 0.29983886684, 0.34501222306, 0.28162518684]
    ],
    [
      [0, 0.080899553378, 0.066250135367, 0.71667115858, 0.13617915267],
      [0.01600796782, 0.11828398331, 0.52386695978, 0.30893476251, 0.032906326571],
      [0, 0.11346357693, 0.84815721124, 0.028301640204, 0.01007757162],
      [0, 0, 0.0028007874978, 0.98663918106, 0.010560031439],
      [0, 0.80605271221, 0.054877913499, 0.13356932594, 0.0055000483561],
      [0, 0.18281538493, 0.34082089199, 0.32382810535, 0.15253561773]
    ],
    [
      [0.22893615698, 0, 0.057324416245, 0.69993676209, 0.013802664689],
      [0.032384670885, 0, 0.55378438803, 0.38098864832, 0.032842292766],
      [0.0064486858534, 0, 0.94431689353, 0.036136416057, 0.013098004562],
      [0.0075566222206, 0, 0.011353148056, 0.960110079, 0.020980150721],
      [0.20595575395, 0, 0.2481295867, 0.52767206878, 0.018242590571],
      [0.025904481592, 0, 0.40909339888, 0.43420046457, 0.13080165496]
    ],
    [
      [0.58773956422, 0.023763156627, 0.1160416315, 0.26353256246, 0.0089230851979],
      [0.058237781491, 0.030711501206, 0.78565909567, 0.1094164226, 0.015975199033],
      [0.0089513920893, 0.023737515868, 0.95588960383, 0.0085921754692, 0.0028293127453],
      [0.016977859083, 0.0047484807906, 0.0306173804, 0.93892295532, 0.0087333244059],
      [0.10483782812, 0.50899947064, 0.26573998361, 0.11187913763, 0.0085435799981],
      [0.030943109132, 0.060058580885, 0.68101483304, 0.14305828346, 0.084925193489]
    ],
    [
      [0, 0.024980673139, 0.080190265396, 0.89482906147, 0],
      [0.0091752658672, 0.031539554676, 0.53690470062, 0.41788777811, 0.0044927007253],
      [0, 0.03336895532, 0.93156932776, 0.035061716923, 0],
      [0, 0.0084427274666, 0.004563012224, 0.98699426031, 0],
      [0, 0.52693405798, 0.13397233682, 0.3390936052, 0],
      [0, 0.075693914561, 0.40948948767, 0.51481659777, 0]
    ],
    [
      [0.19097061081, 0.022958403487, 0.10489598431, 0.67131054382, 0.0098644575751],
      [0.022577628558, 0.028932851981, 0.6584040897, 0.27303872665, 0.017046703106],
      [0, 0.026453236773, 0.94066649447, 0.029320085, 0.0035601837591],
      [0, 0.00088323712456, 0.015995544338, 0.98228597826, 0.00083524027264],
      [0.019796126734, 0.44894569536, 0.23877262006, 0.28318016097, 0.0093053968789],
      [0.011148005438, 0.051697214801, 0.52831602633, 0.32743751127, 0.08140124216]
    ],
    [
      [0.10925761789, 0.0068878584584, 0.028927691612, 0.85492683204, 0],
      [0.025187811379, 0.015768500506, 0.33079736057, 0.62824632754, 0],
      [0, 0.025564619506, 0.82762166151, 0.14681371899, 0],
      [0, 0.00063681323162, 0, 0.99936318677, 0],
      [0, 0.27928008148, 0.11230593196, 0.60841398656, 0],
      [0.011173586159, 0.025288332143, 0.23710386907, 0.66479398883, 0.061640223791]
    ],
    [
      [0.23122228446, 0.038928051291, 0.05557789529, 0.64427936513, 0.029992403831],
      [0.036773445661, 0.066499608237, 0.4690879288, 0.3563641256, 0.0712748917],
      [0.0085479564883, 0.077008024294, 0.85481720099, 0.04129929157, 0.018327526661],
      [0.0018140845795, 0.0013376100027, 0.002907423851, 0.98496835188, 0.0089725296903],
      [0.039529184759, 0.61476561814, 0.10092744919, 0.22175271188, 0.023025036036],
      [0.013763846508, 0.090500795253, 0.28497994423, 0.32513933065, 0.28561608336]
    ],
    [
      [0.26655505473, 0.047417427672, 0.11656722947, 0.54276068502, 0.026699603112],
      [0.028746827842, 0.054996116213, 0.66964065109, 0.20380356713, 0.042812837731],
      [0.0030459962212, 0.048484704655, 0.9196844339, 0.018178167439, 0.010606697781],
      [0, 0.00089957317238, 0.018162588425, 0.96921288506, 0.011724953344],
      [0.037517752715, 0.61622426567, 0.1748056564, 0.15449874015, 0.016953585069],
      [0.012792645599, 0.088818442378, 0.48460024404, 0.22026357512, 0.19352509286]
    ],
    [
      [0.46423795501, 0.028467653631, 0.10001796511, 0.38953262259, 0.017743803665],
      [0.059629299089, 0.039704625078, 0.68808092417, 0.17831688244, 0.034268269223],
      [0.01049837343, 0.034650676629, 0.9322268804, 0.015808531203, 0.0068155383334],
      [0.012400195494, 0.0011887740398, 0.018694866234, 0.95714049464, 0.010575669593],
      [0.093956476442, 0.50951789064, 0.21721818784, 0.16289022269, 0.01641722239],
      [0.028362578687, 0.068562786401, 0.53566350201, 0.2065128191, 0.1608983138]
    ],
    [
      [0.41668528989, 0.018089974254, 0.059667362204, 0.47304543446, 0.032511939189],
      [0.071121231432, 0.032908615474, 0.53176194366, 0.28244558447, 0.081762624962],
      [0.015541339523, 0.035717694225, 0.89758406731, 0.031050105905, 0.02010679304],
      [0.008720085621, 0.0023548128277, 0.010142572303, 0.97306362277, 0.0057189064762],
      [0.11177067656, 0.42273330141, 0.16860047744, 0.25777369486, 0.039121849735],
      [0.027770702828, 0.046571831786, 0.33929241661, 0.26820616443, 0.31815888434]
    ],
    [
      [0.23271812688, 0.010620489282, 0.027925683584, 0.71933366139, 0.0094020388694],
      [0.050829631681, 0.025821002031, 0.33742530216, 0.55453069384, 0.031393370288],
      [0.015442301719, 0.058274823846, 0.7823052706, 0.11690358123, 0.027074022608],
      [0.0049158496363, 0.0017163800944, 0, 0.99160877876, 0.0017589915105],
      [0.074793710507, 0.34401098579, 0.098276577686, 0.46908550869, 0.013833217331],
      [0.021308046817, 0.039393469888, 0.22885705882, 0.57059466965, 0.13984675483]
    ],
    [
      [0.55853720767, 0.038677182982, 0.036067920677, 0.3558815041, 0.010836184573],
      [0.1238350572, 0.097170799541, 0.4507604811, 0.29040703465, 0.037826627504],
      [0.028124092994, 0.098572840128, 0.81760699769, 0.03324730944, 0.022448759747],
      [0.011299890724, 0, 0.00052339712745, 0.98064693717, 0.0075297749763],
      [0.098304465049, 0.68901259914, 0.070876435652, 0.13277841611, 0.0090280840545],
      [0.053371005386, 0.15380102695, 0.31756064922, 0.30653664188, 0.16873067657]
    ],
    [
      [0.61294011888, 0.016171892727, 0.069551722467, 0.29356886933, 0.0077673966003],
      [0.11017488055, 0.031015704448, 0.65258270965, 0.18569847691, 0.02052822844],
      [0.020463390012, 0.028532279416, 0.92929183227, 0.017390405906, 0.0043220923928],
      [0.0008524799174, 0.0054450730796, 0.027399382188, 0.96389942988, 0.002403634933],
      [0.18179006947, 0.41224569784, 0.21751900891, 0.17807265318, 0.010372570588],
      [0.056722789416, 0.057896465612, 0.55077738776, 0.23248552702, 0.10211783019]
    ],
    [
      [0.36139580561, 0.035687516717, 0.13723511018, 0.44289924333, 0.022782324154],
      [0.036540201543, 0.038743736058, 0.73366841122, 0.15687867845, 0.034168972727],
      [0.0074249516221, 0.033553249277, 0.93774913626, 0.0089370973114, 0.012335565532],
      [0.0069159935604, 0.0020261048832, 0.026502620811, 0.95790800885, 0.0066472718987],
      [0.060640044381, 0.52600983839, 0.24468930386, 0.15138094216, 0.01727987121],
      [0.017456080544, 0.067053134308, 0.57244580681, 0.18207792351, 0.16096705483]
    ],
    [
      [0.36447071186, 0.025912203675, 0.12625399531, 0.46020730897, 0.023155780184],
      [0.039025767464, 0.029951194839, 0.7201281897, 0.17393260366, 0.036962244335],
      [0.0066770880444, 0.025358194033, 0.94589474412, 0.014957823601, 0.0071121502043],
      [0.0084634625714, 0.0011177221964, 0.020771696763, 0.95995891913, 0.009688199341],
      [0.072310432826, 0.45262356149, 0.26727484147, 0.18696100421, 0.020830160005],
      [0.018464821918, 0.05134958847, 0.55640100395, 0.20015357249, 0.17363101317]
    ],
    [
      [0.44021721576, 0.030634862379, 0.093754647075, 0.42285846748, 0.012534807303],
      [0.06167762674, 0.044696474547, 0.6644510736, 0.2040203061, 0.025154519016],
      [0.011277973344, 0.040299813956, 0.92445211091, 0.018776803041, 0.0051932987516],
      [0.009562904616, 0.0018304764495, 0.019889889562, 0.96557605295, 0.0031406764235],
      [0.090329923437, 0.52591464523, 0.19823285592, 0.17418907196, 0.01133350345],
      [0.030125440852, 0.07896734225, 0.53139238946, 0.24165216023, 0.11786266721]
    ],
    [
      [0.28078981159, 0.019860256206, 0.20790029642, 0.49144963578, 0],
      [0.018927429747, 0.015236232867, 0.84327808823, 0.12255824915, 0],
      [0.0028335193262, 0.011261488885, 0.97615004332, 0.0097549484661, 0],
      [0.0055790141206, 0.0037440929885, 0.026149999762, 0.96452689313, 0],
      [0.055081941456, 0.34270546748, 0.42264417285, 0.17956841821, 0],
      [0.040265308474, 0.031093321973, 0.76818575608, 0.16045561347, 0]
    ],
    [
      [0.04473226175, 0.011397694469, 0.045444333657, 0.88573256421, 0.012693145912],
      [0, 0.021718714617, 0.45417739915, 0.47970705667, 0.044396829565],
      [0, 0.025867897504, 0.90929776808, 0.05202064362, 0.012813690792],
      [0, 0.0095848071507, 0, 0.97268608564, 0.017729107205],
      [0, 0.37345441017, 0.14548069565, 0.46440760978, 0.016657284405],
      [0, 0.037476536565, 0.29987920574, 0.49601532248, 0.16662893521]
    ],
    [
      [0, 0.01834102439, 0.066588262345, 0.91507071326, 0],
      [0.0080737028445, 0.029241791348, 0.65583672333, 0.30555333448, 0.0012944479985],
      [0, 0.023111981852, 0.95389264743, 0.022995370723, 0],
      [0, 0.0039108652245, 0.0027754020982, 0.99331373268, 0],
      [0, 0.76832743574, 0.094563448073, 0.13710911619, 0],
      [0.0048751160405, 0.057756947681, 0.50994987181, 0.42722327037, 0.000194794103]
    ],
    [
      [0.28564156976, 0.094384751397, 0.11115785123, 0.50881582762, 0],
      [0.026133849743, 0.10749872792, 0.68313502965, 0.18323239269, 0],
      [0.0042494262386, 0.087253708722, 0.89290178509, 0.015595079954, 0],
      [0.0040346506335, 0, 0.022035414225, 0.97392993514, 0],
      [0.018838467058, 0.78320951871, 0.12547611887, 0.072475895367, 0],
      [0.040750572987, 0.19674805269, 0.54894025142, 0.2135611229, 0]
    ],
    [
      [0.46829270776, 0.022131830156, 0.085726448692, 0.40131706545, 0.022531947934],
      [0.065092533621, 0.034041125101, 0.65052000343, 0.20222993729, 0.048116400558],
      [0.012004003507, 0.031218422902, 0.92795345705, 0.018793040309, 0.010031076236],
      [0.011975710347, 0.0029072592184, 0.011732211248, 0.96192353024, 0.011461288951],
      [0.10640045782, 0.46633485191, 0.21239794257, 0.19106202547, 0.023804722229],
      [0.029186541342, 0.055596564163, 0.47810821122, 0.22118906298, 0.21591962029]
    ],
    [
      [0.33605788919, 0.011294717521, 0.077175156934, 0.54955038688, 0.025921849474],
      [0.04915680686, 0.017705950235, 0.59541006041, 0.28161259238, 0.056114590122],
      [0.0099356913447, 0.0042587589684, 0.93769605497, 0.028590202342, 0.01951929237],
      [0.0071144797411, 0, 0.012896187829, 0.97372802926, 0.0062613031695],
      [0.099716465212, 0.29214458958, 0.24233800883, 0.33122888437, 0.034572052008],
      [0.021056198662, 0.027441838946, 0.4161761253, 0.29356260289, 0.2417632342]
    ],
    [
      [0.24334653499, 0.029727257595, 0.055856713584, 0.67106949383, 0],
      [0.034547272038, 0.056318800318, 0.5458405014, 0.36329342624, 0],
      [0.0066070207137, 0.049723017699, 0.90945683203, 0.03421312956, 0],
      [0.0059446505662, 0.0028767226955, 0.0027523307751, 0.98842629596, 0],
      [0.035598856434, 0.66774778055, 0.097743830379, 0.19890953264, 0],
      [0.051427958506, 0.087787310879, 0.42522250969, 0.43556222092, 0]
    ],
    [
      [0.23748032231, 0.013118726219, 0.15575008081, 0.59365087066, 0],
      [0.020327312939, 0.012565720348, 0.78368366016, 0.18342330655, 0],
      [0.0032138706679, 0.009865327707, 0.97167469441, 0.015246107215, 0],
      [0.0019621062789, 0.0005612537638, 0.024143533552, 0.97333310641, 0],
      [0.052122543029, 0.29847457246, 0.38815835228, 0.26124453223, 0],
      [0.011159962471, 0.032691892346, 0.72145148461, 0.23469666057, 0]
    ],
    [
      [0.35959736629, 0.020369954344, 0.074049201244, 0.53594594915, 0.010037528977],
      [0.055615767096, 0.033632028408, 0.59806023709, 0.28987253113, 0.022819436282],
      [0.011131058737, 0.033386322592, 0.92115367964, 0.029148592501, 0.0051803465336],
      [0.0086707337282, 0.0030178388992, 0.0120972098, 0.9748175591, 0.0013966584754],
      [0.088242556514, 0.44203427208, 0.19154836249, 0.26709567676, 0.011079132154],
      [0.026703285022, 0.058621099677, 0.47020559877, 0.33848795178, 0.10598206475]
    ],
    [
      [0.27928980456, 0.035272328993, 0.079304159161, 0.59781135426, 0.0083223530162],
      [0.039264130757, 0.05368771473, 0.599181204, 0.29387431121, 0.013992639301],
      [0.0076950215069, 0.052264271069, 0.90734675121, 0.028817301015, 0.0038766551979],
      [0.0051044305102, 0.0024926452265, 0.011641903358, 0.98076102091, 0],
      [0.048713809251, 0.58531880586, 0.14792446533, 0.21145000617, 0.0065929133874],
      [0.018781419754, 0.093486433913, 0.46514176601, 0.34212764378, 0.080462736545]
    ],
    [
      [0.30394769266, 0.019038917506, 0.050787671497, 0.62622571834, 0],
      [0.050935459742, 0.040027205507, 0.52768416466, 0.38135317009, 0],
      [0.01041438006, 0.034196739875, 0.91655935501, 0.038829525055, 0],
      [0.0069179119848, 0.0029245222202, 0.0026432308821, 0.98751433491, 0],
      [0.078132585235, 0.46182358088, 0.1436884995, 0.31635533439, 0],
      [0.068950856798, 0.054747391207, 0.41666184373, 0.45963990827, 0]
    ],
    [
      [0.41930764382, 0.024073798288, 0.041673162237, 0.51494539566, 0],
      [0.085543292361, 0.054854841067, 0.47140730535, 0.38819456122, 0],
      [0.019773430722, 0.063988250809, 0.86914461758, 0.047093700884, 0],
      [0.0069150298372, 0.0024866520069, 0.0026364806971, 0.98796183746, 0],
      [0.095889739221, 0.55653073887, 0.10488310355, 0.24269641837, 0],
      [0.097796151058, 0.098489307282, 0.36734584556, 0.4363686961, 0]
    ],
    [
      [0.13792720724, 0.026058894076, 0.11189632117, 0.68838961225, 0.035727965264],
      [0, 0.030898412995, 0.66227359278, 0.26181129442, 0.045016699811],
      [0, 0.0280149438, 0.93917637506, 0.027277629045, 0.0055310520908],
      [0, 0.00098404808049, 0.014351280215, 0.98146690188, 0.003197769829],
      [0, 0.47019542143, 0.24753933986, 0.26785772108, 0.014407517627],
      [0.0086273873281, 0.053080788122, 0.50997207553, 0.30191679271, 0.12640295631]
    ],
    [
      [0.48222497999, 0.029513863655, 0.084416228498, 0.39689318431, 0.006951743551],
      [0.070114523332, 0.046761315112, 0.66183712659, 0.21763726658, 0.0036497683819],
      [0.012667420696, 0.041946984648, 0.92347023359, 0.018786542452, 0.003128818619],
      [0.010189552596, 0.0018852651476, 0.020704185763, 0.96722099649, 0],
      [0.10332943732, 0.54372603496, 0.18559999689, 0.16734453083, 0],
      [0.03553867211, 0.086226055662, 0.54928372698, 0.25480631809, 0.074145227157]
    ],
    [
      [0, 0.04233344305, 0.2141069104, 0.58307044453, 0.16048920202],
      [0, 0.030257717811, 0.81579348983, 0.12152177888, 0.032427013481],
      [0, 0.022564540341, 0.96300707281, 0.0091137752857, 0.0053146115646],
      [0, 0.0065890623821, 0.024452650807, 0.95713273848, 0.011825548327],
      [0, 0.62048998058, 0.25290987607, 0.11485073746, 0.011749405892],
      [0, 0.06021463009, 0.65437470597, 0.15119085712, 0.13421980682]
    ],
    [
      [0.89908356122, 0.0037338448265, 0.0098538641567, 0.087328729799, 0],
      [0.23931362754, 0.029486231219, 0.43405573049, 0.29714441075, 0],
      [0.064932736766, 0.033530090002, 0.87817070659, 0.023366466638, 0],
      [0, 0.017479846386, 0.018281265205, 0.96423888841, 0],
      [0.28056206941, 0.55764590847, 0.063544535704, 0.098247486418, 0],
      [0.18633808006, 0.068215174692, 0.4211793792, 0.31610233245, 0.0081650335958]
    ],
    [
      [0, 0.066260042433, 0.16250534613, 0.77123461144, 0],
      [0, 0.028984452771, 0.82457008232, 0.14644546491, 0],
      [0, 0.016542519107, 0.9734217656, 0.010035715298, 0],
      [0, 0.0025664890972, 0.014323202233, 0.98311030867, 0],
      [0, 0.76095584926, 0.14812868382, 0.090915466916, 0],
      [0, 0.055674761755, 0.72968255744, 0.2146426808, 0]
    ],
    [
      [0.51609845274, 0.028727638252, 0.081041020333, 0.36432316397, 0.0098097247057],
      [0.071075970073, 0.047009842783, 0.67071514441, 0.18911558409, 0.022083458651],
      [0.012344363, 0.041116616554, 0.92559669444, 0.016561610627, 0.00438071538],
      [0.011387392105, 0.0060393228429, 0.0089568068481, 0.96115190798, 0.012464570227],
      [0.091364648996, 0.59221914798, 0.16806916416, 0.13981620697, 0.0085308318983],
      [0.035075091474, 0.085398647729, 0.53944973046, 0.22859116054, 0.11148536979]
    ],
    [
      [0.23064876204, 0.017007943449, 0.16454703442, 0.56522257587, 0.022573684222],
      [0.012894914623, 0.015937379408, 0.76394612903, 0.1708681623, 0.036353414641],
      [0, 0.0031097771337, 0.96425231601, 0.019494703418, 0.013143203433],
      [0, 0, 0.027248513904, 0.96754130939, 0.005210176709],
      [0.048886707144, 0.31959825156, 0.36944118665, 0.2406393545, 0.021434500139],
      [0.0099883593511, 0.028440650571, 0.61433950402, 0.2050848546, 0.14214663146]
    ],
    [
      [0.98856677288, 0.0086702114163, 0.0011284819342, 0.0016149253355, 1.9608429748e-05],
      [0.27442643595, 0.20268410652, 0.44860761084, 0.074281846695, 0],
      [0.04771452507, 0.41134127306, 0.53649001892, 0.0044541829451, 0],
      [0.025252772504, 0, 0.13661662812, 0.83813059938, 0],
      [0.01536869082, 0.98060640739, 0.0029123220297, 0.0011125797611, 0],
      [0.098323628518, 0.65952099588, 0.19928843379, 0.040448894221, 0.0024180475927]
    ],
    [
      [0.12090266804, 0.0071222849953, 0.010067436231, 0.84544807586, 0.01645953487],
      [0.032061680044, 0.020953165238, 0.14666009699, 0.72363175674, 0.076693300996],
      [0.015216970937, 0.056418882245, 0.69395089552, 0.15741947188, 0.076993779417],
      [0.019745161475, 0.034370636883, 0, 0.93986452569, 0.0060196759557],
      [0.045170094896, 0.31181518882, 0.041623444386, 0.57306802431, 0.028323247591],
      [0.0070510139587, 0.016341406189, 0.047292582223, 0.39544049781, 0.53387449982]
    ],
    [
      [0, 0.045230506842, 0.014079914646, 0.94068957851, 0],
      [0.012761293899, 0.026987064904, 0.24453646996, 0.71484152287, 0.00087364836599],
      [0, 0.081193713226, 0.827472097, 0.091334189769, 0],
      [0, 0.0098369948853, 0, 0.99016300511, 0],
      [0, 0.41755001326, 0.059845163891, 0.52260482285, 0],
      [0.0057459169214, 0.042753298383, 0.15702543079, 0.79442840232, 4.6951588633e-05]
    ],
    [
      [0.25146832846, 0.042943576965, 0.10067295476, 0.60491513981, 0],
      [0.029878193112, 0.055796024901, 0.65601132194, 0.25831446005, 0],
      [0.005381587211, 0.049882466816, 0.92042357204, 0.024312373929, 0],
      [0, 0.0018126958777, 0.01800171857, 0.98018558555, 0],
      [0.03719380421, 0.61853487489, 0.16517813857, 0.17909318233, 0],
      [0.014965040842, 0.10370562491, 0.57864353965, 0.3026857946, 0]
    ],
    [
      [0, 0.014479229591, 0.1279408761, 0.80418596842, 0.053393925884],
      [0, 0.030828349059, 0.45306846655, 0.38998686858, 0.12611631581],
      [0, 0.031951218374, 0.89104325261, 0.045247881306, 0.031757647706],
      [0, 0.0094181980996, 0.0058004304845, 0.9842017943, 0.00057957711811],
      [0, 0.4007001647, 0.14849933811, 0.38868580232, 0.062114694872],
      [0, 0.027324965478, 0.19284761705, 0.26199089543, 0.51783652204]
    ],
    [
      [0.47771596628, 0.013334601395, 0.069267465806, 0.43111333307, 0.0085686334573],
      [0.079723197773, 0.024235627618, 0.618801803, 0.25578393984, 0.021455431767],
      [0.015491207881, 0.023459229726, 0.93129450573, 0.025012023026, 0.0047430336379],
      [0.0077386615698, 0.00035465437515, 0.015154142525, 0.97417915673, 0.0025733847958],
      [0.1425064751, 0.35902281076, 0.22183103677, 0.26494889387, 0.011690783506],
      [0.039576564798, 0.043727645296, 0.50341475159, 0.30943130918, 0.10384972914]
    ],
    [
      [0.27781553858, 0.030646999645, 0.1340321446, 0.55750531717, 0],
      [0.021653197469, 0.031664859756, 0.78036674849, 0.16631519429, 0],
      [0.0032897855918, 0.022038269825, 0.96227150682, 0.012400437762, 0],
      [0.01258477389, 0.0016020963184, 0.012507733642, 0.97330539615, 0],
      [0.038527402725, 0.56968984162, 0.23097582759, 0.16080692806, 0],
      [0.012181876039, 0.058393406619, 0.69066330933, 0.22865883688, 0.010102571134]
    ],
    [
      [0.34432927305, 0.046320945536, 0.085714262812, 0.49130654685, 0.032328971747],
      [0.046346642733, 0.065756140327, 0.59547742042, 0.22903795983, 0.063381836689],
      [0.0090435448548, 0.059464733185, 0.89113646644, 0.026436781206, 0.013918474315],
      [0.0070634208191, 0, 0.016025718656, 0.96912498055, 0.0077858799759],
      [0.053873668157, 0.62867502211, 0.13999164358, 0.15494434025, 0.022515325908],
      [0.01902151923, 0.097795138103, 0.3991671332, 0.2281553612, 0.25586084827]
    ],
    [
      [0.061865340592, 0.016858844752, 0.069574202936, 0.84892612768, 0.0027754840439],
      [0, 0.024986017429, 0.60139280726, 0.37362117531, 0],
