{
  "Z_true": {},
  "V_true": [
    [56, 39, 751, 839, 559, 56],
    [47, 62, 44, 76, 1002, 218],
    [94, 89, 187, 78, 13844, 323],
    [107, 135, 395, 3243, 995, 158],
    [49, 914, 53, 365, 789, 122],
    [862, 21, 32, 307, 759, 159],
    [38, 41, 32, 79, 754, 623]
  ],
  "p_true": [
    [0.0243, 0.017, 0.3265, 0.3648, 0.243, 0.0243],
    [0.0324, 0.0428, 0.0304, 0.0524, 0.6915, 0.1504],
    [0.0064, 0.0061, 0.0128, 0.0053, 0.9472, 0.0221],
    [0.0213, 0.0268, 0.0785, 0.6443, 0.1977, 0.0314],
    [0.0214, 0.3988, 0.0231, 0.1592, 0.3442, 0.0532],
    [0.4028, 0.0098, 0.015, 0.1435, 0.3547, 0.0743],
    [0.0243, 0.0262, 0.0204, 0.0504, 0.4812, 0.3976]
  ],
  "Z_est": [
    [
      [0.1689, 1.5725, 0.6286, 0.0563, 0.8725, 2.4806, 2.1952, 0.8443, 0.4503, 0.3377, 0.4446, 0.3373, 1.2946, 0.2533, 1.0426, 1.1258, 1.1258, 1.0695, 0.0613, 0, 1.1539, 0.8162, 0.591, 0.5066, 0.5732, 2.2817, 1.2573, 0.5066, 2.3641, 0.2453, 0.7599, 0.0844, 0.1533, 0.1689, 1.6042, 0.6423, 3.9402, 1.7278],
      [0.035, 0.5805, 0.1161, 0.005, 0.1902, 0.2152, 0.3539, 0.1402, 0.0453, 0.0651, 0.0821, 0.0623, 0.2378, 0.1104, 0.1925, 0.2605, 0.1552, 0.1352, 0.01, 0.7597, 0.7304, 0.1251, 0.0991, 0.2102, 0.1048, 0.4124, 0.2603, 0.0501, 0.3504, 0.0951, 0.1251, 0.017, 0.0283, 0.1552, 0.2603, 0.0453, 0.6966, 0.015],
      [4.2742, 29.8531, 7.5887, 0.3341, 21.3922, 14.5062, 22.9971, 5.414, 3.9745, 2.2796, 5.3676, 4.072, 21.6559, 6.8387, 12.5862, 13.6774, 16.242, 14.6708, 0.7404, 1.6708, 14.5323, 7.4037, 6.4782, 5.414, 6.4233, 22.7957, 15.1775, 2.2796, 33.7714, 2.9615, 5.129, 0.8548, 1.4247, 0.2849, 13.9624, 2.5645, 60.9786, 7.9589],
      [16.661, 156.8046, 29.7991, 1.2046, 97.8868, 69.9621, 89.4132, 37.6084, 10.2268, 12.8755, 20.7439, 15.7367, 51.4641, 27.8969, 48.6408, 69.4439, 46.7763, 39.9598, 2.8625, 2.1899, 66.5234, 28.5115, 25.0357, 28.7745, 26.9753, 106.3058, 59.7116, 9.567, 120.8866, 10.2268, 30.7581, 4.2918, 6.9279, 2.9722, 64.4832, 11.4449, 160.0162, 27.7009],
      [1.7457, 15.5598, 2.5296, 0.1518, 3.4818, 9.5671, 9.3483, 4.7218, 1.2144, 2.3346, 2.2011, 1.6698, 8.8561, 3.2327, 5.1613, 6.9829, 5.3131, 7.7579, 0.3036, 0.3795, 9.545, 3.0361, 2.604, 2.8843, 2.8084, 8.429, 5.1393, 1.4125, 10.7906, 2.2716, 5.9897, 0.6598, 1.2969, 0.3036, 9.2293, 1.2144, 18.6717, 3.2638],
      [0.1152, 0.6296, 0.3378, 0.2482, 0.1766, 0.2687, 0.6922, 0.2714, 0.0886, 0.1075, 0.1606, 0.1218, 0.4914, 0.668, 0.3766, 0.5095, 0.3877, 0.4069, 0.0222, 0, 0.515, 0.1075, 0.1919, 0.2104, 0.1152, 0.7755, 0.4541, 0.1843, 0.8369, 0.1996, 0.2381, 0.0921, 0.1689, 0.1152, 0.4607, 0.0886, 1.6968, 2.3337]
    ],
    [
      [0.0111, 0.2248, 0.059, 0.0037, 0.0572, 0.0383, 0.0431, 0.0303, 0.0295, 0.0221, 0.0462, 0.0277, 0.0542, 0.0166, 0.0811, 0.0574, 0.0383, 0.0701, 0.0016, 0, 0.0756, 0.2559, 0.0574, 0.0332, 0.0207, 0.1604, 0.0446, 0.0332, 0.2105, 0.0446, 0.0498, 0.0055, 0.0111, 0.0111, 0.1051, 0.0927, 0.3317, 0.5728],
      [0.2304, 4.1673, 1.0538, 0.0296, 1.2509, 0.7093, 0.798, 0.5616, 0.7308, 0.4279, 0.5596, 0.5288, 1.0049, 0.5616, 1.6321, 1.064, 0.7093, 0.8888, 0.0296, 0.0658, 2.7308, 0.8867, 0.9363, 2.9021, 0.3842, 2.798, 0.8276, 0.5911, 2.3042, 0.8276, 0.6207, 0.1975, 0.2956, 0.1182, 1.822, 0.5267, 6.1476, 0.0988],
      [4.0782, 27.852, 6.0887, 0.1916, 13.7939, 4.7408, 5.3334, 3.6401, 3.4551, 1.5327, 5.939, 2.8737, 6.7161, 3.7531, 10.8642, 7.1111, 4.7408, 7.3259, 0.1975, 0.7232, 13.3353, 5.9259, 4.6414, 3.6401, 2.5679, 15.7675, 5.9639, 1.5327, 26.9765, 4.2782, 3.4485, 0.5747, 0.9579, 0.1916, 9.3875, 1.7242, 41.0866, 7.5062],
      [3.3742, 9.4282, 3.5227, 0.0583, 5.6214, 1.6048, 1.8054, 1.2705, 1.0699, 0.8024, 1.4766, 1.003, 2.2735, 1.2705, 3.6777, 2.4072, 1.6048, 2.0594, 0.0669, 0.0971, 5.1487, 2.006, 7.0943, 2.6747, 0.8693, 6.8075, 1.8723, 1.3023, 8.8264, 1.8723, 1.4042, 0.2963, 0.408, 0.2675, 4.3463, 2.6219, 13.9083, 2.5409],
      [12.2523, 78.5258, 20.6061, 0.5569, 16.3129, 13.3661, 15.0369, 10.6945, 8.9107, 7.4109, 16.1507, 8.3538, 18.9353, 10.5815, 30.6306, 20.0491, 13.3661, 19.4922, 0.5569, 1.1138, 44.3496, 19.1215, 20.0491, 25.3315, 7.24, 48.4521, 14.4982, 13.4482, 74.4158, 16.8464, 12.1266, 5.3796, 6.1613, 2.2277, 41.6077, 8.3538, 115.8395, 21.163],
      [2.0539, 20.8019, 5.6697, 0.16, 2.9637, 3.5407, 3.9833, 2.8031, 1.804, 1.804, 4.8279, 2.213, 5.0161, 2.8168, 8.1142, 5.3111, 3.5407, 5.1636, 0.1475, 0, 11.3599, 1.804, 3.2214, 5.4185, 1.9179, 13.0145, 4.7935, 3.0926, 19.2665, 4.1309, 3.3503, 1.5463, 2.1661, 1.184, 7.7314, 1.6807, 30.6865, 6.1184]
    ],
    [
      [0.1178, 0.8905, 0.3249, 0.3963, 0.4596, 1.6886, 1.5315, 0.3804, 0.3142, 0.2003, 0.5498, 2.1583, 1.446, 0.1767, 0.8639, 0.7854, 0.909, 0.7461, 0.0606, 0, 0.805, 0.5694, 0.4579, 0.3534, 0.3986, 1.7082, 0.7658, 0.3534, 1.4191, 0.3142, 0.5301, 0.0589, 0.2702, 3.2606, 1.1192, 0.5552, 3.0755, 0.1767],
      [0.0845, 0.6763, 0.2075, 0.0121, 0.2935, 0.3225, 0.7971, 0.243, 0.3549, 0.1279, 0.2053, 1.0112, 0.6481, 0.4461, 1.5399, 0.6128, 0.3744, 0.3261, 0.0242, 0.447, 0.6642, 0.3019, 0.2657, 1.5987, 0.511, 1.0265, 0.628, 0.1989, 0.8454, 0.2559, 0.243, 0.1849, 0.6171, 1.3615, 0.5139, 0.1932, 1.9641, 0.0362],
      [0.4054, 2.0806, 0.7983, 0.0405, 2.0374, 1.2409, 1.4188, 0.7688, 1.7497, 0.3237, 1.5222, 0.8092, 4.9749, 0.9711, 12.8876, 1.9423, 3.4912, 1.9423, 0.1357, 0.2023, 2.0637, 0.7045, 0.9307, 0.7688, 0.7284, 2.7962, 2.0232, 0.3237, 5.4627, 0.4856, 0.7284, 0.1214, 0.2023, 0.0405, 1.9772, 0.3642, 9.5684, 0.6197],
      [0.4214, 1.9077, 1.3844, 0.0317, 0.9845, 1.0818, 1.2369, 0.815, 0.3276, 0.0408, 0.8032, 1.428, 1.6487, 0, 2.1454, 2.325, 1.3844, 0, 0.1298, 0.0528, 2.0627, 0.6094, 1.87, 2.552, 3.5952, 3.4664, 1.9129, 0.3065, 3.04, 0.3276, 0.7357, 0.8474, 0.2219, 10.5558, 1.4092, 2.8988, 5.0728, 0],
      [95.7063, 516.6188, 185.2831, 21.5773, 266.6105, 292.9785, 332.2182, 220.8765, 132.6622, 116.7717, 359.387, 386.7317, 839.1979, 405.287, 1070.9713, 556.8318, 527.3614, 403.6691, 35.3087, 29.2979, 559.3011, 165.2233, 265.6339, 395.521, 192.0617, 658.2796, 247.7821, 181.0371, 823.2697, 233.5457, 220.8073, 230.7549, 565.2816, 141.247, 466.8125, 197.5107, 1769.0824, 120.1212],
      [1.2646, 6.8262, 5.0018, 1.9421, 2.6146, 2.6876, 5.7975, 2.9163, 1.5915, 1.5356, 5.5325, 3.8616, 11.0844, 8.119, 15.5919, 7.5027, 6.4796, 5.3164, 0.341, 0, 7.1033, 1.5915, 2.8419, 4.2061, 1.7052, 8.723, 4.8881, 2.7804, 8.9632, 3.0711, 2.9556, 3.0324, 7.4068, 3.5346, 6.1681, 1.4778, 38.2368, 2.0462]
    ],
    [
      [0.0448, 0.3956, 0.1819, 0.0149, 0.2314, 0.6418, 0.6979, 0.2239, 0.1194, 0.0896, 0.209, 0.1394, 0.3995, 0.0672, 0.402, 0.2985, 0.2985, 2.1009, 0, 0, 0.2694, 0.2164, 0.1567, 0.1343, 0.1493, 0.5913, 0.3252, 0.1343, 0.6269, 0.0539, 0.2267, 0.0224, 0.0427, 0.1189, 0.4254, 0.194, 1.0449, 0.1041],
      [0.7796, 7.887, 3.0069, 0.0864, 4.3146, 4.7887, 9.1397, 3.1183, 2.4501, 1.4478, 2.4812, 3.4524, 6.1893, 5.1228, 8.0184, 6.1251, 3.4524, 3.0069, 0.1151, 0.2227, 6.1251, 2.7297, 2.1878, 4.6774, 2.2273, 8.877, 6.8458, 1.1137, 7.7956, 1.8843, 2.7842, 0.5757, 1.013, 3.4524, 5.791, 1.7819, 13.5867, 0.3341],
      [5.7255, 36.6163, 12.5596, 0.3995, 32.2961, 17.9423, 27.3524, 8.5226, 8.2863, 3.5885, 16.5262, 6.7284, 40.255, 10.7938, 43.6793, 23.0817, 25.5677, 21.6997, 0.5911, 2.2428, 19.3068, 10.1194, 10.1194, 8.5226, 7.5896, 35.8846, 25.1129, 3.5885, 60.68, 3.8614, 8.074, 1.3457, 2.2428, 0.4486, 21.9793, 4.037, 95.9912, 10.4504],
      [23.4377, 155.8238, 79.1957, 1.4749, 160.4761, 111.6196, 120.5429, 61.5446, 17.008, 22.0789, 43.3542, 34.799, 84.765, 53.851, 125.5166, 122.0331, 70.5448, 57.0821, 2.1344, 2.5055, 75.4194, 40.5527, 40.5527, 49.4303, 30.4145, 176.3031, 103.0817, 15.5389, 221.9728, 14.1574, 48.4659, 8.0777, 11.3087, 39.1428, 106.8234, 41.0634, 258.3883, 28.4387],
      [12.464, 71.1039, 23.3531, 0.8696, 37.7917, 55.653, 55.5117, 42.4683, 11.5944, 16.2535, 27.256, 29.0682, 80.6486, 53.0231, 74.204, 64.6569, 49.9306, 68.0592, 1.1594, 2.029, 42.0296, 21.84, 22.0293, 26.0873, 16.0388, 61.6829, 37.402, 8.6958, 120.7063, 8.4059, 60.8929, 9.5141, 7.5413, 18.551, 62.6589, 19.4206, 124.4362, 15.9584],
      [0.5485, 3.1734, 1.7028, 0.1548, 0.8901, 1.3545, 2.7554, 1.1223, 0.5418, 0.5418, 2.1734, 0.8127, 2.7427, 15.1421, 4.1797, 2.8047, 2.2059, 2.0511, 0, 0, 1.8497, 0.5418, 0.954, 1.1481, 0.5805, 3.6612, 2.2324, 0.9288, 4.2184, 0.6372, 1.5563, 0.4644, 0.8514, 2.2864, 2.322, 0.5031, 8.5528, 0.7144]
    ],
    [
      [0.0702, 0.5628, 0.3774, 0.0234, 0.3627, 1.0062, 0.9126, 0.351, 0.1872, 0.1404, 0.1791, 0.3326, 0.5948, 0.1053, 0.5148, 0.4776, 0.468, 0.4446, 0.1053, 0, 0.4797, 0.3393, 0.275, 0.2106, 0.234, 1.0179, 0.4563, 0.2106, 0.8187, 0.1872, 0.3159, 0.0351, 0.0702, 0.2239, 0.6669, 0.3042, 1.2378, 0.1053],
      [5.7605, 41.799, 22.2192, 0.8513, 31.3542, 36.289, 54.3136, 23.5998, 18.1045, 10.7647, 13.0793, 25.5109, 41.1466, 39.1362, 59.2512, 45.9992, 25.822, 22.2192, 1.7623, 0.4793, 44.0576, 20.5733, 18.1045, 29.3052, 16.4587, 70.5349, 42.7925, 7.7614, 57.6053, 15.6357, 20.9205, 4.9376, 9.8752, 25.5109, 42.7925, 13.2017, 97.6896, 2.4688],
      [0.1568, 0, 0.2927, 0.0105, 0.7528, 0.5929, 0.6168, 0.1986, 0.1882, 0.0836, 0.1908, 0.1568, 0.7946, 0.5793, 0.8678, 0.8859, 4.6141, 0.5018, 0.0545, 0.0068, 0.5332, 0.293, 0.2405, 0.1986, 0.1882, 0.8364, 0.5228, 0.0836, 1.4114, 0.1255, 0.1882, 0.0314, 0.0523, 0.0105, 0.5123, 0.0941, 1.2403, 0.2823],
      [3.614, 9.9833, 11.0792, 0.1917, 15.5375, 10.9492, 12.8194, 6.9202, 1.6163, 2.8362, 3.1765, 5.0079, 8.1337, 9.4759, 10.5843, 14.748, 7.6009, 5.5268, 1.4031, 0.1134, 5.4046, 4.4625, 6.9609, 5.0575, 3.1765, 17.3367, 8.3412, 0.851, 16.1679, 1.6163, 5.4454, 0.7821, 1.0949, 3.9706, 11.3446, 4.8819, 20.5506, 0.9076],
      [11.2779, 35.2426, 23.6286, 0.801, 26.8105, 37.8851, 43.689, 29.7004, 4.7928, 11.0641, 11.2136, 20.8252, 41.7964, 34.5273, 45.9256, 67.1432, 28.043, 22.0149, 4.6509, 0.4005, 34.0412, 17.2208, 17.2208, 23.2281, 7.8237, 60.4732, 16.4912, 6.0073, 51.262, 13.2291, 20.8545, 8.1187, 22.733, 5.0833, 44.2079, 12.415, 60.2371, 4.0933],
      [0.1205, 0.4122, 1.4029, 0.1222, 0.1824, 0.2775, 0.6486, 0.23, 0.111, 0.111, 0.1607, 0.1665, 0.5338, 1.176, 0.8564, 0.7462, 0.452, 0.2927, 0.0238, 0, 0.4837, 0.111, 0.1982, 0, 0.1189, 0.8009, 0.396, 0.0861, 0.7347, 0.2062, 0.2755, 0.0952, 0.1745, 0.2009, 0.4758, 0.1031, 1.0446, 0.1427]
    ],
    [
      [5.5854, 49.3377, 21.421, 1.5048, 29.0095, 80.0574, 72.6102, 28.1645, 14.8944, 11.2069, 26.5595, 11.9977, 42.1958, 8.3781, 41.0682, 37.236, 37.1421, 33.5525, 8.7684, 0, 38.2038, 26.7937, 19.4537, 16.7562, 18.618, 81.2132, 36.1405, 16.7562, 78.5359, 15.1498, 25.1121, 2.7927, 5.4506, 2.2127, 53.0613, 24.2034, 130.3261, 6.3106],
      [0.0208, 0.177, 0.0795, 0.003, 0.1129, 0.1277, 0.1961, 0.1047, 0.0343, 0.0397, 0.0957, 0.0397, 0.1391, 0.1366, 0.2139, 0.1246, 0.0921, 0.0802, 0.0059, 0, 0.1634, 0.065, 0.0578, 0.1248, 0.0594, 0.2691, 0.1242, 0.0524, 0.2079, 0.0596, 0.074, 0.0108, 0.0181, 0.0072, 0.1545, 0.0475, 0.3624, 0.0089],
      [0.2715, 1.2386, 0.5069, 0.0181, 1.3034, 0.7241, 1.0681, 0.344, 0.2401, 0.1448, 1.1901, 0.2715, 1.1557, 0.9226, 1.5026, 0.8689, 1.0319, 0.6698, 0.2528, 0, 0.9479, 0.4526, 0.4044, 0.344, 0.3791, 1.4482, 0.9052, 0.1448, 5.9866, 0.2172, 0.3259, 0.0543, 0.0905, 0.0181, 0.887, 0.1629, 3.874, 0.1264],
      [1.8256, 12.4163, 4.7831, 0, 13.6772, 12.0643, 8.6169, 4.9351, 0.1335, 1.8719, 4.5096, 1.8719, 5.6959, 6.2114, 7.9454, 5.871, 0.0817, 0, 2.1973, 0, 6.3816, 1.1576, 2.7228, 5.3545, 2.8062, 13.5352, 4.6798, 1.0589, 23.0284, 2.3984, 2.2845, 0.5105, 0.7668, 0.3404, 7.9982, 3.3506, 15.8512, 0],
      [2.7093, 11.5964, 3.7535, 0, 6.8632, 31.3227, 1.3712, 12.0494, 0, 3.8845, 6.2715, 2.6033, 9.1115, 18.35, 11.2414, 8.1648, 5.9015, 6.2715, 7.8582, 0, 10.6483, 3.2496, 2.2466, 7.1053, 3.5499, 17.6313, 0, 3.648, 23.9068, 7.2237, 4.8516, 0.71, 1.1833, 0.4733, 13.5497, 4.2599, 0, 1.1833],
      [4.5873, 23.234, 13.4561, 0.4742, 7.0339, 10.7037, 21.1375, 12.4023, 3.6977, 4.8521, 14.3735, 5.2158, 18.702, 39.0012, 33.0286, 16.7346, 13.7508, 12.4259, 0.9175, 0, 18.655, 4.2815, 7.1148, 11.3153, 4.5873, 34.903, 13.1503, 7.3397, 33.3344, 7.9513, 8.352, 1.9216, 2.4908, 0.9483, 18.3492, 3.9757, 67.5862, 2.3708]
    ],
    [
      [0.0019, 0.0161, 0.0072, 0.0006, 0.0073, 0.0872, 0.0095, 0.0055, 0.005, 0.003, 0.0118, 0.007, 0.0151, 0.0028, 0.0274, 0.0193, 0.0183, 0.0163, 0.0028, 0, 0.0126, 0.0091, 0.0083, 0.0057, 0.0063, 0.0273, 0.0104, 0.0057, 0.0249, 0.005, 0.0055, 0.0009, 0.0019, 0.004, 0.0179, 0.0082, 0.044, 0.0028],
      [0.0891, 0.7129, 0.3171, 0.0127, 0.4837, 0.5474, 0.4016, 0.2325, 0.2801, 0.1268, 0.4967, 0.3946, 0.6341, 0.4862, 1.152, 0.8138, 0.3946, 0.3437, 0.0528, 0.0255, 0.5284, 0.3182, 0.3488, 3.1817, 0.2546, 1.082, 0.5215, 0.2325, 0.8911, 0.2419, 0.2325, 0.0764, 0.1528, 0.3946, 0.6658, 0.2037, 1.553, 0.0382],
      [0.0884, 0.3595, 0.165, 0.0059, 0.4242, 0.2528, 0.2135, 0.112, 0.1061, 0.0471, 0.264, 0.0884, 0.4478, 0.1414, 0.6123, 0.4326, 1.3123, 1.1895, 0.0281, 0.1541, 0.2809, 0.1009, 0.1854, 0.112, 0.1236, 0.4714, 0.2946, 0.0471, 0.7114, 0.0707, 0.1061, 0.0177, 0.0295, 0.0059, 0.2943, 0.053, 1.2609, 0.0562],
      [0.6661, 2.6363, 1.2358, 0.0388, 3.8165, 2.7181, 1.5653, 0.9062, 0.6179, 0.4943, 1.936, 1.1534, 2.0191, 1.2943, 4.4899, 3.1718, 3.007, 1.372, 0.206, 0.0412, 2.0596, 0.7003, 4.7636, 3.1567, 4.163, 4.2453, 1.4005, 0.3754, 4.078, 0.4012, 0.9062, 0.1941, 0.2718, 0.7507, 2.5951, 1.7386, 6.2127, 0.4119],
      [7.8445, 33.3526, 11.8461, 1.0434, 15.1294, 25.2274, 19.8248, 11.4891, 7.8256, 6.2807, 24.5201, 17.748, 31.4542, 23.9984, 56.8658, 40.1712, 38.0844, 34.7352, 3.1622, 0.7793, 26.0852, 10.3087, 17.2162, 32.8425, 11.4775, 48.052, 14.6874, 11.7511, 51.6487, 11.4775, 11.4775, 9.8629, 15.8027, 8.1141, 34.9341, 7.8256, 89.7331, 5.217],
      [6.31, 26.9226, 16.4289, 0.8985, 9.1388, 16.1672, 15.9853, 9.2547, 6.1654, 5.048, 19.7713, 8.6086, 25.4296, 20.0769, 45.8526, 32.3913, 30.1833, 27.3433, 1.548, 0, 21.0333, 5.5627, 10.4777, 14.7015, 5.975, 39.122, 17.0855, 9.5882, 41.646, 9.8037, 9.2722, 4.848, 8.7414, 6.7307, 24.4929, 5.171, 73.1962, 4.2738]
    ]
  ],
  "V_est": [
    [35.7385, 7.533, 420.5305, 1639.2702, 182.0629, 14.8649],
    [3.0281, 42.0196, 270.4577, 108.7614, 819.5147, 205.2184],
    [30.1914, 20.1646, 69.6523, 59.6335, 14228.6194, 206.7388],
    [11.3929, 148.9881, 673.8083, 2658.9202, 1460.9896, 78.9008],
    [14.404, 1059.6881, 18.39, 259.6704, 926.1726, 13.6748],
    [1157.7805, 3.6907, 30.4947, 188.9337, 254.7444, 504.3559],
    [0.4645, 18.9158, 10.6665, 71.8105, 829.8963, 635.2464]
  ],
  "p_est": [
    [0.0155, 0.0033, 0.1828, 0.7127, 0.0792, 0.0065],
    [0.0021, 0.029, 0.1867, 0.0751, 0.5656, 0.1416],
    [0.0021, 0.0014, 0.0048, 0.0041, 0.9736, 0.0141],
    [0.0023, 0.0296, 0.1339, 0.5283, 0.2903, 0.0157],
    [0.0063, 0.4623, 0.008, 0.1133, 0.4041, 0.006],
    [0.541, 0.0017, 0.0142, 0.0883, 0.119, 0.2357],
    [0.0003, 0.0121, 0.0068, 0.0458, 0.5296, 0.4054]
  ],
  "EI_Z": {},
  "EI_V": 10.937,
  "MAE_Z": {},
  "MAE_V": 153.0969,
  "MAE_p": 0.0563,
  "runtime": 10.112
}
