{
  "X": [
    [11, 24, 37, 151, 7],
    [7, 22, 39, 270, 12],
    [3, 7, 7, 3, 2],
    [6, 60, 64, 147, 12],
    [26, 101, 104, 445, 24],
    [35, 130, 181, 630, 39],
    [42, 137, 189, 649, 35],
    [36, 207, 223, 630, 68],
    [3, 9, 12, 53, 2],
    [9, 39, 42, 180, 13],
    [3, 11, 17, 60, 10],
    [2, 7, 10, 35, 2],
    [2, 13, 12, 60, 2],
    [2, 1, 4, 36, 3],
    [39, 88, 138, 839, 28],
    [5, 13, 43, 285, 10],
    [44, 90, 185, 831, 45],
    [20, 53, 59, 317, 21],
    [30, 38, 92, 493, 19],
    [35, 67, 139, 664, 23],
    [68, 218, 440, 1296, 68],
    [49, 154, 223, 712, 34],
    [53, 115, 206, 910, 52],
    [49, 139, 299, 1155, 57],
    [19, 22, 32, 290, 10],
    [25, 52, 60, 333, 14],
    [9, 16, 33, 132, 5],
    [19, 49, 58, 134, 18],
    [0, 4, 1, 21, 4],
    [2, 7, 9, 28, 1],
    [5, 5, 2, 38, 3],
    [1, 10, 20, 76, 3],
    [6, 6, 14, 65, 2],
    [6, 12, 35, 98, 2],
    [26, 87, 79, 401, 16],
    [5, 8, 7, 26, 1],
    [71, 208, 331, 1250, 75],
    [47, 109, 199, 692, 41],
    [57, 84, 107, 792, 24],
    [18, 36, 42, 284, 22],
    [0, 0, 4, 10, 1],
    [75, 143, 226, 897, 66],
    [43, 75, 134, 498, 39],
    [63, 165, 288, 929, 59],
    [11, 35, 59, 274, 14],
    [85, 402, 550, 2359, 158],
    [66, 189, 291, 1545, 69],
    [10, 36, 90, 304, 13],
    [53, 189, 478, 1246, 88],
    [5, 12, 36, 137, 7]
  ],
  "W": [
    [11, 24, 26, 127, 31, 11],
    [15, 31, 24, 228, 26, 26],
    [1, 3, 5, 4, 6, 3],
    [9, 22, 53, 121, 70, 14],
    [40, 62, 85, 388, 108, 17],
    [44, 91, 146, 531, 167, 36],
    [54, 57, 167, 573, 177, 24],
    [48, 68, 226, 561, 219, 42],
    [2, 6, 13, 43, 10, 5],
    [7, 22, 28, 167, 47, 12],
    [4, 7, 15, 50, 12, 13],
    [4, 7, 9, 29, 7, 0],
    [1, 7, 10, 54, 10, 7],
    [0, 9, 2, 34, 1, 0],
    [69, 82, 110, 725, 113, 33],
    [6, 38, 16, 262, 19, 15],
    [62, 115, 136, 732, 117, 33],
    [30, 52, 29, 282, 55, 22],
    [29, 79, 67, 416, 51, 30],
    [35, 90, 101, 587, 81, 34],
    [62, 198, 323, 1155, 285, 67],
    [38, 129, 166, 607, 181, 51],
    [41, 93, 186, 828, 153, 35],
    [40, 149, 256, 1011, 200, 43],
    [30, 17, 26, 260, 27, 13],
    [21, 51, 35, 290, 70, 17],
    [9, 18, 23, 117, 22, 6],
    [20, 19, 50, 118, 54, 17],
    [0, 5, 1, 21, 3, 0],
    [2, 5, 8, 27, 3, 2],
    [1, 4, 3, 39, 4, 2],
    [5, 11, 18, 64, 8, 4],
    [2, 2, 13, 63, 10, 3],
    [4, 17, 20, 91, 14, 7],
    [23, 49, 61, 354, 96, 26],
    [5, 6, 7, 20, 6, 3],
    [73, 109, 322, 1085, 263, 83],
    [56, 73, 191, 613, 121, 34],
    [59, 79, 76, 675, 128, 47],
    [20, 33, 37, 243, 43, 26],
    [1, 0, 3, 9, 1, 1],
    [89, 143, 190, 738, 188, 59],
    [56, 77, 118, 427, 82, 29],
    [65, 160, 246, 769, 185, 79],
    [14, 63, 45, 207, 38, 26],
    [117, 192, 520, 2107, 516, 102],
    [76, 193, 205, 1351, 260, 75],
    [12, 38, 77, 271, 38, 17],
    [52, 260, 359, 1102, 192, 89],
    [5, 27, 17, 119, 20, 9]
  ],
  "method": "mult",
  "cond_prob": [
    [
      [0.480955502, 0.02309623192, 0.0028779691986, 0.46356249567, 0.029507801214],
      [0.0073482427917, 0.0094152651021, 0.40201465658, 0.56188916748, 0.019332668053],
      [0.0064463653742, 0.088369367209, 0.73430258505, 0.10163303799, 0.069248644377],
      [0.023272473408, 0.012160601713, 0.035253684134, 0.91505109271, 0.014262148039],
      [0.02216489019, 0.6074590356, 0.080917180997, 0.240389175, 0.049069718209],
      [0.15661913024, 0.076976819797, 0.11295207942, 0.55540548562, 0.098046484922]
    ],
    [
      [0.25694518605, 0.028878910303, 0.0035074783715, 0.66166160602, 0.04900681926],
      [0.002983104294, 0.0087924535301, 0.3653407077, 0.59889117303, 0.023992561449],
      [0.0027670413541, 0.087255317004, 0.70461958302, 0.11467857153, 0.090679487098],
      [0.0044560873968, 0.0087032394001, 0.025977050508, 0.94597535404, 0.014888268657],
      [0.009298012311, 0.58657110588, 0.076121818912, 0.26512566004, 0.062883402854],
      [0.06650772066, 0.075574436224, 0.10803927253, 0.62236599797, 0.12751257261]
    ],
    [
      [0.8808451723, 0.017738341371, 0.0016379067088, 0.073192837434, 0.026585742183],
      [0.023111362731, 0.019744693076, 0.66543377344, 0.2444936384, 0.047216532357],
      [0.011857013501, 0.11011565617, 0.75021816861, 0, 0.12780916171],
      [0.11246087018, 0.29467504811, 0.11332158326, 0.41820463217, 0.061337866271],
      [0.058399231817, 0.80687225139, 0.068667549606, 0, 0.06606096719],
      [0.39676560012, 0.11750519925, 0.12855943307, 0.1735025729, 0.18366719465]
    ],
    [
      [0.33798387594, 0.037287802674, 0.0041477646755, 0.57727314475, 0.043307411963],
      [0.0039014359354, 0.011471513054, 0.43533065357, 0.52787661865, 0.021419778792],
      [0.0031826672746, 0.099949358407, 0.73690702495, 0.088798008296, 0.071162941074],
      [0.0058671071918, 0.054902808483, 0.065625348231, 0.85446362549, 0.019141110604],
      [0.010595456317, 0.65801147483, 0.079154498599, 0.20335957107, 0.048878999188],
      [0.089430732002, 0.1007626735, 0.13198866995, 0.561406642, 0.11641128255]
    ],
    [
      [0.40294799735, 0.033257090749, 0.0030729496651, 0.52174528826, 0.038976673979],
      [0.0057563731998, 0.012287243015, 0.38604486623, 0.57275018115, 0.023161336409],
      [0.0050131992982, 0.1142142631, 0.69575872413, 0.10305030039, 0.081963513079],
      [0.014100127828, 0.041556421173, 0.030445384856, 0.89660127797, 0.017296788171],
      [0.014717078689, 0.66105828361, 0.066307874105, 0.20818108986, 0.049735673742],
      [0.11992758422, 0.098912287938, 0.10757347228, 0.55856165572, 0.11502499985]
    ],
    [
      [0.41147815406, 0.027050857664, 0.003256381963, 0.5184516638, 0.039762942518],
      [0.0057978543117, 0.0098262139343, 0.40163681489, 0.55950438274, 0.023234734124],
      [0.005038001511, 0.091100650338, 0.72142411254, 0.1004699529, 0.081967282713],
      [0.01563473376, 0.018498336522, 0.040474133793, 0.90793515893, 0.017457636999],
      [0.017145807093, 0.60997285207, 0.079890487559, 0.23530320263, 0.057687650648],
      [0.1240670791, 0.081299968251, 0.11517700393, 0.56098362808, 0.11847232064]
    ],
    [
      [0.43700268586, 0.026068159857, 0.003247008526, 0.50016665661, 0.033515489148],
      [0.0063185514335, 0.0097075919836, 0.41054469937, 0.5533519704, 0.020077186803],
      [0.0054735786845, 0.089720823271, 0.73513672767, 0.099061963555, 0.070606906824],
      [0.018317090316, 0.01726350517, 0.043862997958, 0.90516379466, 0.0153926119],
      [0.018962602178, 0.61139747166, 0.082877249476, 0.23617577678, 0.05058689991],
      [0.1364806898, 0.081094508038, 0.118875382, 0.56019264533, 0.10335677482]
    ],
    [
      [0.39628561164, 0.03436440565, 0.0032097771683, 0.50912629486, 0.057013910684],
      [0.0056098223403, 0.012526926429, 0.39706808243, 0.55136074907, 0.033434419732],
      [0.0046388228392, 0.11050477257, 0.67842671318, 0.094222453685, 0.11220723773],
      [0.013791429966, 0.057289444889, 0.041774729097, 0.85938152171, 0.027762874334],
      [0.013972771492, 0.65425560948, 0.066552749524, 0.19531298775, 0.069905881752],
      [0.11312903793, 0.097696235082, 0.10738544624, 0.5211560566, 0.16063322415]
    ],
    [
      [0.4978442511, 0.023330074712, 0.0021499775049, 0.45607396428, 0.020601732411],
      [0.0075107891592, 0.010694529897, 0.34373046067, 0.62291257411, 0.015151646163],
      [0.0072298025046, 0.11086893407, 0.68200338171, 0.13962229158, 0.060275590133],
      [0.020154510204, 0.012924497925, 0, 0.95847526363, 0.0084457282404],
      [0.020309267418, 0.64707968875, 0.060991527885, 0.23702707917, 0.034592436784],
      [0.15910454347, 0.084265246006, 0.091471607977, 0.59011594169, 0.07504266086]
    ],
    [
      [0.44813473886, 0.028127061617, 0.0031894162342, 0.47184724076, 0.04870154253],
      [0.0063967361293, 0.010746214981, 0.41707372729, 0.53587546659, 0.029907855014],
      [0.0052368220874, 0.094031454611, 0.71036934308, 0.090509886566, 0.099852493659],
      [0.018847276809, 0.032397357984, 0.047517673202, 0.87622024691, 0.025017445097],
      [0.01759390628, 0.62751741189, 0.076599773563, 0.20912360479, 0.069165303475],
      [0.1334407327, 0.085844663971, 0.1146724748, 0.51799513062, 0.14804699791]
    ],
    [
      [0.33434728126, 0.029835027391, 0.0033085685466, 0.53906929869, 0.093439824114],
      [0.0040591480733, 0.010131234182, 0.38978433881, 0.54506180492, 0.050963474019],
      [0.0032375175084, 0.086838606739, 0.65370212003, 0.089258007256, 0.16696374847],
      [0.0079706919354, 0.026350076342, 0.046347106682, 0.87450804606, 0.044824078982],
      [0.010870225629, 0.59900206968, 0.06891580114, 0.2061292619, 0.11508264165],
      [0.081281290116, 0.077048730525, 0.10064604662, 0.49926666278, 0.24175726996]
    ],
    [
      [0.41625312261, 0.031677780678, 0.0028419910122, 0.50953037029, 0.039696735411],
      [0.0051569417807, 0.012040683649, 0.38076003602, 0.57788572905, 0.0241566095],
      [0.0044251509606, 0.11180235369, 0.6958289872, 0.10121989303, 0.086723615113],
      [0.0059053212645, 0.03526188426, 0.022028999343, 0.91811566756, 0.018688127577],
      [0.01254403454, 0.680026895, 0.060287131144, 0.19719214559, 0.049949793732],
      [0.11237609938, 0.097713722146, 0.10321373092, 0.56156214831, 0.12513429924]
    ],
    [
      [0.40634702864, 0.041530486202, 0.0028917493712, 0.52488760107, 0.024343134717],
      [0.0050218059007, 0.015563437106, 0.37883624133, 0.58593927645, 0.014639239217],
      [0.0043478319565, 0.14511054973, 0.69406543634, 0.10414261863, 0.052333563349],
      [0.01168888903, 0.058142902996, 0.02118090497, 0.89863477387, 0.010352529132],
      [0.01062011927, 0.73618647122, 0.0524758691, 0.17459005215, 0.026127488263],
      [0.11108868717, 0.12811978326, 0.10515323407, 0.57999042385, 0.075647871649]
    ],
    [
      [0.8255953567, 0.0049548393773, 0.00053315723193, 0.13680099231, 0.03211565439],
      [0.019339034172, 0.0073299668449, 0.28820741602, 0.60899346299, 0.076130119976],
      [0.016315221075, 0.070006229735, 0.53123968463, 0.10501140695, 0.27742745761],
      [0.051465047813, 0.0063060443342, 0.0089090682937, 0.885859147, 0.047460692556],
      [0.043506624646, 0.57961233156, 0.040745564562, 0.18982502114, 0.14631045809],
      [0.29863146497, 0.037842648879, 0.046913269302, 0.3626026344, 0.25400998245]
    ],
    [
      [0.36197536238, 0.025867830074, 0.0030894742094, 0.57693316183, 0.032134171509],
      [0.0049317669914, 0.0090600036325, 0.36756776567, 0.60033553893, 0.018104924775],
      [0.0046558546998, 0.091276991384, 0.71753131554, 0.11713767063, 0.069398167747],
      [0.010784951785, 0.007990633687, 0.022705281931, 0.94720960516, 0.01130952744],
      [0.015376312648, 0.5939292814, 0.077064458163, 0.26623168233, 0.047398265456],
      [0.1075920519, 0.07650036829, 0.10752156403, 0.6141760615, 0.094209954287]
    ],
    [
      [0.27716201315, 0.022069994289, 0.0042424043985, 0.64716709629, 0.049358491873],
      [0.0029871423296, 0.0063254897837, 0.41641564974, 0.55152531947, 0.02274639868],
      [0.0026114696555, 0.059222306858, 0.75750063643, 0.099552914461, 0.081112672599],
      [0.0072460133289, 0.0038936786514, 0.04223972783, 0.93046595169, 0.016154628503],
      [0.011291789328, 0.51525730983, 0.10511192631, 0.29602144652, 0.072317528008],
      [0.071248900579, 0.057974787955, 0.13112036062, 0.61064678835, 0.12900916249]
    ],
    [
      [0.40521221106, 0.023714877354, 0.0032180290868, 0.52284071432, 0.045014168176],
      [0.0057131846853, 0.0085990746347, 0.39618743589, 0.56324291796, 0.026257386836],
      [0.0050141555834, 0.08053580918, 0.71872283012, 0.10217130977, 0.093555895348],
      [0.015585247501, 0.0098038642449, 0.038078157169, 0.91755621135, 0.01897651974],
      [0.018121526549, 0.57330148533, 0.084535844405, 0.25411381131, 0.069927332404],
      [0.12149338604, 0.070763986714, 0.11299143426, 0.56161149667, 0.13313969631]
    ],
    [
      [0.40361418984, 0.032705022526, 0.0032526987904, 0.50550677114, 0.054921317702],
      [0.0056533311418, 0.011898884296, 0.40373786326, 0.54657841899, 0.032131502311],
      [0.0046562970786, 0.1046959704, 0.68997703863, 0.092970369687, 0.10770032421],
      [0.01460226881, 0.037945100342, 0.041327658763, 0.88027330886, 0.025851663221],
      [0.014518889083, 0.64716186646, 0.069472971399, 0.19948536019, 0.069360912872],
      [0.11573589847, 0.094068329434, 0.11015012856, 0.52308229307, 0.15696335047]
    ],
    [
      [0.46420517908, 0.018942267745, 0.0025761557452, 0.48374413752, 0.030532259913],
      [0.0074654248397, 0.0078931998059, 0.36516892737, 0.59900817238, 0.020464275604],
      [0.0070789478252, 0.079943269759, 0.71675209447, 0.11735091362, 0.07887477433],
      [0.023012259063, 0.0031605357706, 0.018922722694, 0.94222704672, 0.012677435749],
      [0.024776561787, 0.5541493095, 0.081396877893, 0.2826256596, 0.05705159122],
      [0.15457624397, 0.063150490388, 0.1010487493, 0.58023010348, 0.10099441286]
    ],
    [
      [0.44666100434, 0.023201094923, 0.0029913646009, 0.49898475119, 0.028161784944],
      [0.0066922390626, 0.0089760358405, 0.39322518551, 0.57358042977, 0.017526109813],
      [0.0060537045535, 0.086674800301, 0.7356541723, 0.10722515803, 0.064392164808],
      [0.019683643488, 0.010219191864, 0.031735358849, 0.92620810432, 0.012153701483],
      [0.021012035192, 0.59367942258, 0.082999795489, 0.25610020959, 0.046208537153],
      [0.14402545866, 0.074684257904, 0.11330367827, 0.57809646639, 0.089890138774]
    ],
    [
      [0.44902432226, 0.024464429877, 0.0035582416297, 0.48943900191, 0.033514004318],
      [0.0063481287785, 0.0088752484506, 0.43775731975, 0.52745849946, 0.019560803564],
      [0.0053193006438, 0.079324447074, 0.75749467626, 0.091369747298, 0.066491828729],
      [0.01902442433, 0.01282361597, 0.063092819202, 0.88886470082, 0.016194439676],
      [0.020266991706, 0.59363537232, 0.09410739081, 0.23957595544, 0.052414289724],
      [0.14083769666, 0.076220181976, 0.13044547342, 0.54907005765, 0.1034265903]
    ],
    [
      [0.49454162737, 0.025929180397, 0.002987146349, 0.44988848289, 0.026653562994],
      [0.0078701206457, 0.010633586186, 0.41579281437, 0.54811944342, 0.017584035377],
      [0.006754253388, 0.097363048858, 0.73740853134, 0.097220204278, 0.061253962132],
      [0.025631019132, 0.026733407017, 0.043570491049, 0.89014566922, 0.013919413579],
      [0.022378698157, 0.63443283258, 0.079548923362, 0.22166573715, 0.041973808748],
      [0.16592928538, 0.086689640392, 0.11752462718, 0.54153639013, 0.088320056921]
    ],
    [
      [0.48579823835, 0.020646957798, 0.0026213964718, 0.45248884054, 0.038444566836],
      [0.0080776941499, 0.0088410820553, 0.38097938421, 0.57561894242, 0.026482897171],
      [0.007237123218, 0.084513763133, 0.70534607481, 0.10659817297, 0.096304865871],
      [0.025962841298, 0.0089531449224, 0.028449406795, 0.91839256969, 0.018242037293],
      [0.024976802183, 0.57385513024, 0.079263904122, 0.25316233701, 0.068741826452],
      [0.16189309784, 0.068533006688, 0.10238811262, 0.54072144156, 0.1264643413]
    ],
    [
      [0.43410242692, 0.020987283839, 0.0030110370726, 0.50632673972, 0.035572512446],
      [0.0064398257921, 0.0080084097023, 0.38975581947, 0.57395829287, 0.02183765216],
      [0.0058321320535, 0.077370827805, 0.72909783956, 0.10745150822, 0.080247692353],
      [0.018785268496, 0.002553722343, 0.031555644147, 0.93245433147, 0.01465103354],
      [0.021424229647, 0.55868456559, 0.087285290828, 0.27162652196, 0.06097939197],
      [0.13736257432, 0.066083657578, 0.11156000208, 0.57402151521, 0.11097225081]
    ],
    [
      [0.41272585605, 0.02278003247, 0.0025788104171, 0.52752213891, 0.034393162155],
      [0.0062302756474, 0.0089497722018, 0.34697133979, 0.61612214297, 0.021726469387],
      [0.005991886421, 0.092080059854, 0.69443074838, 0.12233953327, 0.08515777208],
      [0.016014659666, 0.0077457500484, 0.018507984914, 0.9443622072, 0.013369398169],
      [0.019069207849, 0.5861201614, 0.070948029296, 0.2679249131, 0.055937688363],
      [0.12906465082, 0.071633228616, 0.095480814191, 0.59625269315, 0.10756861323]
    ],
    [
      [0.51176475384, 0.021953577203, 0.0025284135989, 0.43452271588, 0.029230539478],
      [0.0087501926632, 0.0097921703547, 0.38453411798, 0.57595846508, 0.020965053922],
      [0.0078468615592, 0.093779343969, 0.71520439013, 0.10666824827, 0.076501156071],
      [0.030109557762, 0.013717862245, 0.02845951089, 0.91286286797, 0.014850201131],
      [0.025672651368, 0.60690387495, 0.075613994263, 0.24011831487, 0.051691164548],
      [0.17665781425, 0.076226226705, 0.10336893449, 0.54289640032, 0.10085062423]
    ],
    [
      [0.49411009583, 0.020493964637, 0.0030438947057, 0.45610754812, 0.026244496711],
      [0.0073684428582, 0.0082533361489, 0.42107694286, 0.54631896025, 0.016982317882],
      [0.0063728666508, 0.076461536584, 0.75969716333, 0.097381791596, 0.060086641835],
      [0.023652701413, 0.0056113670354, 0.044170688601, 0.91365393224, 0.012911310706],
      [0.024145810588, 0.58335927422, 0.091878936519, 0.25375295241, 0.046863026268],
      [0.16253788914, 0.069657491695, 0.1218130083, 0.55690575836, 0.089085852508]
    ],
    [
      [0.5254235258, 0.027792285932, 0.0030124617091, 0.39356350436, 0.050208222198],
      [0.0086004852644, 0.01194458637, 0.44196638653, 0.50279640705, 0.034692134784],
      [0.0066223922277, 0.098266605819, 0.70647108178, 0.079829993542, 0.10880992663],
      [0.033315612875, 0.058320355893, 0.069279549498, 0.80426423652, 0.034820245213],
      [0.021951758912, 0.6459636718, 0.07552456797, 0.18211733103, 0.074442670288],
      [0.16943313836, 0.090590386881, 0.11561893069, 0.46156368921, 0.16279385486]
    ],
    [
      [5.5511151231e-17, 0.061011855452, 0.0011285094459, 0.63940012488, 0.29845951022],
      [6.673820556e-34, 0.021163238262, 0.14590880378, 0.66522255513, 0.16770540283],
      [0, 0.1627739039, 0.23780995387, 0.093745406555, 0.50567073568],
      [6.6027340728e-19, 0.076666482821, 0, 0.8213672276, 0.10196628958],
      [1.5058029395e-34, 0.70713792185, 0.010882009072, 0.11047667938, 0.17150338969],
      [1.1102230246e-16, 0.097622758054, 0.021378231624, 0.36065205522, 0.5203469551]
    ],
    [
      [0.54330581755, 0.047073485059, 0.0025544868101, 0.38793578436, 0.019130426222],
      [0.0075023820402, 0.021764403366, 0.42009641404, 0.53646146898, 0.014175331573],
      [0.0057058288168, 0.18113211705, 0.68469836311, 0.083150523606, 0.045313167411],
      [0.017762133728, 0.094472336778, 0.040044574136, 0.83533453988, 0.012386415477],
      [0.011118389524, 0.81964258939, 0.040212850779, 0.11115998593, 0.017866184377],
      [0.15864852247, 0.16914660772, 0.10748999864, 0.49455218148, 0.070162689694]
    ],
    [
      [0.7665658846, 0.01436808536, 0.00042882829588, 0.18780125577, 0.030835945977],
      [0.027136450095, 0.052036067751, 0.16095688724, 0.69847072158, 0.061399873334],
      [0.025754492471, 0.18531397846, 0.40709016346, 0.1355923965, 0.24624896911],
      [0.082077709145, 0.032171407658, 0, 0.85245762251, 0.033293260688],
      [0.042750082813, 0.70135892333, 0.019387793683, 0.15407733473, 0.082425865443],
      [0.33779692485, 0.080712558138, 0.028460978822, 0.37469102582, 0.17833851237]
    ],
    [
      [0.16162594049, 0.04524904837, 0.0042336661627, 0.7473841073, 0.041507237683],
      [0.0014984163425, 0.011880620798, 0.3846077326, 0.58451028398, 0.01750294628],
      [6.6155668217e-05, 0.11344724322, 0.71487744993, 0.10774183968, 0.063867311497],
      [0, 0.026705011319, 0.029464232802, 0.93209349616, 0.011737259715],
      [0.0038273002297, 0.68252436416, 0.065004105464, 0.21091096502, 0.037733265118],
      [0.035894628481, 0.10792547844, 0.1186521922, 0.63821043767, 0.099317263213]
    ],
    [
      [0.67230218812, 0.01069614015, 0.0018933931249, 0.30077252678, 0.014335751824],
      [0.013787009961, 0.0066286026828, 0.41013450269, 0.55519639291, 0.014253491753],
      [0.012245530554, 0.039046790196, 0.77076340485, 0.1256285479, 0.052315726499],
      [0.049856375433, 0, 0.029871039706, 0.9102770715, 0.0099955133565],
      [0.049395250075, 0.53084507142, 0.096263296112, 0.28037540009, 0.043120982297],
      [0.27790851786, 0.049763842526, 0.1038371609, 0.50122717741, 0.06726330131]
    ],
    [
      [0.52975646047, 0.022181087161, 0.0037190176367, 0.43139666398, 0.012946770757],
      [0.0072224634963, 0.0084458941387, 0.48760166065, 0.48881013756, 0.0079198441577],
      [0.0057782698859, 0.072528138814, 0.8151906482, 0.080525094384, 0.025977848718],
      [0.022775894507, 0.012675293335, 0.085737305595, 0.87152200791, 0.0072894986518],
      [0.024056852731, 0.61544781008, 0.10786880519, 0.23040524179, 0.022221290199],
      [0.17617493466, 0.078201662863, 0.15426066466, 0.54570900184, 0.045653735975]
    ],
    [
      [0.47551280071, 0.028912366761, 0.0026398175744, 0.46646336287, 0.026471652088],
      [0.0077076180435, 0.012177098219, 0.37842693547, 0.58375743266, 0.017930915613],
      [0.0069129956383, 0.11658747879, 0.7029713672, 0.10815543616, 0.065372722208],
      [0.023351481222, 0.035634219088, 0.024138333785, 0.90408174892, 0.012794216981],
      [0.019885162503, 0.66166027484, 0.065530594307, 0.21406663959, 0.038857328763],
      [0.15724767742, 0.095869292451, 0.1030462979, 0.55670808954, 0.087128642685]
    ],
    [
      [0.59649110132, 0.030808910713, 0.0018053968792, 0.35594091384, 0.014953677248],
      [0.011386006475, 0.017311340005, 0.36058072003, 0.59726536497, 0.013456568522],
      [0.0098990809622, 0.21853075518, 0.61575555936, 0.10562752917, 0.050187075331],
      [0.055174470922, 0.064309713433, 0, 0.87146246897, 0.0090533466715],
      [0.021136524826, 0.75895045017, 0.043332552716, 0.15532144561, 0.021259026676],
      [0.21654210682, 0.12415838348, 0.085734821214, 0.51204416121, 0.061520527277]
    ],
    [
      [0.43086435487, 0.024446563121, 0.0029283533271, 0.50425881276, 0.037501915922],
      [0.0064789339114, 0.0094289131645, 0.38306431681, 0.57775702257, 0.023270813544],
      [0.0058262295691, 0.090442588848, 0.71143267842, 0.10740423173, 0.084894271433],
      [0.018992706914, 0.01200926059, 0.028187829256, 0.92487218514, 0.015938018102],
      [0.019539843329, 0.59587156923, 0.077785960152, 0.24789656338, 0.058906063911],
      [0.13516369372, 0.076155003613, 0.10734210797, 0.56561821144, 0.11572098326]
    ],
    [
      [0.44952891085, 0.025732536379, 0.0029481370059, 0.48481267096, 0.036977744798],
      [0.0068649007076, 0.010115711429, 0.39341409448, 0.56622072795, 0.023384565431],
      [0.0060228416975, 0.094703373461, 0.71332314387, 0.1026649958, 0.083285645177],
      [0.021091355575, 0.019001289909, 0.034082104946, 0.90867074519, 0.017154504376],
      [0.019837618705, 0.61423293557, 0.076487132833, 0.2327092625, 0.056733050391],
      [0.14251551899, 0.081241493499, 0.10952004549, 0.55101104477, 0.11571189724]
    ],
    [
      [0.47261160127, 0.01940800173, 0.0023928234267, 0.48151436033, 0.024073213242],
      [0.0079187529108, 0.0083644340997, 0.35048537995, 0.61654212833, 0.01668930471],
      [0.0077832490888, 0.087731483171, 0.71263224979, 0.12524435843, 0.066608659517],
      [0.024533472562, 0, 0.015884277226, 0.94987094458, 0.0097113056285],
      [0.028927244626, 0.56566737333, 0.076244656759, 0.28380560022, 0.045355125062],
      [0.16246863453, 0.066406831848, 0.09636647288, 0.59309040296, 0.081667657792]
    ],
    [
      [0.42507593632, 0.024462061042, 0.0022666843348, 0.49153488156, 0.056660436741],
      [0.0068798900021, 0.010336683887, 0.32694489187, 0.61733799811, 0.038500536124],
      [0.0063692032742, 0.10226810213, 0.62827046283, 0.11799792807, 0.1450943037],
      [0.020044036487, 0.015694292165, 0.01332603542, 0.92638712066, 0.024548515267],
      [0.018679014974, 0.5959027845, 0.059444107125, 0.23811184455, 0.087862248852],
      [0.12930330277, 0.074930603931, 0.081736713206, 0.54155174833, 0.17247763176]
    ],
    [
      [0, 1.2325951644e-32, 0.0075608828921, 0.88393178022, 0.10850733689],
      [0, 0, 0.51638025395, 0.45436879785, 0.029250948199],
      [0, 0, 0.84864427259, 0.061179444348, 0.090176283065],
      [2.871931088e-17, 0, 0.11302776877, 0.86800067406, 0.018971557169],
      [0, 0, 0.25657963375, 0.52448848497, 0.21893188129],
      [0, 0, 0.1726767467, 0.59603533519, 0.23128791811]
    ],
    [
      [0.46075692449, 0.022619907145, 0.0026910338365, 0.46940467108, 0.044527463445],
      [0.00742036517, 0.0093475804653, 0.37736057257, 0.57626907898, 0.029602402816],
      [0.0065897095677, 0.088559992309, 0.69238789767, 0.10577860209, 0.10668379836],
      [0.025479558138, 0.011876173476, 0.027193541776, 0.914687907, 0.020762819612],
      [0.022101284943, 0.58407480711, 0.075645875128, 0.24416126209, 0.074016770729],
      [0.14780544419, 0.072085524694, 0.10091486776, 0.53858608385, 0.1406080795]
    ],
    [
      [0.45691490276, 0.025414753093, 0.0027855052544, 0.46635753282, 0.048527306077],
      [0.0072260375109, 0.010359341963, 0.38577934176, 0.56481730593, 0.031817972836],
      [0.0062208172114, 0.095200607202, 0.68684845222, 0.10046609123, 0.11126403214],
      [0.024159058579, 0.021813827833, 0.033225231869, 0.8968463292, 0.023955552514],
      [0.020159398796, 0.6088739579, 0.072357732935, 0.22406096785, 0.074547942522],
      [0.14321777282, 0.079422890118, 0.10242679031, 0.52454016921, 0.15039237755]
    ],
    [
      [0.45004950707, 0.026335981766, 0.0029601870863, 0.48391437908, 0.036739944997],
      [0.0068869637095, 0.01034905517, 0.39461759071, 0.56491939032, 0.023227000096],
      [0.0060230059357, 0.096555439403, 0.71287680673, 0.102120777, 0.082423970935],
      [0.021125645552, 0.021721219605, 0.034586533015, 0.9053283407, 0.017238261127],
      [0.01965536662, 0.61953727239, 0.075814913802, 0.22934884449, 0.055643602698],
      [0.14280182447, 0.083058999962, 0.10985159402, 0.54949014605, 0.1147974355]
    ],
    [
      [0.35571118746, 0.028929168763, 0.0027734727569, 0.57270399119, 0.039882179832],
      [0.0049215384806, 0.010503957087, 0.34319912065, 0.61808815135, 0.023287232432],
      [0.0046826294688, 0.10682711378, 0.67689439809, 0.12140524964, 0.090190609018],
      [0.011135903687, 0.015774739449, 0.0094822021047, 0.94992253272, 0.013684622039],
      [0.013724427264, 0.6227258696, 0.064166231856, 0.24480862196, 0.05457484932],
      [0.10279260869, 0.084502619624, 0.095317162312, 0.60164086333, 0.11574674605]
    ],
    [
      [0.3480894914, 0.028255679977, 0.0032658484093, 0.56857105989, 0.051817920321],
      [0.0046568141342, 0.0096725048675, 0.37898076651, 0.57815025122, 0.028539663269],
      [0.0041375943169, 0.09165288458, 0.69516332656, 0.10621035485, 0.1028358397],
      [0.011450756805, 0.01559021743, 0.031105587099, 0.92197516655, 0.019878272119],
      [0.013743505116, 0.59743262846, 0.075340948444, 0.2427965351, 0.070686382878],
      [0.098132146269, 0.078957256039, 0.10738487592, 0.57213985499, 0.14338586679]
    ],
    [
      [0.39524735472, 0.024364136268, 0.0031036384856, 0.53864005204, 0.03864481848],
      [0.0055958709215, 0.008844111363, 0.382163947, 0.58082746444, 0.022568606275],
      [0.0050827578189, 0.085687822835, 0.71699584112, 0.10906879132, 0.083164786899],
      [0.015024925015, 0.0081173767637, 0.030181849698, 0.93145855873, 0.015217289797],
      [0.01758329304, 0.58238541386, 0.080843121232, 0.25966511539, 0.059523056477],
      [0.11958536952, 0.073181664777, 0.10969925083, 0.58254813794, 0.11498557693]
    ],
    [
      [0.36033591175, 0.028604875541, 0.0036795875502, 0.57340047283, 0.03397915233],
      [0.0044874515936, 0.0093664163112, 0.41021400273, 0.55803813819, 0.017893991169],
      [0.0039284237387, 0.087628749292, 0.74383430635, 0.10087623022, 0.063732290406],
      [0.010835869337, 0.014452434397, 0.043387576324, 0.9180505158, 0.013273604142],
      [0.013801952133, 0.61150901153, 0.084649856474, 0.24380348671, 0.04623569315],
      [0.1024683823, 0.082320695211, 0.12457314864, 0.5935325336, 0.097105240246]
    ],
    [
      [0.4006825084, 0.029639646803, 0.0037579501812, 0.51914399195, 0.04677590267],
      [0.0053146589067, 0.010091832337, 0.43387412604, 0.52509559322, 0.025623789497],
      [0.0043513604525, 0.088141927303, 0.73352253055, 0.088877294404, 0.085106887296],
      [0.014437235171, 0.024435287174, 0.067104581928, 0.87186142573, 0.022161470002],
      [0.015525025235, 0.61808068253, 0.085349222849, 0.21822271483, 0.062822354553],
      [0.11606653755, 0.085311601633, 0.12726320541, 0.53800738308, 0.13335127232]
    ],
    [
      [0.39642003252, 0.019734091409, 0.0039785550332, 0.53540690714, 0.044460413895],
      [0.0047286752572, 0, 0.45242326317, 0.51954192144, 0.023306140136],
      [0.0039186308721, 0.057172320548, 0.77112898001, 0.088747831574, 0.079032237002],
      [0.012326707406, 0, 0.06026121033, 0.90923234178, 0.018179740489],
      [0.017717553405, 0.520447876, 0.11246326093, 0.27585032366, 0.073520986008],
      [0.11137551458, 0.057826952626, 0.13723746793, 0.56344058936, 0.1301194755]
    ]
  ],
  "expected_outcome": [
    [
      [5.290510522, 3.8541777907, 0.8808451723, 3.0418548835, 16.117919894, 18.1050387785, 23.5981450363, 19.0217093586, 0.99568850219, 3.136943172, 1.337389125, 1.6650124904, 0.40634702864, 0, 24.9763000041, 1.6629720789, 25.1231570856, 12.1084256951, 13.4619501932, 15.6331351519, 27.8395079804, 18.7925818402, 19.9177277725, 17.3640970768, 12.3817756814, 10.7470598306, 4.4469908624, 10.508470516, 0, 1.0866116351, 0.7665658846, 0.80812970244, 1.3446043762, 2.1190258419, 10.9367944163, 2.9824555066, 31.4530979057, 25.1736190078, 27.8840844752, 8.5015187264, 0, 41.00736628, 25.5872345545, 29.2532179594, 4.9799566244, 40.726470494, 30.0387989588, 4.324030941, 20.8354904366, 1.9821001626],
      [0.25405855112, 0.43318365455, 0.017738341371, 0.33559022407, 1.33028363, 1.1902377372, 1.4076806323, 1.6494914712, 0.046660149424, 0.19688943132, 0.11934010956, 0.12671112271, 0.041530486202, 0, 1.7848802751, 0.13241996574, 1.470322396, 0.98115067578, 0.54932576462, 0.81203832232, 1.5167946524, 0.98530885509, 0.84652526971, 0.83949135355, 0.68340097409, 0.46102512127, 0.18444568174, 0.55584571864, 0, 0.094146970119, 0.01436808536, 0.22624524185, 0.0213922803, 0.088724348643, 0.66498443549, 0.15404455356, 1.7845991078, 1.4410220372, 1.1450721021, 0.48924122084, 1.2325951644e-32, 2.0131717359, 1.4232261732, 1.7118388148, 0.40500836268, 3.3059145573, 1.8516743564, 0.34325850649, 1.5412616337, 0.098670457045],
      [0.031657661185, 0.052612175573, 0.0016379067088, 0.03732988208, 0.1229179866, 0.14328080637, 0.1753384604, 0.15406930408, 0.0042999550098, 0.022325913639, 0.013234274186, 0.011367964049, 0.0028917493712, 0, 0.21317372045, 0.025454426391, 0.19951780338, 0.097580963713, 0.07470851661, 0.10469776103, 0.22061098104, 0.11351156126, 0.10747725534, 0.1204414829, 0.077364312513, 0.053096685577, 0.027395052351, 0.060249234183, 0, 0.0051089736201, 0.00042882829588, 0.021168330813, 0.0037867862499, 0.014876070547, 0.06071580421, 0.009026984396, 0.21376979288, 0.16509567233, 0.14117658217, 0.045333686695, 0.0075608828921, 0.23950201145, 0.15598829424, 0.19241216061, 0.038828618597, 0.38210426389, 0.23587652491, 0.044155050602, 0.19541340942, 0.019892775166],
      [5.0991874524, 9.9249240903, 0.073192837434, 5.1954583027, 20.8698115303, 22.8118732072, 27.0089994571, 24.4380621533, 0.91214792855, 3.3029306853, 2.1562771947, 2.0381214811, 0.52488760107, 0, 39.8083881663, 3.8830025777, 32.4161242881, 15.1652031343, 14.0285799881, 17.4644662917, 30.3452181185, 17.0957623496, 18.5520424622, 20.253069589, 15.8256641673, 9.1249770335, 4.1049679331, 7.8712700872, 0, 0.77587156872, 0.18780125577, 3.7369205365, 0.60154505356, 1.7255866559, 10.728657346, 1.7797045692, 36.8108933313, 27.1495095739, 28.4093472593, 9.8306976312, 0.88393178022, 41.777015726, 26.1160218377, 31.4544346404, 8.0178558767, 66.5228140072, 40.9366439554, 6.880805674, 26.9954875814, 2.6770345357],
      [0.32458581335, 0.7351022889, 0.026585742183, 0.38976670766, 1.5590669592, 1.7495694708, 1.809836414, 2.7366677128, 0.041203464822, 0.34091079771, 0.37375929646, 0.15878694165, 0.024343134717, 0, 2.2172578341, 0.29615095124, 2.7908784269, 1.6476395311, 0.88543553749, 0.98566247304, 2.0778682677, 1.0128353938, 1.5762272403, 1.4229004978, 1.0317948647, 0.61384132903, 0.23620047039, 1.004164444, 0, 0.038260852445, 0.030835945977, 0.20753618842, 0.028671503647, 0.051787083027, 0.60884799802, 0.074768386238, 2.7376398623, 2.0707537087, 1.4203195813, 1.1332087348, 0.10850733689, 3.9629442466, 2.7175291403, 2.3880964248, 0.55835051765, 6.0626966776, 2.9370062045, 0.40774982795, 2.4323469389, 0.22230206948]
    ],
    [
      [0.176357827, 0.092476233114, 0.069334088192, 0.085831590578, 0.35689513839, 0.52760474236, 0.36015743171, 0.38146791914, 0.045064734955, 0.14072819484, 0.028414036513, 0.036098592465, 0.035152641305, 0.17405130755, 0.40440489329, 0.11351140853, 0.65701623881, 0.29397321937, 0.58976856233, 0.60230151563, 1.2569294981, 1.0152455633, 0.75122555594, 0.95953404302, 0.10591468601, 0.44625982582, 0.13263197145, 0.16340922002, 3.336910278e-33, 0.037511910201, 0.10854580038, 0.016482579768, 0.027574019921, 0.12278187944, 0.37767328413, 0.068316038851, 0.70620379635, 0.50113775165, 0.62558147995, 0.22703637007, 0, 1.0611122193, 0.55640488834, 1.1019141935, 0.31005692428, 0.89410831376, 1.0800030879, 0.17052316056, 1.3818113157, 0.12767423194],
      [0.22596636245, 0.27256605943, 0.059234079227, 0.25237328718, 0.76180906695, 0.89418546802, 0.55333274306, 0.85183099715, 0.064167179381, 0.23641672958, 0.070918639274, 0.08428478554, 0.10894405975, 0.065969701604, 0.74292029787, 0.24036861178, 0.98889358299, 0.6187419834, 0.62356278466, 0.80784322564, 1.7572991932, 1.371732618, 0.82222063114, 1.1932530456, 0.15214612743, 0.49940068809, 0.14856005068, 0.22694714102, 0.10581619131, 0.10882201683, 0.20814427101, 0.13068682878, 0.013257205366, 0.14358020036, 0.59667781275, 0.10386804003, 1.0277515349, 0.73844693434, 0.66079029388, 0.34111056828, 0, 1.3367040065, 0.79766933112, 1.6558488272, 0.66174929645, 1.8571209346, 1.7069134931, 0.35592381982, 2.6238764075, 0],
      [9.6483517579, 11.3255619386, 1.9963013203, 9.5772743785, 23.934781706, 36.5489501551, 23.4010478644, 27.000629605, 2.062382764, 9.1756220003, 2.7284903716, 2.6653202522, 2.6518536893, 2.5938667442, 30.1405567851, 15.8237946901, 45.5615551271, 20.9943688896, 28.848345262, 35.3902666959, 86.67594931, 53.6372730544, 35.4310827315, 58.0736171012, 5.8985127765, 19.611240017, 7.5793849715, 8.3973613441, 0.72954401892, 2.1004820702, 0.64382754895, 4.2306850586, 0.82026900538, 8.289228231, 18.5429198379, 2.1634843202, 41.7540105326, 28.7192288972, 27.6883450158, 10.7891814318, 0, 53.9625618777, 29.7050093159, 63.1388145132, 21.6215446009, 72.7643071695, 73.7576417705, 15.5881321039, 112.8072727714, 12.2154281055],
      [13.4853400194, 18.5656263639, 0.73348091519, 11.6132856103, 35.5105112313, 50.9148988292, 31.5410623131, 37.4925309369, 3.7374754446, 11.789260265, 3.8154326344, 4.0452001033, 4.1015749351, 5.4809411669, 49.2275141922, 20.9579621398, 64.772935565, 28.4220777875, 47.3216456183, 51.6222386797, 104.4367828929, 70.7074082008, 53.5325616446, 85.5197856383, 10.4740764305, 29.3738817191, 9.8337412845, 9.5531317339, 3.3261127756, 2.6823073449, 2.7938828863, 6.4296131238, 1.1103927858, 8.3097723385, 28.6041142002, 3.5835921898, 62.9755154598, 41.3341131403, 48.7068281384, 20.3721539378, 0, 82.4064782938, 43.4909325563, 90.3871024508, 38.9395535352, 111.0048482345, 112.0997006376, 21.2054492513, 136.5248542362, 14.0276318789],
      [0.46398403328, 0.74376940492, 0.14164959707, 0.47123513342, 1.4360028574, 2.1143608053, 1.1443996478, 2.2735405418, 0.09090987698, 0.65797281031, 0.35674431813, 0.1690962665, 0.10247467452, 0.68517107978, 1.4846038315, 0.86436314985, 3.0195994861, 1.6708381201, 1.6166777727, 1.5773498831, 3.8730391057, 2.2683405636, 2.4629094369, 3.2538101718, 0.36934997957, 1.06921775, 0.30568172187, 0.6591505609, 0.83852701414, 0.070876657865, 0.24559949333, 0.19253240907, 0.028506983506, 0.13463735068, 0.87861486503, 0.080739411129, 2.5365186763, 1.7070732765, 1.3184550721, 1.2705176921, 0, 4.2331436026, 2.4499839083, 3.7163200153, 1.4670956432, 5.4796153477, 4.355741011, 0.67997166443, 6.6621852692, 0.62926578367]
    ],
    [
      [0.16760549973, 0.066408992499, 0.059285067505, 0.16868136555, 0.42612194035, 0.7355482206, 0.91408764032, 1.0483739617, 0.09398743256, 0.14663101845, 0.048562762627, 0.039826358645, 0.043478319565, 0.03263044215, 0.51214401698, 0.041783514488, 0.68192515934, 0.13503261528, 0.47428950429, 0.6114241599, 1.718134108, 1.1212060624, 1.3461049186, 1.4930258057, 0.15578904695, 0.27464015457, 0.14657593297, 0.33111961138, 0, 0.045646630535, 0.077263477414, 0.0011908020279, 0.1591918972, 0.11556539772, 0.42169273394, 0.069293566736, 1.8760459212, 1.1503627642, 0.59152693075, 0.23566052114, 0, 1.2520448179, 0.73405643095, 1.4816594602, 0.21071832609, 2.1515490448, 1.0419653529, 0.30248862788, 1.5621384024, 0.066616724825],
      [2.2976035474, 2.0941276081, 0.55057828087, 5.2973159956, 9.7082123636, 13.3006949493, 14.9833774863, 24.9740785998, 1.4412961429, 2.6328807291, 1.3025791011, 1.0062211832, 1.4511054973, 0.14001245947, 10.0404690522, 0.94755690973, 10.9528700484, 3.0361831415, 5.3561990739, 8.7541548305, 25.6217964048, 16.1622661104, 15.7195599428, 19.8069319182, 2.3940815562, 3.2822770389, 1.7586153414, 4.913330291, 0.1627739039, 1.4490569364, 0.55594193538, 2.0420503779, 0.50760827255, 1.4505627763, 7.1118362065, 1.5297152863, 29.1225136092, 18.088344331, 6.667592721, 3.783919779, 0, 16.8263985386, 11.2336716498, 23.752638093, 4.80722012, 47.6594999818, 17.5660036812, 6.7474136955, 31.6429519017, 0.97192944931],
      [19.0918672114, 16.9108699924, 3.7510908431, 39.0560723222, 59.1394915512, 105.3279204306, 122.7678335201, 153.3244371796, 8.8660439622, 19.8903416062, 9.8055318004, 6.2624608848, 6.9406543634, 1.0624793693, 78.9284447094, 12.1200101828, 97.746304896, 20.0093341203, 48.0223903292, 74.3010714027, 244.6707804307, 122.4098162031, 131.1943699148, 186.6490469285, 18.0551994578, 25.0321536546, 17.4730347567, 35.3235540889, 0.23780995387, 5.4775869049, 1.2212704904, 12.8677940988, 10.0199242631, 16.3038129639, 42.8812533991, 4.3102889155, 229.0813224504, 136.2447204788, 54.1600509843, 23.2460071247, 2.5459328178, 131.5537005581, 81.0481173622, 175.3676944561, 30.4602479143, 361.484929809, 146.9841474304, 57.2752415887, 263.3345884659, 13.1091926601],
      [2.6424589876, 2.7522857167, 0, 4.7062944397, 8.7592755331, 14.6686131234, 16.5433479137, 21.2942745328, 1.8150897906, 2.5342768238, 1.3388701088, 0.91097903728, 1.0414261863, 0.21002281391, 12.8851437693, 1.5928466314, 13.895298129, 2.6961407209, 7.8625112125, 10.8297409613, 29.5124283771, 16.1385539101, 19.8272601718, 27.5075861052, 3.180827865, 3.7333886894, 2.2397812067, 3.9914996771, 0.093745406555, 0.66520418885, 0.4067771895, 1.9393531143, 1.6331711227, 1.6105018877, 6.5974816058, 0.73939270417, 34.5841626176, 19.6090141973, 9.5185712407, 4.3659233384, 0.18353833304, 20.0979343965, 11.854998765, 25.1217111408, 5.4632362338, 55.2293845211, 22.3591022211, 7.7674697267, 31.9069486909, 1.5087131367],
      [1.8004647538, 2.1763076903, 0.63904580856, 3.7716358769, 6.9668986117, 11.9672232761, 11.7913534396, 25.3588357261, 0.78358267173, 2.7958698225, 2.5044562271, 0.78051253601, 0.52333563349, 0.55485491522, 7.6337984521, 1.2978027616, 12.7236017673, 3.123309402, 5.2846098801, 6.5036086456, 21.4768606794, 10.1681577139, 17.912705052, 20.5434092425, 2.2141020741, 2.6775404625, 1.3819927622, 5.4404963317, 0.50567073568, 0.36250533929, 0.73874690733, 1.1496116069, 0.68010444449, 0.51955697436, 3.9877360547, 0.35130952732, 27.3359554015, 15.9075582288, 5.0622581233, 5.3684892367, 0.27052884919, 20.269921689, 13.1291557921, 20.2762968499, 4.0585774058, 53.4746366434, 17.0487813144, 4.9073863613, 30.5533725391, 1.343548029]
