{
  "X": [
    [1, 4, 18, 4, 2],
    [8, 32, 83, 5, 13],
    [13, 248, 176, 23, 30],
    [4, 87, 9, 2, 3],
    [3, 99, 20, 11, 3],
    [98, 674, 1083, 161, 147],
    [37, 337, 297, 78, 58],
    [14, 405, 33, 32, 18],
    [1, 38, 40, 6, 3],
    [17, 389, 100, 47, 28],
    [0, 8, 25, 5, 1],
    [22, 710, 131, 53, 34],
    [6, 127, 38, 31, 18],
    [88, 361, 667, 151, 111],
    [20, 263, 112, 36, 28],
    [10, 273, 108, 62, 26],
    [22, 173, 156, 34, 39],
    [9, 112, 53, 22, 14],
    [49, 476, 334, 85, 82],
    [10, 139, 80, 33, 15],
    [15, 253, 126, 40, 18],
    [27, 609, 108, 75, 43],
    [24, 493, 112, 68, 25],
    [9, 158, 51, 30, 11],
    [25, 352, 166, 77, 35],
    [24, 267, 90, 48, 29],
    [25, 355, 102, 37, 14],
    [2, 12, 19, 3, 2],
    [3, 25, 13, 4, 3],
    [1, 24, 0, 2, 1],
    [0, 19, 9, 3, 1],
    [9, 253, 126, 51, 33],
    [1, 5, 4, 3, 1],
    [1, 18, 8, 1, 1],
    [4, 28, 29, 8, 4],
    [55, 357, 325, 161, 78],
    [210, 3491, 1702, 748, 462],
    [46, 655, 229, 78, 75],
    [100, 1344, 590, 183, 131],
    [22, 67, 57, 9, 11]
  ],
  "W": [
    [0, 4, 17, 5, 3],
    [8, 9, 91, 30, 3],
    [20, 25, 159, 247, 39],
    [6, 6, 11, 73, 9],
    [11, 16, 19, 83, 7],
    [85, 122, 1092, 776, 88],
    [41, 59, 281, 362, 64],
    [22, 31, 31, 387, 31],
    [6, 3, 39, 36, 4],
    [13, 35, 101, 391, 41],
    [2, 6, 20, 8, 3],
    [32, 54, 146, 674, 44],
    [8, 22, 45, 131, 14],
    [66, 93, 698, 459, 62],
    [16, 32, 104, 277, 30],
    [15, 52, 97, 284, 31],
    [16, 27, 171, 182, 28],
    [10, 19, 52, 117, 12],
    [33, 52, 359, 520, 62],
    [6, 24, 89, 147, 11],
    [10, 32, 131, 261, 18],
    [52, 65, 122, 577, 46],
    [31, 68, 116, 476, 31],
    [15, 22, 52, 157, 13],
    [29, 57, 172, 350, 47],
    [29, 48, 91, 262, 28],
    [24, 35, 104, 343, 27],
    [0, 0, 26, 12, 0],
    [7, 4, 11, 22, 4],
    [2, 1, 1, 22, 2],
    [1, 3, 9, 19, 0],
    [16, 43, 122, 264, 27],
    [1, 4, 3, 5, 1],
    [0, 1, 9, 18, 1],
    [4, 4, 27, 34, 4],
    [42, 101, 367, 396, 70],
    [247, 605, 1792, 3560, 409],
    [49, 71, 244, 649, 70],
    [140, 151, 558, 1340, 159],
    [12, 9, 57, 82, 6]
  ],
  "method": "mvn_pdf",
  "cond_prob": [
    [
      [0.46607758556, 0.081401762479, 0.40927244319, 0.012391398261, 0.03085681051],
      [0.0077437554982, 0.086236784231, 0.093219397694, 0.75562058721, 0.057179475364],
      [0.029927649179, 0, 0.92307861538, 0.013733387288, 0.03326034815],
      [0.0830678041, 0.65303963248, 0.12849885359, 0.061955960691, 0.073437749139],
      [0.014971973824, 0.12995156689, 0.43076389326, 0.1447567546, 0.27955581143]
    ],
    [
      [0.36676715184, 0.33851316503, 0.22545274613, 0.0087769793855, 0.060489957621],
      [0.0069618905082, 0.32302438686, 0.069742971587, 0.47957487844, 0.12069587261],
      [0.037950241008, 0.0032195878707, 0.8657799781, 0, 0.093050193026],
      [0.050330726052, 0.83470565621, 0.040449522833, 0.012849516137, 0.061664578771],
      [0.013270685802, 0.35017433854, 0.18974253167, 0.076041591621, 0.37077085236]
    ],
    [
      [0.21389012891, 0.418881302, 0.31013842106, 0.013880473388, 0.043209674641],
      [0.0030765835471, 0.31697518848, 0.076493806228, 0.53485171911, 0.068602702634],
      [0.015850174576, 0.0042387790687, 0.91879011102, 0.0092087207076, 0.051912214631],
      [0.023652541324, 0.87135362246, 0.049753237801, 0.015680705474, 0.039559892943],
      [0.0072545479145, 0.40512009305, 0.24380023166, 0.10291735154, 0.24090777585]
    ],
    [
      [0.2384026044, 0.67719422591, 0.064633532512, 0, 0.019769637182],
      [0.0044226159737, 0.60697099624, 0.017677128612, 0.33333333333, 0.03759592584],
      [0.17359916761, 0.0096951718465, 0.72639798894, 0, 0.090307671603],
      [0, 0.99330703684, 0, 0, 0.0066929631573],
      [0.070384203778, 0.74188312081, 0.057306461662, 0, 0.13042621375]
    ],
    [
      [0.16207730239, 0.67462155464, 0.12689271122, 0.015229033615, 0.021179398132],
      [0.0011328506721, 0.43955159544, 0.026184913156, 0.50416608154, 0.028964559195],
      [0.026742838288, 0.0046148921166, 0.8786695366, 0.033360628453, 0.05661210454],
      [0.0078797652794, 0.96222798843, 0.0094875433342, 0.016265256554, 0.0041394464041],
      [0.0052699453222, 0.65624734032, 0.1004334677, 0.11170787014, 0.12634137652]
    ],
    [
      [0.33388735363, 0.27085278885, 0.32172815812, 0.02228993573, 0.051241763669],
      [0.0041814358164, 0.17352617496, 0.06678710878, 0.68680961917, 0.068695661267],
      [0.024097853879, 0.0080791663122, 0.89200685601, 0.020250429812, 0.055565693985],
      [0.053778469636, 0.76969803065, 0.065128411373, 0.049899462736, 0.0614956256],
      [0.01207376021, 0.26930907047, 0.26015846931, 0.16453556233, 0.29392313768]
    ],
    [
      [0.31123417427, 0.3241025991, 0.29194932371, 0.024487436211, 0.048226466722],
      [0.0036860158014, 0.18989467636, 0.055095685847, 0.69210716482, 0.059216457179],
      [0.025674581655, 0.0028946496944, 0.88660769141, 0.025711732838, 0.059111344408],
      [0.044481968613, 0.80548624951, 0.049574197635, 0.048887551149, 0.051570033093],
      [0.01101396625, 0.31419669758, 0.22963767867, 0.17561565543, 0.26953600207]
    ],
    [
      [0.22860154645, 0.60627224067, 0.1131643044, 0.019122160568, 0.032839747908],
      [0.0026861775095, 0.3671893236, 0.021767884944, 0.56660091818, 0.041755695765],
      [0.043312029129, 0.0014265853531, 0.8152160287, 0.046104284713, 0.093941072107],
      [0.018862190974, 0.93577706603, 0.0047250003959, 0.021531429508, 0.019104313089],
      [0.0079081827476, 0.58352235396, 0.088235768618, 0.13718670833, 0.18314698634]
    ],
    [
      [0.13329496881, 0.5297625924, 0.27680546354, 0.029646509575, 0.030490465682],
      [0.0004250197633, 0.23026789568, 0.039705254677, 0.701265077, 0.02833675288],
      [0.0014610210511, 0.0011824143634, 0.92480024561, 0.036036339346, 0.036519979629],
      [0.0035893419214, 0.89617152263, 0.038248809666, 0.043015667684, 0.018974658103],
      [0.003189749419, 0.45558294597, 0.193971182, 0.19108611011, 0.1561700125]
    ],
    [
      [0.25248725765, 0.52912311665, 0.15791296184, 0.024109202172, 0.036367461682],
      [0.0027711068282, 0.28855621304, 0.027903103343, 0.63914730798, 0.041622268802],
      [0.03591180036, 0.0008487401627, 0.84212396796, 0.043540042514, 0.077575449008],
      [0.024646279557, 0.89866579734, 0.017735329022, 0.033169599628, 0.025782994458],
      [0.0087046284966, 0.50141176859, 0.12149971873, 0.16950163034, 0.19888225384]
    ],
    [
      [0, 0.25723283184, 0.70213826337, 0.015318164374, 0.025310740416],
      [0, 0.13487307827, 0.15703663815, 0.67473771285, 0.033352570732],
      [0, 0.0111945783, 0.97950673343, 0.0092986882736, 0],
      [0, 0.74343246016, 0.17462709138, 0.04836110715, 0.033579341311],
      [0, 0.16831487313, 0.55545074828, 0.11602492383, 0.16020945476]
    ],
    [
      [0.20349211409, 0.6371865551, 0.11109222575, 0.01757123152, 0.030657873538],
      [0.0022962014268, 0.39959539854, 0.022121219439, 0.5357602836, 0.040226896992],
      [0.039772420225, 0.0046775758985, 0.82103787058, 0.043707873828, 0.090804259473],
      [0.013728879416, 0.95024867564, 0.0038258791152, 0.017203141642, 0.014993424183],
      [0.0069140771136, 0.61093966478, 0.086371165876, 0.1256908689, 0.17008422333]
    ],
    [
      [0.22139037878, 0.53284796255, 0.13442610362, 0.044313090623, 0.067022464428],
      [0.0015496051353, 0.18051219591, 0.014849436559, 0.75564574092, 0.047443021474],
      [0.03152965925, 0.0019113220874, 0.74142852184, 0.079794632294, 0.14533586453],
      [0.020570228498, 0.86457913954, 0.016198772397, 0.053714985008, 0.044936874558],
      [0.005803646949, 0.387147944, 0.079398635717, 0.24241910611, 0.28523066722]
    ],
    [
      [0.43621234232, 0.19987827965, 0.27873527975, 0.030905595135, 0.054268503149],
      [0.0036750075044, 0.10616280343, 0.047268112053, 0.78315102174, 0.059743055273],
      [0.029515613957, 0.014066797902, 0.85799815581, 0.032816882543, 0.065602549791],
      [0.08126590753, 0.68744185282, 0.067647785192, 0.084533612746, 0.079110841711],
      [0.015568703404, 0.20291060392, 0.23023372516, 0.23258182958, 0.31870513794]
    ],
    [
      [0.31658172588, 0.39537125507, 0.22706100734, 0.019026411708, 0.041959600005],
      [0.0043260889952, 0.26434179256, 0.049336859913, 0.62298388453, 0.059011374001],
      [0.032593902438, 0, 0.8775525176, 0.024528736846, 0.065324843117],
      [0.039898208857, 0.85219312596, 0.035549893795, 0.031965073358, 0.040393698029],
      [0.011822927701, 0.40525422219, 0.18918206513, 0.14515930518, 0.24858147979]
    ],
    [
      [0.19843520786, 0.45830235294, 0.26514435764, 0.033244324144, 0.044873757414],
      [0.0011955854847, 0.20259278702, 0.038202617277, 0.71626703692, 0.041741973302],
      [0.016612938411, 0.00058491144072, 0.88511501118, 0.03749117762, 0.06019596135],
      [0.018209547928, 0.85761263358, 0.037155288366, 0.049880064137, 0.037142465987],
      [0.0057527354624, 0.38619082044, 0.18154969538, 0.20815699272, 0.218349756]
    ],
    [
      [0.36790532402, 0.36266337017, 0.19116618602, 0.020489681726, 0.057775438064],
      [0.0045978075644, 0.23337856304, 0.040213065763, 0.64380490012, 0.078005663515],
      [0.041568169336, 0.0015994304378, 0.82774986238, 0.030584488348, 0.098498049502],
      [0.04681528211, 0.82779713606, 0.033166558651, 0.037830699975, 0.054390323208],
      [0.012886989682, 0.35584226815, 0.15264457526, 0.14908206736, 0.32954409954]
    ],
    [
      [0.29512269247, 0.41688865595, 0.21411765878, 0.025339194156, 0.048531798651],
      [0.0035188391529, 0.22343471036, 0.037063533693, 0.68093949624, 0.055043420558],
      [0.029393780867, 0, 0.85899611225, 0.033973391806, 0.077636715073],
      [0.037035435852, 0.84551678066, 0.030277254357, 0.04211990801, 0.045050621126],
      [0.010024377641, 0.38836588392, 0.16203163959, 0.17617600158, 0.26340209727]
    ],
    [
      [0.34763812433, 0.37439786983, 0.19866837943, 0.025612314563, 0.053683311852],
      [0.0038283037746, 0.20857674978, 0.036139161586, 0.68868896761, 0.062766817253],
      [0.03890443347, 0.00086176562248, 0.83280308997, 0.037036279107, 0.090394431836],
      [0.043494467458, 0.82757195548, 0.032741698202, 0.045823472591, 0.050368406269],
      [0.012017022694, 0.3572917516, 0.1542373341, 0.18094737673, 0.29550651488]
    ],
    [
      [0.28894589302, 0.46703150346, 0.16991639677, 0.034911090795, 0.039195115948],
      [0.0027639667812, 0.19815972537, 0.023350775939, 0.74051819069, 0.035207341228],
      [0.037289945347, 0, 0.82947952134, 0.05624830223, 0.076982231084],
      [0.032494282132, 0.86252074622, 0.021910758179, 0.050388923647, 0.032685289827],
      [0.0095022572504, 0.4228570797, 0.12504764959, 0.2368023822, 0.20579063125]
    ],
    [
      [0.26962421074, 0.48580754547, 0.1877546315, 0.025268290227, 0.031545322065],
      [0.0030496642804, 0.26196593979, 0.032992995062, 0.66645830683, 0.03553309404],
      [0.033660859082, 0.00038689302718, 0.86872988488, 0.039898923794, 0.057323439217],
      [0.029205769036, 0.88552814068, 0.025154724003, 0.037842228437, 0.022269137847],
      [0.0096605765357, 0.47697148715, 0.14987110884, 0.18428170223, 0.17921512525]
    ],
    [
      [0.22048676001, 0.60379786671, 0.11024430148, 0.025266390298, 0.040204681501],
      [0.0020707319227, 0.31061111623, 0.017635812551, 0.62632911038, 0.043353228913],
      [0.041532985112, 0.00271175993, 0.7809514785, 0.060527732156, 0.1142760443],
      [0.017346218063, 0.92252287911, 0.0037590820295, 0.031042880415, 0.025328940385],
      [0.0070499760532, 0.53883157434, 0.079910821712, 0.16692674363, 0.20728088426]
    ],
    [
      [0.24957998934, 0.5620786951, 0.13567149503, 0.022846011501, 0.029823809017],
      [0.0028069184412, 0.31676009414, 0.024371184093, 0.62112428235, 0.034937520977],
      [0.041146945316, 0.0021978262723, 0.83557455818, 0.047696278933, 0.0733843913],
      [0.023159149699, 0.917569562, 0.012334055137, 0.030254243644, 0.016682989518],
      [0.0088822246132, 0.5489617642, 0.10771884328, 0.16521077782, 0.16922639008]
    ],
    [
      [0.23798548145, 0.52788460775, 0.1641468608, 0.035086045637, 0.034897004368],
      [0.0020378115006, 0.21894346098, 0.021978998589, 0.72664480076, 0.03039492817],
      [0.031710205142, 0.00075624964187, 0.83788461483, 0.059409508795, 0.070239421592],
      [0.023170495001, 0.88650718295, 0.01883707857, 0.04707589654, 0.024409346939],
      [0.0075913494395, 0.46492477212, 0.1174490625, 0.23133180651, 0.17870300943]
    ],
    [
      [0.27504237414, 0.47745028795, 0.17800474103, 0.031992285136, 0.037510311742],
      [0.0026689581673, 0.21944728697, 0.02664118997, 0.71506200807, 0.036180556824],
      [0.035293469064, 0.00043248830705, 0.84173614501, 0.051234020248, 0.071303877369],
      [0.029608949979, 0.87119242745, 0.02365689608, 0.046334167309, 0.029207559182],
      [0.0093198162307, 0.43944061054, 0.13320817259, 0.21881870703, 0.1992126936]
    ],
    [
      [0.3298692244, 0.4500600439, 0.15542675455, 0.021550785863, 0.043093191281],
      [0.0040767456553, 0.27294677418, 0.030562492686, 0.63737572053, 0.055038266942],
      [0.046392275081, 0, 0.82346110699, 0.038528453483, 0.091618164446],
      [0.036946672267, 0.87102933341, 0.021153204417, 0.033520542218, 0.037350247685],
      [0.012013697661, 0.45132600757, 0.12673300627, 0.16044718916, 0.24948009934]
    ],
    [
      [0.31579040264, 0.50997832953, 0.13489696262, 0.017453304692, 0.021881000529],
      [0.0044290847128, 0.3499613787, 0.030071314815, 0.58402020124, 0.031518020534],
      [0.053254447413, 0.0032366087937, 0.85221986447, 0.037093299221, 0.054195780101],
      [0.033173176458, 0.91751721825, 0.016769630179, 0.024327847373, 0.0082121277445],
      [0.012931493178, 0.57284661719, 0.12322695638, 0.14586143985, 0.1451334934]
    ],
    [
      [0.16092818849, 0.77372666079, 0.033872172126, 0.022332071251, 0.0091409073387],
      [0.0012046876542, 0.25608267119, 0.0051752750007, 0.72918608798, 0.0083512781719],
      [0.071973862746, 0.013684900463, 0.72890903627, 0.11116648046, 0.074265720058],
      [0.010723297385, 0.97034938233, 0.0040304214132, 0.0091392923314, 0.0057576065412],
      [0.0049429589564, 0.73887428391, 0.026456105968, 0.18101695834, 0.048709692824]
    ],
    [
      [0.26812154048, 0.4462227037, 0.22639703895, 0.017844568682, 0.041414148196],
      [0.0044778540693, 0.27560926622, 0.04398700569, 0.62399765252, 0.0519282215],
      [0.018431014363, 0, 0.90072756729, 0.021180910452, 0.059660507898],
      [0.039153910193, 0.86355911343, 0.027547546172, 0.02803412787, 0.041705302338],
      [0.010277654538, 0.44392587846, 0.18130586216, 0.13233914526, 0.23215145958]
    ],
    [
      [0.20113674748, 0.74820520539, 0, 0.024038645273, 0.026619401859],
      [0.0018742436396, 0.28704323484, 0, 0.68831010398, 0.022772417536],
      [0.53930174697, 0.22617053085, 0, 0.097712599912, 0.13681512228],
      [0, 0.94048488611, 0, 0.037294587235, 0.022220526654],
      [0.028275257219, 0.64985416454, 0, 0.1727095432, 0.14916103504]
    ],
    [
      [0, 0.72495471324, 0.22055575988, 0.024961795774, 0.029527731109],
      [0, 0.26303254077, 0.027447801561, 0.68300565964, 0.026513998028],
      [0, 0, 0.92654763461, 0.029625874324, 0.043826491068],
      [0, 0.92031303497, 0.018851164419, 0.034704650336, 0.026131150274],
      [0.0026350455968, 0.5432151327, 0.1436837563, 0.16315496152, 0.14731110388]
    ],
    [
      [0.18739166707, 0.4653851749, 0.25841480051, 0.030238845018, 0.058569512495],
      [0.0010121313568, 0.21662480317, 0.039258951577, 0.68578116196, 0.057322951937],
      [0.014773450829, 0.00093974163981, 0.87008269248, 0.034715841812, 0.079488273239],
      [0.015227791491, 0.85617894647, 0.035870586858, 0.045168793515, 0.047553881663],
      [0.0050264342098, 0.3738177895, 0.16878906892, 0.18028497505, 0.27208173232]
    ],
    [
      [0.49685986421, 0.17398136581, 0.2930338307, 0.0070526132354, 0.029072326046],
      [0.020988351201, 0.15061324442, 0.059715813034, 0.70001136254, 0.068671228805],
      [0.0033459827184, 0, 0.9607674798, 0, 0.035886537479],
      [0.078771858539, 0.79041952011, 0.0509514155, 0.013810010017, 0.066047195836],
      [0.015289490138, 0.27146805596, 0.33104340025, 0.12385188653, 0.25834716712]
    ],
    [
      [0.24901554199, 0.61248530088, 0.10821389747, 0.010284373005, 0.020000886653],
      [0.0038337231938, 0.43742482732, 0.024711857796, 0.5026295902, 0.031400001488],
      [0.050347600939, 0, 0.87545916854, 0.020292244805, 0.053900985713],
      [0.029680684362, 0.93825624818, 0, 0.012671785849, 0.019391281613],
      [0.0087855498436, 0.67396270551, 0.096155625315, 0.086648061275, 0.13444805805]
    ],
    [
      [0.33894587516, 0.24822696257, 0.3400984196, 0.034381012596, 0.038347730081],
      [0.0030945632713, 0.10202957907, 0.043017025147, 0.81889072696, 0.032968105551],
      [0.024676161423, 0.0014030495438, 0.90346170675, 0.029295187869, 0.041163894414],
      [0.056476372997, 0.75285984224, 0.059104489775, 0.080994331282, 0.050564963708],
      [0.011346301488, 0.24096421491, 0.26612987161, 0.26053392644, 0.22102568556]
    ],
    [
      [0.39860534797, 0.32823856651, 0.17719991475, 0.04636855006, 0.0495876207],
      [0.0021827933388, 0.11862248902, 0.022112027495, 0.81948323929, 0.037599450848],
      [0.045696804816, 0.0052337096815, 0.79501739052, 0.062780887169, 0.091271207818],
      [0.051502598827, 0.77983768857, 0.036681842541, 0.079301863588, 0.052676006473],
      [0.012462239357, 0.29280875268, 0.12895566911, 0.31200843081, 0.25376490804]
    ],
    [
      [0.24948517307, 0.47603584672, 0.19115353285, 0.030855626302, 0.052469821053],
      [0.0022660462362, 0.22343261927, 0.029361159022, 0.69328999602, 0.051650179454],
      [0.029383464101, 0.00058830496211, 0.83136270728, 0.0460020034, 0.092663520253],
      [0.025611030967, 0.86259090111, 0.02608503126, 0.04459324447, 0.041119792194],
      [0.0077647099424, 0.40675931725, 0.13290193996, 0.19498941884, 0.257584614]
    ],
    [
      [0.29272039873, 0.49108903324, 0.1495068305, 0.01913170691, 0.04755203062],
      [0.003806988064, 0.31210634764, 0.030919330867, 0.58969275652, 0.063474576908],
      [0.043366126688, 0.0010367804496, 0.81549772707, 0.035228784751, 0.10487058104],
      [0.030941703101, 0.88669096443, 0.018972549979, 0.026215659805, 0.037179122684],
      [0.010341486931, 0.47230966204, 0.11691803532, 0.13692248509, 0.26350833062]
    ],
    [
      [0.27630907414, 0.45135318003, 0.21105477523, 0.021403057802, 0.039879912798],
      [0.00343881436, 0.27509276429, 0.04203940319, 0.6283808706, 0.051048147556],
      [0.031214843352, 0.00029334452842, 0.87159901723, 0.030098931741, 0.066793863148],
      [0.031191538523, 0.87227459356, 0.03061438304, 0.032537053453, 0.033382431429],
      [0.0099554996255, 0.44188619986, 0.16810601697, 0.15549185476, 0.22456042878]
    ],
    [
      [0.7329653824, 0.12191422656, 0.11844310876, 0.0057734159933, 0.02090386629],
      [0.015695699109, 0.23338143757, 0.077196050129, 0.58991802521, 0.08380878799],
      [0.052226118566, 0.04820869565, 0.82492006179, 0.013594271809, 0.061050852187],
      [0.11885871379, 0.71861427354, 0.078290887095, 0.026612139512, 0.057623986064],
      [0.056641805013, 0.29372171018, 0.24060366335, 0.11073130802, 0.29830151345]
    ]
  ],
  "expected_outcome": [
    [
      [0, 2.9341372147, 4.2778025782, 1.4304156264, 1.7828503263, 28.3804250584, 12.7606011449, 5.029234022, 0.79976981287, 3.2823343495, 0, 6.5117476509, 1.7711230303, 28.790014593, 5.0653076141, 2.9765281179, 5.8864851843, 2.9512269247, 11.4720581028, 1.7336753581, 2.6962421074, 11.4653115204, 7.7369796697, 3.5697822217, 7.97622885, 9.5662075076, 7.5789696633, 0, 1.8768507833, 0.40227349496, 0, 2.9982666732, 0.49685986421, 0, 1.3557835006, 16.7414246149, 61.6228377488, 14.3432995377, 38.6832703798, 8.7955845888],
      [0, 2.7081053202, 8.37762604, 4.0631653554, 7.4208371011, 23.0224870523, 13.2882065629, 13.3379892948, 3.1785755544, 6.8786005164, 0.51446566367, 20.3899697633, 4.2627837004, 13.1919664568, 6.3259400811, 6.8745352942, 5.8026139227, 4.1688865595, 12.3551297045, 2.8021890208, 4.8580754547, 31.397489069, 17.4244395482, 7.9182691163, 13.8460583507, 13.0517412731, 12.2394799087, 0, 3.1235589259, 1.4964104108, 0.72495471324, 7.4461627984, 0.17398136581, 0, 0.99290785028, 13.7860197936, 117.5808541411, 24.0633626286, 63.189445204, 1.4629707187],
      [0, 1.803621969, 6.2027684213, 0.38780119507, 1.3958198234, 27.3468934404, 11.9699222719, 2.4896146967, 1.6608327812, 2.0528685039, 1.4042765267, 3.554951224, 1.075408829, 18.3965284635, 3.6329761174, 3.9771653645, 3.0586589764, 2.1411765878, 6.556056521, 1.0194983806, 1.877546315, 5.7327036771, 4.205816346, 2.462202912, 5.1621374899, 4.5073758821, 3.2375271028, 0, 1.5847792727, 0, 0.22055575988, 4.1346368082, 0.2930338307, 0, 1.3603936784, 7.4423964196, 47.2149226136, 7.3258346947, 29.5476685322, 1.4213173051],
      [0, 0.070215835084, 0.27760946776, 0, 0.16751936976, 1.8946445371, 1.0039848846, 0.4206875325, 0.17787905745, 0.31341962824, 0.030636328747, 0.56227940865, 0.35450472498, 2.0397692789, 0.30442258733, 0.49866486216, 0.32783490762, 0.25339194156, 0.84520638059, 0.20946654477, 0.25268290227, 1.3138522955, 0.70822635653, 0.52629068456, 0.92777626896, 0.62497279002, 0.4188793126, 0, 0.12491198077, 0.048077290546, 0.024961795774, 0.48382152029, 0.0070526132354, 0, 0.13752405038, 1.9474791025, 7.6213396965, 0.93745363859, 2.9964280923, 0.06928099192],
      [0, 0.48391966097, 0.86419349283, 0.11861782309, 0.23297337945, 4.3555499118, 1.9772851356, 0.72247445397, 0.18294279409, 0.47277700187, 0.050621480833, 0.98105195321, 0.53617971542, 3.5817212078, 0.67135360007, 0.6731063612, 0.92440700903, 0.48531798651, 1.7715492911, 0.23517069569, 0.31545322065, 2.090643438, 0.92453807953, 0.52345506551, 1.0877990405, 1.2497025472, 0.52514401269, 0, 0.28989903737, 0.053238803718, 0.029527731109, 0.93711219991, 0.029072326046, 0, 0.15339092032, 2.0826800694, 12.9600458, 2.3300495004, 5.5831877917, 0.25084639548]
    ],
    [
      [0.030975021993, 0.062657014573, 0.076914588678, 0.026535695842, 0.018125610754, 0.5101351696, 0.21747493229, 0.083271502795, 0.0012750592899, 0.096988738987, 0, 0.12399487704, 0.034091312977, 0.34177569791, 0.13843484785, 0.062170445202, 0.12414080424, 0.066857943906, 0.19907179628, 0.066335202748, 0.097589256972, 0.13459757498, 0.190870454, 0.044831853014, 0.15213061553, 0.19568379145, 0.15501796495, 0, 0.017911416277, 0.0018742436396, 0, 0.043521648343, 0.083953404804, 0.0038337231938, 0.012378253085, 0.22046212722, 1.3709579729, 0.27029615254, 0.51926096836, 0.14126129198],
      [0.34494713692, 2.9072194817, 7.9243797121, 3.6418259774, 7.032825527, 21.1701933454, 11.203785905, 11.3828690315, 0.69080368704, 10.0994674566, 0.80923846964, 21.5781515214, 3.9712683101, 9.8731407189, 8.4589373619, 10.534824925, 6.3012212021, 4.2452594969, 10.8459909883, 4.7558334088, 8.3829100733, 20.1897225551, 21.5396864013, 4.8167561416, 12.5084953575, 13.1014451609, 12.2486482545, 0, 1.1024370649, 0.28704323484, 0.78909762231, 9.3148665362, 0.60245297769, 0.43742482732, 0.40811831629, 11.9808713915, 135.1767346576, 22.1595506826, 41.5390074079, 2.1004329381],
      [0.37287759078, 0.62768674428, 1.9123451557, 0.10606277167, 0.4189586105, 8.1480272712, 3.250645465, 0.67480443328, 0.11911576403, 0.97660861699, 0.94221982887, 1.1945458497, 0.32668760429, 4.3959344209, 1.5787795172, 1.9865360984, 1.0857527756, 0.70420714017, 1.8792364025, 0.56041862252, 1.055775842, 1.1463278158, 1.6572405183, 0.48353796895, 1.5185478283, 1.4669996489, 1.0524960185, 0, 0.17594802276, 0, 0.082343404683, 1.6881349178, 0.23886325214, 0.024711857796, 0.17206810059, 2.233314777, 17.7635012086, 2.1952724915, 6.3479498817, 0.69476445116],
      [3.0224823488, 4.3161739059, 13.3712929777, 2, 8.0666573047, 83.7907735393, 40.8343227242, 17.5646284637, 2.103795231, 22.3701557794, 4.0484262771, 28.9310553142, 16.6242063002, 72.8330450218, 19.935484305, 37.2458859197, 17.3827323032, 12.9378504285, 35.8118263158, 17.7724365764, 21.3266658184, 40.7113921748, 42.2364511999, 15.9861856167, 40.7585344597, 30.5940345856, 20.4407070433, 0, 2.4959906101, 0.68831010398, 2.0490169789, 29.4885899643, 2.8000454501, 0.5026295902, 3.2755629078, 82.7678071687, 419.4404475911, 41.8681857128, 94.8855114611, 5.3092622268],
      [0.22871790146, 1.0862628535, 1.7150675658, 0.22557555504, 0.46343294712, 8.3808706746, 3.4937709736, 1.2944265687, 0.085010258641, 1.4567794081, 0.20011542439, 2.1722524376, 1.0437464724, 5.5561041404, 1.888363968, 2.1705826117, 2.1061529149, 1.0458249906, 3.2638744971, 0.84497618947, 1.1370590093, 2.8179598793, 2.3757514265, 0.66868841974, 2.062291739, 2.6418368132, 1.1031307187, 0, 0.207712886, 0.022772417536, 0.079541994084, 2.4648869333, 0.27468491522, 0.031400001488, 0.1318724222, 3.7975445357, 31.2483585699, 4.5066949604, 7.7082702809, 0.75427909191]
    ],
    [
      [0.50877003604, 3.4534719318, 2.5201777575, 1.9095908438, 0.50811392746, 26.3148564363, 7.214557445, 1.342672903, 0.056979820995, 3.6270918363, 0, 5.8067733529, 1.4188346662, 20.6018985418, 3.3897658536, 1.6114550259, 7.1081569564, 1.5284766051, 13.9666916157, 3.3188051359, 4.4095725397, 5.0670241837, 4.7730456567, 1.6489306674, 6.070476679, 4.2216970323, 5.5384625309, 1.8713204314, 0.20274115799, 0.53930174697, 0, 1.8023610011, 0.010037948155, 0.45312840845, 0.66625635843, 16.7707273673, 52.6551676695, 10.5813349118, 17.4178825906, 2.9768887583],
      [0, 0.29298249623, 0.67396587192, 0.10664689031, 0.087682950215, 8.822449613, 0.81339656413, 0.044224145946, 0.046114160172, 0.085722756433, 0.223891566, 0.68292608118, 0.086009493932, 9.8186249359, 0, 0.05673640975, 0.27350260486, 0, 0.30937385847, 0, 0.050682986561, 0.33083471146, 0.25494784758, 0.039324981377, 0.074387988813, 0, 0.33660731454, 0.35580741204, 0, 0.22617053085, 0, 0.11464848006, 0, 0, 0.037882337682, 1.9207714531, 1.0542424921, 0.2529744297, 0.16368624686, 2.7478956521],
      [15.6923364615, 78.7859780067, 146.0876276517, 7.9903778783, 16.6947211955, 974.071486764, 249.1367612848, 25.2716968896, 36.0672095788, 85.0545207635, 19.5901346685, 119.8715291041, 33.3642834826, 598.8827127529, 91.2654618303, 85.8561560843, 141.5452264663, 44.6677978372, 298.9763092975, 73.8236773991, 113.8036149193, 95.2760803773, 96.9266487487, 43.5699999711, 144.778616942, 74.9349607361, 88.6308659051, 18.951634943, 9.9080032402, 0, 8.3389287115, 106.1500884826, 2.8823024394, 7.8791325169, 24.3934660823, 291.7713823196, 1489.8019714514, 198.9814454052, 486.3522516143, 47.0204435219],
      [0.2334675839, 0, 1.4641865925, 0, 0.6338519406, 22.113469355, 7.2249969275, 1.4292328261, 1.4054172345, 4.3975442939, 0.18597376547, 6.3813495788, 3.5907584532, 22.906184015, 2.550988632, 3.6366442291, 5.2299475075, 1.7666163739, 13.2960241994, 5.0060988985, 5.226759017, 7.384383323, 5.5327683562, 3.0892944573, 8.8122514827, 3.506089267, 3.857703119, 2.890328492, 0.23299001497, 0.097712599912, 0.26663286892, 4.235332701, 0, 0.18263020325, 0.79097007246, 23.0405855909, 82.4355900935, 8.5958234792, 16.7952039117, 0.77487349312],
      [0.56542591855, 8.4675675653, 8.2540421263, 0.99338438763, 1.0756299863, 60.6777378318, 16.6102877786, 2.9121732353, 1.4242792055, 7.8351203498, 0, 13.257421883, 6.540113904, 45.7905797544, 6.7937836842, 5.839008251, 16.8431664649, 4.0371091838, 32.451601029, 6.8514185665, 7.5093705375, 13.9416774045, 8.5125893908, 3.6524499228, 12.2642669075, 8.3372529646, 5.6363611305, 1.9309087215, 0.65626558688, 0.13681512228, 0.39443841961, 9.6975693352, 0.10765961244, 0.48510887142, 1.1114251492, 33.4965332691, 166.0530282935, 25.5884217741, 37.2709756365, 3.4798985747]
    ],
    [
      [0.4153390205, 1.5099217816, 5.8421777069, 0, 0.65402051819, 41.7320924372, 16.1024726379, 7.299667907, 0.12921630917, 9.6366953068, 0, 9.2532647262, 2.6946999332, 37.3010515563, 11.0518038534, 5.1715116117, 8.520381344, 4.3331459946, 22.6171230783, 4.7766594734, 7.6227057183, 10.0087678225, 11.0237552566, 3.6377677152, 10.3631324926, 9.6800281341, 11.3783995251, 0.12867956861, 0.86138602425, 0, 0, 4.0201369537, 0.39385929269, 0.53425231852, 1.9201966819, 20.3950291355, 91.1752702424, 20.0811653128, 41.7966616208, 9.7464145309],
      [3.2651981624, 25.0411696862, 215.2243447473, 72.5114136895, 79.8649230395, 597.2856717879, 291.586022323, 362.1457245549, 32.2621748145, 351.3783267584, 5.9474596813, 640.4676073838, 113.2598672796, 315.5358104451, 236.0574958913, 243.5619879375, 150.6590787621, 98.9254633367, 430.3374168496, 126.7905496937, 231.1228447167, 532.295701245, 436.7631115128, 139.1816277232, 304.9173496074, 228.2096853541, 314.7084058581, 11.644192588, 18.9983004954, 20.6906674944, 17.4859476645, 226.0312418688, 3.9520976005, 16.8886124672, 25.5972346361, 308.8157246741, 3070.823607952, 575.4624359161, 1168.847955364, 58.9263704301],
      [0.64249426793, 1.213485685, 12.2890497368, 0, 0.78746609674, 50.5396472256, 17.9458595437, 1.8285751532, 1.376957148, 6.9345136474, 1.397016731, 2.5786425237, 2.1220391841, 31.050333403, 9.8473205811, 10.5521018959, 6.0363136746, 3.5424387598, 17.025683065, 3.2208814522, 6.5653829647, 2.168990331, 5.8710102451, 2.9574213355, 8.2799136282, 5.5421395574, 5.7519831515, 0.048365056958, 0.60604601578, 0, 0.35817212396, 9.4698349305, 0.2547570775, 0, 2.0095526523, 14.5260096462, 92.8627112838, 12.3131849362, 41.0232732731, 6.4198527418],
      [0.30977980346, 0.38548548412, 3.873134252, 0, 1.350016294, 38.7219830834, 17.6972935159, 8.3326632194, 1.5485640366, 12.9693134544, 0.3868888572, 11.5949174667, 7.0366630361, 38.8009282502, 8.8543253202, 14.1659382148, 6.8851873955, 4.9280292371, 23.8282057472, 7.4071717761, 9.8768216222, 17.9117419995, 14.4010199748, 7.3909157568, 16.2169585581, 8.782382061, 8.344451649, 0.10967150798, 0.61675081313, 0.82048091917, 0.65938835638, 11.924561488, 0.069050050084, 0.22809214528, 2.7538072636, 31.4035379809, 158.7519503127, 17.0139632132, 43.5996516274, 2.18219544],
      [0.3671887457, 1.8499373631, 9.771293557, 0.48858631048, 0.34357405154, 47.7206054659, 18.6683519795, 7.3933691654, 0.68308769172, 10.0811508329, 0.26863473049, 10.1055678996, 5.886730567, 36.3118763454, 11.189054354, 10.5484603402, 9.8990388239, 5.2709226718, 26.19157126, 4.8047376045, 5.8122449782, 14.614798602, 7.9411030107, 3.8322674694, 10.2226457136, 9.7857648935, 2.8167598164, 0.069091278495, 0.91751665143, 0.48885158639, 0.4964918552, 12.554224759, 0.33023597918, 0.34904306904, 1.7192087661, 20.8596985632, 146.3864602091, 24.1292506217, 44.7324581147, 4.7251668572]
    ],
    [
      [0.044915921471, 0.039812057405, 0.28292736866, 0.633457834, 0.036889617256, 1.0624908985, 0.70489383997, 0.24515366517, 0.012758997676, 0.35688976836, 0, 0.304219393, 0.081251057286, 0.96525961105, 0.35468783102, 0.17833479934, 0.36083571109, 0.1202925317, 0.74505540703, 0.10452482975, 0.17389037764, 0.32429889845, 0.27534896301, 0.098687542714, 0.43803136284, 0.33638353452, 0.3491503158, 0, 0.041110618153, 0.056550514438, 0, 0.13571372366, 0.015289490138, 0.0087855498436, 0.045385205954, 0.872356755, 3.1757663664, 0.72390408515, 1.5829244404, 0.33985083008],
      [0.38985470066, 1.0505230156, 15.7996836288, 6.6769480873, 4.5937313822, 23.6991982015, 20.1085886449, 18.0891929728, 1.8223317839, 20.5578825122, 0.5049446194, 26.8813452503, 5.420071216, 12.5804574432, 12.1576266658, 11.9719154336, 9.9635835083, 4.660390607, 22.1520885992, 4.6514278767, 8.5854867687, 24.7862524195, 17.0178146901, 6.0440220376, 20.6537086956, 12.6371282119, 15.4668586642, 0, 1.7757035138, 1.2997083291, 0, 10.0930803165, 0.27146805596, 0.67396270551, 0.96385685963, 20.4966126877, 166.3645607572, 33.061676343, 70.2599057772, 1.7623302611],
      [1.2922916798, 0.56922759502, 9.5082090345, 0.51575815496, 0.70303427393, 22.8939452989, 14.6968114346, 2.7353088272, 0.77588472798, 4.9814884681, 1.6663522448, 3.8003312985, 1.1115809, 14.2744909597, 5.675461954, 5.6280405569, 4.2740481072, 1.9443796751, 9.562714714, 1.3755241455, 2.6976799591, 3.6758977988, 3.3392841418, 1.5268378125, 6.2607841117, 3.5485241756, 3.3271278221, 0, 0.72522344865, 0, 0, 4.5573048608, 0.33104340025, 0.096155625315, 1.0645194864, 9.0268968376, 54.3568934426, 8.1842624724, 26.7288566987, 1.4436219801],
      [0.4342702638, 0.22812477486, 4.01377671, 0, 0.78195509096, 14.4791294852, 11.2394019477, 4.2527879583, 0.76434444044, 6.949566844, 0.34807477148, 5.5303982315, 3.3938674855, 14.420073434, 4.3547791554, 6.4528667743, 4.1742978862, 2.1141120189, 11.218737357, 2.6048262042, 3.3170706401, 7.6786302072, 5.1215341125, 3.0073134846, 10.2844792305, 4.4925212964, 3.9382588761, 0, 0.52935658104, 0.34541908639, 0, 4.8676943264, 0.12385188653, 0.086648061275, 1.0421357057, 21.840590157, 79.7506723062, 9.5845739561, 24.7232049075, 0.6643878481],
      [0.8386674343, 1.1123125571, 9.395403258, 1.1738359238, 0.88438963564, 25.8652361159, 17.2503041327, 5.6775565766, 0.62468005001, 8.1541724073, 0.48062836428, 7.4837058266, 3.9932293411, 19.759718552, 7.4574443937, 6.7688424359, 9.2272347872, 3.1608251673, 18.3214039228, 2.2636969438, 3.2258722544, 9.5349206761, 5.2460180925, 2.3231391226, 9.3629965993, 6.9854427816, 3.9186043218, 0, 0.92860583831, 0.29832207008, 0, 7.3462067726, 0.25834716712, 0.13444805805, 0.88410274224, 17.7635435626, 105.3521071276, 18.4455831433, 35.7051081761, 1.7898090807]
    ]
  ],
  "prob": [
    [0.28903452479, 0.43810137909, 0.20218073534, 0.025663840871, 0.045019519906],
    [0.0029467290204, 0.23645552619, 0.03536439141, 0.6742374996, 0.05099585378],
    [0.031938645669, 0.0039791926746, 0.85032056623, 0.036825651513, 0.076935943914],
    [0.03161482074, 0.86219339094, 0.028348726366, 0.04004372996, 0.037799331996],
    [0.010089141197, 0.41055256504, 0.15421291035, 0.18021545094, 0.24492993248]
  ],
  "iterations": 125,
  "time": 0.034255,
  "message": "Converged",
  "status": 0,
  "miniter": 0,
  "maxiter": 1000,
  "maxtime": 3600,
  "param_threshold": 0.001,
  "ll_threshold": "-Inf",
  "initial_prob": "group_proportional",
  "adjust_prob_cond_method": "project_lp",
  "adjust_prob_cond_every": false,
  "candidates_id": ["Green Party.p", "Labour Party.p", "National Party.p", "New Zealand First Party.p", "Other parties votes.p"],
  "group_id": ["TUPOU, Patricia Margaret.c", "HALL, John Harold.c", "BROWN, Simeon Peter.c", "WALL, Louisa Hareruia.c", "Other candidates votes.c"]
}
