{
  "X": [
    [13, 23, 15, 16, 7, 7, 3, 6, 3, 7],
    [4, 28, 19, 10, 8, 15, 4, 5, 3, 4],
    [3, 20, 19, 13, 5, 14, 5, 5, 9, 7],
    [4, 23, 16, 14, 6, 13, 4, 10, 7, 3],
    [10, 24, 20, 10, 2, 12, 1, 8, 11, 2],
    [7, 20, 23, 6, 7, 19, 3, 6, 6, 3],
    [9, 16, 20, 12, 10, 14, 6, 4, 5, 4],
    [6, 21, 25, 9, 10, 10, 4, 7, 2, 6],
    [6, 9, 20, 8, 4, 9, 7, 16, 14, 7],
    [7, 7, 14, 9, 13, 8, 14, 8, 15, 5],
    [7, 6, 7, 9, 11, 13, 11, 11, 22, 3],
    [8, 4, 9, 11, 5, 16, 13, 6, 25, 3],
    [5, 9, 9, 12, 9, 8, 17, 12, 15, 4],
    [6, 7, 12, 7, 14, 11, 9, 9, 19, 6],
    [5, 10, 7, 9, 6, 14, 12, 14, 15, 8],
    [5, 12, 16, 10, 5, 13, 9, 13, 11, 6],
    [4, 12, 4, 13, 8, 15, 9, 8, 17, 10],
    [6, 13, 12, 9, 11, 5, 6, 6, 14, 18],
    [7, 17, 11, 8, 12, 5, 9, 6, 14, 11],
    [11, 19, 7, 9, 14, 4, 8, 4, 10, 14],
    [13, 15, 7, 10, 12, 5, 8, 5, 10, 15],
    [5, 10, 10, 16, 11, 4, 11, 3, 13, 17],
    [10, 19, 7, 11, 9, 8, 7, 4, 16, 9],
    [14, 17, 7, 15, 7, 3, 6, 3, 13, 15],
    [7, 17, 9, 12, 9, 5, 10, 4, 13, 14],
    [10, 5, 4, 15, 23, 6, 4, 11, 5, 17],
    [8, 4, 5, 22, 23, 8, 3, 12, 8, 7],
    [5, 9, 10, 27, 18, 7, 7, 8, 2, 7],
    [9, 0, 10, 19, 21, 7, 7, 12, 3, 12],
    [10, 4, 12, 17, 18, 8, 8, 7, 4, 12],
    [5, 8, 5, 14, 22, 13, 5, 12, 3, 13],
    [7, 9, 8, 20, 22, 6, 7, 5, 7, 9],
    [6, 7, 5, 19, 18, 4, 5, 11, 9, 16],
    [20, 7, 2, 10, 16, 8, 12, 15, 5, 5],
    [26, 5, 8, 10, 3, 4, 7, 12, 9, 16],
    [18, 7, 8, 12, 9, 6, 5, 17, 10, 8],
    [19, 9, 5, 13, 7, 3, 9, 15, 6, 14],
    [23, 4, 8, 12, 6, 4, 5, 15, 10, 13],
    [22, 5, 14, 10, 9, 0, 4, 11, 9, 16],
    [26, 6, 11, 9, 8, 6, 5, 13, 5, 11],
    [19, 6, 9, 4, 7, 5, 8, 14, 6, 22],
    [18, 5, 10, 17, 5, 6, 9, 11, 4, 15],
    [18, 9, 10, 15, 9, 1, 6, 17, 8, 7],
    [14, 9, 10, 21, 4, 3, 8, 15, 9, 7],
    [9, 10, 14, 22, 8, 1, 3, 15, 13, 5],
    [12, 6, 12, 21, 3, 6, 7, 22, 6, 5],
    [12, 12, 7, 23, 5, 2, 4, 19, 8, 8],
    [14, 10, 5, 21, 7, 5, 7, 15, 8, 8],
    [14, 9, 12, 24, 6, 4, 5, 13, 5, 8],
    [15, 4, 10, 20, 6, 3, 3, 20, 9, 10]
  ],
  "W": [
    [46, 10, 11, 7, 11, 15],
    [71, 7, 9, 8, 1, 4],
    [53, 9, 8, 13, 9, 8],
    [64, 11, 5, 6, 8, 6],
    [60, 8, 8, 4, 11, 9],
    [66, 8, 9, 5, 6, 6],
    [50, 16, 6, 10, 8, 10],
    [60, 8, 10, 10, 8, 4],
    [26, 38, 10, 8, 7, 11],
    [9, 56, 8, 8, 9, 10],
    [4, 65, 8, 11, 5, 7],
    [3, 64, 6, 8, 13, 6],
    [9, 49, 7, 13, 13, 9],
    [10, 59, 8, 5, 10, 8],
    [10, 51, 10, 9, 10, 10],
    [10, 52, 5, 10, 13, 10],
    [11, 40, 22, 4, 9, 14],
    [9, 11, 50, 11, 10, 9],
    [10, 11, 53, 6, 8, 12],
    [9, 7, 59, 6, 15, 4],
    [6, 9, 57, 9, 11, 8],
    [4, 8, 61, 10, 8, 9],
    [6, 9, 55, 11, 8, 11],
    [9, 1, 67, 5, 9, 9],
    [9, 10, 56, 8, 7, 10],
    [5, 6, 13, 61, 5, 10],
    [6, 9, 11, 62, 7, 5],
    [12, 7, 10, 52, 6, 13],
    [8, 6, 11, 61, 8, 6],
    [6, 10, 8, 60, 10, 6],
    [8, 10, 5, 63, 9, 5],
    [7, 10, 11, 56, 6, 10],
    [8, 13, 6, 59, 8, 6],
    [9, 9, 6, 30, 41, 5],
    [10, 6, 8, 4, 67, 5],
    [11, 10, 12, 5, 54, 8],
    [10, 10, 6, 11, 50, 13],
    [6, 10, 8, 11, 59, 6],
    [9, 8, 9, 9, 60, 5],
    [7, 9, 9, 11, 55, 9],
    [11, 8, 11, 7, 56, 7],
    [5, 9, 10, 6, 44, 26],
    [8, 5, 9, 7, 11, 60],
    [9, 7, 10, 6, 10, 58],
    [12, 14, 8, 8, 10, 48],
    [12, 10, 5, 7, 9, 57],
    [5, 9, 14, 9, 5, 58],
    [10, 10, 7, 4, 5, 64],
    [11, 8, 8, 9, 7, 57],
    [5, 4, 10, 10, 4, 67]
  ],
  "method": "mvn_cdf",
  "mvncdf_method": "genz",
  "mvncdf_samples": 5000,
  "mvncdf_error": 0.001,
  "cond_prob": [
    [
      [0.033944156447, 0.40138711844, 0.25227718449, 0.11396585115, 0.041036814059, 0.108182608, 0.004306758835, 0.026586411021, 0, 0.01831309756],
      [0.022142537788, 0.073560834687, 0.12076111695, 0.083038137515, 0.1152672759, 0.15324127146, 0.13943699132, 0.098789853589, 0.17686716346, 0.016894817336],
      [0.11347991097, 0.249222067, 0.050959799471, 0.12166725074, 0.11243272773, 0.012063162962, 0.049805140769, 0.0031279954335, 0.07257953322, 0.21466241171],
      [0.070543708524, 0.017235282046, 0.032772523003, 0.31757298515, 0.29197526819, 0.040843048499, 0.024637659377, 0.064876302188, 0.0027285056853, 0.13681471733],
      [0.51171911619, 0.010630688497, 0.04407532462, 0.076760134875, 0.029194301486, 0.0054287684702, 0.034239277533, 0.099426892679, 0.016184960673, 0.17234053498],
      [0.25640987781, 0.05477046135, 0.060856287865, 0.36809848894, 0.023860639706, 0.00085831547444, 0.020704464232, 0.14712591151, 0.015721292854, 0.051594260262]
    ],
    [
      [0.028148818787, 0.35480956615, 0.2435814626, 0.081404871293, 0.041379856391, 0.18151803449, 0.011258065286, 0.036329589389, 0.01001702469, 0.011552710921],
      [0.010487430055, 0.050780273088, 0.09267053581, 0.045280038632, 0.1069077661, 0.19211109925, 0.22358185364, 0.096000643375, 0.1719450802, 0.010235279856],
      [0.065465641288, 0.23170011085, 0.051217828955, 0.088659771775, 0.13989005238, 0.02168569754, 0.10530202632, 0.0043422426556, 0.096797571643, 0.1949390566],
      [0.039835435249, 0.014985199327, 0.032050442641, 0.22535544014, 0.36090522531, 0.067831816316, 0.050372655934, 0.082469397368, 0.0053530729909, 0.12084131472],
      [0.35381236384, 0.01188917564, 0.054069062938, 0.067177530149, 0.04181664417, 0.012908849061, 0.086334835972, 0.15575634601, 0.029463588406, 0.18677160381],
      [0.16658380958, 0.058996780882, 0.071397335045, 0.30883371763, 0.031401728866, 0.0041767997705, 0.049642517208, 0.22350073523, 0.035427342122, 0.050039233667]
    ],
    [
      [0.00024632705673, 0.32453040092, 0.29408969603, 0.084723748582, 0.015364129012, 0.20314005356, 0.013609736402, 0.020655245111, 0.028973802498, 0.014666860832],
      [0.0020688036095, 0.038258259437, 0.090376869476, 0.038582427517, 0.042996073105, 0.17656882007, 0.16305391702, 0.052157905418, 0.38634894985, 0.0095879744949],
      [0.027674920103, 0.2015729589, 0.059143204176, 0.087772950929, 0.066344095056, 0.023562173766, 0.091717644212, 0.0023620459965, 0.25276441572, 0.18708559114],
      [0.020776757705, 0.018226525717, 0.049005713596, 0.29311308266, 0.22297647198, 0.095846070334, 0.058608612249, 0.069130489649, 0.017528475918, 0.1547878002],
      [0.20000964317, 0.013908065151, 0.081125751001, 0.088218392501, 0.025910459991, 0.018478136142, 0.10053557335, 0.13232019491, 0.098967495409, 0.24052628837],
      [0.084592679244, 0.060107915548, 0.094937827015, 0.35697253288, 0.017011933542, 0.0054572813721, 0.051340680556, 0.16592204659, 0.10581936845, 0.057837734806]
    ],
    [
      [0.017039307645, 0.32998029207, 0.22128104958, 0.1195470564, 0.039147689812, 0.16921538137, 0.012592138767, 0.05308288236, 0.029684305226, 0.0084298967699],
      [0.006022842856, 0.039179182188, 0.069791093848, 0.058045368906, 0.075789507265, 0.14653879481, 0.1570402272, 0.14530796644, 0.29566514685, 0.0066198696435],
      [0.045677813246, 0.20736958268, 0.046292342759, 0.13693782106, 0.1164006025, 0.019827999772, 0.088492853148, 0.006491597993, 0.19611797061, 0.13639141623],
      [0.025990950609, 0.013360720927, 0.026921444691, 0.32861662779, 0.27893875642, 0.057373930057, 0.039909917477, 0.1383852656, 0.010870036249, 0.079632350181],
      [0.24087695021, 0.010949280188, 0.047877604813, 0.1035431437, 0.035282541022, 0.011974816035, 0.073565088953, 0.28412071527, 0.059133097922, 0.13267676189],
      [0.088647111291, 0.04094730386, 0.049049929025, 0.37095921848, 0.020494565481, 0.0031844569521, 0.032702689584, 0.3114287654, 0.054835499378, 0.027750460545]
    ],
    [
      [0.030794546392, 0.35287708389, 0.2875962628, 0.080241711062, 0.0057841289575, 0.16988539118, 0, 0.045062354423, 0.027758521292, 0],
      [0.011155127382, 0.040155946562, 0.084576550167, 0.033640207747, 0.030305546167, 0.13796537884, 0.056125599921, 0.085434486367, 0.51769265378, 0.0029485030676],
      [0.083424240846, 0.22335502799, 0.059195763045, 0.080793305598, 0.05018435833, 0.020361296239, 0.033784476936, 0.0054888744983, 0.35847899722, 0.084933659298],
      [0.074362229072, 0.022511485192, 0.05433826402, 0.3006631685, 0.19257209943, 0.089347474213, 0.024209928545, 0.13414651288, 0.02882433979, 0.07902449836],
      [0.48104985006, 0.012561395445, 0.062076139643, 0.062352745155, 0.013827885776, 0.012841562268, 0.0046509965755, 0.17511706187, 0.10339409242, 0.072128270793],
      [0.2007438893, 0.054562875531, 0.077095014883, 0.26461070653, 0.0096264317028, 0.0046240051765, 0.014746523182, 0.23399979062, 0.11916479319, 0.020825969879]
    ],
    [
      [0.029762703228, 0.26486615547, 0.30628757038, 0.042840187728, 0.039515321407, 0.24175299762, 0.0091504340054, 0.035715620564, 0.024223751315, 0.0058852582875],
      [0.011206536497, 0.035890555138, 0.10749709899, 0.025813259134, 0.090351394476, 0.25496359408, 0.12480530785, 0.087002678511, 0.25662772574, 0.0058418495812],
      [0.087166970013, 0.20080235204, 0.074242627564, 0.063534891737, 0.1463874608, 0.033779252953, 0.074540089019, 0.0049771847949, 0.17948138098, 0.13508779009],
      [0.053425880096, 0.013710693155, 0.047209976355, 0.16460823631, 0.38364597398, 0.11193506102, 0.036161763925, 0.093402741989, 0.010788064798, 0.085111608368],
      [0.43158053776, 0.0093802742454, 0.070625085077, 0.044252002618, 0.040104435696, 0.018081462265, 0.0562820519, 0.16085263169, 0.049509190824, 0.11933232793],
      [0.21748232298, 0.049942169749, 0.099509920468, 0.21761238567, 0.032139000002, 0.0054026748501, 0.034711160107, 0.24497057525, 0.06364711825, 0.034582672683]
    ],
    [
      [0.03317848762, 0.27331511426, 0.31762925818, 0.089420056678, 0.045314567931, 0.19480331855, 0.012891195043, 0.010600946992, 0.012717459105, 0.010129595642],
      [0.013872864669, 0.038233955246, 0.11747858799, 0.049006873454, 0.12239089352, 0.20399719411, 0.20149021333, 0.056185474658, 0.18795286727, 0.0093910757525],
      [0.093420598173, 0.18274720211, 0.068042792714, 0.097582607363, 0.16750686166, 0.024049162341, 0.099768042132, 0.0013505793305, 0.11075181151, 0.15478034267],
      [0.052927138363, 0.011154626936, 0.040062387399, 0.23154487741, 0.40462435309, 0.06990556589, 0.045552894218, 0.047628067849, 0.0056869888764, 0.090913099975],
      [0.46393816545, 0.0083018831896, 0.065078113776, 0.068511067766, 0.045627282289, 0.01319317692, 0.076121632546, 0.090663803303, 0.030635059799, 0.13792981496],
      [0.2317809488, 0.044805645567, 0.090937414258, 0.32958542305, 0.035971434801, 0.004698291842, 0.046848657923, 0.1361290475, 0.039041993218, 0.040201143043]
    ],
    [
      [0.023780667321, 0.30216472524, 0.35825236857, 0.07210115607, 0.043931105314, 0.13314926047, 0.011601197003, 0.041775233799, 0, 0.01324428621],
      [0.01114211218, 0.047785982252, 0.1500985931, 0.044050071566, 0.13508066212, 0.15756625182, 0.17974501308, 0.12344264625, 0.13905528974, 0.012033377894],
      [0.081422779165, 0.20751759543, 0.079800509658, 0.082903368937, 0.17025764199, 0.017031378367, 0.082858247056, 0.0054835894788, 0.059901132165, 0.21282375775],
      [0.037484327665, 0.013105186651, 0.045734175007, 0.19327747006, 0.40553381406, 0.049197958064, 0.037132849777, 0.094140761893, 0.0021249788906, 0.12226847793],
      [0.33256156639, 0.010202275284, 0.078616655114, 0.059431972288, 0.047725624278, 0.0094911836366, 0.06468049042, 0.18313854765, 0.020475799325, 0.19367588561],
      [0.15861486595, 0.049995651145, 0.10494726334, 0.27106647375, 0.035942207388, 0.0030728809188, 0.037153295864, 0.26114822678, 0.025872544232, 0.052186590636]
    ],
    [
      [0.029244932614, 0.22395149681, 0.43441234757, 0.065603170343, 0.012787748476, 0.12878641775, 0.0094922916198, 0.052278361347, 0.030144324961, 0.013298908509],
      [0.017181651721, 0.029937776937, 0.14700961035, 0.03797240696, 0.036136806933, 0.12968720549, 0.1338910228, 0.17150711371, 0.27567278383, 0.02100362127],
      [0.072830687232, 0.15792008934, 0.097321579429, 0.07661534131, 0.065504209273, 0.017776937386, 0.073560541189, 0.0012259731269, 0.17788564576, 0.25935899596],
      [0.047505622912, 0.011385381728, 0.064932093796, 0.20517205071, 0.18043117035, 0.05581650851, 0.038308726638, 0.21100218763, 0.01342174942, 0.1720245083],
      [0.28517800197, 0.0061710926665, 0.076899127678, 0.044339561559, 0.013947548993, 0.008305426389, 0.046193268553, 0.28829727676, 0.042372892162, 0.18829580327],
      [0.13473919247, 0.029649451222, 0.098904302856, 0.19395085063, 0.0089268706956, 0.0037272639407, 0.027264858793, 0.40046673766, 0.050712824308, 0.051657647424]
    ],
    [
      [0.026248555701, 0.28355798749, 0.38683458275, 0.075939508078, 0.051123068165, 0.11613526166, 0.0082711653579, 0.027092561021, 0.01895042206, 0.005846887717],
      [0.01342866115, 0.042138431965, 0.13695486712, 0.0446395473, 0.12197362491, 0.11494711565, 0.20542616781, 0.075629311192, 0.22932299539, 0.015539277525],
      [0.069060148926, 0.17950054104, 0.07833208278, 0.08291500278, 0.17375862934, 0.013109890787, 0.1002613286, 0.0030704166686, 0.13257443351, 0.16741752557],
      [0.040772014312, 0.012118673564, 0.047495318026, 0.20349082147, 0.43420464442, 0.041203973317, 0.046992598064, 0.064695968242, 0.0076688191764, 0.10135716941],
      [0.37102425548, 0.0097593493515, 0.08209825965, 0.063703869719, 0.051197459416, 0.0073712590092, 0.083500720101, 0.12726390532, 0.040703866155, 0.1633770558],
      [0.1793882369, 0.046743806154, 0.11035126535, 0.2952148357, 0.038488606681, 0.0016891924911, 0.049215622017, 0.18334192969, 0.049907764303, 0.045658740709]
    ],
    [
      [0.043760025633, 0.31864223891, 0.23860178146, 0.088722811354, 0.040126976151, 0.1880490669, 0.0065301341255, 0.043590235107, 0.028248692201, 0.0037280381589],
      [0.013714501142, 0.041382389813, 0.073292427617, 0.04581328962, 0.089365898922, 0.17288333853, 0.14539448592, 0.11068112526, 0.30115441126, 0.0063181319172],
      [0.11327316863, 0.19427871254, 0.046903556633, 0.093818860233, 0.12805820373, 0.02167829967, 0.077734300049, 0.0052180325688, 0.19316942035, 0.1258674456],
      [0.070206439477, 0.013804700874, 0.029970772427, 0.2456642895, 0.33464325781, 0.069114781284, 0.038648065131, 0.10642544027, 0.010715898391, 0.080806354832],
      [0.50494742358, 0.0080751300517, 0.038987395352, 0.056901606225, 0.030728155714, 0.010261822459, 0.051178783964, 0.1557508882, 0.046527436924, 0.096641357529],
      [0.24718914601, 0.041302663761, 0.054534450364, 0.27569697597, 0.024503774444, 0.0036269463164, 0.031477263181, 0.23431248187, 0.059443009911, 0.027913288161]
    ],
    [
      [0.025981953309, 0.2386574281, 0.2890862978, 0.1094007779, 0.021405954463, 0.24825413765, 0.0077954160768, 0.02305000406, 0.033518342269, 0.002849688381],
      [0.013711193956, 0.02940967572, 0.094475008251, 0.051529626165, 0.037640576259, 0.21754166848, 0.16581851065, 0.046965800409, 0.3400010535, 0.0029068866102],
      [0.073806086346, 0.16228922803, 0.063753837006, 0.1281407828, 0.076048406458, 0.031544981098, 0.099056639661, 0.0021639404826, 0.25390303477, 0.10929306336],
      [0.049619280935, 0.012105969151, 0.044358384116, 0.36318253732, 0.21235785874, 0.10772007345, 0.053123201422, 0.066599885104, 0.015674726212, 0.075258083558],
      [0.40039988776, 0.0087157790024, 0.067819204127, 0.098605101804, 0.02178167126, 0.019104402376, 0.083783395125, 0.1158882829, 0.076660410402, 0.10724186524],
      [0.16659140341, 0.036320036864, 0.077883471661, 0.40295504549, 0.01474503684, 0.0055305165979, 0.042619914013, 0.14545139336, 0.082329365924, 0.025573815837]
    ],
    [
      [0.014743107194, 0.40084147523, 0.25718726441, 0.09240985714, 0.03112224655, 0.12969436604, 0.0075346374762, 0.039949268647, 0.0233415213, 0.0031762560144],
      [0.0040006049018, 0.052594590896, 0.088162420659, 0.049256394363, 0.072357585835, 0.11960622379, 0.25462288293, 0.10425454917, 0.25012322614, 0.0050215213086],
      [0.0401611089, 0.25622276025, 0.054017950738, 0.10234668629, 0.10254345596, 0.015538233263, 0.15053078735, 0.0053971729634, 0.16006731148, 0.11317453281],
      [0.027086663835, 0.019979998814, 0.038573482382, 0.29172303414, 0.29055906137, 0.054193841756, 0.076128771587, 0.11038255887, 0.012033709854, 0.07933887739],
      [0.24338784791, 0.015920600777, 0.065154866923, 0.090185687968, 0.036447458513, 0.010372164683, 0.14003988663, 0.21469652002, 0.057273154455, 0.12652181212],
      [0.097109553349, 0.061669405846, 0.070973534658, 0.34150086339, 0.022832124992, 0.002657780378, 0.065750992297, 0.25201949296, 0.056936423425, 0.028549828707]
    ],
    [
      [0.023443735109, 0.28797507829, 0.32606689567, 0.070011333873, 0.066158271303, 0.15565695201, 0.0054039643819, 0.032593709649, 0.024951635921, 0.0077384237975],
      [0.011329282202, 0.038587072128, 0.11260767498, 0.037273160235, 0.13731579217, 0.15126534363, 0.12724465922, 0.086421499122, 0.27839418629, 0.019561330025],
      [0.055913877961, 0.16510929162, 0.060702053515, 0.069312354316, 0.21025602946, 0.017071510016, 0.061238124179, 0.0037448644166, 0.15576258264, 0.20088931188],
      [0.030956706657, 0.010268639565, 0.034797930091, 0.15976984182, 0.50155620684, 0.047725482596, 0.027019205496, 0.065648981655, 0.0086955704402, 0.11356143485],
      [0.322159115, 0.0095008686519, 0.068651071317, 0.057353217924, 0.064608102684, 0.011182272948, 0.054957581875, 0.14789242897, 0.051852723189, 0.21184261744],
      [0.1591811615, 0.047048218029, 0.093670178477, 0.27173624807, 0.050109406511, 0.0039691229125, 0.032993577844, 0.21725829275, 0.064640113048, 0.059393680863]
    ],
    [
      [0.017824277976, 0.39120849749, 0.20209490896, 0.072346671689, 0.022343872329, 0.2088252751, 0.0081521766193, 0.048557384206, 0.02069295944, 0.0079539761975],
      [0.0073240421103, 0.05300091203, 0.06532650774, 0.041777377397, 0.051483373134, 0.2092387054, 0.18326968529, 0.12954022237, 0.24133171704, 0.017707457481],
      [0.047448913433, 0.24775600562, 0.040773424038, 0.079307649781, 0.076069387499, 0.024796867581, 0.091586795475, 0.0044278276918, 0.14357062679, 0.24426250209],
      [0.033160966228, 0.019178741057, 0.029156705359, 0.23044325415, 0.22274754796, 0.088619250064, 0.051038593933, 0.14095636471, 0.010062314479, 0.17463626206],
      [0.25112058862, 0.012976861883, 0.042851288398, 0.061024965909, 0.022508639433, 0.014831811907, 0.076558770254, 0.23574317157, 0.044350273367, 0.23803362866],
      [0.1164087356, 0.060493116703, 0.054874154308, 0.26685715916, 0.016040104586, 0.0046713228106, 0.043092128111, 0.32375575419, 0.051538300478, 0.062269224051]
    ],
    [
      [0.0096421967095, 0.44173679094, 0.31842400664, 0.051238527918, 0.011323300952, 0.12193329709, 0.0046910901332, 0.026828957931, 0.0093693645474, 0.0048124671283],
      [0.0046250985159, 0.077043752733, 0.16840013149, 0.04965795527, 0.041880470608, 0.20240960895, 0.13745071027, 0.11846978585, 0.18266204502, 0.01740044129],
      [0.037224022633, 0.39650831095, 0.091343532423, 0.077914348204, 0.058635540306, 0.021059765952, 0.058966760427, 0.0048489590535, 0.097240338271, 0.15625842178],
      [0.030579601547, 0.032174543907, 0.076208750717, 0.26893468788, 0.20207024401, 0.086959312515, 0.03954131119, 0.12254512953, 0.0073636571152, 0.13362276159],
      [0.24490891229, 0.020873169955, 0.1173583494, 0.075295986053, 0.020586558709, 0.017139702105, 0.062146754404, 0.21388183711, 0.036568679023, 0.19124005095],
      [0.098734092162, 0.10007187452, 0.13144893847, 0.28476346083, 0.012747711405, 0.0057659281175, 0.030749744337, 0.25411215834, 0.037264892372, 0.044341199445]
    ],
    [
      [0.011070230743, 0.35469973563, 0.14297968425, 0.097068227403, 0.034570089711, 0.28779550212, 0.0078392019646, 0.028977776156, 0.026522221139, 0.0084773308836],
      [0, 0.049799902064, 0.028135174713, 0.051421921554, 0.082334654004, 0.26506010286, 0.14611449865, 0.076872840069, 0.28266912768, 0.017591778406],
      [0.025324343197, 0.22798996432, 0.018012881012, 0.10459979262, 0.1098201229, 0.025964737314, 0.076125552103, 0.0057477716536, 0.17221830682, 0.23419652806],
      [0.021164021256, 0.016271660741, 0.017848190581, 0.27810178325, 0.28566440536, 0.10903457348, 0.037567360005, 0.070945770023, 0.011299396566, 0.15210283873],
      [0.21717367049, 0.015516010827, 0.033840679815, 0.09738887619, 0.040815388406, 0.021367296018, 0.075397318341, 0.15714884534, 0.064761440309, 0.27659047427],
      [0.091562342292, 0.063271205006, 0.037826730131, 0.39894787, 0.028593145154, 0.0022983702435, 0.04039867006, 0.1986969425, 0.070331225805, 0.068073498807]
    ],
    [
      [0.014910320047, 0.28030054058, 0.40353251725, 0.057550808028, 0.032550012271, 0.14602688706, 0.0051792521075, 0.028911752585, 0.024665613641, 0.0063722964348],
      [0.005723602568, 0.040358336361, 0.14819703502, 0.032431515545, 0.083128843868, 0.15592182846, 0.12946874578, 0.083262807784, 0.3095145809, 0.011992703721],
      [0.038599493013, 0.1856887046, 0.078686819518, 0.063072803328, 0.11216959997, 0.021822271416, 0.064703200987, 0.0072898430973, 0.17927233568, 0.24869492839],
      [0.029324799358, 0.014721698271, 0.060199342786, 0.19209888004, 0.32321345638, 0.064860688064, 0.035889720483, 0.084503720166, 0.01249306275, 0.18269463169],
      [0.2459383033, 0.010764673438, 0.096617634695, 0.054888349401, 0.037213394395, 0.012455256534, 0.058741246839, 0.15311530407, 0.060490119487, 0.26977571784],
      [0.12121300163, 0.053259198813, 0.13059220734, 0.25663163509, 0.028518960496, 0.0046093554082, 0.034652342715, 0.22207969153, 0.074156379805, 0.074287227171]
    ],
    [
      [0.017102092294, 0.33764282323, 0.33941260536, 0.051107109546, 0.039280385895, 0.15167217481, 0.0077434215899, 0.028380560102, 0.023167701165, 0.0044911260102],
      [0.006833201616, 0.045874310364, 0.1201985669, 0.026991586668, 0.097242322703, 0.1543205852, 0.1819624876, 0.078240320338, 0.28072094747, 0.00761567114],
      [0.047886712972, 0.22860420834, 0.073257999248, 0.054008382219, 0.13794928569, 0.022947152026, 0.098728524062, 0.0061193845754, 0.17438972085, 0.15610863002],
      [0.033127492938, 0.017300387704, 0.051790508526, 0.17285489879, 0.40229680057, 0.066717540059, 0.052362369426, 0.082841630293, 0.011572413898, 0.10913595779],
      [0.29333641383, 0.01348531611, 0.088687907016, 0.05280167477, 0.048427614298, 0.013558212352, 0.092564281493, 0.16261258683, 0.061680901889, 0.17284509141],
      [0.13919681696, 0.065937204703, 0.11506412025, 0.23916953355, 0.035418060998, 0.0050651515134, 0.052806514722, 0.22777275136, 0.072904638563, 0.046665207375]
    ],
    [
      [0.026290784461, 0.40540163002, 0.24431717963, 0.073859841936, 0.050021329197, 0.14281562563, 0.007495645393, 0.025763970701, 0.018348871272, 0.0056851217609],
      [0.011313541702, 0.058112138066, 0.092389585279, 0.042481096112, 0.13336320694, 0.15415751147, 0.18386592856, 0.075990653289, 0.23843179166, 0.0098945469177],
      [0.067414840642, 0.24361590187, 0.048379824416, 0.079003498044, 0.15413062706, 0.019340528153, 0.086220801403, 0.003812229351, 0.12361540025, 0.17446634881],
      [0.041888457477, 0.016889545941, 0.031181485518, 0.20272771242, 0.43207250086, 0.05196949489, 0.041527027329, 0.06285663572, 0.0075038324321, 0.11138330741],
      [0.38064940653, 0.012813996863, 0.054675385121, 0.064495015633, 0.051277302565, 0.011204392387, 0.075552918841, 0.12677645323, 0.04145009658, 0.18110503225],
      [0.18641017681, 0.069428731073, 0.073197238971, 0.29822396404, 0.040241012181, 0.003645693211, 0.043998615552, 0.18312038656, 0.051438639664, 0.050295541938]
    ],
    [
      [0.037086010229, 0.33728035371, 0.266518126, 0.074370756014, 0.039240827038, 0.18277630223, 0.0072416375762, 0.031177191257, 0.018185635554, 0.006123160393],
      [0.014464619347, 0.047172394833, 0.097699601736, 0.041476788919, 0.099405907491, 0.19196743166, 0.17842347434, 0.089261858212, 0.22924589644, 0.010882027028],
      [0.090153286961, 0.20881430134, 0.054271044539, 0.079372021223, 0.12629969314, 0.024372812486, 0.087095413141, 0.0058336316069, 0.12336289161, 0.20042490395],
      [0.062132339599, 0.014851586199, 0.035547819226, 0.21368798807, 0.34215205363, 0.069401478449, 0.043460723641, 0.079602668812, 0.007358653758, 0.13180468862],
      [0.45560619009, 0.0092396980372, 0.048862209873, 0.053087612042, 0.033498430072, 0.011500986441, 0.061689009717, 0.12524041499, 0.033459709004, 0.16781573974],
      [0.24221323254, 0.051756274224, 0.071341326003, 0.2686404411, 0.027871018477, 0.004407604144, 0.039571842103, 0.19787431785, 0.045212951745, 0.051110991807]
    ],
    [
      [0.014202985107, 0.22602413563, 0.40169268557, 0.11144973798, 0.033027807666, 0.15557030756, 0.0093533794518, 0.019818132948, 0.022402345621, 0.0064584824677],
      [0.0047799351015, 0.028716111625, 0.13486008727, 0.05716940731, 0.077480473671, 0.15146319266, 0.22772096467, 0.052661817462, 0.25420439988, 0.010943610349],
      [0.03140448206, 0.13764915267, 0.082165563064, 0.11812965994, 0.11294741522, 0.023473148074, 0.11721749386, 0, 0.16086869212, 0.21614439298],
      [0.028230017101, 0.0088000063686, 0.052296724125, 0.32010159213, 0.28272260317, 0.059132315926, 0.058365325817, 0.045135277178, 0.010246113664, 0.13497002451],
      [0.23034794345, 0.0075714101263, 0.097292943292, 0.10646712114, 0.038174885536, 0.013057067176, 0.11275327061, 0.10756113101, 0.055284490487, 0.23148973717],
      [0.096021272718, 0.035667211855, 0.11121538056, 0.42646484921, 0.02506972615, 0.0042634999199, 0.056096912887, 0.13195456763, 0.057669793179, 0.055576785895]
    ],
    [
      [0.020982740024, 0.35821634608, 0.20977756279, 0.054816466847, 0.021835972684, 0.28516858367, 0.0055082957542, 0.01723839942, 0.024252382342, 0.0022032503949],
      [0.0092831470056, 0.0497460824, 0.07770304107, 0.030912334873, 0.054951311922, 0.2986620417, 0.12398614285, 0.049429241848, 0.30117179198, 0.0041548643534],
      [0.07061768701, 0.27530521695, 0.057293194936, 0.075635172758, 0.087982624535, 0.029286145993, 0.078877915448, 0.00076727903353, 0.20777061894, 0.1164641444],
      [0.05113249566, 0.022876279662, 0.042070310518, 0.23085769834, 0.27630880551, 0.15550982602, 0.045114474854, 0.065177424297, 0.015316742156, 0.095635942979],
      [0.40363053775, 0.016111932691, 0.063831938758, 0.06435819719, 0.03060592826, 0.025773077963, 0.070590254053, 0.11480458468, 0.073349192437, 0.13694435621],
      [0.19228006336, 0.080060519281, 0.083404782402, 0.28896867492, 0.022830338221, 0.0066817621014, 0.041073484942, 0.16128343048, 0.087388893914, 0.036028050384]
    ],
    [
      [0.043232170158, 0.33794820339, 0.26419125905, 0.12211636408, 0.026329081678, 0.14050233093, 0.0064967596326, 0.02641532264, 0.02633630642, 0.0064322020252],
      [0.018150030358, 0.047149723081, 0.095659420974, 0.067530024797, 0.067014255383, 0.144888042, 0.15506305026, 0.075000536253, 0.31942049101, 0.010124425889],
      [0.098923341405, 0.19942831443, 0.051014421923, 0.11929920904, 0.077995611584, 0.018337611132, 0.072896983379, 0.0030323959746, 0.17164970979, 0.18742240134],
      [0.073168554946, 0.015044396812, 0.034843467463, 0.35172580978, 0.22899836774, 0.052548733278, 0.037752662873, 0.067149525079, 0.011347861578, 0.12742062045],
      [0.49475100598, 0.0088715182785, 0.04453100129, 0.079964271207, 0.020623879822, 0.0080700181644, 0.049954870926, 0.09796592954, 0.044461900967, 0.15080560382],
      [0.23847719283, 0.043839303457, 0.059295181095, 0.37356313369, 0.015523475142, 0.0029552448828, 0.029334563771, 0.14073889316, 0.054013975375, 0.042259036597]
    ],
    [
      [0.019462676435, 0.35452479693, 0.29767549056, 0.07997197366, 0.02875480178, 0.15978080917, 0.0084139634397, 0.022863482652, 0.022676974859, 0.0058750305185],
      [0.0078171102512, 0.047562001902, 0.10536738363, 0.043079236518, 0.070609851534, 0.16184580257, 0.21750261536, 0.063612366662, 0.2727097948, 0.0098938367789],
      [0.051488985369, 0.22290359628, 0.062270056232, 0.087193721509, 0.094231644699, 0.022331499934, 0.10677517417, 0.0014714927941, 0.15979122259, 0.19154260642],
      [0.037099043133, 0.017570786465, 0.045232040118, 0.26328149291, 0.28694455375, 0.06949351765, 0.061617484701, 0.067204331897, 0.011150685686, 0.14040606369],
      [0.30645377799, 0.012773381366, 0.071990860445, 0.075596317798, 0.032633561374, 0.013015817319, 0.10196096241, 0.12277232462, 0.055528088555, 0.20727490812],
      [0.14213128379, 0.062107545544, 0.09143312556, 0.33311852995, 0.023414480589, 0.0045891833125, 0.05631718073, 0.16786604655, 0.064259870779, 0.054762753192]
    ],
    [
      [0.047196646312, 0.31431377891, 0.23322985472, 0.079544403448, 0.04720635783, 0.18718256066, 0.0060673483003, 0.050569156534, 0.024759812107, 0.0099300811699],
      [0.01701657431, 0.037886390226, 0.07455731257, 0.038833313884, 0.10494714011, 0.17243012049, 0.13668067165, 0.12727895024, 0.27456150387, 0.015808022649],
      [0.10030905753, 0.15756452145, 0.037026599059, 0.068832071296, 0.12453473033, 0.01829297023, 0.059985708401, 0.005653116733, 0.14022630587, 0.28757491911],
      [0.061135421845, 0.012135150642, 0.020566144941, 0.17971850599, 0.32934336918, 0.060822869066, 0.031065901108, 0.10797547469, 0.012216868911, 0.18502029362],
      [0.43311517896, 0.0065124362527, 0.031419869187, 0.042395487965, 0.030377762448, 0.0086703739414, 0.039798048474, 0.15109945728, 0.033975360429, 0.22263602506],
      [0.24630629474, 0.037996761485, 0.049352687587, 0.22996548672, 0.027349954348, 0.0038150977988, 0.027575480944, 0.25679887558, 0.049078413422, 0.071760947376]
    ],
    [
      [0.033251930361, 0.24174219569, 0.24916998808, 0.1139283843, 0.043782766318, 0.21758569753, 0.0041175700471, 0.055482367833, 0.03747981507, 0.0034592847661],
      [0.011178994267, 0.025454727711, 0.069333808785, 0.04852551965, 0.084477361921, 0.17398765215, 0.089526154559, 0.12159607016, 0.3712551667, 0.004664544089],
      [0.082723669869, 0.14360624965, 0.04768423513, 0.1170141661, 0.1356305036, 0.024956206736, 0.053068020665, 0.0062602038071, 0.25591981566, 0.13313692878],
      [0.052566221612, 0.008899918099, 0.028834903242, 0.2809655475, 0.32430450846, 0.076465381225, 0.019555227973, 0.12258784081, 0.012633868276, 0.073186582801],
      [0.38561640932, 0.0064289022589, 0.04385259691, 0.078757983399, 0.036350779013, 0.013206585883, 0.038870179792, 0.21620053654, 0.067036483417, 0.11367954347],
      [0.16629929914, 0.028797658477, 0.052343405335, 0.32427487228, 0.024747325466, 0.004155786842, 0.020259113698, 0.27800580676, 0.073230283997, 0.027886448006]
    ],
    [
      [0.014259751916, 0.33939749929, 0.31720162473, 0.10577425697, 0.03114185815, 0.1478820783, 0.008671861339, 0.025559542987, 0.0071106440987, 0.0030008822118],
      [0.0070176005396, 0.055648219674, 0.13722999864, 0.070481021335, 0.090513700633, 0.18358059969, 0.22744909642, 0.084981999238, 0.13629695694, 0.0068008068882],
      [0.046011727102, 0.25989290559, 0.078430459794, 0.14216305041, 0.12030294323, 0.022135547934, 0.11150540864, 0.0041275158174, 0.077847838843, 0.13758260264],
      [0.020789873531, 0.021110293811, 0.051338664823, 0.33400145729, 0.29258194318, 0.068537293223, 0.056662831968, 0.073672507959, 0, 0.08130513422],
      [0.27346890796, 0.015256229024, 0.091719069018, 0.12333704606, 0.041441376605, 0.01475275847, 0.10404673404, 0.15920107384, 0.026366461342, 0.15041034364],
      [0.12290427929, 0.057653135588, 0.094518533068, 0.4390471698, 0.025135620057, 0.005118429594, 0.047537864308, 0.17468919034, 0.0018397242897, 0.031556053658]
    ],
    [
      [0.13853932406, 0, 0.45364096264, 0.09573294184, 0.04011862983, 0.18510421453, 0.010008463462, 0.054828218238, 0.014725855578, 0.0073013898258],
      [0.023642169553, 0, 0.14276713339, 0.047116199712, 0.08945803279, 0.16966963293, 0.21640591821, 0.13855513814, 0.16185374237, 0.010532032908],
      [0.16581503976, 0, 0.094810673717, 0.10974809381, 0.13901132561, 0.023910431729, 0.12435757632, 0.0067672024563, 0.10979228104, 0.22578737556],
      [0.028038084027, 0, 0.054494378226, 0.23915012183, 0.29887501798, 0.067693698964, 0.055714003629, 0.1213998414, 0.0055065602248, 0.12912829372],
      [0.37913791227, 0, 0.071275999003, 0.060307863323, 0.030259090126, 0.0106460375, 0.07401046993, 0.19404352884, 0.023859842232, 0.15645925677],
      [0.19707342151, 0, 0.096164503968, 0.27893164943, 0.023288227557, 0.0039416333924, 0.043820910444, 0.28297760705, 0.029429449698, 0.044372596952]
    ],
    [
      [0.026232895207, 0.200476833, 0.49801368364, 0.057649515372, 0.022895082778, 0.14869822268, 0.0074128019091, 0.020368152049, 0.013234978345, 0.005017835022],
      [0.01258327853, 0.031920934192, 0.19990538007, 0.036848490711, 0.065986340999, 0.17805376668, 0.21150597555, 0.066501897899, 0.18671992272, 0.0099740126472],
      [0.088228832901, 0.16215983426, 0.12311613265, 0.080076584697, 0.096337293604, 0.023052821968, 0.11349785157, 0.0028410925202, 0.11806703435, 0.19262252147],
      [0.060924127285, 0.014565646683, 0.065759742043, 0.2258280414, 0.26760124535, 0.083153712492, 0.063402289726, 0.069344746112, 0.0091879574194, 0.14023249149],
      [0.40870072405, 0.0075819894022, 0.11099134823, 0.053383058105, 0.025250066104, 0.0125570213, 0.082108380964, 0.10558474214, 0.031332779996, 0.16250988971],
      [0.21141405044, 0.038482048495, 0.16207283856, 0.26024870968, 0.020582060394, 0.004676243134, 0.051209904557, 0.16225186341, 0.040708230467, 0.048354050863]
    ],
    [
      [0.012460425375, 0.43404927437, 0.16648954876, 0.046748273314, 0.027453025386, 0.25933070552, 0.0049048560859, 0.032281414449, 0.010576061793, 0.005706414947],
      [0.006134672324, 0.068716892228, 0.07353087215, 0.031093293656, 0.082224926118, 0.32707682836, 0.13077363129, 0.11008447837, 0.1590731181, 0.011291287409],
      [0.041440595192, 0.3380423926, 0.042710104481, 0.064109948694, 0.11076759332, 0.036663711341, 0.065496434477, 0.0049912491681, 0.093482322773, 0.20229564795],
      [0.027403329003, 0.023953168236, 0.030406109092, 0.17811529232, 0.31584840608, 0.11462050808, 0.040731329212, 0.11328358608, 0.0057582331041, 0.14988003879],
      [0.25685739299, 0.019439664292, 0.052417214281, 0.057410418593, 0.04019127771, 0.024004541954, 0.064541821737, 0.22014785379, 0.033440399817, 0.23154941484],
      [0.11872812675, 0.093243668463, 0.066376912928, 0.25131478999, 0.028823497309, 0.0068269257468, 0.035718506007, 0.29955020958, 0.03870328538, 0.060714077843]
    ],
    [
      [0.019230847436, 0.4359790695, 0.27511635685, 0.069656599159, 0.030653896135, 0.12089004959, 0.0069859893776, 0.015400732834, 0.022257319119, 0.0038291399991],
      [0.0092654734757, 0.063791518306, 0.1104738425, 0.042658734817, 0.085683372129, 0.13943501604, 0.18356143536, 0.051191941109, 0.30652005387, 0.007418612404],
      [0.05319594268, 0.29145919651, 0.060405101171, 0.081348875941, 0.10895589747, 0.015792301916, 0.086360197302, 0, 0.1676037023, 0.13487878471],
      [0.044566102428, 0.020680515794, 0.05124231917, 0.2576968656, 0.34281824747, 0.062086878021, 0.056150527231, 0.042281755304, 0.01503803816, 0.10743875081],
      [0.35237282301, 0.017862221509, 0.078172169734, 0.077699586831, 0.041240921061, 0.01164463955, 0.089250536479, 0.10512649401, 0.063275406221, 0.16335520159],
      [0.15776352896, 0.083889795533, 0.096638807227, 0.32937568276, 0.028480674872, 0.0038971164923, 0.048558880667, 0.13817381979, 0.071357492786, 0.041864200901]
    ],
    [
      [0.023311723933, 0.43393053268, 0.21786405279, 0.090158237649, 0.03251385536, 0.10625337298, 0.0064191510891, 0.042730782878, 0.038579390617, 0.0082389000243],
      [0.0087231980084, 0.049037700378, 0.066590898564, 0.043020747622, 0.069014315736, 0.092640230643, 0.12793639487, 0.10253707711, 0.42816019144, 0.012339245628],
      [0.047905320056, 0.20995497926, 0.034703449625, 0.077321537371, 0.083804418367, 0.0091692136341, 0.057463757382, 0.0044624087311, 0.22112821148, 0.25408670409],
      [0.040356836826, 0.020116725739, 0.02617542774, 0.25348213388, 0.27093022135, 0.031176755857, 0.039521202448, 0.10952139438, 0.011635801774, 0.19708350001],
      [0.27836960932, 0.011978639478, 0.040046738489, 0.065622360107, 0.028375949537, 0.0054444712116, 0.053028036946, 0.17180843766, 0.072790762413, 0.27253499484],
      [0.13411041113, 0.058103303945, 0.05307684233, 0.29585172932, 0.021330981048, 0.0012750617854, 0.030785978939, 0.24369458542, 0.088279118911, 0.073491987171]
    ],
    [
      [0.032608303058, 0.38891211247, 0.13093446539, 0.066195368719, 0.048388365058, 0.25227387704, 0.011272929137, 0.048946163127, 0.020468415993, 0],
      [0.012771885853, 0.040962507489, 0.033130382034, 0.028735222462, 0.091719284025, 0.19889196542, 0.30899458246, 0.10373161865, 0.18106255161, 0],
      [0.079910717861, 0.23072762602, 0.02363016743, 0.068689167744, 0.14967915607, 0.028799440235, 0.18597755449, 0.0068509452076, 0.12976628821, 0.095968936732],
      [0.059468371653, 0.021759471418, 0.0009916427476, 0.17829421001, 0.38916532634, 0.093259262432, 0.077096182787, 0.11921904684, 0.012668465742, 0.048078020027],
      [0.3990301447, 0.019798221736, 0.0045160547035, 0.054466796981, 0.048721459812, 0.022887670578, 0.1283256515, 0.2086073474, 0.043752101742, 0.069894550852],
      [0.19356538203, 0.05645028611, 0.033345568661, 0.23030493929, 0.033683315834, 0.0061076819588, 0.085497974758, 0.29106432887, 0.04674668372, 0.023233838768]
    ],
    [
      [0.030605744517, 0.2823974012, 0.29628120696, 0.10409632529, 0.022891740705, 0.17633194429, 0.0083511154139, 0.03674290793, 0.035044405216, 0.0072572084657],
      [0.010181004939, 0.031367805628, 0.087919474924, 0.047199095393, 0.048153477972, 0.14846993615, 0.16452141701, 0.086033600402, 0.3659110941, 0.010243093477],
      [0.073432167091, 0.15682360613, 0.053564124039, 0.10114839799, 0.068715137715, 0.018416462642, 0.08702396595, 0.0037499094111, 0.22466889714, 0.21245733189],
      [0.052780400339, 0.012300704831, 0.039556341157, 0.30464155263, 0.20764164356, 0.066488550566, 0.049321221155, 0.095255847557, 0.015303864937, 0.15670987327],
      [0.35768651759, 0.0074606009883, 0.053402144078, 0.074475626422, 0.015375701852, 0.01365762573, 0.072245636605, 0.14463839677, 0.062903402773, 0.1981543472],
      [0.17385618178, 0.036833443925, 0.06899781413, 0.331644362, 0.014340405014, 0.0035028225752, 0.039085215805, 0.20291481388, 0.07619895212, 0.052625988776]
    ],
    [
      [0.020270969605, 0.29125532165, 0.24607272372, 0.10041482897, 0.051114472319, 0.21108788086, 0.0047443180442, 0.045394703901, 0.028200099762, 0.0014446811816],
      [0.0076396575153, 0.035404462893, 0.078486284825, 0.048682545811, 0.11368851344, 0.19052088691, 0.1037882504, 0.11512853496, 0.30321426693, 0.0034465963121],
      [0.054399459969, 0.19035687919, 0.052489535624, 0.11339299907, 0.17815112298, 0.026041435672, 0.060092056993, 0.0041113062263, 0.2048893902, 0.11607581407],
      [0.028986123391, 0.01143083422, 0.028763161147, 0.25205279382, 0.40557193453, 0.069085313703, 0.025411420088, 0.10392016855, 0.01067859143, 0.06409965912],
      [0.29553394574, 0.014181576859, 0.059908754946, 0.093236014785, 0.052984981771, 0.019931343326, 0.052981830718, 0.23244887049, 0.067145745901, 0.11164693546],
      [0.11800819407, 0.041863120151, 0.062446773823, 0.34411083336, 0.034249188254, 0.0048260131699, 0.02509366929, 0.27852467294, 0.064965039382, 0.025912495553]
    ],
    [
      [0.023561342327, 0.4916353166, 0.18144384659, 0.091517363348, 0.032695175959, 0.10457357247, 0.0090219159997, 0.03965586615, 0.018785067026, 0.0071105335239],
      [0.0099325634689, 0.066529038071, 0.067431222358, 0.052656907743, 0.084274824704, 0.11219990022, 0.24105839021, 0.1168010695, 0.2368624855, 0.012253598228],
      [0.058291431359, 0.28079893362, 0.033709495479, 0.092279395439, 0.098449855151, 0.011266932055, 0.10381322349, 0.0043928091497, 0.12010307473, 0.19689484953],
      [0.040761220173, 0.020579911549, 0.023130743142, 0.27076660492, 0.29055436221, 0.040589098091, 0.05769169742, 0.10416526883, 0.0086532744984, 0.14310781916],
