{
  "Z_true": {},
  "V_true": [
    [42, 969, 209, 190],
    [166, 9834, 728, 949],
    [715, 143, 18317, 540],
    [46, 169, 555, 612],
    [289, 331, 1147, 592]
  ],
  "p_true": [
    [0.0298, 0.6872, 0.1482, 0.1348],
    [0.0142, 0.8422, 0.0623, 0.0813],
    [0.0363, 0.0073, 0.9291, 0.0274],
    [0.0333, 0.1223, 0.4016, 0.4428],
    [0.1225, 0.1403, 0.4862, 0.251]
  ],
  "Z_est": [
    [
      [0.411, 2.283, 1.98, 7.3165, 2.3899, 6.0426, 5.5698, 5.399, 4.1389, 6.7935, 18.2416, 7.1539, 6.9909, 8.3098, 15.9092, 8.0041, 0.2271, 11.4259, 5.0054, 2.0284, 6.4363, 0.38, 2.4905, 0.7303, 1.5811, 1.239, 4.9065, 3.0675, 0.289, 4.551, 2.3754, 12.6428, 6.3499, 0.6842, 17.0599, 3.5409, 20.2111, 7.0159],
      [1.7416, 6.3036, 3.452, 8.3751, 6.8285, 3.2363, 7.3626, 7.509, 4.9019, 4.6261, 8.976, 13.9887, 11.6713, 5.9659, 19.9657, 2.6724, 0.4684, 12.8767, 2.808, 3.9112, 5.8569, 1.6526, 3.7101, 1.726, 4.919, 4.5442, 1.2087, 1.1706, 0.1538, 2.1877, 2.0929, 11.3003, 5.1815, 1.6225, 17.5664, 1.8666, 34.4161, 9.1467],
      [0.733, 5.2686, 2.8159, 12.6319, 5.0963, 16.8188, 24.9977, 22.7396, 16.0393, 26.4358, 47.2845, 18.2415, 19.7482, 29.8713, 42.6334, 34.4866, 0.7463, 30.0521, 12.0535, 4.4809, 3.9073, 0.5881, 2.6161, 3.0556, 5.6965, 4.0474, 12.5802, 2.944, 0.3094, 15.9174, 13.7294, 57.0876, 19.4161, 2.714, 51.7444, 12.153, 46.634, 21.2694],
      [1.1143, 5.1449, 3.7522, 9.6766, 4.6853, 4.9023, 11.0699, 11.3524, 3.9198, 9.1447, 12.4979, 10.6159, 9.5896, 11.8529, 23.4918, 5.8369, 0.5582, 14.6453, 4.1331, 2.5795, 5.7995, 2.3793, 4.1833, 2.4881, 4.8034, 3.1694, 2.3046, 0.8179, 0.2478, 3.3438, 3.8023, 16.9693, 7.0525, 2.9792, 17.6292, 3.4395, 41.7387, 7.568]
    ],
    [
      [0, 0.6582, 2.3457, 5.1396, 0.7918, 5.2472, 5.3403, 3.6689, 2.6791, 6.2847, 21.6621, 2.7163, 2.4128, 12.1696, 10.9834, 15.4274, 0.4472, 8.909, 5.101, 3.2922, 2.3903, 0, 0.4441, 0.6024, 0, 0, 10.3413, 1.4822, 0.6275, 7.0417, 2.8677, 10.6635, 5.4125, 0.9872, 11.6503, 5.7479, 12.8042, 3.4793],
      [238.1037, 492.5969, 287.7623, 272.4158, 674.3838, 125.5004, 345.6462, 238.2844, 143.138, 173.2758, 484.7018, 231.1349, 170.2627, 389.5035, 606.292, 234.9656, 42.053, 435.781, 133.4279, 279.9514, 419.8758, 177.539, 144.9428, 216.9321, 345.8241, 494.6682, 122.3683, 37.9399, 13.5248, 154.8193, 103.9403, 405.7639, 191.6669, 131.0102, 530.4837, 139.4539, 962.1152, 201.7083],
      [0, 0, 0, 0.3738, 0, 0.8225, 1.7896, 1.0179, 0.572, 1.2752, 3.5075, 0.3263, 0.3384, 2.5524, 1.5615, 3.8803, 0, 1.2266, 0.73, 0.1277, 0, 0, 0, 0.6889, 0.1721, 0, 1.7257, 0.3907, 0, 1.391, 0.8799, 2.6677, 0.8854, 0.1501, 2.0006, 1.0431, 0.8319, 0.5553],
      [7.8963, 21.745, 16.892, 16.0707, 22.8244, 9.43, 26.2238, 18.0289, 5.6109, 17.1643, 34.1286, 8.8224, 6.9861, 38.7745, 36.1631, 25.7266, 2.4998, 25.0834, 9.7411, 8.6288, 26.7339, 14.461, 9.6131, 15.7766, 18.0038, 17.3318, 11.5647, 1.1872, 0.8477, 11.748, 9.3121, 30.905, 13.0353, 11.8526, 26.8654, 12.7551, 59.2486, 8.257]
    ],
    [
      [0, 4.8934, 3.7321, 12.9475, 4.5386, 10.5894, 4.2568, 7.6796, 8.5077, 13.5369, 28.5059, 10.2799, 10.5462, 14.7528, 25.6657, 8.4635, 0.3946, 17.1556, 8.7443, 3.2323, 14.1238, 0.2849, 6.7056, 0.6435, 1.3042, 0.3065, 4.989, 2.5272, 1.1039, 10.0237, 3.3937, 15.9009, 14.4322, 3.2761, 32.8638, 4.8402, 29.9303, 9.5441],
      [2.3983, 0.2223, 0.0289, 0.0475, 0.1753, 0, 0.1804, 0.3237, 0.7023, 0, 1.8755, 0, 0, 0.8217, 0, 1.3533, 0, 0, 0.0595, 0.191, 0.2049, 3.9729, 0.1297, 0.0616, 0.2229, 1.4445, 1.7236, 0.7397, 0, 0.0867, 0, 0, 0, 1.4116, 0.564, 0.0057, 1.3381, 0.2341],
      [22.224, 139.1982, 58.3151, 416.6653, 106.1732, 558.0823, 391.4513, 658.1431, 567.0104, 989.0583, 1507.6075, 471.3601, 532.315, 952.0573, 1224.2328, 786.3978, 26.3262, 810.9989, 411.0928, 130.848, 104.4138, 30.3028, 100.5461, 56.7617, 104.3831, 93.4202, 383, 85.5986, 33.2558, 642.8794, 511.0808, 1403.8787, 791.8498, 317.9424, 1766.1774, 304.7781, 1239.7629, 503.5174],
      [0.3777, 1.686, 0.924, 4.3397, 1.1128, 2.3283, 2.1115, 3.8536, 0.7797, 4.4047, 5.0111, 3.36, 3.1388, 3.3682, 8.1015, 1.7854, 0.2792, 4.8455, 2.1034, 0.7287, 2.2576, 1.4393, 2.6187, 0.5332, 1.0899, 0.8288, 1.2874, 0.1345, 0.6403, 2.0102, 2.5255, 6.2203, 3.718, 4.3699, 6.3948, 1.376, 12.9687, 1.7044]
    ],
    [
      [0.0284, 0.1168, 0.067, 0.3087, 0.1514, 0.1108, 0.2752, 0.1728, 0.2843, 0.2651, 0.6491, 0.1656, 0.1017, 0.3699, 0.6822, 0.3208, 0.0038, 0.3612, 0.2002, 0.2255, 0.3522, 0.0081, 0.1811, 0.0293, 0.0679, 0.102, 0.2509, 0, 0, 0.3017, 0.1266, 0.5487, 0.3381, 0.1022, 0.9064, 0.1989, 0.3519, 0.0881],
      [0.6433, 1.6569, 0.5798, 1.7638, 2.2179, 0.2944, 1.8984, 1.2101, 1.6534, 0.8902, 1.5923, 1.5922, 0.8355, 1.3127, 4.2047, 0.5393, 0.0391, 2.0027, 0.5619, 2.1508, 1.6668, 0.2006, 1.3763, 0.3801, 1.2151, 2.1317, 0.3214, 0, 0, 0.7201, 0.5655, 2.4322, 1.3588, 1.6059, 4.5898, 0.522, 2.9529, 0.5668],
      [0.8097, 4.1778, 1.4236, 8.0676, 4.988, 4.6217, 19.488, 11.0916, 16.3913, 15.4105, 25.3738, 6.3053, 4.2923, 19.8545, 27.2315, 20.9169, 0.1855, 14.1701, 7.2857, 7.4494, 3.3439, 0.21, 2.8969, 2.0126, 4.2282, 5.7013, 9.9654, 0, 0, 15.8205, 11.2129, 37.2651, 15.4277, 7.9456, 40.9907, 10.2436, 12.1222, 3.9928],
      [6.5186, 21.0485, 9.9296, 31.8599, 23.6428, 6.9732, 44.3384, 28.5255, 20.671, 27.4342, 34.3848, 18.9369, 10.7705, 40.4628, 76.8817, 18.223, 0.7716, 35.466, 12.9522, 22.1743, 25.6371, 4.5813, 24.5458, 8.578, 18.4888, 23.065, 9.4622, 0, 0, 17.1577, 16.095, 56.754, 28.8755, 45.3464, 71.5131, 15.0355, 55.573, 7.3523]
    ],
    [
      [1.5606, 10.0486, 3.8752, 13.2877, 8.1282, 15.01, 14.5579, 10.0798, 10.39, 17.1198, 38.9413, 7.6844, 8.9484, 23.3979, 27.7596, 16.7843, 1.9272, 19.1483, 11.9492, 8.2217, 23.6974, 1.327, 4.1787, 3.9944, 4.0468, 5.3524, 15.5123, 4.9232, 0.9795, 14.0819, 6.2366, 26.2441, 13.4673, 2.9503, 40.5196, 9.6721, 27.7025, 7.8725],
      [4.1131, 17.2203, 4.177, 9.3978, 14.3945, 4.969, 11.9124, 8.6728, 7.6043, 7.2078, 11.8544, 9.2842, 9.2304, 10.3962, 21.5376, 3.4694, 2.4395, 13.3396, 4.1427, 9.7956, 13.3956, 3.6349, 3.8412, 5.9002, 7.819, 12.2114, 2.378, 1.1498, 0.3214, 4.1862, 3.4013, 14.5036, 6.7929, 4.3498, 25.796, 3.1517, 29.1776, 6.3441],
      [1.2333, 10.3554, 2.4455, 10.2614, 7.7426, 18.6547, 29.2733, 19.0079, 17.9871, 29.8202, 45.2267, 8.7667, 11.3062, 37.6644, 33.3409, 32.3183, 2.742, 22.5523, 12.8379, 8.0941, 6.335, 0.8991, 1.9409, 7.4812, 6.5202, 7.8312, 17.7287, 2.0666, 0.4348, 21.9917, 16.0971, 53.1009, 18.421, 5.2479, 55.0869, 14.7823, 28.649, 10.6651],
      [6.093, 32.3756, 10.5023, 25.0531, 22.7347, 17.3663, 41.2564, 30.2396, 14.0186, 32.8522, 37.9775, 16.2647, 17.515, 47.5415, 58.3619, 17.428, 6.8913, 34.9597, 14.0701, 14.8887, 30.5719, 12.1391, 10.0392, 19.6242, 17.6141, 19.605, 10.381, 1.8604, 1.2642, 14.7402, 14.265, 50.1514, 21.3187, 18.4519, 59.5975, 13.3939, 81.4709, 12.1183]
    ]
  ],
  "V_est": [
    [221.1718, 247.9637, 649.585, 291.2795],
    [191.8185, 10793.7579, 33.4839, 657.9397],
    [354.6164, 20.5197, 19233.1064, 106.7575],
    [8.8147, 50.2454, 402.9138, 920.0262],
    [481.5787, 333.5133, 636.9109, 906.9971]
  ],
  "p_est": [
    [0.1569, 0.1759, 0.4607, 0.2066],
    [0.0164, 0.9244, 0.0029, 0.0563],
    [0.018, 0.001, 0.9756, 0.0054],
    [0.0064, 0.0364, 0.2915, 0.6657],
    [0.2041, 0.1414, 0.27, 0.3845]
  ],
  "EI_Z": {},
  "EI_V": 9.4159,
  "MAE_Z": {},
  "MAE_V": 344.0834,
  "MAE_p": 0.1081,
  "runtime": 0.044
}
