{
  "Z_true": {},
  "V_true": [
    [775, 165, 1424, 87],
    [713, 297, 13845, 533],
    [192, 10598, 895, 496],
    [47, 198, 865, 229],
    [116, 946, 940, 859]
  ],
  "p_true": [
    [0.3162, 0.0673, 0.581, 0.0355],
    [0.0463, 0.0193, 0.8997, 0.0346],
    [0.0158, 0.87, 0.0735, 0.0407],
    [0.0351, 0.1479, 0.646, 0.171],
    [0.0405, 0.3307, 0.3286, 0.3002]
  ],
  "Z_est": {},
  "V_est": [
    [1658.8574, 0, 792.1426, 0],
    [0, 0, 14423.5868, 964.4132],
    [0, 12181, 0, 0],
    [0, 0, 1339, 0],
    [184.1426, 23, 1414.2705, 1239.5868]
  ],
  "p_est": [
    [0.6768, 0, 0.3232, 0],
    [0, 0, 0.9373, 0.0627],
    [0, 1, 0, 0],
    [0, 0, 1, 0],
    [0.0644, 0.008, 0.4943, 0.4333]
  ],
  "EI_Z": {},
  "EI_V": 14.2427,
  "MAE_Z": {},
  "MAE_V": 487.3857,
  "MAE_p": 0.1233,
  "runtime": 0.0204
}
