{
  "X": [
    [25, 26, 9, 40],
    [25, 24, 12, 39],
    [22, 30, 11, 37],
    [34, 22, 8, 36],
    [34, 18, 9, 39],
    [32, 16, 5, 47],
    [21, 29, 3, 47],
    [26, 21, 4, 49],
    [29, 21, 9, 41],
    [31, 17, 6, 46],
    [27, 21, 13, 39],
    [22, 24, 12, 42],
    [30, 31, 8, 31],
    [28, 40, 13, 19],
    [33, 44, 11, 12],
    [25, 48, 10, 17],
    [29, 38, 18, 15],
    [28, 42, 14, 16],
    [24, 34, 24, 18],
    [28, 40, 19, 13],
    [23, 38, 20, 19],
    [30, 33, 15, 22],
    [30, 50, 10, 10],
    [32, 35, 17, 16],
    [30, 39, 12, 19],
    [23, 33, 30, 14],
    [27, 38, 20, 15],
    [31, 28, 27, 14],
    [27, 30, 26, 17],
    [32, 36, 19, 13],
    [24, 27, 33, 16],
    [28, 34, 22, 16],
    [28, 31, 26, 15],
    [32, 24, 33, 11],
    [41, 21, 23, 15],
    [26, 37, 24, 13],
    [36, 21, 31, 12],
    [24, 44, 17, 15],
    [15, 47, 18, 20],
    [17, 43, 13, 27],
    [14, 56, 13, 17],
    [11, 56, 13, 20],
    [11, 48, 16, 25],
    [15, 38, 21, 26],
    [11, 47, 14, 28],
    [11, 49, 14, 26],
    [18, 51, 10, 21],
    [15, 41, 16, 28],
    [14, 52, 9, 25],
    [10, 49, 13, 28]
  ],
  "W": [
    [62, 14, 10, 14],
    [56, 11, 19, 14],
    [54, 18, 15, 13],
    [58, 16, 12, 14],
    [72, 6, 10, 12],
    [67, 10, 13, 10],
    [67, 11, 7, 15],
    [55, 12, 11, 22],
    [61, 15, 12, 12],
    [64, 9, 14, 13],
    [59, 17, 10, 14],
    [54, 20, 13, 13],
    [37, 27, 16, 20],
    [13, 64, 10, 13],
    [12, 59, 17, 12],
    [14, 62, 10, 14],
    [12, 71, 11, 6],
    [14, 69, 10, 7],
    [15, 66, 9, 10],
    [8, 70, 13, 9],
    [19, 58, 13, 10],
    [16, 61, 14, 9],
    [12, 72, 5, 11],
    [19, 58, 10, 13],
    [15, 64, 11, 10],
    [7, 12, 67, 14],
    [8, 12, 59, 21],
    [16, 10, 66, 8],
    [13, 9, 63, 15],
    [15, 15, 55, 15],
    [12, 12, 70, 6],
    [13, 9, 65, 13],
    [14, 16, 58, 12],
    [8, 8, 70, 14],
    [18, 12, 61, 9],
    [12, 8, 65, 15],
    [14, 12, 65, 9],
    [10, 8, 43, 39],
    [12, 12, 17, 59],
    [17, 12, 9, 62],
    [13, 8, 12, 67],
    [11, 11, 3, 75],
    [12, 9, 15, 64],
    [14, 14, 10, 62],
    [13, 11, 17, 59],
    [15, 12, 17, 56],
    [13, 13, 14, 60],
    [11, 14, 11, 64],
    [12, 17, 15, 56],
    [12, 14, 8, 66]
  ],
  "method": "mcmc",
  "mcmc_stepsize": 3000,
  "mcmc_samples": 100,
  "burn_in": 10000,
  "cond_prob": [
    [
      [0.27152296367, 0.23788073873, 0.082234062075, 0.40836223552],
      [0.21702355996, 0.37031189165, 0.067302660221, 0.34536188817],
      [0.23783417826, 0.19595097355, 0.18234308799, 0.38387176021],
      [0.19635033074, 0.29339414144, 0.081130002027, 0.4291255258]
    ],
    [
      [0.28014418925, 0.23353141674, 0.10387076258, 0.38245363143],
      [0.19132214412, 0.35622159743, 0.098002563716, 0.35445369474],
      [0.21883209587, 0.19959468572, 0.21325222215, 0.36832099626],
      [0.21782657108, 0.22939314731, 0.075244062411, 0.4775362192]
    ],
    [
      [0.26025214775, 0.29464950869, 0.09174159609, 0.35335674747],
      [0.16640454395, 0.3889127892, 0.11492120093, 0.32976146592],
      [0.19814744799, 0.26250902859, 0.19682557217, 0.34251795125],
      [0.15222234699, 0.24237391508, 0.078845277838, 0.52655846009]
    ],
    [
      [0.35855676139, 0.21420227292, 0.064727764186, 0.36251320151],
      [0.29867175434, 0.27487134968, 0.11725699163, 0.30919990435],
      [0.34661286388, 0.16286481178, 0.12187722997, 0.36864509437],
      [0.30468610024, 0.23028205962, 0.064796503683, 0.40023533646]
    ],
    [
      [0.36306414337, 0.16689137395, 0.074087961059, 0.39595652162],
      [0.30889077901, 0.33598907244, 0.012812021951, 0.3423081266],
      [0.275591792, 0.11585060265, 0.22970121648, 0.37885638888],
      [0.27084325692, 0.23411505121, 0.10764854227, 0.3873931496]
    ],
    [
      [0.31960997648, 0.16083398874, 0.033804648758, 0.48575138603],
      [0.35331437835, 0.15865217257, 0.095157800944, 0.39287564814],
      [0.36399991239, 0.14541107712, 0.13217080035, 0.35841821013],
      [0.23209889313, 0.17472570263, 0.0065290119228, 0.58664639232]
    ],
    [
      [0.23147130776, 0.24958014424, 0.026720752771, 0.49222779523],
      [0.14478867836, 0.45772623195, 0.011717950906, 0.38576713878],
      [0.15134364957, 0.29013530483, 0.13095773768, 0.42756330793],
      [0.18928942474, 0.3474796434, 0.010940529376, 0.45229040249]
    ],
    [
      [0.28531985863, 0.1905691803, 0.029140159991, 0.49497080107],
      [0.25994600976, 0.31542864634, 0.034061847486, 0.39056349642],
      [0.25057742472, 0.17999173832, 0.15322935577, 0.41620148119],
      [0.20144109028, 0.21607464572, 0.013773914416, 0.56871034958]
    ],
    [
      [0.31115361118, 0.19079685812, 0.070307561535, 0.42774196916],
      [0.26560422442, 0.26276898243, 0.10026803674, 0.37135875641],
      [0.26785278122, 0.22905887428, 0.18130658117, 0.32178176333],
      [0.23511108142, 0.22259586888, 0.085961601773, 0.45633144792]
    ],
    [
      [0.33453258183, 0.15453456465, 0.046304038316, 0.4646288152],
      [0.22777949159, 0.27897247719, 0.10724490884, 0.38600312238],
      [0.26079927729, 0.1766150498, 0.14286196947, 0.41972370344],
      [0.29913149666, 0.16357114387, 0.0054822919684, 0.5318150675]
    ],
    [
      [0.28726128275, 0.19096230344, 0.10005490814, 0.42172150567],
      [0.28269854141, 0.2490789571, 0.14733573351, 0.32088676798],
      [0.22896655072, 0.25027689455, 0.25624420803, 0.2645123467],
      [0.21114597189, 0.21400806292, 0.14497220498, 0.42987376021]
    ],
    [
      [0.27635884449, 0.19406821732, 0.095070720674, 0.43450221751],
      [0.18309682222, 0.31975555341, 0.13880151647, 0.3583461079],
      [0.13605601454, 0.25224248759, 0.23169021478, 0.38001128309],
      [0.12661213568, 0.29585021984, 0.082936766311, 0.49460087817]
    ],
    [
      [0.32714302025, 0.32146027901, 0.053087359173, 0.29830934157],
      [0.29274565408, 0.3366947671, 0.074812608402, 0.29574697042],
      [0.25590848476, 0.25225546485, 0.18618117325, 0.30565487714],
      [0.29485199172, 0.29895617636, 0.051846425588, 0.35434540633]
    ],
    [
      [0.37545608818, 0.38069239555, 0.080876493074, 0.1629750232],
      [0.28290621791, 0.40789369433, 0.12490453307, 0.18429555469],
      [0.20128416326, 0.40135898299, 0.29317768952, 0.10417916423],
      [0.23078702115, 0.37940096851, 0.07868758294, 0.3111244274]
    ],
    [
      [0.41769813584, 0.41713696364, 0.082716008178, 0.082448892348],
      [0.33640334384, 0.44519614601, 0.1013768076, 0.11702370256],
      [0.29814019184, 0.45978411708, 0.12003194055, 0.12204375054],
      [0.25595348518, 0.40928781931, 0.1654694387, 0.16928925681]
    ],
    [
      [0.35535558103, 0.42713531586, 0.070707663759, 0.14680143935],
      [0.2426165105, 0.50097979945, 0.097792960187, 0.15861072986],
      [0.20454108448, 0.49815499898, 0.19404555357, 0.10325836297],
      [0.20981338353, 0.42698628733, 0.071890974287, 0.29130935486]
    ],
    [
      [0.34717245772, 0.29560339009, 0.15310625642, 0.20411789577],
      [0.29742383005, 0.40647322495, 0.17208606051, 0.12401688448],
      [0.27990639734, 0.29500358827, 0.27087702363, 0.15421299077],
      [0.10631136714, 0.39135347937, 0.16082789449, 0.341507259]
    ],
    [
      [0.40161427249, 0.32759916555, 0.10716375666, 0.1636228053],
      [0.27999204992, 0.44565748524, 0.126123528, 0.14822693684],
      [0.20300157806, 0.41601160264, 0.22814563038, 0.15284118891],
      [0.14684756569, 0.35758988206, 0.21653252445, 0.2790300278]
    ],
    [
      [0.30947894883, 0.31730127926, 0.18286557241, 0.1903541995],
      [0.23829105385, 0.35119251948, 0.24711388846, 0.16340253821],
      [0.22132153035, 0.25531312111, 0.38818768927, 0.13517765927],
      [0.16387124405, 0.37639564354, 0.14538105721, 0.31435205519]
    ],
    [
      [0.36796315776, 0.35998132721, 0.13182152727, 0.14023398776],
      [0.28624228617, 0.4075469494, 0.18146316252, 0.12474760191],
      [0.2386840223, 0.43059036119, 0.24702232267, 0.083703293844],
      [0.2129380462, 0.33268758102, 0.22574624565, 0.22862812713]
    ],
    [
      [0.3150747918, 0.3283145025, 0.15695316356, 0.19965754214],
      [0.21534254985, 0.41922361781, 0.18953913, 0.17589470234],
      [0.19461685213, 0.32227611964, 0.34806335408, 0.13504367415],
      [0.19936919869, 0.32574650643, 0.14997967493, 0.32490461995]
    ],
    [
      [0.34770359748, 0.27804129475, 0.11060290382, 0.26365220396],
      [0.30888182145, 0.3545544913, 0.14595596613, 0.19060772113],
      [0.2920079238, 0.32211263708, 0.18820361261, 0.19767582652],
      [0.16742671099, 0.26821537729, 0.18802100319, 0.37633690852]
    ],
    [
      [0.37539964555, 0.47518957377, 0.064028902844, 0.085381877837],
      [0.3017440704, 0.51007761656, 0.097477974211, 0.090700338829],
      [0.20366555889, 0.50194566903, 0.24546065919, 0.04892811289],
      [0.25011848999, 0.46021894342, 0.089630520613, 0.20003204598]
    ],
    [
      [0.36321010479, 0.31881610325, 0.15834627294, 0.15962751902],
      [0.3134854226, 0.37856558353, 0.15283649744, 0.15511249644],
      [0.31044317937, 0.28477266116, 0.30654052835, 0.098243631118],
      [0.29326320805, 0.31830489094, 0.15857682147, 0.22985507954]
    ],
    [
      [0.33113703904, 0.45527767184, 0.070096778608, 0.14348851051],
      [0.29894629523, 0.39295947253, 0.12329495516, 0.18479927708],
      [0.27206518822, 0.36167923592, 0.18638495409, 0.17987062177],
      [0.29076644492, 0.30429570858, 0.10074366956, 0.30419417694]
    ],
    [
      [0.39937308177, 0.33543892264, 0.12928992664, 0.13589806895],
      [0.28327830295, 0.4192800997, 0.17292659394, 0.12451500342],
      [0.22262209343, 0.3034499063, 0.35924633688, 0.11468166339],
      [0.13495489518, 0.37781590164, 0.21073905823, 0.27649014495]
    ],
    [
      [0.43216643934, 0.34518535548, 0.09383597834, 0.12881222683],
      [0.30754066464, 0.44169762304, 0.1705285698, 0.080233142522],
      [0.27273070486, 0.37243405087, 0.22617974741, 0.12865549685],
      [0.17909852015, 0.37926365134, 0.18373163039, 0.25790619813]
    ],
    [
      [0.35847330729, 0.27164815045, 0.22570584642, 0.14417269584],
      [0.31072145096, 0.39439877198, 0.18933407091, 0.10554570615],
      [0.30518755288, 0.26479909959, 0.29855253049, 0.13146081705],
      [0.25185426049, 0.27911266254, 0.22386234197, 0.24517073499]
    ],
    [
      [0.31162426935, 0.32256905683, 0.20698197986, 0.15882469396],
      [0.23947382816, 0.432824056, 0.19957506367, 0.12812705217],
      [0.27274489412, 0.27955050072, 0.2925569057, 0.15514769946],
      [0.24071278102, 0.28663361413, 0.20546490866, 0.2671886962]
    ],
    [
      [0.44722190903, 0.35405921375, 0.11705117758, 0.081667699635],
      [0.27503265171, 0.46890984547, 0.17449844899, 0.081559053826],
      [0.31420233725, 0.33842348613, 0.22760927665, 0.11976489997],
      [0.259003536, 0.33614482497, 0.14054969237, 0.26430194665]
    ],
    [
      [0.21868691602, 0.26817401268, 0.1991228037, 0.31401626759],
      [0.2192199196, 0.3394866763, 0.26978549746, 0.17150790664],
      [0.2583905966, 0.24655251373, 0.37390100963, 0.12115588005],
      [0.10962936846, 0.40823262857, 0.200004952, 0.28213305097]
    ],
    [
      [0.37517046203, 0.32529792812, 0.14722710743, 0.15230450241],
      [0.23749665817, 0.43479106126, 0.20310925476, 0.12460302582],
      [0.27831176719, 0.33512568627, 0.23536841491, 0.15119413162],
      [0.22269609252, 0.31344905963, 0.22762441087, 0.23623043698]
    ],
    [
      [0.35316017717, 0.28751199924, 0.20137394159, 0.157953882],
      [0.25435429633, 0.38715623847, 0.23384300962, 0.12464645558],
      [0.27631347105, 0.30237359373, 0.28509962576, 0.13621330946],
      [0.24665895478, 0.27022197989, 0.24195819748, 0.24116086785]
    ],
    [
      [0.36834182983, 0.28802011703, 0.19584618346, 0.14779186968],
      [0.35178073221, 0.32103126387, 0.25203316955, 0.075154834369],
      [0.31828510613, 0.21801672923, 0.37301491036, 0.090683254276],
      [0.28279014817, 0.27617270763, 0.23613724647, 0.20489989773]
    ],
    [
      [0.54819852833, 0.13361515124, 0.1813658168, 0.13682050363],
      [0.37658014366, 0.41048453894, 0.14551928378, 0.06741603362],
      [0.38793975559, 0.1991033912, 0.26609679124, 0.14686006197],
      [0.3276821861, 0.16931177194, 0.19525329182, 0.30775275013]
    ],
    [
      [0.40965024276, 0.35501042622, 0.14972329976, 0.085616031262],
      [0.24056576512, 0.49483359987, 0.14031077375, 0.12428986126],
      [0.25214050791, 0.36207620376, 0.26136711814, 0.12441617019],
      [0.18470253012, 0.34975018946, 0.27279810227, 0.19274917815]
    ],
    [
      [0.47971518881, 0.17540646411, 0.234048054, 0.11083029307],
      [0.35632143291, 0.35347042687, 0.20800466381, 0.082203476413],
      [0.34170672543, 0.19562889183, 0.35956151443, 0.10310286831],
      [0.31079922321, 0.17630960121, 0.20619698226, 0.30669419332]
    ],
    [
      [0.39918032153, 0.40593220512, 0.097178886105, 0.097708587248],
      [0.12562355405, 0.6123093825, 0.12967952428, 0.13238753917],
      [0.2341719537, 0.41625566838, 0.21134489795, 0.13822747997],
      [0.22907216265, 0.43956946534, 0.151357547, 0.18000082501]
    ],
    [
      [0.21676575476, 0.37687030594, 0.15741979413, 0.24894414517],
      [0.21075769555, 0.51354080972, 0.13760280251, 0.13809869222],
      [0.13427055309, 0.49957545919, 0.22142614525, 0.14472784247],
      [0.12859524057, 0.4715641323, 0.18127939612, 0.21856123101]
    ],
    [
      [0.23551868946, 0.40295242387, 0.11709523574, 0.24443365093],
      [0.16756561813, 0.49861769679, 0.086791349211, 0.24702533587],
      [0.11632910607, 0.45699239609, 0.21422131256, 0.21245718528],
      [0.16029730495, 0.42021717529, 0.12967569337, 0.28980982639]
    ],
    [
      [0.25020086799, 0.49836378116, 0.065545153742, 0.18589019711],
      [0.13519998555, 0.62371024835, 0.12027056696, 0.12081919915],
      [0.081613200453, 0.55833308404, 0.21007064048, 0.14998307503],
      [0.12964821532, 0.56465062462, 0.12932687731, 0.17637428275]
    ],
    [
      [0.21669620744, 0.4745211179, 0.08922812909, 0.21955454558],
      [0.12891851619, 0.57882292327, 0.11147059135, 0.1807879692],
      [0.035654547424, 0.35112027648, 0.61028557618, 0.0029395999117],
      [0.094550325304, 0.57813139624, 0.11948609796, 0.2078321805]
    ],
    [
      [0.25666659521, 0.37036033888, 0.10032900826, 0.27264405765],
      [0.037112601057, 0.63398376042, 0.11876085106, 0.21014278747],
      [0.060596073417, 0.46824298344, 0.27964974021, 0.19151120294],
      [0.10432884917, 0.48165902091, 0.14894465841, 0.26506747152]
    ],
    [
      [0.21147079562, 0.42604331281, 0.14412272084, 0.21836317073],
      [0.14929245773, 0.42632206607, 0.21111147232, 0.21327400388],
      [0.10165520114, 0.30075543254, 0.30204106461, 0.29554830171],
      [0.14407681358, 0.37192468339, 0.20977920403, 0.27421929901]
    ],
    [
      [0.24518095876, 0.43244863619, 0.077010282218, 0.24536012283],
      [0.09107159133, 0.54515318285, 0.090989965298, 0.27278526052],
      [0.047981183678, 0.49230410573, 0.24634029998, 0.21337441061],
      [0.1016132188, 0.45783581222, 0.13237612904, 0.30817483995]
    ],
    [
      [0.20614548449, 0.45998274384, 0.13026764217, 0.2036041295],
      [0.083977493804, 0.57087807052, 0.091297603532, 0.25384683215],
      [0.056250441188, 0.47586879267, 0.23810321128, 0.22977755486],
      [0.10613982691, 0.48499915216, 0.12326177738, 0.28559924356]
    ],
    [
      [0.29253806094, 0.44373398887, 0.060589756169, 0.20313819402],
      [0.17003480867, 0.64428933636, 0.060538477148, 0.12513737782],
      [0.18580659397, 0.47201383883, 0.15964641944, 0.18253314776],
      [0.15642100632, 0.50412505047, 0.10317138491, 0.23628255829]
    ],
    [
      [0.27096932654, 0.36368489738, 0.090300025397, 0.27504575068],
      [0.14714446984, 0.49795191111, 0.14045577316, 0.21444784589],
      [0.09309546809, 0.36462414769, 0.27570504056, 0.26657534366],
      [0.13961351064, 0.40651990232, 0.15636817891, 0.29749840812]
    ],
    [
      [0.16720695871, 0.49960217387, 0.08254511406, 0.25064575336],
      [0.17650508659, 0.53156078893, 0.058301295169, 0.23363282931],
      [0.13468693132, 0.53193969778, 0.13474579302, 0.19862757789],
      [0.12451117953, 0.5176633042, 0.089234816396, 0.26859069988]
    ],
    [
      [0.24708010046, 0.41218975389, 0.067216836231, 0.27351330942],
      [0.074748318167, 0.61813713085, 0.073736481786, 0.2333780692],
      [0.0085470643434, 0.40919458054, 0.39419207867, 0.18806627645],
      [0.089699785232, 0.48676131026, 0.1213265241, 0.3022123804]
    ]
  ],
  "expected_outcome": [
    [
      [16.8344237476, 15.688074598, 14.0536159783, 20.7962921606, 26.140618323, 21.4138684241, 15.5085776199, 15.6925922249, 18.980370282, 21.4100852371, 16.9484156824, 14.9233776026, 12.1042917491, 4.8809291463, 5.01237763, 4.9749781345, 4.1660694926, 5.6225998149, 4.6421842325, 2.9437052621, 5.9864210442, 5.5632575597, 4.5047957466, 6.9009919909, 4.9670555856, 2.7956115724, 3.4573315147, 5.7355729166, 4.0511155016, 6.7083286355, 2.6242429923, 4.8772160064, 4.9442424804, 2.9467346387, 9.8675735099, 4.9158029131, 6.7160126434, 3.9918032153, 2.6011890571, 4.0038177208, 3.2526112838, 2.3836582818, 3.0799991426, 2.9605911387, 3.1873524639, 3.0921822673, 3.8029947922, 2.980662592, 2.0064835046, 2.9649612056],
      [14.7486058013, 13.0777593372, 15.9110734695, 12.4237318291, 12.0161789244, 10.7758772454, 16.7218696638, 10.4813049166, 11.6386083456, 9.8902121378, 11.266775903, 10.4796837354, 11.8940303235, 4.9490011422, 5.0056435637, 5.979894422, 3.5472406811, 4.5863883177, 4.7595191888, 2.8798506177, 6.2379755476, 4.448660716, 5.7022748852, 6.0575059617, 6.8291650776, 2.3480724585, 2.7614828439, 4.3463704072, 4.1933977387, 5.3108882063, 3.2180881522, 4.2288730656, 4.0251679893, 2.3041609362, 2.4050727223, 4.2601251147, 2.4556904976, 4.0593220512, 4.5224436713, 6.8501912058, 6.4787291551, 5.2197322969, 4.4443240666, 5.9646063793, 5.6218322705, 6.8997411576, 5.7685418553, 4.0005338711, 5.9952260864, 4.9462770466],
      [5.0985118486, 5.8167627045, 4.9540461889, 3.7542103228, 5.3343331962, 2.2649114668, 1.7902904357, 1.6027087995, 4.2887612536, 2.9634584522, 5.9032395803, 5.1338189164, 1.9642322894, 1.05139441, 0.99259209813, 0.98990729263, 1.8372750771, 1.5002925933, 2.7429835861, 1.0545722182, 2.9821101076, 1.769646461, 0.76834683413, 3.0085791859, 1.0514516791, 0.90502948645, 0.75068782672, 3.6112935428, 2.6907657382, 1.7557676637, 2.3894736444, 1.9139523966, 2.8192351823, 1.5667694677, 3.2645847024, 1.7966795971, 3.276672756, 0.97178886105, 1.8890375295, 1.9906190076, 0.85208699864, 0.98150941999, 1.2039480991, 2.0177180918, 1.0011336688, 1.9540146325, 0.7876668302, 0.99330027937, 0.99054136871, 0.80660203478],
      [25.3184586024, 21.4174033602, 19.0812643634, 21.0257656875, 28.5088695564, 32.5453428637, 32.9792622806, 27.2233940591, 26.0922601188, 29.7362441728, 24.8815688343, 23.4631197457, 11.037445638, 2.1186753016, 0.98938670818, 2.0552201509, 2.4494147492, 2.2907192741, 2.8553129925, 1.1218719021, 3.7934933006, 4.2184352633, 1.024582534, 3.0329228614, 2.1523276577, 0.95128648268, 1.0304978147, 2.3067631334, 2.0647210214, 1.2250154945, 3.7681952111, 1.9799585314, 2.211354348, 1.1823349575, 2.4627690654, 1.0273923751, 1.551624103, 0.97708587248, 2.987329742, 4.1553720657, 2.4165725624, 2.4151000013, 3.2717286918, 3.0570843902, 3.1896815968, 3.0540619425, 2.6407965223, 3.0255032575, 3.0077490403, 3.282159713]
    ],
    [
      [3.0383298395, 2.1045435853, 2.9952817911, 4.7787480695, 1.8533446741, 3.5331437835, 1.5926754619, 3.1193521171, 3.9840633664, 2.0500154243, 4.805875204, 3.6619364444, 7.9041326603, 18.1059979461, 19.8477972865, 15.0422236513, 21.1170919338, 19.3194514447, 15.7272095538, 20.0369600322, 12.4898678912, 18.8417911082, 21.7255730691, 18.1821545107, 19.1325628947, 3.3993396354, 3.6904879756, 3.1072145096, 2.1552644534, 4.1254897757, 2.6306390352, 2.1374699235, 4.0696687412, 2.8142458577, 4.518961724, 1.924526121, 4.2758571949, 1.0049884324, 2.5290923467, 2.0107874175, 1.0815998844, 1.4181036781, 0.33401340952, 2.0900944082, 1.0017875046, 1.0077299256, 2.2104525128, 2.0600225777, 3.000586472, 1.0464764543],
      [5.1843664831, 3.9184375717, 7.0004302056, 4.3979415949, 2.0159344346, 1.5865217257, 5.0349885515, 3.7851437561, 3.9415347365, 2.5107522947, 4.2343422706, 6.3951110681, 9.0907587117, 26.1051964374, 26.2665726144, 31.0607475657, 28.8595989718, 30.7503664815, 23.1787062857, 28.5282864577, 24.3149698328, 21.6278239693, 36.7255883921, 21.9568038445, 25.1494062416, 5.0313611964, 5.3003714765, 3.9439877198, 3.895416504, 7.0336476821, 4.0738401156, 3.9131195513, 6.1944998155, 2.568250111, 4.9258144673, 3.9586687989, 4.2416451224, 4.89847506, 6.1624897166, 5.9834123615, 4.9896819868, 6.3670521559, 5.7058538438, 5.9685089249, 5.9966850114, 6.8505368462, 8.3757613727, 6.9713267555, 9.0365334119, 8.6539198319],
      [0.9422372431, 1.0780282009, 2.0685816167, 1.876111866, 0.076872131704, 0.95157800944, 0.12889745996, 0.40874216983, 1.5040205511, 0.96520417959, 2.5047074697, 2.7760303295, 2.0199404269, 7.9938901166, 5.9812316481, 6.0631635316, 12.2181102961, 8.7025234317, 16.3095166383, 12.7024213763, 10.99326954, 8.9033139337, 7.0184141432, 8.8645168515, 7.8908771303, 2.0751191273, 2.0463428376, 1.8933407091, 1.7961755731, 2.6174767349, 3.2374259695, 1.8279832928, 3.741488154, 2.0162653564, 1.7462314053, 1.12248619, 2.4960559657, 1.0374361942, 1.6512336302, 1.0414961905, 0.96216453566, 1.2261765048, 1.0688476595, 2.9555606125, 1.0008896183, 1.0955712424, 0.78700020293, 1.9663808243, 0.99112201786, 1.032310745],
      [4.8350664344, 3.8989906421, 5.9357063866, 4.9471984696, 2.0538487596, 3.9287564814, 4.2434385266, 4.686761957, 5.5703813461, 3.4740281014, 5.4550750557, 7.166922158, 7.9851682012, 11.7949154999, 6.904398451, 9.8338652515, 8.8051987983, 10.2276586422, 10.7845675222, 8.7323321338, 10.201892736, 11.6270709888, 6.5304243957, 8.9965247934, 11.8271537334, 1.494180041, 0.96279771027, 1.0554570615, 1.1531434695, 1.2233858074, 2.0580948797, 1.1214272324, 1.9943432893, 0.60123867495, 0.80899240344, 0.99431889007, 0.98644171696, 1.0591003134, 1.6571843066, 2.9643040304, 0.96655359317, 1.9886676612, 1.8912850872, 2.9858360543, 3.0006378657, 3.0461619857, 1.6267859117, 3.0022698425, 3.9717580983, 3.2672929688]
    ],
    [
      [2.3783417826, 4.1578098216, 2.9722117198, 4.1593543666, 2.75591792, 4.7319988611, 1.059405547, 2.7563516719, 3.2142333746, 3.651189882, 2.2896655072, 1.7687281891, 4.0945357561, 2.0128416326, 5.0683832613, 2.0454108448, 3.0789703707, 2.0300157806, 1.9918937731, 3.1028922898, 2.5300190778, 4.0881109332, 1.0183277945, 3.1044317937, 2.9927170705, 14.9156802597, 16.0911115866, 20.1423784898, 17.1829283297, 17.2811285487, 18.0873417617, 18.0902648673, 16.026181321, 22.2799574294, 23.6643250912, 16.3891330141, 22.2109371527, 10.0693940089, 2.2825994025, 1.0469619546, 0.97935840543, 0.10696364227, 0.90894110125, 1.0165520114, 0.81568012252, 0.9562575002, 2.6012923156, 1.024050149, 2.0203039697, 0.068376514747],
      [1.9595097355, 3.7922990286, 3.9376354289, 1.9543777414, 1.1585060265, 1.8903440026, 2.0309471338, 1.9799091215, 2.7487064914, 2.4726106972, 2.5027689455, 3.2791523386, 4.0360874376, 4.0135898299, 7.8163299903, 4.9815499898, 3.2450394709, 4.1601160264, 2.29781809, 5.5976746955, 4.1895895553, 4.5095769191, 2.5097283451, 2.8477266116, 3.9784715951, 20.3311437222, 21.9736090016, 17.4767405727, 17.6116815454, 18.6132917371, 17.2586759608, 21.7831696079, 17.5376684365, 15.2611710459, 12.1453068629, 23.5349532445, 12.7158779692, 17.8989937404, 8.4927828063, 4.1129315648, 6.6999970085, 1.0533608294, 7.0236447516, 3.0075543254, 8.3691697974, 8.0897694754, 6.6081937436, 4.0108656246, 7.9790954667, 3.2735566443],
      [1.8234308799, 4.0517922209, 2.9523835826, 1.4625267596, 2.2970121648, 1.7182204046, 0.91670416374, 1.6855229135, 2.175678974, 2.0000675726, 2.5624420803, 3.0119727921, 2.978898772, 2.9317768952, 2.0405429893, 1.9404555357, 2.9796472599, 2.2814563038, 3.4936892035, 3.2112901947, 4.524823603, 2.6348505765, 1.227303296, 3.0654052835, 2.050234495, 24.0695045711, 13.3446050975, 19.7044670124, 18.4310850588, 12.5185102158, 26.1730706741, 15.2989469693, 16.535778294, 26.1110437254, 16.2319042659, 16.9888626789, 23.371498438, 9.0878306119, 3.7642444692, 1.9279918131, 2.5208476857, 1.8308567285, 4.1947461031, 3.0204106461, 4.1877850997, 4.0477545918, 2.2350498722, 3.0327554461, 2.0211868953, 3.1535366294],
      [3.8387176021, 6.9980989289, 5.1377692687, 4.4237411324, 3.7885638888, 4.6594367317, 2.9929431555, 4.5782162931, 3.86138116, 5.8761318482, 2.645123467, 4.9401466802, 4.8904780343, 1.0417916423, 2.0747437591, 1.0325836297, 1.6963428984, 1.5284118891, 1.2165989334, 1.08814282, 1.755567764, 2.7674615712, 0.24464056445, 0.98243631118, 1.9785768395, 7.683671447, 7.5906743144, 8.6764139251, 9.774305066, 6.5870694983, 8.4809116034, 9.8276185555, 7.9003719485, 6.3478277993, 8.95846378, 8.0870510625, 6.7016864401, 5.9437816388, 2.460373322, 1.9121146675, 1.7997969004, 0.0088187997352, 2.8726680441, 2.9554830171, 3.6273649804, 3.9062184326, 2.5554640686, 2.9323287803, 2.9794136683, 1.5045302116]
    ],
    [
      [2.7489046303, 3.0495719951, 1.9788905108, 4.2656054033, 3.250119083, 2.3209889313, 2.8393413711, 4.4317039862, 2.8213329771, 3.8887094566, 2.9560436064, 1.6459577639, 5.8970398345, 3.0002312749, 3.0714418222, 2.9373873695, 0.63786820286, 1.0279329598, 1.6387124405, 1.9164424158, 1.9936919869, 1.5068403989, 2.7513033898, 3.8124217047, 2.9076644492, 1.8893685325, 3.7610689231, 2.0148340839, 3.6106917152, 3.8850530401, 0.65777621073, 2.8950492028, 2.9599074574, 3.9590620743, 2.9491396749, 2.7705379519, 2.7971930089, 8.9338143434, 7.5871191937, 9.938432907, 8.6864304264, 7.0912743978, 6.6770463467, 8.9327624417, 5.995179909, 5.9438303069, 9.3852603794, 8.9352646813, 6.9726260537, 5.9201858253],
      [4.1075179801, 3.2115040624, 3.150860896, 3.2239488346, 2.8093806145, 1.7472570263, 5.2121946509, 4.7536422058, 2.6711504266, 2.1264248703, 2.9961128809, 3.8460528579, 5.9791235273, 4.9322125906, 4.9114538317, 5.9778080226, 2.3481208762, 2.5031291744, 3.7639564354, 2.9941882292, 3.2574650643, 2.4139383956, 5.0624083776, 4.1379635822, 3.0429570858, 5.2894226229, 7.9645366781, 2.2329013003, 4.2995042119, 5.0421723745, 2.4493957714, 4.0748377752, 3.2426637586, 3.8664179069, 1.5238059475, 5.2462528418, 1.5867864109, 17.1432091484, 27.8222838058, 26.0534648679, 37.8315918496, 43.3598547177, 30.8261773381, 23.0593303704, 27.0123129208, 27.1599525207, 30.2475030284, 26.0172737487, 28.9891450349, 32.1262464772],
      [1.1358200284, 1.0534168738, 1.0249886119, 0.90715105156, 1.2917825073, 0.065290119228, 0.16410794065, 0.30302611715, 1.0315392213, 0.071269795589, 2.0296108697, 1.078177962, 1.0369285118, 1.0229385782, 1.9856332644, 1.00647364, 0.96496736691, 1.5157276712, 1.4538105721, 2.0317162109, 1.4997967493, 1.6921890287, 0.98593572675, 2.0614986791, 1.0074366956, 2.9503468152, 3.8583642382, 1.7908987358, 3.0819736299, 2.1082453856, 1.200029712, 2.9591173413, 2.9034983698, 3.3059214506, 1.7572796264, 4.091971534, 1.8557728403, 5.9029443328, 10.6954843711, 8.0398929888, 8.66490078, 8.9614573467, 9.5324581383, 13.0063106496, 7.8101916132, 6.9026595333, 6.1902830947, 10.0075634503, 4.9971497182, 8.0075505908],
      [6.0077573612, 6.6855070687, 6.8452599812, 5.6032947105, 4.6487177952, 5.8664639232, 6.7843560373, 12.5116276909, 5.4759773751, 6.9135958776, 6.0182326429, 6.4298114162, 7.0869081265, 4.0446175562, 2.0314710817, 4.078330968, 2.049043554, 1.9532101946, 3.1435205519, 2.0576531441, 3.2490461995, 3.3870321767, 2.2003525058, 2.988116034, 3.0419417694, 3.8708620293, 5.4160301607, 1.96136588, 4.007830443, 3.9645291998, 1.6927983058, 3.0709956807, 2.8939304142, 2.8685985682, 2.7697747512, 2.8912376723, 2.7602477399, 7.0200321754, 12.8951126293, 17.9682092363, 11.817076944, 15.5874135378, 16.964318177, 17.0015965384, 18.1823155571, 15.9935576392, 14.1769534974, 19.0398981198, 15.0410791932, 19.9460171067]
    ]
  ],
  "prob": [
    [0.31251322414, 0.26817762508, 0.091234849174, 0.32807430161],
    [0.25959700145, 0.4196039158, 0.13957848744, 0.18122059531],
    [0.25538654336, 0.30957719955, 0.26833127383, 0.16670498327],
    [0.16370323106, 0.41224125956, 0.13525538956, 0.28880011982]
  ],
  "iterations": 4,
  "time": 0.005512,
  "message": "Converged",
  "status": 0,
  "miniter": 0,
  "maxiter": 1000,
  "maxtime": 3600,
  "param_threshold": 0.001,
  "ll_threshold": "-Inf",
  "initial_prob": "group_proportional",
  "ballotbox_id": ["1", "2", "3", "4", "5", "6", "7", "8", "9", "10", "11", "12", "13", "14", "15", "16", "17", "18", "19", "20", "21", "22", "23", "24", "25", "26", "27", "28", "29", "30", "31", "32", "33", "34", "35", "36", "37", "38", "39", "40", "41", "42", "43", "44", "45", "46", "47", "48", "49", "50"],
  "candidates_id": ["1", "2", "3", "4"],
  "group_id": ["1", "2", "3", "4"]
}
