{
  "X": [
    [17, 13, 116, 100, 1],
    [18, 15, 108, 149, 6],
    [14, 19, 114, 101, 7],
    [25, 32, 122, 136, 1],
    [21, 37, 121, 202, 7],
    [16, 27, 81, 91, 12],
    [45, 25, 107, 202, 4],
    [26, 31, 82, 194, 14],
    [31, 25, 98, 186, 11],
    [20, 40, 79, 189, 15],
    [26, 32, 109, 244, 10],
    [27, 31, 114, 163, 12],
    [30, 38, 115, 139, 4],
    [21, 34, 96, 212, 6],
    [20, 18, 111, 99, 8],
    [15, 15, 82, 97, 4],
    [44, 27, 164, 191, 9],
    [36, 42, 102, 136, 9],
    [30, 27, 74, 145, 10],
    [31, 51, 57, 159, 20],
    [37, 44, 78, 127, 18],
    [43, 50, 61, 179, 15],
    [32, 49, 67, 151, 21],
    [25, 37, 26, 151, 14],
    [18, 44, 31, 114, 16],
    [27, 24, 34, 126, 11],
    [31, 41, 71, 127, 13],
    [30, 39, 106, 143, 17],
    [28, 37, 105, 183, 16],
    [38, 43, 107, 161, 14],
    [29, 45, 81, 158, 6],
    [44, 48, 130, 162, 20],
    [27, 32, 44, 132, 11],
    [43, 51, 103, 190, 7],
    [31, 52, 45, 206, 18],
    [44, 45, 84, 190, 15],
    [26, 48, 103, 163, 11],
    [30, 18, 56, 118, 2],
    [45, 57, 83, 243, 30],
    [22, 39, 66, 143, 2],
    [22, 40, 62, 163, 8],
    [19, 39, 53, 115, 8],
    [20, 31, 109, 113, 9],
    [54, 37, 88, 143, 13],
    [18, 17, 119, 172, 10],
    [20, 22, 81, 206, 9],
    [14, 26, 67, 193, 20],
    [18, 18, 122, 150, 2],
    [35, 32, 157, 180, 9],
    [19, 22, 81, 180, 6],
    [17, 26, 67, 178, 16],
    [9, 19, 46, 192, 4],
    [11, 16, 79, 147, 7],
    [22, 18, 85, 123, 8],
    [19, 22, 83, 130, 18],
    [33, 29, 107, 118, 4],
    [63, 45, 55, 146, 21],
    [66, 59, 115, 187, 31],
    [52, 35, 112, 145, 11],
    [71, 34, 151, 149, 14],
    [74, 48, 116, 149, 15],
    [35, 24, 108, 183, 15],
    [28, 16, 121, 186, 6],
    [27, 27, 147, 192, 9],
    [33, 15, 106, 116, 6],
    [17, 23, 67, 225, 4],
    [30, 32, 114, 184, 9],
    [15, 33, 78, 245, 12],
    [23, 29, 87, 196, 13],
    [16, 34, 50, 253, 18],
    [21, 27, 95, 264, 7],
    [26, 9, 65, 174, 4],
    [22, 15, 147, 118, 4],
    [20, 18, 86, 148, 5],
    [29, 16, 53, 187, 8],
    [20, 29, 71, 201, 14],
    [31, 20, 87, 220, 10],
    [21, 24, 114, 182, 9],
    [23, 9, 88, 138, 3],
    [21, 18, 93, 235, 16],
    [32, 16, 109, 199, 6],
    [32, 33, 108, 287, 5],
    [39, 32, 79, 249, 12],
    [40, 29, 140, 265, 11],
    [26, 19, 78, 124, 3],
    [18, 19, 75, 144, 8],
    [22, 16, 83, 171, 3],
    [25, 22, 74, 148, 5],
    [28, 27, 113, 219, 7],
    [41, 31, 95, 192, 8],
    [20, 43, 94, 158, 11],
    [27, 22, 99, 166, 18],
    [16, 20, 126, 115, 2],
    [44, 36, 88, 180, 2],
    [37, 46, 75, 202, 4],
    [431, 357, 1996, 2234, 58]
  ],
  "W": [
    [15, 20, 14, 101, 82, 15],
    [12, 15, 17, 97, 134, 21],
    [17, 12, 19, 92, 89, 26],
    [13, 22, 36, 102, 124, 19],
    [12, 33, 52, 109, 160, 22],
    [10, 13, 31, 66, 78, 29],
    [13, 47, 43, 88, 164, 28],
    [13, 25, 38, 66, 160, 45],
    [8, 20, 44, 94, 147, 38],
    [14, 21, 40, 71, 165, 32],
    [13, 24, 50, 82, 210, 42],
    [25, 27, 36, 92, 138, 29],
    [13, 37, 37, 96, 116, 27],
    [22, 21, 33, 86, 183, 24],
    [5, 18, 17, 90, 93, 33],
    [8, 22, 22, 69, 75, 17],
    [20, 47, 38, 147, 159, 24],
    [7, 31, 56, 88, 116, 27],
    [7, 27, 45, 59, 119, 29],
    [5, 36, 60, 48, 137, 32],
    [6, 40, 52, 64, 106, 36],
    [15, 36, 57, 56, 145, 39],
    [9, 27, 45, 61, 138, 40],
    [4, 22, 43, 25, 130, 29],
    [9, 11, 42, 21, 104, 36],
    [7, 20, 31, 31, 105, 28],
    [11, 24, 46, 60, 109, 33],
    [6, 32, 54, 80, 127, 36],
    [12, 30, 60, 81, 155, 31],
    [7, 37, 64, 88, 139, 28],
    [9, 26, 45, 69, 134, 36],
    [9, 38, 62, 110, 135, 50],
    [3, 22, 34, 42, 122, 23],
    [18, 26, 64, 82, 158, 46],
    [9, 27, 61, 34, 189, 32],
    [4, 47, 68, 68, 160, 31],
    [8, 22, 64, 91, 139, 27],
    [9, 27, 24, 37, 96, 31],
    [17, 35, 67, 58, 227, 54],
    [5, 15, 53, 52, 126, 21],
    [8, 20, 55, 51, 137, 24],
    [7, 18, 38, 42, 99, 30],
    [8, 24, 30, 93, 95, 32],
    [21, 49, 51, 83, 112, 19],
    [10, 18, 28, 99, 148, 33],
    [13, 20, 26, 67, 181, 31],
    [10, 18, 35, 56, 163, 38],
    [15, 16, 27, 111, 114, 27],
    [30, 28, 40, 133, 157, 25],
    [7, 21, 28, 77, 150, 25],
    [8, 15, 47, 58, 138, 38],
    [6, 14, 31, 46, 156, 17],
    [9, 14, 18, 72, 106, 41],
    [19, 22, 26, 72, 95, 22],
    [5, 19, 38, 79, 109, 22],
    [7, 33, 35, 91, 95, 30],
    [14, 61, 47, 47, 126, 35],
    [26, 56, 77, 94, 147, 58],
    [14, 50, 49, 98, 122, 22],
    [21, 71, 54, 115, 114, 44],
    [23, 71, 60, 101, 120, 27],
    [9, 31, 31, 98, 160, 36],
    [6, 35, 28, 105, 151, 32],
    [11, 31, 34, 126, 153, 47],
    [3, 29, 22, 98, 104, 20],
    [12, 15, 27, 61, 191, 30],
    [16, 26, 30, 103, 150, 44],
    [10, 18, 51, 76, 200, 28],
    [22, 21, 35, 75, 161, 34],
    [15, 16, 41, 42, 226, 31],
    [9, 24, 32, 90, 219, 40],
    [14, 32, 13, 52, 135, 32],
    [11, 20, 18, 134, 95, 28],
    [16, 25, 17, 77, 122, 20],
    [10, 32, 26, 61, 146, 18],
    [8, 26, 40, 61, 158, 42],
    [14, 30, 33, 81, 176, 34],
    [13, 32, 40, 108, 130, 27],
    [20, 31, 15, 81, 94, 20],
    [16, 33, 28, 87, 191, 28],
    [14, 42, 24, 101, 141, 40],
    [30, 45, 53, 106, 199, 32],
    [20, 43, 45, 67, 197, 39],
    [38, 45, 36, 126, 193, 47],
    [20, 19, 27, 78, 92, 14],
    [17, 17, 20, 65, 116, 29],
    [23, 18, 21, 83, 128, 22],
    [22, 30, 31, 59, 116, 16],
    [18, 23, 38, 92, 186, 37],
    [21, 35, 35, 80, 164, 32],
    [12, 21, 36, 85, 143, 29],
    [11, 29, 32, 85, 140, 35],
    [9, 13, 22, 113, 102, 20],
    [15, 43, 55, 71, 138, 28],
    [8, 37, 61, 54, 174, 30],
    [155, 411, 433, 1805, 1814, 458]
  ],
  "method": "mult",
  "cond_prob": [
    [
      [0.072858362662, 0.0058880118538, 0.31395500468, 0.60723060428, 6.8016529738e-05],
      [0.68242819754, 0.005648330923, 0.14871548204, 0.16234899709, 0.00085899241099],
      [0.081466674278, 0.72195138944, 0.016111368267, 0.154971611, 0.025498957015],
      [0.00080413826499, 0.00015102141624, 0.97258399985, 0.026459724312, 1.1161565574e-06],
      [0.0026569883399, 0.01420818545, 0.058622345608, 0.92260600419, 0.0019064764136],
      [0.054595744056, 0.10073795877, 0.33685265391, 0.4765889294, 0.03122471386]
    ],
    [
      [0.090463234135, 0.0056734755843, 0.25125712286, 0.65214079287, 0.00046537455275],
      [0.82951283343, 0.0045099459469, 0.057518275085, 0.10459311617, 0.0038658293731],
      [0.095880271184, 0.64010429046, 0.012945982387, 0.14063181997, 0.11043763599],
      [0.0045048848467, 0.00015193138124, 0.95279272299, 0.042537027342, 1.3433437502e-05],
      [0.0080804572185, 0.016063139992, 0.045764869505, 0.9203716943, 0.0097198389833],
      [0.062953761019, 0.086442764901, 0.25469866928, 0.46470352929, 0.13120127551]
    ],
    [
      [0.081046773771, 0.0078808290923, 0.33437760391, 0.57610098196, 0.00059381126232],
      [0.78111220913, 0.0065776578636, 0.087636648578, 0.11991536459, 0.0047581198387],
      [0.069709793542, 0.70281687407, 0.017399061117, 0.1037341482, 0.10634012307],
      [0.00068441765766, 5.2908658711e-05, 0.98688533363, 0.012262492877, 0.00011484717434],
      [0.0054465038648, 0.029247363943, 0.090779935394, 0.86154924216, 0.012976954638],
      [0.052948730404, 0.10868040063, 0.31001899404, 0.38424300842, 0.14410886651]
    ],
    [
      [0.099550638606, 0.0055673487789, 0.30970318571, 0.5851205965, 5.823040828e-05],
      [0.80794736988, 0.0050417334651, 0.075924912014, 0.11060134639, 0.00048463824514],
      [0.084391803018, 0.72868677229, 0.029628565007, 0.14473637461, 0.012556485079],
      [0.0039002017706, 0, 0.98644685755, 0.0096528326145, 1.0806862309e-07],
      [0.0090851087057, 0.025143437919, 0.069848401953, 0.8945765363, 0.0013465151226],
      [0.072027399576, 0.12979980134, 0.31358425628, 0.46513756374, 0.019450979066]
    ],
    [
      [0.049720199973, 0.0054432550556, 0.24659834697, 0.69792421853, 0.00031397946849],
      [0.55350780118, 0.008168956274, 0.15753332972, 0.27709340336, 0.0036965094644],
      [0.021221701836, 0.63266204868, 0.049315507494, 0.22510830539, 0.0716924366],
      [0.00066541974196, 0.00014245987127, 0.93696058912, 0.062227611796, 3.9194668168e-06],
      [0.0013154865869, 0.0098666899903, 0.018479457094, 0.96425280958, 0.0060855567439],
      [0.034139230004, 0.098749105761, 0.23601800983, 0.53236072577, 0.098732928634]
    ],
    [
      [0.097716416387, 0.007275676208, 0.30548226737, 0.58883017239, 0.00069546765297],
      [0.81269313744, 0.0061125302018, 0.068910449406, 0.1056342082, 0.0066496747534],
      [0.066221164003, 0.65425036196, 0.027965998254, 0.11712284573, 0.13443963005],
      [0.0020170366876, 0.0061473250619, 0.97695849388, 0.013183449477, 0.0016936948916],
      [0.0082209327299, 0.035594543261, 0.056989713762, 0.87750668269, 0.021688127558],
      [0.056227992794, 0.11668694124, 0.25027369892, 0.37213849782, 0.20467286923]
    ],
    [
      [0.10339841193, 0.0023679078153, 0.23739441698, 0.65676783439, 7.1428892553e-05],
      [0.7530354286, 0.0014001578856, 0.074935859042, 0.16983906983, 0.00078948464755],
      [0.12893678531, 0.50537487716, 0.058359883395, 0.26007899144, 0.047249462687],
      [0.00065743982657, 0, 0.96870242338, 0.030640136793, 0],
      [0.0035747225316, 0.0068262065125, 0.034353165268, 0.95305498183, 0.0021909238578],
      [0.074098733308, 0.073314006851, 0.25009570917, 0.54638700646, 0.056104544206]
    ],
    [
      [0.086449442008, 0.0046348754761, 0.22155023131, 0.68711202282, 0.00025342838697],
      [0.75977139604, 0.0057756426898, 0.067753715168, 0.16155677633, 0.00514246978],
      [0.071743501007, 0.61220175186, 0.018100346166, 0.17899676212, 0.11895763885],
      [0.0024295173382, 0.00050576148732, 0.96174166958, 0.035130200613, 0.00019285097942],
      [0.0034597915394, 0.019638407867, 0.027352484052, 0.93677587451, 0.012773442036],
      [0.054260100536, 0.096803632536, 0.19748540708, 0.48942253718, 0.16202832267]
    ],
    [
      [0.12273328032, 0.0034923370782, 0.20948621469, 0.66393134119, 0.00035682672723],
      [0.90803048247, 0.00096489313851, 0.028848251474, 0.059307139865, 0.002849233052],
      [0.13831334984, 0.48464508712, 0.024165427767, 0.24283881851, 0.11003731676],
      [0.0051624193005, 0.00048423956265, 0.90933962455, 0.084935528125, 7.8188460824e-05],
      [0.014390358492, 0.0069202820278, 0.011359666305, 0.95986873304, 0.0074609601344],
      [0.083449647438, 0.067515253428, 0.19831765202, 0.51928565942, 0.1314317877]
    ],
    [
      [0.073924556673, 0.010141726745, 0.2079259761, 0.70679321741, 0.0012145230699],
      [0.72973831183, 0.01061392165, 0.07035131653, 0.18132634826, 0.007970101728],
      [0.044596305246, 0.71652868069, 0.0067385561825, 0.10552073336, 0.12661572452],
      [0.0012960167536, 0.0066109024746, 0.93009476417, 0.060514328326, 0.001483988281],
      [0.002126793003, 0.038245144138, 0.016662624591, 0.92367694457, 0.019288493701],
      [0.044180044167, 0.13106729327, 0.17362672272, 0.44915622325, 0.2019697166]
    ],
    [
      [0.077992700986, 0.003128259322, 0.37095442527, 0.54789669966, 2.7914757124e-05],
      [0.75741975521, 0.0018168762856, 0.081917667106, 0.15581219868, 0.0030335027145],
      [0.079506622018, 0.54129899659, 0.047062177787, 0.24551231237, 0.086619891239],
      [0.0006791689489, 0, 0.97930251625, 0.020018314802, 0],
      [0.0023744489096, 0.0076021514028, 0.044761962792, 0.93974115945, 0.0055202774442],
      [0.054246750865, 0.07748395176, 0.24180097745, 0.5208354576, 0.10563286233]
    ],
    [
      [0.086953030096, 0.0072096552234, 0.28227219069, 0.62281202912, 0.00075309486855],
      [0.74378335809, 0.0076076796657, 0.089727175513, 0.15313599032, 0.0057457964165],
      [0.069286641134, 0.65480708757, 0.016619920498, 0.13470964404, 0.12457670675],
      [0.0014876386383, 0.0027859472644, 0.97406655014, 0.020994078627, 0.00066578532582],
      [0.0039685737677, 0.026793756352, 0.052746430056, 0.90076392947, 0.015727310359],
      [0.053971674611, 0.10646381348, 0.242383255, 0.4209863051, 0.17619495181]
    ],
    [
      [0.083933688389, 0.0099067218603, 0.28684467328, 0.61903746451, 0.0002774519609],
      [0.67092767436, 0.038566239484, 0.11322586051, 0.17530621332, 0.0019740123314],
      [0.05874556876, 0.76955615273, 0.015218870601, 0.11676410779, 0.039715300127],
      [0.00084583512906, 0.0018204842773, 0.97306541775, 0.02404992313, 0.000218339709],
      [0.0030749184444, 0.03250166138, 0.049044594815, 0.90984035704, 0.0055384683191],
      [0.054557827543, 0.14910092197, 0.27463374419, 0.45539396457, 0.06631354172]
    ],
    [
      [0.073696378743, 0.0089107209083, 0.21432968852, 0.70262167396, 0.00044153786772],
      [0.74252871159, 0.0086352520892, 0.072250101521, 0.17322278308, 0.0033631517202],
      [0.060247461767, 0.75053112206, 0.0090777657267, 0.11508268252, 0.065060967932],
      [0.0020248405052, 0.0034548768734, 0.93399138756, 0.060246237398, 0.00028265766458],
      [0.0021475037138, 0.029617818526, 0.02270315863, 0.93805943133, 0.0074720878044],
      [0.051261709286, 0.1307465257, 0.20791629551, 0.51086932735, 0.099206142153]
    ],
    [
      [0.10138788488, 0.0074233866556, 0.2845746052, 0.6060273844, 0.00058673886551],
      [0.81470792419, 0.0057783802697, 0.077475862209, 0.097927978955, 0.0041098543736],
      [0.087082895717, 0.69099067302, 0.016673540346, 0.096399530014, 0.1088533609],
      [0.00081088200086, 0, 0.99023481353, 0.0089421147558, 1.218971136e-05],
      [0.012312620319, 0.028091544728, 0.091867708846, 0.85431610051, 0.0134120256],
      [0.064541080098, 0.10604597335, 0.31012973114, 0.37309635671, 0.14618685869]
    ],
    [
      [0.059252198146, 0.0041848145871, 0.29264137328, 0.64372752705, 0.00019408693699],
      [0.56248486122, 0.0030512156574, 0.20368858996, 0.22767939578, 0.0030959373728],
      [0.059272845741, 0.58516000383, 0.053710160949, 0.21975906839, 0.082097921089],
      [0.00055989061755, 0, 0.96140336487, 0.03803674451, 0],
      [0.0017924220521, 0.0084753669597, 0.037672394818, 0.94642902664, 0.0056307895276],
      [0.039661691475, 0.081777772504, 0.28434321801, 0.49410712955, 0.10011018846]
    ],
    [
      [0.098377259539, 0.0051750957263, 0.27998304592, 0.61604007327, 0.00042452554523],
      [0.75140455361, 0.0042767465532, 0.090546221227, 0.15037074044, 0.0034017381695],
      [0.098221000351, 0.59405217844, 0.019679626208, 0.18024930323, 0.10779789177],
      [0.001484922311, 0.00018658430192, 0.95693389703, 0.041379982479, 1.4613878443e-05],
      [0.0075783377024, 0.013039617604, 0.040581892223, 0.92908834688, 0.0097118055855],
      [0.065033479237, 0.084199213561, 0.26145988172, 0.45643315133, 0.13287427415]
    ],
    [
      [0.12425221802, 0.004941105488, 0.26468963431, 0.60593894325, 0.00017809892385],
      [0.8279916068, 0.0037269090136, 0.060744448732, 0.10459417817, 0.002942857283],
      [0.092152539625, 0.63740077519, 0.036346576903, 0.15630744969, 0.077792658593],
      [0.007601289311, 0.00031883291462, 0.96609048727, 0.025989390502, 0],
      [0.013210255679, 0.025553334921, 0.040011888851, 0.91086211959, 0.010362400963],
      [0.077801826882, 0.1171552046, 0.24338312429, 0.43761920205, 0.12404064218]
    ],
    [
      [0.10948248917, 0.0031632325473, 0.2529436492, 0.63435194321, 5.8685872345e-05],
      [0.79617128089, 0.00059466922574, 0.066621227643, 0.13362386166, 0.0029889605818],
      [0.10510215477, 0.52297185146, 0.038709990209, 0.22645386039, 0.10676214317],
      [0.00057440629254, 0, 0.97850523638, 0.020920357324, 0],
      [0.0079253925067, 0.0093535254664, 0.037601287047, 0.93654620169, 0.0085735932906],
      [0.070013425782, 0.079827532989, 0.22352791878, 0.48544721835, 0.1411839041]
    ],
    [
      [0.095108508667, 0.0062585519411, 0.2009345564, 0.69722854143, 0.00046984155745],
      [0.72212862342, 0.013224130996, 0.06167451572, 0.19391225475, 0.0090604751119],
      [0.041963339248, 0.67355858991, 0.010452985538, 0.13353209332, 0.14049299199],
      [0.0010911125224, 0.0054418302925, 0.96053365125, 0.031279886835, 0.0016535191036],
      [0.0028665969519, 0.040580646983, 0.015082476996, 0.91598333876, 0.025486940309],
      [0.048904046096, 0.13307395748, 0.15549846599, 0.42281057952, 0.23971295092]
    ],
    [
      [0.11489878072, 0.0062446474073, 0.2491985521, 0.62917978618, 0.00047823360106],
      [0.75301411833, 0.012570964466, 0.075349024167, 0.1514130369, 0.0076528561351],
      [0.067210379455, 0.65456109231, 0.020332240359, 0.12302719923, 0.13486908865],
      [0.0012538867502, 0.0071421911117, 0.96994203264, 0.01962096487, 0.0020409246238],
      [0.0042667361795, 0.041117124402, 0.030432834837, 0.89992705812, 0.024256246465],
      [0.060071668434, 0.12797225887, 0.19809446222, 0.39230487597, 0.2215567345]
    ],
    [
      [0.13440870088, 0.009469171826, 0.17254557262, 0.68261675993, 0.00095979474723],
      [0.83486986023, 0.0084401901714, 0.036651967214, 0.11533490601, 0.0047030763712],
      [0.087138767143, 0.67174203805, 0.0034700454906, 0.13689656929, 0.10075258003],
      [0.025615920482, 0.0056450226886, 0.89275323967, 0.075055811761, 0.00093000540103],
      [0.0098935392932, 0.038954711226, 0.0083671824895, 0.92682365992, 0.015960907076],
      [0.079297180685, 0.13590423101, 0.14582384912, 0.46700080485, 0.17197393433]
    ],
    [
      [0.12634251285, 0.013181096178, 0.18900021215, 0.66962539466, 0.0018507841652],
      [0.84240857058, 0.010833961515, 0.043534901716, 0.094909817486, 0.0083127487057],
      [0.066792669671, 0.73083656411, 0.0028185735133, 0.059462183942, 0.14009000877],
      [0.010600960389, 0.012898740877, 0.91967120864, 0.053425232892, 0.0034038572026],
      [0.013133116777, 0.062790061437, 0.013421388868, 0.88003152953, 0.030623903391],
      [0.066329678613, 0.15623390292, 0.15111561363, 0.37579294544, 0.25052785939]
    ],
    [
      [0.11546397826, 0.0067093399424, 0.12927060535, 0.74820042024, 0.00035565620352],
      [0.82694483076, 0.0074471705604, 0.031228921424, 0.12811252024, 0.006266557022],
      [0.07117655996, 0.65517657084, 0.0019881361218, 0.14801189669, 0.12364683639],
      [0.0076574766986, 0.0026211817106, 0.89436049994, 0.094784470916, 0.00057637073636],
      [0.0033903713695, 0.032651370827, 0.0047392166524, 0.94035044472, 0.018868596436],
      [0.091468294363, 0.14919050316, 0.059837268646, 0.48996695622, 0.20953697762]
    ],
    [
      [0.12992892719, 0.0095136292148, 0.29230408993, 0.56713660921, 0.0011167444568],
      [0.91164000651, 0.0070851900214, 0.028122606811, 0.049881386971, 0.0032708096822],
      [0.066921632109, 0.72045816972, 0.012523819848, 0.081289677435, 0.11880670089],
      [0.005344748522, 0.0061295585333, 0.97311999936, 0.014098361165, 0.0013073324212],
      [0.013760399017, 0.070004977278, 0.018013177135, 0.87115829757, 0.027063149001],
      [0.068015828285, 0.17133218757, 0.14513954649, 0.38989945213, 0.22561298553]
    ],
    [
      [0.14227103331, 0.0066799836401, 0.15717985747, 0.69312256463, 0.00074656095157],
      [0.88625919782, 0.003597006202, 0.030301146088, 0.075460041301, 0.0043826085888],
      [0.1089680465, 0.5949867979, 0.0037222716226, 0.16557775246, 0.12674513152],
      [0.030381241918, 0.0014389070525, 0.89166576198, 0.076131854551, 0.00038223449508],
      [0.014619272172, 0.023838910423, 0.0075253013206, 0.93820970558, 0.015806810504],
      [0.086573831836, 0.10317919795, 0.13380472841, 0.48692586851, 0.1895163733]
    ],
    [
      [0.13414931986, 0.0080002579234, 0.23476888412, 0.62234108503, 0.00074045306118],
      [0.85868974413, 0.0062705108498, 0.046445140174, 0.083751399396, 0.0048432054496],
      [0.08480393123, 0.6774235315, 0.014936463927, 0.11685368134, 0.105982392],
      [0.0093277595702, 0.0068834257902, 0.95103484884, 0.031424609562, 0.0013293562342],
      [0.017226512167, 0.043010957024, 0.02839192594, 0.89307549592, 0.018295108954],
      [0.078105072286, 0.13632795728, 0.19572638521, 0.41024968209, 0.17959090313]
    ],
    [
      [0.090250931128, 0.0047268759808, 0.49209406974, 0.41265346036, 0.0002746627837],
      [0.73955229946, 0.0036713982065, 0.1049194739, 0.1465101148, 0.0053467136331],
      [0.063371301891, 0.59731728291, 0.048062859855, 0.15509617816, 0.13615237719],
      [0, 0, 0.99503864098, 0.004738006086, 0.0002233529296],
      [0.0036203109386, 0.023601496067, 0.065296316497, 0.88888309426, 0.018598782236],
      [0.053083084424, 0.10004529789, 0.25552484752, 0.39426023571, 0.19708653446]
    ],
    [
      [0.08055257926, 0.0034796787535, 0.35837360486, 0.55747394302, 0.00012019410791],
      [0.71924059504, 0.0020420854924, 0.096554614213, 0.17691933008, 0.0052433751722],
      [0.058429123678, 0.54521859098, 0.050452503143, 0.20991282005, 0.13598696215],
      [0.00027286895409, 0, 0.98284099938, 0.016886131667, 0],
      [0.0026413757658, 0.010408693611, 0.050604106007, 0.92314577657, 0.013200048051],
      [0.048996391874, 0.082919945866, 0.23619260471, 0.45008359824, 0.18180745931]
    ],
    [
      [0.10883526776, 0.0042873456484, 0.26596748789, 0.62073521691, 0.00017468179328],
      [0.77904314571, 0.0024612275615, 0.077248474852, 0.13710061625, 0.0041465356274],
      [0.082905556194, 0.58579614971, 0.041280027905, 0.17685114198, 0.11316712421],
      [0.0012243535367, 0, 0.98531513973, 0.013460506738, 0],
      [0.0084303064449, 0.018753386543, 0.045581964258, 0.91352787887, 0.013706463881],
      [0.065287336821, 0.099330316056, 0.23551738934, 0.43209849419, 0.16776646359]
    ],
    [
      [0.10583562426, 0.0084754819808, 0.23056239001, 0.65480427572, 0.00032222803566],
      [0.80320693225, 0.0086748615492, 0.059447464572, 0.12640380181, 0.0022669398203],
      [0.070801645613, 0.74172682531, 0.013234938314, 0.12787969859, 0.046356892178],
      [0.0049299551575, 0.0054623250671, 0.94842712585, 0.040882043018, 0.00029855091214],
      [0.00866495849, 0.040250144115, 0.027172607799, 0.91718248606, 0.0067298035354],
      [0.068798715197, 0.15416798283, 0.21392030718, 0.48173228152, 0.081380713268]
    ],
    [
      [0.12415473728, 0.0053789766938, 0.27241141352, 0.59773961524, 0.00031525726781],
      [0.82266104796, 0.0058110341022, 0.063023175859, 0.10334077922, 0.0051639628583],
      [0.088327857306, 0.61368005923, 0.032279935209, 0.14016739642, 0.12554475184],
      [0.0075935978816, 0.0030431690204, 0.96447520219, 0.024076915776, 0.00081111513558],
      [0.012538899546, 0.029017272551, 0.040038774495, 0.89973527047, 0.018669782935],
      [0.072342263664, 0.1086105171, 0.23309107631, 0.39780586051, 0.18815028241]
    ],
    [
      [0.13381029578, 0.0092556110211, 0.17899537094, 0.67698155659, 0.00095716566563],
      [0.87425526226, 0.0063338996729, 0.03552701009, 0.07858891499, 0.0052949129876],
      [0.085489500681, 0.6877044433, 0.0043261375345, 0.10569721164, 0.11678270684],
      [0.020918813407, 0.00575409925, 0.90270601295, 0.069462149934, 0.0011589244573],
      [0.014609635361, 0.04194960713, 0.0100523428, 0.91438965765, 0.018998757058],
      [0.078145419246, 0.13440922015, 0.14757794015, 0.44232371627, 0.19754370419]
    ],
    [
      [0.14703736677, 0.0048416372191, 0.24482152372, 0.60308112495, 0.00021834734336],
      [0.91927941685, 0.0025730679626, 0.029290736028, 0.047486725631, 0.0013700535328],
      [0.11585228416, 0.64678876915, 0.027764514799, 0.16504014764, 0.044554284239],
      [0.010773418567, 0, 0.96794574836, 0.021280833074, 0],
      [0.022602304804, 0.024117558276, 0.038090771908, 0.91006290525, 0.0051264597645],
      [0.099628954176, 0.12262815934, 0.2318441557, 0.47418148031, 0.071717250475]
    ],
    [
      [0.10833689502, 0.0061523465223, 0.26893169207, 0.61618348937, 0.00039557701923],
      [0.81836120249, 0.0054239992066, 0.049613157465, 0.12068823272, 0.0059134081255],
      [0.06785548215, 0.65894147099, 0.011899901439, 0.13825643455, 0.12304671087],
      [0.0042858182366, 0.0024218733701, 0.97137989141, 0.0213850986, 0.00052731838258],
      [0.0087629957943, 0.038952752653, 0.014932193748, 0.91808337314, 0.019268684667],
      [0.062128345045, 0.12994803833, 0.14578326893, 0.45366477903, 0.20847556866]
    ],
    [
      [0.1068894022, 0.004137428328, 0.32974983214, 0.55904412476, 0.00017921257699],
      [0.75249404702, 0.0029403735944, 0.071241622112, 0.16922599572, 0.0040979615593],
      [0.08078372431, 0.57697316085, 0.027615908595, 0.20234967137, 0.11227753488],
      [0, 0, 0.97744186536, 0.022558134635, 0],
      [0.0046301935306, 0.016109225228, 0.029860110313, 0.93684246918, 0.012558001749],
      [0.063583805271, 0.097858121088, 0.20035800493, 0.4716669621, 0.16653310661]
    ],
    [
      [0.097485429829, 0.0050034517753, 0.25138930816, 0.64575841837, 0.00036339186576],
      [0.81033782899, 0.0037706573647, 0.061912714786, 0.11984017422, 0.0041386246403],
      [0.070629074282, 0.64037185929, 0.031076207917, 0.17127722306, 0.086645635451],
      [0.0036995508476, 0.0011915865715, 0.95643038645, 0.038557870779, 0.00012060534755],
      [0.0063847662889, 0.025921970696, 0.032697257302, 0.92347569, 0.011520315708],
      [0.061047478824, 0.11783817127, 0.22436461372, 0.45791923678, 0.13883049941]
    ],
    [
      [0.11528411247, 0.0030984161982, 0.40639073749, 0.47522251462, 4.2192200755e-06],
      [0.80095071804, 0.00018045842228, 0.070302749737, 0.12808038633, 0.00048568746605],
      [0.12061211972, 0.6068548987, 0.03346839968, 0.21100858323, 0.028055998671],
      [0.0009584114432, 0, 0.9850968392, 0.013944749357, 0],
      [0.013853392382, 0.0093301376137, 0.05156672642, 0.92354267393, 0.0017070696576],
      [0.099248252747, 0.080871970877, 0.26587350776, 0.51692156506, 0.037084703555]
    ],
    [
      [0.12509276181, 0.006200068456, 0.35984259502, 0.50819969242, 0.00066488229497],
      [0.85377480245, 0.0049919897319, 0.054447938742, 0.081242050113, 0.0055432189585],
      [0.081251087859, 0.62337092282, 0.01802218567, 0.11954497586, 0.15781082779],
      [0.0044879365243, 0.0030892423907, 0.97841989269, 0.012873189092, 0.001129739305],
      [0.015698476239, 0.037863824792, 0.033196866265, 0.88706575408, 0.02617507862],
      [0.068956067629, 0.11444005704, 0.17565683649, 0.39624164719, 0.24470539165]
    ],
    [
      [0.11405781246, 0.004395472992, 0.37606669769, 0.50545380545, 2.6211413008e-05],
      [0.88868946201, 0.0021079087351, 0.050199518611, 0.058213078331, 0.00079003231005],
      [0.090103219241, 0.64881595862, 0.038158760335, 0.2031221955, 0.01979986631],
      [0.0021056600483, 0, 0.98059664039, 0.017297699563, 0],
      [0.012196930985, 0.015438494212, 0.041834509318, 0.92860381214, 0.0019262533454],
      [0.079885274336, 0.12447180603, 0.24200409335, 0.52049989189, 0.033138934397]
    ],
    [
      [0.089604653889, 0.0044795735692, 0.21265717509, 0.69315309814, 0.00010549930944],
      [0.7788898907, 0.003075802282, 0.063210750735, 0.15145615243, 0.0033674038558],
      [0.067325619868, 0.62858091801, 0.02296145218, 0.20778101257, 0.07335099737],
      [0.0016760499089, 0, 0.97259126519, 0.025732684902, 0],
      [0.0038359172611, 0.018854477353, 0.025051514977, 0.94424801087, 0.0080100795411],
      [0.057977360503, 0.11448472825, 0.19739315159, 0.51347300233, 0.11667175733]
    ],
    [
      [0.095830077125, 0.0077729333374, 0.2329838771, 0.66311537069, 0.0002977417416],
      [0.77560421163, 0.0078164988614, 0.066354272522, 0.14601549065, 0.0042095263395],
      [0.055565950733, 0.74735425983, 0.013463615904, 0.11228585551, 0.071330318024],
      [0.0024231387264, 0.0075918982566, 0.97074741704, 0.01841997293, 0.00081757304682],
      [0.0045064888615, 0.051882703284, 0.029314218932, 0.9017848285, 0.012511760422],
      [0.056963109971, 0.16500610872, 0.19965397869, 0.44709047266, 0.13128632997]
    ],
    [
      [0.075774122813, 0.0095526440633, 0.29077369161, 0.62319333577, 0.00070620574842],
      [0.69847589384, 0.012064468839, 0.1167386078, 0.16743600266, 0.0052850268704],
      [0.052093125848, 0.73441769804, 0.014341386087, 0.10642129001, 0.092726500015],
      [0.00088597773414, 0.0038690037381, 0.96943902613, 0.024703486865, 0.0011025055353],
      [0.0026730051907, 0.034003485404, 0.049884173333, 0.89945845612, 0.013980879949],
      [0.022851886486, 0.15660475604, 0.26703176253, 0.40804290436, 0.14546869058]
    ],
    [
      [0.15036453207, 0.0075844601445, 0.21413624042, 0.62685301604, 0.0010617513214],
      [0.8188899263, 0.0075880961723, 0.048184874514, 0.12031089993, 0.0050262030788],
      [0.10906025892, 0.60851533833, 0.010511918254, 0.14117033194, 0.13074215255],
      [0.016575107885, 0.004400638759, 0.91601939303, 0.061984509159, 0.0010203511694],
      [0.019238194398, 0.027091793889, 0.0098820842093, 0.92490001841, 0.018887909096],
      [0.085487026607, 0.10711018089, 0.18260890612, 0.42145522714, 0.20333865924]
    ],
    [
      [0.07070509235, 0.0034201463544, 0.28131463637, 0.64446365606, 9.6468872833e-05],
      [0.73631340841, 0.0034194442038, 0.09194368083, 0.16349872545, 0.0048247411119],
      [0.080849539968, 0.5103622352, 0.03614204534, 0.23532900066, 0.13731717883],
      [0.00070359047719, 0, 0.97079259413, 0.028503815394, 0],
      [0.0021960255541, 0.0060425590803, 0.054790105203, 0.92845236642, 0.0085189437379],
      [0.041844041419, 0.05211537004, 0.28189356737, 0.4784953457, 0.14565167548]
    ],
    [
      [0.075161732154, 0.0050968277535, 0.22095867143, 0.69848305327, 0.00029971539199],
      [0.74974015554, 0.0055488657361, 0.072394390554, 0.16772047895, 0.0045961092185],
      [0.073089215825, 0.62509822449, 0.014729134985, 0.17682754355, 0.11025588116],
      [0.0019061311848, 0, 0.96336585376, 0.03472801505, 0],
      [0.0022666938126, 0.01533737157, 0.029553251522, 0.94327497291, 0.0095677101863],
      [0.051283625495, 0.090133736571, 0.20651745881, 0.51316927391, 0.13889590522]
    ],
    [
      [0.053086188836, 0.0045907505813, 0.20720948748, 0.7346264376, 0.00048713549746],
      [0.64374483287, 0.0077622209456, 0.08619077763, 0.2507727752, 0.011529393352],
      [0.033739080534, 0.57040482476, 0.015757445743, 0.18580817124, 0.19429047772],
      [0.00083242400846, 0, 0.95371215005, 0.044684343083, 0.00077108285943],
      [0.0013406560292, 0.012217175267, 0.018853993371, 0.94595740301, 0.021630772322],
      [0.01146633221, 0.10154747584, 0.1669441896, 0.47218841509, 0.24785358726]
    ],
    [
      [0.076644296049, 0.0035178238444, 0.26836017781, 0.65140524293, 7.2459367824e-05],
      [0.76642006913, 0.0031210334124, 0.075045037235, 0.15442261154, 0.00099124868572],
      [0.094732725564, 0.55707772137, 0.065395929471, 0.2510751149, 0.031718508689],
      [0.0010354311048, 0.00027553388627, 0.93513233541, 0.063553224669, 3.4749266986e-06],
      [0.0028767385876, 0.006765211392, 0.031111941954, 0.95785333042, 0.0013927776475],
      [0.058775918941, 0.076088121134, 0.28376800103, 0.54553495788, 0.035833001008]
    ],
    [
      [0.10886232839, 0.0065702366671, 0.29823093759, 0.58585321705, 0.00048328030444],
      [0.82733306537, 0.0045921992665, 0.064434584974, 0.10019788418, 0.0034422662063],
      [0.09737948652, 0.64222887838, 0.018277429873, 0.14476018226, 0.097354022967],
      [0.0072391655778, 0.00058375013831, 0.97189143644, 0.020282872309, 2.7755388253e-06],
      [0.012159070939, 0.021705124601, 0.060226190664, 0.89510112609, 0.010808487708],
      [0.072073667918, 0.099992514183, 0.27202933272, 0.42399826512, 0.13190622006]
    ],
    [
      [0.071560442399, 0.0055851554411, 0.20923946589, 0.71325299779, 0.00036193847967],
      [0.72371911148, 0.0055539583642, 0.070769009418, 0.19657266798, 0.0033852527591],
      [0.058951668422, 0.63448795647, 0.01812088262, 0.20648871247, 0.081950780017],
      [0.0013074529549, 0.00035164438831, 0.91556286316, 0.082758211017, 1.9828481622e-05],
      [0.0019734006119, 0.011640335025, 0.013313340826, 0.96643534873, 0.0066375748025],
      [0.050145795081, 0.09221924534, 0.20185792962, 0.55039337921, 0.10538365075]
    ],
    [
      [0.073873696944, 0.0028076736569, 0.20001914164, 0.72318566202, 0.00011382574214],
      [0.75538313133, 0.0031113011076, 0.065140406963, 0.17005456085, 0.006310599753],
      [0.063787955791, 0.47679775171, 0.03760641533, 0.26794179729, 0.15386607988],
      [0.0012518480367, 0, 0.93711657879, 0.061631573169, 0],
      [0.0019097210675, 0.0071191516302, 0.01175409429, 0.96781654948, 0.011400483534],
      [0.045896864181, 0.066813995759, 0.17580033315, 0.52466096702, 0.18682783989]
    ],
    [
      [0.039280188455, 0.0041657137518, 0.15743801762, 0.79889552713, 0.00022055304107],
      [0.56118727757, 0.0058596899608, 0.077003083817, 0.3525321895, 0.0034177591484],
      [0.018223791461, 0.5381169082, 0.015256229605, 0.36104109929, 0.067361971441],
      [0.00085513065143, 0.00023302825807, 0.86646196575, 0.13063161355, 0.0018182617893],
      [0.0008253114556, 0.0056700363055, 0.005915710492, 0.98502076607, 0.0025681756761],
      [0.010274991233, 0.077417702372, 0.16025202011, 0.67097696327, 0.081078323014]
    ],
    [
      [0.04966576405, 0.0050652089649, 0.22233711367, 0.72257826197, 0.00035365135155],
      [0.63844979491, 0.006538045007, 0.095169170282, 0.25537358119, 0.0044694086101],
      [0.049558919846, 0.62417092908, 0.015423499876, 0.21753680791, 0.093309843294],
      [0.00079512179546, 0.0004014787389, 0.90466329954, 0.094081691537, 5.8408385747e-05],
      [0.0012602819632, 0.007591181302, 0.010719699209, 0.97357172336, 0.0068571141698],
      [0.012971019031, 0.092542245819, 0.22236411981, 0.56179069505, 0.1103319203]
    ],
    [
      [0.088627071149, 0.0047701737635, 0.26172256303, 0.64438623786, 0.00049395420072],
      [0.74368618285, 0.0044356090955, 0.083965602315, 0.16337667926, 0.0045359264786],
      [0.083932999402, 0.57186153725, 0.025769034996, 0.19141466115, 0.1270217672],
      [0.0012494643432, 0.00014516576761, 0.9531089367, 0.045483486879, 1.2946311144e-05],
      [0.0044414233029, 0.012121467133, 0.038365003188, 0.93348546777, 0.011586638608],
      [0.057310681571, 0.080972364409, 0.23825065438, 0.46498467517, 0.15848162446]
    ],
    [
      [0.084501427992, 0.0048978763133, 0.24086298429, 0.66844532276, 0.0012923886399],
      [0.75725597727, 0.0046110545972, 0.069983367389, 0.15792095693, 0.01022864382],
      [0.069802153504, 0.48954704011, 0.023474941385, 0.19035250843, 0.22682335657],
      [0.0020903125171, 0.0008612680877, 0.92942304762, 0.066196644801, 0.0014287269706],
      [0.0030245171371, 0.015624891374, 0.018769044191, 0.93610263046, 0.026478916835],
      [0.047379109182, 0.068816350829, 0.18653212484, 0.41632537385, 0.2809470413]
    ],
    [
      [0.11061637429, 0.0066003093021, 0.2857290894, 0.59684832403, 0.00020590298127],
      [0.77563068802, 0.0056117787458, 0.0866625386, 0.13064674704, 0.0014482475959],
      [0.09212596981, 0.66958898915, 0.034110126858, 0.15987622717, 0.044298687009],
      [0.0024597253345, 8.3382683826e-05, 0.96930974168, 0.028146119743, 1.0305611863e-06],
      [0.0099988986914, 0.019908303491, 0.044522065629, 0.92099581692, 0.0045749152666],
      [0.074391111697, 0.11447059533, 0.28364651443, 0.46197172081, 0.065520057725]
    ],
    [
      [0.17069673365, 0.011861616165, 0.18346267767, 0.63187006926, 0.0021089032452],
      [0.82144512148, 0.018109427094, 0.034145443048, 0.11688996549, 0.0094100428848],
      [0.090524733198, 0.67978263305, 0.0024343033525, 0.075348347081, 0.15190998332],
      [0.010009945953, 0.0072995247643, 0.93875714771, 0.041678909319, 0.0022544722515],
      [0.021980172868, 0.051997291158, 0.0098973794492, 0.88519604653, 0.030929109998],
      [0.085927474772, 0.13956406337, 0.13901664217, 0.37110137778, 0.26439044191]
    ],
    [
      [0.14898371464, 0.006754521819, 0.23670288537, 0.60662730032, 0.00093157785601],
      [0.82553435826, 0.0090182542382, 0.053979807951, 0.10402500215, 0.0074425773994],
      [0.09681192027, 0.60071918435, 0.019133451304, 0.12525580944, 0.15807963463],
      [0.010818304959, 0.0052648967867, 0.95466005099, 0.027191640956, 0.0020651063095],
      [0.018698432061, 0.034809849928, 0.025764795298, 0.89345578649, 0.027271136224],
      [0.080627436497, 0.11124197867, 0.18662259108, 0.37695823932, 0.24454975443]
    ],
    [
      [0.13630213152, 0.0064530521104, 0.26050722804, 0.59615126786, 0.00058632047953],
      [0.80224873168, 0.0056125780409, 0.070316467186, 0.11809480128, 0.0037274218163],
      [0.10779841781, 0.60490508654, 0.026302697074, 0.14951006765, 0.11148373092],
      [0.010013356018, 0.00021090525707, 0.95982912069, 0.029946618039, 0],
      [0.015632346851, 0.022426807012, 0.035830805788, 0.91186330391, 0.014246736437],
      [0.082216177116, 0.10145181624, 0.23243777991, 0.42004805574, 0.163846171]
    ],
    [
      [0.13236572167, 0.0028425994116, 0.31494752218, 0.54984415674, 0],
      [0.77964032692, 0.0017569285145, 0.10627125512, 0.11091632875, 0.0014151606963],
      [0.13276189358, 0.53546068961, 0.056590414027, 0.16179540846, 0.11339159432],
      [0, 0, 0.99842017174, 0.0015798282639, 0],
      [0.016531921182, 0.011635762904, 0.055492508793, 0.90524323164, 0.011096575486],
      [0.086638076493, 0.081232029038, 0.28728397298, 0.39686028757, 0.14798563391]
    ],
    [
      [0.16188137466, 0.0091861353602, 0.249389347, 0.57848392382, 0.0010592191649],
      [0.81129232886, 0.011289688366, 0.06500503478, 0.10748372613, 0.0049292218673],
      [0.1080259147, 0.64898498353, 0.014471689029, 0.11164765655, 0.1168697562],
      [0.014580048834, 0.0056528527695, 0.95018598258, 0.028486275002, 0.0010948408147],
      [0.019054821708, 0.03482499746, 0.026107573152, 0.90057380576, 0.019438801918],
      [0.09015757833, 0.12215237689, 0.21032196996, 0.3858776051, 0.19149046971]
    ],
    [
      [0.11204796063, 0.0057253493293, 0.23737067843, 0.6439961509, 0.00085986070837],
      [0.82532195882, 0.0043286132839, 0.054049083834, 0.1108210124, 0.0054793316612],
      [0.10093542084, 0.57489855366, 0.010729359105, 0.15570097811, 0.15773568829],
      [0.0077864193141, 0.00098524165913, 0.93744067574, 0.05319032404, 0.00059733924241],
      [0.012583694322, 0.018150880236, 0.02852937978, 0.92368821647, 0.017047829192],
      [0.069475816682, 0.083103754454, 0.20615681042, 0.44275240403, 0.19851121441]
    ],
    [
      [0.072933426062, 0.0034278450199, 0.25761955212, 0.66581022441, 0.0002089523905],
      [0.65439594408, 0.0014437894217, 0.13335697972, 0.20846376137, 0.0023395254106],
      [0.091983814148, 0.5072260251, 0.036374221978, 0.27614909545, 0.088266843324],
      [0.00089302131784, 3.3891637629e-05, 0.94986359409, 0.049209492954, 0],
      [0.0022813970974, 0.0051809170489, 0.031002387364, 0.95778403493, 0.0037512635624],
      [0.051398012644, 0.029396703154, 0.2922272597, 0.53701082184, 0.089967202665]
    ],
    [
      [0.072234844422, 0.0052791843513, 0.27676639954, 0.64538709651, 0.00033247517278],
      [0.70273882197, 0.0052586068426, 0.10201536625, 0.18668544293, 0.0033017620082],
      [0.072258351616, 0.61566894384, 0.026418165231, 0.19972603115, 0.085928508165],
      [0.0009091677998, 0.00014858250317, 0.95386947484, 0.045064097177, 8.6776753377e-06],
      [0.0023122376835, 0.011008278698, 0.041859873041, 0.9380072303, 0.0068123802752],
      [0.031817058872, 0.088152766667, 0.28303747293, 0.49211969506, 0.10487300647]
    ],
    [
      [0.13032771289, 0.0048573411213, 0.2769668649, 0.58740939639, 0.00043868470248],
      [0.85079701922, 0.0023966150058, 0.052792087466, 0.091370164615, 0.0026441136966],
      [0.13715717063, 0.56071589645, 0.017626515646, 0.17558605471, 0.10891436257],
      [0.0097186105659, 0.00020111841729, 0.95329093535, 0.036766000953, 2.3334712979e-05],
      [0.021345942935, 0.010018527946, 0.043378715735, 0.91621443795, 0.009042375438],
      [0.087302182477, 0.075926995417, 0.26582237119, 0.44178870968, 0.12915974124]
    ],
    [
      [0.073875363621, 0.0055738204877, 0.18086406109, 0.7394927858, 0.00019396899451],
      [0.78077093686, 0.0051833747147, 0.058914698738, 0.15306715456, 0.0020638351255],
