{
  "X": [
    [79, 42, 141, 135, 353, 639, 1172, 5],
    [13, 15, 44, 14, 79, 119, 176, 1],
    [16, 7, 50, 15, 75, 136, 176, 0],
    [8, 38, 24, 10, 17, 119, 241, 0],
    [8, 19, 38, 5, 52, 89, 170, 0],
    [3, 9, 23, 8, 26, 95, 156, 0],
    [9, 7, 25, 5, 34, 98, 148, 1],
    [10, 8, 24, 12, 43, 97, 174, 0],
    [13, 16, 21, 19, 27, 108, 149, 0],
    [8, 10, 31, 8, 53, 92, 176, 0],
    [7, 24, 22, 10, 40, 102, 129, 1],
    [12, 10, 13, 14, 9, 94, 180, 0],
    [6, 23, 9, 8, 11, 68, 187, 0],
    [8, 8, 21, 7, 19, 103, 202, 1],
    [8, 14, 15, 11, 21, 87, 199, 0],
    [6, 7, 23, 7, 23, 92, 195, 1],
    [1, 14, 23, 12, 26, 89, 174, 0],
    [15, 21, 21, 10, 31, 102, 179, 0],
    [5, 13, 23, 10, 37, 85, 114, 0],
    [7, 7, 15, 18, 21, 60, 118, 0],
    [8, 17, 8, 8, 23, 83, 146, 0],
    [15, 8, 16, 46, 21, 112, 147, 2],
    [7, 8, 15, 27, 24, 106, 176, 0],
    [13, 27, 10, 23, 34, 89, 103, 2],
    [11, 15, 15, 29, 21, 76, 86, 1],
    [17, 16, 15, 37, 11, 107, 125, 1],
    [10, 15, 18, 32, 28, 109, 95, 0],
    [11, 14, 18, 30, 39, 90, 82, 1],
    [16, 15, 12, 44, 33, 99, 126, 0],
    [7, 12, 17, 30, 23, 98, 140, 0],
    [12, 9, 18, 47, 47, 105, 108, 0],
    [10, 5, 25, 43, 19, 86, 109, 1],
    [9, 9, 6, 37, 21, 97, 69, 0],
    [12, 25, 22, 29, 27, 108, 202, 0],
    [13, 29, 15, 31, 20, 105, 227, 0],
    [11, 8, 16, 53, 32, 86, 85, 1],
    [11, 12, 9, 40, 7, 63, 91, 2],
    [8, 6, 20, 75, 17, 71, 96, 0],
    [13, 28, 15, 36, 12, 93, 143, 5],
    [10, 32, 21, 48, 25, 121, 119, 3],
    [6, 12, 9, 17, 29, 70, 132, 0],
    [9, 19, 4, 13, 21, 87, 119, 2],
    [6, 23, 11, 16, 18, 96, 130, 0],
    [5, 13, 14, 33, 11, 76, 154, 1],
    [5, 15, 2, 15, 7, 44, 113, 1],
    [10, 15, 13, 25, 6, 57, 138, 0],
    [9, 39, 9, 35, 3, 80, 179, 1],
    [12, 17, 7, 16, 15, 74, 172, 4],
    [16, 19, 8, 31, 9, 78, 166, 0],
    [12, 24, 12, 31, 7, 88, 146, 0],
    [6, 19, 7, 19, 8, 72, 162, 1],
    [9, 34, 9, 19, 7, 74, 157, 1],
    [19, 14, 17, 35, 9, 111, 193, 2],
    [24, 37, 16, 28, 9, 97, 187, 3],
    [14, 16, 12, 28, 9, 91, 142, 1],
    [6, 28, 5, 11, 8, 56, 105, 0],
    [8, 13, 4, 14, 9, 67, 128, 0],
    [14, 14, 22, 40, 27, 137, 149, 1],
    [18, 11, 32, 21, 40, 150, 147, 0],
    [12, 9, 31, 27, 39, 123, 121, 0],
    [9, 24, 14, 25, 12, 118, 155, 1],
    [11, 27, 11, 16, 10, 108, 163, 0],
    [18, 16, 9, 12, 14, 107, 170, 2],
    [10, 16, 15, 26, 16, 81, 190, 2],
    [18, 9, 14, 26, 22, 89, 165, 1],
    [17, 10, 11, 30, 21, 90, 123, 1],
    [7, 19, 11, 26, 18, 97, 255, 2],
    [16, 12, 16, 31, 16, 90, 208, 2],
    [10, 13, 43, 18, 109, 70, 105, 0],
    [12, 16, 76, 16, 85, 99, 132, 1],
    [10, 20, 64, 23, 93, 110, 117, 1],
    [11, 10, 58, 12, 79, 110, 112, 0],
    [13, 18, 16, 25, 38, 75, 135, 2]
  ],
  "W": [
    [116, 308, 567, 1057, 518],
    [32, 71, 116, 157, 85],
    [38, 63, 138, 141, 95],
    [22, 13, 103, 221, 98],
    [28, 43, 90, 160, 60],
    [13, 23, 95, 128, 61],
    [26, 29, 93, 121, 58],
    [20, 36, 97, 141, 74],
    [18, 24, 103, 133, 75],
    [28, 41, 81, 145, 83],
    [20, 40, 98, 115, 62],
    [8, 8, 98, 175, 43],
    [5, 8, 73, 170, 56],
    [15, 12, 88, 193, 61],
    [11, 19, 78, 189, 58],
    [14, 17, 90, 173, 60],
    [16, 18, 86, 159, 60],
    [19, 28, 96, 151, 85],
    [22, 26, 82, 96, 61],
    [15, 17, 54, 102, 58],
    [6, 15, 70, 127, 75],
    [17, 15, 98, 139, 98],
    [12, 12, 88, 153, 98],
    [10, 25, 89, 105, 72],
    [13, 14, 76, 89, 62],
    [12, 9, 89, 120, 99],
    [19, 26, 103, 97, 62],
    [15, 35, 81, 82, 72],
    [14, 20, 87, 116, 108],
    [15, 22, 83, 132, 75],
    [17, 43, 104, 106, 76],
    [17, 19, 79, 109, 74],
    [4, 16, 85, 71, 72],
    [26, 15, 105, 205, 74],
    [13, 22, 93, 223, 89],
    [24, 21, 98, 86, 63],
    [14, 11, 69, 91, 50],
    [23, 20, 77, 105, 68],
    [10, 14, 90, 133, 98],
    [14, 24, 103, 131, 107],
    [10, 23, 59, 115, 68],
    [4, 14, 87, 120, 49],
    [13, 15, 89, 119, 64],
    [14, 10, 77, 153, 53],
    [5, 6, 32, 113, 46],
    [10, 7, 56, 132, 59],
    [8, 3, 68, 176, 100],
    [2, 9, 59, 178, 69],
    [9, 7, 63, 162, 86],
    [4, 4, 76, 155, 81],
    [6, 6, 74, 162, 46],
    [10, 3, 66, 161, 70],
    [14, 7, 92, 181, 106],
    [12, 6, 83, 198, 102],
    [10, 9, 73, 146, 75],
    [6, 4, 54, 106, 49],
    [6, 7, 52, 116, 62],
    [26, 25, 113, 173, 67],
    [32, 31, 139, 139, 78],
    [33, 37, 113, 109, 70],
    [16, 6, 107, 154, 75],
    [11, 9, 102, 149, 75],
    [7, 12, 97, 157, 75],
    [15, 15, 73, 175, 78],
    [18, 16, 81, 151, 78],
    [10, 19, 83, 122, 69],
    [9, 7, 88, 246, 85],
    [17, 12, 82, 195, 85],
    [28, 98, 78, 93, 71],
    [66, 79, 109, 116, 67],
    [54, 83, 131, 107, 63],
    [43, 72, 131, 92, 54],
    [13, 29, 86, 124, 70]
  ],
  "method": "mult",
  "cond_prob": [
    [
      [0.0031094253855, 6.5600823782e-07, 0.87690313795, 0.031458671343, 0.064727844918, 0.021272585959, 0.0025276784276, 1.2225645367e-11],
      [4.340325344e-05, 1.3691062306e-11, 0.049172124781, 2.4312796124e-07, 0.95048472872, 0.00024600859553, 5.3491508959e-05, 5.6195070777e-14],
      [0.031907625512, 0.00637825677, 0.028984455521, 0.051652040504, 0.03710587602, 0.72029986703, 0.12363999008, 3.1888563388e-05],
      [0.0098610595122, 0.022144550299, 0.0019151740897, 0.018473340818, 0.0014983283967, 0.070950535291, 0.87147361137, 0.0036834002246],
      [0.10227837722, 0.03032411893, 0.0067554799406, 0.16831207031, 0.017061865986, 0.31432799679, 0.35876023518, 0.0021798556448]
    ],
    [
      [0.0025038019402, 1.2396917669e-06, 0.90851709291, 0.015807790158, 0.053433054606, 0.017668526527, 0.0020684941531, 1.3515754633e-11],
      [4.1487043501e-05, 3.0718117938e-11, 0.059447392964, 1.4488652999e-07, 0.94021644269, 0.00024256088375, 5.197150341e-05, 7.375981127e-14],
      [0.031150204148, 0.014599607217, 0.035702516454, 0.031434253564, 0.037061871166, 0.72748431694, 0.12252456223, 4.2668284263e-05],
      [0.0094399399938, 0.049870006109, 0.0023150649537, 0.011025970485, 0.0014689406806, 0.070053206437, 0.85096769659, 0.0048591747475],
      [0.10298813031, 0.071509069444, 0.0085447171697, 0.1056319057, 0.017503775144, 0.32521091938, 0.36560823798, 0.0030032448596]
    ],
    [
      [0.0028107529872, 5.8090385291e-07, 0.90543349034, 0.015457229849, 0.056244835139, 0.017858299157, 0.0021948116233, 0],
      [4.4332130158e-05, 1.3701195048e-11, 0.056570074573, 1.3487191876e-07, 0.94309959853, 0.00023336931151, 5.2490566861e-05, 0],
      [0.03454684603, 0.0067599749498, 0.03527243212, 0.030370015268, 0.038548123765, 0.72603398206, 0.1284686258, 0],
      [0.010363067052, 0.022852460149, 0.002263826385, 0.010544370548, 0.0015120387994, 0.069240943839, 0.88322329323, 0],
      [0.11601829291, 0.033647548872, 0.0085797319215, 0.10366651753, 0.018501242781, 0.32998808566, 0.38959858032, 0]
    ],
    [
      [0.0016785549949, 3.0113176206e-06, 0.90715241599, 0.012407700936, 0.054684847598, 0.021497821611, 0.0025756475576, 0],
      [2.6323739195e-05, 7.0619940458e-11, 0.055516466659, 1.0764415928e-07, 0.94411653303, 0.0002793212939, 6.124755961e-05, 0],
      [0.017518012937, 0.029749247615, 0.029548180708, 0.020699892653, 0.031790808853, 0.74270836887, 0.12798548837, 0],
      [0.0049308384106, 0.094323901551, 0.0017786640278, 0.006743661139, 0.0011686257334, 0.066414141044, 0.82464016809, 0],
      [0.057379920749, 0.1443270193, 0.0070072148705, 0.068918043335, 0.014870493491, 0.32907561781, 0.37842169045, 0]
    ],
    [
      [0.0019687645257, 1.741958231e-06, 0.91758866737, 0.007141212404, 0.054846353314, 0.016404996361, 0.0020482640714, 0],
      [3.1602187835e-05, 4.1817749389e-11, 0.057901135487, 6.3386005719e-08, 0.94179915923, 0.00021818123086, 4.9858435618e-05, 0],
      [0.026325710309, 0.022037448779, 0.038547236991, 0.015256342179, 0.040851650937, 0.7266623693, 0.1303192415, 0],
      [0.0074667471188, 0.070512635665, 0.0023402225202, 0.0050089177956, 0.0015157720311, 0.065426550938, 0.84772915393, 0],
      [0.088188963333, 0.10925398295, 0.0093323701102, 0.051939337274, 0.019516355041, 0.32832649116, 0.39344250014, 0]
    ],
    [
      [0.00064598630902, 8.0378021729e-07, 0.93103929306, 0.01026614176, 0.041158255889, 0.014957283227, 0.0019322359769, 0],
      [1.3388555436e-05, 2.4914298714e-11, 0.073953524901, 1.1764891191e-07, 0.92571538686, 0.00025685245179, 6.0729556951e-05, 0],
      [0.0096525504728, 0.01136421702, 0.042578578487, 0.024508853754, 0.034241672428, 0.74026272936, 0.13739139847, 0],
      [0.0027048445974, 0.035937882395, 0.0025519521681, 0.0079495987862, 0.0012546233301, 0.065857592901, 0.88374350582, 0],
      [0.034104007487, 0.059446156794, 0.010864369368, 0.088017231657, 0.01724691951, 0.35276427575, 0.43755703944, 0]
    ],
    [
      [0.0031398676374, 1.0252520693e-06, 0.89104883084, 0.01018021379, 0.067894224502, 0.024723186158, 0.0030126517947, 2.3676847672e-11],
      [4.0923882426e-05, 1.9984911008e-11, 0.045538465391, 7.3364167075e-08, 0.9540940031, 0.00026698877314, 5.9545465441e-05, 1.0164688422e-13],
      [0.028926948999, 0.0089368702314, 0.025718733476, 0.014983259115, 0.03482883245, 0.75448343394, 0.13206661507, 5.5306720607e-05],
      [0.008384207443, 0.029238990805, 0.0015956322826, 0.0050270084193, 0.0013203653214, 0.069419948568, 0.87897640479, 0.0060374423669],
      [0.10109658234, 0.046241152517, 0.0064935349079, 0.053218200962, 0.017350721589, 0.35551525197, 0.41597339208, 0.004111163637]
    ],
    [
      [0.0025394353476, 8.5320093993e-07, 0.89563636945, 0.018035067877, 0.061856404044, 0.019315124705, 0.0026167453744, 0],
      [3.6330839022e-05, 1.8254665624e-11, 0.049926195259, 1.4269709168e-07, 0.9497516092, 0.00022895270661, 5.6769277429e-05, 0],
      [0.028568765508, 0.0090840910705, 0.031378804471, 0.032423375201, 0.038771537639, 0.71964910731, 0.1401243188, 0],
      [0.0078858998464, 0.028280264352, 0.0018530256137, 0.010359320318, 0.0013995451194, 0.063076519651, 0.8871454251, 0],
      [0.093258850545, 0.04391736302, 0.0074066261247, 0.10757982493, 0.018061644333, 0.31719458038, 0.41258111067, 0]
    ],
    [
      [0.0033117002712, 1.7748323941e-06, 0.8891682944, 0.028771192325, 0.055252624003, 0.021120180992, 0.0023742331741, 0],
      [5.231069339e-05, 4.1925584975e-11, 0.054504410403, 2.5134091163e-07, 0.94510975201, 0.00027640668885, 5.6868822657e-05, 0],
      [0.034261956308, 0.017378865278, 0.028530986685, 0.047568319608, 0.031841324478, 0.72349209077, 0.11692645687, 0],
      [0.010681420385, 0.061106787887, 0.0019026150394, 0.017164974, 0.0012976792255, 0.07163545505, 0.83621106841, 0],
      [0.10768954462, 0.080911855711, 0.0064842473039, 0.15197238852, 0.014280931059, 0.30712169456, 0.33153933822, 0]
    ],
    [
      [0.0019887022093, 1.0386983591e-06, 0.89448409195, 0.011651858513, 0.069022476546, 0.020241247184, 0.0026105848948, 0],
      [2.5683002596e-05, 2.0060682525e-11, 0.045398762001, 8.3225686498e-08, 0.95430777149, 0.00021657640184, 5.1123857097e-05, 0],
      [0.021853841314, 0.010802939549, 0.030886141238, 0.020462461297, 0.042266036486, 0.73716906672, 0.1365595134, 0],
      [0.0061647691213, 0.034363485116, 0.0018643437653, 0.0066813397521, 0.0015592096945, 0.065988472804, 0.88337837975, 0],
      [0.075454435073, 0.055242613682, 0.0077141679454, 0.071807349331, 0.020830631231, 0.34360178047, 0.42534902227, 0]
    ],
    [
      [0.0022104306131, 3.3241093763e-06, 0.89539110866, 0.018658949586, 0.057845364036, 0.023339859814, 0.0025509631563, 2.3005311476e-11],
      [3.3756793444e-05, 7.5920566972e-11, 0.053290596274, 1.5756293313e-07, 0.94632108521, 0.000295327372, 5.9076712408e-05, 1.1572065453e-13],
      [0.021296916661, 0.030306421148, 0.026862189717, 0.028722750129, 0.031042979853, 0.74474543643, 0.11696709928, 5.6206786838e-05],
      [0.0063572169674, 0.10210685064, 0.0017158881533, 0.0099244015151, 0.0012121797163, 0.070586399337, 0.80177759534, 0.0063194683377],
      [0.068955894336, 0.14531983955, 0.0062842907106, 0.094523496147, 0.014333553164, 0.32527776817, 0.34143288195, 0.0038722759747]
    ],
    [
      [0.0033742278114, 9.3162759063e-07, 0.91807301447, 0.023411158798, 0.036015394935, 0.017060053396, 0.0020652189635, 0],
      [7.6358314047e-05, 3.1531363464e-11, 0.077562626124, 2.9287930047e-07, 0.92196995722, 0.00031988986064, 7.0875574099e-05, 0],
      [0.042691086387, 0.011147473148, 0.034591667593, 0.047313449027, 0.025331030045, 0.71465232389, 0.1242729699, 0],
      [0.012892138157, 0.037990330357, 0.0022331653411, 0.016539056995, 0.00099905856133, 0.068537303349, 0.86080894724, 0],
      [0.13276194355, 0.051260804332, 0.0077571519765, 0.14954992131, 0.011210938597, 0.29950083166, 0.34795840857, 0]
    ],
    [
      [0.0015755877594, 2.0536969927e-06, 0.92338252669, 0.012565973748, 0.046157636594, 0.014187018549, 0.002129202959, 0],
      [2.8206279481e-05, 5.4985939825e-11, 0.059487150224, 1.2436848453e-07, 0.94021628393, 0.00021043055056, 5.7804588955e-05, 0],
      [0.023201726023, 0.028604600884, 0.039001892864, 0.029560464143, 0.037784275072, 0.69270278743, 0.14914425359, 0],
      [0.0057515529345, 0.080009833103, 0.0020644457353, 0.0084821105081, 0.001222909827, 0.054460775815, 0.84800837208, 0],
      [0.070016058364, 0.12767065514, 0.0084821402629, 0.090672315785, 0.016230247468, 0.28156740609, 0.4053611769, 0]
    ],
    [
      [0.0019014258194, 6.4717944893e-07, 0.91091407964, 0.0098147743126, 0.056580060807, 0.018715923303, 0.0020730889243, 1.1812751604e-11],
      [2.8685826832e-05, 1.46018656e-11, 0.052854170628, 8.1879110902e-08, 0.94683568871, 0.00023394521524, 4.7427720939e-05, 5.8699352747e-14],
      [0.023217867039, 0.007476308725, 0.034170743167, 0.019148945795, 0.038446715377, 0.75705777877, 0.12044506101, 3.6580120468e-05],
      [0.0073554268228, 0.026709450063, 0.002315424963, 0.0070219225836, 0.0015912136237, 0.076135324957, 0.87451647306, 0.0043547639297],
      [0.084999742276, 0.040496486427, 0.0090375535773, 0.071252161114, 0.020061414026, 0.37390789106, 0.39739824558, 0.0028465059372]
    ],
    [
      [0.002224641601, 1.2895937994e-06, 0.90802972409, 0.018111263702, 0.05029116914, 0.019034171173, 0.0023077407015, 0],
      [3.8082041702e-05, 3.3015444013e-11, 0.059006115934, 1.7142295246e-07, 0.94062575766, 0.00026996533515, 5.990757662e-05, 0],
      [0.025881478963, 0.014191880163, 0.032014435718, 0.033663130657, 0.032567589426, 0.73395686793, 0.12772461715, 0],
      [0.0076190821898, 0.047124217441, 0.0020152846887, 0.011470914779, 0.0012533536859, 0.068553057533, 0.86196408968, 0],
      [0.085688096674, 0.069499992011, 0.0076516908612, 0.11327851296, 0.015366800942, 0.32755014052, 0.38096476603, 0]
    ],
    [
      [0.0013018655261, 5.4353958075e-07, 0.92522851891, 0.0089890761224, 0.047547106337, 0.014974176262, 0.0019587132907, 1.15922617e-11],
      [2.3394139062e-05, 1.4607322356e-11, 0.063825130932, 8.9319042523e-08, 0.93587506342, 0.00022294685313, 5.3375318957e-05, 6.8612971848e-14],
      [0.019241106665, 0.0076001080135, 0.041926002013, 0.021226883246, 0.039117593272, 0.73310432476, 0.13774053516, 4.3446873605e-05],
      [0.0054187623206, 0.02414242658, 0.0025254538231, 0.0069196133076, 0.0014399214728, 0.065541733122, 0.8894119507, 0.0046001386724],
      [0.067604990611, 0.039514265745, 0.010640263099, 0.075805241389, 0.019592102066, 0.34744682602, 0.43615125109, 0.0032450599798]
    ],
    [
      [0.00024179124049, 1.2497750849e-06, 0.9081992628, 0.017130849845, 0.055985187898, 0.01640033203, 0.0020413264149, 0],
      [3.7351885918e-06, 2.8873913418e-11, 0.054122078301, 1.4632693085e-07, 0.9456163055, 0.00020991394917, 4.7820704851e-05, 0],
      [0.0032618191204, 0.015950392574, 0.037749796099, 0.036922054318, 0.042040588243, 0.73305172089, 0.13102362876, 0],
      [0.00093800133678, 0.051748169562, 0.0023223750221, 0.01229022503, 0.0015803755551, 0.066905045775, 0.86421580772, 0],
      [0.011246570522, 0.081384042912, 0.0094011123472, 0.12939025446, 0.02066025634, 0.34081401592, 0.4071037475, 0]
    ],
    [
      [0.003758030762, 2.2215367208e-06, 0.89797518006, 0.014877930023, 0.05939057396, 0.02129249058, 0.0027035730761, 0],
      [5.559977081e-05, 4.9151897296e-11, 0.051653187859, 1.2174831709e-07, 0.94796943648, 0.00026100075346, 6.0653341186e-05, 0],
      [0.038454324258, 0.021516360973, 0.028558756556, 0.024331633918, 0.033861218792, 0.72157612067, 0.13170158483, 0],
      [0.010777335018, 0.067984153627, 0.0017119470528, 0.0078929569542, 0.0012405907584, 0.064216871569, 0.84617614502, 0],
      [0.12081667051, 0.10013430327, 0.0064907697182, 0.077703608009, 0.015187809453, 0.30629476977, 0.37337206927, 0]
    ],
    [
      [0.0016443524283, 1.9493132251e-06, 0.87967508052, 0.019340620739, 0.075197743526, 0.021614447283, 0.0025258061922, 0],
      [1.9393026337e-05, 3.4382940009e-11, 0.040466536731, 1.2611115105e-07, 0.95925756134, 0.0002112088061, 4.5173949429e-05, 0],
      [0.016922023429, 0.01898140732, 0.028205710016, 0.031795370986, 0.04308178943, 0.73732169684, 0.12369200198, 0],
      [0.0050404596387, 0.063851118946, 0.001798207656, 0.010962849093, 0.0016783796034, 0.069672744136, 0.84699624093, 0],
      [0.057101572966, 0.094858888133, 0.0068734281605, 0.10904284041, 0.02071607688, 0.33521353612, 0.37619365733, 0]
    ],
    [
      [0.002665130338, 1.1018979731e-06, 0.86829734048, 0.040484437646, 0.065301407803, 0.020604884821, 0.0026456970129, 0],
      [3.5490743172e-05, 2.1946643996e-11, 0.044347689194, 2.980002472e-07, 0.95533575536, 0.00022733564477, 5.3431032194e-05, 0],
      [0.027332960398, 0.010689057556, 0.027256920599, 0.066311188308, 0.037251811628, 0.70209237948, 0.12906568203, 0],
      [0.0079787637968, 0.035252948948, 0.0017026342672, 0.022407355586, 0.0014219076218, 0.064874244206, 0.86636214557, 0],
      [0.083235973731, 0.048169939234, 0.005986099085, 0.20523301917, 0.016145047478, 0.28731849815, 0.35391142315, 0]
    ],
    [
      [0.0023362927278, 2.0770671214e-06, 0.88260924434, 0.014073774624, 0.076585903202, 0.021827750726, 0.0025649573116, 0],
      [2.6629788231e-05, 3.5406700525e-11, 0.036814551732, 8.8704515001e-08, 0.96290826233, 0.00020613271352, 4.4334692513e-05, 0],
      [0.023840853732, 0.020057027961, 0.026292345127, 0.022947899232, 0.043498730241, 0.73879327291, 0.1245698708, 0],
      [0.0070507868995, 0.066926060753, 0.001660671297, 0.0078553745322, 0.0016809431016, 0.069279721148, 0.84554644227, 0],
      [0.08030290397, 0.10003618565, 0.0063903835456, 0.078571527932, 0.020886591517, 0.33548557251, 0.37832683488, 0]
    ],
    [
      [0.0037143449558, 8.9776546353e-07, 0.83180440309, 0.068071229501, 0.069678441739, 0.024247823215, 0.0024828596973, 3.793760811e-11],
      [4.6595917615e-05, 1.68419996e-11, 0.040376585128, 4.7236585196e-07, 0.95927709684, 0.00025202031918, 4.7229412326e-05, 1.5674702857e-13],
      [0.032573198693, 0.0074532638662, 0.022565594674, 0.095419628851, 0.034036354958, 0.7041882933, 0.10367923834, 8.442731234e-05],
      [0.011355501655, 0.029287488995, 0.0016820941598, 0.038501225387, 0.0015499587421, 0.077961419545, 0.82859930194, 0.011063009575],
      [0.096456834717, 0.032704894199, 0.0048353748128, 0.28722117257, 0.014389956505, 0.28190065995, 0.27716698189, 0.0053241253519]
    ],
    [
      [0.0014422478784, 7.0962895868e-07, 0.86404968783, 0.033365081109, 0.078881212703, 0.019972879919, 0.0022881809283, 0],
      [1.5898905428e-05, 1.1698364173e-11, 0.036313044457, 2.0345094774e-07, 0.96345018934, 0.00018241535526, 3.8248479531e-05, 0],
      [0.015756636068, 0.0073389226022, 0.028758978918, 0.058264701808, 0.047987901944, 0.72286641839, 0.11902644027, 0],
      [0.0050248047695, 0.02637839917, 0.0019601946343, 0.021505572366, 0.0019983990124, 0.073183279524, 0.86994935052, 0],
      [0.05253675196, 0.036252871224, 0.0069357076967, 0.1974776809, 0.022838146518, 0.32573308927, 0.35822575244, 0]
    ],
    [
      [0.0044722205751, 4.2849320749e-06, 0.83493700235, 0.047567698508, 0.086084231827, 0.02447821586, 0.0024563458924, 5.4424826472e-11],
      [4.6379149828e-05, 6.6456384414e-11, 0.032816809526, 2.7278117032e-07, 0.96688758556, 0.00021032423329, 3.8628680112e-05, 1.8590387702e-13],
      [0.038466719424, 0.034880742278, 0.021733553879, 0.065375930043, 0.041234522104, 0.69762355607, 0.10056625134, 0.00011872486229],
      [0.012433740575, 0.12723997379, 0.0015018534524, 0.024459261346, 0.0017426561641, 0.071567508054, 0.74659920814, 0.014455798477],
      [0.10947046738, 0.1470517096, 0.0044671794642, 0.18912010662, 0.016735818188, 0.26783948349, 0.258122978, 0.0071922572649]
    ],
    [
      [0.0033975425766, 2.1503231029e-06, 0.85621674161, 0.053464996755, 0.066224365985, 0.018834823842, 0.0018593788817, 2.4655615425e-11],
      [4.4434861875e-05, 4.2060678682e-11, 0.042746175181, 3.8657465105e-07, 0.95696802959, 0.00020409582019, 3.687792989e-05, 1.0621528989e-13],
      [0.037098771639, 0.022216986472, 0.028489179997, 0.093259222146, 0.040229882694, 0.6820220952, 0.096615610793, 6.8251058096e-05],
      [0.012919756069, 0.087394538331, 0.0021222296579, 0.037593917996, 0.0018311099591, 0.075318784594, 0.77385258247, 0.008967080919],
      [0.1051073049, 0.093225967762, 0.0058249435217, 0.26856177968, 0.016232493961, 0.26022511394, 0.24670758102, 0.0041148152147]
    ],
    [
      [0.0035829299424, 1.5956405649e-06, 0.88307218236, 0.046907842343, 0.043891791629, 0.020593916644, 0.0019497414288, 1.7343144194e-11],
      [6.8142858578e-05, 4.5382144517e-11, 0.063979234551, 4.934676361e-07, 0.93557140073, 0.00032449993768, 5.6228411231e-05, 1.0863665789e-13],
      [0.037620579305, 0.015861104231, 0.028225066057, 0.078725528088, 0.025653706822, 0.7163831062, 0.097484700344, 4.6208956427e-05],
      [0.013446296443, 0.063914433032, 0.0021561652763, 0.032567308488, 0.0011969023888, 0.081282088353, 0.79922522995, 0.0062115760655],
      [0.11309307028, 0.070662649561, 0.0061365538273, 0.24057156298, 0.011004189385, 0.29100911061, 0.26456416872, 0.0029586946433]
    ],
    [
      [0.0033899250723, 2.4040118292e-06, 0.84167214111, 0.06435101917, 0.06221123819, 0.026104346341, 0.0022689261049, 0],
      [4.8049603013e-05, 5.0960823244e-11, 0.046373131221, 5.0435126542e-07, 0.95322297081, 0.00030657459506, 4.876937001e-05, 0],
      [0.02842411578, 0.019076337595, 0.021916163331, 0.086208783782, 0.029047029995, 0.72477846209, 0.090549107427, 0],
      [0.01067341093, 0.080871544202, 0.0017609421749, 0.037470790257, 0.0014263657574, 0.08642768531, 0.78136926137, 0],
      [0.086275046912, 0.085778943002, 0.0048060408106, 0.26596174532, 0.012570303846, 0.29677846387, 0.24782945624, 0]
    ],
    [
      [0.0031241785126, 1.979863992e-06, 0.86431831764, 0.050916616198, 0.058568426831, 0.021218305151, 0.0018521757761, 2.5540930895e-11],
      [4.7131324374e-05, 4.466917611e-11, 0.050272636828, 4.2472937683e-07, 0.94937222387, 0.00026521103555, 4.2372166219e-05, 1.2691353499e-13],
      [0.031807083864, 0.01907756055, 0.0270996112, 0.082824292327, 0.033210645326, 0.7161510336, 0.089763831343, 6.5941792502e-05],
      [0.011914648426, 0.08068994663, 0.0021715315827, 0.035911463733, 0.001627169974, 0.085098367061, 0.77326936266, 0.0093175099373],
      [0.096420554624, 0.085698784102, 0.005934317301, 0.25520743596, 0.014356643151, 0.29268875309, 0.24543646278, 0.0042570489947]
    ],
    [
      [0.0042299574627, 1.9332173821e-06, 0.79918076904, 0.069920695826, 0.099036805497, 0.025012558826, 0.0026172801278, 0],
      [3.8135322353e-05, 2.6063617198e-11, 0.027680221017, 3.4870324904e-07, 0.97205868893, 0.00018682660629, 3.5779396964e-05, 0],
      [0.035090588825, 0.015183932187, 0.020360018478, 0.092719783904, 0.045776435767, 0.68746748895, 0.10340175189, 0],
      [0.012042857692, 0.058741530054, 0.0014936929923, 0.036829580193, 0.0020526627238, 0.074894982018, 0.81394469433, 0],
      [0.10137137067, 0.065016967662, 0.0042558608379, 0.27227993495, 0.01888584825, 0.26844614571, 0.26974387192, 0]
    ],
    [
      [0.0019051933484, 1.3795824767e-06, 0.87217503434, 0.048608486209, 0.052600013949, 0.022407934525, 0.0023019580482, 0],
      [3.1470599984e-05, 3.4080236483e-11, 0.055465994726, 4.4402712779e-07, 0.94413775921, 0.00030667052173, 5.7660879735e-05, 0],
      [0.01871339453, 0.012823772435, 0.02634965853, 0.076293646212, 0.02877212077, 0.72942922827, 0.10761817925, 0],
      [0.0063182589175, 0.048841676489, 0.0019027309069, 0.029815777105, 0.0012698999259, 0.078150258983, 0.83370139767, 0],
      [0.059081794169, 0.059958639301, 0.0060121407783, 0.24483569756, 0.012957050591, 0.31073150535, 0.30642317225, 0]
    ],
    [
      [0.0033790176449, 1.2090582145e-06, 0.8282281179, 0.078993280805, 0.064562453546, 0.022624914266, 0.0022110067762, 0],
      [4.673283009e-05, 2.5007053862e-11, 0.044460932878, 6.0419608262e-07, 0.95518610341, 0.00025925707726, 4.6369587784e-05, 0],
      [0.031069762596, 0.010522942345, 0.023623613447, 0.11607283891, 0.033078724107, 0.68884600859, 0.096786110005, 0],
      [0.011362160579, 0.043416217736, 0.0018479871262, 0.049131529471, 0.0015820963542, 0.080003436247, 0.81265657249, 0],
      [0.088410157554, 0.044369662452, 0.0048603262379, 0.3357292823, 0.013433870037, 0.26470222349, 0.24849447793, 0]
    ],
    [
      [0.0021351632115, 4.8160551637e-07, 0.88921912747, 0.054570672936, 0.036878924251, 0.015628154812, 0.0015674756963, 1.6231912281e-11],
      [4.8849333008e-05, 1.6478320378e-11, 0.07862283549, 6.9038999576e-07, 0.92097700668, 0.00029623673077, 5.4381361789e-05, 1.2231783962e-13],
      [0.02832382402, 0.0060461131481, 0.036419765535, 0.11566837924, 0.027237599461, 0.68727907669, 0.098970632725, 5.4609175768e-05],
      [0.01028748192, 0.024782030385, 0.0028296816277, 0.048628415657, 0.0012931355352, 0.07918777123, 0.8255216197, 0.0074698639493],
      [0.082224539361, 0.025998651228, 0.0076397206126, 0.34130495265, 0.011274725602, 0.2690720365, 0.25911128191, 0.0033740921392]
    ],
    [
      [0.0028167793706, 1.4735646938e-06, 0.8323869871, 0.070487814731, 0.067802056148, 0.024628440994, 0.0018764480938, 0],
      [3.6316220478e-05, 2.8412929902e-11, 0.038486480213, 5.0248720175e-07, 0.96117693044, 0.00026308393787, 3.6686669106e-05, 0],
      [0.025106350775, 0.012431694036, 0.021211651592, 0.10038359364, 0.033636046366, 0.72760682959, 0.079623834007, 0],
      [0.010666216662, 0.059645898338, 0.0019236226375, 0.049361980673, 0.0018675547059, 0.098073992934, 0.77846073405, 0],
      [0.078008518031, 0.057254081237, 0.0047524225343, 0.31707413292, 0.014896286679, 0.30482564876, 0.22318890983, 0]
    ],
    [
      [0.0034454426519, 2.5965350659e-06, 0.83028293065, 0.048730269769, 0.09103650007, 0.0237712993, 0.002730961023, 0],
      [3.3426166684e-05, 3.7671395799e-11, 0.031578093098, 2.6148588582e-07, 0.96815696814, 0.00019107531127, 4.0175763559e-05, 0],
      [0.030476495071, 0.021735634824, 0.023020537129, 0.068888510413, 0.044845280372, 0.69605301587, 0.11498052632, 0],
      [0.009462697205, 0.076062236202, 0.0015292381905, 0.024757693089, 0.0018192480865, 0.068655823131, 0.8177130641, 0],
      [0.090031455932, 0.095060496716, 0.0049201072993, 0.20683851705, 0.018904824115, 0.27785626484, 0.30638833405, 0]
    ],
    [
      [0.0030604296547, 2.4540814138e-06, 0.88204176533, 0.04343487411, 0.047568923105, 0.021359481585, 0.00253207213, 0],
      [5.55873231e-05, 6.6657484043e-11, 0.061446065459, 4.3639145243e-07, 0.93810674603, 0.00032142704574, 6.9737688457e-05, 0],
      [0.030461911124, 0.023119222101, 0.026912879051, 0.06910345254, 0.026380689057, 0.70404255506, 0.11997929106, 0],
      [0.009091443168, 0.077739544222, 0.0017170626197, 0.02387096659, 0.0010288893362, 0.066730058566, 0.8198220355, 0],
      [0.08853019937, 0.099490076629, 0.0056581761875, 0.20414148475, 0.010947901129, 0.27658703409, 0.31464512784, 0]
    ],
    [
      [0.0044733083619, 1.6012544769e-06, 0.74158619463, 0.12695300846, 0.099026755415, 0.025342549084, 0.0026165827598, 3.5902696866e-11],
      [4.0461224093e-05, 2.1660709979e-11, 0.026235519464, 6.3493125095e-07, 0.97349756934, 0.00018992505914, 3.5889956472e-05, 1.0696409904e-13],
      [0.034277470703, 0.011612281593, 0.017758833351, 0.15542020154, 0.042245575007, 0.64318192241, 0.095433954475, 6.9760923151e-05],
      [0.012331776806, 0.047175827656, 0.0013673935932, 0.064722756018, 0.0019871980757, 0.073464688963, 0.78948232622, 0.0094680326675],
      [0.087656623386, 0.044000722724, 0.0032812725331, 0.40395430683, 0.015399653749, 0.2218295405, 0.22007919525, 0.0037986850328]
    ],
    [
      [0.0062742915145, 2.9534961018e-06, 0.7853050293, 0.13514450511, 0.042526792464, 0.027548620187, 0.0031978078453, 8.0884690367e-11],
      [0.00012403984339, 8.7331575137e-11, 0.059369779421, 1.4766675404e-06, 0.93995757344, 0.0004512538445, 9.5876691958e-05, 5.2674431964e-13],
      [0.044171400482, 0.019666594382, 0.016867859266, 0.15193607007, 0.016641853554, 0.64349395399, 0.10707798537, 0.00014428288994],
      [0.013930687907, 0.070110665151, 0.0011384299496, 0.055469166021, 0.00068596229789, 0.064318895121, 0.77716685211, 0.017179341446],
      [0.10586430733, 0.069758478698, 0.0029140927928, 0.37009092319, 0.005672127657, 0.20731595464, 0.23103314075, 0.0073509749332]
    ],
    [
      [0.0026009522218, 8.7321010065e-07, 0.78790128378, 0.14334618665, 0.044903222192, 0.019183298059, 0.0020641838928, 0],
      [5.0000681997e-05, 2.5105244213e-11, 0.05912166765, 1.5237188067e-06, 0.94046108776, 0.00030554442365, 6.0175744606e-05, 0],
      [0.024838366099, 0.0078909464258, 0.023465198041, 0.21870586911, 0.023871869583, 0.60741395541, 0.093813795324, 0],
      [0.0091211322238, 0.032711085055, 0.0018441000905, 0.092965199761, 0.0011460873206, 0.070746395107, 0.79146600044, 0],
      [0.057716605747, 0.027156238304, 0.0039394087273, 0.51651355586, 0.0079067163036, 0.19023455007, 0.19653292499, 0]
    ],
    [
      [0.0024968332665, 2.4479046231e-06, 0.90494947728, 0.041641301179, 0.032836290189, 0.016174036655, 0.0018996134519, 7.4113576029e-11],
      [6.3008715647e-05, 9.2378960975e-11, 0.086400111278, 5.8125671421e-07, 0.91312544763, 0.0003381612747, 7.2689748853e-05, 6.1599184564e-13],
      [0.031734690251, 0.02945337881, 0.034766622628, 0.08459695406, 0.023242989256, 0.6810023541, 0.11496397885, 0.0002390320424],
      [0.0092946329035, 0.097245700275, 0.0021758921937, 0.028677462557, 0.0008891496618, 0.063321457299, 0.77207564268, 0.026320062433],
      [0.086210805896, 0.11856317885, 0.0068297169118, 0.23361620018, 0.0090131469438, 0.25001058392, 0.28192815409, 0.013828213213]
    ],
    [
      [0.0016856383091, 2.5646020998e-06, 0.88786761964, 0.048636133993, 0.042217998559, 0.018100236953, 0.0014898079042, 4.1972041022e-11],
      [3.4302203364e-05, 7.8043487704e-11, 0.069555591328, 5.4751175436e-07, 0.930058422, 0.0003051666782, 4.5970202864e-05, 2.8130365573e-13],
      [0.020064844799, 0.028903176988, 0.032527578184, 0.092546893623, 0.028006813631, 0.71336888163, 0.084455010191, 0.00012680095448],
      [0.007503979144, 0.12182333625, 0.0026004856587, 0.040059027874, 0.0013687339127, 0.084741846741, 0.72407821952, 0.0178243709],
      [0.059225118298, 0.126447907, 0.0069486966288, 0.2776846291, 0.011809436315, 0.28479232841, 0.2251187022, 0.0079731820461]
    ],
    [
      [0.0024097880906, 2.0026169918e-06, 0.84278401092, 0.040809659021, 0.084751774423, 0.026079653479, 0.003163111452, 0],
      [2.5274471851e-05, 3.1413072966e-11, 0.033326635176, 2.3664203588e-07, 0.96637092262, 0.00022662099653, 5.0310060911e-05, 0],
      [0.020129431545, 0.015826746543, 0.02118298361, 0.054458786449, 0.039407711119, 0.72327325244, 0.1257210883, 0],
      [0.0059406359318, 0.052729220512, 0.0013366365235, 0.018603543447, 0.0015207993244, 0.067616176591, 0.85225298767, 0],
      [0.06355708288, 0.073976047922, 0.0048262983774, 0.17477754624, 0.017730246165, 0.30741262399, 0.35772015442, 0]
    ],
    [
      [0.0048174936799, 4.0345155035e-06, 0.80837616963, 0.041962477401, 0.10904583859, 0.032390918789, 0.0034030673333, 6.6864878312e-11],
      [3.89963249e-05, 4.8844764712e-11, 0.023426798636, 1.8776127142e-07, 0.97627499223, 0.0002172491704, 4.1775829963e-05, 1.782884964e-13],
      [0.032719623684, 0.025918768448, 0.015660483735, 0.045522270232, 0.041193033201, 0.72893013835, 0.10994058037, 0.00011510198163],
      [0.010265485768, 0.091838922207, 0.0010491803819, 0.016531974523, 0.001689369204, 0.072575848609, 0.79244066383, 0.013608555479],
      [0.1010062257, 0.11839111757, 0.0034816090571, 0.1428466867, 0.018100766719, 0.30300233698, 0.30561930939, 0.007551947882]
    ],
    [
      [0.0023783484392, 3.8991252829e-06, 0.85378862512, 0.037829993162, 0.073784159719, 0.029083296848, 0.0031316775841, 0],
      [2.8149773696e-05, 6.9018805199e-11, 0.038647024908, 2.4757447914e-07, 0.96098316235, 0.00028520637672, 5.6208949311e-05, 0],
      [0.018282358455, 0.028361196764, 0.020043505104, 0.046461271245, 0.031566378815, 0.74072458011, 0.1145607095, 0],
      [0.0055976143713, 0.098004820516, 0.0013124925116, 0.016465806246, 0.0012631004218, 0.071980609237, 0.8053755567, 0],
      [0.057744171537, 0.13264187976, 0.0045717135979, 0.14915946534, 0.014209219663, 0.31548986673, 0.32618368337, 0]
    ],
    [
      [0.0017825762107, 1.6490072982e-06, 0.85598247, 0.069415087115, 0.049701866987, 0.020592616776, 0.0025237338799, 1.8879207083e-11],
      [3.0210174342e-05, 4.1796944782e-11, 0.055536374167, 6.5036645587e-07, 0.94407874324, 0.00028915932788, 6.4862682247e-05, 1.0539119561e-13],
      [0.017810653906, 0.015583700736, 0.026136807962, 0.11078713078, 0.027614328936, 0.68207750407, 0.11994205737, 4.7816232531e-05],
      [0.005368059177, 0.053012747098, 0.001685264704, 0.03865191553, 0.0010872987649, 0.065210491932, 0.82956099142, 0.0054232313755],
      [0.049451411285, 0.0640002967, 0.0052366579936, 0.31262978194, 0.010914451556, 0.25504500703, 0.29990171014, 0.0028206833588]
    ],
    [
      [0.0052375070538, 5.417426253e-06, 0.73054757774, 0.093690063584, 0.11870463945, 0.046457642029, 0.0053571526548, 5.286177582e-11],
      [3.6627574576e-05, 5.6669619188e-11, 0.017847019125, 3.6197609749e-07, 0.98179000082, 0.00026916821669, 5.6822228134e-05, 1.2178608638e-13],
      [0.024437232224, 0.023888342479, 0.0094697997819, 0.069777479064, 0.03071563037, 0.72286708775, 0.11878198146, 6.2446868524e-05],
      [0.0072602632094, 0.080259733511, 0.00060084930115, 0.023999231027, 0.0011911212187, 0.067735726147, 0.81195285034, 0.0070002252487],
      [0.07179213376, 0.10366566648, 0.0019975625698, 0.20834456414, 0.012796433932, 0.28397378667, 0.31353914964, 0.003890702811]
    ],
    [
      [0.0029867879444, 1.6725924356e-06, 0.90525479059, 0.044394430325, 0.030026596923, 0.015261757566, 0.0020739640581, 0],
      [7.8744678081e-05, 6.59521519e-11, 0.089441566989, 6.470108483e-07, 0.91006275283, 0.00033336665317, 8.292176912e-05, 0],
      [0.039000794783, 0.02065720484, 0.035337638828, 0.092592675535, 0.021784611946, 0.66181343688, 0.12881363719, 0],
      [0.010963072836, 0.065561596358, 0.0021238907808, 0.030128471936, 0.00079936744796, 0.058913654289, 0.83150994635, 0],
      [0.10419210238, 0.08163774642, 0.00680705795, 0.2514201996, 0.0082784552336, 0.23777993308, 0.30988450534, 0]
    ],
    [
      [0.0021946070041, 3.780206201e-06, 0.89805381054, 0.05125127053, 0.026147500411, 0.019893068072, 0.0024559632245, 1.5163767692e-11],
      [6.3514686528e-05, 1.6360667598e-10, 0.096414677857, 8.2045197916e-07, 0.90293622469, 0.00047698220785, 0.00010777994748, 1.445410687e-13],
      [0.022924212636, 0.037375796714, 0.027787123631, 0.085570384816, 0.01517750278, 0.68898801797, 0.1221367686, 4.0192855643e-05],
      [0.0063981437183, 0.11755993489, 0.0016562650273, 0.027642247036, 0.00055180209202, 0.060997952001, 0.7809804618, 0.0042131934374],
      [0.061364880372, 0.1481848467, 0.0053759595859, 0.23284322426, 0.0057900694888, 0.24909701341, 0.29505417341, 0.0022898327709]
    ],
    [
      [0.0021091174484, 1.0296689527e-06, 0.92330473901, 0.016908804575, 0.044170467843, 0.012146981032, 0.0013588603922, 3.5513075646e-11],
      [3.9670362265e-05, 2.896428658e-11, 0.057701622817, 1.7585196626e-07, 0.94203048228, 0.00018928986205, 3.8758802109e-05, 2.2001491262e-13],
      [0.036700063652, 0.016949775132, 0.042476772667, 0.047009599294, 0.042740810629, 0.70146687004, 0.112499409, 0.00015669958178],
      [0.011623579176, 0.060548944937, 0.0028657948957, 0.017233494808, 0.0017672545204, 0.07040510381, 0.81690068003, 0.018655147821],
      [0.11543813945, 0.078878905181, 0.0096171174057, 0.15030556845, 0.01914919185, 0.29725932898, 0.3188759704, 0.010475778275]
    ],
    [
      [0.0051286699619, 2.3723340776e-06, 0.84604087011, 0.059485567296, 0.061675949679, 0.024776147445, 0.0028904231786, 0],
      [6.9591688393e-05, 4.8140470638e-11, 0.042878470246, 4.4640354581e-07, 0.95671348752, 0.0002785302543, 5.9473835789e-05, 0],
      [0.043176542696, 0.01890052717, 0.021239685642, 0.080031158216, 0.028878174818, 0.69195183695, 0.11582207451, 0],
      [0.013360190417, 0.065940956218, 0.0014041828037, 0.028663353186, 0.001165923894, 0.067881778905, 0.82158361458, 0],
      [0.12128985752, 0.078614970409, 0.0043101868096, 0.2285272094, 0.011563198473, 0.26222944056, 0.29346513683, 0]
    ],
    [
      [0.0016610170643, 1.3214050685e-06, 0.93282040946, 0.0258872968, 0.027553649595, 0.010953643765, 0.0011226619128, 0],
      [4.6366144978e-05, 5.516278926e-11, 0.092183835689, 3.9963546027e-07, 0.90746854976, 0.00025332733342, 4.752138101e-05, 0],
      [0.03141832771, 0.023653800952, 0.049801069918, 0.078251944326, 0.02896083961, 0.68683951428, 0.1010745032, 0],
      [0.010692018962, 0.090769872613, 0.0036154803482, 0.030822687324, 0.0012846289961, 0.074153467328, 0.78866184443, 0],
      [0.093074982057, 0.10375912377, 0.010643115083, 0.23564864684, 0.012220609187, 0.27458889446, 0.27006462859, 0]
    ],
    [
      [0.0023806411325, 2.4830989546e-06, 0.87438227445, 0.044923118311, 0.054680869726, 0.020988881037, 0.0026417322222, 1.8858614558e-11],
      [3.5782017708e-05, 5.5820565012e-11, 0.047807912013, 3.732228663e-07, 0.95183432649, 0.0002613892788, 6.0216926987e-05, 9.3370268335e-14],
      [0.023894441621, 0.023566775461, 0.025442743761, 0.072013332824, 0.030483023387, 0.69846682987, 0.12608488447, 4.7968606898e-05],
      [0.0067962600181, 0.075672502745, 0.0015461276699, 0.023709997092, 0.0011316523613, 0.063006837638, 0.82300210333, 0.0051345191415],
      [0.068945579345, 0.10052303519, 0.0052876671653, 0.21119697357, 0.012505150112, 0.2711867943, 0.32741614639, 0.0029386539291]
    ],
    [
      [0.0031586042606, 4.3944757186e-06, 0.85922299227, 0.03972448553, 0.071824917574, 0.023346604496, 0.0027180013701, 1.9502893519e-11],
      [3.5224771357e-05, 7.3292181639e-11, 0.035956936576, 2.4496194592e-07, 0.96374591613, 0.00021571218524, 4.5965297878e-05, 7.1638790656e-14],
      [0.028556457411, 0.037588840458, 0.023267511067, 0.057382921605, 0.036053737232, 0.70017994928, 0.11692586897, 4.4713979315e-05],
      [0.0082797267984, 0.12293638835, 0.0014419266669, 0.019258118667, 0.0013620008149, 0.064362165627, 0.77748483502, 0.0048748380573],
      [0.081583289915, 0.1589259917, 0.0047988455742, 0.16663328188, 0.014656057982, 0.26960607661, 0.30108056481, 0.0027158915283]
    ],
    [
      [0.0036964927049, 1.1270349004e-06, 0.89245151855, 0.040735145386, 0.040860166601, 0.020029771054, 0.0022257786438, 2.5761525011e-11],
      [7.4503734226e-05, 3.3969121639e-11, 0.06900934523, 4.5419082901e-07, 0.93051320429, 0.0003344688988, 6.80236219e-05, 1.7100827517e-13],
      [0.039650284394, 0.011444465681, 0.029359203825, 0.069848503983, 0.024396133929, 0.7115472721, 0.11368400384, 7.013224464e-05],
      [0.012729299006, 0.04139447596, 0.0020146597199, 0.025953774619, 0.0010219379435, 0.072541329366, 0.83589082217, 0.0084537012113],
      [0.11886685725, 0.050829707756, 0.0063695432959, 0.21285439258, 0.010438871699, 0.28847068845, 0.30769361223, 0.0044763267375]
    ],
    [
