{
  "Z_true": {},
  "V_true": [
    [28, 2166, 172, 925],
    [736, 88, 1548, 60],
    [1197, 1410, 22516, 1342],
    [40, 8686, 139, 621],
    [206, 515, 888, 1639]
  ],
  "p_true": [
    [0.0085, 0.6582, 0.0523, 0.2811],
    [0.3026, 0.0362, 0.6365, 0.0247],
    [0.0452, 0.0533, 0.8508, 0.0507],
    [0.0042, 0.9157, 0.0147, 0.0655],
    [0.0634, 0.1586, 0.2734, 0.5046]
  ],
  "Z_est": {},
  "V_est": [
    [0, 2281.8243, 0, 1009.1757],
    [2013.0129, 0, 418.9871, 0],
    [193.9871, 1097.1757, 24844.0129, 329.8243],
    [0, 9486, 0, 0],
    [0, 0, 0, 3248]
  ],
  "p_est": [
    [0, 0.6934, 0, 0.3066],
    [0.8277, 0, 0.1723, 0],
    [0.0073, 0.0415, 0.9387, 0.0125],
    [0, 1, 0, 0],
    [0, 0, 0, 1]
  ],
  "EI_Z": {},
  "EI_V": 13.8329,
  "MAE_Z": {},
  "MAE_V": 621.4026,
  "MAE_p": 0.1254,
  "runtime": 0.0405
}
