{
  "Z_true": {},
  "V_true": [
    [630, 23, 36, 1418, 24],
    [778, 272, 160, 12957, 199],
    [243, 460, 11073, 2191, 186],
    [67, 1269, 342, 992, 50],
    [242, 131, 335, 780, 154]
  ],
  "p_true": [
    [0.2956, 0.0108, 0.0169, 0.6654, 0.0113],
    [0.0542, 0.0189, 0.0111, 0.9019, 0.0139],
    [0.0172, 0.0325, 0.7824, 0.1548, 0.0131],
    [0.0246, 0.4665, 0.1257, 0.3647, 0.0184],
    [0.1474, 0.0798, 0.204, 0.475, 0.0938]
  ],
  "Z_est": [
    [
      [2, 6, 26, 4, 24, 6, 0, 0, 0.9365, 0.559, 0, 2, 4, 3, 2.9989, 4, 5, 3, 3, 0.0879, 3, 3, 2, 2, 3, 3, 0.9999, 3, 0.1557, 3.9952, 1.8983, 3, 2, 6, 2, 3, 4, 2, 1.9997, 0.2641, 4, 3, 3, 4, 4, 0.497, 10, 18, 9, 0],
      [1, 4, 4, 1, 26, 6, 0, 0.0801, 0.1272, 0, 0.099, 1, 2, 3, 0.0007, 2, 3, 1, 1, 0.2327, 1, 1, 2, 1, 2, 4, 1, 1, 0.1498, 0.0012, 0.9361, 3, 5.8627e-08, 4, 0, 1, 2, 3, 0.0003, 0.069, 1, 1, 3, 2, 2, 0.114, 2, 10, 8, 0],
      [8, 34, 46, 12, 149, 26, 0, 0.3236, 1.6889, 0, 0.4142, 1, 16, 18, 11.9978, 17, 21, 14, 6, 0.4142, 11, 8, 5, 3, 6, 15, 0.0003, 6, 0.3633, 12.9999, 2.0349, 17, 2, 17, 3, 11, 16, 7, 3, 0.7516, 6, 4, 14, 6.0001, 11, 0.9098, 35, 53, 28, 0],
      [10, 43, 111, 10, 231, 48, 0, 0.5963, 3.2475, 2.441, 0.4869, 4, 18, 18, 9.0008, 17, 26, 15, 12, 0.2652, 13, 10, 9, 8, 14, 29, 1.9998, 10, 1.3312, 13.0036, 6.1281, 24, 5, 32, 4, 20, 22, 13, 5.9998, 0.9153, 14, 13, 22, 10.9999, 21, 0.4792, 59, 99, 48, 1],
      [1, 1.3103e-22, 1, 1.4397e-11, 5, 1, 0, 0, 0, 0, 0, 9.2461e-10, 1.1362e-12, 3.2013e-14, 0.0018, 1.3832e-09, 1, 1.9418e-14, 2.2188e-10, 0, 1.1712e-19, 2.6377e-10, 1.5813e-06, 1.011e-06, 2.707e-07, 1, 1.3531e-06, 1.1426e-11, 0, 0, 0.0026, 1.9891e-11, 6.6617e-08, 1, 0, 1.4014e-10, 3.2734e-07, 2.0953e-09, 0.0001, 0, 7.9719e-11, 1.358e-12, 1, 6.9908e-06, 8.2232e-14, 0, 1, 5, 2, 0]
    ],
    [
      [10, 35, 60, 8, 128, 31, 0, 0, 1.6429, 0.2834, 0, 12, 12, 11, 6.0011, 11, 14, 11, 12, 0.1926, 15, 7, 7, 5, 14, 23, 7.9997, 11, 0.5512, 7.0024, 2.0782, 16, 10, 23, 7, 10, 18, 11, 3, 1.3304, 13, 13, 14, 6.9999, 21, 0.6952, 19, 93, 63, 0],
      [18, 44, 13, 11, 148, 48, 0.4516, 0.422, 0.5956, 0, 1.2776, 23, 14, 13, 3.002, 10, 13, 24, 21, 1.1041, 28, 16, 14, 13, 25, 37, 9.9998, 27, 1.1165, 4.0012, 6.8138, 20, 16, 18, 11.9999, 12, 16, 20, 10.9999, 1.047, 19, 21, 27, 13, 20, 2.1781, 7, 66, 58, 0],
      [121, 301, 118, 61, 844, 209, 0.7891, 1.1467, 6.6451, 0, 4.0113, 65, 101, 117, 52.9958, 84, 94, 218, 73, 1.633, 151, 94, 29, 37, 73, 134, 35.001, 97, 4.1045, 46.9976, 22.281, 106, 59, 80, 41, 68, 121, 59, 34.0007, 6.4712, 65, 55, 125, 28, 99, 15.2329, 84, 308, 234, 0],
      [142, 380, 282, 49, 1303, 386, 3.7593, 2.4314, 11.1164, 2.7166, 4.7111, 170, 111, 113, 37.0009, 80, 115, 227, 131, 1.0703, 179, 111, 53, 82.0001, 152, 260, 96.9997, 160, 10.2278, 46.9976, 48.7161, 151, 131, 151, 60.0001, 124, 162, 112, 65.9995, 12.1514, 135, 168, 197, 52, 185, 10.8938, 143, 579, 395, 3],
      [15, 8, 4, 3, 31, 13, 0, 0, 0, 0, 0, 5, 2, 3, 1.0002, 2, 5, 7, 3, 0, 5, 2, 1, 2, 7, 11, 0.9999, 2, 0, 1.0012, 2.1108, 2.7037e-14, 6, 5, 1, 3, 2, 6, 1.9999, 0, 4, 7, 10, 2.0001, 3, 0, 3, 31, 18, 0]
    ],
    [
      [10, 41, 43, 14, 124, 24, 0, 0, 1.1299, 0, 0, 6, 18, 17, 14.0007, 19, 21, 19, 9, 0.4359, 17, 10, 5, 3, 12, 18, 4.0003, 8, 0.7051, 13.0036, 1.0061, 19, 5, 19, 7, 10, 21, 8, 2.9999, 1.042, 9, 6, 12, 5.0001, 17, 1.5426, 18, 62, 50, 0],
      [18, 49, 8, 15, 144, 36, 0.388, 0.295, 0.185, 0, 0.6235, 10, 18, 20, 3.9968, 17, 15, 38, 15, 2.1404, 32, 21, 13, 8, 19, 31, 4.0002, 20, 1.5532, 3.9975, 3.1664, 26, 10, 14, 10.0002, 13, 18, 13, 6.9998, 0.6342, 14, 8, 27, 8, 17, 3.8902, 5, 42, 46, 0],
      [132, 355, 86, 109, 829, 167, 0.8917, 0.959, 4.4925, 0, 2.5745, 33, 149, 180, 119.0062, 149, 137, 365, 61, 3.422, 172, 135, 27, 26, 60, 118, 19.9986, 80, 3.9399, 81.0072, 17.6141, 137, 40, 69, 41.9999, 77, 146, 46, 30.999, 6.2082, 52, 29, 129, 23.9998, 83, 34.8012, 78, 207, 187, 0],
      [152, 444, 205, 88, 1277, 306, 3.7203, 1.746, 7.1927, 0, 2.802, 86, 165, 174, 84.9963, 143, 165, 378, 105, 2.0017, 204, 160, 47, 57, 124, 224, 53.0007, 128, 8.8019, 78.9917, 36.2456, 194, 85, 130, 58.9999, 138, 193, 84, 55.001, 10.1157, 103, 82, 199, 42.0001, 153, 22.766, 130, 385, 320, 0],
      [16, 10, 3, 6, 31, 10, 0, 0, 0, 0, 0, 2, 3, 5, 2, 4, 8, 11, 3, 0, 5, 4, 1, 1, 6, 9, 0.0002, 1, 0, 2, 0.9678, 2.0129e-11, 3, 4, 1, 4, 2, 4, 1.0002, 0, 3, 3, 10, 1, 2, 0, 2, 20, 15, 0]
    ],
    [
      [1, 6, 5, 2, 22, 5, 0, 0, 0.1541, 0.0736, 0, 1, 2, 1, 1.0004, 2, 2, 2, 3, 0.2237, 3, 1, 1, 1, 4, 4, 1.0001, 2, 0.1841, 1, 0.005, 3, 1, 4, 1, 1, 3, 2, 0.0002, 0.1228, 2, 2, 2, 3, 4, 0.1683, 1, 10, 12, 0],
      [2, 7, 1, 3, 26, 8, 0.1604, 0, 0.0383, 0, 0, 3, 2, 2, 2.1088e-07, 2, 1, 4, 4, 1.2927, 6, 3, 3, 2, 6, 7, 1, 6, 0.3805, 4.6182e-06, 0.0797, 4, 3, 3, 2, 2, 3, 3, 1.0001, 0.1048, 4, 2, 6, 4, 4, 0.6011, 3.607e-09, 7, 11, 0],
      [23, 53, 11, 21, 151, 39, 0.3193, 0, 0.4776, 0, 0, 9, 19, 18, 8.9993, 17, 16, 48, 19, 2.1452, 39, 19, 9, 8, 20, 27, 6.0001, 23, 1.2934, 9.9965, 0.9836, 21, 12, 14, 11.0001, 13, 27, 11, 3.9998, 0.645, 16, 8, 29, 12, 23, 5.1248, 5, 34, 44, 0],
      [26, 69, 27, 19, 236, 74, 1.5204, 0, 1.33, 0.9264, 0, 26, 24, 20, 8.0015, 18, 23, 52, 36, 1.3384, 47, 26, 16.9999, 20, 42, 54, 18.9999, 41, 3.142, 8.0035, 5.9165, 31, 28, 28, 17.9999, 26, 35, 24, 10.9999, 1.1275, 31, 29, 48, 25, 45, 4.1058, 10, 67, 77, 0],
      [2, 2, 1, 1, 5, 4, 0, 0, 0, 0, 0, 7.2288e-09, 4.1443e-13, 1, 0.9988, 4.6103e-10, 1, 1, 1, 0, 1, 4.0693e-10, 6.2626e-08, 1, 2, 2, 0.9999, 5.1293e-12, 0, 1.0272e-06, 0.0151, 6.036e-17, 1, 1.4021e-10, 1, 1, 1.6367e-07, 1, 0.0001, 0, 7.8039e-10, 1, 2, 1, 4.4557e-09, 0, 3.1937e-12, 3, 3, 0]
    ],
    [
      [4.7009e-15, 3, 11, 1, 11, 4, 0, 0, 0.1367, 0.084, 0, 1, 1, 1, 0.9988, 1, 2, 1, 1, 0.0599, 1, 8.5292e-11, 1, 9.8722e-06, 1, 2, 1, 1.5665e-11, 0.404, 0.9988, 0.0123, 1, 2.059e-07, 3, 1, 1, 1, 1, 0.0001, 0.2407, 1, 8.8155e-10, 1.6061e-12, 2.6327e-06, 1, 0.0968, 3, 11, 10, 0],
      [1, 3, 2, 1, 13, 6, 0, 0.203, 0.0539, 0, 0, 1, 1, 1, 0.0005, 1, 1, 2, 1, 0.2301, 2, 1, 2, 1, 2, 3, 1, 2, 0.8, 2.5721e-06, 0.0039, 2, 1, 2, 2, 1, 1, 1, 0.9999, 0.145, 2, 1, 2, 1, 1, 0.2167, 1, 7, 9, 0],
      [7, 26, 21, 10, 78, 28, 0, 0.5707, 0.696, 0, 0, 5, 12, 10, 8.0008, 9, 14, 22, 7, 0.3856, 14, 10, 6, 3, 6, 14, 4, 7, 2.2989, 8.9987, 2.0864, 11, 4, 11, 8, 10, 13, 5, 4.0005, 0.9241, 8, 3, 9, 2, 9, 1.9312, 14, 37, 37, 0],
      [9, 33, 52, 8, 121, 51, 0, 1.2263, 1.1135, 0.916, 0, 13, 13, 10, 6.0005, 9, 17, 23, 12, 0.3244, 16, 12, 10, 8, 15, 29, 11.9999, 13, 6.4971, 11.0036, 3.9938, 16, 10, 22, 11.0001, 18, 19, 10, 6.9997, 1.6902, 19, 10, 15, 5.0001, 17, 1.7553, 25, 70, 63, 1],
      [3, 2, 2, 3, 5, 3, 0, 0, 0, 0, 0, 2, 3, 2, 0.9993, 2, 2, 3, 2, 0, 2, 2, 2, 2, 2, 3, 1.0001, 2, 0, 0.9988, 1.9037, 2, 2, 2, 2, 2, 2, 2, 1.9997, 0, 2, 3, 2, 2, 2, 0, 2, 6, 5, 0]
    ]
  ],
  "V_est": [
    [202.3923, 111.81, 686.8986, 1109.8946, 20.0045],
    [805.7769, 948.0091, 4784.31, 7588.7919, 239.1121],
    [745.8662, 849.8704, 5041.9139, 7296.3815, 218.9681],
    [124.9324, 160.6576, 908.9847, 1484.4115, 41.0138],
    [81.0322, 84.6529, 523.8929, 858.5205, 93.9015]
  ],
  "p_est": [
    [0.095, 0.0525, 0.3223, 0.5208, 0.0094],
    [0.0561, 0.066, 0.333, 0.5282, 0.0166],
    [0.0527, 0.06, 0.3562, 0.5155, 0.0155],
    [0.0459, 0.0591, 0.3342, 0.5457, 0.0151],
    [0.0494, 0.0516, 0.3191, 0.5228, 0.0572]
  ],
  "EI_Z": {},
  "EI_V": 38.626,
  "MAE_Z": {},
  "MAE_V": 1081.8996,
  "MAE_p": 0.1376,
  "runtime": 0.3518
}
