{
  "Z_true": {},
  "V_true": [
    [51, 1428, 313, 46, 101, 1],
    [56, 69, 2257, 104, 197, 0],
    [230, 94, 392, 5489, 393, 1],
    [337, 45, 295, 232, 7736, 1],
    [394, 530, 636, 1140, 1608, 28]
  ],
  "p_true": [
    [0.0263, 0.7361, 0.1613, 0.0237, 0.0521, 0.0005],
    [0.0209, 0.0257, 0.8412, 0.0388, 0.0734, 0],
    [0.0349, 0.0142, 0.0594, 0.8318, 0.0596, 0.0002],
    [0.039, 0.0052, 0.0341, 0.0268, 0.8947, 0.0001],
    [0.0909, 0.1222, 0.1467, 0.2629, 0.3708, 0.0065]
  ],
  "Z_est": [
    [
      [0.0001, 0.0001, 0.0014, 0.0035, 0.0002, 0.0006, 0, 0.0003, 0.0005, 0.0031, 0.0007, 0, 0.0041, 0, 0, 0, 0, 0, 0, 0.0009, 0.001, 0, 0.0122, 0, 0.0003, 0.0007, 0, 0, 0, 0, 0, 0.0075, 0.0013, 0, 0, 0, 0.0001, 0.0019, 0.0016, 0.0058, 0, 0, 0, 0, 0, 0],
      [6.5604, 9.5556, 4.874, 11.5919, 3.7975, 6.8643, 12.9772, 8.4114, 5.8358, 10.7234, 8.6125, 31.5595, 20.6401, 21.7295, 47.8245, 37.6784, 65.6416, 43.7053, 46.5546, 13.8806, 10.8284, 20.4113, 21.882, 3.3561, 3.212, 5.4204, 20.4094, 43.9886, 38.0351, 34.1061, 27.0166, 23.4981, 21.8093, 55.0274, 67.1864, 80.9785, 3.2292, 5.2326, 8.812, 12.2696, 3.847, 57.8011, 40.2843, 42.0315, 34.7451, 290.3634],
      [2.4347, 2.4158, 3.1123, 4.3434, 1.1975, 1.1241, 4.0193, 3.5792, 3.1502, 4.2171, 4.3761, 13.3183, 7.2851, 9.2705, 20.1755, 20.3216, 38.3584, 23.2947, 28.4454, 6.081, 4.1602, 6.5327, 6.9454, 1.6404, 1.7824, 1.5721, 6.5906, 21.0114, 15.6014, 17.8939, 9.9834, 9.4308, 10.0791, 16.8099, 22.8136, 29.0215, 0.7689, 2.7528, 3.1723, 3.6586, 2.1515, 16.1989, 11.2003, 15.9685, 14.693, 89.1206],
      [0.0046, 0.0104, 0, 0, 0, 0.0044, 0.0034, 0, 0.0038, 0, 0.0107, 0.1222, 0, 0, 0, 0, 0, 0, 0, 0, 0.0096, 0.0561, 0, 0, 0, 0.0026, 0, 0, 0.3634, 0, 0, 0, 0.1102, 0.1627, 0, 0, 0.0018, 0, 0, 0.0352, 0.0015, 0, 0.5154, 0, 0.5619, 0],
      [0.0001, 0.018, 0.0122, 0.0612, 0.0048, 0.0067, 0, 0.0092, 0.0097, 0.0561, 0, 0, 0.0707, 0, 0, 0, 0, 0, 0, 0.0375, 0.0008, 0, 0.1605, 0.0034, 0.0052, 0.0041, 0, 0, 0, 0, 0, 0.0637, 0, 0, 0, 0, 0, 0.0125, 0.014, 0.0308, 0, 0, 0, 0, 0, 0.5153],
      [0, 0.0001, 0.0001, 0, 0, 0, 0, 0, 0, 0.0002, 0, 0, 0, 0, 0, 0, 0, 0, 0, 0, 0, 0, 0, 0, 0, 0, 0, 0, 0, 0, 0, 0, 0, 0, 0, 0, 0, 0.0002, 0, 0, 0, 0, 0, 0, 0, 0.0007]
    ],
    [
      [0.0007, 0.0003, 0.007, 0.006, 0.0021, 0.0014, 0, 0.0024, 0.0032, 0.0168, 0.0012, 0, 0.0064, 0, 0, 0, 0, 0, 0, 0.003, 0.006, 0, 0.0392, 0.0003, 0.0057, 0.0046, 0, 0, 0, 0, 0, 0.0247, 0.0044, 0, 0, 0, 0.001, 0.0146, 0.0296, 0.7605, 0, 0, 0, 0, 0, 0],
      [0.4584, 0.4015, 0.1655, 0.3288, 0.3444, 0.4418, 0.8285, 0.4903, 0.2397, 0.5101, 0.2024, 0.4562, 0.6199, 0.5454, 0, 0, 0, 0, 0, 0.501, 0.5853, 0.9963, 1.0038, 0.1585, 0.244, 0.3784, 0.9494, 0, 0.3489, 0, 0.6602, 0.8953, 0.673, 1.7779, 0.8694, 0.8285, 0.3603, 0.2353, 0.8819, 0.5856, 0.1663, 1.5951, 1.1739, 0.5684, 0, 9.7159],
      [26.4286, 14.5842, 17.7649, 20.5591, 17.5906, 11.4934, 42.0719, 33.3658, 22.6183, 34.1651, 16.7446, 71.0932, 34.2293, 38.4546, 92, 108, 119, 93, 123, 36.3662, 35.2748, 45.7354, 50.4394, 12.7899, 22.6388, 17.5284, 44.0506, 80.9103, 73.7957, 69, 43.3398, 58.8302, 56.8425, 100.6741, 63.1306, 100.1715, 13.5831, 21.6463, 49.8345, 28.3414, 18.787, 56.4049, 47.2435, 69.4316, 86.0644, 399.6711],
      [0.11, 1.9767, 0, 0, 0, 0.0479, 0.0996, 0.0668, 0.0745, 0, 0.0518, 0.4505, 0.033, 0, 0, 0, 0, 0, 0, 0.0004, 0.1281, 0.2683, 0, 0.0276, 0, 0.0606, 0, 0.0897, 0.8554, 0, 0, 0.0379, 0.4801, 0.548, 0, 0, 0.0556, 0.0071, 0, 0.2033, 0.0466, 0, 0.5827, 0, 1.9356, 0],
      [0.0022, 0.0369, 0.0623, 0.1061, 0.0626, 0.0154, 0, 0.0744, 0.064, 0.3067, 0, 0, 0.1115, 0, 0, 0, 0, 0, 0, 0.1294, 0.0056, 0, 0.5175, 0.0237, 0.1109, 0.0277, 0, 0, 0, 0, 0, 0.212, 0, 0, 0, 0, 0, 0.0952, 0.254, 0.1093, 0, 0, 0, 0, 0, 0.6113],
      [0, 0.0004, 0.0003, 0, 0.0004, 0, 0, 0.0003, 0.0003, 0.0014, 0, 0, 0, 0, 0, 0, 0, 0, 0, 0, 0.0002, 0, 0, 0, 0.0005, 0.0003, 0, 0, 0, 0, 0, 0, 0, 0, 0, 0, 0, 0.0016, 0, 0, 0, 0, 0, 0, 0, 0.0017]
    ],
    [
      [10.2463, 0.4448, 10.0739, 5.7282, 4.0378, 3.0709, 3.6559, 6.1609, 6.726, 7.8874, 6.3521, 3.8463, 2.8161, 7.79, 4.5636, 1.0307, 1.5919, 2.9306, 1.9469, 4.5047, 7.9062, 5.1618, 10.4705, 4.7081, 7.9201, 5.8646, 2.7081, 4.3656, 4.9183, 3.4034, 4.5305, 9.1654, 7.5197, 2.9124, 2.3079, 2.7267, 5.0039, 8.7707, 7.1136, 6.8175, 1.2587, 3.5091, 3.5066, 5.5437, 2.7057, 19.1277],
      [3.7572, 1.072, 0.5225, 1.2846, 2.7867, 4.5628, 8.5879, 2.9453, 0.3832, 1.632, 1.8383, 6.2658, 3.4503, 4.7628, 12.4492, 8.034, 5.5077, 8.6434, 6.3323, 3.0211, 4.3743, 6.6943, 5.3111, 0.8262, 0.9836, 2.851, 7.5727, 9.4427, 5.9255, 6.8357, 7.323, 4.9905, 2.5582, 13.1054, 16.3276, 19.2544, 4.8136, 0.9274, 4.4096, 2.6671, 0.7488, 10.0371, 8.5959, 7.0144, 5.6373, 53.5811],
      [0.0018, 0, 1.7493, 0.8556, 1.3778, 0, 8.0797, 2.8806, 0, 0.2113, 4.3895, 8.4992, 3.4099, 7.0567, 13.3462, 19.6519, 14.6289, 14.974, 22.008, 5.5029, 3.9367, 5.7321, 1.1664, 0.3331, 0.0034, 0, 7.1234, 15.741, 7.1076, 12.8195, 8.6157, 6.3921, 6.192, 6.6431, 9.3003, 12.032, 1.2757, 1.2952, 3.7896, 0, 2.7861, 4.8993, 3.8294, 8.378, 7.4008, 37.4769],
      [143.0698, 84.1357, 72.2459, 54.1604, 53.9446, 66.6269, 127.7971, 106.8478, 83.2013, 70.3745, 94.5136, 123.8059, 69.8261, 89.8045, 108.5596, 133.1279, 112.2214, 86.5851, 85.7128, 103.9692, 115.7295, 118.6658, 102.957, 67.7325, 72.7232, 67.7166, 113.5179, 144.3355, 124.5101, 102.1059, 100.3779, 134.8469, 133.3572, 123.0559, 102.9705, 133.0854, 82.2693, 69.6743, 87.7396, 94.8568, 44.4448, 129.9871, 156.6454, 89.1504, 151.6825, 796.129],
      [11.9235, 8.3372, 9.3984, 6.9712, 6.8469, 6.7394, 9.8793, 11.1605, 8.6823, 9.8844, 7.9065, 6.5827, 7.4977, 7.5861, 4.0814, 1.1555, 7.05, 3.8669, 0, 12.0021, 10.0496, 7.746, 15.095, 7.4001, 9.3607, 6.5618, 11.0779, 3.1152, 5.5385, 2.8355, 9.153, 14.6051, 9.3729, 3.2832, 4.0937, 0.9014, 6.6375, 8.3046, 9.9476, 9.6586, 3.7617, 12.5675, 6.4227, 6.9135, 3.5738, 83.666],
      [0.0014, 0.0104, 0.01, 0, 0.0063, 0, 0, 0.0049, 0.0072, 0.0104, 0, 0, 0, 0, 0, 0, 0, 0, 0, 0, 0.0037, 0, 0, 0, 0.0089, 0.0061, 0, 0, 0, 0, 0, 0, 0, 0, 0, 0, 0, 0.0278, 0, 0, 0, 0, 0, 0, 0, 0.0193]
    ],
    [
      [13.5731, 0, 18.4776, 7.3227, 7.418, 3.1815, 11.4376, 7.5296, 3.7908, 7.2855, 12.5442, 7.9458, 7.7464, 17.5219, 9.4051, 1.8836, 3.7102, 5.6624, 4.6287, 6.5908, 14.9217, 12.206, 12.6816, 2.8466, 9.2388, 8.7909, 7.2954, 6.8714, 10.6615, 7.666, 10.259, 14.0886, 12.0036, 4.7708, 3.908, 5.8168, 7.6391, 13.1581, 14.5921, 6.6627, 2.0668, 4.071, 4.9079, 12.6231, 4.9887, 37.6297],
      [0, 0, 0, 0, 0, 0.4528, 1.8324, 0, 0, 0, 0, 0, 0, 0.2197, 1.6332, 0, 4.7628, 0.288, 3.2529, 0, 0, 0.7101, 0, 0, 0, 0, 1.4295, 0.2563, 0, 0.1684, 2.0527, 0, 0, 1.5511, 2.713, 3.4697, 0.2542, 0, 0, 0, 0, 1.8389, 0.7359, 4.1223, 0, 13.8043],
      [0, 0, 0, 0, 0, 0, 1.9661, 0, 0, 0, 0, 1.6466, 0, 1.6809, 4.5682, 6.1051, 12.5798, 4.8632, 4.6627, 0, 0, 0, 0, 0, 0, 0, 1.0368, 2.8228, 0.7602, 5.2851, 2.8546, 0, 0, 0.1635, 1.5481, 2.8828, 0, 0, 0, 0, 0.9342, 0, 0, 3.5219, 0.0854, 0],
      [24.719, 7.7654, 3.9454, 4.0011, 3.6707, 5.8278, 14.1438, 11.2163, 9.4564, 3.9042, 10.4693, 9.7957, 6.9743, 5.947, 4.778, 6.903, 2.9376, 2.6883, 3.2042, 7.1318, 12.0866, 11.4633, 4.0015, 7.8317, 5.0021, 8.0374, 8.4757, 6.843, 11.6342, 6.2323, 4.7122, 8.5224, 13.0685, 6.5187, 3.5295, 6.8279, 8.0543, 4.8507, 5.9153, 8.8792, 5.8259, 6.399, 12.5638, 3.4973, 12.8502, 58.893],
      [301.9669, 181.7241, 163.911, 135.6762, 152.1958, 90.5378, 221.9296, 206.5977, 148.0246, 158.1968, 141.9865, 127.612, 144.2793, 115.6305, 115.133, 122.1084, 152.0097, 92.4345, 72.8024, 168.2774, 171.2982, 140.0595, 184.3169, 158.3217, 166.0897, 121.5123, 190.7625, 98.6792, 124.9442, 108.0594, 141.4601, 168.389, 147.9279, 90.9959, 92.3013, 125.4405, 105.0524, 117.5932, 145.4926, 111.458, 91.4653, 132.6911, 120.7924, 120.2355, 114.4491, 1405.8388],
      [0.7409, 1.5105, 0.6661, 0, 0.7155, 0, 0.6904, 0.6563, 0.7282, 0.6135, 0, 0, 0, 0, 0.4824, 0, 0, 1.0636, 0.4492, 0, 0.6934, 0.561, 0, 0, 0.6693, 0.6594, 0, 0.5272, 0, 0.5888, 0.6615, 0, 0, 0, 0, 0.5623, 0, 1.3981, 0, 0, 0.7079, 0, 0, 0, 0.6266, 3.8342]
    ],
    [
      [10.1797, 2.5547, 16.4401, 7.9395, 5.542, 5.7455, 7.9065, 8.3067, 4.4795, 10.8072, 10.102, 9.2079, 10.4271, 18.6882, 15.0313, 2.0857, 3.6979, 7.407, 7.4244, 5.9005, 11.165, 14.6322, 12.7965, 4.445, 9.835, 9.3391, 5.9965, 8.763, 9.4203, 7.9307, 8.2106, 13.7139, 11.471, 5.3168, 4.7841, 6.4565, 7.3559, 10.0547, 9.263, 8.7535, 1.6746, 5.4199, 5.5856, 8.8333, 4.3056, 36.2426],
      [7.2239, 3.9709, 3.438, 4.7947, 5.0714, 5.6782, 11.7739, 7.153, 2.5413, 6.1345, 4.3467, 8.7184, 7.2898, 7.7427, 15.0931, 7.2876, 8.0878, 7.3632, 7.8602, 5.5973, 6.212, 12.188, 7.8031, 3.6592, 3.5603, 5.3502, 10.6389, 8.3123, 6.6905, 6.8897, 7.9476, 7.6161, 5.9595, 8.5382, 9.9035, 12.469, 6.3427, 2.6047, 4.8966, 3.4777, 2.2379, 10.7277, 9.21, 6.2633, 5.6176, 80.5353],
      [6.1349, 0, 5.3735, 4.2419, 3.8341, 0.3826, 8.863, 7.1744, 3.2315, 5.4065, 5.4899, 9.4427, 5.0757, 8.5372, 16.9101, 10.9214, 12.433, 10.8682, 13.8839, 6.0499, 5.6283, 8.9999, 5.4488, 4.2366, 4.5754, 2.8995, 8.1987, 10.5144, 6.7351, 10.0015, 7.2065, 7.347, 6.8864, 5.7094, 7.2074, 9.8922, 3.3723, 3.3058, 4.2035, 0, 3.3412, 6.497, 5.7268, 5.7, 5.7565, 55.7314],
      [35.0966, 18.1119, 19.8088, 16.8386, 14.3847, 14.493, 30.956, 30.8691, 16.264, 22.7213, 21.9545, 32.8256, 25.1667, 24.2486, 34.6623, 26.9691, 26.841, 20.7266, 24.083, 21.8987, 24.0462, 38.5465, 22.0415, 21.4081, 20.2747, 19.1827, 28.0063, 28.7318, 26.6369, 23.6618, 19.91, 27.5928, 28.9839, 22.7148, 20.5, 29.0866, 18.619, 13.4679, 15.3451, 14.0255, 11.6812, 27.614, 31.6927, 15.3523, 25.9698, 213.978],
      [47.1072, 25.8837, 36.6161, 31.1853, 26.89, 21.7007, 44.191, 48.1583, 24.2194, 44.556, 30.107, 41.8053, 41.0408, 35.7834, 50.7856, 35.7361, 40.9403, 33.6986, 33.1976, 36.5535, 33.6458, 48.1945, 42.9101, 34.2511, 36.4334, 27.8942, 45.1596, 35.2057, 31.5173, 31.1051, 32.3869, 43.7302, 36.6992, 28.7209, 31.605, 38.6581, 25.3102, 21.9945, 25.2919, 19.7432, 16.773, 43.7414, 35.7849, 23.851, 27.9771, 354.3686],
      [0.2576, 0.4786, 0.3235, 0, 0.2779, 0, 0.3096, 0.3385, 0.2643, 0.3745, 0, 0, 0, 0, 0.5176, 0, 0, 0.9364, 0.5508, 0, 0.3027, 0.439, 0, 0, 0.3212, 0.3343, 0, 0.4728, 0, 0.4112, 0.3385, 0, 0, 0, 0, 0.4377, 0, 0.5724, 0, 0, 0.2921, 0, 0, 0, 0.3734, 2.1441]
    ]
  ],
  "V_est": [
    [0.0479, 1394.7998, 542.0742, 1.98, 1.0966, 0.0014],
    [0.941, 32.1855, 2638.6895, 8.238, 2.9387, 0.0073],
    [245.3515, 300.6477, 302.8924, 5330.7969, 419.195, 0.1164],
    [410.0213, 45.5485, 59.9679, 401.9951, 7708.6609, 19.8063],
    [411.6384, 392.8185, 349.3759, 1267.99, 1903.1087, 11.0685]
  ],
  "p_est": [
    [0, 0.719, 0.2794, 0.001, 0.0006, 7.467e-07],
    [0.0004, 0.012, 0.9835, 0.0031, 0.0011, 2.7194e-06],
    [0.0372, 0.0456, 0.0459, 0.8078, 0.0635, 0],
    [0.0474, 0.0053, 0.0069, 0.0465, 0.8916, 0.0023],
    [0.0949, 0.0906, 0.0806, 0.2924, 0.4389, 0.0026]
  ],
  "EI_Z": {},
  "EI_V": 6.4538,
  "MAE_Z": {},
  "MAE_V": 104.1382,
  "MAE_p": 0.0287,
  "runtime": 0.006
}
