{
  "Z_true": {},
  "V_true": [
    [51, 1428, 313, 46, 101, 1],
    [56, 69, 2257, 104, 197, 0],
    [230, 94, 392, 5489, 393, 1],
    [337, 45, 295, 232, 7736, 1],
    [394, 530, 636, 1140, 1608, 28]
  ],
  "p_true": [
    [0.0263, 0.7361, 0.1613, 0.0237, 0.0521, 0.0005],
    [0.0209, 0.0257, 0.8412, 0.0388, 0.0734, 0],
    [0.0349, 0.0142, 0.0594, 0.8318, 0.0596, 0.0002],
    [0.039, 0.0052, 0.0341, 0.0268, 0.8947, 0.0001],
    [0.0909, 0.1222, 0.1467, 0.2629, 0.3708, 0.0065]
  ],
  "Z_est": [
    [
      [0.0001, 0.0001, 0.0013, 0.0033, 0.0001, 0.0005, 0, 0.0003, 0.0005, 0.0029, 0.0008, 0, 0.0042, 0, 0, 0, 0, 0, 0, 0.0007, 0.001, 0, 0.0106, 0, 0.0002, 0.0007, 0, 0, 0, 0, 0, 0.0067, 0.0019, 0, 0, 0, 0.0001, 0.0018, 0.0014, 0.0054, 0, 0, 0, 0, 0, 0],
      [6.4352, 9.4094, 4.8083, 11.4865, 3.7506, 6.794, 12.7722, 8.2795, 5.658, 10.6073, 8.4327, 31.0092, 20.4758, 21.4482, 47.2561, 36.7292, 64.426, 42.881, 45.623, 13.5819, 10.5948, 20.1879, 21.5478, 3.316, 3.1541, 5.3594, 20.1219, 43.0556, 37.2988, 33.4301, 26.5612, 23.026, 21.3138, 54.0844, 66.2682, 79.8213, 3.1811, 5.0918, 8.593, 11.9946, 3.7508, 57.0846, 39.6532, 41.2729, 33.8993, 287.0097],
      [2.5576, 2.5588, 3.1782, 4.4486, 1.2443, 1.193, 4.2223, 3.7081, 3.3259, 4.3329, 4.5528, 13.8612, 7.4465, 9.5518, 20.7439, 21.2708, 39.574, 24.119, 29.377, 6.3793, 4.3914, 6.7468, 7.2847, 1.6792, 1.8404, 1.6317, 6.8781, 21.9444, 16.331, 18.5699, 10.4388, 9.9079, 10.5677, 17.761, 23.7318, 30.1787, 0.8162, 2.8942, 3.3927, 3.9329, 2.2468, 16.9154, 11.8205, 16.7271, 15.5481, 92.4212],
      [0.0069, 0.0134, 0, 0, 0, 0.0068, 0.0055, 0.0026, 0.0059, 0, 0.0137, 0.1297, 0, 0, 0, 0, 0, 0, 0, 0, 0.0127, 0.0652, 0, 0.0012, 0, 0.0044, 0, 0, 0.3702, 0, 0, 0, 0.1166, 0.1546, 0, 0, 0.0026, 0, 0, 0.0399, 0.0025, 0, 0.5263, 0, 0.5526, 0],
      [0.0002, 0.0181, 0.0121, 0.0617, 0.0049, 0.0057, 0, 0.0096, 0.0097, 0.0567, 0, 0, 0.0735, 0, 0, 0, 0, 0, 0, 0.038, 2.9785e-06, 0, 0.1568, 0.0036, 0.0053, 0.0039, 0, 0, 0, 0, 0, 0.0594, 0, 0, 0, 0, 0, 0.012, 0.0129, 0.0272, 0, 0, 0, 0, 0, 0.5677],
      [0, 0.0001, 0.0001, 0, 0, 0, 0, 0, 0, 0.0003, 0, 0, 0, 0, 0, 0, 0, 0, 0, 0, 2.7058e-06, 0, 0, 0, 0, 0, 0, 0, 0, 0, 0, 0, 0, 0, 0, 0, 0, 0.0002, 0, 0, 0, 0, 0, 0, 0, 0.0014]
    ],
    [
      [0.0007, 0.0002, 0.0065, 0.0056, 0.0017, 0.0011, 0, 0.0024, 0.003, 0.0156, 0.0013, 0, 0.0065, 0, 0, 0, 0, 0, 0, 0.0026, 0.0058, 0, 0.0342, 0.0003, 0.0052, 0.0043, 0, 0, 0, 0, 0, 0.0222, 0.0063, 0, 0, 0, 0.0009, 0.0133, 0.0249, 0.7674, 0, 0, 0, 0, 0, 0],
      [0.6803, 0.5947, 0.2608, 0.5156, 0.5196, 0.6431, 1.271, 0.749, 0.3634, 0.8053, 0.3077, 1.0559, 0.9593, 0.8634, 0.5354, 0, 0, 0, 0, 0.7624, 0.8662, 1.4769, 1.5035, 0.2458, 0.3767, 0.5709, 1.3929, 0.54, 0.9539, 0.005, 1.0371, 1.361, 1.0696, 2.7633, 1.5077, 1.8125, 0.5258, 0.3588, 1.2774, 0.8602, 0.2784, 2.2364, 1.6895, 1.1327, 0.3226, 14.089],
      [26.2028, 14.4412, 17.6647, 20.366, 17.4086, 11.2911, 41.6388, 33.0972, 22.493, 33.8552, 16.6402, 70.507, 33.8726, 38.1366, 91.4646, 108, 119, 93, 123, 36.0951, 34.9938, 45.2458, 49.9418, 12.6993, 22.4976, 17.3306, 43.6025, 80.46, 73.2114, 68.995, 42.9612, 58.3766, 56.4563, 99.7485, 62.4923, 99.1875, 13.4192, 21.5201, 49.4518, 28.0671, 18.6795, 55.7558, 46.7385, 68.8673, 85.8232, 395.1056],
      [0.1048, 1.9155, 0, 0, 0, 0.0468, 0.0902, 0.0628, 0.068, 0, 0.0493, 0.437, 0.0364, 0, 0, 0, 0, 0, 0, 0, 0.1225, 0.2751, 0, 0.0262, 0, 0.0606, 0, 0, 0.8347, 0, 0, 0.028, 0.4678, 0.4882, 0, 0, 0.0541, 0.0051, 0, 0.1996, 0.04, 0, 0.572, 0, 1.8543, 0],
      [0.01, 0.0442, 0.0664, 0.1127, 0.0682, 0.0179, 0, 0.0864, 0.0701, 0.3198, 0.0014, 0, 0.1251, 0, 0, 0, 0, 0, 0, 0.1399, 0.0093, 0, 0.5205, 0.0285, 0.1181, 0.0314, 0.0046, 0, 0, 0, 0, 0.2122, 0, 0, 0, 0, 0, 0.0968, 0.2459, 0.1058, 0, 0.0078, 0, 0, 0, 0.7827],
      [0.0014, 0.0043, 0.0017, 0, 0.0019, 0, 0, 0.0023, 0.0025, 0.0042, 0, 0, 0, 0, 0, 0, 0, 0, 0, 0, 0.0025, 0.0023, 0, 0, 0.0024, 0.0022, 0, 0, 0, 0, 0.0017, 0, 0, 0, 0, 0, 0, 0.0059, 0, 0, 0.002, 0, 0, 0, 0, 0.0227]
    ],
    [
      [8.4489, 0.5002, 10.7632, 5.5928, 4.2526, 2.4507, 4.1369, 6.5505, 5.4661, 6.8172, 6.7916, 4.3141, 3.1664, 8.7196, 5.2449, 1.1436, 1.8291, 3.3762, 2.3785, 4.5958, 8.3349, 5.8232, 10.0904, 3.885, 6.7863, 5.0696, 3.0541, 4.972, 5.5302, 3.9185, 5.1006, 9.6907, 7.9798, 3.2782, 2.6209, 3.142, 5.2932, 9.2002, 7.3737, 6.0504, 1.3196, 3.633, 3.703, 6.2417, 3.0476, 20.3541],
      [4.3558, 1.3805, 0.8246, 1.6369, 3.1373, 4.9725, 9.4802, 3.5008, 0.7103, 2.0306, 2.3364, 7.0335, 3.9003, 5.3666, 13.6257, 9.7393, 6.3722, 10.0787, 8.6129, 3.6302, 4.9557, 7.435, 5.9062, 1.1093, 1.2606, 3.1953, 8.3917, 10.5198, 6.6892, 8.0334, 8.0903, 5.7623, 3.2634, 13.851, 17.3299, 20.3676, 5.2898, 1.2215, 4.791, 3.0261, 0.9695, 10.9732, 9.4716, 7.6876, 6.7274, 59.382],
      [0, 0, 0, 0, 0.1683, 0, 5.0435, 0.5018, 0, 0, 2.3915, 5.5547, 1.7104, 4.4935, 9.41, 15.4555, 11.0689, 11.3489, 17.9757, 3.3141, 1.8608, 3.0205, 0, 0, 0, 0, 4.3414, 11.9897, 4.4901, 9.3656, 5.8986, 3.6588, 3.5988, 4.2957, 6.6051, 8.6717, 0.0156, 0, 2.3411, 0, 1.7074, 2.3852, 1.4058, 6.0069, 4.4054, 19.4546],
      [143.8266, 83.488, 72.7322, 54.5677, 54.3427, 66.7358, 128.9404, 107.8229, 83.8218, 70.9393, 95.2748, 125.0746, 70.4352, 90.572, 110.0173, 134.6882, 114.0075, 87.7301, 87.0329, 104.9806, 116.4731, 119.6172, 103.5443, 68.3173, 73.2781, 67.994, 114.6125, 145.8554, 125.5089, 103.3394, 101.332, 135.8664, 134.4217, 123.994, 103.9157, 134.3486, 82.6118, 70.0502, 88.2895, 95.1456, 45.0132, 130.9733, 157.6424, 89.8633, 152.8683, 803.4065],
      [12.3677, 8.6208, 9.67, 7.2026, 7.0927, 6.8409, 10.3989, 11.6187, 8.9944, 10.202, 8.2056, 7.0231, 7.7877, 7.8483, 4.7021, 1.9734, 7.7223, 4.466, 0, 12.4793, 10.3732, 8.1041, 15.4591, 7.6884, 9.6656, 6.736, 11.6002, 3.6631, 5.7816, 3.3431, 9.5786, 15.0218, 9.7363, 3.5811, 4.5284, 1.4701, 6.7895, 8.5021, 10.2047, 9.7779, 3.9903, 13.0353, 6.7771, 7.2004, 3.9514, 87.3816],
      [0.001, 0.0105, 0.01, 0, 0.0063, 0, 0, 0.0052, 0.0074, 0.0109, 0, 0, 0, 0, 0, 0, 0, 0, 0, 0, 0.0024, 0, 0, 0, 0.0094, 0.0051, 0, 0, 0, 0, 0, 0, 0, 0, 0, 0, 0, 0.0259, 0, 0, 0, 0, 0, 0, 0, 0.0212]
    ],
    [
      [13.0715, 0, 17.7952, 6.941, 7.1757, 3.0518, 10.9773, 7.1524, 3.7052, 6.7858, 12.1845, 7.6037, 7.29, 16.8102, 8.9587, 1.8216, 3.5381, 5.3663, 4.3817, 6.5522, 14.5503, 11.6342, 12.2649, 2.5748, 8.785, 8.3794, 6.9822, 6.4831, 10.171, 7.298, 9.783, 13.7267, 11.6777, 4.5008, 3.6881, 5.5056, 7.366, 12.7658, 14.3906, 6.4208, 2.0113, 4.0138, 4.7839, 12.0346, 4.7215, 36.5038],
      [0, 0, 0, 0, 0, 0.3977, 1.8294, 0, 0, 0, 0, 0, 0, 0.2718, 1.7135, 0, 5.872, 0.3553, 2.6552, 0, 0, 0.7442, 0, 0, 0, 0, 1.4344, 0.3377, 0, 0.2849, 2.0921, 0, 0, 1.521, 2.7486, 3.516, 0.2533, 0, 0, 0, 0, 1.8482, 0.7653, 4.2161, 0, 13.8265],
      [0, 0, 0, 0, 0, 0, 2.2362, 0, 0, 0, 0, 1.6971, 0, 1.7426, 4.5235, 6.3263, 11.7363, 4.9506, 4.6921, 0, 0, 0, 0, 0, 0, 0, 1.228, 2.9986, 0.9249, 5.3872, 3.1706, 0, 0, 0.3928, 1.7108, 3.0705, 0, 0, 0, 0, 0.9281, 0, 0, 3.885, 0.3307, 0],
      [25.321, 8.0155, 4.3445, 4.2946, 3.8774, 6.1254, 14.3484, 11.5341, 9.5627, 4.2518, 10.7065, 9.9806, 7.3408, 6.2507, 4.9737, 6.8674, 2.6883, 2.6908, 3.2564, 7.1777, 12.3666, 11.8649, 4.35, 8.1108, 5.3174, 8.4112, 8.6328, 6.8704, 11.8074, 6.2526, 4.742, 8.7504, 13.2812, 6.6103, 3.5807, 6.9205, 8.3476, 5.0716, 6.0644, 9.1163, 5.8294, 6.5533, 12.7578, 3.5505, 12.882, 60.5382],
      [301.8133, 181.3783, 164.1321, 135.7644, 152.1759, 90.4252, 221.8556, 206.5938, 147.9505, 158.284, 142.109, 127.7187, 144.3692, 115.9247, 115.2632, 121.9846, 152.1653, 92.4044, 73.4698, 168.2702, 171.3294, 140.1225, 184.3851, 158.3143, 166.1673, 121.4876, 190.7226, 98.6995, 125.0968, 108.1092, 141.4852, 168.5229, 148.0411, 90.9751, 92.2718, 125.3443, 105.033, 117.6505, 145.545, 111.4629, 91.4635, 132.5846, 120.693, 120.3138, 114.3662, 1404.9124],
      [0.7942, 1.6062, 0.7282, 0, 0.771, 0, 0.7532, 0.7197, 0.7817, 0.6785, 0, 0, 0, 0, 0.5674, 0, 0, 1.2326, 0.5448, 0, 0.7536, 0.6341, 0, 0, 0.7303, 0.7219, 0, 0.6107, 0, 0.668, 0.727, 0, 0, 0, 0, 0.6432, 0, 1.512, 0, 0, 0.7678, 0, 0, 0, 0.6997, 4.2191]
    ],
    [
      [12.4788, 2.4994, 16.4338, 8.4574, 5.5699, 6.4958, 7.8859, 8.2945, 5.8253, 12.3786, 10.0218, 9.0822, 10.533, 18.4701, 14.7964, 2.0348, 3.6328, 7.2575, 7.2398, 5.8487, 11.108, 14.5426, 13.5999, 5.5399, 11.4232, 10.5461, 5.9637, 8.5449, 9.2989, 7.7835, 8.1164, 13.5538, 11.3343, 5.221, 4.691, 6.3524, 7.3398, 10.0189, 9.2094, 9.756, 1.669, 5.3532, 5.5131, 8.7237, 4.231, 36.1421],
      [6.5287, 3.6154, 3.1063, 4.361, 4.5925, 5.1927, 10.6472, 6.4707, 2.2683, 5.5568, 3.9231, 7.9015, 6.6646, 7.05, 13.8693, 6.5315, 7.3298, 6.6849, 7.109, 5.0254, 5.5833, 11.156, 7.0425, 3.329, 3.2086, 4.8744, 9.6591, 7.5468, 6.058, 6.2466, 7.2194, 6.8508, 5.3532, 7.7803, 9.1457, 11.4826, 5.7499, 2.3278, 4.3387, 3.1192, 2.0013, 9.8576, 8.4204, 5.6906, 5.0507, 73.6927],
      [6.2396, 0, 7.1571, 5.1854, 5.1787, 0.5158, 11.8592, 9.6929, 3.1811, 5.8119, 7.4155, 12.38, 6.9704, 11.0755, 20.8579, 13.9473, 15.6208, 13.5816, 16.9551, 8.2114, 7.7539, 11.9869, 6.7735, 4.6215, 4.6621, 3.0378, 10.9499, 13.6073, 9.0426, 12.6823, 9.5308, 10.0567, 9.3773, 7.802, 9.46, 12.8916, 4.749, 4.5857, 5.8144, 0, 4.4383, 8.9436, 8.0351, 7.5137, 7.8927, 75.0186],
      [33.7407, 18.5677, 18.9233, 16.1377, 13.7799, 14.0853, 29.6154, 29.5776, 15.5415, 21.809, 20.9557, 31.3781, 24.1876, 23.1773, 33.0091, 25.4444, 25.3043, 19.5791, 22.7107, 20.8418, 23.0251, 37.1776, 21.1056, 20.5445, 19.4046, 18.5298, 26.7547, 27.2743, 25.4788, 22.4079, 18.9261, 26.3551, 27.7126, 21.753, 19.5036, 27.731, 17.9838, 12.8731, 14.6461, 13.4987, 11.1149, 26.4734, 30.5015, 14.5862, 24.8429, 205.0553],
      [46.8088, 25.9386, 36.1194, 30.8586, 26.6583, 21.7103, 43.7455, 47.6915, 23.9753, 44.1375, 29.684, 41.2582, 40.6444, 35.227, 50.0347, 35.042, 40.1124, 33.1295, 32.5302, 36.0727, 33.2882, 47.7733, 42.4785, 33.9652, 36.0437, 27.7411, 44.6726, 34.6374, 31.1217, 30.5477, 31.9361, 43.1836, 36.2226, 28.4437, 31.1998, 38.1856, 25.1775, 21.7385, 24.9915, 19.6261, 16.5462, 43.3723, 35.5298, 23.4858, 27.6824, 351.3557],
      [0.2035, 0.3789, 0.2601, 0, 0.2207, 0, 0.2468, 0.2727, 0.2084, 0.3062, 0, 0, 0, 0, 0.4326, 0, 0, 0.7674, 0.4552, 0, 0.2415, 0.3636, 0, 0, 0.2579, 0.2708, 0, 0.3893, 0, 0.332, 0.2712, 0, 0, 0, 0, 0.3568, 0, 0.456, 0, 0, 0.2302, 0, 0, 0, 0.3003, 1.7356]
    ]
  ],
  "V_est": [
    [0.0444, 1372.5366, 564.2445, 2.0332, 1.1391, 0.0021],
    [0.9319, 51.1404, 2619.8031, 7.8392, 3.2255, 0.0599],
    [252.0321, 338.4258, 193.9558, 5375.3131, 439.1579, 0.1152],
    [394.1797, 46.6834, 61.9317, 412.1882, 7709.152, 21.865],
    [420.8119, 357.2138, 453.0648, 1213.6262, 1882.3255, 8.9578]
  ],
  "p_est": [
    [0, 0.7075, 0.2908, 0.001, 0.0006, 1.0988e-06],
    [0.0003, 0.0191, 0.9764, 0.0029, 0.0012, 0],
    [0.0382, 0.0513, 0.0294, 0.8146, 0.0665, 0],
    [0.0456, 0.0054, 0.0072, 0.0477, 0.8916, 0.0025],
    [0.0971, 0.0824, 0.1045, 0.2799, 0.4341, 0.0021]
  ],
  "EI_Z": {},
  "EI_V": 6.451,
  "MAE_Z": {},
  "MAE_V": 104.0936,
  "MAE_p": 0.0286,
  "runtime": 0.003
}
