{
  "X": [
    [20, 26, 98, 60, 390, 49],
    [7, 17, 61, 69, 326, 35],
    [12, 18, 63, 32, 230, 27],
    [7, 7, 23, 24, 102, 7],
    [6, 9, 27, 10, 74, 6],
    [14, 9, 29, 64, 143, 14],
    [0, 1, 0, 2, 4, 0],
    [3, 4, 6, 36, 72, 10],
    [10, 10, 42, 31, 139, 12],
    [29, 28, 61, 193, 291, 24],
    [9, 9, 27, 57, 101, 1],
    [35, 27, 35, 167, 209, 20],
    [60, 29, 72, 266, 431, 39],
    [7, 13, 61, 69, 232, 24],
    [50, 86, 146, 252, 792, 116],
    [30, 53, 128, 143, 476, 64],
    [35, 77, 194, 236, 731, 85],
    [26, 41, 61, 168, 309, 22],
    [34, 62, 104, 225, 688, 71],
    [10, 19, 14, 38, 167, 16],
    [19, 38, 109, 168, 473, 61],
    [23, 56, 74, 178, 581, 45],
    [16, 20, 16, 111, 216, 10],
    [4, 6, 27, 29, 106, 18],
    [29, 81, 48, 195, 457, 62],
    [45, 59, 109, 342, 889, 79],
    [9, 28, 26, 120, 264, 15],
    [12, 32, 24, 143, 368, 33],
    [20, 31, 21, 182, 359, 37],
    [22, 29, 81, 104, 350, 32],
    [5, 14, 53, 32, 118, 18],
    [16, 45, 118, 98, 602, 64],
    [24, 42, 150, 129, 623, 74],
    [2, 10, 32, 33, 84, 13],
    [1, 10, 29, 18, 159, 12],
    [5, 21, 74, 51, 311, 38],
    [9, 6, 25, 32, 68, 6],
    [11, 22, 81, 75, 237, 25],
    [28, 28, 58, 171, 664, 67],
    [33, 24, 74, 160, 207, 16],
    [35, 43, 34, 227, 305, 31],
    [30, 33, 22, 215, 321, 20],
    [10, 33, 22, 140, 292, 21],
    [4, 15, 16, 30, 160, 12],
    [21, 34, 32, 117, 356, 23],
    [9, 23, 54, 41, 157, 18],
    [26, 20, 39, 127, 189, 11],
    [3, 5, 4, 61, 121, 34],
    [49, 81, 160, 398, 951, 85],
    [8, 18, 43, 92, 224, 27],
    [126, 142, 469, 513, 1615, 172],
    [18, 7, 66, 129, 362, 25]
  ],
  "W": [
    [34, 101, 330, 56, 31, 33, 58],
    [20, 68, 292, 47, 14, 26, 48],
    [19, 62, 216, 21, 18, 18, 28],
    [14, 36, 71, 14, 16, 10, 9],
    [14, 34, 53, 8, 3, 9, 11],
    [37, 40, 107, 38, 18, 18, 15],
    [1, 0, 3, 2, 1, 0, 0],
    [2, 3, 55, 28, 29, 6, 8],
    [15, 58, 106, 29, 6, 13, 17],
    [72, 70, 217, 161, 35, 30, 41],
    [21, 28, 75, 53, 5, 8, 14],
    [60, 53, 173, 126, 22, 37, 22],
    [112, 105, 332, 201, 32, 59, 56],
    [23, 74, 188, 49, 28, 18, 26],
    [94, 165, 635, 248, 98, 96, 106],
    [64, 132, 392, 130, 49, 65, 62],
    [72, 214, 567, 218, 79, 101, 107],
    [58, 79, 239, 131, 35, 42, 43],
    [45, 102, 584, 199, 79, 95, 80],
    [18, 17, 129, 34, 18, 22, 26],
    [56, 145, 358, 129, 57, 48, 75],
    [48, 95, 487, 141, 51, 80, 55],
    [29, 14, 165, 109, 24, 34, 14],
    [9, 40, 84, 22, 4, 9, 22],
    [61, 62, 374, 156, 64, 95, 60],
    [90, 113, 752, 294, 104, 74, 96],
    [24, 49, 228, 100, 21, 27, 13],
    [38, 30, 311, 101, 52, 46, 34],
    [38, 31, 274, 151, 68, 50, 38],
    [41, 99, 272, 94, 24, 45, 43],
    [10, 66, 94, 27, 6, 14, 23],
    [37, 155, 505, 91, 35, 50, 70],
    [38, 206, 500, 118, 31, 57, 92],
    [13, 42, 58, 27, 4, 16, 14],
    [2, 45, 130, 19, 3, 10, 20],
    [13, 70, 272, 36, 26, 25, 58],
    [23, 38, 44, 23, 2, 8, 8],
    [28, 76, 183, 63, 38, 24, 39],
    [50, 72, 582, 166, 46, 31, 69],
    [87, 71, 162, 130, 17, 30, 17],
    [84, 39, 198, 215, 43, 67, 29],
    [90, 49, 223, 168, 46, 39, 26],
    [35, 29, 225, 118, 37, 37, 37],
    [8, 13, 143, 23, 18, 16, 16],
    [30, 39, 312, 101, 27, 44, 30],
    [20, 50, 136, 37, 16, 22, 21],
    [62, 43, 145, 92, 19, 30, 21],
    [2, 6, 103, 71, 20, 3, 23],
    [146, 244, 730, 306, 91, 104, 103],
    [23, 51, 186, 80, 26, 20, 26],
    [222, 553, 1365, 430, 112, 145, 210],
    [55, 125, 266, 100, 13, 16, 32]
  ],
  "method": "mvn_pdf",
  "cond_prob": [
    [
      [0.43693999443, 0.017667309814, 0.071278218335, 0.38238154006, 0.091612557491, 0.00012037986907],
      [0.0025174561216, 0.0016768483058, 0.70352110371, 0.0022490274482, 0.27737452737, 0.012661037039],
      [0.0046829983279, 0.014346369238, 0.035145081538, 0.0061550832841, 0.88523172037, 0.054438747242],
      [0.036936770697, 0.019379026662, 0.00087987209805, 0.65698894887, 0.26221091929, 0.023604462381],
      [0.0026101785263, 0.038639889441, 0.0045257497457, 0.16814670446, 0.61219019595, 0.17388728187],
      [0.034861642172, 0.53502410722, 0.0054464574888, 0.080314018057, 0.33517605288, 0.0091777221801],
      [0.0007685997917, 0.0095998333579, 0.21644358651, 0.0014897726044, 0.37967863377, 0.39201957397]
    ],
    [
      [0.2299066511, 0.011070730773, 0.035473676803, 0.65713718459, 0.066343170884, 6.8585851616e-05],
      [0.0020932994166, 0.0016370100073, 0.63785477086, 0.0075543404351, 0.33793085989, 0.012929719393],
      [0.0030106217845, 0.012076608516, 0.02739443134, 0.017566814584, 0.89328275963, 0.046668764147],
      [0.014668373523, 0.0091688528431, 0.00027394859882, 0.8517007658, 0.11383331837, 0.010354740869],
      [0.0017395524648, 0.030404532589, 0.0013682485643, 0.36851626123, 0.46279046968, 0.13518093547],
      [0.024622677566, 0.45534584923, 0.0039989197367, 0.18462601324, 0.32372184975, 0.007684690485],
      [0.00055133645387, 0.0092772374522, 0.18294218994, 0.0046794022165, 0.42935982637, 0.37319000757]
    ],
    [
      [0.46178284247, 0.018436800397, 0.054513407415, 0.39337788705, 0.071686560848, 0.00020250182807],
      [0.0030882773794, 0.0021300673273, 0.74075839476, 0.0033599516983, 0.23910677502, 0.011556533819],
      [0.0062046741085, 0.02111867297, 0.041722487407, 0.010780224319, 0.86399173511, 0.056182206082],
      [0.043398878573, 0.023159744339, 0.0004934209276, 0.77443263147, 0.14050433029, 0.018010994404],
      [0.0033734410595, 0.053456807354, 0.0052139064972, 0.22584129043, 0.54916512664, 0.16294942802],
      [0.038609351033, 0.6181815852, 0.004698685166, 0.088442605299, 0.24292107543, 0.0071466978668],
      [0.00097773144533, 0.013577055701, 0.24415639338, 0.0024564037111, 0.35653492625, 0.38229748951]
    ],
    [
      [0.40100823104, 0.012579840771, 0.025074063391, 0.47621596989, 0.084992952298, 0.00012894261387],
      [0.0043282949048, 0.0023040740675, 0.5542458804, 0.0054708353072, 0.42291924523, 0.010731670082],
      [0.0054639607447, 0.01334984853, 0.018604821844, 0.012091843643, 0.92030356831, 0.030185956924],
      [0.029972372886, 0.012957604372, 0.00029033401673, 0.76118198017, 0.18633298663, 0.009264721921],
      [0.0029635041048, 0.035509323319, 0.0011533852262, 0.27406743965, 0.58628934976, 0.10001699794],
      [0.03644260644, 0.49357791455, 0.0038051663521, 0.11967247833, 0.34184176425, 0.0046600700842],
      [0.001185509507, 0.011973504147, 0.14606650707, 0.0043504346447, 0.5373048264, 0.29911921823]
    ],
    [
      [0.39393699681, 0.047863641202, 0.081990713043, 0.37131526047, 0.10459217093, 0.00030121755569],
      [0.0010942811298, 0.0032426547278, 0.65207440102, 0.00076168205417, 0.33282311193, 0.010003869133],
      [0.0026999852822, 0.023145764798, 0.026502846144, 0.001970448798, 0.91179517177, 0.033885783209],
      [0.023549336157, 0.042521573117, 0.0067513792483, 0.5086552586, 0.39930139448, 0.019221058396],
      [0.0012379943723, 0.070989064849, 0.0018440402708, 0.10536299776, 0.6989631996, 0.12160270315],
      [0.011568142735, 0.69239811469, 0.0050797352774, 0.030860425229, 0.25593524518, 0.0041583368864],
      [0.00075957357326, 0.018928219677, 0.19742625134, 0.00074368074731, 0.48180561239, 0.30033666227]
    ],
    [
      [0.31814339836, 0.0077975653719, 0.028948101198, 0.60291168279, 0.041820303654, 0.00037894862491],
      [0.0036295851117, 0.00090021503815, 0.58234017926, 0.0076946276903, 0.39086754668, 0.014567846213],
      [0.0050933472615, 0.0077645851084, 0.021095456864, 0.015484717214, 0.90468646245, 0.045875431103],
      [0.021027496674, 0.0065977743393, 0.0007568973989, 0.80389345305, 0.15667690683, 0.011047471713],
      [0.0023510471856, 0.022164447419, 0.0028214724774, 0.31508253339, 0.53666520148, 0.12091529805],
      [0.037920989891, 0.39378474273, 0.0034837309276, 0.19060155947, 0.36580027455, 0.0084087024252],
      [0.00097207721587, 0.0071246683638, 0.14905622922, 0.0051568666671, 0.45455962583, 0.38313053271]
    ],
    [
      [6.162975822e-33, 0.2450963679, 0, 0.59320471148, 0.16169892062, 0],
      ["NaN", "NaN", "NaN", "NaN", "NaN", "NaN"],
      [0, 0.041540073201, 0, 0.00064857842733, 0.95781134837, 0],
      [0, 0.085066438706, 0, 0.67109355446, 0.24384000683, 0],
      [3.081487911e-33, 0.46015053509, 0, 0.062662444312, 0.4771870206, 0],
      ["NaN", "NaN", "NaN", "NaN", "NaN", "NaN"],
      ["NaN", "NaN", "NaN", "NaN", "NaN", "NaN"]
    ],
    [
      [0.5934319372, 0.0088237467014, 0.039980126478, 0.3367516898, 0.020940684395, 7.1815424152e-05],
      [0.0052120620298, 0.00077888057939, 0.86095449393, 0.0024617834976, 0.12668690507, 0.0039058748941],
      [0.0079407206659, 0.0091341860557, 0.030966032671, 0.048716406769, 0.86207953858, 0.041163115258],
      [0.029209305977, 0.0064315058461, 0.0021215934876, 0.68924303107, 0.2608882416, 0.012106322022],
      [0.007460168778, 0.034514936879, 0.0025949815354, 0.41252234274, 0.37331402321, 0.16959354686],
      [0.052366511884, 0.37296829604, 0.0048389324095, 0.18203465465, 0.38040279917, 0.0073888058443],
      [0.00154447121, 0.0073513152964, 0.18379397396, 0.035693520053, 0.46878613265, 0.30283058683]
    ],
    [
      [0.48814801163, 0.014111002249, 0.03191943267, 0.39672702828, 0.068929625457, 0.00016489971342],
      [0.0042186617631, 0.0024550613198, 0.61996092553, 0.0040472973073, 0.35696736804, 0.012350686041],
      [0.005696401372, 0.015815078997, 0.024102597019, 0.010448204086, 0.90421965135, 0.039718067176],
      [0.041556600302, 0.016333180058, 0.00098976978326, 0.72007388676, 0.20794548563, 0.013101077464],
      [0.003734399519, 0.042945633615, 0.0014657655684, 0.24625659463, 0.57550782796, 0.13008977871],
      [0.044766167936, 0.54030101399, 0.0041409487785, 0.099440793471, 0.30551318565, 0.0058378901687],
      [0.0011629946349, 0.012605519456, 0.17160407611, 0.0032017117623, 0.46820751555, 0.34321818249]
    ],
    [
      [0.31782468558, 0.016371800709, 0.033478246497, 0.57426485453, 0.058035708911, 2.4703771414e-05],
      [0.0034900777902, 0.002796580173, 0.63300196399, 0.0085827515066, 0.34322841619, 0.0089002103439],
      [0.0053558479622, 0.020353252392, 0.026614050248, 0.01767920883, 0.89826312906, 0.031734511503],
      [0.022766464647, 0.014892379318, 0.00056408558652, 0.81386633392, 0.14112303188, 0.0067877046533],
      [0.0025766510674, 0.047646540362, 0.0027828541042, 0.33798895307, 0.52074893401, 0.088256067379],
      [0.030384687271, 0.58112958504, 0.0025555104758, 0.13908815356, 0.24288173387, 0.0039603297893],
      [0.0010481456457, 0.017307913023, 0.20095846053, 0.0044149226082, 0.47899677998, 0.29727377822]
    ],
    [
      [0.32845034217, 0.019823001812, 0.04484288578, 0.53025061748, 0.07662984037, 3.3123830532e-06],
      [0.0013727548931, 0.0018980966865, 0.68680248647, 0.0071729146945, 0.30221768425, 0.00053606301125],
      [0.0025369756442, 0.022309091819, 0.033291588843, 0.015711721978, 0.92428934712, 0.0018612746],
      [0.01972649894, 0.018832609547, 0.0010619616046, 0.79184996376, 0.16818600687, 0.00034295927732],
      [0.0026856622043, 0.062323734802, 0.0019575254444, 0.32691881659, 0.57814966443, 0.02796459653],
      [0.025842703245, 0.64564100752, 0.0020029496702, 0.10655865911, 0.21961444008, 0.00034024037596],
      [0.04343986595, 0.027322380586, 0.30349038748, 0.0021717741276, 0.57467535377, 0.048900238092]
    ],
    [
      [0.42516501722, 0.0096359036408, 0.010952688311, 0.52662038432, 0.027487820083, 0.00013818642365],
      [0.010773877646, 0.0040993351575, 0.53940077783, 0.017868507884, 0.41224128984, 0.015616211646],
      [0.012473197709, 0.023851889045, 0.016152330298, 0.035934128653, 0.86720518484, 0.044383269456],
      [0.03350931671, 0.01061602778, 8.6544781584e-05, 0.87170513827, 0.077916280751, 0.006166691708],
      [0.0048539339347, 0.041373320784, 0.0011172151417, 0.47415840292, 0.38604540997, 0.092451717256],
      [0.064262388753, 0.52467631591, 0.001386499093, 0.20910630672, 0.19611004838, 0.0044584411497],
      [0.002479609629, 0.018970362148, 0.13061184058, 0.010721642332, 0.4504056033, 0.38681094201]
    ],
    [
      [0.40736349326, 0.0057811722308, 0.015666481709, 0.53065849501, 0.040500808596, 2.9549194317e-05],
      [0.0075884213333, 0.0014813439461, 0.53867242992, 0.012849026916, 0.42583301991, 0.013575757978],
      [0.008705313185, 0.0096999197825, 0.017180817509, 0.025820313032, 0.89988429031, 0.038709346185],
      [0.031751567045, 0.0054860643436, 0.00020230370372, 0.84203076333, 0.11360183327, 0.0069274683074],
      [0.0037896173563, 0.024188736476, 0.00081143292483, 0.41304204535, 0.46020209355, 0.097966074343],
      [0.069226318614, 0.38276841808, 0.00222717868, 0.23317469262, 0.30657356883, 0.0060298231773],
      [0.0017974108441, 0.0092235546626, 0.13897651883, 0.0075343046854, 0.48824253432, 0.35422567666]
    ],
    [
      [0.22991837349, 0.012806873935, 0.047170454093, 0.63273216459, 0.07717858925, 0.00019354464112],
      [0.0016002018134, 0.0015395768818, 0.66302320617, 0.006102490829, 0.3151740782, 0.012560446103],
      [0.0023504434287, 0.012553496233, 0.029637456835, 0.015280920625, 0.89248221392, 0.047695468962],
      [0.014365681453, 0.010442039474, 0.00032586068107, 0.80867210652, 0.15400422382, 0.012190088057],
      [0.0013712005348, 0.030797438024, 0.0027670606089, 0.30389312774, 0.52969981594, 0.13147135716],
      [0.022108437503, 0.4784195315, 0.0045646699162, 0.16039330251, 0.32678863871, 0.0077254198628],
      [0.00043520113942, 0.0094583135636, 0.19630428789, 0.0039131759384, 0.41751373593, 0.37237528554]
    ],
    [
      [0.38625130372, 0.02358225544, 0.050726024734, 0.45634607287, 0.083027638271, 6.6704959789e-05],
      [0.0028736605004, 0.0026586674137, 0.64248693655, 0.0038766459822, 0.33060960383, 0.017494485722],
      [0.0044576422264, 0.019961183298, 0.027401092533, 0.0095148489505, 0.87629437944, 0.062370853556],
      [0.030050148198, 0.023244939365, 0.00079597210231, 0.70364778485, 0.21934461464, 0.022916540838],
      [0.002349586562, 0.050715777079, 0.0029134761262, 0.20021401626, 0.55226766451, 0.19153947947],
      [0.027392239212, 0.60953805063, 0.0033407448628, 0.083849809699, 0.26747065299, 0.0084085026014],
      [0.0007100891796, 0.013383891456, 0.16054794469, 0.0023272406778, 0.36793403951, 0.45509679449]
    ],
    [
      [0.35440012441, 0.021672624828, 0.071203386044, 0.47135636442, 0.081332412868, 3.5087425016e-05],
      [0.002188153718, 0.0020144641024, 0.71738000715, 0.0032475199649, 0.26175018801, 0.013419667056],
      [0.0042861335327, 0.018375457372, 0.037420703195, 0.0095387651342, 0.86961313416, 0.060765806602],
      [0.026914369987, 0.020935540202, 0.00090297511822, 0.71207309498, 0.21706592814, 0.022108091574],
      [0.0021779836598, 0.04671032783, 0.0044157674823, 0.20591682207, 0.55730241165, 0.1834766873],
      [0.026204620225, 0.59085534502, 0.0047370680529, 0.090439532349, 0.27910727456, 0.0086561597875],
      [0.00065325467298, 0.011739350697, 0.21674577261, 0.0020536754497, 0.34979016921, 0.41901777737]
    ],
    [
      [0.33306711784, 0.018980692039, 0.058872333949, 0.51244226649, 0.076580720881, 5.6868805118e-05],
      [0.0022982802652, 0.0020225408915, 0.68745115488, 0.0042392853912, 0.29208792409, 0.01190081449],
      [0.0039771558205, 0.01703281543, 0.03312805932, 0.011155586238, 0.88604458896, 0.048661794232],
      [0.024290401678, 0.017564701861, 0.00075890609931, 0.74212046845, 0.19943224093, 0.01583328099],
      [0.0021346850208, 0.043906494937, 0.0038483098731, 0.23936684871, 0.56736431099, 0.14337935047],
      [0.02707738341, 0.56365622522, 0.004150730672, 0.10777451055, 0.29012223359, 0.0072189165529],
      [0.00068714749452, 0.012298721682, 0.2147135829, 0.0027501271722, 0.40179192262, 0.36775849813]
    ],
    [
      [0.33317435017, 0.0193988334, 0.02277991454, 0.57639001812, 0.048237476517, 1.9407246474e-05],
      [0.0050229437531, 0.0041933735612, 0.58865256732, 0.010801546367, 0.38309418441, 0.0082353845881],
      [0.0069920360867, 0.028541713654, 0.02204494357, 0.022320313094, 0.89392840545, 0.026172588149],
      [0.024411061659, 0.017586420901, 0.00045254040743, 0.83443164361, 0.11876655116, 0.0043517822625],
      [0.0030746999165, 0.063983121091, 0.0022734693744, 0.3798969506, 0.48038555, 0.070386209015],
      [0.029540690473, 0.64333605089, 0.0018676797303, 0.13250627855, 0.19044687578, 0.0023024245733],
      [0.0014373473107, 0.02694830406, 0.17881799664, 0.0048674342478, 0.50972594552, 0.27820297223]
    ],
    [
      [0.42240522037, 0.011685148526, 0.038361568816, 0.4981988343, 0.029320101149, 2.9126833198e-05],
      [0.0040115538484, 0.0016388568087, 0.67288515254, 0.010265072802, 0.298856848, 0.012342515996],
      [0.0058969874603, 0.014115854307, 0.029355813183, 0.015491800578, 0.88862218662, 0.046517357848],
      [0.03181594566, 0.01163438087, 0.00083413734275, 0.77642027079, 0.16724498154, 0.012050283795],
      [0.0031048722293, 0.034983542841, 0.0031769833886, 0.29753628826, 0.53277508085, 0.12842323243],
      [0.047111943415, 0.49604327713, 0.0038012765338, 0.14894226515, 0.29689318269, 0.007208055076],
      [0.0010806649628, 0.010753662524, 0.19646940819, 0.0040535955351, 0.42082506118, 0.3668176076]
    ],
    [
      [0.41953428265, 0.023768637647, 0.026536090017, 0.43941863716, 0.090562066834, 0.00018028569357],
      [0.0040725331354, 0.0034971431382, 0.5003770274, 0.0043210116558, 0.47420455565, 0.013527729021],
      [0.0048574150356, 0.020326346051, 0.013866033547, 0.0080621469429, 0.91854338021, 0.034344678216],
      [0.031836052544, 0.023920263479, 0.00031534321603, 0.69431057956, 0.23683969721, 0.012778063998],
      [0.0026454611097, 0.055154854626, 0.0017160472468, 0.20312563549, 0.63036376899, 0.10699423254],
      [0.027132919701, 0.61803936246, 0.0016209267007, 0.076340114786, 0.27233230105, 0.0045343752981],
      [0.0009836534443, 0.018756620484, 0.12115198766, 0.0013341041689, 0.51638081285, 0.34139282139]
    ],
    [
      [0.25624077595, 0.016524879569, 0.035772958812, 0.61905238412, 0.072314440609, 9.4560933006e-05],
      [0.0022668719006, 0.0024875914752, 0.6001216453, 0.0068180912018, 0.37244485646, 0.015860943666],
      [0.0028013066204, 0.016657210438, 0.022788809277, 0.015418331074, 0.89145541322, 0.050878929371],
      [0.016390058024, 0.013659467736, 0.00049048801631, 0.7973477345, 0.15898235464, 0.01312989708],
      [0.0015614926007, 0.039127072005, 0.0023756149024, 0.29631284327, 0.5223084652, 0.13831451202],
      [0.022474409349, 0.53770124111, 0.0030337773289, 0.14167095615, 0.28780042979, 0.0073191862678],
      [0.00049144185081, 0.012648675039, 0.15301836935, 0.0036904670367, 0.42280163082, 0.4073494159]
    ],
    [
      [0.30934737157, 0.014699007296, 0.028470758807, 0.58585988057, 0.06161383969, 9.1420719875e-06],
      [0.0035439668191, 0.0025934038456, 0.56867224129, 0.0079387171017, 0.40482638226, 0.01242528869],
      [0.0045699881632, 0.016369858865, 0.020147917664, 0.015978179794, 0.9055871047, 0.037346950813],
      [0.021250120761, 0.012833987538, 0.00039561344468, 0.8021036978, 0.15421838881, 0.0091981916427],
      [0.0022500190001, 0.039649197687, 0.0021428719002, 0.31556151093, 0.53730387739, 0.10309252309],
      [0.030347525968, 0.53090523789, 0.0024112402242, 0.14864279769, 0.28233106923, 0.0053621289942],
      [0.00091354559651, 0.014033321104, 0.15344613768, 0.0047543960894, 0.48780605971, 0.33904653982]
    ],
    [
      [0.37109256484, 0.011803432825, 0.032757613174, 0.49790068544, 0.086431889178, 1.3814543447e-05],
      [0.0034046321369, 0.0011048114527, 0.64576791084, 0.0023657532703, 0.33812254748, 0.0092343448175],
      [0.0049350215886, 0.011020522223, 0.020314956773, 0.015831454154, 0.92570704437, 0.022191000896],
      [0.027634847983, 0.011136606784, 0.00090594493043, 0.76060353257, 0.1932940108, 0.0064250569291],
      [0.0026329402595, 0.031079238405, 0.0024823463725, 0.26485871978, 0.62229041618, 0.076656339002],
      [0.037826939747, 0.46211874679, 0.0032330149023, 0.13479829461, 0.35814690512, 0.0038760988347],
      [0.0010619471404, 0.01085840492, 0.17064741297, 0.0050023785048, 0.55979180637, 0.25263805009]
    ],
    [
      [0.29437700837, 0.010246023018, 0.018374816807, 0.61840420457, 0.058592156287, 5.7909467349e-06],
      [0.004102208356, 0.0022166392432, 0.56668829719, 0.0079241591707, 0.39755419596, 0.021514500076],
      [0.0054288221123, 0.012904055568, 0.018931159239, 0.017851526123, 0.88187651952, 0.063007917434],
      [0.018961277131, 0.0089323607315, 6.0636846835e-05, 0.83694002652, 0.12192215162, 0.01318354715],
      [0.0025033322552, 0.030567340484, 0.0009112170135, 0.37768640006, 0.40192342949, 0.1864082807],
      [0.031203886344, 0.46888554238, 0.0035674045111, 0.17823694219, 0.308322832, 0.0097833925751],
      [0.0010227786358, 0.0089285625396, 0.11544508481, 0.0041049515629, 0.3830903897, 0.48740823276]
    ],
    [
      [0.3333714372, 0.02261434931, 0.022911195283, 0.55991267165, 0.061116350253, 7.3996309487e-05],
      [0.0044189825184, 0.0041803360377, 0.53808684962, 0.0074137943825, 0.42495316898, 0.020946868468],
      [0.0053784534146, 0.025817096588, 0.016456955066, 0.016889572425, 0.87824783865, 0.05721008386],
      [0.023694127906, 0.020190940505, 0.00017500706672, 0.79391744472, 0.14822295018, 0.013799529624],
      [0.0024900105688, 0.060136543437, 0.0015216485839, 0.30102356277, 0.48571999216, 0.14910824247],
      [0.025963802641, 0.64757498831, 0.0013982549158, 0.11240218082, 0.20657890838, 0.0060818649362],
      [0.00094363261967, 0.019793339095, 0.11381017314, 0.0045689186637, 0.41043764135, 0.45044629513]
    ],
    [
      [0.3391186444, 0.013176876796, 0.032304524451, 0.55922916846, 0.056170785895, 0],
      [0.0037164685036, 0.0021050403304, 0.62571908306, 0.0038947885551, 0.35223096991, 0.012333649641],
      [0.005162342128, 0.015222073699, 0.024003429436, 0.016279285006, 0.89961547678, 0.039717392954],
      [0.024370340331, 0.011986151857, 0.00057314339369, 0.79735919593, 0.1559071947, 0.0098039737897],
      [0.0025874106065, 0.036895704618, 0.00253339126, 0.31534477066, 0.53294722711, 0.10969149575],
      [0.03577225793, 0.50753685134, 0.0031229083391, 0.15286914163, 0.2948192911, 0.0058795496664],
      [0.0010016868333, 0.012608366504, 0.17367380637, 0.0047444289013, 0.46408163261, 0.34389007877]
    ],
    [
      [0.24149985372, 0.021026677385, 0.013743126624, 0.68082038388, 0.042909958384, 0],
      [0.0042196731435, 0.0058077494928, 0.44454702275, 0.016433458467, 0.51538054085, 0.013611555294],
      [0.0043978950976, 0.028441207586, 0.010531999045, 0.02465926021, 0.89936969633, 0.03259994173],
      [0.014228106091, 0.016425980106, 0.00010679348682, 0.84968988432, 0.11370362797, 0.0058456080272],
      [0.001859234766, 0.061642304833, 0.00094353684273, 0.39780800664, 0.45862840059, 0.079118516329],
      [0.019281997229, 0.64483063888, 0.00083073189513, 0.1431290803, 0.18885818731, 0.0030693643749],
      [0.0009269984595, 0.02912854046, 0.11024166772, 0.003486019577, 0.50457642052, 0.35164035327]
    ],
    [
      [0.22464120822, 0.013375200118, 0.019042115013, 0.67329369857, 0.06949339196, 0.0001543861149],
      [0.0032286483645, 0.0026164048532, 0.51124592638, 0.0046927908343, 0.4608225527, 0.017393676869],
      [0.0027700574161, 0.015734435809, 0.013103383851, 0.019856077181, 0.90701281743, 0.041523228308],
      [0.013488086566, 0.01061175154, 0.00011778853001, 0.83181003179, 0.1350876042, 0.0088847373674],
      [0.0014910867575, 0.035205636438, 0.0011774817758, 0.35945385932, 0.49470001386, 0.10797192184],
      [0.022705602366, 0.5034369205, 0.0016658631773, 0.17771557882, 0.28854199691, 0.0059340382244],
      [0.0006175240265, 0.013507716761, 0.10923864883, 0.0064554471802, 0.49448257939, 0.3756980838]
    ],
    [
      [0.33487300137, 0.010780591466, 0.015560015751, 0.590375293, 0.048302311305, 0.00010878711408],
      [0.0053364105199, 0.0024094291267, 0.45703350298, 0.0045793853532, 0.51181942457, 0.018821847445],
      [0.0060775976093, 0.01258872897, 0.0095014432282, 0.019576490967, 0.90940555749, 0.042850181732],
      [0.021932151303, 0.0093028168253, 0.00013086189282, 0.80593195444, 0.15259787235, 0.010104343189],
      [0.0027338285061, 0.031218226964, 0.00063178721068, 0.34188987452, 0.50384929961, 0.11967698319],
      [0.038063292554, 0.46219436097, 0.0013234641212, 0.17601509791, 0.31562520207, 0.0067785823698],
      [0.0011398858953, 0.011290806862, 0.092326065323, 0.0082849450568, 0.50093936983, 0.38601892704]
    ],
    [
      [0.38503032725, 0.013574365572, 0.044785291976, 0.47776785374, 0.078717885591, 0.00012427586975],
      [0.0031732301021, 0.0017033448801, 0.63958959114, 0.0047182907203, 0.33920147119, 0.011614071964],
      [0.0048503300039, 0.012755127023, 0.027094511569, 0.011044023651, 0.90259701475, 0.041658992999],
      [0.029623389545, 0.013264635602, 0.00081206427111, 0.73874703029, 0.20397509067, 0.013577789617],
      [0.00267343002, 0.034657811479, 0.0024503581699, 0.24542493368, 0.58713178599, 0.12766168066],
      [0.037604159552, 0.49535637552, 0.0037436167277, 0.12153063011, 0.33470543243, 0.0070597856583],
      [0.00091555637309, 0.010133144132, 0.19002606904, 0.0032357016605, 0.45020156241, 0.34548796639]
    ],
    [
      [0.33277163607, 0.024844340412, 0.034534423054, 0.55409506174, 0.053721726877, 3.2811847499e-05],
      [0.0033802781439, 0.0029315912949, 0.68572718159, 0.0050029529845, 0.28754596255, 0.015412033441],
      [0.005315951621, 0.027621631191, 0.032768640669, 0.015319916605, 0.85926996972, 0.059703890193],
      [0.022676617818, 0.022536813759, 0.00054681390011, 0.79370515632, 0.14576441371, 0.014770184492],
      [0.0024852311995, 0.06796625622, 0.0016042718552, 0.30344045737, 0.45716354813, 0.16734023523],
      [0.021488748642, 0.67944983172, 0.0039744217742, 0.0965917278, 0.19245171389, 0.006043556169],
      [0.00093318609519, 0.01882822111, 0.18419035003, 0.0037311378527, 0.36262728677, 0.42968981814]
    ],
    [
      [0.30868921082, 0.025879461294, 0.052703490004, 0.50955430389, 0.10309862244, 7.4911558272e-05],
      [0.0019818047937, 0.0027304709535, 0.60156425959, 0.0039532642409, 0.37422009832, 0.015550102105],
      [0.0026215792018, 0.018103704702, 0.023214466213, 0.0081966682573, 0.89723807416, 0.050625507463],
      [0.020945820343, 0.022536424543, 0.0005780565661, 0.69522987219, 0.24071286539, 0.019996960971],
      [0.00159916611, 0.049068742027, 0.0018213342408, 0.19634782631, 0.59006215497, 0.16110077634],
      [0.019043819312, 0.59521930793, 0.0029806579824, 0.082065876777, 0.29324870017, 0.007441637833],
      [0.00047415041423, 0.013538286557, 0.15455460645, 0.0021861600016, 0.42652181564, 0.40272498094]
    ],
    [
      [0.39712051811, 0.015314842353, 0.034207171207, 0.49838396352, 0.054970225441, 3.2793610535e-06],
      [0.0036830559945, 0.0022160937732, 0.59809899062, 0.0053689548893, 0.37450473759, 0.016128167139],
      [0.004876962946, 0.014687643038, 0.022743322907, 0.011843484856, 0.89449743929, 0.051351146964],
      [0.029572377621, 0.014712552024, 0.00057273083892, 0.74542300719, 0.19358454006, 0.016134792269],
      [0.0027897305646, 0.039065339821, 0.0012848263489, 0.25950808756, 0.53761341008, 0.15973860563],
      [0.036053768863, 0.52013003557, 0.0033250590687, 0.11831316673, 0.31408809231, 0.0080898774542],
      [0.00088198121534, 0.01112152667, 0.15025145382, 0.0030994150518, 0.42502633852, 0.40961928473]
    ],
    [
      [0.1391332277, 0.02253735867, 0.057571367267, 0.67633791064, 0.10431209553, 0.00010804018458],
      [0.00031258513058, 0.00039005244292, 0.65266805675, 0.0045153420589, 0.32406672001, 0.018047243614],
      [0.00049952615125, 0.010135019526, 0.027464864751, 0.013784015942, 0.88097698867, 0.067139584963],
      [0.0029436076112, 0.016404026865, 0.0028061401668, 0.74904730263, 0.20688323871, 0.021915684016],
      [0.00049389572243, 0.031509612108, 0.0015328172963, 0.23953280062, 0.50985052721, 0.21708034705],
      [0.004163374535, 0.52699702011, 0.0030918068722, 0.12336388628, 0.33117921912, 0.011204693083],
      [7.856904805e-05, 0.0072786790408, 0.1510846945, 0.0044470940494, 0.35802557965, 0.47908538372]
    ],
    [
      [0.24802026815, 0.038359716262, 0.018334918359, 0.63866726039, 0.05660107627, 1.6760576572e-05],
      [0.0011504281133, 0.0034777211197, 0.53316388068, 0.01049480839, 0.43953788072, 0.012175280973],
      [0.0011370152165, 0.019217347188, 0.017220977803, 0.0083762772057, 0.92064230506, 0.033406077531],
      [0.010724245324, 0.023338280756, 0.00045049553906, 0.71157034391, 0.24129683726, 0.012619797213],
      [0.0011841511365, 0.065036834452, 0.0010446442774, 0.27452337255, 0.51179367125, 0.14641732633],
      [0.0091866309486, 0.62936648523, 0.00202780808, 0.076453146618, 0.27829820295, 0.0046677261709],
      [0.00025993982054, 0.016816264633, 0.13501284947, 0.002677247344, 0.52605453032, 0.31917916841]
    ],
    [
      [0.24308081992, 0.018588624764, 0.061035227043, 0.60891658993, 0.068333008338, 4.5730006721e-05],
      [0.0013852099953, 0.0018556521834, 0.70586989751, 0.004608373078, 0.2756661873, 0.010614679931],
      [0.0024120551117, 0.016454694144, 0.035790886883, 0.013118026837, 0.88601372753, 0.046210609492],
      [0.01568387514, 0.015844135066, 0.00032366191547, 0.80597534886, 0.14905042031, 0.013122558705],
      [0.0013351336571, 0.041270312848, 0.0040553238528, 0.26730396186, 0.55360550805, 0.13242975973],
      [0.018543323217, 0.55253458296, 0.0049396615345, 0.12277668829, 0.29432063533, 0.0068851086733],
      [0.00041361362962, 0.011999893925, 0.23827493453, 0.0027407265745, 0.39140913221, 0.35516169913]
    ],
    [
      [0.34511922901, 0.016402362972, 0.027879944129, 0.55681992085, 0.053030568627, 0.00074797441008],
      [0.0031737955875, 0.0027962065805, 0.58240471258, 0.0011036768294, 0.39503290382, 0.015488704598],
      [0.0046928348286, 0.015697622655, 0.021103727013, 0.014828974791, 0.9025117653, 0.041165075407],
      [0.022438156916, 0.014135165451, 0.0057151669268, 0.73762012384, 0.20784049337, 0.012250893499],
      [0.00037137851797, 0.043885267117, 0.0011866848025, 0.2717916525, 0.53369957129, 0.14906544577],
      [0.026244870995, 0.53887409695, 0.005976649534, 0.11819466622, 0.30486163709, 0.0058480792055],
      [0.001048679238, 0.01274028619, 0.13964785165, 0.0055404658731, 0.47148816452, 0.36953455253]
    ],
    [
      [0.29496475244, 0.021116002063, 0.083953292827, 0.50908608204, 0.090614750778, 0.00026511984945],
      [0.0016070616789, 0.0017955653591, 0.76450855435, 0.0032759166765, 0.22115643797, 0.0076564639653],
      [0.0037080360367, 0.01876991865, 0.045875909219, 0.011301345173, 0.88056530618, 0.039779484741],
      [0.02095187175, 0.019652519869, 0.0012695029177, 0.73767349562, 0.20714404938, 0.013308560463],
      [0.0020478466481, 0.050312667584, 0.0024095517028, 0.24971085218, 0.56854050232, 0.12697857957],
      [0.021577534491, 0.59067554353, 0.0062484113715, 0.098169157879, 0.27777798008, 0.0055513726452],
      [0.00063160843051, 0.013107453779, 0.30332981441, 0.0028197813531, 0.38949130616, 0.29062003587]
    ],
    [
      [0.38004867326, 0.013619866954, 0.028391133973, 0.50325745247, 0.074629642223, 5.3231117395e-05],
      [0.0040280430933, 0.0021908651106, 0.53672138488, 0.0050097485329, 0.43393087079, 0.018119087585],
      [0.0046380263409, 0.012455781119, 0.016267648753, 0.011759913814, 0.90638953355, 0.048489096425],
      [0.028011887853, 0.012658222891, 0.0002975694779, 0.74146985905, 0.20212378199, 0.015438678738],
      [0.002505490042, 0.033330448669, 0.0018201124657, 0.2454453125, 0.57342368418, 0.14347495214],
      [0.038138302926, 0.50269010606, 0.0022949933753, 0.12957587544, 0.31884374944, 0.0084569727579],
      [0.00087974764686, 0.010060011976, 0.11977486252, 0.0034901815312, 0.45931294423, 0.40648225209]
    ],
    [
      [0.32287329189, 0.016461816571, 0.073454634776, 0.53703792189, 0.049844373881, 0.00032796099508],
      [0.0023035183127, 0.001698284903, 0.76119909228, 0.0096601535479, 0.21773683064, 0.0074021203158],
      [0.0054916085014, 0.017259259695, 0.048244985817, 0.017039490721, 0.87153287098, 0.04043178428],
      [0.022734299008, 0.015279117329, 0.001298007351, 0.77809388062, 0.17111292357, 0.011481772123],
      [0.0016327573858, 0.044598797367, 0.0027128746105, 0.2839897382, 0.5437393452, 0.12332648724],
      [0.028879948329, 0.55673153451, 0.0060417611994, 0.12748994171, 0.27505270035, 0.0058041138949],
      [0.00042464894272, 0.012048989188, 0.31485358003, 0.0015708303238, 0.36918055612, 0.3019213954]
    ],
    [
      [0.32455218553, 0.016130565352, 0.039685492104, 0.53229330207, 0.087148483223, 0.0001899717206],
      [0.0027187705955, 0.0021303251262, 0.57065658364, 0.0068047144378, 0.40220276484, 0.015486841356],
      [0.0036911914169, 0.013080577561, 0.020102669943, 0.021328105028, 0.89592646169, 0.045870994358],
      [0.022991502825, 0.01437542081, 0.00047968756366, 0.74386119635, 0.20207281241, 0.016219380039],
      [0.0017745139275, 0.03507476944, 0.0022263816189, 0.22732696675, 0.58859065497, 0.14500671328],
      [0.027678124091, 0.50854768848, 0.0029844480246, 0.114403666, 0.33800189377, 0.0083841796299],
      [0.00092472210962, 0.010357578803, 0.13902268962, 0.014784536523, 0.45513794657, 0.37977252637]
    ],
    [
      [0.27838517275, 0.01827069544, 0.012036488883, 0.62734021144, 0.063967431483, 0],
      [0.0041109148064, 0.0042408676692, 0.36397434922, 0.014266729416, 0.59979548893, 0.013611649957],
      [0.0050747297848, 0.018652326953, 0.0043312382719, 0.017341233717, 0.92636770396, 0.02823276731],
      [0.01556384675, 0.015088438654, 8.7895330523e-05, 0.79817707867, 0.16444395322, 0.0066387873704],
      [0.0016881660304, 0.044951560332, 0.00041106011964, 0.3127908639, 0.55794700908, 0.082211340534],
      [0.0229796334, 0.56167839982, 0.00051784769373, 0.13502658106, 0.27604879657, 0.0037487414642],
      [0.0009095111774, 0.018472266228, 0.079316750495, 0.008655788163, 0.58518863847, 0.30745704547]
    ],
    [
      [0.21495899811, 0.022013850613, 0.02077570381, 0.66746830011, 0.074751679567, 3.1467792213e-05],
      [0.0025206700777, 0.0040129073755, 0.48109090046, 0.0057271563099, 0.4951188661, 0.011529499673],
      [0.0014989732026, 0.022083539626, 0.012535264921, 0.018127650208, 0.91915528239, 0.026599289648],
      [0.012160844224, 0.017125872195, 0.00011698195837, 0.81013417696, 0.15445001746, 0.0060121071943],
      [0.001135900529, 0.052818119139, 0.0012872348899, 0.32276781723, 0.54430919242, 0.0776817358],
      [0.015512501958, 0.60436962639, 0.0013189574224, 0.12777335657, 0.24794207084, 0.003083486822],
      [0.00040800413041, 0.021825540412, 0.11866342322, 0.0034579555245, 0.55883531779, 0.29680975892]
    ],
    [
      [0.31405407659, 0.023073146115, 0.041556299108, 0.54217620503, 0.079095006398, 4.5266759102e-05],
      [0.0026338178481, 0.0022351279681, 0.68949793201, 0.0025736367838, 0.29229173368, 0.010767751705],
      [0.0041605667724, 0.0214385102, 0.025296404177, 0.011837598942, 0.90346491822, 0.033802001687],
      [0.020979370589, 0.020776377515, 0.00063622567383, 0.7675391104, 0.17987771334, 0.010191202486],
      [0.0020522514638, 0.055663993815, 0.002860133651, 0.26037001198, 0.57668170304, 0.10237190605],
      [0.020411719623, 0.62194839514, 0.0028733041853, 0.09593062347, 0.2546977295, 0.0041382280813],
      [0.0007695714312, 0.018104269703, 0.1859126394, 0.0038379189054, 0.48620889823, 0.30516670233]
    ],
    [
      [0.4317448637, 0.013527699703, 0.019649956637, 0.49973874299, 0.03533873697, 0],
      [0.0064938305428, 0.0030824674399, 0.55112215779, 0.0070463215273, 0.42056288138, 0.011692341324],
      [0.0070236262062, 0.019426535405, 0.017511638255, 0.017943142296, 0.90640393354, 0.031691124298],
      [0.033926471091, 0.013994714986, 0.00029353385191, 0.79922306462, 0.1453963708, 0.007165844651],
      [0.0037143114378, 0.0456452332, 0.0018015739389, 0.33478109739, 0.52593721746, 0.088120566577],
      [0.046097323132, 0.55093683428, 0.0019636138451, 0.14087178697, 0.25618180797, 0.0039486338029],
      [0.0015960371587, 0.017525517139, 0.14294725289, 0.0058597663637, 0.51941734602, 0.31265408043]
    ],
    [
      [0.3423512385, 0.033751001001, 0.093331311906, 0.44958983659, 0.080612557769, 0.00036405424311],
      [0.0019234648326, 0.0019144751615, 0.78232453265, 0.0021281418267, 0.20206355331, 0.0096458322187],
      [0.004700040057, 0.027669983146, 0.048770570047, 0.0084632751794, 0.85813868235, 0.052257449216],
      [0.02618924919, 0.033338094541, 0.00090484083923, 0.70551801085, 0.21535877428, 0.018691030302],
      [0.0022058938666, 0.076443932118, 0.006770667798, 0.20128875439, 0.56198619263, 0.1513045592],
      [0.01809326798, 0.71021944109, 0.0044504075719, 0.062790725641, 0.19883996415, 0.0056061935732],
      [0.00072610110683, 0.018318971341, 0.29260146859, 0.0021242055621, 0.34491321131, 0.34131604209]
    ],
    [
      [0.34315791639, 0.01129976647, 0.031776781013, 0.57211381258, 0.041651723547, 0],
      [0.0039967933957, 0.0020646490306, 0.65118886273, 0.0086478768896, 0.32760089025, 0.0065009277046],
      [0.006761568354, 0.015818145342, 0.028512149981, 0.019100165903, 0.90525759153, 0.024550378894],
      [0.024850063382, 0.010518170725, 0.00081338519703, 0.82517261306, 0.1343012083, 0.00434455933],
      [0.0029908591907, 0.036439218781, 0.0028925207206, 0.37058701566, 0.51551567777, 0.071574707884],
      [0.039969736139, 0.49889768966, 0.0035477717599, 0.17511346758, 0.27926353334, 0.0032078015242],
      [0.0014188293698, 0.013812187743, 0.22182067847, 0.0084344348098, 0.50190424031, 0.25260962929]
    ],
    [
      [0.54756654986, 0.026784438261, 0.030452785049, 0.35545140873, 0.039744818096, 0],
      [0.0036696649363, 0.0029105999948, 0.43310125322, 0.18615982896, 0.33305225081, 0.041106402073],
      [0.0056605664812, 0.013259448835, 0.0039166501681, 0.017666550413, 0.85728969358, 0.10220709052],
      [0.01649917011, 0.013180281886, 8.9984854097e-05, 0.74371789263, 0.20026678582, 0.026245884704],
      [0.0013012632581, 0.027165130083, 0.00032703077003, 0.20437142529, 0.46444967345, 0.30238547715],
      [0.029309789048, 0.6447593133, 0.0013532408384, 0.10892688526, 0.2036672427, 0.011983528844],
      [0.00062673273881, 0.0065158146977, 0.040003594814, 0.0058393034006, 0.28271397519, 0.66430057915]
    ],
    [
      [0.26195657393, 0.016297790622, 0.025816280134, 0.63057519891, 0.065303571301, 5.0585104775e-05],
      [0.0029324644126, 0.0029742228745, 0.53202693468, 0.0083659558892, 0.43883108297, 0.014869339174],
      [0.0030583571193, 0.017319903322, 0.017050903916, 0.016851388469, 0.90466844793, 0.041050999243],
      [0.016717198649, 0.01337446423, 0.00022146692056, 0.80634004644, 0.15332690326, 0.010019920502],
      [0.0017044066878, 0.040654165821, 0.0017917046587, 0.31783932818, 0.52753768967, 0.11047270498],
      [0.023738034161, 0.53790607388, 0.0021245973157, 0.1483915065, 0.28211838627, 0.0057214018691],
      [0.00064950335201, 0.014727533348, 0.13123610736, 0.0048258678575, 0.48270536917, 0.36585561891]
    ],
    [
      [0.2471768718, 0.017967530802, 0.041094844961, 0.62439866814, 0.069287375115, 7.4709176494e-05],
      [0.0020097538776, 0.0025260871421, 0.63806126967, 0.0066127558167, 0.33530769912, 0.015482434375],
      [0.002758269704, 0.018478395998, 0.02662680263, 0.01499192903, 0.88200462879, 0.055139973844],
      [0.015515446421, 0.014849083536, 0.00063822980578, 0.80070441872, 0.15431594838, 0.01397687313],
      [0.0014857933007, 0.042217892907, 0.002931555697, 0.2945223242, 0.51186328921, 0.14697914468],
      [0.020352164198, 0.56982978969, 0.0030969042151, 0.13478471356, 0.2644925399, 0.0074438884321],
      [0.00048025816835, 0.013028730747, 0.16814967719, 0.0039789649229, 0.3965101759, 0.41785219308]
    ],
    [
