{
  "X": [
    [49, 33, 53, 344, 434, 62],
    [67, 47, 61, 374, 405, 80],
    [102, 53, 100, 461, 473, 83],
    [18, 10, 22, 134, 116, 22],
    [5, 4, 4, 22, 37, 4],
    [38, 40, 61, 263, 378, 74],
    [10, 6, 12, 84, 45, 8],
    [74, 88, 49, 579, 677, 138],
    [8, 6, 0, 50, 67, 14],
    [17, 46, 21, 153, 310, 54],
    [48, 81, 37, 526, 554, 128],
    [33, 26, 65, 166, 225, 32],
    [35, 13, 20, 172, 103, 28],
    [3, 20, 12, 52, 296, 24],
    [5, 7, 5, 14, 129, 10],
    [26, 35, 36, 215, 357, 36],
    [16, 55, 83, 153, 660, 121],
    [20, 13, 25, 141, 126, 39],
    [29, 15, 63, 157, 254, 51],
    [19, 37, 43, 155, 369, 54],
    [27, 36, 69, 251, 480, 89],
    [21, 26, 34, 116, 303, 50],
    [4, 22, 10, 51, 192, 28],
    [14, 20, 14, 84, 170, 35],
    [37, 40, 30, 220, 383, 68],
    [27, 52, 50, 238, 575, 94],
    [16, 9, 9, 117, 45, 15],
    [15, 5, 3, 111, 23, 10],
    [25, 60, 38, 186, 402, 66],
    [24, 6, 30, 132, 82, 19],
    [19, 15, 26, 180, 81, 21],
    [5, 3, 16, 41, 26, 9],
    [33, 48, 36, 240, 427, 75],
    [12, 17, 21, 111, 201, 20],
    [30, 65, 41, 262, 528, 85],
    [19, 38, 25, 155, 201, 40],
    [24, 34, 30, 214, 305, 50],
    [75, 108, 37, 881, 752, 154],
    [82, 96, 67, 681, 718, 168],
    [7, 14, 38, 146, 309, 53],
    [17, 16, 57, 131, 170, 16],
    [8, 4, 6, 62, 21, 8],
    [11, 5, 12, 79, 47, 8],
    [28, 35, 30, 246, 259, 42],
    [2, 9, 2, 105, 144, 28],
    [77, 68, 60, 568, 819, 118],
    [8, 18, 16, 88, 208, 28],
    [87, 65, 182, 538, 692, 140],
    [5, 0, 21, 53, 81, 10]
  ],
  "W": [
    [88, 77, 394, 197, 99, 45, 75],
    [96, 47, 423, 190, 145, 57, 76],
    [162, 138, 421, 305, 78, 85, 83],
    [33, 24, 114, 96, 24, 14, 17],
    [4, 5, 38, 12, 5, 6, 6],
    [41, 68, 383, 153, 82, 47, 80],
    [26, 14, 46, 44, 18, 6, 11],
    [101, 40, 737, 370, 161, 91, 105],
    [11, 7, 62, 30, 14, 8, 13],
    [22, 28, 324, 76, 48, 45, 58],
    [91, 42, 614, 301, 104, 109, 113],
    [33, 78, 221, 92, 43, 37, 43],
    [61, 32, 95, 85, 53, 19, 26],
    [5, 13, 300, 19, 21, 17, 32],
    [0, 11, 114, 10, 16, 5, 14],
    [29, 38, 349, 134, 67, 42, 46],
    [22, 82, 655, 76, 97, 54, 102],
    [37, 22, 115, 93, 43, 25, 29],
    [42, 75, 249, 93, 44, 19, 47],
    [28, 58, 360, 83, 66, 26, 56],
    [43, 87, 491, 147, 68, 42, 74],
    [19, 34, 320, 53, 52, 26, 46],
    [7, 9, 210, 24, 18, 18, 21],
    [19, 13, 169, 48, 29, 28, 31],
    [32, 22, 416, 121, 82, 55, 50],
    [35, 50, 543, 125, 93, 71, 119],
    [29, 10, 45, 76, 17, 17, 17],
    [40, 4, 22, 69, 11, 7, 14],
    [29, 32, 426, 91, 68, 66, 65],
    [42, 32, 82, 76, 21, 18, 22],
    [47, 25, 99, 90, 32, 12, 37],
    [14, 14, 31, 23, 6, 4, 8],
    [41, 35, 458, 123, 76, 52, 74],
    [12, 20, 210, 56, 32, 27, 25],
    [27, 50, 518, 136, 100, 84, 96],
    [27, 28, 223, 81, 41, 50, 28],
    [33, 32, 305, 118, 42, 54, 73],
    [128, 54, 812, 515, 227, 152, 119],
    [104, 75, 777, 373, 202, 128, 153],
    [19, 35, 301, 69, 61, 24, 58],
    [28, 76, 141, 73, 33, 20, 36],
    [18, 4, 25, 32, 13, 3, 14],
    [13, 9, 42, 54, 17, 6, 21],
    [47, 26, 262, 163, 75, 35, 32],
    [4, 3, 145, 97, 16, 7, 18],
    [114, 96, 740, 330, 183, 109, 138],
    [14, 21, 196, 63, 37, 15, 20],
    [123, 187, 666, 328, 152, 85, 163],
    [14, 22, 82, 37, 1, 4, 10]
  ],
  "method": "mcmc",
  "mcmc_stepsize": 3000,
  "mcmc_samples": 1000,
  "burn_in": 10000,
  "cond_prob": [
    [
      [0.079545454545, 0.022727272727, 0.045454545455, 0.35227272727, 0.44318181818, 0.056818181818],
      [0.064935064935, 0.038961038961, 0.051948051948, 0.35064935065, 0.44155844156, 0.051948051948],
      [0.048223350254, 0.03807106599, 0.053299492386, 0.35279187817, 0.44416243655, 0.06345177665],
      [0.045685279188, 0.035532994924, 0.065989847716, 0.35025380711, 0.44162436548, 0.060913705584],
      [0.040404040404, 0.030303030303, 0.050505050505, 0.37373737374, 0.44444444444, 0.060606060606],
      [0.044444444444, 0.022222222222, 0.044444444444, 0.33333333333, 0.48888888889, 0.066666666667],
      [0.04, 0.026666666667, 0.053333333333, 0.34666666667, 0.44, 0.093333333333]
    ],
    [
      [0.09375, 0.041666666667, 0.052083333333, 0.35416666667, 0.38541666667, 0.072916666667],
      [0.063829787234, 0.085106382979, 0.042553191489, 0.36170212766, 0.3829787234, 0.063829787234],
      [0.063829787234, 0.047281323877, 0.06146572104, 0.36170212766, 0.39007092199, 0.075650118203],
      [0.063157894737, 0.042105263158, 0.068421052632, 0.36315789474, 0.38947368421, 0.073684210526],
      [0.062068965517, 0.041379310345, 0.055172413793, 0.3724137931, 0.39310344828, 0.075862068966],
      [0.052631578947, 0.035087719298, 0.052631578947, 0.35087719298, 0.43859649123, 0.070175438596],
      [0.052631578947, 0.039473684211, 0.052631578947, 0.35526315789, 0.38157894737, 0.11842105263]
    ],
    [
      [0.098765432099, 0.037037037037, 0.074074074074, 0.35802469136, 0.37037037037, 0.061728395062],
      [0.079710144928, 0.050724637681, 0.072463768116, 0.36231884058, 0.36956521739, 0.065217391304],
      [0.0783847981, 0.04513064133, 0.080760095012, 0.36104513064, 0.37054631829, 0.064133016627],
      [0.07868852459, 0.039344262295, 0.085245901639, 0.36393442623, 0.37049180328, 0.062295081967],
      [0.076923076923, 0.038461538462, 0.076923076923, 0.37179487179, 0.37179487179, 0.064102564103],
      [0.070588235294, 0.035294117647, 0.070588235294, 0.36470588235, 0.4, 0.058823529412],
      [0.072289156627, 0.036144578313, 0.072289156627, 0.36144578313, 0.36144578313, 0.096385542169]
    ],
    [
      [0.12121212121, 0.030303030303, 0.060606060606, 0.39393939394, 0.33333333333, 0.060606060606],
      [0.083333333333, 0.125, 0.041666666667, 0.375, 0.33333333333, 0.041666666667],
      [0.052631578947, 0.035087719298, 0.078947368421, 0.41228070175, 0.35964912281, 0.061403508772],
      [0.052083333333, 0.020833333333, 0.083333333333, 0.42708333333, 0.35416666667, 0.0625],
      [0.041666666667, 1.7848762219e-15, 0.041666666667, 0.5, 0.375, 0.041666666667],
      [2.0481171051e-17, 1.1959694738e-15, 6.0919661763e-15, 0.35714285714, 0.5, 0.14285714286],
      [1.2609775124e-15, 1.3056799906e-15, 0.058823529412, 0.41176470588, 0.35294117647, 0.17647058824]
    ],
    [
      [0.48295323221, 0.00010972505463, 0.00019979006842, 0.25434572681, 0.26224809704, 0.00014342881888],
      [0.19297461009, 0.19272173153, 0.000976857598, 0.20634661231, 0.40146066923, 0.0055195192333],
      [0.052658164251, 0.07807060253, 0.052525982722, 0.29046461923, 0.47385642956, 0.052424201705],
      [0.0043109564742, 0.0033491036299, 0.16380275164, 0.408665861, 0.41713553209, 0.0027357951708],
      [0.0022080103157, 0.00070980131013, 0.00055658188898, 0.39425138394, 0.60215853389, 0.00011568866045],
      [0.0025713216364, 0.00031368977944, 0.00053208593869, 0.16989835396, 0.82491608043, 0.0017684682519],
      [0.0040173866808, 0.0039415262009, 0.0044534605961, 0.16976518747, 0.4952074009, 0.32261503815]
    ],
    [
      [0.09756097561, 0.048780487805, 0.048780487805, 0.29268292683, 0.43902439024, 0.073170731707],
      [0.044117647059, 0.088235294118, 0.058823529412, 0.29411764706, 0.44117647059, 0.073529411765],
      [0.044386422977, 0.044386422977, 0.078328981723, 0.30548302872, 0.44125326371, 0.086161879896],
      [0.039215686275, 0.045751633987, 0.078431372549, 0.3137254902, 0.43790849673, 0.084967320261],
      [0.036585365854, 0.036585365854, 0.060975609756, 0.34146341463, 0.43902439024, 0.085365853659],
      [0.042553191489, 0.042553191489, 0.063829787234, 0.29787234043, 0.46808510638, 0.085106382979],
      [0.0375, 0.0375, 0.0625, 0.3, 0.45, 0.1125]
    ],
    [
      [0.15384614236, 9.3273871325e-09, 0.038461548164, 0.50000000266, 0.26923075881, 0.03846153868],
      [0.071428568289, 0.14285711518, 0.071428583451, 0.49999997948, 0.21428574115, 1.2442357387e-08],
      [0.043478263313, 0.065217380716, 0.086956511183, 0.50000000555, 0.26086957514, 0.043478264098],
      [0.045454542626, 0.022727272241, 0.11363634127, 0.50000003654, 0.27272726248, 0.045454544847],
      [0.055555562521, 2.1187600496e-08, 0.055555566744, 0.61111105937, 0.27777777069, 1.9488631975e-08],
      [1.4601546394e-08, 8.5569058206e-09, 6.7938628808e-08, 0.49999993248, 0.4999999589, 1.7521441511e-08],
      [1.2874686274e-08, 2.0060188713e-08, 4.0023020923e-08, 0.45454542652, 0.27272729666, 0.27272720386]
    ],
    [
      [0.069306930693, 0.049504950495, 0.029702970297, 0.35643564356, 0.41584158416, 0.079207920792],
      [0.05, 0.1, 0.025, 0.35, 0.4, 0.075],
      [0.044776119403, 0.056987788331, 0.032564450475, 0.35956580733, 0.42062415197, 0.085481682497],
      [0.045945945946, 0.054054054054, 0.032432432432, 0.36216216216, 0.42162162162, 0.083783783784],
      [0.04347826087, 0.049689440994, 0.024844720497, 0.37888198758, 0.42236024845, 0.080745341615],
      [0.043956043956, 0.043956043956, 0.021978021978, 0.35164835165, 0.45054945055, 0.087912087912],
      [0.038095238095, 0.047619047619, 0.028571428571, 0.35238095238, 0.41904761905, 0.11428571429]
    ],
    [
      [0.18168427816, 0.00011015523347, 0, 0.27277793778, 0.45449612724, 0.090931501587],
      [0.28530942112, 2.3233153696e-06, 0, 0.28574433462, 0.42873484039, 0.0002090805487],
      [0.048369505091, 0.080581604701, 0, 0.33881717572, 0.45156279626, 0.08066891822],
      [0.033336404742, 0.033331308784, 0, 0.4332764808, 0.43343113489, 0.066624670785],
      [0.00025192779001, 0.00010271655821, 0, 0.35691833826, 0.57137124931, 0.071355768082],
      [3.9947149827e-05, 2.1304592851e-06, 0, 0.25001305399, 0.49998743429, 0.24995743412],
      [0.00011222832257, 0.00010139990252, 0, 0.30748552735, 0.46157494908, 0.23072589534]
    ],
    [
      [0.13636363636, 0.090909090909, 7.2586433265e-28, 0.22727272727, 0.5, 0.045454545455],
      [2.4846171528e-30, 0.17857142857, 2.8546729574e-28, 0.25, 0.5, 0.071428571429],
      [0.027777777778, 0.074074074074, 0.04012345679, 0.25308641975, 0.51543209877, 0.08950617284],
      [0.026315789474, 0.065789473684, 0.052631578947, 0.26315789474, 0.51315789474, 0.078947368421],
      [0.020833333333, 0.0625, 0.020833333333, 0.29166666667, 0.52083333333, 0.083333333333],
      [0.022222222222, 0.066666666667, 0.022222222222, 0.24444444444, 0.55555555556, 0.088888888889],
      [0.01724137931, 0.068965517241, 0.034482758621, 0.24137931034, 0.5, 0.13793103448]
    ],
    [
      [0.065934065934, 0.054945054945, 0.021978021978, 0.37362637363, 0.3956043956, 0.087912087912],
      [0.047619047619, 0.095238095238, 0.02380952381, 0.38095238095, 0.38095238095, 0.071428571429],
      [0.034201954397, 0.060260586319, 0.027687296417, 0.38273615635, 0.40228013029, 0.092833876221],
      [0.033222591362, 0.056478405316, 0.033222591362, 0.38205980066, 0.40199335548, 0.093023255814],
      [0.028846153846, 0.057692307692, 0.019230769231, 0.40384615385, 0.40384615385, 0.086538461538],
      [0.02752293578, 0.05504587156, 0.018348623853, 0.37614678899, 0.43119266055, 0.091743119266],
      [0.026548672566, 0.053097345133, 0.026548672566, 0.38053097345, 0.3982300885, 0.11504424779]
    ],
    [
      [0.15151515152, 0.030303030303, 0.090909090909, 0.30303030303, 0.39393939394, 0.030303030303],
      [0.051282051282, 0.076923076923, 0.11538461538, 0.29487179487, 0.41025641026, 0.051282051282],
      [0.058823529412, 0.045248868778, 0.13122171946, 0.30316742081, 0.407239819, 0.054298642534],
      [0.054347826087, 0.04347826087, 0.10869565217, 0.3152173913, 0.42391304348, 0.054347826087],
      [0.046511627907, 0.046511627907, 0.11627906977, 0.3023255814, 0.44186046512, 0.046511627907],
      [0.054054054054, 0.027027027027, 0.10810810811, 0.2972972973, 0.40540540541, 0.10810810811],
      [0.046511627907, 0.046511627907, 0.11627906977, 0.3023255814, 0.39534883721, 0.093023255814]
    ],
    [
      [0.13114754098, 0.032786885246, 0.049180327869, 0.45901639344, 0.26229508197, 0.065573770492],
      [0.09375, 0.125, 0.03125, 0.4375, 0.25, 0.0625],
      [0.084210526316, 0.042105263158, 0.063157894737, 0.46315789474, 0.27368421053, 0.073684210526],
      [0.094117647059, 0.023529411765, 0.070588235294, 0.47058823529, 0.27058823529, 0.070588235294],
      [0.094339622642, 0.018867924528, 0.037735849057, 0.49056603774, 0.28301886792, 0.075471698113],
      [0.052631578947, 2.392651905e-19, 0.052631578947, 0.42105263158, 0.42105263158, 0.052631578947],
      [0.076923076923, 2.1540547127e-19, 0.038461538462, 0.46153846154, 0.26923076923, 0.15384615385]
    ],
    [
      [0.2, 0.2, 1.7595125628e-18, 1.7598763537e-18, 0.6, 1.7598206992e-18],
      [7.6261012619e-23, 0.23076923077, 3.641813172e-22, 0.076923076923, 0.69230769231, 7.2966285204e-19],
      [0.0066666666667, 0.046666666667, 0.036666666667, 0.12666666667, 0.72666666667, 0.056666666667],
      [9.0300704722e-21, 4.9926849361e-19, 0.052631578947, 0.21052631579, 0.68421052632, 0.052631578947],
      [1.6340754938e-20, 0.047619047619, 3.7704730839e-18, 0.14285714286, 0.7619047619, 0.047619047619],
      [5.1750364044e-19, 1.0754588044e-18, 1.0308878785e-20, 0.11764705882, 0.82352941176, 0.058823529412],
      [2.7495145367e-19, 0.03125, 2.693450105e-20, 0.125, 0.71875, 0.125]
    ],
    [
      [0, 0, 0, 0, 0, 0],
      [0.18181416788, 0.090915102381, 2.11916148e-09, 2.9460110951e-09, 0.72727071713, 7.5426583618e-09],
      [0.026227639569, 0.052455279035, 0.035087718238, 0.078859412454, 0.754562847, 0.052807103702],
      [1.5269134045e-09, 2.2066626359e-06, 0.099999998434, 0.19799679474, 0.70100049375, 0.0010005048829],
      [2.7575576458e-06, 0.00062531196381, 5.2059549199e-10, 0.12625199641, 0.87311855454, 1.3790092819e-06],
      [0.002005409043, 9.8922797402e-10, 5.1427550164e-09, 1.0039194652e-08, 0.79799016773, 0.20000440706],
      [1.5757870505e-06, 0.00071464291411, 5.6579982148e-09, 0.072144786267, 0.71500035033, 0.21213863905]
    ],
    [
      [0.13793103448, 0.034482758621, 0.034482758621, 0.27586206897, 0.48275862069, 0.034482758621],
      [0.052631578947, 0.10526315789, 0.026315789474, 0.28947368421, 0.5, 0.026315789474],
      [0.034383954155, 0.048710601719, 0.060171919771, 0.30372492837, 0.50429799427, 0.048710601719],
      [0.029850746269, 0.044776119403, 0.044776119403, 0.32835820896, 0.50746268657, 0.044776119403],
      [0.029850746269, 0.044776119403, 0.044776119403, 0.29850746269, 0.53731343284, 0.044776119403],
      [0.02380952381, 0.047619047619, 0.047619047619, 0.28571428571, 0.5, 0.095238095238],
      [0.021739130435, 0.04347826087, 0.04347826087, 0.30434782609, 0.5, 0.086956521739]
    ],
    [
      [0.090909090909, 0.045454545455, 0.045454545455, 0.13636363636, 0.59090909091, 0.090909090909],
      [0.024390243902, 0.060975609756, 0.073170731707, 0.13414634146, 0.59756097561, 0.10975609756],
      [0.013740458015, 0.053435114504, 0.076335877863, 0.14045801527, 0.60610687023, 0.10992366412],
      [0.013157894737, 0.039473684211, 0.10526315789, 0.13157894737, 0.60526315789, 0.10526315789],
      [0.010309278351, 0.041237113402, 0.072164948454, 0.16494845361, 0.60824742268, 0.10309278351],
      [4.6779252522e-49, 0.037037037037, 0.074074074074, 0.12962962963, 0.64814814815, 0.11111111111],
      [0.0098039215686, 0.049019607843, 0.06862745098, 0.13725490196, 0.59803921569, 0.13725490196]
    ],
    [
      [0.10810810811, 0.054054054054, 0.054054054054, 0.37837837838, 0.32432432432, 0.081081081081],
      [0.045454545455, 0.090909090909, 0.090909090909, 0.36363636364, 0.31818181818, 0.090909090909],
      [0.052173913043, 0.034782608696, 0.086956521739, 0.38260869565, 0.33913043478, 0.10434782609],
      [0.05376344086, 0.032258064516, 0.075268817204, 0.39784946237, 0.34408602151, 0.096774193548],
      [0.046511627907, 0.023255813953, 0.046511627907, 0.41860465116, 0.37209302326, 0.093023255814],
      [0.04, 4.932545053e-21, 0.04, 0.36, 0.4, 0.16],
      [0.034482758621, 0.034482758621, 0.034482758621, 0.37931034483, 0.34482758621, 0.1724137931]
    ],
    [
      [0.11904761905, 0.02380952381, 0.095238095238, 0.2619047619, 0.42857142857, 0.071428571429],
      [0.053333333333, 0.053333333333, 0.10666666667, 0.26666666667, 0.44, 0.08],
      [0.048192771084, 0.024096385542, 0.12048192771, 0.27309236948, 0.44578313253, 0.088353413655],
      [0.043010752688, 0.021505376344, 0.10752688172, 0.30107526882, 0.44086021505, 0.086021505376],
      [0.045454545455, 0.022727272727, 0.090909090909, 0.29545454545, 0.47727272727, 0.068181818182],
      [2.1708940004e-26, 3.1610108857e-26, 0.10526315789, 0.26315789474, 0.52631578947, 0.10526315789],
      [0.042553191489, 0.021276595745, 0.10638297872, 0.25531914894, 0.42553191489, 0.14893617021]
    ],
    [
      [0.10714285714, 0.035714285714, 0.035714285714, 0.21428571429, 0.53571428571, 0.071428571429],
      [0.034482758621, 0.086206896552, 0.051724137931, 0.22413793103, 0.53448275862, 0.068965517241],
      [0.027777777778, 0.055555555556, 0.066666666667, 0.22777777778, 0.54444444444, 0.077777777778],
      [0.024096385542, 0.048192771084, 0.084337349398, 0.22891566265, 0.5421686747, 0.072289156627],
      [0.015151515152, 0.045454545455, 0.060606060606, 0.27272727273, 0.5303030303, 0.075757575758],
      [1.6717460199e-31, 0.038461538462, 0.038461538462, 0.19230769231, 0.65384615385, 0.076923076923],
      [0.017857142857, 0.053571428571, 0.053571428571, 0.21428571429, 0.53571428571, 0.125]
    ],
    [
      [0.06976744186, 0.023255813953, 0.06976744186, 0.25581395349, 0.48837209302, 0.093023255814],
      [0.034482758621, 0.057471264368, 0.068965517241, 0.25287356322, 0.49425287356, 0.091954022989],
      [0.026476578411, 0.040733197556, 0.075356415479, 0.26272912424, 0.50305498982, 0.091649694501],
      [0.027210884354, 0.034013605442, 0.074829931973, 0.27210884354, 0.50340136054, 0.08843537415],
      [0.014705882353, 0.029411764706, 0.058823529412, 0.27941176471, 0.52941176471, 0.088235294118],
      [0.02380952381, 0.02380952381, 0.071428571429, 0.2619047619, 0.52380952381, 0.095238095238],
      [0.027027027027, 0.027027027027, 0.067567567568, 0.25675675676, 0.5, 0.12162162162]
    ],
    [
      [0.15789473684, 3.3855849647e-24, 0.052631578947, 0.21052631579, 0.52631578947, 0.052631578947],
      [0.058823529412, 0.058823529412, 0.058823529412, 0.20588235294, 0.52941176471, 0.088235294118],
      [0.0375, 0.053125, 0.059375, 0.209375, 0.55, 0.090625],
      [0.037735849057, 0.037735849057, 0.094339622642, 0.20754716981, 0.54716981132, 0.075471698113],
      [0.019230769231, 0.038461538462, 0.076923076923, 0.25, 0.53846153846, 0.076923076923],
      [3.534815986e-25, 0.038461538462, 0.038461538462, 0.19230769231, 0.65384615385, 0.076923076923],
      [0.021739130435, 0.04347826087, 0.04347826087, 0.19565217391, 0.54347826087, 0.15217391304]
    ],
    [
      [0.28571428571, 5.5250139201e-12, 4.2773819687e-12, 0.14285714287, 0.57142857142, 2.0393298445e-12],
      [1.6281766403e-16, 0.33333333333, 5.6681452506e-13, 0.11111111111, 0.55555555556, 2.2223539141e-14],
      [0.0095238095236, 0.071428571428, 0.042857142856, 0.16190476191, 0.62380952381, 0.090476190476],
      [3.2919294698e-12, 0.041666666667, 0.041666666669, 0.20833333333, 0.625, 0.083333333332],
      [3.6805419189e-17, 0.055555555558, 2.3803018662e-12, 0.27777777777, 0.61111111111, 0.055555555556],
      [8.0017775521e-13, 0.055555555557, 2.7016063226e-12, 0.11111111111, 0.72222222221, 0.11111111111],
      [2.4625527311e-13, 0.04761904762, 2.4914727854e-13, 0.14285714285, 0.61904761905, 0.19047619047]
    ],
    [
      [0.15789473684, 0.10526315789, 1.5908100834e-16, 0.21052631579, 0.47368421053, 0.052631578947],
      [1.1913625758e-16, 0.23076923077, 1.203933478e-16, 0.23076923077, 0.46153846154, 0.076923076923],
      [0.041420118343, 0.059171597633, 0.047337278107, 0.24852071006, 0.50295857988, 0.10059171598],
      [0.020833333333, 0.041666666667, 0.0625, 0.29166666667, 0.5, 0.083333333333],
      [0.034482758621, 0.034482758621, 0.034482758621, 0.27586206897, 0.51724137931, 0.10344827586],
      [0.035714285714, 0.035714285714, 0.035714285714, 0.21428571429, 0.57142857143, 0.10714285714],
      [0.032258064516, 0.032258064516, 0.032258064516, 0.22580645161, 0.48387096774, 0.1935483871]
    ],
    [
      [0.125, 0.03125, 0.03125, 0.28125, 0.46875, 0.0625],
      [0.090909090909, 0.13636363636, 4.7922563787e-24, 0.27272727273, 0.45454545455, 0.045454545455],
      [0.045673076923, 0.052884615385, 0.043269230769, 0.28125, 0.49038461538, 0.086538461538],
      [0.04132231405, 0.04958677686, 0.04132231405, 0.29752066116, 0.48760330579, 0.082644628099],
      [0.036585365854, 0.048780487805, 0.036585365854, 0.28048780488, 0.51219512195, 0.085365853659],
      [0.036363636364, 0.036363636364, 0.036363636364, 0.27272727273, 0.52727272727, 0.090909090909],
      [0.04, 0.04, 0.02, 0.28, 0.48, 0.14]
    ],
    [
      [0.085714285714, 0.028571428571, 0.028571428571, 0.22857142857, 0.54285714286, 0.085714285714],
      [0.02, 0.1, 0.04, 0.22, 0.54, 0.08],
      [0.025782688766, 0.051565377532, 0.049723756906, 0.22836095764, 0.55432780847, 0.090239410681],
      [0.024, 0.048, 0.064, 0.224, 0.552, 0.088],
      [0.021505376344, 0.043010752688, 0.043010752688, 0.25806451613, 0.54838709677, 0.086021505376],
      [0.014084507042, 0.042253521127, 0.042253521127, 0.22535211268, 0.59154929577, 0.084507042254],
      [0.025210084034, 0.042016806723, 0.042016806723, 0.2268907563, 0.55462184874, 0.10924369748]
    ],
    [
      [0.10344827591, 0.034482758394, 0.034482759082, 0.55172413787, 0.20689655033, 0.068965518415],
      [0.19999999679, 0.099999998078, 3.1672399217e-09, 0.50000000002, 0.19999999999, 1.9558485491e-09],
      [0.066666667806, 0.088888887296, 0.044444444724, 0.53333333257, 0.20000000097, 0.066666666642],
      [0.065789473394, 0.03947368422, 0.065789472641, 0.55263158064, 0.21052631588, 0.065789473228],
      [0.058823529449, 3.2930077618e-09, 0.058823529036, 0.6470588213, 0.17647058778, 0.058823529144],
      [0.058823529059, 1.5572718638e-09, 1.2397017392e-10, 0.58823529069, 0.29411764886, 0.05882352971],
      [0.058823529818, 8.4015149871e-10, 1.5279021222e-09, 0.52941176493, 0.23529411573, 0.17647058716]
    ],
    [
      [0.15000169271, 0.024999368274, 1.6186249667e-06, 0.6500010137, 0.12499870199, 0.049997604705],
      [0.24918717035, 0.24920461672, 1.4917714881e-07, 0.50079235202, 0.00080538168011, 1.0330048307e-05],
      [0.045455214637, 0.045452162137, 0.090758627957, 0.63636838416, 0.13650770215, 0.045457908958],
      [0.086953904224, 0.028939123353, 0.014538891896, 0.68139084325, 0.13029874386, 0.057878493412],
      [8.2848914401e-07, 2.9439448849e-06, 1.8362891749e-06, 0.81759301767, 0.18181674111, 0.0005846324921],
      [0.0009129298278, 7.7253156745e-06, 5.4996478075e-06, 0.57142130766, 0.4271892369, 0.00046330064961],
      [0.071210705329, 0.00045523308348, 1.8611935318e-07, 0.6419460757, 0.072338486397, 0.21404931337]
    ],
    [
      [0.10344827586, 0.068965517241, 0.034482758621, 0.20689655172, 0.51724137931, 0.068965517241],
      [0.03125, 0.125, 0.0625, 0.21875, 0.5, 0.0625],
      [0.030516431925, 0.075117370892, 0.051643192488, 0.24178403756, 0.51643192488, 0.084507042254],
      [0.021978021978, 0.076923076923, 0.043956043956, 0.26373626374, 0.51648351648, 0.076923076923],
      [0.029411764706, 0.073529411765, 0.044117647059, 0.23529411765, 0.54411764706, 0.073529411765],
      [0.030303030303, 0.075757575758, 0.045454545455, 0.22727272727, 0.51515151515, 0.10606060606],
      [0.030769230769, 0.076923076923, 0.046153846154, 0.23076923077, 0.50769230769, 0.10769230769]
    ],
    [
      [0.16666666667, 1.519506966e-12, 0.09523809524, 0.42857142857, 0.2619047619, 0.047619047621],
      [0.062499999998, 0.093749999998, 0.09375000001, 0.4375, 0.24999999999, 0.062499999999],
      [0.073170731706, 0.024390243902, 0.13414634146, 0.43902439024, 0.26829268293, 0.060975609758],
      [0.078947368418, 0.013157894737, 0.092105263155, 0.48684210527, 0.27631578947, 0.052631578948],
      [0.047619047635, 2.5301579088e-12, 0.095238095239, 0.47619047618, 0.33333333333, 0.047619047619],
      [0.055555555556, 5.9504051522e-13, 0.055555555553, 0.44444444445, 0.38888888889, 0.055555555553],
      [0.045454545456, 9.7181351771e-13, 0.090909090906, 0.4090909091, 0.27272727273, 0.18181818181]
    ],
    [
      [0.10638297872, 0.042553191489, 0.063829787234, 0.51063829787, 0.23404255319, 0.042553191489],
      [0.04, 0.16, 0.04, 0.52, 0.2, 0.04],
      [0.050505050505, 0.040404040404, 0.090909090909, 0.52525252525, 0.23232323232, 0.060606060606],
      [0.055555555556, 0.033333333333, 0.1, 0.52222222222, 0.23333333333, 0.055555555556],
      [0.03125, 0.03125, 0.0625, 0.59375, 0.25, 0.03125],
      [6.4826866236e-17, 4.8525129486e-15, 6.2243965575e-15, 0.5, 0.41666666667, 0.083333333333],
      [0.054054054054, 0.027027027027, 0.054054054054, 0.51351351351, 0.21621621622, 0.13513513514]
    ],
    [
      [0.21397668632, 1.1445717109e-05, 0.14274578238, 0.35742978142, 0.21433968662, 0.071496617538],
      [0.00015845409343, 0.21377956212, 0.14304941212, 0.35712420536, 0.21433337606, 0.071554990252],
      [0.032271215299, 0.00012228007015, 0.25775237502, 0.38702673328, 0.25823698904, 0.064590407288],
      [0.0434577228, 8.4250715343e-05, 0.13064597086, 0.52151434382, 0.21747475524, 0.086822956572],
      [2.0617015354e-05, 0.00010614477097, 0.00045429030852, 0.49985504201, 0.49940317781, 0.00016072808968],
      [0.00018079712195, 0.00011053431256, 0.00029547317652, 0.25052588386, 0.49919150488, 0.24969580665],
      [0.00016573062377, 1.4804476408e-05, 0.12497233589, 0.37529396975, 0.24976575067, 0.24978740859]
    ],
    [
      [0.09756097561, 0.048780487805, 0.024390243902, 0.26829268293, 0.48780487805, 0.073170731707],
      [0.085714285714, 0.057142857143, 0.028571428571, 0.25714285714, 0.48571428571, 0.085714285714],
      [0.03711790393, 0.061135371179, 0.043668122271, 0.27729257642, 0.49563318777, 0.085152838428],
      [0.032520325203, 0.048780487805, 0.048780487805, 0.29268292683, 0.49593495935, 0.081300813008],
      [0.026315789474, 0.052631578947, 0.039473684211, 0.30263157895, 0.5, 0.078947368421],
      [0.019230769231, 0.038461538462, 0.038461538462, 0.26923076923, 0.53846153846, 0.096153846154],
      [0.027027027027, 0.054054054054, 0.040540540541, 0.27027027027, 0.48648648649, 0.12162162162]
    ],
    [
      [0.25, 2.7638212581e-12, 8.8525097293e-13, 0.25, 0.5, 9.9629735612e-13],
      [0.05, 0.099999999999, 0.05, 0.25, 0.5, 0.050000000002],
      [0.028571428571, 0.047619047619, 0.061904761905, 0.29047619048, 0.52380952381, 0.047619047619],
      [0.017857142858, 0.035714285714, 0.071428571429, 0.32142857143, 0.51785714286, 0.035714285714],
      [0.03125, 0.03125, 0.03125, 0.3125, 0.5625, 0.031250000001],
      [3.9344238126e-13, 0.037037037037, 0.037037037037, 0.25925925926, 0.55555555555, 0.11111111111],
      [1.2727133198e-12, 0.04, 0.04, 0.28, 0.52, 0.12]
    ],
    [
      [0.11111111111, 0.037037037037, 0.037037037037, 0.22222222222, 0.51851851852, 0.074074074074],
      [0.04, 0.08, 0.04, 0.24, 0.52, 0.08],
      [0.028957528958, 0.067567567568, 0.040540540541, 0.25868725869, 0.52123552124, 0.083011583012],
      [0.029411764706, 0.058823529412, 0.051470588235, 0.25735294118, 0.52205882353, 0.080882352941],
      [0.02, 0.06, 0.04, 0.28, 0.52, 0.08],
      [0.02380952381, 0.059523809524, 0.035714285714, 0.27380952381, 0.52380952381, 0.083333333333],
      [0.020833333333, 0.0625, 0.03125, 0.25, 0.53125, 0.10416666667]
    ],
    [
      [0.11111111111, 0.074074074074, 0.037037037037, 0.2962962963, 0.40740740741, 0.074074074074],
      [0.071428571429, 0.10714285714, 0.035714285714, 0.32142857143, 0.39285714286, 0.071428571429],
      [0.035874439462, 0.085201793722, 0.058295964126, 0.32286995516, 0.41704035874, 0.080717488789],
      [0.037037037037, 0.074074074074, 0.061728395062, 0.33333333333, 0.41975308642, 0.074074074074],
      [0.024390243902, 0.073170731707, 0.048780487805, 0.34146341463, 0.43902439024, 0.073170731707],
      [0.02, 0.06, 0.04, 0.32, 0.46, 0.1],
      [0.035714285714, 0.071428571429, 0.035714285714, 0.32142857143, 0.39285714286, 0.14285714286]
    ],
    [
      [0.12121212121, 0.030303030303, 0.030303030303, 0.30303030303, 0.45454545455, 0.060606060606],
      [0.03125, 0.125, 0.03125, 0.3125, 0.4375, 0.0625],
      [0.03606557377, 0.052459016393, 0.049180327869, 0.32459016393, 0.46229508197, 0.075409836066],
      [0.033898305085, 0.050847457627, 0.059322033898, 0.33050847458, 0.45762711864, 0.067796610169],
      [0.02380952381, 0.047619047619, 0.02380952381, 0.38095238095, 0.45238095238, 0.071428571429],
      [0.018518518519, 0.037037037037, 0.037037037037, 0.31481481481, 0.51851851852, 0.074074074074],
      [0.027397260274, 0.041095890411, 0.041095890411, 0.31506849315, 0.46575342466, 0.1095890411]
    ],
    [
      [0.0546875, 0.0546875, 0.015625, 0.4375, 0.3671875, 0.0703125],
      [0.037037037037, 0.092592592593, 2.2607880813e-84, 0.42592592593, 0.37037037037, 0.074074074074],
      [0.036945812808, 0.052955665025, 0.020935960591, 0.43842364532, 0.37438423645, 0.076354679803],
      [0.036893203883, 0.052427184466, 0.019417475728, 0.4427184466, 0.37281553398, 0.07572815534],
      [0.035242290749, 0.052863436123, 0.017621145374, 0.44052863436, 0.37885462555, 0.074889867841],
      [0.032894736842, 0.052631578947, 0.013157894737, 0.43421052632, 0.38815789474, 0.078947368421],
      [0.033613445378, 0.050420168067, 0.016806722689, 0.43697478992, 0.36974789916, 0.09243697479]
    ],
    [
      [0.067307692308, 0.048076923077, 0.028846153846, 0.375, 0.39423076923, 0.086538461538],
      [0.053333333333, 0.08, 0.026666666667, 0.37333333333, 0.38666666667, 0.08],
      [0.045045045045, 0.054054054054, 0.037323037323, 0.3758043758, 0.39510939511, 0.092664092664],
      [0.042895442359, 0.050938337802, 0.045576407507, 0.37533512064, 0.39410187668, 0.091152815013],
      [0.044554455446, 0.049504950495, 0.034653465347, 0.38118811881, 0.40099009901, 0.089108910891],
      [0.0390625, 0.046875, 0.03125, 0.375, 0.4140625, 0.09375],
      [0.039215686275, 0.052287581699, 0.032679738562, 0.37254901961, 0.39215686275, 0.11111111111]
    ],
    [
      [0.15789473684, 4.3204558341e-24, 0.052631578947, 0.21052631579, 0.52631578947, 0.052631578947],
      [0.028571428571, 0.028571428571, 0.057142857143, 0.25714285714, 0.54285714286, 0.085714285714],
      [0.0099667774086, 0.029900332226, 0.066445182724, 0.25581395349, 0.54485049834, 0.093023255814],
      [8.5486081146e-24, 0.028985507246, 0.10144927536, 0.24637681159, 0.53623188406, 0.086956521739],
      [5.3667939524e-24, 0.016393442623, 0.065573770492, 0.29508196721, 0.54098360656, 0.081967213115],
      [1.2430910899e-23, 4.7601790737e-25, 0.041666666667, 0.29166666667, 0.58333333333, 0.083333333333],
      [1.507797435e-23, 0.01724137931, 0.051724137931, 0.24137931034, 0.55172413793, 0.13793103448]
    ],
    [
      [0.10714285714, 0.035714285714, 0.10714285714, 0.32142857143, 0.39285714286, 0.035714285714],
      [0.052631578947, 0.065789473684, 0.13157894737, 0.31578947368, 0.40789473684, 0.026315789474],
      [0.035460992908, 0.042553191489, 0.15602836879, 0.31914893617, 0.41134751773, 0.035460992908],
      [0.041095890411, 0.027397260274, 0.15068493151, 0.34246575342, 0.41095890411, 0.027397260274],
      [0.030303030303, 0.030303030303, 0.12121212121, 0.33333333333, 0.45454545455, 0.030303030303],
      [1.5222653227e-17, 4.1484012555e-20, 0.1, 0.3, 0.5, 0.1],
      [0.027777777778, 0.027777777778, 0.13888888889, 0.30555555556, 0.41666666667, 0.083333333333]
    ],
    [
      [0.20551903156, 0.00077731184804, 0.00051945830396, 0.54882514295, 0.18890781962, 0.055451235715],
      [0.03717487619, 0.42502872386, 0.035878668421, 0.49963805576, 0.0008537282829, 0.001425947481],
      [0.045818798724, 0.03459047066, 0.14182992443, 0.56031031815, 0.16605145205, 0.05139903598],
      [0.058038346551, 0.043995821251, 0.070936606639, 0.58093740221, 0.18788902618, 0.058202797168],
      [0.011115155547, 0.00023680671355, 0.0010454168204, 0.70068386201, 0.27512161778, 0.011797141125],
      [0.00055045397662, 0.00092979648289, 0.00146337817, 0.42638298264, 0.56890045359, 0.0017729351459],
      [0.07165089181, 0.00052839771593, 0.00095964288481, 0.50977151609, 0.15351620019, 0.2635733513]
    ],
    [
      [0.30768838686, 2.8094508237e-07, 5.9211735117e-07, 0.46154082765, 0.23076926184, 6.5058735067e-07],
      [5.6768720194e-07, 0.33332878192, 8.2829733891e-07, 0.44444174127, 0.22222647112, 1.609706709e-06],
      [0.047620175951, 0.023809380845, 0.11904657684, 0.47619099662, 0.28571415711, 0.047618712639],
      [0.05555557133, 0.018518469801, 0.092592689303, 0.51851778726, 0.27777824087, 0.037037241437],
      [0.058823530282, 2.5367716635e-06, 0.058824021389, 0.52940971845, 0.35293985762, 3.3548823308e-07],
      [1.3661840106e-06, 2.6060417132e-07, 8.8797316309e-07, 0.33333379397, 0.49999987921, 0.16666381206],
      [0.047618543235, 5.9852314681e-08, 0.047619509842, 0.47619253437, 0.28571261408, 0.14285673862]
    ],
    [
      [0.063829787234, 0.042553191489, 0.042553191489, 0.3829787234, 0.40425531915, 0.063829787234],
      [0.076923076923, 0.11538461538, 0.038461538462, 0.34615384615, 0.38461538462, 0.038461538462],
      [0.041984732824, 0.06106870229, 0.045801526718, 0.38167938931, 0.40458015267, 0.064885496183],
      [0.042944785276, 0.049079754601, 0.061349693252, 0.38650306748, 0.39877300613, 0.061349693252],
      [0.04, 0.053333333333, 0.04, 0.41333333333, 0.4, 0.053333333333],
      [0.028571428571, 0.028571428571, 0.028571428571, 0.37142857143, 0.48571428571, 0.057142857143],
      [0.03125, 0.03125, 0.03125, 0.375, 0.375, 0.15625]
    ],
    [
      [0.24999978644, 0.25000001816, 1.7004397365e-07, 0.25000000687, 0.25000000289, 1.5594142982e-08],
      [5.022608774e-09, 0.33333282898, 5.9795258587e-10, 0.33333376899, 0.33333337955, 1.6857721417e-08],
      [0.0068965411903, 0.027586211221, 0.013793088105, 0.35862062467, 0.49655181579, 0.096551719028],
      [5.7454670812e-10, 0.030927803754, 1.2381058459e-10, 0.38144335073, 0.49484533266, 0.092783512165],
      [9.1396116473e-08, 1.9258376441e-07, 1.942980566e-09, 0.37500010305, 0.56249951571, 0.062500095319],
      [3.3376922714e-09, 6.0193872831e-09, 7.3518549267e-10, 0.28571449732, 0.71428508985, 4.0273712705e-07],
      [4.5842234502e-08, 4.0316317769e-08, 8.3027320776e-08, 0.33333332991, 0.44444452292, 0.22222197798]
    ],
    [
      [0.070175438596, 0.035087719298, 0.035087719298, 0.32456140351, 0.47368421053, 0.061403508772],
      [0.041666666667, 0.0625, 0.041666666667, 0.32291666667, 0.46875, 0.0625],
      [0.044594594595, 0.039189189189, 0.037837837838, 0.33108108108, 0.47837837838, 0.068918918919],
      [0.042424242424, 0.039393939394, 0.033333333333, 0.33939393939, 0.47878787879, 0.066666666667],
      [0.043715846995, 0.03825136612, 0.032786885246, 0.33879781421, 0.48087431694, 0.065573770492],
      [0.036697247706, 0.036697247706, 0.02752293578, 0.33027522936, 0.49541284404, 0.073394495413],
      [0.04347826087, 0.036231884058, 0.028985507246, 0.32608695652, 0.47826086957, 0.086956521739]
    ],
    [
      [0.21428571429, 3.1635422379e-17, 1.8226721694e-16, 0.21428571429, 0.5, 0.071428571429],
      [3.7490942013e-17, 0.19047619048, 4.4584360997e-17, 0.2380952381, 0.52380952381, 0.047619047619],
      [0.020408163265, 0.051020408163, 0.051020408163, 0.23979591837, 0.56632653061, 0.071428571429],
      [0.015873015873, 0.047619047619, 0.079365079365, 0.2380952381, 0.55555555556, 0.063492063492],
      [3.1728635715e-17, 0.027027027027, 0.027027027027, 0.2972972973, 0.59459459459, 0.054054054054],
      [1.9083900339e-18, 2.3512517519e-17, 5.241133776e-17, 0.2, 0.73333333333, 0.066666666667],
      [2.8554958271e-17, 5.8795613871e-17, 3.8271350223e-17, 0.2, 0.55, 0.25]
    ],
    [
      [0.073170731707, 0.032520325203, 0.10569105691, 0.30894308943, 0.39837398374, 0.081300813008],
      [0.048128342246, 0.053475935829, 0.10160427807, 0.31550802139, 0.40106951872, 0.080213903743],
      [0.051051051051, 0.037537537538, 0.10960960961, 0.31531531532, 0.40540540541, 0.081081081081],
      [0.048780487805, 0.036585365854, 0.10670731707, 0.32317073171, 0.40548780488, 0.079268292683],
      [0.046052631579, 0.032894736842, 0.10526315789, 0.31578947368, 0.42105263158, 0.078947368421],
      [0.047058823529, 0.035294117647, 0.10588235294, 0.30588235294, 0.41176470588, 0.094117647059],
      [0.049079754601, 0.036809815951, 0.10429447853, 0.31288343558, 0.40490797546, 0.092024539877]
    ],
    [
      [0.14284620389, 0, 0.14283135615, 0.28573289212, 0.42858450018, 5.0476639611e-06],
      [6.2402358748e-06, 0, 0.18179453117, 0.31816523851, 0.45456118616, 0.045472803923],
      [0.024387477874, 0, 0.12194739637, 0.32926722771, 0.47561404027, 0.048783857769],
      [0.027022593778, 0, 0.1081257852, 0.29730000379, 0.51350267663, 0.054048940612],
      [0.00016198080873, 0, 8.6287022231e-06, 3.1922308713e-05, 0.99979571534, 1.7528444678e-06],
      [6.5696393378e-06, 0, 6.3464167944e-05, 0.24999165884, 0.49999022385, 0.2499480835],
      [2.1844554825e-05, 0, 0.10002782878, 0.30000928932, 0.39997639536, 0.19996464199]
    ]
  ],
  "expected_outcome": [
    [
      [7, 9, 16, 4, 1.9318129288, 4, 3.9999997014, 7, 1.9985270598, 3, 6, 5, 8, 1, 0, 4, 2, 4, 5, 3, 3, 3, 1.9999999999, 3, 4, 3, 3.0000000013, 6.0000677083, 3, 7, 5, 2.9956736085, 4, 3, 3, 3, 4, 7, 7, 3, 3, 3.6993425681, 3.9999490292, 3, 0.99999914575, 8, 3, 9, 1.9998468544],
      [2, 4, 6, 1, 0.00043890021854, 2, 2.4251206545e-07, 5, 0.0012117075682, 2, 5, 1, 2, 1, 0, 1, 1, 2, 1, 1, 1, 6.432611433e-23, 3.8675097441e-11, 2, 1, 1, 0.99999999342, 0.99997473096, 2, 6.3819292574e-11, 2, 0.00016024003953, 2, 3.3165855098e-11, 1, 2, 1, 7, 5, 8.2088660848e-23, 1, 0.013991613265, 3.6522860709e-06, 2, 1.0000000726, 4, 4.4289591331e-16, 4, 0],
      [4, 5, 12, 2, 0.00079916027368, 2, 1.0000002523, 3, 0, 1.5969015318e-26, 2, 3, 3, 8.7975628142e-18, 0, 1, 1, 2, 4, 1, 3, 1, 2.9941673781e-11, 3.0225391584e-15, 1, 1, 1.0000000134, 6.4744998667e-05, 1, 4.0000000001, 3, 1.9984409533, 1, 1.0623011675e-11, 1, 1, 1, 2, 3, 1, 3, 0.0093502494713, 7.6975255652e-06, 2, 6.8017589461e-07, 4, 2.5517410371e-15, 13, 1.9996389861],
      [31, 34, 58, 13, 1.0173829072, 12, 13.0000000692, 36, 3.0005573156, 5, 34, 10, 28, 8.7993817683e-18, 0, 8, 3, 14, 11, 6, 11, 4, 1.0000000001, 4, 9, 8, 15.9999999983, 26.0000405481, 6, 17.9999999998, 24, 5.0040169399, 11, 3, 6, 8, 10, 56, 39, 4, 9, 9.8788525731, 6.0000307595, 18, 1.0000000275, 37, 3, 38, 4.0002604897],
      [39, 37, 60, 11, 1.0489923882, 18, 6.999999729, 42, 4.9994573997, 11, 36, 13, 16, 3, 0, 14, 13, 12, 18, 15, 21, 10, 3.9999999999, 9, 15, 19, 5.9999999595, 4.9999480795, 15, 11, 11, 3.0007556127, 20, 6, 14, 11, 15, 47, 41, 10, 11, 3.4003407532, 3.0000004039, 19, 1.0000000116, 54, 7, 49, 6.0001830025],
      [5, 7, 10, 2, 0.00057371527552, 3, 1.0000000057, 8, 1.0002465175, 1, 8, 1, 4, 8.799103496e-18, 0, 1, 2, 3, 3, 2, 4, 1, 1.4275308911e-11, 1, 2, 3, 2.000000034, 1.9999041882, 2, 2.0000000001, 2, 1.0009526455, 3, 1.1955568273e-11, 2, 2, 2, 9, 9, 1, 1, 0.99812224287, 8.4576355587e-06, 3, 6.2376571928e-08, 7, 1, 10, 7.0667295455e-05]
    ],
    [
      [5, 3, 11, 2, 0.96487305045, 3, 0.99999995605, 2, 1.9971659479, 6.9569280278e-29, 2, 4, 3, 9.9139316404e-22, 1.9999558467, 2, 2, 1, 4, 2, 3, 2, 1.4653589763e-15, 1.5487713485e-15, 2, 1, 1.9999999679, 0.99674868142, 1, 1.9999999999, 1, 0.002218357308, 3, 0.99999999999, 2, 2, 1, 2, 4, 1, 4, 0.14869950476, 5.1091848175e-06, 2, 1.5067826322e-08, 4, 7.8730978227e-16, 9, 0.00013728518925],
      [3, 4, 7, 3, 0.96360865767, 6, 1.9999996125, 4, 1.6263207587e-05, 5, 4, 6, 4, 3, 1.0000661262, 4, 5, 2, 4, 5, 5, 2, 2.9999999999, 3, 3, 5, 0.99999998078, 0.99681846688, 4, 2.9999999999, 4, 2.9929138696, 2, 2, 4, 3, 4, 5, 6, 1, 5, 1.7001148955, 2.9999590373, 3, 0.99999848693, 6, 4, 10, 0],
