{
  "Z_true": {},
  "V_true": [
    [10, 113, 458, 434],
    [84, 1763, 701, 237],
    [149, 8348, 342, 297],
    [129, 527, 14081, 409],
    [856, 1037, 421, 123],
    [66, 381, 584, 273]
  ],
  "p_true": [
    [0.0099, 0.1113, 0.4512, 0.4276],
    [0.0302, 0.633, 0.2517, 0.0851],
    [0.0163, 0.9137, 0.0374, 0.0325],
    [0.0085, 0.0348, 0.9297, 0.027],
    [0.3513, 0.4255, 0.1728, 0.0505],
    [0.0506, 0.2922, 0.4479, 0.2094]
  ],
  "Z_est": [
    [
      [0, 0, 0, 0.0113, 0.0214, 0.0093, 0.013, 0.0124, 0.0061, 0.0104, 0.0038, 0.0182, 0.0032, 0, 0, 0, 0.0069, 0.0023, 0.0003, 0, 0.0003, 0.0049, 0.0055, 0.0136, 0.0058, 0.0032, 0.0087, 0.0096, 0.0148, 0.0058, 0.0084, 0, 0.0052, 0.0006, 0.0096, 0.0046, 0.0041, 0.0072, 0.0046, 0.0032, 0.0038, 0.0058, 0.0269, 0, 0.0006, 0.0151, 0.0026],
      [0, 0, 0.4165, 5.4029, 10.2517, 4.4332, 6.2342, 5.9571, 2.9093, 4.9873, 1.801, 8.7278, 1.5239, 0, 0, 0, 3.3249, 1.1083, 0.1385, 0, 0.1385, 2.3551, 2.6322, 6.5112, 2.7707, 1.5239, 4.1561, 4.5717, 7.0654, 2.7707, 4.0176, 0, 2.4937, 0.2771, 4.5717, 2.2166, 1.9395, 3.4634, 2.2166, 1.5239, 1.801, 2.7707, 12.8839, 0, 0.2771, 7.2039, 1.2468],
      [0, 0, 1.2605, 16.3861, 31.0916, 13.445, 18.9071, 18.0667, 8.8233, 15.1256, 5.462, 26.4699, 4.6217, 0, 0, 0, 10.0838, 3.3613, 0.4202, 0, 0.4202, 7.1427, 7.983, 19.7474, 8.4031, 4.6217, 12.6047, 13.8652, 21.428, 8.4031, 12.1845, 0, 7.5628, 1.3497, 13.8652, 6.7225, 5.8822, 10.5039, 6.7225, 4.6217, 5.462, 8.4031, 39.0746, 0, 0.8403, 21.8481, 3.7814],
      [0, 0, 1.3231, 17.1997, 32.6353, 14.1125, 19.8458, 18.9637, 9.2614, 15.8766, 5.7332, 27.7841, 4.8512, 0, 0, 0, 10.5844, 3.5281, 0.441, 0, 0.441, 7.4973, 8.3793, 20.7278, 8.8203, 4.8512, 13.2305, 14.5536, 22.4919, 8.8203, 12.7895, 0, 7.9383, 0.3727, 14.5536, 7.0563, 6.1742, 11.0254, 7.0563, 4.8512, 5.7332, 8.8203, 41.0146, 0, 0.882, 22.9329, 3.9692]
    ],
    [
      [0.0131, 0.0153, 0, 0.1748, 0.3475, 0.1071, 0, 0.306, 0.094, 0.1355, 0, 0, 0.1683, 0, 0, 0, 0, 0.0525, 0.0109, 0.0131, 1.8093, 0, 0.0874, 0.1836, 0.1289, 0.0699, 0, 0.1508, 0.2011, 0, 0.1683, 0.0066, 0.0568, 0.4345, 0.1923, 0.0678, 0.1945, 0.1071, 0.0459, 0.0481, 0.0765, 0.3542, 0.4808, 0, 0.0306, 0.6163, 0.041],
      [3.5833, 3.5101, 4.7952, 47.7775, 94.9578, 29.2637, 64.7357, 83.6106, 25.6804, 37.0276, 28.172, 78.3325, 45.9858, 2.9861, 2.3976, 4.1958, 88.1124, 14.3333, 1.5438, 3.5833, 3.4932, 54.5458, 23.8888, 50.1664, 35.2359, 19.111, 32.847, 41.2081, 54.9441, 51.958, 45.9858, 1.7917, 15.5277, 2.9861, 52.5553, 18.5138, 59.9043, 29.2637, 12.5416, 13.1388, 20.9027, 38.222, 131.3881, 0.5994, 8.3611, 168.4157, 18.5138],
      [1.8953, 2.8816, 2.5271, 25.2707, 50.2255, 15.4783, 34.1154, 44.2237, 13.583, 19.5848, 14.8465, 47.6675, 24.323, 1.5903, 1.2635, 2.2112, 46.4349, 7.5812, 3.1748, 1.8953, 2.6975, 28.7454, 12.6353, 26.5342, 18.6371, 10.1083, 17.3736, 21.796, 29.0613, 27.672, 30.8459, 0.9477, 8.213, 1.5794, 27.7977, 9.7924, 28.1136, 15.4783, 6.6336, 6.9494, 11.0559, 20.2165, 69.4943, 0.3159, 4.4224, 89.0791, 9.7924],
      [0.5083, 0.593, 0.6777, 6.777, 13.4692, 4.1509, 9.1489, 11.8597, 3.6426, 5.2522, 3.9815, 0, 6.5228, 0.4236, 0.3388, 0.593, 12.4527, 2.0331, 0.2704, 0.5083, 0, 7.7088, 3.3885, 7.1158, 4.998, 2.7108, 4.7794, 5.8451, 7.7935, 7.37, 0, 0.2541, 2.2025, 0, 7.4547, 2.6261, 0.7875, 4.1509, 1.779, 1.8637, 2.9649, 5.2073, 18.6367, 0.0847, 1.186, 23.8889, 2.6528]
    ],
    [
      [0.1607, 0.0964, 0, 0, 8.2098, 2.5706, 0, 8.4026, 7.2793, 3.3739, 0, 0, 0.8218, 0, 0, 0, 0, 2.1263, 0.0643, 0.4425, 0.0643, 0, 1.4452, 6.073, 3.6952, 0, 0, 6.5228, 0, 0, 2.8758, 0.0482, 0, 0.6817, 3.1111, 0, 3.9201, 1.1407, 60.0164, 0, 0.5665, 3.0325, 13.7365, 0, 0.739, 22.3953, 0],
      [8.5367, 5.6446, 16.3636, 377.0123, 480.7343, 150.5235, 257.3893, 501.4793, 229.7207, 197.562, 132.4013, 350.9078, 97.7325, 9.822, 7.6547, 8.4669, 348.0855, 70.4468, 3.7631, 10.3485, 3.7631, 208.5906, 194.2954, 365.463, 216.2775, 201.3251, 182.0191, 386.1029, 447.8683, 236.6141, 168.3981, 2.8223, 52.5981, 4.1823, 224.8444, 171.655, 234.1841, 40.4261, 29.7606, 47.8501, 177.0199, 103.3365, 804.3597, 0.9568, 45.0206, 685.6646, 40.4532],
      [0.2416, 0.145, 0.4108, 0, 12.3473, 3.8661, 6.4998, 12.6372, 0, 5.0742, 3.3103, 22.0922, 2.4888, 0.4, 0.1933, 0.3621, 8.9403, 1.8847, 0.0967, 0, 0.0967, 5.2675, 0, 0, 5.5575, 0, 7.8705, 0, 11.3324, 9.6171, 7.726, 0.0725, 14.11, 3.1361, 10.2865, 9.9377, 5.8958, 28.0843, 2.223, 2.9073, 4.6635, 3.631, 20.6594, 0.0242, 0, 17.8806, 1.039],
      [1.061, 0.114, 0.2256, 18.9877, 9.7086, 3.0399, 5.1108, 0.4809, 0, 3.9899, 1.2883, 0, 1.9569, 0.778, 0.152, 0.171, 12.9742, 3.5422, 0.076, 0.209, 0.076, 4.1418, 0.2594, 6.464, 4.4698, 12.6749, 4.1104, 13.3743, 9.7993, 4.7688, 0, 0.057, 1.292, 0, 0.758, 4.4073, 0, 1.3489, 0, 4.2426, 10.7501, 0, 16.2444, 0.019, 0.2403, 14.0595, 1.5078]
    ],
    [
      [0.3673, 0.3524, 0, 0.8098, 0.3109, 13.1314, 0, 9.7834, 2.1027, 5.8468, 0, 0, 0, 0, 0, 0, 0, 0.427, 0.1657, 0.588, 0.1481, 0, 0.745, 1.969, 1.3673, 0, 0, 7.8904, 0, 0, 5.3644, 0.7272, 0, 0.5392, 0, 0, 1.4638, 1.3778, 7.1874, 0, 0, 1.7296, 4.6094, 0, 3.8763, 9.8748, 0],
      [0, 0, 2.5646, 11.3826, 3.2202, 2.0609, 15.3513, 15.938, 2.1766, 3.4621, 12.259, 6.735, 18.8251, 0, 0.4521, 0.5194, 13.967, 0, 0, 0.8256, 0, 3.7306, 6.7287, 10.2431, 0, 4.6034, 0, 4.2849, 13.754, 6.9629, 2.3275, 0.2051, 0, 0, 2.1133, 0, 7.4352, 0, 0, 0, 0, 0, 23.1177, 0.4438, 1.7122, 0, 4.5436],
      [19.6619, 25.4419, 19.4354, 357.1059, 1100.6815, 252.9742, 487.8725, 580.2786, 185.4052, 277.5312, 212.741, 584.265, 163.7882, 13.6405, 13.105, 24.3908, 625.4419, 92.255, 7.8343, 7.5373, 33.8519, 313.1571, 161.8293, 316.4931, 255.2552, 103.4774, 352.705, 349.0672, 476.3336, 597.851, 440.3081, 17.0676, 374.6561, 20.4608, 684.8867, 309.8348, 606.101, 441.1369, 106.8126, 248.4524, 269.5535, 395.2704, 1435.4135, 2.66, 36.9847, 1182.9913, 107.8197],
      [0.9708, 0.2058, 0, 3.7017, 11.7874, 7.8335, 0.7762, 0, 1.3155, 7.1599, 0, 0, 3.3866, 0.3595, 3.4429, 0.0897, 11.5911, 5.318, 0, 1.0492, 0, 1.1123, 1.697, 3.2948, 6.3774, 1.9192, 9.295, 14.7575, 4.9124, 6.186, 0, 0, 0.3439, 0, 0, 8.1652, 0, 7.4853, 0, 6.5476, 7.4465, 0, 6.8594, 0.8963, 0.4267, 21.1339, 1.6366]
    ],
    [
      [0.4205, 0.4205, 0, 36.5797, 75.2618, 26.4888, 30.6011, 68.9549, 28.1706, 28.1706, 11.1493, 35.98, 11.3523, 1, 0, 0, 24.1838, 5.0455, 1.6818, 0.8409, 1.2614, 25.9557, 14.716, 38.682, 25.6479, 12.3109, 13.2984, 42.8866, 41.9364, 18.1079, 17.6592, 3.4983, 9.168, 2.2671, 31.9547, 26.0037, 31.9547, 21.4433, 32.7833, 7.2173, 11.3523, 19.7615, 88.2959, 0, 5.0455, 58.8639, 0.8409],
      [0.3973, 0.3973, 0.8178, 34.5667, 71.12, 25.0311, 29.9143, 65.1603, 26.6203, 26.6203, 11.7484, 53.1991, 10.7276, 1.192, 2.4533, 0.8178, 25.8257, 4.7678, 1.5893, 0.7946, 1.192, 24.7464, 13.9062, 36.5533, 24.2364, 12.7142, 16.2901, 40.5265, 47.2012, 23.0445, 16.6874, 3.2503, 10.7276, 1.5893, 30.1962, 25.0311, 30.1962, 20.2633, 27.415, 12.3169, 10.7276, 18.674, 83.4369, 0, 4.7678, 55.6246, 0.7946],
      [0.0359, 0.0359, 0.0359, 3.1247, 6.429, 2.2627, 2.6578, 5.8902, 2.4064, 2.4064, 1.0056, 3.9149, 0.9697, 0.3691, 0.1077, 0.0359, 2.3345, 0.431, 0.1437, 0.0718, 0.1077, 2.2268, 1.2571, 3.3043, 2.1909, 1.1493, 1.4726, 3.6634, 3.9149, 8.3617, 1.9706, 0.2514, 3.154, 0.1437, 2.7296, 2.7478, 2.7296, 1.8317, 2.4782, 6.9302, 0.9697, 1.6881, 7.5424, 0, 0.431, 5.0282, 0.0718],
      [0.1463, 0.1463, 0.1463, 12.7288, 26.1892, 9.2174, 10.8268, 23.9946, 9.8027, 9.8027, 4.0966, 15.906, 3.9503, 0.4389, 0.4389, 0.1463, 12.656, 1.7557, 0.5852, 0.2926, 0.4389, 9.0711, 5.1208, 13.4604, 8.9248, 5.8255, 9.939, 14.9235, 15.9476, 8.4859, 5.6829, 0, 3.9503, 0, 11.1194, 9.2174, 11.1194, 7.4617, 6.3235, 4.5356, 3.9503, 6.8765, 30.7248, 0, 1.7557, 20.4832, 0.2926]
    ],
    [
      [0.0385, 0.1155, 0, 1.4243, 2.8487, 0.6929, 1.3858, 2.5407, 1.3474, 1.4628, 0.8469, 2.0018, 0.6544, 0, 0, 0, 1.8093, 0.3465, 0.077, 0.1155, 0.7167, 1.0394, 1.0009, 2.0788, 1.1549, 0.6159, 0.6929, 1.5398, 1.8478, 1.8863, 0.9239, 0.7197, 0.7699, 0.077, 1.7323, 0.9239, 1.4628, 0.9239, 0.9624, 0.7314, 1.0009, 1.1164, 4.8505, 0, 0.308, 4.2345, 0.1155],
      [0.4826, 1.4479, 1.0423, 17.858, 35.7159, 8.6877, 17.3753, 31.8547, 16.8927, 18.3406, 10.6182, 25.0977, 8.205, 0, 1.0423, 0, 22.6844, 4.3438, 0.9653, 1.4479, 2.4132, 13.0315, 12.5488, 26.063, 14.4794, 7.7224, 8.6877, 19.3059, 23.1671, 23.6497, 11.5835, 1.9306, 9.6529, 0.9653, 21.7191, 11.5835, 18.3406, 11.5835, 12.0662, 9.1703, 12.5488, 13.9968, 60.8136, 0, 3.8612, 53.0912, 1.4479],
      [0.1652, 0.4956, 0.3304, 6.1126, 12.2252, 2.9737, 5.9474, 10.9035, 5.7822, 6.2778, 3.6345, 8.5907, 2.8085, 0, 0.3304, 0, 7.7646, 1.4868, 0.3304, 0.4956, 0.826, 4.4605, 4.2953, 8.9211, 4.9561, 2.6433, 2.9737, 6.6082, 7.9298, 8.095, 3.9649, 0.6608, 3.3041, 0.3304, 7.4342, 3.9649, 6.2778, 3.9649, 4.1301, 3.1389, 4.2953, 4.7909, 20.8158, 0, 1.3216, 18.1725, 0.4956],
      [0.3137, 0.941, 0.6273, 11.6051, 23.2102, 5.6457, 11.2915, 20.701, 10.9778, 11.9188, 6.9003, 16.3099, 5.3321, 0, 0.6273, 0, 14.7416, 2.8229, 0.6273, 0.941, 1.0441, 8.4686, 8.1549, 16.9372, 9.4096, 5.0184, 5.6457, 12.5461, 15.0553, 15.3689, 7.5276, 0.6889, 6.273, 0.6273, 14.1143, 7.5276, 11.9188, 7.5276, 7.8413, 5.9594, 8.1549, 9.0959, 39.5201, 0, 2.5092, 34.5017, 0.941]
    ]
  ],
  "V_est": [
    [0.2929, 140.6159, 426.9684, 447.1229],
    [6.9904, 1670.5945, 896.7616, 210.6534],
    [163.6124, 8540.4472, 253.0088, 178.9316],
    [82.7548, 201.9458, 14691.8182, 169.4811],
    [989.2149, 985.8705, 103.0157, 358.8989],
    [51.1345, 629.5262, 215.4273, 407.9121]
  ],
  "p_est": [
    [0.0003, 0.1385, 0.4207, 0.4405],
    [0.0025, 0.5999, 0.322, 0.0756],
    [0.0179, 0.9348, 0.0277, 0.0196],
    [0.0055, 0.0133, 0.97, 0.0112],
    [0.4059, 0.4045, 0.0423, 0.1473],
    [0.0392, 0.4828, 0.1652, 0.3128]
  ],
  "EI_Z": {},
  "EI_V": 5.6781,
  "MAE_Z": {},
  "MAE_V": 150.5775,
  "MAE_p": 0.0516,
  "runtime": 0.9114
}
