{
  "Z_true": {},
  "V_true": [
    [90, 768, 277],
    [1484, 221, 209],
    [9664, 779, 666],
    [330, 18697, 942],
    [382, 925, 360],
    [324, 585, 625]
  ],
  "p_true": [
    [0.0793, 0.6767, 0.2441],
    [0.7753, 0.1155, 0.1092],
    [0.8699, 0.0701, 0.06],
    [0.0165, 0.9363, 0.0472],
    [0.2292, 0.5549, 0.216],
    [0.2112, 0.3814, 0.4074]
  ],
  "Z_est": [
    [
      [0, 0, 0, 0, 0, 0, 0, 0, 0, 0, 0, 0, 0, 0, 0, 0, 0, 0, 0, 0, 0, 0, 0, 0, 0, 0, 0, 0, 0, 0, 0, 0, 0, 0, 0, 0, 0, 0],
      [16.8519, 9.8645, 0.411, 9.8645, 13.5637, 11.0976, 9.8645, 12.3306, 6.9874, 38.225, 0.411, 0.411, 2.0551, 9.4535, 17.2629, 5.7543, 16.8519, 17.6739, 11.5086, 9.8645, 18.0849, 20.14, 2.4661, 9.0425, 2.4661, 7.3984, 16.0298, 23.8392, 8.2204, 11.9196, 8.6314, 16.4408, 11.9196, 1.2331, 49.7335, 4.9323, 24.6613, 9.0425],
      [24.1481, 14.1355, 0.589, 14.1355, 19.4363, 15.9024, 14.1355, 17.6694, 10.0126, 54.775, 0.589, 0.589, 2.9449, 13.5465, 24.7371, 8.2457, 24.1481, 25.3261, 16.4914, 14.1355, 25.9151, 28.86, 3.5339, 12.9575, 3.5339, 10.6016, 22.9702, 34.1608, 11.7796, 17.0804, 12.3686, 23.5592, 17.0804, 1.7669, 71.2665, 7.0677, 35.3387, 12.9575]
    ],
    [
      [100, 55, 3, 50, 47, 40, 142, 113, 151, 67, 4, 4, 3, 41, 55, 35, 46, 41, 20, 33, 34, 68, 5, 91, 2, 66, 22, 46, 25, 63, 21, 38, 15, 5, 137, 18, 162, 46],
      [0, 0, 0, 0, 0, 0, 0, 0, 0, 0, 0, 0, 0, 0, 0, 0, 0, 0, 0, 0, 0, 0, 0, 0, 0, 0, 0, 0, 0, 0, 0, 0, 0, 0, 0, 0, 0, 0],
      [0, 0, 0, 0, 0, 0, 0, 0, 0, 0, 0, 0, 0, 0, 0, 0, 0, 0, 0, 0, 0, 0, 0, 0, 0, 0, 0, 0, 0, 0, 0, 0, 0, 0, 0, 0, 0, 0]
    ],
    [
      [514.7555, 272.1596, 9.999, 161.6538, 200.6567, 203.4676, 454.4937, 395.7641, 351.8268, 533.885, 19.3317, 9.2821, 31.3027, 162.324, 356.3076, 174.7734, 253.3134, 234.6528, 116.9932, 255.3172, 272.1596, 519.1031, 25.6663, 268.6815, 26.942, 173.9942, 290.4195, 638.5384, 86.6567, 300.3163, 123.4718, 255.6387, 190.4248, 93.4308, 576.9652, 140.9913, 661.9758, 221.3269],
      [16.9005, 8.9356, 0.8979, 12.5713, 16.3243, 9.3906, 14.0171, 12.6183, 11.3051, 17.5286, 0.6852, 0.1986, 1.0277, 16.5249, 12.7982, 5.7382, 30.476, 7.9078, 6.6353, 9.6127, 13.7065, 17.0432, 0.885, 8.8214, 0, 16.0994, 9.5351, 20.9543, 4.1805, 14.0074, 4.0538, 8.3932, 8.4142, 0, 65.685, 5.1941, 22.5245, 17.4757],
      [60.344, 31.9048, 1.1031, 19.7749, 19.019, 21.1418, 22.4892, 33.6176, 32.8682, 62.5865, 3.9831, 1.5193, 3.6696, 17.1511, 41.8942, 20.4884, 32.2106, 34.4393, 16.3714, 30.0701, 27.1339, 60.8536, 4.4487, 31.4971, 3.058, 10.9064, 34.0454, 74.5073, 18.1628, 35.6763, 14.4744, 29.9681, 20.161, 31.5692, 35.3498, 18.8146, 104.4997, 19.1974]
    ],
    [
      [12.2107, 17.4961, 0, 0, 0, 10.1891, 18.1524, 18.2166, 25.4924, 3.089, 0, 0.0506, 1.0281, 0, 0, 10.2169, 0, 0, 0, 0, 4.8124, 5.864, 0, 8.9732, 2.7243, 0, 25.5689, 47.7547, 0, 0, 0.8493, 10.016, 1.2329, 0.8961, 0, 0, 0, 0],
      [739.5789, 358.6301, 15, 761.5451, 611, 715.8109, 489.8476, 543.7834, 414.5076, 893.9196, 21.7666, 6.8888, 62.2667, 369, 679.7229, 317.107, 917.6697, 746.297, 287.3625, 419.8182, 851.1876, 1143.4834, 69.2261, 391.2193, 14.9886, 277, 389.5415, 943.2453, 478.8195, 643.2108, 212.908, 559.9605, 336.7671, 115.0519, 1844, 263.6977, 1156.1028, 458],
      [9.2105, 1.8738, 0, 8.4549, 0, 0, 0, 0, 0, 18.9914, 4.2334, 0.0606, 0.7052, 0, 5.2771, 2.6761, 3.3303, 14.703, 4.6375, 6.1818, 0, 42.6526, 2.7739, 4.8075, 0.287, 0, 13.8896, 0, 4.1805, 4.7892, 11.2427, 5.0235, 0, 8.0521, 0, 2.3023, 43.8972, 0]
    ],
    [
      [35.0338, 11.3443, 1.001, 13.3462, 10.3433, 10.3433, 21.3539, 20.0193, 14.6808, 27.0261, 1.6683, 0.6673, 2.6692, 9.676, 26.6924, 10.0097, 20.6866, 14.3472, 7.0068, 16.6828, 29.028, 34.0329, 0.3337, 12.3452, 0.3337, 6.0058, 12.0116, 41.7069, 10.3433, 17.6837, 12.6789, 12.3452, 9.3424, 6.6731, 36.0348, 9.0087, 25.0242, 6.6731],
      [57.2487, 18.5377, 1.6357, 21.809, 16.902, 16.902, 34.8945, 32.7136, 23.9899, 44.1633, 2.7261, 1.0905, 4.3618, 15.8116, 43.6181, 16.3568, 33.804, 23.4447, 11.4497, 27.2613, 47.4347, 55.6131, 0.5452, 20.1734, 0.5452, 9.8141, 19.6281, 68.1533, 16.902, 28.897, 20.7186, 20.1734, 15.2663, 10.9045, 58.8844, 14.7211, 40.892, 10.9045],
      [12.7174, 4.118, 0.3634, 4.8447, 3.7547, 3.7547, 7.7516, 7.2671, 5.3292, 9.8106, 0.6056, 0.2422, 0.9689, 3.5124, 9.6895, 3.6336, 7.5093, 5.2081, 2.5435, 6.0559, 10.5373, 12.3541, 0.1211, 4.4814, 0.1211, 2.1801, 4.3603, 15.1398, 3.7547, 6.4193, 4.6025, 4.4814, 3.3913, 2.4224, 13.0808, 3.2702, 9.0839, 2.4224]
    ],
    [
      [0, 0, 0, 0, 0, 0, 0, 0, 0, 0, 0, 0, 0, 0, 0, 0, 0, 0, 0, 0, 0, 0, 0, 0, 0, 0, 0, 0, 0, 0, 0, 0, 0, 0, 0, 0, 0, 0],
      [30.42, 16.0322, 2.0554, 15.21, 15.21, 14.7989, 21.3762, 20.5541, 15.21, 43.1636, 0.4111, 0.4111, 3.2887, 15.21, 29.5979, 9.0438, 22.1984, 17.6765, 9.0438, 16.4433, 36.5863, 26.7203, 2.8776, 12.7435, 0, 10.6881, 17.2654, 44.8079, 2.8776, 20.9652, 10.6881, 16.0322, 8.6327, 7.8106, 40.6971, 9.4549, 37.8195, 6.5773],
      [43.58, 22.9678, 2.9446, 21.79, 21.79, 21.2011, 30.6238, 29.4459, 21.79, 61.8364, 0.5889, 0.5889, 4.7113, 21.79, 42.4021, 12.9562, 31.8016, 25.3235, 12.9562, 23.5567, 52.4137, 38.2797, 4.1224, 18.2565, 0, 15.3119, 24.7346, 64.1921, 4.1224, 30.0348, 15.3119, 22.9678, 12.3673, 11.1894, 58.3029, 13.5451, 54.1805, 9.4227]
    ]
  ],
  "V_est": [
    [0, 466.5088, 668.4912],
    [1914, 0, 0],
    [9578.9629, 449.0672, 1080.9699],
    [224.8336, 19519.9328, 224.2336],
    [556.2036, 908.8919, 201.9046],
    [0, 630.5993, 903.4007]
  ],
  "p_est": [
    [0, 0.411, 0.589],
    [1, 0, 0],
    [0.8623, 0.0404, 0.0973],
    [0.0113, 0.9775, 0.0112],
    [0.3337, 0.5452, 0.1211],
    [0, 0.4111, 0.5889]
  ],
  "EI_Z": {},
  "EI_V": 6.8517,
  "MAE_Z": {},
  "MAE_V": 284.1775,
  "MAE_p": 0.1071,
  "runtime": 0.4368
}
