{
  "X": [
    [219, 287, 987, 53],
    [44, 220, 356, 41],
    [14, 108, 174, 17],
    [30, 231, 382, 34],
    [30, 216, 519, 37],
    [8, 16, 240, 13],
    [6, 5, 53, 6],
    [8, 9, 105, 4],
    [3, 8, 101, 7],
    [12, 57, 254, 14],
    [2, 10, 62, 2],
    [14, 12, 155, 6],
    [4, 20, 194, 9],
    [0, 1, 93, 2],
    [8, 6, 80, 3],
    [3, 5, 67, 2],
    [86, 140, 474, 33],
    [166, 325, 1029, 105],
    [11, 26, 88, 2],
    [23, 24, 81, 11],
    [41, 269, 748, 52],
    [24, 197, 397, 39],
    [45, 245, 514, 41],
    [41, 211, 816, 47],
    [20, 119, 207, 29],
    [9, 18, 249, 11],
    [1, 2, 100, 4],
    [0, 1, 14, 2],
    [3, 18, 109, 7],
    [1, 3, 62, 0],
    [2, 4, 62, 3],
    [15, 235, 145, 21],
    [1, 2, 73, 3],
    [11, 52, 140, 9],
    [11, 19, 62, 7],
    [34, 102, 279, 10],
    [0, 6, 30, 3],
    [8, 22, 249, 9],
    [2, 6, 58, 2],
    [15, 76, 219, 21],
    [23, 32, 100, 7],
    [9, 9, 90, 5],
    [5, 6, 115, 2],
    [21, 273, 387, 42],
    [23, 265, 361, 45],
    [34, 228, 329, 28],
    [1, 3, 4, 0],
    [4, 3, 11, 0],
    [13, 37, 247, 18],
    [7, 91, 120, 17],
    [9, 54, 83, 10],
    [4, 2, 57, 1],
    [9, 10, 90, 6],
    [2, 1, 20, 0],
    [6, 3, 89, 2],
    [28, 82, 394, 21],
    [4, 4, 7, 3],
    [30, 85, 260, 25],
    [4, 15, 134, 3],
    [211, 256, 630, 57],
    [80, 112, 312, 27],
    [13, 35, 341, 8],
    [11, 64, 138, 15],
    [4, 14, 49, 5],
    [7, 52, 74, 2],
    [22, 121, 443, 26],
    [94, 175, 827, 47],
    [13, 52, 287, 17],
    [23, 74, 170, 12],
    [2, 20, 133, 5],
    [7, 19, 191, 14],
    [2, 5, 125, 11],
    [2, 4, 105, 10],
    [3, 13, 81, 3],
    [4, 20, 102, 9],
    [2, 9, 92, 1],
    [5, 14, 86, 1],
    [1, 4, 53, 0],
    [21, 90, 443, 37],
    [40, 150, 770, 44],
    [0, 6, 2, 1],
    [2, 90, 163, 27],
    [228, 654, 2395, 131],
    [42, 89, 297, 28],
    [224, 422, 1237, 107],
    [30, 56, 160, 7]
  ],
  "W": [
    [88, 192, 317, 876, 73],
    [21, 26, 244, 303, 67],
    [15, 9, 122, 136, 31],
    [18, 17, 277, 305, 60],
    [25, 27, 248, 427, 75],
    [13, 3, 19, 227, 15],
    [3, 4, 7, 50, 6],
    [7, 4, 16, 95, 4],
    [8, 1, 8, 98, 4],
    [15, 11, 59, 214, 38],
    [7, 2, 11, 53, 3],
    [3, 6, 23, 147, 8],
    [15, 2, 22, 173, 15],
    [4, 0, 2, 88, 2],
    [7, 3, 7, 77, 3],
    [5, 1, 6, 62, 3],
    [36, 53, 170, 432, 42],
    [66, 126, 393, 933, 107],
    [5, 8, 28, 79, 7],
    [8, 18, 32, 74, 7],
    [42, 27, 302, 651, 88],
    [22, 20, 219, 334, 62],
    [21, 36, 264, 462, 62],
    [36, 26, 266, 699, 88],
    [14, 18, 117, 179, 47],
    [23, 5, 19, 228, 12],
    [6, 0, 5, 93, 3],
    [0, 0, 2, 13, 2],
    [6, 1, 17, 106, 7],
    [2, 0, 3, 55, 6],
    [8, 0, 4, 55, 4],
    [7, 12, 229, 115, 53],
    [4, 0, 2, 71, 2],
    [9, 6, 55, 123, 19],
    [2, 8, 22, 56, 11],
    [12, 32, 101, 253, 27],
    [7, 0, 6, 25, 1],
    [17, 2, 23, 226, 20],
    [0, 0, 5, 55, 8],
    [20, 13, 87, 178, 33],
    [7, 11, 40, 91, 13],
    [6, 8, 13, 84, 2],
    [8, 3, 4, 108, 5],
    [17, 16, 282, 321, 87],
    [27, 17, 282, 296, 72],
    [15, 18, 251, 284, 51],
    [0, 0, 5, 2, 1],
    [1, 1, 7, 9, 0],
    [12, 8, 49, 222, 24],
    [6, 11, 81, 114, 23],
    [9, 6, 48, 76, 17],
    [6, 0, 1, 53, 4],
    [7, 5, 15, 87, 1],
    [1, 1, 0, 18, 3],
    [5, 0, 9, 79, 7],
    [18, 12, 96, 349, 50],
    [0, 4, 3, 7, 4],
    [33, 20, 93, 222, 32],
    [10, 4, 18, 116, 8],
    [35, 155, 312, 577, 75],
    [26, 56, 128, 269, 52],
    [10, 14, 45, 308, 20],
    [10, 4, 78, 121, 15],
    [3, 3, 19, 37, 10],
    [3, 7, 47, 65, 13],
    [31, 16, 131, 378, 56],
    [43, 72, 205, 747, 76],
    [7, 6, 55, 275, 26],
    [14, 12, 75, 148, 30],
    [8, 8, 20, 115, 9],
    [16, 5, 20, 174, 16],
    [11, 1, 8, 114, 9],
    [6, 2, 5, 102, 6],
    [0, 1, 8, 80, 11],
    [6, 6, 21, 93, 9],
    [7, 0, 8, 82, 7],
    [4, 7, 16, 79, 0],
    [6, 1, 5, 46, 0],
    [22, 15, 106, 400, 48],
    [28, 22, 179, 712, 63],
    [0, 0, 6, 2, 1],
    [1, 6, 94, 151, 30],
    [114, 195, 711, 2160, 228],
    [12, 34, 106, 276, 28],
    [70, 176, 492, 1094, 158],
    [3, 19, 68, 154, 9]
  ],
  "method": "mult",
  "cond_prob": [
    [
      [0.019328643312, 0.0066689801133, 0.93976053573, 0.034241840848],
      [0.9632307947, 0.0016868322426, 0.025488569288, 0.0095938037721],
      [0.021066380762, 0.83117251623, 0.11200857254, 0.03575253046],
      [0.028237401721, 0.010976129461, 0.9408182464, 0.019968222421],
      [0.01294192052, 0.17797919049, 0.54443515359, 0.2646437354]
    ],
    [
      [0.022587252857, 0.006819310469, 0.92729681524, 0.043296621429],
      [0.96722861649, 0.0014507037943, 0.021120720572, 0.010199959147],
      [0.023881958372, 0.82519878607, 0.10706493088, 0.043854324673],
      [0.038294315093, 0.023323715473, 0.91162114546, 0.026760823977],
      [0.01413952754, 0.1702012924, 0.50197877518, 0.31368040488]
    ],
    [
      [0.017861236647, 0.0065023340609, 0.93903048913, 0.036605940157],
      [0.96221470771, 0.0016683298592, 0.02572414061, 0.010392821816],
      [0.019797413449, 0.82797380664, 0.11336045938, 0.038868320534],
      [0.016849442164, 0.011517371337, 0.95043863145, 0.021194555046],
      [0.011785177605, 0.17123493899, 0.53527082179, 0.28170906161]
    ],
    [
      [0.018596172047, 0.0060210241224, 0.94076846466, 0.034614339175],
      [0.96295461016, 0.0015374807036, 0.025719921793, 0.0097879873402],
      [0.022051988405, 0.79814717547, 0.14047974785, 0.039321088277],
      [0.021079056234, 0, 0.95926072553, 0.019660218232],
      [0.012625459847, 0.16297861317, 0.55235862538, 0.27203730161]
    ],
    [
      [0.013220564209, 0.0061397244446, 0.94860685064, 0.032032860706],
      [0.94881152126, 0.0021940567027, 0.036316714557, 0.012677707485],
      [0.013577635778, 0.81901907637, 0.1313090585, 0.036094229348],
      [0, 0, 0.98189074704, 0.018109252965],
      [0.0091242819717, 0.16894048557, 0.56629709264, 0.25563813981]
    ],
    [
      [0.018220480687, 0.0051104275001, 0.93163907205, 0.045030019766],
      [0.96331848465, 0.0012130767558, 0.023649707786, 0.011818730807],
      [0.023647739628, 0.73443238276, 0.18593528755, 0.055984590061],
      [0.018716349565, 0, 0.9539009779, 0.02738267254],
      [0.011683992869, 0.13171399598, 0.51663003295, 0.3399719782]
    ],
    [
      [0.021343418284, 0.0044059063218, 0.90623043009, 0.068020245301],
      [0.96718252094, 0.0008265976008, 0.017954293202, 0.014036588259],
      [0.093428480701, 0.62759839037, 0.15368985139, 0.12528327753],
      [0.026863269868, 0, 0.93148929715, 0.041647432987],
      [0.011679467184, 0.098381193002, 0.42653295331, 0.4634063865]
    ],
    [
      [0.022930754447, 0.0038038354935, 0.93919769629, 0.034067713764],
      [0.97413841641, 0.00069640820603, 0.0182941874, 0.0068709879858],
      [0.063364295736, 0.53333049637, 0.35038128614, 0.052923921756],
      [0.030144457876, 0, 0.95195314289, 0.017902399233],
      [0.016344705816, 0.10932489421, 0.57769755585, 0.29663284413]
    ],
    [
      [0.017370524924, 0.0063808825312, 0.91058263747, 0.065665955079],
      [0.96524527966, 0.0012626134785, 0.019179831039, 0.014312275825],
      [0.017565533289, 0.81891319735, 0.099910478578, 0.063610790788],
      [0.01753174203, 0.0085753740576, 0.93075753114, 0.04313535277],
      [0.0092888839323, 0.13899952247, 0.42065929717, 0.43105229643]
    ],
    [
      [0.013020103719, 0.0063399138038, 0.95307940313, 0.027560579348],
      [0.9512703198, 0.0022264517422, 0.035791778669, 0.010711449793],
      [0.014850560803, 0.83647317238, 0.11856227825, 0.030113988563],
      [0.00053267578088, 0.0033041162008, 0.98192904205, 0.014234165968],
      [0.0092249795257, 0.17951084964, 0.58373973611, 0.22752443473]
    ],
    [
      [0.0092554493596, 0.0062667218078, 0.95794635392, 0.026531474916],
      [0.95620123945, 0.0020103160181, 0.032442071544, 0.0093463729886],
      [0, 0.84799255714, 0.1242868211, 0.027720621768],
      [0, 0.0016733146956, 0.98353205714, 0.014794628163],
      [0.0076031251949, 0.17850283598, 0.57837910632, 0.2355149325]
    ],
    [
      [0.027004187695, 0.0034776645601, 0.937147246, 0.032370901746],
      [0.97698283298, 0.00057501057501, 0.016532882152, 0.0059092742924],
      [0.12097926515, 0.48548192684, 0.33933647692, 0.054202331089],
      [0.034802934877, 0, 0.94919854323, 0.015998521895],
      [0.019816989208, 0.10250407819, 0.59405451819, 0.28362441442]
    ],
    [
      [0.011907300898, 0.0057633963533, 0.94783187567, 0.034497427079],
      [0.95017410993, 0.0019783361192, 0.034758171741, 0.013089382213],
      [0.014337293219, 0.7976137068, 0.14826104051, 0.03978795947],
      [0.0085788272263, 0, 0.97162050717, 0.019800665608],
      [0.0080989803802, 0.15747272219, 0.55739432603, 0.27703397139]
    ],
    [
      [3.4211388289e-49, 0, 0.97342778089, 0.026572219106],
      [0, 0.017838368393, 0.76564952649, 0.21651210512],
      [0, 0.41977582997, 0.5321295647, 0.048094605335],
      [0, 0, 0.98555155548, 0.01444844452],
      [0, 0.080224170034, 0.6567464324, 0.26302939757]
    ],
    [
      [0.037624642392, 0, 0.92636020059, 0.036015157018],
      [0.98210301627, 0.00070648376606, 0.012256704088, 0.0049337958724],
      [0.059108343212, 0.79117568948, 0.11139354129, 0.038322426016],
      [0.056015100216, 0, 0.92355635098, 0.020428548803],
      [0.021132445118, 0.15321690744, 0.52837155633, 0.29727909111]
    ],
    [
      [0.022865439427, 0.0053342370919, 0.94422974733, 0.027570576154],
      [0.9822227847, 0.00069914903453, 0.013109675782, 0.0039683904872],
      [0.026698466147, 0.75088772362, 0.1915719153, 0.030841894931],
      [0.027330273682, 0, 0.95772319328, 0.014946533035],
      [0.016260751, 0.15576777459, 0.57915737074, 0.24881410367]
    ],
    [
      [0.025169931227, 0.0060977240427, 0.92737581729, 0.041356527443],
      [0.9707033244, 0.0011811975688, 0.019245037773, 0.0088704402544],
      [0.053984256474, 0.78310174913, 0.11711852694, 0.045795467456],
      [0.055062809293, 0, 0.92117090711, 0.0237662836],
      [0.016241644461, 0.15691859788, 0.51758338395, 0.30925637371]
    ],
    [
      [0.020464073708, 0.0060220272963, 0.91793684518, 0.055577053813],
      [0.9605206016, 0.0014319966395, 0.023407147802, 0.014640253962],
      [0.027111026848, 0.78696827666, 0.11641409447, 0.069506602026],
      [0.033952727827, 0, 0.93204725203, 0.034000020142],
      [0.012067726355, 0.14152880277, 0.46837422732, 0.37802924355]
    ],
    [
      [0.020360981466, 0.00674635199, 0.95829885004, 0.014593816508],
      [0.97254491629, 0.0014861399212, 0.022423852248, 0.0035450915455],
      [0.021813041449, 0.85192927157, 0.1112757153, 0.014981971673],
      [0.030340126563, 0.0080435955126, 0.95496610164, 0.0066501762818],
      [0.015742943338, 0.20927363873, 0.63872469622, 0.13625872171]
    ],
    [
      [0.021591255976, 0.005508539494, 0.89650091495, 0.07639928958],
      [0.96008957816, 0.0011884431526, 0.02054170035, 0.018180278338],
      [0.059489170765, 0.7229954552, 0.11584411602, 0.10167125802],
      [0.048160676817, 0, 0.90481578072, 0.047023542467],
      [0.011159142334, 0.11409787725, 0.39926608409, 0.47547689632]
    ],
    [
      [0.016182651633, 0.0064159437186, 0.94127573446, 0.036125670188],
      [0.95650878153, 0.0018939383515, 0.029785255008, 0.011812025114],
      [0.018235318939, 0.82681404252, 0.11595407541, 0.038996563132],
      [0.012350802852, 0.0061632391563, 0.9600285636, 0.021457394389],
      [0.010763097208, 0.17010550566, 0.54165331349, 0.27747808364]
    ],
    [
      [0.014115614565, 0.0065532235891, 0.93752116123, 0.041810000611],
      [0.9490625005, 0.0021782501008, 0.033369747533, 0.015389501863],
      [0.015565133592, 0.82736500444, 0.11290448608, 0.044165375887],
      [0.00222190501, 0.015874406959, 0.95499356469, 0.026910123346],
      [0.0089891280583, 0.16640768034, 0.51634203946, 0.30826115214]
    ],
    [
      [0.016837021512, 0.0069364547868, 0.93694536269, 0.039281161011],
      [0.95711546402, 0.0019722653432, 0.028543055621, 0.012369215014],
      [0.01771365492, 0.8349846475, 0.10771189471, 0.039589802864],
      [0.010484664713, 0.0288834778, 0.93639116524, 0.024240692247],
      [0.010805578182, 0.17747127763, 0.52012804574, 0.29159509845]
    ],
    [
      [0.015958984161, 0.0054620331195, 0.9466644239, 0.031914558814],
      [0.95738538855, 0.0016357519983, 0.030392328187, 0.010586531268],
      [0.020594541793, 0.74165226632, 0.19829998542, 0.039453206467],
      [0.01297175294, 0, 0.96948684471, 0.017541402347],
      [0.011227875524, 0.153196982, 0.57625885942, 0.25931628306]
    ],
    [
      [0.016224957929, 0.0076659081585, 0.92556165195, 0.05054748196],
      [0.95323518138, 0.0022053952742, 0.028462351325, 0.016097072021],
      [0.015506037797, 0.84177073102, 0.096445228172, 0.046278003011],
      [0.001979478292, 0.066788997163, 0.8952756477, 0.035955876846],
      [0.0094911550568, 0.17894838616, 0.46790174286, 0.34365871592]
    ],
    [
      [0.016316850644, 0.0059123850915, 0.93783855253, 0.039932211734],
      [0.95919134222, 0.0016045585793, 0.027222590302, 0.011981508894],
      [0.018963048725, 0.81770987071, 0.11886785035, 0.044459230213],
      [0.014653215939, 0.0020274526817, 0.95919864523, 0.024120686146],
      [0.01062704701, 0.15477046625, 0.52815167255, 0.30645081419]
    ],
    [
      [0.0089632187578, 0, 0.94800511377, 0.043031667469],
      [0.95743386205, 0.00066164233072, 0.02849431507, 0.01341018055],
      [0.019183440719, 0.36037418037, 0.53224310867, 0.088199270243],
      [0.0089447574724, 0, 0.96740263388, 0.023652608646],
      [0.0061470129753, 0.066043032724, 0.56076960768, 0.36704034662]
    ],
    [
      [0, 0.0027885932397, 0.92287013744, 0.074341269317],
      [0, 0.015874873453, 0.52741066118, 0.45671446536],
      [0, 0.4416829595, 0.41852334554, 0.13979369496],
      [0, 0, 0.95489403361, 0.045105966393],
      [0, 0.058317040504, 0.37466543602, 0.56701752348]
    ],
    [
      [0.01600256228, 0.0073332440283, 0.92642632071, 0.050237872981],
      [0.96393409392, 0.0016386960063, 0.022044868428, 0.012382341646],
      [0.01530723584, 0.84244687663, 0.096216611611, 0.046029275924],
      [0.015232550378, 0.022912003385, 0.92946872379, 0.032386722452],
      [0.0093110261509, 0.17201322549, 0.46571858409, 0.35295716427]
    ],
    [
      [0.014895612583, 0.0047865078452, 0.98031787957, 0],
      [0.99264478154, 0.00032457685347, 0.0070306416046, 0],
      [0.018365904194, 0.85147689073, 0.13015720508, 0],
      [0.014944681538, 0, 0.98505531846, 0],
      [0.015525596274, 0.072666052021, 0.91180835171, 0]
    ],
    [
      [0.027962032057, 0.0057488061935, 0.92694320842, 0.039345953328],
      [0.9929180616, 0.00027671276149, 0.0047238069956, 0.002081418641],
      [0.028846764407, 0.8291953283, 0.10310237471, 0.038855532589],
      [0.028899632706, 0.00048929166117, 0.94774019637, 0.022870879262],
      [0.017859221766, 0.15257929897, 0.51158350836, 0.3179779709]
    ],
    [
      [0.016873123083, 0.0089652719508, 0.94007137532, 0.03409022965],
      [0.95946504492, 0.0024710445465, 0.027661249732, 0.010402660797],
      [0.0036244375499, 0.96860544755, 0.0058968528185, 0.021873262077],
      [0.017156609494, 0.009727452292, 0.95245541153, 0.02066052668],
      [0.010666062427, 0.22600539732, 0.51329837272, 0.25003016753]
    ],
    [
      [0.012426968764, 0.005054184928, 0.93606751353, 0.04645133278],
      [0.97835305488, 0.00070380125664, 0.013840392753, 0.0071027511126],
      [0.012268162276, 0.84397764444, 0.099840672744, 0.043913520535],
      [0.012824781749, 0.00038728430012, 0.95868369219, 0.028104241764],
      [0.0075981481085, 0.13216539305, 0.49475322757, 0.36548323128]
    ],
    [
      [0.02129188533, 0.0068539423353, 0.94008160391, 0.031772568427],
      [0.97021392331, 0.0014352774355, 0.020994953532, 0.007355845726],
      [0.022449320471, 0.83762872409, 0.10782985602, 0.032092099419],
      [0.028286682461, 0.019059208914, 0.93551510619, 0.017139002437],
      [0.014374469661, 0.18504422806, 0.54812082639, 0.25246047589]
    ],
    [
      [0.021546786388, 0.0059973339006, 0.92381306545, 0.04864281426],
      [0.9676068749, 0.001234202992, 0.020117237239, 0.011041684869],
      [0.041172926457, 0.78933741822, 0.11336621129, 0.05612344403],
      [0.038679298046, 0, 0.9317257958, 0.029594906151],
      [0.013109668671, 0.1466098643, 0.4837031598, 0.35657730722]
    ],
    [
      [0.016597052965, 0.0074412140228, 0.95506301382, 0.020898719193],
      [0.96175478219, 0.0021439357518, 0.029437959519, 0.0066633225426],
      [0.0166463596, 0.85874719859, 0.10452503787, 0.020081403945],
      [0.0040288942844, 0.036795426854, 0.94829620253, 0.01087947633],
      [0.012003324477, 0.21479220133, 0.59708374314, 0.17612073105]
    ],
    [
      [0, 0.0071857931454, 0.90835314387, 0.084461062983],
      [-0, 0.037080573681, 0.48898798361, 0.47393144271],
      [0, 0.84473855124, 0.084498351625, 0.070763097136],
      [4.4408920985e-18, 0.030032610128, 0.91166495366, 0.058302436213],
      [0, 0.13045288736, 0.34291404166, 0.52663307099]
    ],
    [
      [0.020248881844, 0.0058338054272, 0.94689891047, 0.027018402256],
      [0.97093523632, 0.0012377856041, 0.021486533785, 0.0063404442879],
      [0.024169152284, 0.80566381924, 0.13927630734, 0.030890721136],
      [0.021534325039, 0, 0.96405725207, 0.014408422886],
      [0.014562528733, 0.1684040947, 0.58897257084, 0.22806080573]
    ],
    [
      [0.029635456626, 0.0064622506252, 0.9439601273, 0.019942165453],
      [0.99520457236, 0.00024172700619, 0.0037322833953, 0.00082141723662],
      [0.029473128424, 0.8504671824, 0.10108123238, 0.018978456798],
      [0.030510139085, 0.0032728323542, 0.958017681, 0.0081993475608],
      [0.021822088527, 0.19595728856, 0.60045267289, 0.18176795002]
    ],
    [
      [0.01467905529, 0.0061073512866, 0.93563969813, 0.043573895298],
      [0.95161461915, 0.0019148039975, 0.031352842733, 0.015117734121],
      [0.017028768005, 0.81314962322, 0.11832933287, 0.051492275904],
      [0.0030696528852, 0, 0.96991412479, 0.027016222328],
      [0.0093190247054, 0.15481646369, 0.51334099729, 0.32252351431]
    ],
    [
      [0.03242719352, 0.0059174595588, 0.92657980712, 0.035075539799],
      [0.97949748403, 0.00084689537299, 0.01411091268, 0.005544707916],
      [0.096502258984, 0.74689218247, 0.1173894884, 0.039216070147],
      [0.086314329727, 0, 0.8974397354, 0.016245934871],
      [0.021834073579, 0.15950574117, 0.53816352716, 0.28049665809]
    ],
    [
      [0.016372286617, 0.0047536093914, 0.92410992715, 0.054764176845],
      [0.95618058462, 0.0012765068595, 0.026369589165, 0.016173319356],
      [0.021780386676, 0.67179419403, 0.23465867685, 0.071766742447],
      [0.011306580894, 0, 0.95534103313, 0.033352385978],
      [0.0097118907099, 0.11397088322, 0.47258707101, 0.40373015507]
    ],
    [
      [0.017702659032, 0.0078185109914, 0.95715864692, 0.01732018306],
      [0.97056465132, 0.0017852085366, 0.023289993661, 0.0043601464818],
      [0.014679359887, 0.88535832835, 0.086201037745, 0.013761274017],
      [0.016886343637, 0.011304447998, 0.9623028753, 0.0095063330613],
      [0.012848444276, 0.23395651786, 0.59986923199, 0.15332580588]
    ],
    [
      [0.013996221661, 0.0073167794588, 0.94154105947, 0.037145939407],
      [0.95004661507, 0.0024483848438, 0.033738363309, 0.013766636774],
      [0.0141469348, 0.84594870612, 0.10393757176, 0.035966787321],
      [0.0024486456443, 0.05576314083, 0.9203155136, 0.021472699929],
      [0.0090329600581, 0.18826364665, 0.52554382846, 0.27715956483]
    ],
    [
      [0.015114143565, 0.0072009882076, 0.93330665525, 0.044378212973],
      [0.95147245535, 0.002236070791, 0.031030188986, 0.015261284872],
      [0.015371361349, 0.83773990533, 0.10365318194, 0.043235551385],
      [0.004768747229, 0.053333348657, 0.91294066323, 0.028957240879],
      [0.0093140736478, 0.17691993903, 0.49739685377, 0.31636913356]
    ],
    [
      [0.022448031321, 0.0069710174854, 0.93638091437, 0.034200036828],
      [0.96912031652, 0.0014838368879, 0.021335132171, 0.0080607144164],
      [0.023500596601, 0.83517745828, 0.10702331596, 0.034298629156],
      [0.033663544112, 0.031087156452, 0.91652654381, 0.018722755627],
      [0.014902305057, 0.18451825908, 0.53752672857, 0.26305270729]
    ],
    [
      [0.070212251531, 0.0023065669228, 0.92748118155, 0],
      [1, 0, 0, 0],
      [0.15585159676, 0.57610994087, 0.26803846237, 0],
      [0.07015768948, 0.0024533729082, 0.92738893761, 0],
      [0.080426637254, 0.11454354984, 0.8050298129, 0]
    ],
    [
      [0.049700358684, 0.002862362578, 0.94743727874, 0],
      [0.99746444656, 7.5885066986e-05, 0.0024596683752, 0],
      [0.3538658601, 0.42815167891, 0.21798246099, 0],
      [0.052863797119, 0, 0.94713620288, 0],
      [0.051907507745, 0.12308029217, 0.82501220008, 0]
    ],
    [
      [0.017273366674, 0.0050073608016, 0.93207024861, 0.045649023914],
      [0.95917924332, 0.0013172546065, 0.026219001238, 0.013284500834],
      [0.023222677278, 0.69067993973, 0.22598016915, 0.060117213844],
      [0.016735066734, 0, 0.95547294867, 0.027791984592],
      [0.011091235494, 0.12858569112, 0.51739092137, 0.34293215202]
    ],
    [
      [0.0096647017962, 0.0091143110091, 0.92526540697, 0.055955580227],
      [0.63109198084, 0.23854444494, 0.044941818956, 0.08542175526],
      [0, 0.87304703787, 0.0828320103, 0.044120951828],
      [0, 0.11319484794, 0.85260911283, 0.034196039222],
      [0, 0.20436097854, 0.43683547183, 0.35880354963]
    ],
    [
      [0.021663057984, 0.0090636180713, 0.92167306068, 0.047600263263],
      [0.96766713309, 0.0018356150481, 0.019844807492, 0.010652444365],
      [0.017750343384, 0.86296323854, 0.081921405566, 0.037365012509],
      [0.025469121515, 0.11772042822, 0.82760175795, 0.029208692316],
      [0.012432938941, 0.20814269132, 0.45623014927, 0.32319422047]
    ],
    [
      [0.062711319377, 0.0066772033395, 0.91621703214, 0.014394445143],
      [0.99826204471, 9.7074759775e-05, 0.0014107651229, 0.00023011541059],
      [0.041544267606, 0.88396282393, 0.065365733483, 0.0091271749865],
      [0.064031697352, 0.0037241535399, 0.92560787233, 0.0066362767786],
      [0.047126964114, 0.21964845461, 0.59502871006, 0.13819587122]
    ],
    [
      [0.023346623924, 0.0047488308281, 0.90249467181, 0.069409873441],
      [0.96774769452, 0.00086536580185, 0.017481793732, 0.013905145942],
      [0.093918458896, 0.65728847166, 0.16180481505, 0.086988254386],
      [0.029614947527, 0, 0.92815365424, 0.042231398229],
      [0.012557841596, 0.10310428023, 0.41868818373, 0.46564969445]
    ],
    [
      [0.026484105721, 0.0098385749685, 0.96367731931, 0],
      [0.99392854879, 0.000546949916, 0.0055245012967, 0],
      [0, 1, 0, 0],
      [0.042107144453, 0, 0.95789285555, 0],
      [0.073886248446, 0.32987149171, 0.59624225985, 0]
    ],
    [
      [0.056174828228, 0.00195762307, 0.92561745222, 0.016250096485],
      [0.99487020466, 8.4967431871e-05, 0.0042676038191, 0.00077722408785],
      [0.13481297551, 0.27764646582, 0.55020338436, 0.037337174312],
      [0.052648827411, 0, 0.94283857057, 0.0045126020223],
      [0.049507387693, 0.070199098896, 0.70511931498, 0.17517419843]
    ],
    [
      [0.024099789868, 0.005770668953, 0.94109910935, 0.029030431826],
      [0.97274688551, 0.0011340114723, 0.019803026484, 0.006316076532],
      [0.034825159407, 0.76756982486, 0.16363296182, 0.033972053914],
      [0.033503022001, 0, 0.95172766243, 0.014769315571],
      [0.017149423499, 0.16391633269, 0.57921722384, 0.23971701998]
    ],
    [
      [0.020101132994, 0.0090085677441, 0.88214792491, 0.088742374348],
      [0.96414816202, 0.0016897615623, 0.016026772336, 0.018135304079],
      [0.012779026245, 0.87728406401, 0.055815347327, 0.05412156242],
      [0.01014809543, 0.10292615454, 0.79059877783, 0.096326972196],
      [0.0085084012918, 0.16022641999, 0.30856385596, 0.52270132276]
    ],
    [
      [0.021350864436, 0.0066668958308, 0.92230050928, 0.04968173045],
      [0.96440904623, 0.0014801401456, 0.021903659021, 0.012207154602],
      [0.022782585086, 0.81905374453, 0.1073763407, 0.050787329683],
      [0.03368333368, 0.015577386973, 0.91802358818, 0.032715691164],
      [0.012836251846, 0.16000660892, 0.47933667972, 0.34782045951]
    ],
    [
      [0.01062737431, 0.0054604132911, 0.96586689303, 0.018045319368],
      [0.94984284854, 0.002134358895, 0.040238273809, 0.0077845187568],
      [0.0015545983001, 0.75356383322, 0.22290330381, 0.021978264675],
      [0, 0, 0.99102439077, 0.0089756092273],
      [0.0082965116675, 0.1715886792, 0.65116114704, 0.1689536621]
    ],
    [
      [0.023870533867, 0.0062316867379, 0.92548746912, 0.044410310273],
      [0.96820585881, 0.0012814482095, 0.020397689608, 0.010115003377],
      [0.05520882655, 0.78152668919, 0.11493075322, 0.048333731045],
      [0.072337189175, 0, 0.90246977861, 0.025193032219],
      [0.015052148832, 0.15662585954, 0.50483785909, 0.32348413254]
    ],
    [
      [0.024119161799, 0.0063885663926, 0.93157870808, 0.037913563731],
      [0.97009426886, 0.0012902924635, 0.020137513273, 0.0084779254029],
      [0.040701492393, 0.80520596266, 0.11354071054, 0.040551834409],
      [0.070687485863, 0, 0.909439775, 0.01987273914],
      [0.0158249618, 0.16721687838, 0.5284373543, 0.28852080553]
    ],
    [
      [0.011118419727, 0.0050677856884, 0.96458670473, 0.019227089853],
      [0.9206297002, 0.0020980362632, 0.068465827234, 0.0088064363075],
      [0, 0.70521154079, 0.26934196091, 0.025446498304],
      [0, 0, 0.99023537381, 0.009764626195],
      [0, 0.15927151499, 0.66413639993, 0.17659208507]
    ],
    [
      [0.024918001267, 0.0060652383839, 0.91572481048, 0.053291949864],
      [0.97146119481, 0.0010643194538, 0.017136497464, 0.010337988269],
      [0.031286553619, 0.79203346983, 0.11379285263, 0.062887123928],
      [0.034734837348, 0, 0.93273454319, 0.03253061946],
      [0.014780580442, 0.1437653128, 0.46916557827, 0.37228852849]
    ],
    [
      [0.016270651823, 0.0046884117024, 0.94120126734, 0.037839669132],
      [0.96606121105, 0.0010942506266, 0.023111592586, 0.0097329457367],
      [0.022790877767, 0.66852457273, 0.25790595241, 0.050778597089],
      [0.013772802199, 0, 0.96544489134, 0.020782306456],
      [0.011038405244, 0.12806851311, 0.54853873447, 0.31235434718]
    ],
    [
      [0.014948891301, 0.0085899369402, 0.96539537209, 0.011065799668],
      [0.96370316978, 0.0025305339425, 0.030166541197, 0.0035997550807],
      [0.0013245150452, 0.89671595077, 0.092568652987, 0.0093908811983],
      [0, 0.098940241892, 0.89790942628, 0.0031503318318],
      [0.011306071578, 0.25998084942, 0.62906220746, 0.099650871542]
    ],
    [
      [0.015112558061, 0.0064094688961, 0.94737577311, 0.031102199932],
      [0.95575476637, 0.0019926525148, 0.031545847245, 0.01070673387],
      [0.017092970297, 0.83216372077, 0.1170442187, 0.033699090232],
      [0.0090393553628, 0.0049860458493, 0.96868188624, 0.017292712549],
      [0.010417482181, 0.17627234413, 0.56485842553, 0.24845174815]
    ],
    [
      [0.019124494238, 0.0059552496884, 0.93939811047, 0.035522145608],
      [0.96291498154, 0.0015125500724, 0.025579475315, 0.0099929930719],
      [0.022825965371, 0.79238840491, 0.14416961519, 0.040616014527],
      [0.024345614797, 0, 0.95510667061, 0.020547714592],
      [0.0129246174, 0.16046575856, 0.54927243378, 0.27733719025]
    ],
    [
      [0.019114148418, 0.0064838465452, 0.93482738136, 0.039574623674],
      [0.96427288491, 0.0015412890023, 0.02377690245, 0.010408923634],
      [0.021002932457, 0.8252553771, 0.11208503221, 0.041656658238],
      [0.020380161262, 0.0080182154389, 0.94755810109, 0.024043522209],
      [0.012340693054, 0.16735809054, 0.5219381671, 0.2983630493]
    ],
    [
      [0.026772602732, 0.0073276203456, 0.93551489309, 0.030384883837],
      [0.97534159279, 0.0012828786915, 0.017490083344, 0.0058854451762],
      [0.026683565088, 0.84273798192, 0.10156660871, 0.029011844279],
      [0.056608815062, 0.032124122294, 0.89677243433, 0.014494628311],
      [0.018057081249, 0.19741000091, 0.54510315207, 0.23942976577]
    ],
    [
      [0, 0.0065035253578, 0.96524436522, 0.028252109425],
      [0.25, 0.0075897377147, 0.70601577756, 0.036394484726],
      [0, 0.85168590832, 0.11856412638, 0.02974996529],
      [0, 0.010354472663, 0.97429635542, 0.015349171921],
      [0, 0.18475237474, 0.5793950508, 0.23585257445]
    ],
    [
      [0.014175166285, 0.0059007136596, 0.92755004309, 0.05237407697],
      [0.95021456709, 0.0018033812897, 0.030286978293, 0.017695073323],
      [0.016368731924, 0.80899772015, 0.11669570015, 0.057937847778],
      [0.0089597225478, 0.0025635173565, 0.95399865743, 0.034478102665],
      [0.0084848838857, 0.14191032825, 0.47988025145, 0.36972453642]
    ],
    [
      [0.010009746727, 0, 0.9181324617, 0.07185779157],
      [0.93802347276, 0.0012197501623, 0.034303398997, 0.02645337808],
      [0.01636679145, 0.62484753123, 0.20715916398, 0.15162651334],
      [0.0067538721149, 0, 0.95128167927, 0.041964448613],
      [0.0056659511717, 0, 0.52920608594, 0.46512796289]
    ],
    [
      [0.0086881186969, 0, 0.90482727654, 0.086484604768],
      [0.92054346712, 0.0017684377305, 0.040028615737, 0.03765947941],
      [0.011596707349, 0.75216107129, 0.13109242328, 0.10514979809],
      [0.0002185673534, 0, 0.94269053329, 0.057090899356],
      [0.004417824464, 0.039276294682, 0.44684709955, 0.5094587813]
    ],
    [
      [0.020583420691, 0.0095335205321, 0.94782033955, 0.022062719232],
      [0.97865345671, 0.0015126862449, 0.01597195411, 0.003861902939],
      [0.01537149971, 0.89221124881, 0.076638194687, 0.015779056796],
      [0.021834118441, 0.037566081568, 0.92928379165, 0.01131600834],
      [0.013785915488, 0.25959189071, 0.5480199233, 0.1786022705]
    ],
    [
      [0, 0.0064449870429, 0.92756738497, 0.065987627992],
      [0.66666666667, 0.0030428781749, 0.23101116915, 0.099279286005],
      [0, 0.82357219316, 0.11756170378, 0.058866103055],
      [0, 0.01370582666, 0.95136039365, 0.034933779695],
      [0, 0.15260165255, 0.45591292076, 0.39148542669]
    ],
    [
      [0.019176468907, 0.0068427492368, 0.96553280213, 0.0084479797249],
      [0.98444105764, 0.00089632208144, 0.013442966041, 0.0012196542385],
      [0.019265478533, 0.86754563646, 0.10506295159, 0.0081259334113],
      [0.019549105035, 0.0052720608447, 0.97162403963, 0.0035547944904],
      [0.01551632522, 0.22563238206, 0.67537078895, 0.083480503775]
    ],
    [
      [0.010267774949, 0.0063083224938, 0.96972470674, 0.013699195813],
      [0.70841841432, 0.0026423999749, 0.28000719887, 0.0089319868353],
      [0, 0.85616745446, 0.12912368127, 0.014708864271],
      [0, 0.0032606409988, 0.98854521368, 0.0081941453237],
      [0.0080587300396, 0.19970744577, 0.65592170182, 0.13631212237]
    ],
    [
      [0, 0, 1, 0],
      [0.96756162771, 0.001659731856, 0.030778640434, 0],
      [0.006487674458, 0.79966805363, 0.19384427191, 0],
      [0, 0, 1, 0],
      [0.008122047935, 0.21320937471, 0.77866857735, 0]
    ],
    [
      [0.015098509246, 0.0057914243296, 0.93020604314, 0.048904023281],
      [0.95070456956, 0.0017891214955, 0.030779312532, 0.016726996415],
      [0.018204821397, 0.78291742061, 0.13363882238, 0.06523893562],
      [0.010074138478, 0, 0.96009863701, 0.029827224515],
      [0.0093312040396, 0.14284385955, 0.49726265391, 0.3505622825]
    ],
    [
      [0.018317077875, 0.0058266072322, 0.93760217214, 0.038254142758],
      [0.96116945058, 0.0015214693863, 0.026245957128, 0.011063122903],
      [0.022199316979, 0.78252359638, 0.15086399742, 0.044413089225],
      [0.019101923254, 0, 0.95813057299, 0.022767503756],
      [0.012176933504, 0.1544707765, 0.53930324787, 0.29404904212]
    ],
    [
      [4.1633363423e-17, 0.0080744646895, 0.91650850222, 0.075417033091],
      [-0, 0.051337504788, 0.44195150925, 0.50671098596],
      [0, 0.95097510529, 0, 0.049024894709],
      [0, 0.083327368997, 0.87162635411, 0.045046276891],
      [0, 0.12749463026, 0.25674729178, 0.61575807796]
    ],
    [
      [0.0034717586267, 0.0071545664251, 0.92310478629, 0.066268888662],
      [0.3327547069, 0.17918612659, 0.10658518593, 0.38147398059],
      [0, 0.83452504707, 0.10142621099, 0.064048741931],
      [0, 0.038479739831, 0.92083250401, 0.040687756155],
      [0, 0.15539778448, 0.42858707195, 0.41601514356]
    ],
    [
      [0.016830367049, 0.0065564260335, 0.94366620324, 0.032947003675],
      [0.95826954293, 0.0018960261729, 0.029277729184, 0.01055670171],
      [0.018697306864, 0.83154099921, 0.11469855649, 0.035063137436],
      [0.010797129556, 0.0098383440361, 0.96011328547, 0.01925124094],
      [0.011417509923, 0.17722091567, 0.55402423405, 0.25733734035]
    ],
    [
      [0.018884235969, 0.0060664840734, 0.92073103714, 0.054318242818],
      [0.95837510682, 0.0015331302387, 0.024899466093, 0.015192296843],
      [0.021727541785, 0.80059077039, 0.11562284962, 0.062058838203],
      [0.023813554502, 0, 0.94078383736, 0.035402608136],
      [0.01117768088, 0.14330193219, 0.47115301913, 0.3743673678]
    ],
    [
      [0.020306411875, 0.006200927463, 0.93055215382, 0.042940506842],
      [0.96303859292, 0.0014924004918, 0.024019479728, 0.011449526865],
      [0.029764153735, 0.80568251796, 0.11677863544, 0.047774692865],
      [0.033265954653, 0, 0.94059917527, 0.026134870075],
      [0.012954688529, 0.15764223894, 0.51369198999, 0.31571108254]
    ],
    [
      [0.024531658902, 0.0062283689894, 0.93994113519, 0.02929883692],
      [0.97307365563, 0.0012071518106, 0.019444093253, 0.0062750993047],
      [0.051058256523, 0.79990628057, 0.11695484187, 0.032080621036],
      [0.050725922465, 0, 0.93346487896, 0.015809198577],
      [0.017139118127, 0.17386132557, 0.56713535729, 0.24186419901]
    ]
  ],
  "expected_outcome": [
    [
      [1.7009206114, 0.47433231001, 0.2679185497, 0.33473109685, 0.33051410522, 0.23686624893, 0.064030254853, 0.16051528113, 0.13896419939, 0.19530155579, 0.064788145517, 0.081012563084, 0.17860951347, 1.3684555316e-48, 0.26337249674, 0.11432719713, 0.90611752419, 1.3506288647, 0.10180490733, 0.17273004781, 0.67967136857, 0.31054352042, 0.35357745175, 0.57452342981, 0.227149411, 0.3752875648, 0.053779312547, 0, 0.096015373678, 0.029791225166, 0.22369625645, 0.11811186158, 0.049707875055, 0.19162696797, 0.043093572776, 0.19916463558, 0, 0.34423099135, 0, 0.29358110579, 0.22699035464, 0.098233719701, 0.14162127226, 0.23793576823, 0.40808187625, 0.33672046982, 0, 0.049700358684, 0.20728040009, 0.057988210777, 0.19496752186, 0.37626791626, 0.16342636747, 0.026484105721, 0.28087414114, 0.43379621763, 0, 0.7045785264, 0.1062737431, 0.83546868533, 0.62709820677, 0.11118419727, 0.24918001267, 0.048811955468, 0.044846673904, 0.4684892999, 0.82235325221, 0.13379903892, 0.37481643824, 0, 0.22680266056, 0.110107214, 0.052128712181, 0, 0, 0.13423528235, 0.041071099795, 0, 0.33216720341, 0.51287818049, 0, 0.0034717586267, 1.9186618436, 0.22661083162, 1.4214488313, 0.073594976707],
      [0.58687024997, 0.14320551985, 0.097535010914, 0.1083784342, 0.15349311112, 0.066435557502, 0.013217718966, 0.026626848454, 0.05104706025, 0.095098707058, 0.043867052655, 0.01043299368, 0.0864509453, 0, 0, 0.026671185459, 0.21951806554, 0.39745380156, 0.03373175995, 0.044068315952, 0.26946963618, 0.14417091896, 0.14566555052, 0.1966331923, 0.10732271422, 0.1359848571, 0, 0, 0.04399946417, 0.0095730156905, 0.045990449548, 0.062756903655, 0.020216739712, 0.061685481018, 0.011994667801, 0.089294568274, 0.050300552017, 0.099174692262, 0, 0.12214702573, 0.041422216911, 0.028521656348, 0.062548087932, 0.1243852508, 0.19442668161, 0.10456526228, 0, 0.002862362578, 0.060088329619, 0.054685866055, 0.081572562641, 0.040063220037, 0.033241815797, 0.0098385749685, 0.0097881153501, 0.10387204115, 0, 0.22000756242, 0.054604132911, 0.21810903583, 0.16610272621, 0.050677856884, 0.060652383839, 0.014065235107, 0.025769810821, 0.19869353578, 0.2560757366, 0.045386925816, 0.10258668484, 0.052028202862, 0.094411418554, 0, 0, 0, 0.038669922257, 0.047899244658, 0.025233289975, 0, 0.12741133525, 0.1631450025, 0, 0.0071545664251, 0.74743256782, 0.072797808881, 0.43406492241, 0.018685106968],
      [82.6989271439, 19.4732331201, 14.085457337, 16.9338323638, 23.715171266, 12.1113079366, 2.7186912903, 6.5743838741, 7.2846610997, 14.2961910469, 6.7056244774, 2.811441738, 14.217478135, 3.8937111236, 6.4845214041, 4.7211487366, 33.3855294223, 60.5838317821, 4.7914942502, 7.1720073196, 39.5335808473, 20.6254655472, 19.6758526165, 34.0799192606, 12.9578631273, 21.5702867082, 5.6880306826, 0, 5.5585579243, 1.9606357591, 7.4155456674, 6.5804996272, 3.7442700541, 8.4607344352, 1.8476261309, 11.4607561658, 6.3584720071, 16.097281478, 0, 18.7127939625, 6.4860586499, 5.5446595629, 7.6572691753, 16.0061980111, 25.1992796919, 14.0457137155, 0, 0.94743727874, 11.1848429833, 5.5515924418, 8.2950575461, 5.4973021928, 6.3174627026, 0.96367731931, 4.6280872611, 16.9397839683, 0, 30.4359168063, 9.6586689303, 32.3920614193, 24.22104641, 9.6458670473, 9.1572481048, 2.823603802, 2.8961861163, 29.3686489664, 40.39411875, 6.5437916695, 13.0972085032, 7.7219549217, 14.8408006894, 10.0994570787, 5.4289636592, 0, 5.5654043098, 6.7587296149, 3.878898827, 6, 20.4645329492, 26.2528608198, 0, 0.92310478629, 107.5779471697, 11.0487724457, 65.1386507674, 2.8198234056],
      [3.0132819946, 0.90922905001, 0.54908910236, 0.62305810515, 0.80082151765, 0.58539025696, 0.2040607359, 0.23847399635, 0.52532764063, 0.41340869022, 0.18572032441, 0.097112705238, 0.51746140618, 0.10628887642, 0.25210609913, 0.13785288077, 1.4888349879, 3.6680855517, 0.072969082539, 0.61119431664, 1.5172781479, 0.91982001345, 0.82490438124, 1.1489241173, 0.70766474744, 0.91844086989, 0.25819000481, 0, 0.30142723788, 0, 0.31476762662, 0.23863160755, 0.18580533112, 0.28595311585, 0.097285628519, 0.25078463031, 0.59122744088, 0.45931283836, 0, 0.87147790596, 0.24552877859, 0.32858506107, 0.13856146448, 0.63148096991, 1.1982117503, 0.51300055242, 0, 0, 0.54778828697, 0.33573348136, 0.42840236937, 0.086366670857, 0.48586911409, 0, 0.081250482424, 0.52254777287, 0, 1.6394971049, 0.18045319368, 1.5543608595, 0.985752657, 0.19227089853, 0.53291949864, 0.1135190074, 0.033197399003, 0.96416819789, 1.5274522611, 0.27702236572, 0.42538837372, 0.2260168754, 0.83798523152, 0.79043570727, 0.51890762861, 0, 0.39592576795, 0.059135858074, 0.054796783252, 0, 1.0758885122, 1.0711159972, 0, 0.066268888662, 3.7559584189, 0.65181891381, 3.0058354789, 0.087896510761]
    ],
    [
      [184.9403125818, 25.1479440287, 8.6599323694, 16.3702283728, 25.6179110739, 2.889955454, 3.8687300838, 3.8965536656, 0.96524527966, 10.4639735178, 1.9124024789, 5.8618969979, 1.9003482199, 0, 2.9463090488, 0.9822227847, 51.4472761934, 121.0255958011, 7.7803593303, 17.2816124069, 25.8257371012, 18.9812500101, 34.4561567048, 24.8920201022, 17.1582332648, 4.7959567111, 0, 0, 0.96393409392, 0, 0, 11.5135805391, 0, 5.8212835398, 7.7408549992, 30.77615303, 0, 1.9418704726, 0, 12.3709900489, 10.7744723243, 7.649444677, 2.911693954, 15.2007458412, 16.175031741, 17.4441656974, 0, 0.99746444656, 7.6734339466, 6.9420117892, 5.8060027986, 0, 4.8387384726, 0.99392854879, 0, 11.6729626261, 3.8565926481, 19.2881809246, 3.7993713942, 150.0719081149, 54.3252790562, 12.8888158027, 3.8858447793, 2.8981836332, 6.7459221885, 15.2920762619, 69.3298786709, 5.7856373095, 11.7040991135, 2, 4.7510728355, 0.93802347276, 1.8410869342, 0.97865345671, 4, 0, 4.9589289002, 0.96756162771, 14.2605685434, 21.1457279128, 0, 1.9965282414, 186.8625608721, 32.584753632, 169.4947923531, 18.488399457],
