{
  "X": [
    [23, 259, 129, 35],
    [13, 156, 62, 33],
    [35, 649, 133, 90],
    [44, 133, 34, 17],
    [7, 66, 17, 2],
    [17, 103, 20, 23],
    [109, 295, 105, 47],
    [82, 217, 72, 33],
    [52, 275, 103, 44],
    [96, 442, 191, 74],
    [49, 203, 54, 54],
    [31, 82, 31, 12],
    [77, 266, 153, 43],
    [44, 164, 81, 33],
    [202, 770, 437, 124],
    [26, 96, 44, 12],
    [137, 440, 241, 68],
    [175, 570, 294, 73],
    [153, 490, 207, 70],
    [0, 5, 3, 1],
    [5, 24, 16, 1],
    [21, 469, 128, 58],
    [19, 261, 129, 51],
    [45, 466, 159, 83],
    [10, 186, 96, 33],
    [27, 87, 20, 15],
    [101, 573, 628, 126],
    [85, 831, 432, 155],
    [30, 316, 110, 41],
    [47, 457, 215, 72],
    [0, 3, 5, 1],
    [195, 625, 229, 119],
    [171, 700, 184, 130],
    [100, 333, 138, 60],
    [71, 564, 175, 112],
    [23, 160, 36, 14],
    [92, 364, 78, 66],
    [69, 364, 76, 62],
    [50, 245, 252, 37],
    [49, 346, 313, 81],
    [53, 223, 174, 66],
    [60, 439, 134, 74],
    [6, 18, 14, 8],
    [6, 23, 12, 2],
    [2, 45, 10, 5],
    [45, 162, 79, 28],
    [58, 797, 347, 122],
    [19, 333, 144, 63],
    [247, 1030, 678, 189],
    [30, 219, 98, 33],
    [282, 1128, 543, 220],
    [119, 293, 107, 41]
  ],
  "W": [
    [24, 149, 250, 23],
    [9, 94, 154, 7],
    [30, 174, 629, 74],
    [25, 44, 146, 13],
    [20, 24, 44, 4],
    [13, 42, 97, 11],
    [60, 143, 320, 33],
    [53, 90, 230, 31],
    [44, 128, 256, 46],
    [62, 250, 427, 64],
    [41, 78, 202, 39],
    [17, 46, 82, 11],
    [49, 172, 281, 37],
    [35, 92, 161, 34],
    [143, 500, 799, 91],
    [20, 50, 93, 15],
    [81, 271, 460, 74],
    [152, 309, 565, 86],
    [113, 251, 477, 79],
    [0, 2, 5, 2],
    [4, 15, 23, 4],
    [22, 170, 442, 42],
    [18, 177, 240, 25],
    [38, 223, 431, 61],
    [19, 124, 158, 24],
    [20, 33, 87, 9],
    [51, 736, 578, 63],
    [65, 567, 781, 90],
    [28, 141, 300, 28],
    [25, 296, 434, 36],
    [1, 4, 4, 0],
    [137, 273, 642, 116],
    [98, 245, 742, 100],
    [52, 184, 370, 25],
    [55, 235, 566, 66],
    [21, 44, 153, 15],
    [66, 100, 372, 62],
    [41, 119, 366, 45],
    [25, 287, 245, 27],
    [18, 391, 349, 31],
    [36, 227, 224, 29],
    [41, 170, 457, 39],
    [5, 19, 20, 2],
    [3, 13, 25, 2],
    [7, 14, 35, 6],
    [23, 97, 178, 16],
    [40, 473, 755, 56],
    [19, 156, 338, 46],
    [136, 813, 1076, 119],
    [15, 109, 233, 23],
    [237, 644, 1113, 179],
    [48, 131, 354, 27]
  ],
  "method": "mult",
  "cond_prob": [
    [
      [0.69436880369, 0.27244131295, 0.02194969981, 0.011240183548],
      [0, 0.16748649748, 0.76796125327, 0.064552249251],
      [0.017949780025, 0.84512763429, 0.052189621227, 0.084732964454],
      [0.080334943705, 0.70539181703, 0.043459789573, 0.17081344969]
    ],
    [
      [0.73219665904, 0.24020642711, 0.011995963494, 0.015600950364],
      [0.0068898837292, 0.21682814448, 0.65637513283, 0.11990683896],
      [0.033468067021, 0.83752663734, 0, 0.12900529564],
      [0.086928382407, 0.63959920358, 0.027539120304, 0.24593329371]
    ],
    [
      [0.63878335483, 0.32797059841, 0.018216737497, 0.015029309266],
      [0.0040083295574, 0.21094619156, 0.69863620565, 0.086409273233],
      [0.016715042217, 0.87380630509, 0.013671340698, 0.095807311999],
      [0.062503898075, 0.71394701105, 0.030966551259, 0.19258253962]
    ],
    [
      [0.86584811615, 0.12407161011, 0.0051750240153, 0.0049052497169],
      [0.032478654017, 0.17421007196, 0.72296782013, 0.0703434539],
      [0.12616416808, 0.78223695087, 0.011315433622, 0.080283447428],
      [0.19267444463, 0.61741321181, 0.031383615791, 0.15852872777]
    ],
    [
      [0.34226128177, 0.64296357054, 0.0092295023095, 0.0055456453728],
      [0, 0.27943051688, 0.69547324074, 0.025096242379],
      [0, 0.975137204, 0.0002659452794, 0.024596850722],
      [0.038693591134, 0.88208980202, 0.028087645927, 0.051128960921]
    ],
    [
      [0.78392459515, 0.20179962786, 0.00049716944598, 0.013778607547],
      [0.096853119577, 0.26945349319, 0.47267845529, 0.16101493194],
      [0.015834000546, 0.84785970231, 0, 0.13630629714],
      [0.10956828981, 0.6197424545, 0.012821970468, 0.25786728523]
    ],
    [
      [0.87361837862, 0.11731829374, 0.0037714950667, 0.0052918325702],
      [0.042177371698, 0.16758669919, 0.71029274654, 0.079943182569],
      [0.13736342081, 0.76394829439, 0.0069002104578, 0.091788074342],
      [0.19985571122, 0.59189546019, 0.030114551344, 0.17813427724]
    ],
    [
      [0.86014735812, 0.12761638212, 0.0066714840864, 0.0055647756813],
      [0.033361731876, 0.16011582068, 0.73252289775, 0.073999549693],
      [0.12043773327, 0.76966743101, 0.02031600634, 0.08957882938],
      [0.18415985482, 0.60652899206, 0.033763518948, 0.17554763417]
    ],
    [
      [0.77681200019, 0.20035374445, 0.013074389877, 0.0097598654902],
      [0.0081578266511, 0.18295790778, 0.72953078831, 0.079353477257],
      [0.04460887019, 0.82965901364, 0.028962842278, 0.096769273894],
      [0.11643911765, 0.66028512081, 0.035441267785, 0.18783449375]
    ],
    [
      [0.81730134338, 0.16499766785, 0.009582289976, 0.0081186988],
      [0.019586220491, 0.18066792273, 0.71864635367, 0.081099503108],
      [0.072852790398, 0.81020579299, 0.020234924139, 0.096706492476],
      [0.14566593887, 0.63508266101, 0.032874953081, 0.18637644703]
    ],
    [
      [0.79649620561, 0.18137590641, 0.0068461419461, 0.015281746031],
      [0.013093000873, 0.18945687298, 0.6578749329, 0.13957519325],
      [0.053269344256, 0.78344350402, 0.0072642514221, 0.15602290031],
      [0.11697420416, 0.57770163933, 0.024043195558, 0.28128096095]
    ],
    [
      [0.87641534725, 0.1190609712, 0, 0.0045236815571],
      [0.070907344606, 0.18576759336, 0.66797673046, 0.075348331571],
      [0.12935438479, 0.78911270639, 0, 0.081532908816],
      [0.20292197198, 0.61121929737, 0.02482458171, 0.16103414895]
    ],
    [
      [0.84316399923, 0.13523401498, 0.015299024071, 0.0063029617238],
      [0.02325510048, 0.13095136033, 0.78178677317, 0.064006766018],
      [0.090352697287, 0.76254773103, 0.057355418145, 0.08974415354],
      [0.17016158966, 0.61010775324, 0.045031090182, 0.17469956691]
    ],
    [
      [0.81091656044, 0.16225196879, 0.017272168011, 0.0095593027626],
      [0.012056363107, 0.14316015542, 0.76333690473, 0.081446576745],
      [0.061413833658, 0.77323864244, 0.053900269072, 0.11144725483],
      [0.13591493412, 0.60761839297, 0.04383928129, 0.21262739162]
    ],
    [
      [0.82559995429, 0.15136739813, 0.015847539882, 0.0071851076962],
      [0.018114180967, 0.14052756927, 0.77443254501, 0.066925704755],
      [0.076160030911, 0.77763603891, 0.054493244031, 0.091710686152],
      [0.15417858633, 0.62373057523, 0.043707992443, 0.178382846]
    ],
    [
      [0.81886773967, 0.16028297696, 0.014916136681, 0.0059331466959],
      [0.016322683459, 0.15399636288, 0.77418768612, 0.055493267548],
      [0.070604358798, 0.80862093444, 0.046737620765, 0.074037085992],
      [0.14935371104, 0.65951836091, 0.043046281962, 0.14808164609]
    ],
    [
      [0.85256309085, 0.12773434854, 0.014158915494, 0.0055436451216],
      [0.027810764401, 0.13072393929, 0.78074649663, 0.060718799678],
      [0.10194661519, 0.75931055199, 0.054236027533, 0.084506805296],
      [0.18257066896, 0.60735778794, 0.044895332333, 0.16517621076]
    ],
    [
      [0.8091221809, 0.16230961446, 0.022387144647, 0.0061810599963],
      [0.011990201486, 0.13578592596, 0.7994412047, 0.052782667855],
      [0.063462400801, 0.79144161088, 0.069444385204, 0.075651603113],
      [0.14479302083, 0.65356485269, 0.050392373514, 0.15124975296]
    ],
    [
      [0.82922086039, 0.15349806766, 0.010930229414, 0.0063508425319],
      [0.0235153893, 0.16303425895, 0.74726035252, 0.066189999234],
      [0.085652251429, 0.79915230931, 0.031925170689, 0.083270268568],
      [0.1587285586, 0.63971478247, 0.037648470582, 0.16390818835]
    ],
    [
      [-0, 0.83680366335, 0.11798904292, 0.045207293731],
      [0, 0.022330649314, 0.94938783123, 0.028281519458],
      [0, 0.73296494195, 0.17367175338, 0.093363304671],
      [0, 0.64525699582, 0.11643278532, 0.23831021887]
    ],
    [
      [0.8169666334, 0.15494168519, 0.026279856478, 0.0018118249329],
      [0.0024411647005, 0.10546170445, 0.87742323792, 0.014673892936],
      [0.048441227936, 0.82014630909, 0.10715883592, 0.024253627051],
      [0.14534193835, 0.73373564586, 0.067219694779, 0.053702721014]
    ],
    [
      [0.5979750195, 0.36680719281, 0.020591398713, 0.014626388978],
      [0.0015458265346, 0.21515385326, 0.70755250842, 0.075747811785],
      [0.012019870858, 0.88980623502, 0.013322047152, 0.084851846968],
      [0.05402324145, 0.73951740057, 0.032731379904, 0.17372797807]
    ],
    [
      [0.67746068721, 0.28898662404, 0.017221732335, 0.01633095642],
      [0, 0.20335074178, 0.69731206122, 0.099337196996],
      [0.020998747429, 0.84571306703, 0.018575276755, 0.11471290879],
      [0.07064032989, 0.67336093544, 0.032308302401, 0.22369043226]
    ],
    [
      [0.71562973649, 0.25706816268, 0.013403393132, 0.013898707699],
      [0.0040435612235, 0.21185530331, 0.68519037665, 0.098910758821],
      [0.027234235309, 0.85363529264, 0.0091331926232, 0.10999727943],
      [0.084695089221, 0.6732928861, 0.028800181114, 0.21321184357]
    ],
    [
      [0.52631578947, 0.42790748413, 0.025675497397, 0.020101228998],
      [0, 0.18931158871, 0.72223467453, 0.088453736757],
      [0, 0.86263058642, 0.032159618895, 0.10520979469],
      [0, 0.75414533947, 0.036410255102, 0.20944440543]
    ],
    [
      [0.83337047138, 0.15837448335, 0, 0.0082550452669],
      [0.071672318061, 0.21829820876, 0.60033505482, 0.10969441837],
      [0.075966583625, 0.81663631382, 0, 0.10739710255],
      [0.15092347789, 0.62014557127, 0.02099368789, 0.20793726295]
    ],
    [
      [0.82655129577, 0.1494213552, 0.015716957615, 0.0083103914202],
      [0.012500609186, 0.11750747765, 0.79843943589, 0.071552477269],
      [0.069346091162, 0.76282515541, 0.063387680125, 0.1044410733],
      [0.15179991847, 0.60287408736, 0.046173511621, 0.19915248256]
    ],
    [
      [0.73446147057, 0.23721056132, 0.01553732326, 0.012790644856],
      [0.0040197069386, 0.18871407085, 0.71733214419, 0.08993407802],
      [0.034001885463, 0.83100002964, 0.027048760218, 0.10794932468],
      [0.093615089247, 0.66188235771, 0.034862961115, 0.20963959193]
    ],
    [
      [0.7104799057, 0.26292379045, 0.015788108295, 0.010808195549],
      [0.002774896555, 0.20151516872, 0.72287971355, 0.072830221168],
      [0.024318129459, 0.86800627502, 0.02218494728, 0.085490648245],
      [0.086423692445, 0.70795044901, 0.034871756168, 0.17075410238]
    ],
    [
      [0.7675596662, 0.21050121555, 0.012170263898, 0.009768854346],
      [0.010760422732, 0.20426593841, 0.70260235282, 0.082371286041],
      [0.047449275744, 0.84582545281, 0.012839684371, 0.093885587077],
      [0.11202604287, 0.67184737009, 0.032028443101, 0.18409814393]
    ],
    [
      [0, 0.76577168685, 0.1604351033, 0.073793209854],
      [0, 0, 0.93372435675, 0.066275643245],
      [0, 0.55855707829, 0.27616686742, 0.16527605429],
      [5.5511151231e-17, 0.56936317476, 0.06229249841, 0.36834432683]
    ],
    [
      [0.83440053979, 0.14594594259, 0.011342883243, 0.008310634382],
      [0.022336372058, 0.15475518596, 0.7370740336, 0.085834408379],
      [0.087763265584, 0.76859655969, 0.034195615272, 0.10944455945],
      [0.15728689631, 0.59757111014, 0.036820938088, 0.20832105546]
    ],
    [
      [0.83765627894, 0.14634488991, 0.0073862771012, 0.0086125540478],
      [0.023476675154, 0.18029884537, 0.69723723996, 0.098987239516],
      [0.090545483539, 0.78384681706, 0.012869500907, 0.11273819849],
      [0.15973150465, 0.59870645414, 0.029038513796, 0.21252352741]
    ],
    [
      [0.86481194483, 0.12203741631, 0.0065033911614, 0.0066472477023],
      [0.035476166327, 0.16374183424, 0.71318477458, 0.087597224854],
      [0.11838591032, 0.76207914934, 0.015222150005, 0.10431279033],
      [0.18797509781, 0.58225086387, 0.032145185378, 0.19762885294]
    ],
    [
      [0.75491172313, 0.21866367734, 0.012583243394, 0.013841356141],
      [0.0075842324593, 0.19246044804, 0.69237754043, 0.10757777907],
      [0.037262060705, 0.82134853985, 0.016935460694, 0.12445393876],
      [0.10010960971, 0.63427301371, 0.03051104334, 0.23510633324]
    ],
    [
      [0.75288963611, 0.22802615221, 0.012315703131, 0.0067685085496],
      [0.0077648691396, 0.20463988146, 0.73351321181, 0.054082037584],
      [0.034097519546, 0.88407552745, 0.019278537329, 0.062548415676],
      [0.10871619394, 0.72958268797, 0.03447818021, 0.12722293789]
    ],
    [
      [0.81779163148, 0.16451272217, 0.0080770537164, 0.0096185926297],
      [0.018181395973, 0.18399945325, 0.69857052711, 0.099248623663],
      [0.073687260194, 0.79744575403, 0.015603308672, 0.11326367711],
      [0.14187019246, 0.61439345989, 0.029119853509, 0.21461649413]
    ],
    [
      [0.81564576311, 0.16989573833, 0.005200218748, 0.0092582798124],
      [0.044084094297, 0.21936654746, 0.62845369302, 0.10809566523],
      [0.065497421192, 0.82663028936, 0, 0.10787228945],
      [0.14089911856, 0.63073265945, 0.022240034715, 0.20612818727]
    ],
    [
      [0.84058712603, 0.13869113819, 0.015336676351, 0.00538505943],
      [0.017013740729, 0.11679343025, 0.81546121403, 0.050731614986],
      [0.07941530457, 0.77934385697, 0.06638853134, 0.074852307123],
      [0.17206032001, 0.6323615595, 0.048667573519, 0.14691054697]
    ],
    [
      [0.82487927234, 0.15274188947, 0.012993216792, 0.0093856213918],
      [0.014626905914, 0.14351966484, 0.75539720994, 0.086456219307],
      [0.068455483294, 0.76971629906, 0.046359114881, 0.11546910276],
      [0.14651900697, 0.59688608593, 0.039563932847, 0.21703097426]
    ],
    [
      [0.82375690601, 0.15163095164, 0.012531600788, 0.012080541564],
      [0.017087654713, 0.14788680352, 0.72306457164, 0.11196097013],
      [0.068957587236, 0.74862620175, 0.037407819155, 0.14500839185],
      [0.13859842149, 0.56133490171, 0.035650107562, 0.26441656924]
    ],
    [
      [0.77828507724, 0.19820061333, 0.012548641464, 0.010965667967],
      [0.010576137564, 0.1837258373, 0.71428709816, 0.091410926976],
      [0.047678862089, 0.8197074793, 0.023518523194, 0.10909513542],
      [0.11546483263, 0.64189908911, 0.033557279814, 0.20907879844]
    ],
    [
      [0.84379489771, 0.12873193865, 0.01096928507, 0.016503878574],
      [0.013583744163, 0.13238104136, 0.6953749871, 0.15866022737],
      [0.063608366947, 0.69377928446, 0.033545568563, 0.20906678003],
      [0.12538351671, 0.48275741583, 0.031058724202, 0.36080034326]
    ],
    [
      [0.87939118222, 0.10650300329, 0.011273399071, 0.0028324154218],
      [0.025944082764, 0.12889399821, 0.80909061132, 0.036071307703],
      [0.10503921579, 0.78832847692, 0.054285237497, 0.05234706979],
      [0.19928649133, 0.64832854515, 0.045435459103, 0.10694950442]
    ],
    [
      [0.26661450565, 0.69455675668, 0.020082124084, 0.018746613591],
      [0, 0.23611637576, 0.68841514177, 0.075468482474],
      [0, 0.9171938023, 0.001870862726, 0.080935334973],
      [0.022283076742, 0.78844839369, 0.026022158535, 0.16324637103]
    ],
    [
      [0.86125308284, 0.12278400958, 0.0096084509489, 0.0063544566294],
      [0.030543457351, 0.14820880274, 0.74507569859, 0.076172041322],
      [0.10819009678, 0.7604266968, 0.033225642351, 0.098157564078],
      [0.1856641566, 0.59023511777, 0.037031157912, 0.18706956771]
    ],
    [
      [0.7052303912, 0.26680836641, 0.015662358155, 0.012298884241],
      [0.004933997467, 0.2073868485, 0.70458793571, 0.083091218321],
      [0.030137792673, 0.86006442401, 0.014908818736, 0.094888964585],
      [0.083981608612, 0.69437581926, 0.032986677431, 0.18865589469]
    ],
    [
      [0.63457041185, 0.31924783721, 0.027586042901, 0.018595708041],
      [0, 0.14901537682, 0.76777109264, 0.083213530542],
      [0.012584811593, 0.80790169919, 0.063766124369, 0.11574736485],
      [0.058467301223, 0.66558952139, 0.046752710785, 0.22919046661]
    ],
    [
      [0.84179351168, 0.13813994643, 0.012881314779, 0.0071852271045],
      [0.023274220124, 0.1404504844, 0.7630724597, 0.073202835776],
      [0.086989644555, 0.76701182526, 0.047389796335, 0.098608733854],
      [0.16801078915, 0.60270587807, 0.040998408397, 0.18828492439]
    ],
    [
      [0.80418616925, 0.17241936615, 0.015263987135, 0.0081304774645],
      [0.011372099661, 0.14979764011, 0.77137183099, 0.067458429234],
      [0.058366289956, 0.79534269293, 0.054466059599, 0.091824957515],
      [0.13470882776, 0.64221388185, 0.043518205578, 0.17955908481]
    ],
    [
      [0.79919457008, 0.17474466683, 0.015812836547, 0.010247926552],
      [0.010772317399, 0.15607927603, 0.7477676631, 0.085380743468],
      [0.056171222951, 0.78659218262, 0.045377671693, 0.11185892274],
      [0.12924549353, 0.61784000525, 0.040137620712, 0.2127768805]
    ],
    [
      [0.90189193744, 0.088697472248, 0.0058262178257, 0.0035843724816],
      [0.047536786152, 0.14116421883, 0.7468815693, 0.064417425719],
      [0.17725187356, 0.72062328387, 0.022393347817, 0.079731494755],
      [0.24943351024, 0.56108763616, 0.035244845874, 0.15423400772]
    ]
  ],
  "expected_outcome": [
    [
      [16.6648512887, 6.5897699313, 19.1635006449, 21.6462029038, 6.8452256355, 10.191019737, 52.4171027175, 45.5878099801, 34.1797280082, 50.6726832894, 32.6563444301, 14.8990609032, 41.3150359622, 28.3820796153, 118.0607934632, 16.3773547933, 69.0576103586, 122.9865714963, 93.7019572246, 0, 3.2678665336, 13.1554504291, 12.1942923697, 27.1939299866, 10, 16.6674094276, 42.1541160841, 47.7399955868, 19.8934373597, 19.1889916551, 0, 114.3128739507, 82.0903153365, 44.9702211311, 41.520144772, 15.8106823582, 53.9742476777, 33.4414762873, 21.0146781508, 14.8478269022, 29.6552486162, 31.909688167, 4.2189744885, 2.6381735467, 1.8663015395, 19.8088209052, 28.2092156479, 12.0568378251, 114.4839175889, 12.0627925388, 189.4091131078, 43.2908129973],
      [6.5385915108, 2.161857844, 9.8391179522, 3.1017902529, 12.8592714109, 2.6233951621, 7.0390976243, 6.7636682522, 8.8155647556, 10.2298554065, 7.4364121629, 2.0240365103, 6.6264667339, 5.6788189077, 21.6455379331, 3.2056595391, 10.3464822315, 24.6710613979, 17.3452816456, 0, 0.61976674077, 8.0697582417, 5.2017592327, 9.7685901818, 8.1302421985, 3.167489667, 7.6204891151, 15.4186864857, 7.3618661327, 5.2625303888, 0.76577168685, 19.9945941347, 14.3417992109, 6.345945648, 12.0265022535, 4.7885491965, 10.8578396634, 6.9657252717, 3.4672784546, 2.7493540105, 5.4587142591, 8.1262251463, 0.64365969323, 0.31950900986, 4.8618972967, 2.8240322205, 10.6723346562, 6.065708907, 18.7870327149, 2.5862904922, 41.4144860379, 4.2574786679],
      [0.52679279544, 0.10796367145, 0.54650212492, 0.12937560038, 0.18459004619, 0.0064632027978, 0.226289704, 0.35358865658, 0.57527315461, 0.59410197851, 0.28069181979, 0, 0.74965217947, 0.60452588038, 2.2661982032, 0.29832273362, 1.146872155, 3.4028459864, 1.2351159238, 0, 0.10511942591, 0.45301077169, 0.30999118203, 0.50932893903, 0.48783445055, 0, 0.80156483839, 1.0099260119, 0.44206703227, 0.30425659745, 0.1604351033, 1.5539750043, 0.72385515591, 0.33817634039, 0.69207838668, 0.25862976575, 0.53308554528, 0.21320896867, 0.38341690878, 0.23387790225, 0.45113762836, 0.51449430003, 0.054846425351, 0.033820197212, 0.14057486859, 0.22099437182, 0.62649432622, 0.52413481512, 1.75185881, 0.22895980703, 3.7476422616, 0.27965845563],
      [0.26976440515, 0.14040855327, 0.45087927798, 0.12263124292, 0.11091290746, 0.17912189811, 0.31750995421, 0.29493311111, 0.42943408157, 0.5033593256, 0.62655158728, 0.076902586471, 0.30884512446, 0.33457559669, 1.0274704006, 0.11866293392, 0.44903525485, 0.93952111944, 0.7176452061, 0, 0.0072472997314, 0.32178055751, 0.29395721557, 0.52815089255, 0.38192335097, 0.16510090534, 0.42382996243, 0.83139191563, 0.30262947537, 0.24422135865, 0.073793209854, 1.1385569103, 0.84403029668, 0.34565688052, 0.76127458776, 0.14213867954, 0.63482711356, 0.37958947231, 0.13462648575, 0.16894118505, 0.43489949632, 0.44959238663, 0.082519392869, 0.0084972462653, 0.13122629514, 0.14615250248, 0.49195536965, 0.35331845277, 0.97719088621, 0.12195716197, 2.4287585927, 0.17204987911]
    ],
    [
      [0, 0.64764907055, 0.69744934299, 1.4290607767, 0, 4.0678310222, 6.0313641528, 3.0025558688, 1.0442018113, 4.8965551226, 1.0212540681, 3.2617378519, 3.9998772825, 1.1091854059, 9.0570904836, 0.81613417294, 7.5367171526, 3.7049722593, 5.9023627143, 0, 0.036617470507, 0.26279051088, 0, 0.90171415283, 0, 2.365186496, 9.2004483608, 2.2791738342, 0.39126041426, 3.1850851287, 0, 6.0978295719, 5.7517854127, 6.5276146041, 1.7822946279, 0.34165424214, 1.8181395973, 5.2460072213, 4.8829435893, 5.7191202122, 3.8788976199, 1.797943386, 0.25809113909, 0.33727307593, 0, 2.962715363, 2.3337808019, 0, 18.9219409608, 1.2395588631, 6.9373724052, 6.227318986],
      [24.9554881238, 20.3818455809, 36.7046373319, 7.6652431661, 6.7063324051, 11.317046714, 23.9648979846, 14.410423861, 23.4186121958, 45.1669806832, 14.7776360921, 8.5453092947, 22.5236339771, 13.1707342984, 70.2637846353, 7.6998181439, 35.4261875474, 41.9578511224, 40.9215989964, 0.044661298628, 1.5819255667, 36.5761550544, 35.993081295, 47.2437326376, 23.4746370005, 7.2038408889, 86.4855035519, 107.0008781711, 28.41363879, 60.4627177692, 0, 42.248165768, 44.1732171146, 30.1284974993, 45.2282052893, 9.0041547844, 18.3999453251, 26.1046191475, 33.519714482, 56.1161889526, 33.5703043982, 31.2333923404, 2.5152397858, 1.6756219768, 3.3056292606, 14.3762538656, 98.0939793398, 23.2463987834, 114.1862438198, 16.3279427724, 100.515053765, 18.4925126665],
      [114.4262267377, 61.6992624864, 121.5626997826, 31.8105840855, 16.6913577778, 19.8524951221, 101.5718627552, 65.9270607978, 93.379940904, 179.6615884171, 51.3142447662, 30.7269296012, 134.4673249852, 70.2269952352, 387.2162725034, 38.7093843058, 211.5823005873, 247.0273322511, 187.5623484816, 1.8987756625, 13.1613485688, 120.2839264313, 123.4242348368, 152.7974539924, 89.5570996416, 19.811056809, 587.651424817, 406.7273257575, 101.926039611, 207.9702964339, 3.734897427, 201.2212111726, 170.8231237912, 131.2259985235, 162.7087220002, 32.2745813198, 69.8570527112, 74.7859894692, 234.0373684279, 295.3603090861, 164.1356577616, 121.4288066877, 13.212124755, 10.5181779472, 9.6378119848, 72.2723427631, 333.2700935923, 119.772290452, 620.3779097339, 84.079529578, 481.5623750367, 97.8414855784],
      [9.6182851384, 11.2712428621, 15.0352135425, 3.0951119716, 0.60230981709, 6.7626271417, 11.4318751074, 6.6599594724, 10.1572450889, 20.274875777, 10.8868650736, 3.4660232523, 11.0091637551, 7.4930850605, 33.4628523777, 2.7746633774, 16.4547947127, 16.3098443673, 16.6136898077, 0.056563038917, 0.22010839404, 12.8771280034, 17.5826838682, 22.0570992171, 10.9682633579, 3.6199158061, 52.6626232703, 50.9926222372, 10.2690611847, 24.3819006682, 0.26510257298, 23.4327934875, 24.2518736814, 16.1178893731, 25.2807780825, 2.3796096537, 9.9248623663, 12.8633841621, 14.5599735009, 33.8043817491, 25.4151402203, 15.5398575859, 3.0145443201, 0.46892700014, 1.0565587546, 7.3886880083, 39.302146266, 12.9813107645, 59.5139054856, 7.3529687865, 54.9851987932, 8.4386827692]
    ],
    [
      [4.4874450061, 5.1540823213, 10.5137615545, 18.4199685393, 0, 1.535898053, 43.9562946593, 27.7006786516, 11.4198707688, 31.1081415001, 10.7604075396, 10.6070595532, 25.3891079377, 9.8876272189, 60.8518646975, 6.5662053682, 46.8954429856, 35.8562564527, 40.8561239317, 0, 1.1141482425, 5.3127829191, 5.0396993831, 11.7379554181, 0, 6.6090927753, 40.0820406918, 26.5554725468, 7.2954388376, 20.5929856727, 0, 56.3440165049, 67.1847487861, 43.8027868196, 21.0903263593, 5.2169204906, 27.4116607922, 23.9720561564, 19.4567496196, 23.8909636696, 15.4464995408, 21.7892399745, 1.2721673389, 2.6259803947, 0, 19.2578372261, 22.7540334679, 4.2536663186, 93.6008575416, 13.5993455596, 62.5185711446, 62.7471632401],
      [211.2819085737, 128.97910215, 549.6241658986, 114.2065948275, 42.9060369759, 82.2423911244, 244.4634542049, 177.0235091329, 212.3927074911, 345.9578736053, 158.2555878112, 64.707241924, 214.2759124189, 124.4914214329, 621.331195086, 75.2017469034, 349.2828539133, 447.1645101484, 381.1956515428, 3.6648247097, 18.8633651091, 393.2943558799, 202.9711360862, 367.9168111287, 136.2956326538, 71.0473593027, 440.9129398295, 649.0110231492, 260.401882505, 367.0882465188, 2.2342283132, 493.4389913213, 581.6143382601, 281.9692852559, 464.8832735525, 135.2635556996, 296.649820498, 302.5466859054, 190.939244957, 268.6309883731, 167.692269193, 374.6063180379, 13.8755856893, 19.7082119231, 32.1017830805, 135.3559520296, 649.3486401252, 273.0707743258, 825.3047239752, 185.3148474528, 875.4770992567, 255.1006424893],
      [13.0474053067, 0, 8.5992732993, 1.6520533088, 0.011701592294, 0, 2.2080673465, 4.6726814582, 7.4144876233, 8.6403126072, 1.4673787873, 0, 16.1168724986, 8.6779433206, 43.540101981, 4.3465987312, 24.948572665, 39.2360776403, 15.2283064187, 0.86835876691, 2.4646532262, 5.888344841, 4.4580664212, 3.9364060206, 5.0812197854, 0, 36.6380791125, 21.1250817303, 6.655484184, 5.572423017, 1.1046674697, 21.9535850049, 9.5491696732, 5.6321955017, 9.5854707527, 2.9496162113, 5.804430826, 0, 16.2651901783, 16.1793310934, 8.3793514908, 10.7479650995, 0.67091137126, 1.3571309374, 0.065480195411, 5.9141643385, 11.2561581453, 21.5529500367, 50.9914208569, 12.6905918866, 50.5053485943, 7.9272451274],
      [21.1832411135, 19.8668155287, 60.2627992475, 11.7213833244, 1.0822614318, 13.2217108227, 29.3721837893, 20.6031307573, 24.7729341168, 41.2936722874, 31.5166258619, 6.6856985229, 25.2181071448, 17.9430080276, 73.2768382355, 6.8854489973, 38.8731304361, 42.7431557586, 39.7199181068, 0.46681652335, 0.55783342217, 37.5045163599, 27.5310981096, 47.4088274326, 16.6231475608, 9.343547922, 60.3669403662, 84.3084225737, 25.6471944734, 40.7463447914, 0.66110421717, 70.263407169, 83.6517432806, 38.5957324229, 70.4409293356, 9.5699075984, 42.1340878838, 39.4812579382, 18.3388152451, 40.2987168639, 32.4818797755, 49.8564768881, 4.1813356005, 1.3086767448, 2.8327367241, 17.4720464058, 71.6411682615, 39.1226093188, 106.1029976264, 21.3952151009, 124.4989810045, 28.2249491432]
    ],
    [
      [1.8477037052, 0.60849867685, 4.6252884575, 2.5047677802, 0.15477436453, 1.2052511879, 6.5952384704, 5.7089554994, 5.3561994117, 9.3226200879, 4.5619939622, 2.2321416918, 6.2959788176, 4.6211077599, 14.0302513558, 2.2403056655, 13.5102295032, 12.4521997917, 12.5395561294, 0, 0.58136775339, 2.2689761409, 1.7660082473, 5.1664004425, 0, 1.358311301, 9.5633948634, 8.4253580322, 2.4198633885, 4.0329375435, 0, 18.2452799725, 15.9731504647, 4.6993774452, 6.6072342408, 1.6307429091, 8.7959519328, 6.340460335, 4.6456286403, 4.542089216, 4.0193542231, 4.5031284726, 0.25076703342, 0.39857298265, 0.13369846045, 2.9706265056, 4.7029700823, 2.6894958563, 19.9932839087, 3.0983030385, 23.1349433424, 6.7347047765],
      [16.2240117917, 4.4771944251, 52.8320788174, 8.0263717535, 3.5283592081, 6.8171669995, 19.5325501862, 18.802398754, 30.3731155574, 40.6452903049, 22.5303639339, 6.723412271, 22.5739868701, 20.659025361, 56.7594823457, 9.8927754136, 44.9444763079, 56.2065773314, 50.5374678152, 1.2905139916, 2.9349425834, 31.059730824, 16.8340233861, 41.0708660519, 18.0994881472, 5.5813101414, 37.9810675035, 59.569412194, 19.8226125723, 24.1865053232, 0, 69.3182487761, 59.8706454144, 14.5562715968, 41.8620189046, 10.9437403195, 38.0923945134, 28.3829696755, 17.0737621064, 18.5034686637, 16.2787121497, 25.0340644754, 0.96551483166, 1.2966570903, 4.7306903622, 9.4437618843, 38.8850458788, 30.6171179838, 71.7219994901, 14.7709192826, 110.5933609405, 15.1493661763],
      [0.99957516017, 0.19277384213, 2.2915247931, 0.40798700529, 0.11235058371, 0.14104167514, 0.99378019434, 1.0466690874, 1.6302983181, 2.1039969972, 0.93768462675, 0.27307039881, 1.6661503367, 1.4905355639, 3.9774273123, 0.64569422943, 3.3222545926, 4.3337441222, 2.974229176, 0.23286557063, 0.26887877912, 1.374717956, 0.80770756004, 1.7568110479, 0.87384612245, 0.18894319101, 2.9089312321, 3.1376665003, 0.97640917271, 1.1530239516, 0, 4.2712288182, 2.9038513796, 0.80362963445, 2.0137288605, 0.51717270315, 1.8054309175, 1.0008015622, 1.314024485, 1.2264819183, 1.0338531193, 1.3087339128, 0.062117448404, 0.090870918205, 0.15613295121, 0.59249852659, 1.8472539361, 2.1506246961, 4.8788105993, 1.0009187283, 7.1846341074, 0.95161083861],
      [3.9287093429, 1.7215330559, 14.251107932, 2.060873461, 0.20451584368, 2.8365401375, 5.878431149, 5.4419766592, 8.6403867127, 11.92809261, 10.9699574772, 1.7713756384, 6.4638839756, 7.2293313152, 16.2328389862, 2.2212246914, 12.2230395963, 13.0074787547, 12.9487468794, 0.47662043773, 0.21481088406, 7.2965750791, 5.5922608066, 13.0059224577, 5.0266657303, 1.8714353666, 12.546606401, 18.8675632735, 4.7811148665, 6.6275331817, 0, 24.1652424332, 21.2523527413, 4.9407213236, 15.5170179942, 1.9083440683, 13.3062226363, 9.2757684274, 3.9665847683, 6.727960202, 7.6680805078, 8.1540731393, 0.72160068652, 0.21389900884, 0.97947822618, 2.9931130834, 10.5647301028, 10.5427614638, 22.4059060018, 4.1298589506, 38.0870616096, 4.1643182086]
    ]
  ],
  "prob": [
    [0.8001840147, 0.17791845083, 0.013024374392, 0.0088731600767],
    [0.015771827262, 0.1644067576, 0.73920140585, 0.080620009284],
    [0.063849481916, 0.80373564645, 0.031716941104, 0.10069793053],
    [0.13264995147, 0.63493704101, 0.036732967152, 0.19568004037]
  ],
  "iterations": 93,
  "time": 0.000634,
  "message": "Converged",
  "status": 0,
  "miniter": 0,
  "maxiter": 1000,
  "maxtime": 3600,
  "param_threshold": 0.001,
  "ll_threshold": "-Inf",
  "initial_prob": "group_proportional",
  "adjust_prob_cond_method": "project_lp",
  "adjust_prob_cond_every": false,
  "candidates_id": ["Green Party.p", "Labour Party.p", "National Party.p", "Other parties votes.p"],
  "group_id": ["JAMIESON, Philippa Ruth Glennie.c", "RICH, Katherine.c", "HODGSON, Peter Colin.c", "Other candidates votes.c"]
}
