{
  "Z_true": {},
  "V_true": [
    [1686, 4909, 901, 78],
    [611, 7476, 289, 213],
    [386, 796, 12976, 246],
    [99, 693, 252, 357],
    [121, 447, 620, 325]
  ],
  "p_true": [
    [0.2226, 0.6481, 0.119, 0.0103],
    [0.0711, 0.8704, 0.0336, 0.0248],
    [0.0268, 0.0553, 0.9009, 0.0171],
    [0.0707, 0.4946, 0.1799, 0.2548],
    [0.08, 0.2954, 0.4098, 0.2148]
  ],
  "Z_est": [
    [
      [86.9724, 40.2252, 34.8207, 51.2429, 1.6751, 49.5072, 6.4434, 5.6167, 10.6986, 2.4614, 2.8627, 15.721, 92.3255, 29.5995, 14.792, 33.0782, 31.0549, 14.5026, 49.8692, 8.3645, 24.8183, 17.9651, 14.4243, 0.789, 1.5157, 1.8297, 5.4443, 14.3625, 23.4265, 4.2771, 5.1273, 2.4533, 3.6552, 52.8575, 12.8157, 13.7891, 6.2178, 8.9506, 101.9826, 21.6321, 55.8324, 38.7291, 38.1819, 40.6684, 67.9465, 1.4574, 28.3235, 44.9584, 214.255, 12.8595, 68.5354, 363.0031, 116.2843],
      [212.9809, 84.3785, 76.8585, 148.321, 1.8741, 202.001, 12.4018, 48.2534, 22.1344, 4.9783, 7.7949, 16.9284, 367.5513, 111.0875, 66.4382, 231.148, 170.1505, 49.6998, 138.3742, 33.3741, 83.3485, 55.2744, 25.6843, 2.8522, 1.9866, 5.4025, 8.0301, 66.8918, 59.2232, 9.6744, 14.4936, 2.0559, 2.841, 230.89, 29.8094, 49.7015, 47.1478, 44.51, 121.1685, 37.5241, 58.6924, 56.1429, 54.1524, 46.5044, 93.0359, 5.6412, 79.4335, 189.0459, 581.8239, 15.0751, 98.6326, 610.4395, 176.4883],
      [26.456, 8.4503, 12.3203, 12.7405, 0.3525, 20.6683, 0.8753, 4.0221, 6.4282, 2.5603, 1.7589, 2.7554, 28.1633, 9.5997, 2.538, 16.7737, 7.136, 4.5025, 25.5633, 2.7503, 10.7339, 4.1116, 1.4292, 0, 0.4783, 0.7678, 0.3496, 5.5564, 6.6366, 0.8299, 2.1999, 0.4517, 0.5038, 30.5107, 2.1237, 8.5094, 3.9446, 6.053, 17.7405, 5.9105, 6.0083, 5.9823, 7.2986, 6.4184, 9.7848, 0.7704, 14.3627, 16.2781, 62.317, 2.8866, 10.7784, 54.8043, 16.578],
      [4.5907, 1.946, 2.0005, 2.6956, 0.0984, 1.8235, 0.2795, 1.1079, 0.7388, 0, 0.5834, 0.5951, 2.9599, 1.7133, 0.2318, 0, 1.6587, 0.2951, 2.1934, 0.5112, 1.0992, 0.6488, 0.4623, 0.3588, 0.0194, 0, 0.176, 1.1893, 0.7137, 0.2186, 0.1793, 0.0391, 0, 2.7418, 0.2513, 0, 0.6899, 0.4863, 2.1084, 0.9333, 1.4669, 1.1457, 1.3672, 0.4088, 2.2329, 0.1309, 0.8802, 1.7176, 9.6041, 0.1788, 2.0535, 10.7531, 2.6494]
    ],
    [
      [7.6641, 4.8363, 4.8439, 5.8683, 0.1675, 3.2939, 0.6912, 0, 0.7457, 0.1387, 0.0779, 1.1544, 4.8328, 2.9475, 1.0366, 0, 1.0626, 1.7441, 4.0366, 0.9657, 1.8485, 1.364, 1.7468, 0, 0.3868, 0.1535, 0.3275, 0.3976, 1.5796, 0.2804, 0.447, 0.3734, 0.7617, 2.995, 1.0835, 1.1946, 0, 0, 7.0431, 1.4922, 4.7411, 2.5528, 3.2859, 3.432, 3.8961, 0.1582, 1.9754, 3.7863, 17.0037, 1.2517, 5.9795, 28.0364, 7.3055],
      [342.9924, 183.3491, 194.9724, 311.9857, 4.7615, 337.6985, 25.2817, 53.5676, 26.7375, 2.5201, 4.066, 27.8306, 442.366, 247.1057, 88.3049, 314.3901, 342.0207, 112.6038, 207.9754, 79.1689, 119.585, 76.2576, 61.1479, 0, 10.6102, 5.5756, 10.147, 103.411, 72.3722, 11.8694, 23.6286, 7.8128, 15.4182, 285.5935, 44.832, 61.7068, 84.8062, 72.6136, 175.5519, 48.7857, 109.8154, 75.533, 97.5787, 84.0358, 114.3341, 10.0761, 101.0719, 359.5626, 856.1735, 29.0813, 171.3761, 919.5582, 225.6376],
      [11.0676, 4.922, 8.2209, 6.9643, 0.2131, 9.0767, 0.388, 1.8486, 1.9472, 0.3413, 0.2205, 1.1958, 9.0708, 5.5556, 0.9315, 6.9734, 4.1488, 2.6861, 10.0064, 1.6493, 3.9545, 1.4374, 0.7768, 0, 0.6457, 0.271, 0.0957, 2.2619, 2.0634, 0.2322, 0.9122, 0.4218, 0.8201, 9.871, 0.7859, 2.7767, 1.9637, 2.5512, 6.8234, 1.958, 2.9481, 2.0708, 3.467, 3.1304, 3.1298, 0.3159, 4.6852, 8.2262, 23.5906, 1.4508, 4.8682, 21.3745, 5.4921],
      [28.2758, 17.8927, 18.9628, 21.1818, 0.8579, 11.931, 1.6391, 9.5838, 2.5696, 0, 0.6356, 2.8192, 14.7304, 13.3912, 1.727, 1.6365, 11.7679, 2.9659, 11.9815, 4.2161, 5.612, 2.941, 3.3285, 0, 0.3573, 0, 0.4298, 5.9295, 2.9849, 0.618, 1.0122, 0.3919, 0, 12.5405, 1.2987, 1.322, 4.2301, 2.8351, 10.5816, 3.7641, 9.4954, 4.8434, 8.6683, 3.4018, 9.6401, 0.4499, 4.2675, 12.4249, 51.2321, 1.2162, 12.7762, 59.0309, 11.5648]
    ],
    [
      [3.8549, 2.1958, 2.6326, 2.4982, 0.1573, 0, 0.4684, 0, 0.6431, 0.3126, 0.0471, 0, 1.2091, 0.6814, 0.6278, 0, 0.5543, 0.6491, 2.6349, 0.3894, 0.7434, 0.9311, 0.8369, 0.211, 0.4, 0.0168, 0.4037, 0, 0.8709, 0.2933, 0.5846, 0.1732, 0, 0, 0.7668, 0, 0, 0, 0.2144, 0.504, 0.3505, 0.6704, 0.5042, 0.1488, 0.7518, 0.0685, 0.8177, 0.4024, 9.0409, 0.346, 2.0213, 13.8915, 2.3375],
      [34.6299, 17.1677, 19.0444, 27.4756, 0.3645, 30.8094, 3.0789, 11.6814, 0.8971, 0.2184, 0, 1.699, 44.3654, 18.6391, 11.1556, 38.7679, 32.2826, 9.2233, 29.3064, 11.2341, 17.8788, 9.8281, 6.1934, 0.1478, 0.318, 0.0219, 2.8509, 7.0447, 7.0757, 1.5962, 4.342, 0.1313, 0.345, 36.3707, 5.5231, 11.8836, 8.7712, 11.193, 16.3987, 3.3082, 14.947, 8.9168, 4.9285, 7.8892, 8.8826, 0.1607, 7.5349, 48.336, 98.4613, 2.7494, 23.2135, 133.7194, 27.8013],
      [628.7597, 240.5007, 462.7619, 349.7801, 28.4344, 439.0803, 40.3524, 95.3832, 78.1643, 7.469, 12.5122, 41.5105, 480.8627, 238.9624, 63.4978, 388.2321, 194.3175, 123.5939, 876.456, 143.8122, 340.1923, 115.6922, 57.5842, 4, 34.1366, 2.9612, 26.8733, 88.3889, 124.8977, 29.359, 114.0236, 29.1265, 11.655, 688.364, 65.0943, 304.1164, 119.2214, 231.0695, 315.0448, 86.9296, 195.5818, 137.1554, 96.0358, 139.2592, 129.8815, 12.5033, 205.6716, 588.293, 1559.736, 89.4036, 355.8651, 1704.5688, 366.8881],
      [8.7554, 4.1359, 5.5611, 6.2461, 1.0438, 3.1103, 1.1004, 0.9354, 1.2954, 0, 0.4406, 0.7905, 4.5628, 3.7171, 0.7189, 0, 3.8456, 0.5336, 6.6027, 2.5642, 3.1855, 1.5486, 1.3854, 0.6412, 0.1454, 0, 0.8721, 1.5664, 1.1556, 0.7516, 1.0498, 0.569, 0, 5.2653, 0.6158, 0, 2.0075, 1.7375, 3.3421, 1.2582, 4.1206, 2.2574, 1.5315, 0.7028, 2.4842, 0.2676, 0.9758, 4.9686, 20.7618, 0.5011, 5.9001, 28.8203, 4.9731]
    ],
    [
      [20.9983, 8.6643, 13.2509, 22.5916, 0, 17.3027, 2.1717, 1.3283, 5.3943, 1.0874, 0, 10.6128, 19.8094, 10.0455, 7.0093, 13.1268, 16.2073, 2.56, 14.8693, 5.0951, 9.0119, 3.2118, 0.5997, 0, 0.5243, 0, 0.6868, 2.9659, 4.5279, 2.0002, 2.6923, 0, 1.4599, 16.0332, 2.1999, 2.6244, 4.4759, 4.8867, 42.3988, 11.0495, 26.2509, 23.9302, 26.4788, 18.8413, 31.9726, 0.3159, 2.5131, 12.7223, 78.1275, 1.1425, 19.9564, 78.4901, 5.9098],
      [5.811, 2.0477, 3.2977, 7.3756, 0, 7.862, 0.4513, 0.9591, 1.2294, 0.2832, 0, 1.259, 8.7599, 4.2161, 3.4956, 8.7934, 9.7475, 0.9771, 4.6541, 2.2529, 3.3941, 1.1054, 0.1175, 0, 0.0688, 0, 0.1041, 1.5008, 1.2848, 0.4804, 0.8341, 0, 0.1477, 7.4252, 0.5662, 1.0501, 2.9645, 2.5735, 5.6468, 2.1306, 3.1125, 3.8828, 4.2236, 2.4095, 4.9187, 0.122, 0.7934, 5.9803, 23.9842, 0.1474, 3.2208, 14.8496, 0.9957],
      [14.1324, 3.9944, 10.3602, 12.4332, 0, 15.7399, 0.6773, 1.3584, 7.3916, 3.6294, 0, 3.966, 12.9639, 7.1702, 2.5785, 11.9676, 7.8495, 1.7502, 16.8159, 3.7112, 8.6388, 1.6414, 0.1344, 0, 0.3462, 0, 0.1058, 2.4647, 2.8727, 0.9098, 2.5618, 0, 0.3924, 19.4337, 0.8233, 3.5494, 5.0188, 6.9984, 15.6379, 6.7332, 6.1076, 8.1222, 11.0263, 6.2672, 9.9901, 0.4104, 2.8473, 10.0517, 50.4123, 0.5554, 6.8798, 26.0823, 1.8389],
      [12.0583, 5.2936, 8.0912, 12.5996, 0, 7.0954, 0.6996, 5.3543, 2.9847, 0, 0, 3.1621, 7.4668, 5.5682, 1.9167, 4.1122, 8.1957, 0.7126, 6.6607, 2.9408, 3.9552, 1.0414, 0.1484, 0, 0.0606, 0, 0.1033, 2.0686, 1.3146, 0.6096, 0.9118, 0, 0, 8.1079, 0.4106, 0.7761, 3.5408, 2.5414, 8.3165, 4.0866, 6.529, 6.0648, 9.2713, 2.482, 10.1187, 0.1516, 0.8462, 5.2456, 35.4761, 0.1548, 5.943, 23.578, 1.2556]
    ],
    [
      [2.5103, 1.0784, 1.4518, 1.799, 0, 0.8962, 0.2253, 0.0551, 0.5182, 0, 0.0123, 0.5117, 1.8232, 0.726, 0.5344, 0.795, 1.1209, 0.5442, 1.59, 0.1853, 0.578, 0.528, 0.3922, 0, 0.1731, 0, 0.1376, 0.2741, 0.5951, 0.149, 0.1488, 0, 0.1232, 1.1143, 0.1342, 0.392, 0.3064, 0.1627, 2.3612, 0.3221, 0.8251, 1.1175, 0.5492, 0.9095, 1.4332, 0, 0.3703, 1.1306, 5.5729, 0.4003, 2.5074, 9.579, 2.163],
      [24.5857, 9.0571, 12.827, 20.8421, 0, 14.6291, 1.7863, 1.5385, 4.0016, 0, 0.139, 2.2829, 28.9573, 10.9516, 9.6058, 19.9005, 24.7988, 7.4959, 17.6899, 2.9701, 7.7935, 6.5345, 2.8569, 0, 1.0163, 0, 0.8679, 5.1516, 6.0441, 1.3797, 1.7018, 0, 0.248, 18.7206, 1.2694, 5.658, 8.3103, 3.1098, 11.234, 2.2515, 3.4326, 6.5244, 3.1168, 4.161, 7.8288, 0, 4.1662, 19.0752, 60.5571, 1.9469, 14.557, 64.4333, 13.077],
      [37.5842, 11.1326, 25.3367, 22.0819, 0, 18.4348, 1.7071, 1.3878, 15.0686, 0, 0.5083, 4.5724, 26.9393, 11.7122, 4.4542, 17.0532, 12.5482, 8.4671, 40.1584, 3.077, 12.4804, 6.1173, 2.0755, 0, 3.3932, 0, 0.5756, 5.3281, 8.5296, 1.6692, 3.3025, 0, 0.6288, 30.8206, 1.1728, 12.0481, 8.8516, 5.3279, 19.7534, 4.4688, 4.3543, 8.6694, 5.1723, 6.9248, 10.2138, 0, 9.4332, 20.1509, 79.9441, 4.7036, 19.6085, 71.1702, 15.203],
      [23.3198, 10.7319, 14.3844, 16.277, 0, 6.0399, 1.2813, 4.0186, 4.4115, 0, 0.3404, 2.633, 11.2802, 6.6102, 2.4057, 4.2513, 9.5321, 2.4927, 11.5617, 1.7677, 4.1481, 2.8201, 1.6754, 0, 0.4174, 0, 0.4188, 3.2462, 2.8313, 0.8021, 0.8469, 0, 0, 9.3445, 0.4237, 1.9019, 4.5317, 1.3996, 7.6514, 1.9577, 3.388, 4.6887, 3.1617, 2.0047, 7.5242, 0, 2.0303, 7.6432, 40.9259, 0.9491, 12.3271, 46.8176, 7.557]
    ]
  ],
  "V_est": [
    [2011.2021, 4970.3467, 519.5236, 72.9276],
    [152.9873, 7795.2579, 212.8004, 427.9544],
    [57.8576, 880.8039, 13304.0168, 161.3218],
    [630.1257, 173.5079, 357.3438, 240.0226],
    [50.8273, 501.0836, 644.3154, 316.7737]
  ],
  "p_est": [
    [0.2655, 0.6562, 0.0686, 0.0096],
    [0.0178, 0.9076, 0.0248, 0.0498],
    [0.004, 0.0611, 0.9236, 0.0112],
    [0.4498, 0.1238, 0.2551, 0.1713],
    [0.0336, 0.3312, 0.4259, 0.2094]
  ],
  "EI_Z": {},
  "EI_V": 6.1182,
  "MAE_Z": {},
  "MAE_V": 204.845,
  "MAE_p": 0.0648,
  "runtime": 1.24
}
