{
  "Z_true": {},
  "V_true": [
    [45, 714, 37, 42, 97, 1831, 323, 46],
    [26, 16, 722, 35, 176, 148, 793, 34],
    [185, 141, 313, 198, 1026, 473, 9379, 209],
    [96, 228, 54, 105, 246, 5534, 290, 79],
    [61, 77, 47, 1073, 287, 893, 547, 62],
    [685, 37, 16, 38, 145, 765, 520, 50],
    [41, 42, 105, 37, 553, 187, 603, 316]
  ],
  "p_true": [
    [0.0144, 0.2278, 0.0118, 0.0134, 0.0309, 0.5841, 0.103, 0.0147],
    [0.0133, 0.0082, 0.3703, 0.0179, 0.0903, 0.0759, 0.4067, 0.0174],
    [0.0155, 0.0118, 0.0262, 0.0166, 0.086, 0.0397, 0.7866, 0.0175],
    [0.0145, 0.0344, 0.0081, 0.0158, 0.0371, 0.8344, 0.0437, 0.0119],
    [0.02, 0.0253, 0.0154, 0.3521, 0.0942, 0.2931, 0.1795, 0.0203],
    [0.3036, 0.0164, 0.0071, 0.0168, 0.0643, 0.3391, 0.2305, 0.0222],
    [0.0218, 0.0223, 0.0557, 0.0196, 0.2935, 0.0993, 0.3201, 0.1677]
  ],
  "Z_est": {},
  "V_est": [
    [0, 0, 0, 0, 0, 3135, 0, 0],
    [0, 434.2094, 1117.7485, 0, 0, 0, 398.0421, 0],
    [0, 0, 176.2515, 420.0614, 0, 0, 10903.4169, 424.2702],
    [0, 609.3431, 0, 0, 0, 6022.6569, 0, 0],
    [245.4249, 0, 0, 923.1357, 858.5261, 673.3431, 346.5702, 0],
    [637.9384, 191.3506, 0, 184.803, 1241.908, 0, 0, 0],
    [255.6367, 20.0969, 0, 0, 429.5658, 0, 806.9707, 371.7298]
  ],
  "p_est": [
    [0, 0, 0, 0, 0, 1, 0, 0],
    [0, 0.2227, 0.5732, 0, 0, 0, 0.2041, 0],
    [0, 0, 0.0148, 0.0352, 0, 0, 0.9144, 0.0356],
    [0, 0.0919, 0, 0, 0, 0.9081, 0, 0],
    [0.0805, 0, 0, 0.303, 0.2818, 0.221, 0.1137, 0],
    [0.2828, 0.0848, 0, 0.0819, 0.5505, 0, 0, 0],
    [0.1357, 0.0107, 0, 0, 0.228, 0, 0.4283, 0.1973]
  ],
  "EI_Z": {},
  "EI_V": 24.5817,
  "MAE_Z": {},
  "MAE_V": 270.6449,
  "MAE_p": 0.0803,
  "runtime": 0.0196
}
