{
  "Z_true": {},
  "V_true": [
    [443, 43, 29, 447, 353, 45],
    [26, 40, 52, 74, 772, 250],
    [81, 180, 161, 162, 12764, 581],
    [188, 129, 152, 2249, 605, 231],
    [57, 71, 1289, 463, 910, 138],
    [40, 1016, 44, 351, 519, 112],
    [40, 61, 84, 143, 898, 821]
  ],
  "p_true": [
    [0.3257, 0.0316, 0.0213, 0.3287, 0.2596, 0.0331],
    [0.0214, 0.0329, 0.0428, 0.061, 0.6359, 0.2059],
    [0.0058, 0.0129, 0.0116, 0.0116, 0.9164, 0.0417],
    [0.0529, 0.0363, 0.0428, 0.6328, 0.1702, 0.065],
    [0.0195, 0.0242, 0.4402, 0.1581, 0.3108, 0.0471],
    [0.0192, 0.488, 0.0211, 0.1686, 0.2493, 0.0538],
    [0.0195, 0.0298, 0.041, 0.0699, 0.4387, 0.4011]
  ],
  "Z_est": [
    [
      [0, 0.8561, 12.3262, 12.6317, 11.6762, 1.8152, 10.7846, 15.8341, 0, 12.6122, 14.2924, 4.3479, 5.6321, 8.3193, 17.9743, 19.6865, 0.5452, 0.428, 2.2077, 7.0547, 11.0741, 6.3372, 13.1788, 7.5503, 21.1287, 22.6348, 19.7735, 26.2261, 20.015, 0.4796, 7.2448, 3.2183, 33.2578, 2.1917],
      [0, 0.0016, 0.111, 0.0872, 0.1173, 0.1069, 0.0951, 0.1205, 0.0095, 0.0428, 0.1442, 0.0285, 0.0555, 0.0428, 0.0777, 0.1236, 0.0063, 0.0016, 0.0032, 0.0618, 0.0745, 0.065, 0.0666, 0.065, 0.1617, 0.1141, 0.1157, 0.1839, 0.0935, 0.0254, 0.0856, 0.0079, 0.214, 0.0016],
      [0, 0.0057, 0.0708, 0.0524, 0.0708, 0.0142, 0.0552, 0.0779, 0.0085, 0.034, 0.0623, 0.0212, 0.0297, 0.041, 0.092, 0.1033, 0.0014, 0.0028, 0.0071, 0.051, 0.0453, 0.058, 0.0495, 0.0467, 0.143, 0.1486, 0.1147, 0.1401, 0.1302, 0.0042, 0.0651, 0.017, 0.1458, 0.0156],
      [0, 1.2379, 24.6255, 15.2439, 22.2928, 4.2538, 18.7573, 26.0412, 3.7944, 7.9227, 23.2892, 6.6935, 11.146, 13.1381, 28.1899, 33.5955, 0.3059, 1.1238, 1.814, 14.5237, 14.2834, 19.8242, 16.7638, 16.1254, 52.1171, 46.229, 35.0755, 45.9297, 43.3333, 2.0673, 21.4106, 5.719, 48.2343, 4.9729],
      [0, 1.6212, 12.774, 8.9163, 15.7504, 3.7915, 9.2357, 12.8246, 2.1765, 3.3439, 6.1305, 3.881, 4.0978, 7.4051, 18.5459, 19.3559, 0.1393, 0.44, 0.9588, 14.2422, 6.4636, 14.6397, 4.8765, 9.1516, 27.2627, 35.6792, 25.7707, 26.337, 28.2577, 0.418, 17.1088, 3.0156, 20.9576, 3.7979],
      [0, 0.2776, 0.0925, 0.0685, 0.0925, 0.0185, 0.0722, 0.1018, 0.0111, 0.0444, 0.0814, 0.0278, 0.0389, 0.0537, 0.1203, 0.1351, 0.0019, 0.0037, 0.0093, 0.0666, 0.0592, 0.0759, 0.0648, 0.0611, 0.1869, 0.1943, 0.1499, 0.1832, 0.1703, 0.0056, 0.0851, 0.0222, 0.1906, 0.0204]
    ],
    [
      [0, 0.1572, 2.2796, 1.7294, 3.3801, 1.3363, 2.0438, 3.8518, 0, 2.5154, 2.594, 1.4935, 2.7513, 3.3015, 3.2229, 4.7164, 0.1572, 0.1289, 0.0786, 2.9871, 1.6508, 3.8518, 4.795, 2.594, 6.3672, 6.996, 3.7731, 3.6159, 4.795, 0.0786, 2.201, 0.7075, 13.5204, 0.8647],
      [0.309, 0.0047, 0.1418, 0.1101, 0.1707, 0.0565, 0.1235, 0.1834, 0.0147, 0.0897, 0.1765, 0.0559, 0.1054, 0.1065, 0.1341, 0.2046, 0.0087, 0.0148, 0.0043, 0.1157, 0.0978, 0.1369, 0.1584, 0.11, 0.2718, 0.2453, 0.1777, 0.2316, 0.181, 0.023, 0.1189, 0.0218, 0.4685, 0.0013],
      [0, 0.0071, 0.127, 0.0851, 0.1645, 0.0602, 0.1063, 0.1966, 0.1767, 0.1171, 0.1433, 0.0677, 0.1286, 0.1455, 0.1519, 0.226, 0.0071, 0.6169, 0.0035, 0.1325, 0.0878, 0.1715, 0.2069, 0.1144, 0.3075, 0.3228, 0.1872, 0.1948, 0.2312, 0.0031, 0.1122, 0.0369, 0.6069, 0.0352],
      [0.4113, 0.1475, 3.7525, 1.869, 3.4438, 1.7528, 2.8873, 4.3096, 0.7854, 2.6416, 4.2415, 1.2156, 2.5011, 2.5672, 3.7903, 5.2706, 0.2365, 0.3957, 0.1178, 2.1488, 2.0158, 3.7097, 4.9919, 2.8476, 8.9802, 7.0116, 4.6152, 6.2145, 6.5176, 0.5083, 3.1054, 0.9017, 10.2815, 0.661],
      [0.2797, 1.0427, 14.1686, 11.7609, 24.0617, 9.253, 12.7664, 27.3322, 1.8277, 17.1876, 16.1188, 11.2155, 19.5211, 25.0679, 22.4472, 33.0606, 1.0936, 4.9132, 0.4321, 22.9136, 11.1522, 28.6943, 35.9477, 18.8454, 43.4479, 51.9041, 26.0522, 22.5853, 32.9652, 0.1672, 14.9001, 4.4913, 100.8975, 6.474],
      [0, 0.6409, 8.5304, 6.4455, 11.7793, 4.5412, 8.0726, 13.1265, 1.1955, 9.4486, 9.7258, 4.9519, 9.9927, 10.8114, 11.2535, 16.5219, 0.497, 1.9305, 0.3636, 9.7023, 5.9956, 12.4359, 14.9, 8.4885, 21.6255, 22.5201, 13.1945, 13.1579, 16.31, 0.2197, 7.5625, 2.8408, 46.2252, 2.9638]
    ],
    [
      [0, 0.1367, 3.5259, 2.9217, 4.1067, 0.0085, 4.52, 6.2984, 0, 9.2074, 5.3675, 1.822, 0.0297, 2.9076, 10.5444, 8.3564, 1.5589, 0.0021, 1.6484, 1.21, 8.0001, 0.0276, 7.0088, 1.1799, 1.2695, 4.6339, 7.716, 14.2015, 3.8596, 0.0021, 0.0319, 1.1112, 13.055, 0.0106],
      [0.0569, 0.0136, 8.027, 6.3397, 10.7337, 2.1376, 6.5102, 13.545, 0.0814, 2.1306, 13.1506, 2.1221, 4.5751, 1.0122, 4.4576, 10.6829, 1.2251, 0.0731, 0.8632, 5.5102, 5.4562, 0.6512, 5.9012, 3.8002, 1.3844, 0.9773, 6.5839, 11.9913, 0.8008, 6.5318, 3.8385, 0.0679, 18.1379, 0.0136],
      [0, 0.2751, 16.5304, 0.5486, 9.0588, 1.9406, 2.421, 21.0303, 0.7552, 7.0741, 9.9056, 2.4331, 5.5507, 3.5771, 7.5794, 11.9697, 0, 1.7707, 0.0518, 4.9425, 6.4871, 0.0008, 2.2669, 0.0005, 10.2077, 10.8655, 9.3934, 11.5094, 10.4406, 9.6903, 5.2243, 2.9307, 31.8816, 0],
      [0.4508, 0.179, 13.8581, 2.4703, 8.7411, 0.7518, 5.6012, 7.8946, 1.6537, 12.2232, 10.5684, 1.4145, 6.8487, 4.8527, 10.0541, 14.3668, 0.3741, 2.1008, 0.179, 2.0765, 2.8283, 9.8203, 20.065, 10.056, 60.5221, 14.8797, 6.4801, 25.7012, 26.4834, 1.4687, 13.6699, 2.2803, 23.0958, 0.6802],
      [2.4923, 9.3881, 546.3255, 272.6421, 494.5601, 165.0066, 365.7678, 574.0898, 39.1439, 405.6138, 522.977, 179.7175, 405.0958, 267.1127, 367.6176, 547.953, 17.8917, 10.2983, 16.0193, 189.4839, 300.2475, 374.0853, 330.5945, 310.7436, 873.1077, 712.1373, 448.2674, 539.8283, 657.9778, 127.0414, 287.6526, 138.8387, 1137.2196, 53.5699],
      [0, 5.0075, 48.7331, 38.0776, 54.7996, 17.1548, 57.1798, 52.1419, 7.3658, 59.7508, 57.0309, 17.4909, 55.8999, 34.5376, 53.7469, 78.6712, 0.9501, 2.755, 3.2382, 29.7769, 29.9808, 32.4147, 24.1636, 26.2198, 77.5086, 55.5063, 61.5592, 68.7684, 62.4379, 35.2657, 28.5829, 21.7713, 198.6102, 12.7256]
    ],
    [
      [0, 0.4685, 10.1727, 14.1511, 7.3229, 0.6896, 8.0783, 12.0107, 0, 9.0045, 12.7115, 2.797, 4.717, 5.4176, 11.2898, 13.8214, 1.5849, 0.3627, 1.8135, 3.9396, 6.7911, 1.926, 8.3337, 5.7458, 17.2129, 15.943, 14.438, 17.761, 15.8912, 0.2187, 4.476, 2.5288, 21.6505, 1.6731],
      [0.0445, 0.0052, 3.1078, 3.3326, 1.9529, 2.2789, 2.2889, 3.3435, 0.0312, 2.032, 3.9328, 0.6731, 1.5454, 1.2822, 2.5554, 3.6095, 0.921, 0.1074, 0.1126, 3.262, 1.5056, 1.8492, 1.8033, 1.6959, 3.7306, 3.736, 3.379, 4.5912, 3.1304, 0.8671, 1.9851, 0.026, 5.1331, 0.0052],
      [0, 0.3576, 14.3017, 6.4234, 11.5571, 2.7374, 9.8968, 16.9647, 2.005, 6.9773, 15.9525, 3.2674, 7.5272, 5.6167, 9.5696, 15.2436, 0.3715, 0.9518, 0.1924, 5.3229, 8.5498, 7.3315, 6.5519, 4.1007, 21.63, 17.8056, 14.7068, 20.1108, 16.4288, 5.4748, 10.6626, 3.4463, 26.9693, 0.3285],
      [1.4532, 2.3774, 85.5607, 29.0025, 54.1945, 10.5089, 62.1461, 88.0702, 15.1511, 54.3478, 102.6534, 18.7122, 42.925, 37.4419, 74.0505, 101.676, 7.0297, 3.4711, 2.1308, 24.9892, 40.3107, 62.6924, 57.3815, 51.5483, 173.9709, 125.9587, 92.7971, 134.3183, 137.9223, 23.44, 60.8335, 19.4581, 146.1004, 10.4533],
      [0.5023, 0.7425, 45.897, 20.1894, 15.8525, 6.5053, 32.1775, 50.5046, 8.4129, 37.2869, 65.2782, 8.1364, 22.0998, 16.4258, 35.8911, 51.3607, 3.9223, 1.0339, 1.6775, 7.9262, 15.9419, 21.032, 17.7973, 22.85, 59.0586, 63.7564, 48.5363, 54.3698, 74.5714, 13.8045, 20.8253, 11.4306, 56.9812, 15.1989],
      [0, 0.0487, 1.9602, 0.901, 1.1201, 0.28, 1.4123, 2.1063, 1.3997, 1.3514, 2.4716, 0.414, 1.1857, 0.8157, 1.6437, 2.2889, 0.1705, 0.0731, 0.0731, 0.5601, 0.901, 1.1688, 1.1323, 1.0592, 3.3969, 2.8003, 2.1428, 2.849, 3.056, 2.1948, 1.2175, 1.1102, 3.1656, 0.3409]
    ],
    [
      [0, 0.0031, 0.1293, 0.0916, 0.1297, 0.0014, 0.1517, 0.1833, 0, 0.0829, 0.2104, 0.0403, 0.005, 0.0709, 0.1123, 0.1959, 0.0073, 0.0051, 0.0057, 0.0538, 0.116, 0.0046, 0.0981, 0.078, 0.2781, 0.2431, 0.1979, 0.2579, 0.2269, 0.052, 0.1075, 0.0463, 0.2607, 0.0076],
      [0, 0.0368, 1.8579, 1.2509, 1.8763, 1.9823, 2.2258, 2.6489, 0, 1.1037, 3.0904, 0.5703, 1.5636, 0.9934, 1.5084, 2.7961, 0.092, 0.0736, 0.0552, 0.7542, 3.2669, 2.0971, 1.3429, 1.1221, 4.0838, 3.5135, 2.8329, 3.6791, 3.2928, 0.8094, 1.6004, 0, 3.6055, 0.0059],
      [0, 0.96, 43.6135, 22.5579, 38.5306, 9.8804, 36.8726, 55.2142, 7.0834, 22.1947, 55.6086, 11.0558, 27.2413, 18.9669, 30.6688, 52.1006, 1.357, 2.526, 0.7447, 16.899, 30.3367, 27.6305, 23.2195, 14.9829, 74.5755, 62.4766, 51.3222, 68.8828, 57.4119, 17.6436, 32.0258, 12.8781, 83.6516, 1.357],
      [0, 0.3929, 14.8882, 7.7063, 12.6506, 1.175, 13.5572, 17.2079, 3.2973, 8.7647, 19.8521, 3.8234, 9.451, 7.2503, 12.8065, 19.6747, 0.7863, 0.2262, 0.4494, 5.5639, 7.8986, 16.0741, 11.0666, 11.8573, 33.4253, 24.6779, 18.8366, 26.6977, 25.0625, 4.3347, 12.1381, 4.1067, 27.5346, 1.3459],
      [0, 0.5988, 40.2246, 36.1977, 48.5208, 16.8728, 67.8534, 68.3496, 11.5595, 27.6641, 88.7812, 15.4203, 46.4895, 26.5579, 36.6628, 76.7999, 2.7441, 1.1563, 1.7352, 17.6044, 48.1359, 67.8836, 37.0669, 32.7878, 109.0234, 99.5664, 80.3847, 99.9364, 92.5142, 21.0302, 40.8893, 19.8626, 80.3178, 2.2617],
      [0, 0.0084, 0.2865, 0.1957, 0.292, 0.088, 0.3393, 0.396, 0.0597, 0.19, 0.4572, 0.0899, 0.2496, 0.1607, 0.2412, 0.4328, 0.0133, 0.0129, 0.0099, 0.1246, 0.2459, 0.3101, 0.206, 0.1719, 0.6139, 0.5224, 0.4257, 0.5461, 0.4918, 0.13, 0.239, 0.1062, 0.6298, 0.0218]
    ],
    [
      [0, 0.2838, 0.0801, 0.0605, 0.0818, 0.0153, 0.069, 0.0681, 0, 0.0298, 0.0928, 0.0204, 0.0358, 0.0366, 0.0579, 0.0801, 0.0017, 0.0009, 0, 0.0366, 0.0485, 0.0571, 0.0434, 0.0502, 0.1499, 0.0996, 0.086, 0.1371, 0.0801, 0.0077, 0.0707, 0.0094, 0.1473, 0.0017],
      [1.3253, 0.8753, 52.2998, 40.3869, 54.4555, 13.0966, 44.9343, 51.3339, 5.484, 19.8622, 64.729, 13.4062, 24.9148, 21.8384, 37.1533, 55.6231, 1.4941, 0.6624, 0, 26.8235, 33.6052, 33.5829, 30.0459, 31.6067, 85.8494, 58.8122, 55.2752, 87.9598, 47.7302, 6.7232, 42.9358, 4.562, 98.8171, 0.9095],
      [0, 0.3942, 12.3517, 9.3295, 12.6145, 2.3652, 10.6435, 10.5121, 1.971, 4.5991, 14.3228, 3.1536, 5.5189, 5.6503, 8.9353, 12.3517, 0.2628, 0.1314, 0, 5.6503, 7.4899, 8.8039, 6.7015, 7.7527, 23.1267, 15.374, 13.2715, 21.1556, 12.3517, 1.1826, 10.9063, 1.6778, 22.7325, 0.2628],
      [0.6747, 0.649, 20.7651, 12.4739, 21.2647, 2.4888, 16.646, 17.9347, 4.2059, 9.7757, 23.7762, 5.0167, 9.8469, 9.4977, 16.6224, 22.7543, 0.2377, 0.2034, 0, 8.5031, 11.3954, 15.4505, 13.3151, 13.2127, 42.737, 28.4127, 22.5915, 35.221, 26.7912, 1.0695, 17.4103, 3.4134, 37.7586, 0.8222],
      [0, 0.7921, 8.3269, 8.616, 7.4034, 0.0002, 8.5552, 0.001, 3.311, 0.6676, 5.8747, 2.358, 1.6049, 5.8963, 5.1035, 3.0143, 0, 0, 0, 1.9059, 4.3541, 8.9799, 0.7983, 6.2669, 23.8067, 14.0818, 9.5861, 16.2243, 6.8704, 0.0001, 11.5212, 1.3168, 13.2199, 0],
      [0, 0.0056, 0.1764, 0.1332, 0.1802, 0.0338, 0.152, 0.1501, 0.0281, 0.0657, 0.2046, 0.045, 0.0788, 0.0807, 0.1276, 0.1764, 0.0038, 0.0019, 0, 0.0807, 0.107, 0.1257, 0.0957, 0.1107, 0.3303, 0.2196, 0.1895, 0.3021, 0.1764, 0.0169, 0.1558, 0.0206, 0.3247, 0.0038]
    ],
    [
      [0, 0.0946, 1.4862, 1.4142, 1.3027, 0.1337, 1.3526, 1.7537, 0, 1.5477, 1.7313, 0.4788, 0.8292, 0.9464, 1.7985, 2.1434, 0.1448, 0.0723, 0.2461, 0.7182, 1.3194, 0.7958, 1.5421, 0.8017, 2.5938, 2.4495, 2.0155, 2.8005, 2.1322, 0.1613, 0.8682, 0.3785, 4.1082, 0.2505],
      [0.2644, 0.0629, 4.4547, 3.4927, 4.6936, 1.3412, 3.8222, 4.8248, 0.3791, 1.739, 5.7765, 1.1441, 2.2403, 1.7245, 3.1135, 4.9602, 0.2528, 0.0671, 0.9614, 2.4726, 2.9938, 2.6176, 2.6817, 2.6001, 6.5184, 4.6016, 4.6355, 7.3632, 3.7714, 1.0201, 3.4358, 0.3144, 8.6239, 0.0629],
      [0, 0.0003, 0.0049, 0.0032, 0.0037, 0.0019, 0.0046, 0.0042, 0.0002, 0.0038, 0.005, 0.0011, 0.0037, 0.0025, 0.003, 0.0051, 0.0001, 0.0004, 0.0005, 0.0019, 0.0035, 0.0037, 0.0038, 0.002, 0.0097, 0.0069, 0.0042, 0.0064, 0.0057, 0.0013, 0.0037, 0.0132, 0.0125, 0.0008],
      [0.01, 0.0164, 0.55, 0.234, 0.4126, 0.0689, 0.4048, 0.5418, 0.1122, 0.3243, 0.6191, 0.1241, 0.2812, 0.2521, 0.4862, 0.6621, 0.0298, 1.4789, 0.3089, 0.1948, 0.2678, 0.4288, 0.416, 0.3527, 1.2473, 0.8303, 0.604, 0.9177, 0.8898, 0.1114, 0.4323, 0.1208, 0.995, 0.0644],
      [0.7256, 3.8146, 65.2834, 40.6775, 46.8512, 26.5706, 60.6441, 53.8982, 1.5684, 51.2361, 64.8396, 14.2713, 49.0911, 32.5343, 36.7319, 65.4555, 1.209, 4.1583, 5.1771, 22.9237, 47.7049, 49.6852, 50.9187, 25.3547, 132.2929, 92.8748, 52.4025, 81.719, 75.8434, 16.5385, 50.1028, 15.0443, 164.4065, 11.6976],
      [0, 1.0112, 15.2208, 10.1785, 12.7362, 5.8837, 14.7718, 13.9773, 0.94, 13.1491, 16.0285, 3.9806, 12.5545, 8.5402, 10.8668, 17.7737, 0.3635, 1.223, 1.306, 6.6889, 10.7106, 11.4689, 11.4376, 6.8887, 29.338, 21.237, 14.3384, 20.1933, 18.3576, 5.1674, 11.1572, 4.1286, 43.8539, 2.9238]
    ]
  ],
  "V_est": [
    [353.3348, 2.5115, 1.925, 630.0745, 369.3669, 2.7872],
    [94.5362, 4.3741, 5.282, 106.8481, 674.9886, 327.9711],
    [126.28, 159.3839, 218.3135, 324.6906, 11690.5086, 1409.8234],
    [254.9432, 69.8567, 299.3341, 1955.0776, 927.9771, 46.8113],
    [3.4542, 55.7321, 1012.4707, 384.5808, 1463.4537, 8.3085],
    [2.0399, 1149.1137, 273.5474, 472.938, 180.4575, 3.9034],
    [40.4116, 99.028, 0.1272, 14.7904, 1514.2476, 378.3952]
  ],
  "p_est": [
    [0.2598, 0.0018, 0.0014, 0.4633, 0.2716, 0.002],
    [0.0779, 0.0036, 0.0044, 0.088, 0.556, 0.2702],
    [0.0091, 0.0114, 0.0157, 0.0233, 0.8393, 0.1012],
    [0.0717, 0.0197, 0.0842, 0.5501, 0.2611, 0.0132],
    [0.0012, 0.019, 0.3458, 0.1313, 0.4998, 0.0028],
    [0.001, 0.5519, 0.1314, 0.2272, 0.0867, 0.0019],
    [0.0197, 0.0484, 0.0001, 0.0072, 0.7397, 0.1849]
  ],
  "EI_Z": {},
  "EI_V": 13.6568,
  "MAE_Z": {},
  "MAE_V": 176.3285,
  "MAE_p": 0.0603,
  "runtime": 1.795
}
