{
  "Z_true": {},
  "V_true": [
    [111, 444, 470, 118, 11359, 585],
    [479, 140, 62, 6030, 574, 524],
    [18, 28, 18, 108, 562, 427],
    [5, 3, 558, 17, 246, 20],
    [266, 348, 30, 512, 770, 613]
  ],
  "p_true": [
    [0.0085, 0.0339, 0.0359, 0.009, 0.868, 0.0447],
    [0.0613, 0.0179, 0.0079, 0.7722, 0.0735, 0.0671],
    [0.0155, 0.0241, 0.0155, 0.093, 0.4841, 0.3678],
    [0.0059, 0.0035, 0.6572, 0.02, 0.2898, 0.0236],
    [0.1048, 0.1371, 0.0118, 0.2017, 0.3033, 0.2414]
  ],
  "Z_est": [
    [
      [0.4324, 0.4992, 0, 0, 0, 1, 0, 0, 0, 0.0677, 0.0945, 0, 0, 0, 0.1775, 1.4074, 0.5552, 0.8137, 0.2439, 6.4341, 0.3103, 0, 0, 0, 0, 0, 0, 0.4317, 0.023, 0, 0, 0.0153, 0, 0, 3.1599, 0, 2.2466, 0.0651],
      [0.0841, 0.019, 0.0952, 0.019, 0.6944, 3.5236, 0.3428, 0.6418, 2.1797, 0.0381, 0.0476, 1.748, 0.5754, 2.7281, 0.6253, 2.7116, 0.1333, 0.3047, 1.2653, 2.8511, 1.6184, 2.7015, 1.5713, 0.2743, 0.0762, 0.2476, 0.2285, 1.3772, 0.4745, 0, 0.1619, 0.1259, 16.8947, 0.0571, 0.676, 0.9615, 11.6607, 0.2376],
      [0, 0, 4.1788, 3.6122, 2.6392, 7.0219, 12.5183, 15.572, 5.2352, 0.2199, 0.8797, 15.6026, 0.2199, 34.807, 1.3196, 6.4807, 10.6864, 6.1237, 5.3683, 5.9382, 1.5715, 8.559, 26.5573, 26.0981, 4.332, 1.0997, 18.4753, 12.7108, 0, 0.6529, 10.6423, 0, 3.0791, 0.2199, 13.636, 6.5091, 62.3964, 1.0997],
      [0.0546, 0.2798, 2.1698, 0.637, 2.4465, 12.83, 7.566, 0.2307, 1.1135, 0.2392, 0.1505, 0.6802, 2.2428, 0.637, 0.2658, 2.202, 1.8047, 10.4942, 0.4165, 1.9398, 0.4213, 0.5618, 0.4865, 0.4213, 2.5109, 2.5505, 3.0269, 0.4514, 0.176, 1.7172, 3.307, 0.3253, 9.4378, 0.2709, 10.9363, 1.3296, 3.4323, 0.2143],
      [12.1085, 17.5611, 239.0057, 107.6792, 68.2799, 726.3684, 583.1215, 317.3979, 485.5398, 48.8327, 69.3848, 402.0423, 19.6415, 617.1617, 132.5273, 484.0535, 267.1712, 364.2534, 175.9836, 576.4849, 226.2685, 337.8565, 559.2223, 523.4266, 182.2351, 369.5383, 367.0877, 311.3708, 16.7351, 16.6112, 289.4648, 10.0726, 465.5746, 83.6564, 977.5495, 222.9214, 1283.6216, 48.4221],
      [0.3204, 0.6408, 11.5505, 4.0526, 2.94, 32.2562, 42.4514, 14.1575, 24.9318, 3.6024, 3.4429, 11.9269, 0.3204, 26.6662, 4.0845, 27.1449, 10.6492, 25.0103, 7.7225, 14.3519, 12.81, 14.3212, 8.1626, 29.7797, 3.8459, 36.564, 21.1816, 11.6581, 0.5914, 6.0187, 30.424, 1.4608, 19.0138, 7.7957, 44.0423, 2.2784, 57.6424, 0.9612]
    ],
    [
      [2.6299, 2.7548, 5.0182, 0, 0, 49.8634, 19.0971, 0.2846, 11.8169, 2.6691, 4.125, 2.2769, 0.2846, 5.3576, 7.2861, 78.1592, 7.1614, 14.2144, 9.282, 25.8235, 9.2674, 3.2809, 4.9609, 6.6656, 4.3045, 10.2827, 7.8882, 7.512, 0.5505, 0.5689, 8.3098, 0.5485, 20.817, 0.8538, 37.9983, 3.2723, 34.9708, 3.8784],
      [0.7707, 0.1221, 0.6103, 0.1221, 0.5601, 8.0326, 5.1823, 1.2687, 6.156, 0.5932, 0.3051, 3.4731, 1.9243, 5.1253, 1.8014, 19.7892, 0.8544, 2.9159, 1.5423, 7.1176, 3.0177, 6.0812, 2.373, 2.3715, 0.4882, 1.5867, 2.3444, 2.1191, 1.2933, 0, 1.0375, 0.1392, 12.2201, 0.3662, 5.4505, 2.2506, 11.0129, 0.5192],
      [0, 0, 0.2543, 1.3634, 0.1606, 0.3613, 4.179, 2.3637, 2.1988, 0.0134, 0.0535, 3.5313, 0.0134, 5.8319, 0.0803, 1.6047, 1.4085, 1.8272, 1.5481, 2.8593, 0.8018, 1.2447, 8.9055, 10.7626, 0.6342, 0.0669, 2.0621, 1.5662, 0, 0.1368, 2.5644, 0, 2.4522, 0.0134, 3.0112, 0.9533, 6.7388, 0.0669],
      [31.885, 45.6677, 142.8971, 39.8763, 15.1633, 1103.0315, 403.6492, 44.7256, 219.2274, 36.3912, 29.3859, 117.6911, 26.3374, 124.0667, 51.8636, 706.4129, 110.39, 188.6509, 65.704, 357.5322, 82.1848, 110.0405, 94.6666, 81.7486, 55.7328, 158.2193, 107.0876, 88.1502, 19.7907, 14.2171, 172.6109, 8.6361, 405.9938, 53.0364, 622.2634, 76.6094, 521.3131, 67.9526],
      [1.5585, 2.151, 5.5656, 4.8219, 0.6026, 58.2372, 30.9794, 1.9988, 32.7703, 3.3073, 10.27, 10.4297, 0.288, 12.9816, 8.5649, 41.9631, 4.6311, 7.8343, 8.0704, 26.5789, 4.8479, 22.3289, 10.448, 9.7518, 2.3042, 6.5936, 4.5375, 5.0631, 1.264, 0.5672, 10.7512, 0.4906, 25.6607, 5.4137, 33.6104, 5.701, 35.9453, 5.1262],
      [0.156, 0.3045, 2.6546, 0.8163, 0.5134, 8.4739, 7.913, 2.3586, 4.8306, 2.0257, 0.8604, 2.5979, 0.1522, 4.6369, 1.4038, 7.0709, 2.5546, 5.5573, 1.8531, 6.0885, 2.8805, 3.0238, 2.6461, 4.6998, 1.536, 9.2508, 4.0802, 2.5894, 0.1015, 0.51, 4.7261, 0.1856, 6.8562, 4.3165, 11.6662, 1.2134, 12.0191, 0.4567]
    ],
    [
      [0.0016, 0, 6.8249e-07, 0, 0, 5.3917e-06, 2.457e-06, 1.365e-06, 3.6855e-06, 1.365e-07, 6.1424e-07, 1.9792e-06, 6.8249e-08, 1.9792e-06, 1.5697e-06, 5.8012e-06, 3.276e-06, 2.3205e-06, 1.0237e-06, 4.8457e-06, 2.0475e-06, 1.8427e-06, 1.638e-06, 2.5935e-06, 8.8724e-07, 3.6855e-06, 2.3205e-06, 1.365e-06, 1.365e-07, 2.0475e-07, 2.457e-06, 0.0008, 6.9614e-06, 1.2285e-06, 8.3947e-06, 1.2285e-06, 4.1632e-06, 2.73e-07],
      [0.9539, 0, 2.8562, 0.7415, 1.2186, 22.5638, 10.2822, 4.5093, 11.8143, 0.9722, 1.7685, 7.0799, 0.3413, 9.0849, 4.7647, 25.2801, 4.8645, 9.31, 4.0838, 17.0708, 7.3655, 8.3132, 6.6543, 8.0464, 2.7105, 9.8092, 7.706, 5.5119, 0.7717, 0, 6.4726, 0.2856, 27.7295, 2.7351, 24.7047, 4.3391, 23.8389, 1.5435],
      [0, 0, 0.0714, 0.0466, 0.0016, 0.1534, 0.1523, 0.2129, 0.1167, 0.0049, 0.0133, 0.1901, 0.0041, 0.437, 0.0385, 0.1149, 1.0157, 0.104, 0.0621, 0.147, 0.0474, 0.0817, 0.3629, 0.3441, 0.0571, 0.06, 0.1841, 0.1428, 0, 0.0178, 0.1123, 0, 0.1285, 0.0033, 0.3055, 0.0979, 0.6629, 0.0199],
      [0.0124, 0, 0.0618, 0.0841, 0.0124, 0.4886, 0.7238, 0.1903, 0.6554, 0.0124, 0.0991, 0.3531, 0.0062, 0.3633, 0.219, 1.5596, 2.5424, 0.5028, 0.1898, 0.9662, 0.3072, 0.3292, 0.2889, 0.3567, 0.1731, 1.5671, 0.3725, 0.254, 0.014, 0.0417, 0.479, 0.0192, 1.239, 0.4346, 1.6889, 0.2257, 0.3773, 0.0247],
      [0.6795, 0, 3.3973, 1.805, 0.6795, 37.5853, 12.2301, 10.414, 31.7181, 0.6795, 5.4807, 16.3956, 0.3397, 10.6929, 14.9367, 42.3073, 33.76, 14.2063, 7.3577, 41.5755, 16.5488, 12.6769, 11.7561, 20.0821, 7.1935, 30.5716, 17.8896, 9.3296, 0.9498, 1.7679, 19.2992, 0.3857, 59.328, 10.7866, 74.7443, 10.9573, 20.7233, 1.4419],
      [0.3527, 0, 3.6133, 1.3229, 0.088, 18.2089, 12.6115, 4.6735, 9.6955, 0.331, 1.6383, 4.9813, 0.3087, 8.4218, 3.0411, 15.7381, 5.8174, 9.8769, 3.3066, 11.2404, 5.7311, 5.599, 4.9377, 9.1708, 2.8657, 11.9921, 7.8479, 4.7617, 0.2644, 1.1726, 9.6369, 0.3087, 13.575, 4.0405, 21.5565, 2.38, 15.3977, 0.97]
    ],
    [
      [0, 0, 0.1005, 0, 0, 0.1051, 0.0914, 0, 0.0777, 0.4552, 0.885, 0.16, 0.0046, 0.4661, 0.0274, 0.0229, 0.1508, 0.0777, 0.0366, 0.096, 0.0229, 0.0366, 0.3702, 0.2925, 0.0411, 0.0229, 0.1234, 0.1234, 0, 0.0046, 0.0503, 0, 0.0366, 0.0091, 0.2605, 0.1005, 0.5987, 0.0836],
      [0, 0, 0.0567, 0.0212, 0.4575, 0.1238, 0.0769, 0.1077, 0.0704, 0.0081, 0.0176, 0.0969, 0.0069, 0.2502, 0.0261, 0.0107, 0.0841, 0.0667, 0.0304, 0.0969, 0.0334, 0.0172, 0.1957, 0.1601, 0.0269, 0.0352, 0.0806, 0.0759, 0, 0, 0.0396, 0, 0.1067, 0.0099, 0.1893, 0.0605, 0.369, 0.0185],
      [0, 0, 14.4948, 7.9197, 9.1449, 18.3453, 19.6525, 37.4088, 14.147, 0.7617, 3.0532, 30.4791, 0.7476, 82.5824, 4.4858, 4.9216, 26.684, 14.4345, 7.8614, 17.425, 4.3131, 7.8746, 66.8822, 56.4724, 8.166, 3.7381, 25.9355, 23.3482, 0, 0.9865, 10.8115, 0, 7.7059, 0.7633, 44.0521, 17.3102, 113.1753, 3.8133],
      [0, 0, 3.2993, 0.0904, 2.1707, 0.1054, 0.0916, 0.2568, 0.3443, 0.0536, 0.0635, 0.3044, 0.0394, 0.6197, 0.0911, 0.0229, 0.2904, 0.3203, 0.0367, 0.533, 0.1237, 0.0367, 0.4875, 0.394, 0.118, 0.2209, 0.2581, 0.2317, 0, 0.0046, 0.0504, 0, 0.0367, 0.074, 1.0304, 0.1956, 1.2374, 0.9004],
      [0, 0, 3.96, 0.9376, 2.1926, 4.0739, 0.0548, 6.1007, 2.2364, 0.7019, 1.9533, 3.8498, 0.1962, 17.8128, 1.3311, 0.0137, 5.684, 1.9542, 0.0219, 2.6996, 0.4363, 0.0219, 12.8764, 6.4696, 0.6007, 0.8384, 0.4681, 3.1215, 0, 0.0027, 0.0301, 0, 0.0219, 0.6584, 11.1454, 4.2746, 15.1594, 1.163],
      [0, 0, 0.0886, 0.031, 0.0342, 0.2465, 0.0329, 0.126, 0.1242, 0.0195, 0.0274, 0.11, 0.0054, 0.2688, 0.0386, 0.0082, 0.1067, 0.1467, 0.0131, 0.1495, 0.0707, 0.0131, 0.188, 0.2114, 0.0473, 0.1444, 0.1343, 0.0993, 0, 0.0016, 0.0181, 0, 0.0923, 0.4852, 0.3223, 0.0586, 0.4601, 0.0211]
    ],
    [
      [2.9361, 2.746, 7.8813, 0, 0, 47.0315, 19.8115, 0.7154, 12.1054, 2.808, 3.8955, 5.5632, 0.7108, 11.1763, 6.509, 49.4106, 8.1326, 18.8941, 7.4375, 27.6464, 10.3994, 7.6826, 9.669, 11.0419, 6.6544, 13.6944, 11.9884, 8.933, 0.4265, 0.4265, 9.6399, 0.4354, 24.1465, 2.137, 40.5813, 4.6271, 40.1839, 3.9728],
      [2.1913, 1.8589, 6.3816, 1.0962, 4.0694, 44.7562, 20.1158, 7.4724, 15.7796, 2.3884, 2.8611, 10.6021, 2.1521, 15.8115, 6.7826, 42.2084, 8.0637, 19.4027, 7.0782, 27.8636, 11.9651, 12.8869, 12.2057, 13.1477, 4.6982, 14.3212, 13.6405, 9.9159, 0.4604, 0, 9.2884, 0.4493, 38.049, 2.8317, 39.9794, 6.3884, 46.1185, 3.6811],
      [0, 0, 0.0007, 0.0581, 0.0536, 1.118, 0.4979, 3.4425, 0.3023, 0, 0.0002, 0.1969, 0.0149, 0.3416, 0.0759, 0.8782, 0.2054, 0.5106, 0.1601, 0.6304, 0.2662, 0.24, 0.2921, 0.3227, 0.8106, 0.0353, 0.3431, 0.2319, 0, 0.206, 0.8695, 0, 0.6344, 0, 0.9953, 0.1295, 1.0265, 0.0002],
      [1.048, 2.0525, 2.572, 0.3121, 0.2071, 7.5445, 2.9694, 0.5966, 0.6594, 0.3037, 0.301, 0.9712, 0.3742, 1.3133, 0.5605, 3.8026, 0.9725, 2.0318, 0.6531, 3.0288, 0.963, 1.0319, 1.0705, 1.0794, 5.4652, 2.4422, 1.2549, 0.9127, 0.0194, 0.0194, 0.5527, 0.0194, 3.2926, 0.1842, 5.081, 0.6397, 4.64, 1.908],
      [3.6536, 2.2879, 10.0714, 4.7563, 2.2454, 43.7353, 6.6142, 6.0887, 1.7354, 1.4785, 1.9113, 4.2826, 0.5346, 6.351, 4.64, 15.6624, 5.7536, 19.7518, 3.5664, 22.661, 7.8985, 5.1159, 13.6972, 5.2699, 7.6665, 3.4581, 11.0171, 7.1151, 0.051, 0.051, 1.4547, 0.051, 13.4148, 0.4849, 31.9504, 5.1457, 27.5504, 5.8468],
      [2.171, 5.0548, 24.093, 6.7772, 5.4244, 107.8145, 61.9912, 21.6844, 37.418, 7.0214, 8.031, 22.3839, 2.2133, 41.0063, 14.432, 86.0378, 22.8722, 54.4089, 17.1046, 60.1697, 28.5077, 27.0428, 28.0656, 41.1383, 17.7051, 51.0488, 38.756, 24.8915, 1.0426, 1.297, 35.1949, 1.0449, 63.4627, 13.3621, 105.4126, 12.0696, 110.4807, 6.5911]
    ]
  ],
  "V_est": [
    [17.9776, 59.9731, 336.0627, 89.978, 12006.2337, 576.7749],
    [414.0351, 122.938, 71.6339, 6600.8029, 464.0101, 135.5801],
    [0.0025, 288.0983, 5.5149, 17.2355, 612.6728, 237.476],
    [4.9336, 3.0274, 709.8975, 14.1334, 113.0628, 3.9454],
    [442.0513, 488.9633, 14.891, 62.8503, 315.0205, 1215.2236]
  ],
  "p_est": [
    [0.0014, 0.0046, 0.0257, 0.0069, 0.9174, 0.0441],
    [0.053, 0.0157, 0.0092, 0.8453, 0.0594, 0.0174],
    [2.1398e-06, 0.2481, 0.0048, 0.0148, 0.5277, 0.2045],
    [0.0058, 0.0036, 0.8362, 0.0166, 0.1332, 0.0046],
    [0.1741, 0.1926, 0.0059, 0.0248, 0.1241, 0.4786]
  ],
  "EI_Z": {},
  "EI_V": 10.2559,
  "MAE_Z": {},
  "MAE_V": 173.9736,
  "MAE_p": 0.0622,
  "runtime": 0.8091
}
