{
  "X": [
    [20, 43, 117, 157, 34],
    [16, 10, 13, 147, 4],
    [38, 25, 103, 169, 30],
    [2, 2, 5, 8, 5],
    [9, 21, 28, 119, 7],
    [15, 6, 15, 58, 7],
    [53, 56, 168, 402, 43],
    [39, 23, 113, 168, 17],
    [113, 56, 251, 653, 39],
    [9, 10, 31, 46, 2],
    [7, 7, 22, 34, 12],
    [13, 8, 37, 89, 6],
    [9, 3, 20, 8, 9],
    [15, 13, 28, 149, 14],
    [40, 48, 130, 212, 22],
    [28, 11, 37, 126, 5],
    [79, 17, 138, 176, 34],
    [78, 28, 167, 234, 36],
    [1, 7, 12, 9, 2],
    [16, 8, 44, 88, 2],
    [62, 54, 152, 337, 56],
    [94, 52, 313, 524, 93],
    [37, 92, 86, 302, 17],
    [4, 6, 6, 26, 3],
    [4, 5, 11, 26, 4],
    [38, 25, 125, 201, 40],
    [122, 221, 454, 1288, 76],
    [44, 93, 214, 729, 41],
    [7, 51, 51, 37, 6],
    [3, 3, 7, 16, 4],
    [78, 117, 313, 550, 40],
    [58, 90, 191, 401, 42],
    [13, 6, 6, 88, 3],
    [16, 1, 6, 62, 5],
    [9, 6, 33, 45, 3],
    [4, 0, 5, 1, 1],
    [55, 41, 196, 347, 33],
    [0, 1, 2, 8, 0],
    [1, 2, 11, 13, 1],
    [21, 10, 99, 58, 29],
    [7, 8, 27, 12, 1],
    [3, 5, 12, 26, 7],
    [16, 11, 39, 41, 8],
    [27, 9, 39, 106, 9],
    [2, 1, 1, 26, 2],
    [24, 18, 78, 244, 17],
    [7, 1, 2, 19, 2],
    [26, 28, 86, 86, 21],
    [30, 41, 81, 174, 20],
    [7, 10, 12, 49, 6],
    [6, 28, 7, 37, 11],
    [0, 1, 5, 1, 2],
    [85, 92, 237, 683, 30],
    [13, 10, 31, 135, 12],
    [11, 4, 10, 41, 1],
    [13, 20, 53, 82, 8],
    [3, 4, 13, 5, 6],
    [33, 30, 92, 353, 31],
    [0, 2, 6, 6, 7],
    [17, 43, 43, 48, 5],
    [4, 2, 5, 15, 3],
    [8, 5, 7, 28, 4],
    [43, 16, 98, 179, 14],
    [6, 6, 9, 28, 8],
    [22, 33, 62, 67, 12],
    [1, 2, 7, 6, 6],
    [3, 8, 5, 81, 6],
    [42, 15, 108, 287, 32],
    [48, 85, 163, 272, 25],
    [0, 4, 2, 13, 1],
    [15, 10, 32, 29, 8],
    [44, 55, 158, 303, 26],
    [3, 2, 5, 57, 3],
    [2, 11, 10, 47, 7],
    [13, 15, 32, 101, 10],
    [13, 6, 13, 100, 6],
    [7, 6, 8, 28, 3],
    [6, 5, 8, 25, 5],
    [0, 0, 3, 2, 5],
    [0, 2, 14, 11, 6],
    [55, 31, 95, 226, 20],
    [3, 12, 16, 40, 5],
    [7, 4, 41, 52, 7],
    [15, 16, 25, 81, 8],
    [37, 19, 59, 136, 15],
    [14, 9, 31, 59, 7],
    [10, 6, 15, 66, 4],
    [10, 3, 22, 41, 5],
    [6, 7, 24, 79, 3],
    [9, 9, 7, 65, 1],
    [4, 0, 1, 1, 2],
    [8, 8, 7, 2, 1],
    [9, 37, 47, 39, 5],
    [5, 13, 26, 77, 7],
    [13, 2, 16, 45, 5],
    [52, 88, 199, 731, 34],
    [11, 8, 33, 54, 6],
    [15, 23, 45, 112, 6],
    [10, 9, 15, 24, 3],
    [21, 15, 41, 92, 3],
    [3, 9, 9, 11, 8],
    [18, 4, 54, 80, 7],
    [152, 188, 515, 1314, 107],
    [25, 35, 76, 170, 24],
    [142, 233, 438, 852, 144],
    [13, 44, 62, 164, 11]
  ],
  "W": [
    [26, 132, 148, 33, 32],
    [7, 20, 133, 20, 10],
    [5, 114, 168, 45, 33],
    [1, 10, 4, 3, 4],
    [15, 39, 107, 14, 9],
    [4, 23, 54, 14, 6],
    [33, 244, 326, 68, 51],
    [9, 152, 139, 45, 15],
    [39, 340, 514, 133, 86],
    [5, 38, 38, 12, 5],
    [3, 31, 24, 14, 10],
    [6, 42, 81, 14, 10],
    [1, 25, 6, 7, 10],
    [14, 29, 141, 23, 12],
    [27, 162, 187, 48, 28],
    [17, 37, 109, 29, 15],
    [16, 171, 150, 67, 40],
    [15, 219, 185, 70, 54],
    [3, 16, 9, 2, 1],
    [7, 46, 78, 23, 4],
    [26, 205, 280, 86, 64],
    [33, 366, 440, 135, 102],
    [67, 117, 275, 44, 31],
    [3, 11, 25, 3, 3],
    [5, 15, 19, 6, 5],
    [21, 150, 158, 48, 52],
    [165, 632, 1053, 169, 142],
    [65, 316, 591, 74, 75],
    [42, 57, 38, 10, 5],
    [4, 6, 16, 3, 4],
    [84, 337, 519, 84, 74],
    [60, 231, 357, 80, 54],
    [2, 17, 82, 14, 1],
    [2, 10, 61, 14, 3],
    [6, 31, 37, 8, 14],
    [1, 4, 1, 4, 1],
    [23, 225, 301, 60, 63],
    [0, 4, 6, 1, 0],
    [0, 11, 14, 2, 1],
    [6, 123, 40, 25, 23],
    [3, 33, 13, 5, 1],
    [6, 13, 23, 5, 6],
    [6, 44, 46, 15, 4],
    [12, 47, 90, 24, 17],
    [1, 3, 24, 2, 2],
    [16, 106, 195, 32, 32],
    [0, 1, 18, 3, 9],
    [30, 95, 78, 28, 16],
    [27, 102, 164, 29, 24],
    [10, 14, 46, 8, 6],
    [21, 21, 29, 9, 9],
    [2, 7, 0, 0, 0],
    [56, 317, 579, 107, 68],
    [6, 50, 113, 14, 18],
    [0, 14, 41, 8, 4],
    [22, 48, 69, 27, 10],
    [0, 15, 4, 3, 9],
    [25, 100, 304, 46, 64],
    [5, 6, 7, 0, 3],
    [36, 51, 30, 22, 17],
    [0, 8, 14, 5, 2],
    [4, 11, 24, 9, 4],
    [12, 109, 171, 41, 17],
    [6, 10, 24, 9, 8],
    [28, 88, 43, 18, 19],
    [2, 12, 4, 0, 4],
    [1, 15, 73, 5, 9],
    [14, 123, 247, 55, 45],
    [63, 185, 249, 56, 40],
    [2, 4, 14, 0, 0],
    [12, 32, 26, 16, 8],
    [34, 191, 257, 68, 36],
    [1, 9, 49, 2, 9],
    [7, 16, 40, 3, 11],
    [12, 39, 87, 20, 13],
    [5, 23, 80, 16, 14],
    [2, 16, 23, 9, 2],
    [0, 15, 22, 4, 8],
    [0, 4, 0, 2, 4],
    [0, 15, 6, 4, 8],
    [18, 129, 182, 68, 30],
    [11, 23, 36, 4, 2],
    [6, 42, 49, 11, 3],
    [10, 35, 71, 15, 14],
    [15, 71, 115, 50, 15],
    [6, 37, 49, 20, 8],
    [6, 23, 56, 13, 3],
    [4, 20, 37, 11, 9],
    [3, 31, 70, 8, 7],
    [4, 11, 59, 12, 5],
    [2, 1, 1, 4, 0],
    [2, 13, 0, 4, 7],
    [29, 52, 33, 13, 10],
    [9, 34, 68, 9, 8],
    [4, 22, 43, 6, 6],
    [71, 266, 595, 82, 90],
    [9, 41, 40, 14, 8],
    [23, 49, 105, 15, 9],
    [11, 15, 23, 9, 3],
    [6, 53, 80, 23, 10],
    [4, 14, 5, 4, 13],
    [5, 62, 70, 17, 9],
    [147, 618, 1103, 218, 190],
    [33, 94, 152, 29, 22],
    [151, 631, 702, 165, 160],
    [36, 84, 128, 24, 22]
  ],
  "method": "mult",
  "cond_prob": [
    [
      [0, 0.85604350819, 0.083055708722, 0.019515658531, 0.04138512456],
      [0, 0.097318968777, 0.75923061085, 0.05812274375, 0.085327676623],
      [0, 0.030199946434, 0.064701583757, 0.89476241706, 0.010336052747],
      [0.55587148552, 0.051953776221, 0.039367680382, 0.21622929964, 0.13657775825],
      [0.051757530561, 0.053521819408, 0.11709822163, 0.28937456532, 0.48824786308]
    ],
    [
      [0.0014703254143, 0.88649308594, 0.05142543967, 0.042564482074, 0.018046666905],
      [0.044435830572, 0.15675163024, 0.57748412524, 0.2065627907, 0.014765623246],
      [0, 0, 0, 1, 0],
      [0.70458588397, 0.0050385591667, 0.011766417377, 0.23439360474, 0.044215534741],
      [0.10092734312, 0.055874461022, 0.085501107003, 0.48829207167, 0.26940501719]
    ],
    [
      [0.0013957338151, 0.88127449989, 0.065565008951, 0.02168688311, 0.030077874235],
      [0.012805419803, 0.10899316658, 0.74902523108, 0.053940572218, 0.075235610315],
      [0.014995231732, 0.033213927517, 0.069380031244, 0.87034933106, 0.012061478445],
      [0.695590656, 0.01096309267, 0.036389055626, 0.15790157416, 0.099155621551],
      [0.082194697654, 0.063488712635, 0.1209074503, 0.2853964211, 0.44801271832]
    ],
    [
      [0, 0.90360248086, 0.022222127358, 0.029231464835, 0.044943926944],
      [0, 0.095534830928, 0.4911664597, 0.2195973581, 0.19370135128],
      [0, 0, 0, 0.97998223521, 0.020017764795],
      [0.61858114304, 0.0031098462672, 0, 0.21987941871, 0.15842959198],
      [0.036064142718, 0.032929917764, 0.016528318914, 0.29880693931, 0.61567068129]
    ],
    [
      [0, 0.88090561801, 0.056193055232, 0.037538671252, 0.025362655507],
      [0, 0.11818658242, 0.66756908078, 0.16088868267, 0.053355654132],
      [0, 0.020013275552, 9.4769824373e-05, 0.97989195462, 0],
      [0.60059355242, 0.037066364237, 0.019799769939, 0.25924081654, 0.083299496873],
      [0.065743362909, 0.057421048021, 0.092730318959, 0.40938341455, 0.37472185556]
    ],
    [
      [0.0054219646278, 0.85761533928, 0.057974856899, 0.034530395335, 0.044457443859],
      [0.058158951742, 0.083564180412, 0.62007984228, 0.13956578841, 0.098631237157],
      [0.045123255439, 0.0072244055061, 0, 0.93862521071, 0.0090271283408],
      [0.75571375962, 0.0025994525775, 0.0065604731315, 0.15029445763, 0.084831857044],
      [0.10400130384, 0.036842043334, 0.069069596007, 0.31033025, 0.47975680683]
    ],
    [
      [0.0014399491676, 0.8536430983, 0.067147362414, 0.043768712789, 0.034000877333],
      [0.014365902127, 0.087600314131, 0.65642319848, 0.17409466295, 0.067515922315],
      [0.002489717743, 0.011349349441, 0, 0.98601265006, 0.00014828276073],
      [0.65698912991, 0.0056676217809, 0.01589906787, 0.23827502437, 0.083169156068],
      [0.077652798825, 0.046470880581, 0.088936078373, 0.40066096358, 0.38627927864]
    ],
    [
      [0.0023344483187, 0.85441521408, 0.07611577675, 0.038184071036, 0.028950489814],
      [0.019917748334, 0.082435691641, 0.70844224452, 0.13391445937, 0.055289856132],
      [0.016902189585, 0.013049697991, 0.0154947318, 0.95371544949, 0.00083793113479],
      [0.71395408755, 0.0052447743753, 0.01913092222, 0.1967583871, 0.064911828749],
      [0.098276928404, 0.048674338409, 0.10780517481, 0.39205137584, 0.35319218254]
    ],
    [
      [0.0024947283902, 0.82425602983, 0.091830695778, 0.057128576702, 0.024289969302],
      [0.030827158004, 0.059374739595, 0.6940134393, 0.18590250942, 0.029882153681],
      [0, 0, 0, 1, 0],
      [0.7027560298, 0.0016273565329, 0.014182325118, 0.23766633106, 0.043767957486],
      [0.10412697567, 0.040118197158, 0.11125330538, 0.48785477062, 0.25664675116]
    ],
    [
      [0, 0.89369436769, 0.067170757692, 0.02984442962, 0.009290445],
      [0, 0.10815420489, 0.75022553687, 0.12450561406, 0.017114644177],
      [0, 0.022206582016, 0.029013790982, 0.948779627, 0],
      [0.70730529205, 0.017037448594, 0.027108124047, 0.21915917508, 0.02938996023],
      [0.10246729907, 0.074673775222, 0.14555085288, 0.48720571812, 0.1901023547]
    ],
    [
      [0, 0.87046505259, 0.054669731152, 0.029902547328, 0.044962668936],
      [0, 0.086634638401, 0.65663139874, 0.13599732532, 0.12073663754],
      [0, 0.0084779566654, 0.016284258703, 0.96133138577, 0.013906398862],
      [0.47516091602, 0.074012538459, 0.023666132127, 0.25748278638, 0.16967762701],
      [0.034774717576, 0.046328455342, 0.075826938701, 0.30176630052, 0.54130358786]
    ],
    [
      [0.0025725496378, 0.82265546233, 0.10145874953, 0.044117016013, 0.02919622249],
      [0.014527572361, 0.056778472115, 0.76224488523, 0.12344844648, 0.043000623819],
      [0.014414795875, 0.0031152365367, 0.03404153347, 0.94842843412, 0],
      [0.72712402247, 0.002808846891, 0.024347466686, 0.19106904363, 0.054650620323],
      [0.10270718825, 0.038771338127, 0.12787335787, 0.40527933773, 0.32536877802]
    ],
    [
      [0.0043123065703, 0.85845306773, 0.074243490715, 0.017114857519, 0.04587627746],
      [0.065587765189, 0.066353079183, 0.74558906859, 0.013458597488, 0.10901148955],
      [0.033026094939, 0.018027530318, 0.03149684293, 0.91169086647, 0.005758665345],
      [0.82601062071, 0.0024623216656, 0.015015502269, 0.067186790021, 0.08932476533],
      [0.13757626491, 0.035731851912, 0.099194022098, 0.17059674763, 0.55690111345]
    ],
    [
      [0.0010486630637, 0.79108968341, 0.099167125144, 0.046334921518, 0.062359606869],
      [0.010222683941, 0.052243622521, 0.71798244416, 0.12822777036, 0.091323479019],
      [0.00039514228667, 0, 0.028853375427, 0.96164935423, 0.0091021280534],
      [0.60702478134, 0.0029090770782, 0.026342783821, 0.22958581119, 0.13413754657],
      [0.055964654135, 0.0285642172, 0.092996617019, 0.31330609618, 0.50916841547]
    ],
    [
      [0.0016302426704, 0.87344659483, 0.071694116058, 0.028783142499, 0.024445903942],
      [0.011187564979, 0.10443079207, 0.72655630598, 0.10675737075, 0.051067966222],
      [0.0099426828363, 0.028464002289, 0.031249265028, 0.92949638171, 0.0008476681401],
      [0.70188279529, 0.0098307124847, 0.025351545671, 0.19633912, 0.066595826554],
      [0.092640787744, 0.060875392772, 0.1179160909, 0.38171642684, 0.34685130175]
    ],
    [
      [0.12620430662, 0.62371195687, 0.15960981288, 0.067317976637, 0.023155946986],
      [0.053732695651, 0, 0.78570306106, 0.14043411434, 0.020130128955],
      [0, 0, 0.021351979608, 0.97864802039, 0],
      [0.75575908588, 0, 0.022806551568, 0.19839670968, 0.023037652865],
      [0.12996023718, 0.026459782216, 0.14845760994, 0.48222622421, 0.21289614645]
    ],
    [
      [0.0089097732818, 0.74509952327, 0.13408820445, 0.054028646841, 0.057873852159],
      [0.071751617644, 0.024665732662, 0.74681012616, 0.086856468558, 0.069916054975],
      [0.054323580402, 0, 0.018291354139, 0.92268124314, 0.0047038223221],
      [0.78994250469, 0, 0.015693093982, 0.1298479519, 0.064516449428],
      [0.13783080339, 0.021514183564, 0.10887291844, 0.32952715699, 0.40225493762]
    ],
    [
      [0.0050355614157, 0.8172409057, 0.095619640149, 0.045841266859, 0.036262625879],
      [0.046352890266, 0.058322676798, 0.71665765682, 0.1221078264, 0.056558949723],
      [0.038689158869, 0.0049619916688, 0.010164726848, 0.94493817122, 0.0012459513924],
      [0.76662093614, 0.0014295053999, 0.014078687636, 0.161715236, 0.056155634819],
      [0.12874488314, 0.036123821466, 0.10651288802, 0.37846553371, 0.35015287366]
    ],
    [
      [0, 0.93428541298, 0.043862501576, 0.00051004122717, 0.021342044221],
      [0, 0.19310779708, 0.71362123699, 0.019562448011, 0.073708517925],
      [0, 0.064266108559, 0.033886105514, 0.89959039472, 0.0022573912068],
      [0.47815028646, 0.22625154247, 0.025538617569, 0.16508904428, 0.10497050922],
      [0.043699427073, 0.076520945883, 0.09442051871, 0.2589790671, 0.52638004124]
    ],
    [
      [0.00065606254942, 0.81379694551, 0.12358772587, 0.049284144518, 0.012675121553],
      [0, 0.04546754966, 0.81758864382, 0.12269648352, 0.014247322998],
      [0, 0, 0.04393610028, 0.95606389972, 0],
      [0.67745275629, 0.0014562210988, 0.060833693285, 0.23417571924, 0.026081610092],
      [0.1034985419, 0.044605252958, 0.17490438392, 0.51298675644, 0.16400506478]
    ],
    [
      [0.00092968359253, 0.86567211301, 0.063800969024, 0.033543447197, 0.036053787176],
      [0.0064088829662, 0.10213664861, 0.6755512571, 0.13534900771, 0.080554203608],
      [0.0033977195644, 0.022831624162, 0.015043612815, 0.95257474137, 0.0061523020868],
      [0.6427254133, 0.0092937943333, 0.02087982043, 0.22342031447, 0.10368065747],
      [0.069316565575, 0.052537359657, 0.091332671153, 0.35072264319, 0.43609076042]
    ],
    [
      [0.0013411178571, 0.7903557241, 0.10921659297, 0.046780547531, 0.052306017549],
      [0.0031521986783, 0.053820990262, 0.75186842587, 0.11394795645, 0.077210428739],
      [0.0010875281563, 0.0057587265824, 0.041586434597, 0.94478902981, 0.0067782808587],
      [0.63356789948, 0.0032908478814, 0.032401249438, 0.22224959384, 0.10849040937],
      [0.066586858588, 0.031781122634, 0.11313537908, 0.34353354499, 0.44496309471]
    ],
    [
      [0.00093614686711, 0.89902577758, 0.052672361634, 0.029619239513, 0.01774647441],
      [0.018222249948, 0.12768573551, 0.67117952748, 0.14552595885, 0.0373865282],
      [0.0032740275165, 0.051016305251, 0, 0.94570966723, 0],
      [0.70209338383, 0.012846477236, 0.016694291111, 0.21532070396, 0.053045143865],
      [0.097187369696, 0.071977835644, 0.10349671761, 0.43370013882, 0.29363793823]
    ],
    [
      [0.0044200371397, 0.92444135288, 0.026055310399, 0.018355415606, 0.026727883972],
      [0.079598104003, 0.15761461168, 0.52287826646, 0.1400428299, 0.099866187964],
      [0.015179911076, 0.051402443103, 0, 0.92751035514, 0.0059072906802],
      [0.80396662424, 0.0088117270173, 0.0044070944759, 0.11755846051, 0.065256093764],
      [0.10658769832, 0.060472984761, 0.052317284772, 0.28800945475, 0.4926125774]
    ],
    [
      [0, 0.83481520272, 0.068012277929, 0.057678242893, 0.039494276463],
      [0, 0.044883834988, 0.67750277048, 0.20566732389, 0.071946070637],
      [0, 0, 0, 0.99894653069, 0.0010534693105],
      [0.616721931, 0, 0.014407050267, 0.27767244689, 0.091198571843],
      [0.059933682803, 0.030533292322, 0.082190950298, 0.39611603254, 0.43122604203]
    ],
    [
      [0.0019256264609, 0.78825221854, 0.10873235483, 0.050115864335, 0.050973935833],
      [0.0092741367328, 0.046085058382, 0.74037375322, 0.12967859083, 0.074588460834],
      [0.0063362166527, 0, 0.029640288735, 0.95809473707, 0.0059287575384],
      [0.65939734987, 0.0010828468914, 0.026663847011, 0.21709853043, 0.095757425792],
      [0.075312429027, 0.028499384664, 0.10956783249, 0.35954000587, 0.42708034795]
    ],
    [
      [0.00015192597158, 0.86293077974, 0.0674904625, 0.04804052183, 0.021386309961],
      [0.0020692986315, 0.1082845377, 0.67194456841, 0.18286322293, 0.034838372314],
      [0, 0.0012313339782, 0, 0.99876866602, 0],
      [0.64686834838, 0.0065612331635, 0.019059105153, 0.26905888387, 0.058452429432],
      [0.079904116921, 0.054754580493, 0.10545153295, 0.4741507064, 0.28573906324]
    ],
    [
      [0, 0.86055197542, 0.065249713542, 0.050704359194, 0.023493951844],
      [0, 0.090758369331, 0.63592221071, 0.23756867787, 0.03575074209],
      [0, 0, 0, 1, 0],
      [0.58575419404, 0.0068258824316, 0.020441111176, 0.31520128361, 0.071777528744],
      [0.008722528544, 0.10505815452, 0.097262770796, 0.48410159277, 0.30485495337]
    ],
    [
      [0, 0.88714831584, 0.091396418852, 0, 0.021455265311],
      [0, 0.17517165896, 0.78017232405, 0, 0.044656016996],
      [0, 0.070781173862, 0.043500054868, 0.88540175134, 0.00031701992771],
      [0.65789066691, 0.069362424712, 0.032406911162, 0.16976058181, 0.070579415402],
      [0.084218666175, 0.074335464094, 0.14289134817, 0.33142552618, 0.36712899538]
    ],
    [
      [0.047854317437, 0.73433087577, 0.12423635706, 0.021869475969, 0.071708973757],
      [0.043929228658, 0, 0.79744776064, 0.066025133271, 0.092597877436],
      [0.0010494662349, 0, 0.073930658442, 0.89007158469, 0.034948290636],
      [0.74298753527, 0, 0.029124718325, 0.12217615866, 0.10571158775],
      [0.074813323186, 0.015669124228, 0.11202582947, 0.22717436638, 0.57031735673]
    ],
    [
      [0.0019804727401, 0.85510679329, 0.09343667244, 0.028265579922, 0.021210481609],
      [0.01153588974, 0.083827339757, 0.77849206929, 0.089618822625, 0.036525878584],
      [0.010877193862, 0.02315467657, 0.056638757135, 0.90932937243, 0],
      [0.72115064973, 0.0072810818402, 0.030619185003, 0.18930685385, 0.051642229585],
      [0.10438009806, 0.058004430421, 0.14637791445, 0.39973551414, 0.29150204293]
    ],
    [
      [0.0001642083122, 0.86675115065, 0.074339012966, 0.030521605681, 0.028224022392],
      [0.0044308022079, 0.10042323018, 0.72152640404, 0.11667615257, 0.056943411],
      [0.00071172571237, 0.03035359867, 0.03215584592, 0.93557157466, 0.0012072550345],
      [0.65756523287, 0.010481086318, 0.0275184878, 0.22263147616, 0.081803716852],
      [0.076061620039, 0.057823021444, 0.11455451613, 0.37790633646, 0.37365450593]
    ],
    [
      [0.0017699360909, 0.92668582476, 0.020444745279, 0.027062366977, 0.024037126893],
      [0.15850859716, 0.18219028366, 0.34660866914, 0.22604848184, 0.086643968209],
      [0, 0.011100977698, 0, 0.9888990223, 0],
      [0.72913735357, 0.0057141695477, 0.0019253881496, 0.18945295628, 0.073770132445],
      [0.093891026141, 0.059114983457, 0.039807699939, 0.36098985803, 0.44619643243]
    ],
    [
      [0.18176065126, 0.5, 0.1134272684, 0.082925239367, 0.12188684098],
      [0.13853842338, 0, 0.56149868179, 0.16701592845, 0.13294696638],
      [0.051571803057, 0, 0, 0.94080164383, 0.0076265531102],
      [0.76931814829, 0, 0, 0.13732287679, 0.093358974928],
      [0.11158680041, 0, 0.052719548438, 0.28418989599, 0.55150375517]
    ],
    [
      [0.0031860657791, 0.79748703807, 0.14104286888, 0.043773369689, 0.014510657587],
      [0.029637716208, 0.023801403332, 0.85195730993, 0.087977788998, 0.0066257815292],
      [0.00032769627954, 0, 0.073517330861, 0.92615497286, 0],
      [0.77267011509, 0, 0.035066946766, 0.16943776238, 0.022825175772],
      [0.13347347999, 0.034088162022, 0.19588495449, 0.45620087344, 0.18035253006]
    ],
    [
      [0.088851468167, 0, 0.72298907595, 0, 0.18815945588],
      [0.028808055946, 0, 0.95174035255, 0, 0.019451591501],
      [0.068216628963, 0, 0.062894468361, 0.86888890268, 0],
      [0.90128704346, 0, 0.059405997783, 0, 0.039306958754],
      [0.12255150523, 0, 0.16953105434, 0.13111109732, 0.5768063431]
    ],
    [
      [0.0021076418811, 0.83432632276, 0.096372385531, 0.040391848793, 0.026801801039],
      [0.013202994367, 0.068456675828, 0.76296454029, 0.11435243381, 0.041023355705],
      [0.01028071925, 0.010635570102, 0.039999251212, 0.93908445944, 0],
      [0.71008148646, 0.0047231368417, 0.027534902584, 0.20073926025, 0.056921213866],
      [0.099705790827, 0.046397582608, 0.13372293331, 0.40687161848, 0.31330207477]
    ],
    [
      [0, 1, 0, 0, 0],
      [4.5102810375e-17, 0.23901427882, 0.49011093908, 0.2708747821, 0],
      [0, 0, 0, 1, 0],
      [0, 0.043942884734, 0.039556243685, 0.91650087158, 0],
      [2.2204460493e-16, 0.18297417678, 0.10428048807, 0.71274533515, -0]
    ],
    [
      [0.00016895263789, 0.97168548527, 0.017900240768, 0.005564351941, 0.0046809693832],
      [0, 0.10755347669, 0.82973692764, 0.024226296676, 0.038483298999],
      [0, 0.019335767449, 0.11744841952, 0.86251509341, 0.00070071961896],
      [0.47596328218, 0.232056619, 0.043392299435, 0.17767702183, 0.070910777548],
      [0.048073435639, 0.082097774178, 0.14183132384, 0.30294538509, 0.42505208126]
    ],
    [
      [0.0026596593883, 0.75208238732, 0.12400615498, 0.045933662876, 0.07531813544],
      [0.013940955516, 0.037948879388, 0.76360614009, 0.077188569875, 0.10731545513],
      [0.011291130859, 0.006488830611, 0.031315907426, 0.94476861756, 0.0061355135413],
      [0.6831237195, 0.0015426193666, 0.027481298402, 0.16661605336, 0.12123630936],
      [0.075633317095, 0.022681513165, 0.10403213398, 0.27278512572, 0.52486791005]
    ],
    [
      [0.0055314476606, 0.92063723257, 0.058430294976, 0.0080011737922, 0.0073998510028],
      [0.049934662516, 0.13963066458, 0.78967841009, 0, 0.020756262822],
      [0.054944800834, 0.037759112691, 0.039312223265, 0.86746281941, 0.00052104380498],
      [0.88301222561, 0.0091561849381, 0.018713417294, 0.072153610447, 0.016964561711],
      [0.2062182551, 0.09362698158, 0.16069559334, 0.33821177412, 0.20124739586]
    ],
    [
      [0, 0.78049633367, 0.10407095106, 0.037784300975, 0.077648414293],
      [0, 0.015516914151, 0.76150289315, 0.10568274805, 0.11729744464],
      [0, 0, 0.024904914084, 0.94499178424, 0.030103301678],
      [0.59011823119, 0, 0.031008384074, 0.21449287295, 0.16438051179],
      [0.0082348073429, 0.019217018999, 0.12469695639, 0.26535717788, 0.58249403938]
    ],
    [
      [0.0058670102362, 0.86176757242, 0.080777733436, 0.01161115653, 0.039976527377],
      [0.040180104075, 0.09302718886, 0.77943997266, 0, 0.087352734405],
      [0.046575916524, 0.030750614913, 0.071117058662, 0.83873887652, 0.012817533378],
      [0.7755736021, 0.0086992827569, 0.033650830003, 0.092356709645, 0.089719575499],
      [0.10519429194, 0.047795182071, 0.11095691346, 0.24074852401, 0.49530508851]
    ],
    [
      [0.023469526822, 0.75, 0.12345524598, 0.063776371553, 0.039298855645],
      [0.066042610516, 0, 0.74039161614, 0.14696614607, 0.046599627273],
      [0.026527464942, 0, 0.0053842815102, 0.96808825355, 0],
      [0.77350139402, 0, 0.013754277919, 0.17164634778, 0.041097980281],
      [0.15663868721, 0, 0.11208488728, 0.41645997118, 0.31481645433]
    ],
    [
      [0.0015146076402, 0.90517528707, 0.01881510516, 0.032212648226, 0.042282351901],
      [0.11502485111, 0.018182365773, 0.31097059594, 0.38549795831, 0.17032422886],
      [0, 0, 0, 0.99915947316, 0.00084052684036],
      [0.76206870673, 0.00095897319244, 0.0022932378008, 0.14591804786, 0.088761034422],
      [0.064636712781, 0.019179834611, 0.02184331571, 0.26981501265, 0.62452512425]
    ],
    [
      [0.0014741330701, 0.80185591735, 0.097712167137, 0.06439024673, 0.034567535716],
      [0.0060566776394, 0.038606527787, 0.68491648569, 0.23077997843, 0.039640330448],
      [0, 0, 0, 1, 1.5244476252e-33],
      [0.65017929653, 0.0016915619914, 0.017913252699, 0.26597938413, 0.064236504649],
      [0.07902089225, 0.031996356039, 0.10194480487, 0.46861681396, 0.31842113288]
    ],
    [
      [0, 1, 0, 0, 0],
      [0.023219314361, 0.089242243532, 0.77363311756, 0.089783977325, 0.024121347227],
      [0.099850778268, 0.016154255187, 0.011965441362, 0.87202952518, 0],
      [0.90008768352, 0.0028648775844, 0.0080007076807, 0.072227967544, 0.016818763673],
      [0.27546706958, 0.067931836706, 0.10966520165, 0.33300007408, 0.21393581797]
    ],
    [
      [0.0067968152053, 0.7919826032, 0.12021781723, 0.024295200091, 0.056707564271],
      [0.026865571069, 0.039493591149, 0.78949847086, 0.058055536094, 0.086086830831],
      [0.021133588719, 0, 0.058327268704, 0.91094176921, 0.0095973733701],
      [0.71930745569, 0, 0.034453114582, 0.14798576242, 0.098253667307],
      [0.090927350801, 0.030539421548, 0.11730603652, 0.28492554516, 0.47630164596]
    ],
    [
      [0.0040099817079, 0.87116780088, 0.068527726708, 0.02536480082, 0.030929689881],
      [0.020933322676, 0.10414944579, 0.70555649071, 0.10305512729, 0.066305613547],
      [0.024437394395, 0.032091185006, 0.025143845675, 0.91347389023, 0.0048536846944],
      [0.73374014635, 0.0085468039928, 0.019783863031, 0.16569456854, 0.072234618085],
      [0.10293061067, 0.056017260389, 0.10356944201, 0.34119445456, 0.39628823237]
    ],
    [
      [0.0033629011464, 0.83794505892, 0.074529333277, 0.035151392362, 0.049011314291],
      [0.012937412944, 0.07310576716, 0.69821390971, 0.12721900332, 0.088523906869],
      [0.016354826405, 0.0076094274854, 0.01791116621, 0.94705141515, 0.011073164753],
      [0.69677904596, 0.0038136643302, 0.018279176458, 0.18058389631, 0.10054421694],
      [0.07644880416, 0.036087615259, 0.084927478996, 0.30973062712, 0.49280547447]
    ],
    [
      [0, 0.93405682904, 0, 0.019150660273, 0.046792510684],
      [0.0036305512389, 0.29649306485, 0.32606888313, 0.20423266586, 0.16957483492],
      [0, 0.04316297128, 0, 0.95270135849, 0.0041356702313],
      [0.60656031146, 0.029120073864, 0, 0.21928484848, 0.1450347662],
      [0.051635068987, 0.071627266259, 0.016950383813, 0.3007830132, 0.55900426774]
    ],
    [
      [0, 0.5, 0.27772482093, 0.048767162865, 0.17350801621],
      [0, 0, 0.63493576545, 0.12892366775, 0.2361405668],
      [0, 0.00064325527252, 0.0020203849793, 0.99711420323, 0.00022215651581],
      [0, 0.0038363567326, 0.032634123763, 0.39167635726, 0.57185316225],
      [-0, 0.0026992743733, 0.013470700489, 0.074326319852, 0.90950370528]
    ],
    [
      [0.0011407533671, 0.8710000759, 0.069504895772, 0.041946621138, 0.016407653823],
      [0.014315960447, 0.093691267748, 0.69997025799, 0.16609650224, 0.025926011577],
      [0, 0.014983954807, 0.0020537773721, 0.98296226782, 0],
      [0.68951713475, 0.0067455544923, 0.018987198562, 0.24197271309, 0.042777399107],
      [0.097347425471, 0.060682054549, 0.1175939222, 0.48488477408, 0.2394918237]
    ],
    [
      [0.002030809272, 0.84682969104, 0.064021399677, 0.049180077916, 0.037938022099],
      [0.037428112338, 0.08377545363, 0.58296536093, 0.22422768918, 0.071603383924],
      [0, 0, 0, 1, 0],
      [0.6848088398, 0.0035399420776, 0.011200115695, 0.22356791504, 0.076883187388],
      [0.08494920946, 0.037816110177, 0.072822329774, 0.4090880146, 0.39532433599]
    ],
    [
      [0.00090510487557, 0.96291739178, 0.021506015784, 0.011314167059, 0.0033573205029],
      [0.042335524841, 0.17388802955, 0.65599610332, 0.11326621004, 0.014514132247],
      [0.07072907773, 0.025253715829, 0.0070640194507, 0.89695318699, 0],
      [0.8471708424, 0.0069330048919, 0.010356156745, 0.11928954246, 0.016250453502],
      [0.18251093152, 0.11867529954, 0.11089512551, 0.4212190133, 0.16669963013]
    ],
    [
      [0, 0.79011731795, 0.14167058504, 0.03862204863, 0.029590048384],
      [0, 0.030960415993, 0.83604240548, 0.098679319174, 0.034317859351],
      [0, 0, 0.058907635323, 0.94109236468, 0],
      [0.46206170417, 0.027298070928, 0.15011200805, 0.27610965238, 0.084418564481],
      [0.052433398753, 0.039427112242, 0.16355606115, 0.40233738328, 0.34224604457]
    ],
    [
      [0.00042311907054, 0.96165361275, 0.022082917557, 0.0049779517745, 0.010862398844],
      [0, 0.16889850346, 0.75770591241, 0, 0.073395584131],
      [0.011103881766, 0.056266719532, 0.050984282274, 0.87880808355, 0.0028370328791],
      [0.77367899895, 0.014642885071, 0.033421668255, 0.084795373318, 0.093461074402],
      [0.070505275119, 0.13305854609, 0.14780102, 0.13670906065, 0.51192609815]
    ],
    [
      [0.00077243477331, 0.81775623092, 0.098155331609, 0.049776331567, 0.033539671127],
      [0, 0.062856651839, 0.74783502906, 0.14599693065, 0.043311388451],
      [0, 0, 0.01938025277, 0.98061974723, 0],
      [0.6326698338, 0.0041058440044, 0.027156912766, 0.25877580892, 0.077291600507],
      [0.060591824624, 0.048149378419, 0.11909060897, 0.42412200434, 0.34804618365]
    ],
    [
      [0, 0.4, 0.29448799264, 0, 0.30551200736],
      [0, 0, 0.6920405046, 0, 0.3079594954],
      [0, 0, 0.034450115925, 0.82736270841, 0.13818717567],
      [0, 0.0044745688643, 0.050237584172, 0.29070247787, 0.6545853691],
      [0, 0, 0.04472206591, 0.069487013718, 0.88579092037]
    ],
    [
      [0, 0.90778279611, 0.0677119743, 0.020347551542, 0.004157678045],
      [0, 0.13502710185, 0.72974721116, 0.11741423047, 0.017811456516],
      [0, 0.037016915726, 0.017244719176, 0.9457383651, 0],
      [0.6939134112, 0.039872854672, 0.022093876962, 0.21450824755, 0.029611609617],
      [0.10199440903, 0.085042757124, 0.13775613455, 0.48164882303, 0.19355787626]
    ],
    [
      [0.00011717170973, 0.98929770129, 0.0041799896781, 0.0024090486022, 0.0039960887245],
      [0.015547536315, 0.17331120642, 0.58857122416, 0.10611155606, 0.11645847704],
      [0.018296087632, 0.030410186537, 0.0086860980484, 0.92270991459, 0.019897713193],
      [0.69945712941, 0.010441512627, 0.011799749445, 0.15304397989, 0.12525762863],
      [0.061094417789, 0.067780086977, 0.055413043415, 0.23397442391, 0.58173802791]
    ],
    [
      [0.0056569268123, 0.87740307959, 0.045462182808, 0.034046489977, 0.037431320809],
      [0.06268672836, 0.093551313265, 0.59503638213, 0.15671953194, 0.092006044309],
      [0.01597477751, 0.010896625077, 0, 0.96681194213, 0.0063166552783],
      [0.72756037761, 0.0039544940531, 0.0019220214917, 0.17930316619, 0.087259940653],
      [0.089095055515, 0.041053446845, 0.063863217985, 0.33067102045, 0.4753172592]
    ],
    [
      [0.0046720037273, 0.79699761285, 0.11906497941, 0.04405733587, 0.035208068144],
      [0.028916345023, 0.049114548217, 0.78253968851, 0.09157333168, 0.04785608657],
      [0.03721395473, 0.0024927954883, 0.046362464579, 0.91140649459, 0.0025242906121],
      [0.76442547234, 0.0015374553968, 0.02650310527, 0.15385338194, 0.053680585053],
      [0.12276610136, 0.034896422967, 0.13292855531, 0.37243056363, 0.33697835673]
    ],
    [
      [0, 0.82834089437, 0.077112490663, 0.031815294181, 0.062731320787],
      [0, 0.069265788249, 0.70531828866, 0.11486351121, 0.11055241189],
      [0, 0.0017651339124, 0.024901465674, 0.94290329834, 0.030430102077],
      [0.62052952668, 0.0058841090375, 0.024112646281, 0.20056619174, 0.14890752625],
      [0.051904282481, 0.030247069508, 0.083686647093, 0.27821227963, 0.55594972128]
    ],
    [
      [0.012108915525, 0.85955716823, 0.061055073374, 0.041647293772, 0.0256315491],
      [0.046460684081, 0.084695108121, 0.66257924751, 0.15601202429, 0.05025293599],
      [0.026349346581, 0.011366896485, 0.0012674791729, 0.96101627776, 0],
      [0.77292302585, 0.0037318489708, 0.008737541405, 0.16781766557, 0.046789918203],
      [0.13298809463, 0.048593681295, 0.093247727085, 0.40844209012, 0.31672840687]
    ],
    [
      [0.005770778967, 0.80992788928, 0.052003121437, 0.031986041573, 0.10031216874],
      [0.038044107341, 0.029131549433, 0.56565576198, 0.11499857124, 0.25217001],
      [0.017433742769, 0, 0, 0.95358773615, 0.028978521084],
      [1, 0, 0, 0, 0],
      [0.11554854573, 0.0076414070587, 0.027031153333, 0.18542352934, 0.66435536454]
    ],
    [
      [0.00024961916109, 0.95682061817, 0.011001637435, 0.016498164259, 0.015429960978],
      [0, 0.38311334619, 0.30982708299, 0.21815393376, 0.088905637057],
      [0, 0.00081504517811, 0, 0.99918495482, 0],
      [0.57394219192, 0.015955170178, 0.0084644051382, 0.28298896032, 0.11864927245],
      [0.014448824582, 0.12857833779, 0.03325223244, 0.37286070286, 0.45085990233]
    ],
    [
      [0.0023549351772, 0.74096950844, 0.13625459216, 0.0642041633, 0.056216800923],
      [0.016280655305, 0.028879105483, 0.75272798639, 0.13838437596, 0.063727876858],
      [0.00099899239479, 0, 0.027921440828, 0.96874727123, 0.0023322955478],
      [0.65897558238, 0.00071523577508, 0.026371682508, 0.22725715626, 0.086680343074],
      [0.077202270055, 0.022999087551, 0.11466344358, 0.38444764183, 0.40068755698]
    ],
    [
      [0.0015325886656, 0.86997118659, 0.08355797397, 0.02301886256, 0.02191938821],
      [0.01020051074, 0.10060008835, 0.75560656003, 0.091672744115, 0.041920096764],
      [0.0090015125347, 0.034073572182, 0.043975124455, 0.91294979083, 0],
      [0.71158891319, 0.010563677289, 0.029169225006, 0.190679319, 0.05799886551],
      [0.098149916678, 0.062622837462, 0.13413378611, 0.38969535543, 0.31539810432]
    ],
    [
      [0, 0.93539152035, 0.016112710184, 0.0047422742951, 0.043753495172],
      [7.1754249438e-17, 0.18465149387, 0.49194364491, 0.10329955386, 0.22010530736],
      [0, 0.099329355987, 0, 0.89837980257, 0.0022908414437],
      [1.1102230246e-16, 0.018698713399, 0.024408373134, 0.36811044697, 0.5887824665],
      [0, 0, 0, 0, 1]
    ],
    [
      [0.011270716162, 0.78152523702, 0.13919142754, 0.017204257477, 0.050808361799],
      [0.046528533548, 0.012872171359, 0.8319443544, 0.038372850535, 0.070282090159],
      [0.021963727367, 0, 0.069627891936, 0.90094262733, 0.0074657533636],
      [0.74796382877, 0, 0.048872216072, 0.11925943888, 0.083904516283],
      [0.10467002009, 0.026223459038, 0.13940036015, 0.27911979506, 0.45058636567]
    ],
    [
      [0, 0.86127310888, 0.078657806904, 0.035993146843, 0.024075937374],
      [0, 0.091364038366, 0.73481997667, 0.13002743199, 0.043788552979],
      [0, 0.013640514909, 0.032943244157, 0.95341624093, 0],
      [0.60857501878, 0.039930106534, 0.030397826397, 0.248921699, 0.072175349287],
      [0.072691631189, 0.056814538735, 0.12337647441, 0.41628733459, 0.33083002108]
    ],
    [
      [0.0018185497408, 0.88742835267, 0.044919112679, 0.043340806766, 0.022493178142],
      [0.055068688758, 0.08549575942, 0.48552489198, 0.36921228264, 0.0046983772085],
      [0, 0, 0, 1, 0],
      [0.76706450742, 0.0028499231996, 0.0083391103084, 0.18028359819, 0.04146286088],
      [0.10760380407, 0.037489996239, 0.063186515436, 0.47479793924, 0.31692174502]
    ],
    [
      [0, 0.9030381419, 0.035129114208, 0.032132563294, 0.029700180597],
      [0, 0.17964628157, 0.56330294087, 0.17060902653, 0.086441751028],
      [0, 0.021151010645, 0, 0.97785926867, 0.00098972068638],
      [0.57943622519, 0.011276565871, 0.017051179054, 0.27428943094, 0.11794659894],
      [0.023790120402, 0.084047488919, 0.062735964503, 0.37346259935, 0.45596382683]
    ],
    [
      [0, 0.84765143283, 0.07659007549, 0.041550834217, 0.034207657466],
      [0, 0.08136517109, 0.70871976712, 0.14631704111, 0.063598020684],
      [0, 0.0059693474873, 0.018660128254, 0.97481130264, 0.0005592216196],
      [0.60772857855, 0.027710652145, 0.024269138302, 0.24845190893, 0.091839722071],
      [0.065032956075, 0.044722681484, 0.10246417326, 0.38595414446, 0.40182604472]
    ],
    [
      [0.0018686030372, 0.85234205425, 0.058856811637, 0.058567998503, 0.028364532576],
      [0.030043013517, 0.052757761477, 0.50746185081, 0.38211427776, 0.02762309644],
      [0, 0, 0, 1, 0],
      [0.68784996989, 0.0009739121709, 0.0051248723624, 0.25237018736, 0.053681058219],
      [0.09243343969, 0.03637704429, 0.068006815392, 0.49147204438, 0.31171065625]
    ],
    [
      [0.0013314764741, 0.93671409055, 0.021236935382, 0.02169415359, 0.019023344],
      [0.036158568576, 0.2073856875, 0.49041872266, 0.18190611961, 0.084130901652],
      [0, 0.022481253761, 0, 0.97751874624, 0],
      [0.69610258321, 0.016299314216, 0, 0.20749867025, 0.080099432324],
      [0.076938350469, 0.072319077197, 0.055413283329, 0.34784729168, 0.44748199733]
    ],
    [
      [0.00066613932177, 0.96765906235, 0.013060591757, 0.0091125116632, 0.0095016949057],
      [0.056375458438, 0.23169713222, 0.50398426712, 0.12519506564, 0.082748076581],
      [0.039694862052, 0.029604606155, 0, 0.91957704398, 0.011123487818],
      [0.80903879107, 0.0081253200809, 0.0048765903444, 0.11999544035, 0.057963858154],
      [0.13061574925, 0.10509255011, 0.052591203979, 0.30142466082, 0.41027583583]
    ],
    [
      [0, -0, 0.3828643324, 0.16447332822, 0.45266233937],
      [0, 0, 0.71137421185, 0.086859151847, 0.20176663631],
      [0, 0, 0.014248556117, 0.98468654801, 0.0010648958741],
      [0, 0, 0.030370220326, 0.43613092569, 0.53349885398],
      [0, 0, 0.023440677992, 0.19507538531, 0.7814839367]
    ],
    [
      [0, 0.9161058069, 0.044651366615, 0.017482664268, 0.021760162216],
      [0, 0.093227251022, 0.80858138954, 0.047567839654, 0.050623519783],
      [0, 0.012755014559, 0.049560435753, 0.93768454969, 0],
      [0, 0.021634154221, 0.093819681615, 0.57252714069, 0.31201902347],
      [0, 0.054815566304, 0.14982972699, 0.29628331804, 0.49907138867]
    ],
    [
      [0.0022351812488, 0.8615538826, 0.070305257259, 0.040982814838, 0.024922864055],
      [0.017155534907, 0.087559086852, 0.69032321991, 0.15854913202, 0.046413026305],
      [0.012126997014, 0.012473090485, 0.00304757621, 0.97235233629, 0],
      [0.70062017144, 0.0054715444324, 0.014744230665, 0.22062586017, 0.058538193291],
      [0.096580587342, 0.051824680654, 0.10418478151, 0.42795958684, 0.31945036366]
    ],
    [
      [0.00021135347961, 0.84522047215, 0.060954675908, 0.038595370149, 0.055018128314],
      [0.0067157279268, 0.086696013609, 0.64874421358, 0.14581984219, 0.11202420269],
      [0.0032981017707, 0.017086932017, 0.0057499477431, 0.96810569529, 0.0057593231819],
      [0.65373770313, 0.0056913690025, 0.016275129323, 0.19836781324, 0.1259279853],
      [0.054765446576, 0.035335732348, 0.068141508316, 0.28815913734, 0.55359817542]
    ],
    [
      [0.0012722508177, 0.65869528883, 0.19733095571, 0.05880421292, 0.083897291724],
      [0, 0, 0.84424360997, 0.076551139255, 0.079205250779],
      [0, 0, 0.070100203887, 0.92391377357, 0.00598602254],
      [0.61981623943, 0, 0.051194677757, 0.20513970063, 0.12384938218],
      [0.058129287134, 0.01594275568, 0.11991040046, 0.30123842058, 0.50477913615]
    ],
    [
      [0.0035899378775, 0.88951880588, 0.05260236262, 0.030877657145, 0.023411236476],
      [0.027430552143, 0.11417702414, 0.65794057938, 0.14436143861, 0.056090405733],
      [0.020235819733, 0.029747933181, 0, 0.95001624709, 0],
      [0.73771512174, 0.0088924023671, 0.012218953519, 0.18231034366, 0.058863178714],
      [0.10725437636, 0.061651914648, 0.090197985206, 0.38948316994, 0.35141255385]
    ],
    [
      [0.0018868255003, 0.83271414582, 0.088024246058, 0.041265087538, 0.036109695081],
      [0.010481107832, 0.068557888429, 0.72858758506, 0.13103191302, 0.06134150566],
      [0.0091258110114, 0.0074967478287, 0.026228321068, 0.95506352741, 0.0020855926798],
      [0.6786860294, 0.0032254383799, 0.025703099195, 0.21191231484, 0.080473118192],
      [0.082917948349, 0.041218654326, 0.10990039249, 0.37665576457, 0.38930724027]
    ],
    [
      [0.00045186781104, 0.85019019393, 0.081756175331, 0.036730457672, 0.03087130526],
      [0.0016765425069, 0.076145626171, 0.73991947706, 0.12560366955, 0.056654684713],
      [0, 0.012265588163, 0.03312351424, 0.9536034967, 0.0010074008933],
      [0.66627722052, 0.0058349885432, 0.029574002745, 0.21879719613, 0.07951659206],
      [0.076214038746, 0.04546963466, 0.11473875552, 0.37872077744, 0.38485679363]
    ],
    [
