{
  "X": [
    [4, 13, 38, 2],
    [3, 8, 17, 3],
    [4, 17, 37, 3],
    [1, 5, 22, 2],
    [5, 13, 45, 1],
    [9, 9, 53, 1],
    [5, 17, 35, 1],
    [4, 19, 21, 5],
    [2, 3, 9, 2],
    [2, 11, 30, 1],
    [1, 2, 6, 1],
    [2, 6, 15, 1],
    [3, 4, 8, 0],
    [1, 2, 13, 0],
    [0, 1, 7, 0],
    [4, 4, 10, 0],
    [2, 5, 11, 3],
    [3, 6, 25, 3],
    [1, 3, 14, 2],
    [1, 4, 3, 0],
    [1, 2, 7, 0],
    [1, 4, 5, 0],
    [1, 14, 23, 1],
    [3, 6, 7, 4],
    [1, 12, 21, 2],
    [0, 2, 22, 0],
    [0, 5, 13, 5],
    [5, 7, 26, 3],
    [3, 27, 49, 1],
    [1, 10, 35, 1],
    [0, 4, 5, 1],
    [0, 3, 6, 0],
    [1, 0, 8, 1],
    [0, 2, 6, 1],
    [0, 1, 7, 2],
    [4, 51, 114, 8],
    [2, 3, 8, 3],
    [0, 3, 12, 1],
    [0, 3, 5, 0],
    [2, 3, 15, 4],
    [1, 1, 11, 0],
    [0, 1, 5, 0],
    [2, 3, 13, 0],
    [3, 2, 8, 3],
    [0, 3, 15, 0],
    [1, 1, 9, 0],
    [1, 0, 5, 1],
    [1, 1, 10, 0],
    [1, 1, 7, 0],
    [3, 4, 16, 1],
    [4, 4, 35, 4],
    [1, 0, 8, 1],
    [1, 2, 6, 1],
    [4, 1, 21, 1],
    [1, 4, 13, 1],
    [3, 4, 27, 0],
    [1, 7, 18, 1],
    [1, 9, 10, 1],
    [1, 5, 14, 2],
    [5, 6, 30, 2],
    [0, 2, 5, 1],
    [0, 3, 7, 0],
    [0, 2, 5, 3],
    [0, 0, 5, 2],
    [0, 4, 5, 0],
    [0, 4, 6, 1],
    [3, 35, 59, 1],
    [5, 12, 51, 3],
    [0, 10, 24, 3],
    [7, 56, 123, 13],
    [3, 21, 51, 4],
    [3, 36, 60, 6],
    [5, 38, 56, 6],
    [6, 27, 67, 3],
    [4, 40, 56, 6],
    [1, 48, 42, 4],
    [2, 49, 80, 2],
    [1, 35, 83, 4],
    [0, 10, 12, 2],
    [2, 31, 65, 5],
    [3, 26, 56, 1],
    [8, 28, 65, 5],
    [0, 21, 54, 4],
    [6, 26, 64, 7],
    [1, 47, 68, 2],
    [4, 35, 85, 7],
    [1, 32, 79, 1],
    [6, 27, 56, 4],
    [4, 66, 105, 11],
    [1, 10, 22, 1],
    [3, 21, 76, 3],
    [1, 12, 16, 0],
    [1, 26, 59, 1],
    [0, 28, 46, 0],
    [2, 26, 72, 4],
    [2, 36, 62, 2],
    [4, 23, 81, 4],
    [6, 39, 86, 10],
    [1, 22, 53, 1],
    [9, 51, 74, 8],
    [2, 27, 70, 1],
    [5, 43, 74, 8],
    [1, 14, 39, 0],
    [2, 18, 33, 2],
    [4, 19, 52, 4],
    [3, 22, 36, 2],
    [1, 10, 21, 0],
    [1, 12, 33, 1],
    [1, 12, 40, 1],
    [5, 31, 59, 2],
    [0, 15, 20, 0],
    [3, 13, 30, 1],
    [1, 24, 65, 3],
    [7, 34, 87, 2],
    [3, 6, 25, 2],
    [0, 8, 12, 2],
    [1, 7, 13, 2],
    [11, 27, 89, 10],
    [10, 36, 97, 1],
    [2, 41, 81, 6],
    [2, 41, 89, 4],
    [3, 46, 102, 6],
    [9, 76, 198, 8],
    [0, 24, 37, 4],
    [3, 22, 45, 5],
    [2, 50, 95, 4],
    [3, 20, 47, 2],
    [5, 15, 48, 1],
    [0, 41, 94, 4],
    [2, 32, 84, 11],
    [1, 55, 68, 0],
    [4, 61, 111, 6],
    [5, 78, 145, 9],
    [2, 31, 51, 7],
    [1, 21, 51, 4],
    [3, 24, 81, 3],
    [4, 37, 102, 6],
    [1, 24, 58, 3],
    [12, 51, 131, 2],
    [0, 1, 11, 0],
    [1, 6, 13, 5],
    [5, 6, 19, 2],
    [0, 2, 11, 0],
    [2, 22, 69, 3],
    [3, 27, 42, 5],
    [1, 6, 14, 1],
    [4, 22, 41, 1],
    [3, 17, 47, 1],
    [2, 17, 27, 3],
    [1, 8, 15, 2],
    [1, 14, 33, 0],
    [0, 9, 14, 0],
    [3, 15, 33, 1],
    [2, 22, 45, 1],
    [2, 16, 30, 1],
    [2, 19, 42, 5],
    [1, 27, 46, 1],
    [2, 19, 55, 1],
    [2, 15, 34, 1],
    [0, 4, 8, 0],
    [0, 15, 19, 8],
    [7, 34, 65, 2],
    [2, 8, 17, 1],
    [0, 9, 27, 1],
    [2, 12, 17, 1],
    [3, 15, 25, 2],
    [2, 21, 62, 3],
    [7, 36, 79, 5],
    [4, 2, 9, 0],
    [0, 7, 9, 0],
    [3, 12, 35, 1],
    [0, 12, 17, 0],
    [3, 5, 15, 1],
    [4, 14, 32, 1],
    [3, 4, 12, 1],
    [2, 6, 23, 0],
    [0, 6, 21, 2],
    [2, 4, 10, 2],
    [2, 0, 10, 0],
    [1, 3, 14, 0],
    [1, 9, 25, 7],
    [1, 4, 11, 1],
    [1, 3, 12, 0],
    [6, 32, 54, 2],
    [2, 10, 7, 1],
    [5, 17, 35, 5],
    [2, 5, 19, 2],
    [2, 3, 1, 0],
    [1, 4, 18, 0],
    [2, 14, 49, 2],
    [0, 7, 12, 3],
    [6, 12, 29, 1],
    [2, 6, 34, 4],
    [3, 7, 29, 1],
    [2, 5, 24, 2],
    [1, 3, 9, 0],
    [2, 26, 38, 3],
    [0, 2, 8, 0],
    [5, 2, 14, 1],
    [0, 1, 9, 2],
    [0, 2, 14, 1],
    [0, 2, 8, 1],
    [2, 10, 10, 2],
    [3, 6, 22, 0],
    [0, 6, 8, 1],
    [3, 16, 30, 1],
    [1, 1, 10, 2],
    [0, 5, 15, 1],
    [2, 10, 23, 4],
    [0, 8, 13, 2],
    [0, 6, 18, 3],
    [2, 6, 17, 2],
    [1, 6, 5, 3],
    [1, 2, 5, 0],
    [3, 16, 33, 1],
    [4, 17, 27, 1],
    [4, 6, 13, 2],
    [1, 11, 36, 2],
    [2, 17, 33, 5],
    [0, 6, 3, 0],
    [0, 4, 13, 0],
    [0, 6, 19, 0],
    [3, 9, 17, 0],
    [0, 11, 11, 0],
    [2, 4, 7, 0],
    [3, 6, 26, 2],
    [3, 11, 31, 4],
    [2, 8, 37, 3],
    [0, 3, 6, 1],
    [6, 20, 53, 0],
    [3, 11, 20, 3],
    [0, 12, 43, 2],
    [5, 7, 21, 4],
    [1, 12, 42, 1],
    [4, 9, 25, 2],
    [4, 15, 35, 0],
    [2, 4, 13, 1],
    [2, 10, 40, 3],
    [5, 14, 26, 3],
    [4, 0, 12, 2],
    [5, 19, 22, 2],
    [1, 3, 8, 0],
    [0, 0, 7, 0],
    [2, 4, 10, 1],
    [2, 3, 17, 0],
    [0, 2, 4, 1],
    [2, 1, 8, 1],
    [1, 3, 7, 0],
    [1, 1, 3, 1],
    [0, 0, 9, 1],
    [1, 5, 13, 2],
    [3, 4, 13, 1],
    [0, 1, 11, 0],
    [1, 0, 5, 0],
    [0, 8, 30, 2],
    [4, 8, 19, 1],
    [0, 9, 27, 0],
    [4, 10, 24, 1],
    [5, 0, 11, 0],
    [2, 8, 24, 4],
    [2, 1, 22, 1],
    [2, 4, 18, 3],
    [1, 13, 39, 0],
    [0, 3, 9, 1],
    [0, 9, 17, 1],
    [6, 59, 183, 8],
    [0, 3, 5, 0],
    [0, 6, 6, 3],
    [0, 2, 4, 0],
    [0, 3, 5, 0],
    [1, 9, 5, 0],
    [0, 4, 8, 1],
    [4, 5, 19, 4],
    [3, 3, 19, 4],
    [8, 22, 29, 5],
    [3, 22, 64, 4],
    [2, 28, 42, 4],
    [1, 5, 12, 1],
    [4, 30, 61, 6],
    [1, 0, 8, 0],
    [2, 3, 14, 0],
    [1, 1, 13, 0],
    [2, 3, 18, 1],
    [1, 1, 3, 1],
    [2, 7, 21, 1],
    [2, 12, 10, 2],
    [1, 2, 8, 0],
    [0, 3, 21, 1],
    [4, 7, 30, 2],
    [0, 5, 16, 0],
    [5, 45, 116, 4],
    [2, 4, 17, 0],
    [5, 41, 72, 5],
    [0, 3, 6, 0],
    [2, 2, 3, 0],
    [2, 5, 13, 0],
    [0, 1, 6, 1],
    [0, 1, 10, 0],
    [7, 18, 33, 5],
    [5, 10, 32, 7],
    [2, 15, 31, 2],
    [11, 23, 60, 8],
    [4, 9, 38, 0],
    [1, 2, 5, 1],
    [0, 2, 4, 1],
    [3, 4, 13, 1],
    [2, 6, 18, 1],
    [0, 3, 17, 1],
    [2, 0, 4, 0],
    [0, 1, 7, 0],
    [1, 2, 6, 0],
    [6, 21, 35, 5],
    [3, 12, 32, 8],
    [81, 560, 1314, 81],
    [11, 62, 188, 12],
    [123, 458, 1399, 87],
    [13, 30, 104, 10]
  ],
  "W": [
    [8, 27, 8, 7, 2, 5],
    [3, 12, 11, 4, 0, 1],
    [5, 34, 9, 5, 6, 2],
    [3, 17, 5, 3, 1, 1],
    [6, 26, 18, 8, 3, 3],
    [10, 36, 16, 6, 4, 0],
    [7, 23, 14, 7, 3, 4],
    [5, 18, 9, 4, 11, 2],
    [2, 6, 7, 1, 0, 0],
    [3, 27, 5, 8, 1, 0],
    [2, 2, 2, 1, 2, 1],
    [4, 14, 1, 3, 2, 0],
    [1, 10, 1, 1, 1, 1],
    [1, 9, 1, 5, 0, 0],
    [0, 3, 1, 3, 1, 0],
    [2, 11, 4, 0, 0, 1],
    [2, 5, 5, 6, 1, 2],
    [3, 12, 12, 8, 1, 1],
    [1, 6, 8, 4, 0, 1],
    [1, 4, 1, 2, 0, 0],
    [2, 3, 1, 2, 1, 1],
    [0, 7, 3, 0, 0, 0],
    [3, 22, 9, 2, 1, 2],
    [2, 8, 3, 5, 2, 0],
    [1, 16, 4, 9, 3, 3],
    [2, 6, 7, 5, 2, 2],
    [0, 6, 6, 8, 0, 3],
    [0, 18, 11, 6, 2, 4],
    [1, 44, 18, 6, 4, 7],
    [0, 23, 16, 3, 1, 4],
    [0, 4, 1, 3, 1, 1],
    [0, 4, 3, 1, 0, 1],
    [3, 1, 4, 2, 0, 0],
    [1, 2, 3, 2, 0, 1],
    [0, 2, 2, 2, 2, 2],
    [2, 92, 57, 5, 13, 8],
    [0, 6, 5, 3, 1, 1],
    [1, 6, 2, 5, 1, 1],
    [0, 3, 2, 1, 1, 1],
    [1, 7, 6, 6, 3, 1],
    [0, 4, 2, 4, 2, 1],
    [0, 3, 3, 0, 0, 0],
    [0, 8, 8, 0, 0, 2],
    [3, 4, 2, 3, 1, 3],
    [0, 6, 6, 4, 0, 2],
    [1, 4, 5, 1, 0, 0],
    [1, 0, 3, 2, 0, 1],
    [0, 4, 2, 4, 2, 0],
    [1, 3, 1, 3, 1, 0],
    [3, 10, 7, 3, 1, 0],
    [4, 14, 21, 5, 0, 3],
    [0, 3, 4, 3, 0, 0],
    [2, 5, 0, 0, 2, 1],
    [0, 11, 10, 6, 0, 0],
    [4, 5, 5, 1, 1, 3],
    [3, 13, 7, 4, 4, 3],
    [4, 9, 10, 1, 1, 2],
    [3, 10, 2, 4, 1, 1],
    [3, 11, 5, 1, 2, 0],
    [5, 10, 15, 10, 1, 2],
    [0, 4, 2, 1, 0, 1],
    [0, 5, 2, 1, 0, 2],
    [1, 2, 1, 4, 0, 2],
    [0, 4, 0, 3, 0, 0],
    [1, 3, 4, 0, 1, 0],
    [0, 7, 1, 3, 0, 0],
    [4, 52, 25, 1, 4, 12],
    [1, 33, 26, 2, 5, 4],
    [1, 21, 13, 0, 1, 1],
    [7, 99, 46, 12, 14, 21],
    [3, 35, 22, 7, 4, 8],
    [5, 50, 23, 5, 12, 10],
    [5, 44, 35, 2, 9, 10],
    [0, 61, 31, 1, 4, 6],
    [0, 62, 25, 3, 8, 8],
    [0, 57, 25, 2, 6, 5],
    [1, 79, 40, 2, 7, 4],
    [3, 60, 36, 1, 10, 13],
    [0, 15, 4, 0, 4, 1],
    [1, 51, 39, 3, 6, 3],
    [2, 47, 27, 2, 0, 8],
    [6, 59, 30, 3, 2, 6],
    [1, 34, 24, 9, 5, 6],
    [4, 57, 25, 5, 5, 7],
    [1, 59, 36, 1, 12, 9],
    [1, 79, 38, 0, 6, 7],
    [1, 60, 39, 5, 6, 2],
    [2, 41, 29, 1, 9, 11],
    [4, 105, 39, 10, 12, 16],
    [1, 13, 14, 2, 3, 1],
    [0, 44, 42, 3, 5, 9],
    [1, 19, 6, 1, 2, 0],
    [0, 53, 20, 5, 6, 3],
    [3, 43, 11, 3, 11, 3],
    [2, 52, 39, 2, 4, 5],
    [3, 57, 34, 0, 3, 5],
    [1, 53, 46, 1, 2, 9],
    [0, 73, 50, 2, 5, 11],
    [0, 41, 29, 2, 2, 3],
    [1, 95, 25, 3, 7, 11],
    [2, 61, 24, 1, 5, 7],
    [1, 63, 50, 1, 7, 8],
    [1, 30, 18, 2, 2, 1],
    [3, 29, 12, 0, 6, 5],
    [5, 35, 24, 7, 7, 1],
    [4, 32, 17, 4, 2, 4],
    [0, 13, 12, 2, 1, 4],
    [0, 22, 20, 3, 1, 1],
    [1, 30, 19, 1, 1, 2],
    [1, 45, 38, 4, 5, 4],
    [2, 18, 10, 1, 2, 2],
    [3, 17, 19, 4, 3, 1],
    [1, 39, 34, 6, 8, 5],
    [5, 67, 42, 4, 9, 3],
    [1, 8, 10, 6, 5, 6],
    [0, 11, 4, 2, 3, 2],
    [0, 9, 8, 1, 3, 2],
    [6, 57, 39, 16, 10, 9],
    [5, 78, 43, 9, 3, 6],
    [3, 80, 31, 1, 7, 8],
    [0, 83, 29, 5, 13, 6],
    [1, 85, 51, 7, 5, 8],
    [5, 157, 100, 10, 7, 12],
    [0, 34, 22, 2, 2, 5],
    [1, 39, 13, 12, 5, 5],
    [3, 82, 54, 2, 4, 6],
    [2, 43, 12, 2, 6, 7],
    [1, 39, 22, 5, 0, 2],
    [1, 64, 46, 10, 12, 6],
    [3, 65, 39, 7, 3, 12],
    [1, 78, 30, 3, 8, 4],
    [2, 107, 48, 2, 11, 12],
    [4, 140, 58, 10, 10, 15],
    [4, 52, 20, 2, 8, 5],
    [1, 46, 21, 2, 3, 4],
    [3, 57, 34, 5, 8, 4],
    [3, 73, 53, 7, 6, 7],
    [1, 45, 29, 3, 3, 5],
    [5, 98, 57, 16, 13, 7],
    [0, 5, 3, 3, 1, 0],
    [2, 7, 5, 6, 4, 1],
    [3, 13, 3, 7, 3, 3],
    [1, 2, 6, 4, 0, 0],
    [4, 41, 22, 13, 7, 9],
    [5, 28, 22, 8, 5, 9],
    [1, 11, 5, 1, 1, 3],
    [1, 43, 14, 6, 2, 2],
    [3, 34, 14, 4, 4, 9],
    [2, 30, 6, 6, 4, 1],
    [0, 13, 5, 5, 3, 0],
    [1, 29, 10, 3, 4, 1],
    [1, 13, 4, 4, 1, 0],
    [4, 27, 11, 5, 2, 3],
    [3, 42, 10, 6, 4, 5],
    [1, 29, 12, 2, 4, 1],
    [2, 34, 21, 5, 3, 3],
    [3, 44, 20, 3, 2, 3],
    [2, 45, 22, 4, 1, 3],
    [1, 30, 11, 1, 3, 6],
    [0, 9, 2, 0, 1, 0],
    [0, 23, 4, 2, 6, 7],
    [4, 65, 24, 5, 5, 5],
    [0, 19, 5, 2, 1, 1],
    [1, 14, 11, 7, 3, 1],
    [4, 15, 8, 2, 2, 1],
    [3, 24, 10, 1, 5, 2],
    [4, 38, 34, 2, 5, 5],
    [4, 65, 39, 3, 8, 8],
    [1, 7, 1, 5, 0, 1],
    [2, 5, 3, 4, 1, 1],
    [9, 28, 5, 5, 2, 2],
    [2, 18, 4, 3, 1, 1],
    [2, 10, 8, 1, 3, 0],
    [4, 26, 14, 4, 3, 0],
    [0, 8, 3, 4, 2, 3],
    [1, 11, 11, 5, 3, 0],
    [3, 11, 8, 3, 2, 2],
    [1, 8, 2, 2, 1, 4],
    [2, 2, 7, 1, 0, 0],
    [1, 10, 2, 3, 1, 1],
    [5, 18, 5, 9, 3, 2],
    [1, 9, 5, 2, 0, 0],
    [4, 9, 1, 2, 0, 0],
    [1, 51, 22, 4, 11, 5],
    [1, 15, 1, 2, 1, 0],
    [4, 32, 13, 7, 3, 3],
    [3, 11, 3, 5, 2, 4],
    [1, 3, 0, 1, 1, 0],
    [2, 7, 6, 2, 4, 2],
    [8, 31, 17, 5, 3, 3],
    [0, 16, 2, 1, 1, 2],
    [2, 24, 15, 5, 1, 1],
    [7, 16, 12, 2, 3, 6],
    [6, 20, 7, 4, 1, 2],
    [3, 20, 7, 0, 3, 0],
    [6, 2, 1, 3, 1, 0],
    [0, 37, 14, 5, 10, 3],
    [0, 3, 3, 1, 0, 3],
    [0, 6, 10, 4, 2, 0],
    [0, 5, 2, 3, 1, 1],
    [0, 9, 7, 1, 0, 0],
    [1, 3, 2, 4, 1, 0],
    [3, 12, 2, 3, 1, 3],
    [7, 9, 9, 4, 1, 1],
    [0, 9, 3, 0, 2, 1],
    [1, 28, 14, 3, 3, 1],
    [0, 7, 1, 4, 0, 2],
    [0, 10, 5, 1, 4, 1],
    [0, 17, 12, 3, 4, 3],
    [0, 14, 4, 1, 2, 2],
    [1, 20, 5, 1, 0, 0],
    [0, 8, 12, 4, 2, 1],
    [0, 9, 3, 0, 3, 0],
    [1, 5, 2, 0, 0, 0],
    [4, 33, 12, 1, 2, 1],
    [3, 29, 8, 4, 4, 1],
    [2, 12, 7, 1, 2, 1],
    [0, 26, 15, 1, 2, 6],
    [4, 27, 12, 6, 4, 4],
    [0, 8, 0, 0, 0, 1],
    [1, 9, 5, 2, 0, 0],
    [0, 16, 8, 1, 0, 0],
    [3, 13, 10, 0, 2, 1],
    [0, 13, 3, 3, 2, 1],
    [0, 7, 2, 1, 2, 1],
    [0, 16, 6, 6, 5, 4],
    [2, 28, 12, 5, 1, 1],
    [3, 17, 18, 8, 3, 1],
    [0, 4, 2, 2, 1, 1],
    [0, 35, 31, 6, 6, 1],
    [3, 18, 12, 2, 2, 0],
    [1, 32, 13, 4, 3, 4],
    [5, 10, 6, 11, 2, 3],
    [1, 31, 12, 9, 3, 0],
    [1, 20, 9, 5, 3, 2],
    [7, 22, 17, 7, 1, 0],
    [0, 11, 7, 1, 0, 1],
    [2, 22, 19, 1, 6, 5],
    [2, 25, 11, 5, 2, 3],
    [1, 7, 4, 4, 1, 1],
    [4, 23, 10, 8, 0, 3],
    [1, 8, 2, 0, 1, 0],
    [0, 1, 3, 2, 1, 0],
    [2, 9, 2, 4, 0, 0],
    [3, 6, 5, 3, 4, 1],
    [2, 0, 2, 2, 1, 0],
    [1, 3, 3, 4, 1, 0],
    [1, 4, 1, 5, 0, 0],
    [0, 1, 2, 3, 0, 0],
    [0, 3, 0, 7, 0, 0],
    [0, 9, 5, 6, 0, 1],
    [1, 7, 5, 7, 1, 0],
    [3, 5, 1, 2, 0, 1],
    [2, 2, 0, 2, 0, 0],
    [0, 16, 12, 6, 4, 2],
    [3, 11, 10, 3, 4, 1],
    [1, 20, 11, 1, 3, 0],
    [1, 18, 11, 3, 4, 2],
    [2, 8, 2, 2, 1, 1],
    [2, 22, 3, 3, 4, 4],
    [0, 14, 2, 7, 2, 1],
    [0, 10, 9, 7, 0, 1],
    [3, 31, 11, 5, 2, 1],
    [1, 3, 2, 3, 2, 2],
    [0, 17, 6, 2, 2, 0],
    [6, 130, 69, 25, 18, 8],
    [0, 6, 2, 0, 0, 0],
    [0, 9, 3, 1, 1, 1],
    [0, 4, 2, 0, 0, 0],
    [0, 7, 0, 0, 1, 0],
    [0, 10, 3, 1, 1, 0],
    [0, 4, 8, 0, 1, 0],
    [4, 17, 2, 4, 2, 3],
    [2, 8, 2, 6, 7, 4],
    [1, 37, 13, 6, 6, 1],
    [3, 45, 33, 0, 5, 7],
    [0, 41, 22, 5, 5, 3],
    [0, 10, 4, 2, 2, 1],
    [3, 56, 25, 3, 9, 5],
    [1, 4, 2, 1, 1, 0],
    [1, 7, 5, 5, 1, 0],
    [0, 10, 2, 3, 0, 0],
    [1, 8, 7, 7, 0, 1],
    [0, 0, 2, 2, 2, 0],
    [2, 13, 9, 3, 2, 2],
    [1, 12, 6, 5, 1, 1],
    [3, 4, 1, 2, 0, 1],
    [3, 10, 4, 7, 0, 1],
    [5, 15, 12, 5, 5, 1],
    [1, 9, 5, 3, 2, 1],
    [4, 90, 56, 9, 4, 7],
    [2, 7, 13, 0, 1, 0],
    [3, 72, 29, 1, 8, 10],
    [0, 3, 4, 2, 0, 0],
    [1, 4, 0, 1, 0, 1],
    [3, 10, 3, 1, 1, 2],
    [0, 3, 2, 1, 2, 0],
    [1, 4, 4, 2, 0, 0],
    [3, 32, 18, 6, 3, 1],
    [4, 30, 10, 4, 1, 5],
    [1, 31, 8, 6, 2, 2],
    [3, 54, 27, 11, 2, 5],
    [6, 15, 25, 1, 2, 2],
    [2, 4, 0, 2, 0, 1],
    [0, 4, 1, 1, 0, 1],
    [2, 5, 5, 4, 2, 3],
    [2, 11, 4, 6, 2, 2],
    [1, 10, 6, 2, 1, 1],
    [0, 3, 3, 0, 0, 0],
    [0, 4, 3, 1, 0, 0],
    [3, 2, 2, 1, 0, 1],
    [5, 26, 19, 12, 4, 1],
    [2, 20, 15, 7, 6, 5],
    [81, 905, 688, 136, 138, 88],
    [9, 120, 105, 16, 6, 17],
    [93, 975, 637, 138, 107, 117],
    [19, 56, 50, 20, 7, 5]
  ],
  "method": "mvn_cdf",
  "mvncdf_method": "genz",
  "mvncdf_samples": 5000,
  "mvncdf_error": 1e-06,
  "cond_prob": [
    [
      [0.23052044518, 0.019109409834, 0.71669204174, 0.033678103247],
      [0.016424763308, 0.3298300106, 0.63980710751, 0.013938118587],
      [0.022747195668, 0.15064026077, 0.81809569926, 0.0085168443026],
      [0.14441364385, 0.093043474142, 0.70365155989, 0.058891322121],
      [0.05905086217, 0.39182539802, 0.47240195009, 0.076721789723],
      [0.080278606518, 0.26032744681, 0.51530826998, 0.14408567669]
    ],
    [
      [0.36962504053, 0.01807031183, 0.43455965632, 0.17774499132],
      [0.041799108791, 0.43670239112, 0.52149850009, 0],
      [0.046008263606, 0.20245095831, 0.69609768389, 0.055443094197],
      [0.20380921895, 0.082971270003, 0.39941218515, 0.3138073259],
      [0.069877120673, 0.31596090278, 0.23763268186, 0.37652929469],
      [0.068207797477, 0.14651474966, 0.18361576657, 0.60166168629]
    ],
    [
      [0.30510964252, 0.019394339919, 0.62253046945, 0.052965548111],
      [0.017130938392, 0.3542904953, 0.60047372957, 0.028104836739],
      [0.032006406274, 0.16842102654, 0.78493250637, 0.014640060815],
      [0.19067615556, 0.095540521889, 0.61923552614, 0.09454779641],
      [0.07553694408, 0.39357347634, 0.40923359188, 0.12165598771],
      [0.098669891685, 0.25110937692, 0.42763455404, 0.22258617735]
    ],
    [
      [0.1416590847, 0.013174794892, 0.76705847532, 0.078107645089],
      [0.010393059269, 0.22604753297, 0.72047551265, 0.043083895102],
      [0.013637446063, 0.10229188554, 0.86546489505, 0.018605773344],
      [0.084063393404, 0.061303035789, 0.71872556385, 0.13590800696],
      [0.036141957529, 0.2702400778, 0.50177687847, 0.1918410862],
      [0.041821370271, 0.15205894189, 0.46546281363, 0.3406568742]
    ],
    [
      [0.29171218171, 0.016044564865, 0.6694912988, 0.022751954628],
      [0.020003117547, 0.30653315112, 0.67346373133, 0],
      [0.034766945324, 0.1364216496, 0.8267080332, 0.0021033718763],
      [0.18998086581, 0.081490450716, 0.68714162894, 0.041387054536],
      [0.082525175655, 0.36582969541, 0.4939979565, 0.057647172434],
      [0.11213946143, 0.24295609894, 0.537707898, 0.10719654162]
    ],
    [
      [0.49551813045, 0.0071560391635, 0.47996923845, 0.017356591932],
      [0, 0.17757953981, 0.81550909077, 0.0069113694219],
      [0.067381740393, 0.085340686259, 0.84055353122, 0.0067240421255],
      [0.36331402507, 0.041111313956, 0.5596945617, 0.035880099271],
      [0.1967066747, 0.23086432785, 0.50873911948, 0.063689877963],
      [0.24495675447, 0.14061513573, 0.50599701479, 0.10843109501]
    ],
    [
      [0.30376970692, 0.027190496311, 0.64879628731, 0.020243509466],
      [0.019062696986, 0.4298015185, 0.55113578451, 0],
      [0.036247963144, 0.2184372794, 0.74531475746, 0],
      [0.18925586388, 0.13305676306, 0.63403642485, 0.043650948205],
      [0.068206617808, 0.50245014152, 0.3790465485, 0.050296692166],
      [0.099571909072, 0.35684048067, 0.44312543031, 0.10046217995]
    ],
    [
      [0.32622959716, 0.034816088766, 0.52213934093, 0.11681497314],
      [0.031641260726, 0.51567399198, 0.42171963401, 0.030965113278],
      [0.033012669163, 0.2965475812, 0.63939090151, 0.031048848125],
      [0.18341548841, 0.15618779619, 0.46968068777, 0.19071602763],
      [0.056537916595, 0.50978075189, 0.24205161869, 0.19162971283],
      [0.073308131227, 0.32126000706, 0.25127060643, 0.35416125528]
    ],
    [
      [0.36771787625, 0.0048313725724, 0.18003335039, 0.44741740078],
      [0.01749260039, 0.24500577404, 0.67984350869, 0.057658116886],
      [0.14928910614, 0.21507190383, 0.63563899003, 0],
      [0.11458490217, 0.014799283792, 0.11139931691, 0.75921649712],
      [0.025328989673, 0.039401481625, 0.047995284851, 0.88727424385],
      [0.005462567348, 0.0038230052916, 0.0080080278173, 0.98270639954]
    ],
    [
      [0.19266812259, 0.020251352073, 0.75695920398, 0.030121321357],
      [0.012703484267, 0.33310502469, 0.63969802753, 0.01449346351],
      [0.017757922889, 0.15237026802, 0.82266355697, 0.007208252121],
      [0.11790270374, 0.097377418743, 0.73273475474, 0.051985122786],
      [0.046990312704, 0.40453958702, 0.48207982201, 0.066390278269],
      [0.065103730778, 0.27223572788, 0.53418944786, 0.12847109348]
    ],
    [
      [0.33542522843, 0.049448733774, 0.41509827189, 0.20002776591],
      [0.0055619342007, 0.30382932831, 0.67629781736, 0.014310920132],
      [0.018061406683, 0.12765258672, 0.84308950451, 0.011196502083],
      [0.12319952237, 0.078301300603, 0.71412889536, 0.084370281668],
      [0.047981271324, 0.36995202941, 0.46678224709, 0.11528445218],
      [0.062740796346, 0.21993334297, 0.48333542295, 0.23399043773]
    ],
    [
      [0.25846133979, 0.018352175416, 0.68731245015, 0.03587403464],
      [0.024526281561, 0.33625464633, 0.60467065617, 0.034548415945],
      [0.024080402113, 0.15184950181, 0.81489885108, 0.0091712449997],
      [0.15813943365, 0.091498194073, 0.68574146156, 0.064620910719],
      [0.062143997954, 0.39634108288, 0.45661888864, 0.084896030524],
      [0.084490053449, 0.25631361293, 0.49249085832, 0.16670547529]
    ],
    [
      [0.18235251216, 0.00052629496367, 0.81712119287, 0],
      [0, 0.36786736892, 0.63213263108, 0],
      [0.3854724469, 0.095387683441, 0.51913986966, 0],
      [0.92924462469, 0.0098121895997, 0.060943185714, 0],
      [0.70026338936, 0.14223421051, 0.15750240013, 0],
      [0.80266702689, 0.073365932276, 0.12396704083, 0]
    ],
    [
      [0.16222257001, 0.0101367911, 0.82764063889, 0],
      [0.029022875012, 0.18438820947, 0.78658891552, 0],
      [0.015917310636, 0.076241558485, 0.90784113088, 0],
      [0.11213084885, 0.050825553036, 0.83704359812, 0],
      [0.046151661371, 0.26627216414, 0.66295731134, 0.024618863149],
      [0.063325451249, 0.17261961561, 0.72110215544, 0.0429527777]
    ],
    [
      [0.022324287187, 0.0083740733841, 0.96424572437, 0.0050559150626],
      [0, 0.16191571854, 0.83808428146, 0],
      [0, 0.05986520802, 0.94013479198, 0],
      [0, 0.065520457476, 0.93447954252, 0],
      [0, 0.25782626393, 0.74217373607, 0],
      [0.01461551176, 0.14945195546, 0.81847163813, 0.017460894648]
    ],
    [
      [0.99163851669, 0.00019626318158, 0.0081652201281, 0],
      [0, 0.21955788587, 0.78044211413, 0],
      [0.27570384071, 0.38868693093, 0.33560922836, 0],
      [0.97108224485, 0.00296694274, 0.025269103535, 0.0006817088769],
      [0.86007714753, 0.058384803764, 0.07742455045, 0.0041134982564],
      [0.9139076038, 0.029723005281, 0.056369390921, 0]
    ],
    [
      [0.25573894151, 0.024056948478, 0.57382693356, 0.14637717646],
      [0.0069086983451, 0.43583721845, 0.51480812048, 0.042445962718],
      [0.025531223289, 0.21530155275, 0.72099559971, 0.038171624243],
      [0.1958551218, 0.14403337091, 0.47994070189, 0.1801708054],
      [0.046085237022, 0.40192648757, 0.2817824741, 0.2702058013],
      [0.052553270491, 0.21503276699, 0.25595042324, 0.47646353928]
    ],
    [
      [0.26695455226, 0.0140552165, 0.62490934929, 0.094080881954],
      [0.034658608991, 0.2867416394, 0.64073781978, 0.037861931826],
      [0.028833239996, 0.12703949724, 0.81790593327, 0.0262213295],
      [0.16179462875, 0.067411562187, 0.60375932866, 0.1670344804],
      [0.066687541159, 0.29191507187, 0.41378576684, 0.22761162014],
      [0.076189584202, 0.16125314148, 0.37768651943, 0.38487075489]
    ],
    [
      [0.17144596117, 0.013650688125, 0.68382305954, 0.13108029116],
      [0.0052723887144, 0.2636407735, 0.68994664765, 0.041140190132],
      [0.047331523366, 0.12974835002, 0.80004257229, 0.022877554323],
      [0.095238811783, 0.061289549369, 0.6149931073, 0.22847853154],
      [0.037474261629, 0.25655915797, 0.3983061452, 0.3076604352],
      [0.037312272482, 0.12135967324, 0.31618404699, 0.52514400729]
    ],
    [
      [0.36433198975, 0.075178748851, 0.5604892614, 0],
      [0.078493762583, 0.66680133833, 0.25470489908, 0],
      [0.015800819957, 0.53157483293, 0.45262434712, 0],
      [0.15294606998, 0.36302053244, 0.48403339758, 0],
      [0.016336767919, 0.86871980033, 0.11360570439, 0.0013377273636],
      [0.038450068784, 0.76014330749, 0.19973310303, 0.0016735206951]
    ],
    [
      [0.17274650168, 0.023723658358, 0.80352983996, 0],
      [0.078534489661, 0.34732824318, 0.57413726716, 0],
      [0.016760434775, 0.1140917681, 0.86914779713, 0],
      [0.11997885358, 0.07534138727, 0.80467975915, 0],
      [0.062821724205, 0.38831324911, 0.54886502668, 0],
      [0.099363661505, 0.25748016199, 0.64315617651, 0]
    ],
    [
      [0.27831506451, 0.020491932588, 0.64372948942, 0.057463513483],
      [0, 0.47249336828, 0.52750663172, 0],
      [0.33333333333, 0.23084880735, 0.43581785932, 0],
      [1, 4.0524461364e-39, 5.6283201632e-39, 5.2839668396e-56],
      [0.90033931716, 0.062381958304, 0.037277656497, 1.0680348727e-06],
      [0.093446831438, 0.25380580049, 0.43193471922, 0.22081264885]
    ],
    [
      [0.15479131609, 0.036636371082, 0.77247739825, 0.036094914575],
      [0.0063164539296, 0.45517150852, 0.52021485809, 0.018297179457],
      [0.0125011247, 0.24416866779, 0.73579444182, 0.0075357656952],
      [0.086854300398, 0.16395174116, 0.6913431891, 0.057850769336],
      [0.027599228411, 0.55137554346, 0.36266083963, 0.058364388503],
      [0.041423056886, 0.39976033168, 0.43517186653, 0.1236447449]
    ],
    [
      [0.34333684767, 0.012398315569, 0.21121686687, 0.43304796989],
      [0.014364047857, 0.47776287534, 0.5078730768, 0],
      [0.057018934803, 0.21816533638, 0.52486441106, 0.19995131776],
      [0.38851682768, 0.23637920279, 0.15530656422, 0.2197974053],
      [0.042386489493, 0.15835417153, 0.081727798769, 0.71753154021],
      [0.027657108672, 0.047893887206, 0.04182475249, 0.88262425163]
    ],
    [
      [0.14191199957, 0.034055333537, 0.77650898946, 0.04752367743],
      [0, 0.43745372612, 0.53615098073, 0.026395293153],
      [0.01195690163, 0.22996640081, 0.74800261617, 0.010074081391],
      [0.068326651096, 0.15192933972, 0.69421394295, 0.085530066238],
      [0.026553972557, 0.52442015214, 0.37006387401, 0.078962001295],
      [0.038552872127, 0.36873164382, 0.43164924854, 0.16106623551]
    ],
    [
      [0, 0.0085217013688, 0.99147829863, 0],
      [0, 0.14501584993, 0.85498415007, 0],
      [0, 0.027451778815, 0.97254822119, 0],
      [0, 0.041377923398, 0.9586220766, 0],
      [0, 0.21721659121, 0.78278340879, 0],
      [0, 0.13968812329, 0.86031187671, 0]
    ],
    [
      [0.074607529591, 0.018907987693, 0.5397684396, 0.36671604312],
      [0, 0.36152526061, 0.52533544583, 0.11313929356],
      [0, 0.17713814426, 0.72356441439, 0.099297441349],
      [0, 0.18109259899, 0.63588029724, 0.18302710377],
      [0.011566426951, 0.2381618717, 0.20491385007, 0.54535785128],
      [0, 0.10642625963, 0.13985282023, 0.75372092014]
    ],
    [
      [0.65810519981, 0.0062701775838, 0.30074187391, 0.034882748695],
      [0, 0.2555788308, 0.68641195709, 0.058009212109],
      [0.029876649226, 0.10768045374, 0.84358501282, 0.01885788421],
      [0.49404925941, 0.039574615457, 0.38595885749, 0.080417267643],
      [0.25701444563, 0.23132525875, 0.36277973516, 0.14888056046],
      [0.2982581027, 0.12874946104, 0.33095925402, 0.24203318224]
    ],
    [
      [0.24596676548, 0.027381369366, 0.70192895151, 0.024722913648],
      [0.0093956695759, 0.41105341521, 0.57955091522, 0],
      [0.028699239576, 0.20575679863, 0.7655439618, 0],
      [0.14985117541, 0.13075316672, 0.67715930626, 0.042236351598],
      [0.054327047942, 0.48929905584, 0.40745210456, 0.048921791662],
      [0.10108888808, 0.34870439465, 0.47503931582, 0.075167401445]
    ],
    [
      [0.14962405234, 0.017104650224, 0.80679282136, 0.026478476081],
      [0.011334071705, 0.28033147489, 0.69806545347, 0.01026899993],
      [0.013445858231, 0.12481956187, 0.85552209205, 0.0062124878549],
      [0.091398355676, 0.082025930947, 0.78101642452, 0.045559288861],
      [0.038681038086, 0.35731530362, 0.54233993747, 0.06166372082],
      [0.052826628494, 0.23796749779, 0.59268797159, 0.11651790213]
    ],
    [
      [0.054784823729, 0.047382656004, 0.83589058856, 0.061941931708],
      [0, 0.49911449191, 0.41953248706, 0.081353021028],
      [0, 0.29811739428, 0.68637297678, 0.015509628938],
      [0, 0.20316472306, 0.67296056507, 0.12387471187],
      [0, 0.64374776152, 0.27263751293, 0.083614725546],
      [0, 0.45218270738, 0.34397786682, 0.2038394258]
    ],
    [
      [0.0067022512357, 0.031543743354, 0.95605638138, 0.005697624027],
      [0, 0.44927583171, 0.55072416829, 0],
      [0, 0.20067174521, 0.79932825479, 0],
      [0, 0.15960650707, 0.84039349293, 0],
      [0.0039905464081, 0.57201851063, 0.41788685459, 0.00610408837],
      [0, 0.44127493045, 0.55872506955, 0]
    ],
    [
      [0.16927652636, 0, 0.75050743029, 0.080216043345],
      [0.0059727075714, 0, 0.8818324205, 0.11219487192],
      [0.060272215497, 0, 0.85372250268, 0.086005281826],
      [0.12255442568, 0, 0.72587763895, 0.15156793537],
      [0.050296740811, 0.08970993734, 0.56982665413, 0.29016666772],
      [0.041553740025, 0.032287194307, 0.36574706319, 0.56041200248]
    ],
    [
      [0, 0.024062754934, 0.8595944755, 0.11634276956],
      [0, 0.39078677175, 0.59247793387, 0.016735294381],
      [0, 0.21328224247, 0.68383976236, 0.10287799517],
      [0, 0.13917538271, 0.74443883938, 0.11638577791],
      [0.010896865501, 0.46356409227, 0.39859008375, 0.12694895847],
      [0, 0.27616620874, 0.41505269091, 0.30878110034]
    ],
    [
      [9.92403839e-16, 1.9221363424e-15, 3.1625270847e-13, 1],
      [0, 4.9932280533e-13, 1, 0],
      [0, 3.7497782657e-13, 1, 0],
      [0, 1.5543122345e-15, 1, 0],
      [0, 0.32830426466, 0.5, 0.17169573534],
      [0, 0.17169573534, 3.4141919711e-16, 0.82830426466]
    ],
    [
      [0.20940130604, 0.022606648239, 0.69598965565, 0.07200239007],
      [0.0069413792673, 0.36097395483, 0.60739813758, 0.024686528324],
      [0.020877575439, 0.17506088613, 0.78600258331, 0.018058955129],
      [0.12565866681, 0.1042273689, 0.65015482961, 0.11995913468],
      [0.048180620511, 0.4000058778, 0.4068282421, 0.14498525959],
      [0.062240911821, 0.25568738673, 0.42321293599, 0.25885876546]
    ],
    [
      [0.53328601194, 0.0052537423671, 0.18776206592, 0.27369817977],
      [0.023573069573, 0.29046351984, 0.68596341059, 0],
      [0.14936875756, 0.21288320102, 0.63774804142, 0],
      [0.3328081485, 0.024714606694, 0.17967159384, 0.46280565097],
      [0.071544427118, 0.093467392513, 0.10795264916, 0.72703553121],
      [0.041748922157, 0.02519166327, 0.048511898701, 0.88454751587]
    ],
    [
      [0, 0.016322328093, 0.88473520261, 0.098942469292],
      [0, 0.26343039591, 0.68195949036, 0.054610113723],
      [0, 0.11337247728, 0.87312368408, 0.013503838638],
      [0, 0.11228460248, 0.82497607851, 0.062739319012],
      [0, 0.36797986906, 0.55369892248, 0.078321208462],
      [0, 0.24694746041, 0.59868117202, 0.15437136757]
    ],
    [
      [0.010222384021, 0.032731317067, 0.94941327003, 0.0076330288787],
      [0, 0.44808534359, 0.55191465641, 0],
      [0, 0.20748693839, 0.79251306161, 0],
      [0, 0.17070930006, 0.82929069994, 0],
      [0, 0.6052244558, 0.3947755442, 0],
      [0, 0.46483633657, 0.53516366343, 0]
    ],
    [
      [0.23680612974, 0.0093071926474, 0.52667383378, 0.22721284383],
      [0.0089821422996, 0.22212376496, 0.76889409274, 0],
      [0.028352270837, 0.096918669267, 0.8747290599, 0],
      [0.2238601522, 0.050175524149, 0.46018062474, 0.2657836989],
      [0.048402504292, 0.16190547222, 0.29317192785, 0.49652009564],
      [0.041836823049, 0.067544875508, 0.20209362563, 0.68852467581]
    ],
    [
      [0.14873671605, 0.0066407725488, 0.83589405618, 0.0087284552271],
      [0.066714398956, 0.069118109634, 0.86416749141, 0],
      [0.015397370367, 0.04916771486, 0.93543491477, 0],
      [0.10992267185, 0.033200763927, 0.85687656423, 0],
      [0.076153586025, 0.18735228764, 0.73649412633, 0],
      [0.11034980401, 0.11768450075, 0.77196569524, 0]
    ],
    [
      [0.27831506451, 0.020491932588, 0.64372948942, 0.057463513483],
      [0, 0.25867622889, 0.74132377111, 0],
      [0, 0.074657104447, 0.92534289555, 0],
      [0.17656569379, 0.098180810861, 0.62629396225, 0.098959533102],
      [0.071877819075, 0.3920980388, 0.41126688517, 0.12475725696],
      [0.093446831438, 0.25380580049, 0.43193471922, 0.22081264885]
    ],
    [
      [0.96613841141, 0.00062267249197, 0.032793170902, 0.0004457451915],
      [0, 0.22984112678, 0.77015887322, 0],
      [0.083507801021, 0.121413816, 0.79507838298, 0],
      [0.86532383891, 0.010802333979, 0.12134261986, 0.002531207247],
      [0.53902109049, 0.16146485317, 0.28783428748, 0.011679768852],
      [0.66596879591, 0.094980228884, 0.2390509752, 0]
    ],
    [
      [0.45404003726, 0.013792159312, 0.47302426588, 0.059143537552],
      [0.056912654805, 0.28000127449, 0.6630860707, 0],
      [0.059330200159, 0.10828674968, 0.78599762217, 0.046385427997],
      [0.27969543495, 0.043661020376, 0.43627543477, 0.2403681099],
      [0.11523851938, 0.20735740125, 0.31725852909, 0.36014555029],
      [0.11241468149, 0.094568154119, 0.24350094727, 0.54951621712]
    ],
    [
      [0.051922384416, 0.014528300462, 0.92304379006, 0.010505525059],
      [0, 0.23193042714, 0.76806957286, 0],
      [0, 0.09840027021, 0.90159972979, 0],
      [0, 0.10900708854, 0.89099291146, 0],
      [0.015766588341, 0.33346302269, 0.62671339582, 0.024056993145],
      [0, 0.29099373086, 0.70900626914, 0]
    ],
    [
      [0.34027091532, 0.0071299872152, 0.65259909746, 0],
      [0.0093279112554, 0.16742537244, 0.8232467163, 0],
      [0.084195055078, 0.056602117192, 0.85920282773, 0],
      [0.20144216426, 0.040157937057, 0.75839989868, 0],
      [0.088905888013, 0.23777975883, 0.66781596945, 0.0054983837042],
      [0.12644882474, 0.15019921054, 0.71993087656, 0.0034210881607]
    ],
    [
      [5.3568260938e-13, 0, 0.44392125006, 0.55607874994],
      [0.0018759990146, 0.021454913558, 0.97666875182, 3.3560455779e-07],
      [0.005049856897, 0, 0.9949501431, 0],
      [0.43527082578, 0, 0.56472917422, 0],
      [6.1720973844e-16, 2.2530564469e-15, 4.6838749257e-14, 1],
      [0.11430877775, 0, 0.44176997219, 0.44392125006]
    ],
    [
      [0.17054103997, 0.0069316148244, 0.81457172296, 0.0079556222426],
      [0.08085745247, 0.089767544331, 0.8293750032, 0],
      [0.016786466061, 0.052318651757, 0.93089488218, 0],
      [0.12122812357, 0.034974399516, 0.84379747692, 0],
      [0.079042381863, 0.19819746055, 0.72276015759, 0],
      [0.07389335021, 0.12471945952, 0.76212480029, 0.039262389979]
    ],
    [
      [0.1919235949, 0.014540056251, 0.79353634885, 0],
      [0.0055622590422, 0.18697014091, 0.80746760005, 0],
      [0.017916830283, 0.061898938229, 0.92018423149, 0],
      [0.23253317305, 0.041000563041, 0.72646626391, 0],
      [0.075873278548, 0.23964889366, 0.68447782779, 0],
      [0.080326888039, 0.15029718218, 0.74199879135, 0.027377138433]
    ],
    [
      [0.47827116079, 0.0097862331949, 0.48174517291, 0.030197433109],
      [0.0056324196595, 0.27068736219, 0.66983815095, 0.053842067207],
      [0.055872167925, 0.1145972722, 0.81863018417, 0.010900375699],
      [0.32344864984, 0.056031793825, 0.55709120932, 0.063428347014],
      [0.14741119605, 0.29349139165, 0.45469805463, 0.10439935767],
      [0.18529977936, 0.17377819807, 0.44819218999, 0.19272983258]
    ],
    [
      [0.32447402269, 0.0079615129139, 0.55488168568, 0.11268277872],
      [0.013248932205, 0.19442858182, 0.74299952071, 0.049322965271],
      [0.058445221972, 0.037012943478, 0.88542814066, 0.019113693889],
      [0.20192385088, 0.039080282503, 0.55236177859, 0.20663408802],
      [0.09074453894, 0.18200944402, 0.41541736049, 0.31182865655],
      [0.09321664751, 0.091160192451, 0.34089337352, 0.47472978652]
    ],
    [
      [0.31182631725, 0.0041570126926, 0.60643334618, 0.077583323872],
      [0.0091468125836, 0, 0.86088338254, 0.12996980487],
      [0.09670766119, 0, 0.8776903082, 0.025602030612],
      [0.1952429725, 0, 0.63552953986, 0.16922748764],
      [0.075918739199, 0.092771081064, 0.49185523809, 0.33945494165],
      [0.054462187177, 0.030120873201, 0.27205027731, 0.64336666231]
    ],
    [
      [0.25435056459, 0.01181364849, 0.68821241458, 0.045623372333],
      [0.059323569886, 0.24334621342, 0.62135210088, 0.075978115809],
      [0.020715725998, 0.10053453656, 0.86711715822, 0.011632579217],
      [0.14616799096, 0.06028036937, 0.70690935116, 0.086642288504],
      [0.060209209156, 0.29534272192, 0.51129171078, 0.13315635814],
      [0.074262603071, 0.16895619206, 0.49423124485, 0.26254996001]
    ],
    [
      [0.74497432284, 0.0023623744939, 0.23849406979, 0.014169232879],
      [0, 0.033876607046, 0.9046626214, 0.061460771551],
      [0.041827076877, 0.052661837651, 0.89548414375, 0.010026941723],
      [0.59695487187, 0.016789824331, 0.34897828785, 0.037277015951],
      [0.36778730933, 0.12359671405, 0.41643713984, 0.092178836781],
      [0.41862522056, 0.066156149346, 0.36600476255, 0.14921386754]
    ],
    [
      [0.14267445188, 0.020509012665, 0.80440370165, 0.032412833803],
      [0.021759157691, 0.36314739346, 0.55546238076, 0.059631068089],
      [0.012574906863, 0.14983400781, 0.83025270768, 0.0073383776504],
      [0.085373393736, 0.098148537426, 0.76127618401, 0.055201884824],
      [0.033042977981, 0.41959865708, 0.47854589811, 0.068812466827],
      [0.046405165991, 0.27843658283, 0.5379958897, 0.13716236148]
    ],
    [
      [0.26588810797, 0.0085534956246, 0.7255583964, 0],
      [0.012085389775, 0.14465084178, 0.84326376844, 0],
      [0.030329470603, 0.073212483584, 0.89645804581, 0],
      [0.1981488837, 0.044698827557, 0.75715228875, 0],
      [0.12484984627, 0.23722015867, 0.63792999506, 0],
      [0.18030813164, 0.15123841332, 0.66845345504, 0]
    ],
    [
      [0.14695316562, 0.027644137462, 0.78909417116, 0.036308525757],
      [0.0035476971743, 0.40072090023, 0.5866261375, 0.009105265095],
      [0.017858404923, 0.19997690799, 0.74557758214, 0.036587104951],
      [0.085278570517, 0.12810807546, 0.72638729667, 0.060226057352],
      [0.029934405413, 0.48525919453, 0.41738061951, 0.067425780549],
      [0.043230518885, 0.33489949909, 0.48222217017, 0.13964781185]
    ],
    [
      [0.16085047489, 0.065412128417, 0.72944083381, 0.044296562887],
      [0.012557480561, 0.56672528412, 0.37706417087, 0.043653064445],
      [0.010947704641, 0.39021455337, 0.59106220564, 0.007775536341],
      [0.080213726364, 0.27030796653, 0.58518918641, 0.064289120697],
      [0.018289130259, 0.71473762829, 0.22100403729, 0.045969204161],
      [0.030834324727, 0.56011217237, 0.29715059565, 0.11190290726]
    ],
    [
      [0.16131171908, 0.016817904343, 0.65715424218, 0.1647161344],
      [0.026325419864, 0.32792725644, 0.61641621234, 0.029331111352],
      [0.015920974807, 0.14258977599, 0.80191685666, 0.039572392547],
      [0.084961423493, 0.072166240878, 0.56273842689, 0.28013390874],
      [0.030959463361, 0.27861567267, 0.33781811375, 0.35260675022],
      [0.02871697434, 0.124435404, 0.25087300904, 0.59597461262]
    ],
    [
      [0.32982709197, 0.01305307516, 0.61897412892, 0.038145703954],
      [0.011719926901, 0.27462775942, 0.69915533052, 0.014496983153],
      [0.04797601369, 0.1201367272, 0.80013351438, 0.03175374474],
      [0.21677558131, 0.067392203692, 0.6446693797, 0.071162835301],
      [0.097286536442, 0.31804173101, 0.48075466842, 0.10391706413],
      [0.12449135812, 0.19722117706, 0.49206243459, 0.18622503023]
    ],
    [
      [0.004398230384, 0.020441806069, 0.86587152522, 0.10928843833],
      [0, 0.37118494114, 0.58412393531, 0.044691123541],
      [0, 0.14232762986, 0.83854265964, 0.0191297105],
      [0, 0.092735320173, 0.71390275845, 0.19336192137],
      [0.0045360009408, 0.34863352995, 0.40307274261, 0.2437577265],
      [0, 0.13786965553, 0.27251618101, 0.58961416346]
    ],
    [
      [0.012184642683, 0.022939224797, 0.9568336834, 0.0080424491182],
      [0, 0.36670003276, 0.63329996724, 0],
      [0, 0.15184777815, 0.84815222185, 0],
      [0, 0.12998858768, 0.87001141232, 0],
      [0.0058831214182, 0.46940842322, 0.51129260722, 0.013415848146],
      [0, 0.36640784611, 0.63359215389, 0]
    ],
    [
      [0, 0.017525238489, 0.95125036466, 0.03122439685],
      [0, 0.25499016038, 0.74365767366, 0.001352165964],
      [0, 0.11678919961, 0.87918078997, 0.0040300104146],
      [0, 0.20449389754, 0.055009184066, 0.74049691839],
      [0.0099680845917, 0.37858024556, 0.61142086259, 3.0807260223e-05],
      [0, 0.26886482549, 0.73110838089, 2.6793617929e-05]
    ],
    [
      [5.0193472771e-14, 1.0139935148e-12, 2.1501986619e-10, 0.99999999978],
      [0, 0, 1, 0],
      [0.00024348562188, 0.032521363552, 0.96723512746, 2.3361870497e-08],
      [1.5100392464e-15, 1.3633005835e-13, 0.33333333333, 0.66666666667],
      [1.1089942325e-17, 5.8629859952e-14, 3.7655169998e-13, 1],
      [2.8623011996e-05, 6.3084750027e-05, 0.00079169347658, 0.99911659876]
    ],
    [
      [0, 0.067036195119, 0.93296380488, 0],
      [0, 0.65990803275, 0.34009196725, 0],
      [0, 0.29437377893, 0.70562622107, 0],
      [0.011218624892, 0.28208048496, 0.70258159987, 0.0041192902853],
      [0, 0.7757445909, 0.2242554091, 0],
      [0.0056731404211, 0.64884143475, 0.34439409219, 0.0010913326379]
    ],
    [
      [0.036766819049, 0.036413540337, 0.82433363889, 0.10248600173],
      [0, 0.47202346509, 0.4695417538, 0.05843478111],
      [0, 0.24126094012, 0.73741580108, 0.021323258798],
      [0, 0.15152493475, 0.65859730744, 0.18987775781],
