{
  "X": [
    [48, 34, 95, 180, 183, 0],
    [35, 125, 119, 132, 220, 1],
    [47, 108, 125, 198, 193, 0],
    [53, 56, 104, 202, 205, 0],
    [41, 73, 107, 151, 208, 0],
    [56, 21, 28, 110, 169, 0],
    [15, 79, 67, 121, 172, 1],
    [45, 48, 55, 129, 158, 0],
    [36, 40, 31, 112, 141, 0],
    [43, 14, 31, 106, 147, 2],
    [21, 40, 55, 75, 92, 0],
    [44, 22, 50, 140, 175, 0],
    [17, 13, 23, 81, 95, 1],
    [6, 7, 18, 56, 117, 0],
    [60, 24, 21, 120, 133, 0],
    [40, 22, 28, 198, 195, 0],
    [21, 28, 79, 177, 169, 0],
    [26, 31, 51, 154, 136, 0],
    [35, 34, 69, 137, 154, 2],
    [38, 50, 90, 143, 170, 0],
    [31, 27, 59, 161, 181, 0],
    [60, 49, 100, 196, 175, 0],
    [61, 63, 123, 183, 226, 3],
    [48, 52, 97, 181, 162, 1],
    [27, 45, 104, 128, 139, 0],
    [50, 54, 119, 158, 169, 0],
    [41, 61, 102, 142, 143, 1],
    [34, 36, 84, 92, 137, 1],
    [6, 28, 75, 102, 104, 0],
    [12, 34, 94, 141, 151, 0],
    [55, 23, 94, 112, 136, 1],
    [31, 23, 130, 115, 122, 0],
    [28, 23, 78, 120, 126, 1],
    [17, 16, 85, 92, 128, 0],
    [25, 45, 135, 160, 163, 0],
    [37, 42, 110, 121, 171, 1],
    [37, 28, 80, 128, 177, 1],
    [16, 12, 36, 152, 195, 0],
    [58, 19, 38, 172, 147, 1],
    [48, 8, 29, 106, 97, 1],
    [24, 31, 126, 152, 181, 1],
    [73, 11, 25, 109, 133, 2],
    [36, 13, 33, 144, 124, 2],
    [46, 17, 44, 122, 131, 1],
    [42, 104, 78, 169, 203, 3],
    [46, 81, 69, 144, 217, 0],
    [56, 83, 69, 127, 189, 0],
    [19, 65, 114, 111, 168, 1],
    [19, 44, 103, 111, 140, 0],
    [13, 76, 109, 124, 155, 0],
    [34, 81, 87, 170, 166, 1],
    [16, 54, 63, 127, 162, 0],
    [47, 35, 79, 121, 135, 0],
    [20, 24, 28, 134, 108, 0],
    [9, 55, 64, 88, 108, 0],
    [35, 40, 60, 117, 135, 0],
    [45, 22, 42, 114, 152, 1],
    [33, 30, 36, 158, 134, 0],
    [46, 160, 94, 119, 142, 0],
    [35, 146, 109, 104, 158, 1],
    [29, 30, 82, 158, 177, 0],
    [59, 32, 97, 173, 175, 0],
    [253, 667, 844, 1447, 1535, 5]
  ],
  "W": [
    [38, 89, 23, 50, 141, 135, 64],
    [70, 36, 103, 80, 103, 184, 56],
    [47, 79, 94, 66, 180, 158, 47],
    [52, 94, 47, 47, 145, 170, 65],
    [47, 67, 61, 59, 118, 166, 62],
    [15, 7, 22, 18, 111, 146, 65],
    [39, 21, 60, 42, 113, 138, 42],
    [38, 25, 43, 26, 115, 134, 54],
    [19, 14, 25, 20, 110, 117, 55],
    [15, 14, 10, 16, 112, 124, 52],
    [18, 16, 27, 38, 66, 88, 30],
    [17, 21, 16, 29, 123, 140, 85],
    [11, 9, 6, 13, 69, 74, 48],
    [9, 8, 7, 7, 50, 93, 30],
    [17, 12, 20, 20, 121, 124, 44],
    [15, 12, 11, 17, 202, 174, 52],
    [33, 24, 26, 54, 163, 146, 28],
    [26, 8, 26, 29, 135, 116, 58],
    [26, 26, 25, 44, 119, 134, 57],
    [20, 14, 38, 59, 134, 158, 68],
    [22, 14, 21, 43, 154, 160, 45],
    [40, 27, 37, 65, 173, 154, 84],
    [40, 44, 54, 72, 176, 189, 84],
    [49, 38, 37, 64, 162, 129, 62],
    [29, 33, 37, 63, 114, 113, 54],
    [26, 44, 39, 80, 156, 143, 62],
    [32, 26, 53, 69, 124, 126, 60],
    [16, 57, 17, 51, 85, 112, 46],
    [23, 41, 18, 43, 78, 83, 29],
    [36, 78, 21, 50, 104, 110, 33],
    [28, 89, 22, 40, 99, 99, 44],
    [25, 45, 22, 74, 117, 97, 41],
    [28, 26, 16, 45, 111, 106, 44],
    [25, 35, 11, 51, 79, 103, 34],
    [42, 67, 34, 76, 132, 124, 53],
    [49, 32, 31, 74, 120, 133, 43],
    [30, 39, 28, 35, 116, 151, 52],
    [25, 9, 8, 27, 132, 176, 34],
    [33, 7, 13, 20, 162, 135, 65],
    [17, 10, 7, 15, 109, 85, 46],
    [23, 77, 29, 73, 128, 138, 47],
    [15, 17, 10, 12, 123, 122, 54],
    [27, 18, 10, 16, 128, 103, 50],
    [19, 15, 12, 29, 122, 110, 54],
    [61, 18, 81, 43, 150, 184, 62],
    [52, 21, 67, 40, 125, 181, 71],
    [48, 21, 62, 43, 123, 170, 57],
    [40, 50, 42, 71, 99, 129, 47],
    [40, 65, 32, 53, 83, 109, 35],
    [40, 52, 63, 65, 111, 119, 27],
    [49, 19, 71, 58, 158, 138, 46],
    [45, 26, 39, 36, 99, 135, 42],
    [31, 28, 28, 55, 121, 103, 51],
    [21, 19, 18, 15, 116, 80, 45],
    [31, 32, 37, 42, 69, 82, 31],
    [41, 14, 35, 38, 98, 114, 47],
    [29, 15, 18, 25, 120, 128, 41],
    [29, 15, 25, 29, 130, 114, 49],
    [61, 17, 141, 60, 98, 119, 65],
    [57, 41, 107, 68, 102, 133, 45],
    [32, 66, 19, 50, 122, 134, 53],
    [21, 88, 20, 49, 147, 144, 67],
    [415, 338, 508, 489, 1245, 1205, 551]
  ],
  "method": "mvn_pdf",
  "cond_prob": [
    [
      [0.00044031560846, 0.18828353645, 0.16461799877, 0.313273407, 0.33338474217, 0],
      [0.029413516997, 0.016998566408, 0.3869000783, 0.30493103964, 0.26175679866, 0],
      [0.0074969632645, 0.92851431866, 0.057748779853, 0.002269002215, 0.0039709360097, 2.0170818348e-14],
      [9.261403658e-07, 0.030979211977, 0.96541549028, 0.0013967233959, 0.002207648203, 0],
      [0.12090261508, 0, 0.0014686080114, 0.74873513393, 0.12889364299, 0],
      [0.069736116484, 0.0078188944687, 0.0068015460525, 0.12347751192, 0.79216593108, 0],
      [0.29267725126, 0.021437695676, 0.056033284076, 0.29052510613, 0.33932666285, 0]
    ],
    [
      [0.00029229531948, 0.27250150142, 0.19102937253, 0.22668076157, 0.30949602963, 3.9526717361e-08],
      [0.020391797319, 0.025762877431, 0.46951539011, 0.23047942499, 0.25385051015, 2.4247607994e-32],
      [0.0035732903289, 0.94443790193, 0.048162480661, 0.0011794393005, 0.0026468877817, 5.3278562118e-14],
      [5.2539133619e-07, 0.0384553901, 0.95892870674, 0.00086387880366, 0.0017514989637, 2.8011434634e-19],
      [0.10707193577, 0.00038523517547, 0.008879777552, 0.72841598016, 0.15503146495, 0.00021560639017],
      [0.052107701519, 0.013468418151, 0.0091994032889, 0.09901705538, 0.82191904243, 0.00428837923],
      [0.23680566473, 0.037964786488, 0.079340188189, 0.25711626235, 0.38540295545, 0.0033701427968]
    ],
    [
      [0.0003509444956, 0.25791773136, 0.21105557932, 0.25465893043, 0.2760168144, 0],
      [0.023263754755, 0.023127872394, 0.49246727356, 0.24602142514, 0.21511967416, 0],
      [0.0044678988887, 0.93631226713, 0.055381048472, 0.0013797782208, 0.0024590072919, 0],
      [5.7649316646e-07, 0.033174582065, 0.96450965438, 0.0008870889335, 0.0014280981246, 0],
      [0.11848936766, 0.00075603560626, 0.0094399992394, 0.74601032379, 0.12530427371, 0],
      [0.066641012693, 0.013239904682, 0.010463482618, 0.12078861776, 0.78886698224, 0],
      [0.27379323947, 0.034465911315, 0.084246538268, 0.27746022922, 0.33003408173, 0]
    ],
    [
      [0.00046135464951, 0.16774507465, 0.18477641279, 0.33992884086, 0.30708831704, 0],
      [0.029289695945, 0.0144443348, 0.41264923352, 0.31444300085, 0.22917373488, 0],
      [0.0087504759379, 0.91224191783, 0.072188898445, 0.0027427213744, 0.0040759864095, 2.4113270979e-14],
      [8.7237270196e-07, 0.024878854408, 0.97192903114, 0.0013624098804, 0.0018288321992, 3.4098512628e-28],
      [0.11877010644, 0.00016736451123, 0.0060594607847, 0.76684317485, 0.10815989342, 0],
      [0.076375969576, 0.0036762187409, 0.0095749537506, 0.13660307522, 0.77376978271, 0],
      [0.30162899242, 0.018855189409, 0.061887568331, 0.31012821363, 0.30750003621, 0]
    ],
    [
      [0.00035131654274, 0.21322092119, 0.19425262562, 0.26305757755, 0.3291175591, 0],
      [0.0231384727, 0.019013010758, 0.45055109756, 0.25248324648, 0.2548141725, 0],
      [0.0053406315978, 0.92858843913, 0.06086976294, 0.0017014599498, 0.0034997063781, 0],
      [6.2719118075e-07, 0.02983496092, 0.96731908384, 0.00099560741343, 0.001849720639, 0],
      [0.11210815457, 0.00026269347374, 0.007930726956, 0.7360994792, 0.1435989458, 0],
      [0.059298785886, 0.0096473531433, 0.0085973122291, 0.10810164737, 0.81435490137, 0],
      [0.25862958426, 0.026905307259, 0.073150676814, 0.27020603932, 0.37110839235, 0]
    ],
    [
      [0.00071338150883, 0.11234525163, 0.16013722459, 0.29761996077, 0.4291841815, 1.1125585521e-29],
      [0.044816441121, 0.0095819466375, 0.35676525771, 0.27223690001, 0.31659945452, 0],
      [0.018487007241, 0.85957998751, 0.086158050547, 0.0032748428682, 0.032500111831, 0],
      [1.4993687698e-06, 0.018721548543, 0.97712038773, 0.0013231790947, 0.0028333852684, 0],
      [0.18167170991, 0, 0.0051390020017, 0.66399188271, 0.14919740538, 0],
      [0.072145876994, 0, 0.0016722628257, 0.10155392839, 0.82462793179, 0],
      [0.37799977232, 0, 0.04311324833, 0.2308339384, 0.34805304095, 0]
    ],
    [
      [0.00014757768444, 0.35480599639, 0.18721324545, 0.18297354672, 0.27485959374, 4.0016076522e-08],
      [0.011223990886, 0.036263620216, 0.5037718145, 0.20291492598, 0.24582564842, 2.6767614167e-32],
      [0.0013879361277, 0.95974314006, 0.036328362641, 0.00073248918544, 0.0018080719834, 4.1503313688e-14],
      [2.6468264181e-07, 0.049674831542, 0.94807784906, 0.00069580439597, 0.0015512503154, 1.122624495e-27],
      [0.068376289272, 0.00062592961361, 0.010939026385, 0.74558848057, 0.17419405205, 0.00027622211692],
      [0.004930750342, 0.015142105314, 0.013146756953, 0.10408939213, 0.85697462139, 0.005716373872],
      [0.14924497958, 0.061184719244, 0.096908130061, 0.25985263522, 0.42852558957, 0.004283946329]
    ],
    [
      [0.00049422633924, 0.17269460007, 0.21612722229, 0.28180632689, 0.3288776244, 0],
      [0.030251550709, 0.014316126184, 0.46767047838, 0.25125206685, 0.23650977788, 0],
      [0.0088960779587, 0.90448572592, 0.080321556297, 0.0021569006951, 0.0041397391246, 0],
      [7.8908915585e-07, 0.021681200697, 0.97571264369, 0.00095315045199, 0.0016522160724, 0],
      [0.14364641768, 0.00019308307678, 0.0079324044743, 0.71775139055, 0.13047670422, 0],
      [0.073909370673, 0.0041738455349, 0.010756584006, 0.1155796403, 0.79558055949, 0],
      [0.32257750109, 0.019288976931, 0.072582206764, 0.25673051023, 0.32882080498, 0]
    ],
    [
      [0.00028951606228, 0.42346640239, 0.12425522373, 0.19290120552, 0.2590876523, 0],
      [0.026066670829, 0.050241436586, 0.39633211037, 0.25319866911, 0.2741611131, 0],
      [0.0022613122878, 0.97565140371, 0.020031574372, 0.00064077927803, 0.0014149303532, 0],
      [7.4148520663e-07, 0.083421404536, 0.91344458755, 0.0010466876998, 0.0020865787283, 0],
      [0.12295949193, 0.00067002451156, 0.0066413005762, 0.71947722378, 0.1502519592, 0],
      [0.063445425715, 0.013322147274, 0.0034405961095, 0.10270140924, 0.81709042166, 0],
      [0.26589744083, 0.064702747849, 0.057958677918, 0.24717423628, 0.36426689713, 0]
    ],
    [
      [0.0005036952063, 0.1757873708, 0.20129236605, 0.25078846345, 0.37162775906, 3.454292972e-07],
      [0.031644333996, 0.014812122129, 0.44986948844, 0.22948317761, 0.27419087782, 1.9071753304e-31],
      [0.0085814846082, 0.91447872493, 0.070699818969, 0.001815808971, 0.0044241625244, 6.4921961338e-13],
      [8.4365291836e-07, 0.022974314151, 0.97417944961, 0.00088946497426, 0.0019559276073, 9.0499103156e-27],
      [0.1554582313, 0.00020616633347, 0.0077989850007, 0.67858501137, 0.15636643249, 0.0015851735063],
      [0.0693159555, 0.0052254244225, 0.0094931353621, 0.093202566607, 0.81776898091, 0.0049939371948],
      [0.31648259931, 0.018700003746, 0.064191099663, 0.21989191346, 0.35759578433, 0.023138599494]
    ],
    [
      [0.00023295055994, 0.427166346, 0.20293889377, 0.17943938914, 0.19022242053, 1.9721522631e-31],
      [0.018106823617, 0.043727146133, 0.56114213264, 0.20328382282, 0.17374007479, 3.081487911e-33],
      [0.0017809558975, 0.96465038339, 0.031968106306, 0.00058314571728, 0.0010174086882, 0],
      [3.7853403694e-07, 0.053357777822, 0.94505160506, 0.00061760081947, 0.00097263776769, 0],
      [0.11109900264, 0.00074956614849, 0.011992085677, 0.75260901054, 0.12355033499, 0],
      [0.067396492593, 0.014278240219, 0.017840142448, 0.12365820735, 0.77682691739, 0],
      [0.24648573321, 0.074408634002, 0.10774385791, 0.2641406374, 0.30722113748, 0]
    ],
    [
      [0.00035892503249, 0.18702603529, 0.19416093606, 0.27649499033, 0.34195911329, 0],
      [0.023104996294, 0.016204962248, 0.44261308188, 0.2593621403, 0.25871481927, 0],
      [0.0059483717053, 0.92181650838, 0.066325554273, 0.0019476907716, 0.0039618748742, 2.0911582808e-14],
      [6.31679863e-07, 0.025707156136, 0.97136898081, 0.001030525047, 0.0018927063265, 0],
      [0.10943826902, 0.00021843378598, 0.0075413112286, 0.7402253141, 0.14257667187, 0],
      [0.058296866134, 0.0073205053341, 0.0088067654311, 0.10930602999, 0.81626983311, 0],
      [0.25636509104, 0.022752275629, 0.070740607226, 0.27578087184, 0.37436115427, 0]
    ],
    [
      [0.00022368690996, 0.28955779916, 0.16543278597, 0.24725181937, 0.29753384539, 6.3197397504e-08],
      [0.016423635739, 0.02781719069, 0.43451325629, 0.26461910004, 0.25662681724, 4.0785598075e-32],
      [0.0023703704623, 0.95819835172, 0.036116697734, 0.0011122448745, 0.0022023352119, 7.3900571977e-14],
      [4.3825258191e-07, 0.043348049518, 0.95379719486, 0.001024351032, 0.0018299663398, 0],
      [0.078974764094, 0.00037747300941, 0.0073110624325, 0.76970065128, 0.14330417154, 0.00033187764501],
      [0.029391174255, 0.016904628924, 0.0093102984291, 0.11508090244, 0.81983845212, 0.0094745438393],
      [0.19190194135, 0.041141803355, 0.072086061178, 0.29694450698, 0.39217603081, 0.005749656317]
    ],
    [
      [0.00016985730419, 0.088540415948, 0.22276298992, 0.23232366082, 0.45620307602, 0],
      [0.010024003376, 0.0080753324184, 0.47453708843, 0.19969632643, 0.30766724935, 0],
      [0.0044175766888, 0.86517942242, 0.11978813553, 0.0025626843822, 0.0080521809777, 0],
      [2.5003517255e-07, 0.011753948594, 0.98547496886, 0.00072286572254, 0.0020479667855, 0],
      [0.039964976318, 0, 0.0096839662841, 0.71869451664, 0.23165654076, 0],
      [0, 0, 0.01060092756, 0.095655144377, 0.89374392806, 0],
      [0.12963685514, 0, 0.099730335846, 0.24859544438, 0.52203736463, 0]
    ],
    [
      [0.0011226742874, 0.16316040432, 0.08618087114, 0.3610126057, 0.38852344455, 3.1784318015e-17],
      [0.07908967628, 0.015409983666, 0.21391141541, 0.37031277017, 0.32127615448, 0],
      [0.021144167696, 0.93693543647, 0, 0.0028861468591, 0.039034248978, 0],
      [4.2063848662e-06, 0.048271132647, 0.84839941029, 0.0028611670443, 0.10046408364, 0],
      [0.23299424431, 0.0001289149475, 0, 0.65493061575, 0.111946225, 0],
      [0.071140325776, 0.0055118154947, 0, 0.15860087232, 0.76474698641, 0],
      [0.49079924961, 0.014503593416, 0, 0.23615848885, 0.25853866813, 0]
    ],
    [
      [0.00027511311701, 0.31940595616, 0.13789905295, 0.25422033087, 0.28819954691, 0],
      [0.021683593697, 0.033280929628, 0.38591668186, 0.29209374567, 0.26702504914, 0],
      [0.0027741644958, 0.96543691102, 0.028664853578, 0.0010903806179, 0.0020336902932, 1.0570380866e-14],
      [6.4905702276e-07, 0.0580122074, 0.93857689474, 0.0012708719345, 0.0021393768641, 0],
      [0.093753188805, 0.00041044664824, 0.0040243629592, 0.76520361713, 0.13660838445, 0],
      [0.05087131723, 0.015818516169, 0.0066653698653, 0.11856212164, 0.8080826751, 0],
      [0.22914211536, 0.045542190743, 0.058782649021, 0.29705829334, 0.36947475154, 0]
    ],
    [
      [0.00025144955195, 0.12568796699, 0.21251104155, 0.32585541675, 0.33569412517, 0],
      [0.015107460531, 0.010274311155, 0.45225281636, 0.28529182624, 0.23707358571, 0],
      [0.0059718720226, 0.88051630997, 0.10464157703, 0.0032914390732, 0.005578801904, 0],
      [4.0782686005e-07, 0.0049071713455, 0.9810257371, 0.0011198128109, 0.01294687092, 0],
      [0.057745711859, 0, 0.0074628451963, 0.80071055394, 0.134080889, 0],
      [0.040200315723, 0, 0.013401511241, 0.1322313131, 0.81416685994, 0],
      [0.18542983172, 0.015975082493, 0.080854743652, 0.33686171806, 0.38087862408, 0]
    ],
    [
      [0.00024201718701, 0.17519362493, 0.25921281814, 0.29436256385, 0.27098897589, 0],
      [0.014089280123, 0.013792222264, 0.53703248869, 0.24967157902, 0.1854144299, 0],
      [0.0041926123736, 0.89767279705, 0.092682679623, 0.0021675478066, 0.0032843631487, 0],
      [3.1961636823e-07, 0.018179827951, 0.97987091549, 0.00082291458738, 0.0011260223534, 0],
      [0.066807654559, 3.9808615766e-05, 0.010063085913, 0.8030103668, 0.12007908411, 0],
      [0.046426581576, 0.0090907080056, 0.013228959665, 0.14200553393, 0.78924821682, 0],
      [0.19599067747, 0.024276274967, 0.10767456345, 0.33430928426, 0.33774919985, 0]
    ],
    [
      [0.0003271232648, 0.22185116066, 0.20866824088, 0.27440302607, 0.29475021382, 2.3531570133e-07],
      [0.021141767406, 0.019300852575, 0.47725294579, 0.25841800469, 0.22388642954, 1.337094189e-31],
      [0.0046690443997, 0.929257221, 0.061465841275, 0.0016652274274, 0.0029426658987, 3.7050529074e-13],
      [5.3627904409e-07, 0.02843704555, 0.96908895259, 0.00095290764015, 0.0015205579416, 6.0353945537e-27],
      [0.10321234287, 0.00026746683407, 0.008311861458, 0.7600277356, 0.12707477118, 0.0011058220553],
      [0.060141911571, 0.011931252148, 0.010783663691, 0.12091334978, 0.79028584199, 0.0059439808207],
      [0.24532937165, 0.028364399748, 0.079918714964, 0.28802465214, 0.33955746453, 0.018805396969]
    ],
    [
      [0.00021604304463, 0.30488718413, 0.311786775, 0.18117129346, 0.20193870437, 0],
      [0.012917649148, 0.024457476777, 0.66279177948, 0.15787089519, 0.1419621994, 6.162975822e-33],
      [0.0022668662886, 0.92822387786, 0.067217628228, 0.00080877828625, 0.0014828493377, 0],
      [2.3872437704e-07, 0.026175922799, 0.97269705304, 0.0004242776567, 0.0007025077754, 0],
      [0.10167320842, 0.00054261379631, 0.018357201538, 0.74931446165, 0.13011251459, 0],
      [0.058517485863, 0.019799705826, 0.0076543785295, 0.12204255399, 0.79198587579, 0],
      [0.21851035812, 0.052086780434, 0.15989009957, 0.25617285661, 0.31333990526, 0]
    ],
    [
      [0.00029539490615, 0.18304341212, 0.18754962629, 0.29176802187, 0.33734354482, 3.0619003281e-31],
      [0.019168492831, 0.016026834153, 0.43162142038, 0.27589825059, 0.25728500205, 0],
      [0.005011289918, 0.92296008408, 0.065920933747, 0.0021045806058, 0.0040031116477, 0],
      [5.3318732778e-07, 0.0259885327, 0.97097969196, 0.0011154926183, 0.0019157495315, 0],
      [0.088367925005, 0.00020953623287, 0.0070729951386, 0.76634590799, 0.13800363563, 0],
      [0.044835034371, 0.0073451048452, 0.008633856325, 0.11869613006, 0.8204898744, 0],
      [0.21861369882, 0.023144782853, 0.071646304665, 0.30261588879, 0.38397932487, 0]
    ],
    [
      [0.00041518748377, 0.21677300128, 0.23479182309, 0.28763481093, 0.26038517721, 0],
      [0.025545244106, 0.018038454446, 0.51022278351, 0.25786155082, 0.18833196712, 0],
      [0.0061070858927, 0.91825183777, 0.071160730634, 0.0017998066034, 0.0026805390961, 0],
      [6.1282479004e-07, 0.025066714336, 0.97282282745, 0.00089960245375, 0.0012102429399, 0],
      [0.1240179583, 0.00045645756653, 0.010484360506, 0.75975670252, 0.10528452111, 0],
      [0.079752100096, 0.011828152944, 0.011809115797, 0.13888711143, 0.75772351974, 0],
      [0.30155641306, 0.027820054007, 0.087303367904, 0.29262802371, 0.29069214132, 0]
    ],
    [
      [0.00038009217562, 0.20077152028, 0.2686217095, 0.23220351906, 0.29802281324, 3.4574424393e-07],
      [0.022331675617, 0.01598626218, 0.55702067226, 0.19880467087, 0.20585671907, 1.7877375643e-31],
      [0.0059591668947, 0.90249736436, 0.086724975782, 0.0015493561017, 0.003269136866, 5.9786797698e-13],
      [4.9536145237e-07, 0.020508821855, 0.977626148, 0.00064162524183, 0.0012229095465, 7.0497589036e-27],
      [0.13273065495, 0.00027048768819, 0.011890449508, 0.71090888794, 0.14239995674, 0.0017995631798],
      [0.069138173857, 0.010017202262, 0.011399572177, 0.1047861458, 0.80236297967, 0.0022959262313],
      [0.27681740212, 0.025159449328, 0.1003184814, 0.23702435285, 0.33390254058, 0.026777773724]
    ],
    [
      [0.0004041022782, 0.2290027155, 0.19207382102, 0.28828057257, 0.29023874248, 4.6160835888e-08],
      [0.026764376694, 0.020500572662, 0.44858057069, 0.27820715607, 0.22594732389, 2.4651903288e-32],
      [0.0057286230693, 0.93349441886, 0.056158962143, 0.0017387771399, 0.0028792187856, 7.2186768531e-14],
      [7.2391420964e-07, 0.032145266305, 0.96512243855, 0.0010945024126, 0.0016370688153, 0],
      [0.12081864791, 0.0014691781548, 0.0072631737574, 0.75129236969, 0.11596354528, 0.003193085203],
      [0.071522770404, 0.011016234883, 0.008918726016, 0.12820483145, 0.77826865408, 0.0020687831659],
      [0.28954982172, 0.028131507689, 0.070475058269, 0.28903564447, 0.31932659839, 0.0034813694649]
    ],
    [
      [0.00023102019726, 0.21698375855, 0.30460470345, 0.2230888309, 0.2550916869, 1.922062677e-32],
      [0.013152379455, 0.016682050303, 0.61436361019, 0.1850847983, 0.17071716176, 0],
      [0.0033069560071, 0.90295602498, 0.089824396563, 0.0013583392659, 0.0025542831857, 0],
      [2.641528707e-07, 0.019401815872, 0.97913929784, 0.00054058278388, 0.00091803935423, 0],
      [0.087318170339, 0.0026116913539, 0.0050708296551, 0.76492294476, 0.14007636389, 0],
      [0.048098003363, 0.012567688537, 0.016528242298, 0.11672263019, 0.80608343561, 0],
      [0.20458429777, 0.033470266648, 0.13773000124, 0.27680439589, 0.34741103845, 0]
    ],
    [
      [0.0003417895587, 0.30775702813, 0.23259086629, 0.209815285, 0.24949503102, 5.3907194847e-49],
      [0.02285039994, 0.027633574479, 0.54899211247, 0.20443299971, 0.19609091341, 0],
      [0.0036251480388, 0.94275591989, 0.050820495806, 0.00094695996094, 0.0018514763065, 0],
      [5.0518913168e-07, 0.035408008401, 0.9627728617, 0.00065754246784, 0.001161082246, 0],
      [0.13371739766, 0, 0.011495429902, 0.72056963745, 0.13421753499, 0],
      [0.071258021492, 0.017180450069, 0.012674454497, 0.10996343158, 0.78892364236, 0],
      [0.28700747706, 0.04395990458, 0.099797132227, 0.24720292917, 0.32203255696, 0]
    ],
    [
      [0.0003614760387, 0.219519562, 0.25169560607, 0.26655913281, 0.26186417907, 4.4008922222e-08],
      [0.02188115181, 0.017967856888, 0.53876098079, 0.23508614325, 0.18630386727, 2.4651903288e-32],
      [0.0052107168637, 0.9155952417, 0.074919516322, 0.0016338425174, 0.0026406825988, 6.9973274513e-14],
      [4.9686488455e-07, 0.023685408104, 0.9744048201, 0.00077618385489, 0.0011330910806, 0],
      [0.11693517856, 0.00027204628215, 0.010263938523, 0.7565814583, 0.11573552451, 0.00021185382534],
      [0.071795543468, 0.01263229406, 0.012438368087, 0.12922659473, 0.76786687438, 0.0060403252829],
      [0.27661866539, 0.028699432951, 0.098222089962, 0.28531776535, 0.30759791748, 0.0035441288621]
    ],
    [
      [0.00026382618515, 0.49498112495, 0.1470085083, 0.14506467819, 0.21268182361, 3.875912195e-08],
      [0.024621055913, 0.057034264358, 0.48405804419, 0.19738913041, 0.23330898805, 0.0035885170705],
      [0.0017806076208, 0.97639443162, 0.020404436976, 0.00041666642263, 0.0010038573585, 2.8852975023e-14],
      [5.8487920244e-07, 0.08360251762, 0.91423079669, 0.00068228422904, 0.0014838165815, 1.3435423915e-27],
      [0.1428139008, 0, 0.010039818039, 0.68881826194, 0.15702187488, 0.0013061443432],
      [0.068687295828, 0, 0.023361548133, 0.089875852244, 0.81372309475, 0.0043522090484],
      [0.27673738554, 0.086237286875, 0.078565899224, 0.2123968951, 0.34178026751, 0.0042822657443]
    ],
    [
      [0.00013267474233, 0.26376618048, 0.22947177221, 0.25205666669, 0.25457270588, 7.4732362049e-31],
      [0.0086797392484, 0.023072188819, 0.531964024, 0.24045612689, 0.19582792104, 0],
      [0.0015910694563, 0.93823244547, 0.056755606945, 0.0012850532815, 0.002135824847, 0],
      [1.979006713e-07, 0.030529425959, 0.9674789964, 0.00079644836875, 0.0011949313718, 0],
      [0.024603281786, 0.0003656907727, 0.010596061194, 0.81432492068, 0.15011004557, 0],
      [0, 0.018072839488, 0.014354297858, 0.15561951091, 0.81195335175, 0],
      [0.12735777353, 0.043375834997, 0.11277679275, 0.33975358643, 0.37673601229, 0]
    ],
    [
      [0.00017936050511, 0.22850306228, 0.17952900024, 0.28046544948, 0.31132312749, 0],
      [0.012315948709, 0.021133184286, 0.43446535991, 0.28075203737, 0.25133346972, 0],
      [0.002535334638, 0.94038466894, 0.05231457574, 0.0016866263228, 0.0030787943564, 0],
      [3.4406362972e-07, 0.034189601536, 0.96278991523, 0.0011403906092, 0.0018797485595, 0],
      [0.057520960775, 0.00028372030824, 0.0073821423336, 0.79673965237, 0.13807352421, 0],
      [0, 0.013894393141, 0.0097299176326, 0.13717732205, 0.83919836718, 0],
      [0.15143817792, 0.033637972772, 0.077955221927, 0.33217324088, 0.40479538651, 2.5920154632e-31]
    ],
    [
      [0.00096911227085, 0.12412848778, 0.2278997078, 0.28001301754, 0.36698959543, 7.918216946e-08],
      [0.055237975642, 0, 0.45726860795, 0.23233146149, 0.24929468362, 0.0058672712961],
      [0.022762521099, 0.85813877466, 0.11027858576, 0.0027963171296, 0.006023801353, 2.0505521859e-13],
      [1.4961238922e-06, 0.015048422522, 0.98225146736, 0.00091626500227, 0.0017823489923, 1.9115036103e-27],
      [0.15945910406, 0, 0.010709299382, 0.66287964944, 0.16665406327, 0.00029788385647],
      [0.13214434063, 0, 0.012766400871, 0.095655850519, 0.75669614194, 0.0027372660452],
      [0.47016156116, 0.00098664542606, 0.065491367446, 0.18838525827, 0.27094492231, 0.0040302453926]
    ],
    [
      [0.00027868434181, 0.13149896865, 0.42917216803, 0.19293237387, 0.24611780511, 0],
      [0.013029537191, 0.0083501427707, 0.712013813, 0.13139694622, 0.13520956082, 0],
      [0.0058043314283, 0.80495183976, 0.18394964163, 0.0017094025958, 0.0035847845824, 1.2795911992e-14],
      [2.2943996345e-07, 0.0084920908921, 0.99053330936, 0.0003367222213, 0.00063764808941, 0],
      [0.11938715473, 0, 0, 0.7232167811, 0.15739606417, 0],
      [0.067026152711, 0.0021513006638, 0.022812101452, 0.10427657804, 0.80373386713, 0],
      [0.23924774468, 0.019286292533, 0.18709617964, 0.23097834911, 0.32339143404, 0]
    ],
    [
      [0.00028186899553, 0.18922428503, 0.30470744168, 0.23853653971, 0.2672498127, 5.1879877373e-08],
      [0.015681250491, 0.014203116817, 0.60206988644, 0.193334255, 0.17471149125, 2.5376589793e-32],
      [0.0045009177389, 0.89074061578, 0.10015315589, 0.0016199429168, 0.0029853676763, 9.139406152e-14],
      [3.20742809e-07, 0.016831434653, 0.98163621591, 0.00057508649985, 0.00095694218957, 6.8455483127e-19],
      [0.10316910957, 0.00083656201476, 0.0070799987788, 0.75402545023, 0.13013797619, 0.0047509032145],
      [0.055488613517, 0.010054928518, 0.015593396669, 0.11791557718, 0.79835485739, 0.0025926267286],
      [0.23133640554, 0.026465767353, 0.12726169236, 0.27378663914, 0.33665336249, 0.0044961331208]
    ],
    [
      [0.0002306153567, 0.15998448657, 0.28834439917, 0.23503923755, 0.31640126135, 2.3593027005e-31],
      [0.012939589774, 0.012136473762, 0.57417461936, 0.19215366595, 0.20859565115, 0],
      [0.0042625952813, 0.87991619906, 0.10988530332, 0.001847382351, 0.0040885199873, 0],
      [2.7775407015e-07, 0.015099751389, 0.98310176095, 0.00059981771613, 0.0011983921885, 0],
      [0.083410093619, 0.00022158501831, 0.013122487712, 0.74708606747, 0.15615976618, 0],
      [0.033767905928, 0.003370438448, 0.0118099679, 0.10825527495, 0.84279641278, 0],
      [0.18902807512, 0.022405451966, 0.12044844044, 0.26993047629, 0.39818755618, 0]
    ],
    [
      [0.00022026541715, 0.20238858034, 0.26770086245, 0.25231723051, 0.27737306129, 3.2141248721e-30],
      [0.013050046793, 0.016229983807, 0.55962015325, 0.21788138929, 0.19321842687, 0],
      [0.0034239459293, 0.90620609037, 0.08568400255, 0.0016689618455, 0.0030169993041, 0],
      [2.8840185594e-07, 0.020734869641, 0.97742097284, 0.00070036485077, 0.001143504266, 0],
      [0.066616437892, 0.00041763244865, 0.0089492214421, 0.78457889903, 0.13943780919, 0],
      [0.042451077077, 0.010988151403, 0.013540469637, 0.12224539457, 0.81077490732, 0],
      [0.18759728826, 0.030335005437, 0.11706505701, 0.30135485296, 0.36364779633, 0]
    ],
    [
      [0.00037515212645, 0.19563344297, 0.24232186218, 0.22087783883, 0.34079165002, 5.3873000484e-08],
      [0.022838905099, 0.016132288487, 0.5213342735, 0.19590441711, 0.24379011579, 2.8831015052e-32],
      [0.006041153948, 0.90813159412, 0.080475410256, 0.001513926825, 0.0038379148509, 9.5664969203e-14],
      [5.3736366889e-07, 0.022001063919, 0.97579161108, 0.0006708069283, 0.0015359807051, 8.1844665633e-20],
      [0.13362683457, 0.0002679132086, 0.010898806384, 0.68930736856, 0.16561377943, 0.00028529785053],
      [0.061994311038, 0.00776771799, 0.011642393273, 0.085743316756, 0.82693104273, 0.0059212182154],
      [0.27402310533, 0.024472414822, 0.090323720727, 0.22536576163, 0.38166989061, 0.0041451068722]
    ],
    [
      [0.00034770186695, 0.12036711893, 0.31419443065, 0.24591807528, 0.31917262674, 4.6536649422e-08],
      [0.018326988804, 0.0086296632998, 0.5865289317, 0.18882047589, 0.1976939403, 0],
      [0.00818706836, 0.83175298942, 0.15234168278, 0.0024626194655, 0.0052556399746, 1.2084845386e-13],
      [3.8850530374e-07, 0.010581954401, 0.98771313476, 0.000582314122, 0.0011222082153, 0],
      [0.11662998015, 0, 0.013303671695, 0.72343286914, 0.1462451215, 0.00038835751895],
      [0.058960022107, 0, 0.0080831781925, 0.10711658562, 0.82074934661, 0.0050908674653],
      [0.26179853525, 0.0075572587651, 0.11731204011, 0.25146745373, 0.35828340167, 0.00358131047]
    ],
    [
      [0.00022980420585, 0.13189423079, 0.13834077212, 0.34255603395, 0.38697915893, 6.613643429e-32],
      [0.01546738797, 0.012023481871, 0.33037227554, 0.33600655103, 0.30613030358, 0],
      [0.0053085914155, 0.91869072513, 0.066383416111, 0.0033633885965, 0.0062538787446, 0],
      [5.5349971634e-07, 0.025123611826, 0.97019718749, 0.001746644574, 0.0029320026088, 0],
      [0.06065590723, 0.00012119919938, 0.0046218931182, 0.79484435121, 0.13975664924, 0],
      [0.012662240852, 0, 0.0029075853929, 0.13482215602, 0.84960801773, 0],
      [0.16404207597, 0.016193272903, 0.050585703091, 0.34381823117, 0.42536071687, 0]
    ],
    [
      [0.00056896866276, 0.16046007745, 0.21306137337, 0.33214445901, 0.29376507276, 4.8746966777e-08],
      [0.034207305179, 0.013045563165, 0.45440220989, 0.29083910928, 0.20750581249, 2.5764953646e-32],
      [0.010808525091, 0.89918147916, 0.083422276836, 0.002682621819, 0.0039050970938, 1.0218464441e-13],
      [9.1207810333e-07, 0.020194471306, 0.97719544093, 0.0011272635367, 0.0014819121458, 1.2231149176e-27],
      [0.13555587563, 0, 0.0068661454012, 0.74925880683, 0.10513436515, 0.0031848069888],
      [0.095388342527, 0.003126028355, 0.01264187245, 0.14069838567, 0.74607711992, 0.0020682510811],
      [0.35021178058, 0.016895938752, 0.066781422405, 0.28571893786, 0.27724044712, 0.0031514732803]
    ],
    [
      [0.00082225955404, 0.099053933571, 0.23100258118, 0.3197131809, 0.33038012925, 0.019027915542],
      [0.046338587484, 0.0090104087276, 0.4639919165, 0.26218619368, 0.21847289361, 3.9629418828e-32],
      [0.019289261731, 0.86024686529, 0.11186355514, 0.0031841830417, 0.0054161348025, 2.0721142167e-13],
      [1.2020577952e-06, 0.013616732334, 0.98387594554, 0.0009885299963, 0.0015175900764, 1.8312945206e-27],
      [0.15833319357, 0, 0.0070299773185, 0.70487769528, 0.12775596099, 0.0020031728375],
      [0.12197026591, 0, 0.010004956978, 0.1224118523, 0.74259980618, 0.0030131186313],
      [0.42960439451, 0, 0.071199217718, 0.23193957664, 0.26286410433, 0.0043927068007]
    ],
    [
      [0.00024839613785, 0.13597397613, 0.2390459103, 0.27553136409, 0.34920030225, 5.1084893964e-08],
      [0.014624190106, 0.0056174999314, 0.49642153542, 0.23641211216, 0.24167427611, 0.0052503862693],
      [0.005468919957, 0.87796003161, 0.10861502055, 0.0025800703316, 0.0053759575475, 1.2404129947e-13],
      [3.6503237847e-07, 0.015705556543, 0.98182077779, 0.00085831541265, 0.0016149852208, 1.1740970474e-27],
      [0.078200661072, 0, 0.0095612385093, 0.76149097186, 0.15034190863, 0.00040521993475],
      [0.028120281652, 0, 0.013559855287, 0.11692869836, 0.83883883342, 0.0025523312859],
      [0.18764500935, 0.017717117232, 0.092758189404, 0.29179919475, 0.40600327196, 0.0040772173021]
    ],
    [
      [0.0013993027053, 0.13015498695, 0.18058623357, 0.30330785218, 0.38455121639, 4.0820165978e-07],
      [0.082785922172, 0.0018222069155, 0.37863229196, 0.26117683413, 0.27558274482, 2.0954117795e-31],
      [0.030730745385, 0.87865976762, 0.081879782816, 0.0028291247671, 0.0059005794137, 9.8897586781e-13],
      [2.623708966e-06, 0.019175000162, 0.97735251127, 0.0012038132589, 0.0022660516053, 1.1973984095e-26],
      [0.16957230756, 0, 0.0049320511237, 0.63701805031, 0.18847759101, 0],
      [0.17142916176, 0, 0.0057624479805, 0.10125934028, 0.71262712866, 0.008921921322],
      [0.54615850519, 0, 0.036995715334, 0.17149591348, 0.2284698757, 0.01687999029]
    ],
    [
      [0.00044403568558, 0.12870627626, 0.1799892873, 0.35798247371, 0.33287747004, 4.5699624554e-07],
      [0.027547589955, 0.01081342009, 0.39559897211, 0.32346455648, 0.24257546137, 2.4651903288e-31],
      [0.010263604145, 0.89486455777, 0.085974923689, 0.0035157748945, 0.0053811395006, 1.1656561563e-12],
      [8.4034823293e-07, 0.019182549516, 0.97740127996, 0.0014338957228, 0.0019814344528, 1.353473307e-26],
      [0.10915615696, 0, 0.0055863332463, 0.77182114837, 0.11343636142, 0],
      [0.068736598049, 0, 0.009412781843, 0.13786595546, 0.77927849903, 0.0047061656176],
      [0.28675294482, 0.0014944521857, 0.056735416869, 0.30921421416, 0.31549791992, 0.03030505205]
    ],
    [
      [0.00055180510834, 0.17849853795, 0.19082484151, 0.28824434749, 0.3418804074, 6.0534933007e-08],
      [0.034979439919, 0.015213138016, 0.42915331152, 0.26612321503, 0.25453089551, 3.3724319028e-32],
      [0.0094056398843, 0.91720012636, 0.067233079707, 0.002087831143, 0.0040733229017, 1.1384058114e-13],
      [9.7758442243e-07, 0.024770368365, 0.97224344434, 0.0010810938905, 0.0019041158205, 0],
      [0.14438486679, 0, 0.0067220261797, 0.71110114244, 0.13344902792, 0.0043429366779],
      [0.083976411177, 0.0058247057633, 0.0078745028118, 0.11127573287, 0.78871435608, 0.002334291302],
      [0.34258461292, 0.018793905109, 0.06016461098, 0.24963765709, 0.32486757442, 0.0039516394799]
    ],
    [
      [0.00027219005046, 0.31567247018, 0.21767427497, 0.2213295015, 0.24505111725, 4.4604941847e-07],
      [0.018780182365, 0.029440700229, 0.53040910234, 0.22256450429, 0.19880551078, 2.7117093617e-31],
      [0.0028725467315, 0.94701581145, 0.047307320499, 0.00099418441269, 0.0018101369038, 5.1920686236e-13],
      [4.2787454759e-07, 0.038852857185, 0.95919596291, 0.0007375606857, 0.0012131913469, 1.0971576077e-26],
      [0.10530497297, 0.0004692169296, 0.010650929295, 0.75129218241, 0.12971019714, 0.0025725012502],
      [0.061008332648, 0.015774463233, 0.014168597692, 0.12110969875, 0.78742307382, 0.00051583385743],
      [0.23211902076, 0.046164667003, 0.09504072016, 0.26455618312, 0.32148740616, 0.040632002801]
    ],
    [
      [0.00036098064539, 0.23563787186, 0.18826656681, 0.24484279154, 0.33089178914, 0],
      [0.024420956371, 0.021577464441, 0.44948478929, 0.24137589589, 0.26314089401, 6.162975822e-33],
      [0.0050116755825, 0.93639531854, 0.053933203244, 0.0014464036261, 0.003213399009, 0],
      [6.5703684059e-07, 0.033669749091, 0.96348949233, 0.0009445099466, 0.0018955915946, 3.2513395247e-28],
      [0.12089464056, 0.00036096255951, 0.0079901607334, 0.71922505257, 0.15152918358, 0],
      [0.060662715719, 0.011248358516, 0.0085606140012, 0.10020632018, 0.81932199158, 0],
      [0.26818026425, 0.029962737928, 0.071402991752, 0.2538607896, 0.37659321647, 0]
    ],
    [
      [0.00047630154023, 0.33395551279, 0.18474786813, 0.20557426998, 0.27524604756, 2.6825856898e-30],
      [0.034823568355, 0.032879839424, 0.47679866942, 0.21899092042, 0.23650700238, 0],
      [0.0047602635049, 0.95438509121, 0.038055749756, 0.00087438773155, 0.0019245078017, 0],
      [8.704071756e-07, 0.047700310431, 0.94991903712, 0.0007964028325, 0.0015833792129, 0],
      [0.17789261593, 0.00047653040253, 0.0087084922532, 0.67252860676, 0.14039375465, 0],
      [0.075092791599, 0.015144912049, 0.01050575621, 0.10287047967, 0.79638606047, 0],
      [0.35621232447, 0.04251616609, 0.071161966459, 0.21466961709, 0.31543992589, 0]
    ],
    [
      [0.00015870851138, 0.37078366389, 0.21054491178, 0.1642847669, 0.25422791099, 3.7928589679e-08],
      [0.011777795839, 0.036937608338, 0.5516679248, 0.17776138008, 0.22185529094, 0],
      [0.0014298406678, 0.95730503097, 0.039032710982, 0.0006301981964, 0.0016022191827, 3.7684563039e-14],
      [2.5663157765e-07, 0.046584892428, 0.95155752703, 0.00056348117965, 0.001293842728, 3.0030115057e-19],
      [0.08021538329, 0.00071435996132, 0.013464189581, 0.72961686275, 0.17570366103, 0.00028554338447],
      [0.020152301301, 0.012618598667, 0.016706890607, 0.092329769348, 0.85218861309, 0.0060038269867],
      [0.16603660692, 0.06614709575, 0.1129086245, 0.24109479092, 0.40961637113, 0.0041965107769]
    ],
    [
      [0.00023332580242, 0.22837751477, 0.23666863714, 0.24506732602, 0.28965319627, 0],
      [0.014703394692, 0.0194173002, 0.52626526717, 0.2250675797, 0.21454645824, 0],
      [0.0032628992495, 0.92428205484, 0.068163706456, 0.001457953963, 0.0028333854963, 0],
      [3.426838538e-07, 0.026190840376, 0.97170692815, 0.00076294064038, 0.0013389481544, 0],
      [0.082985544288, 0.00031175799311, 0.010667204805, 0.76531679585, 0.14071869707, 0],
      [0.037907265092, 0.0131720472, 0.010739194988, 0.11750126457, 0.82068022815, 0],
      [0.19745209439, 0.033600158383, 0.10252445993, 0.29005405728, 0.37636923001, 0]
    ],
    [
      [0.0001640553101, 0.26657250271, 0.22791380551, 0.2114959814, 0.29385365507, 0],
      [0.010857822231, 0.023816739346, 0.53256125675, 0.20407989285, 0.22868428882, 0],
      [0.0020037698265, 0.93695064429, 0.057435881178, 0.0010994276673, 0.0025102770413, 0],
      [2.4843718207e-07, 0.031584336932, 0.96633565035, 0.00067919396018, 0.0014005703229, 0],
      [0.066841993597, 0.00041625396996, 0.011751680703, 0.75729565621, 0.16369441552, 0],
      [0.0064550813635, 0.015218467333, 0.012812778145, 0.11187321036, 0.8536404628, 0],
      [0.15240597824, 0.042983524136, 0.10854916609, 0.27562462568, 0.42043670585, 0]
    ],
    [
      [0.00030285161161, 0.21537297748, 0.21068287795, 0.27568229898, 0.29795894632, 4.7654040279e-08],
      [0.019465914307, 0.018761666095, 0.47843135974, 0.25821440962, 0.22512665024, 2.6933488988e-32],
      [0.0045287035459, 0.92545100032, 0.065149137332, 0.0017538130626, 0.0031173457405, 7.8595981714e-14],
      [4.9432460099e-07, 0.027684597853, 0.96983017037, 0.00095359932309, 0.001531138129, 5.0988495451e-21],
      [0.095812357326, 0.00021495802575, 0.0097488387762, 0.76424895067, 0.12664507999, 0.0033298152125],
      [0.053708149092, 0.010379455263, 0.0097717785414, 0.12287320775, 0.80112538275, 0.0021420266116],
      [0.23355791836, 0.02850427294, 0.083082229301, 0.29777885226, 0.35320091869, 0.003875808456]
    ],
    [
      [0.00018900422964, 0.25843387255, 0.18979579692, 0.25834034306, 0.29324098324, 0],
      [0.013068926478, 0.024099978759, 0.46405032934, 0.26039119187, 0.23838957355, 0],
      [0.0023896263019, 0.94411240496, 0.049514493761, 0.0013894717111, 0.0025940032608, 0],
      [3.3885210544e-07, 0.036264836229, 0.96109872336, 0.0009813803899, 0.0016547211692, 0],
      [0.065471575246, 0.00034335413113, 0.0083221602755, 0.78690196311, 0.13896094723, 0],
      [0.015884653528, 0.01431228854, 0.010902123273, 0.12831501739, 0.83058591727, 0],
      [0.1650566886, 0.039328747094, 0.084942399256, 0.31640887589, 0.39426328916, 0]
    ],
    [
      [0.00057288331228, 0.18768610602, 0.1983997813, 0.26536672823, 0.34797450113, 0],
      [0.036285883996, 0.01605521149, 0.4439791711, 0.24480572044, 0.25887401298, 0],
      [0.0095428405711, 0.91618349877, 0.068342212434, 0.0018797440942, 0.004051704128, 0],
      [9.9076097059e-07, 0.025501100213, 0.9716328315, 0.00097234611386, 0.0018927314129, 0],
      [0.15387233999, 0, 0.0073668438695, 0.69169807841, 0.14706273773, 0],
