{
  "Z_true": {},
  "V_true": [
    [41, 29, 509, 348],
    [430, 206, 14986, 538],
    [266, 3859, 802, 362],
    [1026, 96, 736, 154],
    [84, 232, 643, 648]
  ],
  "p_true": [
    [0.0442, 0.0313, 0.5491, 0.3754],
    [0.0266, 0.0127, 0.9274, 0.0333],
    [0.0503, 0.7296, 0.1516, 0.0684],
    [0.5099, 0.0477, 0.3658, 0.0765],
    [0.0523, 0.1444, 0.4001, 0.4032]
  ],
  "Z_est": [
    [
      [0, 0, 0, 0.0006, 0.0013, 0, 0, 0, 0.0006, 0, 0, 0.014, 0.0235, 0.0025, 3.4138, 0.014, 0.0127, 0.4954, 0.0025, 0.0032, 0.0102, 0.0057, 0.0038, 0.1056, 0.0032, 0.0051, 0.0038, 0.0051, 0.0356, 0.0108, 0.0019, 0.0127, 0.021, 0.0191, 0.0127, 0.021, 0.0248, 0.0191, 0.0083, 0.0102, 0.0089, 0.0076, 0, 0.1373, 0.0362, 0.0559, 0.7899],
      [0, 0, 0, 0.0001, 0.0003, 0, 0.0001, 0, 0.023, 0, 0, 0.0029, 0.0049, 0.0005, 0.0028, 0.0194, 0.0027, 0.0004, 0.0005, 0.0007, 0.0021, 0.0012, 0.0008, 0.0013, 0.0007, 0.0011, 0.0008, 0.0011, 0.0074, 0.0023, 0.1906, 0.0027, 0.0044, 0.004, 0.0027, 0.0044, 0.0052, 0.004, 0.0017, 0.0021, 0.0019, 0.0016, 0, 0.0287, 2.156, 0.0117, 0.9206],
      [0, 0, 0, 0.1846, 1.0456, 0, 0.1991, 0, 0.338, 0, 0, 9.0735, 11.7361, 3.3542, 5.6357, 6.953, 3.9818, 0.9162, 0.7385, 0.9231, 5.6131, 1.9536, 1.1077, 3.6719, 0.9231, 3.0493, 2.0038, 2.5638, 20.8597, 3.1386, 1.4921, 4.791, 13.6911, 5.9727, 7.7042, 15.1477, 16.9896, 14.3886, 3.2355, 7.5552, 3.4346, 4.9786, 0, 59.1877, 17.4537, 28.6871, 11.7252],
      [0, 0, 0, 0.8146, 0.9529, 0, 0.8008, 0, 0.6383, 0, 0, 12.9096, 25.2355, 0.6428, 11.9476, 15.0136, 16.0029, 1.588, 3.2584, 4.073, 10.3746, 7.0394, 4.8876, 6.2211, 4.073, 4.9445, 3.9916, 5.4301, 35.0973, 13.8483, 1.3153, 15.1936, 19.2835, 24.0043, 12.2804, 17.8269, 21.9804, 15.5883, 9.7545, 8.4325, 10.5546, 7.0122, 0, 156.6463, 37.354, 59.2452, 5.5643]
    ],
    [
      [0.3367, 0, 0.9176, 2.3985, 1.015, 0.5891, 0, 0, 0.121, 0, 0, 1.3033, 13.0394, 0.1067, 10.7086, 6.0793, 9.9616, 0.6691, 5.0353, 5.399, 17.0261, 7.8332, 15.0833, 9.0586, 5.8749, 16.5851, 2.5892, 2.9247, 4.4671, 0, 0.5083, 2.793, 0, 0, 0, 2.3469, 0.8926, 7.2532, 3.1777, 0.621, 3.6832, 0, 0.3163, 78.6206, 3.1164, 16.8775, 0.798],
      [0.027, 0.7097, 1.2631, 0, 0, 1.2748, 0.1038, 0.8709, 0.3531, 0, 0, 5.7142, 8.0803, 0.2291, 3.7605, 11.2264, 7.8163, 0.0629, 0, 0, 0, 0, 0, 0, 0, 0, 0, 0.6338, 2.0556, 12.51, 0, 1.9598, 0.3357, 6.6213, 9.2766, 8.8135, 8.0443, 4.5816, 0, 1.97, 7.381, 1.2428, 0, 92.5024, 30.1661, 12.8568, 0.0209],
      [17.8972, 3.6308, 51.4956, 23.1721, 16.4182, 18.9743, 9.4528, 18.5719, 12.5259, 8.7249, 15.1818, 298.9825, 559.2721, 34.6642, 205.5308, 346.6748, 308.7413, 10.5446, 304.3355, 194.6931, 522.3435, 296.0668, 465.7607, 228.5677, 395.4694, 200.9288, 228.4108, 161.1049, 516.7988, 248.9129, 49.4917, 189.5641, 275.0456, 401.6494, 276.7234, 265.8396, 416.5404, 497.1652, 217.9073, 110.4089, 139.6783, 97.3357, 3.6837, 4646.9829, 838.9992, 1278.5204, 55.1811],
      [1.7391, 0.6594, 0.3237, 1.4294, 0.5668, 0.1618, 1.4434, 1.5572, 0, 0.2751, 0.8182, 0, 6.6082, 0, 0, 3.0194, 10.4807, 0.7234, 5.6292, 2.9079, 2.6303, 7.1, 5.156, 1.3738, 1.6557, 1.4861, 0, 3.3366, 12.6784, 6.5771, 0, 1.6831, 2.6187, 7.7293, 0, 0, 3.5227, 0, 1.915, 0, 5.2575, 1.4215, 0, 33.8941, 10.7182, 23.7453, 0]
    ],
    [
      [1.1829, 0, 0.3833, 1.6674, 0.3492, 0.0879, 0, 0.1154, 0.1525, 0, 0.1154, 4.0655, 10.4085, 0.5195, 6.6256, 5.421, 6.5748, 0.0453, 0.2105, 3.7988, 3.3893, 3.7872, 7.4732, 1.005, 0.0867, 3.6277, 0.5575, 2.7248, 12.7606, 1.9616, 0.734, 4.5046, 6.9056, 6.9596, 2.8847, 8.4029, 7.5283, 8.6737, 6.9496, 3.4222, 5.574, 1.2693, 0, 89.9261, 8.7317, 18.5064, 1.5045],
      [5.7813, 0, 1.8921, 2.8066, 1.9262, 3.282, 0.8322, 2.8094, 2.1391, 0, 5.5648, 90.4578, 107.097, 10.2496, 59.3373, 67.2599, 64.32, 0.8322, 9.6699, 11.7719, 19.6756, 9.5777, 10.9096, 12.3292, 3.8675, 5.1013, 6.7685, 31.5809, 227.3163, 131.2382, 15.314, 145.6128, 173.003, 197.7294, 170.0635, 172.863, 130.2637, 120.0736, 78.5263, 66.4906, 96.1862, 58.1161, 0, 1172.3808, 122.5276, 268.7222, 13.0254],
      [1.2351, 0, 0.3386, 0.7541, 0.3386, 0.4515, 0.1129, 0.4515, 0.3386, 0.1129, 0.9031, 12.8685, 17.0452, 2.8737, 9.1434, 10.498, 10.498, 0.1129, 3.1271, 2.3705, 3.7251, 1.8061, 11.1023, 2.0319, 1.3469, 1.4675, 2.2372, 5.0674, 50.6348, 18.5126, 5.4163, 33.041, 48.9589, 32.7837, 31.0876, 32.5185, 19.8629, 24.4659, 28.5791, 15.9693, 14.2647, 12.3143, 0, 174.9669, 19.6414, 41.4276, 2.3268],
      [0.8006, 0, 0.3859, 0.7719, 0.3859, 0.1786, 0.0549, 0.6237, 0.3697, 0.8871, 1.4167, 6.6081, 16.4494, 0.3572, 5.8937, 9.8212, 11.6072, 0.0096, 3.9925, 3.0588, 6.21, 0.829, 5.5148, 2.6339, 1.6989, 2.8036, 2.4368, 3.6269, 22.2882, 12.2876, 0.5358, 18.8415, 12.1325, 18.5272, 6.9642, 8.2155, 12.3451, 6.7867, 9.9449, 4.1179, 7.9751, 4.3003, 0, 112.7263, 23.0993, 38.3438, 2.1432]
    ],
    [
      [0, 0, 1.4925, 2.886, 0.6345, 2.1655, 0, 0.8567, 0.6734, 0, 0.8075, 16.6563, 48.6631, 2.3122, 15.913, 24.3316, 29.3132, 0.7591, 18.2058, 15.4714, 38.7635, 9.175, 28.6302, 11.3407, 12.2104, 5.4513, 14.8958, 13.0866, 57.9845, 14.9721, 2.6936, 25.8159, 27.0734, 48.9866, 21.1598, 37.0851, 37.4906, 38.7649, 23.1875, 15.5123, 25.0291, 9.3919, 0.6837, 430.8987, 42.7643, 82.065, 7.6994],
      [0, 0.2903, 0.0152, 0.1294, 0.0735, 0.1877, 0, 0.2558, 0.0346, 0, 0.2435, 3.2394, 3.4649, 0.3931, 0.1677, 1.3659, 0.2973, 0.0406, 0.3296, 0.5886, 0.7251, 0.4211, 0.4285, 0.5834, 0.1318, 0.2587, 0.2307, 1.2731, 8.7235, 6.0413, 0.3676, 5.4443, 6.3571, 7.8537, 8.4212, 6.9778, 5.323, 4.7853, 3.0025, 2.579, 3.8976, 2.8728, 0, 49.4443, 6.0532, 7.3595, 0.5859],
      [0, 0.3692, 0.3953, 0.7906, 0.1976, 0.5929, 0, 0.7446, 0.1976, 0.7248, 1.9853, 5.3364, 13.835, 1.1923, 4.3482, 6.9175, 7.7081, 0.1976, 11.3274, 4.1505, 11.857, 2.3717, 7.5105, 3.1623, 3.8331, 1.5811, 7.2778, 4.7618, 26.0802, 7.1541, 0.8013, 10.1015, 10.9232, 30.7888, 14.6001, 16.8293, 21.2573, 11.7086, 7.1122, 7.874, 9.2247, 6.7651, 0.3163, 167.7343, 17.4906, 24.3101, 3.1326],
      [0, 0.3406, 0.097, 0.194, 0.0943, 0.0539, 0, 0.1428, 0.0943, 0.2752, 2.9637, 1.7679, 4.0369, 0.1024, 1.5712, 2.385, 1.6813, 0.0027, 1.1371, 0.7895, 1.6544, 0.0322, 1.4309, 0.9136, 0.8246, 0.7088, 0.5957, 0.8785, 5.2118, 2.8325, 0.1375, 2.6383, 2.6464, 4.371, 1.8189, 2.1078, 2.9292, 1.7412, 1.6977, 1.0348, 1.8486, 0.9701, 0, 26.9226, 5.6919, 9.2654, 0.5821]
    ],
    [
      [0.4804, 0, 0.2066, 0.0474, 0, 2.1575, 0, 0.0279, 0.0525, 0, 0.0771, 0.9609, 1.8655, 0.059, 5.339, 1.1542, 1.1376, 0.0311, 0.5458, 0.3276, 0.8109, 2.1989, 0.8094, 0.4901, 0.8248, 0.3309, 1.9537, 0.2588, 1.7522, 0.0555, 0.0623, 0.8737, 1, 2.0347, 0.9428, 1.1441, 1.0638, 3.2891, 0.6769, 0.4343, 0.7047, 0.3312, 0, 13.4173, 2.3513, 3.4952, 0.2081],
      [0.1917, 0, 1.8295, 0.0639, 0, 0.2555, 0.0639, 0.0639, 0.4501, 0, 0.1917, 3.5857, 5.3529, 0.1278, 8.7317, 4.1285, 4.5637, 0.0639, 0, 0.6389, 1.5972, 0, 1.6611, 1.0861, 0, 0.6389, 0, 0.5111, 3.8971, 9.2083, 0.1278, 1.9805, 2.2999, 4.7916, 2.2361, 3.3413, 2.3638, 2.5555, 1.4694, 0.9583, 1.5333, 0.7666, 0, 29.6438, 6.0971, 8.0498, 0.4472],
      [0.8677, 0, 4.7705, 0.0986, 0, 0.9813, 0.2352, 0.2319, 0.5998, 0.4374, 0.9298, 15.7391, 27.1116, 0.9156, 11.3418, 16.9566, 14.0708, 0.2287, 9.4715, 3.8628, 10.4613, 10.8017, 11.5187, 7.5663, 21.4275, 3.9733, 14.0704, 2.5021, 22.6265, 15.2817, 0.7986, 11.5024, 14.3812, 32.8055, 15.8846, 17.6648, 14.3498, 20.2717, 9.1658, 6.1925, 9.3977, 4.6063, 0, 203.1282, 36.415, 50.0547, 2.6342],
      [1.4602, 0, 1.1933, 0.79, 0, 0.6057, 0.7009, 0.6763, 0.8977, 0.5626, 1.8014, 15.7144, 31.67, 0.8977, 13.5875, 19.7607, 20.2279, 0.6763, 8.9827, 5.1707, 12.1306, 10.9994, 12.0108, 7.8576, 8.7477, 5.057, 5.9759, 4.728, 32.7242, 24.4545, 1.0114, 16.6434, 18.3188, 35.3683, 15.9365, 17.8498, 19.2226, 13.8838, 11.6879, 7.4149, 12.3642, 6.2958, 0, 217.8107, 43.1366, 64.4003, 3.7105]
    ]
  ],
  "V_est": [
    [5.3597, 3.4193, 306.3988, 611.8222],
    [260.1271, 242.4645, 15484.5659, 172.8426],
    [261.5747, 3907.2923, 709.1313, 411.0018],
    [1263.9538, 151.2591, 497.5709, 99.2163],
    [55.9847, 117.5649, 678.3332, 755.1171]
  ],
  "p_est": [
    [0.0058, 0.0037, 0.3305, 0.66],
    [0.0161, 0.015, 0.9582, 0.0107],
    [0.0495, 0.7388, 0.1341, 0.0777],
    [0.6282, 0.0752, 0.2473, 0.0493],
    [0.0348, 0.0732, 0.4221, 0.4699]
  ],
  "EI_Z": {},
  "EI_V": 5.1233,
  "MAE_Z": {},
  "MAE_V": 133.181,
  "MAE_p": 0.057,
  "runtime": 1.446
}
