{
  "Z_true": {},
  "V_true": [
    [884, 241, 2143, 241],
    [1336, 1269, 14424, 736],
    [87, 7383, 388, 312],
    [98, 1246, 814, 898]
  ],
  "p_true": [
    [0.2519, 0.0687, 0.6107, 0.0687],
    [0.0752, 0.0714, 0.8119, 0.0414],
    [0.0106, 0.9037, 0.0475, 0.0382],
    [0.0321, 0.4077, 0.2664, 0.2938]
  ],
  "Z_est": [
    [
      [15.7792, 7.3915, 22.537, 22.5211, 5.0007, 10.2283, 54.908, 44.9005, 33.2224, 52.5441, 31.0948, 15.5867, 41.8115, 27.0917, 116.2939, 15.6971, 71.5664, 113.5993, 90.2267, 0, 3.089, 15.3505, 13.0179, 28.715, 7.5215, 15.9492, 48.7772, 51.1416, 20.3622, 23.2776, 0, 111.7865, 87.9096, 48.9822, 43.0409, 15.3977, 53.3638, 36.1378, 23.6096, 17.227, 29.8181, 33.8685, 3.7982, 2.854, 1.1077, 21.7726, 32.9071, 13.475, 124.4413, 14.3559, 179.4295, 44.7293],
      [0.2896, 1.3466, 0.4407, 1.1077, 0.0881, 0.7426, 5.2524, 2.1651, 2.2655, 4.3548, 1.5985, 3.025, 3.134, 1.7117, 8.8355, 0.9566, 5.1353, 6.092, 5.0851, 0, 0.2517, 0.2644, 0.2392, 1.6663, 0.1259, 2.0063, 11.8349, 7.9125, 0.7293, 4.3166, 0, 5.8908, 7.2295, 4.541, 3.8512, 0.8433, 1.2584, 2.3663, 7.5603, 10.6713, 3.9666, 2.8948, 0.3146, 0.4476, 0.0252, 1.7873, 6.6825, 0.2392, 13.3408, 1.7494, 11.6549, 3.1469],
      [3.5657, 2.7563, 5.426, 15.9818, 1.0852, 3.9381, 37.9134, 26.3066, 9.2996, 27.1688, 9.7976, 9.1741, 23.4312, 9.4191, 54.6495, 6.2689, 44.4156, 35.5842, 40.1914, 0, 0.9938, 3.2556, 2.9456, 6.9763, 1.5503, 6.2833, 28.1205, 13.1775, 4.6509, 13.2555, 0, 54.0107, 55.5319, 36.8015, 14.049, 3.9222, 24.7402, 21.9856, 13.034, 15.1214, 13.0463, 15.8452, 1.2736, 2.0848, 0.3101, 16.7723, 10.0556, 2.9456, 81.5356, 9.9676, 56.4594, 59.792],
      [3.3656, 1.5057, 6.5962, 4.3893, 0.826, 2.091, 10.9262, 8.6278, 7.2125, 11.9323, 6.5091, 3.2142, 8.6233, 5.7774, 22.2212, 3.0774, 15.8827, 19.7245, 17.4968, 0, 0.6655, 2.1295, 2.7973, 7.6424, 0.8023, 2.7611, 12.2674, 12.7684, 4.2576, 6.1503, 0, 23.3121, 20.329, 9.6753, 10.0588, 2.8367, 12.6376, 8.5102, 5.7961, 5.9803, 6.169, 7.3916, 0.6136, 0.6136, 0.5571, 4.6679, 8.3548, 2.3402, 27.6823, 3.9271, 34.4563, 11.3319]
    ],
    [
      [5.8326, 0.8046, 5.5454, 1.9941, 14.7926, 2.3797, 3.6876, 7.0983, 9.4574, 7.1249, 4.9072, 1.0166, 5.4625, 4.4701, 21.758, 3.794, 6.7024, 28.9059, 20.2126, 0, 0.5526, 5.0674, 3.4625, 7.1975, 10.3752, 3.7087, 2.0544, 8.8923, 6.3298, 1.0071, 0.1879, 13.4692, 7.2404, 2.0947, 9.3901, 5.1377, 7.289, 3.6125, 1.0071, 0.7251, 4.125, 5.3138, 1.0077, 0.1208, 5.7506, 0.9265, 3.1579, 3.7797, 5.4784, 0.6042, 48.719, 1.9336],
      [13.1407, 16.0124, 11.1702, 2.5508, 6.963, 8.1131, 13.9341, 4.7753, 8.2905, 24.8224, 3.9421, 6.8242, 9.6495, 4.6496, 32.2071, 3.4069, 14.9537, 15.6167, 18.6434, 0.1011, 0.7581, 18.7142, 26.4567, 29.5839, 14.9796, 3.7689, 33.5231, 62.7108, 14.9261, 43.6016, 0.0485, 13.7973, 12.3821, 16.431, 14.0938, 2.8818, 5.0539, 13.5205, 15.1347, 30.7962, 17.093, 8.5917, 1.3615, 0.9366, 2.025, 7.5282, 67.0143, 7.8841, 71.0842, 5.5088, 32.5474, 8.2499],
      [228.161, 136.6849, 586.3769, 123.6049, 42.2864, 86.7553, 265.1849, 191.4866, 231.3005, 376.7358, 172.2447, 69.559, 234.0058, 136.2257, 676.687, 81.1917, 381.9926, 484.6339, 412.0751, 4.2789, 20.5429, 417.8137, 217.3155, 393.5386, 144.9187, 75.8737, 503.8368, 711.6809, 279.7194, 395.1206, 2.7636, 538.1926, 628.4365, 307.8391, 504.0291, 144.0354, 322.0528, 322.7962, 214.4852, 302.4885, 189.1979, 405.5491, 15.0255, 21.2304, 33.3938, 147.4997, 699.069, 299.9284, 902.5773, 201.0833, 954.9339, 275.5874],
      [11.8656, 2.4981, 45.9075, 4.8503, 1.958, 5.7519, 12.1934, 13.6397, 25.9516, 33.3168, 21.906, 4.6001, 16.8822, 18.6545, 39.3479, 7.6074, 36.3514, 40.8435, 39.0688, 0.62, 2.1464, 27.4047, 13.7653, 35.6799, 15.7265, 3.6487, 33.5857, 47.716, 15.0248, 17.2707, 0, 59.541, 51.941, 6.6352, 36.4871, 7.9451, 29.6042, 24.0708, 14.373, 11.9903, 12.584, 19.5454, 0.6053, 0.7122, 3.8306, 6.0456, 27.7588, 21.4078, 50.8601, 11.8037, 91.7997, 7.2291]
    ],
    [
      [2.0861, 0.5205, 1.1439, 0.3368, 0.1876, 0.1938, 0.9962, 0.7135, 0.9391, 1.6912, 0.5383, 0.2923, 1.3531, 3.1522, 3.8724, 0.4043, 2.1411, 8.855, 1.9503, 0, 0.3494, 1.0833, 1.0811, 1.373, 0.8189, 0.2117, 0.1307, 3.6324, 0.9543, 0.0964, 0.7907, 10.712, 1.7274, 0.4043, 1.6046, 0.3426, 4.7757, 0.7148, 0.0641, 0.0461, 1.4882, 1.1801, 0.1251, 0.0077, 0.0982, 0.0589, 2.8864, 1.204, 4.4487, 0.0384, 6.9447, 0.9815],
      [115.3426, 59.265, 122.6935, 32.1877, 16.1815, 18.9926, 100.0133, 66.9616, 95.5088, 181.8866, 51.1592, 29.5153, 135.0172, 69.4228, 388.9381, 39.0311, 212.7014, 245.9497, 189.5853, 1.5143, 13.663, 122.0319, 123.1928, 151.4589, 90.7941, 18.9973, 613.8447, 411.9753, 103.6254, 207.091, 3.2249, 198.2971, 168.4232, 132.5596, 166.5684, 33.1028, 66.203, 72.157, 245.8348, 297.4708, 163.3969, 124.2888, 13.3701, 10.4043, 9.4893, 72.8103, 331.5283, 116.1125, 618.8541, 84.5248, 489.8863, 98.473],
      [9.3364, 1.1864, 6.2873, 0.8076, 0.3253, 0.3827, 2.0093, 2.8712, 4.4537, 3.773, 1.0333, 0.5932, 13.8686, 6.7995, 36.47, 3.7211, 21.6298, 33.7204, 11.4001, 0.561, 1.3119, 2.4494, 2.4686, 3.0426, 2.6457, 0.3827, 12.4187, 8.7606, 3.4193, 4.1143, 0.9843, 14.0236, 9.8985, 2.6408, 3.3999, 1.8334, 1.8208, 1.4543, 5.7147, 10.3422, 6.1233, 6.038, 0.2679, 1.3817, 0.1914, 4.7403, 6.6402, 15.4106, 42.9724, 11.6761, 35.8281, 5.6019],
      [2.2349, 1.0281, 2.8754, 0.6678, 0.3055, 0.4309, 1.9813, 1.4537, 2.0983, 3.6492, 1.2692, 0.5992, 2.7611, 1.6255, 7.7196, 0.8436, 4.5277, 5.4749, 4.0643, 0.9247, 0.6757, 2.4354, 2.2576, 3.1255, 1.7414, 0.4082, 1.6059, 7.6317, 2.001, 3.6983, 0, 5.9672, 3.951, 2.3953, 3.4271, 0.7212, 5.2006, 1.6739, 0.3864, 5.1409, 2.9915, 2.4931, 0.2369, 0.2063, 0.2211, 1.3904, 5.945, 11.273, 11.7248, 1.7606, 10.3408, 1.9437]
    ],
    [
      [0.302, 0.2835, 0.7736, 0.148, 0.0191, 0.1982, 0.4083, 0.2877, 0.381, 0.6397, 4.4597, 0.1044, 0.373, 0.286, 1.0757, 0.1047, 0.5901, 0.6398, 0.6103, 0, 0.0089, 0.4988, 0.4385, 0.7144, 0.2844, 0.1304, 0.0376, 1.3336, 0.3538, 0.619, 0.0214, 1.0323, 1.1227, 0.5188, 0.9644, 0.1219, 0.5716, 0.5349, 0.3193, 0.0017, 0.5687, 0.6377, 0.069, 0.0174, 0.0435, 0.242, 1.0486, 0.5413, 1.6316, 0.0014, 1.9068, 0.3557],
      [20.2271, 17.376, 39.6956, 8.1537, 0.7674, 14.1517, 23.8002, 16.098, 21.9352, 38.9361, 21.3002, 6.6355, 24.1992, 16.2158, 70.0194, 6.6054, 38.2096, 41.3417, 37.6862, 0.3847, 0.3272, 28.9895, 27.1113, 40.2909, 18.1004, 8.2274, 76.7972, 84.4014, 21.7192, 40.9908, 0.7265, 55.0149, 56.9652, 30.4684, 50.4866, 7.1721, 27.4847, 30.9562, 18.4701, 52.0617, 42.5434, 34.2248, 3.9538, 1.2116, 2.4605, 14.8743, 67.7749, 31.7641, 109.7209, 17.217, 109.9115, 21.1302],
      [8.9369, 13.3724, 30.9099, 5.6057, 0.3031, 5.9238, 14.8924, 9.3355, 10.9461, 19.3225, 18.9244, 2.6736, 9.6944, 8.5556, 31.1936, 1.8183, 11.962, 11.0615, 13.3334, 0.1601, 0.1515, 18.4813, 17.2704, 27.4424, 8.8854, 4.4602, 33.6241, 47.3811, 12.2105, 21.5096, 0.2521, 35.7731, 48.1331, 22.7186, 44.522, 3.209, 23.3862, 19.7639, 11.7661, 21.048, 15.6324, 29.5677, 3.433, 0.3031, 1.1048, 8.9876, 39.2352, 19.7155, 48.9147, 10.273, 65.7785, 13.0187],
      [5.534, 1.9682, 18.6209, 3.0925, 0.9105, 2.7262, 7.8992, 7.2788, 10.7376, 15.1017, 9.3158, 2.5865, 8.7335, 7.9426, 21.7113, 3.4716, 17.2382, 19.9571, 18.37, 0.4553, 0.5123, 10.0304, 6.1798, 14.5522, 5.7298, 2.182, 15.5411, 21.8839, 6.7166, 8.8806, 0, 27.1797, 23.779, 6.2941, 16.027, 3.497, 14.5575, 10.745, 6.4445, 7.8886, 7.2555, 9.5698, 0.5442, 0.468, 1.3912, 3.8961, 13.9413, 10.979, 28.7328, 5.5086, 42.4032, 6.4953]
    ]
  ],
  "V_est": [
    [1959.2149, 173.4359, 956.8668, 419.4825],
    [335.665, 822.7543, 15514.0271, 1092.5536],
    [81.7431, 7545.5224, 391.2281, 151.5064],
    [28.377, 1597.2875, 906.8781, 523.4575]
  ],
  "p_est": [
    [0.5583, 0.0494, 0.2727, 0.1195],
    [0.0189, 0.0463, 0.8733, 0.0615],
    [0.01, 0.9236, 0.0479, 0.0185],
    [0.0093, 0.5227, 0.2968, 0.1713]
  ],
  "EI_Z": {},
  "EI_V": 10.1852,
  "MAE_Z": {},
  "MAE_V": 413.7743,
  "MAE_p": 0.0755,
  "runtime": 1.231
}
