{
  "Z_true": {},
  "V_true": [
    [8, 98, 499, 532],
    [944, 2106, 696, 119],
    [395, 6539, 667, 431],
    [211, 511, 15704, 492],
    [46, 687, 319, 716],
    [93, 289, 620, 316]
  ],
  "p_true": [
    [0.007, 0.0862, 0.4389, 0.4679],
    [0.2442, 0.5449, 0.1801, 0.0308],
    [0.0492, 0.8141, 0.083, 0.0537],
    [0.0125, 0.0302, 0.9282, 0.0291],
    [0.026, 0.3886, 0.1804, 0.405],
    [0.0706, 0.2193, 0.4704, 0.2398]
  ],
  "Z_est": [
    [
      [0, 0, 0, 0, 0, 0, 0, 0, 0, 0, 0, 0, 0, 0, 0, 0, 0, 0, 0, 0, 0, 0, 0, 0, 0, 0, 0, 0, 0, 0, 0, 0, 0, 0, 0, 0, 0, 0, 0],
      [0, 5.8894, 5.0853, 2.0726, 2.7748, 4.032, 5.2094, 3.5672, 1.8008, 2.6955, 1.8045, 2.8994, 2.7145, 3.7828, 0, 0.8494, 3.6922, 6.642, 1.5195, 4.6889, 3.477, 0, 0.2605, 7.5262, 5.4024, 0, 0.2605, 9.2764, 5.4364, 2.4917, 4.485, 0, 0.0793, 0, 13.7495, 3.7052, 1.6762, 9.491, 1.2798],
      [0, 71.3171, 46.5589, 16.8384, 21.2025, 23.1134, 19.04, 11.7925, 18.1511, 20.7624, 18.0773, 14.8801, 23.6847, 60.4612, 0, 2.7473, 26.4171, 19.9159, 4.767, 18.3383, 28.1926, 0, 0.599, 39.097, 24.6821, 0, 1.5039, 77.5928, 50.664, 19.1793, 26.6404, 0, 0.7802, 0, 104.6862, 25.2952, 7.8463, 42.1264, 4.1493],
      [0, 7.7934, 5.3558, 2.0889, 3.0226, 2.8547, 2.7506, 1.6403, 2.0481, 2.5421, 3.1181, 2.2205, 2.6008, 6.756, 0, 0.4033, 2.8907, 2.4421, 1.7135, 2.9728, 3.3304, 0, 0.1405, 4.3768, 3.9154, 0, 0.2357, 7.1308, 5.8996, 2.3291, 3.8746, 0, 0.1405, 0, 16.5642, 2.9996, 1.4775, 7.3826, 0.5709]
    ],
    [
      [0.425, 59.9153, 59.0741, 31.6188, 35.914, 45.7891, 18.8432, 14.7689, 22.9391, 19.8836, 29.9138, 30.379, 29.116, 49.2431, 1.3064, 13.44, 46.2543, 32.0319, 31.4412, 76.5225, 38.7477, 0.9035, 3.5649, 73.753, 77.3187, 0.5587, 1.9071, 24.9759, 53.4949, 21.2559, 54.8447, 0.8097, 2.8121, 1.5262, 140.6671, 29.9797, 30.0689, 142.0643, 18.2043],
      [0.5155, 102.725, 96.5729, 44.3057, 57.1407, 74.8775, 20.604, 17.4049, 33.1833, 25.838, 42.3647, 39.8672, 53.6359, 77.3088, 1.4997, 22.0493, 71.711, 60.9833, 52.4572, 116.1462, 65.5769, 5.2249, 4.8998, 125.6618, 118.9403, 0.3818, 4.2103, 42.371, 81.1989, 38.608, 89.4716, 0.1257, 0.9289, 2.2358, 226.9349, 52.3922, 39.675, 187.1874, 43.8726],
      [0.0595, 14.4434, 16.353, 7.6432, 8.4203, 11.3334, 3.3314, 2.6963, 3.5687, 4.0209, 6.3148, 5.3625, 7.7797, 16.7068, 0.1939, 3.3099, 11.0347, 9.4547, 7.6182, 14.2607, 13.0679, 0.4937, 0.5353, 34.3756, 30.5673, 0.0595, 0.8466, 4.2824, 8.5649, 3.8066, 19.8343, 0.0595, 2.6687, 0.2379, 23.375, 7.1648, 7.8546, 20.9364, 5.782],
      [0, 0.9163, 0, 0.4324, 0.525, 0, 0.2213, 0.1298, 0.3089, 0.2574, 0.4067, 0.3912, 0.4684, 0.7412, 0, 0.2008, 0, 0.5302, 0.4834, 1.0707, 0.6074, 0.3779, 0, 1.2097, 1.1736, 0, 0.036, 0.3706, 0.7412, 0.3294, 0.8493, 0.0051, 0.5903, 0, 2.023, 0.4633, 0.4015, 1.8119, 1.1411]
    ],
    [
      [0.3317, 7.1992, 8.1542, 8.7575, 4.656, 6.5283, 7.3952, 5.9685, 3.2765, 6.256, 7.1187, 5.0994, 1.23, 6.1834, 0.6504, 1.2564, 8.5243, 2.5128, 4.656, 7.1195, 3.2459, 0.0739, 0.5797, 0.9293, 8.9918, 0.1023, 0, 3.475, 9.2381, 1.9437, 5.8477, 0.0246, 0.3996, 0.2217, 23.9206, 3.2133, 8.013, 25.2024, 1.6505],
      [1.4845, 388.6545, 306.1971, 132.5687, 172.2502, 247.3149, 186.0469, 121.3978, 120.4135, 195.8248, 333.3741, 197.8371, 151.3392, 225.4653, 5.5003, 47.3056, 231.0711, 92.6546, 164.0369, 266.3341, 224.3901, 2.5968, 15.6933, 275.2157, 335.1162, 2.8225, 17.3916, 233.706, 343.4838, 164.2667, 286.7262, 0.8656, 5.6917, 8.4022, 880.8968, 153.3554, 100.094, 619.0543, 62.1332],
      [0.1838, 21.2351, 8.2961, 4.8162, 4.7371, 6.6419, 0, 0, 3.963, 2.0855, 1.2882, 0, 4.0603, 6.291, 1.8493, 1.2783, 6.2659, 2.5565, 9.3181, 7.2434, 11.4967, 0.0752, 0.4261, 16.5268, 10.064, 0.0752, 3.0056, 14.2131, 9.3989, 10.305, 19.3059, 0.0251, 0.5415, 0.2256, 24.3369, 4.1857, 6.6818, 19.513, 1.6793],
      [0, 15.9112, 8.3526, 5.8576, 7.3568, 4.5149, 6.5579, 2.6337, 5.347, 8.8337, 11.219, 4.0634, 5.3706, 13.0603, 0, 1.1598, 4.1387, 4.2761, 10.989, 8.303, 7.8672, 0.2541, 0.301, 6.3283, 10.8281, 0, 0.6028, 10.606, 12.8792, 5.4846, 10.1202, 0.0847, 0.3672, 0.1505, 41.8457, 6.2456, 4.2112, 21.2303, 1.5369]
    ],
    [
      [1.2433, 0, 0.7609, 1.1113, 2.3475, 1.5685, 2.0682, 0.6905, 4.3446, 1.1775, 1.7371, 6.6389, 0, 0.9428, 0.0432, 1.1858, 2.1975, 0, 0.31, 14.3259, 0, 0, 0.724, 0, 2.3487, 0.8226, 0, 0, 5.3178, 0, 0, 0.1532, 0.7533, 0.1931, 5.295, 0, 2.3687, 33.1157, 0],
      [0, 1.5865, 20.7791, 0, 2.3937, 11.8316, 1.7357, 13.8033, 0, 2.3029, 3.6528, 1.8698, 13.5418, 11.5906, 0, 2.8581, 8.8111, 10.3349, 0.9053, 12.5408, 2.2438, 0.8457, 0.4851, 0.5498, 0, 1.0212, 0, 8.8472, 29.4856, 6.7695, 0, 0.0013, 0, 0.4745, 30.8402, 23.738, 0, 0, 4.3516],
      [15.7567, 852.9871, 1224.46, 196.7614, 460.1181, 333.5998, 138.1579, 113.5062, 171.4061, 196.9314, 312.5046, 150.3411, 472.9552, 1200.203, 7.9568, 71.3212, 338.9913, 177.3968, 232.9195, 359.7699, 327.4978, 16.2419, 39.791, 591.4502, 414.2243, 9.1562, 43, 981.6145, 1545.8477, 732.7942, 350.6557, 15.38, 43.673, 23.287, 2364.9851, 347.4552, 200.8958, 1177.6117, 111.1567],
      [0, 23.4264, 0, 8.1272, 6.1406, 0, 11.0382, 0, 8.2493, 2.5882, 4.1054, 1.1502, 6.503, 26.2636, 0, 0.6349, 0, 8.2684, 8.8651, 4.3634, 4.2584, 0.9124, 0, 0, 9.4269, 0, 0, 6.5383, 2.3488, 1.4364, 7.3443, 0.4656, 0.5737, 0.0453, 37.8797, 7.8068, 3.7355, 25.2725, 1.4917]
    ],
    [
      [0, 1.0862, 0.9618, 0.2376, 0.5205, 0.5771, 0.4186, 0.3847, 0.215, 0.5205, 0.7807, 0.5205, 0.3168, 0.8939, 0, 0.0679, 0.4413, 0.3055, 0.3055, 0.6449, 0.5318, 0.0226, 0.0566, 0.7807, 0.6789, 0.4914, 0.0679, 0.8373, 1.0749, 0.3508, 0.7581, 0, 0.0226, 0.0339, 3.632, 0.4073, 0.3621, 1.1315, 0.0453],
      [0, 16.8491, 15.2872, 2.5462, 8.0318, 12.1788, 6.4986, 9.707, 2.3037, 11.2161, 16.6525, 9.4713, 4.8953, 12.9246, 0, 1.3674, 7.9944, 5.0368, 3.2737, 11.0585, 8.7741, 0.3327, 1.1921, 12.6237, 12.0533, 0.4249, 0.9579, 12.0679, 16.3271, 5.9626, 12.0907, 0, 0.2907, 0.7834, 51.0823, 6.7892, 5.3626, 15.1952, 0.485],
      [0, 6.0536, 11.2673, 0.6935, 3.1454, 6.2817, 2.0825, 1.8063, 0.6275, 2.6835, 4.0759, 5.008, 0.9247, 3.8087, 0, 0.1982, 2.7596, 1.4303, 0.8917, 5.7132, 3.5721, 0.1892, 0.6904, 9.0953, 2.2815, 0.0836, 1.103, 7.7361, 11.5156, 1.5483, 6.4647, 0, 0.0661, 1.2676, 40.5183, 1.2833, 4.1429, 3.3025, 0.1321],
      [0, 72.0111, 57.4837, 17.5226, 34.3024, 31.9624, 28.0002, 22.102, 15.8538, 31.58, 47.4909, 31.0002, 21.8632, 61.3729, 0, 4.3665, 27.8047, 20.2273, 22.5291, 39.5834, 34.122, 1.4555, 3.0609, 46.5003, 44.9863, 0, 3.8712, 53.3587, 66.0824, 23.1384, 47.6865, 0, 1.6206, 0.915, 225.7674, 27.5201, 22.1325, 80.3708, 3.3376]
    ],
    [
      [0, 0.7993, 1.0491, 0.2748, 0.562, 0.537, 0.2748, 0.1873, 0.2248, 0.1624, 0.4496, 0.3622, 0.3372, 0.7368, 0, 0.05, 0.5826, 0.1499, 0.2872, 0.3872, 0.4746, 0, 0.0749, 0.537, 0.6619, 0.025, 0.025, 0.7119, 0.8742, 0.4496, 0.5495, 0.0125, 0.0125, 0.025, 2.4853, 0.3996, 0.1873, 1.4862, 0.0999],
      [0, 4.2955, 5.0785, 1.5068, 2.4088, 5.7652, 0.9053, 1.1198, 1.2986, 0.1227, 2.1514, 4.0551, 1.8734, 2.9279, 0, 0.5702, 2.7201, 0.3484, 1.8073, 3.2316, 2.538, 0, 0.4692, 3.4229, 5.4877, 1.3495, 0.1798, 2.7315, 4.0682, 1.9015, 3.2265, 0.0074, 0.0094, 0.1041, 10.4963, 2.02, 1.1922, 7.0721, 0.8777],
      [0, 21.9636, 38.0647, 8.2473, 19.3766, 16.0298, 7.3881, 5.1988, 6.2836, 3.5163, 12.7392, 9.4083, 10.5954, 21.5294, 0, 1.1452, 19.5313, 3.2458, 7.4856, 9.6745, 15.1729, 0, 4.9582, 16.4551, 19.1807, 0.6255, 0.541, 23.561, 29.0089, 16.3667, 16.099, 0.5355, 0.2705, 0.9818, 76.0984, 12.6158, 4.5786, 50.51, 3.1008],
      [0, 36.9416, 39.8078, 11.9712, 22.6525, 20.668, 13.4318, 8.4941, 10.193, 9.1987, 20.6598, 15.1744, 14.194, 33.8059, 0, 2.2347, 20.1659, 8.2559, 13.4199, 17.7067, 19.8145, 0, 0.4976, 22.585, 27.6696, 0, 1.2543, 29.9956, 36.0487, 17.2822, 24.125, 0.4446, 0.7076, 0.8891, 109.92, 16.9645, 9.0419, 59.9318, 3.9216]
    ]
  ],
  "V_est": [
    [0, 130.3175, 891.0999, 115.5826],
    [1366.2768, 2141.0888, 338.4191, 19.2152],
    [199.9468, 7318.9731, 244.1911, 268.889],
    [93.7859, 230.1914, 16364.7622, 229.2605],
    [20.4845, 320.0883, 154.4441, 1272.9831],
    [16.506, 89.3408, 512.0837, 700.0695]
  ],
  "p_est": [
    [0, 0.1146, 0.7837, 0.1017],
    [0.3535, 0.554, 0.0876, 0.005],
    [0.0249, 0.9112, 0.0304, 0.0335],
    [0.0055, 0.0136, 0.9673, 0.0136],
    [0.0116, 0.181, 0.0874, 0.72],
    [0.0125, 0.0678, 0.3885, 0.5312]
  ],
  "EI_Z": {},
  "EI_V": 9.8782,
  "MAE_Z": {},
  "MAE_V": 271.9642,
  "MAE_p": 0.1029,
  "runtime": 0.9977
}
