{
  "Z_true": {},
  "V_true": [
    [8, 98, 499, 532],
    [944, 2106, 696, 119],
    [395, 6539, 667, 431],
    [211, 511, 15704, 492],
    [46, 687, 319, 716],
    [93, 289, 620, 316]
  ],
  "p_true": [
    [0.007, 0.0862, 0.4389, 0.4679],
    [0.2442, 0.5449, 0.1801, 0.0308],
    [0.0492, 0.8141, 0.083, 0.0537],
    [0.0125, 0.0302, 0.9282, 0.0291],
    [0.026, 0.3886, 0.1804, 0.405],
    [0.0706, 0.2193, 0.4704, 0.2398]
  ],
  "Z_est": [
    [
      [0, 0, 0, 0, 0, 0, 0, 0, 0, 0, 0, 0, 0, 0, 0, 0, 0, 0, 0, 0, 0, 0, 0, 0, 0, 0, 0, 0, 0, 0, 0, 0, 0, 0, 0, 0, 0, 0, 0],
      [0, 5.8962, 5.0911, 2.075, 2.778, 4.0366, 5.2154, 3.5713, 1.8029, 2.6986, 1.8066, 2.9027, 2.5852, 3.7872, 0, 0.8504, 3.6965, 6.6496, 1.5213, 4.6943, 3.481, 0, 0.2608, 7.5348, 5.4086, 0, 0.2608, 9.2871, 5.4426, 2.4945, 4.4902, 0, 0.0794, 0, 13.7653, 3.7095, 1.6781, 9.5019, 1.2813],
      [0, 71.309, 46.5519, 16.8355, 21.1983, 23.1081, 19.0332, 11.788, 18.1487, 20.7587, 18.0737, 14.876, 23.8135, 60.4554, 0, 2.7462, 26.4124, 19.9081, 4.764, 18.3318, 28.1878, 0, 0.5986, 39.0879, 24.6745, 0, 1.5035, 77.5823, 50.6565, 19.1758, 26.6339, 0, 0.7801, 0, 104.6634, 25.2903, 7.8436, 42.1122, 4.1477],
      [0, 7.7949, 5.3569, 2.0895, 3.0237, 2.8553, 2.7513, 1.6407, 2.0485, 2.5427, 3.1197, 2.2213, 2.6012, 6.7575, 0, 0.4034, 2.8911, 2.4423, 1.7147, 2.9739, 3.3312, 0, 0.1406, 4.3773, 3.9169, 0, 0.2357, 7.1306, 5.9009, 2.3296, 3.8759, 0, 0.1406, 0, 16.5713, 3.0002, 1.4782, 7.3859, 0.5711]
    ],
    [
      [0.4253, 59.967, 59.1254, 31.647, 35.9454, 45.829, 18.8607, 14.8308, 22.9597, 19.9017, 29.9406, 30.4066, 29.1407, 49.2859, 1.3076, 13.4517, 46.2951, 32.0439, 31.4685, 76.5904, 38.7809, 0.9045, 3.5681, 73.8152, 77.3856, 0.5592, 1.9098, 24.9977, 53.5426, 21.2742, 54.8919, 0.8099, 3.0376, 1.507, 140.7909, 30.0055, 30.096, 142.1937, 18.2049],
      [0.5163, 102.88, 96.7082, 44.374, 57.2275, 74.9822, 20.6366, 17.3818, 33.2339, 25.8781, 42.4297, 39.9288, 53.7163, 77.4275, 1.5021, 22.0828, 71.8117, 61.0896, 52.5366, 116.3227, 65.6767, 4.5548, 4.9067, 125.8549, 119.1243, 0.3824, 4.2166, 42.4347, 81.3221, 38.6656, 89.6086, 0.1161, 0.7095, 2.2596, 227.2771, 52.471, 39.7367, 187.4754, 43.9369],
      [0.0584, 14.2474, 16.1663, 7.5516, 8.3081, 11.1887, 3.2839, 2.6576, 3.5011, 3.9658, 6.2277, 5.2779, 7.6799, 16.554, 0.1903, 3.2671, 10.8933, 9.3425, 7.5171, 14.0286, 12.942, 0.4859, 0.5252, 34.1344, 30.3301, 0.0584, 0.838, 4.2014, 8.4027, 3.7346, 19.66, 0.0689, 2.6788, 0.2334, 22.9325, 7.0656, 7.7705, 20.54, 5.7062],
      [0, 0.9056, 0, 0.4274, 0.5189, 0, 0.2188, 0.1298, 0.3053, 0.2544, 0.4019, 0.3867, 0.463, 0.7326, 0, 0.1984, 0, 0.524, 0.4779, 1.0582, 0.6003, 1.0547, 0, 1.1956, 1.16, 0, 0.0356, 0.3663, 0.7326, 0.3256, 0.8395, 0.0051, 0.5741, 0, 1.9995, 0.4579, 0.3968, 1.7909, 1.1521]
    ],
    [
      [0.3318, 7.1829, 8.1522, 8.7417, 4.6549, 6.5267, 4.9258, 3.2018, 3.2757, 6.1269, 7.1301, 5.0982, 1.2136, 6.1819, 0.6495, 1.2561, 6.1573, 2.5122, 4.6549, 7.1178, 3.2285, 0.0739, 0.5614, 0.8933, 8.9896, 0.0991, 0, 3.4786, 9.2359, 1.9332, 5.8254, 0.0246, 0.1724, 0.2972, 23.9149, 3.1988, 8.0114, 25.3944, 1.6502],
      [1.4837, 388.9956, 306.1105, 132.6357, 172.4021, 247.2481, 186.2324, 124.1615, 120.485, 196.052, 333.7142, 197.8337, 151.3465, 225.6632, 5.4979, 47.3475, 233.3737, 92.7363, 164.1304, 266.5697, 224.5878, 2.599, 15.7072, 275.4591, 335.3096, 2.825, 17.423, 233.9107, 343.7871, 164.4111, 287.0124, 0.8663, 5.9239, 8.3244, 881.6724, 153.5034, 100.2339, 619.4122, 62.1883],
      [0.1845, 21.3601, 8.3751, 4.8536, 4.7821, 6.7051, 0, 0, 3.9954, 2.0879, 1.0944, 0, 4.099, 6.3509, 1.8526, 1.2904, 6.3256, 2.5808, 9.3684, 7.3124, 11.4785, 0.0759, 0.4301, 16.2992, 10.2549, 0.0759, 2.9734, 14.2757, 9.4884, 10.3616, 19.3785, 0.0253, 0.5436, 0.2277, 24.5685, 4.2255, 6.6674, 19.6791, 1.6953],
      [0, 15.4614, 8.3622, 5.7691, 7.1609, 4.5201, 8.8418, 2.6367, 5.2439, 8.7332, 11.0612, 4.0681, 5.341, 12.804, 0, 1.106, 4.1434, 4.1707, 10.8464, 8.0001, 7.7053, 0.2512, 0.3013, 6.3484, 10.446, 0, 0.6036, 10.3349, 12.4886, 5.2941, 9.7838, 0.0837, 0.3601, 0.1507, 40.8442, 6.0723, 4.0874, 20.5143, 1.4663]
    ],
    [
      [1.2428, 0, 0.7363, 1.1048, 2.3307, 1.5468, 4.5344, 3.4098, 4.3305, 1.3099, 1.7269, 6.6299, 0, 0.9292, 0.0429, 1.1766, 4.5341, 0, 0.2926, 14.2824, 0, 0, 0.4863, 0, 2.303, 1.3055, 0, 0, 5.3058, 0, 0, 0.1527, 0.7556, 0.138, 5.299, 0, 2.3566, 32.8185, 0],
      [0, 1.6986, 21.2758, 0, 2.4507, 12.1152, 1.7487, 11.2701, 0, 2.3201, 3.6802, 2.0986, 13.7645, 11.7795, 0, 2.8195, 6.6564, 10.311, 0.9063, 12.4841, 2.2444, 1.526, 0.7458, 0.5447, 0, 0.5446, 0, 9.0463, 29.6642, 6.7668, 0, 0.0013, 0, 0.5475, 31.7685, 23.739, 0, 0, 4.2576],
      [15.7572, 852.4189, 1223.988, 196.6771, 459.8749, 333.3379, 137.9631, 113.3201, 171.3163, 196.6783, 312.3233, 150.1177, 472.6984, 1199.7691, 7.9571, 71.313, 338.8095, 177.3115, 232.7928, 359.5535, 327.3268, 16.2353, 39.7679, 591.4553, 413.8748, 9.1499, 43, 981.1366, 1545.2754, 732.6004, 350.3083, 15.3792, 43.6477, 23.2691, 2363.0212, 347.2763, 200.7792, 1177.1761, 111.191],
      [0, 23.8825, 0, 8.2181, 6.3436, 0, 8.7539, 0, 8.3532, 2.6917, 4.2697, 1.1538, 6.5371, 26.5223, 0, 0.691, 0, 8.3775, 9.0082, 4.6799, 4.4288, 0.2387, 0, 0, 9.8223, 0, 0, 6.8171, 2.7546, 1.6328, 7.6917, 0.4667, 0.5967, 0.0454, 38.9113, 7.9847, 3.8642, 26.0054, 1.5514]
    ],
    [
      [0, 1.0353, 0.9166, 0.2265, 0.4961, 0.55, 0.399, 0.3667, 0.2049, 0.4961, 0.7441, 0.4961, 0.3019, 0.8519, 0, 0.0647, 0.4206, 0.2912, 0.2912, 0.6147, 0.5068, 0.0216, 0.0539, 0.7441, 0.647, 0.0108, 0.0647, 0.798, 1.0245, 0.3343, 0.7225, 0, 0.0216, 0.0324, 3.4616, 0.3882, 0.3451, 1.0784, 0.0431],
      [0, 16.2495, 14.7567, 2.4138, 7.7444, 14.4503, 6.2675, 9.499, 2.1839, 10.9324, 16.2267, 9.1856, 4.7204, 12.4301, 0, 1.3303, 7.7522, 4.8685, 3.1034, 10.7037, 8.4812, 0.3201, 1.1612, 12.1933, 11.6804, 0.8988, 0.9203, 11.6046, 15.7334, 5.7696, 11.6726, 0, 0.2781, 0.7649, 49.0715, 6.5649, 5.1624, 14.568, 0.4598],
      [0, 6.7034, 11.8465, 0.8349, 3.457, 4.0398, 2.3327, 2.036, 0.7554, 2.9946, 4.5426, 5.3218, 1.1133, 4.342, 0, 0.2386, 3.024, 1.6128, 1.0735, 6.1014, 3.8909, 0.2028, 0.7247, 9.5678, 2.6859, 0.0904, 1.1444, 8.2405, 12.165, 1.7577, 6.9208, 0, 0.0795, 1.2877, 42.7143, 1.5258, 4.3619, 3.9759, 0.159],
      [0, 72.0119, 57.4801, 17.5248, 34.3025, 31.9599, 28.0008, 22.0983, 15.8558, 31.5769, 47.4866, 30.9965, 21.8644, 61.3759, 0, 4.3664, 27.8033, 20.2275, 22.5319, 39.5802, 34.1211, 1.4555, 3.0601, 46.4948, 44.9868, 0, 3.8705, 53.3568, 66.0772, 23.1385, 47.6841, 0, 1.6208, 0.915, 225.7526, 27.521, 22.1306, 80.3777, 3.3381]
    ],
    [
      [0, 0.8148, 1.0694, 0.2801, 0.5729, 0.5474, 0.2801, 0.191, 0.2292, 0.1655, 0.4583, 0.3692, 0.3437, 0.7512, 0, 0.0509, 0.593, 0.1528, 0.2928, 0.3947, 0.4838, 0, 0.3303, 0.5474, 0.6748, 0.0255, 0.0255, 0.7257, 0.8912, 0.4583, 0.5602, 0.0127, 0.0127, 0.0255, 2.5335, 0.4074, 0.191, 1.515, 0.1019],
      [0, 4.2801, 5.0576, 1.5015, 2.3973, 3.1676, 0.8994, 1.1163, 1.2944, 0.1187, 2.1425, 4.0506, 1.867, 2.9125, 0, 0.5696, 2.7096, 0.345, 1.802, 3.2255, 2.5289, 0, 0.2183, 3.4132, 5.4772, 1.3492, 0.1794, 2.7166, 4.0506, 1.8923, 3.2162, 0.0162, 0.0091, 0.1035, 10.4453, 2.0121, 1.1888, 7.0425, 0.8762],
      [0, 21.9613, 38.0722, 8.2473, 19.3795, 18.6203, 7.3871, 5.1983, 6.2831, 3.5147, 12.7383, 9.4066, 10.5959, 21.5287, 0, 1.1448, 19.5352, 3.2443, 7.4842, 9.6723, 15.174, 0, 4.9535, 16.4554, 19.1799, 0.6254, 0.5407, 23.5635, 29.012, 16.37, 16.0985, 0.5266, 0.2704, 0.9821, 76.1, 12.6165, 4.5774, 50.5167, 3.1009],
      [0, 36.9438, 39.8007, 11.9711, 22.6503, 20.6647, 13.4334, 8.4945, 10.1934, 9.2011, 20.6609, 15.1736, 14.1934, 33.8076, 0, 2.2347, 20.1622, 8.2579, 13.4209, 17.7076, 19.8134, 0, 0.4979, 22.5839, 27.6681, 0, 1.2545, 29.9942, 36.0461, 17.2794, 24.1251, 0.4444, 0.7078, 0.8889, 109.9212, 16.9639, 9.0428, 59.9258, 3.9211]
    ]
  ],
  "V_est": [
    [0, 130.3349, 891.0505, 115.6146],
    [1367.6985, 2143.3961, 334.2159, 19.6895],
    [192.0747, 7329.1763, 245.3425, 265.4065],
    [101.0815, 228.7762, 16355.848, 232.2942],
    [19.0659, 312.1236, 163.8656, 1272.9449],
    [17.0794, 86.1929, 514.6774, 700.0502]
  ],
  "p_est": [
    [0, 0.1146, 0.7837, 0.1017],
    [0.3539, 0.5546, 0.0865, 0.0051],
    [0.0239, 0.9125, 0.0305, 0.033],
    [0.006, 0.0135, 0.9668, 0.0137],
    [0.0108, 0.1765, 0.0927, 0.72],
    [0.013, 0.0654, 0.3905, 0.5311]
  ],
  "EI_Z": {},
  "EI_V": 9.8932,
  "MAE_Z": {},
  "MAE_V": 272.375,
  "MAE_p": 0.103,
  "runtime": 0.7224
}
