{
  "X": [
    [2, 6, 11, 3],
    [24, 103, 176, 45],
    [1, 5, 34, 3],
    [2, 28, 37, 6],
    [20, 66, 84, 11],
    [30, 219, 209, 33],
    [13, 56, 57, 10],
    [9, 88, 179, 41],
    [13, 63, 60, 14],
    [3, 25, 28, 11],
    [7, 115, 363, 44],
    [6, 49, 71, 13],
    [1, 20, 8, 3],
    [1, 13, 17, 5],
    [0, 7, 8, 3],
    [2, 12, 28, 3],
    [28, 365, 327, 61],
    [40, 434, 409, 87],
    [18, 134, 142, 24],
    [31, 294, 310, 32],
    [26, 543, 420, 52],
    [21, 215, 292, 34],
    [31, 479, 525, 107],
    [2, 12, 19, 0],
    [1, 9, 18, 3],
    [0, 6, 11, 4],
    [7, 46, 136, 19],
    [15, 40, 141, 14],
    [3, 8, 7, 2],
    [2, 28, 24, 1],
    [5, 20, 12, 2],
    [12, 44, 55, 6],
    [113, 628, 485, 62],
    [4, 11, 18, 0],
    [19, 264, 678, 78],
    [35, 146, 419, 49],
    [29, 339, 913, 68],
    [13, 312, 572, 82],
    [53, 439, 1248, 134],
    [10, 185, 193, 38],
    [13, 200, 489, 44],
    [31, 379, 585, 78],
    [26, 122, 286, 35],
    [11, 61, 275, 35],
    [12, 130, 167, 16],
    [22, 136, 635, 59],
    [8, 23, 374, 35],
    [1, 3, 11, 6],
    [1, 10, 24, 4],
    [67, 450, 785, 132],
    [7, 99, 78, 19],
    [5, 79, 77, 6],
    [5, 43, 30, 4],
    [3, 21, 44, 7],
    [2, 13, 46, 5],
    [16, 247, 583, 64],
    [41, 322, 415, 37],
    [10, 131, 62, 4],
    [14, 77, 59, 7],
    [5, 50, 71, 13],
    [92, 1070, 2088, 242],
    [7, 84, 89, 20],
    [22, 190, 403, 32],
    [167, 724, 1344, 180],
    [18, 95, 142, 9]
  ],
  "W": [
    [5, 6, 5, 1, 5],
    [47, 125, 122, 29, 25],
    [2, 31, 5, 5, 0],
    [4, 25, 33, 2, 9],
    [29, 56, 81, 0, 15],
    [83, 114, 244, 21, 29],
    [14, 42, 62, 13, 5],
    [14, 144, 119, 19, 21],
    [14, 43, 75, 9, 9],
    [2, 19, 33, 6, 7],
    [25, 303, 125, 29, 47],
    [13, 53, 61, 6, 6],
    [2, 3, 26, 0, 1],
    [5, 10, 19, 0, 2],
    [0, 5, 12, 0, 1],
    [4, 19, 18, 1, 3],
    [62, 205, 403, 50, 61],
    [67, 283, 490, 58, 72],
    [19, 87, 167, 31, 14],
    [39, 221, 323, 40, 44],
    [63, 265, 616, 36, 61],
    [41, 220, 257, 23, 21],
    [55, 358, 560, 67, 102],
    [8, 10, 11, 1, 3],
    [7, 11, 11, 0, 2],
    [1, 5, 8, 2, 5],
    [10, 114, 61, 12, 11],
    [20, 123, 44, 11, 12],
    [6, 4, 9, 0, 1],
    [7, 13, 29, 3, 3],
    [4, 8, 23, 1, 3],
    [17, 43, 47, 7, 3],
    [198, 282, 716, 32, 60],
    [6, 11, 13, 1, 2],
    [40, 556, 327, 53, 63],
    [63, 314, 200, 21, 51],
    [66, 731, 433, 51, 68],
    [28, 465, 375, 55, 56],
    [88, 1060, 547, 60, 119],
    [37, 123, 200, 21, 45],
    [33, 358, 284, 29, 42],
    [37, 449, 456, 60, 71],
    [35, 224, 158, 24, 28],
    [48, 224, 74, 16, 20],
    [26, 115, 164, 12, 8],
    [43, 576, 161, 21, 51],
    [11, 364, 31, 20, 14],
    [0, 9, 10, 1, 1],
    [1, 20, 13, 2, 3],
    [105, 607, 551, 75, 96],
    [14, 46, 105, 20, 18],
    [10, 47, 93, 12, 5],
    [5, 25, 44, 4, 4],
    [6, 35, 27, 4, 3],
    [4, 35, 21, 1, 5],
    [28, 453, 348, 30, 51],
    [90, 260, 377, 38, 50],
    [25, 31, 140, 5, 6],
    [19, 37, 84, 8, 9],
    [8, 50, 60, 10, 11],
    [180, 1703, 1245, 185, 179],
    [18, 60, 96, 16, 10],
    [51, 337, 208, 27, 24],
    [254, 1096, 845, 89, 131],
    [41, 89, 117, 4, 13]
  ],
  "method": "mult",
  "cond_prob": [
    [
      [0.39916157858, 0.26776577905, 0.32082837152, 0.012244270857],
      [0, 0, 0.95859972902, 0.04140027098],
      [0, 0.80647365161, 0.17359352438, 0.019932824017],
      [0.0041921071032, 0.19036093812, 0.36410319765, 0.44134375713],
      [0, 0.087688381723, 0.48243778975, 0.42987382852]
    ],
    [
      [0.47757198211, 0.1921224923, 0.3034813672, 0.026824158389],
      [0, 0, 0.92032189052, 0.079678109476],
      [0.010570133496, 0.72031323152, 0.21654214629, 0.052574488695],
      [0.0080034196856, 0.14714062504, 0.33227227777, 0.51258367751],
      [0.0012984553326, 0.072998019593, 0.42568406096, 0.50001946411]
    ],
    [
      [0.5, 0.16072866946, 0.33016108717, 0.0091102433666],
      [0, 0, 0.96884284842, 0.031157151584],
      [0, 0.747579264, 0.23363255644, 0.018788179564],
      [0, 0.18812926822, 0.42747734852, 0.38439338327],
      [0.0018459642125, 0.09332572777, 0.53196620413, 0.37286210389]
    ],
    [
      [0.47378522871, 0.21109802803, 0.30213494075, 0.012981802508],
      [0, 0.00037719428841, 0.96040719544, 0.039215610271],
      [0.0026493290263, 0.78418104939, 0.19288996279, 0.020279658791],
      [0.0079632653514, 0.19311336512, 0.39905545779, 0.39986791174],
      [0.00016718850977, 0.097997407826, 0.5130889626, 0.38874644107]
    ],
    [
      [0.56315145443, 0.16656417375, 0.25820891783, 0.01207545399],
      [0.0042469373999, 0, 0.95107824485, 0.044674817753],
      [0.041278841988, 0.7389606495, 0.19480595583, 0.024954552677],
      [0.013331845922, 0.17878952703, 0.38872281358, 0.41915581347],
      [0.0058128750726, 0.087588423428, 0.49815181662, 0.40844688488]
    ],
    [
      [0.35996010761, 0.26451561043, 0.35815768794, 0.01736659402],
      [0, 0, 0.95482153567, 0.045178464326],
      [0, 0.77940169591, 0.19412968096, 0.026468623136],
      [0.005840991302, 0.1924405538, 0.39675074119, 0.40496771371],
      [2.2422458516e-05, 0.097584100113, 0.50771893501, 0.39467454241]
    ],
    [
      [0.63168553604, 0.16646052112, 0.19360152949, 0.0082524133491],
      [0.01957392842, 0.011871447655, 0.9276619433, 0.040892680623],
      [0.04840659617, 0.8044248415, 0.13166268618, 0.015505876158],
      [0.023393443686, 0.21175296289, 0.36451196454, 0.40034162888],
      [0.0057947542718, 0.10876464248, 0.48520697732, 0.40023362593]
    ],
    [
      [0.5054354267, 0.1778597588, 0.2925265346, 0.024178279902],
      [0, 0, 0.9124778438, 0.087522156196],
      [0.014526183988, 0.6857249624, 0.24225428472, 0.057494568895],
      [0.0085019000638, 0.13359629026, 0.32022219093, 0.53767961875],
      [0.0016072395459, 0.06525539697, 0.40930178566, 0.52383557783]
    ],
    [
      [0.62895099497, 0.15848404476, 0.19871587291, 0.013849087356],
      [0.014488080012, 0.0022160285049, 0.92102949609, 0.062266395394],
      [0.044734489439, 0.77713827833, 0.14521567835, 0.03291155388],
      [0.018193992713, 0.17608462864, 0.32322600808, 0.48249537057],
      [0.0058739986167, 0.090644623917, 0.42372216647, 0.479759211]
    ],
    [
      [0.74004499516, 0.099862017471, 0.14650575103, 0.013587236339],
      [0, 0, 0.91223263347, 0.087767366531],
      [0.041621370479, 0.7129270858, 0.18063476049, 0.064816783234],
      [0.018216451292, 0.13534878245, 0.29188206559, 0.55455270067],
      [0.0053008680147, 0.065941348433, 0.38033271034, 0.54842507321]
    ],
    [
      [0.28, 0.27783990326, 0.42500992593, 0.017150170809],
      [0, 0, 0.9600088332, 0.039991166796],
      [0, 0.77936004431, 0.19809588382, 0.022544071867],
      [0, 0.20389787816, 0.41267889206, 0.38342322977],
      [0, 0.10044592369, 0.52685961794, 0.37269445838]
    ],
    [
      [0.44485936119, 0.20962316307, 0.32140880236, 0.024108673385],
      [0, 0, 0.92846007776, 0.07153992224],
      [0.0028233656677, 0.736431433, 0.21472197033, 0.046023231007],
      [0.006535167198, 0.15022731413, 0.32966866033, 0.51356885834],
      [0.00089866594436, 0.07520293044, 0.42287488264, 0.50102352098]
    ],
    [
      [0.49983467782, 0.20820016588, 0.25799096625, 0.033974190047],
      [0, 0, 0.89078287138, 0.10921712862],
      [0, 0.75142381177, 0.17590741402, 0.072668774206],
      [0.0037785081069, 0.091106366819, 0.1795253557, 0.72558976937],
      [0.00033064436317, 0.046580562223, 0.23807668872, 0.71501210469]
    ],
    [
      [0.2, 0.21274819406, 0.52509813251, 0.062153673426],
      [0, 0, 0.87713629759, 0.12286370241],
      [0, 0.62498153136, 0.26540015614, 0.1096183125],
      [0.0018536993732, 0.076788363199, 0.2139003757, 0.70745756173],
      [0, 0.030804966921, 0.28027169746, 0.68892333562]
    ],
    [
      [0, 0.29673761879, 0.61539583683, 0.08786654439],
      [0, 0, 0.86662014052, 0.13337985948],
      [0, 0.58182384729, 0.28865589071, 0.129520262],
      [0, 0.04984912713, 0.15101543944, 0.79913543343],
      [8.3266726847e-17, 0.018113832506, 0.20302860885, 0.77885755865]
    ],
    [
      [0.49772043221, 0.14538513406, 0.34317843492, 0.013715998806],
      [0, 0, 0.96009510085, 0.039904899149],
      [0, 0.61672296398, 0.35408532547, 0.029191710557],
      [0.0080543520967, 0.13683894994, 0.42106684257, 0.43403985539],
      [0.00035463968461, 0.060202387398, 0.53029221441, 0.40915075851]
    ],
    [
      [0.41153345988, 0.25478343242, 0.3189863402, 0.014696767497],
      [0, 0.012161633457, 0.9449039855, 0.042934381046],
      [0.005073273509, 0.81698810204, 0.15796409256, 0.019974531886],
      [0.0075725881311, 0.21362342826, 0.38637686413, 0.39242711947],
      [0.0010125714195, 0.11119534091, 0.50064192411, 0.38715016356]
    ],
    [
      [0.48086357718, 0.22564902388, 0.27724223352, 0.016245165411],
      [0.001284221847, 0.012924709817, 0.93154375751, 0.054247310824],
      [0.013648553693, 0.80867534211, 0.14963196644, 0.028044137755],
      [0.0099808662857, 0.19851877215, 0.35241918815, 0.43908117341],
      [0.0021114443297, 0.10359466811, 0.45885986816, 0.4354340194]
    ],
    [
      [0.59083915077, 0.15691790219, 0.2422849686, 0.009957978437],
      [0.0025222779353, 0, 0.95881406826, 0.038663653807],
      [0.035525015372, 0.7421737514, 0.20178780702, 0.020513426207],
      [0.018167535141, 0.18588920164, 0.41471833449, 0.38122492874],
      [0.004196199898, 0.093784151695, 0.53035210832, 0.37166754009]
    ],
    [
      [0.54288133628, 0.20180690595, 0.24862046842, 0.0066912893597],
      [0.0060907108417, 0.020857692019, 0.94939140414, 0.023660192999],
      [0.023661509313, 0.82323004068, 0.146389965, 0.0067184850058],
      [0.016419272951, 0.24821111493, 0.44410621504, 0.29126339708],
      [0.0041395991594, 0.12927802262, 0.57818395726, 0.28839842096]
    ],
    [
      [0.37223107356, 0.27151361148, 0.34348090226, 0.012774412704],
      [0, 0.011620502285, 0.95381140602, 0.034568091696],
      [0.0036169441655, 0.82364375555, 0.15829571606, 0.014443584222],
      [0.0071213809865, 0.22866759486, 0.41908230854, 0.34512871561],
      [0.0010661482707, 0.11833807441, 0.54104190752, 0.3395538698]
    ],
    [
      [0.44597873244, 0.22142366006, 0.31779959411, 0.014798013392],
      [0, 0.0020068335842, 0.95410578482, 0.043887381596],
      [0.0096337799811, 0.77437309256, 0.19148910903, 0.024504018425],
      [0.00886292466, 0.19238499306, 0.39779060971, 0.40096147257],
      [0.0016734879773, 0.097208900998, 0.50976471124, 0.39135289979]
    ],
    [
      [0.44531516126, 0.22916154358, 0.30877336747, 0.016749927684],
      [0, 0.0067571034032, 0.94192246334, 0.051320433259],
      [0.010319903716, 0.78761941976, 0.17335615398, 0.028704522536],
      [0.0085496709717, 0.19181593366, 0.3714202572, 0.42821413816],
      [0.0015263930829, 0.098613033936, 0.47886881814, 0.42099175484]
    ],
    [
      [0.2493222177, 0.31514718632, 0.43553059598, 0],
      [0, 0, 1, 0],
      [0, 0.79311220636, 0.20688779364, 0],
      [0.0054222583617, 0.31038533607, 0.68419240556, 0],
      [0, 0.14806763447, 0.85193236553, 0]
    ],
    [
      [0.14285714286, 0.23888746428, 0.57358551897, 0.044669873901],
      [0, 0, 0.91983027959, 0.08016972041],
      [0, 0.65829344313, 0.28268536495, 0.059021191916],
      [0.0018014675377, 0.10745331679, 0.29030549635, 0.60043971933],
      [0, 0.043279937802, 0.37861463864, 0.57810542355]
    ],
    [
      [0, 0.32257415544, 0.64225063881, 0.035175205753],
      [0, 0, 0.94328122768, 0.056718772316],
      [0, 0.6608947585, 0.28943046572, 0.049674775781],
      [0, 0.12171576898, 0.39398487364, 0.48429935738],
      [0, 0.029367247725, 0.50758594994, 0.46304680233]
    ],
    [
      [0.54518281207, 0.16212955477, 0.27705593459, 0.015631698569],
      [0, 0, 0.94403239031, 0.055967609694],
      [0.022703756925, 0.68375708837, 0.25885961875, 0.034679535959],
      [0.011421851516, 0.15320737345, 0.37825835073, 0.45711242431],
      [0.0023800444271, 0.075548507317, 0.48001920062, 0.44205224763]
    ],
    [
      [0.5806516459, 0.16522739395, 0.24455847485, 0.0095624852994],
      [0.015072121039, 0, 0.94966766989, 0.035260209076],
      [0.02942924226, 0.7591202034, 0.19067270392, 0.02077785042],
      [0.016668706617, 0.19328380218, 0.41329944683, 0.37674804438],
      [0.0045711468293, 0.097336778949, 0.53031785164, 0.36777422258]
    ],
    [
      [0.5, 0.18952767607, 0.27139052233, 0.039081801602],
      [0, 0, 0.89483341203, 0.10516658797],
      [0, 0.75790754988, 0.1743812212, 0.067711228925],
      [0.0045429272377, 0.084188710509, 0.1657907329, 0.74547762935],
      [0, 0.041665994702, 0.22289222712, 0.73544177818]
    ],
    [
      [0.28337489407, 0.33768333878, 0.37617209738, 0.0027696697568],
      [0, 0.013918981843, 0.98031087071, 0.0057701474459],
      [0, 0.83285250067, 0.16714749933, 0],
      [0.0054585804929, 0.28843537008, 0.55251985866, 0.15358619078],
      [0, 0.14574707827, 0.7059723142, 0.14828060753]
    ],
    [
      [0.74379352806, 0.1260138209, 0.1267070889, 0.0034855621331],
      [0.019616953187, 0.0065774248984, 0.93727485861, 0.036530763307],
      [0.078526608253, 0.82040750775, 0.097863646666, 0.0032022373339],
      [0.026841091024, 0.2215368903, 0.3489605764, 0.40266144228],
      [0.011645727133, 0.11747191624, 0.46504944194, 0.40583291468]
    ],
    [
      [0.56983786994, 0.194704474, 0.22745074949, 0.0080069065613],
      [0.015222650247, 0.017003794295, 0.93325704238, 0.034516513077],
      [0.03250663968, 0.8101593579, 0.14292051189, 0.014413490529],
      [0.016926080336, 0.22042744492, 0.39163471858, 0.37101175617],
      [0.003962541001, 0.11279295048, 0.51485911581, 0.3683853927]
    ],
    [
      [0.49558677623, 0.21566464534, 0.27710391437, 0.011644664056],
      [0.0028542315613, 0.0059974841889, 0.95047282464, 0.04067545961],
      [0.018895880727, 0.79665337605, 0.16534061481, 0.019110128412],
      [0.011730081955, 0.21020378237, 0.39899728958, 0.3790688461],
      [0.0027351963842, 0.1079461899, 0.51580491557, 0.37351369815]
    ],
    [
      [0.57662989919, 0.14951963082, 0.27385046998, 0],
      [0, 0, 1, 0],
      [0.039023009596, 0.73519877394, 0.22577821646, 0],
      [0.021356458813, 0.28075561325, 0.69788792794, 0],
      [0.0057825106394, 0.13227127026, 0.8619462191, 0]
    ],
    [
      [0.41136192231, 0.22252480018, 0.35041414519, 0.015699132329],
      [0, 0, 0.95724486868, 0.042755131316],
      [0.0063023450266, 0.73327260426, 0.23487060878, 0.025554441932],
      [0.0076114872992, 0.18184536592, 0.41338132592, 0.39716182086],
      [0.0012896421774, 0.090175587373, 0.52449822001, 0.38403655044]
    ],
    [
      [0.49265110155, 0.16434353415, 0.32836153957, 0.01464382473],
      [0, 0, 0.9563086588, 0.043691341195],
      [0.018157004129, 0.64368246557, 0.30848451268, 0.02967601763],
      [0.010579670923, 0.15484488214, 0.42657577582, 0.40799967111],
      [0.0021452291624, 0.071727876671, 0.53681000618, 0.38931688799]
    ],
    [
      [0.40157720278, 0.21854274148, 0.36809513037, 0.011784925374],
      [0, 0, 0.97100165128, 0.028998348716],
      [0.0045932333751, 0.71182886863, 0.26542991282, 0.018147985179],
      [0.008131995945, 0.19405997781, 0.46895016097, 0.32885786527],
      [0.0013573937061, 0.094959118801, 0.58905740951, 0.31462607798]
    ],
    [
      [0.37749677772, 0.24778074745, 0.35607283953, 0.018649635301],
      [0, 0, 0.94903052082, 0.050969479175],
      [0.0054035026153, 0.77251835788, 0.19289794474, 0.029180194759],
      [0.0062645133104, 0.1845858749, 0.38195358477, 0.42719602703],
      [0.0010576519848, 0.09313449548, 0.48904628336, 0.41676156917]
    ],
    [
      [0.48430315262, 0.19534207546, 0.30605934887, 0.014295423043],
      [0, 0, 0.95541479785, 0.044585202148],
      [0.017360715328, 0.73194770687, 0.22425603694, 0.02643554087],
      [0.01049097077, 0.17991646157, 0.40480038373, 0.40479218393],
      [0.0021475045233, 0.089407680752, 0.51572282646, 0.39272198827]
    ],
    [
      [0.26805621936, 0.33099858022, 0.38186492652, 0.019080273896],
      [0, 0.0097114553341, 0.94358521772, 0.046703326943],
      [0, 0.81177349509, 0.16384702416, 0.024379480751],
      [0.003900946837, 0.20686634413, 0.3804390224, 0.40879368663],
      [0, 0.10799225068, 0.49003092527, 0.40197682405]
    ],
    [
      [0.36761449509, 0.20947340743, 0.40837897698, 0.014533120491],
      [0, 0, 0.96604173788, 0.033958262119],
      [0.0022693936903, 0.65127005259, 0.3230640137, 0.023396540016],
      [0.0064734836409, 0.16653386371, 0.46721088746, 0.35978176519],
      [0.00086863876781, 0.078504775501, 0.58050609454, 0.34012049119]
    ],
    [
      [0.5304563772, 0.18806123329, 0.26973547933, 0.011746910179],
      [0.003655419431, 0.0031476306131, 0.95307887512, 0.04011807484],
      [0.019131418593, 0.77133654767, 0.18787236748, 0.021659666257],
      [0.013244400114, 0.1968432815, 0.40622223918, 0.38369007921],
      [0.0030033779409, 0.099836416846, 0.52174983685, 0.37541036837]
    ],
    [
      [0.55803675358, 0.15838580002, 0.27128172312, 0.012295723276],
      [0, 0, 0.95694622639, 0.043053773611],
      [0.038081466333, 0.69676476302, 0.23842077574, 0.026732994907],
      [0.014486232219, 0.1687347606, 0.41130898467, 0.40547002251],
      [0.0037204418147, 0.082786792398, 0.52168881361, 0.39180395218]
    ],
    [
      [0.22815066624, 0.23424609302, 0.51026814515, 0.027335095589],
      [0, 0, 0.93714038267, 0.062859617332],
      [0, 0.62345874619, 0.33719347929, 0.039347774515],
      [0.0030480012849, 0.1415532212, 0.38024773088, 0.47515104663],
      [0, 0.067769438882, 0.47757010766, 0.45466045346]
    ],
    [
      [0.42074006788, 0.21616201185, 0.34907650092, 0.01402141936],
      [0, 0, 0.96169205635, 0.038307943646],
      [0.0058121286522, 0.74032294969, 0.23087813766, 0.022986784],
      [0.0079942042258, 0.18561934239, 0.42793789216, 0.37844856123],
      [0.0014548356914, 0.092423979233, 0.54126940173, 0.36485178334]
    ],
    [
      [0.46128300549, 0.20606155438, 0.3177995638, 0.01485587633],
      [0, 0, 0.95557786197, 0.044422138031],
      [0.011650356112, 0.73717380258, 0.22514858478, 0.026027256532],
      [0.0094139939551, 0.181963431, 0.40315845759, 0.40546411746],
      [0.00179273641, 0.09084586069, 0.51385334322, 0.39350805968]
    ],
    [
      [0.57885111438, 0.13503133691, 0.27160919518, 0.014508353529],
      [0, 0, 0.94910367356, 0.050896326445],
      [0.043226674173, 0.57605350371, 0.34533744823, 0.035382373894],
      [0.012851682676, 0.13602007999, 0.39510352778, 0.45602470956],
      [0.0025412277779, 0.066899648527, 0.49507358774, 0.43548553596]
    ],
    [
      [1, 0, 0, 0],
      [0, 0, 0.76875319051, 0.23124680949],
      [0.097489156136, 0.29779654754, 0.37522883966, 0.22948545666],
      [0.02257170629, 0.017354331859, 0.14224166727, 0.81783229458],
      [0.0025367323514, 0.0046801926956, 0.18669122162, 0.80609185333]
    ],
    [
      [0.80636789587, 0.072263109648, 0.11453108024, 0.0068379142421],
      [0, 0, 0.94281614439, 0.057183855615],
      [0.012565853908, 0.72327001494, 0.23064566098, 0.033518470175],
      [0.012265826725, 0.15127886142, 0.34610102488, 0.49035428698],
      [0.0019147832929, 0.07422299109, 0.44618346321, 0.47767876241]
    ],
    [
      [0.50929774836, 0.18905496183, 0.28466261818, 0.01698467163],
      [0, 0, 0.94244068806, 0.057559311938],
      [0.022576931244, 0.74273410182, 0.2001207813, 0.034568185635],
      [0.011094683847, 0.16983421011, 0.36747312016, 0.45159798588],
      [0.002622354359, 0.085053886915, 0.4710613847, 0.44126237403]
    ],
    [
      [0.4414930144, 0.25261343789, 0.29219207685, 0.013701470857],
      [0, 0.01610969026, 0.9405592178, 0.043331091942],
      [0.0060991636078, 0.83911953427, 0.1384368297, 0.016344472424],
      [0.007940615513, 0.22447659425, 0.36923011133, 0.39835267891],
      [0.0011040727415, 0.11807128525, 0.48461764223, 0.39620699977]
    ],
    [
      [0.42844999821, 0.22800572129, 0.33625378563, 0.0072904948579],
      [0, 0.0035484979155, 0.97678938601, 0.019662116079],
      [0.0064139537224, 0.78663511427, 0.19997650089, 0.0069744311195],
      [0.009198454864, 0.23431894305, 0.49778838073, 0.25869422136],
      [0.0017241726629, 0.11685408825, 0.63141717002, 0.25000456906]
    ],
    [
      [0.64416601533, 0.18499657156, 0.16468934927, 0.0061480638441],
      [0.0093329037459, 0.040658789848, 0.91617335245, 0.033834953953],
      [0.032840506304, 0.89604183956, 0.065902952357, 0.0052147017746],
      [0.020036732074, 0.26491409784, 0.35768787787, 0.35736129221],
      [0.0051795310124, 0.14326251595, 0.48543450678, 0.36612344626]
    ],
    [
      [0.48724988465, 0.18513718161, 0.30712039296, 0.020492540776],
      [0, 0, 0.93455364556, 0.065446354436],
      [0.0016654925543, 0.70718799361, 0.25013358283, 0.041012931007],
      [0.0070946858387, 0.14483865169, 0.34438683904, 0.50367982343],
      [0.0010512165903, 0.071915492017, 0.43891531833, 0.48811797306]
    ],
    [
      [0.49796778354, 0.14314070415, 0.34329241405, 0.015599098265],
      [0, 0, 0.95336608469, 0.046633915312],
      [0, 0.57242978456, 0.39291920524, 0.034651010206],
      [0.0081288658556, 0.12900817396, 0.41192246873, 0.45094049146],
      [0, 0.055480706759, 0.51915832019, 0.42536097305]
    ],
    [
      [0.43905089346, 0.19364733807, 0.35112953811, 0.016172230368],
      [0, 0, 0.95462633935, 0.045373660646],
      [0.0097214789031, 0.66913449707, 0.29100422702, 0.03013979701],
      [0.0083020553049, 0.16014933182, 0.41905570426, 0.41249290862],
      [0.0014595816824, 0.076756658839, 0.52708821714, 0.39469554234]
    ],
    [
      [0.42166601946, 0.22261626877, 0.34689174382, 0.0088259679471],
      [0, 0, 0.9755018515, 0.024498148505],
      [0.0069596514652, 0.7650088204, 0.21613379869, 0.011897729443],
      [0.0092705391936, 0.21562495527, 0.48078784017, 0.29431666537],
      [0.0014797831407, 0.10724924441, 0.60793763266, 0.28333333979]
    ],
    [
      [0.39776756463, 0.28728822688, 0.30889947964, 0.0060447288458],
      [0, 0.0099294888454, 0.97008097551, 0.019989535641],
      [0, 0.86539053636, 0.12955481525, 0.0050546483957],
      [0.0092672291615, 0.29003710718, 0.47116348396, 0.2295321797],
      [0.001579123064, 0.15085325794, 0.61858520232, 0.22898241668]
    ],
    [
      [0.5677771886, 0.19952711331, 0.22694218676, 0.0057535113273],
      [0.0080156093428, 0.013560385897, 0.95063481021, 0.027789194554],
      [0.03251659217, 0.82849597876, 0.13295895589, 0.0060284731771],
      [0.01749287635, 0.24525863629, 0.42143294868, 0.31581553868],
      [0.0049243464314, 0.12794658475, 0.55273273216, 0.31439633666]
    ],
    [
      [0.50783928035, 0.19301412629, 0.28470956996, 0.014437023398],
      [0, 0, 0.95209801647, 0.047901983527],
      [0.013593864451, 0.76093947943, 0.19771411913, 0.027752536992],
      [0.010054217468, 0.18036348963, 0.38388911928, 0.42569317363],
      [0.0019192468556, 0.090534847961, 0.49233493421, 0.41521097097]
    ],
    [
      [0.43343299892, 0.22790349274, 0.32421627113, 0.014447237206],
      [0, 0.0039372501105, 0.95438547673, 0.041677273157],
      [0.00969539723, 0.77730497583, 0.18993508167, 0.023064545262],
      [0.0087382357873, 0.19786226695, 0.4050850721, 0.38831442517],
      [0.0016464638075, 0.10012860374, 0.51906530335, 0.3791596291]
    ],
    [
      [0.38416599096, 0.25717190209, 0.3363025118, 0.022359595142],
      [0, 0.001262076967, 0.93658300979, 0.062154913245],
      [0, 0.78690154039, 0.17497531229, 0.038123147321],
      [0.0050176974538, 0.17796134158, 0.34406471805, 0.47295624292],
      [0.00047290033881, 0.090525180174, 0.44489087317, 0.46411104632]
    ],
    [
      [0.41071030432, 0.24474319046, 0.33283961684, 0.011706888386],
      [0, 0.0096466967267, 0.95840910519, 0.031944198081],
      [0.0038063154378, 0.79638487742, 0.18283060972, 0.016978197417],
      [0.008372556508, 0.22001607756, 0.43264726067, 0.33896410525],
      [0.0015000767951, 0.1116113288, 0.5554611763, 0.3314274181]
    ],
    [
      [0.53175368355, 0.18790063611, 0.26552504592, 0.014820634425],
      [0.0097023129766, 0.00076386103706, 0.93744421045, 0.052089615536],
      [0.02332464641, 0.76593685915, 0.18159434453, 0.02914414991],
      [0.012779039408, 0.18147983541, 0.37131566662, 0.43442545856],
      [0.0034669361329, 0.092119812209, 0.47804174217, 0.42637150949]
    ],
    [
      [0.4248907914, 0.20215412019, 0.36410559491, 0.0088494934886],
      [0, 0, 0.97569269637, 0.024307303633],
      [0.004482781432, 0.7234272083, 0.25776825115, 0.014321759117],
      [0.0094042129371, 0.20124687232, 0.49619123734, 0.29315767741],
      [0.0013365594733, 0.097362324006, 0.62241309981, 0.27888801671]
    ]
  ],
  "expected_outcome": [
    [
      [1.9958078929, 22.4458831593, 1, 1.8951409148, 16.3313921785, 29.8766889314, 8.8435975046, 7.0760959738, 8.8053139296, 1.4800899903, 7, 5.7831716954, 0.99966935564, 1, 0, 1.9908817288, 25.5150745127, 32.2178596712, 11.2259438646, 21.1723721148, 23.4505576341, 18.2851280301, 24.4923338695, 1.9945777416, 1, 0, 5.4518281207, 11.6130329181, 3, 1.9836242585, 2.9751741123, 9.6872437891, 98.1261816937, 3.4597793952, 16.4544768923, 31.0370193975, 26.5040953834, 10.569909776, 42.618677431, 9.9180801164, 12.1312783381, 19.6268859564, 19.5312863754, 10.9512319794, 10.9392417648, 19.835169236, 6.3673622582, 0, 0.80636789587, 53.4762635774, 6.1809022016, 4.2844999821, 3.2208300766, 2.9234993079, 1.9918711341, 12.2934250168, 37.9499417512, 9.9441891158, 10.7877665834, 4.0627142428, 78.0179398064, 6.9149878374, 20.9462255201, 135.0654356207, 17.4205224476],
      [1.3388288952, 9.0297571381, 0.32145733892, 0.84439211212, 4.8303610388, 21.954795666, 2.3304472957, 2.4900366232, 2.2187766267, 0.19972403494, 6.9459975815, 2.7251011199, 0.41640033177, 1.0637409703, 0, 0.58154053626, 15.79657281, 15.1184846002, 2.9814401417, 7.8704693319, 17.105357523, 9.0783700623, 12.6038848968, 2.5211774906, 1.6722122499, 0.32257415544, 1.6212955477, 3.3045478789, 1.1371660564, 2.3637833715, 0.50405528361, 3.309976058, 42.7015997774, 0.89711778494, 8.9009920071, 10.3536426516, 14.4238209374, 6.9378609286, 17.1901026407, 12.2469474682, 6.9126224452, 6.9582656317, 5.5435030006, 11.243812465, 5.620212308, 8.8606468384, 1.485344706, 0, 0.072263109648, 19.8507709923, 3.5365881305, 2.2800572129, 0.9249828578, 1.1108230897, 0.57256281659, 5.4221254659, 20.0354641896, 7.182205672, 3.7910151529, 1.5441130103, 41.0226286936, 4.6290942377, 12.4819027132, 47.7267615719, 8.288318928],
      [1.6041418576, 14.2636242583, 0.66032217435, 1.208539763, 7.488058617, 29.727088099, 2.7104214128, 4.0953714843, 2.7820222208, 0.29301150205, 10.6252481482, 4.1783144307, 0.5159819325, 2.6254906626, 0, 1.3727137397, 19.7771530925, 18.5752296461, 4.6034144034, 9.6961982682, 21.6392968426, 13.0297833585, 16.982535211, 3.4842447678, 4.0150986328, 0.64225063881, 2.7705593459, 4.891169497, 1.628343134, 2.6332046817, 0.5068283556, 3.8666627414, 54.8665750458, 1.6431028199, 14.0165658074, 20.6867769929, 24.2942786046, 9.9700395069, 26.9332227005, 14.1290022812, 13.4765062404, 9.9802127353, 9.4948603093, 24.4928709673, 9.0759890238, 13.6653812434, 2.987701147, 0, 0.11453108024, 29.8895749092, 4.0906890759, 3.3625378563, 0.82344674634, 1.8427223578, 1.3731696562, 9.831627067, 31.220256944, 7.722486991, 4.3119015485, 2.2776765596, 58.3589288029, 6.0534452124, 16.9748204589, 67.4433616635, 14.9283293914],
      [0.061221354285, 1.2607354443, 0.018220486733, 0.051927210031, 0.35018816572, 1.4414273037, 0.11553378689, 0.33849591863, 0.19388722298, 0.027174472677, 0.42875427022, 0.313412754, 0.067948380094, 0.31076836713, 0, 0.054863995224, 0.9111995848, 1.0884260826, 0.1892015903, 0.26096028503, 0.80478800033, 0.60671854908, 0.92124602262, 0, 0.31268911731, 0.035175205753, 0.15631698569, 0.19124970599, 0.23449080961, 0.019387688298, 0.013942248532, 0.13611741154, 2.3056434831, 0, 0.62796529316, 0.92256095799, 0.77780507469, 0.52218978844, 1.2579972278, 0.70597013415, 0.47959297621, 0.43463567662, 0.43035031466, 1.3120845883, 0.36455690337, 0.63880268218, 0.15959188882, 0, 0.0068379142421, 1.7833905211, 0.191820592, 0.072904948579, 0.030740319221, 0.12295524466, 0.062396393061, 0.4528224503, 0.79433711523, 0.15111822114, 0.10931671522, 0.11549618718, 2.6005026971, 0.40247271256, 0.59705130769, 3.764441144, 0.36282923303]
    ],
    [
      [0, 0, 0, 0, 0.23782849439, 0, 0.82210499364, 0, 0.62298744051, 0, 0, 0, 0, 0, 0, 0, 0, 0.3634347827, 0.21943818037, 1.346047096, 0, 0, 0, 0, 0, 0, 0, 1.8538708878, 0, 0, 0.15693562549, 0.65457396062, 0.80489330028, 0, 0, 0, 0, 0, 0, 0, 0, 1.6412833245, 0, 0, 0, 0, 0, 0, 0, 0, 0, 0, 0.23332259365, 0, 0, 0, 0, 0, 0.29657754568, 0, 0, 0, 0, 10.6337350223, 0],
      [0, 0, 0, 0.0094298572102, 0, 0, 0.4986008015, 0, 0.095289225712, 0, 0, 0, 0, 0, 0, 0, 2.4931348587, 3.6576928783, 0, 4.6095499361, 3.0794331055, 0.44150338852, 2.4190430184, 0, 0, 0, 0, 0, 0, 0.18094676395, 0.052619399187, 0.7311631547, 1.6912905413, 0, 0, 0, 0, 0, 0, 1.1945090061, 0, 1.4132861453, 0, 0, 0, 0, 0, 0, 0, 0, 0.74104575194, 0.16677940203, 1.0164697462, 0, 0, 0, 0, 0.30781415421, 0.5017342782, 0, 6.7051369381, 0.075724618023, 3.2509367969, 0.83719169662, 0],
      [5.7515983741, 115.0402363155, 30.0341283009, 24.010179886, 53.2603817114, 108.8496550668, 38.9618016187, 131.3968095077, 39.6042683319, 17.3324200359, 290.8826764607, 49.2083841213, 2.6723486141, 8.7713629759, 4.3331007026, 18.2418069162, 193.7053170269, 263.6268833758, 83.4168239384, 209.815500315, 252.7600225951, 209.9032726605, 337.2082418749, 10, 10.1181330755, 4.7164061384, 107.6196924949, 116.8091233959, 3.5793336481, 12.7440413192, 7.4981988689, 40.1300528224, 268.0333365483, 11, 532.2281469883, 300.2809188646, 709.8022070887, 441.2991921834, 1012.7396857232, 116.0609817799, 345.8429421612, 427.932414927, 214.3559547112, 209.9194457175, 110.5945864808, 550.4128484939, 345.4737371741, 6.9187787146, 18.8563228877, 572.0614976537, 43.2657240187, 45.9091011423, 22.9043338113, 32.7093775948, 33.3678129641, 432.4457317276, 253.6304813888, 30.0725102409, 35.1734879776, 47.6049008237, 1625.3184668752, 56.1949805873, 322.9838684498, 1027.4388546536, 86.8366499767],
      [0.24840162588, 9.9597636845, 0.96587169911, 0.98039025678, 2.5017897942, 5.1503449332, 1.7174925862, 12.6031904923, 2.6774550019, 1.6675799641, 12.1173235393, 3.7916158787, 0.32765138587, 1.2286370241, 0.6668992974, 0.75819308384, 8.8015481144, 15.3519889632, 3.3637378812, 5.2289026529, 9.1605442993, 9.655223951, 18.3727151068, 0, 0.88186692451, 0.28359386158, 6.3803075051, 4.3370057164, 0.42066635189, 0.075011916797, 0.29224610646, 1.4842100623, 11.4704796101, 0, 23.7718530117, 13.7190811354, 21.1977929113, 23.7008078166, 47.2603142768, 5.744509214, 12.1570578388, 18.0130156032, 9.6440452888, 14.0805542825, 4.4054135192, 25.5871515061, 18.5262628259, 2.0812212854, 1.1436771123, 34.9385023463, 1.9932302293, 0.92411945571, 0.84587384882, 2.2906224052, 1.6321870359, 20.5542682724, 6.3695186112, 0.61967560486, 1.0282001985, 2.3950991763, 70.9763961867, 3.7292947947, 10.7651947533, 57.0902186274, 2.1633500233]
    ],
    [
      [0, 1.2895562865, 0, 0.087427857867, 3.343586201, 0, 3.0012089625, 1.7286158945, 3.3550867079, 1.3735052258, 0, 0.17222530573, 0, 0, 0, 0, 2.0445292241, 6.6877913098, 5.9326775671, 7.6426675081, 2.2280376059, 2.4758814552, 5.7791460809, 0, 0, 0, 1.3849291724, 1.2948866594, 0, 0, 1.8061119898, 1.527812065, 13.5294506004, 0.50729912474, 2.0608668237, 3.6314008258, 1.9888700514, 2.0263134807, 9.4963112846, 0, 0.64450780806, 8.7239268785, 6.0168716806, 0, 0.95318909895, 1.875707334, 1.3400268994, 0.97489156136, 0.1633561008, 12.4398891157, 0.64041217882, 0.59649769619, 1.4449822774, 0.044968298965, 0, 3.3830746583, 2.6237886024, 0, 2.7313937423, 0.81563186708, 12.0707695514, 0, 0.79171361107, 19.7093262163, 0.52448542755],
      [4.032368258, 87.8782142458, 3.73789632, 25.87797463, 59.8558126098, 190.174013801, 49.8743401728, 81.6012705254, 58.2853708746, 23.5265938313, 97.4200055385, 44.9223174127, 19.537019106, 11.8746490958, 6.9818861675, 11.1010133516, 329.2462051226, 396.2509176326, 123.9430164839, 265.9033031394, 507.3645534174, 199.0138847878, 441.0668750679, 8.72423427, 7.2412278745, 5.287158068, 41.7091823905, 33.4012889498, 6.8211679489, 24.1527225195, 18.8693726782, 38.0774898214, 570.4038172518, 9.5575840613, 239.7801415945, 128.7364931132, 308.2219001156, 289.6943842052, 400.3753956554, 162.3546990185, 184.9606949362, 351.7294657372, 110.0888325578, 46.1359472181, 121.4129637495, 118.6849822154, 17.8576586149, 2.9779654754, 9.4025101943, 409.2464901054, 88.107551098, 73.1570656271, 39.4258409408, 19.0940758275, 12.0210254757, 232.8588049787, 288.4083252898, 121.1546750902, 69.5936622159, 45.6563687658, 967.7446949131, 75.5425478773, 165.6480545044, 647.2166459805, 84.6409833707],
      [0.86796762189, 26.4181418469, 1.1681627822, 6.365368772, 15.7792824223, 47.3676421537, 8.1630865429, 28.8282598815, 10.8911758765, 5.9609470961, 24.7619854781, 13.0980401902, 4.5735927646, 5.0426029666, 3.4638706886, 6.3735358584, 63.6595293031, 73.3196635576, 33.6985637726, 47.2839586956, 97.5101610958, 49.2127010218, 97.0794462311, 2.27576573, 3.1095390145, 2.3154437258, 15.7904367436, 8.3895989723, 1.5694309908, 4.8472774805, 2.2508638733, 6.7172640588, 118.383880205, 2.935116814, 76.80268907, 61.6969025351, 114.9311522504, 72.3367292793, 122.6680522039, 32.7694048314, 91.7501798911, 85.669799571, 37.6704825663, 24.9523174678, 37.8640145756, 36.2489221489, 10.705460895, 3.7522883966, 2.9983935927, 110.2665504943, 14.5358671186, 18.5978145826, 2.8997299037, 6.7536067363, 8.25130331, 101.2694710036, 81.4824421077, 18.1376741344, 11.168552295, 11.8628471476, 236.4691766838, 16.7976299799, 38.0287668218, 153.447221129, 30.158885385],
      [0.099664120087, 6.4140876208, 0.09394089782, 0.66922874012, 2.0213187668, 6.4583440452, 0.96136432178, 6.8418536985, 2.468366541, 2.1389538467, 2.8180089834, 2.8074170914, 1.8893881293, 2.0827479375, 1.554243144, 0.52545079002, 8.0497363502, 13.7416275001, 3.4257421765, 2.1700706569, 8.8972478809, 6.2975327352, 16.0745326201, 0, 0.64923311107, 0.39739820625, 2.1154516935, 0.91422541848, 0.60940106032, 0, 0.073651458679, 0.67743405486, 13.6828519428, 0, 8.3563025118, 5.9352035259, 7.8580775826, 10.9425730348, 14.460240856, 4.8758961501, 6.6446173647, 9.8768078133, 4.2238131953, 2.9117353141, 3.7698325759, 4.1903883016, 1.0968535907, 2.2948545666, 0.43574011227, 19.0470702847, 1.7161696046, 0.64862209412, 0.22944687808, 1.1073491372, 0.72767121432, 10.4886493594, 4.4854440001, 0.7076507754, 0.50639174688, 1.6651522195, 28.7153588517, 3.6598221428, 3.5314650628, 24.6268066743, 1.6756458167]
    ],
    [
      [0.0041921071032, 0.23209917088, 0, 0.015926530703, 0, 0.12266081734, 0.30411476792, 0.16153610121, 0.16374593442, 0.10929870775, 0, 0.039211003188, 0, 0, 0, 0.0080543520967, 0.37862940656, 0.57889024457, 0.56319358938, 0.65677091803, 0.25636971552, 0.20384726718, 0.5728279551, 0.0054222583617, 0, 0, 0.13706221819, 0.18335577278, 0, 0.016375741479, 0.026841091024, 0.11848256235, 0.37536262257, 0.021356458813, 0.40340882686, 0.22217308939, 0.4147317932, 0.34454823207, 0.62945824621, 0.081919883577, 0.18773102559, 0.79466400681, 0.34766957325, 0.048768020558, 0.09593045071, 0.19769387306, 0.25703365353, 0.02257170629, 0.02453165345, 0.83210128849, 0.15881231026, 0.11038145837, 0.080146928295, 0.028378743355, 0.0081288658556, 0.24906165915, 0.35228048936, 0.046336145807, 0.1399430108, 0.10054217468, 1.6165736207, 0.080283159261, 0.22605902572, 1.1373345073, 0.037616851748],
      [0.19036093812, 4.2670781263, 0.94064634108, 0.38622673024, 0, 4.0412516297, 2.7527885176, 2.538329515, 1.5847616578, 0.81209269468, 5.9130384667, 0.90136388479, 0, 0, 0, 0.13683894994, 10.6811714131, 11.5140887849, 5.7625652507, 9.9284445972, 8.2320334151, 4.4248548404, 12.8516675554, 0.31038533607, 0, 0.24343153797, 1.8384884814, 2.1261218239, 0, 0.86530611023, 0.2215368903, 1.5429921144, 6.7265210357, 0.28075561325, 9.6378043938, 3.251742525, 9.8970588685, 10.1522231193, 10.7949876943, 4.3441932267, 4.8294820476, 11.8105968898, 4.0496342544, 2.2648515393, 2.2274321086, 3.8212320509, 2.7204015997, 0.017354331859, 0.30255772283, 12.7375657585, 4.489531885, 2.8118273166, 1.0596563914, 0.57935460677, 0.12900817396, 4.8044799546, 8.1937483003, 1.4501855359, 1.9620690903, 1.8036348963, 36.6045193851, 2.8473814652, 5.9404340942, 16.1517053517, 0.80498748927],
      [0.36410319765, 9.6358960552, 2.1373867426, 0.79811091559, 0, 8.331765565, 4.738655539, 6.0842216276, 2.9090340727, 1.7512923936, 11.9676878698, 1.978011962, 0, 0, 0, 0.42106684257, 19.3188432067, 20.4403129129, 12.8562683691, 17.7642486017, 15.0869631075, 9.1491840233, 24.8851572326, 0.68419240556, 0, 0.78796974727, 4.5391002087, 4.5462939151, 0, 1.657559576, 0.3489605764, 2.7414430301, 12.7679132665, 0.69788792794, 21.9092102737, 8.9580912922, 23.9164582096, 21.0074471621, 24.2880230237, 7.9892194704, 13.5491157363, 24.3733343506, 9.8714156321, 6.0839636942, 5.135254706, 8.4663276094, 7.9020705556, 0.14224166727, 0.69220204975, 27.5604840119, 7.3846022266, 5.9734605687, 1.4307515115, 1.3775473562, 0.41192246873, 12.5716711278, 18.2699379263, 2.3558174198, 3.3714635894, 3.8388911928, 74.940738338, 5.5050354888, 11.6814760382, 33.0470943295, 1.9847649494],
      [0.44134375713, 14.8649266477, 1.9219669163, 0.79973582347, 0, 8.5043219879, 5.2044411755, 10.2159127562, 4.3424583351, 3.327316204, 11.1192736634, 3.08141315, 0, 0, 0, 0.43403985539, 19.6213559736, 25.4667080576, 11.8179727908, 11.6505358831, 12.4246337619, 9.2221138691, 28.6903472569, 0, 0, 0.96859871476, 5.4853490918, 4.1442284882, 0, 0.46075857233, 0.40266144228, 2.5970822932, 12.1302030752, 0, 21.0495765056, 8.5679930934, 16.7717511286, 23.4957814865, 24.2875310357, 8.5846674193, 10.4336711905, 23.0214047528, 9.7312805402, 7.602416746, 4.5413827347, 8.5147464666, 9.1204941911, 0.81783229458, 0.98070857396, 33.8698489411, 7.9670535782, 3.1043306563, 1.4294451689, 2.0147192937, 0.45094049146, 12.3747872585, 11.184033284, 1.1476608985, 2.5265243095, 4.2569317363, 71.8381686562, 7.5672998867, 9.1520308419, 38.6638658115, 1.1726307096]
    ],
    [
      [0, 0.032461383314, 0, 0.0015046965879, 0.08719312609, 0.00065025129698, 0.028973771359, 0.033752030464, 0.05286598755, 0.037106076103, 0, 0.0053919956662, 0.00033064436317, 0, 8.3266726847e-17, 0.0010639190538, 0.061766856589, 0.15202399174, 0.058746798571, 0.18214236301, 0.065035044512, 0.035143247523, 0.15569209446, 0, 0, 0, 0.026180488698, 0.054853761951, 0, 0, 0.034937181399, 0.011887623003, 0.16411178305, 0.011565021279, 0.081247457175, 0.10940668728, 0.092302772017, 0.059228511146, 0.25555303827, 0, 0.036482828248, 0.2132398338, 0.10417237081, 0, 0.011638685531, 0.091429556909, 0.03557718889, 0.0025367323514, 0.0057443498787, 0.25174601846, 0.019873309347, 0.0086208633144, 0.02071812405, 0.0031536497708, 0, 0.074438665804, 0.073989157037, 0.0094747383841, 0.044319117882, 0.021111715411, 0.29471702155, 0.0047290033881, 0.036001843083, 0.45416863341, 0.017375273153],
