{
  "Z_true": {},
  "V_true": [
    [686, 39, 41, 673, 30],
    [112, 275, 1381, 1053, 271],
    [77, 449, 3586, 535, 223],
    [232, 220, 109, 19744, 390],
    [133, 2622, 672, 946, 165],
    [66, 99, 161, 759, 264]
  ],
  "p_true": [
    [0.467, 0.0265, 0.0279, 0.4581, 0.0204],
    [0.0362, 0.0889, 0.4466, 0.3406, 0.0876],
    [0.0158, 0.0922, 0.7363, 0.1099, 0.0458],
    [0.0112, 0.0106, 0.0053, 0.954, 0.0188],
    [0.0293, 0.5778, 0.1481, 0.2085, 0.0364],
    [0.0489, 0.0734, 0.1193, 0.5626, 0.1957]
  ],
  "Z_est": [
    [
      [3.7665, 2.6779, 0.5256, 1.9083, 10.6387, 12.3901, 15.4531, 12.4169, 0.6769, 2.3269, 1.0699, 0.9191, 0.3433, 0, 15.835, 1.2283, 17.0822, 7.6749, 9.5754, 11.2613, 20.8141, 13.7415, 14.7508, 13.3188, 7.7651, 7.4437, 3.108, 7.0707, 0, 0.6429, 0.4666, 0.4921, 0.9151, 1.5409, 7.8454, 1.9405, 22.375, 17.32, 19.5662, 5.9589, 0, 27.4759, 17.2518, 21.5695, 3.7215, 29.8163, 21.6626, 3.3285, 16.6006, 1.4375],
      [0.9487, 0.9788, 0.25, 1.7941, 5.0359, 4.4454, 5.1669, 7.592, 0.1513, 0.8953, 0.4127, 0.4519, 0.1586, 0, 4.4969, 0.2827, 4.2543, 3.5209, 1.4503, 2.3287, 5.6091, 4.1637, 2.803, 2.5946, 1.5193, 1.9403, 0.6335, 2.7978, 0, 0.3857, 0.0926, 0.6644, 0.0915, 0.3102, 2.7993, 0.6224, 5.6569, 4.4244, 3.7082, 1.5324, 0, 6.801, 4.5338, 5.8352, 1.1006, 10.6842, 5.964, 0.8745, 4.885, 0.3064],
      [0.4765, 0.7794, 0.0986, 0.3954, 1.9192, 1.9014, 2.1383, 2.0786, 0.0413, 0.265, 0.2053, 0.1897, 0.025, 0, 1.858, 0.3557, 2.5477, 1.781, 0.8511, 1.2326, 3.2538, 1.7846, 1.3225, 1.4034, 0.7916, 0.6245, 0.3925, 1.2071, 0, 0.1107, 0.0026, 0.3256, 0.0391, 0.2174, 0.7995, 0.182, 2.3811, 2.4438, 1.3394, 0.4576, 0.141, 3.2369, 2.6018, 3.2692, 0.5155, 4.6955, 2.4357, 0.5848, 3.2206, 0.2546],
      [5.5068, 9.5466, 0.0537, 4.5896, 21.045, 23.7376, 29.6765, 23.4035, 1.0932, 3.2018, 1.8879, 2.3031, 0.4494, 0, 44.706, 3.7426, 34.2371, 14.8945, 15.9379, 18.9901, 30.3987, 17.2698, 20.7847, 21.5487, 18.9155, 10.2032, 4.6305, 7.7569, 0, 0.8112, 0.3554, 3.2616, 0.9221, 1.8778, 10.9826, 2.1674, 40.298, 29.9696, 32.5697, 10.5424, 0.7677, 47.9768, 28.6456, 32.0448, 7.9134, 67.1758, 42.2988, 6.8894, 25.0328, 2.7155],
      [0.3013, 1.0173, 0.072, 0.3126, 1.3612, 1.5255, 1.5652, 2.509, 0.0374, 0.311, 0.4239, 0.1361, 0.0237, 0, 2.1041, 0.3908, 3.8788, 2.1287, 1.1853, 1.1873, 1.924, 1.0405, 1.3391, 1.1344, 1.0084, 0.7883, 0.2355, 1.1675, 0, 0.0495, 0.0828, 0.2563, 0.0323, 0.0537, 0.5733, 0.0877, 2.2889, 1.8422, 1.8164, 1.5086, 0.0913, 3.5094, 2.967, 2.2813, 0.749, 4.6282, 3.6389, 0.3225, 2.2612, 0.286]
    ],
    [
      [1.1848, 0.5808, 0.4552, 0.5712, 2.4837, 3.4178, 2.6382, 2.5257, 0.2755, 0.8159, 0.2297, 0.2713, 0.2074, 0.6465, 2.8822, 0.5204, 4.1773, 2.4209, 3.5824, 3.4024, 6.6795, 6.0523, 4.3208, 4.5108, 0.9694, 3.1259, 0.8479, 1.4745, 0, 0.2208, 0.5714, 0.0938, 0.1445, 0.6774, 2.3832, 0.7218, 4.5396, 3.438, 4.7604, 1.6862, 0, 8.3639, 4.4547, 7.0203, 1.7636, 5.0618, 6.2652, 0.8748, 6.8993, 0.6613],
      [0.7514, 0.4909, 0.7051, 1.9256, 4.0209, 4.0025, 2.102, 4.9923, 0.1635, 1.3756, 0.3304, 0.3643, 0.5414, 0.0819, 1.4632, 0.3557, 2.2061, 3.24, 1.0438, 1.6287, 5.596, 6.3184, 1.9248, 2.6841, 0.2134, 2.0015, 0.3648, 1.6352, 0.7182, 0.4789, 0.2413, 0.2759, 0.0658, 0.3776, 2.9762, 0.5229, 2.5992, 1.9307, 1.381, 1.0142, 0, 4.3009, 2.1976, 5.4442, 1.9521, 6.0284, 4.421, 0.7476, 7.6236, 0.4268],
      [6.7877, 7.5586, 1.4386, 7.4705, 18.4437, 26.3262, 17.0279, 22.3034, 1.286, 7.1723, 2.1839, 2.1013, 2.0502, 1.7194, 19.7902, 10.3345, 33.1582, 16.234, 18.5119, 24.7763, 67.163, 40.4922, 23.7011, 38.8024, 3.9066, 13.294, 5.385, 6.9799, 0.4999, 1.93, 0.4321, 3.2892, 0.4827, 6.4992, 13.368, 1.4062, 29.0334, 21.6651, 15.7338, 7.1094, 0, 37.3468, 23.5988, 47.6265, 14.875, 51.3686, 50.1004, 11.7309, 98.2432, 8.7244],
      [14.8893, 21.6831, 0.1908, 11.3699, 35.4718, 55.2767, 34.0566, 35.2559, 4.2107, 11.859, 3.7299, 4.0835, 4.0937, 5.8312, 56.7206, 25.9998, 72.7425, 27.8608, 54.5646, 58.9142, 115.0365, 74.1326, 60.9035, 100.4427, 11.5176, 31.6431, 11.155, 7.9802, 3.0105, 2.3021, 2.4399, 7.1913, 1.2685, 9.3315, 29.4174, 3.2622, 70.6572, 44.3994, 56.1376, 21.7674, 0, 89.157, 44.3837, 96.5393, 43.1024, 124.1345, 128.6783, 24.0869, 140.5297, 16.5827],
      [0.3868, 0.6865, 0.2103, 0.6628, 1.5799, 1.9768, 1.1753, 2.9227, 0.0644, 0.7772, 0.5261, 0.1796, 0.1073, 0.7209, 1.1438, 0.7896, 2.7159, 2.2444, 1.2972, 1.2786, 3.5241, 2.0045, 2.1498, 2.5599, 0.3931, 0.9354, 0.2474, 0.9302, 0.7715, 0.0683, 0.3153, 0.1498, 0.0385, 0.1143, 0.8553, 0.087, 2.1706, 1.5668, 0.9871, 1.4229, 0, 3.8315, 2.3651, 3.3696, 1.3069, 5.4067, 3.535, 0.5599, 6.7054, 0.6048]
    ],
    [
      [0.4617, 0.134, 0.2584, 0.4042, 1.0222, 1.9132, 2.6608, 2.6093, 0.2398, 0.2743, 0.1514, 0.1142, 0.0644, 0.044, 1.3661, 0.0536, 1.7669, 0.3208, 1.1472, 1.4038, 4.012, 2.5948, 3.1234, 3.1531, 0.4648, 0.6262, 0.4058, 1.2995, 0, 0.0974, 0.0921, 0.0489, 0.4947, 0.2882, 0.8919, 0.3014, 5.1638, 3.3424, 1.6627, 0.593, 0, 4.0858, 2.3525, 4.0676, 0.4465, 4.8039, 2.2236, 0.6504, 3.3121, 0.1354],
      [4.1562, 3.3688, 1.1755, 12.0958, 19.0451, 25.6544, 30.474, 51.7067, 2.5701, 5.4253, 2.1321, 1.8251, 2.9931, 0.223, 17.5227, 1.791, 17.911, 5.7458, 8.0144, 14.7442, 47.8832, 31.2802, 27.4223, 33.6483, 4.1895, 6.1692, 3.1536, 9.2557, 0.355, 2.6227, 1.0534, 3.2756, 1.5141, 2.7534, 14.1908, 2.0891, 52.9437, 30.9428, 11.908, 6.3848, 0, 27.9103, 18.089, 40.2103, 7.3338, 91.5204, 31.8686, 10.8755, 50.1212, 1.8124],
      [17.5746, 15.9441, 2.8943, 33.5615, 52.9868, 95.4535, 109.1451, 133.4613, 7.6681, 17.8155, 8.9451, 5.6912, 5.794, 1.188, 72.3878, 11.4435, 92.228, 18.3892, 45.8245, 69.1877, 224.6479, 110.9501, 119.552, 171.2936, 16.5402, 23.2609, 16.1319, 31.5493, 0.2939, 4.5378, 1.0965, 11.7221, 8.687, 15.113, 38.1118, 3.9425, 204.3204, 124.0773, 49.7956, 21.7216, 2.2269, 122.1376, 76.0374, 161.5477, 29.0236, 322.6313, 135.9744, 52.6709, 248.3746, 12.352],
      [1.459, 1.7375, 0.0019, 2.3851, 4.0027, 8.5128, 10.6767, 10.7321, 1.6301, 1.0004, 0.6917, 0.5478, 0.4887, 0.0817, 9.5421, 0.8557, 9.4436, 0.7053, 5.6542, 7.6723, 19.2432, 8.3294, 15.8131, 24.2673, 2.1337, 1.4442, 1.5091, 1.355, 0.0148, 0.3112, 0.1082, 1.6904, 1.4452, 1.0204, 2.8922, 0.264, 28.0456, 14.8105, 6.0023, 2.403, 0.3598, 12.1036, 6.9684, 16.1302, 3.4428, 41.038, 14.2611, 6.9631, 20.2629, 0.8066],
      [2.3486, 2.8157, 0.67, 4.5535, 7.9432, 14.4661, 14.0433, 27.4906, 0.892, 3.4846, 3.0797, 0.8217, 0.6598, 0.4634, 9.1813, 1.8562, 14.6504, 3.8388, 6.3597, 7.992, 27.2121, 12.8455, 20.0892, 23.6377, 2.6717, 3.4995, 1.7996, 6.5406, 0.3363, 0.4309, 0.6498, 1.263, 0.859, 0.825, 4.9133, 0.4029, 31.5265, 17.8268, 6.6315, 5.8976, 0.4133, 23.7627, 14.5527, 24.0443, 4.7534, 60.0064, 20.6722, 5.8401, 36.9309, 1.8937]
    ],
    [
      [3.2729, 2.1759, 0.5303, 1.1072, 7.3518, 9.2721, 12.3821, 9.3552, 0.9155, 3.4147, 0.6753, 0.4864, 0.8352, 1.2682, 12.8181, 2.3039, 14.5811, 6.3099, 10.6746, 13.2073, 22.0348, 14.6265, 20.5852, 17.4228, 7.2569, 8.9606, 3.137, 4.2754, 0, 0.8001, 3.2188, 0.2163, 3.066, 2.3231, 9.0033, 1.0224, 22.0292, 14.7656, 19.999, 5.8923, 0, 19.632, 12.151, 16.8795, 2.7264, 27.2492, 23.5212, 3.4428, 16.9618, 1.7545],
      [0.7666, 0.9628, 0.3466, 1.9146, 5.1149, 4.1244, 5.0416, 8.9493, 0.2368, 2.4916, 0.2737, 0.2344, 1.0906, 0.0915, 3.7995, 0.7755, 3.4976, 3.4466, 1.0349, 2.7813, 7.3594, 5.118, 4.5936, 4.1544, 1.1577, 2.4718, 0.5735, 1.3814, 0.9248, 0.8218, 0.7603, 0.3617, 0.2258, 0.4527, 4.8875, 0.1848, 6.452, 3.6391, 3.161, 1.4274, 0, 3.4993, 2.353, 4.1529, 0.7474, 17.449, 8.5116, 1.2329, 6.3945, 0.3423],
      [2.8165, 5.6147, 0.3767, 3.5469, 7.959, 12.2044, 14.8489, 16.1506, 0.6387, 5.5945, 1.0019, 0.6758, 1.3721, 0.9681, 16.0369, 12.8018, 22.8055, 8.981, 9.9983, 18.4231, 49.0912, 16.1757, 21.5306, 28.4867, 4.82, 6.3976, 3.9317, 3.3663, 0.071, 1.4861, 0.1737, 2.2621, 1.8128, 6.7569, 6.1047, 0.2102, 23.5419, 16.9154, 10.1203, 3.0423, 0.732, 12.7956, 9.7391, 17.9987, 3.2234, 49.7448, 33.6414, 11.9407, 57.9441, 6.0056],
      [119.1324, 216.122, 2.5818, 113.5509, 363.7073, 500.6149, 536.4345, 518.2254, 41.023, 152.6514, 46.3338, 27.3159, 50.3298, 30.0224, 686.5471, 242.1377, 681.2666, 257.611, 390.4211, 547.754, 1066.8992, 567.4476, 770.6664, 951.3951, 243.9181, 269.3588, 108.4658, 107.2501, 17.7108, 23.6991, 33.6161, 60.6975, 57.5282, 81.1932, 331.4462, 18.5188, 1022.8611, 571.3395, 637.2446, 227.7146, 8.0867, 692.6475, 395.8138, 723.0878, 198.4214, 1983.916, 1270.6105, 252.217, 1005.9078, 109.2967],
      [1.0117, 3.1247, 0.1641, 0.8804, 3.8669, 4.7841, 4.2929, 8.3195, 0.186, 2.8477, 1.7155, 0.2875, 0.3723, 1.6497, 5.7984, 3.981, 9.8491, 5.6515, 3.8711, 4.8342, 9.6101, 3.6322, 10.6241, 9.5409, 2.8473, 2.8112, 0.8921, 1.7269, 2.2934, 0.193, 1.2311, 0.4624, 0.3672, 0.2741, 2.5583, 0.0638, 10.1158, 6.3405, 4.4752, 4.9235, 0.1814, 9.4255, 6.9432, 6.8811, 1.8815, 28.641, 14.7153, 2.1668, 14.7971, 1.6009]
    ],
    [
      [1.2886, 0.4491, 0.6512, 1.396, 3.1309, 5.137, 6.5335, 6.1484, 0.4723, 1.3525, 0.2965, 0.2089, 0.1943, 0.0414, 3.5036, 0.237, 3.7787, 1.6515, 2.1567, 2.7964, 8.9068, 7.1428, 6.4703, 6.8282, 1.2245, 3.0011, 0.9024, 2.8369, 0, 0.0762, 0.3025, 0.0625, 0.9072, 0.4727, 3.5063, 0.4768, 9.8828, 4.8008, 6.0639, 1.7074, 0, 9.0285, 3.7133, 6.9201, 0.9879, 11.9905, 7.0483, 0.8144, 4.1822, 0.4533],
      [16.0758, 13.8665, 3.5204, 39.2653, 64.7766, 86.6945, 90.8429, 125.5776, 5.3487, 26.7783, 6.2225, 4.1243, 6.7918, 0.6036, 57.6437, 8.8068, 58.8723, 33.371, 24.3929, 42.3437, 143.1173, 99.5224, 74.9723, 92.0919, 13.9937, 37.2968, 10.6849, 30.5774, 2.0021, 2.189, 2.5935, 4.9101, 3.9285, 7.3221, 57.8209, 4.0071, 131.2871, 64.1889, 60.037, 22.9805, 0, 94.0772, 44.3663, 99.595, 21.1598, 263.4751, 130.3763, 20.4955, 107.353, 8.3957],
      [7.2881, 4.8628, 1.219, 15.7102, 19.4236, 37.9266, 41.112, 40.0357, 1.6452, 8.7995, 2.1628, 1.342, 1.5227, 0.1245, 22.9551, 5.1394, 28.0399, 9.296, 12.0023, 19.0975, 80.1271, 42.5613, 34.0216, 51.1566, 4.3321, 13.6262, 5.9561, 10.8839, 0.1353, 0.4695, 0.2181, 1.5618, 2.5423, 4.4775, 16.2537, 0.7985, 57.1696, 27.0839, 24.2253, 6.4566, 0.5953, 40.2748, 16.2853, 41.1021, 7.0493, 103.8494, 56.3105, 9.3648, 46.899, 6.5163],
      [4.0867, 4.4151, 0.0227, 9.0917, 12.709, 23.8756, 26.3528, 24.9727, 1.9447, 5.685, 1.0976, 0.7498, 0.9954, 0.0647, 21.1803, 3.1148, 15.2963, 5.6446, 8.1069, 11.1224, 32.0534, 20.3851, 22.5372, 32.9576, 5.2012, 11.2381, 2.9865, 3.8794, 0.2639, 0.1157, 0.3934, 0.9039, 2.038, 1.23, 12.7247, 0.4582, 41.9937, 14.1358, 29.7779, 6.3535, 0.1886, 24.3579, 8.2939, 20.8678, 5.3097, 86.8224, 45.6162, 4.4297, 15.0304, 2.8007],
      [2.2607, 2.4066, 0.5869, 4.5369, 7.9598, 13.3662, 12.1589, 22.2657, 0.589, 4.3846, 2.2206, 0.5751, 0.4957, 0.166, 7.7173, 1.7021, 11.0127, 5.0369, 4.3412, 5.64, 20.7941, 11.3884, 14.9986, 16.9657, 2.2485, 4.8379, 1.47, 5.8224, 0.5988, 0.1496, 0.4926, 0.5618, 0.584, 0.4977, 5.6944, 0.2593, 22.6668, 10.7907, 7.8959, 5.5021, 0.2161, 20.2616, 9.3413, 16.5149, 3.4934, 49.8626, 20.6488, 2.8957, 18.5364, 1.834]
    ],
    [
      [1.0255, 0.9823, 0.5792, 0.6132, 1.3726, 2.8697, 2.3324, 2.9445, 0.42, 0.8157, 0.5771, 0, 0.3554, 0, 2.595, 0.6569, 2.6137, 1.622, 2.8636, 2.9288, 5.5529, 4.8421, 3.7495, 3.7662, 1.3194, 1.8426, 0.599, 2.0432, 0, 0.1626, 0.3486, 0.0865, 0.4725, 0.6977, 2.3699, 0.5371, 7.0096, 3.3332, 4.9479, 2.1622, 0, 6.4139, 3.0767, 6.5429, 1.3541, 6.0784, 5.2792, 0.8891, 5.0441, 0.558],
      [1.3013, 2.3323, 1.0024, 3.0047, 3.0066, 5.0787, 3.3725, 8.1821, 0.5297, 2.0338, 1.6286, 0, 1.4244, 0, 3.0741, 0.9883, 3.2587, 3.6757, 2.0637, 3.1734, 8.435, 7.5972, 3.2841, 3.8266, 0.9264, 2.1205, 0.5897, 3.3525, 0, 0.5019, 0.2589, 0.5123, 0.1743, 0.784, 4.3253, 0.5738, 9.061, 3.8742, 3.8047, 2.6608, 0, 6.4114, 3.4604, 9.7623, 2.7063, 12.8428, 7.8585, 1.7739, 12.6227, 0.7164],
      [2.0566, 4.2404, 0.9727, 3.3155, 3.2677, 7.1879, 4.7279, 8.9704, 0.7207, 2.3533, 2.5011, 0, 1.2359, 0, 4.972, 2.9252, 6.2206, 4.3188, 4.8119, 6.2828, 15.7169, 11.0362, 5.8722, 7.8573, 1.6094, 2.7967, 1.2028, 4.0135, 0, 0.466, 0.077, 0.8391, 0.4362, 1.936, 4.3623, 0.4606, 14.5535, 6.8144, 5.7856, 3.2125, 0.3049, 10.2083, 5.7375, 16.4559, 4.3133, 17.7104, 12.5375, 3.708, 23.3186, 2.1472],
      [5.9257, 16.4958, 0.149, 6.0128, 8.0641, 17.9824, 11.8029, 17.4104, 3.0982, 5.6023, 6.2591, 0, 3.6431, 0, 20.3039, 9.1494, 18.0138, 10.2839, 18.3152, 19.5471, 32.369, 24.4355, 19.2951, 24.3886, 8.3139, 9.1126, 3.2531, 5.7784, 0, 0.7607, 1.0871, 2.2554, 1.7981, 3.3471, 13.537, 1.3293, 46.1445, 17.3452, 30.268, 15.2191, 0.5972, 30.7571, 13.8945, 40.3302, 15.8104, 55.9133, 43.5349, 9.414, 39.2364, 4.7979],
      [0.6909, 1.9492, 0.2967, 1.0538, 1.2891, 2.8814, 1.7643, 4.4926, 0.2313, 1.1949, 2.0341, 0, 0.3412, 0, 2.055, 1.2803, 2.8932, 2.0997, 1.9456, 2.0678, 4.9356, 3.0889, 2.7991, 3.1614, 0.8309, 1.1276, 0.3554, 1.8125, 0, 0.1088, 0.2284, 0.3068, 0.1189, 0.2352, 1.4054, 0.0993, 6.2313, 2.633, 2.1938, 2.7454, 0.0979, 5.2093, 2.8308, 5.9087, 1.8159, 9.4551, 5.7898, 1.215, 8.769, 0.7806]
    ]
  ],
  "V_est": [
    [437.7108, 127.9497, 59.174, 785.7295, 58.4353],
    [121.8723, 98.2475, 891.463, 1909.9951, 70.4226],
    [67.1442, 801.3512, 3177.9056, 333.2604, 490.339],
    [417.8915, 141.7664, 572.8778, 19332.759, 229.7054],
    [152.1347, 2370.7366, 992.0084, 635.8734, 387.2469],
    [109.2465, 163.9487, 256.5712, 712.3826, 106.8509]
  ],
  "p_est": [
    [0.298, 0.0871, 0.0403, 0.5349, 0.0398],
    [0.0394, 0.0318, 0.2883, 0.6177, 0.0228],
    [0.0138, 0.1645, 0.6525, 0.0684, 0.1007],
    [0.0202, 0.0069, 0.0277, 0.9342, 0.0111],
    [0.0335, 0.5224, 0.2186, 0.1401, 0.0853],
    [0.081, 0.1215, 0.1902, 0.5281, 0.0792]
  ],
  "EI_Z": {},
  "EI_V": 8.7462,
  "MAE_Z": {},
  "MAE_V": 209.9848,
  "MAE_p": 0.0589,
  "runtime": 293.797
}
