{
  "Z_true": {},
  "V_true": [
    [68, 424, 108, 270, 327, 0],
    [56, 1260, 158, 64, 189, 0],
    [54, 38, 1797, 27, 83, 0],
    [387, 148, 197, 4907, 325, 1],
    [598, 122, 161, 108, 7964, 2],
    [544, 333, 733, 801, 1595, 26]
  ],
  "p_true": [
    [0.0568, 0.3542, 0.0902, 0.2256, 0.2732, 0],
    [0.0324, 0.7296, 0.0915, 0.0371, 0.1094, 0],
    [0.027, 0.019, 0.8989, 0.0135, 0.0415, 0],
    [0.0649, 0.0248, 0.033, 0.8226, 0.0545, 0.0002],
    [0.0668, 0.0136, 0.018, 0.0121, 0.8893, 0.0002],
    [0.1349, 0.0826, 0.1818, 0.1987, 0.3956, 0.0064]
  ],
  "Z_est": [
    [
      [0.9186, 0.9987, 1, 0.9841, 1.9996, 1.9975, 2, 3.0006, 3, 3, 2, 3, 3, 3, 4, 3, 4, 2, 3, 3, 0.9998, 3, 4, 4, 2, 3, 3, 2, 2, 3, 4, 3, 3, 4, 2, 2, 4, 5, 5, 5, 4, 3, 3, 3, 4, 3, 6, 4, 4, 3, 5, 3, 2, 6],
      [0.0081, 0, 1.4031e-07, 0.002, 1.6484e-06, 0, 0.0001, 0.0003, 1, 2.3984e-13, 3.3529e-06, 1.0387e-10, 1, 2.0399e-15, 1, 1, 1.4352e-13, 2, 3.4758e-18, 1.6615e-06, 0.0001, 3.3057e-07, 2, 6.5343e-15, 1, 1, 1.0527e-08, 5.2465e-12, 0, 8.5686e-07, 2, 1.6742e-12, 9.5686e-09, 2, 2, 4.6383e-08, 5.9197e-14, 1, 5, 6, 8, 12, 4, 8, 9, 5, 9, 8, 11, 10, 7, 12, 2, 7],
      [0.0049, 0.0002, 1.6873e-07, 0.0148, 1.9556e-06, 0, 0.0001, 0.0004, 1, 2.9944e-11, 8.2515e-06, 1, 1, 1, 1, 1, 1, 1.2299e-10, 1, 2.3413e-06, 7.1933e-06, 8.6259e-09, 1, 1, 1.9297e-09, 1, 1.2085e-08, 2.0451e-09, 5.8694e-06, 5.4135e-07, 2, 1, 1, 1, 3, 1, 1, 2, 3, 12, 10, 16, 6, 11, 12, 8, 12, 11, 10, 10, 11, 13, 1, 13],
      [0.0058, 0.0026, 1, 0.0142, 0, 0.0005, 1.0004, 1.9997, 4, 3, 3.3149e-07, 4, 5, 5, 4, 4, 5, 2, 3, 1, 0.0003, 1, 6, 2, 1, 2, 2, 3, 1, 2, 8, 4, 3, 5, 4, 3, 3, 5, 11, 13, 10, 19, 6, 10, 9, 9, 16, 14, 15, 16, 10, 12, 3, 18],
      [1.0627, 0.9986, 2, 0.9849, 1.0003, 0.0019, 2.9995, 4.9991, 6, 7, 2, 9, 7, 9, 10, 6, 7, 7, 7, 3, 0.9998, 2, 10, 6, 2, 3, 4, 5, 3, 5, 11, 6, 6, 7, 6, 4, 7, 9, 13, 15, 12, 17, 9, 11, 10, 10, 16, 8, 15, 15, 10, 12, 4, 51],
      [0, 0, 0, 0, 8.9557e-22, 7.0931e-23, 0, 1.1959e-19, 0, 1.0267e-29, 0, 0, 1.8429e-29, 1.0032e-29, 0, 1.0875e-27, 0, 1.4144e-30, 1.5686e-30, 0, 0, 0, 0, 1.2885e-34, 5.4862e-26, 0, 0, 1.6148e-25, 2.5165e-21, 0, 0, 5.8061e-25, 0, 0, 7.0641e-29, 0, 7.0681e-28, 2.4049e-30, 0, 0, 1.2217e-34, 0, 0, 0, 0, 0, 0, 0, 0, 0, 1.9725e-36, 0, 0, 2.212e-73]
    ],
    [
      [0.9163, 2.9996, 2, 0.9854, 0, 0.9992, 0.9999, 0.0001, 1, 2, 1, 2, 2, 3.0618e-15, 2, 1, 2, 1, 3, 1, 1.9997, 3, 2, 3, 1, 1, 2, 1, 1, 1, 3, 1, 2, 1, 2, 2, 1, 3, 1, 2, 5, 4, 2, 1, 2, 3, 3, 3, 4, 3, 5, 4, 1.4638e-07, 9],
      [0.0013, 0.0001, 1, 0.9844, 1.9998, 0.999, 0.9997, 1.9996, 3, 3, 1, 1, 3, 3, 3, 4, 2, 2, 2, 2, 0.0002, 3, 4, 4, 2, 4, 3, 2, 1, 2, 3, 2, 5.9755e-09, 7, 5, 1, 2, 4, 7, 9, 17, 22, 9, 15, 21, 8, 10, 10, 11, 15, 14, 24, 5, 17],
      [0.0116, 0.0001, 2.8433e-07, 0.0027, 0, 0.0019, 0, 0, 3, 1, 6.732e-06, 1, 1, 1, 1, 1, 1, 1, 2, 2.4023e-06, 0.0002, 5.566e-09, 1, 2, 1, 1, 1, 5.4921e-12, 5.7742e-06, 1.0375e-06, 2, 1, 1, 2, 6, 1, 1, 3, 2, 12, 20, 27, 11, 17, 22, 10, 10, 12, 10, 13, 21, 24, 5, 29],
      [0.0722, 1.9974, 3, 1.0417, 1, 0.0008, 0.0004, 0.0001, 7, 5, 2, 4, 7, 4, 4, 5, 4, 3, 4, 1, 1.0005, 3, 6, 6, 3, 4, 5, 2, 1, 1, 9, 4, 3, 8, 8, 5, 3, 8, 9, 14, 19, 32, 11, 15, 18, 11, 14, 15, 16, 21, 18, 21, 6, 39],
      [0.9985, 5.0027, 5, 1.9857, 2.0001, 0.9991, 1, 1.0003, 11, 13, 6, 9, 10, 9, 10, 9, 7, 8, 11, 3, 2.9995, 6, 10, 16, 6, 6, 9, 4, 3, 3, 12, 6, 6, 11, 13, 6, 6, 12, 10, 15, 24, 28, 15, 17, 19, 13, 14, 9, 15, 19, 19, 21, 9, 111],
      [0, 0, 0, 0, 3.4655e-21, 4.3558e-19, 0, 1.7751e-19, 0, 2.8826e-27, 0, 0, 3.7165e-33, 9.5718e-30, 0, 1.6932e-24, 0, 1.7116e-32, 2.7905e-34, 0, 0, 0, 0, 1.9922e-27, 1.2792e-23, 0, 0, 1.225e-23, 4.1365e-21, 0, 0, 5.456e-25, 0, 0, 7.4502e-25, 0, 1.615e-28, 1.4529e-29, 0, 0, 3.5275e-39, 0, 0, 0, 0, 0, 0, 0, 0, 0, 2.8626e-44, 0, 0, 2.212e-73]
    ],
    [
      [0.0163, 0.0003, 1, 0.001, 0, 0.0009, 0.0003, 3.2914e-06, 1, 1, 0, 1, 1, 1, 2, 1, 2, 1, 3, 1, 0.9997, 1, 1, 2, 1, 8.6923e-07, 1, 1, 1.8456e-06, 1, 1, 1, 1, 1, 2, 1, 2, 3, 1, 3, 3, 2, 2, 1, 2, 3, 3, 3, 2, 1, 4, 3, 9.2864e-07, 15],
      [1.8304, 1.9997, 1, 0.9856, 3.4589e-09, 0, 0.9998, 3.0271e-06, 3, 2, 1, 3, 3, 1, 2, 1, 2, 2.0512e-11, 2, 1, 0.0002, 1, 2, 2, 8.8861e-10, 1, 3, 3.0595e-09, 1, 1, 4, 2, 3, 2, 7, 3, 3, 4, 2, 10, 17, 22, 12, 16, 18, 13, 10, 14, 11, 15, 13, 21, 2, 29],
      [0.1581, 0.0002, 2, 0.985, 1.9996, 1.9984, 0.9998, 0.9997, 5, 2, 2, 1, 3, 2, 4, 4, 3, 3, 4, 2, 0.0001, 1, 1, 3, 3, 4, 3, 2, 1, 2, 1, 1, 2, 3, 7, 1, 2, 4, 3, 19, 22, 26, 20, 20, 23, 19, 13, 15, 10, 14, 23, 24, 4, 52],
      [1.0003, 0.9988, 4, 1.015, 1.0003, 1.0017, 0.9999, 1.2298e-06, 10, 5, 2, 5, 7, 5, 6, 6, 6, 3, 7, 3, 0.0002, 2, 3, 4, 4, 3, 6, 4, 3.7208e-06, 3, 7, 4, 6, 5, 9, 6, 5, 9, 6, 19, 19, 31, 19, 17, 17, 20, 15, 20, 14, 20, 19, 20, 5, 68],
      [1.9949, 2.0011, 7, 2.0134, 2, 0.9989, 2.0002, 0.0003, 14, 12, 8, 10, 11, 9, 14, 9, 10, 9, 17, 6, 0.9999, 3, 6, 11, 6, 4, 11, 7, 1, 7, 9, 6, 13, 7, 16, 7, 10, 14, 7, 21, 24, 27, 25, 18, 18, 22, 15, 12, 13, 19, 19, 20, 6, 194],
      [0, 0, 0, 0, 5.1012e-21, 1.6513e-19, 0, 2.1238e-20, 0, 2.636e-27, 0, 0, 9.4299e-34, 4.8424e-28, 0, 8.9744e-29, 0, 4.5916e-27, 5.6603e-32, 0, 0, 0, 0, 2.5296e-27, 6.7084e-26, 0, 0, 7.9229e-24, 1.1041e-23, 0, 0, 2.6108e-24, 0, 0, 8.0054e-28, 0, 6.7761e-27, 4.9403e-36, 0, 0, 7.1641e-38, 0, 0, 0, 0, 0, 0, 0, 0, 0, 4.6395e-40, 0, 0, 5.0928e-106]
    ],
    [
      [6.0621, 5.998, 10, 2.0154, 8.0002, 8.9992, 9.9996, 9.0002, 6, 8, 4, 8, 11, 6, 10, 7, 15, 7, 13, 6, 10.9997, 15, 9, 10, 8, 4, 5, 7, 6, 8, 12, 9, 5, 5, 4, 6, 9, 16, 6, 7, 5, 5, 2, 2, 3, 5, 9, 6, 5, 3, 7, 4, 1, 26],
      [0.2195, 2.9977, 4, 1.0148, 0.9999, 1.9986, 2.0007, 1.0002, 8, 6, 1, 6, 12, 5, 6, 8, 7, 4, 6, 3, 4.9995, 5, 10, 6, 4, 6, 6, 3, 4, 2, 13, 4, 5, 12, 9, 6, 4, 12, 14, 19, 23, 37, 14, 20, 22, 20, 21, 22, 23, 27, 20, 25, 8, 49],
      [3.6914, 2.9995, 7, 5.0255, 4.9992, 4.999, 4.0001, 3.0001, 16, 9, 7, 9, 11, 9, 12, 8, 13, 6, 12, 6, 2.9998, 7, 6, 8, 5, 7, 10, 6, 3, 9, 13, 10, 8, 9, 15, 9, 10, 16, 11, 33, 32, 49, 27, 28, 29, 32, 30, 32, 22, 26, 34, 30, 8, 95],
      [11.2022, 10.006, 31, 18.9036, 29.0011, 20.0027, 19.0006, 15.999, 36, 29, 17.0001, 29, 50, 33, 26, 28, 38, 28, 30, 18, 25.0005, 21, 26, 24, 27, 20, 24, 31, 27, 24, 49, 29, 21, 30, 17, 27, 23, 40, 33, 40, 29, 57, 25, 25, 23, 34, 38, 39, 36, 42, 33, 26, 17, 121],
      [28.8248, 23.9987, 57, 30.0407, 46.9998, 25.0006, 34.999, 30.0004, 52, 66, 50.9999, 57, 68, 58, 58, 44, 58, 65, 64, 29, 43.0006, 37, 44, 50, 41, 23, 43, 50, 41, 46, 64, 44, 42, 38, 29, 32, 41, 62, 37, 42, 35, 50, 32, 26, 23, 36, 36, 24, 32, 38, 30, 25, 20, 344],
      [0, 0, 0, 0, 3.2564e-14, 2.4894e-15, 0, 3.7193e-14, 0, 4.0611e-25, 0, 0, 1.5426e-20, 2.2006e-25, 0, 1.2209e-21, 0, 1.9363e-25, 3.8295e-23, 0, 0, 0, 0, 2.8404e-26, 5.9048e-19, 0, 0, 1.7092e-19, 2.7421e-17, 0, 0, 1.4783e-17, 0, 0, 1.7849e-20, 0, 9.6574e-26, 9.2535e-32, 0, 0, 9.3049e-35, 0, 0, 0, 0, 0, 0, 0, 0, 0, 3.5265e-29, 0, 0, 1.5191e-52]
    ],
    [
      [13.9611, 16.0056, 19, 5.0413, 13.0001, 14.0026, 17.0004, 13.9988, 7, 15, 10, 14, 13, 11, 19, 10, 21, 14, 26, 11, 17.0014, 26, 16, 23, 13, 6, 9, 10, 10, 16, 15, 13, 11, 7, 6, 6, 18, 19, 6, 6, 4, 3, 2, 2, 3, 4, 7, 3, 4, 3, 7, 4, 1, 70],
      [1.8628, 5.0025, 7, 2.0257, 0.9998, 3.0036, 3.9994, 3.0002, 9, 11, 4, 9, 14, 9, 11, 11, 10, 9, 11, 6, 4.9998, 8, 17, 14, 6, 8, 10, 4, 6, 4, 16, 5, 7, 15, 15, 5, 9, 14, 15, 15, 20, 26, 14, 19, 19, 17, 17, 12, 18, 24, 19, 23, 10, 129],
      [6.115, 5, 12, 6.96, 8.001, 8.0005, 5.0001, 3.999, 17, 14, 14, 16, 13, 14, 18, 12, 16, 13, 22, 8, 1.9998, 8, 7, 17, 8, 9, 13, 6, 4, 14, 14, 10, 15, 10, 20, 9, 15, 19, 9, 27, 26, 33, 24, 26, 24, 26, 23, 16, 16, 23, 31, 25, 11, 241],
      [26.7692, 27.9972, 56, 30.0082, 43.9984, 31.9924, 29.9984, 24.0024, 42, 55, 42, 54, 58, 58, 49, 37, 58, 49, 54, 32, 41.9989, 37, 46, 47, 38, 22, 42, 46, 40, 46, 62, 42, 45, 36, 29, 28, 41, 50, 35, 32, 26, 41, 26, 25, 22, 31, 32, 23, 26, 38, 28, 24, 19, 319],
      [67.2919, 57.9947, 105, 52.9648, 79.0006, 43.0009, 56.0016, 50.9995, 60, 123, 125.0001, 103, 82, 106, 107, 65, 84, 132, 124, 52, 65.0001, 63, 74, 111, 68, 31, 70, 72, 67, 88, 82, 62, 86, 47, 46, 31, 79, 79, 40, 37, 31, 35, 33, 25, 20, 31, 31, 14, 27, 34, 30, 23, 28, 902],
      [0, 0, 0, 0, 0, 0, 0, 0, 0, 1.255e-14, 0, 0, 7.5281e-19, 1.0317e-15, 0, 4.5043e-15, 0, 1.5369e-14, 3.757e-20, 0, 0, 0, 0, 3.09e-16, 2.8746e-11, 0, 0, 5.3515e-12, 3.072e-07, 0, 0, 1.5383e-10, 0, 0, 2.9449e-17, 0, 4.8094e-14, 3.3573e-18, 0, 0, 4.2833e-32, 0, 0, 0, 0, 0, 0, 0, 0, 0, 2.8584e-23, 0, 0, 1]
    ],
    [
      [4.1256, 9.9978, 6, 1.9728, 6.0001, 8.0006, 7.9999, 7.0003, 3, 4, 3, 5, 6, 4, 11, 5, 10, 7, 9, 6, 5.9997, 13, 6, 11, 6, 3, 3, 4, 5, 5, 6, 8, 5, 2, 3, 2, 9, 10, 3, 3, 3, 2, 1, 1, 1, 3, 4, 3, 2, 1, 4, 2, 5.8642e-07, 23],
      [0.0779, 3, 2, 0.9876, 0.0005, 1.9988, 2.0003, 0.9997, 4, 3, 1, 3, 7, 3, 6, 6, 4, 4, 4, 3, 1.0003, 4, 6, 6, 2, 4, 3, 1, 3, 1, 6, 3, 3, 6, 8, 2, 4, 7, 9, 10, 14, 14, 8, 10, 9, 10, 10, 11, 12, 7, 10, 11, 4, 43],
      [1.0191, 3, 4, 3.0119, 4.0001, 5.0001, 1.9998, 2.0008, 8, 4, 4, 6, 6, 5, 11, 6, 7, 6, 8, 4, 1.0002, 4, 2, 8, 4, 4, 4, 2, 2, 5, 5, 6, 7, 3, 10, 3, 8, 10, 5, 17, 18, 18, 14, 14, 12, 15, 13, 15, 11, 6, 17, 13, 4, 81],
      [7.9503, 14.998, 19, 13.0173, 20.0001, 18.0019, 13.0003, 10.9988, 21, 17, 11, 21, 26, 22, 28, 19, 26, 24, 19, 17, 14.9997, 19, 17, 22, 17, 11, 14, 17, 20, 15, 23, 25, 20, 13, 14, 12, 20, 26, 20, 20, 17, 22, 14, 12, 9, 17, 17, 19, 17, 10, 15, 11, 7, 107],
      [22.8271, 37.0042, 39, 26.0104, 35.9992, 23.9986, 28.9997, 24.0004, 34, 40, 39, 44, 39, 42, 66, 32, 41, 62, 45, 33, 27.0001, 36, 30, 54, 31, 18, 29, 29, 34, 35, 33, 40, 45, 21, 25, 14, 41, 43, 25, 24, 21, 22, 20, 16, 12, 21, 18, 15, 18, 12, 17, 14, 12, 307],
      [0, 0, 0, 0, 2, 1, 0, 1, 0, 2, 0, 0, 1, 2, 0, 1, 0, 2, 1, 0, 0, 0, 0, 1, 1, 0, 0, 2, 1, 0, 0, 1, 0, 0, 1, 0, 2, 1, 0, 0, 1, 0, 0, 0, 0, 0, 0, 0, 0, 0, 1, 0, 0, 3]
    ]
  ],
  "V_est": [
    [165.8988, 140.0106, 182.0204, 290.0235, 419.0468, 1.2308e-19],
    [109.9002, 299.984, 281.0166, 416.1132, 619.9859, 6.2072e-19],
    [85.0186, 291.8156, 392.1408, 484.0162, 746.0088, 1.915e-19],
    [406.0743, 566.2308, 825.7146, 1620.1157, 2546.8646, 7.2289e-14],
    [653.0112, 705.8939, 1013.0755, 2344.7651, 4237.2542, 1.0001],
    [287.0969, 321.0651, 460.0321, 1021.9664, 1913.8397, 27.9999]
  ],
  "p_est": [
    [0.1386, 0.117, 0.1521, 0.2423, 0.3501, 1.4184e-17],
    [0.0636, 0.1737, 0.1627, 0.2409, 0.359, 3.8308e-17],
    [0.0425, 0.146, 0.1962, 0.2421, 0.3732, 1.6181e-17],
    [0.0681, 0.0949, 0.1384, 0.2716, 0.427, 2.1786e-13],
    [0.0729, 0.0788, 0.1131, 0.2618, 0.4732, 0.0001],
    [0.0712, 0.0796, 0.1141, 0.2535, 0.4747, 0.0069]
  ],
  "EI_Z": {},
  "EI_V": 42.7489,
  "MAE_Z": {},
  "MAE_V": 567.0167,
  "MAE_p": 0.1443,
  "runtime": 0.5489
}
