{
  "X": [
    [26, 4, 11, 47, 123, 0],
    [36, 13, 11, 56, 127, 0],
    [39, 15, 25, 114, 215, 0],
    [11, 6, 16, 64, 114, 0],
    [29, 4, 19, 95, 167, 2],
    [34, 8, 20, 71, 94, 1],
    [38, 10, 12, 64, 126, 0],
    [33, 7, 10, 53, 111, 1],
    [21, 28, 50, 120, 177, 0],
    [33, 25, 30, 114, 261, 2],
    [20, 8, 27, 74, 231, 0],
    [33, 22, 34, 117, 232, 0],
    [36, 40, 35, 153, 217, 1],
    [25, 21, 32, 127, 233, 2],
    [48, 29, 47, 117, 265, 0],
    [27, 31, 32, 99, 165, 1],
    [54, 25, 41, 137, 207, 0],
    [32, 21, 29, 109, 283, 2],
    [57, 25, 49, 117, 268, 1],
    [28, 15, 20, 72, 126, 0],
    [38, 11, 6, 83, 140, 0],
    [61, 21, 20, 83, 147, 0],
    [38, 41, 18, 104, 174, 0],
    [53, 32, 39, 105, 248, 1],
    [31, 15, 21, 90, 154, 1],
    [17, 24, 26, 62, 85, 0],
    [23, 25, 31, 93, 166, 0],
    [25, 10, 16, 103, 167, 2],
    [24, 15, 10, 89, 149, 1],
    [34, 10, 30, 91, 184, 0],
    [41, 44, 37, 158, 211, 0],
    [35, 16, 29, 108, 164, 1],
    [27, 18, 34, 98, 198, 0],
    [20, 44, 28, 97, 131, 0],
    [19, 46, 61, 81, 135, 1],
    [19, 17, 24, 81, 94, 0],
    [43, 22, 37, 95, 184, 2],
    [56, 42, 54, 138, 219, 1],
    [22, 52, 33, 114, 132, 0],
    [26, 69, 120, 138, 154, 0],
    [24, 99, 128, 120, 147, 1],
    [19, 133, 169, 202, 179, 0],
    [12, 61, 102, 101, 134, 0],
    [10, 88, 116, 104, 113, 0],
    [15, 98, 122, 98, 102, 0],
    [21, 73, 110, 122, 133, 0],
    [32, 77, 101, 132, 130, 0],
    [22, 77, 101, 130, 82, 0],
    [21, 86, 79, 124, 120, 0],
    [14, 98, 92, 147, 137, 0],
    [32, 83, 137, 123, 125, 1],
    [20, 116, 129, 114, 115, 0],
    [4, 31, 33, 57, 79, 0],
    [149, 274, 511, 672, 1909, 4]
  ],
  "W": [
    [2, 2, 5, 50, 116, 36],
    [2, 10, 5, 46, 112, 68],
    [4, 11, 15, 109, 199, 70],
    [2, 5, 5, 57, 97, 45],
    [3, 5, 5, 90, 145, 68],
    [2, 3, 4, 61, 100, 58],
    [6, 3, 5, 70, 112, 54],
    [10, 3, 1, 59, 96, 46],
    [15, 25, 33, 118, 135, 70],
    [13, 24, 22, 118, 218, 70],
    [4, 10, 13, 80, 195, 58],
    [17, 17, 20, 109, 196, 79],
    [17, 23, 25, 152, 180, 85],
    [18, 17, 18, 111, 198, 78],
    [20, 20, 28, 112, 204, 122],
    [15, 20, 21, 95, 135, 69],
    [17, 16, 23, 131, 189, 88],
    [13, 15, 16, 110, 217, 105],
    [14, 22, 33, 125, 237, 86],
    [7, 7, 13, 62, 109, 63],
    [2, 6, 2, 87, 131, 50],
    [6, 15, 8, 85, 142, 76],
    [23, 23, 13, 95, 160, 61],
    [13, 31, 22, 98, 212, 102],
    [6, 13, 14, 85, 133, 61],
    [10, 16, 12, 60, 76, 40],
    [9, 20, 24, 88, 144, 53],
    [10, 9, 14, 97, 138, 55],
    [6, 6, 3, 81, 127, 65],
    [10, 7, 14, 89, 168, 61],
    [27, 29, 22, 151, 189, 73],
    [14, 14, 14, 96, 132, 83],
    [13, 12, 25, 81, 164, 80],
    [19, 29, 18, 94, 115, 45],
    [17, 34, 41, 74, 116, 61],
    [10, 15, 18, 80, 79, 33],
    [15, 13, 22, 87, 162, 84],
    [22, 30, 34, 146, 181, 97],
    [37, 29, 19, 101, 105, 62],
    [51, 52, 72, 141, 117, 74],
    [44, 85, 85, 124, 107, 74],
    [67, 113, 108, 198, 138, 78],
    [28, 48, 78, 100, 99, 57],
    [43, 65, 72, 101, 97, 53],
    [44, 82, 78, 100, 88, 43],
    [35, 45, 77, 127, 109, 66],
    [59, 51, 56, 134, 110, 62],
    [45, 49, 64, 123, 68, 63],
    [55, 56, 50, 118, 91, 60],
    [54, 71, 69, 136, 122, 36],
    [43, 77, 78, 124, 115, 64],
    [52, 94, 88, 110, 99, 51],
    [12, 25, 17, 54, 69, 27],
    [95, 205, 358, 635, 1662, 564]
  ],
  "method": "mcmc",
  "mcmc_stepsize": 3000,
  "mcmc_samples": 1000,
  "burn_in": 10000,
  "cond_prob": [
    [
      [0.45928344663, 0.0040290693997, 0.0024479721608, 0.0028872901943, 0.53135222161, 0],
      [0.45816418698, 0.00066921385579, 0.0057920184117, 0.036122867102, 0.49925171365, 0],
      [0.003255095395, 0.36607658857, 0.031627159191, 0.20005149199, 0.39898966486, 0],
      [0.12124201056, 0.0043898581853, 0.073827468134, 0.2240444397, 0.57649622343, 0],
      [0.12035444015, 0.016058923322, 0.052715151387, 0.23076872534, 0.5801027598, 0],
      [0.11460037975, 0.0021636798896, 0.028307034868, 0.22084244725, 0.63408645824, 0]
    ],
    [
      [0.49933170923, 5.1022380877e-06, 7.5746586235e-05, 0.0013008239235, 0.49928661802, 0],
      [0.29996196749, 1.0508920093e-05, 1.1323451457e-05, 0.19974462799, 0.50027157215, 0],
      [6.0925016822e-05, 0.39993246618, 3.5702215021e-05, 0.19975715833, 0.40021374826, 0],
      [0.13039097306, 0.065167683661, 0.065207312945, 0.21752217778, 0.52171185255, 0],
      [0.14290736462, 0.044665581512, 0.044642803001, 0.24997476953, 0.51780948134, 0],
      [0.14702651005, 0.044117114671, 0.044118035731, 0.22055841052, 0.54417992903, 0]
    ],
    [
      [0.24999999908, 3.5078289732e-08, 4.2182774158e-08, 0.2499999585, 0.49999996517, 0],
      [0.18181816736, 0.090909090758, 2.5847732952e-08, 0.27272726553, 0.45454545051, 0],
      [0.066666670997, 0.066666657425, 0.13333331943, 0.2666666798, 0.46666667235, 0],
      [0.09174312181, 0.036697246528, 0.064220179335, 0.28440365915, 0.52293579318, 0],
      [0.095477382183, 0.035175878761, 0.060301508031, 0.28140703544, 0.52763819559, 0],
      [0.085714296658, 0.028571432214, 0.057142858709, 0.27142858784, 0.55714282458, 0]
    ],
    [
      [0.49203917788, 0.0009831629631, 0.0074060663172, 0.0071171874454, 0.4924544054, 0],
      [0.19707842206, 0.196884398, 0.00054866741089, 0.20834059051, 0.39714792202, 0],
      [0.0002081000593, 0.19711350405, 0.19699137543, 0.20300552602, 0.40268149445, 0],
      [0.035357388421, 0.01780290814, 0.088167450193, 0.33164207422, 0.52703017903, 0],
      [0.051972463709, 0.020883244334, 0.071753075117, 0.30936259499, 0.54602862185, 0],
      [0.043839753641, 0.021946748876, 0.066930993462, 0.28927255774, 0.57800994629, 0]
    ],
    [
      [0.66654614937, 5.4945051489e-07, 6.5186913921e-07, 1.2029732692e-05, 0.33344061957, 2.9852219067e-22],
      [4.2427236286e-06, 0.39995972105, 6.7196948147e-06, 0.20000117546, 0.40002814107, 6.9309343088e-22],
      [6.946601676e-06, 6.9178972159e-10, 0.39992793573, 0.20006552694, 0.39999959004, 1.020234181e-21],
      [0.088890603789, 0.011109651193, 0.055546348462, 0.32223394578, 0.52221945077, 3.6181927985e-16],
      [0.089655731133, 0.0068954594241, 0.055179481461, 0.30343746872, 0.54483161956, 2.3970441379e-07],
      [0.088236327206, 7.1988095203e-06, 0.058825420498, 0.29411973991, 0.52940006001, 0.029411253571]
    ],
    [
      [0.99876500774, 2.1256758089e-05, 1.489467563e-05, 0.00026155364098, 0.00093728718644, 3.5465740119e-23],
      [0.33305587265, 0.33298353437, 0.00064604327538, 0.00027689464053, 0.33303765507, 1.4519180888e-19],
      [0.00021771867297, 9.2704685704e-06, 0.49960299626, 0.2504334475, 0.2497365671, 4.1283688461e-20],
      [0.14752786688, 0.032763335283, 0.081951322139, 0.32791238045, 0.40984509525, 4.0809570663e-17],
      [0.14002601022, 0.030035921897, 0.080004905132, 0.31992402261, 0.43000869923, 4.408978268e-07],
      [0.13794190672, 0.034462313095, 0.086208602278, 0.31037680948, 0.41376974928, 0.017240619142]
    ],
    [
      [0.33332642474, 1.4926079411e-05, 1.6302269347e-05, 0.16673134655, 0.49991100036, 0],
      [0.33330611417, 0.33323422583, 6.7999030026e-06, 0.00012126907919, 0.33333159102, 0],
      [5.5141308983e-05, 0.19996697803, 0.19996205827, 0.19997074703, 0.40004507536, 0],
      [0.14285124019, 0.028580956804, 0.057144080452, 0.27143757516, 0.49998614739, 0],
      [0.15178886673, 0.03570924673, 0.044644130092, 0.26784329854, 0.50001445791, 0],
      [0.14814643547, 0.037042041959, 0.037034135063, 0.24074656816, 0.53703081936, 0]
    ],
    [
      [0.30005739759, 2.8632201705e-05, 3.6099773971e-05, 0.19996565223, 0.4999122182, 1.1959451633e-20],
      [3.1285368757e-05, 0.66651815407, 4.5244782479e-06, 2.5469681537e-05, 0.3334205664, 5.9170617774e-20],
      [3.2913584364e-06, 3.0271496368e-06, 0.99965649103, 1.2298369332e-06, 0.00033596062935, 2.1238113798e-20],
      [0.15254660317, 0.016952904674, 0.050848858651, 0.27116999289, 0.50848164062, 6.3038929567e-16],
      [0.14582077503, 0.031252240756, 0.041656695308, 0.25002548879, 0.5312446065, 1.9361577175e-07],
      [0.15218010623, 0.021733036963, 0.04349659843, 0.23910411596, 0.52174741605, 0.021738726367]
    ],
    [
      [0.19999999998, 0.066666666667, 0.066666666667, 0.26666666668, 0.40000000001, 0],
      [0.040000000004, 0.12, 0.12, 0.27999999999, 0.44000000001, 0],
      [0.030303030315, 0.0909090909, 0.15151515151, 0.30303030302, 0.42424242425, 0],
      [0.050847457631, 0.067796610172, 0.13559322034, 0.30508474577, 0.44067796609, 0],
      [0.051851851848, 0.066666666668, 0.12592592593, 0.31111111111, 0.44444444445, 0],
      [0.042857142856, 0.057142857138, 0.11428571429, 0.29999999999, 0.48571428572, 0]
    ],
    [
      [0.23076923077, 1.844942457e-14, 2.303396099e-12, 0.23076923077, 0.53846153846, 7.8980663741e-31],
      [0.083333333333, 0.125, 0.04166666667, 0.20833333333, 0.54166666666, 1.2010677907e-28],
      [0.045454545455, 0.090909090909, 0.09090909091, 0.22727272727, 0.54545454545, 1.1981683881e-28],
      [0.067796610169, 0.050847457627, 0.076271186441, 0.24576271186, 0.5593220339, 3.4416095266e-27],
      [0.068807339449, 0.050458715597, 0.064220183486, 0.25229357798, 0.56422018349, 5.7569922911e-17],
      [0.057142857144, 0.042857142857, 0.057142857142, 0.24285714286, 0.57142857143, 0.028571428571]
    ],
    [
      [0.4999990516, 8.3822303168e-07, 2.0628703342e-06, 8.2872301113e-08, 0.49999796444, 0],
      [0.099998995635, 0.099999229052, 6.731968651e-07, 0.19999895156, 0.60000215056, 0],
      [1.196073107e-06, 0.076922630266, 0.15384534358, 0.15384632171, 0.61538450837, 0],
      [0.049999867382, 0.012500327495, 0.087500081764, 0.21250062556, 0.6374990978, 0],
      [0.051281982724, 0.0205127044, 0.071794791217, 0.21538442551, 0.64102609614, 0],
      [0.051724521836, 0.017241493197, 0.068965598646, 0.18965508535, 0.67241330097, 0]
    ],
    [
      [0.17647058822, 6.1100779686e-12, 0.058823529412, 0.23529411765, 0.52941176471, 0],
      [0.11764705882, 0.058823529423, 0.05882352944, 0.23529411763, 0.52941176469, 0],
      [0.05, 0.15, 0.050000000008, 0.24999999998, 0.50000000002, 0],
      [0.073394495416, 0.05504587156, 0.082568807342, 0.26605504588, 0.52293577981, 0],
      [0.071428571427, 0.045918367344, 0.081632653058, 0.27551020408, 0.52551020409, 0],
      [0.063291139244, 0.037974683548, 0.075949367084, 0.26582278482, 0.5569620253, 0]
    ],
    [
      [0.17647058822, 0.058823529412, 0.058823529412, 0.29411764714, 0.41176470581, 1.0840493715e-30],
      [0.086956521759, 0.13043478259, 0.04347826089, 0.3043478261, 0.43478260867, 1.6158647184e-34],
      [0.040000000019, 0.12000000004, 0.11999999999, 0.28000000003, 0.43999999993, 3.7719689038e-35],
      [0.072368421051, 0.078947368423, 0.072368421059, 0.32894736843, 0.44736842103, 1.0148994725e-22],
      [0.072222222221, 0.077777777778, 0.072222222212, 0.32222222221, 0.45555555558, 4.1822787797e-21],
      [0.070588235291, 0.082352941168, 0.070588235302, 0.30588235292, 0.45882352943, 0.011764705882]
    ],
    [
      [0.16666666667, 1.1332771369e-16, 0.055555555556, 0.27777777778, 0.5, 5.5733471034e-31],
      [1.8010340981e-16, 0.17647058824, 0.058823529412, 0.23529411765, 0.52941176471, 5.6304535617e-31],
      [0.055555555556, 0.055555555556, 0.11111111111, 0.27777777778, 0.5, 2.690215165e-29],
      [0.054054054054, 0.045045045045, 0.081081081081, 0.2972972973, 0.52252252252, 1.9825074191e-27],
      [0.055555555556, 0.045454545455, 0.070707070707, 0.29292929293, 0.53535353535, 5.2103841027e-18],
      [0.051282051282, 0.038461538462, 0.064102564103, 0.28205128205, 0.53846153846, 0.025641025641]
    ],
    [
      [0.2, 0.05, 0.05, 0.2, 0.5, 0],
      [0.1, 0.15, 0.05, 0.2, 0.5, 0],
      [0.071428571429, 0.071428571429, 0.14285714286, 0.21428571429, 0.5, 0],
      [0.089285714286, 0.053571428571, 0.10714285714, 0.23214285714, 0.51785714286, 0],
      [0.093137254902, 0.053921568627, 0.088235294118, 0.24019607843, 0.52450980392, 0],
      [0.090163934426, 0.049180327869, 0.090163934426, 0.22950819672, 0.54098360656, 0]
    ],
    [
      [0.2, 0.066666723994, 0.066666666667, 0.266666681, 0.39999992834, 7.2498320101e-29],
      [0.049999989251, 0.19999998925, 0.050000053744, 0.24999998925, 0.4499999785, 8.465804227e-26],
      [0.047619037382, 0.047619057856, 0.19047618024, 0.28571428571, 0.42857143881, 4.2735281736e-30],
      [0.073684215052, 0.084210524053, 0.084210515001, 0.29473684211, 0.46315790379, 1.2851857209e-23],
      [0.074074080444, 0.081481471927, 0.088888890481, 0.27407407089, 0.48148148626, 3.3365489999e-17],
      [0.072463755654, 0.086956531086, 0.086956521739, 0.27536232507, 0.46376811283, 0.014492753623]
    ],
    [
      [0.23529411762, 8.442263905e-15, 0.058823529443, 0.29411764705, 0.41176470588, 0],
      [0.12499999999, 0.12500000001, 0.06250000001, 0.24999999999, 0.4375, 0],
      [0.086956521744, 0.086956521734, 0.13043478261, 0.26086956523, 0.43478260869, 0],
      [0.11450381679, 0.053435114502, 0.099236641215, 0.29007633588, 0.44274809161, 0],
      [0.11111111111, 0.052910052911, 0.084656084657, 0.30687830687, 0.44444444445, 0],
      [0.11363636364, 0.045454545454, 0.079545454546, 0.29545454547, 0.46590909089, 0]
    ],
    [
      [0.15384615384, 0.15384615385, 9.4606138603e-12, 0.15384615385, 0.53846153845, 1.0879768034e-31],
      [0.066666666665, 0.13333333333, 0.066666666675, 0.2, 0.53333333333, 1.1410743604e-33],
      [0.062500000001, 1.2819880749e-12, 0.1875, 0.1875, 0.5625, 2.869779797e-28],
      [0.063636363636, 0.036363636364, 0.054545454545, 0.25454545454, 0.59090909091, 1.7602883766e-27],
      [0.064516129033, 0.041474654378, 0.059907834101, 0.22580645161, 0.60829493088, 7.0826963184e-17],
      [0.066666666666, 0.038095238096, 0.057142857142, 0.22857142857, 0.59047619048, 0.019047619048]
    ],
    [
      [0.21428571429, 2.4827338676e-19, 0.071428571429, 0.21428571429, 0.5, 1.1203971767e-31],
      [0.13636363636, 0.090909090909, 0.090909090909, 0.18181818182, 0.5, 1.2684133012e-35],
      [0.090909090909, 0.060606060606, 0.12121212121, 0.21212121212, 0.51515151515, 1.7152363077e-33],
      [0.104, 0.048, 0.096, 0.24, 0.512, 3.0635864294e-25],
      [0.10970464135, 0.04641350211, 0.092827004219, 0.22784810127, 0.52320675105, 1.5852505668e-22],
      [0.10465116279, 0.046511627907, 0.093023255814, 0.22093023256, 0.52325581395, 0.011627906977]
    ],
    [
      [0.42857106625, 2.3736303776e-07, 3.344694951e-07, 0.14285732438, 0.42857103753, 0],
      [0.14285781068, 0.28571377827, 3.4318091795e-07, 0.14285713199, 0.42857093588, 0],
      [0.076922980828, 0.076923167178, 0.15384590067, 0.23076959819, 0.46153835314, 0],
      [0.096774152584, 0.048387007375, 0.096774197882, 0.29032261308, 0.46774202907, 0],
      [0.1009174408, 0.055045830008, 0.073394508716, 0.29357786461, 0.47706435587, 0],
      [0.095238104815, 0.047619218874, 0.063492013159, 0.26984134564, 0.52380931751, 0]
    ],
    [
      [0.49988702958, 6.9139981968e-05, 3.5966550489e-06, 0.00013157016446, 0.49990866362, 0],
      [0.33328261135, 2.7561569931e-05, 2.713409215e-05, 0.16674903218, 0.49991366082, 0],
      [0.49987132442, 7.6554321761e-05, 2.5903117606e-05, 8.2612829702e-05, 0.49994360531, 0],
      [0.1264330177, 0.057465085845, 0.034480247563, 0.28736154986, 0.49426009904, 0],
      [0.12978158769, 0.038166238357, 0.015265740189, 0.32060231661, 0.49618411716, 0],
      [0.11999454195, 0.020006070973, 0.020003693864, 0.29999438255, 0.54000131066, 0]
    ],
    [
      [0.49999988878, 5.5094712705e-08, 1.4376475583e-09, 0.1666667211, 0.33333333359, 0],
      [0.19999997779, 0.19999995568, 3.7106497187e-10, 0.2000001099, 0.39999995626, 0],
      [0.12499995938, 0.12499995856, 0.12500000069, 0.25000004092, 0.37500004045, 0],
      [0.17647056121, 0.058823525654, 0.082352933334, 0.24705887339, 0.43529410641, 0],
      [0.18309860083, 0.05633802817, 0.056338035095, 0.26056335965, 0.44366197626, 0],
      [0.1710526619, 0.052631591909, 0.052631574518, 0.24999995249, 0.47368421919, 0]
    ],
    [
      [0.17391304374, 0.086956522477, 0.043478261036, 0.26086956465, 0.4347826081, 0],
      [0.086956521894, 0.17391304316, 0.043478260858, 0.26086956555, 0.43478260854, 0],
      [0.076923077175, 0.15384615439, 0.076923077175, 0.23076923096, 0.4615384603, 0],
      [0.094736842132, 0.10526315792, 0.063157894693, 0.27368421055, 0.4631578947, 0],
      [0.099999999911, 0.10624999984, 0.043749999872, 0.28750000016, 0.46250000022, 0],
      [0.098360655719, 0.098360655836, 0.032786885538, 0.27868852419, 0.49180327872, 0]
    ],
    [
      [0.30769230769, 5.0264024821e-16, 0.076923076923, 0.15384615385, 0.46153846154, 9.9113254661e-36],
      [0.096774193548, 0.12903225806, 0.064516129032, 0.1935483871, 0.51612903226, 6.4265164875e-29],
      [0.090909090909, 0.090909090909, 0.13636363636, 0.18181818182, 0.5, 1.1498287692e-28],
      [0.10204081633, 0.061224489796, 0.081632653061, 0.24489795918, 0.51020408163, 2.8983314789e-28],
      [0.10849056604, 0.066037735849, 0.080188679245, 0.22169811321, 0.52358490566, 1.4575419187e-18],
      [0.10784313725, 0.058823529412, 0.078431372549, 0.21568627451, 0.52941176471, 0.0098039215686]
    ],
    [
      [0.33333333273, 0.16666666702, 3.2161049656e-10, 0.16666666648, 0.33333333345, 9.1436982464e-27],
      [0.076923076992, 0.1538461537, 0.076923077076, 0.23076923059, 0.46153846164, 9.8397804431e-25],
      [0.071428571292, 6.3471951158e-11, 0.21428571401, 0.28571428581, 0.42857142882, 4.7916902588e-27],
      [0.094117646987, 0.047058823546, 0.058823529408, 0.31764705897, 0.48235294109, 6.9468515584e-21],
      [0.097744360988, 0.045112781918, 0.060150375942, 0.2857142857, 0.51127819545, 2.1613235831e-13],
      [0.098360655727, 0.032786885286, 0.065573770491, 0.27868852446, 0.50819672141, 0.016393442622]
    ],
    [
      [0.30000016954, 0.09999997875, 0.10000007997, 0.19999986641, 0.29999990533, 0],
      [0.062500012988, 0.24999979072, 0.062500100837, 0.25000027217, 0.37499982329, 0],
      [7.2435880621e-08, 0.083333294443, 0.33333328499, 0.25000003718, 0.33333331095, 0],
      [0.066666643071, 0.1000000266, 0.11666667583, 0.33333327232, 0.38333338219, 0],
      [0.078947353904, 0.10526318702, 0.11842099613, 0.28947367455, 0.4078947884, 0],
      [0.074999993666, 0.10000000546, 0.10000004778, 0.27500002326, 0.44999992983, 0]
    ],
    [
      [0.33333333426, 1.1696271779e-09, 1.3428144643e-09, 0.22222221983, 0.4444444434, 0],
      [0.099999999471, 0.14999999842, 0.050000000495, 0.25000000014, 0.45000000147, 0],
      [0.041666666241, 0.12500000173, 0.12500000036, 0.25000000017, 0.45833333151, 0],
      [0.056818181942, 0.068181817995, 0.11363636458, 0.27272727305, 0.48863636243, 0],
      [0.062499999798, 0.069444444194, 0.090277777197, 0.2916666667, 0.48611111211, 0],
      [0.056603774164, 0.056603774189, 0.075471697547, 0.26415094304, 0.54716981106, 0]
    ],
    [
      [0.2, 5.2465010806e-13, 2.0450952134e-10, 0.2999999999, 0.4999999999, 1.6148429528e-26],
      [0.111111111, 0.22222222199, 6.1023523459e-13, 0.22222222279, 0.44444444422, 1.3611130759e-24],
      [0.071428571574, 2.1853322443e-10, 0.14285714271, 0.28571428586, 0.49999999964, 5.6592238507e-25],
      [0.072164948516, 0.030927835062, 0.061855670134, 0.31958762889, 0.5154639174, 1.7620946323e-21],
      [0.072463768079, 0.028985507224, 0.043478260848, 0.33333333325, 0.5217391306, 3.8779085067e-14],
      [0.072727272691, 0.0181818182, 0.036363636364, 0.30909090915, 0.52727272724, 0.036363636364]
    ],
    [
      [0.33333066489, 2.4734715542e-06, 9.78241273e-07, 0.16666549991, 0.50000038349, 4.1941443237e-22],
      [0.16666864869, 0.16666744604, 9.6236018097e-07, 0.16666639216, 0.49999655075, 6.894191585e-22],
      [6.1520319463e-07, 0.33333333876, 0.33333021872, 1.2402596867e-06, 0.33333458705, 3.6804484453e-24],
      [0.074074276364, 0.049382757922, 0.037036918476, 0.33333339418, 0.50617265306, 3.3853106282e-19],
      [0.078739857961, 0.047244002275, 0.031496234489, 0.31496061065, 0.5275592922, 2.4188674941e-09],
      [0.076923445021, 0.046153673633, 0.030769008055, 0.30769234531, 0.52307691732, 0.015384610659]
    ],
    [
      [0.2999998737, 8.5685611144e-08, 5.4135482672e-08, 0.20000000672, 0.49999997976, 0],
      [0.14285709041, 0.28571421647, 1.4820787796e-07, 0.14285723144, 0.42857131348, 0],
      [0.071428595596, 0.071428563766, 0.14285718023, 0.21428565441, 0.50000000599, 0],
      [0.089887639127, 0.022471913276, 0.10112360424, 0.26966292886, 0.5168539145, 0],
      [0.095238102157, 0.023809515594, 0.083333312235, 0.27380951349, 0.52380955653, 0],
      [0.081967217166, 0.016393456292, 0.08196722402, 0.2459016593, 0.57377044323, 0]
    ],
    [
      [0.14814814815, 0.074074074074, 0.074074074074, 0.2962962963, 0.40740740741, 0],
      [0.10344827586, 0.10344827586, 0.068965517241, 0.31034482759, 0.41379310345, 0],
      [0.045454545455, 0.18181818182, 0.045454545455, 0.31818181818, 0.40909090909, 0],
      [0.079470198675, 0.086092715232, 0.086092715232, 0.32450331126, 0.4238410596, 0],
      [0.079365079365, 0.084656084656, 0.074074074074, 0.32804232804, 0.43386243386, 0],
      [0.082191780822, 0.082191780822, 0.068493150685, 0.31506849315, 0.45205479452, 0]
    ],
    [
      [0.21428571433, 1.1958612286e-13, 0.07142857144, 0.28571428568, 0.42857142855, 4.1472179052e-26],
      [0.071428571418, 0.14285714284, 0.071428571462, 0.28571428569, 0.42857142859, 3.8971473172e-26],
      [0.071428571418, 0.14285714286, 0.07142857144, 0.28571428576, 0.42857142853, 1.8648634119e-25],
      [0.093749999997, 0.04166666667, 0.10416666666, 0.30208333333, 0.45833333333, 1.539873674e-19],
      [0.098484848492, 0.037878787879, 0.075757575749, 0.31818181817, 0.4696969697, 1.1653858474e-12],
      [0.096385542158, 0.036144578313, 0.072289156634, 0.30120481929, 0.48192771084, 0.012048192769]
    ],
    [
      [0.23076923071, 7.3604322892e-10, 0.076923077377, 0.23076923047, 0.46153846071, 0],
      [0.16666666679, 4.9795885608e-10, 0.083333334393, 0.24999999972, 0.4999999986, 0],
      [0.039999999957, 0.1199999991, 0.079999999878, 0.24000000311, 0.51999999796, 0],
      [0.061728395109, 0.061728394873, 0.098765432016, 0.25925925953, 0.51851851847, 0],
      [0.067073170715, 0.042682926788, 0.091463414614, 0.27439024359, 0.52439024429, 0],
      [0.06249999999, 0.037500000363, 0.087499999931, 0.24999999949, 0.56250000023, 0]
    ],
    [
      [0.21052630485, 0.10526316696, 0.052631582978, 0.26315788855, 0.36842105666, 0],
      [0.034482756455, 0.24137931034, 0.068965517714, 0.27586207971, 0.37931033578, 0],
      [0.055555559806, 0.11111110534, 0.16666665665, 0.27777776851, 0.38888890969, 0],
      [0.053191490758, 0.12765957078, 0.095744675326, 0.31914893501, 0.40425532813, 0],
      [0.060869563839, 0.13043478515, 0.08695652554, 0.31304347282, 0.40869565265, 0],
      [0.044444449364, 0.13333333303, 0.066666670494, 0.28888890463, 0.46666664249, 0]
    ],
    [
      [0.11764705882, 0.11764705882, 0.17647058824, 0.23529411765, 0.35294117647, 4.1553567591e-30],
      [0.058823529412, 0.14705882353, 0.17647058824, 0.23529411765, 0.38235294118, 2.1912313481e-26],
      [0.048780487805, 0.17073170732, 0.17073170732, 0.21951219512, 0.39024390244, 1.9525482355e-29],
      [0.054054054054, 0.12162162162, 0.2027027027, 0.22972972973, 0.39189189189, 2.4119607863e-22],
      [0.051724137931, 0.12931034483, 0.1724137931, 0.25, 0.39655172414, 2.5386759549e-19],
      [0.049180327869, 0.13114754098, 0.16393442623, 0.22950819672, 0.40983606557, 0.016393442623]
    ],
    [
      [0.19999999409, 4.638336683e-09, 0.10000000574, 0.29999999621, 0.39999999932, 0],
      [0.13333333358, 0.066666670865, 0.066666670941, 0.33333333577, 0.39999998884, 0],
      [0.055555560422, 0.16666666668, 0.055555558763, 0.33333332995, 0.38888888418, 0],
      [0.075000000146, 0.07500000026, 0.1124999994, 0.33749999866, 0.40000000153, 0],
      [0.075949365179, 0.06329113857, 0.11392404785, 0.35443038377, 0.39240506462, 0],
      [0.060606063846, 0.060606058259, 0.090909093582, 0.36363635912, 0.42424242519, 0]
    ],
    [
      [0.26666666667, 3.9464336627e-15, 0.066666666667, 0.2, 0.46666666667, 4.7120775728e-29],
      [0.076923076923, 0.15384615385, 0.076923076923, 0.23076923077, 0.46153846154, 1.2422945304e-29],
      [0.090909090909, 0.13636363636, 0.090909090909, 0.22727272727, 0.45454545455, 3.0800389828e-28],
      [0.10344827586, 0.045977011494, 0.11494252874, 0.26436781609, 0.47126436782, 1.1100412224e-27],
      [0.11111111111, 0.055555555556, 0.092592592593, 0.25308641975, 0.48765432099, 2.9687731875e-16],
      [0.10714285714, 0.047619047619, 0.095238095238, 0.2380952381, 0.4880952381, 0.02380952381]
    ],
    [
      [0.22727272727, 0.045454545455, 0.090909090909, 0.22727272727, 0.40909090909, 1.0931300013e-31],
      [0.1, 0.13333333333, 0.1, 0.26666666667, 0.4, 4.8430269296e-31],
      [0.088235294118, 0.11764705882, 0.11764705882, 0.26470588235, 0.41176470588, 1.4530395632e-37],
      [0.1095890411, 0.082191780822, 0.1095890411, 0.27397260274, 0.42465753425, 6.3380022094e-34],
      [0.10497237569, 0.077348066298, 0.10497237569, 0.27624309392, 0.4364640884, 1.8548687079e-20],
      [0.10309278351, 0.072164948454, 0.10309278351, 0.26804123711, 0.44329896907, 0.010309278351]
    ],
    [
      [0.13513513514, 0.13513513513, 0.081081081094, 0.29729729729, 0.35135135134, 0],
      [0.034482758621, 0.24137931036, 0.068965517244, 0.31034482757, 0.34482758621, 0],
      [0.052631578944, 0.10526315791, 0.15789473683, 0.31578947367, 0.36842105265, 0],
      [0.059405940594, 0.13861386138, 0.10891089109, 0.32673267328, 0.36633663366, 0],
      [0.057142857145, 0.14285714286, 0.085714285716, 0.33333333333, 0.38095238095, 0],
      [0.048387096771, 0.14516129032, 0.080645161288, 0.32258064517, 0.40322580646, 0]
    ],
    [
      [0.098039215686, 0.11764705882, 0.23529411765, 0.25490196078, 0.29411764706, 0],
      [0.038461538462, 0.17307692308, 0.23076923077, 0.26923076923, 0.28846153846, 0],
      [0.041666666667, 0.13888888889, 0.26388888889, 0.26388888889, 0.29166666667, 0],
      [0.049645390071, 0.13475177305, 0.23404255319, 0.28368794326, 0.29787234043, 0],
      [0.051282051282, 0.12820512821, 0.23076923077, 0.2735042735, 0.31623931624, 0],
      [0.040540540541, 0.13513513514, 0.22972972973, 0.27027027027, 0.32432432432, 0]
    ],
    [
      [0.090909090909, 0.18181818182, 0.22727272727, 0.22727272727, 0.27272727273, 2.7765237574e-36],
      [0.058823529412, 0.2, 0.23529411765, 0.22352941176, 0.28235294118, 4.149950241e-41],
      [0.035294117647, 0.2, 0.25882352941, 0.22352941176, 0.28235294118, 8.4283309916e-40],
      [0.040322580645, 0.18548387097, 0.25806451613, 0.23387096774, 0.28225806452, 7.5039886569e-37],
      [0.03738317757, 0.18691588785, 0.24299065421, 0.24299065421, 0.28971962617, 4.0030780937e-34],
      [0.040540540541, 0.18918918919, 0.24324324324, 0.22972972973, 0.28378378378, 0.013513513514]
    ],
    [
      [0.044776119403, 0.17910447761, 0.23880597015, 0.28358208955, 0.25373134328, 0],
      [0.035398230088, 0.19469026549, 0.2389380531, 0.28318584071, 0.24778761062, 0],
      [0.018518518519, 0.2037037037, 0.24074074074, 0.28703703704, 0.25, 0],
      [0.025252525253, 0.18686868687, 0.24747474747, 0.28787878788, 0.25252525253, 0],
      [0.021739130435, 0.1884057971, 0.23913043478, 0.29710144928, 0.25362318841, 0],
      [0.025641025641, 0.17948717949, 0.23076923077, 0.28205128205, 0.28205128205, 0]
    ],
    [
      [0.10714285714, 0.14285714286, 0.21428571429, 0.21428571429, 0.32142857143, 0],
      [0.041666666667, 0.1875, 0.22916666667, 0.22916666667, 0.3125, 0],
      [0.025641025641, 0.15384615385, 0.25641025641, 0.24358974359, 0.32051282051, 0],
      [0.02, 0.14, 0.27, 0.25, 0.32, 0],
      [0.020202020202, 0.14141414141, 0.24242424242, 0.26262626263, 0.33333333333, 0],
      [0.017543859649, 0.14035087719, 0.24561403509, 0.24561403509, 0.35087719298, 0]
    ],
    [
      [0.06976744186, 0.18604651163, 0.25581395349, 0.23255813953, 0.25581395349, 0],
      [0.015384615385, 0.23076923077, 0.26153846154, 0.23076923077, 0.26153846154, 0],
      [0.013888888889, 0.22222222222, 0.27777777778, 0.23611111111, 0.25, 0],
      [0.019801980198, 0.19801980198, 0.27722772277, 0.24752475248, 0.25742574257, 0],
      [0.020618556701, 0.19587628866, 0.26804123711, 0.25773195876, 0.25773195876, 0],
      [0.018867924528, 0.18867924528, 0.2641509434, 0.22641509434, 0.30188679245, 0]
    ],
    [
      [0.090909090909, 0.20454545455, 0.27272727273, 0.20454545455, 0.22727272727, 0],
      [0.024390243902, 0.25609756098, 0.26829268293, 0.21951219512, 0.23170731707, 0],
      [0.025641025641, 0.23076923077, 0.29487179487, 0.21794871795, 0.23076923077, 0],
      [0.03, 0.22, 0.29, 0.23, 0.23, 0],
      [0.034090909091, 0.21590909091, 0.27272727273, 0.25, 0.22727272727, 0],
      [0.023255813953, 0.20930232558, 0.27906976744, 0.20930232558, 0.27906976744, 0]
    ],
    [
      [0.085714285666, 0.1428571431, 0.22857142867, 0.25714285709, 0.28571428547, 0],
      [0.066666666667, 0.17777777782, 0.22222222241, 0.24444444429, 0.28888888881, 0],
      [0.038961038917, 0.16883116898, 0.24675324699, 0.25974025967, 0.28571428543, 0],
      [0.039370078753, 0.15748031487, 0.25196850386, 0.26771653567, 0.28346456685, 0],
      [0.036697247706, 0.15596330278, 0.23853210997, 0.28440366969, 0.28440366985, 0],
      [0.045454545506, 0.15151515131, 0.22727272717, 0.25757575737, 0.31818181864, 0]
    ],
    [
      [0.10169491525, 0.15254237288, 0.20338983051, 0.27118644068, 0.27118644068, 0],
      [0.058823529412, 0.19607843137, 0.19607843137, 0.27450980392, 0.27450980392, 0],
      [0.053571428571, 0.17857142857, 0.23214285714, 0.26785714286, 0.26785714286, 0],
      [0.067164179104, 0.15671641791, 0.22388059701, 0.28358208955, 0.26865671642, 0],
      [0.063636363636, 0.15454545455, 0.20909090909, 0.29090909091, 0.28181818182, 0],
      [0.064516129032, 0.16129032258, 0.20967741935, 0.27419354839, 0.29032258065, 0]
    ],
    [
      [0.088888888889, 0.17777777778, 0.24444444444, 0.31111111111, 0.17777777778, 0],
      [0.061224489796, 0.20408163265, 0.24489795918, 0.30612244898, 0.18367346939, 0],
      [0.046875, 0.21875, 0.234375, 0.3125, 0.1875, 0],
      [0.048780487805, 0.17886178862, 0.26016260163, 0.31707317073, 0.19512195122, 0],
      [0.044117647059, 0.17647058824, 0.23529411765, 0.33823529412, 0.20588235294, 0],
      [0.047619047619, 0.1746031746, 0.2380952381, 0.30158730159, 0.2380952381, 0]
    ],
    [
      [0.072727272727, 0.2, 0.18181818182, 0.27272727273, 0.27272727273, 0],
      [0.071428571429, 0.19642857143, 0.17857142857, 0.28571428571, 0.26785714286, 0],
      [0.04, 0.22, 0.2, 0.28, 0.26, 0],
      [0.042372881356, 0.19491525424, 0.18644067797, 0.30508474576, 0.27118644068, 0],
      [0.043956043956, 0.1978021978, 0.17582417582, 0.28571428571, 0.2967032967, 0],
      [0.033333333333, 0.2, 0.18333333333, 0.28333333333, 0.3, 0]
    ],
    [
      [0.055555555556, 0.18518518519, 0.18518518519, 0.2962962963, 0.27777777778, 0],
      [0.042253521127, 0.21126760563, 0.18309859155, 0.29577464789, 0.2676056338, 0],
      [0.014492753623, 0.21739130435, 0.20289855072, 0.28985507246, 0.27536231884, 0],
      [0.022058823529, 0.19852941176, 0.19117647059, 0.30882352941, 0.27941176471, 0],
      [0.024590163934, 0.19672131148, 0.18852459016, 0.31147540984, 0.27868852459, 0],
      [0.027777777778, 0.19444444444, 0.16666666667, 0.27777777778, 0.33333333333, 0]
    ],
    [
      [0.11627906977, 0.16279069767, 0.25581395349, 0.23255813953, 0.23255813953, 4.5872811271e-38],
      [0.064935064935, 0.18181818182, 0.27272727273, 0.23376623377, 0.24675324675, 3.7176427877e-46],
      [0.051282051282, 0.16666666667, 0.29487179487, 0.24358974359, 0.24358974359, 5.948049724e-42],
      [0.056451612903, 0.16129032258, 0.27419354839, 0.26612903226, 0.24193548387, 2.8439349128e-31],
      [0.060869565217, 0.1652173913, 0.26956521739, 0.24347826087, 0.26086956522, 2.4855768611e-25],
      [0.0625, 0.15625, 0.265625, 0.234375, 0.265625, 0.015625]
    ],
    [
      [0.057692307692, 0.23076923077, 0.25, 0.23076923077, 0.23076923077, 0],
      [0.042553191489, 0.25531914894, 0.25531914894, 0.22340425532, 0.22340425532, 0],
      [0.034090909091, 0.23863636364, 0.27272727273, 0.22727272727, 0.22727272727, 0],
      [0.036363636364, 0.22727272727, 0.27272727273, 0.23636363636, 0.22727272727, 0],
      [0.040404040404, 0.23232323232, 0.25252525253, 0.24242424242, 0.23232323232, 0],
      [0.039215686275, 0.21568627451, 0.25490196078, 0.21568627451, 0.27450980392, 0]
    ],
    [
      [0.16666645092, 0.16666677716, 0.08333371066, 0.24999985971, 0.33333320155, 0],
      [5.8553465931e-09, 0.20000013435, 0.19999990563, 0.24000010103, 0.35999985313, 0],
      [5.462571709e-08, 0.11764706787, 0.23529415417, 0.29411757138, 0.35294115195, 0],
      [0.018518547384, 0.14814809641, 0.14814823533, 0.31481479578, 0.37037032509, 0],
      [0.014492744476, 0.14492748725, 0.1594201748, 0.2753623715, 0.40579722198, 0],
      [2.1719254082e-08, 0.1481481976, 0.1481481645, 0.2592591792, 0.44444443698, 0]
    ],
    [
      [0.063157894737, 0.073684210526, 0.13684210526, 0.18947368421, 0.53684210526, 2.3284039014e-75],
      [0.043902439024, 0.082926829268, 0.14146341463, 0.19024390244, 0.54146341463, 1.0790164421e-75],
      [0.041899441341, 0.081005586592, 0.14525139665, 0.18994413408, 0.54189944134, 1.4225594741e-108],
      [0.04094488189, 0.077165354331, 0.14960629921, 0.1905511811, 0.54173228346, 2.3922420342e-55],
      [0.042117930205, 0.07761732852, 0.14500601685, 0.19193742479, 0.54271961492, 0.00060168471721],
      [0.040780141844, 0.076241134752, 0.14361702128, 0.18971631206, 0.54432624113, 0.0053191489362]
    ]
  ],
  "expected_outcome": [
    [
      [0.91856689327, 0.99866341846, 0.9999999963, 0.98407835575, 1.9996384481, 1.9975300155, 1.9999585484, 3.0005739759, 2.9999999997, 3, 1.9999962064, 2.9999999997, 2.9999999998, 3, 4, 3, 3.9999999996, 2, 3, 2.9999974637, 0.99977405916, 2.9999993327, 4.000000006, 4, 1.9999999964, 3.0000016954, 3.0000000083, 2, 1.9999839893, 2.999998737, 4, 3.0000000006, 2.9999999992, 3.9999997922, 2, 1.9999999409, 4, 5, 5.0000000001, 5, 4, 3, 3, 3, 4, 2.9999999983, 6, 4, 4, 3, 5, 3, 1.999997411, 6],
      [0.0080581387995, 1.0204476175e-05, 1.4031315893e-07, 0.0019663259262, 1.6483515447e-06, 4.2513516178e-05, 8.9556476468e-05, 0.00028632201705, 1, 2.3984251941e-13, 3.3528921267e-06, 1.0387132547e-10, 1, 2.0398988464e-15, 1, 1.0000008599, 1.4351848639e-13, 2, 3.4758274146e-18, 1.6615412643e-06, 0.00013827996394, 3.3056827623e-07, 2.000000017, 6.5343232267e-15, 1.0000000021, 0.9999997875, 1.0526644601e-08, 5.2465010806e-12, 1.4840829325e-05, 8.5685611144e-07, 2, 1.6742057201e-12, 9.568561976e-09, 2.0000001722, 2, 4.638336683e-08, 5.9196504941e-14, 1, 4.9999999999, 6, 8, 12, 4, 8, 9, 5.0000000084, 9, 8, 11, 10, 7, 12, 2.000001326, 7],
      [0.0048959443216, 0.00015149317247, 1.6873109663e-07, 0.014812132634, 1.9556074176e-06, 2.978935126e-05, 9.7813616079e-05, 0.00036099773971, 1, 2.9944149288e-11, 8.2514813367e-06, 1, 1, 1, 1, 1, 1.0000000005, 1.2298798018e-10, 1, 2.3412864657e-06, 7.1933100977e-06, 8.6258853497e-09, 1.0000000038, 1, 1.9296629794e-09, 1.0000007997, 1.2085330179e-08, 2.0450952134e-09, 5.869447638e-06, 5.4135482672e-07, 2, 1.0000000002, 1.0000000059, 1.0000000766, 3, 1.0000000574, 1, 2, 3.0000000005, 12, 10, 16, 6, 11, 12, 8.0000000034, 12, 11, 10, 10, 11, 13, 1.0000045279, 13],
      [0.0057745803886, 0.0026016478469, 0.99999983398, 0.014234374891, 3.6089198076e-05, 0.00052310728197, 1.0003880793, 1.9996565223, 4.0000000002, 3, 3.3148920445e-07, 4.0000000001, 5.0000000014, 5, 4, 4.000000215, 4.9999999999, 2, 3, 1.0000012707, 0.00026314032891, 1.0000003266, 5.9999999869, 2, 0.99999999886, 1.9999986641, 1.9999999785, 2.999999999, 0.99999299946, 2.0000000672, 8, 3.9999999995, 2.9999999961, 4.9999998825, 4, 2.9999999621, 3, 5, 10.9999999999, 13, 10, 19, 6, 10, 9, 8.9999999983, 16, 14, 15, 16, 10, 12, 2.9999983165, 18],
      [1.0627044432, 0.99857323604, 1.9999998607, 0.98490881079, 1.0003218587, 0.0018745743729, 2.9994660022, 4.999122182, 6.0000000001, 7, 1.9999918577, 9.0000000001, 6.9999999988, 9, 10, 5.9999989251, 6.9999999999, 6.9999999999, 7, 2.9999972627, 0.99981732724, 2.0000000016, 9.9999999863, 6, 2.0000000007, 2.9999990533, 3.9999999906, 4.999999999, 3.0000023009, 4.9999997976, 11, 5.9999999997, 5.9999999892, 7.0000000765, 6, 3.9999999932, 7, 9, 12.9999999996, 15, 12, 17, 9, 11, 10, 9.9999999916, 16, 8, 15, 15, 10, 12, 3.9999984186, 51],
      [0, 0, 0, 0, 8.9556657202e-22, 7.0931480239e-23, 0, 1.1959451633e-19, 0, 1.0267486286e-29, 0, 0, 1.8428839315e-29, 1.0032024786e-29, 0, 1.0874748015e-27, 0, 1.4143698445e-30, 1.5685560474e-30, 0, 0, 0, 0, 1.2884723106e-34, 5.4862189478e-26, 0, 0, 1.6148429528e-25, 2.5164865942e-21, 0, 0, 5.8061050672e-25, 0, 0, 7.0641064905e-29, 0, 7.0681163593e-28, 2.4048860028e-30, 0, 0, 1.2216704533e-34, 0, 0, 0, 0, 0, 0, 0, 0, 0, 1.9725308846e-36, 0, 0, 2.2119837063e-73]
    ],
    [
      [0.91632837396, 2.9996196749, 1.999999841, 0.98539211032, 2.1213618143e-05, 0.99916761794, 0.9999183425, 9.3856106272e-05, 1.0000000001, 2, 0.99998995635, 1.9999999999, 2.0000000005, 3.0617579668e-15, 2, 0.99999978503, 1.9999999998, 0.99999999998, 3, 1.0000046747, 1.9996956681, 2.9999996669, 2.0000000036, 3, 1.0000000009, 1.0000002078, 1.9999999894, 0.99999999898, 1.0000118921, 0.99999963285, 3, 0.99999999985, 2.0000000015, 0.99999993719, 2, 2.0000000037, 1, 3, 1, 2, 5, 4, 2, 1, 2, 3, 3, 3, 4, 3, 5, 4, 1.4638366483e-07, 9],
      [0.0013384277116, 0.00010508920093, 0.99999999834, 0.98442199001, 1.9997986053, 0.9989506031, 0.9997026775, 1.9995544622, 3.0000000001, 3, 0.99999229052, 1.0000000002, 2.9999999995, 3, 3, 3.999999785, 2.0000000002, 2, 2, 1.9999964479, 0.00016536941958, 2.9999993352, 3.9999999926, 4, 1.999999998, 3.9999966515, 2.9999999684, 1.999999998, 1.0000046762, 1.9999995153, 3, 1.9999999997, 5.975506273e-09, 6.9999999999, 5, 1.000000063, 2, 4, 7.0000000005, 9, 17, 22, 9, 15, 21, 8.0000000017, 10, 10, 11, 15, 14, 24, 5.0000033588, 17],
      [0.011584036823, 0.00011323451457, 2.8432506247e-07, 0.0027433370544, 3.3598474074e-05, 0.0019381298261, 2.0399709008e-05, 1.3573434744e-05, 2.9999999999, 1.0000000001, 6.731968651e-06, 1.0000000005, 1.0000000005, 1, 1, 1.0000010749, 1.0000000002, 1.0000000001, 2, 2.4022664256e-06, 0.0001628045529, 5.565974578e-09, 0.99999999972, 2, 1.000000002, 1.0000016134, 1.0000000099, 5.4921171113e-12, 5.7741610858e-06, 1.0374551457e-06, 2, 1.0000000005, 1.0000000127, 2.0000000137, 6, 1.0000000641, 1, 3, 2.0000000001, 12, 20, 27, 11, 17, 22, 10.0000000084, 10, 12, 10, 13, 21, 24, 4.9999976409, 29],
      [0.072245734204, 1.9974462799, 2.9999999208, 1.0417029525, 1.0000058773, 0.00083068392158, 0.00036380723757, 7.640904461e-05, 6.9999999997, 5, 1.9999895156, 3.9999999997, 7.0000000002, 4, 4, 4.999999785, 3.9999999999, 3, 4, 0.99999992391, 1.0004941931, 3.0000016485, 6.0000000077, 6, 2.9999999977, 4.0000043547, 5.0000000028, 2.0000000051, 0.99999835298, 1.0000006201, 9, 3.9999999997, 2.9999999966, 8.0000003115, 8, 5.0000000366, 3, 8, 8.9999999994, 14, 19, 32, 11, 15, 18, 10.9999999933, 14, 15, 16, 21, 18, 21, 6.0000025258, 39],
      [0.9985034273, 5.0027157215, 4.9999999556, 1.9857396101, 2.0001407053, 0.99911296521, 0.99999477305, 1.0002616992, 11.0000000002, 12.9999999999, 6.0000215056, 8.9999999997, 9.9999999993, 9, 10, 8.9999995701, 7, 7.9999999999, 11, 2.9999965512, 2.9994819649, 5.9999993438, 9.9999999964, 16, 6.0000000014, 5.9999971726, 9.0000000295, 3.999999998, 2.9999793045, 2.9999991943, 12, 6.0000000003, 5.9999999832, 10.9999997377, 13, 5.9999998326, 6, 12, 10, 15, 24, 28, 15, 17, 19, 12.9999999966, 14, 9, 15, 19, 19, 21, 8.9999963282, 111],
