{
  "Z_true": {},
  "V_true": [
    [41, 29, 509, 348],
    [430, 206, 14986, 538],
    [266, 3859, 802, 362],
    [1026, 96, 736, 154],
    [84, 232, 643, 648]
  ],
  "p_true": [
    [0.0442, 0.0313, 0.5491, 0.3754],
    [0.0266, 0.0127, 0.9274, 0.0333],
    [0.0503, 0.7296, 0.1516, 0.0684],
    [0.5099, 0.0477, 0.3658, 0.0765],
    [0.0523, 0.1444, 0.4001, 0.4032]
  ],
  "Z_est": [
    [
      [0, 0, 0, 0.0007, 0.0014, 0, 0, 0, 0.0007, 0, 0, 0.0159, 0.0268, 0.0029, 0.0152, 0.0159, 0.0145, 0.0022, 0.0029, 0.0036, 0.0116, 0.0065, 0.0043, 0.0072, 0.0036, 0.0058, 0.0043, 0.0058, 0.0406, 0.0123, 0.0022, 0.0145, 0.0239, 0.0217, 0.0145, 0.0239, 0.0283, 0.0217, 0.0094, 0.0116, 0.0101, 0.0087, 0, 0.1565, 0.0413, 0.0637, 0.1578],
      [0, 0, 0, 0, 0, 0, 0, 0, 0, 0, 0, 0, 0, 0, 0, 0, 0, 0, 0, 0, 0, 0, 0, 0, 0, 0, 0, 0, 0, 0, 0, 0, 0, 0, 0, 0, 0, 0, 0, 0, 0, 0, 0, 0, 0, 0, 0],
      [0, 0, 0, 0.3489, 0.6979, 0, 0.3489, 0, 0.3489, 0, 0, 7.6766, 12.9107, 3.4859, 7.3277, 7.6766, 6.9788, 1.0468, 1.3958, 1.7447, 5.583, 3.1404, 2.0936, 3.4894, 1.7447, 2.7915, 2.0936, 2.7915, 19.5405, 5.932, 1.4722, 6.9788, 11.515, 10.4681, 6.9788, 11.515, 13.6086, 10.4681, 4.5362, 6.0464, 4.8851, 4.1873, 0, 75.3707, 19.8895, 30.7066, 12.0459],
      [0, 0, 0, 0.6503, 1.3007, 0, 0.6511, 0, 0.6503, 0, 0, 14.3074, 24.0625, 0.5112, 13.6571, 14.3074, 13.0067, 1.951, 2.6013, 3.2517, 10.4054, 5.853, 3.902, 6.5034, 3.2517, 5.2027, 3.902, 5.2027, 36.4189, 11.0557, 1.5256, 13.0067, 21.4611, 19.5101, 13.0067, 21.4611, 25.3632, 19.5101, 8.4544, 9.942, 9.1047, 7.804, 0, 140.4728, 37.0692, 57.2297, 6.7963]
    ],
    [
      [0.6362, 0, 1.5125, 2.8355, 1.1, 0.9686, 0, 0, 0.2802, 0, 0, 3.3519, 27.1356, 0.2514, 17.6922, 12.9071, 20.5957, 1.3531, 4.679, 7.6607, 20.765, 9.6803, 21.814, 9.3724, 7.8526, 15.6247, 5.4454, 5.933, 10.014, 0, 1.0716, 5.9087, 0.6221, 0, 0, 5.4479, 2.3329, 15.7624, 6.7227, 1.5122, 7.7762, 0, 0.3928, 164.1228, 7.7727, 36.049, 3.0945],
      [0, 0.3964, 1.4715, 0, 0, 1.4768, 0.1272, 0.6635, 0.3085, 0, 0, 6.9873, 2.54, 0.3023, 3.5974, 9.1042, 2.3221, 0.1165, 0, 0, 0, 0, 0, 0, 0, 0, 0, 0.8184, 0.6167, 23.997, 0, 3.205, 0, 11.6412, 15.5219, 11.3444, 14.2456, 7.386, 0, 2.8388, 13.3812, 1.8651, 0, 125.517, 25.5749, 6.7852, 0],
      [17.7688, 3.6072, 51.016, 21.6954, 16.2687, 18.5546, 9.3344, 18.2571, 12.4113, 8.5273, 14.6253, 295.6608, 549.5389, 34.4463, 198.7104, 342.3828, 298.7158, 10.2436, 304.4063, 190.49, 517.9708, 299.2526, 459.1443, 229.6276, 395.1474, 201.2581, 225.5546, 155.345, 505.8357, 234.8168, 48.9284, 185.1693, 275.7255, 394.9909, 270.4781, 260.2077, 408.9552, 485.8516, 214.3238, 108.649, 126.4486, 96.4904, 3.6072, 4532.631, 835.5933, 1252.6113, 52.9055],
      [1.5951, 0.9964, 0, 2.4691, 0.6313, 0, 1.5384, 2.0794, 0, 0.4727, 1.3747, 0, 7.7856, 0, 0, 2.6059, 15.3665, 0.2867, 5.9147, 4.8493, 3.2642, 2.0671, 5.0416, 0, 0, 2.1171, 0, 5.9037, 19.5336, 9.1863, 0, 1.717, 1.6524, 9.3679, 0, 0, 3.4663, 0, 1.9535, 0, 8.394, 1.6446, 0, 29.7292, 14.0591, 36.5546, 0]
    ],
    [
      [1.276, 0, 0.0677, 1.7631, 0.3057, 0.1762, 0, 0, 0.0677, 0, 0, 2.5714, 3.406, 0.3158, 3.5673, 2.0978, 2.0978, 0.0226, 0.3835, 4.593, 6.5035, 2.3683, 6.4857, 2.5436, 0.1579, 5.334, 0.2707, 0.9699, 7.0602, 0, 0.4962, 1.0838, 5.4361, 1.2404, 0, 5.0075, 3.8346, 7.0464, 5.8448, 2.0301, 2.797, 0, 0, 34.9625, 3.9248, 8.2782, 0.4286],
      [5.609, 0, 2.2273, 2.8269, 1.9893, 2.9698, 0.7424, 2.9698, 2.2918, 0, 5.5448, 87.0875, 112.1087, 10.3942, 60.1378, 69.0471, 69.0471, 0.7424, 10, 11.472, 18.7414, 9.8717, 9.6111, 11.6131, 4, 4.611, 7, 31.925, 232.3843, 125.4597, 15.6965, 147.2838, 176.805, 194.5992, 165.9477, 169.5915, 126.2151, 118.7907, 79.6278, 66.8198, 92.0628, 58.1399, 0, 1150.785, 129.1849, 272.4762, 13.9593],
      [1.9217, 0, 0.6406, 1.2811, 0.6406, 0.8541, 0.2135, 0.8541, 0.6406, 0.2135, 1.7081, 24.341, 32.2412, 3.29, 17.2949, 19.8572, 19.8572, 0.2135, 6.2513, 4.4839, 7.0461, 3.4163, 18.1513, 3.8433, 2.6917, 2.7757, 4.4715, 9.1813, 66.8311, 35.0169, 5.8072, 36.3682, 53.5813, 54.6606, 45.0523, 47.401, 36.298, 34.1629, 31.0173, 21.1501, 26.4762, 16.2274, 0, 330.9526, 37.1521, 78.361, 4.6122],
      [0.1934, 0, 0.0645, 0.1289, 0.0645, 0, 0.044, 0.1762, 0, 0.7865, 0.7471, 0, 3.2441, 0, 0, 1.998, 1.998, 0.0215, 0.3652, 0.4512, 0.709, 0.3437, 0.7519, 0, 0.1504, 0.2793, 0.2578, 0.9238, 6.7244, 3.5233, 0, 17.2642, 5.1776, 5.4998, 0, 0, 3.6522, 0, 7.5101, 0, 2.664, 1.6328, 0, 33.2999, 3.7382, 7.8845, 0]
    ],
    [
      [0, 0, 1.1857, 2.3714, 0.5929, 1.7786, 0, 0.9707, 0.5929, 0, 0.9122, 16.0071, 41.5, 2.3714, 13.0428, 20.75, 23.1214, 0.5929, 18.3786, 12.45, 31.9882, 7.1143, 22.935, 9.4857, 10.0786, 4.7429, 13.6357, 11.8571, 58.0999, 16.9877, 2.3714, 26.0857, 27.8643, 54.5428, 23.9612, 37.35, 39.7214, 33.9987, 20.75, 16.0071, 23.7143, 10.6401, 0.6072, 400.1781, 42.6857, 72.9214, 7.1143],
      [0, 0.6036, 0.0214, 0.0428, 0.0107, 0.0321, 0, 0.2364, 0.0107, 0, 0.0642, 0.2888, 0.7487, 0.0428, 0.2353, 0.3743, 0.4171, 0.0107, 0, 0.2246, 0, 0.1283, 0, 0.1711, 0, 0.0856, 0, 0.2139, 1.0481, 1.7224, 0.0428, 0.4706, 0.5027, 0.984, 3.9684, 0.9014, 0.7166, 0.6096, 0.3743, 0.3863, 0.4278, 1.4309, 0, 7.2192, 0.77, 1.3155, 0.1283],
      [0, 0.3928, 0.7857, 1.5713, 0.3928, 1.1785, 0, 0.7857, 0.3928, 0.9964, 2.357, 10.6066, 27.4985, 1.5713, 8.6424, 13.7493, 15.3206, 0.3928, 12.5095, 8.2496, 20.8203, 4.714, 14.9278, 6.2854, 6.86, 3.1427, 9.3643, 7.8567, 38.4979, 12.1779, 1.5858, 17.2848, 18.4633, 36.1409, 18.0704, 24.7487, 26.32, 22.3916, 13.7493, 10.6066, 15.7134, 7.8567, 0.3928, 265.1642, 28.2842, 48.3188, 4.714],
      [0, 0.0036, 0.0072, 0.0145, 0.0036, 0.0108, 0, 0.0072, 0.0036, 0.0036, 2.6666, 0.0975, 0.2529, 0.0145, 0.0795, 0.1264, 0.1409, 0.0036, 0.112, 0.0759, 0.1915, 0.0434, 0.1373, 0.0578, 0.0614, 0.0289, 0, 0.0723, 0.354, 0.112, 0, 0.159, 0.1698, 0.3324, 0, 0, 0.242, 0, 0.1264, 0, 0.1445, 0.0723, 0, 2.4385, 0.2601, 0.4443, 0.0434]
    ],
    [
      [0.0878, 0, 0.2341, 0.0293, 0, 2.0767, 0, 0.0293, 0.0585, 0, 0.0878, 1.0536, 1.9316, 0.0585, 7.6825, 1.2292, 1.1707, 0.0293, 0.5561, 0.2927, 0.7317, 3.8306, 0.761, 0.5911, 0.9073, 0.2927, 0.6439, 0.2341, 1.7853, 0, 0.0585, 0.9073, 1.0536, 2.1951, 1.0244, 1.1707, 1.0829, 1.1707, 0.6731, 0.439, 0.7024, 0.3512, 0, 13.5801, 2.5755, 3.6877, 0.2049],
      [0.391, 0, 1.2798, 0.1303, 0, 0.5214, 0.1303, 0.1303, 0.389, 0, 0.391, 8.6364, 8.6026, 0.2607, 8.0295, 5.4744, 5.2137, 0.1303, 0, 1.3034, 3.2586, 0, 3.3889, 2.2158, 0, 1.3034, 0, 1.0427, 7.9509, 7.8209, 0.2607, 4.0406, 4.6923, 9.7757, 4.562, 10.1627, 4.8227, 5.2137, 2.9979, 1.9551, 3.1282, 1.5641, 0, 60.4788, 11.4701, 16.4231, 0.9124],
      [0.3096, 0, 4.5577, 0.1032, 0, 0.4128, 0.1032, 0.1032, 0.2064, 0.2628, 0.3096, 3.7149, 6.8107, 0.2064, 4.0245, 4.3341, 4.1277, 0.1032, 4.4372, 1.0319, 2.5798, 2.4766, 2.683, 1.7543, 16.5562, 1.0319, 12.5159, 0.8255, 6.2948, 5.0565, 0.2064, 3.199, 3.7149, 7.7395, 5.4204, 4.1277, 3.8181, 15.1257, 2.3734, 1.5479, 2.4766, 1.2383, 0, 47.8815, 9.081, 13.0023, 0.7224],
      [2.2116, 0, 1.9283, 0.7372, 0, 0.9892, 0.7665, 0.7372, 1.3461, 0.7372, 2.2116, 22.595, 48.655, 1.4744, 19.2634, 30.9623, 29.4879, 0.7372, 14.0068, 7.372, 18.4299, 17.6927, 19.1671, 12.4388, 13.5365, 7.372, 8.8402, 5.8976, 44.969, 36.1227, 1.4744, 22.8531, 26.5391, 55.2898, 23.9933, 24.5389, 27.2763, 18.4899, 16.9555, 11.058, 17.6927, 8.8464, 0, 342.0596, 64.8734, 92.8869, 5.1604]
    ]
  ],
  "V_est": [
    [0.8149, 0, 331.8609, 594.3243],
    [468.0493, 294.152, 15194.1807, 203.618],
    [136.8164, 3890.4104, 1149.5034, 112.2698],
    [1184.057, 26.9819, 791.8461, 9.115],
    [57.2625, 210.4557, 208.6089, 1130.673]
  ],
  "p_est": [
    [0.0009, 0, 0.358, 0.6411],
    [0.029, 0.0182, 0.9402, 0.0126],
    [0.0259, 0.7356, 0.2173, 0.0212],
    [0.5885, 0.0134, 0.3936, 0.0045],
    [0.0356, 0.131, 0.1298, 0.7036]
  ],
  "EI_Z": {},
  "EI_V": 6.3712,
  "MAE_Z": {},
  "MAE_V": 165.6196,
  "MAE_p": 0.0765,
  "runtime": 0.7319
}
