{
  "Z_true": {},
  "V_true": [
    [311, 18, 45, 41, 724, 20],
    [524, 396, 350, 166, 9548, 201],
    [131, 287, 890, 10427, 826, 370],
    [42, 1243, 149, 704, 596, 107],
    [123, 111, 685, 420, 726, 610]
  ],
  "p_true": [
    [0.2683, 0.0155, 0.0388, 0.0354, 0.6247, 0.0173],
    [0.0468, 0.0354, 0.0313, 0.0148, 0.8536, 0.018],
    [0.0101, 0.0222, 0.0688, 0.8064, 0.0639, 0.0286],
    [0.0148, 0.4375, 0.0524, 0.2478, 0.2098, 0.0377],
    [0.046, 0.0415, 0.2561, 0.157, 0.2714, 0.228]
  ],
  "Z_est": [
    [
      [0.2169, 0.9963, 4, 0.9045, 2, 1.2841, 3, 2, 3, 0.9986, 3.9999, 1.9738, 2, 2, 3, 2.9986, 0.3046, 2.9997, 2.0001, 1.8008, 5, 2.9976, 2, 2, 2, 0, 4, 2, 4, 3, 2.0002, 3, 3, 1, 3, 3, 2, 1.9997, 3, 3, 5, 3, 3, 3, 3, 3, 3, 2, 2, 4, 0, 0.2121, 0, 2, 0, 1.0047, 2, 4, 2, 6, 3],
      [0.0167, 9.4105e-07, 2, 0.5074, 1, 0.1501, 2, 1, 4.7919e-07, 0.0012, 0.9999, 0.1935, 2, 1, 2, 0.0005, 0.1172, 0.0006, 0.9999, 0.0021, 8, 1.0024, 1, 1, 4.3169e-06, 0, 4.6128e-09, 1, 2, 3, 1, 1, 6.3234e-09, 1, 1.0643e-08, 2, 2, 0, 4, 2, 2, 1, 2, 1, 1, 1, 2, 1, 2, 2, 0, 0.0508, 0, 5.7988e-07, 0, 0.9812, 1, 5, 1, 4, 1],
      [0.0092, 1.4907e-06, 2, 0.0216, 2.8444e-07, 0.072, 1, 2.0593e-10, 2, 0.0003, 0.0001, 0.016, 4, 3, 1, 0.0003, 0.0228, 5.692e-06, 1.0027e-06, 0.015, 7, 0.9976, 2, 1, 4.107e-07, 0, 1, 1, 2, 2, 0.0001, 1.4298e-08, 1.2472e-09, 1, 1.668e-07, 1, 3, 0.0007, 2, 1, 2, 2.7164e-07, 2, 1, 1, 1, 1, 8.9353e-09, 3, 1, 0, 0.0682, 0, 2.0985e-06, 0, 0.0055, 1.5358e-11, 6, 7.6369e-12, 4, 1.5297e-08],
      [2.4444, 0, 14, 1.2334, 6, 0.0811, 5, 1, 11, 2.9981, 3.0004, 3.7995, 22, 12, 8, 4.0007, 0.2722, 1.0001, 3.9999, 0.0245, 38, 7.0072, 7, 4, 2, 0, 8, 4, 10, 18, 1.9999, 2, 1, 7, 1, 9, 16, 0.9996, 11, 8, 7, 6, 12, 12, 6, 3, 5, 8, 14, 7, 0, 0.3209, 0, 4, 0, 3.0155, 3, 32, 5, 25, 8],
      [0.2834, 0.0022, 7, 0.3192, 3, 0.3495, 16, 6, 10, 1.0018, 4.9997, 2.017, 16, 6, 9, 1.9997, 0.2671, 1.9994, 2, 0.1561, 33, 5.9952, 9, 6, 1, 0, 6, 8, 15, 18, 5.9997, 4, 3, 7, 4, 17, 12, 4, 14, 10, 14, 4, 10, 8, 9, 6, 8, 6, 13, 12, 0, 0.3326, 0, 1, 0, 0.993, 4, 29, 4, 31, 8],
      [0.0294, 0.0015, 1.0374e-12, 0.014, 2.7005e-07, 0.0634, 1, 2.0593e-10, 1.1045e-06, 0, 4.2362e-06, 0.0001, 1, 4.6745e-16, 1, 0.0001, 0.0161, 0.0002, 0, 0.0015, 3, 5.8459e-08, 1, 6.2904e-28, 4.3662e-06, 0, 2.4727e-09, 1, 1, 1, 0.0001, 5.9183e-09, 3.9114e-09, 1, 1.6677e-07, 1, 1, 0, 1, 1, 1, 2.8279e-08, 1, 3.3337e-18, 1.264e-14, 4.1828e-12, 9.5794e-29, 5.0583e-09, 1, 1, 0, 0.0155, 0, 3.1909e-07, 0, 0.0001, 1.8919e-12, 3, 1.6078e-11, 2, 2.0902e-07]
    ],
    [
      [2.3042, 0.0017, 7, 0.3397, 1, 2.6332, 24, 12, 3, 1.0024, 5.9999, 0.8233, 10, 3, 5, 2.0002, 0.8825, 1, 1, 2.0531, 20, 4.0024, 5, 8, 2, 0, 2, 13, 13, 12, 6.9999, 8, 6, 8, 7, 10, 7, 3.9996, 15, 9, 15, 2, 8, 7, 13, 15, 18, 2, 9, 10, 0, 0.3334, 0, 1, 0, 0.0086, 2, 17, 5, 35, 4],
      [0.2085, 1.9929, 7, 0.5126, 3, 3.8752, 70, 33, 3, 1.9998, 4.9996, 1.7952, 22, 6, 9, 4, 2.0093, 13.9993, 3, 3.78, 49, 6.0024, 15, 33, 6, 4.032, 8, 19, 15, 27, 5.9998, 14, 12, 17, 17, 42, 18, 4.9992, 25, 14, 29, 6, 17, 18, 22, 19, 24, 5, 30, 22, 0, 2.2614, 0.8237, 3, 1.5429, 1.0148, 26, 45, 6, 37, 4],
      [1.3456, 0.9963, 12, 1.259, 1, 2.0085, 25, 9, 6, 1.0038, 5, 2.3788, 46, 18, 9, 0.9995, 0.3858, 3.9986, 6.9999, 2.1423, 56, 3.9928, 23, 36, 3, 2.0522, 9, 16, 20, 23, 3, 7, 8, 18, 9, 23, 31, 5.9991, 24, 10, 28, 6, 14, 15, 16, 18, 27, 4, 37, 15, 0, 1.2622, 0, 2, 0, 2.9666, 3, 54, 5, 40, 3],
      [16.0352, 15.0051, 58, 8.108, 20, 2.184, 136, 66, 29, 20.9947, 15.9998, 12.5978, 228, 66, 37, 16.0001, 2.3554, 16.9983, 27.9999, 10.044, 272, 29.9952, 70, 98, 52, 10.9392, 56, 59, 89, 163, 15.0002, 46, 21, 118, 29, 127, 156, 16.0009, 99, 61, 88, 41, 78, 112, 75, 57, 109, 40, 178, 61, 1.4241, 5.2122, 8.6673, 27, 0, 9.9824, 56, 282, 46, 227, 37],
      [6.4487, 1.0022, 28, 2.7704, 9, 6.1373, 406, 203, 26, 6.9992, 24.0008, 7.4014, 172, 37, 38, 8.9988, 4.0431, 35.004, 16, 18.9427, 235, 27.0072, 85, 152, 24, 20.9974, 38, 123, 132, 163, 41, 78, 40, 115, 79, 233, 115, 45.0013, 129, 77, 165, 29, 68, 75, 116, 90, 167, 29, 165, 103, 2.5759, 9.5517, 4.3191, 10, 4.4571, 2.0008, 76, 252, 42, 280, 35],
      [0.6579, 0.0016, 3, 1.0104, 1, 2.1619, 29, 10, 1, 0, 4, 0.0035, 11, 3, 5, 1.0013, 0.3239, 5.9997, 1.0001, 3.038, 25, 2, 9, 16, 2, 1.9791, 6, 16, 15, 12, 3.0001, 6, 8, 19, 10, 16, 11, 2.9999, 14, 10, 20, 2, 8, 5, 8, 9, 13, 4, 19, 16, 0, 0.3791, 0.1898, 1, 0, 0.0269, 12, 27, 8, 26, 3]
    ],
    [
      [3.4188, 2.999, 19, 0.6495, 4, 0.3714, 9, 4, 6, 1.9972, 5.0004, 3.1861, 17, 8, 7, 4.9997, 0.512, 0.0001, 3.9999, 0.9737, 27, 4.9976, 5, 6, 5, 0, 4, 6, 11, 14, 2.9999, 6, 3, 9, 3, 6, 13, 2.0002, 12, 10, 9, 5, 11, 11, 9, 11, 13, 4, 14, 6, 0, 0.3032, 0, 4, 0, 1.9851, 1, 24, 6, 38, 6],
      [1.7459, 5.0049, 15, 1.8203, 8, 1.0115, 24, 11, 2, 1.9962, 3.0001, 1.0059, 38, 11, 9, 4.9959, 1.1066, 5.9997, 4, 1.0324, 66, 6.9952, 12, 21, 9, 1.215, 9, 8, 11, 28, 1.0002, 8, 5, 21, 7, 24, 30, 2.0005, 20, 13, 17, 10, 21, 28, 14, 12, 17, 7, 40, 13, 0, 1.0583, 2.8144, 5, 0, 2.9919, 20, 65, 5, 37, 4],
      [2.6009, 0.9994, 25, 3.5594, 6, 1.4016, 12, 4, 15, 7.9921, 4, 5.4017, 84, 46, 11, 4.9995, 0.4057, 2.0002, 15.9999, 3.7564, 78, 8.0024, 23, 24, 8, 2.326, 18, 10, 14, 26, 2.9997, 5, 3, 24, 5, 17, 53, 2.9995, 19, 8, 17, 10, 22, 27, 12, 12, 21, 9, 58, 9, 0, 0.9798, 0, 6, 0, 8.0058, 5, 80, 5, 42, 2],
      [73.1409, 178.0091, 148, 36.875, 78, 1.3264, 51, 22, 67, 91.0102, 15, 34.4272, 416, 180, 47, 43.9999, 2.169, 12.0023, 76, 7.1018, 380, 45, 68, 69, 124, 7.6257, 95, 29, 75, 186, 6.0002, 35, 14, 150, 16, 78, 286, 10.0003, 83, 64, 57, 96, 107, 186, 55, 43, 84, 77, 266, 41, 0.8789, 4.389, 39.6669, 87, 0, 50.0257, 47, 413, 57, 245, 56],
      [17.3206, 19.9887, 73, 13.6852, 36, 2.0142, 150, 68, 59, 30.0043, 19.9995, 18.7869, 312, 102, 48, 22.0045, 2.5468, 19.9973, 41.0003, 12.1392, 327, 41.0024, 81, 104, 58, 11.8077, 65, 61, 106, 184, 17.0001, 55, 21, 145, 38, 143, 209, 23.9993, 107, 80, 104, 67, 94, 124, 82, 65, 127, 57, 245, 66, 1.1211, 5.9536, 13.8388, 31, 0, 13.0034, 63, 367, 50, 299, 51],
      [2.773, 5.9989, 8, 4.4107, 4, 0.8748, 10, 3, 4, 0, 3, 0.1922, 20, 10, 6, 2.0006, 0.26, 3.0004, 2.9999, 1.9965, 35, 3.0024, 9, 11, 6, 1.0256, 10, 8, 12, 14, 0.9999, 4, 4, 24, 5, 10, 20, 1.0001, 11, 10, 13, 6, 11, 8, 5, 6, 9, 7, 28, 10, 0, 0.3161, 0.6798, 4, 0, 0.9881, 10, 39, 10, 28, 4]
    ],
    [
      [0, 0, 1, 0.0118, 2.1373e-07, 0.38, 5, 2, 3.4426e-07, 0.0001, 0.9999, 0.0069, 2, 1.3083e-12, 1, 0.0001, 0.156, 0.0002, 1.2973e-06, 0.0539, 6, 0.0024, 1, 2, 2.4588e-08, 0, 8.6632e-12, 2, 2, 3, 1.0001, 1, 1, 1, 2, 2, 2, 0.0001, 4, 2, 3, 2.7125e-07, 2, 2, 4, 3, 3, 9.7756e-08, 2, 3, 0, 0.0637, 0, 2.3568e-06, 0, 0.0011, 4.928e-11, 4, 1, 6, 2.2156e-07],
      [0, 0.0021, 1, 0.0336, 4.5949e-07, 0.8812, 14, 6, 5.9362e-08, 0.0001, 3.9847e-06, 0.0028, 4, 1, 1, 0.0031, 0.3306, 4.0027, 0, 0.063, 16, 1.0024, 3, 7, 8.2227e-07, 0.4514, 1, 3, 3, 6, 0.0001, 2, 2, 3, 4, 7, 5, 0, 6, 3, 6, 1, 5, 6, 6, 4, 4, 1, 6, 6, 0, 0.4082, 0.2217, 1.5296e-06, 0, 0.0062, 9, 13, 1, 6, 7.0936e-08],
      [0, 0.0001, 2, 0.0178, 1.461e-07, 0.2587, 5, 3, 8.4316e-07, 0.0017, 9.4418e-06, 0.1951, 9, 4, 1, 0.0002, 0.0662, 1.0013, 2.0001, 0.1101, 18, 6.7052e-06, 5, 9, 4.2846e-06, 0.4156, 2, 3, 3, 5, 0.0002, 1, 1, 3, 2, 4, 9, 0, 6, 2, 6, 1, 5, 5, 4, 4, 5, 1, 9, 4, 0, 0.4699, 0, 6.7941e-06, 0, 0.0008, 1, 16, 1, 6, 1.4729e-07],
      [0, 6.9964, 11, 0.9679, 9, 1.3886, 31, 16, 4, 3.995, 3.0001, 2.9981, 50, 16, 9, 3.9975, 0.5268, 6.9993, 12, 3.9664, 91, 8.9952, 20, 25, 10, 4.2789, 18, 13, 19, 45, 3.9997, 9, 5, 23, 7, 28, 49, 1.9995, 26, 15, 23, 15, 27, 43, 22, 14, 21, 14, 45, 19, 0.3631, 1.4072, 3.753, 9, 0, 4.972, 25, 85, 16, 41, 8],
      [0, 1.9977, 7, 0.8614, 5, 2.7235, 93, 43, 3, 1.003, 5.9996, 3.7877, 38, 11, 8, 2.9991, 0.8152, 16.9965, 7.9998, 6.8985, 81, 7, 23, 41, 6, 8.3979, 13, 25, 30, 45, 10, 19, 11, 25, 23, 48, 39, 3.0004, 36, 21, 44, 13, 22, 31, 35, 23, 34, 10, 42, 33, 0.6369, 2.5614, 1.9759, 3, 0, 1.0162, 32, 75, 17, 51, 8],
      [0, 0.0036, 1, 0.1075, 2.5598e-07, 0.3681, 6, 2, 3.4707e-07, 0, 0.0004, 0.0094, 2, 6.5298e-13, 1, 0, 0.1051, 2.9999, 1.6753e-07, 0.908, 8, 3.4813e-06, 2, 4, 5.0992e-07, 0.4562, 1, 3, 3, 3, 1, 1, 2, 3, 2, 3, 3, 4.0048e-06, 3, 3, 5, 9.7571e-09, 2, 2, 3, 3, 2, 1, 4, 5, 0, 0.0895, 0.0494, 9.572e-06, 0, 0.0038, 5, 8, 2, 4, 1.9443e-07]
    ],
    [
      [0.0601, 0.003, 1, 0.0944, 3.2914e-07, 0.3313, 4, 2, 1.3522e-06, 0.0016, 1, 0.01, 2, 1, 1, 0.0015, 0.1449, 3.3997e-06, 9.49e-06, 0.1185, 5, 3.3569e-06, 1, 2, 4.0651e-07, 0, 4.2329e-11, 2, 3, 2, 1.9999, 1, 2, 1, 2, 1, 1, 0.0004, 3, 3, 3, 2.6218e-07, 1, 1, 3, 3, 3, 8.5799e-09, 2, 2, 0, 0.0876, 0, 3.6728e-06, 0, 0.0006, 6.5007e-13, 4, 1, 7, 2.3842e-07],
      [0.029, 0.0001, 1, 0.1262, 1.9497e-07, 1.0821, 12, 5, 4.419e-07, 0.0026, 0.0004, 0.0025, 4, 1, 1, 0.0005, 0.4362, 3.9976, 0, 0.1226, 12, 0.9976, 3, 7, 1, 0.3015, 1, 3, 4, 4, 1, 2, 4, 3, 5, 6, 4, 0.0003, 6, 4, 6, 1, 3, 3, 4, 4, 4, 5.8336e-08, 6, 5, 0, 0.2212, 0.1401, 2.6164e-06, 0.4571, 0.006, 4, 12, 1, 7, 1.4649e-07],
      [0.0443, 0.0042, 2, 0.1422, 2.4504e-07, 0.2593, 4, 1, 2, 0.0021, 0.9999, 0.0084, 9, 6, 1, 0.0005, 0.1195, 0.9999, 1.0001, 0.9762, 14, 0.0072, 6, 9, 4.6536e-06, 0.2062, 3, 2, 5, 4, 0, 1, 2, 3, 2, 4, 7, 0.0007, 5, 2, 6, 1, 3, 3, 3, 4, 5, 1.1476e-08, 8, 3, 0, 0.2199, 0, 6.3716e-06, 0, 0.0213, 2.0153e-12, 15, 1, 8, 9.5677e-08],
      [4.3795, 10.9893, 13, 5.8158, 7, 1.0199, 24, 12, 9, 6.002, 3.9997, 3.1773, 48, 25, 6, 3.0018, 0.6766, 5.9999, 6.0002, 3.8633, 72, 6.0024, 21, 25, 14, 2.1562, 19, 10, 24, 30, 4, 8, 8, 22, 10, 22, 37, 1.9997, 23, 19, 21, 11, 19, 23, 16, 13, 22, 10, 41, 15, 0.334, 0.6707, 1.9128, 11, 0, 6.0044, 11, 81, 12, 47, 4],
      [1.9473, 1.0092, 6, 1.3639, 4, 2.7755, 74, 40, 9, 3.9917, 6.0004, 2.007, 37, 14, 8, 1.9978, 1.3277, 12.0028, 3.9999, 8.8635, 62, 6.9952, 26, 40, 7, 3.797, 14, 21, 37, 31, 12.0002, 14, 16, 21, 27, 42, 27, 8.999, 31, 24, 40, 7, 18, 15, 25, 21, 34, 9, 38, 26, 0.666, 1.6006, 0.8662, 5, 1.5429, 2.9867, 17, 74, 11, 58, 5],
      [0.5398, 1.9943, 3, 1.4575, 2, 2.5318, 7, 3, 3, 0, 3.9996, 0.7948, 4, 4, 2, 1.9979, 0.295, 3.9998, 1.9999, 3.056, 9, 1.9976, 5, 6, 2, 1.539, 4, 4, 6, 4, 2.9998, 3, 6, 6, 6, 4, 5, 1.9999, 6, 5, 7, 3, 3, 3, 3, 4, 5, 3, 7, 6, 0, 0.1999, 0.0809, 2, 0, 0.9811, 4, 9, 5, 8, 2]
    ]
  ],
  "V_est": [
    [144.6921, 72.0234, 60.2294, 418.1975, 439.7157, 24.1419],
    [408.3841, 865.8487, 776.791, 3931.5438, 4733.659, 468.7733],
    [426.3936, 775.7949, 953.43, 5412.6487, 4871.2138, 491.5191],
    [77.6763, 179.4093, 169.5378, 1052.6046, 1253.671, 108.101],
    [73.8539, 161.9238, 159.0119, 943.0055, 1121.7404, 215.4646]
  ],
  "p_est": [
    [0.1248, 0.0621, 0.052, 0.3608, 0.3794, 0.0208],
    [0.0365, 0.0774, 0.0694, 0.3515, 0.4232, 0.0419],
    [0.033, 0.06, 0.0737, 0.4186, 0.3767, 0.038],
    [0.0273, 0.0632, 0.0597, 0.3705, 0.4413, 0.0381],
    [0.0276, 0.0605, 0.0594, 0.3525, 0.4193, 0.0805]
  ],
  "EI_Z": {},
  "EI_V": 40.363,
  "MAE_Z": {},
  "MAE_V": 828.544,
  "MAE_p": 0.1303,
  "runtime": 0.4846
}
