{
  "X": [
    [43, 69, 820, 91, 83, 46, 87],
    [24, 30, 162, 46, 17, 29, 16],
    [25, 45, 406, 72, 39, 32, 34],
    [48, 79, 965, 97, 102, 78, 113],
    [12, 28, 281, 38, 56, 24, 34],
    [66, 63, 264, 125, 59, 57, 49],
    [35, 45, 209, 71, 27, 19, 29],
    [3, 8, 32, 20, 7, 4, 9],
    [25, 26, 114, 50, 11, 20, 20],
    [30, 96, 174, 24, 10, 11, 24],
    [125, 249, 686, 164, 50, 60, 69],
    [37, 138, 269, 54, 19, 15, 31],
    [22, 40, 187, 64, 32, 25, 29],
    [69, 101, 373, 93, 46, 38, 34],
    [32, 61, 213, 44, 14, 26, 31],
    [44, 45, 263, 81, 30, 48, 28],
    [70, 94, 557, 149, 57, 46, 60],
    [127, 89, 501, 213, 72, 89, 56],
    [50, 66, 231, 61, 46, 25, 25],
    [31, 32, 217, 58, 32, 35, 21],
    [102, 58, 360, 200, 77, 68, 33],
    [88, 101, 442, 146, 79, 46, 54],
    [6, 6, 49, 40, 13, 16, 12],
    [30, 37, 195, 76, 41, 55, 22],
    [60, 54, 159, 75, 17, 17, 21],
    [14, 26, 76, 28, 6, 7, 6],
    [3, 7, 56, 13, 7, 4, 8],
    [2, 3, 15, 2, 0, 3, 3],
    [14, 24, 77, 13, 3, 7, 15],
    [48, 58, 665, 138, 70, 53, 62],
    [46, 70, 387, 92, 48, 43, 35],
    [125, 180, 1134, 253, 149, 85, 98],
    [50, 41, 389, 91, 43, 44, 55],
    [59, 99, 396, 111, 57, 28, 42],
    [26, 54, 311, 36, 50, 18, 20],
    [53, 81, 288, 90, 41, 37, 39],
    [1, 6, 206, 29, 33, 3, 24],
    [70, 101, 427, 112, 82, 63, 45],
    [14, 25, 124, 35, 19, 13, 17],
    [279, 502, 1882, 495, 179, 177, 210],
    [25, 64, 179, 42, 9, 8, 10]
  ],
  "W": [
    [52, 38, 73, 967, 109],
    [12, 16, 41, 217, 38],
    [31, 24, 69, 480, 49],
    [53, 32, 115, 1136, 146],
    [25, 14, 40, 354, 40],
    [31, 53, 135, 395, 69],
    [23, 32, 56, 293, 31],
    [5, 6, 11, 57, 4],
    [16, 22, 42, 169, 17],
    [46, 18, 23, 256, 26],
    [115, 76, 162, 963, 87],
    [69, 28, 53, 382, 31],
    [25, 23, 57, 252, 42],
    [45, 47, 96, 511, 55],
    [27, 23, 52, 287, 32],
    [28, 28, 75, 347, 61],
    [46, 40, 124, 734, 89],
    [38, 89, 209, 722, 89],
    [36, 31, 65, 323, 49],
    [12, 24, 57, 293, 40],
    [30, 97, 151, 512, 108],
    [51, 70, 137, 625, 73],
    [3, 14, 29, 80, 16],
    [18, 28, 81, 268, 61],
    [25, 37, 64, 257, 20],
    [15, 4, 18, 116, 10],
    [5, 4, 12, 62, 15],
    [1, 1, 4, 18, 4],
    [14, 9, 16, 97, 17],
    [27, 43, 135, 812, 77],
    [24, 30, 91, 505, 71],
    [79, 94, 235, 1465, 151],
    [21, 47, 72, 489, 84],
    [57, 46, 101, 523, 65],
    [22, 23, 48, 390, 32],
    [37, 44, 79, 421, 48],
    [5, 5, 27, 231, 34],
    [40, 50, 125, 626, 59],
    [19, 13, 22, 165, 28],
    [285, 208, 445, 2482, 304],
    [24, 19, 43, 232, 19]
  ],
  "method": "mvn_pdf",
  "cond_prob": [
    [
      [0.013465670119, 0.72640715403, 0.15759826002, 0.014941972611, 0.0065249929384, 0.00069076186007, 0.080371188425],
      [0.43397658844, 0.029771316078, 0.011528671051, 0.46023648633, 0.024505491345, 0.034303669002, 0.0056777777554],
      [0.14854110247, 0.020193718775, 0.085389341003, 0.46026103834, 0.089778698433, 0.1821198734, 0.013716227586],
      [0.014574983917, 0.029586742185, 0.78288832092, 0.031762870076, 0.062971034732, 0.011084759316, 0.067131288859],
      [0.0079923382125, 0.00010088822578, 0.44110433725, 0.077250273228, 0.13103354243, 0.18942043986, 0.15309818079]
    ],
    [
      [0.016685929373, 0.84743859199, 0.078831124479, 0.016494863382, 0.0031962257752, 0.00063121889631, 0.036722046104],
      [0.46979658737, 0.029835519788, 0.0048507855987, 0.44157971807, 0.01067547585, 0.040972925215, 0.0022889881132],
      [0.17259996252, 0.022704833328, 0.039932682591, 0.47792018389, 0.042478015955, 0.2383679426, 0.0059963791234],
      [0.039895278124, 0.084448991242, 0.68052991825, 0.067532256558, 0.053256777227, 0.020996108508, 0.053340670094],
      [0.014451306145, 0.0025536661451, 0.30695214976, 0.11809365626, 0.091908378017, 0.36862150992, 0.097419333752]
    ],
    [
      [0.011808222591, 0.76265661412, 0.14433106782, 0.016683937583, 0.0054572176196, 0.00081444350033, 0.058248496767],
      [0.38676907286, 0.031078750253, 0.010426509475, 0.50983876165, 0.020495120945, 0.037269127037, 0.0041226577828],
      [0.12853459897, 0.020341238416, 0.076492581936, 0.4978769159, 0.073438529058, 0.1935280758, 0.0097880599172],
      [0.012733163411, 0.039928107085, 0.78038488036, 0.042395710582, 0.057196853713, 0.01415704487, 0.053204239983],
      [0.0075649303068, 0.00087179805939, 0.43699530501, 0.092718762832, 0.11871826661, 0.223091315, 0.12003962219]
    ],
    [
      [0.012555746368, 0.72936804328, 0.15216196918, 0.012425820753, 0.0063639958796, 0.00087980079317, 0.086244623747],
      [0.44688353964, 0.033297277464, 0.012177984696, 0.4283422721, 0.026420385201, 0.046197173529, 0.0066813673722],
      [0.14517690852, 0.021181529009, 0.08710569021, 0.40630041599, 0.092053100016, 0.23278666035, 0.015395695907],
      [0.013462126317, 0.032422181173, 0.77955835239, 0.023487936013, 0.063324993613, 0.014716123063, 0.073028287435],
      [0.0071640561536, 7.1966976864e-05, 0.41746765369, 0.063202983857, 0.12530107291, 0.22593889907, 0.16085336733]
    ],
    [
      [0.010629916526, 0.71550966447, 0.1541217542, 0.015477521795, 0.013064690653, 0.0011950940927, 0.090001358267],
      [0.36452654855, 0.029448164967, 0.012161042298, 0.4830734823, 0.056206223707, 0.048074001966, 0.0065105362092],
      [0.10335796219, 0.016113295054, 0.073522611087, 0.40475466424, 0.17376381241, 0.21512856386, 0.013359091154],
      [0.0065564132944, 0.025580373663, 0.73513817652, 0.034213574854, 0.10834224922, 0.017803479701, 0.072365732751],
      [0.0043897903306, 0, 0.34492206556, 0.063706028383, 0.23956967203, 0.20973780628, 0.13767463741]
    ],
    [
      [0.017458643858, 0.82395122628, 0.071001379679, 0.017288851388, 0.0056367634309, 0.00078668147729, 0.063876453889],
      [0.46752853717, 0.028758822788, 0.0045165742662, 0.44374148793, 0.018421062013, 0.03365740204, 0.0033761137931],
      [0.17566178552, 0.02241073668, 0.035942665602, 0.4863919858, 0.074657140662, 0.19593455182, 0.0090011339125],
      [0.040480153324, 0.082880731358, 0.60440698783, 0.06898644779, 0.09357412212, 0.022067647268, 0.087603910311],
      [0.014141564665, 0.0024631310046, 0.26038490936, 0.11642292444, 0.15664422928, 0.29020123767, 0.15974200358]
    ],
    [
      [0.015430476655, 0.82841291503, 0.079305053039, 0.017497924828, 0.0041010841876, 0.000516116973, 0.054736429288],
      [0.44092840837, 0.030253848435, 0.004807025804, 0.48459663114, 0.013753220109, 0.02230237404, 0.0033584921012],
      [0.17286347351, 0.024312645749, 0.043376031004, 0.55637835382, 0.057636051233, 0.13605083678, 0.0093826079007],
      [0.035499276995, 0.080327495453, 0.66203376044, 0.066888628537, 0.065939137436, 0.013824346059, 0.075487355082],
      [0.014637009435, 0.0026101766057, 0.34249062613, 0.13983546959, 0.12638018976, 0.21306687372, 0.16097965477]
    ],
    [
      [0.010204744379, 0.75389801056, 0.068709105822, 0.037034224991, 0.0070256501033, 0.0017090835024, 0.12141918065],
      [0.19909806422, 0.016516727914, 0.0053714744154, 0.74056002538, 0.014183250815, 0.022558997948, 0.0017114593046],
      [0.065246913558, 0.012546841952, 0.024595593865, 0.72555188692, 0.049662388318, 0.11662335175, 0.0057730236364],
      [0.017741251472, 0.069915640158, 0.53680273556, 0.11501256128, 0.10198857773, 0.029573450031, 0.12896578376],
      [0.0063551274282, 0.0020507073143, 0.18897954128, 0.20867049335, 0.13003426057, 0.22188926846, 0.24202060161]
    ],
    [
      [0.021031826232, 0.79626761795, 0.080860159326, 0.02363635924, 0.0031115356786, 0.00092014907734, 0.074172352501],
      [0.44363819933, 0.02099830724, 0.0045746101026, 0.48428172093, 0.0079715051835, 0.035630201822, 0.0029054553871],
      [0.16615602841, 0.016319623257, 0.032579782443, 0.53291993461, 0.032825118899, 0.21110008844, 0.0080994239404],
      [0.045407980683, 0.071480496256, 0.63252110924, 0.084044702639, 0.047855514737, 0.025985666567, 0.092704529876],
      [0.014761674479, 0.0018898417392, 0.25536339436, 0.14008402307, 0.076976784164, 0.3496254006, 0.16129888158]
    ],
    [
      [0.0070793273737, 0.93666986926, 0.034423282273, 0.00314475198, 0, 0.00042789939527, 0.018254869723],
      [0.60387645493, 0.10148361507, 0.0083561471591, 0.25847349143, 0.0073423184133, 0.01680941495, 0.0036585580485],
      [0.29186740667, 0.10003458369, 0.058137363276, 0.37032462166, 0.040252648072, 0.12746262652, 0.011920750112],
      [0.044806977049, 0.19005472865, 0.62578562101, 0.032618308967, 0.026192970835, 0.010658570198, 0.069882823287],
      [0.023886087458, 0.0050644224402, 0.41260923201, 0.089810198832, 0.086024108813, 0.19298126069, 0.18962468976]
    ],
    [
      [0.01126301573, 0.90846514725, 0.047687925024, 0.008000334524, 0.0008689546741, 0.00040176195063, 0.023312860849],
      [0.54920061693, 0.056573417545, 0.0060501869019, 0.35553853059, 0.0083668471607, 0.021730071399, 0.0025403294741],
      [0.24312302057, 0.049645070966, 0.050978725183, 0.45933366168, 0.040706360832, 0.1483470631, 0.007866097661],
      [0.042316958623, 0.13687072591, 0.66230991318, 0.053228256442, 0.035903775044, 0.014114066223, 0.055256304581],
      [0.021015469169, 0.0043438826121, 0.39072499478, 0.11940424206, 0.093039356393, 0.237680942, 0.13379111299]
    ],
    [
      [0.0057597063171, 0.93244068006, 0.037897769948, 0.0048056167766, 0.00035493666827, 0, 0.018741290231],
      [0.48094985207, 0.10841465354, 0.0089450444717, 0.36866802564, 0.010673838999, 0.018462358793, 0.0038862264773],
      [0.20376600674, 0.090610766266, 0.065441291431, 0.45747633264, 0.049235659759, 0.12205593616, 0.011414007004],
      [0.031013237997, 0.1718448604, 0.65246343566, 0.041516440338, 0.034060038059, 0.0069415754218, 0.062160412124],
      [0.015784810772, 0.0057701771826, 0.43307005676, 0.1045219963, 0.098587657171, 0.17298088794, 0.16928441387]
    ],
    [
      [0.011614153942, 0.81045141723, 0.089133186826, 0.017679554454, 0.0056292765431, 0.00081318370416, 0.064679227304],
      [0.37194519881, 0.032303540495, 0.0061686061605, 0.53200215584, 0.021065635912, 0.032222878796, 0.0042919839785],
      [0.12812913173, 0.022891193807, 0.047579217486, 0.5389271563, 0.078485048352, 0.17345115407, 0.010537098257],
      [0.021706329143, 0.069847170537, 0.6679000031, 0.062090737566, 0.081695385002, 0.017604077398, 0.079156297253],
      [0.0090845506227, 0.0021297170382, 0.32397562404, 0.11800589948, 0.15033032581, 0.23608573593, 0.16038814708]
    ],
    [
      [0.013806815324, 0.88222881347, 0.062388184225, 0.0099320374574, 0.0030364594424, 0.00047371795079, 0.028133972128],
      [0.54057939432, 0.044143616611, 0.0054445477205, 0.36868519589, 0.013827897265, 0.024967919384, 0.0023514288026],
      [0.22709481095, 0.037588520322, 0.050319268044, 0.45319722714, 0.062147032594, 0.16261673994, 0.0070364010099],
      [0.039456985115, 0.10845451077, 0.67392380879, 0.050222570139, 0.062724272278, 0.015173928408, 0.050043924494],
      [0.018324373315, 0.0035672810385, 0.37692585348, 0.11007612656, 0.13082236165, 0.24436556419, 0.11591843977]
    ],
    [
      [0.0096225312703, 0.88211847679, 0.057993061267, 0.0070141797427, 0.001008313178, 0.00053934405352, 0.0417040937],
      [0.5133438203, 0.060199954272, 0.0074903594327, 0.36780992835, 0.010222866054, 0.036116886934, 0.0048161846544],
      [0.19872748468, 0.047252905061, 0.060320981806, 0.41793415744, 0.043745307641, 0.21871928344, 0.013299879936],
      [0.031944808024, 0.11577541117, 0.68427992659, 0.038129038741, 0.031258420042, 0.017673242866, 0.080939152569],
      [0.013477958832, 0.0035471284635, 0.36677747165, 0.083605577797, 0.077866471114, 0.27216018343, 0.18256520872]
    ],
    [
      [0.023595035477, 0.79777936321, 0.10117675807, 0.022207558269, 0.0044700902583, 0.00078603465409, 0.049985160066],
      [0.48612887306, 0.020830356901, 0.0049002060082, 0.4358889828, 0.010931454115, 0.038987365413, 0.0023327617011],
      [0.18309506873, 0.015661624012, 0.039349090832, 0.48108216342, 0.044231914858, 0.23034701573, 0.0062331224265],
      [0.043373032051, 0.060020042408, 0.68787317158, 0.071126350084, 0.058592589572, 0.021715081483, 0.057299732824],
      [0.015494398111, 0.0012680544323, 0.30142086321, 0.12149657565, 0.097044828883, 0.36188828433, 0.10138699539]
    ],
    [
      [0.017682591591, 0.81779810588, 0.092971703884, 0.018910637071, 0.0037590564095, 0.00051216415829, 0.048365741004],
      [0.45817064855, 0.027645818415, 0.0053559485054, 0.47254671939, 0.011783436572, 0.021705778747, 0.0027916498195],
      [0.18377003333, 0.022498339267, 0.047789281143, 0.55279253507, 0.050580502727, 0.13465542719, 0.0079138812734],
      [0.03632405495, 0.0712229462, 0.69871015445, 0.065462601386, 0.05455031795, 0.012760172113, 0.060969752954],
      [0.015847577281, 0.0023372787962, 0.37898808376, 0.14193728263, 0.11285202504, 0.21398842693, 0.13404932556]
    ],
    [
      [0.025877698313, 0.81597963159, 0.083634061248, 0.022594638464, 0.0047153055704, 0.00090771908514, 0.046290945732],
      [0.50745352246, 0.020711665717, 0.0042255719022, 0.42413753979, 0.011027234928, 0.030325676351, 0.0021187888503],
      [0.20468742509, 0.016972762726, 0.033929632715, 0.5003185712, 0.047521759717, 0.19058820136, 0.0059816471837],
      [0.050397184867, 0.072617673228, 0.64425546011, 0.079330192054, 0.070111474763, 0.023301429452, 0.059986585523],
      [0.01895331064, 0.0019344749477, 0.28316959926, 0.14101328823, 0.1155827182, 0.33269612731, 0.10665048141]
    ],
    [
      [0.017701839909, 0.86584208167, 0.066771170714, 0.011312321054, 0.0045587713416, 0.00053642326219, 0.033277392053],
      [0.57730473561, 0.035359667545, 0.0049711957493, 0.33973068234, 0.019237272262, 0.020995468267, 0.0024009782217],
      [0.24984131238, 0.031505096103, 0.045837361833, 0.43262609047, 0.091390951673, 0.1414994855, 0.0072997020402],
      [0.044110806158, 0.097593963859, 0.6459443086, 0.051868206216, 0.091878789872, 0.014317283428, 0.054286641865],
      [0.019975740117, 0.0033235467984, 0.34332021609, 0.10585671022, 0.19637281233, 0.21444653349, 0.11670444094]
    ],
    [
      [0.016747462707, 0.82257865737, 0.09328378506, 0.016792866399, 0.0053846648004, 0.00084855585587, 0.044364007812],
      [0.46041771993, 0.028640453116, 0.0055940283604, 0.44035273977, 0.01750083439, 0.044796573072, 0.0026976513543],
      [0.16167471596, 0.020521325789, 0.044134221557, 0.45343861351, 0.066057202618, 0.24745059349, 0.0067233270832],
      [0.034272501531, 0.068933086297, 0.68564846834, 0.0590600941, 0.077081532201, 0.020306847396, 0.054697470137],
      [0.012292585265, 0.0018643845478, 0.30839215117, 0.10198528269, 0.12913036283, 0.34650273651, 0.099832496996]
    ],
    [
      [0.029796724577, 0.79659834968, 0.092143994159, 0.032448065299, 0.0074064509317, 0.0011062905437, 0.04050012481],
      [0.45665471076, 0.01534976288, 0.0059084635259, 0.48342970075, 0.013448236321, 0.024150836444, 0.0010582893171],
      [0.1826595382, 0.012145365277, 0.031929188562, 0.5637244734, 0.058415310768, 0.14774859925, 0.0033775245385],
      [0.053058977625, 0.059873826307, 0.62973763774, 0.093555360828, 0.096190126104, 0.023794126245, 0.043789945155],
      [0.019100041728, 0.0011460489266, 0.27236649278, 0.17695497075, 0.16114139868, 0.28825508356, 0.081035963587]
    ],
    [
      [0.017038691164, 0.83945226621, 0.076906803339, 0.015363845785, 0.0051913158797, 0.00051054428536, 0.045536533338],
      [0.49332338639, 0.031679663338, 0.0049964121571, 0.42542101427, 0.018519744289, 0.023078619862, 0.0029811596895],
      [0.19833042774, 0.026004999333, 0.044212657419, 0.49904915958, 0.08049832494, 0.14352441645, 0.0083800145375],
      [0.03878656079, 0.083537599199, 0.65163786312, 0.061009792997, 0.086129742868, 0.014100461289, 0.064797979737],
      [0.016240008342, 0.00269415865, 0.33420829675, 0.12241256685, 0.17232193124, 0.21757295194, 0.13455008622]
    ],
    [
      [0.013972181391, 0.72386977063, 0.090694086732, 0.045100299162, 0.0093111772755, 0.0018900890403, 0.11516239577],
      [0.22420225385, 0.012568257607, 0.0063369991582, 0.69038248545, 0.01758189552, 0.045680482908, 0.0032476255046],
      [0.064429173677, 0.0068675732917, 0.02754975829, 0.61610292454, 0.05708463658, 0.22083104161, 0.007134892014],
      [0.011137783823, 0.043138010378, 0.56252195435, 0.12171482713, 0.1120256155, 0.037426294446, 0.11203551437],
      [0.0037364474645, 0.00013966411874, 0.17740627581, 0.16219833275, 0.13177601437, 0.37228745061, 0.15245581487]
    ],
    [
      [0.014429810222, 0.83010659406, 0.085593670547, 0.018956185541, 0.0065513420007, 0.00030587999829, 0.044056517627],
      [0.39559874401, 0.029051704514, 0.0057445249267, 0.48669392977, 0.021456623703, 0.058667488913, 0.0027869841636],
      [0.12438026542, 0.018862954528, 0.037896957049, 0.44888048025, 0.072544742337, 0.29111368363, 0.0063209167904],
      [0.029907496033, 0.073131211746, 0.65261108405, 0.072718501246, 0.096243307116, 0.018507918906, 0.056880480901],
      [0.009401445051, 0.0019273691125, 0.25129578992, 0.10136854742, 0.14117967121, 0.40674547262, 0.088081704666]
    ],
    [
      [0.027558746652, 0.86768527293, 0.050859774535, 0.018171430682, 0.0022187056417, 0.00053909868385, 0.032966970875],
      [0.6033611081, 0.0222877117, 0.004792762974, 0.34822805388, 0.0053462956748, 0.013926746116, 0.0020573215547],
      [0.29601150269, 0.022925439529, 0.028569324184, 0.51001795011, 0.029067831714, 0.1072948093, 0.0061131424703],
      [0.067378122591, 0.11650649236, 0.58367517499, 0.097837679777, 0.050358538091, 0.01758798417, 0.06665600803],
      [0.036287832778, 0.0036913089321, 0.28591083437, 0.1937921865, 0.097211695002, 0.25421265998, 0.12889348244]
    ],
    [
      [0.024351443958, 0.86837247884, 0.058656115697, 0.022767077345, 0.0017986408647, 0.00096807351362, 0.023086169785],
      [0.49138072465, 0.019593505654, 0.0030259078118, 0.4660517924, 0.0045035137277, 0.014511929593, 0.00093262616319],
      [0.21417458862, 0.018633510173, 0.025983665536, 0.61478883804, 0.021699765988, 0.10173062068, 0.0029890109573],
      [0.0649086287, 0.10797643941, 0.61830509096, 0.10555049946, 0.041065342963, 0.020990698227, 0.041203300274],
      [0.028466191753, 0.0035368640064, 0.29169581019, 0.24842296479, 0.08008307606, 0.26613590124, 0.081659191956]
    ],
    [
      [0.0074075665801, 0.76811393514, 0.12982376267, 0.014563201054, 0.0054991790961, 0.00016968173951, 0.074422673721],
      [0.33234336747, 0.034334759426, 0.010888960948, 0.56843991452, 0.023369177204, 0.02417064006, 0.0064531803655],
      [0.10662145998, 0.023143363683, 0.08263529129, 0.55837237543, 0.085063681093, 0.12851904426, 0.015644784272],
      [0.0046850209879, 0.04402525318, 0.76613027167, 0.041135674108, 0.063063072523, 0.0047579738727, 0.076202733658],
      [0.0042439917493, 0.00098701501585, 0.45437500025, 0.093502935789, 0.12989018174, 0.13768307466, 0.17931780079]
    ],
    [
      [0.0056147689534, 0.88827157055, 0.055277131444, 0.0031601272735, 0, 0.00070147793313, 0.046974923846],
      [0.60306270561, 0.050580077111, 0.0077827949547, 0.28465313339, 0, 0.046793857169, 0.0071274317695],
      [0.20890851155, 0.043882731656, 0.071586171966, 0.32948607487, 0, 0.32532716478, 0.020809345171],
      [0.022143935468, 0.10329510717, 0.7324034586, 0.012179236512, 0, 0.022159977979, 0.10781828426],
      [0.039274410203, 0.0065763741417, 0.36683328272, 0.043754045657, 0, 0.31307910054, 0.23048278673]
    ],
    [
      [0.011023999117, 0.86299355419, 0.063159018141, 0.0055540624858, 0, 0.00089405852092, 0.056375307547],
      [0.61621113298, 0.052353105736, 0.0083989070609, 0.2903889221, 0.006398207696, 0.021108439669, 0.0051412847563],
      [0.27690144367, 0.049731523016, 0.071376737033, 0.39513587749, 0.036317054539, 0.15192832595, 0.01860903829],
      [0.036882694074, 0.10905625603, 0.70126401758, 0.028433968311, 0.013667571797, 0.014048345394, 0.09664714681],
      [0.017159964208, 0.0042794756795, 0.40444388731, 0.072263168249, 0.060916987873, 0.17670379443, 0.26423272225]
    ],
    [
      [0.012815609346, 0.76176176506, 0.13738184712, 0.017888971454, 0.0056295206429, 0.00073520193636, 0.063787084437],
      [0.3883404225, 0.029467577584, 0.0094284693502, 0.51467787995, 0.020180002837, 0.033626535713, 0.0042791120691],
      [0.13255671675, 0.019538403469, 0.070723666971, 0.51454770055, 0.073959324892, 0.17826405037, 0.010410136994],
      [0.015297258637, 0.041201987967, 0.76235108291, 0.047055469319, 0.060854378632, 0.013525561762, 0.059714260776],
      [0.0082962286446, 0.00093023129177, 0.41959079979, 0.10016712041, 0.12444153911, 0.21410137093, 0.13247270983]
    ],
    [
      [0.012397866223, 0.85813342833, 0.078470656081, 0.012439847902, 0.0036933280257, 0.00054658952484, 0.034318283918],
      [0.46027870669, 0.04116299739, 0.0063067463474, 0.44264800184, 0.016284506704, 0.030563198574, 0.0027558424583],
      [0.17372462704, 0.031737267489, 0.053871183729, 0.48841073802, 0.065889427664, 0.17901667464, 0.0073500814177],
      [0.029998923386, 0.089242049835, 0.69911949805, 0.051734105571, 0.063831549523, 0.015766995754, 0.050306877879],
      [0.01317876957, 0.003022271698, 0.37985743137, 0.11057610031, 0.12946414788, 0.25094557248, 0.11295570668]
    ],
    [
      [0.013681599006, 0.82746587581, 0.097010892767, 0.014500747219, 0.0050142378518, 0.00046747450088, 0.041859172845],
      [0.45059094229, 0.03582790316, 0.0071222751807, 0.45790210885, 0.01986267674, 0.025679682211, 0.0030144115684],
      [0.1704085169, 0.027468213709, 0.059786618188, 0.50422326555, 0.080185012945, 0.14989082526, 0.0080375474421],
      [0.027057466434, 0.071290023608, 0.71727384049, 0.050278183113, 0.071664562592, 0.011457510468, 0.050978413297],
      [0.012439836459, 0.0024334973947, 0.40271929811, 0.11034196737, 0.1516868964, 0.20224889148, 0.11812961277]
    ],
    [
      [0.018063631735, 0.7566388325, 0.12000104648, 0.018433539045, 0.005029112801, 0.0008530875019, 0.080980749942],
      [0.46311796467, 0.024499480586, 0.0072125830705, 0.45243621734, 0.015379826101, 0.032996607771, 0.0043573204634],
      [0.17187077114, 0.018081361448, 0.056790435021, 0.49069407558, 0.061075785652, 0.1898387729, 0.011648798252],
      [0.029581482257, 0.04623373787, 0.71890886835, 0.05199158222, 0.058271528583, 0.016751861704, 0.078260939019],
      [0.012072369625, 0.0005827748504, 0.36316236519, 0.10231590854, 0.11046789, 0.2448951497, 0.16650354209]
    ],
    [
      [0.013470113692, 0.85054777206, 0.078906615613, 0.013458093833, 0.0043202369143, 1.7221996789e-05, 0.039279945889],
      [0.46794304976, 0.038543107505, 0.0060194121731, 0.44732737952, 0.017930163768, 0.019175408388, 0.0030614788883],
      [0.18710076148, 0.031430019255, 0.05413736178, 0.52224383725, 0.076724042465, 0.11975483724, 0.0086091405352],
      [0.032217105011, 0.086749663859, 0.68850554243, 0.055319105089, 0.072672147611, 0.007029697753, 0.057506738245],
      [0.014770775397, 0.0030967369923, 0.39491011874, 0.12272784107, 0.1564968842, 0.17454121653, 0.13345642707]
    ],
    [
      [0.0085405465599, 0.85487192664, 0.092524327828, 0.0066527793571, 0.0058347185617, 0.00040087485047, 0.031174826205],
      [0.47678266265, 0.060478680077, 0.011910460074, 0.37565348532, 0.040660598193, 0.030844183548, 0.0036699301383],
      [0.16397732227, 0.042857260501, 0.087454059575, 0.37892947335, 0.15185578593, 0.1659112254, 0.0090148729803],
      [0.0171554047, 0.081141709753, 0.74477021696, 0.018082030309, 0.088896804404, 0.010064965797, 0.039888868071],
      [0.0088933572705, 0.0031060207609, 0.43851077282, 0.061656317205, 0.21805034347, 0.16852153286, 0.10126165562]
    ],
    [
      [0.013335280703, 0.87019626555, 0.059907279304, 0.012536338532, 0.0034399147815, 0.00055782640668, 0.040027094721],
      [0.47732295189, 0.03994608814, 0.0046191662297, 0.43042042732, 0.014410359922, 0.030097721758, 0.0031832847434],
      [0.18600074565, 0.031604924431, 0.040944053702, 0.49048961623, 0.060005036402, 0.1822311934, 0.0087244301828],
      [0.038186649837, 0.10546448221, 0.63493329845, 0.061914451865, 0.069732973348, 0.018838871093, 0.070929273197],
      [0.015286380059, 0.0030786303558, 0.3133060096, 0.12047901572, 0.12793099295, 0.27765899286, 0.14225997846]
    ],
    [
      [0.007184570637, 0.67113631524, 0.19042823993, 0.017424277841, 0.011921982822, 3.6528651605e-05, 0.10186808488],
      [0.19281542936, 0.02994443828, 0.096989768798, 0.6017040296, 0.051000838441, 0.019489093333, 0.0080564021828],
      [0, 0.016079549413, 0.18409492951, 0.52707649473, 0.16460459553, 0.090536824604, 0.017607606217],
      [0, 0, 0.79496436443, 0.039141276404, 0.09116898834, 0, 0.074725370829],
      [0, 0.060601423478, 0.46928172579, 0.07740171341, 0.21120663258, 0.013466988993, 0.16804151574]
    ],
    [
      [0.013611994864, 0.86569826143, 0.06723904012, 0.011745917375, 0.0050813199408, 0.0005892672268, 0.036034199044],
      [0.48546365022, 0.040388598646, 0.005593559887, 0.40106603103, 0.02299835163, 0.041581869422, 0.0029079391738],
      [0.1751239856, 0.029731170425, 0.043408655478, 0.42193528929, 0.089430538616, 0.23296886745, 0.0074014931464],
      [0.035978265698, 0.096602632703, 0.6411749917, 0.053076524965, 0.094642385485, 0.020697559107, 0.057827640347],
      [0.013041443531, 0.0027626311118, 0.29201921465, 0.093373660412, 0.17325218611, 0.31897551539, 0.1065753488]
    ],
    [
      [0.016555007578, 0.7884049585, 0.10209363292, 0.022708672795, 0.0062198716536, 0.00090666463257, 0.063111191924],
      [0.39598218939, 0.02309780589, 0.0051633674677, 0.52874634932, 0.01720318987, 0.026464329789, 0.0033427682755],
      [0.1438806096, 0.017117506305, 0.04323356455, 0.56791634574, 0.067803992192, 0.15145329958, 0.0085946820275],
      [0.030534794319, 0.056399834742, 0.67719270747, 0.068802849938, 0.079342289136, 0.017098879542, 0.070628644858],
      [0.011931140005, 0.0013384443147, 0.33232721591, 0.13743581535, 0.14553626552, 0.23162319177, 0.13980792713]
    ],
    [
      [0.013508547239, 0.8574808483, 0.074057824284, 0.012730743591, 0.0025524904603, 0.00044445294698, 0.039225093184],
      [0.47987943994, 0.040348125777, 0.0059462212975, 0.4339050949, 0.011867431929, 0.024942557726, 0.0031111284393],
      [0.19293988104, 0.032872157823, 0.052530381155, 0.5072734938, 0.051244675788, 0.15435653211, 0.0087828782828],
      [0.034156579794, 0.094126126895, 0.69252928557, 0.055771493166, 0.048592713245, 0.013597658488, 0.061226142837],
      [0.015461389537, 0.0032118121372, 0.38625986723, 0.12157213012, 0.10655631374, 0.22778695311, 0.13915153411]
    ],
    [
      [0.0056487484304, 0.93421390074, 0.042565357081, 0.005585292571, 5.1633048862e-05, 0, 0.011935068131],
      [0.47043001316, 0.096307720977, 0.0099744189912, 0.3975924307, 0.0087092271726, 0.015057822302, 0.0019283666965],
      [0.19985165463, 0.080336019586, 0.074328417026, 0.49657560006, 0.04147539898, 0.10137794247, 0.006054967245],
      [0.030280536105, 0.15594189995, 0.71082868883, 0.046158798952, 0.02307547227, 0.0020591183385, 0.031655485548],
      [0.016187066432, 0.0061078974734, 0.50950209097, 0.11842655976, 0.089280724614, 0.15141759976, 0.10907806099]
    ]
  ],
  "expected_outcome": [
    [
      [0.7002148462, 0.20023115247, 0.36605490031, 0.66545455752, 0.26574791316, 0.54121795959, 0.35490096307, 0.051023721897, 0.33650921971, 0.32564905919, 1.2952468089, 0.39741973588, 0.29035384854, 0.6213066896, 0.2598083443, 0.66066099335, 0.81339921319, 0.98335253588, 0.63726623672, 0.20096955249, 0.8939017373, 0.86897324939, 0.041916544173, 0.25973658399, 0.68896866631, 0.36527165938, 0.037037832901, 0.0056147689534, 0.15433598763, 0.34602145234, 0.29754878934, 1.0808463215, 0.37933626643, 0.76779648042, 0.18789202432, 0.493405386, 0.035922853185, 0.54447979457, 0.31454514399, 3.8499359631, 0.13556996233],
      [37.7731720094, 10.1692631039, 23.6423550377, 38.6565062938, 17.8877416118, 25.5424880146, 19.0534970457, 3.7694900528, 12.7402818871, 43.0868139857, 104.4734919336, 64.3384069241, 20.2612854307, 39.7002966062, 23.8171988733, 22.3378221698, 37.6187128706, 31.0072260003, 31.17031494, 9.8709438884, 23.8979504904, 42.8120655766, 2.1716093119, 14.9419186932, 21.6921318233, 13.0255871825, 3.8405696757, 0.88827157055, 12.0819097586, 20.5675676568, 20.5952022798, 65.369804189, 15.8894154825, 48.4812230075, 18.807182386, 32.1972618254, 3.3556815762, 34.6279304572, 14.9796942114, 244.3820417641, 22.4211336177],
      [8.195109521, 0.94597349374, 4.4742631024, 8.0645843665, 3.8530438549, 2.2010427701, 1.8240162199, 0.34354552911, 1.2937625492, 1.5834709846, 5.4841113778, 2.6149461264, 2.2283296706, 2.8074682901, 1.5658126542, 2.8329492259, 4.2766983787, 3.1780943274, 2.4037621457, 1.1194054207, 2.7643198248, 3.9222469703, 0.2720822602, 1.5406860698, 1.2714943634, 0.87984173546, 0.64911881333, 0.055277131444, 0.88422625397, 3.7093098722, 1.8832957459, 7.6638605286, 2.520021976, 4.49767709, 2.0355352122, 2.2165693342, 0.95214119967, 2.6895616048, 1.9397790255, 21.106479921, 1.0215685699],
      [0.77698257576, 0.19793836059, 0.51720206509, 0.6585684999, 0.38693804487, 0.53595439302, 0.40245227104, 0.18517112495, 0.37818174784, 0.14465859108, 0.92003847026, 0.33158755758, 0.44198886136, 0.44694168558, 0.18938285305, 0.62181163152, 0.86988930527, 0.85859626163, 0.40724355795, 0.20151439679, 0.97344195896, 0.78355613504, 0.13530089749, 0.34121133974, 0.45428576704, 0.34150616018, 0.07281600527, 0.0031601272735, 0.077756874801, 0.48300222926, 0.29855634965, 1.1455590303, 0.38710431994, 0.76711134848, 0.14636114586, 0.46384452569, 0.087121389207, 0.46983669501, 0.4314647831, 3.6282619234, 0.1340470217],
      [0.33929963279, 0.038354709302, 0.16917374621, 0.33729178162, 0.32661726633, 0.17473966636, 0.094324936315, 0.035128250517, 0.049784570857, 0, 0.099929787522, 0.02449063011, 0.14073191358, 0.13664067491, 0.027224455806, 0.12516252723, 0.17291659484, 0.17918161168, 0.1641157683, 0.064615977605, 0.22219352795, 0.26475710987, 0.027933531827, 0.11792415601, 0.055467641043, 0.02697961297, 0.027495895481, 0, 0, 0.15199705736, 0.088639872616, 0.39612479029, 0.10561136882, 0.24625350412, 0.12836380836, 0.12727684691, 0.059609914112, 0.20325279763, 0.11817756142, 0.72745978119, 0.0012391931727],
      [0.035919616723, 0.0075746267557, 0.02524774851, 0.046629442038, 0.029877352317, 0.024387125796, 0.011870690379, 0.0085454175121, 0.014722385237, 0.019683372182, 0.046202624323, 0, 0.020329592604, 0.021317307786, 0.014562289445, 0.022008970314, 0.023559551282, 0.034493325235, 0.019311237439, 0.01018267027, 0.03318871631, 0.026037758553, 0.005670267121, 0.0055058399692, 0.013477467096, 0.014521102704, 0.00084840869755, 0.00070147793313, 0.012516819293, 0.019850452282, 0.013118148596, 0.036930485569, 0.01791483754, 0.00098165381695, 0.0088192467104, 0.020639577047, 0.00018264325803, 0.023570689072, 0.017226628019, 0.12666908989, 0],
      [4.1793017981, 0.44066455325, 1.8057033998, 4.5709650586, 2.2500339567, 1.9801700706, 1.2589378736, 0.60709590323, 1.18675764, 0.83972400725, 2.6809789976, 1.2931490259, 1.6169806826, 1.2660287457, 1.1260105299, 1.3995844818, 2.2248240862, 1.7590559378, 1.1979861139, 0.53236809374, 1.2150037443, 2.3223632003, 0.34548718731, 0.79301731729, 0.82417427186, 0.34629254677, 0.3721133686, 0.046974923846, 0.78925430566, 1.7222512798, 0.82363881404, 3.3068746547, 1.7005957488, 2.2389569157, 0.68584617652, 1.4810025047, 0.50934042439, 1.4413679618, 1.1991126465, 11.1791515574, 0.28644163515]
    ],
    [
      [16.4911103605, 7.5167453979, 9.2824577486, 14.3002732685, 5.1033716797, 24.77901247, 14.109709068, 1.1945883853, 9.7600403854, 10.8697761888, 41.7392468864, 13.466595858, 8.5547395727, 25.4072315332, 11.8069078669, 13.6116084457, 18.3268259419, 45.163363499, 17.8964468039, 11.0500252784, 44.2955069437, 34.5326370474, 3.1388315539, 11.0767648323, 22.3243609999, 1.9655228986, 1.3293734699, 0.60306270561, 5.5459001969, 16.6986381674, 13.8083612006, 42.3555485755, 21.7665443393, 21.5253802889, 10.9660012409, 21.0022098832, 0.96407714681, 24.2731825108, 5.1477684621, 99.8149235065, 8.93817025],
      [1.131310011, 0.47736831661, 0.74589000607, 1.0655128789, 0.41227430954, 1.5242176078, 0.96812314992, 0.099100367487, 0.46196275928, 1.8267050713, 4.2995797334, 3.0356102992, 0.7429814314, 2.0747499807, 1.3845989483, 0.58324999322, 1.1058327366, 1.8433382488, 1.0961496939, 0.68737087478, 1.4889269994, 2.2175764336, 0.1759556065, 0.81344772638, 0.82464533291, 0.078374022617, 0.1373390377, 0.050580077111, 0.47117795163, 1.2671058361, 1.2348899217, 3.3678228971, 1.1514755875, 1.7729829452, 1.3910096418, 1.7576278782, 0.1497221914, 2.0194299323, 0.30027147657, 8.3924101615, 1.8298466986],
      [0.43808949993, 0.07761256958, 0.2502362274, 0.38969551028, 0.17025459217, 0.23937843611, 0.15382482573, 0.032228846492, 0.10064142226, 0.15041064886, 0.45981420454, 0.25046124521, 0.14187794169, 0.25589374287, 0.17227826695, 0.13720576823, 0.21423794022, 0.37607589929, 0.15410706823, 0.13425668065, 0.57312096202, 0.349748851, 0.088717988214, 0.16084669795, 0.17733223004, 0.012103631247, 0.043555843793, 0.0077827949547, 0.075590163548, 0.40542418206, 0.18920239042, 0.66949386698, 0.33899140432, 0.27689295996, 0.2739405817, 0.20324331411, 0.48494884399, 0.27967799435, 0.06712377708, 1.2368140299, 0.18951396083],
      [17.4889864806, 7.0652754891, 12.2361302796, 13.706952707, 6.7630287522, 23.5182988603, 15.5070921963, 4.4433601523, 10.6541978605, 4.6525228457, 27.020928325, 10.322704718, 12.2360495844, 17.3282042069, 8.4596283521, 12.2048915184, 18.9018687757, 37.7482410414, 10.5316511527, 10.5684657546, 46.892680973, 29.7794709991, 9.6653547964, 13.6274300336, 12.8844379934, 1.8642071696, 2.2737596581, 0.28465313339, 2.6135002989, 22.1311488378, 13.2794400552, 43.0427982317, 21.2645022151, 20.5770594579, 8.6400301624, 18.9384988019, 3.008520148, 20.0533015513, 6.8737025411, 90.2522597384, 7.5542561833],
      [0.93120867112, 0.17080761361, 0.49188290269, 0.84545232642, 0.78688713189, 0.97631628667, 0.4401030435, 0.085099504889, 0.17537311404, 0.13216173144, 0.63588038421, 0.29886749197, 0.48450962598, 0.64991117148, 0.23512591923, 0.30608071521, 0.47133746287, 0.98142390858, 0.59635544014, 0.42002002536, 1.3044789232, 1.2963821002, 0.24614653729, 0.60078546369, 0.19781293997, 0.018014054911, 0.093476708815, 0, 0.057583869264, 0.86774012198, 0.48853520112, 1.8670916135, 0.72285182674, 0.82478753333, 0.93519375844, 0.63405583656, 0.2550041922, 1.1499175815, 0.22364146831, 2.4684258413, 0.16547531628],
      [1.3035394221, 0.65556680343, 0.89445904888, 1.4783095529, 0.67303602753, 1.7838423081, 0.71367596928, 0.13535398769, 0.78386444009, 0.30256946909, 1.6514854263, 0.51694604621, 0.74112621232, 1.173492211, 0.83068839948, 1.0916462316, 0.86823114989, 2.6989851952, 0.65085951627, 1.0751177537, 2.342631135, 1.6155033904, 0.63952676071, 1.6426896896, 0.5152896063, 0.058047718373, 0.096682560241, 0.046793857169, 0.18997595702, 1.4459410356, 0.91689595721, 2.4138901278, 1.5508405652, 0.88206878585, 0.70941622159, 1.3242997573, 0.097445466663, 2.0790934711, 0.34403628726, 5.188052007, 0.28609862374],
      [0.21575555471, 0.036623809811, 0.098943786786, 0.21380375591, 0.091147506929, 0.17893403104, 0.10747174724, 0.010268755828, 0.063920018516, 0.065854044874, 0.19306504003, 0.10881434136, 0.098715631506, 0.11051715372, 0.11077224705, 0.065317327632, 0.11166599278, 0.18857220767, 0.074430324872, 0.064743632502, 0.10265406376, 0.20868117826, 0.045466757065, 0.078035556581, 0.076120897523, 0.0037305046528, 0.025812721462, 0.0071274317695, 0.046271562807, 0.18400181897, 0.08267527375, 0.28335468743, 0.20479406178, 0.14082802886, 0.084408393182, 0.14006452871, 0.040282010914, 0.14539695869, 0.043455987581, 0.64711471538, 0.036638967233]
    ],
    [
      [10.8435004801, 7.0765984631, 8.8688873288, 16.6953444795, 4.1343184877, 23.7143410454, 9.6803545168, 0.71771604914, 6.9785531933, 6.7129503535, 39.3859293327, 10.7995983572, 7.3033605085, 21.8011018511, 10.3338292034, 13.7321301544, 22.7874841334, 42.7796718444, 16.2396853045, 9.2154588098, 27.5815902686, 27.1712686003, 1.8684460366, 10.0748014988, 18.9447361724, 3.8551425952, 1.2794575197, 0.83563404621, 4.4304230988, 17.8951567616, 15.8089410606, 40.0460014716, 12.3746955224, 18.8971769091, 7.8709114689, 14.6940589065, 0, 21.8904981996, 3.1653734112, 85.8582470616, 8.5936211492],
      [1.4741414705, 0.93089816646, 1.4035454507, 2.435875836, 0.64453180215, 3.0254494518, 1.3615081619, 0.13801526147, 0.6854241768, 2.3007954248, 8.0425014965, 4.8023706121, 1.304798047, 3.6084979509, 2.4571510632, 1.1746218009, 2.7897940691, 3.5473074098, 2.0478312467, 1.16971557, 1.8339501569, 3.5626849087, 0.19915962546, 1.5278993167, 1.4672281298, 0.33540318311, 0.2777203642, 0.17553092662, 0.79570436826, 2.6376844684, 2.8880913415, 6.4550302215, 1.3018580242, 3.1744319447, 2.057148504, 2.49678903, 0.43414783416, 3.7163963031, 0.3765851387, 14.6281102314, 3.4544488422],
      [6.2334218932, 1.6372399862, 5.2779881536, 10.0171543742, 2.9409044435, 4.8522598563, 2.4290577362, 0.27055153252, 1.3683508626, 1.3371593553, 8.2585534796, 3.4683884458, 2.7120153967, 4.8306497322, 3.1366910539, 2.9511818124, 5.9258708617, 7.0912932375, 2.9794285192, 2.5156506288, 4.8213074728, 6.0571340664, 0.79894299042, 3.069653521, 1.8284367478, 0.46770597964, 0.99162349547, 0.28634468786, 1.1420277925, 9.5476950411, 4.9022777193, 14.0498552742, 4.0889113215, 5.4678735398, 4.1977948596, 3.2345802425, 4.9705630969, 5.4260819347, 0.9511384201, 23.376019614, 3.1961219321],
      [33.5990557987, 19.5947275394, 34.3535071972, 46.7245478388, 16.1901865694, 65.6629180833, 31.1571878139, 7.9810707562, 22.3826372535, 8.5174662982, 74.4120531925, 24.2462456299, 30.7188479094, 43.5069338056, 21.7325761867, 36.0811622563, 68.5462743482, 104.5665813814, 28.1206958805, 25.8460009698, 85.1223954835, 68.3697348625, 17.8669848116, 36.3593189001, 32.641148807, 11.0661990847, 6.7004685051, 1.3179442995, 6.3221740399, 69.4639395746, 44.4453771598, 118.4924674051, 35.3299734419, 52.7466275622, 18.1886147206, 38.7486796824, 14.2310653576, 52.7419111614, 12.4941596063, 225.7367047413, 21.3527508026],
      [6.5538449856, 1.7415986542, 5.067258505, 10.5861065019, 6.9505524966, 10.0787139894, 3.2276188691, 0.5462862715, 1.3786549937, 0.92581090566, 6.5944304547, 2.6094899672, 4.4736477561, 5.966115129, 2.2747559973, 3.3173936143, 6.2719823381, 9.9320477809, 5.9404118587, 3.7652605492, 8.820711926, 11.0282705168, 1.6554544608, 5.8761241293, 1.8603412297, 0.39059578779, 1.0207641731, 0, 0.58107287262, 9.9845088604, 5.9959379174, 18.843478042, 4.3974565669, 7.749128289, 7.2890777245, 4.7403978757, 4.4443240792, 11.178817327, 1.4916878282, 22.8038807257, 1.7834421561],
      [13.2947507581, 9.7730856465, 13.3534372304, 26.7704659403, 8.6051425545, 26.4511644956, 7.6188468596, 1.2828568692, 8.8662037146, 2.93164041, 24.0322242228, 6.4689646166, 9.8867157818, 15.6112070343, 11.3734027389, 17.2760261796, 16.6972729717, 39.8329340846, 9.1974665578, 14.1046838287, 22.3100384869, 19.6628450538, 6.4041002067, 23.580208374, 6.8668677952, 1.8311511723, 1.5422285311, 1.3013086591, 2.4308532152, 24.0656467997, 16.2905173924, 35.2243439367, 13.6683916489, 12.0952385611, 7.9637388193, 14.3962642784, 2.4444942643, 29.1211084309, 3.3319725908, 68.6886567902, 4.3592515263],
      [1.0012846137, 0.24585154406, 0.67537613428, 1.7705050293, 0.53436364617, 1.2151530782, 0.52542604244, 0.063503260001, 0.3401758055, 0.27417725258, 1.2743078211, 0.6049423712, 0.60061460064, 0.67549449695, 0.69159375667, 0.46748418199, 0.9813212779, 1.2501642614, 0.47448063262, 0.38322964374, 0.51000620531, 1.1480619916, 0.20691186841, 0.51199426002, 0.3912411181, 0.053802197232, 0.18773741126, 0.083237380685, 0.29774461264, 1.4053684942, 0.66885740901, 1.8888236489, 0.83871347414, 0.86952319406, 0.43271390306, 0.68922998444, 0.47540536785, 0.9251866433, 0.18908300461, 3.9083808358, 0.26036359154]
    ],
    [
