{
  "Z_true": {},
  "V_true": [
    [34, 55, 307, 228, 307, 53],
    [80, 224, 316, 539, 663, 77],
    [58, 1579, 65, 69, 127, 16],
    [72, 35, 1554, 79, 220, 12],
    [265, 67, 109, 7045, 304, 30],
    [654, 32, 121, 212, 7964, 23],
    [443, 277, 232, 797, 1086, 330]
  ],
  "p_true": [
    [0.0346, 0.0559, 0.312, 0.2317, 0.312, 0.0539],
    [0.0421, 0.118, 0.1664, 0.2838, 0.3491, 0.0405],
    [0.0303, 0.825, 0.034, 0.0361, 0.0664, 0.0084],
    [0.0365, 0.0177, 0.788, 0.0401, 0.1116, 0.0061],
    [0.0339, 0.0086, 0.0139, 0.9009, 0.0389, 0.0038],
    [0.0726, 0.0036, 0.0134, 0.0235, 0.8843, 0.0026],
    [0.14, 0.0875, 0.0733, 0.2518, 0.3431, 0.1043]
  ],
  "Z_est": {},
  "V_est": [
    [0, 169.1407, 250.4944, 273.7376, 197.2766, 93.3507],
    [0, 83.0482, 356.076, 125.753, 1190.6138, 143.509],
    [0, 1894.7761, 0, 0, 19.2239, 0],
    [0, 0, 1932.6509, 17.8074, 16.5177, 5.0239],
    [372.6468, 0, 0, 7311.6094, 135.7439, 0],
    [829.6829, 0, 0, 0, 8176.3171, 0],
    [403.6703, 122.0349, 164.7787, 1240.0927, 935.307, 299.1164]
  ],
  "p_est": [
    [0, 0.1719, 0.2546, 0.2782, 0.2005, 0.0949],
    [0, 0.0437, 0.1875, 0.0662, 0.627, 0.0756],
    [0, 0.99, 0, 0, 0.01, 0],
    [0, 0, 0.98, 0.009, 0.0084, 0.0025],
    [0.0477, 0, 0, 0.935, 0.0174, 0],
    [0.0921, 0, 0, 0, 0.9079, 0],
    [0.1275, 0.0386, 0.0521, 0.3918, 0.2955, 0.0945]
  ],
  "EI_Z": {},
  "EI_V": 10.2175,
  "MAE_Z": {},
  "MAE_V": 130.2002,
  "MAE_p": 0.0536,
  "runtime": 0.0286
}
