{
  "X": [
    [64, 474, 556, 59],
    [4, 15, 28, 3],
    [82, 471, 349, 20],
    [38, 136, 87, 5],
    [7, 12, 22, 1],
    [15, 159, 100, 6],
    [43, 472, 417, 19],
    [15, 301, 352, 20],
    [0, 13, 9, 5],
    [2, 11, 11, 0],
    [16, 201, 119, 10],
    [28, 277, 309, 18],
    [14, 171, 171, 11],
    [0, 29, 28, 1],
    [8, 33, 45, 7],
    [11, 51, 49, 4],
    [6, 25, 41, 3],
    [98, 541, 453, 43],
    [14, 202, 124, 8],
    [15, 63, 73, 3],
    [17, 125, 187, 17],
    [3, 9, 35, 3],
    [4, 5, 18, 0],
    [1, 4, 18, 0],
    [4, 11, 23, 4],
    [31, 284, 393, 21],
    [7, 15, 29, 6],
    [53, 298, 324, 19],
    [22, 74, 424, 27],
    [11, 318, 173, 18],
    [100, 1093, 762, 39],
    [81, 426, 854, 57],
    [30, 234, 292, 10],
    [33, 215, 328, 15],
    [60, 315, 408, 32],
    [58, 297, 541, 46],
    [40, 118, 485, 26],
    [36, 233, 267, 15],
    [9, 57, 140, 11],
    [47, 495, 689, 35],
    [33, 305, 439, 38],
    [61, 502, 693, 46],
    [48, 366, 502, 36],
    [40, 344, 457, 34],
    [31, 243, 304, 21],
    [27, 214, 338, 25],
    [43, 322, 383, 32],
    [35, 232, 329, 16],
    [45, 272, 435, 17],
    [1, 6, 12, 0],
    [2, 27, 19, 0],
    [39, 294, 366, 19],
    [152, 1322, 1784, 109],
    [18, 98, 107, 4],
    [42, 157, 238, 13],
    [211, 762, 927, 56],
    [35, 136, 105, 7]
  ],
  "W": [
    [80, 378, 542, 83, 70],
    [5, 24, 16, 3, 2],
    [115, 210, 495, 52, 50],
    [50, 46, 144, 8, 18],
    [18, 5, 15, 1, 3],
    [36, 48, 157, 5, 34],
    [79, 240, 507, 61, 64],
    [59, 217, 308, 49, 55],
    [2, 7, 14, 1, 3],
    [4, 7, 13, 0, 0],
    [29, 65, 203, 17, 32],
    [61, 193, 302, 46, 30],
    [32, 101, 187, 23, 24],
    [8, 16, 29, 4, 1],
    [7, 38, 41, 2, 5],
    [10, 28, 59, 7, 11],
    [11, 25, 31, 4, 4],
    [125, 288, 605, 45, 72],
    [35, 47, 215, 16, 35],
    [18, 54, 70, 4, 8],
    [32, 131, 148, 23, 12],
    [2, 32, 12, 3, 1],
    [6, 13, 5, 0, 3],
    [2, 16, 5, 0, 0],
    [6, 19, 11, 1, 5],
    [63, 249, 313, 52, 52],
    [6, 22, 19, 6, 4],
    [127, 175, 299, 36, 57],
    [32, 362, 80, 35, 38],
    [27, 101, 352, 15, 25],
    [200, 400, 1188, 97, 109],
    [120, 592, 487, 110, 109],
    [59, 167, 290, 25, 25],
    [69, 203, 242, 44, 33],
    [87, 297, 348, 38, 45],
    [78, 385, 350, 68, 61],
    [51, 400, 140, 48, 30],
    [72, 147, 247, 49, 36],
    [16, 96, 65, 14, 26],
    [100, 409, 577, 88, 92],
    [73, 278, 345, 64, 55],
    [118, 456, 545, 85, 98],
    [82, 341, 407, 65, 57],
    [72, 291, 381, 70, 61],
    [63, 172, 264, 51, 49],
    [51, 208, 239, 65, 41],
    [70, 253, 351, 61, 45],
    [63, 214, 256, 37, 42],
    [99, 266, 298, 44, 62],
    [1, 8, 10, 0, 0],
    [6, 10, 28, 0, 4],
    [79, 254, 306, 37, 42],
    [262, 1218, 1436, 243, 208],
    [40, 59, 104, 7, 17],
    [50, 186, 175, 22, 17],
    [254, 675, 809, 86, 132],
    [63, 56, 142, 6, 16]
  ],
  "method": "mult",
  "cond_prob": [
    [
      [0.50200795898, 0.20466426819, 0.292991774, 0.00033599883487],
      [0.037214803648, 0.00050722657083, 0.88164050224, 0.080637467546],
      [0.016687301624, 0.82374531098, 0.14862425123, 0.010943136169],
      [0.00019165432543, 0.05797304971, 0.78011634932, 0.16171894664],
      [0.01016775305, 0.087905788924, 0.77137924394, 0.13054721409]
    ],
    [
      [0.55016035336, 0.19200572102, 0.25751682819, 0.00031709743192],
      [0.044148181127, 0.0025994064748, 0.86890762191, 0.084344790483],
      [0.01048717225, 0.85130124977, 0.12825281757, 0.0099587604093],
      [0.00019902240423, 0.058968382638, 0.76377149891, 0.17706109605],
      [0.010625031464, 0.089930247645, 0.75763667762, 0.14180804328]
    ],
    [
      [0.52215192381, 0.21187247567, 0.26580098456, 0.00017461595869],
      [0.043969886057, 0.00059569308654, 0.90785321491, 0.047581205941],
      [0.024439976018, 0.88407342868, 0.089574586261, 0.0019120090376],
      [0.00023417545004, 0.070403478209, 0.83060456338, 0.098757782956],
      [0.012177748752, 0.10464483369, 0.80505708296, 0.078120334596]
    ],
    [
      [0.56969754839, 0.19189709452, 0.23823408909, 0.00017126799726],
      [0.0520635147, 0.0005907249929, 0.89583154489, 0.051514215417],
      [0.0476234769, 0.86071590505, 0.090108602928, 0.0015520151217],
      [0.00027793744252, 0.070054608278, 0.8216183156, 0.10804913868],
      [0.014455373971, 0.10413581837, 0.79619217411, 0.085216633556]
    ],
    [
      [0.37590168844, 0.038461828473, 0.5767565675, 0.0088799155866],
      [0.017898162725, 0.00025427322387, 0.92807483661, 0.053772727438],
      [0.0085821194355, 0.74239068851, 0.23837748631, 0.010649705749],
      [9.540830997e-05, 0.030277908803, 0.84790720866, 0.12171947422],
      [0.0051505315242, 0.046759161658, 0.85147936622, 0.096610940599]
    ],
    [
      [0.39149961806, 0.27788791109, 0.33038892954, 0.00022354131151],
      [0.013772934732, 0.013318921207, 0.92300982182, 0.049898322243],
      [0, 0.91886137277, 0.078936779543, 0.0022018476844],
      [0.00013751610325, 0.073456904875, 0.82463856529, 0.10176701373],
      [0.0071830971254, 0.10965314509, 0.80250764337, 0.080656114413]
    ],
    [
      [0.41851356699, 0.24438021297, 0.3369400037, 0.00016621634024],
      [0.028549974291, 0.00055778927479, 0.9341343164, 0.036757920033],
      [0.0050638934092, 0.87223198095, 0.1195167803, 0.0031873453339],
      [0.00015248429692, 0.066121285226, 0.85722812842, 0.076498102053],
      [0.0079490449656, 0.098516890742, 0.83286844255, 0.060665621744]
    ],
    [
      [0.24402557042, 0.31939686123, 0.43631285493, 0.00026471341882],
      [0.0018663418884, 0.011610071213, 0.94098175973, 0.045541827169],
      [0, 0.87992224178, 0.11517819959, 0.0048995586284],
      [6.7218619299e-05, 0.065516246574, 0.84196335064, 0.092453184168],
      [0.0035309353322, 0.098360966986, 0.82424381894, 0.073864278744]
    ],
    [
      [7.0184597117e-33, 0.49139184632, 0.50566148219, 0.002946671484],
      [5.2606245335e-33, 0.00050840669896, 0.67902307727, 0.32046851603],
      [0, 0.83942863759, 0.095986523743, 0.064584838669],
      [0, 0.04337587185, 0.44312482639, 0.51349930176],
      [2.9766438311e-34, 0.072760220796, 0.48285977865, 0.44438000055]
    ],
    [
      [0.46778387009, 0.18908852519, 0.34312760472, 0],
      [0.01840921709, 0.00040717353959, 0.98118360937, 0],
      [0, 0.78775351419, 0.21224648581, 0],
      [0.00013959114826, 0.051902912667, 0.94795749618, 0],
      [0.0072746538356, 0.077211997319, 0.91551334885, 0]
    ],
    [
      [0.44482172386, 0.26121460869, 0.29370058337, 0.00026308408628],
      [0.032978993638, 0.0006579817211, 0.90186525331, 0.064497771332],
      [0.0033016247178, 0.92864905117, 0.066566289636, 0.0014830344752],
      [0.00016913269938, 0.074997368991, 0.79527895751, 0.1295545408],
      [0.0088571983755, 0.11222796486, 0.77589820448, 0.10301663228]
    ],
    [
      [0.38116251361, 0.25156084341, 0.36703967462, 0.00023696836316],
      [0.023559674438, 0.00052319353821, 0.92803799933, 0.047879132693],
      [0, 0.8476161364, 0.14619534094, 0.0061885226542],
      [0.00012454657869, 0.06121223228, 0.84039685186, 0.098266369278],
      [0.0065446786913, 0.091932544031, 0.82299992755, 0.078522849725]
    ],
    [
      [0.36893785301, 0.25790085337, 0.37289891805, 0.00026237556353],
      [0.020243394807, 0.0010769965436, 0.92598192457, 0.052697684081],
      [0, 0.85041347139, 0.14327976804, 0.0063067605723],
      [0.0001160858412, 0.061078213349, 0.83241608636, 0.10638961445],
      [0.0061139939063, 0.091928249377, 0.81684056795, 0.085117188769]
    ],
    [
      [0, 0.40696250909, 0.59278856607, 0.0002489248462],
      [2.5518571763e-33, 0.0005301794769, 0.96674525338, 0.032724567139],
      [5.3926038443e-33, 0.8756918517, 0.11940163819, 0.0049065101078],
      [0, 0.061881618421, 0.86877781608, 0.069340565499],
      [0, 0.09322688273, 0.85200864539, 0.05476447188]
    ],
    [
      [0.62021177095, 0.15255626417, 0.22680954002, 0.00042242486344],
      [0.050493969243, 0.00044975459199, 0.8257085358, 0.12334774036],
      [0.04076986882, 0.76659520305, 0.17245440514, 0.02018052299],
      [0.00025022977436, 0.049836129747, 0.70608792342, 0.24382571705],
      [0.013536338192, 0.076987978327, 0.71052048038, 0.1989552031]
    ],
    [
      [0.62702199147, 0.15371213524, 0.21907824396, 0.00018762932908],
      [0.057629487751, 0.00050222497086, 0.88146887801, 0.060399409265],
      [0.049767448274, 0.81427782472, 0.13098533436, 0.0049693926459],
      [0.00030792834614, 0.059889862901, 0.81171219936, 0.12809000939],
      [0.016156316521, 0.089745059045, 0.79254262303, 0.1015560014]
    ],
    [
      [0.46245742412, 0.18863082249, 0.34861352321, 0.00029823018014],
      [0.027460724449, 0.00039648776642, 0.90964719453, 0.062495593257],
      [0.0062943740569, 0.72406076246, 0.25393553029, 0.015709333192],
      [0.00014409709052, 0.046474023413, 0.82204391888, 0.13133796061],
      [0.0076870598366, 0.070842257137, 0.81597356673, 0.1054971163]
    ],
    [
      [0.53885019022, 0.19535811698, 0.26549809819, 0.00029359460506],
      [0.043983022076, 0.00053204306858, 0.878031287, 0.077453647859],
      [0.028263088632, 0.83804819259, 0.12614004929, 0.0075486694893],
      [0.00022806444763, 0.061216783585, 0.78211685024, 0.15643830173],
      [0.012044226967, 0.092404099916, 0.76985748601, 0.12569418711]
    ],
    [
      [0.3713018745, 0.2674138142, 0.36103710764, 0.00024720365871],
      [0.016622777419, 0.0069867685659, 0.92577718121, 0.050613272808],
      [0, 0.87367723566, 0.12136554632, 0.0049572180172],
      [0.00012035932879, 0.065251613641, 0.83107344107, 0.10355458596],
      [0.0063210886996, 0.097928768435, 0.81318303427, 0.082567108599]
    ],
    [
      [0.55154408059, 0.18473563065, 0.26358788957, 0.00013239917804],
      [0.04542778462, 0.00052419236454, 0.91716734567, 0.03688067734],
      [0.035934243957, 0.83769647254, 0.1236369822, 0.0027323013014],
      [0.00024679007338, 0.063402035372, 0.85725470027, 0.079096474285],
      [0.012840242815, 0.094261380139, 0.83059672077, 0.062301656275]
    ],
    [
      [0.41448983654, 0.22412558148, 0.36100958142, 0.0003750005517],
      [0.025057063907, 0.00045852911334, 0.89985783344, 0.074626573538],
      [0.0024886894636, 0.7810890722, 0.20093377253, 0.0154884658],
      [0.00012908416734, 0.052492120882, 0.79700316639, 0.15037562856],
      [0.006879573531, 0.079951051027, 0.79142050431, 0.12174887113]
    ],
    [
      [0.62178083187, 0.13879009532, 0.23919322964, 0.00023584317249],
      [0.044275140283, 0, 0.88521136307, 0.070513496644],
      [0.027217846402, 0.70870772703, 0.24909293858, 0.014981487987],
      [0.00023095889251, 0.048176310514, 0.80338674646, 0.14820598413],
      [0.012326813716, 0.073398153422, 0.79557442004, 0.11870061282]
    ],
    [
      [0.57085818971, 0.096181440057, 0.33296037023, 0],
      [0.037506383412, 0, 0.96249361659, 0],
      [0.010894885111, 0.83647561566, 0.15262949923, 0],
      [0.00021124833398, 0.054063893042, 0.94572485862, 0],
      [0.010931150602, 0.080177760459, 0.90889108894, 0]
    ],
    [
      [0.43733630939, 0.19793197146, 0.36473171915, 0],
      [0.0060313558957, 0, 0.9939686441, 0],
      [0.0057651373797, 0.72082721141, 0.27340765121, 0],
      [0.00010953456347, 0.05116463669, 0.94872582875, 0],
      [0.0057240298772, 0.076488609832, 0.91778736029, 0]
    ],
    [
      [0.53312129097, 0.20318863601, 0.2631675067, 0.00052256631518],
      [0.034146265982, 0, 0.83343343372, 0.13242030029],
      [0.0096023926256, 0.84561376192, 0.1294720404, 0.015311805055],
      [0.0001715091188, 0.054539297311, 0.68678380133, 0.25850539224],
      [0.0093390744998, 0.084915501097, 0.69495669466, 0.21078872974]
    ],
    [
      [0.38633286119, 0.244484159, 0.3689696375, 0.00021334231342],
      [0.023974095105, 0.00050846750214, 0.9325062533, 0.04301118409],
      [0.0010779772363, 0.8328380281, 0.15984949821, 0.0062344964462],
      [0.00012730672382, 0.059940460329, 0.85090395625, 0.089028276697],
      [0.0066817930674, 0.089916977714, 0.83232609807, 0.071075131153]
    ],
    [
      [0.67425948034, 0.12877275283, 0.19654556332, 0.00042220350921],
      [0.059252171319, 0, 0.80220598127, 0.13854184741],
      [0.083462168961, 0.71900147117, 0.17542098973, 0.02211537014],
      [0.00029100053849, 0.046343294954, 0.6806713977, 0.2726943068],
      [0.015842033859, 0.072068940283, 0.68879196025, 0.22329706561]
    ],
    [
      [0.3902026383, 0.25287704606, 0.3566779414, 0.00024237425091],
      [0.017413573302, 0.0078178109159, 0.92440582334, 0.05036279244],
      [0, 0.85910811008, 0.13492483697, 0.0059670529464],
      [0.00013099911861, 0.062869988518, 0.83431791784, 0.10268109452],
      [0.0068802392987, 0.094383398927, 0.81671773793, 0.082018623849]
    ],
    [
      [0.40684957532, 0.22720536925, 0.36568463695, 0.00026041847141],
      [0.022391212545, 0, 0.92409424888, 0.053514538578],
      [0.0075643986136, 0.77040548003, 0.21508063261, 0.0069494887393],
      [0.00013232023754, 0.055198798507, 0.83684358759, 0.10782529367],
      [0.0069845145009, 0.083290311409, 0.82315782499, 0.086567349104]
    ],
    [
      [0.33242996993, 0.28961520815, 0.37749576411, 0.0004590578099],
      [0.018773115978, 0.00084766711252, 0.89361440856, 0.086764808349],
      [0, 0.871522255, 0.11925137194, 0.0092263730611],
      [9.5225211001e-05, 0.062536499792, 0.76777099822, 0.16959727678],
      [0.0050751087968, 0.095235749751, 0.76238044838, 0.13730869307]
    ],
    [
      [0.41386805867, 0.2454876654, 0.34044500526, 0.00019927067442],
      [0.027924195835, 0.00055152899703, 0.92819458169, 0.043329693481],
      [0.0043756783618, 0.86432379679, 0.12692659985, 0.0043739249917],
      [0.00014808978938, 0.064888866312, 0.84553274072, 0.089430303176],
      [0.0077434800799, 0.09698132751, 0.82410724585, 0.071167946556]
    ],
    [
      [0.45997793797, 0.20889235192, 0.33089171628, 0.00023799382679],
      [0.03144409307, 0, 0.9155646593, 0.052991247632],
      [0.012753574731, 0.79169639556, 0.18696192698, 0.0085881027364],
      [0.00016696914136, 0.056106505881, 0.83520181351, 0.10852471147],
      [0.0087925398757, 0.084450068697, 0.81978034695, 0.086977044482]
    ],
    [
      [0.40434163706, 0.20892572753, 0.3865760577, 0.00015657771067],
      [0.024210641248, 0.0004198563564, 0.94482534349, 0.030544158906],
      [0.006635572346, 0.75320605943, 0.23336227202, 0.0067960962035],
      [0.00013184720423, 0.050765529879, 0.88416794438, 0.064934678534],
      [0.0069221665872, 0.076174823311, 0.86507690949, 0.051826100614]
    ],
    [
      [0.39732425338, 0.22992823113, 0.37255797158, 0.00018954390899],
      [0.024529755507, 0.00047557532687, 0.93696109137, 0.038033577792],
      [0.0015347971914, 0.8005905202, 0.19097750346, 0.0068971791453],
      [0.00013158883324, 0.056638708161, 0.86365305847, 0.079576644537],
      [0.0069053127196, 0.084951551917, 0.8446396364, 0.063503498963]
    ],
    [
      [0.48930077597, 0.21016504486, 0.3002596935, 0.00027448567725],
      [0.036029445706, 0.00051733748099, 0.89796454687, 0.065488669943],
      [0.018034544542, 0.83393810773, 0.140436898, 0.0075904497246],
      [0.00018832236021, 0.060016939174, 0.80639910285, 0.13339563562],
      [0.0099313192367, 0.090464148607, 0.79259399626, 0.1070105359]
    ],
    [
      [0.48768970009, 0.19780621993, 0.31421128483, 0.00029279514688],
      [0.034337704262, 0, 0.89842272981, 0.067239565932],
      [0.017561491592, 0.77966910367, 0.19100369115, 0.011765713589],
      [0.00018001982725, 0.054186924615, 0.80928551766, 0.1363475379],
      [0.0095315384719, 0.082003568645, 0.79862396237, 0.10984093051]
    ],
    [
      [0.47643102741, 0.19240872689, 0.33095932171, 0.00020092398605],
      [0.032586564895, 0, 0.92230755579, 0.045105879313],
      [0.017015196366, 0.73770326959, 0.23671145052, 0.0085700835208],
      [0.00017544847725, 0.052723087991, 0.85339001873, 0.093711444806],
      [0.0092280875415, 0.079266298734, 0.83652427679, 0.07498133693]
    ],
    [
      [0.4228858721, 0.23548377323, 0.34142501441, 0.00020534024876],
      [0.028169342649, 0.00052558194382, 0.92683063802, 0.044474437383],
      [0.0045416098266, 0.84854361922, 0.14169737422, 0.0052173967326],
      [0.00014960065618, 0.061967693129, 0.84573004846, 0.092152657755],
      [0.0078393272175, 0.092811579726, 0.82592420462, 0.073424888439]
    ],
    [
      [0.40917365991, 0.22564397712, 0.36488021824, 0.00030214473826],
      [0.018661627083, 0, 0.9173371846, 0.064001188312],
      [0.0074483061579, 0.7771734669, 0.20728523654, 0.0080929903963],
      [0.00012750123184, 0.053812211599, 0.82223097786, 0.12382930931],
      [0.0067607816941, 0.08154038673, 0.81202972003, 0.099669111544]
    ],
    [
      [0.36857029314, 0.23834816233, 0.39286668223, 0.00021486229359],
      [0.021686367841, 0.00046824853577, 0.93697675943, 0.040868624197],
      [0.0012180355946, 0.79448709274, 0.1964398384, 0.0078550332672],
      [0.00011578478497, 0.055477520687, 0.85945518105, 0.08495151348],
      [0.0060896808669, 0.083397780258, 0.84252167917, 0.067990859701]
    ],
    [
      [0.3722621144, 0.24652790731, 0.3808553436, 0.00035463468114],
      [0.019739250855, 0.00048487379688, 0.91004791985, 0.069727955502],
      [0, 0.80772862558, 0.18116559711, 0.011105777301],
      [0.0001130523899, 0.055623907673, 0.80814383925, 0.13611920069],
      [0.0060021556008, 0.0844065806, 0.79965275424, 0.10993850955]
    ],
    [
      [0.40154089067, 0.24340346706, 0.35479833724, 0.00025730502314],
      [0.025725236884, 0.00052020597616, 0.92051414005, 0.053240417092],
      [0.0021638273331, 0.84211636835, 0.14856458027, 0.0071552240552],
      [0.00013508844016, 0.060615729658, 0.83041660571, 0.10883257619],
      [0.0071091680341, 0.09117774686, 0.81455347565, 0.087159609459]
    ],
    [
      [0.43019918852, 0.22998479557, 0.33954741059, 0.0002686053224],
      [0.028497659613, 0.00050936899054, 0.9133617147, 0.057631256698],
      [0.0062586880825, 0.83052525854, 0.15512393881, 0.0080921145674],
      [0.00014942732658, 0.05927873239, 0.82285976503, 0.11771207525],
      [0.0078765927726, 0.089309721136, 0.80841122453, 0.094402461563]
    ],
    [
      [0.41690183979, 0.23560694129, 0.34721605534, 0.00027516358447],
      [0.027011445403, 0.00051094065362, 0.91466195415, 0.057815659795],
      [0.0043518320776, 0.83274214213, 0.15468255178, 0.0082234740133],
      [0.0001413792301, 0.059360074061, 0.82260022781, 0.1178983189],
      [0.0074556123796, 0.089469756756, 0.80848765875, 0.094586972117]
    ],
    [
      [0.40671974902, 0.23896138808, 0.35406256322, 0.00025629968204],
      [0.025927943912, 0.00051090357028, 0.92040921466, 0.053151937859],
      [0.0021153506837, 0.83492463603, 0.15534900258, 0.0076110106982],
      [0.00013627602363, 0.059618389731, 0.83128822241, 0.10895711184],
      [0.0071764653323, 0.089732966273, 0.81583341982, 0.087257148576]
    ],
    [
      [0.40739172709, 0.23389375091, 0.35844213725, 0.00027238474828],
      [0.025556042937, 0.00049286074641, 0.91828781622, 0.055663280094],
      [0.0025454417471, 0.81456796965, 0.17346363744, 0.009422951168],
      [0.00013415552059, 0.057450449563, 0.82847145947, 0.11394393545],
      [0.0070801049003, 0.086655602472, 0.81480807348, 0.091456219148]
    ],
    [
      [0.45174358716, 0.22827857387, 0.31968819276, 0.00028964620031],
      [0.031355788873, 0.00053060306132, 0.90286078066, 0.065252827409],
      [0.008683779342, 0.84899397709, 0.13482282031, 0.0074994232579],
      [0.00016299008946, 0.06122419342, 0.80641577553, 0.13219704096],
      [0.0085996748669, 0.092326566595, 0.79297503922, 0.10609871931]
    ],
    [
      [0.42760569957, 0.2269802776, 0.34522668044, 0.00018734238936],
      [0.028289566699, 0.00050342825355, 0.9309021746, 0.04030483045],
      [0.0065166482933, 0.82663781412, 0.1612325558, 0.0056129817836],
      [0.00015137226365, 0.059805324573, 0.85593318215, 0.084110121015],
      [0.007928831352, 0.089534081905, 0.83553789867, 0.06699918807]
    ],
    [
      [0.38776616974, 0.23483654213, 0.37723175295, 0.00016553517956],
      [0.023262795733, 0.00048294495094, 0.94264752055, 0.033606738769],
      [0, 0.80779010398, 0.18693075396, 0.0052791420587],
      [0.00012865234019, 0.057767963078, 0.87280241946, 0.069300965123],
      [0.0067352391651, 0.086443187262, 0.85163136864, 0.055190204931]
    ],
    [
      [0.68612581767, 0.083038011871, 0.23083617046, 0],
      [0.029641527757, 0.00026154594079, 0.9700969263, 0],
      [0.0076741960269, 0.59148696206, 0.40083884191, 0],
      [0.00016679486078, 0.034212397136, 0.965620808, 0],
      [0.0088210802598, 0.051347507324, 0.93983141242, 0]
    ],
    [
      [0.32977855408, 0.28853782068, 0.38168362524, 0],
      [0, 0.019284500187, 0.98071549981, 0],
      [0, 0.88125636882, 0.11874363118, 0],
      [0.00010320109918, 0.067928464342, 0.93196833456, 0],
      [0.0053321688836, 0.10018743674, 0.89448039438, 0]
    ],
    [
      [0.40125941762, 0.25137622199, 0.34715678363, 0.00020757675829],
      [0.02640104934, 0.00055337267215, 0.9287400423, 0.044305535686],
      [0.00092376783253, 0.87424231028, 0.12058983185, 0.0042440900411],
      [0.00013957449539, 0.064937974538, 0.84361178725, 0.091310663714],
      [0.0073048157758, 0.097139757162, 0.82286949226, 0.072685934807]
    ],
    [
      [0.41682307985, 0.23992257079, 0.34302588138, 0.00022846798259],
      [0.027791934115, 0.00053203830932, 0.92267457897, 0.049001448603],
      [0.005086743222, 0.85230357001, 0.13697875825, 0.0056309285202],
      [0.00014676037752, 0.062322782883, 0.83690107886, 0.10062937788],
      [0.0076997658158, 0.093461062601, 0.81846693692, 0.080372234664]
    ],
    [
      [0.40714968211, 0.23406939544, 0.35861767835, 0.00016324409475],
      [0.025830665543, 0.00050170752913, 0.9394700041, 0.034197622827],
      [0.00063029037587, 0.83331435445, 0.16128237983, 0.0047729753424],
      [0.00013883161457, 0.059927371631, 0.86772679794, 0.072206998812],
      [0.0072636134229, 0.089614057267, 0.84582985507, 0.057292474242]
    ],
    [
      [0.53995260973, 0.18749435372, 0.27237607458, 0.00017696197516],
      [0.056742004628, 0, 0.89776171157, 0.045496283806],
      [0.024187635613, 0.82695681962, 0.14304442372, 0.0058111210482],
      [0.00023676152355, 0.061361547831, 0.83948123093, 0.098920459712],
      [0.012371274526, 0.091640284014, 0.81742098168, 0.078567459779]
    ],
    [
      [0.55206819796, 0.19171356314, 0.25603749588, 0.00018074302074],
      [0.04810321419, 0.0005557540238, 0.90063789329, 0.050703138493],
      [0.045131503028, 0.85818996297, 0.094713180591, 0.0019653534086],
      [0.00025750946452, 0.066000116453, 0.82813824025, 0.10560413383],
      [0.013420275579, 0.098317658621, 0.8044927751, 0.083769290703]
    ],
    [
      [0.48203120008, 0.21808360325, 0.29961663682, 0.00026855984731],
      [0.035309669858, 0.00053635229731, 0.89963156523, 0.064522412612],
      [0.017594130995, 0.84761510063, 0.12853863852, 0.0062521298565],
      [0.00018407582734, 0.062099313303, 0.80561777188, 0.13209883899],
      [0.0097013641755, 0.093547318564, 0.7911619329, 0.10558938436]
    ]
  ],
  "expected_outcome": [
    [
      [40.1606367185, 2.7508017668, 60.0474712383, 28.4848774193, 6.766230392, 14.0939862501, 33.0625717918, 14.3975086546, 1.4036919423e-32, 1.8711354804, 12.8998299919, 23.25091333, 11.8060112964, 0, 4.3414823967, 6.2702199147, 5.0870316653, 67.3562737781, 12.9955656075, 9.9277934507, 13.2636747693, 1.2435616637, 3.4251491383, 0.87467261877, 3.1987277458, 24.3389702547, 4.0455568821, 49.5557350638, 13.0191864103, 8.9756091881, 82.7736117339, 55.1973525569, 23.8561565864, 27.4153734833, 42.5691675093, 38.0397966071, 24.2979823978, 30.4477827915, 6.5467785585, 36.857029314, 27.1751343514, 47.3818250996, 35.2763334583, 30.0169324648, 25.6233441881, 20.7769780818, 31.6220511015, 26.9391590729, 38.3888508039, 0.68612581767, 1.9786713245, 31.699493992, 109.2076469203, 16.2859872844, 26.9976304865, 140.225322282, 30.3679656048],
      [16.3731414551, 0.9600286051, 24.3653347019, 9.5948547262, 0.69231291251, 10.0039647993, 19.3060368248, 18.8444148127, 0.98278369264, 0.75635410075, 7.575223652, 15.3452114481, 8.2528273079, 3.2557000727, 1.0678938492, 1.5371213524, 2.0749390474, 24.419764622, 9.3594834969, 3.3252413518, 7.1720186075, 0.27758019064, 0.57708864034, 0.39586394293, 1.219131816, 15.4025020171, 0.77263651699, 32.1153848491, 7.2705718161, 7.8196106199, 49.0975330797, 25.0670822299, 12.3266179242, 15.8650479483, 18.2843589026, 15.4288851545, 9.8128450716, 16.9548316729, 3.6103036339, 23.8348162332, 17.996537234, 28.721609113, 18.8587532366, 16.9636997726, 15.0545674492, 11.9285812964, 15.9795001711, 14.2997574889, 23.2488176713, 0.083038011871, 1.7312269241, 19.8587215371, 62.8597135476, 9.3627758177, 9.3747176858, 48.6952450367, 13.739267005],
      [23.4393419197, 1.2875841409, 30.5671132246, 11.9117044546, 10.381618215, 11.8940014635, 26.6182602925, 25.742458441, 1.0113229644, 1.3725104189, 8.5173169176, 22.3894201517, 11.9327653776, 4.7423085285, 1.5876667801, 2.1907824396, 3.8347487553, 33.1872622743, 12.6362987675, 4.7445820123, 11.5523066056, 0.47838645928, 1.9977622214, 0.7294634383, 1.5790050402, 23.2450871625, 1.1792733799, 45.2980985572, 11.7019083825, 10.1923856311, 68.0890010514, 39.7070059541, 22.8079874044, 25.7065000387, 26.1225933341, 24.508480217, 16.8789254073, 24.5826010378, 5.8380834918, 39.2866682234, 27.8024400829, 41.8662037947, 27.8428876687, 24.9995559845, 22.3059414827, 18.2805489996, 22.3781734934, 21.7492808676, 37.345943542, 0.23083617046, 2.2901017514, 27.425385907, 89.8727809207, 14.3447071341, 13.6188037289, 65.0335239541, 18.8758481198],
      [0.02687990679, 0.0015854871596, 0.020080835249, 0.0085633998629, 0.15983848056, 0.0080474872145, 0.013131090879, 0.01561809171, 0.005893342968, 0, 0.0076294385021, 0.014455070152, 0.0083960180328, 0.0019913987696, 0.0029569740441, 0.0018762932908, 0.0032805319815, 0.036699325632, 0.0086521280548, 0.0023831852048, 0.012000017654, 0.00047168634497, 0, 0, 0.0031353978911, 0.013440565745, 0.0025332210552, 0.030781529866, 0.0083333910851, 0.012394560867, 0.039854134884, 0.028559259214, 0.0092380849296, 0.01307852972, 0.023880253921, 0.022838021456, 0.010247123288, 0.014784497911, 0.0048343158122, 0.021486229359, 0.025888331723, 0.030361992731, 0.022025636437, 0.019811778082, 0.016146879968, 0.013891622162, 0.020275234022, 0.01180257053, 0.016387982777, 0, 0, 0.016398563905, 0.05985861144, 0.0065297637899, 0.0088480987581, 0.045908727268, 0.01691927038]
    ],
    [
      [14.067195779, 1.0595563471, 9.233676072, 2.3949216762, 0.089490813625, 0.66110086715, 6.8519938298, 0.40499618978, 3.6824371735e-32, 0.12886451963, 2.1436345864, 4.5470171666, 2.0445828755, 4.0829714821e-32, 1.9187708312, 1.613625657, 0.68651811122, 12.6671103578, 0.78127053871, 2.4531003695, 3.2824753718, 1.416804489, 0.48758298435, 0.096501694331, 0.64877905366, 5.9695496812, 1.303547769, 3.0473753279, 8.1056189412, 1.8960847138, 11.169678334, 18.6149030972, 4.0431770884, 4.979540368, 10.7007453747, 13.2200161407, 13.0346259579, 4.1408933694, 1.7915162, 8.8697244471, 5.4875117376, 11.7307080191, 9.7177019279, 7.8603306124, 4.4596063529, 5.3156569309, 7.933014585, 6.0539672735, 6.1879036649, 0.23713222206, 0, 6.7058665324, 33.8505757515, 1.5240092671, 10.5540128608, 32.4696695781, 1.9773415121],
      [0.19173164377, 0.062385755396, 0.12509554817, 0.027173349673, 0.0012713661193, 0.63930821793, 0.13386942595, 2.5193854531, 0.0035588468927, 0.0028502147771, 0.042768811872, 0.10097635287, 0.10877665091, 0.0084828716304, 0.017090674495, 0.014062299184, 0.0099121941606, 0.15322840375, 0.3283781226, 0.028306387685, 0.060067313847, 0, 0, 0, 0, 0.12660840803, 0, 1.3681169103, 0, 0.085614378364, 0.22061159881, 0, 0.070116011519, 0.096541791354, 0.15364923185, 0, 0, 0.077260545742, 0, 0.19151365113, 0.13479491553, 0.23721392513, 0.17369482578, 0.1486837302, 0.087875414088, 0.10251503525, 0.13424257451, 0.10773364626, 0.12846335695, 0.0020923675263, 0.19284500187, 0.14055665873, 0.64802266075, 0.029600744219, 0, 0.37513396606, 0.030035728649],
      [333.260109845, 20.853782926, 190.6491751321, 41.208251065, 4.6403741831, 44.3044714473, 224.1922359363, 204.1930418615, 4.7531615409, 6.8682852656, 58.6212414651, 179.1113338708, 93.5241743815, 15.4679240541, 31.3769243605, 24.6811285844, 22.7411798632, 252.8730106551, 43.5115275167, 49.5270366664, 117.8813761808, 28.3267636184, 12.5124170156, 15.9034983057, 15.8352352408, 232.1940570724, 17.648531588, 161.7710190849, 334.5221180934, 90.2550552646, 371.2778326749, 542.0142783047, 157.7858323627, 190.2031015489, 266.6954704205, 345.8927509754, 368.9230223169, 136.2441037896, 88.0643697221, 383.2234946051, 252.9933217174, 419.7544478618, 311.4563447123, 266.166628657, 158.3103849214, 191.0038657742, 228.423777506, 199.2130653639, 250.7442404655, 7.7607754104, 9.8071549981, 235.8999707447, 1123.8176371897, 55.4287302419, 166.9836783513, 607.9305779731, 50.379367653],
      [30.4809627322, 2.0242749716, 9.9920532477, 2.3696539092, 0.26886363719, 2.3951194677, 8.821900808, 9.8825764956, 2.2432796122, 0, 4.1923551366, 9.2406726098, 5.3224660922, 0.52359307423, 4.6872141338, 1.6911834594, 1.5623898314, 22.3066505834, 2.378823822, 1.9915565764, 9.7760811335, 2.2564318926, 0, 0, 2.5159857056, 10.7097848384, 3.047920643, 8.8134886769, 19.3722629654, 8.7632456432, 17.3318773923, 31.3708185981, 5.1008745373, 7.7208162917, 19.450134973, 25.8872328839, 18.0423517252, 6.5377422953, 6.144114078, 16.7152672967, 19.3843716295, 24.2776301939, 19.652258534, 16.8243570005, 9.1421333117, 11.5779622597, 16.5089653346, 8.6252337164, 8.9393925126, 0, 0, 11.2536060642, 59.683764398, 2.0176597468, 8.4623087879, 34.2246184827, 3.6132551063]
    ],
    [
      [9.04451748, 0.167794756, 12.0977881287, 6.8577806735, 0.12873179153, 0, 2.5673939585, 0, 0, 0, 0.67022981772, 0, 0, 1.5638551148e-31, 1.6715646216, 2.9362794482, 0.19512559576, 17.0991686223, 0, 2.515397077, 0.36832604062, 0.32661415682, 0.054474425556, 0.028825686899, 0.10562631888, 0.33740687495, 1.5857812103, 0, 0.60515188909, 0, 5.1983058938, 6.210990894, 1.9243159803, 0.37142092032, 6.2760215006, 6.1465220571, 2.3821274912, 1.1217776272, 0.48413990027, 0.70280653811, 0, 1.1792858965, 2.5472860496, 1.6580480216, 0.55845258051, 0.60836057755, 3.048006549, 1.6682619631, 0, 0.076741960269, 0, 0.28267295675, 7.3045632667, 0.06555019909, 4.2328362322, 36.5113859496, 2.4983666013],
      [446.4699585505, 13.6208199963, 437.6163471986, 123.9430903272, 11.1358603276, 144.2612355252, 442.2216143429, 271.0160504679, 11.7520009262, 10.2407956845, 188.5157573876, 255.9800731932, 159.0273191491, 25.3950636993, 31.4304033252, 48.0423916586, 22.4458836362, 507.019156519, 187.840605667, 58.6387530779, 115.6011826861, 8.5044927244, 4.1823780783, 3.6041360571, 9.3017513812, 260.6783027967, 13.6610279522, 256.8733249151, 61.6324384026, 306.7758337611, 1026.8166705906, 385.5561446353, 218.4297572345, 193.7429058881, 290.2104614896, 272.8841862843, 103.2784577428, 209.5902739479, 50.5162753487, 458.4190525114, 278.6663758264, 458.9534207487, 338.0237802275, 317.2747561508, 220.420103913, 194.6817447454, 297.996885959, 211.6192804156, 240.7214509861, 5.9148696206, 24.6751783271, 267.5181469454, 1223.9079265301, 86.6646928631, 144.7174434337, 694.2756800444, 120.3613442895],
      [80.5543441659, 2.0520450811, 44.339420199, 12.9756388217, 3.5756622946, 12.3930743883, 60.5950076143, 35.4748854746, 1.3438113324, 2.7592043155, 13.5129567962, 44.1509929653, 26.7933166239, 3.4626475076, 7.0706306106, 7.7281347271, 7.872001439, 76.3147298176, 26.0935924593, 8.654588754, 29.7381983348, 2.9891152629, 0.76314749616, 1.367038256, 1.4241924444, 50.0328929407, 3.3329988049, 40.3425262539, 17.2064506091, 41.9764829214, 150.7888006254, 91.0504584381, 67.6750588862, 46.2165558385, 48.8720405056, 66.8512919025, 33.1396030732, 34.999251432, 13.4735403753, 113.3457867553, 62.5021310046, 80.9676962447, 63.135443094, 58.9340522286, 41.0121366821, 41.4578093478, 47.3228099285, 41.2755342847, 55.7053646804, 4.0083884191, 3.3248216729, 36.9004885453, 196.7014968482, 16.7733675022, 25.0327741507, 76.6229630985, 18.2524866695],
      [5.9311798036, 0.15934016655, 0.94644447359, 0.22349017753, 0.15974558623, 0.34569008644, 1.6159840843, 1.5090640576, 0.90418774137, 0, 0.30105599847, 1.8689338416, 1.179364227, 0.14228879313, 0.82740144258, 0.29319416611, 0.48698932895, 4.566945041, 1.0658018737, 0.1912610911, 2.2922929385, 0.17977785584, 0, 0, 0.1684298556, 1.9513973877, 0.42019203265, 1.784148831, 0.55595909914, 3.2476833175, 5.1962228902, 4.1824060326, 1.970867899, 1.6691173532, 2.6414765042, 4.1179997561, 1.1998116929, 1.288696993, 0.52604437576, 4.5323541952, 3.831493169, 3.8995971101, 3.2934906289, 3.1331435991, 2.0093068243, 2.2520853292, 2.6322975635, 1.4369233366, 1.5731843335, 0, 0, 1.2986915526, 8.0860133549, 0.49638943561, 1.0169461834, 1.5899709075, 0.88780243962]
    ],
    [
      [0.015907309011, 0.0005970672127, 0.012177123402, 0.0022234995401, 9.540830997e-05, 0.00068758051625, 0.0093015421121, 0.0032937123457, 0, 0, 0.0028752558894, 0.0057291426197, 0.0026699743477, 0, 0.00050045954872, 0.002155498423, 0.00057638836206, 0.010262900143, 0.0019257492607, 0.00098716029351, 0.0029689358489, 0.00069287667754, 0, 0, 0.0001715091188, 0.0066199496386, 0.0017460032309, 0.0047159682699, 0.0046312083138, 0.001428378165, 0.01436470957, 0.018366605549, 0.0032961801057, 0.0057899086626, 0.0071562496879, 0.012241348253, 0.0084215269078, 0.0073304321528, 0.0017850172457, 0.010189061077, 0.0072353529536, 0.011482517414, 0.0097127762275, 0.0098965461073, 0.006950077205, 0.0087201088383, 0.0099423954573, 0.005600773755, 0.0056607029686, 0, 0, 0.0051642563294, 0.035662771736, 0.00097182130197, 0.0052087535181, 0.022145813949, 0.001104454964],
      [4.811763126, 0.17690514791, 3.6609808669, 0.56043686622, 0.030277908803, 0.36728452438, 4.0333983988, 3.2102960821, 0.04337587185, 0, 1.2749552729, 2.8157626849, 1.404798907, 0.24752647369, 0.099672259493, 0.4192290403, 0.18589609365, 2.7547552613, 1.0440258183, 0.25360814149, 1.2073187803, 0.14452893154, 0, 0, 0.054539297311, 3.1169039371, 0.27805976972, 2.2633195867, 1.9319579478, 0.93804749688, 6.2942200322, 6.1717156469, 1.269138247, 2.4921031591, 2.2806436886, 3.6847108738, 2.5307082236, 3.0364169633, 0.75337096239, 4.8820218205, 3.5599300911, 5.1523370209, 3.8531176054, 4.1552051843, 3.0405378763, 3.7342792216, 3.7346757986, 2.2127970092, 2.5417903754, 0, 0, 2.4027050579, 15.1444362405, 0.41949160142, 1.3499540523, 5.6760100149, 0.37259587982],
      [64.7496569939, 2.2913144967, 43.191437296, 6.5729465248, 0.84790720866, 4.1231928265, 52.2909158339, 41.2562041813, 0.44312482639, 0, 13.5197422777, 38.6582551857, 19.1455699863, 3.4751112643, 1.4121758468, 5.6819853955, 3.2881756755, 35.1952582606, 13.2971750572, 3.4290188011, 18.3310728271, 2.4101602394, 0, 0, 0.68678380133, 44.247005725, 4.0840283862, 30.0354450423, 29.2895255655, 11.5165649733, 82.0166758501, 91.872199486, 22.1041986096, 38.0007345726, 30.6431659083, 55.0314152006, 40.9627208988, 41.4407723745, 11.51123369, 75.6320559322, 51.7212057117, 70.5854114855, 53.4858847269, 57.5820159464, 42.3956993427, 53.8506448656, 49.1913623071, 31.6695277395, 38.4033064562, 0, 0, 31.2136361283, 203.3669621623, 6.0740875856, 18.4685870805, 71.2198886615, 4.8337066313],
      [13.4226725711, 0.53118328814, 5.1354047137, 0.86439310944, 0.12171947422, 0.50883506866, 4.6663842252, 4.5302060242, 0.51349930176, 0, 2.2024271936, 4.5202529868, 2.4469611323, 0.27736226199, 0.48765143411, 0.89663006574, 0.52535184245, 7.0397235779, 1.6568733753, 0.31638589714, 3.4586394568, 0.44461795239, 0, 0, 0.25850539224, 4.6294703882, 1.6361658408, 3.6965194028, 3.7738852784, 2.5439591517, 8.6747394081, 11.9377182615, 1.6233669634, 3.5013723596, 5.0690341534, 9.2716325773, 4.4981493507, 4.51548023, 1.7336103303, 7.4757331862, 8.7116288443, 9.2507689762, 7.6512848915, 8.2528823232, 5.5568127038, 7.4063558039, 8.0640194988, 3.1120744775, 3.0492424654, 0, 0, 3.3784945574, 24.4529388254, 0.50544899168, 2.1762501137, 9.0819555097, 0.79259303393]
    ],
    [
      [0.71174271352, 0.021250062928, 0.60888743762, 0.26019673147, 0.015451594572, 0.24422530226, 0.5087388778, 0.19420144327, 8.9299314932e-34, 0, 0.28343034801, 0.19634036074, 0.14673585375, 0, 0.067681690959, 0.17771948173, 0.030748239346, 0.86718434166, 0.22123810449, 0.10272194252, 0.082554882372, 0.012326813716, 0.032793451806, 0, 0.046695372499, 0.3474532395, 0.063368135438, 0.39217364003, 0.26541155103, 0.12687771992, 0.84403932871, 0.95838684646, 0.17305416468, 0.22787531975, 0.44690936565, 0.58142384679, 0.27684262624, 0.28221577983, 0.17578032405, 0.56025063975, 0.33011855804, 0.69669846734, 0.44896578804, 0.45479235516, 0.35164680128, 0.29028430091, 0.38698536901, 0.33301091678, 0.41758482824, 0, 0.021328675535, 0.30680226259, 1.6015512897, 0.12348142819, 0.21031166693, 1.7714763764, 0.15522182681],
      [6.1534052247, 0.17986049529, 5.2322416844, 1.8744447306, 0.14027748497, 3.7282069332, 6.3050810075, 5.4098531843, 0.21828066239, 0, 3.5912948757, 2.7579763209, 2.2062779851, 0.09322688273, 0.38493989164, 0.98719564949, 0.28336902855, 6.6530951939, 3.4275068952, 0.75409104111, 0.95941261233, 0.073398153422, 0.24053328138, 0, 0.42457750548, 4.6756828411, 0.28827576113, 5.3798537388, 3.1650318335, 2.3808937438, 10.5709646986, 9.2050574879, 1.9043705828, 2.8034012132, 4.0708866873, 5.0022176873, 2.377988962, 3.3412168701, 2.120050055, 7.6725957837, 4.642361933, 8.9354191923, 5.0906541048, 5.4576551621, 4.3969153474, 3.5528797013, 4.1546954968, 3.76043144, 5.3594776102, 0, 0.40074974696, 4.0798698008, 19.439901021, 1.5234389735, 1.5578848282, 12.9779309379, 1.496757097],
      [53.9965470755, 1.5152733552, 40.2528541482, 14.3314591339, 2.5544380987, 27.2852598745, 53.3035803231, 45.3334100416, 1.448579336, 0, 24.8287425435, 24.6899978266, 19.6041736307, 0.85200864539, 3.5526024019, 8.7179688533, 3.2638942669, 55.4297389924, 28.4614061993, 6.6447737662, 9.4970460517, 0.79557442004, 2.7266732668, 0, 3.4747834733, 43.2809570994, 2.755167841, 46.5529110617, 31.2799973495, 19.0595112096, 89.8276897981, 89.3560578171, 21.6269227372, 27.8731080012, 35.6667298315, 48.7160617046, 25.0957283038, 29.7332713662, 21.1127727208, 77.511994484, 43.9809014834, 79.8262406133, 46.0794397981, 49.3177471836, 39.9758375711, 33.4071310127, 35.6838767651, 35.0925917443, 52.8011448558, 0, 3.5779215775, 34.5605186747, 170.2411228791, 14.3791075362, 13.8961566886, 106.1930463129, 12.6585909264],
      [9.1383049863, 0.28361608655, 3.9060167298, 1.533899404, 0.2898328218, 2.74230789, 3.8825997916, 4.0625353309, 1.3331400017, 0, 3.2965322329, 2.3556854917, 2.0428125305, 0.05476447188, 0.99477601548, 1.1171160154, 0.4219884652, 9.049981472, 2.889848801, 0.4984132502, 1.4609864536, 0.11870061282, 0, 0, 1.0539436487, 3.69590682, 0.89318826243, 4.6750615594, 3.289559266, 3.4327173267, 7.7573061746, 9.4804978485, 1.2956525154, 2.0956154658, 4.8154741155, 6.7002967613, 2.2494401079, 2.6432959838, 2.5913969001, 6.2551590925, 6.0466180255, 8.541641727, 5.3809403091, 5.7698052991, 4.2756002802, 3.7497049851, 4.7744423691, 2.8139658989, 3.4217927057, 0, 0, 3.0528092619, 16.7174248102, 0.97397206211, 1.3356468162, 11.0575463728, 1.6894301498]
    ]
  ],
  "prob": [
    [0.43890022563, 0.22916373803, 0.33169522425, 0.00024081209147],
    [0.030138838814, 0.00052217227102, 0.91630085289, 0.053038136027],
    [0.0084113445479, 0.84144436154, 0.14363176282, 0.0065125311011],
    [0.00015896761551, 0.061081683074, 0.83003835983, 0.10872098948],
    [0.0083519011174, 0.091730579229, 0.8129406303, 0.086976889355]
  ],
  "iterations": 188,
  "time": 0.00049,
  "message": "Converged",
  "status": 0,
  "miniter": 0,
  "maxiter": 1000,
  "maxtime": 3600,
  "param_threshold": 0.001,
  "ll_threshold": "-Inf",
