{
  "X": [
    [9, 36, 55],
    [5, 35, 60],
    [14, 38, 48],
    [11, 43, 46],
    [12, 43, 45],
    [8, 38, 54],
    [13, 35, 52],
    [12, 40, 48],
    [15, 27, 58],
    [7, 18, 75],
    [8, 21, 71],
    [11, 19, 70],
    [10, 27, 63],
    [6, 20, 74],
    [7, 17, 76],
    [10, 35, 55],
    [6, 22, 72],
    [11, 25, 64],
    [11, 24, 65],
    [11, 22, 67],
    [5, 24, 71],
    [7, 27, 66],
    [11, 24, 65],
    [4, 20, 76],
    [10, 16, 74],
    [16, 31, 53],
    [12, 23, 65],
    [14, 30, 56],
    [14, 19, 67],
    [7, 30, 63],
    [15, 36, 49],
    [13, 34, 53],
    [13, 31, 56],
    [13, 18, 69],
    [22, 12, 66],
    [13, 16, 71],
    [11, 19, 70],
    [13, 20, 67],
    [13, 17, 70],
    [15, 17, 68],
    [16, 15, 69],
    [12, 35, 53],
    [7, 40, 53],
    [6, 37, 57],
    [6, 43, 51],
    [9, 48, 43],
    [7, 49, 44],
    [8, 47, 45],
    [7, 46, 47],
    [7, 44, 49]
  ],
  "W": [
    [60, 9, 8, 9, 5, 9],
    [64, 10, 4, 7, 8, 7],
    [56, 8, 12, 7, 10, 7],
    [57, 7, 8, 9, 10, 9],
    [61, 9, 8, 7, 7, 8],
    [63, 6, 10, 6, 7, 8],
    [59, 8, 4, 7, 11, 11],
    [61, 11, 2, 6, 7, 13],
    [22, 46, 7, 7, 9, 9],
    [9, 63, 8, 7, 5, 8],
    [10, 59, 11, 5, 9, 6],
    [9, 52, 11, 5, 14, 9],
    [4, 55, 9, 13, 8, 11],
    [5, 60, 7, 8, 9, 11],
    [8, 70, 9, 4, 5, 4],
    [10, 59, 9, 5, 6, 11],
    [9, 35, 24, 11, 12, 9],
    [14, 4, 51, 13, 12, 6],
    [7, 5, 64, 10, 6, 8],
    [10, 13, 53, 14, 5, 5],
    [6, 13, 58, 9, 10, 4],
    [6, 11, 57, 3, 6, 17],
    [13, 6, 62, 7, 7, 5],
    [8, 6, 65, 9, 5, 7],
    [3, 8, 67, 9, 9, 4],
    [10, 5, 6, 57, 8, 14],
    [15, 8, 5, 57, 12, 3],
    [7, 14, 7, 52, 11, 9],
    [8, 12, 14, 51, 11, 4],
    [7, 7, 7, 62, 7, 10],
    [4, 9, 10, 60, 7, 10],
    [5, 6, 11, 57, 11, 10],
    [6, 10, 4, 67, 8, 5],
    [7, 7, 7, 24, 43, 12],
    [8, 10, 7, 7, 60, 8],
    [8, 7, 9, 11, 58, 7],
    [7, 4, 11, 10, 60, 8],
    [4, 10, 4, 9, 63, 10],
    [9, 8, 8, 9, 57, 9],
    [8, 10, 6, 11, 53, 12],
    [7, 6, 7, 9, 63, 8],
    [14, 7, 10, 5, 36, 28],
    [9, 5, 7, 10, 8, 61],
    [7, 7, 8, 11, 7, 60],
    [9, 11, 8, 11, 4, 57],
    [6, 6, 8, 8, 7, 65],
    [8, 5, 13, 11, 7, 56],
    [10, 6, 10, 9, 15, 50],
    [7, 10, 10, 12, 7, 54],
    [10, 11, 8, 6, 8, 57]
  ],
  "method": "mult",
  "cond_prob": [
    [
      [0.095628233338, 0.43362843594, 0.47074333072],
      [0.060464087311, 0.13745088214, 0.80208503055],
      [0.05613815512, 0.14971939984, 0.79414244504],
      [0.13125771835, 0.27528767963, 0.59345460202],
      [0.15889454151, 0.045809084369, 0.79529637412],
      [0.033087916586, 0.57524956051, 0.39166252291]
    ],
    [
      [0.051488044098, 0.42923132822, 0.51928062768],
      [0.03090882083, 0.12915047773, 0.83994070144],
      [0.028669360079, 0.14053807718, 0.83079256274],
      [0.070816233745, 0.27308875089, 0.65609501537],
      [0.084831720401, 0.044972783293, 0.87019549631],
      [0.017482620244, 0.55865319627, 0.42386418349]
    ],
    [
      [0.13994266032, 0.48035665812, 0.37970068156],
      [0.099720714396, 0.17147216958, 0.72880711603],
      [0.092498236101, 0.18660233244, 0.72089943146],
      [0.19687542231, 0.31249526357, 0.49062931412],
      [0.25146751108, 0.054845570404, 0.69368691851],
      [0.048344173981, 0.63628777004, 0.31536805598]
    ],
    [
      [0.10785276357, 0.51931454075, 0.37283269568],
      [0.078581106446, 0.18959920736, 0.7318196862],
      [0.072665522862, 0.20568986644, 0.7216446107],
      [0.15618777792, 0.34784393781, 0.49596828427],
      [0.20739484934, 0.063486207481, 0.72911894318],
      [0.036012348853, 0.66472015511, 0.29926749604]
    ],
    [
      [0.12159789896, 0.5094695939, 0.36893250714],
      [0.088690123209, 0.18625447785, 0.72505539894],
      [0.082090658239, 0.20225281925, 0.71565652251],
      [0.17468462051, 0.33850998493, 0.48680539455],
      [0.22981013686, 0.061212848624, 0.70897701451],
      [0.041053732225, 0.65945631914, 0.29948994863]
    ],
    [
      [0.083494577325, 0.45696161045, 0.45954381223],
      [0.053836841231, 0.14770249286, 0.79846066591],
      [0.049914214937, 0.16065721679, 0.78942856827],
      [0.11645735141, 0.29480448495, 0.58873816364],
      [0.14399506722, 0.050107762854, 0.80589716993],
      [0.02839658677, 0.59581578051, 0.37578763272]
    ],
    [
      [0.13180412986, 0.42409035894, 0.44410551119],
      [0.085533079871, 0.13793833766, 0.77652858247],
      [0.079534185512, 0.15047583727, 0.76998997722],
      [0.17909368751, 0.26656190069, 0.5543444118],
      [0.21590245699, 0.044177072509, 0.7399204705],
      [0.046657080235, 0.57542961958, 0.37791330019]
    ],
    [
      [0.12654035947, 0.45801631906, 0.41544332148],
      [0.085732567418, 0.15561340733, 0.75865402525],
      [0.079579572843, 0.16946072804, 0.75095969912],
      [0.17575280829, 0.29426224384, 0.52998494787],
      [0.21887950746, 0.050385080686, 0.73073541185],
      [0.043915673398, 0.6093853265, 0.3466990001]
    ],
    [
      [0.16920885217, 0.45661473729, 0.37417641054],
      [0.12046377347, 0.16242659661, 0.71710962992],
      [0.11197014138, 0.17716160741, 0.71086825121],
      [0.23396583194, 0.291301362, 0.47473280606],
      [0.29292170948, 0.049962408117, 0.65711588241],
      [0.059894486927, 0.62127767125, 0.31882784183]
    ],
    [
      [0.097592303798, 0.40096729599, 0.50144040021],
      [0.059235582712, 0.12140146463, 0.81936295266],
      [0.055070964281, 0.13246382452, 0.8124652112],
      [0.1315056621, 0.24888580835, 0.61960852955],
      [0.15469505477, 0.040023497152, 0.80528144808],
      [0.034244455779, 0.54181634024, 0.42393920398]
    ],
    [
      [0.099371026532, 0.46301001815, 0.43761895532],
      [0.06590001626, 0.15301093147, 0.78108905227],
      [0.061101000697, 0.1665029683, 0.772396031],
      [0.13917718283, 0.29865579138, 0.5621670258],
      [0.1737119549, 0.050935460044, 0.77535258506],
      [0.033840721297, 0.60721767786, 0.35894160085]
    ],
    [
      [0.13329185449, 0.41856932852, 0.44813881699],
      [0.086112690184, 0.13477423775, 0.77911307207],
      [0.080089033637, 0.14710596831, 0.77280499805],
      [0.18078889251, 0.26157200627, 0.55763910122],
      [0.21705746625, 0.042933389212, 0.74000914454],
      [0.04721269998, 0.57063027145, 0.38215702857]
    ],
    [
      [0.11411377566, 0.51444732601, 0.37143889832],
      [0.083265037236, 0.18724236808, 0.72949259468],
      [0.077023664819, 0.2032723537, 0.71970398148],
      [0.16492539293, 0.3426404298, 0.49243417727],
      [0.21815034875, 0.061985266966, 0.71986438429],
      [0.038184407276, 0.66250629835, 0.29930929437]
    ],
    [
      [0.07878076496, 0.43767693813, 0.48354229691],
      [0.04928068382, 0.13653736594, 0.81418195024],
      [0.045719829239, 0.14866380416, 0.8056163666],
      [0.10882744122, 0.27854017865, 0.61263238012],
      [0.1320916914, 0.046221286982, 0.82168702161],
      [0.026900944623, 0.57539157378, 0.39770748159]
    ],
    [
      [0.097633680146, 0.42080616952, 0.48156015034],
      [0.060890050841, 0.13069072108, 0.80841922808],
      [0.05656122414, 0.14249141207, 0.80094736379],
      [0.13323359441, 0.2642494629, 0.60251694269],
      [0.1595876203, 0.043205665364, 0.79720671433],
      [0.033897950762, 0.56318909484, 0.4029129544]
    ],
    [
      [0.11289742589, 0.5884332915, 0.29866928261],
      [0.093240272013, 0.24261362846, 0.66414609952],
      [0.085830125296, 0.26210437919, 0.65206549551],
      [0.17160000322, 0.41213053764, 0.41626945914],
      [0.24946404589, 0.081948268674, 0.66858768544],
      [0.036441233282, 0.7312565815, 0.23230218522]
    ],
    [
      [0.07138785354, 0.45797609425, 0.47063605221],
      [0.045575629538, 0.14582553491, 0.80859883555],
      [0.042235924196, 0.15859190756, 0.79917216824],
      [0.099936996998, 0.29554080491, 0.6045221981],
      [0.12358627486, 0.049999377348, 0.82641434779],
      [0.024068257698, 0.59397938871, 0.38195235359]
    ],
    [
      [0.12028736835, 0.47612388575, 0.40358874591],
      [0.083305740418, 0.16451715251, 0.75217710707],
      [0.077239242866, 0.17900111756, 0.74375963957],
      [0.16936504017, 0.30914891851, 0.52148604132],
      [0.21485836953, 0.053680758483, 0.73146087199],
      [0.041162140567, 0.62647648847, 0.33236137096]
    ],
    [
      [0.13788933966, 0.46951465228, 0.39259600807],
      [0.096485867089, 0.16393048475, 0.73958364816],
      [0.089529868635, 0.17852222926, 0.7319479021],
      [0.19306577609, 0.30286487274, 0.50406935116],
      [0.24395502694, 0.052327864445, 0.70371710862],
      [0.047684886209, 0.62519305196, 0.32712206183]
    ],
    [
      [0.13495621523, 0.4431949454, 0.42184883937],
      [0.090480372735, 0.14823742278, 0.76128220448],
      [0.084059867975, 0.1616236488, 0.75431648323],
      [0.18585211259, 0.28127153758, 0.53287634983],
      [0.22853565536, 0.047306035551, 0.72415830909],
      [0.047243687093, 0.59710774815, 0.35564856476]
    ],
    [
      [0.058452715079, 0.5299196461, 0.41162763883],
      [0.040874771441, 0.18451233436, 0.7746128942],
      [0.037721893847, 0.1998532517, 0.76242485445],
      [0.085962476282, 0.35879069756, 0.55524682615],
      [0.11484124237, 0.065461390435, 0.8196973672],
      [0.018910447884, 0.66037963752, 0.32070991459]
    ],
    [
      [0.099937808575, 0.48234228099, 0.41771991043],
      [0.068153162984, 0.16444263614, 0.76740420088],
      [0.063122621777, 0.1787501868, 0.75812719142],
      [0.14174962755, 0.31523904108, 0.54301133137],
      [0.18067499416, 0.054973411416, 0.76435159442],
      [0.033703749003, 0.62654374403, 0.33975250697]
    ],
    [
      [0.13458848524, 0.47165124329, 0.39376027147],
      [0.094126033738, 0.16456352365, 0.74131044262],
      [0.08732317704, 0.17917432551, 0.73350249745],
      [0.18875572751, 0.30477750574, 0.50646676675],
      [0.23891019593, 0.052750947687, 0.70833885638],
      [0.046428009405, 0.62636305643, 0.32720893417]
    ],
    [
      [0.056446186911, 0.43696867846, 0.50658513463],
      [0.034452694842, 0.13307655103, 0.83247075413],
      [0.031944046746, 0.14481142375, 0.82324452951],
      [0.078155191346, 0.27870215216, 0.6431426565],
      [0.094530362535, 0.046085800588, 0.85938383688],
      [0.019069404319, 0.56852122923, 0.41240936645]
    ],
    [
      [0.13254570177, 0.40225751607, 0.46519678216],
      [0.083639622954, 0.12633787484, 0.79002250221],
      [0.077838516839, 0.13800102039, 0.78416046277],
      [0.17808677657, 0.24871617189, 0.57319705154],
      [0.21067149798, 0.040159180238, 0.74916932178],
      [0.047279047709, 0.55299150872, 0.39972944357]
    ],
    [
      [0.13956540026, 0.44598416778, 0.41445043196],
      [0.094413168888, 0.15091621915, 0.75467061196],
      [0.087729935954, 0.16451811447, 0.74775194958],
      [0.19206064473, 0.28382419288, 0.52411516239],
      [0.23669233381, 0.048049985293, 0.71525768089],
      [0.049068635546, 0.60092400162, 0.35000736283]
    ],
    [
      [0.10101349814, 0.39356360024, 0.50542290163],
      [0.060949845559, 0.11860635579, 0.82044379865],
      [0.056701344065, 0.12945005687, 0.81384859906],
      [0.13513997607, 0.24338903908, 0.62147098484],
      [0.15773130253, 0.038992495379, 0.80327620209],
      [0.035779909555, 0.53435612651, 0.42986396394]
    ],
    [
      [0.11887030548, 0.48429930198, 0.39683039254],
      [0.08321578036, 0.16935003664, 0.747434183],
      [0.077129304627, 0.18415724444, 0.73871345093],
      [0.16806646282, 0.31641849445, 0.51551504273],
      [0.21486557009, 0.055507281631, 0.72962714828],
      [0.040577647644, 0.63401014009, 0.32541221227]
    ],
    [
      [0.12983425737, 0.36380810021, 0.50635764242],
      [0.07758308129, 0.10849586442, 0.81392105429],
      [0.072319330023, 0.1186602202, 0.80902044978],
      [0.170137677, 0.22021131303, 0.60965100997],
      [0.19439876024, 0.034502576941, 0.77109866282],
      [0.047351247549, 0.50902726107, 0.44362149138]
    ],
    [
      [0.059770924551, 0.4600149094, 0.48021416605],
      [0.03778154111, 0.14535672616, 0.81686173273],
      [0.035004341271, 0.1579963374, 0.80699932133],
      [0.08374088074, 0.29797951472, 0.61827960454],
      [0.10347396982, 0.050559449385, 0.84596658079],
      [0.020081721764, 0.59240955763, 0.3875087206]
    ],
    [
      [0.12246110397, 0.53697341746, 0.34056547857],
      [0.093682136261, 0.20527516616, 0.70104269758],
      [0.086578152131, 0.22257142504, 0.69085042283],
      [0.17914506309, 0.36307791748, 0.45777701944],
      [0.24346705318, 0.067730983551, 0.68880196327],
      [0.040828025121, 0.68642198005, 0.27274999483]
    ],
    [
      [0.10531763719, 0.52326719745, 0.37141516536],
      [0.077095652336, 0.19136716011, 0.73153718756],
      [0.071275317153, 0.20756693401, 0.72115774883],
      [0.15297430492, 0.35129044478, 0.4957352503],
      [0.20394804502, 0.064280417719, 0.73177153726],
      [0.035062573751, 0.6679360351, 0.29700139115]
    ],
    [
      [0.1022659557, 0.49345315897, 0.40428088533],
      [0.071197508361, 0.1715864494, 0.75721604224],
      [0.065928799672, 0.1864094268, 0.74766177353],
      [0.14569269485, 0.32495708283, 0.52935022232],
      [0.18762888008, 0.057441494156, 0.75492962576],
      [0.034496132115, 0.63804911872, 0.32745474916]
    ],
    [
      [0.10737390181, 0.40135895652, 0.49126714167],
      [0.06595370518, 0.1227395575, 0.81130673732],
      [0.061348940792, 0.13396187465, 0.80468918456],
      [0.14430308433, 0.24894589297, 0.6067510227],
      [0.16974054039, 0.040096741292, 0.79016271832],
      [0.037974815042, 0.5448504046, 0.41717478036]
    ],
    [
      [0.17679416692, 0.37364678787, 0.44955904521],
      [0.11261282233, 0.11789550407, 0.7694916736],
      [0.1051017755, 0.12913178986, 0.76576643465],
      [0.23202017708, 0.22575915776, 0.54222066515],
      [0.26883098724, 0.035682593788, 0.69548641897],
      [0.065644277939, 0.53364449591, 0.40071122615]
    ],
    [
      [0.096216637664, 0.45208481361, 0.45169854872],
      [0.062720122031, 0.14603671976, 0.79124315821],
      [0.058193560889, 0.1590138376, 0.78279260151],
      [0.13371929991, 0.28933043273, 0.57695026736],
      [0.16469365718, 0.048627662685, 0.78667868014],
      [0.032961841379, 0.59558201663, 0.37145614199]
    ],
    [
      [0.075832025228, 0.50801630324, 0.41615167153],
      [0.052449976524, 0.17408563305, 0.77346439043],
      [0.048498572113, 0.18890981181, 0.76259161608],
      [0.10954806765, 0.33792393443, 0.55252799792],
      [0.14276195708, 0.060085360128, 0.79715268279],
      [0.025039206902, 0.64511737157, 0.32984342153]
    ],
    [
      [0.085539983604, 0.53345973492, 0.38100028147],
      [0.062282623691, 0.19230580312, 0.74541157319],
      [0.057520918051, 0.20843503041, 0.73404405154],
      [0.12556046224, 0.36043691422, 0.51400262353],
      [0.16881919194, 0.066087299315, 0.76509350874],
      [0.028025043771, 0.67235135583, 0.2996236004]
    ],
    [
      [0.098155688011, 0.4521274517, 0.44971686029],
      [0.06410909063, 0.14649868061, 0.78939222876],
      [0.059484721716, 0.15951709843, 0.78099817986],
      [0.13637123466, 0.28941417415, 0.57421459118],
      [0.16803170273, 0.048701168519, 0.78326712876],
      [0.033664006536, 0.59606000381, 0.37027598965]
    ],
    [
      [0.11995992863, 0.42259056944, 0.45744950193],
      [0.076918889604, 0.13464590157, 0.78843520883],
      [0.071511288786, 0.14689182397, 0.78159688725],
      [0.16316847928, 0.26502881677, 0.57180270395],
      [0.19602026422, 0.043532316357, 0.76044741942],
      [0.042213547579, 0.57128426072, 0.3865021917]
    ],
    [
      [0.1161828666, 0.44471358644, 0.43910354697],
      [0.076625396362, 0.145218777, 0.77815582664],
      [0.071162052019, 0.15827596456, 0.77056198342],
      [0.1603654139, 0.28256744632, 0.55706713978],
      [0.19661180837, 0.047247230499, 0.75614096113],
      [0.040330405002, 0.59381586027, 0.36585373473]
    ],
    [
      [0.10995212013, 0.52333779795, 0.36671008193],
      [0.080933678231, 0.19257988376, 0.72648643801],
      [0.07482856209, 0.20890488434, 0.71626655357],
      [0.15967880554, 0.3511775479, 0.48914364656],
      [0.21312914466, 0.064322688563, 0.72254816678],
      [0.036660911741, 0.66943557704, 0.29390351122]
    ],
    [
      [0.10775200762, 0.39867169445, 0.49357629793],
      [0.065651475056, 0.12212772191, 0.81222080304],
      [0.061054580671, 0.13327055132, 0.80567486801],
      [0.14473118376, 0.24737637566, 0.60789244058],
      [0.1701136095, 0.039942436001, 0.7899439545],
      [0.03806710293, 0.54136773585, 0.42056516122]
    ],
    [
      [0.094389725286, 0.37924662137, 0.52636365334],
      [0.055309647641, 0.11172540042, 0.83296495194],
      [0.051456473069, 0.1219672177, 0.82657630923],
      [0.12549396221, 0.23289979754, 0.64160624025],
      [0.14479029316, 0.036907762147, 0.81830194469],
      [0.033447083707, 0.51663193111, 0.44992098519]
    ],
    [
      [0.096096852258, 0.441975615, 0.46192753274],
      [0.061370284929, 0.14191518458, 0.79671453049],
      [0.056944375791, 0.15451939354, 0.78853623067],
      [0.13279753829, 0.28206371996, 0.58513874175],
      [0.16229807873, 0.047339184403, 0.79036273687],
      [0.033019880347, 0.58400092291, 0.38297919674]
    ],
    [
      [0.14637869783, 0.46051392992, 0.39310737224],
      [0.10163595009, 0.16084702178, 0.73751702813],
      [0.094362022951, 0.1752399679, 0.73039800915],
      [0.20350030754, 0.29562866395, 0.50087102851],
      [0.25513419699, 0.050897237103, 0.6939685659],
      [0.051061734685, 0.61793544452, 0.33100282079]
    ],
    [
      [0.10546843046, 0.50747551412, 0.38705605543],
      [0.075039945824, 0.18146683211, 0.74349322206],
      [0.069416891359, 0.19697870262, 0.73360440602],
      [0.15180586226, 0.3373933259, 0.51080081184],
      [0.19901304149, 0.060748541407, 0.7402384171],
      [0.035277469673, 0.65248127067, 0.31224125966]
    ],
    [
      [0.10382003005, 0.52096363226, 0.37521633769],
      [0.07537546971, 0.1898645375, 0.73475999279],
      [0.069676406518, 0.20592919333, 0.72439440015],
      [0.15071824979, 0.34951000966, 0.49977174055],
      [0.20056380465, 0.063894519824, 0.73554167553],
      [0.03451288635, 0.66502532771, 0.30046178594]
    ],
    [
      [0.10384198275, 0.48991924063, 0.40623877663],
      [0.071787561069, 0.17017529695, 0.75803714198],
      [0.066469576789, 0.18489167637, 0.74863874684],
      [0.14778934919, 0.32207357379, 0.53013707702],
      [0.18994826138, 0.056850305424, 0.7532014332],
      [0.035004640693, 0.63476887023, 0.33022648907]
    ],
    [
      [0.10945309131, 0.45695524526, 0.43359166344],
      [0.072488205602, 0.15212615612, 0.77538563828],
      [0.067239258062, 0.1655839075, 0.76717683444],
      [0.15244913181, 0.29393538037, 0.55361548782],
      [0.18945147477, 0.050161308999, 0.76038721623],
      [0.037579961957, 0.60326338393, 0.35915665412]
    ]
  ],
  "expected_outcome": [
    [
      [5.7376940003, 3.2952348223, 7.8367889778, 6.1476075236, 7.4174718367, 5.2601583715, 7.7764436619, 7.7189619274, 3.7225947477, 0.87833073419, 0.99371026532, 1.1996266904, 0.45645510264, 0.3939038248, 0.78106944117, 1.1289742589, 0.64249068186, 1.6840231569, 0.96522537759, 1.3495621523, 0.35071629047, 0.59962685145, 1.7496503081, 0.45156949529, 0.39763710532, 1.3956540026, 1.515202472, 0.83209213839, 1.038674059, 0.41839647186, 0.48984441589, 0.52658818594, 0.6135957342, 0.75161731267, 1.4143533353, 0.76973310132, 0.53082417659, 0.34215993442, 0.8834011921, 0.95967942908, 0.81328006617, 1.5393296818, 0.96976806855, 0.660728077, 0.86487167032, 0.878272187, 0.84374744365, 1.0382003005, 0.72689387922, 1.0945309131],
      [26.0177061563, 27.4708050062, 26.8999728549, 29.6009288228, 31.0776452279, 28.7885814581, 25.0213311777, 27.9389954626, 10.0455242204, 3.6087056639, 4.6301001815, 3.7671239567, 2.0577893041, 2.1883846907, 3.3664493561, 5.884332915, 4.1217848483, 6.6657344005, 3.2866025659, 4.431949454, 3.1795178766, 2.894053686, 6.1314661628, 3.4957494277, 1.2067725482, 4.4598416778, 5.9034540036, 3.3900951138, 2.9104648017, 3.2201043658, 2.1478936698, 2.6163359873, 2.9607189538, 2.8095126956, 2.989174303, 3.6166785089, 3.5561141227, 2.1338389397, 4.0691470653, 3.3807245555, 3.1129951051, 7.3267291713, 3.5880452501, 2.6547263496, 3.977780535, 2.7630835795, 4.0598041129, 5.2096363226, 3.4294346844, 4.5695524526],
      [28.2445998434, 33.2339601715, 21.2632381673, 21.2514636535, 22.5048829354, 28.9512601704, 26.2022251605, 25.34204261, 8.2318810319, 4.5129636019, 4.3761895532, 4.0332493529, 1.4857555933, 2.4177114845, 3.8524812027, 2.9866928261, 4.2357244699, 5.6502424427, 2.7481720565, 4.2184883937, 2.469765833, 2.5063194626, 5.1188835291, 4.052681077, 1.3955903465, 4.1445043196, 7.5813435244, 2.7778127478, 4.0508611393, 3.3614991623, 1.3622619143, 1.8570758268, 2.425685312, 3.4388699917, 3.5964723617, 3.6135883898, 2.9130617007, 1.5240011259, 4.0474517426, 3.6595960154, 3.0737248288, 5.133941147, 4.4421866814, 3.6845455734, 4.1573477947, 2.3586442335, 3.0964484434, 3.7521633769, 2.8436714364, 4.3359166344]
    ],
    [
      [0.5441767858, 0.3090882083, 0.79776571517, 0.55006774512, 0.79821110888, 0.32302104739, 0.68426463897, 0.9430582416, 5.5413335796, 3.7318417109, 3.8881009593, 4.4778598896, 4.579577048, 2.9568410292, 4.2623035589, 5.5011760488, 1.5951470338, 0.33322296167, 0.48242933545, 1.1762448456, 0.53137202873, 0.74968479282, 0.56475620243, 0.20671616905, 0.66911698363, 0.47206584444, 0.48759876447, 1.165020925, 0.93099697548, 0.26447078777, 0.84313922634, 0.46257391402, 0.71197508361, 0.46167593626, 1.1261282233, 0.43904085422, 0.2097999061, 0.62282623691, 0.51287272504, 0.76918889604, 0.45975237817, 0.56653574762, 0.32825737528, 0.38716753349, 0.67507313421, 0.60981570055, 0.37519972912, 0.45225281826, 0.71787561069, 0.79737026162],
      [1.2370579393, 1.2915047773, 1.3717773566, 1.3271944515, 1.6762903006, 0.88621495715, 1.1035067013, 1.7117474806, 7.4716234439, 7.6482922715, 9.027644957, 7.0082603628, 10.2983302446, 8.1922419566, 9.1483504753, 14.3142040794, 5.1038937219, 0.65806861003, 0.81965242375, 1.9270864962, 2.3986603467, 1.8088689975, 0.98738114187, 0.79845930619, 1.0107029987, 0.75458109575, 0.94885084635, 2.3709005129, 1.3019503731, 1.0174970831, 1.8474764955, 1.1482029607, 1.715864494, 0.85917690249, 1.1789550407, 1.0222570383, 0.6963425322, 1.9230580312, 1.1719894449, 1.3464590157, 0.87131266201, 1.3480591863, 0.61063860954, 0.78207780292, 1.5610670304, 0.96508213069, 0.90733416056, 1.139187225, 1.7017529695, 1.6733877173],
      [7.2187652749, 8.3994070144, 5.8304569282, 5.1227378034, 6.5254985905, 4.7907639955, 6.2122286598, 8.3451942778, 32.9870429765, 51.6198660177, 46.0842540837, 40.5138797476, 40.1220927075, 48.8509170142, 56.5893459658, 39.1846198718, 28.3009592443, 3.0087084283, 3.6979182408, 9.8966686583, 10.0699676246, 8.4414462097, 4.4478626557, 4.9948245248, 6.3201800177, 3.7733530598, 6.5635503892, 10.464078562, 9.7670526515, 5.7180321291, 6.3093842782, 4.3892231253, 7.5721604224, 5.6791471612, 7.694916736, 5.5387021075, 3.0938575617, 7.4541157319, 6.3151378301, 7.8843520883, 4.6689349598, 5.0854050661, 4.0611040152, 5.8307546636, 8.7638598354, 4.4251021688, 3.7174661103, 4.4085599567, 7.5803714198, 8.5292420211]
    ],
    [
      [0.44910524096, 0.11467744031, 1.1099788332, 0.58132418289, 0.65672526591, 0.49914214937, 0.31813674205, 0.15915914569, 0.78379098965, 0.44056771425, 0.67211100766, 0.88097937001, 0.69321298337, 0.32003880467, 0.50905101726, 0.77247112766, 1.0136621807, 3.9392013861, 5.7299115927, 4.4551730027, 2.1878698431, 3.5979894413, 5.4140369765, 2.0763630385, 5.2151806282, 0.52637961572, 0.28350672032, 0.53990513239, 1.0124706203, 0.2450303889, 0.86578152131, 0.78402848868, 0.26371519869, 0.42944258554, 0.73571242847, 0.523742048, 0.53348429324, 0.2300836722, 0.47587777373, 0.42906773271, 0.49813436413, 0.7482856209, 0.4273820647, 0.41165178455, 0.45555500633, 0.75489618361, 0.90241958767, 0.69676406518, 0.66469576789, 0.5379140645],
      [1.1977551987, 0.56215230871, 2.2392279892, 1.6455189315, 1.618022554, 1.6065721679, 0.60190334907, 0.33892145608, 1.2401312519, 1.0597105962, 1.8315326513, 1.6181656515, 1.8294511833, 1.0406466291, 1.2824227086, 2.3589394127, 3.8062057815, 9.1290569957, 11.4254226727, 8.5660533863, 11.5914885986, 10.1887606478, 11.1088081814, 9.4127425436, 9.2460683665, 0.9871086868, 0.64725028437, 1.2891007111, 1.6612430828, 1.1059743618, 2.2257142504, 2.2832362742, 0.7456377072, 0.93773312254, 0.90392252901, 1.4311245384, 2.0780079299, 0.83374012165, 1.2761367874, 0.8813509438, 1.1079317519, 2.0890488434, 0.93289385923, 0.97573774159, 1.2361551483, 1.4019197432, 2.5607231341, 2.0592919333, 1.8489167637, 1.32467126],
      [6.3531395603, 3.323170251, 8.6507931776, 5.7731568856, 5.7252521801, 7.8942856827, 3.0799599089, 1.5019193982, 4.9760777585, 6.4997216896, 8.496356341, 8.5008549785, 6.4773358333, 5.6393145662, 7.2085262741, 5.8685894596, 19.1801320378, 37.9317416181, 46.8446657346, 39.978773611, 44.2206415582, 43.2132499108, 45.4771548421, 53.5108944179, 52.5387510053, 4.4865116975, 4.0692429953, 5.1709941565, 11.3262862969, 5.6489952493, 6.9085042283, 7.9327352372, 2.9906470941, 5.6328242919, 5.3603650425, 7.0451334136, 8.3885077769, 2.9361762061, 6.2479854388, 4.6895813235, 5.393933884, 7.1626655357, 5.6397240761, 6.6126104739, 6.3082898453, 5.8431840732, 9.5368572782, 7.2439440015, 7.4863874684, 6.1374146755]
    ],
    [
      [1.1813194652, 0.49571363622, 1.3781279562, 1.4056900013, 1.2227923436, 0.69874410846, 1.2536558126, 1.0545168497, 1.6377608236, 0.92053963468, 0.69588591413, 0.90394446255, 2.1440301081, 0.87061952979, 0.53293437763, 0.8580000161, 1.099306967, 2.2017455222, 1.9306577609, 2.6019295762, 0.77366228654, 0.42524888265, 1.3212900926, 0.70339672211, 1.6027809891, 10.9474567499, 7.7029786362, 8.7394560664, 8.6770215272, 5.1919346059, 10.7487037852, 8.7195353804, 9.761410555, 3.4632740239, 1.6241412396, 1.470912299, 1.0954806765, 1.1300441602, 1.227341112, 1.794853272, 1.4432887251, 0.79839402768, 1.4473118376, 1.3804335843, 1.4607729212, 1.6280024603, 1.6698644849, 1.3564642481, 1.7734721903, 0.91469479088],
      [2.4775891167, 1.9116212562, 2.187466845, 3.1305954403, 2.3695698945, 1.7688269097, 1.8659333048, 1.765573463, 2.039109534, 1.7422006584, 1.4932789569, 1.3078600313, 4.4543255874, 2.2283214292, 1.0569978516, 2.0606526882, 3.250948854, 4.0189359406, 3.0286487274, 3.9378015261, 3.2291162781, 0.94571712325, 2.1334425402, 2.5083193694, 2.238445547, 16.1779789939, 13.8731752278, 16.4537617116, 11.2307769643, 18.4747299125, 21.7846750486, 20.0235553525, 21.7721245497, 5.9747014313, 1.5803141043, 3.1826347601, 3.3792393443, 3.243932228, 2.6047275674, 2.9153169845, 2.5431070169, 1.7558877395, 2.4737637566, 2.561897773, 3.1027009196, 2.3650293116, 3.7113265848, 3.1455900869, 3.8648828854, 1.7636122822],
      [5.3410914181, 4.5926651076, 3.4344051988, 4.4637145584, 3.4076377619, 3.5324289818, 3.8804108826, 3.1799096872, 3.3231296424, 4.3372597069, 2.810835129, 2.7881955061, 6.4016443045, 4.901059041, 2.4100677707, 2.0813472957, 6.6497441791, 6.7793185372, 5.0406935116, 7.4602688977, 4.9972214354, 1.6290339941, 3.5452673673, 5.7882839085, 5.1587734638, 29.8745642562, 35.4238461361, 26.806782222, 31.0922015085, 38.3333354816, 27.4666211662, 28.256909267, 35.4664648953, 14.5620245448, 3.7955446561, 6.3464529409, 5.5252799792, 4.6260236118, 5.1679313207, 6.2898297434, 5.013604258, 2.4457182328, 6.0789244058, 7.0576686427, 6.4365261593, 4.0069682281, 5.6188089303, 4.4979456649, 6.3616449243, 3.3216929269]
    ],
    [
      [0.79447270754, 0.67865376321, 2.5146751108, 2.0739484934, 1.608670958, 1.0079654705, 2.3749270269, 1.5321565522, 2.6362953853, 0.77347527383, 1.5634075941, 3.0388045274, 1.74520279, 1.1888252226, 0.79793810152, 1.4967842753, 1.4830352983, 2.5783004344, 1.4637301616, 1.1426782768, 1.1484124237, 1.084049965, 1.6723713715, 0.47265181267, 1.8960434818, 1.8935386705, 1.8927756304, 2.3635212709, 2.1383863627, 0.72431778875, 1.7042693723, 2.2434284952, 1.5010310407, 7.2988432366, 16.1298592345, 9.5522321163, 8.5657174249, 10.6356090924, 9.5778070554, 10.3890740038, 12.3865439274, 7.6726492076, 1.360908876, 1.0135320521, 0.64919231491, 1.785939379, 1.3930912904, 3.0084570697, 1.3296378297, 1.5156117982],
      [0.22904542184, 0.35978226634, 0.54845570404, 0.63486207481, 0.42848994037, 0.35075433998, 0.4859477976, 0.3526955648, 0.44966167306, 0.20011748576, 0.4584191404, 0.60106744896, 0.49588213573, 0.41599158283, 0.21602832682, 0.49168961205, 0.59999252817, 0.6441691018, 0.31396718667, 0.23653017776, 0.65461390435, 0.3298404685, 0.36925663381, 0.23042900294, 0.36143262214, 0.38439988234, 0.46790994455, 0.61058009794, 0.37952834635, 0.3539161457, 0.47411688486, 0.70708459491, 0.45953195324, 1.7241598756, 2.1409556273, 2.8204044358, 3.6051216077, 4.1634998569, 2.7759666056, 2.3072127669, 2.9765755215, 2.3156167883, 0.31953948801, 0.25835433503, 0.18935673761, 0.35628065972, 0.42523978985, 0.95841779736, 0.39795213797, 0.40129047199],
      [3.9764818706, 6.9615639704, 6.9368691851, 7.2911894318, 4.9628391016, 5.6412801895, 8.1391251755, 5.115147883, 5.9140429417, 4.0264072404, 6.9781732655, 10.3601280236, 5.7589150743, 7.3951831945, 3.9860335717, 4.0115261126, 9.9169721735, 8.7775304638, 4.2223026517, 3.6207915455, 8.196973672, 4.5861095665, 4.9583719947, 4.2969191844, 6.742523896, 5.7220614472, 9.639314425, 8.0258986311, 8.482085291, 5.9217660656, 4.8216137429, 8.0494869099, 6.0394370061, 33.9769968878, 41.7291851382, 45.627363448, 47.8291609675, 48.2008910507, 44.6462263391, 40.3037132293, 47.6368805512, 26.0117340041, 6.319551636, 5.7281136129, 3.1614509475, 4.8577799613, 5.1816689197, 11.0331251329, 5.2724100324, 6.0830977299]
    ],
    [
      [0.29779124928, 0.12237834171, 0.33840921786, 0.32411113967, 0.3284298578, 0.22717269416, 0.51322788259, 0.57090375417, 0.53905038234, 0.27395564624, 0.20304432778, 0.42491429982, 0.42002848003, 0.29591039086, 0.13559180305, 0.4008535661, 0.21661431929, 0.2469728434, 0.38147908968, 0.23621843547, 0.075641791535, 0.57296373306, 0.23214004702, 0.13348583023, 0.18911619084, 0.68696089764, 0.10733972867, 0.3651988288, 0.18940499019, 0.20081721764, 0.40828025121, 0.35062573751, 0.17248066058, 0.4556977805, 0.52515422351, 0.23073288965, 0.20031365522, 0.28025043771, 0.30297605882, 0.50656257095, 0.32264324001, 1.0265055287, 2.3220932787, 2.0068250224, 1.8821331798, 3.3190127545, 1.9755383017, 1.7256443175, 1.8902505974, 2.1420578315],
      [5.1772460445, 3.9105723739, 4.4540143903, 5.982481396, 5.2756505532, 4.7665262441, 6.3297258154, 7.9220092446, 5.5914990412, 4.3345307219, 3.6433060671, 5.135672443, 7.2875692819, 6.3293073116, 2.2527563793, 8.0438223965, 5.3458144984, 3.7588589308, 5.0015444157, 2.9855387407, 2.6415185501, 10.6512436485, 3.1318152821, 3.9796486046, 2.2119660349, 8.4129360227, 1.6030683795, 5.7060912608, 2.0361090443, 5.9240955763, 6.8642198005, 6.679360351, 3.1902455936, 6.5382048552, 4.2691559673, 4.1690741164, 5.1609389725, 6.7235135583, 5.3645400343, 6.8554111287, 4.7505268821, 18.744196157, 33.0234318868, 30.9979158663, 33.2880526058, 40.1658038938, 36.5389511575, 33.2512663854, 34.2775189927, 34.3860128837],
      [3.5249627062, 2.9670492844, 2.2075763918, 2.6934074644, 2.395919589, 3.0063010618, 4.1570463021, 4.5070870013, 2.8694505764, 3.3915136319, 2.1536496051, 3.4394132572, 3.2924022381, 4.3747822975, 1.6116518176, 2.5553240374, 3.4375711823, 1.9941682258, 2.6169764946, 1.7782428238, 1.2828396584, 5.7757926185, 1.6360446708, 2.8868655651, 1.5989177743, 4.9001030797, 1.2895918918, 2.9287099104, 1.7744859655, 3.875087206, 2.7274999483, 2.9700139115, 1.6372737458, 5.0060973643, 3.2056898092, 2.6001929939, 2.6387473723, 2.996236004, 3.3324839069, 4.6380263004, 2.9268298779, 8.2292983143, 25.6544748345, 26.9952591112, 21.8298142144, 21.5151833516, 17.4855105408, 15.0230892971, 17.8322304099, 20.4719292847]
    ]
  ],
  "prob": [
    [0.10891775491, 0.46103760461, 0.43004464048],
    [0.073191150269, 0.15600787059, 0.77080097914],
    [0.067910796921, 0.16967613903, 0.76241306405],
    [0.15135368717, 0.29880719584, 0.54983911699],
    [0.18890305714, 0.051783351993, 0.75931359087],
    [0.037736968399, 0.60592417747, 0.35633885413]
  ],
  "iterations": 21,
  "time": 9.6e-05,
  "message": "Converged",
  "status": 0,
  "miniter": 0,
  "maxiter": 1000,
  "maxtime": 3600,
  "param_threshold": 0.001,
  "ll_threshold": "-Inf",
  "initial_prob": "group_proportional",
  "ballotbox_id": ["1", "2", "3", "4", "5", "6", "7", "8", "9", "10", "11", "12", "13", "14", "15", "16", "17", "18", "19", "20", "21", "22", "23", "24", "25", "26", "27", "28", "29", "30", "31", "32", "33", "34", "35", "36", "37", "38", "39", "40", "41", "42", "43", "44", "45", "46", "47", "48", "49", "50"],
  "candidates_id": ["1", "2", "3"],
  "group_id": ["1", "2", "3", "4", "5", "6"]
}
