{
  "X": [
    [22, 28, 50],
    [24, 23, 53],
    [15, 28, 57],
    [18, 32, 50],
    [26, 28, 46],
    [26, 25, 49],
    [20, 32, 48],
    [19, 27, 54],
    [27, 33, 40],
    [31, 17, 52],
    [31, 24, 45],
    [26, 33, 41],
    [23, 29, 48],
    [30, 25, 45],
    [30, 21, 49],
    [39, 25, 36],
    [29, 26, 45],
    [31, 25, 44],
    [28, 28, 44],
    [32, 20, 48],
    [29, 23, 48],
    [38, 20, 42],
    [34, 12, 54],
    [28, 20, 52],
    [23, 25, 52],
    [44, 13, 43],
    [58, 11, 31],
    [49, 13, 38],
    [47, 14, 39],
    [41, 17, 42],
    [52, 16, 32],
    [48, 15, 37],
    [47, 14, 39],
    [53, 14, 33],
    [50, 10, 40],
    [52, 18, 30],
    [42, 17, 41],
    [51, 15, 34],
    [63, 10, 27],
    [48, 13, 39],
    [56, 13, 31],
    [58, 16, 26],
    [58, 22, 20],
    [42, 30, 28],
    [47, 25, 28],
    [50, 30, 20],
    [55, 33, 12],
    [46, 34, 20],
    [51, 26, 23],
    [53, 31, 16]
  ],
  "W": [
    [57, 11, 5, 9, 7, 11],
    [51, 13, 10, 6, 12, 8],
    [60, 4, 10, 9, 9, 8],
    [57, 10, 7, 13, 5, 8],
    [58, 7, 12, 7, 7, 9],
    [52, 7, 8, 11, 11, 11],
    [67, 9, 3, 3, 7, 11],
    [60, 8, 7, 9, 9, 7],
    [26, 47, 8, 6, 6, 7],
    [9, 58, 8, 10, 8, 7],
    [8, 56, 9, 5, 12, 10],
    [6, 62, 11, 8, 7, 6],
    [7, 62, 9, 6, 7, 9],
    [9, 56, 8, 4, 14, 9],
    [7, 65, 10, 11, 6, 1],
    [8, 48, 9, 15, 9, 11],
    [9, 39, 33, 9, 4, 6],
    [8, 6, 64, 9, 7, 6],
    [11, 2, 56, 9, 11, 11],
    [8, 14, 54, 8, 6, 10],
    [6, 10, 59, 11, 12, 2],
    [5, 10, 56, 10, 8, 11],
    [11, 14, 51, 9, 9, 6],
    [8, 9, 62, 5, 9, 7],
    [13, 8, 55, 8, 7, 9],
    [11, 5, 9, 53, 14, 8],
    [9, 8, 7, 67, 5, 4],
    [10, 12, 10, 56, 4, 8],
    [6, 7, 9, 59, 14, 5],
    [12, 12, 6, 52, 11, 7],
    [10, 7, 8, 55, 7, 13],
    [10, 11, 5, 54, 12, 8],
    [3, 14, 7, 59, 7, 10],
    [7, 9, 8, 31, 40, 5],
    [7, 7, 16, 10, 54, 6],
    [14, 2, 10, 6, 58, 10],
    [9, 8, 13, 10, 55, 5],
    [9, 8, 6, 13, 56, 8],
    [9, 5, 8, 10, 55, 13],
    [8, 9, 12, 6, 58, 7],
    [11, 11, 7, 12, 52, 7],
    [9, 4, 8, 11, 45, 23],
    [7, 4, 8, 6, 10, 65],
    [4, 13, 7, 5, 12, 59],
    [10, 7, 11, 11, 9, 52],
    [8, 7, 6, 4, 10, 65],
    [7, 9, 4, 6, 10, 64],
    [10, 7, 10, 9, 7, 57],
    [6, 10, 9, 8, 12, 55],
    [7, 3, 5, 10, 7, 68]
  ],
  "method": "mult",
  "cond_prob": [
    [
      [0.042529541474, 0.33259972182, 0.62487073671],
      [0.20638428278, 0.28513741469, 0.50847830253],
      [0.21049301526, 0.21245827887, 0.57704870587],
      [0.58990754008, 0.0588518402, 0.35124061972],
      [0.66621819182, 0.053346021646, 0.28043578654],
      [0.59714923038, 0.3509722471, 0.051878522518]
    ],
    [
      [0.044879138315, 0.29002277267, 0.66509808902],
      [0.21608401416, 0.24675082405, 0.53716516179],
      [0.2173807587, 0.1813275182, 0.6012917231],
      [0.59391956468, 0.048991055354, 0.35708937997],
      [0.67053820278, 0.044400070468, 0.28506172675],
      [0.63534606042, 0.30891452461, 0.055739414972]
    ],
    [
      [0.028178690888, 0.32293992949, 0.64888137962],
      [0.14524891505, 0.29398723559, 0.56076384936],
      [0.14762011176, 0.21826327924, 0.634116609],
      [0.48109113023, 0.070255103598, 0.44865376617],
      [0.56292250196, 0.065971399872, 0.37110609816],
      [0.50082440555, 0.43101470656, 0.068160887884]
    ],
    [
      [0.034428018889, 0.37776598667, 0.58780599444],
      [0.17239416202, 0.33410229832, 0.49350353966],
      [0.17854366201, 0.25277001389, 0.5686863241],
      [0.54601938223, 0.076362396751, 0.37761822101],
      [0.62455535274, 0.070099155868, 0.30534549139],
      [0.51945717258, 0.42811684871, 0.052425978706]
    ],
    [
      [0.057592619337, 0.35439564496, 0.58801173571],
      [0.2633243223, 0.28608445759, 0.45059122012],
      [0.27044755396, 0.21465062492, 0.51490182113],
      [0.67053818693, 0.052528591666, 0.2769332214],
      [0.7381345895, 0.046397472825, 0.21546793767],
      [0.65711328867, 0.30328020994, 0.039606501385]
    ],
    [
      [0.04381128763, 0.31981003493, 0.63637867744],
      [0.21147646782, 0.27295590408, 0.51556762809],
      [0.21478971016, 0.20250486436, 0.58270542548],
      [0.59387221638, 0.055448194494, 0.35067958913],
      [0.66996942202, 0.050229040356, 0.27980153762],
      [0.6110197797, 0.33634541583, 0.052634804475]
    ],
    [
      [0.048030630869, 0.36249732556, 0.58947204357],
      [0.22798909279, 0.30352710646, 0.46848380074],
      [0.23479987579, 0.22839901478, 0.53680110943],
      [0.62869492432, 0.060242935079, 0.3110621406],
      [0.70106981525, 0.05387813331, 0.24505205144],
      [0.61112346558, 0.34474848134, 0.044128053076]
    ],
    [
      [0.037963245889, 0.32330135645, 0.63873539766],
      [0.18781770038, 0.28244704995, 0.52973524968],
      [0.19095937551, 0.20978081821, 0.59925980628],
      [0.5587998889, 0.060612836391, 0.38058727471],
      [0.6375609347, 0.055495475769, 0.30694358954],
      [0.5751758101, 0.3676531612, 0.057171028695]
    ],
    [
      [0.049523284476, 0.42242366975, 0.52805304578],
      [0.23273332188, 0.35090132706, 0.41636535106],
      [0.24437041144, 0.26915099426, 0.4864785943],
      [0.64852352783, 0.07068831876, 0.28078815341],
      [0.71752446554, 0.062790224514, 0.21968530995],
      [0.58630810763, 0.376656833, 0.037035059368]
    ],
    [
      [0.045962317656, 0.23317565344, 0.7208620289],
      [0.22065720944, 0.19808114628, 0.58126164428],
      [0.21799478322, 0.14292311307, 0.63908210371],
      [0.58677718616, 0.038159323105, 0.37506349073],
      [0.66469245734, 0.034723165772, 0.30058437688],
      [0.67710349283, 0.25977991714, 0.063116590035]
    ],
    [
      [0.043447173976, 0.3205993062, 0.63595351983],
      [0.20987082484, 0.27409701257, 0.51603216259],
      [0.21319810086, 0.20336842714, 0.58343347201],
      [0.59117671235, 0.055968490979, 0.35285479667],
      [0.66740019049, 0.050760988913, 0.28183882059],
      [0.60772276329, 0.33939109014, 0.05288614657]
    ],
    [
      [0.038260189987, 0.42824498207, 0.53349482794],
      [0.18790672689, 0.3720893858, 0.44000388731],
      [0.19793540397, 0.28626639659, 0.51579819943],
      [0.58433961286, 0.083790924752, 0.33186946238],
      [0.6592163377, 0.075925663837, 0.26485799846],
      [0.51848434812, 0.43856739116, 0.042948260717]
    ],
    [
      [0.032394535085, 0.35102082097, 0.61658464395],
      [0.16357314641, 0.31360259404, 0.52282425956],
      [0.16785438647, 0.23506262598, 0.59708298755],
      [0.52242923479, 0.072559279879, 0.40501148533],
      [0.60241590781, 0.067205153715, 0.33037893847],
      [0.51759060168, 0.4238943057, 0.058515092621]
    ],
    [
      [0.041604115675, 0.33259928265, 0.62579660168],
      [0.20236140763, 0.28632270538, 0.51131588698],
      [0.20637422493, 0.21326636398, 0.58035941109],
      [0.58277688074, 0.059768409214, 0.35745471005],
      [0.65947430989, 0.054335442331, 0.28619024778],
      [0.59015917244, 0.35706202577, 0.052778801788]
    ],
    [
      [0.049582686051, 0.29883013735, 0.6515871766],
      [0.23406604446, 0.24948189437, 0.51645206118],
      [0.23620063251, 0.18385977657, 0.57993959092],
      [0.62035970647, 0.047836778238, 0.33180351529],
      [0.69431283434, 0.042997122615, 0.26269004305],
      [0.65229934392, 0.29680135621, 0.050899299867]
    ],
    [
      [0.053819098583, 0.38219204874, 0.56398885267],
      [0.24886293717, 0.31289412396, 0.43824293886],
      [0.25785267773, 0.23674526832, 0.50540205395],
      [0.65830153598, 0.060026127059, 0.28167233696],
      [0.72671960172, 0.053245703824, 0.22003469446],
      [0.62474416492, 0.33628957712, 0.038966257957]
    ],
    [
      [0.047082484209, 0.36860664813, 0.58431086766],
      [0.22380099025, 0.3098571877, 0.46634182205],
      [0.23095731107, 0.23351721612, 0.53552547282],
      [0.62294386701, 0.062390019329, 0.31466611366],
      [0.69553016138, 0.055943218767, 0.24852661985],
      [0.60068588816, 0.35504575172, 0.044268360115]
    ],
    [
      [0.047011338561, 0.40173666644, 0.551251995],
      [0.22316492761, 0.33727749815, 0.43955757424],
      [0.23283177609, 0.25686794517, 0.51030027874],
      [0.63004603542, 0.068846330882, 0.3011076337],
      [0.70130874365, 0.061551847979, 0.23713940838],
      [0.58284327514, 0.37651057644, 0.040646148414]
    ],
    [
      [0.035486408145, 0.41556501219, 0.54894857967],
      [0.17631096467, 0.36537151732, 0.458317518],
      [0.18499086684, 0.2798508103, 0.53515832286],
      [0.56132999105, 0.084222616587, 0.35444739236],
      [0.63800591931, 0.076908628064, 0.28508545262],
      [0.50529224938, 0.44816959327, 0.046538157351]
    ],
    [
      [0.048607062112, 0.3080036899, 0.64338924799],
      [0.23018004379, 0.25802860197, 0.51179135424],
      [0.23295123382, 0.19066385314, 0.57638491304],
      [0.61701534963, 0.050057660298, 0.33292699007],
      [0.69111717768, 0.045038333452, 0.26384448887],
      [0.64188675114, 0.30758725925, 0.050525989613]
    ],
    [
      [0.039566307484, 0.38297062402, 0.57746306849],
      [0.19363128795, 0.33151340565, 0.47485530639],
      [0.20087090333, 0.25097419264, 0.54815490403],
      [0.58163790941, 0.071992014816, 0.34637007577],
      [0.65753402891, 0.065378172453, 0.27708779864],
      [0.54961323286, 0.40262793479, 0.047758832348]
    ],
    [
      [0.055416484896, 0.33888472693, 0.60569878818],
      [0.25517658549, 0.27614781303, 0.46867560148],
      [0.26082393744, 0.20605413308, 0.53312192948],
      [0.65595137096, 0.051400549971, 0.29264807907],
      [0.72533874303, 0.045664447909, 0.22899680906],
      [0.6543482383, 0.30307187378, 0.042579887921]
    ],
    [
      [0.054862989706, 0.20168459651, 0.74345241379],
      [0.25467851478, 0.16560289382, 0.5797185914],
      [0.24952046765, 0.11844908918, 0.63203044318],
      [0.62523359896, 0.029408274905, 0.34535812614],
      [0.69998700993, 0.026445863184, 0.27356712689],
      [0.73608099396, 0.20459658885, 0.059322417196]
    ],
    [
      [0.042328204098, 0.30811409782, 0.64955769808],
      [0.20555360447, 0.2646301945, 0.52981620103],
      [0.20798707926, 0.195479486, 0.59653343474],
      [0.58193133438, 0.054178205089, 0.36389046053],
      [0.65911263461, 0.049286667466, 0.29160069792],
      [0.60923497893, 0.33517720743, 0.055587813635]
    ],
    [
      [0.032383986489, 0.34963296521, 0.61798304831],
      [0.16353655725, 0.31229918988, 0.52416425287],
      [0.16775886496, 0.23390273851, 0.59833839653],
      [0.52198859651, 0.072113634847, 0.40589776864],
      [0.60200582597, 0.066800952953, 0.33119322108],
      [0.51826652455, 0.42293566633, 0.058797809123]
    ],
    [
      [0.036260651769, 0.29749190631, 0.66624744192],
      [0.18038786445, 0.26201775718, 0.55759437837],
      [0.18182326246, 0.19243920224, 0.6257375353],
      [0.53811864591, 0.056491974039, 0.40538938005],
      [0.61814703595, 0.052171682261, 0.32968128179],
      [0.57636284663, 0.36040616832, 0.063230985048]
    ],
    [
      [0.060454184103, 0.35235518832, 0.58719062758],
      [0.27279712627, 0.28139070683, 0.4458121669],
      [0.28006996725, 0.21038468722, 0.50954534552],
      [0.67899446228, 0.050531829119, 0.2704737086],
      [0.74523460572, 0.044587004945, 0.21017838934],
      [0.66564343051, 0.29573257195, 0.038623997535]
    ],
    [
      [0.049557445924, 0.30617715268, 0.6442654014],
      [0.23359879773, 0.25554952699, 0.51085167528],
      [0.23629026321, 0.18845231997, 0.57525741682],
      [0.62037437612, 0.049105330277, 0.3305202936],
      [0.69405614869, 0.044164474241, 0.26177937707],
      [0.64596181265, 0.30390273923, 0.05013544812]
    ],
    [
      [0.036718365684, 0.36470375643, 0.59857787789],
      [0.18179941429, 0.31955454203, 0.49864604368],
      [0.18749369257, 0.23994305122, 0.57256325621],
      [0.55697240938, 0.070599659962, 0.37242793066],
      [0.63479207061, 0.064689614148, 0.30051831525],
      [0.53912799727, 0.40837609523, 0.052495907506]
    ],
    [
      [0.034611717845, 0.35027179412, 0.61511648803],
      [0.17296480039, 0.30993688103, 0.51709831858],
      [0.17747856614, 0.23182355521, 0.59069787865],
      [0.53819913561, 0.069763388043, 0.39203747635],
      [0.61732489738, 0.064329822969, 0.31834527965],
      [0.53278223219, 0.4106874315, 0.056530336315]
    ],
    [
      [0.048787143888, 0.37210509689, 0.57910775922],
      [0.23001798531, 0.31071045018, 0.4592715645],
      [0.23764643461, 0.23403301188, 0.5283205535],
      [0.63118893278, 0.061721503463, 0.30708956376],
      [0.70272433202, 0.055247029093, 0.24202863889],
      [0.60530826053, 0.35181647008, 0.042875269386]
    ],
    [
      [0.042135338033, 0.35035865098, 0.60750601099],
      [0.20417412998, 0.30060330253, 0.49522256749],
      [0.20949372501, 0.22478269237, 0.56572358262],
      [0.58908471644, 0.062715362121, 0.34819992144],
      [0.66487184706, 0.056907434036, 0.2782207189],
      [0.58147790021, 0.36847091822, 0.05005118157]
    ],
    [
      [0.038502587362, 0.3228794971, 0.63861791554],
      [0.18956915911, 0.28148381719, 0.52894702371],
      [0.19272387714, 0.20852890942, 0.59874721344],
      [0.5594702314, 0.06006232598, 0.38046744262],
      [0.63785924559, 0.055055683302, 0.30708507111],
      [0.57526619735, 0.36778054872, 0.056953253926]
    ],
    [
      [0.04414302633, 0.38233628886, 0.57352068481],
      [0.21191158397, 0.32488297957, 0.46320543647],
      [0.21976699082, 0.24535719728, 0.53487581189],
      [0.60845298231, 0.06732455734, 0.32422246035],
      [0.68203148889, 0.060674289725, 0.25729422138],
      [0.57530180055, 0.38007165033, 0.044626549112]
    ],
    [
      [0.043235740617, 0.25579742984, 0.70096682954],
      [0.20942601555, 0.21936881708, 0.57120516738],
      [0.20833273458, 0.15898626321, 0.63268100221],
      [0.57454963249, 0.043488691772, 0.38196167573],
      [0.65295522679, 0.0397361138, 0.30730865941],
      [0.64603497589, 0.29144057308, 0.062524451025]
    ],
    [
      [0.043372734682, 0.41760563644, 0.53902162888],
      [0.20852188315, 0.3555714318, 0.43590668505],
      [0.21878843371, 0.27191061678, 0.50930094952],
      [0.61242528509, 0.075561268277, 0.31201344663],
      [0.68500120101, 0.067953431171, 0.24704536782],
      [0.55299140668, 0.40601062712, 0.040997966197]
    ],
    [
      [0.030841305485, 0.36672150853, 0.60243718598],
      [0.15646171026, 0.32938012069, 0.51415816905],
      [0.16148266599, 0.24767171158, 0.59084562242],
      [0.51200973196, 0.077887037039, 0.410103231],
      [0.59194474719, 0.072396578629, 0.33565867418],
      [0.49426257984, 0.44810057264, 0.057636847519]
    ],
    [
      [0.03937334139, 0.36475660639, 0.59587005222],
      [0.19282230576, 0.31629262808, 0.49088506616],
      [0.19880993151, 0.23757038734, 0.56361968115],
      [0.57501269207, 0.068163173114, 0.35682413481],
      [0.65163570103, 0.062109449155, 0.28625484982],
      [0.55647038254, 0.39328662151, 0.050242995955]
    ],
    [
      [0.062998244236, 0.29233726906, 0.6446644867],
      [0.28224267755, 0.23197788505, 0.4857794374],
      [0.28442744067, 0.17037410757, 0.54519845175],
      [0.67615687035, 0.04021705687, 0.28362607278],
      [0.74363761472, 0.03556495954, 0.22079742574],
      [0.70670485917, 0.25018096605, 0.043114174785]
    ],
    [
      [0.038580627822, 0.30336973337, 0.65804963881],
      [0.19005460593, 0.26462578191, 0.54531961216],
      [0.19195752746, 0.19475257031, 0.61328990223],
      [0.55555337103, 0.055927115987, 0.38851951298],
      [0.63451201843, 0.051357157371, 0.3141308242],
      [0.5877476583, 0.35242671244, 0.059825629256]
    ],
    [
      [0.053717489682, 0.34144236863, 0.60484014169],
      [0.24877537624, 0.28002324044, 0.47120138332],
      [0.25449534975, 0.20877510317, 0.53672954708],
      [0.64807526462, 0.052767723646, 0.29915701174],
      [0.71826494045, 0.047020388105, 0.23471467145],
      [0.644422007, 0.31227693745, 0.043301055545]
    ],
    [
      [0.052014696358, 0.34873039399, 0.59925490965],
      [0.24240900764, 0.28801986516, 0.4695711272],
      [0.24848547045, 0.21534941007, 0.53616511947],
      [0.64181100605, 0.055325805184, 0.30286318877],
      [0.71261900587, 0.049396851325, 0.2379841428],
      [0.63293445181, 0.3236596323, 0.043405915894]
    ],
    [
      [0.05050533868, 0.26527325106, 0.68422141026],
      [0.23785224291, 0.22165010472, 0.54049765237],
      [0.2372176552, 0.16152689725, 0.60125544754],
      [0.61736582075, 0.04196357815, 0.3406706011],
      [0.69221090581, 0.037838200753, 0.26995089343],
      [0.67562551418, 0.27049739259, 0.053877093234]
    ],
    [
      [0.029453420267, 0.2911834389, 0.67936314083],
      [0.15094746278, 0.2647323838, 0.58432015342],
      [0.15157152388, 0.19422627593, 0.65420220019],
      [0.48345449608, 0.061821430566, 0.45472407336],
      [0.565682923, 0.058170173476, 0.37614690353],
      [0.52923616359, 0.39872008183, 0.072043754586]
    ],
    [
      [0.040601439614, 0.29419841952, 0.66520014087],
      [0.19854354796, 0.25514700156, 0.54630945048],
      [0.19979280267, 0.18757528201, 0.61263191532],
      [0.56731362475, 0.053115916103, 0.37957045915],
      [0.64578927354, 0.04861774028, 0.30559298618],
      [0.60646639496, 0.33467685112, 0.058856753923]
    ],
    [
      [0.041376828399, 0.3300131081, 0.6286100635],
      [0.20147312667, 0.28509287471, 0.51343399862],
      [0.20507319651, 0.21205024734, 0.58287655614],
      [0.58070606471, 0.059939164898, 0.3593547704],
      [0.65773893258, 0.054595889588, 0.28766517783],
      [0.58917744639, 0.35812124815, 0.052701305465]
    ],
    [
      [0.056806419611, 0.46461234265, 0.47858123773],
      [0.25878081835, 0.37551286086, 0.36570632079],
      [0.27498820074, 0.29157627929, 0.43343551998],
      [0.69012311182, 0.073044899729, 0.23683198845],
      [0.75320777182, 0.064111486301, 0.18268074188],
      [0.59773412584, 0.37261819009, 0.029647684071]
    ],
    [
      [0.042571909824, 0.41071752418, 0.546710566],
      [0.20545244491, 0.35157024709, 0.442977308],
      [0.21489155968, 0.26868012982, 0.51642831049],
      [0.60650386245, 0.075646410831, 0.31784972672],
      [0.67986508456, 0.068184790947, 0.2519501245],
      [0.55226288074, 0.40578987858, 0.041947240675]
    ],
    [
      [0.044633892129, 0.32178672716, 0.63357938072],
      [0.21449842383, 0.2743020429, 0.51119953326],
      [0.21782432731, 0.20350693502, 0.57866873768],
      [0.59789191977, 0.055725564936, 0.34638251529],
      [0.67357683882, 0.050483594272, 0.27593956691],
      [0.61227137072, 0.3363362084, 0.05139242088]
    ],
    [
      [0.044485916675, 0.36684767549, 0.58866640784],
      [0.2135957822, 0.31253582021, 0.47386839759],
      [0.22004563951, 0.23526934526, 0.54468501523],
      [0.60783153151, 0.064887642119, 0.32728082637],
      [0.68199943962, 0.058551915881, 0.2594486445],
      [0.58601035919, 0.36845305002, 0.045536590786]
    ]
  ],
  "expected_outcome": [
    [
      [2.424183864, 2.2888360541, 1.6907214533, 1.9623970767, 3.3403719216, 2.2781869567, 3.2180522682, 2.2777947533, 1.2876053964, 0.4136608589, 0.34757739181, 0.22956113992, 0.2267617456, 0.37443704108, 0.34707880235, 0.43055278866, 0.42374235788, 0.37609070849, 0.3903504896, 0.3888564969, 0.23739784491, 0.27708242448, 0.60349288677, 0.33862563278, 0.42099182436, 0.39886716946, 0.54408765693, 0.49557445924, 0.2203101941, 0.41534061414, 0.48787143888, 0.42135338033, 0.11550776209, 0.30900118431, 0.30265018432, 0.60721828555, 0.27757174937, 0.35436007251, 0.56698419812, 0.30864502257, 0.59089238651, 0.46813226722, 0.35353737076, 0.11781368107, 0.40601439614, 0.33101462719, 0.39764493728, 0.42571909824, 0.26780335278, 0.31140141673],
      [18.9581841436, 14.7911614062, 19.3763957695, 21.5326612404, 20.5549474075, 16.6301218166, 24.2873208128, 19.3980813871, 10.9830154134, 2.098580881, 2.5647944496, 2.5694698924, 2.4571457468, 2.9933935438, 2.0918109614, 3.05753639, 3.3174598332, 3.2138933315, 4.5712151341, 2.4640295192, 2.2978237441, 1.6944236346, 2.2185305616, 2.4649127825, 4.5452285477, 3.2724109694, 3.1711966949, 3.0617715268, 2.1882225386, 4.2032615295, 3.7210509689, 3.5035865098, 0.96863849129, 2.676354022, 1.7905820089, 5.8464789101, 3.3004935768, 3.2828094575, 2.6310354216, 2.426957867, 3.7558660549, 3.1385735459, 1.8569127574, 1.1647337556, 2.9419841952, 2.6401048648, 3.2522863986, 4.1071752418, 1.9307203629, 2.5679337284],
      [35.6176319924, 33.9200025398, 38.9328827773, 33.504941683, 34.1046806709, 33.0916912267, 39.494626919, 38.3241238595, 13.7293791902, 6.4877582601, 5.0876281586, 3.2009689676, 4.3160925076, 5.6321694151, 4.5611102362, 4.5119108214, 5.258797809, 4.41001596, 6.0384343763, 5.1471139839, 3.464778411, 3.0284939409, 8.1779765516, 5.1964615847, 8.033779628, 7.3287218612, 5.2847156482, 6.442654014, 3.5914672673, 7.3813978564, 5.7910775922, 6.0750601099, 1.9158537466, 4.0146447936, 4.9067678068, 7.5463028043, 5.4219346738, 5.36283047, 5.8019803803, 5.2643971105, 6.6532415586, 5.3932941869, 4.7895498718, 2.7174525633, 6.6520014087, 5.028880508, 3.3500686641, 5.46710566, 3.8014762843, 4.1206648549]
    ],
    [
      [2.2702271106, 2.809092184, 0.5809956602, 1.7239416202, 1.8432702561, 1.4803352748, 2.0519018351, 1.502541603, 10.9384661283, 12.7981181475, 11.7527661912, 11.6502170673, 10.1415350772, 11.3322388274, 15.2142928898, 11.9454209843, 8.7282386197, 1.3389895657, 0.35262192935, 3.2225206131, 1.9363128795, 2.5517658549, 3.5654992069, 1.8499824402, 1.308292458, 0.90193932223, 2.1823770102, 2.8031855728, 1.2725959, 2.0755776047, 1.6101258972, 2.2459154298, 2.6539682275, 1.9072042557, 1.4659821088, 0.4170437663, 1.2516936821, 1.542578446, 1.4112133878, 1.7104914534, 2.7365291386, 0.96963603058, 0.95140897163, 1.9623170162, 1.3898048357, 1.4103118867, 2.3290273651, 1.4381671144, 2.1449842383, 0.6407873466],
      [3.1365115615, 3.2077607127, 1.1759489423, 3.3410229832, 2.0025912031, 1.9106913286, 2.7317439582, 2.2595763996, 16.4923623718, 11.4887064844, 15.3494327041, 23.0695419195, 19.4433608304, 16.0340715014, 16.2163231338, 15.0189179503, 12.0844303204, 2.0236649889, 0.73074303465, 3.6124004276, 3.3151340565, 2.7614781303, 2.3184405135, 2.3816717505, 2.498393519, 1.3100887859, 2.2511256546, 3.0665943239, 2.2368817942, 3.7192425723, 2.1749731513, 3.3066363278, 3.9407734406, 2.9239468161, 1.5355817195, 0.71114286361, 2.6350409655, 2.5303410247, 1.1598894252, 2.3816320371, 3.0802556449, 1.1520794606, 0.88660041888, 3.4415209894, 1.7860290109, 1.995650123, 3.3796157478, 2.4609917296, 2.743020429, 0.93760746063],
      [5.5932613278, 6.9831471033, 2.2430553975, 4.9350353966, 3.1541385408, 3.6089733967, 4.2163542067, 4.2378819974, 19.5691714999, 33.7131753681, 28.8978011048, 27.2802410132, 32.4151040924, 28.6336896711, 33.5693839764, 21.0356610654, 18.18733106, 2.6373454454, 0.91663503601, 7.1650789593, 4.7485530639, 4.6867560148, 8.1160602796, 4.7683458093, 4.193314023, 2.7879718919, 3.5664973352, 6.1302201034, 3.4905223058, 6.205179823, 3.2149009515, 5.4474482424, 7.4052583319, 4.1688489282, 3.9984361716, 0.8718133701, 4.1132653524, 3.9270805293, 2.428897187, 4.9078765095, 5.1832152165, 1.8782845088, 2.1619906095, 7.5961619944, 3.8241661533, 3.5940379904, 3.2913568871, 3.100841156, 5.1119953326, 1.4216051928]
    ],
    [
      [1.0524650763, 2.173807587, 1.4762011176, 1.249805634, 3.2453706475, 1.7183176813, 0.70439962737, 1.3367156286, 1.9549632915, 1.7439582658, 1.9187829077, 2.1772894437, 1.5106894782, 1.6509937995, 2.3620063251, 2.3206740996, 7.6215912652, 14.9012336695, 10.3594885432, 12.5793666263, 11.8513832965, 14.6061404964, 12.7255438501, 12.8951989142, 9.226737573, 1.6364093622, 1.9604897708, 2.3629026321, 1.6874432331, 1.0648713968, 1.9011714769, 1.0474686251, 1.34906714, 1.7581359266, 3.3333237533, 2.1878843371, 2.0992746579, 1.1928595891, 2.2754195254, 2.3034903295, 1.7814674483, 1.9878837636, 1.8977412416, 1.0610006672, 2.1977208294, 1.2304391791, 1.099952803, 2.1489155968, 1.9604189458, 1.1002281976],
      [1.0622913943, 1.813275182, 2.1826327924, 1.7693900972, 2.575807499, 1.6200389149, 0.68519704434, 1.4684657275, 2.1532079541, 1.1433849045, 1.8303158442, 3.1489303625, 2.1155636338, 1.7061309118, 1.8385977657, 2.1307074149, 7.7060681318, 16.4395484911, 15.6716453768, 10.2958480696, 14.8074773656, 11.5390314527, 6.040903548, 12.1197281317, 12.864650618, 1.7319528201, 1.4726928106, 1.8845231997, 2.159487461, 1.3909413313, 1.8722640951, 1.1239134618, 1.4597023659, 1.9628575783, 2.5437802114, 2.7191061678, 3.2197322506, 1.425422324, 1.3629928606, 2.3370308438, 1.4614257222, 1.7227952806, 1.292215178, 1.3595839315, 2.0633281021, 1.2723014841, 1.1663051171, 2.6868012982, 1.8315624152, 1.1763467263],
      [2.8852435293, 6.012917231, 6.34116609, 3.9808042687, 6.1788218535, 4.6616434038, 1.6104033283, 4.1948186439, 3.8918287544, 5.1126568297, 5.2509012481, 5.6737801938, 5.3737468879, 4.6428752887, 5.7993959092, 4.5486184855, 17.6723406029, 32.6592178395, 29.96886608, 31.1247853041, 32.3411393378, 29.8548280509, 32.2335526019, 36.985072954, 32.908611809, 5.6316378177, 3.5668174187, 5.7525741682, 5.1530693059, 3.5441872719, 4.226564428, 2.8286179131, 4.1912304941, 4.2790064951, 10.1228960353, 5.0930094952, 7.6809930915, 3.3817180869, 4.361587614, 7.3594788268, 3.7571068296, 4.2893209558, 4.8100435803, 4.5794154013, 6.7389510685, 3.4972593369, 1.7337420799, 5.1642831049, 5.2080186391, 2.7234250762]
    ],
    [
      [5.3091678607, 3.5635173881, 4.3298201721, 7.098251969, 4.6937673085, 6.5325943802, 1.886084773, 5.0291990001, 3.891141167, 5.8677718616, 2.9558835617, 4.6747169029, 3.1345754088, 2.331107523, 6.8239567712, 9.8745230398, 5.6064948031, 5.6704143187, 5.0519699194, 4.936122797, 6.3980170035, 6.5595137096, 5.6271023906, 2.9096566719, 4.1759087721, 28.520288233, 45.4926289727, 34.7409650629, 32.8613721533, 27.9863550515, 34.7153913028, 31.8105746879, 33.0087436528, 18.8620424516, 5.7454963249, 3.6745517106, 5.1200973196, 7.4751649969, 6.7615687035, 3.3333202262, 7.7769031754, 7.0599210665, 3.7041949245, 2.4172724804, 6.2404498723, 2.3228242588, 4.1407386709, 5.458534762, 4.7831353582, 6.0783153151],
      [0.5296665618, 0.29394633212, 0.63229593238, 0.99271115776, 0.36770014166, 0.60993013944, 0.18072880524, 0.54551552752, 0.42412991256, 0.38159323105, 0.2798424549, 0.67032739802, 0.43535567928, 0.23907363686, 0.52620456062, 0.90039190588, 0.56151017396, 0.61961697794, 0.75800354928, 0.40046128238, 0.79191216297, 0.51400549971, 0.26467447414, 0.27089102544, 0.57690907878, 2.9940746241, 3.385632551, 2.7498984955, 4.1653799378, 3.6276961783, 3.3946826905, 3.3866295546, 3.5436772328, 2.0870612775, 0.43488691772, 0.45336760966, 0.77887037039, 0.88612125048, 0.4021705687, 0.33556269592, 0.63321268376, 0.60858385702, 0.2517814689, 0.30910715283, 0.58427507713, 0.23975665959, 0.43826939837, 0.68081769748, 0.44580451949, 0.64887642119],
      [3.1611655775, 2.1425362798, 4.0378838955, 4.9090368732, 1.9385325498, 3.8574754804, 0.93318642179, 3.4252854724, 1.6847289205, 3.7506349073, 1.7642739834, 2.6549556991, 2.430068912, 1.4298188402, 3.6498386682, 4.2250850544, 2.831995023, 2.7099687033, 3.1900265313, 2.6634159206, 3.8100708335, 2.9264807907, 3.1082231352, 1.8194523027, 3.2471821492, 21.4856371429, 18.1217384763, 18.5091364416, 21.9732479089, 20.3859487703, 16.8899260067, 18.8027957575, 22.4475791143, 10.0508962708, 3.8196167573, 1.8720806798, 4.10103231, 4.6387137526, 2.8362607278, 2.3311170779, 3.5898841409, 3.3314950765, 2.0440236066, 2.2736203668, 4.1752750506, 1.4374190816, 1.4209919307, 2.8606475405, 2.7710601223, 3.2728082637]
    ],
    [
      [4.6635273427, 8.0464584334, 5.0663025177, 3.1227767637, 5.1669421265, 7.3696636422, 4.9074887067, 5.7380484123, 4.3051467932, 5.3175396587, 8.0088022859, 4.6145143639, 4.2169113547, 9.2326403384, 4.165877006, 6.5404764154, 2.7821206455, 4.9091612055, 7.0180651125, 4.1467030661, 7.8904083469, 5.8027099443, 6.2998830893, 5.9320137115, 4.2140407818, 8.6540585033, 3.7261730286, 2.7762245948, 8.8870889885, 6.7905738712, 4.9190703241, 7.9784621647, 4.4650147191, 27.2812595556, 35.2595822469, 39.7300696586, 32.5569610953, 36.4915992575, 40.9000688096, 36.8016970689, 37.3497769034, 32.0678552642, 6.9221090581, 6.788195076, 5.8121034619, 6.5773893258, 7.5320777182, 4.7590555919, 8.0829220658, 4.7739960774],
      [0.37342215153, 0.53280084561, 0.59374259885, 0.35049577934, 0.32478230978, 0.55251944392, 0.37714693317, 0.49945928192, 0.37674134709, 0.27778532618, 0.60913186696, 0.53147964686, 0.47043607601, 0.76069619263, 0.25798273569, 0.47921133442, 0.22377287507, 0.43086293586, 0.84599490871, 0.27023000071, 0.78453806944, 0.36531558327, 0.23801276866, 0.44358000719, 0.46760667067, 0.73040355165, 0.22293502472, 0.17665789696, 0.90565459807, 0.70762805265, 0.38672920365, 0.68288920844, 0.38538978311, 2.426971589, 2.1457501452, 3.9412990079, 3.9818118246, 3.4781291527, 1.9560727747, 2.9787151275, 2.4450601814, 2.2228583096, 0.37838200753, 0.69804208171, 0.43755966252, 0.54595889588, 0.64111486301, 0.47729353663, 0.60580313127, 0.40986341117],
      [1.9630505058, 3.420740721, 3.3399548835, 1.5267274569, 1.5082755637, 3.0778169138, 1.7153643601, 2.7624923058, 1.3181118597, 2.4046750151, 3.3820658471, 1.8540059892, 2.3126525693, 4.0066634689, 1.5761402583, 1.9803122501, 0.9941064794, 1.6599758586, 3.1359399788, 1.5830669332, 3.3250535837, 1.8319744725, 2.462104142, 2.6244062813, 2.3183525475, 4.6155379451, 1.0508919467, 1.0471175083, 4.2072564134, 3.5017980761, 1.6942004722, 3.3386486268, 2.1495954977, 10.2917688554, 16.5946676079, 14.3286313335, 18.4612270801, 16.0302715898, 12.1438584157, 18.2195878036, 12.2051629152, 10.7092864262, 2.6995089343, 4.5137628423, 2.7503368756, 2.8766517783, 1.8268074188, 1.7636508715, 3.3112748029, 1.8161405115]
    ],
    [
      [6.5686415341, 5.0827684834, 4.0065952444, 4.1556573807, 5.9140195981, 6.7212175767, 6.7223581214, 4.0262306707, 4.1041567534, 4.7397244498, 6.0772276329, 3.1109060887, 4.6583154151, 5.3114325519, 0.65229934392, 6.8721858141, 3.604115329, 3.4970596509, 5.5582147432, 6.4188675114, 1.0992264657, 7.1978306213, 4.4164859637, 4.2646448525, 4.6643987209, 4.610902773, 2.6625737221, 5.1676945012, 2.6956399863, 3.7294756253, 7.869007387, 4.6518232017, 5.7526619735, 2.8765090028, 3.8762098554, 5.5299140668, 2.4713128992, 4.4517630603, 9.1871631692, 4.1142336081, 4.510954049, 14.5574923916, 43.9156584216, 31.2249336517, 31.5362525378, 38.2965340151, 38.2549840536, 31.4789842023, 33.6749253896, 39.848704425],
      [3.8606947182, 2.4713161969, 3.4481176525, 3.4249347897, 2.7295218895, 3.6997995741, 3.7922332947, 2.5735721284, 2.636597831, 1.81845942, 3.3939109014, 2.631404347, 3.8150487513, 3.213558232, 0.29680135621, 3.6991853483, 2.1302745103, 2.2590634586, 4.929865526, 3.0758725925, 0.80525586958, 3.3337906115, 1.2275795331, 2.346240452, 3.806420997, 2.8832493466, 1.1829302878, 2.4312219139, 2.0418804761, 2.8748120205, 4.573614111, 2.9477673457, 3.6778054872, 1.9003582517, 1.7486434385, 4.0601062712, 2.2405028632, 3.1462929721, 3.2523525586, 2.4669869871, 2.1859385622, 7.4441715429, 17.5823305182, 23.5244848277, 17.4031962582, 23.2778811296, 23.8475641658, 23.1300230792, 18.498491462, 25.0548074015],
      [0.5706637477, 0.44591531977, 0.54528710307, 0.41940782965, 0.35645851246, 0.57898284922, 0.48540858384, 0.40019720086, 0.25924541558, 0.44181613025, 0.5288614657, 0.2576895643, 0.52663583358, 0.47500921609, 0.050899299867, 0.42862883752, 0.26561016069, 0.24387689048, 0.51191973086, 0.50525989613, 0.095517664695, 0.46837876713, 0.35593450318, 0.38911469545, 0.52918028211, 0.50584788038, 0.15449599014, 0.40108358496, 0.26247953753, 0.39571235421, 0.55737850202, 0.40040945256, 0.56953253926, 0.22313274556, 0.37514670615, 0.40997966197, 0.2881842376, 0.40194396764, 0.56048427221, 0.41877940479, 0.30310738881, 0.99833606556, 3.5020110602, 4.2505815206, 3.060551204, 3.4255848552, 1.8974517805, 2.3909927185, 2.8265831484, 3.0964881734]
    ]
  ],
  "prob": [
    [0.044187637224, 0.34080618097, 0.61500618181],
    [0.21131563479, 0.29060386044, 0.49808050477],
    [0.21611988287, 0.21773868064, 0.56614143649],
    [0.5940816718, 0.060514653357, 0.34540367484],
    [0.66886027381, 0.054882012187, 0.276257714],
    [0.59548022811, 0.35369410282, 0.050825669071]
  ],
  "iterations": 25,
  "time": 9.1e-05,
  "message": "Converged",
  "status": 0,
  "miniter": 0,
  "maxiter": 1000,
  "maxtime": 3600,
  "param_threshold": 0.001,
  "ll_threshold": "-Inf",
  "initial_prob": "group_proportional",
  "ballotbox_id": ["1", "2", "3", "4", "5", "6", "7", "8", "9", "10", "11", "12", "13", "14", "15", "16", "17", "18", "19", "20", "21", "22", "23", "24", "25", "26", "27", "28", "29", "30", "31", "32", "33", "34", "35", "36", "37", "38", "39", "40", "41", "42", "43", "44", "45", "46", "47", "48", "49", "50"],
  "candidates_id": ["1", "2", "3"],
  "group_id": ["1", "2", "3", "4", "5", "6"]
}
