{
  "Z_true": {},
  "V_true": [
    [35, 34, 64, 41, 137, 8],
    [18, 63, 45, 48, 338, 23],
    [34, 694, 34, 31, 271, 11],
    [18, 15, 1118, 18, 132, 6],
    [48, 91, 125, 1265, 403, 19],
    [45, 73, 47, 43, 2503, 11],
    [72, 164, 199, 191, 329, 74]
  ],
  "p_true": [
    [0.1097, 0.1066, 0.2006, 0.1285, 0.4295, 0.0251],
    [0.0336, 0.1178, 0.0841, 0.0897, 0.6318, 0.043],
    [0.0316, 0.6456, 0.0316, 0.0288, 0.2521, 0.0102],
    [0.0138, 0.0115, 0.8554, 0.0138, 0.101, 0.0046],
    [0.0246, 0.0466, 0.0641, 0.6484, 0.2066, 0.0097],
    [0.0165, 0.0268, 0.0173, 0.0158, 0.9195, 0.004],
    [0.07, 0.1594, 0.1934, 0.1856, 0.3197, 0.0719]
  ],
  "Z_est": [
    [
      [2.7279, 3.7785, 1.4291, 1.4989, 1.4006, 0.761, 0.1641, 2.5143, 2.4021, 2.0325, 4.3294, 3.4636, 3.3188, 1.1334, 3.4195, 1.9025, 3.2743, 1.3618, 1.7471, 0.4446, 2.2835, 1.7198],
      [4.0228, 5.4659, 3.206, 4.2176, 4.0654, 2.3828, 1.7237, 2.9838, 3.0679, 2.7981, 4.5425, 5.2927, 0.977, 2.0172, 5.8292, 2.8963, 4.6021, 2.0552, 3.1151, 1.2608, 11.5743, 5.2422],
      [0.3356, 0.448, 0.2158, 0.351, 0.3226, 0.1796, 0.17, 0.2437, 0.2035, 0.2691, 0.5023, 0.4438, 0.4654, 0.1986, 0.5583, 0.3269, 0.5203, 0.1704, 0.2813, 0.2174, 0.4276, 0.4421],
      [0.212, 0.3641, 0.1544, 0.2972, 0.2333, 0.1273, 0.1323, 0.2021, 0.1701, 0.2028, 0.293, 0.2492, 0.2442, 0.1582, 0.432, 0.1868, 0.3254, 0.0968, 0.2994, 0.1124, 0.2763, 0.3338],
      [8.6145, 10.8223, 5.9413, 7.5254, 7.9214, 4.5412, 4.7816, 7.0107, 5.1314, 4.5832, 11.2553, 10.5023, 9.8535, 4.4251, 14.6198, 7.6575, 10.1804, 3.2525, 11.3466, 3.9292, 9.3623, 11.107],
      [0.0872, 0.1212, 0.0534, 0.1098, 0.0567, 0.0081, 0.0283, 0.0454, 0.0251, 0.1143, 0.0775, 0.0485, 0.1411, 0.0674, 0.1412, 0.03, 0.0973, 0.0634, 0.2105, 0.0356, 0.076, 0.1551]
    ],
    [
      [0.2805, 0.1718, 0.2543, 0.0944, 0.0981, 0.1112, 0.03, 0.5139, 0.4542, 0.247, 0.3261, 0.3869, 0.1938, 0.1563, 0.1574, 0.1244, 0.3416, 0.3217, 0.0666, 0.0365, 0.0818, 0.412],
      [1.0264, 0.6154, 1.4172, 0.6598, 0.7067, 0.866, 0.7844, 1.5147, 1.4393, 0.8477, 0.8486, 1.4654, 0.1419, 0.6914, 0.6653, 0.4685, 1.1891, 1.2157, 0.2971, 0.2595, 1.0348, 3.1078],
      [11.4544, 6.7705, 12.7874, 7.3682, 7.5475, 8.764, 10.4729, 16.569, 12.8138, 10.9998, 12.5687, 16.4671, 9.1051, 9.1651, 8.5419, 7.1493, 18.0119, 13.5913, 3.6525, 6.0764, 5.1637, 34.9377],
      [2.6147, 1.9832, 3.3009, 2.2505, 1.9652, 2.239, 2.9325, 4.9612, 3.8594, 2.9811, 2.6468, 3.3411, 1.7242, 2.6315, 2.3861, 1.4718, 4.0664, 2.7876, 1.3916, 1.1299, 1.1975, 9.548],
      [7.6621, 4.2521, 9.1553, 4.1077, 4.8085, 5.7584, 7.6273, 12.4084, 8.3934, 4.847, 7.3334, 10.1543, 5.0106, 5.2994, 5.8224, 4.3459, 9.1749, 6.7371, 3.7894, 2.839, 2.9184, 22.9378],
      [1.962, 1.2071, 2.0848, 1.5195, 0.8739, 0.2615, 1.1528, 2.0328, 1.0399, 3.0774, 1.2764, 1.1851, 1.8244, 2.0564, 1.4271, 0.4402, 2.2161, 3.3465, 1.8027, 0.6586, 0.6038, 8.0567]
    ],
    [
      [2.6794, 1.7291, 1.8342, 0.9633, 0.7469, 1.018, 0.0851, 2.8051, 2.8877, 1.4225, 2.7784, 1.2841, 1.6469, 0.9486, 1.4287, 0.59, 1.8402, 0.8315, 0.5211, 0.2639, 0.5751, 2.1238],
      [55.8607, 35.4192, 58.2831, 38.4963, 30.8467, 45.2981, 12.9285, 47.147, 52.2071, 28.0236, 41.2478, 27.8625, 6.9727, 24.1284, 34.5353, 12.9442, 36.5865, 18.1806, 13.4441, 10.9453, 41.5837, 90.9724],
      [0.2758, 0.1714, 0.2321, 0.1891, 0.1442, 0.2016, 0.0744, 0.2277, 0.2047, 0.1586, 0.2697, 0.1377, 0.1945, 0.1396, 0.1953, 0.0852, 0.2444, 0.0881, 0.071, 0.1098, 0.0906, 0.4553],
      [6.8041, 5.4388, 6.4855, 6.2564, 4.0752, 5.5818, 2.2626, 7.3752, 6.6841, 4.6711, 6.1426, 3.0208, 3.9876, 4.3466, 5.9012, 1.9007, 5.9689, 1.9581, 2.9578, 2.22, 2.2893, 13.4179],
      [12.3596, 7.2282, 11.1488, 7.0781, 6.1797, 8.8979, 3.6459, 11.4329, 9.0092, 4.7049, 10.5497, 5.6906, 7.1814, 5.4234, 8.9254, 3.4777, 8.347, 2.9323, 4.991, 3.4559, 3.4568, 19.9851],
      [0.0204, 0.0132, 0.0163, 0.0169, 0.0072, 0.0026, 0.0035, 0.0121, 0.0072, 0.0192, 0.0119, 0.0043, 0.0168, 0.0135, 0.0141, 0.0022, 0.013, 0.0093, 0.0151, 0.0051, 0.0046, 0.0455]
    ],
    [
      [0.0341, 0.0208, 0.0171, 0.012, 0.0082, 0.0097, 0.0015, 0.0296, 0.0218, 0.0114, 0.0282, 0.0319, 0.0224, 0.0134, 0.0213, 0.0152, 0.0196, 0.0226, 0.0047, 0.0036, 0.0067, 0.0319],
      [0.04, 0.0239, 0.0305, 0.0268, 0.019, 0.0243, 0.0126, 0.0279, 0.0221, 0.0126, 0.0235, 0.0387, 0.0052, 0.019, 0.0289, 0.0183, 0.0218, 0.0273, 0.0067, 0.0083, 0.0273, 0.0771],
      [70.8733, 41.7822, 43.7235, 47.5856, 32.2797, 39.1356, 26.7725, 48.5528, 31.2754, 26.024, 55.3154, 69.0058, 53.5054, 40.0704, 58.9115, 44.5788, 52.5719, 48.6661, 13.2074, 30.8967, 21.7775, 137.4008],
      [0.4202, 0.3174, 0.2927, 0.3768, 0.2176, 0.2591, 0.1937, 0.3773, 0.2441, 0.1822, 0.3024, 0.3636, 0.2625, 0.298, 0.427, 0.2377, 0.3082, 0.2584, 0.1292, 0.1482, 0.1302, 0.9776],
      [19.5106, 10.7813, 12.8651, 10.9007, 8.4383, 10.5597, 7.9905, 14.9526, 8.4114, 4.6975, 13.2741, 17.5102, 12.0977, 9.5098, 16.513, 11.1231, 11.0136, 9.9065, 5.5881, 5.9102, 5.0331, 37.1926],
      [0.1217, 0.0744, 0.0712, 0.098, 0.0372, 0.0116, 0.0292, 0.0597, 0.0253, 0.0723, 0.0563, 0.0498, 0.1068, 0.0894, 0.0983, 0.0269, 0.0649, 0.1191, 0.0639, 0.033, 0.0252, 0.3199]
    ],
    [
      [13.6268, 14.2803, 8.6857, 5.0884, 5.8483, 5.2305, 0.7725, 12.2722, 16.5692, 6.746, 15.5714, 13.2767, 7.2569, 6.4808, 7.9614, 7.9331, 14.3814, 5.5572, 1.9103, 1.5028, 3.3429, 11.9706],
      [1.7672, 1.8137, 1.7141, 1.2588, 1.4908, 1.4405, 0.711, 1.2808, 1.8602, 0.8164, 1.4358, 1.7811, 0.1873, 1.0124, 1.1922, 1.0552, 1.7753, 0.737, 0.2992, 0.3741, 1.4913, 3.2086],
      [6.4602, 6.5244, 5.0581, 4.597, 5.1981, 4.7633, 3.0974, 4.5857, 5.4105, 3.4535, 6.9617, 6.557, 3.9335, 4.3852, 5.0107, 5.2641, 8.8034, 2.6949, 1.1925, 2.8548, 2.4203, 11.839],
      [59.536, 77.2989, 52.8503, 56.8702, 54.9232, 49.3403, 35.3688, 55.5162, 65.9889, 38.1513, 59.2371, 53.7443, 30.2645, 51.1122, 56.6223, 44.0189, 80.2549, 22.5305, 18.7414, 21.7674, 22.9869, 130.0356],
      [30.6098, 29.0826, 25.6918, 18.1856, 23.5396, 22.2254, 16.0503, 24.345, 25.1713, 10.8327, 28.7939, 28.6409, 15.3577, 18.0093, 24.2132, 22.7287, 31.7849, 9.4804, 8.8567, 9.501, 9.7587, 54.946],
      [0.0001, 0.0001, 0.0001, 0.0001, 0, 0, 0, 0, 0, 0.0001, 0.0001, 0, 0.0001, 0.0001, 0.0001, 0, 0.0001, 0.0001, 0, 0, 0, 0.0002]
    ],
    [
      [0.035, 0.0368, 0.0202, 0.0185, 0.0143, 0.0165, 0.0016, 0.0294, 0.037, 0.0159, 0.0446, 0.0326, 0.0219, 0.012, 0.0222, 0.0151, 0.0243, 0.0192, 0.0082, 0.0053, 0.009, 0.0377],
      [1.1578, 1.1901, 1.0195, 1.1706, 0.9281, 1.1645, 0.3698, 0.7831, 1.0579, 0.4939, 1.0484, 1.1168, 0.1448, 0.4788, 0.8492, 0.5118, 0.7631, 0.6541, 0.3308, 0.342, 1.0288, 2.5672],
      [4.9499, 5.0059, 3.5178, 4.9989, 3.784, 4.5027, 1.8839, 3.2787, 3.5977, 2.4428, 5.9442, 4.8083, 3.5569, 2.4254, 4.1739, 2.9858, 4.4254, 2.7971, 1.5413, 3.0519, 1.9518, 11.0782],
      [7.3954, 9.6179, 5.9528, 10.0107, 6.4718, 7.5481, 3.4673, 6.4306, 7.1128, 4.3543, 8.1995, 6.3852, 4.414, 4.5702, 7.6372, 4.0337, 6.5446, 3.7594, 3.8821, 3.7324, 2.9829, 19.7786],
      [151.4403, 144.1267, 115.4752, 127.7752, 110.7907, 135.7648, 63.2722, 112.468, 108.1871, 49.6757, 158.7479, 135.6484, 89.8443, 64.4998, 130.2998, 83.4491, 103.2287, 63.7528, 74.2183, 65.8601, 51.0217, 331.4734],
      [0.0215, 0.0226, 0.0145, 0.0261, 0.0111, 0.0034, 0.0052, 0.0102, 0.0074, 0.0173, 0.0153, 0.0088, 0.018, 0.0138, 0.0176, 0.0046, 0.0138, 0.0174, 0.0192, 0.0083, 0.0058, 0.065]
    ],
    [
      [0.0768, 0.0628, 0.0372, 0.0336, 0.0272, 0.0262, 0.0038, 0.0823, 0.0735, 0.0384, 0.0965, 0.0739, 0.0517, 0.0275, 0.038, 0.0126, 0.0808, 0.0305, 0.0138, 0.0102, 0.0261, 0.0894],
      [12.369, 9.9166, 9.1387, 10.3618, 8.6433, 8.9913, 4.4561, 10.68, 10.2557, 5.8191, 11.0602, 12.3326, 1.6722, 5.3744, 7.0802, 2.0979, 12.3914, 5.0931, 2.7133, 3.2045, 14.569, 29.6439],
      [8.283, 6.531, 4.9405, 6.928, 5.5152, 5.4447, 3.5398, 7.0036, 5.4649, 4.5033, 9.8208, 8.3051, 6.4076, 4.2554, 5.4467, 1.9069, 11.2507, 3.3974, 1.9762, 4.4551, 4.3319, 20.049],
      [9.4982, 9.6256, 6.4157, 10.6474, 7.2361, 7.0037, 5.0014, 10.5425, 8.2872, 6.1599, 10.3957, 8.4659, 6.1075, 6.154, 7.6496, 1.9775, 12.7661, 3.5095, 3.8203, 4.1861, 5.0807, 27.4702],
      [25.8713, 19.1842, 16.54, 18.0625, 16.4566, 16.7407, 12.0901, 24.5093, 16.7541, 9.3098, 26.772, 23.9146, 16.4926, 11.5206, 17.3489, 5.4273, 26.7768, 7.8809, 9.6626, 9.7711, 11.5067, 61.3439],
      [6.9017, 5.6797, 3.9279, 6.9666, 3.1216, 0.7934, 1.9088, 4.1823, 2.1646, 6.1696, 4.8548, 2.9079, 6.2683, 4.668, 4.4366, 0.5778, 6.7342, 4.0886, 4.8139, 2.3732, 2.4855, 22.4036]
    ]
  ],
  "V_est": [
    [47.1072, 83.3384, 7.2934, 5.1032, 174.3646, 1.7932],
    [4.8604, 21.2628, 249.9783, 63.4101, 155.3827, 40.1057],
    [31.0035, 763.9139, 3.9608, 109.7462, 166.1016, 0.2741],
    [0.3879, 0.5418, 1033.912, 6.7243, 263.7798, 1.6541],
    [186.2652, 28.7029, 111.0653, 1137.1599, 487.8054, 0.0013],
    [0.4774, 19.171, 86.7028, 144.2816, 2471.0201, 0.3471],
    [1.013, 197.8644, 139.7568, 178.0007, 403.9367, 108.4285]
  ],
  "p_est": [
    [0.1477, 0.2611, 0.023, 0.0162, 0.5463, 0.0056],
    [0.0091, 0.0399, 0.4671, 0.1189, 0.2901, 0.0749],
    [0.0288, 0.7103, 0.0037, 0.1022, 0.1547, 0.0003],
    [0.0003, 0.0004, 0.7901, 0.0052, 0.2027, 0.0013],
    [0.0954, 0.0148, 0.0572, 0.5821, 0.2505, 6.9915e-07],
    [0.0002, 0.0071, 0.0321, 0.0534, 0.9071, 0.0001],
    [0.001, 0.1922, 0.1359, 0.173, 0.3926, 0.1053]
  ],
  "EI_Z": {},
  "EI_V": 12.5758,
  "MAE_Z": {},
  "MAE_V": 53.5252,
  "MAE_p": 0.0619,
  "runtime": 0.0007
}
