{
  "X": [
    [19, 77, 101, 84, 260, 9],
    [21, 55, 65, 109, 222, 7],
    [12, 81, 66, 73, 198, 6],
    [8, 58, 72, 91, 187, 9],
    [8, 48, 54, 74, 179, 4],
    [7, 63, 61, 70, 206, 1],
    [1, 19, 45, 48, 120, 3],
    [19, 63, 75, 88, 211, 6],
    [24, 76, 54, 96, 175, 3],
    [11, 39, 50, 60, 82, 10],
    [23, 56, 95, 86, 259, 6],
    [18, 51, 107, 72, 234, 4],
    [11, 6, 86, 44, 156, 8],
    [9, 32, 61, 72, 117, 7],
    [13, 47, 81, 82, 222, 6],
    [10, 18, 65, 51, 141, 1],
    [20, 54, 102, 111, 197, 9],
    [8, 30, 75, 34, 99, 8],
    [4, 17, 19, 31, 125, 7],
    [2, 13, 55, 31, 100, 3],
    [6, 96, 30, 30, 80, 3],
    [16, 135, 213, 200, 543, 32]
  ],
  "W": [
    [16, 25, 78, 91, 112, 165, 63],
    [21, 15, 50, 53, 129, 160, 51],
    [11, 29, 78, 57, 94, 126, 41],
    [14, 16, 53, 59, 86, 144, 53],
    [14, 16, 42, 41, 91, 122, 41],
    [8, 18, 61, 50, 83, 149, 39],
    [7, 23, 19, 35, 56, 69, 27],
    [13, 38, 69, 64, 98, 123, 57],
    [11, 28, 71, 40, 115, 120, 43],
    [10, 23, 39, 31, 60, 57, 32],
    [21, 25, 61, 69, 112, 174, 63],
    [20, 33, 38, 87, 104, 148, 56],
    [15, 18, 20, 66, 57, 98, 37],
    [8, 20, 35, 50, 81, 72, 32],
    [25, 19, 51, 76, 95, 143, 42],
    [13, 14, 19, 56, 81, 91, 12],
    [19, 35, 53, 64, 137, 115, 70],
    [7, 28, 24, 59, 41, 71, 24],
    [17, 11, 22, 19, 31, 80, 23],
    [6, 11, 17, 37, 36, 73, 24],
    [24, 11, 48, 27, 40, 57, 38],
    [19, 79, 127, 176, 212, 365, 161]
  ],
  "method": "mult",
  "cond_prob": [
    [
      [0.17049147075, 0.25142530971, 0.020974551524, 0.013252100492, 0.53840422607, 0.0054523414531],
      [0.011219995955, 0.04105563546, 0.45817446764, 0.1045865494, 0.30648520438, 0.078478147156],
      [0.034351429014, 0.71616248573, 0.0035358784192, 0.087232193298, 0.15845614526, 0.00026186827499],
      [0.00037515772526, 0.00043961233031, 0.77882697413, 0.0046179384626, 0.21440267617, 0.0013376411825],
      [0.12166801954, 0.01577823164, 0.05768041678, 0.53157120427, 0.27330137804, 7.4973447543e-07],
      [0.00021229595569, 0.0070172309798, 0.029999664072, 0.044820777873, 0.91781972208, 0.00013030904433],
      [0.0012190057991, 0.1963339861, 0.13147620132, 0.15076445644, 0.41065608481, 0.10955026552]
    ],
    [
      [0.17992978785, 0.26027948564, 0.021334934308, 0.017335863092, 0.51534855401, 0.0057713751024],
      [0.011451554914, 0.041025470903, 0.45136641344, 0.1322103425, 0.28347407595, 0.080472142288],
      [0.034581029223, 0.70838489585, 0.0034282031269, 0.10877681394, 0.14456487173, 0.00026418612648],
      [0.00039280842318, 0.00045054416589, 0.78834290829, 0.0059886583502, 0.20342165547, 0.0014034252947],
      [0.11070026124, 0.014060045443, 0.050576392144, 0.59921594184, 0.22544667548, 6.8385905599e-07],
      [0.00022988856931, 0.0074380084689, 0.031286857652, 0.060112103958, 0.90079175246, 0.00014138889119],
      [0.0012321804433, 0.19444384085, 0.12805889537, 0.18873743791, 0.37616047133, 0.1113671741]
    ],
    [
      [0.12992079003, 0.29145515549, 0.019618498235, 0.014038736523, 0.54011620622, 0.0048506134968],
      [0.0087672734702, 0.048870594331, 0.44094623177, 0.11382375849, 0.31570104673, 0.071891095209],
      [0.023515187156, 0.74721906282, 0.0029750079396, 0.083147370295, 0.14293383352, 0.00020953827679],
      [0.00029958878657, 0.00053482406914, 0.76707817299, 0.0051355629575, 0.2257027663, 0.0012490848951],
      [0.092401116604, 0.018234757989, 0.053809586406, 0.56223673746, 0.27331713653, 6.6501786627e-07],
      [0.00016067200163, 0.0080909143138, 0.027918940603, 0.047244388785, 0.91646976649, 0.00011531780154],
      [0.00090821596365, 0.22289422717, 0.12050007923, 0.15647997374, 0.40341463277, 0.095802871133]
    ],
    [
      [0.10706474377, 0.30125964948, 0.025071062122, 0.021230422705, 0.53752829975, 0.007845822169],
      [0.0058971673826, 0.04123633156, 0.46051503217, 0.14065504475, 0.25673077898, 0.09496564516],
      [0.018174880566, 0.72634473315, 0.0035688062931, 0.1180447372, 0.13354867753, 0.0003181652559],
      [0.00020282813764, 0.00045417805957, 0.80653608222, 0.0063872704226, 0.18475796169, 0.0016616794714],
      [0.059167297085, 0.014636677065, 0.05345369238, 0.66128147339, 0.2114600239, 8.3616985953e-07],
      [0.00012869061165, 0.008128845465, 0.034714704703, 0.069518687715, 0.88732757873, 0.00018149277721],
      [0.00063460943084, 0.19550639258, 0.13071746883, 0.20089416882, 0.34080211976, 0.13144524059]
    ],
    [
      [0.100039626, 0.29038390926, 0.02304509717, 0.016667031011, 0.56581661094, 0.0040477256232],
      [0.0061299008269, 0.044170124734, 0.47171958554, 0.12282716792, 0.30053185632, 0.054621364656],
      [0.01778234202, 0.73444640007, 0.0034342842178, 0.097028471103, 0.14713667562, 0.00017182697439],
      [0.00020064492673, 0.00046290138758, 0.78730858593, 0.0053079486478, 0.20581257657, 0.000907342534],
      [0.064266828666, 0.016382337, 0.057121921264, 0.6035512783, 0.25867713342, 5.0135434875e-07],
      [0.00011689436571, 0.0076076448022, 0.031016698028, 0.053047584177, 0.90812018444, 9.0994187851e-05],
      [0.00066363004694, 0.21081302843, 0.13451678555, 0.17648969983, 0.40138067087, 0.076136185276]
    ],
    [
      [0.095130440733, 0.29784517523, 0.022445261847, 0.015910416751, 0.56765416233, 0.001014543109],
      [0.0061768498842, 0.048112295867, 0.48688711776, 0.12438907965, 0.3199086624, 0.014525994438],
      [0.016689038462, 0.74259191222, 0.0033045683116, 0.09150513751, 0.14586679755, 4.2545936413e-05],
      [0.00019487599308, 0.00048612071116, 0.78271174072, 0.0051814131274, 0.2111932944, 0.00023255504868],
      [0.063018490626, 0.01735485186, 0.057389546864, 0.59446121031, 0.26777577071, 1.2963342156e-07],
      [0.00011106552203, 0.0078153431641, 0.0302195437, 0.05065808552, 0.91117314696, 2.2815129336e-05],
      [0.00067182892577, 0.23054616883, 0.1396070888, 0.17958119736, 0.42924890667, 0.020344809416]
    ],
    [
      [0.023442715896, 0.24623930942, 0.024284719982, 0.018895418751, 0.68308867408, 0.0040491618732],
      [0.0013036220777, 0.034103777332, 0.45534449779, 0.1275011653, 0.3316234137, 0.050123523797],
      [0.0044768282865, 0.68044698166, 0.0039148890803, 0.11908401165, 0.1918913769, 0.00018591242365],
      [4.2886943183e-05, 0.0003590994061, 0.76492723844, 0.0055355779699, 0.2283003062, 0.00083489104379],
      [0.013794156659, 0.012695895209, 0.055309925645, 0.6315865586, 0.2866130032, 4.6069110197e-07],
      [2.2685936026e-05, 0.0053592971666, 0.02730278702, 0.050250560292, 0.91698865055, 7.6019034496e-05],
      [0.00014256614344, 0.16503908315, 0.13110545553, 0.18523585313, 0.44778251997, 0.070694522079]
    ],
    [
      [0.19340770119, 0.2295220765, 0.018743861128, 0.015546435139, 0.53928582193, 0.0034941041119],
      [0.013524874465, 0.039861177344, 0.43602554527, 0.13055738448, 0.32653602101, 0.05349499743],
      [0.040653372307, 0.68329006663, 0.003299897301, 0.10688738512, 0.16569401259, 0.00017526605805],
      [0.00046253287992, 0.00043655809528, 0.75863754951, 0.0058956400545, 0.23363480417, 0.00093291528463],
      [0.12522639885, 0.0130693832, 0.046793152088, 0.56649220061, 0.24841842912, 4.3614045733e-07],
      [0.00023912709169, 0.0063665119897, 0.026655859171, 0.052281597021, 0.91437387421, 8.3030520472e-05],
      [0.0014438671568, 0.1873676392, 0.12287016867, 0.18495619886, 0.42998804107, 0.073374085047]
    ],
    [
      [0.21837050357, 0.27889837447, 0.018496957006, 0.015465374705, 0.46648907143, 0.0022797188258],
      [0.016221557574, 0.051403256221, 0.45763671384, 0.13783461901, 0.29976348961, 0.037140363749],
      [0.040672077748, 0.73531151287, 0.0028830912281, 0.094141806356, 0.12689028098, 0.00010123081883],
      [0.00054394994539, 0.00055196063369, 0.78188378075, 0.0061032322983, 0.21028377073, 0.00063330564157],
      [0.14407967221, 0.016176030888, 0.047047469139, 0.57381609382, 0.21888044412, 2.8981768233e-07],
      [0.00030799630685, 0.0088159474819, 0.029981130468, 0.059273616254, 0.90155958032, 6.1729167997e-05],
      [0.0017093915634, 0.23850529038, 0.12709020706, 0.19272600962, 0.38962963974, 0.050339461635]
    ],
    [
      [0.20324705058, 0.27981098461, 0.026913661392, 0.02028282177, 0.45831636108, 0.011429120565],
      [0.010740258071, 0.036856685574, 0.47825113043, 0.1296127744, 0.21073868614, 0.13380046539],
      [0.036474964571, 0.7185548998, 0.0040659019692, 0.11977277989, 0.12063962306, 0.00049183070735],
      [0.00036913470988, 0.00040564666983, 0.83948349503, 0.0058790163368, 0.15153096788, 0.0023317393792],
      [0.11243279427, 0.013607301673, 0.057558425886, 0.63585467213, 0.18054558491, 1.2211277492e-06],
      [0.00027952319532, 0.008665398437, 0.042856011351, 0.076390799647, 0.87150433016, 0.00030393721084],
      [0.0012010706138, 0.18184598562, 0.14072682994, 0.19249535662, 0.29093163646, 0.19279912074]
    ],
    [
      [0.20616281942, 0.21630883641, 0.023918516996, 0.013952828384, 0.53596750324, 0.0036894955536],
      [0.013045999001, 0.033942544219, 0.50274906873, 0.10587100219, 0.29333484249, 0.051056543368],
      [0.045547563661, 0.6761933272, 0.004420635729, 0.10069804957, 0.17294614378, 0.0001942800524],
      [0.00040895280833, 0.00034070217993, 0.80167313375, 0.0043824128847, 0.19237894563, 0.00081585274464],
      [0.1390301371, 0.012820087811, 0.062158399812, 0.52890287489, 0.25708802099, 4.7939504994e-07],
      [0.00025638566152, 0.006025177527, 0.034162234943, 0.047123781536, 0.91234436831, 8.8052024212e-05],
      [0.0015325120131, 0.17555865612, 0.1558861813, 0.16501122145, 0.42495183716, 0.077059591953]
    ],
    [
      [0.17317870819, 0.26463476803, 0.022187927366, 0.012459863573, 0.52511544373, 0.0024232891031],
      [0.011723760523, 0.04440729212, 0.49900451177, 0.10124666991, 0.30770505897, 0.035912706704],
      [0.033793109072, 0.73322352455, 0.0036249749189, 0.079493972757, 0.14975162478, 0.00011279392486],
      [0.00036652145492, 0.00044447343964, 0.79317006601, 0.0041795318513, 0.20126711875, 0.00057228849773],
      [0.12766039935, 0.017125597797, 0.063048080307, 0.51677204087, 0.27539353738, 3.4430458513e-07],
      [0.00022057491093, 0.0075456113342, 0.032488277461, 0.043143235464, 0.91654301127, 5.9289562971e-05],
      [0.0013192109277, 0.22022542976, 0.14830490872, 0.15117701479, 0.42704674616, 0.051926689639]
    ],
    [
      [0.22125345214, 0.065133064135, 0.031026420019, 0.01627708067, 0.65690327472, 0.009406708316],
      [0.010764528842, 0.0078822389858, 0.50583993652, 0.095791478604, 0.27836508859, 0.10135672846],
      [0.082345822401, 0.34863554785, 0.0097241500071, 0.19938243751, 0.35907233999, 0.00083970224778],
      [0.00033871554642, 7.93921596e-05, 0.8106882046, 0.0039777806365, 0.18329779056, 0.0016181164895],
      [0.12731461037, 0.0032865084075, 0.069008384277, 0.53095669004, 0.26943276132, 1.0455931345e-06],
      [0.00022350685982, 0.001477990455, 0.036295307234, 0.045041010297, 0.91677838728, 0.00018379787801],
      [0.0013966851642, 0.045195076711, 0.1731796665, 0.16506836085, 0.44574728012, 0.16941293066]
    ],
    [
      [0.14167866485, 0.25214442478, 0.02482589123, 0.019779812047, 0.55314227126, 0.0084289358347],
      [0.0078163129189, 0.034569174768, 0.45825392835, 0.1315743192, 0.26496851847, 0.10281774629],
      [0.027101661562, 0.68938222915, 0.0039893962858, 0.12418757539, 0.15495336791, 0.00038576971236],
      [0.00026818457713, 0.00037973013003, 0.80140819422, 0.00595953269, 0.19019696572, 0.0017873926669],
      [0.080010067774, 0.012498809151, 0.05413887631, 0.63101420383, 0.22233712449, 9.1844287201e-07],
      [0.00016649670823, 0.0066505880912, 0.033686431628, 0.063475392529, 0.89583008035, 0.00019101069729],
      [0.00086054790259, 0.16794981293, 0.13298220605, 0.19231242953, 0.36001971997, 0.14587528362]
    ],
    [
      [0.13678134188, 0.23316920805, 0.022331960641, 0.017278754939, 0.58479064544, 0.0056480890451],
      [0.0082818568126, 0.035014408433, 0.44957278313, 0.12558301427, 0.30643969623, 0.075108241123],
      [0.028014205187, 0.67716296353, 0.0038290322593, 0.11570959962, 0.17500835651, 0.00027584290234],
      [0.00028067380983, 0.00037994972039, 0.77515140172, 0.0056189823055, 0.2172761125, 0.0012928799465],
      [0.083804399109, 0.012549839237, 0.052744598454, 0.59602472148, 0.25487577493, 6.6679009424e-07],
      [0.00015551987546, 0.0059387335878, 0.029188287835, 0.053406648866, 0.91118749229, 0.00012331754721],
      [0.00090510918858, 0.16857671125, 0.12968358996, 0.18213299668, 0.41306916242, 0.10563243051]
    ],
    [
      [0.14634307216, 0.22279325286, 0.025149815178, 0.014365512065, 0.58903884321, 0.0023095045255],
      [0.0088834378863, 0.033463140093, 0.51066138068, 0.10512793898, 0.31042319444, 0.031440907917],
      [0.031052815995, 0.6812755941, 0.0044819868533, 0.10003655666, 0.18303595326, 0.0001170931368],
      [0.00027169126008, 0.00032741328061, 0.79604971241, 0.0042437626879, 0.19862765768, 0.00047976268868],
      [0.097939243901, 0.013027351439, 0.064988747089, 0.54344343736, 0.28060092236, 2.9784979696e-07],
      [0.00016540054636, 0.0056237179795, 0.032811071013, 0.044326185658, 0.91702336148, 5.0263326543e-05],
      [0.0010488215255, 0.17482765247, 0.15891185123, 0.16478780241, 0.45227424388, 0.048149628483]
    ],
    [
      [0.1723329609, 0.2422182853, 0.027385022006, 0.017127449663, 0.53581311759, 0.0051231645349],
      [0.0097598345295, 0.033974710065, 0.51462629566, 0.116182727, 0.2621398592, 0.063316573537],
      [0.034721144927, 0.69031090033, 0.0046118739716, 0.11262044443, 0.15748979765, 0.00024583869856],
      [0.00030628148404, 0.00034136783178, 0.82143535526, 0.0048149951576, 0.17208794863, 0.0010140516363],
      [0.10497347287, 0.012958483645, 0.0642585555, 0.58580201105, 0.23200687581, 6.0111730451e-07],
      [0.00021107149699, 0.006636037443, 0.038482089462, 0.056909455011, 0.89764104157, 0.00012030502216],
      [0.0011547974593, 0.1770201691, 0.16072444966, 0.18237318749, 0.38252503755, 0.096202358731]
    ],
    [
      [0.1945395322, 0.29359779954, 0.024339687026, 0.013826698645, 0.46464123155, 0.0090550510424],
      [0.01149101944, 0.04341935103, 0.4854048651, 0.099556640978, 0.24061023166, 0.11951789179],
      [0.034647650564, 0.75752519437, 0.0036727607296, 0.081587652294, 0.12217762262, 0.00038911941931],
      [0.00038309153337, 0.00046351568185, 0.82484846532, 0.0043790157731, 0.16790737606, 0.0020185356361],
      [0.13554224115, 0.017975049228, 0.065728642737, 0.54952448299, 0.23122836207, 1.2218208798e-06],
      [0.00026986613166, 0.0092120984038, 0.039396093147, 0.052949889937, 0.89792728879, 0.00024476358574],
      [0.0012698870496, 0.21221335123, 0.14155747904, 0.14622874873, 0.32837155683, 0.17035897712]
    ],
    [
      [0.10277152448, 0.18323986595, 0.016547731608, 0.017614702587, 0.66744458044, 0.012381594938],
      [0.0060577713377, 0.027013204758, 0.33204227904, 0.12650980955, 0.34449356131, 0.16388337401],
      [0.023685107196, 0.61109328154, 0.0032266435277, 0.13444520461, 0.22686225305, 0.00068751007714],
      [0.00024709635234, 0.00035281047802, 0.69512466523, 0.0068025757483, 0.29410825554, 0.0033645966453],
      [0.061620994922, 0.0096509969367, 0.038466890937, 0.60455975263, 0.28569992815, 1.4364270595e-06],
      [0.00010265694201, 0.0041353319736, 0.019266692769, 0.048526562243, 0.92772816677, 0.00024058929899],
      [0.00059823336789, 0.11796858017, 0.085920870736, 0.16610028828, 0.42011190524, 0.20930012221]
    ],
    [
      [0.074100276669, 0.2101325612, 0.03624069962, 0.018731597708, 0.65486967128, 0.0059251935187],
      [0.0033160798774, 0.023594400084, 0.55240136816, 0.10272191364, 0.25809376384, 0.059872474396],
      [0.015521888114, 0.64384299701, 0.0064572181093, 0.13058700025, 0.20329032058, 0.00030057593113],
      [9.8026233149e-05, 0.00022330089829, 0.83504682505, 0.0040053728298, 0.15973495897, 0.00089151601961],
      [0.041744269316, 0.010390675128, 0.079300306261, 0.60464875905, 0.2639153429, 6.4733597151e-07],
      [7.2883368732e-05, 0.0046844752844, 0.041806539349, 0.051129336652, 0.90219267692, 0.00011408842621],
      [0.00042342122689, 0.13351919703, 0.1856278167, 0.17441938428, 0.40712712453, 0.098883056229]
    ],
    [
      [0.095144047752, 0.48226206309, 0.017818522619, 0.011511224752, 0.39009560518, 0.0031685366084],
      [0.0074405523314, 0.094069114803, 0.46942939002, 0.10885939576, 0.2653095552, 0.054891991882],
      [0.011980288557, 0.86632790452, 0.0018876004455, 0.047692915028, 0.072015672678, 9.5618770664e-05],
      [0.00024988586055, 0.0010118666878, 0.80657286807, 0.004821743286, 0.18640942678, 0.00093420931874],
      [0.083571873266, 0.037281626259, 0.060506262086, 0.57467266063, 0.24396704035, 5.3740659441e-07],
      [0.00015800764007, 0.018048917192, 0.034242616418, 0.052330818291, 0.89511795763, 0.00010168282505],
      [0.00068793905884, 0.38339464902, 0.11399722766, 0.13370377426, 0.30280809071, 0.065408319292]
    ],
    [
      [0.090514291517, 0.27590387382, 0.023268615174, 0.017570639225, 0.58457707318, 0.0081655070791],
      [0.0052147659995, 0.039339132192, 0.44224952989, 0.12086129116, 0.29035134347, 0.10198393729],
      [0.016722545065, 0.71631800482, 0.0035851908079, 0.10565239323, 0.15736332098, 0.000358545098],
      [0.0001814180453, 0.00043826771664, 0.78068651183, 0.0055543664434, 0.21132169045, 0.0018177455196],
      [0.056464863744, 0.01513494575, 0.055844347309, 0.61337553278, 0.25917932995, 9.8046053708e-07],
      [0.00010321778587, 0.0070333646206, 0.030351328878, 0.054187814673, 0.90814622138, 0.0001780526604],
      [0.00055513059165, 0.18412372658, 0.12452771792, 0.17062258677, 0.38101811014, 0.139152728]
    ]
  ],
  "expected_outcome": [
    [
      [2.727863532, 3.7785255448, 1.4291286903, 1.4989064128, 1.400554764, 0.76104352586, 0.16409901127, 2.5143001155, 2.4020755392, 2.0324705058, 4.3294192078, 3.4635741639, 3.318801782, 1.1334293188, 3.419533547, 1.9024599381, 3.2743262571, 1.3617767254, 1.7471159161, 0.44460166001, 2.2834571461, 1.7197715388],
      [4.0228049553, 5.4658691984, 3.2060067104, 4.2176350928, 4.0653747297, 2.3827614018, 1.7236751659, 2.9837869945, 3.0678821192, 2.7981098461, 4.5424855646, 5.2926953607, 0.97699596203, 2.0171553982, 5.8292302013, 2.8963122872, 4.6021474208, 2.0551845968, 3.1150777212, 1.2607953672, 11.5742895141, 5.2421736026],
      [0.33559282438, 0.44803362046, 0.21580348059, 0.35099486971, 0.32263136038, 0.17956209478, 0.16999303987, 0.24367019467, 0.20346652707, 0.26913661392, 0.50228885692, 0.44375854733, 0.46539630028, 0.19860712984, 0.55829901603, 0.32694759731, 0.52031541811, 0.17037780918, 0.28131143733, 0.21744419772, 0.42764454285, 0.4421036883],
      [0.21203360788, 0.36405312492, 0.15442610175, 0.29722591788, 0.23333843415, 0.12728333401, 0.13226793126, 0.20210365681, 0.17011912175, 0.2028282177, 0.29300939606, 0.24919727146, 0.24415621004, 0.15823849637, 0.43196887347, 0.18675165684, 0.3254215436, 0.096786890518, 0.29944994398, 0.11238958625, 0.27626939405, 0.33384214528],
      [8.6144676172, 10.8223196343, 5.9412782685, 7.5253961965, 7.9214325531, 4.5412332986, 4.7816207185, 7.0107156851, 5.1313797857, 4.5831636108, 11.255317568, 10.5023088746, 9.8535491209, 4.4251381701, 14.6197661361, 7.6575049617, 10.1804492342, 3.2524886208, 11.3465578675, 3.9292180277, 9.3622945243, 11.1069643905],
      [0.08723746325, 0.12119887715, 0.053356748464, 0.10984151037, 0.056668158725, 0.0081163448724, 0.028344133113, 0.045423353454, 0.025076907084, 0.11429120565, 0.077479406625, 0.048465782062, 0.14110062474, 0.067431486677, 0.14120222613, 0.030023558832, 0.097340126164, 0.063385357297, 0.21048711395, 0.035551161112, 0.076044878602, 0.1551446345]
    ],
    [
      [0.28049989888, 0.1717733237, 0.25425093064, 0.094354678122, 0.09807841323, 0.11118329792, 0.029983307788, 0.51394522966, 0.45420361208, 0.24702593563, 0.32614997502, 0.38688409726, 0.19376151916, 0.15632625838, 0.15735527944, 0.12436813041, 0.34159420853, 0.32174854433, 0.066635484715, 0.036476878651, 0.081846075645, 0.41196651396],
      [1.0263908865, 0.61538206355, 1.4172472356, 0.65978130496, 0.70672199575, 0.8660213256, 0.78438687864, 1.5147247391, 1.4392911742, 0.8477037682, 0.84856360547, 1.46544064, 0.14188030174, 0.69138349536, 0.66527376024, 0.46848396131, 1.1891148523, 1.2157418288, 0.29714525234, 0.25953840092, 1.0347602628, 3.1077914432],
      [11.454361691, 6.7704962016, 12.7874407214, 7.3682405148, 7.5475133687, 8.7639681197, 10.4729234492, 16.5689707204, 12.8138279876, 10.9997759998, 12.5687267184, 16.4671488884, 9.1051188573, 9.165078567, 8.5418828795, 7.1492593295, 18.0119203481, 13.5913362228, 3.6524650695, 6.0764150498, 5.1637232902, 34.9377128612],
      [2.6146637351, 1.9831551375, 3.3008889961, 2.250480716, 1.9652346867, 2.2390034338, 2.932526802, 4.9611806102, 3.8593693322, 2.9810938113, 2.6467750547, 3.3411401071, 1.7242466149, 2.6314863841, 2.3860772712, 1.4717911458, 4.0663954452, 2.7875859474, 1.391607905, 1.12994105, 1.1974533534, 9.5480420015],
      [7.6621301096, 4.2521111393, 9.1553303552, 4.1076924636, 4.8085097011, 5.7583559232, 7.6273385151, 12.4083687984, 8.393377709, 4.8469897811, 7.3333710622, 10.1542669461, 5.0105715947, 5.2993703694, 5.8223542283, 4.3459247221, 9.1748950721, 6.7370864864, 3.7894291744, 2.8390314023, 2.9184051072, 22.9377561342],
      [1.9619536789, 1.2070821343, 2.0848417611, 1.5194503226, 0.87394183449, 0.26146789988, 1.1528410473, 2.0328099023, 1.039930185, 3.077410704, 1.2764135842, 1.1851193212, 1.8244211123, 2.0563549258, 1.4270565813, 0.44017271084, 2.2160800738, 3.3465009702, 1.8027171141, 0.65859721836, 0.6038119107, 8.0567310459]
    ],
    [
      [2.6794114631, 1.7290514611, 1.8341845981, 0.96326867, 0.74685836484, 1.0180313462, 0.085059737444, 2.8050826892, 2.8877175201, 1.4225236183, 2.7784013833, 1.2841381448, 1.646916448, 0.94855815466, 1.4287244646, 0.5900035039, 1.8402206811, 0.83154361353, 0.52107235832, 0.26387209794, 0.57505385076, 2.1237632232],
      [55.8606738869, 35.4192447926, 58.2830868997, 38.4962708571, 30.8467488029, 45.2981066457, 12.9284926516, 47.1470145973, 52.2071174135, 28.0236410922, 41.2477929594, 27.8624939327, 6.9727109569, 24.1283780201, 34.5353111399, 12.9442362878, 36.5864777172, 18.1806046649, 13.4440521938, 10.9453309492, 41.583739417, 90.9723866126],
      [0.27579851669, 0.17141015634, 0.23205061929, 0.18914673353, 0.14423993715, 0.20157866701, 0.074382892525, 0.22769291377, 0.20469947719, 0.1585701768, 0.26965877947, 0.13774904692, 0.19448300014, 0.13962887, 0.19528064522, 0.085157750213, 0.24442932049, 0.088146257511, 0.070986157609, 0.10977270786, 0.090604821383, 0.4553192326],
      [6.8041110772, 5.4388406969, 6.485494883, 6.2563710715, 4.0751957863, 5.5818133881, 2.2625962213, 7.3752295733, 6.6840682513, 4.6711384158, 6.1425810238, 3.0207709647, 3.9876487502, 4.3465651385, 5.9011895804, 1.9006945766, 5.9688835547, 1.958103655, 2.9577945015, 2.2199790042, 2.2892599213, 13.4178539401],
      [12.3595793307, 7.2282435867, 11.1488390143, 7.0780799093, 6.1797403759, 8.8978746508, 3.6459361611, 11.4328868684, 9.0092099497, 4.7049452993, 10.5497147708, 5.6905617417, 7.1814467997, 5.4233678768, 8.9254261819, 3.4776831119, 8.3469592755, 2.9322629429, 4.9909695671, 3.4559354499, 3.4567522885, 19.985141764],
      [0.020425725449, 0.013209306324, 0.01634398559, 0.016862758563, 0.0072167329245, 0.0025953021212, 0.0035323360494, 0.012093358005, 0.007187388137, 0.019181397587, 0.011851083197, 0.0042861691448, 0.016794044956, 0.013501939933, 0.014067988019, 0.0022247695992, 0.013029451024, 0.0093388660634, 0.015125221697, 0.0051097908292, 0.0045897009919, 0.045535227446]
    ],
    [
      [0.034139352998, 0.020818846429, 0.017076560834, 0.011966860121, 0.0082264419961, 0.0097437996541, 0.0015010430114, 0.029602104315, 0.021757997816, 0.011443176006, 0.028217743775, 0.031887366578, 0.022355226064, 0.013409228857, 0.021331209547, 0.015214710565, 0.019602014979, 0.022602400469, 0.0046948306945, 0.0036269706265, 0.0067469182348, 0.031929575973],
      [0.040004722058, 0.023878840792, 0.030484971941, 0.026796505514, 0.018978956891, 0.024306035558, 0.012568479214, 0.027939718098, 0.022078425348, 0.012575046765, 0.023508450415, 0.038669189249, 0.0052398825336, 0.018986506502, 0.02887617875, 0.018335143714, 0.021847541234, 0.027347425229, 0.0067033990824, 0.0082621332366, 0.027320400571, 0.077135118128],
      [70.8732546461, 41.7821741396, 43.7234558605, 47.5856288511, 32.2796520231, 39.135587036, 26.7724533454, 48.5528031689, 31.2753512302, 26.0239883458, 55.315446229, 69.0057957428, 53.5054215039, 40.0704097108, 58.9115065307, 44.5787838947, 52.5718627369, 48.6660594536, 13.2073686394, 30.896732527, 21.7774674378, 137.400826082],
      [0.4202324001, 0.31739889256, 0.29272708858, 0.37684895493, 0.21762589456, 0.25907065637, 0.19374522895, 0.37732096349, 0.24412929193, 0.18224950644, 0.30238648905, 0.36361927106, 0.26253352201, 0.2979766345, 0.42704265522, 0.23765071052, 0.30815969009, 0.25836193061, 0.12924893922, 0.1481987947, 0.13018706872, 0.97756849404],
      [19.5106435311, 10.78134774, 12.8650576791, 10.9007197396, 8.4383156395, 10.55966472, 7.9905107169, 14.952627467, 8.4113508291, 4.6974600042, 13.2741472484, 17.510239331, 12.0976541772, 9.509848286, 16.5129845499, 11.1231488299, 11.0136287121, 9.9065351875, 5.5880568553, 5.9101934817, 5.0330545231, 37.1926175184],
      [0.1217253476, 0.074381540618, 0.071197839021, 0.098039088812, 0.037201043894, 0.011627752434, 0.029221186533, 0.059706578216, 0.025332225663, 0.072283920754, 0.05629383938, 0.049789099303, 0.10679568831, 0.089369633344, 0.098258875935, 0.026866710566, 0.064899304724, 0.11909360253, 0.06392733626, 0.032986092726, 0.025223651606, 0.31992321146]
    ],
    [
      [13.6268181888, 14.2803336999, 8.6857049608, 5.0883875493, 5.8482814086, 5.2305347219, 0.77247277292, 12.2721870869, 16.5691623047, 6.7459676564, 15.5713753555, 13.2766815322, 7.2569327908, 6.4808154897, 7.9614179153, 7.933078756, 14.3813657832, 5.5572318873, 1.9102508426, 1.5027936954, 3.3428749307, 11.9705511138],
      [1.7671619437, 1.8137458621, 1.7140672509, 1.2587542276, 1.490792667, 1.4404527044, 0.71097013169, 1.2807995536, 1.8602435521, 0.81643810041, 1.4358498349, 1.7810621709, 0.18733097923, 1.0124035412, 1.1922347275, 1.0552154665, 1.7753122593, 0.73697701834, 0.29918090504, 0.37406430461, 1.4912650504, 3.2086084991],
      [6.4602066794, 6.5243545866, 5.0581011221, 4.5970175447, 5.198094835, 4.7633323897, 3.0973558361, 4.5857289046, 5.410458951, 3.4535055532, 6.961740779, 6.5570003519, 3.9334779038, 4.3852489811, 5.0107368531, 5.2640885142, 8.8034221036, 2.6948743522, 1.1924736191, 2.8548110254, 2.4202504834, 11.8390016294],
      [59.535974878, 77.2988564968, 52.8502533211, 56.870206712, 54.9231663251, 49.3402804557, 35.3688472816, 55.5162356595, 65.9888507892, 38.1512803279, 59.2371219876, 53.7442922501, 30.264531332, 51.1121505102, 56.6223485407, 44.0189184261, 80.2548755145, 22.5305038028, 18.7413523314, 21.7673553259, 22.9869064252, 130.03561295],
      [30.60975434, 29.0826211368, 25.6918108334, 18.1855620558, 23.539619141, 22.2253889687, 16.050328179, 24.3450060537, 25.171251074, 10.8327350944, 28.7938583508, 28.6409278873, 15.3576673953, 18.0093070839, 24.2131986183, 22.7286747114, 31.7849419864, 9.4803628447, 8.8566977727, 9.5009523446, 9.7586816141, 54.94601795],
      [8.3970261248e-05, 8.8217818222e-05, 6.2511679429e-05, 7.191060792e-05, 4.5623245736e-05, 1.0759573989e-05, 2.5798701711e-05, 4.2741764818e-05, 3.3329033468e-05, 7.3267664954e-05, 5.3692245593e-05, 3.5807676854e-05, 5.9598808668e-05, 7.4393872633e-05, 6.3345058953e-05, 2.4125833553e-05, 8.2353070718e-05, 5.0094656073e-05, 4.4529238844e-05, 2.3304094974e-05, 2.1496263776e-05, 0.00020785763386]
    ],
    [
      [0.035028832688, 0.03678217109, 0.020244672206, 0.018531448077, 0.014261112617, 0.016548762782, 0.0015653295858, 0.029412632277, 0.036959556822, 0.015932822133, 0.044611105105, 0.032645086817, 0.021903672263, 0.011987762992, 0.02223934219, 0.015051449719, 0.024273222154, 0.019160495348, 0.0082125553605, 0.0053204859175, 0.0090064354841, 0.037674491842],
      [1.1578431117, 1.190081355, 1.0194552035, 1.170553747, 0.92813266586, 1.1644861315, 0.3697915045, 0.78308097473, 1.0579136978, 0.49392771091, 1.0483808897, 1.1167504775, 0.14484306459, 0.47884234257, 0.84923890306, 0.51175833613, 0.76314430594, 0.65405898667, 0.33082655789, 0.34196669576, 1.0287882799, 2.5671780865],
      [4.9499445718, 5.0058972244, 3.517786516, 4.9989174772, 3.7840371595, 4.5027120112, 1.8838923044, 3.278670678, 3.5977356562, 2.442792647, 5.94422888, 4.8082650642, 3.5569401089, 2.4254230772, 4.1739251604, 2.9858074622, 4.4254402881, 2.7971226135, 1.5413354215, 3.0518773725, 1.9518291358, 11.0782350406],
      [7.3954283491, 9.6179366333, 5.9527929869, 10.0106910309, 6.4718052696, 7.5480547425, 3.4672886601, 6.4306364336, 7.1128339505, 4.3542755799, 8.1995379873, 6.3851988487, 4.4140190092, 4.5702282621, 7.6371507878, 4.0336828949, 6.5445873262, 3.7594421855, 3.8821249794, 3.7324415756, 2.9828566426, 19.7785523556],
      [151.4402541424, 144.1266803937, 115.4751905783, 127.7751713369, 110.7906625016, 135.7647988978, 63.272216888, 112.4679865273, 108.1871496385, 49.6757468191, 158.7479200857, 135.6483656675, 89.844281953, 64.4997657849, 130.2998113973, 83.4491258944, 103.22871978, 63.7528375044, 74.2182533419, 65.8600654151, 51.0217235852, 331.4733708044],
      [0.021500992315, 0.02262222259, 0.014530042995, 0.026134959919, 0.011101290918, 0.003399454271, 0.0052453133802, 0.010212754018, 0.0074075001597, 0.017324421018, 0.015321052213, 0.0087748553197, 0.018012192045, 0.013752770205, 0.017634409251, 0.0045739627154, 0.013835077548, 0.017378214587, 0.019247143919, 0.0083284551135, 0.0057959210278, 0.064989221047]
    ],
    [
      [0.076797365342, 0.062841202608, 0.03723685451, 0.033634299834, 0.027208831924, 0.026201328105, 0.0038492858728, 0.082300427936, 0.073503837225, 0.038434259642, 0.096548256824, 0.073875811951, 0.051677351075, 0.027537532883, 0.03801458592, 0.012585858306, 0.080835822153, 0.030477289191, 0.013759367461, 0.010162109445, 0.026141684236, 0.089376025256],
      [12.3690411242, 9.9166358834, 9.1386633138, 10.361838807, 8.6433341656, 8.9913005842, 4.4560552449, 10.6799554343, 10.2557274863, 5.8190715398, 11.0601953358, 12.3326240667, 1.6722178383, 5.3743940138, 7.0802218723, 2.0979318296, 12.3914118372, 5.0931204295, 2.7132773439, 3.2044607287, 14.5689966628, 29.6439199795],
      [8.2830006833, 6.5310036637, 4.9405032485, 6.9280258477, 5.5151882075, 5.4446764634, 3.5398472993, 7.003599614, 5.4648789036, 4.5032585582, 9.8208294217, 8.3050748885, 6.4076476606, 4.2554305937, 5.4467107782, 1.9069422148, 11.2507114764, 3.3973794969, 1.9761800269, 4.4550676008, 4.3318946512, 20.0489625858],
      [9.4981607558, 9.6256093335, 6.4156789231, 10.6473909472, 7.2360776931, 7.0036666969, 5.0013680345, 10.542503335, 8.2872184139, 6.1598514118, 10.3957069517, 8.465912828, 6.1075293513, 6.1539977449, 7.6495858605, 1.9774536289, 12.7661231243, 3.5094899694, 3.8203066305, 4.1860652227, 5.0807434218, 27.4702364702],
      [25.8713333432, 19.184184038, 16.5399999435, 18.0625123472, 16.4566075055, 16.7407073602, 12.0901280393, 24.509318341, 16.7540745087, 9.3098123668, 26.7719657411, 23.9146177851, 16.4926493644, 11.5206310389, 17.3489048215, 5.4272909265, 26.7767526288, 7.880917364, 9.6625738205, 9.7710509888, 11.5067074469, 61.343915732],
      [6.901666728, 5.6797258789, 3.9279177165, 6.9665977511, 3.1215835963, 0.79344756723, 1.9087520961, 4.1823228477, 2.1645968503, 6.1695718638, 4.854754293, 2.9078946198, 6.2682784343, 4.6680090759, 4.4365620816, 0.5777955418, 6.7341651112, 4.0886154509, 4.8139028108, 2.3731933495, 2.4855161331, 22.4035892073]
    ]
  ],
  "prob": [
    [0.14772628501, 0.26111329977, 0.023041340761, 0.016178668048, 0.54630858659, 0.0056318198277],
    [0.009141185894, 0.039852580717, 0.46707384782, 0.11886696093, 0.2901189623, 0.074946462343],
    [0.028814202668, 0.71026624062, 0.0037323348283, 0.10221994386, 0.15470726028, 0.0002600177413],
    [0.00030527572315, 0.00042619020263, 0.79007507712, 0.0052452715912, 0.20266220741, 0.0012859779566],
    [0.095435808727, 0.014832480397, 0.057150355299, 0.58208192246, 0.25049873397, 6.9914905988e-07],
    [0.0001811305269, 0.00713228898, 0.032142107944, 0.053352029587, 0.90706107368, 0.00013136927871],
    [0.0010039877591, 0.19217160811, 0.13585301709, 0.17303233301, 0.39260222324, 0.10533683079]
  ],
  "iterations": 178,
  "time": 0.000553,
  "message": "Converged",
  "status": 0,
  "miniter": 0,
  "maxiter": 1000,
  "maxtime": 3600,
  "param_threshold": 0.001,
  "ll_threshold": "-Inf",
  "initial_prob": "group_proportional",
  "candidates_id": ["Uncertain or Blank.c", "Iain MacDonald.c", "Helen Gardiner.c", "John Mowat.c", "Liam Scott McArthur.c", "Other candidates votes.c"],
  "group_id": ["Uncertain or Blank.p", "Scottish Green Party.p", "Labour Party [The].p", "Conservative and Unionist Party [The].p", "Scottish National Party.p", "Liberal Democrats.p", "Other parties votes.p"]
}
