{
  "X": [
    [20, 13, 29, 21, 5],
    [5, 4, 12, 30, 3],
    [9, 7, 27, 43, 5],
    [30, 46, 61, 118, 19],
    [51, 68, 191, 172, 25],
    [7, 12, 24, 41, 5],
    [39, 93, 168, 310, 26],
    [39, 87, 124, 325, 49],
    [26, 69, 117, 190, 28],
    [39, 111, 185, 406, 32],
    [67, 152, 296, 709, 54],
    [49, 146, 240, 498, 52],
    [21, 29, 50, 33, 11],
    [0, 3, 4, 8, 1],
    [12, 16, 56, 96, 4],
    [2, 2, 7, 3, 1],
    [92, 109, 241, 236, 45],
    [64, 72, 222, 199, 25],
    [34, 37, 124, 129, 14],
    [93, 141, 322, 483, 52],
    [84, 110, 376, 297, 57],
    [17, 61, 133, 187, 22],
    [67, 93, 210, 196, 38],
    [248, 540, 749, 1610, 209],
    [2, 5, 14, 18, 4],
    [4, 14, 19, 56, 2],
    [174, 327, 541, 1021, 101],
    [67, 177, 280, 690, 53],
    [11, 10, 9, 27, 3],
    [8, 15, 10, 33, 2],
    [26, 111, 142, 444, 23],
    [27, 94, 102, 372, 34],
    [29, 160, 154, 351, 33],
    [27, 100, 110, 356, 15],
    [48, 228, 222, 863, 45],
    [50, 166, 233, 756, 50],
    [10, 60, 55, 237, 11],
    [6, 10, 25, 39, 8],
    [8, 13, 17, 44, 7],
    [1, 4, 2, 7, 3],
    [8, 35, 53, 71, 21],
    [4, 2, 5, 4, 0],
    [4, 3, 3, 11, 1],
    [4, 19, 35, 38, 2],
    [0, 1, 1, 3, 1],
    [29, 41, 73, 166, 20],
    [15, 26, 36, 100, 14],
    [21, 68, 106, 285, 27],
    [4, 15, 8, 24, 7],
    [17, 59, 78, 220, 17],
    [19, 53, 74, 208, 24],
    [9, 9, 12, 24, 2],
    [12, 53, 45, 167, 16],
    [1, 0, 5, 4, 0],
    [4, 4, 5, 9, 2],
    [1, 9, 6, 33, 4],
    [19, 35, 56, 121, 11],
    [19, 30, 45, 133, 13],
    [10, 27, 49, 84, 8],
    [26, 30, 58, 52, 12],
    [1, 1, 2, 1, 1],
    [12, 30, 44, 129, 14],
    [6, 14, 21, 58, 6],
    [42, 57, 130, 243, 34],
    [26, 34, 70, 99, 14],
    [38, 75, 105, 210, 31],
    [0, 0, 1, 4, 1],
    [2, 2, 3, 6, 0],
    [34, 85, 84, 270, 28],
    [34, 107, 118, 490, 39],
    [2, 1, 1, 6, 0],
    [10, 41, 34, 195, 14],
    [13, 59, 55, 148, 9],
    [15, 74, 73, 289, 20],
    [7, 30, 23, 134, 10],
    [14, 74, 43, 240, 21],
    [18, 109, 76, 450, 25],
    [2, 12, 14, 38, 3],
    [1, 2, 1, 4, 0],
    [1, 1, 3, 18, 1],
    [335, 430, 785, 704, 98],
    [453, 720, 1323, 1523, 290],
    [195, 403, 608, 822, 196],
    [1, 2, 3, 8, 1]
  ],
  "W": [
    [4, 23, 42, 14, 5],
    [3, 10, 15, 22, 4],
    [7, 15, 35, 32, 2],
    [26, 71, 83, 78, 16],
    [28, 97, 226, 132, 24],
    [10, 10, 34, 30, 5],
    [58, 59, 236, 254, 29],
    [80, 43, 236, 235, 30],
    [40, 35, 164, 154, 37],
    [97, 70, 287, 285, 34],
    [147, 112, 425, 525, 69],
    [111, 88, 349, 370, 67],
    [6, 38, 62, 29, 9],
    [2, 1, 6, 7, 0],
    [19, 23, 74, 60, 8],
    [0, 3, 7, 3, 2],
    [54, 133, 314, 192, 30],
    [49, 99, 255, 144, 35],
    [29, 38, 162, 93, 16],
    [103, 139, 435, 370, 44],
    [70, 171, 420, 214, 49],
    [38, 46, 171, 144, 21],
    [39, 123, 259, 139, 44],
    [364, 316, 1136, 1380, 160],
    [8, 1, 23, 8, 3],
    [9, 4, 32, 48, 2],
    [269, 268, 719, 807, 101],
    [195, 110, 373, 542, 47],
    [3, 9, 20, 25, 3],
    [9, 7, 15, 36, 1],
    [92, 40, 186, 392, 36],
    [82, 43, 158, 309, 37],
    [77, 55, 218, 350, 27],
    [70, 46, 167, 305, 20],
    [165, 64, 354, 773, 50],
    [178, 89, 367, 573, 48],
    [53, 25, 91, 198, 6],
    [11, 9, 42, 23, 3],
    [8, 11, 34, 36, 0],
    [1, 2, 5, 8, 1],
    [19, 15, 78, 58, 18],
    [0, 5, 5, 3, 2],
    [1, 5, 6, 8, 2],
    [9, 11, 46, 25, 7],
    [1, 0, 3, 2, 0],
    [29, 33, 124, 120, 23],
    [26, 17, 65, 72, 11],
    [50, 30, 178, 216, 33],
    [5, 2, 25, 22, 4],
    [34, 28, 133, 175, 21],
    [49, 31, 109, 154, 35],
    [5, 8, 22, 17, 4],
    [33, 18, 82, 143, 17],
    [0, 3, 4, 2, 1],
    [4, 3, 10, 5, 2],
    [14, 1, 15, 20, 3],
    [25, 29, 78, 92, 18],
    [29, 22, 89, 81, 19],
    [11, 15, 77, 60, 15],
    [4, 31, 80, 41, 22],
    [0, 1, 3, 1, 1],
    [28, 23, 74, 91, 13],
    [10, 8, 33, 43, 11],
    [47, 87, 170, 173, 29],
    [26, 36, 95, 63, 23],
    [60, 29, 188, 152, 30],
    [1, 0, 3, 1, 1],
    [2, 1, 6, 4, 0],
    [70, 60, 133, 194, 44],
    [110, 50, 223, 358, 47],
    [1, 0, 4, 3, 2],
    [34, 18, 77, 148, 17],
    [22, 15, 98, 135, 14],
    [50, 22, 119, 257, 23],
    [31, 11, 55, 97, 10],
    [41, 19, 85, 219, 28],
    [85, 30, 163, 372, 28],
    [11, 5, 26, 22, 5],
    [1, 0, 3, 3, 1],
    [2, 3, 3, 14, 2],
    [155, 483, 1068, 522, 124],
    [371, 585, 1764, 1312, 277],
    [200, 223, 897, 730, 174],
    [5, 1, 3, 5, 1]
  ],
  "method": "mult",
  "cond_prob": [
    [
      [0.002468133826, 0.08154454082, 0.010562912234, 0.88342903639, 0.021995376729],
      [0.56327449385, 0.058932600111, 0.35938885295, 0, 0.018404053089],
      [0.15938511127, 0.19198629455, 0.48298976099, 0.1099668123, 0.055672020887],
      [0.0085985929845, 0.1529438881, 0.0030557527608, 0.82603567337, 0.0093660927909],
      [0.044051826198, 0.22274664594, 0.072690846621, 0.2566356621, 0.40387501914]
    ],
    [
      [0, 0.033420081191, 0.00058546905581, 0.94825163049, 0.017742819259],
      [0.42506797435, 0.039260499433, 0.46776683967, 0.044726547826, 0.02317813872],
      [0.044371257203, 0.191963548, 0.46971978162, 0.23270879183, 0.061236621349],
      [0, 0.0079909011066, 0, 0.99138757008, 0.00062152881501],
      [0.020937849624, 0.11297042944, 0.068694617943, 0.35170530279, 0.44569180021]
    ],
    [
      [0, 0.037921143415, 0.0076513223402, 0.92687907706, 0.027548457182],
      [0.41577672082, 0.037420071378, 0.49518537798, 0.018739221465, 0.032878608355],
      [0.077622427793, 0.11374278849, 0.55328993663, 0.17349387452, 0.081850972566],
      [0, 0.06202786908, 0, 0.92521790125, 0.012754229671],
      [0.023282107446, 0.10368075883, 0.076756145882, 0.27574984528, 0.52053114257]
    ],
    [
      [0, 0.075474786549, 0, 0.89768240349, 0.026842809959],
      [0.38523740113, 0.10495255787, 0.41079186624, 0.058026414522, 0.040991760242],
      [0.029193837364, 0.29477230236, 0.37443994567, 0.21534278333, 0.086251131276],
      [0, 0.1094302669, 0, 0.87654778237, 0.014021950727],
      [0.014066001179, 0.22402262666, 0.047203875401, 0.2685127523, 0.44619474446]
    ],
    [
      [0.00010336766438, 0.071512961343, 0.014239124208, 0.89318447374, 0.020960073042],
      [0.3560821981, 0.064597485934, 0.55008412646, 0.0066257076164, 0.022610481889],
      [0.069983698207, 0.16310028183, 0.5923714022, 0.12253491401, 0.052009703758],
      [0.00044989885533, 0.13584288243, 0.0072335132066, 0.84703713205, 0.0094365734572],
      [0.024226251931, 0.20582319888, 0.10051598395, 0.28526454582, 0.38417001941]
    ],
    [
      [0, 0.06883157466, 0.010873242966, 0.89759676218, 0.022698420193],
      [0.41563647281, 0.062836407972, 0.48518898205, 0.011175212352, 0.02516292481],
      [0.079917677295, 0.1701025078, 0.54759829918, 0.14126800471, 0.061113511016],
      [0, 0.1314852909, 0.00030390358723, 0.8584285697, 0.0097822358111],
      [0.025286848771, 0.19105523626, 0.082383694005, 0.27126220075, 0.43001202022]
    ],
    [
      [0, 0.074801239503, 0.012141939045, 0.89448759845, 0.018569223001],
      [0.36926147197, 0.070577440365, 0.5275062285, 0.011338969015, 0.021315890151],
      [0.069891928869, 0.17910957313, 0.56324381208, 0.13939771359, 0.048356972341],
      [0, 0.14064743226, 0.0018639497604, 0.85005482188, 0.0074337960992],
      [0.024795791062, 0.22424662327, 0.095652316022, 0.29789430877, 0.35741096088]
    ],
    [
      [0, 0.068303943953, 0.0017983860789, 0.89503846291, 0.034859207057],
      [0.45031505488, 0.069862166798, 0.42201402002, 0.015180338962, 0.042628419339],
      [0.08041619167, 0.20218102603, 0.44090335081, 0.17316871646, 0.10333071503],
      [0, 0.11001444176, 0, 0.87086193097, 0.019123627276],
      [0.021941046865, 0.16544984515, 0.055211182093, 0.24079325103, 0.51660467487]
    ],
    [
      [0.00030784855956, 0.083548938162, 0.01508127339, 0.87736319649, 0.023698743396],
      [0.37030566583, 0.073552493272, 0.52329504563, 0.0074504184212, 0.025396376843],
      [0.072929203603, 0.18650416673, 0.56713865006, 0.11494273854, 0.058485241061],
      [0.0011571652902, 0.15737882943, 0.010732185757, 0.81947130969, 0.011260509828],
      [0.024010673188, 0.22326167925, 0.092376412184, 0.25933828869, 0.40101294668]
    ],
    [
      [0, 0.070153979482, 0.0015850156762, 0.91092616847, 0.017334836369],
      [0.34381649191, 0.078687712146, 0.53316571201, 0.020167522008, 0.024162561923],
      [0.049690819332, 0.21051416288, 0.50412320078, 0.18456969688, 0.051102120135],
      [0, 0.10794565763, 0, 0.88582350914, 0.0062308332357],
      [0.019752365234, 0.22073079325, 0.083567500466, 0.31756564733, 0.35838369372]
    ],
    [
      [0, 0.058377817711, 0.0051594594358, 0.91942578402, 0.017036938837],
      [0.3606611227, 0.06181794325, 0.53718754884, 0.017889663056, 0.022443722157],
      [0.058891810504, 0.17727608722, 0.53816637471, 0.17601483652, 0.04965089105],
      [0, 0.091617688531, 0, 0.90318899442, 0.0051933170506],
      [0.022854127444, 0.18917721167, 0.092113691921, 0.33130782459, 0.36454714437]
    ],
    [
      [0, 0.073940693673, 0.0066628333581, 0.8995191353, 0.019877337672],
      [0.33473994302, 0.077985970811, 0.54526446976, 0.01621185089, 0.025797765524],
      [0.052309832896, 0.19968169518, 0.53162561316, 0.16135324474, 0.055029614017],
      [0, 0.12595957529, 0, 0.86616949901, 0.007870925693],
      [0.01920527364, 0.21844571781, 0.085668853211, 0.29748859782, 0.37919155752]
    ],
    [
      [0.00038030474117, 0.12414677386, 0.013902668231, 0.82796815806, 0.033602095101],
      [0.40284394286, 0.098474940347, 0.46402756686, 0, 0.034653549939],
      [0.087519849417, 0.25122484117, 0.50632621498, 0.076215325956, 0.078713768478],
      [0.001786224906, 0.22676328486, 0.0085743259864, 0.74524909021, 0.017627074034],
      [0.023513017425, 0.26233291222, 0.071406185315, 0.18829080292, 0.45445708212]
    ],
    [
      [0, 0.096512102491, 0.0067276412737, 0.85320004091, 0.043560215327],
      [0, 0.12491448645, 0.79180671246, 0.013347470941, 0.06993133015],
      [1.6190752442e-17, 0.24049463316, 0.53245633417, 0.11240116476, 0.11464786791],
      [0, 0.17701335851, 0, 0.80083506553, 0.022151575959],
      [1.1102230246e-16, 0.075800852942, 0.023332031658, 0.06728907599, 0.83357803941]
    ],
    [
      [0, 0.039248594297, 0.00055636100614, 0.95278693231, 0.0074081123821],
      [0.34634932906, 0.044869603469, 0.56978735658, 0.028446937463, 0.010546773423],
      [0.05169134037, 0.13767164689, 0.56668494902, 0.22109704749, 0.022855016219],
      [0, 0.044598511483, 0, 0.95503987519, 0.00036161332721],
      [0.026100780524, 0.16983290868, 0.11870421397, 0.44739933731, 0.23796275952]
    ],
    [
      [1.6689681748e-05, 0.071909770939, 0.016026910439, 0.89322121788, 0.018825411059],
      [0.40396626025, 0.047390446104, 0.54391156729, 0, 0.0047317263558],
      [0.10049723165, 0.14589947077, 0.71617059225, 0.019082360128, 0.018350345197],
      [0.0060312309562, 0.14343788406, 0.030654713991, 0.81987617099, 0],
      [0.03326345241, 0.20310935705, 0.13155350521, 0.20339748306, 0.42867620228]
    ],
    [
      [0.0017575745769, 0.086583881147, 0.015782807517, 0.86558779478, 0.03028794198],
      [0.43328673231, 0.067673542333, 0.46960977137, 0, 0.029429953985],
      [0.10258311512, 0.18448654842, 0.55029578067, 0.08967548054, 0.072959075253],
      [0.0062172816531, 0.16233682359, 0.012638718437, 0.80323326718, 0.015573909142],
      [0.02910464505, 0.20754809848, 0.082337324385, 0.22931236314, 0.45169756895]
    ],
    [
      [0.0019039136927, 0.068663425904, 0.019450464588, 0.89292058214, 0.017061613675],
      [0.3897537418, 0.054083226485, 0.54046737242, 0, 0.015695659301],
      [0.091629140972, 0.14596019099, 0.63110735148, 0.092906544058, 0.038396772499],
      [0.0055771212047, 0.13018667542, 0.016889640959, 0.84089512021, 0.006451442199],
      [0.032930039711, 0.20898636415, 0.11931926971, 0.29905215514, 0.33971217129]
    ],
    [
      [0.0017216861606, 0.057213300556, 0.017394041922, 0.90647425593, 0.017196715427],
      [0.42831519001, 0.044787937779, 0.50736522657, 0.00331385839, 0.016217787244],
      [0.10231059319, 0.12693868943, 0.62404146609, 0.1059941741, 0.04071507719],
      [0.0054970369135, 0.10967438566, 0.013581546874, 0.86444777617, 0.0067992543822],
      [0.036784584466, 0.17969294336, 0.11611830051, 0.31385128573, 0.35355288594]
    ],
    [
      [0.00028756592886, 0.067384641218, 0.012547854842, 0.89779413264, 0.021985805369],
      [0.39985437793, 0.060930756195, 0.50523829647, 0.009826794805, 0.024149774598],
      [0.08235388717, 0.1601647191, 0.56354544342, 0.13628995588, 0.057645994425],
      [0.0010073081241, 0.12811334596, 0.0035176577023, 0.857400808, 0.0099608802141],
      [0.027135846647, 0.19355490972, 0.091719238692, 0.28720113849, 0.40038886645]
    ],
    [
      [0.00042896967928, 0.066536499618, 0.018242682076, 0.88842929375, 0.026362554878],
      [0.3243807129, 0.057235973088, 0.59078970774, 0, 0.027593606268],
      [0.064680147389, 0.14208255036, 0.6327193893, 0.098068897135, 0.062449015816],
      [0.0012961596286, 0.1274104227, 0.013094111236, 0.84519093979, 0.013008366645],
      [0.021588370459, 0.17580800038, 0.10517732493, 0.26020717399, 0.43721913025]
    ],
    [
      [0, 0.074232975814, 0.011465495322, 0.89194358819, 0.022357940676],
      [0.23934765309, 0.078999628566, 0.63909222819, 0.013614030884, 0.028946459263],
      [0.033433439221, 0.17755711451, 0.59146855215, 0.13978483954, 0.057756054575],
      [0, 0.13749814996, 0, 0.85203992801, 0.01046192203],
      [0.012994754806, 0.20872208714, 0.096426012527, 0.28014004917, 0.40171709636]
    ],
    [
      [0, 0.082025371736, 0.012662154852, 0.88242176543, 0.022890707983],
      [0.38032581661, 0.075067221804, 0.51067368302, 0.0086884451439, 0.02524483342],
      [0.073953110932, 0.19021637072, 0.54937828268, 0.12811437546, 0.05833786021],
      [0, 0.15417239649, 0.0038967409555, 0.83122262972, 0.010708232841],
      [0.024228836945, 0.22435770662, 0.087788425977, 0.2680750823, 0.39554994816]
    ],
    [
      [0.00068400426692, 0.08700455017, 0.012651832145, 0.86856375865, 0.03109585477],
      [0.43277487709, 0.074939763341, 0.45270110378, 0.0071376881749, 0.032446567615],
      [0.090908254189, 0.19880959263, 0.51109774557, 0.11994112922, 0.079243278379],
      [0.0025602135657, 0.16322132067, 0.0065633215915, 0.81012684409, 0.017528300076],
      [0.026183061296, 0.20972661727, 0.072979759604, 0.23349446713, 0.45761609471]
    ],
    [
      [0, 0.056171317152, 0.010650191584, 0.9014507894, 0.03172770186],
      [0.39381457628, 0.050710618654, 0.51122594301, 0.0099150442837, 0.034333817765],
      [0.067419904883, 0.13970611394, 0.5726947243, 0.13414981027, 0.086029446607],
      [0, 0.10931541094, 0.00088114823955, 0.87381331744, 0.01599012338],
      [0.018509203799, 0.13738497866, 0.074848226537, 0.23417548822, 0.53508210278]
    ],
    [
      [0, 0.072730209736, 0.0075893553998, 0.90772244092, 0.011957993947],
      [0.41665962727, 0.069656411411, 0.48689118335, 0.012519265307, 0.014273512665],
      [0.071139134737, 0.21001831495, 0.5247714263, 0.16022759969, 0.033843524325],
      [0, 0.12190276449, 0, 0.87456237578, 0.0035348597239],
      [0.028454589673, 0.24744184632, 0.095722713203, 0.33707187146, 0.29130897934]
    ],
    [
      [0.00073535865221, 0.082894507693, 0.013847890412, 0.88010844637, 0.022413796874],
      [0.40627659558, 0.072795523074, 0.48944876756, 0.0075192027154, 0.023959911074],
      [0.08399128071, 0.19018843501, 0.54428829502, 0.1245163731, 0.057015616163],
      [0.0021877046267, 0.15545571097, 0.0072807199115, 0.82463221556, 0.010443648933],
      [0.027374776673, 0.22766271011, 0.087958640439, 0.26960605335, 0.38739781943]
    ],
    [
      [0, 0.076567083665, 0.013920671, 0.88701460462, 0.022497640716],
      [0.36204604174, 0.070526682918, 0.53250153126, 0.0096331563135, 0.025292587775],
      [0.069917312663, 0.17665011111, 0.56613095719, 0.12967063622, 0.05763098282],
      [0, 0.1446696023, 0.0059192042121, 0.83882371094, 0.010587482545],
      [0.023314420974, 0.21298016325, 0.092239255393, 0.27580651625, 0.39565964413]
    ],
    [
      [0.0024835219603, 0.085639774455, 0.0056473330339, 0.88380935155, 0.022420019002],
      [0.69346526516, 0.059781606368, 0.22136591165, 0.0068487312041, 0.018538485623],
      [0.21279380755, 0.23073777369, 0.34286862168, 0.14755943719, 0.066040359896],
      [0.013576136149, 0.15631820509, 0, 0.82332763444, 0.0067780243187],
      [0.052027497696, 0.22744520606, 0.044464120833, 0.25085125325, 0.42521192216]
    ],
    [
      [0.0084659690323, 0.13864254614, 0.017767062396, 0.80990778625, 0.025216636184],
      [0.60259763345, 0.077374626585, 0.30281582811, 0, 0.017211911854],
      [0.16031518721, 0.2675667017, 0.44247739401, 0.075439811377, 0.054200905705],
      [0.034882162657, 0.24716769765, 0.028339465185, 0.6774690351, 0.012141639408],
      [0.045137180772, 0.29905705785, 0.063003984932, 0.19034748934, 0.4024542871]
    ],
    [
      [9.0963732982e-05, 0.079621193512, 0.015207955927, 0.88936891137, 0.015710975455],
      [0.33261164827, 0.072890169193, 0.56681359411, 0.0098054377075, 0.017879150719],
      [0.06286545156, 0.17902256631, 0.59211873133, 0.12655202517, 0.039441225634],
      [0.00035847200018, 0.14955564322, 0.0098342967509, 0.83482711146, 0.0054244765674],
      [0.023713066435, 0.24542316538, 0.10942210937, 0.30541495195, 0.31602670686]
    ],
    [
      [0, 0.07793153945, 0.0062151590232, 0.89076014006, 0.025093161468],
      [0.38422958439, 0.079387866882, 0.49150770042, 0.013753778103, 0.031121070208],
      [0.061399739847, 0.22461639607, 0.49147615636, 0.15236447762, 0.070143230096],
      [0, 0.13245561025, 0, 0.85556110699, 0.011983282762],
      [0.020999161494, 0.21020976603, 0.07303494964, 0.26822396034, 0.42753216249]
    ],
    [
      [0, 0.12528954804, 0.016000854256, 0.83166850328, 0.027041094425],
      [0.30756768308, 0.11306887473, 0.54330780995, 0.0065619280471, 0.029493704191],
      [0.053333209138, 0.2578223129, 0.52848997901, 0.098506708165, 0.061847790795],
      [0, 0.22864222216, 0.015656746438, 0.74075452446, 0.014946506937],
      [0.016931031056, 0.29273610083, 0.081308444394, 0.21711382455, 0.39191059917]
    ],
    [
      [0, 0.085610075349, 0.0066933956446, 0.89428186383, 0.013414665174],
      [0.36864382576, 0.088026999845, 0.51135657072, 0.014864455721, 0.017108147951],
      [0.057230582764, 0.24509408517, 0.50410303266, 0.15592957363, 0.037642725783],
      [0, 0.14256568051, 0, 0.85327229186, 0.0041620276274],
      [0.024243834666, 0.2772403977, 0.091192679906, 0.32141083773, 0.28591225]
    ],
    [
      [0, 0.085076897481, 0.0093332092577, 0.88725468821, 0.018335205056],
      [0.37319087904, 0.084098111687, 0.50835575307, 0.01202981434, 0.022325441867],
      [0.064793237735, 0.22253591234, 0.5186438063, 0.14427245984, 0.049754583779],
      [0, 0.15166178223, 0, 0.84107745998, 0.0072607577862],
      [0.023579551663, 0.25135524268, 0.086506896917, 0.29215481954, 0.3464034892]
    ],
    [
      [0, 0.066622605927, 0.0014518566675, 0.91248664086, 0.01943889655],
      [0.3494875637, 0.074960558521, 0.53034799252, 0.017982459274, 0.027221425988],
      [0.048912313504, 0.22066314639, 0.49497501866, 0.17700474951, 0.058444771942],
      [0, 0.098955193228, 0, 0.89388817129, 0.0071566354863],
      [0.019683078648, 0.20385387486, 0.080932631885, 0.30871403826, 0.38681637635]
    ],
    [
      [0, 0.084050738057, 0.00063381285875, 0.89551384746, 0.019801601624],
      [0.29786261519, 0.10306868337, 0.55053020199, 0.018470416885, 0.030068082565],
      [0.027098276701, 0.29596151242, 0.44791502443, 0.16952597233, 0.059499214122],
      [0, 0.12407816934, 0, 0.868322473, 0.0075993576624],
      [0.014581906749, 0.24476977333, 0.073814274265, 0.28688208773, 0.37995195793]
    ],
    [
      [0, 0.053515648098, 0.0011357510525, 0.90685739281, 0.038491208036],
      [0.38664170904, 0.05832352209, 0.48593581245, 0.018431623142, 0.050667333275],
      [0.058882725696, 0.15452911841, 0.4868212776, 0.18284376895, 0.11692310934],
      [0, 0.088224285062, 0, 0.89141651507, 0.020359199873],
      [0.015716713142, 0.12234488076, 0.055863588984, 0.22555530947, 0.58051950764]
    ],
    [
      [0, 0.072040354221, 0.0029142083052, 0.87472995224, 0.050315485231],
      [0.4836975699, 0.073570283451, 0.36152838188, 0.018664450859, 0.062539313914],
      [0.078803727386, 0.21619774296, 0.3823492392, 0.17170824963, 0.15094104081],
      [0, 0.11843557743, 0, 0.85996585931, 0.021598563262],
      [0.017132288442, 0.12930567286, 0.035768976228, 0.16980467481, 0.64798838766]
    ],
    [
      [0, 0.12580541945, 0.00081066069489, 0.78654578056, 0.086838139292],
      [0.47733389385, 0.11955085676, 0.29466312652, 0.003857702668, 0.1045944202],
      [0.0083792192586, 0.37172672753, 0.27954156149, 0.095117429368, 0.24523506235],
      [0, 0.20748078944, 0, 0.70763336316, 0.084885847401],
      [0.0034361160041, 0.11661291385, 0.012155278807, 0.069084761982, 0.79871092935]
    ],
    [
      [0, 0.10138086497, 0.01509689242, 0.84031846066, 0.043203781949],
      [0.28518139466, 0.094972292672, 0.56696971361, 0.005053404781, 0.047823194272],
      [0.044839646518, 0.21678608711, 0.54391864097, 0.087641950603, 0.1068136748],
      [0, 0.1896466691, 0.0083407072496, 0.77206163769, 0.029950985962],
      [0.012488147313, 0.20779764296, 0.072177684641, 0.18569450238, 0.52184202271]
    ],
    [
      [1.7804281124e-05, 0.057577534456, 0.008404499297, 0.93400016197, 0],
      [0.57841919716, 0.035922032673, 0.38565877017, 0, 0],
      [0.18043833555, 0.1675865513, 0.55709838727, 0.094876725879, 0],
      [0.017624826601, 0.10543036418, 0.0096193273517, 0.86732548187, 0],
      [0.076418928325, 0.33308299381, 0.12867811536, 0.46181996251, 0]
    ],
    [
      [0, 0.058305857199, 0.00087546144582, 0.93233653734, 0.0084821440111],
      [0.65303527515, 0.060114652072, 0.22468861042, 0.054464577403, 0.0076968849627],
      [0.11119986276, 0.30074221338, 0.30114354351, 0.25373784958, 0.033176530769],
      [0, 0.052253365393, 0, 0.94774663461, 0],
      [0.033812223867, 0.20932033949, 0.034410112715, 0.34547020064, 0.37698712328]
    ],
    [
      [0, 0.092986614758, 0.012041898331, 0.88877835682, 0.0061931300876],
      [0.23008155947, 0.10270064093, 0.64377359312, 0.015122372984, 0.0083218334859],
      [0.029682647615, 0.22499652837, 0.58608778357, 0.14504270476, 0.014190335689],
      [0, 0.17127422527, 0.0003482713711, 0.82739396953, 0.0009835338275],
      [0.014814436503, 0.3431024972, 0.12019550887, 0.35397643264, 0.16791112479]
    ],
    [
      [0, 0.058458655798, 0, 0.86705031455, 0.074491029653],
      [0, 0.12786105119, 0.66073035335, 0.016012873948, 0.19539572151],
      [0, 0.23576486697, 0.33333333333, 0.14435874707, 0.28654305262],
      [0, 0.11712337164, 0, 0.84993672211, 0.032939906246],
      [0, 0, 0, 0, 1]
    ],
    [
      [0, 0.05844413754, 0.0039948039835, 0.91631268681, 0.02124837167],
      [0.48790491536, 0.057159665003, 0.41094596093, 0.018621379353, 0.02536807935],
      [0.098328924148, 0.18121547156, 0.46563103664, 0.19011036756, 0.064714200092],
      [0, 0.09080554604, 0, 0.90139363022, 0.0078008237433],
      [0.030710921679, 0.17615074211, 0.068899366527, 0.30745675479, 0.41678221489]
    ],
    [
      [0, 0.068345186209, 0.0022519607063, 0.89829765152, 0.031105201567],
      [0.4945826704, 0.064804256187, 0.39011704328, 0.014935005264, 0.035561024874],
      [0.096922531621, 0.20142949643, 0.44132114143, 0.16851607179, 0.091810758729],
      [0, 0.11296559409, 0, 0.8706595483, 0.016374857606],
      [0.02655727708, 0.17226479643, 0.056689553924, 0.24993943881, 0.49454893376]
    ],
    [
      [0, 0.062886772568, 0.0032531154734, 0.91406345596, 0.019796655996],
      [0.3598389014, 0.071690949259, 0.52259865601, 0.017879042963, 0.027992450367],
      [0.053712086579, 0.20571448833, 0.49222660689, 0.18853649503, 0.059810323175],
      [0, 0.09125980003, 0, 0.90212296302, 0.006617236945],
      [0.019517622631, 0.19320112622, 0.077062076377, 0.31340605405, 0.39681312072]
    ],
    [
      [0, 0.13030445755, 0.0034883646959, 0.81581171154, 0.050395466218],
      [0.58513188018, 0.10756297566, 0.2502701733, 0.0081510848772, 0.048883885979],
      [0.1096757867, 0.32990253732, 0.29488928356, 0.12189977161, 0.14363262081],
      [0, 0.22626156667, 0, 0.73845025991, 0.035288173423],
      [0.021960393057, 0.22700846534, 0.027446435201, 0.15280981604, 0.57077489036]
    ],
    [
      [0, 0.071304618768, 0.0028990611761, 0.90812869469, 0.017667625366],
      [0.3609134914, 0.083082368607, 0.51082898468, 0.019738650658, 0.025436504658],
      [0.0487631896, 0.24030767479, 0.46625951697, 0.19100370838, 0.053665910262],
      [0, 0.1005198056, 0, 0.89431217943, 0.0051680149673],
      [0.019472286861, 0.22368809113, 0.075509742477, 0.31727702606, 0.36405285348]
    ],
    [
      [0, 0.07018606195, 0.004422781079, 0.9040641435, 0.021327013474],
      [0.37780314085, 0.072729989082, 0.50579964633, 0.016314366691, 0.02735285704],
      [0.060099065897, 0.20591491243, 0.50813354525, 0.16448216519, 0.061370311236],
      [0, 0.11517765547, 0, 0.87655808635, 0.0082642581857],
      [0.021065841453, 0.20354768303, 0.0776268074, 0.29361743708, 0.40414223104]
    ],
    [
      [0.0027257972074, 0.077449198858, 0.0057740599056, 0.90298073264, 0.011070211391],
      [0.62094085773, 0.060006891082, 0.29684625539, 0.012592547827, 0.0096134479726],
      [0.17082523376, 0.21057605991, 0.4237745245, 0.16334183635, 0.031482345483],
      [0.0027969550095, 0.14407687083, 0, 0.85252162048, 0.00060455367594],
      [0.053285193559, 0.26267968873, 0.068330029573, 0.32449200159, 0.29121308654]
    ],
    [
      [0, 0.09203073357, 0.0036262277095, 0.8795762483, 0.024766790419],
      [0.3943194783, 0.098978294332, 0.45918734913, 0.015059556958, 0.032455321283],
      [0.055778251974, 0.27907956883, 0.43367122603, 0.16010470895, 0.071366244214],
      [0, 0.14806716396, 0, 0.84043207627, 0.011500759769],
      [0.019319572283, 0.24254396489, 0.061995392147, 0.25838463182, 0.41775643885]
    ],
    [
      [4.2273222133e-06, 0, 0.0072186390425, 0.99277713364, 0],
      [0.29429257603, 0, 0.65426171159, 0.051445712386, 0],
      [0.023674329765, 0, 0.7139843824, 0.26234128784, 0],
      [0, 0, 0, 1, 0],
      [0.022424952861, 0, 0.18127733565, 0.79629771149, 0]
    ],
    [
      [0.0082128682912, 0.088276820545, 0.0077751659483, 0.86871457157, 0.027020573648],
      [0.66635566679, 0.057173522762, 0.25455752987, 0.00054480575226, 0.021368474832],
      [0.18291563516, 0.22317289112, 0.41055487873, 0.10788573863, 0.075470856372],
      [0.01028030656, 0.16764011258, 0.0010664398791, 0.8089887485, 0.012024392475],
      [0.043761821059, 0.20272133772, 0.047172879966, 0.19985308384, 0.50649087741]
    ],
    [
      [0, 0.070827359704, 0, 0.89618655404, 0.032986086253],
      [0.39281613305, 0.1087223107, 0.43411158673, 0.015109921047, 0.049240048469],
      [0.038320039682, 0.31038864013, 0.36324276641, 0.18292128664, 0.10512726714],
      [0, 0.13215742978, 0, 0.85183215696, 0.01601041326],
      [0.010794423909, 0.20023881862, 0.039082305706, 0.21927196119, 0.53061249058]
    ],
    [
      [0, 0.07293583695, 0.0077918440698, 0.90317347016, 0.016098848823],
      [0.42222623044, 0.069615637411, 0.47343985678, 0.015993697664, 0.018724577708],
      [0.080052721081, 0.19568709486, 0.51945741327, 0.15987331592, 0.044929454873],
      [0, 0.12806494608, 0, 0.86779912075, 0.0041359331754],
      [0.028407059615, 0.22845456409, 0.086542767578, 0.31384490352, 0.3427507052]
    ],
    [
      [0, 0.045234632706, 0, 0.93966546237, 0.015099904929],
      [0.50372036078, 0.062024517547, 0.3834709029, 0.028490797747, 0.02229342102],
      [0.082872106954, 0.21441704436, 0.39841139289, 0.24981596017, 0.054483495621],
      [0, 0.057931462682, 0, 0.93966789398, 0.0024006433395],
      [0.028554449676, 0.18674162315, 0.058159272051, 0.35664127229, 0.36990338284]
    ],
    [
      [0, 0.067314824496, 0.0062783801519, 0.91318225234, 0.013224543011],
      [0.35989371333, 0.075143476705, 0.52722039196, 0.019756882374, 0.017985535637],
      [0.05554780611, 0.19820591029, 0.51559288715, 0.19394076138, 0.036712635071],
      [0, 0.10662799722, 0, 0.89113018682, 0.0022418159589],
      [0.021627548642, 0.23152332363, 0.088131975251, 0.35049281019, 0.30822434229]
    ],
    [
      [0.00069852120214, 0.086732813367, 0.012261888845, 0.8812011808, 0.019105595785],
      [0.48891032413, 0.0666127098, 0.42599010416, 0.0022808132453, 0.016206048668],
      [0.12075537382, 0.19456932249, 0.53038934436, 0.1111517251, 0.043134234224],
      [0.0069912525433, 0.16086227727, 0.0079734797605, 0.81790240141, 0.0062705890141],
      [0.040632482137, 0.24668979887, 0.09032722714, 0.27174334546, 0.35060714639]
    ],
    [
      [1.4063606959e-05, 0.056356306466, 0.0070298783501, 0.9108915374, 0.025708214181],
      [0.66430955621, 0.048876136647, 0.27101629164, 0, 0.015798015502],
      [0.1072563653, 0.22868443063, 0.55868303276, 0.027859697851, 0.077516473457],
      [0, 0.13721720348, 0.010586852589, 0.84325102595, 0.0089449179776],
      [0.013921347887, 0.12785336799, 0.04234775748, 0.073169880495, 0.74270764615]
    ],
    [
      [0, 0.056965001852, 0, 0.91904306707, 0.023991931074],
      [0.37644571814, 0.075748298062, 0.48543824556, 0.026535184263, 0.035832553977],
      [0.042205030151, 0.23808883927, 0.4330048056, 0.20899590498, 0.077705420002],
      [0, 0.073816386062, 0, 0.91640611968, 0.0097774942595],
      [0.016813557823, 0.17899260424, 0.060966518287, 0.29214084806, 0.45108647159]
    ],
    [
      [0, 0.061957030763, 0.0037342224191, 0.91841763198, 0.015891114843],
      [0.42752344386, 0.06368080219, 0.46997762016, 0.018202280953, 0.02061585283],
      [0.069795397024, 0.2019780023, 0.49536557954, 0.1849918352, 0.047869185944],
      [0, 0.09311211262, 0, 0.905528499, 0.0013593883766],
      [0.025142213391, 0.20017166876, 0.077797517251, 0.32979540127, 0.36709319932]
    ],
    [
      [0, 0.05599792665, 0.0017567489505, 0.91546798825, 0.026777336148],
      [0.37331511862, 0.061432730091, 0.5012734396, 0.02819681856, 0.035781893127],
      [0.052810422647, 0.18176375396, 0.49569109573, 0.18903753727, 0.0806971904],
      [0, 0.078665781804, 0, 0.90812425547, 0.013209962731],
      [0.018752166543, 0.15567005187, 0.070315768305, 0.28544840713, 0.46981360616]
    ],
    [
      [0.00071026262176, 0.070507247622, 0.01077494283, 0.90092125243, 0.017086294494],
      [0.44495020714, 0.063039695589, 0.46148580297, 0.012255323443, 0.018268970853],
      [0.095910217863, 0.17386376163, 0.53682363349, 0.1477929798, 0.045609407212],
      [0.0017110867165, 0.1333660718, 0.00098303821294, 0.85831745832, 0.0056223449457],
      [0.032350284979, 0.21644620183, 0.088964608266, 0.30524012337, 0.35699878155]
    ],
    [
      [0.0011574206214, 0.084113246477, 0.010377104996, 0.8771452054, 0.02720702251],
      [0.50483428736, 0.068604798539, 0.39136339523, 0.0084216492321, 0.026775869638],
      [0.11611827796, 0.19969167567, 0.48236642316, 0.12995807706, 0.07186554616],
      [0.0029171353258, 0.15769889396, 0.0016259287747, 0.82389835039, 0.013859691549],
      [0.033890653459, 0.21504663823, 0.069860217032, 0.2487464034, 0.43245608788]
    ],
    [
      [0, 0, 0, 1, 0],
      [0, 0, 0.86779368089, 0.037204668789, 0.095001650326],
      [0, 0, 0.33333333333, 0.58012437091, 0.086542295757],
      [0, 0, 0, 1, 0],
      [0, 0, 0, 0.25962688727, 0.74037311273]
    ],
    [
      [0.0037731516644, 0.075146040955, 0.0052295687537, 0.91585123863, 0],
      [0.75656380207, 0.035646412916, 0.20401846615, 0.0037713188683, 0],
      [0.20401296884, 0.20494126116, 0.46425373272, 0.12679203727, 0],
      [0.0029530203901, 0.14610348455, 0, 0.85094349506, 0],
      [0.090013232345, 0.37582013992, 0.1036543308, 0.43051229694, 0]
    ],
    [
      [0, 0.082106943388, 0, 0.89903252606, 0.018860530549],
      [0.42579612179, 0.093692150647, 0.43062507106, 0.024426781068, 0.025459875429],
      [0.056320013222, 0.28587093789, 0.41687951403, 0.18267268208, 0.058256852787],
      [0, 0.12617021774, 0, 0.86719331107, 0.0066364711883],
      [0.021856157589, 0.25302563508, 0.06176182661, 0.29707152835, 0.36628485238]
    ],
    [
      [0, 0.060095469133, 0, 0.92045017383, 0.019454357032],
      [0.41626785726, 0.077966513488, 0.45547705815, 0.020849033517, 0.02943953759],
      [0.054627333666, 0.26189672209, 0.41368557093, 0.20440260507, 0.065387768236],
      [0, 0.079945210575, 0, 0.9143515872, 0.0057032022231],
      [0.02137684531, 0.20144294275, 0.063282229241, 0.3146463841, 0.3992515986]
    ],
    [
      [0, 0.018121419257, 0, 0.98187858074, 0],
      [1, 0, 0, 0, 0],
      [0.40712880968, 0.13501796425, 0.2286166989, 0.22923652718, 0],
      [0, 0.014560604146, 0, 0.98543939585, 0],
      [0.18574238065, 0.19906245566, 0.042766602195, 0.5724285615, 0]
    ],
    [
      [0, 0.055867518801, 0, 0.92556402429, 0.01856845691],
      [0.40911869725, 0.092174451284, 0.43874683974, 0.025798270445, 0.034161741281],
      [0.030502734959, 0.33564337909, 0.32792414507, 0.23486151424, 0.07106822664],
      [0, 0.054922700454, 0, 0.9422562133, 0.0028210862502],
      [0.016891344567, 0.2040155518, 0.050141042035, 0.32518812597, 0.40376393563]
    ],
    [
      [0, 0.10435279701, 0.0083186169932, 0.87282645224, 0.014502133751],
      [0.39931544451, 0.10272513931, 0.46784694134, 0.012536564722, 0.017575910116],
      [0.06794656017, 0.2695528912, 0.47623826782, 0.14761181229, 0.038650468516],
      [0, 0.18030130161, 0, 0.81516650324, 0.0045321951543],
      [0.02510753112, 0.31475016581, 0.080566861388, 0.29259528844, 0.28698015324]
    ],
    [
      [0, 0.08039768022, 0.0076483054847, 0.89061039637, 0.021343617924],
      [0.35976625953, 0.084087997311, 0.5154151849, 0.013300519072, 0.027430039183],
      [0.055642069116, 0.23268313928, 0.49971919253, 0.15216835181, 0.059787247274],
      [0, 0.13690546061, 0, 0.85440594169, 0.0086885976988],
      [0.020162437628, 0.22852969991, 0.078776815104, 0.28202208181, 0.39050896555]
    ],
    [
      [0, 0.056984849747, 0, 0.92262199792, 0.020393152334],
      [0.42901131213, 0.095648985653, 0.4156583806, 0.023431333126, 0.036249988491],
      [0.038285316301, 0.33078050791, 0.32647534685, 0.22735694195, 0.077101886981],
      [0, 0.071168417909, 0, 0.92390477197, 0.0049268101189],
      [0.017518316997, 0.20850663434, 0.047161373653, 0.30175787114, 0.42505580387]
    ],
    [
      [0, 0.096528853495, 0.0038281137602, 0.87609476438, 0.023548268367],
      [0.43417043431, 0.10379240867, 0.41695199745, 0.014180191237, 0.030904968335],
      [0.060530109233, 0.31757734086, 0.39212171068, 0.15993443817, 0.069836401053],
      [0, 0.15456184301, 0, 0.83507480596, 0.010363351028],
      [0.021632230832, 0.25811227317, 0.056807642025, 0.26196004562, 0.40148780836]
    ],
    [
      [0, 0.076618312797, 0, 0.90495179917, 0.018429888028],
      [0.37770501513, 0.10431568245, 0.46816570932, 0.019133921787, 0.030679671311],
      [0.037864030587, 0.3335068525, 0.36982697067, 0.19597723626, 0.062824909981],
      [0, 0.10270955169, 0, 0.892404111, 0.004886337301],
      [0.017750448584, 0.2424429554, 0.059758303615, 0.30665930756, 0.37338898483]
    ],
    [
      [0, 0.061518180584, 0, 0.9267680246, 0.011713794814],
      [0.28115464307, 0.11233225968, 0.55366709137, 0.028854546965, 0.023991458925],
      [0.020834643388, 0.27991803396, 0.41974080105, 0.23741220247, 0.042094319136],
      [0, 0.098637414155, 0, 0.89987880048, 0.0014837853675],
      [0.010505211314, 0.26274934419, 0.063680743188, 0.33824562395, 0.32481907736]
    ],
    [
      [0, 0.10581367288, 0, 0.89418632712, 0],
      [1, 0, 0, 0, 0],
      [0.29243219965, 0.28203859816, 0.31414856637, 0.11138063582, 0],
      [0, 0.19005291083, 0, 0.80994708917, 0],
      [0.12270340104, 0.47791180015, 0.057554300901, 0.34183049791, 0]
    ],
    [
      [0, 0.019355830327, 0.001777854108, 0.96986530846, 0.0090010071054],
      [0.26697228261, 0.17089738094, 0.32525494839, 0.23687538806, 0],
      [0.056656046515, 0.10333803762, 0.62426029912, 0.20499894019, 0.010746676551],
      [0, 0, 0, 1, 0],
      [0.014557506308, 0.069291041834, 0.073949274623, 0.36732319917, 0.47487897807]
    ],
    [
      [0.0012319763667, 0.10176363481, 0.013089116841, 0.86654614177, 0.017369130215],
      [0.45218918002, 0.082696010042, 0.445522156, 0.0028875472343, 0.016705106709],
      [0.10300284892, 0.22563114469, 0.51816857086, 0.11150576738, 0.041691668145],
      [0.0041199539001, 0.18657804182, 0.0064806128533, 0.79552272584, 0.0072986655928],
      [0.034225896185, 0.28965051124, 0.088686064189, 0.27370677631, 0.31373075208]
    ],
    [
      [0.0024016217512, 0.096526819097, 0.018791171525, 0.85225898396, 0.030021403666],
      [0.42784976272, 0.071695116077, 0.47287499334, 0, 0.027580127864],
      [0.10327647365, 0.195007683, 0.56009982593, 0.072716290179, 0.068899727233],
      [0.0084596968161, 0.17930683038, 0.020554724612, 0.77557440926, 0.016104338927],
      [0.030823340795, 0.22744690589, 0.088132536536, 0.22016879466, 0.43342842213]
    ],
    [
      [0.00182989248, 0.10310450579, 0.017476982524, 0.83984845598, 0.037740163231],
      [0.43341470499, 0.077551834624, 0.45413433233, 0, 0.034899128053],
      [0.098428634263, 0.20860420493, 0.53110136447, 0.073081433344, 0.088784362993],
      [0.0066435849173, 0.19137600631, 0.018429249825, 0.75969122419, 0.023859934762],
      [0.027828967632, 0.21989990398, 0.07690443152, 0.19483718068, 0.48052951619]
    ],
    [
      [0.0091491075332, 0.097186249334, 0.065518994928, 0.79962243134, 0.028523216864],
      [0.60358418274, 0.033134490386, 0.34988447389, 0, 0.013396852979],
      [0.096357454201, 0.14684542895, 0.66099725889, 0.040391314701, 0.055408543255],
      [0.0072823390685, 0.17859599076, 0.052119715921, 0.75026809651, 0.011733857734],
      [0.025186221646, 0.14741802228, 0.078930195183, 0.12937341662, 0.61909214427]
    ]
  ],
  "expected_outcome": [
    [
      [0.0098725353039, 0, 0, 0, 0.0028942946026, 0, 0, 0, 0.012313942382, 0, 0, 0, 0.002281828447, 0, 0, 0, 0.094909027154, 0.093291770944, 0.049928898657, 0.029619290672, 0.030027877549, 0, 0, 0.24897755316, 0, 0, 0.19781147744, 0, 0.007450565881, 0.07619372129, 0.0083686634344, 0, 0, 0, 0, 0, 0, 0, 0, 0, 0, 0, 0, 0, 0, 0, 0, 0, 0, 0, 0, 0.013628986037, 0, 0, 0.032851473165, 0, 0, 0, 0, 0.0027940848085, 0, 0, 0, 0, 0.018466828166, 0.069445237286, 0, 0.0075463033288, 0, 0, 0, 0, 0, 0, 0, 0, 0, 0, 0, 0, 0.19095633684, 0.89100166968, 0.36597849601, 0.045745537666],
      [0.32617816328, 0.10026024357, 0.26544800391, 1.9623444503, 2.0023629176, 0.6883157466, 4.3384718912, 5.4643155162, 3.3419575265, 6.8049360097, 8.5815392035, 8.2074169977, 0.74488064317, 0.19302420498, 0.74572329164, 0, 4.6755295819, 3.3645078693, 1.6591857161, 6.9406180455, 4.6575549733, 2.8208530809, 3.1989894977, 31.6696562619, 0.44937053722, 0.65457188762, 22.2986225693, 14.9305813147, 0.25691932336, 1.2477829152, 7.3251498031, 6.3903862349, 9.6472951988, 5.9927052745, 14.0376880844, 11.858823855, 4.454689117, 0.58867212907, 0.57632283377, 0.12580541945, 1.9262364345, 0, 0.058305857199, 0.83687953282, 0.058458655798, 1.6948799887, 1.7769748414, 3.1443386284, 0.65152228774, 2.4243570381, 3.4391170355, 0.38724599429, 3.0370142078, 0, 0.35310728218, 0.99158303585, 1.8233959238, 1.3118043485, 0.74046306946, 0.34693125347, 0, 1.5950200519, 0.61957030763, 2.6319025526, 1.8331884382, 5.0467947886, 0, 0.15029208191, 5.7474860372, 6.6105016046, 0.018121419257, 1.8994956392, 2.2957615343, 4.019884011, 1.7665303421, 3.9576829933, 6.5125565878, 0.67669998643, 0.10581367288, 0.038711660655, 15.7733633955, 35.811449885, 20.6209011578, 0.48593124667],
