{
  "Z_true": {},
  "V_true": [
    [672, 63, 54, 87, 1066, 42],
    [17, 45, 297, 2914, 309, 85],
    [58, 379, 3294, 1631, 326, 168],
    [277, 314, 68, 569, 18911, 298],
    [78, 2290, 422, 663, 1066, 165],
    [31, 67, 101, 269, 256, 312]
  ],
  "p_true": [
    [0.3387, 0.0318, 0.0272, 0.0439, 0.5373, 0.0212],
    [0.0046, 0.0123, 0.081, 0.7947, 0.0843, 0.0232],
    [0.0099, 0.0647, 0.5625, 0.2785, 0.0557, 0.0287],
    [0.0136, 0.0154, 0.0033, 0.0278, 0.9253, 0.0146],
    [0.0167, 0.4889, 0.0901, 0.1415, 0.2276, 0.0352],
    [0.0299, 0.0647, 0.0975, 0.2597, 0.2471, 0.3012]
  ],
  "Z_est": [
    [
      [2, 1.5401, 2.9994, 1.9999, 1.9928, 3, 2, 1.999, 3, 2, 1, 4, 6, 0.3806, 2, 1.9996, 2.9999, 0, 3, 2, 0.9937, 2, 2, 0, 5, 4, 0.9856, 1, 1, 0.999, 2, 3, 3, 0.9987, 0, 4, 3, 5, 0.2912, 3, 0, 1.9994, 2, 3, 3, 2, 3, 2, 2, 6, 3, 3, 2, 2, 2, 2, 2, 2.9967, 1.9637, 0.413, 2, 3, 4, 56, 4, 4, 2],
      [2, 0.883, 0, 1.0003, 7.9846e-06, 2, 1, 0.0004, 1, 2, 0.9999, 5, 10, 0.1577, 1, 1.0001, 2.3177e-06, 0, 1, 6.7977e-09, 0.0023, 1, 1, 0.0733, 4, 6, 0.005, 1, 5.6309e-09, 1.8599e-06, 2, 1, 2, 0.9987, 0.4544, 2, 1, 4, 0.2897, 1, 0, 0.0004, 2, 2, 1, 3, 1, 8.6916e-12, 1, 10, 5, 3, 1, 1, 1, 9.4269e-08, 4, 0.0003, 1.0053, 0.4133, 1, 2.0527e-11, 4.1681e-22, 44, 3, 6, 1],
      [2, 0, 0.0002, 9.8625e-07, 0, 3, 0, 0.0001, 8.6481e-08, 3.1136e-10, 0.0001, 7, 10, 0, 1, 0, 0, 0.7847, 1, 6.7262e-09, 0.0001, 6.5781e-08, 1, 0.039, 7, 7, 0.0022, 6.6971e-17, 4.9325e-09, 0.0011, 1.0236e-10, 1, 2, 0.0001, 0.1315, 3, 2, 7, 0.3957, 4, 0, 0.0002, 2, 3, 1, 5, 3, 1, 1, 12, 3, 3, 1, 3.0678e-06, 1, 1.7659e-07, 4, 0.0002, 0.9991, 0.1005, 1, 1, 1, 85, 5, 9, 1],
      [3, 0.8586, 3.9997, 2.9998, 0.0036, 6, 2.5827e-06, 1.0203, 1, 5.3461e-10, 0, 7, 16, 0.2185, 4.4781e-06, 0.0004, 4.9999, 0.8692, 1, 1, 0.0036, 1.5131e-07, 1, 0.321, 6, 8, 0.0052, 1, 4.0669e-10, 0.0003, 1.0505e-10, 3, 2, 0.0012, 0.4468, 2, 1, 7, 0.5537, 5, 0, 1.9998, 2, 3, 3, 5, 3, 2, 1.7249e-09, 12, 4, 4, 1, 2, 1, 4.9353e-08, 9, 2.0004, 0.9925, 1.086, 3, 3, 5, 99, 9, 17, 4],
      [13, 2.6018, 3.0005, 10, 1.0036, 15, 6, 1.9802, 6, 4, 11, 36, 62, 0.2145, 2, 7.9998, 7.0002, 1.9815, 14, 5, 1.993, 8, 13, 0.4366, 16, 25, 1.9983, 12, 2, 4.9993, 13, 8, 7, 9.0012, 4.9553, 11, 13, 22, 1.4309, 12, 0, 2.9999, 8, 10, 8, 12, 10, 5, 5, 33, 11, 22, 6, 3, 10, 3, 29, 5.9996, 3.0372, 5.9829, 8, 10, 17, 414, 26, 38, 10],
      [2.0465e-13, 0.1165, 0, 5.2791e-07, 0.0001, 1, 3.0335e-07, 0, 1.2928e-09, 2.7563e-07, 9.3309e-07, 1, 2, 0.0287, 7.3768e-07, 3.2114e-06, 4.4794e-07, 0.3646, 2.4191e-10, 6.7296e-09, 0.0074, 1.2244e-07, 5.4476e-22, 0.1301, 1.0464e-10, 2, 0.0037, 6.5473e-19, 4.0562e-09, 0.0003, 1.2237e-12, 8.9697e-18, 4.618e-09, 0.0001, 0.012, 3.6417e-15, 5.0001e-14, 1, 0.0387, 1.2631e-08, 0, 0.0002, 2.6362e-09, 3.6809e-16, 4.6571e-12, 3.5003e-22, 2.9258e-17, 1.8199e-13, 9.7522e-10, 2, 1, 2.995e-32, 3.5234e-11, 1.4539e-06, 5.3668e-10, 6.518e-08, 1, 0.0029, 0.0023, 0.0043, 7.7433e-12, 5.499e-17, 6.2163e-22, 10, 1, 3, 6.118e-16]
    ],
    [
      [1, 0.4597, 1.9994, 0.0001, 0.0039, 2, 1.2345e-06, 0.0198, 1.2843e-09, 2.7555e-07, 0, 3, 4, 0.6237, 4.2885e-08, 0.0002, 0, 0, 1.7394e-10, 1, 0.0009, 7.7376e-08, 5.3466e-22, 0, 1, 2, 0.0002, 3.1481e-18, 1, 2.2638e-06, 1.1892e-14, 1, 1, 4.558e-08, 0, 6.4253e-17, 1, 3, 0.0511, 1.4328e-08, 0, 0.9998, 1, 8.3966e-08, 4.5854e-12, 2, 1, 1, 5.8598e-11, 4, 1, 1, 9.1406e-13, 0, 1, 2.6842e-08, 3, 0.9997, 0.0034, 0.4892, 1, 1.666e-17, 3.2854e-24, 49, 3, 7, 2],
      [6, 0.9734, 2.9992, 2.9998, 1.9964, 8, 1, 1.9794, 5, 2, 1.9999, 8, 12, 2.3404, 2, 1.9997, 2.9999, 0, 3, 2, 1.9907, 1, 5, 0.2856, 5, 11, 0.9834, 2, 4, 0.9988, 2, 5, 3, 4.6484e-08, 0.4854, 7, 3, 9, 0.2664, 6, 0.6532, 5.9987, 4, 6, 6, 7, 8, 5, 2, 15, 7, 9, 4, 7, 2, 2, 6, 1.9965, 2.9733, 0.0007, 5, 3, 6, 96, 13, 20, 3],
      [4, 0, 3.9998, 0.9999, 2.9929, 9, 0, 3.0198, 2, 3, 0.0001, 7, 9, 0, 1, 6.0158e-06, 3, 1.0128, 5.3627e-10, 1, 0.0001, 4.8739e-08, 2, 0.6861, 6, 10, 0.0031, 1, 1, 0.0001, 3.4562e-11, 8, 5, 1.0001, 0.0689, 6, 3, 11, 0.3301, 10, 0.2436, 3, 6, 5, 4, 19, 10, 7, 4, 16, 8, 6, 2, 3, 1, 1, 11, 0.0027, 0.9813, 0.4885, 3, 3, 6, 112, 16, 32, 6],
      [6, 0.735, 24.0021, 4, 7.9901, 18, 0, 12.9799, 4, 1, 0.0001, 7, 15, 4.7145, 6.0421e-06, 0.0002, 17.0002, 1.419, 8.9893e-11, 1, 0.0014, 4.2233e-08, 2, 5.3463, 4, 11, 0.0102, 1, 2, 4.7617e-06, 3.3805e-11, 17, 5, 1.0762e-07, 0.2879, 3, 2, 12, 0.3366, 12, 2.8029, 14.0017, 4, 4, 7, 21, 10, 12, 1, 16, 7, 10, 1, 8.9999, 4.7672e-06, 3.9855e-08, 18, 4.0061, 1.0238, 1.0306, 8, 7, 18, 168, 26, 58, 24],
      [25, 1.6912, 16.9999, 14.0001, 19.003, 40, 3, 21.9423, 17, 8, 4.9999, 37, 59, 2.9966, 2, 4, 22.9998, 2.0517, 6, 9, 3.0064, 3, 23, 9.216, 12, 35, 1.9963, 13, 17, 0.0009, 5, 38, 14, 0.9987, 1.1521, 17, 17, 34, 0.9633, 27, 5.0808, 19.9995, 17, 15, 22, 46, 32, 26, 12, 42, 19, 46, 10, 17, 6, 4, 60, 11.9975, 3.0145, 4.9602, 24, 21, 56, 666, 76, 128, 52],
      [2.6575e-13, 0.1407, 0.9997, 0.0001, 2.0138, 3, 2.3834e-06, 1.0588, 5.1979e-09, 1, 1.5665e-07, 1, 2, 0.3248, 1.1804e-06, 6.3955e-06, 0.0001, 0.5165, 1.5549e-11, 6.8154e-10, 0.0005, 2.7895e-08, 2.5321e-29, 0.466, 5.9257e-14, 3, 0.0068, 3.0685e-14, 6.7922e-09, 0.0002, 1.9472e-12, 2, 1, 0.0012, 0.0057, 1, 4.2358e-20, 2, 0.0525, 1, 0.2196, 0.0004, 2.6706e-09, 8.3965e-08, 1, 3, 1, 1, 8.688e-10, 2, 2, 1, 1.7153e-10, 1, 3.15e-06, 4.8789e-08, 2, 0.9975, 0.0036, 0.0309, 1, 1, 1, 35, 3, 12, 1]
    ],
    [
      [1, 0.0573, 0.0001, 1.1505e-07, 0, 3, 1.2774e-06, 0.0004, 8.0324e-08, 1.8456e-06, 0.0001, 5, 8, 0.0935, 1, 0, 4.1304e-06, 0, 6.0981e-11, 2.0475e-09, 0, 8.0917e-08, 1, 0, 3, 5, 0.0002, 1.5086e-18, 1.4436e-08, 0.0002, 1.955e-12, 1, 1, 0.0001, 0, 2, 1, 7, 0.119, 1, 0, 0.0002, 2, 1, 1, 4, 2, 2, 6.1833e-11, 11, 3, 2, 1, 4.5024e-08, 3.6194e-10, 1.1745e-07, 4, 0.0031, 0.0017, 0.0047, 1, 1, 8.2952e-22, 70, 4, 9, 1],
      [5, 0.1841, 0.0003, 1.0001, 0, 8, 0, 0.0004, 2, 4, 0.0001, 12, 18, 0.4964, 5, 0, 0, 0, 1, 1, 0.0028, 1, 6, 0.3328, 7, 21, 0.9876, 1, 2, 0.0009, 1, 2, 2, 6.4401e-06, 0.2361, 11, 7, 14, 0.4637, 5, 0.4731, 0.9998, 5, 8, 5, 11, 12, 7, 4, 36, 15, 12, 3, 5, 3, 3, 8, 0.0001, 4.9985, 0.0194, 2, 2, 2, 178, 11, 23, 1],
      [5, 0, 3.9991, 2, 0.0001, 14, 3, 1.0006, 4, 3, 1.9999, 20, 21, 0, 8, 1.9998, 2.9999, 2.0687, 5, 4, 1.9883, 2, 10, 0.9617, 14, 27, 0.9949, 2, 4, 2.9978, 3, 9, 5, 1.9974, 0.4931, 18, 7, 21, 0.6729, 14, 0.2122, 0.9998, 14, 16, 10, 34, 26, 11, 6, 44, 15, 13, 4, 3.9999, 6, 7, 12, 0.997, 3.9514, 1.4791, 7, 5, 9, 270, 21, 38, 5],
      [6, 0.3277, 10.0012, 2.9999, 3.9893, 25, 1, 10.9197, 4, 4, 0.0001, 16, 29, 0.9412, 6, 0.0003, 8.9999, 2.3356, 2, 2, 0.0016, 8.4202e-08, 7, 2.7731, 12, 28, 0.0098, 4, 3, 0.0011, 3.7429e-11, 19, 8, 0.9987, 0.5181, 11, 5, 21, 0.6627, 18, 2.4751, 2.9996, 9, 14, 14, 39, 22, 19, 7, 42, 18, 18, 4, 9.0001, 3, 1, 27, 3.0001, 3.9846, 1.1283, 13, 12, 19, 279, 31, 74, 13],
      [25, 0.3355, 6.9989, 11, 5.0068, 56, 11, 14.0788, 16, 18, 9.9998, 83, 113, 0.3698, 17, 7.9997, 11.0002, 3.5289, 23, 14, 6.0043, 8, 70, 6.6494, 28, 87, 2.997, 28, 19, 12.9998, 13, 38, 16, 14.0038, 2.7456, 51, 42, 61, 1.9409, 38, 5.5466, 4.0003, 35, 42, 39, 82, 71, 41, 34, 110, 44, 80, 22, 16, 24, 20, 82, 3.9997, 9.0196, 7.3239, 33, 33, 54, 1088, 89, 158, 28],
      [9.8601e-12, 0.0954, 0.0005, 1.743e-07, 0.0037, 5, 7.9393e-07, 0.0001, 7.8904e-08, 2, 0, 3, 4, 0.0991, 3, 0.0002, 1.4825e-06, 1.0667, 4.3981e-11, 2.079e-09, 0.0029, 1.1814e-07, 1, 0.283, 1, 7, 0.0104, 3.7741e-17, 2.0417e-08, 0.0002, 3.3569e-11, 2, 2, 9.8952e-06, 0.0071, 4, 1, 4, 0.1409, 2, 0.2929, 0.0003, 1, 2, 2, 6, 3, 2, 1, 6, 6, 1, 1, 1, 3.62e-11, 1, 3, 0, 0.0441, 0.0446, 1, 1, 1, 35, 4, 15, 1.3396e-14]
    ],
    [
      [4, 0.5468, 2.0006, 1, 2.0032, 8, 7, 0.9806, 3, 4, 1.9998, 19, 33, 0.5787, 1, 2, 1, 0, 4, 5, 0.0005, 3, 7, 0, 7, 14, 0.0117, 3, 2, 0.9994, 4, 6, 5, 2.0012, 0, 6, 8, 16, 0.3203, 2, 0, 1.0003, 3, 4, 3, 7, 5, 3, 1, 21, 6, 11, 5, 1, 3, 2, 19, 2.9973, 0.0239, 0.0876, 5, 5, 4, 185, 15, 27, 5],
      [15, 1.3787, 1.0003, 5.9997, 1.0035, 23, 4, 1.0196, 13, 21, 7.9999, 44, 76, 2.5956, 8, 3.9997, 1, 0, 8, 9, 3.9975, 7, 32, 0.2084, 13, 51, 2.9953, 9, 13, 1.9992, 17, 8, 6, 1, 3.4146, 25, 22, 29, 1.2716, 10, 1.5189, 5.0008, 9, 19, 15, 19, 24, 11, 16, 66, 31, 56, 19, 14, 11, 10, 37, 0.9978, 7.0259, 0.5602, 10, 9, 16, 628, 43, 65, 7],
      [18, 0, 2.0004, 7.9997, 2, 31, 8.9999, 4.979, 11, 10, 1.9999, 60, 77, 0, 11, 2.0002, 6, 0.4052, 13, 12, 4.0078, 6, 42, 2.8422, 22, 60, 3.9914, 12, 12, 9.9995, 12, 22, 12, 10.0024, 1.0352, 37, 35, 46, 1.6767, 26, 0.4728, 4.9998, 23, 30, 18, 57, 49, 23, 27, 79, 28, 51, 16, 7, 17, 21, 58, 1, 4.0231, 2.8537, 18, 16, 32, 767, 68, 106, 17],
      [27, 1.4351, 23.9973, 28.0002, 20.0176, 69, 11, 39.0408, 26, 21, 5.9998, 59, 127, 7.729, 10, 9.9989, 38, 0.5633, 15, 24, 6.9851, 7, 36, 16.6817, 22, 68, 4.9525, 36, 19, 3.9979, 13, 57, 17, 3.9988, 4.3884, 27, 25, 52, 2.2922, 35, 12.7539, 22.9988, 22, 33, 39, 68, 50, 36, 20, 83, 37, 79, 20, 26, 15, 8, 121, 18.9953, 5.9795, 12.7039, 46, 48, 102, 990, 114, 202, 73],
      [94, 4.2928, 16.0012, 90.0004, 45.99, 152, 107.0001, 65.9992, 94, 98, 113.0005, 290, 473, 4.4104, 26, 81.0012, 48, 0.8006, 133, 115, 73.0123, 102, 342, 30.9253, 53, 207, 35.0526, 262, 107, 119.0028, 162, 124, 47, 133.9989, 57.7061, 115, 191, 141, 7.018, 79, 29.2752, 29.0007, 67, 95, 103, 143, 151, 77, 138, 208, 88, 364, 115, 48, 101, 80, 383, 40.0097, 15.9509, 113.2573, 122, 143, 296, 3876, 327, 444, 154],
      [1, 0.3466, 1.0002, 3, 5.9858, 14, 2.1666e-07, 1.9809, 5, 10, 1, 12, 19, 0.6863, 4, 2.0001, 1, 0.231, 3, 4, 3.9967, 5, 6, 1.3424, 3, 18, 1.9965, 3, 5, 4.0012, 4, 8, 5, 1.9987, 0.4557, 9, 6, 9, 0.4212, 4, 0.9792, 0.9997, 3, 5, 6, 10, 8, 3, 5, 12, 12, 7, 5, 3, 3, 5, 15, 2.9999, 0.9968, 0.5373, 6, 8, 10, 154, 16, 44, 2]
    ],
    [
      [1, 0.2979, 0.0002, 5.5306e-07, 0, 2, 0, 0.0001, 1.4554e-07, 1, 2.6093e-06, 4, 8, 0.2445, 5.2084e-06, 0.0002, 0, 0, 3.6858e-10, 8.7718e-09, 0.0035, 8.7099e-08, 1, 0, 3, 4, 0.0018, 2.3842e-18, 6.7631e-09, 0.0011, 6.7385e-11, 1, 1, 8.2206e-06, 0, 1, 1, 4, 0.2184, 1.0435e-08, 0, 0.0003, 1, 1, 1, 2, 1, 1, 6.094e-10, 9, 3, 2, 1, 0, 8.8437e-10, 1.976e-07, 4, 0.003, 0.0073, 0.0048, 1, 6.8425e-12, 5.227e-25, 47, 2, 6, 5.4974e-14],
      [4, 1.1883, 0, 0.0001, 0, 7, 8.5551e-07, 0.0002, 2, 5, 1.0001, 11, 18, 1.8314, 3, 0.0002, 0.0001, 0, 5.2819e-10, 1, 0.0068, 1, 4, 0.0598, 6, 17, 0.0188, 1.5108e-17, 2, 0.001, 2, 1, 1, 0.0012, 0.3123, 7, 3, 8, 0.7086, 3, 0.2517, 1.0002, 2, 6, 3, 5, 6, 3, 4, 29, 14, 11, 3, 7, 1, 1, 8, 0.0027, 2.997, 0.0042, 1, 1, 2, 148, 8, 14, 1.1908e-16],
      [5, 0, 0.0004, 0.0003, 0.0069, 9, 0, 0.0003, 2, 2, 0, 15, 19, 0, 5, 0, 1, 0.363, 1, 1, 0.0036, 1, 5, 0.3688, 9, 20, 0.0066, 1, 2, 0.0008, 1, 4, 3, 7.6102e-07, 0.2706, 11, 5, 13, 0.9246, 9, 0.054, 1, 6, 10, 4, 16, 13, 7, 7, 35, 12, 10, 3, 3, 1, 3, 12, 0.0001, 2.0451, 0.0246, 3, 2, 4, 169, 13, 23, 5.3671e-14],
      [7, 1.2057, 6.0003, 3.0001, 3.9927, 20, 3.1737e-06, 2.0195, 5, 4, 0, 14, 30, 5.5364, 3, 1, 7, 0.4368, 1, 3, 0.0083, 1.1381e-07, 7, 2.0397, 9, 22, 0.0155, 3, 4, 0.0007, 3, 12, 4, 0.0013, 0.1395, 7, 5, 16, 1.1548, 12, 1.3539, 5.9999, 5, 10, 9, 18, 13, 12, 4, 36, 16, 15, 3, 11.9999, 2, 1, 25, 0.9976, 2.0196, 0.0452, 7, 7, 12, 246, 21, 45, 4],
      [29, 2.949, 5.999, 14.9995, 11.0037, 48, 5, 3.9996, 22, 27, 16.9998, 74, 120, 3.8031, 14, 14.9996, 10.9999, 0.987, 13, 17, 9.9791, 19, 51, 3.319, 24, 74, 8.9526, 27, 24, 5.9974, 27, 29, 13, 9.9974, 4.1715, 38, 35, 44, 3.647, 27, 3.1984, 8.9995, 21, 35, 30, 43, 44, 27, 38, 94, 43, 73, 23, 27, 13, 16, 85, 6.996, 8.9779, 4.8989, 24, 23, 40, 946, 67, 99, 11],
      [1, 0.3591, 1.0001, 1, 1.9966, 4, 2.0199e-08, 0.9803, 2, 3, 1.1095e-06, 3, 4, 0.5846, 2, 0, 4.1056e-06, 0.2132, 1, 7.4423e-09, 0.9987, 8.1881e-08, 5.5503e-22, 0.2127, 1, 6, 0.0046, 6.1373e-14, 1, 0.999, 1.973e-12, 2, 1, 0.0001, 0.1061, 2, 1, 3, 0.3467, 3, 0.1419, 0.0001, 2, 1, 1, 3, 2, 1, 1, 5, 5, 2, 1, 1, 3.1712e-11, 1, 3, 0.0006, 1.9531, 0.0223, 1, 2, 1, 26, 3, 12, 2.9051e-16]
    ],
    [
      [1.5523e-13, 0.0982, 0.0003, 3.3318e-08, 0.0001, 4.3516e-24, 2.4476e-08, 0.0001, 4.6782e-09, 2.7558e-07, 0.0001, 2.2525e-35, 1, 0.0789, 1.4478e-06, 0, 0, 0, 2.0326e-14, 6.8969e-10, 0.0013, 2.8943e-09, 1.0692e-21, 0, 2.8068e-14, 1, 0.0004, 3.0691e-14, 2.851e-11, 0.0002, 2.1426e-14, 3.7949e-18, 4.57e-10, 6.0206e-08, 0, 1.0034e-16, 5.7204e-15, 1, 0, 2.2886e-11, 0, 1.2843e-06, 2.6274e-09, 7.3542e-15, 1.2855e-15, 5.3311e-22, 1.6975e-22, 3.6496e-13, 5.8957e-10, 1, 2.7155e-14, 1.4975e-32, 1.3878e-10, 2.5776e-08, 1.952e-10, 8.3754e-10, 1, 0.0001, 0, 0.0008, 5.6389e-12, 5.3995e-17, 4.151e-22, 8, 1.67e-44, 2, 6.0649e-16],
      [4.7136e-11, 0.3926, 0.0002, 9.252e-08, 0.0001, 1, 3.0813e-06, 3.3116e-06, 4.4136e-10, 1, 0, 1, 3, 0.5785, 1, 0.0003, 1.4241e-06, 0, 1.1813e-11, 1.3488e-08, 8.3292e-06, 2.9054e-08, 5.398e-22, 0.0402, 1, 4, 0.0099, 9.2075e-14, 6.2432e-09, 0.0001, 3.4565e-11, 6.0313e-17, 6.3752e-10, 0.0001, 0.0971, 1, 5.5796e-14, 2, 0, 6.0735e-09, 0.103, 0.0002, 5.2679e-09, 1.6793e-07, 1, 1, 1, 4.3724e-11, 2.6323e-09, 3, 3, 1, 1.9662e-11, 1.4465e-06, 1.5962e-06, 9.8651e-08, 2, 0.0026, 0, 0.0023, 2.9176e-12, 6.8425e-12, 1.249e-21, 41, 2, 5, 6.4967e-15],
      [9.5374e-12, 0, 0.0001, 8.1775e-08, 0, 1, 4.5109e-07, 0.0002, 7.3677e-08, 1.2827e-10, 1.7928e-06, 2, 3, 0, 2, 7.0651e-06, 0.0001, 0.3656, 7.0885e-12, 7.1546e-10, 0.0001, 5.8061e-09, 5.3472e-22, 0.1022, 1, 5, 0.0018, 3.0732e-14, 1.4477e-08, 0.0008, 6.7122e-11, 1, 4.0515e-09, 3.5657e-06, 0.0007, 2, 1, 3, 0, 1, 0.0174, 0.0002, 1, 1, 1, 5, 2, 1, 1, 4, 2, 1, 2.4662e-10, 9.223e-08, 1.5757e-06, 3.8362e-08, 3, 0.0001, 0, 0.0536, 9.2759e-14, 1.5742e-16, 1, 36, 4, 8, 9.9665e-15],
      [1, 0.4379, 6.9994, 2.8126e-07, 2.0068, 4, 0, 0.0198, 1, 1, 2.5379e-06, 2, 6, 1.8605, 1, 0.0002, 2, 0.3761, 4.2197e-12, 1, 4.5304e-06, 2.1578e-09, 1.0692e-21, 0.8382, 1, 5, 0.0068, 1, 8.5223e-09, 5.162e-06, 2.4433e-13, 2, 9.1064e-13, 0, 0.2194, 1, 2.6906e-14, 3, 0, 2, 0.6142, 0.0002, 1, 1, 2, 5, 2, 2, 1.7444e-11, 4, 3, 2, 1.6587e-11, 1, 3.1504e-06, 4.9245e-08, 6, 0.0005, 0, 0.006, 1, 2, 5, 25, 6, 15, 3],
      [4, 1.1297, 5.0006, 3.0001, 3.993, 9, 2, 0.9999, 4, 5, 2.9999, 12, 22, 1.2056, 4, 4.9998, 2.9999, 0.6502, 2, 5, 0.0048, 3, 8, 1.4537, 3, 17, 2.0032, 8, 5, 0.9999, 4, 6, 2, 3, 0.2695, 7, 7, 9, 0, 4, 0.8989, 0.0001, 4, 4, 7, 13, 7, 4, 5, 13, 9, 9, 3, 2, 4, 4, 22, 1.9975, 0, 0.5768, 5, 6, 16, 175, 20, 34, 7],
      [2, 0.9417, 2.9995, 1.9999, 2, 3, 1, 0.9799, 2, 2, 1, 2, 4, 1.2765, 3, 1.9997, 1.9999, 1.6081, 1, 2, 0.9938, 2, 2, 0.5657, 3, 3, 1.978, 1, 3, 0.9991, 2, 2, 3, 0.9999, 0.4134, 4, 3, 2, 0, 2, 0.3664, 1.9993, 2, 3, 3, 3, 3, 2, 2, 3, 3, 2, 2, 2, 2, 2, 2, 1.9991, 0, 0.3605, 2, 2, 4, 19, 3, 5, 2]
    ]
  ],
  "V_est": [
    [209.5524, 148.2841, 203.4548, 284.3806, 1112.6161, 25.7121],
    [103.6512, 384.9208, 401.8299, 653.6883, 2031.0704, 91.8394],
    [159.2807, 502.1963, 833.8136, 977.0678, 3247.5494, 136.0921],
    [530.5519, 1653.987, 2198.2889, 3326.5099, 12190.7061, 536.9562],
    [114.7832, 392.3848, 505.07, 757.9675, 2788.8747, 124.9198],
    [15.1806, 76.2271, 93.5428, 133.3859, 563.1833, 154.4803]
  ],
  "p_est": [
    [0.1056, 0.0747, 0.1025, 0.1433, 0.5608, 0.013],
    [0.0283, 0.105, 0.1096, 0.1783, 0.5539, 0.025],
    [0.0272, 0.0858, 0.1424, 0.1668, 0.5546, 0.0232],
    [0.026, 0.0809, 0.1076, 0.1628, 0.5965, 0.0263],
    [0.0245, 0.0838, 0.1078, 0.1618, 0.5954, 0.0267],
    [0.0147, 0.0736, 0.0903, 0.1288, 0.5436, 0.1491]
  ],
  "EI_Z": {},
  "EI_V": 39.4527,
  "MAE_Z": {},
  "MAE_V": 825.5263,
  "MAE_p": 0.1357,
  "runtime": 0.6713
}
