{
  "Z_true": {},
  "V_true": [
    [555, 43, 197, 403, 463, 36],
    [650, 209, 2447, 3923, 975, 135],
    [139, 773, 54, 1152, 17882, 222],
    [10, 56, 67, 3424, 197, 27],
    [107, 812, 91, 407, 1534, 294]
  ],
  "p_true": [
    [0.327, 0.0253, 0.1161, 0.2375, 0.2728, 0.0212],
    [0.0779, 0.0251, 0.2934, 0.4704, 0.1169, 0.0162],
    [0.0069, 0.0382, 0.0027, 0.057, 0.8843, 0.011],
    [0.0026, 0.0148, 0.0177, 0.9056, 0.0521, 0.0071],
    [0.033, 0.2502, 0.028, 0.1254, 0.4727, 0.0906]
  ],
  "Z_est": [
    [
      [12.3386, 18.7688, 0, 0.8135, 2.6192, 6.1351, 15.8678, 34.5893, 23.3853, 40.4901, 22.4452, 7.0729, 2.123, 0, 0, 12.8005, 48.6097, 17.2469, 48.1541, 33.0567, 7.5007, 19.2595, 27.9613, 53.47, 29.5077, 23.1082, 7.6342, 40.4162, 34.9418, 14.0334, 35.3536, 4.1428, 0.9738, 0.6926, 0, 3.1493, 74.906, 11.3123, 99.2052, 17.0231],
      [0.3613, 0.7096, 0, 0.0187, 0.0068, 0.1343, 0.0831, 0.4629, 0.3994, 0.2692, 0.1507, 0.051, 0.0353, 0, 0, 0.3031, 1.0741, 0.3401, 0.9018, 0.7822, 0.2157, 0.5646, 0.4736, 1.1457, 0.4599, 0.5559, 0.3891, 0.8747, 0.6684, 0.206, 0.66, 0.1089, 0.0538, 0.0422, 0, 0.0721, 1.8725, 0.1782, 1.3373, 0.6543],
      [2.034, 3.0421, 0, 0.2936, 0.1297, 1.1418, 2.2366, 5.0083, 4.8529, 3.3358, 3.6036, 0.7346, 0.2581, 0, 0.452, 2.3441, 9.4111, 3.5684, 9.1521, 6.438, 1.33, 3.3223, 4.3142, 8.5128, 4.8559, 3.4929, 1.5548, 7.6731, 5.9114, 2.1172, 5.5756, 0.6257, 0.2093, 0.529, 0, 3.0715, 14.2406, 3.1118, 20.8584, 5.8018],
      [3.5635, 3.8525, 0, 0.2457, 0.0995, 1.6661, 3.2803, 7.1662, 6.6431, 6.7327, 5.6355, 1.1543, 0.2638, 0, 0.4777, 3.5048, 11.7243, 3.409, 10.341, 10.8539, 1.9204, 7.1644, 5.4456, 12.7866, 7.7852, 8.1341, 3.1678, 12.4473, 7.9536, 2.5386, 8.0617, 0.7624, 0.489, 0.5275, 0, 2.5192, 23.1339, 3.5609, 22.2551, 5.802],
      [10.5894, 17.5346, 0, 0.601, 0.1416, 3.8696, 5.4947, 19.5399, 17.5396, 18.8771, 11.9409, 2.9626, 0.3095, 0, 0.0376, 7.9291, 19.9134, 7.3286, 14.1435, 29.5165, 6.9421, 4.6238, 11.6678, 34.7112, 18.1685, 14.5125, 7.1126, 26.2471, 10.2882, 5.0401, 18.1502, 2.3378, 0.2661, 0.2086, 0, 1.9676, 59.2489, 5.7728, 28.6908, 6.5342],
      [0.1132, 0.0923, 0, 0.0276, 0.0032, 0.0531, 0.0376, 0.2334, 0.1796, 0.2952, 0.2242, 0.0247, 0.0102, 0, 0.0327, 0.1184, 0.2675, 0.107, 0.3076, 0.3527, 0.0911, 0.0655, 0.1374, 0.3737, 0.2227, 0.1963, 0.1417, 0.3416, 0.2365, 0.0648, 0.1988, 0.0224, 0.0081, 0, 0, 0.2204, 0.5982, 0.064, 0.6532, 0.1847]
    ],
    [
      [5.3194, 6.4588, 0, 0.8464, 1.6406, 3.9674, 3.4955, 9.392, 7.1773, 10.4559, 5.2267, 3.4591, 0.6267, 1.5221, 0, 5.7089, 18.4466, 13.5093, 26.1801, 11.7005, 3.0364, 5.0497, 12.4702, 20.0916, 10.5011, 8.563, 1.3976, 12.2811, 14.8597, 6.2885, 8.1682, 1.2871, 0.3039, 0.0543, 0, 0.6033, 21.5325, 2.3348, 21.5711, 1.9746],
      [21.1839, 31.8263, 0, 3.0686, 1.5855, 11.6497, 2.6265, 16.7061, 16.2216, 9.4929, 3.5477, 3.3181, 1.7228, 1.4716, 0, 18.6264, 52.8557, 37.7338, 64.9393, 36.434, 11.6918, 18.2757, 27.6607, 56.1507, 21.2678, 27.3034, 10.4693, 35.0534, 36.6191, 12.5062, 20.1612, 4.7367, 2.2544, 0.7731, 0, 3.8276, 70.7109, 4.9565, 38.1292, 10.5135],
      [37.9832, 45.0706, 0, 15.4495, 6.4772, 32.6239, 21.9839, 58.6376, 64.1635, 37.271, 32.9204, 16.0656, 4.393, 1.8828, 0.2879, 45.3772, 152.3395, 122.1461, 212.8266, 97.6707, 23.7079, 35.3792, 83.2465, 136.5168, 74.2471, 55.5386, 13.2397, 99.8164, 107.4633, 41.7145, 55.4736, 9.1807, 3.3536, 3.9362, 0, 65.0259, 174.2908, 28.329, 192.7416, 29.2696],
      [94.248, 79.4599, 0, 19.772, 7.8282, 66.267, 45.1872, 118.2378, 123.5399, 102.2959, 72.0201, 36.387, 4.6468, 3.659, 0.6684, 97.0916, 264.6147, 178.8357, 353.6546, 230.3137, 47.4363, 107.3567, 145.8899, 286.1796, 165.9962, 181.2395, 38.2751, 226.9017, 200.6672, 71.2478, 111.7976, 15.4492, 10.5181, 5.0413, 0.9839, 88.6725, 396.4373, 45.1359, 258.4963, 35.4404],
      [21.3519, 26.5743, 0, 3.3409, 1.4135, 10.7427, 5.5775, 23.7968, 23.8269, 22.9556, 11.3584, 7.5354, 0.5283, 0.4645, 0.0193, 17.2064, 32.7972, 30.2636, 35.1598, 45.5131, 12.3912, 4.7224, 22.502, 56.3639, 28.4759, 23.9888, 6.0938, 34.9799, 18.4151, 10.6823, 17.5176, 3.1994, 0.4919, 0.1951, 0.0161, 9.4477, 73.8463, 4.9965, 33.3247, 5.4034],
      [0.9137, 0.61, 0, 0.5227, 0.0551, 0.7493, 0.1294, 1.2297, 1.0709, 1.5288, 0.9268, 0.2348, 0.0824, 0, 0.0244, 0.9894, 1.9463, 1.5115, 3.2396, 2.368, 0.7364, 0.2163, 1.2307, 2.6974, 1.5117, 1.3668, 0.5245, 1.9675, 1.9757, 0.5607, 0.8819, 0.147, 0.078, 0, 0, 1.423, 3.1822, 0.2472, 2.7371, 0.3985]
    ],
    [
      [0.5567, 1.1094, 0, 0.0281, 0.048, 0.1637, 0.3194, 0.6968, 0.5009, 0.6228, 0.1322, 0.3629, 0.152, 0.0198, 0, 0.6619, 1.4336, 0.919, 1.7145, 0.5852, 0.2611, 0.8902, 0.5434, 1.4186, 1.0463, 0.8268, 0.0388, 0.8633, 0.9618, 0.4497, 0.9179, 0.2539, 0.1667, 0.1166, 0, 0.4046, 1.8063, 0.3842, 2.4856, 0.6342],
      [16.8894, 21.323, 0.5073, 0.8056, 0.3621, 2.9888, 1.0173, 7.975, 6.8697, 2.98, 1.3105, 1.5967, 1.7834, 0.1598, 0, 16.125, 28.1182, 17.1096, 29.3546, 18.7429, 6.0171, 11.0461, 11.0779, 27.1697, 13.6837, 18.2026, 7.146, 19.8781, 16.14, 8.1809, 17.4852, 3.9826, 2.9157, 2.181, 0, 10.2238, 53.1382, 4.2603, 29.7978, 13.2851],
      [2.4337, 3.8334, 0, 0.275, 0.5042, 0.8511, 1.94, 3.1375, 3.247, 1.4502, 2.7933, 1.4455, 0.5142, 0.0228, 0.1071, 3.9547, 8.3907, 5.2868, 9.6871, 4.8248, 1.2436, 2.5371, 3.4464, 6.5194, 5.1809, 2.4406, 0.7876, 5.7092, 5.0597, 2.7911, 4.9539, 0.9332, 0.6765, 0.8622, 0, 7.7779, 12.7428, 2.358, 12.5877, 3.6045],
      [16.5471, 11.3593, 0.6312, 1.1599, 1.2096, 3.4786, 7.3649, 13.1656, 12.7004, 14.2266, 12.436, 6.6466, 1.0847, 0.2491, 0.327, 18.1637, 31.5405, 17.8603, 35.5895, 26.6058, 5.0696, 14.5781, 12.6631, 30.1982, 24.7681, 26.1611, 6.7466, 27.916, 19.6103, 9.9872, 20.959, 2.7035, 3.1537, 2.6554, 0.0161, 23.2255, 65.6754, 8.9076, 46.1716, 11.4448],
      [760.1052, 859.0617, 1.6391, 40.6592, 44.3962, 129.1901, 178.8539, 545.7558, 496.055, 571.813, 381.129, 266.4934, 32.3175, 15.5486, 2.8265, 670.9154, 797.3247, 611.6785, 710.5198, 1062.1266, 284.4537, 140.2946, 409.6988, 1229.3453, 860.9888, 694.7081, 214.0733, 887.9992, 379.4332, 305.8177, 709.6561, 131.4443, 28.8871, 15.1847, 2.9839, 196.135, 2487.4361, 213.1064, 1052.1181, 266.7593],
      [9.4678, 5.3132, 1.2224, 2.0722, 0.4799, 2.3277, 1.5045, 8.2694, 6.6271, 11.9073, 9.1991, 2.4549, 1.1483, 0, 0.7394, 11.1793, 14.1923, 9.1457, 19.1345, 16.1147, 4.9549, 2.6539, 6.5703, 17.3489, 13.3322, 11.6609, 5.2077, 14.634, 11.795, 4.7735, 10.0279, 1.6824, 1.2003, 0, 0, 16.2332, 31.2012, 2.9835, 28.8392, 7.2721]
    ],
    [
      [0.0168, 0.0264, 0, 0.003, 0.0034, 0.02, 0.0103, 0.0297, 0.0287, 0.0146, 0.0199, 0.0181, 0.0008, 0.0025, 0, 0.0207, 0.0858, 0.0563, 0.1787, 0.039, 0.0164, 0.1091, 0.0363, 0.0789, 0.0494, 0.0539, 0.0028, 0.0502, 0.067, 0.0299, 0.0428, 0.0051, 0.0037, 0.0086, 0, 0.0032, 0.0857, 0.0191, 0.0323, 0.0029],
      [2.0511, 3.5358, 0, 0.2644, 0.0873, 1.1372, 0.2333, 1.5241, 1.7316, 0.6761, 0.4132, 0.4882, 0.0926, 0.0414, 0, 2.0162, 6.2196, 4.0104, 9.3971, 4.2066, 1.7157, 1.7779, 2.6049, 6.1288, 2.7561, 4.4253, 1.445, 4.4067, 3.5598, 2.25, 3.0651, 0.4667, 0.1649, 0.0811, 0, 1.3941, 9.0478, 0.7836, 2.5876, 0.6096],
      [1.0964, 1.5025, 0, 0.4111, 0.1527, 0.9664, 0.6082, 1.6056, 2.0693, 0.7904, 1.0181, 0.7274, 0.0674, 0.0175, 0, 1.4695, 5.3838, 3.8915, 9.1918, 3.3717, 1.0387, 1.1162, 2.354, 4.4598, 2.8957, 2.5867, 0.5478, 3.7551, 3.1574, 2.2341, 2.5265, 0.2697, 0.0804, 0.1211, 0, 3.5147, 6.6715, 1.3363, 3.7781, 0.4928],
      [62.0714, 60.0887, 0, 11.7698, 4.4779, 44.1735, 28.2895, 73.4733, 90.0862, 49.5443, 50.559, 37.5918, 1.7562, 0.8476, 0, 71.4681, 211.7119, 128.9656, 346.8788, 180.5619, 47.5237, 72.8981, 93.3575, 211.9195, 146.7324, 198.3975, 36.6582, 193.5503, 132.5933, 87.0135, 115.5796, 10.5749, 5.6478, 3.6639, 0, 104.4574, 343.9588, 49.1087, 116.8086, 13.3531],
      [2.1487, 3.3408, 0, 0.5633, 0.1945, 1.5321, 0.5417, 2.3739, 2.9632, 1.0238, 1.3137, 1.473, 0.0208, 0.091, 0, 2.1438, 4.3387, 4.1223, 5.0835, 5.9711, 1.8669, 0.4673, 2.5217, 6.993, 4.1147, 3.6571, 1.0957, 4.8334, 2.0761, 1.6695, 3.3214, 0.4231, 0.0278, 0.1252, 0, 3.1889, 10.6446, 1.0019, 1.3469, 0.1547],
      [1.6156, 1.5059, 0, 0.9885, 0.0841, 1.1708, 0.317, 1.9935, 2.121, 1.9508, 1.6762, 0.7015, 0.0622, 0, 0, 1.8816, 4.2602, 2.9538, 8.2701, 4.8496, 1.8386, 0.6314, 2.1257, 5.4201, 3.4518, 3.8794, 1.2506, 4.4042, 3.5465, 1.803, 2.4646, 0.2606, 0.0753, 0, 0, 8.4417, 7.5916, 0.7504, 3.4466, 0.3869]
    ],
    [
      [5.7685, 8.6365, 0, 0.309, 2.6889, 2.7137, 3.307, 8.2923, 7.9078, 13.4166, 6.1761, 6.087, 1.0975, 1.4556, 0, 6.8079, 19.4243, 9.2685, 23.7726, 9.6186, 3.1854, 5.6915, 11.9887, 18.9409, 8.8954, 8.4481, 1.9267, 11.3892, 13.1697, 7.1985, 11.5175, 1.3111, 0.5518, 0.1279, 0, 1.8396, 21.6695, 2.9497, 26.7059, 2.3653],
      [17.5143, 32.6054, 0.4927, 0.8427, 0.9583, 6.0901, 2.0398, 11.3319, 13.7777, 9.5818, 4.578, 4.546, 2.3659, 0.3273, 0, 16.9293, 42.7325, 19.806, 45.4072, 22.8344, 9.3596, 17.3358, 20.1828, 40.4051, 13.8325, 20.5128, 10.5507, 24.7871, 25.0128, 10.857, 21.6285, 3.7051, 3.6112, 0.9226, 0, 6.4824, 54.2305, 4.8213, 36.1481, 9.9376],
      [4.4527, 6.5514, 0, 0.5709, 0.7362, 2.4169, 2.2314, 5.611, 7.6673, 5.1526, 4.6647, 3.0269, 0.7672, 0.0769, 0.153, 5.8545, 17.4749, 9.1071, 21.1425, 8.6947, 2.6799, 4.6452, 8.6389, 13.9913, 6.8204, 5.9412, 1.8701, 10.0462, 10.4082, 5.143, 8.4704, 0.9907, 0.6802, 0.5514, 0, 8.6101, 19.0543, 3.8649, 26.0343, 3.8313],
      [16.57, 17.2396, 0.3688, 1.0527, 1.3848, 7.4148, 6.8781, 16.9571, 22.0304, 21.2005, 15.3495, 10.2203, 1.2485, 0.2444, 0.527, 18.7718, 45.4087, 19.9293, 52.5362, 30.6648, 8.05, 21.0028, 22.6439, 43.9161, 22.7181, 29.0678, 8.1523, 34.1846, 29.1756, 13.2131, 25.6021, 2.51, 3.1913, 1.1119, 0, 17.1254, 64.7947, 9.2868, 52.2684, 6.9598],
      [37.8048, 57.4885, 0.3609, 1.8357, 2.8542, 12.6654, 8.5322, 34.5337, 42.6153, 45.3305, 24.258, 20.5357, 1.8239, 0.8959, 0.1166, 33.8053, 56.6259, 33.607, 52.0934, 60.8727, 21.3461, 9.8919, 35.6097, 87.5866, 38.2521, 38.1335, 13.6246, 52.9403, 27.7873, 19.7904, 42.3547, 5.5955, 1.3271, 0.2863, 0, 10.2608, 120.8241, 11.1224, 61.5194, 8.1484],
      [5.8898, 5.4786, 1.7776, 1.3891, 0.3777, 2.6991, 1.0115, 6.2741, 7.0015, 11.3179, 6.9738, 2.5841, 0.697, 0, 0.2034, 6.8313, 12.3337, 6.282, 17.0482, 11.3149, 4.3791, 2.4329, 6.9359, 15.1599, 7.4815, 7.8966, 3.8756, 10.6526, 10.4464, 3.798, 7.4269, 0.8877, 0.6384, 0, 0, 20.6817, 19.4268, 1.9549, 20.324, 2.7577]
    ]
  ],
  "V_est": [
    [851.1084, 16.6164, 155.145, 217.0689, 450.7601, 6.3012],
    [287.5018, 748.0716, 2238.0415, 4337.8899, 687.4801, 40.0151],
    [24.4969, 451.8307, 136.9113, 594.9572, 18688.9333, 324.8707],
    [1.272, 87.3967, 77.2778, 3438.1123, 88.7698, 88.1713],
    [296.6208, 589.0846, 248.6244, 720.9718, 1135.0567, 254.6417]
  ],
  "p_est": [
    [0.5015, 0.0098, 0.0914, 0.1279, 0.2656, 0.0037],
    [0.0345, 0.0897, 0.2684, 0.5202, 0.0824, 0.0048],
    [0.0012, 0.0223, 0.0068, 0.0294, 0.9242, 0.0161],
    [0.0003, 0.0231, 0.0204, 0.9093, 0.0235, 0.0233],
    [0.0914, 0.1815, 0.0766, 0.2222, 0.3498, 0.0785]
  ],
  "EI_Z": {},
  "EI_V": 8.1026,
  "MAE_Z": {},
  "MAE_V": 201.3974,
  "MAE_p": 0.0382,
  "runtime": 3.38
}
