{
  "X": [
    [10, 16, 22, 21, 152, 107, 1],
    [25, 15, 39, 14, 132, 132, 1],
    [9, 10, 13, 6, 84, 86, 0],
    [4, 11, 14, 9, 83, 81, 0],
    [7, 14, 14, 20, 99, 120, 1],
    [19, 22, 23, 40, 201, 90, 0],
    [18, 27, 28, 47, 165, 93, 1],
    [16, 14, 25, 28, 139, 74, 0],
    [14, 8, 31, 12, 75, 142, 1],
    [7, 5, 13, 13, 83, 168, 0],
    [7, 12, 17, 10, 88, 138, 1],
    [7, 11, 31, 40, 166, 170, 1],
    [21, 13, 29, 48, 146, 193, 1],
    [5, 25, 16, 34, 193, 63, 0],
    [9, 13, 6, 24, 180, 56, 0],
    [3, 16, 18, 27, 171, 53, 0],
    [9, 7, 23, 21, 129, 44, 0],
    [3, 8, 8, 17, 120, 45, 1],
    [18, 24, 2, 39, 204, 86, 0],
    [12, 18, 4, 34, 121, 92, 1],
    [9, 12, 19, 12, 127, 143, 1],
    [20, 25, 29, 43, 155, 110, 1],
    [22, 18, 24, 25, 157, 107, 1],
    [15, 15, 13, 21, 140, 116, 0],
    [14, 15, 27, 21, 126, 87, 0],
    [11, 15, 40, 15, 102, 98, 0],
    [15, 5, 29, 13, 80, 118, 0],
    [12, 27, 16, 28, 157, 142, 2],
    [16, 24, 10, 52, 184, 144, 0],
    [13, 22, 18, 31, 120, 118, 1],
    [16, 30, 22, 47, 210, 118, 0],
    [26, 26, 21, 33, 247, 146, 0],
    [9, 5, 15, 23, 92, 67, 1],
    [15, 28, 7, 22, 129, 86, 1],
    [17, 35, 22, 42, 161, 89, 1],
    [12, 25, 3, 26, 128, 91, 0],
    [2, 16, 23, 23, 115, 171, 3],
    [8, 24, 17, 15, 140, 152, 0],
    [6, 31, 32, 30, 103, 140, 0],
    [9, 16, 22, 11, 102, 166, 0],
    [16, 15, 13, 7, 144, 182, 0],
    [11, 20, 23, 21, 128, 170, 1],
    [11, 14, 20, 21, 88, 168, 0],
    [11, 20, 14, 22, 122, 164, 0],
    [13, 19, 0, 23, 115, 114, 0],
    [10, 11, 14, 20, 167, 174, 0],
    [10, 11, 20, 20, 142, 118, 1],
    [8, 13, 17, 23, 122, 95, 0],
    [14, 10, 31, 30, 123, 106, 0],
    [15, 21, 6, 26, 145, 106, 0],
    [13, 20, 14, 49, 145, 69, 0],
    [18, 31, 10, 43, 183, 117, 2],
    [27, 44, 18, 77, 236, 155, 2],
    [9, 37, 10, 72, 121, 104, 1],
    [3, 8, 9, 31, 97, 102, 1],
    [7, 11, 15, 19, 55, 126, 1],
    [3, 19, 9, 23, 86, 208, 2],
    [8, 12, 16, 21, 88, 174, 0],
    [9, 21, 14, 18, 94, 230, 0],
    [4, 10, 8, 20, 96, 212, 0],
    [6, 9, 20, 27, 106, 235, 2],
    [7, 16, 17, 26, 74, 191, 0],
    [6, 8, 14, 23, 82, 210, 0],
    [6, 17, 10, 42, 91, 258, 0],
    [5, 5, 15, 37, 72, 181, 0],
    [12, 16, 7, 40, 54, 158, 0],
    [6, 22, 15, 44, 70, 172, 0],
    [9, 13, 8, 20, 83, 124, 1],
    [9, 6, 12, 27, 91, 120, 0],
    [18, 25, 33, 18, 79, 236, 0],
    [7, 17, 43, 24, 115, 253, 0],
    [9, 16, 34, 19, 85, 213, 1],
    [1, 15, 50, 32, 90, 228, 1],
    [13, 18, 24, 29, 76, 200, 0],
    [9, 13, 37, 23, 70, 226, 0],
    [8, 17, 15, 33, 81, 204, 0],
    [9, 9, 14, 20, 80, 154, 0],
    [120, 140, 63, 263, 1059, 1208, 1]
  ],
  "W": [
    [16, 22, 103, 101, 87],
    [12, 10, 111, 141, 84],
    [6, 2, 72, 88, 40],
    [5, 9, 63, 82, 43],
    [12, 15, 70, 120, 58],
    [23, 37, 156, 98, 81],
    [25, 38, 138, 92, 86],
    [12, 25, 115, 79, 65],
    [7, 8, 52, 146, 70],
    [6, 7, 72, 147, 57],
    [10, 11, 67, 130, 55],
    [9, 33, 137, 150, 97],
    [10, 27, 128, 193, 93],
    [20, 38, 169, 74, 35],
    [13, 30, 144, 62, 39],
    [17, 29, 129, 62, 51],
    [7, 22, 109, 50, 45],
    [7, 16, 86, 48, 45],
    [19, 39, 151, 89, 75],
    [21, 33, 97, 87, 44],
    [5, 8, 99, 143, 68],
    [25, 35, 119, 118, 86],
    [17, 17, 135, 101, 84],
    [9, 16, 108, 114, 73],
    [5, 19, 98, 98, 70],
    [11, 8, 87, 113, 62],
    [2, 11, 76, 119, 52],
    [25, 26, 125, 114, 94],
    [18, 41, 143, 138, 90],
    [21, 27, 101, 107, 67],
    [36, 49, 163, 107, 88],
    [20, 19, 197, 147, 116],
    [4, 18, 84, 65, 41],
    [24, 17, 95, 91, 61],
    [27, 51, 121, 88, 80],
    [14, 26, 110, 86, 49],
    [20, 23, 96, 146, 68],
    [25, 19, 120, 133, 59],
    [26, 26, 99, 119, 72],
    [10, 9, 69, 165, 73],
    [9, 8, 112, 173, 75],
    [11, 16, 91, 147, 109],
    [12, 15, 66, 167, 62],
    [21, 17, 98, 159, 58],
    [17, 18, 91, 110, 48],
    [10, 21, 141, 161, 63],
    [10, 18, 120, 122, 52],
    [14, 16, 100, 93, 55],
    [9, 20, 98, 108, 79],
    [14, 18, 121, 109, 57],
    [22, 42, 117, 65, 64],
    [32, 35, 152, 117, 68],
    [33, 74, 190, 148, 114],
    [29, 66, 118, 89, 52],
    [5, 24, 91, 84, 47],
    [5, 16, 51, 109, 53],
    [15, 16, 72, 172, 75],
    [7, 18, 73, 145, 76],
    [19, 17, 87, 198, 65],
    [6, 19, 81, 174, 70],
    [8, 17, 102, 199, 79],
    [9, 19, 63, 163, 77],
    [9, 18, 80, 185, 51],
    [13, 38, 91, 215, 67],
    [3, 15, 63, 149, 85],
    [13, 31, 45, 127, 71],
    [13, 35, 66, 134, 81],
    [13, 19, 67, 105, 54],
    [9, 23, 75, 95, 63],
    [21, 13, 86, 209, 80],
    [15, 16, 107, 230, 91],
    [15, 12, 73, 184, 93],
    [10, 26, 84, 227, 70],
    [10, 19, 74, 186, 71],
    [12, 16, 66, 213, 71],
    [7, 30, 74, 197, 50],
    [6, 12, 67, 145, 56],
    [121, 226, 838, 1072, 597]
  ],
  "method": "mvn_pdf",
  "cond_prob": [
    [
      [0.013433190774, 0.63763050527, 0.0014270799878, 0.014676118458, 0.30765290348, 0.0014944957914, 0.023685706246],
      [0.0033211605413, 0.059092484487, 8.3172835465e-05, 0.64947738427, 0.28570687294, 0.0022662024393, 5.27224951e-05],
      [0.01302521818, 0.022340908305, 0.018703340196, 0.0053416449192, 0.91224054808, 0.027083749501, 0.0012645908146],
      [0.019509035779, 0.010737687927, 0.095424647959, 0.0053870213768, 0.078372122626, 0.79054259988, 2.6884447671e-05],
      [0.070766664372, 0.012174577044, 0.1141572723, 0.062739703998, 0.46421889038, 0.27588948651, 5.340540294e-05]
    ],
    [
      [0.04067447419, 0.69067508243, 0.0028052817107, 0.016070546654, 0.22229667411, 0.001563937936, 0.025914002977],
      [0.010018041748, 0.063115476814, 0.0001630272715, 0.71855138801, 0.20573085891, 0.0023644030621, 5.6804190256e-05],
      [0.049664464409, 0.030174463703, 0.04628815923, 0.0073675263128, 0.82912520667, 0.035655581294, 0.0017245983839],
      [0.051553030276, 0.010056772225, 0.16384995798, 0.0051586310081, 0.049449422227, 0.71990679153, 2.5394756964e-05],
      [0.18802500365, 0.011390156418, 0.19624813442, 0.060086256969, 0.29241127786, 0.25178877638, 5.0394305708e-05]
    ],
    [
      [0.015493049002, 0.78333625414, 0.00095908069776, 0.01348864519, 0.18441247307, 0.0012325068983, 0.0010779910019],
      [0.0043067270337, 0.075235155707, 6.2904883015e-05, 0.7265237635, 0.19176580506, 0.0021023613162, 3.2824989893e-06],
      [0.02388687437, 0.040312269137, 0.019967487669, 0.007803498308, 0.87247183738, 0.035447685335, 0.00011034779834],
      [0.027882672267, 0.014979936009, 0.079776632846, 0.0061395924231, 0.057793392881, 0.81342593638, 1.8371901836e-06],
      [0.11165416288, 0.018649319684, 0.10446541378, 0.078988886558, 0.37654912227, 0.30968908427, 4.0105544984e-06]
    ],
    [
      [0.0056505251963, 0.82957945387, 0.00077215324722, 0.0076817115506, 0.15479628915, 0.00087046065831, 0.00064940632612],
      [0.0024499586978, 0.12327787085, 7.8784125561e-05, 0.6202479126, 0.25163280499, 0.0023093390446, 3.3296952543e-06],
      [0.01049635163, 0.050615631774, 0.01936817817, 0.0053376854832, 0.88394123832, 0.030154980373, 8.5934245088e-05],
      [0.014199891809, 0.02176988082, 0.089693407046, 0.0048491605565, 0.067761004351, 0.80172499326, 1.6621589307e-06],
      [0.055900880195, 0.026840666781, 0.11627219351, 0.061507765393, 0.43753444445, 0.30194045614, 3.5935256481e-06]
    ],
    [
      [0.010458900093, 0.70758791118, 0.00087347083523, 0.02079708753, 0.22746567777, 0.0013988602803, 0.031418092309],
      [0.0021124282504, 0.052123802777, 4.1585197709e-05, 0.77165373022, 0.17228168446, 0.0017321912066, 5.457788682e-05],
      [0.013407102971, 0.031914898194, 0.015126534211, 0.0099866740069, 0.8939396435, 0.03349764607, 0.0021275010476],
      [0.017028595707, 0.012955886528, 0.065519269203, 0.0085214522649, 0.064733389895, 0.83120333376, 3.8072641616e-05],
      [0.066543811459, 0.015840309839, 0.084268309631, 0.10760395229, 0.41376978049, 0.31189225485, 8.1581446115e-05]
    ],
    [
      [0.025439861487, 0.63399880403, 0.0014169623463, 0.024948967759, 0.3079185905, 0.0011715917923, 0.0051052220834],
      [0.0043195011922, 0.041033586074, 5.6758687138e-05, 0.75673139529, 0.19662918851, 0.0012212323345, 8.3379131063e-06],
      [0.024466693871, 0.022413079903, 0.01841560392, 0.009002779412, 0.90436037187, 0.021053957207, 0.00028751382119],
      [0.043481721676, 0.012796121497, 0.11152580947, 0.010767597498, 0.092434453731, 0.72898700414, 7.2919889761e-06],
      [0.12829603802, 0.011770207576, 0.10811346755, 0.10197463456, 0.4436946948, 0.20613921135, 1.1746150116e-05]
    ],
    [
      [0.020943613192, 0.71856444808, 0.0017256109475, 0.029606029399, 0.2120209762, 0.0012111734449, 0.015928148732],
      [0.0032740559173, 0.042569726075, 6.3637426687e-05, 0.82830212067, 0.12460505056, 0.001162305514, 2.3103837823e-05],
      [0.027833189244, 0.034909975636, 0.031003544942, 0.014750974726, 0.86022503934, 0.030078174913, 0.0011991011972],
      [0.035213674824, 0.014178169929, 0.13373331702, 0.0125609917, 0.062620657404, 0.74167160641, 2.1582710143e-05],
      [0.11855807845, 0.014885928048, 0.1481613023, 0.13593458645, 0.34284391512, 0.23957651536, 3.9674273552e-05]
    ],
    [
      [0.029252471315, 0.6700974, 0.0023306322385, 0.024297670819, 0.26942969687, 0.0013256766185, 0.0032664521345],
      [0.0051278596587, 0.043761141995, 9.6427314997e-05, 0.77203079709, 0.17755088473, 0.0014272445316, 5.6446805496e-06],
      [0.031040494411, 0.025487048743, 0.033446837525, 0.0096544232859, 0.87388408203, 0.026279613094, 0.00020750090821],
      [0.042882898887, 0.011288900039, 0.15793382629, 0.0089710246765, 0.06920473296, 0.7097145266, 4.0905496074e-06],
      [0.13964181115, 0.011435103587, 0.16871196946, 0.093658750406, 0.36598925574, 0.22055585188, 7.2577784157e-06]
    ],
    [
      [0.026132600026, 0.63867692127, 0.0027637008168, 0.019144820423, 0.23970978938, 0.0021153585741, 0.071456809515],
      [0.005564309148, 0.048867364214, 0.00013877180728, 0.75100434666, 0.19154711799, 0.0027620479543, 0.00011604222294],
      [0.030024194881, 0.025417055271, 0.042914858118, 0.0082509374627, 0.84414761886, 0.045375169248, 0.0038701661603],
      [0.026753822347, 0.0072613690899, 0.13048995749, 0.004952233776, 0.042957053785, 0.78753719665, 4.8366861371e-05],
      [0.11468323646, 0.0096799987672, 0.1839577037, 0.068022895964, 0.29946531134, 0.32407779521, 0.00011305855781]
    ],
    [
      [0.023544853935, 0.60246968088, 0.0020235126641, 0.038428917319, 0.32696650237, 0.0050632226966, 0.0015033101368],
      [0.0027039930712, 0.025003713441, 5.4812179801e-05, 0.82803955577, 0.14062916121, 0.0035669001297, 1.8641903145e-06],
      [0.019906833559, 0.017822150051, 0.023122246729, 0.01217914227, 0.84688818206, 0.079998390889, 8.3054440734e-05],
      [0.011544928425, 0.0033175057425, 0.045696366667, 0.0047582037033, 0.028045359137, 0.90663694382, 6.9250459039e-07],
      [0.065608485279, 0.0058807730634, 0.085611444344, 0.087198713849, 0.25978460619, 0.49591382614, 2.151131984e-06]
    ],
    [
      [0.012812788037, 0.70962826124, 0.0013439578834, 0.011590545726, 0.2239329578, 0.0021460906151, 0.038545398696],
      [0.0039385260927, 0.07906693558, 9.7375462668e-05, 0.65435659622, 0.25839713691, 0.004044063624, 9.936610725e-05],
      [0.016248438421, 0.031370082725, 0.023033813979, 0.0055106421897, 0.87047665973, 0.050843138751, 0.002517224208],
      [0.014103799216, 0.0087055536975, 0.068217817981, 0.0032175018351, 0.043076597786, 0.86264798824, 3.0741247908e-05],
      [0.069523128905, 0.013398855534, 0.11079701421, 0.050852492266, 0.34666052565, 0.40868504958, 8.2933853417e-05]
    ],
    [
      [0.01320663792, 0.62436634095, 0.0023345929114, 0.032499240976, 0.29346444066, 0.0027304768749, 0.031398269709],
      [0.0018410882188, 0.032782384578, 7.6676236118e-05, 0.80926641511, 0.15366139566, 0.0023331878007, 3.885239443e-05],
      [0.012840208643, 0.022071743548, 0.030672629139, 0.011852918403, 0.87129567379, 0.049604509766, 0.0016623167071],
      [0.011193133953, 0.0061902960353, 0.090985597464, 0.0069600912616, 0.043722363657, 0.84092793043, 2.0587202391e-05],
      [0.051267797497, 0.0088693606386, 0.1378587016, 0.10271484265, 0.32688481734, 0.37235281413, 5.1666136994e-05]
    ],
    [
      [0.027431351874, 0.65083972431, 0.0015950128895, 0.061018705211, 0.22976648043, 0.0020501276622, 0.02729859762],
      [0.0022543952666, 0.020059892391, 3.0905394695e-05, 0.90568658198, 0.070914833774, 0.0010333737591, 2.0017432035e-05],
      [0.032778398615, 0.028210208074, 0.025734202296, 0.027335731147, 0.83841352085, 0.045741602875, 0.0017863361407],
      [0.030228023735, 0.0083679497324, 0.08072598119, 0.016980018765, 0.044507441496, 0.81916718675, 2.3398334375e-05],
      [0.11385486535, 0.009825812893, 0.10011666575, 0.20624478275, 0.27262628216, 0.2972834698, 4.8121301918e-05]
    ],
    [
      [0.008146535015, 0.72693203071, 0.001056276458, 0.017383809667, 0.24116347211, 0.00081018868009, 0.0045076873614],
      [0.0018809124245, 0.063538049782, 5.7476719493e-05, 0.72394866836, 0.20941742858, 0.0011474184515, 1.0045679859e-05],
      [0.010082358296, 0.032775101376, 0.017678708498, 0.0080572688228, 0.91234025348, 0.018738543341, 0.00032776618785],
      [0.019882410343, 0.020695710614, 0.11937634871, 0.010658993795, 0.10314654724, 0.72623079384, 9.1954600082e-06],
      [0.058831796434, 0.019176516367, 0.11617627327, 0.10187034502, 0.49880359926, 0.20512655097, 1.4918678518e-05]
    ],
    [
      [0.017814387522, 0.58739967728, 0.00067393680654, 0.015786378803, 0.37316477355, 0.0010499951471, 0.0041108509005],
      [0.0039522610705, 0.049231412992, 3.528100043e-05, 0.63382158931, 0.311519971, 0.0014305828181, 8.9018097447e-06],
      [0.014651760539, 0.017532268542, 0.0074862980239, 0.0048645165041, 0.93912741565, 0.016137272334, 0.00020046840297],
      [0.034843703884, 0.013349870296, 0.060812274707, 0.0077608223566, 0.12768770624, 0.75553883619, 6.786323291e-06],
      [0.095865933198, 0.011451649767, 0.054656849394, 0.068523347143, 0.57240071189, 0.19709130983, 1.0198778627e-05]
    ],
    [
      [0.0080135646489, 0.61060773789, 0.0015688429159, 0.019073709024, 0.35547727254, 0.00094041232343, 0.0043184606519],
      [0.0015957398985, 0.045814493522, 7.3630005133e-05, 0.68555284045, 0.26580623718, 0.0011487487116, 8.3102357433e-06],
      [0.0068812764075, 0.019044621259, 0.018232389836, 0.0061409791396, 0.93438306252, 0.015099425259, 0.00021824557877],
      [0.016037115312, 0.01420851284, 0.14542991089, 0.0096070629489, 0.12452933527, 0.69018082542, 7.2373146882e-06],
      [0.043365022383, 0.012059624927, 0.12972743525, 0.083987306834, 0.55222613915, 0.17862371164, 1.0759809277e-05]
    ],
    [
      [0.024787627624, 0.57443382019, 0.0045619754778, 0.023541101556, 0.36864891443, 0.0014494377497, 0.002577122975],
      [0.0041646533515, 0.035729969425, 0.00018094224552, 0.725643797, 0.23277974108, 0.001496486498, 4.4103936709e-06],
      [0.019498650055, 0.016054103546, 0.048644870582, 0.0069257602949, 0.88743693314, 0.021314659313, 0.00012502306411],
      [0.029253310516, 0.0077131778428, 0.25090177018, 0.0069781909562, 0.076021722511, 0.62912914829, 2.6797018822e-06],
      [0.091440913354, 0.0075078762856, 0.2576028227, 0.069981078306, 0.3867517852, 0.18671095348, 4.5706705649e-06]
    ],
    [
      [0.0074292262648, 0.59171828852, 0.00072748740029, 0.017329978269, 0.32952892826, 0.00086446132935, 0.052401629953],
      [0.0015947650417, 0.046204130457, 3.6797650227e-05, 0.68597421262, 0.26496046294, 0.0011379358777, 9.1695417237e-05],
      [0.0069128971734, 0.019285113481, 0.0091475124043, 0.0060365694543, 0.94113546645, 0.015029637565, 0.0024528034765],
      [0.01736216051, 0.015448493329, 0.078584751686, 0.010167361123, 0.1341638838, 0.74418707291, 8.6276643888e-05],
      [0.046612050129, 0.013025706862, 0.069344948572, 0.088469597229, 0.59227482248, 0.19014530367, 0.00012757106085]
    ],
    [
      [0.01810117682, 0.70346513359, 0.00032437520922, 0.017209532472, 0.25577668935, 0.00078192669638, 0.004341165862],
      [0.0041904562628, 0.061667262402, 1.7710252814e-05, 0.71027187813, 0.22273216278, 0.0011108067253, 9.7234503149e-06],
      [0.021269412791, 0.030150248816, 0.0051412968275, 0.0075829285525, 0.91839894373, 0.017156758204, 0.00030041108354],
      [0.048220415959, 0.021928834185, 0.039630270855, 0.011558537687, 0.11957312547, 0.75907910861, 9.7072298539e-06],
      [0.12952277682, 0.018363368567, 0.034855237306, 0.099663834872, 0.52273562932, 0.19484491621, 1.4236910954e-05]
    ],
    [
      [0.026791868814, 0.63734159312, 0.00065252699158, 0.029170766583, 0.28430057072, 0.001830971966, 0.01991170181],
      [0.0040237935259, 0.036130500108, 2.3152440708e-05, 0.79743704597, 0.16066780464, 0.0016903683622, 2.7334956571e-05],
      [0.027479717738, 0.02371672931, 0.0090425185741, 0.011198235083, 0.89230505686, 0.035120257509, 0.0011374849295],
      [0.033718803591, 0.0092994831609, 0.037858460522, 0.0092053347724, 0.062503970425, 0.84739420301, 1.9744515114e-05],
      [0.12936386595, 0.011108754953, 0.047392432815, 0.11347363698, 0.3897317135, 0.30888828894, 4.1306855509e-05]
    ],
    [
      [0.0092454053906, 0.74297504844, 0.00081964178709, 0.011619308182, 0.18800660803, 0.0011795086052, 0.046154479567],
      [0.0029665390227, 0.086174397273, 6.1927820921e-05, 0.68206253735, 0.22629497818, 0.0023178163093, 0.00012180404089],
      [0.014213885799, 0.039822423215, 0.017003931546, 0.0067084645593, 0.88481019513, 0.033831010927, 0.0036100888244],
      [0.017783651981, 0.015962350834, 0.072464560566, 0.0056564058664, 0.063367573726, 0.82470199434, 6.3462682201e-05],
      [0.071787049495, 0.02012426536, 0.096385217599, 0.073442703358, 0.41772639565, 0.32039405159, 0.00014031694233]
    ],
    [
      [0.024953984597, 0.68890086291, 0.0016696009315, 0.028734870321, 0.23771237638, 0.0012234489231, 0.016804855933],
      [0.0039395428868, 0.041218826925, 6.2187559109e-05, 0.81247899673, 0.14109022642, 0.0011856786359, 2.4540839303e-05],
      [0.029943807063, 0.030221663584, 0.027079425933, 0.012930666535, 0.87125473434, 0.027431053225, 0.0011386493208],
      [0.041320150193, 0.013386028941, 0.12736782923, 0.012005642096, 0.069105879916, 0.7367921246, 2.2345020752e-05],
      [0.13371581009, 0.013502448797, 0.13548377291, 0.1248094797, 0.36366229057, 0.22878672773, 3.9470204467e-05]
    ],
    [
      [0.034752274585, 0.67200376143, 0.0016744651597, 0.025603441968, 0.24406206008, 0.0016473472359, 0.020256649539],
      [0.0059375521084, 0.043102984813, 6.7521932388e-05, 0.79248290042, 0.15664890709, 0.0017285304976, 3.1603142431e-05],
      [0.040017163726, 0.028049357725, 0.026055477985, 0.011061282795, 0.85807438951, 0.035439752155, 0.0013025761001],
      [0.045192803901, 0.01017160439, 0.10025417067, 0.0084219462769, 0.055727555075, 0.78021100714, 2.091255236e-05],
      [0.16525910826, 0.011568314328, 0.12039652196, 0.098704475328, 0.33068618718, 0.27334373702, 4.1655921913e-05]
    ],
    [
      [0.01690039331, 0.7465109461, 0.00068319498874, 0.016875879031, 0.21553623173, 0.0011626667827, 0.0023306880554],
      [0.0040529732321, 0.065681339141, 3.8626736764e-05, 0.73438715374, 0.19412431444, 0.0017099431346, 5.6495743757e-06],
      [0.022837735563, 0.035667394416, 0.012459315274, 0.0085495064278, 0.89096606152, 0.029326473859, 0.00019351294107],
      [0.032371740734, 0.016205911764, 0.060127237784, 0.0081597942805, 0.072376529131, 0.81075486911, 3.9171954139e-06],
      [0.11606505415, 0.018107062809, 0.070771689222, 0.093974518792, 0.42249013491, 0.27858387116, 7.6689507672e-06]
    ],
    [
      [0.011707334821, 0.8271614775, 0.0011245713459, 0.010578516633, 0.14770997328, 0.00065159416656, 0.0010665322569],
      [0.0042115936109, 0.10679278848, 9.5297455366e-05, 0.68775551083, 0.1997043803, 0.0014361952915, 4.2340342888e-06],
      [0.022357218974, 0.054426480498, 0.02899353256, 0.0075599306636, 0.86332378566, 0.023202982483, 0.00013606916134],
      [0.034618758646, 0.02696686526, 0.15330101381, 0.0078751999992, 0.076540185955, 0.70069495923, 3.0171011793e-06],
      [0.11154283534, 0.027070242986, 0.16229218447, 0.081433023233, 0.40151873646, 0.21613766989, 5.3076236899e-06]
    ],
    [
      [0.015517170803, 0.76581110791, 0.0041883822384, 0.020990691647, 0.18989705125, 0.0012297829021, 0.0023658132459],
      [0.00316111631, 0.056425403673, 0.00020122952583, 0.7936632097, 0.14500724728, 0.001536993808, 4.799699809e-06],
      [0.021822445741, 0.037638645223, 0.079716876717, 0.011067883895, 0.81725443996, 0.032298036921, 0.00020167154238],
      [0.022018094394, 0.01215187449, 0.27539210594, 0.007523614798, 0.047172607938, 0.63573880153, 2.9009074854e-06],
      [0.079018705728, 0.013597723094, 0.32576415479, 0.08697161406, 0.27568313361, 0.21895898183, 5.6868892348e-06]
    ],
    [
      [0.045916088778, 0.68205624521, 0.0043404068185, 0.022765566948, 0.24157906095, 0.0028618082383, 0.00048082305928],
      [0.0084106516694, 0.044309435493, 0.00018761213045, 0.77758720911, 0.16628689538, 0.0032169997849, 1.1964337918e-06],
      [0.049402273908, 0.024987095168, 0.06312508698, 0.0091602995644, 0.79583427859, 0.057449039565, 4.1926221596e-05],
      [0.034100383381, 0.0055297863921, 0.14909960209, 0.0042561918059, 0.031372000466, 0.77564161521, 4.2065853346e-07],
      [0.15286995144, 0.0076747481617, 0.21908463563, 0.060903054397, 0.22752852163, 0.33193806548, 1.0232545957e-06]
    ],
    [
      [0.012750554112, 0.71119893628, 0.00091030840568, 0.015626668697, 0.20273797102, 0.0018436912946, 0.054931870189],
      [0.003314096802, 0.069780523224, 5.5784319894e-05, 0.72579058674, 0.19799208309, 0.0029396386175, 0.00012728720133],
      [0.017872244502, 0.036320005495, 0.017239705642, 0.0082212576048, 0.86783629092, 0.048306064737, 0.0042044310959],
      [0.016470232529, 0.010743291328, 0.054031959871, 0.0051048732317, 0.046009755122, 0.86758492084, 5.4967075458e-05],
      [0.077457994019, 0.015782468947, 0.083829018813, 0.077092125769, 0.3525875327, 0.39310945799, 0.00014140175559]
    ],
    [
      [0.01446942589, 0.7307312869, 0.00054150545404, 0.030088357783, 0.2189255044, 0.0012086383648, 0.0040352812082],
      [0.0022302440602, 0.042547248003, 1.9673852868e-05, 0.82721814047, 0.12683623261, 0.0011424289122, 6.0320919237e-06],
      [0.019261564647, 0.035460197854, 0.0097289169807, 0.015017595226, 0.89016574831, 0.030048552491, 0.00031742449054],
      [0.027141219601, 0.01604957151, 0.046597064489, 0.014238327314, 0.072160298027, 0.82380713523, 6.3838282592e-06],
      [0.093520626026, 0.017274473115, 0.052829340613, 0.15805604073, 0.40520939962, 0.27309808827, 1.2031627461e-05]
    ],
    [
      [0.019806978509, 0.72404695216, 0.0013450243471, 0.024003046445, 0.21026851533, 0.0019134242005, 0.018616059008],
      [0.0036434436696, 0.049909794239, 5.838227888e-05, 0.79883996766, 0.1453562578, 0.0021608864923, 3.1267859325e-05],
      [0.026318708063, 0.03473793261, 0.024162867984, 0.011947710069, 0.8539250697, 0.047528603182, 0.001379108393],
      [0.023799141082, 0.010062710152, 0.074508630866, 0.0072650526341, 0.044280539936, 0.84006623712, 1.7688212075e-05],
      [0.10467511023, 0.013799347451, 0.10776240242, 0.10267269053, 0.31677252263, 0.35427545103, 4.2475693673e-05]
    ],
    [
      [0.021955217394, 0.62554461471, 0.0015790802632, 0.023734635668, 0.31925221284, 0.001921112507, 0.0060131266169],
      [0.0038610223508, 0.042312223413, 6.550107285e-05, 0.74046477667, 0.2112126333, 0.0020737219592, 1.0121241443e-05],
      [0.02021390043, 0.021371460355, 0.019653783263, 0.0082045491125, 0.89716089214, 0.033072770611, 0.00032264408912],
      [0.025406893959, 0.0086346928325, 0.084098842214, 0.0069413910049, 0.064945948554, 0.80996644205, 5.7893875597e-06],
      [0.09707091216, 0.010298480924, 0.10586579187, 0.085113553399, 0.40402502082, 0.29761415119, 1.2089631215e-05]
    ],
    [
      [0.020884737036, 0.70876781244, 0.00077199480724, 0.022971101999, 0.24073789006, 0.0010886396378, 0.0047778240164],
      [0.0039375753852, 0.050719041499, 3.4314092585e-05, 0.77350421102, 0.1705371406, 0.0012590333855, 8.6840181562e-06],
      [0.02543429638, 0.031687096373, 0.01269038998, 0.010511273433, 0.89457648321, 0.024758160212, 0.00034230041327],
      [0.041157370936, 0.016499340544, 0.069773397751, 0.011475791864, 0.083501728142, 0.7775844533, 7.917458017e-06],
      [0.12987260794, 0.016236480064, 0.072484527188, 0.11632455764, 0.42873042631, 0.23633775571, 1.3645147053e-05]
    ],
    [
      [0.025925748761, 0.56924526835, 0.0021581769488, 0.039212210357, 0.27004196793, 0.002003955756, 0.091412671901],
      [0.0030073518197, 0.023947594097, 5.911046057e-05, 0.85396217511, 0.11751617692, 0.0014282852628, 7.9306326431e-05],
      [0.027062139354, 0.020705327608, 0.030476460946, 0.01527157197, 0.86298097943, 0.039080748963, 0.0044227717259],
      [0.027948542988, 0.0068351334015, 0.10791514626, 0.010581080928, 0.050742935891, 0.79591344696, 6.3713567011e-05],
      [0.10852933432, 0.0082549951446, 0.1371793686, 0.13250600547, 0.32014311388, 0.2932523139, 0.00013486868939]
    ],
    [
      [0.014409226976, 0.78397451064, 0.00034646686804, 0.014169091642, 0.17030922918, 0.00065452287729, 0.01613695181],
      [0.0040777316829, 0.082545201872, 2.3143713319e-05, 0.73116676041, 0.18100796297, 0.0011374728673, 4.172648128e-05],
      [0.024550129609, 0.047931686854, 0.0079679152688, 0.0090496769871, 0.8881369459, 0.02082821566, 0.0015354297258],
      [0.046209447829, 0.028814526617, 0.051111398202, 0.011450423434, 0.095558328221, 0.76681500659, 4.086911062e-05],
      [0.13701376893, 0.026623827922, 0.049515680682, 0.10912967291, 0.461044927, 0.21660597877, 6.6143786445e-05]
    ],
    [
      [0.01504904254, 0.78670939549, 0.00095167465511, 0.010751449993, 0.17110435275, 0.00084113423001, 0.014592950342],
      [0.0052513477709, 0.10397354405, 7.8313869025e-05, 0.66407888794, 0.22476960083, 0.0018010069647, 4.7298569756e-05],
      [0.025091326494, 0.047784361047, 0.02144342855, 0.0067184206042, 0.8713826838, 0.02620243392, 0.0013773455854],
      [0.036935617332, 0.022546264806, 0.10762840662, 0.0066463476163, 0.073702305881, 0.75251225951, 2.8798234766e-05],
      [0.12623558248, 0.024020685802, 0.12088636865, 0.072753863685, 0.40967971443, 0.24637005929, 5.3725676655e-05]
    ],
    [
      [0.010252727289, 0.85623089484, 0.00024245085162, 0.010507413393, 0.11959866486, 0.00070792478831, 0.0024599239804],
      [0.0038190113589, 0.11695265987, 2.1294947733e-05, 0.71004797495, 0.16753254997, 0.0016174965342, 9.0123723133e-06],
      [0.024020748574, 0.070621113532, 0.0076593627237, 0.0092008638059, 0.85720189118, 0.030951542203, 0.00034447798228],
      [0.032662374482, 0.030651286848, 0.035489142042, 0.0083967060694, 0.066648354809, 0.82614548598, 6.6497703496e-06],
      [0.12196946064, 0.035654658725, 0.043301457313, 0.1007259588, 0.40467573605, 0.29365918248, 1.3546003403e-05]
    ],
    [
      [0.0074858653995, 0.43652943277, 0.0016943821081, 0.015139914589, 0.18921618132, 0.0027212659616, 0.34721295784],
      [0.0020578189079, 0.045150731264, 0.00010978942143, 0.7520671915, 0.1952541625, 0.004587523794, 0.00077278261007],
      [0.010716076271, 0.022691620992, 0.032818045599, 0.0081292041665, 0.82796449663, 0.07287647669, 0.024804079653],
      [0.006674332589, 0.0045322049145, 0.06967130208, 0.0034067308544, 0.029573371007, 0.88592456497, 0.00021749358666],
      [0.037862977185, 0.0080538916053, 0.13093203004, 0.062253877838, 0.27424820802, 0.48597206439, 0.00067695092492]
    ],
    [
      [0.015308258372, 0.70212947575, 0.0015513331486, 0.013025856421, 0.26016754956, 0.0029781087781, 0.0048394179623],
      [0.0042144211551, 0.07299169824, 0.00010074087428, 0.64845414889, 0.26919433495, 0.0050319002042, 1.2755681649e-05],
      [0.016679943572, 0.027838327849, 0.022861748097, 0.0053258157365, 0.86628826728, 0.060698714926, 0.00030718254122],
      [0.012417380945, 0.0066441431523, 0.058019304994, 0.0026691991915, 0.03699624707, 0.88325046763, 3.2570172438e-06],
      [0.066219294877, 0.011066050886, 0.10207220646, 0.045602288834, 0.32159767529, 0.45343298394, 9.4997096345e-06]
    ],
    [
      [0.0094691723795, 0.82003868437, 0.0026540656704, 0.019508085108, 0.14191860379, 0.0022821974108, 0.0041291912617],
      [0.0021587136009, 0.069829443486, 0.00014266287632, 0.80315919738, 0.12150930343, 0.003191698457, 8.9807655446e-06],
      [0.016949469268, 0.052875188397, 0.064311397862, 0.01308163939, 0.77594971009, 0.076403124989, 0.00042947000064],
      [0.0094205379004, 0.0094148748844, 0.12202714907, 0.0048936104629, 0.024774260535, 0.82946616956, 3.39758807e-06],
      [0.049856186793, 0.015582016439, 0.21380472744, 0.083410946954, 0.21371319205, 0.42362308714, 9.8431861249e-06]
    ],
    [
      [0.0092379273164, 0.79734356452, 0.00092751704639, 0.0098586380925, 0.17946921167, 0.0013124290399, 0.0018507123114],
      [0.0033330774475, 0.10385749267, 7.8818176917e-05, 0.64666596907, 0.24315765046, 0.0029001835464, 6.8086281458e-06],
      [0.014713202565, 0.0441543226, 0.019944914362, 0.005895484727, 0.87609391542, 0.039015754289, 0.0001824060345],
      [0.016167332163, 0.015538533521, 0.074632023468, 0.0043636206279, 0.055055729199, 0.83423989874, 2.8622813442e-06],
      [0.070299730421, 0.021107706636, 0.10700625804, 0.060937282587, 0.39103654175, 0.34960566669, 6.8138822826e-06]
    ],
    [
      [0.017814439514, 0.74427895061, 0.00071142942316, 0.0086049007091, 0.22447756052, 0.0016683549389, 0.0024443642852],
      [0.0065917041602, 0.1014490836, 6.2039318871e-05, 0.57593874125, 0.31216523777, 0.0037840721326, 9.1217628643e-06],
      [0.022989452358, 0.0340674491, 0.012388211278, 0.0041734725407, 0.886001345, 0.040186784685, 0.00019328504066],
      [0.025217290132, 0.011993388662, 0.046215132932, 0.0030874508807, 0.055749333908, 0.85773437315, 3.0303320857e-06],
      [0.11095220086, 0.016439520867, 0.066864183981, 0.043395448859, 0.3993623235, 0.36297904224, 7.2796988982e-06]
    ],
    [
      [0.0079636179852, 0.81122703107, 0.0007711551127, 0.010858787799, 0.14345075466, 0.0012452028455, 0.024483450532],
      [0.0028504686613, 0.10630938237, 6.5005057745e-05, 0.69509021137, 0.19287785002, 0.002730074272, 7.7008245631e-05],
      [0.01548484602, 0.055687118624, 0.020241882862, 0.0079265557007, 0.85289002977, 0.045200634241, 0.0025689327807],
      [0.014959914861, 0.017258873836, 0.066484998266, 0.0051630883404, 0.047371056021, 0.84872693588, 3.5132796966e-05],
      [0.068577170522, 0.024722404427, 0.1006541007, 0.076051106551, 0.35421369375, 0.37569336531, 8.8158735094e-05]
    ],
    [
      [0.018153727424, 0.72572654681, 0.001393617569, 0.025903061656, 0.224243729, 0.0021559431196, 0.0024233744145],
      [0.0030793342584, 0.045027424668, 5.5740599938e-05, 0.80680644067, 0.14278433486, 0.0022426199553, 4.1049843207e-06],
      [0.022700033097, 0.032012750677, 0.023542344508, 0.012133751428, 0.85907614866, 0.050351224327, 0.00018374730735],
      [0.019714799813, 0.0089066806377, 0.069676863941, 0.0070858049681, 0.042636493806, 0.85197707953, 2.2773047359e-06],
      [0.089751130882, 0.012648129696, 0.10437999281, 0.10392675867, 0.31630564249, 0.37298267977, 5.6656793e-06]
    ],
    [
      [0.018585149101, 0.68735661709, 0.0010967410093, 0.025876441023, 0.26054669907, 0.0022838927912, 0.0042544599163],
      [0.0030956007612, 0.042924451845, 4.3099831888e-05, 0.78866085435, 0.16293427985, 0.00233490218, 6.8111846641e-06],
      [0.020470034308, 0.027401726729, 0.016323761879, 0.010686156146, 0.87782348281, 0.047020564918, 0.00027427321205],
      [0.019321196944, 0.0082875535585, 0.052491128075, 0.0067840159578, 0.047439565395, 0.86567285447, 3.6856026647e-06],
      [0.087208487172, 0.011677507143, 0.077931954858, 0.098612931576, 0.34898804573, 0.37557197752, 9.0959981816e-06]
    ],
    [
      [0.020545417428, 0.72883951084, 0.00035769001808, 0.023699644606, 0.22171850415, 0.0013712043178, 0.0034680286426],
      [0.0037328074976, 0.04905080725, 1.5344176405e-05, 0.79436194844, 0.15130282001, 0.0015301649064, 6.1077147299e-06],
      [0.026854158988, 0.033996966389, 0.0063081462038, 0.011595442079, 0.88749894641, 0.033479105342, 0.00026723458904],
      [0.03470937718, 0.014037484734, 0.027767601083, 0.01006101011, 0.065446844395, 0.84797277776, 4.9047354685e-06],
      [0.1296288921, 0.01632580006, 0.033842640128, 0.12099515531, 0.39756013257, 0.30163738738, 9.9924550355e-06]
    ],
    [
      [0.018938968139, 0.61640219927, 0.0012803129164, 0.019645408484, 0.3371392806, 0.0029102691306, 0.0036835614632],
      [0.0037239125215, 0.045582608295, 5.9347400355e-05, 0.69799234035, 0.24912493528, 0.0035097137967, 7.1423478652e-06],
      [0.016456580928, 0.019413996539, 0.015026635067, 0.0064042544596, 0.89525462174, 0.047251951711, 0.00019195955627],
      [0.015663049932, 0.005938291598, 0.048680825971, 0.0041039803737, 0.048918517716, 0.87669272289, 2.6115138711e-06],
      [0.074257390254, 0.0087888275583, 0.076053014765, 0.062464406327, 0.37814458434, 0.40028500466, 6.7721045138e-06]
    ],
    [
      [0.018524481247, 0.62239135087, 0.0016515710432, 0.022360049058, 0.3015476062, 0.0018514734842, 0.031673468097],
      [0.0033746239718, 0.042284222782, 7.0957593116e-05, 0.74585096081, 0.20629870399, 0.0020696944383, 5.0836420066e-05],
      [0.017982784326, 0.021713223755, 0.021668737657, 0.0081351708291, 0.89525913681, 0.033580257807, 0.0016606888189],
      [0.022149595881, 0.0085750160355, 0.091104712598, 0.0067389555176, 0.063122357515, 0.80828042189, 2.8940564586e-05],
      [0.086220505865, 0.010415201019, 0.11662380428, 0.084390627427, 0.40057824166, 0.30171001615, 6.1603593652e-05]
    ],
    [
      [0.016692809092, 0.64049647209, 0.0016719497658, 0.035453567997, 0.30028985339, 0.0019183801036, 0.003476967568],
      [0.0021020649731, 0.029901162923, 4.9683476628e-05, 0.8246608493, 0.14179866199, 0.0014833085568, 4.2687844503e-06],
      [0.016196958382, 0.02225680216, 0.021943125762, 0.012885032046, 0.89171540443, 0.034802406253, 0.00020027097018],
      [0.019291631802, 0.0084879083378, 0.089265169812, 0.010320182134, 0.060715114501, 0.81191659545, 3.3979639383e-06],
      [0.073760478892, 0.010142442959, 0.11231068442, 0.12752910509, 0.37886518502, 0.29738499142, 7.1121978765e-06]
    ],
    [
      [0.024940441148, 0.63851539459, 0.0030357354703, 0.039481344176, 0.2895754833, 0.0018792953025, 0.0025723060173],
      [0.0029207417649, 0.027628016154, 8.3855404262e-05, 0.84072850367, 0.12728531783, 0.0013505262697, 3.0389028511e-06],
      [0.024349758481, 0.022236905308, 0.040076649254, 0.014441819602, 0.86446418281, 0.03427678769, 0.00015389686028],
      [0.027187046941, 0.0079721776755, 0.15269053764, 0.010855810463, 0.055357434797, 0.74593453269, 2.4597940886e-06],
      [0.098274014746, 0.008984369919, 0.18175107943, 0.12636191228, 0.3257390265, 0.25888474111, 4.8560137929e-06]
    ],
    [
      [0.015748252362, 0.7815174073, 0.00037611017734, 0.021585384365, 0.17687901031, 0.00086298517109, 0.003030850324],
      [0.0031941388292, 0.058567232629, 1.7995301276e-05, 0.80241759222, 0.13472283699, 0.0010741859283, 6.0180971196e-06],
      [0.025647490535, 0.045357250505, 0.0082623702534, 0.013165639452, 0.88104115277, 0.026231761278, 0.00029433520735],
      [0.040052723155, 0.022667475049, 0.043942927731, 0.013826470177, 0.078792340662, 0.80071152294, 6.5402895764e-06],
      [0.12892659742, 0.022731439758, 0.046270754332, 0.14345296107, 0.41254670724, 0.24606005175, 1.1488428345e-05]
    ],
    [
      [0.022621271624, 0.65341577516, 0.001239998929, 0.040411209734, 0.27632414327, 0.0014314477781, 0.0045561535015],
      [0.0026327387646, 0.028788840785, 3.4066940681e-05, 0.84658780198, 0.12092799336, 0.0010234525893, 5.1055862235e-06],
      [0.023813665545, 0.025082263002, 0.017651066182, 0.015932056975, 0.88906487442, 0.028175233514, 0.00028084036559],
      [0.033735161091, 0.011385604384, 0.085328973052, 0.015155739289, 0.072220397875, 0.78216845861, 5.6657000578e-06],
      [0.11016663557, 0.011599621534, 0.091423345715, 0.15934354177, 0.38375362121, 0.24370312883, 1.0105370468e-05]
    ],
    [
      [0.021103196112, 0.68366085558, 0.00060827402346, 0.029108652088, 0.22612405749, 0.0011968015998, 0.038198163109],
      [0.0033097965115, 0.040917145702, 2.2512702557e-05, 0.82118699952, 0.1333561561, 0.0011525947483, 5.4794714448e-05],
      [0.02703964799, 0.032259050151, 0.010525035203, 0.013988745514, 0.88479607437, 0.028655444717, 0.002736002054],
      [0.03903740621, 0.014941918367, 0.051728868782, 0.013583165998, 0.073428919562, 0.80722363126, 5.6089824997e-05],
      [0.12964519319, 0.01547266254, 0.056343035547, 0.14511932287, 0.39658150186, 0.25673658271, 0.00010170128616]
    ],
    [
      [0.017355495732, 0.76297438005, 0.00055875967727, 0.019423660882, 0.16814863899, 0.0009520756219, 0.030586989044],
      [0.003974942656, 0.067059826485, 3.0165575709e-05, 0.78258921137, 0.14494371164, 0.0013373432637, 6.4799010163e-05],
      [0.02927733131, 0.047643813534, 0.012723104125, 0.012296374934, 0.86514723082, 0.029996521629, 0.0029156236452],
      [0.040185639098, 0.021034095382, 0.059334288136, 0.011363696853, 0.068541853564, 0.79948342728, 5.69996825e-05],
      [0.13797819953, 0.022529505017, 0.067054954315, 0.12521556141, 0.38275636474, 0.26435852776, 0.00010688722773]
    ],
    [
      [0.010064062426, 0.82094721519, 0.00061417956821, 0.030048166393, 0.12376390584, 0.0013691580249, 0.013193312554],
      [0.0016342041032, 0.050448518763, 2.3520882715e-05, 0.87086616435, 0.075643347319, 0.0013643114981, 1.9933086677e-05],
      [0.021701500126, 0.064423807279, 0.017901436131, 0.024226384271, 0.81492913755, 0.055204940548, 0.0016127940925],
      [0.017354439648, 0.016482942804, 0.048842930049, 0.01298655317, 0.037401563395, 0.86691328291, 1.8288018757e-05],
      [0.077351628234, 0.022964788821, 0.071576063522, 0.18667661011, 0.27146371578, 0.36992260255, 4.4590980419e-05]
    ],
    [
      [0.0097010543178, 0.6721485157, 0.0010819961772, 0.041012439586, 0.21493114625, 0.0026501827394, 0.058474665228],
      [0.0011216126891, 0.028204611244, 2.9473945365e-05, 0.87554766377, 0.093164369107, 0.0018781820155, 5.4087230949e-05],
      [0.012543621084, 0.030368593155, 0.018905159987, 0.019790285654, 0.85061409624, 0.064036460774, 0.0037417831096],
      [0.0089023380947, 0.0068905608959, 0.045794725318, 0.009423809711, 0.034465740587, 0.89448561725, 3.720814515e-05],
      [0.044715707745, 0.010852422722, 0.075943775908, 0.15377944349, 0.28320746742, 0.43139856074, 0.00010262196976]
    ],
    [
      [0.0093969841864, 0.79512773895, 0.00096059845923, 0.013766923209, 0.098347076239, 0.0017384643518, 0.080662214603],
      [0.002928102512, 0.085664184263, 7.0488140309e-05, 0.79273658898, 0.11510635607, 0.0033165431992, 0.00017773683092],
      [0.023999154342, 0.067302195913, 0.033120908343, 0.013111098816, 0.77058260302, 0.082805741669, 0.0090782978979],
      [0.01307824548, 0.01168067888, 0.06163674849, 0.0047973840013, 0.023927464742, 0.88481106327, 6.8415137735e-05],
      [0.074178829318, 0.020658835408, 0.11513997387, 0.087596614197, 0.22079423065, 0.48141954499, 0.00021197156638]
    ],
    [
      [0.006108382957, 0.68001949816, 0.00061465025174, 0.017112781119, 0.12587740109, 0.0022125298011, 0.16805475662],
      [0.0015839987534, 0.064581228318, 3.7544635651e-05, 0.80748387491, 0.1224516181, 0.0035148263996, 0.00034690888292],
      [0.012732801349, 0.050157760245, 0.017302626194, 0.013372776451, 0.80303339377, 0.0861600776, 0.017240564395],
      [0.0069879981617, 0.0088137731604, 0.03229471292, 0.0049404821419, 0.025260848893, 0.92156936267, 0.00013282204935],
      [0.041886128985, 0.01654185702, 0.064015751712, 0.095645740403, 0.24734243459, 0.53413147735, 0.00043660994168]
    ],
    [
      [0.013083472906, 0.78064474169, 0.0012304209061, 0.018481005052, 0.18234147044, 0.0028502774631, 0.0013686115389],
