{
  "Z_true": {},
  "V_true": [
    [45, 692, 32, 733, 344, 70],
    [21, 25, 961, 57, 894, 96],
    [187, 160, 400, 146, 12597, 483],
    [110, 248, 61, 3218, 484, 159],
    [220, 247, 151, 831, 1033, 444],
    [842, 74, 20, 387, 634, 144],
    [46, 48, 88, 130, 701, 695]
  ],
  "p_true": [
    [0.0235, 0.3612, 0.0167, 0.3826, 0.1795, 0.0365],
    [0.0102, 0.0122, 0.4679, 0.0278, 0.4352, 0.0467],
    [0.0134, 0.0115, 0.0286, 0.0104, 0.9015, 0.0346],
    [0.0257, 0.0579, 0.0143, 0.7519, 0.1131, 0.0371],
    [0.0752, 0.0844, 0.0516, 0.284, 0.353, 0.1517],
    [0.4008, 0.0352, 0.0095, 0.1842, 0.3018, 0.0685],
    [0.0269, 0.0281, 0.0515, 0.0761, 0.4104, 0.4069]
  ],
  "Z_est": [
    [
      [0.4314, 1.2223, 0.8628, 5.3925, 3.2355, 2.0851, 3.6669, 2.6603, 8.628, 2.4446, 0, 5.3206, 5.9677, 0.9347, 0.6471, 0.0719, 0.2876, 0.1438, 4.9611, 3.0917, 4.8892, 6.5429, 1.5818, 0.8628, 4.6016, 2.5165, 2.3008, 5.9677, 3.0198, 4.4578, 1.2942, 7.9809, 0.5033, 0.4314, 4.1702, 6.3991, 1.7256, 3.0198, 0.719, 4.9611, 0.2157, 4.0983, 0.9347, 11.0726, 1.438],
      [1.1292, 3.1994, 2.2584, 14.115, 8.469, 5.4578, 9.5982, 6.9634, 22.584, 6.3988, 0, 13.9268, 15.6206, 2.4466, 1.6938, 0.1882, 0.7528, 0.3764, 12.9858, 8.0926, 12.7976, 17.1262, 4.1404, 2.2584, 12.0448, 6.587, 6.0224, 15.6206, 7.9044, 11.6684, 3.3876, 20.8902, 1.3174, 1.1292, 10.9156, 16.7498, 4.5168, 7.9044, 1.882, 12.9858, 0.5646, 10.7274, 2.4466, 28.9828, 3.764],
      [0.408, 1.156, 0.816, 5.1, 3.06, 1.972, 3.468, 2.516, 8.16, 2.312, 0, 5.032, 5.644, 0.884, 0.612, 0.068, 0.272, 0.136, 4.692, 2.924, 4.624, 6.188, 1.496, 0.816, 4.352, 2.38, 2.176, 5.644, 2.856, 4.216, 1.224, 7.548, 0.476, 0.408, 3.944, 6.052, 1.632, 2.856, 0.68, 4.692, 0.204, 3.876, 0.884, 10.472, 1.36],
      [2.1858, 6.1931, 4.3716, 27.3225, 16.3935, 10.5647, 18.5793, 13.4791, 43.716, 12.3862, 0, 26.9582, 30.2369, 4.7359, 3.2787, 0.3643, 1.4572, 0.7286, 25.1367, 15.6649, 24.7724, 33.1513, 8.0146, 4.3716, 23.3152, 12.7505, 11.6576, 30.2369, 15.3006, 22.5866, 6.5574, 40.4373, 2.5501, 2.1858, 21.1294, 32.4227, 8.7432, 15.3006, 3.643, 25.1367, 1.0929, 20.7651, 4.7359, 56.1022, 7.286],
      [1.2054, 3.4153, 2.4108, 15.0675, 9.0405, 5.8261, 10.2459, 7.4333, 24.108, 6.8306, 0, 14.8666, 16.6747, 2.6117, 1.8081, 0.2009, 0.8036, 0.4018, 13.8621, 8.6387, 13.6612, 18.2819, 4.4198, 2.4108, 12.8576, 7.0315, 6.4288, 16.6747, 8.4378, 12.4558, 3.6162, 22.2999, 1.4063, 1.2054, 11.6522, 17.8801, 4.8216, 8.4378, 2.009, 13.8621, 0.6027, 11.4513, 2.6117, 30.9386, 4.018],
      [0.6396, 1.8122, 1.2792, 7.995, 4.797, 3.0914, 5.4366, 3.9442, 12.792, 3.6244, 0, 7.8884, 8.8478, 1.3858, 0.9594, 0.1066, 0.4264, 0.2132, 7.3554, 4.5838, 7.2488, 9.7006, 2.3452, 1.2792, 6.8224, 3.731, 3.4112, 8.8478, 4.4772, 6.6092, 1.9188, 11.8326, 0.7462, 0.6396, 6.1828, 9.4874, 2.5584, 4.4772, 1.066, 7.3554, 0.3198, 6.0762, 1.3858, 16.4164, 2.132]
    ],
    [
      [0.3448, 2.2412, 0.6034, 0.8189, 0.7758, 0.6465, 2.0257, 1.4223, 3.1463, 1.724, 0.3017, 2.8446, 3.5773, 2.3274, 0.2586, 0.1724, 0.3879, 0, 8.0166, 0.6465, 1.293, 1.0775, 0.6465, 0.1724, 2.3705, 2.3274, 1.9395, 2.6722, 1.6378, 1.293, 0.5172, 3.5773, 0.1724, 2.0257, 2.5429, 4.5255, 1.4654, 2.4567, 0.3017, 5.9047, 0.2155, 2.1119, 0.9913, 12.8869, 1.1206],
      [0.5632, 3.6608, 0.9856, 1.3376, 1.2672, 1.056, 3.3088, 2.3232, 5.1392, 2.816, 0.4928, 4.6464, 5.8432, 3.8016, 0.4224, 0.2816, 0.6336, 0, 13.0944, 1.056, 2.112, 1.76, 1.056, 0.2816, 3.872, 3.8016, 3.168, 4.3648, 2.6752, 2.112, 0.8448, 5.8432, 0.2816, 3.3088, 4.1536, 7.392, 2.3936, 4.0128, 0.4928, 9.6448, 0.352, 3.4496, 1.6192, 21.0496, 1.8304],
      [3.6656, 23.8264, 6.4148, 8.7058, 8.2476, 6.873, 21.5354, 15.1206, 33.4486, 18.328, 3.2074, 30.2412, 38.0306, 24.7428, 2.7492, 1.8328, 4.1238, 0, 85.2252, 6.873, 13.746, 11.455, 6.873, 1.8328, 25.201, 24.7428, 20.619, 28.4084, 17.4116, 13.746, 5.4984, 38.0306, 1.8328, 21.5354, 27.0338, 48.111, 15.5788, 26.1174, 3.2074, 62.7734, 2.291, 22.4518, 10.5386, 137.0018, 11.9132],
      [0.9272, 6.0268, 1.6226, 2.2021, 2.0862, 1.7385, 5.4473, 3.8247, 8.4607, 4.636, 0.8113, 7.6494, 9.6197, 6.2586, 0.6954, 0.4636, 1.0431, 0, 21.5574, 1.7385, 3.477, 2.8975, 1.7385, 0.4636, 6.3745, 6.2586, 5.2155, 7.1858, 4.4042, 3.477, 1.3908, 9.6197, 0.4636, 5.4473, 6.8381, 12.1695, 3.9406, 6.6063, 0.8113, 15.8783, 0.5795, 5.6791, 2.6657, 34.6541, 3.0134],
      [1.904, 12.376, 3.332, 4.522, 4.284, 3.57, 11.186, 7.854, 17.374, 9.52, 1.666, 15.708, 19.754, 12.852, 1.428, 0.952, 2.142, 0, 44.268, 3.57, 7.14, 5.95, 3.57, 0.952, 13.09, 12.852, 10.71, 14.756, 9.044, 7.14, 2.856, 19.754, 0.952, 11.186, 14.042, 24.99, 8.092, 13.566, 1.666, 32.606, 1.19, 11.662, 5.474, 71.162, 6.188],
      [0.5952, 3.8688, 1.0416, 1.4136, 1.3392, 1.116, 3.4968, 2.4552, 5.4312, 2.976, 0.5208, 4.9104, 6.1752, 4.0176, 0.4464, 0.2976, 0.6696, 0, 13.8384, 1.116, 2.232, 1.86, 1.116, 0.2976, 4.092, 4.0176, 3.348, 4.6128, 2.8272, 2.232, 0.8928, 6.1752, 0.2976, 3.4968, 4.3896, 7.812, 2.5296, 4.2408, 0.5208, 10.1928, 0.372, 3.6456, 1.7112, 22.2456, 1.9344]
    ],
    [
      [1.7901, 4.2237, 2.8782, 4.797, 3.7791, 3.7206, 9.5706, 3.9195, 7.1487, 1.872, 0.2457, 5.8851, 5.7915, 1.3338, 0.7137, 0.1287, 0.9711, 0.2574, 3.1005, 3.0069, 4.1067, 4.1886, 3.3228, 0.6084, 6.0957, 6.3882, 4.0131, 8.2602, 6.0489, 4.9842, 1.9188, 9.2781, 0.6552, 0.9594, 1.4508, 3.5919, 0.8541, 1.8486, 0.3978, 3.7674, 1.8954, 4.3641, 1.8018, 16.6842, 0.8658],
      [1.8819, 4.4403, 3.0258, 5.043, 3.9729, 3.9114, 10.0614, 4.1205, 7.5153, 1.968, 0.2583, 6.1869, 6.0885, 1.4022, 0.7503, 0.1353, 1.0209, 0.2706, 3.2595, 3.1611, 4.3173, 4.4034, 3.4932, 0.6396, 6.4083, 6.7158, 4.2189, 8.6838, 6.3591, 5.2398, 2.0172, 9.7539, 0.6888, 1.0086, 1.5252, 3.7761, 0.8979, 1.9434, 0.4182, 3.9606, 1.9926, 4.5879, 1.8942, 17.5398, 0.9102],
      [1.6218, 3.8266, 2.6076, 4.346, 3.4238, 3.3708, 8.6708, 3.551, 6.4766, 1.696, 0.2226, 5.3318, 5.247, 1.2084, 0.6466, 0.1166, 0.8798, 0.2332, 2.809, 2.7242, 3.7206, 3.7948, 3.0104, 0.5512, 5.5226, 5.7876, 3.6358, 7.4836, 5.4802, 4.5156, 1.7384, 8.4058, 0.5936, 0.8692, 1.3144, 3.2542, 0.7738, 1.6748, 0.3604, 3.4132, 1.7172, 3.9538, 1.6324, 15.1156, 0.7844],
      [3.7332, 8.8084, 6.0024, 10.004, 7.8812, 7.7592, 19.9592, 8.174, 14.9084, 3.904, 0.5124, 12.2732, 12.078, 2.7816, 1.4884, 0.2684, 2.0252, 0.5368, 6.466, 6.2708, 8.5644, 8.7352, 6.9296, 1.2688, 12.7124, 13.3224, 8.3692, 17.2264, 12.6148, 10.3944, 4.0016, 19.3492, 1.3664, 2.0008, 3.0256, 7.4908, 1.7812, 3.8552, 0.8296, 7.8568, 3.9528, 9.1012, 3.7576, 34.7944, 1.8056],
      [141.0507, 332.8059, 226.7874, 377.979, 297.7737, 293.1642, 754.1142, 308.8365, 563.2809, 147.504, 19.3599, 463.7157, 456.3405, 105.0966, 56.2359, 10.1409, 76.5177, 20.2818, 244.3035, 236.9283, 323.5869, 330.0402, 261.8196, 47.9388, 480.3099, 503.3574, 316.2117, 650.8614, 476.6223, 392.7294, 151.1916, 731.0667, 51.6264, 75.5958, 114.3156, 283.0233, 67.2987, 145.6602, 31.3446, 296.8518, 149.3478, 343.8687, 141.9726, 1314.6294, 68.2206],
      [2.9223, 6.8951, 4.6986, 7.831, 6.1693, 6.0738, 15.6238, 6.3985, 11.6701, 3.056, 0.4011, 9.6073, 9.4545, 2.1774, 1.1651, 0.2101, 1.5853, 0.4202, 5.0615, 4.9087, 6.7041, 6.8378, 5.4244, 0.9932, 9.9511, 10.4286, 6.5513, 13.4846, 9.8747, 8.1366, 3.1324, 15.1463, 1.0696, 1.5662, 2.3684, 5.8637, 1.3943, 3.0178, 0.6494, 6.1502, 3.0942, 7.1243, 2.9414, 27.2366, 1.4134]
    ],
    [
      [1.2936, 2.8616, 0.98, 7.0168, 3.8808, 3.136, 5.9192, 4.6256, 9.408, 2.352, 0.3528, 7.9968, 6.6248, 1.176, 0.7056, 0.2744, 0.8624, 0.0784, 4.116, 3.0576, 5.6448, 8.624, 2.2344, 0.5488, 4.6256, 5.0176, 3.6848, 6.3112, 4.9, 3.4496, 1.96, 9.4472, 0.2352, 1.176, 2.8616, 6.4288, 1.176, 3.0576, 0.6272, 4.1944, 2.156, 5.5272, 1.568, 14.2296, 1.372],
      [1.6005, 3.5405, 1.2125, 8.6815, 4.8015, 3.88, 7.3235, 5.723, 11.64, 2.91, 0.4365, 9.894, 8.1965, 1.455, 0.873, 0.3395, 1.067, 0.097, 5.0925, 3.783, 6.984, 10.67, 2.7645, 0.679, 5.723, 6.208, 4.559, 7.8085, 6.0625, 4.268, 2.425, 11.6885, 0.291, 1.455, 3.5405, 7.954, 1.455, 3.783, 0.776, 5.1895, 2.6675, 6.8385, 1.94, 17.6055, 1.6975],
      [1.023, 2.263, 0.775, 5.549, 3.069, 2.48, 4.681, 3.658, 7.44, 1.86, 0.279, 6.324, 5.239, 0.93, 0.558, 0.217, 0.682, 0.062, 3.255, 2.418, 4.464, 6.82, 1.767, 0.434, 3.658, 3.968, 2.914, 4.991, 3.875, 2.728, 1.55, 7.471, 0.186, 0.93, 2.263, 5.084, 0.93, 2.418, 0.496, 3.317, 1.705, 4.371, 1.24, 11.253, 1.085],
      [20.5524, 45.4644, 15.57, 111.4812, 61.6572, 49.824, 94.0428, 73.4904, 149.472, 37.368, 5.6052, 127.0512, 105.2532, 18.684, 11.2104, 4.3596, 13.7016, 1.2456, 65.394, 48.5784, 89.6832, 137.016, 35.4996, 8.7192, 73.4904, 79.7184, 58.5432, 100.2708, 77.85, 54.8064, 31.14, 150.0948, 3.7368, 18.684, 45.4644, 102.1392, 18.684, 48.5784, 9.9648, 66.6396, 34.254, 87.8148, 24.912, 226.0764, 21.798],
      [5.9598, 13.1838, 4.515, 32.3274, 17.8794, 14.448, 27.2706, 21.3108, 43.344, 10.836, 1.6254, 36.8424, 30.5214, 5.418, 3.2508, 1.2642, 3.9732, 0.3612, 18.963, 14.0868, 26.0064, 39.732, 10.2942, 2.5284, 21.3108, 23.1168, 16.9764, 29.0766, 22.575, 15.8928, 9.03, 43.5246, 1.0836, 5.418, 13.1838, 29.6184, 5.418, 14.0868, 2.8896, 19.3242, 9.933, 25.4646, 7.224, 65.5578, 6.321],
      [2.5707, 5.6867, 1.9475, 13.9441, 7.7121, 6.232, 11.7629, 9.1922, 18.696, 4.674, 0.7011, 15.8916, 13.1651, 2.337, 1.4022, 0.5453, 1.7138, 0.1558, 8.1795, 6.0762, 11.2176, 17.138, 4.4403, 1.0906, 9.1922, 9.9712, 7.3226, 12.5419, 9.7375, 6.8552, 3.895, 18.7739, 0.4674, 2.337, 5.6867, 12.7756, 2.337, 6.0762, 1.2464, 8.3353, 4.2845, 10.9839, 3.116, 28.2777, 2.7265]
    ],
    [
      [0.606, 3.2118, 1.515, 8.2416, 4.3632, 3.333, 7.2114, 3.2118, 9.4536, 1.8786, 0.4242, 9.393, 7.7568, 2.6058, 0.5454, 0.1212, 0.6666, 0.2424, 4.3632, 3.9996, 6.5448, 5.2722, 2.8482, 0.8484, 8.787, 7.4538, 4.4844, 6.4236, 5.0298, 6.969, 2.121, 9.09, 0.5454, 0.5454, 2.5452, 4.1814, 1.3332, 2.5452, 0.7878, 5.0904, 1.818, 4.9086, 2.5452, 10.8474, 0.606],
      [0.715, 3.7895, 1.7875, 9.724, 5.148, 3.9325, 8.5085, 3.7895, 11.154, 2.2165, 0.5005, 11.0825, 9.152, 3.0745, 0.6435, 0.143, 0.7865, 0.286, 5.148, 4.719, 7.722, 6.2205, 3.3605, 1.001, 10.3675, 8.7945, 5.291, 7.579, 5.9345, 8.2225, 2.5025, 10.725, 0.6435, 0.6435, 3.003, 4.9335, 1.573, 3.003, 0.9295, 6.006, 2.145, 5.7915, 3.003, 12.7985, 0.715],
      [0.461, 2.4433, 1.1525, 6.2696, 3.3192, 2.5355, 5.4859, 2.4433, 7.1916, 1.4291, 0.3227, 7.1455, 5.9008, 1.9823, 0.4149, 0.0922, 0.5071, 0.1844, 3.3192, 3.0426, 4.9788, 4.0107, 2.1667, 0.6454, 6.6845, 5.6703, 3.4114, 4.8866, 3.8263, 5.3015, 1.6135, 6.915, 0.4149, 0.4149, 1.9362, 3.1809, 1.0142, 1.9362, 0.5993, 3.8724, 1.383, 3.7341, 1.9362, 8.2519, 0.461],
      [2.495, 13.2235, 6.2375, 33.932, 17.964, 13.7225, 29.6905, 13.2235, 38.922, 7.7345, 1.7465, 38.6725, 31.936, 10.7285, 2.2455, 0.499, 2.7445, 0.998, 17.964, 16.467, 26.946, 21.7065, 11.7265, 3.493, 36.1775, 30.6885, 18.463, 26.447, 20.7085, 28.6925, 8.7325, 37.425, 2.2455, 2.2455, 10.479, 17.2155, 5.489, 10.479, 3.2435, 20.958, 7.485, 20.2095, 10.479, 44.6605, 2.495],
      [4.081, 21.6293, 10.2025, 55.5016, 29.3832, 22.4455, 48.5639, 21.6293, 63.6636, 12.6511, 2.8567, 63.2555, 52.2368, 17.5483, 3.6729, 0.8162, 4.4891, 1.6324, 29.3832, 26.9346, 44.0748, 35.5047, 19.1807, 5.7134, 59.1745, 50.1963, 30.1994, 43.2586, 33.8723, 46.9315, 14.2835, 61.215, 3.6729, 3.6729, 17.1402, 28.1589, 8.9782, 17.1402, 5.3053, 34.2804, 12.243, 33.0561, 17.1402, 73.0499, 4.081],
      [1.642, 8.7026, 4.105, 22.3312, 11.8224, 9.031, 19.5398, 8.7026, 25.6152, 5.0902, 1.1494, 25.451, 21.0176, 7.0606, 1.4778, 0.3284, 1.8062, 0.6568, 11.8224, 10.8372, 17.7336, 14.2854, 7.7174, 2.2988, 23.809, 20.1966, 12.1508, 17.4052, 13.6286, 18.883, 5.747, 24.63, 1.4778, 1.4778, 6.8964, 11.3298, 3.6124, 6.8964, 2.1346, 13.7928, 4.926, 13.3002, 6.8964, 29.3918, 1.642]
    ],
    [
      [2.3464, 11.4387, 2.6397, 38.4223, 15.2516, 11.4387, 20.8243, 10.5588, 27.2769, 7.3325, 0.8799, 26.397, 18.7712, 2.6397, 2.3464, 1.4665, 3.5196, 0.5866, 16.1315, 13.7851, 39.0089, 40.4754, 10.8521, 2.933, 24.6372, 23.1707, 6.4526, 19.6511, 13.1985, 13.7851, 8.799, 36.3692, 0, 3.8129, 8.2124, 21.1176, 1.1732, 10.2655, 3.2263, 16.7181, 0.8799, 30.2099, 4.1062, 42.8218, 0.2933],
      [0.9976, 4.8633, 1.1223, 16.3357, 6.4844, 4.8633, 8.8537, 4.4892, 11.5971, 3.1175, 0.3741, 11.223, 7.9808, 1.1223, 0.9976, 0.6235, 1.4964, 0.2494, 6.8585, 5.8609, 16.5851, 17.2086, 4.6139, 1.247, 10.4748, 9.8513, 2.7434, 8.3549, 5.6115, 5.8609, 3.741, 15.4628, 0, 1.6211, 3.4916, 8.9784, 0.4988, 4.3645, 1.3717, 7.1079, 0.3741, 12.8441, 1.7458, 18.2062, 0.1247],
      [0.4, 1.95, 0.45, 6.55, 2.6, 1.95, 3.55, 1.8, 4.65, 1.25, 0.15, 4.5, 3.2, 0.45, 0.4, 0.25, 0.6, 0.1, 2.75, 2.35, 6.65, 6.9, 1.85, 0.5, 4.2, 3.95, 1.1, 3.35, 2.25, 2.35, 1.5, 6.2, 0, 0.65, 1.4, 3.6, 0.2, 1.75, 0.55, 2.85, 0.15, 5.15, 0.7, 7.3, 0.05],
      [1.9392, 9.4536, 2.1816, 31.7544, 12.6048, 9.4536, 17.2104, 8.7264, 22.5432, 6.06, 0.7272, 21.816, 15.5136, 2.1816, 1.9392, 1.212, 2.9088, 0.4848, 13.332, 11.3928, 32.2392, 33.4512, 8.9688, 2.424, 20.3616, 19.1496, 5.3328, 16.2408, 10.908, 11.3928, 7.272, 30.0576, 0, 3.1512, 6.7872, 17.4528, 0.9696, 8.484, 2.6664, 13.8168, 0.7272, 24.9672, 3.3936, 35.3904, 0.2424],
      [1.508, 7.3515, 1.6965, 24.6935, 9.802, 7.3515, 13.3835, 6.786, 17.5305, 4.7125, 0.5655, 16.965, 12.064, 1.6965, 1.508, 0.9425, 2.262, 0.377, 10.3675, 8.8595, 25.0705, 26.013, 6.9745, 1.885, 15.834, 14.8915, 4.147, 12.6295, 8.4825, 8.8595, 5.655, 23.374, 0, 2.4505, 5.278, 13.572, 0.754, 6.5975, 2.0735, 10.7445, 0.5655, 19.4155, 2.639, 27.521, 0.1885],
      [0.8088, 3.9429, 0.9099, 13.2441, 5.2572, 3.9429, 7.1781, 3.6396, 9.4023, 2.5275, 0.3033, 9.099, 6.4704, 0.9099, 0.8088, 0.5055, 1.2132, 0.2022, 5.5605, 4.7517, 13.4463, 13.9518, 3.7407, 1.011, 8.4924, 7.9869, 2.2242, 6.7737, 4.5495, 4.7517, 3.033, 12.5364, 0, 1.3143, 2.8308, 7.2792, 0.4044, 3.5385, 1.1121, 5.7627, 0.3033, 10.4133, 1.4154, 14.7606, 0.1011]
    ],
    [
      [1.0348, 3.7412, 2.1492, 5.174, 2.2288, 1.99, 6.2088, 2.2288, 6.2088, 1.99, 0.398, 4.8556, 6.1292, 1.8308, 0.7164, 0.1592, 0.9552, 0.2388, 4.1392, 1.8308, 4.2984, 2.7064, 2.388, 0.398, 6.2088, 7.0844, 3.184, 6.2884, 4.0596, 4.378, 1.3532, 5.4924, 0.2388, 1.1144, 1.7512, 2.4676, 1.194, 2.5472, 0.0796, 3.7412, 2.0696, 4.4576, 0.9552, 12.736, 0.5572],
      [1.2116, 4.3804, 2.5164, 6.058, 2.6096, 2.33, 7.2696, 2.6096, 7.2696, 2.33, 0.466, 5.6852, 7.1764, 2.1436, 0.8388, 0.1864, 1.1184, 0.2796, 4.8464, 2.1436, 5.0328, 3.1688, 2.796, 0.466, 7.2696, 8.2948, 3.728, 7.3628, 4.7532, 5.126, 1.5844, 6.4308, 0.2796, 1.3048, 2.0504, 2.8892, 1.398, 2.9824, 0.0932, 4.3804, 2.4232, 5.2192, 1.1184, 14.912, 0.6524],
      [1.0322, 3.7318, 2.1438, 5.161, 2.2232, 1.985, 6.1932, 2.2232, 6.1932, 1.985, 0.397, 4.8434, 6.1138, 1.8262, 0.7146, 0.1588, 0.9528, 0.2382, 4.1288, 1.8262, 4.2876, 2.6996, 2.382, 0.397, 6.1932, 7.0666, 3.176, 6.2726, 4.0494, 4.367, 1.3498, 5.4786, 0.2382, 1.1116, 1.7468, 2.4614, 1.191, 2.5408, 0.0794, 3.7318, 2.0644, 4.4464, 0.9528, 12.704, 0.5558],
      [2.3582, 8.5258, 4.8978, 11.791, 5.0792, 4.535, 14.1492, 5.0792, 14.1492, 4.535, 0.907, 11.0654, 13.9678, 4.1722, 1.6326, 0.3628, 2.1768, 0.5442, 9.4328, 4.1722, 9.7956, 6.1676, 5.442, 0.907, 14.1492, 16.1446, 7.256, 14.3306, 9.2514, 9.977, 3.0838, 12.5166, 0.5442, 2.5396, 3.9908, 5.6234, 2.721, 5.8048, 0.1814, 8.5258, 4.7164, 10.1584, 2.1768, 29.024, 1.2698],
      [3.8961, 14.0859, 8.0919, 19.4805, 8.3916, 7.4925, 23.3766, 8.3916, 23.3766, 7.4925, 1.4985, 18.2817, 23.0769, 6.8931, 2.6973, 0.5994, 3.5964, 0.8991, 15.5844, 6.8931, 16.1838, 10.1898, 8.991, 1.4985, 23.3766, 26.6733, 11.988, 23.6763, 15.2847, 16.4835, 5.0949, 20.6793, 0.8991, 4.1958, 6.5934, 9.2907, 4.4955, 9.5904, 0.2997, 14.0859, 7.7922, 16.7832, 3.5964, 47.952, 2.0979],
      [3.4671, 12.5349, 7.2009, 17.3355, 7.4676, 6.6675, 20.8026, 7.4676, 20.8026, 6.6675, 1.3335, 16.2687, 20.5359, 6.1341, 2.4003, 0.5334, 3.2004, 0.8001, 13.8684, 6.1341, 14.4018, 9.0678, 8.001, 1.3335, 20.8026, 23.7363, 10.668, 21.0693, 13.6017, 14.6685, 4.5339, 18.4023, 0.8001, 3.7338, 5.8674, 8.2677, 4.0005, 8.5344, 0.2667, 12.5349, 6.9342, 14.9352, 3.2004, 42.672, 1.8669]
    ]
  ],
  "V_est": [
    [137.7604, 360.5912, 130.288, 697.9988, 384.9244, 204.2456],
    [88.5274, 144.6016, 941.1428, 238.0586, 488.852, 152.8176],
    [163.4841, 171.8679, 148.1138, 340.9412, 12881.7087, 266.8843],
    [167.776, 207.58, 132.68, 2665.584, 772.968, 333.412],
    [177.3156, 209.209, 134.8886, 730.037, 1194.1006, 480.4492],
    [616.2233, 261.9947, 105.05, 509.2824, 396.0385, 212.4111],
    [135.9568, 159.1856, 135.6152, 309.8312, 511.8876, 455.5236]
  ],
  "p_est": [
    [0.0719, 0.1882, 0.068, 0.3643, 0.2009, 0.1066],
    [0.0431, 0.0704, 0.4582, 0.1159, 0.238, 0.0744],
    [0.0117, 0.0123, 0.0106, 0.0244, 0.9219, 0.0191],
    [0.0392, 0.0485, 0.031, 0.6228, 0.1806, 0.0779],
    [0.0606, 0.0715, 0.0461, 0.2495, 0.4081, 0.1642],
    [0.2933, 0.1247, 0.05, 0.2424, 0.1885, 0.1011],
    [0.0796, 0.0932, 0.0794, 0.1814, 0.2997, 0.2667]
  ],
  "EI_Z": {},
  "EI_V": 10.2409,
  "MAE_Z": {},
  "MAE_V": 141.2167,
  "MAE_p": 0.0529,
  "runtime": 216.635
}
