{
  "Z_true": {},
  "V_true": [
    [51, 137, 172, 474, 91],
    [1819, 59, 59, 415, 31],
    [74, 94, 163, 6838, 98],
    [67, 6447, 242, 903, 219],
    [43, 130, 8078, 601, 276],
    [309, 429, 762, 721, 480]
  ],
  "p_true": [
    [0.0551, 0.1481, 0.1859, 0.5124, 0.0984],
    [0.7633, 0.0248, 0.0248, 0.1742, 0.013],
    [0.0102, 0.0129, 0.0224, 0.941, 0.0135],
    [0.0085, 0.8184, 0.0307, 0.1146, 0.0278],
    [0.0047, 0.0142, 0.885, 0.0658, 0.0302],
    [0.1144, 0.1588, 0.2821, 0.2669, 0.1777]
  ],
  "Z_est": [
    [
      [4, 4, 4, 1, 2, 4, 2, 4, 4, 2, 3, 2, 3, 2, 3, 3, 2, 2, 2, 3, 2, 2, 2, 2, 3, 2.0002, 2, 4, 5, 2, 2, 2, 4, 4, 3, 4, 2, 3, 2, 3, 5, 2, 3, 2, 1, 0, 2, 2, 1, 1, 0, 2, 2, 2, 2, 3, 2, 4, 2, 2, 2, 0, 3, 2, 2, 2, 2, 2, 3, 2, 3, 4, 17],
      [2, 4, 4, 6.2926e-06, 1, 3, 2, 5, 5, 3, 3, 2, 4, 3, 3, 4, 2, 1, 2, 5, 4, 1, 2, 2, 9, 1, 2, 2, 3, 2, 2, 2, 4, 5, 3, 2, 2, 2, 2, 2, 3, 3, 1, 1, 1, 0, 4.7635e-07, 3, 7.5937e-07, 2, 0, 1, 2, 1, 2, 1, 1, 2, 1, 1, 2, 0, 2, 2, 1, 2, 1, 1, 3, 4, 2, 4, 31],
      [2, 6, 3, 1, 2, 3, 2, 3, 4, 4, 3, 4, 3, 3, 4, 6, 3, 2, 2, 6, 5, 2, 3, 2, 7, 1.9996, 2, 4, 3, 2, 2, 4, 4, 3, 5, 3, 2, 2, 2, 3, 5, 2, 2, 3, 2, 0, 1, 5, 1, 1, 0, 2, 4, 2, 2, 2, 1, 3, 1, 1, 3, 0, 3, 2, 4, 2, 1, 1, 3, 4, 3, 5, 44],
      [5, 4, 3, 2.3214e-07, 7.5552e-07, 4, 2, 6, 13, 2, 3, 4, 3, 3, 2, 5, 2, 2, 2, 3, 4, 1, 2, 1, 13, 1.0002, 3, 9, 9, 5, 4, 2, 9, 6, 6, 7, 5, 7, 2, 3, 6, 4, 3, 2, 2, 0, 3.4607e-06, 2, 2.0027e-06, 3.7028e-07, 0, 2, 3, 1, 5, 3, 2, 4, 2, 1, 4, 0, 4, 2, 1, 2, 1, 1.3964e-10, 2, 4, 3, 5, 48],
      [2.0988e-13, 7.9705e-10, 5.8978e-09, 2.0553e-06, 2.8468e-08, 1.358e-16, 6.2728e-12, 1.8935e-14, 4.9738e-17, 1, 1.6233e-08, 1.8684e-11, 8.1322e-07, 1.4822e-11, 1.0155e-06, 1, 1.6133e-08, 9.5845e-09, 9.1234e-11, 4.5621e-18, 1.654e-13, 5.761e-11, 1.1576e-11, 4.9612e-09, 2, 1.2523e-08, 2.1333e-08, 6.3517e-20, 7.4634e-17, 2.2857e-08, 6.6835e-08, 2.3571e-13, 5.7737e-15, 1.295e-11, 1.5377e-12, 1.6683e-15, 5.3827e-16, 3.0048e-10, 6.1941e-08, 1.8557e-14, 2.2683e-11, 2.7877e-09, 4.6716e-11, 1.2961e-07, 3.3956e-09, 0, 2.8992e-06, 3.2474e-09, 5.5594e-07, 2.4079e-07, 0, 4.2303e-11, 7.7397e-07, 1.7769e-11, 2.9849e-15, 4.8199e-13, 1.5279e-12, 4.9705e-18, 2.4008e-11, 1.04e-08, 5.4241e-10, 0, 1.1095e-09, 9.4133e-08, 1, 4.9013e-10, 3.1835e-12, 5.0675e-11, 5.3876e-11, 8.2394e-18, 2.3678e-10, 1.0308e-11, 4]
    ],
    [
      [5, 4, 5, 1, 1.3633e-06, 4, 3, 4, 9, 4, 1, 2, 1, 1, 1.0924e-11, 1, 1, 1, 1, 1, 2, 2, 2, 1, 2, 2.0004, 4, 10, 11, 2, 3, 1, 4, 1, 2, 7, 6, 6, 2, 1, 3, 2, 1, 6.2822e-08, 1, 0.8453, 1, 6.5118e-09, 1, 7.4077e-08, 0.9997, 2, 1, 1, 4, 3, 3, 5, 7, 5, 3, 0.9993, 2.7084e-09, 6, 1, 1, 1, 1, 3, 3, 3, 6, 52],
      [12, 9, 14, 4, 2, 17, 12, 18, 15, 8, 4, 5, 6, 5, 6, 6, 4, 8, 8, 7, 4, 5, 6, 6, 7, 5, 7, 14, 19, 6, 6, 7, 11, 6, 5, 12, 10, 10, 6, 7, 7, 6, 7, 3, 3, 0.368, 6, 5, 1, 2, 0, 5, 3, 5, 11, 9, 7, 11, 11, 9, 11, 0.0013, 5, 14, 2, 5, 7, 6, 9, 11, 8, 14, 106],
      [11, 11, 9, 5, 2, 13, 15, 8, 12, 10, 3, 6, 3, 4, 6, 6, 4, 8, 7, 6, 5, 6, 7, 4, 4, 5.9996, 5, 17, 12, 5, 6, 6, 8, 2, 5, 13, 10, 9, 5, 5, 9, 5, 6, 2, 2, 0.5771, 6, 4, 3, 3, 0.0001, 6, 3, 6, 8, 8, 7, 13, 10, 12, 9, 0.9993, 3, 13, 4, 4, 5, 5, 7, 10, 9, 14, 146],
      [21, 6, 10, 0, 1.3701e-06, 18, 13, 16, 36, 6, 3, 6, 3, 4, 3, 6, 3, 7, 6, 4, 3, 5, 6, 3, 8, 6, 9, 37, 38, 11, 11, 3, 20, 4, 6, 32, 24, 26, 7, 7, 11, 9, 8, 2, 2.0001, 0.2094, 2, 1, 1, 1, 0.0002, 5, 2, 4, 20, 15, 13, 16, 19, 16, 12, 0, 4, 18, 1, 4, 3, 3, 6, 11, 7, 13, 161],
      [1, 1, 1, 4.489e-06, 2.071e-08, 1, 9.0981e-12, 1, 1, 2, 1.9142e-09, 1.0847e-09, 4.0434e-12, 1.0911e-10, 5.0783e-07, 1, 1.7459e-07, 1, 4.7522e-10, 1.5922e-12, 1.3157e-13, 1, 2.6496e-08, 1, 1, 2.5924e-07, 3.188e-09, 1, 2, 1.1415e-07, 1.4679e-07, 2.8334e-14, 3.128e-13, 1.46e-10, 8.9588e-13, 1, 1, 1, 1.272e-10, 4.3862e-09, 1, 5.7423e-09, 1, 3.5085e-10, 0, 0.0001, 3.6069e-06, 2.1074e-11, 3.1149e-06, 2.1802e-07, 0.0001, 2.7478e-11, 7.7398e-07, 4.2289e-11, 1, 1, 1, 1, 4.0529e-12, 1.04e-08, 9.9935e-11, 5.5636e-06, 1.4605e-06, 1, 6.1978e-06, 7.442e-09, 7.0229e-13, 1.7994e-10, 1, 1, 3.579e-10, 1, 13]
    ],
    [
      [14, 3, 6, 1.3442e-06, 5.5801e-08, 11, 10, 14, 20, 4, 3, 4, 2, 3, 2, 3, 1, 3, 5, 3, 3, 6, 4, 2, 6, 3.0004, 6, 27, 24, 6, 7, 2, 14, 4, 4, 19, 14, 16, 5, 6, 7, 8, 5, 2, 1, 0.5777, 1, 1, 1.0001, 1, 1, 3, 2, 4, 13, 11, 9, 13, 11, 9, 8, 1.0006, 3, 11, 4.1789e-07, 3, 3, 4, 6, 8, 6, 8, 124],
      [26, 10, 20, 7, 7, 41, 27, 48, 37, 16, 23, 26, 19, 24, 13, 18, 14, 19, 21, 20, 31, 15, 18, 11, 31, 14.999, 17, 33, 34, 16, 16, 13, 35, 20, 16, 27, 34, 31, 26, 26, 14, 19, 16, 12, 15.0001, 12.4218, 8, 19, 8.9998, 12, 4.9986, 19, 17, 18, 34, 29, 40, 33, 19, 26, 25, 5.0011, 22, 29, 5, 17, 22, 22, 16, 32, 16, 17, 251],
      [28, 15, 17, 15, 15, 38, 39, 29, 33, 22, 23, 39, 18, 30, 19, 22, 17, 22, 33, 27, 40, 28, 21, 14, 22, 17.9998, 14, 51, 28, 20, 19, 19, 31, 15, 19, 35, 31, 30, 31, 32, 19, 21, 23, 29, 26.9999, 12.8913, 14, 27, 16, 19, 11.0008, 24, 28, 31, 31, 34, 37, 39, 24, 33, 30, 10.9995, 33, 28, 9, 18, 28, 25, 17, 32, 27, 25, 350],
      [51, 8, 17, 1, 1, 50, 36, 53, 95, 12, 22, 38, 17, 23, 10, 21, 11, 19, 26, 14, 27, 22, 18, 9, 41, 16.0009, 24, 103, 81, 37, 32, 8, 72, 25, 23, 82, 74, 84, 35, 37, 24, 35, 29, 21, 25, 4.261, 5, 10, 5.0002, 8, 1.0002, 19, 20, 22, 68, 56, 71, 47, 40, 44, 37, 0.9994, 33, 37, 2, 17, 17, 16, 14, 33, 21, 20, 385],
      [4, 1, 2, 1, 2, 4, 1, 5, 3, 4, 3, 4, 2, 3, 3, 5, 1, 2, 3, 1, 3, 3, 1, 3, 6, 6.1171e-07, 1, 3, 5, 1, 1, 1, 2, 3, 3, 3, 4, 5, 3, 4, 2, 2, 3, 3, 4, 0.8483, 1, 3, 1, 3, 0.0005, 2, 2, 3, 3, 5, 5, 4, 1, 2, 1, 0.9993, 2, 2, 2, 3, 4, 4, 2, 2, 2, 2, 33]
    ],
    [
      [9, 6, 10, 3, 3.5232e-07, 12, 11, 16, 14, 8, 4, 4, 5, 4, 3, 5, 3, 3, 6, 7, 4, 5, 5, 5, 7, 3.9998, 5, 13, 19, 4, 7, 6, 10, 4, 5, 11, 12, 10, 6, 5, 7, 6, 5, 2, 1, 2.3157, 4, 3, 1, 2, 1.0001, 5, 2, 5, 9, 9, 6, 13, 9, 6, 7, 1.0006, 3, 12, 1, 5, 5, 6, 9, 11, 7, 11, 110],
      [16, 15, 30, 23, 24, 46, 30, 55, 26, 27, 26, 22, 36, 25, 23, 22, 27, 22, 23, 43, 36, 13, 22, 22, 36, 15.0014, 14, 15, 27, 10, 16, 35, 24, 22, 16, 15, 28, 18, 27, 23, 14, 14, 17, 10, 11.9999, 23.0531, 16, 36, 12.0003, 21, 17.9983, 25, 18, 21, 23, 21, 28, 30, 16, 16, 24, 12.9981, 19, 28, 8, 27, 32, 33, 24, 40, 18, 25, 221],
      [20, 23, 26, 53, 62, 42, 41, 32, 26, 40, 29, 35, 35, 33, 32, 32, 35, 27, 37, 54, 51, 26, 29, 22, 28, 22, 17, 24, 21, 13, 21, 49, 23, 18, 24, 21, 27, 21, 34, 30, 24, 16, 27, 24, 25.9999, 28.7371, 31, 55, 29.9997, 29, 47.0023, 33, 32, 35, 22, 27, 28, 39, 18, 25, 29, 37, 26, 32, 28, 31, 40, 42, 23, 44, 32, 33, 313],
      [36, 15, 28, 9, 7, 58, 42, 63, 71, 22, 29, 35, 33, 27, 19, 29, 24, 25, 29, 33, 36, 22, 24, 19, 52, 21.9988, 23, 53, 66, 25, 33, 25, 51, 29, 28, 52, 63, 54, 39, 36, 27, 29, 34, 20, 24.0001, 12.4712, 10, 21, 9.9999, 17, 3.9996, 28, 26, 27, 47, 43, 51, 46, 35, 31, 37, 4.0019, 31, 39, 6, 28, 28, 26, 23, 45, 25, 32, 342],
      [2, 3, 3, 6, 9, 5, 1, 6, 2, 9, 5, 3, 4, 3, 5, 7, 3, 3, 3, 4, 4, 3, 2, 6, 7, 6.9964e-06, 1, 1, 4, 1.2255e-07, 1, 5, 1, 3, 3, 2, 3, 3, 3, 4, 3, 2, 4, 3, 3.0001, 3.4229, 2, 7, 3.0001, 6, 2.9997, 4, 3, 4, 2, 3, 3, 4, 1, 1, 1, 2.9994, 2, 2, 5, 5, 6, 6, 3, 3, 2, 4, 29]
    ],
    [
      [10, 9, 10, 6, 2, 10, 13, 9, 10, 10, 4, 5, 4, 5, 4, 5, 3, 4, 7, 7, 6, 9, 6, 5, 4, 5.9991, 5, 16, 11, 4, 6, 8, 8, 3, 5, 12, 9, 9, 6, 6, 7, 6, 6, 4, 1, 1.8939, 5, 4, 2.9999, 2, 1.9996, 6, 4, 8, 8, 9, 6, 14, 9, 8, 8, 2.9988, 4, 12, 3, 5, 6, 6, 8, 10, 10, 12, 136],
      [18, 22, 30, 42, 55, 37, 35, 32, 18, 34, 26, 30, 31, 32, 27, 24, 30, 25, 28, 46, 51, 22, 24, 21, 22, 19.9999, 14, 19, 16, 11, 14, 44, 20, 17, 18, 16, 20, 16, 30, 27, 14, 13, 19, 20, 19.0001, 27.2661, 23, 52, 23.9999, 23, 43.0029, 30, 29, 32, 21, 22, 25, 33, 15, 21, 26, 33.0019, 23, 29, 25, 25, 37, 34, 20, 39, 23, 27, 275],
      [19, 33, 24, 96, 133, 34, 48, 18, 16, 48, 27, 45, 28, 39, 37, 31, 36.0001, 29, 42, 57, 69, 40, 32, 21, 16, 27.001, 13, 29, 13, 13, 16, 62, 19, 12, 24, 22, 19, 18, 35, 32, 21, 14, 29, 45, 37.0002, 31.9464, 40, 77, 56.0004, 32, 111.9985, 38, 49, 53, 18, 27, 24, 42, 17, 29, 30, 94.0007, 32, 30, 77, 28, 45, 41, 19, 40, 38, 34, 387],
      [39, 20, 28, 15, 17, 47, 49, 39, 50, 30, 30, 48, 32, 34, 23, 33, 28, 28, 36, 35, 50, 34, 29, 19, 32, 26, 25, 61, 41, 28, 31, 32, 45, 24, 32, 55, 47, 51, 45, 40, 29, 28, 41, 36, 38.9998, 11.5848, 18, 31, 19.9998, 18, 11.9996, 34, 40, 40, 43, 47, 49, 53, 31, 43, 40, 13.9968, 37, 43, 18, 28, 31, 30, 21, 44, 33, 34, 426],
      [3, 6, 4, 13, 20, 5, 1, 4, 2, 12, 5, 5, 3, 4, 7, 8, 4, 4, 4, 5, 6, 6, 2, 6, 5, 2, 1, 3, 4, 1.7522e-07, 2, 7, 1, 3, 5, 3, 2, 3, 4, 6, 3, 2, 4, 7, 5.9999, 6.3089, 3, 11, 7, 7, 8.9994, 5, 6, 8, 3, 4, 3, 4, 2, 2, 2, 8.0019, 3, 2, 17, 4, 8, 6, 3, 5, 4, 5, 36]
    ],
    [
      [3, 3, 4, 1, 3.4294e-06, 2, 2, 3, 2, 3, 1, 1, 1, 1, 1, 2, 3.5526e-06, 1, 2, 2, 2, 1, 1, 2, 2, 1.0002, 1, 5, 6, 1, 1, 2, 3, 1, 1, 3, 3, 2, 1, 2, 2, 3, 1, 1, 0, 0.3674, 1, 1, 2.4924e-06, 1, 0.0006, 1, 1, 1, 2, 2, 1, 3, 1, 1, 1, 0.0007, 2.0169e-09, 2, 6.8105e-07, 1, 1, 1, 3, 2, 3, 3, 47],
      [6, 8, 12, 8, 12, 10, 5, 12, 5, 11, 9, 6, 13, 10, 10, 8, 5, 7, 9, 13, 18, 4, 3, 9, 9, 3.9997, 4, 6, 8, 4, 3, 10, 7, 9, 5, 4, 7, 4, 8, 8, 5, 7, 4, 7, 5, 9.891, 5, 12, 4.0001, 9, 9.0002, 8, 7, 5, 7, 6, 7, 7, 2, 3, 3, 8.9976, 4, 5, 5, 10, 11, 9, 8, 7, 9, 8, 95],
      [7, 11, 10, 19, 30, 9, 7, 6, 4, 16, 9, 9, 12, 13, 13, 11, 6, 8, 14, 16, 25, 7, 5, 9, 7, 5, 4, 9, 6, 5, 3, 14, 7, 6, 7, 5, 7, 5, 9, 10, 7, 7, 6, 15, 11.0001, 8.8482, 9, 19, 9.9999, 13, 22.9984, 10, 13, 9, 6, 7, 7, 9, 2, 5, 3, 27.0004, 5, 5, 18, 10, 14, 11, 7, 8, 14, 10, 134],
      [13, 7, 11, 2, 4, 12, 7, 13, 13, 9, 10, 10, 12, 10, 8, 11, 4, 7, 11, 9, 17, 6, 4, 7, 13, 5.0002, 7, 20, 20, 11, 6, 7, 16, 11, 9, 13, 16, 14, 12, 12, 9, 13, 9, 12, 9.9999, 4.4735, 3, 7, 3.0001, 7, 2.0005, 8, 10, 6, 14, 12, 13, 12, 5, 7, 5, 4.0019, 6, 8, 4, 10, 9, 8, 7, 8, 12, 9, 147],
      [4, 3, 3, 5, 6, 3, 3, 4, 3, 5, 4, 3, 4, 4, 4, 5, 3, 2, 3, 3, 5, 3, 2, 4, 3, 1, 3, 2, 3, 3, 2, 4, 2, 4, 3, 2, 3, 3, 3, 4, 3, 3, 3, 4, 4, 3.4199, 3, 4, 2.9999, 5, 3.0004, 3, 3, 3, 2, 3, 3, 3, 2, 2, 2, 3.9994, 3, 2, 6, 4, 5, 4, 3, 2, 3, 4, 15]
    ]
  ],
  "V_est": [
    [195.0001, 193, 242.9997, 285.0002, 9],
    [242.8447, 638.3694, 632.5761, 827.2097, 42.0002],
    [577.5788, 1756.4202, 2151.8912, 2562.2617, 218.8481],
    [566.3162, 1898.0512, 2541.7389, 2594.4715, 277.4222],
    [617.8913, 2185.2708, 3058.9472, 2870.5808, 395.31],
    [163.369, 624.8885, 847.847, 812.4761, 252.4195]
  ],
  "p_est": [
    [0.2108, 0.2086, 0.2627, 0.3081, 0.0097],
    [0.1019, 0.2679, 0.2655, 0.3471, 0.0176],
    [0.0795, 0.2417, 0.2961, 0.3526, 0.0301],
    [0.0719, 0.2409, 0.3226, 0.3293, 0.0352],
    [0.0677, 0.2394, 0.3351, 0.3145, 0.0433],
    [0.0605, 0.2314, 0.3139, 0.3008, 0.0935]
  ],
  "EI_Z": {},
  "EI_V": 53.0484,
  "MAE_Z": {},
  "MAE_V": 1070.9404,
  "MAE_p": 0.1872,
  "runtime": 0.5511
}
