{
  "X": [
    [48, 533, 310, 64],
    [24, 245, 206, 26],
    [3, 11, 59, 3],
    [6, 32, 92, 5],
    [15, 67, 188, 20],
    [9, 199, 25, 28],
    [10, 107, 83, 20],
    [9, 34, 54, 7],
    [2, 21, 64, 4],
    [11, 382, 112, 60],
    [12, 226, 132, 34],
    [10, 203, 88, 28],
    [8, 88, 10, 16],
    [11, 402, 139, 60],
    [0, 14, 51, 4],
    [27, 543, 646, 80],
    [25, 301, 197, 32],
    [28, 442, 358, 33],
    [16, 325, 167, 40],
    [5, 114, 318, 13],
    [27, 260, 654, 19],
    [34, 459, 1142, 49],
    [36, 422, 465, 61],
    [23, 277, 510, 32],
    [35, 286, 685, 32],
    [12, 118, 244, 15],
    [4, 10, 60, 4],
    [36, 397, 318, 47],
    [66, 872, 807, 124],
    [12, 76, 223, 12],
    [27, 280, 249, 38],
    [38, 700, 494, 70],
    [6, 57, 159, 15],
    [10, 53, 151, 12],
    [26, 138, 167, 34],
    [3, 45, 97, 17],
    [11, 179, 150, 18],
    [19, 234, 170, 22],
    [30, 321, 438, 55],
    [3, 123, 78, 20],
    [0, 24, 94, 2],
    [4, 56, 202, 19],
    [7, 30, 150, 13],
    [7, 54, 69, 5],
    [4, 22, 96, 12],
    [10, 355, 194, 44],
    [24, 606, 525, 68],
    [2, 19, 89, 5],
    [3, 6, 60, 6],
    [11, 148, 219, 23],
    [0, 18, 14, 1],
    [7, 64, 129, 4],
    [7, 66, 266, 7],
    [14, 55, 137, 9],
    [5, 60, 81, 10],
    [18, 243, 341, 21],
    [22, 209, 195, 26],
    [23, 247, 209, 30],
    [10, 184, 204, 24],
    [20, 474, 621, 63],
    [0, 14, 55, 4],
    [8, 221, 263, 62],
    [74, 909, 1327, 131],
    [16, 171, 172, 20],
    [119, 870, 835, 151],
    [19, 116, 132, 12]
  ],
  "W": [
    [41, 467, 301, 60, 86],
    [18, 218, 203, 30, 32],
    [2, 11, 58, 1, 4],
    [8, 19, 89, 11, 8],
    [15, 62, 180, 12, 21],
    [6, 199, 28, 7, 21],
    [3, 98, 80, 13, 26],
    [3, 36, 50, 7, 8],
    [5, 17, 63, 2, 4],
    [9, 374, 103, 30, 49],
    [4, 219, 109, 20, 52],
    [10, 194, 77, 19, 29],
    [3, 92, 7, 6, 14],
    [11, 365, 134, 44, 58],
    [0, 12, 54, 2, 1],
    [35, 460, 617, 79, 105],
    [24, 282, 187, 32, 30],
    [32, 385, 346, 51, 47],
    [24, 247, 149, 27, 101],
    [14, 83, 302, 22, 29],
    [26, 224, 631, 31, 48],
    [79, 355, 1091, 58, 101],
    [33, 378, 459, 42, 72],
    [37, 230, 488, 35, 52],
    [66, 255, 649, 37, 31],
    [16, 105, 222, 25, 21],
    [2, 9, 61, 2, 4],
    [38, 360, 297, 54, 49],
    [98, 786, 742, 93, 150],
    [17, 70, 217, 5, 14],
    [25, 258, 231, 35, 45],
    [39, 644, 457, 63, 99],
    [6, 49, 156, 12, 14],
    [8, 47, 147, 14, 10],
    [30, 131, 161, 21, 22],
    [3, 52, 87, 9, 11],
    [15, 153, 138, 28, 24],
    [12, 223, 157, 28, 25],
    [27, 293, 402, 51, 71],
    [5, 114, 67, 19, 19],
    [2, 17, 91, 8, 2],
    [11, 44, 196, 10, 20],
    [8, 30, 145, 10, 7],
    [11, 38, 72, 6, 8],
    [4, 26, 90, 4, 10],
    [17, 314, 206, 26, 40],
    [26, 558, 480, 70, 89],
    [2, 15, 87, 2, 9],
    [4, 10, 54, 3, 4],
    [11, 124, 221, 21, 24],
    [6, 11, 14, 1, 1],
    [5, 57, 125, 8, 9],
    [8, 47, 260, 12, 19],
    [27, 45, 132, 6, 5],
    [7, 56, 74, 8, 11],
    [26, 205, 321, 34, 37],
    [20, 185, 183, 33, 31],
    [10, 219, 210, 30, 40],
    [11, 166, 191, 24, 30],
    [28, 423, 581, 73, 73],
    [0, 11, 51, 6, 5],
    [10, 202, 266, 36, 40],
    [111, 767, 1239, 144, 180],
    [16, 154, 162, 29, 18],
    [103, 778, 843, 91, 160],
    [25, 93, 143, 5, 13]
  ],
  "method": "mult",
  "cond_prob": [
    [
      [0.48086934914, 0.35027842656, 0.14962075441, 0.01923146989],
      [0.0494783765, 0.88233391021, 0.0024810402501, 0.065706673043],
      [0.0078694308918, 0.022497195301, 0.9672397531, 0.0023936207086],
      [0.021946475783, 0.7621457311, 0.066317630736, 0.14959016238],
      [0.017354274586, 0.62893312549, 0.088240462161, 0.26547213776]
    ],
    [
      [0.50488882689, 0.3321885009, 0.14606515684, 0.016857515365],
      [0.053598160656, 0.87642126938, 0.0098344607064, 0.060146109256],
      [0.0093463296628, 0.022516446656, 0.96627882959, 0.0018583940948],
      [0.024093151521, 0.76710266692, 0.069094425791, 0.13970975577],
      [0.018984457051, 0.63677661187, 0.093733736349, 0.25050519473]
    ],
    [
      [0.68144944059, 0.18685675966, 0.1126826996, 0.019011100161],
      [0.12925035978, 0.73727220968, 0.036216049732, 0.097261380804],
      [0.0014420829382, 0, 0.99855791706, 0],
      [0.034680377501, 0.64227745503, 0.078892379805, 0.24414978766],
      [0.024256493326, 0.46850367979, 0.095251621093, 0.41198820579]
    ],
    [
      [0.50635135794, 0.31763764433, 0.15884840754, 0.017162590188],
      [0.054079623988, 0.85600153246, 0.032848274383, 0.05707056917],
      [0.0059938745411, 0.00061353848034, 0.99339258698, 0],
      [0.022632099908, 0.75014931096, 0.078543302794, 0.14867528634],
      [0.017408543446, 0.61107779792, 0.10364736932, 0.26786628931]
    ],
    [
      [0.55932371334, 0.25603117343, 0.15517198551, 0.029473127708],
      [0.094749806001, 0.73958381071, 0.044143035826, 0.12152334747],
      [0, 0, 0.99970365894, 0.00029634105993],
      [0.027394600032, 0.63058148373, 0.080090698313, 0.26193321792],
      [0.019377196542, 0.46373134905, 0.096562143194, 0.42032931122]
    ],
    [
      [0.41004181857, 0.4265045886, 0.13076120412, 0.032692388713],
      [0.0077139583093, 0.89685813911, 0, 0.095427902581],
      [0.16737057958, 0.018184384441, 0.81055552778, 0.0038895082045],
      [0.014074592581, 0.73707784192, 0.046341791289, 0.20250577421],
      [0.010465381373, 0.58559500609, 0.056927878975, 0.34701173356]
    ],
    [
      [0.58078419383, 0.26913295108, 0.12956349279, 0.020519362299],
      [0.066719801081, 0.82957998768, 0.016666807272, 0.087033403968],
      [0.0093622962316, 0.014846710992, 0.97224615659, 0.0035448361904],
      [0.029634844232, 0.70699064195, 0.069798464588, 0.19357604923],
      [0.022495009193, 0.5582748896, 0.088111147787, 0.33111895342]
    ],
    [
      [0.73804545541, 0.15209352149, 0.096926188642, 0.01293483446],
      [0.16777436869, 0.69477846922, 0.061546287927, 0.075900874162],
      [0, 0, 1, 0],
      [0.05765878053, 0.64922676064, 0.087873656652, 0.20524080218],
      [0.04279686213, 0.49838840241, 0.10980493402, 0.34900980144]
    ],
    [
      [0.34557662913, 0.42079459978, 0.19841221867, 0.035216552422],
      [0.013167343396, 0.86149990904, 0.028630627172, 0.096702120393],
      [0, 0.011181897709, 0.98482991877, 0.0039881835256],
      [0.010065722026, 0.70416812972, 0.068570472606, 0.21719567565],
      [0.0070351431427, 0.53443318307, 0.084948104332, 0.37358356945]
    ],
    [
      [0.2980018236, 0.46313260579, 0.20223156619, 0.03663400442],
      [0.020004769545, 0.87441505859, 0.0086536937411, 0.096926478124],
      [0.0021678504613, 0.013724712738, 0.98056222866, 0.0035452081374],
      [0.009316461532, 0.72158924893, 0.064739472618, 0.20435481692],
      [0.0068044353927, 0.56610717869, 0.081700830902, 0.34538755502]
    ],
    [
      [0.44481003654, 0.34389360009, 0.1892689317, 0.022027431668],
      [0.041649272149, 0.8217814706, 0.065988069582, 0.07058118767],
      [0, 0, 1, 0],
      [0.018682351453, 0.72698923856, 0.086687601105, 0.16764080888],
      [0.013960042772, 0.57912497629, 0.11649586563, 0.29041911531]
    ],
    [
      [0.37429804099, 0.40417939422, 0.19446740687, 0.027055157929],
      [0.028411406816, 0.86207764842, 0.03039213235, 0.079118812411],
      [0.0025698411278, 0.008959963772, 0.98643973768, 0.0020304574243],
      [0.013478833409, 0.73551693778, 0.074233324584, 0.17677090423],
      [0.010042450558, 0.58794493916, 0.096308940941, 0.30570366934]
    ],
    [
      [0.57619498956, 0.28002396615, 0.1187759939, 0.025005050396],
      [0.062802804523, 0.82062068742, 0.01486600339, 0.10171050467],
      [0.0072229726416, 0.0093770099831, 0.98070141528, 0.0026986020963],
      [0.027116576195, 0.69053759175, 0.060354011166, 0.22199182089],
      [0.020021196398, 0.53242573134, 0.074926123747, 0.37262694851]
    ],
    [
      [0.28581942309, 0.48089215698, 0.19940228521, 0.033886134721],
      [0.015742902554, 0.89594659614, 0, 0.088310501301],
      [0.010019129871, 0.019385337682, 0.9666193186, 0.0039762138489],
      [0.0088114615675, 0.74288107608, 0.06124848388, 0.18705897848],
      [0.0065441241755, 0.59319441524, 0.079045739306, 0.32121572128]
    ],
    [
      [0, 0.64486908923, 0.2633321748, 0.091798735971],
      [0, 0.82633299835, 0.013319899043, 0.16034710261],
      [0, 0.045204663617, 0.93863050579, 0.016164830597],
      [0, 0.61571023326, 0.049412629258, 0.33487713748],
      [0, 0.41153171795, 0.055288640533, 0.53317964152]
    ],
    [
      [0.34541865283, 0.42558575563, 0.20242320562, 0.026572385918],
      [0.02603814906, 0.86926065044, 0.030556756509, 0.074144443992],
      [0.001619097917, 0.0097659498699, 0.9865528389, 0.0020621133089],
      [0.012234061668, 0.74623214525, 0.074616417174, 0.1669173759],
      [0.0092126123506, 0.60253970292, 0.09772648808, 0.29052119665]
    ],
    [
      [0.45224867047, 0.36280687126, 0.16496153545, 0.019982922818],
      [0.042638719044, 0.87401738976, 0.018052406733, 0.065291484462],
      [0.0056164129762, 0.015219418071, 0.97741458626, 0.0017495826951],
      [0.019398884006, 0.75888766062, 0.07168857465, 0.15002488072],
      [0.015029320788, 0.62297649525, 0.095986081055, 0.2660081029]
    ],
    [
      [0.39497326047, 0.41121173498, 0.1785435607, 0.015271443853],
      [0.032881848543, 0.90497364386, 0.016948875249, 0.045195632345],
      [0.0037519202945, 0.020364525436, 0.97492948332, 0.00095407094812],
      [0.015790316913, 0.80461323632, 0.072288623926, 0.10730782284],
      [0.012720710456, 0.68819086682, 0.10104187314, 0.19804654959]
    ],
    [
      [0.34536545931, 0.44228882753, 0.19286928866, 0.019476424504],
      [0.024871769471, 0.90301459919, 0.019148697344, 0.052964933995],
      [0.0019934855926, 0.016839724179, 0.9803886168, 0.00077817342967],
      [0.0123668784, 0.79048078705, 0.071769588251, 0.1253827463],
      [0.0092768994765, 0.66820160383, 0.095304218242, 0.22721727845]
    ],
    [
      [0.25441835815, 0.48469519918, 0.24042419382, 0.02046224886],
      [0.013019062449, 0.85180567434, 0.090389260633, 0.044786002579],
      [0, 0, 1, 0],
      [0.00802348128, 0.78831446165, 0.083435536217, 0.12022652086],
      [0.0062429039501, 0.66108545121, 0.11366106404, 0.2190105808]
    ],
    [
      [0.46717483397, 0.34937187812, 0.17236231096, 0.011090976955],
      [0.059484965388, 0.86057740557, 0.045947681045, 0.033989948],
      [0, 0, 1, 0],
      [0.021801159241, 0.80258232161, 0.083618728904, 0.091997790241],
      [0.017770544447, 0.69306125733, 0.11737747427, 0.17179072395]
    ],
    [
      [0.3150042666, 0.44817795223, 0.21736268085, 0.019455100319],
      [0.021380564398, 0.87740666142, 0.05086880793, 0.050343966255],
      [0, 0, 1, 0],
      [0.011168163592, 0.78552598468, 0.080462156834, 0.12284369489],
      [0.0086812781097, 0.65895118672, 0.10993184457, 0.2224356906]
    ],
    [
      [0.45552439863, 0.3580294373, 0.16280016208, 0.023646001997],
      [0.042869882843, 0.86352717258, 0.015541534272, 0.078061410303],
      [0.0062933309693, 0.021952762787, 0.96807634385, 0.0036775623933],
      [0.019312773133, 0.73717223309, 0.069548776148, 0.17396621763],
      [0.014765329779, 0.59353063089, 0.090066725986, 0.30163731334]
    ],
    [
      [0.37973020388, 0.40442355367, 0.19568912677, 0.020157115686],
      [0.030708668325, 0.87433591295, 0.035895493991, 0.05905992473],
      [0.0016172517115, 0.0019397211586, 0.99644302713, 0],
      [0.014583863326, 0.76883872232, 0.078526918789, 0.13805049556],
      [0.011294897886, 0.63621402555, 0.1055942172, 0.24689685936]
    ],
    [
      [0.38799811772, 0.38811060485, 0.20196448028, 0.021926797148],
      [0.033220805099, 0.83802203096, 0.063865304585, 0.064891859358],
      [0, 0, 1, 0],
      [0.015150256556, 0.74985945393, 0.082097897236, 0.15289239227],
      [0.01162127217, 0.61110588355, 0.10796998177, 0.26930286251]
    ],
    [
      [0.43384976135, 0.34720993882, 0.20008354525, 0.018856754583],
      [0.041055746555, 0.7734194987, 0.1326501073, 0.052874647446],
      [0, 0, 1, 0],
      [0.018181385878, 0.74156067891, 0.093261409481, 0.14699652573],
      [0.013953132533, 0.60459888776, 0.12089841772, 0.26054956198]
    ],
    [
      [0.74945445997, 0.14499901741, 0.085538920548, 0.020007602081],
      [0.10521692674, 0.73049970741, 0.029240676781, 0.13504268907],
      [0.022045266634, 0.0054504402343, 0.96892129897, 0.0035829941609],
      [0.044613323632, 0.58564226409, 0.070400557438, 0.29934385484],
      [0.030037706864, 0.40793580402, 0.080188928943, 0.48183756018]
    ],
    [
      [0.45124753453, 0.35761726972, 0.17061088812, 0.020524307633],
      [0.042815435403, 0.86136137501, 0.02876246702, 0.067060722562],
      [0.0055431486531, 0.0093278558804, 0.98393628141, 0.0011927140515],
      [0.019540122763, 0.75056105901, 0.0750922843, 0.15480653393],
      [0.015052146194, 0.61264853801, 0.099555901876, 0.27274341392]
    ],
    [
      [0.38308685321, 0.39549701329, 0.19567586887, 0.025740264635],
      [0.030576970651, 0.85595050045, 0.03739985111, 0.076072677784],
      [0.0019537490517, 0.0044119294399, 0.99215531507, 0.0014790064418],
      [0.014511897438, 0.73662513949, 0.07702481311, 0.17183814996],
      [0.010831341302, 0.59122939816, 0.1005662032, 0.29737305735]
    ],
    [
      [0.45939839258, 0.33996256347, 0.17562648074, 0.02501256321],
      [0.042125974999, 0.83905709491, 0.034727497953, 0.084089432141],
      [0.0043656452596, 0.00028280893691, 0.99454476929, 0.00080677651408],
      [0.019109865591, 0.71386841904, 0.077011341407, 0.19001037396],
      [0.014179623348, 0.5611377245, 0.098725237707, 0.32595741444]
    ],
    [
      [0.47527263401, 0.33637310408, 0.16732674669, 0.021027515212],
      [0.047245733944, 0.84570469265, 0.035325357186, 0.071724216217],
      [0.006266797876, 0.0040215879275, 0.98894916156, 0.000762452632],
      [0.021317779971, 0.73583511249, 0.07723785361, 0.16560925393],
      [0.01633404853, 0.593681021, 0.10116239958, 0.2888225309]
    ],
    [
      [0.38029714318, 0.40850725209, 0.19155418475, 0.019641419978],
      [0.030735981257, 0.88067435785, 0.031596161207, 0.056993499688],
      [0.0028638974338, 0.0092525163706, 0.98716675098, 0.00071683521677],
      [0.0147264064, 0.77495716119, 0.076493521819, 0.13382291059],
      [0.011493684402, 0.64508312705, 0.10330466571, 0.24011852283]
    ],
    [
      [0.47730702591, 0.3196299506, 0.17006333305, 0.032999690441],
      [0.042991671232, 0.81008142851, 0.032802396706, 0.11412450355],
      [0.0039713793716, 0.0033794054055, 0.98866025959, 0.0039889556307],
      [0.01874830604, 0.66127478664, 0.073764362755, 0.24621254456],
      [0.013217935694, 0.49469611544, 0.089723550973, 0.40236239789]
    ],
    [
      [0.57833110211, 0.25479617283, 0.14277767907, 0.024095045994],
      [0.082640202074, 0.77907616164, 0.03594012524, 0.10234351104],
      [0.0059046983087, 0, 0.99393298113, 0.00016232056242],
      [0.029361517508, 0.66440975712, 0.078410173409, 0.22781855197],
      [0.021020978919, 0.50433144205, 0.096270202752, 0.37837737628]
    ],
    [
      [0.51888518854, 0.2947278113, 0.15146747036, 0.034919529801],
      [0.058000362689, 0.79267648669, 0.020916146793, 0.12840700383],
      [0.012246475266, 0.0091647382348, 0.97182905889, 0.0067597276066],
      [0.023601814823, 0.64011853534, 0.068527277972, 0.26775237186],
      [0.016730736477, 0.47270608212, 0.082382242739, 0.42818093867]
    ],
    [
      [0.41158038698, 0.31604612093, 0.22114250564, 0.051230986444],
      [0.029894852806, 0.66717961014, 0.14333250933, 0.15959302772],
      [0, 0, 1, 0],
      [0.013191663266, 0.56548537989, 0.0879006389, 0.33342231794],
      [0.0083637748868, 0.3881048628, 0.099288749779, 0.50424261253]
    ],
    [
      [0.37663397355, 0.40982156887, 0.19454552036, 0.018998937223],
      [0.028955964935, 0.88001368718, 0.036144177556, 0.054886170332],
      [0.0018983635756, 0.0063586279207, 0.99153604558, 0.00020696291908],
      [0.01405786872, 0.77757462149, 0.078216847777, 0.13015066201],
      [0.011026386008, 0.64837509475, 0.10540466667, 0.23519385257]
    ],
    [
      [0.48999147207, 0.33259835495, 0.16162988641, 0.015780286565],
      [0.049574946187, 0.85993292963, 0.035830499813, 0.054661624372],
      [0.0061940868949, 0.0050196511916, 0.98859504789, 0.00019121402148],
      [0.022926568409, 0.767079322, 0.078755863765, 0.13123824582],
      [0.018018951103, 0.63909880721, 0.10622612801, 0.23665611368]
    ],
    [
      [0.46990057563, 0.32755164723, 0.17921382661, 0.023333950533],
      [0.051710325434, 0.80507122842, 0.065397342001, 0.077821104144],
      [0, 0, 1, 0],
      [0.02078050969, 0.71204484864, 0.084161248393, 0.18301339328],
      [0.01551764946, 0.56275983545, 0.10855749024, 0.31316502485]
    ],
    [
      [0.24064285443, 0.47507775797, 0.24901398782, 0.03526539978],
      [0.013825033041, 0.84449709418, 0.055297070428, 0.086380802346],
      [0, 0, 0.9987101274, 0.0012898726018],
      [0.0067344467988, 0.71846868102, 0.082270450039, 0.19252642214],
      [0.0048830248414, 0.56321250177, 0.10391299714, 0.32799147625]
    ],
    [
      [4.6222318665e-32, 0.66189555226, 0.31438559207, 0.023718855673],
      [0, 0.87140220502, 0.088190116618, 0.040407678366],
      [0, 0, 1, 0],
      [0, 0.8113722748, 0.081433124216, 0.10719460098],
      [0, 0.68569660591, 0.11026591981, 0.20403747428]
    ],
    [
      [0.29806926488, 0.42073983929, 0.23111462106, 0.050076274772],
      [0.011832129387, 0.80859637719, 0.047680450094, 0.13189104333],
      [0, 0, 0.99414772663, 0.0058522733678],
      [0.0086604233069, 0.64247959041, 0.074082747054, 0.27477723923],
      [0.005701008013, 0.46844126337, 0.088300873688, 0.43755685493]
    ],
    [
      [0.54157376949, 0.24584647591, 0.16878652722, 0.043793227373],
      [0.077957082113, 0.66620938412, 0.07983252821, 0.17600100556],
      [0, 0, 0.99903608824, 0.0009639117649],
      [0.022686917683, 0.54541625688, 0.078853509713, 0.35304331572],
      [0.014546886262, 0.37039772862, 0.086566292099, 0.52848909302]
    ],
    [
      [0.43561864693, 0.40540934473, 0.14198003477, 0.016991973563],
      [0.031385998488, 0.91672057184, 0, 0.05189342967],
      [0.011137623586, 0.061629468228, 0.92283383303, 0.0043990751585],
      [0.017149366631, 0.8034973531, 0.058396394538, 0.12095688573],
      [0.013840230398, 0.68085120587, 0.080475659033, 0.2248329047]
    ],
    [
      [0.55193868236, 0.22651026391, 0.17629010911, 0.045260944621],
      [0.060236687995, 0.60059848622, 0.15448856734, 0.18467625844],
      [0, 0, 1, 0],
      [0.022298049033, 0.51747051265, 0.084426526017, 0.3758049123],
      [0.013689918654, 0.3408516252, 0.094043070857, 0.55141538528]
    ],
    [
      [0.25707298083, 0.51700261374, 0.19328299084, 0.032641414589],
      [0, 0.91817510965, 0, 0.081824890347],
      [0.025256163112, 0.064045387035, 0.90448992782, 0.0062085220339],
      [0.0076102579489, 0.76411274874, 0.056428409997, 0.17184858331],
      [0.0057280754542, 0.62109224848, 0.073053134123, 0.30012654195]
    ],
    [
      [0.32545231685, 0.43648475406, 0.21509007972, 0.022972849358],
      [0.023766121639, 0.86979216868, 0.044702871806, 0.061738837874],
      [0.001431289857, 0, 0.99847605126, 9.2658887799e-05],
      [0.011491738662, 0.76357504091, 0.080540090661, 0.14439312976],
      [0.0088236297698, 0.6276080158, 0.10738364619, 0.25618470824]
    ],
    [
      [0.50699846189, 0.30377848252, 0.16438658854, 0.024836467047],
      [0.0553105559, 0.81375468583, 0.041810524379, 0.08912423389],
      [0, 0, 1, 0],
      [0.018483321266, 0.69603725321, 0.077940762582, 0.20753866295],
      [0.013264232797, 0.53267202679, 0.098687492454, 0.35537624796]
    ],
    [
      [0.61246364942, 0.14153501063, 0.19519533036, 0.050806009595],
      [0.041736230207, 0.34649290382, 0.45002578382, 0.16174508215],
      [0, 0, 1, 0],
      [0.025781697652, 0.3700989351, 0.10420383788, 0.49991552937],
      [0.013859501823, 0.21465852849, 0.10158733168, 0.66989463801]
    ],
    [
      [0.42909025236, 0.37800907064, 0.16682779273, 0.02607288427],
      [0.036625364506, 0.86740526589, 0.013961230333, 0.08200813927],
      [0.0049195598956, 0.030490383855, 0.95916790678, 0.0054221494737],
      [0.016662660966, 0.73551886236, 0.066213170402, 0.18160530627],
      [0.012555142003, 0.58747401295, 0.086129905952, 0.31384093909]
    ],
    [
      [0, 0.76765320486, 0.20742117012, 0.024925625025],
      [0, 0.95697790617, 0, 0.043022093827],
      [4.8704124598e-18, 0.09305468032, 0.90252531471, 0.0044200049667],
      [0, 0.84678038418, 0.049505390102, 0.10371422572],
      [5.5511151231e-17, 0.71777789428, 0.070613183211, 0.2116089225]
    ],
    [
      [0.52793904069, 0.3123135483, 0.15067954266, 0.0090678683505],
      [0.06068823281, 0.87149013363, 0.036084859604, 0.031736773958],
      [0.0040228970459, 0, 0.99597710295, 0],
      [0.025879615517, 0.80693137536, 0.08180713552, 0.085381873606],
      [0.021241830167, 0.70089373765, 0.11535225954, 0.16251217264]
    ],
    [
      [0.45195404618, 0.35920863399, 0.17533766674, 0.013499653095],
      [0.058446428443, 0.86902068813, 0.034063464118, 0.038469419312],
      [0.00043881303238, 0, 0.99956118697, 0],
      [0.019224842464, 0.79183574573, 0.081259623976, 0.10767978783],
      [0.015399789251, 0.67264892828, 0.11238377649, 0.19956750598]
    ],
    [
      [0.43350224439, 0.35672251342, 0.17793272239, 0.031842519805],
      [0.037479179624, 0.83140546158, 0.030238519552, 0.10087683925],
      [0.0033987853809, 0.009057538205, 0.98453161096, 0.003012065454],
      [0.016694058364, 0.68880247096, 0.071862548853, 0.22264092182],
      [0.012014459611, 0.5253672996, 0.089147035141, 0.37347120564]
    ],
    [
      [0.41462884701, 0.36188647062, 0.19657324726, 0.026911435113],
      [0.033114509087, 0.81570104534, 0.068081179224, 0.083103266349],
      [0, 0, 1, 0],
      [0.015214649197, 0.71044464802, 0.082197499352, 0.19214320343],
      [0.011042578954, 0.55490718023, 0.10489647617, 0.32915376465]
    ],
    [
      [0.38525864827, 0.40427979723, 0.19472612133, 0.015735433169],
      [0.033899841963, 0.88140018252, 0.039701847543, 0.044998127974],
      [0.00022399882421, 0, 0.99977600118, 0],
      [0.015153496862, 0.79227230983, 0.081043731838, 0.11153046147],
      [0.012072568286, 0.67201160328, 0.11120699565, 0.20470883278]
    ],
    [
      [0.49225632505, 0.32902292585, 0.16004859619, 0.018672152907],
      [0.050908813894, 0.85235549363, 0.031328880722, 0.065406811753],
      [0.0077858344893, 0.0062463843575, 0.98548209032, 0.00048569083014],
      [0.023030462709, 0.7474953977, 0.076406744328, 0.15306739527],
      [0.017804191863, 0.61043028063, 0.10124322744, 0.27052230006]
    ],
    [
      [0.547228121, 0.30366518029, 0.13242693127, 0.016679767434],
      [0.06191443468, 0.86982976234, 0.003400929236, 0.06485487374],
      [0.010720450984, 0.027590637177, 0.95895346197, 0.0027354498652],
      [0.027929148308, 0.75673038062, 0.066513082305, 0.14882738876],
      [0.021982210981, 0.62436712545, 0.088882692519, 0.26476797105]
    ],
    [
      [0.37600726101, 0.40202573067, 0.19824239053, 0.023724617784],
      [0.029256146599, 0.862144873, 0.039612469227, 0.068986511176],
      [0.0018853387458, 0.0015015699048, 0.99614317828, 0.00046991307157],
      [0.013841012724, 0.74863275999, 0.078462712001, 0.15906351528],
      [0.010503859585, 0.60692273178, 0.10324038911, 0.27933301952]
    ],
    [
      [0.31306006345, 0.43998362594, 0.22050893971, 0.026447370897],
      [0.023326791097, 0.8580845278, 0.048071016312, 0.070517664789],
      [0, 0, 0.99990101864, 9.8981361533e-05],
      [0.010654316638, 0.7474083852, 0.080494055684, 0.16144324248],
      [0.0080728832139, 0.60479302869, 0.10511166979, 0.28202241831]
    ],
    [
      [7.6327832943e-17, 0.58247912718, 0.36416766194, 0.053353210885],
      [0, 0.67384777073, 0.26132686753, 0.064825361738],
      [0, 0, 1, 0],
      [2.7755575616e-17, 0.67798219286, 0.094112822951, 0.22790498419],
      [3.081487911e-33, 0.50395627296, 0.1121455039, 0.38389822315]
    ],
    [
      [0.30121420737, 0.43768944651, 0.20721275189, 0.053883594233],
      [0.020247475285, 0.82818769379, 0.0068074443428, 0.14475738658],
      [0.0012920370027, 0.02677334764, 0.95671997025, 0.015214645109],
      [0.0087599801086, 0.64638343855, 0.060553798881, 0.28430278246],
      [0.0059706698043, 0.47344192824, 0.072132996956, 0.448454405]
    ],
    [
      [0.38850197724, 0.38959750847, 0.19821588435, 0.023684629936],
      [0.034764061724, 0.84866715112, 0.046109498201, 0.07045928895],
      [0, 0, 1, 0],
      [0.015039377952, 0.7420339969, 0.080606779287, 0.16231984586],
      [0.011369859769, 0.5998559783, 0.10569264166, 0.28308152027]
    ],
    [
      [0.4641535381, 0.34689866896, 0.16914476065, 0.019803032289],
      [0.04411745313, 0.85617654567, 0.033463077557, 0.066242923642],
      [0.005626720199, 0.0055555094003, 0.98815510783, 0.00066266257295],
      [0.020277584157, 0.74860790478, 0.076956540265, 0.1541579708],
      [0.015548721977, 0.61048952788, 0.10152793056, 0.27243381958]
    ],
    [
      [0.52684378557, 0.31197592856, 0.13656606647, 0.02461421941],
      [0.060895253533, 0.84737360326, 0, 0.091731143202],
      [0.014062704094, 0.028328390588, 0.95158490912, 0.0060239961954],
      [0.025615178492, 0.7114350873, 0.064314968797, 0.19863476541],
      [0.019829637771, 0.56242743631, 0.08059346627, 0.33714945965]
    ],
    [
      [0.47690417401, 0.37819758217, 0.12418049927, 0.020717744543],
      [0.024851383453, 0.90797421701, 0, 0.067174399535],
      [0.031128103152, 0.069364875749, 0.89264675441, 0.0068602666885],
      [0.020297518114, 0.77213676789, 0.057519548501, 0.1500461655],
      [0.016416203633, 0.64027670708, 0.073800299617, 0.26950678967]
    ]
  ],
  "expected_outcome": [
    [
      [19.7156433149, 9.0879988841, 1.3628988812, 4.0508108635, 8.3898557002, 2.4602509114, 1.7423525815, 2.2141363662, 1.7278831456, 2.6820164124, 1.7792401462, 3.7429804099, 1.7285849687, 3.1440136539, 0, 12.089652849, 10.8539680913, 12.639144335, 8.2887710235, 3.5618570141, 12.1465456831, 24.8853370613, 15.0323051547, 14.0500175434, 25.6078757698, 6.9415961816, 1.4989089199, 17.1474063121, 37.5425116146, 7.8097726739, 11.8818158502, 14.8315885842, 2.8638421555, 4.6266488168, 15.5665556562, 1.234741161, 5.6495096032, 5.8798976649, 12.6873155421, 1.2032142721, 9.2444637331e-32, 3.2787619136, 4.3325901559, 4.7918051163, 2.2077547295, 4.3702406742, 8.4617602382, 1.0139969238, 2.4498545977, 4.7199927759, 0, 2.6396952034, 3.6156323694, 11.7045605984, 2.9024019291, 10.0167248551, 9.8451265009, 5.47228121, 4.1360798711, 8.7656817767, 0, 3.0121420737, 43.123719474, 7.4264566095, 54.2649099135, 11.9226043503],
      [14.361415489, 5.9793930162, 0.37371351931, 2.5411011547, 3.8404676015, 2.5590275316, 0.80739885325, 0.45628056446, 2.1039729989, 4.1681934521, 1.3755744004, 4.0417939422, 0.84007189844, 5.2898137268, 0, 14.895501447, 8.7073649102, 13.1587755192, 10.6149318607, 6.7857327885, 9.0836688312, 35.4060582264, 11.8149714309, 14.9636714857, 25.6152999203, 5.555359021, 0.28999803481, 13.5894562495, 38.758707302, 5.779363579, 8.4093276021, 15.9317828315, 1.9177797036, 2.0383693827, 8.8418343391, 0.94813836278, 6.1473235331, 3.9911802594, 8.8438944751, 2.3753887898, 1.3237911045, 4.6281382322, 1.9667718073, 4.459502792, 0.90604105562, 8.7890444335, 11.3486036057, 0.60755696504, 0.56614004251, 4.158099777, 4.6059192291, 1.5615677415, 2.8736690719, 9.6315078622, 2.5332052943, 10.511274728, 6.5804585171, 3.0366518029, 4.4222830374, 12.3195415264, 0, 4.3768944651, 43.2453234398, 5.5503787034, 32.1335206413, 9.4549395543],
      [6.1344509306, 2.6291728232, 0.22536539919, 1.2707872603, 2.3275797827, 0.78456722473, 0.38869047836, 0.29077856593, 0.99206109334, 1.8200840957, 0.7570757268, 1.9446740687, 0.35632798171, 2.1934251374, 0, 7.0848121968, 3.9590768509, 5.7133939425, 4.6288629277, 3.3659387135, 4.4814200848, 17.1716517871, 5.3724053485, 7.2404976905, 13.3296556982, 3.201336724, 0.1710778411, 6.4832137484, 19.1762351491, 2.9856501725, 4.1831686674, 7.4706132052, 1.0203799983, 1.1422214325, 4.5440241108, 0.66342751693, 2.9181828053, 1.939558637, 4.8387733184, 1.2450699391, 0.62877118414, 2.5422608316, 1.3502922178, 1.5617803825, 0.70516043644, 3.2858108443, 5.5923420728, 0.32877317707, 0.78078132143, 1.8351057201, 1.2445270207, 0.75339771332, 1.4027013339, 4.8041835046, 1.3760127308, 5.0628791545, 3.2009719239, 1.3242693127, 2.1806662958, 6.1742503118, 0, 2.0721275189, 22.0019631633, 2.7063161704, 14.066304846, 3.1045124818],
      [0.78849026548, 0.30343527657, 0.038022200322, 0.13730072151, 0.44209691562, 0.19615433228, 0.061558086897, 0.038804503379, 0.17608276211, 0.32970603978, 0.088109726674, 0.27055157929, 0.075015151187, 0.37274748194, 0, 0.93003350713, 0.47959014763, 0.48868620331, 0.4674341881, 0.28647148403, 0.28836540082, 1.5369529252, 0.78031806588, 0.74581328039, 1.4471686117, 0.30170807333, 0.040015204162, 0.77992369006, 2.5225459342, 0.42521357458, 0.52568788029, 0.76601537915, 0.19799814264, 0.19276036795, 1.047585894, 0.15369295933, 0.28498405834, 0.18936343878, 0.6300166644, 0.1763269989, 0.047437711346, 0.55083902249, 0.35034581898, 0.18691170919, 0.18104377848, 0.55490404802, 0.5972940833, 0.049672934094, 0.20322403838, 0.28680172697, 0.14955375015, 0.045339341752, 0.10799722476, 0.85974803474, 0.18838004579, 0.40912126239, 0.37344305814, 0.16679767434, 0.26097079563, 0.74052638511, 0, 0.53883594233, 2.6289939229, 0.31684851662, 2.5352645993, 0.51794361357]
    ],
    [
      [23.1064018254, 11.6843990231, 1.4217539576, 1.0275128558, 5.8744879721, 1.5350777035, 6.538540506, 6.039877273, 0.22384483773, 7.4817838099, 9.1211906006, 5.5118129223, 5.7778580161, 5.7461594322, 0, 11.9775485676, 12.0241187703, 12.6595116891, 6.1433270593, 1.0805821832, 13.324632247, 7.5901003613, 16.2048157147, 7.0629937149, 8.4713053004, 4.3108533883, 0.94695234069, 15.4135567452, 24.0334989321, 2.9488182499, 12.1893993576, 19.7939719296, 2.1065918904, 3.8840894975, 7.5980475122, 1.5545323459, 4.430262635, 11.0552129996, 15.151125352, 1.5760537667, 0, 0.52061369304, 2.3387124634, 1.1926679426, 1.5661538879, 0, 13.2614958746, 0.82965833851, 0.41736230207, 4.5415451988, 0, 3.4592292702, 2.7469821368, 1.6865630831, 1.8544125089, 6.9494676024, 9.4181305704, 13.5592611949, 4.8565203355, 9.8672326342, 0, 4.0899900075, 26.6640353425, 6.7940877821, 47.3765072488, 2.3111786611],
      [412.0499360669, 191.0598367251, 8.1099943065, 16.2640291167, 45.8541962637, 178.4747696827, 81.2988387925, 25.0120248918, 14.6454984537, 327.0312319125, 179.9701420612, 167.243063794, 75.4971032424, 327.0205075927, 9.9159959802, 399.8598992021, 246.4729039129, 348.4148528874, 223.0446059999, 70.6998709702, 192.7693388469, 311.4793648032, 326.413271236, 201.0972599793, 213.6956178943, 81.2090473631, 6.5744973666, 310.0900950052, 672.7770933573, 58.7339966435, 218.1918107046, 567.1542864543, 39.6939899972, 36.6165795972, 103.8406197564, 34.6933397273, 134.6420941382, 191.7650433072, 235.8858699274, 96.272668737, 14.8138374853, 35.5782405963, 19.9862815236, 34.83538173, 15.6155606418, 288.3069844311, 485.3440301245, 12.2063202875, 3.4649290382, 107.5582529705, 10.5267569679, 49.6749376168, 40.843972342, 37.4132457709, 45.679258539, 180.6870374165, 157.6857663219, 190.4927179533, 143.1160489175, 362.96975526, 7.4123254781, 167.2939141454, 650.9277049126, 131.8511880333, 659.2566633396, 84.4416021822],
      [1.1586457968, 2.143912434, 0.39837654705, 0.62411721327, 2.7368682212, 0, 1.6333471126, 2.2156663654, 0.48672066192, 3.2364814592, 14.4513872384, 5.8960736759, 1.3676723119, 0, 0.15983878852, 14.0561079942, 5.0907786986, 6.5253169707, 4.729728244, 7.5023086326, 10.2922805542, 18.058426815, 5.8746999548, 8.2559636179, 16.2856526692, 13.9282612668, 0.26316609103, 10.3544881273, 29.3962829728, 2.4309248567, 9.1139421539, 20.3479278172, 1.6073174386, 1.6891858863, 2.7400152299, 7.4532904854, 5.5300591661, 7.9902014583, 19.1614212064, 6.3038660288, 1.4992319825, 2.0979398041, 2.3949758463, 0, 4.0167027509, 0, 24.9442024675, 0.62715786568, 4.5002578382, 1.7311925612, 0, 2.0568369974, 1.6009828135, 1.3607333798, 3.8125460366, 8.1388787464, 5.7958429335, 0.74480350269, 6.5756698917, 20.3340399, 2.8745955428, 1.3751037573, 35.3659851201, 5.1533139437, 0, 0],
      [30.685016311, 13.1118518178, 1.0698751888, 1.0843408142, 7.534447543, 18.9901526137, 8.5292735889, 2.7324314698, 1.6439360467, 36.2505028184, 15.4572800998, 15.3490496078, 9.3573664296, 32.233332975, 1.9241652313, 34.1064442361, 18.4121986182, 17.4003184528, 13.0823386968, 3.717238214, 7.613748352, 17.8721080204, 29.5072130945, 13.583782688, 16.5474241362, 5.5518379818, 1.2153842016, 24.1418601223, 59.7931247379, 5.8862602498, 18.504847784, 36.703813799, 5.5921006738, 4.810145019, 16.8213175015, 8.2988374414, 8.3975840607, 12.1895422349, 22.8015835142, 9.8474114674, 0.68693053222, 5.8032059065, 5.2800301667, 1.9719503274, 4.8015827195, 25.6930155689, 34.4502715335, 1.3368635083, 1.6174508215, 10.1690092695, 0.47324303209, 1.8089961156, 1.8080627077, 4.5394577662, 4.6537829156, 9.2246162348, 12.1002601742, 14.2032173491, 11.4517608553, 29.8289722059, 0.71307897912, 29.2409920898, 54.0422746248, 10.2014102409, 71.3668294115, 6.2472191568]
    ],
    [
      [2.3686986984, 1.8973049216, 0.083640810414, 0.53345483416, 0, 4.6863762281, 0.74898369852, 0, 0, 0.22328859751, 0, 0.19787776684, 0.050560808491, 1.3425634027, 0, 0.99898341481, 1.0502692266, 1.2981644219, 0.29702935329, 0, 0, 0, 2.8886389149, 0.78921883521, 0, 0, 1.3447612647, 1.64631515, 1.4496817964, 0.94734502133, 1.4476303094, 1.3088011273, 0.61953518197, 0.86799065138, 1.9716825178, 0, 0.26197417343, 0.9724716425, 0, 0, 0, 0, 0, 0.80190889821, 0, 5.202769601, 0.68701913135, 0, 0, 1.0872227369, 6.8185774437e-17, 0.50286213074, 0.11409138842, 0.44863967028, 0, 0.071903622573, 1.4248077115, 2.2512947066, 0.36009970045, 0, 0, 0.34368184271, 0, 0.91152867223, 11.8548595515, 4.4513187508],
      [6.7716557857, 4.5708386713, 0, 0.05460492475, 0, 0.50916276436, 1.1877368794, 0, 0.70445955569, 1.413645412, 0, 0.68991721045, 0.065639069882, 2.5976352493, 2.4410518353, 6.0255910697, 2.8460311794, 7.0461258008, 2.5091189026, 0, 0, 0, 10.0763181191, 0.94658392542, 0, 0, 0.33247685429, 2.7703731965, 3.2736516444, 0.06136953931, 0.92898681126, 4.2283999814, 0.52718724326, 0, 1.4755228558, 0, 0.87749065305, 0.78808523709, 0, 0, 0, 0, 0, 4.4373217124, 0, 13.1933497292, 0, 0, 0, 6.738374832, 1.3027655245, 0, 0, 1.1955950431, 0, 0, 1.1430883374, 5.7940338071, 0.28679985181, 0, 0, 7.1217104724, 0, 0.89999252285, 23.8808332655, 9.9191772321],
      [291.1391656826, 196.1546024059, 57.9163591896, 88.4119402411, 179.9466586092, 22.6955547778, 77.7796925269, 50, 62.0442848822, 100.9979095523, 109, 75.955859801, 6.864909907, 129.5269886922, 50.6860473124, 608.7031016038, 182.7765276301, 337.3256012293, 146.0779039031, 302, 631, 1091, 444.3470418275, 486.2641972394, 649, 222, 59.1041992372, 292.2290755802, 736.1792437794, 215.8162149358, 228.4472563214, 451.1352051973, 154.2310004964, 146.1081482259, 156.4644784817, 87, 136.8319742907, 155.209422519, 402, 66.9135785357, 91, 194.8529544199, 144.8602327941, 66.444035978, 90, 186.3249251308, 479.2685046025, 87, 54, 211.9761073974, 12.635354406, 124.4971378693, 259.8859086116, 129.9581726467, 74, 320.9280963774, 180.3432225291, 201.3802270146, 190.2633470511, 580.9424918289, 51, 254.4875120858, 1239, 160.0811274681, 802.1860783903, 127.6484858807],
      [0.72047983329, 0.37725400124, 0, 0, 0.053341390788, 0.10890622973, 0.28358689523, 0, 0.25125556211, 0.36515643815, 0, 0.15634522167, 0.018890214674, 0.53281265576, 0.87290085225, 1.2723239116, 0.32717196398, 0.33010854805, 0.11594784102, 0, 0, 0, 1.6880011385, 0, 0, 0, 0.21856264382, 0.3542360733, 1.0974227798, 0.17507050356, 0.17612655799, 0.32759369406, 0.62227707839, 0.023861122676, 1.0883161447, 0, 0.028560882833, 0.030020601372, 0, 0.086421464322, 0, 1.1470455801, 0.13976720591, 0.31673341141, 0, 1.278955539, 0.044476266144, 0, 0, 1.1982950337, 0.061880069534, 0, 0, 0.39759263993, 0, 0, 0.088881421916, 0.5744444717, 0.08975339667, 0.057508171051, 0, 4.0470955991, 0, 0.10735133682, 5.0782287928, 0.98101813645]
    ],
    [
      [1.316788547, 0.72279454562, 0.034680377501, 0.24895309899, 0.32873520038, 0.098522148069, 0.38525297501, 0.40361146371, 0.020131444052, 0.27949384596, 0.37364702905, 0.25609783476, 0.16269945717, 0.38770430897, 0, 0.9664908718, 0.62076428818, 0.80530616259, 0.33390571679, 0.17651658816, 0.67583593646, 0.64775348834, 0.81113647157, 0.5104352164, 0.56055949258, 0.45453464694, 0.089226647263, 1.0551666292, 1.3496064617, 0.095549327957, 0.74612229898, 0.92776360321, 0.22497967248, 0.41106124511, 0.49563811129, 0.11872496939, 0.39362032415, 0.64194391545, 1.0598059942, 0.12795448918, 0, 0.086604233069, 0.22686917683, 0.10289619979, 0.089192196133, 0.19786670667, 0.80442170631, 0.036966642532, 0.077345092956, 0.34991588029, 0, 0.20703692414, 0.23069810956, 0.10016435018, 0.12171719358, 0.51521889332, 0.7600052694, 0.83787444923, 0.33218430538, 0.77776511456, 1.6653345369e-16, 0.31535928391, 2.1656704251, 0.58804994056, 2.3309812428, 0.10148759057],
      [45.728743866, 23.0130800076, 0.64227745503, 8.2516424205, 7.5669778048, 5.1595448934, 9.1908783454, 4.5445873245, 1.4083362594, 21.6476774678, 14.5397847712, 13.9748218177, 4.1432255505, 32.6867673474, 1.2314204665, 58.9523394749, 24.2844051399, 41.0352750522, 21.3429812503, 17.3429181562, 24.88005197, 45.5605071117, 30.9612337896, 26.9093552812, 27.7447997955, 18.5390169728, 1.1712845282, 40.5302971863, 68.5061379728, 3.5693420952, 25.7542289372, 48.8223011548, 7.9352974397, 9.3017365996, 13.4424892422, 5.089368419, 21.7720894018, 21.4782210161, 36.3142872807, 13.6509049394, 6.4909781984, 6.4247959041, 5.4541625688, 4.8209841186, 2.0698820506, 19.8669314673, 53.4502528639, 1.3920745064, 1.1102968053, 15.4458961096, 0.84678038418, 6.4554510028, 9.5020289487, 4.1328148258, 5.6835571841, 26.9372585341, 24.667348124, 22.7019114187, 17.9671862398, 54.5608121193, 4.0678931572, 23.2698037877, 106.8528955532, 21.7096292386, 64.7405929445, 3.8606838394],
      [3.9790578442, 2.0728327737, 0.078892379805, 0.86397633074, 0.96108837976, 0.32439253902, 0.90738003965, 0.61511559657, 0.13714094521, 1.9421841785, 1.7337520221, 1.4104331671, 0.36212406699, 2.6949332907, 0.098825258517, 5.8946969568, 2.2940343888, 3.6867198202, 1.9377788828, 1.8355817968, 2.592180596, 4.6668050964, 2.9210485982, 2.7484421576, 3.0376221977, 2.331535237, 0.14080111488, 4.0549833522, 7.1633076192, 0.38505670703, 2.7033248763, 4.8190918746, 0.88517235306, 1.0977424277, 1.4390728374, 0.7911057501, 2.1900717377, 2.2051641854, 4.292223668, 1.5631385507, 0.65146499373, 0.74082747054, 0.78853509713, 0.35037836723, 0.33770610407, 1.4671386599, 5.6378063463, 0.15588152516, 0.31261151364, 1.3904765784, 0.049505390102, 0.65445708416, 0.97511548771, 0.43117529312, 0.65757999482, 2.7554868825, 2.5214225628, 1.9953924691, 1.883105088, 5.8760660649, 0.5646769377, 2.1799367597, 11.6073762173, 2.2317396677, 5.8526621605, 0.28759774251],
