{
  "Z_true": {},
  "V_true": [
    [30, 56, 1152, 201],
    [1994, 2731, 399, 215],
    [1886, 9138, 378, 447],
    [433, 432, 12311, 648],
    [249, 823, 437, 533]
  ],
  "p_true": [
    [0.0208, 0.0389, 0.8006, 0.1397],
    [0.3735, 0.5115, 0.0747, 0.0403],
    [0.1592, 0.7712, 0.0319, 0.0377],
    [0.0313, 0.0312, 0.8906, 0.0469],
    [0.1219, 0.403, 0.214, 0.261]
  ],
  "Z_est": [
    [
      [0.668, 0.4152, 0.8521, 0.1793, 1.1634, 0.0017, 0.0846, 0.1083, 0.0582, 0.0124, 0.0572, 1.3377, 1.7641, 1.135, 0.5658, 0.5817, 1.1116, 0.4716, 0.1152, 0.8686, 0.4907, 0.0415, 0.9819, 0.138, 0.1687, 0.3238, 0.2663, 0.0945, 0.3064, 0.2193, 1.0054, 1.0036, 1.3184, 1.3202, 0.1476, 0.1903, 1.0257, 0.2008, 0.6634, 0.0099, 1.5134, 0.1938, 3.3032, 0.6809],
      [1.5709, 1.0893, 2.5105, 1.5618, 2.0918, 0.0042, 0.194, 0.3009, 0.0111, 0.0616, 0.1232, 1.6135, 3.9253, 2.0072, 0.6606, 0.9589, 2.1702, 0.5498, 0.3631, 1.1968, 0.6992, 0.3603, 1.8348, 0.4837, 0.1807, 0.7485, 0.7497, 0.1775, 0.5174, 0.3793, 0.9141, 0.648, 0.9552, 0.8775, 0.1175, 0.2124, 0.8585, 0.2927, 1.6139, 0.007, 2.5932, 0.397, 3.5863, 1.2565],
      [81.3203, 58.8003, 36.2926, 29.1961, 62.5487, 0.9772, 9.5397, 7.2941, 0.8996, 1.8933, 3.6931, 40.4559, 27.291, 26.2786, 10.482, 30.1024, 15.4486, 89.0419, 14.1906, 48.8956, 8.4204, 9.5145, 11.7069, 12.9483, 20.0606, 50.2302, 39.011, 24.1567, 15.6649, 32.8363, 26.7008, 17.8714, 27.1831, 28.4976, 5.6581, 4.5149, 11.9098, 16.1667, 53.765, 0.9354, 115.3299, 16.9225, 152.9569, 40.6138],
      [2.4407, 1.6951, 1.3448, 1.0628, 1.196, 0.0169, 0.1817, 0.2967, 0.0311, 0.0327, 0.1265, 0.5928, 1.0197, 0.5792, 0.3131, 0.3569, 0.2696, 1.9369, 0.3311, 1.039, 0.3897, 0.0838, 0.4763, 0.4299, 0.5899, 0.7469, 0.973, 0.5713, 0.5112, 0.567, 0.3796, 0.477, 0.5436, 0.4622, 0.0768, 0.0825, 0.206, 0.3398, 0.9578, 0.0477, 1.5635, 0.4867, 4.1537, 0.4488]
    ],
    [
      [120.4055, 38.0412, 54.9575, 21.7634, 96.5606, 5.6648, 15.6237, 8.3378, 4.5953, 1.8728, 11.4804, 147.8621, 88.1406, 42.0477, 28.1043, 89.9669, 28.718, 67.0291, 10.1132, 42.0894, 37.9175, 1.7579, 25.7235, 23.5121, 12.3433, 78.6186, 37.5723, 18.678, 23.8777, 17.4416, 85.4777, 45.6572, 69.7412, 129.4916, 32.0814, 25.1953, 27.4521, 34.7975, 84.3321, 2.5522, 204.9002, 34.2778, 335.2005, 108.6678],
      [152.4642, 41.0214, 96.0688, 43.9253, 105.5693, 6.747, 17.8803, 10.7693, 2.6179, 4.4479, 17.4423, 150.0357, 126.4678, 41.1674, 30.8425, 105.0716, 29.7445, 59.0917, 9.2212, 41.3522, 42.9347, 3.0035, 32.0512, 43.4064, 11.9583, 90.307, 49.6203, 22.2918, 23.6592, 18.2081, 69.5472, 26.1433, 45.5777, 78.5105, 27.5852, 23.9839, 16.9223, 39.8913, 104.2497, 3.2952, 220.5715, 32.8965, 275.1794, 130.9914],
      [14.1644, 4.1694, 3.9527, 1.8003, 8.5524, 0.9828, 1.4322, 0.8823, 0.4122, 0.5497, 1.5693, 14.079, 5.1667, 4.7025, 2.3286, 10.1918, 0.7795, 11.8431, 1.0047, 4.258, 1.5716, 0.1951, 0.6312, 3.4884, 1.7811, 13.5493, 6.5168, 3.4859, 2.403, 3.4425, 7.861, 2.9729, 6.5545, 14.3538, 3.0497, 1.818, 0.9704, 5.1093, 9.3528, 0.5629, 24.0915, 3.1003, 27.0469, 11.8175],
      [12.9659, 2.7681, 6.021, 2.5109, 5.3177, 0.6053, 1.0639, 1.0106, 0.3747, 0.1294, 1.5079, 6.0231, 5.2249, 2.0824, 1.6861, 3.7697, 0.7581, 3.0355, 0.6609, 1.3004, 3.5762, 0.0435, 1.5941, 3.5931, 0.9174, 4.3579, 2.2906, 1.5444, 2.0601, 0.9042, 3.114, 2.2266, 3.1258, 5.1508, 1.2837, 1.0028, 0.6553, 3.2019, 5.0654, 0.5898, 9.4368, 2.7254, 22.5732, 4.5234]
    ],
    [
      [53.0771, 23.8762, 29.5689, 12.7861, 51.91, 3.3151, 8.7207, 4.0209, 0.7907, 0.5413, 4.7694, 78.8587, 54.6292, 30.5827, 17.5741, 44.8181, 24.0747, 43.4623, 9.4873, 19.6129, 19.9636, 1.1369, 17.0916, 9.8777, 4.8081, 42.253, 16.1043, 8.6347, 12.138, 8.6032, 52.3473, 36.79, 36.7812, 67.5874, 15.6445, 11.9887, 22.4014, 13.5512, 47.4548, 2.0319, 104.4638, 18.5124, 186.9396, 51.3405],
      [480.7107, 248.3377, 356.3084, 218.6056, 407.9434, 36.97, 75.9523, 38.3895, 2.7285, 6.0042, 39.5525, 421.544, 482.853, 267.5677, 128.314, 325.2062, 137.7057, 266.7704, 91.6575, 136.4721, 126.8758, 19.2896, 126.7082, 110.1971, 40.3496, 330.0353, 152.6773, 90.641, 94.9186, 63.3527, 211.1464, 117.6829, 136.8216, 243.2285, 76.4037, 66.963, 82.8686, 98.4504, 432.6835, 39.9312, 789.0287, 152.9182, 1149.226, 368.7731],
      [13.5798, 11.8822, 6.541, 5.5435, 11.8581, 2.6954, 3.4042, 0.67, 0.0061, 0.094, 0.6211, 9.4814, 7.1901, 8.4253, 3.8054, 9.1274, 1.496, 21.5718, 5.1908, 3.7083, 0.8912, 0.8676, 1.2444, 2.3988, 1.6164, 18.4538, 6.4023, 5.4909, 2.5117, 3.9564, 5.2103, 2.6729, 3.1752, 8.8504, 1.5127, 0.8845, 0.9008, 2.568, 17.6613, 1.0494, 27.8374, 3.6926, 33.641, 8.6345],
      [71.6324, 29.9038, 42.5817, 25.0648, 38.2884, 6.0196, 7.9228, 5.9196, 0.4747, 0.3603, 6.057, 31.116, 37.3277, 20.4242, 12.2072, 22.8483, 6.7237, 25.1941, 9.6645, 8.2069, 16.2693, 0.7059, 10.9557, 15.5264, 5.2259, 29.8817, 13.8161, 12.2333, 13.4317, 6.0805, 16.296, 13.8542, 14.2209, 22.5932, 6.4392, 5.1638, 4.8293, 12.4304, 40.2004, 10.9874, 64.6701, 19.8768, 155.1934, 24.2519]
    ],
    [
      [7.9415, 3.9991, 2.3923, 1.543, 6.9039, 0.3528, 1.2016, 0.5056, 0.6626, 0.0833, 0.5071, 11.1146, 6.2974, 1.6597, 0.9197, 7.2365, 5.656, 7.6534, 1.0965, 7.4475, 4.6537, 0.2162, 2.4732, 0.7641, 2.0375, 4.7785, 2.5066, 1.8901, 1.4664, 1.3393, 7.1576, 5.6981, 4.8182, 8.0229, 4.4327, 3.505, 7.4676, 1.9743, 4.5725, 0.235, 15.5872, 3.1968, 30.6779, 12.402],
      [21.601, 12.5381, 17.3391, 16.9406, 20.623, 1.9746, 4.7244, 1.3954, 0.0823, 0.4395, 1.6889, 14.2077, 16.2614, 8.4817, 1.7059, 15.6228, 11.2894, 11.5381, 4.1293, 13.2944, 6.9335, 1.98, 5.1913, 4.4131, 3.0672, 13.3591, 6.6155, 5.0188, 2.9935, 2.0688, 5.7975, 2.4049, 1.8331, 2.7908, 4.4132, 4.2672, 6.6178, 3.9396, 18.9645, 0.9846, 43.4253, 9.6337, 45.0092, 27.9254],
      [792.317, 484.8935, 302.1868, 260.3499, 549.4126, 52.0676, 115.375, 50.636, 9.58, 13.262, 45.6899, 408.364, 242.3824, 179.39, 66.1808, 367.0495, 120.8215, 823.3611, 126.647, 394.8752, 94.5745, 48.0119, 70.1663, 119.9596, 165.7533, 541.394, 302.0382, 265.8563, 120.3138, 177.8441, 232.9641, 140.0552, 165.4767, 243.1649, 106.0384, 73.2391, 109.8414, 163.1675, 513.8623, 40.2041, 1231.3252, 219.3253, 1557.5828, 543.856],
      [53.1404, 25.5694, 20.0817, 19.1665, 22.0605, 3.6051, 5.699, 3.463, 0.6752, 0.2156, 3.1142, 11.3137, 9.0588, 5.4686, 2.3209, 10.0913, 4.233, 17.4493, 5.1272, 12.3829, 8.8383, 0.7918, 4.1692, 7.8632, 10.1421, 14.0141, 7.8397, 12.2349, 7.2263, 3.7579, 6.0808, 5.8418, 4.874, 6.3371, 4.1157, 2.9887, 4.0732, 7.9187, 18.6006, 4.5762, 38.6622, 14.8443, 94.7302, 17.8166]
    ],
    [
      [26.9078, 12.6684, 15.2292, 6.7282, 26.462, 0.6657, 1.3694, 4.0274, 0.8931, 0.4901, 4.1859, 28.8269, 21.1687, 15.5749, 4.8361, 20.3969, 8.4398, 16.3835, 6.1879, 9.9816, 6.9746, 0.8475, 3.7299, 4.708, 2.6424, 17.026, 9.5504, 4.7028, 8.2115, 4.3965, 19.0119, 19.8511, 20.3411, 42.5778, 7.6939, 7.1207, 11.6533, 5.4762, 17.9772, 2.171, 52.5353, 13.8192, 83.8788, 13.9089],
      [45.6532, 23.0136, 36.7732, 20.9666, 39.7724, 1.3042, 2.249, 8.1448, 0.5603, 1.0468, 8.1931, 35.5991, 43.4925, 27.776, 8.477, 29.1404, 12.0902, 21.0499, 10.6289, 12.6845, 10.5567, 2.3666, 6.2144, 10.4998, 3.4442, 25.5501, 15.3372, 7.8709, 12.9113, 5.9911, 20.5948, 19.1209, 19.8124, 41.5927, 8.4804, 8.5735, 12.7329, 7.426, 30.4884, 13.7821, 74.3814, 23.1546, 106.9993, 19.0537],
      [6.6184, 4.2545, 3.0269, 2.1102, 5.6281, 0.277, 0.249, 1.5177, 0.1022, 0.201, 1.4266, 6.6197, 4.9698, 4.2036, 1.2032, 5.5289, 1.4544, 6.1821, 1.967, 2.2628, 0.5423, 0.4109, 0.2511, 1.2049, 0.7886, 5.3726, 3.0318, 2.0103, 2.1065, 1.9206, 4.2637, 4.4276, 4.6105, 12.1333, 1.7411, 1.5435, 2.3776, 0.9886, 4.3587, 2.2481, 13.416, 3.9593, 14.7724, 2.0782],
      [26.8206, 11.0636, 16.9707, 9.1949, 16.1374, 0.7531, 1.1327, 4.3101, 0.4444, 0.262, 4.1944, 11.9543, 14.369, 8.4455, 3.4726, 8.9339, 3.0156, 9.3842, 4.2163, 4.0709, 5.9264, 0.375, 2.8046, 5.5874, 2.1248, 9.9994, 6.0807, 4.4161, 6.7706, 2.6904, 7.1296, 8.6004, 8.2357, 14.4566, 3.0846, 2.7623, 3.2362, 4.1092, 12.1757, 9.7989, 26.6673, 11.0668, 59.3495, 6.9592]
    ]
  ],
  "V_est": [
    [27.1595, 43.4257, 1338.2174, 30.4284],
    [2420.6415, 2524.7337, 248.5479, 144.3731],
    [1324.922, 9290.7644, 289.0166, 943.0711],
    [207.0476, 425.5251, 12650.8566, 542.574],
    [612.2294, 895.551, 150.3615, 383.5534]
  ],
  "p_est": [
    [0.0189, 0.0302, 0.9298, 0.0211],
    [0.4534, 0.4729, 0.0466, 0.027],
    [0.1118, 0.7842, 0.0244, 0.0796],
    [0.015, 0.0308, 0.915, 0.0392],
    [0.2999, 0.4386, 0.0736, 0.1879]
  ],
  "EI_Z": {},
  "EI_V": 5.9065,
  "MAE_Z": {},
  "MAE_V": 203.7331,
  "MAE_p": 0.0502,
  "runtime": 94.878
}
