{
  "Z_true": {},
  "V_true": [
    [136, 560, 441, 64, 64],
    [278, 5425, 629, 403, 133],
    [888, 351, 15606, 399, 378],
    [219, 496, 409, 88, 49],
    [614, 207, 695, 115, 192]
  ],
  "p_true": [
    [0.1075, 0.4427, 0.3486, 0.0506, 0.0506],
    [0.0405, 0.7899, 0.0916, 0.0587, 0.0194],
    [0.0504, 0.0199, 0.8856, 0.0226, 0.0215],
    [0.1737, 0.3933, 0.3243, 0.0698, 0.0389],
    [0.3368, 0.1135, 0.3812, 0.0631, 0.1053]
  ],
  "Z_est": [
    [
      [12.5114, 30.3468, 13.8424, 10.9142, 10.9142, 11.979, 2.9282, 10.9142, 17.0368, 17.0368, 14.1086, 3.4606, 2.3958, 2.3958, 8.7846, 22.0946, 5.5902, 2.1296, 16.5044, 13.8424, 0.5324, 0.7986, 2.1296, 1.331, 0.7986, 14.3748, 7.1874, 0, 0, 29.0158, 0, 0, 0.5324, 10.3818, 3.7268, 29.0158, 7.1874],
      [11.0638, 26.8356, 12.2408, 9.6514, 9.6514, 10.593, 2.5894, 9.6514, 15.0656, 15.0656, 12.4762, 3.0602, 2.1186, 2.1186, 7.7682, 19.5382, 4.9434, 1.8832, 14.5948, 12.2408, 0.4708, 0.7062, 1.8832, 1.177, 0.7062, 12.7116, 6.3558, 0, 0, 25.6586, 0, 0, 0.4708, 9.1806, 3.2956, 25.6586, 6.3558],
      [10.3588, 25.1256, 11.4608, 9.0364, 9.0364, 9.918, 2.4244, 9.0364, 14.1056, 14.1056, 11.6812, 2.8652, 1.9836, 1.9836, 7.2732, 18.2932, 4.6284, 1.7632, 13.6648, 11.4608, 0.4408, 0.6612, 1.7632, 1.102, 0.6612, 11.9016, 5.9508, 0, 0, 24.0236, 0, 0, 0.4408, 8.5956, 3.0856, 24.0236, 5.9508],
      [4.982, 12.084, 5.512, 4.346, 4.346, 4.77, 1.166, 4.346, 6.784, 6.784, 5.618, 1.378, 0.954, 0.954, 3.498, 8.798, 2.226, 0.848, 6.572, 5.512, 0.212, 0.318, 0.848, 0.53, 0.318, 5.724, 2.862, 0, 0, 11.554, 0, 0, 0.212, 4.134, 1.484, 11.554, 2.862],
      [8.0793, 19.5966, 8.9388, 7.0479, 7.0479, 7.7355, 1.8909, 7.0479, 11.0016, 11.0016, 9.1107, 2.2347, 1.5471, 1.5471, 5.6727, 14.2677, 3.6099, 1.3752, 10.6578, 8.9388, 0.3438, 0.5157, 1.3752, 0.8595, 0.5157, 9.2826, 4.6413, 0, 0, 18.7371, 0, 0, 0.3438, 6.7041, 2.4066, 18.7371, 4.6413]
    ],
    [
      [6.2478, 18.0414, 7.2306, 5.1246, 14.8473, 5.3703, 11.7234, 2.3166, 9.1611, 10.0386, 11.5479, 24.0786, 12.0744, 1.2285, 4.1769, 5.0895, 2.7378, 1.0881, 8.9505, 5.3001, 3.4749, 3.8961, 0.8424, 0.7371, 0.1053, 2.457, 2.9835, 0.0351, 0.0351, 29.6244, 0.0351, 0.1053, 1.404, 3.3345, 3.51, 20.8143, 1.2987],
      [154.771, 446.923, 179.117, 126.947, 367.7985, 133.0335, 290.413, 57.387, 226.9395, 248.677, 286.0655, 596.477, 299.108, 30.4325, 103.4705, 126.0775, 67.821, 26.9545, 221.7225, 131.2945, 86.0805, 96.5145, 20.868, 18.2595, 2.6085, 60.865, 73.9075, 0.8695, 0.8695, 733.858, 0.8695, 2.6085, 34.78, 82.6025, 86.95, 515.6135, 32.1715],
      [6.1232, 17.6816, 7.0864, 5.0224, 14.5512, 5.2632, 11.4896, 2.2704, 8.9784, 9.8384, 11.3176, 23.5984, 11.8336, 1.204, 4.0936, 4.988, 2.6832, 1.0664, 8.772, 5.1944, 3.4056, 3.8184, 0.8256, 0.7224, 0.1032, 2.408, 2.924, 0.0344, 0.0344, 29.0336, 0.0344, 0.1032, 1.376, 3.268, 3.44, 20.3992, 1.2728],
      [8.0456, 23.2328, 9.3112, 6.5992, 19.1196, 6.9156, 15.0968, 2.9832, 11.7972, 12.9272, 14.8708, 31.0072, 15.5488, 1.582, 5.3788, 6.554, 3.5256, 1.4012, 11.526, 6.8252, 4.4748, 5.0172, 1.0848, 0.9492, 0.1356, 3.164, 3.842, 0.0452, 0.0452, 38.1488, 0.0452, 0.1356, 1.808, 4.294, 4.52, 26.8036, 1.6724],
      [2.8124, 8.1212, 3.2548, 2.3068, 6.6834, 2.4174, 5.2772, 1.0428, 4.1238, 4.5188, 5.1982, 10.8388, 5.4352, 0.553, 1.8802, 2.291, 1.2324, 0.4898, 4.029, 2.3858, 1.5642, 1.7538, 0.3792, 0.3318, 0.0474, 1.106, 1.343, 0.0158, 0.0158, 13.3352, 0.0158, 0.0474, 0.632, 1.501, 1.58, 9.3694, 0.5846]
    ],
    [
      [20.769, 42.9312, 23.6844, 18.0342, 14.3964, 10.1136, 4.2054, 12.3582, 37.0746, 28.767, 19.8918, 1.6512, 0.8256, 1.4706, 8.7462, 21.4914, 6.4758, 3.1734, 32.25, 17.9568, 0.129, 0.1806, 2.6832, 1.3932, 0.3612, 9.3396, 12.5646, 0.5676, 0.0258, 53.2254, 0.2322, 0.3612, 0.258, 10.5522, 5.16, 27.09, 4.257],
      [9.0965, 18.8032, 10.3734, 7.8987, 6.3054, 4.4296, 1.8419, 5.4127, 16.2381, 12.5995, 8.7123, 0.7232, 0.3616, 0.6441, 3.8307, 9.4129, 2.8363, 1.3899, 14.125, 7.8648, 0.0565, 0.0791, 1.1752, 0.6102, 0.1582, 4.0906, 5.5031, 0.2486, 0.0113, 23.3119, 0.1017, 0.1582, 0.113, 4.6217, 2.26, 11.865, 1.8645],
      [763.0595, 1577.3056, 870.1722, 662.5821, 528.9282, 371.5768, 154.5077, 454.0441, 1362.1323, 1056.9085, 730.8309, 60.6656, 30.3328, 54.0303, 321.3381, 789.6007, 237.9229, 116.5917, 1184.875, 659.7384, 4.7395, 6.6353, 98.5816, 51.1866, 13.2706, 343.1398, 461.6273, 20.8538, 0.9479, 1955.5177, 8.5311, 13.2706, 9.479, 387.6911, 189.58, 995.295, 156.4035],
      [6.118, 12.6464, 6.9768, 5.3124, 4.2408, 2.9792, 1.2388, 3.6404, 10.9212, 8.474, 5.8596, 0.4864, 0.2432, 0.4332, 2.5764, 6.3308, 1.9076, 0.9348, 9.5, 5.2896, 0.038, 0.0532, 0.7904, 0.4104, 0.1064, 2.7512, 3.7012, 0.1672, 0.0076, 15.6788, 0.0684, 0.1064, 0.076, 3.1084, 1.52, 7.98, 1.254],
      [5.8765, 12.1472, 6.7014, 5.1027, 4.0734, 2.8616, 1.1899, 3.4967, 10.4901, 8.1395, 5.6283, 0.4672, 0.2336, 0.4161, 2.4747, 6.0809, 1.8323, 0.8979, 9.125, 5.0808, 0.0365, 0.0511, 0.7592, 0.3942, 0.1022, 2.6426, 3.5551, 0.1606, 0.0073, 15.0599, 0.0657, 0.1022, 0.073, 2.9857, 1.46, 7.665, 1.2045]
    ],
    [
      [20.3934, 18.1551, 15.9168, 14.922, 11.6889, 9.4506, 6.4662, 6.2175, 15.9168, 15.6681, 5.7201, 9.6993, 6.9636, 2.2383, 5.9688, 15.6681, 3.9792, 2.2383, 19.3986, 7.461, 0, 1.4922, 1.7409, 1.2435, 0, 8.4558, 3.4818, 0.7461, 0, 44.2686, 0, 0.4974, 0.7461, 12.6837, 5.2227, 18.6525, 0.2487],
      [19.1552, 17.0528, 14.9504, 14.016, 10.9792, 8.8768, 6.0736, 5.84, 14.9504, 14.7168, 5.3728, 9.1104, 6.5408, 2.1024, 5.6064, 14.7168, 3.7376, 2.1024, 18.2208, 7.008, 0, 1.4016, 1.6352, 1.168, 0, 7.9424, 3.2704, 0.7008, 0, 41.5808, 0, 0.4672, 0.7008, 11.9136, 4.9056, 17.52, 0.2336],
      [15.4652, 13.7678, 12.0704, 11.316, 8.8642, 7.1668, 4.9036, 4.715, 12.0704, 11.8818, 4.3378, 7.3554, 5.2808, 1.6974, 4.5264, 11.8818, 3.0176, 1.6974, 14.7108, 5.658, 0, 1.1316, 1.3202, 0.943, 0, 6.4124, 2.6404, 0.5658, 0, 33.5708, 0, 0.3772, 0.5658, 9.6186, 3.9606, 14.145, 0.1886],
      [16.0966, 14.3299, 12.5632, 11.778, 9.2261, 7.4594, 5.1038, 4.9075, 12.5632, 12.3669, 4.5149, 7.6557, 5.4964, 1.7667, 4.7112, 12.3669, 3.1408, 1.7667, 15.3114, 5.889, 0, 1.1778, 1.3741, 0.9815, 0, 6.6742, 2.7482, 0.5889, 0, 34.9414, 0, 0.3926, 0.5889, 10.0113, 4.1223, 14.7225, 0.1963],
      [10.8978, 9.7017, 8.5056, 7.974, 6.2463, 5.0502, 3.4554, 3.3225, 8.5056, 8.3727, 3.0567, 5.1831, 3.7212, 1.1961, 3.1896, 8.3727, 2.1264, 1.1961, 10.3662, 3.987, 0, 0.7974, 0.9303, 0.6645, 0, 4.5186, 1.8606, 0.3987, 0, 23.6562, 0, 0.2658, 0.3987, 6.7779, 2.7909, 9.9675, 0.1329]
    ],
    [
      [41.6448, 55.5264, 52.056, 34.704, 31.2336, 23.4252, 14.3154, 11.7126, 55.5264, 39.9096, 24.7266, 17.7858, 12.5802, 6.0732, 18.6534, 29.4984, 12.5802, 7.3746, 52.4898, 22.5576, 3.0366, 2.6028, 3.0366, 2.6028, 0, 14.7492, 13.014, 0, 0, 98.9064, 0.4338, 0.4338, 0.8676, 20.3886, 9.1098, 50.7546, 6.507],
      [14.16, 18.88, 17.7, 11.8, 10.62, 7.965, 4.8675, 3.9825, 18.88, 13.57, 8.4075, 6.0475, 4.2775, 2.065, 6.3425, 10.03, 4.2775, 2.5075, 17.8475, 7.67, 1.0325, 0.885, 1.0325, 0.885, 0, 5.015, 4.425, 0, 0, 33.63, 0.1475, 0.1475, 0.295, 6.9325, 3.0975, 17.2575, 2.2125],
      [15.4848, 20.6464, 19.356, 12.904, 11.6136, 8.7102, 5.3229, 4.3551, 20.6464, 14.8396, 9.1941, 6.6133, 4.6777, 2.2582, 6.9359, 10.9684, 4.6777, 2.7421, 19.5173, 8.3876, 1.1291, 0.9678, 1.1291, 0.9678, 0, 5.4842, 4.839, 0, 0, 36.7764, 0.1613, 0.1613, 0.3226, 7.5811, 3.3873, 18.8721, 2.4195],
      [13.6608, 18.2144, 17.076, 11.384, 10.2456, 7.6842, 4.6959, 3.8421, 18.2144, 13.0916, 8.1111, 5.8343, 4.1267, 1.9922, 6.1189, 9.6764, 4.1267, 2.4191, 17.2183, 7.3996, 0.9961, 0.8538, 0.9961, 0.8538, 0, 4.8382, 4.269, 0, 0, 32.4444, 0.1423, 0.1423, 0.2846, 6.6881, 2.9883, 16.6491, 2.1345],
      [11.0496, 14.7328, 13.812, 9.208, 8.2872, 6.2154, 3.7983, 3.1077, 14.7328, 10.5892, 6.5607, 4.7191, 3.3379, 1.6114, 4.9493, 7.8268, 3.3379, 1.9567, 13.9271, 5.9852, 0.8057, 0.6906, 0.8057, 0.6906, 0, 3.9134, 3.453, 0, 0, 26.2428, 0.1151, 0.1151, 0.2302, 5.4097, 2.4171, 13.4667, 1.7265]
    ]
  ],
  "V_est": [
    [336.743, 297.781, 278.806, 134.09, 217.4535],
    [241.0668, 5971.726, 236.2592, 310.4336, 108.5144],
    [454.6476, 199.1286, 16703.8938, 133.9272, 128.6406],
    [313.6107, 294.5696, 237.8246, 247.5343, 167.5869],
    [790.8174, 268.8925, 294.0499, 259.4129, 209.8273]
  ],
  "p_est": [
    [0.2662, 0.2354, 0.2204, 0.106, 0.1719],
    [0.0351, 0.8695, 0.0344, 0.0452, 0.0158],
    [0.0258, 0.0113, 0.9479, 0.0076, 0.0073],
    [0.2487, 0.2336, 0.1886, 0.1963, 0.1329],
    [0.4338, 0.1475, 0.1613, 0.1423, 0.1151]
  ],
  "EI_Z": {},
  "EI_V": 9.8598,
  "MAE_Z": {},
  "MAE_V": 227.4776,
  "MAE_p": 0.0794,
  "runtime": 98.628
}
