{
  "X": [
    [1, 16, 93, 4, 16],
    [3, 18, 191, 6, 27],
    [39, 86, 279, 18, 33],
    [3, 22, 69, 4, 7],
    [13, 29, 145, 8, 26],
    [4, 16, 6, 4, 7],
    [30, 481, 288, 153, 94],
    [14, 219, 141, 79, 54],
    [28, 43, 160, 7, 21],
    [5, 20, 127, 4, 12],
    [6, 44, 77, 12, 20],
    [12, 17, 54, 1, 9],
    [67, 383, 938, 68, 131],
    [41, 139, 448, 19, 44],
    [18, 91, 116, 48, 23],
    [12, 121, 173, 12, 31],
    [7, 31, 67, 4, 10],
    [1, 1, 12, 0, 5],
    [7, 71, 61, 19, 16],
    [3, 39, 147, 13, 23],
    [2, 41, 19, 5, 13],
    [104, 549, 1042, 144, 153],
    [14, 61, 117, 18, 20],
    [5, 8, 70, 6, 12],
    [24, 202, 245, 40, 48],
    [32, 231, 273, 59, 59],
    [26, 114, 516, 43, 54],
    [14, 54, 286, 15, 50],
    [2, 9, 51, 3, 8],
    [14, 67, 158, 22, 34],
    [5, 63, 206, 7, 25],
    [4, 20, 19, 8, 9],
    [23, 97, 276, 18, 38],
    [19, 202, 194, 28, 38],
    [17, 54, 162, 12, 11],
    [73, 338, 504, 61, 80],
    [12, 135, 120, 15, 30],
    [12, 102, 63, 16, 20],
    [37, 241, 409, 54, 73],
    [3, 112, 69, 10, 37],
    [50, 385, 388, 62, 72],
    [83, 301, 726, 62, 100],
    [34, 180, 241, 37, 65],
    [31, 268, 276, 39, 46],
    [23, 173, 214, 34, 45],
    [9, 48, 49, 6, 16],
    [38, 258, 467, 53, 67],
    [21, 338, 248, 57, 68],
    [31, 191, 314, 28, 67],
    [34, 190, 368, 53, 35],
    [27, 180, 189, 29, 32],
    [25, 216, 202, 37, 54],
    [34, 282, 359, 54, 95],
    [11, 69, 143, 11, 25],
    [21, 181, 170, 47, 29],
    [12, 64, 43, 12, 11],
    [1, 1, 1, 0, 5],
    [8, 32, 192, 15, 29],
    [4, 4, 127, 2, 8],
    [7, 8, 53, 3, 7],
    [8, 31, 178, 4, 16],
    [0, 3, 0, 1, 2],
    [2, 18, 84, 3, 21],
    [8, 131, 133, 17, 17],
    [175, 950, 1938, 251, 278],
    [25, 130, 194, 36, 22],
    [141, 567, 877, 78, 182],
    [29, 76, 160, 13, 16]
  ],
  "W": [
    [4, 20, 104, 2],
    [4, 30, 205, 6],
    [36, 116, 292, 11],
    [3, 28, 74, 0],
    [16, 45, 158, 2],
    [3, 25, 7, 2],
    [45, 619, 327, 55],
    [25, 289, 164, 29],
    [12, 91, 144, 12],
    [2, 33, 128, 5],
    [9, 56, 83, 11],
    [3, 35, 51, 4],
    [44, 507, 993, 43],
    [27, 201, 445, 18],
    [24, 129, 125, 18],
    [18, 136, 180, 15],
    [9, 32, 73, 5],
    [2, 5, 11, 1],
    [3, 101, 60, 10],
    [9, 50, 159, 7],
    [5, 47, 22, 6],
    [117, 735, 1086, 54],
    [20, 80, 122, 8],
    [3, 13, 85, 0],
    [34, 225, 267, 33],
    [50, 274, 299, 31],
    [35, 134, 555, 29],
    [12, 68, 317, 22],
    [3, 12, 55, 3],
    [19, 89, 175, 12],
    [15, 71, 214, 6],
    [6, 29, 18, 7],
    [23, 131, 282, 16],
    [38, 225, 202, 16],
    [12, 79, 163, 2],
    [47, 430, 539, 40],
    [18, 152, 128, 14],
    [13, 117, 68, 15],
    [44, 330, 414, 26],
    [10, 138, 76, 7],
    [42, 465, 419, 31],
    [61, 422, 757, 32],
    [36, 236, 261, 24],
    [29, 315, 298, 18],
    [33, 231, 215, 10],
    [12, 60, 52, 4],
    [31, 337, 488, 27],
    [39, 376, 287, 30],
    [29, 242, 349, 11],
    [21, 245, 391, 23],
    [23, 215, 204, 15],
    [36, 262, 213, 23],
    [41, 357, 385, 41],
    [9, 103, 140, 7],
    [20, 227, 178, 23],
    [11, 78, 47, 6],
    [1, 5, 1, 1],
    [9, 43, 209, 15],
    [5, 8, 132, 0],
    [4, 12, 60, 2],
    [6, 43, 182, 6],
    [0, 6, 0, 0],
    [3, 27, 93, 5],
    [7, 140, 142, 17],
    [138, 1248, 2101, 105],
    [28, 170, 191, 18],
    [150, 732, 875, 88],
    [19, 103, 160, 12]
  ],
  "method": "mvn_pdf",
  "cond_prob": [
    [
      [0.12897208467, 0.24752204514, 0.15833018014, 0.06518104597, 0.39999464408],
      [0.022074151809, 0.65536428182, 0.057809951377, 0.10348945825, 0.16126215675],
      [0, 0.013996933109, 0.87537503151, 0.012525878921, 0.098102156462],
      [0.021314312575, 0.22347256987, 0.085738487523, 0.18339762168, 0.48607700835]
    ],
    [
      [0.17554753463, 0.15346346574, 0.21643010491, 0.055246155765, 0.39931273896],
      [0.051058856708, 0.51777790839, 0.10250828471, 0.11371408721, 0.21494086299],
      [0.0028191668734, 0.0046368242319, 0.90875950205, 0.006663385329, 0.077121121513],
      [0.031352491865, 0.15037665299, 0.12722218638, 0.16693312802, 0.52411554074]
    ],
    [
      [0.48543567753, 0.18701556834, 0.13334062119, 0.04821032301, 0.14599780993],
      [0.13850778074, 0.61845786763, 0.064305666126, 0.098327602545, 0.080401082959],
      [0.01387022773, 0.015688821611, 0.9091888718, 0.008687193944, 0.052564884914],
      [0.12793695874, 0.26774463491, 0.11428452732, 0.21106962225, 0.27896425678]
    ],
    [
      [0.24869245482, 0.31797541181, 0.1626838672, 0.07188171602, 0.19876655015],
      [0.048556296394, 0.72813158761, 0.048852809438, 0.10112963128, 0.073329675277],
      [0.012085761304, 0.0088971528574, 0.9073522937, 0.012874664542, 0.058790127592],
      [0.046346525888, 0.33511309473, 0.1020739144, 0.23708060991, 0.27938585507]
    ],
    [
      [0.34283976806, 0.16166170909, 0.14649733183, 0.05407976412, 0.2949214269],
      [0.10230293566, 0.55189687205, 0.070664656062, 0.11345175774, 0.16168377849],
      [0.017522123318, 0.0076423672385, 0.88149070004, 0.010439867883, 0.082904941521],
      [0.071218060973, 0.18527969441, 0.10030128086, 0.18994777519, 0.45325318856]
    ],
    [
      [0.35435094978, 0.18255960412, 0.048660730855, 0.059418598445, 0.3550101168],
      [0.10360968543, 0.59742516386, 0.026561938916, 0.13166468019, 0.1407385316],
      [0.031525388925, 0.018908426463, 0.73262334942, 0.020953511523, 0.19598932367],
      [0.063013646165, 0.19216655295, 0.030802944309, 0.19172630961, 0.52229054697]
    ],
    [
      [0.19348043088, 0.35588216292, 0.084623694956, 0.16694527734, 0.1990684339],
      [0.026175871518, 0.703159272, 0.023911608498, 0.18154639069, 0.065206857295],
      [0.010683851165, 0.041659368355, 0.81681395349, 0.030788391394, 0.1000544356],
      [0.029034487456, 0.29285636093, 0.041681550496, 0.41895350353, 0.21747409758]
    ],
    [
      [0.18104902804, 0.33277068725, 0.07850551441, 0.18155608587, 0.22611868444],
      [0.024555490162, 0.67737924152, 0.025581910953, 0.19630582299, 0.076177534372],
      [0.0099370875176, 0.044587426101, 0.79613885086, 0.030573050798, 0.11876358473],
      [0.025777768596, 0.2622687634, 0.037152356341, 0.43843912682, 0.23636198484]
    ],
    [
      [0.55411182042, 0.07079089185, 0.22861589433, 0.018207531012, 0.12827386239],
      [0.21021297319, 0.42886734177, 0.18062880353, 0.060649954854, 0.11964092665],
      [0, 0.010785647309, 0.95652226617, 0, 0.032692086517],
      [0.1851064662, 0.13087066533, 0.25668181818, 0.10519697801, 0.32214407227]
    ],
    [
      [0.29707436566, 0.15745837893, 0.26488455968, 0.042356238866, 0.23822645687],
      [0.088980392501, 0.55632496674, 0.13007043005, 0.090614747751, 0.13400946296],
      [0.0089635222863, 0.0028421513746, 0.94696858547, 0.00099065778177, 0.040235083092],
      [0.064433492701, 0.19251279276, 0.19318554991, 0.15963933008, 0.39022883455]
    ],
    [
      [0.22270571334, 0.27554742503, 0.13486400652, 0.084599850298, 0.28228300481],
      [0.047619661034, 0.66880280434, 0.04612646031, 0.12762996685, 0.10982110747],
      [0.010794231282, 0.013702653934, 0.87163612531, 0.015957914705, 0.087909074774],
      [0.039366033238, 0.26634507774, 0.077940342151, 0.25152875303, 0.36481979384]
    ],
    [
      [0.71502260291, 0.0525549028, 0.12359743359, 0.0086539754443, 0.10017108526],
      [0.24913003674, 0.46672286103, 0.1386597685, 0.019913923906, 0.12557340982],
      [0, 0, 0.94205842477, 0, 0.057941575234],
      [0.28384522631, 0.12675878891, 0.18278403467, 0.06926268424, 0.33734926586]
    ],
    [
      [0.30781354267, 0.26260823154, 0.1585650674, 0.0607145185, 0.21029863989],
      [0.072313815957, 0.68098387355, 0.059057882673, 0.096653488322, 0.090990939497],
      [0.014089133231, 0.013444253493, 0.90275248886, 0.0073466381241, 0.062367486295],
      [0.065176514748, 0.2985179117, 0.10808300197, 0.21000071975, 0.31822185184]
    ],
    [
      [0.40012341791, 0.18589536099, 0.20848553324, 0.038814613358, 0.1666810745],
      [0.11954325322, 0.61506093456, 0.10070688327, 0.074624899352, 0.090064029598],
      [0.0097437127523, 0.012915448764, 0.9416453762, 0, 0.035695462287],
      [0.10180675808, 0.25590015036, 0.1720341476, 0.16402225942, 0.30623668453]
    ],
    [
      [0.27421002198, 0.25753181346, 0.10202919057, 0.21422553024, 0.15200344375],
      [0.059930839898, 0.58454572005, 0.039090352884, 0.25647198968, 0.059961097488],
      [0.023582560744, 0.045688528099, 0.86098663541, 4.5546248312e-05, 0.069696729497],
      [0.041114501806, 0.20565403209, 0.049184137657, 0.54266707361, 0.16138025483]
    ],
    [
      [0.22518238757, 0.35893902588, 0.15254958724, 0.050503329375, 0.21282566993],
      [0.042010836823, 0.77084185705, 0.047376137433, 0.062322482302, 0.077448686395],
      [0.0086857084769, 0.021789445646, 0.90188261947, 0.00060690043078, 0.067035325981],
      [0.044654379331, 0.38550031729, 0.098138749, 0.16705602671, 0.30465052767]
    ],
    [
      [0.32868504517, 0.33755416952, 0.11396735998, 0.049110025347, 0.17068339998],
      [0.065205567475, 0.76897096931, 0.034281216793, 0.067357618647, 0.064184627775],
      [0.022018743671, 0.018569811721, 0.88321072428, 0.0068688927629, 0.069331827568],
      [0.069577629266, 0.39986904014, 0.080582390124, 0.18022736069, 0.26974357977]
    ],
    [
      [0.081334075843, 0.022017200381, 0.22372940005, 0, 0.67291932373],
      [0.082884871428, 0.16409700516, 0.19368671525, 0, 0.55933140815],
      [0.03642439344, 0.010814342282, 0.95276126428, 0, 0],
      [0.02223916333, 0.016522808318, 0.10373371657, 0, 0.85750431178]
    ],
    [
      [0.24298936882, 0.27960398155, 0.160260609, 0.10076878459, 0.21637725603],
      [0.051592232513, 0.66087589907, 0.05322640028, 0.14712869749, 0.08717677064],
      [0.010387292502, 0.011159271914, 0.90340927175, 0.013243381024, 0.061800782811],
      [0.043697885962, 0.2743165934, 0.093879543984, 0.3043092338, 0.28379674286]
    ],
    [
      [0.15841436711, 0.27545159921, 0.17012436538, 0.10533729421, 0.29067237409],
      [0.027865790808, 0.65168737433, 0.056659743168, 0.15242376476, 0.11136332693],
      [0, 0.013927083351, 0.89307682796, 0.015060728357, 0.077935360334],
      [0.025854450799, 0.24602294824, 0.090953986848, 0.29087432935, 0.34629428477]
    ],
    [
      [0.15256521612, 0.3613865947, 0.074043766243, 0.056600608447, 0.35540381449],
      [0.019806914221, 0.77429483706, 0.02707480159, 0.073575617973, 0.10524782916],
      [0.0071673056465, 0.036445876627, 0.77775926816, 0.013562761164, 0.1650647884],
      [0.024761371134, 0.33323339983, 0.04109359908, 0.16009369457, 0.44081793538]
    ],
    [
      [0.30223983906, 0.26884078266, 0.15199039825, 0.092203535332, 0.18472544469],
      [0.067670740794, 0.66248247147, 0.053956766505, 0.140079739, 0.075810282235],
      [0.014429525817, 0.01401699438, 0.9017850216, 0.013060977628, 0.056707480576],
      [0.059805172378, 0.28515844448, 0.096673454942, 0.29758067593, 0.26078225226]
    ],
    [
      [0.30539741858, 0.26093987807, 0.14481470808, 0.096157049315, 0.19269094595],
      [0.068615899629, 0.65253541454, 0.05029977918, 0.14815862809, 0.080390278554],
      [0.015853747148, 0.0114253915, 0.8963524538, 0.014327227124, 0.062041180424],
      [0.058577813247, 0.27305893901, 0.090590517505, 0.30953088212, 0.26824184812]
    ],
    [
      [0.39773231394, 0.14786939694, 0.076023896249, 0.14424145274, 0.23413294012],
      [0.098671915398, 0.47285518807, 0.03444111244, 0.28031577645, 0.11371600764],
      [0.029694919506, 0.016579698403, 0.81557875117, 0.022625535858, 0.11552109506],
      [0.062437315569, 0.13929806026, 0.042523518525, 0.4598544771, 0.29588662855]
    ],
    [
      [0.24991518753, 0.37307898753, 0.11034457441, 0.084183382766, 0.18247786777],
      [0.044885642308, 0.75606458529, 0.031352287803, 0.10606927392, 0.061628210675],
      [0.014424994655, 0.025088628104, 0.86883711466, 0.017536123637, 0.074113138944],
      [0.047034561572, 0.37885209183, 0.067106366672, 0.26030404066, 0.24670293927]
    ],
    [
      [0.25588103514, 0.34106083192, 0.10636137601, 0.10694688027, 0.18974987666],
      [0.047908095794, 0.71615347484, 0.031716297144, 0.13776306505, 0.066459067178],
      [0.0155534113, 0.024988541217, 0.85978488201, 0.020370587961, 0.079302577511],
      [0.046085806989, 0.33062362823, 0.06180600196, 0.31660549559, 0.24487906723]
    ],
    [
      [0.27423779794, 0.27783886818, 0.15429407639, 0.10970848619, 0.18392077131],
      [0.058317859127, 0.65745499054, 0.052235282218, 0.15982584204, 0.07216602608],
      [0.01281813927, 0.014650520401, 0.90256321959, 0.014464948825, 0.055503171918],
      [0.05079367774, 0.27743558825, 0.092330780646, 0.33501701906, 0.24442293431]
    ],
    [
      [0.27819667364, 0.21684960806, 0.14511381875, 0.058869377067, 0.30097052248],
      [0.071225848578, 0.62393983806, 0.059795962052, 0.10410926744, 0.14092908387],
      [0.014557945614, 0.012224971975, 0.87743563601, 0.0094233165533, 0.086358129847],
      [0.054700611513, 0.23157179996, 0.092973279105, 0.19213390643, 0.42862040299]
    ],
    [
      [0.22212746494, 0.21457985681, 0.18197902685, 0.06827967719, 0.31303397421],
      [0.052465039282, 0.62319206184, 0.067978747778, 0.11888324522, 0.13748090588],
      [0.0106829141, 0.0042655921902, 0.89661640727, 0.013070717062, 0.075364369375],
      [0.038825619442, 0.21444937233, 0.10813851537, 0.21655752913, 0.42202896373]
    ],
    [
      [0.26978838098, 0.25227120494, 0.12191414895, 0.09890507617, 0.25712118896],
      [0.061244309998, 0.63584903252, 0.044207966449, 0.15338125576, 0.10531743528],
      [0.016224754425, 0.015166866461, 0.86223950403, 0.016581190357, 0.089787684723],
      [0.048662095591, 0.24684013177, 0.071434079172, 0.29734695651, 0.33571673696]
    ],
    [
      [0.17446102902, 0.32619206421, 0.20230138099, 0.051192682763, 0.24585284302],
      [0.030745276466, 0.74149444543, 0.065902151, 0.069994065956, 0.091864061144],
      [0, 0.016038590897, 0.9230533439, 0.0013258959656, 0.05958216924],
      [0.033361655947, 0.33812582652, 0.12550182836, 0.16313155651, 0.33987913267]
    ],
    [
      [0.25579717525, 0.21988897483, 0.14353140109, 0.10331177064, 0.27747067819],
      [0.065202129106, 0.59052797126, 0.05357989191, 0.17117803083, 0.1195119769],
      [0.01451728452, 0.0051124231995, 0.88986592665, 0.013835114562, 0.076669251068],
      [0.044720583291, 0.20904733812, 0.081058292622, 0.30956206002, 0.35561172595]
    ],
    [
      [0.32222377297, 0.22572913473, 0.18858000908, 0.053629052443, 0.20983803078],
      [0.082705034383, 0.64676095658, 0.077022486912, 0.094082307888, 0.09942921424],
      [0.012852272237, 0.0099025056127, 0.91995198178, 0.0046977225353, 0.052595517835],
      [0.070634559176, 0.26812737544, 0.13414094648, 0.1948119816, 0.33228513731]
    ],
    [
      [0.22128395712, 0.3944791502, 0.12928423449, 0.070999733743, 0.18395292446],
      [0.036127301966, 0.77987700822, 0.036774305862, 0.086130980734, 0.061090403217],
      [0.0088579247267, 0.025056426007, 0.88881746298, 0.011708796792, 0.065559389496],
      [0.042079118263, 0.40475421184, 0.079490796811, 0.2223351563, 0.25134071679]
    ],
    [
      [0.43840756599, 0.19962778357, 0.17717288307, 0.060129591925, 0.12466217545],
      [0.11782213062, 0.62405375347, 0.081205697902, 0.11628406785, 0.060634350159],
      [0.013592036613, 0.010809585502, 0.93970354243, 0.0097571618458, 0.026137673605],
      [0.10782946064, 0.27112881825, 0.1434989261, 0.25079307779, 0.22674971722]
    ],
    [
      [0.39953360265, 0.26965105654, 0.1140114685, 0.061672108751, 0.15513176356],
      [0.091033086976, 0.7001968771, 0.043024861598, 0.098670240062, 0.067074934263],
      [0.021152144363, 0.020161210011, 0.88450703443, 0.011805226833, 0.062374384367],
      [0.0919171866, 0.33437127483, 0.08478697345, 0.23275475997, 0.25616980515]
    ],
    [
      [0.22487616084, 0.38448508008, 0.11772009035, 0.057949182722, 0.21496948602],
      [0.038994771858, 0.78333505898, 0.034121706748, 0.0688816062, 0.074666856215],
      [0.011098447855, 0.026648418414, 0.87240157699, 0.0069873946135, 0.082864162131],
      [0.04317303264, 0.40009585977, 0.073366935265, 0.18518028986, 0.29818388246]
    ],
    [
      [0.2787144186, 0.36832659224, 0.094395193565, 0.070433570639, 0.18813022496],
      [0.053167376148, 0.76521318492, 0.02480425098, 0.090629713974, 0.066185473974],
      [0.019683805022, 0.026754653196, 0.85256455425, 0.015474073414, 0.085522914118],
      [0.054508720488, 0.3908330165, 0.059758362004, 0.22856333697, 0.26633656404]
    ],
    [
      [0.26266854827, 0.25948671569, 0.17914219896, 0.076890934504, 0.22181160257],
      [0.060160677534, 0.65991993688, 0.064919626603, 0.12108417227, 0.093915586705],
      [0.010255230424, 0.011280249646, 0.91000143616, 0.01019589328, 0.058267190492],
      [0.051688265164, 0.27457623018, 0.11360276528, 0.24761239283, 0.31252034655]
    ],
    [
      [0.12552060626, 0.31422887884, 0.098697037773, 0.045639345132, 0.415914132],
      [0.011589258524, 0.75253738155, 0.048441682036, 0.059481896404, 0.12794978149],
      [0, 0.039463821317, 0.80195379557, 0.0057720111626, 0.15281037195],
      [0.020782323018, 0.28690030545, 0.05422700538, 0.12806171379, 0.51002865236]
    ],
    [
      [0.30016724301, 0.34696046917, 0.10977672317, 0.073168852791, 0.16992671186],
      [0.059088840582, 0.74953241573, 0.033279408433, 0.097540830185, 0.060558505067],
      [0.019161965369, 0.024279303067, 0.87277096306, 0.014434531294, 0.069353237212],
      [0.060896820441, 0.37813093528, 0.071723199485, 0.24265656562, 0.24659247917]
    ],
    [
      [0.39889315937, 0.21561726888, 0.14975115688, 0.058011684921, 0.17772672995],
      [0.10447102695, 0.63780642519, 0.064040001031, 0.10590516135, 0.087777385477],
      [0.015308336958, 0.013196703796, 0.90649341857, 0.0087754870403, 0.056226053632],
      [0.093510400906, 0.27197282484, 0.11327441044, 0.22269579497, 0.29854656884]
    ],
    [
      [0.30524047939, 0.26382882234, 0.11628374572, 0.068675573469, 0.24597137909],
      [0.070957926109, 0.67480253469, 0.043664902841, 0.10881914477, 0.10175549159],
      [0.018386873675, 0.016939203846, 0.860939064, 0.013163225482, 0.090571632997],
      [0.061095756298, 0.28448466689, 0.075157182484, 0.22544830581, 0.35381408852]
    ],
    [
      [0.28096420593, 0.37200390663, 0.11151517952, 0.071467887204, 0.16404882071],
      [0.052684691547, 0.76881710147, 0.032240283142, 0.090854036161, 0.055403887679],
      [0.017594570215, 0.026220430542, 0.8768889717, 0.013696622471, 0.065599405067],
      [0.056287681474, 0.40115619126, 0.072080946446, 0.23482313245, 0.23565204837]
    ],
    [
      [0.24771560542, 0.28369526244, 0.1667317993, 0.077139823963, 0.22471750889],
      [0.053061082101, 0.68385574946, 0.057091684679, 0.11540579316, 0.090585690598],
      [0.0097271979221, 0.012667065224, 0.90359745896, 0.010966519067, 0.063041758823],
      [0.04769275026, 0.29439591902, 0.10362177853, 0.24378459904, 0.31050495316]
    ],
    [
      [0.29805145771, 0.27852710831, 0.11394247501, 0.048609149011, 0.26086980996],
      [0.069614938494, 0.70895448209, 0.041301841136, 0.073814442284, 0.106314296],
      [0.019352161742, 0.017020065747, 0.86255143048, 0.0061395449254, 0.094936797108],
      [0.060043446805, 0.30884058907, 0.075476361716, 0.16714183467, 0.38849776774]
    ],
    [
      [0.28734736291, 0.2891734796, 0.15609335392, 0.076498432473, 0.19088737109],
      [0.062429068025, 0.69400436604, 0.053636781565, 0.11361472626, 0.076315058104],
      [0.013301878038, 0.013726633881, 0.90440443404, 0.011329915709, 0.057237138329],
      [0.057863679365, 0.31324272008, 0.10133877141, 0.25227359171, 0.27528123744]
    ],
    [
      [0.19528882597, 0.43055775083, 0.081842385798, 0.090137215264, 0.20217382214],
      [0.025276609313, 0.79008259129, 0.020908042191, 0.1033374857, 0.060395271512],
      [0.0099717615058, 0.041596990553, 0.82075472344, 0.023920613242, 0.10375591126],
      [0.033927837774, 0.40662857018, 0.046337248742, 0.25881793273, 0.25428841058]
    ],
    [
      [0.2909297626, 0.29155972258, 0.1135898646, 0.058116856856, 0.24580379337],
      [0.064419093273, 0.71079202477, 0.040964682493, 0.086462784409, 0.097361415053],
      [0.018129974546, 0.020180276049, 0.85953483245, 0.0093612379696, 0.092793678986],
      [0.058750472356, 0.31728924631, 0.074071294423, 0.19304957025, 0.35683941666]
    ],
    [
      [0.34159497667, 0.29468010141, 0.12904083284, 0.10375395555, 0.13093013354],
      [0.072022325607, 0.68758176033, 0.044516230333, 0.14851843327, 0.047361250461],
      [0.019462583583, 0.020559715142, 0.90144030491, 0.016800244578, 0.041737151791],
      [0.068311545021, 0.31805817257, 0.083500298283, 0.34196761533, 0.1881623688]
    ],
    [
      [0.32650299809, 0.34195060143, 0.10618835721, 0.070928670581, 0.15442937269],
      [0.065297180774, 0.75073831431, 0.032399568408, 0.096348113089, 0.05521682342],
      [0.021720699481, 0.024268819584, 0.87508429881, 0.01470876432, 0.064217417805],
      [0.068034298896, 0.38503729304, 0.071637574625, 0.24354722275, 0.23174361069]
    ],
    [
      [0.24553374471, 0.33405175046, 0.12291639048, 0.073913436228, 0.22358467811],
      [0.047356245068, 0.73198742521, 0.038482123926, 0.10015050159, 0.082023704211],
      [0.012583322554, 0.020293256892, 0.87210019127, 0.013124095439, 0.081899133842],
      [0.046660925148, 0.34221599396, 0.075450118829, 0.23061967614, 0.30505328592]
    ],
    [
      [0.2390996527, 0.29796350852, 0.12907038331, 0.071764331698, 0.26210212377],
      [0.049957650305, 0.70082181506, 0.044850944718, 0.10433618577, 0.10003340414],
      [0.011732298554, 0.018744690222, 0.86878056603, 0.012320869311, 0.08842157588],
      [0.045002393583, 0.30179030335, 0.078434368225, 0.22112461941, 0.35364831543]
    ],
    [
      [0.25417128817, 0.20611108288, 0.23324652516, 0.0481308697, 0.25834023408],
      [0.06863124807, 0.62059079199, 0.097397233755, 0.087631208043, 0.12574951815],
      [0.0091002803645, 0.011388888569, 0.92689710985, 0.0026793253065, 0.049934395907],
      [0.05277151489, 0.23281489711, 0.15761011676, 0.16652888591, 0.39027458533]
    ],
    [
      [0.27115310444, 0.33986659614, 0.12098450261, 0.1147034208, 0.15329237601],
      [0.051395337859, 0.7147669085, 0.036410341832, 0.14685083714, 0.050576574665],
      [0.015584234217, 0.023966813302, 0.88582648235, 0.019344153928, 0.055278316203],
      [0.049400109856, 0.33410813389, 0.07121949973, 0.34467531102, 0.20059694551]
    ],
    [
      [0.37699729961, 0.31686580385, 0.081893508387, 0.075654181158, 0.148589207],
      [0.077366269513, 0.73234247593, 0.022918740749, 0.11040618441, 0.056966329396],
      [0.028621524583, 0.025357241774, 0.8504505992, 0.020145838163, 0.075424796276],
      [0.078874837818, 0.36666211191, 0.056721911123, 0.26821120497, 0.22952993418]
    ],
    [
      [0.042954115367, 0.032235882142, 0.03008215984, 0, 0.89472784265],
      [0.17748815646, 0.18134436588, 0.14519718854, 0, 0.49597028911],
      [0.035677300075, 0.030443415857, 0.21504275409, 0, 0.71883652998],
      [0.033927802239, 0.030598872604, 0.028889143354, 0, 0.9065841818]
    ],
    [
      [0.25271196035, 0.21152347575, 0.16514054132, 0.095152464309, 0.27547155827],
      [0.061733973925, 0.58713466386, 0.064360021718, 0.16214518863, 0.12462615187],
      [0.011432819488, 0.0082893104793, 0.89133864938, 0.013607817363, 0.075331403285],
      [0.045438147004, 0.20780215215, 0.097098431522, 0.28849005874, 0.36117121058]
    ],
    [
      [0.34114981054, 0.12566781647, 0.24721755737, 0.05556968894, 0.23039512668],
      [0.18145259378, 0.42145761471, 0.12869420106, 0.13001197177, 0.13838361868],
      [0.0063835620988, 0, 0.94495726216, 0.0051670892513, 0.043492086494],
      [0.071983578294, 0.15418311317, 0.17981595354, 0.21711361217, 0.37690374283]
    ],
    [
      [0.67777637654, 0.10314578083, 0.069174364785, 0.035566834816, 0.11433664303],
      [0.23970423307, 0.51656092846, 0.046855179345, 0.1070024779, 0.089877181232],
      [0.016724901162, 0.016466851714, 0.86670620251, 0.01895668567, 0.081145358944],
      [0.20447481366, 0.2003373162, 0.079334119016, 0.21815089289, 0.29770285823]
    ],
    [
      [0.31617543105, 0.20020604206, 0.22964179715, 0.039355070775, 0.21462165896],
      [0.093907765116, 0.6289567198, 0.10173671288, 0.066482678229, 0.10891612397],
      [0.0090017449272, 0.0069012381635, 0.94077760759, 0, 0.043319409316],
      [0.071099322818, 0.24959990841, 0.17099099688, 0.15085240192, 0.35745736998]
    ],
    [
      [0.00017342069545, 0.01580007936, 0.00013729231193, 0.0050040389867, 0.97888516865],
      [2.2077745321e-20, 0.5, 1.4008385834e-19, 0.16666666667, 0.33333333333],
      [0.0012847793267, 0.0095027345634, 0.43810782373, 0.0083090759007, 0.54279558648],
      [0.00011288736731, 0.0054991901697, 4.0397008086e-05, 0.0036089449719, 0.99073858048]
    ],
    [
      [0.13237768801, 0.15577062798, 0.15403080537, 0.034678040927, 0.52314283771],
      [0.039073780044, 0.53895408985, 0.080219992012, 0.072372759197, 0.26937937889],
      [0.0046987154712, 0.024326689002, 0.8703431478, 0.0048717686437, 0.095759679084],
      [0.022178867195, 0.14370912256, 0.086011010843, 0.097765379004, 0.6503356204]
    ],
    [
      [0.21533153461, 0.45400510437, 0.11787332232, 0.070104434259, 0.14268560444],
      [0.031758484085, 0.82112793556, 0.030644295667, 0.077767392321, 0.038701892371],
      [0.0095356012979, 0.03442131749, 0.89187106635, 0.013109661986, 0.051062352878],
      [0.040731535385, 0.46918977694, 0.072881995823, 0.2211918843, 0.19600480755]
    ],
    [
      [0.31942132587, 0.28093295722, 0.12652279361, 0.093922884024, 0.17920003927],
      [0.069707678582, 0.67545228033, 0.043833692418, 0.13907177878, 0.071934569888],
      [0.017737601177, 0.017563920172, 0.88403743653, 0.015514232976, 0.065146809145],
      [0.063409277015, 0.29871437876, 0.080692878043, 0.30363484382, 0.25354862236]
    ],
    [
      [0.31962810721, 0.27567014263, 0.16981214057, 0.097863205093, 0.1370264045],
      [0.070866850075, 0.67111591792, 0.061497938268, 0.14666497651, 0.049854317225],
      [0.014892424129, 0.014624060482, 0.92565324014, 0.012889148668, 0.031941126587],
      [0.064366415389, 0.2999074671, 0.11060231626, 0.32583093638, 0.19929286488]
    ],
    [
      [0.35849909282, 0.23587478989, 0.16000344111, 0.044781915633, 0.20084076055],
      [0.091330191517, 0.67139036601, 0.065887453188, 0.075574782708, 0.095817206573],
      [0.014925028179, 0.016445011703, 0.90773550072, 0.00091330487693, 0.059981154518],
      [0.083091320805, 0.29285964038, 0.11933301098, 0.17230488574, 0.33241114209]
    ],
    [
      [0.53926349281, 0.18132819747, 0.13456498739, 0.039874295992, 0.10496902633],
      [0.15207426665, 0.63260680846, 0.071989270703, 0.085282917901, 0.058046736279],
      [0.0075287743734, 0.024428296239, 0.92797613462, 0.006879594981, 0.033187199785],
      [0.15714502261, 0.29064463152, 0.12934906814, 0.19645938628, 0.22640189144]
    ]
  ],
  "expected_outcome": [
    [
      [0.51588833868, 0.70219013852, 17.4756843911, 0.74607736446, 5.485436289, 1.0630528493, 8.7066193896, 4.5262257009, 6.649341845, 0.59414873132, 2.0043514201, 2.1450678087, 13.5437958775, 10.8033322835, 6.5810405276, 4.0532829763, 2.9581654065, 0.16266815169, 0.72896810647, 1.425729304, 0.76282608058, 35.3620611701, 6.1079483716, 1.1931969418, 8.497116376, 12.794051757, 9.5983229278, 3.3383600836, 0.66638239482, 5.1259792387, 2.6169154352, 1.5347830515, 7.4111467782, 8.4087903705, 5.2608907918, 18.7780793246, 4.0477708951, 3.6232874418, 11.557416124, 1.2552060626, 12.6070242064, 24.3324827213, 10.988657258, 8.147961972, 8.1746149788, 3.5766174925, 8.9077682502, 7.6162642129, 8.4369631153, 7.17349451, 7.5095689561, 8.8392148097, 9.8030857607, 2.2875415936, 5.4230620888, 4.1469702957, 0.042954115367, 2.2744076432, 1.7057490527, 2.7111055061, 1.8970525863, 0, 0.39713306402, 1.5073207423, 44.08014297, 8.9495870018, 53.7748639226, 10.2460063635],
      [0.99008818057, 0.61385386295, 6.7325604603, 0.95392623542, 2.5865873454, 0.54767881237, 16.0146973313, 8.3192671812, 0.8494907022, 0.31491675786, 2.4799268253, 0.1576647084, 11.5547621879, 5.0191747466, 6.1807635231, 6.4609024659, 3.0379875257, 0.044034400761, 0.83881194466, 2.4790643929, 1.8069329735, 31.4543715711, 5.2187975615, 0.44360819083, 12.6846855761, 17.053041596, 9.7243603864, 2.6021952967, 0.64373957044, 4.7931528938, 4.8928809631, 1.319333849, 5.1917700988, 14.9902077074, 2.3955334028, 12.6735996575, 6.9207314414, 4.7882456991, 11.4174154902, 3.1422887884, 14.5723397053, 13.1526534018, 9.4978376042, 10.7881132924, 9.3619436604, 3.3423252997, 8.9643778677, 16.7917522824, 8.4552319549, 6.1882821295, 7.8648638328, 12.0258630165, 12.2165038491, 1.854999746, 6.7973319229, 3.4855238423, 0.032235882142, 1.9037112817, 0.62833908234, 0.41258312331, 1.2012362524, 0, 0.46731188395, 3.1780357306, 38.7687480968, 7.7187639938, 35.3812184839, 3.445235752],
      [0.63332072056, 0.86572041962, 4.800262363, 0.48805160161, 2.3439573093, 0.14598219257, 3.808066273, 1.9626378602, 2.7433907319, 0.52976911935, 1.2137760586, 0.37079230076, 6.9768629655, 5.6291093976, 2.4487005736, 2.7458925704, 1.0257062399, 0.4474588001, 0.480781827, 1.5311192884, 0.37021883121, 17.7828765957, 2.8962941615, 0.22807168875, 3.7517155298, 5.3180688003, 5.4002926736, 1.741365825, 0.54593708054, 2.3163688301, 3.0345207149, 0.86118840657, 4.3373402088, 4.9128009105, 2.1260745969, 5.3585390194, 2.1189616263, 1.2271375163, 7.8822567543, 0.98697037773, 4.6106223731, 9.1348205699, 4.1862148458, 3.2339402062, 5.5021493768, 1.3673097002, 4.8388939717, 3.1918530461, 3.2941060733, 2.7098574897, 2.4423322158, 4.4249900575, 5.2918857158, 2.0992187265, 2.4196900521, 0.90082859226, 0.03008215984, 1.4862648719, 1.2360877869, 0.27669745914, 1.3778507829, 0, 0.46209241612, 0.82511325624, 17.4601455187, 4.7547399359, 24.0005161667, 2.5567347604],
      [0.26072418388, 0.22098462306, 1.7355716284, 0.21564514806, 0.86527622591, 0.17825579533, 7.5125374805, 4.5389021467, 0.21849037215, 0.084712477732, 0.76139865269, 0.025961926333, 2.671438814, 1.0479945607, 5.1414127257, 0.90905992874, 0.44199022813, 0, 0.30230635376, 0.94803564791, 0.28300304223, 10.7878136338, 1.9231409863, 0.43272435823, 2.8622350141, 5.3473440134, 3.8397970165, 0.7064325248, 0.20483903157, 1.8791964472, 0.76789024145, 0.61987062381, 1.2334682062, 2.6979898822, 0.72155510309, 2.8985891113, 1.043085289, 0.9156364183, 3.3832011182, 0.45639345132, 3.0730918172, 3.5387127802, 2.4723206449, 2.0725687289, 2.5456141908, 0.58330978813, 2.3714514067, 3.5153513953, 1.6853888488, 2.1788330665, 1.6313594234, 2.6608837042, 2.9423375996, 0.4331778273, 2.2940684159, 0.83219599274, 0, 0.85637217878, 0.2778484447, 0.14226733926, 0.23613042465, 0, 0.10403412278, 0.49073103981, 12.9613579953, 2.7401697426, 6.717287345, 0.75761162386],
      [1.5999785763, 1.5972509558, 5.2559211573, 0.59629965045, 4.7187428303, 1.0650303504, 8.9580795255, 5.652967111, 1.5392863487, 0.47645291373, 2.5405470433, 0.30051325578, 9.2531401551, 4.5003890116, 3.6480826499, 3.8308620587, 1.5361505998, 1.3458386475, 0.6491317681, 2.6160513668, 1.7770190724, 21.6128770292, 3.8538189191, 0.70239882037, 6.204247504, 9.4874938332, 6.4372269957, 3.6116462698, 0.93910192264, 4.8853025902, 3.6877926453, 1.6648240691, 4.826274708, 6.9902111293, 1.4959461054, 7.2911928871, 3.8694507483, 2.4456929244, 9.7597105133, 4.15914132, 7.136921898, 10.8413305268, 8.8549696471, 4.7574158006, 7.4156777932, 3.1304377195, 5.9175085038, 7.8847790633, 7.1283100076, 2.7495328043, 3.5518755719, 8.0490484121, 10.7461870747, 2.3250621067, 3.0658475203, 1.634481277, 0.89472784265, 2.4792440245, 1.1519756334, 0.45734657214, 1.2877299538, 0, 1.5694285131, 0.99879923107, 24.7296054192, 3.836739326, 30.1261140818, 1.9944115003]
    ],
    [
      [0.44148303617, 1.5317657012, 16.0669025657, 1.359576299, 4.6036321048, 2.5902421359, 16.2028644694, 7.0965366569, 19.1293805606, 2.9363529525, 2.6667010179, 8.719551286, 36.6631046902, 24.0281938963, 7.7310783469, 5.7134738079, 2.0865781592, 0.41442435714, 5.2108154838, 1.3932895404, 0.9309249684, 49.7379944837, 5.4892719703, 1.2827349002, 10.0992695194, 13.1268182477, 7.814593123, 4.8433577033, 0.62958047138, 5.4507435898, 2.1829146291, 1.8908617441, 10.8343595042, 8.1286429425, 9.3079483189, 39.1442273996, 5.9272053225, 6.2205830093, 19.8530235861, 1.5993176763, 27.4763108705, 44.0867733726, 16.7460705617, 16.5956778374, 12.2571099653, 4.1768963096, 21.0385959246, 9.5040051017, 15.5894205722, 17.6454697738, 14.0388938663, 12.4073362079, 17.834881159, 7.0690185512, 11.6667416939, 6.034569022, 0.88744078232, 2.6545608788, 1.4516207503, 2.8764507968, 4.0380339, 1.3246647192e-19, 1.0549920612, 4.4461877719, 86.9951828698, 12.0473645127, 66.8537001904, 15.6636494654],
      [13.1072856364, 15.5333372516, 71.7411126452, 20.3876844531, 24.8353592421, 14.9356290965, 435.2555893653, 195.7626007996, 39.0269281013, 18.3587239024, 37.4529570431, 16.3353001359, 345.2588238903, 123.6272478468, 75.4063978869, 104.8344925584, 24.6070710179, 0.82048502582, 66.7484658065, 32.5843687166, 36.3918573417, 486.9246165304, 52.2028331635, 6.1471174449, 170.1145316898, 196.2260521049, 88.0989687321, 42.427908988, 7.4783047421, 56.5905638942, 52.6461056258, 17.1253111666, 84.7256853114, 175.4723268497, 49.3002465238, 301.0846571532, 119.0669289648, 89.5299426361, 217.7735791719, 103.8501586534, 348.5325733159, 269.1543114299, 159.2533981868, 242.1773869633, 157.9706781262, 42.5372689252, 233.8794713561, 297.0710543237, 172.0116699945, 168.4575312807, 161.4087375765, 191.7807054045, 250.193387978, 63.9208515746, 162.2520882299, 57.1227131229, 0.9067218294, 25.2467905458, 3.3716609177, 6.1987311415, 27.0451389514, 3, 14.551760426, 114.9579109778, 842.9644458522, 114.0897060465, 491.4577479222, 65.1585012716],
      [1.1561990275, 3.0752485413, 7.4594572706, 1.3678786643, 3.1799095228, 0.66404847291, 14.8012856601, 7.3931722655, 16.4372211209, 4.2923241915, 2.5830817774, 4.8530918975, 29.9423465151, 20.2420835379, 5.042655522, 6.4431546908, 1.0969989374, 0.96843357627, 5.3758664282, 2.8329871584, 1.2725156748, 39.6582233811, 4.0239823344, 0.44773446173, 7.0542647558, 8.6902654176, 6.9995278172, 4.0661254195, 0.81574497333, 3.9345090139, 4.679052721, 1.5538168654, 10.0899457855, 8.274218819, 6.4152501343, 18.5006904872, 5.1864994257, 2.9020973647, 21.4234767791, 6.6849521209, 15.4749249214, 27.0248804351, 10.3049170705, 10.1556891898, 13.1881791608, 2.4781104682, 18.0755953875, 7.861423864, 9.9134531634, 10.9064764316, 6.9659072077, 10.0823164685, 16.0117872642, 10.0319150768, 8.2651475959, 1.7876617784, 0.72598594271, 2.7674809339, 1.0295536085, 0.56226215214, 4.3746786539, 8.4050315007e-19, 2.1659397843, 4.2902013934, 54.7044481379, 10.4546495056, 48.2296157336, 7.4148948824],
      [2.0697891649, 3.4114226164, 11.4060018952, 2.8316296758, 5.1053290981, 3.2916170048, 112.3772158395, 56.7323828446, 5.5191458917, 2.9902866758, 7.1472781435, 0.69698733671, 49.0033185794, 14.9996047697, 33.0848866682, 8.4758575931, 2.1554437967, 0, 14.8599984468, 7.6211882379, 3.4580540447, 102.9586081621, 11.8526902475, 3.6441050938, 23.8655866331, 37.747079823, 21.4166628331, 7.0794301862, 1.4265989426, 13.6509317622, 4.9695786829, 4.9641628939, 12.3247823333, 19.3794706651, 9.1864413605, 42.4282032267, 10.4700041424, 10.6036765349, 39.9577768502, 8.2085017038, 45.3564860361, 44.6919780912, 25.681318165, 28.6190213907, 26.6587382195, 4.428866537, 38.2881627509, 38.8548946222, 20.923993827, 36.387016151, 20.7148443141, 26.2394314159, 37.2480183198, 9.0260144284, 33.3351400313, 8.6116823838, 0, 6.9722431112, 1.0400957741, 1.2840297348, 2.8587551638, 1, 1.9540644983, 10.8874349249, 173.5615799202, 24.933046007, 55.3207409426, 8.7841405438],
      [3.225243135, 6.4482258896, 9.3265256233, 2.0532309077, 7.2757700322, 3.5184632899, 40.3630446658, 22.0153074334, 10.8873243255, 4.4223122777, 6.1499820182, 4.3950693438, 46.132406325, 18.1028699492, 7.734981576, 10.5330213497, 2.0539080888, 2.7966570408, 8.8048538346, 5.5681663467, 4.9466479704, 55.7205574427, 6.4312222843, 1.4783080994, 13.866347402, 18.2097844069, 9.6702474947, 9.5831777029, 1.6497708706, 9.3732517398, 6.5223483412, 3.46584733, 13.0252270655, 13.7453407238, 4.7901136625, 28.8422217333, 11.3493621446, 7.743700455, 30.9921436126, 17.6570698455, 28.1597048561, 37.0420566712, 24.0142960161, 17.4522246188, 20.9252945282, 6.3788577599, 25.7181745809, 22.7086220884, 23.5614624429, 11.6035063629, 11.8716170354, 21.4902105032, 35.711925279, 12.952200369, 11.480882449, 4.4433736929, 2.4798514456, 5.3589245303, 1.1070689494, 1.0785261748, 4.6833933308, 2, 7.2732432301, 5.4182649319, 89.77434322, 8.4752339282, 70.1381952112, 5.9788138368]
    ],
    [
      [0, 0.57792920905, 4.0501064971, 0.8943463365, 2.7684954842, 0.22067772247, 3.4936193309, 1.6296823529, 0, 1.1473308527, 0.89592119641, 0, 13.9905092981, 4.3359521748, 2.947820093, 1.5634275258, 1.607368288, 0.40066832785, 0.6232375501, 0, 0.15768072422, 15.6704650378, 1.9341571521, 2.524068158, 3.8514735728, 4.6504699786, 7.1140672947, 4.6148687598, 0.58756027547, 2.8393320244, 0, 0.26131112136, 3.6243407707, 1.7893007948, 2.2155019679, 11.4010058118, 1.4206013255, 1.3384987415, 4.2456653956, 0, 8.0288634894, 11.5884110771, 4.7989740292, 5.2431819241, 2.0913475533, 1.0063124106, 6.4913164824, 2.8618955522, 6.3273611166, 7.6098701808, 4.4310226941, 2.680247704, 4.5169349433, 1.274039251, 2.7739936906, 1.3452116554, 0.035677300075, 2.389459273, 0.84263019704, 1.0034940697, 1.6383175768, 0, 0.43698053882, 1.3540553843, 37.2667000736, 2.8444530086, 13.0593996562, 1.2046038997],
      [1.4556810433, 0.95054896755, 4.5811359105, 0.65838931145, 1.2074940237, 0.13235898524, 13.622613452, 7.3123378806, 1.5531332125, 0.36379537594, 1.1373202765, 0, 13.3501437188, 5.7473747, 5.7110660123, 3.9221002163, 1.3555962557, 0.1189577651, 0.66955631486, 2.2144062528, 0.80180928579, 15.2224558963, 1.393897763, 1.4092743643, 6.6986637038, 7.4715738239, 8.1310388223, 3.8753161162, 0.23460757046, 2.6542016307, 3.432258452, 0.092023617591, 2.7925065828, 5.0613980534, 1.7619624369, 10.866892196, 3.410997557, 1.8193164173, 4.6700233533, 2.9992504201, 10.173027985, 9.9899047733, 4.4211322038, 7.8136883015, 2.7234190232, 0.88504341885, 6.6985973342, 11.9383362886, 7.0429163412, 8.0388486207, 4.9508391951, 4.322463718, 7.2167057355, 1.5944443997, 4.2660927678, 1.1917903634, 0.030443415857, 1.7324658902, 0, 0.98801110282, 1.2560253458, 0, 2.2623820772, 4.8878270836, 36.9017962814, 2.793195552, 14.3893852401, 3.9085273982],
      [91.0390032768, 186.2956979208, 265.4831505659, 67.1440697341, 139.2755306062, 5.1283634459, 267.0981627896, 130.5667715404, 137.739206329, 121.2119789396, 72.3457984003, 48.0449796631, 896.4332214349, 419.0321924076, 107.6233294266, 162.3388715038, 64.4743828722, 10.4803739071, 54.2045563049, 141.9992156453, 17.1107038996, 979.3385334563, 109.354999364, 69.3241938495, 231.9795096142, 257.0756797214, 500.9225868705, 278.1470966151, 49.3139024, 150.8919132059, 197.533415594, 16.0175866797, 259.426458862, 179.5411275215, 153.1716774166, 476.7492915554, 111.6674018543, 57.9743896889, 376.7405945695, 60.9484884637, 365.6910335215, 686.2155178608, 224.705095704, 261.312913568, 194.2734536772, 44.8526743848, 441.3493638129, 235.5566056277, 299.9776565247, 352.4631592182, 178.5171969572, 185.757340741, 334.4805179227, 129.7655953794, 157.6771138582, 39.9711781626, 0.21504275409, 186.2897777214, 124.7343586046, 52.0023721507, 171.2215245819, 0, 80.9419127453, 126.6456914213, 1857.3626541489, 176.7997688658, 794.2685631331, 148.4761815395],
