{
  "X": [
    [15, 31, 87, 181, 300, 22],
    [19, 12, 23, 85, 138, 24],
    [20, 9, 41, 152, 137, 17],
    [17, 7, 19, 73, 51, 19],
    [40, 35, 136, 425, 360, 47],
    [31, 33, 73, 149, 323, 14],
    [20, 19, 69, 202, 148, 27],
    [21, 33, 74, 250, 385, 33],
    [43, 66, 202, 585, 822, 50],
    [13, 25, 37, 78, 178, 7],
    [19, 29, 94, 294, 370, 37],
    [22, 41, 113, 353, 419, 43],
    [9, 12, 59, 153, 191, 6],
    [20, 23, 82, 274, 312, 35],
    [12, 15, 42, 113, 195, 12],
    [10, 30, 40, 189, 358, 19],
    [24, 13, 52, 177, 230, 23],
    [3, 9, 9, 32, 109, 7],
    [9, 24, 37, 64, 132, 11],
    [3, 12, 16, 49, 121, 3],
    [23, 2, 21, 48, 52, 8],
    [14, 23, 63, 76, 187, 11],
    [19, 23, 87, 137, 361, 24],
    [21, 35, 88, 214, 519, 28],
    [8, 12, 59, 150, 275, 15],
    [12, 20, 32, 147, 140, 28],
    [3, 8, 20, 49, 115, 8],
    [35, 12, 78, 226, 243, 16],
    [8, 27, 57, 176, 221, 11],
    [12, 9, 35, 140, 119, 17],
    [31, 38, 132, 393, 430, 42],
    [28, 46, 142, 514, 523, 77],
    [24, 17, 70, 205, 132, 25],
    [40, 39, 120, 292, 230, 62],
    [9, 19, 35, 79, 108, 9],
    [11, 4, 17, 94, 24, 9],
    [15, 24, 30, 111, 162, 21],
    [42, 33, 63, 212, 247, 32],
    [6, 4, 31, 43, 117, 6],
    [4, 8, 9, 46, 31, 2],
    [20, 10, 69, 192, 128, 20],
    [18, 8, 55, 151, 101, 27],
    [12, 18, 88, 238, 249, 31],
    [5, 9, 27, 94, 122, 15],
    [0, 9, 19, 63, 143, 14],
    [8, 12, 20, 46, 96, 13],
    [8, 25, 26, 103, 201, 11],
    [7, 5, 21, 13, 71, 2],
    [31, 33, 140, 320, 292, 30],
    [24, 23, 72, 202, 193, 33],
    [16, 27, 94, 312, 355, 55],
    [6, 8, 22, 49, 93, 3],
    [52, 22, 104, 280, 420, 36],
    [31, 31, 45, 175, 201, 18],
    [5, 4, 53, 110, 121, 36],
    [35, 59, 117, 358, 617, 30],
    [13, 9, 33, 67, 76, 12],
    [140, 94, 258, 568, 770, 136],
    [14, 10, 17, 44, 65, 11]
  ],
  "W": [
    [69, 36, 207, 165, 96, 22, 41],
    [35, 35, 99, 66, 26, 13, 27],
    [36, 23, 151, 69, 54, 12, 31],
    [16, 33, 62, 22, 20, 7, 26],
    [84, 64, 440, 189, 176, 33, 57],
    [65, 54, 144, 178, 115, 32, 35],
    [26, 32, 206, 78, 96, 11, 36],
    [59, 32, 275, 198, 141, 45, 46],
    [142, 88, 641, 455, 280, 77, 85],
    [42, 18, 81, 103, 52, 14, 28],
    [61, 37, 326, 175, 118, 43, 83],
    [64, 41, 367, 249, 162, 62, 46],
    [19, 14, 154, 126, 78, 24, 15],
    [44, 25, 303, 180, 118, 25, 51],
    [41, 20, 129, 95, 56, 25, 23],
    [63, 25, 198, 206, 98, 30, 26],
    [29, 32, 200, 108, 81, 23, 46],
    [28, 9, 36, 57, 19, 2, 18],
    [47, 27, 74, 63, 37, 13, 16],
    [18, 6, 55, 72, 32, 13, 8],
    [16, 39, 47, 24, 22, 1, 5],
    [41, 31, 91, 115, 71, 12, 13],
    [63, 32, 146, 224, 116, 34, 36],
    [103, 42, 240, 287, 142, 40, 51],
    [49, 11, 168, 159, 80, 28, 24],
    [31, 32, 146, 70, 45, 22, 33],
    [15, 8, 56, 67, 26, 17, 14],
    [42, 49, 227, 129, 111, 18, 34],
    [39, 20, 176, 117, 86, 27, 35],
    [16, 34, 139, 50, 53, 14, 26],
    [79, 66, 421, 212, 171, 56, 61],
    [78, 69, 531, 269, 190, 86, 107],
    [23, 32, 214, 83, 72, 12, 37],
    [74, 54, 309, 111, 130, 34, 71],
    [29, 18, 70, 59, 54, 3, 26],
    [4, 15, 91, 8, 18, 6, 17],
    [35, 19, 141, 79, 36, 22, 31],
    [76, 87, 188, 111, 89, 40, 38],
    [16, 15, 34, 77, 50, 5, 10],
    [5, 8, 51, 20, 9, 5, 2],
    [15, 25, 180, 71, 78, 31, 39],
    [16, 23, 158, 50, 52, 20, 41],
    [30, 19, 266, 131, 110, 24, 56],
    [15, 13, 113, 62, 38, 10, 21],
    [26, 12, 56, 83, 36, 17, 18],
    [16, 10, 53, 37, 19, 22, 38],
    [45, 26, 108, 104, 43, 21, 27],
    [25, 11, 14, 38, 14, 6, 11],
    [46, 46, 361, 163, 151, 25, 54],
    [31, 33, 223, 103, 93, 20, 44],
    [50, 38, 343, 178, 130, 56, 64],
    [16, 8, 61, 59, 24, 3, 10],
    [56, 92, 280, 225, 154, 39, 68],
    [58, 57, 184, 93, 57, 19, 33],
    [3, 2, 134, 100, 56, 4, 30],
    [132, 77, 388, 341, 180, 48, 50],
    [18, 18, 68, 44, 37, 5, 20],
    [180, 207, 625, 426, 269, 94, 165],
    [15, 19, 50, 43, 20, 1, 13]
  ],
  "method": "mvn_cdf",
  "mvncdf_method": "genz",
  "mvncdf_samples": 5000,
  "mvncdf_error": 0.001,
  "cond_prob": [
    [
      [0.00056753975726, 0.26333629319, 0.038192722707, 0.0040608535382, 0.69342662445, 0.00041596636548],
      [0.3581997132, 0.084128926018, 0.099623597619, 0.19585576059, 0.21530468032, 0.046887322247],
      [0.0024679773675, 0.017969056949, 0.1128401496, 0.70460093973, 0.12524869386, 0.03687318249],
      [0, 0.012904325993, 0.042036394847, 0.0055979108316, 0.93755406235, 0.0019073059769],
      [0.001070533521, 0.0092996706825, 0.4498838271, 0.17686687953, 0.35942269996, 0.003456389203],
      [3.0401283957e-06, 0.054707974315, 0.028574944638, 0.15921509774, 0.74180101583, 0.015697927345],
      [0.035413186964, 0.045268342336, 0.16260586142, 0.15636564214, 0.31598763316, 0.28435933398]
    ],
    [
      [0.00084185252422, 0.20293619361, 0.025803608284, 0.0045593008196, 0.76585904476, 0],
      [0.4839794198, 0.04951754437, 0.051251703307, 0.15258011178, 0.18224397894, 0.080427241805],
      [0.0067722775455, 0.012226999507, 0.074270708822, 0.69541735287, 0.13500154994, 0.076311111322],
      [0.00094686483357, 0.0086241854192, 0.026633658699, 0.0059569205799, 0.957201372, 0.00063699847184],
      [0.0027859949214, 0.0075602440116, 0.33901902705, 0.199842863, 0.44336140681, 0.0074304642138],
      [0.00024226952141, 0.039024463381, 0.017825549571, 0.14931297216, 0.76109551228, 0.032499233096],
      [0.045285982997, 0.025206133836, 0.079489466633, 0.11569121448, 0.25386340512, 0.48046379693]
    ],
    [
      [0.0029815480713, 0.188157227, 0.042163419593, 0.0082955858759, 0.75728246489, 0.0011197545739],
      [0.66473309078, 0.022056791876, 0.041107572505, 0.15262192235, 0.08891738601, 0.030563236478],
      [0.0066302568187, 0.0012295994353, 0.071086033669, 0.80924935502, 0.075039878332, 0.036764876725],
      [0, 0.0053231372274, 0.043769240307, 0.010236512709, 0.93693166988, 0.0037394398758],
      [0.0042250199199, 0.0030625529248, 0.3870962542, 0.28869215845, 0.31161795432, 0.0053060601804],
      [7.98308969e-05, 0.031415130506, 0.025239621172, 0.26439816128, 0.65712184634, 0.021745409799],
      [0.10882339856, 0.0201196196, 0.11537099616, 0.21051381347, 0.22582557569, 0.31934659652]
    ],
    [
      [0.0026840895654, 0.25098577529, 0.046300286609, 0.0093983554783, 0.68886857815, 0.0017629149017],
      [0.46050630699, 0.041121519295, 0.063849349704, 0.25097093745, 0.10553271186, 0.078019174694],
      [0.0073438713007, 0.0066404743052, 0.067830277675, 0.81602806029, 0.045987799256, 0.056169517177],
      [0.0015256752659, 0.011199877338, 0.051367801605, 0.011720084658, 0.9178088889, 0.0063776722331],
      [0.0035023533647, 0.0059555452962, 0.39950818046, 0.32038113389, 0.26203300628, 0.0086197807036],
      [0.0005246307456, 0.040688085363, 0.027157125659, 0.30656382421, 0.58610339694, 0.038962937074],
      [0.046067002968, 0.021737817184, 0.10139748208, 0.1985551665, 0.15804231708, 0.47420021419]
    ],
    [
      [0.0019200975353, 0.25242005527, 0.044248938352, 0.0067926135024, 0.69367622198, 0.0009420733578],
      [0.51992532649, 0.04557718022, 0.064138114126, 0.19802627541, 0.12142351083, 0.050909592921],
      [0.0054501220695, 0.0096523222902, 0.082133188905, 0.78337925371, 0.074471175806, 0.044913937223],
      [0.00037678865642, 0.011667179671, 0.04932728926, 0.008735817736, 0.92595595245, 0.0039369722266],
      [0.0029026535749, 0.0069300261131, 0.42363351732, 0.26285443513, 0.29782525599, 0.0058541118799],
      [0.00014384836236, 0.045941208311, 0.028625942209, 0.24944235595, 0.64942225179, 0.026424393379],
      [0.062782633679, 0.029682676974, 0.12653743764, 0.19164595311, 0.21647229702, 0.37287900157]
    ],
    [
      [0.00062237526352, 0.2843405734, 0.028946063947, 0.0040501872797, 0.68204080011, 0],
      [0.50464887655, 0.074411349661, 0.060459176357, 0.15860125868, 0.1732695665, 0.028609772253],
      [0.0071890156553, 0.020659360568, 0.089210520024, 0.72938356558, 0.12857650564, 0.024981032528],
      [0, 0.013563558762, 0.033988808816, 0.0059041375863, 0.94654349484, 0],
      [0.0028361134778, 0.011390489533, 0.37967839522, 0.20024994709, 0.40476139271, 0.001083661963],
      [0.00018015287278, 0.060309854215, 0.021798995601, 0.16068928077, 0.74523714769, 0.011784568843],
      [0.066896287946, 0.053444766703, 0.13133726166, 0.16912282924, 0.34045381772, 0.23874503673]
    ],
    [
      [0.0017013690125, 0.34280795554, 0.039308586992, 0.0059404255247, 0.60935247982, 0.00088918311104],
      [0.51084142911, 0.06649147716, 0.061892758024, 0.19217714359, 0.11508718383, 0.053510008275],
      [0.0054978280194, 0.015570880909, 0.081516730801, 0.77851742632, 0.070540197399, 0.048356936548],
      [0.00040461550117, 0.018127563083, 0.04961558174, 0.0085347119732, 0.91900584073, 0.0043116869771],
      [0.0029800357747, 0.010937437865, 0.42376003242, 0.26382589242, 0.29198630235, 0.0065102991629],
      [0.00013885857811, 0.067985687927, 0.028051799892, 0.24622204432, 0.62943704376, 0.028164565527],
      [0.05991986706, 0.042774386029, 0.12070593471, 0.18388485624, 0.20293935816, 0.3897755978]
    ],
    [
      [0.0012856293315, 0.27506967892, 0.021006419496, 0.0039836988562, 0.69797788794, 0.00067668546235],
      [0.50158084038, 0.07228515913, 0.045561176812, 0.15514354801, 0.17833914546, 0.047090130205],
      [0.0060251848783, 0.019446074915, 0.065330881917, 0.72608651431, 0.1341923374, 0.048919006587],
      [0.00042762382621, 0.013591602551, 0.022279243323, 0.0060830153866, 0.95466980853, 0.0029487063787],
      [0.0028888246388, 0.01192434298, 0.31285500087, 0.21361272955, 0.45302338578, 0.0056957161791],
      [0.00015197478221, 0.057605119498, 0.01567432549, 0.15470669222, 0.75244592983, 0.019415958171],
      [0.059082662583, 0.046638982767, 0.089293067763, 0.14871616812, 0.31409940969, 0.34216970908]
    ],
    [
      [0.00091718383762, 0.24549017072, 0.03149488748, 0.0043755885466, 0.71762392023, 9.8249188977e-05],
      [0.4100394997, 0.07133637201, 0.073155528366, 0.20198680594, 0.2022007086, 0.041281085381],
      [0.0037290029209, 0.015058866042, 0.086444955963, 0.74259956261, 0.12007219698, 0.032095415487],
      [0.00010640083677, 0.011671705734, 0.034723719501, 0.0058285688606, 0.94681567205, 0.00085393301408],
      [0.0017258255761, 0.0089449901642, 0.38207218134, 0.21205049843, 0.3922413642, 0.0029651402893],
      [6.2956171692e-05, 0.049316709166, 0.022438112631, 0.17473023347, 0.73882634778, 0.014625640779],
      [0.045405904489, 0.04232296385, 0.13143041045, 0.17784872356, 0.32728377845, 0.2757082192]
    ],
    [
      [0, 0.36810191956, 0.02584781314, 0.0044077989594, 0.60164246834, 0],
      [0.54264059754, 0.096312633826, 0.053226912141, 0.13253649509, 0.15480686502, 0.020476496376],
      [0.010820539104, 0.030943967112, 0.092939332692, 0.71703742149, 0.13684368795, 0.011415051651],
      [0, 0.011321520972, 0.035008983984, 0.007890591702, 0.94577890334, 0],
      [0.0026696549222, 0.013911948272, 0.38095273535, 0.19078546285, 0.4116801986, 0],
      [0.00026214676834, 0.086426495792, 0.021300615061, 0.14805225275, 0.73491228835, 0.0090462012804],
      [0.079054052359, 0.078575775794, 0.13266233151, 0.16224563711, 0.34817087953, 0.1992913237]
    ],
    [
      [0.00078460522284, 0.22487601996, 0.030259472956, 0.004224283733, 0.73966394422, 0.00019167390393],
      [0.38742304194, 0.069203170751, 0.074473415672, 0.20417647377, 0.2208370801, 0.043886817757],
      [0.0032884576745, 0.014501423283, 0.086549844263, 0.73523800779, 0.12683040481, 0.033591862175],
      [2.5271534687e-05, 0.010464145417, 0.032629533035, 0.005522992346, 0.95018758973, 0.0011704679338],
      [0.0014975700583, 0.0083513354899, 0.3723979264, 0.20498781651, 0.40955905533, 0.0032062962167],
      [3.9757412813e-05, 0.04466123853, 0.021380533766, 0.16484450545, 0.7545797615, 0.014494203342],
      [0.040513300885, 0.039246568456, 0.12784240954, 0.17176866121, 0.34102516858, 0.27960389133]
    ],
    [
      [0.001175218435, 0.31766855036, 0.033407291266, 0.0050847900015, 0.64193187937, 0.00073227057136],
      [0.43763546865, 0.076621975764, 0.064822461578, 0.20765758961, 0.15071809918, 0.062544405217],
      [0.0040465828892, 0.015760092499, 0.076600893311, 0.76372892321, 0.089325477074, 0.050538031013],
      [0.00022786657715, 0.016170623999, 0.04047339426, 0.0068131365164, 0.93264842839, 0.0036665502583],
      [0.0021488564554, 0.01088751412, 0.39161233001, 0.25137708142, 0.33774042002, 0.0062337979686],
      [0.0001022554342, 0.064096597018, 0.024077253711, 0.21741868176, 0.66732192189, 0.026983290189],
      [0.045335707058, 0.043032742295, 0.11043091798, 0.17331697813, 0.23124134126, 0.39664231328]
    ],
    [
      [0.0010754424957, 0.26241163333, 0.042611981881, 0.0059675419448, 0.68793340035, 0],
      [0.49543018518, 0.055978511094, 0.073715855128, 0.20535089579, 0.14343567516, 0.02608887765],
      [0.0059820786394, 0.015342752912, 0.090761902902, 0.78625290707, 0.088282810874, 0.013377547604],
      [0, 0.011062188147, 0.048590803399, 0.0092288316121, 0.93111817684, 0],
      [0.0021165987015, 0.0084367256537, 0.43455299985, 0.24239148768, 0.31250218812, 0],
      [0.00020994298573, 0.050020457172, 0.029274116227, 0.22935191747, 0.67984689783, 0.01129666831],
      [0.063478037285, 0.041020305555, 0.16405755466, 0.22366277544, 0.28754843757, 0.22023288949]
    ],
    [
      [0.0017304752008, 0.25367996353, 0.031394249757, 0.0046317471891, 0.70787617059, 0.00068739373373],
      [0.55953758409, 0.050462205414, 0.050373723874, 0.15841626464, 0.13698942099, 0.044220800997],
      [0.0062146093005, 0.01402884858, 0.0762654143, 0.75196755043, 0.1050439907, 0.046479586697],
      [0.00013215785548, 0.012224312916, 0.034655520293, 0.0054875777598, 0.94435498089, 0.0031454502843],
      [0.0031550989898, 0.0090108480829, 0.37244805189, 0.23430237441, 0.37553610983, 0.0055475168001],
      [0.00010643011855, 0.049490362457, 0.021875375978, 0.19441506227, 0.71176081495, 0.022351954226],
      [0.071640039671, 0.035781762539, 0.10817923933, 0.16654525479, 0.26488639009, 0.35296731358]
    ],
    [
      [0.001333116244, 0.21070615223, 0.029821099387, 0.0035882331206, 0.75440168846, 0.00014971056108],
      [0.48438162682, 0.057207494043, 0.064460793363, 0.15903038052, 0.19872106897, 0.036198636285],
      [0.0058035188244, 0.014888546778, 0.093184810511, 0.71102331793, 0.14045214129, 0.034647664662],
      [0.00068007109228, 0.0098064479632, 0.031973152044, 0.0043676557397, 0.95208305198, 0.0010896211822],
      [0.0024649057634, 0.0080763625899, 0.37434918063, 0.18457964816, 0.42740603392, 0.0031238689404],
      [0.00022360861595, 0.042089733472, 0.021214433671, 0.14597509809, 0.77693374741, 0.013563378741],
      [0.056557568581, 0.037397528051, 0.12764843916, 0.15432616409, 0.35525268019, 0.26881761993]
    ],
    [
      [0.00053872035761, 0.26671976226, 0.013843295869, 0.0054130587411, 0.71273229841, 0.00075286435759],
      [0.33941143386, 0.095688836867, 0.047418040755, 0.21667752847, 0.24876599172, 0.052038168334],
      [0.0025159276909, 0.019450703069, 0.044350869052, 0.75279419962, 0.14056218366, 0.040326116901],
      [0, 0.013399723076, 0.0091716993156, 0.010527091388, 0.96388312071, 0.0030183655064],
      [0.00132788341, 0.012426586053, 0.25457227352, 0.23356670542, 0.49304743753, 0.0050591140739],
      [1.463086529e-05, 0.055339101857, 0.011028657311, 0.15683464453, 0.76119401227, 0.015588953173],
      [0.032771138006, 0.050572054048, 0.076639872527, 0.17021654882, 0.35896195883, 0.31083842777]
    ],
    [
      [0.0016191603852, 0.19051028928, 0.025270004388, 0.0040371686101, 0.77811301898, 0.00045035835718],
      [0.5801700948, 0.041558490184, 0.044512207677, 0.13562623334, 0.16478253837, 0.033350435632],
      [0.0071395822589, 0.012003459309, 0.075729372696, 0.72528076871, 0.14071862143, 0.03912819559],
      [4.4952236853e-05, 0.0080049289601, 0.025730576332, 0.0055758125796, 0.95873227197, 0.0019114579195],
      [0.0032347755627, 0.0070813082524, 0.33048845074, 0.20167273637, 0.45340077922, 0.0041219498461],
      [8.3044838906e-05, 0.036964454412, 0.017530390568, 0.15080694296, 0.77932964836, 0.015285518863],
      [0.080237025434, 0.031659506863, 0.10315736849, 0.15392369149, 0.3440179681, 0.28700443962]
    ],
    [
      [0.0002868562303, 0.19898142687, 0.010041758674, 0.0079647531076, 0.78004362665, 0.0026815784615],
      [0.27510703575, 0.094038552262, 0.051180102467, 0.17334635719, 0.35986163603, 0.046466316301],
      [0.0021771235411, 0.021824203964, 0.058516853028, 0.66595011345, 0.21089906189, 0.040632644127],
      [0, 0.011884792746, 0.0068126650777, 0.01435931101, 0.96091004347, 0.0060331876967],
      [0.00087569219527, 0.010895953707, 0.23174367687, 0.15593891484, 0.59563116644, 0.0049145959489],
      [1.9626147121e-05, 0.040925373798, 0.0098181321243, 0.09296689849, 0.84594671628, 0.010323253159],
      [0.023386158465, 0.046121926663, 0.074473060653, 0.12641176153, 0.47482774604, 0.25477934665]
    ],
    [
      [0, 0.33517102986, 0.03483445462, 0.0038148661226, 0.62433487054, 0.001844778865],
      [0.31297117648, 0.12213962578, 0.10712245424, 0.17701385912, 0.22352653698, 0.057226347401],
      [0.0010725206852, 0.023148332604, 0.12661265469, 0.66445644594, 0.13650879929, 0.048201246794],
      [0, 0.013991655774, 0.043053818584, 0.00525676072, 0.93365464635, 0.0040431185693],
      [0.00056552361201, 0.010916543904, 0.47094835158, 0.15351975197, 0.35897471279, 0.0050751161383],
      [0, 0.076187776632, 0.029329825975, 0.13737687408, 0.73870978721, 0.018395736105],
      [0.028092958176, 0.060024222106, 0.16139816276, 0.12964024906, 0.3008661945, 0.3199782134]
    ],
    [
      [0.00028008585465, 0.34403083265, 0.015621136954, 0.0040678348085, 0.63600010973, 0],
      [0.36550552991, 0.13747242476, 0.0526341455, 0.16447368848, 0.25159700869, 0.028317202663],
      [0.0077306979364, 0.030877349339, 0.069929661654, 0.70253311025, 0.16920368635, 0.019725494469],
      [0, 0.01465322708, 0.01864415519, 0.010147581067, 0.95655503666, 0],
      [0.0022658290322, 0.016404423775, 0.28905197635, 0.18148590062, 0.50988863184, 0.00090323838219],
      [0.0004008096698, 0.079177899317, 0.013302984644, 0.11946554593, 0.77985654354, 0.0077962168966],
      [0.037377479239, 0.084383706051, 0.098987756702, 0.1511736281, 0.42620991237, 0.20186751754]
    ],
    [
      [0.011470486338, 0.11985873662, 0.062857526394, 0.0075037798218, 0.79554828932, 0.0027611815083],
      [0.57674115271, 0, 0.071536944251, 0.16825238611, 0.12029440956, 0.063175107372],
      [0, 0, 0.099969494909, 0.75013023535, 0.0875760388, 0.062324230942],
      [0, 0, 0.054167203229, 0.0086806788591, 0.93044815891, 0.0067039589986],
      [0.00011857332086, 0, 0.47745487492, 0.22105701538, 0.29268376896, 0.0086857674111],
      [0.00016880595449, 0.023110561658, 0.033704832688, 0.22350413374, 0.6868837864, 0.032627879562],
      [0.064157968805, 0.011829930492, 0.13360950654, 0.15337612766, 0.2013978114, 0.43562865511]
    ],
    [
      [0.0012002604538, 0.32901946662, 0.040951404929, 0.0027446720466, 0.62504212277, 0.001042073175],
      [0.4083287432, 0.10114931364, 0.10715149144, 0.14496485414, 0.18920617112, 0.049199426463],
      [0.0051053974698, 0.023904313962, 0.14718217507, 0.63830825928, 0.13747500636, 0.048024847859],
      [0.0011601817024, 0.015835808294, 0.046228534954, 0.0037606016218, 0.92910784856, 0.0039070248698],
      [0.0021503757118, 0.010536343199, 0.51377342831, 0.13673888379, 0.3320085643, 0.004792404692],
      [0.00017364340861, 0.074838682311, 0.034925832358, 0.13380582213, 0.7376159075, 0.018640112291],
      [0.041525063094, 0.056309082032, 0.1840317934, 0.12006973631, 0.28663496488, 0.31142936028]
    ],
    [
      [0.0013596814094, 0.21806425045, 0.038790605955, 0.0033800652881, 0.73760663485, 0.00079876204945],
      [0.49288626601, 0.053058842231, 0.076155903905, 0.1518521935, 0.17443120427, 0.051615590089],
      [0.0055543181931, 0.013402543109, 0.11038617749, 0.69058456215, 0.12845814143, 0.051614257636],
      [0.00046532681851, 0.0096515969393, 0.04089482282, 0.0032523923696, 0.94238718606, 0.0033486749967],
      [0.0023738827029, 0.0071141518345, 0.43876175208, 0.17435560752, 0.37216864688, 0.0052259589801],
      [0.00013496707117, 0.043237339282, 0.027447175881, 0.15467826774, 0.75281071411, 0.021691535923],
      [0.054079350595, 0.031945253155, 0.13924481817, 0.1358220043, 0.28700660626, 0.35190196752]
    ],
    [
      [0.00096543719239, 0.2055391718, 0.024938570056, 0.0038321209286, 0.76417377479, 0.00055092523379],
      [0.40961168455, 0.067416792124, 0.065159370581, 0.16996317844, 0.2430345151, 0.044814459204],
      [0.0044559548521, 0.015292776843, 0.085606717373, 0.69583612737, 0.15836314988, 0.040445273684],
      [0.00055208756649, 0.0088893957806, 0.026368985625, 0.0056949681971, 0.95637716566, 0.0021173971689],
      [0.0019173327299, 0.0081796827021, 0.33906858922, 0.17796625549, 0.4688298351, 0.0040383047514],
      [0.00011945449363, 0.041598412792, 0.017872856703, 0.13119631102, 0.79492801903, 0.014284945964],
      [0.042979441072, 0.038254618601, 0.11212683801, 0.14338531154, 0.37694689609, 0.28630689469]
    ],
    [
      [0.0013929671932, 0.16604544356, 0.035151612434, 0.0042698645816, 0.792628246, 0.00051186623371],
      [0.49117001851, 0.040311924864, 0.068197988898, 0.17293175898, 0.18660416657, 0.040784142177],
      [0.0053495964996, 0.0061432554001, 0.092760601174, 0.72971826754, 0.12835582309, 0.037672456294],
      [0.00073803382164, 0.0038266939768, 0.035745163639, 0.0048796624812, 0.95272634892, 0.002084097161],
      [0.0023946941236, 0.0038595287366, 0.39277379696, 0.19883998177, 0.39823930469, 0.0038926937212],
      [0.00018505869265, 0.030699237859, 0.023427741988, 0.16658764597, 0.76293752248, 0.016162793006],
      [0.054834901712, 0.025478745153, 0.13259377354, 0.16451414066, 0.32666280633, 0.29591563261]
    ],
    [
      [0.00048780730128, 0.33159968909, 0.027146742058, 0.0060005462949, 0.63412744695, 0.00063776831019],
      [0.34017385644, 0.089491019762, 0.060082291936, 0.25427971816, 0.16763253528, 0.088340578423],
      [0.00078190103536, 0.016179546171, 0.05735346987, 0.78296264288, 0.084497900581, 0.058224539459],
      [0, 0.016660266607, 0.032841499049, 0.0086766506389, 0.93787168547, 0.0039498982333],
      [0.0010667020515, 0.011993065473, 0.34166581901, 0.28714479307, 0.35038236356, 0.0077472568311],
      [0, 0.065237007764, 0.019297504887, 0.23245758645, 0.64987194666, 0.033135954231],
      [0.028398649214, 0.041010984404, 0.083751489597, 0.17337994206, 0.20986992003, 0.4635890147]
    ],
    [
      [0.00038086648262, 0.23770445889, 0.026882878024, 0.0027847885714, 0.73135915702, 0.0008878510111],
      [0.3140477104, 0.089174741354, 0.081298923753, 0.19170563776, 0.26815608952, 0.055616897212],
      [0.0015864221183, 0.020354860526, 0.094298183535, 0.6897774032, 0.14921212152, 0.044771009103],
      [0, 0.012924675726, 0.030943851512, 0.0027806351888, 0.94935917031, 0.0039916672596],
      [0.00084720428364, 0.010337708345, 0.3676167002, 0.17116006853, 0.44518556738, 0.004852751254],
      [0, 0.049061947943, 0.020204200839, 0.1304111921, 0.78431440571, 0.016008253406],
      [0.026502740686, 0.043741156484, 0.12078024934, 0.13882813464, 0.35808936168, 0.31205835718]
    ],
    [
      [0.0021489543719, 0.17835687102, 0.040530193169, 0.0065210480504, 0.77244293339, 0],
      [0.60678663846, 0.028226476915, 0.053114879497, 0.16325631059, 0.12268333844, 0.0259323561],
      [0.0068672257308, 0.003299982145, 0.082811540503, 0.78464374879, 0.097695208859, 0.024682293975],
      [0.00013372899856, 0.0051029652267, 0.041803493281, 0.0085776290086, 0.9443582087, 2.3974786438e-05],
      [0.0035079096291, 0.0029739150389, 0.40007024132, 0.24781872333, 0.34394337712, 0.0016858335744],
      [0.00012589939565, 0.031491906973, 0.025613766019, 0.22208504894, 0.70598406927, 0.014699309405],
      [0.094395388008, 0.024164020359, 0.13633493793, 0.20589713165, 0.28416069925, 0.2550478228]
    ],
    [
      [0, 0.34973527661, 0.02710983961, 0.00506399205, 0.61809089173, 0],
      [0.31832000585, 0.12077634372, 0.074990590207, 0.24463948745, 0.20872308844, 0.03255048433],
      [0.0022955210466, 0.021143395933, 0.07718574253, 0.77573238727, 0.10964706179, 0.013995891431],
      [0, 0.013875105769, 0.034937783991, 0.0085983902013, 0.94258872004, 0],
      [0.00051377035457, 0.012708825949, 0.36683144276, 0.24078202432, 0.37916393662, 0],
      [0, 0.076111164894, 0.021219850256, 0.19372242732, 0.69911790463, 0.0098286529035],
      [0.033868683664, 0.070063194138, 0.13285865727, 0.21248694624, 0.33299852459, 0.21772399409]
    ],
    [
      [0.00046919515211, 0.20748973718, 0.030166692015, 0.0052693517247, 0.75583773958, 0.00076728435634],
      [0.32933061185, 0.0602863088, 0.070866195193, 0.26686336794, 0.2133749843, 0.059278531911],
      [0, 0.010737147288, 0.065966315541, 0.78207820424, 0.1017219593, 0.039496373635],
      [0, 0.0086340766879, 0.031388358538, 0.0058499736127, 0.95105296506, 0.0030746261031],
      [0.00018186043954, 0.0073696316705, 0.34477145332, 0.25859849928, 0.38370997129, 0.0053685839985],
      [0, 0.037626190434, 0.019736238438, 0.21013765353, 0.71327494633, 0.019224971262],
      [0.030215902741, 0.030342509765, 0.10845969768, 0.19974304544, 0.29374493763, 0.33749390674]
    ],
    [
      [0.00092419022929, 0.24489872855, 0.036342372102, 0.0047267465402, 0.71256219922, 0.00054576336732],
      [0.4050349361, 0.065479427331, 0.077934570801, 0.21557691981, 0.18488223052, 0.051091915432],
      [0.0031818701019, 0.013230194514, 0.087324949098, 0.75255366232, 0.10449620781, 0.039213116157],
      [0, 0.011538744758, 0.039903055652, 0.0056961282119, 0.94041064602, 0.0024514253543],
      [0.0015703049232, 0.0081752136501, 0.40492738068, 0.22444941434, 0.35649152913, 0.0043861572779],
      [2.7566380422e-05, 0.047646254706, 0.025146075519, 0.19630825774, 0.71169450482, 0.019177340841],
      [0.04237786913, 0.036870174822, 0.13297143013, 0.18019224611, 0.28410581725, 0.32348246256]
    ],
    [
      [0.0005893027688, 0.26398355308, 0.033319365414, 0.0053717201555, 0.69598660736, 0.00074945122134],
      [0.34797682294, 0.072869993267, 0.073773868472, 0.24785476467, 0.18650426609, 0.071020284559],
      [0.0007411230705, 0.013620651859, 0.073398682277, 0.76934418093, 0.094247666234, 0.048647695631],
      [0, 0.01213810315, 0.03739862429, 0.0067966912845, 0.94020702169, 0.0034595595832],
      [0.00087488057724, 0.0089671349867, 0.37667508354, 0.253870556, 0.35357216927, 0.0060401756258],
      [0, 0.050503553501, 0.022741858008, 0.21572230315, 0.68551794556, 0.02551433978],
      [0.031624952721, 0.035854917674, 0.10982894103, 0.18076105912, 0.24999808579, 0.39193204367]
    ],
    [
      [0.0025530584711, 0.34504922483, 0.053399044324, 0.0075950225317, 0.59039783921, 0.0010058106317],
      [0.59626826912, 0.049913372914, 0.062820031611, 0.16842565422, 0.081924515359, 0.040648156777],
      [0.006798679512, 0.014088659652, 0.094732719996, 0.78996425736, 0.050851620828, 0.043564062656],
      [0.00037443252094, 0.018579867557, 0.067681516326, 0.012494440163, 0.89599188362, 0.0048778598114],
      [0.0036053790779, 0.0093687754545, 0.4851303529, 0.26076398523, 0.23526241732, 0.0058690900154],
      [0.00017445889903, 0.066162145675, 0.036940915599, 0.278820628, 0.59021090638, 0.027690945444],
      [0.084135646704, 0.038947030869, 0.14860909835, 0.19528241802, 0.17643965094, 0.35658615512]
    ],
    [
      [0.0028320535152, 0.33154757113, 0.053706318918, 0.0087345386803, 0.60285394537, 0.00032557238806],
      [0.58671350408, 0.048422029419, 0.063082753057, 0.15149991884, 0.084227464528, 0.066054330077],
      [0.0082201687197, 0.013974162678, 0.10029955341, 0.75031224974, 0.058848181143, 0.068345684307],
      [0.00072098628273, 0.017517855253, 0.066421656262, 0.012415556947, 0.89791647792, 0.0050074673324],
      [0.0041269171298, 0.0091699548356, 0.49445403597, 0.23959777244, 0.24573680664, 0.0069145129836],
      [0.00029699092577, 0.06426991806, 0.037113411848, 0.24985557695, 0.60324126986, 0.045222832355],
      [0.069594933653, 0.031139726829, 0.12271855219, 0.14514417601, 0.14833408306, 0.48306852826]
    ],
    [
      [0.00049962751031, 0.40610229984, 0.029898963454, 0.0047776999499, 0.55872140925, 0],
      [0.40142213672, 0.11583504253, 0.068949737653, 0.22046591071, 0.15895399647, 0.03437317591],
      [0.0052286087127, 0.017571632747, 0.079167431747, 0.78138998902, 0.09327968163, 0.023362656142],
      [0.00061241533895, 0.018774929214, 0.041901007113, 0.0075606078512, 0.93115104048, 0],
      [0.0026515935631, 0.011556421337, 0.3946346111, 0.25234898715, 0.33770464701, 0.0011037398404],
      [0.00011378806821, 0.091156548352, 0.023703748688, 0.21471979459, 0.65637338816, 0.013932732144],
      [0.046701915757, 0.073182731766, 0.1344836498, 0.21071848169, 0.27935565346, 0.25555756753]
    ],
    [
      [0.0027142600221, 0.31312634848, 0.046043577412, 0.009962904708, 0.62738307885, 0.00076983052847],
      [0.58898359088, 0.039557181634, 0.049364597998, 0.21316367113, 0.075173163099, 0.033757795264],
      [0.0070619078935, 0.011256683556, 0.067356882199, 0.85529802471, 0.028211741379, 0.030814760259],
      [0.00044754991485, 0.015212285466, 0.055384340928, 0.013654767985, 0.91170181, 0.0035992457101],
      [0.0038395765372, 0.0079260744408, 0.40165889792, 0.34758314166, 0.23419719276, 0.0047951166792],
      [0.00027232620293, 0.051098373299, 0.028355327236, 0.34704808357, 0.55067910202, 0.022546787675],
      [0.084554632013, 0.032871812615, 0.12369491687, 0.26367940413, 0.17543313005, 0.31976610432]
    ],
    [
      [0.0015275914405, 0.36774707388, 0.019943883183, 0.0029496376894, 0.60692604913, 0.00090576467269],
      [0.58414512292, 0.087684737548, 0.038949386903, 0.1053429524, 0.14277587115, 0.041101929079],
      [0.0089039437195, 0.025724012086, 0.079847447702, 0.67709497903, 0.14950424983, 0.058925367628],
      [0.00034627984434, 0.016672439965, 0.025867451634, 0.0045924388199, 0.94904584612, 0.0034755436213],
      [0.0038329875482, 0.016347011544, 0.3363778651, 0.18144968984, 0.45583936298, 0.0061530829894],
      [0.00016356119389, 0.08617970745, 0.016980201412, 0.12956569958, 0.74618596232, 0.020924868038],
      [0.078173512708, 0.065618966449, 0.089572237346, 0.11869089192, 0.29560701358, 0.352337378]
    ],
    [
      [0.0015762413303, 0.26789972963, 0.035164721102, 0.0058759726638, 0.68835207033, 0.0011312649455],
      [0.44799309053, 0.057551326594, 0.060541203078, 0.22842758508, 0.14267839905, 0.062808395664],
      [0.0043647597143, 0.011666947667, 0.067000100745, 0.79023786933, 0.078764278966, 0.047966043574],
      [0.00048108179106, 0.013121557941, 0.039693898121, 0.0073435422521, 0.93515059496, 0.0042093249366],
      [0.0024746078656, 0.0085994347427, 0.3728595635, 0.28227554437, 0.32713431126, 0.0066565382608],
      [0.00020594560799, 0.049453921475, 0.023095766007, 0.2463545547, 0.65304402805, 0.027845784165],
      [0.04743036719, 0.032612355007, 0.10394797646, 0.19272810299, 0.22173964809, 0.40154155026]
    ],
    [
      [0.00079738365866, 0.15540623298, 0.041339878669, 0.0049605093366, 0.79651993313, 0.00097606222006],
      [0.36631288202, 0.042050262101, 0.09173034289, 0.23470611011, 0.21155860652, 0.053641796368],
      [0.0026682415058, 0.0059148946438, 0.092983989217, 0.75262864362, 0.10824839499, 0.037555836025],
      [5.8407028459e-05, 0.0028281918523, 0.041378715639, 0.0053436843561, 0.94603931355, 0.004351687571],
      [0.0012378343801, 0.0021986970378, 0.42081636332, 0.21286603901, 0.35754893799, 0.005332128264],
      [4.676847937e-05, 0.027617833271, 0.026510968605, 0.19090468281, 0.73708751319, 0.01783223365],
      [0.033520551738, 0.021584513197, 0.14416170513, 0.18013772561, 0.29939449335, 0.32120101097]
    ],
    [
      [0.001113060632, 0.6722664894, 0.017104098116, 0.0040893256547, 0.3054270262, 0],
      [0.41275439816, 0.21485929927, 0.050966274272, 0.18188470076, 0.11170611205, 0.027829215488],
      [0.0099528016572, 0.0097481326216, 0.075725634479, 0.79153379405, 0.09007168093, 0.022967956265],
      [0.0026022810601, 0.041553291169, 0.042322542996, 0.012646571918, 0.90012409041, 0.00075122244743],
      [0.0031954759833, 0.029895516481, 0.38490036054, 0.27193554603, 0.30723577822, 0.0028373227446],
      [0.00068781653942, 0.20040422535, 0.021270338337, 0.21081482812, 0.55367654564, 0.013146246008],
      [0.05028131964, 0.16024589835, 0.11391808017, 0.20091338798, 0.22478685241, 0.24985446144]
    ],
    [
      [0.0028423374942, 0.26153006081, 0.061033277547, 0.0089711289339, 0.66485440275, 0.0007687924689],
      [0.59940521772, 0.033955411369, 0.064674424618, 0.18565888886, 0.083107328814, 0.033198728622],
      [0.0066596857582, 0.0079879097867, 0.092209206911, 0.81268638432, 0.047927806272, 0.03252900695],
      [0.00050724659324, 0.012215388906, 0.069616537134, 0.013530630178, 0.90049061069, 0.0036395865038],
      [0.0036252574616, 0.0058008006355, 0.48035025573, 0.27765299061, 0.22810109264, 0.004469602917],
      [0.00025717481811, 0.04464300736, 0.037925010365, 0.30526256489, 0.58935673378, 0.022555508785],
      [0.088377796119, 0.027862865438, 0.16113368134, 0.2271708755, 0.1878389302, 0.30761585141]
    ],
    [
      [0.002651276563, 0.23350488687, 0.061707391434, 0.00773209471, 0.69315932132, 0.0012450290948],
      [0.58912737221, 0.032183308934, 0.06971240227, 0.16630884425, 0.092939467145, 0.049728605191],
      [0.0071696496292, 0.0065670162728, 0.10196520519, 0.77026538911, 0.061502908557, 0.052529831247],
      [0.00052020616335, 0.010051661976, 0.06683773475, 0.010845261953, 0.90650474925, 0.0052403859126],
      [0.0034615301488, 0.0048412779636, 0.50065657432, 0.23823956887, 0.24612129337, 0.006679755324],
      [0.00025706245151, 0.04051221769, 0.038719270638, 0.26069243526, 0.62761144185, 0.032207572106],
      [0.074724249945, 0.022476664066, 0.14996048903, 0.17572395619, 0.17996609776, 0.39714854301]
    ],
    [
      [0.0010485745631, 0.24496435466, 0.03772870428, 0.0044129947673, 0.71131426103, 0.00053111069518],
      [0.42797887627, 0.063964369224, 0.079539694399, 0.19826681395, 0.18086082365, 0.049389422509],
      [0.0040530595215, 0.014135530136, 0.094618507424, 0.7381586446, 0.10862390758, 0.040410350744],
      [0.00022921105293, 0.01170496223, 0.041298685693, 0.0051548376494, 0.93917357718, 0.0024387261965],
      [0.0018600699948, 0.0082834138274, 0.4211326972, 0.20971300029, 0.35467874228, 0.0043320764147],
      [8.9697322827e-05, 0.048040687173, 0.026456175199, 0.18631631489, 0.71998312027, 0.019114005141],
      [0.045036485682, 0.03711059399, 0.13961944608, 0.17026849837, 0.28579039208, 0.3221745838]
    ],
    [
      [0.00041109597945, 0.23045768775, 0.024058760497, 0.0033937749036, 0.74085508101, 0.00082359985786],
      [0.32563211552, 0.082606359429, 0.069932470634, 0.19755303262, 0.25853375083, 0.065742270965],
      [0.0013434533545, 0.01876715384, 0.080109443467, 0.70432910991, 0.1422836747, 0.053167164723],
      [0, 0.010957950971, 0.026163659589, 0.0045585204285, 0.95474182219, 0.0035780468246],
      [0.00082711524161, 0.0099511462458, 0.33578544843, 0.18912551452, 0.45839576866, 0.0059150069025],
      [0, 0.046375886706, 0.017492790953, 0.13898322431, 0.77802038187, 0.019127716166],
      [0.027494069064, 0.039393725839, 0.1009860723, 0.13964211765, 0.33594970378, 0.35653431137]
    ],
    [
      [0, 0.19678486029, 0.023121058116, 0.0063753193248, 0.77178330462, 0.0019354576499],
      [0, 0.19950941797, 0.093209029303, 0.31216345157, 0.28729402293, 0.10782407823],
      [0, 0.003439825417, 0.055876182003, 0.76600326244, 0.11541026458, 0.059270465554],
      [0, 0, 0.019387427003, 0.010677603911, 0.96291503461, 0.0070199344788],
      [0, 0.0027524469602, 0.3014730438, 0.25412014178, 0.43300995092, 0.0086444165352],
      [0, 0.034443808529, 0.015310372021, 0.18776733723, 0.73530675898, 0.027171723231],
      [0, 0.03401208655, 0.079378644597, 0.16474925668, 0.27847833221, 0.44338167997]
    ],
    [
      [0.0017507538717, 0.30774781016, 0.02507098116, 0.0018263077738, 0.66341259467, 0.00019155236442],
      [0.50189578122, 0.091351260084, 0.05899354181, 0.12011386268, 0.19342989968, 0.034215654525],
      [0.0086501975851, 0.027380015574, 0.10471908113, 0.65490834862, 0.16442569309, 0.03991666399],
      [0.0018992201545, 0.015072693033, 0.031178288213, 0.0019122904646, 0.94869079119, 0.0012467169445],
      [0.0032359396563, 0.013480421825, 0.37352614659, 0.15158459125, 0.45480457163, 0.0033683290475],
      [0.0011412260806, 0.06896648415, 0.021207330505, 0.11284984422, 0.7827085317, 0.01312658335],
      [0.061518649497, 0.062639507974, 0.12478060166, 0.12173524784, 0.362476419, 0.26684957402]
    ],
    [
      [0, 0.30737853514, 0.016381032018, 0.0061242958128, 0.67011613703, 0],
      [0.27972991422, 0.12963963173, 0.059150028343, 0.21592199964, 0.27571389192, 0.039844534148],
      [0, 0.023978406208, 0.062047021048, 0.73559787102, 0.14963325942, 0.028743442302],
      [0, 0.012707187358, 0.018203197282, 0.011226539599, 0.95748926331, 0.00037381244915],
      [0, 0.014508355652, 0.28545935977, 0.20780144289, 0.48947282923, 0.0027580124636],
      [0, 0.067490723378, 0.013339857659, 0.14135192211, 0.76721474393, 0.010602752918],
      [0.026926749267, 0.068331690889, 0.095401946332, 0.1701648926, 0.39918873937, 0.23998598154]
    ],
    [
      [0.0014575380376, 0.15456110072, 0.059137673519, 0.0069113254989, 0.77793236223, 0],
      [0.52646617912, 0.034107513804, 0.14309872519, 0.10987307202, 0.17270420791, 0.013750301968],
      [0.029046357422, 0.0090392722558, 0.24000339453, 0.57469934028, 0.14721163551, 0],
      [0.0010285199894, 0.004131155089, 0.04578968932, 0.0093792077898, 0.93967142781, 0],
      [0.0028076395893, 0.0024553497233, 0.64503900255, 0.089744879817, 0.25995312832, 0],
      [0.0011596173171, 0.030734477885, 0.054074234782, 0.11961635864, 0.78608584308, 0.0083294683037],
      [0.061857832467, 0.023497669253, 0.31749318392, 0.11293508555, 0.32069169531, 0.1635245335]
    ],
    [
      [0.0016478345482, 0.32444656762, 0.046955775061, 0.0051215960865, 0.62151167768, 0.00031654900391],
      [0.53069781238, 0.067634167782, 0.079402418159, 0.16155513608, 0.12638110331, 0.034329362294],
      [0.0061585608906, 0.01759346992, 0.11148823125, 0.73719859791, 0.094232690428, 0.033328449605],
      [0.00032645090986, 0.016895608052, 0.055948649049, 0.008205676685, 0.91679521276, 0.0018284025461],
      [0.0027134851794, 0.0099798113442, 0.49318338686, 0.20118214166, 0.28989279041, 0.0030483845511],
      [0.00013461862103, 0.068224317916, 0.03544166888, 0.20371667331, 0.67462643421, 0.017856287058],
      [0.070787898779, 0.049009258461, 0.17525756847, 0.1739857584, 0.25003405451, 0.28092546137]
    ],
    [
      [0.0018432544119, 0.33909284845, 0.035333861167, 0.0045557314923, 0.61843739448, 0.00073690999759],
      [0.57302361252, 0.06400147478, 0.054067767975, 0.14508939164, 0.11408544571, 0.049732307375],
      [0.0066860351421, 0.018224648126, 0.088475091276, 0.73827173526, 0.092889516607, 0.055452973585],
      [0.00010445348159, 0.017698477765, 0.044201443082, 0.006415222008, 0.92780009461, 0.0037803090561],
      [0.0033559727673, 0.011735665008, 0.42186793742, 0.2266143318, 0.33003122823, 0.0063948647713],
      [0.00011011635406, 0.071003755899, 0.026599183725, 0.20152319746, 0.67235491798, 0.028408828581],
      [0.073114262734, 0.044944121017, 0.11527313895, 0.1515877446, 0.21922378477, 0.39585694793]
    ],
    [
      [0.00061886847185, 0.24096519848, 0.031873502434, 0.0048000440992, 0.72122812586, 0.00051426065483],
      [0.35421130002, 0.068642135561, 0.072938786998, 0.21969376479, 0.1996507805, 0.084863232125],
