{
  "X": [
    [3, 3, 4, 3],
    [5, 14, 45, 3],
    [79, 19, 73, 2],
    [23, 12, 18, 2],
    [64, 43, 60, 5],
    [34, 17, 51, 6],
    [59, 24, 54, 6],
    [3, 4, 20, 1],
    [1, 3, 7, 0],
    [6, 5, 5, 1],
    [4, 4, 8, 1],
    [3, 0, 7, 1],
    [5, 4, 23, 3],
    [45, 25, 59, 4],
    [18, 21, 28, 6],
    [28, 18, 21, 11],
    [27, 16, 27, 2],
    [8, 4, 9, 3],
    [78, 56, 91, 22],
    [9, 7, 34, 4],
    [9, 9, 15, 3],
    [29, 15, 58, 3],
    [21, 37, 46, 11],
    [26, 24, 38, 9],
    [11, 6, 10, 3],
    [59, 32, 71, 6],
    [1, 1, 5, 0],
    [5, 6, 5, 4],
    [10, 13, 16, 7],
    [12, 10, 12, 2],
    [9, 17, 27, 3],
    [4, 14, 22, 3],
    [8, 11, 16, 1],
    [22, 19, 20, 4],
    [17, 22, 45, 6],
    [15, 24, 28, 6],
    [23, 45, 29, 3],
    [7, 9, 14, 1],
    [7, 7, 21, 3],
    [15, 34, 25, 11],
    [8, 21, 21, 4],
    [64, 69, 77, 13],
    [83, 89, 90, 20],
    [5, 3, 7, 0],
    [11, 28, 15, 2],
    [16, 32, 29, 4],
    [25, 67, 53, 10],
    [27, 55, 50, 11],
    [39, 88, 93, 9],
    [4, 34, 11, 4],
    [3, 7, 6, 0],
    [16, 55, 27, 1],
    [63, 74, 68, 13],
    [46, 79, 94, 9],
    [58, 111, 90, 14],
    [33, 37, 36, 13],
    [29, 41, 55, 9],
    [38, 58, 51, 4],
    [3, 1, 9, 0],
    [9, 2, 5, 0],
    [2, 1, 7, 0],
    [2, 1, 16, 3],
    [6, 6, 7, 1],
    [36, 42, 18, 2],
    [96, 200, 147, 25],
    [40, 91, 73, 9],
    [2, 0, 4, 1],
    [2, 2, 11, 0],
    [2, 5, 6, 0],
    [25, 28, 69, 4],
    [3, 2, 19, 0],
    [38, 52, 85, 4],
    [15, 14, 13, 2],
    [5, 39, 9, 5],
    [51, 98, 131, 12],
    [1, 0, 6, 1],
    [21, 89, 59, 9],
    [62, 85, 219, 14],
    [13, 46, 50, 6],
    [2, 6, 2, 1],
    [37, 61, 82, 8],
    [47, 64, 82, 5],
    [14, 9, 30, 5],
    [3, 1, 7, 3],
    [10, 9, 14, 9],
    [13, 12, 8, 3],
    [9, 52, 49, 3],
    [23, 47, 45, 7],
    [55, 61, 68, 8],
    [18, 29, 37, 6],
    [31, 48, 44, 7],
    [45, 63, 61, 8],
    [20, 25, 35, 4],
    [24, 42, 42, 5],
    [30, 41, 58, 6],
    [44, 94, 168, 17],
    [43, 71, 93, 16],
    [20, 21, 40, 4],
    [57, 78, 70, 10],
    [36, 75, 119, 7],
    [10, 14, 23, 2],
    [77, 104, 106, 14],
    [19, 30, 46, 1],
    [9, 15, 19, 1],
    [23, 26, 45, 5],
    [61, 37, 56, 7],
    [64, 103, 91, 12],
    [7, 15, 25, 1],
    [31, 46, 65, 7],
    [67, 56, 79, 12],
    [24, 32, 25, 2],
    [2, 25, 7, 3],
    [2, 0, 4, 0],
    [2, 3, 7, 0],
    [1, 2, 11, 1],
    [0, 8, 3, 0],
    [7, 1, 6, 3],
    [5, 15, 10, 5],
    [3, 1, 3, 0],
    [2, 13, 15, 1],
    [18, 19, 28, 6],
    [3, 6, 10, 0],
    [8, 1, 14, 1],
    [8, 18, 27, 4],
    [35, 25, 40, 7],
    [6, 3, 8, 0],
    [10, 13, 21, 4],
    [11, 22, 38, 1],
    [0, 1, 8, 1],
    [8, 10, 20, 1],
    [2, 4, 8, 1],
    [1, 3, 8, 1],
    [23, 28, 68, 10],
    [44, 41, 90, 8],
    [11, 9, 24, 3],
    [11, 28, 40, 2],
    [19, 21, 52, 8],
    [2, 0, 4, 4],
    [8, 5, 9, 2],
    [10, 8, 20, 4],
    [22, 23, 30, 2],
    [6, 4, 16, 2],
    [9, 7, 15, 3],
    [2, 2, 13, 0],
    [8, 4, 12, 3],
    [45, 39, 79, 12],
    [21, 8, 23, 5],
    [39, 28, 73, 10],
    [6, 14, 16, 4],
    [1, 0, 5, 0],
    [46, 40, 53, 11],
    [23, 17, 34, 1],
    [17, 8, 34, 4],
    [15, 2, 11, 2],
    [11, 4, 7, 1],
    [6, 3, 11, 0],
    [47, 37, 54, 10],
    [20, 8, 20, 2],
    [19, 15, 17, 3],
    [3, 2, 12, 0],
    [4, 3, 14, 1],
    [13, 11, 20, 7],
    [50, 36, 74, 18],
    [14, 9, 26, 5],
    [119, 168, 203, 27],
    [155, 316, 356, 48],
    [78, 78, 220, 18],
    [71, 56, 102, 21],
    [64, 114, 126, 10],
    [364, 574, 612, 62],
    [8, 12, 23, 1]
  ],
  "W": [
    [5, 2, 0, 0, 4, 2, 0],
    [5, 12, 7, 21, 4, 16, 2],
    [14, 60, 12, 43, 3, 34, 7],
    [1, 22, 5, 8, 1, 17, 1],
    [17, 71, 17, 30, 8, 24, 5],
    [6, 38, 11, 25, 10, 12, 6],
    [11, 60, 11, 23, 12, 20, 6],
    [4, 6, 1, 11, 4, 1, 1],
    [3, 0, 0, 3, 3, 2, 0],
    [2, 5, 1, 1, 1, 6, 1],
    [0, 3, 3, 8, 1, 1, 1],
    [3, 3, 0, 0, 3, 0, 2],
    [8, 5, 1, 8, 10, 0, 3],
    [13, 46, 10, 24, 16, 21, 3],
    [5, 23, 12, 11, 9, 10, 3],
    [7, 22, 10, 5, 9, 20, 5],
    [15, 27, 6, 8, 6, 9, 1],
    [4, 4, 2, 3, 6, 5, 0],
    [12, 96, 25, 37, 15, 47, 15],
    [2, 17, 2, 12, 8, 9, 4],
    [6, 10, 1, 4, 4, 9, 2],
    [18, 19, 5, 38, 2, 20, 3],
    [10, 50, 10, 24, 3, 15, 3],
    [11, 26, 15, 21, 5, 12, 7],
    [3, 11, 3, 7, 0, 6, 0],
    [16, 64, 16, 38, 9, 19, 6],
    [1, 2, 0, 3, 1, 0, 0],
    [0, 5, 6, 3, 2, 2, 2],
    [4, 12, 7, 8, 5, 9, 1],
    [3, 17, 5, 7, 2, 2, 0],
    [9, 15, 7, 10, 5, 8, 2],
    [2, 7, 11, 14, 2, 6, 1],
    [8, 8, 3, 10, 2, 3, 2],
    [7, 21, 16, 8, 3, 7, 3],
    [9, 32, 17, 15, 5, 8, 4],
    [9, 21, 15, 15, 3, 6, 4],
    [8, 46, 22, 10, 5, 9, 0],
    [5, 4, 2, 9, 5, 5, 1],
    [2, 15, 5, 3, 8, 4, 1],
    [26, 17, 12, 15, 1, 7, 7],
    [6, 10, 12, 17, 2, 4, 3],
    [26, 89, 46, 38, 4, 16, 4],
    [26, 124, 48, 46, 6, 20, 12],
    [2, 6, 2, 4, 0, 1, 0],
    [8, 15, 19, 8, 2, 2, 2],
    [4, 30, 21, 14, 3, 6, 3],
    [10, 58, 37, 28, 2, 17, 3],
    [24, 42, 23, 33, 4, 12, 5],
    [22, 79, 52, 46, 5, 15, 10],
    [13, 16, 15, 6, 0, 3, 0],
    [3, 3, 4, 6, 0, 0, 0],
    [11, 34, 26, 14, 0, 9, 5],
    [22, 73, 46, 38, 14, 16, 9],
    [31, 88, 28, 38, 15, 23, 5],
    [21, 106, 52, 46, 8, 25, 15],
    [14, 51, 17, 14, 6, 11, 6],
    [14, 53, 26, 28, 1, 3, 9],
    [13, 56, 30, 29, 5, 12, 6],
    [2, 7, 1, 2, 1, 0, 0],
    [2, 5, 0, 3, 4, 1, 1],
    [1, 1, 1, 3, 2, 1, 1],
    [4, 3, 0, 7, 4, 4, 0],
    [1, 11, 1, 1, 2, 3, 1],
    [2, 45, 35, 7, 1, 8, 0],
    [19, 195, 108, 73, 12, 37, 24],
    [18, 76, 52, 31, 8, 16, 12],
    [0, 4, 0, 0, 1, 2, 0],
    [2, 5, 1, 4, 1, 2, 0],
    [2, 3, 4, 2, 0, 2, 0],
    [16, 30, 10, 36, 17, 15, 2],
    [3, 4, 3, 8, 4, 2, 0],
    [17, 53, 25, 43, 7, 27, 7],
    [7, 15, 5, 0, 6, 5, 6],
    [3, 5, 40, 6, 1, 2, 1],
    [9, 94, 69, 68, 9, 35, 8],
    [2, 0, 0, 1, 2, 2, 1],
    [18, 53, 50, 40, 2, 7, 8],
    [29, 114, 36, 124, 21, 46, 10],
    [14, 38, 16, 29, 0, 8, 10],
    [2, 4, 4, 0, 0, 0, 1],
    [8, 63, 38, 41, 11, 17, 10],
    [13, 75, 33, 37, 13, 19, 8],
    [11, 15, 1, 9, 10, 10, 2],
    [2, 3, 1, 4, 3, 1, 0],
    [0, 13, 5, 5, 3, 11, 5],
    [0, 17, 6, 2, 4, 6, 1],
    [8, 24, 33, 33, 3, 9, 3],
    [10, 36, 19, 32, 5, 12, 8],
    [13, 90, 22, 39, 4, 17, 7],
    [9, 31, 14, 21, 5, 8, 2],
    [5, 57, 17, 35, 3, 11, 2],
    [10, 65, 23, 35, 15, 19, 10],
    [2, 38, 16, 18, 4, 5, 1],
    [9, 47, 16, 22, 5, 7, 7],
    [9, 48, 12, 25, 13, 21, 7],
    [15, 120, 42, 90, 9, 37, 10],
    [12, 87, 42, 46, 11, 17, 8],
    [7, 29, 10, 22, 9, 5, 3],
    [11, 81, 43, 42, 7, 19, 12],
    [18, 60, 44, 63, 10, 26, 16],
    [5, 14, 7, 14, 3, 5, 1],
    [11, 115, 58, 60, 14, 35, 8],
    [8, 29, 16, 24, 5, 11, 3],
    [6, 11, 4, 14, 4, 4, 1],
    [8, 38, 12, 25, 3, 9, 4],
    [11, 75, 17, 36, 5, 9, 8],
    [12, 133, 44, 45, 4, 23, 9],
    [5, 13, 6, 12, 4, 8, 0],
    [9, 51, 20, 36, 12, 15, 6],
    [11, 96, 30, 34, 11, 17, 15],
    [8, 30, 18, 18, 1, 2, 6],
    [0, 9, 19, 5, 0, 2, 2],
    [1, 2, 0, 1, 2, 0, 0],
    [1, 2, 3, 4, 1, 1, 0],
    [1, 1, 2, 7, 2, 2, 0],
    [2, 1, 4, 2, 0, 1, 1],
    [2, 7, 1, 1, 5, 0, 1],
    [2, 12, 5, 4, 0, 2, 10],
    [1, 2, 1, 3, 0, 0, 0],
    [2, 10, 6, 5, 4, 3, 1],
    [2, 30, 6, 18, 3, 5, 7],
    [2, 7, 1, 3, 3, 1, 2],
    [1, 8, 1, 4, 6, 3, 1],
    [2, 23, 10, 17, 4, 1, 0],
    [6, 51, 16, 12, 7, 11, 4],
    [2, 3, 2, 4, 3, 2, 1],
    [4, 15, 4, 8, 8, 8, 1],
    [6, 21, 10, 18, 4, 7, 6],
    [1, 1, 1, 6, 0, 1, 0],
    [3, 11, 6, 4, 5, 9, 1],
    [1, 1, 6, 3, 3, 0, 1],
    [0, 3, 2, 6, 1, 1, 0],
    [13, 47, 20, 36, 2, 8, 3],
    [14, 59, 19, 59, 7, 17, 8],
    [1, 15, 8, 14, 1, 2, 6],
    [9, 12, 26, 22, 0, 9, 3],
    [6, 17, 11, 30, 10, 20, 6],
    [2, 2, 0, 1, 5, 0, 0],
    [2, 11, 2, 3, 3, 2, 1],
    [9, 7, 4, 9, 6, 6, 1],
    [6, 24, 12, 17, 2, 13, 3],
    [4, 6, 3, 5, 5, 5, 0],
    [1, 8, 3, 4, 8, 7, 3],
    [1, 4, 0, 4, 7, 1, 0],
    [3, 7, 1, 7, 3, 5, 1],
    [15, 59, 23, 34, 8, 29, 7],
    [3, 21, 3, 14, 2, 12, 2],
    [13, 34, 19, 35, 6, 38, 5],
    [8, 10, 7, 3, 4, 5, 3],
    [0, 3, 0, 1, 1, 1, 0],
    [12, 55, 25, 23, 5, 19, 11],
    [17, 25, 6, 13, 4, 6, 4],
    [6, 18, 3, 14, 10, 9, 3],
    [6, 7, 1, 4, 4, 7, 1],
    [1, 10, 2, 0, 1, 7, 2],
    [2, 6, 1, 8, 2, 1, 0],
    [12, 54, 21, 20, 13, 23, 5],
    [10, 22, 2, 6, 4, 5, 1],
    [5, 17, 6, 9, 7, 7, 3],
    [1, 5, 0, 4, 3, 4, 0],
    [5, 4, 3, 5, 3, 2, 0],
    [10, 13, 2, 11, 10, 4, 1],
    [13, 52, 20, 34, 15, 35, 9],
    [1, 11, 5, 18, 5, 12, 2],
    [55, 143, 104, 107, 29, 59, 20],
    [62, 285, 173, 208, 35, 96, 16],
    [39, 116, 54, 114, 29, 26, 16],
    [30, 66, 23, 52, 24, 50, 5],
    [19, 102, 66, 77, 12, 27, 11],
    [153, 593, 289, 306, 75, 134, 62],
    [3, 14, 8, 16, 2, 1, 0]
  ],
  "method": "mvn_cdf",
  "mvncdf_method": "genz",
  "mvncdf_samples": 5000,
  "mvncdf_error": 1e-06,
  "cond_prob": [
    [
      [0.18544731137, 0.42506799746, 0.20789882123, 0.18158586994],
      [0.32684678097, 0.46846200747, 0.14129528719, 0.063395924362],
      [8.0052786298e-05, 0.93340556817, 0.025124291466, 0.041390087581],
      [0.001794166434, 0.12140830739, 0.87679751816, 8.0167320942e-09],
      [0.12296259012, 3.278193549e-29, 0.51932573795, 0.35771167193],
      [0.37477215611, 4.7208630515e-05, 0.29273311122, 0.33244752404],
      [0.13040612015, 0.2616444471, 0.12873726151, 0.47921217124]
    ],
    [
      [0.10626149351, 0.31957283515, 0.53231518469, 0.041850486646],
      [0.13789407502, 0.36674396888, 0.48005097703, 0.015310979064],
      [9.2601034279e-05, 0.85834321246, 0.10967221429, 0.031891972212],
      [0.00053217016861, 0.051952360339, 0.94751546808, 1.4155552162e-09],
      [0.034512328744, 1.8437900998e-29, 0.88875728757, 0.076730383685],
      [0.2038710481, 3.2744929922e-05, 0.67903935973, 0.11705684725],
      [0.085675996359, 0.26367313229, 0.55584764477, 0.09480322658]
    ],
    [
      [0.58000895818, 0.09820606213, 0.28912484063, 0.032660139055],
      [0.77335842536, 0.11017148279, 0.10741542244, 0.0090546694071],
      [0.00088271601002, 0.81186371099, 0.14690862215, 0.040344950853],
      [0.0056603008013, 0.044180880411, 0.95015881649, 2.2961363925e-09],
      [0.36815332579, 1.0492536587e-29, 0.5704707874, 0.06137588681],
      [0.72459697069, 1.070809344e-05, 0.23252125549, 0.042871065721],
      [0.53161631132, 0.12098616094, 0.26228123799, 0.085116289753]
    ],
    [
      [0.37666407598, 0.29053877354, 0.28127645018, 0.051520700297],
      [0.54371544629, 0.27819432595, 0.16209427521, 0.015995952552],
      [0.00026793394118, 0.92195931285, 0.057391390864, 0.020381362341],
      [0.0031765454386, 0.081537975338, 0.91528547717, 2.0486879408e-09],
      [0.2500170087, 2.6570675768e-29, 0.65639191938, 0.093591071918],
      [0.60302135851, 3.2012453677e-05, 0.3237124119, 0.073234217131],
      [0.35243022178, 0.25593304456, 0.23669392585, 0.15494280781]
    ],
    [
      [0.38747885236, 0.27781217825, 0.28068523591, 0.054023733475],
      [0.55615112363, 0.26232534199, 0.16789328099, 0.013630253395],
      [0.00032818980178, 0.89453399652, 0.079379437309, 0.025758376367],
      [0.0029368225713, 0.074798066275, 0.92226510932, 1.8309764207e-09],
      [0.25658910567, 3.0495585727e-29, 0.64372728463, 0.099683609697],
      [0.65173822042, 3.1122517471e-05, 0.27645844681, 0.071772210255],
      [0.36112453592, 0.23915469667, 0.27610725514, 0.12361351226]
    ],
    [
      [0.36559189222, 0.17285096871, 0.38671103317, 0.074846105895],
      [0.54890291004, 0.17693316075, 0.24817855548, 0.025985373721],
      [0.00045842957057, 0.81873331965, 0.13432533952, 0.04648291126],
      [0.0022940824377, 0.041084738017, 0.95662117711, 2.4390366356e-09],
      [0.19674655128, 1.1936956974e-29, 0.69420477819, 0.10904867053],
      [0.52110173768, 1.7846874902e-05, 0.37858423687, 0.10029617858],
      [0.34366973828, 0.14677780393, 0.30012292206, 0.20942953573]
    ],
    [
      [0.43712659732, 0.19805789409, 0.30450746601, 0.060308042576],
      [0.61768835801, 0.18998520573, 0.17500904466, 0.017317391606],
      [0.00047206728216, 0.86265424408, 0.10212839208, 0.034745296553],
      [0.0037554657765, 0.060044480587, 0.93620005115, 2.4903275144e-09],
      [0.25610574759, 1.6183414084e-29, 0.64296540353, 0.10092884888],
      [0.60454879368, 2.0894553317e-05, 0.32110479033, 0.074325521437],
      [0.4070085955, 0.17676600263, 0.24944693147, 0.16677847039]
    ],
    [
      [0.15299153158, 0.22211965211, 0.57439117866, 0.050497637644],
      [0.29046393599, 0.269073731, 0.42045939902, 0.020002933995],
      [0.00013127242984, 0.84071560348, 0.13542902551, 0.023724098584],
      [0.00064601019439, 0.030943116769, 0.96841087202, 1.0132843558e-09],
      [0.062246076686, 1.2753133179e-29, 0.88140947859, 0.056344444721],
      [0.24901595859, 2.4700570636e-05, 0.67713933805, 0.073820002791],
      [0.14687619146, 0.20039957464, 0.49051709955, 0.16220713435]
    ],
    [
      [0.038729617796, 0.82873236807, 0.12355404478, 0.0089839693535],
      [0.058423273511, 0.86284710459, 0.075643355353, 0.0030862665465],
      [9.5118163331e-06, 0.99128917816, 0.0076067000809, 0.0010946099388],
      [0.00061977623587, 0.22598905809, 0.77339116501, 6.6612304571e-10],
      [0.073803808894, 9.6623965775e-29, 0.88336851882, 0.042827672284],
      [0.30803015164, 0.00018262348255, 0.63571538146, 0.056071843418],
      [0.045356044497, 0.79957833341, 0.12540169371, 0.029663928392]
    ],
    [
      [0.22847856035, 0.51505470847, 0.21486518354, 0.041601547635],
      [0.35387358008, 0.5020259444, 0.13042717197, 0.013673303546],
      [8.8730819914e-05, 0.96726047791, 0.023648376584, 0.0090024146849],
      [0.0021269369046, 0.1428364185, 0.85503664274, 1.8575472099e-09],
      [0.1947744993, 5.1369679109e-29, 0.70548998769, 0.099735513007],
      [0.54745018228, 6.9333359662e-05, 0.36602093102, 0.086459553337],
      [0.22181749768, 0.45785871371, 0.18794958543, 0.13237420319]
    ],
    [
      [0.62824807049, 0.16664017958, 0.14005641989, 0.065055330043],
      [0.81023324676, 0.11410042789, 0.060676832592, 0.014989492759],
      [0.000503959116, 0.91947862124, 0.043385543318, 0.036631876329],
      [0.0064886805672, 0.076980939692, 0.9165303759, 3.8450814988e-09],
      [0.43830797859, 1.759284494e-29, 0.41453720841, 0.147154813],
      [0.82893329664, 1.2538320861e-05, 0.10675054873, 0.064303616316],
      [0.5348096085, 0.13804054699, 0.11272539172, 0.21442445279]
    ],
    [
      [0.20228793747, 0.070157862537, 0.67697386033, 0.050580339663],
      [0.40920189129, 0.086294145291, 0.48430946337, 0.020194500047],
      [0.00032905051337, 0.65947425213, 0.29237242072, 0.047824276641],
      [0.00066398796788, 0.0082207487926, 0.99111526242, 8.2182424073e-10],
      [0.06578612968, 3.5899468765e-30, 0.88866361763, 0.045550252693],
      [0.27459800709, 7.217130096e-06, 0.66436839821, 0.06102637757],
      [0.19320256662, 0.064522148139, 0.57438910263, 0.16788618261]
    ],
    [
      [0.20280217226, 0.19069253214, 0.5227078759, 0.083797419697],
      [0.37197539103, 0.22217475014, 0.37388390792, 0.031965950914],
      [0.00019822665116, 0.81057328, 0.14411794877, 0.045110544575],
      [0.00096015872346, 0.030293075627, 0.96874676378, 1.8678600358e-09],
      [0.086322121631, 1.1434549944e-29, 0.81530655064, 0.09837132773],
      [0.30925461763, 2.0296458941e-05, 0.57644633821, 0.1142787477],
      [0.17954529093, 0.15919404658, 0.41563756937, 0.24562309312]
    ],
    [
      [0.376158892, 0.26436754795, 0.30640227557, 0.053071284488],
      [0.52099711171, 0.24634934484, 0.21692350401, 0.015730039434],
      [0.00033748366271, 0.87409529445, 0.098761113116, 0.026806108772],
      [0.0026543736708, 0.057406187045, 0.93993943758, 1.7065889976e-09],
      [0.21183374699, 2.1028542642e-29, 0.71468015003, 0.07348610298],
      [0.53268426814, 2.7660492989e-05, 0.39757149688, 0.069716574484],
      [0.33168408545, 0.2223663515, 0.2999519607, 0.14599760235]
    ],
    [
      [0.26986073058, 0.30477350954, 0.32279938648, 0.1025663734],
      [0.43891774895, 0.31515122644, 0.21036918796, 0.035561836641],
      [0.00019794038263, 0.89065966914, 0.067713436057, 0.04142895442],
      [0.0020285887766, 0.076013649137, 0.9219577585, 3.5896940441e-09],
      [0.15810978966, 2.4850605617e-29, 0.67691932793, 0.16497088241],
      [0.45283645674, 3.5716835203e-05, 0.39281626333, 0.1543115631],
      [0.22882504437, 0.24209922789, 0.2465014021, 0.28257432565]
    ],
    [
      [0.33726077912, 0.25788994124, 0.24942617066, 0.15542310898],
      [0.55978052274, 0.26831897473, 0.11691590129, 0.05498460124],
      [0.00028482088265, 0.87261550334, 0.055825752088, 0.071273923692],
      [0.0033093093808, 0.083447971683, 0.91324271199, 6.9487196139e-09],
      [0.20340930251, 2.2274388298e-29, 0.53933614162, 0.25725455587],
      [0.52434029161, 2.8387505614e-05, 0.26067543121, 0.21495588968],
      [0.26323358205, 0.18681068603, 0.16539445397, 0.38456127795]
    ],
    [
      [0.37370243371, 0.24379409954, 0.33692149716, 0.045581969591],
      [0.55433308126, 0.23188080685, 0.19927399391, 0.014512117987],
      [0.00034014944061, 0.88876602263, 0.088035312821, 0.02285851511],
      [0.0027089487206, 0.059988679758, 0.93730236994, 1.5806919309e-09],
      [0.21903766877, 2.0369532757e-29, 0.70812513396, 0.072837197277],
      [0.56390440202, 2.5961230799e-05, 0.36762219088, 0.068447445866],
      [0.35334373129, 0.21856633375, 0.28952996606, 0.13855996889]
    ],
    [
      [0.38919891885, 0.2429437815, 0.253627951, 0.11422934866],
      [0.58843902654, 0.22664778991, 0.14958079284, 0.035332390707],
      [0.00028072990074, 0.89958457133, 0.053685954524, 0.04644874424],
      [0.003387115027, 0.070591319824, 0.9260215604, 4.7441007993e-09],
      [0.23447646366, 1.9683674402e-29, 0.56706671597, 0.19845682037],
      [0.58515826537, 2.3358089735e-05, 0.26462413438, 0.15019424216],
      [0.31402876991, 0.18149743484, 0.18630887436, 0.31816492088]
    ],
    [
      [0.30282613744, 0.26107130146, 0.31776219776, 0.11834036335],
      [0.48078687069, 0.2751472133, 0.2048525041, 0.039213411903],
      [0.00027029701873, 0.8687456763, 0.071846377403, 0.059137649281],
      [0.0023668941008, 0.066963232583, 0.93066986882, 4.4949754741e-09],
      [0.16733439847, 2.2018193233e-29, 0.65357066225, 0.17909493928],
      [0.45285903974, 3.0141416841e-05, 0.37500743725, 0.17210338159],
      [0.24594266651, 0.21778340006, 0.21884513791, 0.31742879553]
    ],
    [
      [0.16445887882, 0.19260754796, 0.56289616332, 0.0800374099],
      [0.30804623111, 0.23403045778, 0.42563933235, 0.032283978755],
      [0.00016829802051, 0.79731875541, 0.15884423252, 0.04366871405],
      [0.00075081616205, 0.029622919307, 0.96962626285, 1.6785099574e-09],
      [0.065224819522, 1.1753064977e-29, 0.84411056423, 0.09066461625],
      [0.25211666203, 1.8549268671e-05, 0.63808350023, 0.10978128847],
      [0.14667764441, 0.1652433651, 0.45723879251, 0.23084019798]
    ],
    [
      [0.19841327338, 0.42825556523, 0.30538350345, 0.067947657934],
      [0.32571684695, 0.45087874599, 0.199640101, 0.023764306065],
      [0.00010309220551, 0.93575618532, 0.044860818738, 0.01927990374],
      [0.0014935842608, 0.10360930749, 0.89489710586, 2.3922351184e-09],
      [0.13247263177, 3.8010144918e-29, 0.74197629465, 0.12555107358],
      [0.41346086774, 5.8877651157e-05, 0.45948451922, 0.12699573539],
      [0.18117634, 0.3654878483, 0.25060052885, 0.20273528285]
    ],
    [
      [0.36030418116, 0.22577589885, 0.36416471947, 0.049755200522],
      [0.54624674746, 0.2163219719, 0.2209838133, 0.016447467347],
      [0.00034885092347, 0.87074112676, 0.10124972884, 0.02766029347],
      [0.0024795853241, 0.052662004845, 0.94485840818, 1.647342159e-09],
      [0.20103121097, 1.7770230096e-29, 0.72329203557, 0.075676753461],
      [0.56306067991, 2.4859347426e-05, 0.36806507817, 0.068849382575],
      [0.33804311371, 0.20232574714, 0.30798595436, 0.15164518479]
    ],
    [
      [0.1315801329, 0.43223789855, 0.27940529633, 0.15677667222],
      [0.24713452486, 0.45644445405, 0.22454318348, 0.071877837617],
      [0.00016228852609, 0.86391690955, 0.056663451926, 0.079257350001],
      [0.0010447959504, 0.083427421509, 0.91552777651, 6.0315000076e-09],
      [0.072484624093, 1.9024693811e-29, 0.7336495396, 0.1938658363],
      [0.28211273052, 3.4817955065e-05, 0.42914665346, 0.28870579807],
      [0.1601866607, 0.21553748632, 0.21420914892, 0.41006670406]
    ],
    [
      [0.33081621062, 0.23222186281, 0.3071272314, 0.12983469517],
      [0.52303534554, 0.23793618509, 0.19501048928, 0.044017980096],
      [0.00030550273899, 0.85208087283, 0.081244797223, 0.066368827211],
      [0.0024024428618, 0.057368628246, 0.94022892448, 4.4132210886e-09],
      [0.18681034091, 1.8873312123e-29, 0.6127775121, 0.200412147],
      [0.4948883342, 2.4968217084e-05, 0.33134237798, 0.17374431961],
      [0.26515881841, 0.17794831775, 0.22098258498, 0.33591027886]
    ],
    [
      [0.38745397663, 0.21042092488, 0.23011480539, 0.1720102931],
      [0.60313032536, 0.20477612449, 0.13745841095, 0.054635139208],
      [0.00035442384423, 0.85193623526, 0.06090868226, 0.086800658637],
      [0.0037751537398, 0.070683209338, 0.92554162932, 7.6003544728e-09],
      [0.22506431838, 1.6830482105e-29, 0.48404294335, 0.29089273827],
      [0.55135114512, 2.0160958973e-05, 0.22694753024, 0.22168116369],
      [0.2707705642, 0.13714650796, 0.14596784482, 0.44611508302]
    ],
    [
      [0.38599265293, 0.21232294512, 0.33657101235, 0.065113389604],
      [0.58642526368, 0.1787230263, 0.21427911805, 0.020572591975],
      [0.00042379451125, 0.86794196462, 0.096751852568, 0.034882388297],
      [0.0030839889693, 0.053931546994, 0.94298446197, 2.0669199369e-09],
      [0.22167535035, 1.7330671722e-29, 0.66935324762, 0.10897140203],
      [0.58772357742, 2.0971755455e-05, 0.34567882324, 0.066576627584],
      [0.37883624614, 0.1775552286, 0.27928939621, 0.16431912905]
    ],
    [
      [0.16505354813, 0.23604997341, 0.57413234037, 0.024764138086],
      [0.33198041487, 0.28096624917, 0.37700309035, 0.010050245611],
      [9.3676030905e-05, 0.91469496243, 0.077559561029, 0.0076518005066],
      [0.00051660524893, 0.023349565462, 0.97613382888, 4.1211363746e-10],
      [0.05225022665, 1.0738718403e-29, 0.92857714791, 0.019172625441],
      [0.27295565721, 2.3912075489e-05, 0.69326446947, 0.033755961246],
      [0.17340065972, 0.23176167484, 0.51479467386, 0.08004299158]
    ],
    [
      [0.33854549062, 0.15307631701, 0.18055891211, 0.32781928026],
      [0.59935299737, 0.16600989448, 0.12204167183, 0.11259543632],
      [0.00031849544517, 0.76373348789, 0.054268602218, 0.18167941444],
      [0.003566509101, 0.058581761401, 0.9378517133, 1.620285044e-08],
      [0.16089676726, 1.0500397547e-29, 0.34535653502, 0.49374669773],
      [0.4392431297, 1.338199833e-05, 0.16713092839, 0.39361255991],
      [0.16417401553, 0.070056615028, 0.081116824021, 0.68465254542]
    ],
    [
      [0.21214609759, 0.31116584377, 0.23515136068, 0.24153669796],
      [0.38017526706, 0.36145376041, 0.16851564218, 0.089855330348],
      [0.00013809748268, 0.86923863877, 0.044853617709, 0.085769646034],
      [0.0020768333553, 0.10085712525, 0.8970660307, 1.069732821e-08],
      [0.12082515323, 2.5028639314e-29, 0.48812970919, 0.39104513757],
      [0.35343994452, 3.5736279951e-05, 0.28117467666, 0.36534964254],
      [0.14535524228, 0.20393336213, 0.070537153984, 0.58017424161]
    ],
    [
      [0.37499823928, 0.26174847177, 0.27007831388, 0.093174975075],
      [0.56518850344, 0.24775841716, 0.15825931634, 0.028793763055],
      [0.00030347884811, 0.89478170825, 0.063339825553, 0.041574987345],
      [0.0031329922932, 0.074189424706, 0.92267757941, 3.5931299991e-09],
      [0.22933240594, 2.2452281152e-29, 0.60859203792, 0.16207555614],
      [0.57756246776, 2.7754953601e-05, 0.29468830217, 0.12772147512],
      [0.31669458901, 0.20575323033, 0.20548561852, 0.27206656214]
    ],
    [
      [0.1692644131, 0.35771156547, 0.41114116261, 0.061882858814],
      [0.29380115894, 0.39904164229, 0.28427412394, 0.022883074834],
      [0.00010669399694, 0.90563632261, 0.072955201598, 0.021301781793],
      [0.00100776365, 0.069997576213, 0.92899465843, 1.7117504474e-09],
      [0.093234596068, 2.7277895893e-29, 0.8141637241, 0.092601679827],
      [0.32451167407, 4.7474774405e-05, 0.56977807789, 0.10566277326],
      [0.15767887699, 0.31377320955, 0.34322182815, 0.1853260853]
    ],
    [
      [0.15380774466, 0.31814014217, 0.42053595687, 0.1075161563],
      [0.28282608024, 0.37155984463, 0.30445347562, 0.04116059951],
      [0.00010128532771, 0.88289891014, 0.07827571186, 0.038724092675],
      [0.00087679837571, 0.059414021298, 0.93970917754, 2.7824535376e-09],
      [0.077692265912, 2.2029374465e-29, 0.7727864859, 0.14952124819],
      [0.27598902065, 3.8359856153e-05, 0.54155564138, 0.18241697812],
      [0.12882076481, 0.24910510446, 0.31502618032, 0.30704795041]
    ],
    [
      [0.26410916169, 0.40554461181, 0.28894197591, 0.041404250583],
      [0.41146238496, 0.39751225027, 0.17740590178, 0.013619462991],
      [0.00014603726221, 0.94114777124, 0.04596860648, 0.012737585013],
      [0.0020380959793, 0.10426265747, 0.89369924503, 1.5231423039e-09],
      [0.18270269257, 3.8188340166e-29, 0.73802330951, 0.07927399792],
      [0.52420112293, 5.2750699952e-05, 0.40396904912, 0.071777077246],
      [0.25472850035, 0.36457485731, 0.25119109746, 0.12950554488]
    ],
    [
      [0.43334852411, 0.18900628016, 0.29930760073, 0.078337594992],
      [0.61717725867, 0.19004789501, 0.16851218528, 0.024262661039],
      [0.0004846764106, 0.85484780738, 0.096267388263, 0.048400127946],
      [0.0035359017078, 0.051725027186, 0.94473906811, 2.9940940656e-09],
      [0.24640054044, 1.5205848046e-29, 0.63578268083, 0.11781677873],
      [0.60696376542, 1.905349917e-05, 0.29925519785, 0.093761983233],
      [0.38200092545, 0.15731939128, 0.23809458443, 0.22258509884]
    ],
    [
      [0.18594228459, 0.17357064189, 0.55639079247, 0.084096281052],
      [0.33457103217, 0.20768038583, 0.42519368845, 0.032554893549],
      [0.00023236117488, 0.76354056158, 0.18026180662, 0.055965270631],
      [0.00091640577887, 0.024379410468, 0.97470418165, 2.1032608248e-09],
      [0.085108478402, 9.2414675199e-30, 0.8058568268, 0.1090346948],
      [0.2953920741, 1.9916490541e-05, 0.58349588687, 0.12109212253],
      [0.15992618579, 0.13982151561, 0.41539374762, 0.28485855098]
    ],
    [
      [0.25493589304, 0.28630139309, 0.33291992344, 0.12584279044],
      [0.42657590036, 0.30581446467, 0.22297263877, 0.044636996206],
      [0.00019606795625, 0.87333830813, 0.073363851152, 0.053101772762],
      [0.0018530136763, 0.069849895673, 0.92829708644, 4.2150603149e-09],
      [0.14243013207, 2.271364232e-29, 0.66460560185, 0.19296426608],
      [0.4188088772, 3.3200287086e-05, 0.39585668239, 0.18530124013],
      [0.20577754838, 0.21846190295, 0.24205791831, 0.33370263036]
    ],
    [
      [0.22012046045, 0.42908605252, 0.29732471962, 0.053468767414],
      [0.35279887743, 0.44137848098, 0.191912049, 0.013910592584],
      [0.0001234475804, 0.93515611562, 0.048042993501, 0.0166774433],
      [0.0017333845255, 0.11267254745, 0.88559406606, 1.9566723314e-09],
      [0.15400495143, 4.2290204089e-29, 0.743578894, 0.10241615458],
      [0.47676369771, 6.5290046874e-05, 0.41970974049, 0.10346127175],
      [0.20653950421, 0.38160826819, 0.25186269933, 0.15998952827]
    ],
    [
      [0.21104512404, 0.582332382, 0.17609681611, 0.030525677849],
      [0.3221274638, 0.56149124497, 0.10634486166, 0.01003642957],
      [7.9631020493e-05, 0.97461535094, 0.018856450595, 0.0064485674473],
      [0.0023377531679, 0.20295079672, 0.79471144848, 1.636006107e-09],
      [0.22315346592, 7.6278000246e-29, 0.68645428935, 0.090392244727],
      [0.58572769411, 9.5700882256e-05, 0.34032435698, 0.073852248026],
      [0.20948521149, 0.53563991517, 0.15786445879, 0.097010414557]
    ],
    [
      [0.15332215036, 0.13836197829, 0.62770199001, 0.080613881335],
      [0.31961853647, 0.1849589936, 0.45993328066, 0.035489189264],
      [0.00019553221186, 0.74500828475, 0.19869684627, 0.056099336769],
      [0.00072276115316, 0.02050181348, 0.97877542364, 1.7269013517e-09],
      [0.064197130009, 7.9898829581e-30, 0.84400063027, 0.091802239717],
      [0.24430396373, 1.578132069e-05, 0.64213336503, 0.11354688992],
      [0.14682291941, 0.12080105175, 0.47672656648, 0.25564946236]
    ],
    [
      [0.15845297579, 0.49324693326, 0.22765357036, 0.12064652059],
      [0.2351734984, 0.52847899532, 0.16291649962, 0.073431006661],
      [0.00012183680186, 0.86454907921, 0.062125581118, 0.073203502875],
      [0.0015271884943, 0.11399632513, 0.88447647583, 1.0544500993e-08],
      [0.10599854811, 4.2916359479e-29, 0.52281843156, 0.37118302034],
      [0.23265477933, 7.042109098e-05, 0.37080843893, 0.39646636065],
      [0.11202598256, 0.21700824759, 0.13426466292, 0.53670110692]
    ],
    [
      [0.22887878672, 0.42053173844, 0.23621032299, 0.11437915185],
      [0.37051892955, 0.43711066417, 0.15312717782, 0.039243228464],
      [0.00012179581861, 0.92951528096, 0.036437172001, 0.033925751219],
      [0.0020997841706, 0.13111143334, 0.86678877761, 4.8796850325e-09],
      [0.16277339196, 4.1324613235e-29, 0.6086631029, 0.22856350515],
      [0.45765991792, 5.6840815115e-05, 0.33729602281, 0.20498721845],
      [0.18517798982, 0.32704689501, 0.173577582, 0.31419753317]
    ],
    [
      [0.34731385369, 0.20306837354, 0.33885789878, 0.11075987398],
      [0.46576480177, 0.27738204484, 0.21861584269, 0.038237310695],
      [0.00037093051694, 0.87124631794, 0.073251646497, 0.055131105042],
      [0.0026379591701, 0.061662897356, 0.93569913948, 3.9888873912e-09],
      [0.18600898923, 1.7720005233e-29, 0.67628378757, 0.1377072232],
      [0.43694551151, 2.2084276795e-05, 0.39578126501, 0.1672511392],
      [0.26022869182, 0.2105460431, 0.24401479832, 0.28521046675]
    ],
    [
      [0.40665129155, 0.2783544407, 0.19356038683, 0.12143388092],
      [0.46699981113, 0.30702458573, 0.17722892966, 0.048746673474],
      [0.00037216956269, 0.85769917194, 0.091141548008, 0.050787110487],
      [0.0030801105941, 0.078444802389, 0.91847508151, 5.5041298545e-09],
      [0.26095281033, 2.7289193357e-29, 0.56827267728, 0.17077451239],
      [0.46215177196, 3.7038918731e-05, 0.38583271264, 0.15197847648],
      [0.20484617476, 0.166679327, 0.28116211238, 0.34731238585]
    ],
    [
      [0.40096908983, 0.16962982191, 0.40643057076, 0.02297051751],
      [0.61641751893, 0.15410213091, 0.22218020746, 0.0073001426988],
      [0.0003933517828, 0.86831529864, 0.11690025462, 0.014391094957],
      [0.0019507555454, 0.030230173702, 0.96781907014, 6.1480077103e-10],
      [0.18650577258, 1.1631663208e-29, 0.78470398734, 0.02879024008],
      [0.57516791258, 1.6212331567e-05, 0.39842475415, 0.026391120939],
      [0.40075917762, 0.16233350441, 0.36374593715, 0.073161380822]
    ],
    [
      [0.28651951778, 0.38682850943, 0.2688911294, 0.05776084339],
      [0.44029009268, 0.37678763127, 0.16410846996, 0.018813806091],
      [0.00017069241574, 0.93407843441, 0.046472664522, 0.019278208657],
      [0.002386681148, 0.10905405016, 0.88855926642, 2.2773289523e-09],
      [0.20096442839, 3.798040992e-29, 0.68785798472, 0.1111775869],
      [0.54217725879, 5.0061643388e-05, 0.36213195107, 0.095640728498],
      [0.26535033086, 0.33793162024, 0.22400682678, 0.17271122213]
    ],
    [
      [0.23438585895, 0.32187885737, 0.36373039464, 0.080004889038],
      [0.38872758636, 0.3413982936, 0.24148482896, 0.028389291071],
      [0.00016600221083, 0.89538326022, 0.073316028898, 0.031134708666],
      [0.0015700158632, 0.072021068215, 0.92640891344, 2.480624497e-09],
      [0.13375826969, 2.5844438795e-29, 0.74164525288, 0.12459647743],
      [0.41233310012, 3.9812878228e-05, 0.46215877317, 0.12546831383],
      [0.20856220668, 0.27025259281, 0.29095070349, 0.23023449702]
    ],
    [
      [0.19319933808, 0.39872292686, 0.31007229626, 0.098005438803],
      [0.2843857218, 0.45952951946, 0.20712116153, 0.048963597208],
      [8.5416475795e-05, 0.92603160046, 0.043247410389, 0.030635572678],
      [0.0013995281865, 0.10711056968, 0.89148989789, 4.247414281e-09],
      [0.10621692695, 3.3420555355e-29, 0.70740845013, 0.18637462292],
      [0.33547216097, 6.0661246155e-05, 0.45086648994, 0.21360068784],
      [0.14232889484, 0.32724729911, 0.22691123826, 0.30351256779]
    ],
    [
      [0.20406368004, 0.42132249314, 0.24846097638, 0.12615285044],
      [0.31912294331, 0.45057245385, 0.18293530224, 0.047369300593],
      [0.00015332983313, 0.91927223301, 0.041849914484, 0.038724522676],
      [0.0017255211632, 0.12555659139, 0.87271788311, 4.3350264805e-09],
      [0.15008605197, 4.2324142817e-29, 0.60545695693, 0.24445699109],
      [0.39067290971, 6.0623295284e-05, 0.37619005369, 0.2330764133],
      [0.17015940566, 0.30311392633, 0.20042968711, 0.3262969809]
    ],
    [
      [0.19474922466, 0.34102502802, 0.39392996261, 0.070295784707],
      [0.34556703538, 0.36227229675, 0.2675099744, 0.024650693471],
      [0.00014210392792, 0.89350110593, 0.080489508318, 0.025867281821],
      [0.0012924404783, 0.069568918381, 0.92913863919, 1.9494784885e-09],
      [0.10959529632, 2.6054353612e-29, 0.79308658458, 0.09731811909],
      [0.3596286534, 4.1874740447e-05, 0.5367259215, 0.10360355036],
      [0.16844694113, 0.29160884254, 0.34413682989, 0.19580738644]
    ],
    [
      [0.10205940709, 0.7154259093, 0.10804856513, 0.074466118482],
      [0.18238673227, 0.66923461123, 0.10333613873, 0.045042517767],
      [3.713847342e-05, 0.95418377878, 0.021580282382, 0.024198800365],
      [0.0012779229482, 0.20588670566, 0.7928353657, 5.6872386371e-09],
      [0.097423596365, 9.8057867455e-29, 0.67643004395, 0.22614635969],
      [0.35777193432, 0.00013336891221, 0.3063212885, 0.33577340827],
      [0.05678028487, 0.5194418491, 0.14412736662, 0.27965049941]
    ],
    [
      [0.40423596616, 0.3908035957, 0.1804198611, 0.024540577039],
      [0.58094111883, 0.32026509869, 0.091624647746, 0.0071691347314],
      [0.00018033976571, 0.96484401736, 0.027560359411, 0.0074152834677],
      [0.0033766900549, 0.12790291452, 0.86872039424, 1.1852738889e-09],
      [0.32222084581, 4.3286069423e-29, 0.62019136402, 0.057587790174],
      [0.76395937846, 3.998829429e-05, 0.20284353668, 0.033157096561],
      [0.39711218926, 0.36441615876, 0.16100165398, 0.077469997997]
    ],
    [
      [0.17366070671, 0.49248701335, 0.30438941211, 0.029462867833],
      [0.26078567147, 0.58890749425, 0.13666741526, 0.013639419015],
      [7.9759779156e-05, 0.95157628478, 0.036640472075, 0.011703483362],
      [0.0016295402267, 0.19932325126, 0.79904720667, 1.8472463729e-09],
      [0.11897475057, 6.1309249228e-29, 0.78939091419, 0.091634335241],
      [0.42164120599, 0.00028125483794, 0.47066043422, 0.10741710495],
      [0.12587110652, 0.59956806086, 0.20824016216, 0.066320670463]
    ],
    [
      [0.37106663607, 0.28964894048, 0.25491334216, 0.084371081287],
      [0.56492035559, 0.24969492624, 0.15135786584, 0.034026852337],
      [0.0002935329971, 0.9144306483, 0.053478231609, 0.03179758709],
      [0.0037872064135, 0.10116356504, 0.89504922474, 3.809114063e-09],
      [0.23105346863, 2.4306604551e-29, 0.6345113101, 0.13443522127],
      [0.53069170732, 4.3371311359e-05, 0.3164192784, 0.15284564297],
      [0.30116464959, 0.250808062, 0.20822116062, 0.23980612779]
    ],
    [
      [0.21136606135, 0.38642567215, 0.33743108747, 0.064777179033],
      [0.33151798804, 0.40787712684, 0.24237740883, 0.018227476292],
      [9.0152365704e-05, 0.92287245574, 0.057777040037, 0.019260351853],
      [0.001338568451, 0.07258444369, 0.92607698595, 1.9112751464e-09],
      [0.11367440203, 2.9200371963e-29, 0.76100017449, 0.12532542348],
      [0.40455833117, 5.956367014e-05, 0.48917813422, 0.10620397094],
      [0.17334922607, 0.33578237573, 0.32810238271, 0.16276601549]
    ],
    [
      [0.21795050205, 0.40979781082, 0.29459484941, 0.077656837709],
      [0.36001654099, 0.4283000806, 0.18505156749, 0.026631810924],
      [0.00013463981887, 0.92524246305, 0.049772687795, 0.024850209338],
      [0.0019007964326, 0.11335627638, 0.8847429239, 3.2918687375e-09],
      [0.1465841873, 3.9687866979e-29, 0.70298232176, 0.15043349094],
      [0.44145703812, 5.6918935682e-05, 0.43272642026, 0.12575962269],
      [0.19851610546, 0.34613010114, 0.23176696132, 0.22358683208]
    ],
    [
      [0.25855052507, 0.27621034473, 0.27923652262, 0.18600260758],
      [0.43349702727, 0.30481846106, 0.1938876736, 0.067796838074],
      [0.00019969602857, 0.85701440682, 0.063269504966, 0.079516392184],
      [0.0021637969659, 0.083005345498, 0.91483085011, 7.4238687235e-09],
      [0.15234574468, 2.1981034483e-29, 0.55710853077, 0.29054572455],
      [0.32347846317, 3.4549205382e-05, 0.37318406438, 0.30330292324],
      [0.16722525197, 0.19179653091, 0.19046839184, 0.45050982528]
    ],
    [
      [0.24114253615, 0.22916827108, 0.41361857946, 0.1160706133],
      [0.41787541383, 0.25643776852, 0.28290153925, 0.042785278402],
      [0.00022539384169, 0.83049087434, 0.10960401185, 0.059679719965],
      [0.0015115416058, 0.04289752439, 0.95559093063, 3.3719246129e-09],
      [0.12989009066, 1.5180409347e-29, 0.69981955767, 0.17029035168],
      [0.37851448148, 2.5815454346e-05, 0.45955174511, 0.16190795796],
      [0.18715028347, 0.16724645402, 0.35555859266, 0.29004466985]
    ],
    [
      [0.29105635632, 0.37014624333, 0.28889795393, 0.049899446416],
      [0.44488172453, 0.35963027068, 0.179075877, 0.016412127791],
      [0.00019153935955, 0.92805273026, 0.053875082565, 0.017880647814],
      [0.0024008626389, 0.10232283563, 0.89527629981, 1.9169702468e-09],
      [0.20042962098, 3.5829679493e-29, 0.70695489729, 0.092615481734],
      [0.5315246316, 4.8492989777e-05, 0.386158231, 0.082268644407],
      [0.27384955094, 0.33062246733, 0.24691546268, 0.14861251905]
    ],
    [
      [0.10827941442, 0.061493412256, 0.8158293768, 0.014397796531],
      [0.24601272585, 0.086090253371, 0.66079774081, 0.0070992799607],
      [0.00021128540816, 0.59077813901, 0.39186363644, 0.017146939146],
      [0.00031851135445, 0.0059318376526, 0.99374965078, 2.156011217e-10],
      [0.031026804711, 2.7965498693e-30, 0.95960840267, 0.0093647926237],
      [0.14852046079, 6.3070427631e-06, 0.83478510264, 0.016688129528],
      [0.11838815706, 0.064269763116, 0.76848974328, 0.048852336542]
    ],
    [
      [0.71713282096, 0.16005619982, 0.10653436695, 0.016276612271],
      [0.8320391771, 0.11719143749, 0.047321764583, 0.003447620825],
      [0.00073995810647, 0.95405497443, 0.03500691307, 0.01019815439],
      [0.011921294377, 0.0984472442, 0.88963145994, 1.487367587e-09],
      [0.60260483307, 1.8465303791e-29, 0.3594105116, 0.037984655325],
      [0.89904481814, 1.2947719941e-05, 0.084511347768, 0.016430886367],
      [0.70808517155, 0.15087256903, 0.094321616157, 0.046720643267]
    ],
    [
      [0.28285645917, 0.090866435394, 0.6004117313, 0.025865374133],
      [0.53442191246, 0.091656164612, 0.36464556078, 0.0092763621452],
      [0.00028021292266, 0.80833583851, 0.17432572132, 0.017058227242],
      [0.00090147815943, 0.011291184191, 0.9878073372, 4.4989259776e-10],
      [0.09154729488, 5.0546144324e-30, 0.88478033428, 0.023672370843],
      [0.40097037483, 9.0834110561e-06, 0.5703433522, 0.028677189555],
      [0.2908429239, 0.090698980331, 0.53462241418, 0.083835681594]
    ],
    [
      [0.13272852532, 0.13313078318, 0.55752529183, 0.17661539967],
      [0.28198653752, 0.18223210131, 0.46070919415, 0.075072167017],
      [0.00014366672918, 0.73156455952, 0.16726670319, 0.10102507056],
      [0.00057880891067, 0.019219620133, 0.98020156754, 3.4118385915e-09],
      [0.04884362452, 7.0098283728e-30, 0.76693488402, 0.18422149146],
      [0.18645501103, 1.3070427828e-05, 0.58235494727, 0.23117697127],
