{
  "X": [
    [72, 39, 55, 125, 11],
    [65, 38, 64, 125, 12],
    [85, 52, 92, 109, 14],
    [40, 46, 70, 167, 19],
    [33, 104, 113, 161, 9],
    [37, 65, 81, 130, 18],
    [24, 61, 129, 127, 19],
    [32, 38, 101, 76, 14],
    [32, 31, 110, 109, 11],
    [49, 49, 128, 123, 16],
    [65, 53, 85, 102, 6],
    [74, 33, 145, 102, 13],
    [67, 25, 96, 128, 7],
    [44, 64, 112, 154, 15],
    [44, 77, 153, 114, 10],
    [45, 96, 116, 139, 16],
    [24, 96, 123, 72, 12],
    [25, 116, 120, 97, 10],
    [48, 61, 131, 104, 8],
    [57, 55, 106, 96, 15],
    [18, 38, 115, 63, 10],
    [33, 49, 121, 114, 7],
    [76, 82, 96, 95, 11],
    [31, 25, 86, 66, 4],
    [68, 61, 186, 118, 7],
    [50, 38, 122, 95, 8],
    [44, 42, 86, 87, 21],
    [39, 59, 107, 90, 13],
    [29, 59, 107, 60, 5],
    [78, 116, 131, 117, 16],
    [44, 51, 142, 125, 12],
    [61, 42, 147, 115, 21],
    [54, 38, 106, 128, 16],
    [39, 79, 62, 98, 8],
    [34, 50, 101, 102, 9],
    [62, 97, 124, 154, 10],
    [18, 63, 58, 67, 4],
    [29, 37, 65, 71, 9],
    [42, 65, 132, 119, 16],
    [52, 52, 106, 112, 14],
    [49, 30, 81, 139, 5],
    [58, 33, 73, 125, 8],
    [50, 24, 81, 115, 5],
    [38, 23, 82, 72, 7],
    [51, 36, 164, 153, 12],
    [14, 41, 73, 78, 8],
    [37, 69, 44, 50, 8],
    [24, 65, 131, 115, 17],
    [35, 56, 175, 92, 9],
    [23, 34, 114, 64, 9],
    [102, 41, 100, 116, 10],
    [37, 132, 79, 136, 19],
    [46, 93, 105, 125, 4],
    [14, 49, 101, 53, 5],
    [51, 56, 116, 127, 12],
    [60, 45, 59, 96, 5],
    [37, 64, 95, 105, 5],
    [48, 25, 107, 100, 16],
    [19, 73, 92, 94, 8],
    [9, 63, 65, 65, 2],
    [37, 15, 65, 91, 8],
    [11, 51, 93, 115, 7],
    [10, 57, 78, 59, 3],
    [28, 77, 70, 68, 3],
    [66, 48, 68, 77, 16],
    [42, 105, 191, 147, 12],
    [19, 62, 55, 81, 2],
    [33, 79, 86, 97, 7],
    [39, 84, 127, 95, 8],
    [68, 69, 56, 140, 11],
    [46, 66, 82, 138, 6],
    [48, 55, 69, 115, 4],
    [29, 44, 41, 86, 4],
    [44, 78, 86, 122, 7],
    [67, 100, 116, 223, 10],
    [72, 75, 92, 158, 28],
    [120, 53, 101, 212, 38],
    [65, 74, 68, 68, 16],
    [639, 985, 1318, 1476, 60]
  ],
  "W": [
    [5, 72, 34, 42, 115, 34],
    [13, 65, 33, 38, 122, 33],
    [8, 89, 46, 48, 104, 57],
    [10, 37, 45, 42, 170, 38],
    [21, 41, 93, 58, 167, 40],
    [11, 45, 62, 53, 128, 32],
    [16, 40, 59, 61, 130, 54],
    [17, 50, 32, 41, 80, 41],
    [12, 41, 30, 53, 126, 31],
    [5, 63, 40, 74, 133, 50],
    [8, 60, 65, 38, 106, 34],
    [5, 85, 33, 63, 119, 62],
    [8, 66, 22, 47, 131, 49],
    [22, 48, 54, 51, 166, 48],
    [10, 58, 82, 58, 140, 50],
    [19, 45, 84, 68, 145, 51],
    [7, 27, 94, 68, 86, 45],
    [14, 27, 102, 72, 109, 44],
    [21, 52, 57, 69, 108, 45],
    [9, 61, 49, 55, 108, 47],
    [19, 22, 39, 51, 82, 31],
    [14, 30, 43, 75, 116, 46],
    [6, 87, 76, 56, 101, 34],
    [8, 35, 22, 57, 71, 19],
    [11, 89, 55, 102, 134, 49],
    [8, 59, 36, 74, 109, 27],
    [8, 54, 30, 55, 100, 33],
    [19, 59, 48, 61, 92, 29],
    [27, 23, 45, 67, 64, 34],
    [8, 96, 98, 67, 134, 55],
    [21, 59, 40, 89, 129, 36],
    [19, 77, 37, 81, 120, 52],
    [15, 80, 26, 51, 124, 46],
    [13, 38, 52, 45, 108, 30],
    [7, 39, 47, 68, 101, 34],
    [46, 56, 69, 69, 162, 45],
    [28, 13, 46, 36, 71, 16],
    [6, 26, 31, 44, 79, 25],
    [12, 61, 53, 69, 133, 46],
    [21, 56, 37, 64, 117, 41],
    [9, 65, 18, 45, 134, 33],
    [8, 70, 26, 38, 117, 38],
    [11, 57, 17, 52, 101, 37],
    [4, 48, 21, 56, 70, 23],
    [17, 65, 40, 95, 157, 42],
    [22, 19, 37, 41, 74, 21],
    [1, 20, 80, 26, 60, 21],
    [11, 32, 65, 84, 135, 25],
    [47, 33, 53, 95, 98, 41],
    [7, 31, 22, 64, 81, 39],
    [2, 119, 38, 47, 120, 43],
    [9, 41, 86, 64, 158, 45],
    [13, 56, 70, 69, 124, 41],
    [16, 7, 47, 64, 66, 22],
    [11, 74, 54, 59, 128, 36],
    [9, 63, 38, 26, 97, 32],
    [10, 50, 57, 56, 104, 29],
    [8, 68, 21, 67, 100, 32],
    [20, 29, 64, 52, 83, 38],
    [9, 18, 56, 40, 71, 10],
    [3, 56, 10, 34, 96, 17],
    [27, 22, 39, 55, 108, 26],
    [3, 15, 54, 49, 68, 18],
    [13, 32, 55, 43, 82, 21],
    [6, 62, 40, 32, 89, 46],
    [22, 62, 82, 126, 160, 45],
    [12, 23, 50, 28, 80, 26],
    [9, 34, 68, 57, 102, 32],
    [22, 37, 76, 79, 103, 36],
    [10, 69, 58, 41, 129, 37],
    [11, 64, 61, 46, 132, 24],
    [8, 53, 46, 45, 111, 28],
    [13, 28, 35, 26, 79, 23],
    [19, 50, 73, 43, 121, 31],
    [13, 78, 78, 71, 221, 55],
    [8, 81, 52, 60, 152, 72],
    [16, 128, 43, 51, 198, 88],
    [3, 67, 64, 33, 74, 50],
    [226, 636, 816, 770, 1422, 608]
  ],
  "method": "mult",
  "cond_prob": [
    [
      [0.0045755069714, 0.20774277165, 0.39334813446, 0.3941010243, 0.00023256262117],
      [0.72146067931, 0, 0.031145617056, 0.18919940613, 0.058194297506],
      [0.02887552497, 0.91842489578, 0.028634442309, 0.022201102602, 0.001864034341],
      [0.017000739664, 0.0044176356818, 0.94885407478, 0.027942897789, 0.0017846520901],
      [0.061617941475, 0.032188485668, 0.0075500656844, 0.87098967109, 0.027653836081],
      [0.3308850403, 0.083753621615, 0.26756103432, 0.21514371371, 0.10265659005]
    ],
    [
      [0.006431043798, 0.18995243565, 0.44325458193, 0.35987563113, 0.00048630749069],
      [0.70438311304, 0, 0.06218554113, 0.16787718423, 0.065554161603],
      [0.027667412528, 0.90711040907, 0.046781610136, 0.01639478751, 0.0020457807549],
      [0.013770508823, 0.0016895467295, 0.96488471942, 0.017937132449, 0.0017180925769],
      [0.060885093377, 0.024950111496, 0.046803287954, 0.83518396408, 0.032177543093],
      [0.31112753765, 0.075389650271, 0.3114005048, 0.1907429449, 0.11133936237]
    ],
    [
      [0.0041281817335, 0.19161122238, 0.4906315461, 0.31340673519, 0.00022231459298],
      [0.69440878031, 0.00016370511113, 0.091986849662, 0.15280854849, 0.060632116425],
      [0.025631947644, 0.9056409598, 0.057963047079, 0.0090807566201, 0.001683288859],
      [0.012308916181, 0.0021481976098, 0.97544829416, 0.0088148396971, 0.0012797523555],
      [0.046600467156, 0.040401663002, 0.092585082928, 0.79221486943, 0.028197917482],
      [0.29032012186, 0.078739822419, 0.36441142284, 0.1695019609, 0.097026671979]
    ],
    [
      [0.0031473164946, 0.17590012868, 0.44598809128, 0.37450606443, 0.00045839911263],
      [0.63126785859, 0.0012319997902, 0.078797033498, 0.18173560801, 0.10696750011],
      [0.020394104554, 0.89831973411, 0.052421787748, 0.025695307999, 0.0031690655919],
      [0.004832819826, 0, 0.96836085994, 0.024615756056, 0.0021905641797],
      [0.033422383462, 0.0075534767369, 0.046887782428, 0.86346881706, 0.048667540318],
      [0.25813415108, 0.065445674761, 0.30588340181, 0.19870716699, 0.17182960536]
    ],
    [
      [0, 0.19508149461, 0.49330773452, 0.31161077087, 0],
      [0.58615331883, 0.014087598999, 0.13479116366, 0.20503996468, 0.059927953827],
      [0.0033337433121, 0.91817183309, 0.062370695056, 0.01612372854, 0],
      [0, 0.0056621024532, 0.98105036425, 0.013287533296, 0],
      [0.0031888280983, 0.057913752697, 0.10509289131, 0.8145620263, 0.019242501594],
      [0.20312853769, 0.098392948351, 0.42155478122, 0.19368732957, 0.083236403173]
    ],
    [
      [0.0022001489172, 0.1915877949, 0.45427540043, 0.35148450128, 0.00045215446894],
      [0.58410146069, 0.0045778017167, 0.090738992179, 0.19740094195, 0.12318080346],
      [0.014212104019, 0.90776470385, 0.044502506219, 0.030168459602, 0.0033522263111],
      [0.0032124227037, 0.00080628851289, 0.96593448679, 0.027718291666, 0.0023285103298],
      [0.020874631361, 0.029998528193, 0.05827353927, 0.84139533425, 0.049457966927],
      [0.21774596762, 0.078830520012, 0.32834436673, 0.19414098002, 0.18093816562]
    ],
    [
      [0, 0.15763529251, 0.55032644937, 0.29203825812, 0],
      [0.45426632985, 0.0048689012593, 0.18339086824, 0.22087894987, 0.13659495078],
      [0, 0.8864012132, 0.09919313903, 0.014405647769, 0],
      [0, 0, 0.98800815237, 0.011991847625, 0],
      [0, 0.015964223699, 0.15875751057, 0.78728456788, 0.037993697851],
      [0.10795086678, 0.072408492775, 0.48332913349, 0.17710740977, 0.15920409719]
    ],
    [
      [0, 0.16542535499, 0.58917775119, 0.24539689381, 0],
      [0.50957195523, 0.0060360684859, 0.21315280126, 0.16195730241, 0.10928187261],
      [0.0024036697895, 0.89271041557, 0.10453929738, 0.00034661726348, 0],
      [0, 0, 1, 0, 0],
      [0, 0.04109999606, 0.19579506439, 0.72630872058, 0.036796218969],
      [0.15718255623, 0.073932501408, 0.49554818291, 0.13694142161, 0.13639533785]
    ],
    [
      [0.0009836195613, 0.14212924112, 0.58719808385, 0.26968905547, 1.7520612689e-33],
      [0.58581837882, 0, 0.16957813257, 0.1612807483, 0.083322740306],
      [0.012452830134, 0.87233698385, 0.10821778462, 0.0059674527884, 0.0010249486054],
      [0, 0, 1, 3.4388145359e-33, 0],
      [0.011171040082, 0.010022977436, 0.19834524877, 0.74843910394, 0.032021629779],
      [0.19962926062, 0.060046594645, 0.47622208631, 0.15060870884, 0.11349334958]
    ],
    [
      [0.0014641038526, 0.18628782742, 0.52590837916, 0.28627584241, 6.3847153021e-05],
      [0.58908439984, 0.0097649418362, 0.14340225314, 0.17035371557, 0.087394689614],
      [0.0093766681421, 0.90786442955, 0.075134560142, 0.0068233592988, 0.00080098286503],
      [0, 0.0013053003024, 0.99458592597, 0.0041087737308, 0],
      [0.0093099841405, 0.050940137411, 0.13858893013, 0.76824257939, 0.032918368931],
      [0.20534135348, 0.085343236941, 0.42598095045, 0.1616618004, 0.12167265872]
    ],
    [
      [0.0055151412096, 0.14288769083, 0.55190755457, 0.29948745633, 0.00020215706289],
      [0.70237951148, 0, 0.12037917726, 0.14323646908, 0.034004842179],
      [0.11074219101, 0.77386688061, 0.10068471589, 0.01281325076, 0.0018929617166],
      [0, 0, 0.99034287694, 0.0086946802455, 0.0009624428141],
      [0.046803965455, 0, 0.14009260083, 0.79521682525, 0.017886608466],
      [0.31334251256, 0.045751506866, 0.42160698186, 0.16334322293, 0.055955775788]
    ],
    [
      [0.0021823936826, 0.13885001348, 0.61604083248, 0.24286309002, 6.3670343378e-05],
      [0.64776868877, 0, 0.19143477416, 0.10415445127, 0.056642085796],
      [0.018315145397, 0.86164759197, 0.11912059136, 0, 0.00091667127846],
      [0, 0, 0.99976629227, 0, 0.00023370772647],
      [0.03044196307, 0.006287238516, 0.22663917705, 0.71068600247, 0.025945618893],
      [0.23712509811, 0.050374161519, 0.51228261349, 0.11872454675, 0.081493580135]
    ],
    [
      [0.0035665266283, 0.14625634219, 0.53383083715, 0.31625383118, 9.2462846025e-05],
      [0.69330498459, 0, 0.11474392971, 0.15818292586, 0.033768159831],
      [0.023346631069, 0.87794950677, 0.08602937315, 0.011932683941, 0.00074180506716],
      [0.0053066923922, 0, 0.9855488355, 0.008644351342, 0.00050012076538],
      [0.046503942279, 0.012684993139, 0.1185295475, 0.80679337846, 0.015488138615],
      [0.29302616203, 0.058231143106, 0.41664166819, 0.17696245112, 0.055138575558]
    ],
    [
      [0.0016970347557, 0.18185348948, 0.51917091889, 0.29714124567, 0.00013731120543],
      [0.61192955826, 0.007915771297, 0.12796133916, 0.17110511979, 0.081088211497],
      [0.012622541859, 0.90362596975, 0.072631925685, 0.0099355184249, 0.001184044277],
      [0.0014072896351, 0.0033874375898, 0.98580184761, 0.0088119529827, 0.00059147217974],
      [0.018810976949, 0.040654698869, 0.12387144192, 0.78421028625, 0.032452596018],
      [0.22320906737, 0.081292177356, 0.40990454025, 0.16843774439, 0.11715647064]
    ],
    [
      [0.00059676450264, 0.14624170101, 0.62728540825, 0.22587612624, 0],
      [0.58078337741, 0, 0.21793895103, 0.14424742296, 0.057030248598],
      [0.00063373675409, 0.85156428415, 0.1478019791, 0, 0],
      [0, 0, 1, 0, 0],
      [0.0077153314083, 0.018629618108, 0.25876435504, 0.69327584026, 0.021614855183],
      [0.18352967308, 0.062023303089, 0.55479829533, 0.12632541139, 0.073323317115]
    ],
    [
      [0.0023318038975, 0.2055276628, 0.4807491461, 0.31117445536, 0.00021693183473],
      [0.62464637179, 0.013017947308, 0.10571168035, 0.16951479187, 0.087109208677],
      [0.014022309455, 0.92103944398, 0.051370732707, 0.011977528118, 0.0015899857368],
      [0.0031160129137, 0.010146593933, 0.97399328416, 0.011757137646, 0.00098697135104],
      [0.023243056782, 0.059803394475, 0.089087157317, 0.79185883882, 0.036007552603],
      [0.23699221352, 0.093733194058, 0.36557682211, 0.17322334044, 0.13047442987]
    ],
    [
      [0.00094868011038, 0.18831991755, 0.56146851205, 0.24926289028, 0],
      [0.55912769384, 0.01241063185, 0.16530996055, 0.15893228994, 0.10421942382],
      [0, 0.89117869926, 0.10882130074, 0, 0],
      [0, 0, 1, 0, 0],
      [0.01033049145, 0.077040265055, 0.17893100125, 0.69698121498, 0.036717027257],
      [0.17796642758, 0.087786955374, 0.46642406897, 0.13385785447, 0.13396469362]
    ],
    [
      [0.00046351350892, 0.21426009046, 0.50929509441, 0.27598130163, 0],
      [0.57978971026, 0.020470674768, 0.14011330075, 0.177187423, 0.082438891222],
      [0, 0.93672083733, 0.063279162675, 0, 0],
      [0, 0.015698999052, 0.98430100095, 0, 0],
      [0.0075648864257, 0.099249869092, 0.12041133531, 0.74620644076, 0.026567468407],
      [0.1935140003, 0.11258094193, 0.42358698517, 0.15944771167, 0.11087036092]
    ],
    [
      [0.0018841544995, 0.17036411055, 0.5499468236, 0.27778960884, 1.5302505916e-05],
      [0.64833789407, 0.0017990731767, 0.14625705348, 0.15500353345, 0.048602445833],
      [0.014175416627, 0.88995764393, 0.092497397608, 0.0028047070273, 0.00056483481183],
      [0, 0, 0.99985652231, 0, 0.00014347769169],
      [0.023095559983, 0.02997301062, 0.1596204605, 0.76714768535, 0.02016328355],
      [0.24321206751, 0.074758467165, 0.4520952997, 0.15765369238, 0.072280473236]
    ],
    [
      [0.0031847431614, 0.18739418312, 0.53958659049, 0.26960833174, 0.00022615149052],
      [0.65284296596, 0.0051159469641, 0.12966346936, 0.13084355866, 0.081534059059],
      [0.018284466774, 0.9017404065, 0.078178392954, 0, 0.0017967337736],
      [0.0040884896406, 0.0018498732055, 0.992807709, 0, 0.0012539281572],
      [0.03931533316, 0.046453865511, 0.14301650584, 0.73289967258, 0.038314622911],
      [0.25066073627, 0.078666790792, 0.4117723654, 0.13699794252, 0.12190216502]
    ],
    [
      [0, 0.13934946872, 0.65199350137, 0.20865702991, 0],
      [0.54750582896, 0.00038050456901, 0.20564928719, 0.13649566775, 0.10996871152],
      [0.00059733380249, 0.85121700264, 0.14818566356, 0, 0],
      [0, 0, 1, 0, 0],
      [0.0093017785205, 0.0056088359435, 0.30126885336, 0.6427977344, 0.041022797768],
      [0.16673644857, 0.054406494955, 0.53563071938, 0.10719992, 0.13602641709]
    ],
    [
      [0.001649058572, 0.17686643432, 0.5102435789, 0.31120541648, 3.5511724167e-05],
      [0.63988402361, 0.007125189121, 0.12472664343, 0.17997270735, 0.04829143649],
      [0.012942645613, 0.900543498, 0.072648764276, 0.013271961575, 0.00059313053999],
      [0, 0, 0.98530018309, 0.014519751488, 0.00018006542309],
      [0.018055281837, 0.03369053056, 0.11896789347, 0.81064542367, 0.018640870466],
      [0.24194447863, 0.079970484502, 0.41941531206, 0.1858564803, 0.072813244502]
    ],
    [
      [0.0032491879685, 0.20574056076, 0.50648615323, 0.28440047105, 0.00012362698693],
      [0.68955365187, 0.01316703494, 0.10617242988, 0.13326757579, 0.057839307518],
      [0.022637299011, 0.91714974766, 0.058856763421, 0, 0.0013561899115],
      [0.010220567869, 0.0090563819179, 0.9797578926, 0.00013364753121, 0.00083151008392],
      [0.042452290296, 0.061813128634, 0.11116469095, 0.7575560582, 0.027013831924],
      [0.27673145041, 0.093128246891, 0.38696740854, 0.15231388058, 0.090859013578]
    ],
    [
      [0.0025329745882, 0.17328502927, 0.53472354068, 0.28940692735, 5.1528116831e-05],
      [0.67057840248, 0.0030469877386, 0.13233314527, 0.15224265093, 0.041798813577],
      [0.016392095116, 0.89728261683, 0.079832025843, 0.0058922740954, 0.00060098811916],
      [0, 0, 0.99974845381, 0, 0.00025154618579],
      [0.030551852701, 0.032196897087, 0.14310883631, 0.77622784478, 0.017914569112],
      [0.26208865695, 0.07794094377, 0.43093988294, 0.16391814678, 0.065112369561]
    ],
    [
      [0.00073074553802, 0.1714558264, 0.5786836287, 0.24912979936, 0],
      [0.63241372059, 0.0040686095163, 0.19115207916, 0.13876854675, 0.033597043993],
      [0.0030205070263, 0.89264913077, 0.10433036221, 0, 0],
      [0, 0, 1, 0, 0],
      [0.0043016232217, 0.042366476364, 0.22468080098, 0.71625543077, 0.012395668662],
      [0.22376725038, 0.081205502811, 0.50564383239, 0.14144783312, 0.047935581306]
    ],
    [
      [0.0025055654946, 0.16641875453, 0.56017535934, 0.27083820507, 6.211557084e-05],
      [0.66070430066, 0, 0.14959652021, 0.13599098534, 0.053708193786],
      [0.017368379624, 0.88792552939, 0.092561437197, 0.0013645682985, 0.00078008548857],
      [0, 0, 0.99973191098, 0, 0.00026808901853],
      [0.032727394682, 0.025254461527, 0.17724999483, 0.7409811067, 0.023787042268],
      [0.25206866853, 0.072244244416, 0.44665851279, 0.14791707909, 0.081111495181]
    ],
    [
      [0.00292584936, 0.22357303821, 0.49376233811, 0.27927025006, 0.00046852425252],
      [0.60241672124, 0.018276727852, 0.10223514081, 0.13629686452, 0.14077454557],
      [0.014999972485, 0.9275718272, 0.052132040978, 0.002518518742, 0.0027776405969],
      [0.0072073738355, 0.014830296296, 0.97503177269, 0, 0.0029305571832],
      [0.033179812371, 0.07424574182, 0.09941425864, 0.72811338899, 0.065046798184],
      [0.22065770562, 0.095669002911, 0.34536573032, 0.13693675316, 0.20137080799]
    ],
    [
      [0, 0.20087211091, 0.52051599557, 0.27861189352, 0],
      [0.56446162978, 0.019567529353, 0.1465442071, 0.17004276747, 0.0993838663],
      [0.0032744363559, 0.92129707227, 0.072071541064, 0.0033569503061, 0],
      [0, 0.0050097672759, 0.99325590652, 0.0017343262059, 0],
      [0, 0.072766960738, 0.13345450692, 0.75882618612, 0.03495234622],
      [0.1910203758, 0.096776896549, 0.4185596193, 0.158445314, 0.13519779435]
    ],
    [
      [0.0042604629644, 0.22517487815, 0.51626056559, 0.2543040933, 0],
      [0.69655347538, 0.017501471407, 0.11240738126, 0.12738283349, 0.04615483846],
      [0.0077222964556, 0.93116599046, 0.060712927318, 0, 0.00039878577034],
      [0, 0.014705205903, 0.98527433097, 0, 2.0463128251e-05],
      [0.046410907715, 0.093105058784, 0.1259399263, 0.71256468559, 0.021979421604],
      [0.28077753329, 0.10797947998, 0.40205816978, 0.13528954214, 0.073895274809]
    ],
    [
      [0.001830539619, 0.2164982822, 0.52518972511, 0.25646955073, 1.1902347321e-05],
      [0.63919274376, 0.03028973742, 0.13338761813, 0.12850604264, 0.068623858055],
      [0, 0.93270881335, 0.067291186648, 0, 0],
      [0, 0.01290365443, 0.98709634557, 0, 0],
      [0.027615602862, 0.097393933716, 0.13582775005, 0.71012058921, 0.029042124161],
      [0.23495202725, 0.10980733231, 0.41931565287, 0.13555462811, 0.10037035946]
    ],
    [
      [0.00016650076274, 0.18783683623, 0.5169635506, 0.2950331124, 0],
      [0.59623745635, 0.010467379944, 0.13821064372, 0.1787082122, 0.076376307781],
      [0.0090133495232, 0.90997635078, 0.071725259, 0.0086755629835, 0.0006094777117],
      [0, 0, 0.99256683978, 0.0074331602179, 0],
      [0.0066090768496, 0.053152090875, 0.12895826334, 0.78351858757, 0.027761981357],
      [0.21126079624, 0.088393813004, 0.42072951072, 0.17161245956, 0.10800342048]
    ],
    [
      [0.0021205372782, 0.16201005151, 0.55530924354, 0.28030646193, 0.00025370574126],
      [0.59917448843, 0, 0.14782979229, 0.14958702133, 0.10340869795],
      [0.01488190629, 0.88806629851, 0.089210360966, 0.0060475942893, 0.00179383994],
      [0, 0, 0.9988487353, 0, 0.0011512647004],
      [0.025272949826, 0.022609801099, 0.15594060291, 0.75227963842, 0.043897007744],
      [0.21615172444, 0.064426535469, 0.42588129041, 0.1472819035, 0.14625854617]
    ],
    [
      [0, 0.18526501379, 0.51342456672, 0.30131041949, 0],
      [0.56179219493, 0.013885930553, 0.14322883035, 0.19498225274, 0.086110791429],
      [0.0075723857545, 0.91100744461, 0.069678326757, 0.011084565729, 0.00065727715275],
      [0, 0.0006854959204, 0.98734096464, 0.01197353944, 0],
      [0, 0.051074339181, 0.12325431618, 0.79626891377, 0.029402430871],
      [0.19260309513, 0.088169096494, 0.42153835159, 0.17925149914, 0.11843795765]
    ],
    [
      [0.0030499612764, 0.28914167678, 0.39811563423, 0.30968437986, 8.3478575077e-06],
      [0.68832147641, 0.041048133837, 0.062798591349, 0.14843760345, 0.059394194952],
      [0.011914057888, 0.98052562191, 0.0072319640069, 0, 0.00032835619312],
      [0.0050955613038, 0.044279533235, 0.94681483262, 0.0035330150032, 0.00027705783284],
      [0.030965069853, 0.15051609651, 0.023475459039, 0.76947312509, 0.025570249511],
      [0.28703585289, 0.14818931194, 0.2973357037, 0.16904636487, 0.098392766598]
    ],
    [
      [0.0017244288623, 0.1812797343, 0.49314908016, 0.32374387377, 0.00010288289317],
      [0.61544990783, 0.0055993067214, 0.11718682719, 0.19200813531, 0.069755822943],
      [0.011848692338, 0.90279797539, 0.064744112966, 0.019544237749, 0.0010649815602],
      [0, 0, 0.97645652267, 0.022914412728, 0.00062906460172],
      [0.016235967977, 0.032974908089, 0.10034242155, 0.82398161853, 0.026465083853],
      [0.22907827314, 0.080902892283, 0.39414908092, 0.19254626161, 0.10332349205]
    ],
    [
      [0.0068277702993, 0.23582580324, 0.4610233108, 0.29607271692, 0.00025039873811],
      [0.7031347777, 0.019937202274, 0.087535187362, 0.14173950683, 0.047653325834],
      [0.020848960933, 0.93599304814, 0.040646278246, 0.0016244981321, 0.00088721454631],
      [0.0092502556698, 0.019338209367, 0.96766482697, 0.0030924256867, 0.00065428230147],
      [0.042356792278, 0.087544690639, 0.07689623278, 0.77058853207, 0.022613752233],
      [0.29714952712, 0.10967629049, 0.35245113867, 0.16183183779, 0.078891205934]
    ],
    [
      [0.0059027495922, 0.26253998006, 0.43500888034, 0.29636966265, 0.00017872735574],
      [0.71075821337, 0.020282895133, 0.079972131041, 0.13654888932, 0.05243787114],
      [0.01628097618, 0.96173939819, 0.021147661237, 0, 0.00083196439099],
      [0.0072405393737, 0.033685692544, 0.95711107463, 0.0013780576431, 0.00058463580997],
      [0.038393953964, 0.11336989558, 0.05765715977, 0.76513414743, 0.025444843255],
      [0.30370694903, 0.11770269293, 0.32860401249, 0.15952370887, 0.090462636686]
    ],
    [
      [0.0038407345395, 0.20679296876, 0.48565686256, 0.30336376308, 0.00034567105711],
      [0.67167321601, 0.010484568777, 0.091234063503, 0.14267240607, 0.083935745638],
      [0.022088164067, 0.91763723109, 0.050995714486, 0.006926625694, 0.0023522646676],
      [0.012382078524, 0.0083637238343, 0.97023982277, 0.0067147442718, 0.0022996305979],
      [0.043336120966, 0.056700822917, 0.085839363066, 0.77272144172, 0.041402251329],
      [0.27441415516, 0.087700815058, 0.34644976561, 0.15660667292, 0.13482859124]
    ],
    [
      [0, 0.19263778127, 0.54148002878, 0.26588218995, 0],
      [0.55011061835, 0.018906174118, 0.16615966189, 0.16866193144, 0.0961616142],
      [0.0035004768074, 0.91370083414, 0.082101444249, 0.00069724480262, 0],
      [0, 0, 1, 0, 0],
      [0, 0.066225433646, 0.1601032778, 0.74101858157, 0.032652706986],
      [0.17951580456, 0.09349876346, 0.45046495189, 0.15062196912, 0.12589851097]
    ],
    [
      [0.0039715732485, 0.21402445273, 0.48529734837, 0.29634543853, 0.00036118712035],
      [0.65135872822, 0.015079045709, 0.100789941, 0.15181873447, 0.080953550605],
      [0.01643769347, 0.92293736095, 0.052946999511, 0.0061948636495, 0.0014830824231],
      [0.007643789065, 0.012218633118, 0.97340797007, 0.0053759600825, 0.001353647665],
      [0.033350898204, 0.066317278661, 0.093612321985, 0.77050070968, 0.036218791474],
      [0.25465990081, 0.096860084268, 0.3647494695, 0.15983029825, 0.12390024717]
    ],
    [
      [0.00076506756993, 0.19736184388, 0.47017739337, 0.33169569519, 0],
      [0.62793221392, 0.013109382316, 0.11326745478, 0.2144327463, 0.03125820269],
      [0.0098303602321, 0.91964585936, 0.056594387787, 0.013656382123, 0.00027301050263],
      [0, 0.0047057293216, 0.97521002329, 0.020084247383, 0],
      [0.0011510772502, 0.054558943779, 0.083618263484, 0.8502210465, 0.010450668985],
      [0.23776756519, 0.099859145464, 0.40297035042, 0.21204193916, 0.047360999763]
    ],
    [
      [0.0020619039632, 0.18292073354, 0.47329373913, 0.34166058099, 6.3042373979e-05],
      [0.64927402515, 0.0042298724511, 0.099152815345, 0.20168835806, 0.045654929001],
      [0.014353600099, 0.90882063662, 0.059425934952, 0.01674335525, 0.00065647307503],
      [0.0018636951252, 0.0038858830364, 0.97469010249, 0.019214835201, 0.00034548414455],
      [0.019511826474, 0.036594016002, 0.079270847568, 0.84711209649, 0.017511213464],
      [0.2580901393, 0.083737975796, 0.37934120115, 0.20712957959, 0.071701104163]
    ],
    [
      [0.0021218428028, 0.17500530964, 0.46035470168, 0.36246802849, 5.0117383329e-05],
      [0.66007120422, 0.0040158544281, 0.088139838861, 0.21560302637, 0.032170076118],
      [0.01544735189, 0.90705766901, 0.058600745521, 0.018408841929, 0.00048539164978],
      [0.0019949091394, 0.0017652426366, 0.96394152773, 0.032022265896, 0.00027605460038],
      [0.019951668577, 0.033059420021, 0.060152521541, 0.87475343577, 0.012082954089],
      [0.26949033256, 0.080953067004, 0.37069055879, 0.22689929814, 0.051966743508]
    ],
    [
      [0.002092203395, 0.16901894917, 0.51245049511, 0.31633933047, 9.9021850352e-05],
      [0.63444061191, 0, 0.12246611689, 0.18041323422, 0.062680036983],
      [0.01502487744, 0.89703487738, 0.073771295253, 0.013144475758, 0.0010244741635],
      [0, 0, 0.98331391429, 0.015994646541, 0.00069143916947],
      [0.023558130384, 0.025610806732, 0.11574102321, 0.81006859871, 0.025021440959],
      [0.24234305486, 0.073627622043, 0.40674679928, 0.18253353602, 0.094748987798]
    ],
    [
      [0.001155562679, 0.12662865283, 0.56300915405, 0.30916762918, 3.9001267626e-05],
      [0.59721164814, 0, 0.15405437077, 0.18405171409, 0.064682267003],
      [0.015478701926, 0.84618282255, 0.12257440834, 0.014713796779, 0.0010502704048],
      [0, 0, 0.98778400452, 0.012063027427, 0.00015296804811],
      [0.010702204127, 0, 0.15907680806, 0.8058364448, 0.024384543007],
      [0.23481438525, 0, 0.49280463456, 0.17928398995, 0.093096990246]
    ],
    [
      [0, 0.17131400234, 0.50113906734, 0.32754693032, 0],
      [0.5307951419, 0.007496871509, 0.13636442884, 0.21291381556, 0.11242974219],
      [0.0049836745933, 0.90085266367, 0.070368330439, 0.022896543864, 0.00089878743398],
      [0, 0, 0.97684131426, 0.023130663476, 2.8022267575e-05],
      [0.0012644214196, 0.028237063433, 0.1111509182, 0.82293625885, 0.036411338096],
      [0.1731871028, 0.079407625715, 0.4049869673, 0.19313297888, 0.1492853253]
    ],
    [
      [0.0049788102436, 0.18919964691, 0.5055714273, 0.3000126966, 0.00023741893962],
      [0.76945273272, 0, 0.066670383492, 0.09498840302, 0.068888480768],
      [0.095825786121, 0.83867698331, 0.056405559893, 0, 0.0090916706739],
      [0.01536981177, 0, 0.97688492258, 0.0045435058657, 0.003201759785],
      [0.090149112102, 0.010236390491, 0.098999345813, 0.75033640541, 0.050278746186],
      [0.38720675303, 0.052498012314, 0.30045749408, 0.12675732219, 0.13308041839]
    ],
    [
      [0.0012889987959, 0.17350602853, 0.54134296944, 0.28369680881, 0.000165194419],
      [0.5375519952, 0.0058208075098, 0.14311380997, 0.16951362721, 0.14399976011],
      [0.009536093493, 0.8917225981, 0.089569827973, 0.0072592424423, 0.0019122379939],
      [0, 0, 0.99423323827, 0.0049601879781, 0.00080657374953],
      [0.012805880769, 0.023152085851, 0.15496280389, 0.75383629852, 0.055242930971],
      [0.17742068744, 0.072706695183, 0.40831904234, 0.15193968735, 0.18961388769]
    ],
    [
      [0.0025279233539, 0.14810904098, 0.5995655279, 0.24979750777, 0],
      [0.64723209698, 0.00020840283361, 0.15079887471, 0.13659479552, 0.065165829965],
      [0.016519931751, 0.86979271478, 0.1128699745, 0, 0.00081737897592],
      [0, 0, 1, 0, 0],
      [0.028290471015, 0.0041455129973, 0.22204745032, 0.71634078055, 0.029175785116],
      [0.24084160634, 0.061627405449, 0.46588533033, 0.13537786315, 0.096267794734]
    ],
    [
      [0, 0.20865664108, 0.56555283489, 0.22579052403, 0],
      [0.55715803571, 0.019504318329, 0.19073244701, 0.14648138825, 0.086123810698],
      [0, 0.91788277737, 0.082117222627, 0, 0],
      [0, 0, 1, 0, 0],
      [0, 0.083125853893, 0.23221015269, 0.65823301271, 0.026430980709],
      [0.14687438187, 0.12841421479, 0.50032879571, 0.11696587863, 0.107416729]
    ],
    [
      [0.0026880491556, 0.17203181444, 0.53968231204, 0.28553121258, 6.6611786259e-05],
      [0.69484488385, 0, 0.12832594322, 0.1357107478, 0.041118425131],
      [0.022682315015, 0.89261002156, 0.078723916859, 0.005117188112, 0.00086655845605],
      [0.0092501282716, 0.00015954802224, 0.98772249722, 0.0023057507677, 0.00056207572335],
      [0.049523266371, 0.029718851232, 0.13277170209, 0.76890785806, 0.019078322247],
      [0.28066527347, 0.073558015048, 0.42564599238, 0.15599051593, 0.064140203158]
    ],
    [
      [0.0015252611725, 0.30777224512, 0.37940516114, 0.31129733257, 0],
      [0.60424512697, 0.044977839083, 0.06921916232, 0.16571661848, 0.11584125315],
      [0, 1, 0, 0, 0],
      [0, 0.057873637435, 0.94029383771, 0.0018325248535, 0],
      [0.013567124191, 0.1912795702, 0.0018569008981, 0.75194664143, 0.041349763289],
      [0.22374704048, 0.16577496677, 0.27278159865, 0.16620203807, 0.17149435603]
    ],
    [
      [0.00016337940861, 0.23658709077, 0.45022936723, 0.31302016259, 0],
      [0.64198239626, 0.034442263401, 0.10466443555, 0.1935163006, 0.025394604189],
      [0.001279681319, 0.95621776123, 0.033468472153, 0.0090340853025, 0],
      [0, 0.026545187821, 0.96254021028, 0.010914601901, 0],
      [0.00039841467607, 0.11091192696, 0.069440001476, 0.81120538827, 0.0080442686115],
      [0.24165562841, 0.13355270441, 0.38822395347, 0.19802105865, 0.038546655063]
    ],
    [
      [0.003166211872, 0.18115834401, 0.56801292748, 0.24762364011, 3.8876525867e-05],
      [0.68327939567, 0.0081245340784, 0.12011091349, 0.12275042074, 0.065734736024],
      [0.01516261692, 0.88277590265, 0.10121632987, 0, 0.00084515055918],
      [0, 0, 0.9997773896, 0, 0.00022261040086],
      [0.038991900604, 0.043818343089, 0.19608164751, 0.68796956039, 0.03313854841],
      [0.26728529115, 0.075550758575, 0.42666852693, 0.12603535578, 0.10446006756]
    ],
    [
      [0.00051701901777, 0.16552526895, 0.53787642841, 0.29608128362, 0],
      [0.58117377725, 0, 0.15756713182, 0.19042766489, 0.070831426054],
      [0.0068616758619, 0.89046954919, 0.089136644015, 0.013057033507, 0.00047509742336],
      [0, 0, 0.98880609843, 0.011193901573, 0],
      [0.0027639073096, 0.026484556346, 0.14952007381, 0.79624335022, 0.02498811231],
      [0.20175396229, 0.075106754802, 0.44810787503, 0.17685527356, 0.098176134319]
    ],
    [
      [0.0042379289757, 0.2003627324, 0.48381948081, 0.31148728006, 9.2577760559e-05],
      [0.71279333124, 0.0076806656396, 0.095038131893, 0.15348826923, 0.030999602002],
      [0.023051336602, 0.91373076782, 0.055188362384, 0.0073862496332, 0.00064328356421],
      [0.0076288960015, 0.0066024384446, 0.97728934529, 0.0081043388517, 0.00037498140967],
      [0.044628476178, 0.05042871805, 0.092844049615, 0.79797729369, 0.014121462468],
      [0.30164420297, 0.091494851426, 0.37955215008, 0.1759895542, 0.051319241328]
    ],
    [
      [0.00018544806442, 0.1923791085, 0.4989063923, 0.30852905114, 0],
      [0.6109281719, 0.014049727614, 0.13544929139, 0.19989022283, 0.039682586268],
      [0.001439546118, 0.91743703415, 0.066805544616, 0.01431787512, 0],
      [0, 0.0016800712408, 0.98452469095, 0.01379523781, 0],
      [0, 0.059104748491, 0.11330522019, 0.81460083972, 0.012989191592],
      [0.21964423432, 0.097890819155, 0.43149758177, 0.1935537523, 0.057413612452]
    ],
    [
      [0.0015344209241, 0.16248210514, 0.52803271412, 0.30780409783, 0.00014666197943],
      [0.58249136163, 0, 0.13483244386, 0.17812372469, 0.10455246982],
      [0.013078785354, 0.89392619041, 0.079769065445, 0.011629338517, 0.0015966202717],
      [0, 0, 0.98741642989, 0.011785235073, 0.00079833503982],
      [0.014383148546, 0.027421262144, 0.12799024265, 0.78951076996, 0.040694576695],
      [0.20829195921, 0.068298967057, 0.40550177071, 0.17000781511, 0.14789948791]
    ],
    [
      [0, 0.19209321005, 0.47768199671, 0.33022479324, 0],
      [0.50439290567, 0.017356237615, 0.14687051487, 0.24790900296, 0.083471338893],
      [0, 0.91735773749, 0.056781419369, 0.025860843137, 0],
      [0, 0, 0.97719873275, 0.022801267251, 0],
      [0, 0.05462238118, 0.093344080818, 0.83307536484, 0.018958173164],
      [0.11506857199, 0.14237505449, 0.42082135485, 0.21631915553, 0.10541586314]
    ],
    [
      [0, 0.20462851522, 0.50827428275, 0.28709720203, 0],
      [0.41651942771, 0.11747483333, 0.18070270481, 0.24008952361, 0.045213510539],
      [0, 0.93015450461, 0.069845495392, 0, 0],
      [0, 0.0094681954929, 0.98846781545, 0.0020639890533, 0],
      [0, 0.076286848394, 0.12529299701, 0.78942207518, 0.0089980794154],
      [0.15026503012, 0.11600500494, 0.48270196209, 0.19629868567, 0.05472931718]
    ],
    [
      [0.0013076580008, 0.16524303091, 0.53513444822, 0.29827595781, 3.890505792e-05],
      [0.59016433459, 0.0062203581955, 0.14870661821, 0.18508542051, 0.069823268501],
      [0.011321248945, 0.89957448229, 0.077894985569, 0.010402887515, 0.00080639568146],
      [0, 0, 0.99057274724, 0.009427252755, 0],
      [0.0028109148366, 0.040056956308, 0.1370038886, 0.79514182021, 0.024986420053],
      [0.2096361162, 0.077336365871, 0.43860173342, 0.17542460998, 0.099001174523]
    ],
    [
      [0, 0.19053295624, 0.47358085776, 0.335886186, 0],
      [0.43870510466, 0.017941509498, 0.16574754694, 0.28193212525, 0.095673713649],
      [0, 0.9219263747, 0.056622210756, 0.021451414546, 0],
      [0, 0, 0.97373552936, 0.026264470645, 0],
      [0, 0.046061039759, 0.087080391302, 0.84821557075, 0.018642998193],
      [0.05186491144, 0.17427600251, 0.43840262359, 0.22462052035, 0.11083594211]
    ],
    [
      [0.00046965952257, 0.19007699932, 0.5346126468, 0.27484069435, 0],
      [0.53211217974, 0.016740386872, 0.18215855851, 0.21264860912, 0.056340265758],
      [0, 0.90766884535, 0.092331154654, 0, 0],
      [0, 0, 1, 0, 0],
      [0, 0.065788581983, 0.15883724239, 0.76202906324, 0.013345112384],
      [0.11205046252, 0.1494956653, 0.493164936, 0.17598735998, 0.069301576195]
    ],
    [
      [0.00026345704586, 0.26604421756, 0.47855450951, 0.25513781588, 0],
      [0.67399359147, 0.04523780615, 0.11187203821, 0.13693871959, 0.03195784457],
      [0, 0.96431914238, 0.035680857618, 0, 0],
      [0, 0.029594118899, 0.9704058811, 0, 0],
      [0.012937684685, 0.17968924871, 0.098358822124, 0.69747264152, 0.011541602969],
      [0.25561380891, 0.14519985892, 0.40207441348, 0.14801965534, 0.049092263349]
    ],
    [
      [0.0052526775358, 0.21325999168, 0.50837371619, 0.27272529549, 0.00038831910641],
      [0.7128349861, 0.008877432867, 0.091280542456, 0.10155176247, 0.085455276111],
      [0.025972741153, 0.91555227333, 0.055515382519, 0, 0.0029596030004],
      [0.012315339657, 0.0072777250503, 0.97835715056, 0, 0.0020497847351],
      [0.071670746373, 0.060051522119, 0.10790900814, 0.71326431593, 0.047104407444],
      [0.30350038814, 0.08631468715, 0.35126996147, 0.12145467036, 0.13746029288]
    ],
    [
      [0, 0.21591922075, 0.50732458323, 0.27675619602, 0],
      [0.54188970345, 0.049660177539, 0.15053861198, 0.18658268364, 0.071328823387],
      [0, 0.93448475968, 0.065515240321, 0, 0],
      [0, 0.0087153975291, 0.99128460247, 0, 0],
      [0, 0.089662271537, 0.12862038169, 0.76099102034, 0.020726326433],
      [0.18672974191, 0.11331094018, 0.43671321194, 0.16854831217, 0.094697793795]
    ],
    [
      [0, 0.22032759529, 0.4618326572, 0.3178397475, 0],
      [0.61133476204, 0.024927657745, 0.12513523967, 0.21413865299, 0.024463687551],
      [0, 0.94533357011, 0.041916886217, 0.012749543672, 0],
      [0, 0.014845904332, 0.97308855673, 0.012065538935, 0],
      [0, 0.089762344587, 0.080524383229, 0.82318118325, 0.0065320889298],
      [0.18997309512, 0.15074543594, 0.4152162709, 0.20888181066, 0.035183387383]
    ],
    [
      [0.0019457313809, 0.21707784235, 0.47026234638, 0.31067368086, 4.0399025598e-05],
      [0.64934734923, 0.019271961504, 0.10306157533, 0.17203220828, 0.056286905663],
      [0.011211110943, 0.93719371998, 0.041798743171, 0.0093457162999, 0.00045070960096],
      [0.0012164639791, 0.020003760735, 0.96842032549, 0.010157717008, 0.00020173278259],
      [0.01993938047, 0.079084436567, 0.080983544368, 0.79777270023, 0.022219938366],
      [0.25122399203, 0.10797040241, 0.37377970959, 0.18023524342, 0.086790652545]
    ],
    [
      [0.0031758380551, 0.19807522374, 0.51914676768, 0.27950387052, 9.830000493e-05],
      [0.66799192408, 0.011254798972, 0.11872289767, 0.14513403731, 0.056896341969],
      [0.015634835158, 0.91244730394, 0.071066945539, 0, 0.00085091536774],
      [0.0027963010327, 0.0077325091054, 0.98900563841, 0, 0.00046555145066],
      [0.032877475859, 0.058318167878, 0.1265394735, 0.7568558307, 0.025409052063],
      [0.26163597513, 0.090618969607, 0.4061090231, 0.15346680294, 0.088169229224]
    ],
    [
      [0.0044540038235, 0.23362999648, 0.36891328382, 0.39277454852, 0.00022816735421],
      [0.70273004871, 0.012552698661, 0.036142791331, 0.19178142307, 0.056793038232],
      [0.024995118953, 0.93474815085, 0.012425194121, 0.026231410682, 0.0016001253962],
      [0.010517993125, 0.012666845008, 0.94929766408, 0.02633058192, 0.0011869158708],
      [0.0452455469, 0.056280200026, 0.0041818240113, 0.86916424979, 0.025128179274],
      [0.31755287658, 0.10277526026, 0.26042415612, 0.21935601141, 0.099891695633]
    ],
    [
      [0.0007310084688, 0.18789927868, 0.4737178813, 0.33764941831, 2.4132341719e-06],
      [0.61752418105, 0.0080143458773, 0.11513923492, 0.21803221558, 0.04129002257],
      [0.0061885508695, 0.91074914255, 0.057289870216, 0.025504751033, 0.00026768533396],
      [0, 0.0019384122212, 0.97642126956, 0.021565055725, 7.5262493955e-05],
      [0.0038517833072, 0.042072425134, 0.086103052446, 0.85393174585, 0.014040993266],
      [0.23268643, 0.09257354263, 0.40185536938, 0.21104257388, 0.061842084114]
    ],
    [
      [0.0025589222651, 0.21097383579, 0.44162690154, 0.34479437565, 4.5964754367e-05],
      [0.68400704935, 0.014253774465, 0.081699709629, 0.19237905583, 0.027660410728],
      [0.015356783044, 0.92584026697, 0.03830199521, 0.020089314142, 0.0004116406288],
      [0.0038934790442, 0.011162058166, 0.96331472833, 0.021361057456, 0.00026867700693],
      [0.025630754511, 0.059337864763, 0.054462475257, 0.84954776032, 0.01102114515],
      [0.28573295281, 0.10283254929, 0.35644681677, 0.20929991444, 0.045687766698]
    ],
    [
      [0.0032816344603, 0.2269157393, 0.39270423441, 0.37698216184, 0.00011622999415],
      [0.68756800279, 0.015099389149, 0.062908721374, 0.19460174474, 0.03982214195],
      [0.016320860685, 0.9356737041, 0.020403571916, 0.026922911104, 0.00067895219267],
      [0.0047697372282, 0.01377934666, 0.95506746203, 0.025898506375, 0.00048494770379],
      [0.027462905148, 0.063821629285, 0.020446209676, 0.87218786188, 0.016081394014],
      [0.29741834241, 0.10776352707, 0.30314222434, 0.22312516959, 0.06855073658]
    ],
    [
      [0.0020249078805, 0.18834270194, 0.49043463278, 0.31911379214, 8.3965259124e-05],
      [0.649784165, 0.0070888140182, 0.11331338326, 0.18225473401, 0.047558903707],
      [0.013679433956, 0.90604693813, 0.061555842554, 0.017984593127, 0.00073319223397],
