{
  "Z_true": {},
  "V_true": [
    [1322, 1039, 393, 67],
    [2468, 8439, 4284, 507],
    [213, 103, 12862, 387],
    [89, 192, 1078, 223],
    [41, 79, 913, 250],
    [136, 221, 769, 614]
  ],
  "p_true": [
    [0.4686, 0.3683, 0.1393, 0.0238],
    [0.1572, 0.5376, 0.2729, 0.0323],
    [0.0157, 0.0076, 0.9482, 0.0285],
    [0.0563, 0.1214, 0.6814, 0.141],
    [0.032, 0.0616, 0.7116, 0.1949],
    [0.0782, 0.127, 0.442, 0.3529]
  ],
  "Z_est": [
    [
      [5.9468, 105.0599, 50.5477, 5.7662, 43.6098, 37.8943, 103.4989, 110.4872, 119.9269, 110.0156, 114.9712, 37.7004, 242.8272, 108.0333, 52.53, 121.2801, 15.8581, 12.8847, 32.147, 46.5832, 76.3171, 42.6781, 25.7694, 112.989, 52.53, 67.3969, 43.6098, 137.7673, 45.592, 59.6542, 48.5654, 21.8049, 223.7143, 42.7621, 217.6717, 76.3171],
      [0, 0, 0, 0, 0, 0, 0, 0, 0, 0, 0.058, 0, 1.2108, 0.068, 0, 0, 0, 0, 0, 0, 0, 0, 0, 0, 0, 0, 0, 0.0258, 0, 0, 0, 0, 0, 0, 0, 0.0317],
      [0.0469, 0.829, 0.3989, 0.0626, 0.3441, 9.9328, 0.4348, 0.4522, 0.9464, 0.8681, 0.9072, 0.2598, 0.7054, 0.8525, 0.4145, 0.5641, 0.1251, 0.1017, 0.8184, 0.3676, 0.6022, 6.2706, 0.2033, 0.8916, 0.4145, 0.5318, 0.3441, 1.0871, 0.3598, 7.2756, 0.3832, 0.1721, 2.0304, 0.2119, 1.0989, 0.6339],
      [0.0063, 0.111, 0.0534, 2.1713, 0.0461, 0.1729, 0.0664, 0.0606, 0.1267, 0.1163, 0.0635, 0.0398, 0.2566, 0.0462, 0.0555, 0.1558, 0.0168, 0.0136, 0.0346, 0.0492, 0.0807, 0.0513, 0.0272, 0.1194, 0.0555, 0.0712, 0.0461, 0.1198, 0.0482, 0.0702, 0.0513, 0.023, 0.2554, 0.026, 0.2294, 0.0173]
    ],
    [
      [3.8073, 42.4739, 30.1622, 2.2052, 22.2393, 9.9337, 66.8646, 76.553, 36.654, 55.4216, 48.4413, 35.8622, 83.361, 22.7341, 18.2966, 99.9248, 13.038, 7.1708, 15.6811, 28.0029, 45.7675, 22.1954, 26.9481, 64.3735, 32.1656, 58.9465, 54.0411, 54.5214, 10.3525, 31.0736, 33.0999, 23.7869, 81.991, 26.293, 169.2878, 13.4689],
      [26.0586, 281.1954, 237.4106, 20.1221, 65.1906, 101.7683, 235.5741, 265.4555, 268.5465, 403.7927, 272.3804, 200.4688, 472.8753, 189.7148, 73.1094, 506.1436, 78.8125, 44.6924, 187.8844, 404.2456, 504.4972, 295.7903, 202.3828, 635.9563, 337.6251, 604.7576, 268.5465, 405.7417, 36.1409, 302.6013, 236.4376, 249.938, 671.7955, 106.7834, 463.5298, 120.6513],
      [6.2876, 77.3945, 136.1759, 5.3108, 5.8463, 35.7891, 72.2673, 70.636, 66.5229, 93.9214, 59.4301, 53.7063, 107.9344, 38.645, 24.9623, 134.5892, 53.8947, 15.6098, 116.8102, 192.7644, 193.3008, 129.7908, 80.8993, 289.167, 112.5296, 209.4074, 108.8956, 138.5107, 18.2048, 150.8227, 122.1685, 50.0797, 245.9384, 21.1998, 179.2663, 33.064],
      [4.8465, 26.9362, 24.2513, 4.3619, 8.7237, 15.5089, 22.294, 20.3554, 20.2767, 35.8643, 18.7481, 16.9628, 44.8293, 12.9061, 11.6317, 52.3425, 13.2548, 6.5269, 21.6243, 31.9871, 49.4345, 30.2234, 23.7697, 78.5032, 26.6797, 50.8885, 32.5169, 40.2261, 6.3018, 31.5024, 22.294, 41.1955, 76.2751, 8.7237, 61.9161, 5.8158]
    ],
    [
      [1.2173, 0.2465, 0.1325, 0.0131, 0.1079, 0.0785, 0.2829, 0.5938, 0.2568, 0.2715, 0.2682, 0.1243, 0.5348, 0.0798, 0.1161, 0.3631, 0.0474, 0.8776, 0.0785, 0.1227, 0.4761, 0, 0.0867, 0.2911, 0.139, 0.2077, 0.1199, 0.2815, 0.0268, 0, 0.1341, 0.1313, 0.5021, 4.4401, 0.6346, 0.0906],
      [0.0395, 1.0646, 0.1494, 0.0259, 0.3577, 0.1877, 0.1205, 0.1659, 2.3538, 0.2984, 0.1714, 0.0623, 2.2804, 0.0705, 0.0868, 0.1318, 0.0496, 0.0288, 0.12, 0.2259, 0.4205, 0, 0, 0.3116, 0.2118, 0.2923, 0, 0.2486, 0.0226, 0.0107, 0.1488, 0.1585, 0.4733, 0.0673, 0.2914, 0.0975],
      [84.1752, 477.177, 518.3643, 56.8838, 92.673, 412.1583, 264.46, 291.943, 291.0752, 418.9064, 349.2489, 136.7208, 432.8166, 154.6841, 185.6427, 288.7407, 179.7106, 99.9857, 539.4264, 496.1843, 923.3149, 434, 270.5665, 780.4064, 381.2599, 642.5, 232.5252, 545.8853, 58.8798, 437.6189, 479.3915, 252.6308, 1348.5809, 141.3651, 679.2671, 133.7269],
      [1.5679, 0.5119, 0.3539, 0.0772, 3.8613, 0.5754, 0.1366, 0.2973, 0.3142, 0.5238, 0.3114, 0.0926, 3.3682, 0.1656, 5.1543, 0.7644, 0.1924, 0.1079, 0.3751, 0.4671, 0.7885, 0, 0.3468, 0.9909, 0.3893, 0, 0.3549, 0.5845, 0.0708, 0.3704, 0.3256, 2.0794, 1.4437, 0.1274, 0.8069, 0.0849]
    ],
    [
      [0, 0, 0, 0, 0, 0, 0, 0, 0, 0, 0, 0, 0, 0, 0, 0, 0, 0, 0, 0, 0, 0, 0, 0, 0, 0, 0, 0, 0, 0, 0, 0, 0, 0, 0, 0],
      [0.1635, 1.0791, 1.2531, 0.3597, 0.3441, 1.0464, 1.0137, 0.9483, 0.9156, 2.1313, 1.438, 1.058, 2.496, 1.0015, 0.327, 2.6706, 0.416, 0.5559, 0.981, 1.8312, 3.7605, 1.5613, 1.0791, 3.3027, 2.1582, 3.7278, 1.9947, 2.289, 0.0981, 1.3734, 1.248, 1.7658, 3.3027, 0.5649, 2.0601, 0.4251],
      [4.8365, 31.9209, 58.7469, 10.6403, 9.6559, 30.9536, 29.9863, 28.0517, 27.0844, 56.8687, 36.562, 23.942, 56.504, 25.9985, 9.673, 40.3294, 19.584, 16.4441, 29.019, 54.1688, 111.2395, 49.4387, 31.9209, 97.6973, 63.8418, 110.2722, 59.0053, 67.711, 2.9019, 40.6266, 53.752, 52.2342, 97.6973, 16.4351, 60.9399, 12.5749],
      [0, 0, 0, 0, 0, 0, 0, 0, 0, 0, 0, 0, 0, 0, 0, 0, 0, 0, 0, 0, 0, 0, 0, 0, 0, 0, 0, 0, 0, 0, 0, 0, 0, 0, 0, 0]
    ],
    [
      [0, 0, 0, 0, 0, 0, 0, 0, 0, 0, 0, 0, 0, 0, 0, 0, 0, 0, 0, 0, 0, 0, 0, 0, 0, 0, 0, 0, 0, 0, 0, 0, 0, 0, 0, 0],
      [0, 0, 0, 0, 0, 0, 0, 0, 0, 0, 0, 0, 0, 0, 0, 0, 0, 0, 0, 0, 0, 0, 0, 0, 0, 0, 0, 0, 0, 0, 0, 0, 0, 0, 0, 0],
      [9, 47, 46, 4, 14, 31, 21, 15, 26, 26, 25, 15, 36, 12, 12, 39, 16, 10, 48, 63, 86, 47, 25, 83, 42, 72, 26, 49, 6, 52, 55, 12, 128, 10, 67, 8],
      [0, 0, 0, 0, 0, 0, 0, 0, 0, 0, 0, 0, 0, 0, 0, 0, 0, 0, 0, 0, 0, 0, 0, 0, 0, 0, 0, 0, 0, 0, 0, 0, 0, 0, 0, 0]
    ],
    [
      [0.0287, 0.2197, 0.1576, 0.0156, 0.043, 0.0934, 2.3536, 0.3659, 0.1624, 0.2913, 0.3192, 2.3131, 0.277, 0.1528, 0.0573, 0.4321, 0.0564, 0.0669, 0.0934, 0.2913, 0.4393, 0.1265, 0.1958, 0.3464, 0.1654, 0.4489, 0.2292, 0.4298, 0.0287, 0.2722, 0.2006, 0.277, 0.7927, 3.5048, 0.4059, 0.1234],
      [0.7384, 5.6609, 5.1869, 0.4923, 1.1076, 2.9976, 5.2917, 4.4303, 4.1841, 8.7777, 5.9522, 4.411, 7.1376, 4.1453, 1.4768, 11.054, 1.7219, 1.7229, 7.0146, 7.6972, 11.3218, 6.6484, 4.5381, 12.4293, 6.0049, 13.2223, 5.4588, 22.6948, 0.7384, 7.0146, 5.1656, 7.1376, 20.4284, 2.5843, 10.1187, 2.7944],
      [1.6537, 12.6786, 14.3141, 1.1025, 2.4806, 7.1662, 11.8517, 9.9171, 9.3711, 14.4354, 11.8517, 9.3711, 15.0396, 8.8199, 3.3075, 15.7766, 4.6856, 3.8587, 18.926, 19.5149, 28.5426, 17.4998, 11.4099, 27.8377, 12.9542, 26.2886, 13.2298, 24.8059, 1.6537, 16.6562, 13.3047, 8.8833, 45.7531, 5.788, 23.4278, 6.0003],
      [3.5792, 27.4409, 25.3413, 2.3897, 5.3689, 15.7429, 23.503, 21.2867, 20.2824, 37.4957, 24.8769, 17.9047, 35.5458, 18.8821, 7.1585, 54.7373, 10.5361, 8.3516, 30.966, 33.4966, 51.6963, 32.7252, 24.8562, 60.3865, 27.8755, 54.0403, 29.0822, 42.0696, 3.5792, 33.057, 23.3291, 41.7021, 99.0258, 9.1229, 51.0476, 6.0819]
    ]
  ],
  "V_est": [
    [2772.7079, 1.3943, 41.9433, 4.9545],
    [1467.1403, 9778.6171, 3451.7436, 1000.499],
    [13.3751, 10.7459, 13512.8962, 27.9827],
    [0, 52.7416, 1529.2584, 0],
    [0, 0, 1283, 0],
    [15.7767, 229.5011, 480.1585, 1014.5637]
  ],
  "p_est": [
    [0.9829, 0.0005, 0.0149, 0.0018],
    [0.0935, 0.6229, 0.2199, 0.0637],
    [0.001, 0.0008, 0.9962, 0.0021],
    [0, 0.0333, 0.9667, 0],
    [0, 0, 1, 0],
    [0.0091, 0.1319, 0.276, 0.5831]
  ],
  "EI_Z": {},
  "EI_V": 14.0779,
  "MAE_Z": {},
  "MAE_V": 430.4203,
  "MAE_p": 0.124,
  "runtime": 4.358
}
