{
  "X": [
    [6, 4, 110, 127, 21],
    [28, 16, 346, 359, 31],
    [4, 10, 86, 143, 6],
    [11, 10, 87, 139, 15],
    [0, 0, 4, 13, 3],
    [56, 75, 837, 796, 93],
    [28, 144, 373, 1090, 113],
    [4, 2, 25, 45, 7],
    [12, 22, 140, 342, 22],
    [0, 2, 0, 6, 2],
    [0, 1, 3, 4, 4],
    [83, 165, 1067, 1719, 138],
    [46, 116, 737, 967, 75],
    [0, 3, 2, 28, 1],
    [6, 1, 25, 77, 7],
    [49, 55, 465, 1274, 137],
    [0, 1, 7, 4, 0],
    [4, 8, 67, 61, 11],
    [1, 1, 10, 9, 0],
    [7, 4, 63, 100, 11],
    [23, 29, 399, 388, 33],
    [0, 2, 2, 16, 5],
    [28, 41, 366, 563, 60],
    [10, 23, 205, 402, 30],
    [7, 0, 28, 22, 8],
    [6, 6, 67, 68, 6],
    [0, 4, 3, 7, 0],
    [0, 7, 20, 44, 7],
    [0, 0, 5, 17, 1],
    [1, 3, 13, 37, 8],
    [54, 36, 509, 406, 68],
    [0, 1, 12, 33, 1],
    [14, 25, 223, 567, 49],
    [66, 69, 1056, 1420, 109],
    [7, 17, 121, 172, 22],
    [103, 79, 1310, 1786, 125],
    [0, 1, 5, 4, 0],
    [4, 10, 38, 73, 11],
    [16, 3, 86, 114, 10],
    [17, 1, 123, 21, 9],
    [3, 9, 40, 49, 3],
    [3, 9, 20, 59, 4],
    [5, 13, 45, 126, 17],
    [14, 46, 108, 212, 20],
    [10, 23, 164, 215, 17],
    [13, 14, 94, 86, 15],
    [6, 22, 99, 157, 15],
    [2, 15, 38, 110, 13],
    [4, 12, 51, 82, 4],
    [13, 10, 119, 84, 12],
    [6, 1, 135, 53, 6],
    [14, 29, 170, 235, 21],
    [5, 2, 94, 55, 8],
    [15, 24, 130, 139, 29],
    [10, 22, 115, 193, 18],
    [0, 0, 0, 6, 0],
    [0, 4, 0, 9, 1],
    [6, 30, 102, 152, 24],
    [1, 2, 4, 18, 2],
    [4, 22, 135, 93, 14],
    [1, 3, 7, 13, 1],
    [16, 11, 79, 183, 21],
    [5, 6, 32, 79, 9],
    [2, 6, 28, 41, 3],
    [1, 0, 5, 1, 1],
    [4, 5, 25, 35, 3],
    [3, 2, 15, 31, 6],
    [6, 1, 19, 25, 7],
    [1, 3, 24, 32, 2],
    [13, 9, 112, 103, 13],
    [0, 2, 19, 4, 2],
    [1, 1, 3, 5, 1],
    [0, 0, 7, 10, 2],
    [3, 2, 8, 37, 3],
    [9, 10, 219, 154, 27],
    [0, 1, 2, 8, 0],
    [1, 0, 6, 10, 2],
    [8, 3, 29, 33, 10],
    [2, 1, 49, 81, 13],
    [14, 7, 78, 79, 16],
    [2, 1, 73, 43, 9],
    [12, 2, 79, 60, 1],
    [4, 3, 54, 18, 4],
    [27, 12, 227, 93, 16],
    [1, 1, 2, 6, 2],
    [0, 2, 2, 3, 0],
    [5, 6, 41, 40, 8],
    [17, 7, 165, 44, 10],
    [1, 1, 22, 15, 3],
    [10, 12, 83, 78, 7],
    [0, 0, 15, 22, 3],
    [0, 2, 1, 3, 0],
    [0, 3, 2, 14, 0],
    [0, 4, 16, 17, 4],
    [0, 2, 35, 31, 3],
    [0, 8, 6, 40, 1],
    [0, 2, 5, 23, 1],
    [3, 8, 69, 64, 6],
    [0, 1, 3, 3, 0],
    [8, 2, 47, 25, 2],
    [0, 1, 23, 47, 2],
    [4, 2, 61, 27, 8],
    [1, 1, 5, 19, 0],
    [1, 7, 18, 47, 5],
    [5, 12, 52, 52, 5],
    [2, 3, 5, 6, 1],
    [2, 1, 35, 24, 1],
    [1, 1, 14, 17, 1],
    [1, 2, 15, 7, 0],
    [7, 5, 89, 111, 17],
    [12, 3, 184, 63, 9],
    [5, 5, 77, 121, 18],
    [5, 1, 117, 77, 3],
    [6, 2, 33, 33, 4],
    [7, 8, 57, 95, 7],
    [10, 7, 100, 147, 10],
    [42, 14, 312, 331, 29],
    [0, 2, 16, 5, 2],
    [0, 2, 5, 9, 2],
    [9, 115, 154, 357, 49],
    [107, 262, 778, 1704, 259],
    [103, 175, 513, 910, 167],
    [0, 2, 5, 9, 1]
  ],
  "W": [
    [11, 3, 132, 97, 11, 14],
    [62, 22, 361, 266, 31, 38],
    [18, 27, 142, 54, 4, 4],
    [19, 10, 142, 69, 7, 15],
    [0, 0, 12, 5, 0, 3],
    [144, 81, 801, 681, 48, 102],
    [68, 118, 1114, 281, 40, 127],
    [6, 8, 42, 20, 0, 7],
    [33, 26, 334, 110, 17, 18],
    [0, 2, 6, 0, 0, 2],
    [1, 0, 5, 3, 0, 3],
    [214, 237, 1666, 807, 97, 151],
    [153, 138, 970, 540, 48, 92],
    [1, 1, 28, 3, 0, 1],
    [5, 2, 80, 23, 3, 3],
    [105, 53, 1199, 356, 114, 153],
    [0, 2, 2, 6, 2, 0],
    [15, 6, 63, 49, 3, 15],
    [3, 3, 7, 7, 0, 1],
    [14, 3, 95, 44, 10, 19],
    [95, 53, 371, 292, 29, 32],
    [1, 1, 15, 2, 0, 6],
    [75, 61, 513, 276, 60, 73],
    [53, 39, 371, 145, 26, 36],
    [7, 1, 30, 21, 1, 5],
    [11, 3, 70, 58, 2, 9],
    [0, 3, 9, 2, 0, 0],
    [1, 5, 47, 12, 5, 8],
    [0, 2, 15, 4, 1, 1],
    [3, 1, 35, 8, 10, 5],
    [113, 32, 424, 389, 42, 73],
    [2, 2, 29, 9, 4, 1],
    [42, 39, 543, 180, 24, 50],
    [233, 179, 1315, 790, 67, 136],
    [17, 18, 175, 89, 11, 29],
    [300, 182, 1691, 988, 93, 149],
    [1, 1, 3, 4, 0, 1],
    [6, 16, 66, 30, 5, 13],
    [22, 6, 107, 65, 12, 17],
    [32, 4, 19, 98, 2, 16],
    [14, 9, 50, 25, 2, 4],
    [8, 2, 65, 10, 6, 4],
    [7, 8, 128, 38, 8, 17],
    [20, 21, 228, 87, 18, 26],
    [35, 29, 215, 121, 6, 23],
    [22, 10, 94, 74, 5, 17],
    [23, 13, 173, 63, 8, 19],
    [8, 12, 113, 26, 8, 11],
    [12, 18, 66, 35, 10, 12],
    [35, 6, 87, 99, 3, 8],
    [30, 6, 50, 101, 7, 7],
    [52, 17, 253, 119, 13, 15],
    [16, 4, 52, 76, 11, 5],
    [28, 14, 162, 96, 24, 13],
    [32, 13, 205, 86, 13, 9],
    [0, 0, 6, 0, 0, 0],
    [0, 2, 11, 0, 1, 0],
    [19, 17, 167, 69, 14, 28],
    [2, 0, 21, 1, 2, 1],
    [27, 26, 93, 98, 4, 20],
    [2, 1, 14, 5, 1, 2],
    [13, 12, 185, 62, 19, 19],
    [11, 6, 69, 22, 11, 12],
    [1, 11, 30, 25, 6, 7],
    [1, 0, 1, 4, 1, 1],
    [1, 5, 34, 20, 3, 9],
    [5, 4, 30, 11, 4, 3],
    [9, 1, 23, 15, 3, 7],
    [4, 0, 33, 22, 2, 1],
    [33, 14, 104, 84, 4, 11],
    [1, 1, 4, 18, 1, 2],
    [1, 1, 5, 3, 1, 0],
    [1, 0, 7, 7, 3, 1],
    [6, 0, 38, 3, 2, 4],
    [42, 30, 135, 159, 20, 33],
    [1, 2, 6, 2, 0, 0],
    [1, 1, 9, 6, 2, 0],
    [10, 6, 30, 25, 6, 6],
    [9, 5, 74, 38, 5, 15],
    [13, 11, 72, 63, 24, 11],
    [12, 6, 40, 57, 3, 10],
    [16, 8, 56, 56, 13, 5],
    [7, 2, 22, 45, 3, 4],
    [47, 15, 98, 188, 9, 18],
    [1, 1, 5, 0, 2, 3],
    [0, 1, 2, 1, 0, 3],
    [11, 1, 47, 31, 2, 8],
    [37, 4, 53, 124, 11, 14],
    [4, 0, 14, 19, 2, 3],
    [27, 13, 76, 59, 8, 7],
    [1, 1, 17, 12, 5, 4],
    [0, 1, 2, 0, 0, 3],
    [0, 1, 10, 2, 1, 5],
    [4, 0, 19, 11, 3, 4],
    [6, 2, 30, 27, 2, 4],
    [1, 2, 40, 4, 4, 4],
    [1, 0, 18, 3, 6, 3],
    [23, 3, 70, 42, 4, 8],
    [0, 0, 2, 4, 0, 1],
    [11, 0, 26, 41, 2, 4],
    [2, 4, 38, 18, 5, 6],
    [17, 1, 23, 47, 5, 9],
    [1, 0, 19, 3, 1, 2],
    [4, 6, 42, 12, 4, 10],
    [11, 4, 60, 43, 3, 5],
    [2, 2, 5, 3, 2, 3],
    [17, 4, 15, 21, 3, 3],
    [3, 0, 16, 12, 2, 1],
    [3, 2, 6, 10, 3, 1],
    [19, 4, 116, 59, 13, 18],
    [49, 2, 66, 134, 10, 10],
    [12, 8, 116, 54, 15, 21],
    [19, 2, 79, 82, 8, 13],
    [9, 1, 38, 22, 1, 7],
    [17, 17, 79, 35, 9, 17],
    [27, 16, 141, 63, 13, 14],
    [87, 36, 309, 231, 23, 42],
    [3, 1, 2, 13, 3, 3],
    [1, 0, 10, 4, 0, 3],
    [25, 99, 366, 111, 10, 73],
    [179, 238, 1700, 604, 70, 319],
    [136, 95, 982, 393, 57, 205],
    [0, 0, 13, 4, 0, 0]
  ],
  "method": "mult",
  "cond_prob": [
    [
      [0.11573960736, 2.2697216006e-06, 0.86424557177, 0.01785316594, 0.0021593852082],
      [5.3979072856e-06, 0.1545848647, 0.15115973779, 0.68785807264, 0.0063919269626],
      [0.0043640998396, 0.020200871789, 0.041610389028, 0.87188460238, 0.061940036967],
      [0.029704229558, 1.4199113694e-06, 0.94374806216, 0.018789011405, 0.0077572769649],
      [0.052080506312, 2.134101446e-05, 0.21161695274, 0.51486610086, 0.22141509907],
      [0.049756507851, 0.062095205731, 0.048278545412, 0.15465801624, 0.68521172477]
    ],
    [
      [0.14794015202, 2.6587934314e-06, 0.83431380388, 0.016665990483, 0.0010773948208],
      [7.2284604457e-06, 0.18315258267, 0.15153365809, 0.66200955324, 0.0032969775391],
      [0.0061548360223, 0.021708860427, 0.086546494513, 0.86714288666, 0.018446922376],
      [0.039514630152, 1.7143352737e-06, 0.93841770183, 0.018077529725, 0.0039884239599],
      [0.077827127117, 2.9030474384e-05, 0.23812757752, 0.55663286398, 0.12738340091],
      [0.096897978511, 0.10874273064, 0.070906725606, 0.21841249062, 0.50504007462]
    ],
    [
      [0.09339023624, 3.193099716e-06, 0.88932867831, 0.01626811899, 0.0010097733588],
      [4.33192104e-06, 0.21493593668, 0.15519628036, 0.62687219913, 0.0029912519121],
      [0.0042423716358, 0.025781516352, 0.090304138798, 0.85738662426, 0.022285348951],
      [0.023481885825, 1.965802039e-06, 0.95609698218, 0.016848610528, 0.003570555662],
      [0.050319826267, 3.6062004744e-05, 0.26090881739, 0.5632578674, 0.12547742693],
      [0.061785218473, 0.13386162765, 0.076431050985, 0.21746684955, 0.51045525334]
    ],
    [
      [0.20170659436, 4.1373628367e-06, 0.77988452832, 0.016969179973, 0.001435559983],
      [8.7586463887e-06, 0.26052433654, 0.12685099074, 0.60865864234, 0.0039572717372],
      [0.0076228445669, 0.037985448097, 0.037012251857, 0.87973249934, 0.037646956134],
      [0.055860059245, 2.7933853842e-06, 0.91929765161, 0.019273817994, 0.0055656777678],
      [0.098868051106, 4.2379847347e-05, 0.20778385236, 0.53296287256, 0.16034284413],
      [0.10257484977, 0.13335033282, 0.051461290896, 0.17389004671, 0.5387234798]
    ],
    [
      [4.7704895589e-17, 0, 0.97029761789, 0.026943974842, 0.0027584072714],
      [0, 0, 0.11856848253, 0.87486305632, 0.0065684611523],
      [0, 0, 0, 0.95404683672, 0.045953163279],
      [0, 0, 0.78042563716, 0.2107239897, 0.0088503731359],
      [8.3266726847e-17, 0, 0.15858221907, 0.61291250202, 0.22850527892],
      [0, 0, 0.032623938066, 0.16593933694, 0.80143672499]
    ],
    [
      [0.13033676769, 4.9736649994e-06, 0.85094597039, 0.017289200158, 0.0014230880902],
      [5.3881387018e-06, 0.28714447908, 0.1305109704, 0.57866669416, 0.0036724682324],
      [0.004663127657, 0.043921954774, 0.056717201779, 0.86062051165, 0.034077204137],
      [0.03435089756, 3.1568311521e-06, 0.94199978568, 0.018460587417, 0.0051855725145],
      [0.064993880674, 5.1391227538e-05, 0.23009849578, 0.54600451084, 0.15885172148],
      [0.068463100478, 0.16229881012, 0.057993443067, 0.18138673103, 0.52985791531]
    ],
    [
      [0.11653443063, 7.6115918115e-06, 0.86269709696, 0.019203745595, 0.0015571152266],
      [3.95005654e-06, 0.36046537026, 0.10854598141, 0.52768511166, 0.0032995866137],
      [0.0023568407194, 0.06644294294, 0.018960043928, 0.87596244726, 0.036277725147],
      [0.030316414047, 4.7738605859e-06, 0.94381048803, 0.020261694735, 0.0056066293325],
      [0.054200336812, 7.3409695656e-05, 0.21756408427, 0.56597568865, 0.16218648056],
      [0.053249970313, 0.21608545231, 0.051128914631, 0.17537458349, 0.50416107925]
    ],
    [
      [0.24070740187, 1.7524827179e-06, 0.74055669901, 0.016988432731, 0.0017457139113],
      [1.1741533564e-05, 0.13357220735, 0.13877329788, 0.72199078973, 0.0056519635011],
      [0.010909381682, 0.013477213243, 0.024231453944, 0.89554965551, 0.055832295619],
      [0.066785559448, 1.2249035314e-06, 0.9062272117, 0.01997612758, 0.0070098763726],
      [0.1102116139, 1.7156571681e-05, 0.18549956925, 0.51434510758, 0.1899265527],
      [0.10882234813, 0.052192053146, 0.043458303337, 0.15850500037, 0.63702229501]
    ],
    [
      [0.14483588004, 4.7385012211e-06, 0.83357268145, 0.020181165513, 0.0014055344946],
      [5.4811183234e-06, 0.2545676753, 0.11761900236, 0.62445784242, 0.0033499988091],
      [0.0016647398347, 0.037933940963, 0.0064172343791, 0.92536921237, 0.028614872457],
      [0.038391694502, 3.0444801651e-06, 0.93460718437, 0.02181299951, 0.0051850771424],
      [0.065829820005, 4.4827075252e-05, 0.20568879346, 0.58409903348, 0.14433752599],
      [0.073447611643, 0.15055837983, 0.054841744398, 0.20531595499, 0.51583630914]
    ],
    [
      [1.3877787808e-17, 0.0004817092285, -0, 0.87455405017, 0.12496424061],
      [0, 0.53198307848, 0, 0.46332551023, 0.0046914112963],
      [0, 0.099190526409, 0, 0.81632493004, 0.084484543549],
      [5.5511151231e-17, 0.00021979760682, -0, 0.6714506707, 0.32832953169],
      [0, 0.00010859393255, 0, 0.65375129215, 0.34614011391],
      [0, 0.1704453423, 0, 0.087699699648, 0.74185495806]
    ],
    [
      [1.4919533857e-32, 8.6936018842e-06, 0.97842523322, 0.017594971026, 0.0039711021569],
      [0, 0.5092346983, 0.075686269798, 0.40875506945, 0.006323962449],
      [0, 0.064567438568, 0, 0.74437740939, 0.19105515205],
      [4.7895943605e-48, 0.089890991545, 0.65406065073, 0.016309994881, 0.23973836284],
      [0, 6.7609264672e-05, 0.16711085392, 0.46794686245, 0.36487467437],
      [0, 0.13582704631, 0.019797604865, 0.070529332465, 0.77384601636]
    ],
    [
      [0.13735328929, 5.0144619751e-06, 0.84339758545, 0.017981441585, 0.0012626692191],
      [5.5534947072e-06, 0.28236282585, 0.12645009358, 0.58799684095, 0.0031846861302],
      [0.0036706081753, 0.0432860015, 0.04030618308, 0.88563318485, 0.027104022396],
      [0.03645035105, 3.2030998341e-06, 0.93959342625, 0.019322620015, 0.0046303995856],
      [0.068163472592, 5.1545570001e-05, 0.2269204906, 0.56474251812, 0.14012197312],
      [0.075910970567, 0.17189982687, 0.060469940093, 0.19840036841, 0.49331889406]
    ],
    [
      [0.11477356591, 5.9476111769e-06, 0.86684892497, 0.01722158904, 0.001149972469],
      [4.4952789026e-06, 0.32509707487, 0.12596389248, 0.5461224353, 0.0028121020697],
      [0.0035498030687, 0.053379558007, 0.059381962023, 0.85988260548, 0.023806071421],
      [0.029873379847, 3.7285781988e-06, 0.9478218088, 0.018162246094, 0.0041388366803],
      [0.059375675823, 6.3760818146e-05, 0.24316586635, 0.56421168772, 0.13318300929],
      [0.065370190593, 0.21035270071, 0.06405278063, 0.19591629987, 0.4643080282]
    ],
    [
      [0, 2.0832137739e-05, 0.95213582874, 0.045593943388, 0.0022493957322],
      [8.8798066752e-18, 0.46010335035, 0.03978796535, 0.49825149623, 0.0018571880675],
      [0, 0.072026961745, 0, 0.9111355131, 0.016837525152],
      [5.481694393e-17, 0.077600451779, 0.32900410935, 0.58617309447, 0.0072223444059],
      [1.6653345369e-16, 0.00010902197821, 0.11350556191, 0.74448475065, 0.14190066546],
      [0, 0.29031953332, 0.021063877863, 0.18584091008, 0.50277567873]
    ],
    [
      [0.34314283112, 9.7299407881e-07, 0.63860001459, 0.016422201681, 0.0018339796218],
      [1.8724020519e-05, 0.08357656523, 0.13411067011, 0.77565853539, 0.0066355052548],
      [0.011857203407, 0.0093707545273, 0.013277431665, 0.91215124106, 0.053343369338],
      [0.10550559296, 7.5306046461e-07, 0.86495620723, 0.021382318209, 0.0081551285444],
      [0.15529590179, 9.4102025628e-06, 0.15841856013, 0.48864004083, 0.19763608706],
      [0.14771859349, 0.027712030462, 0.035778535663, 0.14558639817, 0.64320444221]
    ],
    [
      [0.14375587123, 3.2312388132e-06, 0.8338839791, 0.020849205512, 0.0015077129217],
      [5.8484226166e-06, 0.18351235655, 0.12583833193, 0.68681317077, 0.0038302923338],
      [0.001362860058, 0.024527193595, 0.0058282488542, 0.94052343847, 0.027758259024],
      [0.03830638245, 2.0740901631e-06, 0.93362202635, 0.02251353163, 0.0055559854794],
      [0.06378958652, 2.9715007171e-05, 0.20059260369, 0.58588855108, 0.1496995437],
      [0.074262544639, 0.10366846285, 0.055867202774, 0.2151373893, 0.55106440044]
    ],
    [
      [0, 7.1815178658e-06, 0.98387006346, 0.016122755021, 0],
      [0, 0.43918097128, 0.17309272614, 0.38772630257, 0],
      [0, 0.060729049998, 0.036070453189, 0.90320049681, 0],
      [0, 0, 1, 0, 0],
      [0, 8.9978719427e-05, 0.29083682067, 0.70907320061, 0],
      [1.6653345369e-16, 0.57078153624, 0.10741803078, 0.32180043298, -0]
    ],
    [
      [0.1021114815, 5.6579445188e-06, 0.87999153304, 0.016475142692, 0.0014161848203],
      [3.9946734497e-06, 0.32858704674, 0.12937946436, 0.53848870561, 0.0035407886086],
      [0.0043187496568, 0.051875085354, 0.075884581136, 0.83374839017, 0.034173193679],
      [0.025812761793, 3.5041069561e-06, 0.95198146465, 0.017165356965, 0.005036912488],
      [0.051839447814, 6.0232201788e-05, 0.24295782212, 0.54018611951, 0.16495637836],
      [0.051725260648, 0.18399400502, 0.057810424841, 0.16894207968, 0.53752822982]
    ],
    [
      [0.18529106955, 0, 0.79815907922, 0.01654985123, 0],
      [6.679451734e-06, 0.24124058723, 0.12516195646, 0.63359077686, 0],
      [0, 0, 0.069474594395, 0.93052540561, 0],
      [0.034480711273, 0, 0.94698765423, 0.018531634495, 0],
      [0.098750967306, 3.966213254e-05, 0.23950984297, 0.66169952759, 0],
      [0.20274177407, 0.27627823832, 0.11480115259, 0.40617883502, 0]
    ],
    [
      [0.1538416681, 2.2962048056e-06, 0.82774887228, 0.017435693582, 0.0009714698345],
      [7.3146443769e-06, 0.16065206671, 0.14746253734, 0.68893355492, 0.0029445263894],
      [0.0029826930168, 0.017158157079, 0.063891819126, 0.91114525862, 0.0048220721552],
      [0.040749237969, 1.4873645497e-06, 0.93663610633, 0.018999746379, 0.0036134219548],
      [0.079032614206, 2.4704267253e-05, 0.23085552681, 0.57619379279, 0.11389336192],
      [0.10418664492, 0.099351275988, 0.072571653282, 0.23854596249, 0.48534446332]
    ],
    [
      [0.1073480226, 3.9706006869e-06, 0.87347309773, 0.01785815572, 0.0013167533436],
      [4.5854829254e-06, 0.23835839688, 0.13860837968, 0.61950921947, 0.0035194184938],
      [0.0032843970852, 0.032037525607, 0.061235951725, 0.87654160783, 0.026900517755],
      [0.02771240696, 2.4727294008e-06, 0.94886791064, 0.018709132552, 0.0047080771162],
      [0.053400309539, 4.0975396546e-05, 0.23569233456, 0.56367509454, 0.14719128596],
      [0.060704740456, 0.13996235734, 0.064086434137, 0.20196580075, 0.53328066733]
    ],
    [
      [0, 8.7702171333e-06, 0.96450880479, 0.032233317658, 0.0032491073394],
      [0, 0.32125046751, 0.064829262191, 0.60935780662, 0.0045624636821],
      [0, 0.041948286553, 0, 0.89892419691, 0.059127516538],
      [0, 0.0070260774759, 0.48533096651, 0.45109820111, 0.056544754903],
      [0, 5.495222539e-05, 0.13094053551, 0.6398507919, 0.22915372036],
      [0, 0.17257738484, 0, 0.16205825331, 0.66536436185]
    ],
    [
      [0.12395571032, 4.0535500015e-06, 0.85575912119, 0.018975839166, 0.001305275773],
      [5.0926414787e-06, 0.23342814531, 0.13055514898, 0.63265737539, 0.003354237684],
      [0.0022121915188, 0.032154864851, 0.030813463725, 0.91100613831, 0.0238133416],
      [0.032455884414, 2.5597294365e-06, 0.94265103032, 0.020158383825, 0.0047321417076],
      [0.059475559922, 4.0341254973e-05, 0.22267137494, 0.57738892799, 0.1404237959],
      [0.069065741537, 0.14057543138, 0.061848329682, 0.21139059723, 0.51711990017]
    ],
    [
      [0.080996708933, 3.7445308219e-06, 0.89703457506, 0.020697448067, 0.001267523405],
      [3.1696194705e-06, 0.20666686722, 0.1305664804, 0.65965114497, 0.0031123377873],
      [0.00030296795462, 0.027332267043, 0.015698416247, 0.9375253016, 0.019141047156],
      [0.020422212333, 2.2822596756e-06, 0.95391826852, 0.02122174901, 0.0044354878814],
      [0.037358127272, 3.5879839082e-05, 0.22444118835, 0.60661835615, 0.13154644839],
      [0.046169933414, 0.13328496782, 0.066315070169, 0.23626452332, 0.51796550528]
    ],
    [
      [0.33225792566, 2.6412753523e-33, 0.65555816759, 0.010033265544, 0.0021506412079],
      [2.9026705581e-05, 0, 0.21983123473, 0.76768446069, 0.012455277875],
      [0.056478318532, 1.0576030792e-16, 0.14706592004, 0.67027452133, 0.1261812401],
      [0.10086700967, 0, 0.87679533698, 0.012895858177, 0.0094417951713],
      [0.17730885377, 0, 0.19134027537, 0.35601593958, 0.27533493129],
      [0.13685997617, 0, 0.035048327812, 0.085403615859, 0.74268808016]
    ],
    [
      [0.17353933903, 5.3514015815e-06, 0.80808707614, 0.017305108617, 0.001063124812],
      [6.7526305357e-06, 0.31407285713, 0.118716116, 0.56455003336, 0.0026542408818],
      [0.0049073885306, 0.047369256779, 0.040404554007, 0.88726604615, 0.02005275453],
      [0.04655360038, 3.5270831793e-06, 0.93023041677, 0.019187884351, 0.0040245714164],
      [0.087665430452, 5.6799204936e-05, 0.22258393785, 0.56550982085, 0.12418401164],
      [0.096898903625, 0.19350626883, 0.058671442855, 0.19593928226, 0.45498410243]
    ],
    [
      [0, 1.126240743e-05, 0.99100052735, 0.0089882102464, 0],
      [0, 0.66204431526, 0.085752920341, 0.2522027644, 0],
      [1.8503717077e-17, 0.22376165265, 0.084345432863, 0.69189291448, 0],
      [0, 6.0901741917e-06, 0.99181617161, 0.0081777382205, 0],
      [1.1102230246e-16, 0.00023291526479, 0.39871524857, 0.60105183617, 0],
      [0, 0.74736570603, 0.08299202146, 0.16964227251, -0]
    ],
    [
      [6.3478650967e-31, 6.57520961e-06, 0.98419272225, 0.014456875133, 0.0013438274102],
      [1.9124484348e-32, 0.38677562828, 0.13897786543, 0.47090728925, 0.0033392170489],
      [0, 0.069205402933, 0.096736185851, 0.79940087456, 0.034657536652],
      [0, 3.7360984692e-06, 0.98179074093, 0.01381946987, 0.0043860531056],
      [0, 7.8020299582e-05, 0.29407382503, 0.52978346739, 0.17606468728],
      [0, 0.22662830136, 0.065307399918, 0.15555182485, 0.55251247388]
    ],
    [
      [0, 0, 0.98001599952, 0.018871606594, 0.0011123938873],
      [0, 0, 0.16266278884, 0.83368054121, 0.0036566699422],
      [0, 0, 0.031379511384, 0.96239532065, 0.0062251679626],
      [0, 0, 0.9787026323, 0.017721625854, 0.0035757418482],
      [0, 0, 0.23260201159, 0.62374552633, 0.14365246208],
      [0, 0, 0.056569210778, 0.20207707802, 0.7413537112]
    ],
    [
      [0.085062855986, 6.153790304e-06, 0.89388332357, 0.018773820616, 0.0022738460364],
      [2.7945012044e-06, 0.33870760264, 0.11132244026, 0.54494838496, 0.0050187776399],
      [0.0020853233223, 0.054898979899, 0.0099462649642, 0.864601246, 0.06846818582],
      [0.020290356124, 3.7315592324e-06, 0.95263285103, 0.019151922276, 0.0079211390068],
      [0.036022518871, 5.6077721202e-05, 0.2038641372, 0.53001414689, 0.23004311932],
      [0.029854856713, 0.14784380197, 0.039840826995, 0.13686593925, 0.64559457507]
    ],
    [
      [0.17534328433, 4.2414689482e-06, 0.80776777904, 0.015419509615, 0.0014651855456],
      [8.1382335667e-06, 0.27615608733, 0.13916853095, 0.58041731793, 0.0042499255586],
      [0.011619794741, 0.040051009199, 0.089924984573, 0.81547811856, 0.042926092932],
      [0.047985727772, 2.797697178e-06, 0.92935291175, 0.017110056608, 0.0055485061764],
      [0.091345232591, 4.5810806941e-05, 0.22820410661, 0.50930337764, 0.17110147235],
      [0.092550789109, 0.13942309124, 0.055312320169, 0.16267075467, 0.55004304481]
    ],
    [
      [4.6222318665e-33, 2.8213039675e-06, 0.97657794163, 0.02267782229, 0.00074141477241],
      [1.0168910106e-31, 0.17082260497, 0.12779471863, 0.69965019868, 0.0017324777196],
      [0, 0.018187729131, 0, 0.97611157696, 0.0057006939101],
      [0, 1.6024816235e-06, 0.97449698432, 0.023079577004, 0.0024218361951],
      [1.5407439555e-33, 2.7267277681e-05, 0.23480041664, 0.68193933202, 0.083232984059],
      [0, 0.13078151119, 0.081580154037, 0.31263470514, 0.47500362963]
    ],
    [
      [0.10804371727, 3.2108778683e-06, 0.86920711682, 0.021184011196, 0.0015619438353],
      [4.3071246312e-06, 0.18008357323, 0.1288737859, 0.68713338032, 0.0039049534248],
      [0.0010215013695, 0.023698692541, 0.0066861902511, 0.93980594153, 0.028787674313],
      [0.027844843639, 1.9995793964e-06, 0.94437546699, 0.022193167319, 0.0055845224719],
      [0.047473324468, 2.9301942701e-05, 0.20720595903, 0.59107848104, 0.15421293353],
      [0.055117780216, 0.10214305133, 0.057521901242, 0.21633579573, 0.56888147148]
    ],
    [
      [0.11374713269, 2.6717168341e-06, 0.86601943109, 0.019036113759, 0.0011946507402],
      [5.076456529e-06, 0.16614378939, 0.14332499393, 0.68720004488, 0.0033260953387],
      [0.002158921225, 0.019250559191, 0.042913630752, 0.91670658976, 0.018970299076],
      [0.029598002717, 1.673448871e-06, 0.94604611065, 0.020058376966, 0.0042958362227],
      [0.055340638998, 2.6925266864e-05, 0.22843602332, 0.58619713802, 0.12999927439],
      [0.070343992846, 0.10251491056, 0.069479656103, 0.23503886676, 0.52262257373]
    ],
    [
      [0.10194199297, 4.6411123574e-06, 0.88030508231, 0.016471844943, 0.0012764386729],
      [4.3273608359e-06, 0.28214594651, 0.13963546027, 0.5747882593, 0.0034260065545],
      [0.0039755567531, 0.040693592951, 0.080881919855, 0.84788675859, 0.02656217185],
      [0.02598970229, 2.8763122251e-06, 0.95229197777, 0.017173341842, 0.0045421017877],
      [0.053049015777, 5.0369806316e-05, 0.24882641742, 0.54767594966, 0.15039824734],
      [0.05774355579, 0.16548638751, 0.064688369941, 0.18761187397, 0.52446981279]
    ],
    [
      [0.13887133806, 2.6163873426e-06, 0.84136667248, 0.018624371916, 0.0011350011588],
      [6.3434678893e-06, 0.16642434995, 0.14248970395, 0.68784640653, 0.0032331961025],
      [0.0032097575194, 0.019777520511, 0.043094546109, 0.91448457482, 0.019433601036],
      [0.036921980382, 1.6740329988e-06, 0.93886073814, 0.020046519804, 0.0041690876401],
      [0.068499568933, 2.6728011916e-05, 0.22499336017, 0.5813073775, 0.12517296538],
      [0.08765347368, 0.10242990979, 0.068893979113, 0.23465556198, 0.50636707544]
    ],
    [
      [1.7604767635e-32, 0, 0.98059173689, 0.019408263109, 0],
      [0, 0.41932585421, 0.070214214781, 0.51045993101, 0],
      [0, 0, 0.027541395812, 0.97245860419, 0],
      [0, 0, 0.94486211647, 0.055137883526, 0],
      [0, 8.8973110979e-05, 0.24156967485, 0.75834135204, 0],
      [0, 0.58067414579, 0.087121394994, 0.33220445922, 0]
    ],
    [
      [0.16387172516, 5.2184998351e-06, 0.81690407195, 0.017674756008, 0.0015442283808],
      [6.3191916284e-06, 0.29963278096, 0.1193065887, 0.57719266995, 0.0038616411984],
      [0.0050976015296, 0.047948076522, 0.023383251084, 0.88132697874, 0.042244092127],
      [0.04316114744, 3.4038060173e-06, 0.93165652633, 0.019394399611, 0.0057845228157],
      [0.077471127688, 5.212202087e-05, 0.21036105089, 0.54317918773, 0.16893651167],
      [0.076772059953, 0.1569929553, 0.049605733323, 0.16873540163, 0.54789384979]
    ],
    [
      [0.25111511264, 1.4458232122e-06, 0.73155376637, 0.016480594445, 0.00084908071658],
      [1.3569866093e-05, 0.11385590795, 0.14783522398, 0.73538683968, 0.0029084585313],
      [0.010128706104, 0.011181630986, 0.061630892177, 0.90864576321, 0.0084130075253],
      [0.072977451262, 1.0232539651e-06, 0.90394892672, 0.019621944559, 0.0034506542078],
      [0.13230407367, 1.5906949564e-05, 0.20931441115, 0.55655401148, 0.10181159675],
      [0.18002537256, 0.065890637283, 0.067991009565, 0.23799615805, 0.44809682255]
    ],
    [
      [0.22516381591, 0, 0.77483618409, 0, 0],
      [1.4758078532e-05, 0.095275030159, 0.18635142575, 0.71364990424, 0.004708881768],
      [0.0087409280786, 0, 0.2348394393, 0.75641963262, 0],
      [0.066625586275, 0, 0.93337441373, 0, 0],
      [0.12913105065, 1.1584065441e-05, 0.2370379846, 0.48494396417, 0.14887541652],
      [0.17756572931, 0.038679794452, 0.06581990906, 0.17522121468, 0.54271335249]
    ],
    [
      [0.12125878494, 8.1811452715e-06, 0.8612481536, 0.016505136549, 0.00097974376232],
      [4.0657051625e-06, 0.41829241067, 0.10934463932, 0.47022770604, 0.002131178271],
      [0.0029872204058, 0.08233325351, 0.050527747952, 0.84518019643, 0.018971581698],
      [0.030824945112, 5.1507828881e-06, 0.94814379577, 0.017481782741, 0.0035443255969],
      [0.063873727791, 9.1052603668e-05, 0.24705847998, 0.56694476648, 0.12203197314],
      [0.063652078962, 0.27957005442, 0.058581210982, 0.17673370269, 0.42146295295]
    ],
    [
      [0.17128236959, 1.0490389687e-05, 0.81176464182, 0.015917195054, 0.001025303149],
      [5.1179732945e-06, 0.49541915487, 0.091917419558, 0.41063504481, 0.0020232627812],
      [0.0048978970446, 0.10304036727, 0.036918899101, 0.8301013718, 0.025041464782],
      [0.04478143781, 6.8835630858e-06, 0.93377568873, 0.017570882347, 0.0038651075482],
      [0.090156768014, 0.00011775568962, 0.23140638991, 0.55043636097, 0.12788272542],
      [0.080653128321, 0.32766963122, 0.04903108949, 0.15411904836, 0.38852710261]
    ],
    [
      [0.16298530968, 6.5248802318e-06, 0.81612923953, 0.019121841655, 0.0017570842555],
      [5.6701792139e-06, 0.33345139132, 0.10684366832, 0.55577613449, 0.0039231356905],
      [0.0036575007966, 0.057430227481, 0.0060972285388, 0.88633237011, 0.046482673073],
      [0.043210229325, 4.2513672996e-06, 0.9292517181, 0.020959742564, 0.0065740586449],
      [0.072699374081, 6.1162374247e-05, 0.19790076351, 0.54981999872, 0.17951870131],
      [0.068665509519, 0.17533077805, 0.044537019291, 0.16319790889, 0.54826878426]
    ],
    [
      [0.1951692429, 1.1357938502e-05, 0.78726644773, 0.016403988701, 0.0011489627361],
      [5.9718929305e-06, 0.49603231305, 0.089927134826, 0.41181439073, 0.0022201894963],
      [0.0054553337574, 0.11859351219, 0.021279981346, 0.82325338011, 0.031417792589],
      [0.053979742691, 7.6294466778e-06, 0.92304419146, 0.018537057738, 0.0044313786689],
      [0.10115044081, 0.00012268963205, 0.22153332968, 0.5424947581, 0.13469878178],
      [0.089835695652, 0.32849620431, 0.046996956779, 0.15170837252, 0.38296277075]
    ],
    [
      [0.11292466987, 5.3271756565e-06, 0.86841085005, 0.017519809882, 0.0011393430266],
      [4.4760269922e-06, 0.30037687109, 0.12838466486, 0.56838923225, 0.0028447557763],
      [0.0031652725524, 0.045894693369, 0.056753150291, 0.87255952248, 0.021627361307],
      [0.029150563896, 3.3336374878e-06, 0.94830857049, 0.018443728494, 0.0040938034782],
      [0.057646089352, 5.6606627289e-05, 0.24072724204, 0.57003146955, 0.13153859243],
      [0.064951234068, 0.19220792187, 0.06481900751, 0.20223224437, 0.47578959218]
    ],
    [
      [0.21668430925, 6.5869171383e-06, 0.76726328847, 0.014583308398, 0.0014625069702],
      [8.8058540801e-06, 0.38956239501, 0.11672648865, 0.48993305724, 0.0037692532429],
      [0.015035709922, 0.071619863734, 0.066244019263, 0.79479665188, 0.052303755202],
      [0.0608656604, 4.507369112e-06, 0.91659492057, 0.016787989389, 0.0057469222766],
      [0.11388358465, 7.2308087259e-05, 0.21915536173, 0.49171043082, 0.17517831471],
      [0.10270727132, 0.198309933, 0.047188472121, 0.13929929396, 0.5124950296]
    ],
    [
      [0.098236326864, 7.2493392979e-06, 0.88494508846, 0.015652699137, 0.0011586362015],
      [3.6768699964e-06, 0.39076359665, 0.12382914712, 0.48265592912, 0.0027476502346],
      [0.0041938156302, 0.070383713219, 0.078714311616, 0.81925224982, 0.027455909711],
      [0.024933524362, 4.4794026708e-06, 0.95468027285, 0.016270830924, 0.0041108924636],
      [0.053289995846, 8.2100103703e-05, 0.26067510586, 0.54316827516, 0.14278452303],
      [0.053571293537, 0.24960974308, 0.062560531951, 0.17181121432, 0.4624472171]
    ],
    [
      [0.08068190917, 8.0548686775e-06, 0.8986613476, 0.018817316722, 0.0018313716402],
      [2.5809011633e-06, 0.38143918051, 0.10843366431, 0.50634064661, 0.0037839276723],
      [0.0016584125389, 0.07192918819, 0.021291360324, 0.85985399761, 0.045267041336],
      [0.019849162843, 4.8930460631e-06, 0.95452712909, 0.019229997478, 0.0063888175396],
      [0.036520235654, 7.6871507701e-05, 0.22109965837, 0.55111705918, 0.19118617528],
      [0.03262481998, 0.20853863075, 0.047007173411, 0.15463232445, 0.55719705141]
    ],
    [
      [0.1196437574, 6.0601759115e-06, 0.86080834852, 0.019541833907, 0],
      [4.2594286447e-06, 0.31735920153, 0.11526106499, 0.56737547406, 0],
      [0, 0.045607954043, 0.031648445717, 0.92274360024, 0],
      [0.0267018371, 3.8160765912e-06, 0.9472185098, 0.026075837025, 0],
      [0.06162930895, 6.5580210635e-05, 0.24099557357, 0.632119583, 0.065189954267],
      [0.084445071123, 0.2730456099, 0.078683304334, 0.2848176432, 0.27900837144]
    ],
    [
      [0.19007367095, 7.3554752976e-06, 0.79028883685, 0.017533289507, 0.0020968472209],
      [6.7060982514e-06, 0.38116916579, 0.10420940152, 0.50993924533, 0.0046754812615],
      [0.0053072939354, 0.063102408324, 0.035572864761, 0.84882500851, 0.047192424472],
      [0.051182080633, 0.0084126558115, 0.876131724, 0.03959229945, 0.024681240105],
      [0.085472335315, 6.895983738e-05, 0.19310677735, 0.5052398735, 0.216112054],
      [0.070275464914, 0.17371977932, 0.037929257344, 0.13044579863, 0.58762969979]
    ],
    [
      [0.090632562068, 9.6831889201e-07, 0.89148276378, 0.016703686669, 0.0011800191603],
      [4.8498212159e-06, 0.077357086153, 0.17842892965, 0.74021470061, 0.0039944337697],
      [0.0028384166224, 0.004927840323, 0.12543302468, 0.85163868012, 0.015162038251],
      [0.023651269518, 0, 0.97634873048, 0, 0],
      [0.047172536812, 1.0512543856e-05, 0.25221927181, 0.5593318998, 0.14126577903],
      [0.06001246127, 0.041337547079, 0.076647941883, 0.22290627022, 0.59909577955]
    ],
    [
      [0.13541470418, 7.9802991124e-06, 0.84577313384, 0.017222382727, 0.0015817989514],
      [4.7227328463e-06, 0.39608125065, 0.10985916479, 0.49058600596, 0.0034688558726],
      [0.003766326387, 0.074756829967, 0.034114424403, 0.84703736314, 0.040325056108],
      [0.035630985098, 5.0835698545e-06, 0.94012205155, 0.018456123908, 0.0057857558795],
      [0.066100388428, 8.1011663589e-05, 0.22405015537, 0.53517156735, 0.17459687719],
      [0.060405482934, 0.22340451235, 0.048937714089, 0.15403413353, 0.51321815709]
    ],
    [
      [0.10992468683, 2.3312677778e-06, 0.87134288626, 0.017008930797, 0.001721164851],
      [5.2091072034e-06, 0.16792147621, 0.15513142549, 0.6717476955, 0.0051941936965],
      [0.0032806921451, 0.01842609214, 0.063510868089, 0.87303163783, 0.041750709791],
      [0.029227959601, 0, 0.96514271111, 0, 0.0056293292884],
      [0.052849021447, 2.3458380605e-05, 0.22805583756, 0.52774248921, 0.1913291934],
      [0.053584803434, 0.073972392274, 0.055192543943, 0.16761075531, 0.64963950503]
    ],
    [
      [0.18385901163, 8.4805019466e-06, 0.80012940347, 0.01368398384, 0.0023191205566],
      [6.9259702122e-06, 0.45903349721, 0.11249371208, 0.42295313862, 0.0055127261203],
      [0.012281462457, 0.09309787065, 0.071017682823, 0.73804250933, 0.085560474742],
      [0.050212227401, 5.6215936654e-06, 0.92569492034, 0.015259815446, 0.0088274152187],
      [0.091106651621, 8.7550419623e-05, 0.2152923816, 0.43286661681, 0.26064679955],
      [0.065793871022, 0.19144597358, 0.037143892715, 0.098375147274, 0.60724111541]
    ],
    [
      [0.14584022664, 8.0661411572e-06, 0.83435092647, 0.017917581353, 0.0018831994043],
      [4.9393734429e-06, 0.39232543873, 0.10552701054, 0.49811413124, 0.0040284801249],
      [0.0030279163926, 0.073530855065, 0.016612186543, 0.85924916075, 0.047579881254],
      [0.038557684174, 5.1796638468e-06, 0.93513703713, 0.019355901324, 0.0069441977089],
      [0.067177438346, 7.7443287232e-05, 0.2087245289, 0.52685559297, 0.19716499649],
      [0.058117570871, 0.20269263087, 0.043135211767, 0.14348283505, 0.55257175144]
    ],
    [
      [0, 0, -0, 1, 0],
      [0, -0, 0, 1, 0],
      [0, 0, 0, 1, 0],
      [0, 0, -0, 1, 0],
      [0, 0, 0, 1, 0],
      [0, 0, 0, 1, -0]
    ],
    [
      [8.3266726847e-17, 0.001136160505, 0, 0.8373986558, 0.16146518369],
      [0, 0.74944936083, 0, 0.24704353534, 0.00350710383],
      [1.5770213418e-18, 0.22735282236, 0, 0.72596307098, 0.046684106659],
      [0, 0.00048474840003, -0, 0.60111944334, 0.39839580826],
      [5.5511151231e-17, 0.0002202324055, 0, 0.5203191485, 0.4794606191],
      [0, 0, 0, 0, 1]
    ],
    [
      [0.092477881864, 8.7169623419e-06, 0.89072442303, 0.015347851941, 0.0014411261995],
      [3.2396914705e-06, 0.43794792036, 0.11653821664, 0.44231645036, 0.003194172947],
      [0.004293298798, 0.091451969162, 0.072034033285, 0.78867998755, 0.043540711208],
      [0.023369093348, 5.3571606009e-06, 0.95567248991, 0.015867768649, 0.0050852909328],
      [0.049095056043, 9.6544555614e-05, 0.25667591454, 0.52082659083, 0.17330589403],
      [0.043788787319, 0.26001855763, 0.054662075487, 0.14617874743, 0.49535183213]
    ],
    [
      [0.21143282314, 6.6059600403e-06, 0.77561353315, 0.011622327935, 0.001324709812],
      [6.6813477821e-06, 0.50610615188, 0.095596404144, 0.39491227371, 0.0033784889205],
      [0.010677883946, 0.085683036948, 0.049911738156, 0.8063624007, 0.047364940252],
      [0.048296165874, 4.4090961142e-06, 0.93356023542, 0.013050726164, 0.0050884634476],
      [0.11365099909, 8.4445836289e-05, 0.21680936491, 0.46641845429, 0.20303673589],
      [0.077300626806, 0.2004697114, 0.033447467192, 0.09725729474, 0.59152489986]
    ],
    [
      [0.059403896274, 7.5003912059e-06, 0.9234916077, 0.015764040946, 0.0013329546847],
      [2.1768074773e-06, 0.39470046967, 0.12648658549, 0.47572338044, 0.0030873875926],
      [0.0018445395583, 0.071325788867, 0.089255791746, 0.80426264244, 0.033311237391],
      [0.015184166224, 0.0025592424026, 0.98137495164, 0, 0.00088163973072],
      [0.03170949677, 8.3482523461e-05, 0.26785814235, 0.53866667328, 0.16168220508],
      [0.030480487385, 0.24265736139, 0.061505445327, 0.16272352816, 0.50263317774]
    ],
    [
      [0.20291786368, 1.0678399775e-05, 0.78185730399, 0.014489361919, 0.00072479200871],
      [4.8302778708e-06, 0.56446943504, 0.076637107871, 0.35756291624, 0.0013257105665],
      [0.0048375104644, 0.12123319315, 0.027352294077, 0.83487182122, 0.01170518109],
      [0.048548181199, 7.1868738569e-06, 0.93223113538, 0.016406823334, 0.0028066732145],
      [0.10680971634, 0.00013002519236, 0.22796708514, 0.56044235322, 0.10465082011],
      [0.088441836764, 0.36903927223, 0.04379670251, 0.14138819651, 0.35733399199]
    ],
    [
      [0.26687487734, 3.349357862e-06, 0.71608271389, 0.015677681038, 0.0013613783735],
      [1.3002258434e-05, 0.2352633698, 0.13053304873, 0.62998224544, 0.0042083337773],
      [0.012908269783, 0.032640779906, 0.042291729089, 0.87129109478, 0.040868126438],
      [0.07855467955, 2.4026507986e-06, 0.89691598197, 0.018919489789, 0.0056074460441],
      [0.13557924321, 3.5549587574e-05, 0.19757832968, 0.50972554175, 0.15708133577],
      [0.14189710025, 0.11249617534, 0.049356795122, 0.16788194769, 0.52836798159]
    ],
    [
      [0.17896977553, 4.760347849e-06, 0.79929939881, 0.020434077777, 0.001291987537],
      [6.5328466341e-06, 0.26025154641, 0.10953711478, 0.62716832222, 0.0030364837451],
      [9.5211313371e-05, 0.037090481403, 0, 0.94125307918, 0.021561228101],
      [0.048039005963, 0.00070598687971, 0.89960654777, 0.046742389348, 0.0049060700368],
      [0.08013399114, 4.4865487401e-05, 0.19395355916, 0.59258039381, 0.1332871904],
      [0.090532638145, 0.1552641591, 0.052137560222, 0.20991965416, 0.49214598837]
    ],
    [
      [0.13980298792, 5.3621775681e-06, 0.84030484062, 0.01915731069, 0.00072949859058],
      [4.9080180697e-06, 0.29451987444, 0.11403380446, 0.59144141308, 0],
      [0, 0.039902627079, 0.01786135682, 0.9422360161, 0],
      [0.033279819522, 3.4316795718e-06, 0.94129184585, 0.025424902949, 0],
      [0.068307116703, 5.6150728944e-05, 0.22547260317, 0.62152468196, 0.084639447437],
      [0.08832926223, 0.22325350146, 0.06919297721, 0.26330514242, 0.35591911668]
    ],
    [
      [0.31176340008, 0, 0.68823659992, 0, 0],
      [1.9980820573e-05, 0, 0.20216588112, 0.79035205921, 0.0074620788449],
      [0.016560442797, 0, 0.43392345728, 0.54951609993, 0],
      [0.086672999374, 0, 0.91332700063, 0, 0],
      [0.25427539231, 0, 0.20403705398, 0.4079325786, 0.13375497511],
      [0.070708767313, 0, 0.020494886327, 0.042551321472, 0.86624502489]
    ],
    [
      [0.24603305759, 4.421480957e-06, 0.74024081541, 0.013212872814, 0.00050883270706],
      [1.1353360069e-05, 0.32663501771, 0.1322844458, 0.53949047452, 0.0015787086101],
      [0.0077144389951, 0.039695468061, 0.11435430324, 0.83823578971, 0],
      [0.068171373888, 3.1162875815e-06, 0.9158375423, 0.01566677645, 0.00032119107732],
      [0.14867221735, 5.7517478433e-05, 0.24533128117, 0.532808055, 0.073130929007],
      [0.18690834666, 0.22410441086, 0.073060661793, 0.20861757894, 0.30730900174]
    ],
    [
      [0.25139292342, 3.2450213973e-06, 0.72956841778, 0.01655949895, 0.0024759148285],
      [1.0832109164e-05, 0.23349666061, 0.12142279943, 0.63783778586, 0.0072319219918],
      [0.010412994143, 0.028326894368, 0.0062915496373, 0.86446972265, 0.090498839199],
      [0.069160874298, 2.2842488804e-06, 0.90120929962, 0.019610487123, 0.010017054712],
      [0.106181676, 2.9628762142e-05, 0.16817571565, 0.46973940701, 0.25587357257],
      [0.081701969635, 0.072015553212, 0.030571688603, 0.11236223194, 0.70334855661]
    ],
    [
