{
  "X": [
    [3, 6, 31, 8],
    [4, 9, 39, 4],
    [6, 21, 28, 7],
    [17, 11, 285, 34],
    [8, 13, 77, 13],
    [3, 2, 28, 2],
    [3, 13, 42, 6],
    [0, 9, 54, 11],
    [3, 39, 80, 18],
    [10, 44, 108, 22],
    [58, 250, 591, 86],
    [1, 6, 17, 4],
    [3, 1, 6, 0],
    [3, 0, 5, 1],
    [1, 5, 9, 3],
    [79, 253, 1080, 105],
    [59, 51, 1186, 153],
    [200, 869, 2033, 241],
    [147, 335, 1134, 120],
    [3, 3, 13, 2],
    [12, 14, 35, 8],
    [1, 4, 10, 0],
    [3, 2, 26, 4],
    [1, 1, 12, 0],
    [3, 5, 59, 13],
    [1, 0, 17, 4],
    [0, 0, 6, 0],
    [0, 1, 10, 0],
    [2, 5, 14, 2],
    [2, 5, 12, 0],
    [1, 0, 14, 0],
    [0, 0, 8, 1],
    [2, 1, 17, 1],
    [20, 76, 264, 43],
    [32, 96, 412, 51],
    [2, 18, 58, 11],
    [20, 71, 189, 28],
    [35, 47, 273, 46],
    [29, 66, 268, 37],
    [1, 0, 9, 2],
    [22, 11, 244, 25],
    [5, 12, 194, 16],
    [30, 10, 572, 58],
    [6, 11, 265, 25],
    [7, 27, 388, 38],
    [13, 5, 331, 51],
    [8, 5, 167, 29],
    [14, 43, 137, 19],
    [66, 217, 486, 79],
    [0, 15, 47, 4],
    [19, 142, 216, 72],
    [35, 174, 327, 71],
    [56, 169, 416, 74],
    [25, 125, 238, 44],
    [47, 168, 294, 52],
    [47, 115, 345, 43],
    [53, 111, 345, 46],
    [33, 141, 264, 48],
    [37, 125, 207, 30],
    [11, 38, 163, 22],
    [112, 453, 1917, 326],
    [87, 343, 1272, 204],
    [0, 1, 8, 1]
  ],
  "W": [
    [24, 10, 2, 12],
    [38, 11, 4, 3],
    [26, 30, 5, 1],
    [288, 16, 21, 22],
    [74, 14, 7, 16],
    [31, 2, 2, 0],
    [44, 14, 4, 2],
    [55, 12, 2, 5],
    [82, 47, 4, 7],
    [98, 60, 8, 18],
    [584, 297, 51, 53],
    [16, 10, 0, 2],
    [6, 2, 1, 1],
    [6, 0, 3, 0],
    [8, 5, 2, 3],
    [1042, 292, 73, 110],
    [1209, 59, 66, 115],
    [1945, 1038, 210, 150],
    [1056, 420, 152, 108],
    [14, 3, 3, 1],
    [33, 22, 8, 6],
    [8, 5, 2, 0],
    [28, 5, 2, 0],
    [12, 1, 1, 0],
    [67, 4, 4, 5],
    [19, 2, 1, 0],
    [6, 0, 0, 0],
    [10, 1, 0, 0],
    [13, 5, 0, 5],
    [10, 5, 4, 0],
    [14, 0, 1, 0],
    [8, 0, 0, 1],
    [18, 1, 1, 1],
    [252, 97, 20, 34],
    [398, 125, 37, 31],
    [60, 23, 2, 4],
    [179, 83, 16, 30],
    [265, 69, 36, 31],
    [265, 84, 22, 29],
    [10, 0, 1, 1],
    [245, 21, 21, 15],
    [187, 20, 7, 13],
    [575, 29, 30, 36],
    [271, 17, 8, 11],
    [383, 36, 12, 29],
    [344, 14, 10, 32],
    [175, 9, 9, 16],
    [127, 56, 25, 5],
    [423, 295, 67, 63],
    [43, 17, 3, 3],
    [192, 195, 24, 38],
    [335, 197, 33, 42],
    [374, 233, 60, 48],
    [212, 158, 34, 28],
    [263, 222, 38, 38],
    [336, 150, 36, 28],
    [335, 143, 49, 28],
    [253, 183, 29, 21],
    [202, 156, 30, 11],
    [146, 43, 14, 31],
    [1948, 560, 93, 207],
    [1265, 429, 76, 136],
    [9, 1, 0, 0]
  ],
  "method": "mult",
  "cond_prob": [
    [
      [0.016982211093, 0, 0.92450489857, 0.058512890336],
      [0.062577875044, 0.59908762027, 0.24388966003, 0.094444844654],
      [0.7468525342, 0.0045618986648, 0.24719408082, 0.0013914863153],
      [0.039411926244, 0, 0.48988313936, 0.4707049344]
    ],
    [
      [0.016372936251, 0.017139126803, 0.91634914354, 0.050138793407],
      [0.040181157712, 0.75617491569, 0.1362570772, 0.067386849404],
      [0.70591247781, 0.0072612245691, 0.28542398305, 0.0014023145766],
      [0.037395258802, 0.00058140354901, 0.51273625472, 0.44928708293]
    ],
    [
      [0.018248783088, 0.020112985813, 0.86473370223, 0.096904528869],
      [0.060319521969, 0.68148661535, 0.12949808576, 0.12869577692],
      [0.73675289188, 0.006411988848, 0.25442949461, 0.0024056246615],
      [0.032181521232, 0.00040396399352, 0.35983369613, 0.60758081864]
    ],
    [
      [0.0086361068614, 0.002973591218, 0.91626679884, 0.072123503084],
      [0.046837239073, 0.62623546703, 0.1979516026, 0.1289756913],
      [0.62651623383, 0.0055639219116, 0.36550852532, 0.0024113189338],
      [0.027571113101, 0.00031799529777, 0.46692078462, 0.50519010698]
    ],
    [
      [0.024061938309, 0.031064342678, 0.88611447027, 0.058759248746],
      [0.041796255691, 0.75971855601, 0.12521623753, 0.073268950764],
      [0.71320359769, 0.00790430718, 0.27725794872, 0.0016341464047],
      [0.040115237602, 0.00061554421042, 0.48335601461, 0.47591320358]
    ],
    [
      [0.040188309913, 0.013755889453, 0.88557799341, 0.060477807227],
      [0.049599139361, 0.782701805, 0.10605017915, 0.061648876494],
      [0.82748205699, 0.0040819084758, 0.16749092305, 0.00094511148598],
      [0.05065300843, 0.0004759459707, 0.43998218781, 0.50888885779]
    ],
    [
      [0.00053842556094, 0.049708053449, 0.86710758481, 0.082645936175],
      [0.026025484379, 0.76922177801, 0.11651655305, 0.088236184556],
      [0.64144544995, 0.010648144552, 0.3453054457, 0.0026009598008],
      [0.023085347107, 0.0005740889338, 0.4174063713, 0.55893419266]
    ],
    [
      [3.1540426836e-18, 0.006054188681, 0.88090430029, 0.11304151103],
      [0, 0.71835882024, 0.14403975965, 0.13760142011],
      [0, 0.022384597106, 0.96836233937, 0.0092530635272],
      [0, 0.00038891708508, 0.37701233788, 0.62259874504]
    ],
    [
      [0, 0.047252494191, 0.84901251273, 0.10373499308],
      [0.016630897069, 0.74613863131, 0.12434451095, 0.11288596067],
      [0.52930278749, 0.013301740781, 0.45325179871, 0.0041436730164],
      [0.014448098256, 0.00051040594695, 0.38911067808, 0.59593081772]
    ],
    [
      [0.015530500413, 0.0083019522924, 0.90306513783, 0.073102409465],
      [0.041432585876, 0.71859459493, 0.1447465145, 0.095226304689],
      [0.67511216026, 0.0077075969068, 0.31508670735, 0.0020935354797],
      [0.032842140268, 0.0005040113333, 0.46078510911, 0.50586873929]
    ],
    [
      [0.017715178742, 0.044714829883, 0.87375717431, 0.063812817066],
      [0.038840747778, 0.75214420758, 0.13068552592, 0.078329518725],
      [0.67081517, 0.009149577692, 0.31810055782, 0.0019346944876],
      [0.035982261401, 0.0006241742378, 0.48469963316, 0.4786939312]
    ],
    [
      [0.019097872697, 0, 0.88509129713, 0.095810830176],
      [0.06205462355, 0.59993575938, 0.20943518002, 0.12857443705],
      [0.97689319983, 0.00043770933917, 0.022483280375, 0.00018581045423],
      [0.036943900678, 0.00032120311696, 0.37209372287, 0.59064117334]
    ],
    [
      [0.17865390528, 0, 0.82134609472, 0],
      [0.38013132469, 0.49944227081, 0.12042640449, 0],
      [0.96680619741, 0.00054049287203, 0.032653309721, 0],
      [0.20100772155, 0.00057496550339, 0.79841731295, 0]
    ],
    [
      [0.084157817042, 0, 0.75071938722, 0.16512279573],
      [0.13110997287, 0, 0.25503588523, 0.61385414189],
      [0.83168436592, 0, 0.16522789222, 0.0030877418636],
      [0, 0, 0, 1]
    ],
    [
      [0, 0.058152836056, 0.84537003355, 0.09647713039],
      [0, 0.83185400851, 0.090380686074, 0.077765305415],
      [0.5, 0.16277243722, 0.33446220886, 0.002765353914],
      [0, 0.016654131518, 0.37207062782, 0.61127524066]
    ],
    [
      [0.015413714356, 0.029128848135, 0.9132292734, 0.042228164109],
      [0.038440169185, 0.75996370678, 0.14164980559, 0.059946318442],
      [0.65054069057, 0.0090892023857, 0.33891396434, 0.0014561427083],
      [0.038408271166, 0.00068023716608, 0.56647849534, 0.39443299633]
    ],
    [
      [0.01008202223, 0.0094082193691, 0.90766904459, 0.072840713813],
      [0.042489888348, 0.66324523046, 0.1779393321, 0.11632554909],
      [0.62260908686, 0.0068092946366, 0.36813831099, 0.002443307517],
      [0.027928104166, 0.00038765860783, 0.4681093563, 0.50357488093]
    ],
    [
      [0.012152710438, 0.04050796848, 0.89405510771, 0.053284213372],
      [0.035540862472, 0.75922051138, 0.13645011564, 0.068788510501],
      [0.63961326662, 0.0097252034786, 0.34887527984, 0.0017862500588],
      [0.034351846402, 0.00065878507064, 0.527758578, 0.43723079053]
    ],
    [
      [0.021875552668, 0.01979008409, 0.91292695079, 0.045407412456],
      [0.042961816565, 0.74472688378, 0.14632349428, 0.065987805375],
      [0.66772010714, 0.0082143755553, 0.32258849113, 0.0014770261757],
      [0.040388862407, 0.00062773082178, 0.55055390483, 0.40842950194]
    ],
    [
      [0.036500186114, 0.03955457706, 0.84131053835, 0.082634698476],
      [0.034125224831, 0.80832995415, 0.085362612879, 0.072182208143],
      [0.7843710312, 0.0069126757888, 0.20705051423, 0.0016657787781],
      [0.033508626302, 0.00050803134864, 0.34441308178, 0.62157026057]
    ],
    [
      [0.081125203722, 0, 0.84639757492, 0.072477221355],
      [0.11835288802, 0.63460920529, 0.13969462441, 0.10734328228],
      [0.79950562945, 0.0045094016558, 0.1944925769, 0.0014923919963],
      [0.053843284185, 0.00042037840723, 0.40660961256, 0.53912672485]
    ],
    [
      [0, 0, 1, 0],
      [0, 0.79668842676, 0.20331157324, 0],
      [0.5, 0.0082789330912, 0.49172106691, 0],
      [0.033803121801, 0.00093469443032, 0.96526218377, 0]
    ],
    [
      [0.021987055396, 0, 0.87169835599, 0.10631458862],
      [0.1494728006, 0.39913978709, 0.24752148266, 0.20386592965],
      [0.81849922294, 0.0021505322826, 0.17741930956, 0.0019309352181],
      [0.032985605067, 0.00016211587951, 0.30088674664, 0.66596553242]
    ],
    [
      [0.0080155483858, 0.0055308731212, 0.98645357849, 0],
      [0.016175166428, 0.93104089895, 0.052783934625, 0],
      [0.88763825294, 0.0025886235992, 0.10977312346, 0],
      [0.068585863755, 0.00096166589082, 0.93045247035, 0]
    ],
    [
      [0.0033495371819, 0.028801275087, 0.8308639149, 0.13698527283],
      [0.023067365087, 0.75632831133, 0.099708519683, 0.1208958039],
      [0.6480755234, 0.010690071559, 0.33714247767, 0.0040919273745],
      [0.018201890975, 0.00044820752834, 0.31694274245, 0.66440715905]
    ],
    [
      [0, 0, 0.85182242467, 0.14817757533],
      [0.07845848516, 0, 0.33058796405, 0.59095355079],
      [0.84308302968, 0, 0.15419800321, 0.0027189671132],
      [0.013325386393, 0, 0.18779795935, 0.79887665426]
    ],
    [
      [0, 0, 1, 0],
      [0, -0, 1, 0],
      [0, 0, 1, 0],
      [0, 0, 1, -0]
    ],
    [
      [0, 0.004503000954, 0.99549699905, 0],
      [0, 0.95496999046, 0.04503000954, 0],
      [1.1102230246e-16, 0.023464698801, 0.9765353012, 0],
      [0, 0.0010481171411, 0.99895188286, 0]
    ],
    [
      [0.0597710867, 0.087371631876, 0.83944032228, 0.013416959139],
      [0.10310749682, 0.77204929953, 0.092347154508, 0.032496049136],
      [1, 0, 0, 0],
      [0.14148767776, 0.00078445758995, 0.52510800755, 0.3326198571]
    ],
    [
      [0, 0.025385940481, 0.97461405952, 0],
      [0, 0.86611599578, 0.13388400422, 0],
      [0.5, 0.10389015407, 0.39610984593, 0],
      [0.039691198989, 0.0012434047406, 0.95906539627, 0]
    ],
    [
      [0.0076405079834, 0, 0.99235949202, 0],
      [0.23386572301, 0, 0.76613427699, 0],
      [0.89303288823, 0, 0.10696711177, 0],
      [0.068659748863, 0, 0.93134025114, 0]
    ],
    [
      [0, 0, 0.95360083938, 0.046399160623],
      [0, -0, 0.6178849668, 0.3821150332],
      [0, 0, 0.99442474217, 0.0055752578293],
      [0, 0, 0.37119328498, 0.62880671502]
    ],
    [
      [0.053942403897, 0.0071746142133, 0.90698498991, 0.031897991977],
      [0.039092244791, 0.86848908713, 0.067819698841, 0.024598969237],
      [0.91630468833, 0.0018446568522, 0.081567823257, 0.00028283156223],
      [0.073639796736, 0.00052320017694, 0.52488265948, 0.40095434361]
    ],
    [
      [0.010736582454, 0.019355756067, 0.90075441263, 0.069153248849],
      [0.036099701899, 0.73119633137, 0.14285099713, 0.089852969601],
      [0.63871073746, 0.0088970325749, 0.35016068838, 0.002231541595],
      [0.029955746718, 0.00054013755358, 0.47500375082, 0.49450036491]
    ],
    [
      [0.0088264274187, 0.012325622913, 0.91541159896, 0.063436350709],
      [0.035980217216, 0.72602631901, 0.1504883294, 0.087505134373],
      [0.62362575923, 0.0087738644606, 0.36544593053, 0.0021544457794],
      [0.029529085285, 0.0005315877077, 0.49463364547, 0.47530568153]
    ],
    [
      [0.0032362075856, 0.021385855009, 0.87655963108, 0.098818306329],
      [0.023600601861, 0.72585525752, 0.13324265594, 0.11730148467],
      [0.59716248498, 0.010176289385, 0.38922839473, 0.0034328309014],
      [0.017172183022, 0.00045629942583, 0.39084606481, 0.59152545275]
    ],
    [
      [0.023051776674, 0.044017171366, 0.88228697028, 0.050644081685],
      [0.042373174433, 0.75862101285, 0.13110956896, 0.067896243759],
      [0.69441193602, 0.0084721736682, 0.29556627292, 0.0015496173962],
      [0.041538917371, 0.0006609160207, 0.51531592434, 0.44248424227]
    ],
    [
      [0.021836566068, 0, 0.89664635415, 0.081517079786],
      [0.051335384065, 0.67752509565, 0.15652912049, 0.1146103998],
      [0.68390561963, 0.0066042462133, 0.30721136883, 0.0022787653304],
      [0.033889231772, 0.00041985601381, 0.43640637289, 0.52928453932]
    ],
    [
      [0.029309503528, 0.018518346556, 0.89057589163, 0.061596258286],
      [0.050608599905, 0.72525813865, 0.14119004186, 0.08294321958],
      [0.71476013369, 0.0070426364978, 0.27655138234, 0.0016458474771],
      [0.04334952524, 0.00055229354807, 0.48459637208, 0.47150180913]
    ],
    [
      [0.0061831842124, 0, 0.86801115211, 0.12580566368],
      [0.14251817629, -0, 0.3841332584, 0.4733485653],
      [0.91704770609, 0, 0.082020692763, 0.00093160114398],
      [0.021120451783, 0, 0.23786778614, 0.74101176208]
    ],
    [
      [0.017125253022, 0, 0.92092057147, 0.061954175513],
      [0.12849650981, 0.51962434687, 0.2251452631, 0.12673388022],
      [0.69195502354, 0.0039804211422, 0.30227234233, 0.0017922129853],
      [0.038322053952, 0.00028665810921, 0.4865793518, 0.47481193614]
    ],
    [
      [0.0022766129768, 0, 0.95115461433, 0.046568772693],
      [0.031414585564, 0.59727420839, 0.2779993539, 0.093311852146],
      [0.52488473977, 0.0070782002646, 0.46595152363, 0.0020855363376],
      [0.020906806435, 0.00038218695492, 0.56249533668, 0.41621566993]
    ],
    [
      [0.012447850291, 0, 0.92539401328, 0.062158136429],
      [0.078239974335, 0.34482758621, 0.40118765623, 0.17574478323],
      [0.64741320078, 0, 0.35052726316, 0.0020595360592],
      [0.031975855662, 0, 0.49300506773, 0.47501907661]
    ],
    [
      [0.0037064550203, 0.00044561770356, 0.931138278, 0.064709649273],
      [0.03213233437, 0.63655652452, 0.20828358503, 0.12302755608],
      [0.53000720738, 0.0067747464131, 0.4604662408, 0.002751805409],
      [0.01902212238, 0.00032533765003, 0.49427052631, 0.48638201366]
    ],
    [
      [0.0010523579258, 0.0041312667459, 0.93885951606, 0.055956859267],
      [0.020967330269, 0.7023070247, 0.18257690567, 0.094148739354],
      [0.4500548124, 0.010138304188, 0.5370005265, 0.0028063569161],
      [0.015222940551, 0.00044869988868, 0.53103553194, 0.45329282762]
    ],
    [
      [0.012829103499, 0, 0.89907619501, 0.08809470149],
      [0.075956017113, 0.35543101135, 0.34741661112, 0.22119636042],
      [0.66142235657, 0.002396584105, 0.33352821743, 0.0026528418898],
      [0.02841189347, 0, 0.42245856832, 0.54912953821]
    ],
    [
      [0.0082487036658, 0, 0.88920827101, 0.10254302532],
      [0.04982848498, 0.5511413547, 0.21298168563, 0.18604847469],
      [0.63715701722, 0.0044142008543, 0.35522555019, 0.003203231742],
      [0.023350458669, 0, 0.39216796563, 0.5844815757]
    ],
    [
      [0, 0.017878338133, 0.90032544389, 0.081796217978],
      [0, 0.72263073684, 0.17270959587, 0.10465966729],
      [0.5559737872, 0.010388344763, 0.43055539464, 0.0030824734019],
      [0.020131064015, 0.00048423500978, 0.44460927827, 0.53477542271]
    ],
    [
      [0.01762380309, 0.0062932042338, 0.91688158076, 0.059201411914],
      [0.041754038412, 0.72462658224, 0.14988089983, 0.083738479516],
      [0.65711402616, 0.0080435530521, 0.33295509909, 0.0018873216951],
      [0.034937304899, 0.0005430919659, 0.50216244838, 0.46235715475]
    ],
    [
      [0, 0.030457592924, 0.92757161887, 0.041970788204],
      [1.4571677198e-16, 0.80065909601, 0.14293092344, 0.056409980549],
      [0, 0.025675504233, 0.9705073212, 0.0038171745671],
      [0, 0.00069745313734, 0.59102424214, 0.40827830473]
    ],
    [
      [0.010383839466, 0.021189856267, 0.86803461629, 0.10039168798],
      [0.012036358836, 0.70595879231, 0.12924629638, 0.15275855247],
      [0.58080847848, 0.010532827334, 0.40472765268, 0.0039310415109],
      [0.018942351737, 0.00044198000109, 0.37949637405, 0.60111929421]
    ],
    [
      [0.01410944905, 0.073538853091, 0.82435352509, 0.087998172773],
      [0.034595577402, 0.75634781818, 0.11617692635, 0.092879678071],
      [0.67134974017, 0.010256891252, 0.31583299927, 0.0025603693079],
      [0.031034866538, 0.00060682433346, 0.41743394356, 0.55092436557]
    ],
    [
      [0.015162933404, 0.0057660153606, 0.90649670875, 0.072574342486],
      [0.040829045944, 0.71388909022, 0.1482379285, 0.097043935335],
      [0.65467052949, 0.0080553599527, 0.33504941558, 0.0022246949749],
      [0.031992988178, 0.00050063827044, 0.46516309692, 0.50234327663]
    ],
    [
      [0, 0.03238897989, 0.89417496491, 0.073436055197],
      [0.025934509551, 0.74533114674, 0.13875146535, 0.089982878358],
      [0.59431976015, 0.010456699666, 0.39264383346, 0.002579706726],
      [0.024838415929, 0.00056026035063, 0.47008162768, 0.50451969604]
    ],
    [
      [0.031241604024, 0.020856229789, 0.88750546191, 0.06039670428],
      [0.047574569877, 0.73066060141, 0.1399386006, 0.08182622811],
      [0.70131849378, 0.0075410011136, 0.28942482627, 0.0017156788305],
      [0.041363180662, 0.00056842130537, 0.48740923123, 0.4706591668]
    ],
    [
      [0.035381149502, 0.016631410003, 0.89218484672, 0.055802593776],
      [0.052736334269, 0.72764313096, 0.14240045208, 0.077220082689],
      [0.71946190684, 0.0069262934326, 0.27211600093, 0.001495798796],
      [0.046459106458, 0.00057250113005, 0.5024874163, 0.45048097611]
    ],
    [
      [0.031665559933, 0.019172738642, 0.88719711765, 0.061964583777],
      [0.04789805598, 0.72863872273, 0.14035550614, 0.083107715154],
      [0.70178660535, 0.0074715778982, 0.28900716492, 0.0017346518254],
      [0.041252562675, 0.00056028169632, 0.48417061176, 0.47401654387]
    ],
    [
      [0.019554689658, 0.029925386652, 0.87335397511, 0.077165948578],
      [0.041558257151, 0.72774320927, 0.13515657283, 0.095541960751],
      [0.68036149819, 0.0082980924843, 0.30912619637, 0.0022142129611],
      [0.034143762401, 0.00053453325648, 0.44491103689, 0.52041066745]
    ],
    [
      [0.03677383915, 0.04261952582, 0.85832003427, 0.062286600761],
      [0.048052679027, 0.74456149042, 0.12963873473, 0.077747095831],
      [0.71961489201, 0.0077507681755, 0.27098894825, 0.0016453915652],
      [0.04427452757, 0.00061274855682, 0.47873109208, 0.47638163179]
    ],
    [
      [0.0035028736287, 0.032906074242, 0.92048350128, 0.04310755085],
      [0.029015692715, 0.76807251357, 0.1394582429, 0.063453550817],
      [0.59657108476, 0.010563420167, 0.39106530422, 0.0018001908603],
      [0.028674531512, 0.00066797402893, 0.55283193902, 0.41782555544]
    ],
    [
      [0.0130561469, 0.023758655597, 0.88119081692, 0.081994380587],
      [0.036680458919, 0.72458947486, 0.13792799919, 0.10080206704],
      [0.64475418611, 0.0090384566636, 0.34365663147, 0.0025507257577],
      [0.029291930125, 0.00051911357049, 0.44077556702, 0.52941338928]
    ],
    [
      [0.013667408112, 0.023445801485, 0.88836184903, 0.074524941369],
      [0.037712633471, 0.72865571836, 0.13960882723, 0.094022820937],
      [0.64886645775, 0.0088773493196, 0.33993160034, 0.0023245925848],
      [0.031015869044, 0.00053734851378, 0.45952406222, 0.50892272022]
    ],
    [
      [5.3070069579e-33, 0.0079107579744, 0.88499589712, 0.1070933449],
      [0, 0.92880317823, 0.035036925889, 0.036159895881],
      [0, 0.026629116063, 0.96472927942, 0.0086416045187],
      [0, 0.00020583799573, 0.17114145046, 0.82865271154]
    ]
  ],
  "expected_outcome": [
    [
      [0.40757306623, 0.62217157753, 0.47446836029, 2.4871987761, 1.7805834348, 1.2458376073, 0.023690724681, 1.734723476e-16, 0, 1.5219890405, 10.3456643854, 0.30556596315, 1.0719234317, 0.50494690225, 0, 16.0610903585, 12.1891648758, 23.6370218024, 23.1005836177, 0.5110026056, 2.6771317228, 0, 0.6156375511, 0.096186580629, 0.22441899118, 0, 0, 0, 0.7770241271, 0, 0.10696711177, 0, 0.97096327014, 2.7056187783, 3.5129181127, 0.19417245514, 4.1262680246, 5.786690008, 7.7670184349, 0.061831842124, 4.1956869903, 0.42572662667, 7.1575139171, 1.0044493105, 0.40305308559, 4.4132116037, 1.4435231415, 0, 7.4548687071, 0, 1.9936971775, 4.7266654316, 5.6709370929, 0, 8.2165418583, 11.8880662327, 10.6079625777, 4.9473364836, 7.4283155084, 0.51141954979, 25.4333741614, 17.2892712618, 4.7763062621e-32],
      [0, 0.65128681852, 0.52293763114, 0.85639427079, 2.2987613582, 0.42643257305, 2.1871543518, 0.33298037745, 3.8747045237, 0.81359132465, 26.1134606515, 0, 0, 0, 0.46522268845, 30.3522597568, 11.3745372172, 78.7879986938, 20.8983287989, 0.55376407885, 0, 0, 0, 0.066370477454, 1.9296854308, 0, 0, 0.04503000954, 1.1358312144, 0.25385940481, 0, 0, 0.12914305584, 4.8776505288, 4.9055979194, 1.2831513005, 7.8790736745, 0, 4.9073618375, 0, 0, 0, 0, 0.12076239767, 1.5822751637, 0, 0, 2.2705489429, 2.6620253909, 1.3096764957, 4.0684524032, 24.6355157856, 2.1564897449, 6.8664637367, 5.4851884345, 5.5881537609, 6.422867445, 7.5711228229, 8.6091442157, 4.8042868394, 46.2818611021, 29.6589388783, 0.07119682177],
      [22.1881175657, 34.8212674545, 22.483076258, 263.884838065, 65.5724707997, 27.4529177956, 38.1527337319, 48.4497365161, 69.6190260441, 88.5003835072, 510.2741897966, 14.161460754, 4.9280765683, 4.5043163233, 6.7629602684, 951.5849028834, 1097.3718749066, 1738.9371844951, 964.0508600296, 11.7783475369, 27.9311199725, 8, 24.4075539676, 11.8374429419, 55.6678822984, 16.1846260687, 6, 9.9549699905, 10.9127241897, 9.7461405952, 13.8930328882, 7.628806715, 16.3257298184, 226.990111983, 364.3338163859, 52.5935778646, 157.9293676793, 237.6112838487, 236.0026112817, 8.6801115211, 225.6255400091, 177.8659128798, 532.1015576361, 252.3384733387, 359.5831946515, 309.2822110837, 155.6114474276, 114.3413313738, 387.8409086623, 39.8855796115, 166.6626463271, 276.1584309039, 339.0297690723, 189.5650925617, 233.4139364816, 299.7741084976, 297.211034412, 220.9585557034, 173.3806469223, 134.3905911868, 1716.5597113527, 1123.7777390284, 7.9649630741],
      [1.4043093681, 1.9052741495, 2.5195177506, 20.7715688881, 4.3481844072, 1.874812024, 3.6364211917, 6.2172831064, 8.5062694322, 7.1640361276, 37.2666851664, 1.5329732828, 0, 0.99073677441, 0.77181704312, 44.0017470013, 88.0644230004, 103.6377950088, 47.9502275538, 1.1568857787, 2.3917483047, 0, 2.9768084813, 0, 9.1780132797, 2.8153739313, 0, 0, 0.17442046881, 0, 0, 0.37119328498, 0.57416385559, 17.4266187099, 25.247667582, 5.9290983797, 9.0652906216, 21.6020261433, 16.3230084459, 1.2580566368, 15.1787730006, 8.7083604936, 35.7409284468, 17.5363149531, 21.4314770992, 30.3045773127, 17.9450294309, 10.3881196832, 25.0421972397, 1.8047438928, 19.2752040922, 29.479387879, 27.1428040899, 15.5684437017, 15.8843332256, 18.7496715088, 20.7581355653, 19.5229849902, 12.5818933537, 6.2937024241, 159.7250533838, 94.2740508315, 0.96384010412]
    ],
    [
      [0.62577875044, 0.44199273483, 1.8095856591, 0.74939582516, 0.58514757968, 0.099198278723, 0.3643567813, 0, 0.78165216224, 2.4859551526, 11.5357020902, 0.6205462355, 0.76026264939, 0, 0, 11.224529402, 2.5069034125, 36.8914152463, 18.0439629571, 0.10237567449, 2.6037635365, 0, 0.74736400302, 0.016175166428, 0.092269460349, 0.15691697032, 0, 0, 0.51553748412, 0, 0, 0, 0.039092244791, 3.5016710842, 4.497527152, 0.5428138428, 3.516973478, 3.5421415005, 4.251122392, 0, 2.698426706, 0.62829171128, 2.2689592557, 0.54624968429, 0.75482388967, 1.0633842396, 0.44845636482, 0, 12.3174413317, 2.4771851237e-15, 2.347089973, 6.8153287482, 9.513167705, 4.097652509, 10.5615545128, 7.9104501404, 6.8494220051, 7.6051610586, 7.4962179282, 1.2476747867, 20.5410569944, 16.1787197589, 0],
      [5.9908762027, 8.3179240726, 20.4445984606, 10.0197674725, 10.6360597842, 1.56540361, 10.7691048921, 8.6203058429, 35.0685156716, 43.1156756961, 223.3868296516, 5.9993575938, 0.99888454162, 0, 4.1592700426, 221.9094023808, 39.1314685969, 788.0708908151, 312.7852911879, 2.4249898624, 13.9614025163, 3.9834421338, 1.9956989354, 0.93104089895, 3.0253132453, 0, 0, 0.95496999046, 3.8602464977, 4.3305799789, 0, 0, 0.86848908713, 70.9260441429, 90.7532898766, 16.694670923, 62.9655440662, 46.7492315999, 60.9216836467, 0, 10.9121112844, 11.9454841677, 10, 10.8214609169, 25.2830528893, 4.9760341589, 4.9602721923, 40.4673212629, 213.7648417608, 13.6112046322, 137.6619645008, 149.0005201811, 166.336158021, 117.7623211849, 162.2066535136, 109.1464696439, 104.1953373504, 133.1770072967, 116.1515925049, 33.0271180834, 405.7701059191, 312.5933031756, 0.92880317823],
      [2.4388966003, 1.4988278492, 3.8849425729, 3.1672256416, 1.7530273255, 0.21210035829, 1.6312317428, 1.7284771157, 5.8441920145, 8.68479087, 38.8136011969, 2.0943518002, 0.24085280899, 0, 0.45190343037, 41.3617432323, 10.4984205942, 141.635220039, 61.4558675974, 0.25608783864, 3.073281737, 1.0165578662, 1.2376074133, 0.052783934625, 0.39883407873, 0.66117592809, 0, 0.04503000954, 0.46173577254, 0.66942002108, 0, 0, 0.067819698841, 13.8565467216, 18.8110411747, 3.0645810867, 10.8820942238, 10.8005093138, 11.8599635166, 0, 4.728050525, 5.5599870781, 11.6344420307, 3.5408209455, 6.5727686043, 4.8638325556, 1.9168351706, 9.6717373689, 44.2148654504, 2.4298256985, 25.2030277948, 22.8868544907, 34.5394373408, 21.9227315256, 31.0663693332, 21.3600678124, 20.0708373774, 24.7336528272, 20.2236426172, 5.9967044447, 77.2396795468, 59.8921868834, 0.035036925889],
      [0.94444844654, 0.74125534345, 3.8608733075, 2.0636110607, 1.0257653107, 0.12329775299, 1.2353065838, 1.6512170413, 5.3056401517, 5.7135782814, 23.2638670612, 1.2857443705, 0, 0, 0.38882652708, 17.5043249849, 6.8632073964, 71.4024738996, 27.7148782575, 0.21654662443, 2.3615522102, 0, 1.0193296483, 0, 0.4835832156, 1.1819071016, 0, 0, 0.16248024568, 0, 0, 0, 0.024598969237, 8.7157380513, 10.9381417966, 2.6979341475, 5.635388232, 7.9081175859, 6.9672304447, 0, 2.6614114846, 1.8662370429, 5.0965987136, 2.0914684534, 3.3893546167, 3.0967490458, 1.6744362722, 5.8609413682, 24.7028514572, 0.95896966934, 29.7879177314, 18.29729658, 22.6112369332, 14.2172947805, 18.1654226404, 11.5830124034, 11.884403267, 17.4841788174, 12.1285469497, 2.7285026851, 56.4491575398, 40.3357901821, 0.036159895881]
    ],
    [
      [1.4937050684, 2.8236499112, 3.6837644594, 13.1568409105, 4.9924251838, 1.654964114, 2.5657817998, 0, 2.11721115, 5.4008972821, 34.2115736701, 0, 0.96680619741, 2.4950530977, 1, 47.4894704113, 41.0921997326, 134.318785991, 101.4934562852, 2.3531130936, 6.3960450356, 1, 1.6369984459, 0.88763825294, 2.5923020936, 0.84308302968, 0, 0, 0, 2, 0.89303288823, 0, 0.91630468833, 12.7742147491, 23.0741530915, 1.19432497, 11.1105909763, 24.6206023067, 15.7247229411, 0.91704770609, 14.5310554944, 3.6741931784, 19.4223960234, 4.240057659, 5.4006577488, 6.6142235657, 5.734413155, 13.8993446799, 44.0266397526, 0, 13.9394034835, 22.1545414256, 39.2802317695, 20.206871845, 26.6501027637, 25.9006286461, 34.3875436623, 19.7304834474, 21.5884467602, 8.3519951866, 59.9621393083, 49.3138507894, 0],
      [0.0091237973295, 0.029044898276, 0.03205994424, 0.11684236014, 0.05533015026, 0.0081638169516, 0.042592578208, 0.044769194212, 0.053206963126, 0.061660775254, 0.46662846229, 0, 0.00054049287203, 0, 0.32554487445, 0.66351177416, 0.44941344601, 2.0422927305, 1.2485850844, 0.020738027366, 0.036075213247, 0.016557866182, 0.0043010645651, 0.0025886235992, 0.042760286236, 0, 0, 0, 0, 0.41556061627, 0, 0, 0.0018446568522, 0.1779406515, 0.32463298504, 0.02035257877, 0.13555477869, 0.23775286368, 0.15493800295, 0, 0.083588843987, 0.049547401852, 0, 0.054197971305, 0.12165965026, 0.02396584105, 0.039727807689, 0.25970861908, 0.53891805449, 0.077026512699, 0.25278785602, 0.33847741132, 0.48332159716, 0.35552778863, 0.28655804232, 0.24934656357, 0.36610731701, 0.24064468205, 0.23252304527, 0.14788788234, 0.84057646972, 0.67467854829, 0],
      [0.49438816164, 1.1416959322, 1.272147473, 7.6756790317, 1.9408056411, 0.3349818461, 1.3812217828, 1.9367246787, 1.8130071948, 2.5206936588, 16.2231284487, 0, 0.032653309721, 0.49568367666, 0.66892441773, 24.7407193968, 24.2971285253, 73.2638087662, 49.0334506517, 0.6211515427, 1.5559406152, 0.98344213382, 0.35483861912, 0.10977312346, 1.3485699107, 0.15419800321, 0, 0, 0, 1.5844393837, 0.10696711177, 0, 0.081567823257, 7.0032137675, 13.5214994296, 0.77845678946, 4.7290603667, 11.0596092778, 6.0841304114, 0.082020692763, 6.3477191889, 3.2616606654, 10.5158178948, 3.6837299264, 6.444006318, 3.3352821743, 3.1970299517, 10.7638848659, 22.3079916394, 2.9115219636, 9.7134636643, 10.4224889759, 20.1029649349, 13.3498903377, 10.9981433984, 9.7961760336, 14.1613510812, 8.9646596947, 8.1296684476, 5.474914259, 31.9600667265, 25.8348016259, 0],
      [0.0027829726305, 0.0056092583063, 0.012028123307, 0.05063769761, 0.011439024833, 0.001890222972, 0.010403839203, 0.018506127054, 0.016574692065, 0.016748283837, 0.09866941887, 0, 0, 0.0092632255907, 0.0055307078279, 0.1062984177, 0.16125829612, 0.37511251234, 0.22450797871, 0.0049973363344, 0.011939135971, 0, 0.0038618704361, 0, 0.016367709498, 0.0027189671132, 0, 0, 0, 0, 0, 0, 0.00028283156223, 0.044630831899, 0.079714493836, 0.0068656618028, 0.02479387834, 0.082035551893, 0.036208644496, 0.00093160114398, 0.037636472692, 0.014598754363, 0.061786081775, 0.022014443272, 0.033676282994, 0.026528418898, 0.028829085678, 0.077061835047, 0.12645055357, 0.011451523701, 0.094344996261, 0.084492187159, 0.1334816985, 0.087710028682, 0.065195795558, 0.053848756655, 0.084997939444, 0.064212175873, 0.049361746956, 0.025202672045, 0.23721749546, 0.17666903644, 0]
    ],
    [
      [0.47294311493, 0.11218577641, 0.032181521232, 0.60656448823, 0.64184380164, 0, 0.046170694214, 0, 0.10113668779, 0.59115852482, 1.9070598543, 0.073887801355, 0.20100772155, 0, 0, 4.2249098282, 3.2117319791, 5.1527769603, 4.3619971399, 0.033508626302, 0.32305970511, 0, 0, 0, 0.091009454877, 0, 0, 0, 0.70743838878, 0, 0, 0, 0.073639796736, 1.0184953884, 0.91540164384, 0.068688732089, 1.2461675211, 1.0505661849, 1.257136232, 0.021120451783, 0.57483080928, 0.27178848366, 1.1511308038, 0.20924334618, 0.44146527597, 0.90918059104, 0.3736073387, 0.10065532007, 2.2010502086, 0, 0.71980936601, 1.3034643946, 1.5356634326, 0.69547564601, 1.5718008652, 1.3008549808, 1.1550717549, 0.71701901043, 0.48701980327, 0.88891047687, 6.0634295359, 4.2181581899, 0],
      [0, 0.001744210647, 0.00040396399352, 0.006995896551, 0.0098487073667, 0, 0.0011481778676, 0.0019445854254, 0.0035728416286, 0.0090722039995, 0.033081234603, 0.00064240623391, 0.00057496550339, 0, 0.049962394553, 0.074826088269, 0.044580739901, 0.098817760596, 0.067794928752, 0.00050803134864, 0.0025222704434, 0, 0, 0, 0.0022410376417, 0, 0, 0, 0.0039222879498, 0, 0, 0, 0.00052320017694, 0.018364676822, 0.016479218939, 0.0018251977033, 0.019827480621, 0.013015536428, 0.016016512894, 0, 0.0042998716382, 0.0049684304139, 0, 0.0035787141503, 0.013012296772, 0, 0, 0.0024211750489, 0.034214793852, 0.002092359412, 0.016795240042, 0.025486622005, 0.024030636981, 0.015687289818, 0.021600009604, 0.016030031641, 0.015687887497, 0.011225198386, 0.0067402341251, 0.020707194897, 0.10745650909, 0.073079397875, 0],
      [5.8785976723, 1.5382087641, 0.35983369613, 10.2722572617, 7.7336962337, 0, 0.8348127426, 1.8850616894, 2.7237747465, 8.294131964, 25.6890805577, 0.74418744574, 0.79841731295, 0, 1.1162118835, 62.3126344875, 53.832575974, 79.1637866998, 59.4598217213, 0.34441308178, 2.4396576754, 0, 0, 0, 1.5847137122, 0, 0, 0, 2.6255400378, 0, 0, 0.37119328498, 0.52488265948, 16.1501275279, 15.3336430097, 1.5633842592, 15.4594777303, 13.5285975597, 14.0532947903, 0.23786778614, 7.298690277, 7.3124393768, 17.7481824384, 5.4369757894, 15.4000304262, 13.5186741864, 6.2746874501, 2.2230463913, 31.636234248, 1.7730727264, 14.4208622138, 17.5322256295, 22.327828652, 13.1622855751, 18.5215507868, 14.0696476564, 13.5567771293, 9.3431317747, 5.2660420129, 17.1377901095, 91.2405423741, 62.4952724622, 0],
      [5.6484592128, 1.3478612488, 0.60758081864, 11.1141823535, 7.6146112573, 0, 1.1178683853, 3.1129937252, 4.171515724, 9.1056373072, 25.3707783534, 1.1812823467, 0, 0, 1.833825722, 43.3876295961, 57.9111113071, 65.5846185793, 44.11038621, 0.62157026057, 3.2347603491, 0, 0, 0, 3.3220357952, 0, 0, 0, 1.6630992855, 0, 0, 0.62880671502, 0.40095434361, 16.8130124069, 14.7344761275, 2.366101811, 13.274527268, 16.4078207189, 13.6735524649, 0.74101176208, 7.1221790421, 5.4108037091, 17.1006867578, 5.3502021503, 13.145492001, 17.5721452226, 9.3517052112, 2.6738771135, 29.1285007495, 1.2248349142, 22.8425331801, 23.1388233539, 24.1124772785, 14.1265514891, 17.8850483384, 12.6134673311, 13.2724632283, 10.9286240165, 5.2401979497, 12.9525922187, 109.5885715809, 69.2134899499, 0]
    ]
  ],
  "prob": [
    [0.014781084005, 0.02170523297, 0.89727537537, 0.066238307658],
    [0.039110300422, 0.7314174135, 0.14257353182, 0.086898754248],
    [0.65106498619, 0.0086994549694, 0.33814158543, 0.0020939734026],
    [0.033120356759, 0.00055655207589, 0.48305556378, 0.48326752739]
  ],
  "iterations": 111,
  "time": 0.070588,
  "message": "Converged",
  "status": 0,
  "miniter": 0,
  "maxiter": 1000,
  "maxtime": 3600,
  "param_threshold": 0.001,
  "ll_threshold": "-Inf",
  "initial_prob": "random",
  "adjust_prob_cond_method": "lp",
  "adjust_prob_cond_every": true,
  "candidates_id": ["FLESHER, William.c", "BAKSHI, Kanwaljit Singh.c", "SALESA, Jennifer Teresia.c", "Other candidates votes.c"],
  "group_id": ["Labour Party.p", "National Party.p", "New Zealand First Party.p", "Other parties votes.p"]
}
