{
  "X": [
    [10, 2, 36, 59, 1],
    [7, 5, 23, 50, 5],
    [3, 1, 20, 18, 2],
    [14, 17, 104, 226, 5],
    [6, 4, 56, 44, 2],
    [18, 33, 303, 324, 19],
    [37, 48, 393, 529, 32],
    [127, 210, 1839, 2208, 122],
    [0, 5, 20, 24, 2],
    [2, 8, 39, 66, 2],
    [1, 3, 21, 40, 3],
    [2, 0, 6, 11, 0],
    [29, 52, 228, 562, 17],
    [6, 16, 70, 136, 6],
    [88, 103, 1012, 1127, 46],
    [28, 54, 516, 526, 22],
    [18, 39, 594, 469, 25],
    [12, 17, 230, 172, 10],
    [6, 16, 150, 112, 7],
    [13, 14, 129, 167, 7],
    [0, 1, 3, 7, 0],
    [9, 25, 166, 233, 14],
    [5, 2, 13, 21, 0],
    [4, 0, 3, 2, 0],
    [4, 3, 35, 86, 2],
    [26, 24, 134, 160, 14],
    [10, 28, 143, 174, 10],
    [26, 14, 122, 199, 13],
    [5, 8, 35, 122, 7],
    [2, 2, 20, 43, 4],
    [18, 31, 258, 343, 13],
    [22, 17, 159, 245, 17],
    [13, 8, 78, 152, 3],
    [3, 2, 21, 44, 1],
    [1, 0, 4, 17, 0],
    [3, 4, 12, 31, 2],
    [0, 0, 6, 4, 1],
    [8, 11, 53, 191, 5],
    [35, 53, 228, 437, 22],
    [5, 3, 19, 31, 3],
    [2, 3, 27, 44, 3],
    [52, 42, 248, 245, 15],
    [31, 15, 184, 167, 10],
    [26, 25, 174, 329, 9],
    [23, 28, 203, 311, 16],
    [25, 17, 158, 177, 13],
    [39, 57, 539, 589, 27],
    [41, 27, 246, 331, 29],
    [38, 51, 308, 434, 17],
    [22, 41, 311, 369, 20],
    [17, 24, 172, 174, 6],
    [24, 27, 360, 368, 13],
    [8, 9, 133, 85, 2],
    [42, 43, 544, 373, 13],
    [30, 54, 766, 445, 38],
    [4, 1, 13, 26, 1],
    [1, 1, 4, 4, 1],
    [41, 12, 161, 232, 9],
    [170, 138, 1076, 1619, 140],
    [151, 111, 662, 1040, 70]
  ],
  "W": [
    [21, 45, 38, 1, 3],
    [9, 44, 29, 4, 4],
    [1, 14, 24, 2, 3],
    [8, 217, 110, 23, 8],
    [6, 44, 56, 6, 0],
    [33, 285, 305, 54, 20],
    [42, 465, 416, 80, 36],
    [149, 2027, 1945, 269, 116],
    [3, 17, 22, 8, 1],
    [5, 52, 49, 7, 4],
    [6, 39, 20, 1, 2],
    [1, 13, 5, 0, 0],
    [51, 509, 236, 70, 22],
    [4, 133, 71, 19, 7],
    [149, 914, 1061, 168, 84],
    [55, 450, 524, 82, 35],
    [26, 422, 611, 62, 24],
    [13, 156, 229, 31, 12],
    [6, 94, 162, 23, 6],
    [26, 125, 142, 21, 16],
    [1, 5, 3, 2, 0],
    [17, 195, 185, 39, 11],
    [2, 18, 11, 5, 5],
    [1, 5, 3, 0, 0],
    [2, 85, 34, 6, 3],
    [22, 160, 130, 29, 17],
    [9, 156, 145, 35, 20],
    [22, 175, 137, 25, 15],
    [4, 112, 39, 14, 8],
    [4, 34, 26, 4, 3],
    [17, 310, 272, 51, 13],
    [20, 224, 174, 26, 16],
    [10, 131, 84, 19, 10],
    [3, 36, 25, 7, 0],
    [2, 13, 4, 2, 1],
    [2, 28, 9, 9, 4],
    [0, 4, 5, 1, 1],
    [13, 172, 52, 22, 9],
    [34, 409, 228, 59, 45],
    [9, 25, 18, 8, 1],
    [2, 35, 29, 10, 3],
    [42, 223, 268, 46, 23],
    [32, 138, 196, 26, 15],
    [67, 242, 187, 33, 34],
    [39, 246, 225, 38, 33],
    [19, 163, 159, 22, 27],
    [91, 454, 575, 78, 53],
    [28, 298, 264, 46, 38],
    [53, 360, 344, 65, 26],
    [26, 315, 328, 55, 39],
    [19, 143, 179, 35, 17],
    [28, 293, 403, 44, 24],
    [12, 73, 130, 15, 7],
    [31, 350, 574, 46, 14],
    [39, 392, 785, 71, 46],
    [3, 20, 15, 3, 4],
    [0, 5, 3, 2, 1],
    [70, 197, 155, 17, 16],
    [136, 1560, 1138, 151, 158],
    [114, 1004, 720, 104, 92]
  ],
  "method": "mvn_pdf",
  "cond_prob": [
    [
      [0.30982171869, 0.0041407101438, 0.032418580098, 0.65361899107, 0],
      [0.051823146598, 0.026056220056, 0.031197983266, 0.87729160166, 0.013631048416],
      [0.010814529935, 0.010490841039, 0.88558706758, 0.092963515273, 0.00014404617535],
      [0.00055216566059, 0.19229904072, 0.15914795507, 0.64730674211, 0.00069409643684],
      [0.25006600247, 0.049854728084, 0.034614682664, 0.53865293005, 0.12681165673]
    ],
    [
      [0.35519390497, 0.0074875035825, 0.014324669353, 0.62299392209, 0],
      [0.056470246575, 0.049815309006, 0.014387613349, 0.81182697161, 0.06749985946],
      [0.020913506928, 0.03749346053, 0.7567614503, 0.17474543887, 0.010086143379],
      [0.0008005228544, 0.35386495473, 0.063534257615, 0.57910002965, 0.0027002351497],
      [0.17721755341, 0.059492174296, 0.0094509748493, 0.32216252615, 0.4316767713]
    ],
    [
      [0.49356293388, 0.0020648435284, 0.01347340905, 0.49039259643, 0.00050621711382],
      [0.077253073478, 0.018968219234, 0.014576853819, 0.83942983537, 0.049772018094],
      [0.019856896337, 0.013987839658, 0.81455043738, 0.13521316249, 0.016391664144],
      [0.00075201395619, 0.16279661873, 0.098723857284, 0.73455518495, 0.0031723250792],
      [0.31560816581, 0.02369289931, 0.011930808636, 0.34778781292, 0.30098031332]
    ],
    [
      [0.26887237597, 0.0057115508922, 0.030771355076, 0.69464471806, 0],
      [0.042243604524, 0.038671492515, 0.028163537848, 0.87412871659, 0.016792648524],
      [0.0094771986104, 0.017482051337, 0.8584803665, 0.11388644772, 0.00067393583725],
      [0.00056409050627, 0.26284745632, 0.12905882567, 0.60699674708, 0.00053288041747],
      [0.20333661021, 0.074259571822, 0.030143517635, 0.53355954051, 0.15870075983]
    ],
    [
      [0.41492206007, 0.0050557407559, 0.049433572746, 0.52999888872, 0.00058973770339],
      [0.069777403076, 0.040122116098, 0.054771939093, 0.79875868327, 0.036569858461],
      [0.0077966124908, 0.012084111137, 0.92676451456, 0.046631348704, 0.0067234131068],
      [0.00060860078826, 0.25459703725, 0.232436738, 0.51054484604, 0.0018127779211],
      [0.28643686911, 0.059096799596, 0.04583943944, 0.38518991188, 0.22343697997]
    ],
    [
      [0.20972804873, 0.0071482836391, 0.054407610519, 0.72850819071, 0.00020786640243],
      [0.027482253193, 0.043414461635, 0.046350042749, 0.84099043717, 0.04176280525],
      [0.0021055579664, 0.013420993188, 0.90758641046, 0.073056136787, 0.0038309015996],
      [0, 0.27366100765, 0.19087794795, 0.53369699014, 0.0017640542651],
      [0.1302168526, 0.075994386937, 0.04367611451, 0.45875979623, 0.29135284972]
    ],
    [
      [0.25457083235, 0.0060257783823, 0.037034424292, 0.70221483562, 0.00015412935649],
      [0.037486554006, 0.038292015539, 0.0326959996, 0.84943752005, 0.042087910802],
      [0.0072339098151, 0.015570914864, 0.87333784674, 0.099262336935, 0.0045949916451],
      [0.00036862838097, 0.26359223469, 0.14793553902, 0.58624026514, 0.0018633327573],
      [0.16216612986, 0.066006964535, 0.0304868611, 0.45350490842, 0.28783513609]
    ],
    [
      [0.23200280635, 0.0071633371761, 0.041689030217, 0.71900602132, 0.00013880494424],
      [0.032361236417, 0.04424862796, 0.036046738411, 0.84719781487, 0.040145582343],
      [0.0050007447176, 0.016672598691, 0.88144059959, 0.092889965993, 0.0039960910113],
      [0.00017190025629, 0.28907437964, 0.15376721836, 0.55531267941, 0.0016738223338],
      [0.14709194821, 0.07803001127, 0.034105584501, 0.46162101266, 0.27915144336]
    ],
    [
      [0, 0.093554296439, 0.033431589323, 0.8720884207, 0.00092569353629],
      [0, 0.060930852767, 0.021833191308, 0.84916495916, 0.06807099677],
      [0, 0.018777783573, 0.8521438401, 0.11686483787, 0.012213538461],
      [0, 0.39520317153, 0.095573783806, 0.50509944239, 0.0041236022736],
      [0, 0.1087760028, 0.016786227223, 0.33610846, 0.53832930997]
    ],
    [
      [0.14174369884, 0.0096748576603, 0.018620803692, 0.82975553132, 0.000205108489],
      [0.014397014576, 0.054347403231, 0.021256773316, 0.88956119384, 0.020437615039],
      [0.0029445368311, 0.040835909413, 0.76156007656, 0.18960551064, 0.0050539665552],
      [0, 0.37678934946, 0.059628271021, 0.56263132891, 0.00095105061568],
      [0.099588610776, 0.12176893406, 0.016925530086, 0.59123773507, 0.17047919001]
    ],
    [
      [0.12942147015, 0.0096402741942, 0.06101772028, 0.79876361738, 0.0011569180014],
      [0.0021978213999, 0.057429097975, 0.047520889154, 0.83859480442, 0.054257387056],
      [0, 0.01159690283, 0.92529449802, 0.056846372332, 0.0062622268222],
      [0, 0.31011470027, 0.18977974664, 0.49817057017, 0.0019349829209],
      [0.068878072253, 0.080185388472, 0.042454647194, 0.43356145335, 0.37492043873]
    ],
    [
      [0.64862964611, 0, 0.036951322235, 0.31441903166, 0],
      [0.10395156568, 0, 0.081589493221, 0.81445894109, 0],
      [0, 0, 0.98047705318, 0.019522946821, 0],
      [0.00095154381703, 0.045480259497, 0.38257483785, 0.57076563396, 0.0002277248752],
      [0.58271861941, 0.010270958496, 0.049514673979, 0.34398732607, 0.013508422044]
    ],
    [
      [0.20855835079, 0.0075643051922, 0.033882495725, 0.74999484829, 0],
      [0.027290765688, 0.046288693187, 0.028963157726, 0.87376230618, 0.023695077214],
      [0.005265825113, 0.02082523442, 0.85669844411, 0.11488043156, 0.0023300648003],
      [0, 0.30193052003, 0.1238830538, 0.57335733315, 0.00082909302588],
      [0.14680862036, 0.091062903528, 0.030777220923, 0.53447516912, 0.19687608607]
    ],
    [
      [0.2116424006, 0.0090102447248, 0.040566638871, 0.73863015109, 0.00015056471546],
      [0.028739838486, 0.054829466439, 0.034140509717, 0.85123808102, 0.031052104335],
      [0.0049238598821, 0.020566822268, 0.87943041196, 0.091319842005, 0.0037590638878],
      [0.00018053011208, 0.34132067935, 0.13757092658, 0.51955408008, 0.0013737838749],
      [0.13971539359, 0.103757528, 0.034805542595, 0.49651118795, 0.22521034785]
    ],
    [
      [0.24047421574, 0.006257066907, 0.042280933686, 0.71096513079, 2.2652881171e-05],
      [0.035026766126, 0.039614188608, 0.037532481648, 0.85985133951, 0.027975224107],
      [0.0056124708669, 0.014388202243, 0.88676735202, 0.091043226614, 0.0021887482552],
      [0.00025034669527, 0.26348398206, 0.162640004, 0.57250606009, 0.0011196071621],
      [0.16854747359, 0.075346869983, 0.038235374859, 0.50457368651, 0.21329659505]
    ],
    [
      [0.20000026481, 0.0074391126125, 0.054235571379, 0.73823668012, 8.837108495e-05],
      [0.025773302229, 0.045124449685, 0.046483397609, 0.85373637708, 0.028882473398],
      [0.0012318451761, 0.013943587986, 0.90670364125, 0.075943276038, 0.0021776495541],
      [0, 0.27985504654, 0.18685414359, 0.53216150203, 0.0011293078322],
      [0.13590035886, 0.086579786478, 0.047564767517, 0.50811694563, 0.22183814151]
    ],
    [
      [0.18953095509, 0.00625387179, 0.057515147187, 0.74654512461, 0.00015490131835],
      [0.023881957242, 0.037178101545, 0.049228813064, 0.85148493039, 0.038226197759],
      [0.00013630598895, 0.010475179121, 0.91323415533, 0.072715534274, 0.0034388252836],
      [0, 0.24334758538, 0.2032623813, 0.55177873547, 0.0016112978496],
      [0.12128026051, 0.069181489379, 0.04757127131, 0.48432137894, 0.27764559986]
    ],
    [
      [0.25080935981, 0.0061471126218, 0.063486819415, 0.67937628087, 0.00018042727716],
      [0.036904503458, 0.039414361826, 0.058058612856, 0.8273806045, 0.038241917358],
      [0.0044430728943, 0.0098222978701, 0.92696696762, 0.055315278448, 0.0034523831643],
      [0.00033950388898, 0.24814482514, 0.23226660524, 0.51762565575, 0.0016234099776],
      [0.16286562247, 0.069137608295, 0.053485616155, 0.44859499611, 0.26591615697]
    ],
    [
      [0.22495665868, 0.0083502690063, 0.04228094606, 0.72421109465, 0.00020103160089],
      [0.031157487161, 0.05112160527, 0.035082484536, 0.83799533, 0.044643093031],
      [0.0056363802933, 0.019515570088, 0.88184101305, 0.087400709556, 0.0056063270166],
      [0.00030400926553, 0.32455528542, 0.14756429884, 0.52564148091, 0.001934925558],
      [0.13356173903, 0.086362261936, 0.032722965089, 0.43908390046, 0.30826913349]
    ],
    [
      [0.21865648203, 0.0061036707315, 0.031931687389, 0.74316506769, 0.00014309215798],
      [0.031011068316, 0.037523542111, 0.027534882613, 0.87810965061, 0.025820856346],
      [0.0065947101672, 0.018104394139, 0.85629952091, 0.11562285652, 0.0033785182614],
      [0.00027018787943, 0.25803269202, 0.12673360204, 0.61378797639, 0.0011755416723],
      [0.15602657115, 0.072584456055, 0.029498636828, 0.53787554894, 0.20401478703]
    ],
    [
      [0, 0.026965404272, 0.021907532704, 0.95112706302, 0],
      [0, 0.063958486415, 0.013278455352, 0.92276305823, 0],
      [0, 0.029039063462, 0.91638996051, 0.054570976029, 0],
      [0, 0.28306248663, 0.081265154503, 0.63567235886, 0],
      [0, 1.2910008037e-183, 1, 8.4001970173e-20, 0]
    ],
    [
      [0.18289185417, 0.0073863244792, 0.031050676292, 0.77847855158, 0.00019259347771],
      [0.021367617781, 0.04348525744, 0.025732572173, 0.86266253986, 0.046752012742],
      [0.0029203705296, 0.022306110647, 0.84209945576, 0.12629853979, 0.0063755232677],
      [0, 0.29358236961, 0.11296283484, 0.5913782063, 0.0020765892443],
      [0.10762586035, 0.074405854425, 0.023667004907, 0.46524449476, 0.32905678556]
    ],
    [
      [0.5627840282, 0.0035876511573, 0.036844496126, 0.39678382452, 0],
      [0.078460869467, 0.036216543377, 0.058002227141, 0.82732036001, 0],
      [0, 0, 0.93798458038, 0.062015419618, 0],
      [0, 0.18973447292, 0.25808860011, 0.55217692697, 0],
      [0.49242725864, 0.078450910459, 0.054799506894, 0.37432232401, 0]
    ],
    [
      [0.88824585227, 0, 0.056288662515, 0.055465485219, 0],
      [0.4326144219, 0, 0.28177563381, 0.28560994429, 0],
      [0.31622734608, 0, 0.51161105614, 0.17216159778, 0],
      [0.36799536575, 0.00023523545523, 0.17158953064, 0.46012485708, 5.5011073006e-05],
      [1, 0, 0, 0, 0]
    ],
    [
      [0.21813024747, 0.0035070940038, 0.041008304863, 0.73733082514, 2.3528523417e-05],
      [0.033537632268, 0.018948625634, 0.037519910626, 0.89268444892, 0.017309382552],
      [0.0060311437596, 0.0063050979661, 0.89843543369, 0.088189861789, 0.0010384627945],
      [0.00049286723928, 0.17052537297, 0.17641909434, 0.65180033848, 0.00076232696548],
      [0.168341557, 0.048275688134, 0.041157225182, 0.57930095327, 0.16292457642]
    ],
    [
      [0.42902583167, 0.0078666029001, 0.046441305185, 0.51644105398, 0.00022520627085],
      [0.070792453955, 0.060959003873, 0.051632711691, 0.76381772511, 0.052798105369],
      [0.0057928176252, 0.016476919228, 0.91178229996, 0.061761226377, 0.0041867368091],
      [0, 0.36195199277, 0.19151280939, 0.4445004207, 0.0020347771364],
      [0.26362192819, 0.084405107437, 0.037146291061, 0.32399936268, 0.29082731064]
    ],
    [
      [0.21874823082, 0.010598705024, 0.049049116216, 0.72143901066, 0.00016493727833],
      [0.029695504065, 0.062446177636, 0.042159889757, 0.83411796823, 0.031580460309],
      [0.0039814614518, 0.018461517259, 0.89502440901, 0.078987218584, 0.0035453936903],
      [7.9364625693e-05, 0.37387296862, 0.15378688879, 0.47093073508, 0.0013300428833],
      [0.1409338808, 0.12002670196, 0.041026736859, 0.47244617186, 0.22556650851]
    ],
    [
      [0.3994935386, 0.0039038654898, 0.021950793627, 0.57437963035, 0.00027217192843],
      [0.064548171239, 0.029694666814, 0.024333886016, 0.83630072996, 0.045122545968],
      [0.013704561512, 0.0158452552, 0.83232658872, 0.13106671193, 0.007056882642],
      [3.6134923103e-05, 0.23429127803, 0.11768564499, 0.64566719084, 0.0023197512155],
      [0.26911892558, 0.045964423574, 0.019184580583, 0.39421340554, 0.27151866472]
    ],
    [
      [0.1963582485, 0.0050547766788, 0.022330996308, 0.7760137544, 0.00024222411068],
      [0.025865771012, 0.031459674806, 0.01684447018, 0.88614468321, 0.039685400787],
      [0.0074804543882, 0.019064334409, 0.8094686487, 0.15702528661, 0.0069612758856],
      [0.00015940834628, 0.2326822818, 0.093150926173, 0.67185763574, 0.0021497479393],
      [0.12795390183, 0.056904540974, 0.018838136091, 0.51471842302, 0.28158499809]
    ],
    [
      [0.17219511026, 0.0035536671927, 0.014096759066, 0.81015446348, 0],
      [0.023260938349, 0.020762371112, 0.017448385801, 0.87393241584, 0.064595888892],
      [0.010502539471, 0.019027358564, 0.73383742264, 0.22366847008, 0.012964209247],
      [0.00043040628406, 0.1749814553, 0.060932576678, 0.76044504144, 0.0032105202938],
      [0.081853334563, 0.028409189843, 0.0089548504106, 0.39617320649, 0.48460941869]
    ],
    [
      [0.23175166427, 0.0062309921122, 0.03882168147, 0.72308704092, 0.00010862123373],
      [0.033307836627, 0.039370861181, 0.033779420042, 0.86396385959, 0.029578022557],
      [0.0060125166964, 0.015614930812, 0.87778515342, 0.097404454783, 0.0031829442932],
      [0.00027736213997, 0.26426153061, 0.15017605857, 0.58399296155, 0.0012920871295],
      [0.16040325712, 0.074192840456, 0.034759268144, 0.50777469929, 0.22286993499]
    ],
    [
      [0.30761547814, 0.0047870274161, 0.029005357227, 0.65846973143, 0.00012240578403],
      [0.048285550359, 0.03212109377, 0.027213373121, 0.84376376272, 0.048616220031],
      [0.011198794479, 0.015069058356, 0.85356331016, 0.1144289882, 0.0057398488097],
      [0.00058012077069, 0.24071363556, 0.13188299906, 0.624572732, 0.0022505126054],
      [0.19175336108, 0.051785235547, 0.02344520832, 0.41737422151, 0.31564197355]
    ],
    [
      [0.30205826146, 0.0033949138721, 0.026577425923, 0.66796939875, 0],
      [0.050211220999, 0.022335778465, 0.026644437632, 0.88847835712, 0.012330205786],
      [0.011538871513, 0.010481324449, 0.85134709874, 0.1266327053, 0],
      [0.00080463610896, 0.19281607077, 0.12921596668, 0.67698435205, 0.00017897439792],
      [0.24171941414, 0.049612728409, 0.02755447502, 0.54297912958, 0.13813425285]
    ],
    [
      [0.28049302751, 0.0025503486376, 0.016061670433, 0.70046186313, 0.00043309028263],
      [0.047116589443, 0.016453805536, 0.015520997095, 0.89799752297, 0.022911084961],
      [0.017970877285, 0.011610004841, 0.7922899494, 0.17168995855, 0.0064392099303],
      [0.0018645379127, 0.15853740482, 0.083687194044, 0.75406494575, 0.0018459174717],
      [0.21729527568, 0.037451631636, 0.016600385887, 0.56736689427, 0.16128581253]
    ],
    [
      [0.15531464819, 0, 0.018799770816, 0.825885581, 0],
      [0.024371093261, 0, 0.019777308913, 0.95585159783, 0],
      [0.0061571739088, 0, 0.87364455785, 0.12019826824, 0],
      [0.066777150368, 0, 0.094365599603, 0.83885725003, 0],
      [0.21436349486, 0, 0.021986011896, 0.76365049325, 0]
    ],
    [
      [0.30447460808, 0.0060474025148, 0.051506927533, 0.63727921262, 0.00069184925377],
      [0.052205532056, 0.045480088495, 0.049837167443, 0.81547947505, 0.036997736955],
      [0.0073334671569, 0.01103583173, 0.93171615472, 0.045545240657, 0.0043693057371],
      [0.0031610216969, 0.25970435215, 0.21418946575, 0.51909082948, 0.0038543309226],
      [0.20871137165, 0.069450265549, 0.04709871808, 0.45257291052, 0.22216673421]
    ],
    [
      [0.012504326466, 0.0014782228247, 0.127689704, 0.85814215438, 0.00018559232615],
      [0, 0, 0.11164951403, 0.83910074618, 0.049249739785],
      [0, 0, 0.9998567535, 0, 0.00014324649545],
      [0, 0, 0.51260976914, 0.48579416617, 0.0015960646878],
      [0, 0, 0.041508407198, 0.15780284911, 0.8006887437]
    ],
    [
      [0.18759114181, 0.0047836352445, 0.032077281135, 0.77554794181, 0],
      [0.023512822718, 0.02867266639, 0.027835981518, 0.90095795666, 0.019020572718],
      [0.0049155162925, 0.013361131534, 0.85882603219, 0.12098354572, 0.0019137742574],
      [0, 0.21590412726, 0.12988871731, 0.65354686698, 0.00066028845314],
      [0.14016697796, 0.062382720371, 0.030966785471, 0.58710364007, 0.17937987613]
    ],
    [
      [0.26486751002, 0.0088565488486, 0.041264762872, 0.68493337267, 7.7805584278e-05],
      [0.039862376474, 0.055875786913, 0.037248179236, 0.83800777153, 0.029005885847],
      [0.0070506823135, 0.019803767442, 0.88230904189, 0.088194696229, 0.0026418121228],
      [0.000412062727, 0.34927714571, 0.14530621244, 0.50391953394, 0.0010850451807],
      [0.1790872314, 0.10495710929, 0.036065881538, 0.46949874512, 0.21039103265]
    ],
    [
      [0.35318500032, 0.0059538368177, 0.038177315381, 0.60268384748, 0],
      [0.05890488827, 0.033393884173, 0.036271620588, 0.77590450513, 0.095525101837],
      [0.011364446773, 0.012801979476, 0.90401865891, 0.071814914838, 0],
      [0.0024464854192, 0.23173459871, 0.18238571701, 0.58260403349, 0.0008291653675],
      [0.12458086508, 0.027255944074, 0.018192050337, 0.22473200937, 0.60523913114]
    ],
    [
      [0.19535750969, 0.0036998582373, 0.028668992966, 0.77182853186, 0.00044510724895],
      [0.02868739376, 0.021545287147, 0.022860720473, 0.87935957342, 0.047547025202],
      [0.0082983615482, 0.010099995437, 0.85611377691, 0.11592701845, 0.0095608476529],
      [0.0011360008119, 0.1825695898, 0.12469974219, 0.68803097999, 0.0035636872129],
      [0.117737902, 0.039973155906, 0.022746615103, 0.47885484387, 0.34068748312]
    ],
    [
      [0.52763648229, 0.0069226223606, 0.026566452615, 0.43843518889, 0.00043925384716],
      [0.094064185519, 0.064554392188, 0.036418946475, 0.76603107297, 0.03893140285],
      [0.0011218442719, 0.023983947207, 0.86645507388, 0.10233721551, 0.006101919131],
      [0, 0.4088440194, 0.13043204564, 0.45891602253, 0.0018079124334],
      [0.37227391775, 0.0903955504, 0.024041305478, 0.31409921751, 0.19919000886]
    ],
    [
      [0.44819673182, 0.0043423398788, 0.031368757933, 0.51568209411, 0.00041007626305],
      [0.077970467669, 0.035283395121, 0.036395051235, 0.81108710666, 0.039263979319],
      [0.0057431573992, 0.013549845687, 0.8835144666, 0.091627896456, 0.005564633861],
      [0, 0.25202100135, 0.16816068215, 0.5778509616, 0.001967354894],
      [0.31814141289, 0.052241387158, 0.02884463245, 0.37233063753, 0.22844192997]
    ],
    [
      [0.20075990022, 0.0065992229614, 0.032442982243, 0.76019789458, 0],
      [0.027378645443, 0.03947526372, 0.028302811337, 0.89016112584, 0.014682153657],
      [0.0041612500851, 0.018795816543, 0.85461533424, 0.12242759913, 0],
      [0, 0.26492150335, 0.12423246922, 0.61053155843, 0.00031446899411],
      [0.15133237418, 0.080812086391, 0.031302966447, 0.57665429833, 0.15989827465]
    ],
    [
      [0.22308982549, 0.0065954142722, 0.029954759583, 0.74018262111, 0.00017737953687],
      [0.031253733862, 0.040769041954, 0.026162491705, 0.87149133391, 0.030323398565],
      [0.0068635526676, 0.020481557381, 0.84479905502, 0.12357341572, 0.0042824192091],
      [0.00020489167685, 0.27823448583, 0.11679075861, 0.60338801846, 0.0013818454228],
      [0.15330281945, 0.076737383348, 0.026604703346, 0.51555292104, 0.22780217282]
    ],
    [
      [0.37091827134, 0.0057529087032, 0.044640301882, 0.57844655757, 0.00024196050345],
      [0.060914129869, 0.042590405446, 0.046138314779, 0.81321236798, 0.037144781929],
      [0.0070859285653, 0.013273272616, 0.90719653977, 0.06850615091, 0.0039381081428],
      [0.00033375666023, 0.27352710283, 0.19592821317, 0.52857123171, 0.0016396956285],
      [0.25516831065, 0.067422668097, 0.039874757146, 0.40499460494, 0.23253965916]
    ],
    [
      [0.20182156362, 0.0072506506359, 0.04138379097, 0.74943517399, 0.00010882078298],
      [0.02627762811, 0.043742068096, 0.035112965535, 0.86560500785, 0.029262330405],
      [0.0024548008387, 0.017120052778, 0.8795230589, 0.097922354806, 0.0029797326738],
      [0, 0.2842476955, 0.14920170782, 0.56533301988, 0.0012175768037],
      [0.13759781257, 0.084263043023, 0.03640182244, 0.51727162335, 0.22446569862]
    ],
    [
      [0.37975181502, 0.0045365555713, 0.029683106011, 0.58597776477, 5.0758622949e-05],
      [0.061770552249, 0.03314736603, 0.030825607156, 0.821916846, 0.052339628566],
      [0.010984407706, 0.014154411999, 0.86492054909, 0.10489080257, 0.0050498286295],
      [0.0002874766623, 0.24740412037, 0.14623029416, 0.60375405709, 0.0023240517145],
      [0.23805834338, 0.049413343738, 0.024137463335, 0.37361957827, 0.31477127128]
    ],
    [
      [0.27439735985, 0.0077479330593, 0.028620895804, 0.68915002951, 8.3781781505e-05],
      [0.041719193315, 0.050256654652, 0.026498031248, 0.85301448348, 0.028511637308],
      [0.010106956733, 0.024401395131, 0.84048674397, 0.12138386791, 0.0036210362573],
      [0.00046332334162, 0.3333446576, 0.11003637822, 0.55498832952, 0.0011673113206],
      [0.18965850774, 0.093672354001, 0.025538337011, 0.48305932331, 0.20807147794]
    ],
    [
      [0.21683928504, 0.0076895579454, 0.0417755747, 0.73356376883, 0.00013181348567],
      [0.029543669276, 0.047237779493, 0.03562836904, 0.8564525601, 0.03113762209],
      [0.0042198825267, 0.017925019931, 0.88129509727, 0.093202320057, 0.0033576802176],
      [6.6067177388e-05, 0.30150048565, 0.14935278779, 0.5477735227, 0.0013071366893],
      [0.14533763086, 0.08867276167, 0.036197527639, 0.49863797056, 0.23115410927]
    ],
    [
      [0.28863688632, 0.007886285827, 0.04220965886, 0.66126716899, 0],
      [0.045112327968, 0.05269631518, 0.039144062769, 0.84176889877, 0.021278395314],
      [0.0083623214314, 0.018144195247, 0.89050226422, 0.082543611426, 0.00044760767252],
      [0.00062327685637, 0.32554723441, 0.15795983725, 0.51529627384, 0.00057337763711],
      [0.20859800201, 0.098389608529, 0.039524465055, 0.48542913149, 0.16805879291]
    ],
    [
      [0.23476329985, 0.0049942070664, 0.031054273141, 0.72914657987, 4.1640078156e-05],
      [0.034532526779, 0.03156278655, 0.028183571928, 0.88112211148, 0.024599003263],
      [0.0078953798496, 0.014747873406, 0.85473550518, 0.12011105982, 0.0025101817382],
      [0.00036465475699, 0.23080464983, 0.12981226304, 0.63793466745, 0.0010837649211],
      [0.17127976538, 0.063061173662, 0.029272733967, 0.53921810929, 0.1971682177]
    ],
    [
      [0.25820204068, 0.0065980501719, 0.074085256483, 0.66111465266, 0],
      [0.042656319574, 0.043536921473, 0.070555461585, 0.82985158683, 0.013399710543],
      [0.0032699225548, 0.010175608867, 0.94265841114, 0.043896057436, 0],
      [0.00046957581415, 0.2551343185, 0.26073461177, 0.48331216433, 0.00034932959194],
      [0.19364723051, 0.084683457174, 0.071973657356, 0.50446977117, 0.14522588379]
    ],
    [
      [0.37543950357, 0.0068837775646, 0.043351445796, 0.57427406458, 5.1208489003e-05],
      [0.063227562744, 0.051149754666, 0.045534599427, 0.81315856076, 0.026929522403],
      [0.0076926459017, 0.015934746754, 0.90213714109, 0.072515752898, 0.0017197133585],
      [0.00041669398537, 0.31603779737, 0.18098257748, 0.50153660359, 0.0010263275714],
      [0.27121298274, 0.085707531913, 0.040505559417, 0.42123441451, 0.18133951142]
    ],
    [
      [0.23282102121, 0.0079345645502, 0.0635114992, 0.69559251956, 0.00014039548832],
      [0.032340329731, 0.048641550759, 0.055954122307, 0.81141277147, 0.05165122573],
      [0.0026411998509, 0.01295977616, 0.92257396022, 0.059003650659, 0.0028214131102],
      [0.00014706708083, 0.29347732487, 0.21398688953, 0.49046430847, 0.0019244100462],
      [0.13388667984, 0.078538037691, 0.047291470805, 0.40559247068, 0.33469134098]
    ],
    [
      [0.39019393619, 0.0019229699094, 0.014823112684, 0.59242455834, 0.00063542287349],
      [0.06359128169, 0.015119001508, 0.013906024988, 0.88727326692, 0.020110424899],
      [0.018362786823, 0.0090178760934, 0.82187677137, 0.14532180329, 0.0054207624285],
      [0.0010269244324, 0.14543249236, 0.094881058357, 0.75719425672, 0.0014652681379],
      [0.3197674955, 0.030071360413, 0.016153854152, 0.5064627918, 0.12754449814]
    ],
    [
      [0.86064985658, 0.0011690136974, 0.016834407611, 0.12128714537, 5.9576743211e-05],
      [0.13857828878, 0.078357857321, 0.071700750806, 0.62890799911, 0.082455103986],
      [0, 0.0058691814941, 0.9837008382, 0, 0.010429980311],
      [0.015463520422, 0.28083511531, 0.33231632017, 0.36304638638, 0.0083386577313],
      [0.27618151526, 0.028932938302, 0.025761091055, 0.1293672317, 0.53975722368]
    ],
    [
      [0.35005543472, 0.0039221212493, 0.0508644225, 0.59501280724, 0.00014521428942],
      [0.057742045225, 0.030581595146, 0.052449144835, 0.83108832502, 0.028138889777],
      [0.0063558278043, 0.0075023951596, 0.91915022292, 0.064913794645, 0.0020777594701],
      [0.00042801730826, 0.2149665348, 0.22742398416, 0.55598048102, 0.0012009827152],
      [0.25803169101, 0.055223432959, 0.048282288066, 0.44446231986, 0.19400026811]
    ],
    [
      [0.33275036284, 0.0060846542867, 0.034676131285, 0.62648885159, 0],
      [0.052555243311, 0.04168711923, 0.033399003164, 0.81924797945, 0.053110654842],
      [0.0098381808523, 0.016871138572, 0.87211518063, 0.09722806574, 0.0039474342075],
      [0.00046676099611, 0.28522331345, 0.14885697236, 0.56327436963, 0.0021785835661],
      [0.19932557195, 0.062484208813, 0.026817233091, 0.38019430133, 0.33117868481]
    ],
    [
      [0.42496016355, 0.0065858686498, 0.026774767216, 0.54149419753, 0.00018500305708],
      [0.068539212785, 0.051051317238, 0.030245451192, 0.80726653301, 0.042897485773],
      [0.010501310828, 0.022827493025, 0.85200928345, 0.10924187044, 0.0054200422539],
      [0, 0.34150818802, 0.1250395439, 0.53161204734, 0.0018402207518],
      [0.28456769482, 0.07653306451, 0.023157031429, 0.36774198582, 0.24800022342]
    ]
  ],
  "expected_outcome": [
    [
      [6.5062560925, 3.1967451448, 0.49356293388, 2.1509790078, 2.4895323604, 6.9210256081, 10.6919749585, 34.5684181457, 0, 0.70871849419, 0.7765288209, 0.64862964611, 10.6364758902, 0.8465696024, 35.8306581446, 11.0000145644, 4.9278048324, 3.2605216776, 1.3497399521, 5.6850685329, 0, 3.1091615209, 1.1255680564, 0.88824585227, 0.43626049494, 9.4385682967, 1.9687340774, 8.7888578492, 0.785432994, 0.68878044105, 3.9397782925, 6.1523095629, 3.0205826146, 0.84147908254, 0.31062929637, 0.60894921616, 0, 2.4386848436, 9.0054953408, 3.1786650029, 0.39071501937, 22.1607322561, 14.3422954181, 13.4509133148, 8.7005031942, 7.0474471554, 18.3657622893, 10.6330508206, 14.543060072, 5.637821411, 5.4841008402, 6.5733723957, 3.0984244882, 11.6386246105, 9.080019827, 1.1705818086, 0, 24.5038804305, 45.2540493464, 48.4454586448],
      [0.08695491302, 0.067387532242, 0.0020648435284, 0.045692407137, 0.030334444535, 0.23589336009, 0.25308269206, 1.0673372392, 0.28066288932, 0.048374288302, 0.057841645165, 0, 0.3857795648, 0.036040978899, 0.93230296914, 0.40915119369, 0.16260066654, 0.079912464083, 0.050101614038, 0.15869543902, 0.026965404272, 0.12556751615, 0.0071753023145, 0, 0.0070141880077, 0.1730652638, 0.09538834522, 0.085885040776, 0.020219106715, 0.014214668771, 0.10592686591, 0.095740548322, 0.033949138721, 0.0076510459127, 0, 0.01209480503, 0, 0.062187258178, 0.30112266085, 0.053584531359, 0.0073997164746, 0.29075013915, 0.13895487612, 0.44214793841, 0.25722115662, 0.10930526536, 0.65980920787, 0.127023556, 0.41064045215, 0.19992850658, 0.14983943071, 0.13983779786, 0.079176602063, 0.2133971045, 0.30944801746, 0.0057689097282, 0, 0.27454848745, 0.82751298298, 0.75078902608],
      [0.68079018206, 0.12892202418, 0.01347340905, 0.24617084061, 0.29660143647, 1.7954511471, 1.5554458203, 6.2116655024, 0.10029476797, 0.093104018461, 0.36610632168, 0.036951322235, 1.728007282, 0.16226655548, 6.2998591192, 2.9829564259, 1.4953938268, 0.82532865239, 0.25368567636, 0.83022387212, 0.021907532704, 0.52786149697, 0.073688992251, 0.056288662515, 0.082016609727, 1.0217087141, 0.44144204594, 0.48291745979, 0.089323985234, 0.056387036265, 0.65996858499, 0.58010714455, 0.26577425923, 0.048185011298, 0.037599541631, 0.10301385507, 0, 0.41700465476, 1.4030019376, 0.34359583843, 0.057337985932, 1.1157910098, 1.0038002538, 2.1736798103, 1.1682356238, 0.84816573575, 3.7659249783, 0.8311269683, 1.5169074776, 1.0861649422, 0.80198351833, 0.86951964794, 0.88902307779, 1.3438948197, 2.4769484688, 0.044469338052, 0, 3.560509575, 4.7159538548, 3.0523234626],
      [13.7259988124, 5.6069452988, 0.49039259643, 5.5571577445, 3.1799933323, 24.0407702934, 29.4930230962, 107.131897176, 2.6162652621, 4.1487776566, 4.7925817043, 0.31441903166, 38.249737263, 2.9545206044, 105.9338044877, 40.6030174064, 19.4101732399, 8.8318916514, 4.3452665679, 19.3222917599, 0.95112706302, 13.2341353769, 0.79356764903, 0.055465485219, 1.4746616503, 11.3617031875, 6.4929510959, 12.6363518678, 3.1040550176, 3.2406178539, 12.2924796956, 13.1693946286, 6.6796939875, 2.1013855894, 1.651771162, 1.2745584252, 0, 10.0821232435, 23.2877346708, 5.4241546273, 1.5436570637, 18.4142779333, 16.5018270115, 50.9332589365, 28.8671222235, 10.9904845939, 68.1986008332, 16.4073774136, 36.5249515638, 19.0726579896, 12.5640762108, 20.4161042363, 7.9333758319, 17.8024960021, 27.1281082627, 1.777273675, 0, 41.6508965067, 85.2024838158, 61.730338518],
      [0, 0, 0.00050621711382, 0, 0.0035384262203, 0.0068595912801, 0.0064734329726, 0.020681936691, 0.0027770806089, 0.001025542445, 0.0069415080084, 0, 0, 0.00060225886182, 0.0033752792945, 0.0048604096723, 0.0040274342771, 0.0023455546031, 0.0012061896053, 0.0037203961075, 0, 0.0032740891211, 0, 0, 4.7057046834e-05, 0.0049545379586, 0.001484435505, 0.0059877824254, 0.00096889644271, 0, 0.0018465609734, 0.0024481156805, 0, 0.0012992708479, 0, 0.0013836985075, 0, 0, 0.0026453898655, 0, 0.0008902144979, 0.018448661581, 0.013122440418, 0, 0.0069178019378, 0.0045972495656, 0.0099026912515, 0.0014212414426, 0.0044404344198, 0.0034271506275, 0, 0.0011659221884, 0, 0.0015874631591, 0.0054754240444, 0.0019062686205, 0, 0.01016500026, 0, 0.021090348507]
    ],
    [
      [2.3320415969, 2.4846908493, 1.0815430287, 9.1668621818, 3.0702057354, 7.8324421601, 17.431247613, 65.5962262174, 0, 0.74864475798, 0.085715034598, 1.3513703539, 13.8909997352, 3.8223985187, 32.014464239, 11.597986003, 10.0781859561, 5.7571025395, 2.9288037931, 3.8763835395, 0, 4.1666854673, 1.4122956504, 2.1630721095, 2.8506987428, 11.3267926328, 4.6324986341, 11.2959299668, 2.8969663534, 0.79087190388, 10.3254293544, 10.8159632805, 6.5776699509, 1.6961972199, 0.3168242124, 1.4617548976, 0, 4.0442055075, 16.3037119779, 1.4726222068, 1.0040587816, 20.9763133708, 10.7599245383, 6.6256321972, 7.68841853, 9.9290031687, 11.9300431621, 18.4076245702, 15.0189095933, 9.306255822, 6.4510628994, 10.1180303464, 3.1139113289, 22.1296469602, 12.6774092545, 1.2718256338, 0.69289144389, 11.3751829094, 81.9861795649, 68.8133696362],
      [1.1725299025, 2.1918735963, 0.26555506928, 8.3917138758, 1.7653731083, 12.3731215659, 17.8057872257, 89.6919688758, 1.035824497, 2.826064968, 2.239734821, 0, 23.5609448324, 7.2923190363, 36.2073683874, 20.3060023582, 15.689158852, 6.1486404449, 4.8054308954, 4.6904427639, 0.31979243208, 8.4796252008, 0.65189778079, 0, 1.6106331789, 9.7534406197, 9.7416037112, 5.1965666924, 3.5234835783, 0.70592061782, 12.2049669662, 7.1951250045, 2.9259869789, 0.59233699929, 0, 1.2734424779, 0, 4.931698619, 22.8531968476, 0.83484710432, 0.75408505016, 14.3956294578, 4.8691085267, 9.5530138202, 10.0291843207, 6.9422360877, 19.8588989155, 9.8779150769, 18.0923956746, 14.8799005403, 7.5355730708, 9.2478964591, 3.1781952675, 17.902414133, 19.0674878976, 0.30238003015, 0.39178928661, 6.0245742438, 65.0319059987, 51.2555225071],
      [1.403909247, 0.63305498737, 0.20407595346, 6.1114877129, 2.4099653201, 13.2097621834, 15.2036398142, 73.0667387597, 0.37116425223, 1.1053522124, 1.853314677, 1.0606634119, 14.7422472825, 4.5406877924, 34.3046882265, 20.9175289239, 20.774559113, 9.0571436055, 3.2977535463, 3.4418603267, 0.066392276762, 5.0178515737, 1.0440400885, 1.4088781691, 3.1891924032, 8.2612338706, 6.5769428021, 4.2584300527, 1.8865806602, 0.59324511724, 10.4716202132, 6.095795579, 3.4904213297, 0.55875589543, 0.25710501587, 1.3954406884, 0.44659805614, 4.7877888212, 15.2345053075, 0.90679051471, 0.80012521654, 8.1214250639, 5.0225170705, 6.8492803437, 6.4359729594, 7.5205453089, 15.9412863529, 9.1860309326, 9.5392912492, 11.2229362477, 5.597600976, 8.2577865749, 5.1505486957, 15.9371097994, 21.9340159445, 0.27812049976, 0.35850375403, 10.3324815325, 52.102444936, 30.3664329967],
      [39.4781220749, 35.7203867508, 11.7520176952, 189.6859314997, 35.145382064, 239.6822745945, 394.9884468242, 1717.2699707386, 14.4358043056, 46.2571820795, 32.7051973722, 10.5879662342, 444.745013848, 113.2146647761, 785.9041243131, 384.1813696858, 359.3266406247, 129.0713743023, 78.7715610202, 109.7637063267, 4.6138152912, 168.2191952736, 14.8917664803, 1.4280497215, 75.8781781582, 122.2108360178, 130.1224030444, 146.3526277436, 99.24820452, 29.7137021387, 267.8287964735, 189.0030828491, 116.3906647826, 32.3279108267, 12.4260707717, 22.8334253014, 3.3564029847, 154.9647685447, 342.7451785558, 19.3976126283, 30.7775850696, 170.824929272, 111.9300207186, 215.418992454, 214.386868143, 132.5536159802, 392.9846735657, 244.9312201076, 307.0852140519, 269.7825564315, 120.372952524, 258.1687786635, 60.5791658383, 284.6054962664, 318.0738064174, 17.7454653383, 3.1445399955, 163.7244000283, 1278.0268479477, 810.4955991443],
      [0.61339717871, 2.9699938162, 0.69680825332, 3.6440047297, 1.6090737723, 11.9023994961, 19.570878523, 81.3750954085, 1.1572069451, 1.062755982, 2.1160380952, 0, 12.0607943019, 4.1299298765, 25.5693548341, 12.997113029, 16.1314554542, 5.9657391079, 4.196450745, 3.2276070432, 0, 9.1166424846, 0, 0, 1.4712975169, 8.4476968591, 4.9265518082, 7.8964455444, 4.4447648882, 2.1962602223, 9.1691869928, 10.8900332869, 1.6152569579, 0.82479905859, 0, 1.0359366347, 0.19699895914, 3.2715385075, 11.8634073112, 2.3881275459, 1.6641458821, 8.6817028355, 5.418429146, 3.5530811849, 7.4595560469, 6.0545994545, 13.2850980037, 15.5972093127, 10.2641894309, 9.8083509585, 3.0428105299, 7.207507956, 0.97817886962, 9.4253328409, 20.247280486, 0.40220849797, 0.41227551993, 5.543361286, 82.8526215528, 43.0690757157]
    ],
    [
      [0.41095213752, 0.6064917009, 0.47656551208, 1.0424918471, 0.43661029949, 0.64219517975, 3.0093064831, 9.7264484757, 0, 0.14428230472, 0, 0, 1.2427347267, 0.34959405163, 5.9548315898, 0.64548687227, 0.083282959251, 1.0174636928, 0.91309360752, 0.93644884374, 0, 0.54026854798, 0, 0.94868203825, 0.20505888783, 0.75306629127, 0.57731191051, 1.8775249272, 0.29173772114, 0.27306602624, 1.6354045414, 1.9485902393, 0.96926520708, 0.44927193212, 0.024628695635, 0.066001204412, 0, 0.25560684721, 1.6075555675, 0.20456004191, 0.2406524849, 0.30065426487, 1.1256588502, 0.77815376592, 1.5442993502, 1.1266626419, 1.4115104823, 2.8998836344, 3.4767931162, 1.3841214688, 1.4968555362, 3.1818380794, 0.42508993213, 4.4155787476, 2.073341883, 0.27544180234, 0, 0.98515330967, 11.1958498099, 7.560943796],
      [0.3986519595, 1.0873103554, 0.3357081518, 1.923025647, 0.67671022366, 4.0934029224, 6.4775005834, 32.4282044535, 0.4131112386, 2.0009595612, 0.2319380566, 0, 4.9147553232, 1.460244381, 15.2658825797, 7.3064401048, 6.4003344427, 2.2493062123, 3.1615223542, 2.5708239678, 0.087117190387, 4.1266304696, 0, 0, 0.21437333085, 2.1419994997, 2.6769200026, 2.1707999624, 0.74350904196, 0.49471132267, 4.2472611809, 2.6220161539, 0.88043125371, 0.29025012103, 0, 0.099322485572, 0, 0.69477883977, 4.5152589767, 0.23043563056, 0.29289986768, 6.4276978515, 2.6557697546, 3.5148176935, 4.6083504107, 2.110450346, 9.8440303476, 3.7367647678, 8.3940799251, 5.8794065374, 3.2478109492, 5.9433929825, 1.3228291528, 9.1465446365, 10.1734242852, 0.1352681414, 0.017607544482, 1.1628712497, 19.1993556952, 16.4357949782],
      [33.6523085679, 21.9460820586, 19.549210497, 94.4328403149, 51.8988128154, 276.81385519, 363.3085442441, 1714.4019661968, 18.7471644821, 37.3164437516, 18.5058899603, 4.9023852659, 202.1808328095, 62.439559249, 940.8601604939, 475.1127080126, 557.9860689081, 212.2754355857, 142.8582441134, 121.5945319691, 2.7491698815, 155.7883993164, 10.3178303842, 1.5348331684, 30.5468047455, 118.5316989949, 129.7785393071, 114.028742654, 31.5692772994, 19.0797729885, 238.7575617289, 148.5200159677, 71.5131562939, 19.807248735, 3.4945782314, 8.3854453925, 4.9992837675, 44.6589536741, 201.1664615516, 16.2723358604, 24.8272995303, 232.2099598007, 173.168835453, 159.8130675026, 190.0797873793, 144.2442498227, 505.7257588694, 228.339024961, 289.1274399268, 289.0647919038, 159.3999052959, 344.4584085883, 122.5455934484, 517.8267189849, 724.2205587729, 12.3281515705, 2.9511025146, 142.4682845528, 992.4670755542, 613.4466840841],
