{
  "Z_true": {},
  "V_true": [
    [545, 38, 753, 167, 33],
    [799, 860, 7880, 736, 211],
    [265, 866, 480, 18983, 351],
    [63, 2842, 582, 868, 106],
    [209, 118, 441, 375, 93],
    [54, 105, 111, 370, 296]
  ],
  "p_true": [
    [0.3548, 0.0247, 0.4902, 0.1087, 0.0215],
    [0.0762, 0.082, 0.7515, 0.0702, 0.0201],
    [0.0127, 0.0413, 0.0229, 0.9063, 0.0168],
    [0.0141, 0.6371, 0.1305, 0.1946, 0.0238],
    [0.1691, 0.0955, 0.3568, 0.3034, 0.0752],
    [0.0577, 0.1122, 0.1186, 0.3953, 0.3162]
  ],
  "Z_est": [
    [
      [8.0721, 73.1797, 58.1466, 1.0673, 9.143e-19, 17.921, 42.7609, 0, 4.9689, 2.151, 15.5082, 54.2545, 36.4616, 5.2624, 0.9333, 12.9335, 9.2583, 27.45, 11.9994, 9.258, 13.7359, 16.2909, 0.5299, 0, 39.0825, 1.2001, 0.5301, 17.2729, 2.7983, 16.7272, 7.2133, 14.9329, 1.7801, 8.899, 27.616, 16.5567, 2.3297, 0.4244, 1.6479, 0, 5.9866, 15.5193, 15.7708, 5.2829, 12.0351, 18.1749, 1.4434, 0, 0, 0, 50.0154, 81.7461, 56.7391],
      [0.1983, 1.5239, 1.4811, 0.036, 0.0734, 0.4438, 0.8798, 0, 0.0344, 0.0038, 0.0769, 1.5329, 0.6505, 0.117, 0, 0.2732, 0.1582, 0.6443, 0.3203, 0.247, 0.346, 0.3059, 0.006, 0, 0.6075, 0.0322, 0.012, 0.502, 0.0339, 2.1898, 0.1013, 0.271, 0, 0.2056, 0.6008, 0.3237, 0.0428, 0.1654, 0.0196, 0, 0.168, 0.3915, 0.2866, 0.1278, 0.3766, 0.3187, 0.0139, 0, 0, 0.046, 0.5703, 0.9747, 0.8482],
      [4.8568, 43.4715, 38.3843, 0.624, 1.4749, 7.2049, 18.8723, 0, 2.8498, 0.5621, 4.2011, 36.6001, 20.0463, 2.8365, 0.0606, 7.0338, 3.6264, 13.8972, 7.371, 6.5128, 8.0592, 7.384, 0.3176, 0, 19.56, 0.5536, 0.375, 9.5544, 0.7303, 14.2792, 4.4167, 5.5442, 0.1368, 4.753, 18.0679, 8.5126, 0.4682, 0.312, 0.1107, 0, 5.0196, 9.4799, 7.2785, 2.2897, 8.8294, 10.6292, 0.293, 0, 0, 1.4272, 22.162, 32.4142, 21.5955],
      [2.456, 20.7339, 16.3624, 0.2304, 0.4516, 3.8775, 9.7322, 0, 1.1042, 0.2698, 1.9462, 16.905, 9.0678, 1.5605, 0.0061, 3.417, 1.7788, 6.4141, 3.8242, 2.7006, 3.452, 3.55, 0.1222, 0, 8.8416, 0.1815, 0.0609, 4.0118, 0.3979, 5.9765, 1.9663, 2.8906, 0.0187, 1.881, 7.9491, 4.0793, 0.1352, 0.0829, 0.2218, 0, 1.6903, 4.1168, 3.3416, 1.09, 3.4154, 4.3628, 0.2197, 0, 0, 0.5268, 11.1748, 16.1749, 11.3585],
      [0.4168, 2.091, 1.6257, 0.0423, 0, 0.5528, 0.7548, 0, 0.0427, 0.0133, 0.2675, 1.7075, 0.7737, 0.2237, 0, 0.3425, 0.1784, 0.5944, 0.4852, 0.2817, 0.4069, 0.4692, 0.0242, 0, 0.9084, 0.0326, 0.022, 0.6589, 0.0396, 0.8273, 0.3024, 0.3613, 0.0644, 0.2615, 0.7661, 0.5276, 0.0242, 0.0153, 0, 0, 0.1355, 0.4925, 0.3225, 0.2097, 0.3436, 0.5143, 0.0299, 0, 0, 0, 1.0774, 1.6901, 1.4587]
    ],
    [
      [3.4369, 26.042, 18.1452, 0.4052, 0, 4.9306, 14.9882, 5.5511e-17, 1.7832, 2.5272, 10.4645, 2.9196, 11.5784, 2.1207, 0.9869, 4.3933, 4.4581, 11.9371, 2.2879, 4.8023, 5.1837, 13.4906, 0, 0, 15.5074, 0.5958, 0, 4.3693, 2.0651, 0, 1.0709, 5.1899, 0.3664, 6.5876, 6.4245, 6.8296, 1.0588, 0, 0.3521, 0, 1.9083, 5.6983, 9.3649, 2.5445, 1.3326, 6.582, 3.0278, 1, 0.6252, 0, 10.3578, 39.095, 29.0431],
      [15.4946, 97.1808, 85.5063, 2.9975, 0.5126, 14.4503, 39.1445, 0.2704, 1.827, 0, 5.235, 54.9018, 28.9298, 9.7556, 0.2702, 17.7486, 9.7931, 38.3073, 17.8727, 25.978, 21.2366, 30.9569, 0.3718, 0.3434, 29.8069, 2.5148, 0.1195, 15.4004, 3.2164, 17.0684, 2.537, 10.8231, 0.1667, 19.2137, 33.7434, 17.0039, 1.4468, 0.617, 1.8383, 0, 14.1623, 24.8652, 21.2631, 7.3594, 15.3332, 14.6139, 3.2209, 0.7528, 1.0709, 0.8216, 15.344, 50.7905, 46.1006],
      [126.8509, 915.5666, 742.8449, 17.3529, 6.0402, 87.2181, 299.0539, 4.6681, 50.6441, 23.662, 71.3292, 396.4917, 309.0779, 77.3002, 6.7429, 149.3356, 80.1922, 289.9613, 130.9535, 229.9369, 168.8097, 263.3482, 4.5729, 3.6566, 339.1481, 15.7023, 6.4931, 109.2404, 24.6966, 103.8703, 35.6118, 79.6567, 1.6018, 154.7614, 326.0622, 159.1848, 7.9601, 5.1252, 1.8893, 4.5316, 148.9576, 202.7933, 192.3752, 47.2969, 116.9614, 174.427, 17.6983, 2.6645, 5.1402, 9.3867, 187.3724, 571.0722, 408.6709],
      [17.7741, 121.4751, 77.9958, 1.0167, 0.4471, 12.3876, 42.3859, 1.0615, 5.0723, 3.2217, 7.2096, 49.5301, 38.0914, 12.4548, 0, 19.9753, 10.4495, 33.9824, 19.8799, 21.2192, 16.9102, 33.3009, 0.6178, 0, 41.1345, 0.1945, 0, 10.0613, 3.6244, 10.8194, 4.25, 10.8837, 0.0758, 10.3543, 38.6078, 20.6531, 0.1174, 0.0127, 0.9203, 0.3156, 6.181, 21.6782, 23.1122, 5.1696, 9.7015, 17.5872, 4.9317, 0.799, 0.1637, 0.7917, 26.4308, 79.7065, 59.7149],
      [11.4435, 45.7355, 32.5078, 1.2277, 0, 7.0134, 12.4275, 0, 0.6734, 0.5892, 4.7617, 19.1567, 12.3225, 6.3687, 0, 7.5472, 4.1071, 12.8119, 9.006, 10.0636, 8.8598, 17.9034, 0.4376, 0, 16.4031, 0.9926, 0.3874, 7.9285, 1.3974, 6.242, 2.5303, 5.4466, 0.7894, 9.083, 14.1622, 10.3286, 0.417, 0.2452, 0, 0.1529, 3.7908, 10.965, 8.8846, 4.6296, 4.6713, 8.7899, 2.1212, 1.7837, 0, 0, 9.495, 31.3358, 29.4706]
    ],
    [
      [0, 0, 0, 0, 0, 1.0049, 0.2406, 0, 0, 0.7772, 2.4052, 0, 0, 0, 0.888, 0, 1.2283, 0, 0, 0, 0, 1.0358, 0, 8.3267e-17, 2.9932, 0.0195, 0, 0.3361, 1.2048, 0, 0, 3.4756, 0.8367, 0.5135, 0, 0.382, 0.7431, 0, 0, 0, 0, 0, 1.9522, 1.2942, 0, 0.495, 0, 0, 0.3918, 0, 2.9843, 12.4435, 10.4949],
      [12.0352, 78.591, 55.6227, 4.3398, 0.3153, 13.9566, 47.4232, 0, 0, 0, 1.1431, 40.4058, 17.9701, 6.0166, 0.0576, 16.8305, 14.9025, 19.4552, 8.4415, 8.8773, 15.2516, 13.4798, 0, 1.3242, 19.6971, 1.1859, 0.8383, 15.5456, 2.7925, 16.2564, 2.3439, 10.832, 0.0154, 9.9004, 16.9558, 14.455, 1.1584, 0.3777, 0.1421, 0, 3.1258, 21.6009, 22.7904, 9.5831, 10.7045, 10.4549, 0, 0.1527, 1.4037, 0.2715, 7.008, 18.3961, 20.6845],
      [7.1367, 76.4031, 60.52, 3.1782, 1.7544, 2.3249, 17.2025, 0, 4.3238, 0.3327, 0.8944, 33.7132, 22.8967, 1.0958, 1.2482, 12.3577, 8.7756, 11.3156, 3.2746, 10.6544, 13.42, 8.6483, 0.1866, 0.8316, 28.34, 1.2137, 2.122, 10.9455, 0.5168, 14.6989, 5.5921, 3.324, 0.1729, 9.9669, 26.4054, 11.6431, 0.5434, 0.8288, 0, 0.3679, 5.428, 20.0444, 19.0437, 3.9325, 13.1123, 19.6875, 0, 0.0137, 0.461, 0.3253, 5.7884, 14.4663, 6.2114],
      [408.0102, 3458.5808, 1464.4718, 44.1289, 24.9303, 254.5665, 1263.7245, 11, 79.6762, 63.7919, 64.3255, 1209.065, 739.615, 267.3788, 9.8062, 598.2611, 392.4077, 420.7352, 282.7437, 239.1185, 324.4688, 372.2539, 8.767, 4.8442, 898.1836, 15.4475, 7.8892, 249.4503, 86.2842, 323.256, 181.3493, 269.9957, 5.8681, 188.5962, 724.2867, 481.9496, 12.5019, 6.7558, 2.8579, 7.6321, 84.3861, 501.991, 639.9417, 147.377, 223.8269, 401.1033, 115.793, 4.8103, 10.7435, 8.4032, 389.6566, 954.2897, 762.8791],
      [1.8179, 3.4251, 2.3855, 0.3531, 0, 1.147, 0.4092, 0, 0, 0.0983, 0.2318, 0.816, 0.5183, 0.5087, 0, 0.5508, 0.6859, 0.494, 0.5402, 0.3498, 0.8597, 1.5823, 0.0465, 0, 1.7861, 0.1334, 0.1505, 1.7225, 0.2017, 0.7887, 0.7147, 1.3728, 0.1069, 1.023, 0.3521, 1.5704, 0.0532, 0.0377, 0, 0, 0.0601, 1.3636, 1.272, 1.8132, 0.3563, 1.2593, 0.207, 0.0233, 0, 0, 0.5627, 2.4044, 3.7301]
    ],
    [
      [0, 0, 0, 0, 0, 0.0282, 0.0028, 0, 0, 0.1096, 0.0724, 0, 0, 0, 0.1918, 0, 0.0324, 0, 0, 0, 0, 0.1809, 0, 0, 0.1163, 0.0001, 0, 0.0101, 0.0243, 0, 0, 0.1106, 0.0168, 0.0368, 0, 0.0232, 0.0814, 0, 0, 0, 0, 0, 0.0511, 0.0671, 0, 0.0177, 0.0422, 0, 0.0203, 0, 0.0255, 0.4276, 0.472],
      [70.3088, 411.7887, 345.3137, 6.111, 5.4069, 34.5622, 100.9358, 1.3738, 8.0648, 2.9729, 7.4376, 148.7624, 93.4706, 30.1582, 3.6722, 68.0414, 48.324, 140.5101, 68.0047, 82.7609, 76.2089, 120.4963, 2.6018, 3.0441, 121.9169, 0.7916, 2.0018, 37.8746, 9.1793, 20.9478, 9.6885, 36.6673, 0.8178, 41.5703, 107.7501, 102.038, 3.9478, 1.5069, 0, 0, 33.4209, 81.0375, 76.7362, 27.7085, 37.0974, 55.7479, 16.3558, 3.0945, 2.5079, 1.4167, 22.6873, 118.6828, 115.2483],
      [21.6037, 146.8041, 118.481, 1.3709, 2.7824, 7.6684, 27.573, 0.4024, 5.6624, 3.2624, 2.9299, 46.5217, 35.1957, 8.9742, 1.9483, 22.0163, 14.0481, 41.1539, 19.7775, 28.9511, 23.9665, 37.061, 0.8676, 0.9559, 47.3597, 0.1501, 0.9106, 10.3009, 2.3601, 5.4665, 4.8315, 9.5815, 0.0885, 13.0385, 40.6864, 33.5608, 0.7686, 0.4001, 0, 0, 13.4043, 25.8125, 24.8046, 6.6443, 12.076, 22.959, 3.9162, 0.3218, 0.3821, 0.427, 9.2447, 43.685, 35.1274],
      [11.2917, 71.789, 48.5535, 0.4281, 0.8107, 4.1716, 14.4518, 0.2238, 2.1957, 1.5818, 1.3883, 21.6927, 16.0653, 5.1941, 0.1877, 10.9371, 6.9413, 18.7103, 10.9772, 11.1574, 9.6834, 17.9045, 0.4506, 0, 21.5283, 0.0499, 0.036, 4.125, 1.3135, 2.2865, 2.1663, 5.0298, 0.0374, 4.6537, 17.975, 16.3736, 0.1638, 0.0746, 0, 0, 3.8646, 10.8824, 11.3669, 2.9458, 4.3916, 9.2229, 3.2946, 0.3906, 0.0897, 0.1563, 4.6176, 22.0369, 18.839],
      [1.7958, 6.6182, 4.6518, 0.09, 0, 0.5695, 1.0366, 0, 0.0771, 0.0733, 0.1719, 2.0232, 1.2684, 0.6736, 0, 1.0052, 0.6541, 1.6257, 1.2406, 1.1306, 1.1413, 2.3572, 0.0799, 0, 2.0788, 0.0084, 0.0516, 0.6894, 0.1228, 0.2992, 0.3137, 0.6109, 0.0394, 0.7008, 1.5885, 2.0044, 0.0384, 0.0184, 0, 0, 0.3102, 1.2676, 1.0412, 0.6343, 0.435, 1.0526, 0.3912, 0.193, 0, 0, 0.425, 2.1676, 2.3133]
    ],
    [
      [1.4171, 53.0837, 31.2137, 1.5232, 4.9679e-34, 11.0346, 53.58, 0, 4.2053, 2.4351, 6.4126, 32.5801, 25.7147, 3.5617, 0, 18.5888, 3.921, 26.3447, 7.5838, 10.7967, 17.9717, 13.5944, 0.4701, 0, 31.9615, 1.1791, 0.4699, 15.9516, 2.8835, 17.2133, 6.6856, 20.1406, 0, 13.8495, 29.6895, 18.0618, 0.7718, 0.5744, 0, 0, 5.0325, 18.6355, 19.6519, 9.7575, 7.5884, 15.5713, 3.4287, 0, 0.9627, 0, 21.5326, 71.6378, 66.7215],
      [0.1266, 4.0804, 2.8202, 0.178, 0.4467, 0.9211, 3.9912, 0.3558, 0.148, 0.0233, 0.1932, 3.2625, 1.7275, 0.2905, 0, 1.4328, 0.2416, 2.1235, 0.7263, 1.029, 1.5859, 0.9198, 0.0204, 0.2882, 1.8906, 0.1076, 0.0284, 1.5422, 0.1275, 2.4264, 0.3625, 1.3105, 0, 1.1241, 2.3824, 1.2949, 0.0335, 0.0434, 0, 0, 0.5042, 1.6727, 1.2954, 0.8324, 0.8031, 1.0212, 0.1212, 0, 0.0175, 0, 1.0631, 3.4714, 3.7601],
      [0.2482, 9.1989, 6.0193, 0.2589, 0.5871, 1.2819, 6.8591, 0.9295, 0.7031, 0.1808, 0.5059, 6.4099, 4.1265, 0.5559, 0, 2.9396, 0.4466, 3.8872, 1.3515, 2.2266, 3.0951, 1.7937, 0.0552, 0.556, 4.672, 0.1602, 0.0992, 2.5967, 0.2148, 3.9756, 1.1891, 2.1436, 0, 2.1934, 5.6823, 2.7031, 0.0441, 0.09, 0, 0.1005, 1.2376, 3.3329, 2.6454, 1.2261, 1.6275, 2.6709, 0.1936, 0, 0.0167, 0, 2.7803, 8.2156, 7.2387],
      [0.1899, 6.6568, 3.8817, 0.1352, 0.2759, 1.0532, 5.4218, 0.7148, 0.4112, 0.1349, 0.3598, 4.4854, 2.8279, 0.4673, 0, 2.1805, 0.3322, 2.7092, 1.0702, 1.3805, 1.9635, 1.3074, 0.0425, 0.1558, 3.1974, 0.0706, 0.0138, 1.5816, 0.1804, 2.4695, 0.8067, 1.7088, 0, 1.2321, 3.7802, 1.9701, 0.0212, 0.029, 0, 0.0524, 0.6221, 2.1662, 1.8354, 0.8361, 0.9474, 1.642, 0.2374, 0, 0.0031, 0, 2.123, 6.3028, 5.9492],
      [1.0182, 20.9801, 12.0651, 0.9048, 0.6904, 4.7092, 13.1478, 0, 0.5324, 0.226, 1.5284, 14.2622, 7.6034, 2.1246, 0, 6.8584, 1.0586, 7.9355, 4.2682, 4.5671, 7.3838, 5.3847, 0.4118, 0, 10.2785, 0.4825, 0.3886, 8.3279, 0.5938, 10.915, 3.9561, 6.6965, 0, 5.6009, 11.4656, 7.9701, 0.1293, 0.2632, 0, 0.8471, 1.6036, 8.1927, 5.5719, 5.3479, 3.0335, 6.0945, 1.0191, 0, 0, 0, 6.501, 20.3724, 23.3306]
    ],
    [
      [0.0739, 0.6946, 0.4945, 0.0044, 0, 0.0807, 0.4275, 0, 0.0426, 0, 0.1371, 0.2458, 0.2453, 0.0552, 0, 0.0844, 0.1021, 0.2682, 0.1289, 0.1429, 0.1087, 0.4073, 0, 0, 0.3391, 0.0056, 0, 0.06, 0.0241, 0.0594, 0.0302, 0.1504, 0, 0.1137, 0.27, 0.1468, 0.0152, 0.0012, 0, 0, 0.0726, 0.1469, 0.2092, 0.0538, 0.0438, 0.1592, 0.0579, 0, 0, 0, 0.0845, 0.6499, 0.5295],
      [3.8366, 29.8352, 25.256, 0.3378, 0.245, 3.666, 17.6255, 0, 0.9258, 0, 1.9141, 14.1346, 9.2514, 2.6621, 0, 3.6735, 3.5806, 11.9596, 7.6345, 8.1078, 5.3711, 14.8415, 0, 0, 11.0809, 0.3679, 0, 3.1352, 0.6503, 5.1112, 0.9669, 5.0961, 0, 4.9859, 12.5674, 5.8845, 0.3707, 0.2896, 0, 0, 4.6188, 7.4322, 7.6282, 2.3888, 2.6852, 5.8434, 1.2881, 0, 0, 0.4441, 2.3273, 16.6846, 15.3584],
      [3.3036, 29.5558, 23.7505, 0.2151, 0.361, 2.3019, 13.4392, 0, 1.8168, 0, 2.1396, 12.2635, 9.657, 2.2374, 0, 3.3171, 2.9111, 9.7848, 6.2719, 7.7181, 4.6495, 12.7647, 0, 0, 11.9201, 0.2201, 0, 2.362, 0.4814, 3.7096, 1.3588, 3.75, 0, 4.2868, 13.0958, 5.3955, 0.2157, 0.2439, 0, 0, 4.9529, 6.537, 6.8526, 1.6106, 2.3935, 6.6264, 0.8989, 0, 0, 0.4339, 2.6521, 17.1467, 13.1561],
      [1.2781, 10.7645, 7.7349, 0.0608, 0.0843, 0.9434, 5.2838, 0, 0.5405, 0, 0.7705, 4.3217, 3.3327, 0.9445, 0, 1.2291, 1.0903, 3.4488, 2.5048, 2.4238, 1.5221, 4.6832, 0, 0, 4.1147, 0.056, 0, 0.77, 0.1996, 1.192, 0.4614, 1.4915, 0, 1.2828, 4.4012, 1.9742, 0.0605, 0.045, 0, 0, 1.2559, 2.1654, 2.4022, 0.5815, 0.7172, 2.0817, 0.5235, 0, 0, 0.122, 0.9973, 6.4892, 5.2594],
      [6.5078, 32.15, 22.7641, 0.382, 0.3096, 4.008, 12.224, 0, 0.6744, 0, 3.0387, 13.0345, 8.5137, 4.1008, 0, 3.696, 3.3159, 9.5386, 9.4599, 7.6073, 5.3485, 18.3033, 0, 0, 12.5451, 0.3505, 0, 3.6728, 0.6447, 4.9277, 2.1827, 5.5119, 0, 5.3308, 12.6655, 7.599, 0.3379, 0.4203, 0, 0, 3.0997, 7.7186, 6.9078, 3.3653, 2.1604, 7.2894, 2.2315, 0, 0, 0, 2.9388, 20.0296, 19.6966]
    ]
  ],
  "V_est": [
    [843.8679, 18.5828, 445.0401, 206.1292, 22.38],
    [307.8783, 890.2994, 7915.9626, 954.4519, 417.4078],
    [48.1403, 615.1122, 527.6848, 19714.1769, 39.8858],
    [2.161, 2968.7722, 988.2871, 454.7001, 47.0796],
    [725.9854, 54.169, 111.2663, 77.9362, 266.6431],
    [6.967, 282.0644, 258.7591, 91.6058, 296.6038]
  ],
  "p_est": [
    [0.5494, 0.0121, 0.2897, 0.1342, 0.0146],
    [0.0294, 0.0849, 0.7549, 0.091, 0.0398],
    [0.0023, 0.0294, 0.0252, 0.9412, 0.0019],
    [0.0005, 0.6655, 0.2215, 0.1019, 0.0106],
    [0.5874, 0.0438, 0.09, 0.0631, 0.2157],
    [0.0074, 0.3014, 0.2765, 0.0979, 0.3169]
  ],
  "EI_Z": {},
  "EI_V": 7.9725,
  "MAE_Z": {},
  "MAE_V": 210.473,
  "MAE_p": 0.0887,
  "runtime": 0.004
}
