{
  "Z_true": {},
  "V_true": [
    [545, 38, 753, 167, 33],
    [799, 860, 7880, 736, 211],
    [265, 866, 480, 18983, 351],
    [63, 2842, 582, 868, 106],
    [209, 118, 441, 375, 93],
    [54, 105, 111, 370, 296]
  ],
  "p_true": [
    [0.3548, 0.0247, 0.4902, 0.1087, 0.0215],
    [0.0762, 0.082, 0.7515, 0.0702, 0.0201],
    [0.0127, 0.0413, 0.0229, 0.9063, 0.0168],
    [0.0141, 0.6371, 0.1305, 0.1946, 0.0238],
    [0.1691, 0.0955, 0.3568, 0.3034, 0.0752],
    [0.0577, 0.1122, 0.1186, 0.3953, 0.3162]
  ],
  "Z_est": [
    [
      [8.4319, 76.8577, 61.3724, 1.1325, 4.8891e-18, 18.3206, 44.1761, 0, 5.3292, 2.2551, 15.956, 56.7819, 38.3012, 5.4799, 0.9516, 13.5552, 9.5472, 28.6181, 12.4522, 9.8772, 14.4652, 16.9242, 0.5298, 0, 40.9487, 1.2633, 0.5355, 18.0223, 2.8742, 17.5194, 7.5941, 15.3318, 1.7927, 9.4071, 29.2256, 17.2461, 2.3747, 0.443, 1.5716, 0, 6.495, 16.3619, 16.4863, 5.4589, 12.7816, 19.2114, 1.4617, 0, 0, 0, 51.913, 84.925, 58.6324],
      [0.5664, 4.4334, 4.1539, 0.0995, 0.1005, 1.1895, 2.489, 0, 0.1285, 0.0154, 0.3431, 4.3443, 1.9301, 0.3388, 0.0002, 0.7797, 0.4472, 1.7113, 0.8878, 0.6938, 0.9398, 0.8465, 0.0198, 0, 1.7953, 0.096, 0.0267, 1.3221, 0.0971, 3.5832, 0.307, 0.7336, 0.0086, 0.5692, 1.7397, 0.9033, 0.0941, 0.2095, 0.1373, 0, 0.488, 1.0955, 0.8155, 0.3344, 1.0468, 0.9353, 0.0386, 0, 0, 0.152, 1.9399, 3.0632, 2.4656],
      [3.4115, 30.8215, 27.3717, 0.4274, 1.2681, 4.9832, 13.1903, 0, 2.0292, 0.3767, 2.7833, 26.1412, 14.1605, 1.9549, 0.0399, 4.953, 2.5644, 9.7369, 5.2049, 4.5527, 5.689, 5.1219, 0.2733, 0, 13.8523, 0.3652, 0.3294, 6.749, 0.4913, 10.2189, 3.2198, 3.8939, 0.0883, 3.2707, 12.8235, 6.0909, 0.3199, 0.2191, 0.0246, 0, 3.5379, 6.6824, 5.0855, 1.6048, 6.2946, 7.5827, 0.2006, 0, 0, 1.0799, 15.5084, 22.2405, 14.7693],
      [3.1256, 26.5167, 21.2809, 0.2933, 0.6315, 4.8922, 12.2899, 0, 1.4639, 0.3381, 2.6158, 21.7852, 11.7281, 1.9739, 0.0083, 4.3303, 2.2407, 8.2813, 4.9136, 3.5609, 4.4561, 4.587, 0.1521, 0, 11.3792, 0.2383, 0.0838, 5.1708, 0.4938, 7.7246, 2.531, 3.6419, 0.0343, 2.46, 10.3395, 5.1841, 0.1841, 0.1108, 0.2665, 0, 2.3228, 5.3061, 4.2497, 1.3733, 4.4848, 5.6848, 0.2671, 0, 0, 0.7681, 14.4105, 20.8785, 14.5203],
      [0.4645, 2.3707, 1.8212, 0.0473, 0, 0.6146, 0.8547, 0, 0.0492, 0.0147, 0.3018, 1.9474, 0.8801, 0.2525, 0, 0.3818, 0.2006, 0.6525, 0.5416, 0.3154, 0.4499, 0.5204, 0.025, 0, 1.0245, 0.0371, 0.0245, 0.7358, 0.0436, 0.9538, 0.3481, 0.3987, 0.0761, 0.293, 0.8716, 0.5756, 0.0273, 0.0176, 0, 0, 0.1563, 0.5541, 0.363, 0.2285, 0.3921, 0.5858, 0.032, 0, 0, 0, 1.2282, 1.8928, 1.6123]
    ],
    [
      [2.9461, 21.7739, 14.3752, 0.4062, 0, 4.6056, 13.9827, 0, 1.2232, 2.1034, 9.9019, 0.9215, 9.5783, 1.8938, 0.806, 3.929, 3.9474, 10.7174, 1.7601, 3.9912, 4.5605, 12.2548, 0, 0, 13.7379, 0.4427, 0, 3.9472, 2.2319, 0, 0.7227, 4.72, 0.3362, 6.1171, 4.6197, 6.0372, 0.8386, 0, 0.4284, 2.157e-32, 1.2795, 4.9724, 8.4594, 2.342, 0.7136, 5.7534, 2.9343, 1, 0.6054, 0, 9.182, 35.8626, 28.7148],
      [11.3224, 71.3583, 61.5807, 2.314, 0.1987, 10.7035, 27.8684, 2.2204e-16, 0.058, 0, 3.6918, 42.2601, 21.0151, 7.8905, 0, 12.8732, 6.9071, 27.1203, 12.9258, 18.4695, 15.2021, 21.6185, 0.1789, 0.0795, 19.992, 2.1452, 0, 11.2502, 2.3723, 12.5579, 1.8923, 7.4724, 0.1146, 14.4513, 24.998, 11.3059, 1.1223, 0.3205, 1.7564, 0, 9.8417, 18.0504, 15.0654, 5.2626, 11.8119, 9.7491, 2.1598, 0.7899, 0.8705, 0.5356, 10.9107, 34.9096, 32.4491],
      [137.5792, 987.5959, 799.68, 18.6342, 6.5569, 95.4043, 325.337, 5.2651, 54.6555, 25.0399, 75.2627, 428.6338, 331.7095, 83.0276, 7.194, 161.6352, 87.2882, 313.3725, 142.3623, 245.1372, 182.0936, 283.6457, 4.9939, 3.9205, 364.777, 16.3833, 6.644, 118.2794, 26.4914, 112.5334, 38.2332, 87.3153, 1.7955, 164.5131, 349.9171, 173.3617, 8.6297, 5.4398, 1.9754, 4.6948, 156.7735, 218.3753, 207.4372, 51.8268, 125.2827, 186.8012, 19.32, 2.8918, 5.5242, 9.9641, 200.9236, 611.4136, 439.3127],
      [12.1568, 82.5791, 50.6002, 0.4335, 0.2444, 8.3957, 29.0555, 0.7349, 3.5297, 2.2927, 5.4296, 33.1772, 26.2753, 8.9184, 0, 13.5201, 6.8816, 23.6369, 14.3386, 14.804, 10.7439, 24.2476, 0.4412, 0, 27.8063, 0, 0, 5.8691, 2.5212, 6.7877, 2.7599, 7.2455, 0, 6.0156, 26.5707, 13.717, 0, 0, 0.8398, 0.2185, 3.4586, 14.0336, 15.3927, 3.1308, 5.6914, 11.2958, 4.5482, 0.664, 0, 0.5003, 18.8396, 59.333, 43.8394],
      [10.9955, 42.6929, 30.7639, 1.212, 0, 6.8908, 11.7563, 0, 0.5335, 0.564, 4.7141, 18.0073, 11.4218, 6.2697, 0, 7.0425, 3.9758, 12.1529, 8.6131, 9.5981, 8.3999, 17.2333, 0.386, 0, 15.6868, 1.0287, 0.356, 7.6542, 1.3831, 6.121, 2.3919, 5.2468, 0.7537, 8.9029, 12.8945, 9.5782, 0.4094, 0.2397, 0, 0.0867, 3.6467, 10.5683, 8.6453, 4.4378, 4.5004, 8.4005, 2.0377, 1.6542, 0, 0, 9.144, 30.4811, 28.6839]
    ],
    [
      [0, 0, 0, 0, 0, 1.2405, 0.5511, 5.5511e-17, 0, 0.3914, 2.3916, 0, 0, 0, 0.9678, 0, 1.3253, 0, 0, 0, 0, 1.015, 0, 1.3878e-17, 2.5326, 0.1751, 0, 0.4481, 0.9728, 0, 0, 3.7725, 0.8537, 0.5368, 0, 0.3973, 0.9152, 0, 0, 0, 0, 0, 2.0509, 1.5024, 0, 0.1348, 0, 0, 0.4148, 0, 2.4583, 12.1344, 9.1744],
      [10.5172, 57.1733, 42.5718, 4.2809, 0, 13.31, 41.4994, 0, 0, 0, 0.917, 31.9965, 12.0572, 4.6445, 0, 13.5688, 13.3406, 15.831, 6.4507, 6.5436, 12.5262, 10.7556, 0, 1.0903, 13.3522, 1.1569, 0.7055, 14.0322, 2.6511, 13.8806, 1.1837, 9.2773, 0.0432, 8.6519, 9.6253, 10.6695, 1.1226, 0.4124, 0.1064, 0, 2.1667, 18.2138, 19.3715, 8.7994, 8.9478, 7.2164, 0, 0.0889, 1.4471, 0.186, 5.5951, 13.5214, 16.9742],
      [5.6071, 72.4085, 57.4426, 2.7498, 2.0997, 0, 11.0536, 4.1087e-33, 3.3539, 0.2426, 0.0322, 31.7757, 20.8216, 0, 1.3127, 11.1468, 7.8672, 8.583, 1.8909, 8.9547, 12.1404, 5.5661, 0.1121, 1.0187, 27.0416, 0.9235, 2.3158, 9.6474, 0, 14.346, 6.2986, 1.8415, 0.0692, 7.8921, 25.0151, 11.7996, 0.3447, 0.7999, 0, 0.2586, 4.7566, 18.0893, 16.5385, 3.0052, 12.3904, 19.544, 0, 0, 0.2397, 0.3289, 3.782, 5.7497, 0],
      [412.0865, 3487.4181, 1482.6584, 44.6626, 24.9003, 257.6405, 1275.8959, 11, 80.6461, 64.346, 65.5513, 1220.2278, 748.1212, 270.3555, 9.7195, 603.2844, 395.1774, 427.586, 286.6583, 243.5018, 328.9664, 378.8902, 8.8614, 4.891, 907.7714, 15.6273, 7.8556, 252.544, 87.2625, 326.3032, 182.2811, 273.0679, 5.9332, 192.2314, 733.3596, 486.491, 12.5637, 6.7528, 2.8936, 7.7414, 86.0767, 508.083, 646.4816, 149.1231, 226.5777, 405.636, 116, 4.9111, 10.8984, 8.4851, 394.1646, 969.9018, 775.611],
      [0.7893, 0, 0.3271, 0.3067, 0, 0.8091, 0, 0, 0, 0.0199, 0.108, 0, 0, 0, 0, 0, 0.2895, 0, 0, 0, 0.3669, 0.7732, 0.0265, 0, 0.3022, 0.1172, 0.1231, 1.3283, 0.1137, 0.4701, 0.2366, 1.0408, 0.1008, 0.6878, 0, 0.6427, 0.0539, 0.0348, 0, 0, 0, 0.614, 0.5575, 1.57, 0.0841, 0.4688, 0, 0, 0, 0, 0, 0.6926, 2.2404]
    ],
    [
      [0, 0, 0, 0, 0, 0.0443, 0.0314, 0, 0, 0.7617, 0.0753, 0, 0, 0, 0.2746, 0, 0.0467, 0, 0, 0, 0, 0.2158, 0, 0, 0.1303, 0.0002, 0, 0.0208, 0.0287, 0, 0, 0.1291, 0.0175, 0.0486, 0, 0.0507, 0.0851, 0, 0, 0, 0, 0, 0.0718, 0.0841, 0, 0.0162, 0.0517, 0, 0.0223, 0, 0.0276, 0.4539, 0.5214],
      [74.492, 442.9912, 369.823, 6.4711, 5.7715, 36.1806, 107.2098, 1.0781, 9.2128, 2.9199, 8.1055, 159.1454, 101.2088, 32.0853, 3.9998, 72.7744, 51.3683, 148.8632, 71.6717, 88.811, 81.0308, 127.4652, 2.7477, 3.211, 131.4624, 0.8505, 2.1979, 39.9781, 9.7656, 22.1417, 10.4957, 38.3523, 0.8336, 44.507, 116.2633, 107.8239, 4.1386, 1.5963, 0, 0, 36.5109, 86.5161, 82.2505, 28.8323, 39.935, 60.3188, 16.9365, 3.1212, 2.6469, 1.5585, 24.8262, 127.9694, 122.119],
      [14.3056, 99.1518, 81.2668, 0.8814, 2.286, 4.9833, 18.3411, 0.2628, 3.9521, 2.2511, 1.8595, 31.3621, 23.692, 5.781, 1.4534, 14.8375, 9.4803, 27.6941, 13.219, 19.4615, 16.3699, 24.4805, 0.5915, 0.789, 32.2901, 0.0835, 0.6536, 6.9316, 1.5031, 3.6682, 3.3667, 6.5246, 0.0471, 8.5545, 27.6988, 23.3902, 0.4979, 0.2757, 0, 0, 9.0454, 17.408, 16.6117, 4.5018, 8.1295, 15.7683, 2.5681, 0.1082, 0.2294, 0.2676, 6.0656, 28.6183, 22.951],
      [12.6876, 81.5683, 56.5751, 0.4749, 0.9426, 4.6778, 16.3043, 0.6591, 2.666, 1.9116, 1.6181, 24.6191, 18.5303, 5.8007, 0.2722, 12.3876, 7.7854, 22.1692, 12.6501, 13.4885, 11.337, 21.2583, 0.5099, 0, 24.9118, 0.0509, 0.0528, 4.7305, 1.4604, 2.5862, 2.4932, 5.7854, 0.0324, 5.5309, 20.9355, 18.8035, 0.2025, 0.091, 0, 0, 4.8388, 12.5402, 12.9653, 3.3842, 5.0622, 10.7705, 3.6695, 0.4249, 0.1014, 0.1739, 5.2305, 25.6215, 21.8726],
      [3.5149, 13.2887, 9.3351, 0.1726, 0, 1.114, 2.1133, 0, 0.1691, 0.1557, 0.3417, 3.8734, 2.5689, 1.333, 0, 2.0005, 1.3193, 3.2735, 2.4592, 2.2391, 2.2623, 4.5801, 0.1509, 0, 4.2053, 0.0149, 0.0957, 1.339, 0.2422, 0.6039, 0.6444, 1.2086, 0.0694, 1.359, 3.1024, 3.9317, 0.0759, 0.037, 0, 0, 0.6049, 2.5357, 2.1007, 1.1976, 0.8733, 2.1262, 0.7743, 0.3458, 0, 0, 0.8501, 4.3369, 4.5361]
    ],
    [
      [1.3744, 52.076, 30.6047, 1.447, 0, 10.5346, 51.895, 5.5511e-17, 4.3039, 2.4883, 6.3052, 31.4821, 25.3183, 3.4423, 0, 18.2368, 3.809, 25.7809, 7.3356, 10.6342, 17.6108, 13.2827, 0.4702, 0, 31.5484, 1.1019, 0.4645, 15.3674, 2.8164, 16.2754, 6.5826, 19.5802, 0, 13.5218, 29.2397, 17.7821, 0.7456, 0.5472, 0, 0, 4.9682, 18.1776, 19.2558, 9.4413, 7.3598, 15.3623, 3.3641, 0, 0.9576, 0, 21.15, 70.5991, 65.3223],
      [0.3045, 9.9665, 6.7947, 0.4171, 0.6252, 2.1775, 9.6217, 0.9219, 0.3928, 0.0648, 0.5095, 7.8742, 4.2731, 0.7047, 0, 3.4676, 0.5868, 4.9981, 1.7201, 2.4587, 3.736, 2.188, 0.0536, 0.6191, 4.6506, 0.2764, 0.0699, 3.5971, 0.3149, 5.643, 0.9008, 3.0715, 0, 2.6708, 5.7943, 3.0896, 0.08, 0.1009, 0, 0, 1.2335, 3.9899, 3.1409, 1.8923, 1.9418, 2.5047, 0.2946, 0, 0.0356, 0, 2.7503, 8.7064, 9.1382],
      [0.123, 4.6174, 3.0322, 0.1241, 0.4297, 0.6155, 3.3766, 0.4722, 0.3686, 0.0896, 0.2337, 3.2082, 2.0755, 0.2686, 0, 1.4679, 0.226, 1.9298, 0.6706, 1.0967, 1.5561, 0.8819, 0.0292, 0.2719, 2.3714, 0.0745, 0.0572, 1.2993, 0.1029, 1.9768, 0.6218, 1.0561, 0, 1.0696, 2.8628, 1.3899, 0.0221, 0.049, 0, 0.0466, 0.6111, 1.6581, 1.3152, 0.6058, 0.8121, 1.3651, 0.0938, 0, 0.0067, 0, 1.3842, 3.9578, 3.3806],
      [0.1499, 5.3058, 3.1161, 0.0999, 0.2281, 0.8254, 4.2875, 0.6059, 0.3479, 0.1116, 0.3039, 3.557, 2.2886, 0.3681, 0, 1.7263, 0.2632, 2.1885, 0.8597, 1.1197, 1.5587, 1.0621, 0.0354, 0.109, 2.584, 0.0526, 0.0078, 1.2193, 0.1431, 1.8856, 0.6471, 1.3508, 0, 0.9775, 3.0536, 1.5764, 0.0161, 0.0213, 0, 0.04, 0.5144, 1.7122, 1.4553, 0.6366, 0.7492, 1.3236, 0.1902, 0, 0.0001, 0, 1.7402, 5.202, 4.8664],
      [1.0483, 22.0343, 12.4523, 0.912, 0.717, 4.847, 13.8192, 0, 0.5869, 0.2457, 1.6476, 14.8785, 8.0444, 2.2164, 0, 7.1013, 1.115, 8.1026, 4.414, 4.6907, 7.5384, 5.5853, 0.4116, 0, 10.8456, 0.4946, 0.4007, 8.5169, 0.6227, 11.2193, 4.2477, 6.9414, 0, 5.7603, 12.0496, 8.1621, 0.1362, 0.2816, 0, 0.9133, 1.6728, 8.4622, 5.8329, 5.424, 3.1371, 6.4442, 1.0573, 0, 0, 0, 6.9753, 21.5347, 24.2925]
    ],
    [
      [0.2476, 2.2925, 1.6478, 0.0143, 0, 0.2544, 1.3638, 0, 0.1437, 0, 0.37, 0.8145, 0.8022, 0.184, 0, 0.279, 0.3243, 0.8835, 0.4522, 0.4974, 0.3634, 1.3074, 0, 0, 1.1022, 0.0168, 0, 0.1943, 0.0761, 0.2052, 0.1006, 0.4663, 0, 0.3686, 0.9149, 0.4867, 0.0408, 0.0098, 0, 0, 0.2573, 0.4881, 0.6758, 0.1713, 0.145, 0.5219, 0.1882, 0, 0, 0, 0.2691, 2.0249, 1.6347],
      [4.7975, 37.0773, 31.0758, 0.4173, 0.3041, 4.4389, 21.3117, 0, 1.208, 0, 2.4332, 17.3795, 11.5157, 3.3362, 0, 4.5362, 4.35, 14.4761, 9.3438, 10.0235, 6.5651, 18.1261, 0, 0, 13.7474, 0.475, 0, 3.8202, 0.7989, 6.1935, 1.2204, 6.0929, 0, 6.1498, 15.5794, 7.2078, 0.4424, 0.3605, 0, 0, 5.7593, 9.1344, 9.3561, 2.879, 3.3167, 7.2756, 1.5705, 0, 0, 0.5678, 2.9778, 20.83, 18.8539],
      [2.9736, 26.4049, 21.2067, 0.1832, 0.3598, 2.0137, 11.7013, 0, 1.6407, 0, 1.8286, 10.8789, 8.5408, 1.9678, 0, 2.9596, 2.5739, 8.6837, 5.6522, 6.7972, 4.151, 11.3039, 0, 0, 10.6676, 0.17, 0, 2.0932, 0.4113, 3.2567, 1.2599, 3.3686, 0, 3.6999, 11.6827, 4.9677, 0.1858, 0.2164, 0, 0, 4.2755, 5.7868, 6.0119, 1.4557, 2.0906, 5.9387, 0.8175, 0, 0, 0.3595, 2.3361, 15.0201, 11.5863],
      [0.7936, 6.6119, 4.7693, 0.0357, 0.0531, 0.5684, 3.1667, 0, 0.3464, 0, 0.4813, 2.6337, 2.0565, 0.5835, 0, 0.7513, 0.6519, 2.138, 1.5797, 1.5252, 0.9378, 2.9548, 0, 0, 2.5473, 0.0309, 0, 0.4663, 0.1191, 0.7127, 0.2877, 0.9085, 0, 0.7847, 2.7411, 1.2281, 0.0336, 0.0241, 0, 0, 0.7887, 1.325, 1.4555, 0.3519, 0.4347, 1.2893, 0.3251, 0, 0, 0.0727, 0.6146, 4.0631, 3.2903],
      [6.1877, 30.6134, 21.3005, 0.3494, 0.283, 3.7246, 11.4565, 0, 0.6613, 0, 2.8869, 12.2934, 8.0848, 3.9285, 0, 3.4739, 3.0998, 8.8186, 8.9721, 7.1567, 4.9826, 17.3078, 0, 0, 11.9355, 0.3073, 0, 3.4259, 0.5947, 4.6318, 2.1314, 5.1636, 0, 4.9971, 12.082, 7.1097, 0.2974, 0.3893, 0, 0, 2.9193, 7.2657, 6.5007, 3.1421, 2.0129, 6.9745, 2.0987, 0, 0, 0, 2.8024, 19.0619, 18.6348]
    ]
  ],
  "V_est": [
    [881.1924, 50.4561, 313.5989, 265.5742, 25.1783],
    [271.6774, 639.7942, 8522.8556, 653.5159, 398.157],
    [46.3567, 488.4738, 459.198, 19935.6761, 15.2954],
    [3.2098, 3172.5861, 666.5118, 525.2163, 93.476],
    [709.9631, 130.3644, 55.3556, 62.4837, 277.8332],
    [22.6006, 347.3254, 229.4801, 56.5338, 280.0601]
  ],
  "p_est": [
    [0.5737, 0.0328, 0.2042, 0.1729, 0.0164],
    [0.0259, 0.061, 0.8128, 0.0623, 0.038],
    [0.0022, 0.0233, 0.0219, 0.9518, 0.0007],
    [0.0007, 0.7112, 0.1494, 0.1177, 0.021],
    [0.5744, 0.1055, 0.0448, 0.0506, 0.2248],
    [0.0241, 0.3711, 0.2452, 0.0604, 0.2992]
  ],
  "EI_Z": {},
  "EI_V": 9.3535,
  "MAE_Z": {},
  "MAE_V": 246.9317,
  "MAE_p": 0.0973,
  "runtime": 0.004
}
