{
  "Z_true": {},
  "V_true": [
    [11, 8, 216, 2127, 13],
    [1130, 530, 488, 438, 32],
    [1162, 4095, 879, 1223, 159],
    [301, 170, 6283, 16794, 202],
    [183, 309, 354, 520, 277]
  ],
  "p_true": [
    [0.0046, 0.0034, 0.0909, 0.8956, 0.0055],
    [0.4316, 0.2024, 0.1864, 0.1673, 0.0122],
    [0.1546, 0.5447, 0.1169, 0.1627, 0.0211],
    [0.0127, 0.0072, 0.2645, 0.7071, 0.0085],
    [0.1114, 0.1881, 0.2155, 0.3165, 0.1686]
  ],
  "Z_est": [
    [
      [0.0218, 0.0029, 0, 0.2034, 0.0807, 0.0318, 0.0708, 0.06, 0.1313, 0.0712, 0.0964, 0.0217, 0.0099, 0.0082, 0.0038, 0.0009, 0.0748, 0.0358, 0.0572, 0.0285, 0.1078, 0.0146, 0.0659, 0, 0.1655, 0.0891, 0.1479, 0.0112, 0.1285, 0.0479, 0.092, 0.0589, 0.0867, 0.1167, 0.0762, 0, 0.2971, 0.0745, 0.4416, 0.2775],
      [0.0252, 0.0044, 0, 0.2458, 0.1258, 0.0811, 0.1893, 0.1114, 0.1505, 0.0903, 0.1376, 0.0398, 0.1444, 0.0088, 0.0067, 0.0007, 0.0657, 0.0528, 0.1113, 0.0429, 0.1536, 0.0236, 0.0811, 0, 0.1978, 0.1106, 0.1965, 0.0557, 0.129, 0.0964, 0.104, 0.0845, 0.1106, 0.1342, 0.1049, 0.0544, 0.4548, 0.1208, 0.5484, 0.4573],
      [1.6819, 0.3924, 0, 9.4317, 7.5643, 3.0711, 9.7629, 5.6926, 9.9629, 6.3935, 2.3265, 2.1779, 6.5367, 0.3387, 0.2975, 0.1015, 5.3788, 2.3066, 3.448, 1.3552, 6.3663, 1.2151, 3.9136, 0.7852, 9.0758, 6.335, 9.6612, 2.9979, 7.0891, 5.1621, 7.4499, 6.523, 6.7251, 9.7, 9.2273, 2.3654, 26.652, 4.9548, 21.9611, 20.9464],
      [13.2683, 0.5986, 0, 72.1156, 56.2282, 30.816, 84.9728, 51.1357, 96.7536, 60.4424, 11.4328, 13.7606, 51.309, 3.6422, 3.692, 0.8968, 52.4697, 23.6021, 22.3835, 15.5716, 59.3722, 9.7445, 34.9374, 4.2148, 88.561, 60.4653, 123.9944, 21.9351, 85.6535, 45.6937, 70.3541, 64.3336, 71.0776, 107.0418, 124.5746, 3.5802, 218.5961, 26.8499, 162.0382, 71.3124],
      [0.0028, 0.0018, 0, 0.0035, 0.0009, 0, 0.0042, 0.0004, 0.0017, 0.0026, 0.0069, 0, 0, 0.0022, 0, 0, 0.011, 0.0028, 0, 0.0018, 0, 0.0022, 0.0019, 0, 0, 0, 0, 0, 0, 0, 0, 0, 0, 0.0073, 0.017, 0, 0, 0, 0.0108, 0.0064]
    ],
    [
      [22.1054, 1.672, 0, 72.2935, 47.1328, 16.3903, 35.7328, 19.7968, 43.6933, 38.5902, 26.4628, 33.4397, 19.4506, 13.7505, 3.9924, 0.5061, 43.8698, 28.7202, 64.5193, 14.2089, 121.2023, 17.7103, 61.0105, 0.4554, 78.3363, 52.3529, 61.2914, 13.5163, 17.2244, 18.628, 24.8534, 20.5324, 14.1162, 37.4385, 39.4387, 7.4668, 117.1188, 33.0019, 224.7781, 98.071],
      [5.4355, 0.6588, 0, 19.5229, 17.4191, 8.6166, 17.5702, 8.5213, 12.8172, 12.3556, 10.0786, 13.1058, 12.5149, 6.848, 1.6459, 0.2688, 12.5441, 10.7988, 12.6118, 5.4442, 33.5833, 7.4838, 17.8344, 0.2662, 21.2594, 13.2775, 19.5161, 7.3727, 3.6091, 7.2617, 7.0949, 6.8897, 4.1192, 11.5094, 15.1648, 5.6364, 39.8065, 12.9065, 63.7392, 40.4811],
      [3.4182, 0.5777, 0, 8.2923, 11.0771, 3.3791, 9.9815, 4.5371, 8.8536, 9.2836, 1.8982, 7.6752, 6.8669, 1.8331, 0.6997, 0.1393, 10.0482, 4.7337, 5.9584, 1.7689, 15.8056, 3.596, 8.973, 0.2006, 10.4893, 8.2789, 10.6483, 4.547, 2.1609, 4.2245, 5.2364, 6.0107, 2.6259, 8.6727, 16.4126, 3.5249, 25.1443, 5.6908, 28.3363, 20.4645],
      [2.0248, 0.0753, 0, 4.8759, 6.3549, 2.6135, 6.7019, 3.1401, 6.6263, 6.7589, 0.5048, 3.7793, 4.1586, 1.4876, 0.6616, 0.0858, 7.5083, 3.7313, 2.9105, 1.5707, 11.4089, 2.1888, 6.1613, 0.0778, 7.9056, 6.0907, 10.5324, 2.5617, 2.0043, 2.8805, 3.8109, 4.5638, 2.137, 7.3679, 16.9581, 0.3718, 15.9246, 2.3953, 16.0746, 5.9372],
      [0.016, 0.0163, 0, 0.0155, 0.0162, 0.0006, 0.0137, 0.0048, 0.0095, 0.0117, 0.0557, 0, 0.009, 0.0809, 0.0004, 0, 0.0296, 0.016, 0, 0.0072, 0, 0.0211, 0.0209, 0, 0.0094, 0, 0.0119, 0.0023, 0.0013, 0.0053, 0.0043, 0.0032, 0.0017, 0.0116, 0.0258, 0, 0.0058, 0.0055, 0.0717, 0.0462]
    ],
    [
      [8.363, 1.1383, 0.6471, 54.471, 52.8666, 18.4655, 35.2986, 17.848, 39.2654, 31.855, 14.2644, 17.2058, 10.6362, 4.0157, 2.6761, 0.411, 25.7184, 23.5754, 58.9921, 12.4025, 84.1467, 10.4371, 43.4216, 0.5446, 40.605, 33.5923, 37.0255, 4.1964, 20.3208, 15.9624, 20.3539, 13.5484, 13.2806, 24.7907, 13.7674, 10.8389, 71.0679, 17.9734, 140.6683, 39.357],
      [23.8232, 5.8465, 2.9674, 163.4846, 216.6639, 109.3086, 204.0367, 85.9975, 127.8475, 113.1911, 58.311, 73.4397, 98.9846, 22.5714, 13.418, 3.2013, 81.4556, 98.8234, 134.6542, 53.6278, 257.1977, 49.8268, 141.1804, 5.7338, 122.4655, 94.1129, 130.7828, 29.01, 48.076, 69.7783, 64.9848, 50.8972, 43.831, 84.778, 58.7254, 99.4294, 267.0195, 78.3588, 440.4645, 178.7319],
      [6.8884, 1.9507, 0.1506, 32.1692, 63.7674, 19.8174, 53.3677, 21.2219, 40.9481, 39.4347, 4.8124, 19.8222, 24.538, 2.7151, 2.5964, 0.7364, 30.2403, 19.9633, 29.3994, 7.8792, 56.0401, 11.1218, 32.9357, 1.897, 28.0003, 27.223, 32.9035, 8.0683, 13.297, 18.8232, 22.2338, 20.5743, 12.9284, 29.5827, 29.4269, 23.3661, 78.258, 15.875, 90.7713, 41.0759],
      [6.0887, 0.4872, 0, 28.1461, 54.6542, 22.9491, 53.2902, 21.8461, 45.6135, 42.7011, 1.8111, 14.6437, 22.1278, 3.3079, 3.6814, 0.6513, 33.6012, 23.6026, 21.209, 10.722, 60.3116, 10.01, 33.6497, 0.8245, 31.4283, 29.7995, 48.8106, 6.7715, 18.4466, 19.0881, 24.0802, 23.2539, 15.6801, 37.4762, 45.3717, 0.6362, 73.7718, 10.0422, 76.6578, 18.2011],
      [1.8368, 0.5774, 0.2348, 13.7291, 29.048, 6.4595, 20.0068, 7.0865, 13.3255, 12.8181, 5.8011, 3.8885, 15.7134, 1.39, 0.628, 0, 11.9844, 10.0353, 3.7452, 6.3685, 16.3039, 4.6044, 13.8126, 3, 10.5009, 7.2721, 12.4776, 6.9538, 3.8595, 12.3481, 6.3473, 4.7262, 3.2799, 10.3725, 10.7086, 22.7294, 20.8828, 10.7505, 45.4381, 21.6342]
    ],
    [
      [0, 0.1537, 0.234, 0.674, 0.4273, 0, 0, 0.122, 1.0593, 0.9628, 2.4225, 0.0111, 0, 0.073, 0.17, 0.0081, 0.8438, 0.2783, 0, 0.5269, 0, 0.0645, 0.2423, 0, 0.4896, 0.152, 1.4469, 0, 0.4926, 0.181, 0.8991, 0.8694, 0.7929, 1.299, 2.0586, 0, 2.1683, 1.2423, 2.0967, 4.8088],
      [0.3539, 0.2017, 0, 9.206, 6.0194, 3.2463, 6.136, 4.0916, 4.2838, 3.6605, 5.2732, 1.9531, 3.5242, 0.1221, 0.6384, 0, 1.3583, 1.7476, 2.5628, 1.9656, 6.2572, 0.6022, 2.8415, 0, 6.1742, 3.4471, 7.3917, 2.7588, 4.0439, 3.3894, 3.3677, 3.0205, 4.0134, 3.9677, 4.3958, 8.1451, 16.7217, 5.3947, 19.9207, 17.214],
      [21.8586, 7.6677, 2.6574, 240.929, 266.1639, 98.6221, 273.8631, 159.3827, 217.3306, 190.8902, 50.4449, 73.2557, 164.4498, 4.5473, 22.5845, 4.549, 90.3401, 62.9056, 71.7956, 46.1888, 179.6388, 30.8444, 105.3958, 10.1171, 206.9217, 142.3743, 248.1867, 104.8655, 158.2313, 128.6381, 187.9582, 157.1438, 181.075, 218.7253, 232.683, 117.8748, 707.8174, 148.6439, 545.1118, 467.1353],
      [53.6374, 3.7059, 3.8148, 579.4596, 624.632, 312.1317, 749.1413, 449.6533, 664.2529, 567.3258, 76.5184, 146.7802, 405.416, 15.1755, 89.5748, 11.4429, 276.5262, 203.3565, 145.6417, 171.5388, 528.104, 77.1098, 295.7266, 16.8829, 637.4671, 427.0267, 1034.7284, 241.3757, 614.2202, 357.3676, 558.1434, 487.7843, 606.0045, 765.4456, 1022.1688, 50.9801, 1828.1926, 256.6773, 1266.1641, 539.8385],
      [0.1501, 0.2711, 0.2938, 1.7314, 1.7573, 0, 1.8596, 0.7505, 1.0734, 1.1607, 1.341, 0, 0.61, 0.0821, 0.0323, 0, 0.9316, 0.712, 0, 0.7798, 0, 0.3791, 0.7937, 0, 0.9474, 0, 1.2463, 0, 0.012, 0.4239, 0.6316, 0.182, 0.1142, 1.5624, 2.6938, 0, 0.0999, 1.0418, 4.7067, 4.0034]
    ],
    [
      [0.5098, 0.0331, 0.1189, 3.3582, 2.4927, 1.1125, 1.8977, 1.1733, 1.8506, 2.5207, 0.7539, 1.3216, 0.9033, 0.1526, 0.1577, 0.0739, 0.4932, 1.3903, 3.4314, 0.8331, 3.5432, 0.7734, 2.2596, 0, 2.4037, 2.8137, 2.0883, 0.276, 1.8337, 1.1808, 1.8016, 0.9909, 0.7236, 1.3551, 0.6591, 0.6943, 5.3479, 1.708, 9.0153, 1.4858],
      [2.3622, 0.2887, 1.0326, 16.5408, 16.7717, 10.7474, 17.0678, 9.2783, 9.901, 14.7024, 5.1997, 9.4617, 10.8319, 1.4498, 1.291, 0.5291, 2.5763, 9.5774, 12.0599, 5.9195, 17.8082, 6.0637, 12.0625, 0, 11.9031, 13.0519, 12.1129, 2.8028, 7.142, 8.4742, 9.4487, 6.1081, 3.9258, 7.6108, 4.6092, 9.7347, 32.9974, 12.2191, 46.3272, 11.1157],
      [2.153, 0.4117, 0.192, 10.1778, 15.4273, 6.1104, 14.0248, 7.1658, 9.9048, 15.9981, 1.5181, 8.069, 8.6087, 0.5659, 0.8219, 0.4739, 2.9926, 6.0908, 8.3986, 2.8078, 12.1492, 4.2227, 8.782, 0, 8.513, 11.7888, 9.6004, 2.5213, 6.2217, 7.1521, 10.1217, 7.7481, 3.6457, 8.3193, 7.2501, 7.8688, 30.1283, 7.8355, 29.8195, 8.378],
      [3.9808, 0.1331, 0.1852, 18.4028, 27.1307, 14.4898, 28.8939, 15.2247, 22.7537, 35.7718, 1.733, 12.0362, 15.9886, 1.3868, 2.3902, 0.9231, 6.8945, 14.7074, 12.8554, 7.5968, 26.8032, 7.9469, 18.525, 0, 19.638, 26.6178, 28.9342, 4.356, 17.6754, 14.9702, 22.6113, 18.0644, 9.1008, 21.6684, 22.9268, 2.4317, 58.5149, 10.0353, 52.0653, 6.7107],
      [0.9942, 0.1335, 0.4714, 7.5205, 12.1776, 3.5399, 9.1158, 4.1579, 5.5899, 9.007, 2.7954, 3.1115, 9.6676, 0.4449, 0.3393, 0, 2.0434, 5.234, 3.2548, 3.8427, 6.6961, 2.9932, 6.3708, 0, 5.5423, 5.7279, 6.2641, 4.0439, 3.1272, 8.2227, 5.0168, 3.0886, 1.6042, 5.0463, 4.5548, 29.2706, 14.0116, 9.2021, 25.7727, 7.3098]
    ]
  ],
  "V_est": [
    [3.3105, 4.8526, 247.327, 2119.4218, 0.0882],
    [1604.871, 527.59, 292.0647, 192.9236, 0.5508],
    [1086.0153, 4007.0388, 1016.8208, 995.4459, 412.6792],
    [27.2709, 179.4117, 6349.8087, 17161.1341, 32.3747],
    [65.5323, 393.107, 313.9788, 633.0746, 237.3072]
  ],
  "p_est": [
    [0.0014, 0.002, 0.1041, 0.8924, 0],
    [0.613, 0.2015, 0.1116, 0.0737, 0.0002],
    [0.1445, 0.533, 0.1353, 0.1324, 0.0549],
    [0.0011, 0.0076, 0.2674, 0.7226, 0.0014],
    [0.0399, 0.2393, 0.1911, 0.3853, 0.1444]
  ],
  "EI_Z": {},
  "EI_V": 4.0582,
  "MAE_Z": {},
  "MAE_V": 123.0587,
  "MAE_p": 0.0308,
  "runtime": 0.013
}
