{
  "Z_true": {},
  "V_true": [
    [775, 165, 1424, 87],
    [713, 297, 13845, 533],
    [192, 10598, 895, 496],
    [47, 198, 865, 229],
    [116, 946, 940, 859]
  ],
  "p_true": [
    [0.3162, 0.0673, 0.581, 0.0355],
    [0.0463, 0.0193, 0.8997, 0.0346],
    [0.0158, 0.87, 0.0735, 0.0407],
    [0.0351, 0.1479, 0.646, 0.171],
    [0.0405, 0.3307, 0.3286, 0.3002]
  ],
  "Z_est": [
    [
      [19.5234, 23.184, 14.0324, 31.7255, 22, 26.2345, 0, 19.5234, 20.1335, 29.8952, 45, 20.7436, 12.8122, 51.859, 7.3213, 3.6606, 1.9485, 3, 31.7255, 9, 25.6244, 10.3718, 0.6101, 7.3213, 6.1011, 3.6606, 9.7617, 100.6674, 28.675, 68.0442, 56.7398, 30.0221, 10.3718, 3.6606, 56.1297, 0.6101, 39.0468, 2.4404, 8.4853, 15.8627, 4.8808, 178.1508, 69.7875, 18.9133, 14.0324, 8.5415, 5, 14.0324, 123.2413, 24.4042, 103.1079, 19.6655],
      [0.4159, 0.4939, 0.2989, 0.6759, 0.5329, 0.5589, 0.052, 0.4159, 0.4289, 0.6369, 5.4713, 0.4419, 0.2729, 1.1048, 0.156, 0.078, 0.065, 0.1155, 0.6759, 0.195, 0.5459, 0.221, 0.013, 0.156, 0.13, 0.078, 0.208, 2.1446, 0.6109, 1.4557, 1.2087, 4.1957, 0.221, 0.078, 1.1958, 0.013, 0.8318, 0.052, 0.3379, 0.3379, 0.104, 3.7952, 0, 0.4029, 0.2989, 0.182, 0.2729, 0.2989, 2.6255, 0.5199, 2.1965, 0.4939],
      [11.8481, 14.0696, 8.5158, 19.2532, 18.1947, 15.9209, 1.481, 11.8481, 12.2183, 18.1424, 29.9905, 12.5886, 7.7753, 31.4715, 4.443, 2.2614, 1.8513, 1.8513, 19.2532, 5.7054, 15.5506, 6.2943, 0.3703, 4.443, 3.7025, 2.2215, 5.924, 61.0917, 17.4019, 41.756, 34.4335, 23.3968, 6.2943, 2.2215, 34.0633, 0.3703, 23.6962, 1.481, 16.9414, 9.6266, 2.962, 108.1139, 41.4683, 11.4778, 8.5158, 5.1835, 15.5875, 8.5158, 74.7911, 14.8101, 62.5727, 17.5882],
      [0.2126, 0.2525, 0.1528, 0.3455, 0.2724, 0.2857, 2.467, 0.2126, 0.2193, 0.3256, 0.5382, 0.2259, 0.1395, 0.5648, 0.0797, 0, 1.1352, 0.0332, 0.3455, 0.0997, 0.2791, 0.113, 0.0066, 0.0797, 0.0664, 0.0399, 0.1063, 1.0963, 0.3123, 0.7441, 0.6179, 0.3854, 0.113, 0.0399, 0.6113, 0.0066, 0.4252, 0.0266, 0.2354, 0.1727, 0.0532, 1.9401, 0.7441, 0.206, 0.1528, 0.093, 0.1395, 0.1528, 1.3421, 0.2658, 1.1229, 0.2525]
    ],
    [
      [4.9125, 0, 13.1774, 0, 0, 0.6878, 0, 2.7425, 3.6827, 4.8917, 0, 2.8536, 0, 4.8727, 2.3597, 0.4135, 0, 0, 10.3243, 0, 10.9238, 10.6693, 1.3372, 2.8749, 6.2555, 0.2933, 1.4148, 48.1879, 12.5093, 0, 15.8753, 0, 5.7827, 1.7455, 0, 0.4392, 7.1996, 0.4168, 0, 1.6958, 0, 26.0727, 5.6211, 1.3893, 0, 3.3805, 0, 1.179, 12.5033, 1.4363, 47.2286, 0],
      [0, 0, 0.7896, 16.8268, 6.9865, 0, 0, 0, 23.5534, 35.8596, 16.9322, 9.0433, 0, 15.3409, 1.0549, 0.1049, 0, 1.0419, 10.258, 0, 19.1695, 12.8248, 0.3055, 7.9721, 4.0551, 0.4802, 9.8972, 0, 3.8831, 0, 16.8363, 4.5239, 3.7657, 0.9604, 73.8241, 2.1635, 29.4379, 1.5504, 1.465, 2.3759, 1.6102, 4.1106, 0, 8.7018, 11.5751, 0, 0, 0, 58.8128, 4.0619, 0, 1.6428],
      [488.8732, 345.4351, 349.7308, 428.4624, 405.3053, 312.6524, 19.83, 187.175, 208.6802, 283.7983, 592.8405, 257.3084, 215.0715, 556.1831, 18.5593, 14.4816, 8.8666, 21.9581, 255.8681, 124.5935, 247.6019, 88.1254, 26.9301, 85.056, 61.9792, 17.2686, 76.3097, 848.2183, 378.4603, 472.0877, 346.8823, 164.2475, 131.9394, 35.2941, 847.395, 6.3973, 512.6045, 25.0328, 171.3591, 157.1541, 45.7985, 784.8022, 243.1696, 65.3756, 195.0766, 210.0278, 163.8874, 352.7691, 1137.6627, 151.3019, 709.0499, 60.0801],
      [50.2143, 22.5649, 23.3021, 13.7108, 17.7082, 30.6598, 2.17, 18.0825, 3.0838, 17.4505, 26.2273, 7.7947, 16.9285, 30.6033, 4.0261, 0, 4.1334, 0, 11.5496, 12.4065, 6.3048, 3.3804, 0.4271, 7.097, 1.7101, 0.9579, 6.3783, 47.5939, 24.1473, 37.9123, 20.4061, 10.2286, 7.5122, 0, 16.7809, 0, 14.7579, 0, 9.1759, 21.7741, 4.5913, 36.0145, 13.2093, 14.5333, 5.3483, 5.5916, 12.1126, 33.052, 28.0212, 11.2, 55.7216, 3.2771]
    ],
    [
      [0.4282, 0, 0.1946, 0.8555, 0, 0.6108, 0, 0.6018, 0, 0, 0, 0.7815, 0, 0, 0.0359, 0.018, 0, 0, 0.6378, 0, 0.7276, 0.2126, 0.0269, 0.1347, 0.1288, 0.0461, 0, 5.5676, 0.8084, 0, 0.8114, 0, 4.022, 0.2335, 0, 0.1283, 0, 0.3005, 0, 0.515, 0, 1.9163, 2.2017, 0.0026, 0, 5.4346, 0, 0.6048, 2.9283, 0.4132, 7.546, 0],
      [134.7477, 129.6919, 62.5397, 294.4177, 379.0868, 179.18, 2.8816, 185.6106, 430, 340.6008, 749.0876, 251.1209, 166.6872, 703.7445, 11.5458, 5.7729, 10.8908, 15.6877, 204.9378, 115.2077, 233.8023, 68.3126, 8.6593, 43.2967, 41.3724, 17.4418, 173.1869, 425.7801, 259.7803, 280.8628, 260.7424, 268.4396, 160.3053, 74.6519, 760.533, 6.735, 640.3629, 19.3091, 158.7546, 165.4897, 68.9264, 615.7755, 91.8053, 173.2979, 113.8869, 94.2649, 65.1739, 185.6833, 940.9819, 132.7766, 662.2635, 87.5757],
      [2.7912, 3.2375, 1.2687, 6.0335, 8.8702, 19.5618, 0.1171, 3.9233, 0, 0, 14.9124, 5.0944, 13.506, 14.8043, 0.2342, 0.2091, 0.2342, 0.3123, 4.1575, 8.8598, 4.7431, 1.3858, 0.1757, 0.8783, 0.8393, 2.5099, 0, 8.8616, 5.2701, 27.3365, 5.2896, 5.4458, 0, 3.1146, 15.3809, 0.1366, 4.6371, 0.3904, 3.2206, 3.3572, 0, 12.4921, 2.069, 0, 2.3032, 3.69, 1.7831, 12.6136, 19.0895, 2.6936, 13.5461, 3.5204],
      [5.0329, 2.0706, 0.997, 4.6933, 6.0431, 4.6474, 3.0013, 10.8643, 0, 13.3992, 0, 4.0031, 2.8068, 1.4512, 0.1841, 0, 0.875, 0, 3.2669, 1.9326, 3.7271, 1.089, 0.138, 0.6902, 0.6595, 2.0022, 6.8131, 13.7907, 4.1412, 4.8007, 4.1565, 5.1146, 3.6726, 0, 12.0861, 0, 0, 0, 3.0248, 2.6381, 1.0736, 9.8161, 9.924, 2.6994, 1.8099, 1.6105, 1.043, 3.0982, 15.0003, 2.1166, 10.6444, 0.9039]
    ],
    [
      [0, 0, 0, 0, 0, 0, 0, 0, 0, 0, 0, 0, 0, 0, 0, 0, 0, 0, 0, 0, 0, 0, 0, 0, 0, 0, 0, 0, 0, 0, 0, 0, 0, 0, 0, 0, 0, 0, 0, 0, 0, 0, 0, 0, 0, 0, 0, 0, 0, 0, 0, 0],
      [0, 0, 0, 0, 0, 0, 0, 0, 0, 0, 0, 0, 0, 0, 0, 0, 0, 0, 0, 0, 0, 0, 0, 0, 0, 0, 0, 0, 0, 0, 0, 0, 0, 0, 0, 0, 0, 0, 0, 0, 0, 0, 0, 0, 0, 0, 0, 0, 0, 0, 0, 0],
      [47, 32, 18, 48, 24, 30, 1, 18, 5, 38, 57, 28, 16, 50, 2, 1, 3, 1, 23, 11, 33, 14, 0, 4, 10, 0, 13, 104, 38, 48, 39, 14, 18, 1, 62, 2, 41, 3, 17, 22, 3, 83, 20, 9, 30, 17, 24, 25, 121, 19, 48, 4],
      [0, 0, 0, 0, 0, 0, 0, 0, 0, 0, 0, 0, 0, 0, 0, 0, 0, 0, 0, 0, 0, 0, 0, 0, 0, 0, 0, 0, 0, 0, 0, 0, 0, 0, 0, 0, 0, 0, 0, 0, 0, 0, 0, 0, 0, 0, 0, 0, 0, 0, 0, 0]
    ],
    [
      [2.136, 0.816, 1.5955, 2.4191, 0, 1.4669, 0, 1.1323, 1.1838, 2.2132, 0, 1.6213, 0.1878, 3.2683, 0.2831, 0.9079, 0.0515, 0, 1.3125, 0, 1.7242, 0.7463, 0.0257, 0.6691, 0.5147, 0, 0.8235, 3.5771, 2.0073, 1.9558, 2.5735, 0.9779, 0.8235, 0.3603, 2.8703, 0.8224, 2.7536, 0.8423, 0.5147, 0.9264, 0.1192, 3.8602, 1.3897, 0.6948, 0.9676, 0.6434, 0, 1.1838, 5.3271, 0.7463, 4.1175, 0.3345],
      [1.8364, 1.8142, 1.3717, 2.0797, 1.3939, 1.2611, 0.0664, 0.9735, 1.0177, 1.9027, 6.5089, 1.3939, 1.0399, 2.8098, 0.2434, 0.0442, 0.0442, 0.1549, 1.1284, 0.5974, 1.4824, 0.6416, 0.0221, 0.5752, 0.4425, 0, 0.708, 3.0753, 1.7257, 1.6815, 2.2125, 0.8407, 0.708, 0.3097, 3.4471, 0.0885, 2.3673, 0.0885, 0.4425, 0.7965, 0.3594, 3.3187, 1.1947, 0.5974, 2.239, 0.5531, 0.5531, 1.0177, 4.5798, 0.6416, 3.54, 0.2876],
      [43.4875, 44.2578, 32.4846, 49.2509, 34.6299, 29.8649, 1.5718, 23.0536, 24.1015, 45.0593, 71.2566, 33.0086, 25.6472, 66.5411, 5.7634, 1.0479, 1.0479, 3.8783, 26.7212, 14.8414, 35.1044, 15.1944, 0.5239, 13.6226, 10.4789, 0, 16.7663, 72.8284, 40.8678, 39.8199, 52.3946, 19.9099, 16.7663, 11.3698, 69.1608, 2.0958, 56.0622, 2.0958, 10.4789, 18.862, 5.2395, 78.5918, 28.2931, 14.1465, 35.1044, 13.0986, 13.742, 24.1015, 108.4567, 15.1944, 83.8313, 6.8113],
      [35.5402, 35.112, 26.5481, 40.2503, 26.9763, 24.4071, 1.3618, 18.8406, 19.697, 36.8248, 58.2345, 26.9763, 20.1252, 54.3808, 4.7101, 0, 0.8564, 2.9668, 21.8379, 11.5613, 28.6891, 12.4177, 0.4282, 11.1331, 8.5639, 0, 13.7022, 59.5191, 33.3992, 32.5428, 42.8195, 16.2714, 13.7022, 1.9601, 56.5217, 0.9934, 45.8169, 0.9734, 8.5639, 15.415, 4.282, 64.2293, 23.1225, 11.5613, 28.6891, 10.7049, 10.7049, 19.697, 88.6364, 12.4177, 68.5112, 5.5665]
    ]
  ],
  "V_est": [
    [1461.2873, 38.3117, 931.5511, 19.85],
    [277.3499, 423.7977, 13915.0182, 771.8342],
    [38.8753, 11673.6703, 274.9014, 193.553],
    [0, 0, 1339, 0],
    [65.4876, 68.2203, 1508.5293, 1218.7629]
  ],
  "p_est": [
    [0.5962, 0.0156, 0.3801, 0.0081],
    [0.018, 0.0275, 0.9043, 0.0502],
    [0.0032, 0.9584, 0.0226, 0.0159],
    [0, 0, 1, 0],
    [0.0229, 0.0238, 0.5273, 0.426]
  ],
  "EI_Z": {},
  "EI_V": 10.5199,
  "MAE_Z": {},
  "MAE_V": 359.99,
  "MAE_p": 0.1075,
  "runtime": 0.8143
}
