{
  "Z_true": {},
  "V_true": [
    [775, 165, 1424, 87],
    [713, 297, 13845, 533],
    [192, 10598, 895, 496],
    [47, 198, 865, 229],
    [116, 946, 940, 859]
  ],
  "p_true": [
    [0.3162, 0.0673, 0.581, 0.0355],
    [0.0463, 0.0193, 0.8997, 0.0346],
    [0.0158, 0.87, 0.0735, 0.0407],
    [0.0351, 0.1479, 0.646, 0.171],
    [0.0405, 0.3307, 0.3286, 0.3002]
  ],
  "Z_est": [
    [
      [19.553, 23.2192, 14.0537, 31.7736, 22, 26.2743, 0, 19.553, 20.164, 29.9405, 45, 20.775, 12.8316, 51.9376, 7.3324, 3.6662, 1.9498, 3, 31.7736, 9, 25.6633, 10.3875, 0.611, 7.3324, 6.1103, 3.6662, 9.7765, 100.8201, 28.7184, 68.091, 56.8258, 30.0455, 10.3875, 3.6662, 56.2148, 0.611, 39.106, 2.4441, 8.4976, 15.8868, 4.8882, 178.4209, 69.8586, 18.9419, 14.0537, 8.5544, 5, 14.0537, 123.4282, 24.4412, 103.2642, 19.6735],
      [0.4066, 0.4829, 0.2923, 0.6608, 0.521, 0.5464, 0.0508, 0.4066, 0.4193, 0.6226, 5.5227, 0.432, 0.2668, 1.0801, 0.1525, 0.0762, 0.0635, 0.1187, 0.6608, 0.1906, 0.5337, 0.216, 0.0127, 0.1525, 0.1271, 0.0762, 0.2033, 2.0966, 0.5972, 1.4232, 1.1817, 4.1305, 0.216, 0.0762, 1.169, 0.0127, 0.8132, 0.0508, 0.3304, 0.3304, 0.1017, 3.7104, 0, 0.3939, 0.2923, 0.1779, 0.2668, 0.2923, 2.5668, 0.5083, 2.1475, 0.4829],
      [11.8298, 14.0479, 8.5027, 19.2235, 18.2093, 15.8964, 1.4787, 11.8298, 12.1995, 18.1145, 29.9443, 12.5692, 7.7633, 31.423, 4.4362, 2.2576, 1.8484, 1.8484, 19.2235, 5.7107, 15.5267, 6.2846, 0.3697, 4.4362, 3.6968, 2.2181, 5.9149, 60.9977, 17.3751, 41.7489, 34.3805, 23.4424, 6.2846, 2.2181, 34.0108, 0.3697, 23.6597, 1.4787, 16.9504, 9.6118, 2.9575, 107.9474, 41.4045, 11.4602, 8.5027, 5.1756, 15.595, 8.5027, 74.6759, 14.7873, 62.4764, 17.5937],
      [0.2106, 0.25, 0.1513, 0.3421, 0.2698, 0.2829, 2.4704, 0.2106, 0.2171, 0.3224, 0.533, 0.2237, 0.1382, 0.5593, 0.079, 0, 1.1383, 0.0329, 0.3421, 0.0987, 0.2763, 0.1119, 0.0066, 0.079, 0.0658, 0.0395, 0.1053, 1.0856, 0.3092, 0.7369, 0.6119, 0.3816, 0.1119, 0.0395, 0.6053, 0.0066, 0.4211, 0.0263, 0.2216, 0.1711, 0.0526, 1.9213, 0.7369, 0.204, 0.1513, 0.0921, 0.1382, 0.1513, 1.3291, 0.2632, 1.112, 0.25]
    ],
    [
      [4.9204, 0, 13.1881, 0, 0, 0.6638, 0, 2.7209, 3.6635, 4.8993, 0, 2.8363, 0, 4.8723, 2.3543, 0.4086, 0, 0, 10.2874, 0, 10.9031, 10.6647, 1.3361, 2.8755, 6.2545, 0.2912, 1.4197, 47.7254, 12.4883, 0, 15.8252, 0, 5.8014, 1.7412, 0, 0.4414, 7.2063, 0.4139, 0, 1.6776, 0, 25.8343, 5.45, 1.3795, 0, 3.3569, 0, 1.1669, 12.3512, 1.4041, 46.6882, 0],
      [0, 0, 0.6911, 16.6057, 6.7703, 0, 0, 0, 23.5198, 35.6304, 16.5663, 8.8742, 0, 15.0437, 1.0395, 0.1018, 0, 1.025, 10.1276, 0, 19.0042, 12.7656, 0.3012, 7.9249, 4.0159, 0.4709, 9.7934, 0, 3.6949, 0, 16.6323, 4.4363, 3.6928, 0.9418, 73.3083, 2.1559, 29.1745, 1.5425, 1.3854, 2.2728, 1.5859, 3.7625, 0, 8.6421, 11.4593, 0, 0, 0, 58.2391, 3.9846, 0, 1.6109],
      [488.9905, 345.4091, 349.8058, 428.6265, 405.4496, 312.8067, 19.8361, 187.2818, 208.731, 283.8861, 593.2016, 257.4469, 215.0381, 556.3903, 18.5773, 14.4896, 8.8743, 21.975, 255.9947, 125.2486, 247.7426, 88.1758, 26.934, 85.0939, 62.0113, 17.2771, 76.3411, 848.54, 378.6192, 472.0256, 347.0831, 164.3088, 131.9714, 35.317, 847.7665, 6.4027, 512.8575, 25.0437, 171.4116, 157.2436, 45.81, 785.2576, 243.3016, 65.4121, 195.1704, 210.0321, 163.8741, 352.7442, 1138.2039, 151.3846, 709.4577, 60.1023],
      [50.0891, 22.5909, 23.3149, 13.7678, 17.78, 30.5296, 2.1639, 17.9973, 3.0858, 17.5842, 26.2321, 7.8426, 16.9619, 30.6937, 4.0289, 0, 4.1257, 0, 11.5903, 11.7514, 6.3501, 3.3939, 0.4288, 7.1056, 1.7183, 0.9608, 6.4458, 47.7346, 24.1977, 37.9744, 20.4595, 10.2549, 7.5344, 0, 16.9251, 0, 14.7617, 0, 9.2031, 21.806, 4.6041, 36.1456, 13.2484, 14.5662, 5.3703, 5.611, 12.1259, 33.0889, 28.2058, 11.2268, 55.8541, 3.2868]
    ],
    [
      [0.4417, 0, 0.2008, 0.8652, 0, 0.6301, 0, 0.6209, 0.017, 0, 0, 0.8062, 0, 0, 0.0371, 0.0185, 0, 0, 0.6579, 0, 0.7506, 0.2193, 0.0278, 0.139, 0.1328, 0.0426, 0, 5.963, 0.834, 0, 0.8371, 0, 4.0072, 0.2409, 0, 0.1278, 0, 0.3024, 0, 0.5313, 0, 1.9769, 2.335, 0.0003, 0, 5.4607, 0, 0.624, 3.021, 0.4263, 8.0286, 0],
      [134.6484, 129.5956, 62.5637, 294.5307, 379.2324, 179.1179, 2.8789, 185.5623, 429.983, 340.7316, 749.3078, 251.2174, 166.6318, 703.9001, 11.5502, 5.7751, 10.8896, 15.6923, 205.0165, 115.1767, 233.8921, 68.3388, 8.6627, 43.3133, 41.3883, 17.4529, 173.2534, 425.646, 259.8801, 280.7959, 260.8426, 268.5427, 160.3413, 74.6539, 760.8988, 6.7376, 640.5048, 19.313, 158.8156, 165.5532, 68.9387, 616.012, 91.7346, 173.3312, 113.9417, 94.2363, 65.1473, 185.6298, 941.3433, 132.8276, 662.1031, 87.6016],
      [2.75, 3.3576, 1.25, 5.9646, 8.7939, 19.4717, 0.1154, 3.8654, 0, 0, 14.6922, 5.0192, 13.5936, 14.734, 0.2308, 0.2064, 0.2308, 0.3077, 4.0961, 8.9129, 4.673, 1.3654, 0.1731, 0.8654, 0.8269, 2.5048, 0, 8.7307, 5.1923, 27.4585, 5.2115, 5.3653, 0, 3.1052, 15.1537, 0.1346, 4.4952, 0.3846, 3.1731, 3.3077, 0, 12.3076, 2.0384, 0, 2.2692, 3.7111, 1.8217, 12.6836, 18.8075, 2.6538, 13.346, 3.5018],
      [5.1599, 2.0468, 0.9855, 4.6395, 5.9737, 4.7802, 3.0057, 10.9515, 0, 13.2684, 0, 3.9572, 2.7746, 1.3659, 0.1819, 0, 0.8796, 0, 3.2294, 1.9104, 3.6843, 1.0765, 0.1365, 0.6823, 0.652, 1.9998, 6.7466, 13.6603, 4.0937, 4.7456, 4.1088, 5.0919, 3.6514, 0, 11.9474, 0, 0, 0, 3.0114, 2.6078, 1.0613, 9.7035, 9.892, 2.6685, 1.7891, 1.592, 1.031, 3.0627, 14.8282, 2.0923, 10.5222, 0.8966]
    ],
    [
      [0, 0, 0, 0, 0, 0, 0, 0, 0, 0, 0, 0, 0, 0, 0, 0, 0, 0, 0, 0, 0, 0, 0, 0, 0, 0, 0, 0, 0, 0, 0, 0, 0, 0, 0, 0, 0, 0, 0, 0, 0, 0, 0, 0, 0, 0, 0, 0, 0, 0, 0, 0],
      [0, 0, 0, 0, 0, 0, 0, 0, 0, 0, 0, 0, 0, 0, 0, 0, 0, 0, 0, 0, 0, 0, 0, 0, 0, 0, 0, 0, 0, 0, 0, 0, 0, 0, 0, 0, 0, 0, 0, 0, 0, 0, 0, 0, 0, 0, 0, 0, 0, 0, 0, 0],
      [47, 32, 18, 48, 24, 30, 1, 18, 5, 38, 57, 28, 16, 50, 2, 1, 3, 1, 23, 11, 33, 14, 0, 4, 10, 0, 13, 104, 38, 48, 39, 14, 18, 1, 62, 2, 41, 3, 17, 22, 3, 83, 20, 9, 30, 17, 24, 25, 121, 19, 48, 4],
      [0, 0, 0, 0, 0, 0, 0, 0, 0, 0, 0, 0, 0, 0, 0, 0, 0, 0, 0, 0, 0, 0, 0, 0, 0, 0, 0, 0, 0, 0, 0, 0, 0, 0, 0, 0, 0, 0, 0, 0, 0, 0, 0, 0, 0, 0, 0, 0, 0, 0, 0, 0]
    ],
    [
      [2.0849, 0.7808, 1.5574, 2.3612, 0, 1.4318, 0, 1.1052, 1.1555, 2.1602, 0, 1.5825, 0.1684, 3.1901, 0.2763, 0.9066, 0.0502, 0, 1.2811, 0, 1.683, 0.7285, 0.0251, 0.6531, 0.5024, 0, 0.8038, 3.4915, 1.9593, 1.909, 2.5119, 0.9545, 0.8038, 0.3517, 2.7852, 0.8198, 2.6877, 0.8396, 0.5024, 0.9043, 0.1118, 3.7678, 1.3564, 0.6782, 0.9463, 0.628, 0, 1.1555, 5.1996, 0.7285, 4.019, 0.3265],
      [1.945, 1.9216, 1.4529, 2.2028, 1.4763, 1.3357, 0.0703, 1.0311, 1.078, 2.0153, 6.6032, 1.4763, 1.1014, 2.9761, 0.2578, 0.0469, 0.0469, 0.164, 1.1951, 0.6327, 1.5701, 0.6796, 0.0234, 0.6093, 0.4687, 0, 0.7499, 3.2573, 1.8278, 1.781, 2.3434, 0.8905, 0.7499, 0.3281, 3.6238, 0.0937, 2.5074, 0.0937, 0.4687, 0.8436, 0.3738, 3.5151, 1.2654, 0.6327, 2.3068, 0.5858, 0.5858, 1.078, 4.8508, 0.6796, 3.7494, 0.3046],
      [43.4297, 44.1854, 32.4415, 49.1854, 34.5472, 29.8252, 1.5697, 23.023, 24.0695, 44.9994, 71.1619, 32.9647, 25.605, 66.4527, 5.7557, 1.0465, 1.0465, 3.8689, 26.6857, 14.1277, 35.0577, 15.1742, 0.5232, 13.6045, 10.465, 0, 16.744, 72.7317, 40.8134, 39.7669, 52.3249, 19.8835, 16.744, 11.3597, 69.0689, 2.093, 55.9877, 2.093, 10.465, 18.837, 5.2325, 78.4874, 28.2555, 14.1277, 35.0577, 13.0812, 13.7092, 24.0695, 108.3126, 15.1742, 83.7199, 6.8022],
      [35.5404, 35.1122, 26.5483, 40.2506, 26.9765, 24.4073, 1.36, 18.8407, 19.6971, 36.825, 58.2349, 26.9765, 20.1253, 54.3811, 4.7102, 0, 0.8564, 2.9671, 21.8381, 12.2396, 28.6893, 12.4177, 0.4282, 11.1331, 8.564, 0, 13.7023, 59.5195, 33.3994, 32.543, 42.8198, 16.2715, 13.7023, 1.9605, 56.5221, 0.9934, 45.8172, 0.9737, 8.564, 15.4151, 4.282, 64.2297, 23.1227, 11.5613, 28.6893, 10.7049, 10.7049, 19.6971, 88.6369, 12.4177, 68.5116, 5.5666]
    ]
  ],
  "V_est": [
    [1463.2381, 37.6635, 930.411, 19.6874],
    [275.5115, 418.7932, 13920.9769, 772.7185],
    [40.324, 11675.676, 272.8539, 192.1461],
    [0, 0, 1339, 0],
    [63.9265, 71.8673, 1505.7582, 1219.448]
  ],
  "p_est": [
    [0.597, 0.0154, 0.3796, 0.008],
    [0.0179, 0.0272, 0.9047, 0.0502],
    [0.0033, 0.9585, 0.0224, 0.0158],
    [0, 0, 1, 0],
    [0.0223, 0.0251, 0.5263, 0.4262]
  ],
  "EI_Z": {},
  "EI_V": 10.5307,
  "MAE_Z": {},
  "MAE_V": 360.3609,
  "MAE_p": 0.1075,
  "runtime": 1.6391
}
