{
  "X": [
    [2, 11, 6, 11, 53, 1],
    [2, 18, 17, 14, 128, 0],
    [49, 58, 55, 100, 476, 10],
    [60, 78, 54, 80, 738, 11],
    [0, 1, 2, 5, 15, 0],
    [14, 74, 65, 61, 158, 13],
    [59, 88, 84, 111, 618, 9],
    [55, 86, 66, 100, 599, 9],
    [17, 123, 83, 67, 484, 21],
    [43, 60, 58, 90, 492, 10],
    [112, 155, 156, 203, 911, 21],
    [45, 73, 85, 120, 590, 10],
    [19, 27, 31, 37, 317, 1],
    [8, 34, 60, 36, 350, 10],
    [20, 77, 58, 53, 309, 6],
    [98, 100, 117, 149, 848, 16],
    [56, 86, 64, 102, 678, 14],
    [73, 47, 37, 69, 575, 11],
    [59, 87, 74, 83, 718, 8],
    [97, 88, 185, 137, 692, 18],
    [36, 37, 59, 32, 293, 3],
    [112, 186, 137, 201, 912, 16],
    [50, 85, 60, 104, 432, 11],
    [4, 8, 3, 3, 33, 1],
    [1, 2, 2, 2, 3, 0],
    [37, 115, 186, 103, 633, 20],
    [36, 62, 84, 71, 288, 8],
    [21, 60, 92, 60, 382, 10],
    [1, 8, 3, 7, 26, 2],
    [86, 124, 108, 175, 888, 13],
    [0, 0, 0, 0, 5, 0],
    [740, 882, 1568, 1432, 8816, 144],
    [63, 144, 79, 154, 522, 22],
    [116, 285, 190, 248, 1162, 41],
    [19, 85, 23, 69, 375, 9]
  ],
  "W": [
    [4, 10, 10, 48, 9, 3],
    [6, 11, 17, 124, 15, 6],
    [35, 50, 101, 477, 62, 23],
    [52, 72, 81, 744, 60, 12],
    [1, 2, 0, 14, 3, 3],
    [12, 73, 80, 164, 40, 16],
    [64, 76, 114, 621, 84, 10],
    [48, 82, 99, 601, 63, 22],
    [36, 118, 80, 486, 58, 17],
    [50, 57, 107, 469, 56, 14],
    [114, 131, 222, 902, 163, 26],
    [55, 72, 123, 556, 87, 30],
    [19, 19, 46, 317, 26, 5],
    [12, 44, 44, 353, 33, 12],
    [40, 87, 54, 283, 51, 8],
    [122, 83, 160, 805, 122, 36],
    [57, 69, 131, 650, 73, 20],
    [73, 48, 69, 567, 38, 17],
    [64, 64, 95, 706, 72, 28],
    [130, 79, 188, 656, 143, 21],
    [45, 36, 48, 274, 48, 9],
    [94, 156, 211, 907, 152, 44],
    [44, 74, 98, 431, 71, 24],
    [7, 11, 1, 30, 2, 1],
    [2, 3, 0, 2, 2, 1],
    [63, 116, 146, 603, 122, 44],
    [58, 61, 97, 286, 38, 9],
    [31, 67, 75, 384, 55, 13],
    [4, 7, 7, 26, 2, 1],
    [106, 115, 176, 857, 105, 35],
    [0, 0, 0, 4, 1, 0],
    [1001, 913, 1584, 8402, 1402, 280],
    [56, 151, 145, 533, 68, 31],
    [101, 242, 270, 1185, 180, 64],
    [30, 103, 59, 354, 17, 17]
  ],
  "method": "mult",
  "cond_prob": [
    [
      [0.25860541571, 0.0014755640436, 0.14282308338, 0.062404541259, 0.53430335725, 0.00038803834687],
      [4.9479314278e-05, 0.80249331304, 0.019489281013, 0.085943542909, 0.030610509478, 0.061413874244],
      [0.034118093035, 0.089592241978, 0.1388005559, 0.53553970598, 0.18452430381, 0.017425099302],
      [0.013421212413, 0.015780757992, 0.0090833448605, 0.041707536791, 0.91869552504, 0.0013116229067],
      [0.030688777013, 0.0079849066603, 0.46857991124, 0.1563330774, 0.33573241629, 0.00068091140185],
      [0.001897155172, 0.22897887258, 0.057080342444, 0.46978264578, 0.21157741992, 0.030683564108]
    ],
    [
      [0.13804582815, 0.0019708809739, 0.25110070048, 0.046156076173, 0.56272651423, 0],
      [2.3478477511e-05, 0.88963437744, 0.029202170993, 0.053719460088, 0.027420512998, 0],
      [0.019647731377, 0.12374261851, 0.25241658294, 0.40229385753, 0.20189920965, 0],
      [0.0072260102043, 0.020314438751, 0.015509109164, 0.029747866953, 0.92720257493, 0],
      [0.013093318285, 0.0081697644716, 0.61912279214, 0.088283634282, 0.27133049082, 0],
      [0.0010950819909, 0.3135109722, 0.10380735211, 0.3514195503, 0.23016704339, 0]
    ],
    [
      [0.46837979348, 0.00096594325612, 0.11998742371, 0.046822432656, 0.36340080537, 0.00044360153389],
      [0.00014850242272, 0.74492659217, 0.025170231647, 0.097438545903, 0.031793025244, 0.10052310261],
      [0.08597641186, 0.075328550474, 0.15025908915, 0.50010945613, 0.16293642301, 0.025390069372],
      [0.037888685719, 0.014816161516, 0.011124650037, 0.044955297726, 0.88906412722, 0.0021510777795],
      [0.07598909033, 0.0066143545278, 0.47911421593, 0.14752118589, 0.28977596596, 0.00098518736271],
      [0.0052247719216, 0.20502915855, 0.06732225838, 0.47370380529, 0.20116643611, 0.04755356975]
    ],
    [
      [0.44582738809, 0.001054208328, 0.12084060375, 0.039515444387, 0.39232883027, 0.00043352517822],
      [0.00013487663457, 0.77145527122, 0.024125344782, 0.078260106988, 0.032673868917, 0.093350531456],
      [0.087402245338, 0.087587231656, 0.16126853292, 0.44981516638, 0.18749345579, 0.026433367914],
      [0.034007160209, 0.015209834624, 0.010539428274, 0.035688673505, 0.90257746257, 0.0019774408163],
      [0.072456837745, 0.0072148437624, 0.48222192793, 0.12443533544, 0.31270875552, 0.0009622996039],
      [0.005194901108, 0.23294193828, 0.07064110206, 0.41653614832, 0.22630227379, 0.048383636445]
    ],
    [
      [0, 0.00065586412108, 0.22698626662, 0.13951549216, 0.6328423771, 0],
      [0, 0.64953845248, 0.039936479222, 0.26255351759, 0.047971550702, 0],
      [0, 0.021876228895, 0.11955999966, 0.74280767295, 0.11575609849, 0],
      [0, 0.0057250225192, 0.011157146048, 0.075647082216, 0.90747074922, 0],
      [0, 0.0021949639041, 0.53302264882, 0.22091064858, 0.24387173869, 0],
      [0, 0.066194529633, 0.053526521034, 0.72998824446, 0.15029070487, 0]
    ],
    [
      [0.34040306155, 0.0012063831348, 0.24712450358, 0.046541294613, 0.36411403159, 0.000610725535],
      [8.5430713468e-05, 0.74438911443, 0.041512857349, 0.077653155229, 0.025502976332, 0.11085646595],
      [0.053234251251, 0.080972713915, 0.26647535586, 0.42880222652, 0.14042940419, 0.030086048256],
      [0.02698533067, 0.018345986115, 0.02269105818, 0.04430374198, 0.88473765196, 0.002936231097],
      [0.036643282395, 0.0055411505965, 0.6638409134, 0.098395768706, 0.19466906669, 0.0009098182106],
      [0.0032985973133, 0.22511373787, 0.12188919979, 0.41495600013, 0.17717675961, 0.057565705289]
    ],
    [
      [0.41177516791, 0.0011645304709, 0.1507218915, 0.04890798728, 0.38709376899, 0.00033665385525],
      [0.00011504173342, 0.78610937541, 0.027781743671, 0.089386520148, 0.029749550634, 0.066857768407],
      [0.070816517097, 0.084826999587, 0.17634289408, 0.48783031533, 0.16218877274, 0.017994501157],
      [0.031500344733, 0.016839879549, 0.01318180327, 0.044273142786, 0.8926657473, 0.0015390823608],
      [0.058790042269, 0.0069974527875, 0.5274648985, 0.1352072293, 0.27088427965, 0.00065609749067],
      [0.0042627931614, 0.22843585277, 0.078247313089, 0.45746756087, 0.19823763722, 0.033348842887]
    ],
    [
      [0.43891705267, 0.0010193045115, 0.13785666954, 0.044475478576, 0.37742664829, 0.00030484640859],
      [0.00013853293344, 0.77789714271, 0.028736811274, 0.091957236975, 0.032813105633, 0.06845717047],
      [0.081154848885, 0.079909940659, 0.17361419392, 0.47758048891, 0.17020454528, 0.017535982339],
      [0.034486893556, 0.015158198123, 0.012394591566, 0.041403829058, 0.89512325497, 0.0014332327272],
      [0.06663941127, 0.006520861712, 0.51410164232, 0.13090947243, 0.28119608564, 0.00063252662449],
      [0.0049561105039, 0.21834624025, 0.078153670992, 0.45446172568, 0.21110675878, 0.032975493789]
    ],
    [
      [0.21939170413, 0.0014651020187, 0.25358298776, 0.044350656674, 0.48045016868, 0.00075938074333],
      [4.691797935e-05, 0.75778140943, 0.035886081894, 0.062273359784, 0.028360025268, 0.11565220564],
      [0.033419973399, 0.094780793415, 0.26360091352, 0.39334655695, 0.17880954113, 0.036042221578],
      [0.013803130517, 0.017481035789, 0.018288179402, 0.033127376873, 0.91443572173, 0.002864555693],
      [0.022478057433, 0.0063369605372, 0.63984534573, 0.088271744018, 0.2420025904, 0.0010653018827],
      [0.0019553508373, 0.24812135892, 0.11370279633, 0.35872382196, 0.21255874139, 0.06493793056]
    ],
    [
      [0.39400824112, 0.0010364385579, 0.14016217555, 0.046970681851, 0.41735245042, 0.00047001249642],
      [0.00011702573404, 0.74717141225, 0.027506508624, 0.091445518344, 0.034158838681, 0.099600696365],
      [0.069320746553, 0.07737708041, 0.16804752042, 0.48034634971, 0.17915510924, 0.025753193662],
      [0.028259782548, 0.014077736289, 0.011507710843, 0.039936024674, 0.90420046784, 0.0020182778084],
      [0.057520308801, 0.0063787323604, 0.5030382873, 0.13301117537, 0.29911330431, 0.00093819186162],
      [0.0041533923308, 0.20756897378, 0.074216808853, 0.44848735927, 0.21803279921, 0.047540666555]
    ],
    [
      [0.44046213697, 0.001137726903, 0.14401742171, 0.047131028101, 0.36682598117, 0.00042570514668],
      [0.00012465237971, 0.77249520285, 0.026829800994, 0.086983643061, 0.028479526689, 0.085087174028],
      [0.078046749595, 0.085145545776, 0.17315942143, 0.48228734321, 0.15799412943, 0.023366810564],
      [0.035446847987, 0.017259549665, 0.013224721394, 0.044762420725, 0.88726473176, 0.0020417284641],
      [0.06562444829, 0.0071158664486, 0.52359426551, 0.13558047677, 0.2672213684, 0.00086357457468],
      [0.0047031579754, 0.2292630521, 0.076924471036, 0.45258895993, 0.19322369051, 0.04329666845]
    ],
    [
      [0.36212829156, 0.001009016438, 0.15674965254, 0.05094455966, 0.42879278589, 0.00037569391639],
      [0.00011102443543, 0.74784419981, 0.031727976436, 0.10223695009, 0.036184441264, 0.081895407971],
      [0.06061970566, 0.071577818052, 0.17860191737, 0.49468577612, 0.17496022945, 0.01955455335],
      [0.025336918024, 0.013352880091, 0.012546286697, 0.042203642877, 0.90498846574, 0.0015718065711],
      [0.049313992594, 0.0057861273229, 0.52344718865, 0.13439744423, 0.28635650139, 0.00069874580943],
      [0.0036867954842, 0.19476903705, 0.080081712616, 0.46875972477, 0.2160868547, 0.036615875381]
    ],
    [
      [0.3664594822, 0.0012248826287, 0.16646096865, 0.041512156396, 0.4242215897, 0.00012092042019],
      [0.0001002940383, 0.83786493253, 0.03032118115, 0.075224432925, 0.032286174417, 0.024202984939],
      [0.065895287991, 0.094385721767, 0.20570246441, 0.43962948939, 0.18753592043, 0.0068511160183],
      [0.025750556466, 0.016449872616, 0.013473486658, 0.034882679357, 0.90893006724, 0.00051333765929],
      [0.048955515492, 0.0069563297035, 0.55482597157, 0.10856199876, 0.28047747025, 0.00022271422663],
      [0.0039419751013, 0.25408681075, 0.090678642521, 0.41035743861, 0.2282441261, 0.012691006916]
    ],
    [
      [0.18198261358, 0.00090708776851, 0.31290442332, 0.038566318401, 0.46486260062, 0.00077695631129],
      [5.3631642501e-05, 0.65903294004, 0.061485524944, 0.075343959583, 0.038151850002, 0.16593209379],
      [0.02851300193, 0.060878606593, 0.33724442701, 0.35579639946, 0.17926960618, 0.038297958831],
      [0.011805718792, 0.011257330557, 0.023423618082, 0.029956037506, 0.92050896968, 0.0030483253828],
      [0.016401819968, 0.0034791902748, 0.70344219873, 0.068107525941, 0.20760274293, 0.00096652216316],
      [0.0018239496799, 0.17481865676, 0.15907020653, 0.35523230566, 0.23335704576, 0.075697835622]
    ],
    [
      [0.28813952545, 0.0011741222377, 0.20227207287, 0.048048635289, 0.46008449515, 0.0002811490052],
      [7.9300460795e-05, 0.78557471777, 0.036905043873, 0.087047921329, 0.035014510017, 0.055378506548],
      [0.046514473433, 0.080671680741, 0.22327843419, 0.45360534947, 0.18175225915, 0.014177803014],
      [0.018845710834, 0.014595523269, 0.015188799616, 0.037388585736, 0.91287644325, 0.0011049372912],
      [0.033732094242, 0.0058144446359, 0.58518243139, 0.10953850682, 0.26528094986, 0.00045157305716],
      [0.0028175507395, 0.21883540141, 0.099706551285, 0.42838741752, 0.22378096386, 0.026472115195]
    ],
    [
      [0.42188519817, 0.0010703398184, 0.13939728713, 0.044155437169, 0.3930323895, 0.0004593482185],
      [0.00012452569908, 0.75998205197, 0.027087291031, 0.085023058154, 0.031832932916, 0.095950140231],
      [0.07712355026, 0.082679663061, 0.17296407468, 0.46652227362, 0.17468059073, 0.026029847652],
      [0.032087217537, 0.015350236427, 0.012097873298, 0.039643423787, 0.89873854892, 0.002082700031],
      [0.063418353177, 0.0067559869839, 0.51174898787, 0.12819976672, 0.2889365181, 0.00094038715078],
      [0.0046294633878, 0.2218626565, 0.076529971948, 0.43610119169, 0.21281190962, 0.048064806861]
    ],
    [
      [0.41276863153, 0.0011971813079, 0.12216859685, 0.041793683253, 0.42154285409, 0.00052905297194],
      [0.00011036083953, 0.77366989642, 0.021552950856, 0.073108443446, 0.031009798604, 0.10054854984],
      [0.076922211331, 0.094510454179, 0.15490825801, 0.45159653772, 0.19141716435, 0.030645374404],
      [0.029453944376, 0.016150877684, 0.0099674184667, 0.035295559115, 0.90687576533, 0.002256435033],
      [0.065089696132, 0.007946433863, 0.47234036921, 0.12762110072, 0.32586344562, 0.0011389544465],
      [0.0044429838152, 0.24423015935, 0.065954597879, 0.40637446306, 0.22450190204, 0.054495893846]
    ],
    [
      [0.49800453214, 0.00082342318866, 0.096109619203, 0.038050838175, 0.36647199572, 0.00053959157531],
      [0.00017797238111, 0.71448695147, 0.022652593833, 0.089014885744, 0.036042345809, 0.13762525077],
      [0.10432616548, 0.073124004667, 0.13705723724, 0.4632085857, 0.18710624649, 0.035177760434],
      [0.040489334701, 0.012661773627, 0.0089288083445, 0.036623977555, 0.8986729911, 0.0026231146736],
      [0.091597365919, 0.0063769725459, 0.43454832577, 0.13560947452, 0.33051252803, 0.0013553332098],
      [0.0063274110782, 0.19858111476, 0.061237573235, 0.43766468557, 0.23044391064, 0.065745304712]
    ],
    [
      [0.40989524878, 0.0012467097519, 0.14633467283, 0.036789061671, 0.40541650814, 0.00031779882458],
      [0.00011110037715, 0.81701875482, 0.026162801581, 0.06522658187, 0.030227748198, 0.061253013152],
      [0.07953762114, 0.10246577016, 0.19317083628, 0.41400378933, 0.19165494616, 0.019167036933],
      [0.030392869467, 0.017473175148, 0.012401947518, 0.032276901994, 0.90604696452, 0.0014081413546],
      [0.060687989129, 0.0077680802621, 0.53124429558, 0.10546195523, 0.29419544328, 0.00064223651761],
      [0.0046734237722, 0.26937889326, 0.08365674424, 0.37895983432, 0.22865445453, 0.034676649879]
    ],
    [
      [0.39928227746, 0.00098093619606, 0.19382608963, 0.0388393275, 0.36654466836, 0.00052670085],
      [0.00012417376883, 0.73418603738, 0.039683819663, 0.078789845391, 0.031274552742, 0.11594157106],
      [0.073559323083, 0.076361852235, 0.24234726014, 0.41349645557, 0.1641563751, 0.030078733872],
      [0.032420223435, 0.015017672339, 0.017958853656, 0.037224011799, 0.89482997406, 0.002549264713],
      [0.051706249813, 0.0053335942652, 0.61278201201, 0.097136249544, 0.23211305688, 0.00092883748096],
      [0.004606019063, 0.21376780996, 0.11186294501, 0.40320522215, 0.20861761492, 0.057940388896]
    ],
    [
      [0.41439332877, 0.0009557099218, 0.18345083509, 0.027727031694, 0.37325369861, 0.00021939591855],
      [0.00014227368133, 0.80574918374, 0.041727891435, 0.062643158576, 0.035419071719, 0.054318420854],
      [0.088547350245, 0.086977803098, 0.26795694807, 0.34675293419, 0.19509631246, 0.014668651935],
      [0.033235481595, 0.014564973836, 0.016881372788, 0.026445414511, 0.90781574216, 0.0010570151104],
      [0.056230953829, 0.0054840350412, 0.61526953255, 0.073253293738, 0.24935388081, 0.00040830403155],
      [0.0056080352831, 0.24713570437, 0.1250812295, 0.34235018764, 0.25113835723, 0.028686485975]
    ],
    [
      [0.46948321258, 0.0011359809926, 0.12887532569, 0.044325551453, 0.3559049728, 0.00027495648506],
      [0.00013845473875, 0.80348208455, 0.025028488109, 0.085283345396, 0.028806277957, 0.057261349254],
      [0.087993692572, 0.089949489929, 0.16396204597, 0.4799269231, 0.16220053953, 0.015967308897],
      [0.038891338406, 0.017745641124, 0.01218583392, 0.043350713311, 0.88646852128, 0.0013579519569],
      [0.074946853709, 0.0076154434354, 0.50227283553, 0.13667156456, 0.27789545515, 0.00059784760979],
      [0.0053094758463, 0.24249747182, 0.072936100557, 0.45099341086, 0.19864056953, 0.029622971379]
    ],
    [
      [0.46055932953, 0.0011162738181, 0.12365114882, 0.049506408977, 0.36476092495, 0.0004059139067],
      [0.00013150721926, 0.77244789773, 0.023349222732, 0.092724374325, 0.028720119068, 0.082626878925],
      [0.081177593061, 0.083520066647, 0.1486048162, 0.50745782493, 0.15695341, 0.02228628916],
      [0.036988008005, 0.016988071937, 0.011377222009, 0.04716302389, 0.88553070048, 0.0019529736815],
      [0.073032286176, 0.0074668894743, 0.48212002387, 0.15237026259, 0.28412989868, 0.00088063921219],
      [0.0048612609481, 0.22386747199, 0.065612169504, 0.47361194674, 0.19093735758, 0.041109793236]
    ],
    [
      [0.42268312422, 0.00085272215553, 0.14482197322, 0.034850061538, 0.39644264642, 0.00034947244091],
      [0.00013058566301, 0.7610964077, 0.031402353364, 0.078888579751, 0.036872660661, 0.091609412863],
      [0.076256040298, 0.071432328305, 0.1953752491, 0.44696430503, 0.18825270688, 0.021719370384],
      [0.028972566392, 0.012157661565, 0.011920623403, 0.031018604862, 0.91435555929, 0.0015749844932],
      [0.05473421473, 0.005079329074, 0.56840567559, 0.097370416486, 0.27373533214, 0.00067503197969],
      [0.0046513021666, 0.20078469083, 0.086368943661, 0.42877585522, 0.23725709452, 0.042162113596]
    ],
    [
      [0.49741302385, 0.00059287769743, 0.16029221723, 0.060402272147, 0.28129960908, 0],
      [0.00011341191212, 0.77773236697, 0.037336385581, 0.15826668966, 0.026551145877, 0],
      [0.039514699946, 0.032164879209, 0.1386133533, 0.71043669909, 0.079270368458, 0],
      [0.026617699816, 0.0098537790076, 0.01455785862, 0.062209534602, 0.88676112795, 0],
      [0.038153040391, 0.0030547400909, 0.64418834522, 0.15326985133, 0.16133402297, 0],
      [0.0024807629129, 0.10241435281, 0.064037993958, 0.72128551551, 0.10978137481, 0]
    ],
    [
      [0.2645616822, 0.0010967990693, 0.27103700025, 0.036199522165, 0.42656920071, 0.00053579561288],
      [7.4460645454e-05, 0.74311670697, 0.050326520698, 0.066614624829, 0.033012729238, 0.10685495761],
      [0.045042302164, 0.079038048166, 0.31379134344, 0.35693111731, 0.17687523872, 0.028321950206],
      [0.018768792681, 0.014702024333, 0.02198355599, 0.030377859514, 0.91189714113, 0.0022706263535],
      [0.027154664505, 0.0047361475138, 0.6809297374, 0.071904761092, 0.21452428153, 0.00075040795893],
      [0.0028301120718, 0.22202643352, 0.14537110005, 0.34937729749, 0.22564491093, 0.054750145937]
    ],
    [
      [0.34955455868, 0.0010605331366, 0.24219860101, 0.043357935551, 0.36344734297, 0.00038102865305],
      [0.00010297334603, 0.75921682037, 0.047162700993, 0.083804776086, 0.029517517093, 0.080195212114],
      [0.058430640744, 0.075282246527, 0.27612577557, 0.42200888135, 0.14829976142, 0.019852694389],
      [0.028283934919, 0.016264233301, 0.02244003168, 0.041621572122, 0.88954287372, 0.0018473542625],
      [0.038868460589, 0.0049752559296, 0.66344869784, 0.093606524288, 0.19852131212, 0.00057974923074],
      [0.0037297494695, 0.21519479138, 0.12989084359, 0.41981407287, 0.19231645959, 0.039054083092]
    ],
    [
      [0.27552088848, 0.0010088420616, 0.27180197992, 0.040899823816, 0.41028168944, 0.00048677628276],
      [8.1830097596e-05, 0.72929574448, 0.053505430522, 0.079911721751, 0.0336900259, 0.10351524725],
      [0.045125929638, 0.070310960746, 0.30426604859, 0.39098848417, 0.16440748205, 0.024901094812],
      [0.02006566006, 0.013958648231, 0.022723238054, 0.035423267462, 0.90569988277, 0.0021293034274],
      [0.027971636176, 0.0043308125075, 0.68112535127, 0.080804694345, 0.20508975648, 0.0006777492225],
      [0.0028847376409, 0.20133150023, 0.14341240601, 0.389691586, 0.21360601754, 0.049073752579]
    ],
    [
      [0.20963881247, 0.0017675241775, 0.18403337523, 0.075436823158, 0.52782609446, 0.0012973705043],
      [2.786132857e-05, 0.72957036954, 0.017875036607, 0.075717932561, 0.021830353783, 0.15497844618],
      [0.02176868426, 0.088063189535, 0.14693213106, 0.546796875, 0.14839211657, 0.048047003571],
      [0.010320714535, 0.018710073761, 0.011311508813, 0.049846876596, 0.90547097269, 0.0043398536022],
      [0.019920517168, 0.0079679875153, 0.53637361631, 0.15825839037, 0.27558321751, 0.001896271122],
      [0.0011767431929, 0.22191892515, 0.058141216719, 0.46860072645, 0.16664800932, 0.083514379172]
    ],
    [
      [0.40250285265, 0.001078091389, 0.14002765546, 0.050419433062, 0.40565832272, 0.00031364471996],
      [0.00012035339213, 0.77433826524, 0.027569493083, 0.098371662826, 0.033292319147, 0.066307906314],
      [0.069319600529, 0.078457852771, 0.16371925023, 0.50187373748, 0.16988712638, 0.016742432605],
      [0.029643166731, 0.014974355686, 0.011769405585, 0.04384279857, 0.89839297857, 0.0013772948618],
      [0.058920205945, 0.0066279771929, 0.50077907684, 0.14257775807, 0.2904695736, 0.00062540835708],
      [0.0041855607714, 0.21171987429, 0.072866390359, 0.4719369795, 0.20820048635, 0.031090708719]
    ],
    [
      [-0, 0, 0, 0, 1, 0],
      [0, -0, 0, 0, 1, -0],
      [0, -0, 0, -0, 1, -0],
      [0, 0, 0, 0, 1, 0],
      [0, 0, 0, 0, 1, 0],
      [0, -0, 0, -0, 1, -0]
    ],
    [
      [0.35668876504, 0.00093221885727, 0.18572951324, 0.044382518001, 0.4118497629, 0.00041722196494],
      [0.00011758548525, 0.73111351248, 0.040185765747, 0.095048712356, 0.037123959074, 0.096410464854],
      [0.062766155245, 0.069042906758, 0.22106908068, 0.44879709702, 0.17567214853, 0.022652611775],
      [0.026186706831, 0.012856794051, 0.015518556256, 0.038325741853, 0.90529296164, 0.0018192393665],
      [0.04589390803, 0.0050192294631, 0.58016985683, 0.10987432243, 0.25831407462, 0.0007286086225],
      [0.0039187740354, 0.19232881897, 0.10174588863, 0.43613398127, 0.22244999412, 0.043422542977]
    ],
    [
      [0.45559711573, 0.0010144775922, 0.13659365359, 0.052231863686, 0.35410923064, 0.00045365876448],
      [0.00013832561491, 0.74146490735, 0.027377402008, 0.10379472233, 0.029590460882, 0.097634181811],
      [0.077913517256, 0.073486094474, 0.15899488067, 0.5179005832, 0.14760141487, 0.024103509537],
      [0.037556688881, 0.01581562647, 0.012879898009, 0.050978855453, 0.88053292451, 0.0022360066759],
      [0.069001286526, 0.0064695644265, 0.50736318098, 0.153232349, 0.26299527146, 0.00093834761218],
      [0.0047671746164, 0.20101682097, 0.071716881723, 0.4937277406, 0.18339645445, 0.04537492764]
    ],
    [
      [0.4303130177, 0.001230046685, 0.15385671744, 0.044108366629, 0.36998352298, 0.00050832856974],
      [0.0001134714503, 0.7761319519, 0.026701953175, 0.075823441035, 0.0267590064, 0.09447017604],
      [0.076910416978, 0.092808194213, 0.18654380971, 0.45490743499, 0.16070585601, 0.028124288099],
      [0.03441429354, 0.018537743418, 0.014037955453, 0.041619135228, 0.88896882182, 0.0024220505457],
      [0.062355314245, 0.0074803465739, 0.54372416079, 0.12336327601, 0.26207425244, 0.0010026499492],
      [0.0045761636883, 0.24662379169, 0.081827141617, 0.42149595547, 0.19404676465, 0.051430182882]
    ],
    [
      [0.32125128584, 0.0011309513982, 0.12362958831, 0.059032292391, 0.49458933034, 0.00036655172207],
      [8.874462671e-05, 0.75943712362, 0.022649256497, 0.10750531249, 0.037847265968, 0.072472296794],
      [0.049957164863, 0.074937723396, 0.13166955444, 0.53713544391, 0.18847789614, 0.017822217253],
      [0.019557992552, 0.013104782781, 0.0086420082547, 0.042819767343, 0.91453262805, 0.0013428210244],
      [0.045668673226, 0.0068100422193, 0.43640202302, 0.16361924678, 0.34678413562, 0.00071587913639],
      [0.0029156779382, 0.19585595963, 0.056611746276, 0.48890969676, 0.22364722507, 0.032059694317]
    ]
  ],
  "expected_outcome": [
    [
      [1.0344216628, 0.8282749689, 16.3932927716, 23.1830241807, 0, 4.0848367386, 26.353610746, 21.0680185282, 7.8981013485, 19.7004120562, 50.212683615, 19.9170560356, 6.9627301619, 2.1837913629, 11.525581018, 51.4699941771, 23.5278119971, 36.3543308461, 26.2332959217, 51.9066960696, 18.6476997945, 44.1314219823, 20.2646104993, 2.9587818696, 0.99482604769, 16.6673859784, 20.2741644036, 8.5411475428, 0.83855524988, 42.6653023811, 0, 357.045453802, 25.5134384808, 43.4616147876, 9.6375385752],
      [0.0059022561745, 0.011825285843, 0.033808013964, 0.054818833058, 0.00065586412108, 0.014476597617, 0.074529950135, 0.048926616552, 0.052743672675, 0.051821927896, 0.12970086694, 0.055495904089, 0.023272769945, 0.010885053222, 0.046964889508, 0.13058145785, 0.068239334549, 0.060109892772, 0.07978942412, 0.12752170549, 0.043006946481, 0.10678221331, 0.049116047997, 0.0059690550887, 0.0011857553949, 0.069098341366, 0.061510921925, 0.031274103909, 0.0070700967098, 0.11427768723, 0, 0.93315107613, 0.056810745161, 0.12423471519, 0.033928541947],
      [0.57129233353, 1.5066042029, 4.1995598298, 6.2837113949, 0.22698626662, 2.965494043, 9.6462010557, 6.6171201381, 9.1289875594, 7.0081087776, 16.4179860747, 8.6212308894, 3.1627584044, 3.7548530799, 8.0908829148, 17.0064690293, 6.9636100204, 7.0160022019, 9.3654190612, 25.1973916524, 8.2552875791, 12.1142806153, 5.440650548, 1.0137538126, 0.32058443446, 17.0753310157, 14.0475188583, 8.4258613776, 0.73613350093, 14.8429314788, 0, 185.9152427497, 7.6492446009, 15.5395284614, 3.7088876493],
      [0.24961816504, 0.27693645704, 1.638785143, 2.0548031081, 0.13951549216, 0.55849553536, 3.1301111859, 2.1348229716, 1.5966236403, 2.3485340925, 5.3729372035, 2.8019507813, 0.78873097153, 0.46279582081, 1.9219454116, 5.3869633346, 2.3822399454, 2.7777111868, 2.3544999469, 5.049112575, 1.2477164262, 4.1666018366, 2.178281995, 0.24395043076, 0.12080454429, 2.2805698964, 2.514760262, 1.2678945383, 0.30174729263, 5.3444599046, 0, 44.4269005191, 2.9249843664, 4.4549450296, 1.7709687717],
      [2.137213429, 3.3763590854, 12.719028188, 20.4010991739, 0.6328423771, 4.369368379, 24.7740012155, 18.1164791179, 17.2962060724, 20.867622521, 41.818161853, 23.5836032242, 8.0602102043, 5.5783512075, 18.4033798059, 47.9499515185, 24.0279426831, 26.7524556875, 25.9466565213, 47.6508068871, 16.7964164374, 33.455067443, 16.0494806979, 2.7750985249, 0.56259921816, 26.8738596446, 21.0799458923, 12.7187323726, 2.1113043778, 42.9997822079, 0, 412.2616126663, 19.8301169159, 37.3683358207, 14.8376799101],
      [0.0015521533875, 0, 0.015526053686, 0.022543309267, 0, 0.00732870642, 0.021545846736, 0.014632627612, 0.02733770676, 0.023500624821, 0.048530386721, 0.020663165402, 0.0022974879836, 0.0093234757354, 0.011245960208, 0.056040482657, 0.0301560194, 0.039390184997, 0.020339124773, 0.068471110499, 0.0098728163348, 0.025845909595, 0.017860211895, 0.0024463070864, 0, 0.033755123612, 0.022099661877, 0.015090064766, 0.0051894820173, 0.033246340316, 0, 0.41763918691, 0.025404890811, 0.051341185543, 0.010996551662]
    ],
    [
      [0.00049479314278, 0.00025826325262, 0.0074251211362, 0.009711117689, 0, 0.0062364420832, 0.0087431717398, 0.011359700542, 0.0055363215633, 0.0066704668404, 0.016329461742, 0.0079937593509, 0.0019055867278, 0.0023597922701, 0.0068991400892, 0.010335633024, 0.0076148979274, 0.0085426742935, 0.0071104241378, 0.0098097277374, 0.0051218525278, 0.021598939245, 0.0097315342254, 0.0014364422932, 0.00034023573635, 0.0086374348727, 0.0062813741076, 0.0054826165389, 0.00019502929999, 0.013840640095, 0, 0.10735554803, 0.020887167851, 0.027460090972, 0.0091406965512],
      [8.0249331304, 9.7859781519, 37.2463296087, 55.544779528, 1.299076905, 54.3404053531, 59.7443125309, 63.7875657026, 89.4182063133, 42.5887704983, 101.1968715731, 53.8447823862, 15.9194337181, 28.9974493618, 68.3450004462, 63.0785103134, 53.3832228527, 34.2953736704, 52.2892003086, 58.000696953, 29.0069706145, 125.3432051892, 57.1611444321, 8.3720604847, 2.3331971009, 86.201538009, 46.3122260424, 48.8628148801, 5.1069925868, 89.0489005024, 0, 667.5066368981, 111.9612010103, 187.8239323598, 78.2220237332],
      [0.19489281013, 0.32122388092, 1.2585115823, 1.7370248243, 0.079872958444, 3.0304385865, 2.111412519, 2.3564185245, 4.2345576634, 1.5678709916, 3.5147039302, 2.2844143034, 0.57610244185, 2.7053630975, 3.210738817, 2.2482451556, 1.487153609, 1.087324504, 1.6744193012, 3.1350217534, 1.5022040917, 3.904444145, 1.7278424822, 0.345425887, 0.11200915674, 5.837876401, 2.8769247606, 3.584863845, 0.12512525625, 3.1704917045, 0, 36.6896041273, 4.1339877032, 6.4618726685, 2.3328734191],
      [0.85943542909, 0.59091406097, 4.8719272952, 5.6347277031, 0.52510703519, 5.6686803317, 6.7933755313, 7.5404934319, 7.3482564545, 5.2123945456, 11.394857241, 7.3610604061, 1.4292642256, 3.3151342217, 7.5731691556, 7.0569138268, 5.0444825978, 4.2727145157, 4.1745012397, 6.2243977859, 2.2551537087, 13.3042018817, 6.8616037001, 0.86777437726, 0.47480006899, 7.7272964802, 5.1120913413, 5.3540853573, 0.53002552793, 11.312741225, 0, 86.7794743808, 15.6730030719, 18.3492727304, 11.0730471867],
      [0.30610509478, 0.30162564298, 1.5896512622, 2.352518562, 0.095943101404, 1.8617172722, 2.2609658482, 2.6906746619, 3.3464829816, 1.9470538048, 3.7308179963, 2.605279771, 0.61343731393, 1.6786814001, 3.0462623715, 2.642133432, 2.1396761037, 1.7300325988, 1.9345758847, 2.4706896667, 1.2750865819, 4.4937793612, 2.125288811, 0.40559926728, 0.079653437632, 3.8294765916, 1.8005685427, 2.2572317353, 0.15281247648, 3.8286167019, 0, 33.8941746345, 4.4681595933, 6.4756795487, 3.8982683947],
      [0.61413874244, 0, 5.0261551305, 6.7212382648, 0, 8.0925220145, 5.081190399, 5.6134879786, 13.6469602655, 5.6772396928, 11.1464197977, 5.8964693739, 0.45985671385, 7.3010121267, 4.8179300697, 7.9638616391, 6.9378499389, 6.6060120368, 3.9201928417, 9.1593841134, 1.9554631507, 8.9327704836, 6.1143890404, 1.0077035415, 0, 12.3951750833, 4.891907939, 6.9355215658, 1.0848491233, 7.6254092261, 0, 88.0227544113, 14.7427614535, 22.8617826017, 7.4646465698]
    ],
    [
      [0.34118093035, 0.33401143341, 8.6836175978, 7.0795818724, 0, 4.2587401001, 8.0730829491, 8.0343300397, 2.6735978719, 7.4173198811, 17.3263784101, 7.4562237961, 3.0311832476, 1.2545720849, 2.5117815654, 12.3397680415, 10.0768096844, 7.1985054178, 7.5560740083, 13.8291527396, 4.2502728118, 18.5666691327, 7.95540412, 0.076256040298, 0, 6.5761761159, 5.6677721521, 3.3844447229, 0.15238078982, 12.2002496931, 0, 99.421589908, 11.2974600021, 20.765812584, 2.9474727269],
      [0.89592241978, 2.1036245146, 7.6081835979, 7.0945657642, 0, 6.4778171132, 9.6702779529, 7.9110841253, 7.5824634732, 8.2793476038, 18.9023111623, 8.8040716204, 4.3417432013, 2.6786586901, 4.35627076, 13.2287460897, 12.3808694974, 5.045556322, 9.7342481649, 14.3560282201, 4.1749345487, 18.9793423751, 8.1849665314, 0.071432328305, 0, 11.5395550322, 7.3023779132, 5.273322056, 0.61644232674, 13.8085820877, 0, 109.3639643047, 10.6554836988, 25.0582124375, 4.4213256804],
      [1.388005559, 4.2910819099, 15.1761680039, 13.0627511665, 0, 21.3180284689, 20.1030899252, 17.1878051985, 21.088073082, 17.9810846854, 38.4413915573, 21.9680358363, 9.4623133628, 14.8387547882, 12.057035446, 27.6742519485, 20.2929817992, 9.4569493693, 18.3512294466, 45.5612849054, 12.8619335075, 34.5959917007, 14.5632719877, 0.1953752491, 0, 45.8135361419, 26.7842002303, 22.8199536442, 1.0285249174, 28.8145880407, 0, 350.1734237909, 23.0542576971, 50.366828622, 7.7685037117],
      [5.3553970598, 6.838995578, 50.5110550696, 36.4350284769, 0, 34.3041781217, 55.6126559482, 47.2804684026, 31.4677245562, 51.3970594191, 107.0677901928, 60.846350463, 20.2229565119, 15.6550415763, 24.4946888716, 74.6435637798, 59.1591464416, 31.9613924133, 39.3303599862, 77.7373336481, 16.6441408412, 101.2645807734, 49.7308668436, 0.44696430503, 0, 52.1119431272, 40.9348614914, 29.3241363126, 3.827578125, 88.3297777971, 0, 710.8946016793, 75.0955845637, 122.8250074479, 31.6909911908],
      [1.8452430381, 3.4322865641, 16.4565787243, 15.186969919, 0, 11.2343523356, 18.4895200928, 16.8502499825, 14.3047632904, 19.1695966887, 35.0746967324, 21.5201082222, 8.6266523396, 7.8878626719, 9.8146219943, 27.9488945162, 25.0756485305, 12.9103310076, 18.2072198854, 30.8613985188, 9.3646229979, 34.224313841, 15.3814341796, 0.18825270688, 0, 25.8237848527, 14.3850768574, 12.3305611535, 1.038744816, 29.9001342429, 0, 278.2646832652, 21.4022051555, 43.390581122, 11.1201958722],
      [0.17425099302, 0, 2.5643970066, 2.1411028011, 0, 2.4068838605, 2.0513731319, 1.7360622516, 2.8833777262, 2.7555917219, 5.1874319451, 2.405210062, 0.31515133684, 1.6851101886, 0.76560136274, 4.1647756243, 4.0145440469, 2.42726547, 1.8208685086, 5.654801968, 0.70409529288, 3.3691021772, 2.1840563377, 0.021719370384, 0, 4.1350047301, 1.9257113557, 1.8675821109, 0.336329025, 2.9466681384, 0, 35.8817370518, 3.4950088829, 7.5935577866, 1.051510818]
    ],
    [
      [0.64421819582, 0.89602526533, 18.0729030878, 25.3013271955, 0, 4.42559423, 19.5617140792, 20.7266230273, 6.7083214311, 13.2538380149, 31.9730568842, 14.0873264213, 8.1629263997, 4.1674187336, 5.333336166, 25.8302101173, 19.1450638442, 22.9574527754, 21.4573658434, 21.2676665732, 9.1065219572, 35.2744439346, 15.9418314502, 0.86917699177, 0.053235399631, 11.3175819867, 8.0892053868, 7.7052134629, 0.26833857792, 25.4041938882, 0, 220.0207107917, 20.0177151737, 40.7809378447, 6.9235293633],
      [0.7574763836, 2.5189904051, 7.0673090431, 11.31611696, 0.080150315269, 3.0087417228, 10.4575651997, 9.1100770719, 8.4957833936, 6.6024583193, 15.5681137983, 7.4242013303, 5.2146096192, 3.9738376865, 4.1305330852, 12.3569403234, 10.4980704944, 7.1792256468, 12.3360616544, 9.8515930541, 3.9908028312, 16.0952964992, 7.321859005, 0.36472984694, 0.019707558015, 8.8653206728, 4.6515707241, 5.3601209206, 0.48646191778, 12.8330228229, 0, 108.0227836124, 8.4297289087, 21.9672259505, 4.6390931044],
      [0.4360005533, 1.9231295363, 5.3064580674, 7.8413346358, 0.15620004467, 3.7213335415, 8.1858998309, 7.449149531, 8.8880551894, 5.3971163853, 11.9286986977, 6.9757354037, 4.2710952705, 8.268537183, 4.2984302912, 9.7387880045, 6.4788220033, 5.0626343313, 8.755774948, 11.7810079985, 4.6254961438, 11.0525513653, 4.903582686, 0.35761870208, 0.029115717241, 13.2560842619, 6.4178490606, 8.7257234129, 0.29409922913, 10.086380586, 0, 130.3869096616, 6.864985639, 16.6349772119, 3.0592709222],
      [2.001961766, 3.6887355022, 21.4436770155, 26.5523730874, 1.059059151, 7.2658136848, 27.4936216702, 24.8837012641, 16.0999051602, 18.7299955722, 40.3757034937, 23.4652254398, 11.057809356, 10.5744812396, 10.5809697634, 31.9129561488, 22.9421134249, 20.7657952738, 22.7874928079, 24.4189517399, 7.2460435759, 39.3190969728, 20.3272632966, 0.93055814586, 0.1244190692, 18.3178492871, 11.9037696268, 13.6025347054, 1.2960187915, 37.5732783744, 0, 322.0128830468, 27.1717299564, 49.3186752452, 15.1581976393],
      [44.0973852018, 114.9731192911, 424.0835886853, 671.5176321539, 12.704590489, 145.096974921, 554.345429074, 537.9690762366, 444.4157607589, 424.0700194162, 800.3127880515, 503.1735869514, 288.1308313166, 324.9396662972, 258.3440334407, 723.484531881, 589.4692474617, 509.5475859528, 639.6691569499, 587.0084629826, 248.7415133517, 804.0269488033, 381.6637319055, 27.4306667786, 1.7735222559, 549.8739761003, 254.4092618827, 347.7887549822, 23.54224529, 769.9227826319, 4, 7606.2714637298, 469.324048764, 1053.4280538511, 323.7445503282],
      [0.062957899521, 0, 1.0260641008, 1.4712159673, 0, 0.4815418999, 0.95577014609, 0.86137286905, 1.3921740668, 0.94657229213, 1.8416390746, 0.87392445353, 0.16272803799, 1.0760588601, 0.31269725341, 1.6765735249, 1.4666827714, 1.4873060199, 0.99414779634, 1.6723176517, 0.28962214026, 1.2316624249, 0.84173165673, 0.047249534797, 0, 1.3691876911, 0.52834331907, 0.81765251613, 0.11283619366, 1.1803416966, 0, 15.2852491577, 1.1917915582, 2.8701298966, 0.47535864264]
    ],
    [
      [0.27619899312, 0.19639977427, 4.7113236004, 4.3474102647, 0, 1.4657312958, 4.9383635506, 4.19828291, 1.3037273311, 3.2211372929, 10.6967850713, 4.2903173557, 1.2728434028, 0.54126005894, 1.7203368063, 7.7370390876, 4.7515478176, 3.4806999049, 4.3695352173, 7.3939937232, 2.6990857838, 11.3919217637, 5.1852923185, 0.10946842946, 0.076306080782, 3.3128690696, 1.4770015024, 1.5384399897, 0.039841034336, 6.1866216243, 0, 64.3432590584, 4.6920874838, 11.2239565641, 0.77636744484],
      [0.071864159943, 0.12254646707, 0.41008998072, 0.43289062575, 0.0065848917123, 0.22164602386, 0.58778603415, 0.41081428785, 0.36754371116, 0.35720901218, 1.1598862311, 0.50339307709, 0.18086457229, 0.11481327907, 0.29653667643, 0.82423041203, 0.580089672, 0.24232495674, 0.55930177887, 0.76270397992, 0.26323368198, 1.1575474022, 0.53014915268, 0.010158658148, 0.0061094801818, 0.57780999669, 0.18905972532, 0.23819468791, 0.015935975031, 0.69593760525, 0, 7.0369597072, 0.439930381, 1.3464623833, 0.11577071773],
      [4.2172192011, 9.2868418821, 29.7050813877, 28.9333156761, 1.5990679465, 26.5536365359, 44.3070514742, 32.3884034659, 37.1110300521, 28.1701440888, 85.3458652786, 45.5399054129, 14.4254752608, 23.213592558, 29.8443040008, 62.4333765205, 34.4808469526, 16.5128363794, 38.2495892818, 87.6278277177, 29.5329375624, 76.3454710011, 34.2305216945, 1.1368113512, 1.2883766904, 83.0734279623, 25.2110505179, 37.4618943196, 1.0727472326, 52.5818030679, 0, 813.3981392742, 34.5006963063, 97.8703489419, 7.4188343914],
      [1.4069976966, 1.3242545142, 9.1463135253, 7.4661201261, 0.66273194575, 3.9358307482, 11.3574072615, 8.2472967633, 5.119761153, 7.4486258205, 22.0996177135, 11.6925776482, 2.8226119678, 2.247548356, 5.5864638478, 15.6403715395, 9.3163403526, 5.1531600319, 7.5932607766, 13.8904836849, 3.5161580994, 20.7740778133, 10.8182886442, 0.19474083297, 0.30653970266, 8.7723808533, 3.5570479229, 4.444258189, 0.31651678075, 14.9706645969, 0, 154.0438000512, 10.4197997319, 22.205389681, 2.7815271953],
      [3.0215917466, 4.0699573624, 17.9661098894, 18.7625253311, 0.73161521607, 7.7867626678, 22.7542794903, 17.7153533956, 14.0361502434, 16.7503450414, 43.5570830498, 24.9130156207, 7.2924142264, 6.8508905166, 13.5293284428, 35.2502552079, 23.7880315306, 12.5594760651, 21.1820719163, 33.1921671345, 11.9689862789, 42.2401091829, 20.173222806, 0.54747066428, 0.32266804593, 26.1719623471, 7.5438098606, 11.2799366065, 0.55116643502, 30.4993052282, 1, 362.1563326203, 17.8836784593, 47.1733654389, 5.8953303055],
      [0.0061282026167, 0, 0.061081616488, 0.057737976234, 0, 0.036392728424, 0.055112189216, 0.039849177343, 0.061787509196, 0.052538744251, 0.14076265567, 0.060790885421, 0.0057905698924, 0.031895231384, 0.023030225915, 0.1147272324, 0.083143674592, 0.051502661972, 0.046241029268, 0.13282375978, 0.019598593514, 0.090872836689, 0.062525384065, 0.0013500639594, 0, 0.091549770989, 0.022030470768, 0.037276207237, 0.0037925422441, 0.065667877494, 0, 1.0215092887, 0.063807637628, 0.18047699086, 0.012169945319]
    ],
    [
      [0.005691465516, 0.0065704919453, 0.1201697542, 0.062338813296, 0, 0.052777557013, 0.042627931614, 0.10903443109, 0.033240964234, 0.058147492631, 0.12228210736, 0.11060386453, 0.019709875506, 0.021887396159, 0.022540405916, 0.16666068196, 0.088859676305, 0.10756598833, 0.13085586562, 0.096726400322, 0.050472317548, 0.23361693724, 0.11667026276, 0.0046513021666, 0.0024807629129, 0.12452493116, 0.033567745226, 0.037501589332, 0.0011767431929, 0.146494627, 0, 1.0972567299, 0.14778241311, 0.29287447605, 0.049566524949],
      [0.68693661773, 1.8810658332, 4.7156706467, 2.7953032593, 0.1985835889, 3.6018198059, 2.2843585277, 4.8036172856, 4.2180631016, 2.9059656329, 5.9608393547, 5.8430711115, 1.2704340538, 2.0978238811, 1.7506832113, 7.987055634, 4.8846031871, 3.375878951, 7.5426090113, 4.4891240093, 2.2242213394, 10.6698887602, 5.3728193278, 0.20078469083, 0.10241435281, 9.7691630749, 1.9367531225, 2.617309503, 0.22191892515, 7.4101956003, 0, 53.8520693116, 6.23152145, 15.7839226684, 3.3295513138],
