{
  "X": [
    [8, 3, 16, 2, 220, 11, 6],
    [25, 63, 74, 110, 239, 238, 28],
    [15, 18, 23, 14, 224, 36, 22],
    [29, 17, 37, 31, 580, 111, 37],
    [39, 28, 52, 51, 575, 120, 94],
    [28, 49, 25, 137, 110, 273, 16],
    [35, 55, 73, 82, 326, 243, 36],
    [42, 71, 98, 148, 276, 380, 43],
    [29, 62, 89, 151, 124, 341, 26],
    [50, 73, 88, 269, 247, 608, 51],
    [105, 103, 136, 412, 461, 910, 75],
    [34, 32, 33, 101, 194, 230, 23],
    [27, 37, 32, 128, 152, 321, 16],
    [56, 93, 102, 238, 346, 620, 55],
    [75, 100, 150, 271, 577, 750, 92],
    [56, 70, 66, 208, 185, 487, 39],
    [6, 4, 4, 10, 29, 15, 2],
    [57, 52, 83, 203, 418, 537, 70],
    [36, 22, 48, 128, 159, 264, 24],
    [22, 21, 42, 14, 274, 92, 46],
    [17, 13, 29, 28, 250, 83, 56],
    [9, 3, 11, 3, 210, 9, 13],
    [8, 14, 33, 21, 170, 61, 19],
    [13, 9, 20, 11, 203, 41, 43],
    [14, 15, 17, 17, 335, 53, 27],
    [22, 21, 28, 13, 476, 61, 58],
    [30, 43, 34, 102, 161, 294, 42],
    [8, 2, 4, 14, 19, 55, 9],
    [1, 4, 3, 9, 11, 27, 2],
    [36, 46, 66, 160, 196, 409, 34],
    [17, 37, 49, 159, 104, 278, 19],
    [86, 104, 180, 332, 459, 954, 71],
    [57, 58, 101, 231, 184, 551, 40],
    [6, 10, 65, 8, 147, 186, 20],
    [38, 57, 91, 268, 380, 595, 51],
    [10, 8, 9, 28, 83, 82, 9],
    [207, 150, 138, 402, 1025, 952, 173],
    [27, 3, 12, 63, 135, 193, 9]
  ],
  "W": [
    [4, 14, 219, 9, 8, 2, 10],
    [119, 42, 255, 156, 100, 74, 31],
    [14, 11, 237, 33, 18, 19, 20],
    [43, 31, 612, 71, 40, 20, 25],
    [57, 34, 638, 96, 56, 26, 52],
    [151, 33, 118, 226, 34, 66, 10],
    [100, 34, 346, 168, 93, 76, 33],
    [167, 52, 301, 310, 103, 90, 35],
    [176, 29, 156, 265, 99, 77, 20],
    [313, 49, 291, 476, 115, 106, 36],
    [438, 109, 549, 711, 173, 168, 54],
    [104, 40, 195, 191, 35, 53, 29],
    [149, 32, 176, 255, 45, 41, 15],
    [275, 64, 362, 525, 128, 124, 32],
    [312, 91, 571, 581, 190, 175, 95],
    [236, 50, 233, 392, 93, 85, 22],
    [15, 5, 28, 12, 5, 3, 2],
    [257, 70, 461, 410, 115, 66, 41],
    [135, 37, 174, 219, 59, 30, 27],
    [32, 30, 271, 63, 56, 28, 31],
    [39, 14, 279, 67, 32, 16, 29],
    [1, 7, 217, 9, 14, 2, 8],
    [16, 15, 174, 43, 45, 12, 21],
    [13, 12, 222, 29, 24, 14, 26],
    [18, 12, 338, 39, 25, 17, 29],
    [20, 23, 494, 41, 36, 23, 42],
    [138, 38, 178, 235, 44, 49, 24],
    [14, 0, 38, 44, 4, 6, 5],
    [11, 3, 10, 25, 2, 5, 1],
    [191, 41, 220, 329, 86, 65, 15],
    [152, 30, 108, 253, 73, 37, 10],
    [370, 109, 535, 758, 219, 151, 44],
    [260, 56, 224, 443, 134, 83, 22],
    [14, 6, 147, 166, 77, 8, 24],
    [360, 64, 386, 418, 120, 103, 29],
    [38, 12, 87, 61, 16, 10, 5],
    [456, 212, 1151, 720, 187, 197, 124],
    [90, 38, 135, 144, 18, 8, 9]
  ],
  "method": "mvn_cdf",
  "mvncdf_method": "genz",
  "mvncdf_samples": 5000,
  "mvncdf_error": 0.001,
  "cond_prob": [
    [
      [0.0079506583388, 0.014294395123, 0.0029487880427, 0.41464783262, 0.00094352541691, 0.55628375223, 0.0029310482272],
      [0.53054204, 0.038606120074, 0.044095692594, 0, 0.34911073157, 0.013216268767, 0.024429146993],
      [0, 0.0034559801395, 0.028484722311, 0, 0.95325888045, 0, 0.014800417103],
      [0.036356836381, 0.013130301041, 0.044104508911, 0.030069325812, 0.0017112254092, 0.87326572883, 0.0013620736126],
      [0, 0.01604798909, 0.92095068167, 0.001068819875, 0.016767928834, 0.034417227528, 0.010747353],
      [0.011021265219, 0.64702805176, 0.10148314883, 0.031117089112, 0.01877385044, 0.16757345468, 0.02300313995],
      [0.019135474874, 0.010486436232, 0.11651986342, 0, 0.61578886783, 0.011996093923, 0.22607326372]
    ],
    [
      [0.0013060696308, 0.0074581875452, 0.00096420409163, 0.61092336926, 0.0019634972653, 0.37738467221, 0],
      [0.3627547392, 0.072325573481, 0.014317546767, 0.10029228647, 0.14235805447, 0.28727111987, 0.02068067974],
      [0.032309757357, 0.010410560438, 0.02152441043, 0.0008749228056, 0.84711674061, 0.034848782164, 0.052914826194],
      [0, 0.0097398417395, 0.0065268566644, 0.14695528198, 0.0025671767847, 0.83421084283, 0],
      [7.5782279093e-05, 0.081783184224, 0.63324219258, 0.01999068808, 0.017422252255, 0.22494196557, 0.022543935012],
      [0.0053178644587, 0.61506964214, 0.01848717943, 0.10648252903, 0.0054540799389, 0.23906439031, 0.010124314696],
      [0.031251301411, 0.038942626837, 0.067249610117, 0.001965734367, 0.45891064394, 0.058630470981, 0.34304961234]
    ],
    [
      [0.0087095717371, 0.016074038964, 0.0012490724918, 0.58628240431, 0.00053123789623, 0.38382959679, 0.0033240778123],
      [0.54966512417, 0.047312408415, 0.019586846753, 0.030427904666, 0.2259693703, 0.095620911373, 0.031417434322],
      [0.026756803472, 0.0074121068178, 0.021215193874, 0, 0.88867201124, 0, 0.055943884601],
      [0.047601604405, 0.020281476765, 0.022391008518, 0.13056162533, 0.0010580856576, 0.7751987041, 0.0029074952226],
      [0.00052556049182, 0.04774203598, 0.82715117064, 0.0053377231846, 0.022610519115, 0.065778873753, 0.030854116836],
      [0.013598658679, 0.71627123719, 0.042093156137, 0.054985869448, 0.011722303871, 0.13454754256, 0.02678123212],
      [0.032584982896, 0.018002937934, 0.065583120177, 0.00039976077112, 0.51135014945, 0.012628767428, 0.35945028135]
    ],
    [
      [0.0049534511091, 0.0075987289718, 0.00047278424138, 0.49389985498, 0.00073127747943, 0.49056694253, 0.0017769606897],
      [0.45960545442, 0.032886997336, 0.0122645374, 0.038932326565, 0.24740660834, 0.18092716721, 0.027976908729],
      [0.021514497666, 0.0032731774638, 0.010836458334, 0, 0.90911230095, 0.013159351258, 0.042104214325],
      [0.0055093842244, 0.0080905084142, 0.0081463178483, 0.092496879861, 0.0011207022024, 0.88362116312, 0.0010150443295],
      [0.00030920441772, 0.046443196383, 0.69362333004, 0.0095866335828, 0.034874011822, 0.17637399212, 0.038789631633],
      [0.013295793607, 0.54512979505, 0.030162875873, 0.079589010581, 0.014526953497, 0.28966138847, 0.027634182914],
      [0.028116384598, 0.012632931006, 0.041639113259, 0.00051520349352, 0.56628610507, 0.02632265129, 0.32448761128]
    ],
    [
      [0.006635876059, 0.011635262963, 0.0006731874361, 0.59159172308, 0.00079107830686, 0.38433318881, 0.0043396833479],
      [0.51295843565, 0.043331592604, 0.012566309702, 0.040444821026, 0.21423400914, 0.12257094373, 0.053893888144],
      [0.029924014221, 0.005433546087, 0.013284579447, 0.00027514575927, 0.85373141519, 0.0038803255721, 0.093470973722],
      [0.0038710499428, 0.014837299101, 0.011674627601, 0.13755570814, 0.0012616908963, 0.82726033897, 0.003539285354],
      [0.00053179421796, 0.061270106657, 0.70363854575, 0.010010147675, 0.030395272736, 0.11940719329, 0.074746939674],
      [0.013484759847, 0.64732909912, 0.027830562196, 0.074558240701, 0.011454783317, 0.1773198978, 0.048022657021],
      [0.025723887556, 0.013670196067, 0.034821051353, 0.00046489165889, 0.40133129553, 0.014150687081, 0.50983799076]
    ],
    [
      [0.0050138160825, 0.0080789482744, 0.00016764551869, 0.61701554558, 0, 0.36762818849, 0.0020958560516],
      [0.57098193715, 0.041884867467, 0.0076800074201, 0.058241966836, 0.13723923685, 0.16055947645, 0.023412507827],
      [0.053219506972, 0.0069502355624, 0.011146628122, 0.00042269437128, 0.84364538934, 0.020454098761, 0.064161446867],
      [0.0028139368952, 0.010744758882, 0.0052944810831, 0.151375091, 0, 0.82749022175, 0.0022815103915],
      [0.00091889375162, 0.081967986748, 0.6095836632, 0.019940670901, 0.026032482633, 0.21689852676, 0.044657776006],
      [0.014482970996, 0.60804515074, 0.016764475467, 0.10543115524, 0.0067102067163, 0.22806738217, 0.020498658677],
      [0.049753981129, 0.023154338238, 0.037709050908, 0.0011580153332, 0.45929711886, 0.033630991312, 0.39529650422]
    ],
    [
      [0.0054657270575, 0.0081070382779, 0.00042739492505, 0.53577623073, 0.00010815842525, 0.44883572584, 0.0012797247416],
      [0.52173487422, 0.038298786665, 0.011379784469, 0.047359038904, 0.17331284978, 0.18387246024, 0.024042205725],
      [0.039639662646, 0.0056558729566, 0.013800672747, 0, 0.86812059426, 0.019728503801, 0.053054693592],
      [0.0031352359632, 0.0093185964454, 0.0073953294858, 0.11247729382, 0.00012942422754, 0.86684337919, 0.00070074086752],
      [0.0007967315377, 0.05760599865, 0.67728646958, 0.012400258355, 0.025570385542, 0.1910573804, 0.035282775938],
      [0.013990614866, 0.57094587525, 0.025695633682, 0.08863535147, 0.0091677462746, 0.26999807511, 0.021566703354],
      [0.040455026988, 0.018649599595, 0.048860299416, 0.00080222736736, 0.50394799422, 0.033964353457, 0.35332049896]
    ],
    [
      [0.0046822826973, 0.0095107633576, 0.00027561130421, 0.57420339783, 0.00020126726658, 0.40913075187, 0.0019959256727],
      [0.49744872746, 0.050593574339, 0.020058269735, 0.057611390489, 0.15501125474, 0.18968697983, 0.029589803409],
      [0.040375385332, 0.0078334021201, 0.02542501428, 0.00052784928877, 0.83362944977, 0.020726696901, 0.071482202309],
      [0.0029061217841, 0.011689036181, 0.011656037041, 0.12918471587, 0.00032562920906, 0.84232062179, 0.0019178381276],
      [0.00050749917564, 0.048824829002, 0.77183504273, 0.0097835261174, 0.014771420178, 0.12616908345, 0.028108599355],
      [0.010881088429, 0.61071240887, 0.036780384093, 0.087385447711, 0.0067244265447, 0.22570876714, 0.021807477215],
      [0.036150452853, 0.023037348966, 0.081011375316, 0.0009629205226, 0.42159254335, 0.032688809335, 0.40455654966]
    ],
    [
      [0.0023738375656, 0.0084171110068, 0, 0.58913275686, 0.0029105771707, 0.39666069042, 0.00050502698313],
      [0.50560196667, 0.061168011212, 0.02044553887, 0.077139973805, 0.074462955195, 0.24047721617, 0.020704338077],
      [0.072670578479, 0.016242471071, 0.046631988851, 0.0012551418841, 0.72501554226, 0.048182805237, 0.090001472223],
      [0.0029521482996, 0.010471352171, 0.0066425528798, 0.13643113023, 0.0043728527618, 0.83898569232, 0.00014427134099],
      [0.00042988324636, 0.055805158721, 0.75317976666, 0.012585760032, 0.008254760048, 0.15134615295, 0.018398518349],
      [0.0089570943, 0.61160021648, 0.030629545602, 0.096642413994, 0.0038761671626, 0.23590920224, 0.012385360217],
      [0.053428165513, 0.040902747144, 0.12244703443, 0.0019033893508, 0.29756980137, 0.06089377113, 0.42285509107]
    ],
    [
      [0.0037085651539, 0.006090671982, 0.00034297878622, 0.59051654738, 0.0008113545104, 0.39713378659, 0.0013960956004],
      [0.53160415307, 0.039193034849, 0.010993348621, 0.07228447362, 0.096568413754, 0.22462311091, 0.024733465172],
      [0.063853652705, 0.0089223901505, 0.021315601593, 0.00066484718991, 0.77846512619, 0.037473840872, 0.089304541305],
      [0.0019566703866, 0.0077061779658, 0.0057839569258, 0.13727567073, 0.0012202064309, 0.84473435032, 0.0013229672404],
      [0.00055254627178, 0.058065385226, 0.64251563602, 0.018758016051, 0.01433828067, 0.22973318688, 0.036036948875],
      [0.012682465731, 0.52231571145, 0.022329228713, 0.12146336206, 0.0048558366409, 0.29616398722, 0.020189408185],
      [0.051942871567, 0.024045000039, 0.059493711416, 0.0015945399663, 0.35378896728, 0.052207077252, 0.45692783248]
    ],
    [
      [0.0029697405457, 0.0047486579831, 0.00051079045438, 0.61311838916, 0.0019376950043, 0.37577774201, 0.00093698484375],
      [0.53033524341, 0.033228135879, 0.01073299296, 0.083722278569, 0.085859088057, 0.23721389918, 0.018908361943],
      [0.071754121764, 0.0086887746739, 0.023619065319, 0.00020770067959, 0.77495194238, 0.04406221732, 0.076716177865],
      [0.0012112223485, 0.0063117956382, 0.0056131213194, 0.14819057619, 0.0031331913911, 0.83462377249, 0.00091632062281],
      [0.00042258875567, 0.05044186071, 0.63646964784, 0.022102555666, 0.013551756477, 0.24873840539, 0.028273185162],
      [0.013337945799, 0.46436601858, 0.022947044449, 0.14828879539, 0.0050388958744, 0.32971247631, 0.016308823593],
      [0.061567359666, 0.024082666174, 0.068226460844, 0.0021227792771, 0.36898787348, 0.06522100539, 0.40979185517]
    ],
    [
      [0.005750659821, 0.0054053797355, 0.0006067355912, 0.60982779182, 0.00026777466464, 0.37719261755, 0.00094904081609],
      [0.55392431146, 0.02694377835, 0.011405141921, 0.055232127652, 0.17209674778, 0.1583768645, 0.022021028333],
      [0.042161974302, 0.0036070206579, 0.014163083137, 0.00030268308566, 0.87372929268, 0.016585786066, 0.049450160072],
      [0.0038973403424, 0.0070154360902, 0.0085304942424, 0.14650420905, 0.00044023663299, 0.83322537063, 0.0003869130115],
      [0.00079800050573, 0.041856851055, 0.71270919403, 0.015003843574, 0.026201515579, 0.16982673111, 0.033603864139],
      [0.018202496071, 0.49921209788, 0.031643260802, 0.12779686898, 0.011248616239, 0.28747639747, 0.024420262562],
      [0.044355848845, 0.013570381981, 0.050608744688, 0.00099754598483, 0.52116394995, 0.030221878144, 0.33908165041]
    ],
    [
      [0.0028509190669, 0.006979907192, 0.0010798554903, 0.57783783352, 0.0026364933477, 0.40861499138, 0],
      [0.44531375254, 0.062578301706, 0.0095885864427, 0.088254980219, 0.0902069646, 0.29001179827, 0.014045616228],
      [0.061366720705, 0.01454082864, 0.020850131404, 0.001401105629, 0.79878186571, 0.050097772394, 0.052961575516],
      [0.0014326142415, 0.0082792560373, 0.0053029450101, 0.13139024759, 0.0044973473369, 0.84909758978, 0],
      [0.00074444857914, 0.092249425389, 0.5554419365, 0.022852788099, 0.01372334332, 0.29470766062, 0.020280397498],
      [0.007602932688, 0.5955516405, 0.013609311225, 0.10394068907, 0.0036912374672, 0.26778751813, 0.0078166709198],
      [0.054272871732, 0.047883376038, 0.063834917236, 0.0024634663299, 0.41461443349, 0.083850828862, 0.33308010631]
    ],
    [
      [0.0070591645722, 0.0090646109082, 0.00059413992763, 0.56757141349, 0.0002464354463, 0.41246258155, 0.0030016541054],
      [0.54793490249, 0.034759109366, 0.010535243782, 0.041157814527, 0.19280082852, 0.13805753883, 0.034754562486],
      [0.037105782331, 0.0045364632635, 0.011527913391, 0.00018651423009, 0.86457144545, 0.012151526931, 0.0699203544],
      [0.0042424350228, 0.011104083456, 0.0091208863743, 0.12717651615, 0.00038196131563, 0.84532011113, 0.0026540065565],
      [0.00082258194004, 0.057427312328, 0.68457324272, 0.01190930829, 0.031360555108, 0.15748781938, 0.056419180231],
      [0.016847324096, 0.58877485529, 0.027182736953, 0.087943437299, 0.011723408507, 0.23150968641, 0.036018551441],
      [0.035530178638, 0.014125857846, 0.037648483528, 0.00059982329724, 0.46717908043, 0.021236078183, 0.42368049808]
    ],
    [
      [0.0055130206867, 0.0050758256338, 0.00047197459467, 0.55622412963, 0.00044217835572, 0.42996975983, 0.0023031112659],
      [0.51011379212, 0.025165232352, 0.010843462607, 0.047290183696, 0.2063561993, 0.16852350123, 0.031707628692],
      [0.032796723412, 0.0021367506681, 0.011256359539, 0.00035381848358, 0.8777900411, 0.015095292396, 0.060571014404],
      [0.0030451676094, 0.005683207771, 0.0077385039934, 0.12172135381, 0.00074410633935, 0.85912734607, 0.0019403144011],
      [0.00066860133379, 0.040055176899, 0.67783723133, 0.013256658795, 0.032642709091, 0.18576634592, 0.049773276636],
      [0.017472848708, 0.47441873996, 0.031094745786, 0.11226077548, 0.014111461681, 0.31405101649, 0.036590411891],
      [0.03345924459, 0.010215945345, 0.039072444708, 0.00071712670692, 0.502753331, 0.026177501961, 0.38760440569]
    ],
    [
      [1.9253417771e-05, 0.010046283018, 0.00065387730257, 0.59167600246, 0.0028412839975, 0.39321593887, 0.001547360929],
      [0.61381769142, 0.044048299539, 0.008008579102, 0.060696638022, 0.067666278972, 0.18626269464, 0.019499818303],
      [0.096364972178, 0.012817437432, 0.02102203152, 0.0010404863013, 0.7318770476, 0.042129030512, 0.094748994457],
      [0, 0.0077849369645, 0.0056077504434, 0.13873032334, 0.0047048327272, 0.84150075697, 0.0016713995563],
      [0, 0.084025089155, 0.59939363805, 0.02041009016, 0.013698069778, 0.24587553381, 0.036597579052],
      [0.013811136621, 0.59779726653, 0.016422729075, 0.10315913869, 0.0042391787276, 0.24844137772, 0.016129172639],
      [0.076253931458, 0.034609230585, 0.054970189727, 0.0017384675556, 0.3154657194, 0.055436413775, 0.4615260475]
    ],
    [
      [0.087640357456, 0.024648361592, 0.00047092574955, 0.55984013941, 0.0094927249002, 0.31275542471, 0.0051520661833],
      [0.7402127611, 0.022835714226, 0.0035624807434, 0.0079964211206, 0.18758477605, 0.022540883797, 0.015266962962],
      [0.020172857954, 0.0067759349962, 0.0038279321276, 0, 0.93548178077, 0, 0.033741494149],
      [0.019092934068, 0.029886135437, 0.012023684997, 0.12170830676, 0.0076720686222, 0.80532459993, 0.0042922701868],
      [0.003372177238, 0.08430231687, 0.72974396867, 0.0050372870574, 0.061050932811, 0.066633024898, 0.049860292454],
      [0.023037617946, 0.84039666234, 0.012966970661, 0.025576562268, 0.014940066169, 0.063813503895, 0.019268616718],
      [0.052200930552, 0.012517314238, 0.018018317579, 0, 0.64202784928, 0.0037316875476, 0.27150390081]
    ],
    [
      [0.0044803583272, 0.0067241539888, 0.00026549881107, 0.55051958019, 0, 0.43588739348, 0.0021230152014],
      [0.49570574964, 0.036018289161, 0.0098659540567, 0.055796378103, 0.16255829085, 0.20387854089, 0.036176797296],
      [0.038653044719, 0.0053958092765, 0.012199243657, 0.00032968372926, 0.83759916464, 0.022240211789, 0.083582842187],
      [0.00242985657, 0.0079385843136, 0.0056869867314, 0.11916303356, 0, 0.86308758097, 0.001693957855],
      [0.0006656432138, 0.057347418946, 0.62007988788, 0.015563832066, 0.025439072138, 0.22429146028, 0.056612685473],
      [0.013123267199, 0.52699472229, 0.02195649548, 0.10267970313, 0.0084625127229, 0.29450015834, 0.032283140838],
      [0.033930878563, 0.015407797292, 0.037251666526, 0.00085835044989, 0.41472403913, 0.033079702456, 0.46474756558]
    ],
    [
      [0.0039818878688, 0.0049693754483, 0.00043204682116, 0.63106724131, 0.00036189776514, 0.35826392941, 0.00092362137219],
      [0.58035865355, 0.028653426272, 0.010570455833, 0.070698981125, 0.10574187914, 0.18601781277, 0.01795879131],
      [0.065204290934, 0.0064385343343, 0.019577080836, 1.692026841e-05, 0.8163425402, 0.030520809324, 0.061899824108],
      [0.0019321062602, 0.0068504073808, 0.006620112037, 0.15772544907, 0.00057054230318, 0.82545684763, 0.00084453531305],
      [0.00048266345969, 0.046244358587, 0.68104277058, 0.019784940684, 0.016811177773, 0.20726943329, 0.028364655622],
      [0.01689553101, 0.47976033006, 0.026570929785, 0.14779032585, 0.0062682097683, 0.30466970012, 0.018044973407],
      [0.06241311068, 0.019525418272, 0.063544401992, 0.0016378285887, 0.4329717679, 0.048038979078, 0.37186849349]
    ],
    [
      [0.01220104273, 0.012077932288, 0.0011050398433, 0.37275219618, 0.0022339002766, 0.58994163877, 0.009688249912],
      [0.4874713086, 0.022798020486, 0.009078367561, 0.011702240338, 0.31379160386, 0.094954565687, 0.060203893474],
      [0.0077421407271, 0.0032759155133, 0.0089024457279, 0, 0.90489509459, 0, 0.075184403438],
      [0.058082665682, 0.011120413897, 0.011904059998, 0.0085137017762, 0.0040050266459, 0.9007632641, 0.0056108678966],
      [0.0006222056316, 0.042897546441, 0.66060776547, 0.0018741662207, 0.060495055272, 0.12303869307, 0.1104645679],
      [0.020843349221, 0.56264552309, 0.032557769435, 0.038555213996, 0.028315606681, 0.22883499932, 0.088247538259],
      [0.019665871163, 0.0059635201731, 0.020132797281, 0, 0.47920386064, 0.0073418760517, 0.4676920747]
    ],
    [
      [0.0097105198263, 0.010418641974, 0.0012535532754, 0.51108065882, 0.0031604382341, 0.45694769535, 0.0074284925131],
      [0.53021508084, 0.026783900277, 0.012000666589, 0.023761673794, 0.22830087297, 0.099760713169, 0.079177092358],
      [0.026074747929, 0.0032447286199, 0.013857755558, 0, 0.84273937978, 0, 0.11408338812],
      [0.014973249107, 0.011597514846, 0.014471276325, 0.097950123243, 0.0052930854133, 0.85226840033, 0.0034463507382],
      [0.00063457750753, 0.039316964956, 0.70624824321, 0.0059722874135, 0.034887452769, 0.10046642861, 0.11247404553],
      [0.018846612502, 0.5677970117, 0.03664102294, 0.061190118441, 0.017441112887, 0.20123140866, 0.096852712866],
      [0.020633239733, 0.0066720866786, 0.026241814682, 8.1983558913e-05, 0.33814312799, 0.0084751317492, 0.59975261561]
    ],
    [
      [0.0065423683527, 0.0073218221949, 0.00035704319606, 0.68741705739, 0.00022756615018, 0.29560059559, 0.0025335471204],
      [0.52426843244, 0.027377377685, 0.0081959224533, 0.035220626058, 0.28339955989, 0.090996795094, 0.03054128639],
      [0.016573244131, 0.0026903773501, 0.0040704771372, 0.0012186333532, 0.93281258956, 0, 0.042634678466],
      [0.0047703275091, 0.011578748313, 0.0094172468622, 0.16101580142, 0.00090429440641, 0.80966416965, 0.002649411842],
      [0.10145345708, 0.054625163375, 0.69424454713, 0.012156981938, 0.055221578062, 0.023741838233, 0.058556434183],
      [0.017630648655, 0.63569815913, 0.02469170195, 0.089215996146, 0.019541409196, 0.17728253436, 0.035939550562],
      [0.028580248023, 0.0096084135923, 0.025676959426, 0.00047789629472, 0.59691500233, 0.01168668849, 0.32705479184]
    ],
    [
      [0.001335515657, 0.0074533844459, 0.00029056321997, 0.64229581872, 0.00044367438596, 0.3470590513, 0.0011219922778],
      [0.34328503263, 0.06139837426, 0.013307556827, 0.094257183462, 0.21452666103, 0.24419190258, 0.029033289217],
      [0.013369602294, 0.0081269040439, 0.013272078541, 0.00092814378165, 0.88862852986, 0.021949748021, 0.053724993454],
      [0, 0.010019300048, 0.0061130704123, 0.15991663899, 0.0011147034664, 0.82173196756, 0.0011043195223],
      [0, 0.072577940058, 0.64464229789, 0.01983104289, 0.026145853753, 0.20273542897, 0.034067436444],
      [0.0052461750813, 0.61125190295, 0.019141041249, 0.11248451366, 0.0074188366516, 0.22788991976, 0.016567610649],
      [0.020956731419, 0.024468042437, 0.046901811534, 0.0013945504887, 0.51619597097, 0.03679393043, 0.35328896272]
    ],
    [
      [0.0075386219317, 0.0072421214166, 0.0006072643465, 0.51011111337, 0.0010235543399, 0.46709632867, 0.0063809959317],
      [0.51194702355, 0.022993952915, 0.010469730238, 0.02820816064, 0.23241337267, 0.12422547173, 0.069742288255],
      [0.025771396456, 0.0011804560264, 0.010142170357, 0, 0.85311408675, 0.0042613737644, 0.10553051665],
      [0.0074114697729, 0.0078823177832, 0.0098720448835, 0.095983513713, 0.0020952724907, 0.87274044222, 0.0040149391369],
      [0.00053543038959, 0.036308990084, 0.6760892185, 0.0077314439082, 0.03713837151, 0.13525326301, 0.10694328259],
      [0.018574178577, 0.50805092464, 0.033170298639, 0.075415475083, 0.017942299153, 0.25907422062, 0.087772603288],
      [0.021137006389, 0.0059672240812, 0.024542009794, 0.00019863061191, 0.36935115604, 0.011862571751, 0.56694140133]
    ],
    [
      [0.0059407760063, 0.0095786158065, 0.00010741639185, 0.55956673738, 0.00090165060017, 0.4214577908, 0.0024470130118],
      [0.48120196941, 0.035930373813, 0.0071155955703, 0.037221830225, 0.27400477331, 0.13386275193, 0.030662705739],
      [0.020610783949, 0.0033372448186, 0.0018485019213, 0.00036208662767, 0.92576632503, 0.0041868223075, 0.043888235343],
      [0.0030408353203, 0.011464128746, 0.00576098645, 0.12000741759, 0.0017860354049, 0.85610797253, 0.0018326239576],
      [0.00055160962673, 0.074096025984, 0.60402736546, 0.013418489438, 0.055981447477, 0.19036177338, 0.061563288638],
      [0.013875946863, 0.62330020016, 0.017987811835, 0.078152793461, 0.016661097959, 0.21945286977, 0.030569279962],
      [0.027031845153, 0.012856089919, 0.022645872395, 0.00049663702305, 0.58738844535, 0.017734715628, 0.33184639453]
    ],
    [
      [0.0083103172933, 0.013280040623, 0.00047354117259, 0.44968960936, 0.00070193134674, 0.5220286385, 0.0055159217007],
      [0.48158491398, 0.03649290992, 0.0090764814722, 0.022185779754, 0.2811528281, 0.12198105549, 0.04752603128],
      [0.016452421779, 0.003659465698, 0.0051109065139, 0, 0.90323446969, 0.0014544376466, 0.070088298669],
      [0.032471880087, 0.013348178168, 0.0088472077733, 0.052513933346, 0.0011930314653, 0.88774890124, 0.0038768679223],
      [0.00038839793074, 0.064426793156, 0.64833375569, 0.0067103078155, 0.049449981425, 0.1485794219, 0.082111342081],
      [0.014478729558, 0.64176728939, 0.023601310379, 0.047882283911, 0.017530745039, 0.20562838275, 0.049111258977],
      [0.022654859161, 0.010952349765, 0.024080986254, 0, 0.50212613193, 0.013317947945, 0.42686772495]
    ],
    [
      [0.0066866964008, 0.011814613808, 0.00088141515974, 0.52098807655, 0.0020054795014, 0.45639801477, 0.0012257038132],
      [0.52417006785, 0.04804877374, 0.010059628153, 0.039183613867, 0.16511470672, 0.1592615387, 0.05416167097],
      [0.040362613629, 0.0065648784637, 0.012240733192, 0, 0.80933487735, 0.017391021295, 0.11410587607],
      [0.0027667120476, 0.013307238783, 0.0081825965122, 0.10614480323, 0.0033542247426, 0.86624442468, 0],
      [0.000825222898, 0.075773832546, 0.62941344463, 0.010632922052, 0.025975745809, 0.17343352802, 0.083945304046],
      [0.012457815591, 0.64333385787, 0.020076575048, 0.065192099023, 0.008355491409, 0.20770364748, 0.042880513578],
      [0.028221166246, 0.01627386434, 0.029849767023, 0.0003490803301, 0.33527842067, 0.020564164184, 0.56946353721]
    ],
    [
      [0, 0, 0, 0.51318613352, 0.034767527353, 0.43856399177, 0.013482347357],
      [0.69374193814, 0.0075607161581, 0.0024662294128, 0.05605164573, 0.0047038904333, 0.23151560157, 0.0039599785564],
      [0.18168007945, 0.017018193415, 0.054696897393, 0.10914642127, 0.34487883786, 0.16300940452, 0.12957016609],
      [0, 0, 0, 0.031926293555, 0.10926642209, 0.81685887483, 0.041948409521],
      [0, 0.017928954047, 0.38498432349, 0.033534666433, 0.011359892515, 0.53630125941, 0.015890904107],
      [0.0053259670061, 0.19616741534, 0.010410301983, 0.18329170617, 0.015265733168, 0.57855098324, 0.010987893093],
      [0.2128402358, 0.020917668402, 0.063823758648, 0.0058368606445, 0.092620447446, 0.2214890627, 0.38247196636]
    ],
    [
      [0, 0.01078898539, 0.0026919694986, 0.54229129223, 0, 0.43294663638, 0.011281116505],
      [0.32399259158, 0.037259131723, 0.025481000894, 0.02796861912, 0.41874472529, 0.10828368471, 0.058270246687],
      [0, 0.020071798084, 0.011714040964, 0.00058882905982, 0.91279983745, 0.00039053656472, 0.054434957881],
      [0, 0.0039271834359, 0.025191832996, 0.1076751977, 0, 0.84371264355, 0.019493142319],
      [0, 0.0139688449, 0.92325634347, 0.0017622075899, 0.01237321546, 0.027274560578, 0.021364828003],
      [0.0040551987042, 0.6872374018, 0.051573780709, 0.049890336553, 0.014006715825, 0.15095674716, 0.042279819246],
      [0.0077462317482, 0.0065215000018, 0.042627507823, 0.00014559709752, 0.52098743963, 0.0066816343179, 0.41529008938]
    ],
    [
      [0.0048748599899, 0.0067670175648, 0.00029517488152, 0.56628331742, 0, 0.41940374763, 0.0023758825161],
      [0.54069779317, 0.034199561597, 0.011017192312, 0.053719791107, 0.14409865376, 0.1837780492, 0.032488958859],
      [0.047555962684, 0.0055278866745, 0.015068731964, 0.00042982197374, 0.82583490764, 0.022043978449, 0.083538710615],
      [0.0024209111797, 0.0082015573469, 0.0069213827328, 0.12602605094, 0, 0.85415560433, 0.0022744934678],
      [0.00072670998006, 0.052212565306, 0.66887266663, 0.014387624749, 0.021349192027, 0.19378081153, 0.048670429776],
      [0.015023187481, 0.53323928896, 0.026038393353, 0.10506572747, 0.0077917763391, 0.28211962832, 0.030721998072],
      [0.040166427254, 0.016002385691, 0.04560772422, 0.0009090219893, 0.4043853026, 0.032612631272, 0.46031650697]
    ],
    [
      [0.0023119836792, 0.0076230957301, 0.00047114791907, 0.6776639514, 0, 0.30961779882, 0.0023120224429],
      [0.41912383105, 0.062442324178, 0.010729898772, 0.095302843269, 0.17660164295, 0.20094027775, 0.034859182028],
      [0.029401181502, 0.0078494758629, 0.012357796453, 0, 0.85378810839, 0.021547710504, 0.075055727292],
      [0.0013195745409, 0.011490655746, 0.0061447973232, 0.18587809547, 0.0003256383364, 0.7919099453, 0.0029312932876],
      [0.0003233099961, 0.08978087138, 0.61272936541, 0.023054170125, 0.024681295096, 0.20016210874, 0.049268879251],
      [0.0072954791009, 0.63251793748, 0.016219744392, 0.11927594789, 0.006160687805, 0.19742935856, 0.021100844771],
      [0.027214923187, 0.025597312924, 0.038783859568, 0.0012671443821, 0.43807685157, 0.03127971469, 0.43778019368]
    ],
    [
      [0.0035254966534, 0.005837997304, 0.00012151250076, 0.56268122644, 0.00094242157064, 0.4259438034, 0.00094754213179],
      [0.46940808267, 0.041544039132, 0.015411312822, 0.075991663883, 0.10875250833, 0.26544206178, 0.02345033138],
      [0.052349396441, 0.0086515025676, 0.026963445578, 0.0007954955752, 0.79464510221, 0.039783562345, 0.076811495283],
      [0.0024444570581, 0.0070452495779, 0.0064201363209, 0.12418444953, 0.0018989260654, 0.85735000989, 0.00065677155028],
      [0.00062965068007, 0.047190149172, 0.69017120456, 0.015180509163, 0.012697776233, 0.20792868823, 0.026202021967],
      [0.010524649874, 0.50289172515, 0.028586620661, 0.11636971883, 0.0051028233766, 0.31906486748, 0.01745959463],
      [0.044162364788, 0.024352147995, 0.079982432804, 0.0016157483107, 0.37889603741, 0.059020839612, 0.41197042908]
    ],
    [
      [0.0038062540424, 0.0058349571503, 0.00035450449969, 0.5910329636, 0.0012062800627, 0.39617934599, 0.001585694653],
      [0.60734488365, 0.031407818437, 0.010122779041, 0.060914989638, 0.079763652007, 0.1884674647, 0.021978412531],
      [0.08417528069, 0.0084012266097, 0.022959222201, 0.00075639879638, 0.7533939366, 0.037399294449, 0.092914640657],
      [0.00053788765549, 0.0074397252593, 0.0063166799098, 0.13781991166, 0.0020367236236, 0.84421640659, 0.0016326653012],
      [3.0749516304e-05, 0.052252015898, 0.66388219217, 0.017794329809, 0.013594661156, 0.21647508573, 0.035970965722],
      [0.017094379803, 0.50676146652, 0.024876259339, 0.12383329707, 0.0049514210477, 0.30078801046, 0.021695165762],
      [0.067389063638, 0.021974018487, 0.062493407059, 0.001542363455, 0.33292908029, 0.050037072168, 0.46363499491]
    ],
    [
      [0.0046461481348, 0.0093154917517, 0.00094568821086, 0.3377965922, 0.00029972198912, 0.64431130612, 0.0026850515916],
      [0.41834272893, 0.037296574849, 0.019481027103, 0.02420715397, 0.24722086687, 0.21973345275, 0.033718195527],
      [0.0031699389872, 0.0043778367192, 0.018074058784, 0, 0.88940635964, 0.030187659946, 0.054784145928],
      [0.014443998222, 0.011089367657, 0.01280346354, 0.016718570284, 0.0022095429509, 0.94021131382, 0.0025237435223],
      [0, 0.031468268803, 0.75724128797, 0, 0.024181196355, 0.15484832303, 0.032260923834],
      [0.010129110203, 0.55299101737, 0.04220775756, 0.043790264789, 0.01237734299, 0.30966735349, 0.028837153603],
      [0.020007497293, 0.013101741704, 0.060098807455, 0, 0.51841620131, 0.031163216225, 0.35721253602]
    ],
    [
      [0.0023019670007, 0.0041382529114, 0.000499961812, 0.55489259718, 0.0013383356841, 0.43410077223, 0.0027281131783],
      [0.42054587567, 0.026512263236, 0.011653306021, 0.055660209294, 0.24619931941, 0.20066724639, 0.038761779975],
      [0.021175967857, 0.0018074632176, 0.010233416141, 0.00054171093793, 0.88777111684, 0.015584938653, 0.062885386357],
      [0.00032004270004, 0.0048965490777, 0.0070355318502, 0.12096499197, 0.0015381812178, 0.86291320476, 0.0023314984243],
      [0, 0.037970022361, 0.65897310748, 0.014085757785, 0.035137760251, 0.19911248389, 0.054720868231],
      [0.012425536727, 0.44901423019, 0.029927123742, 0.11837867669, 0.015171232677, 0.3350834184, 0.03999978157],
      [0.02306290043, 0.00910818605, 0.03530981296, 0.00071206620071, 0.50550564372, 0.026221453652, 0.40007993699]
    ],
    [
      [0.0043757365705, 0.0068663077176, 0, 0.52211187607, 0, 0.46321396633, 0.0034321133091],
      [0.52468597659, 0.028690848713, 0.0049384846852, 0.041124064402, 0.20082315732, 0.17120189727, 0.028535571015],
      [0.034204536768, 0.0042974514181, 0.0025931285467, 0.00014460141919, 0.88645555729, 0.013930502319, 0.058374222241],
      [0.0035421709438, 0.0078713699209, 0.00091981323908, 0.10598155696, 0, 0.87781691074, 0.0038681781898],
      [0.0011333432981, 0.067770025645, 0.52626190201, 0.016935920569, 0.044801472522, 0.27894599491, 0.06415134105],
      [0.015454247542, 0.5395349201, 0.013834912923, 0.091471904381, 0.011891289064, 0.29844175086, 0.029370975128],
      [0.034589439338, 0.01221773446, 0.020097566246, 0.00062217307294, 0.52655043541, 0.027421565578, 0.37850108589]
    ],
    [
      [0.0055149563544, 0.0072075134527, 0.00015809408018, 0.58624671237, 0.00054619299297, 0.39845382279, 0.0018727079656],
      [0.59130904373, 0.034369728539, 0.0073239580232, 0.052491109713, 0.12293925033, 0.16436253109, 0.027204378575],
      [0.058326298899, 0.0065231854834, 0.011632697672, 0.00053996767981, 0.81808450347, 0.023533739989, 0.081359606802],
      [0.0026344773997, 0.0090684238403, 0.0050653029326, 0.13614354274, 0.00083522684874, 0.84461822062, 0.0016348056232],
      [0.00075909629895, 0.070784229649, 0.59501874798, 0.018972854199, 0.025192425084, 0.23407650363, 0.055196143153],
      [0.01736628891, 0.557268171, 0.018251741035, 0.1077079331, 0.0073978671489, 0.26481240873, 0.027195590076],
      [0.052694830217, 0.019121444574, 0.036087725892, 0.0010656756171, 0.40566794174, 0.034737064074, 0.45062531788]
    ],
    [
      [0.0058542370544, 0, 1.1916413221e-05, 0.50388870273, 0.0023012376214, 0.48794390618, 0],
      [0.53798200922, 0, 0.0059534632905, 0.046227305604, 0.18493566316, 0.20735697279, 0.017544585929],
      [0.038235323068, 0, 0.0066648794449, 0.000441234325, 0.8971508133, 0.021959972228, 0.035547777634],
      [0.0015092692055, 0, 0.0032077327365, 0.10019348135, 0.0036316337419, 0.89145788297, 0],
      [0.004719163727, 0.025238006771, 0.55496852328, 0.017969450625, 0.040244673831, 0.31781844611, 0.039041735657],
      [0.021410672722, 0.31070763007, 0.021047574734, 0.1343214482, 0.015051801873, 0.47248293112, 0.024977941291],
      [0.043829845118, 0.0066727597327, 0.028134406857, 0.00088105518292, 0.58691109063, 0.041150733369, 0.29242010911]
    ]
  ],
  "expected_outcome": [
    [
      [0.031802633355, 0.15542228607, 0.12193400432, 0.21299839769, 0.37824493536, 0.75708622846, 0.54657270575, 0.78194121046, 0.41779541155, 1.1607808932, 1.300746359, 0.59806862139, 0.42478694096, 1.9412702574, 1.7200624542, 0.0045438065939, 1.3146053618, 1.1514520901, 0.53755486229, 0.39043336737, 0.37871027322, 0.0065423683527, 0.021368250513, 0.098002085112, 0.10693396811, 0.16620634587, 0.92276410332, 0, 0, 0.93109825808, 0.35142151924, 1.3044337618, 0.98962605102, 0.065046073887, 0.82870812024, 0.16627798968, 2.5148200976, 0.52688133489],
      [0.057177580494, 0.88752431788, 0.2250365455, 0.32674534579, 0.66320998892, 1.2199211894, 0.81070382779, 1.5882974807, 1.4814115372, 1.9063803304, 2.0799121966, 0.5621594925, 1.0400061716, 2.4927679998, 1.5836575977, 2.3709227923, 0.36972542388, 1.7281075751, 0.67086568552, 0.38649383322, 0.40632703699, 0.0073218221949, 0.11925415113, 0.094147578415, 0.17241508452, 0.26560081246, 1.6304167055, 0, 0.11867883929, 1.2925003549, 1.158710551, 2.1600590025, 1.5170888591, 0.13041688452, 1.4897710481, 0.26091969327, 3.2866261344, 0],
      [0.011795152171, 0.1147402869, 0.017487014885, 0.020329722379, 0.038371683857, 0.025314473323, 0.042739492505, 0.046027087803, 0, 0.10735236009, 0.22372621902, 0.063100501484, 0.16089846805, 0.1633884801, 0.14725607354, 0.15431504341, 0.0070638862432, 0.068233194444, 0.058326320857, 0.035361274987, 0.048888577739, 0.00035704319606, 0.0046490115196, 0.0078944365044, 0.0019334950533, 0.0094708234519, 0.12163529204, 0, 0.029611664484, 0.05637840237, 0.071614483698, 0.044959625282, 0.09217116992, 0.013239634952, 0.17998625232, 0, 0.072090900563, 0.0010724771899],
      [1.6585913305, 72.6998809421, 8.2079536604, 21.2376937641, 33.7207282154, 93.1693473827, 53.5776230733, 95.8919674376, 103.6873652071, 184.8316793291, 268.5458544522, 63.4220903497, 86.097837195, 156.0821387099, 173.5419284454, 139.6355365817, 8.3976020912, 141.4835321095, 85.1940775773, 11.9280702777, 19.9321456941, 0.68741705739, 10.2767330995, 6.6314444738, 10.0722012728, 8.9937921872, 71.8963545636, 7.1846058693, 5.9652042146, 108.1601136275, 103.0049206135, 208.1920537823, 153.6685705354, 4.7291522908, 199.7613349865, 19.8402512907, 267.3285008385, 45.3499832459],
      [0.0037741016676, 0.23365617458, 0.0074373305473, 0.031444931615, 0.045091463491, 0, 0.010815842525, 0.033611633519, 0.51226158204, 0.25395396176, 0.84871041187, 0.027848565123, 0.3928375088, 0.067769747732, 0.13795964698, 0.67054302341, 0.1423908735, 0, 0.048856198293, 0.07148480885, 0.12325709113, 0.00022756615018, 0.0070987901753, 0.013306206419, 0.016229710803, 0.014038626935, 0.27675617119, 0.48674538294, 0, 0, 0, 0.34869598114, 0.3136328163, 0.0041961078476, 0.48180084626, 0, 0.24906400479, 0.20711138592],
      [2.2251350089, 44.9087759925, 5.373614355, 21.0943785288, 21.9069917621, 55.5118564623, 44.883572584, 68.3248355625, 69.8122815131, 124.3028752025, 164.5906509997, 39.2280322249, 60.8836337156, 113.4272099261, 134.1505650672, 92.7989615734, 4.6913313706, 112.023060124, 48.3656304705, 18.8781324407, 17.8209601188, 0.29560059559, 5.5529448207, 6.0722522727, 7.5862402345, 10.4405727701, 62.9829260382, 6.1398958848, 4.7624130001, 80.1061157966, 47.0619054212, 157.5992072583, 103.0066299585, 9.0203582857, 156.2762780024, 17.6021307206, 181.6949431918, 43.9149515561],
      [0.011724192909, 0, 0.046537089372, 0.076409309655, 0.24736195083, 0.31647426379, 0.12797247416, 0.33331958734, 0.088884749032, 0.43697792293, 0.41039936156, 0.098700244873, 0, 0.82545487898, 0.71857071495, 0.36517717925, 0.077280992749, 0.54561490677, 0.12468888525, 0.31002399718, 0.28971120801, 0.0025335471204, 0.017951876446, 0.082952947112, 0.044046234213, 0.11031843401, 0.16914712622, 0.188752863, 0.12409228155, 0.45379356057, 0.35142741132, 0.35059058876, 0.41228060977, 0.037590722283, 0.98212074418, 0.13042030575, 0.85395483233, 0]
    ],
    [
      [7.42758856, 15.2356990463, 6.0463163658, 14.2477690871, 17.4405868122, 18.842403926, 17.7389857234, 25.8673338281, 14.6624570336, 26.0486035007, 57.8065415318, 22.1569724584, 14.2500400811, 35.0678337593, 46.420355083, 30.690884571, 3.7010638055, 34.6994024751, 21.4732701815, 14.624139258, 7.4230111318, 3.669879027, 5.1492754895, 6.1433642826, 5.774423633, 11.0764530216, 19.9184625781, 0, 0.97197777473, 22.1686095199, 12.5737149314, 51.1654810116, 34.0113134842, 2.5100563736, 26.9149360429, 6.2962317191, 125.3575172713, 20.4433163504],
      [0.54048568103, 3.0376740862, 0.52043649256, 1.0194969174, 1.4732741485, 1.3822006264, 1.3021587466, 2.6308658657, 1.7738723251, 1.9204587076, 3.6218668108, 1.077751134, 2.0025056546, 2.2245829994, 2.290036144, 2.202414977, 0.11417857113, 2.5212802412, 1.0601767721, 0.68394061458, 0.37497460387, 0.19164164379, 0.9209756139, 0.27592743498, 0.43116448576, 0.83933692816, 1.8258534021, 0, 0.11177739517, 1.4021820255, 1.8732697254, 4.5283002654, 1.7588378325, 0.22377944909, 1.6967848471, 0.34429018456, 7.2863824503, 0],
      [0.61733969631, 0.6013369642, 0.21545531428, 0.3802006594, 0.42725452988, 0.25344024486, 0.38691267196, 1.0430300262, 0.59292062724, 0.53867408242, 1.1698962326, 0.45620567683, 0.30683476617, 0.67425560206, 0.98675509721, 0.4004289551, 0.017812403717, 0.69061678397, 0.39110686582, 0.27235102683, 0.16800933225, 0.057371457173, 0.1996133524, 0.12563676285, 0.085387146843, 0.20875907386, 0.38226586982, 0, 0.076443002681, 0.4517048848, 0.32189696316, 1.6798330976, 0.56687562631, 0.11688616262, 0.74581158533, 0.059261816222, 1.5526791009, 0.22623160504],
