{
  "X": [
    [16, 213, 244, 52],
    [23, 336, 352, 93],
    [27, 259, 297, 59],
    [17, 89, 305, 35],
    [35, 386, 713, 84],
    [53, 410, 458, 110],
    [15, 244, 260, 67],
    [16, 237, 225, 71],
    [31, 525, 502, 106],
    [18, 240, 238, 57],
    [42, 553, 717, 137],
    [8, 218, 64, 33],
    [17, 132, 280, 24],
    [2, 8, 3, 0],
    [26, 188, 427, 62],
    [7, 18, 127, 15],
    [45, 346, 254, 59],
    [33, 240, 255, 54],
    [35, 253, 402, 52],
    [34, 201, 176, 38],
    [75, 464, 616, 85],
    [21, 209, 419, 26],
    [9, 53, 106, 12],
    [53, 535, 961, 119],
    [76, 515, 845, 102],
    [68, 414, 510, 67],
    [56, 313, 550, 51],
    [2, 5, 2, 0],
    [4, 24, 132, 12],
    [5, 40, 55, 14],
    [22, 270, 256, 61],
    [79, 204, 453, 40],
    [23, 96, 185, 30],
    [33, 319, 536, 46],
    [39, 366, 649, 70],
    [34, 349, 519, 75],
    [69, 374, 734, 70],
    [53, 493, 489, 54],
    [31, 119, 193, 33],
    [0, 6, 9, 1],
    [286, 2696, 3426, 518],
    [32, 239, 300, 52],
    [160, 656, 756, 136],
    [20, 65, 151, 8]
  ],
  "W": [
    [15, 30, 190, 210, 65, 15],
    [29, 45, 288, 296, 102, 44],
    [19, 56, 213, 258, 79, 17],
    [18, 39, 74, 272, 29, 14],
    [59, 88, 340, 610, 97, 24],
    [40, 88, 346, 397, 114, 46],
    [42, 31, 209, 213, 72, 19],
    [28, 29, 203, 195, 71, 23],
    [44, 74, 467, 411, 129, 39],
    [11, 36, 220, 195, 58, 33],
    [58, 120, 455, 622, 152, 42],
    [7, 15, 189, 56, 41, 15],
    [17, 36, 96, 246, 41, 17],
    [0, 5, 5, 2, 1, 0],
    [23, 69, 151, 392, 44, 24],
    [10, 6, 16, 117, 5, 13],
    [16, 70, 268, 227, 88, 35],
    [12, 78, 170, 251, 50, 21],
    [26, 96, 167, 370, 55, 28],
    [14, 69, 164, 146, 42, 14],
    [20, 135, 375, 580, 72, 58],
    [16, 54, 143, 406, 31, 25],
    [5, 16, 49, 95, 10, 5],
    [70, 114, 413, 916, 118, 37],
    [35, 140, 396, 794, 128, 45],
    [28, 121, 322, 477, 69, 42],
    [22, 106, 244, 525, 43, 30],
    [0, 1, 4, 4, 0, 0],
    [3, 7, 22, 117, 17, 6],
    [2, 20, 30, 50, 5, 7],
    [23, 36, 239, 215, 76, 20],
    [18, 139, 118, 431, 38, 32],
    [9, 40, 90, 156, 19, 20],
    [32, 92, 211, 517, 48, 34],
    [39, 93, 267, 640, 64, 21],
    [33, 104, 228, 517, 73, 22],
    [40, 149, 260, 701, 65, 32],
    [25, 122, 324, 503, 65, 50],
    [14, 59, 79, 177, 36, 11],
    [0, 0, 7, 9, 0, 0],
    [227, 615, 2154, 3134, 586, 210],
    [15, 62, 205, 275, 44, 22],
    [37, 240, 581, 679, 94, 77],
    [0, 35, 51, 145, 11, 2]
  ],
  "method": "mult",
  "cond_prob": [
    [
      [2.02241727e-05, 0.11034655413, 0.62209755462, 0.26753566708],
      [0.43711224983, 0.32031961695, 0.22987246422, 0.012695669],
      [0.0036255022866, 0.81172906252, 0.093225907642, 0.09141952755],
      [0.0018186199659, 0.078175880464, 0.91159979738, 0.0084057021891],
      [0.00022851189885, 0.45852713634, 0.1577146853, 0.38352966646],
      [0.13159622651, 0.37323605802, 0.22539537081, 0.26977234466]
    ],
    [
      [1.7239707816e-05, 0.11117511274, 0.6066692761, 0.28213837146],
      [0.39673464268, 0.34733844684, 0.24148256996, 0.014444340509],
      [0.003067152997, 0.81080379641, 0.090300157379, 0.095828893212],
      [0.0015852975774, 0.08055186422, 0.90877865244, 0.0090841857635],
      [0.00019098524171, 0.45268540065, 0.15089451514, 0.39622909896],
      [0.11269323493, 0.37886376447, 0.22167380107, 0.28676919953]
    ],
    [
      [2.0140447062e-05, 0.11616704522, 0.62329083445, 0.26052197988],
      [0.42592890772, 0.33376143703, 0.22806184177, 0.012247813486],
      [0.0034704234997, 0.82107551918, 0.089828380976, 0.085625676343],
      [0.001801209469, 0.081856332052, 0.90819477868, 0.008147679795],
      [0.00022436710761, 0.47581367214, 0.15585629068, 0.36810567007],
      [0.12904076498, 0.38817241353, 0.22321168441, 0.25957513708]
    ],
    [
      [1.6615056211e-05, 0.081546912875, 0.6156218182, 0.30281465387],
      [0.42738498439, 0.28336135752, 0.2721353027, 0.017118355386],
      [0.0037229819357, 0.75193742749, 0.11535990769, 0.12897968288],
      [0.0015391892005, 0.059510027601, 0.92918847407, 0.0097623091297],
      [0.00020176115986, 0.36469846819, 0.16778828117, 0.46731148948],
      [0.11830347553, 0.30259641456, 0.24449904195, 0.33460106796]
    ],
    [
      [1.6454159549e-05, 0.10636779601, 0.65792088577, 0.23569486406],
      [0.38292886943, 0.33814216874, 0.26664611589, 0.012282845946],
      [0.0030605219195, 0.8107624296, 0.1024617177, 0.083715330787],
      [0.0014122726279, 0.071938195227, 0.91956406743, 0.007085464718],
      [0.00019644074866, 0.46666354925, 0.17646519962, 0.35667481038],
      [0.11301964341, 0.38155220795, 0.25322351477, 0.25220463387]
    ],
    [
      [2.3410163157e-05, 0.11188984172, 0.59912694578, 0.28895980234],
      [0.47020834626, 0.30715691216, 0.20962897446, 0.013005767123],
      [0.0041346993211, 0.80982870478, 0.088568493294, 0.097468102603],
      [0.0021747739618, 0.08190454838, 0.90651710239, 0.0094035752683],
      [0.0002566288757, 0.45074237023, 0.14750907082, 0.40149193007],
      [0.14590871688, 0.3642536278, 0.20922205257, 0.28061560275]
    ],
    [
      [1.7931047918e-05, 0.11471869047, 0.60738648554, 0.27787689295],
      [0.40405276485, 0.34774080126, 0.23442163729, 0.01378479659],
      [0.0031119867371, 0.81675440891, 0.088139660326, 0.091993944032],
      [0.0016426759205, 0.082800487882, 0.90665325606, 0.0089035801426],
      [0.00019688757229, 0.4631759029, 0.14966858029, 0.38695862924],
      [0.11604837977, 0.3860866829, 0.21902617335, 0.27883876398]
    ],
    [
      [1.9374755889e-05, 0.11381353576, 0.57629797674, 0.30986911275],
      [0.42844946673, 0.33836984085, 0.21810840515, 0.015072287265],
      [0.0033628201147, 0.81044640893, 0.083616238007, 0.10257453295],
      [0.0018601371498, 0.086089873105, 0.9016474516, 0.010402538145],
      [0.00020588573375, 0.44473712157, 0.13740600115, 0.41765099155],
      [0.12209516019, 0.37291428699, 0.20228086805, 0.30270968477]
    ],
    [
      [1.6234253326e-05, 0.11789308217, 0.63627598479, 0.24581469879],
      [0.36948449433, 0.36611275328, 0.25188131791, 0.012521434475],
      [0.0027760628837, 0.82585730039, 0.091071401351, 0.080295235376],
      [0.0014247899015, 0.081530177719, 0.90948507651, 0.0075599558655],
      [0.00018286800539, 0.48793203336, 0.16097946989, 0.35090562875],
      [0.10702062458, 0.40569681249, 0.23491235031, 0.25237021262]
    ],
    [
      [1.7048572897e-05, 0.10849923701, 0.62193884499, 0.26954486943],
      [0.39634379425, 0.34098507162, 0.24881686185, 0.013854272278],
      [0.0030987364961, 0.80899203164, 0.094494827234, 0.093414404632],
      [0.001535650217, 0.077000488876, 0.91297759697, 0.0084862639381],
      [0.00019360258036, 0.45304260484, 0.15845753872, 0.38830625385],
      [0.11357917717, 0.37643285057, 0.23115388035, 0.2788340919]
    ],
    [
      [1.4044060172e-05, 0.11263690964, 0.61317264656, 0.27417639974],
      [0.34425848329, 0.37815046136, 0.2624883927, 0.015102662654],
      [0.0024789644657, 0.81442785147, 0.09062712732, 0.092466056749],
      [0.0012787570193, 0.080815843689, 0.90915486122, 0.0087505380725],
      [0.00015619006641, 0.46024388207, 0.15321141999, 0.38638850787],
      [0.09359965542, 0.39230291703, 0.22918952903, 0.28490789851]
    ],
    [
      [2.149354735e-05, 0.16109972408, 0.56119962326, 0.27767915911],
      [0.40815129899, 0.402575508, 0.17795061021, 0.011322582799],
      [0.0028168514258, 0.86668466301, 0.061224378179, 0.069274107387],
      [0.002036906021, 0.12026867669, 0.86851638021, 0.0091780370763],
      [0.00020071414346, 0.55340644948, 0.11716946863, 0.32922336774],
      [0.12042733022, 0.4664493536, 0.17349099121, 0.23963232496]
    ],
    [
      [1.9763178585e-05, 0.11615930024, 0.69279224482, 0.19102869176],
      [0.4139272155, 0.32820838718, 0.24906582064, 0.0087985766782],
      [0.0034441009643, 0.83224886974, 0.10094979054, 0.063357238758],
      [0.001608077757, 0.074458508416, 0.91851484332, 0.0054185705066],
      [0.0002393015791, 0.51775913757, 0.18825503185, 0.29374652901],
      [0.13306640876, 0.40731690269, 0.26007297791, 0.19954371064]
    ],
    [
      [2.4274227541e-05, 0.19062351105, 0.80935221472, 0],
      [0.4320523933, 0.38877215632, 0.17917545038, 0],
      [0.0025946770947, 0.93617942386, 0.061225899043, 0],
      [0.0015055809635, 0.092590433578, 0.90590398546, 0],
      [0.00026994606828, 0.825276668, 0.17445338593, 0],
      [0.15180669359, 0.6129168924, 0.23527641402, 0]
    ],
    [
      [1.4240660153e-05, 0.094083033197, 0.58029203076, 0.32561069539],
      [0.37610495367, 0.33866972021, 0.26607512588, 0.019150200238],
      [0.0028583995845, 0.77511805175, 0.09747330279, 0.12455024587],
      [0.0013797483934, 0.071820403151, 0.91578213413, 0.011017714325],
      [0.00016006200381, 0.38892916449, 0.1464695535, 0.46444122001],
      [0.097190209669, 0.33526471815, 0.22165335389, 0.34589171829]
    ],
    [
      [2.8321608932e-05, 0.056554292121, 0.59188665017, 0.3515307361],
      [0.62193271469, 0.15611954777, 0.20648158694, 0.015466150601],
      [0.0079923996591, 0.66641976343, 0.13924148316, 0.18634635375],
      [0.0027636404024, 0.043427792411, 0.94206510775, 0.011743459433],
      [0.00035739985639, 0.26487395341, 0.16725654793, 0.56751209881],
      [0.19823533609, 0.20292034245, 0.22553503461, 0.37330928685]
    ],
    [
      [2.8197312597e-05, 0.13959904585, 0.62153249198, 0.23884026485],
      [0.48153299018, 0.32504356138, 0.1843159415, 0.0091075069382],
      [0.004191399554, 0.85078829027, 0.077266277625, 0.06775403255],
      [0.0024867676841, 0.097006632049, 0.89313525694, 0.007371343328],
      [0.00029502282381, 0.53689119959, 0.14595340848, 0.31686036911],
      [0.16295988119, 0.42115855723, 0.20098240639, 0.21489915518]
    ],
    [
      [1.8028412956e-05, 0.12706544859, 0.55635329808, 0.31656322492],
      [0.39417565223, 0.37906917756, 0.21132659893, 0.015428571277],
      [0.002860975156, 0.82757067153, 0.073840452054, 0.09572790126],
      [0.0017683934848, 0.098201921112, 0.88918651591, 0.010843169492],
      [0.00018135211886, 0.47007811632, 0.12561106282, 0.40412946875],
      [0.10938423583, 0.40265927926, 0.18890015539, 0.29905632952]
    ],
    [
      [1.5631035696e-05, 0.12399087593, 0.61635355568, 0.25963993735],
      [0.35604158324, 0.3861831597, 0.24455092864, 0.013224328414],
      [0.0025566120995, 0.8321046329, 0.084363325035, 0.08097542997],
      [0.0014052942379, 0.08783148347, 0.90260448208, 0.0081587402109],
      [0.00016918692601, 0.49349907419, 0.14981055579, 0.35652118309],
      [0.10057832802, 0.41693298036, 0.22218407744, 0.26030461418]
    ],
    [
      [2.2094273096e-05, 0.12248234009, 0.61391124143, 0.2635843242],
      [0.44186575649, 0.33366536198, 0.21274918321, 0.01171969833],
      [0.0036425509995, 0.82904248936, 0.084558517239, 0.082756442404],
      [0.0019926995223, 0.087035293085, 0.90267764846, 0.0082943589362],
      [0.00023936029826, 0.48809714923, 0.14913876573, 0.36252472474],
      [0.1369189857, 0.39627580688, 0.21261587942, 0.25418932801]
    ],
    [
      [2.3016287342e-05, 0.12004578613, 0.61442318911, 0.26550800847],
      [0.45299975564, 0.32390330099, 0.2113554444, 0.011741498967],
      [0.0038597050792, 0.82486214724, 0.086267707393, 0.085010440285],
      [0.0020795927711, 0.085468520769, 0.90405148954, 0.0084003969246],
      [0.00025128078283, 0.48159100058, 0.15069719626, 0.36746052238],
      [0.1423864307, 0.38823932834, 0.21321416038, 0.25616008058]
    ],
    [
      [1.6778004865e-05, 0.1351094447, 0.67237070024, 0.19250307705],
      [0.35541146789, 0.38898783537, 0.24655566165, 0.0090450350847],
      [0.0025839759761, 0.854304446, 0.0866555709, 0.05645600712],
      [0.0013866097627, 0.087974116142, 0.90508900495, 0.0055502691503],
      [0.00018797822324, 0.5568235129, 0.16916909314, 0.27381941573],
      [0.10838228509, 0.45536020817, 0.24287525151, 0.19338225523]
    ],
    [
      [2.2594297607e-05, 0.098635527589, 0.63152878277, 0.26981309535],
      [0.48554436667, 0.27735785164, 0.22493818198, 0.012159599701],
      [0.0043978084861, 0.79431845606, 0.10241684647, 0.098866888983],
      [0.002017474418, 0.069351414637, 0.92035989647, 0.0082712144783],
      [0.00026561319884, 0.42827399683, 0.16612515716, 0.40533523282],
      [0.15079425363, 0.34041353884, 0.23216558731, 0.27662662022]
    ],
    [
      [1.9088055153e-05, 0.11778716927, 0.61282045516, 0.26937328751],
      [0.41032363902, 0.34666301771, 0.23000845015, 0.013004893122],
      [0.0032505937016, 0.82171469849, 0.087401918972, 0.08763278884],
      [0.0017321861409, 0.084226587844, 0.90547465592, 0.0085665700915],
      [0.00020928960051, 0.47450997952, 0.15098918805, 0.37429154283],
      [0.12157798863, 0.39202563547, 0.21891595119, 0.26748042471]
    ],
    [
      [2.3149118744e-05, 0.11854657803, 0.63318647524, 0.24824379762],
      [0.45364899861, 0.3184884598, 0.21692364575, 0.01093889584],
      [0.0039341408045, 0.82536080956, 0.090116155133, 0.080588894506],
      [0.0020387819497, 0.082270756655, 0.9080294235, 0.0076610378967],
      [0.00025932095989, 0.4879332136, 0.15937873166, 0.35242873378],
      [0.1452619361, 0.38887252227, 0.22291830737, 0.24294723427]
    ],
    [
      [2.47516805e-05, 0.1289708712, 0.62896954929, 0.24203482783],
      [0.45885392293, 0.32749633369, 0.20358063576, 0.010069107617],
      [0.0039294188083, 0.83913808797, 0.083587513438, 0.073344979782],
      [0.0021770751973, 0.089386050296, 0.90098482451, 0.0074520499917],
      [0.00026835018786, 0.51386652993, 0.15317165039, 0.33269346949],
      [0.14985905309, 0.40814177486, 0.21352600695, 0.22847316509]
    ],
    [
      [2.3048689438e-05, 0.12006413306, 0.63351535159, 0.24639746666],
      [0.4512449363, 0.32164928105, 0.21630610658, 0.010799676066],
      [0.0038761338152, 0.82790739365, 0.089189185211, 0.07902728732],
      [0.0020267058755, 0.08318693211, 0.90721159245, 0.0075747695641],
      [0.00025711492221, 0.49233316131, 0.15874705453, 0.34866266924],
      [0.14431884751, 0.39287719802, 0.22235036458, 0.24045358989]
    ],
    [
      [0.00018379175768, 0.30908249563, 0.69073371261, 0],
      [0.98565988492, 0.011543381024, 0.0027967340559, 0],
      [0.011458572636, 0.95735304394, 0.031188383429, 0],
      [0.012449057429, 0.16284826623, 0.82470267634, 0],
      [0.0013212633295, 0.89992588059, 0.098752856078, 0],
      [0.55301970618, 0.37228009737, 0.07470019645, 0]
    ],
    [
      [1.9074696878e-05, 0.065376553277, 0.67017755783, 0.2644268142],
      [0.49891914311, 0.21217904706, 0.27516993487, 0.013731874956],
      [0.0050270682714, 0.71661422304, 0.14720572469, 0.13115298401],
      [0.0016506489108, 0.044526507598, 0.94596747428, 0.0078553692112],
      [0.00026119322092, 0.33159449905, 0.20547132688, 0.46267298085],
      [0.14812746656, 0.25900023494, 0.2823496991, 0.31052259941]
    ],
    [
      [8.5565773801e-06, 0.093100343894, 0.49250555449, 0.41438554503],
      [0.28534455138, 0.41139894999, 0.27432204546, 0.028934453165],
      [0.0016894055079, 0.7649465305, 0.080686044502, 0.15267801949],
      [0.00095719661621, 0.081990586466, 0.90133554723, 0.015716669692],
      [8.6681810595e-05, 0.34937033076, 0.11123254761, 0.53931043982],
      [0.057839572461, 0.32718992237, 0.18338294423, 0.43158756094]
    ],
    [
      [2.3498558695e-05, 0.11684272822, 0.62252601964, 0.26060775358],
      [0.4649740726, 0.31198467151, 0.21165280172, 0.011388454168],
      [0.0040284644832, 0.82151588986, 0.089232336965, 0.085223308688],
      [0.002102008343, 0.082349150698, 0.90739553402, 0.0081533069365],
      [0.00026108693084, 0.47729152608, 0.15521671824, 0.36723066874],
      [0.14735014924, 0.38132750786, 0.21770420797, 0.25361813493]
    ],
    [
      [2.5675907144e-05, 0.11607294006, 0.62815325193, 0.25574813209],
      [0.48318788777, 0.29953524159, 0.206498239, 0.010778631646],
      [0.0044244292241, 0.82101282985, 0.090598553311, 0.083964187615],
      [0.0022801545166, 0.081217070143, 0.90857396785, 0.0079288074884],
      [0.00028757189002, 0.47814022352, 0.1580083027, 0.36356390189],
      [0.15898619259, 0.37596493715, 0.21810960777, 0.24693926249]
    ],
    [
      [2.1223878743e-05, 0.087410656068, 0.6098853897, 0.30268273035],
      [0.48023788974, 0.26749620799, 0.23721965447, 0.015046247804],
      [0.0045133574812, 0.76493421726, 0.10833089065, 0.12222153461],
      [0.001972768954, 0.064004517356, 0.92424696657, 0.0097757471237],
      [0.00025153116828, 0.38152245617, 0.16205607221, 0.45616994045],
      [0.14361748378, 0.30835982351, 0.23006684448, 0.31795584823]
    ],
    [
      [1.5717510304e-05, 0.1380700266, 0.64260035042, 0.21931390547],
      [0.3396325534, 0.40785481364, 0.24191201246, 0.010600620491],
      [0.0023690845, 0.85349433838, 0.081083484363, 0.063053092757],
      [0.0013496604751, 0.093418110267, 0.89864689702, 0.0065853322408],
      [0.00016895697089, 0.54563665941, 0.15516610512, 0.29902827849],
      [0.099456150746, 0.4564711487, 0.22785211363, 0.21622058692]
    ],
    [
      [1.7994051949e-05, 0.1246354831, 0.60522391068, 0.27012261217],
      [0.38969273206, 0.36887645948, 0.22833913639, 0.013091672065],
      [0.0029260925935, 0.83084769524, 0.082403674709, 0.083822537455],
      [0.0016432722291, 0.089685408353, 0.90003964773, 0.0086316716925],
      [0.00019208385651, 0.48901411432, 0.1451474298, 0.36564637202],
      [0.11309868298, 0.40920580694, 0.2131786501, 0.26451685997]
    ],
    [
      [1.402873768e-05, 0.12985680836, 0.5757421324, 0.2943870305],
      [0.33017432984, 0.41806917194, 0.23623932392, 0.015517174298],
      [0.0021980634811, 0.83427097859, 0.075518161455, 0.08801279647],
      [0.0013339635323, 0.097294098427, 0.89157829456, 0.0097936434822],
      [0.00014313096829, 0.4870207912, 0.13195042742, 0.38088565041],
      [0.087662431731, 0.42401814174, 0.2016428689, 0.28667655764]
    ],
    [
      [2.0416073298e-05, 0.1202263269, 0.62309328385, 0.25665997318],
      [0.42205001581, 0.34083429782, 0.22519766038, 0.011918025979],
      [0.0034254497503, 0.82684240728, 0.087541821158, 0.082190321809],
      [0.0018222358233, 0.084555269018, 0.90560493695, 0.0080175582108],
      [0.00022497128538, 0.48690554641, 0.15426570941, 0.35860377289],
      [0.12899644005, 0.39720622706, 0.22087352194, 0.25292381096]
    ],
    [
      [2.0362813461e-05, 0.16420036267, 0.62518907629, 0.21059019823],
      [0.37535879914, 0.41467143435, 0.20125664912, 0.0087131173884],
      [0.0026530526522, 0.87678161495, 0.068190977868, 0.052374354534],
      [0.0017600211694, 0.1118315648, 0.88003676402, 0.0063716500114],
      [0.00020139828997, 0.59682735596, 0.13889843061, 0.26407281514],
      [0.11696997112, 0.49302854867, 0.20138579303, 0.18861568718]
    ],
    [
      [2.2803095659e-05, 0.11180852511, 0.59061958988, 0.29754908192],
      [0.46654574319, 0.31105984724, 0.20892357664, 0.01347083293],
      [0.0040129563023, 0.80957393512, 0.086857087604, 0.099556020975],
      [0.0021442392335, 0.082825423294, 0.90529117972, 0.0097391577572],
      [0.00024717665393, 0.44630414964, 0.14359175163, 0.40985692207],
      [0.14212789583, 0.36387216276, 0.2056196329, 0.28838030851]
    ],
    [
      [0, 0.077440929551, 0.4742064644, 0.44835260605],
      [-0, 0.56282270769, 0.40514744318, 0.032029849126],
      [0, 0.78584212881, 0.082358596521, 0.13179927467],
      [0, 0.069727463395, 0.91914240363, 0.011130132978],
      [0, 0.25926068223, 0.086764239125, 0.65397507865],
      [-0, 0.30869377577, 0.18531180752, 0.50599441671]
    ],
    [
      [1.9675214248e-05, 0.12325030624, 0.6235939718, 0.25313604675],
      [0.40836989844, 0.35228809063, 0.2274489181, 0.01189309283],
      [0.0032411863402, 0.83092288055, 0.08607313989, 0.079762793215],
      [0.001751819633, 0.086478879514, 0.90385683184, 0.0079124690164],
      [0.000215372394, 0.49543597667, 0.15344475751, 0.35090389343],
      [0.12392899679, 0.40625473624, 0.22077360267, 0.24904266429]
    ],
    [
      [2.0944690933e-05, 0.11300850066, 0.59807703082, 0.28889352382],
      [0.44250265035, 0.32492841207, 0.21899432128, 0.013574616309],
      [0.0036691646501, 0.81224088408, 0.087637502807, 0.096452448468],
      [0.0019472006289, 0.082779124168, 0.9058927973, 0.0093808779016],
      [0.00022850201127, 0.45335300142, 0.14646655036, 0.39995194621],
      [0.13230020582, 0.37250580807, 0.21127480688, 0.28391917923]
    ],
    [
      [2.8185439635e-05, 0.11094822111, 0.59837453685, 0.2906490566],
      [0.5164469198, 0.27938665851, 0.1921578583, 0.01200856338],
      [0.0050076960085, 0.80730324034, 0.089028404487, 0.098660659166],
      [0.0026223906766, 0.081343890604, 0.90655561187, 0.0094781068447],
      [0.00030951802955, 0.44758523942, 0.14764232598, 0.40446291657],
      [0.17063117329, 0.35134605261, 0.20338711963, 0.27463565447]
    ],
    [
      [2.7543602168e-05, 0.11234065764, 0.67296380461, 0.21466799415],
      [0.50436044059, 0.2767787404, 0.21039608581, 0.0084647332052],
      [0.0048891174782, 0.82374166009, 0.09971819189, 0.071651030547],
      [0.002302846128, 0.073974559965, 0.91757216714, 0.0061504267687],
      [0.0003278219141, 0.49340262425, 0.17949491903, 0.32677463481],
      [0.17569528826, 0.37343023982, 0.23875324636, 0.21212122557]
    ]
  ],
  "expected_outcome": [
    [
      [0.0003033625905, 0.00049995152665, 0.00038266849417, 0.0002990710118, 0.0009707954134, 0.00093640652629, 0.00075310401258, 0.00054249316489, 0.00071430714634, 0.00018753430187, 0.00081455548997, 0.00015045483145, 0.00033597403594, 0, 0.00032753518352, 0.00028321608932, 0.00045115700154, 0.00021634095547, 0.0004064069281, 0.00030931982335, 0.00046032574684, 0.00026844807785, 0.00011297148803, 0.0013361638607, 0.00081021915603, 0.000693047054, 0.00050707116763, 0, 5.7224090633e-05, 1.711315476e-05, 0.00054046684998, 0.00046216632859, 0.00019101490869, 0.00050296032973, 0.000701768026, 0.00046294834345, 0.0008166429319, 0.00050907033651, 0.00031924333923, 0, 0.0044662736344, 0.00031417036399, 0.0010428612665, 0],
      [1.655198312, 3.2240782694, 2.2071738591, 1.4678444317, 6.2756999646, 4.4755936689, 4.8181849996, 3.1867790012, 5.1872956154, 1.1934916071, 6.5329407593, 1.1276980686, 1.9747081041, 0, 2.1639097635, 0.56554292121, 2.2335847337, 1.524785383, 3.2237627742, 1.7147527613, 2.4009157227, 2.1617511152, 0.49317763794, 8.2451018492, 4.149130231, 3.6111843936, 2.6414109274, 0, 0.19612965983, 0.18620068779, 2.687382749, 2.0893129211, 0.78669590461, 4.4182408513, 4.8607838409, 4.2852746758, 4.8090530758, 4.1050090667, 1.5653193515, 0, 27.977819516, 1.69512751, 4.1050841812, 0],
      [9.3314633192, 17.5934090068, 11.8425258546, 11.0811927276, 38.8173322605, 23.9650778311, 25.5102323926, 16.1363433486, 27.9961433308, 6.8413272949, 35.5640135004, 3.9283973628, 11.7774681619, 0, 13.3467167074, 5.9188665017, 9.9445198717, 6.6762395769, 16.0251924477, 8.59475738, 12.2884637822, 10.7579312039, 3.1576439138, 42.8974318613, 22.1615266333, 17.6111473802, 13.9373377349, 0, 2.0105326735, 0.98501110899, 14.3180984518, 11.3067585348, 5.4889685073, 20.5632112134, 23.6037325164, 18.9994903693, 24.9237313541, 15.6297269071, 8.2686742583, 0, 141.5558315987, 8.9711554623, 22.1398578635, 0],
      [4.0130350062, 8.1820127722, 4.9499176178, 5.4506637696, 13.9059969795, 11.5583920935, 11.6708295038, 8.676335157, 10.8158467467, 2.9649935637, 15.9022311848, 1.9437541138, 3.2474877599, 0, 7.4890459939, 3.515307361, 3.8214442377, 3.7987586991, 6.7506383712, 3.6901805389, 5.3101601693, 3.0800492328, 1.3490654767, 18.8561301257, 8.6885329166, 6.7769751792, 5.4207442666, 0, 0.7932804426, 0.82877109007, 5.9939783324, 4.6034663777, 2.7241445731, 7.0180449749, 10.5347818747, 9.7147720065, 10.2663989271, 5.2647549559, 4.1656871469, 0, 57.4618826116, 4.3334028574, 10.7540150941, 0]
    ],
    [
      [13.1133674949, 17.8530589207, 23.8520188323, 16.6680143914, 33.6977405098, 41.3783344705, 12.5256357104, 12.4250345353, 27.3418525806, 14.2683765929, 41.3110179944, 6.1222694848, 14.9013797579, 2.1602619665, 25.9512418034, 3.7315962881, 33.7073093126, 30.7457008739, 34.1799919912, 30.4887371975, 61.1549670117, 19.1922192661, 7.7687098668, 46.7768948486, 63.5108598054, 55.5213246747, 47.8319632481, 0.98565988492, 3.4924340018, 5.7068910276, 16.7390666136, 67.1631163995, 19.2095155894, 31.2461949131, 36.2414240815, 34.3381303037, 62.8854523563, 45.7937734956, 27.5261988484, 0, 251.147487539, 27.4351643215, 123.9472607529, 17.6526154206],
      [9.6095885086, 15.630230108, 18.6906404734, 11.0510929435, 29.7565108489, 27.02980827, 10.7799648392, 9.8127253846, 27.0923437429, 12.2754625784, 45.3780553633, 6.03863262, 11.8155019386, 1.9438607816, 23.3682106945, 0.93671728664, 22.7530492966, 29.56739585, 37.0735833313, 23.0229099766, 43.7269456336, 21.0053431101, 4.4377256263, 39.5195840188, 44.5883843714, 39.6270563764, 34.0948237916, 0.011543381024, 1.4852533294, 8.2279789998, 11.2314481745, 41.6353985809, 10.6998483196, 37.5226428551, 34.3055107319, 43.4791938815, 50.7843103759, 50.5899149906, 18.3525309872, 0, 216.657175737, 20.1455615481, 67.052798043, 9.6872559139],
      [6.8961739265, 10.8667156484, 12.771463139, 10.6132768051, 23.4648581981, 18.4473497527, 7.2670707561, 6.3251437495, 18.6392175254, 8.9574070267, 31.4986071239, 2.6692591532, 8.9663695431, 0.89587725192, 18.3591836857, 1.2388895216, 12.9021159051, 16.4834747164, 23.4768891497, 14.6796936412, 28.5329849941, 13.3140057292, 3.5990109117, 26.2209633167, 30.3693104055, 24.6332569272, 22.9284472973, 0.0027967340559, 1.9261895441, 5.4864409093, 7.6195008619, 28.7032552209, 9.4887861788, 22.2559051467, 21.2355396845, 24.5688896879, 33.554451397, 24.5533111924, 12.3264910215, 0, 139.8810846334, 13.5776479192, 46.117885993, 7.3638630034],
      [0.38087007, 0.6499953229, 0.68587755522, 0.66761586004, 1.0808904432, 1.1445075068, 0.4273286943, 0.43709633069, 0.92658615117, 0.498753802, 1.8123195184, 0.16983874199, 0.31674876042, 0, 1.3213638164, 0.092796903604, 0.63752548567, 1.2034285596, 1.2695355277, 0.80865918476, 1.5851023606, 0.48843189458, 0.19455359522, 1.4825578159, 1.5314454176, 1.2183620217, 1.1447656629, 0, 0.096123124694, 0.5786890633, 0.40998435004, 1.4982297987, 0.60184991214, 0.97525708513, 1.217525502, 1.613786127, 1.7757858709, 1.0630003214, 0.79477914285, 0, 7.3142520907, 0.84162621119, 2.8820552111, 0.29626566218]
    ],
    [
      [0.68884543446, 0.88334006314, 0.73920020543, 0.27550066324, 1.0405774526, 1.4306059651, 0.65040522806, 0.68265248328, 1.2964213667, 0.68172202914, 1.1279288319, 0.53238491948, 0.33063369257, 0.012973385474, 0.43161833725, 0.12787839455, 1.1232950805, 0.48636577652, 0.42695422062, 0.59737836391, 1.4473894047, 0.36950856459, 0.21549261582, 1.3424951988, 1.5579197586, 1.2652728563, 0.9457766509, 0.045834290543, 0.11059550197, 0.050682165236, 0.96280301148, 0.52208264844, 0.4062021733, 0.49987682949, 0.78126672247, 0.50115847369, 0.89061693507, 0.85958905932, 0.31702354788, 0, 6.9815153769, 0.75217875327, 2.909471381, 0.24934499139],
      [154.2285218791, 233.5114933668, 174.8890855856, 55.6433696344, 275.659226063, 280.2007318545, 170.7016714612, 164.5206210129, 385.6753592817, 177.9782469604, 370.5646724166, 163.8034013086, 79.8958914952, 4.6808971193, 117.042825815, 10.662716215, 228.0112617928, 140.68701416, 138.9614736936, 135.9629682546, 309.3233052159, 122.1655357786, 38.9216043471, 339.3681704749, 326.8428805846, 270.202464327, 202.0094040515, 3.8294121757, 15.7655129068, 22.9483959149, 196.3422976773, 96.8795139223, 68.8440795538, 180.0873053982, 221.8363346299, 190.2137831194, 214.9790258937, 284.0772432426, 63.9563408744, 5.5008949017, 1789.8078847153, 166.5093812354, 469.0431826368, 42.0108246644],
      [17.712922452, 26.0064453251, 19.133445148, 8.5366331692, 34.8369840167, 30.6446986799, 18.4211890081, 16.9740963155, 42.530344431, 20.7888619916, 41.2353429306, 11.5714074758, 9.6911798914, 0.30612949521, 14.7184687213, 2.2278637305, 20.7073624034, 12.5528768492, 14.0886752809, 13.8675968272, 32.3503902723, 12.3917466387, 5.0184254769, 36.0969925353, 35.6859974325, 26.915179327, 21.7621611916, 0.12475353372, 3.2385259431, 2.4205813351, 21.3265285347, 10.6906292907, 9.7497801583, 17.1086152005, 22.0017811473, 17.2181408117, 22.760873501, 22.0938768292, 6.8617099207, 0.57651017565, 185.4015433223, 17.9656880754, 51.7255030069, 5.0856277864],
      [17.3697102345, 27.598721245, 18.238269061, 9.5444965332, 28.4632124677, 33.7239635005, 19.2267343027, 20.8226301883, 37.4978749206, 20.5511690189, 42.0720558209, 13.0928062961, 6.0822949208, 0, 18.8070871264, 2.98154166, 18.1580807233, 16.2737432142, 13.5228968049, 13.5720565543, 31.8789151071, 8.0732090181, 4.8444775602, 36.192341791, 31.9132022243, 23.6170834898, 19.282658106, 0, 2.8853656481, 4.5803405848, 20.3683707765, 9.9077741386, 10.9999381146, 13.3042025718, 22.3806175004, 20.0669175952, 21.3694836703, 16.9692908689, 7.864925657, 0.92259492269, 171.8090565856, 19.7727519359, 57.3218429754, 3.6542025579]
    ],
    [
      [0.38191019283, 0.46924808291, 0.46471204299, 0.41865946253, 0.861486303, 0.86338526284, 0.34988997108, 0.36272674421, 0.58558864952, 0.29945179231, 0.79538686602, 0.11406673718, 0.39558712822, 0.003011161927, 0.54086137022, 0.32334592708, 0.56449626429, 0.44386676468, 0.51995886801, 0.29093413026, 1.2061638073, 0.56296356364, 0.19166006971, 1.5866825051, 1.6187928681, 1.0384648691, 1.0640205846, 0.049796229717, 0.19312592256, 0.047859830811, 0.45193179374, 0.98274659664, 0.30775195682, 0.69777446565, 1.0516942266, 0.68965914621, 1.2773873122, 0.88529064822, 0.37953034433, 0, 5.4902027299, 0.53548017294, 1.7806032694, 0.33391268857],
      [16.4169348974, 23.843351809, 21.1189336694, 16.1867275075, 43.8822990882, 32.516105707, 17.6365039188, 16.7875252555, 33.5089030425, 15.0150953309, 50.2674547743, 6.7350458948, 18.3167930703, 0.18518086716, 28.153598035, 5.0810517121, 22.0205054752, 24.6486821991, 32.497648884, 12.7071527905, 49.571742046, 35.7174911536, 6.5883843905, 77.1515544655, 65.3229807841, 42.6371459912, 43.673139358, 0.65139306492, 5.2096013889, 4.0995293233, 17.7050674001, 35.0045572317, 9.9847047076, 48.2971630083, 57.3986613461, 50.3010488869, 59.2732435814, 56.2512770935, 14.660099923, 0.62754717056, 271.0248083967, 22.7642591463, 55.2325017204, 10.7263111949],
      [191.43595745, 268.998481122, 234.3142529005, 252.7392649467, 560.9340811308, 359.8872896486, 193.1171435397, 175.8212530619, 373.7983664473, 178.0306314089, 565.4943236786, 48.6369172918, 225.9546514569, 1.8118079709, 358.9865965795, 110.2216176072, 202.7417033251, 223.1858154937, 333.9636583699, 131.7909366746, 524.3498639304, 367.4661360077, 87.4341901644, 829.4147848256, 720.9753622579, 429.7697612936, 476.2860860363, 3.2988107054, 110.6781944908, 45.0667773613, 195.0900398148, 391.5953801441, 144.1825267843, 464.6004457576, 576.025374544, 460.9459782866, 634.8290608007, 442.6584923025, 160.2365388097, 8.2722816326, 2832.6873109759, 249.1205192578, 615.5512604626, 133.0479642351],
      [1.7651974597, 2.688918986, 2.1021013871, 2.6553480833, 4.322133478, 3.7332193815, 1.8964625704, 2.0284949384, 3.1071418607, 1.6548214679, 5.4428346811, 0.51397007627, 1.3329683446, 0, 4.3189440152, 1.3739847536, 1.6732949355, 2.7216355425, 3.018733878, 1.2109764047, 4.8722302163, 2.253409275, 0.78576537544, 7.8469782038, 6.08286409, 3.5546278461, 3.9767540211, 0, 0.91907819771, 0.78583348459, 1.7529609913, 3.4173160275, 1.5250165513, 3.4046167685, 5.5242698832, 5.0633136803, 5.6203083058, 3.2049399557, 1.723830923, 0.10017119681, 24.7976778975, 2.5797414229, 6.4356345476, 0.89181188146]
    ],
    [
      [0.014853273425, 0.019480494655, 0.017725001501, 0.005851073636, 0.01905475262, 0.02925569183, 0.014175905205, 0.014617887096, 0.023589972696, 0.011228949661, 0.023740890095, 0.0082292798817, 0.0098113647433, 0.00026994606828, 0.0070427281677, 0.0017869992819, 0.025962008495, 0.0090676059429, 0.0093052809307, 0.010053132527, 0.018092216364, 0.0058273249203, 0.0026561319884, 0.02469617286, 0.033193082867, 0.018516162962, 0.011055941655, 0, 0.0044402847556, 0.00043340905297, 0.019842606744, 0.010927731821, 0.0047790921973, 0.0081099346027, 0.012293366817, 0.010448560685, 0.014623133549, 0.013090888848, 0.0088983595416, 0, 0.12620822288, 0.010054088496, 0.029094694777, 0.0036060410551],
      [29.8042638619, 46.1739108666, 37.5892800994, 10.5762555774, 45.2663642768, 51.3846302064, 33.3486650086, 31.5763356317, 62.9432323029, 26.2764710808, 69.9570700748, 22.6896644287, 21.2281246402, 0.825276668, 17.1128832376, 1.324369767, 47.2464255636, 23.5039058158, 27.1424490807, 20.5000802675, 34.6745520418, 17.2615288999, 4.2827399683, 55.9921775831, 62.4554513405, 35.4567905654, 21.1703259365, 0, 5.6371064839, 1.7468516538, 36.2741559821, 18.1693284937, 7.2489266673, 26.1905596517, 31.2969033163, 35.5525177572, 31.6488605166, 38.7937781372, 16.0669493871, 0, 290.3254823281, 19.9475320627, 42.0730125055, 5.4274288668],
      [10.2514545447, 15.3912405446, 12.3126469637, 4.865860154, 17.1171243634, 16.8160340738, 10.7761377811, 9.7558260815, 20.7663516153, 9.190537246, 23.2881358388, 4.8039482139, 7.7184563058, 0.17445338593, 6.4446603539, 0.83628273963, 12.8438999459, 6.2805531408, 8.2395805683, 6.2638281608, 10.8501981305, 5.2442418875, 1.6612515716, 17.8167241904, 20.4004776527, 10.5688438769, 6.8261233447, 0, 3.4930125569, 0.55616273805, 11.7964705866, 6.0043155027, 3.0790653719, 7.447973046, 9.2894355073, 9.6323812019, 10.0272711117, 9.0283979899, 5.1693030587, 0, 89.9186279005, 6.4445282158, 13.8783786425, 1.9744441093],
      [24.92942832, 40.4153680942, 29.0803479354, 13.5520331949, 34.5974566071, 45.7700800279, 27.8610213051, 29.6532203998, 45.2668261091, 22.5217627235, 58.7310531962, 13.4981580775, 12.0436076892, 0, 20.4354136803, 2.8375604941, 27.883712482, 20.2064734374, 19.6086650701, 15.2260384393, 26.4571576114, 8.4884018877, 4.0533523282, 44.1664020537, 45.1108779239, 22.9558493947, 14.9924947772, 0, 7.8654406745, 2.6965521991, 27.9095308246, 13.8154282718, 8.6672288686, 14.3533573677, 23.4013678096, 27.8046524801, 23.3092452382, 17.1647329841, 14.7548491946, 0, 205.6296815485, 17.5978856331, 38.0195141572, 3.5945209829]
    ],
    [
      [1.9739433976, 4.9585023369, 2.1936930046, 1.6562486574, 2.7124714418, 6.7118009766, 2.2049192157, 2.8081886843, 4.1738043585, 3.7481128467, 3.9311855276, 1.8064099533, 2.2621289489, 0, 2.3325650321, 2.5770593692, 5.7035958418, 2.2970689525, 2.8161931847, 1.9168657998, 8.2584129805, 2.7095571273, 0.75397126816, 4.4983855792, 6.5367871243, 6.2940802297, 4.3295654253, 0, 0.88876479933, 0.40487700723, 2.9470029848, 5.0875581627, 2.8723496756, 3.3815091254, 2.3750723426, 1.9285734981, 4.1278860815, 5.8484985561, 1.5634068541, 0, 26.0250893265, 2.910604528, 13.1386003431, 0.35139057651],
      [5.5985408703, 16.6700056366, 6.59893103, 4.2363498039, 9.1572529907, 16.7556668787, 7.3356469751, 8.5770286008, 15.8221756871, 12.4222840689, 16.4767225154, 6.996740304, 6.9243873457, 0, 8.0463532355, 2.6379644519, 14.7405495032, 8.4558448644, 11.67412345, 5.5478612963, 22.5178810439, 11.3840052042, 1.7020676942, 14.5049485125, 17.4992635019, 17.1419545442, 11.7863159405, 0, 1.5540014096, 2.2903294566, 7.6265501572, 12.0308779887, 6.1671964703, 15.5200190556, 8.5933219458, 9.3283991182, 12.7105992659, 24.6514274334, 4.0025937904, 0, 85.3134946106, 8.1951277776, 27.053646051, 0.74686047964],
      [3.3809305622, 9.7536472473, 3.794598635, 3.4229865873, 6.0773643545, 9.6242144182, 4.1614972937, 4.6524599652, 9.1615816621, 7.6280780515, 9.6259602194, 2.6023648682, 4.4212406245, 0, 5.3196804934, 2.9319554499, 7.0343842238, 3.9669032633, 6.2211541684, 2.9766223118, 12.3664213019, 6.0718812877, 1.1608279366, 8.0998901939, 10.0313238315, 8.9680922921, 6.6705109375, 0, 1.6940981946, 1.2836806096, 4.3540841594, 6.9795074487, 4.6013368895, 7.7469718636, 4.4767516522, 4.4361431157, 7.067952702, 10.0692896514, 2.2618159619, 0, 46.362456561, 4.6480457514, 15.6608082115, 0.47750649271],
      [4.0465851699, 12.6178447792, 4.4127773303, 4.6844149514, 6.0529112129, 12.9083177264, 5.2979365155, 6.9623227496, 9.8424382923, 9.2015250328, 11.9661317376, 3.5944848744, 3.3922430809, 0, 8.301401239, 4.8530207291, 7.5214704313, 6.2801829198, 7.288529197, 3.5586505921, 14.8572846736, 4.8345563808, 1.3831331011, 9.8967757144, 10.9326255423, 9.595872934, 7.2136076967, 0, 1.8631355964, 3.0211129265, 5.0723626986, 7.9020563998, 6.3591169646, 7.3514999554, 5.5548540594, 6.306884268, 8.0935619506, 9.4307843591, 3.1721833936, 0, 52.2989595019, 6.246221943, 21.1469453944, 0.42424245114]
    ]
  ],
  "prob": [
    [2.033009815e-05, 0.11913172145, 0.61788551417, 0.26296243428],
    [0.42153335012, 0.34062060436, 0.22548076274, 0.012365282782],
    [0.0034367513738, 0.82397351254, 0.087532588606, 0.08505714748],
    [0.0018300065622, 0.084508625088, 0.90534755259, 0.0083138157567],
    [0.00022353459373, 0.48095277435, 0.15273968195, 0.36608400911],
    [0.12823924982, 0.39337501097, 0.2191884239, 0.25919731531]
  ],
  "iterations": 152,
  "time": 0.000496,
  "message": "Converged",
  "status": 0,
  "miniter": 0,
  "maxiter": 1000,
  "maxtime": 3600,
  "param_threshold": 0.001,
  "ll_threshold": "-Inf",
  "initial_prob": "group_proportional",
  "candidates_id": ["GILCHRIST, Michael Alexander.c", "FOSTER, Peter Allen Cranleigh.c", "GUY, Allen Nathan.c", "Other candidates votes.c"],
  "group_id": ["Conservative Party.p", "Green Party.p", "Labour Party.p", "National Party.p", "New Zealand First Party.p", "Other parties votes.p"]
}
