{
  "Z_true": {},
  "V_true": [
    [51, 1428, 313, 46, 101, 1],
    [56, 69, 2257, 104, 197, 0],
    [230, 94, 392, 5489, 393, 1],
    [337, 45, 295, 232, 7736, 1],
    [394, 530, 636, 1140, 1608, 28]
  ],
  "p_true": [
    [0.0263, 0.7361, 0.1613, 0.0237, 0.0521, 0.0005],
    [0.0209, 0.0257, 0.8412, 0.0388, 0.0734, 0],
    [0.0349, 0.0142, 0.0594, 0.8318, 0.0596, 0.0002],
    [0.039, 0.0052, 0.0341, 0.0268, 0.8947, 0.0001],
    [0.0909, 0.1222, 0.1467, 0.2629, 0.3708, 0.0065]
  ],
  "Z_est": [
    [
      [0.3645, 0.486, 0.324, 0.648, 0.2025, 0.324, 0.6885, 0.486, 0.3645, 0.6075, 0.5265, 1.8225, 1.134, 1.2555, 2.754, 2.349, 4.212, 2.7135, 3.0375, 0.81, 0.6075, 1.0935, 1.1745, 0.2025, 0.2025, 0.2835, 1.0935, 2.6325, 2.187, 2.106, 1.4985, 1.3365, 1.296, 2.916, 3.645, 4.455, 0.162, 0.324, 0.486, 0.648, 0.243, 2.997, 2.106, 2.349, 2.025, 15.39],
      [4.401, 5.868, 3.912, 7.824, 2.445, 3.912, 8.313, 5.868, 4.401, 7.335, 6.357, 22.005, 13.692, 15.159, 33.252, 28.362, 50.856, 32.763, 36.675, 9.78, 7.335, 13.203, 14.181, 2.445, 2.445, 3.423, 13.203, 31.785, 26.406, 25.428, 18.093, 16.137, 15.648, 35.208, 44.01, 53.79, 1.956, 3.912, 5.868, 7.824, 2.934, 36.186, 25.428, 28.362, 24.45, 185.82],
      [2.079, 2.772, 1.848, 3.696, 1.155, 1.848, 3.927, 2.772, 2.079, 3.465, 3.003, 10.395, 6.468, 7.161, 15.708, 13.398, 24.024, 15.477, 17.325, 4.62, 3.465, 6.237, 6.699, 1.155, 1.155, 1.617, 6.237, 15.015, 12.474, 12.012, 8.547, 7.623, 7.392, 16.632, 20.79, 25.41, 0.924, 1.848, 2.772, 3.696, 1.386, 17.094, 12.012, 13.398, 11.55, 87.78],
      [1.4634, 1.9512, 1.3008, 2.6016, 0.813, 1.3008, 2.7642, 1.9512, 1.4634, 2.439, 2.1138, 7.317, 4.5528, 5.0406, 11.0568, 9.4308, 16.9104, 10.8942, 12.195, 3.252, 2.439, 4.3902, 4.7154, 0.813, 0.813, 1.1382, 4.3902, 10.569, 8.7804, 8.4552, 6.0162, 5.3658, 5.2032, 11.7072, 14.634, 17.886, 0.6504, 1.3008, 1.9512, 2.6016, 0.9756, 12.0324, 8.4552, 9.4308, 8.13, 61.788],
      [0.6408, 0.8544, 0.5696, 1.1392, 0.356, 0.5696, 1.2104, 0.8544, 0.6408, 1.068, 0.9256, 3.204, 1.9936, 2.2072, 4.8416, 4.1296, 7.4048, 4.7704, 5.34, 1.424, 1.068, 1.9224, 2.0648, 0.356, 0.356, 0.4984, 1.9224, 4.628, 3.8448, 3.7024, 2.6344, 2.3496, 2.2784, 5.1264, 6.408, 7.832, 0.2848, 0.5696, 0.8544, 1.1392, 0.4272, 5.2688, 3.7024, 4.1296, 3.56, 27.056],
      [0.0504, 0.0672, 0.0448, 0.0896, 0.028, 0.0448, 0.0952, 0.0672, 0.0504, 0.084, 0.0728, 0.252, 0.1568, 0.1736, 0.3808, 0.3248, 0.5824, 0.3752, 0.42, 0.112, 0.084, 0.1512, 0.1624, 0.028, 0.028, 0.0392, 0.1512, 0.364, 0.3024, 0.2912, 0.2072, 0.1848, 0.1792, 0.4032, 0.504, 0.616, 0.0224, 0.0448, 0.0672, 0.0896, 0.0336, 0.4144, 0.2912, 0.3248, 0.28, 2.128]
    ],
    [
      [1.0611, 0.6681, 0.7074, 0.8253, 0.7074, 0.4716, 1.6899, 1.3362, 0.9039, 1.3755, 0.6681, 2.8296, 1.3755, 1.5327, 3.6156, 4.2444, 4.6767, 3.6549, 4.8339, 1.4541, 1.4148, 1.8471, 2.0436, 0.5109, 0.9039, 0.7074, 1.7685, 3.1833, 2.9475, 2.7117, 1.7292, 2.358, 2.2794, 4.0479, 2.5152, 3.9693, 0.5502, 0.8646, 2.0043, 1.179, 0.7467, 2.2794, 1.9257, 2.751, 3.4584, 16.113],
      [2.6595, 1.6745, 1.773, 2.0685, 1.773, 1.182, 4.2355, 3.349, 2.2655, 3.4475, 1.6745, 7.092, 3.4475, 3.8415, 9.062, 10.638, 11.7215, 9.1605, 12.1155, 3.6445, 3.546, 4.6295, 5.122, 1.2805, 2.2655, 1.773, 4.4325, 7.9785, 7.3875, 6.7965, 4.334, 5.91, 5.713, 10.1455, 6.304, 9.9485, 1.379, 2.167, 5.0235, 2.955, 1.8715, 5.713, 4.8265, 6.895, 8.668, 40.385],
      [13.6566, 8.5986, 9.1044, 10.6218, 9.1044, 6.0696, 21.7494, 17.1972, 11.6334, 17.703, 8.5986, 36.4176, 17.703, 19.7262, 46.5336, 54.6264, 60.1902, 47.0394, 62.2134, 18.7146, 18.2088, 23.7726, 26.3016, 6.5754, 11.6334, 9.1044, 22.761, 40.9698, 37.935, 34.9002, 22.2552, 30.348, 29.3364, 52.0974, 32.3712, 51.0858, 7.0812, 11.1276, 25.7958, 15.174, 9.6102, 29.3364, 24.7842, 35.406, 44.5104, 207.378],
      [4.3389, 2.7319, 2.8926, 3.3747, 2.8926, 1.9284, 6.9101, 5.4638, 3.6961, 5.6245, 2.7319, 11.5704, 5.6245, 6.2673, 14.7844, 17.3556, 19.1233, 14.9451, 19.7661, 5.9459, 5.7852, 7.5529, 8.3564, 2.0891, 3.6961, 2.8926, 7.2315, 13.0167, 12.0525, 11.0883, 7.0708, 9.642, 9.3206, 16.5521, 10.2848, 16.2307, 2.2498, 3.5354, 8.1957, 4.821, 3.0533, 9.3206, 7.8743, 11.249, 14.1416, 65.887],
      [5.1516, 3.2436, 3.4344, 4.0068, 3.4344, 2.2896, 8.2044, 6.4872, 4.3884, 6.678, 3.2436, 13.7376, 6.678, 7.4412, 17.5536, 20.6064, 22.7052, 17.7444, 23.4684, 7.0596, 6.8688, 8.9676, 9.9216, 2.4804, 4.3884, 3.4344, 8.586, 15.4548, 14.31, 13.1652, 8.3952, 11.448, 11.0664, 19.6524, 12.2112, 19.2708, 2.6712, 4.1976, 9.7308, 5.724, 3.6252, 11.0664, 9.3492, 13.356, 16.7904, 78.228],
      [0.1323, 0.0833, 0.0882, 0.1029, 0.0882, 0.0588, 0.2107, 0.1666, 0.1127, 0.1715, 0.0833, 0.3528, 0.1715, 0.1911, 0.4508, 0.5292, 0.5831, 0.4557, 0.6027, 0.1813, 0.1764, 0.2303, 0.2548, 0.0637, 0.1127, 0.0882, 0.2205, 0.3969, 0.3675, 0.3381, 0.2156, 0.294, 0.2842, 0.5047, 0.3136, 0.4949, 0.0686, 0.1078, 0.2499, 0.147, 0.0931, 0.2842, 0.2401, 0.343, 0.4312, 2.009]
    ],
    [
      [8.8387, 4.9162, 4.9162, 3.6087, 3.6087, 4.2363, 8.2634, 6.799, 5.1777, 4.707, 6.0145, 7.7927, 4.5501, 6.1191, 7.4789, 8.5249, 7.3743, 6.1191, 6.0668, 6.7467, 7.4266, 7.5312, 7.0605, 4.2363, 4.7593, 4.3409, 7.4266, 9.2571, 7.7404, 6.6944, 6.799, 8.891, 8.3157, 7.7927, 7.0605, 8.7864, 5.23, 4.6547, 5.9099, 5.9622, 2.7719, 8.4203, 9.3617, 6.1191, 8.9433, 51.777],
      [9.0415, 5.029, 5.029, 3.6915, 3.6915, 4.3335, 8.453, 6.955, 5.2965, 4.815, 6.1525, 7.9715, 4.6545, 6.2595, 7.6505, 8.7205, 7.5435, 6.2595, 6.206, 6.9015, 7.597, 7.704, 7.2225, 4.3335, 4.8685, 4.4405, 7.597, 9.4695, 7.918, 6.848, 6.955, 9.095, 8.5065, 7.9715, 7.2225, 8.988, 5.35, 4.7615, 6.0455, 6.099, 2.8355, 8.6135, 9.5765, 6.2595, 9.1485, 52.965],
      [29.9637, 16.6662, 16.6662, 12.2337, 12.2337, 14.3613, 28.0134, 23.049, 17.5527, 15.957, 20.3895, 26.4177, 15.4251, 20.7441, 25.3539, 28.8999, 24.9993, 20.7441, 20.5668, 22.8717, 25.1766, 25.5312, 23.9355, 14.3613, 16.1343, 14.7159, 25.1766, 31.3821, 26.2404, 22.6944, 23.049, 30.141, 28.1907, 26.4177, 23.9355, 29.7864, 17.73, 15.7797, 20.0349, 20.2122, 9.3969, 28.5453, 31.7367, 20.7441, 30.3183, 175.527],
      [45.0216, 25.0416, 25.0416, 18.3816, 18.3816, 21.5784, 42.0912, 34.632, 26.3736, 23.976, 30.636, 39.6936, 23.1768, 31.1688, 38.0952, 43.4232, 37.5624, 31.1688, 30.9024, 34.3656, 37.8288, 38.3616, 35.964, 21.5784, 24.2424, 22.1112, 37.8288, 47.1528, 39.4272, 34.0992, 34.632, 45.288, 42.3576, 39.6936, 35.964, 44.7552, 26.64, 23.7096, 30.1032, 30.3696, 14.1192, 42.8904, 47.6856, 31.1688, 45.5544, 263.736],
      [75.7965, 42.159, 42.159, 30.9465, 30.9465, 36.3285, 70.863, 58.305, 44.4015, 40.365, 51.5775, 66.8265, 39.0195, 52.4745, 64.1355, 73.1055, 63.2385, 52.4745, 52.026, 57.8565, 63.687, 64.584, 60.5475, 36.3285, 40.8135, 37.2255, 63.687, 79.3845, 66.378, 57.408, 58.305, 76.245, 71.3115, 66.8265, 60.5475, 75.348, 44.85, 39.9165, 50.6805, 51.129, 23.7705, 72.2085, 80.2815, 52.4745, 76.6935, 444.015],
      [0.338, 0.188, 0.188, 0.138, 0.138, 0.162, 0.316, 0.26, 0.198, 0.18, 0.23, 0.298, 0.174, 0.234, 0.286, 0.326, 0.282, 0.234, 0.232, 0.258, 0.284, 0.288, 0.27, 0.162, 0.182, 0.166, 0.284, 0.354, 0.296, 0.256, 0.26, 0.34, 0.318, 0.298, 0.27, 0.336, 0.2, 0.178, 0.226, 0.228, 0.106, 0.322, 0.358, 0.234, 0.342, 1.98]
    ],
    [
      [12.276, 6.876, 6.732, 5.292, 5.904, 3.6, 9.072, 8.136, 5.832, 6.12, 5.94, 5.292, 5.724, 5.076, 4.896, 4.932, 6.336, 3.852, 3.204, 6.552, 7.164, 5.94, 7.236, 6.084, 6.516, 5.004, 7.524, 4.176, 5.328, 4.608, 5.832, 6.876, 6.228, 3.744, 3.744, 5.22, 4.356, 4.932, 5.976, 4.572, 3.636, 5.22, 5.004, 5.184, 4.788, 54.72],
      [10.0595, 5.6345, 5.5165, 4.3365, 4.838, 2.95, 7.434, 6.667, 4.779, 5.015, 4.8675, 4.3365, 4.6905, 4.1595, 4.012, 4.0415, 5.192, 3.1565, 2.6255, 5.369, 5.8705, 4.8675, 5.9295, 4.9855, 5.3395, 4.1005, 6.1655, 3.422, 4.366, 3.776, 4.779, 5.6345, 5.1035, 3.068, 3.068, 4.2775, 3.5695, 4.0415, 4.897, 3.7465, 2.9795, 4.2775, 4.1005, 4.248, 3.9235, 44.84],
      [13.1285, 7.3535, 7.1995, 5.6595, 6.314, 3.85, 9.702, 8.701, 6.237, 6.545, 6.3525, 5.6595, 6.1215, 5.4285, 5.236, 5.2745, 6.776, 4.1195, 3.4265, 7.007, 7.6615, 6.3525, 7.7385, 6.5065, 6.9685, 5.3515, 8.0465, 4.466, 5.698, 4.928, 6.237, 7.3535, 6.6605, 4.004, 4.004, 5.5825, 4.6585, 5.2745, 6.391, 4.8895, 3.8885, 5.5825, 5.3515, 5.544, 5.1205, 58.52],
      [129.9892, 72.8092, 71.2844, 56.0364, 62.5168, 38.12, 96.0624, 86.1512, 61.7544, 64.804, 62.898, 56.0364, 60.6108, 53.7492, 51.8432, 52.2244, 67.0912, 40.7884, 33.9268, 69.3784, 75.8588, 62.898, 76.6212, 64.4228, 68.9972, 52.9868, 79.6708, 44.2192, 56.4176, 48.7936, 61.7544, 72.8092, 65.9476, 39.6448, 39.6448, 55.274, 46.1252, 52.2244, 63.2792, 48.4124, 38.5012, 55.274, 52.9868, 54.8928, 50.6996, 579.424],
      [175.0694, 98.0594, 96.0058, 75.4698, 84.1976, 51.34, 129.3768, 116.0284, 83.1708, 87.278, 84.711, 75.4698, 81.6306, 72.3894, 69.8224, 70.3358, 90.3584, 54.9338, 45.6926, 93.4388, 102.1666, 84.711, 103.1934, 86.7646, 92.9254, 71.3626, 107.3006, 59.5544, 75.9832, 65.7152, 83.1708, 98.0594, 88.8182, 53.3936, 53.3936, 74.443, 62.1214, 70.3358, 85.2244, 65.2018, 51.8534, 74.443, 71.3626, 73.9296, 68.2822, 780.368],
      [0.4774, 0.2674, 0.2618, 0.2058, 0.2296, 0.14, 0.3528, 0.3164, 0.2268, 0.238, 0.231, 0.2058, 0.2226, 0.1974, 0.1904, 0.1918, 0.2464, 0.1498, 0.1246, 0.2548, 0.2786, 0.231, 0.2814, 0.2366, 0.2534, 0.1946, 0.2926, 0.1624, 0.2072, 0.1792, 0.2268, 0.2674, 0.2422, 0.1456, 0.1456, 0.203, 0.1694, 0.1918, 0.2324, 0.1778, 0.1414, 0.203, 0.1946, 0.2016, 0.1862, 2.128]
    ],
    [
      [5.883, 2.8305, 4.551, 3.6075, 3.108, 2.664, 5.772, 5.661, 2.8305, 4.995, 3.996, 5.661, 4.9395, 5.2725, 7.3815, 4.6065, 5.106, 4.4955, 4.8285, 4.218, 4.4955, 6.8265, 5.0505, 3.774, 4.1625, 3.6075, 5.439, 5.106, 4.4955, 4.44, 4.218, 5.55, 4.995, 3.9405, 4.107, 5.3835, 3.3855, 2.886, 3.2745, 2.553, 1.998, 5.217, 4.884, 3.33, 3.885, 41.2365],
      [8.7026, 4.1871, 6.7322, 5.3365, 4.5976, 3.9408, 8.5384, 8.3742, 4.1871, 7.389, 5.9112, 8.3742, 7.3069, 7.7995, 10.9193, 6.8143, 7.5532, 6.6501, 7.1427, 6.2396, 6.6501, 10.0983, 7.4711, 5.5828, 6.1575, 5.3365, 8.0458, 7.5532, 6.6501, 6.568, 6.2396, 8.21, 7.389, 5.8291, 6.0754, 7.9637, 5.0081, 4.2692, 4.8439, 3.7766, 2.9556, 7.7174, 7.2248, 4.926, 5.747, 61.0003],
      [14.0344, 6.7524, 10.8568, 8.606, 7.4144, 6.3552, 13.7696, 13.5048, 6.7524, 11.916, 9.5328, 13.5048, 11.7836, 12.578, 17.6092, 10.9892, 12.1808, 10.7244, 11.5188, 10.0624, 10.7244, 16.2852, 12.0484, 9.0032, 9.93, 8.606, 12.9752, 12.1808, 10.7244, 10.592, 10.0624, 13.24, 11.916, 9.4004, 9.7976, 12.8428, 8.0764, 6.8848, 7.8116, 6.0904, 4.7664, 12.4456, 11.6512, 7.944, 9.268, 98.3732],
      [29.4468, 14.1678, 22.7796, 18.057, 15.5568, 13.3344, 28.8912, 28.3356, 14.1678, 25.002, 20.0016, 28.3356, 24.7242, 26.391, 36.9474, 23.0574, 25.5576, 22.5018, 24.1686, 21.1128, 22.5018, 34.1694, 25.2798, 18.8904, 20.835, 18.057, 27.2244, 25.5576, 22.5018, 22.224, 21.1128, 27.78, 25.002, 19.7238, 20.5572, 26.9466, 16.9458, 14.4456, 16.3902, 12.7788, 10.0008, 26.1132, 24.4464, 16.668, 19.446, 206.4054],
      [47.647, 22.9245, 36.859, 29.2175, 25.172, 21.576, 46.748, 45.849, 22.9245, 40.455, 32.364, 45.849, 40.0055, 42.7025, 59.7835, 37.3085, 41.354, 36.4095, 39.1065, 34.162, 36.4095, 55.2885, 40.9045, 30.566, 33.7125, 29.2175, 44.051, 41.354, 36.4095, 35.96, 34.162, 44.95, 40.455, 31.9145, 33.263, 43.6015, 27.4195, 23.374, 26.5205, 20.677, 16.182, 42.253, 39.556, 26.97, 31.465, 333.9785],
      [0.2968, 0.1428, 0.2296, 0.182, 0.1568, 0.1344, 0.2912, 0.2856, 0.1428, 0.252, 0.2016, 0.2856, 0.2492, 0.266, 0.3724, 0.2324, 0.2576, 0.2268, 0.2436, 0.2128, 0.2268, 0.3444, 0.2548, 0.1904, 0.21, 0.182, 0.2744, 0.2576, 0.2268, 0.224, 0.2128, 0.28, 0.252, 0.1988, 0.2072, 0.2716, 0.1708, 0.1456, 0.1652, 0.1288, 0.1008, 0.2632, 0.2464, 0.168, 0.196, 2.0804]
    ]
  ],
  "V_est": [
    [78.57, 948.66, 448.14, 315.444, 138.128, 10.864],
    [105.4419, 264.2755, 1357.0614, 431.1581, 511.9164, 13.1467],
    [345.1277, 353.0465, 1170.0027, 1757.9736, 2959.6515, 13.198],
    [311.256, 255.057, 332.871, 3295.8552, 4438.8564, 12.1044],
    [240.648, 355.9856, 574.0864, 1204.5408, 1949.032, 12.1408]
  ],
  "p_est": [
    [0.0405, 0.489, 0.231, 0.1626, 0.0712, 0.0056],
    [0.0393, 0.0985, 0.5058, 0.1607, 0.1908, 0.0049],
    [0.0523, 0.0535, 0.1773, 0.2664, 0.4485, 0.002],
    [0.036, 0.0295, 0.0385, 0.3812, 0.5134, 0.0014],
    [0.0555, 0.0821, 0.1324, 0.2778, 0.4495, 0.0028]
  ],
  "EI_Z": {},
  "EI_V": 36.5165,
  "MAE_Z": {},
  "MAE_V": 589.2301,
  "MAE_p": 0.1084,
  "runtime": 130.954
}
