{
  "Z_true": {},
  "V_true": [
    [1096, 31, 141, 3294, 178],
    [5, 666, 1052, 136, 52],
    [236, 1027, 13539, 2562, 1036],
    [422, 51, 113, 11632, 375],
    [24, 20, 362, 368, 621],
    [77, 197, 424, 600, 1301]
  ],
  "p_true": [
    [0.2312, 0.0065, 0.0297, 0.6949, 0.0376],
    [0.0026, 0.3485, 0.5505, 0.0712, 0.0272],
    [0.0128, 0.0558, 0.7358, 0.1392, 0.0563],
    [0.0335, 0.004, 0.009, 0.9237, 0.0298],
    [0.0172, 0.0143, 0.2595, 0.2638, 0.4452],
    [0.0296, 0.0758, 0.1631, 0.2309, 0.5006]
  ],
  "Z_est": {},
  "V_est": [
    [809.6878, 0, 0, 3930.3122, 0],
    [60.4142, 1239.6913, 610.8944, 0, 0],
    [0, 481.4618, 15020.1056, 1743.4091, 1155.0235],
    [0, 0, 0, 12593, 0],
    [174.7209, 0, 0, 325.2787, 895.0004],
    [815.1771, 270.8468, 0, 0, 1512.9761]
  ],
  "p_est": [
    [0.1708, 0, 0, 0.8292, 0],
    [0.0316, 0.6487, 0.3197, 0, 0],
    [0, 0.0262, 0.8163, 0.0948, 0.0628],
    [0, 0, 0, 1, 0],
    [0.1252, 0, 0, 0.2332, 0.6416],
    [0.3137, 0.1042, 0, 0, 0.5821]
  ],
  "EI_Z": {},
  "EI_V": 12.6694,
  "MAE_Z": {},
  "MAE_V": 351.6845,
  "MAE_p": 0.0883,
  "runtime": 0.0894
}
