{
  "Z_true": {},
  "V_true": [
    [1425, 236, 523],
    [13147, 561, 633],
    [978, 16154, 316],
    [1154, 430, 557],
    [827, 1504, 543]
  ],
  "p_true": [
    [0.6525, 0.1081, 0.2395],
    [0.9167, 0.0391, 0.0441],
    [0.0561, 0.9258, 0.0181],
    [0.539, 0.2008, 0.2602],
    [0.2878, 0.5233, 0.1889]
  ],
  "Z_est": [
    [
      [15.703, 19.0729, 9.6445, 11.9802, 21.8484, 44.1194, 11.5802, 15.3516, 17.1351, 10.7545, 24.8481, 7.9427, 17.3604, 21.5963, 3.1885, 24.6428, 32.8205, 32.985, 21.921, 32.5264, 24.3554, 2.721, 27.526, 34.9591, 31.2513, 30.5902, 0, 4.7859, 3.8636, 0.5985, 10.3455, 33.9415, 11.6266, 22.2765, 31.0674, 32.2495, 52.628, 53.1202, 17.6871, 5.7267, 112.0535, 6.5109, 82.943, 18.1802],
      [6.4923, 6.961, 3.7346, 8.5526, 14.5507, 23.9319, 6.0564, 9.7779, 10.9935, 5.8699, 16.0267, 2.1399, 12.0995, 10.9424, 3.9868, 7.6741, 13.8336, 13.4379, 7.8277, 19.5375, 14.4582, 1.6088, 19.0999, 20.9438, 17.7483, 18.4908, 0, 3.2016, 2.7297, 0.2541, 9.2679, 21.4277, 10.318, 12.221, 21.1092, 19.3697, 31.8817, 27.2828, 7.1538, 2.4844, 64.9168, 1.7741, 38.3184, 7.5275],
      [6.8047, 11.9662, 3.621, 5.4672, 9.6009, 17.9486, 7.3634, 8.8705, 9.8715, 6.3755, 11.1252, 3.9174, 7.5401, 10.4613, 1.8247, 9.6831, 13.3459, 13.577, 13.2513, 17.9361, 9.1864, 2.6702, 14.3741, 21.097, 16.0004, 21.919, 0, 2.0125, 2.4067, 0.1474, 7.3865, 22.6308, 7.0553, 11.5025, 12.8234, 16.3808, 23.4903, 23.597, 8.159, 4.7889, 57.0298, 3.7151, 63.7385, 15.2923]
    ],
    [
      [279.936, 353.9961, 280.0764, 94.3573, 438.5762, 594.027, 201.4411, 274.8071, 553.8575, 186.1147, 465.7722, 203.3965, 90.4758, 188.4724, 26.5236, 319.3314, 306.3651, 221.7634, 180.4731, 475.5899, 186.7909, 56.0209, 439.7077, 418.2906, 333.364, 326.3556, 3.6291, 54.7567, 44.205, 10.2949, 231.3822, 148.1401, 93.3466, 271.5746, 340.6526, 322.4649, 368.3226, 338.7125, 96.1381, 360.944, 1421.1085, 82.7587, 710.3742, 90.2441],
      [8.5131, 9.8148, 8.1233, 5.0034, 21.8835, 24.1819, 7.7596, 12.9085, 26.3304, 7.4474, 22.4396, 2.93, 4.6693, 7.0306, 2.4674, 7.315, 9.6489, 6.7935, 4.6217, 21.1612, 8.3014, 2.4829, 22.7913, 18.5985, 13.9844, 14.7563, 0, 2.65, 2.2111, 0.2789, 15.269, 6.9391, 6.143, 10.9976, 17.4141, 14.3467, 16.6347, 12.9346, 2.8534, 12.3743, 61.2691, 1.6737, 25.4289, 2.912],
      [24.5509, 44.1891, 20.8003, 8.6393, 38.5403, 47.7911, 25.7992, 32.2845, 64.8122, 22.4379, 41.7882, 20.6735, 7.8549, 18.4971, 3.009, 25.3536, 24.9861, 18.4431, 21.9052, 53.2489, 13.9077, 10.4962, 46.501, 51.111, 34.6516, 46.888, 0.3709, 4.5933, 5.5838, 0.4261, 33.3489, 19.9207, 11.5104, 28.4278, 27.9332, 33.1884, 33.0427, 30.3529, 9.0085, 57.6817, 146.6224, 9.5675, 106.1969, 14.8439]
    ],
    [
      [17.9109, 31.6237, 21.3947, 14.1768, 36.4173, 38.7515, 11.8154, 15.3591, 27.1002, 8.9545, 34.0091, 7.2697, 10.627, 26.1347, 2.2136, 24.5169, 22.3812, 30.006, 14.0466, 36.0409, 23.7108, 5.6892, 40.833, 43.0871, 26.4031, 36.3431, 0.3834, 5.0723, 3.2442, 1.0712, 9.8738, 23.2202, 5.8833, 34.7906, 36.0007, 34.4785, 38.9956, 35.8795, 14.6636, 31.1743, 112.349, 8.3848, 65.6166, 19.6107],
      [200.9147, 308.3758, 222.6239, 275.5133, 643.9942, 554.8882, 167.1952, 266.6907, 469.3895, 134.0997, 583.504, 53.7924, 198.1745, 358.8087, 114.6391, 206.343, 253.9052, 332.3413, 135.4922, 584.0604, 366.8474, 85.2678, 767.6043, 693.9074, 405.1561, 579.998, 5.2518, 93.7706, 67.3579, 14.7969, 238.3572, 395.5213, 151.7814, 515.2706, 641.8945, 557.9593, 627.4189, 493.804, 164.3661, 346.0751, 1743.0577, 64.9474, 772.3129, 208.07],
      [4.1744, 10.0005, 3.9814, 3.3099, 7.5884, 7.3602, 3.9894, 4.9502, 8.5103, 2.9458, 7.487, 1.9379, 2.1985, 7.0565, 1.1473, 5.1401, 4.7135, 6.6527, 4.4611, 10.8986, 3.4418, 2.043, 11.5626, 14.0055, 7.4408, 12.6589, 0.3648, 1.1571, 1.3979, 0.1319, 3.7689, 8.2585, 2.3352, 9.9388, 6.1048, 9.5622, 8.5855, 8.3164, 3.9704, 10.7507, 30.5933, 2.6678, 21.0705, 6.3193]
    ],
    [
      [38.8634, 68.363, 41.0089, 12.9083, 66.7882, 75.3483, 29.8034, 55.2895, 100.9849, 32.4052, 76.5417, 24.9035, 23.331, 28.3917, 5.5442, 48.8435, 36.1649, 42.5761, 23.4564, 57.4234, 20.2652, 8.5119, 60.9869, 72.8626, 49.9814, 29.2623, 0, 3.4793, 3.419, 0.9208, 51.0697, 25.7978, 3.3238, 52.7615, 51.1551, 47.1164, 44.636, 44.4189, 28.0121, 52.693, 237.178, 5.5052, 88.6107, 7.0454],
      [2.9113, 4.5382, 2.8801, 1.6657, 8.0823, 7.4312, 2.8227, 6.3802, 11.7668, 3.1974, 8.97, 1.2005, 2.9384, 2.6078, 1.2312, 2.7597, 2.7667, 3.1492, 1.5167, 6.2662, 2.1818, 0.9034, 7.6909, 7.9317, 5.1523, 3.2133, 0, 0.416, 0.4297, 0.0654, 8.2816, 2.9534, 0.5309, 5.2528, 6.3163, 5.1391, 4.9139, 4.1442, 2.0466, 4.1624, 25.0031, 0.27, 7.4615, 0.5278],
      [1.2253, 3.0987, 1.111, 0.4259, 2.1296, 2.2205, 1.3739, 2.3303, 4.2483, 1.3974, 2.4882, 0.896, 0.7306, 1.0005, 0.2246, 1.3968, 1.0684, 1.2747, 1.0268, 2.3104, 0.5531, 0.5847, 2.3222, 3.2056, 1.8662, 1.5244, 0, 0.1047, 0.1513, 0.0138, 2.6487, 1.2488, 0.1454, 1.9857, 1.5286, 1.7445, 1.4502, 1.4369, 0.9413, 3.1446, 8.8189, 0.2247, 4.9278, 0.4268]
    ],
    [
      [13.5867, 36.9443, 16.8756, 12.5775, 25.3699, 38.7538, 21.3598, 11.1927, 26.9224, 11.771, 28.8288, 9.4875, 11.2058, 22.405, 2.5301, 29.6653, 26.2682, 26.6695, 16.1029, 41.4193, 18.8777, 6.057, 45.9464, 43.8006, 32.0002, 30.4488, 0.9875, 4.9058, 4.2682, 2.1146, 12.3288, 18.9004, 8.8197, 28.5967, 29.1242, 39.6906, 42.4178, 33.8688, 11.4991, 14.462, 92.311, 5.8404, 66.4555, 8.9197],
      [15.1685, 36.3102, 17.6381, 24.2649, 45.4892, 56.5668, 30.166, 19.2427, 46.5199, 17.3856, 50.0598, 6.9373, 21.1184, 30.6104, 8.6755, 24.9082, 29.8456, 29.2781, 15.5416, 66.9746, 30.2112, 9.737, 85.8137, 70.6185, 48.9589, 49.5415, 0.7482, 8.9618, 8.2715, 2.6047, 29.8242, 32.1585, 21.2267, 42.2581, 53.2659, 64.1853, 69.1508, 46.8344, 12.5801, 16.9038, 143.7533, 4.3347, 82.4783, 9.9626],
      [3.2448, 12.7455, 3.4864, 3.1576, 6.1409, 8.6795, 7.4741, 3.5646, 8.5577, 3.8434, 7.1114, 2.5751, 2.6758, 5.9846, 0.7944, 6.4265, 5.8862, 6.0524, 5.3556, 12.606, 3.9111, 3.2059, 13.24, 14.5809, 9.0409, 12.0097, 0.2643, 1.1324, 1.4603, 0.2807, 4.847, 6.9412, 2.9537, 8.1451, 6.61, 11.1241, 10.4313, 8.2968, 2.9208, 6.6342, 25.9357, 1.8249, 28.0662, 4.1177]
    ]
  ],
  "V_est": [
    [1048.0293, 578.0151, 557.9556],
    [12484.9321, 514.2879, 1341.78],
    [1087.5085, 16065.541, 294.9505],
    [1877.9527, 190.0707, 72.9766],
    [1032.5774, 1537.0853, 304.3373]
  ],
  "p_est": [
    [0.4799, 0.2647, 0.2555],
    [0.8706, 0.0359, 0.0936],
    [0.0623, 0.9208, 0.0169],
    [0.8771, 0.0888, 0.0341],
    [0.3593, 0.5348, 0.1059]
  ],
  "EI_Z": {},
  "EI_V": 5.5347,
  "MAE_Z": {},
  "MAE_V": 287.7166,
  "MAE_p": 0.0866,
  "runtime": 0.114
}
