{
  "X": [
    [9, 7, 29, 3],
    [96, 127, 309, 44],
    [144, 198, 607, 62],
    [162, 253, 872, 83],
    [5, 3, 20, 0],
    [49, 75, 213, 19],
    [49, 110, 212, 33],
    [111, 269, 556, 59],
    [123, 318, 626, 65],
    [93, 225, 362, 43],
    [100, 248, 403, 62],
    [103, 112, 486, 34],
    [160, 269, 387, 46],
    [192, 275, 583, 61],
    [69, 155, 330, 47],
    [79, 115, 400, 45],
    [138, 277, 533, 69],
    [89, 147, 494, 35],
    [5, 5, 4, 2],
    [8, 12, 28, 7],
    [42, 17, 88, 3],
    [0, 2, 21, 0],
    [2, 4, 19, 0],
    [115, 80, 464, 33],
    [53, 30, 396, 18],
    [136, 173, 797, 52],
    [96, 77, 471, 23],
    [99, 71, 586, 34],
    [28, 43, 229, 14],
    [90, 82, 260, 37],
    [257, 272, 577, 104],
    [222, 269, 807, 92],
    [90, 62, 419, 26],
    [166, 108, 604, 36],
    [11, 11, 25, 2],
    [7, 11, 30, 10],
    [14, 20, 53, 9],
    [86, 123, 268, 44],
    [191, 169, 550, 54],
    [58, 71, 196, 18],
    [91, 58, 247, 36],
    [17, 18, 42, 5],
    [2, 7, 10, 1],
    [3, 11, 13, 1],
    [59, 82, 180, 31],
    [0, 1, 5, 0],
    [66, 84, 277, 19],
    [427, 636, 2036, 190],
    [6, 8, 50, 4],
    [196, 218, 769, 56],
    [17, 32, 84, 8],
    [547, 635, 1813, 172],
    [121, 73, 230, 15]
  ],
  "W": [
    [9, 4, 32, 1, 2],
    [84, 125, 301, 39, 27],
    [122, 188, 602, 36, 63],
    [158, 250, 829, 59, 74],
    [3, 6, 15, 3, 1],
    [39, 71, 210, 19, 17],
    [50, 98, 215, 20, 21],
    [94, 237, 541, 66, 57],
    [121, 269, 619, 71, 52],
    [82, 204, 358, 39, 40],
    [85, 233, 366, 65, 64],
    [94, 108, 464, 31, 38],
    [132, 269, 371, 37, 53],
    [180, 266, 560, 45, 60],
    [73, 134, 322, 28, 44],
    [78, 115, 386, 19, 41],
    [134, 252, 522, 54, 55],
    [92, 123, 478, 39, 33],
    [7, 3, 4, 1, 1],
    [9, 9, 32, 1, 4],
    [29, 25, 90, 2, 4],
    [2, 0, 21, 0, 0],
    [1, 5, 19, 0, 0],
    [100, 65, 457, 22, 48],
    [36, 34, 400, 6, 21],
    [124, 176, 787, 25, 46],
    [81, 84, 457, 10, 35],
    [64, 68, 579, 28, 51],
    [20, 48, 224, 6, 16],
    [71, 78, 258, 23, 39],
    [258, 241, 593, 39, 79],
    [185, 278, 802, 38, 87],
    [68, 72, 408, 13, 36],
    [121, 121, 609, 25, 38],
    [8, 14, 23, 3, 1],
    [2, 11, 36, 3, 6],
    [9, 20, 56, 3, 8],
    [73, 124, 270, 18, 36],
    [183, 174, 542, 22, 43],
    [65, 62, 188, 13, 15],
    [78, 53, 253, 15, 33],
    [18, 14, 44, 0, 6],
    [4, 5, 9, 2, 0],
    [6, 8, 12, 1, 1],
    [53, 85, 171, 23, 20],
    [0, 1, 5, 0, 0],
    [48, 83, 278, 12, 25],
    [351, 573, 2020, 153, 192],
    [9, 7, 44, 5, 3],
    [182, 211, 766, 36, 44],
    [18, 29, 75, 10, 9],
    [483, 610, 1768, 98, 208],
    [112, 67, 229, 4, 27]
  ],
  "method": "mvn_pdf",
  "cond_prob": [
    [
      [0.71347387952, 0.20877603061, 0.023710975191, 0.054039114674],
      [0.03254539163, 0.91148205378, 0.020335482551, 0.03563707204],
      [0.063638879012, 0.016506466134, 0.89666077435, 0.023193880499],
      [0.0019509672226, 0.84130944426, 0.05942516867, 0.097314419846],
      [0.16539452287, 0.053921980311, 0.14359728944, 0.63708620738]
    ],
    [
      [0.7814386989, 0.10548891119, 0.046456946691, 0.066615443221],
      [0.082374460626, 0.74058432794, 0.084996034959, 0.092045176476],
      [0.048643472883, 0.0057044657728, 0.92773482354, 0.017917237807],
      [0.004124931622, 0.58446601686, 0.2078274843, 0.20358156722],
      [0.18236299755, 0.026272108908, 0.25244531815, 0.53891957539]
    ],
    [
      [0.75575497382, 0.14028652662, 0.049439279507, 0.054519220055],
      [0.065241066006, 0.79986462517, 0.073629486397, 0.061264822425],
      [0.045033648741, 0.0072188236068, 0.93378382822, 0.01396369943],
      [0.0034409810393, 0.66491868328, 0.18929282302, 0.14234751266],
      [0.19303958599, 0.038024557806, 0.29221928958, 0.47671656662]
    ],
    [
      [0.72021760064, 0.13780814069, 0.074672570302, 0.06730168837],
      [0.060305487084, 0.75879757895, 0.10768496063, 0.073211973336],
      [0.029152154926, 0.0048112489778, 0.95435080892, 0.01168578718],
      [0.0029432099075, 0.58362417653, 0.25610906019, 0.15732355338],
      [0.14735513694, 0.029891855644, 0.3529632231, 0.46978978432]
    ],
    [
      [0.90551244067, 0.0098875524381, 0.080619483435, 0.0039805234533],
      [0.20521125499, 0.27883666933, 0.49595092686, 0.02000114882],
      [0.016476232011, 0.00026807309946, 0.98271965081, 0.00053604408117],
      [0.0059152371872, 0.12400615514, 0.84297342102, 0.027105186646],
      [0.21260534537, 0.003596319994, 0.74518608626, 0.038612248375]
    ],
    [
      [0.77986177452, 0.12420585246, 0.048728454472, 0.047203918552],
      [0.072851886839, 0.78896468376, 0.079727094849, 0.058456334547],
      [0.04586971031, 0.0063892543815, 0.93562857372, 0.012112461591],
      [0.0038383873064, 0.65441251381, 0.20550732586, 0.13624177303],
      [0.20958979527, 0.035844468115, 0.30813498589, 0.44643075072]
    ],
    [
      [0.66106741554, 0.20222504511, 0.045300336846, 0.091407202499],
      [0.040678706513, 0.83679650743, 0.04853010249, 0.073994683568],
      [0.041579474786, 0.011048034724, 0.92248101302, 0.024891477474],
      [0.0021580596956, 0.69876104659, 0.12560257099, 0.17347832273],
      [0.12836541566, 0.041985421443, 0.20571072324, 0.62393843966]
    ],
    [
      [0.71364390625, 0.17888391886, 0.052718236604, 0.054753938286],
      [0.050452139963, 0.83476579986, 0.064351157028, 0.050430903145],
      [0.040048409875, 0.0086762045988, 0.93806335311, 0.013212032419],
      [0.0027171426344, 0.70881210336, 0.16888108583, 0.11958966817],
      [0.17849107741, 0.047513576966, 0.30525168792, 0.4687436577]
    ],
    [
      [0.66989397795, 0.21469012451, 0.052812233781, 0.062603663756],
      [0.040515076598, 0.85515936796, 0.055072601171, 0.049252954276],
      [0.037560302178, 0.010388874842, 0.93698129419, 0.015069528791],
      [0.0022050427946, 0.73379744935, 0.1459992561, 0.11799825176],
      [0.15727730603, 0.053473947687, 0.28667342057, 0.50257532572]
    ],
    [
      [0.71356313304, 0.18917406969, 0.044571126682, 0.05269167059],
      [0.048511806486, 0.85227667829, 0.052432328325, 0.046779186898],
      [0.046584531728, 0.01069133108, 0.92790106304, 0.01482307415],
      [0.0026797184502, 0.74229706398, 0.14118063449, 0.11384258308],
      [0.18970684285, 0.053484958281, 0.27500740164, 0.48180079723]
    ],
    [
      [0.72962800404, 0.15443338157, 0.058648283153, 0.057290331246],
      [0.057464893989, 0.8038012863, 0.07987970151, 0.058854118198],
      [0.036915523193, 0.0067656814567, 0.94383518332, 0.012483612032],
      [0.0029901970497, 0.65945034494, 0.20266321195, 0.13489624606],
      [0.17299931266, 0.038936110595, 0.32253436027, 0.46553021648]
    ],
    [
      [0.77024340148, 0.11263965515, 0.070151222411, 0.046965720955],
      [0.076360228559, 0.74247399201, 0.12033814222, 0.060827637214],
      [0.032853972844, 0.0041596853147, 0.9543489314, 0.0086374104447],
      [0.00375753667, 0.57520472451, 0.28906057161, 0.13197716721],
      [0.18625058373, 0.028968601228, 0.3942280844, 0.39055273064]
    ],
    [
      [0.79375953464, 0.13027198916, 0.039405868911, 0.036562607288],
      [0.075257278774, 0.81503980435, 0.064536846007, 0.045166070873],
      [0.058396531229, 0.0082915933718, 0.92173411503, 0.011577760367],
      [0.004164968491, 0.71158201148, 0.17415123647, 0.11010178356],
      [0.25640864083, 0.04468914101, 0.29486105434, 0.40404116382]
    ],
    [
      [0.76174576441, 0.13965209599, 0.051394867717, 0.047207271887],
      [0.066521197354, 0.80253321144, 0.07735540878, 0.05359018243],
      [0.043890771535, 0.0069459444515, 0.9374836843, 0.011679599712],
      [0.0035287390411, 0.67129383725, 0.20000114622, 0.12517627749],
      [0.2053458747, 0.039920689224, 0.32031230907, 0.434421127]
    ],
    [
      [0.6497608719, 0.21859186733, 0.055609500237, 0.076037760531],
      [0.037888726745, 0.84805633481, 0.056135089742, 0.057919848703],
      [0.034297155761, 0.0099789809651, 0.93842475612, 0.01729910715],
      [0.0020281616299, 0.71483269647, 0.14648673024, 0.13665241166],
      [0.13531924784, 0.04841288834, 0.26924746572, 0.5470203981]
    ],
    [
      [0.71058548137, 0.1454080424, 0.067818016053, 0.076188460175],
      [0.056564240851, 0.77075098856, 0.093441833377, 0.079242937209],
      [0.031113460931, 0.0055086830371, 0.94899683453, 0.014381021504],
      [0.0027946729785, 0.59916586841, 0.22530372788, 0.17273573073],
      [0.13999743071, 0.030477445716, 0.3107751626, 0.51874996098]
    ],
    [
      [0.706695615, 0.17720399026, 0.0506129352, 0.06548745954],
      [0.050090216868, 0.82764070002, 0.061875054425, 0.060394028684],
      [0.041136356841, 0.0089067491296, 0.9335834382, 0.016373455825],
      [0.0026681484151, 0.6950583832, 0.16059706675, 0.14167640163],
      [0.16408270441, 0.043661586283, 0.27183657118, 0.52041913813]
    ],
    [
      [0.69966045365, 0.17534062534, 0.069846911928, 0.055152009089],
      [0.049034583761, 0.81587289369, 0.084638106483, 0.050454416062],
      [0.029982690949, 0.0064953036804, 0.95334557776, 0.010176427611],
      [0.0025476106398, 0.66751137505, 0.21445119156, 0.11548982275],
      [0.15883957253, 0.042301710166, 0.36818242103, 0.43067629628]
    ],
    [
      [0.68556163055, 0.20778626878, 0.024112918392, 0.082539182274],
      [0.026705137809, 0.90335718759, 0.019427865954, 0.050509808646],
      [0.035735612761, 0.010743435828, 0.93079705586, 0.02272389555],
      [0.0015957907383, 0.79980897237, 0.055150729377, 0.14344450752],
      [0.081795670959, 0.030599021477, 0.079463446064, 0.8081418615]
    ],
    [
      [0.57228556671, 0.25608010195, 0.021439988405, 0.15019434294],
      [0.022965229736, 0.87564411983, 0.015934551606, 0.085456098827],
      [0.057131743778, 0.0224975862, 0.85127979815, 0.069090871873],
      [0.0012635398768, 0.74025403756, 0.042409346028, 0.21607307654],
      [0.065049459411, 0.032471257287, 0.061446463794, 0.84103281951]
    ],
    [
      [0.92741042831, 0.033112387838, 0.025682879491, 0.013794304359],
      [0.23294623685, 0.6028722537, 0.11641725972, 0.047764249736],
      [0.092412878619, 0.0029860521188, 0.89835969142, 0.0062413778447],
      [0.013187331738, 0.53734576924, 0.328066912, 0.12139998702],
      [0.44270636016, 0.017386267813, 0.29880981901, 0.24109755302]
    ],
    [
      [0.018665985143, 0.97525013398, 0.0056390748257, 0.00044480605083],
      [5.4360873955e-06, 0.99997398079, 2.0290738553e-05, 2.9238747505e-07],
      [0.0062684449815, 0.045265993382, 0.94754963285, 0.00091592878724],
      [3.5237943534e-09, 0.9999998547, 1.4176429738e-07, 1.3162953531e-11],
      [0.043051178138, 0.51723415535, 0.41875507648, 0.020959590028]
    ],
    [
      [0.88489745987, 0.05832316776, 0.050755619689, 0.0060237526761],
      [0.0644401251, 0.82590493052, 0.098132057978, 0.011522886402],
      [0.024433060554, 0.0021639053777, 0.97207321865, 0.001329815423],
      [0.0036976324531, 0.67465065128, 0.29504885097, 0.026602865305],
      [0.27540000469, 0.029358429574, 0.61260996587, 0.082631599859]
    ],
    [
      [0.790361435, 0.11533842129, 0.053937608679, 0.040362535036],
      [0.079441520419, 0.77382740149, 0.093769097752, 0.052961980337],
      [0.043243590473, 0.0054572887578, 0.94177210107, 0.0095270197023],
      [0.0041439252057, 0.63528276575, 0.2387467844, 0.12182652464],
      [0.22237538761, 0.034470426091, 0.35259618365, 0.39055800266]
    ],
    [
      [0.81430534782, 0.076772556733, 0.062287098495, 0.046634996956],
      [0.1045645949, 0.67698619861, 0.13939393637, 0.07905527012],
      [0.03842344648, 0.0031540499566, 0.94885325152, 0.0095692520407],
      [0.0049742735617, 0.50389211841, 0.32453347725, 0.16660013077],
      [0.20400664661, 0.020578433216, 0.36568118859, 0.40973373159]
    ],
    [
      [0.7403524942, 0.13439110514, 0.067325545027, 0.057930855628],
      [0.064214431996, 0.76973691889, 0.10066865781, 0.065379991299],
      [0.033029308193, 0.0051729869996, 0.95069809929, 0.011099605516],
      [0.0032145153682, 0.60693588084, 0.24566404574, 0.14418555805],
      [0.16735918518, 0.032224028348, 0.35209701186, 0.44831977462]
    ],
    [
      [0.79789929587, 0.096509186048, 0.068501254143, 0.037090263938],
      [0.089424642793, 0.72326189063, 0.13294483911, 0.054368627463],
      [0.034769125348, 0.0036422338501, 0.95460720748, 0.0069814333245],
      [0.0043925712312, 0.55874693941, 0.31903603136, 0.117824458],
      [0.21148555164, 0.02720826958, 0.42267566775, 0.33863051103]
    ],
    [
      [0.82844505237, 0.079094481558, 0.055488442256, 0.036972023819],
      [0.10948151566, 0.69955056476, 0.12702483293, 0.063943086653],
      [0.044204335748, 0.0036598073529, 0.94361590614, 0.0085199507623],
      [0.0054366789891, 0.54653520157, 0.30795221974, 0.1400758997],
      [0.23850659632, 0.024245663772, 0.37119173765, 0.36605600226]
    ],
    [
      [0.75912285602, 0.11646790384, 0.072109751584, 0.052299488554],
      [0.070247835825, 0.74783920546, 0.11734809625, 0.064564862463],
      [0.030625219027, 0.0041146822179, 0.95601405854, 0.0092460402105],
      [0.0034450331609, 0.57419733764, 0.28205949607, 0.14029813313],
      [0.17041743061, 0.028160061122, 0.38356254885, 0.41785995942]
    ],
    [
      [0.81751116752, 0.094896634863, 0.037943650734, 0.049648546886],
      [0.096179375481, 0.7494975421, 0.077626541872, 0.076696540545],
      [0.061253973304, 0.006185172049, 0.91643470451, 0.016126150141],
      [0.0050395894428, 0.61859280783, 0.19876285263, 0.17760475009],
      [0.23170947091, 0.028713639634, 0.25096386473, 0.48861302473]
    ],
    [
      [0.74247543058, 0.14973698645, 0.035126885498, 0.072660697469],
      [0.061217944597, 0.81118718786, 0.049845132088, 0.077749735458],
      [0.060447384735, 0.010507398048, 0.90368028303, 0.025364934191],
      [0.0032728415095, 0.68383967465, 0.12981068083, 0.18307680301],
      [0.1770843176, 0.037828488266, 0.19332783523, 0.5917593589]
    ],
    [
      [0.77737976833, 0.11959359376, 0.046472794662, 0.056553843245],
      [0.07640773557, 0.7727512214, 0.078648940411, 0.072192102619],
      [0.049216940925, 0.0065305608949, 0.92889211143, 0.015360386749],
      [0.0039647850642, 0.63221306869, 0.19885816977, 0.16496397648],
      [0.19903559632, 0.032452308586, 0.2746983653, 0.49381372979]
    ],
    [
      [0.82755234944, 0.073595096354, 0.060282080572, 0.038570473633],
      [0.11305436398, 0.67492877727, 0.14291834305, 0.0690985157],
      [0.040576762476, 0.0031343365091, 0.94810184951, 0.0081870515053],
      [0.0054444936334, 0.5110478728, 0.3365135703, 0.14699406327],
      [0.2270490363, 0.021529693764, 0.38568261579, 0.36573865415]
    ],
    [
      [0.85762401832, 0.067270239325, 0.042151933857, 0.032953808499],
      [0.13236892567, 0.68881345326, 0.11243101917, 0.066386601902],
      [0.059309088737, 0.0040276397499, 0.92684317547, 0.0098200960432],
      [0.0068221160711, 0.55942959027, 0.28282162365, 0.15092667],
      [0.28239902095, 0.023548258701, 0.32176267818, 0.37229004217]
    ],
    [
      [0.90221265629, 0.042656100673, 0.036026794947, 0.019104448085],
      [0.1597502886, 0.65459891263, 0.13133830261, 0.05431249616],
      [0.05209716816, 0.002544890368, 0.93964204919, 0.0057158922809],
      [0.0080674749568, 0.5211436374, 0.34376891761, 0.12701997004],
      [0.32181755826, 0.018703618266, 0.36096713541, 0.29851168807]
    ],
    [
      [0.76647692568, 0.08189143936, 0.013287741442, 0.13834389352],
      [0.071600866429, 0.70186191886, 0.024884915402, 0.20165229931],
      [0.11097773209, 0.011671265179, 0.77892130243, 0.098429700296],
      [0.0033004393637, 0.50343099804, 0.056654668459, 0.43661389414],
      [0.094531757383, 0.012492218774, 0.042975482039, 0.8500005418]
    ],
    [
      [0.79094349017, 0.11792643201, 0.028270326889, 0.062859750939],
      [0.069830559869, 0.80554329958, 0.046184759854, 0.078441380701],
      [0.068683821654, 0.0093495065646, 0.89677757723, 0.025189094556],
      [0.0037758870542, 0.68150848805, 0.12321404386, 0.19150158104],
      [0.19100662191, 0.031957227362, 0.16972430357, 0.60731184716]
    ],
    [
      [0.76181575896, 0.13081228115, 0.038978418576, 0.068393541317],
      [0.068831399522, 0.78909455542, 0.061112574445, 0.080961470614],
      [0.05562331657, 0.0082880794452, 0.91450379676, 0.021584807228],
      [0.0036111959507, 0.65229066882, 0.1564927803, 0.18760535493],
      [0.182095302, 0.03333556592, 0.21695446019, 0.56761467189]
    ],
    [
      [0.78412313, 0.11066692208, 0.051005009178, 0.05420493874],
      [0.081096393802, 0.75502434183, 0.090953480379, 0.072925783991],
      [0.045335289549, 0.0055239274915, 0.9356770305, 0.013463752457],
      [0.0041312185939, 0.60615304712, 0.22596636403, 0.16374937025],
      [0.19908118537, 0.029805648614, 0.29968884599, 0.47142432002]
    ],
    [
      [0.71532102823, 0.16300062283, 0.064660612155, 0.057017736785],
      [0.052572147816, 0.8094906131, 0.082791272147, 0.055145966938],
      [0.032230196806, 0.0063812391318, 0.95024102772, 0.011147536339],
      [0.0027290159149, 0.66053211098, 0.21021939766, 0.12651947544],
      [0.16219559921, 0.039469389389, 0.34450164766, 0.45383336373]
    ],
    [
      [0.80901960637, 0.093929334494, 0.035673793969, 0.06137726517],
      [0.094484054422, 0.7390246505, 0.072405438656, 0.094085856421],
      [0.06379535989, 0.0064344179358, 0.9087933923, 0.020976829877],
      [0.0048640009498, 0.59856518979, 0.18220200272, 0.21436880654],
      [0.20823638241, 0.025794269458, 0.21435100616, 0.55161834197]
    ],
    [
      [0.69412766671, 0.23398422584, 0.030090015157, 0.041798092285],
      [0.034904812664, 0.90917669655, 0.027239335903, 0.028679154881],
      [0.056548946409, 0.016705242331, 0.91120092568, 0.015544885576],
      [0.0020698499579, 0.84304017548, 0.079133729514, 0.075756245049],
      [0.20766838662, 0.075538969991, 0.22325774456, 0.49353489882]
    ],
    [
      [0.52016908474, 0.31988656293, 0.092189671026, 0.067754681297],
      [0.013207431815, 0.90480867607, 0.05207639747, 0.029907494642],
      [0.0084119764633, 0.0053061201048, 0.98060827681, 0.0056736266235],
      [0.00078687247859, 0.76911776495, 0.15271796088, 0.077377401686],
      [0.055827585155, 0.048870865678, 0.3405851608, 0.55471638837]
    ],
    [
      [0.45657274434, 0.43545321758, 0.067112277671, 0.040861760411],
      [0.010451245747, 0.94536115499, 0.030242340153, 0.01394525911],
      [0.012716871087, 0.011101911747, 0.9706186632, 0.0055625539682],
      [0.00064499536853, 0.87197285503, 0.090690842009, 0.036691307588],
      [0.09087056473, 0.10046352022, 0.39953055553, 0.40913535952]
    ],
    [
      [0.77122877879, 0.10418162356, 0.050040343509, 0.07454925414],
      [0.07984817908, 0.72757305982, 0.090593741982, 0.10198501912],
      [0.044053178273, 0.0052034313569, 0.93221536692, 0.018528023454],
      [0.0038975504134, 0.55918816866, 0.21640984849, 0.22050443244],
      [0.16466545009, 0.02388663812, 0.25099448948, 0.56045342231]
    ],
    [
      [0.77899669326, 0.11729251317, 0.048842691489, 0.05486810208],
      [3.1956349041e-09, 0.99999990123, 9.5563391075e-08, 1.4286426168e-11],
      [0.0016531977363, 0.00045026851506, 0.99786642707, 3.0106674716e-05],
      [0.0016928482967, 0.73336271363, 0.14866036802, 0.11628407005],
      [0.13111889151, 0.031763868173, 0.3417620564, 0.49535518393]
    ],
    [
      [0.79965946476, 0.12220441873, 0.043051368901, 0.035084747608],
      [0.07784857615, 0.8041194459, 0.073027840327, 0.045004137622],
      [0.053356372139, 0.0070969883289, 0.92937229588, 0.010174343649],
      [0.0042542076664, 0.69209801393, 0.19503973366, 0.10860804474],
      [0.25314058624, 0.041325990105, 0.3189305008, 0.38660292285]
    ],
    [
      [0.75098463507, 0.144861193, 0.050789325179, 0.053364846754],
      [0.063738613792, 0.80358930119, 0.074026865467, 0.058645219548],
      [0.044078857342, 0.007318238372, 0.93520258658, 0.013400317708],
      [0.0033684345074, 0.66984862126, 0.19045934776, 0.13632359647],
      [0.19345819378, 0.039472900267, 0.30107050241, 0.46599840354]
    ],
    [
      [0.64790650757, 0.11143889584, 0.15955384472, 0.08110075188],
      [0.046547502324, 0.65101151861, 0.21764249692, 0.084798482147],
      [0.010231617265, 0.0016357304129, 0.98214061681, 0.0059920355108],
      [0.0018916058483, 0.39615979957, 0.44595868381, 0.15598991077],
      [0.076414467244, 0.015208253393, 0.50339026581, 0.40498701355]
    ],
    [
      [0.76699756878, 0.12892792014, 0.053654884401, 0.05041962668],
      [0.070774836955, 0.78345772949, 0.085291293305, 0.060476140252],
      [0.042463702131, 0.0061574101072, 0.93939826157, 0.011980626188],
      [0.0036783150259, 0.64183518531, 0.2160508643, 0.13843563536],
      [0.19837424628, 0.035351694316, 0.32070437015, 0.44556968925]
    ],
    [
      [0.7113948734, 0.14889177699, 0.086998389525, 0.052714960084],
      [0.052034752362, 0.78070011359, 0.11463155713, 0.052633576924],
      [0.02273036724, 0.0042514924485, 0.96547072184, 0.0075474184734],
      [0.0025706839575, 0.60262103976, 0.27932452126, 0.11548375503],
      [0.14378965308, 0.032987940102, 0.43065931817, 0.39256308864]
    ],
    [
      [0.77537340216, 0.13117668754, 0.049524050133, 0.043925860164],
      [0.072030756575, 0.79615853032, 0.078991751221, 0.052818961883],
      [0.046668383745, 0.006794721684, 0.93522675538, 0.011310139191],
      [0.0038315027464, 0.66801436166, 0.204575231, 0.1235789046],
      [0.21891175756, 0.039165354687, 0.32173428572, 0.42018860203]
    ],
    [
      [0.82492016009, 0.11222955757, 0.037053555225, 0.025796727122],
      [0.088408343767, 0.80660382901, 0.068829532283, 0.036158294936],
      [0.063399925408, 0.0074708615895, 0.92054190638, 0.0085873066246],
      [0.0049787213977, 0.71568328438, 0.1894808351, 0.089857159122],
      [0.30543853873, 0.044165785637, 0.32030536693, 0.33009030871]
    ]
  ],
  "expected_outcome": [
    [
      [6.4212649157, 65.6408507076, 92.2021068062, 113.794380901, 2.716537322, 30.4146092061, 33.0533707772, 67.0825271873, 81.0571713322, 58.5121769094, 62.018380343, 72.4028797391, 104.7762585723, 137.1142375935, 47.4325436488, 55.425667547, 94.6972124103, 64.3687617355, 4.7989314139, 5.1505701004, 26.894902421, 0.037331970286, 0.88489745987, 79.0361434998, 29.3149925214, 91.8037092809, 64.6298429655, 53.0204833514, 15.1824571204, 58.0432928936, 191.5586610907, 143.8152571413, 56.273559762, 103.7725062166, 7.2177012504, 1.5329538514, 7.1184914115, 55.612550404, 143.4945327905, 46.4958668348, 63.1035292967, 12.4942980009, 2.080676339, 2.739436466, 40.8751252759, 0, 38.3836543086, 263.5956069094, 5.8311585681, 139.5935575183, 12.8051077213, 374.5053532436, 92.3910579296],
      [1.8789842755, 8.8610685398, 17.1149562472, 21.7736862289, 0.029662657314, 4.8440282459, 10.1112522556, 16.815088373, 25.9775050659, 15.5122737143, 13.1268374331, 10.5881275845, 17.1959025693, 25.1373772779, 15.9572063151, 11.3418273073, 23.7453346945, 16.1313375309, 1.4545038815, 2.3047209175, 0.96025924729, 1.950500268, 0.05832316776, 11.5338421287, 2.7638120424, 16.6644970379, 7.8172440699, 5.0620468197, 2.3293580769, 6.7376610753, 38.6321425039, 22.1248148458, 5.0044665521, 8.1396989583, 0.34124880539, 0.16378287872, 1.0613378881, 9.5492965238, 20.2520467405, 10.595040484, 7.3264880905, 4.2117160652, 1.2795462517, 2.6127193055, 5.5216260487, 0, 5.865812099, 50.8462787422, 1.0029500625, 23.4648814651, 2.6800519858, 63.358340083, 12.5697104476],
      [0.21339877672, 3.902383522, 6.0315920999, 11.7982661077, 0.2418584503, 1.9004097244, 2.2650168423, 4.9555142408, 6.3902802875, 3.6548323879, 4.985104068, 6.5942149066, 5.2015746963, 9.251076189, 4.0594935173, 5.2898052521, 6.7821333168, 6.4259158974, 0.16879042875, 0.19295989565, 0.74480350525, 0.011278149651, 0.050755619689, 5.3937608679, 2.2423355458, 8.3483675834, 5.5486015856, 3.5512603044, 1.4421950317, 2.6939992021, 9.0627364584, 8.5974670125, 4.0991814789, 5.1003839967, 0.28821435957, 0.026575482883, 0.254432942, 2.845424556, 9.3339166796, 4.2029397901, 2.7825559296, 0.54162027282, 0.3687586841, 0.40267366602, 2.652138206, 0, 2.0664657072, 17.8270531379, 1.4359846024, 9.7651889609, 1.5659710115, 23.9201162141, 4.1499981852],
      [0.48635203206, 5.5956972306, 6.6513448467, 10.6336667625, 0.01194157036, 1.8409528235, 4.570360125, 5.1468701989, 7.5750433144, 4.3207169884, 4.8696781559, 4.4147777698, 4.8262641621, 8.4973089396, 5.5507565188, 5.9426998936, 8.7753195784, 5.0739848362, 0.57777427591, 1.3517490864, 0.40003482641, 0.00088961210166, 0.0060237526761, 4.0362535036, 1.6788598904, 7.1834260979, 3.004311379, 2.3662095244, 1.0459897711, 3.5250468289, 18.746459947, 10.4624610003, 2.6227922071, 3.9874108284, 0.15283558468, 0.27668778703, 0.56573775846, 4.9927285161, 9.9195037894, 3.706152891, 4.7874266832, 0.75236566114, 0.27101872519, 0.24517056247, 3.9511104694, 0, 1.6840678852, 18.7310612105, 0.72990676692, 9.1763720557, 0.94886928151, 21.2161904593, 2.8892334377]
    ],
    [
      [0.13018156652, 10.2968075783, 12.2653204092, 15.0763717709, 1.2312675299, 5.1724839655, 3.9865132383, 11.9571571713, 10.898555605, 9.8964085231, 13.3893202994, 8.2469046844, 20.2442079903, 17.694638496, 5.0770893838, 6.5048876978, 12.6227346508, 6.0312538026, 0.080115413426, 0.20668706763, 5.8236559212, 0, 0.3222006255, 5.1636988272, 3.5551962265, 11.3017400313, 7.5116699946, 7.4447430648, 3.3718961196, 7.5019912875, 14.7535246478, 21.2413504886, 8.1399142066, 16.0166400059, 2.2365040404, 0.78760953072, 1.3966111974, 8.5350935407, 14.1107725215, 3.2594731646, 5.0076548844, 0.4886673773, 0.066037159074, 0.083609965977, 6.7870952218, 3.1956349041e-09, 6.4614318205, 36.5222257026, 0.32583251627, 14.9334905975, 1.5090078185, 43.9387615108, 5.9233590324],
      [3.6459282151, 92.5730409924, 150.3745495323, 189.6993947369, 1.673020016, 56.0164925473, 82.006057728, 197.8394945678, 230.0378699799, 173.8644423714, 187.2856997084, 80.1871911373, 219.2457073689, 213.4738342421, 113.6395488645, 88.6363636848, 208.5654564057, 100.3523659244, 2.7100715628, 7.8807970785, 15.0718063424, 0, 4.1295246526, 50.298781097, 23.0175307527, 135.473697725, 60.753998813, 47.5694384035, 35.8962818621, 58.4608082839, 195.4961122737, 214.8248395491, 48.5948719633, 83.3464278447, 9.1643847768, 7.7204811075, 16.1108659915, 97.8477248719, 131.3742354782, 50.1884180122, 39.1683064765, 12.7284737517, 4.5240433804, 7.5628892399, 61.8437100845, 0.99999990123, 66.7419140097, 460.4566695839, 4.5570806303, 165.3095809221, 22.640303294, 485.6567034958, 54.042456544],
      [0.081341930203, 10.6245043698, 13.8423434425, 26.9212401583, 2.9757055612, 5.6606237343, 4.755950044, 15.2512242156, 14.8145297149, 10.6961949782, 18.6119704519, 12.9965193592, 17.3604115759, 20.5765387356, 7.5221020255, 10.7458108383, 15.5925137151, 10.4104870974, 0.058283597861, 0.14341096445, 2.910431493, 0, 0.49066028989, 6.0949913539, 4.7393938366, 17.7176837752, 11.1673664856, 8.6376886392, 5.63270862, 6.054870266, 12.0126768331, 21.8644054341, 10.2901206997, 13.6041533192, 1.8387362366, 0.27373406942, 0.92369519707, 7.5779592312, 15.8259055859, 5.1330588731, 3.8374882488, 0.38135070264, 0.26038198735, 0.24193872122, 7.7004680685, 9.5563391075e-08, 6.0613107472, 42.4173939127, 1.5234974784, 17.9964628873, 3.3243151567, 48.1849682448, 4.611578663],
      [0.14254828816, 11.5056470595, 11.5177866159, 18.3029933339, 0.12000689292, 4.1503997529, 7.2514789897, 11.9521240453, 13.2490447002, 9.5429541272, 13.7130095402, 6.5693848192, 12.1496730649, 14.2549885263, 7.7612597262, 9.1129377791, 15.2192952284, 6.2058931756, 0.15152942594, 0.76910488945, 1.1941062434, 0, 0.057614432009, 3.4425287219, 2.6878791841, 11.5068784686, 4.5669647069, 4.3481298924, 3.0991133982, 5.9823301625, 18.7376862455, 20.0694045281, 4.9750931304, 8.0327788302, 0.76037494624, 2.2181752924, 1.568827614, 10.0392223562, 12.6890864144, 3.4190499501, 4.9865503903, 0.40150816834, 0.14953747321, 0.11156207288, 8.6687266252, 1.4286426168e-11, 3.7353434227, 33.6037108008, 0.59358937503, 12.7604655931, 1.5263737308, 32.2195667485, 2.4226057607]
    ],
    [
      [2.0364441284, 14.6416853379, 27.1102565421, 24.1671364334, 0.24714348016, 9.6326391651, 8.939587079, 21.6661897422, 23.2498270482, 16.6772623586, 13.5110814887, 15.2442433998, 21.6651130859, 24.5788320598, 11.0436841552, 12.0097959194, 21.4731782712, 14.3317262737, 0.14294245104, 1.8282158009, 8.3171590757, 0.13163734461, 0.46422815052, 19.7623208464, 15.3693785921, 25.9940655479, 15.8894902843, 25.594310398, 6.860049062, 15.8035251124, 35.8452991476, 39.471986622, 16.55531909, 36.1192350406, 1.1982348677, 3.9951983554, 3.8462940126, 15.0182954738, 24.5717269356, 6.0592769996, 16.1402260522, 2.488153642, 0.07570778817, 0.15260245305, 7.5330934847, 0.0082659886814, 14.8330714546, 89.0392918314, 0.45019115964, 32.5271958327, 1.704777543, 82.5097024605, 14.5185829184],
      [0.5282069163, 1.7170441976, 4.3457318113, 3.9885254026, 0.0040210964919, 1.3417434201, 2.3753274656, 4.6938266879, 6.4307135274, 3.8274965266, 2.4762394132, 1.930093986, 3.0761811409, 3.8897288928, 3.2132318708, 2.1263516523, 4.6493230456, 3.1047551592, 0.042973743314, 0.71992275839, 0.26874469069, 0.95058586103, 0.041114202176, 2.4939809623, 1.2616199827, 4.0711407687, 1.6645008695, 2.1190284573, 0.9216888168, 1.5957743886, 6.2308870425, 5.2375098377, 1.2788092957, 2.4528326077, 0.058532478463, 0.42016554644, 0.52357236762, 2.2377814502, 2.9939687004, 1.1996729568, 1.6279077378, 0.73503066257, 0.047755080943, 0.13322294097, 0.88978676203, 0.0022513425753, 1.9729627554, 14.7828415115, 0.071972138166, 4.7165761421, 0.31886193364, 12.0130679372, 1.710827304],
      [28.6931447793, 279.2481818846, 562.1378645895, 791.1568205914, 14.7407947621, 196.4820004808, 198.3334177984, 507.4922740311, 579.991421103, 332.188580569, 345.4436770944, 442.8179041679, 341.9633566769, 524.9908632089, 302.1727714718, 366.3127781277, 487.3305547425, 455.6991861689, 3.7231882234, 27.2409535408, 80.8523722276, 19.8985422898, 18.4693911543, 430.3898501874, 379.5413006089, 748.1994041427, 436.255493817, 546.3536096533, 214.147149114, 236.4401537626, 535.8824078347, 744.9714733673, 386.8255546001, 564.4474938614, 21.6117671314, 28.0411668875, 50.2195443247, 246.9160251245, 507.1369505325, 178.645313212, 229.9247282513, 40.0928407301, 8.8254744913, 11.6474239584, 159.4088277427, 4.9893321354, 258.3654982557, 1889.1092248879, 43.2141871397, 719.5790683651, 72.4103041379, 1653.4809035123, 210.8040965605],
      [0.74220417598, 5.3930885799, 8.4061470571, 9.6875175726, 0.0080406612175, 2.5436169341, 5.351667657, 7.1477095388, 9.3280383214, 5.3066605458, 4.5690020037, 4.0077584464, 4.2953490962, 6.5405758385, 5.5703125022, 5.5510743005, 8.5469439406, 4.8643323981, 0.090895582199, 2.2109078999, 0.56172400602, 0.019234504532, 0.025266493037, 4.3538480039, 3.8277008163, 8.7353895407, 3.1905150293, 4.9330514914, 2.0711130072, 4.1605467363, 15.0414059752, 12.3190301729, 3.3403170142, 5.9804384903, 0.13146552246, 3.5434692106, 1.4105892951, 5.8278979514, 7.2973538315, 2.0957368317, 5.3071379588, 0.68397496536, 0.051062639611, 0.066750647619, 3.1682920106, 0.00015053337358, 2.8284675343, 27.0686417692, 0.26364956247, 9.1771596601, 0.5660563855, 19.9963260899, 1.966493217]
    ],
    [
      [0.0019509672226, 0.16087233326, 0.12387531741, 0.17364938454, 0.017745711562, 0.072929358822, 0.043161193911, 0.17933141387, 0.15655803841, 0.10450901956, 0.19436280823, 0.11648363677, 0.15410383417, 0.15879325685, 0.056788525639, 0.053098786591, 0.14408001442, 0.099356814952, 0.0015957907383, 0.0012635398768, 0.026374663475, 0, 0, 0.091166354526, 0.02984564137, 0.080362884205, 0.043925712312, 0.1522270117, 0.020670198966, 0.11591055718, 0.12764081887, 0.15066183244, 0.070778417234, 0.17055290178, 0.02420242487, 0.0099013180911, 0.011327661162, 0.065001527112, 0.090886809065, 0.035477206894, 0.072960014247, 0, 0.0015737449572, 0.00064499536853, 0.089643659508, 0, 0.051050491997, 0.51537047963, 0.0094580292417, 0.13241934093, 0.025706839575, 0.37548726915, 0.019914885591],
      [0.84130944426, 22.7941746574, 23.937072598, 34.4338264151, 0.37201846543, 12.4338377623, 13.9752209318, 46.781598822, 52.099618904, 28.9495854953, 42.8642724211, 17.8313464597, 26.3285344249, 30.2082226762, 20.0153155012, 11.3841514998, 37.5331526928, 26.0329436271, 0.79980897237, 0.74025403756, 1.0746915385, 0, 0, 13.9762208466, 3.0233527105, 15.1733970211, 5.5874693941, 15.3029856439, 3.4451840259, 14.2276345802, 26.6697473114, 24.0240966102, 6.6436223464, 13.9857397568, 1.5634309122, 1.5102929941, 2.0445254641, 11.7412320387, 13.3353670367, 8.5869174427, 8.9784778469, 0, 1.5382355299, 0.87197285503, 12.8613278792, 0, 8.3051761671, 102.4868390526, 1.9807989978, 23.1060666712, 6.0262103976, 65.4654074423, 2.8627331375],
      [0.05942516867, 8.1052718878, 6.8145416288, 15.110434551, 2.5289202631, 3.9046391912, 2.5120514197, 11.1461516648, 10.3659471829, 5.5060447452, 13.1731087767, 8.9608777199, 6.4435957494, 9.00005158, 4.1016284467, 4.2807708297, 8.6722416046, 8.3635964707, 0.055150729377, 0.042409346028, 0.656133824, 0, 0, 5.2524292569, 1.9472008635, 6.1416011434, 3.1903603136, 8.6226621528, 1.6923569764, 4.5715456105, 5.0626165524, 7.5566104513, 4.3746764139, 7.0705405913, 1.0313067528, 0.16996400538, 0.36964213158, 2.8168700454, 4.9712600087, 2.7328521696, 2.7330300407, 0, 0.30543592177, 0.090690842009, 4.9774265152, 0, 2.3404768039, 29.1402802075, 2.229793419, 7.7778311149, 2.7932452126, 20.0483726379, 0.75792334041],
      [0.097314419846, 7.9396811216, 5.1245104558, 9.2820896494, 0.081315559937, 2.5885936876, 3.4695664545, 7.8929180994, 8.3778758747, 4.4398607399, 8.768255994, 4.0912921836, 4.0737659915, 5.6329324869, 3.8262675264, 3.2819788839, 7.6505256882, 4.5041030873, 0.14344450752, 0.21607307654, 0.24279997405, 0, 0, 2.680183542, 0.99960078465, 3.6046389513, 1.17824458, 3.9221251915, 0.84178879878, 4.0849092521, 7.1399953174, 6.2686311061, 1.9109228225, 3.7731667501, 0.38105991011, 1.3098416824, 0.57450474311, 3.3768963888, 3.6024861455, 1.6447531807, 3.2155320981, 0, 0.15475480337, 0.036691307588, 5.0716019461, 0, 1.3032965369, 20.8575102603, 0.77994955386, 4.983682873, 1.1548375503, 12.1107326506, 0.35942863649]
    ],
    [
      [0.33078904573, 4.923800934, 12.1614939171, 10.9042801333, 0.21260534537, 3.5630265196, 2.6956737288, 10.1739914125, 8.1784199134, 7.5882737139, 11.0719560105, 7.0775221817, 13.5896579641, 12.3207524822, 5.9540469048, 5.7398946589, 9.0245487424, 5.2417058934, 0.081795670959, 0.26019783764, 1.7708254406, 0, 0, 10.6740186052, 4.2841395789, 7.6985225181, 7.4019943075, 12.1638364124, 2.7266788897, 9.0366693653, 13.9896610905, 17.3160968802, 8.1737653067, 10.7311627961, 0.32181755826, 0.5671905443, 1.5280529753, 6.5554308719, 8.560490971, 2.4329339882, 6.8718006194, 1.2460103197, 0, 0.09087056473, 3.2933090018, 0, 6.3285146559, 37.1439732061, 0.22924340173, 8.7284668364, 1.2941068777, 45.5336455732, 8.2468405456],
      [0.10784396062, 0.70934694051, 2.3955471418, 2.2119973176, 0.003596319994, 0.60935595795, 0.88169385029, 2.708273887, 2.7806452797, 2.1393983313, 2.4919110781, 1.1008068467, 2.3685244736, 2.3952413534, 2.130167087, 1.2495752744, 2.4013872456, 1.3959564355, 0.030599021477, 0.12988502915, 0.069545071251, 0, 0, 1.6545804524, 0.43214709753, 1.482305304, 0.9522894353, 1.2365288524, 0.45056097795, 1.1198319457, 2.988450573, 2.823350847, 0.7750689755, 0.89483383063, 0.018703618266, 0.074953312647, 0.2556578189, 1.2000803731, 1.2816428904, 0.59204084083, 0.85121089212, 0.45323381994, 0, 0.10046352022, 0.47773276241, 0, 1.0331497526, 7.5787968512, 0.045624760178, 1.5554745499, 0.29689146092, 8.1463937748, 1.1924762122],
      [0.28719457887, 6.8160235899, 18.4098152438, 26.1192785093, 0.74518608626, 5.2382947602, 4.3199251881, 17.3993462113, 14.9070178694, 11.0002960656, 20.642199057, 14.9806672073, 15.6276358799, 19.2187385443, 11.8468884917, 12.7417816666, 14.951011415, 12.150019894, 0.079463446064, 0.24578585518, 1.195239276, 0, 0, 16.924616815, 7.6793049603, 16.1964625453, 14.7936483711, 18.9307786201, 6.1370007817, 9.7875907246, 15.2728989833, 23.8987577807, 13.8845741685, 12.2269817707, 0.36096713541, 0.25785289223, 1.3577944285, 7.8103605669, 12.8866203777, 5.167524715, 7.0735832034, 1.3395464674, 0, 0.39953055553, 5.0198897896, 0, 7.9732625201, 57.8055364631, 1.5101707974, 14.1109922868, 3.8759338636, 66.9207314288, 8.648244907],
      [1.2741724148, 14.5508285356, 30.0331436973, 34.7644440398, 0.038612248375, 7.5893227622, 13.1027072328, 26.7183884891, 26.1339169374, 19.2720318893, 29.7939338544, 14.8410037643, 21.4141816824, 26.0652676201, 24.0688975165, 21.2687484001, 28.623052597, 14.2123177771, 0.8081418615, 3.364131278, 0.96439021208, 0, 0, 18.7467841275, 8.6044083633, 20.6227096325, 11.8520678861, 18.6688561151, 6.6857593507, 19.0559079644, 46.7489893532, 42.9617944921, 13.1665915493, 14.1470216026, 0.29851168807, 5.1000032508, 4.8584947773, 20.4341281881, 20.2712457609, 6.807500456, 18.2034052851, 2.9612093929, 0, 0.40913535952, 11.2090684462, 0, 9.6650730714, 89.4716934795, 1.2149610407, 19.6050663269, 3.5330677978, 87.3992292232, 8.9124383352]
    ]
  ],
  "prob": [
    [0.75901634554, 0.1357515932, 0.051862019243, 0.053370042019],
    [0.067978726706, 0.79070648258, 0.07958753754, 0.061727253178],
    [0.043878590017, 0.0067436648716, 0.93620733454, 0.013170410572],
    [0.0035535348365, 0.65217277533, 0.20243571878, 0.14183797106],
    [0.19493383601, 0.036819998189, 0.30570081003, 0.46254535576]
  ],
  "iterations": 157,
  "time": 5.256384,
  "message": "Converged",
  "status": 0,
  "miniter": 0,
  "maxiter": 1000,
  "maxtime": 3600,
  "param_threshold": 0.001,
  "ll_threshold": "-Inf",
  "initial_prob": "random",
  "adjust_prob_cond_method": "",
  "adjust_prob_cond_every": false,
  "candidates_id": ["GRAHAM, Kennedy Gollan Montrose.c", "PARSONS, John Francis.c", "BROWNLEE, Gerard Anthony.c", "Other candidates votes.c"],
  "group_id": ["Green Party.p", "Labour Party.p", "National Party.p", "New Zealand First Party.p", "Other parties votes.p"]
}
