{
  "X": [
    [4, 7, 14, 1],
    [2, 5, 24, 6],
    [21, 50, 109, 26],
    [59, 176, 503, 78],
    [30, 88, 446, 48],
    [9, 40, 133, 15],
    [68, 241, 1083, 115],
    [20, 39, 78, 8],
    [6, 19, 35, 6],
    [6, 12, 36, 4],
    [13, 11, 40, 3],
    [5, 8, 29, 3],
    [5, 2, 15, 1],
    [11, 13, 32, 4],
    [62, 115, 229, 16],
    [136, 259, 570, 49],
    [70, 154, 340, 50],
    [77, 250, 626, 77],
    [58, 300, 488, 57],
    [77, 208, 410, 64],
    [34, 121, 276, 45],
    [38, 183, 343, 37],
    [44, 301, 461, 81],
    [91, 245, 546, 47],
    [86, 271, 914, 94],
    [90, 247, 544, 67],
    [65, 250, 549, 62],
    [26, 119, 122, 14],
    [53, 170, 314, 28],
    [5, 10, 12, 2],
    [43, 191, 300, 38],
    [5, 11, 15, 1],
    [16, 63, 70, 7],
    [28, 60, 100, 16],
    [5, 8, 11, 1],
    [2, 2, 15, 1],
    [14, 45, 60, 6],
    [2, 5, 17, 4],
    [0, 2, 3, 2],
    [1, 5, 2, 3],
    [4, 20, 23, 8],
    [3, 4, 37, 4],
    [0, 1, 14, 1],
    [11, 16, 33, 8],
    [1, 4, 15, 1],
    [1, 4, 8, 1],
    [92, 349, 659, 72],
    [45, 110, 260, 24],
    [142, 553, 772, 66],
    [15, 108, 168, 35],
    [5, 4, 19, 2],
    [52, 190, 409, 69],
    [114, 389, 1053, 112],
    [1, 7, 6, 1],
    [76, 220, 449, 56],
    [52, 87, 318, 34],
    [103, 193, 426, 38],
    [2, 10, 22, 1],
    [37, 107, 140, 8],
    [195, 736, 1398, 207],
    [20, 75, 229, 21],
    [2, 22, 74, 9],
    [58, 154, 333, 35],
    [503, 868, 1659, 166],
    [79, 158, 278, 14]
  ],
  "W": [
    [6, 10, 8, 2, 0],
    [6, 15, 11, 3, 2],
    [47, 57, 78, 4, 20],
    [92, 406, 242, 52, 24],
    [46, 374, 108, 37, 47],
    [23, 104, 39, 18, 13],
    [103, 923, 318, 90, 73],
    [28, 55, 45, 8, 9],
    [16, 16, 24, 6, 4],
    [11, 24, 19, 1, 3],
    [17, 26, 17, 2, 5],
    [14, 14, 14, 2, 1],
    [9, 8, 6, 0, 0],
    [24, 18, 15, 2, 1],
    [102, 130, 166, 8, 16],
    [265, 293, 376, 41, 39],
    [130, 203, 228, 21, 32],
    [176, 362, 407, 26, 59],
    [128, 278, 417, 34, 46],
    [129, 254, 297, 28, 51],
    [97, 142, 185, 20, 32],
    [100, 183, 267, 26, 25],
    [116, 256, 401, 50, 64],
    [167, 337, 335, 46, 44],
    [159, 678, 395, 62, 71],
    [159, 317, 367, 59, 46],
    [123, 385, 330, 27, 61],
    [54, 66, 136, 13, 12],
    [101, 174, 253, 15, 22],
    [10, 4, 11, 2, 2],
    [75, 182, 255, 22, 38],
    [8, 4, 18, 2, 0],
    [21, 38, 86, 4, 7],
    [47, 47, 79, 16, 15],
    [9, 5, 9, 0, 2],
    [2, 11, 5, 2, 0],
    [20, 46, 52, 2, 5],
    [2, 17, 7, 2, 0],
    [0, 1, 4, 0, 2],
    [1, 3, 5, 0, 2],
    [5, 19, 24, 2, 5],
    [7, 31, 7, 1, 2],
    [3, 12, 1, 0, 0],
    [13, 26, 22, 2, 5],
    [3, 11, 4, 2, 1],
    [2, 2, 8, 1, 1],
    [227, 350, 451, 77, 67],
    [76, 169, 154, 22, 18],
    [295, 358, 755, 50, 75],
    [36, 105, 130, 26, 29],
    [10, 10, 7, 2, 1],
    [99, 244, 288, 34, 55],
    [251, 743, 550, 67, 57],
    [1, 4, 8, 2, 0],
    [134, 271, 298, 55, 43],
    [86, 233, 129, 20, 23],
    [197, 227, 281, 16, 39],
    [8, 9, 14, 2, 2],
    [73, 60, 138, 8, 13],
    [415, 868, 945, 150, 158],
    [42, 176, 102, 17, 8],
    [6, 58, 32, 6, 5],
    [113, 214, 195, 31, 27],
    [652, 1131, 1144, 113, 156],
    [150, 157, 186, 9, 27]
  ],
  "method": "mult",
  "cond_prob": [
    [
      [0.57075579301, 0.11765573878, 0.3102950519, 0.0012934163054],
      [0.022085479163, 0.019799207347, 0.9128098598, 0.04530545369],
      [0.019960814811, 0.68126518132, 0.28444796558, 0.014326038289],
      [0.0013982107576, 0.17854761864, 0.52314075161, 0.29691341899],
      [0.01028547042, 0.25328095929, 0.32670955807, 0.40972401222]
    ],
    [
      [0.38643457661, 0.084872436544, 0.52332207452, 0.0053709123203],
      [0.0086783796108, 0.0082665788399, 0.87702291673, 0.10603212482],
      [0.013201323678, 0.46409301974, 0.46549288708, 0.057212769498],
      [0.00045784517384, 0.061715786293, 0.42212557186, 0.51570079668],
      [0.0032779866227, 0.084917782434, 0.25756766426, 0.65423656669]
    ],
    [
      [0.436974452, 0.11196317492, 0.44682569918, 0.004236673895],
      [0.013319412706, 0.013127044504, 0.87551263933, 0.098040903459],
      [0.016323629047, 0.55833128758, 0.38227908914, 0.043065994231],
      [0.00072996285498, 0.10007514368, 0.44200525029, 0.45718964317],
      [0.0053513619637, 0.14025283335, 0.27848396308, 0.57591184161]
    ],
    [
      [0.49740076827, 0.1185649312, 0.38098037439, 0.0030539261366],
      [0.018160693945, 0.016501055272, 0.88178664321, 0.083551607577],
      [0.019475819246, 0.61003394369, 0.33831625262, 0.03217398444],
      [0.0010396665909, 0.13116930009, 0.46614829433, 0.40164273899],
      [0.0077075984345, 0.18578210693, 0.29744233907, 0.50906795556]
    ],
    [
      [0.46628906126, 0.11488325827, 0.41691866515, 0.0019090153134],
      [0.016099580347, 0.015214811232, 0.91895761227, 0.04972799615],
      [0.018115146849, 0.59195719436, 0.36983647593, 0.020091182861],
      [0.0010882678764, 0.14293356434, 0.57365132329, 0.28232684449],
      [0.0086348695726, 0.21672601667, 0.39169096894, 0.38294814482]
    ],
    [
      [0.36716643279, 0.16464693312, 0.46609609181, 0.0020905422763],
      [0.01111256533, 0.019449918035, 0.92066156703, 0.048775949601],
      [0.010715227174, 0.65585230247, 0.31656839966, 0.016864070703],
      [0.00072382059486, 0.1766142347, 0.55305955172, 0.26960239298],
      [0.005641740281, 0.26333811507, 0.37050126741, 0.36051887723]
    ],
    [
      [0.4597861483, 0.1191804065, 0.41887537228, 0.0021580729235],
      [0.015844809417, 0.015629131055, 0.91293229679, 0.055593762735],
      [0.01758830883, 0.59749645639, 0.36274848763, 0.022166747153],
      [0.00103733537, 0.14203902517, 0.55207352924, 0.30485011022],
      [0.0081189058183, 0.21237139681, 0.37197673698, 0.4075329604]
    ],
    [
      [0.55437603964, 0.1186251786, 0.32553935119, 0.0014594305726],
      [0.023742486641, 0.019756683607, 0.90839170126, 0.048109128487],
      [0.022512498558, 0.65472839102, 0.30642554548, 0.016333564948],
      [0.0015553321853, 0.18038199727, 0.54787680745, 0.2701858631],
      [0.011994617738, 0.2661075695, 0.36289169244, 0.35900612032]
    ],
    [
      [0.39413829866, 0.13846294217, 0.46449158861, 0.0029071705615],
      [0.011395453611, 0.015931873044, 0.90589525709, 0.066777416251],
      [0.012391409517, 0.61476126592, 0.3469460301, 0.025901294461],
      [0.00069383947523, 0.13575619915, 0.5048771585, 0.35867280288],
      [0.0052403720213, 0.19641244026, 0.32634205009, 0.47200513763]
    ],
    [
      [0.48753063364, 0.10018398642, 0.40979716398, 0.0024882159594],
      [0.015618802151, 0.013048035825, 0.90616806539, 0.065165096631],
      [0.018912161596, 0.56653625488, 0.38650502516, 0.028046558364],
      [0.00097276855245, 0.11406643464, 0.51704297823, 0.36791781858],
      [0.0073746352962, 0.1657973687, 0.33536848413, 0.49145951188]
    ],
    [
      [0.58599841681, 0.076665716441, 0.33617860076, 0.0011572659966],
      [0.024054504233, 0.012459340852, 0.92583692258, 0.037649232334],
      [0.029663550282, 0.55076005556, 0.40302581036, 0.016550583797],
      [0.0017694376853, 0.12852295693, 0.6242489671, 0.24545863828],
      [0.014415709422, 0.20082516132, 0.43558591788, 0.34917321138]
    ],
    [
      [0.37877135105, 0.096909430191, 0.52106523533, 0.0032539834236],
      [0.0096836859843, 0.0099170718502, 0.91267214511, 0.06772709706],
      [0.013579479186, 0.50499062968, 0.44786956738, 0.033560323752],
      [0.00059929219759, 0.086336390222, 0.5149407248, 0.39812359278],
      [0.0045110418036, 0.12480551068, 0.33100422381, 0.5396792237]
    ],
    [
      [0.5194083947, 0.045821755575, 0.43157587011, 0.0031939796118],
      [0.014832567577, 0.0053894161182, 0.8968974767, 0.0828805396],
      [0.026457962224, 0.37582175131, 0.54777381916, 0.049946467304],
      [0.00069067622446, 0.0358817626, 0.37570081608, 0.5877267451],
      [0.0036832267463, 0.037033918255, 0.16983211176, 0.78945074324]
    ],
    [
      [0.45900236031, 0.12723148624, 0.41010732775, 0.0036588256923],
      [0.014786401708, 0.015985858293, 0.87613810746, 0.093089632536],
      [0.015868654161, 0.61779349596, 0.33096648298, 0.0353713669],
      [0.00077949165426, 0.118235396, 0.42234317572, 0.45864193662],
      [0.0055026772629, 0.160201492, 0.25517412158, 0.57912170916]
    ],
    [
      [0.50854489965, 0.10881464816, 0.38104345716, 0.0015969950374],
      [0.019327300445, 0.015762426682, 0.91934364227, 0.045566630608],
      [0.021276894541, 0.59914754366, 0.36158277759, 0.017992784203],
      [0.0013286488891, 0.15051336937, 0.58306454574, 0.265093436],
      [0.010568694796, 0.22877749109, 0.39901272457, 0.36164108955]
    ],
    [
      [0.46121538745, 0.11200193197, 0.4248255044, 0.0019571761745],
      [0.01582756434, 0.01458062247, 0.91951591294, 0.050075900246],
      [0.018301472815, 0.58050151095, 0.38040523638, 0.02079177985],
      [0.0010742543424, 0.13735318509, 0.57621690939, 0.28535565118],
      [0.0085458939352, 0.2087408486, 0.39457382645, 0.38813943102]
    ],
    [
      [0.47676529167, 0.11227409416, 0.40796434942, 0.00299626475],
      [0.016453599963, 0.014743215394, 0.89141618314, 0.077387001501],
      [0.018883734505, 0.58342632509, 0.36580801499, 0.031881925424],
      [0.00097914010074, 0.1218226472, 0.4896315434, 0.3875666693],
      [0.007377818817, 0.17537987153, 0.31749511786, 0.49974719179]
    ],
    [
      [0.40466590008, 0.11374838358, 0.47865286759, 0.0029328487428],
      [0.012168207727, 0.012993411179, 0.90900398881, 0.065834392285],
      [0.01505227879, 0.55337237497, 0.40233019928, 0.029245146954],
      [0.00077340144927, 0.11462621083, 0.53347820501, 0.35112218271],
      [0.0060134754366, 0.17025870235, 0.35704965536, 0.46667816686]
    ],
    [
      [0.40959186037, 0.139174214, 0.44874011327, 0.0024938123564],
      [0.013130756289, 0.016975367572, 0.91011274148, 0.05978113466],
      [0.013900557675, 0.61870998761, 0.34466485857, 0.022724596151],
      [0.00083148632547, 0.14920785579, 0.53211147464, 0.31784918325],
      [0.0064218996296, 0.22013820077, 0.35372539054, 0.41971450906]
    ],
    [
      [0.4965022995, 0.11463466204, 0.38618922726, 0.0026738111985],
      [0.01813839981, 0.015934538779, 0.89286662347, 0.073060437943],
      [0.019872998027, 0.60149374314, 0.34989140763, 0.028741851196],
      [0.0010920300412, 0.13318356736, 0.49626731049, 0.36945709211],
      [0.0082465513908, 0.19214013651, 0.32253941795, 0.47707389415]
    ],
    [
      [0.35945623874, 0.12580567177, 0.51113241746, 0.0036056720293],
      [0.0099865015686, 0.013326896105, 0.90153214194, 0.07515446039],
      [0.012193321531, 0.56150611739, 0.39336644762, 0.032934113466],
      [0.00060481166625, 0.11209780386, 0.50381202579, 0.38348535869],
      [0.0046161283846, 0.16347443502, 0.33084166474, 0.50106777186]
    ],
    [
      [0.36879384119, 0.13638409264, 0.49218062136, 0.0026414448126],
      [0.010819727042, 0.015251214543, 0.91583113083, 0.058097927587],
      [0.012228753526, 0.59412774617, 0.37007379767, 0.023569702638],
      [0.00069926973342, 0.13685964456, 0.54632212094, 0.31611896477],
      [0.0054647324525, 0.20433304606, 0.36739604362, 0.42280617786]
    ],
    [
      [0.36800768126, 0.1542049019, 0.47456938299, 0.0032180338573],
      [0.011016770976, 0.017573830406, 0.89934335321, 0.072066045408],
      [0.011431950394, 0.62787627262, 0.33383642581, 0.026855351179],
      [0.00065573865585, 0.14519852797, 0.49424423036, 0.35990150302],
      [0.0049509998807, 0.20941979623, 0.32118093482, 0.46444826907]
    ],
    [
      [0.46468159129, 0.12034688662, 0.41325840229, 0.001713119798],
      [0.016413330442, 0.016152183204, 0.92224695929, 0.045187527066],
      [0.017861969724, 0.60540484038, 0.35907428939, 0.017658900505],
      [0.0011267913788, 0.15392200477, 0.58458401184, 0.26036719201],
      [0.008988437059, 0.23456507921, 0.40138873254, 0.3550577512]
    ],
    [
      [0.44339882783, 0.11592682568, 0.43846590175, 0.002208444735],
      [0.014672414514, 0.014574836454, 0.9162079012, 0.054544847829],
      [0.01698257448, 0.58078225797, 0.37955912378, 0.022676043769],
      [0.00097361926718, 0.13423736863, 0.56150191816, 0.30328709394],
      [0.00768027684, 0.20228501898, 0.3813072402, 0.40872746398]
    ],
    [
      [0.47522111387, 0.11132728728, 0.41119059603, 0.0022610028227],
      [0.016632575275, 0.014808907806, 0.90945481936, 0.05910369756],
      [0.019048323752, 0.58401186103, 0.37263223107, 0.02430758415],
      [0.0010780335245, 0.13323058776, 0.54426239295, 0.32142898577],
      [0.0084012011559, 0.19834634336, 0.36508412983, 0.42816832565]
    ],
    [
      [0.44595267527, 0.13221672295, 0.41960100116, 0.0022296006235],
      [0.015291291219, 0.017250774232, 0.91028825304, 0.057169681507],
      [0.016000311155, 0.62173147297, 0.34078617315, 0.021482042727],
      [0.00097940235506, 0.15338241938, 0.53836945536, 0.30726872291],
      [0.0075838939856, 0.22689376396, 0.35882661259, 0.40669572946]
    ],
    [
      [0.45432048544, 0.16457485683, 0.3790304883, 0.0020741694301],
      [0.016873821438, 0.023460299448, 0.90136633835, 0.058299540768],
      [0.014417087971, 0.69300499878, 0.27472051155, 0.017857401707],
      [0.001020219644, 0.19713169416, 0.50239700935, 0.29945107685],
      [0.0076528463301, 0.28257382862, 0.32402318679, 0.38575013826]
    ],
    [
      [0.45466892592, 0.11893237595, 0.4243043622, 0.0020943359245],
      [0.015468912491, 0.015422507726, 0.91567402178, 0.053434558],
      [0.017309536659, 0.59494205288, 0.36629015611, 0.021458254352],
      [0.0010235668575, 0.14170079347, 0.55920357734, 0.29807206233],
      [0.008043383809, 0.21273741267, 0.3781277649, 0.40109143862]
    ],
    [
      [0.49712415209, 0.13732511896, 0.36335810935, 0.0021926195987],
      [0.017132160957, 0.01945728129, 0.89984952608, 0.063561031668],
      [0.016084133252, 0.6732866223, 0.28958979721, 0.021039447239],
      [0.0010069192731, 0.16152027477, 0.47596467284, 0.36150813311],
      [0.0072931084239, 0.22496180022, 0.29237637724, 0.47536871412]
    ],
    [
      [0.47080770075, 0.13136668792, 0.39566008174, 0.0021655295892],
      [0.016963896989, 0.018082588735, 0.90633112746, 0.058622386814],
      [0.017215816155, 0.63260476935, 0.32882281589, 0.021356598609],
      [0.0010718914065, 0.15866298685, 0.52860322432, 0.31166189742],
      [0.0082332144846, 0.2328226693, 0.34936911803, 0.40957499819]
    ],
    [
      [0.53370715199, 0.093359528208, 0.37147041786, 0.0014629019367],
      [0.018167432793, 0.013384270648, 0.9250216286, 0.043426667964],
      [0.021774841527, 0.57891768483, 0.38114081442, 0.018166659218],
      [0.00122406253, 0.12689194024, 0.56235650193, 0.30952749529],
      [0.0092653014768, 0.18419571674, 0.36123373085, 0.44530525093]
    ],
    [
      [0.5595966153, 0.11713355268, 0.3216435131, 0.0016263189125],
      [0.023907914128, 0.019630457891, 0.90250639602, 0.053955231966],
      [0.022867349596, 0.65175622933, 0.30691477191, 0.01846164916],
      [0.0015207149263, 0.17381454871, 0.52845385911, 0.29621087725],
      [0.01158365469, 0.25303982698, 0.34562592073, 0.3897505976]
    ],
    [
      [0.51155062543, 0.11493596113, 0.37140195427, 0.0021114591684],
      [0.019348418845, 0.016724332037, 0.90330479747, 0.060622451644],
      [0.020514657676, 0.61528935879, 0.3411538439, 0.023042139629],
      [0.0012232189152, 0.14707383315, 0.52599880522, 0.32570414271],
      [0.0093748842913, 0.21548078084, 0.34643859043, 0.42870574445]
    ],
    [
      [0.52420422732, 0.12712150908, 0.34717223715, 0.0015020264529],
      [0.018936314618, 0.019036382416, 0.91524248982, 0.046784813146],
      [0.017847714885, 0.67248216391, 0.29425967184, 0.015410449357],
      [0.0011969402784, 0.17059480751, 0.5191066327, 0.30910161952],
      [0.0087759430223, 0.24094154573, 0.32225756515, 0.42802494609]
    ],
    [
      [0.70209778593, 0.03770548291, 0.25929658263, 0.00090014853527],
      [0.023959167625, 0.0076157972092, 0.93013388305, 0.038291152118],
      [0.035940509563, 0.4657289172, 0.47825524482, 0.02007532842],
      [0.0017620490418, 0.081505882256, 0.62195525438, 0.29477681432],
      [0.014066659424, 0.12598100643, 0.41932446329, 0.44062787086]
    ],
    [
      [0.54957119218, 0.13718113922, 0.31143055791, 0.0018171106808],
      [0.023849704255, 0.023405981446, 0.89119052611, 0.061553788188],
      [0.020212406654, 0.69280462682, 0.26834284669, 0.018640119831],
      [0.0014157135214, 0.1936839507, 0.48680812627, 0.31809220951],
      [0.010457088161, 0.27360568341, 0.30865633069, 0.40728089773]
    ],
    [
      [0.68557000452, 0.079841781437, 0.2313597885, 0.0032284255492],
      [0.024915843282, 0.016300073986, 0.82231518086, 0.13646890188],
      [0.025108069415, 0.63853116177, 0.28799949852, 0.048361270294],
      [0.001062996416, 0.10013829232, 0.32153443172, 0.57726427954],
      [0.0069537876337, 0.12624498599, 0.17850949651, 0.68829172987]
    ],
    [
      [-0, 0.15815268006, 0.83371114956, 0.0081361703824],
      [0, 0.0080440917174, 0.90240568643, 0.08955022185],
      [0, 0.54834053883, 0.40291696472, 0.048742496456],
      [0, 0.062776983586, 0.38116393119, 0.55605908522],
      [0, 0.079469951661, 0.19780450084, 0.72272554749]
    ],
    [
      [0.89924524967, 0.051971595956, 0.046994484848, 0.0017886695265],
      [0.045019383772, 0.03754941949, 0.64220148159, 0.27522971515],
      [0.023895853166, 0.81651756324, 0.10891918172, 0.050667401872],
      [0.0010656383924, 0.13108148569, 0.13345286236, 0.73440001355],
      [0.0059556058546, 0.14114281525, 0.061331291008, 0.79157028789]
    ],
    [
      [0.60249064525, 0.12583592592, 0.2681517501, 0.0035216787287],
      [0.024800002834, 0.022782477284, 0.82483384942, 0.12758367046],
      [0.021178648689, 0.69248179849, 0.24753018359, 0.038809369232],
      [0.001118368695, 0.1443221372, 0.34105974061, 0.51349975349],
      [0.0075800083495, 0.18718736372, 0.1974294878, 0.60780314013]
    ],
    [
      [0.43437533757, 0.086972004385, 0.47557452333, 0.0030781347179],
      [0.011523541274, 0.0096957383227, 0.90898881022, 0.069791910185],
      [0.015900945425, 0.50810449286, 0.44180150802, 0.034193053691],
      [0.00071516738541, 0.085581124271, 0.51751871177, 0.39618499657],
      [0.0054394396087, 0.1255457127, 0.33657583022, 0.53243901748]
    ],
    [
      [0, 0.19618212791, 0.79866975328, 0.0051481188137],
      [0, 0.011788547302, 0.91571600546, 0.072495447238],
      [0, 0.71017641426, 0.26859364667, 0.021229939073],
      [0, 0.093052972019, 0.414492285, 0.49245474298],
      [0, 0.11558405714, 0.21320747095, 0.67120847191]
    ],
    [
      [0.62833480523, 0.093856708195, 0.2748099648, 0.0029985217799],
      [0.02841171249, 0.017061803613, 0.84556393716, 0.10896254674],
      [0.029190899643, 0.62422808041, 0.30666786401, 0.039913155934],
      [0.0014333321745, 0.12059070672, 0.39119061283, 0.48678534828],
      [0.010025533848, 0.16161801051, 0.23430366868, 0.59405278697]
    ],
    [
      [0.39383532526, 0.14804105602, 0.45684919732, 0.0012744214028],
      [0.0090562320535, 0.017184075941, 0.94282271121, 0.030936980791],
      [0.0085861913358, 0.67419635261, 0.30690112013, 0.010316335924],
      [0.00064142660661, 0.176977364, 0.60554969097, 0.21683151842],
      [0.0050975056272, 0.2731910559, 0.40725432409, 0.31445711439]
    ],
    [
      [0.52478235045, 0.067143389887, 0.40647472857, 0.0015995310983],
      [0.010447592328, 0.0083922512037, 0.93882204463, 0.042338111837],
      [0.016010314156, 0.49467961736, 0.46685298743, 0.022457081053],
      [0.00073004928875, 0.084463862441, 0.57520723173, 0.33959885654],
      [0.0055415426293, 0.12328626629, 0.36244584372, 0.50872634736]
    ],
    [
      [0.39044160494, 0.14090140221, 0.46653273909, 0.0021242537585],
      [0.012223100047, 0.016741355099, 0.92144997208, 0.049585572769],
      [0.013058992863, 0.61564116737, 0.35227292283, 0.019026916932],
      [0.00081482155648, 0.15488729062, 0.56719945223, 0.2770984356],
      [0.0064373379302, 0.2337533461, 0.38573522387, 0.3740740921]
    ],
    [
      [0.48876805807, 0.1141047328, 0.39529558445, 0.0018316246805],
      [0.017804206773, 0.015880158556, 0.91613717479, 0.050178459882],
      [0.019528792176, 0.60161559334, 0.35910526994, 0.019750344545],
      [0.0011939936562, 0.1479495251, 0.56696288805, 0.28389359319],
      [0.0094113164537, 0.22283792132, 0.38448866161, 0.38326210062]
    ],
    [
      [0.4349264368, 0.1342892814, 0.42899313574, 0.0017911460739],
      [0.014835660136, 0.017371891501, 0.9222777859, 0.045514662466],
      [0.01547305804, 0.62322556362, 0.34425187517, 0.017049503175],
      [0.001005317138, 0.16334770746, 0.57712662525, 0.25852035016],
      [0.0079746362545, 0.24750958409, 0.39410821455, 0.3504075651]
    ],
    [
      [0.39121725237, 0.16166383847, 0.44402516465, 0.0030937445047],
      [0.012247813187, 0.019539402525, 0.89460116301, 0.073611621278],
      [0.011850050116, 0.65357490554, 0.30901706056, 0.025557983785],
      [0.00071244600891, 0.15799014506, 0.48008913955, 0.36120826938],
      [0.0053155352543, 0.22523254289, 0.30803288094, 0.46141904091]
    ],
    [
      [0.48351450757, 0.076306988703, 0.43785445797, 0.0023240457571],
      [0.014248874297, 0.0091937882166, 0.91882486457, 0.057732472917],
      [0.020295528834, 0.4977392117, 0.4530189101, 0.028946349362],
      [0.00093080565151, 0.085359640054, 0.5437361565, 0.36997339779],
      [0.0070902279923, 0.12546810619, 0.35234378965, 0.51509787617]
    ],
    [
      [0.44998507252, 0.1157662761, 0.43132530424, 0.0029233471373],
      [0.014789928869, 0.014501363621, 0.89872738403, 0.071981323484],
      [0.017163169566, 0.57984117124, 0.37300182472, 0.029993834475],
      [0.0009034732756, 0.12298932782, 0.50684585551, 0.36926134339],
      [0.0068886768295, 0.1791478178, 0.33258706198, 0.48137644339]
    ],
    [
      [0.41212527913, 0.1296625959, 0.4555271486, 0.0026849763701],
      [0.013033405623, 0.015555745197, 0.90813840113, 0.063272448048],
      [0.014544583486, 0.59733254596, 0.36276125744, 0.025361613115],
      [0.00082176722649, 0.13611010186, 0.52882907558, 0.33423905533],
      [0.006348099562, 0.20085009444, 0.35169823307, 0.44110357292]
    ],
    [
      [0.81799369645, 0.060664797376, 0.12055106251, 0.00079044366802],
      [0.028138143608, 0.02441258252, 0.88009960418, 0.067349669692],
      [0.021904020972, 0.73306472211, 0.22688970259, 0.018141554328],
      [0.0014622103227, 0.18453110367, 0.4106019923, 0.40340469371],
      [0.0097475604356, 0.23565948652, 0.22772881073, 0.52686414232]
    ],
    [
      [0.47771036195, 0.12052422904, 0.39965165514, 0.0021137538733],
      [0.017183048362, 0.016491458572, 0.90947776127, 0.056847731796],
      [0.018455125732, 0.6102153927, 0.34940495074, 0.021924530835],
      [0.001110333378, 0.14793808677, 0.54257581539, 0.30837576446],
      [0.0086211932653, 0.21944355767, 0.36259130742, 0.40934394165]
    ],
    [
      [0.49848326778, 0.10091153108, 0.39838547228, 0.0022197288594],
      [0.017894722291, 0.013821231783, 0.90844839886, 0.059835647066],
      [0.021257238589, 0.56743672879, 0.3857950113, 0.025511021327],
      [0.0011646890513, 0.12498345328, 0.5457467792, 0.32810507847],
      [0.0090865472117, 0.1863414815, 0.36637163406, 0.43820033723]
    ],
    [
      [0.46680375754, 0.11110300948, 0.42007125039, 0.0020219825889],
      [0.016134749662, 0.014582552804, 0.91709839739, 0.05218430015],
      [0.018645745419, 0.5806514009, 0.37905318629, 0.02164966739],
      [0.0010832551683, 0.13591147425, 0.56837744195, 0.29462782863],
      [0.0085717772435, 0.20546761988, 0.38709173445, 0.39886886843]
    ],
    [
      [0.28626754223, 0.13614306437, 0.57649223723, 0.0010971561685],
      [0.0065659446848, 0.013119025815, 0.95882546137, 0.021489568129],
      [0.0079619620913, 0.57954040504, 0.40328349186, 0.0092141410061],
      [0.0005214818779, 0.14689899328, 0.69124986512, 0.16132965972],
      [0.0044763912287, 0.24208812325, 0.50496802529, 0.24846746023]
    ],
    [
      [0.46067185635, 0.13404349088, 0.40407101555, 0.0012136372112],
      [0.016652202044, 0.018528686688, 0.93173112002, 0.033087991248],
      [0.016629444756, 0.63960495823, 0.33192218806, 0.01184340895],
      [0.0011899043598, 0.18397369354, 0.61368933651, 0.20114706558],
      [0.0096205812168, 0.28425390279, 0.42664386357, 0.27948165242]
    ],
    [
      [0.4289628198, 0.13900017295, 0.42936852789, 0.0026684793595],
      [0.014312626266, 0.017574151494, 0.90186698082, 0.066246241417],
      [0.014826658287, 0.62604818899, 0.33447181856, 0.02465333416],
      [0.00087666178043, 0.149354315, 0.5102152381, 0.33955378512],
      [0.0066759045553, 0.21724945475, 0.33451918092, 0.44155545977]
    ],
    [
      [0.41616297224, 0.13318815402, 0.44829010198, 0.0023587717538],
      [0.013225653874, 0.016287701738, 0.91364141518, 0.056845229204],
      [0.014311884775, 0.61042472221, 0.35319874266, 0.022064650354],
      [0.00085216055746, 0.14591941915, 0.54327006997, 0.30995835033],
      [0.0066257279013, 0.21684084714, 0.3633405086, 0.41319291636]
    ],
    [
      [0.30314757409, 0.14970722676, 0.54397573289, 0.0031694662585],
      [0.0072249193985, 0.014985978797, 0.91479121375, 0.062997888052],
      [0.0081821239825, 0.59828392575, 0.3680204096, 0.025513540671],
      [0.00045163891628, 0.13113754568, 0.52736151167, 0.34104930373],
      [0.0034838515471, 0.19348454979, 0.34884794662, 0.45418365204]
    ],
    [
      [0.45650708149, 0.13054834067, 0.4108709192, 0.0020736586412],
      [0.01599215609, 0.017416025618, 0.91217724089, 0.054414577405],
      [0.016615430906, 0.62423208674, 0.33885798255, 0.020294499808],
      [0.0010362332445, 0.15671637787, 0.5455583008, 0.29668908808],
      [0.008051832344, 0.23267010021, 0.36479862141, 0.39447944604]
    ],
    [
      [0.57414844503, 0.10685305075, 0.31737567415, 0.0016228300644],
      [0.025921170911, 0.018267979218, 0.90133578742, 0.054475062451],
      [0.026017059297, 0.6304335652, 0.32390690329, 0.019642472218],
      [0.0016784009583, 0.16411110761, 0.53906338009, 0.29514711134],
      [0.012926751778, 0.2414301668, 0.35746975513, 0.38817332629]
    ],
    [
      [0.47288261572, 0.13414926249, 0.3918668453, 0.0011012764883],
      [0.017772127381, 0.019168289797, 0.93208946846, 0.030970114364],
      [0.017365476735, 0.64623117852, 0.32554414146, 0.010859203291],
      [0.0012791875971, 0.19159453328, 0.61908881834, 0.18803746078],
      [0.010368769372, 0.29674494747, 0.43180696717, 0.26107931599]
    ]
  ],
  "expected_outcome": [
    [
      [3.4245347581, 2.3186074597, 20.537799244, 45.7608706809, 21.449296818, 8.4448279542, 47.3579732748, 15.5225291099, 6.3062127785, 5.3628369701, 9.9619730857, 5.3027989147, 4.6746755523, 11.0160566475, 51.8715797639, 122.222077675, 61.9794879171, 71.2211984143, 52.4277581276, 64.0487966354, 34.867255158, 36.8793841191, 42.6888910263, 77.6018257451, 70.5004136254, 75.5601571052, 54.8521790576, 24.5333062136, 45.9215615182, 4.9712415209, 35.3105775563, 4.269657216, 11.7515289214, 24.0428793952, 4.7178380459, 1.4041955719, 10.9914238437, 1.371140009, 0, 0.89924524967, 3.0124532263, 3.040627363, 0, 8.168352468, 1.1815059758, 1.0495647009, 88.6302443211, 37.1463724131, 128.3032988547, 14.0838210852, 4.8351450757, 44.5485221793, 103.4434450611, 0.81799369645, 64.0131885016, 42.8695610293, 91.9603402358, 2.2901403379, 33.6290455136, 178.0195702174, 17.4788448341, 1.8188854445, 51.5853002085, 374.3447861627, 70.9323923581],
      [0.7059344327, 0.50923461927, 5.2622692212, 10.9079736703, 5.2846298805, 3.7868794618, 12.2755818696, 3.3215050008, 2.2154070748, 1.1020238506, 1.3033171795, 1.3567320227, 0.41239580018, 3.0535556699, 11.099094112, 29.6805119722, 14.5956322402, 20.0197155104, 17.8142993925, 14.7878714029, 12.2031501619, 13.6384092636, 17.8877686199, 20.097930066, 18.4323652834, 17.7010386768, 16.2626569231, 8.887042269, 12.0121699712, 1.3732511896, 9.8525015939, 0.74687622567, 2.4598046064, 5.4019901733, 1.1440935817, 0.07541096582, 2.7436227844, 0.15968356287, 0, 0.051971595956, 0.62917962959, 0.6088040307, 0.58854638372, 1.2201372065, 0.44412316807, 0.13428677977, 31.984618302, 8.6719596928, 39.6153380116, 5.819898185, 0.76306988703, 11.4608613339, 32.5453115714, 0.060664797376, 16.150246691, 8.6783916729, 21.8872928672, 1.089144515, 9.7851748346, 57.6850717757, 5.5939024689, 0.89824336057, 14.7519624955, 69.668189091, 20.122389374],
      [1.8617703114, 3.1399324471, 21.0008078617, 35.0501944442, 19.1782585971, 10.7202101116, 43.1441633445, 9.1151018333, 7.4318654178, 4.5077688038, 5.7150362129, 7.2949132947, 3.884182831, 9.842575866, 38.8664326303, 112.5787586666, 53.0353654252, 84.2429046966, 57.4387344982, 49.8184103171, 49.5798444932, 49.218062136, 55.0500484264, 69.0141531827, 69.7160783783, 65.3793047692, 51.6109231426, 20.4676463682, 42.8547405822, 3.6335810935, 29.6745061306, 2.9717633429, 6.7545137751, 17.4558918507, 3.1245501344, 0.51859316525, 6.2286111583, 0.462719577, 0, 0.046994484848, 1.3407587505, 3.3290216633, 2.3960092598, 3.5725295424, 1.370547592, 0.81294945714, 105.9029317738, 30.0424644184, 126.5529750419, 15.9849059276, 4.3785445797, 42.7012051201, 114.3373142986, 0.12055106251, 53.5533217884, 34.2611506159, 82.7540363271, 4.6119378978, 29.4971841354, 178.1879390727, 18.8281842833, 3.2638543973, 46.4284138696, 206.9289395443, 58.7800267947],
      [0.0077604978322, 0.032225473922, 0.19912367307, 0.28096120457, 0.087814704417, 0.048082472356, 0.22228151112, 0.040864056032, 0.046514728984, 0.027370375554, 0.019673521942, 0.045555767931, 0.028745816506, 0.087811816616, 0.16289349382, 0.51865168623, 0.3895144175, 0.51618137872, 0.31920798162, 0.34492164461, 0.34975018684, 0.26414448126, 0.37329192745, 0.28609100627, 0.35114271286, 0.35949944881, 0.27424087669, 0.11200514922, 0.21152792838, 0.021926195987, 0.16241471919, 0.011703215493, 0.034152697163, 0.099238580914, 0.013518238076, 0.0018002970705, 0.036342213616, 0.0064568510983, 0, 0.0017886695265, 0.017608393643, 0.021546943025, 0.015444356441, 0.038980783138, 0.0038232642083, 0.0031990621966, 0.48220560318, 0.13920347572, 0.5283880918, 0.11137480217, 0.023240457571, 0.28941136659, 0.67392906889, 0.00079044366802, 0.28324301902, 0.19089668191, 0.39833057002, 0.0087772493476, 0.088595516417, 1.1074189342, 0.09906841366, 0.019016797551, 0.23432342646, 1.058085202, 0.16519147324]
    ],
    [
      [0.22085479163, 0.13017569416, 0.75920652423, 7.3732417419, 6.0212430497, 1.1557067943, 14.6247590918, 1.3058367653, 0.18232725778, 0.37485125163, 0.62541711006, 0.13557160378, 0.11866054062, 0.26615523074, 2.5125490578, 4.6374763517, 3.3400807926, 4.4048911971, 3.6503502484, 4.6071535518, 1.4180832227, 1.9800100486, 2.8202933699, 5.5312923591, 9.9478970408, 5.2725263622, 5.8871471193, 1.1136722149, 2.6915907734, 0.068528643829, 3.087429252, 0.072669731172, 0.90850073686, 0.90937568571, 0.094681573088, 0.26355084388, 1.0970863957, 0.4235693358, 0, 0.13505815132, 0.47120005385, 0.35722977949, 0, 0.73870452475, 0.099618552588, 0.020895184656, 4.2780850166, 3.0089109447, 5.3111663288, 1.2860203846, 0.14248874297, 3.6087426441, 9.6838203779, 0.11255257443, 4.656606106, 4.1694702938, 3.6625881732, 0.059093502163, 0.99913212267, 12.423359599, 2.3277150818, 0.41904532512, 3.4223214033, 29.3168443006, 2.7902239988],
      [0.19799207347, 0.1239986826, 0.74824153674, 6.6994284405, 5.6903394007, 2.0227914756, 14.4256879639, 1.0866175984, 0.25490996871, 0.3131528598, 0.32394286216, 0.1388390059, 0.043115328946, 0.28774544927, 2.0491154687, 4.2721223836, 2.9928727249, 4.7036148467, 4.7191521851, 4.0473728498, 1.892419247, 2.7909722613, 4.498900584, 5.4432857397, 9.881739116, 4.6944237745, 6.6415480794, 1.5483797635, 2.6835163443, 0.077829125162, 3.2910311497, 0.053537082591, 0.74595739984, 0.78604360573, 0.095181912079, 0.083773769301, 1.0766751465, 0.27710125775, 0.0080440917174, 0.11264825847, 0.43286706839, 0.300567888, 0.14146256763, 0.44360689393, 0.18902483535, 0.016784502407, 5.8594742846, 2.683746796, 6.2191371573, 2.0516372651, 0.091937882166, 3.5383327235, 11.557918681, 0.097650330081, 4.469185273, 3.2203470054, 3.3102394864, 0.11807123234, 1.1117212013, 15.2543634972, 2.8666355058, 0.8691867702, 3.7270294823, 20.6610844958, 3.0094214982],
      [9.128098598, 13.1553437509, 49.9042204419, 358.0053771413, 343.6901469895, 95.7488029715, 842.6365099399, 49.9615435695, 14.4943241135, 21.7480335694, 24.0717599871, 12.7774100315, 7.1751798136, 15.7704859343, 119.5146734945, 269.4181624928, 180.9574851778, 329.0594439489, 253.011342131, 226.788122361, 128.0175641549, 167.5970969417, 230.2318984216, 310.7972252798, 621.1889570155, 288.2971777368, 350.4609774212, 59.4901783309, 159.3272797904, 3.5993981043, 164.9522651982, 3.7000865144, 34.2952430486, 42.4553254813, 4.5762124491, 10.2314727135, 40.9947642011, 13.9793580745, 0.90240568643, 1.9266044448, 15.671843139, 28.1786531168, 10.9885920655, 21.9846623662, 10.3710498234, 1.8776440893, 322.5074902297, 154.8271825393, 330.1754473512, 93.933122116, 9.1882486457, 219.2894817022, 674.7468320411, 3.5203984167, 246.4684733043, 211.6684769344, 208.1813362064, 8.6294291523, 55.9038672012, 782.8205393535, 160.8008890724, 53.0578903976, 195.2059295497, 1019.410775571, 146.3380465479],
      [0.4530545369, 1.5904818723, 5.5883314971, 33.9219526764, 18.5982705601, 5.0726987585, 51.3130430045, 2.6460020668, 1.06843866, 1.5639623192, 0.9788800407, 0.94817935883, 0.6630443168, 1.6756133856, 5.923661979, 14.672238772, 15.7095613047, 23.8320500073, 16.6191554354, 18.5573512374, 10.6719333754, 10.6319207484, 18.4489076245, 15.2281966213, 36.9814068278, 18.7358721265, 22.0103273801, 3.8477696907, 9.2976130919, 0.25424412667, 10.6692744001, 0.17370667186, 2.0502988147, 2.8492552273, 0.23392406573, 0.4212026733, 2.8314742566, 2.3199713319, 0.08955022185, 0.82568914544, 2.4240897388, 2.1635492157, 0.86994536686, 2.8330262152, 0.34030678871, 0.084676223673, 17.3549504692, 8.48015972, 16.2942491627, 7.7292202342, 0.57732472917, 17.5634429301, 47.0114288999, 0.26939867877, 15.4057353168, 13.9417057665, 11.8458361339, 0.19340611316, 1.9852794749, 57.5017375503, 10.0047603399, 3.653877507, 11.6447195647, 61.6112956325, 4.8623079552]
    ],
    [
      [0.15968651849, 0.14521456046, 1.2732430657, 4.7131482574, 1.9564358597, 0.41789385978, 5.5930822078, 1.0130624351, 0.2973938284, 0.35933107032, 0.50428035479, 0.1901127086, 0.15874777335, 0.23802981242, 3.5319644938, 6.8813537783, 4.3054914671, 6.1262774674, 5.7965325505, 5.902280414, 2.2557644833, 3.2650771913, 4.5842121078, 5.9837598574, 6.7081169197, 6.9907348171, 5.280102681, 1.9607239641, 4.3793127748, 0.17692546578, 4.3900331194, 0.39194714749, 1.9665920653, 1.6206579564, 0.16062943396, 0.17970254781, 1.051045146, 0.17575648591, 0, 0.11947926583, 0.50828756853, 0.11130661797, 0, 0.64219979215, 0.034344765343, 0.12808251325, 5.8896057812, 3.0074339952, 11.6821588203, 1.5405065151, 0.14206870184, 4.9429928349, 7.9995209174, 0.17523216778, 5.4996274681, 2.742183778, 5.2394544627, 0.11146746928, 2.2948633763, 14.0111920809, 1.4598122471, 0.26182796744, 3.2400090266, 29.7635158354, 3.2299786728],
      [5.4501214506, 5.1050232171, 43.5498404316, 147.6282143729, 63.9313769912, 25.5782397962, 190.0038731327, 29.4627775958, 14.7542703821, 10.7641888428, 9.3629209445, 7.0698688156, 2.2549305078, 9.2669024394, 99.4584922477, 218.2685681175, 133.0212021195, 225.2225566137, 258.0020648319, 178.6436417139, 103.8786317165, 158.6321082263, 251.7783853199, 202.8106215287, 229.408991898, 214.3323529963, 205.1713860807, 94.2486798335, 150.520339378, 7.4061528453, 161.3142161831, 10.420518327, 56.0510357226, 48.6078593445, 6.0523394752, 2.328644586, 36.0258405947, 4.4697181324, 2.1933621553, 4.0825878162, 16.6195631637, 3.55673145, 0.71017641426, 13.733017769, 2.6967854104, 3.9574369389, 277.6541664846, 92.6488013743, 470.5353005305, 84.9647377197, 3.4841744819, 166.9942573174, 328.5329002759, 5.8645177769, 181.8441870235, 73.1993380135, 163.1630436534, 8.1135656705, 88.265484236, 591.6155385996, 62.2633216651, 19.145085624, 121.725256914, 721.2159985877, 120.1989992039],
      [2.2755837246, 5.1204217579, 29.8177689527, 81.8725331351, 39.9423394001, 12.3461675866, 115.3540190649, 13.7891495464, 8.3267047224, 7.343595478, 6.8514387762, 6.2701739433, 3.286642915, 4.9644972447, 60.0227410807, 143.0323688804, 83.4042274167, 163.7483911085, 143.7252460224, 103.917748067, 72.7727928089, 98.8097039781, 133.8684067493, 120.2898869448, 149.9258538938, 136.7560288036, 112.4594371384, 37.3619895703, 92.671409496, 3.1854877693, 83.8498180523, 6.8605346596, 26.3946703844, 26.9511536684, 2.6483370466, 2.3912762241, 13.953828028, 2.0159964896, 1.6116678589, 0.54459590862, 5.9407244062, 3.0926105562, 0.26859364667, 6.7466930083, 1.2276044805, 3.7348238995, 158.8750881979, 55.3022115706, 259.910165752, 40.1722178732, 3.1711323707, 107.4245255189, 199.5186915938, 1.8151176207, 104.1226753195, 49.7675564574, 106.5139453473, 5.6459688861, 45.8052619526, 316.0758685384, 36.0262717516, 11.7766531071, 66.0773065968, 370.5494973592, 60.5512103111],
      [0.11460830631, 0.62934046448, 3.35914755, 7.7861042346, 2.169847749, 0.6576987574, 7.0490255946, 0.73501042265, 0.62163106707, 0.53288460892, 0.28135992454, 0.46984453253, 0.29967880383, 0.53057050349, 2.9868021778, 7.8177092238, 7.2690789967, 11.9027748103, 9.4761565951, 8.5363298051, 6.0928109912, 6.2931106043, 10.7689958229, 5.9157316692, 8.9570372886, 8.920883383, 7.0890740999, 2.4286066321, 5.4289383511, 0.23143391963, 5.4459326452, 0.32699986592, 1.5877018278, 1.8203290307, 0.13869404421, 0.1003766421, 0.96928623123, 0.33852889206, 0.19496998582, 0.25333700936, 0.93142486157, 0.23935137584, 0.021229939073, 0.87808943054, 0.041265343698, 0.17965664842, 8.5811395363, 3.0415530599, 12.8723748972, 3.322537892, 0.20262444553, 8.6382243287, 13.948887213, 0.14513243463, 6.5335101889, 3.2909217512, 6.0835565365, 0.12899797409, 1.6343904351, 23.2974007811, 2.2505943361, 0.81643330149, 3.9574274626, 22.4709882177, 2.0198118122]
    ],
    [
      [0.0027964215152, 0.0013735355215, 0.0029198514199, 0.054062662728, 0.040265911425, 0.013028770707, 0.093360183304, 0.012442657482, 0.0041630368514, 0.00097276855245, 0.0035388753705, 0.0011985843952, 0, 0.0015589833085, 0.010629191113, 0.044044428039, 0.020561942116, 0.020108437681, 0.028270535066, 0.030576841153, 0.012096233325, 0.018181013069, 0.032786932793, 0.051832403424, 0.060364394565, 0.063603977946, 0.026443863587, 0.013262855372, 0.015353502862, 0.0020138385462, 0.023581610943, 0.0024481250599, 0.006082859705, 0.019571502643, 0, 0.0035240980836, 0.0028314270428, 0.0021259928321, 0, 0, 0.00223673739, 0.00071516738541, 0, 0.0028666643489, 0.0012828532132, 0.00073004928875, 0.062741259849, 0.026267860437, 0.050265856899, 0.018523596232, 0.001861611303, 0.03071809137, 0.055058404175, 0.0029244206455, 0.061068335792, 0.023293781025, 0.017332082693, 0.0010429637558, 0.0095192348782, 0.13149926706, 0.014486729477, 0.0027098334977, 0.032123230581, 0.18965930828, 0.011512688374],
      [0.35709523728, 0.18514735888, 0.40030057474, 6.8208036049, 5.2885418806, 3.1790562247, 12.7835122656, 1.4430559782, 0.81453719489, 0.11406643464, 0.25704591387, 0.17267278044, 0, 0.236470792, 1.204106955, 5.6314805886, 2.5582755912, 2.9802814815, 5.0730670967, 3.7291398862, 2.2419560771, 3.5583507585, 7.2599263983, 7.0804122195, 8.3227168553, 7.860604678, 4.1413253231, 2.5627120241, 2.1255119021, 0.32304054954, 3.4905857108, 0.25378388049, 0.69525819485, 2.3531813304, 0, 0.16301176451, 0.3873679014, 0.20027658465, 0, 0, 0.28864427441, 0.085581124271, 0, 0.24118141343, 0.35395472801, 0.084463862441, 11.9263213777, 3.2548895523, 8.1673853729, 4.1077437715, 0.17071928011, 4.1816371459, 9.1193768247, 0.36906220733, 8.1365947725, 2.4996690655, 2.1745835879, 0.29379798657, 1.4717895483, 22.4031472501, 2.4806301255, 0.7868252741, 4.858207714, 18.5445551605, 1.7243507995],
