{
  "Z_true": {},
  "V_true": [
    [32, 77, 547, 727, 104],
    [657, 50, 59, 1200, 52],
    [120, 101, 88, 12127, 127],
    [39, 176, 4190, 2079, 120],
    [70, 179, 791, 2299, 267],
    [8, 791, 175, 1314, 70],
    [78, 85, 125, 1159, 255]
  ],
  "p_true": [
    [0.0215, 0.0518, 0.3679, 0.4889, 0.0699],
    [0.3256, 0.0248, 0.0292, 0.5946, 0.0258],
    [0.0096, 0.008, 0.007, 0.9653, 0.0101],
    [0.0059, 0.0267, 0.6345, 0.3148, 0.0182],
    [0.0194, 0.0496, 0.2194, 0.6375, 0.074],
    [0.0034, 0.3355, 0.0742, 0.5573, 0.0297],
    [0.0458, 0.0499, 0.0734, 0.681, 0.1498]
  ],
  "Z_est": [
    [
      [0, 0, 0, 0, 0, 0, 0, 0, 0, 0, 0, 0, 0, 0, 0, 0, 0, 0, 0, 0, 0, 0, 0, 0, 0, 0, 0, 0, 0, 0, 0, 0, 0, 0, 0, 0, 0, 0, 0, 0, 0, 0, 0, 0, 0, 0, 0, 0, 0, 0, 0],
      [13.3246, 4.7962, 1.9697, 2.4296, 3.824, 1.9781, 0.6573, 4.1495, 7.5829, 2.1692, 5.6572, 12.5849, 0.9848, 10.7116, 6.9172, 4.9496, 6.3859, 2.9672, 1.5728, 16.373, 2.9588, 2.627, 2.4028, 3.742, 3.0323, 6.7113, 6.0477, 7.3601, 6.0519, 7.7465, 5.1322, 6.5203, 6.6357, 2.3624, 7.8285, 5.7852, 4.6744, 15.0627, 5.7201, 12.7612, 4.414, 3.8984, 2.8265, 3.8827, 0.3297, 2.0348, 0.7224, 18.0489, 1.3839, 19.2184, 3.0068],
      [30.3991, 9.2345, 3.1161, 4.3813, 9.1712, 6.39, 1.0826, 9.7037, 20.5207, 3.9478, 13.1054, 28.1122, 1.8783, 22.0447, 16.3972, 12.3706, 16.5776, 7.6089, 1.5391, 35.1664, 5.4394, 4.6462, 3.2478, 6.7145, 7.4153, 15.0286, 11.4112, 15.4906, 14.3807, 13.3619, 12.2869, 14.7822, 12.595, 3.6126, 17.5106, 12.8337, 10.135, 34.4974, 11.2924, 27.1395, 12.8941, 10.6489, 5.1043, 9.8991, 0.7217, 3.4246, 0.7922, 47.726, 3.7553, 39.3782, 7.6751],
      [21.4081, 5.6883, 2.167, 2.7087, 9.8447, 3.4184, 1.1, 8.88, 16.4019, 2.7087, 8.5969, 29.6483, 1.0835, 13.0019, 15.2586, 12.9184, 9.8623, 6.5699, 1.3544, 24.4857, 4.5344, 2.9796, 3.2426, 4.0631, 7.1788, 10.9257, 9.5803, 9.2952, 8.1262, 8.3971, 7.1398, 13.5233, 8.5951, 2.4379, 12.0597, 7.3136, 9.6568, 22.465, 9.2402, 21.765, 6.8912, 12.0791, 3.5214, 5.4175, 0.8952, 2.167, 0.8126, 32.2895, 2.167, 38.2008, 9.9978],
      [1.8682, 1.281, 0.7473, 0.4804, 0.1601, 0.2135, 0.1601, 0.2669, 1.4945, 1.1743, 0.6405, 1.6546, 0.0534, 2.2418, 0.427, 1.7614, 1.1743, 0.854, 0.5338, 1.9749, 1.0675, 0.7473, 0.1068, 0.4804, 0.3736, 1.3344, 0.9608, 0.854, 1.4411, 1.4945, 1.4411, 1.1743, 1.1743, 0.5871, 1.6013, 1.0675, 0.5338, 1.9749, 0.7473, 1.3344, 0.8006, 0.3736, 1.5479, 0.8006, 0.0534, 0.3736, 0.6729, 2.9357, 0.6939, 3.2025, 0.3203]
    ],
    [
      [22.0004, 11.9146, 2.9714, 7.2986, 1.981, 2.7154, 0.9329, 3.6379, 8.7289, 10.3815, 11.7946, 25.5997, 2.593, 30.156, 10.7551, 11.3882, 13.2539, 9.8666, 7.3797, 21.4927, 8.4695, 11.1112, 1.7826, 4.9524, 0, 10.6194, 16.4589, 12.0347, 18.731, 17.6781, 14.7963, 23.7092, 14.353, 11.0649, 25.4549, 18.4815, 9.0805, 37.2957, 15.8493, 38.4224, 21.9173, 7.3797, 14.9902, 12.6905, 4.2948, 8.5896, 3.7644, 37.8684, 10.8228, 69.5944, 8.5158],
      [8.774, 5.7372, 2.3793, 1.1631, 2.2119, 1.2096, 0.6679, 0.5816, 4.7337, 4.0193, 5.7157, 12.4799, 1.6411, 13.6594, 6.0663, 3.5607, 5.9433, 1.8622, 3.2932, 15.2178, 3.5241, 4.7088, 0.6481, 6.6471, 1.6283, 7.9835, 7.5899, 5.5534, 7.8358, 10.1818, 6.1278, 7.894, 7.9903, 4.2934, 9.941, 7.5467, 5.6703, 17.1188, 7.0266, 15.4257, 5.8503, 2.8745, 4.6041, 5.0627, 0.2523, 3.2317, 1.188, 16.6752, 0.8845, 24.9996, 0.5234],
      [0.6494, 0.4558, 0.4593, 0.1783, 0.1561, 0.1307, 0.0433, 0.0891, 0.5033, 2.2525, 0.4948, 1.3182, 0.1367, 1.2189, 0.6035, 0.438, 0.5788, 0.3429, 0.8557, 1.0957, 0.2979, 1.8929, 0.0509, 0.9231, 1.6469, 0.6026, 0.6562, 0.3693, 1.3211, 0.7928, 0.6171, 0.8692, 0.6213, 0.4108, 0.9923, 0.7215, 0.5334, 1.5864, 0.6205, 1.4574, 0.7342, 0.3361, 0.5407, 0.5763, 0.0034, 0.3013, 0.1019, 1.7697, 0.3022, 2.5831, 1.2331],
      [16.2679, 9.8686, 4.3295, 4.4657, 3.1888, 2.5085, 1.1399, 2.2329, 11.8244, 13.2701, 11.1954, 46.4159, 4.6065, 30.0702, 19.4728, 11.4336, 12.9997, 9.4314, 9.1605, 24.1015, 7.2189, 14.2943, 1.2759, 11.0415, 3.2207, 17.3049, 18.6204, 9.2504, 22.8384, 20.1494, 16.8252, 25.0232, 16.4664, 11.5525, 27.5807, 18.4315, 15.8633, 42.0361, 17.0677, 39.2018, 17.7441, 10.1671, 11.5304, 16.5071, 5.4267, 6.7333, 2.5518, 47.0183, 7.6605, 77.3481, 14.311],
      [3.3082, 2.0237, 0.8605, 0.8943, 0.4622, 0.4358, 0.216, 0.4585, 2.2097, 2.0766, 1.7996, 5.1863, 0.0228, 4.8954, 2.1023, 2.1796, 2.2243, 1.4969, 1.3109, 4.0922, 1.4895, 1.9928, 0.2425, 1.4358, 0.5041, 2.4896, 2.6747, 1.7922, 3.2736, 3.198, 2.6336, 3.5043, 2.5689, 1.6783, 4.0312, 2.8188, 1.8525, 5.963, 2.4359, 5.4927, 2.7541, 1.2426, 2.3346, 2.1633, 0.0228, 1.1441, 0.3938, 6.6685, 1.33, 10.4748, 1.4167]
    ],
    [
      [6.9122, 2.5286, 0.0007, 4.6996, 0.0005, 0.1843, 0.0002, 0.4498, 0.0024, 0.0028, 1.2331, 0.0066, 0.0007, 5.6497, 0.0028, 3.014, 1.7105, 1.0265, 0.0021, 0.0059, 2.4233, 0.0031, 0.5376, 0.0012, 0, 0.0028, 1.9072, 2.7841, 1.2791, 0.0052, 0.8987, 7.295, 0.7019, 2.1125, 4.4604, 4.2067, 0.0024, 3.8805, 3.1215, 10.6212, 5.9033, 0.4028, 3.4216, 0.0038, 1.9417, 1.7621, 0.1256, 0.0114, 1.2057, 3.4934, 0.4089],
      [6.2517, 4.2602, 1.2379, 6.4196, 0.5886, 0.3359, 0.1761, 0.8262, 0.0505, 0.0286, 4.8756, 0.5004, 1.091, 11.5699, 0.0593, 0.0242, 0.7016, 0.0198, 3.371, 16.4994, 4.0132, 2.5909, 3.0291, 2.5334, 0.9014, 2.5846, 7.9314, 6.5028, 3.8117, 9.1233, 0.0571, 0.448, 9.635, 3.2835, 2.404, 3.7209, 1.6835, 10.0728, 2.6063, 17.1784, 0.2607, 0.022, 0.0374, 0.0418, 0.0022, 3.1447, 0.011, 0.1582, 0.011, 12.2891, 0.011],
      [19.2094, 1.0234, 2.7526, 2.9379, 0.8099, 3.7271, 0.0346, 1.4325, 3.7459, 0.3689, 4.4439, 6.1364, 0.5863, 9.8151, 0.7262, 0.4668, 9.461, 0.34, 0.306, 8.7454, 1.5098, 4.5126, 2.809, 0.5475, 3.5973, 0.7204, 3.4103, 2.7037, 11.6675, 8.0358, 3.4417, 1.7955, 5.0882, 1.4182, 4.4394, 4.121, 2.4346, 10.8732, 0.4957, 19.3802, 2.2192, 1.9528, 4.3265, 7.3239, 0.0231, 7.2174, 26.3147, 31.147, 0.4563, 1.5446, 1.3151],
      [503.0194, 309.6257, 96.0716, 113.3868, 28.3259, 22.5015, 12.9862, 62.6907, 181.4602, 135.5269, 170.4135, 274.6121, 88.3191, 518.6172, 205.1891, 136.3588, 233.2153, 139.5716, 192.1717, 523.5114, 120.2878, 273.4283, 47.6186, 203.8926, 61.1991, 200.7675, 209.8831, 321.9644, 294.4941, 446.176, 297.2417, 182.0924, 201.5684, 201.1549, 449.843, 332.5407, 132.7687, 720.0695, 205.7372, 199.7499, 90.6858, 56.0783, 490.9092, 357.5884, 49.0303, 246.8561, 229.8972, 625.1263, 171.9883, 486.5058, 70.9193],
      [3.6074, 5.5621, 0.9372, 0.556, 0.2751, 0.2513, 0.8028, 0.6007, 1.741, 6.0728, 0.0338, 3.7445, 0.0028, 6.348, 0.0225, 3.1361, 2.9116, 2.042, 1.1491, 0.2378, 4.766, 1.4651, 0.0056, 0.0253, 1.3022, 5.9246, 0.868, 0.045, 5.7476, 1.6597, 5.3608, 2.3691, 5.0066, 0.031, 1.8532, 0.4106, 0.1108, 0.1041, 0.0394, 0.0703, 0.9311, 0.5441, 4.3053, 0.0422, 0.0028, 0.0197, 22.6515, 5.5571, 3.3387, 7.1671, 0.3457]
    ],
    [
      [3.4189, 1.4991, 0, 0.9468, 0, 0.4688, 0, 2.5084, 0, 0.0559, 2.5944, 0, 0, 3.4452, 0, 1.3544, 2.3275, 0.9468, 0.198, 0, 0.526, 0.1625, 0.3447, 0, 0, 0, 1.1309, 2.0777, 1.9462, 0.8122, 1.5122, 1.6043, 1.407, 0.9205, 2.0382, 1.9462, 0, 4.5104, 1.4991, 4.1722, 7.4324, 0.7007, 1.8804, 0.8524, 0.1852, 1.8674, 2.0519, 5.7986, 2.7874, 20.0491, 0.5523],
      [2.6491, 1.1707, 0.97, 0.7363, 1.1898, 0.2349, 1.1045, 1.499, 0.0271, 0.0153, 1.8842, 2.065, 0.3365, 2.6854, 0.6908, 0.013, 1.795, 0.0106, 0.3249, 8.0323, 0.418, 0.6579, 0.1499, 1.2455, 0.5092, 3.1104, 0.898, 4.9682, 1.5101, 2.9726, 0.945, 1.2455, 1.1152, 0.7176, 1.5903, 1.5124, 0.7808, 3.5078, 3.3234, 2.2389, 0.02, 0.0118, 0.02, 0.0224, 0.0509, 0.5051, 0.6084, 4.674, 0.0059, 5.2821, 0.0059],
      [188.316, 66.6922, 84.9154, 50.168, 51.8606, 34.8074, 4.5615, 60.8372, 140.3, 52.4571, 93.3915, 142.8855, 20.701, 183.171, 100.0588, 63.1648, 123.0759, 46.922, 14.8109, 237.6115, 24.1026, 46.765, 10.4996, 77.8493, 38.2156, 101.158, 61.6463, 109.824, 106.4086, 115.0272, 82.7121, 85.0479, 76.351, 38.267, 110.9436, 102.5599, 55.3816, 239.8107, 67.792, 157.6303, 107.3624, 49.3098, 99.4777, 90.1142, 3.2377, 36.7679, 147.4437, 331.7834, 32.4306, 210.2903, 30.5091],
      [49.3005, 35.4521, 13.5261, 15.7933, 6.1686, 0, 2.0897, 0.8164, 49.5816, 20.2127, 31.4329, 43.4794, 11.7276, 54.6766, 57.3718, 20.8791, 39.1234, 15.5994, 12.3526, 77.9864, 6.4595, 11.134, 2.2608, 40.2987, 8.0744, 33.2521, 15.4199, 34.124, 27.186, 30.5992, 19.9091, 25.137, 19.6285, 26.2118, 28.5562, 32.6761, 15.1226, 78.2654, 34.9344, 41.649, 1.6508, 8.4923, 30.3587, 20.5266, 1.1357, 7.9129, 44.9618, 99.2235, 12.104, 80.6699, 8.2158],
      [16.3156, 9.1859, 6.5885, 4.3556, 0.781, 1.4889, 1.2443, 2.339, 16.0913, 8.2589, 5.697, 13.5701, 0.2348, 18.0217, 1.8786, 17.5886, 10.6781, 8.5212, 3.3136, 19.3699, 8.494, 5.2806, 0.745, 2.6065, 3.2008, 10.4795, 6.905, 7.0062, 10.9492, 11.5888, 9.9215, 8.9654, 8.4983, 3.8831, 11.8717, 9.3054, 4.715, 16.9058, 6.4511, 11.3095, 6.5344, 3.4854, 11.2631, 5.4844, 0.3905, 1.9466, 16.9343, 27.5205, 4.6721, 24.7087, 2.7169]
    ],
    [
      [0.3014, 0.1489, 0.0002, 0.0747, 0.0001, 0.0407, 0.0036, 0.0899, 0.0005, 0.0746, 0.0996, 0.1424, 0.0002, 0.3071, 0.0007, 0.1256, 0.1085, 0.0571, 0.0357, 0.0014, 0.0712, 0.1117, 0.0213, 0.0003, 0, 0.0007, 0.0857, 0.1772, 0.1581, 0.2601, 0.2019, 0.097, 0.1119, 0.0801, 0.2327, 0.1494, 0.0005, 0.3427, 0.0875, 0.1739, 0.1042, 0.0516, 0.2392, 0.0009, 0.0198, 0.3522, 0.0779, 0.3426, 0.0608, 0.2097, 0.0182],
      [2.4417, 1.2097, 0.6888, 0.6058, 0.2627, 0.3296, 0.031, 0.9694, 0.0153, 0.0087, 0.8127, 1.1637, 0.3444, 2.4935, 1.023, 0.4875, 0.8828, 0.006, 0.2924, 2.5609, 0.5775, 0.9038, 0.1759, 1.1362, 0.4455, 1.0413, 0.7034, 1.4462, 1.2811, 2.1181, 1.631, 0.7824, 0.9204, 0.649, 1.8816, 1.2117, 0.5519, 2.7859, 0.7156, 1.4184, 0.8323, 0.0067, 0.0113, 0.0127, 0.0007, 0.9159, 0.6261, 2.7799, 0.0033, 1.7033, 0.1449],
      [18.3452, 8.9858, 9.2046, 4.5309, 1.804, 3.7642, 0.2216, 2.7287, 7.3692, 4.5329, 6.1075, 8.7628, 2.5696, 18.6172, 7.6974, 4.1462, 6.7082, 3.4736, 2.1381, 17.0646, 4.2684, 6.7389, 1.2945, 8.4766, 3.4635, 6.9608, 5.1996, 10.8871, 9.6217, 15.7286, 12.1832, 5.88, 6.811, 4.8185, 14.0396, 9.0696, 4.1975, 20.8586, 5.3104, 10.6036, 6.3408, 3.5828, 14.4165, 15.1808, 0.0078, 6.9097, 4.9688, 21.1041, 3.6484, 12.6971, 1.1314],
      [148.0511, 73.2303, 37.8635, 36.5759, 13.8522, 18.7491, 1.7337, 20.0904, 58.2094, 37.1712, 48.6968, 69.526, 21.0858, 150.7064, 62.279, 33.0484, 52.9917, 28.3014, 17.4325, 136.5783, 34.8804, 54.9267, 10.4475, 68.9869, 26.9341, 55.6733, 41.7682, 86.9833, 77.4886, 128.149, 99.4068, 46.9672, 54.8377, 39.2246, 114.1829, 73.144, 33.0577, 168.0358, 42.6384, 84.3131, 50.4291, 25.2121, 119.6496, 125.8057, 10.9718, 55.8222, 38.1044, 167.7963, 30.1154, 100.8026, 8.6549],
      [0.8606, 0.4252, 0.243, 0.2126, 0.081, 0.1164, 0.0101, 0.1215, 1.4056, 0.2126, 0.2835, 0.405, 0, 0.8758, 0, 0.1924, 0.3088, 0.162, 0.1012, 0.7948, 0.2025, 0.3189, 0.0607, 0.3999, 0.1569, 0.324, 0.243, 0.5062, 0.4506, 0.7442, 0.5771, 0.2734, 0.3189, 0.2278, 0.6632, 0.4252, 0.1924, 0.9771, 0.2481, 0.4911, 0.2936, 0.1468, 0.6834, 0, 0, 0, 0.2227, 0.9771, 0.1721, 0.5872, 0.0506]
    ],
    [
      [0.1404, 0.1146, 0, 0.037, 0, 0.0111, 0.0074, 0.0684, 0, 0.0628, 0.0813, 0.1386, 0.0166, 0.1958, 0, 0.1016, 0.1127, 0.0333, 0.0351, 0.2392, 0.0333, 0.0443, 0.0148, 0, 0, 0, 0.0887, 0.1681, 0.0813, 0.1922, 0.0998, 0.0721, 0.1293, 0.0462, 0.1349, 0.1127, 0.0554, 0.2531, 0.109, 0.1035, 0.0351, 0.0203, 0.833, 0.0887, 0.0018, 0.0333, 0.0111, 0.2346, 0.0259, 0.1718, 0.0055],
      [18.8297, 13.4158, 6.4695, 5.4404, 3.4135, 1.7752, 1.1835, 8.9288, 10.2942, 6.4285, 10.7926, 17.739, 2.5109, 25.1622, 11.9586, 1.7486, 12.961, 3.8949, 4.8266, 33.5532, 5.1666, 6.147, 2.5259, 10.4526, 3.3694, 12.2499, 12.294, 19.7705, 11.1106, 23.1398, 11.5258, 9.6312, 16.4186, 6.2839, 16.5114, 13.7558, 7.4453, 31.6317, 13.3231, 18.4761, 5.3035, 3.0956, 9.5007, 9.5916, 0.2959, 4.8487, 1.6162, 28.832, 2.7115, 27.3566, 1.2055],
      [0.3065, 0.2028, 0.1807, 0.0788, 0.0749, 0.0351, 0.0132, 0.1299, 0.2111, 0.1175, 0.1655, 0.277, 0.0346, 0.3802, 0.2013, 0.1814, 0.2269, 0.0718, 0.0596, 0.4898, 0.063, 0.0905, 0.0288, 0.1594, 0.0806, 0.1845, 0.163, 0.3024, 0.1754, 0.3433, 0.1905, 0.1483, 0.2305, 0.0871, 0.2566, 0.2165, 0.11, 0.4928, 0.1942, 0.2361, 0.1017, 0.0553, 0.199, 0.1787, 0.0043, 0.0703, 0.0852, 0.5137, 0.054, 0.3568, 0.0243],
      [55.3212, 47.1229, 23.7779, 14.0748, 7.3087, 4.0679, 2.7221, 27.1903, 40.8011, 26.7639, 32.1488, 55.4617, 6.4379, 78.3061, 43.1464, 47.5229, 46.574, 13.6679, 13.7281, 100.1902, 12.405, 17.2754, 5.283, 33.5577, 9.3102, 36.6431, 34.5687, 69.08, 31.821, 78.4059, 41.1876, 28.4288, 51.9301, 18.1215, 54.7503, 45.7895, 21.8358, 102.0947, 44.2851, 36.1511, 13.2091, 7.6258, 43.4526, 37.2554, 0.6796, 12.7157, 4.1767, 95.0765, 10.9504, 63.3989, 1.7093],
      [1.4022, 1.1439, 0.5719, 0.369, 0.2029, 0.1107, 0.0738, 0.6826, 1.6936, 0.6273, 0.8118, 1.3837, 0, 1.9557, 0.6937, 5.4455, 1.1254, 0.3321, 0.3505, 2.5276, 0.3321, 0.4428, 0.1476, 0.8302, 0.2398, 0.9225, 0.8856, 1.6789, 0.8118, 1.9188, 0.9963, 0.7195, 1.2915, 0.4612, 1.3468, 1.1254, 0.5535, 2.5276, 1.0885, 1.0332, 0.3505, 0.2029, 1.0147, 0.8856, 0.0184, 0.3321, 0.1107, 2.3431, 0.2583, 1.7158, 0.0553]
    ],
    [
      [3.2267, 1.7942, 0.0277, 0.9433, 0.0185, 0.5796, 0.0559, 0.2455, 1.2681, 1.4223, 1.1971, 2.1127, 0.3895, 3.2461, 1.2414, 1.0162, 1.4869, 1.0697, 1.3494, 3.2608, 1.4767, 1.5672, 0.299, 0.0462, 0, 1.3771, 2.3286, 1.7582, 1.8044, 3.0522, 2.4911, 2.2225, 1.2968, 1.7758, 3.6789, 2.1034, 0.8611, 3.7177, 1.3337, 2.5068, 1.6078, 0.4449, 3.6357, 2.3637, 0.5567, 1.3955, 0.9691, 3.7445, 1.0974, 5.4815, 0.4993],
      [0.7293, 0.4102, 0.2849, 0.2051, 0.5096, 0.1367, 0.1798, 0.0456, 0.2963, 0.3304, 0.2621, 0.4672, 0.0912, 0.7179, 0.2849, 0.2165, 0.3304, 0.2393, 0.319, 0.7634, 0.3418, 0.3646, 0.0684, 1.2432, 0.1139, 0.319, 0.5355, 0.3988, 0.3988, 0.7179, 0.5811, 0.4786, 0.2849, 0.4102, 0.8432, 0.4672, 0.1937, 0.8204, 0.2849, 0.5014, 0.319, 0.0912, 0, 0.3861, 0.0684, 0.319, 0.2279, 0.8318, 0, 1.1509, 0.1026],
      [0.7743, 0.4054, 0.3713, 0.7248, 0.1233, 0.1455, 0.0431, 0.0789, 0.3499, 0.3234, 0.2914, 0.5078, 0.0936, 0.7529, 0.3155, 0.2322, 0.3716, 0.2408, 0.2906, 0.8266, 0.3189, 0.354, 0.0694, 0.3295, 0.5808, 0.3451, 0.5135, 0.4229, 0.425, 0.7104, 0.5685, 0.4769, 0.3031, 0.3857, 0.8179, 0.4778, 0.208, 0.8808, 0.2948, 0.5529, 0.3476, 0.1143, 2.9354, 0.727, 0.0021, 0.3088, 0.2935, 0.9562, 0.3533, 1.1499, 0.1119],
      [51.6319, 29.012, 20.2645, 13.9947, 7.3111, 9.7547, 3.2284, 3.0993, 20.7213, 23.3464, 18.5156, 32.8566, 6.7396, 50.6215, 20.2823, 14.8387, 23.2336, 16.8584, 22.8002, 54.1464, 24.2141, 25.9617, 4.8715, 23.1594, 8.0827, 22.4335, 38.1595, 28.3027, 28.0458, 51.1234, 41.2898, 33.8281, 19.9737, 29.2968, 60.0273, 33.1046, 13.695, 58.0336, 20.0969, 35.1702, 22.3899, 6.3452, 52.5781, 39.8993, 4.8608, 22.7928, 15.4954, 58.4696, 17.0144, 81.0739, 7.1917],
      [7.6378, 4.3781, 4.0516, 2.1321, 1.0376, 1.3835, 0.4928, 0.5307, 3.3643, 3.5774, 2.7339, 5.0557, 0.6862, 7.6617, 2.8759, 2.6964, 3.5774, 2.5918, 3.2408, 8.0027, 3.6484, 3.7525, 0.6917, 3.2218, 1.2225, 3.5253, 5.4629, 4.1173, 4.326, 7.396, 6.0695, 4.9939, 3.1415, 4.1314, 8.6326, 4.847, 2.0421, 8.5475, 2.9897, 5.2688, 3.3356, 1.0045, 7.8509, 5.6239, 0.512, 3.1838, 3.0141, 8.998, 2.5349, 12.1438, 1.0945]
    ]
  ],
  "V_est": [
    [0, 292.9145, 648.588, 494.0643, 51.4332],
    [727.6156, 312.3988, 37.4669, 820.2454, 120.2734],
    [92.3579, 168.9878, 253.9115, 11925.6378, 122.105],
    [90.532, 72.0575, 4607.4272, 1403.7212, 430.2622],
    [5.4536, 46.0437, 395.172, 3141.5835, 17.7472],
    [4.5956, 546.9139, 8.8354, 1749.5093, 48.1458],
    [83.4453, 19.6839, 23.599, 1370.2385, 205.0333]
  ],
  "p_est": [
    [0, 0.197, 0.4362, 0.3323, 0.0346],
    [0.3606, 0.1548, 0.0186, 0.4065, 0.0596],
    [0.0074, 0.0135, 0.0202, 0.9493, 0.0097],
    [0.0137, 0.0109, 0.6977, 0.2126, 0.0652],
    [0.0015, 0.0128, 0.1096, 0.8712, 0.0049],
    [0.0019, 0.2319, 0.0037, 0.7419, 0.0204],
    [0.049, 0.0116, 0.0139, 0.8051, 0.1205]
  ],
  "EI_Z": {},
  "EI_V": 10.6358,
  "MAE_Z": {},
  "MAE_V": 184.3821,
  "MAE_p": 0.0626,
  "runtime": 1.421
}
