{
  "X": [
    [45, 90, 323, 15, 15],
    [81, 129, 436, 20, 19],
    [56, 68, 406, 20, 16],
    [26, 24, 166, 5, 9],
    [48, 224, 341, 28, 15],
    [46, 161, 294, 15, 17],
    [84, 190, 292, 14, 12],
    [39, 126, 173, 14, 7],
    [111, 320, 540, 23, 21],
    [56, 209, 302, 18, 17],
    [39, 113, 157, 7, 9],
    [38, 232, 225, 32, 15],
    [204, 794, 970, 86, 49],
    [35, 150, 146, 8, 7],
    [114, 334, 787, 36, 39],
    [27, 96, 128, 12, 8],
    [52, 238, 379, 33, 10],
    [68, 241, 341, 18, 20],
    [93, 270, 584, 29, 23],
    [16, 14, 131, 3, 10],
    [24, 37, 77, 3, 7],
    [43, 73, 244, 9, 7],
    [24, 47, 282, 8, 2],
    [7, 6, 90, 3, 10],
    [43, 77, 313, 15, 17],
    [13, 17, 108, 4, 13],
    [23, 56, 196, 16, 11],
    [43, 59, 337, 16, 5],
    [30, 19, 71, 5, 1],
    [48, 113, 233, 15, 7],
    [24, 32, 229, 11, 12],
    [31, 51, 127, 12, 6],
    [6, 21, 84, 5, 1],
    [45, 120, 267, 16, 7],
    [50, 110, 255, 9, 2],
    [18, 24, 95, 4, 3],
    [55, 79, 214, 8, 8],
    [57, 71, 157, 9, 9],
    [74, 80, 374, 10, 9],
    [11, 12, 69, 3, 5],
    [37, 37, 172, 2, 3],
    [9, 13, 36, 0, 0],
    [15, 21, 59, 6, 7],
    [4, 3, 76, 2, 2],
    [4, 8, 54, 2, 4],
    [126, 197, 311, 27, 18],
    [57, 155, 167, 24, 17],
    [66, 173, 273, 16, 6],
    [26, 59, 147, 10, 5],
    [5, 6, 30, 2, 0],
    [26, 37, 180, 7, 5],
    [31, 58, 89, 3, 6],
    [174, 314, 876, 22, 26],
    [26, 39, 130, 6, 3],
    [10, 19, 115, 3, 3],
    [14, 11, 53, 1, 1],
    [36, 89, 346, 8, 24],
    [40, 64, 252, 7, 6],
    [3, 5, 35, 1, 3],
    [41, 89, 178, 11, 10],
    [35, 70, 140, 6, 5],
    [26, 40, 191, 7, 6],
    [11, 13, 81, 4, 2],
    [44, 53, 159, 4, 10],
    [37, 75, 163, 7, 11],
    [25, 37, 158, 5, 14],
    [31, 61, 158, 6, 2],
    [10, 15, 43, 2, 3],
    [6, 26, 141, 6, 3],
    [26, 33, 115, 2, 3],
    [1, 3, 16, 0, 3],
    [424, 974, 2458, 153, 115],
    [24, 40, 122, 5, 4],
    [85, 169, 377, 15, 10],
    [278, 347, 1002, 44, 46],
    [24, 36, 115, 2, 5]
  ],
  "W": [
    [16, 40, 83, 304, 24, 21],
    [32, 85, 113, 387, 46, 22],
    [26, 55, 67, 378, 19, 21],
    [25, 22, 19, 137, 17, 10],
    [31, 62, 164, 315, 69, 15],
    [27, 49, 115, 280, 37, 25],
    [18, 63, 162, 288, 32, 29],
    [14, 54, 98, 150, 28, 15],
    [34, 96, 272, 518, 59, 36],
    [21, 47, 172, 277, 52, 33],
    [9, 48, 79, 151, 27, 11],
    [32, 51, 187, 204, 40, 28],
    [67, 187, 609, 968, 186, 86],
    [10, 27, 126, 145, 24, 14],
    [48, 137, 230, 768, 80, 47],
    [5, 25, 80, 127, 26, 8],
    [57, 63, 178, 347, 49, 18],
    [35, 83, 181, 322, 47, 20],
    [38, 106, 205, 565, 43, 42],
    [5, 16, 11, 127, 7, 8],
    [8, 19, 30, 69, 16, 6],
    [16, 46, 60, 216, 27, 11],
    [7, 20, 44, 264, 12, 16],
    [5, 7, 6, 83, 6, 9],
    [17, 44, 53, 319, 14, 18],
    [6, 7, 13, 105, 16, 8],
    [9, 20, 45, 204, 13, 11],
    [10, 46, 53, 320, 15, 16],
    [3, 29, 17, 71, 4, 2],
    [18, 46, 76, 220, 37, 19],
    [7, 18, 33, 223, 13, 14],
    [4, 27, 47, 128, 8, 13],
    [2, 9, 16, 73, 10, 7],
    [7, 44, 95, 249, 45, 15],
    [13, 51, 88, 236, 28, 10],
    [5, 13, 19, 90, 9, 8],
    [10, 46, 73, 193, 31, 11],
    [10, 59, 56, 141, 26, 11],
    [28, 72, 66, 347, 19, 15],
    [6, 10, 15, 62, 3, 4],
    [14, 39, 33, 147, 9, 9],
    [3, 10, 13, 29, 2, 1],
    [7, 9, 16, 61, 9, 6],
    [4, 2, 2, 74, 0, 5],
    [1, 4, 10, 51, 3, 3],
    [23, 107, 156, 285, 73, 35],
    [12, 49, 137, 151, 48, 23],
    [18, 76, 111, 264, 45, 20],
    [13, 25, 53, 129, 12, 15],
    [3, 3, 5, 31, 0, 1],
    [11, 24, 25, 182, 5, 8],
    [7, 38, 33, 89, 15, 5],
    [72, 153, 226, 840, 63, 58],
    [6, 24, 32, 119, 14, 9],
    [5, 7, 17, 104, 7, 10],
    [3, 12, 9, 51, 2, 3],
    [17, 40, 63, 331, 26, 26],
    [16, 41, 48, 223, 26, 15],
    [3, 2, 2, 30, 6, 4],
    [12, 34, 76, 161, 30, 16],
    [5, 36, 56, 123, 26, 10],
    [1, 31, 31, 173, 19, 15],
    [5, 14, 10, 66, 3, 13],
    [18, 39, 50, 140, 14, 9],
    [13, 36, 55, 154, 23, 12],
    [25, 30, 24, 139, 13, 8],
    [7, 27, 46, 149, 15, 14],
    [4, 12, 7, 36, 10, 4],
    [6, 11, 17, 123, 17, 8],
    [9, 8, 27, 114, 16, 5],
    [0, 3, 3, 16, 0, 1],
    [130, 464, 747, 2332, 266, 185],
    [9, 18, 32, 113, 15, 8],
    [9, 98, 133, 347, 49, 20],
    [61, 246, 315, 951, 75, 69],
    [1, 33, 28, 106, 5, 9]
  ],
  "method": "mult",
  "cond_prob": [
    [
      [0.032727186683, 0.13536080373, 0.68747702383, 0.022458333548, 0.12197665221],
      [0.67478928242, 0.10095764781, 0.22001263082, 0.002726465628, 0.00151397332],
      [0.032835149238, 0.91444114736, 0.0041312637234, 0.048486284461, 0.00010615521492],
      [0.036858146944, 0.0072055135867, 0.91753484437, 0.016418866702, 0.021982628402],
      [0.11345037307, 0.57563681109, 0.089658626907, 0.13906250328, 0.082191685653],
      [0.053761085687, 0.039438765997, 0.5972020944, 0.11877829765, 0.19081975627]
    ],
    [
      [0.03233589302, 0.1305078725, 0.70501023033, 0.021178812103, 0.11096719205],
      [0.669506936, 0.098388588411, 0.22810970799, 0.0025995525155, 0.0013952150805],
      [0.033726847881, 0.91425310934, 0.0044064572529, 0.047512958144, 0.00010062738593],
      [0.035713903784, 0.0068165334382, 0.92263219573, 0.01518679018, 0.019650576872],
      [0.11620890424, 0.57494629966, 0.095435823795, 0.13576521406, 0.077643758245],
      [0.053710363244, 0.038471208274, 0.61943759483, 0.11305959864, 0.17532123502]
    ],
    [
      [0.032594403124, 0.1204154456, 0.70401057388, 0.030087280343, 0.11289229705],
      [0.67661514445, 0.090689270251, 0.22759021799, 0.0036886563449, 0.001416710969],
      [0.035684275822, 0.88871184653, 0.0046183389039, 0.070878201743, 0.00010733700456],
      [0.035814622071, 0.0062525300615, 0.9166016642, 0.021461119953, 0.019870063713],
      [0.11529781804, 0.52309970114, 0.09375873246, 0.19015725564, 0.077686492723],
      [0.051686759263, 0.033865948356, 0.59045458594, 0.15361486875, 0.17037783769]
    ],
    [
      [0.036500078876, 0.10382943364, 0.72681089625, 0.01572599497, 0.11713359627],
      [0.70895915637, 0.071957255808, 0.21596519839, 0.00177277241, 0.0013456170219],
      [0.04656496981, 0.90452632899, 0.0055418192645, 0.043237863246, 0.00012901869007],
      [0.039156207363, 0.0052502068116, 0.92462008591, 0.010945586348, 0.020027913569],
      [0.15022781261, 0.52786513956, 0.11215367616, 0.1163483547, 0.093405016975],
      [0.0606559211, 0.03052892519, 0.63826520981, 0.084718670977, 0.18583127293]
    ],
    [
      [0.023782918903, 0.16777313026, 0.68608724158, 0.026463506768, 0.095893202486],
      [0.58294776908, 0.1494960349, 0.26229245267, 0.0038393923325, 0.001424351017],
      [0.019652557254, 0.92985268116, 0.0033961367536, 0.047029760906, 6.8863930298e-05],
      [0.027109070285, 0.0090460336747, 0.92674111574, 0.019584805435, 0.01751897487],
      [0.074115108938, 0.64025156077, 0.080493297873, 0.14697891168, 0.058161120738],
      [0.040128509412, 0.050245379578, 0.61228457549, 0.1434093918, 0.15393214372]
    ],
    [
      [0.028916291116, 0.17675940142, 0.65619414048, 0.018578331833, 0.11955183515],
      [0.63255723284, 0.14018985399, 0.22327452817, 0.0023987002931, 0.0015796847094],
      [0.022939595748, 0.94215415953, 0.00311771413, 0.031706160403, 8.2370191445e-05],
      [0.034174220133, 0.0098780616236, 0.91906056323, 0.014254208908, 0.022632946109],
      [0.088529921842, 0.6631900063, 0.075596379094, 0.10148544981, 0.071198242947],
      [0.049784715286, 0.053997496278, 0.59747638358, 0.10285780496, 0.1958835999]
    ],
    [
      [0.046592454263, 0.17120632534, 0.67384583801, 0.016638331175, 0.091717051213],
      [0.73410207701, 0.098000376101, 0.1654726417, 0.0015504846458, 0.00087442054305],
      [0.03771408295, 0.92998506399, 0.0032668090964, 0.028969580554, 6.4463407417e-05],
      [0.053020895914, 0.0092149187972, 0.90875527146, 0.012292512559, 0.016716401275],
      [0.14153940027, 0.63705253124, 0.077047980405, 0.090154514873, 0.054205573206],
      [0.081149801986, 0.052921881154, 0.62072721075, 0.093147454614, 0.1520536515]
    ],
    [
      [0.026752308284, 0.16799915252, 0.6955249306, 0.025182260622, 0.084541347973],
      [0.61036212537, 0.13881753895, 0.24627614317, 0.0033859711207, 0.0011582213887],
      [0.022014462012, 0.92990193506, 0.0034218429406, 0.044601636611, 6.0123380757e-05],
      [0.030082666568, 0.0089309741442, 0.9274388425, 0.018380788392, 0.015166728398],
      [0.083514631226, 0.64306748784, 0.081566165136, 0.14061489764, 0.051236818153],
      [0.045638572252, 0.050842929045, 0.62736873665, 0.13848149082, 0.13766827123]
    ],
    [
      [0.03737797194, 0.16512415792, 0.68627538797, 0.015889163098, 0.095333319072],
      [0.68841178676, 0.11091387533, 0.19786689261, 0.0017380340112, 0.0010694112934],
      [0.031625072713, 0.93591862234, 0.0034808783435, 0.028905193333, 7.0233268157e-05],
      [0.042288850761, 0.0088392815422, 0.91988401846, 0.011672771086, 0.017315078149],
      [0.11970682645, 0.64736439829, 0.08283103619, 0.090610338746, 0.059487400329],
      [0.065423240566, 0.051314111101, 0.63545588118, 0.089226119198, 0.15858064795]
    ],
    [
      [0.034013716588, 0.16128517978, 0.67920947353, 0.017435467647, 0.10805616245],
      [0.67217847957, 0.11562216461, 0.20887293544, 0.0020350827749, 0.0012913376057],
      [0.029383779948, 0.93462635392, 0.0035140976807, 0.032394639025, 8.1129428747e-05],
      [0.038863088813, 0.0087166285083, 0.9196978356, 0.012933919395, 0.019788527688],
      [0.11002742039, 0.63877556997, 0.082678461388, 0.10050437084, 0.068014177408],
      [0.058579966147, 0.049298659474, 0.61864383373, 0.096445156271, 0.17703238437]
    ],
    [
      [0.029576441181, 0.17961272477, 0.65056294111, 0.014236401656, 0.12601149128],
      [0.63865293973, 0.14024348116, 0.21766681142, 0.0018085587053, 0.0016282089864],
      [0.023215835099, 0.94958886658, 0.0030525653185, 0.024057421437, 8.5311570782e-05],
      [0.035257984038, 0.010119764263, 0.91968105294, 0.011015211827, 0.023925986929],
      [0.091198004539, 0.67950591452, 0.07533372695, 0.078599293404, 0.075363060583],
      [0.051729678717, 0.055715807573, 0.60157786755, 0.080349512806, 0.21062713335]
    ],
    [
      [0.024030848718, 0.17669603996, 0.65351144878, 0.035541398382, 0.11022026416],
      [0.5878467443, 0.15676874015, 0.24862205293, 0.0051335934964, 0.0016288691236],
      [0.018634463062, 0.91897737902, 0.0030332282905, 0.059280707599, 7.422202936e-05],
      [0.028346437077, 0.0098591192319, 0.91375110911, 0.027218452096, 0.020824882489],
      [0.068711990072, 0.61851670876, 0.070278985523, 0.1811885878, 0.061303727845],
      [0.038753374857, 0.050572974722, 0.55732200761, 0.18418179304, 0.16916984977]
    ],
    [
      [0.034361813068, 0.17966462482, 0.65875374981, 0.025649249053, 0.10157056325],
      [0.66720955298, 0.12764892251, 0.20096508747, 0.0029684328398, 0.0012080042086],
      [0.026526335179, 0.92779752175, 0.0030503314814, 0.042557371605, 6.8439980754e-05],
      [0.040134185508, 0.0099317543008, 0.91139554465, 0.019454966983, 0.019083548559],
      [0.099754905102, 0.63818859945, 0.072137745163, 0.13239282223, 0.057525928058],
      [0.057908742961, 0.053774860725, 0.58740753776, 0.13845674084, 0.16245211771]
    ],
    [
      [0.039630943776, 0.17903399142, 0.66724849219, 0.014655433034, 0.099431139581],
      [0.70162349871, 0.11392277987, 0.18188885923, 0.0015174671174, 0.0010473950758],
      [0.030999319874, 0.94114069161, 0.0031194100128, 0.024673461702, 6.711680348e-05],
      [0.045829857465, 0.0097890525873, 0.91505998771, 0.011000405109, 0.01832069713],
      [0.12033606153, 0.66560672161, 0.076019241398, 0.079509921553, 0.058528053908],
      [0.069986214674, 0.056079405921, 0.62282870172, 0.08338716617, 0.16771851151]
    ],
    [
      [0.026727337159, 0.17537043394, 0.65664111339, 0.019881318395, 0.12137979712],
      [0.61263229395, 0.14685848071, 0.23609799047, 0.002711549426, 0.0016996854465],
      [0.021408039691, 0.94111755292, 0.0031542141582, 0.034235430897, 8.4762336126e-05],
      [0.031618917202, 0.0098160721762, 0.92021577766, 0.015272774116, 0.023076458848],
      [0.082166123444, 0.66016578818, 0.076119759692, 0.1087942677, 0.072754060993],
      [0.045742110356, 0.053290033459, 0.59457263423, 0.10911502415, 0.1972801978]
    ],
    [
      [0.032486268473, 0.15558312664, 0.64767835998, 0.026458137612, 0.1377941073],
      [0.67347796971, 0.1155866767, 0.20604946557, 0.0031975648435, 0.0016883231687],
      [0.028454298467, 0.91815154494, 0.0033879696049, 0.049902442632, 0.00010374435257],
      [0.038346787736, 0.008678869949, 0.90687434063, 0.02026836544, 0.025831636243],
      [0.10103960302, 0.59318816649, 0.075506093487, 0.14733481008, 0.082931326931],
      [0.05242202771, 0.044510897898, 0.55232725079, 0.13785428393, 0.21288553967]
    ],
    [
      [0.026512907515, 0.18215552769, 0.7000134409, 0.033349633923, 0.057968489965],
      [0.59861626145, 0.14953719164, 0.24659506434, 0.0044575472698, 0.00079393530233],
      [0.020023081477, 0.92260310396, 0.0031676607781, 0.054168074761, 3.8079026098e-05],
      [0.029605261965, 0.0096216189997, 0.92621301111, 0.024178158741, 0.010381949184],
      [0.076481217327, 0.64344521751, 0.076040611686, 0.17147632826, 0.032556625215],
      [0.044834750539, 0.054675614335, 0.62612874716, 0.18114742342, 0.093213464551]
    ],
    [
      [0.028107922304, 0.17467614146, 0.65227346078, 0.017815599874, 0.12712687559],
      [0.6268510417, 0.14183083953, 0.227242304, 0.0023551753412, 0.0017206394319],
      [0.022632971462, 0.94327834411, 0.0031464952873, 0.03085322977, 8.895937589e-05],
      [0.033411572739, 0.0098220130737, 0.91879660838, 0.013749589181, 0.024220216625],
      [0.08699105016, 0.66209202852, 0.076019208302, 0.098309591554, 0.076588121466],
      [0.048268645949, 0.053245815285, 0.59248852659, 0.098288661043, 0.20770835113]
    ],
    [
      [0.029474348625, 0.17761896781, 0.67291009387, 0.022006066016, 0.097990523677],
      [0.63137806782, 0.13880159279, 0.22574077686, 0.0028003875045, 0.001279175027],
      [0.023178331742, 0.93637130914, 0.0031725908727, 0.037210655725, 6.7112519368e-05],
      [0.034070488948, 0.0097131615768, 0.92151192575, 0.016517023779, 0.018187399948],
      [0.089136319221, 0.65786560542, 0.076703416741, 0.11854829748, 0.057746361134],
      [0.050753336211, 0.054297539156, 0.61299609601, 0.1216146616, 0.16033836703]
    ],
    [
      [0.028743477241, 0.11004093954, 0.64175025812, 0.013551900524, 0.20591342457],
      [0.67581920572, 0.091253501829, 0.22829161843, 0.0018272747022, 0.0028083993225],
      [0.03465447083, 0.92524303928, 0.0046205233588, 0.035269545183, 0.00021242134917],
      [0.03436233145, 0.0061760352482, 0.91001446435, 0.010505781704, 0.038941387246],
      [0.11295270226, 0.5402155337, 0.094362248647, 0.09641538506, 0.15605413034],
      [0.045696677227, 0.030852312501, 0.53890178157, 0.070364781772, 0.31418444693]
    ],
    [
      [0.041364249366, 0.13240102673, 0.64632535149, 0.011839124908, 0.16807024751],
      [0.73864471702, 0.083722817412, 0.17467516495, 0.0012164919498, 0.0017408086654],
      [0.042540227646, 0.92709185724, 0.0039556469457, 0.026264790509, 0.00014747766337],
      [0.04869856158, 0.0073511415544, 0.90368021474, 0.0090404458431, 0.031229636278],
      [0.14650410886, 0.57769891253, 0.08541880156, 0.075663151848, 0.1147150252],
      [0.068231214028, 0.038647694065, 0.56297807033, 0.063569335793, 0.26657368578]
    ],
    [
      [0.032247169933, 0.13982247423, 0.73219216514, 0.017752347817, 0.077985842883],
      [0.6606320529, 0.103597817, 0.23267075508, 0.0021403368235, 0.00095903819902],
      [0.031673276321, 0.92642140956, 0.004303957951, 0.037535097081, 6.6259085896e-05],
      [0.034646009175, 0.0070979366033, 0.9324991609, 0.012379638485, 0.013377254835],
      [0.11582720614, 0.61677838527, 0.098869975406, 0.11413268539, 0.054391747799],
      [0.055998047224, 0.043054104802, 0.67231367538, 0.099445055345, 0.12918911725]
    ],
    [
      [0.031513139351, 0.14443282222, 0.78066720972, 0.019225372883, 0.024161455825],
      [0.64560019766, 0.10598614161, 0.24582368625, 0.0022956930771, 0.00029428140197],
      [0.029822262631, 0.92655655303, 0.0044233440768, 0.039178065109, 1.9775150196e-05],
      [0.032160374203, 0.006957571846, 0.9442132546, 0.012733058516, 0.0039357408387],
      [0.1134998058, 0.64001810195, 0.10562522297, 0.12397914088, 0.016877728409],
      [0.056791691651, 0.046107392478, 0.7436953407, 0.11187542018, 0.041530154989]
    ],
    [
      [0.022921126654, 0.072509672391, 0.64547231928, 0.016977405265, 0.24211947641],
      [0.65387603127, 0.070498358497, 0.26908081231, 0.002684209933, 0.0038605879838],
      [0.0393823289, 0.89060118815, 0.0066073940979, 0.063054553404, 0.00035453544485],
      [0.027234905453, 0.0040258855903, 0.91032209059, 0.013073692467, 0.045343425905],
      [0.1062321701, 0.42437531283, 0.11127369615, 0.14284354439, 0.21527527653],
      [0.034491596766, 0.019156888511, 0.51231598025, 0.08384240391, 0.35019313056]
    ],
    [
      [0.029972980814, 0.16893612944, 0.62946732119, 0.026926992682, 0.14469657588],
      [0.65010676334, 0.13256524012, 0.21200008047, 0.003438980193, 0.0018889358715],
      [0.024298729622, 0.92555538633, 0.0030567257723, 0.046987460469, 0.00010169781131],
      [0.03635247083, 0.0096776157525, 0.90470140407, 0.021198014267, 0.028070495079],
      [0.088765334756, 0.61513428577, 0.070141176502, 0.14267626183, 0.083282941143],
      [0.048541453341, 0.048501535004, 0.53909975464, 0.14061441389, 0.22324284312]
    ],
    [
      [0.034038066361, 0.096070160662, 0.61015053841, 0.014672397453, 0.24506883712],
      [0.72994985882, 0.071295914647, 0.19399071088, 0.0017706357811, 0.0029928798722],
      [0.046485466896, 0.90502655334, 0.0049717222187, 0.043229513246, 0.00028674429903],
      [0.041982917329, 0.0055737252748, 0.89285093388, 0.011736150262, 0.047856273258],
      [0.13650770148, 0.47711023779, 0.091276069657, 0.10589478857, 0.18921120251],
      [0.051918543291, 0.025864128188, 0.49118828051, 0.072782331715, 0.35824671629]
    ],
    [
      [0.030012887979, 0.15296642958, 0.62829416119, 0.040549823541, 0.14817669772],
      [0.66059379679, 0.12032222923, 0.21196578605, 0.0051885626742, 0.0019296252658],
      [0.025920003554, 0.89528611264, 0.0032465453083, 0.075436945345, 0.00011039315068],
      [0.036075533928, 0.0086792147295, 0.89524873331, 0.031628128977, 0.028368389059],
      [0.087468484328, 0.54824373395, 0.068725211968, 0.2119103614, 0.083652208351],
      [0.045346251703, 0.040937678673, 0.50172353534, 0.19813838933, 0.21385414495]
    ],
    [
      [0.031713109871, 0.14101473086, 0.74514945138, 0.031799272921, 0.050323434969],
      [0.65242311294, 0.10499070225, 0.23811013398, 0.003853224527, 0.00062282630191],
      [0.029982625545, 0.90104166735, 0.004219782375, 0.064714709939, 4.1214791182e-05],
      [0.033379024053, 0.0070103143403, 0.92941944672, 0.021724599532, 0.0084666153526],
      [0.1057711481, 0.57830660456, 0.093511188021, 0.18979961127, 0.03261144805],
      [0.052741737746, 0.041574975893, 0.65535407118, 0.1705589505, 0.079770264682]
    ],
    [
      [0.047421002975, 0.14489652147, 0.71173182391, 0.044164302372, 0.051786349281],
      [0.74426506192, 0.081036045592, 0.17023081798, 0.0040031972468, 0.00046487726685],
      [0.041242491505, 0.87189339873, 0.0036822546527, 0.08314424144, 3.7613675524e-05],
      [0.050648169257, 0.0072765936177, 0.90293309778, 0.030564400502, 0.0085777388434],
      [0.13722634428, 0.52195833139, 0.076892303762, 0.23525418055, 0.028668840012],
      [0.073427645835, 0.039623932514, 0.5820796703, 0.22667906732, 0.078189684031]
    ],
    [
      [0.035757864463, 0.17852970425, 0.69599059338, 0.024338620975, 0.065383216936],
      [0.67205718875, 0.12144883711, 0.20305933168, 0.002694906895, 0.00073973556793],
      [0.027627185997, 0.9286455006, 0.0032185987417, 0.040464922514, 4.3792144446e-05],
      [0.039933303682, 0.0094239731727, 0.92132001763, 0.017644113251, 0.011678592265],
      [0.10606629707, 0.64963693918, 0.077627524783, 0.12897665878, 0.037692580175],
      [0.062066990113, 0.054965228573, 0.63881472655, 0.13603040038, 0.10812265438]
    ],
    [
      [0.032612693154, 0.11042054274, 0.67995929142, 0.027628550756, 0.14937892193],
      [0.69069304642, 0.083478316804, 0.22055805782, 0.0033985197123, 0.0018720592422],
      [0.038487613768, 0.8863234808, 0.0048024572955, 0.07023420269, 0.00015224544313],
      [0.036828460921, 0.0058819915484, 0.91015132537, 0.020245844532, 0.026892377625],
      [0.11959884816, 0.49901712195, 0.093601892253, 0.18163281264, 0.106149325],
      [0.050683571647, 0.030380029427, 0.55850656355, 0.13883485475, 0.22159498062]
    ],
    [
      [0.040459009101, 0.15118474699, 0.65355890233, 0.039699074543, 0.11509826703],
      [0.72009745468, 0.096281234513, 0.17830317442, 0.0041104502028, 0.0012076861871],
      [0.035027151144, 0.88743119094, 0.0033794391956, 0.074076679925, 8.5538794491e-05],
      [0.046674389825, 0.0082321994929, 0.89431586262, 0.029713522664, 0.0210640254],
      [0.11739733373, 0.53971999968, 0.071077208569, 0.2072208444, 0.064584613617],
      [0.062085858117, 0.041093195891, 0.52999341085, 0.19759101458, 0.16923652056]
    ],
    [
      [0.018930819981, 0.14476602743, 0.77671409651, 0.027944434101, 0.031644621975],
      [0.53250486746, 0.14041292433, 0.32217933562, 0.0044025966212, 0.00050027597684],
      [0.017450146946, 0.92262306493, 0.0042601466751, 0.055641893672, 2.4747777624e-05],
      [0.019492490894, 0.0070083714623, 0.9497292788, 0.018652649325, 0.0051172095154],
      [0.066670981118, 0.63197222151, 0.10174981327, 0.17823932934, 0.021367654758],
      [0.032854951829, 0.044326079976, 0.71116210052, 0.15870183784, 0.052955029838]
    ],
    [
      [0.032165570572, 0.15372666253, 0.72350862882, 0.022746970426, 0.067852167656],
      [0.65456240561, 0.11325599671, 0.22862285588, 0.0027279068837, 0.00083083491724],
      [0.028740190468, 0.923607124, 0.0038700984086, 0.043730062301, 5.2524821902e-05],
      [0.034864168133, 0.0078777216768, 0.92949554103, 0.016005520719, 0.011757048436],
      [0.10664368085, 0.62479121686, 0.090214263666, 0.134638702, 0.043712136623],
      [0.055468033652, 0.047029239168, 0.65976446877, 0.126221424, 0.11151683441]
    ],
    [
      [0.035855742925, 0.16860063386, 0.75518154723, 0.016671211497, 0.023690864492],
      [0.66637204375, 0.11349865467, 0.21803829616, 0.0018263436337, 0.00026466178322],
      [0.029608809159, 0.93701229938, 0.0037328530513, 0.029629116285, 1.6922120901e-05],
      [0.037601981272, 0.0083579917326, 0.93872491006, 0.011348535118, 0.0039665818214],
      [0.11737699076, 0.67699485349, 0.092970737681, 0.097595865217, 0.015061552857],
      [0.06622318628, 0.055237197864, 0.73756429785, 0.099231591121, 0.041743726887]
    ],
    [
      [0.043625089871, 0.14702892332, 0.71030694504, 0.020288032172, 0.078751009598],
      [0.73220316501, 0.086403240376, 0.17869815976, 0.0019371500399, 0.00075828482283],
      [0.039519855473, 0.91690763912, 0.0038354230168, 0.039676225846, 6.0856544629e-05],
      [0.047461134035, 0.007527426697, 0.91718138824, 0.014311980731, 0.0135180703],
      [0.14346169766, 0.59882772671, 0.087173885307, 0.12069542949, 0.049841260838],
      [0.074375534711, 0.044273284252, 0.63933382723, 0.11294654565, 0.12907080816]
    ],
    [
      [0.041282864648, 0.12951538418, 0.71723761305, 0.014978795884, 0.096985342237],
      [0.72128985097, 0.081839234972, 0.19431466924, 0.0015401857209, 0.0010160590925],
      [0.04343599804, 0.91803750922, 0.0045146750355, 0.033923638319, 8.8179385378e-05],
      [0.044731088968, 0.0066322997529, 0.92133839076, 0.010534579623, 0.0167636409],
      [0.15133443482, 0.58260600853, 0.098811436471, 0.098239968272, 0.069008151906],
      [0.070645305171, 0.039307101223, 0.64896947619, 0.082653147726, 0.15842496969]
    ],
    [
      [0.037640660966, 0.14177635649, 0.67247246166, 0.020463281512, 0.12764723937],
      [0.70474225222, 0.096148076229, 0.19541974156, 0.0022576192314, 0.0014323107584],
      [0.036098467867, 0.91768328233, 0.0038544843724, 0.042258209877, 0.00010555555161],
      [0.04299497772, 0.0076509976424, 0.91096546851, 0.015170264118, 0.02321829201],
      [0.12607733562, 0.5834903219, 0.084594601473, 0.12290083911, 0.082936901897],
      [0.062065817166, 0.041452126389, 0.58627235555, 0.10901449459, 0.2011952063]
    ],
    [
      [0.038246140573, 0.14617439795, 0.72562752027, 0.017039400691, 0.072912540506],
      [0.69511848273, 0.096546238062, 0.20570162788, 0.0018317958726, 0.00080185545565],
      [0.035923809077, 0.92549109247, 0.0040833856778, 0.034442279646, 5.9433130198e-05],
      [0.04122519556, 0.007445850332, 0.92682456779, 0.011922610608, 0.012581775712],
      [0.13199302462, 0.61961461657, 0.094289895901, 0.10515453648, 0.048947926432],
      [0.066829041546, 0.045302754669, 0.67062939682, 0.095924557272, 0.12131424969]
    ],
    [
      [0.033256782243, 0.094462365181, 0.66377857165, 0.02315308544, 0.18534919549],
      [0.71554212316, 0.069801460178, 0.20966899411, 0.0027733059248, 0.0022141166318],
      [0.044552025233, 0.88278113379, 0.0052842084204, 0.067173808691, 0.00020882386876],
      [0.038218162779, 0.0050953274538, 0.90624183939, 0.017234824392, 0.033209845985],
      [0.13119652252, 0.46418630406, 0.097250844277, 0.16769646291, 0.13966986624],
      [0.050660938702, 0.025352938913, 0.53330925776, 0.11692623756, 0.27375062706]
    ],
    [
      [0.037273245097, 0.13633694325, 0.76781760512, 0.0071836418371, 0.051388564693],
      [0.68894276193, 0.090711231043, 0.2190041534, 0.0007770823306, 0.00056477129005],
      [0.037856703102, 0.94170973393, 0.0046611650666, 0.015727487619, 4.4910283528e-05],
      [0.03854201243, 0.0066505702461, 0.94154131438, 0.0048193550975, 0.0084467478437],
      [0.14494408072, 0.65394924343, 0.11206512121, 0.050334631192, 0.038706923454],
      [0.069050215921, 0.044727400944, 0.75190987485, 0.043210894847, 0.091101613441]
    ],
    [
      [0.036766750402, 0.14111039766, 0.82212285193, 0, 0],
      [0.68899008992, 0.089570643398, 0.22143926668, 0, 0],
      [0.035497374387, 0.95983869038, 0.0046639352334, 0, 0],
      [0.035907485617, 0.0064564286048, 0.95763608578, 0, 0],
      [0.15100211268, 0.72503436176, 0.12396352556, 0, 0],
      [0.074354730781, 0.050189370961, 0.87545589826, 0, 0]
    ],
    [
      [0.046532426647, 0.13622477913, 0.57786630434, 0.034426825735, 0.20494966415],
      [0.77534400074, 0.078052136327, 0.14148620007, 0.0032026445849, 0.0019150182717],
      [0.043635634301, 0.88321188351, 0.0032208199806, 0.069768515767, 0.00016314644302],
      [0.058609761663, 0.0080670941361, 0.86465928361, 0.028105657399, 0.040558203188],
      [0.1374362683, 0.49856925543, 0.063403614978, 0.18454306626, 0.11604779503],
      [0.067852230905, 0.035041769839, 0.44444621353, 0.16462630628, 0.28803347945]
    ],
    [
      [0.029859224855, 0.1414875772, 0.72241140816, 0.02306755338, 0.083174236406],
      [0.6755666143, 0.10005131509, 0.22075769724, 0.0026642218756, 0.0009601514902],
      [0.022884637531, 0.9353599084, 0.0032955993172, 0.038406233633, 5.3621118625e-05],
      [0.03239956054, 0.006956981488, 0.93039095948, 0.016192272448, 0.014060226048],
      [0.095784943998, 0.63175548227, 0.085382527633, 0.13657374858, 0.05050329752],
      [0.050454639169, 0.040936932369, 0.64211078076, 0.13058639121, 0.1359112565]
    ],
    [
      [0.02179756533, 0.091036747135, 0.64965207595, 0.019415197118, 0.21809841447],
      [0.64287732362, 0.086682585243, 0.26415393069, 0.0029932537491, 0.0032929066931],
      [0.030365537526, 0.90528455026, 0.0053628090922, 0.058736736805, 0.00025036631366],
      [0.025814189532, 0.005037644083, 0.91469885344, 0.014877355235, 0.039571957707],
      [0.092043882464, 0.4821161041, 0.1009314305, 0.15152411819, 0.17338446474],
      [0.033099516604, 0.024232352375, 0.51907244394, 0.098748766396, 0.32484692068]
    ],
    [
      [0.044957709994, 0.15362138779, 0.67198744194, 0.024413526779, 0.10501993349],
      [0.73366247557, 0.091400664899, 0.17152929622, 0.0023651847281, 0.0010423785887],
      [0.039718011331, 0.91026346359, 0.0035559822968, 0.046381849955, 8.0692823625e-05],
      [0.051014112905, 0.008245797169, 0.90364079354, 0.017986913743, 0.019112382644],
      [0.1394418057, 0.58368133345, 0.078489330277, 0.13495131507, 0.063436215502],
      [0.074192991503, 0.045003050381, 0.5866094002, 0.12936949422, 0.1648250637]
    ],
    [
      [0.037736397803, 0.14304844888, 0.63395014489, 0.029738622766, 0.15552638566],
      [0.7116340538, 0.097719544355, 0.18557351996, 0.0033069369327, 0.0017659449583],
      [0.035398986471, 0.90090410228, 0.0035557963587, 0.06001469676, 0.00012641813022],
      [0.044903303503, 0.0080500001078, 0.89448492168, 0.022972767611, 0.0295890071],
      [0.11791011307, 0.54743839745, 0.074420445585, 0.1657942113, 0.09443683259],
      [0.05876371562, 0.039527830718, 0.52197572036, 0.14893030154, 0.23080243176]
    ],
    [
      [0.033467627033, 0.20034317162, 0.69420090064, 0.021454682828, 0.050533617877],
      [0.64684273913, 0.14080960866, 0.20930164674, 0.0024547589899, 0.00059124647638],
      [0.023408067512, 0.94137238165, 0.0029074969783, 0.032281382569, 3.0671286452e-05],
      [0.037700871617, 0.010672138724, 0.92682357073, 0.015690507654, 0.0091129112752],
      [0.094725876501, 0.69510902127, 0.073951963567, 0.10838974203, 0.02782339663],
      [0.060486396046, 0.064253739654, 0.66358143892, 0.12470938356, 0.08696904182]
    ],
    [
      [0.034326991872, 0.14918441095, 0.7135350233, 0.028099645304, 0.074853928568],
      [0.67561220491, 0.10504580891, 0.21525226779, 0.0032178801864, 0.0008718382021],
      [0.030966577243, 0.91051871664, 0.0038456536908, 0.054610847074, 5.8205353589e-05],
      [0.037401462457, 0.0076753436521, 0.92207480211, 0.019866430169, 0.012981961611],
      [0.11098116135, 0.59263006835, 0.086482834859, 0.1630350502, 0.046870885241],
      [0.057181609842, 0.044030733174, 0.62813544449, 0.15148228994, 0.11916992255]
    ],
    [
      [0.052434512256, 0.18239554041, 0.71128499556, 0.053884951781, 0],
      [0.78099946068, 0.080805231423, 0.13436072655, 0.0038345813435, 0],
      [0.032990584972, 0.88979091341, 0.0026317109399, 0.074586790682, 0],
      [0.055590809989, 0.0089049556032, 0.89869117317, 0.036813061238, 0],
      [0.12415289082, 0.56348588486, 0.061039270994, 0.25132195333, 0],
      [0.080730482867, 0.048595042144, 0.57433558962, 0.29633888537, 0]
    ],
    [
      [0.035189589119, 0.18108889005, 0.67251945146, 0.026537973425, 0.084664095948],
      [0.6744887165, 0.12401237401, 0.19758611355, 0.0029549927555, 0.00095780318631],
      [0.026338287031, 0.92776719101, 0.0030105702928, 0.042829436409, 5.4515253436e-05],
      [0.040368013075, 0.0097874904496, 0.91466088309, 0.019748910243, 0.015434703139],
      [0.1009172939, 0.64251870831, 0.072366690347, 0.13721087855, 0.046986428896],
      [0.059650718867, 0.054297781834, 0.60250685555, 0.14622008033, 0.13732456341]
    ],
    [
      [0.032363609092, 0.1961514648, 0.61195508484, 0.011823375919, 0.14770646535],
      [0.66073788291, 0.14393107978, 0.19214537448, 0.0014098303854, 0.0017758324475],
      [0.023204675073, 0.95580679971, 0.0026157767606, 0.018282359879, 9.0388577919e-05],
      [0.040506531031, 0.011582986428, 0.90912042723, 0.0095996015023, 0.029190453804],
      [0.093281458831, 0.69694233607, 0.066036917857, 0.061544733664, 0.082194553577],
      [0.05667629409, 0.060833959884, 0.56631841579, 0.067382194353, 0.24878913588]
    ],
    [
      [0.039506056937, 0.17888827768, 0.6939906736, 0.012606689055, 0.075008302734],
      [0.6924098039, 0.11458928533, 0.19088194197, 0.0013152203915, 0.00080374840695],
      [0.03112078298, 0.94419913483, 0.0032788291353, 0.021349718341, 5.15347141e-05],
      [0.044374338057, 0.009506826814, 0.92337974777, 0.0091950283488, 0.013544059013],
      [0.12276078234, 0.68072959286, 0.08132692115, 0.06972980776, 0.045452895895],
      [0.071816986646, 0.057739937447, 0.66748796345, 0.073490156772, 0.12946495568]
    ],
    [
      [0.037889839832, 0.14608564192, 0.7330503146, 0.021670384725, 0.061303818924],
      [0.69559247348, 0.095710291836, 0.20572766817, 0.002308263265, 0.00066130324907],
      [0.034985731452, 0.91778800508, 0.0040412085057, 0.043136504856, 4.8550107941e-05],
      [0.04038682625, 0.007344654408, 0.92692492285, 0.014985092897, 0.010358503592],
      [0.12788874568, 0.60775101138, 0.092678004525, 0.13169224097, 0.039989997454],
      [0.065303829792, 0.044571315721, 0.66757888466, 0.12126002105, 0.10128594878]
    ],
    [
      [0.032205912333, 0.13315146074, 0.74998180176, 0.014676663474, 0.069984161695],
      [0.67120264083, 0.095583948931, 0.23067551233, 0.0017124538416, 0.00082544406552],
      [0.032549823579, 0.93084548147, 0.0045223567324, 0.032021841622, 6.0496591972e-05],
      [0.033942988786, 0.0065974306055, 0.93776953175, 0.010029209388, 0.011660839471],
      [0.1214486114, 0.62248357535, 0.1054366317, 0.099882774284, 0.050748407267],
      [0.0568546078, 0.041466324244, 0.69865547045, 0.084509998746, 0.11851359876]
    ],
    [
      [0.046599436108, 0.15499802442, 0.72576589965, 0.012349532758, 0.060287107058],
      [0.7431924405, 0.08503897162, 0.17014492734, 0.0010965818378, 0.00052707870696],
      [0.039299767414, 0.93440796922, 0.0036283909706, 0.022621784903, 4.2087490164e-05],
      [0.049886758486, 0.0077541245067, 0.9238701548, 0.0085565713755, 0.0099323908285],
      [0.15331796724, 0.64464859024, 0.088521126527, 0.075840637724, 0.037671678269],
      [0.083633331431, 0.0488557519, 0.68689683435, 0.074604944193, 0.10600913812]
    ],
    [
      [0.024523576228, 0.15299391612, 0.64565246436, 0.011092448966, 0.16573759432],
      [0.60928145786, 0.13752800082, 0.24908552617, 0.0016232097967, 0.0024818053487],
      [0.02262147183, 0.95166105323, 0.0035678637941, 0.022016873071, 0.00013273807306],
      [0.029525685687, 0.0087039310102, 0.92114533849, 0.0086694395506, 0.03195560526],
      [0.084940156379, 0.65067062989, 0.084149114003, 0.068612809485, 0.11162729024],
      [0.041809927183, 0.046254568936, 0.5821181922, 0.060874089836, 0.26894322184]
    ],
    [
      [0.032936796592, 0.14604314731, 0.74386876302, 0.014099527819, 0.063051765258],
      [0.66060169394, 0.10580555833, 0.23117156404, 0.0016623403439, 0.00075884334034],
      [0.031232493778, 0.93571212945, 0.0042219058479, 0.028781710183, 5.1760737915e-05],
      [0.035009408113, 0.0073322923979, 0.93722388924, 0.0097273397746, 0.010707070478],
      [0.11852613279, 0.6459681998, 0.1006303574, 0.090809651521, 0.044065658481],
      [0.059053223686, 0.046417530733, 0.70519711482, 0.081547557183, 0.10778457358]
    ],
    [
      [0.027028197753, 0.11216150988, 0.69147450559, 0.011105025461, 0.15823076131],
      [0.68790444258, 0.085136810648, 0.22367052413, 0.0013679093236, 0.0019203133195],
      [0.029860678771, 0.93882385418, 0.0044959338932, 0.026674643628, 0.00014488952758],
      [0.030452054157, 0.0058417241107, 0.92819396442, 0.0080901705455, 0.027422086771],
      [0.1095893308, 0.58569319378, 0.10170085528, 0.082915979576, 0.12010064056],
      [0.044993599241, 0.032403447968, 0.60376616053, 0.062008610623, 0.25682818164]
    ],
    [
      [0.038080682606, 0.14286213282, 0.68359529152, 0.020234616041, 0.11522727702],
      [0.70553675335, 0.095380999904, 0.1956078098, 0.0021983609843, 0.0012760759643],
      [0.036329379412, 0.91812340109, 0.0038995750804, 0.041552604113, 9.5040300579e-05],
      [0.042936269688, 0.0076126560044, 0.91390999212, 0.014808320223, 0.020732761962],
      [0.12799391234, 0.58895526052, 0.086273220103, 0.12162184684, 0.075155760191],
      [0.063470387654, 0.042224868145, 0.60232720549, 0.10872916377, 0.18324837494]
    ],
    [
      [0.034415501517, 0.14751216511, 0.71988056551, 0.014614972966, 0.083576794897],
      [0.6753557529, 0.10420306759, 0.21778728389, 0.001679360188, 0.00097453543806],
      [0.032272971762, 0.93411186028, 0.0040314541395, 0.029516296362, 6.7417454247e-05],
      [0.03748542716, 0.0075898031593, 0.93012740277, 0.010330655612, 0.014466711302],
      [0.12076543292, 0.63574580558, 0.094734560988, 0.091957219601, 0.05679698091],
      [0.060558922969, 0.046012166021, 0.6695446392, 0.083124460221, 0.14075981159]
    ],
    [
      [0.027754493377, 0.13494528473, 0.73186969245, 0.018239975635, 0.087190553803],
      [0.63028780894, 0.11008969899, 0.25602452482, 0.0024209653156, 0.0011770019304],
      [0.028075150919, 0.92767834386, 0.0044269627228, 0.039743512724, 7.6029770771e-05],
      [0.029920370753, 0.006863613153, 0.93549262836, 0.012760088906, 0.014963298826],
      [0.10234344182, 0.61336799921, 0.10130511131, 0.12068074316, 0.062302704507],
      [0.047782015956, 0.041142709121, 0.66602732161, 0.10157457173, 0.14347338159]
    ],
    [
      [0.028022418885, 0.1428987087, 0.75191893338, 0.025208604714, 0.051951334325],
      [0.63116140737, 0.11220003234, 0.25275280211, 0.0032165701702, 0.00066918801342],
      [0.025580322293, 0.92056008616, 0.0040837680463, 0.049735371203, 4.0452296918e-05],
      [0.029427522545, 0.007029392917, 0.93777653208, 0.017159302702, 0.0086072497596],
      [0.09615304593, 0.61605657381, 0.096096190608, 0.15739967843, 0.034294511224],
      [0.04808635946, 0.043158745828, 0.68099490862, 0.14206290733, 0.085697078756]
    ],
    [
      [0.040304245685, 0.12676442273, 0.67611083233, 0.011115215397, 0.14570528386],
      [0.72671914854, 0.082339833953, 0.18820183412, 0.0011740987741, 0.0015650846196],
      [0.043529347084, 0.92610735783, 0.0043641571701, 0.025863536463, 0.00013560145118],
      [0.045877874053, 0.0068140165541, 0.91270266595, 0.0082100643706, 0.026395379072],
      [0.14940830645, 0.57780301553, 0.094067827175, 0.074037642549, 0.10468320829],
      [0.067683320609, 0.037727329662, 0.60019469498, 0.060448151487, 0.23394650326]
    ],
    [
      [0.034392363861, 0.15721297995, 0.64885802514, 0.015814457189, 0.14372217386],
      [0.68441087424, 0.11269349853, 0.19934520195, 0.0018442138045, 0.0017062114742],
      [0.030321492583, 0.9361250943, 0.0034199452718, 0.030024106434, 0.00010936141254],
      [0.040729729312, 0.0087946849548, 0.91119770968, 0.012154638625, 0.027123237432],
      [0.11163254962, 0.62684600609, 0.079064763598, 0.091991476555, 0.090465204131],
      [0.057935258817, 0.046945085702, 0.57780950851, 0.086060028649, 0.23125011832]
    ],
    [
      [0.027005267612, 0.137859814, 0.63684039267, 0.015758589419, 0.18253593629],
      [0.64393082182, 0.11786344083, 0.23343071665, 0.0021908367506, 0.0025841839414],
      [0.026877763263, 0.93536905343, 0.0037883665538, 0.033808117221, 0.00015669953184],
      [0.032614348532, 0.0078505179116, 0.91207786209, 0.012347502714, 0.035109768756],
      [0.094803306247, 0.59753974333, 0.083869149781, 0.099611605916, 0.12417619472],
      [0.044014855258, 0.039771875126, 0.548604163, 0.083365387296, 0.28424371932]
    ],
    [
      [0.040017048824, 0.17689299579, 0.73322819218, 0.01737673665, 0.032485026548],
      [0.69306724739, 0.10979520586, 0.195049861, 0.0017542953485, 0.00033339039841],
      [0.03126407027, 0.93604443219, 0.0034238960802, 0.02924573532, 2.1866142721e-05],
      [0.042829773697, 0.008938116584, 0.93063155501, 0.012068324138, 0.0055322305724],
      [0.12407106041, 0.67446771062, 0.085274915438, 0.096678945624, 0.019507367905],
      [0.073268928212, 0.057379514836, 0.70954318771, 0.10294403518, 0.056864334063]
    ],
    [
      [0.028943069771, 0.14916563311, 0.67973269969, 0.015416579262, 0.12674201817],
      [0.65438193141, 0.11632284487, 0.22575268581, 0.0019502724237, 0.0015922654803],
      [0.025905900219, 0.94052930613, 0.0035934080513, 0.02987636558, 9.5020016558e-05],
