{
  "X": [
    [412, 1096, 1896, 2175, 155],
    [9, 56, 74, 122, 10],
    [23, 57, 77, 134, 13],
    [22, 31, 60, 169, 18],
    [17, 27, 71, 126, 12],
    [37, 32, 112, 210, 39],
    [29, 24, 100, 205, 31],
    [27, 32, 107, 147, 17],
    [15, 24, 33, 115, 15],
    [36, 61, 132, 211, 28],
    [9, 33, 67, 171, 20],
    [11, 29, 70, 162, 19],
    [11, 13, 50, 214, 15],
    [24, 41, 71, 191, 15],
    [18, 37, 63, 183, 16],
    [7, 62, 91, 152, 22],
    [14, 44, 52, 160, 12],
    [12, 50, 47, 119, 11],
    [12, 50, 67, 116, 12],
    [20, 50, 85, 195, 17],
    [23, 55, 88, 153, 8],
    [14, 69, 77, 169, 10],
    [9, 88, 123, 189, 17],
    [22, 55, 147, 106, 15],
    [28, 65, 204, 194, 13],
    [29, 96, 241, 205, 19],
    [26, 55, 207, 156, 18],
    [8, 56, 135, 103, 11],
    [20, 38, 121, 132, 6],
    [23, 45, 126, 145, 12],
    [17, 65, 122, 133, 11],
    [19, 32, 115, 145, 3],
    [28, 46, 79, 108, 12],
    [32, 32, 71, 101, 10],
    [30, 28, 73, 113, 9],
    [30, 43, 107, 108, 11],
    [13, 39, 117, 125, 12],
    [18, 38, 111, 135, 10],
    [35, 46, 123, 160, 11],
    [20, 30, 138, 201, 8],
    [11, 61, 90, 100, 17],
    [32, 54, 170, 186, 18],
    [31, 51, 181, 182, 23],
    [26, 43, 90, 131, 15],
    [24, 60, 132, 167, 16],
    [34, 60, 116, 177, 14],
    [33, 25, 103, 172, 12],
    [29, 60, 117, 144, 14],
    [18, 62, 169, 176, 15],
    [22, 46, 139, 130, 11],
    [22, 73, 195, 172, 27],
    [25, 69, 148, 169, 7],
    [19, 88, 169, 156, 12],
    [17, 78, 166, 132, 11],
    [18, 39, 121, 105, 13],
    [7, 39, 134, 98, 14],
    [28, 31, 134, 118, 9],
    [24, 45, 177, 121, 11],
    [28, 46, 173, 144, 15],
    [24, 41, 120, 113, 8],
    [16, 31, 164, 130, 11],
    [27, 27, 87, 89, 6],
    [17, 28, 157, 118, 12],
    [32, 36, 130, 100, 16],
    [13, 33, 121, 75, 11],
    [10, 43, 101, 75, 4],
    [24, 44, 211, 153, 11],
    [27, 42, 192, 124, 11],
    [22, 31, 173, 156, 14],
    [13, 67, 155, 130, 5],
    [19, 24, 164, 184, 22],
    [27, 29, 174, 156, 12],
    [21, 58, 132, 159, 8],
    [29, 53, 164, 107, 6],
    [17, 63, 209, 109, 14],
    [20, 64, 137, 130, 8],
    [17, 81, 192, 168, 12],
    [39, 52, 151, 148, 6],
    [34, 59, 119, 111, 11],
    [9, 60, 92, 126, 17],
    [15, 18, 102, 128, 20],
    [21, 29, 93, 115, 26],
    [8, 29, 67, 90, 12],
    [23, 55, 115, 134, 11],
    [21, 68, 114, 116, 17],
    [23, 51, 92, 119, 15],
    [11, 59, 64, 91, 10],
    [10, 54, 78, 84, 5],
    [12, 66, 72, 83, 7],
    [18, 53, 72, 91, 5]
  ],
  "W": [
    [510, 1022, 1461, 2172, 569],
    [12, 56, 58, 121, 24],
    [35, 55, 42, 133, 39],
    [29, 28, 46, 162, 35],
    [27, 25, 56, 123, 22],
    [54, 28, 85, 225, 38],
    [35, 26, 88, 206, 34],
    [43, 33, 82, 146, 26],
    [18, 23, 30, 116, 15],
    [57, 61, 101, 212, 37],
    [15, 34, 57, 179, 15],
    [22, 31, 55, 164, 19],
    [18, 18, 41, 210, 16],
    [35, 41, 62, 183, 21],
    [23, 43, 47, 180, 24],
    [22, 69, 64, 156, 23],
    [19, 35, 40, 165, 23],
    [16, 43, 29, 119, 32],
    [16, 60, 44, 115, 22],
    [32, 51, 49, 205, 30],
    [22, 59, 65, 154, 27],
    [22, 62, 56, 175, 24],
    [15, 88, 99, 201, 23],
    [33, 58, 112, 116, 26],
    [37, 64, 168, 195, 40],
    [39, 103, 183, 215, 50],
    [43, 53, 151, 158, 57],
    [22, 50, 105, 108, 28],
    [29, 31, 91, 140, 26],
    [36, 42, 105, 146, 22],
    [24, 63, 88, 136, 37],
    [29, 23, 99, 149, 14],
    [31, 41, 62, 123, 16],
    [43, 34, 51, 104, 14],
    [40, 27, 54, 113, 19],
    [39, 44, 91, 105, 20],
    [17, 30, 99, 124, 36],
    [27, 30, 93, 132, 30],
    [44, 42, 91, 172, 26],
    [28, 32, 116, 199, 22],
    [17, 73, 55, 107, 27],
    [39, 46, 149, 183, 43],
    [47, 54, 142, 187, 38],
    [30, 38, 76, 140, 21],
    [33, 58, 111, 159, 38],
    [44, 56, 98, 186, 17],
    [44, 23, 80, 169, 29],
    [36, 52, 106, 144, 26],
    [34, 59, 133, 173, 41],
    [38, 46, 103, 136, 25],
    [34, 69, 155, 184, 47],
    [36, 69, 111, 172, 30],
    [30, 86, 125, 162, 41],
    [32, 69, 123, 135, 45],
    [24, 49, 86, 113, 24],
    [18, 37, 105, 108, 24],
    [31, 31, 109, 124, 25],
    [35, 43, 148, 125, 27],
    [41, 59, 136, 144, 26],
    [35, 40, 96, 119, 16],
    [31, 29, 128, 145, 19],
    [34, 25, 60, 94, 23],
    [28, 27, 125, 121, 31],
    [38, 40, 110, 100, 26],
    [21, 28, 98, 77, 29],
    [12, 50, 76, 78, 17],
    [37, 50, 167, 161, 28],
    [43, 37, 149, 132, 35],
    [34, 33, 133, 158, 38],
    [19, 67, 127, 126, 31],
    [26, 27, 124, 206, 30],
    [44, 27, 145, 158, 24],
    [33, 59, 88, 155, 43],
    [58, 56, 120, 106, 19],
    [27, 63, 169, 124, 29],
    [31, 59, 104, 138, 27],
    [27, 85, 155, 173, 30],
    [47, 49, 121, 157, 22],
    [52, 59, 92, 109, 22],
    [17, 57, 75, 116, 39],
    [17, 20, 89, 134, 23],
    [32, 28, 75, 122, 27],
    [17, 29, 53, 89, 18],
    [30, 46, 98, 131, 33],
    [29, 72, 89, 119, 27],
    [29, 50, 76, 117, 28],
    [18, 46, 49, 96, 26],
    [13, 58, 61, 87, 12],
    [9, 62, 57, 83, 29],
    [16, 43, 51, 97, 32]
  ],
  "method": "mult",
  "cond_prob": [
    [
      [0.67074847935, 0.009823605555, 0.19024259945, 0.11109654571, 0.018088769928],
      [0.0051574793593, 0.87733731705, 0.084744280282, 0.032220587873, 0.00054033543695],
      [0.0073138026894, 0.013516465258, 0.96143807507, 0.016974011005, 0.00075764597963],
      [0.014881941436, 0.021154959289, 0.044667081984, 0.86799486614, 0.051301151155],
      [0.038028627589, 0.22610737403, 0.37028065042, 0.30813258621, 0.05745076175]
    ],
    [
      [0.63973630924, 0.007884623529, 0.19682510372, 0.13033396689, 0.025219996615],
      [0.00065155949736, 0.87244261092, 0.077797460495, 0.04753252169, 0.0015758473937],
      [0.0014453697108, 0.0075329228486, 0.95515390864, 0.033825376958, 0.0020424218398],
      [0.0040652816558, 0.011992934308, 0.028230815572, 0.89190532243, 0.06380564604],
      [0.029622768069, 0.21502265539, 0.35277439926, 0.32882313773, 0.073757039545]
    ],
    [
      [0.61728964104, 0.0072748982958, 0.22426163011, 0.12451802878, 0.026655801765],
      [0, 0.86148622749, 0.099128515249, 0.038271127928, 0.0011141293353],
      [0.00096426428483, 0.005370038526, 0.97008323572, 0.022155160511, 0.0014273009596],
      [0.0020152761992, 0.0087294819657, 0.058942611251, 0.862597966, 0.06771466458],
      [0.02785465972, 0.20454034175, 0.38758747207, 0.30463873683, 0.075378789625]
    ],
    [
      [0.66789602112, 0.0045632182267, 0.15741537822, 0.13779215961, 0.032333222813],
      [0.0024338949926, 0.86860990828, 0.073006710269, 0.053714013087, 0.0022354733691],
      [0.020092699495, 0, 0.92676743318, 0.04968044387, 0.0034594234537],
      [0, 0, 0, 0.91758299894, 0.082417001056],
      [0.04681720431, 0.18704540684, 0.30741326336, 0.35903682165, 0.099687303835]
    ],
    [
      [0.60711259548, 0.016601505906, 0.2005399, 0.14461471129, 0.031131287328],
      [0.00031641918108, 0.86636144977, 0.082781615247, 0.04874195338, 0.0017985624217],
      [0, 0.0028506901526, 0.95223030613, 0.041979981553, 0.0029390221591],
      [0, 0.0021632722678, 0.020740266764, 0.9034083682, 0.073688092764],
      [0.027274974658, 0.20304554358, 0.34726965288, 0.33667025931, 0.085739569576]
    ],
    [
      [0.63143682776, 0.0049899124527, 0.18709601305, 0.12413115716, 0.052346089577],
      [0.0022370323566, 0.86103529098, 0.089887677683, 0.043879259394, 0.0029607395852],
      [0.0027263035548, 0.0031472767697, 0.95547418869, 0.033842234753, 0.004809996233],
      [0.0064022680657, 0.0013938068464, 0.02396562017, 0.83477013396, 0.13346817096],
      [0.03072442837, 0.18527451353, 0.33611551956, 0.299169162, 0.14871637653]
    ],
    [
      [0.67789497235, 0, 0.15311492904, 0.12625462609, 0.042735472516],
      [0.0042070473608, 0.83777604995, 0.09558203644, 0.058971292601, 0.0034635736491],
      [0.0081224674613, 0, 0.92300845193, 0.062786983306, 0.006082097306],
      [0, 0, 0, 0.88286288458, 0.11713711542],
      [0.13086810588, 0.06523007945, 0.32150296372, 0.34273016837, 0.13966868258]
    ],
    [
      [0.61042873136, 0, 0.21651329066, 0.13745076358, 0.035607214398],
      [0.00075423889428, 0.82605904271, 0.12195106966, 0.049132436452, 0.0021032122809],
      [0, 0, 0.95945030766, 0.037371495734, 0.0031781966059],
      [0, 0, 0.036972771721, 0.87693306905, 0.08609415923],
      [0.027949025693, 0.18230967656, 0.36894589628, 0.3219829243, 0.098812477165]
    ],
    [
      [0.7028640303, 0.005478100676, 0.12732522463, 0.12603449368, 0.038298150723],
      [0.0035254429852, 0.88494583577, 0.056085266081, 0.0523987718, 0.0030446833608],
      [0.055965959852, 0.0060596708383, 0.84420028372, 0.088956735177, 0.0048173504089],
      [0, 0.0013874118982, 0, 0.8934042707, 0.1052083174],
      [0.039225564696, 0.21366067065, 0.27281175501, 0.34817399373, 0.12612801591]
    ],
    [
      [0.61280383211, 0.0056907393212, 0.20227065566, 0.13800406648, 0.041230706421],
      [0.00022731809073, 0.86226317518, 0.085916951905, 0.048972991933, 0.0026195628887],
      [0, 0.0026173087502, 0.9553274904, 0.03825963956, 0.0037955612944],
      [0.00015798922281, 0.0025263683879, 0.027840800486, 0.87059826054, 0.098876581363],
      [0.027643822993, 0.19669286191, 0.3470084413, 0.31663137493, 0.11202349887]
    ],
    [
      [0.57557681547, 0.01630948298, 0.21528032619, 0.14925277716, 0.043580598203],
      [0, 0.86801404421, 0.079397186144, 0.050067058006, 0.0025217116386],
      [0, 0.0041206540711, 0.95144238427, 0.040643668364, 0.0037932933],
      [0, 0, 0.010309854807, 0.89270834651, 0.096981798681],
      [0.024423184527, 0.20053353134, 0.33290739099, 0.3298296832, 0.11230620995]
    ],
    [
      [0.48224002127, 0.0060186906634, 0.30043281748, 0.16497133784, 0.046337132749],
      [0, 0.81792496243, 0.12486811338, 0.054557158051, 0.0026497661376],
      [0, 0, 0.95324616738, 0.042927706625, 0.003826125991],
      [0, 0, 0.0030338467904, 0.90197355442, 0.094992598793],
      [0.0205641859, 0.18483763, 0.34702507478, 0.33656167786, 0.11101143146]
    ],
    [
      [0.58380505017, 0, 0.19293347922, 0.1947954418, 0.028466028806],
      [0.0019523242971, 0.59442403732, 0.11009111094, 0.29160760366, 0.0019249237892],
      [0, 0, 0.95171993519, 0.045839765474, 0.002440299334],
      [0, 0, 0, 0.93787443118, 0.062125568817],
      [0.028522953725, 0.14377295802, 0.34531500214, 0.40073026555, 0.08165882057]
    ],
    [
      [0.65166048909, 0.0060178224852, 0.16423942563, 0.15063486304, 0.027447399755],
      [0.0011050105996, 0.87338041656, 0.066093282262, 0.057401868036, 0.0020194225376],
      [0.0076408408695, 0.0087424712168, 0.90336881175, 0.077129667757, 0.0031182084049],
      [0, 0, 0, 0.93396121051, 0.066038789492],
      [0.032040253015, 0.21136885326, 0.31109186674, 0.36558868001, 0.079910346974]
    ],
    [
      [0.66564132118, 0.0023898948096, 0.1711528682, 0.13328308088, 0.027532834929],
      [0.040384496151, 0.759350236, 0.13648743985, 0.061419216022, 0.0023586119732],
      [0.0021290605085, 0, 0.95295622442, 0.042067209871, 0.0028475052006],
      [0, 0, 0.0013639217019, 0.92620323018, 0.072432848115],
      [0.035568768106, 0.17887384463, 0.34000315266, 0.35832177307, 0.087232461531]
    ],
    [
      [0.31818181818, 0.0082341737295, 0.41814011205, 0.18979326795, 0.065650628082],
      [0, 0.83400255034, 0.1074951224, 0.055205056386, 0.003297270877],
      [0, 0, 0.96055382112, 0.03578620704, 0.003659971838],
      [0, 0, 0.026668991488, 0.86287811965, 0.11045288887],
      [0, 0.18576835673, 0.38034551589, 0.30939544779, 0.1244906796]
    ],
    [
      [0.66111969103, 0.01170424242, 0.17316344359, 0.13038753775, 0.023625085211],
      [0.0010260326399, 0.90139409978, 0.059395188442, 0.037184121975, 0.0010005571656],
      [0.002427946679, 0.014124745937, 0.94995808628, 0.031755205061, 0.0017340160448],
      [0.003530000521, 0.034885384217, 0.0085780666377, 0.89327383737, 0.059732711252],
      [0.031445511952, 0.25685859428, 0.31379819696, 0.32873048456, 0.069167212251]
    ],
    [
      [0.65449613263, 0.010731878234, 0.18303121497, 0.12553207668, 0.02620869748],
      [0.00063979615691, 0.89217735566, 0.067973478668, 0.03810733631, 0.0011020332074],
      [0.0022700411359, 0.011868534605, 0.95627580778, 0.027868561765, 0.0017170547093],
      [0.0037966948294, 0.029118247113, 0.023513067044, 0.87633200848, 0.067239982533],
      [0.030716023922, 0.23923139828, 0.33183086168, 0.32066168786, 0.077560028261]
    ],
    [
      [0.63759036869, 0.0013842614282, 0.2055865177, 0.12521166656, 0.030227185621],
      [0.018396158351, 0.76998298416, 0.14927314214, 0.059424553737, 0.0029231616116],
      [0, 0, 0.96328634197, 0.033945623519, 0.0027680345068],
      [0, 0, 0.034486491186, 0.8853874482, 0.080126060615],
      [0.031581118175, 0.17176694399, 0.38198552977, 0.32354436969, 0.091122038381]
    ],
    [
      [0.59744174725, 0.0062864715297, 0.23715859134, 0.13159288401, 0.027520305883],
      [0.00036150699516, 0.85243424105, 0.1042386067, 0.041723947487, 0.0012416977693],
      [0.00081335520748, 0.0035059433338, 0.97085009644, 0.023356660809, 0.0014739442086],
      [0.00015394718515, 0.0015616601678, 0.061771615976, 0.86950027528, 0.067012501395],
      [0.026400455108, 0.19442516867, 0.39533067116, 0.30896911929, 0.074874585776]
    ],
    [
      [0.72706716468, 0.0034185304353, 0.15791638082, 0.099231640652, 0.012366283409],
      [0.023472338684, 0.83981816671, 0.092468586742, 0.043419918962, 0.00082098890103],
      [0.011224828278, 0, 0.96164945477, 0.026087347214, 0.0010383697429],
      [0.023101230054, 0, 0.041947379744, 0.89386444803, 0.041086942176],
      [0.049350041787, 0.19909335165, 0.37418822088, 0.32978985637, 0.047578529311]
    ],
    [
      [0.61693950815, 0.012617503531, 0.21359871013, 0.13701888288, 0.019825395312],
      [0, 0.89246492659, 0.072609531749, 0.034360131709, 0.00056540995317],
      [0, 0.015885951802, 0.95882215888, 0.02431367955, 0.00097820976521],
      [0, 0.036741453865, 0.031911411811, 0.88456703067, 0.046780103654],
      [0.01780545086, 0.2529259061, 0.35502081018, 0.32060249953, 0.053645333325]
    ],
    [
      [0.57308491347, 0.010064730211, 0.24014977075, 0.14417751705, 0.032523068522],
      [0, 0.87711781965, 0.083807639259, 0.037944171491, 0.0011303696044],
      [0, 0.011360997242, 0.9622760183, 0.024761919032, 0.0016010654249],
      [0, 0.021597139579, 0.041498357814, 0.86528689275, 0.071617609862],
      [0.017553317305, 0.22595204938, 0.36592110658, 0.3097458577, 0.080827669031]
    ],
    [
      [0.61942232809, 0.00525941905, 0.23473764291, 0.10534240532, 0.035238204626],
      [0.0011347125878, 0.85341555228, 0.11809280568, 0.026805919376, 0.00055101008372],
      [0, 0, 0.99846057357, 0.0015394264296, 0],
      [0.0062974898669, 0.002419844061, 0.086820201619, 0.80838977507, 0.096072689381],
      [0.029336193012, 0.19413981647, 0.40405951642, 0.27012798585, 0.10233648824]
    ],
    [
      [0.65059292956, 0.0062643576937, 0.20609669539, 0.11846934957, 0.018576667793],
      [0.002647550667, 0.85944700338, 0.09821425756, 0.038902031404, 0.00078915698855],
      [0.0037717519784, 0.0024679111945, 0.97244088585, 0.020405179014, 0.00091427195818],
      [0.0090731077453, 0.0058746069004, 0.057514073385, 0.87718057763, 0.050357634337],
      [0.033892700522, 0.20508632807, 0.38758491633, 0.31621553359, 0.057220521491]
    ],
    [
      [0.63574963596, 0.0048073141787, 0.22416742477, 0.11109210362, 0.024183521475],
      [0.010325642663, 0.83687228011, 0.12040551128, 0.0318097074, 0.00058685854274],
      [0, 0, 0.9918960164, 0.0077620794679, 0.00034190413673],
      [0.0071081632413, 0, 0.082958839792, 0.84349806517, 0.066434931794],
      [0.032279358129, 0.19229339791, 0.41005162433, 0.29236927084, 0.073006348798]
    ],
    [
      [0.5870534635, 0.0047810131944, 0.25687814521, 0.12083205915, 0.030455318938],
      [0, 0.84498231183, 0.12002778308, 0.034178195159, 0.00081170993181],
      [0, 0, 0.99444292263, 0.0055381953633, 1.888200927e-05],
      [0, 0, 0.089858637996, 0.83460388834, 0.075537473665],
      [0.013275457356, 0.17562024396, 0.44270563391, 0.28577360098, 0.082625063804]
    ],
    [
      [0.36363636364, 0.11458673435, 0.32173270678, 0.16056921142, 0.039474983814],
      [0, 0.8763516883, 0.099011097373, 0.024637214331, 0],
      [0, 0.0089154365242, 0.98870828229, 0.002376281182, 0],
      [0, 0.018181413688, 0.074415625805, 0.83431545175, 0.073087508753],
      [0, 0.24149263986, 0.39714529837, 0.28142993995, 0.079932121812]
    ],
    [
      [0.63502670261, 0.010609364789, 0.22912265712, 0.1128085319, 0.012432743577],
      [0.0012591253863, 0.87725889314, 0.094295114605, 0.026969531153, 0.00021733571265],
      [0.00055083183732, 0.013521590477, 0.98497223417, 0.00095534351546, 0],
      [0.0050357941064, 0.022774872715, 0.080599767972, 0.8581806295, 0.033408935704],
      [0.030386764045, 0.23378291616, 0.40445590635, 0.2946258738, 0.036748539639]
    ],
    [
      [0.61997116879, 0.0092783651393, 0.21238059508, 0.13257197384, 0.025797897144],
      [0.00030247397058, 0.87317662066, 0.085048222003, 0.040312966819, 0.0011597165484],
      [0, 0.0084134818915, 0.95986641546, 0.029947997313, 0.0017721053385],
      [0.00031131836313, 0.015906812383, 0.040791252754, 0.87959345534, 0.063397161156],
      [0.028312797077, 0.21757957186, 0.36548985127, 0.31677636987, 0.071841409931]
    ],
    [
      [0.62873898767, 0.0080809258035, 0.22339060787, 0.11749341887, 0.022296059787],
      [0.00084459247837, 0.86563031986, 0.10258501272, 0.030459987236, 0.00048008770215],
      [0.00093945453751, 0.0075529997474, 0.97849464805, 0.012447599024, 0.00056529864275],
      [0.0049816516643, 0.01299656228, 0.069114707646, 0.85421214945, 0.058694928958],
      [0.029645360652, 0.21186895086, 0.39644973896, 0.29710642464, 0.064929524891]
    ],
    [
      [0.63490316354, 0.014019477376, 0.21439278532, 0.12998464226, 0.0066999314997],
      [0.00076319714815, 0.89734786803, 0.071578866301, 0.030122665057, 0.00018740346326],
      [0, 0.020746898219, 0.96167955213, 0.017349626389, 0.00022392325993],
      [0.0010944077849, 0.03457674993, 0.045568981187, 0.90187210371, 0.016887757386],
      [0.029084854494, 0.2677539663, 0.36716010307, 0.31721911517, 0.018781960971]
    ],
    [
      [0.71376744873, 0.012439241929, 0.16511330904, 0.084587786585, 0.024092213714],
      [0.0094979596273, 0.89237714105, 0.077091886785, 0.020758209033, 0.00027480350662],
      [0.014406039206, 0.017899361588, 0.96153511837, 0.0057162600493, 0.00044322079062],
      [0.031587954271, 0.033452045738, 0.043961514243, 0.81103323855, 0.079965247196],
      [0.044081246154, 0.23765991706, 0.35614227944, 0.27594972379, 0.086166833556]
    ],
    [
      [0.6701379805, 0.0016719957481, 0.19084846219, 0.11145416986, 0.025887391709],
      [0.0061439346597, 0.85774156724, 0.095051362857, 0.039706851439, 0.0013562838094],
      [0.0094271782369, 0, 0.96583253964, 0.022984259957, 0.0017560221695],
      [0.018966901719, 0, 0.048719617142, 0.85926990473, 0.073043576411],
      [0.037273513653, 0.19749220692, 0.37410500605, 0.30865502842, 0.082474244968]
    ],
    [
      [0.67124000338, 0.0046529240109, 0.18461204798, 0.11800608375, 0.02148894089],
      [0.0045120735067, 0.86409887305, 0.088680941867, 0.041568872157, 0.0011392394168],
      [0.0073662403368, 0.0032244213635, 0.96052298569, 0.027276153308, 0.0016101993028],
      [0.016986211836, 0.0036895701103, 0.038758767299, 0.88106432642, 0.059501124331],
      [0.03743973498, 0.20485122584, 0.36700793255, 0.3223271546, 0.068373952022]
    ],
    [
      [0.67360584874, 0.0049372628718, 0.17545539154, 0.11882784462, 0.027173652222],
      [0.0059614928848, 0.86459060894, 0.082399187988, 0.045227521212, 0.0018211889718],
      [0.010531538169, 0.002137415681, 0.94921224954, 0.035258199275, 0.0028605973376],
      [0.016710517741, 0.0047470720153, 0.029411471355, 0.87406722549, 0.075063713403],
      [0.037704593791, 0.2036256283, 0.3532578129, 0.31950741583, 0.085904549176]
    ],
    [
      [0.64437251778, 0.0095025043921, 0.1971470506, 0.12260938298, 0.026368544243],
      [0.0015813572564, 0.88271186784, 0.077848893839, 0.036697147996, 0.0011607330717],
      [0.0016644891713, 0.01485024396, 0.95349995154, 0.028046724517, 0.0019385908113],
      [0.005937960706, 0.020806750832, 0.034135342058, 0.8701501407, 0.068969805705],
      [0.030475970124, 0.23074694819, 0.35232654742, 0.30943007988, 0.077020454388]
    ],
    [
      [0.62814633389, 0.010809014805, 0.2045890659, 0.1339469301, 0.022508655311],
      [0.00067666678482, 0.88330824683, 0.076377303428, 0.038663212166, 0.00097457079469],
      [0, 0.013722195928, 0.95225956459, 0.03233417827, 0.0016840612072],
      [0.0013063173748, 0.022136475071, 0.030495135636, 0.89061328805, 0.055448783864],
      [0.028243836267, 0.23369100883, 0.35330929022, 0.32185013067, 0.062905734017]
    ],
    [
      [0.67592925841, 0.0081604363439, 0.19865591259, 0.10024102639, 0.017013366268],
      [0.0048234044321, 0.87046448532, 0.094652443469, 0.029593024748, 0.00046664203067],
      [0.0084192056945, 0.0084246792002, 0.97447230473, 0.0083350553911, 0.00034875498292],
      [0.01914270629, 0.015238955699, 0.06657726256, 0.84822526493, 0.05081581052],
      [0.038378324752, 0.21898793192, 0.39059493575, 0.29589431504, 0.056144492542]
    ],
    [
      [0.64032545149, 0.0045580568367, 0.20725200697, 0.13480630364, 0.013058181069],
      [0.038120006243, 0.80557955171, 0.10527345123, 0.050294313979, 0.00073267683931],
      [0, 0, 0.96242357131, 0.036478609857, 0.0010978188353],
      [0.00067520035947, 0, 0.043291455656, 0.92282565385, 0.033207690137],
      [0.032576467593, 0.18608312518, 0.38963906446, 0.35191734508, 0.039783997685]
    ],
    [
      [0.58547152362, 0.0016715402644, 0.25006593024, 0.11686181002, 0.045929195866],
      [0.0050488832181, 0.77470656087, 0.17800977705, 0.039687511055, 0.0025472678067],
      [0, 0, 0.97869121377, 0.01875856086, 0.0025502253732],
      [0, 0, 0.072429333558, 0.81036634992, 0.11720431652],
      [0.025126504579, 0.16362981007, 0.4139337042, 0.27315706052, 0.12415292063]
    ],
    [
      [0.67558961797, 0.0079329349412, 0.17398872603, 0.11696968051, 0.025519040549],
      [0.0038652040265, 0.87573917182, 0.077688732749, 0.04125459637, 0.001452295032],
      [0.0082004427162, 0.0098125614615, 0.94400237478, 0.035338713408, 0.0026459076365],
      [0.014395062563, 0.01393641341, 0.022811674509, 0.87746513558, 0.071391713942],
      [0.037628909302, 0.2184692633, 0.34441552794, 0.31857867254, 0.080907626927]
    ],
    [
      [0.61524252473, 0.0033161630692, 0.22181849303, 0.12375672466, 0.035866094501],
      [0.018077831234, 0.81453671693, 0.12189461782, 0.043633757765, 0.0018570762529],
      [0, 0, 0.9713550585, 0.026234829253, 0.0024101122446],
      [0, 0, 0.061083193651, 0.84802626876, 0.090890537588],
      [0.0291420645, 0.18050414793, 0.38519068277, 0.30318297393, 0.10198013087]
    ],
    [
      [0.69836481366, 0.009620718028, 0.16113317471, 0.10267588147, 0.02820541213],
      [0.0059812138835, 0.88626035419, 0.072008548112, 0.034369096376, 0.0013807874398],
      [0.010825178658, 0.013604471184, 0.94959228446, 0.023798611687, 0.0021794540109],
      [0.022428362505, 0.022836767231, 0.022632681412, 0.84672164518, 0.085380543669],
      [0.040908815903, 0.22868560846, 0.33771861494, 0.29828443236, 0.094402528329]
    ],
    [
      [0.64528783716, 0.0067794180878, 0.18715826737, 0.13248443489, 0.028290042491],
      [0.0019955549744, 0.86730158506, 0.078316322449, 0.050407986419, 0.001978551093],
      [0.0026585702373, 0.004655779648, 0.94565954121, 0.043873657491, 0.0031524514089],
      [0.0067700727795, 0.0068758295875, 0.020293931233, 0.89414720942, 0.071912956975],
      [0.032058324132, 0.20691417958, 0.34438121931, 0.33328863569, 0.083357641288]
    ],
    [
      [0.67610214149, 0.010885700848, 0.17626578516, 0.11445270778, 0.022293664717],
      [0.0041030226171, 0.88533808887, 0.073491432535, 0.036062329772, 0.0010051262071],
      [0.0066710760614, 0.014352154445, 0.95212644812, 0.025298568328, 0.0015517530472],
      [0.014767199618, 0.024717611625, 0.026297573592, 0.87177275425, 0.062444860919],
      [0.036545407356, 0.23165348754, 0.34876733101, 0.31268225908, 0.070351515021]
    ],
    [
      [0.66788544902, 0, 0.185245787, 0.12678764724, 0.020081116734],
      [0.0032825670857, 0.85282206317, 0.095222695562, 0.047522283033, 0.0011503911511],
      [0.0061707890429, 0, 0.95735874321, 0.034698785651, 0.0017716821014],
      [0.011047952122, 0, 0.031780261175, 0.90331317802, 0.053858608681],
      [0.040578419586, 0.18569284645, 0.36894826824, 0.34112072669, 0.063659739033]
    ],
    [
      [0.68434827764, 0.012685455349, 0.160479253, 0.11633242229, 0.02615459172],
      [0.0046802347101, 0.89468618366, 0.060093797136, 0.039049528906, 0.0014902555899],
      [0.0086446392284, 0.022144515979, 0.93239392237, 0.034205189384, 0.0026117330432],
      [0.015436897405, 0.030744030069, 0.0057407360051, 0.87477090751, 0.073307429014],
      [0.037724800592, 0.24019934745, 0.32451721867, 0.31494986688, 0.082608766418]
    ],
    [
      [0.52941176471, 0.034566613945, 0.2575470464, 0.14948070892, 0.028993866029],
      [0, 0.86074793401, 0.096639365716, 0.041521058204, 0.0010916420655],
      [0, 0, 0.97092803556, 0.027630261469, 0.001441702972],
      [0, 0.0040675728279, 0.055876169052, 0.8774284622, 0.062627795916],
      [0, 0.22772968097, 0.38394321634, 0.3170235299, 0.071303572789]
    ],
    [
      [0.56265820965, 0.026978507922, 0.26071644026, 0.1246352177, 0.025011624473],
      [0, 0.85526882369, 0.1116419787, 0.032520890749, 0.00056830686347],
      [0, 0, 0.9909527538, 0.0088287584682, 0.00021848773469],
      [0, 0.0042901683211, 0.085449197307, 0.8491404894, 0.06112014497],
      [0.024759521337, 0.20195951671, 0.41072079101, 0.29501728288, 0.067542888067]
    ],
    [
      [0.60062600007, 0.0082486874277, 0.22865146783, 0.11945950281, 0.043014341862],
      [0.00033143364226, 0.86676046508, 0.098067603795, 0.033356817435, 0.0014836800523],
      [0, 0.0062242949353, 0.97650693335, 0.015597575973, 0.0016711957375],
      [0.0018007967953, 0.012704969845, 0.062236252499, 0.81595275438, 0.10730522648],
      [0.026053201402, 0.20448068874, 0.37551362345, 0.27837926426, 0.11557322215]
    ],
    [
      [0.63568301761, 0.0078187892177, 0.22391247473, 0.12059144877, 0.011994269663],
      [0.0012203064166, 0.86322110248, 0.10267760004, 0.032602267342, 0.00027872371546],
      [0.0012481377302, 0.0066317547532, 0.97896936596, 0.012873506026, 0.00027723552706],
      [0.0055364906147, 0.011566115848, 0.070222052675, 0.88103135452, 0.031643986345],
      [0.031346351646, 0.21435902711, 0.40368679416, 0.31475997505, 0.035847852029]
    ],
    [
      [0.60150615495, 0.0094753666997, 0.24449970026, 0.12254219708, 0.021976581016],
      [0, 0.86757726704, 0.10740260924, 0.024975326856, 4.4796865947e-05],
      [0, 0.0088032592921, 0.98622761786, 0.0049691228474, 0],
      [0, 0.018543692748, 0.077272020195, 0.84939918302, 0.054785104032],
      [0.023288179303, 0.21950264383, 0.40565524618, 0.29151336517, 0.060040565508]
    ],
    [
      [0.53125, 0.043368738915, 0.26996966266, 0.13094798063, 0.024463617798],
      [0, 0.87990186175, 0.1017515208, 0.018346617451, 0],
      [0, 0.010991329623, 0.98900867038, 0, 0],
      [0, 0.023651617246, 0.077434383927, 0.84339600069, 0.055517998136],
      [0, 0.25231266717, 0.40529794607, 0.28189528717, 0.060494099603]
    ],
    [
      [0.63709902106, 0, 0.22888209934, 0.10363646363, 0.030382415958],
      [0.038811645081, 0.71883986953, 0.20361340185, 0.037518251672, 0.0012168318607],
      [0, 0, 0.99016285107, 0.0090247132135, 0.00081243572095],
      [0, 0, 0.089214893566, 0.82360570869, 0.087179397743],
      [0.033660536896, 0.1573685997, 0.42893686501, 0.2846150051, 0.095418993287]
    ],
    [
      [0.38888888889, 0.073796398461, 0.33656414085, 0.15029498802, 0.050455583784],
      [0, 0.86176198639, 0.10954079036, 0.028697223243, 0],
      [0, 0, 0.99781258925, 0.0021874107524, 0],
      [0, 0.0050274010866, 0.087211187239, 0.80998096297, 0.097780448702],
      [0, 0.21847966724, 0.40415442202, 0.2718862844, 0.10547962634]
    ],
    [
      [0.70577501134, 0, 0.18318247234, 0.093949630562, 0.017092885754],
      [0.014041347077, 0.84431144161, 0.10535493723, 0.035567375594, 0.00072489849351],
      [0.013474309101, 0, 0.97984419317, 0.0063716995081, 0.00030979822195],
      [0.024947943745, 0, 0.066926028382, 0.85278712298, 0.055338904894],
      [0.044937926907, 0.19305381241, 0.39813982914, 0.30179417254, 0.062074259009]
    ],
    [
      [0.63359979569, 0.0072566022057, 0.22070555162, 0.11421198962, 0.024226060866],
      [0.001607147888, 0.86404111708, 0.10046494197, 0.03313528512, 0.00075150793836],
      [0.00088937063977, 0.0050953060426, 0.98551799337, 0.0081980678532, 0.00029926209416],
      [0.0063031218186, 0.0096259758314, 0.067926683043, 0.8510365355, 0.065107683809],
      [0.030940100358, 0.20869994871, 0.39288202923, 0.29573637496, 0.071741546749]
    ],
    [
      [0.62255282157, 0, 0.22540705449, 0.12248834975, 0.029551774188],
      [0.028037035051, 0.70959638227, 0.21059330411, 0.049946974067, 0.0018263045003],
      [0, 0, 0.97038443394, 0.027449422581, 0.0021661434806],
      [0, 0, 0.061063596834, 0.86192086249, 0.077015540674],
      [0.031582663372, 0.15899282484, 0.40645634091, 0.31466848155, 0.088299689323]
    ],
    [
      [0.64068994124, 0.0085484224244, 0.21833453316, 0.11288972908, 0.019537374097],
      [0.0017389113047, 0.86890938285, 0.097674724867, 0.031163350968, 0.00051363001236],
      [0.0018593386825, 0.0086785807968, 0.97994375546, 0.0091967570977, 0.00032156796048],
      [0.0068714233222, 0.013892246727, 0.068048753897, 0.85806734067, 0.053120235382],
      [0.031881232217, 0.21613179902, 0.39243125667, 0.30058895139, 0.058966760715]
    ],
    [
      [0.50271548352, 0.021097235232, 0.32212744899, 0.12733091175, 0.026728920512],
      [0, 0.85906590125, 0.11082628666, 0.029592498322, 0.00051531377123],
      [0, 0, 1, 0, 0],
      [0, 0.010564290272, 0.10202413176, 0.82622523168, 0.061186346287],
      [0.021885263735, 0.20532907801, 0.42139935069, 0.28378424687, 0.067602060694]
    ],
    [
      [0.67901992411, 0.0047644379409, 0.21204572089, 0.0894937402, 0.014676176868],
      [0.0060496387159, 0.8582430933, 0.1082778026, 0.027154165153, 0.00027530023891],
      [0.0088320995853, 0.0024377447701, 0.98873015564, 0, 0],
      [0.024400146722, 0.0056599506459, 0.08662182285, 0.83725729929, 0.046060780494],
      [0.040806167198, 0.20450572742, 0.41814085819, 0.28592054658, 0.050626700612]
    ],
    [
      [0.59343033593, 0.0049176893836, 0.24694749334, 0.12562640672, 0.029078074625],
      [0.00068731543773, 0.84449863095, 0.11449711987, 0.039236140318, 0.0010807934239],
      [0, 0, 0.98799890191, 0.011553353892, 0.00044774420146],
      [0, 0, 0.080288070011, 0.84849021296, 0.071221717033],
      [0.011786873458, 0.16325295682, 0.44449447549, 0.30037418771, 0.080091506514]
    ],
    [
      [0.68591300586, 0, 0.17388688428, 0.1037021732, 0.036497936662],
      [0.06475080276, 0.78702960661, 0.10075302774, 0.044827841717, 0.0026387211776],
      [0.0063465877147, 0, 0.96014617579, 0.029473062731, 0.0040341737644],
      [0.01543677136, 0, 0.043078652668, 0.83261341971, 0.10887115626],
      [0.042441226251, 0.17380060522, 0.36300894939, 0.29857018764, 0.12217903151]
    ],
    [
      [0.6008224059, 0.0092827014145, 0.23594579085, 0.11675324873, 0.037195853112],
      [0, 0.87222004005, 0.097135882089, 0.029674429904, 0.00096964795835],
      [0, 0.0062495206746, 0.98791706573, 0.0055987787564, 0.00023463484166],
      [0, 0.015947300425, 0.068762346269, 0.82107187057, 0.094218482735],
      [0.013197568144, 0.22560368931, 0.38671588241, 0.27400287542, 0.10047998471]
    ],
    [
      [0.66809042476, 0.0030057801795, 0.21375965004, 0.10207438068, 0.013069764343],
      [0.02580817531, 0.79591052347, 0.15074177222, 0.027433243579, 0.00010628541492],
      [0, 0, 0.99946534349, 0.00053465650975, 0],
      [0.00098518646035, 0, 0.096971450484, 0.86244302987, 0.039600333187],
      [0.03621538785, 0.18637673319, 0.43380331444, 0.29954441344, 0.04406015109]
    ],
    [
      [0.61272263558, 0.0030854306297, 0.24553430135, 0.11822023597, 0.020437396474],
      [0.010137803258, 0.77747625007, 0.17440873502, 0.03734761902, 0.00062959263587],
      [0, 0, 0.99689821338, 0.0031017866173, 0],
      [0, 0, 0.091466520139, 0.85552260651, 0.053010873351],
      [0.029370440029, 0.17900094869, 0.42809581149, 0.30361901089, 0.059913788898]
    ],
    [
      [0.60510744834, 0.0079562711527, 0.2553977824, 0.10903985432, 0.022498643789],
      [0.00047852866104, 0.86302506551, 0.10862273916, 0.027503704397, 0.00036996226425],
      [0, 0, 1, 0, 0],
      [0, 0.017707060986, 0.10095875316, 0.82248829993, 0.058845885926],
      [0.027504976029, 0.21110345332, 0.41920853115, 0.27786267461, 0.064320364888]
    ],
    [
      [0.60662044677, 0.002541846968, 0.2398578492, 0.12531176086, 0.025668096199],
      [0.0014605884497, 0.82752536065, 0.12478438935, 0.045058500296, 0.0011711612489],
      [0, 0, 0.98178329059, 0.017373400173, 0.00084330923753],
      [0, 0, 0.074628590032, 0.861044794, 0.064326615964],
      [0.034913299764, 0.094874744779, 0.48311719487, 0.31307184066, 0.074022919924]
    ],
    [
      [0.62149380478, 0.0080300417542, 0.22745716471, 0.13129753738, 0.011721451377],
      [6.2753500034e-05, 0.86445904573, 0.099015337139, 0.036138117418, 0.00032474621152],
      [0, 0.0056999212519, 0.97673431516, 0.017234947471, 0.00033081612003],
      [0.0024319355779, 0.011992542602, 0.060938110545, 0.8954751584, 0.029162252878],
      [0.028419011026, 0.21592654116, 0.3974460106, 0.32468982696, 0.033518610251]
    ],
    [
      [0.62397314228, 0.0032054073148, 0.22914558541, 0.11115372342, 0.032522141575],
      [0.0026541015937, 0.81792954281, 0.1333350797, 0.044449334324, 0.0016319415679],
      [0, 0, 0.98821219886, 0.011011732856, 0.0007760682837],
      [0, 0, 0.088449424626, 0.82393197013, 0.087618605248],
      [0.09016791859, 0.061085391794, 0.45610911652, 0.29381434814, 0.098823224949]
    ],
    [
      [0.59793929157, 0.0083131201934, 0.23860647592, 0.13137365659, 0.023767455727],
      [0.00096308716103, 0.85548597376, 0.10152596207, 0.041030854064, 0.00099412294889],
      [0, 0, 0.97585919569, 0.023029800854, 0.0011110034587],
      [0, 0.0051601206842, 0.062298173037, 0.8744853659, 0.058056340379],
      [0.027694492399, 0.196700098, 0.39239247372, 0.31682154643, 0.066391389456]
    ],
    [
      [0.60322651332, 0.0049823602995, 0.24641125045, 0.13058834845, 0.014791527484],
      [0, 0.83898177268, 0.12168814667, 0.038849990053, 0.00048009059009],
      [0, 0, 0.98157801448, 0.017919203476, 0.00050278204073],
      [0, 0, 0.07859654183, 0.88492572659, 0.036477731577],
      [0.025430815357, 0.19385250051, 0.42156974008, 0.31762924559, 0.04151769847]
    ],
    [
      [0.49307924626, 0.030598776599, 0.32971390545, 0.12966623449, 0.016941837196],
      [0, 0.84570973771, 0.12492445299, 0.029365809301, 0],
      [0, 0, 0.99864085165, 0.0013591483456, 0],
      [0, 0, 0.093019500816, 0.86756502296, 0.039415476222],
      [0.021126511404, 0.20344871819, 0.43072920164, 0.30052014966, 0.04417541911]
    ],
    [
      [0.60214875852, 0.0079960304495, 0.24971320376, 0.10731880613, 0.032823201143],
      [0, 0.86327188398, 0.11636003166, 0.020368084356, 0],
      [0, 0, 1, 0, 0],
      [0, 0.018806454253, 0.11231490106, 0.78435265573, 0.084525988967],
      [0.025585638619, 0.20917166067, 0.41379357839, 0.26067150379, 0.090777618527]
    ],
    [
      [0.61844875416, 0.011923932538, 0.23655873737, 0.11585382252, 0.017214753413],
      [0, 0.87929090636, 0.099282163311, 0.021426930328, 0],
      [0, 0.015341104623, 0.98465889538, 0, 0],
      [0.00052657862438, 0.028447369865, 0.076466661453, 0.85002551464, 0.044533875421],
      [0.027978547069, 0.23077713681, 0.40192989283, 0.29040079973, 0.048913623559]
    ],
    [
      [0.59939572264, 0.007473996773, 0.24025760956, 0.13041265506, 0.022460015965],
      [0, 0.85797864944, 0.10648853757, 0.03492986638, 0.00060294661367],
      [0, 0.0011307823759, 0.98346790939, 0.014826899721, 0.00057440850993],
      [0.00013517961431, 0.008795629591, 0.06974632261, 0.86688609639, 0.054436771793],
      [0.026430980518, 0.20577005659, 0.39859596936, 0.30801185128, 0.061191142254]
    ],
    [
      [0.6935649619, 0.0085606381605, 0.19263299266, 0.095508186898, 0.0097332203818],
      [0.0065109239786, 0.87257402821, 0.094142695544, 0.026597037893, 0.0001753143706],
      [0.012711767732, 0.010437228371, 0.9768510039, 0, 0],
      [0.023141453953, 0.016626812127, 0.066393356618, 0.86335029807, 0.030488079234],
      [0.041458152239, 0.22582765851, 0.3959331274, 0.30281198011, 0.033969081736]
    ],
    [
      [0.63055100278, 0.0096030662285, 0.21119399496, 0.12149976412, 0.027152171917],
      [0.00045084033561, 0.87094768749, 0.090789642499, 0.036737675974, 0.0010741536965],
      [0.00025988240953, 0.0095231415801, 0.96682325011, 0.021953832205, 0.0014398936918],
      [0.0045446428063, 0.014160675094, 0.050528025493, 0.86046259059, 0.070304066015],
      [0.030248774003, 0.21341292651, 0.37300134389, 0.30474156573, 0.078595389863]
    ],
    [
      [0.52941176471, 0.030586462754, 0.22724809654, 0.16474312666, 0.048010549333],
      [0, 0.87059063056, 0.067317381401, 0.0586070562, 0.0034849318369],
      [0, 0.003691657739, 0.94073398092, 0.050735242988, 0.0048391183558],
      [0, 0.0061457650438, 0.0097275837094, 0.88741186645, 0.096714784794],
      [0, 0.22734823373, 0.32349341897, 0.33625243361, 0.11290591369]
    ],
    [
      [0.6756917461, 0.0024975039854, 0.17188453259, 0.10972589242, 0.040200324911],
      [0.0040725029415, 0.83146124734, 0.10872961411, 0.052656162494, 0.003080473118],
      [0, 0, 0.95306011025, 0.041613091726, 0.0053267980248],
      [0.0027070024805, 0, 0.028572668622, 0.8517059698, 0.1170143591],
      [0.13343704022, 0.057752934151, 0.35879492419, 0.31519006356, 0.13482503788]
    ],
    [
      [0.61659361386, 0.0021887621188, 0.19586749725, 0.12354380493, 0.061806321832],
      [0.0015109517243, 0.85909439794, 0.090436310273, 0.044967168589, 0.0039911714709],
      [0.0010209157923, 0, 0.95439307535, 0.037768006225, 0.0068180026346],
      [0.0032582014877, 0, 0.029023986243, 0.81326876112, 0.15444905114],
      [0.027875127489, 0.18056727666, 0.33628208991, 0.28652326658, 0.16875223937]
    ],
    [
      [0.47058823529, 0.016399906243, 0.30250875948, 0.16148254024, 0.049020558747],
      [0, 0.85836793457, 0.088304841992, 0.050626717291, 0.0027005061517],
      [0, 0, 0.95351355908, 0.042436326305, 0.0040501146191],
      [0, 0, 0.026534722304, 0.87419438284, 0.099270894854],
      [0, 0.21269619397, 0.35548343084, 0.31856648041, 0.11325389478]
    ],
    [
      [0.66619878208, 0.012062310437, 0.17924661801, 0.12027093743, 0.022221352039],
      [0.0027132462847, 0.89038978851, 0.068469438915, 0.03737828283, 0.0010492434613],
      [0.0045963009518, 0.020459277189, 0.94373785763, 0.029470208828, 0.0017363554022],
      [0.0099128645784, 0.028666080888, 0.020914184895, 0.88039974304, 0.060107126602],
      [0.034551650166, 0.23999801984, 0.34081633336, 0.31672800193, 0.067905994707]
    ],
    [
      [0.6407154209, 0.0055972576502, 0.19977961789, 0.11519862262, 0.038709080944],
      [0.0028090547667, 0.86001639385, 0.093616759079, 0.041229684243, 0.0023281080644],
      [0.0036112700406, 0.0015985422168, 0.96547496538, 0.026319300967, 0.0029959213973],
      [0.00868462062, 0.0038048536658, 0.048193193828, 0.83549931542, 0.10381801646],
      [0.031930665308, 0.19709078991, 0.36310083123, 0.29347653175, 0.1144011818]
    ],
    [
