{
  "Z_true": {},
  "V_true": [
    [56, 39, 751, 839, 559, 56],
    [47, 62, 44, 76, 1002, 218],
    [94, 89, 187, 78, 13844, 323],
    [107, 135, 395, 3243, 995, 158],
    [49, 914, 53, 365, 789, 122],
    [862, 21, 32, 307, 759, 159],
    [38, 41, 32, 79, 754, 623]
  ],
  "p_true": [
    [0.0243, 0.017, 0.3265, 0.3648, 0.243, 0.0243],
    [0.0324, 0.0428, 0.0304, 0.0524, 0.6915, 0.1504],
    [0.0064, 0.0061, 0.0128, 0.0053, 0.9472, 0.0221],
    [0.0213, 0.0268, 0.0785, 0.6443, 0.1977, 0.0314],
    [0.0214, 0.3988, 0.0231, 0.1592, 0.3442, 0.0532],
    [0.4028, 0.0098, 0.015, 0.1435, 0.3547, 0.0743],
    [0.0243, 0.0262, 0.0204, 0.0504, 0.4812, 0.3976]
  ],
  "Z_est": [
    [
      [0.68, 9.0811, 1.7336, 0.2455, 3.3252, 6.4252, 9.394, 2.6487, 1.5747, 1.0985, 1.6931, 1.4335, 4.9155, 0.7109, 2.8831, 4.5082, 4.5403, 5.4007, 0.1485, 0, 5.1476, 3.5518, 1.9751, 1.5444, 2.1022, 7.5456, 4.6235, 1.3581, 7.3079, 1.0719, 3.5618, 0.2936, 0.6308, 0.3303, 5.7542, 1.3463, 15.0981, 2.5563],
      [0.0453, 0.9587, 0.1261, 0.0056, 0.3698, 0.3803, 0.5906, 0.2091, 0.1399, 0.0935, 0.1061, 0.1367, 0.3658, 0.2677, 0.312, 0.3066, 0.2166, 0.2868, 0.0071, 0.0718, 0.5734, 0.2076, 0.1271, 0.2752, 0.1819, 0.6009, 0.4436, 0.0778, 0.6021, 0.1145, 0.2499, 0.0286, 0.0479, 0.0174, 0.4062, 0.0559, 1.0776, 0.0532],
      [4.4493, 37.4522, 6.8097, 0.347, 24.294, 15.3734, 24.1635, 6.9512, 4.7513, 2.6584, 7.343, 3.8605, 24.773, 7.3585, 18.7749, 15.8614, 19.3642, 16.3815, 0.7653, 2.3457, 17.8288, 7.9424, 5.8353, 5.2349, 6.6221, 25.0841, 16.9831, 2.1639, 38.4468, 3.1232, 6.3541, 0.8343, 1.5337, 0.1919, 15.5236, 1.8624, 63.84, 9.897],
      [15.7242, 140.4532, 30.0508, 1.1866, 91.105, 66.6869, 82.3495, 33.8775, 8.3044, 12.0709, 17.7809, 14.3693, 44.8197, 24.6721, 42.2874, 62.7702, 39.732, 33.9141, 2.549, 2.2318, 60.338, 24.8821, 24.4429, 27.2622, 25.8898, 97.968, 55.197, 8.6848, 109.3881, 9.4252, 26.4395, 3.8665, 6.1112, 3.354, 59.8066, 12.0815, 147.0222, 25.9759],
      [1.9721, 15.98, 2.0425, 0.1884, 4.8352, 7.8814, 7.8886, 5.0317, 1.1475, 1.9616, 1.8822, 2.0941, 8.6491, 5.3877, 3.3385, 8.0495, 5.7558, 7.5183, 0.5202, 0.3507, 8.5437, 3.3061, 2.4846, 3.4904, 2.0969, 9.0783, 4.3371, 1.5892, 12.4539, 2.1313, 6.089, 0.9275, 1.5923, 0.0962, 8.023, 0.6077, 17.4459, 4.2126],
      [0.1291, 1.0747, 0.2372, 0.027, 0.0707, 0.2529, 0.6138, 0.2818, 0.0821, 0.1171, 0.1947, 0.1059, 0.4768, 0.603, 0.4041, 0.504, 0.3912, 0.4986, 0.0098, 0, 0.5685, 0.1099, 0.1351, 0.1929, 0.1072, 0.723, 0.4156, 0.1262, 0.8012, 0.1338, 0.3057, 0.0495, 0.0841, 0.0102, 0.4864, 0.0462, 1.5161, 0.3051]
    ],
    [
      [0.0596, 0.5893, 0.1708, 0.0103, 0.1474, 0.1393, 0.1886, 0.0901, 0.1434, 0.0615, 0.1451, 0.0868, 0.1733, 0.0189, 0.2063, 0.1735, 0.1496, 0.2157, 0.0019, 0, 0.3753, 0.2579, 0.2227, 0.1498, 0.0864, 0.4948, 0.1769, 0.1522, 0.5494, 0.1414, 0.1245, 0.024, 0.0408, 0.037, 0.3807, 0.1421, 1.1901, 0.2105],
      [0.0756, 1.078, 0.2074, 0.0041, 0.2278, 0.1567, 0.2066, 0.1182, 0.2246, 0.0867, 0.1547, 0.1343, 0.2048, 0.1274, 0.3741, 0.1928, 0.1172, 0.1916, 0.0031, 0.0632, 0.6973, 0.2516, 0.2347, 0.453, 0.124, 0.6527, 0.2926, 0.1482, 0.7644, 0.2495, 0.1433, 0.04, 0.0509, 0.091, 0.4485, 0.1039, 1.4201, 0.092],
      [4.8014, 29.8275, 7.4318, 0.156, 12.0545, 4.7008, 6.6393, 2.7003, 4.9037, 1.6374, 7.0712, 2.6393, 10.0355, 2.7635, 15.3412, 6.975, 7.5069, 7.3699, 0.2261, 0.772, 14.7064, 6.8331, 7.4173, 5.7543, 3.0948, 18.3505, 7.4604, 2.7538, 32.8231, 4.6513, 2.4833, 0.7693, 1.1227, 0.2808, 11.5601, 2.2075, 56.4791, 9.2396],
      [4.4046, 28.615, 8.8552, 0.1313, 12.1549, 5.2879, 5.7377, 3.5216, 2.2977, 2.004, 4.6239, 2.6286, 4.8238, 2.432, 9.2822, 7.3282, 4.0589, 4.1268, 0.1908, 0.1857, 13.3844, 5.6831, 8.3097, 8.0658, 3.2298, 19.4309, 6.4302, 2.9461, 25.2202, 3.7457, 2.7952, 0.9409, 1.1934, 1.9524, 12.0299, 4.3248, 35.2486, 5.9162],
      [9.5537, 60.5028, 13.599, 0.3717, 12.6709, 11.2346, 10.189, 9.9467, 6.4418, 6.4907, 12.3347, 7.7268, 14.0636, 8.0123, 21.4019, 16.0921, 8.5625, 17.7815, 0.4973, 0.9791, 36.6222, 14.1545, 15.7076, 20.5302, 5.1557, 35.5407, 9.4342, 10.1559, 56.2468, 14.451, 12.5795, 5.0655, 5.9731, 0.719, 31.9128, 6.7526, 81.502, 16.061],
      [3.1051, 20.3874, 6.7358, 0.3266, 2.7444, 2.4807, 4.0388, 2.6231, 1.9888, 1.7198, 4.6704, 1.7842, 4.699, 5.6459, 8.3943, 5.2384, 3.6049, 5.3144, 0.0808, 0, 11.2144, 2.8199, 4.108, 5.0469, 1.3093, 12.5304, 4.2058, 3.8437, 16.3961, 4.7612, 2.8742, 1.1603, 1.619, 0.9198, 8.668, 1.4691, 32.1601, 6.4808]
    ],
    [
      [0.0075, 0.0874, 0.1047, 0.0066, 0.1103, 0.3406, 0.1238, 0.0545, 0.0326, 0.0935, 0.19, 0.2339, 0.5222, 0.009, 0.112, 0.2051, 0.2382, 0.0632, 0.1225, 0, 0.213, 0.0407, 0.1156, 0.0361, 0.1984, 0.3719, 0.2584, 0.0394, 0.1033, 0.0297, 0.0631, 0.0287, 0.2579, 0.0292, 0.2029, 0.1288, 0.8574, 0.0852],
      [0.2104, 4.9771, 1.6848, 0.0719, 3.063, 2.4409, 3.8716, 1.5702, 2.0619, 0.9991, 2.5973, 3.7903, 6.2418, 1.7625, 9.9865, 3.4993, 3.2193, 2.2153, 0.0767, 0.3269, 5.9626, 1.6756, 2.3638, 4.6969, 2.6642, 7.1266, 4.1429, 1.627, 6.4022, 2.2661, 1.6827, 0.9919, 1.8195, 3.1367, 3.8945, 1.8825, 17.9678, 0.1536],
      [0.5647, 2.3288, 1.1535, 0.1584, 3.2144, 1.0668, 2.1175, 0.2556, 0.9251, 0.1431, 2.1225, 1.1756, 4.1207, 1.2734, 6.2796, 2.1659, 2.9037, 2.116, 0.2597, 0.1064, 2.2518, 0.9637, 1.3356, 0.5096, 1.3247, 3.618, 2.107, 0.3221, 4.8682, 0.7765, 0.1892, 0.1242, 0.3767, 0.0408, 1.5233, 0.2896, 10.9817, 0.7164],
      [0.0604, 1.5529, 0.0985, 0.0001, 0.5749, 1.261, 0.8217, 0.6431, 0.1327, 0.0848, 0.0728, 0.1605, 0.1545, 2.0379, 0.8089, 0.4199, 0.5555, 0.07, 0.1341, 0.1719, 0.1622, 0.2083, 0.0549, 0.6452, 0.11, 0.1172, 0.6221, 0.0162, 0.5603, 0.0205, 0.7339, 0.1863, 0.2166, 3.331, 0.3026, 0.3062, 1.7009, 0.4989],
      [94.2489, 504.586, 181.2258, 21.9147, 261.2916, 289.9065, 324.8789, 217.7808, 129.6224, 114.4189, 349.7939, 383.172, 826.2704, 393.1818, 1050.6333, 547.2504, 516.423, 395.472, 35.1321, 29.3947, 546.9775, 163.5241, 261.5636, 389.4006, 190.3672, 641.6382, 240.4191, 176.2817, 807.5773, 227.5554, 218.1934, 228.5306, 560.2071, 147.308, 459.5137, 196.7291, 1727.3199, 117.8427],
      [2.9082, 15.4678, 8.7327, 1.8483, 4.7459, 4.9842, 11.1865, 5.6958, 4.2253, 3.2606, 13.2234, 7.4677, 21.6904, 16.7355, 36.1797, 16.4594, 16.6603, 12.0635, 0.2749, 0, 16.433, 2.5876, 6.5665, 9.7116, 4.3355, 23.1282, 10.4506, 6.7136, 23.4886, 7.3516, 5.1376, 5.1383, 11.1223, 6.1544, 12.5631, 3.6637, 68.1723, 3.7032]
    ],
    [
      [0.5306, 5.6059, 2.6581, 0.17, 3.5779, 6.3617, 8.1075, 3.0384, 1.9222, 1.2198, 2.5829, 2.1862, 6.013, 0.4273, 5.0295, 5.2174, 4.9825, 5.9611, 0.0706, 0, 3.7326, 3.2395, 2.2705, 1.6195, 1.7057, 7.8093, 5.2383, 1.3305, 9.0153, 0.9003, 4.5496, 0.4901, 0.625, 2.1443, 6.0808, 2.717, 15.601, 1.6022],
      [0.8998, 10.4686, 3.1954, 0.1804, 5.8557, 6.218, 8.9469, 3.8727, 3.1641, 1.732, 2.7813, 3.5978, 7.5653, 6.5618, 9.7992, 6.0568, 4.09, 5.6711, 0.0694, 0.6066, 7.1142, 3.3749, 2.3748, 5.2266, 2.5045, 10.4557, 8.8213, 1.2888, 12.7536, 1.6054, 5.0861, 0.6495, 0.8209, 5.0675, 7.2621, 2.0393, 18.8603, 0.8064],
      [4.7088, 26.4391, 11.5958, 0.3076, 30.2453, 17.3406, 24.4203, 8.5956, 6.7528, 3.328, 12.7992, 6.7359, 34.5988, 11.695, 38.37, 20.9915, 24.2898, 20.3835, 0.4854, 1.7242, 14.7861, 8.6195, 7.4196, 6.5189, 6.1152, 29.6677, 21.8743, 2.4006, 54.5794, 2.9593, 8.6328, 1.1344, 1.7178, 0.3876, 18.7427, 4.2903, 75.4394, 6.8622],
      [23.4119, 150.2905, 72.1189, 1.3615, 158.8685, 106.3191, 117.3454, 60.3813, 16.7406, 21.4662, 43.7951, 35.4159, 88.3661, 55.4557, 122.0852, 117.2172, 70.4169, 58.9004, 2.2706, 2.3812, 70.5477, 38.0234, 43.7159, 47.9918, 33.6947, 163.2966, 100.0258, 13.5886, 218.9997, 12.5813, 52.1255, 8.0806, 9.657, 43.1485, 101.9825, 40.8313, 245.209, 25.3109],
      [11.3789, 69.2683, 23.426, 0.5867, 33.5403, 49.8831, 47.2429, 35.3608, 9.5481, 13.8779, 24.3184, 24.0026, 67.6442, 48.0439, 66.5905, 58.8487, 40.3635, 53.1258, 0.9897, 2.288, 41.1968, 20.4129, 17.4345, 24.7488, 11.2517, 62.0366, 30.702, 9.1301, 102.2153, 8.9258, 44.6601, 8.3904, 8.5439, 10.8285, 56.4022, 15.2122, 117.7717, 18.1841],
      [2.07, 12.9277, 7.0058, 0.3937, 3.9123, 5.8775, 9.9369, 5.7512, 1.8722, 2.3761, 5.7231, 3.0616, 10.8128, 15.8164, 14.1256, 10.6683, 7.8573, 9.9581, 0.1143, 0, 7.6226, 2.3298, 2.7846, 3.8943, 1.7283, 13.7341, 8.3383, 2.2614, 18.4366, 2.028, 6.9459, 1.255, 1.6355, 2.4236, 9.5297, 1.91, 29.1188, 3.2341]
    ],
    [
      [0.1931, 0.9644, 0.8256, 0.0635, 0.8498, 1.6006, 2.291, 0.7693, 0.4486, 0.3229, 0.4495, 0.6658, 1.3202, 0.0949, 1.24, 1.8141, 1.2961, 0.9363, 0.0989, 0, 0.982, 0.9248, 0.7142, 0.451, 0.4337, 2.2892, 1.0318, 0.2961, 1.6051, 0.3628, 0.7134, 0.1138, 0.3378, 0.3743, 1.5529, 0.7308, 3.1118, 0.1467],
      [5.4791, 35.7124, 20.8017, 0.7087, 27.0295, 31.6196, 50.1847, 21.2949, 15.3075, 9.6113, 10.0562, 22.2633, 33.6825, 33.6032, 47.7278, 42.9428, 21.6402, 17.0895, 1.7082, 0.8434, 38.1661, 18.6416, 15.8104, 28.5695, 13.3078, 62.0116, 36.0372, 6.1369, 45.7807, 13.6927, 17.0559, 4.0311, 8.8488, 21.4764, 37.6654, 11.2785, 76.1254, 1.7625],
      [0.0232, 0.0523, 0.0493, 0.0018, 0.1364, 0.0443, 0.0917, 0.0082, 0.0159, 0.004, 0.0243, 0.0258, 0.0907, 0.0467, 0.1118, 0.0767, 0.073, 0.0487, 0.0134, 0.0003, 0.0514, 0.0404, 0.0336, 0.0097, 0.0235, 0.1147, 0.0701, 0.0053, 0.1222, 0.0167, 0.0069, 0.0037, 0.011, 0.0006, 0.0505, 0.0069, 0.1463, 0.0054],
      [4.1794, 14.6689, 13.2089, 0.2414, 21.6832, 15.4378, 18.8601, 9.3211, 2.2044, 3.2785, 4.4416, 6.162, 11.2482, 8.6096, 17.1345, 23.5193, 10.5673, 5.4666, 1.3323, 0.0237, 10.7641, 6.0699, 8.2082, 7.4733, 4.9519, 27.7463, 11.4256, 1.7644, 22.5208, 2.9543, 4.9867, 1.3584, 2.9521, 5.5969, 15.0972, 6.3338, 28.3135, 1.3496],
      [10.2139, 33.4931, 20.9107, 0.7923, 23.7959, 36.1428, 37.6167, 27.4018, 6.4114, 10.8807, 11.6014, 21.5658, 43.2727, 36.651, 46.9046, 56.3732, 30.5252, 25.2041, 4.6756, 0.1326, 32.1736, 16.3987, 16.9425, 20, 8.6497, 53.1031, 18.1018, 6.0677, 53.3133, 12.7773, 23.6024, 7.961, 20.6174, 6.7751, 42.1643, 11.9072, 66.0442, 4.3062],
      [0.9113, 3.1088, 3.2038, 0.1922, 1.5051, 2.155, 3.9557, 2.2046, 0.6123, 0.9025, 1.4271, 1.3173, 3.3858, 5.9946, 4.8812, 5.2739, 2.8981, 2.2547, 0.1716, 0, 2.8628, 0.9246, 1.291, 1.4966, 0.6335, 5.735, 2.3336, 0.7295, 4.658, 1.1961, 1.6345, 0.5321, 1.233, 0.7766, 3.4698, 0.7428, 8.2587, 0.4296]
    ],
    [
      [4.4772, 36.3349, 17.3227, 1.4837, 22.79, 70.7111, 57.4867, 23.2777, 11.6973, 9.1349, 22.6393, 10.2183, 32.6954, 7.7139, 34.0195, 27.63, 28.2149, 24.9585, 8.5188, 0, 30.26, 20.791, 15.43, 13.9575, 15.2644, 67.7789, 27.3575, 14.6437, 64.8586, 13.375, 17.8509, 2.0073, 4.0216, 2.928, 42.5808, 20.7471, 102.8171, 4.3407],
      [0.0879, 1.07, 0.3442, 0.0056, 0.5815, 1.0873, 0.9729, 0.4852, 0.2708, 0.2037, 0.3888, 0.2595, 0.6622, 2.7489, 1.0382, 0.5116, 0.3675, 0.359, 0.0882, 0, 0.9273, 0.3195, 0.2635, 0.6795, 0.3543, 1.4668, 0.7421, 0.2245, 1.4672, 0.4676, 0.3377, 0.0515, 0.0839, 0.0315, 0.8178, 0.2477, 2.0061, 0.0364],
      [0.1019, 0.5398, 0.2431, 0.0039, 0.5977, 0.5266, 0.5232, 0.1814, 0.1107, 0.069, 0.3425, 0.0914, 0.5722, 0.3244, 0.779, 0.3395, 0.4077, 0.2684, 0.1615, 0, 0.3706, 0.1661, 0.1565, 0.16, 0.1681, 0.7931, 0.3582, 0.0748, 1.192, 0.1343, 0.0995, 0.018, 0.032, 0.005, 0.3945, 0.0879, 1.4962, 0.0521],
      [2.0492, 12.5617, 6.236, 0.0682, 12.8791, 14.3523, 10.3955, 6.0448, 1.1994, 1.9991, 4.9142, 2.0517, 6.2092, 6.5381, 10.4759, 8.0044, 5.0889, 3.2257, 2.4664, 0, 7.4034, 2.9532, 3.8722, 5.078, 3.8065, 18.3631, 6.7888, 1.8623, 20.2691, 2.1501, 2.7722, 0.5003, 0.7669, 0.2604, 9.2205, 3.9117, 20.9483, 0.8531],
      [5.8794, 33.3763, 11.687, 0.1389, 16.1245, 36.6579, 23.9232, 20.221, 3.9241, 7.6125, 16.1088, 6.9859, 26.7412, 30.187, 32.5534, 22.8413, 16.3666, 16.9939, 6.9396, 0, 25.4024, 9.2722, 8.9616, 15.5996, 7.7502, 40.0639, 12.3062, 7.9873, 54.4875, 11.69, 15.0883, 2.3638, 3.3408, 0.2757, 29.5198, 8.4963, 57.6766, 3.237],
      [2.4043, 14.1173, 8.167, 0.2998, 5.0274, 11.6648, 11.6985, 7.7899, 1.7976, 2.9808, 8.6064, 2.3933, 10.1198, 25.4877, 16.134, 9.6732, 7.5544, 7.1945, 1.8255, 0, 10.6362, 2.498, 3.3163, 5.5253, 2.6565, 20.5342, 7.4472, 4.2074, 22.7256, 5.1829, 4.8514, 1.0592, 1.7548, 0.4994, 11.4666, 2.5093, 33.0558, 1.4807]
    ],
    [
      [0.0519, 0.3371, 0.1844, 0.0204, 0.1994, 0.4215, 0.4083, 0.1212, 0.1811, 0.0689, 0.3001, 0.1755, 0.3604, 0.025, 0.5096, 0.4516, 0.5785, 0.4645, 0.0388, 0, 0.2895, 0.1942, 0.2719, 0.2418, 0.2092, 0.7102, 0.3137, 0.1798, 0.5605, 0.1188, 0.1367, 0.0425, 0.086, 0.1568, 0.4478, 0.1879, 1.3246, 0.0584],
      [0.2019, 1.7353, 0.6404, 0.0237, 0.8728, 1.0973, 1.2266, 0.4497, 0.8312, 0.2737, 0.9155, 0.8181, 1.2776, 0.9284, 2.7621, 1.49, 1.3492, 1.1867, 0.0473, 0.0881, 1.559, 0.5292, 0.8257, 2.0992, 0.8633, 2.6857, 1.5203, 0.4968, 2.2297, 0.6042, 0.4443, 0.2075, 0.3281, 1.1795, 1.5055, 0.3922, 4.5426, 0.0959],
      [0.3507, 1.3603, 0.7169, 0.0254, 1.4577, 0.9475, 1.0444, 0.3076, 0.5405, 0.1601, 1.2974, 0.4716, 1.809, 0.5386, 3.3436, 1.5901, 2.4546, 1.4321, 0.0886, 0.0513, 1.0048, 0.4348, 0.8021, 0.8125, 0.6517, 2.372, 1.147, 0.2794, 2.9682, 0.3388, 0.2342, 0.1163, 0.2062, 0.0933, 1.2053, 0.2554, 5.6174, 0.2274],
      [0.1704, 0.8578, 0.4317, 0.0109, 0.7344, 0.655, 0.4902, 0.2107, 0.1208, 0.0965, 0.3715, 0.2121, 0.3786, 0.2546, 0.9257, 0.7408, 0.5805, 0.2963, 0.0568, 0.0058, 0.4003, 0.1799, 0.3962, 0.4837, 0.3173, 1.0778, 0.5105, 0.1377, 1.0418, 0.1229, 0.1469, 0.0671, 0.1028, 0.3567, 0.5607, 0.2106, 1.5575, 0.0955],
      [10.753, 44.7934, 18.1089, 1.0073, 20.7416, 34.2937, 25.2606, 16.2572, 9.9047, 8.7578, 30.9606, 21.4527, 43.3588, 27.5364, 73.5778, 54.5447, 50.0034, 45.9044, 4.2455, 0.8548, 35.0838, 12.9317, 23.9056, 39.2303, 15.7286, 61.5393, 20.6996, 14.788, 69.7059, 15.4691, 16.7873, 11.7612, 19.7254, 9.9975, 45.4643, 11.2949, 110.2398, 7.1563],
      [3.4721, 14.9162, 9.9177, 0.9124, 4.9941, 7.5849, 9.5697, 4.6535, 3.4217, 2.6431, 13.1548, 4.87, 12.8155, 16.7169, 27.8811, 18.1828, 18.0339, 15.716, 0.5231, 0, 11.6626, 2.7301, 6.7986, 11.1324, 4.2298, 24.6149, 9.8089, 6.1182, 22.4938, 5.3463, 4.2507, 2.8055, 4.5514, 4.216, 13.8164, 2.6589, 48.7182, 2.3665]
    ]
  ],
  "V_est": [
    [128.2399, 10.137, 473.3796, 1495.0711, 180.9809, 12.1913],
    [7.5276, 10.2067, 323.5405, 273.5381, 627.0171, 207.1699],
    [5.7174, 125.1241, 66.7702, 19.6093, 13967.5473, 430.2317],
    [136.3343, 187.4445, 577.9549, 2593.4188, 1288.3758, 249.4717],
    [32.4169, 905.7052, 1.6574, 361.4558, 905.4713, 85.2934],
    [932.3351, 22.0579, 11.9427, 228.5398, 648.7815, 296.3429],
    [10.4286, 40.3245, 38.7547, 15.367, 1083.8261, 378.299]
  ],
  "p_est": [
    [0.0558, 0.0044, 0.2058, 0.65, 0.0787, 0.0053],
    [0.0052, 0.007, 0.2233, 0.1888, 0.4327, 0.143],
    [0.0004, 0.0086, 0.0046, 0.0013, 0.9557, 0.0294],
    [0.0271, 0.0372, 0.1148, 0.5153, 0.256, 0.0496],
    [0.0141, 0.3952, 0.0007, 0.1577, 0.3951, 0.0372],
    [0.4357, 0.0103, 0.0056, 0.1068, 0.3032, 0.1385],
    [0.0067, 0.0257, 0.0247, 0.0098, 0.6917, 0.2414]
  ],
  "EI_Z": {},
  "EI_V": 9.4695,
  "MAE_Z": {},
  "MAE_V": 132.5553,
  "MAE_p": 0.0551,
  "runtime": 0.396
}
