{
  "Z_true": {},
  "V_true": [
    [43, 1022, 123, 225, 2234, 115],
    [830, 31, 48, 465, 168, 61],
    [451, 232, 389, 8329, 728, 487],
    [104, 371, 254, 139, 6681, 248],
    [140, 239, 294, 637, 1244, 573],
    [25, 43, 1676, 384, 810, 85],
    [95, 55, 88, 421, 269, 574]
  ],
  "p_true": [
    [0.0114, 0.2717, 0.0327, 0.0598, 0.5938, 0.0306],
    [0.5178, 0.0193, 0.0299, 0.2901, 0.1048, 0.0381],
    [0.0425, 0.0219, 0.0366, 0.7846, 0.0686, 0.0459],
    [0.0133, 0.0476, 0.0326, 0.0178, 0.8569, 0.0318],
    [0.0448, 0.0764, 0.094, 0.2037, 0.3978, 0.1832],
    [0.0083, 0.0142, 0.5544, 0.127, 0.2679, 0.0281],
    [0.0632, 0.0366, 0.0586, 0.2803, 0.1791, 0.3822]
  ],
  "Z_est": [
    [
      [0.4482, 0, 0.0569, 0.0119, 1.1756, 1.3309, 2.1697, 1.5572, 0.7684, 0.3606, 0.3414, 0.8477, 0.5885, 0.4155, 1.0716, 1.6817, 0.9436, 1.088, 0.296, 0.394, 1.3165, 0, 0.1521, 0.0124, 0.8925, 0.0028, 0.9524, 0.5828, 0, 0.6072, 0.0698, 0.0123, 1.2675, 1.7138, 1.8065, 0.0396, 0, 0.0429, 1.1866, 0.1751, 4.2026, 0.1168],
      [11.0165, 0.4519, 3.5609, 1.7905, 44.4804, 28.9681, 41.5225, 25.5215, 19.055, 0, 5.9647, 18.0004, 31.4124, 14.3602, 25.2125, 37.3416, 28.8851, 15.564, 4.5659, 9.3533, 35.7031, 3.1619, 0, 0.8015, 32.6082, 0.0377, 33.1796, 21.275, 15.427, 11.6751, 1.198, 4.0333, 45.5735, 39.8156, 42.6072, 18.28, 0, 0.9016, 29.026, 2.3667, 64.3704, 2.8597],
      [2.1741, 0.1635, 0.9113, 0.9276, 13.8132, 11.5279, 9.5316, 10.8408, 5.5934, 0.401, 1.5555, 3.4705, 7.311, 3.685, 5.8407, 9.6572, 6.9895, 6.9402, 1.5423, 1.6975, 8.4746, 1.5801, 0.8019, 0, 7.7328, 0.0104, 8.7959, 6.8041, 2.3913, 2.3052, 0.159, 1.4133, 15.0384, 9.7685, 13.3029, 3.7464, 0, 0.3068, 8.8648, 0.9324, 17.3159, 0.7123],
      [0.9512, 0.0219, 0.5328, 0.1384, 4.4401, 3.3517, 4.337, 3.7383, 1.5071, 0.1044, 0.5956, 2.7117, 3.4972, 2.0233, 2.7425, 5.3901, 3.1534, 2.6331, 0.689, 0.7923, 3.6475, 0.6621, 0.307, 0.0499, 3.8427, 0.0073, 3.8143, 2.6437, 1.3428, 1.3432, 0.0503, 0.3841, 4.9252, 5.3667, 6.4182, 2.3191, 0, 0.1949, 3.8729, 0.4072, 6.8602, 0.5164],
      [30.3912, 3.358, 14.9177, 10.1272, 144.0477, 106.7596, 147.3756, 115.3422, 43.0349, 4.119, 10.5303, 41.8976, 107.1661, 33.4851, 71.1328, 98.8583, 93.0014, 68.7241, 21.899, 32.7629, 131.8583, 16.5959, 5.739, 2.1362, 120.8581, 0.9384, 107.2305, 93.6945, 52.8389, 33.0406, 2.5229, 3.1569, 178.1017, 120.2574, 162.7911, 65.5369, 0, 3.5538, 131.0497, 10.1186, 188.1419, 21.7948],
      [0.0188, 0.0047, 0.0205, 0.0045, 0.043, 0.0618, 0.0636, 0, 0.0413, 0.015, 0.0125, 0.0721, 0.0249, 0.0309, 0, 0.0711, 0.0269, 0.0506, 0.0078, 0, 0, 0, 0, 0, 0.0657, 0.0034, 0.0274, 0, 0, 0.0286, 0, 0, 0.0937, 0.078, 0.0742, 0.0781, 0, 0, 0, 0, 0.1089, 0]
    ],
    [
      [17.2853, 0.9998, 6.4408, 0.55, 50.3831, 37.6872, 42.2184, 42.6236, 26.7923, 1.7694, 11.0569, 21.1147, 22.9414, 30.2941, 47.6393, 56.0477, 33.5445, 33.9326, 17.8661, 8.7076, 43.3672, 5.5347, 2.7149, 1.5447, 41.6337, 2.114, 38.6924, 24.0504, 8.8305, 17.5963, 2.8588, 2.301, 52.3261, 54.1452, 103.299, 9.0461, 0, 2.1227, 41.9207, 16.8291, 173.046, 9.0699],
      [0.2572, 0.0501, 0.1931, 0.017, 1.201, 0.5345, 0.4986, 0.4362, 0.4045, 0, 0.1043, 0.2873, 0.6799, 0.6649, 0.6907, 0.812, 0.6619, 0.2917, 0.1632, 0.1221, 0.7644, 0.13, 0, 0.0427, 0.947, 0.04, 0.8509, 0.3876, 0.3923, 0.2072, 0.0194, 0.11, 1.1615, 0.8187, 1.5679, 0.3312, 0, 0.0243, 0.6534, 0.1312, 1.6613, 0.0965],
      [0.4945, 0.1322, 0.4619, 0.086, 3.5899, 2.0417, 1.0929, 1.8129, 1.1964, 0.0363, 0.2749, 0.5373, 1.5153, 1.6474, 1.5415, 2.0203, 1.5359, 1.3203, 0.5448, 0.213, 1.7365, 0.6113, 0.2343, 0, 2.1506, 0.0922, 2.1585, 1.1843, 0.5799, 0.3903, 0.0183, 0.4567, 3.6736, 1.9239, 4.7407, 0.661, 0, 0.0806, 1.9268, 0.4979, 4.2805, 0.2645],
      [2.4918, 0.2568, 3.3212, 0.153, 12.8764, 6.7119, 5.5981, 6.9974, 3.6157, 0.1156, 1.1755, 4.6728, 8.1343, 10.2097, 8.1533, 12.708, 7.8996, 5.6526, 2.8019, 1.0989, 8.4021, 2.3677, 1.5391, 0.2403, 12.1163, 0.43, 10.6884, 4.9312, 2.489, 2.6111, 0.0641, 0.9204, 13.5687, 12.0394, 25.973, 4.5197, 0, 0.5687, 9.4451, 2.4426, 19.0578, 1.8929],
      [1.4449, 0.5508, 1.5559, 0.1927, 7.8417, 3.954, 3.5425, 4.0574, 1.9449, 0.0755, 0.3756, 1.3395, 4.6679, 3.0981, 3.9376, 4.3116, 4.292, 2.7471, 1.601, 0.8507, 5.6668, 1.3422, 0.5116, 0.1713, 7.0407, 1.2647, 5.5272, 3.4386, 2.707, 1.1687, 0.0394, 0.212, 9.1347, 4.9636, 12.1849, 2.4017, 0, 0.1946, 5.9874, 1.0993, 9.7348, 1.6551],
      [0.0264, 0.0103, 0.0271, 0.0013, 0.1078, 0.0708, 0.0495, 0.0725, 0.0462, 0.0033, 0.0128, 0.0483, 0.0611, 0.0858, 0.0376, 0.1004, 0.0661, 0.0557, 0.023, 0.0077, 0.063, 0.0141, 0, 0.001, 0.1117, 0.0592, 0.0825, 0.0079, 0.0013, 0.0265, 0, 0, 0.1353, 0.1092, 0.2345, 0.0404, 0, 0.0091, 0.0666, 0, 0.2196, 0.0211]
    ],
    [
      [2.6518, 0, 0.2014, 0.0388, 5.9379, 5.4915, 8.1356, 11.3263, 3.2734, 0.2742, 2.466, 3.3263, 3.2677, 3.0665, 7.5415, 8.6799, 8.6285, 4.3035, 1.8339, 1.7692, 5.5767, 0.0287, 0, 0, 3.5212, 0.3309, 4.2452, 2.7978, 1.2461, 3.4638, 0.7274, 0.2626, 6.4897, 5.569, 9.0315, 0, 0, 1.5023, 5.5245, 1.7689, 19.7809, 1.2569],
      [7.7826, 0.6137, 1.8771, 1.1234, 27.658, 14.6901, 19.1321, 20.9287, 9.4217, 0, 5.1487, 7.9813, 24.3746, 12.8033, 20.8966, 22.8542, 32.3317, 7.0106, 3.3572, 5.1421, 18.5124, 1.6358, 0, 1.4261, 15.9299, 0.4554, 18.3355, 8.5382, 8.3083, 8.3432, 1.1567, 1.3672, 28.8981, 15.7696, 25.6805, 11.0811, 0, 2.7283, 15.9778, 2.8116, 38.1863, 2.0651],
      [3.0673, 0.4523, 0.9368, 1.0586, 16.2452, 10.6698, 8.3974, 18.2161, 5.3288, 0.4843, 2.8942, 2.898, 11.0553, 6.8757, 9.6982, 12.0017, 15.27, 6.4599, 2.3505, 1.7677, 8.4983, 1.6029, 0.2389, 0, 7.1809, 0.2812, 9.4898, 5.4224, 2.4794, 3.0306, 0.3676, 0.584, 18.4431, 7.5146, 15.9371, 3.9602, 0, 2.2623, 9.7886, 2.3144, 20.2994, 0.8919],
      [99.5349, 4.9258, 41.1161, 12.5205, 389.1757, 241.4191, 281.2843, 456.7113, 110.2081, 10.6879, 76.9659, 172.3265, 379.8485, 258.5274, 324.1044, 470.3874, 504.782, 180.6066, 76.0453, 60.7478, 266.6983, 37.9216, 12.4764, 13.7713, 266.4233, 6.5021, 301.1656, 142.9541, 68.1367, 137.3702, 10.2548, 18.0744, 442.0975, 304.1335, 560.6887, 188.3696, 1, 99.2455, 305.7645, 69.5247, 575.3637, 61.7564],
      [11.423, 1.8615, 3.6659, 2.9801, 47.2921, 28.5415, 35.3314, 53.6668, 12.0211, 1.3674, 4.4071, 8.6185, 43.274, 14.0191, 31.2376, 29.9112, 54.4673, 17.5575, 8.5531, 9.0869, 35.5297, 4.4655, 0.9176, 1.9327, 30.6729, 2.9346, 30.8734, 19.7572, 14.3495, 12.0969, 1.0122, 1.146, 58.9675, 24.6459, 52.2756, 20.0726, 0, 6.7472, 38.4118, 6.1472, 58.5146, 11.1676],
      [11.5404, 2.1467, 3.2028, 1.2785, 38.6912, 29.188, 28.7192, 62.1509, 14.7468, 1.1862, 7.1181, 17.8495, 34.1799, 22.7081, 25.5217, 41.1655, 50.5205, 19.0618, 6.86, 5.4863, 25.1847, 8.3455, 0.3671, 0.8698, 28.2719, 1.4958, 27.8904, 9.5303, 3.48, 14.6953, 0.4813, 0.5658, 51.1042, 31.3674, 58.3866, 19.5165, 0, 18.5145, 27.5329, 4.4332, 70.8551, 11.8621]
    ],
    [
      [0.5551, 0, 0.0049, 0, 0.7723, 1.0635, 1.1022, 1.3214, 0.5963, 0.0779, 0.3095, 0.4408, 0.104, 0.3798, 0.7067, 1.2154, 0.8509, 0.789, 0.2051, 0.3356, 1.2617, 0, 0, 0, 0.5925, 0.1074, 0.71, 0.9501, 0, 0.3558, 0.0402, 0.0698, 0.6605, 1.2364, 1.299, 0, 0, 0.3988, 0.7831, 0.2171, 2.598, 0.2163],
      [10.0748, 0.3631, 1.6926, 1.1733, 26.0663, 16.9883, 19.8753, 15.7503, 10.2447, 0, 4.4281, 6.7597, 18.5981, 10.1639, 12.7433, 20.0377, 20.3294, 8.3874, 2.4357, 5.0391, 24.5817, 1.3017, 0, 1.248, 21.1601, 0.0986, 21.5953, 11.3187, 7.7454, 5.5921, 0.3423, 2.3735, 23.7515, 21.5491, 23.8363, 9.7085, 0, 4.3661, 13.9571, 2.2315, 39.1846, 1.6374],
      [5.3528, 0.4359, 1.1341, 1.5801, 21.1349, 17.2827, 11.92, 18.077, 8.02, 0.6457, 3.1382, 3.4531, 11.4175, 6.9632, 7.8412, 13.7701, 12.9989, 10.2247, 2.2238, 2.3549, 15.3012, 1.7245, 0.7487, 0, 13.037, 0.0881, 15.1177, 9.7256, 3.3886, 2.8998, 0.1298, 2.336, 20.6283, 13.9481, 19.7975, 5.336, 0, 4.2328, 11.436, 2.3714, 27.9466, 1.0976],
      [3.118, 0.0466, 0.8516, 0.314, 9.5307, 7.0512, 7.481, 8.7085, 3.0419, 0.2143, 1.676, 3.7126, 7.551, 5.2287, 5.0409, 10.5115, 7.9631, 5.3692, 1.3264, 1.5584, 9.1591, 1.1028, 0.6559, 0.3289, 8.9416, 0.252, 8.8827, 5.4069, 3.2706, 2.3125, 0.0568, 0.9739, 9.296, 10.4472, 13.0248, 4.6954, 0, 5.807, 6.8731, 1.4089, 15.1596, 1.6947],
      [121.5013, 10.9399, 29.8242, 27.7076, 363.7691, 268.2321, 301.8882, 314.292, 102.5864, 10.8263, 34.511, 68.2978, 272.2352, 102.4329, 155.3198, 228.7951, 281.8748, 165.6938, 51.039, 74.9241, 388.6543, 29.1351, 13.5368, 15.3279, 335.2523, 7.2101, 299.5574, 214.8673, 119.5954, 68.2683, 3.4118, 9.1713, 398.9581, 280.0306, 394.5832, 155.1971, 0, 78.4233, 274.3189, 41.28, 492.591, 67.2373],
      [2.398, 0.2144, 0.4926, 0.2251, 5.7267, 5.3823, 4.7333, 6.8508, 2.5107, 0.2358, 0.9372, 2.3361, 4.0943, 2.8314, 2.348, 5.6701, 4.983, 3.5359, 0.7701, 0.7879, 5.042, 0.7358, 0.0586, 0.0953, 6.0166, 0.2438, 5.1369, 0.7314, 0, 1.5717, 0.019, 0.0756, 6.7056, 6.7886, 8.4591, 3.0631, 0, 2.772, 3.6318, 0.4912, 11.5202, 1.1167]
    ],
    [
      [0.3102, 0.0002, 0.0133, 0.0078, 0.556, 0.7554, 0.8427, 1.0566, 0.2545, 0.0292, 0.2004, 0.2631, 0.2411, 0.2285, 0.6332, 0.7463, 0.8495, 0.4726, 0.1538, 0.2355, 0.5109, 0.0041, 0.0024, 0.067, 0.3982, 0.048, 0.3686, 0.2579, 0.0857, 0.1823, 0.0481, 0.0187, 0.507, 0.6446, 1.0411, 0.0426, 0, 0.1937, 0.5755, 0.1934, 1.4928, 0.037],
      [1.102, 0.0131, 0.1161, 0.1363, 3.1396, 2.4317, 2.4059, 2.3806, 0.9015, 0, 0.5072, 0.795, 1.9537, 1.1601, 2.1344, 2.4127, 3.8543, 0.9388, 0.3438, 0.8218, 2.0544, 0.1122, 0, 0.2491, 2.1961, 0.0463, 1.9159, 0.9558, 0.9239, 0.5189, 0.0962, 0.1669, 2.7184, 2.2094, 3.5911, 1.1317, 0, 0.3819, 2.0245, 0.374, 3.4309, 0.0958],
      [4.8355, 0.0942, 0.6365, 1.5084, 21.3914, 21.0532, 12.0043, 23.2205, 6.0424, 0.7048, 3.0055, 3.3992, 9.8832, 6.5312, 10.8291, 13.6509, 20.3394, 9.7344, 2.5776, 3.2333, 10.6233, 1.2227, 0.3057, 0, 11.3155, 0.2202, 11.0463, 6.6385, 3.1313, 2.2455, 0.285, 1.744, 19.5597, 11.8162, 24.7987, 5.0412, 0, 3.4431, 13.6712, 3.2206, 20.0812, 0.5919],
      [19.5381, 0.1409, 3.7113, 2.1111, 61.3691, 55.3297, 49.1872, 71.768, 14.4439, 1.8425, 10.3112, 23.6057, 42.4809, 32.5013, 45.926, 68.8811, 83.7274, 33.3417, 10.7112, 13.3564, 41.1433, 3.8003, 1.7144, 2.1405, 51.0317, 0.813, 43.8252, 22.1582, 10.7594, 11.997, 1.2765, 2.6836, 57.8355, 59.236, 108.8508, 27.6904, 0, 20.0458, 53.6865, 12.8328, 71.9314, 3.2908],
      [12.6003, 0.36, 1.9302, 2.9923, 41.5796, 36.2628, 34.6376, 46.3001, 8.5974, 1.294, 3.7407, 7.5853, 27.1185, 11.0191, 24.6782, 26.0815, 50.6163, 18.0071, 6.8068, 11.5181, 30.8951, 2.3916, 0.6049, 1.7161, 32.9883, 3.0572, 25.2096, 17.2084, 13.0383, 5.9738, 0.8029, 0.6719, 43.3228, 27.1825, 56.8078, 16.3675, 0, 7.3933, 37.8707, 6.4425, 40.9276, 3.2091],
      [12.6139, 0.3916, 1.5927, 1.2441, 33.9642, 37.1671, 27.9223, 55.2742, 10.7603, 1.1296, 5.235, 13.3517, 21.3227, 15.5598, 20.7992, 33.2275, 46.6131, 19.5053, 5.4069, 6.8349, 21.7731, 5.4691, 0.3726, 0.8273, 30.0701, 0.8153, 22.6344, 8.7812, 4.0614, 7.0825, 0.4914, 0.7149, 37.0566, 33.9113, 62.9105, 15.7267, 0, 25.5421, 27.1717, 4.9365, 49.136, 3.7753]
    ],
    [
      [1.4159, 0, 0.1437, 0.041, 2.4016, 1.829, 4.3008, 3.6013, 1.6651, 0.2179, 0.8079, 1.4806, 1.4809, 1.1261, 1.9152, 3.798, 2.2802, 3.3464, 0.9605, 0.9576, 2.6602, 0.1367, 0.0319, 0.2548, 2.0675, 0.0078, 2.5456, 1.7215, 0.4563, 2.043, 0.2557, 0.0312, 3.2376, 3.3023, 4.2358, 0.6732, 0, 0.6268, 2.6307, 0.5792, 9.6141, 0.2271],
      [1.7187, 0.067, 0.3852, 0.1773, 4.45, 2.0149, 3.9796, 2.8495, 2.0112, 0, 0.6752, 1.5951, 3.5236, 1.9328, 2.1649, 4.2374, 3.4835, 2.2558, 0.7263, 1.1625, 3.6332, 0.3462, 0, 0.0627, 3.6815, 0.011, 4.3794, 2.18, 1.6542, 1.9408, 0.1874, 0.1232, 5.6325, 3.8591, 4.9619, 2.2204, 0, 0.5832, 3.1755, 0.3721, 7.1439, 0.2194],
      [23.6102, 1.5892, 6.8678, 6.4914, 94.8969, 55.4145, 62.3149, 84.3296, 42.815, 7.6877, 12.7761, 21.4488, 55.826, 34.1387, 34.3431, 74.7287, 57.518, 73.0134, 17.2127, 14.6577, 58.7979, 12.0863, 3.6353, 0, 59.6333, 0.2076, 78.9488, 47.3701, 17.5838, 26.5108, 2.0403, 5.1127, 126.5264, 64.6257, 106.0034, 31.482, 0, 14.2653, 66.4991, 10.3385, 130.3644, 4.1499],
      [4.0537, 0.0799, 1.6118, 0.3545, 11.7439, 6.2167, 10.9994, 11.2666, 4.3666, 0.7315, 1.8308, 6.3423, 10.3528, 7.2894, 6.2674, 16.2947, 10.2049, 10.7597, 3.0078, 2.5621, 9.817, 1.6394, 0.737, 0.1157, 11.5625, 0.0316, 13.4765, 6.86, 2.6926, 6.0055, 0.2975, 0.3265, 16.1645, 13.9403, 20.0964, 7.3972, 0, 3.5758, 11.2833, 1.7229, 20.2156, 0.961],
      [14.7128, 1.2249, 4.857, 2.8959, 44.3146, 22.7506, 43.2523, 40.4203, 14.5294, 3.2008, 3.733, 11.4601, 36.8664, 13.8556, 18.8077, 34.4773, 34.4704, 32.4289, 10.8111, 12.4273, 41.1545, 5.5355, 1.5791, 0.5587, 41.7911, 0.7335, 43.3743, 29.5164, 17.5244, 16.8313, 1.2107, 0.4064, 67.5048, 35.7951, 58.5582, 24.4293, 0, 7.2999, 44.3895, 4.88, 64.1062, 5.2527],
      [0.4887, 0.039, 0.1344, 0.0399, 1.1929, 0.7743, 1.153, 1.5327, 0.6127, 0.1621, 0.1769, 0.673, 0.9503, 0.6574, 0.5017, 1.4639, 1.043, 1.1957, 0.2815, 0.2328, 0.9372, 0.256, 0.0167, 0.0081, 1.2641, 0.0084, 1.2755, 0.3521, 0.0887, 0.6685, 0.0083, 0, 1.9342, 1.4776, 2.1443, 0.7978, 0, 0.6491, 1.0218, 0.1074, 2.5558, 0.1899]
    ],
    [
      [3.3337, 0, 0.1391, 0.3504, 11.7735, 7.8426, 14.2306, 12.5136, 4.65, 0.2708, 2.8179, 6.5267, 6.3766, 4.4895, 12.4925, 12.831, 10.9028, 7.0678, 3.6846, 0.6004, 8.3068, 0.2958, 0.0987, 0.1211, 3.8944, 0.3891, 5.4859, 3.6396, 1.3814, 5.7516, 0, 0.3044, 9.5116, 8.3886, 11.2871, 2.1985, 0, 2.1129, 8.379, 2.2372, 32.2655, 2.0759],
      [2.0482, 0.4411, 0.175, 0.5823, 11.0046, 4.3725, 6.5861, 5.1332, 2.9614, 0, 1.1718, 3.5812, 7.4577, 3.9148, 7.1576, 7.3042, 8.454, 2.5516, 1.408, 0.359, 5.751, 0.3121, 0, 0.1699, 3.4772, 0.311, 4.7434, 2.3448, 2.5489, 2.7228, 0, 0.8259, 8.2645, 4.9786, 6.7552, 3.2472, 0, 1.0146, 5.1858, 0.713, 12.0225, 1.0261],
      [0.4655, 0.1327, 0.0516, 0.3479, 3.9285, 2.0102, 1.7389, 2.5031, 1.004, 0.0403, 0.3556, 0.7931, 1.9917, 1.1588, 1.9061, 2.1712, 2.3483, 1.3071, 0.5483, 0.0759, 1.5681, 0.1722, 0.0352, 0, 0.9499, 0.1003, 1.443, 0.855, 0.4457, 0.6178, 0, 0.3534, 3.1306, 1.403, 2.4196, 0.7732, 0, 0.4092, 1.8135, 0.3248, 3.712, 0.2918],
      [5.3123, 0.528, 0.8553, 1.4086, 31.864, 14.9196, 20.113, 21.81, 6.8167, 0.3037, 3.445, 15.6284, 24.1353, 16.2202, 22.7655, 30.8272, 27.2696, 12.6371, 6.4183, 0.8841, 17.1328, 1.5062, 0.5703, 0.3534, 12.0819, 0.964, 16.1473, 8.046, 4.3089, 9.3604, 0, 1.6371, 26.1125, 19.8369, 29.9482, 12.0087, 0, 6.5622, 20.0746, 3.6609, 37.4117, 4.8879],
      [1.9264, 0.7048, 0.2491, 1.1043, 12.1551, 5.4994, 7.9723, 7.9212, 2.2859, 0.117, 0.7022, 2.8013, 8.672, 3.0901, 6.8864, 6.565, 9.2778, 3.8414, 2.29, 0.4301, 7.2413, 0.5342, 0.1108, 0.1571, 4.3966, 1.8615, 5.2276, 3.5176, 2.9466, 2.6206, 0, 0.2355, 11.0105, 5.1249, 8.7992, 3.9949, 0, 1.3879, 7.9719, 1.0324, 11.984, 2.6833],
      [4.9138, 2.1933, 0.5299, 1.2066, 25.2743, 14.3556, 16.3591, 24.1189, 7.282, 0.2681, 2.5074, 12.6693, 17.3668, 11.1266, 14.7919, 21.3014, 21.7475, 10.595, 4.6507, 0.6504, 13, 3.1796, 0.185, 0.1985, 10.1999, 1.3741, 11.9529, 4.5971, 2.3686, 7.9268, 0, 0.6437, 23.9704, 16.2679, 24.7909, 9.7775, 0, 12.5132, 14.5752, 2.0317, 36.6043, 8.0349]
    ]
  ],
  "V_est": [
    [30.6993, 771.9284, 215.0307, 92.3268, 2650.8869, 1.1279],
    [1162.9384, 18.4076, 49.7577, 240.9519, 128.8276, 2.1167],
    [155.3381, 472.3346, 256.7153, 8041.6184, 851.9213, 838.0724],
    [22.3269, 448.7305, 331.2601, 200.0457, 6673.2982, 121.3387],
    [14.5697, 52.7418, 325.6769, 1253.0277, 747.8078, 733.1761],
    [71.1086, 85.7782, 1647.8622, 275.2555, 913.928, 29.0675],
    [231.019, 143.079, 45.6971, 496.774, 167.3302, 418.1008]
  ],
  "p_est": [
    [0.0082, 0.2052, 0.0572, 0.0245, 0.7046, 0.0003],
    [0.7255, 0.0115, 0.031, 0.1503, 0.0804, 0.0013],
    [0.0146, 0.0445, 0.0242, 0.7575, 0.0802, 0.0789],
    [0.0029, 0.0576, 0.0425, 0.0257, 0.8559, 0.0156],
    [0.0047, 0.0169, 0.1041, 0.4007, 0.2391, 0.2345],
    [0.0235, 0.0284, 0.5451, 0.0911, 0.3023, 0.0096],
    [0.1538, 0.0953, 0.0304, 0.3307, 0.1114, 0.2784]
  ],
  "EI_Z": {},
  "EI_V": 9.7854,
  "MAE_Z": {},
  "MAE_V": 146.4546,
  "MAE_p": 0.0458,
  "runtime": 1.809
}
