{
  "X": [
    [14, 14, 34, 23, 15],
    [20, 9, 28, 33, 10],
    [24, 11, 34, 13, 18],
    [14, 15, 38, 22, 11],
    [16, 18, 29, 27, 10],
    [13, 19, 29, 29, 10],
    [18, 15, 28, 27, 12],
    [25, 8, 33, 22, 12],
    [15, 21, 22, 19, 23],
    [21, 22, 11, 11, 35],
    [20, 29, 9, 10, 32],
    [21, 27, 12, 13, 27],
    [18, 22, 9, 10, 41],
    [25, 24, 11, 9, 31],
    [20, 24, 10, 8, 38],
    [21, 22, 9, 12, 36],
    [20, 21, 14, 21, 24],
    [12, 14, 26, 37, 11],
    [11, 14, 38, 26, 11],
    [18, 18, 25, 26, 13],
    [9, 20, 28, 30, 13],
    [17, 28, 24, 22, 9],
    [14, 20, 32, 18, 16],
    [12, 17, 32, 31, 8],
    [17, 21, 26, 28, 8],
    [13, 14, 14, 30, 29],
    [13, 16, 12, 32, 27],
    [13, 15, 3, 44, 25],
    [11, 19, 9, 41, 20],
    [10, 15, 15, 36, 24],
    [15, 13, 15, 30, 27],
    [16, 12, 11, 34, 27],
    [17, 15, 17, 33, 18],
    [19, 15, 17, 26, 23],
    [31, 9, 23, 8, 29],
    [24, 13, 18, 10, 35],
    [38, 8, 15, 12, 27],
    [29, 12, 16, 9, 34],
    [25, 6, 21, 12, 36],
    [30, 3, 22, 9, 36],
    [27, 11, 19, 10, 33],
    [23, 9, 26, 15, 27],
    [17, 18, 19, 17, 29],
    [29, 15, 15, 16, 25],
    [30, 13, 18, 18, 21],
    [27, 12, 14, 14, 33],
    [27, 17, 11, 19, 26],
    [29, 12, 17, 18, 24],
    [23, 21, 15, 20, 21],
    [27, 13, 13, 18, 29]
  ],
  "W": [
    [63, 5, 9, 8, 11, 4],
    [58, 7, 7, 9, 9, 10],
    [58, 8, 8, 4, 14, 8],
    [52, 9, 7, 17, 9, 6],
    [58, 8, 8, 13, 8, 5],
    [56, 11, 6, 15, 5, 7],
    [53, 11, 7, 10, 10, 9],
    [59, 6, 8, 8, 10, 9],
    [22, 38, 10, 9, 7, 14],
    [7, 60, 14, 4, 6, 9],
    [13, 55, 6, 9, 6, 11],
    [9, 59, 10, 10, 4, 8],
    [10, 66, 5, 7, 6, 6],
    [8, 58, 5, 13, 8, 8],
    [10, 67, 7, 7, 4, 5],
    [2, 59, 8, 9, 10, 12],
    [9, 42, 25, 5, 8, 11],
    [10, 9, 64, 5, 7, 5],
    [10, 9, 58, 7, 8, 8],
    [10, 8, 52, 8, 8, 14],
    [6, 10, 61, 4, 10, 9],
    [7, 8, 58, 7, 11, 9],
    [8, 8, 60, 8, 7, 9],
    [9, 6, 65, 6, 9, 5],
    [10, 5, 60, 7, 11, 7],
    [9, 10, 9, 58, 6, 8],
    [9, 3, 14, 59, 8, 7],
    [8, 6, 5, 62, 10, 9],
    [6, 9, 9, 64, 6, 6],
    [9, 4, 7, 67, 6, 7],
    [10, 10, 7, 52, 10, 11],
    [7, 7, 4, 66, 10, 6],
    [20, 7, 8, 43, 8, 14],
    [13, 11, 6, 25, 39, 6],
    [8, 7, 7, 9, 59, 10],
    [9, 14, 8, 6, 53, 10],
    [9, 6, 7, 9, 63, 6],
    [4, 7, 9, 7, 59, 14],
    [6, 8, 13, 8, 61, 4],
    [8, 10, 3, 9, 63, 7],
    [8, 8, 4, 5, 61, 14],
    [7, 6, 6, 17, 43, 21],
    [11, 7, 12, 7, 7, 56],
    [12, 13, 13, 6, 7, 49],
    [7, 13, 13, 6, 8, 53],
    [9, 5, 4, 9, 6, 67],
    [6, 11, 8, 8, 8, 59],
    [8, 6, 9, 7, 7, 63],
    [8, 4, 11, 6, 8, 63],
    [6, 10, 9, 9, 11, 55]
  ],
  "method": "mvn_cdf",
  "mvncdf_method": "genz",
  "mvncdf_samples": 5000,
  "mvncdf_error": 1e-06,
  "cond_prob": [
    [
      [0.14004042004, 0.12875073407, 0.4380296503, 0.27332969918, 0.019849496402],
      [0.13776066105, 0.25295600274, 0.010723188732, 0.0058378514653, 0.592722296],
      [0.055073997238, 0.14959735036, 0.41295372987, 0.38237422379, 6.9874856942e-07],
      [0.043706167965, 0.12897422305, 0.034162873387, 0.37732766373, 0.41582907187],
      [0.19939423607, 0.023002431938, 0.18123951466, 0.0059484855785, 0.59041533176],
      [0.20894084644, 0.14523484043, 0.085234840923, 0.11289633102, 0.44769314118]
    ],
    [
      [0.13765420665, 0.056292398355, 0.43050575533, 0.36883015062, 0.0067174890425],
      [0.28900119297, 0.33839955297, 0.016760617103, 0.021361089015, 0.33447754794],
      [0.072189487563, 0.16167779187, 0.29770096671, 0.46843155496, 1.9889698512e-07],
      [0.049484282406, 0.075505308518, 0.032339343491, 0.69588304014, 0.14678802544],
      [0.43082381834, 0.019683218449, 0.24963917129, 0.016308319163, 0.28354547276],
      [0.31526135999, 0.083826730537, 0.11820052982, 0.205260753, 0.27745062665]
    ],
    [
      [0.18446108792, 0.085573275663, 0.50766643993, 0.19987438457, 0.022424811908],
      [0.25240121295, 0.34766127815, 0.010379996559, 0.0042047217806, 0.38535279056],
      [0.09637521974, 0.23750810563, 0.41798762083, 0.24812821717, 8.3663798503e-07],
      [0.070021059526, 0.067964138593, 0.031645571271, 0.35798404581, 0.4723851848],
      [0.36409131236, 0.0082321500382, 0.16270561893, 0.0027186081408, 0.46225231053],
      [0.35450854179, 0.14313235921, 0.07215107671, 0.07634532299, 0.3538626993]
    ],
    [
      [0.10673527715, 0.095469436853, 0.57736804974, 0.21313095856, 0.0072962776971],
      [0.18183542518, 0.42143869545, 0.024173085428, 0.0099756294907, 0.36257716445],
      [0.040919192366, 0.19636415356, 0.50511771516, 0.25759875032, 1.8859779471e-07],
      [0.050125853148, 0.18121953784, 0.075885115293, 0.47577118637, 0.21699830735],
      [0.40414141259, 0.030336342001, 0.28448243812, 0.0076153330999, 0.27342447418],
      [0.30855935463, 0.14910556807, 0.17147336268, 0.13739340744, 0.23346830718]
    ],
    [
      [0.14665876887, 0.15652195024, 0.40634817499, 0.2807908354, 0.0096802705114],
      [0.2019912912, 0.44865787228, 0.014136676704, 0.0096153865926, 0.32559877323],
      [0.052430048709, 0.2748110096, 0.32208226797, 0.35067639207, 2.8166104799e-07],
      [0.051611562307, 0.17963611004, 0.038754167592, 0.53832398521, 0.19167417485],
      [0.37257531667, 0.033414168175, 0.23253023862, 0.0081085162713, 0.35337176027],
      [0.31529119793, 0.20463504247, 0.093144942885, 0.15305812175, 0.23387069497]
    ],
    [
      [0.14311477253, 0.13514253748, 0.43311941707, 0.28084722193, 0.0077760509838],
      [0.17089829845, 0.46477996945, 0.018038385452, 0.012160817804, 0.33412252884],
      [0.030390675438, 0.246488334, 0.31571650138, 0.40740420331, 2.8587048808e-07],
      [0.059594180475, 0.19465291306, 0.0461233157, 0.55405407122, 0.14557551954],
      [0.34637512191, 0.03910204886, 0.25290316356, 0.011344086452, 0.35027557922],
      [0.32086427975, 0.21084144661, 0.11395962322, 0.13655016088, 0.21778448954]
    ],
    [
      [0.15347092651, 0.11358568371, 0.41109113485, 0.31238536275, 0.0094668921843],
      [0.22218627415, 0.3713092788, 0.013594538171, 0.013189304476, 0.3797206044],
      [0.05726411656, 0.19516612405, 0.3354714502, 0.41209802633, 2.8286114206e-07],
      [0.053881263358, 0.13935170805, 0.036087248223, 0.58045165655, 0.19022812381],
      [0.38733554551, 0.02792142159, 0.22689541315, 0.010547718326, 0.34729990142],
      [0.32572479456, 0.15949365786, 0.10237572728, 0.17700831998, 0.23539750033]
    ],
    [
      [0.24105426247, 0.071711844997, 0.43677059728, 0.23858524428, 0.011878050965],
      [0.32050470698, 0.20237437224, 0.014789081257, 0.0087650626635, 0.45356677685],
      [0.098568511803, 0.15418585144, 0.43338203222, 0.31386316716, 4.3736952892e-07],
      [0.092660642637, 0.10280952967, 0.051287512381, 0.46055292252, 0.29268939279],
      [0.450151967, 0.013613180094, 0.18059864031, 0.0053731214284, 0.35026309117],
      [0.43464439135, 0.086764275519, 0.093288086721, 0.11648666867, 0.26881657774]
    ],
    [
      [0.0981966131, 0.08453925888, 0.54057853643, 0.26889269566, 0.0077928959322],
      [0.19381936177, 0.36744302037, 0.026520845656, 0.013447679389, 0.39876909282],
      [0.036682833353, 0.15738566734, 0.40898338456, 0.3969478437, 2.7104232386e-07],
      [0.04210588065, 0.12356030353, 0.050598164558, 0.58235533325, 0.20138031801],
      [0.32524589267, 0.021280691511, 0.31043829035, 0.011181090278, 0.3318540352],
      [0.22435799773, 0.13064827308, 0.17130724417, 0.21349121438, 0.26019527064]
    ],
    [
      [0.17360736771, 0.1018949046, 0.43433913099, 0.27642923333, 0.013729363362],
      [0.22127571457, 0.28115260741, 0.013469639067, 0.0093009658883, 0.47480107307],
      [0.070006773626, 0.20639993582, 0.36263892587, 0.36095392571, 4.3897632511e-07],
      [0.063004786844, 0.12702156289, 0.041766544313, 0.48712767707, 0.28107942889],
      [0.36967888432, 0.020534504213, 0.17823908671, 0.0071233998759, 0.42442412489],
      [0.34116307504, 0.12617160882, 0.091439886994, 0.13071957072, 0.31050585842]
    ],
    [
      [0.18662362016, 0.18306236604, 0.37322825503, 0.24122063416, 0.015865124618],
      [0.1938979923, 0.36352624186, 0.0083380480458, 0.0059458720512, 0.42829184575],
      [0.071815828018, 0.33336254412, 0.3048472114, 0.2899739769, 4.3956695907e-07],
      [0.066989752164, 0.19264832034, 0.034509950948, 0.40752191844, 0.29833005811],
      [0.37441038518, 0.033599367394, 0.15521828425, 0.0062168213241, 0.43055514185],
      [0.32771372808, 0.20196336625, 0.064047268059, 0.10264520684, 0.30363043077]
    ],
    [
      [0.14866546623, 0.10584559338, 0.49534117771, 0.24140460934, 0.0087431533317],
      [0.23704354112, 0.35757702302, 0.017389177366, 0.011125053755, 0.37686520473],
      [0.060533458243, 0.20673135463, 0.39163822878, 0.34109668241, 2.759459747e-07],
      [0.059797200403, 0.14241560905, 0.050097848418, 0.54647903797, 0.20121030416],
      [0.38451119871, 0.026159368676, 0.25696970208, 0.0079146706881, 0.32444505984],
      [0.33627591489, 0.15716524542, 0.12270986489, 0.14821502958, 0.23563394522]
    ],
    [
      [0.15321463308, 0.10419237011, 0.43483148397, 0.29243024729, 0.015331265553],
      [0.18556702093, 0.27272624963, 0.01313400801, 0.0095946943393, 0.51897802709],
      [0.056722727414, 0.19405317692, 0.36086131686, 0.38836230104, 4.777724063e-07],
      [0.050307310368, 0.11846885826, 0.037969704872, 0.49587147638, 0.29738265012],
      [0.31564829937, 0.021840610048, 0.18596562134, 0.0077383802959, 0.46880708895],
      [0.29001727097, 0.12878650187, 0.091485837118, 0.1423907996, 0.34731959045]
    ],
    [
      [0.19343341534, 0.10750984399, 0.51712028444, 0.17170438461, 0.010232071615],
      [0.26660402326, 0.31737406685, 0.018362694384, 0.0068452459434, 0.39081396957],
      [0.080518715558, 0.2228856909, 0.43999877708, 0.25659646361, 3.5284398254e-07],
      [0.089015944485, 0.15986021526, 0.059444919251, 0.42102034101, 0.27065857999],
      [0.42115267768, 0.022666416891, 0.22675233593, 0.0045943847631, 0.32483418473],
      [0.40600753232, 0.13837176838, 0.11395024192, 0.092226421421, 0.24944403595]
    ],
    [
      [0.18758752103, 0.11730465353, 0.46714713172, 0.21276994345, 0.015190750268],
      [0.20729957503, 0.29213967067, 0.013135314772, 0.0066839102195, 0.4807415293],
      [0.07224237884, 0.23389053883, 0.39869637094, 0.29517020847, 5.0291746365e-07],
      [0.066514880614, 0.14674990781, 0.045479825855, 0.41201371616, 0.32924166955],
      [0.3606302171, 0.023123801973, 0.18477132828, 0.0053149260607, 0.42615972658],
      [0.33864770912, 0.13690037944, 0.095012723473, 0.09836595961, 0.33107322836]
    ],
    [
      [0.13948585189, 0.088699422673, 0.46002765423, 0.30115287983, 0.010634191378],
      [0.21552950673, 0.29770433368, 0.017248251016, 0.01302133957, 0.456496569],
      [0.054468588089, 0.17595704033, 0.35233088844, 0.41724315148, 3.3166221732e-07],
      [0.049259740101, 0.10962209022, 0.041116577561, 0.57393452747, 0.22606706465],
      [0.34927769362, 0.021973117613, 0.22905617459, 0.0097359985686, 0.38995701561],
      [0.31268009428, 0.12783397782, 0.11294906309, 0.17248649408, 0.27405037073]
    ],
    [
      [0.14886840624, 0.087985082752, 0.38399274992, 0.36897635679, 0.010177404296],
      [0.23038835683, 0.31618931008, 0.014108808807, 0.015518749079, 0.42379477521],
      [0.058885283405, 0.17799846466, 0.3302613898, 0.43285455525, 3.0688414282e-07],
      [0.050122096817, 0.10544345243, 0.038670138533, 0.62350470196, 0.18225961026],
      [0.382141467, 0.024469680196, 0.20598762297, 0.012324925452, 0.37507630438],
      [0.32399104718, 0.14050356145, 0.098614460049, 0.19860355762, 0.23828737371]
    ],
    [
      [0.15662087322, 0.081946271902, 0.37036299224, 0.37865519452, 0.012414668115],
      [0.20881091092, 0.25198091716, 0.013406288403, 0.013980464616, 0.5118214189],
      [0.061253778073, 0.1581769765, 0.30784643656, 0.47272237215, 4.367246721e-07],
      [0.047964635001, 0.099173808277, 0.035944398966, 0.54915781867, 0.26775933908],
      [0.34305083907, 0.017814123096, 0.18236539607, 0.0099690659188, 0.44680057585],
      [0.30181134236, 0.10462249526, 0.087215672861, 0.178882318, 0.32746817152]
    ],
    [
      [0.10842629864, 0.080657124392, 0.58042072414, 0.22193578528, 0.0085600675535],
      [0.22057131887, 0.29648746711, 0.027581379575, 0.012928154717, 0.44243167973],
      [0.037697876887, 0.13835472387, 0.47314781291, 0.35079926215, 3.2418555792e-07],
      [0.052149584223, 0.10247772652, 0.068245718932, 0.54339563424, 0.23373133608],
      [0.33887093887, 0.019632027453, 0.31817135256, 0.0084355212743, 0.31489015984],
      [0.32265751788, 0.11331978515, 0.16443633872, 0.14286423665, 0.2567221216]
    ],
    [
      [0.23028557358, 0.11073028418, 0.39354142188, 0.25241119085, 0.013031529503],
      [0.25919941871, 0.27872374775, 0.012603303065, 0.0084722475733, 0.44100128289],
      [0.085068722742, 0.21477748848, 0.34541317646, 0.35474019433, 4.1798707652e-07],
      [0.078336854439, 0.13603004271, 0.039709439356, 0.46599348093, 0.27993018257],
      [0.42591251607, 0.020548020824, 0.16569628729, 0.0062801785007, 0.38156299731],
      [0.41908483982, 0.12369530333, 0.080618112479, 0.11060241068, 0.26599933369]
    ],
    [
      [0.10468603742, 0.11857971592, 0.44515922434, 0.32001627465, 0.011558747673],
      [0.15316622269, 0.3451637286, 0.016416913867, 0.012212339832, 0.47304079501],
      [0.038891610258, 0.2306159804, 0.35223039013, 0.37826174293, 2.7629007682e-07],
      [0.037798913867, 0.13773523899, 0.043220929676, 0.54671077786, 0.23453413961],
      [0.27720211801, 0.028335586913, 0.23338124413, 0.010060775455, 0.4510202755],
      [0.23654056257, 0.17356760435, 0.1118722539, 0.17058141877, 0.30743816042]
    ],
    [
      [0.19360045437, 0.18197974675, 0.40127679848, 0.2138385879, 0.0093044125015],
      [0.2226637702, 0.47336062782, 0.011894466154, 0.0068682056771, 0.28521293015],
      [0.072629986078, 0.35019533069, 0.30344025012, 0.27373414721, 2.8590589866e-07],
      [0.073885180837, 0.2440003174, 0.040543472206, 0.44041013321, 0.20116089636],
      [0.47803306747, 0.043456602994, 0.19132274012, 0.0060396218725, 0.28114796755],
      [0.3940276227, 0.21981045965, 0.081911804757, 0.10424869879, 0.20000141411]
    ],
    [
      [0.26721081403, 0.22401319558, 0.38131525531, 0.1054237392, 0.022036995879],
      [0.15837088702, 0.23858312256, 0.012292564934, 0.0035578358427, 0.58719558965],
      [0.041419055068, 0.26051969997, 0.50761465899, 0.19044591887, 6.6710990349e-07],
      [0.051060433576, 0.10252807983, 0.025739806672, 0.30802903756, 0.51264264236],
      [0.3511892074, 0.017555803472, 0.21120165464, 0.0031079205258, 0.41694541396],
      [0.39940354152, 0.1125409874, 0.072448729034, 0.064170567761, 0.35143617428]
    ],
    [
      [0.1452131214, 0.09879936132, 0.46686172808, 0.28015629978, 0.0089694894201],
      [0.23276691347, 0.33362038571, 0.017151113235, 0.012359246466, 0.40410234112],
      [0.055138086211, 0.18675362769, 0.37151206696, 0.3865959383, 2.8082897923e-07],
      [0.058465885617, 0.13145666582, 0.049485509005, 0.55566875785, 0.20492318171],
      [0.37877635864, 0.023682974357, 0.24738899673, 0.0090154080302, 0.34113626224],
      [0.33715013013, 0.1384859236, 0.11878643314, 0.16110073799, 0.24447677513]
    ],
    [
      [0.21176044305, 0.13385384158, 0.38502403298, 0.26065360266, 0.0087080797253],
      [0.27581451837, 0.32616157276, 0.013416499749, 0.0094285615654, 0.37517884756],
      [0.084515576986, 0.25234045859, 0.32796488169, 0.33517878108, 3.0165769293e-07],
      [0.080263667376, 0.16895321928, 0.040253817611, 0.50723445775, 0.20329483798],
      [0.49153970256, 0.028212643266, 0.17811547647, 0.0073905926431, 0.29474158506],
      [0.4276721949, 0.16665663214, 0.087534982107, 0.1312786724, 0.18685751846]
    ],
    [
      [0.16378691919, 0.097374544836, 0.51163209245, 0.2117543626, 0.015452080919],
      [0.21027836196, 0.27231919697, 0.017712883419, 0.0077172427871, 0.49197231486],
      [0.065303870359, 0.19799104136, 0.44150250281, 0.29520209661, 4.8885639828e-07],
      [0.065064785327, 0.13009886084, 0.051499279292, 0.43005599179, 0.32328108275],
      [0.34676204069, 0.01855461863, 0.21310703761, 0.0056242071684, 0.4159520959],
      [0.32739173689, 0.11209927663, 0.11681077126, 0.11050152037, 0.33319669486]
    ],
    [
      [0.20178742773, 0.1336996238, 0.39435663273, 0.25296601689, 0.017190298854],
      [0.19539680481, 0.30267069197, 0.010014859816, 0.0066318988526, 0.48528574455],
      [0.076069823197, 0.26825239522, 0.32885314509, 0.3268240669, 5.6959251792e-07],
      [0.07038936295, 0.13328779453, 0.034586447887, 0.42429624332, 0.33744015131],
      [0.35246084448, 0.024205462853, 0.15627244944, 0.0054652581958, 0.46159598503],
      [0.34304687324, 0.14405238698, 0.076626381788, 0.1060757319, 0.3301986261]
    ],
    [
      [0.17855060947, 0.14938102669, 0.22060519203, 0.43648022956, 0.014982942241],
      [0.19396851511, 0.34036307824, 0.0064152075758, 0.013678981165, 0.44557421791],
      [0.062921885205, 0.25345759654, 0.15570125363, 0.52791886095, 4.0367976371e-07],
      [0.045427495522, 0.13719331377, 0.014330493363, 0.58225575601, 0.22079294134],
      [0.39541126089, 0.030981571479, 0.10194549782, 0.011903753487, 0.45975791632],
      [0.31456356693, 0.14954525293, 0.040761779205, 0.19033668981, 0.30479271113]
    ],
    [
      [0.15262908252, 0.14549715252, 0.38144474137, 0.30997910378, 0.010449919806],
      [0.19670369861, 0.398807517, 0.012852469349, 0.01100762682, 0.38062868822],
      [0.055154780351, 0.26390748763, 0.28968340011, 0.39125402188, 3.1002692392e-07],
      [0.053257006304, 0.16924860795, 0.031621473845, 0.54027825982, 0.20559465208],
      [0.38680249177, 0.034473316828, 0.22239607831, 0.0097824257971, 0.3465456873],
      [0.31578767423, 0.1853362972, 0.093758922543, 0.16265366671, 0.24246343932]
    ],
    [
      [0.12222279869, 0.10050481969, 0.55388264439, 0.21274397388, 0.010645763349],
      [0.18781620927, 0.33123964574, 0.021155698707, 0.0094977234147, 0.45029072287],
      [0.04954511651, 0.20170596765, 0.45643541203, 0.29231316674, 3.3707026482e-07],
      [0.053257306535, 0.14928776038, 0.061424634607, 0.47349525356, 0.26253504492],
      [0.3068113493, 0.023560775205, 0.28156487013, 0.0067408122142, 0.38132219315],
      [0.29786606822, 0.14720124269, 0.14324325251, 0.12658264993, 0.28510678665]
    ],
    [
      [0.15949850737, 0.090519455046, 0.50930887411, 0.22882565687, 0.011847506599],
      [0.22421916908, 0.2651037086, 0.018564971565, 0.0089691168813, 0.48314303388],
      [0.06299717959, 0.18225531017, 0.43900696923, 0.31574013677, 4.0423786872e-07],
      [0.064549890997, 0.12056144003, 0.056105121411, 0.46965198136, 0.2891315662],
      [0.34917841519, 0.018703232517, 0.23623095081, 0.0062835544423, 0.38960384704],
      [0.34034947218, 0.11871849919, 0.12106506743, 0.12012695603, 0.29974000516]
    ],
    [
      [0.20840917575, 0.087098569212, 0.46344726034, 0.22889688505, 0.012148109645],
      [0.27588171348, 0.25549824279, 0.015495119691, 0.0084347599317, 0.4446901641],
      [0.088131739085, 0.18530649174, 0.40541325784, 0.32114809227, 4.1905645883e-07],
      [0.082924760997, 0.12373838311, 0.049468108378, 0.46064457671, 0.2832241708],
      [0.41741259287, 0.016855853363, 0.20408668084, 0.0059530634564, 0.35569180946],
      [0.40946155785, 0.10599892817, 0.099719194857, 0.10613329127, 0.27868702786]
    ],
    [
      [0.17510554404, 0.11006388774, 0.43481136913, 0.27020490432, 0.0098142947719],
      [0.24514675714, 0.34758500838, 0.015894189753, 0.010392988542, 0.38098105618],
      [0.066182111689, 0.21358971594, 0.36009949342, 0.3601283681, 3.1085102407e-07],
      [0.065687072365, 0.14277925046, 0.044537276443, 0.5288860137, 0.21811038703],
      [0.39060858564, 0.027273600067, 0.23236569904, 0.0088149144066, 0.34093720085],
      [0.36250846998, 0.14738150351, 0.1050780272, 0.14483849275, 0.24019350657]
    ],
    [
      [0.10819751765, 0.12532909174, 0.34097863872, 0.4189382836, 0.0065564682886],
      [0.1755448191, 0.40088138092, 0.017102041462, 0.016136127096, 0.39033563142],
      [0.028477191, 0.2113239267, 0.25628535987, 0.50391330915, 2.1326938071e-07],
      [0.030285726035, 0.16581412987, 0.026561134254, 0.63985111353, 0.13748789631],
      [0.34404452261, 0.040639361599, 0.22227718733, 0.016407806791, 0.37663112167],
      [0.22690389848, 0.17809015946, 0.083684762919, 0.26471300325, 0.24660817589]
    ],
    [
      [0.1824945332, 0.10709999748, 0.5148133779, 0.18423387436, 0.011358217063],
      [0.23863302172, 0.30927507407, 0.018034779876, 0.0067593563624, 0.42729776797],
      [0.07306395004, 0.21882382735, 0.44341877709, 0.26469305819, 3.8732530415e-07],
      [0.083048791731, 0.16062559868, 0.061940738011, 0.40169469791, 0.29269017366],
      [0.39068340565, 0.021914663863, 0.23607930696, 0.0048423638443, 0.34648025968],
      [0.37029100975, 0.14117872444, 0.12171065791, 0.096133450298, 0.2706861576]
    ],
    [
      [0.14336725464, 0.14596998958, 0.43501210666, 0.26196434612, 0.013686303006],
      [0.17189709344, 0.3658728977, 0.013164794779, 0.0084350100198, 0.44063020406],
      [0.053235403821, 0.26613313616, 0.32612348134, 0.35450755404, 4.2463078784e-07],
      [0.051020311384, 0.17257334977, 0.037633705529, 0.4617631098, 0.27700952351],
      [0.32480642064, 0.029759762348, 0.19201597795, 0.007556511919, 0.44586132714],
      [0.27313944023, 0.17960008918, 0.091607134195, 0.13412660738, 0.32152672901]
    ],
    [
      [0.2329428354, 0.10919674152, 0.34801023735, 0.29872820583, 0.011121979892],
      [0.29338688652, 0.30007775222, 0.01115952782, 0.010409063337, 0.3849667701],
      [0.093674517967, 0.21566366605, 0.27768976962, 0.41297169747, 3.4889743687e-07],
      [0.081157031864, 0.13261353737, 0.032687572711, 0.54048017422, 0.21306168383],
      [0.48164033923, 0.02132431524, 0.15339141622, 0.0078390972986, 0.33580483202],
      [0.43291374085, 0.12692436641, 0.07062029802, 0.13667829788, 0.23286329684]
    ],
    [
      [0.17275922994, 0.17078677551, 0.39377599498, 0.24830799914, 0.014370000432],
      [0.18622007366, 0.38616872445, 0.010968311406, 0.0070486414135, 0.40959424907],
      [0.065397319317, 0.31301648641, 0.3099908266, 0.31159493012, 4.3755203082e-07],
      [0.061398156133, 0.19496136533, 0.037311030668, 0.43265139936, 0.27367804851],
      [0.36389276744, 0.033165458191, 0.18359615235, 0.0063899772683, 0.41295564475],
      [0.31235862574, 0.19136724973, 0.080392518343, 0.11254815089, 0.3033334553]
    ],
    [
      [0.15408256222, 0.076587902932, 0.46734915054, 0.28706457685, 0.014915807467],
      [0.20913266392, 0.21454800932, 0.01542008032, 0.0099555965809, 0.55094364986],
      [0.06268750495, 0.16004185293, 0.38365234118, 0.39361780421, 4.967280963e-07],
      [0.056474396321, 0.087399073813, 0.044797127962, 0.50602780945, 0.30530159245],
      [0.32894279181, 0.014852329797, 0.19502208279, 0.0070905966227, 0.45409219898],
      [0.31970094793, 0.093731580923, 0.10102622922, 0.13683858379, 0.34870265814]
    ],
    [
      [0.1731591607, 0.049623521427, 0.5294820572, 0.23459533582, 0.013139924857],
      [0.25900493304, 0.16958765154, 0.021219167308, 0.009608864915, 0.5405793832],
      [0.072859271766, 0.10581288334, 0.47344613141, 0.34788125873, 4.5475777082e-07],
      [0.069949322827, 0.069641573065, 0.056139254243, 0.49359096631, 0.31067888355],
      [0.36009323449, 0.0099679287891, 0.2256663886, 0.0058435953202, 0.3984288528],
      [0.35583279762, 0.067140765588, 0.12625032121, 0.12182891541, 0.32894720017]
    ],
    [
      [0.1344974618, 0.14870243252, 0.3843699386, 0.32117636514, 0.011253801938],
      [0.17326103241, 0.40431370847, 0.013449460077, 0.011074198163, 0.39790160088],
      [0.04660662721, 0.25743965836, 0.29008959517, 0.40586379492, 3.2433519664e-07],
      [0.044969962738, 0.16074498354, 0.034808403227, 0.53959451112, 0.21988213938],
      [0.33024483457, 0.034124180504, 0.21224228589, 0.0099906712464, 0.41339802779],
      [0.27946470991, 0.18978933032, 0.093311278639, 0.16627966349, 0.27115501765]
    ],
    [
      [0.11169770161, 0.07597318452, 0.62122792686, 0.18321241823, 0.007888768778],
      [0.23936194017, 0.29691883431, 0.029803562198, 0.010718612692, 0.42319705063],
      [0.050334230362, 0.15504215043, 0.51953152494, 0.27509180774, 2.8653480703e-07],
      [0.056645550628, 0.12305981528, 0.08042082672, 0.49633601731, 0.24353779006],
      [0.2956643323, 0.01809862031, 0.35119934919, 0.0064475683929, 0.32859012981],
      [0.29645375837, 0.11513885563, 0.18001124863, 0.12811702847, 0.28027910889]
    ],
    [
      [0.10949477472, 0.14347324478, 0.4952015468, 0.23631514168, 0.015515292026],
      [0.13465611717, 0.34442050077, 0.014981733407, 0.00817719386, 0.49776445479],
      [0.045238573398, 0.25090305417, 0.40215601557, 0.30170189549, 4.6137764701e-07],
      [0.042277644357, 0.17002818338, 0.048544559974, 0.42754207797, 0.31160753433],
      [0.23635868592, 0.030163278891, 0.24693357937, 0.006952446843, 0.47959200898],
      [0.23539942531, 0.17795106573, 0.10887482638, 0.11879517817, 0.35897950442]
    ],
    [
      [0.20870612186, 0.10747038979, 0.41023062755, 0.2605036608, 0.013089199989],
      [0.2702183922, 0.26747825945, 0.012128371009, 0.008411816419, 0.44176316092],
      [0.082563209182, 0.21960862161, 0.35655404876, 0.34127367648, 4.4397267731e-07],
      [0.077686037251, 0.13452798237, 0.038976368867, 0.4522410329, 0.29656857861],
      [0.41675074842, 0.020073697518, 0.15771445086, 0.0061538278204, 0.39930727538],
      [0.38941871047, 0.1232457138, 0.080532629737, 0.12128572868, 0.28551721731]
    ],
    [
      [0.16506244838, 0.075924394375, 0.50625541204, 0.24481501953, 0.0079427256791],
      [0.28955812237, 0.28909076286, 0.020458766487, 0.012255867361, 0.38863648093],
      [0.067631313685, 0.15498640941, 0.42565150146, 0.35173050066, 2.747812561e-07],
      [0.068589339813, 0.11019757669, 0.053888350427, 0.55909517428, 0.20822955878],
      [0.40381569156, 0.017253139186, 0.24530113427, 0.0072109733228, 0.32641906167],
      [0.39528360193, 0.11748174911, 0.11918890752, 0.15054601552, 0.21749972592]
    ],
    [
      [0.17782634577, 0.091821141278, 0.47399601164, 0.24065809687, 0.015698404438],
      [0.19235945922, 0.24555762608, 0.01439594633, 0.0072981421347, 0.54038882624],
      [0.061248771206, 0.19907225301, 0.40435076569, 0.33532764342, 5.6667423171e-07],
      [0.067023238217, 0.12430741445, 0.04419935694, 0.42233885487, 0.34213113552],
      [0.31012944644, 0.014774238937, 0.19258253315, 0.0058543265539, 0.47665945492],
      [0.33504280512, 0.12604179083, 0.099913810929, 0.10680060125, 0.33220099187]
    ],
    [
      [0.17031559114, 0.12559307054, 0.37287693282, 0.3191796068, 0.012034798706],
      [0.21653035299, 0.34078807261, 0.011729526424, 0.011140334806, 0.41981171316],
      [0.064112075522, 0.23696391054, 0.28560639808, 0.41331724763, 3.6822641907e-07],
      [0.057138397157, 0.14192997187, 0.032058364195, 0.54118661986, 0.22768664692],
      [0.38277294397, 0.026846906028, 0.17382027151, 0.008996784917, 0.40756309358],
      [0.33351889341, 0.15207337366, 0.081288049512, 0.15626534277, 0.27685434065]
    ],
    [
      [0.16428749168, 0.088131951063, 0.48389645335, 0.25298675098, 0.010697352917],
      [0.25317973154, 0.27290047394, 0.018653754444, 0.010779338793, 0.44448670129],
      [0.06588385957, 0.17254354364, 0.4041711031, 0.35740114873, 3.4496519653e-07],
      [0.067424624728, 0.11027130741, 0.050709914475, 0.52475963948, 0.24683451391],
      [0.37849087099, 0.019070382739, 0.2369801869, 0.0076115345237, 0.35784702484],
      [0.3616297429, 0.11593652131, 0.1174991553, 0.14059036623, 0.26434421426]
    ],
    [
      [0.13120916428, 0.17411732677, 0.39225503141, 0.29314906837, 0.0092694091744],
      [0.16714135745, 0.47416810355, 0.012880567312, 0.01043535023, 0.33537462145],
      [0.044867860585, 0.29437076992, 0.32054334419, 0.3402177436, 2.8171547647e-07],
      [0.046582762152, 0.20431772093, 0.039780164787, 0.54218785661, 0.16713149552],
      [0.3455231134, 0.041684842867, 0.22900903743, 0.0096603240362, 0.37412268226],
      [0.29301253329, 0.23745240266, 0.095170850141, 0.15502934336, 0.21933487055]
    ],
    [
      [0.17968902063, 0.098890017697, 0.41579576757, 0.29181499229, 0.013810201818],
      [0.22423256704, 0.27165714344, 0.013615467475, 0.010291564991, 0.48020325706],
      [0.067741832597, 0.19061961443, 0.34315525322, 0.39848285155, 4.4820438393e-07],
      [0.061904804678, 0.10988141692, 0.039713806812, 0.51361799072, 0.27488198086],
      [0.35965243006, 0.02041801531, 0.18298604552, 0.0080845152163, 0.42885899389],
      [0.33845939422, 0.12202298852, 0.088605735329, 0.14391728759, 0.30699459434]
    ]
  ],
  "expected_outcome": [
    [
      [8.8225464627, 7.9839439859, 10.6987430995, 5.5502344118, 8.5062085943, 8.0144272618, 8.133959105, 14.2222014859, 2.1603254882, 1.215251574, 2.426107062, 1.3379891961, 1.5321463308, 1.5474673227, 1.8758752103, 0.27897170379, 1.3398156561, 1.5662087322, 1.0842629864, 2.3028557358, 0.62811622452, 1.3552031806, 2.1376865122, 1.3069180926, 2.1176044305, 1.4740822727, 1.8160868496, 1.4284048758, 0.91577449513, 1.1000051882, 1.5949850737, 1.4588642303, 3.5021108809, 1.4065677295, 1.4599562656, 1.2903052917, 2.0964855186, 0.69103691976, 0.92449537332, 1.3852732856, 1.0759796944, 0.78188391127, 1.2044425219, 2.5044734624, 1.1554371387, 1.6004371119, 1.0218935469, 1.3142999335, 1.0496733142, 1.0781341238],
      [8.1112962467, 3.2649591046, 4.9632499884, 4.9644107164, 9.0782731137, 7.5679820989, 6.0200412364, 4.2309988548, 1.8598636954, 0.71326433222, 2.3798107585, 0.95261034045, 1.0419237011, 0.86007875189, 1.1730465353, 0.17739884535, 0.79186574477, 0.81946271902, 0.80657124392, 1.1073028418, 0.71147829554, 1.2738582272, 1.7921055647, 0.88919425188, 1.3385384158, 0.87637090353, 1.2032966142, 1.1950482136, 0.87298291513, 0.90454337723, 0.90519455046, 0.60968998449, 2.2012777548, 1.6292781926, 0.85679997986, 1.3137299063, 0.9827706737, 0.68314710205, 0.45952741759, 0.39698817141, 1.1896194602, 0.53181229164, 1.5782056925, 1.2896446775, 0.53147076063, 0.8263902715, 0.75355842323, 0.70505560851, 1.3929386142, 0.59334010618],
      [27.5958679689, 24.9693338092, 29.4446535162, 30.0231385864, 23.5681941494, 24.2546873559, 21.787830147, 25.7694652396, 11.8927278015, 3.0403739169, 4.8519673153, 4.4580705994, 4.3483148397, 4.1369622755, 4.6714713172, 0.92005530846, 3.4559347493, 3.7036299224, 5.8042072414, 3.9354142188, 2.670955346, 2.8089375894, 3.0505220425, 4.2017555527, 3.8502403298, 4.6046888321, 3.5492096945, 1.7648415363, 2.2886684482, 4.9849437995, 5.0930887411, 3.2441308224, 8.6962273826, 4.4327223034, 4.1185070232, 3.9151089599, 3.1320921362, 1.5751039799, 2.8040949032, 4.2358564576, 3.0749595088, 4.348595488, 5.4472170148, 4.9227675307, 3.5437878843, 4.2659641048, 2.2372615969, 3.8711716268, 3.1380402513, 2.4947746054],
      [17.2197710483, 21.3921487359, 11.5927143052, 11.0828098452, 16.285868453, 15.7274444283, 16.5564242258, 14.0765294127, 5.9156393044, 1.9350046333, 3.1358682441, 2.1726414841, 2.9243024729, 1.3736350769, 2.1276994345, 0.60230575965, 3.3207872111, 3.7865519452, 2.2193578528, 2.5241119085, 1.9200976479, 1.4968701153, 0.84338991359, 2.521406698, 2.6065360266, 1.9057892634, 2.276694152, 3.4918418365, 1.8598746227, 1.9146957649, 2.2882565687, 1.6022781954, 5.4040980863, 5.4461976868, 1.4738709949, 2.357679115, 2.6885538525, 0.99323199654, 1.7223874611, 1.8767626866, 2.5694109211, 1.2824869276, 2.5994665585, 3.1260439297, 1.7137051367, 2.1659228719, 1.9150776408, 2.0238940079, 2.3451925469, 1.7508899537],
      [1.2505182733, 0.38961436447, 1.3006390907, 0.37940644025, 0.56145568966, 0.43545885509, 0.50174528577, 0.70080500693, 0.17144371051, 0.096105543531, 0.20624662003, 0.078688379985, 0.15331265553, 0.081856572923, 0.15190750268, 0.021268382756, 0.091596638667, 0.12414668115, 0.085600675535, 0.13031529503, 0.069352486036, 0.06513088751, 0.17629596703, 0.080725404781, 0.087080797253, 0.13906872827, 0.15471268968, 0.11986353793, 0.062699518836, 0.095811870142, 0.11847506599, 0.085036767514, 0.19628589544, 0.085234087752, 0.090865736502, 0.12317672705, 0.10009781903, 0.057480001727, 0.0894948448, 0.10511939886, 0.090030415501, 0.055221381446, 0.17066821228, 0.15707039987, 0.055599079754, 0.14128563994, 0.072208792237, 0.085578823339, 0.074155273395, 0.082861210908]
    ],
    [
      [0.68880330527, 2.0230083508, 2.0192097036, 1.6365188266, 1.6159303296, 1.879881283, 2.4440490157, 1.9230282419, 7.3651357472, 13.2765428739, 10.6643895765, 13.9855689263, 12.2474233813, 15.4630333488, 13.8890715272, 12.7162408969, 9.6763109867, 1.8792981983, 1.9851418698, 2.0735953497, 1.5316622269, 1.7813101616, 1.2669670961, 1.3966014808, 1.3790725918, 2.1027836196, 0.58619041443, 1.1638110907, 1.7703332875, 0.75126483709, 2.2421916908, 1.9311719944, 1.7160273, 1.9309930101, 1.6704311521, 2.4065593082, 1.7603213191, 1.3035405156, 1.6730613113, 2.5900493304, 1.3860882593, 1.436171641, 0.94259282017, 3.5128390986, 3.7642555908, 0.96179729611, 2.3818338829, 1.5190783892, 0.6685654298, 2.2423256704],
      [1.2647800137, 2.3687968708, 2.7812902252, 3.792948259, 3.5892629783, 5.1125796639, 4.0844020668, 1.2142462335, 13.9628347741, 16.8691564448, 19.9939433021, 21.0970443584, 17.9999324759, 18.4076958774, 19.5733579349, 17.5645556873, 13.2799510234, 2.2678282544, 2.668387204, 2.229789982, 3.451637286, 3.7868850226, 1.9086649804, 2.0017223143, 1.6308078638, 2.7231919697, 0.90801207592, 2.0421784694, 3.589267653, 1.324958583, 2.651037086, 1.7884876995, 2.4330950587, 4.4096951901, 2.1649255185, 5.1222205678, 1.8004665133, 2.7031810712, 1.7163840745, 1.6958765154, 3.2345096677, 1.7815130058, 2.4109435054, 3.4772173729, 3.7581799172, 1.2277881304, 3.7486687988, 1.6374028436, 1.8966724142, 2.7165714344],
      [0.053615943659, 0.11732431972, 0.083039972473, 0.21755776885, 0.11309341363, 0.19842223997, 0.14953991988, 0.088734487541, 1.0077921349, 0.80817834402, 0.45859264252, 1.0259614646, 0.86684452864, 1.0650362743, 0.88006608972, 1.01764681, 0.59256996988, 0.12065659563, 0.24823241617, 0.10082642452, 0.16416913867, 0.095155729231, 0.09834051947, 0.10290667941, 0.067082498747, 0.17712883419, 0.030044579447, 0.038491245455, 0.11567222414, 0.084622794827, 0.18564971565, 0.10846583784, 0.11125932827, 0.18812245608, 0.12624345913, 0.18430712691, 0.066957166917, 0.076778179844, 0.12336064256, 0.21219167308, 0.10759568061, 0.17882137319, 0.10487213385, 0.15766882312, 0.26596396433, 0.071979731652, 0.12902479066, 0.11192252666, 0.051522269249, 0.13615467475],
      [0.029189257327, 0.14952762311, 0.033637774244, 0.089780665417, 0.076923092741, 0.13376899584, 0.14508234923, 0.052590375981, 0.51101181677, 0.5580579533, 0.32702296281, 0.65637817155, 0.63324982639, 0.39702426472, 0.44782198471, 0.76825903466, 0.65178746133, 0.12582418154, 0.11635339245, 0.067777980587, 0.12212339832, 0.054945645417, 0.028462686742, 0.074155478793, 0.047142807827, 0.077172427871, 0.019895696558, 0.082073886987, 0.099068641378, 0.037990893659, 0.089691168813, 0.059043319522, 0.072750919797, 0.17749739806, 0.047315494537, 0.11809014028, 0.062454380021, 0.049340489894, 0.079644772648, 0.09608864915, 0.088593585301, 0.064311676155, 0.05724035702, 0.10935361345, 0.15932627569, 0.036490710674, 0.12254368287, 0.064676032756, 0.041741400919, 0.10291564991],
      [2.96361148, 2.3413428356, 3.0828223245, 3.26319448, 2.6047901858, 3.6753478173, 4.1769266484, 2.7214006611, 15.153225527, 28.4880643839, 23.5560515161, 22.2350470792, 34.2525497878, 22.6672102348, 32.2096824634, 26.9332975712, 17.7993805586, 4.6063927701, 3.9818851176, 3.5280102632, 4.7304079501, 2.2817034412, 4.6975647172, 2.4246140467, 1.8758942378, 4.9197231486, 1.4558572336, 2.6734453075, 3.425658194, 1.8011628915, 4.8314303388, 3.1128311487, 2.6668673933, 4.2936919456, 2.9910843758, 6.1688228568, 2.3098006206, 2.8671597435, 4.4075491989, 5.405793832, 3.1832128071, 2.5391823038, 3.4843511835, 5.7429210919, 5.052274252, 2.7019441312, 4.6179288448, 2.6669202077, 1.3414984858, 4.8020325706]
    ],
    [
      [0.49566597514, 0.50532641294, 0.77100175792, 0.28643434656, 0.41944038968, 0.18234405263, 0.40084881592, 0.78854809443, 0.36682833353, 0.98009483076, 0.43089496811, 0.60533458243, 0.28361363707, 0.40259357779, 0.50569665188, 0.43574870471, 1.4721320851, 3.9202417967, 2.1864768595, 4.4235735826, 2.3723882258, 4.2125391925, 2.4851433041, 3.5839756037, 5.0709346191, 0.58773483323, 1.0649775248, 0.31460942603, 0.49639302316, 0.34681581557, 0.44098025713, 0.35252695634, 0.52945689351, 0.170863146, 0.51144765028, 0.42588323057, 0.65572162577, 0.58857587385, 0.81493756435, 0.2185778153, 0.18642650884, 0.30200538217, 0.54286288078, 1.0733217194, 0.8792070779, 0.24499508483, 0.51289660418, 0.59295473613, 0.49354646643, 0.60967649337],
      [1.3463761532, 1.1317445431, 1.900064845, 1.3745490749, 2.1984880768, 1.478930004, 1.3661628683, 1.2334868115, 1.5738566734, 2.8895991014, 2.0001752647, 2.0673135463, 0.97026588458, 1.1144284545, 1.6372337718, 1.4076563226, 4.4499616164, 10.1233264957, 8.0245739845, 11.1684294009, 14.0675748041, 20.3113291799, 15.631181998, 12.1389858001, 15.1404275154, 1.7819193723, 3.7555335331, 1.2672879827, 2.3751673887, 1.4119417735, 1.2757871712, 0.74122596696, 1.7087177275, 1.2679435602, 1.5317667915, 2.1290650893, 1.5096456623, 2.8171483777, 2.0805440881, 0.31743865001, 1.0297586334, 0.93025290256, 3.01083665, 2.8549120809, 2.0148233224, 0.79628901205, 1.8957112844, 1.5528918927, 3.2380784691, 1.7155765299],
      [3.7165835688, 2.083906767, 3.3439009666, 3.5358240062, 2.5766581437, 1.8942990083, 2.3483001514, 3.4670562578, 4.0898338456, 5.0769449622, 1.8290832684, 3.9163822878, 1.8043065843, 2.1999938854, 2.7908745966, 2.8186471075, 8.256534745, 19.7021719397, 27.4425731485, 17.9614851759, 21.4860537977, 17.599534507, 30.4568795394, 24.1482843526, 19.6778929012, 3.9735225253, 4.6039440312, 0.77850626815, 2.607150601, 3.1950478842, 3.0730487846, 1.6216530314, 2.8807959474, 1.5377121592, 3.1039314396, 2.6089878507, 1.9438283873, 2.7899174394, 4.9874804353, 1.4203383942, 1.1603583807, 3.1171891496, 4.8258721868, 4.6352026339, 5.533469519, 1.6174030627, 2.2848511846, 3.6375399279, 3.525976786, 3.088397279],
      [3.4413680141, 3.2790208847, 1.9850257373, 1.8031912522, 2.8054111365, 2.4444252199, 2.8846861843, 2.5109053373, 3.969478437, 5.0533549599, 1.7398438614, 3.4109668241, 1.9418115052, 1.2829823181, 2.0661914593, 3.3379452118, 10.8213638813, 30.2542318175, 20.3463572048, 18.4464901053, 23.0739663187, 15.876580538, 11.426755132, 25.1287359897, 20.1107268648, 2.6568188695, 4.5755369366, 2.6395943047, 3.5212861969, 2.0461921672, 2.2101809574, 1.2845923691, 2.8810269448, 3.0234798549, 1.8528514073, 2.8360604324, 2.8908018823, 2.8043543711, 5.1170314547, 1.0436437762, 1.6234551797, 1.6505508464, 3.6204227458, 4.4365577942, 4.5724965086, 1.3413105737, 3.306537981, 3.2166103386, 3.7423951796, 3.586345664],
      [6.2887371248e-06, 1.3922788959e-06, 6.6931038802e-06, 1.320184563e-06, 2.2532883839e-06, 1.7152229285e-06, 1.9800279944e-06, 3.4989562314e-06, 2.7104232386e-06, 6.1456685515e-06, 2.6374017544e-06, 2.759459747e-06, 2.3888620315e-06, 1.7642199127e-06, 3.5204222456e-06, 2.6532977385e-06, 7.6721035704e-06, 2.7950379014e-05, 1.8802762359e-05, 2.1735327979e-05, 1.6853694686e-05, 1.6582542122e-05, 4.0026594209e-05, 1.825388365e-05, 1.8099461576e-05, 4.3997075845e-06, 7.9742952508e-06, 2.0183988185e-06, 2.7902423153e-06, 2.3594918537e-06, 2.829665081e-06, 1.6762258353e-06, 2.4868081926e-06, 1.2796162843e-06, 2.711277129e-06, 3.3970463027e-06, 2.4422820581e-06, 3.9379682774e-06, 6.4574652519e-06, 1.3642733125e-06, 1.2973407866e-06, 1.7192088422e-06, 5.5365317641e-06, 5.771644805e-06, 3.5721563293e-06, 2.2666969268e-06, 2.9458113526e-06, 3.1046867688e-06, 3.0988702411e-06, 4.0338394554e-06]
    ],
    [
