{
  "X": [
    [381, 501, 48],
    [394, 412, 40],
    [338, 353, 27],
    [114, 235, 19],
    [146, 178, 11],
    [90, 239, 11],
    [87, 118, 9],
    [25, 47, 5],
    [105, 275, 22],
    [320, 512, 40],
    [23, 22, 1],
    [261, 275, 28],
    [202, 177, 27],
    [243, 297, 30],
    [441, 457, 60],
    [679, 650, 72],
    [320, 416, 23],
    [295, 319, 30],
    [302, 350, 25],
    [230, 354, 29],
    [237, 93, 14],
    [658, 760, 48],
    [211, 146, 22],
    [349, 194, 29],
    [369, 270, 27],
    [411, 424, 42],
    [614, 424, 47],
    [379, 266, 38],
    [300, 234, 23],
    [234, 232, 28],
    [316, 304, 31],
    [164, 137, 11],
    [102, 81, 15],
    [558, 522, 57],
    [493, 410, 51],
    [246, 232, 29],
    [902, 717, 68],
    [355, 310, 39],
    [419, 537, 51],
    [173, 252, 26],
    [138, 200, 31],
    [17, 25, 3],
    [52, 23, 3],
    [519, 418, 63],
    [449, 348, 35],
    [302, 178, 26],
    [236, 259, 37],
    [1047, 1370, 109],
    [227, 154, 24],
    [798, 648, 102],
    [163, 184, 15]
  ],
  "W": [
    [37, 42, 257, 510, 45, 39],
    [30, 22, 282, 432, 41, 39],
    [25, 16, 242, 367, 28, 40],
    [23, 30, 66, 219, 15, 15],
    [13, 19, 88, 178, 20, 17],
    [24, 18, 39, 232, 15, 12],
    [10, 14, 48, 124, 11, 7],
    [6, 6, 14, 46, 1, 4],
    [26, 15, 60, 270, 10, 21],
    [41, 44, 190, 541, 25, 31],
    [3, 1, 13, 27, 1, 1],
    [13, 48, 140, 309, 23, 31],
    [18, 35, 122, 185, 23, 23],
    [22, 36, 151, 316, 14, 31],
    [37, 71, 292, 475, 33, 50],
    [43, 99, 455, 688, 64, 52],
    [29, 46, 191, 432, 31, 30],
    [22, 39, 183, 362, 16, 22],
    [16, 38, 197, 361, 17, 48],
    [19, 29, 141, 359, 27, 38],
    [3, 15, 174, 116, 14, 22],
    [42, 46, 461, 818, 41, 58],
    [12, 30, 137, 158, 24, 18],
    [9, 20, 247, 219, 41, 36],
    [16, 49, 252, 293, 21, 35],
    [27, 48, 279, 446, 28, 49],
    [29, 48, 419, 464, 76, 49],
    [10, 33, 292, 285, 32, 31],
    [25, 58, 171, 257, 14, 32],
    [21, 32, 150, 249, 18, 24],
    [25, 51, 199, 306, 27, 43],
    [7, 21, 115, 133, 17, 19],
    [7, 14, 75, 79, 9, 14],
    [37, 84, 366, 549, 45, 56],
    [21, 72, 320, 460, 41, 40],
    [20, 37, 179, 230, 15, 26],
    [40, 86, 613, 790, 69, 89],
    [22, 65, 218, 346, 18, 35],
    [37, 126, 226, 568, 19, 31],
    [14, 75, 87, 246, 14, 15],
    [23, 38, 70, 203, 16, 19],
    [2, 3, 14, 25, 1, 0],
    [1, 4, 34, 27, 6, 6],
    [30, 39, 372, 421, 76, 62],
    [13, 26, 315, 369, 57, 52],
    [7, 11, 238, 190, 35, 25],
    [5, 11, 195, 278, 18, 25],
    [80, 165, 687, 1417, 89, 88],
    [6, 29, 159, 177, 18, 16],
    [45, 161, 492, 710, 32, 108],
    [13, 49, 89, 197, 2, 12]
  ],
  "method": "mult",
  "cond_prob": [
    [
      [0.02147552802, 0.93231967499, 0.046204796991],
      [0.537319824, 0.26237047779, 0.20030969821],
      [0.90625255442, 0.048281955771, 0.045465489807],
      [0.13066219338, 0.84195644414, 0.027381362472],
      [0.71128593196, 0.16418780187, 0.12452626618],
      [0.66885848217, 0.1612797879, 0.16986172992]
    ],
    [
      [0.020799254396, 0.93240571464, 0.046795030959],
      [0.56743334732, 0.2421096636, 0.19045698907],
      [0.91500976494, 0.044149933001, 0.040840302059],
      [0.15188210559, 0.8202807274, 0.027837167011],
      [0.73482867247, 0.15028310814, 0.11488821939],
      [0.69535102123, 0.14687828679, 0.15777069197]
    ],
    [
      [0.020028174743, 0.94273812889, 0.037233696368],
      [0.59048444359, 0.25318707932, 0.15632847709],
      [0.92140056174, 0.046302835841, 0.032296602422],
      [0.15063642159, 0.82756418127, 0.021799397136],
      [0.75207456659, 0.15501654637, 0.092908887046],
      [0.71827385011, 0.15296873526, 0.12875741463]
    ],
    [
      [0.016432240065, 0.94522299981, 0.038344760124],
      [0.49158348367, 0.31472104018, 0.19369547615],
      [0.9063124625, 0.045273696004, 0.0484138415],
      [0.088640251483, 0.89018113157, 0.021178616947],
      [0.67743232112, 0.19598739604, 0.12658028283],
      [0.63228210347, 0.19604647387, 0.17167142266]
    ],
    [
      [0.023448978305, 0.94899772338, 0.027553298313],
      [0.59935833937, 0.27614158742, 0.1245000732],
      [0.92916484313, 0.045241212935, 0.025593943939],
      [0.13989251578, 0.84447744803, 0.015630036196],
      [0.76068960418, 0.16515999076, 0.074150405053],
      [0.73095227923, 0.16558394898, 0.1034637718]
    ],
    [
      [0.05999703805, 0.91311507772, 0.026887884234],
      [0.53001357473, 0.32686978094, 0.14311664433],
      [0.94928150291, 0.014325550635, 0.03639294645],
      [0.098317602954, 0.88696222787, 0.014720169176],
      [0.72973936383, 0.17662591691, 0.093634719261],
      [0.68683948209, 0.18485499864, 0.12830551926]
    ],
    [
      [0.03224672599, 0.93063451705, 0.037118756961],
      [0.58508314802, 0.25456436129, 0.16035249069],
      [0.9477094209, 0.017551205617, 0.034739373479],
      [0.15795860374, 0.82025166927, 0.021789726987],
      [0.76020692302, 0.14231627897, 0.097476798012],
      [0.72102477817, 0.14437283482, 0.13460238702]
    ],
    [
      [0.038023385649, 0.90985279834, 0.052123816011],
      [0.49702841076, 0.26338003775, 0.23959155149],
      [0.92831914363, 0.012763907833, 0.05891694854],
      [0.12046910917, 0.84837724157, 0.031153649266],
      [0.69523789541, 0.15002330003, 0.15473880456],
      [0.63910107345, 0.1516329654, 0.20926596116]
    ],
    [
      [0.01607881081, 0.93702573227, 0.046895456916],
      [0.45890081186, 0.30569664137, 0.23540254676],
      [0.91406530319, 0.021219647097, 0.064715049711],
      [0.087827539716, 0.88516209667, 0.027010363615],
      [0.65390214766, 0.18649889332, 0.15959895902],
      [0.60009825475, 0.18666416573, 0.21323757952]
    ],
    [
      [0.028273065045, 0.92890236515, 0.042824569804],
      [0.54908125432, 0.26282099772, 0.18809774795],
      [0.9394849238, 0.016777286857, 0.043737789347],
      [0.14141429587, 0.83325833824, 0.025327365887],
      [0.73309278885, 0.14867846729, 0.11822874387],
      [0.68860128495, 0.15011199859, 0.16128671646]
    ],
    [
      [0.13939902396, 0.83235588643, 0.028245089605],
      [0.70348798633, 0.19010664085, 0.10640537282],
      [0.98132082715, 0, 0.018679172849],
      [0.27535370716, 0.70892930788, 0.015716984959],
      [0.85810790946, 0.083675094049, 0.058216996492],
      [0.82848618609, 0.088059292978, 0.08345452093]
    ],
    [
      [0.038920198048, 0.91824419025, 0.042835611698],
      [0.60764700928, 0.22537022952, 0.16698276119],
      [0.94838992345, 0.016336059722, 0.035274016824],
      [0.18772941309, 0.78661814012, 0.025652446789],
      [0.77260267501, 0.12753277655, 0.099864548437],
      [0.73464972663, 0.12773377391, 0.13761649947]
    ],
    [
      [0.031303536782, 0.91199117369, 0.056705289527],
      [0.58300673443, 0.20876995331, 0.20822331226],
      [0.9298382726, 0.025237267719, 0.044924459677],
      [0.18464600381, 0.7807328073, 0.034621188888],
      [0.74817067335, 0.12677625515, 0.1250530715],
      [0.7053737036, 0.12377567944, 0.17085061695]
    ],
    [
      [0.030305216509, 0.92278252757, 0.046912255917],
      [0.56424708205, 0.24279660138, 0.19295631658],
      [0.92911719515, 0.028046437927, 0.04283636692],
      [0.15768282912, 0.81423640306, 0.028080767825],
      [0.73812197083, 0.1434271093, 0.11845091987],
      [0.69555523299, 0.1424648942, 0.16197987281]
    ],
    [
      [0.025702044582, 0.91983739777, 0.05446055765],
      [0.55578315519, 0.23041645311, 0.2138003917],
      [0.91566240005, 0.036793361017, 0.04754423893],
      [0.15812591673, 0.8088464367, 0.033027646569],
      [0.72659323042, 0.14246972988, 0.1309370397],
      [0.68255224929, 0.13918456355, 0.17826318716]
    ],
    [
      [0.025325233574, 0.92784379392, 0.046830972508],
      [0.58498692227, 0.23135793144, 0.18365514629],
      [0.9248613919, 0.036240934335, 0.038897673763],
      [0.16616334101, 0.80594136252, 0.027895296463],
      [0.74885612982, 0.14103250448, 0.1101113657],
      [0.71035010404, 0.13836382353, 0.15128607243]
    ],
    [
      [0.029007213223, 0.94404354799, 0.026949238785],
      [0.60715670796, 0.272533332, 0.12030996005],
      [0.94306174299, 0.031850803693, 0.02508745332],
      [0.1503340488, 0.83428414578, 0.015381805425],
      [0.7717175198, 0.15618599428, 0.072096485914],
      [0.74124123821, 0.15833945105, 0.10041931074]
    ],
    [
      [0.039666132379, 0.91388467685, 0.046449190768],
      [0.59895639327, 0.22178862851, 0.17925497822],
      [0.94842452504, 0.013405758999, 0.038169715959],
      [0.19040371486, 0.78190884733, 0.027687437818],
      [0.76742331479, 0.12490722892, 0.10766945629],
      [0.72733817513, 0.12463674117, 0.1480250837]
    ],
    [
      [0.02157154228, 0.94684001478, 0.031588442938],
      [0.59024405097, 0.27041269985, 0.13934324918],
      [0.92204177004, 0.049029808265, 0.028928421699],
      [0.13915387283, 0.84278180295, 0.018064324221],
      [0.75241813131, 0.16410649356, 0.083475375134],
      [0.7199520076, 0.1642075768, 0.11584041559]
    ],
    [
      [0.020638341579, 0.94017919331, 0.039182465112],
      [0.53275170846, 0.28568592931, 0.18156236224],
      [0.90861611899, 0.049581716383, 0.041802164625],
      [0.11578252065, 0.86166379624, 0.02255368311],
      [0.70835478342, 0.17766899003, 0.11397622656],
      [0.66714987164, 0.17700831014, 0.15584181822]
    ],
    [
      [0.01176641436, 0.93622420704, 0.052009378596],
      [0.68888654856, 0.16270780507, 0.14840564637],
      [0.95774254222, 0.01556992948, 0.026687528297],
      [0.26628863004, 0.70495692515, 0.028754444813],
      [0.82487607486, 0.093899803335, 0.08122412181],
      [0.79756609313, 0.088724636807, 0.11370927006]
    ],
    [
      [0.026069882816, 0.94041308549, 0.033517031689],
      [0.59772150794, 0.25924890359, 0.14302958847],
      [0.93123642948, 0.039028866253, 0.029734704267],
      [0.1548935881, 0.82563966472, 0.019466747182],
      [0.76061822872, 0.15391103061, 0.085470740668],
      [0.72795826074, 0.15347061218, 0.11857112707]
    ],
    [
      [0.024601931493, 0.92120315616, 0.054194912347],
      [0.61653142559, 0.19529508592, 0.18817348849],
      [0.93949631218, 0.022233715077, 0.03826997274],
      [0.20102853603, 0.76663009521, 0.032341368759],
      [0.77194929068, 0.11838502462, 0.1096656847],
      [0.73380820091, 0.11510527492, 0.15108652417]
    ],
    [
      [0.010333165952, 0.9350050304, 0.054661803653],
      [0.6284882941, 0.19197830618, 0.17953339972],
      [0.94237222586, 0.02266443815, 0.034963335994],
      [0.20288294903, 0.76514549451, 0.031971556456],
      [0.78446233708, 0.11343814713, 0.10209951579],
      [0.74936039389, 0.10915125136, 0.14148835475]
    ],
    [
      [0.022537136861, 0.93869195537, 0.038770907764],
      [0.6415962452, 0.21507107715, 0.14333267764],
      [0.94405163837, 0.028154069714, 0.02779429192],
      [0.19162241238, 0.78583129639, 0.022546291235],
      [0.78911732221, 0.12850694562, 0.082375732173],
      [0.75952418098, 0.12572584759, 0.11474997143]
    ],
    [
      [0.023815544606, 0.93244323872, 0.043741216672],
      [0.57995035963, 0.24225276731, 0.17779687306],
      [0.92172720439, 0.040530054182, 0.03774274143],
      [0.15660033682, 0.81749683949, 0.025902823694],
      [0.74505069411, 0.14803856167, 0.10691074423],
      [0.70718986436, 0.14570090752, 0.14710922813]
    ],
    [
      [0.019114571643, 0.93655296963, 0.044332458731],
      [0.63501448657, 0.20674467328, 0.15824084015],
      [0.94358032872, 0.025454092495, 0.030965578781],
      [0.19607946442, 0.77792033612, 0.026000199464],
      [0.78581356396, 0.12339720261, 0.090789233435],
      [0.75310453022, 0.12077002962, 0.12612544017]
    ],
    [
      [0.0087106940365, 0.93520510952, 0.056084196444],
      [0.58096938031, 0.21528217566, 0.20374844403],
      [0.9173630429, 0.040667443895, 0.041969513207],
      [0.16171403666, 0.80488992573, 0.033396037613],
      [0.74610406081, 0.13401518994, 0.11988074925],
      [0.70667950287, 0.12860092195, 0.16471957518]
    ],
    [
      [0.048764523433, 0.9143054302, 0.036930046363],
      [0.66793900317, 0.19968825118, 0.13237274565],
      [0.96119285388, 0.013062348122, 0.025744797999],
      [0.23068899532, 0.7477195747, 0.02159142998],
      [0.81077519108, 0.1133562769, 0.075868532018],
      [0.78245382012, 0.1117457992, 0.10580038069]
    ],
    [
      [0.032881989585, 0.91473588318, 0.052382127236],
      [0.57996742273, 0.21988259809, 0.20014997918],
      [0.93158771083, 0.025202538319, 0.04320975085],
      [0.17914029704, 0.7892276618, 0.031632041158],
      [0.7480275671, 0.13128065272, 0.12069178019],
      [0.70591391231, 0.12888262623, 0.16520346146]
    ],
    [
      [0.023350262869, 0.93722057611, 0.039429161022],
      [0.59831041118, 0.24180210792, 0.15988748091],
      [0.92672141229, 0.040271910175, 0.033006677535],
      [0.15978743625, 0.81707198271, 0.02314058104],
      [0.75822832284, 0.14680614839, 0.094965528772],
      [0.72366816752, 0.14501570356, 0.13131612892]
    ],
    [
      [0.0076694400211, 0.96257191913, 0.029758640852],
      [0.61518209875, 0.25948650202, 0.12533139923],
      [0.9179154172, 0.058152441227, 0.023932141572],
      [0.13771532411, 0.84535002014, 0.016934655748],
      [0.7681353671, 0.15955934927, 0.072305283629],
      [0.74172513265, 0.15690461402, 0.10137025333]
    ],
    [
      [0.0074315004861, 0.92831615578, 0.064252343738],
      [0.53878976174, 0.21986788063, 0.24134235763],
      [0.89776275627, 0.049255853051, 0.05298139068],
      [0.14354472124, 0.8171898178, 0.03926546096],
      [0.71221887537, 0.14168984214, 0.1460912825],
      [0.66590808969, 0.13544595833, 0.19864595198]
    ],
    [
      [0.026075642133, 0.92927175431, 0.044652603561],
      [0.59441304355, 0.23077216444, 0.17481479201],
      [0.92846134215, 0.034974403178, 0.036564254668],
      [0.16940320183, 0.80408472125, 0.026512076922],
      [0.75597221611, 0.13983383869, 0.1041939452],
      [0.719045479, 0.13743601803, 0.14351850298]
    ],
    [
      [0.030998164431, 0.91852900342, 0.050472832153],
      [0.60550063816, 0.20984549734, 0.1846538645],
      [0.93712263085, 0.024519987514, 0.038357381636],
      [0.19227663044, 0.77753849719, 0.030184872372],
      [0.76495320728, 0.1258366557, 0.10921013702],
      [0.72658548066, 0.12321518812, 0.15019933122]
    ],
    [
      [0.01488988389, 0.93525918313, 0.049850932977],
      [0.56249328892, 0.23786828668, 0.19963842441],
      [0.90786014549, 0.049304310674, 0.04283554384],
      [0.14583202349, 0.82440626823, 0.029761708284],
      [0.72919389577, 0.15021615821, 0.12058994603],
      [0.68860425967, 0.14621284824, 0.16518289208]
    ],
    [
      [0.025160170878, 0.93482843555, 0.040011393572],
      [0.63007285164, 0.21980990225, 0.15011724611],
      [0.94136671023, 0.028918871713, 0.029714418057],
      [0.18857820183, 0.78798540609, 0.023436392081],
      [0.78209701206, 0.13091219354, 0.086990794393],
      [0.75065237392, 0.12847787029, 0.12086975579]
    ],
    [
      [0.038680441429, 0.91112857531, 0.050190983256],
      [0.6098293119, 0.20690573557, 0.18326495253],
      [0.94383311183, 0.017823629169, 0.038343258996],
      [0.20034534099, 0.76949381074, 0.030160848271],
      [0.7694657422, 0.12180306214, 0.10873119566],
      [0.73098957983, 0.11952667819, 0.14948374198]
    ],
    [
      [0.035241464072, 0.92435735005, 0.040401185882],
      [0.58557469879, 0.24606325158, 0.16836204963],
      [0.94927796396, 0.013691321584, 0.037030714453],
      [0.16307475051, 0.81303677384, 0.023888475649],
      [0.760147248, 0.13658961072, 0.10326314127],
      [0.71959928785, 0.13872514603, 0.14167556611]
    ],
    [
      [0.025322703942, 0.93662387208, 0.038053423979],
      [0.54594634397, 0.28066306174, 0.17339059429],
      [0.92950517684, 0.030950139022, 0.039544684142],
      [0.1234171997, 0.85519849236, 0.021384307944],
      [0.7275357865, 0.16344380898, 0.10902040453],
      [0.68576158842, 0.16518877462, 0.14904963696]
    ],
    [
      [0.030553842303, 0.90493220986, 0.064513947838],
      [0.5084619994, 0.2321290941, 0.2594089065],
      [0.92463224234, 0.011052198522, 0.064315559142],
      [0.14722741764, 0.81221771362, 0.040554868735],
      [0.69795534265, 0.13480847454, 0.16723618281],
      [0.64194723277, 0.13446674963, 0.2235860176]
    ],
    [
      [0.015324847086, 0.92289236879, 0.061782784122],
      [0.46274887249, 0.25410241008, 0.28314871742],
      [0.87675313023, 0.057275729128, 0.065971140646],
      [0.10616290705, 0.85686748702, 0.036969605931],
      [0.65248718904, 0.1683606488, 0.17915216216],
      ["NaN", "NaN", "NaN"]
    ],
    [
      [0.011437544919, 0.9465803341, 0.04198212098],
      [0.69528604366, 0.17329732189, 0.13141663445],
      [0.96031556957, 0.016945365724, 0.022739064711],
      [0.24946617605, 0.72704688394, 0.023486940012],
      [0.83129111699, 0.097967820265, 0.070741062744],
      [0.80555924333, 0.09433585929, 0.10010489738]
    ],
    [
      [0.0080626275701, 0.93448609589, 0.057451276538],
      [0.55706352309, 0.22589696973, 0.21703950718],
      [0.90533652798, 0.048151238985, 0.046512233033],
      [0.14863847159, 0.81664651083, 0.034715017585],
      [0.72652994126, 0.14348366284, 0.1299863959],
      [0.68474811755, 0.13758443497, 0.17766744748]
    ],
    [
      [0.0089042498563, 0.95040617301, 0.04068957713],
      [0.61075774987, 0.23206311569, 0.15717913444],
      [0.92561067151, 0.043283990417, 0.031105338075],
      [0.16138531908, 0.81472724514, 0.023887435782],
      [0.76648155058, 0.14246141449, 0.091057034925],
      [0.73454905016, 0.1388839938, 0.12656695604]
    ],
    [
      [0.0089125252534, 0.9345828057, 0.05650466905],
      [0.58080444775, 0.22289399627, 0.19630155597],
      [0.92427739414, 0.036805789158, 0.0389168167],
      [0.16281382147, 0.80388154719, 0.033304631341],
      [0.75955740431, 0.12749524219, 0.1129473535],
      [0.72206433448, 0.12185924555, 0.15607641996]
    ],
    [
      [0.0088038531267, 0.92210203101, 0.069094115861],
      [0.48624987554, 0.23576264059, 0.27798748387],
      [0.87099152417, 0.063145517464, 0.065862958366],
      [0.12037934006, 0.83748754044, 0.042133119501],
      [0.66493158345, 0.15969028012, 0.17537813643],
      [0.61318639409, 0.15147054432, 0.23534306159]
    ],
    [
      [0.024246605699, 0.93764622706, 0.038107167245],
      [0.56362867083, 0.26885841758, 0.16751291158],
      [0.92005341777, 0.043136265958, 0.036810316267],
      [0.13642694993, 0.84140066176, 0.02217238831],
      [0.7344030946, 0.16269348657, 0.10290341883],
      [0.69665885646, 0.1619044342, 0.14143670934]
    ],
    [
      [0.020935879978, 0.91946083709, 0.05960328293],
      [0.60444311493, 0.1917737965, 0.20378308856],
      [0.93508490002, 0.023000615732, 0.04191448425],
      [0.19983771834, 0.7645903584, 0.035571923265],
      [0.7629979368, 0.11760036963, 0.11940169357],
      [0.72261226723, 0.11346230551, 0.16392542726]
    ],
    [
      [0.033481304078, 0.91005376305, 0.056464932874],
      [0.59730258378, 0.20163725226, 0.20106016396],
      [0.93520818752, 0.021869938753, 0.042921873725],
      [0.19509426402, 0.77054784583, 0.034357890145],
      [0.75738160242, 0.12259331566, 0.12002508192],
      [0.71714868829, 0.11862978277, 0.16422152894]
    ],
    [
      [0.040333598933, 0.92624291664, 0.033423484424],
      [0.62521942683, 0.23792668112, 0.13685389206],
      [0.96004514958, 0.011717516218, 0.028237334201],
      [0.18153861273, 0.79904115836, 0.019420228916],
      [0.78848863919, 0.12996513086, 0.081546229947],
      [0.75465075011, 0.13221144226, 0.11313780763]
    ]
  ],
  "expected_outcome": [
    [
      [0.58873011285, 0.52925783473, 0.43795083385, 0.23288539714, 0.22144708212, 0.46419581461, 0.20589333625, 0.10311040707, 0.29667760272, 0.77043344, 0.15196824449, 0.30116183896, 0.39031502574, 0.43428634052, 0.68241156039, 0.82358515356, 0.55891902968, 0.5304685057, 0.27082319159, 0.28566698026, 0.065314087209, 0.8044321019, 0.25911226878, 0.17207484323, 0.32737747692, 0.49456888199, 0.5970595244, 0.1611737194, 0.7196454912, 0.45754153315, 0.45305723397, 0.099335198566, 0.09625338674, 0.72141657391, 0.45776008505, 0.30638949127, 0.83584404772, 0.52642109333, 0.77020625195, 0.21580356872, 0.42812944659, 0.024235122134, 0.021162856228, 0.44754769305, 0.21418160027, 0.11543573759, 0.068606500213, 1.366858785, 0.12142096852, 1.0028523377, 0.29948133949],
      [34.4176255295, 27.8789877965, 23.5049273814, 21.6992830862, 12.3649600267, 22.7190720864, 9.3518736498, 5.5179177036, 24.1766586464, 38.0888085223, 2.7445216842, 12.059616782, 16.5006947777, 20.3618076903, 34.0577559044, 39.9254106315, 27.5131932631, 20.2689546904, 15.1491935706, 17.8320106198, 2.788120536, 39.5397957181, 11.0598967369, 8.3410338677, 15.0081983899, 25.1705458409, 27.0507752972, 9.2568792242, 23.2599700419, 19.2992643637, 23.4607271411, 6.680858373, 6.4391368318, 34.4434000728, 19.3751220147, 18.6021738128, 37.417549366, 20.2422450628, 34.4692053722, 13.1663391642, 20.8549116493, 1.8281537162, 0.93937714432, 27.7534798124, 12.2285607422, 6.4952855532, 4.5409478329, 75.0437968313, 5.5009601164, 41.2499867654, 12.1914494065],
      [1.9936443576, 1.5917543687, 1.0571217848, 1.0678315167, 0.41359289119, 0.81673209899, 0.442233014, 0.37897188931, 1.5266637508, 2.1407580377, 0.10351007129, 0.639221379, 1.1089901966, 1.2039059692, 2.2598325352, 2.251004215, 0.92788770722, 1.2005768039, 0.57998323786, 0.88232239998, 0.1465653768, 1.65577218, 0.68099099432, 0.48689128906, 0.66442413318, 1.3348852772, 1.3521651784, 0.58194705639, 1.0203844669, 1.2431941031, 1.0862156249, 0.21980642842, 0.46460978141, 1.8351833533, 1.1671179003, 1.0914366959, 1.7466065863, 1.2313338439, 1.7605883758, 0.61785726709, 1.7169589041, 0.14761116166, 0.039459999453, 1.7989724946, 0.55725765757, 0.38927870921, 0.39044566693, 3.5893443837, 0.37761891506, 2.7471608969, 0.509069254]
    ],
    [
      [26.4865666795, 14.3420039363, 10.8698464778, 18.0811102758, 13.2831282461, 11.8646365709, 9.5526280527, 3.5793090982, 8.6037040963, 28.595485286, 0.78077930677, 33.1617059724, 22.9134163163, 23.487971739, 45.0074028761, 65.6173565679, 32.6033691397, 26.5704464392, 26.0193887776, 18.4578546573, 11.00237569, 31.8121137816, 20.38068025, 13.7698274677, 34.7765246318, 31.8283405803, 33.6720300869, 21.3356218584, 42.8684574088, 21.0481743405, 34.6358598575, 14.6103786132, 8.4794415777, 56.4461909772, 48.68796464, 23.5870857901, 60.4612809414, 44.3227984535, 84.9243477352, 47.7229521479, 22.5661468015, 1.6379793317, 2.987576307, 24.591235831, 17.8408620276, 7.2180487783, 6.186796538, 108.7275026719, 19.2682930884, 106.9831819058, 34.8269450739],
      [6.7823348012, 3.3516215994, 2.5488003494, 5.7421156269, 3.2667651409, 3.4191032132, 2.1435084274, 0.93642544658, 2.6643999926, 6.8465324612, 0.11265383354, 6.6855159105, 4.7226600993, 5.3687276612, 10.4213288734, 14.6830853823, 7.6449099185, 5.2765959699, 6.4666616424, 5.0347652902, 1.7731071205, 7.3282798121, 3.9228809526, 2.6496372917, 7.0297222336, 7.3754569552, 6.6589805252, 4.7982619669, 7.3568052161, 4.4260350139, 8.0088797178, 3.6744240436, 2.0863344907, 12.4868255486, 9.7451221325, 5.7860870888, 12.3562650164, 8.5356578731, 19.1183864963, 13.6199263235, 5.4027598987, 0.4607797799, 0.49328944745, 5.852517186, 4.0109330378, 1.6100859697, 1.6396025887, 27.3601415953, 3.720111243, 21.1293207853, 7.2278696529],
      [8.7310985193, 4.3063744643, 2.5813531728, 6.1767740974, 2.450106613, 2.716260216, 2.30386352, 1.4842654552, 3.7318959111, 8.5579822527, 0.10656685969, 8.1527781171, 7.3639235844, 7.1433005998, 15.5712682504, 18.6995580499, 5.7517209418, 7.1529575909, 5.5139495801, 5.5073800525, 2.2245171895, 6.8596064064, 5.6964387974, 3.5805352405, 7.1937531347, 8.7962024645, 7.6689893879, 6.8661161748, 7.7747373752, 6.5257906456, 8.3552604247, 2.7151973433, 3.4342239316, 15.0669834742, 13.5669132275, 7.6268271212, 13.1824540421, 12.1415436734, 21.9572657685, 13.6571215286, 10.0310932998, 0.90124088841, 0.51913424553, 8.556246983, 4.1482049347, 2.171865252, 3.1736008733, 28.9123557329, 6.0115956687, 32.8874973089, 6.9451852731]
    ],
    [
      [237.4455511503, 263.5483191518, 227.6664436121, 60.4516403864, 83.0667638243, 36.7824541688, 45.617316827, 12.9422717938, 54.8110913429, 178.5342566153, 12.7758155101, 133.9197827786, 115.4170122473, 141.8948178999, 271.9471404453, 428.3204142557, 181.8470445777, 175.2067205113, 184.8765233464, 130.423747072, 168.7853641233, 436.8435351253, 131.3243104029, 237.4556975818, 242.415886059, 261.8758265932, 403.9213445177, 272.7615253099, 166.3661604888, 141.9802483031, 187.4633921006, 107.2181198458, 68.4810850716, 345.7173109177, 305.4624324844, 165.4183397262, 588.6159551899, 208.9347051878, 214.1523331998, 80.8704559709, 64.6370394084, 12.5288967032, 33.1393194294, 343.5578571709, 297.4642414017, 223.7314290272, 174.2677397937, 641.6054913359, 151.6975263963, 467.9086566017, 85.4351577585],
      [8.5111494196, 7.2856917426, 6.7752586421, 2.6946940606, 2.829804469, 1.0337544687, 0.8514664634, 0.3306383036, 1.8423970737, 3.9023026986, 0, 1.4039151865, 1.2692839103, 2.9998261491, 6.632219306, 9.3970567925, 4.6851116991, 1.1008041645, 6.7054685769, 5.1401842193, 0.4055702577, 10.9388255924, 0.45599786362, 0.83805421662, 2.6005870819, 6.934676029, 2.1704225147, 6.8260820581, 0.3343856019, 1.758508334, 5.2334530849, 5.1097830668, 2.5894646243, 7.2537121031, 2.4096107146, 6.0554164425, 6.3711426766, 0.87794421842, 4.0174306281, 2.9513515806, 1.2590297274, 0.57943598061, 0.086250191575, 11.4562074374, 7.9072294274, 4.8634889316, 7.975986431, 21.4206732894, 0.54747815064, 3.2917407189, 1.1802188841],
      [11.0432994301, 11.1659891056, 7.5582977458, 2.853665553, 2.1034317066, 1.1837913626, 1.5312167096, 0.72708990256, 3.3465115835, 7.563440686, 0.22418448989, 4.6763020349, 5.3137038424, 6.105355951, 13.4206402487, 17.2825289519, 4.4678437232, 6.6924753242, 5.4180080767, 5.4360687087, 4.809065619, 13.2176392824, 5.2196917335, 8.7062482016, 6.9835268591, 10.1894973779, 12.9082329676, 12.412392632, 4.2994539093, 6.2612433629, 6.3031548145, 2.6720970873, 3.9294503041, 13.0289769792, 12.127956801, 7.5262438312, 18.0129021336, 8.1873505938, 7.830236172, 3.1781924485, 4.1039308642, 0.89166731619, 0.77443037898, 16.9859353916, 9.6285291709, 9.4050820412, 12.7562737752, 23.9738353746, 6.754995453, 20.7996026794, 2.3846233574]
    ],
    [
      [57.0878102301, 57.5593078588, 48.1840922293, 14.7116519015, 21.0560889023, 21.0148935972, 18.0270624127, 5.0238869204, 21.1230903385, 71.5495189606, 7.6119060193, 52.6881994899, 29.8349440025, 44.6807192732, 64.7102688213, 98.9128534573, 57.6696767384, 64.2122236635, 42.0006658164, 34.6984132285, 28.5358906196, 113.3837609095, 27.5443703926, 39.1291018923, 48.1986258074, 60.3972529235, 79.5207956093, 39.3479404417, 53.4692524796, 39.9087008694, 41.1356633777, 14.6074270932, 9.2809344038, 80.2185802335, 77.9924540943, 27.5913041356, 130.6493850469, 61.652676937, 81.9769570691, 23.3764276287, 26.8118231776, 2.1545585671, 6.1353796781, 52.8771865514, 51.1911089797, 26.9545983061, 27.9511165926, 165.6814805277, 30.8975628686, 120.1407081469, 31.6331743034],
      [440.5460334352, 363.9258161974, 311.9120339865, 200.3997511268, 154.6126536462, 207.9096326494, 103.5104993417, 39.6506883489, 242.1222396988, 456.5636852627, 18.9827991123, 249.1733071149, 149.6447499307, 263.2865698794, 396.5456543337, 572.4528529938, 368.4565087045, 288.4723275797, 313.5098730486, 317.2748053735, 84.9158144383, 690.3024108296, 126.2067343627, 174.3582524738, 239.3243276173, 375.5838204487, 374.5481043546, 237.9095755611, 198.7093739052, 202.0710781207, 258.9847467799, 116.680742821, 67.2183716293, 456.2935300018, 369.9134688858, 196.6682547565, 643.6589086863, 275.0950987585, 473.739337103, 218.3465532429, 168.6217774315, 21.9942253038, 20.3908982578, 356.3060333999, 310.7255280899, 158.1469346692, 239.71674274, 1223.4932577561, 140.7760643992, 568.773430193, 161.9358507263],
      [12.3661563347, 10.5148759438, 6.9038737842, 3.8885969717, 2.3312574516, 3.0754737534, 2.4624382456, 1.3254247307, 6.7546699627, 12.8867957767, 0.40529486849, 7.1384933952, 5.5203060667, 8.0327108474, 13.7440768451, 16.634293549, 5.8738145572, 9.3154487568, 5.489461135, 7.0267813979, 2.5482949421, 14.3138282609, 4.2488952447, 5.5126456339, 5.4770465753, 10.0189266278, 9.9311000361, 7.7424839972, 4.8213736153, 7.0202210099, 5.8795898424, 1.7118300858, 2.5006939669, 12.4878897647, 12.0940770199, 5.7404411079, 15.6917062667, 9.2522243045, 12.283705828, 4.2770191285, 7.5663993909, 0.85121612911, 0.47372206411, 11.8167800486, 7.0833629304, 4.8984670247, 10.3321406675, 27.8252617163, 5.3263727322, 21.0858616601, 3.4309749703]
    ],
    [
      [32.2715166724, 30.1454684207, 21.163326339, 10.4085948892, 15.3968529435, 11.1117375378, 8.3786096832, 0.69600167419, 6.7015650816, 18.395222757, 0.84508387447, 17.6597689568, 17.0050394891, 10.3218804703, 23.8193031567, 47.6403982217, 24.1523812192, 12.1795311852, 12.9120296378, 19.4593280473, 11.2349616425, 31.4075359137, 18.2195132066, 31.5055400592, 16.3809872407, 20.838136878, 59.0165426388, 23.4144346692, 11.2185856221, 13.3554544408, 20.4192361631, 13.023550855, 6.2900344655, 33.8147065557, 30.992408923, 10.8570895863, 53.5414798866, 13.6723727969, 14.333602929, 10.1704862275, 11.0596219792, 0.65433027589, 4.8907367369, 54.5260539372, 43.3938018554, 25.9602888885, 11.8936391815, 65.8824992441, 13.4521966885, 23.8443449869, 1.5629308405],
      [6.320647417, 5.408979931, 3.8131343071, 2.456933373, 2.8969393337, 2.3571133341, 1.4100594867, 0.13338210195, 1.547453074, 3.2884105981, 0.088209271453, 2.7227486349, 2.7064550031, 1.7890601105, 4.2211315581, 8.1815986224, 4.2806317185, 1.8445796617, 2.4414460376, 4.043513581, 1.4043262451, 5.5108022051, 2.7188072709, 4.5934693496, 2.5773477224, 3.6957016681, 8.9096648736, 4.0657287308, 1.5480160607, 2.1531473023, 3.6173374363, 2.5268139447, 1.189653524, 5.7481410391, 4.8014756559, 2.0362303472, 8.4270029807, 2.065470952, 2.4310211819, 2.0875369403, 1.9872911437, 0.13740521948, 0.60764545801, 10.075236462, 7.5468511616, 4.3842028149, 2.4425115007, 12.5582482121, 2.02451929, 3.7261672028, 0.24887763017],
      [6.4078359106, 5.4455516483, 3.023539354, 2.1344717378, 1.7062077228, 1.5311491281, 1.2113308301, 0.17061622387, 1.7509818445, 3.3163666449, 0.066706854082, 2.6174824083, 3.2885055077, 1.8890594192, 4.9595652852, 8.1780031559, 2.5669870624, 1.9758891531, 1.6465243247, 3.4971583717, 1.3607121123, 4.0816618811, 3.0616795225, 4.9009905912, 2.0416650369, 3.4661614539, 8.0737924875, 4.5198365999, 1.2333983172, 2.4913982569, 2.9634264006, 1.4496352003, 1.5203120106, 5.4371524052, 5.2061154211, 2.1066800665, 7.0315171327, 2.2621562511, 2.235375889, 1.7419768323, 2.9530868771, 0.20826450463, 0.50161780511, 11.3987096007, 6.059346983, 4.6555082966, 3.6638493178, 10.5592525437, 2.5232840216, 4.4294878103, 0.18819152935]
    ],
    [
      [27.1198251548, 27.8756427977, 29.678340508, 10.11411715, 12.9757190016, 8.7620823108, 5.2184896881, 2.6554201063, 13.463871538, 22.1550829411, 0.83444704491, 23.2693809633, 16.439272919, 22.1803242771, 34.8334731402, 37.685392344, 23.1686092955, 16.3006096951, 35.9205692302, 26.6749900146, 17.3760938373, 43.748622168, 13.2720134791, 26.9677581558, 26.9005987843, 35.5658741432, 37.2722276229, 21.9793040014, 25.3578985096, 17.249880513, 31.8927912672, 14.4411883943, 9.3722510948, 41.081794742, 29.4069797732, 18.2397912705, 67.8960548875, 25.8910255314, 22.842552815, 10.6438744564, 12.4972391867, 0, 4.8258249923, 43.0001188163, 38.8958041354, 18.0201992624, 15.632101394, 63.7361674354, 11.5629999897, 78.1202560209, 9.2423106841],
      [4.4222093975, 4.148902733, 4.4458453335, 2.0072227265, 2.0288773836, 1.5613242482, 0.73259263113, 0.43094809536, 2.6468515146, 3.310260457, 0.071816098528, 2.9548963711, 2.1561562788, 3.1940085096, 5.1219100244, 5.3599955777, 3.4196446963, 2.0367379338, 5.727357124, 4.6747209162, 1.7130614024, 6.3798858427, 1.6356828133, 3.2195528005, 3.4598169549, 5.2397990581, 4.6620524347, 3.1434724589, 2.7914491743, 2.2919668654, 4.69485584, 2.3273777509, 1.4770388998, 5.7743912346, 3.7552005965, 2.8518375522, 8.7691312739, 3.1835831353, 3.2246192184, 1.8282927485, 1.8742301494, 0, 0.48253950087, 6.5565257022, 5.5808975412, 2.5000020614, 2.6842089067, 10.1238823158, 1.4308668008, 9.8293543347, 1.2157337],
      [7.4579654477, 6.9754544693, 5.8758141585, 2.8786601235, 1.9954036148, 1.676593441, 1.0489176808, 0.91363179832, 4.8892769474, 5.5346566019, 0.093736856564, 4.7757226656, 4.4045708022, 5.6256672133, 10.0446168354, 8.9546120784, 3.4117460082, 3.6626523711, 6.3520736457, 6.6502890692, 2.9108447603, 7.8714919892, 3.0923037075, 5.8126890437, 4.6395842609, 8.1943267987, 7.0657199424, 5.8772235397, 3.8506523161, 4.4581526216, 6.4123528928, 2.2314338549, 3.1507100054, 9.1438140234, 6.8378196303, 4.9083711773, 12.3348138386, 5.9253913333, 4.9328279666, 2.5278327951, 4.6285306639, 0, 0.69163550681, 12.4433554814, 7.5232983234, 4.4797986762, 6.6836896993, 14.1399502489, 3.0061332095, 20.0503896444, 1.5419556158]
    ]
  ],
  "prob": [
    [0.026503129985, 0.929326943, 0.044169927011],
    [0.58657381753, 0.23621367777, 0.17721250471],
    [0.92889687936, 0.033518089763, 0.03758503088],
    [0.16088389509, 0.81294139884, 0.026174706078],
    [0.75145705043, 0.14183287393, 0.10671007564],
    [0.71376800923, 0.1393467283, 0.14688526247]
  ],
  "iterations": 301,
  "time": 0.000642,
  "message": "Converged",
  "status": 0,
  "miniter": 0,
  "maxiter": 1000,
  "maxtime": 3600,
  "param_threshold": 0.001,
  "ll_threshold": "-Inf",
  "initial_prob": "group_proportional",
  "adjust_prob_cond_method": "project_lp",
  "adjust_prob_cond_every": false,
  "candidates_id": ["DUYNHOVEN, Harry James.c", "YOUNG, Jonathan Edgar Joseph.c", "Other candidates votes.c"],
  "group_id": ["ACT New Zealand.p", "Green Party.p", "Labour Party.p", "National Party.p", "New Zealand First Party.p", "Other parties votes.p"]
}
