{
  "Z_true": {},
  "V_true": [
    [292, 19, 15, 42, 1567, 18],
    [110, 519, 427, 7200, 719, 200],
    [571, 171, 141, 112, 15353, 171],
    [11, 22, 803, 398, 347, 33],
    [73, 552, 118, 787, 830, 323]
  ],
  "p_true": [
    [0.1495, 0.0097, 0.0077, 0.0215, 0.8024, 0.0092],
    [0.012, 0.0566, 0.0465, 0.7847, 0.0784, 0.0218],
    [0.0346, 0.0104, 0.0085, 0.0068, 0.9294, 0.0104],
    [0.0068, 0.0136, 0.4975, 0.2466, 0.215, 0.0204],
    [0.0272, 0.2057, 0.044, 0.2933, 0.3094, 0.1204]
  ],
  "Z_est": [
    [
      [4.7324, 4.3735, 2.3815, 10.3483, 3.5478, 4.0364, 4.3612, 10.6855, 1.5287, 0, 0.1904, 0.1158, 0.7954, 5.9165, 2.834, 1.1929, 2.5722, 5.7809, 3.2457, 6.0444, 3.026, 2.0324, 6.006, 3.7748, 3.4374, 3.4974, 0.2658, 0.2931, 7.1172, 2.7291, 2.4144, 5.5298, 0.2193, 8.3147, 1.5649, 11.74, 0.7955],
      [0.8288, 1.5932, 0.9532, 2.5914, 0.8455, 1.3336, 1.16, 3.1358, 0.9492, 0.0336, 0.1217, 0.0253, 0.23, 1.3143, 1.4059, 0.5408, 0.3332, 2.7236, 0.9579, 1.5409, 0.7742, 1.0179, 1.6364, 1.4164, 1.5372, 1.0718, 0.7104, 0, 1.3541, 0.5362, 0.8156, 1.9948, 0.1185, 2.8354, 0.5324, 4.7899, 0.4589],
      [0.0141, 0.0172, 0.0104, 0.0342, 0.0015, 0.0227, 0, 0, 0.0095, 0, 0.004, 0.0002, 0.0031, 0.0205, 0.0025, 0.0074, 0.0084, 0.0284, 0.0115, 0, 0.0012, 0.0146, 0.0219, 0, 0.0114, 0.0093, 0.0148, 0, 0.0257, 0.005, 0.0032, 0.0213, 0.002, 0.0355, 0.0103, 0.0467, 0.0047],
      [0.018, 0.0054, 0.0094, 0.0557, 0.0164, 0.0267, 0.0826, 0.1141, 0.014, 0, 0.0096, 0.0019, 0.0055, 0.0322, 0.0384, 0.0132, 0.0134, 0.0404, 0.0159, 0.1081, 0.0172, 0.0295, 0.0426, 0.0292, 0.039, 0.0205, 0.0619, 0, 0.119, 0.0128, 0.0178, 0.0252, 0.0034, 0.063, 0.0173, 0.1534, 0.007],
      [50.3989, 56.0107, 37.6376, 116.9705, 43.5808, 62.5807, 47.3856, 126.0524, 31.4907, 0.9664, 4.669, 0.8567, 10.966, 75.7083, 60.7115, 19.2437, 17.0707, 94.4113, 44.7628, 99.3066, 28.1815, 28.9005, 57.2931, 43.7756, 42.9745, 39.3941, 8.9472, 8.6789, 107.3806, 30.7094, 27.7489, 69.4263, 5.6568, 138.7435, 18.8717, 101.2654, 10.7339],
      [0.0078, 0, 0.0078, 0, 0.008, 0, 0.0106, 0.0122, 0.008, 0, 0.0053, 0, 0, 0.0082, 0.0077, 0.0019, 0.0021, 0.0155, 0.0062, 0, 0, 0.0052, 0, 0.0039, 0.0004, 0.0069, 0, 0.028, 0.0033, 0.0076, 0, 0.0025, 0, 0.0079, 0.0035, 0.0045, 0]
    ],
    [
      [0.6896, 0.3706, 0.4894, 1.4011, 0.647, 1.0703, 2.7204, 5.3163, 0.1957, 0, 0, 0.423, 0.8642, 2.3948, 1.3072, 1.1759, 0.9297, 1.7425, 1.8447, 6.0638, 1.6988, 1.3108, 2.8136, 1.6702, 1.2372, 1.8467, 0.6871, 0.1823, 3.8534, 1.4619, 1.7515, 0.8492, 1.7119, 3.3585, 0.559, 3.2535, 1.3535],
      [2.0114, 2.2042, 3.1939, 5.7704, 2.5153, 2.7352, 7.703, 17.9891, 3.755, 0.3303, 0.509, 0.6459, 3.1861, 8.6879, 13.1498, 9.8226, 4.916, 13.7931, 8.2654, 11.7453, 7.7847, 11.1259, 11.5452, 7.3916, 7.9955, 8.6421, 3.5504, 0, 12.043, 4.1197, 8.627, 4.9581, 5.9343, 20.4395, 2.6459, 28.7778, 2.9885],
      [4.0988, 3.3656, 4.3781, 9.4099, 1.9011, 3.0699, 9.5116, 16.9723, 4.4408, 0, 1.4084, 0.881, 4.5441, 12.1205, 28.7414, 16.8283, 7.0934, 16.6712, 15.1877, 31.4284, 7.0074, 19.3526, 18.9242, 4.885, 13.2106, 10.7919, 0.3261, 0, 14.0301, 6.7155, 8.0956, 4.5033, 12.7256, 34.072, 4.9391, 32.5871, 2.7871],
      [63.3256, 30.1554, 76.1365, 144.9946, 49.0102, 49.4094, 458.0481, 648.0855, 95.4451, 6.6142, 37.5746, 40.4062, 99.1717, 169.1222, 317.3002, 289.9978, 95.0668, 211.1708, 227.7486, 301.5906, 199.2426, 314.877, 312.8477, 167.6761, 162.8285, 250.461, 5.2828, 2.7459, 278.1587, 159.6637, 214.5881, 77.6356, 158.6891, 573.7083, 100.5288, 714.8833, 38.1821],
      [9.5982, 6.0584, 9.8083, 20.6186, 10.0953, 10.0855, 25.0856, 57.1507, 9.7659, 0.0555, 1.0823, 0.1527, 11.3995, 39.3116, 45.2529, 26.2611, 19.0526, 38.0793, 30.1705, 59.9496, 22.1637, 22.7854, 31.8664, 17.9909, 17.5579, 24.3532, 3.1536, 0.8052, 74.7644, 19.309, 22.6979, 13.52, 22.5572, 79.7762, 6.7466, 48.2778, 5.51],
      [5.2763, 1.8457, 4.9938, 14.8054, 4.8311, 1.6297, 21.9312, 32.4861, 6.3975, 0, 3.4257, 4.4912, 9.8344, 14.3629, 24.2486, 15.9142, 5.9416, 16.543, 16.7831, 10.2223, 9.1028, 20.5483, 12.003, 8.3861, 15.1703, 14.9051, 0, 0.2666, 16.1504, 9.7302, 9.24, 4.5338, 20.382, 34.6456, 4.5807, 56.2205, 0.1787]
    ],
    [
      [26.6907, 17.1176, 11.9988, 55.3642, 17.8352, 17.2086, 30.4061, 64.602, 7.6937, 0, 0.6865, 1.1098, 5.4482, 40.9902, 15.0008, 8.7622, 9.6218, 25.1815, 16.797, 29.6323, 19.1816, 14.9585, 38.5027, 19.8959, 14.1999, 16.254, 0, 0.3782, 44.0511, 11.2218, 12.181, 23.891, 3.5746, 59.0566, 10.0571, 77.9747, 8.1296],
      [4.2557, 6.1747, 4.9795, 14.1542, 4.4269, 6.1535, 7.5037, 19.5088, 5.4961, 0.1411, 0.6764, 0.2431, 1.5814, 9.256, 9.1871, 4.09, 1.5768, 11.1162, 4.9907, 8.4643, 5.2292, 7.64, 11.1611, 7.5081, 6.1438, 5.0768, 0, 0, 7.6327, 1.9847, 4.1745, 8.2302, 3.9943, 20.4981, 3.5159, 31.1196, 3.948],
      [0.6265, 0.4701, 0.3915, 1.3915, 0.0003, 0.8147, 0, 0, 0.4178, 0, 0.1699, 0.0169, 0.1819, 1.3964, 0, 0.4349, 0.2713, 0.9394, 0.3914, 0, 0, 0.8791, 1.1368, 0, 0.2893, 0.2999, 0.2985, 0, 1.6945, 0.1382, 0.0719, 0.7137, 0.7685, 1.9307, 0.5861, 2.7188, 0.6654],
      [1.8898, 0.7849, 1.1297, 5.1513, 1.304, 1.7623, 9.8961, 11.8146, 1.5478, 0.0208, 0.6587, 0.3514, 0.6533, 3.6951, 3.9369, 1.7354, 0.6623, 2.8756, 1.6243, 7.8974, 1.9404, 3.7879, 4.8198, 2.6152, 2.2786, 1.8427, 1.5123, 0, 10.5273, 1.0328, 1.5232, 1.8759, 3.2703, 8.1601, 1.8992, 17.074, 1.4916],
      [427.5349, 320.3322, 281.7791, 937.8706, 321.6933, 406.0609, 503.3194, 1162.7764, 263.9556, 3.8381, 32.4347, 12.2253, 109.0343, 779.3027, 564.6309, 212.5328, 104.7218, 621.6407, 342.4472, 807.0059, 272.4772, 317.6613, 566.3796, 347.4076, 261.5568, 271.8533, 47.1891, 40.0049, 990.4044, 187.1443, 207.0153, 441.8599, 264.3924, 1510.278, 176.4352, 1029.4297, 174.7654],
      [1.0024, 0.1205, 0.7214, 1.0682, 0.7403, 0, 1.8746, 2.2982, 0.889, 0, 0.3738, 0.0535, 0.1009, 1.3596, 1.2444, 0.4447, 0.1461, 1.2466, 0.7494, 0, 0.1717, 1.0733, 0, 0.5732, 0.5316, 0.6733, 0, 0.6169, 0.69, 0.4782, 0.0342, 0.4295, 0, 2.0766, 0.5065, 2.6832, 0]
    ],
    [
      [0.0772, 0.0669, 0.0726, 0.1944, 0.0408, 0.0638, 0.1621, 0.4198, 0.0297, 0, 0.0008, 0.0213, 0.0202, 0.1464, 0.0824, 0.0785, 0.1315, 0.1469, 0.1965, 0.2068, 0.2965, 0.1036, 0.1298, 0.1789, 0.0734, 0.1379, 0.0243, 0, 0.2511, 0.1666, 0.145, 0.0644, 0, 0.3819, 0.0532, 0.264, 0.016],
      [0.0795, 0.1395, 0.1708, 0.2855, 0.0572, 0.1229, 0.245, 0.7164, 0.1256, 0, 0.0034, 0.0239, 0.0338, 0.1901, 0.4201, 0.2163, 0.1461, 0.4059, 0.3276, 0.31, 0.4752, 0.3096, 0.2125, 0.3851, 0.1824, 0.2452, 0.0543, 0, 0.2792, 0.1783, 0.281, 0.136, 0.3323, 0.7882, 0.1021, 0.65, 0.0526],
      [12.4738, 16.5806, 17.7079, 34.7041, 3.3756, 10.5302, 25.3649, 57.3023, 11.3433, 0, 0.5764, 2.6709, 3.7184, 19.7583, 70.9724, 27.6379, 15.2891, 36.7128, 44.9104, 64.3111, 33.0545, 39.7546, 26.051, 21.359, 22.9991, 23.1136, 0.3508, 0, 23.8164, 21.9283, 20.3121, 9.4176, 49.9038, 97.0633, 14.3517, 52.6841, 3.9495],
      [2.81, 2.1166, 4.5302, 8.0527, 1.242, 2.4725, 15.3783, 29.1252, 3.5823, 0, 0.2207, 1.6098, 1.1977, 4.1618, 11.2466, 7.2515, 3.1121, 7.035, 10.1198, 8.975, 13.632, 9.8822, 6.5163, 9.8186, 4.1807, 8.0572, 0.0749, 0, 7.2397, 7.7686, 7.9139, 2.385, 9.6052, 24.9565, 4.35, 17.8543, 0.7433],
      [4.4403, 4.472, 6.1027, 11.8448, 2.6974, 5.2817, 9.4292, 26.5287, 3.782, 0, 0.1098, 0.6748, 1.4514, 10.0674, 16.2212, 6.9445, 6.4017, 13.0918, 13.9188, 18.3559, 15.5485, 7.9311, 6.808, 10.925, 4.7037, 8.1959, 0.4957, 0, 20.416, 9.7417, 8.6784, 4.3314, 13.52, 35.6637, 3.2063, 12.8163, 1.1211],
      [1.1192, 0.6244, 1.4158, 3.9185, 0.587, 0.5289, 3.4205, 6.9077, 1.1371, 0, 0.0889, 0.9993, 0.5785, 1.676, 4.0572, 1.8713, 0.9196, 2.6076, 3.527, 1.8411, 2.9933, 3.0189, 1.2825, 2.3334, 1.8607, 2.2502, 0, 0, 1.9977, 2.2165, 1.6697, 0.6654, 6.6388, 7.1465, 0.9367, 6.7313, 0.1176]
    ],
    [
      [1.8102, 1.0714, 1.0576, 3.692, 0.9291, 1.6209, 3.3501, 4.9764, 0.5522, 0, 0.1223, 0.33, 0.872, 3.5521, 2.7757, 1.7904, 2.745, 3.1482, 1.9161, 4.0526, 2.7971, 1.5948, 3.548, 1.4802, 2.0521, 2.264, 0.0228, 0.1463, 4.7272, 2.4207, 2.5081, 1.6656, 0.4943, 4.8883, 0.7658, 7.7677, 0.7055],
      [8.8245, 10.8884, 11.7025, 25.1986, 6.1551, 14.6548, 24.3883, 39.6499, 9.6741, 0.495, 2.6895, 2.0617, 6.9688, 21.5517, 38.8371, 22.3303, 10.0279, 40.9612, 15.4583, 27.9395, 19.7368, 21.9067, 26.4448, 15.2987, 25.1411, 18.9641, 1.6849, 0, 24.6909, 13.1812, 23.102, 16.681, 7.6207, 45.4387, 7.2037, 87.6627, 11.552],
      [2.7867, 2.5665, 2.512, 6.4603, 0.7215, 2.5625, 5.1235, 6.7254, 1.7887, 0, 0.8412, 0.431, 1.5526, 4.7042, 14.2837, 6.0914, 2.3378, 7.6482, 4.499, 12.2605, 2.9369, 5.9992, 6.8662, 1.756, 6.4896, 3.7854, 0.0099, 0, 4.4333, 3.2131, 3.5171, 2.3441, 2.6001, 11.8985, 2.1128, 14.9634, 1.5933],
      [14.9565, 7.9376, 15.1943, 34.7457, 6.4274, 14.3291, 72.595, 78.8606, 13.4108, 1.365, 8.5364, 6.6306, 11.9718, 22.9888, 52.4779, 37.0021, 11.1454, 33.8782, 23.4914, 39.4289, 28.1679, 34.4233, 39.7736, 18.8609, 27.6731, 30.6186, 0.068, 0.2541, 30.9553, 26.5221, 31.957, 14.0783, 11.4321, 70.1122, 15.2048, 116.035, 7.5759],
      [10.0277, 7.1267, 8.6723, 21.6954, 5.9333, 12.9914, 18.7802, 30.4918, 6.0059, 0.14, 1.7042, 1.0905, 6.1487, 23.61, 32.1835, 15.0178, 9.7533, 26.777, 13.7007, 34.3819, 13.6291, 11.7218, 17.6528, 8.9009, 13.207, 13.2035, 0.2143, 0.5111, 37.0346, 14.0956, 14.8596, 10.8623, 6.8736, 42.5387, 4.7402, 35.2107, 4.8695],
      [3.5944, 1.4094, 2.8613, 10.2079, 1.8335, 1.8414, 9.7631, 11.2958, 2.5683, 0, 2.1063, 2.456, 3.4862, 5.5933, 11.4421, 5.768, 1.9906, 7.5873, 4.9344, 4.9366, 3.7322, 6.3543, 4.7145, 2.7033, 7.4371, 5.1644, 0, 0.0885, 5.1586, 4.5674, 4.0562, 2.3688, 4.9792, 12.1235, 1.9727, 26.3605, 0.7038]
    ]
  ],
  "V_est": [
    [137.4414, 44.2181, 0.423, 1.2798, 1769.4626, 0.1751],
    [59.2451, 271.4982, 387.0059, 7142.3735, 862.8696, 452.0077],
    [775.6555, 251.833, 20.1058, 125.0429, 15321.3912, 24.9716],
    [4.4452, 8.6833, 936.0497, 259.2181, 325.919, 79.6847],
    [80.2128, 706.7674, 160.4155, 1011.0857, 536.3576, 188.1609]
  ],
  "p_est": [
    [0.0704, 0.0226, 0.0002, 0.0007, 0.906, 0.0001],
    [0.0065, 0.0296, 0.0422, 0.7785, 0.094, 0.0493],
    [0.047, 0.0152, 0.0012, 0.0076, 0.9275, 0.0015],
    [0.0028, 0.0054, 0.58, 0.1606, 0.2019, 0.0494],
    [0.0299, 0.2634, 0.0598, 0.3768, 0.1999, 0.0701]
  ],
  "EI_Z": {},
  "EI_V": 4.7906,
  "MAE_Z": {},
  "MAE_V": 102.0204,
  "MAE_p": 0.0299,
  "runtime": 0.074
}
