{
  "Z_true": {},
  "V_true": [
    [3, 21, 199, 984, 15],
    [485, 508, 694, 196, 29],
    [820, 5253, 2419, 964, 263],
    [110, 107, 8125, 12513, 243],
    [95, 249, 712, 594, 429]
  ],
  "p_true": [
    [0.0025, 0.0172, 0.1628, 0.8052, 0.0123],
    [0.2537, 0.2657, 0.363, 0.1025, 0.0152],
    [0.0844, 0.5405, 0.2489, 0.0992, 0.0271],
    [0.0052, 0.0051, 0.3851, 0.5931, 0.0115],
    [0.0457, 0.1198, 0.3425, 0.2857, 0.2063]
  ],
  "Z_est": [
    [
      [0.0597, 0.0341, 0.0028, 0.1421, 0.1762, 0.0284, 0.125, 0.0597, 0.0881, 0.1108, 0.0256, 0.0739, 0.0994, 0.0796, 0.1506, 0.0483, 0.3239, 0.287, 0.4977, 0.1989, 0.1563, 0.1619, 0.0426, 0.0653, 0.1108, 0.0653, 0.0455, 0.0341, 0.0369, 0.0966, 0.0966, 0.0256, 0.2983, 0.0909, 0.6251, 0.2216],
      [0.003, 0.0008, 0.0523, 0.0058, 0.0101, 0.0036, 0.009, 0.005, 0.0051, 0.0056, 0.0007, 0.0049, 0.0032, 0.0049, 0, 0.0026, 0.0131, 0.0079, 0.0003, 0.0065, 0.0054, 0.006, 0.002, 0.004, 0.0055, 0.0036, 0.0025, 0.002, 0.0022, 0.0038, 0.0037, 0.004, 0.0122, 0.0035, 0.0194, 0.0081],
      [1.8956, 0.2652, 0.216, 8.5132, 12.4455, 4.703, 13.3447, 7.7264, 11.1736, 11.0137, 2.3425, 10.8369, 4.583, 2.6616, 2.1118, 3.1193, 6.5711, 7.1697, 0.3119, 10.4858, 6.9105, 12.0934, 4.3431, 8.9584, 14.7329, 7.3773, 5.8548, 6.8385, 6.4306, 8.6142, 11.5176, 3.1156, 28.17, 2.066, 23.467, 16.1635],
      [10.0417, 1.6999, 4.7289, 35.3389, 49.3683, 11.2649, 73.5213, 23.209, 34.7332, 61.8699, 3.6313, 26.0843, 8.3144, 10.254, 8.7376, 10.8298, 23.0919, 20.5354, 1.19, 17.3088, 14.9278, 47.7386, 8.6123, 31.9723, 53.1508, 33.5537, 20.0972, 11.1254, 21.5302, 30.2854, 25.3821, 5.8548, 88.5195, 8.8396, 60.8885, 30.6069],
      [0, 0, 0, 0, 0, 0, 0, 0, 0, 0, 0, 0, 0, 0, 0, 0, 0, 0, 0, 0, 0, 0, 0, 0, 0, 0, 0, 0, 0, 0, 0, 0, 0, 0, 0, 0]
    ],
    [
      [13.0124, 7.079, 0.8019, 28.4141, 34.7442, 8.0189, 27.3711, 14.0111, 19.2445, 26.8765, 5.4341, 14.2561, 20.6888, 19.8465, 31.3073, 10.5695, 74.7404, 56.6276, 0.7464, 46.3706, 37.6467, 33.5006, 6.9764, 16.3559, 25.1289, 14.6084, 9.5219, 8.577, 8.626, 20.8894, 25.1336, 2.9857, 74.2994, 17.2963, 117.882, 46.0137],
      [0.7725, 0.4006, 0.3316, 1.5451, 1.8598, 1.8181, 1.6309, 0.887, 1.1445, 1.7454, 0.3147, 0.7439, 1.1731, 1.3162, 1.774, 0.6295, 4.6638, 3.0329, 0.0286, 2.9185, 2.4321, 1.8884, 0.2861, 1.0873, 1.5451, 0.887, 0.5436, 0.5722, 0.5436, 1.2303, 1.7167, 0.1144, 4.9213, 0.887, 5.98, 2.6037],
      [8.9621, 6.0515, 1.0039, 24.0408, 28.396, 13.4641, 27.9979, 16.102, 19.611, 30.5023, 5.1453, 11, 16.206, 24.195, 28.3646, 9.7016, 82.2122, 45.2242, 0.225, 40.4956, 34.5108, 30.611, 2.7375, 20.5568, 27.326, 15.5047, 8.9344, 10.8508, 9.8304, 20.8802, 31.045, 0.8999, 87.545, 12.245, 82.7704, 41.179],
      [4.2529, 0.4689, 0.8626, 0, 0, 3.7579, 0, 0, 0, 1.8759, 0.1059, 0, 2.9322, 0.6424, 0.5541, 1.0994, 1.3836, 1.1153, 0, 12.2153, 10.4105, 0, 0, 0, 0, 0, 0, 0, 0, 0, 2.1047, 0, 5.2342, 0.5718, 2.3676, 1.2036],
      [0, 0, 0, 0, 0, 0.941, 0, 0, 0, 0, 0, 0, 0, 0, 0, 0, 0, 0, 0, 0, 0, 0, 0, 0, 0, 0, 0, 0, 0, 0, 0, 0, 0, 0, 0, 0]
    ],
    [
      [7.8051, 3.4129, 0.1894, 18.7359, 26.7171, 1.8942, 16.2465, 6.8065, 11.4861, 11.7846, 3.0182, 11.518, 12.5043, 7.9102, 21.2322, 6.2827, 38.269, 41.1189, 1.1986, 23.0211, 16.8754, 20.208, 5.7055, 6.4442, 13.5322, 8.1918, 6.3391, 3.3188, 4.2611, 12.8151, 8.571, 5.2353, 29.7882, 11.0008, 70.5483, 25.5594],
      [96.8988, 24.5106, 18.4169, 187.8177, 326.0368, 116.7828, 289.4244, 161.5663, 165.2954, 180.6409, 21.6115, 155.8379, 101.4814, 156.3759, 240.4111, 83.0888, 414.5359, 254.1018, 9.6169, 209.3672, 173.9743, 193.4542, 64.1311, 128.4767, 177.8512, 117.7139, 82.178, 63.2131, 71.2149, 122.3538, 119.8741, 111.8453, 384.6053, 109.5019, 621.7572, 247.3917],
      [12.3518, 6.437, 2.0033, 64.5024, 99.3703, 37.7289, 92.8995, 60.6148, 70.1663, 88.9921, 9.3509, 51.2768, 39.3572, 62.0194, 50.3253, 28.7813, 123.9, 103.1498, 2.8519, 80.329, 56.3167, 76.5101, 22.8451, 51.6812, 80.8381, 48.2714, 35.2182, 41.3112, 35.5374, 53.5324, 81.5066, 22.3006, 126.2305, 31.5512, 196.1189, 69.4803],
      [5.4994, 0.8136, 3.3904, 24.7254, 46.1363, 16.0044, 34.1181, 23.1179, 40.7038, 22.9686, 1.0194, 8.5231, 36.9824, 4.3552, 3.757, 25.7377, 9.3805, 7.5619, 0.2154, 12.2043, 16.6958, 14.2642, 0, 13.5609, 10.8056, 16.5544, 11.2948, 0, 13.3721, 25.8163, 16.7619, 1.5554, 0, 3.8766, 29.8516, 8.1601],
      [6.4449, 3.826, 0, 21.2187, 34.7395, 13.5898, 31.3115, 22.8945, 15.3484, 28.6137, 0, 11.8442, 10.6747, 12.3392, 16.2745, 8.1095, 23.9145, 21.0676, 1.1172, 9.0785, 16.1378, 17.5635, 5.3182, 10.8369, 14.9728, 17.2685, 6.97, 8.1569, 7.6145, 7.4823, 10.2863, 20.0634, 34.3759, 13.0694, 69.724, 18.4085]
    ],
    [
      [0.1228, 1.474, 0.0058, 2.7079, 0.3626, 0.0585, 0.2573, 0.1228, 0.1813, 0.2281, 0.0526, 0.152, 1.7075, 0.1637, 0.3099, 0.0994, 0.6667, 2.9666, 1.5572, 0.4094, 0.3216, 3.1295, 2.2755, 0.1345, 0.2281, 0.1345, 0.0936, 0.0702, 0.076, 0.1988, 0.1988, 0.7535, 0.614, 3.6121, 30.9446, 6.2053],
      [0, 0.073, 0, 0.5168, 0.895, 0.3237, 1.759, 0.4434, 0.4543, 0.4978, 0.0598, 2.3175, 0.2802, 1.2072, 0, 0.2285, 8.5291, 0.7018, 0.3481, 0.5794, 0.4815, 0.5332, 1.5409, 0.3536, 0.4896, 0.3237, 0.2258, 0.1741, 0.1959, 0.3373, 0.3319, 17.9579, 7.2218, 4.5382, 6.8604, 12.838],
      [43.8269, 19.1447, 4.5164, 198.9582, 228.5478, 107.7076, 272.8768, 187.8815, 251.0796, 263.8391, 10.1593, 178.977, 106.1062, 90.283, 74.0875, 73.4606, 202.4575, 151.9809, 9.1804, 261.9795, 166.5583, 329.6484, 128.7491, 231.7247, 434.1837, 174.8335, 164.6834, 210.229, 184.7572, 227.0057, 315.792, 200.4023, 814.0568, 133.4452, 556.0829, 388.9567],
      [68.0503, 30.8517, 5.4778, 406.3518, 466.2794, 204.8182, 550.4354, 391.7137, 484.2849, 439.435, 24.7282, 321.5535, 187.9061, 163.3461, 139.6025, 133.2114, 350.3468, 280.3508, 7.4608, 466.0318, 374.6386, 831.6889, 184.4345, 505.7872, 988.0986, 329.2054, 337.9973, 406.0035, 439.9709, 513.4581, 614.6773, 54.3925, 1383.1074, 145.3489, 988.9247, 295],
      [0, 2.4567, 0, 2.4652, 1.9153, 0.092, 2.6715, 5.8386, 0, 0, 0, 0, 0, 0, 0, 0, 0, 0, 0.4535, 0, 0, 0, 0, 0, 0, 1.5028, 0, 1.5232, 0, 0, 0, 12.4938, 0, 3.0556, 14.1873, 0]
    ],
    [
      [0, 0, 0, 0, 0, 0, 0, 0, 0, 0, 0.4695, 0, 0, 0, 0, 0, 0, 0, 0, 0, 0, 0, 0, 0, 0, 0, 0, 0, 0, 0, 0, 0, 0, 0, 0, 0],
      [0.3257, 0.0151, 0.1992, 0.1146, 0.1984, 0.0718, 0.1767, 0.0983, 0.1007, 0.1103, 0.0133, 0.0959, 0.0621, 0.0959, 0.815, 0.0507, 0.2581, 0.1556, 0.006, 0.1284, 0.1067, 0.1182, 0.0398, 0.0784, 0.1085, 0.0718, 0.05, 0.0386, 0.0434, 0.0748, 0.0736, 0.0784, 0.2394, 0.0693, 0.3829, 0.1586],
      [11.9635, 2.1016, 1.2605, 40.9854, 64.2405, 32.3964, 63.881, 49.6754, 47.9695, 64.6528, 4.002, 40.9093, 24.7475, 26.841, 50.1108, 14.9371, 67.8592, 57.4755, 0.4308, 43.7102, 23.7037, 55.137, 22.3252, 40.079, 56.9192, 41.0131, 29.3092, 15.7705, 31.4443, 48.9675, 40.1388, 44.2816, 117.9976, 29.6926, 119.5608, 44.2205],
      [4.1557, 0.1659, 0.5403, 5.5839, 22.216, 15.1546, 16.9253, 18.9595, 8.2781, 20.8506, 0.5152, 9.839, 5.865, 3.4024, 4.3487, 1.1217, 7.7972, 6.4366, 0.1338, 2.2399, 1.3273, 3.3084, 4.9532, 4.6795, 2.945, 13.6865, 5.6107, 0.8711, 5.1267, 12.4401, 2.074, 3.1972, 6.1389, 3.3631, 13.9676, 6.0295],
      [3.5551, 1.7174, 0, 11.3161, 19.3452, 9.3773, 18.017, 15.2669, 10.6516, 17.3863, 0, 9.1558, 6.3253, 6.6608, 10.7255, 3.8905, 15.0855, 12.9324, 0.4293, 7.9215, 6.8622, 11.4365, 4.6818, 8.1631, 11.0272, 11.2286, 6.03, 4.3199, 6.3855, 9.5177, 7.7137, 13.4428, 23.6241, 7.875, 36.0887, 10.5915]
    ]
  ],
  "V_est": [
    [4.7851, 0.2322, 288.1439, 928.8388, 0],
    [925.6028, 55.9696, 876.328, 53.1586, 0.941],
    [519.5459, 6003.3559, 2115.6578, 509.7846, 570.6558],
    [62.5968, 73.6184, 7398.1594, 13514.9698, 48.6555],
    [0.4695, 4.824, 1470.7108, 244.2481, 358.7477]
  ],
  "p_est": [
    [0.0039, 0.0002, 0.2358, 0.7601, 0],
    [0.4841, 0.0293, 0.4583, 0.0278, 0.0005],
    [0.0535, 0.6177, 0.2177, 0.0525, 0.0587],
    [0.003, 0.0035, 0.3507, 0.6406, 0.0023],
    [0.0002, 0.0023, 0.7074, 0.1175, 0.1726]
  ],
  "EI_Z": {},
  "EI_V": 9.8045,
  "MAE_Z": {},
  "MAE_V": 282.6042,
  "MAE_p": 0.0737,
  "runtime": 0.6938
}
