{
  "X": [
    [4, 22, 30, 42, 6],
    [0, 7, 6, 15, 0],
    [21, 53, 92, 92, 4],
    [21, 157, 133, 373, 10],
    [55, 334, 458, 911, 56],
    [25, 76, 167, 125, 10],
    [24, 51, 139, 103, 5],
    [6, 21, 64, 45, 11],
    [31, 135, 121, 214, 20],
    [2, 6, 9, 8, 2],
    [1, 7, 18, 20, 4],
    [63, 218, 512, 439, 56],
    [66, 211, 593, 589, 38],
    [76, 198, 412, 477, 36],
    [55, 243, 422, 494, 48],
    [3, 6, 7, 13, 0],
    [77, 232, 399, 484, 29],
    [28, 98, 207, 288, 14],
    [71, 330, 491, 880, 25],
    [28, 132, 221, 334, 17],
    [41, 122, 207, 191, 16],
    [6, 32, 40, 44, 11],
    [21, 52, 114, 72, 12],
    [80, 264, 438, 589, 39],
    [6, 9, 8, 3, 0],
    [52, 189, 514, 463, 49],
    [53, 163, 446, 326, 47],
    [23, 82, 195, 139, 29],
    [36, 117, 344, 341, 27],
    [3, 4, 25, 2, 1],
    [1, 8, 4, 4, 1],
    [159, 367, 975, 873, 34],
    [57, 141, 244, 296, 27],
    [13, 43, 41, 87, 7],
    [39, 161, 362, 409, 36],
    [10, 12, 34, 40, 9],
    [4, 3, 12, 11, 2],
    [2, 6, 12, 6, 5],
    [12, 53, 87, 110, 11],
    [18, 75, 101, 223, 11],
    [31, 98, 226, 153, 41],
    [31, 125, 263, 228, 50],
    [34, 176, 236, 366, 21],
    [65, 193, 362, 312, 32],
    [7, 17, 30, 9, 3],
    [3, 8, 10, 12, 1],
    [12, 20, 50, 29, 5],
    [5, 2, 6, 3, 0],
    [30, 72, 130, 134, 5],
    [5, 17, 15, 11, 0],
    [181, 684, 1245, 1445, 142],
    [77, 160, 303, 336, 13],
    [67, 167, 309, 222, 31],
    [249, 569, 833, 718, 69],
    [70, 159, 243, 204, 17]
  ],
  "W": [
    [15, 22, 48, 6, 13],
    [2, 4, 20, 2, 0],
    [58, 65, 118, 11, 10],
    [38, 112, 482, 22, 40],
    [166, 369, 1112, 48, 119],
    [92, 92, 181, 16, 22],
    [71, 92, 129, 11, 19],
    [11, 57, 53, 16, 10],
    [46, 87, 336, 13, 39],
    [3, 7, 15, 1, 1],
    [2, 14, 22, 6, 6],
    [174, 408, 549, 66, 91],
    [215, 471, 669, 55, 87],
    [168, 326, 574, 46, 85],
    [168, 359, 617, 38, 80],
    [7, 4, 13, 3, 2],
    [195, 262, 685, 34, 45],
    [99, 147, 344, 23, 22],
    [263, 328, 1076, 56, 74],
    [108, 160, 410, 18, 36],
    [119, 132, 277, 21, 28],
    [14, 30, 71, 10, 8],
    [42, 69, 127, 18, 15],
    [168, 329, 786, 59, 68],
    [6, 6, 11, 2, 1],
    [142, 467, 503, 63, 92],
    [131, 379, 393, 59, 73],
    [70, 149, 173, 35, 41],
    [96, 305, 378, 42, 44],
    [10, 13, 11, 1, 0],
    [0, 3, 10, 1, 4],
    [528, 586, 1126, 75, 93],
    [136, 156, 382, 37, 54],
    [23, 34, 120, 6, 8],
    [121, 306, 452, 51, 77],
    [20, 31, 46, 2, 6],
    [9, 8, 12, 1, 2],
    [3, 11, 12, 4, 1],
    [27, 63, 144, 13, 26],
    [56, 85, 250, 3, 34],
    [67, 199, 222, 17, 44],
    [87, 209, 308, 46, 47],
    [87, 170, 486, 44, 46],
    [136, 306, 414, 43, 65],
    [22, 18, 22, 2, 2],
    [7, 7, 17, 0, 3],
    [22, 35, 48, 5, 6],
    [3, 9, 4, 0, 0],
    [64, 95, 177, 17, 18],
    [5, 16, 22, 4, 1],
    [416, 1020, 1871, 150, 240],
    [192, 184, 453, 24, 36],
    [124, 240, 347, 37, 48],
    [402, 667, 1166, 62, 141],
    [133, 177, 334, 12, 37]
  ],
  "method": "mcmc",
  "mcmc_stepsize": 3000,
  "mcmc_samples": 1000,
  "burn_in": 10000,
  "cond_prob": [
    [
      [0.13004050164, 0.19934384629, 0.26601422153, 0.40368323635, 0.00091819419117],
      [0.043061315816, 0.27063208975, 0.27271671271, 0.36502689295, 0.04856298877],
      [0.021304915117, 0.20725988294, 0.33166609418, 0.39698728614, 0.042781821621],
      [0.0095527993199, 0.17545421469, 0.16329459199, 0.6495959205, 0.002102473503],
      [0.0016992927647, 0.15805666631, 0.23925222498, 0.38163035014, 0.2193614658]
    ],
    [
      [0, 0.25625034866, 0.21108518501, 0.53266446633, 0],
      [0, 0.26037780331, 0.22197681665, 0.51764538004, 0],
      [0, 0.24944457436, 0.21224348547, 0.53831194016, 0],
      [0, 0.22854830107, 0.22252632695, 0.54892537198, 0],
      [0, 0, 0, 0, 0]
    ],
    [
      [0.1206658202, 0.18966797835, 0.34483742798, 0.34482794674, 8.26736044e-07],
      [0.076923446261, 0.23076683191, 0.35384834371, 0.33844494036, 1.6437765868e-05],
      [0.076275647428, 0.19490722991, 0.36439999471, 0.35594515811, 0.008471969849],
      [3.756792079e-05, 0.18187811818, 0.27279665118, 0.45438174745, 0.090905915262],
      [4.1877793561e-05, 0.19997007525, 0.29993242979, 0.30013300872, 0.19992260845]
    ],
    [
      [0.078947368421, 0.21052631579, 0.18421052632, 0.52631578947, 1.6224483962e-14],
      [0.026785714286, 0.24107142857, 0.1875, 0.53571428571, 0.008928571429],
      [0.029045643153, 0.22614107884, 0.19502074689, 0.53734439834, 0.01244813278],
      [3.0201551795e-14, 0.18181818182, 0.18181818182, 0.59090909091, 0.045454545454],
      [0.025000000002, 0.225, 0.175, 0.525, 0.049999999999]
    ],
    [
      [0.042168674699, 0.18072289157, 0.24698795181, 0.5, 0.030120481928],
      [0.029810298103, 0.18699186992, 0.25203252033, 0.50135501355, 0.029810298103],
      [0.029676258993, 0.18525179856, 0.25269784173, 0.50179856115, 0.030575539568],
      [0.020833333333, 0.16666666667, 0.27083333333, 0.52083333333, 0.020833333333],
      [0.025210084034, 0.17647058824, 0.25210084034, 0.50420168067, 0.042016806723]
    ],
    [
      [0.076086956518, 0.18478260869, 0.41304347827, 0.30434782608, 0.021739130435],
      [0.065217391302, 0.19565217391, 0.41304347826, 0.30434782609, 0.021739130434],
      [0.060773480664, 0.18784530387, 0.41988950276, 0.30939226519, 0.022099447513],
      [5.932812452e-12, 0.1875, 0.375, 0.43749999998, 1.3489449272e-11],
      [0.045454545463, 0.18181818182, 0.40909090908, 0.27272727273, 0.090909090907]
    ],
    [
      [0.098591472979, 0.15492907213, 0.42253593235, 0.30985913369, 0.014084388855],
      [0.076087105622, 0.1739126714, 0.42391282922, 0.31521749766, 0.010869896107],
      [0.069767276137, 0.15503943307, 0.44186034097, 0.31782918067, 0.015503769153],
      [1.003066142e-06, 0.090908741552, 0.45454434779, 0.45454590246, 5.1267032502e-09],
      [0.052631686623, 0.15789405719, 0.42105245811, 0.31579065743, 0.052631140646]
    ],
    [
      [0.18138334744, 0.1818000001, 0.36317379693, 0.2733072134, 0.00033564213148],
      [0.035172232669, 0.15783396742, 0.43865029612, 0.29816028323, 0.070183220571],
      [0.037726770764, 0.13211248177, 0.47171347445, 0.3018608986, 0.056586374412],
      [1.6609378502e-05, 0.12494043024, 0.37509449288, 0.37505756846, 0.12489089903],
      [1.813154888e-05, 0.10026554385, 0.3999695323, 0.29989357873, 0.19985321357]
    ],
    [
      [0.10869565279, 0.2608695644, 0.21739130414, 0.39130434783, 0.021739130851],
      [0.057471264424, 0.26436781598, 0.24137931056, 0.40229885042, 0.034482758622],
      [0.056547618934, 0.2589285715, 0.23214285717, 0.41666666674, 0.035714285657],
      [7.2692160304e-10, 0.23076923003, 0.23076923076, 0.38461538535, 0.15384615313],
      [0.051282051168, 0.25641025724, 0.23076923031, 0.41025640976, 0.051282051519]
    ],
    [
      [0.099791608199, 0.21139754743, 0.33990659233, 0.29137079189, 0.057533460162],
      [0.078299112367, 0.22131339508, 0.33949107731, 0.29223440504, 0.068662010209],
      [0.069348073926, 0.22447550928, 0.3345878135, 0.29971827157, 0.071870331721],
      [0.065430006045, 0.18314984971, 0.33814662639, 0.34389665101, 0.06937686684],
      [0.046880273899, 0.26633110322, 0.24687885303, 0.24057606445, 0.19933370539]
    ],
    [
      [0.017793100974, 0.18157905704, 0.41576569828, 0.33491606736, 0.049946076339],
      [0.01592893704, 0.12607127999, 0.37184344729, 0.40458353063, 0.081572805058],
      [0.023544850078, 0.15789577903, 0.35337447073, 0.4057386594, 0.059446240768],
      [0.026063204218, 0.13424772773, 0.38036667752, 0.39801998438, 0.061302406159],
      [0.011173792077, 0.098775076847, 0.31770365339, 0.39193800391, 0.18040947378]
    ],
    [
      [0.057471264368, 0.16666666667, 0.39655172414, 0.33908045977, 0.040229885057],
      [0.049019607843, 0.17156862745, 0.39705882353, 0.34068627451, 0.041666666667],
      [0.047358834244, 0.1693989071, 0.39890710383, 0.34244080146, 0.04189435337],
      [0.045454545455, 0.16666666667, 0.39393939394, 0.33333333333, 0.060606060606],
      [0.043956043956, 0.16483516484, 0.3956043956, 0.34065934066, 0.054945054945]
    ],
    [
      [0.051162790698, 0.13953488372, 0.39534883721, 0.39069767442, 0.023255813953],
      [0.044585987261, 0.14437367304, 0.3949044586, 0.39278131635, 0.023354564756],
      [0.043348281016, 0.14050822123, 0.39910313901, 0.39312406577, 0.023916292975],
      [0.036363636364, 0.12727272727, 0.38181818182, 0.41818181818, 0.036363636364],
      [0.034482758621, 0.13793103448, 0.3908045977, 0.3908045977, 0.045977011494]
    ],
    [
      [0.077380952381, 0.16071428571, 0.33928571429, 0.39285714286, 0.029761904762],
      [0.061349693252, 0.1717791411, 0.34355828221, 0.39570552147, 0.027607361963],
      [0.062717770035, 0.1637630662, 0.34668989547, 0.39721254355, 0.029616724739],
      [0.04347826087, 0.15217391304, 0.32608695652, 0.45652173913, 0.021739130435],
      [0.058823529412, 0.16470588235, 0.34117647059, 0.38823529412, 0.047058823529]
    ],
    [
      [0.053571428571, 0.19047619048, 0.33333333333, 0.3869047619, 0.035714285714],
      [0.044568245125, 0.19498607242, 0.33426183844, 0.38997214485, 0.036211699164],
      [0.042139384117, 0.19286871961, 0.33711507293, 0.39059967585, 0.037277147488],
      [0.026315789474, 0.18421052632, 0.31578947368, 0.44736842105, 0.026315789474],
      [0.0375, 0.1875, 0.325, 0.3875, 0.0625]
    ],
    [
      [0.12357235338, 0.22278560523, 0.23934322107, 0.41429882032, 0],
      [0.12949970289, 0.22091979217, 0.21649005333, 0.43309045161, 0],
      [0.096416544037, 0.20482610271, 0.24682690218, 0.45193045108, 0],
      [0.064807570635, 0.19474421657, 0.21784689941, 0.52260131338, 0],
      [0.084578465205, 0.1549248049, 0.29817340633, 0.46232332357, 0]
    ],
    [
      [0.071794871795, 0.18974358974, 0.32307692308, 0.39487179487, 0.020512820513],
      [0.06106870229, 0.19465648855, 0.32824427481, 0.39312977099, 0.022900763359],
      [0.062773722628, 0.1897810219, 0.32846715328, 0.39562043796, 0.023357664234],
      [0.058823529412, 0.17647058824, 0.32352941176, 0.44117647059, 3.5507519014e-22],
      [0.044444444444, 0.17777777778, 0.31111111111, 0.4, 0.066666666667]
    ],
    [
      [0.060606060594, 0.15151515152, 0.32323232322, 0.44444444446, 0.020202020205],
      [0.04081632653, 0.16326530612, 0.32653061225, 0.44897959183, 0.020408163268],
      [0.043604651163, 0.15406976744, 0.3284883721, 0.4534883721, 0.020348837207],
      [0.043478260863, 0.13043478267, 0.30434782611, 0.52173913036, 2.6824830119e-12],
      [6.2429383757e-11, 0.13636363636, 0.31818181814, 0.45454545453, 0.090909090915]
    ],
    [
      [0.049429657795, 0.1825095057, 0.26996197719, 0.48669201521, 0.011406844106],
      [0.036585365854, 0.18902439024, 0.2743902439, 0.48780487805, 0.012195121951],
      [0.039033457249, 0.18308550186, 0.27416356877, 0.4907063197, 0.013011152416],
      [0.035714285714, 0.17857142857, 0.26785714286, 0.5, 0.017857142857],
      [0.027027027027, 0.17567567568, 0.27027027027, 0.48648648649, 0.040540540541]
    ],
    [
      [0.055555555556, 0.17592592593, 0.2962962963, 0.4537037037, 0.018518518519],
      [0.0375, 0.1875, 0.3, 0.45625, 0.01875],
      [0.036585365854, 0.18048780488, 0.30487804878, 0.45609756098, 0.021951219512],
      [2.9683465663e-14, 0.16666666667, 0.33333333333, 0.5, 2.6077795225e-14],
      [0.027777777778, 0.16666666667, 0.27777777778, 0.44444444444, 0.083333333333]
    ],
    [
      [0.084033613445, 0.21008403361, 0.35294117647, 0.32773109244, 0.025210084034],
      [0.075757575758, 0.2196969697, 0.35606060606, 0.32575757576, 0.022727272727],
      [0.068592057762, 0.21299638989, 0.36462093863, 0.3285198556, 0.025270758123],
      [0.047619047619, 0.19047619048, 0.33333333333, 0.42857142857, 6.0886796642e-16],
      [0.035714285714, 0.17857142857, 0.35714285714, 0.32142857143, 0.10714285714]
    ],
    [
      [0.14241710231, 0.21421993455, 0.28576650222, 0.28631076585, 0.071285695078],
      [0.033502043319, 0.29973815873, 0.29994190724, 0.29985174181, 0.066966148902],
      [0.042221466122, 0.23946042655, 0.30975712785, 0.3381515291, 0.070409450384],
      [0.0001502508138, 0.20048473363, 0.30033827693, 0.49877158461, 0.00025515400671],
      [0.00023408316907, 0.12527981665, 0.25060911316, 0.24995282646, 0.37392416057]
    ],
    [
      [0.11904757519, 0.19047622937, 0.40476189626, 0.26190474291, 0.023809556274],
      [0.072463743188, 0.20289856365, 0.42028988127, 0.2608695575, 0.043478254394],
      [0.070866148782, 0.19685038399, 0.43307085157, 0.25984254055, 0.039370075104],
      [0.055555654343, 0.16666661446, 0.3888889372, 0.38888876787, 2.6130148496e-08],
      [0.066666725909, 0.13333330982, 0.39999996874, 0.20000005722, 0.19999993831]
    ],
    [
      [0.065476190476, 0.18452380952, 0.30952380952, 0.41666666667, 0.02380952381],
      [0.057750759878, 0.18844984802, 0.31003039514, 0.41641337386, 0.0273556231],
      [0.055979643766, 0.18829516539, 0.31170483461, 0.41730279898, 0.026717557252],
      [0.050847457627, 0.18644067797, 0.30508474576, 0.4406779661, 0.016949152542],
      [0.044117647059, 0.17647058824, 0.30882352941, 0.41176470588, 0.058823529412]
    ],
    [
      [0.28545259991, 0.30473211717, 0.29125729714, 0.11855798577, 0],
      [0.22477001587, 0.34031465414, 0.3275465461, 0.1073687839, 0],
      [0.21778995253, 0.36578050234, 0.30245031301, 0.11397923212, 0],
      [0.18012754003, 0.35551249444, 0.32792613331, 0.13643383223, 0],
      [0.18271974744, 0.3951088575, 0.30437123087, 0.1178001642, 0]
    ],
    [
      [0.056338028169, 0.14788732394, 0.4014084507, 0.35915492958, 0.035211267606],
      [0.040685224839, 0.15203426124, 0.40471092077, 0.36402569593, 0.038543897216],
      [0.039761431412, 0.14910536779, 0.40954274354, 0.36381709742, 0.037773359841],
      [0.031746031746, 0.14285714286, 0.39682539683, 0.39682539683, 0.031746031746],
      [0.032608695652, 0.14130434783, 0.40217391304, 0.36956521739, 0.054347826087]
    ],
    [
      [0.06106870229, 0.16030534351, 0.42748091603, 0.31297709924, 0.038167938931],
      [0.050131926121, 0.16094986807, 0.43007915567, 0.31398416887, 0.044854881266],
      [0.050890585242, 0.15521628499, 0.43511450382, 0.3155216285, 0.043256997455],
      [0.050847457627, 0.15254237288, 0.42372881356, 0.33898305085, 0.033898305085],
      [0.041095890411, 0.15068493151, 0.42465753425, 0.30136986301, 0.082191780822]
    ],
    [
      [0.071428571164, 0.17142857185, 0.41428571392, 0.28571428598, 0.05714285709],
      [0.046979865697, 0.18120805369, 0.4161073828, 0.29530201322, 0.060402684589],
      [0.046242774716, 0.17341040452, 0.42196531781, 0.30057803479, 0.057803468165],
      [0.028571428572, 0.17142857175, 0.39999999958, 0.3142857146, 0.085714285503],
      [0.048780487895, 0.17073170677, 0.41463414688, 0.29268292638, 0.073170732069]
    ],
    [
      [0.072916666667, 0.125, 0.39583333333, 0.38541666667, 0.020833333333],
      [0.039344262295, 0.14098360656, 0.39672131148, 0.39344262295, 0.029508196721],
      [0.039682539683, 0.13756613757, 0.39947089947, 0.39417989418, 0.029100529101],
      [0.02380952381, 0.11904761905, 0.40476190476, 0.42857142857, 0.02380952381],
      [0.022727272727, 0.11363636364, 0.38636363636, 0.38636363636, 0.090909090909]
    ],
    [
      [0.10232034354, 0.11386036454, 0.69884599055, 0.057234373201, 0.027738928172],
      [0.077205705783, 0.11374975688, 0.72767617151, 0.052426068409, 0.028942297425],
      [0.082861943113, 0.11625833748, 0.71000166952, 0.062078957202, 0.028799092687],
      [0.061641015176, 0.10380780292, 0.74173150025, 0.063248849456, 0.029570832196],
      [0, 0, 0, 0, 0]
    ],
    [
      [0, 0, 0, 0, 0],
      [0.069146088252, 0.42460576619, 0.23005617935, 0.22913590778, 0.047056058423],
      [0.056323085485, 0.4527906202, 0.22095631646, 0.22689287639, 0.04303710146],
      [0.042640211439, 0.41699271881, 0.29514480146, 0.20267620837, 0.042546059922],
      [0.046672667239, 0.44532094515, 0.20128087397, 0.21024682609, 0.096478687552]
    ],
    [
      [0.070075757576, 0.15151515152, 0.40340909091, 0.36174242424, 0.013257575758],
      [0.064846416382, 0.15529010239, 0.40443686007, 0.36177474403, 0.013651877133],
      [0.065719360568, 0.15186500888, 0.40674955595, 0.36234458259, 0.013321492007],
      [0.053333333333, 0.14666666667, 0.4, 0.38666666667, 0.013333333333],
      [0.064516129032, 0.15053763441, 0.39784946237, 0.35483870968, 0.032258064516]
    ],
    [
      [0.088235294118, 0.18382352941, 0.31617647059, 0.38235294118, 0.029411764706],
      [0.070512820513, 0.19871794872, 0.3141025641, 0.38461538462, 0.032051282051],
      [0.073298429319, 0.1832460733, 0.32460732984, 0.38481675393, 0.034031413613],
      [0.054054054054, 0.16216216216, 0.2972972973, 0.45945945946, 0.027027027027],
      [0.074074074074, 0.16666666667, 0.31481481481, 0.37037037037, 0.074074074074]
    ],
    [
      [0.13032463789, 0.26032984782, 0.17436913266, 0.43444725015, 0.00052913146126],
      [0.059825133425, 0.23465386028, 0.23578120544, 0.44029778031, 0.029442020556],
      [0.066246181731, 0.22527117201, 0.2246488085, 0.45044538661, 0.033388451147],
      [0.0016467691549, 0.16756473761, 0.16639536314, 0.66435658066, 3.6549435996e-05],
      [0.0011320461638, 0.1245316479, 0.12708997065, 0.49975035487, 0.24749598041]
    ],
    [
      [0.04958677686, 0.15702479339, 0.35537190083, 0.40495867769, 0.03305785124],
      [0.042483660131, 0.16013071895, 0.35947712418, 0.40522875817, 0.032679738562],
      [0.037610619469, 0.16150442478, 0.36061946903, 0.40486725664, 0.035398230088],
      [0.019607843137, 0.1568627451, 0.37254901961, 0.43137254902, 0.019607843137],
      [0.025974025974, 0.15584415584, 0.35064935065, 0.4025974026, 0.064935064935]
    ],
    [
      [0.18947447606, 0.10609005297, 0.30629458974, 0.34663967615, 0.051501205078],
      [0.070041007126, 0.15254203033, 0.3424125907, 0.36406603631, 0.070938335532],
      [0.086355063153, 0.10750384377, 0.35045529846, 0.39180965397, 0.063876140646],
      [0.0050805652121, 0.004952135097, 0.013057373843, 0.91645180466, 0.060458121192],
      [0.0094575370761, 0.03238581941, 0.18537656942, 0.32083527661, 0.45194479748]
    ],
    [
      [0.1591262871, 0.093635634966, 0.3641330076, 0.32162606303, 0.06147900731],
      [0.099041775374, 0.099752999515, 0.39322519382, 0.34702294704, 0.060957084259],
      [0.12657926256, 0.096088109054, 0.36473694607, 0.35901405034, 0.053581631977],
      [0.094658707037, 0.062625797252, 0.42473714343, 0.34006881041, 0.077909541874],
      [0.080959677674, 0.071786091639, 0.38771044245, 0.34047222096, 0.11907156727]
    ],
    [
      [0.071262240672, 0.20650311134, 0.42333337058, 0.16508054448, 0.13382073292],
      [0.075765441223, 0.20331554535, 0.39176157051, 0.18097259125, 0.14818485166],
      [0.052405058596, 0.19761082078, 0.39855094312, 0.20006702826, 0.15136614925],
      [0.070318485569, 0.15829675659, 0.34754280004, 0.2211666873, 0.2026752705],
      [0.042658779105, 0.1395027914, 0.24784009501, 0.22858877444, 0.34140956005]
    ],
    [
      [0.11110964776, 0.18518578428, 0.2962961694, 0.37037075992, 0.03703763865],
      [0.031746143093, 0.22222226937, 0.31745819282, 0.3968268077, 0.031746587024],
      [0.041666747257, 0.18750045432, 0.3263891218, 0.40972182698, 0.034721849645],
      [2.9948084958e-06, 0.15384315004, 0.30769515603, 0.4615338933, 0.076924805822],
      [0.038460844548, 0.19230594162, 0.3076948735, 0.38461603459, 0.076922305743]
    ],
    [
      [0.071428565972, 0.16071430106, 0.23214285764, 0.51785713267, 0.017857142663],
      [0.035294122138, 0.18823529978, 0.23529410781, 0.51764705674, 0.023529413531],
      [0.039999999903, 0.17999999579, 0.23600000195, 0.5200000039, 0.023999998451],
      [1.7612846005e-11, 3.9484699499e-08, 0.33333334715, 0.66666661327, 7.3455902715e-11],
      [0.029411763175, 0.14705881157, 0.23529412584, 0.52941176271, 0.058823536698]
    ],
    [
      [0.089552111046, 0.16417948821, 0.40298552169, 0.26865588568, 0.074626993382],
      [0.055276381893, 0.19095468767, 0.40703526196, 0.27638197412, 0.070351694356],
      [0.054054111891, 0.17567556003, 0.42342324993, 0.27477498698, 0.072072091171],
      [3.9305066994e-10, 0.1764708396, 0.3529409249, 0.41176445294, 0.058823782157],
      [0.045454448107, 0.15909120098, 0.40909081159, 0.27272727273, 0.11363626659]
    ],
    [
      [0.057471264368, 0.18390804598, 0.36781609195, 0.32183908046, 0.068965517241],
      [0.043062200957, 0.18181818182, 0.38277511962, 0.32535885167, 0.066985645933],
      [0.042207792208, 0.17857142857, 0.37987012987, 0.32792207792, 0.071428571429],
      [0.04347826087, 0.17391304348, 0.36956521739, 0.34782608696, 0.065217391304],
      [0.042553191489, 0.17021276596, 0.36170212766, 0.31914893617, 0.10638297872]
    ],
    [
      [0.057471264368, 0.20689655172, 0.27586206897, 0.4367816092, 0.022988505747],
      [0.047058823529, 0.21176470588, 0.28235294118, 0.43529411765, 0.023529411765],
      [0.039094650206, 0.21399176955, 0.28395061728, 0.43827160494, 0.024691358025],
      [0.022727272727, 0.20454545455, 0.29545454545, 0.45454545455, 0.022727272727],
      [0.021739130435, 0.19565217391, 0.28260869565, 0.45652173913, 0.04347826087]
    ],
    [
      [0.073529411765, 0.19852941176, 0.375, 0.32352941176, 0.029411764706],
      [0.071895424837, 0.19934640523, 0.37254901961, 0.32352941176, 0.032679738562],
      [0.065217391304, 0.20289855072, 0.37922705314, 0.32125603865, 0.031400966184],
      [0.046511627907, 0.18604651163, 0.37209302326, 0.3488372093, 0.046511627907],
      [0.061538461538, 0.2, 0.36923076923, 0.32307692308, 0.046153846154]
    ],
    [
      [0.12963475993, 0.24835108578, 0.44702530856, 0.12651441816, 0.048474427574],
      [0.089447127174, 0.29075046861, 0.47387668123, 0.10521931993, 0.040706403059],
      [0.097562814017, 0.26212904158, 0.44122853086, 0.16081539371, 0.038264219831],
      [0.030627713575, 0.15509463541, 0.61197450312, 0.19341633283, 0.0088868150576],
      [0.16517482845, 0.11286974621, 0.35234313215, 0.19898185725, 0.17063043594]
    ],
    [
      [0.11506898637, 0.22494947774, 0.28772911887, 0.34508458093, 0.027167836092],
      [0.080389226119, 0.2453512547, 0.30263538462, 0.34443449489, 0.027189639672],
      [0.083954479932, 0.22855427299, 0.29642297792, 0.36568030409, 0.025387965069],
      [0, 0, 0, 0, 0],
      [0.068188784578, 0.27415741069, 0.27608595031, 0.31893376659, 0.062634087829]
    ],
    [
      [0.22004208615, 0.13831486295, 0.40907328034, 0.22808193838, 0.0044878321858],
      [0.08996508025, 0.21886258784, 0.43090373085, 0.228290789, 0.031977812065],
      [0.082804514967, 0.1709862973, 0.4524870647, 0.25442638077, 0.039295742259],
      [0.0045099485284, 0.015118680644, 0.41550576785, 0.56393980572, 0.0009257972648],
      [0.0021883058008, 0.16899112784, 0.35364155134, 0.15997573921, 0.31520327582]
    ],
    [
      [0.37740267919, 0.11301503379, 0.34266197941, 0.16692030761, 0],
      [0.30135601466, 0.12738889521, 0.38358897824, 0.1876661119, 0],
      [0.28889695763, 0.12861371044, 0.37992831441, 0.20256101752, 0],
      [0, 0, 0, 0, 0],
      [0, 0, 0, 0, 0]
    ],
    [
      [0.10937499135, 0.18750000055, 0.34375000429, 0.35937500306, 7.4658102006e-10],
      [0.073684212962, 0.21052631131, 0.34736842434, 0.35789473595, 0.010526315436],
      [0.079096046107, 0.19209039594, 0.36158191745, 0.35593220462, 0.011299435893],
      [0.058823530712, 0.17647058626, 0.29411765282, 0.4705882288, 1.402473702e-09],
      [0.055555563302, 0.1666666857, 0.33333332926, 0.33333332125, 0.1111111005]
    ],
    [
      [0.19113795572, 0.30242488112, 0.26612918255, 0.24030798061, 0],
      [0.11148333132, 0.36121422728, 0.33206464979, 0.19523779161, 0],
      [0.090178415283, 0.36215657159, 0.30955778174, 0.23810723138, 0],
      [0.051486419468, 0.38224019991, 0.27866043696, 0.28761294367, 0],
      [0.070706106126, 0.21204258314, 0.43140674454, 0.28584456619, 0]
    ],
    [
      [0.055288461538, 0.18269230769, 0.33653846154, 0.38942307692, 0.036057692308],
      [0.048039215686, 0.18725490196, 0.3362745098, 0.39019607843, 0.038235294118],
      [0.048637092464, 0.18492784607, 0.33778727953, 0.39070016034, 0.037947621593],
      [0.046666666667, 0.18, 0.33333333333, 0.40666666667, 0.033333333333],
      [0.045833333333, 0.18333333333, 0.33333333333, 0.3875, 0.05]
    ],
    [
      [0.09375, 0.18229166667, 0.33854166667, 0.375, 0.010416666667],
      [0.08152173913, 0.1847826087, 0.34782608696, 0.375, 0.010869565217],
      [0.086092715232, 0.17880794702, 0.33995584989, 0.38189845475, 0.013245033113],
      [0.083333333333, 0.16666666667, 0.33333333333, 0.375, 0.041666666667],
      [0.083333333333, 0.16666666667, 0.33333333333, 0.36111111111, 0.055555555556]
    ],
    [
      [0.088709677419, 0.21774193548, 0.38709677419, 0.27419354839, 0.032258064516],
      [0.083333333333, 0.2125, 0.39166666667, 0.275, 0.0375],
      [0.083573487032, 0.20749279539, 0.38904899135, 0.28242074928, 0.037463976945],
      [0.081081081081, 0.18918918919, 0.37837837838, 0.2972972973, 0.054054054054],
      [0.083333333333, 0.20833333333, 0.375, 0.27083333333, 0.0625]
    ],
    [
      [0.10447761194, 0.23383084577, 0.3407960199, 0.29353233831, 0.02736318408],
      [0.10194902549, 0.23538230885, 0.34182908546, 0.29385307346, 0.026986506747],
      [0.10205831904, 0.2332761578, 0.34219554031, 0.29416809605, 0.028301886792],
      [0.096774193548, 0.22580645161, 0.33870967742, 0.32258064516, 0.016129032258],
      [0.099290780142, 0.22695035461, 0.34042553191, 0.29078014184, 0.042553191489]
    ],
    [
      [0.11278195489, 0.22556390977, 0.34586466165, 0.29323308271, 0.022556390977],
      [0.10169491525, 0.23163841808, 0.35028248588, 0.29378531073, 0.022598870056],
      [0.09880239521, 0.23353293413, 0.3502994012, 0.29341317365, 0.023952095808],
      [0.083333333333, 0.16666666667, 0.5, 0.25, 2.2178497868e-18],
      [0.081081081081, 0.21621621622, 0.32432432432, 0.32432432432, 0.054054054054]
    ]
  ],
  "expected_outcome": [
    [
      [1.9506075246, 0, 6.9986175715, 3, 7, 6.9999999997, 6.9999945815, 1.9952168218, 5.0000000283, 0.2993748246, 0.035586201949, 10, 11, 13, 9, 0.86500647365, 14, 5.9999999988, 13, 6, 10, 1.9938394323, 4.999998158, 11, 1.7127155995, 8, 8, 4.9999999815, 7, 1.0232034354, 0, 37, 12, 2.9974666716, 6, 3.7894895211, 1.4321365839, 0.21378672202, 2.9999604894, 3.9999996944, 5.9999914401, 5, 5, 10, 2.8519647185, 0.80548290458, 4.8409258954, 1.1322080376, 6.9999994462, 0.95568977861, 23, 18, 11, 42, 15],
      [2.9901576943, 0.51250069732, 11.0007427443, 8, 30, 16.9999999996, 10.9999641211, 1.9998000011, 11.9999999623, 0.63419264228, 0.36315811409, 29, 30, 27, 32, 1.5594992366, 37, 15.0000000007, 48, 19, 25, 2.9990790837, 8.0000016336, 31, 1.828392703, 21, 21, 12.0000000296, 12, 1.1386036454, 0, 80, 25, 5.9875865, 19, 2.1218010594, 0.84272071469, 0.61950933403, 5.0000161755, 9.0000008595, 11.0000257098, 16, 18, 27, 5.4637238871, 1.5746463442, 3.0429269848, 0.33904510137, 12.0000000352, 1.5121244056, 76, 35, 27, 94, 30],
      [3.9902133229, 0.42217037003, 20.0005708228, 7, 41, 38.0000000008, 30.000051197, 3.9949117662, 9.9999999903, 1.019719777, 0.83153139656, 69, 85, 57, 56, 1.6754025475, 63, 31.9999999985, 71, 32, 42, 4.0007310311, 16.9999996429, 52, 1.7475437829, 57, 56, 28.9999999741, 38, 6.9884599055, 0, 213, 43, 4.0104900513, 43, 6.1258917949, 3.2771970684, 1.2700001118, 7.9999965738, 13.0000000277, 27.000029953, 32, 24, 51, 9.8345567883, 2.0141038321, 8.9996121674, 1.0279859382, 22.0000002748, 1.3306459127, 140, 65, 48, 137, 46],
      [6.0552485453, 1.0653289327, 20.0000209107, 20, 83, 27.9999999998, 21.9999984917, 3.0063793474, 18.0000000001, 0.87411237566, 0.66983213473, 59, 84, 66, 65, 2.9000917422, 77, 44.0000000016, 128, 49, 39, 4.0083507218, 10.999999202, 70, 0.71134791464, 51, 41, 20.0000000185, 37, 0.57234373201, 0, 191, 52, 9.9922867536, 49, 6.932793523, 2.8946345672, 0.49524163344, 10.0000105178, 28.9999994293, 17.9999443405, 28, 38, 44, 2.7833171995, 2.4155920665, 5.0178026443, 0.50076092283, 23.000000196, 1.201539903, 162, 72, 34, 118, 39],
      [0.013772912868, 0, 4.7950690552e-05, 6.1653039056e-13, 5, 2, 0.99999160868, 0.0036920634462, 1.0000000192, 0.17260038049, 0.099892152677, 7, 5, 5, 6, 0, 4, 2.0000000003, 3, 2, 3, 0.99799973109, 1.0000013635, 4, 0, 5, 5, 3.9999999963, 2, 0.27738928172, 0, 7, 4, 0.012170023609, 4, 1.0300241016, 0.55331106579, 0.40146219875, 1.0000162435, 0.99999998915, 5.0000085566, 6, 2, 4, 1.0664374066, 0.19017485264, 0.098732308087, 0, 4.7781185284e-08, 0, 15, 2, 4, 11, 3]
    ],
    [
      [0.94734894795, 0, 5.000024007, 3.0000000001, 11, 5.9999999998, 7.0000137173, 2.0048172621, 5.0000000049, 0.54809378657, 0.22300511856, 20, 21, 20, 16, 0.51799881155, 16, 5.9999999999, 12, 6, 10, 1.0050612996, 4.99999828, 19, 1.3486200952, 19, 19, 6.9999999889, 12, 1.0036741752, 0.20743826476, 38, 11, 2.0340545364, 13, 2.1712712209, 0.79233420299, 0.83341985345, 2.0000070148, 3.0000003817, 10.9999999967, 9, 8, 22, 1.6100482891, 0.56272458283, 3.1487778087, 2.7122041319, 7.0000002314, 1.7837333012, 49, 15, 20, 68, 18],
      [5.9539059746, 1.0415112133, 14.9998440742, 27, 69, 18.0000000001, 15.9999657686, 8.9965361428, 22.9999999899, 1.5491937655, 1.7649979198, 70, 68, 56, 70, 0.88367916868, 51, 24.0000000001, 62, 30, 29, 8.9921447619, 14.0000008919, 62, 2.0418879248, 71, 61, 27, 43, 1.4787468394, 1.2738172986, 91, 31, 7.9782312494, 49, 4.7288029403, 0.79802399612, 2.2364709988, 14.0000029702, 16.0000004811, 37.9999828468, 38, 36, 61, 5.233508435, 1.7174587829, 7.6601905743, 1.1465000569, 19.9999995749, 5.7794276365, 191, 34, 51, 157, 41],
      [5.9997676797, 0.88790726659, 23.0001423409, 20.9999999999, 93, 37.9999999996, 38.9999802879, 25.0030668787, 21.0000000189, 2.3764375412, 5.205808262, 162, 186, 112, 120, 0.86596021332, 86, 48.0000000004, 90, 48, 47, 8.9982572172, 29.0000018074, 102, 1.9652792766, 189, 163, 62.000000037, 121, 9.4597902296, 0.69016853806, 237, 49, 8.0165609849, 110, 10.6147903118, 3.1458015505, 4.3093772757, 19.9998661474, 19.9999991641, 81.0000171299, 80, 48, 114, 8.5297802622, 2.1184476923, 15.0816305797, 3.4523008041, 33.0000003123, 5.3130343966, 343, 64, 94, 228, 62],
      [8.0305916449, 2.0705815202, 21.9989211232, 60, 185, 28.0000000006, 29.0000097843, 16.9951361439, 34.9999999862, 2.0456408353, 5.6641694288, 139, 185, 129, 140, 1.7323618065, 103, 65.9999999992, 160, 73, 43, 8.9955522542, 17.9999994675, 137, 0.64421270338, 170, 119, 43.9999999704, 120, 0.68153888931, 0.68740772333, 212, 60, 14.9701245304, 124, 11.2860471256, 2.7761835763, 1.9906985038, 25.0000888849, 43.999999823, 55.0000128499, 68, 74, 99, 1.8939477587, 2.4110414642, 7.990177615, 1.6889950071, 33.999999915, 3.1238046657, 398, 69, 66, 196, 52],
      [1.0683857529, 0, 0.0010684547814, 1, 11, 2, 1.0000304419, 4.0004435725, 3.0000000001, 0.48063407146, 1.1420192708, 17, 11, 9, 13, 0, 6, 3.0000000003, 4, 3, 3, 2.0089844671, 2.9999995532, 9, 0, 18, 17, 9.0000000037, 9, 0.37624986653, 0.14116817527, 8, 5, 1.0010286989, 10, 2.1990884015, 0.48765667407, 1.6300333683, 2.0000349825, 2.0000001501, 13.9999871768, 14, 4, 10, 0.73271525507, 0.19032747771, 1.1192234223, 0, 0.9999999664, 0, 39, 2, 9, 18, 4]
    ],
    [
      [1.0226359256, 0, 9.0005263965, 13.9999999998, 33, 11.0000000002, 8.9999786217, 1.9995188505, 18.9999999618, 1.0402211089, 0.51798670172, 26, 29, 36, 26, 1.2534150725, 43, 15, 42, 15, 19, 2.9977240946, 9.0000008953, 44, 2.3956894778, 20, 20, 8.0000000259, 15, 0.91148137424, 0.56323085485, 74, 28, 7.9495418077, 17, 3.9723329051, 1.5189511507, 0.62886070315, 6.000011605, 9.9999999758, 12.0000128399, 13, 19, 27, 2.1463819084, 1.4272261589, 3.9746167184, 1.1555878305, 14.0000001609, 1.9839251362, 91, 39, 29, 119, 33],
      [9.9484743809, 4.9888914873, 22.999053129, 108.9999999999, 206, 34.0000000002, 20.0000868665, 7.0019615337, 87.000000025, 3.3671326393, 3.4737071386, 93, 94, 94, 119, 2.6627393352, 130, 52.9999999979, 197, 74, 59, 17.0016902848, 24.999998767, 148, 4.0235855258, 75, 61, 29.9999999815, 52, 1.2788417123, 4.527906202, 171, 70, 27.0325406418, 73, 4.9451768136, 1.1530573087, 2.3713298494, 27.0000654217, 44.9999989476, 38.9999743269, 55, 104, 84, 5.7668389147, 3.8854226408, 8.2073422706, 0.51445484177, 34.0000000808, 7.9674445751, 346, 81, 72, 272, 78],
      [15.9199725208, 4.2448697095, 42.9991993754, 94.0000000001, 281, 75.9999999998, 56.9999839852, 25.000814146, 78.000000009, 5.0188172024, 7.774238356, 219, 267, 199, 208, 3.2087497283, 225, 113.0000000016, 295, 125, 101, 21.9927560771, 54.999998149, 245, 3.3269534431, 206, 171, 72.9999999815, 151, 7.8100183647, 2.2095631646, 458, 124, 26.9578570198, 163, 16.1209437291, 4.3768433528, 4.7826113174, 47.0000335393, 59.0000004881, 93.9999614837, 117, 138, 157, 9.7070276789, 5.0391906247, 21.7193791057, 1.5197132576, 63.9999993883, 6.8102711983, 632, 154, 135, 399, 117],
      [19.0553897349, 10.7662388032, 42.0015286569, 259.0000000002, 558, 55.9999999999, 40.9999643058, 15.9986276261, 140.0000000234, 4.4957740736, 8.9262505068, 188, 263, 228, 241, 5.875095864, 271, 156.0000000013, 528, 187, 91, 24.0087585661, 33.0000026505, 328, 1.2537715533, 183, 124, 52.0000000185, 149, 0.68286852922, 2.2689287639, 408, 147, 54.0534463931, 183, 18.0232440825, 4.3081686041, 2.4008043391, 58.9999430852, 130.0000009757, 61.0000471096, 101, 213, 133, 3.5379386617, 6.2165651695, 12.2124662769, 0.81024407008, 63.0000002169, 5.2383590904, 731, 173, 98, 343, 98],
      [2.0535274378, 0, 0.99969244218, 6, 34, 3.9999999998, 1.9999862208, 2.9990778438, 11.9999999808, 1.0780549758, 1.3078172969, 23, 16, 17, 23, 0, 16, 6.9999999992, 14, 9, 7, 4.9990709773, 4.9999995382, 21, 0, 19, 17, 9.9999999926, 11, 0.31679001956, 0.4303710146, 15, 13, 4.0066141376, 16, 2.9383024697, 0.64297958372, 1.8163937909, 4.9999463489, 5.9999996128, 16.0000042399, 22, 12, 13, 0.84181283629, 0.43159540617, 1.8861956284, 0, 2.0000001531, 0, 71, 6, 13, 33, 8]
    ],
    [
      [0.057316795919, 0, 0.00041324712869, 6.644341395e-13, 1, 9.4924999232e-11, 1.1033727562e-05, 0.00026575005604, 9.4499808395e-09, 0.065430006045, 0.15637922531, 3, 2, 2, 1, 0.19442271191, 2, 0.99999999985, 2, 5.3430238193e-13, 1, 0.001502508138, 1.0000017782, 3, 0.36025508005, 2, 3, 1, 1, 0.061641015176, 0.042640211439, 4, 2, 0.0098806149292, 1, 0.010161130424, 0.094658707037, 0.28127394227, 3.8932510445e-05, 5.2838538014e-11, 6.6818613889e-09, 2, 1, 2, 0.061255427151, 0, 0.022549742642, 0, 1.0000000221, 0.20594567787, 7, 2, 3, 6, 1],
      [1.0527252881, 0.45709660215, 2.0006593, 4, 8, 3, 0.99999615707, 1.9990468839, 2.9999999904, 0.18314984971, 0.80548636639, 11, 7, 7, 7, 0.58423264971, 6, 3.0000000014, 10, 3, 4, 2.0048473363, 2.9999990603, 11, 0.71102498888, 9, 9, 6.0000000111, 5, 0.10380780292, 0.41699271881, 11, 6, 1.0053884257, 8, 0.0099042701941, 0.062625797252, 0.63318702636, 1.9999609506, 1.184540985e-07, 3.0000042733, 8, 9, 8, 0.31018927083, 0, 0.075593403218, 0, 2.9999999664, 1.5289607996, 27, 4, 7, 14, 2],
      [0.97976755195, 0.44505265389, 3.000763163, 4.0000000001, 13, 6, 4.9999878257, 6.0015118862, 2.9999999999, 0.33814662639, 2.2822000651, 26, 21, 15, 12, 0.65354069824, 11, 7.0000000005, 15, 6, 7, 3.0033827693, 7.0000008695, 18, 0.65585226662, 25, 25, 13.9999999852, 17, 0.74173150025, 0.29514480146, 30, 11, 0.99837217883, 19, 0.026114747686, 0.42473714343, 1.3901712002, 4.0000370284, 1.0000000415, 5.9999957234, 17, 13, 16, 1.2239490062, 0, 2.0775288392, 0, 5.000000098, 1.1146417478, 50, 8, 14, 21, 6],
      [3.897575523, 1.097850744, 4.998199222, 13, 25, 6.9999999997, 5.0000049271, 6.0009210954, 5.0000000095, 0.34389665101, 2.3881199063, 22, 23, 21, 17, 1.5678039401, 15, 11.9999999982, 28, 9, 9, 4.9877158461, 6.9999978217, 26, 0.27286766445, 25, 20, 11.0000000111, 18, 0.063248849456, 0.20267620837, 29, 17, 3.986139484, 22, 1.8329036093, 0.34006881041, 0.8846667492, 5.9999406129, 1.9999998398, 6.9999957, 16, 20, 15, 0.38683266567, 0, 2.8196990286, 0, 7.9999998896, 1.1504517747, 61, 9, 11, 20, 3],
      [0.012614841018, 0, 0.99996506788, 0.99999999998, 1, 2.1583118836e-10, 5.6393735752e-08, 1.9982543845, 1.9999999907, 0.06937686684, 0.36781443696, 4, 2, 1, 1, 0, 1.2072556465e-20, 6.1697109274e-11, 1, 4.6940031405e-13, 1.2786227295e-14, 0.0025515400671, 4.7034267292e-07, 1, 0, 2, 2, 2.9999999926, 1, 0.029570832196, 0.042546059922, 1, 1, 0.00021929661597, 1, 0.12091624238, 0.077909541874, 0.81070108199, 1.0000224757, 2.2036770814e-10, 1.0000042967, 3, 1, 2, 0.017773630115, 0, 0.004628986324, 0, 2.3842052933e-08, 0, 5, 1, 2, 1, 2.6614197442e-17]
    ],
    [
      [0.022090805941, 0, 0.00041877793561, 1.0000000001, 3, 1.0000000002, 1.0000020458, 0.0001813154888, 1.9999999956, 0.046880273899, 0.067042752464, 4, 3, 5, 3, 0.16915693041, 2, 1.3734464427e-09, 2, 1, 1, 0.0018726653526, 1.0000008886, 3, 0.18271974744, 3, 3, 2.0000000037, 1, 0, 0.18669066896, 6, 4, 0.0090563693107, 2, 0.056745222456, 0.16191935535, 0.042658779105, 0.99998195826, 0.99999994795, 1.9999957167, 2, 1, 4, 0.33034965689, 0.20456635374, 0.013129834805, 0, 1.0000001394, 0.070706106126, 11, 3, 4, 14, 3],
      [2.0547366621, 0, 1.9997007525, 9.0000000001, 21, 4.0000000001, 2.9999870866, 1.0026554385, 10.0000000325, 0.26633110322, 0.59265046108, 15, 12, 14, 15, 0.3098496098, 8, 2.9999999999, 13, 6, 5, 1.0022385332, 1.9999996472, 12, 0.3951088575, 13, 11, 6.9999999778, 5, 0, 1.7812837806, 14, 9, 0.99625318324, 12, 0.19431491646, 0.14357218328, 0.1395027914, 4.9999544821, 4.9999995934, 7.0000128432, 8, 9, 13, 0.22573949242, 0.82247223207, 1.013946767, 0, 3.0000003426, 0.21204258314, 44, 6, 10, 32, 8],
      [3.1102789247, 0, 2.9993242979, 7, 30, 8.9999999998, 7.9999967042, 3.999695323, 8.9999999819, 0.24687885303, 1.9062219204, 36, 34, 29, 26, 0.59634681266, 14, 6.999999999, 20, 10, 10, 2.0048729053, 5.9999995311, 21, 0.30437123087, 37, 31, 17.0000000222, 17, 0, 0.80512349589, 37, 17, 1.0167197652, 27, 1.1122594165, 0.7754208849, 0.24784009501, 8.0000667111, 8.0000002787, 17.99999571, 17, 13, 24, 0.70468626431, 0.82825785094, 2.121849308, 0, 5.9999999266, 0.43140674454, 80, 12, 18, 48, 12],
      [4.9611945519, 0, 3.0013300872, 20.9999999999, 60, 6, 6.0000224911, 2.9989357873, 15.9999999808, 0.24057606445, 2.3516280234, 31, 34, 33, 31, 0.92464664713, 18, 9.9999999997, 36, 16, 9, 1.9996226117, 3.0000008583, 28, 0.1178001642, 34, 22, 11.9999999815, 17, 0, 0.84098730436, 33, 20, 3.998002839, 31, 1.9250116597, 0.68094444193, 0.22858877444, 10.0000168992, 17.9999999322, 12, 15, 21, 21, 0.3979637145, 0.95680129976, 0.95985443523, 0, 5.9999997824, 0.28584456619, 93, 13, 13, 41, 12],
      [2.8516990554, 0, 1.9992260845, 2, 5, 1.9999999999, 0.99999167228, 1.9985321357, 2.0000000092, 0.19933370539, 1.0824568427, 5, 4, 4, 5, 0, 3, 2.0000000001, 3, 3, 3, 2.9913932845, 2.9999990747, 4, 0, 5, 6, 3.0000000148, 4, 0, 0.38591475021, 3, 4, 1.9799678432, 5, 2.7116687849, 0.23814313455, 0.34140956005, 1.9999799493, 2.0000002477, 4.9999957301, 5, 2, 3, 0.34126087189, 0.18790226349, 1.8912196549, 0, 1.9999998089, 0, 12, 2, 3, 6, 2]
    ]
  ],
  "prob": [
    [0.075132382521, 0.18102274789, 0.34822110739, 0.36947442632, 0.026149335877],
    [0.056813900412, 0.18638889381, 0.35404368373, 0.37138162454, 0.031371897513],
    [0.055317801485, 0.18542615797, 0.3400009627, 0.3896895071, 0.029565570746],
    [0.040924584575, 0.16880288584, 0.34567748325, 0.41264171302, 0.031953333316],
    [0.046410339697, 0.17473035641, 0.33765337423, 0.37505390021, 0.066152029448]
  ],
  "iterations": 2,
  "time": 0.055712,
  "message": "Converged",
  "status": 0,
  "miniter": 0,
  "maxiter": 1000,
  "maxtime": 3600,
  "param_threshold": 0.001,
  "ll_threshold": "-Inf",
  "initial_prob": "group_proportional",
  "candidates_id": ["HUGHES, Gareth Thomas Llewellyn.c", "SHANKS, Katrina May.c", "CHAUVEL, Charles Pierre.c", "DUNNE, Peter Francis.c", "Other candidates votes.c"],
