{
  "Z_true": {},
  "V_true": [
    [32, 133, 1003, 125],
    [309, 372, 12586, 598],
    [334, 12281, 547, 406],
    [1049, 760, 577, 118],
    [123, 1025, 683, 768]
  ],
  "p_true": [
    [0.0247, 0.1029, 0.7757, 0.0967],
    [0.0223, 0.0268, 0.9078, 0.0431],
    [0.0246, 0.9051, 0.0403, 0.0299],
    [0.4189, 0.3035, 0.2304, 0.0471],
    [0.0473, 0.3944, 0.2628, 0.2955]
  ],
  "Z_est": [
    [
      [0.0768, 0, 1.8057, 2.4972, 1.3062, 1.8825, 2.4588, 1.0373, 0.8068, 1.5368, 1.8057, 1.6136, 0.3842, 0.3458, 3.2272, 0.3842, 1.4215, 0.9605, 2.0362, 2.0362, 0.4994, 1.1141, 0.8452, 0, 1.5368, 0.4226, 0, 0.6147, 1.191, 0.6531, 1.1141, 0.6147, 0.1921, 0.461, 1.6904, 0.1153, 3.2656, 0.5379, 5.1866, 1.1141],
      [0.0033, 0.6065, 2.3113, 4.793, 0.0567, 3.2401, 3.074, 1.454, 1.2954, 1.3145, 4.3651, 4.7546, 0.3988, 1.3555, 10.759, 2.4938, 1.6737, 1.6716, 2.2676, 2.3572, 0.3619, 0.0484, 0.0367, 5.3096, 0.5399, 0.0184, 0.0401, 1.8357, 0.0517, 0.0284, 2.2457, 1.3756, 0.0083, 1.2517, 6.8944, 0.005, 7.1211, 0.9177, 6.0523, 0.7529],
      [0.6069, 4.3925, 17.4129, 31.0541, 15.3605, 25.16, 29.2503, 10.5013, 6.3727, 23.8251, 19.526, 22.3576, 4.3915, 5.8835, 40.0232, 4.1082, 15.4342, 11.7534, 25.7296, 30.8939, 3.945, 8.8004, 6.6762, 6.1431, 19.527, 3.3381, 0.3035, 7.6042, 14.2183, 5.1588, 14.2186, 6.9772, 1.5173, 4.9677, 18.567, 0.9104, 40.8428, 7.6366, 65.8629, 20.2805],
      [1.3129, 2.001, 25.4701, 26.6557, 17.2765, 18.7174, 29.2168, 14.0073, 12.5251, 13.3236, 21.3032, 13.2742, 4.8256, 1.4153, 29.9906, 3.0139, 18.4705, 10.6145, 22.9666, 17.7127, 8.1936, 19.0371, 14.4419, 3.5473, 18.3964, 7.221, 0.6565, 5.9454, 15.539, 11.1597, 11.4215, 7.0324, 3.2823, 5.3196, 16.8481, 1.9694, 33.7704, 4.9078, 57.8982, 6.8525]
    ],
    [
      [0.1027, 0.2054, 14.4244, 7.6014, 11.4, 5.2388, 21.9399, 15.5344, 4.1704, 2.568, 6.3687, 5.066, 0.5136, 0.319, 4.6225, 3.0676, 8.0043, 3.4925, 6.9996, 6.7821, 4.9671, 6.5742, 4.9306, 0.4109, 11.2287, 3.9373, 0, 2.928, 8.5753, 7.8692, 8.417, 2.9789, 51.9751, 3.6535, 4.601, 4.6379, 18.6298, 7.1393, 21.7626, 1.2162],
      [0.2372, 0.2827, 3.5492, 25.2136, 4.762, 19.1716, 4.7165, 8.5097, 4.0157, 1.9834, 16.7807, 1.9595, 0.6074, 0.8078, 12.0023, 1.7831, 2.5623, 6.7931, 3.4638, 7.5037, 1.4222, 4.6881, 25.2205, 0.7049, 15.759, 7.7424, 1.876, 0.9599, 25.9502, 3.2757, 16.6151, 2.4461, 3.1306, 1.0415, 2.7908, 0.8066, 16.0352, 0.8541, 9.2622, 2.149],
      [22.117, 33.0241, 571.4989, 730.819, 437.8299, 479.7457, 655.5446, 342.8057, 221.8628, 213.6839, 604.8112, 179.6057, 105.7872, 23.4311, 592.4879, 61.9325, 306.1573, 328.2919, 542.6464, 406.7265, 239.7494, 664.1963, 550.0574, 52.8524, 481.1837, 263.9182, 8.4777, 87.4137, 338.1469, 302.4494, 350.7876, 123.7973, 68.725, 76.9054, 256.1934, 110.1334, 630.8355, 103.8406, 898.7439, 98.7186],
      [2.5431, 1.4878, 37.5275, 29.366, 24.0082, 19.8439, 40.799, 21.1502, 21.9512, 12.7647, 23.0394, 11.3688, 7.0918, 0.4422, 32.8873, 1.2168, 31.2761, 11.4224, 29.8901, 13.9876, 14.8613, 34.5415, 33.7914, 1.0318, 25.8285, 19.4021, 1.6463, 5.6983, 21.3275, 17.4057, 11.1803, 7.7777, 8.1692, 5.3996, 18.4148, 4.4221, 36.4995, 4.166, 75.2313, 1.9161]
    ],
    [
      [0.1082, 0.2164, 10.1774, 8.007, 9.5309, 5.5184, 31.0085, 11.3108, 4.6768, 3.3074, 6.7086, 7.2466, 0.541, 0.3246, 4.8691, 2.7811, 11.5248, 5.2047, 8.4981, 8.1071, 3.7156, 8.4569, 5.1938, 0.4328, 11.7442, 2.7051, 0, 3.7651, 7.8851, 5.729, 8.4687, 3.1379, 44.666, 4.0234, 3.5707, 5.362, 19.6685, 5.5178, 19.3182, 1.082],
      [21.0482, 14.8798, 324.0145, 861.8139, 508.0815, 458.636, 432.396, 195.4928, 180.7797, 183.094, 615.4669, 220.1072, 55.9331, 30.8244, 655.5874, 144.5742, 236.8029, 230.9943, 302.9597, 329.0505, 95.5389, 429.3389, 341.4092, 181.0668, 573.1652, 333.5545, 9.4398, 274.5337, 520.7005, 356.7954, 524.1472, 335.9062, 95.0512, 227.7842, 296.8436, 74.1497, 1005.2773, 77.5587, 861.2406, 103.9006],
      [0.4099, 0.2321, 11.369, 13.8468, 10.7958, 5.8005, 7.4019, 1.6615, 1.4923, 3.8969, 4.923, 3.1488, 0.9953, 0.5103, 15.1111, 5.7364, 4.0012, 2.0145, 3.227, 2.6769, 7.1637, 10.7846, 2.7692, 6.7055, 12.07, 3.6823, 0.1546, 9.4902, 3.1936, 7.1215, 7.0695, 8.2961, 0.7848, 5.3931, 2.4787, 1.5865, 6.224, 0.6615, 26.1599, 8.5414],
      [3.4338, 0.6717, 20.4391, 10.3323, 9.5918, 10.0451, 15.1935, 7.5348, 7.0513, 5.7017, 12.9014, 5.4974, 3.5305, 0.3406, 13.4323, 0.9083, 9.6711, 5.7866, 11.3153, 8.1655, 4.5817, 12.4196, 10.6278, 0.7948, 9.0206, 11.0581, 0.4056, 2.211, 10.2209, 10.3541, 4.3146, 3.6598, 2.4979, 3.7994, 10.107, 1.9018, 12.8303, 2.262, 38.2813, 1.476]
    ],
    [
      [0.4232, 1.3024, 34.3779, 48.871, 41.5753, 31.065, 62.8297, 29.2981, 16.0826, 13.5435, 36.3201, 15.3002, 2.5719, 1.4975, 24.2871, 7.4549, 23.1784, 18.7201, 30.7005, 28.1286, 9.9612, 38.0274, 29.3609, 2.4336, 34.0204, 13.5435, 0, 10.2548, 27.6726, 29.1061, 26.1094, 18.1572, 49.0222, 10.678, 17.8409, 12.8267, 54.7892, 12.2724, 54.4628, 4.9158],
      [0.2568, 0.457, 9.7685, 29.4324, 25.193, 13.0843, 14.5843, 6.7676, 6.1017, 4.971, 22.7442, 3.8476, 1.3382, 0.1587, 2.6984, 3.5725, 6.7754, 6.6267, 9.421, 9.6536, 2.8413, 15.4511, 11.5642, 4.407, 11.2317, 2.5276, 0.329, 5.169, 13.2669, 13.4398, 9.6916, 18.4776, 4.9711, 6.3324, 6.9451, 3.2651, 19.5539, 2.6421, 21.6086, 2.4711],
      [0.1925, 2.0328, 41.2979, 65.8013, 46.8534, 46.4761, 75.1863, 32.5431, 19.5679, 17.5934, 65.9726, 16.9796, 2.6359, 2.1553, 37.4025, 7.1386, 25.0562, 25.1837, 40.707, 36.6074, 9.9111, 53.2561, 42.8619, 5.5739, 41.4741, 19.9686, 0.602, 10.3167, 31.4614, 37.6146, 31.0433, 17.8534, 18.7681, 9.6903, 22.6885, 16.0301, 59.9451, 12.7854, 53.4992, 4.9691],
      [0.1275, 0.2079, 4.5556, 6.8953, 5.3784, 4.3746, 7.3996, 3.3912, 2.2478, 1.8921, 5.9631, 1.8726, 0.4539, 0.1884, 3.612, 0.834, 2.99, 2.4695, 4.1716, 3.6105, 1.2863, 5.2655, 4.213, 0.5855, 4.2739, 1.9603, 0.069, 1.2595, 3.5991, 3.8395, 3.1557, 2.5118, 3.2386, 1.2993, 2.5255, 1.878, 6.7117, 1.3001, 7.4294, 0.644]
    ],
    [
      [0.2891, 0.2758, 10.2145, 7.0234, 10.1876, 7.2954, 16.763, 8.8193, 5.2634, 4.0444, 10.7969, 4.7736, 0.9893, 0.5131, 7.9941, 2.3122, 6.871, 5.6222, 9.7656, 7.946, 3.8566, 9.8274, 7.6695, 0.7227, 9.47, 4.3915, 0, 3.4374, 7.676, 7.6425, 7.8907, 4.1113, 17.1446, 3.1841, 5.2969, 3.0581, 19.6469, 3.5326, 18.2698, 1.6717],
      [3.4545, 1.7741, 34.3564, 90.7471, 33.9069, 34.868, 42.2291, 23.7759, 26.8075, 17.637, 58.643, 17.3312, 5.7225, 2.8536, 48.9528, 10.5764, 22.1856, 26.9142, 46.8879, 31.435, 13.8356, 40.4736, 33.7693, 3.5116, 30.3043, 24.1572, 0.3152, 20.5017, 30.0307, 34.4607, 36.3005, 16.7945, 14.8387, 14.5902, 25.5262, 6.7736, 121.0125, 8.0275, 77.8363, 8.7264],
      [4.6737, 2.3184, 35.4213, 55.4789, 30.1604, 14.8177, 33.6168, 27.4884, 21.7043, 17.0008, 45.7672, 13.9083, 6.19, 2.0198, 39.9752, 6.0844, 17.351, 23.7566, 42.6901, 29.0952, 21.2308, 36.9626, 30.6354, 3.725, 30.7452, 18.0928, 0.4622, 10.1752, 23.9797, 23.6557, 25.881, 11.076, 11.2047, 8.0436, 19.0724, 4.3396, 63.1526, 7.0758, 63.734, 6.4905],
      [1.5828, 0.6317, 12.0077, 17.7506, 9.7451, 8.0189, 13.3911, 7.9164, 7.2247, 5.3178, 13.7929, 4.987, 2.0982, 0.6135, 13.0779, 2.027, 7.5923, 6.707, 12.6564, 8.5237, 5.0771, 11.7364, 9.9258, 1.0407, 9.4806, 6.3585, 0.2226, 3.8857, 8.3135, 8.2411, 7.9278, 4.0183, 4.812, 3.1821, 7.1046, 1.8287, 23.188, 2.3641, 24.1599, 2.1114]
    ]
  ],
  "V_est": [
    [48.792, 85.1415, 601.5329, 557.5336],
    [304.8541, 269.4355, 12567.9351, 722.7752],
    [304.1104, 12719.9391, 229.5821, 314.3685],
    [922.9833, 353.639, 1107.6966, 119.6811],
    [266.2602, 1142.8449, 889.2533, 300.6417]
  ],
  "p_est": [
    [0.0377, 0.0658, 0.4652, 0.4312],
    [0.022, 0.0194, 0.9065, 0.0521],
    [0.0224, 0.9375, 0.0169, 0.0232],
    [0.3686, 0.1412, 0.4424, 0.0478],
    [0.1024, 0.4397, 0.3422, 0.1157]
  ],
  "EI_Z": {},
  "EI_V": 5.9499,
  "MAE_Z": {},
  "MAE_V": 201.2776,
  "MAE_p": 0.0781,
  "runtime": 1.167
}
