{
  "X": [
    [172, 607, 17],
    [49, 42, 12],
    [506, 1221, 52],
    [330, 710, 63],
    [409, 831, 43],
    [399, 941, 68],
    [397, 743, 51],
    [33, 208, 2],
    [23, 124, 3],
    [20, 13, 0],
    [82, 227, 10],
    [26, 104, 5],
    [28, 122, 7],
    [81, 249, 2],
    [21, 41, 1],
    [58, 159, 3],
    [8, 0, 0],
    [174, 90, 12],
    [29, 105, 6],
    [16, 121, 5],
    [12, 16, 2],
    [35, 157, 2],
    [33, 62, 3],
    [26, 136, 7],
    [150, 163, 18],
    [236, 211, 34],
    [292, 413, 39],
    [38, 51, 1],
    [15, 33, 0],
    [4, 1, 2],
    [268, 703, 16],
    [131, 145, 14],
    [190, 116, 15],
    [324, 519, 31],
    [280, 307, 22],
    [450, 595, 43],
    [200, 402, 18],
    [498, 729, 47],
    [288, 433, 28],
    [196, 376, 14],
    [303, 498, 18],
    [7, 27, 1],
    [195, 493, 31],
    [21, 69, 2],
    [29, 60, 4],
    [146, 166, 5],
    [333, 111, 20],
    [405, 55, 9],
    [353, 128, 26],
    [259, 45, 12],
    [276, 79, 15],
    [698, 314, 63],
    [98, 63, 7],
    [451, 302, 24],
    [57, 13, 3],
    [377, 364, 31],
    [26, 35, 4],
    [21, 79, 2],
    [145, 194, 14],
    [44, 29, 3],
    [28, 117, 2],
    [44, 69, 5],
    [145, 159, 41],
    [1704, 2917, 140],
    [172, 251, 23],
    [772, 1126, 121],
    [130, 222, 6]
  ],
  "W": [
    [34, 40, 114, 585, 14, 9],
    [3, 8, 34, 41, 11, 6],
    [74, 86, 400, 1090, 70, 59],
    [49, 55, 257, 634, 60, 48],
    [53, 68, 301, 750, 68, 43],
    [93, 59, 318, 803, 74, 61],
    [47, 49, 312, 660, 73, 50],
    [9, 3, 23, 194, 6, 8],
    [9, 3, 22, 112, 1, 3],
    [1, 1, 19, 12, 0, 0],
    [17, 15, 56, 192, 31, 8],
    [9, 5, 17, 91, 6, 7],
    [10, 4, 23, 113, 1, 6],
    [10, 10, 50, 242, 11, 9],
    [6, 1, 14, 39, 1, 2],
    [12, 3, 47, 143, 9, 6],
    [0, 0, 6, 1, 0, 1],
    [5, 5, 135, 85, 24, 22],
    [3, 2, 16, 112, 1, 6],
    [16, 5, 8, 101, 6, 6],
    [2, 2, 8, 12, 3, 3],
    [14, 5, 21, 142, 6, 6],
    [2, 3, 26, 58, 8, 1],
    [20, 5, 19, 115, 7, 3],
    [10, 6, 113, 156, 22, 24],
    [20, 18, 160, 208, 39, 36],
    [29, 33, 209, 394, 48, 31],
    [2, 4, 25, 50, 5, 4],
    [2, 3, 7, 31, 3, 2],
    [0, 2, 3, 2, 0, 0],
    [24, 66, 164, 673, 35, 25],
    [6, 20, 98, 137, 19, 10],
    [11, 18, 123, 114, 26, 29],
    [23, 29, 210, 534, 39, 39],
    [15, 26, 207, 293, 33, 35],
    [25, 54, 313, 575, 65, 56],
    [26, 37, 135, 383, 16, 23],
    [43, 70, 342, 707, 64, 48],
    [18, 38, 199, 413, 35, 46],
    [9, 19, 146, 365, 31, 16],
    [19, 46, 198, 500, 23, 33],
    [3, 1, 4, 23, 1, 3],
    [38, 39, 123, 449, 43, 27],
    [6, 0, 14, 68, 1, 3],
    [4, 3, 23, 47, 8, 8],
    [11, 9, 115, 151, 15, 16],
    [7, 8, 270, 124, 30, 25],
    [7, 11, 351, 46, 21, 33],
    [9, 9, 298, 127, 29, 35],
    [3, 5, 208, 43, 35, 22],
    [5, 11, 229, 74, 19, 32],
    [19, 34, 575, 312, 68, 67],
    [4, 6, 78, 58, 6, 16],
    [27, 25, 342, 300, 46, 37],
    [1, 5, 47, 10, 1, 9],
    [21, 37, 261, 345, 73, 35],
    [2, 2, 18, 37, 3, 3],
    [6, 3, 17, 71, 2, 3],
    [13, 20, 102, 182, 16, 20],
    [2, 4, 28, 25, 7, 10],
    [6, 2, 21, 110, 1, 7],
    [7, 3, 31, 62, 10, 5],
    [3, 6, 134, 161, 17, 24],
    [150, 230, 1247, 2730, 237, 167],
    [14, 26, 126, 227, 29, 24],
    [79, 117, 566, 1051, 83, 123],
    [12, 44, 76, 200, 11, 15]
  ],
  "method": "mvn_cdf",
  "mvncdf_method": "genz",
  "mvncdf_samples": 5000,
  "mvncdf_error": 1e-06,
  "cond_prob": [
    [
      [0.022387011035, 0.96718051913, 0.010432469838],
      [0.41177815587, 0.57610181857, 0.012120025557],
      [0.95137541911, 0.0042771364756, 0.044347444415],
      [0.052329602222, 0.93556394936, 0.012106448414],
      [0.64907393485, 0.22615578483, 0.12477028032],
      [0.73238182663, 0.051915675257, 0.21570249811]
    ],
    [
      [0.041832203755, 0.88604434962, 0.07212344663],
      [0.57313403536, 0.36528319813, 0.061582766511],
      [0.85229718633, 0.0016758704605, 0.14602694321],
      [0.094730759984, 0.82421700079, 0.081052239222],
      [0.52954992633, 0.081371723698, 0.38907834997],
      [0.45623311323, 0.014274254174, 0.52949263259]
    ],
    [
      [0.012997421968, 0.97998641153, 0.0070161665059],
      [0.28658190747, 0.70361572935, 0.0098023631795],
      [0.9414103319, 0.0074639160411, 0.051125752063],
      [0.030783140507, 0.96096556389, 0.0082512956016],
      [0.54467592774, 0.33393102024, 0.12139305202],
      [0.68238368588, 0.085172665218, 0.2324436489]
    ],
    [
      [0.014672648631, 0.97030532211, 0.015022029264],
      [0.3111173901, 0.6687087393, 0.020173870602],
      [0.9009967798, 0.0062338322794, 0.092769387917],
      [0.034620903146, 0.94777849661, 0.017600600239],
      [0.51038878851, 0.27345498675, 0.21615622475],
      [0.56901138473, 0.062030852148, 0.36895776312]
    ],
    [
      [0.017357015442, 0.97358152677, 0.0090614577836],
      [0.35008360823, 0.63834168644, 0.011574705331],
      [0.94485341258, 0.0055557989628, 0.049590788458],
      [0.040851225135, 0.94855917858, 0.010589596283],
      [0.59863911375, 0.27233030987, 0.12903057638],
      [0.70316077326, 0.065106514804, 0.23173271194]
    ],
    [
      [0.012196953366, 0.9772794305, 0.010523616131],
      [0.27304608745, 0.71202738921, 0.014926523334],
      [0.91307393571, 0.0076742485367, 0.079251815756],
      [0.028900155626, 0.95871792825, 0.012381916123],
      [0.49822501221, 0.32411058706, 0.17766440073],
      [0.59600155004, 0.078900004736, 0.32509844523]
    ],
    [
      [0.013887468966, 0.97710901964, 0.0090035113913],
      [0.30042247537, 0.68723986828, 0.012337656348],
      [0.93235513865, 0.0068657679074, 0.060779093439],
      [0.032841072205, 0.9565866191, 0.010572308697],
      [0.54406120758, 0.3102413261, 0.14569746632],
      [0.65549849827, 0.076033185741, 0.26846831599]
    ],
    [
      [0.0091414457607, 0.98762269616, 0.0032358580773],
      [0.22224608915, 0.77279478068, 0.0049591301641],
      [0.95660708312, 0.010220259302, 0.03317265758],
      [0.02178535313, 0.97438581658, 0.003828830293],
      [0.50201457885, 0.42530546306, 0.072679958096],
      [0.71827517157, 0.12199348139, 0.15973134704]
    ],
    [
      [0.0077378733612, 0.9871857135, 0.0050764131355],
      [0.19516213449, 0.79677888348, 0.0080589820316],
      [0.92991661333, 0.011162110526, 0.058921276144],
      [0.018462393066, 0.97552079214, 0.0060168147941],
      [0.44495513698, 0.43384553655, 0.12119932647],
      [0.61730323391, 0.11942592176, 0.26327084433]
    ],
    [
      [0.015067394005, 0.98300421825, 0.0019283877455],
      [0.39867810355, 0.59821183128, 0.0031100651676],
      [0.9863441019, 0.002814964491, 0.010840933606],
      [0.036196583473, 0.96150904152, 0.0022943750052],
      [0.76265632606, 0.20238789943, 0.034955774513],
      [0.89703844454, 0.042075976072, 0.060885579389]
    ],
    [
      [0.011418878367, 0.98245784586, 0.0061232757731],
      [0.26241174749, 0.72869677486, 0.0088914776548],
      [0.94147787467, 0.0082154832176, 0.050306642112],
      [0.027117787126, 0.96566185377, 0.0072203591075],
      [0.52483635714, 0.35890659364, 0.11625704922],
      [0.67634844622, 0.09341086334, 0.23024069045]
    ],
    [
      [0.010778633798, 0.98200211561, 0.0072192505955],
      [0.25420619669, 0.73509446936, 0.010699333949],
      [0.93104072756, 0.0080205337145, 0.060938738724],
      [0.025628882871, 0.96584767313, 0.0085234440026],
      [0.50726561266, 0.35160946002, 0.14112492732],
      [0.63618939015, 0.087828968226, 0.27598164162]
    ],
    [
      [0.011944786904, 0.97387153805, 0.01418367505],
      [0.27338006515, 0.70626287863, 0.020357056226],
      [0.88970819695, 0.0068978557888, 0.10339394726],
      [0.028327312701, 0.95496891404, 0.016703773257],
      [0.47099388704, 0.29314809839, 0.23585801457],
      [0.52230748538, 0.065142405504, 0.41255010911]
    ],
    [
      [0.020930212927, 0.97454421857, 0.0045255685063],
      [0.39930473644, 0.59526508676, 0.0054301767969],
      [0.97459998773, 0.0045825232795, 0.020817488994],
      [0.049115870898, 0.94561380535, 0.0052703237507],
      [0.68704202417, 0.25237426663, 0.060583709197],
      [0.82711194403, 0.061428608061, 0.11145944791]
    ],
    [
      [0.043079362159, 0.94877781415, 0.008142823695],
      [0.62215435923, 0.37087525606, 0.0069703847044],
      [0.98170822181, 0.0016879830919, 0.016603795098],
      [0.099379560158, 0.89134167117, 0.0092787686686],
      [0.82704870629, 0.11364741416, 0.059303879548],
      [0.87962223784, 0.024161326856, 0.096216435303]
    ],
    [
      [0.010996096432, 0.98527345286, 0.0037304507109],
      [0.25725945994, 0.73724299303, 0.0054975470322],
      [0.95962965411, 0.0083910716411, 0.031979274247],
      [0.026148355928, 0.9694477505, 0.004403893576],
      [0.54532816076, 0.37899166524, 0.075680173996],
      [0.73964462437, 0.10279937003, 0.1575560056]
    ],
    [
      [0.82981879734, 0.1265789372, 0.04360226546],
      [0, 0, 0],
      [0.99698655244, 3.2416490381e-08, 0.0030134151439],
      [0.97194468163, 0.0032788147488, 0.024776503624],
      [0, 0, 0],
      [0.98864884272, 4.418721366e-09, 0.011351152857]
    ],
    [
      [0.031957233376, 0.95683375709, 0.011209009537],
      [0.50965696618, 0.47907338877, 0.011269645049],
      [0.96344896895, 0.002831717509, 0.033719313537],
      [0.073913015567, 0.91321867971, 0.012868304727],
      [0.72775651254, 0.16722075373, 0.10502273374],
      [0.78902850939, 0.036625677018, 0.17434581359]
    ],
    [
      [0.031856832393, 0.94581824414, 0.022324923464],
      [0.51177579924, 0.46610560581, 0.022118594951],
      [0.93417110476, 0.0026113728113, 0.063217522426],
      [0.073670272766, 0.90073517436, 0.025594552877],
      [0.6617371948, 0.14620131849, 0.19206148671],
      [0.66656710087, 0.029827876566, 0.30360502256]
    ],
    [
      [0.0098560090285, 0.98186356656, 0.0082804244138],
      [0.23649740938, 0.75101965985, 0.012482930766],
      [0.91628092246, 0.0087059432357, 0.075013134308],
      [0.023451843434, 0.96676301352, 0.0097851430441],
      [0.47263316633, 0.36131534594, 0.16605148772],
      [0.58680554613, 0.089618780425, 0.32357567344]
    ],
    [
      [0.011198116608, 0.98269155462, 0.0061103287711],
      [0.28336598677, 0.70702515132, 0.0096088619105],
      [0.9464184863, 0.0053642275401, 0.048217286155],
      [0.026727283692, 0.96603027714, 0.0072424391667],
      [0.57606866746, 0.29239690221, 0.13153443032],
      [0.68317625675, 0.064326455963, 0.25249728729]
    ],
    [
      [0.014569203889, 0.98114037761, 0.0042904184963],
      [0.31653048016, 0.67762690465, 0.0058426151881],
      [0.96598096832, 0.0063377442401, 0.027681287436],
      [0.034495200317, 0.96046379888, 0.0050410008045],
      [0.60983415921, 0.31716369352, 0.073002147269],
      [0.77634422154, 0.080958988694, 0.14269678977]
    ],
    [
      [0.01467184281, 0.97867504222, 0.0066531149659],
      [0.32338023682, 0.66746685004, 0.0091529131434],
      [0.95261558711, 0.0057056155588, 0.041678797333],
      [0.034771082516, 0.95740437225, 0.0078245452368],
      [0.5978785307, 0.29075828142, 0.11136318788],
      [0.7213746169, 0.069376209463, 0.20924917364]
    ],
    [
      [0.011985901195, 0.97388821495, 0.014125883851],
      [0.2732880371, 0.70650955712, 0.020202405782],
      [0.89025087555, 0.0069845101971, 0.10276461425],
      [0.028417998128, 0.95495054021, 0.016631461659],
      [0.47090547646, 0.29522079202, 0.23387373152],
      [0.52394865926, 0.066033514803, 0.41001782593]
    ],
    [
      [0.02479267744, 0.96166130226, 0.013546020302],
      [0.44064563762, 0.54416742457, 0.015186937806],
      [0.9447829569, 0.0036731234844, 0.05154391962],
      [0.057805551451, 0.92651594027, 0.015678508275],
      [0.65400391606, 0.19854138391, 0.14745470003],
      [0.71057615593, 0.043652480426, 0.24577136364]
    ],
    [
      [0.048714882041, 0.91978300858, 0.031502109383],
      [0.60820147938, 0.36697253638, 0.024825984247],
      [0.93741581754, 0.0018140707576, 0.060770111701],
      [0.10961624354, 0.85519522869, 0.035188527761],
      [0.70575853046, 0.10567911772, 0.18856235181],
      [0.69447442316, 0.021176275558, 0.28434930128]
    ],
    [
      [0.029510503193, 0.95128563472, 0.019203862082],
      [0.48017260199, 0.50006910365, 0.019758294358],
      [0.93574154238, 0.0031323476329, 0.061126109984],
      [0.068217662062, 0.90974206414, 0.022040273797],
      [0.65442121486, 0.16962092256, 0.17595786258],
      [0.68284264041, 0.036016743817, 0.28114061577]
    ],
    [
      [0.0307488796, 0.96356435565, 0.0056867647546],
      [0.51445404626, 0.47966379261, 0.0058821611294],
      [0.97995927805, 0.0027089180431, 0.017331803904],
      [0.071596499545, 0.92184125975, 0.0065622407019],
      [0.77262863917, 0.17044029502, 0.056931065813],
      [0.86468112881, 0.037989085342, 0.097329785852]
    ],
    [
      [0.02698256245, 0.96981703447, 0.0032004030758],
      [0.49413418206, 0.50233353778, 0.0035322801605],
      [0.98678333047, 0.0027913801087, 0.010425289419],
      [0.063383346053, 0.93289927848, 0.0037173754642],
      [0.78427330934, 0.18137466524, 0.034352025418],
      [0.90052530863, 0.04066904793, 0.058805643441]
    ],
    [
      [9.3861145106e-14, 1.9347962281e-12, 1],
      [0.74478315562, 0.25521684433, 4.4983514187e-11],
      [1.8212910442e-14, 2.3706365034e-17, 1],
      [1.6408445897e-13, 1.3796364829e-12, 1],
      [4.9600026768e-08, 2.6300991984e-10, 0.99999995014],
      [4.9323899988e-43, 5.6220818586e-43, 1]
    ],
    [
      [0.023132518101, 0.96968592508, 0.0071815568139],
      [0.42021670776, 0.57153105292, 0.0082522393236],
      [0.96569807675, 0.0042325627358, 0.030069360513],
      [0.054043404594, 0.93762661442, 0.0083299809885],
      [0.68163002425, 0.23117535493, 0.087194620822],
      [0.79078805015, 0.054579532358, 0.15463241749]
    ],
    [
      [0.028777596034, 0.95500204674, 0.016220357229],
      [0.47814819217, 0.50486865716, 0.016983150662],
      [0.94375045385, 0.0031492766039, 0.053100269544],
      [0.066708440335, 0.91462699817, 0.018664561495],
      [0.66966994469, 0.17417042436, 0.15615963095],
      [0.70855673545, 0.037356027621, 0.25408723693]
    ],
    [
      [0.063111502634, 0.91565934662, 0.021229150749],
      [0.67635707575, 0.3093090143, 0.014333909949],
      [0.96610344761, 0.0014123632702, 0.03248418912],
      [0.13979485737, 0.83686601248, 0.023339130144],
      [0.79897884412, 0.090352436531, 0.11066871935],
      [0.80968260165, 0.018642370336, 0.17167502801]
    ],
    [
      [0.040696604662, 0.94311265622, 0.016190739116],
      [0.56378949987, 0.42203422558, 0.014176274547],
      [0.95939648804, 0.0023150052529, 0.038288506709],
      [0.092730019766, 0.88895513416, 0.018314846073],
      [0.740419929, 0.13813716321, 0.12144290779],
      [0.77590675879, 0.029480691748, 0.19461254946]
    ],
    [
      [0.027731036946, 0.96151195139, 0.010757011664],
      [0.46697876579, 0.52156925149, 0.011451982724],
      [0.95926219775, 0.0034287627364, 0.03730903951],
      [0.064376357649, 0.92322586897, 0.012397773382],
      [0.69580121541, 0.19291376424, 0.11128502036],
      [0.76865127489, 0.043296751669, 0.18805197344]
    ],
    [
      [0.028916611789, 0.95827903181, 0.0128043564],
      [0.47565430194, 0.51101377236, 0.013331925699],
      [0.95422336274, 0.0033063602162, 0.042470277048],
      [0.066961131489, 0.91831707008, 0.014721798434],
      [0.68933989682, 0.1846961979, 0.12596390528],
      [0.74969262642, 0.040895314136, 0.20941205945]
    ],
    [
      [0.027610815366, 0.96087029332, 0.011518891316],
      [0.46528909269, 0.5224509433, 0.01225996401],
      [0.9566078933, 0.0034441740526, 0.039947932645],
      [0.064089933453, 0.92263645366, 0.013273612888],
      [0.68909843968, 0.19235148363, 0.11855007668],
      [0.75746614569, 0.04298967585, 0.19954417846]
    ],
    [
      [0.033519622877, 0.95157082605, 0.014909551072],
      [0.5130599446, 0.47249551138, 0.014444544029],
      [0.95448006724, 0.0028399440041, 0.042679988755],
      [0.077104840186, 0.90586683831, 0.017028321505],
      [0.70748448053, 0.16264766118, 0.12986785829],
      [0.75334061255, 0.035280601241, 0.21137878621]
    ],
    [
      [0.02440895529, 0.96490414724, 0.010686897473],
      [0.43360591466, 0.55438475107, 0.012009334265],
      [0.9541567351, 0.0039168268254, 0.041926438073],
      [0.05690239445, 0.93072825049, 0.012369355062],
      [0.66723627735, 0.21223238907, 0.12053133358],
      [0.74571347921, 0.048228095645, 0.20605842514]
    ],
    [
      [0.019317474949, 0.97339142973, 0.0072910953203],
      [0.37717029547, 0.61383297347, 0.0089967310596],
      [0.95881515028, 0.0049820870576, 0.036202762665],
      [0.045379216482, 0.94611743536, 0.008503348159],
      [0.64132319904, 0.25895591661, 0.09972088435],
      [0.75762555961, 0.06208800278, 0.18028643761]
    ],
    [
      [0.036765322405, 0.95257490171, 0.010659775885],
      [0.53895168759, 0.45117241143, 0.0098759009817],
      [0.96921579402, 0.0026131990374, 0.028171006941],
      [0.084298905349, 0.90356717862, 0.012133916031],
      [0.7530286389, 0.15705330241, 0.089918058696],
      [0.81635163167, 0.03465619154, 0.14899217679]
    ],
    [
      [0.0086023281829, 0.98827425053, 0.0031234212886],
      [0.22639292001, 0.76850891023, 0.0050981697578],
      [0.96203637241, 0.0072674713847, 0.030696156206],
      [0.020527809233, 0.97576997558, 0.00370221519],
      [0.54444211513, 0.37728276435, 0.078275120513],
      [0.73816276445, 0.093718629193, 0.16811860636]
    ],
    [
      [0.020031307701, 0.96632522728, 0.013643465021],
      [0.3837833194, 0.59968522948, 0.016531451117],
      [0.93167320719, 0.0046735534187, 0.063653239389],
      [0.046943900126, 0.93718085472, 0.015875245152],
      [0.59864217845, 0.23280334336, 0.1685544782],
      [0.66200452139, 0.052357590699, 0.28563788791]
    ],
    [
      [0.02518305837, 0.96656405337, 0.0082528882565],
      [0.46320169506, 0.52755721663, 0.0092410883103],
      [0.96744898746, 0.0032018995278, 0.029349113008],
      [0.059046089745, 0.93137101878, 0.0095828914741],
      [0.71539327155, 0.19140203647, 0.093204691977],
      [0.79656776095, 0.042426675537, 0.16100556351]
    ],
    [
      [0.0049313838715, 0.99231550282, 0.002753113308],
      [0.13280521588, 0.86249319589, 0.0047015882346],
      [0.93243963086, 0.016629003961, 0.05093136518],
      [0.011787819776, 0.98494196093, 0.0032702192989],
      [0.36672095548, 0.54850036004, 0.084778684487],
      [0.60709486219, 0.17494693622, 0.21795820159]
    ],
    [
      [0.018841830362, 0.97633665891, 0.0048215107295],
      [0.37462220902, 0.61932942717, 0.0060483638048],
      [0.97027634573, 0.0050129253886, 0.024710728885],
      [0.044347250253, 0.95001952855, 0.0056332211933],
      [0.66217661779, 0.26832417014, 0.069499212064],
      [0.8050540196, 0.065739063894, 0.12920691651]
    ],
    [
      [0.090850837148, 0.8790491455, 0.030100017356],
      [0.7553701671, 0.22885026016, 0.015779572745],
      [0.96697565162, 0.00094120550602, 0.032083142872],
      [0.19405313427, 0.77403585657, 0.031911009166],
      [0.82547072299, 0.061911694326, 0.11261758268],
      [0.81701819712, 0.012508503695, 0.17047329918]
    ],
    [
      [0.04922949455, 0.93991435071, 0.01085615474],
      [0.6216621276, 0.3696739749, 0.0086638975028],
      [0.97657258049, 0.0018316334518, 0.021595786056],
      [0.11136320273, 0.87644534505, 0.012191452224],
      [0.80868410175, 0.11791380102, 0.073402097228],
      [0.85602370027, 0.025295620947, 0.11868067878]
    ],
    [
      [0.047031434397, 0.93345508305, 0.019513482552],
      [0.60445712041, 0.37970031406, 0.015842565529],
      [0.9582163822, 0.0019164884329, 0.039867129368],
      [0.10638705678, 0.87170028949, 0.021912653725],
      [0.75406574025, 0.11692422034, 0.12901003941],
      [0.77325607892, 0.024364222481, 0.2023796986]
    ],
    [
      [0.05707354241, 0.92686811699, 0.016058340602],
      [0.65756376274, 0.33076950558, 0.011666731676],
      [0.97112877709, 0.0015439881723, 0.027327234736],
      [0.12772546304, 0.85443702527, 0.017837511685],
      [0.80705310722, 0.099538908024, 0.09340798476],
      [0.83193188469, 0.020836039868, 0.14723207544]
    ],
    [
      [0.042170041694, 0.94424045091, 0.013589507401],
      [0.58079450791, 0.40738790761, 0.011817584483],
      [0.96666622458, 0.0021368177887, 0.031196957632],
      [0.096193543881, 0.88841819052, 0.015388265597],
      [0.76642169779, 0.1318388875, 0.10173941471],
      [0.80782177568, 0.028153265035, 0.16402495928]
    ],
    [
      [0.047333636433, 0.92883540835, 0.023830955214],
      [0.60073586711, 0.3801189978, 0.019145135087],
      [0.94995254692, 0.0019377835394, 0.04810966954],
      [0.10677245366, 0.86653707981, 0.026690466531],
      [0.73236549979, 0.11542339605, 0.15221110417],
      [0.74087183611, 0.023783592485, 0.2353445714]
    ],
    [
      [0.025373091508, 0.96543528998, 0.0091916185142],
      [0.4558652829, 0.53375135308, 0.010383364023],
      [0.96204281817, 0.0034062950381, 0.034550886794],
      [0.059312761721, 0.93002337299, 0.010663865288],
      [0.69952816416, 0.19631023661, 0.10416159923],
      [0.77833598538, 0.043702816166, 0.17796119845]
    ],
    [
      [0.055601131032, 0.92825581913, 0.016143049841],
      [0.643287828, 0.34490652756, 0.011805644443],
      [0.97005954388, 0.0016749170118, 0.02826553911],
      [0.12428608637, 0.85779988773, 0.017914025893],
      [0.7980576565, 0.10648424669, 0.095458096813],
      [0.82648698429, 0.022459225656, 0.15105379006]
    ],
    [
      [0.029661847844, 0.9615776426, 0.0087605095548],
      [0.52723104413, 0.46302123294, 0.0097477229372],
      [0.96948908574, 0.0023281536151, 0.028182760644],
      [0.069602984254, 0.92019679619, 0.01020021956],
      [0.75948879145, 0.14834379184, 0.092167416704],
      [0.81604199399, 0.031232020228, 0.15272598578]
    ],
    [
      [0.034365040625, 0.95223852887, 0.013396430501],
      [0.52092075828, 0.46623410138, 0.012845140334],
      [0.95966970277, 0.0027640410825, 0.037566256144],
      [0.079010780944, 0.90569727574, 0.015291943319],
      [0.72273005333, 0.16106119392, 0.11620875275],
      [0.77448333343, 0.035124353462, 0.19039231311]
    ],
    [
      [0.04622160912, 0.92343176061, 0.030346630271],
      [0.62846084934, 0.3465501631, 0.024988987564],
      [0.93985149749, 0.001533594869, 0.058614907645],
      [0.10561745645, 0.86004427912, 0.03433826443],
      [0.71330451581, 0.091964806046, 0.19473067815],
      [0.68446266535, 0.017940859874, 0.29759647478]
    ],
    [
      [0.010214256098, 0.9852558806, 0.0045298633012],
      [0.24667404076, 0.74648561251, 0.0068403467289],
      [0.95161056211, 0.0082153033499, 0.040174134539],
      [0.024322401864, 0.97032260584, 0.0053549922952],
      [0.52884190955, 0.37518948911, 0.095968601346],
      [0.70285526495, 0.098002534115, 0.19914220094]
    ],
    [
      [0.028338798249, 0.95907158879, 0.012589612957],
      [0.47414512105, 0.51257143338, 0.013283445576],
      [0.95439140838, 0.0032725527719, 0.042336038852],
      [0.065754333677, 0.91974507791, 0.014500588413],
      [0.68957926502, 0.18406154285, 0.12635919212],
      [0.74896841035, 0.040540257802, 0.21049133185]
    ],
    [
      [0.026227923241, 0.96637518952, 0.0073968872385],
      [0.47583865757, 0.51578494599, 0.0083763964399],
      [0.97026155658, 0.003037605738, 0.026700837681],
      [0.061462819092, 0.92993865787, 0.0085985230417],
      [0.73148345681, 0.1844873338, 0.084029209391],
      [0.81527743024, 0.040666847029, 0.14405572273]
    ],
    [
      [0.010491141101, 0.98582026482, 0.0036885940827],
      [0.24995946965, 0.74452646133, 0.0055140690266],
      [0.9590172403, 0.0084430114735, 0.032539748229],
      [0.024970098938, 0.97067184286, 0.0043580581976],
      [0.53941716948, 0.38342853178, 0.077154298743],
      [0.73458333592, 0.10348111719, 0.16193554689]
    ],
    [
      [0.021166347582, 0.96872828486, 0.010105367556],
      [0.40987731097, 0.57790374548, 0.012218943546],
      [0.9516470492, 0.0040110303708, 0.044341920425],
      [0.049738483836, 0.93847956428, 0.01178195188],
      [0.65234386613, 0.21958845728, 0.12806767659],
      [0.72920791829, 0.049035079045, 0.22175700266]
    ],
    [
      [0.01914994175, 0.93019818652, 0.050651871733],
      [0.36798845529, 0.57054403632, 0.061467508388],
      [0.78729728649, 0.0038303887298, 0.20887232478],
      [0.044661844668, 0.89668056945, 0.058657585885],
      [0.40247341792, 0.15308177659, 0.44444480549],
      [0.35935125386, 0.027684367318, 0.61296437882]
    ],
    [
      [0.021600036414, 0.96931752196, 0.0090824416265],
      [0.40165544877, 0.58763894276, 0.010705608474],
      [0.95500953219, 0.0045324699458, 0.040457997862],
      [0.050532491397, 0.93891669626, 0.010550812345],
      [0.64947040609, 0.23780986449, 0.11271972942],
      [0.74646418548, 0.055721817929, 0.19781399659]
    ],
    [
      [0.019723403348, 0.96753008811, 0.012746508538],
      [0.38153393891, 0.60288162781, 0.015584433277],
      [0.93477697183, 0.0046985281705, 0.060524499996],
      [0.046268055132, 0.93888602969, 0.014845915175],
      [0.60298690514, 0.23584554039, 0.16116755448],
      [0.67141944366, 0.053267968522, 0.27531258782]
    ],
    [
      [0.025634934599, 0.95372324841, 0.02064181699],
      [0.44222757049, 0.53521159154, 0.022560837974],
      [0.92166023315, 0.0036098805742, 0.074729886273],
      [0.059521007702, 0.91668072679, 0.023798265507],
      [0.61158464099, 0.18497846257, 0.20343689644],
      [0.63692699488, 0.039256871204, 0.32381613392]
    ],
    [
      [0.0292116206, 0.96320201288, 0.0075863665181],
      [0.48208948311, 0.51001612877, 0.0078943881124],
      [0.97156081119, 0.003277128075, 0.025162060731],
      [0.067739633522, 0.92352814625, 0.0087322202241],
      [0.73055661026, 0.19145822881, 0.077985160936],
      [0.82196420989, 0.043718426301, 0.13431736381]
    ]
  ],
  "expected_outcome": [
    [
      [0.76115837518, 0.12549661126, 0.96180922564, 0.71895978291, 0.91992181844, 1.134316663, 0.65271104141, 0.082273011846, 0.069640860251, 0.015067394005, 0.19412093224, 0.09700770418, 0.11944786904, 0.20930212927, 0.25847617296, 0.13195315718, 0, 0.15978616688, 0.095570497178, 0.15769614446, 0.022396233215, 0.20396885444, 0.029343685621, 0.23971802391, 0.2479267744, 0.97429764083, 0.85580459261, 0.061497759199, 0.0539651249, 0, 0.55518043443, 0.17266557621, 0.69422652897, 0.93602190723, 0.41596555419, 0.72291529473, 0.71788119952, 1.4413437837, 0.43936119521, 0.17385727454, 0.69854112569, 0.025806984549, 0.76118969264, 0.15109835022, 0.019725535486, 0.20726013399, 0.63595586004, 0.34460646185, 0.42328290957, 0.17122062723, 0.21085020847, 0.89933909222, 0.10149236603, 1.5012305379, 0.029661847844, 0.72166585313, 0.092443218239, 0.061285536585, 0.36840437724, 0.052455846482, 0.062946846606, 0.14816443307, 0.057449825251, 3.2400054621, 0.27612764687, 2.0251598333, 0.3505394472],
      [32.8841376503, 2.6581330488, 72.5189944529, 47.5449607832, 51.599820919, 90.8869870368, 45.9241239232, 8.8886042655, 8.8846714215, 0.98300421825, 16.7017833796, 8.8380190405, 9.7387153805, 9.7454421857, 5.6926668849, 11.8232814343, 0, 4.7841687854, 2.8374547324, 15.7098170649, 1.9653831092, 13.7359652866, 1.9573500844, 19.4777642991, 9.6166130226, 18.3956601715, 27.587283407, 1.9271287113, 1.9396340689, 0, 23.272462202, 5.7300122804, 10.0722528128, 21.6915910931, 14.4226792708, 23.9569757953, 24.9826276263, 40.9175455202, 17.3682746503, 8.7605228676, 18.0989231325, 2.9648227516, 36.7203586366, 5.7993843202, 3.9692620113, 10.739703248, 6.1533440185, 6.579400455, 8.4010957475, 2.780604351, 4.7212022545, 17.6478727587, 3.8617411599, 25.0629071164, 0.9615776426, 19.9970091064, 1.8468635212, 5.9115352836, 12.4679306543, 1.932750379, 5.9149215889, 6.781097994, 2.7905945595, 145.3976282939, 13.5454212336, 75.3441366245, 11.5584241546],
      [0.3547039745, 0.21637033989, 0.51919632143, 0.73607943393, 0.48025726253, 0.97869630017, 0.42316503539, 0.029122722696, 0.045687718219, 0.0019283877455, 0.10409568814, 0.06497325536, 0.1418367505, 0.045255685063, 0.04885694217, 0.044765408531, 0, 0.056045047683, 0.066974770391, 0.13248679062, 0.012220657542, 0.060065858948, 0.013306229932, 0.28251767701, 0.13546020302, 0.63004218765, 0.55691200039, 0.011373529509, 0.0064008061517, 0, 0.17235736353, 0.097322143372, 0.23352065823, 0.37238699966, 0.16135517496, 0.32010891001, 0.29949117422, 0.6411106961, 0.19236415451, 0.065619857883, 0.20253574182, 0.0093702638659, 0.51845167079, 0.049517329539, 0.011012453232, 0.053036618024, 0.21070012149, 0.075993083181, 0.17562134297, 0.048175021806, 0.067947537003, 0.45278814907, 0.036766474057, 0.43586234571, 0.0087605095548, 0.28132504051, 0.060693260542, 0.027179179807, 0.16366496844, 0.014793774477, 0.022131564496, 0.070737572892, 0.1519556152, 1.362366244, 0.17845111954, 1.6307035422, 0.091036398217]
    ],
    [
      [16.4711262348, 4.5850722829, 24.6460440426, 17.1114564555, 23.8056853597, 16.1097191598, 14.7207012934, 0.66673826746, 0.58548640346, 0.39867810355, 3.9361762123, 1.2710309834, 1.0935202606, 3.9930473644, 0.62215435923, 0.77177837982, 0, 2.5482848309, 1.0235515985, 1.1824870469, 0.56673197355, 1.5826524008, 0.97014071046, 1.3664401855, 2.6438738257, 10.9476266288, 15.8456958657, 2.057816185, 1.4824025462, 1.4895663112, 27.7343027121, 9.5629638435, 12.1744273635, 16.3498954964, 12.1414479105, 25.6853323048, 17.2156964296, 35.9141961217, 16.4770247572, 7.166235614, 24.7917776291, 0.22639292001, 14.9675494566, 0, 0.39841564763, 3.3715998812, 6.0429613368, 6.8382834036, 5.4401140837, 3.2878188137, 6.388739587, 20.4250194818, 2.7351916974, 16.0821956999, 2.6361552206, 19.2740680565, 1.2569216987, 0.74002212228, 9.4829024209, 1.9033546303, 0.49991893929, 1.2296319329, 2.2079307318, 92.3807532172, 9.9198824118, 51.7406257472, 21.211937257],
      [23.0440727429, 2.922265585, 60.510952724, 36.7789806614, 43.4072346778, 42.0096159634, 33.6747535456, 2.318384342, 2.3903366504, 0.59821183128, 10.9304516229, 3.6754723468, 2.8250515145, 5.9526508676, 0.37087525606, 2.2117289791, 0, 2.3953669438, 0.93221121162, 3.7550982992, 1.4140503026, 3.3881345232, 2.0024005501, 3.5325477856, 3.2650045474, 6.6055056548, 16.5022804204, 1.9186551704, 1.5070006133, 0.51043368866, 37.7210494926, 10.0973731433, 5.5675622574, 12.2389925418, 13.5608005387, 27.5947437074, 19.3306849021, 33.0746857963, 21.0666205408, 11.6628264959, 20.7539309258, 0.76850891023, 23.3877239498, 0, 2.5874795877, 5.5739648446, 1.8308020812, 4.0664137239, 3.4173028265, 1.6538475279, 4.4812669837, 12.9240459252, 3.2025081185, 8.622663189, 2.3151061647, 17.2506617511, 0.6931003262, 2.2394568375, 10.2514286676, 2.063139784, 1.4890529227, 1.7337112364, 3.4232642179, 135.1569568339, 15.674922323, 62.6197562098, 22.4407096661],
      [0.48480102227, 0.49266213208, 0.84300323343, 1.1095628831, 0.78707996254, 0.88066487673, 0.60454516107, 0.014877390492, 0.024176946095, 0.0031100651676, 0.13337216482, 0.053496669743, 0.081428224904, 0.054301767969, 0.0069703847044, 0.016492641097, 0, 0.056348225245, 0.044237189901, 0.062414653829, 0.019217723821, 0.02921307594, 0.02745873943, 0.10101202891, 0.091121626835, 0.44686771645, 0.65202371382, 0.023528644518, 0.010596840482, 8.9967028374e-11, 0.54464779536, 0.33966301325, 0.25801037909, 0.41111196187, 0.29775155083, 0.71992398777, 0.45361866836, 1.011118082, 0.45635470205, 0.17093789013, 0.45429144516, 0.0050981697578, 0.64472659356, 0, 0.014104764704, 0.054435274243, 0.12623658196, 0.095302872531, 0.14258308976, 0.058333658381, 0.12999342931, 0.65093459297, 0.06230018414, 0.29514111107, 0.048738614686, 0.47527019237, 0.049977975127, 0.020521040187, 0.26566891153, 0.033505585759, 0.011028138053, 0.036656830639, 0.36880505033, 2.4622899489, 0.40519526519, 2.6396180429, 0.34735307695]
    ],
    [
      [108.4567977785, 28.9781043352, 376.5641327583, 231.5561724096, 284.4008771864, 290.357511555, 290.8948032599, 22.0019629117, 20.4581654932, 18.7405379362, 52.7227609816, 15.8276923685, 20.4632885299, 48.7299993863, 13.7439151053, 45.1025937433, 5.9819193146, 130.0656108088, 14.9467376762, 7.3302473796, 7.5713478904, 20.2856003348, 24.7680052648, 16.9147666355, 106.7604741292, 149.9865308067, 195.5699823581, 24.4989819513, 6.9074833133, 5.4638731327e-14, 158.3744845871, 92.4875444775, 118.830724056, 201.4732624879, 198.567274935, 298.6719125363, 129.1420655958, 326.4321829964, 189.8771902852, 139.9870119406, 191.9047272164, 3.8481454896, 114.5958044846, 13.5442858245, 21.4461115098, 111.5817797585, 261.083425938, 342.7769757529, 285.5484818954, 201.994785635, 221.3665654288, 546.2227144791, 75.0393398171, 331.7603640062, 45.5659870298, 250.4737924239, 16.9173269548, 16.1773795559, 97.3479236543, 27.1673235843, 20.1393620463, 29.5010585253, 105.4978363892, 1190.896886644, 117.781898451, 521.6596919644, 73.8386216508],
      [0.48759355822, 0.056979595656, 2.9855664164, 1.6020948958, 1.6722954878, 2.4404110347, 2.1421195871, 0.23506596394, 0.24556643158, 0.053484325329, 0.46006706019, 0.13634907315, 0.15865068314, 0.22912616398, 0.023631763287, 0.39438036713, 1.9449894229e-07, 0.38228186372, 0.04178196498, 0.069647545886, 0.042913820321, 0.13309262904, 0.14834600453, 0.13270569374, 0.41506295374, 0.29025132122, 0.65466065527, 0.067722951077, 0.019539660761, 7.1119095102e-17, 0.69414028867, 0.30862910718, 0.17372068223, 0.48615110312, 0.70975388643, 1.0348907477, 0.4649634971, 0.97126084941, 0.77944853825, 0.72738471041, 0.51741340941, 0.029069885539, 0.5748470705, 0.04482659339, 0.3824670911, 0.57648641969, 0.25412548662, 0.64290334159, 0.571113553, 0.32114953983, 0.48933127361, 1.1142255351, 0.26569101297, 0.57282161803, 0.10942321991, 0.72141472254, 0.027604707642, 0.13966015695, 0.33380038274, 0.085052960665, 0.17730324094, 0.1243419415, 0.51327208979, 5.6519900224, 0.59201454948, 2.043192405, 0.2490617337],
      [5.0556086633, 4.9649160691, 20.4503008253, 23.8417326946, 14.9268273258, 25.2020774104, 18.963077153, 0.76297112433, 1.2962680752, 0.20597773852, 2.8171719583, 1.0359585583, 2.3780607869, 1.0408744497, 0.23245313138, 1.5030258896, 0.018080490863, 4.5521073275, 1.0114803588, 0.60010507446, 0.38573828924, 0.58130703615, 1.0836487307, 1.9525276707, 5.824462917, 9.7232178721, 12.7753569866, 0.43329509759, 0.072977025931, 3, 4.9313751242, 5.2038264153, 3.9955552618, 8.0405864089, 7.7229711786, 13.2931967161, 5.3929709071, 14.5965561542, 8.3433611765, 5.285603349, 5.5778593742, 0.12278462483, 7.8293484449, 0.41088758212, 1.1714213991, 2.8417338218, 8.6624485754, 7.5801209055, 11.8804045516, 5.6840648251, 7.1441032976, 27.6630599857, 2.6949691699, 9.6668143757, 1.3245897503, 9.8047928535, 1.0550683376, 0.68296028717, 4.3182759629, 0.74762345507, 0.68333471281, 1.3745995332, 27.988891521, 50.4511233336, 7.6260869995, 42.2971156306, 1.9123166155]
    ],
    [
      [30.6128172998, 3.8839611594, 33.5536231523, 21.9496525949, 30.6384188509, 23.2068249676, 21.675107655, 4.2263585072, 2.0677880234, 0.43435900167, 5.2066151281, 2.3322283413, 3.2009863352, 11.8860407574, 3.8758028462, 3.7392148977, 0.97194468163, 6.2826063232, 8.2510705498, 2.3686361868, 0.3207274043, 4.898318445, 2.0167227859, 3.2680697847, 9.0176660263, 22.8001786573, 26.8777588524, 3.5798249773, 1.9648837276, 3.2816891794e-13, 36.3712112916, 9.1390563259, 15.9366137403, 49.5178305549, 18.8622727913, 38.5026506062, 24.5464445124, 54.5131220117, 23.5006889079, 16.5634140158, 42.1494526745, 0.47213961236, 21.0778111566, 4.0151341027, 0.55402752946, 6.6964347882, 24.0625886494, 5.1227073254, 13.5111562113, 5.4921949109, 7.1183222472, 33.3130055425, 3.4401401798, 37.2858259119, 0.69602984254, 27.2587194258, 3.9078458886, 1.7268905324, 11.9672887293, 1.5365704773, 2.7467108832, 3.0837859979, 7.1905569916, 137.9537015131, 10.5028485149, 62.5565790945, 13.5479267044],
      [547.3049103781, 33.7928970326, 1047.452464642, 600.8915668535, 711.4193839369, 769.8504963854, 631.3471686052, 189.030848416, 109.2583287197, 11.5381084983, 185.4070759232, 87.8921382545, 107.9114872867, 228.8385408949, 34.7623251758, 138.6310283209, 0.0032788147488, 77.6235877751, 100.882339528, 97.6430643657, 11.5923633257, 136.3858594408, 55.5294535903, 109.8193121245, 144.5364866827, 177.8806075685, 358.4383732716, 46.0920629876, 28.919877633, 2.7592729658e-12, 631.0227115031, 125.3038987493, 95.4027254233, 474.7020416421, 270.5051796078, 528.032315294, 353.3697617514, 640.4478546845, 384.3907674515, 345.3328639061, 451.7835893099, 22.4427094383, 420.7942037699, 63.3332292771, 46.2922721635, 143.4529488116, 95.9804462141, 40.3164858723, 110.7059367656, 36.7407920866, 65.7429460986, 270.3595688999, 53.9413556335, 257.3399663203, 9.2019679619, 312.4655601292, 31.8216383275, 68.8929050147, 167.3936041797, 23.2484664466, 106.7739027151, 58.1857329856, 144.3655716809, 2563.2425807845, 213.1271287404, 963.4314438578, 184.7056292508],
      [7.0822723222, 3.3231418081, 8.9939122057, 11.1587805516, 7.9421972122, 9.9426786469, 6.9777237398, 0.74279307684, 0.67388325694, 0.027532500063, 1.3863089486, 0.77563340424, 1.8875263781, 1.2754183477, 0.36187197808, 0.62975678136, 0.024776503624, 1.0938059018, 2.8665899222, 0.98829944745, 0.08690927, 0.71582211424, 0.45382362373, 1.9126180908, 2.4458472909, 7.3192137742, 8.683867876, 0.3281120351, 0.11523863939, 2, 5.6060772053, 2.5570449249, 2.6606608364, 9.780127803, 3.6325476009, 8.4650340997, 5.0837937362, 12.0390233037, 5.1085436406, 3.103722078, 6.0669580155, 0.085150949369, 7.1279850734, 0.65163662024, 0.15370030705, 0.85061640019, 3.9569651366, 0.56080680229, 2.7829070231, 0.76701300245, 1.1387316542, 8.3274255575, 0.61850418669, 5.3742077679, 0.1020021956, 5.275720445, 1.2705157839, 0.38020445296, 2.6391070911, 0.21496307604, 0.47938640173, 0.73048101659, 9.4438713275, 28.8037177024, 3.3700227448, 25.0119770478, 1.7464440448]
    ],
    [
      [9.0870350879, 5.8250491897, 38.1273149418, 30.6233273105, 40.7074597351, 36.8686509039, 39.7164681533, 3.0120874731, 0.44495513698, 0, 16.2699270715, 3.043593676, 0.47099388704, 7.5574622659, 0.82704870629, 4.9079534468, 0, 17.4661563009, 0.6617371948, 2.835798998, 1.7282060024, 3.6590049553, 4.7830282456, 3.2963383352, 14.3880861532, 27.5245826881, 31.4122183132, 3.8631431958, 2.352819928, 0, 23.8570508487, 12.723728949, 20.7734499472, 28.8763772309, 22.9614401084, 44.8070932935, 11.0255750349, 45.2790067537, 23.3532697073, 19.8810191702, 17.3196586946, 0.54444211513, 25.7416136732, 0.71539327155, 2.9337676438, 9.9326492669, 24.7641216897, 16.9823661368, 21.8679064672, 28.2468587525, 14.562012258, 49.8008539854, 4.197168985, 36.7106521988, 0.75948879145, 52.759293893, 2.1399135474, 1.0576838191, 11.0332682404, 5.1203841977, 0.53941716948, 6.5234386613, 6.8420481046, 153.9244862429, 17.486620249, 50.7615252022, 8.0361227128],
      [3.1661809876, 0.89508896068, 23.3751714169, 16.4072992048, 18.5184610709, 23.9841834421, 22.647616805, 2.5518327783, 0.43384553655, 0, 11.1261044027, 2.1096567601, 0.29314809839, 2.776116933, 0.11364741416, 3.4109249872, 0, 4.0132980895, 0.14620131849, 2.1678920757, 0.87719070664, 1.9029821611, 2.3260662513, 2.0665455442, 4.367910446, 4.1214855911, 8.1418042829, 0.85220147509, 0.54412399572, 0, 8.0911374226, 3.3092380629, 2.3491633498, 5.3873493653, 6.3661542198, 12.0052528635, 3.0776237382, 10.4094503155, 7.4281336173, 8.027633415, 3.6122259554, 0.37728276435, 10.0105437643, 0.19140203647, 4.3880028803, 4.0248625522, 1.8573508298, 2.4761898214, 3.3908023899, 3.4838617809, 2.5049388625, 7.8487909311, 1.1778614197, 4.8982753478, 0.14834379184, 11.7574671559, 0.27589441814, 0.75037897821, 2.9449846856, 1.2914113366, 0.38342853178, 2.1958845728, 2.602390202, 56.3609378851, 6.8395206712, 15.3532123936, 2.1060405169],
