{
  "X": [
    [56, 103, 484, 948, 83],
    [33, 85, 348, 531, 60],
    [43, 83, 409, 745, 70],
    [45, 93, 412, 804, 83],
    [39, 89, 426, 671, 89],
    [10, 2, 26, 177, 10],
    [4, 22, 55, 214, 20],
    [9, 7, 54, 63, 13],
    [5, 5, 33, 111, 7],
    [3, 1, 30, 28, 3],
    [18, 24, 70, 234, 14],
    [4, 12, 45, 208, 11],
    [7, 11, 25, 109, 9],
    [13, 28, 104, 170, 13],
    [13, 19, 222, 119, 36],
    [6, 34, 146, 97, 28],
    [25, 61, 441, 241, 53],
    [9, 18, 175, 58, 31],
    [18, 20, 179, 105, 42],
    [11, 23, 118, 44, 18],
    [10, 20, 51, 227, 18],
    [10, 18, 69, 288, 11],
    [1, 4, 19, 117, 10],
    [4, 2, 23, 165, 11],
    [8, 15, 48, 198, 19],
    [19, 42, 201, 395, 37],
    [16, 99, 448, 965, 62],
    [22, 91, 428, 829, 79],
    [4, 3, 15, 107, 8],
    [33, 80, 377, 673, 77],
    [5, 1, 12, 21, 3],
    [37, 127, 474, 871, 107],
    [21, 60, 187, 370, 33],
    [3, 16, 46, 139, 12],
    [39, 86, 445, 280, 76],
    [6, 9, 78, 32, 22],
    [21, 40, 318, 142, 55],
    [25, 31, 84, 278, 43],
    [6, 5, 16, 133, 13],
    [4, 12, 39, 179, 18],
    [4, 9, 71, 20, 4],
    [1, 13, 30, 169, 7],
    [13, 15, 97, 231, 22],
    [2, 6, 22, 127, 11],
    [5, 17, 49, 240, 14],
    [5, 12, 35, 223, 17],
    [1, 11, 26, 158, 14],
    [11, 34, 104, 239, 22],
    [20, 44, 211, 242, 20],
    [26, 59, 243, 406, 49],
    [38, 99, 279, 357, 59],
    [2, 4, 19, 76, 1],
    [11, 11, 38, 97, 5],
    [6, 7, 46, 147, 19],
    [3, 6, 21, 73, 6],
    [0, 0, 2, 8, 0],
    [3, 17, 45, 65, 4],
    [12, 26, 84, 202, 14],
    [10, 11, 85, 158, 17],
    [6, 4, 49, 209, 6],
    [2, 6, 25, 118, 11],
    [9, 1, 24, 60, 10],
    [9, 14, 29, 153, 13],
    [4, 51, 154, 210, 17],
    [34, 126, 577, 1236, 112],
    [8, 16, 82, 121, 28],
    [110, 97, 573, 1074, 183],
    [8, 2, 59, 105, 7]
  ],
  "W": [
    [48, 488, 911, 120, 107],
    [38, 342, 493, 109, 75],
    [69, 386, 705, 100, 90],
    [40, 423, 778, 114, 82],
    [44, 430, 638, 108, 94],
    [10, 25, 155, 11, 24],
    [11, 44, 211, 30, 19],
    [10, 56, 60, 7, 13],
    [8, 32, 103, 9, 9],
    [5, 32, 23, 4, 1],
    [11, 73, 220, 37, 19],
    [6, 44, 197, 23, 10],
    [11, 23, 102, 14, 11],
    [15, 99, 172, 27, 15],
    [12, 224, 118, 22, 33],
    [4, 146, 93, 43, 25],
    [26, 436, 228, 76, 55],
    [6, 177, 46, 34, 28],
    [9, 192, 89, 39, 35],
    [4, 133, 42, 21, 14],
    [12, 49, 220, 22, 23],
    [16, 67, 271, 16, 26],
    [1, 23, 108, 8, 11],
    [6, 26, 151, 8, 14],
    [6, 50, 181, 26, 25],
    [22, 194, 346, 69, 63],
    [25, 423, 877, 153, 112],
    [26, 409, 736, 156, 122],
    [5, 14, 107, 3, 8],
    [28, 387, 623, 107, 95],
    [5, 13, 15, 1, 8],
    [34, 492, 784, 168, 138],
    [14, 199, 340, 80, 38],
    [1, 48, 122, 25, 20],
    [36, 436, 252, 113, 89],
    [6, 82, 29, 12, 18],
    [16, 322, 131, 67, 40],
    [22, 100, 265, 36, 38],
    [5, 18, 116, 12, 22],
    [6, 46, 167, 21, 12],
    [4, 73, 16, 10, 5],
    [3, 35, 164, 9, 9],
    [19, 91, 216, 32, 20],
    [1, 20, 128, 9, 10],
    [6, 49, 227, 24, 19],
    [3, 38, 206, 15, 30],
    [2, 30, 143, 12, 23],
    [9, 98, 227, 49, 27],
    [25, 207, 204, 68, 33],
    [29, 242, 352, 96, 64],
    [43, 282, 324, 114, 69],
    [3, 18, 66, 10, 5],
    [18, 37, 88, 9, 10],
    [7, 46, 134, 16, 22],
    [2, 13, 72, 12, 10],
    [0, 2, 7, 0, 1],
    [1, 44, 56, 22, 11],
    [18, 81, 186, 31, 22],
    [7, 92, 136, 17, 29],
    [7, 43, 194, 9, 21],
    [0, 28, 114, 8, 12],
    [6, 27, 61, 4, 6],
    [7, 34, 147, 20, 10],
    [4, 160, 189, 60, 23],
    [48, 589, 1120, 165, 163],
    [7, 87, 112, 30, 19],
    [88, 665, 1017, 139, 128],
    [14, 54, 94, 3, 16]
  ],
  "method": "mvn_pdf",
  "cond_prob": [
    [
      [0.61865861148, 0.058519725778, 0.1666788016, 0.12445811172, 0.031684749423],
      [0.032357222305, 0.026461326483, 0.86748858805, 0.0039016239547, 0.069791239207],
      [0.0064192980468, 0.013331615014, 0.0076909457088, 0.95995502957, 0.012603111661],
      [0.017236116353, 0.59247628521, 0.15813945881, 0.15599407446, 0.076154065162],
      [0.026361061381, 0.038226880756, 0.24390881444, 0.43653249394, 0.25497074948]
    ],
    [
      [0.53142363927, 0.070250458765, 0.20697359816, 0.15185931602, 0.039492987782],
      [0.022529085411, 0.025817758537, 0.87703760427, 0.003866324889, 0.070749226889],
      [0.0044984660564, 0.013099039296, 0.0078085951557, 0.96173857446, 0.012855325031],
      [0.012205608572, 0.5894438118, 0.16237537939, 0.15744650178, 0.07852869846],
      [0.018461862767, 0.037532452618, 0.24769727519, 0.43609163107, 0.26021677836]
    ],
    [
      [0.46794447513, 0.073333332461, 0.2491999827, 0.16503464136, 0.044487568355],
      [0.016851415897, 0.022719325348, 0.88971717283, 0.0035439732353, 0.067168112688],
      [0.0036837398247, 0.012605840163, 0.0086748688892, 0.96168100458, 0.013354546539],
      [0.010028662812, 0.56883967112, 0.18097653334, 0.15830123678, 0.081853895946],
      [0.014627441271, 0.03496352551, 0.26626479155, 0.4226263984, 0.26151784328]
    ],
    [
      [0.59847887792, 0.060274087701, 0.17236127465, 0.12943480337, 0.039450956365],
      [0.029828187279, 0.026028111278, 0.85725194598, 0.0038738194653, 0.083017935997],
      [0.0059379934634, 0.013163743366, 0.0076198184307, 0.95823861157, 0.015039833172],
      [0.015872523565, 0.58276150683, 0.15603330046, 0.15482928659, 0.090503382562],
      [0.023363976507, 0.036160481574, 0.23162738601, 0.41705170443, 0.29179645147]
    ],
    [
      [0.53028327933, 0.06993093341, 0.2083902828, 0.14287187373, 0.048523630727],
      [0.022092364011, 0.025174771377, 0.86403785184, 0.0035650283848, 0.08512998439],
      [0.0047693179025, 0.013802707384, 0.0083279971408, 0.95637907129, 0.016720906283],
      [0.01214402721, 0.58239932348, 0.16245636378, 0.14714606007, 0.095854225449],
      [0.017863288922, 0.036098412916, 0.24102197087, 0.39611936294, 0.30889696435]
    ],
    [
      [0.68094652559, 0.013571145511, 0.083792423911, 0.19668325862, 0.025006646367],
      [0.056867973099, 0.011089885477, 0.8208604623, 0.010979725899, 0.10020195322],
      [0.0039090044203, 0.0019645491279, 0.0024166405106, 0.98539297334, 0.0063168326049],
      [0.03048490553, 0.25921146069, 0.14554299909, 0.45368600611, 0.11107462858],
      [0.023964574649, 0.0083666971226, 0.11481728932, 0.66024677491, 0.19260466401]
    ],
    [
      [0.32531113263, 0.086677735005, 0.32745335866, 0.17792552809, 0.082632245607],
      [0.0082663633123, 0.019648251254, 0.8774440174, 0.0027836310679, 0.091857736964],
      [0.002209051943, 0.013369454324, 0.010080905975, 0.95206967614, 0.022270911619],
      [0.0053184039297, 0.54918661984, 0.18827975178, 0.13579916856, 0.1214160559],
      [0.0072146970518, 0.030507690902, 0.25810690367, 0.33829816354, 0.36587254484]
    ],
    [
      [0.64244807973, 0.047565901588, 0.1687701107, 0.094994062485, 0.046221845492],
      [0.028471494634, 0.020114006781, 0.85167690679, 0.0027626030182, 0.096974988777],
      [0.0071727496315, 0.013004783762, 0.0091653357849, 0.94854824634, 0.022108884482],
      [0.01714243846, 0.56499029256, 0.17047485444, 0.12784635142, 0.11954606312],
      [0.023918143279, 0.030184837922, 0.24064442524, 0.33063314257, 0.37461945098]
    ],
    [
      [0.48149309406, 0.039669710619, 0.18743489742, 0.24903490395, 0.042367393954],
      [0.019521806828, 0.015246384946, 0.87799841139, 0.0065002666037, 0.08073313023],
      [0.0021684208684, 0.0043708569499, 0.0040647906145, 0.98126044946, 0.0081354821082],
      [0.011682442017, 0.41398268472, 0.17104987885, 0.30391779449, 0.099367199925],
      [0.011826032509, 0.016584996235, 0.17423509855, 0.57352542409, 0.22382844862]
    ],
    [
      [0.39089589917, 0.018783961288, 0.14397751396, 0.41945182997, 0.026890795614],
      [0.019159995146, 0.0091411239164, 0.89205066802, 0.012433770375, 0.067214442541],
      [0.00086533816654, 0.0010776453451, 0.0015631001632, 0.99391101399, 0.0025829023393],
      [0.0097673305256, 0.21373651438, 0.1415198137, 0.56665605591, 0.068320285482],
      [0.0066835128909, 0.0057788909036, 0.094777461458, 0.79272518179, 0.10003495296]
    ],
    [
      [0.81683765391, 0.022953898433, 0.063705443456, 0.082714048856, 0.013788955347],
      [0.09204954476, 0.024715929887, 0.80439781282, 0.00612722345, 0.072709489087],
      [0.011287753015, 0.0077816904326, 0.0043263828777, 0.96844792467, 0.0081562490033],
      [0.044875588492, 0.52157222845, 0.13233579129, 0.22822454086, 0.072991850906],
      [0.057539242187, 0.027580467477, 0.17075961403, 0.53846722333, 0.20565345298]
    ],
    [
      [0.43178722385, 0.048397356239, 0.18972631594, 0.28124197729, 0.048847126681],
      [0.017676545662, 0.018473615156, 0.86479875966, 0.0073372349376, 0.091713844584],
      [0.0018083773803, 0.0048463625272, 0.0037757651383, 0.98104657243, 0.0085229225235],
      [0.0094836816111, 0.43248913134, 0.15368230066, 0.30309344484, 0.10125144156],
      [0.0098180393076, 0.018349060396, 0.16005659553, 0.58007047199, 0.23170583277]
    ],
    [
      [0.52612451772, 0.068508764562, 0.16401961105, 0.19213703786, 0.049210068812],
      [0.0236074276, 0.028858565138, 0.83939215101, 0.0055419183038, 0.10259993795],
      [0.0031006090789, 0.009728259139, 0.0046259917287, 0.97029466041, 0.012250479638],
      [0.010480832902, 0.58411908427, 0.1216003453, 0.19000973062, 0.0937900069],
      [0.014578654946, 0.031924933625, 0.17066839008, 0.49050672512, 0.29232129623]
    ],
    [
      [0.57013784698, 0.08876806823, 0.22220944047, 0.088941005606, 0.029943638714],
      [0.021644512804, 0.030496503413, 0.89525512712, 0.0021121436704, 0.050491712989],
      [0.0074175307879, 0.026720580988, 0.013378913355, 0.93675564483, 0.015727330039],
      [0.011218676192, 0.69559783292, 0.1564261952, 0.083116123246, 0.05364117244],
      [0.023942693495, 0.060075459257, 0.3372207423, 0.32590217533, 0.25285892962]
    ],
    [
      [0.55715294592, 0.051308763196, 0.2663548649, 0.073454848205, 0.051728577782],
      [0.018054025781, 0.014843106404, 0.8924498562, 0.0014722650431, 0.073180746567],
      [0.0087707482083, 0.018408294209, 0.019199897963, 0.92127064146, 0.032350418164],
      [0.014731620671, 0.52395794483, 0.24814145348, 0.090727218012, 0.12244176301],
      [0.020382817702, 0.029772052585, 0.34652073608, 0.23000010743, 0.3733242862]
    ],
    [
      [0.51438889538, 0.079528455018, 0.25563402688, 0.095601597784, 0.054847024945],
      [0.016629016477, 0.023519678968, 0.87849883043, 0.00195671401, 0.079395760114],
      [0.0061006616309, 0.022150778504, 0.014246959037, 0.93092383371, 0.026577767118],
      [0.010106369305, 0.61891946846, 0.18153854041, 0.090257501175, 0.099178120647],
      [0.016761502756, 0.042234345387, 0.30381781892, 0.27436911913, 0.3628172138]
    ],
    [
      [0.52752797585, 0.065172319078, 0.26928141612, 0.096931383667, 0.041086905284],
      [0.017656951465, 0.018966656853, 0.90311721752, 0.0019547664019, 0.058304407758],
      [0.0067529084512, 0.018455054069, 0.015403223399, 0.93910149878, 0.020287315298],
      [0.012655261102, 0.57499919869, 0.22135573305, 0.10537553124, 0.085614275919],
      [0.019751912242, 0.037644392074, 0.34849729921, 0.30116118801, 0.29294520846]
    ],
    [
      [0.58091653166, 0.036444671393, 0.23240079306, 0.099259210326, 0.050978793557],
      [0.020866971959, 0.011951747801, 0.88320619048, 0.0022484339349, 0.081726655822],
      [0.0067283767559, 0.0098979586521, 0.012621334273, 0.94670336098, 0.024048969335],
      [0.017765220877, 0.43751089372, 0.25605138906, 0.1456592702, 0.14301322615],
      [0.020265048861, 0.020677788761, 0.2946780318, 0.30494837476, 0.35943075581]
    ],
    [
      [0.73366103815, 0.023066996882, 0.12608151721, 0.078497800438, 0.038692647318],
      [0.045578508025, 0.013141514198, 0.83053089309, 0.0030904238782, 0.10765866081],
      [0.010861338934, 0.0080276209817, 0.0087961801388, 0.94890134296, 0.023413516989],
      [0.03383867776, 0.4172467449, 0.21031652391, 0.17429824482, 0.16429980861],
      [0.03582396476, 0.018393662462, 0.22451764237, 0.33846793679, 0.38279679363]
    ],
    [
      [0.76242977966, 0.060315393326, 0.10588273106, 0.047714090184, 0.023658005765],
      [0.052619591258, 0.040476373728, 0.82673999185, 0.0022213604853, 0.077942682682],
      [0.015982799974, 0.031881291121, 0.011107238642, 0.91935492535, 0.021673744909],
      [0.021120788979, 0.73311786826, 0.11297888633, 0.068375387756, 0.064407068668],
      [0.048810557948, 0.067230899701, 0.26307045087, 0.29170533687, 0.32918275461]
    ],
    [
      [0.56810957981, 0.073701886951, 0.15907254784, 0.15312605457, 0.045989930829],
      [0.02740445297, 0.03269965098, 0.83494030292, 0.0046885301986, 0.10026706293],
      [0.0043777923631, 0.013354567954, 0.0057800384805, 0.96189454578, 0.014593055427],
      [0.011851945176, 0.62393514475, 0.12076406108, 0.15436023251, 0.089088616484],
      [0.018510808013, 0.039390765611, 0.19036674367, 0.44347884235, 0.30825284036]
    ],
    [
      [0.46137920658, 0.089304397477, 0.17751633763, 0.24039230068, 0.031407757629],
      [0.021491690586, 0.037054709698, 0.8705258718, 0.0068862787001, 0.064041449213],
      [0.0023833695071, 0.010491667658, 0.004197328557, 0.9764558283, 0.0064718059792],
      [0.0082436385138, 0.6286037003, 0.11180553524, 0.20103162891, 0.050315497039],
      [0.013130810658, 0.04036878462, 0.17969947377, 0.59026967473, 0.17653125623]
    ],
    [
      [0.37449145741, 0.044071038274, 0.12490494137, 0.3757241623, 0.080808400653],
      [0.017382066672, 0.021486268518, 0.75239279025, 0.012354110816, 0.19638476375],
      [0.0010126944728, 0.0032453412721, 0.0018135986136, 0.98356252184, 0.0103658438],
      [0.006585939513, 0.37664980741, 0.091986851164, 0.37076602132, 0.15401138059],
      [0.0057043659897, 0.012781636226, 0.079839206709, 0.60121804843, 0.30045674264]
    ],
    [
      [0.44715362031, 0.02504400628, 0.11498235264, 0.35160039212, 0.061219628653],
      [0.02575929377, 0.013931990531, 0.77847010097, 0.013290067782, 0.16854854695],
      [0.0014396217255, 0.0020104898372, 0.0018294608415, 0.98616377516, 0.0085566524335],
      [0.011295141871, 0.27075553046, 0.11135416307, 0.45402412819, 0.15257103641],
      [0.0085644073721, 0.0083288616042, 0.084606678384, 0.64067612257, 0.25782393007]
    ],
    [
      [0.64645209395, 0.035599995386, 0.10769510015, 0.17031431636, 0.039938494162],
      [0.042278188074, 0.022516057376, 0.80388897914, 0.0073991805607, 0.12391759485],
      [0.0043056081308, 0.0058869854409, 0.0035659940142, 0.97470876043, 0.011532651979],
      [0.019984810076, 0.46391268997, 0.12751655531, 0.26782778502, 0.12075815962],
      [0.021542842145, 0.020505685898, 0.13834134018, 0.53202023908, 0.28758989269]
    ],
    [
      [0.5124149789, 0.049942824048, 0.18908969919, 0.21165454881, 0.03689794906],
      [0.023453254184, 0.020046587905, 0.87837563609, 0.0058744373206, 0.072250084506],
      [0.003108493713, 0.0067614800918, 0.0051707539399, 0.97623729686, 0.0087219753972],
      [0.013307767117, 0.48140481522, 0.16980042072, 0.25142342594, 0.084063571],
      [0.015653597722, 0.023764001774, 0.20135956229, 0.54250986484, 0.21671297337]
    ],
    [
      [0.38110342835, 0.068466479271, 0.25309194248, 0.25745940857, 0.039878741331],
      [0.013655733774, 0.02113434931, 0.89974919902, 0.0055064565877, 0.059954261303],
      [0.0019537369041, 0.0076774106647, 0.0057481904517, 0.97681293169, 0.007807730286],
      [0.0078291068136, 0.5082784865, 0.17642176231, 0.23705384131, 0.070416803071],
      [0.0098447802215, 0.027020201864, 0.2237001878, 0.54569072636, 0.19374410375]
    ],
    [
      [0.43852590142, 0.056117059575, 0.22744436555, 0.23383822204, 0.044074451419],
      [0.017175059725, 0.018980717028, 0.8857619031, 0.0054799872875, 0.072602332854],
      [0.0024648077589, 0.0069176772024, 0.0056783752013, 0.97545377723, 0.0094853626084],
      [0.01024548007, 0.47478081757, 0.1807510749, 0.24548197991, 0.08874064756],
      [0.011966498048, 0.023453875385, 0.2128826151, 0.52485564376, 0.22684136771]
    ],
    [
      [0.59097563922, 0.038946833592, 0.1625308693, 0.14287075056, 0.064675907332],
      [0.022548587519, 0.01555955446, 0.82791416178, 0.0039179385216, 0.13005975772],
      [0.0040124069973, 0.0072600446776, 0.0058558056485, 0.96180541961, 0.021066323064],
      [0.013841808824, 0.47361612032, 0.15894541505, 0.18857835941, 0.1650182964],
      [0.014991941046, 0.018740058376, 0.17476180373, 0.37851003492, 0.41299616193]
    ],
    [
      [0.5637102746, 0.058785941265, 0.17482284961, 0.16214509706, 0.040535837464],
      [0.027662256988, 0.025050949107, 0.85832020509, 0.0047871546606, 0.084179434156],
      [0.0044892122776, 0.010332236937, 0.0062195123513, 0.96652101879, 0.012438019646],
      [0.014496269322, 0.55270461272, 0.15383355546, 0.18856577099, 0.090399791501],
      [0.019692745618, 0.031641110282, 0.21072609128, 0.46898678138, 0.26895327144]
    ],
    [
      [0.78389503764, 0.015065907076, 0.0627916804, 0.1227429458, 0.015504429083],
      [0.064412939018, 0.015357584982, 0.83213518774, 0.0082699594064, 0.079824328858],
      [0.00485079049, 0.0030022342647, 0.0024639642409, 0.98412564861, 0.0055573623944],
      [0.031596067077, 0.43497496526, 0.12441227679, 0.32937718718, 0.079639503685],
      [0.031276839105, 0.013425392761, 0.12459400918, 0.64900399167, 0.18169976729]
    ],
    [
      [0.51566375712, 0.071401137668, 0.17396648436, 0.19425411107, 0.044714509785],
      [0.02526822055, 0.030203123683, 0.84670906071, 0.0056958111452, 0.092123783911],
      [0.003470014567, 0.010531925783, 0.0052004404474, 0.96928082284, 0.011516796366],
      [0.011492249578, 0.57638297981, 0.1318395087, 0.19444487582, 0.085840386088],
      [0.016128524179, 0.034187981123, 0.18657774503, 0.4994183682, 0.26368738147]
    ],
    [
      [0.63450999903, 0.057191798114, 0.12538214578, 0.1548474836, 0.028068573473],
      [0.041264133944, 0.033101460105, 0.84012303943, 0.006194466283, 0.079316900241],
      [0.0051304205967, 0.010496895156, 0.0046429732476, 0.97074167077, 0.0089880402286],
      [0.017446941756, 0.59460322995, 0.12108706356, 0.19805258037, 0.068810184372],
      [0.025708744769, 0.036679650033, 0.17981353312, 0.53554288537, 0.22225518671]
    ],
    [
      [0.52725037356, 0.055929170499, 0.13748869165, 0.24201766837, 0.037314095925],
      [0.027022542768, 0.028829042902, 0.84109482786, 0.0085383867239, 0.094515199751],
      [0.0023509859332, 0.0064770042635, 0.0031765429205, 0.98044823773, 0.0075472291531],
      [0.011071539384, 0.52280197417, 0.11535117111, 0.27072279379, 0.08005252155],
      [0.013397213794, 0.025678390296, 0.14038758634, 0.60682350116, 0.21371330841]
    ],
    [
      [0.5980089755, 0.058537283999, 0.21265790797, 0.091259432627, 0.039536399911],
      [0.024806478894, 0.021096644115, 0.88238453255, 0.0022804160716, 0.069431928366],
      [0.0081987991382, 0.017723000101, 0.01302442923, 0.94016486697, 0.020888904555],
      [0.016223355542, 0.58126693086, 0.19745591104, 0.11200904408, 0.093044758476],
      [0.025007629735, 0.037720714712, 0.30701539212, 0.31596919165, 0.31428707177]
    ],
    [
      [0.56918484802, 0.048840281447, 0.22126563822, 0.08079323121, 0.079916001108],
      [0.019139852698, 0.015714996451, 0.83654663781, 0.0017960930423, 0.12680241999],
      [0.0072140021691, 0.015243908914, 0.013714731827, 0.92037787729, 0.043449479795],
      [0.013574316393, 0.5041887025, 0.19994123506, 0.097362510172, 0.18493323588],
      [0.016383688827, 0.024005579187, 0.24398571499, 0.21592476678, 0.49970025022]
    ],
    [
      [0.60426998641, 0.03981665307, 0.22603393984, 0.080490452262, 0.049388968422],
      [0.023114801164, 0.01344484939, 0.88020324604, 0.0018824459277, 0.081354657473],
      [0.009037137001, 0.013410065039, 0.015326596953, 0.93327822602, 0.028947974989],
      [0.019225524411, 0.47376039731, 0.25016733405, 0.11807370263, 0.13877304159],
      [0.023668230144, 0.024447067509, 0.31070436921, 0.2659974761, 0.37518285704]
    ],
    [
      [0.71227934356, 0.048092729631, 0.081263805579, 0.10811545732, 0.050248663902],
      [0.059489793988, 0.036233785601, 0.71315614856, 0.0056300530542, 0.18549021879],
      [0.0079489015891, 0.012348334576, 0.0042096418533, 0.95294665889, 0.022546463097],
      [0.022275007068, 0.58506076733, 0.090563265621, 0.15958550326, 0.14251545672],
      [0.02988523587, 0.032390184251, 0.12252794408, 0.3929787328, 0.42221790301]
    ],
    [
      [0.69621626801, 0.020204334372, 0.064545285697, 0.18110048777, 0.037933624149],
      [0.061096366071, 0.018969283797, 0.73294463449, 0.011591241209, 0.17539847444],
      [0.0039075650562, 0.0031372177236, 0.0020033642008, 0.98065441163, 0.010297441388],
      [0.025318406102, 0.35130538725, 0.099994285399, 0.37265187954, 0.15073004171],
      [0.02170067207, 0.012105945265, 0.085935247504, 0.59247601057, 0.28778212459]
    ],
    [
      [0.40856980564, 0.054657634757, 0.13248443738, 0.31739432277, 0.086893799458],
      [0.020614157972, 0.025670673367, 0.74189193542, 0.010177148027, 0.20164608522],
      [0.0015096439464, 0.0048240309906, 0.0023344157411, 0.97797285454, 0.01335905478],
      [0.0079416735601, 0.4344066091, 0.09500653157, 0.30287104463, 0.15977414114],
      [0.0076521524249, 0.017077988729, 0.092064552153, 0.54037419449, 0.3428311122]
    ],
    [
      [0.54076426696, 0.071700438791, 0.22615124305, 0.13548013586, 0.025903915334],
      [0.018706346155, 0.024165934303, 0.91063389261, 0.0030846140472, 0.043409212882],
      [0.0038294749866, 0.012939316929, 0.00796653441, 0.96723309621, 0.0080315774624],
      [0.010370275246, 0.6358274473, 0.16846547084, 0.1360597538, 0.049277052819],
      [0.018099069732, 0.04223629702, 0.2955468044, 0.45408381306, 0.19003401579]
    ],
    [
      [0.26716817911, 0.20456527557, 0.14787902799, 0.3342175545, 0.046169962824],
      [0.012656987588, 0.088577782883, 0.78870185568, 0.0099261738448, 0.10013720001],
      [0.00092922998062, 0.016700874895, 0.002420171421, 0.9732928363, 0.0066568873994],
      [0.0022783625417, 0.77489083597, 0.046109497492, 0.1398545199, 0.036866784099],
      [0.0054306719842, 0.068542250103, 0.11069651022, 0.61942035798, 0.19591020971]
    ],
    [
      [0.50663103496, 0.036047674789, 0.21925956705, 0.18690771599, 0.051154007203],
      [0.019435018138, 0.012338199072, 0.87808829786, 0.0044035962291, 0.085734888699],
      [0.0033479577585, 0.0054256794203, 0.0066086993656, 0.97120875719, 0.01340890627],
      [0.014352695318, 0.38981478052, 0.21868204796, 0.24718473236, 0.12996574385],
      [0.014471257859, 0.016348045526, 0.22229201612, 0.45811535076, 0.28877332973]
    ],
    [
      [0.56237039452, 0.041515585156, 0.19724132599, 0.12843289017, 0.070439804163],
      [0.016894337224, 0.014419272753, 0.84444351725, 0.0030427555351, 0.12120011724],
      [0.0039358018085, 0.0086779279895, 0.0080031067417, 0.9537709821, 0.025612181355],
      [0.011715304333, 0.46237441308, 0.18819336994, 0.1636347949, 0.17408211775],
      [0.012796994611, 0.019597550816, 0.20756331546, 0.3286956924, 0.43134644671]
    ],
    [
      [0.47640334698, 0.065195138911, 0.16736649342, 0.24532559284, 0.045709427855],
      [0.021830188469, 0.027820514771, 0.84734377404, 0.007192920112, 0.095812602613],
      [0.00229848918, 0.0074972921114, 0.0038513262138, 0.97716355507, 0.0091893374286],
      [0.009610367756, 0.53688855981, 0.1244353853, 0.24231998501, 0.08674570213],
      [0.012087891566, 0.027509505303, 0.15761679843, 0.56187082706, 0.24091497763]
    ],
    [
      [0.60090753238, 0.051346165514, 0.10333747279, 0.20287500415, 0.041533825169],
      [0.038801842977, 0.032923523972, 0.78842912888, 0.0089433329787, 0.13090217119],
      [0.0032797272505, 0.0071478426716, 0.0028879986568, 0.97655850466, 0.01012592676],
      [0.014211078623, 0.53926167629, 0.096378828453, 0.2512703962, 0.098878020436],
      [0.017453223299, 0.026505892492, 0.11908195712, 0.56848125626, 0.26847767084]
    ],
    [
      [0.31532630552, 0.10647768071, 0.14515414513, 0.36008517167, 0.072956696979],
      [0.014630417775, 0.046724344337, 0.76921604548, 0.010852939619, 0.15857625279],
      [0.0010095887887, 0.0082486316479, 0.0022613632436, 0.97853367242, 0.0099467439019],
      [0.0040800652194, 0.60045568916, 0.070696203518, 0.23374298659, 0.091025055504],
      [0.0055548626192, 0.031824923689, 0.096887135179, 0.5898290007, 0.27590407782]
    ],
    [
      [0.60105803045, 0.054560700732, 0.18045048546, 0.12878980432, 0.035140979044],
      [0.02727064837, 0.02268052464, 0.87492173808, 0.0036959818622, 0.071431107049],
      [0.0055615627206, 0.011823689757, 0.0078471416906, 0.96148121765, 0.013286388184],
      [0.015813607522, 0.56469949758, 0.17176162721, 0.16259634892, 0.085128918761],
      [0.022651733576, 0.03354014535, 0.24806839479, 0.42748970817, 0.26825001811]
    ],
    [
      [0.51201712258, 0.055251039259, 0.19224067016, 0.21314040101, 0.027350766987],
      [0.023459530191, 0.022190881194, 0.89479711525, 0.0059066522867, 0.053645821077],
      [0.0030696873988, 0.0073974212353, 0.0051902111709, 0.97795737611, 0.0063853040876],
      [0.01284135854, 0.51556354686, 0.16670423519, 0.24471662169, 0.060174237728],
      [0.016375183265, 0.027532572814, 0.21423864643, 0.57381710152, 0.16803649597]
    ],
    [
      [0.53852834121, 0.051234602587, 0.17377956402, 0.19707030669, 0.039387185503],
      [0.026525643306, 0.022027928778, 0.86300219154, 0.0058614365081, 0.082582799871],
      [0.0035239763301, 0.0074431703607, 0.0051034093361, 0.97394269029, 0.0099867536847],
      [0.014253241684, 0.49924856378, 0.15824093373, 0.23729359613, 0.090963664675],
      [0.017190050518, 0.025344026666, 0.19240943257, 0.52466676317, 0.24038972707]
    ],
    [
      [0.57597035835, 0.086428763883, 0.17030275281, 0.12770811712, 0.039590007835],
      [0.028568330883, 0.037261288602, 0.84711985127, 0.0038145093621, 0.083236019879],
      [0.0057181698512, 0.018952101956, 0.0075563957816, 0.95261521969, 0.015158112725],
      [0.012162408682, 0.66996108616, 0.12318819581, 0.12208571669, 0.072602592658],
      [0.022220464595, 0.051421707548, 0.22700094918, 0.40854677902, 0.29081009966]
    ],
    [
      [0.41278644939, 0.031504759973, 0.14255002012, 0.39444078344, 0.018717987079],
      [0.01945360143, 0.015725487564, 0.90546982993, 0.012990066876, 0.046361014202],
      [0.0010262613897, 0.0021695805701, 0.0019011228926, 0.99265829695, 0.0022447382017],
      [0.0089129673489, 0.33210303103, 0.12991609892, 0.48506563032, 0.044002272371],
      [0.0075807778269, 0.011142375845, 0.10987728412, 0.79003662623, 0.081362935974]
    ],
    [
      [0.52118883428, 0.094294986416, 0.15684829362, 0.20131326864, 0.026354617035],
      [0.026285360265, 0.042894544331, 0.86495965551, 0.0062776867424, 0.059582753152],
      [0.0030450312673, 0.012699658552, 0.0042339268547, 0.97376675988, 0.0062546234495],
      [0.0089827562247, 0.68743083714, 0.096768365194, 0.1653610063, 0.041457035146],
      [0.016800588917, 0.049021265178, 0.18292893971, 0.57879002761, 0.17245917859]
    ],
    [
      [0.53259719488, 0.031712642162, 0.16498066858, 0.20368838995, 0.067021104434],
      [0.023475996143, 0.013282838649, 0.81936903091, 0.0058486422241, 0.13802349208],
      [0.0029855554899, 0.0043377090214, 0.0044934209196, 0.97220356034, 0.015979754227],
      [0.014572488529, 0.36048178286, 0.1696883116, 0.27870377103, 0.17655364598],
      [0.013165181679, 0.013313618036, 0.15444196139, 0.46469358517, 0.35438565373]
    ],
    [
      [0.68648431319, 0.020746032149, 0.2094277614, 0.060472423443, 0.02286946981],
      [0.01865694637, 0.0074278586902, 0.93234587648, 0.0014786857101, 0.040090632755],
      [0.0086898962565, 0.0089685370768, 0.017336742578, 0.94773373114, 0.017271092951],
      [0.021931286547, 0.39715686941, 0.34834976608, 0.13422489507, 0.098337182894],
      [0.025579835112, 0.018182164751, 0.41116708112, 0.28764331038, 0.25742760864]
    ],
    [
      [0.52332590966, 0.037228766166, 0.15824887267, 0.23635870208, 0.044837749419],
      [1.589925541e-05, 0.00014898646599, 0.98911396267, 0.0031127342622, 0.0076084173498],
      [2.5890594217e-06, 4.0452068242e-05, 0.00038139274842, 0.99914921937, 0.00042634675254],
      [0.0089707248998, 0.48237445838, 0.13464551676, 0.2769778617, 0.097031438252],
      [9.8960206606e-06, 0.00018249147991, 0.01448948334, 0.97884260464, 0.0064755245184]
    ],
    [
      [0.61473486445, 0.066782859686, 0.14953512269, 0.15000077094, 0.018946382231],
      [0.028015343557, 0.033139931844, 0.88742600141, 0.0050887522022, 0.046329970986],
      [0.0038603911824, 0.011972488354, 0.00527505939, 0.97297475109, 0.0059173099877],
      [0.011993472827, 0.64883603649, 0.12665866406, 0.17133877863, 0.041173047987],
      [0.020844250336, 0.044629855516, 0.22131776343, 0.55577247642, 0.1574356543]
    ],
    [
      [0.49624480329, 0.08026895432, 0.19022023871, 0.19835411443, 0.034911889258],
      [0.021770914253, 0.031423632419, 0.8744309403, 0.0053502024767, 0.067024310556],
      [0.0030817621566, 0.011349519474, 0.0054038294507, 0.97153582306, 0.0086290658596],
      [0.0097747057962, 0.61369426181, 0.13212666441, 0.18271181846, 0.061692549523],
      [0.015256029092, 0.039214799496, 0.20795181146, 0.52558835752, 0.21198900244]
    ],
    [
      [0.63741498858, 0.033002326118, 0.11359106046, 0.18769798278, 0.028293642072],
      [0.042829818176, 0.020844684607, 0.8405974802, 0.0081350760828, 0.087592940938],
      [0.0039596897404, 0.0049505641554, 0.0034136093711, 0.98026770934, 0.0074084273928],
      [0.020936835341, 0.44680341082, 0.13880759783, 0.30534324137, 0.088108914636],
      [0.02233507378, 0.019432575316, 0.14905106958, 0.60238131029, 0.20679997104]
    ],
    [
      [0.53356423024, 0.027605283684, 0.19559642572, 0.21859701542, 0.024637044935],
      [0.021996268154, 0.010788134417, 0.91411555927, 0.0058572350079, 0.047242803149],
      [0.002830480634, 0.0035737470728, 0.0050209233025, 0.98300864198, 0.0055662070092],
      [0.01631224174, 0.353394155, 0.22436930899, 0.3337801313, 0.07214416297],
      [0.015809465783, 0.01387277879, 0.2189640834, 0.59761648132, 0.1537371907]
    ],
    [
      [0.63375265054, 0.041453704169, 0.11320231992, 0.16019585848, 0.051395466878],
      [0.029947972944, 0.023865492404, 0.7932942674, 0.006255702835, 0.14663656441],
      [0.003387251867, 0.0070632495769, 0.0037720920326, 0.97055822108, 0.015219185442],
      [0.01347810461, 0.50975314365, 0.1170451145, 0.22233925235, 0.13738438489],
      [0.015495218369, 0.022384277488, 0.13505326367, 0.47258335804, 0.35448388244]
    ],
    [
      [0.89180400077, 0.0050029673819, 0.048511402585, 0.02911604862, 0.025565580643],
      [0.092764312642, 0.0062848638066, 0.73860861872, 0.0024720305538, 0.15987017428],
      [0.023910200528, 0.0042816267836, 0.007850566273, 0.92672224371, 0.037235362705],
      [0.080524977063, 0.25155038188, 0.20900654047, 0.16989280397, 0.28902529661],
      [0.062863184506, 0.0076773374684, 0.1648137058, 0.24337785129, 0.52126792093]
    ],
    [
      [0.74497106288, 0.035159325919, 0.067437027924, 0.11895535898, 0.033477224296],
      [0.067281874012, 0.032235668932, 0.74131363657, 0.007451297038, 0.15171752344],
      [0.0065914007862, 0.0081533938975, 0.0031137974813, 0.9685935865, 0.013547821337],
      [0.02543543053, 0.54494656538, 0.092899636385, 0.21827636916, 0.11844199854],
      [0.031469345004, 0.027072402297, 0.11552572872, 0.4991772888, 0.32675523517]
    ],
    [
      [0.37392891615, 0.12217790934, 0.21484926868, 0.25269137976, 0.036352526079],
      [0.014738645548, 0.0427105793, 0.87425989252, 0.0060873324053, 0.062203550227],
      [0.001838039388, 0.013630572241, 0.0048231276713, 0.97263661435, 0.0070716463499],
      [0.0053798434293, 0.67041284366, 0.10845708253, 0.16914508559, 0.0466051448],
      [0.0096686403371, 0.049985988409, 0.19644019941, 0.56017687527, 0.18372829658]
    ],
    [
      [0.41894451618, 0.076366836423, 0.2033530724, 0.25481486445, 0.046520710539],
      [0.01801726986, 0.02819668684, 0.86361817339, 0.0065225427037, 0.083645327209],
      [0.0021783697566, 0.008650820448, 0.0046709019668, 0.97529675669, 0.009203151138],
      [0.0083571497781, 0.54808498077, 0.13716063814, 0.22693717445, 0.079460056866],
      [0.011010863284, 0.030547992726, 0.18223246056, 0.547141038, 0.22906764543]
    ],
    [
      [0.5813987633, 0.038554672294, 0.16976881377, 0.13531605454, 0.074961696086],
      [0.025200890066, 0.015644553332, 0.80603788235, 0.0037767798792, 0.14933989437],
      [0.0048726607651, 0.0077708315919, 0.0068228926539, 0.9542825928, 0.02625102219],
      [0.01604288746, 0.43112855788, 0.17332354346, 0.18386161109, 0.19564340011],
      [0.016362502625, 0.018136879801, 0.17832129023, 0.34459984654, 0.4425794808]
    ],
    [
      [0.70912931571, 0.033163579718, 0.098733178085, 0.11304924491, 0.04592468158],
      [0.05553636966, 0.022380230534, 0.76585375613, 0.0052889757183, 0.15094066796],
      [0.008131011444, 0.0083165627012, 0.0050186371839, 0.9584317865, 0.020102002171],
      [0.02831610845, 0.47802287957, 0.13376847533, 0.20227655967, 0.15761597698],
      [0.0315129847, 0.022510431526, 0.15012615217, 0.41177500236, 0.38407542925]
    ],
    [
      [0.46999810324, 0.030244117607, 0.25058633756, 0.21530941904, 0.033862022559],
      [0.015870670876, 0.0092652458164, 0.91914656152, 0.0045097253248, 0.051207796459],
      [0.002580384806, 0.0038572910556, 0.0063542357598, 0.97965032557, 0.0075577628043],
      [0.013344092282, 0.35064721127, 0.25553686866, 0.29233616498, 0.088135662802],
      [0.013030058894, 0.013563308775, 0.25174101518, 0.53120654308, 0.19045907407]
    ]
  ],
  "expected_outcome": [
    [
      [29.6956133509, 20.1940982922, 32.2881687842, 23.9391551168, 23.3324642906, 6.8094652559, 3.5784224589, 6.4244807973, 3.8519447525, 1.9544794958, 8.985214193, 2.5907233431, 5.787369695, 8.5520677047, 6.685835351, 2.0575555815, 13.7157273721, 3.48549919, 6.6029493434, 3.0497191187, 6.8173149577, 7.3820673053, 0.37449145741, 2.6829217219, 3.8787125637, 11.2731295357, 9.5275857089, 11.401673437, 2.9548781961, 15.7838876888, 3.9194751882, 17.5325677422, 8.8831399864, 0.52725037356, 21.5283231178, 3.4151090881, 9.6683197825, 15.6701455584, 3.4810813401, 2.4514188338, 2.1630570678, 0.80150453734, 9.6259896643, 0.56237039452, 2.8584200819, 1.8027225972, 0.63065261103, 5.409522274, 12.8004280645, 15.617321895, 24.766725409, 1.2383593482, 9.3813990171, 3.7281803641, 1.3729686264, 0, 0.61473486445, 8.9324064592, 4.46190492, 3.7349496117, 0, 5.3508240046, 5.2147974402, 1.4957156646, 20.1093367767, 4.0697913431, 62.4033797825, 6.5799734453],
      [2.8089468373, 2.6695174331, 5.0599999398, 2.410963508, 3.07696107, 0.13571145511, 0.95345508505, 0.47565901588, 0.31735768495, 0.093919806441, 0.25249288276, 0.29038413743, 0.75359641018, 1.3315210235, 0.61570515835, 0.31811382007, 1.694480296, 0.21866802836, 0.20760297194, 0.2412615733, 0.88442264341, 1.4288703596, 0.044071038274, 0.15026403768, 0.21359997232, 1.098742129, 1.7116619818, 1.459043549, 0.19473416796, 1.6460063554, 0.075329535378, 2.4276386807, 0.8006851736, 0.055929170499, 2.107342224, 0.29304168868, 0.63706644913, 1.0580400519, 0.10102167186, 0.32794580854, 0.28680175516, 0.61369582671, 0.684905821, 0.041515585156, 0.39117083347, 0.15403849654, 0.21295536142, 0.49104630659, 1.3812759815, 1.485803475, 3.716436847, 0.094514279919, 1.6973097555, 0.22198849513, 0.041492064298, 0, 0.066782859686, 1.4448411778, 0.23101628282, 0.19323698579, 0, 0.030017804292, 0.24611528143, 0.48871163735, 3.6656081483, 0.26988270606, 2.9183950152, 0.4234176465],
      [8.0005824767, 7.8649967302, 17.194798806, 6.8944509859, 9.1691724434, 0.83792423911, 3.6019869453, 1.687701107, 1.4994791793, 0.71988756979, 0.70075987801, 1.1383578957, 1.8042157215, 3.333141607, 3.1962583788, 1.0225361075, 7.0013168191, 1.3944047584, 1.1347336549, 0.42353092425, 1.908870574, 2.8402614021, 0.12490494137, 0.68989411583, 0.6461706009, 4.1599733821, 6.3272985619, 5.9135535043, 0.81265434649, 4.8950397891, 0.313958402, 5.9148604681, 1.7553500409, 0.13748869165, 7.6556846868, 1.3275938293, 3.6165430374, 1.7878037227, 0.32272642849, 0.79490662428, 0.90460497221, 0.44363708397, 4.165931774, 0.19724132599, 1.0041989605, 0.31001241836, 0.29030829026, 1.6240543691, 4.806016754, 5.0396073564, 7.3230183709, 0.42765006036, 2.8232692852, 1.1548646801, 0.41885552281, 0, 0.14953512269, 3.4239642967, 0.79513742321, 1.3691749801, 0, 0.29106841551, 0.47205919547, 0.85939707472, 9.7609474754, 1.1883816964, 8.6885196714, 3.5082087258],
      [5.9739893628, 5.7706540088, 11.3873902535, 5.1773921346, 6.286362444, 1.9668325862, 1.957180809, 0.94994062485, 1.9922792316, 2.0972591498, 0.90985453742, 1.6874518637, 2.1135074164, 1.3341150841, 0.88145817846, 0.38240639114, 2.5202159754, 0.59555526196, 0.70648020394, 0.19085636074, 1.8375126549, 3.8462768109, 0.3757241623, 2.1096023527, 1.0218858981, 4.6564000738, 6.4364852142, 6.0797937729, 0.7143537528, 4.5400627176, 0.61371472899, 6.6046397763, 2.1678647705, 0.24201766837, 3.2853395746, 0.48475938726, 1.2878472362, 2.3785400611, 0.90550243885, 1.9043659366, 0.54192054345, 1.0026526635, 3.5512466039, 0.12843289017, 1.471953557, 0.60862501244, 0.72017034334, 1.1591082389, 5.3285100253, 5.7150388939, 5.4914490362, 1.1833223503, 3.6236388355, 1.4258187296, 0.12094484689, 0, 0.15000077094, 3.5703740597, 1.3138858794, 1.5301791079, 0, 0.17469629172, 0.83268751285, 1.010765519, 12.2311134936, 0.9472123818, 9.9483335518, 3.0143318665],
      [1.5208679723, 1.5007335357, 3.0696422165, 1.5780382546, 2.135039752, 0.25006646367, 0.90895470167, 0.46221845492, 0.33893915163, 0.13445397807, 0.15167850882, 0.29308276009, 0.54131075693, 0.44915458071, 0.62074293338, 0.21938809978, 1.0682595374, 0.30587276134, 0.34823382586, 0.094632023058, 0.55187916995, 0.50252412206, 0.080808400653, 0.36731777192, 0.23963096497, 0.81175487931, 0.99696853328, 1.1459357369, 0.32337953666, 1.135003449, 0.077522145417, 1.5202933327, 0.39296002862, 0.037314095925, 1.4233103968, 0.47949600665, 0.79022349475, 1.1054706058, 0.18966812074, 0.52136279675, 0.10361566134, 0.13850988847, 0.97192613685, 0.070439804163, 0.27425656713, 0.12460147551, 0.14591339396, 0.3162688114, 0.68376917466, 1.1422283796, 1.7023703369, 0.056153961237, 0.47438310663, 0.46914773104, 0.04573893962, 0, 0.018946382231, 0.62841400664, 0.19805549451, 0.17245931454, 0, 0.15339348386, 0.23434057007, 0.14541010432, 2.2329941059, 0.5247318726, 4.0413719791, 0.47406831582]
    ],
    [
      [15.7903244848, 7.7049472107, 6.5046465362, 12.617323219, 9.4997165247, 1.4216993275, 0.36371998574, 1.5944036995, 0.62469781851, 0.61311984466, 6.7196167675, 0.77776800913, 0.54297083479, 2.1428067676, 4.0441017749, 2.4278364056, 7.6984308387, 3.6934540368, 8.7510735407, 6.9984056373, 1.3428181955, 1.4399432693, 0.39978753345, 0.66974163803, 2.1139094037, 4.5499313116, 5.7763753865, 7.0245994277, 0.31568022527, 10.7052934542, 0.83736820724, 12.4319645105, 8.2115626548, 1.2970820529, 10.8156247979, 1.5694679212, 7.4429659748, 5.9489793988, 1.0997345893, 0.94825126669, 1.3655632693, 0.44299456558, 1.7685866506, 0.33788674448, 1.069679235, 1.4744700331, 0.43891253325, 2.6725235403, 4.8561227495, 6.41920568, 8.0562693089, 0.35016482574, 0.9725583298, 1.0798958226, 0.24254030281, 3.179851082e-05, 1.2326751165, 1.7634440545, 3.9403432722, 0.94583953063, 0.83854324244, 2.5046364413, 2.2875837164, 2.3581832876, 10.6121719478, 2.1924774357, 36.931685824, 0.85701622729],
