{
  "X": [
    [0, 31, 104, 2],
    [16, 121, 211, 11],
    [4, 36, 46, 1],
    [1, 21, 50, 1],
    [4, 22, 33, 3],
    [7, 36, 27, 2],
    [9, 84, 55, 10],
    [3, 24, 26, 2],
    [19, 88, 170, 18],
    [0, 19, 39, 1],
    [5, 44, 71, 4],
    [14, 149, 128, 4],
    [4, 36, 51, 5],
    [8, 75, 59, 4],
    [35, 355, 300, 34],
    [16, 111, 147, 16],
    [2, 97, 143, 15],
    [28, 64, 86, 8],
    [4, 88, 72, 11],
    [4, 44, 56, 2],
    [6, 84, 153, 7],
    [18, 79, 67, 9],
    [17, 90, 34, 8],
    [3, 188, 186, 34],
    [13, 66, 39, 3],
    [17, 183, 234, 15],
    [20, 211, 272, 28],
    [20, 235, 263, 22],
    [6, 110, 258, 13],
    [22, 135, 193, 25],
    [3, 18, 44, 3],
    [2, 21, 53, 1],
    [5, 39, 147, 9],
    [8, 92, 38, 12],
    [16, 148, 234, 16],
    [27, 191, 219, 16],
    [16, 199, 230, 16],
    [18, 247, 273, 15],
    [5, 32, 151, 5],
    [7, 18, 28, 5],
    [5, 49, 81, 11],
    [17, 67, 83, 2],
    [5, 91, 147, 9],
    [28, 112, 135, 15],
    [1, 21, 102, 1],
    [1, 17, 68, 3],
    [21, 102, 91, 10],
    [5, 43, 65, 4],
    [5, 33, 39, 5],
    [33, 169, 193, 13],
    [2, 17, 16, 0],
    [106, 461, 560, 55],
    [19, 66, 35, 5],
    [1, 10, 46, 1],
    [2, 39, 90, 4],
    [41, 405, 333, 30],
    [83, 775, 522, 72],
    [54, 445, 375, 40],
    [4, 22, 72, 1],
    [22, 131, 63, 18],
    [4, 8, 27, 1],
    [18, 163, 190, 11],
    [1, 10, 44, 7],
    [3, 32, 88, 4],
    [31, 113, 86, 9],
    [24, 92, 29, 22],
    [5, 39, 62, 5],
    [13, 142, 335, 18],
    [32, 137, 96, 10],
    [18, 61, 26, 7],
    [10, 40, 21, 4],
    [8, 37, 58, 4],
    [12, 77, 122, 9],
    [6, 60, 78, 10],
    [9, 151, 124, 14],
    [2, 43, 49, 11],
    [11, 42, 65, 8],
    [25, 104, 126, 10],
    [21, 187, 130, 10],
    [5, 59, 116, 7],
    [1, 8, 36, 2],
    [11, 195, 144, 26],
    [8, 22, 18, 7],
    [1, 64, 56, 5],
    [2, 5, 19, 0],
    [1, 25, 36, 1],
    [8, 41, 75, 4],
    [10, 48, 37, 5],
    [10, 37, 31, 3],
    [33, 175, 104, 29],
    [61, 245, 160, 57],
    [7, 42, 36, 6],
    [13, 100, 135, 14],
    [29, 179, 196, 19],
    [4, 39, 45, 8],
    [21, 112, 120, 16],
    [15, 83, 113, 8],
    [59, 211, 238, 23],
    [10, 83, 56, 7],
    [3, 26, 75, 2],
    [74, 473, 670, 39],
    [4, 141, 59, 7],
    [12, 372, 221, 27],
    [21, 365, 221, 23],
    [13, 394, 150, 19],
    [3, 219, 88, 11],
    [8, 24, 95, 8],
    [4, 152, 100, 35],
    [233, 1412, 1587, 144],
    [42, 170, 158, 24],
    [202, 674, 662, 127],
    [34, 134, 125, 10]
  ],
  "W": [
    [4, 28, 99, 0, 6],
    [34, 95, 193, 5, 32],
    [8, 27, 41, 6, 5],
    [5, 15, 42, 0, 11],
    [8, 13, 34, 1, 6],
    [10, 30, 25, 2, 5],
    [11, 74, 48, 7, 18],
    [5, 12, 26, 4, 8],
    [22, 75, 168, 6, 24],
    [1, 15, 36, 5, 2],
    [5, 42, 67, 3, 7],
    [29, 110, 115, 17, 24],
    [11, 24, 48, 7, 6],
    [6, 71, 46, 8, 15],
    [40, 302, 268, 40, 74],
    [44, 70, 143, 8, 25],
    [8, 88, 128, 9, 24],
    [39, 52, 80, 4, 11],
    [7, 81, 60, 12, 15],
    [6, 28, 65, 0, 7],
    [14, 64, 149, 7, 16],
    [36, 51, 68, 6, 12],
    [32, 60, 27, 10, 20],
    [7, 169, 167, 29, 39],
    [10, 68, 32, 4, 7],
    [18, 169, 206, 22, 34],
    [20, 179, 262, 22, 48],
    [23, 208, 230, 21, 58],
    [15, 94, 248, 7, 23],
    [30, 119, 185, 11, 30],
    [5, 12, 45, 1, 5],
    [0, 14, 53, 4, 6],
    [6, 27, 135, 10, 22],
    [12, 77, 35, 6, 20],
    [19, 125, 205, 20, 45],
    [46, 128, 215, 22, 42],
    [28, 143, 226, 36, 28],
    [43, 191, 253, 25, 41],
    [5, 25, 143, 3, 17],
    [10, 14, 23, 5, 6],
    [10, 35, 69, 11, 21],
    [16, 55, 88, 4, 6],
    [12, 75, 129, 8, 28],
    [39, 73, 141, 12, 25],
    [6, 10, 99, 1, 9],
    [4, 8, 66, 2, 9],
    [24, 81, 81, 15, 23],
    [15, 30, 56, 1, 15],
    [5, 24, 40, 3, 10],
    [67, 121, 181, 8, 31],
    [5, 11, 17, 0, 2],
    [175, 350, 545, 27, 85],
    [38, 44, 40, 0, 3],
    [1, 4, 45, 2, 6],
    [6, 30, 80, 5, 14],
    [81, 306, 349, 17, 56],
    [154, 613, 509, 70, 106],
    [94, 348, 386, 44, 42],
    [2, 15, 75, 2, 5],
    [63, 89, 65, 7, 10],
    [5, 6, 28, 0, 1],
    [31, 118, 196, 9, 28],
    [1, 11, 38, 0, 12],
    [7, 27, 84, 6, 3],
    [68, 68, 78, 11, 14],
    [82, 42, 30, 2, 11],
    [21, 27, 56, 4, 3],
    [15, 115, 316, 21, 41],
    [82, 81, 92, 6, 14],
    [40, 36, 21, 9, 6],
    [22, 25, 19, 1, 8],
    [19, 24, 51, 1, 12],
    [22, 62, 113, 4, 19],
    [10, 37, 78, 8, 21],
    [15, 124, 119, 15, 25],
    [3, 44, 49, 3, 6],
    [11, 36, 58, 1, 20],
    [26, 84, 123, 5, 27],
    [40, 136, 141, 16, 15],
    [9, 46, 111, 11, 10],
    [2, 10, 29, 2, 4],
    [13, 176, 124, 32, 31],
    [9, 22, 15, 4, 5],
    [9, 37, 53, 12, 15],
    [2, 4, 20, 0, 0],
    [4, 21, 29, 1, 8],
    [20, 24, 72, 2, 10],
    [22, 27, 40, 3, 8],
    [21, 18, 32, 0, 10],
    [54, 136, 107, 16, 28],
    [130, 185, 168, 11, 29],
    [16, 26, 38, 3, 8],
    [15, 75, 134, 15, 23],
    [71, 118, 190, 13, 31],
    [7, 38, 32, 4, 15],
    [34, 90, 119, 6, 20],
    [36, 62, 101, 6, 14],
    [98, 145, 236, 13, 39],
    [15, 61, 54, 8, 18],
    [8, 19, 71, 0, 8],
    [88, 377, 642, 43, 106],
    [8, 125, 58, 9, 11],
    [25, 282, 237, 33, 55],
    [37, 283, 222, 35, 53],
    [25, 327, 142, 36, 46],
    [5, 187, 96, 16, 17],
    [8, 16, 84, 9, 18],
    [9, 142, 115, 8, 17],
    [466, 1020, 1402, 113, 375],
    [57, 131, 151, 24, 31],
    [281, 506, 675, 43, 160],
    [72, 80, 126, 1, 24]
  ],
  "method": "mult",
  "cond_prob": [
    [
      [0, 0.86772236579, 0.015020993985, 0.11725664023],
      [0, 0.91078542323, 0.051202874289, 0.038011702481],
      [0, 0.059750639986, 0.93732437461, 0.0029249854007],
      [0, 0.90537294242, 0.046378603486, 0.048248454094],
      [0, 0.23337045082, 0.65981449145, 0.10681505773]
    ],
    [
      [0.42045420903, 0.49555617622, 0.0076823269847, 0.076307287771],
      [0.010575370252, 0.90015808809, 0.045720256066, 0.043546285591],
      [0.0066296579065, 0.066555000366, 0.92305883778, 0.0037565039451],
      [0.0031732963254, 0.8997974226, 0.041642055119, 0.055387225956],
      [0.042324921814, 0.23797135032, 0.59811165423, 0.12159207364]
    ],
    [
      [0.47693082438, 0.48773728193, 0.0077075254187, 0.027624368279],
      [0.011478899652, 0.92481006693, 0.047511980478, 0.016199052936],
      [0.0068399905278, 0.064020447887, 0.92782428155, 0.0013152800344],
      [0.0034678764774, 0.93206237151, 0.043629870465, 0.020839881551],
      [0.048092833672, 0.25110460121, 0.6527183773, 0.048084187824]
    ],
    [
      [0.23836364559, 0.70663465769, 0.010932960419, 0.044068736295],
      [0.0038032918767, 0.93195534608, 0.046450866752, 0.017790495294],
      [0.0023290772172, 0.065215471616, 0.9309730794, 0.0014823717674],
      [0.0011414647493, 0.93368901209, 0.042404891691, 0.022764631469],
      [0.016716042244, 0.26110847457, 0.66674149638, 0.055433986814]
    ],
    [
      [0.42409884069, 0.47260177235, 0.0055578882028, 0.097741498758],
      [0.010085319974, 0.89919262041, 0.034024941579, 0.056697118041],
      [0.0081340631802, 0.082630534624, 0.90303748602, 0.0061979161762],
      [0.0030059042915, 0.89408456683, 0.030827022928, 0.072082505947],
      [0.045875585646, 0.26088246351, 0.50848110977, 0.18476084108]
    ],
    [
      [0.55340519985, 0.3972403791, 0.0055088262895, 0.043845594765],
      [0.016362194355, 0.91144424343, 0.04109480403, 0.031098758181],
      [0.010989378558, 0.071057462359, 0.91510764008, 0.0028455189986],
      [0.0049382361668, 0.91741674359, 0.037686999731, 0.03995802051],
      [0.070113538724, 0.25328530941, 0.58205311147, 0.0945480404]
    ],
    [
      [0.51397274789, 0.39054334007, 0.0052949578033, 0.090188954239],
      [0.015409333449, 0.88171854437, 0.03911684755, 0.063755274632],
      [0.010991057945, 0.073963072446, 0.9088011153, 0.0062447543126],
      [0.0046075723871, 0.87893780212, 0.035528235999, 0.080926389498],
      [0.062615569223, 0.2352636, 0.52109646846, 0.18102436232]
    ],
    [
      [0.45489640813, 0.48184769818, 0.0050440909545, 0.058211802731],
      [0.010382103811, 0.92438027405, 0.031152552792, 0.034085069343],
      [0.0090151744466, 0.091547361658, 0.89541991747, 0.0040175464216],
      [0.0031110661166, 0.92489624354, 0.028400989413, 0.043591700935],
      [0.053056591776, 0.30028316244, 0.52265260901, 0.12400763677]
    ],
    [
      [0.5410862468, 0.33330450942, 0.0052842877312, 0.12032495606],
      [0.018716838829, 0.8422106834, 0.043709445277, 0.09536303249],
      [0.012155203999, 0.064404697495, 0.914926321, 0.0085137775093],
      [0.0055670920895, 0.83466838427, 0.039469991332, 0.12029453231],
      [0.065986631705, 0.19569054106, 0.5034563816, 0.23486644563]
    ],
    [
      [0, 0.87285927363, 0.015062677786, 0.11207804858],
      [0, 0.91362386035, 0.050801040665, 0.035575098985],
      [0, 0.058598828571, 0.93871931002, 0.0026818614083],
      [0, 0.90859874983, 0.046034316407, 0.045366933758],
      [0, 0.23234507837, 0.66412332955, 0.10353159208]
    ],
    [
      [0.57715711404, 0.34783645562, 0.0056872013594, 0.069319228978],
      [0.018146863411, 0.8804187125, 0.046918889526, 0.05451553456],
      [0.01097166809, 0.062184941305, 0.92233996582, 0.0045034247806],
      [0.0054473361106, 0.88205891347, 0.042830365105, 0.069663385313],
      [0.068090461182, 0.21458761632, 0.57345500722, 0.14386691528]
    ],
    [
      [0.42814935411, 0.53656486096, 0.0073050492997, 0.027980735631],
      [0.010266991507, 0.93281855872, 0.041627849289, 0.015286600486],
      [0.0069998897717, 0.075060059336, 0.91650600011, 0.0014340507789],
      [0.0031025838902, 0.93912825604, 0.038185932846, 0.019583227225],
      [0.046926839852, 0.28167374622, 0.62265985424, 0.048739559687]
    ],
    [
      [0.3651868923, 0.49822713459, 0.0075602187057, 0.1290257544],
      [0.0083760042444, 0.87792930858, 0.04330968197, 0.070385005208],
      [0.0054576165103, 0.066456954175, 0.92182950906, 0.0062559202568],
      [0.0024877552909, 0.86948375173, 0.03908233898, 0.088946153998],
      [0.032555576225, 0.22162920764, 0.55212833485, 0.19368688129]
    ],
    [
      [0.63164050277, 0.32683539183, 0.0053491413037, 0.036174964105],
      [0.022286822266, 0.8984965703, 0.048105050236, 0.031111557203],
      [0.013101074122, 0.06209560536, 0.92229316344, 0.0025101570786],
      [0.0067577850855, 0.90882760821, 0.044333937221, 0.040080669486],
      [0.085661916175, 0.22603254173, 0.60484379285, 0.083461749251]
    ],
    [
      [0.5134066807, 0.40482756022, 0.0057444386071, 0.076021320467],
      [0.015768878773, 0.89005955844, 0.041470002315, 0.052701560473],
      [0.010786396158, 0.072104936796, 0.91213829453, 0.0049703725174],
      [0.0047360384519, 0.89041817332, 0.037801024437, 0.067044763792],
      [0.063856676347, 0.23901738653, 0.54876279145, 0.14836314567]
    ],
    [
      [0.34640450487, 0.52550871161, 0.0069523797625, 0.12113440376],
      [0.0081361674606, 0.88903186289, 0.038512071762, 0.064319897887],
      [0.0059656844155, 0.076783552006, 0.91076405021, 0.0064867133636],
      [0.0024221335836, 0.88161024353, 0.03479786901, 0.081169753875],
      [0.034217655931, 0.24680050145, 0.53003550123, 0.1889463414]
    ],
    [
      [0.19629846163, 0.61024277893, 0.0098246508711, 0.18363410857],
      [0.0037081285534, 0.86852871483, 0.045784677814, 0.0819784788],
      [0.0023241889304, 0.064142392655, 0.92646956441, 0.007063854006],
      [0.0010950404911, 0.85509490313, 0.04107198834, 0.10273806803],
      [0.013874021147, 0.21367126049, 0.55864581863, 0.21380889974]
    ],
    [
      [0.58254859681, 0.339169067, 0.0059096845402, 0.072372651655],
      [0.020670709811, 0.87148484424, 0.049648821545, 0.058195624406],
      [0.011878882445, 0.058813705835, 0.92471590246, 0.0045915092569],
      [0.0062235662105, 0.87408197944, 0.045372532517, 0.074321921835],
      [0.073376178931, 0.20364100157, 0.57817639279, 0.14480642671]
    ],
    [
      [0.392752674, 0.47248256644, 0.0075622933374, 0.12720246622],
      [0.0094267609814, 0.87142197273, 0.045657669733, 0.073493596551],
      [0.0058690893489, 0.063876610441, 0.92396988643, 0.0062844137811],
      [0.0028001257991, 0.86327958377, 0.041211765701, 0.092708524732],
      [0.035294329275, 0.2140295653, 0.55872592369, 0.19195018174]
    ],
    [
      [0.43876139834, 0.51175020599, 0.0047621496947, 0.044726245972],
      [0.010016345664, 0.93641791076, 0.028289950088, 0.025275793488],
      [0.0096100551714, 0.10417528296, 0.88291116619, 0.0033034956785],
      [0.0030092605084, 0.93879780493, 0.025842802573, 0.032350131987],
      [0.055441766046, 0.33492724612, 0.51055305223, 0.099077935597]
    ],
    [
      [0.36393014491, 0.54080466027, 0.0078180893354, 0.087447105479],
      [0.0081853830404, 0.90336465076, 0.042715655286, 0.04573431091],
      [0.0054615621807, 0.070874830826, 0.91947377719, 0.0041898298073],
      [0.002448621174, 0.90068239277, 0.038805641247, 0.058063344812],
      [0.034248575047, 0.24847144234, 0.58340108349, 0.13387889912]
    ],
    [
      [0.44106119734, 0.46345891389, 0.0057541602109, 0.089725728557],
      [0.011772023527, 0.89743212822, 0.036430277488, 0.054365570768],
      [0.0090055144649, 0.080610844919, 0.90467402235, 0.0057096182662],
      [0.0035217641124, 0.89440483307, 0.033081414252, 0.068991988566],
      [0.05150937392, 0.25841567614, 0.52333368447, 0.16674126547]
    ],
    [
      [0.45627177337, 0.47052888, 0.0053528663085, 0.067846480326],
      [0.012175529572, 0.91261957673, 0.033979852803, 0.041225040898],
      [0.0098200404536, 0.086527286871, 0.89908410142, 0.0045685712607],
      [0.0036556671283, 0.9128811174, 0.030968073349, 0.052495142121],
      [0.057073680812, 0.28172200763, 0.52601108324, 0.13519322832]
    ],
    [
      [0.21339004878, 0.56514521707, 0.0086173256365, 0.21284740851],
      [0.0043344675544, 0.85204448753, 0.042621496852, 0.10099954806],
      [0.0029041589437, 0.06750927796, 0.92026518034, 0.0093213827526],
      [0.0012740879802, 0.83479446923, 0.038048672383, 0.12588277041],
      [0.016067059035, 0.20851375421, 0.51527294786, 0.2601462389]
    ],
    [
      [0.69261700214, 0.27395412451, 0.0045326418999, 0.028896231449],
      [0.029546901731, 0.8927351851, 0.048306801483, 0.029411111688],
      [0.017114394294, 0.06072023136, 0.9198310842, 0.0023342901483],
      [0.0090131174061, 0.90809595639, 0.044769749127, 0.038121177076],
      [0.11038364055, 0.21846915839, 0.59408809762, 0.077059103448]
    ],
    [
      [0.53689876237, 0.38962178918, 0.0065236986533, 0.066955749799],
      [0.016772286982, 0.88657749218, 0.048697981648, 0.047952239186],
      [0.0098885995851, 0.061803384014, 0.92441438304, 0.0038936333578],
      [0.0050490134842, 0.88925916488, 0.044505888434, 0.061185933207],
      [0.062633723948, 0.21892857316, 0.59380631721, 0.12463138568]
    ],
    [
      [0.50712715906, 0.387378749, 0.005566173814, 0.099927918121],
      [0.015750925867, 0.87227621325, 0.041122353512, 0.070850507367],
      [0.010851724021, 0.071076028931, 0.91134727883, 0.0067249682162],
      [0.0047060440664, 0.86828765136, 0.037297834623, 0.089708469954],
      [0.061283326451, 0.22456419857, 0.52237111388, 0.19178136111]
    ],
    [
      [0.49537827494, 0.42286694374, 0.0064430123067, 0.07531176901],
      [0.014444297748, 0.89101579895, 0.044552442606, 0.049987460691],
      [0.0092576437785, 0.067566229362, 0.91876110817, 0.0044150186883],
      [0.0043377913691, 0.89144044908, 0.040613781669, 0.063607977878],
      [0.056929894729, 0.23250466424, 0.57354328199, 0.13702215904]
    ],
    [
      [0.32285874538, 0.54128054587, 0.00875692931, 0.12710377943],
      [0.007152163121, 0.88118835055, 0.046698199759, 0.064961286565],
      [0.0044070284394, 0.064027645296, 0.92606075459, 0.0055045716758],
      [0.0021280368116, 0.87370736342, 0.042188772814, 0.081975826954],
      [0.027201914925, 0.22099460313, 0.57940721201, 0.17239626993]
    ],
    [
      [0.49903577052, 0.3672777601, 0.0057588562027, 0.12792761317],
      [0.015924456731, 0.84767883146, 0.043571625574, 0.092825086241],
      [0.010392711303, 0.065315503182, 0.91595360572, 0.0083381797987],
      [0.0047315101818, 0.83906617303, 0.039297458387, 0.1169048584],
      [0.057059629541, 0.20076054269, 0.51027707266, 0.23190275511]
    ],
    [
      [0.46734341768, 0.41262417069, 0.0056891924224, 0.11434321921],
      [0.011772443061, 0.87582441416, 0.038763573203, 0.073639569575],
      [0.0084674768852, 0.071519629951, 0.91285792856, 0.0071549646041],
      [0.0034945429251, 0.86806570163, 0.035009280427, 0.093430475018],
      [0.047722703906, 0.22486134754, 0.5126459931, 0.21476995546]
    ],
    [
      [0.77830610815, 0.20091459817, 0.0028271941511, 0.017952099531],
      [0.026265452669, 0.90787146352, 0.041149622218, 0.024713461593],
      [0.017740891615, 0.070269903314, 0.90972640346, 0.0022628016083],
      [0.0079370567858, 0.92187301754, 0.038074371277, 0.032115554393],
      [0.11427808973, 0.24429834519, 0.56639562462, 0.075027940457]
    ],
    [
      [0.48889525124, 0.37720602225, 0.0073258248599, 0.12657290165],
      [0.014153383257, 0.84411858536, 0.053438522394, 0.088289508987],
      [0.007649636394, 0.053316108675, 0.93248978288, 0.0065444720502],
      [0.004203664914, 0.83615064594, 0.048232829937, 0.1114128592],
      [0.046418298949, 0.18050638003, 0.57050487738, 0.20257044364]
    ],
    [
      [0.44787108916, 0.43935567513, 0.0047205229382, 0.10805271277],
      [0.01207332462, 0.88826815278, 0.031236689479, 0.068421833118],
      [0.010525679218, 0.09108957078, 0.89019129011, 0.0081934598886],
      [0.0035949090518, 0.88168411542, 0.028249366567, 0.086471608962],
      [0.054660537858, 0.26419783862, 0.46474086239, 0.21640076113]
    ],
    [
      [0.51037537572, 0.40524849562, 0.006708273957, 0.077667854701],
      [0.015283743047, 0.88350002602, 0.04795354138, 0.053262689557],
      [0.0091474142443, 0.06246191171, 0.92400088324, 0.004389790801],
      [0.0045892532168, 0.8839065415, 0.043713615985, 0.067790589294],
      [0.057170048627, 0.21838801592, 0.58573398739, 0.13870794806]
    ],
    [
      [0.45507772577, 0.47056532897, 0.0060125219288, 0.068344423325],
      [0.012242823642, 0.9081890071, 0.038057750644, 0.04151041861],
      [0.0090673488642, 0.079481237251, 0.90721703361, 0.0042343802715],
      [0.0036779040277, 0.90878441209, 0.03469953322, 0.052838150664],
      [0.054245464306, 0.2663452438, 0.55128146274, 0.12812782916]
    ],
    [
      [0.42846708137, 0.48406942152, 0.0066529175736, 0.080810579531],
      [0.011030047251, 0.9010133134, 0.040620508074, 0.047336131276],
      [0.0077052728923, 0.074406731382, 0.91333439153, 0.0045536041991],
      [0.0033057368617, 0.89961465141, 0.036954402225, 0.060125209505],
      [0.046675244725, 0.252258132, 0.56154733582, 0.13951928746]
    ],
    [
      [0.37193980847, 0.55381311168, 0.0078162731865, 0.06643080667],
      [0.0085650650145, 0.91452721107, 0.042356079936, 0.034551643981],
      [0.0057713976336, 0.072900292151, 0.91812050984, 0.0032078003731],
      [0.0025722830409, 0.91485783031, 0.038607180497, 0.043962706154],
      [0.036977488321, 0.26156154726, 0.59762276354, 0.10383820088]
    ],
    [
      [0.5453652899, 0.36216133246, 0.0070063019993, 0.085467075647],
      [0.016607799241, 0.86546214273, 0.054472689944, 0.063457368088],
      [0.0088122988601, 0.053481412788, 0.93309673979, 0.0046095485664],
      [0.0049737236346, 0.86462916958, 0.049587605675, 0.080809501107],
      [0.056402382912, 0.19089843975, 0.60148858139, 0.15121059595]
    ],
    [
      [0.57171201, 0.29318915988, 0.0061305633326, 0.12896826679],
      [0.020297264095, 0.81469042129, 0.055066347571, 0.10994596705],
      [0.010360907539, 0.04774979571, 0.93426163566, 0.0076276610961],
      [0.0060172945675, 0.80550542837, 0.049606789339, 0.13887048772],
      [0.060901312303, 0.15711898585, 0.54676764279, 0.23521205906]
    ],
    [
      [0.39782262429, 0.44418700777, 0.0074107850309, 0.15057958291],
      [0.010062601582, 0.85324083614, 0.046446409573, 0.090250152709],
      [0.0061761051097, 0.061276548104, 0.92494869992, 0.0075986468616],
      [0.0029777691607, 0.841843592, 0.041754939024, 0.11342369982],
      [0.035827474083, 0.19857498848, 0.54065596837, 0.22494156907]
    ],
    [
      [0.6468223602, 0.327482558, 0.0044268512258, 0.021268230575],
      [0.02431007997, 0.91662231198, 0.040483145667, 0.018584462387],
      [0.016812092199, 0.074359173469, 0.90706811513, 0.0017606192037],
      [0.0074087160739, 0.93106886899, 0.037467981453, 0.024054433484],
      [0.10571369618, 0.2614922358, 0.57598750131, 0.056806566701]
    ],
    [
      [0.33898824214, 0.55676046114, 0.0087556823601, 0.095495614358],
      [0.0073542338992, 0.89811787713, 0.046226654811, 0.04830123416],
      [0.0045628073848, 0.065596856045, 0.9257206092, 0.0041197273684],
      [0.0021978254217, 0.89460512916, 0.041955339907, 0.061241705506],
      [0.029293513499, 0.23534603107, 0.60111896838, 0.13424148705]
    ],
    [
      [0.51515751434, 0.39268312618, 0.0049513301304, 0.087208029354],
      [0.016099507787, 0.88559457749, 0.036568210142, 0.061737704576],
      [0.012304142453, 0.079745830155, 0.90146018751, 0.006489839886],
      [0.0048218095144, 0.88354991815, 0.033242664379, 0.078385607958],
      [0.067836893257, 0.24632163024, 0.50416714093, 0.18167433557]
    ],
    [
      [0.20172442716, 0.7376741318, 0.011255099676, 0.049346341369],
      [0.0031728138192, 0.93192776944, 0.045814620887, 0.019084795857],
      [0.0019881131651, 0.066787306633, 0.92959883119, 0.0016257490079],
      [0.00095188467556, 0.93285411274, 0.041789594126, 0.024404408458],
      [0.014076737587, 0.26438249883, 0.66129503454, 0.060245729034]
    ],
    [
      [0.24469480032, 0.60716625145, 0.0089496503073, 0.13918929792],
      [0.004233403915, 0.89148816799, 0.042134212903, 0.062144215191],
      [0.0028519386163, 0.068077804876, 0.92339034127, 0.005679915242],
      [0.0012544560098, 0.8821392733, 0.037992200014, 0.078614070677],
      [0.017511651881, 0.2331430061, 0.56620919529, 0.18313614673]
    ],
    [
      [0.5790406617, 0.35296700206, 0.0052186409968, 0.062773695235],
      [0.019947937913, 0.88754479579, 0.042976789662, 0.049530476634],
      [0.013099282667, 0.068668261779, 0.91376027609, 0.0044721794687],
      [0.0060125994526, 0.89135057415, 0.039326164107, 0.063310662295],
      [0.078583158263, 0.23054988444, 0.55460942244, 0.13625753485]
    ],
    [
      [0.34417466064, 0.57039352645, 0.0082827785833, 0.077149034329],
      [0.0073275200675, 0.9112916435, 0.043070685124, 0.038310151313],
      [0.004820170228, 0.069800238211, 0.92192940843, 0.0034501831304],
      [0.0021949521188, 0.90987099569, 0.039183321756, 0.048750730432],
      [0.031190952073, 0.25290224036, 0.60116473969, 0.11474206788]
    ],
    [
      [0.55401696006, 0.35270521555, 0.0042162391206, 0.08906158527],
      [0.016886826577, 0.88034720922, 0.034139093351, 0.068626870854],
      [0.013548490714, 0.081754114704, 0.89718892436, 0.0075084702175],
      [0.0050380978821, 0.8767519717, 0.030979189598, 0.087230740822],
      [0.072291898926, 0.24276708172, 0.47762026001, 0.20732075934]
    ],
    [
      [0.44742914655, 0.48221294299, 0.0067860864789, 0.063571823973],
      [0.011797154381, 0.90859173057, 0.041927854773, 0.037683260278],
      [0.0079991130313, 0.072767692289, 0.91571472059, 0.0035184740885],
      [0.0035481082856, 0.91016220703, 0.038269046069, 0.048020638613],
      [0.050116860537, 0.25549509212, 0.58278550607, 0.11160254127]
    ],
    [
      [0.41211058243, 0.5819128731, 0.0059765444727, 0],
      [0.0077944654735, 0.96076006629, 0.031445468238, 0],
      [0.0066105047114, 0.091090675988, 0.9022988193, 0],
      [0.0023528874769, 0.96875722651, 0.028889886011, 0],
      [0.045297959623, 0.34851322217, 0.60618881821, 0]
    ],
    [
      [0.48951830729, 0.41693877552, 0.0060027201448, 0.087540197051],
      [0.014677912583, 0.88486623564, 0.041840340659, 0.058615511116],
      [0.0099779516712, 0.071272894411, 0.91325334773, 0.0054958061845],
      [0.0043990800753, 0.88316572739, 0.038050128938, 0.074385063593],
      [0.058492723961, 0.23416843522, 0.54494484852, 0.1623939923]
    ],
    [
      [0.45457082944, 0.4746287364, 0.0052230449899, 0.065577389169],
      [0.012070105675, 0.91555302138, 0.032905786237, 0.039471086709],
      [0.010031724761, 0.089103821995, 0.89636949435, 0.0044949588924],
      [0.0036252068826, 0.91605982977, 0.029997691803, 0.050317271543],
      [0.057860950094, 0.2882054509, 0.52076522486, 0.13316837415]
    ],
    [
      [0.53576088905, 0.40611540041, 0.0059108243918, 0.052212886154],
      [0.010371842655, 0.91305928172, 0.0418404733, 0.034728402327],
      [0.0069718739849, 0.067385900694, 0.92250851984, 0.0031337054836],
      [0.0030964997089, 0.91410547765, 0.038174141835, 0.044623880807],
      [0.04626869208, 0.24573838769, 0.5967439677, 0.11124895252]
    ],
    [
      [0.3099394153, 0.58181743957, 0.0097498689956, 0.098493276132],
      [0.0060708489055, 0.89774376518, 0.048969541697, 0.047215844222],
      [0.0035602796767, 0.061353997114, 0.93129691384, 0.0037888093687],
      [0.0018117846315, 0.89383078857, 0.044425504142, 0.059931922661],
      [0.023611204215, 0.22680569575, 0.62063486059, 0.12894823945]
    ],
    [
      [0.40605073382, 0.51264720087, 0.0058920918181, 0.075409973486],
      [0.010165912283, 0.91302927522, 0.034456351534, 0.042348460967],
      [0.0082551902714, 0.087805581182, 0.89919808282, 0.0047411457274],
      [0.0030483312889, 0.91181718503, 0.031353631167, 0.053780852515],
      [0.047766731056, 0.28465088513, 0.5291766477, 0.13840573611]
    ],
    [
      [0.42930222687, 0.47528299749, 0.0060069340625, 0.089407841572],
      [0.011459445271, 0.89793663927, 0.037284670102, 0.053319245358],
      [0.0086652464896, 0.080500867395, 0.90527163471, 0.0055622514084],
      [0.0034302996052, 0.89512663586, 0.033866049939, 0.067577014596],
      [0.049819198119, 0.25935378493, 0.52975953468, 0.16106748227]
    ],
    [
      [0.45126087195, 0.4549985805, 0.0058743852859, 0.087866162269],
      [0.012494629416, 0.89504116409, 0.037949533342, 0.054514673152],
      [0.0092869147417, 0.078812464349, 0.9063136822, 0.0055869387044],
      [0.0037416025308, 0.89263821828, 0.034485319018, 0.069134860167],
      [0.053428922232, 0.25404284124, 0.53040691154, 0.16212132499]
    ],
    [
      [0.70034555308, 0.27166983355, 0.0038542607067, 0.024130352661],
      [0.025450890273, 0.90836822296, 0.041558489164, 0.024622397599],
      [0.017149199019, 0.070164500559, 0.91044081363, 0.002245486789],
      [0.0077237931959, 0.92186997389, 0.038431963457, 0.031974269452],
      [0.10847941538, 0.24530746799, 0.57142695391, 0.074786162713]
    ],
    [
      [0.34454789559, 0.51809990054, 0.0060895685682, 0.1312626353],
      [0.0082319093833, 0.88703223591, 0.034164912936, 0.070570941767],
      [0.0066823319681, 0.084895660234, 0.90054314246, 0.0078788653415],
      [0.0024459433508, 0.87786634884, 0.030807179469, 0.088880528337],
      [0.036032643334, 0.25659302562, 0.49150922619, 0.21586510486]
    ],
    [
      [0.63252660064, 0.29389925926, 0.0049729954225, 0.068601144683],
      [0.021198377183, 0.87301505731, 0.046394293515, 0.05939227199],
      [0.012734739632, 0.057170434855, 0.9253901262, 0.0047046993124],
      [0.0063577443438, 0.87454126227, 0.042352727537, 0.07674826585],
      [0.077962214059, 0.19636231496, 0.55988160493, 0.16579386604]
    ],
    [
      [0.43777194731, 0.49302432613, 0.0059482060515, 0.06325552051],
      [0.011246471297, 0.91561344218, 0.036211048676, 0.036929037847],
      [0.0087142939521, 0.083756124018, 0.90359144371, 0.0039381383228],
      [0.0033793923795, 0.91655676505, 0.03302817722, 0.047035665352],
      [0.052099911409, 0.28035787539, 0.54823870111, 0.11930351209]
    ],
    [
      [0.43813268761, 0.30988349754, 0.0070773845548, 0.24490643029],
      [0.01047849675, 0.7537918488, 0.055052202605, 0.18067745185],
      [0.0054373556598, 0.044147105007, 0.93767355561, 0.012741983727],
      [0.0030146757502, 0.72617030472, 0.048327400882, 0.22248761864],
      [0.028968388991, 0.12953805658, 0.49047624676, 0.35101730768]
    ],
    [
      [0.41238697478, 0.45090929689, 0.0084764620614, 0.12822726627],
      [0.0099655144719, 0.86157757209, 0.052670074527, 0.075786838911],
      [0.0054482465949, 0.054793285575, 0.93411650264, 0.005641965188],
      [0.0029594253199, 0.85362423612, 0.047549024661, 0.0958673139],
      [0.034219284609, 0.19185552027, 0.58933666864, 0.18458852648]
    ],
    [
      [0.44482558776, 0.48484692491, 0.0068726304802, 0.063454856854],
      [0.011643366407, 0.9088210989, 0.042196279904, 0.037339254794],
      [0.0078082237272, 0.071808437029, 0.91693920849, 0.0034441307491],
      [0.0035018084053, 0.91038630967, 0.038513131787, 0.047598750133],
      [0.049273676648, 0.25405760216, 0.58625271724, 0.11041600395]
    ],
    [
      [0.29179130357, 0.52943355276, 0.0052860441297, 0.17348909954],
      [0.006736152729, 0.87484195557, 0.028585676832, 0.089836214867],
      [0.0063470082172, 0.09686090542, 0.88515550317, 0.011636583195],
      [0.0019882483688, 0.86000694009, 0.025602716086, 0.11240209545],
      [0.030357766501, 0.2599320263, 0.42646740787, 0.28324279933]
    ],
    [
      [0.29467575377, 0.56043874781, 0.0095507310136, 0.13533476741],
      [0.0062267279664, 0.87914745893, 0.048764393711, 0.065861419398],
      [0.0036477675873, 0.059957967882, 0.93112618675, 0.0052680777814],
      [0.0018510072659, 0.87091301356, 0.044015922285, 0.083220056892],
      [0.023024493377, 0.21212105041, 0.59239805066, 0.17245640556]
    ],
    [
      [0.47837018717, 0.41759816795, 0.0069817210331, 0.097049923849],
      [0.013719797644, 0.87443478376, 0.04793090336, 0.063914515241],
      [0.0082301096529, 0.061958365466, 0.92453243787, 0.0052790870163],
      [0.004103008242, 0.87135086391, 0.043519105452, 0.081027022392],
      [0.050375582829, 0.21210462009, 0.57412730615, 0.16339249093]
    ],
    [
      [0.39365554065, 0.5351575709, 0.0068163383146, 0.064370550135],
      [0.0094507823962, 0.91757798932, 0.038297070506, 0.034674157779],
      [0.0069412875574, 0.079470710263, 0.9100837357, 0.0035042664748],
      [0.002839226983, 0.91810175731, 0.034914214005, 0.044144801702],
      [0.042962683654, 0.27578348939, 0.57118649222, 0.11006733474]
    ],
    [
      [0.4420688887, 0.46263041691, 0.0068348833513, 0.088465811042],
      [0.011746015116, 0.8919315641, 0.043066950353, 0.053255470435],
      [0.0075516896405, 0.067164201766, 0.92058909206, 0.0046950165298],
      [0.0035170876471, 0.88968048236, 0.039137730796, 0.067664699199],
      [0.04677390561, 0.23330024904, 0.57090325961, 0.14902258574]
    ],
    [
      [0.42515272282, 0.49449812245, 0.0057055655998, 0.074643589129],
      [0.010566013425, 0.91250170287, 0.034243588811, 0.042688694892],
      [0.0083594777116, 0.083793920986, 0.90323127636, 0.0046153249472],
      [0.0031666113593, 0.91131015875, 0.03115795661, 0.05436527328],
      [0.049342249151, 0.27742710076, 0.53230073512, 0.14092991497]
    ],
    [
      [0.41749320611, 0.49891039497, 0.0074744592258, 0.076121939695],
      [0.010143471256, 0.90312373965, 0.043983536754, 0.042749252341],
      [0.0065253736133, 0.067479780263, 0.92223303576, 0.003761810367],
      [0.0030414701191, 0.90245447301, 0.040046580443, 0.054457476424],
      [0.041644647701, 0.24144254027, 0.59312706817, 0.12378574386]
    ],
    [
      [0.4565996098, 0.44587689616, 0.0068881547203, 0.09063533932],
      [0.012384200042, 0.88640877027, 0.044785535789, 0.056421493902],
      [0.0078815577954, 0.066304068222, 0.92088260352, 0.0049317704617],
      [0.0037064028352, 0.88396176593, 0.040694330336, 0.071637500898],
      [0.048247717608, 0.22721301755, 0.57071449545, 0.15382476938]
    ],
    [
      [0.40524180914, 0.47042385526, 0.005552547284, 0.11878178832],
      [0.010059791538, 0.88602169669, 0.034119032393, 0.069799479383],
      [0.0081848171079, 0.084343874097, 0.89968142165, 0.0077898871473],
      [0.0029902693867, 0.87808556813, 0.030809684928, 0.088114477553],
      [0.044057810563, 0.25365277663, 0.48825592051, 0.2140334923]
    ],
    [
      [0.40885162781, 0.49045262854, 0.0063655447909, 0.094330198859],
      [0.010162372516, 0.89741387969, 0.03818192197, 0.054241825825],
      [0.0074920996109, 0.078109736416, 0.90889572698, 0.0055024369889],
      [0.0030364455192, 0.89359288285, 0.034641493948, 0.068729177678],
      [0.043813214764, 0.25531028721, 0.53792228731, 0.16295421071]
    ],
    [
      [0.38279515934, 0.38285645146, 0.0058320451155, 0.22851634409],
      [0.0094132636879, 0.8021177769, 0.039826896111, 0.1486420633],
      [0.0066069840035, 0.06578099638, 0.91336414275, 0.014247876871],
      [0.0027333381591, 0.77810120589, 0.035201587036, 0.18396386892],
      [0.031901476807, 0.17577951527, 0.43888818087, 0.35343082705]
    ],
    [
      [0.59067771638, 0.31791073826, 0.0048928417062, 0.08651870365],
      [0.021131478518, 0.86252428536, 0.043252254656, 0.073091981469],
      [0.013741054163, 0.065446478159, 0.91429803119, 0.0065144364897],
      [0.0063295110019, 0.86131873716, 0.03935477803, 0.092996973809],
      [0.078187503703, 0.20820293505, 0.52392077809, 0.18968878316]
    ],
    [
      [0.59118028938, 0.3467215523, 0.0047624911494, 0.057335667169],
      [0.020916763405, 0.89261397542, 0.040148201916, 0.046321059264],
      [0.014643098388, 0.073615408716, 0.90728207406, 0.0044594188333],
      [0.0063132764733, 0.89761727529, 0.036786512121, 0.059282936115],
      [0.08591521786, 0.24180800268, 0.53942339135, 0.13285338812]
    ],
    [
      [0.43536133142, 0.50124235816, 0.0056722830266, 0.057724027399],
      [0.01111239866, 0.92133131469, 0.034191087554, 0.033365199099],
      [0.0090527954161, 0.08866270363, 0.89854375158, 0.003740749373],
      [0.0033416599227, 0.9229248645, 0.031207262037, 0.042526213537],
      [0.053625399578, 0.29410875674, 0.53994476152, 0.11232108217]
    ],
    [
      [0.43067100356, 0.45154868726, 0.0073786512179, 0.11040165796],
      [0.010943947885, 0.87551042787, 0.046727559946, 0.066818064302],
      [0.0066987600765, 0.062847216195, 0.92484941915, 0.0056046045821],
      [0.0032608219116, 0.8698492794, 0.042301428303, 0.084588470382],
      [0.040913058259, 0.21421595291, 0.56969426873, 0.17517672011]
    ],
    [
      [0.53347844161, 0.31578402053, 0.0096923017675, 0.14104523609],
      [0.01311897575, 0.80115014625, 0.078459119192, 0.10727175881],
      [0.0048285083962, 0.033126905422, 0.95674558751, 0.0052989986682],
      [0.0038624348979, 0.78992354005, 0.070491413866, 0.13572261119],
      [0.033283614099, 0.12577806132, 0.64443135893, 0.19650696565]
    ],
    [
      [0.45924790822, 0.41356367657, 0.0063742385294, 0.12081417668],
      [0.013050911897, 0.86383712078, 0.043684467633, 0.079427499687],
      [0.0084972029952, 0.066512682514, 0.91786772067, 0.0071223938172],
      [0.0038828314749, 0.85647179209, 0.039463791617, 0.10018158482],
      [0.048680884911, 0.21292301059, 0.5323389777, 0.20605712681]
    ],
    [
      [0.60255652303, 0.24690387987, 0.0046835356527, 0.14585606144],
      [0.024315473362, 0.78469033993, 0.048293677472, 0.14270050924],
      [0.013776252251, 0.051344805884, 0.92388523852, 0.01099370334],
      [0.0071587215244, 0.77062791761, 0.043209537125, 0.17900382374],
      [0.072013231198, 0.14994780268, 0.47721190322, 0.3008270629]
    ],
    [
      [0.12130288818, 0.7666972422, 0.0087571127016, 0.10324275692],
      [0.001906140887, 0.92480111865, 0.034466757928, 0.038825982538],
      [0.0015399749083, 0.087420363993, 0.90674077074, 0.0042988903578],
      [0.00056804828979, 0.91905863615, 0.031209365759, 0.049163949797],
      [0.0094211926219, 0.29848611572, 0.55758762935, 0.13450506231]
    ],
    [
      [0.75981296457, 0.23644940227, 0.0037376331625, 0],
      [0.02374982591, 0.93158539765, 0.044664776442, 0],
      [0.014593142822, 0.058690324163, 0.92671653301, 0],
      [0.0072294017519, 0.95120399132, 0.041566606931, 0],
      [0.10717654973, 0.23930341571, 0.65352003456, 0]
    ],
    [
      [0.2857890588, 0.65924574589, 0.010443714061, 0.044521481255],
      [0.0047139952456, 0.92847951658, 0.047563235589, 0.019243252581],
      [0.0027990464883, 0.063417767488, 0.93222995312, 0.0015532329027],
      [0.0014143630063, 0.93051322833, 0.043432272862, 0.024640135806],
      [0.020203483928, 0.25426227514, 0.66707406118, 0.058460179757]
    ],
    [
      [0.39581087761, 0.52004618755, 0.0072570506047, 0.07688588423],
      [0.0093025022859, 0.90782587463, 0.041204939544, 0.041666683541],
      [0.0063798986969, 0.072409776169, 0.91730183141, 0.0039084937266],
      [0.0027879204516, 0.90666426702, 0.03749696383, 0.053050848696],
      [0.039935002934, 0.25409764194, 0.57976354709, 0.12620380804]
    ],
    [
      [0.40498061441, 0.50549144182, 0.0053026948281, 0.084225248951],
      [0.0098614553896, 0.91182142203, 0.031135748261, 0.047181374316],
      [0.0086354500081, 0.09293550481, 0.8927789459, 0.0056500992846],
      [0.0029496039527, 0.90882116573, 0.028275720402, 0.059953509916],
      [0.048045922495, 0.28989098191, 0.49980065385, 0.16226244174]
    ],
    [
      [0.41668632096, 0.52311224179, 0.0051536956858, 0.055047741569],
      [0.0099399124615, 0.9300969553, 0.029713042531, 0.030250089706],
      [0.0090496740948, 0.097831101856, 0.88935702773, 0.00376219632],
      [0.0029866204082, 0.93127746335, 0.027107337683, 0.038628578555],
      [0.052379970535, 0.31787928656, 0.51697302819, 0.11276771471]
    ],
    [
      [0.4670510278, 0.40349930275, 0.0048793386793, 0.12457033077],
      [0.014010013981, 0.86734453319, 0.03440038766, 0.084245065167],
      [0.011306436314, 0.082698421031, 0.89663367436, 0.0093614682984],
      [0.004164211332, 0.85869952143, 0.031031489412, 0.10610477782],
      [0.057691141391, 0.23639672427, 0.46408419356, 0.24182794078]
    ],
    [
      [0.4072959066, 0.41585834755, 0.0053835420233, 0.17146220383],
      [0.011631220638, 0.84303599244, 0.035819392455, 0.10951339447],
      [0.0090836842412, 0.077893770022, 0.9012359301, 0.011786615634],
      [0.0034292925887, 0.82776809212, 0.032045936146, 0.13675667914],
      [0.044553248291, 0.21414616819, 0.44921647683, 0.29208410669]
    ],
    [
      [0.38642983085, 0.49211760069, 0.0054601379706, 0.11599243048],
      [0.0093283177236, 0.89319708235, 0.0322253998, 0.065249200124],
      [0.0079161568352, 0.088057141609, 0.89646343173, 0.007563269824],
      [0.0027748354522, 0.88560138047, 0.029112265465, 0.082511518608],
      [0.042460204293, 0.264566671, 0.48299381056, 0.20997931414]
    ],
    [
      [0.51563942077, 0.38023161627, 0.0052695709312, 0.098859392034],
      [0.016024852046, 0.87315424235, 0.039617331034, 0.071203574568],
      [0.011387799164, 0.073083074525, 0.90857341271, 0.0069557135977],
      [0.0047859267839, 0.86907421656, 0.035929175243, 0.090210681409],
      [0.063434016123, 0.2276004801, 0.51220241142, 0.19676309235]
    ],
    [
      [0.38547937444, 0.51458249509, 0.0068200921079, 0.093118038357],
      [0.0094429399347, 0.90018061263, 0.039124009441, 0.051252437994],
      [0.0068289848996, 0.076901532469, 0.91116517793, 0.0051043046988],
      [0.0028242826142, 0.89671750393, 0.035511132288, 0.064947081169],
      [0.040568448061, 0.25602652435, 0.54991904844, 0.15348597915]
    ],
    [
      [0.4474298041, 0.40628058816, 0.0077077048883, 0.13858190285],
      [0.011885756184, 0.84603932032, 0.05230937309, 0.089765550408],
      [0.0064617387617, 0.053674421693, 0.93318229176, 0.0066815477802],
      [0.0035218295337, 0.83627150533, 0.047110316057, 0.11309634908],
      [0.039411733506, 0.18249662684, 0.56929346421, 0.20879817545]
    ],
    [
      [0.47768350959, 0.40876150692, 0.0056422285868, 0.1079127549],
      [0.014114054238, 0.87394854687, 0.03951347555, 0.072423923343],
