{
  "Z_true": {},
  "V_true": [
    [295, 43, 638, 209, 29],
    [18, 943, 110, 2644, 39],
    [26, 434, 105, 13756, 185],
    [980, 430, 8522, 2057, 273],
    [73, 169, 431, 1491, 507]
  ],
  "p_true": [
    [0.243, 0.0354, 0.5255, 0.1722, 0.0239],
    [0.0048, 0.2512, 0.0293, 0.7043, 0.0104],
    [0.0018, 0.0299, 0.0072, 0.9483, 0.0128],
    [0.0799, 0.0351, 0.695, 0.1678, 0.0223],
    [0.0273, 0.0633, 0.1614, 0.5582, 0.1898]
  ],
  "Z_est": [
    [
      [4.4762, 8.2064, 7.0873, 3.3572, 13.8016, 10.8175, 1.4921, 0.373, 0, 5.2222, 18.6509, 5.5953, 4.8492, 16.0397, 10.8175, 17.5318, 5.9683, 13.8016, 17.9048, 7.0873, 16.4128, 7.8334, 0.373, 12.6826, 0.373, 4.8492, 3.3572, 0.746, 0.7672, 2.2381, 1.4921, 0, 0, 0, 14.5477, 8.2064, 17.9048, 27.9763, 2.2381, 8.9524, 25.3652, 8.2064, 0.373, 11.5635, 4.8492, 13.0556, 0, 1.4921, 26.1112, 4.8492, 45.8811, 6.7143],
      [0.5164, 0.9467, 0.8176, 0.3873, 1.5922, 1.2479, 0.1721, 0.043, 0, 0.6025, 2.1516, 0.6455, 0.5594, 1.8504, 1.2479, 2.0225, 0.6885, 1.5922, 2.0656, 0.8176, 1.8934, 0.9037, 0.043, 1.4631, 0.043, 0.5594, 0.3873, 0.0861, 0, 0.2582, 0.1721, 0.416, 0, 0, 1.6783, 0.9467, 2.0656, 3.2274, 0.2582, 1.0328, 2.9262, 0.9467, 0.043, 1.334, 0.5594, 1.5061, 0, 0.1721, 3.0123, 0.5594, 5.293, 0.7746],
      [1.2562, 2.3031, 1.989, 0.9422, 3.8733, 3.0358, 0.4187, 0.1047, 0, 1.4656, 5.2342, 1.5703, 1.3609, 4.5014, 3.0358, 4.9202, 1.6749, 3.8733, 5.0248, 1.989, 4.6061, 2.1984, 0.1047, 3.5593, 0.1047, 1.3609, 0.9422, 0.2094, 0.2743, 0.6281, 0.4187, 0.1047, 0, 0, 4.0827, 2.3031, 5.0248, 7.8513, 0.6281, 2.5124, 7.1185, 2.3031, 0.1047, 3.2452, 1.3609, 3.6639, 0, 0.4187, 7.3279, 1.3609, 12.8762, 1.8843],
      [5.7512, 10.5438, 9.1061, 4.3134, 17.7328, 13.8987, 1.9171, 0.4793, 0, 6.7097, 23.9633, 7.189, 6.2305, 20.6084, 13.8987, 22.5255, 7.6683, 17.7328, 23.0048, 9.1061, 21.0877, 10.0646, 0.4793, 16.295, 0.4793, 6.2305, 4.3134, 0.9585, 0.9585, 2.8756, 1.9171, 0.4793, 0, 0, 18.6914, 10.5438, 23.0048, 35.9449, 2.8756, 11.5024, 32.5901, 10.5438, 0.4793, 14.8572, 6.2305, 16.7743, 0, 1.9171, 33.5486, 6.2305, 58.9497, 8.6268],
      [0, 0, 0, 0, 0, 0, 0, 0, 0, 0, 0, 0, 0, 0, 0, 0, 0, 0, 0, 0, 0, 0, 0, 0, 0, 0, 0, 0, 0, 0, 0, 0, 0, 0, 0, 0, 0, 0, 0, 0, 0, 0, 0, 0, 0, 0, 0, 0, 0, 0, 0, 0]
    ],
    [
      [2.0556, 3.9299, 1.8138, 1.0883, 4.7159, 4.8368, 0.7255, 1.2697, 0.9099, 4.9577, 13.6034, 3.7485, 3.9299, 9.2503, 5.1391, 8.6329, 6.046, 3.6276, 3.5067, 3.023, 8.3187, 2.3579, 0.2418, 2.7207, 0.5441, 1.2697, 1.6324, 0.4975, 0, 0.6651, 0, 0, 0, 0.3023, 4.2926, 3.2648, 7.8598, 11.8501, 1.0278, 5.3204, 12.8779, 3.3253, 0, 5.0182, 3.3857, 7.3761, 0.3023, 0.3628, 16.445, 4.6554, 26.965, 9.4922],
      [13.9402, 26.6504, 12.3002, 7.3801, 31.9805, 32.8005, 3.7691, 8.6101, 5.6766, 33.6205, 92.2515, 25.4204, 26.6504, 62.731, 34.8506, 45.5381, 41.0007, 24.6004, 22.2588, 20.5003, 49.0782, 15.9903, 1.6403, 18.4503, 3.6901, 8.6101, 10.2893, 0.9139, 0, 4.5101, 0, 0.9409, 0.4572, 0, 29.1105, 22.1404, 53.3092, 80.3739, 6.9701, 29.2328, 87.3314, 21.0533, 0, 34.0305, 22.9604, 50.0208, 2.05, 2.46, 111.5218, 31.5705, 182.8629, 64.371],
      [0.461, 0.8813, 0.4068, 0.2441, 1.0576, 1.0847, 0.1627, 0.2847, 0.1898, 1.1118, 3.0507, 0.8406, 0.8813, 2.0745, 1.1525, 6.3321, 1.3559, 0.8135, 2.308, 0.6779, 1.6542, 0.5288, 0.0542, 0.6101, 0.122, 0.2847, 0.3661, 0.0407, 0, 0.1491, 0, 0.0271, 0.0136, 1.4052, 0.9627, 0.7322, 1.7626, 2.6575, 0.2305, 1.1932, 2.888, 2.2428, 0, 1.1254, 0.7593, 1.6542, 0.0678, 0.0814, 3.6879, 1.044, 6.0472, 2.1287],
      [17.541, 33.5342, 15.4773, 9.2864, 40.241, 41.2729, 7.3427, 10.8341, 7.2228, 42.31, 116.0944, 31.9865, 33.5342, 78.9343, 43.8524, 64.4888, 51.5911, 30.9546, 29.9228, 25.7955, 62.9411, 20.1205, 2.0636, 23.216, 4.6432, 10.8341, 14.7104, 1.5477, 0, 5.675, 0, 1.0318, 0.5293, 3.2926, 36.6297, 27.8592, 67.0684, 101.1185, 8.7705, 52.2479, 109.889, 28.3751, 0, 42.8206, 28.891, 62.9411, 2.5796, 3.0955, 140.3277, 39.7251, 230.0962, 80.998],
      [0.0022, 0.0042, 0.0019, 0.0012, 0.005, 0.0052, 0, 0.0014, 0.0009, 0, 0, 0.004, 0.0042, 0.0099, 0.0055, 0.0081, 0.0064, 0.0039, 0.0037, 0.0032, 0.0079, 0.0025, 0, 0.0029, 0.0006, 0.0014, 0.0017, 0.0002, 0, 0.0007, 0, 0.0001, 0, 0, 0.0046, 0.0035, 0, 0, 0.0011, 0.0057, 0.0137, 0.0035, 0, 0.0053, 0.0036, 0.0079, 0.0003, 0.0004, 0.0175, 0.005, 0.0287, 0.0101]
    ],
    [
      [0, 4.495, 0, 1.8611, 0, 2.0465, 0.1659, 0, 0.8623, 2.8377, 4.0139, 5.1573, 1.5882, 0, 2.3467, 3.9586, 2.0227, 0, 2.56, 10.9591, 2.805, 0.8375, 0.1261, 3.3742, 0.0743, 0.3793, 0, 0.079, 0.1106, 0.4109, 0.5606, 0, 0, 0.0474, 0, 1.0109, 1.6682, 3.761, 0, 0, 0, 0, 0.0711, 6.2933, 0, 0, 0.1027, 0, 10.5985, 7.0622, 36.6052, 2.6362],
      [1.6404, 4.2801, 0, 3.1516, 0.9091, 2.1102, 0, 0.22, 0, 0, 0, 15.1525, 1.9623, 0, 2.4198, 0, 2.0858, 11.9115, 0, 2.6578, 0, 1.1539, 0.0652, 1.7436, 0.1222, 0.3911, 0, 0, 0, 0.4237, 0.2363, 0.4775, 0.0815, 0, 0, 0, 6.9442, 6.0652, 0.6349, 0, 0, 0, 0.0733, 17.1267, 2.5107, 2.7356, 0.1059, 0, 8.6946, 4.4661, 20.379, 2.542],
      [0, 3.7888, 8.9372, 0, 7.8058, 3.346, 0.2594, 0, 0, 1.9513, 0, 3.878, 2.4824, 0, 5.7293, 10.2693, 3.1616, 18.9714, 8.2786, 5.9916, 4.3843, 1.5181, 0.0988, 2.6429, 0.1853, 0.5928, 0, 0, 0.3971, 0.6422, 0, 0.1745, 0, 0.1702, 0, 1.1631, 27.9712, 7.436, 19.0532, 4.1249, 9.0406, 10.5552, 0.1112, 0, 8.4979, 6.2686, 0.1606, 0, 31.9971, 3.9289, 0, 0],
      [138.7778, 482.068, 411.1306, 105.1142, 849.0263, 249.6073, 20.5747, 26.0208, 40.8074, 153.211, 503.9861, 182.2288, 193.7107, 471, 286.2293, 482.8312, 247.5522, 204.9028, 312.2501, 233.0467, 347.711, 102.1559, 7.7099, 206.2393, 14.456, 46.2593, 74.2076, 9.8423, 13.4923, 50.1142, 25.6058, 6.677, 9.9185, 5.7824, 603.9202, 176.3212, 484.4164, 458.7378, 110.3119, 326.1738, 996.9594, 298.4448, 8.6736, 293.9415, 314.4114, 292.7984, 12.5286, 92.1801, 934.228, 240.9262, 1425.369, 306.1902],
      [3.5818, 2.3681, 5.9322, 0.8731, 12.2587, 1.89, 0, 0.7592, 0.3304, 0, 0, 1.5834, 1.2564, 0, 0.275, 3.9409, 1.1777, 3.2144, 0.9113, 3.3448, 0.0998, 0.3346, 0, 0, 0.1622, 0.3776, 2.7924, 0.0787, 0, 0.409, 2.5973, 0.671, 0, 0, 14.0798, 0.5047, 0, 0, 0, 3.7013, 0, 0, 0.0708, 6.6385, 2.5801, 5.1974, 0.1023, 24.8199, 4.4818, 8.6166, 17.6468, 0.6316]
    ],
    [
      [6.4271, 14.2181, 4.9568, 5.6369, 18.135, 11.2393, 0.6131, 0.3453, 1.209, 6.9156, 21.6034, 7.4476, 20.5694, 17.5781, 14.5957, 31.6764, 5.8723, 6.4817, 29.9309, 11.8484, 30.3454, 2.9352, 1.2539, 14.1403, 0, 0.4899, 2.9916, 0.5867, 0.7738, 3.674, 1.9405, 0, 0, 0.3385, 9.9714, 5.4648, 23.3583, 23.2773, 2.6896, 9.6261, 31.5138, 10.3707, 2.5559, 16.9914, 4.6863, 11.4964, 2.5864, 3.0887, 47.5388, 8.3664, 57.0659, 14.1214],
      [3.1975, 5.5359, 0, 1.1109, 7.5506, 0.8124, 0, 0.9211, 0, 0.6305, 2.3922, 2.8997, 9.7401, 3.1551, 5.7473, 0, 7.667, 8.3673, 0, 4.6132, 0, 2.3349, 3.2115, 4.932, 1.9977, 3.2336, 0, 0, 0, 2.6023, 0.474, 0.1344, 0.113, 0, 4.9776, 1.0016, 9.0946, 13.0112, 2.3725, 0, 6.5681, 0, 0.8836, 5.2158, 2.6173, 5.5028, 0.6971, 0, 18.5094, 3.2575, 72.1753, 16.695],
      [91.7956, 209.2406, 89.6745, 28.894, 285.3928, 216.0731, 16.6186, 8.7185, 15.8369, 101.9297, 260.4427, 109.6022, 131.2744, 287.6112, 266.1348, 476.8535, 183.4818, 157.2863, 325.9816, 174.3672, 271.7049, 92.0785, 9.9314, 183.981, 24.2365, 56.8695, 38.7185, 1.75, 13.0584, 41.6885, 15.5001, 1.4234, 3.7161, 5.1544, 244.2219, 80.4224, 346.5568, 515.6365, 93.81, 199.2219, 472.5706, 153.7278, 9.7842, 193.5462, 98.9482, 180.0608, 8.4202, 55.5801, 699.6037, 123.1246, 789.8526, 196.3107],
      [35.7785, 63.2984, 30.6371, 12.7027, 87.5934, 64.8752, 7.7683, 10.9966, 7.7754, 33.5242, 108.5617, 33.1563, 43.4161, 107.0962, 76.5222, 144.5409, 61.9789, 47.5815, 84.0875, 52.7487, 98.9497, 26.6514, 3.6033, 29.9467, 1.515, 21.007, 17.5742, 0.6459, 2.1679, 3.666, 4.9519, 0.4306, 2.1709, 1.5071, 85.8144, 25.4551, 103.9903, 139.0751, 27.1279, 60.5785, 152.4151, 51.9015, 2.8471, 59.6383, 29.9268, 54.4711, 1.9853, 17.2241, 211.6407, 37.247, 254.055, 63.1775],
      [0.8013, 1.707, 0.7316, 10.6554, 2.3283, 0, 0, 1.0185, 0.1786, 0, 0, 0.8941, 0, 0.5595, 0, 1.9292, 0, 1.2832, 0, 1.4225, 0, 0, 0, 0, 2.2508, 4.4001, 3.7158, 0.0174, 0, 2.3693, 0.1335, 0.0116, 0, 0, 2.0147, 0.6561, 0, 0, 0, 1.5735, 0.9324, 0, 0.9292, 1.6083, 2.8214, 1.469, 0.311, 4.1072, 5.7075, 1.0045, 6.8513, 1.6954]
    ],
    [
      [0.0411, 0.1507, 0.1421, 0.0565, 0.3476, 0.0599, 0.0034, 0.012, 0.0188, 0.0668, 0.1284, 0.0514, 0.0633, 0.1318, 0.101, 0.2003, 0.0907, 0.089, 0.0976, 0.0822, 0.1181, 0.036, 0.0051, 0.0822, 0.0086, 0.012, 0.0188, 0.0908, 0.3484, 0.012, 0.0068, 0, 0, 0.3118, 0.1883, 0.0531, 0.2089, 0.1353, 0.0445, 0.101, 0.2431, 0.0976, 0, 0.1335, 0.0788, 0.0719, 0.0086, 0.0565, 0.3065, 0.0668, 0.4828, 0.036],
      [0.7055, 2.5869, 1.8822, 0.9701, 5.9675, 1.0289, 0.0588, 0.2058, 0.3234, 1.1465, 2.2047, 0.8819, 1.0877, 2.2635, 1.7344, 3.4394, 1.558, 1.5286, 1.6756, 1.411, 2.0284, 0.6173, 1.04, 1.411, 0.147, 0.2058, 0.3234, 0, 0, 0.2058, 0.1176, 0.0311, 0.3484, 0, 3.2336, 0.9113, 3.5864, 2.3223, 0.7643, 1.7344, 4.1743, 0, 0, 2.2929, 1.3522, 1.2347, 0.147, 0.3678, 5.262, 1.1465, 8.2899, 0.6173],
      [6.4872, 23.7862, 22.9925, 8.9198, 54.8705, 9.4604, 0.5406, 1.8921, 2.9733, 10.5416, 20.2724, 8.1089, 10.001, 20.8129, 15.9476, 31.6249, 14.3258, 14.0555, 15.407, 12.9743, 18.6506, 5.6763, 0.8109, 14.2067, 1.3515, 1.8921, 2.9733, 0, 0.2703, 1.8921, 1.0812, 0.2703, 0.2703, 0.2703, 29.7328, 8.3792, 33.6846, 26.4187, 10.2781, 15.9476, 38.3823, 20.1711, 0, 21.0832, 12.4337, 11.3525, 1.3515, 8.9198, 48.3833, 10.5416, 76.224, 5.6763],
      [9.1515, 33.5555, 31.6489, 12.5833, 77.4064, 13.3459, 1.3972, 2.6692, 4.1944, 18.2451, 32.3945, 11.4394, 14.1086, 29.3611, 22.4974, 44.6136, 20.2096, 19.8283, 21.7348, 18.303, 26.3106, 8.0076, 1.1439, 18.303, 1.9066, 2.6692, 4.1944, 8.0055, 0.3813, 2.6692, 1.5253, 0.3813, 0.3813, 0.4179, 41.9444, 11.8207, 46.5201, 30.1237, 9.9141, 22.4974, 54.1464, 21.7348, 0, 29.7424, 17.5404, 16.0151, 1.9066, 12.5833, 68.2549, 14.8712, 107.5301, 8.0076],
      [7.6147, 27.9207, 26.3343, 10.4703, 64.408, 11.1048, 0, 2.221, 3.4901, 9, 20, 9.5184, 11.7394, 24.4306, 18.7196, 37.1218, 16.8159, 16.4986, 18.085, 15.2295, 21.8924, 6.6629, 0, 13.9971, 1.5864, 2.221, 3.4901, 2.9037, 0, 2.221, 1.2691, 0.3173, 0, 0, 34.9009, 9.8357, 38, 20, 4.9989, 18.7196, 45.0539, 14.9965, 0, 24.7479, 14.5949, 13.3258, 1.5864, 11.0725, 56.7932, 12.3739, 89.4732, 6.6629]
    ]
  ],
  "V_est": [
    [452.4912, 52.5285, 127.1515, 581.8288, 0],
    [229.1818, 1518.4707, 59.8924, 1946.2555, 0.1997],
    [123.4894, 125.4741, 225.9653, 13890.7796, 140.2916],
    [581.5394, 245.9534, 8658.42, 2707.9981, 68.0891],
    [5.2982, 76.5733, 734.5708, 1030.138, 824.4196]
  ],
  "p_est": [
    [0.3727, 0.0433, 0.1047, 0.4793, 0],
    [0.0611, 0.4045, 0.016, 0.5184, 0.0001],
    [0.0085, 0.0086, 0.0156, 0.9576, 0.0097],
    [0.0474, 0.0201, 0.7061, 0.2208, 0.0056],
    [0.002, 0.0287, 0.275, 0.3857, 0.3087]
  ],
  "EI_Z": {},
  "EI_V": 8.9753,
  "MAE_Z": {},
  "MAE_V": 247.0515,
  "MAE_p": 0.078,
  "runtime": 1.4238
}
