{
  "Z_true": {},
  "V_true": [
    [567, 28, 251, 178, 21],
    [26, 1631, 116, 2175, 91],
    [66, 601, 69, 9266, 214],
    [383, 463, 10172, 1459, 304],
    [187, 344, 423, 1806, 257],
    [42, 139, 117, 337, 328]
  ],
  "p_true": [
    [0.5426, 0.0268, 0.2402, 0.1703, 0.0201],
    [0.0064, 0.4038, 0.0287, 0.5385, 0.0225],
    [0.0065, 0.0588, 0.0068, 0.907, 0.0209],
    [0.03, 0.0362, 0.7959, 0.1142, 0.0238],
    [0.062, 0.114, 0.1402, 0.5986, 0.0852],
    [0.0436, 0.1443, 0.1215, 0.3499, 0.3406]
  ],
  "Z_est": [
    [
      [0, 4.624, 2.312, 3.0056, 3.6992, 3.468, 0.2312, 2.7744, 6.7048, 9.0168, 4.624, 0.2312, 0.4624, 0, 0, 5.3176, 2.7744, 0, 0.6936, 0.4624, 3.468, 0.4624, 3.2368, 0.2312, 0.2312, 5.78, 7.3984, 5.5488, 4.1616, 6.0112, 1.6184, 0.2312, 13.6408, 0.4624, 7.3984, 6.2424, 5.0864, 7.1672, 3.9304, 6.2424, 3.6992, 1.156, 74.9088, 5.3176, 15.9528, 1.6184],
      [0, 3.504, 1.752, 2.2776, 2.8032, 2.628, 0.1752, 2.1024, 5.0808, 6.8328, 3.504, 0.1752, 0.3504, 0, 0, 4.0296, 2.1024, 0, 0.5256, 0.3504, 2.628, 0.3504, 2.4528, 0.1752, 0.1752, 4.38, 5.6064, 4.2048, 3.1536, 4.5552, 1.2264, 0.1752, 10.3368, 0.3504, 5.6064, 4.7304, 3.8544, 5.4312, 2.9784, 4.7304, 2.8032, 0.876, 56.7648, 4.0296, 12.0888, 1.2264],
      [0, 3.354, 1.677, 2.1801, 2.6832, 2.5155, 0.1677, 2.0124, 4.8633, 6.5403, 3.354, 0.1677, 0.3354, 0, 0, 3.8571, 2.0124, 0, 0.5031, 0.3354, 2.5155, 0.3354, 2.3478, 0.1677, 0.1677, 4.1925, 5.3664, 4.0248, 3.0186, 4.3602, 1.1739, 0.1677, 9.8943, 0.3354, 5.3664, 4.5279, 3.6894, 5.1987, 2.8509, 4.5279, 2.6832, 0.8385, 54.3348, 3.8571, 11.5713, 1.1739],
      [0, 4.664, 2.332, 3.0316, 3.7312, 3.498, 0.2332, 2.7984, 6.7628, 9.0948, 4.664, 0.2332, 0.4664, 0, 0, 5.3636, 2.7984, 0, 0.6996, 0.4664, 3.498, 0.4664, 3.2648, 0.2332, 0.2332, 5.83, 7.4624, 5.5968, 4.1976, 6.0632, 1.6324, 0.2332, 13.7588, 0.4664, 7.4624, 6.2964, 5.1304, 7.2292, 3.9644, 6.2964, 3.7312, 1.166, 75.5568, 5.3636, 16.0908, 1.6324],
      [0, 3.85, 1.925, 2.5025, 3.08, 2.8875, 0.1925, 2.31, 5.5825, 7.5075, 3.85, 0.1925, 0.385, 0, 0, 4.4275, 2.31, 0, 0.5775, 0.385, 2.8875, 0.385, 2.695, 0.1925, 0.1925, 4.8125, 6.16, 4.62, 3.465, 5.005, 1.3475, 0.1925, 11.3575, 0.385, 6.16, 5.1975, 4.235, 5.9675, 3.2725, 5.1975, 3.08, 0.9625, 62.37, 4.4275, 13.2825, 1.3475]
    ],
    [
      [0.252, 2.0664, 1.8648, 1.3104, 1.9152, 1.6128, 0.1512, 1.008, 2.772, 6.1488, 2.3184, 0.4032, 1.1088, 0.4032, 0.3024, 3.7296, 1.2096, 0.252, 1.5624, 0.504, 2.4192, 0.6552, 1.512, 0.3528, 0.2016, 2.772, 10.08, 5.5944, 4.032, 7.8624, 1.6632, 0.1008, 8.2152, 0.1512, 6.0984, 5.9976, 2.268, 5.8464, 3.024, 12.9024, 1.512, 1.008, 58.1112, 6.7536, 17.9424, 5.5944],
      [1.9195, 15.7399, 14.2043, 9.9814, 14.5882, 12.2848, 1.1517, 7.678, 21.1145, 46.8358, 17.6594, 3.0712, 8.4458, 3.0712, 2.3034, 28.4086, 9.2136, 1.9195, 11.9009, 3.839, 18.4272, 4.9907, 11.517, 2.6873, 1.5356, 21.1145, 76.78, 42.6129, 30.712, 59.8884, 12.6687, 0.7678, 62.5757, 1.1517, 46.4519, 45.6841, 17.2755, 44.5324, 23.034, 98.2784, 11.517, 7.678, 442.6367, 51.4426, 136.6684, 42.6129],
      [0.4755, 3.8991, 3.5187, 2.4726, 3.6138, 3.0432, 0.2853, 1.902, 5.2305, 11.6022, 4.3746, 0.7608, 2.0922, 0.7608, 0.5706, 7.0374, 2.2824, 0.4755, 2.9481, 0.951, 4.5648, 1.2363, 2.853, 0.6657, 0.3804, 5.2305, 19.02, 10.5561, 7.608, 14.8356, 3.1383, 0.1902, 15.5013, 0.2853, 11.5071, 11.3169, 4.2795, 11.0316, 5.706, 24.3456, 2.853, 1.902, 109.6503, 12.7434, 33.8556, 10.5561],
      [2.109, 17.2938, 15.6066, 10.9668, 16.0284, 13.4976, 1.2654, 8.436, 23.199, 51.4596, 19.4028, 3.3744, 9.2796, 3.3744, 2.5308, 31.2132, 10.1232, 2.109, 13.0758, 4.218, 20.2464, 5.4834, 12.654, 2.9526, 1.6872, 23.199, 84.36, 46.8198, 33.744, 65.8008, 13.9194, 0.8436, 68.7534, 1.2654, 51.0378, 50.1942, 18.981, 48.9288, 25.308, 107.9808, 12.654, 8.436, 486.3354, 56.5212, 150.1608, 46.8198],
      [0.244, 2.0008, 1.8056, 1.2688, 1.8544, 1.5616, 0.1464, 0.976, 2.684, 5.9536, 2.2448, 0.3904, 1.0736, 0.3904, 0.2928, 3.6112, 1.1712, 0.244, 1.5128, 0.488, 2.3424, 0.6344, 1.464, 0.3416, 0.1952, 2.684, 9.76, 5.4168, 3.904, 7.6128, 1.6104, 0.0976, 7.9544, 0.1464, 5.9048, 5.8072, 2.196, 5.6608, 2.928, 12.4928, 1.464, 0.976, 56.2664, 6.5392, 17.3728, 5.4168]
    ],
    [
      [0.0498, 5.561, 2.5398, 3.652, 2.905, 1.9422, 0.1992, 2.6726, 2.4568, 5.2954, 1.7596, 0.0664, 0.2656, 0.2158, 0.1992, 2.905, 1.1122, 0.3486, 1.1786, 0.3486, 2.4402, 0.3984, 1.7098, 0.3154, 0.1494, 1.6268, 6.6732, 3.9342, 3.5524, 5.2954, 0.6474, 0.0498, 7.6692, 0.2158, 4.98, 3.6686, 3.0378, 5.146, 2.6228, 5.727, 1.6932, 1.5604, 52.4062, 5.5112, 11.4872, 1.3944],
      [0.1143, 12.7635, 5.8293, 8.382, 6.6675, 4.4577, 0.4572, 6.1341, 5.6388, 12.1539, 4.0386, 0.1524, 0.6096, 0.4953, 0.4572, 6.6675, 2.5527, 0.8001, 2.7051, 0.8001, 5.6007, 0.9144, 3.9243, 0.7239, 0.3429, 3.7338, 15.3162, 9.0297, 8.1534, 12.1539, 1.4859, 0.1143, 17.6022, 0.4953, 11.43, 8.4201, 6.9723, 11.811, 6.0198, 13.1445, 3.8862, 3.5814, 120.2817, 12.6492, 26.3652, 3.2004],
      [0.1344, 15.008, 6.8544, 9.856, 7.84, 5.2416, 0.5376, 7.2128, 6.6304, 14.2912, 4.7488, 0.1792, 0.7168, 0.5824, 0.5376, 7.84, 3.0016, 0.9408, 3.1808, 0.9408, 6.5856, 1.0752, 4.6144, 0.8512, 0.4032, 4.3904, 18.0096, 10.6176, 9.5872, 14.2912, 1.7472, 0.1344, 20.6976, 0.5824, 13.44, 9.9008, 8.1984, 13.888, 7.0784, 15.456, 4.5696, 4.2112, 141.4336, 14.8736, 31.0016, 3.7632],
      [2.6589, 296.9105, 135.6039, 194.986, 155.1025, 103.6971, 10.6356, 142.6943, 131.1724, 282.7297, 93.9478, 3.5452, 14.1808, 11.5219, 10.6356, 155.1025, 59.3821, 18.6123, 62.9273, 18.6123, 130.2861, 21.2712, 91.2889, 16.8397, 7.9767, 86.8574, 356.2926, 210.0531, 189.6682, 282.7297, 34.5657, 2.6589, 409.4706, 11.5219, 265.89, 195.8723, 162.1929, 274.753, 140.0354, 305.7735, 90.4026, 83.3122, 2798.0491, 294.2516, 613.3196, 74.4492],
      [0.0426, 4.757, 2.1726, 3.124, 2.485, 1.6614, 0.1704, 2.2862, 2.1016, 4.5298, 1.5052, 0.0568, 0.2272, 0.1846, 0.1704, 2.485, 0.9514, 0.2982, 1.0082, 0.2982, 2.0874, 0.3408, 1.4626, 0.2698, 0.1278, 1.3916, 5.7084, 3.3654, 3.0388, 4.5298, 0.5538, 0.0426, 6.5604, 0.1846, 4.26, 3.1382, 2.5986, 4.402, 2.2436, 4.899, 1.4484, 1.3348, 44.8294, 4.7144, 9.8264, 1.1928]
    ],
    [
      [0.0716, 2.4523, 1.5931, 1.1098, 3.2399, 3.4368, 0.358, 1.5394, 4.7077, 14.2663, 4.9941, 0.2506, 0.5549, 0.358, 0.1253, 4.296, 1.9869, 0.1969, 1.1814, 0.3401, 2.2912, 0.3222, 3.4726, 0.537, 0.3401, 9.1827, 6.2471, 3.7411, 3.938, 5.4953, 3.2936, 0.0895, 14.1052, 0.179, 13.1207, 4.7972, 1.9332, 8.5204, 3.4547, 7.5717, 1.6647, 0.6802, 64.9233, 5.6206, 14.1231, 2.0764],
      [0.1436, 4.9183, 3.1951, 2.2258, 6.4979, 6.8928, 0.718, 3.0874, 9.4417, 28.6123, 10.0161, 0.5026, 1.1129, 0.718, 0.2513, 8.616, 3.9849, 0.3949, 2.3694, 0.6821, 4.5952, 0.6462, 6.9646, 1.077, 0.6821, 18.4167, 12.5291, 7.5031, 7.898, 11.0213, 6.6056, 0.1795, 28.2892, 0.359, 26.3147, 9.6212, 3.8772, 17.0884, 6.9287, 15.1857, 3.3387, 1.3642, 130.2093, 11.2726, 28.3251, 4.1644],
      [3.0044, 102.9007, 66.8479, 46.5682, 135.9491, 144.2112, 15.022, 64.5946, 197.5393, 598.6267, 209.5569, 10.5154, 23.2841, 15.022, 5.2577, 180.264, 83.3721, 8.2621, 49.5726, 14.2709, 96.1408, 13.5198, 145.7134, 22.533, 14.2709, 385.3143, 262.1339, 156.9799, 165.242, 230.5877, 138.2024, 3.7555, 591.8668, 7.511, 550.5563, 201.2948, 81.1188, 357.5236, 144.9623, 317.7153, 69.8523, 28.5418, 2724.2397, 235.8454, 592.6179, 87.1276],
      [0.7232, 24.7696, 16.0912, 11.2096, 32.7248, 34.7136, 3.616, 15.5488, 47.5504, 144.0976, 50.4432, 2.5312, 5.6048, 3.616, 1.2656, 43.392, 20.0688, 1.9888, 11.9328, 3.4352, 23.1424, 3.2544, 35.0752, 5.424, 3.4352, 92.7504, 63.0992, 37.7872, 39.776, 55.5056, 33.2672, 0.904, 142.4704, 1.808, 132.5264, 48.4544, 19.5264, 86.0608, 34.8944, 76.4784, 16.8144, 6.8704, 655.7616, 56.7712, 142.6512, 20.9728],
      [0.0572, 1.9591, 1.2727, 0.8866, 2.5883, 2.7456, 0.286, 1.2298, 3.7609, 11.3971, 3.9897, 0.2002, 0.4433, 0.286, 0.1001, 3.432, 1.5873, 0.1573, 0.9438, 0.2717, 1.8304, 0.2574, 2.7742, 0.429, 0.2717, 7.3359, 4.9907, 2.9887, 3.146, 4.3901, 2.6312, 0.0715, 11.2684, 0.143, 10.4819, 3.8324, 1.5444, 6.8068, 2.7599, 6.0489, 1.3299, 0.5434, 51.8661, 4.4902, 11.2827, 1.6588]
    ],
    [
      [0.1, 10.3, 4.5, 3.8, 4.4, 4.2, 0.6, 3.3, 4.3, 10, 3.9, 0.1, 0.7, 0.1, 0, 5.1, 4.3, 0.1, 3.2, 0.8, 4.6, 0.4, 2.8, 0.5, 0.1, 5.1, 12.3, 8.1, 6.4, 9.6, 1.9, 0.1, 14.7, 0.4, 9.8, 6.4, 4, 8, 3.6, 10.7, 4.2, 2.1, 93.6, 7.6, 20, 0.9],
      [0.1418, 14.6054, 6.381, 5.3884, 6.2392, 5.9556, 0.8508, 4.6794, 6.0974, 14.18, 5.5302, 0.1418, 0.9926, 0.1418, 0, 7.2318, 6.0974, 0.1418, 4.5376, 1.1344, 6.5228, 0.5672, 3.9704, 0.709, 0.1418, 7.2318, 17.4414, 11.4858, 9.0752, 13.6128, 2.6942, 0.1418, 20.8446, 0.5672, 13.8964, 9.0752, 5.672, 11.344, 5.1048, 15.1726, 5.9556, 2.9778, 132.7248, 10.7768, 28.36, 1.2762],
      [0.1214, 12.5042, 5.463, 4.6132, 5.3416, 5.0988, 0.7284, 4.0062, 5.2202, 12.14, 4.7346, 0.1214, 0.8498, 0.1214, 0, 6.1914, 5.2202, 0.1214, 3.8848, 0.9712, 5.5844, 0.4856, 3.3992, 0.607, 0.1214, 6.1914, 14.9322, 9.8334, 7.7696, 11.6544, 2.3066, 0.1214, 17.8458, 0.4856, 11.8972, 7.7696, 4.856, 9.712, 4.3704, 12.9898, 5.0988, 2.5494, 113.6304, 9.2264, 24.28, 1.0926],
      [0.539, 55.517, 24.255, 20.482, 23.716, 22.638, 3.234, 17.787, 23.177, 53.9, 21.021, 0.539, 3.773, 0.539, 0, 27.489, 23.177, 0.539, 17.248, 4.312, 24.794, 2.156, 15.092, 2.695, 0.539, 27.489, 66.297, 43.659, 34.496, 51.744, 10.241, 0.539, 79.233, 2.156, 52.822, 34.496, 21.56, 43.12, 19.404, 57.673, 22.638, 11.319, 504.504, 40.964, 107.8, 4.851],
      [0.0979, 10.0837, 4.4055, 3.7202, 4.3076, 4.1118, 0.5874, 3.2307, 4.2097, 9.79, 3.8181, 0.0979, 0.6853, 0.0979, 0, 4.9929, 4.2097, 0.0979, 3.1328, 0.7832, 4.5034, 0.3916, 2.7412, 0.4895, 0.0979, 4.9929, 12.0417, 7.9299, 6.2656, 9.3984, 1.8601, 0.0979, 14.3913, 0.3916, 9.5942, 6.2656, 3.916, 7.832, 3.5244, 10.4753, 4.1118, 2.0559, 91.6344, 7.4404, 19.58, 0.8811]
    ],
    [
      [0, 3.4684, 1.8096, 3.016, 1.2064, 1.6588, 0.3016, 1.6588, 1.9604, 3.4684, 2.4128, 0, 0.3016, 0, 0.1508, 2.1112, 1.3572, 0.1508, 1.8096, 0.3016, 2.4128, 0.9048, 1.6588, 0, 0.3016, 1.3572, 6.032, 5.7304, 2.4128, 5.278, 1.3572, 0.1508, 5.278, 0, 4.0716, 3.77, 3.016, 5.4288, 1.6588, 4.2224, 1.9604, 0.754, 38.0016, 7.3892, 13.8736, 1.0556],
      [0, 4.9243, 2.5692, 4.282, 1.7128, 2.3551, 0.4282, 2.3551, 2.7833, 4.9243, 3.4256, 0, 0.4282, 0, 0.2141, 2.9974, 1.9269, 0.2141, 2.5692, 0.4282, 3.4256, 1.2846, 2.3551, 0, 0.4282, 1.9269, 8.564, 8.1358, 3.4256, 7.4935, 1.9269, 0.2141, 7.4935, 0, 5.7807, 5.3525, 4.282, 7.7076, 2.3551, 5.9948, 2.7833, 1.0705, 53.9532, 10.4909, 19.6972, 1.4987],
      [0, 4.1354, 2.1576, 3.596, 1.4384, 1.9778, 0.3596, 1.9778, 2.3374, 4.1354, 2.8768, 0, 0.3596, 0, 0.1798, 2.5172, 1.6182, 0.1798, 2.1576, 0.3596, 2.8768, 1.0788, 1.9778, 0, 0.3596, 1.6182, 7.192, 6.8324, 2.8768, 6.293, 1.6182, 0.1798, 6.293, 0, 4.8546, 4.495, 3.596, 6.4728, 1.9778, 5.0344, 2.3374, 0.899, 45.3096, 8.8102, 16.5416, 1.2586],
      [0, 5.4142, 2.8248, 4.708, 1.8832, 2.5894, 0.4708, 2.5894, 3.0602, 5.4142, 3.7664, 0, 0.4708, 0, 0.2354, 3.2956, 2.1186, 0.2354, 2.8248, 0.4708, 3.7664, 1.4124, 2.5894, 0, 0.4708, 2.1186, 9.416, 8.9452, 3.7664, 8.239, 2.1186, 0.2354, 8.239, 0, 6.3558, 5.885, 4.708, 8.4744, 2.5894, 6.5912, 3.0602, 1.177, 59.3208, 11.5346, 21.6568, 1.6478],
      [0, 5.0577, 2.6388, 4.398, 1.7592, 2.4189, 0.4398, 2.4189, 2.8587, 5.0577, 3.5184, 0, 0.4398, 0, 0.2199, 3.0786, 1.9791, 0.2199, 2.6388, 0.4398, 3.5184, 1.3194, 2.4189, 0, 0.4398, 1.9791, 8.796, 8.3562, 3.5184, 7.6965, 1.9791, 0.2199, 7.6965, 0, 5.9373, 5.4975, 4.398, 7.9164, 2.4189, 6.1572, 2.8587, 1.0995, 55.4148, 10.7751, 20.2308, 1.5393]
    ]
  ],
  "V_est": [
    [241.604, 183.084, 175.2465, 243.694, 201.1625],
    [203.5656, 1550.5721, 384.1089, 1703.6502, 197.1032],
    [169.5856, 389.2296, 457.6768, 9054.4408, 145.0672],
    [228.7799, 458.8379, 9599.8091, 2310.8048, 182.7683],
    [301.7, 427.8106, 366.2638, 1626.163, 295.3643],
    [145.2204, 206.1783, 173.1474, 226.6902, 211.7637]
  ],
  "p_est": [
    [0.2312, 0.1752, 0.1677, 0.2332, 0.1925],
    [0.0504, 0.3839, 0.0951, 0.4218, 0.0488],
    [0.0166, 0.0381, 0.0448, 0.8863, 0.0142],
    [0.0179, 0.0359, 0.7511, 0.1808, 0.0143],
    [0.1, 0.1418, 0.1214, 0.539, 0.0979],
    [0.1508, 0.2141, 0.1798, 0.2354, 0.2199]
  ],
  "EI_Z": {},
  "EI_V": 8.6091,
  "MAE_Z": {},
  "MAE_V": 184.0107,
  "MAE_p": 0.0633,
  "runtime": 150.116
}
