{
  "X": [
    [2, 2, 16, 0],
    [69, 520, 988, 157],
    [70, 449, 1345, 111],
    [42, 183, 235, 46],
    [44, 245, 517, 74],
    [55, 356, 397, 60],
    [29, 221, 170, 62],
    [22, 167, 135, 35],
    [31, 159, 204, 42],
    [28, 238, 230, 55],
    [40, 400, 355, 87],
    [43, 256, 185, 54],
    [31, 228, 520, 51],
    [58, 334, 1309, 142],
    [2, 7, 10, 0],
    [16, 75, 80, 9],
    [58, 326, 405, 55],
    [35, 176, 214, 44],
    [37, 224, 263, 58],
    [99, 414, 415, 74],
    [43, 307, 399, 70],
    [1, 9, 17, 3],
    [5, 23, 47, 4],
    [76, 425, 707, 81],
    [90, 477, 501, 98],
    [2, 6, 10, 0],
    [2, 23, 50, 6],
    [30, 309, 1109, 108],
    [70, 480, 1655, 124],
    [24, 220, 784, 50],
    [62, 396, 439, 94],
    [1, 1, 16, 1],
    [4, 7, 48, 4],
    [2, 12, 26, 2],
    [176, 1214, 2634, 434],
    [34, 242, 398, 62],
    [41, 148, 232, 41],
    [203, 838, 1314, 196],
    [20, 113, 126, 12]
  ],
  "W": [
    [0, 1, 2, 17, 0, 0],
    [85, 178, 433, 878, 96, 64],
    [57, 172, 331, 1246, 85, 84],
    [21, 84, 152, 206, 21, 22],
    [27, 102, 189, 471, 46, 45],
    [30, 132, 265, 347, 51, 43],
    [27, 43, 200, 153, 37, 22],
    [17, 35, 130, 128, 34, 15],
    [22, 60, 133, 184, 19, 18],
    [26, 50, 213, 203, 46, 13],
    [23, 79, 353, 322, 69, 36],
    [20, 76, 207, 160, 46, 29],
    [29, 91, 162, 493, 28, 27],
    [71, 144, 251, 1239, 79, 59],
    [0, 3, 8, 8, 0, 0],
    [4, 39, 51, 76, 6, 4],
    [33, 129, 250, 350, 39, 43],
    [29, 103, 102, 196, 27, 12],
    [8, 92, 189, 243, 27, 23],
    [26, 208, 289, 391, 57, 31],
    [35, 118, 247, 334, 47, 38],
    [0, 7, 3, 18, 2, 0],
    [1, 9, 17, 41, 5, 6],
    [51, 235, 299, 592, 69, 43],
    [34, 228, 365, 426, 60, 53],
    [0, 1, 3, 11, 1, 2],
    [2, 7, 21, 43, 6, 2],
    [94, 72, 262, 997, 74, 57],
    [62, 144, 375, 1583, 95, 70],
    [24, 64, 182, 741, 31, 36],
    [35, 165, 322, 358, 67, 44],
    [0, 1, 1, 16, 0, 1],
    [1, 7, 7, 45, 2, 1],
    [0, 4, 9, 24, 3, 2],
    [135, 393, 971, 2439, 321, 199],
    [32, 90, 167, 379, 36, 32],
    [11, 78, 119, 207, 32, 15],
    [59, 352, 685, 1236, 100, 119],
    [6, 69, 67, 117, 4, 8]
  ],
  "method": "mvn_pdf",
  "cond_prob": [
    [
      [0.010921000824, 0.3783975527, 0.57299835956, 0.037683086919],
      [0.99987357123, 0.00011883256476, 6.712159126e-06, 8.8404806277e-07],
      [0.53032047931, 0.46391872594, 0.0042067581375, 0.0015540366135],
      [0.07017595272, 0.013518180363, 0.91290528649, 0.0034005804241],
      [0.44144887748, 0.30438758427, 0.097733023637, 0.15643051461],
      [0.81932958053, 0.13760170837, 0.039790293332, 0.0032784177724]
    ],
    [
      [0.00021650946716, 0.18069607303, 0.60831030327, 0.21077711424],
      [0.27065367412, 0.56044636111, 0.10742528896, 0.061474675813],
      [0.035996992555, 0.82593159808, 0.056147663056, 0.081923746306],
      [0.0022921202038, 0.012069708714, 0.96581993857, 0.019818232509],
      [0.0089890461373, 0.16916582738, 0.15050693107, 0.67133819541],
      [0.043440206144, 0.30815287797, 0.47500639834, 0.17340051755]
    ],
    [
      [0.00024224390682, 0.1927164152, 0.65238364568, 0.15465769521],
      [0.28551461766, 0.56340003568, 0.10856970906, 0.042515637604],
      [0.038665458895, 0.84582669317, 0.057800412191, 0.057707435745],
      [0.0024070558971, 0.012080924763, 0.97185731692, 0.013654702421],
      [0.011910733427, 0.21366847341, 0.19116969093, 0.58325110223],
      [0.047943067796, 0.3241689274, 0.50239917286, 0.12548883194]
    ],
    [
      [0.00036504604647, 0.19680681204, 0.56318328292, 0.239644859],
      [0.37143116109, 0.49310531678, 0.07945175054, 0.056011771591],
      [0.054928435432, 0.81492516841, 0.046488341309, 0.08365805485],
      [0.0041126682227, 0.013976235718, 0.95802075772, 0.023890338337],
      [0.013678299274, 0.16624573761, 0.12495195418, 0.69512400894],
      [0.070257294731, 0.32154796752, 0.41979550256, 0.18839923519]
    ],
    [
      [0.00026940932994, 0.19086129936, 0.59752214341, 0.21134714789],
      [0.30826770406, 0.53998699333, 0.095738607355, 0.056006695254],
      [0.042471854369, 0.82790708826, 0.052008520263, 0.077612537108],
      [0.0028909929829, 0.012915356671, 0.96407660539, 0.020117044958],
      [0.011040979589, 0.17636651201, 0.14555313582, 0.66703937258],
      [0.053069654435, 0.31940732379, 0.45710627852, 0.17041674326]
    ],
    [
      [0.000326532814, 0.26183803371, 0.57570533481, 0.16213009867],
      [0.29863452012, 0.59299226887, 0.073914126864, 0.03445908415],
      [0.039700623668, 0.87561961706, 0.038685877968, 0.045993881303],
      [0.003627526766, 0.018342705643, 0.96203624003, 0.015993527559],
      [0.014762782529, 0.26691767942, 0.15470876037, 0.56361077768],
      [0.05990799871, 0.40815101827, 0.41014273483, 0.12179824819]
    ],
    [
      [0.0004486182873, 0.27331249092, 0.43196245163, 0.29427643917],
      [0.36021423808, 0.53776378675, 0.047976789115, 0.054045186057],
      [0.050509955487, 0.84591430711, 0.026736937242, 0.076838800156],
      [0.0063929409013, 0.024537845436, 0.93195155875, 0.037117654912],
      [0.014067961923, 0.19312844012, 0.080313786303, 0.71248981165],
      [0.079599460464, 0.41113837639, 0.29635694392, 0.21290521923]
    ],
    [
      [0.00056460769332, 0.38477787561, 0.41138486746, 0.20327264923],
      [0.35177500821, 0.58441018467, 0.035077314808, 0.028737492308],
      [0.047674886985, 0.89365258835, 0.018990859192, 0.03968166547],
      [0.0083761262401, 0.035912869809, 0.92898578016, 0.026725223789],
      [0.020626240157, 0.31662319582, 0.088888381507, 0.57386218252],
      [0.090609690917, 0.52280961206, 0.25401456205, 0.13256613498]
    ],
    [
      [0.00038326192025, 0.22241001549, 0.51493312603, 0.26227359657],
      [0.3615579488, 0.51494156057, 0.067000136515, 0.056500354112],
      [0.051840604019, 0.82794414644, 0.038130930982, 0.082084318558],
      [0.0046710570926, 0.017077883956, 0.94999030967, 0.028260749282],
      [0.013317710794, 0.17418703088, 0.10588710946, 0.70660814886],
      [0.071897977417, 0.3539677366, 0.37349951896, 0.20063476701]
    ],
    [
      [0.00035441568715, 0.25520218513, 0.54152898468, 0.2029144145],
      [0.32114254861, 0.56857791048, 0.068007764483, 0.042271776435],
      [0.043526927185, 0.86203777118, 0.036519726019, 0.057915575611],
      [0.0041421628852, 0.018797423662, 0.95602737949, 0.02103303396],
      [0.014200294458, 0.23049534076, 0.12854055846, 0.62676380632],
      [0.06509465221, 0.39772968915, 0.38495468326, 0.15222097538]
    ],
    [
      [0.00031674697284, 0.27217823465, 0.51131645016, 0.21618856822],
      [0.28490123834, 0.60545680738, 0.06451437477, 0.04512757951],
      [0.036882534606, 0.87147426246, 0.032919105179, 0.058724097754],
      [0.0039132854612, 0.021203036128, 0.95118051783, 0.023703160582],
      [0.012130700184, 0.23501350726, 0.11640365957, 0.63645213299],
      [0.057604652644, 0.42044197661, 0.36101553422, 0.16093783653]
    ],
    [
      [0.00049210042372, 0.29635765834, 0.49532621732, 0.20782402392],
      [0.36764528273, 0.54511572862, 0.051465841709, 0.03577314694],
      [0.052364120734, 0.86719613899, 0.029008481732, 0.05143125854],
      [0.006226816236, 0.023631554285, 0.94682389972, 0.023317729759],
      [0.018835788657, 0.25568828105, 0.11243345258, 0.61304247771],
      [0.085236751375, 0.43560080427, 0.33213171781, 0.14703072654]
    ],
    [
      [0.00024316645343, 0.23701408315, 0.56905831051, 0.19368443989],
      [0.2548429358, 0.6147369767, 0.083444054875, 0.04697603262],
      [0.032278979815, 0.86625045049, 0.041654901434, 0.05981566826],
      [0.0027280494202, 0.016761796383, 0.96123170698, 0.019278447215],
      [0.010173697426, 0.22358671238, 0.1414775827, 0.6247620075],
      [0.046245073634, 0.38302158699, 0.42003126145, 0.15070207793]
    ],
    [
      [0.00022382405428, 0.16685591833, 0.60387285609, 0.22904740152],
      [0.28850629964, 0.53301893589, 0.10975766712, 0.068717097341],
      [0.039388657846, 0.80752760711, 0.058959964707, 0.094123770339],
      [0.0023844612085, 0.011213988493, 0.96473665457, 0.021664895726],
      [0.0088926322846, 0.14947751741, 0.14300417063, 0.69862567967],
      [0.04539898925, 0.28762680154, 0.47656524747, 0.19040896174]
    ],
    [
      [5.2316438775e-05, 0.02061417531, 0.97406645232, 0.0052670559336],
      [0.42937955799, 0.31673388581, 0.24472617282, 0.009160383367],
      [0.060560967386, 0.74626862019, 0.17489530123, 0.018275111192],
      [0.00045765118125, 0.001190364386, 0.99775102183, 0.00060096259959],
      [0.01416807833, 0.13531166821, 0.64613544216, 0.2043848113],
      [0.016503557168, 0.055819302135, 0.91943091622, 0.0082462244783]
    ],
    [
      [0.00041721576051, 0.31082647729, 0.51882139937, 0.16993490758],
      [0.32545718027, 0.59123279061, 0.053739343679, 0.029570685444],
      [0.04312073367, 0.88837656362, 0.028466930774, 0.040035771933],
      [0.0049565713539, 0.023182916481, 0.95406412352, 0.017796388641],
      [0.017462438371, 0.29322603308, 0.12628488504, 0.5630266435],
      [0.072965987756, 0.46084591243, 0.34596667191, 0.1202214279]
    ],
    [
      [0.00033748883507, 0.23442924038, 0.60300348121, 0.16222978958],
      [0.32457006282, 0.55790006581, 0.081309997647, 0.036219873725],
      [0.045017656572, 0.86008514088, 0.044425312696, 0.050471889852],
      [0.0035926406601, 0.015737433654, 0.96533804373, 0.01533188196],
      [0.015561301719, 0.24372431856, 0.16521160723, 0.57550277249],
      [0.063265586261, 0.37333997563, 0.43888439569, 0.12451004242]
    ],
    [
      [0.00032383881543, 0.2834372707, 0.47601211435, 0.24022677614],
      [0.28257156863, 0.61133716386, 0.05782450722, 0.048266760289],
      [0.036192547144, 0.87235188956, 0.029223310374, 0.062232252919],
      [0.0042448065157, 0.023406861748, 0.94446317696, 0.027885154771],
      [0.011514382747, 0.22716681295, 0.10036146493, 0.66095733937],
      [0.05828939547, 0.43338183843, 0.33177488433, 0.17655388177]
    ],
    [
      [0.00026363452132, 0.20070957878, 0.51727812898, 0.28174865772],
      [0.29395120304, 0.55314097846, 0.08041557576, 0.072492242731],
      [0.039187675653, 0.82123237943, 0.04228351275, 0.097296432169],
      [0.0032086764221, 0.015398621909, 0.9510636279, 0.030329073768],
      [0.0088900069558, 0.15260480112, 0.10336344352, 0.7351417484],
      [0.051419562767, 0.332567848, 0.39130211732, 0.22471047192]
    ],
    [
      [0.00052036325343, 0.3070938928, 0.48944147589, 0.20294426806],
      [0.37245353717, 0.54448485405, 0.049283683533, 0.033777925248],
      [0.053601984124, 0.86970466324, 0.027913628235, 0.048779724406],
      [0.0066786587055, 0.024854731853, 0.94534788013, 0.023118729316],
      [0.020049617058, 0.2667635196, 0.11219289375, 0.60099396959],
      [0.08878470606, 0.44514871163, 0.32430908103, 0.14175750128]
    ],
    [
      [0.00021842357504, 0.18827535443, 0.63154718105, 0.17995904094],
      [0.26793351779, 0.57211126618, 0.10867280702, 0.051282409011],
      [0.035418769565, 0.83997915997, 0.056539473122, 0.068062597343],
      [0.0022299636374, 0.012123464037, 0.96934181467, 0.016304757654],
      [0.0098977163914, 0.19239133438, 0.17000311513, 0.6277078341],
      [0.043602263335, 0.31940886356, 0.48982400673, 0.14716486638]
    ],
    [
      [0.00014525728467, 0.33140858169, 0.33622467215, 0.33222148887],
      [0.13305297723, 0.78076862739, 0.033233175031, 0.05294522035],
      [0.013381872069, 0.91834367771, 0.013418321289, 0.054856128933],
      [0.0019362070843, 0.026718722039, 0.93573346389, 0.035611606986],
      [0.0032251951556, 0.16463057356, 0.040472280567, 0.79167195072],
      [0.02673084754, 0.53001506792, 0.21572544101, 0.22752864353]
    ],
    [
      [0.00031721207993, 0.19173831386, 0.70440960673, 0.10353486733],
      [0.37025262117, 0.5108697241, 0.094427832582, 0.02444982215],
      [0.050662278034, 0.85781882588, 0.054933878913, 0.036585017176],
      [0.0028197266032, 0.010650698514, 0.97837749779, 0.0081520770904],
      [0.018601623573, 0.25390421909, 0.23047748058, 0.49701667675],
      [0.064075104686, 0.32577639814, 0.52685503711, 0.083293460066]
    ],
    [
      [0.00019294373777, 0.16463106117, 0.70485975621, 0.13031623887],
      [0.26376890463, 0.55877040248, 0.13588298602, 0.04157770687],
      [0.035626541024, 0.83605020028, 0.072079298129, 0.056243960571],
      [0.0017845706509, 0.0096072564065, 0.9778993593, 0.010708813642],
      [0.01065585353, 0.20504694289, 0.23163046258, 0.552666741],
      [0.039627197831, 0.28743890168, 0.56317548251, 0.10975841798]
    ],
    [
      [0.00028513214057, 0.20916029611, 0.59218343561, 0.19837113614],
      [0.3053339821, 0.55571308525, 0.089424516263, 0.049528416391],
      [0.041760667119, 0.84229586644, 0.048061264097, 0.067882202348],
      [0.0030891060899, 0.014295235547, 0.96353793214, 0.019077726227],
      [0.011997358231, 0.19844811134, 0.14827705764, 0.64127747279],
      [0.05505656995, 0.34325917358, 0.44468520096, 0.15699905552]
    ],
    [
      [0.0032453705735, 0.76130658074, 0.19776628606, 0.037681762624],
      [0.93438452565, 0.064580863189, 0.00076651513269, 0.00026809603119],
      [0.13847901121, 0.85608278558, 0.0029057297973, 0.0025324734116],
      [0.060520743092, 0.074982314697, 0.85741124124, 0.0070857009676],
      [0.14023424973, 0.68502113144, 0.041873732865, 0.13287088597],
      [0.38519323556, 0.56017024678, 0.044434984828, 0.010201532836]
    ],
    [
      [9.1773369257e-05, 0.11114667195, 0.77938925947, 0.10937229521],
      [0.19374249292, 0.56428511541, 0.19328867875, 0.048683712924],
      [0.023789134933, 0.81665649968, 0.096611804771, 0.062942560612],
      [0.00074931844502, 0.0057045670679, 0.98568104467, 0.0078650698195],
      [0.0057485008769, 0.15812839765, 0.26867664822, 0.56744645325],
      [0.020659025877, 0.21392735663, 0.66500195209, 0.1004116654]
    ],
    [
      [0.00017412341426, 0.15796267716, 0.67430156946, 0.16756162997],
      [0.2491156046, 0.55941906668, 0.13573475668, 0.055730572037],
      [0.032949629951, 0.82227743388, 0.070725121721, 0.074047814446],
      [0.0016780854828, 0.0096035019044, 0.97437488534, 0.014343527277],
      [0.0084459718823, 0.17278476688, 0.19483943929, 0.62392982195],
      [0.036076261406, 0.27814343733, 0.54348108354, 0.14229921772]
    ],
    [
      [0.00028588781824, 0.21052934699, 0.62652181855, 0.16266294665],
      [0.30606527871, 0.55865315775, 0.094688303984, 0.04059325955],
      [0.042028215544, 0.85092322681, 0.051147561543, 0.055900996107],
      [0.0029478130354, 0.013694282347, 0.96845409152, 0.014903813098],
      [0.013460246509, 0.22350374477, 0.17585904237, 0.58717696635],
      [0.055199026431, 0.34542460116, 0.47064255115, 0.12873382126]
    ],
    [
      [0.00018462925161, 0.17523077235, 0.67227092267, 0.15231367572],
      [0.24704354143, 0.57991967591, 0.12584683178, 0.047189950875],
      [0.032186060802, 0.84130109803, 0.064661382976, 0.061851458195],
      [0.0017818066317, 0.01066329208, 0.97450441249, 0.0130504888],
      [0.0092951332782, 0.19896460278, 0.20119334281, 0.59054692114],
      [0.037609636106, 0.30335883646, 0.53197338673, 0.12705814071]
    ],
    [
      [0.0002266047649, 0.18092816224, 0.63451731916, 0.18432791384],
      [0.28063813793, 0.5556250882, 0.11057275174, 0.05316402213],
      [0.037868106906, 0.83153379334, 0.058660042927, 0.071938056826],
      [0.0023049440054, 0.011609575526, 0.96944216752, 0.016643312949],
      [0.01018513985, 0.18338432391, 0.16956558686, 0.63686494938],
      [0.04544008836, 0.30835964467, 0.49470236678, 0.15149790019]
    ],
    [
      [0.00020432496024, 0.05570106566, 0.67242124564, 0.27167336374],
      [0.89443150684, 0.066274129101, 0.024841781708, 0.014452582354],
      [0.075383934019, 0.76937963409, 0.058749231224, 0.096487200671],
      [0.0017041023444, 0.0031994384196, 0.98109608482, 0.014000374419],
      [0.0018755441618, 0.010126147131, 0.035526328222, 0.95247198049],
      [0.057236411732, 0.12457328802, 0.57699547027, 0.24119482998]
    ],
    [
      [0.00020331136425, 0.06598925889, 0.75977885022, 0.17402857952],
      [0.45942819752, 0.31386110039, 0.16115821882, 0.065552483278],
      [0.073561653856, 0.68225751947, 0.11819938504, 0.12598144163],
      [0.0016975398629, 0.0034810260892, 0.98265131141, 0.012170122642],
      [0.0093122218748, 0.068381569337, 0.18623177771, 0.73607443108],
      [0.048093948602, 0.13072739256, 0.65907581066, 0.16210284818]
    ],
    [
      [0.00023232620684, 0.20605271214, 0.7021465168, 0.091568444847],
      [0.30592396548, 0.58664515695, 0.085855307838, 0.021575569728],
      [0.034661626638, 0.89257885865, 0.044070944376, 0.028688570336],
      [0.0019587596563, 0.010742013961, 0.98038981359, 0.0069094127901],
      [0.014001587427, 0.28232795525, 0.21831172468, 0.48535873264],
      [0.04850565606, 0.36228426965, 0.51463161157, 0.074578462724]
    ],
    [
      [0.00026615343224, 0.20160996897, 0.57481601342, 0.22330786418],
      [0.29538448763, 0.5560061432, 0.090566907642, 0.058042461534],
      [0.040027795932, 0.8331472407, 0.048158185366, 0.078666778006],
      [0.0029702174156, 0.014198758742, 0.96068281404, 0.022148209806],
      [0.010505055885, 0.17943106555, 0.13543005341, 0.67463382516],
      [0.051825047924, 0.33371535619, 0.43604578279, 0.1784138131]
    ],
    [
      [0.00030575797861, 0.2839993651, 0.47936828087, 0.23632659604],
      [0.27065649179, 0.62159264777, 0.059383777524, 0.048367082915],
      [0.034215796056, 0.87466460632, 0.02961062783, 0.061508969793],
      [0.003998532633, 0.02340701562, 0.94518953765, 0.027404914099],
      [0.011008978811, 0.23051159016, 0.10260710247, 0.65587232856],
      [0.055151702546, 0.4351473257, 0.33541949128, 0.17428148047]
    ],
    [
      [0.00040225901113, 0.18691133503, 0.61899471678, 0.19369168918],
      [0.40587171446, 0.46332891525, 0.086044571142, 0.044754799144],
      [0.063500486402, 0.81225716395, 0.05336606778, 0.07087628187],
      [0.0041558874608, 0.012169926917, 0.96595204459, 0.017722141033],
      [0.017285876024, 0.18109709643, 0.15713874963, 0.64447827791],
      [0.077763594062, 0.30662822483, 0.46274432022, 0.15286386089]
    ],
    [
      [0.00049712408399, 0.23247766855, 0.53422399954, 0.23280120783],
      [0.4128545686, 0.47914867145, 0.062821699413, 0.045175060529],
      [0.064336199212, 0.826712772, 0.038456492665, 0.07049453612],
      [0.005909687751, 0.017437950139, 0.95206915795, 0.02458320416],
      [0.018573241496, 0.19583602569, 0.11904465849, 0.66654607433],
      [0.090273457313, 0.3587694869, 0.37761706906, 0.17333998672]
    ],
    [
      [0.00027000286072, 0.2839542815, 0.54381117429, 0.17196454135],
      [0.24875934115, 0.64650549587, 0.068566217513, 0.036168945461],
      [0.030669029061, 0.89097012986, 0.033383747191, 0.044977093891],
      [0.003115616046, 0.020615952363, 0.95874535278, 0.017523078809],
      [0.011556743757, 0.27404233443, 0.13663433193, 0.57776658988],
      [0.049283812654, 0.44048458571, 0.38237272573, 0.12785887591]
    ]
  ],
  "expected_outcome": [
    [
      [0, 0.018403304709, 0.013807902689, 0.0076659669758, 0.0072740519085, 0.00979598442, 0.012112693757, 0.0095983307864, 0.0084317622454, 0.0092148078659, 0.0072851803754, 0.0098420084744, 0.0070518271495, 0.015891507854, 0, 0.0016688630421, 0.011137131557, 0.0093913256474, 0.0021090761706, 0.013529444589, 0.0076448251264, 0, 0.00031721207993, 0.0098401306262, 0.0096944927793, 0, 0.00018354673851, 0.01636760094, 0.017725044731, 0.0044311020388, 0.0079311667716, 0, 0.00020331136425, 0, 0.035930713352, 0.0097842553155, 0.0044248491225, 0.029330320956, 0.0016200171643],
      [0, 15.3591662071, 10.9848356664, 4.1329430528, 5.1532550829, 7.8551410112, 7.3794372548, 6.5412238854, 4.8930203407, 6.6352568135, 6.2600993969, 5.9271531667, 6.8734084114, 11.8467702018, 0, 1.2433059092, 7.7361649326, 8.2196808502, 1.6056766302, 7.9844412128, 6.5896374051, 0, 0.19173831386, 8.3961841198, 7.1114500677, 0, 0.2222933439, 14.8484916534, 13.0528195131, 4.2055385365, 6.3324856783, 0, 0.06598925889, 0, 27.2173458111, 9.0879796833, 2.0560246853, 13.7161824443, 1.703725689],
      [0, 51.7063757779, 37.1858678039, 11.8268489413, 16.1330978722, 17.2711600442, 11.662986194, 6.9935427468, 11.3285287726, 14.0797536016, 11.7602783538, 9.9065243464, 16.5026910048, 42.8749727824, 0, 2.0752855975, 19.8991148798, 13.8043513162, 4.1382250318, 12.7254783731, 22.1041513369, 0, 0.70440960673, 35.947847567, 20.1342368108, 0, 1.5587785189, 63.3843475289, 38.84435275, 16.1345021442, 22.2081061705, 0, 0.75977885022, 0, 77.6001618112, 15.3397849879, 6.8089418846, 31.5192159728, 3.2628670457],
      [0, 17.9160547102, 8.8154886269, 5.032542039, 5.7063729931, 4.8639029602, 7.9454638575, 3.455635037, 5.7700191245, 5.2757747771, 4.972337069, 4.1564804783, 5.6168487567, 16.262365508, 0, 0.67973963034, 5.353583056, 6.9665765079, 2.2539892618, 5.2765509695, 6.2985664329, 0, 0.10353486733, 6.6461281826, 6.7446186287, 0, 0.21874459042, 15.7507932168, 10.0851026922, 3.6555282172, 6.4514769844, 0, 0.17402857952, 0, 30.1465616643, 7.5624510734, 2.130608581, 13.735271262, 1.0317872481]
    ],
    [
      [0.99987357123, 48.1763539937, 49.1085142377, 31.2002175314, 31.4433058141, 39.4197566556, 15.4892122375, 12.3121252874, 21.6934769282, 16.0571274303, 22.5071978286, 27.9410414872, 23.1907071582, 41.5449071487, 1.288138674, 12.6928300304, 41.8695381036, 29.1048715693, 27.0435106801, 77.4703357306, 31.6161550988, 0.93137084058, 3.3322735905, 61.9856925879, 69.6161479191, 0.93438452565, 1.3561974505, 17.9363235312, 44.0734001345, 15.8107866515, 46.3052927585, 0.89443150684, 3.2159973826, 1.2236958619, 116.0861036375, 24.3590842615, 31.6579937279, 145.3248081486, 17.1643945396],
      [0.00011883256476, 99.7594522771, 96.9048061367, 41.4208466096, 55.0786733198, 78.2749794906, 23.1238428301, 20.4543564635, 30.8964936341, 28.4288955238, 47.8310877833, 41.4287953755, 55.9410648797, 76.7547267683, 0.95020165744, 23.0580788338, 71.9691084894, 62.9677278772, 50.8889700187, 113.2528496428, 67.5091294098, 5.4653803918, 4.5978275169, 131.3110445827, 126.702583436, 0.064580863189, 3.9499958078, 40.2781728012, 80.4460547165, 37.1148592584, 91.6781395525, 0.066274129101, 2.1970277027, 2.3465806278, 218.5104142762, 55.943338299, 36.1396553898, 168.6603323516, 44.6088792152],
      [6.712159126e-06, 19.1217014345, 18.6739899577, 6.6739470453, 9.7653379502, 9.7566647461, 2.0630019319, 1.2277060183, 4.0200081909, 3.4003882241, 5.0966356068, 3.9114039698, 7.5934089936, 15.8051040658, 0.73417851847, 2.0958344035, 10.4889896965, 5.9559242437, 7.39823297, 10.2510061749, 12.8233912281, 0.23263222522, 0.84985049324, 31.932501715, 20.3887897079, 0.00076651513269, 1.3530207512, 9.7729024809, 13.6351157737, 8.0541972341, 18.2445040376, 0.024841781708, 1.1281075317, 0.34342123135, 35.5927947035, 5.3445399771, 6.7114765491, 22.1132381935, 4.7310690084],
      [8.8404806277e-07, 10.9424922947, 7.312689668, 4.7049888136, 5.7126829159, 4.5485991077, 2.3239430005, 1.0058122308, 3.3900212467, 2.1135888217, 3.5650787813, 2.7187591675, 4.2748189685, 9.8952620172, 0.027481150101, 1.1532567323, 4.6723637105, 4.9714763098, 6.6692863313, 7.0258084516, 6.0513242634, 0.37061654245, 0.22004839935, 9.7707611144, 11.292478937, 0.00026809603119, 0.34078599047, 4.0126011867, 5.8454293753, 3.020156856, 8.7720636514, 0.014452582354, 0.45886738295, 0.086302278911, 22.8106873828, 4.3530374623, 3.4908743333, 15.9016213062, 2.4956572368]
    ],
    [
      [1.0606409586, 15.5866977764, 12.7982668941, 8.3491221857, 8.0271804757, 10.5206652719, 10.1019910975, 6.1977353081, 6.8948003345, 9.2712354905, 13.0195347158, 10.839372992, 5.2291947301, 9.8865531194, 0.48448773909, 2.1991574172, 11.254414143, 3.6916398087, 7.4064706983, 15.4909734117, 8.7484360827, 0.040145616208, 0.86125872657, 10.6523357661, 15.2426434983, 0.41543703363, 0.4995718336, 8.6328030471, 15.7605808291, 5.857863066, 12.1935304238, 0.075383934019, 0.51493157699, 0.31195463974, 38.8669898496, 5.7140379414, 7.5565578818, 44.0702964602, 2.0548249471],
      [0.92783745189, 357.6283819696, 279.9686354392, 123.8686255981, 156.4744396812, 232.0391985212, 169.1828614229, 116.1748364858, 110.1165714767, 183.6140452623, 307.6304146488, 179.5096007716, 140.3325729796, 202.6894293839, 5.9701489615, 45.3072047447, 215.02128522, 88.9798927354, 155.2129197119, 251.344647675, 207.4748525124, 2.7550310331, 14.5829200399, 249.9790098825, 307.4379912493, 2.5682483567, 17.1497864933, 215.4366876772, 319.0962100524, 153.1167998408, 267.7538814559, 0.76937963409, 4.7758026363, 8.0332097279, 808.9859707167, 146.0689892556, 96.6586025098, 566.2982488221, 59.6949987004],
      [0.008413516275, 24.3119381034, 19.1319364351, 7.066227879, 9.8296103296, 10.2517576615, 5.3473874484, 2.4688116949, 5.0714138206, 7.778701642, 11.6204441283, 6.0047557186, 6.7480940323, 14.7989511415, 1.3991624099, 1.4518134695, 11.1063281739, 2.9807776581, 7.9915839098, 8.0670385599, 13.9652498612, 0.040254963867, 0.93387594153, 21.5517101407, 17.5423613955, 0.0087171893919, 2.0288479002, 18.5299818908, 19.1803355785, 11.7683717017, 18.8885338223, 0.058749231224, 0.82739569531, 0.39663849938, 46.7615979901, 4.9449748475, 6.3505620658, 26.3426974755, 2.2367110618],
      [0.0031080732271, 35.4729821506, 19.1011612316, 12.7160243371, 14.6687695135, 12.1883785454, 15.3677600312, 5.1586165112, 10.9172143682, 12.3360176052, 20.7296065071, 10.6462705179, 9.6901382581, 23.6250663551, 0.14620088954, 2.0418243686, 12.6179724631, 6.3476897978, 18.38902568, 14.0973403534, 16.8114615437, 0.1645683868, 0.621945292, 16.8169442107, 24.7770038569, 0.0075974202348, 1.3217937729, 19.4005273849, 20.96287354, 11.2569653915, 23.1640542979, 0.096487200671, 0.88187009138, 0.25819713302, 76.3854414436, 10.2719979554, 8.4342775426, 48.2887572422, 3.0134652907]
    ],
    [
      [1.1929911962, 2.0124815389, 2.9991916478, 0.84720965388, 1.361657695, 1.2587517878, 0.9781199579, 1.0721441587, 0.85947450505, 0.84085906569, 1.2600779185, 0.99629059776, 1.3449283641, 2.9543474374, 0.00366120945, 0.37669942289, 1.257424231, 0.83198207707, 0.77970837058, 2.6113555538, 0.74480785489, 0.034851727517, 0.11560879073, 1.0564658253, 1.3159591943, 0.66572817401, 0.032220693136, 1.6730512264, 4.6663880351, 1.3203187141, 0.82516995393, 0.02726563751, 0.076389293832, 0.047010231751, 7.2443602767, 1.5154438679, 0.86026870439, 7.3043740602, 0.36452707738],
      [0.22980906617, 10.5972042506, 15.052832255, 2.8791045579, 6.083132992, 6.3649188583, 3.7542903517, 4.5968473356, 3.142330648, 3.8158770034, 6.8273776332, 3.7810486856, 8.2635656167, 13.8941317434, 0.0095229150882, 1.7619016526, 5.5081017787, 4.5877449027, 3.7418651238, 9.7182001546, 4.0492369885, 0.4809369967, 0.43667863906, 5.6874957926, 6.0897703429, 0.82480546167, 0.24529638392, 9.5746913987, 21.678048956, 7.9014994313, 4.1562280381, 0.051191014714, 0.15664617401, 0.25780833506, 34.6307725717, 8.8712589202, 2.5191748719, 21.5533063714, 2.4120664264],
      [15.5193898704, 847.9899060677, 1210.9342168802, 197.3522760908, 454.0800811377, 333.8265752909, 142.5885884888, 118.9101798607, 174.7982169792, 194.073558037, 306.2801267408, 151.4918239552, 473.8872315422, 1195.3087150145, 7.9820081747, 72.5088733878, 337.8683153042, 185.1147826851, 231.10846158, 369.6310211292, 323.7601661001, 16.84320235, 40.1134774095, 578.9164207061, 410.4671590902, 9.4315236537, 42.3842849207, 971.4517606801, 1533.0628268751, 722.1077696537, 347.0602959724, 15.6975373571, 44.2193090133, 23.5293555262, 2343.1053834349, 358.2268347684, 199.95207323, 1176.7574792265, 112.1732062756],
      [0.057809867209, 17.4004081428, 17.013759217, 4.9214096974, 9.4751281754, 5.549754063, 5.6790012016, 3.420828645, 5.1999778678, 4.269705894, 7.6324177075, 3.7308367615, 9.504274477, 26.8428058047, 0.0048077007967, 1.3525255367, 5.366158686, 5.4654903352, 7.3699649257, 9.0394231624, 5.4457890566, 0.64100892575, 0.33423516071, 6.3396176759, 8.1271113726, 0.077942710643, 0.33819800224, 14.3004966949, 23.5927361338, 9.670412201, 5.9583060356, 0.2240059907, 0.54765551888, 0.16582590696, 54.0194837167, 10.3864624435, 3.6684831937, 30.3848403419, 2.0502002206]
    ],
    [
      [0, 0.86294842918, 1.0124123413, 0.28724428475, 0.50788506108, 0.752901909, 0.52051459115, 0.70129216535, 0.25303650508, 0.65321354508, 0.83701831271, 0.86644627824, 0.28486352792, 0.70251795048, 0, 0.10477463023, 0.60689076703, 0.31088833417, 0.24003018781, 1.1428281723, 0.4651926704, 0.0064503903113, 0.093008117865, 0.73525389356, 0.71984149389, 0.14023424973, 0.034491005261, 0.62500191929, 1.2787234184, 0.28814913162, 0.68240436995, 0, 0.01862444375, 0.042004762282, 3.372122939, 0.39632323719, 0.55314803278, 1.8573241496, 0.046226975027],
      [0, 16.2399194282, 18.1618202395, 3.4911604898, 8.1128595527, 13.6128016503, 7.1457522845, 10.7651886578, 3.3095535867, 10.6027856751, 16.2159320011, 11.7616609283, 6.2604279467, 11.8087238757, 0, 1.7593561985, 9.5052484237, 6.1335039496, 4.1203296303, 15.2055206173, 9.042392716, 0.32926114711, 1.2695210954, 14.1482390594, 11.9068866803, 0.68502113144, 0.94877038592, 12.7860727491, 21.2328557536, 6.1679026862, 12.2867497017, 0, 0.13676313867, 0.84698386575, 57.5973720409, 8.2984172456, 5.7951070857, 19.5836025689, 1.0961693377],
      [0, 14.4486653832, 16.2494237295, 2.6239910377, 6.6954442477, 7.8901467791, 2.9716100932, 3.0222049712, 2.0118550798, 5.9128656891, 8.03185251, 5.1719388188, 3.9613723155, 11.2973294799, 0, 0.75770931027, 6.4432526821, 2.7097595531, 2.7908129751, 6.3949949436, 7.9901464109, 0.080944561134, 1.1523874029, 15.9825019182, 8.8966234584, 0.041873732865, 1.6120598893, 14.4181185074, 16.7066090253, 6.236993627, 11.3608943196, 0, 0.37246355541, 0.65493517405, 43.4730471452, 3.693855689, 5.0284399883, 11.9044658487, 0.54653732773],
      [0, 64.4484667594, 49.5763436897, 14.5976041877, 30.6838111385, 28.7441496616, 26.3621230312, 19.5113142056, 13.4255548284, 28.8311350907, 43.9151971761, 28.1999539746, 17.4933362099, 55.191428694, 0, 3.378159861, 22.4446081272, 17.8458481631, 19.8488272069, 34.2566562668, 29.5022682027, 1.5833439014, 2.4850833838, 38.1340051289, 38.4766483675, 0.13287088597, 3.4046787195, 46.1708068242, 55.7818118028, 18.3069545552, 42.6699516087, 0, 1.4721488622, 1.4560761979, 216.5574578749, 23.6114038282, 20.6233048932, 66.6546074329, 2.3110663595]
    ],
    [
      [0, 2.7801731932, 4.0272176948, 1.5456604841, 2.3881344496, 2.5760439445, 1.7511881302, 1.3591453638, 1.2941635935, 0.84623047873, 2.0737674952, 2.4718657899, 1.2486169881, 2.6785403658, 0, 0.29186395103, 2.7204202092, 0.69947274564, 1.1826499437, 2.7523258879, 1.6568860067, 0, 0.38445062811, 1.7039695067, 2.9179982074, 0.77038647112, 0.041318051755, 2.0563469001, 3.8639318502, 1.3539468998, 1.9993638878, 0.057236411732, 0.048093948602, 0.097011312119, 10.313184537, 1.7648544815, 1.1664539109, 10.7425414203, 0.39427050123],
      [0, 19.72178419, 27.230189902, 7.0740552855, 14.3733295706, 17.5504937856, 9.0450442806, 7.8421441809, 6.3714192589, 5.1704859589, 15.1359111579, 12.6324233238, 10.3415828486, 16.9699812906, 0, 1.8433836497, 16.0536189519, 5.2005820612, 7.649060504, 13.7996100604, 12.1375368151, 0, 1.9546583888, 12.3598727722, 18.1927361995, 1.1203404936, 0.42785471327, 15.8541759278, 24.179722081, 10.9209181124, 13.5678243655, 0.12457328802, 0.13072739256, 0.7245685393, 66.4093558811, 13.9247144224, 4.5994233725, 42.6935689412, 3.5238766856],
      [0, 30.4004094938, 42.20153052, 9.2355010564, 20.5697825333, 17.6361375975, 6.5198527661, 3.8102184307, 6.7229913414, 5.0044108824, 12.9965592318, 9.6318198166, 11.3408440592, 28.1173496008, 0, 1.3838666876, 18.8720290146, 3.981298612, 8.9999486983, 10.053581512, 18.6133122557, 0, 3.1611302226, 24.216545748, 23.5683156508, 0.088869969656, 1.3300039042, 30.9784217618, 32.9449785806, 19.1510419224, 21.7669041383, 0.57699547027, 0.65907581066, 1.0292632231, 86.773110775, 10.7334237209, 6.9411648033, 44.9364312185, 3.0589818059],
      [0, 11.0976331229, 10.5410618831, 4.1447831741, 7.6687534465, 5.2373246723, 4.6839148231, 1.9884920246, 3.6114258062, 1.97887268, 5.7937621152, 4.2638910697, 4.0689561041, 11.2341287429, 0, 0.48088571162, 5.3539318243, 2.1186465812, 5.1683408541, 4.3944825397, 5.5922649225, 0, 0.4997607604, 4.719611973, 8.3209499423, 0.020403065671, 0.2008233308, 8.1110554103, 9.0113674882, 4.5740930654, 6.6659076084, 0.24119482998, 0.16210284818, 0.14915692545, 35.5043488069, 5.5770073752, 2.2929579133, 20.62745842, 1.0228710072]
    ]
  ],
  "prob": [
    [0.00029955405044, 0.2132876447, 0.58769514326, 0.19871765799],
    [0.31178821915, 0.55246654887, 0.087157765135, 0.048587466849],
    [0.043086039579, 0.84267543593, 0.047194023329, 0.067044501159],
    [0.0032798192089, 0.014740767611, 0.96263364794, 0.019345765237],
    [0.01258102096, 0.20199111828, 0.14748846706, 0.6379393937],
    [0.057381792832, 0.34738021474, 0.43894644895, 0.15629154348]
  ],
  "iterations": 99,
  "time": 2.825214,
  "message": "Converged",
  "status": 0,
  "miniter": 0,
  "maxiter": 1000,
  "maxtime": 3600,
  "param_threshold": 0.001,
  "ll_threshold": "-Inf",
  "initial_prob": "random",
  "adjust_prob_cond_method": "",
  "adjust_prob_cond_every": false,
  "candidates_id": ["MARRYATT, Nicholas John.c", "SCHOENBERGER-ORGAD, Sehai.c", "BENNETT, David Allister.c", "Other candidates votes.c"],
  "group_id": ["Conservative Party.p", "Green Party.p", "Labour Party.p", "National Party.p", "New Zealand First Party.p", "Other parties votes.p"]
}
