{
  "Z_true": {},
  "V_true": [
    [884, 241, 2143, 241],
    [1336, 1269, 14424, 736],
    [87, 7383, 388, 312],
    [98, 1246, 814, 898]
  ],
  "p_true": [
    [0.2519, 0.0687, 0.6107, 0.0687],
    [0.0752, 0.0714, 0.8119, 0.0414],
    [0.0106, 0.9037, 0.0475, 0.0382],
    [0.0321, 0.4077, 0.2664, 0.2938]
  ],
  "Z_est": [
    [
      [2.9982, 0.8851, 3, 6.1089, 1.9075, 2.0028, 13, 12.0004, 5, 9, 6, 3.9829, 8, 6, 21, 3.9545, 13, 26, 20, 0, 0.6278, 2, 2.0082, 3, 2.8508, 4.8359, 5, 4, 2.9951, 3, 0, 24, 15, 10, 5, 2.9684, 11, 5.9976, 4, 2.9978, 4.9997, 4.9983, 1.0672, 0.4961, 0.3786, 4.9985, 3, 1.9997, 17, 2.9997, 32, 11.0001],
      [7.0027, 4.7149, 6, 7.927, 1.4419, 3.6976, 28, 18.002, 14, 29, 11, 8.9197, 24, 12, 65, 6.9928, 42, 48, 41, 0, 1.4445, 5.0181, 6.9985, 14, 3.1331, 5.9521, 52, 31.9999, 8.0082, 17, 0, 45, 35, 29, 18, 3.9843, 15, 14.0072, 24.0001, 23.9968, 22.9997, 13.9981, 2.2117, 1.6759, 0.4132, 13.0012, 20, 5.0069, 94, 7.999, 83, 27.9999],
      [11.9973, 7.3935, 24, 27.8906, 3.371, 10.295, 62, 45.9969, 28, 51, 27, 16.0535, 40, 21.9999, 105, 12.8958, 71, 88, 79, 0, 2.4947, 12.9819, 8.9926, 25, 3.8745, 15.0665, 40, 43.9999, 17.9948, 24.9997, 0, 107, 107, 58, 43, 15.018, 57, 43.9857, 19.9999, 21.0079, 23.0005, 38.0013, 2.5019, 3.5286, 1.0487, 25.0005, 33, 10.9935, 123, 18.0008, 144, 75],
      [1.0018, 0.0065, 2, 2.0735, 0.2797, 1.0046, 6, 6.0007, 5, 7, 5, 2.0439, 5, 4, 11, 2.1569, 11, 13, 13, 0, 0.433, 1, 1.0007, 3, 0.1416, 1.1455, 4, 5.0001, 1.0019, 2.0002, 0, 19, 14, 3, 5, 1.0293, 9, 5.0096, 2, 0.9976, 2.0001, 3.0023, 0.2193, 0.2994, 0.1595, 1.9998, 2, 0.9998, 13, 1.0004, 23, 5]
    ],
    [
      [13.9995, 4.87, 21, 14.8275, 14.4359, 8.9774, 31, 28.0009, 26, 34, 23.0001, 8.9156, 25, 18, 71, 11.0303, 40, 77, 60, 0, 2.157, 14.9817, 9.9802, 23, 10.1224, 11.0585, 20, 37.0001, 17.0172, 13.9996, 0.3515, 74, 58, 27, 34, 13.9527, 40, 26.0096, 10.0002, 7.002, 15.0005, 24.999, 1.8167, 1.6733, 5.0018, 11.0008, 24, 10.9982, 65, 8.0001, 123, 25],
      [86.9923, 55.9121, 126, 25.9006, 16.8484, 27.3091, 75.9999, 48.9968, 75, 138, 44.9998, 24.8932, 85, 46.9999, 253, 27.0579, 136, 160, 134, 1.0463, 7.5428, 118.9636, 100.9938, 138, 71.8316, 20.0456, 297, 314, 90.9492, 172.999, 1.2845, 146, 145, 98, 144, 31.0043, 61, 76.9833, 121.9997, 171.9778, 98.9998, 106.9984, 7.29, 6.7915, 10.2342, 52.0001, 286, 93.9786, 391, 64.0023, 336, 68.9999],
      [145.0107, 90.9782, 450, 85.334, 31.7113, 60.1247, 171.0001, 124.0036, 148, 235, 114, 43.2372, 138, 82.0002, 401, 50.0192, 228, 289, 254, 2.8724, 12.2307, 306.064, 136.0184, 268, 90.7652, 50.8951, 231, 431, 191.024, 250.0018, 1.364, 343, 438, 195, 346, 105.0839, 226, 233.0096, 102.0001, 154.0248, 97.0001, 283.0046, 8.2115, 13.3367, 25.4489, 90.9985, 454, 201.0229, 517, 133.9972, 577, 185.0001],
      [12.9975, 4.2397, 52, 6.9378, 3.0044, 6.5888, 17, 15.9987, 26, 35, 21.0001, 4.9541, 18, 16.9999, 45, 7.8926, 36, 44, 42, 1.0812, 2.0695, 28.9907, 14.0075, 37, 13.2809, 5.0008, 25, 49, 17.0096, 19.9996, 0, 62, 59, 13, 40, 9.9591, 37, 27.9976, 11, 12.9954, 11.9997, 23.9979, 0.6818, 1.1984, 4.3152, 8.0005, 33, 27.0003, 57, 13.0004, 92, 14]
    ],
    [
      [6.0007, 2.0062, 4, 2.8908, 3.1617, 0.7123, 11, 8.999, 9, 14, 6, 3.0905, 13, 8, 40, 4.0077, 22, 40, 25, 0, 1.1559, 4.0091, 5.0109, 8, 5.0535, 2.1746, 22, 18, 5.9935, 6.0003, 0.5453, 26, 15, 11, 10, 3.0509, 8, 4.9952, 9.9998, 6.99, 11.9997, 7.0019, 1.3285, 0.7233, 1.1005, 5, 10, 4.0002, 43, 3.0002, 59, 8.9999],
      [44.0038, 22.3983, 25, 7.1118, 5.17, 5.9963, 27, 16.0002, 28, 60, 11.0001, 8.9775, 50.0001, 24.0001, 142, 12.8894, 73, 81, 57, 0.7461, 5.6861, 32.0275, 49.9985, 47, 37.4611, 4.0563, 323, 163, 31.0296, 80.0008, 2.2869, 55, 39, 40, 45, 7.0093, 13, 15.9928, 123.0003, 155.0155, 76.0006, 32.0032, 6.2188, 3.9833, 2.5058, 23.9987, 124, 40.0212, 257, 27.9974, 160, 25.0003],
      [72.9937, 36.5884, 93, 22.9123, 8.036, 12.2936, 59.9999, 42.0012, 57, 102, 30.9999, 16.8847, 80, 41, 229, 24.0418, 126, 151, 108, 1.6263, 7.8534, 84.9631, 67.0013, 91, 46.7482, 12.8343, 256, 226.0001, 66.9818, 119.9987, 2.1678, 126, 115, 82, 108, 23.8865, 49, 50.0143, 107.9999, 138.9823, 75.9997, 87.9958, 5.9576, 6.8893, 5.5852, 46.0025, 199, 87.9876, 341, 61.0029, 280, 67.9999],
      [6.0018, 1.0071, 11, 1.0852, 0.6322, 0.9978, 7, 4.9997, 9, 15, 5.9999, 2.0473, 10, 8, 26, 3.0611, 20, 22, 17, 0.6276, 1.3046, 7.0003, 6.9893, 13, 6.7372, 0.9349, 27, 24.9999, 5.9952, 9.0002, 0, 22, 15, 5, 12, 2.0532, 8, 4.9976, 11, 12.0121, 10.0001, 6.9991, 0.4951, 0.4041, 0.8085, 3.9989, 14, 11.991, 37, 5.9995, 44, 5]
    ],
    [
      [1.0016, 1.2387, 2, 1.1728, 0.4949, 1.3075, 5, 3.9997, 4, 5, 6, 1.0111, 3, 3, 11, 1.0075, 6, 9, 8, 0, 0.0593, 1.0092, 1.0007, 4, 0.9733, 1.9311, 4, 6, 1.9943, 2, 0.1032, 13, 10, 4, 6, 1.0279, 7, 3.9976, 1.0001, 1.0102, 4.0002, 4.0008, 0.7876, 0.1073, 0.5191, 2.0007, 3, 2.0019, 11, 0.9999, 23, 3],
      [11.0013, 10.9747, 17, 3.0607, 0.5397, 4.997, 12, 7.001, 11, 23, 11.0001, 3.2097, 13, 9, 40, 3.0599, 20, 20, 19, 0.2075, 0.3266, 13.9908, 19.0092, 24, 11.5743, 2.946, 64, 58.0001, 11.013, 26.0002, 0.4286, 27, 26, 17, 28, 2.0021, 11, 12.0167, 17.9999, 40.0099, 29, 17.0003, 3.2795, 0.5492, 0.8468, 8, 43, 16.9933, 71, 9.0013, 65, 8.9999],
      [19.9983, 19.0399, 62, 9.863, 0.8816, 14.2867, 27, 17.9984, 23, 39, 30.0001, 5.8246, 23, 15.9999, 64, 6.0432, 35, 37, 36, 0.5013, 0.4213, 37.991, 27.9877, 47, 16.6121, 8.2041, 51, 79.9999, 23.9994, 38.9998, 0.4682, 66, 82, 35, 69, 9.0116, 40, 38.9904, 15.0001, 34.9851, 27.9997, 47.9983, 3.3291, 1.2455, 2.9172, 15.9985, 69, 37.996, 95, 19.9991, 112, 26.0001],
      [2.9989, 1.7467, 9, 2.9034, 0.0837, 2.4088, 3, 4.001, 6, 7, 6.9999, 1.9547, 4, 5.0001, 9, 1.8894, 7, 7, 7, 0.2912, 0.1928, 5.009, 3.0025, 8, 3.8403, 1.9188, 7, 11, 3.9932, 5, 0, 13, 12, 4, 9, 1.9584, 8, 6.9952, 3, 4.9948, 5.0001, 5.0006, 0.6038, 0.098, 0.7169, 2.0008, 7, 6.0088, 12, 2.9997, 20, 3]
    ]
  ],
  "V_est": [
    [360.0594, 1024.5471, 1897.3855, 227.008],
    [1296.1802, 5441.8262, 9839.7938, 1187.1998],
    [551.0021, 2748.5874, 4363.2298, 507.1806],
    [197.7582, 924.0393, 1668.5909, 265.6115]
  ],
  "p_est": [
    [0.1026, 0.292, 0.5407, 0.0647],
    [0.073, 0.3063, 0.5539, 0.0668],
    [0.0674, 0.3364, 0.534, 0.0621],
    [0.0647, 0.3024, 0.546, 0.0869]
  ],
  "EI_Z": {},
  "EI_V": 33.8349,
  "MAE_Z": {},
  "MAE_V": 1374.5418,
  "MAE_p": 0.1704,
  "runtime": 0.3202
}
