{
  "Z_true": {},
  "V_true": [
    [17, 105, 24, 203, 24],
    [27, 23, 19, 271, 37],
    [52, 25, 74, 473, 20],
    [4, 598, 14, 241, 27],
    [451, 14, 19, 627, 35],
    [17, 51, 1251, 771, 38],
    [11, 24, 26, 3372, 52],
    [91, 132, 195, 573, 61]
  ],
  "p_true": [
    [0.0456, 0.2815, 0.0643, 0.5442, 0.0643],
    [0.0716, 0.061, 0.0504, 0.7188, 0.0981],
    [0.0807, 0.0388, 0.1149, 0.7345, 0.0311],
    [0.0045, 0.6765, 0.0158, 0.2726, 0.0305],
    [0.3935, 0.0122, 0.0166, 0.5471, 0.0305],
    [0.008, 0.024, 0.5879, 0.3623, 0.0179],
    [0.0032, 0.0069, 0.0075, 0.9676, 0.0149],
    [0.0865, 0.1255, 0.1854, 0.5447, 0.058]
  ],
  "Z_est": [
    [
      [0.358, 1.0888, 0.7715, 0, 1.106, 0.4594, 0.3926, 0.737, 0.7057, 0.2103, 0.4765, 0.2361, 0.7879, 1.7243, 1.9157, 2.5774, 0.9148, 0.52, 0.7639, 0.3193, 3.7989, 1.7107, 0.7712, 1.175, 0.8028, 0.4276, 0.0808, 0.5797],
      [0.6346, 2.0741, 1.8737, 0, 4.4821, 1.9903, 1.8248, 1.9313, 3.9122, 0.6956, 1.293, 1.6828, 2.1587, 4.1414, 7.1762, 8.7153, 1.8845, 2.0743, 2.5418, 1.4619, 9.5966, 3.9699, 1.6278, 3.339, 2.5862, 3.2929, 0.1859, 1.9796],
      [1.123, 5.5516, 3.3188, 0, 5.4499, 3.0848, 3.4116, 4.5086, 2.8205, 0.8448, 1.7967, 2.1305, 3.3671, 8.6713, 9.3438, 11.9183, 2.7213, 3.3481, 3.8878, 0.9985, 12.6945, 6.5602, 2.4765, 5.061, 3.6402, 3.4996, 0.301, 2.619],
      [1.5248, 4.869, 3.3368, 0, 7.7079, 3.1097, 3.2545, 4.949, 5.0072, 0.9901, 1.943, 2.1474, 4.4569, 8.069, 10.4367, 10.2906, 2.8114, 2.8125, 3.5326, 1.6717, 11.3225, 6.9374, 2.7756, 5.3516, 4.5259, 4.6304, 0.366, 3.0774],
      [0.3596, 1.4165, 0.6992, 0, 1.2541, 1.3557, 1.1165, 0.8742, 0.5544, 0.2593, 0.4908, 0.8031, 1.2294, 2.3941, 3.1276, 1.4984, 0.668, 1.2451, 1.274, 0.5486, 3.5874, 1.8218, 0.3488, 1.0733, 1.445, 1.1495, 0.0663, 0.7442]
    ],
    [
      [0.2043, 0.103, 0.3696, 0.4567, 0.132, 0.054, 0.0819, 0.1035, 0.0427, 0.1329, 0.4657, 0.1205, 0.0852, 0.1286, 0.1621, 0.21, 0.3427, 0.0387, 0.1355, 0.046, 0.1766, 0.1017, 0.3629, 0.2523, 0.0723, 0.0303, 0.2374, 0.1348],
      [0, 0, 0, 0, 0.0083, 0.0049, 0, 0, 0.0114, 0.0152, 0.0236, 0.1199, 0, 0, 0.0211, 0.0195, 0.0102, 0.0043, 0.0142, 0.0085, 0.019, 0.0016, 0.0028, 0.0074, 0, 0.0152, 0, 0.0097],
      [0, 0.0148, 0.0221, 0, 0, 0.0035, 0.0297, 0.0069, 0, 0, 0, 0, 0, 0.011, 0, 0.0088, 0.0048, 0.0044, 0.0151, 0, 0.0084, 0.0017, 0, 0.0078, 0, 0, 0, 0],
      [8.9967, 3.9806, 12.1005, 10.5532, 8.2184, 3.1409, 8.2297, 6.7935, 2.6271, 5.1402, 14.4842, 12.8809, 4.5656, 4.8578, 7.5292, 6.7346, 7.8448, 1.7094, 5.1224, 2.0355, 4.29, 3.2556, 6.9831, 9.0986, 3.7814, 3.3489, 8.4217, 5.8749],
      [8.7991, 4.9016, 10.5077, 6.9901, 5.6414, 5.7967, 11.6587, 5.096, 1.3187, 5.7117, 15.0265, 19.8786, 5.3492, 6.0026, 9.2876, 4.0271, 7.7976, 3.2433, 7.7128, 2.91, 5.5061, 3.6394, 3.6512, 7.6339, 5.1463, 3.6056, 6.3408, 5.9806]
    ],
    [
      [1.2368, 2.1975, 1.1429, 1.8015, 0.8987, 1.5726, 1.4694, 0.4448, 0.6238, 0.8527, 2.6348, 0.5991, 1.009, 2.5316, 0.6782, 8.8551, 2.2481, 0.8815, 0.8189, 1.8473, 0.9362, 2.1003, 4.0211, 1.7288, 0.402, 0.8817, 1.7992, 1.801],
      [0.0244, 0, 0.0586, 0, 0.0881, 0.1746, 0.0945, 0.0191, 0.1334, 0.0783, 0.1813, 0.13, 0.0481, 0.0813, 0.0671, 1.1808, 0.1124, 0.098, 0.0732, 0.3149, 0.0704, 0.0873, 0.108, 0.1143, 0.0294, 0.2918, 0.0458, 0.158],
      [2.3878, 7.1611, 3.0699, 4.5151, 2.7569, 6.7413, 8.3478, 1.6948, 1.5433, 2.136, 6.1534, 3.4032, 2.6839, 7.9959, 2.0483, 25.7222, 4.139, 3.5621, 2.6045, 3.5791, 2.0316, 5.0274, 7.848, 4.6526, 1.1338, 4.5442, 4.1026, 5.0863],
      [10.3403, 19.6062, 9.7267, 16.6834, 12.2523, 21.4092, 24.9552, 5.8384, 8.6994, 7.923, 21.0106, 10.8259, 11.2399, 23.3476, 7.1926, 69.2273, 13.4927, 9.4306, 7.484, 19.2231, 5.9521, 16.7655, 28.0229, 15.5023, 4.4256, 19.2671, 16.0524, 18.9361],
      [0.0108, 0.0351, 0.002, 0, 0.0041, 0.1022, 0.1332, 0.0029, 0, 0.01, 0.02, 0.0417, 0.0191, 0.0436, 0.0137, 0.0146, 0.0078, 0.0278, 0.0195, 0.0355, 0.0097, 0.0196, 0, 0.002, 0.0092, 0.0153, 0, 0.0186]
    ],
    [
      [0.0667, 0.0506, 0.0744, 0.023, 0, 0, 0, 0.0115, 0, 0.0412, 0.1184, 0, 0.0162, 0.06, 0.0115, 0.2207, 0.1437, 0.006, 0.0222, 0, 0.0649, 0.0847, 0.0837, 0.1323, 0.0074, 0, 0.0457, 0.0249],
      [11.9286, 12.6462, 17.3032, 6.416, 25.6279, 26.9381, 24.4502, 12.8493, 22.0807, 25.0264, 28.7433, 31.6223, 9.5423, 21.2418, 19.1354, 83.2666, 19.6798, 19.4684, 16.4905, 22.7495, 12.5921, 17.4147, 11.519, 40.53, 18.7451, 22.218, 12.2299, 21.5674],
      [0.0039, 0.1423, 0.0908, 0.0226, 0, 0.1217, 0.1904, 0.0793, 0, 0.0129, 0.0713, 0.052, 0.0098, 0.1702, 0.0363, 0.5503, 0.0655, 0.1569, 0.0948, 0, 0.0547, 0.0599, 0.03, 0.1624, 0, 0, 0.0213, 0.0342],
      [7.9234, 8.0555, 8.4834, 3.5285, 12.3242, 11.6281, 12.0795, 9.0089, 7.9193, 9.8153, 11.9485, 10.9734, 5.3642, 11.3731, 7.6979, 26.8295, 8.0441, 7.2053, 6.2693, 7.1441, 4.23, 8.3486, 5.3674, 18.1191, 9.0825, 8.7027, 6.674, 9.283],
      [0.0774, 0.1054, 0.0482, 0.0099, 0.048, 0.3121, 0.28, 0.051, 0, 0.1042, 0.1185, 0.3523, 0.0675, 0.155, 0.1189, 0.1329, 0.0669, 0.1634, 0.1233, 0.1064, 0.0583, 0.0921, 0, 0.0562, 0.165, 0.0793, 0.0291, 0.0905]
    ],
    [
      [14.0168, 14.5248, 24.0667, 9.7717, 14.4054, 15.3239, 11.0307, 12.229, 8.8714, 13.8669, 32.1895, 6.7461, 13.7439, 23.6915, 13.914, 71.1688, 19.3908, 13.5779, 16.2526, 15.9223, 13.715, 22.6939, 17.5205, 15.7712, 6.9267, 2.9884, 8.6916, 16.4297],
      [0.0751, 0.0661, 0.3192, 0.1268, 0.5008, 0.8512, 0.376, 0.0705, 0.9048, 0.4771, 0.8088, 0.4976, 0.2157, 0.3234, 0.5118, 3.2163, 0.3535, 0.5515, 0.5431, 0.9237, 0.4032, 0.3305, 0.2603, 0.3844, 0.1686, 0.2299, 0.1276, 0.5206],
      [1.1937, 2.3664, 3.1828, 1.1484, 1.9712, 3.1443, 3.2112, 2.2415, 0.88, 1.6052, 3.5709, 1.796, 1.6038, 3.7622, 1.9668, 10.5268, 1.7214, 2.7397, 2.5594, 1.3124, 1.4558, 2.5977, 1.6354, 2.0405, 0.8872, 0.681, 0.9271, 2.1573],
      [15.6863, 16.9847, 27.4314, 11.9531, 26.1225, 27.4267, 24.1873, 21.459, 16.3439, 17.0126, 34.3851, 15.8423, 20.3627, 29.1136, 19.5153, 74.0637, 15.5271, 19.0039, 19.5037, 21.7617, 11.3879, 24.3275, 16.5838, 18.8039, 9.9686, 8.0824, 10.2536, 22.8497],
      [0.0281, 0.058, 0, 0, 0, 0.2539, 0.1947, 0, 0, 0.0383, 0.0457, 0.118, 0.0738, 0.1093, 0.092, 0.0243, 0.0072, 0.1271, 0.1412, 0.0799, 0.038, 0.0504, 0, 0, 0.0489, 0.0183, 0, 0.0426]
    ],
    [
      [2.9317, 2.3121, 1.5414, 1.3848, 0.6886, 0, 0, 0.9211, 0, 1.0672, 3.4519, 0.2603, 1.0634, 2.853, 1.32, 5.6206, 2.2373, 0.9346, 1.222, 1.1508, 1.8265, 2.3331, 2.2361, 1.7263, 0.6727, 0, 1.8726, 1.2089],
      [2.0004, 2.9245, 4.6989, 3.1644, 8.3976, 5.7235, 5.6877, 2.8177, 6.1169, 5.6119, 12.4183, 16.9422, 3.6395, 8.3503, 8.8351, 29.8629, 5.8356, 8.6664, 6.7857, 12.1593, 6.2092, 6.6469, 4.6761, 7.1008, 3.0566, 4.856, 3.9421, 6.7017],
      [22.2859, 44.1736, 30.0443, 20.7643, 30.822, 27.3829, 40.2886, 37.5463, 8.9772, 22.843, 59.1054, 65.1809, 22.3095, 69.8802, 38.7352, 130.4972, 29.2143, 46.3897, 35.298, 20.2508, 27.3424, 40.0302, 25.3617, 37.7044, 15.7271, 13.3659, 25.8598, 30.3815],
      [25.6556, 28.8525, 22.9726, 18.6865, 36.0894, 20.8702, 28.6173, 31.8264, 13.779, 20.4149, 48.6586, 48.1306, 24.6559, 48.8665, 32.9472, 81.7172, 22.6902, 28.1721, 23.7202, 28.5295, 18.4266, 32.3192, 21.7261, 30.4104, 15.5108, 14.089, 24.7617, 27.41],
      [1.1264, 1.7373, 0.7429, 0, 1.0024, 2.0233, 2.4063, 0.8886, 0.1269, 1.063, 2.3658, 5.486, 1.3317, 3.05, 2.1625, 2.3022, 1.0225, 2.8371, 1.9741, 1.9096, 1.1952, 1.6705, 0, 1.0582, 1.0327, 0.6892, 0.5638, 1.2979]
    ],
    [
      [0, 0, 1.1901, 0.0857, 0, 0, 0, 0, 0, 0.4769, 1.8279, 0, 0, 0.4378, 0.0799, 2.9516, 3.4186, 0, 0.2717, 0, 1.0013, 1.2114, 1.3976, 0.8153, 0, 0, 0.2143, 0.2159],
      [0, 0, 0, 0, 0, 0.4117, 0, 0, 1.1946, 2.036, 1.5694, 1.9286, 0, 0, 1.3047, 11.0022, 1.075, 2.012, 1.43, 3.2452, 1.2343, 0.0698, 0.1922, 0.6954, 0, 1.0754, 0, 1.3628],
      [0, 1.569, 1.25, 0.2396, 0, 1.386, 1.0026, 0, 0, 0, 0.7353, 0.5893, 0, 2.0404, 0.3303, 7.1901, 0.9899, 3.4007, 1.6917, 0, 0.7831, 0.6032, 0.2585, 1.0073, 0, 0, 0, 0.1051],
      [110.4405, 83.7396, 117.5599, 60.6748, 157.9553, 143.2454, 115.924, 86.9128, 71.8054, 125.7288, 170.9852, 104.3496, 102.1235, 127.4097, 103.1895, 385.9085, 145.1061, 132.3978, 106.0294, 143.4146, 65.4311, 106.4473, 90.1517, 129.3116, 84.9145, 76.5178, 87.7857, 153.5304],
      [0.5595, 0.6914, 0, 0, 0.0447, 2.9569, 2.0734, 0.0872, 0, 0.7583, 0.8822, 2.1325, 0.8765, 1.112, 1.0956, 0.9475, 0.4104, 2.1895, 1.5772, 1.3402, 0.5502, 0.6684, 0, 0.1704, 1.0855, 0.4067, 0, 0.7859]
    ],
    [
      [2.1857, 1.7231, 2.8435, 1.4766, 1.7694, 1.59, 1.0253, 1.5531, 0.7563, 2.352, 2.8353, 1.038, 1.2943, 3.5732, 1.9185, 9.3957, 4.304, 2.0412, 2.5133, 1.7143, 2.4805, 1.7642, 2.6068, 2.3989, 1.1161, 0.6721, 2.0583, 1.6051],
      [0.3369, 0.2892, 0.7464, 0.2929, 0.8953, 0.9056, 0.5667, 0.3122, 0.646, 1.0596, 0.9623, 1.0765, 0.3957, 0.8619, 0.9485, 4.7364, 1.049, 1.1251, 1.1214, 1.137, 0.8753, 0.4792, 0.6139, 0.8285, 0.4141, 1.0208, 0.4686, 0.7001],
      [6.0057, 8.0212, 11.0213, 5.31, 8, 10.1354, 8.5182, 8.9226, 2.779, 8.5581, 9.567, 8.8481, 5.026, 16.4688, 8.5392, 39.5863, 11.1438, 12.3985, 11.8488, 4.8591, 7.6294, 6.1198, 7.3899, 9.3641, 4.6118, 5.9094, 6.7882, 6.6165],
      [21.4325, 17.9118, 28.3888, 15.9204, 29.33, 26.1697, 20.7525, 25.2121, 12.8187, 25.9752, 26.5848, 22.8497, 17.2313, 38.9627, 24.4916, 86.2287, 29.4837, 26.2685, 27.3384, 21.2197, 17.9598, 16.5989, 21.3894, 25.4025, 14.7907, 20.3617, 21.6848, 20.0386],
      [0.0391, 0.0547, 0, 0, 0.0053, 0.1992, 0.1372, 0, 0, 0.0551, 0.0506, 0.1877, 0.0527, 0.1334, 0.1021, 0.053, 0.0196, 0.1667, 0.178, 0.0698, 0.055, 0.0379, 0, 0.0061, 0.0673, 0.0361, 0, 0.0397]
    ]
  ],
  "V_est": [
    [25.412, 79.1263, 115.149, 121.9078, 31.4049],
    [4.7841, 0.3169, 0.139, 182.5993, 189.1607],
    [48.0145, 3.8632, 136.6721, 454.8322, 0.618],
    [1.3096, 614.0226, 2.2333, 263.4227, 3.0117],
    [469.4418, 14.1385, 64.8861, 595.9438, 1.5898],
    [42.837, 203.8281, 1017.7623, 820.5062, 43.0664],
    [15.596, 31.8394, 25.172, 3388.9905, 23.4021],
    [62.605, 24.8651, 259.9861, 702.7974, 1.7464]
  ],
  "p_est": [
    [0.0681, 0.2121, 0.3088, 0.3268, 0.0842],
    [0.0126, 0.0008, 0.0004, 0.4844, 0.5017],
    [0.0747, 0.006, 0.2122, 0.7061, 0.001],
    [0.0015, 0.6936, 0.0025, 0.299, 0.0034],
    [0.4094, 0.0122, 0.0567, 0.5204, 0.0014],
    [0.0201, 0.0962, 0.4784, 0.3849, 0.0202],
    [0.0045, 0.0091, 0.0072, 0.9725, 0.0067],
    [0.0597, 0.0238, 0.2467, 0.6681, 0.0017]
  ],
  "EI_Z": {},
  "EI_V": 8.7438,
  "MAE_Z": {},
  "MAE_V": 44.1079,
  "MAE_p": 0.0595,
  "runtime": 0.2809
}
