{
  "X": [
    [21, 15, 33, 202, 11],
    [22, 18, 69, 184, 9],
    [32, 25, 52, 230, 12],
    [15, 10, 32, 138, 7],
    [19, 40, 49, 290, 8],
    [19, 37, 52, 257, 13],
    [14, 33, 65, 238, 18],
    [16, 18, 55, 192, 7],
    [11, 35, 17, 139, 2],
    [19, 35, 36, 213, 8],
    [44, 46, 81, 330, 19],
    [9, 54, 82, 228, 29],
    [18, 16, 35, 190, 9],
    [35, 35, 109, 292, 13],
    [20, 38, 61, 213, 16],
    [101, 142, 226, 741, 9],
    [33, 30, 50, 245, 10],
    [18, 34, 72, 227, 10],
    [22, 29, 58, 199, 13],
    [21, 42, 31, 245, 7],
    [24, 31, 52, 139, 11],
    [32, 29, 61, 215, 8],
    [29, 19, 45, 193, 4],
    [24, 53, 60, 252, 10],
    [10, 25, 26, 147, 9],
    [5, 33, 28, 155, 6],
    [15, 17, 38, 176, 7],
    [22, 33, 47, 261, 9]
  ],
  "W": [
    [4, 18, 14, 20, 31, 54, 111, 30],
    [15, 9, 29, 21, 34, 80, 86, 28],
    [10, 23, 14, 26, 55, 60, 120, 43],
    [0, 18, 23, 10, 23, 44, 61, 23],
    [20, 14, 16, 38, 43, 77, 158, 40],
    [10, 9, 30, 39, 47, 56, 148, 39],
    [10, 20, 35, 37, 39, 77, 119, 31],
    [13, 12, 8, 22, 36, 74, 87, 36],
    [13, 4, 11, 30, 27, 29, 73, 17],
    [3, 11, 11, 35, 33, 51, 129, 38],
    [6, 30, 30, 41, 71, 126, 176, 40],
    [7, 33, 15, 43, 25, 136, 109, 34],
    [12, 10, 15, 15, 36, 53, 103, 24],
    [25, 11, 34, 33, 57, 133, 131, 60],
    [32, 17, 10, 27, 36, 84, 106, 36],
    [35, 11, 105, 111, 159, 250, 408, 140],
    [9, 16, 20, 28, 37, 61, 151, 46],
    [10, 5, 14, 27, 36, 87, 140, 42],
    [12, 13, 11, 23, 39, 69, 111, 43],
    [5, 5, 25, 30, 40, 64, 148, 29],
    [41, 10, 9, 17, 27, 55, 69, 29],
    [21, 7, 24, 26, 50, 83, 109, 25],
    [8, 11, 40, 17, 36, 54, 92, 32],
    [16, 17, 22, 59, 37, 78, 132, 38],
    [13, 9, 6, 28, 18, 36, 86, 21],
    [13, 7, 25, 31, 12, 33, 78, 28],
    [1, 15, 22, 19, 20, 57, 88, 31],
    [9, 12, 26, 31, 42, 67, 156, 29]
  ],
  "method": "mult",
  "cond_prob": [
    [
      [0.089508708883, 0.15864371858, 0.28075322613, 0.38119236875, 0.08990197765],
      [0.011348172331, 0, 0, 0.49981466237, 0.48883716529],
      [0.088339588909, 0.0017442355378, 0.1705543074, 0.73859050934, 0.00077135880905],
      [0.0033345652105, 0.59643156652, 0.00019357669696, 0.3961684246, 0.0038718669744],
      [0.45215643605, 0.0024214788355, 0.038507050182, 0.50600951182, 0.00090552311621],
      [0.05429141711, 0.037043754544, 0.41270175127, 0.47510325903, 0.020859818042],
      [0, 0, 0, 0.99495985747, 0.0050401425272],
      [0.072855549074, 0.011231530286, 0.20019140445, 0.7144171982, 0.0013043179968]
    ],
    [
      [0.072588824789, 0.13827048059, 0.370107565, 0.32460277326, 0.094430356363],
      [0.011444032395, 0, 0.0016445328497, 0.44228450502, 0.54462692974],
      [0.075777398307, 0, 0.24693562313, 0.67607528309, 0.0012116954736],
      [0.0024096967265, 0.60220078679, 0.0067738183051, 0.38359591378, 0.0050197843941],
      [0.42720056611, 0.0019439768014, 0.069599316837, 0.49955104329, 0.0017050969563],
      [0.028901623343, 0.036555786158, 0.55217013194, 0.36065683061, 0.021715627951],
      [0, 0, 0.018244005619, 0.97371605112, 0.0080399432657],
      [0.061538358542, 0.010327434453, 0.28647252368, 0.63970850502, 0.0019531783029]
    ],
    [
      [0.077145350464, 0.18737185494, 0.33188395217, 0.33367995702, 0.069918885405],
      [0.016069922796, 0, 0.00096134548211, 0.52611044704, 0.45685828468],
      [0.081632652812, 0.0041844281956, 0.21928102435, 0.69476204948, 0.00013984516348],
      [0.0028601108099, 0.66550862782, 0.0034928327192, 0.32628340829, 0.0018550203573],
      [0.43757605097, 0.0058037571848, 0.05786827211, 0.49875191973, 0],
      [0.025689942028, 0.078314504144, 0.50073793553, 0.38287624769, 0.012381370611],
      [0.0099177873021, 0, 0.010416757676, 0.97966545502, 0],
      [0.066128010445, 0.017358098575, 0.25630836097, 0.66020553001, 0]
    ],
    [
      [0.078278459738, 0.18000447316, 0.31688290782, 0.36457510421, 0.060259055069],
      [0.025370357087, 0, 0, 0.58629010004, 0.38833954287],
      [0.078326354045, 0, 0.196307031, 0.72536661495, 0],
      [0.0023035566917, 0.64159504697, 0.0022590172371, 0.35285355626, 0.00098882283502],
      [0.42485719592, 0.0055122594415, 0.049930872638, 0.519699672, 0],
      [0.031472667244, 0.071917145116, 0.47191617803, 0.42469400961, 0],
      [0.001404282145, 0, 0.0039276048388, 0.99466811302, 0],
      [0.064200773333, 0.012735355566, 0.23087140502, 0.69219246608, 0]
    ],
    [
      [0.055298919049, 0.2241047072, 0.27249385155, 0.38539735772, 0.062705164479],
      [0.0094258398883, 0.00058984895826, 0, 0.5870255839, 0.40295872725],
      [0.056165994956, 0.0055057310248, 0.17230786282, 0.76576687431, 0.00025353688884],
      [0, 0.67441736425, 0, 0.3243198896, 0.0012627461511],
      [0.33500889402, 0.01164762758, 0.045842647742, 0.60750083066, 0],
      [0.0089426770204, 0.10905936927, 0.40028580359, 0.46869332716, 0.013018822958],
      [0, 0, 0, 0.99971728296, 0.00028271704212],
      [0.044235884196, 0.022381925323, 0.19999891086, 0.73325040651, 0.0001328731137]
    ],
    [
      [0.045942068624, 0.19903016228, 0.30848380064, 0.31097395942, 0.13557000903],
      [0.0060046328611, 0.00054355051744, 0.00038904118177, 0.34899035806, 0.64407241738],
      [0.052421098489, 0.005820858478, 0.22471133996, 0.71363867731, 0.0034080257629],
      [0, 0.69071970337, 0.0031201616133, 0.29815648034, 0.0080036546849],
      [0.32603988302, 0.01811161186, 0.066901042044, 0.58354574952, 0.0054017135622],
      [0, 0.10220560788, 0.48898103772, 0.37268289421, 0.036130460182],
      [0, 0.0027818244813, 0.0093647704489, 0.96787461892, 0.019978786145],
      [0.040770004144, 0.023221600379, 0.25988105144, 0.6710191853, 0.0051081587332]
    ],
    [
      [0.039263582452, 0.18247870884, 0.34115883684, 0.32545085795, 0.11164801392],
      [0.0040972804676, 0, 0.0014832148944, 0.4114860997, 0.58293340494],
      [0.04198209785, 0.0027008489882, 0.23850741042, 0.71300519723, 0.0038044455158],
      [0, 0.66081567012, 0.0051459486909, 0.32647164402, 0.0075667371666],
      [0.28283954714, 0.0096420249829, 0.082339453853, 0.62018605526, 0.0049929187676],
      [0, 0.073866704298, 0.52322849361, 0.37165354371, 0.031251258375],
      [0, 0, 0.0084248655615, 0.97415143732, 0.017423697115],
      [0.033074283969, 0.018281554752, 0.2747805212, 0.66943666555, 0.0044269745238]
    ],
    [
      [0.056689596652, 0.14855814803, 0.34681505136, 0.38069002522, 0.067247178734],
      [0.0086290175092, 0, 0.00057847532874, 0.56612472495, 0.42466778221],
      [0.055601551308, 0.0023821271828, 0.21184603257, 0.72980300472, 0.00036728422205],
      [0.00052191007278, 0.58405984337, 0.003605047207, 0.40949569708, 0.0023175022682],
      [0.33969335397, 0.0019593309726, 0.062264429525, 0.59608288553, 0],
      [0.012447444343, 0.038076416601, 0.50738187662, 0.43008586737, 0.012008395061],
      [0, 0, 0, 0.9989973709, 0.0010026291006],
      [0.043142249359, 0.0086716600146, 0.24785013878, 0.70033595184, 0]
    ],
    [
      [0.054287095348, 0.30093812801, 0.21695911916, 0.38517083425, 0.042644823228],
      [0.010681498226, 0.0028590619737, 0, 0.65678348355, 0.32967595625],
      [0.05671267063, 0.012130563843, 0.1403030906, 0.79085367493, 0],
      [0, 0.73602203216, 0, 0.26397796784, 0],
      [0.32857066202, 0.033509555691, 0.032591037389, 0.6053287449, 0],
      [0, 0.21092710934, 0.30955994678, 0.47513661722, 0.0043763266558],
      [0, 0.016364525351, 0, 0.98363547465, 0],
      [0.044487912713, 0.038000964453, 0.16347064637, 0.75404047647, 0]
    ],
    [
      [0.070095298496, 0.23186004947, 0.28158707652, 0.33003453479, 0.086423040723],
      [0.012084287319, 0.0013778374893, 0, 0.46728850881, 0.51924936638],
      [0.077514747238, 0.0071190191791, 0.1941829654, 0.72027370625, 0.00090956193452],
      [0.0011771673479, 0.7150407088, 0.00036911131011, 0.28043587361, 0.0029771389257],
      [0.4202085626, 0.014456198535, 0.048641782115, 0.51553387713, 0.001159579616],
      [0.02092470268, 0.1100375647, 0.44790226067, 0.40029143451, 0.020844037433],
      [0.0036968261211, 0.015782909963, 0, 0.97464178404, 0.0058784798784],
      [0.061894497237, 0.027883260087, 0.22521350397, 0.68355750546, 0.0014512332429]
    ],
    [
      [0.079419431869, 0.21549757445, 0.29945043888, 0.32383767661, 0.081794878195],
      [0.01552375475, 0.00078648443161, 0, 0.48280798554, 0.50088177527],
      [0.087825901712, 0.0060417750767, 0.20511261589, 0.70035179249, 0.00066791482394],
      [0.0028883433101, 0.70105590302, 0.001740192494, 0.29142573019, 0.0028898309803],
      [0.45337330875, 0.011392220737, 0.050294492816, 0.48429700534, 0.00064297235916],
      [0.027395964738, 0.098558219982, 0.46909010029, 0.38617949579, 0.018776219197],
      [0.010385712448, 0.0089168340583, 0.0041777411251, 0.97150697033, 0.0050127420384],
      [0.070882244256, 0.024058213996, 0.23917567333, 0.66461987585, 0.0012639925639]
    ],
    [
      [0.033724341368, 0.24040295132, 0.3043638553, 0.30677798244, 0.11473086958],
      [0.003652270436, 0.0036342665448, 0, 0.39033134092, 0.6023821221],
      [0.03993689496, 0.0086682674355, 0.22688267858, 0.72172993943, 0.0027822195895],
      [0, 0.73540297742, 0.0012086603273, 0.25519632667, 0.0081920355869],
      [0.26984308119, 0.019904883954, 0.071838085929, 0.63369220745, 0.00472174148],
      [0.0019138781113, 0.12457486232, 0.47927126906, 0.35390164518, 0.04033834534],
      [0, 0.017693757937, 0.0054061930552, 0.95733560241, 0.019564446599],
      [0.030529023788, 0.03166098574, 0.26023884286, 0.67205056299, 0.0055205846156]
    ],
    [
      [0.065657922321, 0.17988827014, 0.28058835781, 0.37141239002, 0.10245305971],
      [0.0085236799283, 0, 0, 0.45655786149, 0.53491845859],
      [0.067268744644, 0.0032054446073, 0.17892527107, 0.74932640004, 0.0012741396386],
      [0.001078081448, 0.63615375692, 0.00065319137235, 0.35761481993, 0.0045001503309],
      [0.3817761881, 0.0059920123414, 0.044549215139, 0.5656312133, 0.0020513711224],
      [0.02006386044, 0.068670276513, 0.42093467023, 0.46520509497, 0.02512609785],
      [0, 0, 0, 0.9914902229, 0.0085097770971],
      [0.05393076528, 0.016488151501, 0.20941472928, 0.71796948892, 0.0021968650226]
    ],
    [
      [0.068973190675, 0.16565503028, 0.34685051737, 0.32275857461, 0.095762687073],
      [0.011686621733, 0, 0.0010010120679, 0.44161847953, 0.54569388667],
      [0.074457570589, 0.0023923556811, 0.23517449377, 0.68669409599, 0.0012814839713],
      [0.0018168861563, 0.64368952687, 0.0051573949005, 0.34463993795, 0.004696254117],
      [0.41564067457, 0.0056733654233, 0.066002771703, 0.51076576151, 0.0019174267932],
      [0.021451255565, 0.062784093286, 0.52541515568, 0.36741712121, 0.022932374257],
      [0.0033422766632, 0, 0.015575688802, 0.97259320379, 0.0084888307485],
      [0.059553817794, 0.014364392115, 0.27448016979, 0.64937799868, 0.0022236216251]
    ],
    [
      [0.059866422614, 0.22425668477, 0.2919938446, 0.32614533957, 0.097737708447],
      [0.0095328427866, 0.0012436805654, 0, 0.44289589634, 0.5463275803],
      [0.06782439092, 0.0067099883381, 0.2048346251, 0.71926055935, 0.0013704362896],
      [0.00042678239418, 0.7087192056, 0.0013435521994, 0.2851075398, 0.0044029200041],
      [0.38650046789, 0.014217638632, 0.054634643118, 0.54209116446, 0.0025560858906],
      [0.01571384433, 0.10517980608, 0.46113329045, 0.39222858774, 0.025744471393],
      [0.00075414134705, 0.012308678969, 0.0031159165578, 0.97348578893, 0.010335474199],
      [0.053292510123, 0.026346289182, 0.2372012252, 0.68032313362, 0.0028368418726]
    ],
    [
      [0.073641237635, 0.24900747736, 0.34052228165, 0.29401702171, 0.042811981639],
      [0.019090766752, 0.0017722757011, 0.00080357132107, 0.61223218496, 0.36610120127],
      [0.084334472925, 0.011245693959, 0.24497350506, 0.65930748118, 0.00013884687221],
      [0.0019886470484, 0.75014940872, 0.004957490759, 0.24170704506, 0.0011974084205],
      [0.44760277613, 0.020228530823, 0.066206294019, 0.46580956021, 0.00015283881398],
      [0.022482240549, 0.11945163257, 0.52198870995, 0.32686864639, 0.0092087705419],
      [0.0072344197756, 0.026966256737, 0.017622773973, 0.94585425645, 0.0023222930641],
      [0.067111813991, 0.033831312397, 0.28275936667, 0.61591903126, 0.00037847568118]
    ],
    [
      [0.10164093678, 0.20938519519, 0.30237017163, 0.31237779423, 0.07422590218],
      [0.021419994302, 0.00063642720773, 0.0002969381908, 0.49029800475, 0.48734863555],
      [0.11240489298, 0.0056221208638, 0.20694764189, 0.6746362489, 0.00038909536746],
      [0.0051306218786, 0.70285095473, 0.0023406618077, 0.28728980474, 0.002387956846],
      [0.52407624531, 0.0095549842866, 0.046524015908, 0.41965011899, 0.00019463550172],
      [0.036677446628, 0.095666122816, 0.47892361626, 0.37197033781, 0.016762476482],
      [0.022639699273, 0.0071188780775, 0.0065558181731, 0.96096743318, 0.0027181712925],
      [0.093565575582, 0.022803538223, 0.24225583372, 0.64094923577, 0.00042581670278]
    ],
    [
      [0.052001249198, 0.20742852217, 0.33481327546, 0.28124503207, 0.1245119211],
      [0.0077461276679, 0.00085273424004, 0.00087227834034, 0.34187395314, 0.64865490662],
      [0.062966837865, 0.0069994150441, 0.25443534288, 0.6736117197, 0.0019866845081],
      [0.00022108976671, 0.72105266991, 0.0058099053755, 0.26686469256, 0.0060516423927],
      [0.37716299809, 0.015319855564, 0.076101818363, 0.52788491386, 0.0035304141309],
      [0.010743000219, 0.099613588688, 0.53321508008, 0.32381770636, 0.032610624655],
      [0, 0.014371756568, 0.024290719825, 0.94569828259, 0.015639241017],
      [0.048601018232, 0.02678795889, 0.29520155725, 0.62544076724, 0.0039686983834]
    ],
    [
      [0.063654874348, 0.2118189972, 0.32398108889, 0.29438030392, 0.10616473564],
      [0.010419909418, 0.001094780624, 0.0011616473981, 0.39402908497, 0.59329457759],
      [0.074441367101, 0.0066570267411, 0.23676820007, 0.68036229712, 0.0017711089702],
      [0.00096537363107, 0.71697685821, 0.0041207194123, 0.27257782985, 0.0053592188999],
      [0.41673430013, 0.013925369623, 0.065625392138, 0.5000951471, 0.0036197910061],
      [0.017709889589, 0.098343723246, 0.51156558994, 0.34377104876, 0.02860974847],
      [0.0024478590811, 0.012882799692, 0.015240211231, 0.95522015631, 0.014208973691],
      [0.058448642068, 0.026080180639, 0.27555393777, 0.63577749866, 0.0041397408592]
    ],
    [
      [0.063861388153, 0.29238764682, 0.19969067628, 0.33433873691, 0.10972155183],
      [0.0092048220689, 0.0017034559747, 0, 0.40709944941, 0.58199227255],
      [0.073892693855, 0.01259492787, 0.14316595021, 0.76892530208, 0.0014211259856],
      [0, 0.75831658988, 0, 0.23813795898, 0.0035454511448],
      [0.39805642741, 0.023092581948, 0.032811062585, 0.54404181591, 0.0019981121523],
      [0.01798075242, 0.18998903128, 0.31641884946, 0.44577374497, 0.029837621873],
      [0, 0.021927064697, 0, 0.96901776284, 0.0090551724583],
      [0.059114701773, 0.039205749585, 0.16755686187, 0.73171436317, 0.0024083235985]
    ],
    [
      [0.092657155992, 0.23406288949, 0.30962246714, 0.27615889112, 0.08749859626],
      [0.017655180974, 0.0019003717698, 0.00084215266053, 0.428996816, 0.5506054786],
      [0.10402296246, 0.0078264105333, 0.22573076285, 0.66134157346, 0.0010782907009],
      [0.0038158451294, 0.74071072224, 0.0032193178621, 0.2488236039, 0.0034305108664],
      [0.50796310389, 0.014931817122, 0.053920267082, 0.42177591246, 0.0014088994455],
      [0.033209857594, 0.11289413959, 0.49713471627, 0.33502967681, 0.021731609747],
      [0.014512169897, 0.017888446846, 0.011349349758, 0.94827672469, 0.0079733088077],
      [0.08553596792, 0.030181319602, 0.26308242456, 0.61930227628, 0.0018980116374]
    ],
    [
      [0.081461004086, 0.18904512251, 0.31238919617, 0.33035439161, 0.086750285619],
      [0.014533439367, 0.0002333182649, 0.00024431867817, 0.46508011093, 0.51990881276],
      [0.087510915342, 0.0036368331301, 0.20947622966, 0.69856104372, 0.00081497814535],
      [0.0032594552864, 0.66979514566, 0.0023027090926, 0.32110184165, 0.0035408483116],
      [0.45387826952, 0.0066103822334, 0.051953669891, 0.48654934819, 0.0010083301602],
      [0.028109788431, 0.080083332561, 0.4822914436, 0.38938853095, 0.020126904453],
      [0.011113373307, 0.00064048378977, 0.005533677808, 0.97658030856, 0.0061321565363],
      [0.070567737062, 0.019168518791, 0.24479090026, 0.66395659824, 0.0015162456429]
    ],
    [
      [0.096399340042, 0.20347786474, 0.30956489845, 0.34695428728, 0.043603609485],
      [0.032991992477, 0.00025208340476, 0, 0.63483127647, 0.33192464765],
      [0.10052853532, 0.0026993891893, 0.19619961438, 0.70057246111, 0],
      [0.0049218160288, 0.67758711169, 0.0017644076943, 0.31572666459, 0],
      [0.4866805672, 0.0072310355004, 0.045428442363, 0.46065995494, 0],
      [0.041409776307, 0.086593597645, 0.46966116351, 0.40233546254, 0],
      [0.01519150872, 0.0020891063997, 0.0028098251069, 0.97990955977, 0],
      [0.081463560477, 0.019183698712, 0.23093345756, 0.66841928325, 0]
    ],
    [
      [0.073439618426, 0.20869053878, 0.31631399395, 0.33447534198, 0.067080506864],
      [0.014842866019, 0.00043600061196, 0.00045748397, 0.53521000856, 0.44905364084],
      [0.078581677379, 0.0051939656907, 0.21148278923, 0.70465168149, 8.9886207676e-05],
      [0.0022421813489, 0.68694995576, 0.0027520841999, 0.30710299659, 0.00095278210103],
      [0.42624777012, 0.010390320412, 0.055147579815, 0.50821432966, 0],
      [0.022131732599, 0.091035860319, 0.48338955796, 0.38987658026, 0.013566268867],
      [0.0061761980528, 0.0052685284014, 0.0076310945016, 0.97963343316, 0.0012907458822],
      [0.063127657922, 0.021803684863, 0.24642247607, 0.66848668306, 0.00015949808624]
    ],
    [
      [0.061753337734, 0.19893508354, 0.28001331004, 0.3481446979, 0.11115357078],
      [0.0080341575224, 0, 0, 0.42015410189, 0.57181174059],
      [0.067006016728, 0.0048974165882, 0.18896049677, 0.73760420291, 0.0015318670018],
      [0.00026500049548, 0.66946782261, 0, 0.32437338153, 0.0058937953692],
      [0.38481454267, 0.0093688200329, 0.049287217058, 0.55381061076, 0.0027188094783],
      [0.018685905891, 0.084905923385, 0.43686468364, 0.43085602042, 0.028687466668],
      [0, 0, 0, 0.9873780869, 0.012621913103],
      [0.053147080825, 0.01971944662, 0.21960787956, 0.7043204242, 0.00320516879]
    ],
    [
      [0.032889065301, 0.2533006672, 0.26919886301, 0.35618666923, 0.088424735254],
      [0.0043290717569, 0.0021746456725, 0, 0.47841448615, 0.51508179642],
      [0.03526603943, 0.011672469267, 0.1817661041, 0.77068339662, 0.00061199057766],
      [0, 0.71670900613, 0, 0.28073176013, 0.0025592337377],
      [0.2490348314, 0.019156826924, 0.056752358006, 0.67353027281, 0.0015257108566],
      [0, 0.1471504794, 0.40502673369, 0.42693826192, 0.020884524985],
      [0, 0.013787681691, 0, 0.98099801765, 0.0052143006622],
      [0.024002488793, 0.036456820346, 0.21104827394, 0.72720468299, 0.0012877339293]
    ],
    [
      [0.080782242472, 0.18590395843, 0.301022987, 0.36598513385, 0.066305678242],
      [0.01582913798, 0, 0, 0.56144999353, 0.42272086849],
      [0.08178256046, 0.0020838533547, 0.18648079778, 0.72965278841, 0],
      [0.0024072010448, 0.64367688596, 0.0011213034507, 0.35126369208, 0.0015309174646],
      [0.43458234009, 0.0063820386112, 0.046353415211, 0.51268220609, 0],
      [0.03285209432, 0.069160275526, 0.45368037473, 0.43441613503, 0.0098911203961],
      [0.0024349847978, 0, 0, 0.9975650152, 0],
      [0.066397828953, 0.015116579272, 0.21897564621, 0.69950994556, 0]
    ],
    [
      [0.064414994348, 0.21995289943, 0.29100551699, 0.34193699825, 0.082689590987],
      [0.011231093641, 0.00081173872539, 0, 0.48957558097, 0.49838158667],
      [0.069268807715, 0.0060769375379, 0.19562806433, 0.72831033122, 0.00071585919252],
      [0.00080263510237, 0.69572409515, 0.0011021675733, 0.29945055241, 0.0029205497601],
      [0.39118339198, 0.012396279848, 0.051365449136, 0.54403950489, 0.0010153741505],
      [0.018043589608, 0.10002580599, 0.45345450721, 0.4091044382, 0.019371658997],
      [0.0013837751001, 0.0087355810671, 0.00067395558685, 0.98416917098, 0.0050375172689],
      [0.055349288141, 0.024141803908, 0.22815570901, 0.69098541623, 0.0013677827058]
    ]
  ],
  "expected_outcome": [
    [
      [0.35803483553, 1.0888323718, 0.77145350464, 0, 1.105978381, 0.45942068624, 0.39263582452, 0.73696475647, 0.70573223952, 0.21028589549, 0.47651659122, 0.23607038957, 0.78789506785, 1.7243297669, 1.9157255237, 2.5774433172, 0.91476843102, 0.52001249198, 0.76385849217, 0.31930694076, 3.7989433957, 1.7106810858, 0.77119472034, 1.1750338948, 0.80279339055, 0.42755784892, 0.080782242472, 0.57973494913],
      [0.63457487432, 2.0740572088, 1.8737185494, 0, 4.4820941441, 1.9903016228, 1.8247870884, 1.9312559244, 3.9121956641, 0.69558014842, 1.2929854467, 1.6828206592, 2.1586592416, 4.1413757569, 7.1762139127, 8.7152617077, 1.8844667567, 2.0742852217, 2.5418279664, 1.4619382341, 9.5965784689, 3.9699475728, 1.6278229179, 3.3390486205, 2.586156086, 3.2929086736, 0.18590395843, 1.9795760948],
      [1.1230129045, 5.551613475, 3.3188395217, 0, 5.449877031, 3.0848380064, 3.4115883684, 4.5085956677, 2.8204685491, 0.84476122955, 1.7967026333, 2.1305469871, 3.3670602937, 8.6712629342, 9.3438030271, 11.9182798578, 2.7213315446, 3.3481327546, 3.8877730666, 0.9984533814, 12.6945211527, 6.5601731197, 2.4765191876, 5.0610239032, 3.6401730305, 3.4995852192, 0.301022987, 2.6190496529],
      [1.524769475, 4.869041599, 3.3367995702, 0, 7.7079471543, 3.1097395942, 3.2545085795, 4.9489703279, 5.0072208453, 0.99010360437, 1.9430260596, 2.1474458771, 4.4569486802, 8.0689643652, 10.4366508663, 10.2905957599, 2.811400148, 2.8124503207, 3.5325636471, 1.6716936846, 11.322514536, 6.9374422237, 2.7756342982, 5.3516054716, 4.5258810727, 4.6304267, 0.36598513385, 3.0774329843],
      [0.3596079106, 1.4164553454, 0.69918885405, 0, 1.2541032896, 1.3557000903, 1.1164801392, 0.87421332354, 0.55438270197, 0.25926912217, 0.49076926917, 0.80311608705, 1.2294367166, 2.3940671768, 3.1276066703, 1.4984193574, 0.66803311962, 1.245119211, 1.2739768277, 0.54860775915, 3.5874424467, 1.821755998, 0.34882887588, 1.0732881098, 1.4449964202, 1.1495215583, 0.066305678242, 0.74420631888]
    ],
    [
      [0.20426710195, 0.10299629155, 0.36960822431, 0.45666642757, 0.13196175844, 0.05404169575, 0.081945609352, 0.10354821011, 0.042725992903, 0.13292716051, 0.46571264249, 0.12052492439, 0.085236799283, 0.12855283906, 0.16205832737, 0.20999843427, 0.34271990883, 0.038730638339, 0.13545882243, 0.046024110345, 0.17655180974, 0.10173407557, 0.36291191725, 0.25232872233, 0.072307417702, 0.030303502298, 0.2374370697, 0.13477312369],
      [0, 0, 0, 0, 0.0082578854157, 0.004891954657, 0, 0, 0.011436247895, 0.015156212382, 0.023594532948, 0.11993079598, 0, 0, 0.021142569612, 0.019495032712, 0.010182835324, 0.0042636712002, 0.014232148112, 0.0085172798734, 0.019003717698, 0.0016332278543, 0.0027729174523, 0.0074120104034, 0, 0.015222519708, 0, 0.0097408647047],
      [0, 0.014800795648, 0.022110946089, 0, 0, 0.0035013706359, 0.029664297888, 0.0069417039449, 0, 0, 0, 0, 0, 0.011011132747, 0, 0.0088392845318, 0.0047510110528, 0.0043613917017, 0.015101416175, 0, 0.0084215266053, 0.0017102307472, 0, 0.0077772274901, 0, 0, 0, 0],
      [8.9966639227, 3.9805605452, 12.1005402819, 10.5532218008, 8.2183581747, 3.1409132226, 8.229721994, 6.7934966994, 2.6271339342, 5.1401735969, 14.4842395663, 12.8809342502, 4.5655786149, 4.8578032749, 7.5292302378, 6.7345540345, 7.8447680759, 1.7093697657, 5.1223781047, 2.035497247, 4.28996816, 3.2555607765, 6.9831440412, 9.0985701455, 3.781386917, 3.3489014031, 8.4217499029, 5.8749069716],
      [8.7990689753, 4.9016423676, 10.5077405477, 6.9901117716, 5.6414221815, 5.7966517564, 11.6586680988, 5.0960133865, 1.318703825, 5.7117430302, 15.0264532582, 19.8786100294, 5.3491845859, 6.0026327533, 9.2875688652, 4.027113214, 7.7975781688, 3.2432745331, 7.7128295086, 2.9099613627, 5.506054786, 3.6393616893, 3.6511711241, 7.6339118943, 5.1463056653, 3.6055725749, 6.3408130274, 5.98057904]
    ],
    [
      [1.2367542447, 2.1975445509, 1.1428571394, 1.801506143, 0.8986559193, 1.5726329547, 1.4693734248, 0.44481241047, 0.62383937693, 0.85266221962, 2.6347770514, 0.5990534244, 1.0090311697, 2.5315574, 0.6782439092, 8.8551196571, 2.2480978596, 0.88153573011, 0.81885503811, 1.8473173464, 0.93620666212, 2.1002619682, 4.0211414126, 1.7287969023, 0.40203610037, 0.88165098575, 1.7992163301, 1.8009890006],
      [0.024419297529, 0, 0.058581994738, 0, 0.088091696398, 0.17462575434, 0.094529714587, 0.019057017462, 0.13343620228, 0.07830921097, 0.1812532523, 0.13002401153, 0.048081669109, 0.081340093158, 0.067099883381, 1.1807978657, 0.11244241728, 0.097991810617, 0.073227294152, 0.31487319674, 0.0704376948, 0.087283995122, 0.10797556757, 0.11426724519, 0.029384499529, 0.29181173168, 0.045844773803, 0.15800037599],
      [2.3877603037, 7.1611330709, 3.0699343409, 4.5150617131, 2.7569258051, 6.7413401989, 8.3477593645, 1.6947682606, 1.5433339966, 2.1360126194, 6.1533784768, 3.4032401787, 2.6838790661, 7.9959327882, 2.048346251, 25.7222180318, 4.1389528378, 3.5620948004, 2.6044502008, 3.5791487552, 2.0315768657, 5.0274295119, 7.8479845754, 4.652621363, 1.1337629806, 4.5441526025, 4.1025775511, 5.0863296726],
      [10.3402671308, 19.6061832095, 9.7266686927, 16.6834321439, 12.252269989, 21.4091603192, 24.9551819031, 5.8384240377, 8.6993904242, 7.9230107687, 21.0105537748, 10.8259490915, 11.2398960006, 23.3475992636, 7.1926055935, 69.2272855238, 13.4927249781, 9.4305640758, 7.4839852683, 19.223132552, 5.9520741611, 16.7654650492, 28.0228984444, 15.5023369929, 4.4256252175, 19.2670849156, 16.052361345, 18.9360686118],
      [0.010799023327, 0.035139168736, 0.0019578322888, 0, 0.0040565902214, 0.10224077289, 0.13315559305, 0.0029382737764, 0, 0.01000518128, 0.020037444718, 0.041733293843, 0.01911209458, 0.043570455023, 0.013704362896, 0.014578921582, 0.0077819073491, 0.027813583113, 0.019482198672, 0.035528149639, 0.0097046163083, 0.019559475489, 0, 0.0019774965689, 0.009191202011, 0.015299764442, 0, 0.018612339006]
    ],
    [
      [0.066691304211, 0.050603631257, 0.074362881059, 0.023035566917, 0, 0, 0, 0.011482021601, 0, 0.041200857176, 0.11842207572, 0, 0.01617122172, 0.059957243158, 0.011523124643, 0.22073982238, 0.1436574126, 0.0059694237011, 0.022203593515, 0, 0.0648693672, 0.084745837446, 0.08367087249, 0.13228869958, 0.0074200138736, 0, 0.045736819851, 0.024881688173],
      [11.9286313303, 12.6462165226, 17.3032243233, 6.4159504697, 25.6278598415, 26.9380684313, 24.4501797944, 12.8493165541, 22.0806609648, 25.0264248081, 28.7432920239, 31.622328029, 9.5423063538, 21.2417543868, 19.1354185513, 83.2665843674, 19.6798267324, 19.4684220875, 16.4904677388, 22.7494976964, 12.5920822781, 17.4146737871, 11.5189808987, 40.53004739, 18.745099033, 22.2179791901, 12.2298608332, 21.5674469498],
      [0.0038715339392, 0.14225018441, 0.0908136507, 0.022590172371, 0, 0.12168630292, 0.19040010156, 0.079311038554, 0, 0.012918895854, 0.071347892252, 0.051972394074, 0.0097978705852, 0.17019403172, 0.036275909383, 0.55028147425, 0.065538530617, 0.15686744514, 0.094776546484, 0, 0.054728403656, 0.059870436409, 0.029994930803, 0.16237296779, 0, 0, 0.021304765563, 0.034167194771],
      [7.9233684921, 8.0555141894, 8.4833686156, 3.5285355626, 12.3241558047, 11.6281027331, 12.0794508288, 9.0089053359, 7.9193390352, 9.8152555765, 11.948454938, 10.9734420467, 5.364222299, 11.3731179525, 7.6979035745, 26.8294820013, 8.0441145327, 7.2053466991, 6.2692900865, 7.1441387693, 4.2300012663, 8.3486478829, 5.367353298, 18.1190767987, 9.0824546828, 8.702684564, 6.6740101496, 9.2829671247],
      [0.077437339488, 0.10541547228, 0.048230529289, 0.0098882283502, 0.04798435374, 0.31214253271, 0.27996927517, 0.0509850499, 0, 0.1041998624, 0.11848307019, 0.35225753024, 0.067502254964, 0.15497638586, 0.11887884011, 0.13291233468, 0.066862791689, 0.1633943446, 0.1232620347, 0.10636353434, 0.058318684728, 0.092062056103, 0, 0.056214143961, 0.16502627034, 0.07933624587, 0.029087431827, 0.090537042562]
    ],
    [
      [14.0168495174, 14.5248192479, 24.0666828035, 9.7717155062, 14.4053824429, 15.3238745017, 11.0307423383, 12.228960743, 8.8714078745, 13.8668825659, 32.1895049212, 6.7460770297, 13.7439427714, 23.6915184502, 13.9140168442, 71.1688414047, 19.3908210766, 13.5778679311, 16.2526377052, 15.9222570962, 13.715003805, 22.6939134762, 17.5205004192, 15.7711674943, 6.9266617681, 2.9884179768, 8.6916468018, 16.429702463],
      [0.075065843902, 0.066095211247, 0.31920664516, 0.12678196715, 0.50084798593, 0.85124575743, 0.37603897433, 0.070535915015, 0.90475800367, 0.47705455164, 0.80884767235, 0.49762209886, 0.21571244429, 0.32338182913, 0.51183499076, 3.2163364009, 0.3535344186, 0.5515148003, 0.54308941528, 0.92370327791, 0.40315906229, 0.33051911167, 0.26031727801, 0.38444185525, 0.16863876059, 0.22988192309, 0.12764077222, 0.52064375363],
      [1.1937185556, 2.3663767725, 3.182754966, 1.1484100707, 1.9712338529, 3.144348976, 3.2112387003, 2.2415194629, 0.8799580095, 1.6051788098, 3.5709089899, 1.7959521482, 1.603771745, 3.7621579871, 1.9668471523, 10.526800749, 1.7213885886, 2.7396654611, 2.5593902934, 1.3124425034, 1.4558472112, 2.5976834945, 1.6354239251, 2.0404604532, 0.88716990705, 0.68102829607, 0.92706830422, 2.1573488637],
      [15.6862948664, 16.9847354719, 27.4313555853, 11.9530924559, 26.1225357183, 27.4266502274, 24.1872561551, 21.458983879, 16.3438761123, 17.0126179453, 34.385087379, 15.8423051862, 20.3627236789, 29.1136484063, 19.5152819207, 74.0637200741, 15.5270544026, 19.0038568989, 19.5037107369, 21.7616726364, 11.3879496365, 24.3274674096, 16.5837583777, 18.8039301973, 9.9685909936, 8.0823632737, 10.2536441217, 22.8496592054],
      [0.028071216603, 0.057973296513, 0, 0, 0, 0.25388053742, 0.19472383194, 0, 0, 0.038266127326, 0.045651037501, 0.118043537, 0.073849360408, 0.10929332721, 0.092019092063, 0.024301371423, 0.0072015135637, 0.12709490871, 0.14117184924, 0.079924486091, 0.038040285029, 0.050416508009, 0, 0, 0.048938570609, 0.018308530279, 0, 0.042645714319]
    ],
    [
      [2.9317365239, 2.3121298674, 1.5413965217, 1.3847973587, 0.68858613057, 0, 0, 0.92111088138, 0, 1.0671598367, 3.4518915569, 0.26028742314, 1.0633846033, 2.8530169901, 1.3199629237, 5.6205601371, 2.2373242443, 0.93464101908, 1.2219823816, 1.1507681549, 1.8265421677, 2.3331124397, 2.2361279206, 1.7262751427, 0.67269261208, 0, 1.8725693763, 1.2089205037],
      [2.0003627454, 2.9244628927, 4.6988702487, 3.1643543851, 8.3975714337, 5.7235140415, 5.687736231, 2.8176548285, 6.116886171, 5.6119157999, 12.4183357177, 16.9421812751, 3.6395246552, 8.3502844071, 8.835103711, 29.8629081414, 5.8356334918, 8.6663822159, 6.785716904, 12.1592980019, 6.2091776773, 6.6469166026, 4.6760542728, 7.1007971049, 3.0566132419, 4.8559658202, 3.942135705, 6.7017290013],
      [22.2858945688, 44.1736105554, 30.0442761316, 20.7643118333, 30.8220068766, 27.3829381123, 40.2885940083, 37.5462588702, 8.9772384565, 22.8430152944, 59.1053526365, 65.1808925915, 22.309537522, 69.8802157054, 38.7351963978, 130.4971774874, 29.2143405919, 46.389711967, 35.2980257058, 20.2508063656, 27.3424093946, 40.030189819, 25.3617028294, 37.7043855205, 15.727128611, 13.3658822119, 25.8597813595, 30.3814519831],
      [25.6555759876, 28.8525464485, 22.9725748614, 18.6865364229, 36.0893861914, 20.870242076, 28.6173228659, 31.8263541854, 13.7789618995, 20.4148631599, 48.65861647, 48.1306237439, 24.6558700334, 48.8664771211, 32.9472013706, 81.7171615986, 22.6901906065, 28.172140453, 23.7202023642, 28.5295196778, 18.4266322243, 32.3192480691, 21.7261149772, 30.4103732603, 15.510816735, 14.0889626434, 24.7617196967, 27.4099973591],
      [1.1264301743, 1.737250236, 0.74288223669, 0, 1.0024493678, 2.0233057702, 2.4063468949, 0.88862123452, 0.12691347302, 1.0630459091, 2.3658036189, 5.4860149663, 1.3316831861, 3.0500057762, 2.162535597, 2.3021926355, 1.0225110654, 2.837124345, 1.9740726444, 1.9096077999, 1.1952385361, 1.6705330696, 0, 1.0581689716, 1.0327488001, 0.6891893245, 0.56379386258, 1.2979011528]
    ],
    [
      [0, 0, 1.1901344762, 0.085661210847, 0, 0, 0, 0, 0, 0.47689056962, 1.8278853909, 0, 0, 0.43783824288, 0.079938982787, 2.9516432684, 3.4185945903, 0, 0.271712358, 0, 1.0013397229, 1.2113576905, 1.3976188023, 0.81525814297, 0, 0, 0.21427866221, 0.21586891562],
      [0, 0, 0, 0, 0, 0.41171002324, 0, 0, 1.1946103506, 2.0359953853, 1.5693627943, 1.9286196152, 0, 0, 1.3047199707, 11.0022327487, 1.0749505897, 2.0120459195, 1.4299907658, 3.2452055751, 1.2343028324, 0.069812733084, 0.19219778877, 0.69544574898, 0, 1.0754391719, 0, 1.3627506465],
      [0, 1.5689844832, 1.2500109211, 0.23958389517, 0, 1.3859860264, 1.0025590018, 0, 0, 0, 0.73528243801, 0.58927504302, 0, 2.0404152331, 0.33028715513, 7.1900917811, 0.98992854413, 3.4007007755, 1.6916634467, 0, 0.78310513333, 0.60317088107, 0.25850390984, 1.0073044742, 0, 0, 0, 0.10513707155],
      [110.4405441795, 83.7395803959, 117.5598546026, 60.674754894, 157.9553307073, 143.2454436008, 115.9240210415, 86.9127712683, 71.8053896494, 125.7287901408, 170.9852267781, 104.3495806626, 102.123492959, 127.4097096959, 103.1894936263, 385.9085366316, 145.1060824107, 132.3977595627, 106.0294373499, 143.414628901, 65.4310940036, 106.4472536329, 90.1516794991, 129.3116131774, 84.9145154731, 76.5178453765, 87.7857213378, 153.5303906724],
      [0.55945582052, 0.69143512085, 0, 0, 0.044669292656, 2.9568603495, 2.0734199567, 0.08722873175, 0, 0.75832390432, 0.88224259876, 2.1325246793, 0.87650704101, 1.1120368281, 1.0955602651, 0.94749557016, 0.41044386517, 2.1894937424, 1.5771960797, 1.3401655238, 0.55015830773, 0.66840506245, 0, 0.17037845645, 1.0854845269, 0.40671545165, 0, 0.78585269396]
    ],
    [
      [2.1856664722, 1.7230740392, 2.8435044492, 1.4766177867, 1.7694353678, 1.5900301616, 1.025302803, 1.5531209769, 0.75629451612, 2.351990895, 2.8352897702, 1.0379868088, 1.2943383667, 3.5732290676, 1.9185303644, 9.3956539588, 4.3040164768, 2.0412427657, 2.5132916089, 1.7143263514, 2.4805430697, 1.7641934266, 2.6068339353, 2.398851001, 1.1160886973, 0.67206968619, 2.0583326975, 1.6051293561],
      [0.33694590857, 0.28916816467, 0.74639823873, 0.29291317801, 0.89527701294, 0.90564241476, 0.56672819732, 0.31217976052, 0.6460163957, 1.0595638833, 0.96232855983, 1.0764735151, 0.39571563602, 0.86186352692, 0.94846641054, 4.7363837355, 1.0489627583, 1.1250942734, 1.1214477675, 1.136966738, 0.87525826846, 0.47921296979, 0.61387835878, 0.8285400248, 0.41410837902, 1.0207909697, 0.46861395742, 0.70011231332],
      [6.0057421334, 8.021230663, 11.0212595218, 5.3100423154, 7.9999564344, 10.1353610063, 8.5181961572, 8.9226049962, 2.7790009883, 8.558113151, 9.5670269333, 8.8481206573, 5.0259535026, 16.4688101874, 8.5392441073, 39.5863113342, 11.1437683513, 12.3984654047, 11.8488193241, 4.8591489944, 7.6293903122, 6.1197725066, 7.3898706419, 9.3640540906, 4.6117654708, 5.9093516704, 6.7882450327, 6.6165155614],
      [21.4325159459, 17.9118381406, 28.3888377903, 15.9204267199, 29.3300162603, 26.1697482267, 20.7525366322, 25.2120942664, 12.8186880999, 25.9751852074, 26.5847950341, 22.8497191418, 17.2312677341, 38.9626799205, 24.4916328103, 86.2286643762, 29.4836648454, 26.2685122241, 27.3384324426, 21.2197165319, 17.9597660122, 16.598914956, 21.3894170641, 25.4024939563, 14.7907289083, 20.3617311237, 21.6848083124, 20.0385770707],
      [0.039129539904, 0.054688992482, 0, 0, 0.0053149245482, 0.1992181906, 0.13723621024, 0, 0, 0.05514686323, 0.050559702558, 0.18769987693, 0.052724760543, 0.13341729751, 0.10212630741, 0.052986595366, 0.019587568328, 0.1666853321, 0.17800885695, 0.069841384356, 0.055042337486, 0.037906141073, 0, 0.0060609272771, 0.067308544591, 0.036056550019, 0, 0.039665698467]
    ]
  ],
  "prob": [
    [0.068101066253, 0.21207014227, 0.30879261271, 0.32684119114, 0.084194987618],
    [0.012646817965, 0.0008360287065, 0.00036815326696, 0.48442189092, 0.50172710915],
    [0.074711977524, 0.0060356603222, 0.21219484897, 0.70609786036, 0.00095965283001],
    [0.001479233294, 0.69361137143, 0.0025278506351, 0.29897402646, 0.0034075181767],
    [0.40935655531, 0.012151912431, 0.056655355849, 0.52044907956, 0.0013870968546],
    [0.020144270988, 0.096241427695, 0.4784397747, 0.38492941395, 0.020245112673],
    [0.0044670512691, 0.0091229379318, 0.0072463923136, 0.97245024368, 0.006713374806],
    [0.059744297947, 0.023785121713, 0.246666258, 0.66814409134, 0.001660231005]
  ],
  "iterations": 181,
  "time": 0.280418,
  "message": "Converged",
  "status": 0,
  "miniter": 0,
  "maxiter": 1000,
  "maxtime": 3600,
  "param_threshold": 0.001,
  "ll_threshold": "-Inf",
  "initial_prob": "random",
  "adjust_prob_cond_method": "project_lp",
  "adjust_prob_cond_every": true,
  "candidates_id": ["Scott Burnett.c", "Mark Graham Jones.c", "Valerie Anne Simpson.c", "Tavish Hamilton Scott.c", "Other candidates votes.c"],
  "group_id": ["Christian Party \"Proclaiming Christ's Lordship\".p", "Uncertain or Blank.p", "Scottish Green Party.p", "Conservative and Unionist Party [The].p", "Labour Party [The].p", "Scottish National Party.p", "Liberal Democrats.p", "Other parties votes.p"]
}
