{
  "Z_true": {},
  "V_true": [
    [25, 16, 880, 324, 176, 422],
    [633, 7, 70, 1101, 311, 32],
    [299, 159, 304, 3458, 8069, 343],
    [43, 91, 2701, 685, 87, 195],
    [53, 901, 685, 636, 484, 131],
    [22, 32, 484, 397, 251, 661],
    [79, 43, 171, 822, 378, 470]
  ],
  "p_true": [
    [0.0136, 0.0087, 0.4775, 0.1758, 0.0955, 0.229],
    [0.2939, 0.0032, 0.0325, 0.5111, 0.1444, 0.0149],
    [0.0237, 0.0126, 0.0241, 0.2737, 0.6388, 0.0272],
    [0.0113, 0.0239, 0.7104, 0.1802, 0.0229, 0.0513],
    [0.0183, 0.3118, 0.237, 0.2201, 0.1675, 0.0453],
    [0.0119, 0.0173, 0.262, 0.2149, 0.1359, 0.3579],
    [0.0402, 0.0219, 0.0871, 0.4187, 0.1926, 0.2394]
  ],
  "Z_est": [
    [
      [0.7161, 3.9711, 3.1248, 4.2966, 2.0832, 1.1718, 2.4738, 1.1067, 0.3906, 0.4557, 6.8355, 1.2369, 1.2369, 10.2207, 2.4738, 0.651, 0.3255, 3.9711, 0.2604, 0.651, 1.3671, 1.8228, 1.4973, 1.953, 1.1718, 0.1953, 8.3328, 1.7577, 0.5859, 3.5805, 0.3255, 0.0651, 9.765, 11.067, 3.5154, 2.7342, 1.3671, 2.8644, 3.7758, 0, 0, 4.2966, 0.9765, 8.5932, 0.7161],
      [0.7821, 4.3371, 3.4128, 4.6926, 2.2752, 1.2798, 2.7018, 1.2087, 0.4266, 0.4977, 7.4655, 1.3509, 1.3509, 11.1627, 2.7018, 0.711, 0.3555, 4.3371, 0.2844, 0.711, 1.4931, 1.9908, 1.6353, 2.133, 1.2798, 0.2133, 9.1008, 1.9197, 0.6399, 3.9105, 0.3555, 0.0711, 10.665, 12.087, 3.8394, 2.9862, 1.4931, 3.1284, 4.1238, 0, 0, 4.6926, 1.0665, 9.3852, 0.7821],
      [4.2185, 23.3935, 18.408, 25.311, 12.272, 6.903, 14.573, 6.5195, 2.301, 2.6845, 40.2675, 7.2865, 7.2865, 60.2095, 14.573, 3.835, 1.9175, 23.3935, 1.534, 3.835, 8.0535, 10.738, 8.8205, 11.505, 6.903, 1.1505, 49.088, 10.3545, 3.4515, 21.0925, 1.9175, 0.3835, 57.525, 65.195, 20.709, 16.107, 8.0535, 16.874, 22.243, 0, 0, 25.311, 5.7525, 50.622, 4.2185],
      [2.0438, 11.3338, 8.9184, 12.2628, 5.9456, 3.3444, 7.0604, 3.1586, 1.1148, 1.3006, 19.509, 3.5302, 3.5302, 29.1706, 7.0604, 1.858, 0.929, 11.3338, 0.7432, 1.858, 3.9018, 5.2024, 4.2734, 5.574, 3.3444, 0.5574, 23.7824, 5.0166, 1.6722, 10.219, 0.929, 0.1858, 27.87, 31.586, 10.0332, 7.8036, 3.9018, 8.1752, 10.7764, 0, 0, 12.2628, 2.787, 24.5256, 2.0438],
      [1.7336, 9.6136, 7.5648, 10.4016, 5.0432, 2.8368, 5.9888, 2.6792, 0.9456, 1.1032, 16.548, 2.9944, 2.9944, 24.7432, 5.9888, 1.576, 0.788, 9.6136, 0.6304, 1.576, 3.3096, 4.4128, 3.6248, 4.728, 2.8368, 0.4728, 20.1728, 4.2552, 1.4184, 8.668, 0.788, 0.1576, 23.64, 26.792, 8.5104, 6.6192, 3.3096, 6.9344, 9.1408, 0, 0, 10.4016, 2.364, 20.8032, 1.7336],
      [1.507, 8.357, 6.576, 9.042, 4.384, 2.466, 5.206, 2.329, 0.822, 0.959, 14.385, 2.603, 2.603, 21.509, 5.206, 1.37, 0.685, 8.357, 0.548, 1.37, 2.877, 3.836, 3.151, 4.11, 2.466, 0.411, 17.536, 3.699, 1.233, 7.535, 0.685, 0.137, 20.55, 23.29, 7.398, 5.754, 2.877, 6.028, 7.946, 0, 0, 9.042, 2.055, 18.084, 1.507]
    ],
    [
      [15.9432, 16.1616, 11.1384, 22.2768, 12.6672, 5.0232, 8.0808, 10.7016, 0.8736, 0.6552, 3.276, 3.9312, 1.9656, 14.8512, 6.3336, 1.5288, 4.1496, 18.7824, 1.5288, 3.9312, 1.7472, 4.8048, 1.5288, 6.7704, 3.4944, 1.7472, 28.392, 19.8744, 8.2992, 17.472, 2.184, 0.2184, 35.3808, 31.0128, 10.7016, 9.828, 6.1152, 16.5984, 9.6096, 0, 0.4368, 13.9776, 5.2416, 65.0832, 6.1152],
      [4.3143, 4.3734, 3.0141, 6.0282, 3.4278, 1.3593, 2.1867, 2.8959, 0.2364, 0.1773, 0.8865, 1.0638, 0.5319, 4.0188, 1.7139, 0.4137, 1.1229, 5.0826, 0.4137, 1.0638, 0.4728, 1.3002, 0.4137, 1.8321, 0.9456, 0.4728, 7.683, 5.3781, 2.2458, 4.728, 0.591, 0.0591, 9.5742, 8.3922, 2.8959, 2.6595, 1.6548, 4.4916, 2.6004, 0, 0.1182, 3.7824, 1.4184, 17.6118, 1.6548],
      [15.184, 15.392, 10.608, 21.216, 12.064, 4.784, 7.696, 10.192, 0.832, 0.624, 3.12, 3.744, 1.872, 14.144, 6.032, 1.456, 3.952, 17.888, 1.456, 3.744, 1.664, 4.576, 1.456, 6.448, 3.328, 1.664, 27.04, 18.928, 7.904, 16.64, 2.08, 0.208, 33.696, 29.536, 10.192, 9.36, 5.824, 15.808, 9.152, 0, 0.416, 13.312, 4.992, 61.984, 5.824],
      [22.8709, 23.1842, 15.9783, 31.9566, 18.1714, 7.2059, 11.5921, 15.3517, 1.2532, 0.9399, 4.6995, 5.6394, 2.8197, 21.3044, 9.0857, 2.1931, 5.9527, 26.9438, 2.1931, 5.6394, 2.5064, 6.8926, 2.1931, 9.7123, 5.0128, 2.5064, 40.729, 28.5103, 11.9054, 25.064, 3.133, 0.3133, 50.7546, 44.4886, 15.3517, 14.0985, 8.7724, 23.8108, 13.7852, 0, 0.6266, 20.0512, 7.5192, 93.3634, 8.7724],
      [9.1907, 9.3166, 6.4209, 12.8418, 7.3022, 2.8957, 4.6583, 6.1691, 0.5036, 0.3777, 1.8885, 2.2662, 1.1331, 8.5612, 3.6511, 0.8813, 2.3921, 10.8274, 0.8813, 2.2662, 1.0072, 2.7698, 0.8813, 3.9029, 2.0144, 1.0072, 16.367, 11.4569, 4.7842, 10.072, 1.259, 0.1259, 20.3958, 17.8778, 6.1691, 5.6655, 3.5252, 9.5684, 5.5396, 0, 0.2518, 8.0576, 3.0216, 37.5182, 3.5252],
      [5.4969, 5.5722, 3.8403, 7.6806, 4.3674, 1.7319, 2.7861, 3.6897, 0.3012, 0.2259, 1.1295, 1.3554, 0.6777, 5.1204, 2.1837, 0.5271, 1.4307, 6.4758, 0.5271, 1.3554, 0.6024, 1.6566, 0.5271, 2.3343, 1.2048, 0.6024, 9.789, 6.8523, 2.8614, 6.024, 0.753, 0.0753, 12.1986, 10.6926, 3.6897, 3.3885, 2.1084, 5.7228, 3.3132, 0, 0.1506, 4.8192, 1.8072, 22.4394, 2.1084]
    ],
    [
      [0.979, 5.544, 6.237, 10.197, 5.456, 1.716, 2.442, 2.343, 0.297, 0.319, 4.257, 2.497, 1.254, 8.536, 6.479, 1.727, 1.76, 2.629, 0.341, 1.155, 0.957, 1.199, 1.089, 2.86, 1.243, 0.473, 5.72, 1.628, 4.62, 9.031, 0.957, 0.33, 6.787, 7.711, 2.761, 1.606, 0.506, 1.496, 1.661, 0.011, 0.77, 4.631, 1.474, 12.562, 0.704],
      [0.7476, 4.2336, 4.7628, 7.7868, 4.1664, 1.3104, 1.8648, 1.7892, 0.2268, 0.2436, 3.2508, 1.9068, 0.9576, 6.5184, 4.9476, 1.3188, 1.344, 2.0076, 0.2604, 0.882, 0.7308, 0.9156, 0.8316, 2.184, 0.9492, 0.3612, 4.368, 1.2432, 3.528, 6.8964, 0.7308, 0.252, 5.1828, 5.8884, 2.1084, 1.2264, 0.3864, 1.1424, 1.2684, 0.0084, 0.588, 3.5364, 1.1256, 9.5928, 0.5376],
      [4.183, 23.688, 26.649, 43.569, 23.312, 7.332, 10.434, 10.011, 1.269, 1.363, 18.189, 10.669, 5.358, 36.472, 27.683, 7.379, 7.52, 11.233, 1.457, 4.935, 4.089, 5.123, 4.653, 12.22, 5.311, 2.021, 24.44, 6.956, 19.74, 38.587, 4.089, 1.41, 28.999, 32.947, 11.797, 6.862, 2.162, 6.392, 7.097, 0.047, 3.29, 19.787, 6.298, 53.674, 3.008],
      [28.9517, 163.9512, 184.4451, 301.5531, 161.3488, 50.7468, 72.2166, 69.2889, 8.7831, 9.4337, 125.8911, 73.8431, 37.0842, 252.4328, 191.6017, 51.0721, 52.048, 77.7467, 10.0843, 34.1565, 28.3011, 35.4577, 32.2047, 84.578, 36.7589, 13.9879, 169.156, 48.1444, 136.626, 267.0713, 28.3011, 9.759, 200.7101, 228.0353, 81.6503, 47.4938, 14.9638, 44.2408, 49.1203, 0.3253, 22.771, 136.9513, 43.5902, 371.4926, 20.8192],
      [52.2252, 295.7472, 332.7156, 543.9636, 291.0528, 91.5408, 130.2696, 124.9884, 15.8436, 17.0172, 227.0916, 133.2036, 66.8952, 455.3568, 345.6252, 92.1276, 93.888, 140.2452, 18.1908, 61.614, 51.0516, 63.9612, 58.0932, 152.568, 66.3084, 25.2324, 305.136, 86.8464, 246.456, 481.7628, 51.0516, 17.604, 362.0556, 411.3468, 147.2868, 85.6728, 26.9928, 79.8048, 88.6068, 0.5868, 41.076, 247.0428, 78.6312, 670.1256, 37.5552],
      [1.9224, 10.8864, 12.2472, 20.0232, 10.7136, 3.3696, 4.7952, 4.6008, 0.5832, 0.6264, 8.3592, 4.9032, 2.4624, 16.7616, 12.7224, 3.3912, 3.456, 5.1624, 0.6696, 2.268, 1.8792, 2.3544, 2.1384, 5.616, 2.4408, 0.9288, 11.232, 3.1968, 9.072, 17.7336, 1.8792, 0.648, 13.3272, 15.1416, 5.4216, 3.1536, 0.9936, 2.9376, 3.2616, 0.0216, 1.512, 9.0936, 2.8944, 24.6672, 1.3824]
    ],
    [
      [0.951, 4.0259, 4.121, 5.2622, 3.17, 0.7608, 2.3141, 1.5533, 0.2536, 0.1268, 6.3083, 0.9193, 1.2363, 12.0143, 2.8847, 0.7291, 0.6657, 4.1527, 0.1902, 0.9827, 0.8876, 1.8386, 1.6484, 2.3141, 0.8876, 0.317, 7.4178, 1.0144, 1.7118, 4.5648, 0.7925, 0, 8.0835, 9.51, 2.6628, 2.0288, 1.0778, 2.6311, 3.0749, 0, 0.4438, 4.3112, 1.0461, 9.2247, 0.4121],
      [0.45, 1.905, 1.95, 2.49, 1.5, 0.36, 1.095, 0.735, 0.12, 0.06, 2.985, 0.435, 0.585, 5.685, 1.365, 0.345, 0.315, 1.965, 0.09, 0.465, 0.42, 0.87, 0.78, 1.095, 0.42, 0.15, 3.51, 0.48, 0.81, 2.16, 0.375, 0, 3.825, 4.5, 1.26, 0.96, 0.51, 1.245, 1.455, 0, 0.21, 2.04, 0.495, 4.365, 0.195],
      [17.145, 72.5805, 74.295, 94.869, 57.15, 13.716, 41.7195, 28.0035, 4.572, 2.286, 113.7285, 16.5735, 22.2885, 216.5985, 52.0065, 13.1445, 12.0015, 74.8665, 3.429, 17.7165, 16.002, 33.147, 29.718, 41.7195, 16.002, 5.715, 133.731, 18.288, 30.861, 82.296, 14.2875, 0, 145.7325, 171.45, 48.006, 36.576, 19.431, 47.4345, 55.4355, 0, 8.001, 77.724, 18.8595, 166.3065, 7.4295],
      [5.514, 23.3426, 23.894, 30.5108, 18.38, 4.4112, 13.4174, 9.0062, 1.4704, 0.7352, 36.5762, 5.3302, 7.1682, 69.6602, 16.7258, 4.2274, 3.8598, 24.0778, 1.1028, 5.6978, 5.1464, 10.6604, 9.5576, 13.4174, 5.1464, 1.838, 43.0092, 5.8816, 9.9252, 26.4672, 4.595, 0, 46.869, 55.14, 15.4392, 11.7632, 6.2492, 15.2554, 17.8286, 0, 2.5732, 24.9968, 6.0654, 53.4858, 2.3894],
      [3.627, 15.3543, 15.717, 20.0694, 12.09, 2.9016, 8.8257, 5.9241, 0.9672, 0.4836, 24.0591, 3.5061, 4.7151, 45.8211, 11.0019, 2.7807, 2.5389, 15.8379, 0.7254, 3.7479, 3.3852, 7.0122, 6.2868, 8.8257, 3.3852, 1.209, 28.2906, 3.8688, 6.5286, 17.4096, 3.0225, 0, 30.8295, 36.27, 10.1556, 7.7376, 4.1106, 10.0347, 11.7273, 0, 1.6926, 16.4424, 3.9897, 35.1819, 1.5717],
      [2.316, 9.8044, 10.036, 12.8152, 7.72, 1.8528, 5.6356, 3.7828, 0.6176, 0.3088, 15.3628, 2.2388, 3.0108, 29.2588, 7.0252, 1.7756, 1.6212, 10.1132, 0.4632, 2.3932, 2.1616, 4.4776, 4.0144, 5.6356, 2.1616, 0.772, 18.0648, 2.4704, 4.1688, 11.1168, 1.93, 0, 19.686, 23.16, 6.4848, 4.9408, 2.6248, 6.4076, 7.4884, 0, 1.0808, 10.4992, 2.5476, 22.4652, 1.0036]
    ],
    [
      [0.8844, 5.2662, 4.5426, 7.7184, 3.7788, 1.0854, 2.1306, 1.9698, 0.4422, 0.1206, 3.9798, 0.9246, 1.005, 7.5174, 3.0954, 1.0854, 0.6432, 2.8944, 0.4824, 0.603, 0.9648, 1.7688, 1.608, 2.9346, 1.3668, 0.2814, 6.5124, 0.9648, 1.9698, 5.7084, 0.5226, 0.2412, 9.4872, 7.7184, 2.412, 1.6884, 0.6432, 1.5678, 1.8492, 0, 0.603, 5.1054, 1.1658, 8.4822, 0.4422],
      [2.8424, 16.9252, 14.5996, 24.8064, 12.1448, 3.4884, 6.8476, 6.3308, 1.4212, 0.3876, 12.7908, 2.9716, 3.23, 24.1604, 9.9484, 3.4884, 2.0672, 9.3024, 1.5504, 1.938, 3.1008, 5.6848, 5.168, 9.4316, 4.3928, 0.9044, 20.9304, 3.1008, 6.3308, 18.3464, 1.6796, 0.7752, 30.4912, 24.8064, 7.752, 5.4264, 2.0672, 5.0388, 5.9432, 0, 1.938, 16.4084, 3.7468, 27.2612, 1.4212],
      [5.2624, 31.3352, 27.0296, 45.9264, 22.4848, 6.4584, 12.6776, 11.7208, 2.6312, 0.7176, 23.6808, 5.5016, 5.98, 44.7304, 18.4184, 6.4584, 3.8272, 17.2224, 2.8704, 3.588, 5.7408, 10.5248, 9.568, 17.4616, 8.1328, 1.6744, 38.7504, 5.7408, 11.7208, 33.9664, 3.1096, 1.4352, 56.4512, 45.9264, 14.352, 10.0464, 3.8272, 9.3288, 11.0032, 0, 3.588, 30.3784, 6.9368, 50.4712, 2.6312],
      [5.3438, 31.8199, 27.4477, 46.6368, 22.8326, 6.5583, 12.8737, 11.9021, 2.6719, 0.7287, 24.0471, 5.5867, 6.0725, 45.4223, 18.7033, 6.5583, 3.8864, 17.4888, 2.9148, 3.6435, 5.8296, 10.6876, 9.716, 17.7317, 8.2586, 1.7003, 39.3498, 5.8296, 11.9021, 34.4918, 3.1577, 1.4574, 57.3244, 46.6368, 14.574, 10.2018, 3.8864, 9.4731, 11.1734, 0, 3.6435, 30.8483, 7.0441, 51.2519, 2.6719],
      [4.191, 24.9555, 21.5265, 36.576, 17.907, 5.1435, 10.0965, 9.3345, 2.0955, 0.5715, 18.8595, 4.3815, 4.7625, 35.6235, 14.6685, 5.1435, 3.048, 13.716, 2.286, 2.8575, 4.572, 8.382, 7.62, 13.9065, 6.477, 1.3335, 30.861, 4.572, 9.3345, 27.051, 2.4765, 1.143, 44.958, 36.576, 11.43, 8.001, 3.048, 7.4295, 8.763, 0, 2.8575, 24.1935, 5.5245, 40.1955, 2.0955],
      [3.476, 20.698, 17.854, 30.336, 14.852, 4.266, 8.374, 7.742, 1.738, 0.474, 15.642, 3.634, 3.95, 29.546, 12.166, 4.266, 2.528, 11.376, 1.896, 2.37, 3.792, 6.952, 6.32, 11.534, 5.372, 1.106, 25.596, 3.792, 7.742, 22.436, 2.054, 0.948, 37.288, 30.336, 9.48, 6.636, 2.528, 6.162, 7.268, 0, 2.37, 20.066, 4.582, 33.338, 1.738]
    ],
    [
      [0.7358, 6.509, 3.8488, 5.5468, 2.83, 1.3018, 1.981, 0.9622, 0.1698, 0.1132, 3.8488, 1.8112, 1.132, 7.8108, 3.113, 0.283, 0.5094, 3.2828, 0.1698, 0.4528, 0.9622, 1.415, 0.9056, 2.264, 1.132, 0.2264, 5.094, 0.7358, 1.5848, 4.811, 0.3962, 0.1132, 9.9616, 6.8486, 1.9244, 1.2452, 0.566, 1.698, 2.4904, 0, 0.2264, 4.4148, 0.7358, 8.3768, 0],
      [1.3624, 12.052, 7.1264, 10.2704, 5.24, 2.4104, 3.668, 1.7816, 0.3144, 0.2096, 7.1264, 3.3536, 2.096, 14.4624, 5.764, 0.524, 0.9432, 6.0784, 0.3144, 0.8384, 1.7816, 2.62, 1.6768, 4.192, 2.096, 0.4192, 9.432, 1.3624, 2.9344, 8.908, 0.7336, 0.2096, 18.4448, 12.6808, 3.5632, 2.3056, 1.048, 3.144, 4.6112, 0, 0.4192, 8.1744, 1.3624, 15.5104, 0],
      [3.1291, 27.6805, 16.3676, 23.5886, 12.035, 5.5361, 8.4245, 4.0919, 0.7221, 0.4814, 16.3676, 7.7024, 4.814, 33.2166, 13.2385, 1.2035, 2.1663, 13.9606, 0.7221, 1.9256, 4.0919, 6.0175, 3.8512, 9.628, 4.814, 0.9628, 21.663, 3.1291, 6.7396, 20.4595, 1.6849, 0.4814, 42.3632, 29.1247, 8.1838, 5.2954, 2.407, 7.221, 10.5908, 0, 0.9628, 18.7746, 3.1291, 35.6236, 0],
      [3.0862, 27.301, 16.1432, 23.2652, 11.87, 5.4602, 8.309, 4.0358, 0.7122, 0.4748, 16.1432, 7.5968, 4.748, 32.7612, 13.057, 1.187, 2.1366, 13.7692, 0.7122, 1.8992, 4.0358, 5.935, 3.7984, 9.496, 4.748, 0.9496, 21.366, 3.0862, 6.6472, 20.179, 1.6618, 0.4748, 41.7824, 28.7254, 8.0716, 5.2228, 2.374, 7.122, 10.4456, 0, 0.9496, 18.5172, 3.0862, 35.1352, 0],
      [2.2399, 19.8145, 11.7164, 16.8854, 8.615, 3.9629, 6.0305, 2.9291, 0.5169, 0.3446, 11.7164, 5.5136, 3.446, 23.7774, 9.4765, 0.8615, 1.5507, 9.9934, 0.5169, 1.3784, 2.9291, 4.3075, 2.7568, 6.892, 3.446, 0.6892, 15.507, 2.2399, 4.8244, 14.6455, 1.2061, 0.3446, 30.3248, 20.8483, 5.8582, 3.7906, 1.723, 5.169, 7.5812, 0, 0.6892, 13.4394, 2.2399, 25.5004, 0],
      [2.4466, 21.643, 12.7976, 18.4436, 9.41, 4.3286, 6.587, 3.1994, 0.5646, 0.3764, 12.7976, 6.0224, 3.764, 25.9716, 10.351, 0.941, 1.6938, 10.9156, 0.5646, 1.5056, 3.1994, 4.705, 3.0112, 7.528, 3.764, 0.7528, 16.938, 2.4466, 5.2696, 15.997, 1.3174, 0.3764, 33.1232, 22.7722, 6.3988, 4.1404, 1.882, 5.646, 8.2808, 0, 0.7528, 14.6796, 2.4466, 27.8536, 0]
    ],
    [
      [0.7532, 3.7122, 4.9496, 7.6934, 2.959, 1.5064, 1.614, 2.3672, 0.2152, 0.3228, 3.1742, 1.6678, 1.1298, 6.8326, 4.6268, 1.5602, 1.5602, 2.5824, 0.4304, 1.076, 0.3228, 0.9146, 1.076, 2.6362, 0.9146, 0.1614, 5.0572, 0.6456, 3.497, 5.7566, 0.7532, 0.269, 5.4338, 5.8104, 2.152, 1.1298, 0.2152, 0.9146, 2.0444, 0, 0.6994, 2.7976, 1.5064, 9.5226, 0.6456],
      [1.9726, 9.7221, 12.9628, 20.1487, 7.7495, 3.9452, 4.227, 6.1996, 0.5636, 0.8454, 8.3131, 4.3679, 2.9589, 17.8943, 12.1174, 4.0861, 4.0861, 6.7632, 1.1272, 2.818, 0.8454, 2.3953, 2.818, 6.9041, 2.3953, 0.4227, 13.2446, 1.6908, 9.1585, 15.0763, 1.9726, 0.7045, 14.2309, 15.2172, 5.636, 2.9589, 0.5636, 2.3953, 5.3542, 0, 1.8317, 7.3268, 3.9452, 24.9393, 1.6908],
      [1.5974, 7.8729, 10.4972, 16.3163, 6.2755, 3.1948, 3.423, 5.0204, 0.4564, 0.6846, 6.7319, 3.5371, 2.3961, 14.4907, 9.8126, 3.3089, 3.3089, 5.4768, 0.9128, 2.282, 0.6846, 1.9397, 2.282, 5.5909, 1.9397, 0.3423, 10.7254, 1.3692, 7.4165, 12.2087, 1.5974, 0.5705, 11.5241, 12.3228, 4.564, 2.3961, 0.4564, 1.9397, 4.3358, 0, 1.4833, 5.9332, 3.1948, 20.1957, 1.3692],
      [3.1192, 15.3732, 20.4976, 31.8604, 12.254, 6.2384, 6.684, 9.8032, 0.8912, 1.3368, 13.1452, 6.9068, 4.6788, 28.2956, 19.1608, 6.4612, 6.4612, 10.6944, 1.7824, 4.456, 1.3368, 3.7876, 4.456, 10.9172, 3.7876, 0.6684, 20.9432, 2.6736, 14.482, 23.8396, 3.1192, 1.114, 22.5028, 24.0624, 8.912, 4.6788, 0.8912, 3.7876, 8.4664, 0, 2.8964, 11.5856, 6.2384, 39.4356, 2.6736],
      [3.1276, 15.4146, 20.5528, 31.9462, 12.287, 6.2552, 6.702, 9.8296, 0.8936, 1.3404, 13.1806, 6.9254, 4.6914, 28.3718, 19.2124, 6.4786, 6.4786, 10.7232, 1.7872, 4.468, 1.3404, 3.7978, 4.468, 10.9466, 3.7978, 0.6702, 20.9996, 2.6808, 14.521, 23.9038, 3.1276, 1.117, 22.5634, 24.1272, 8.936, 4.6914, 0.8936, 3.7978, 8.4892, 0, 2.9042, 11.6168, 6.2552, 39.5418, 2.6808],
      [3.43, 16.905, 22.54, 35.035, 13.475, 6.86, 7.35, 10.78, 0.98, 1.47, 14.455, 7.595, 5.145, 31.115, 21.07, 7.105, 7.105, 11.76, 1.96, 4.9, 1.47, 4.165, 4.9, 12.005, 4.165, 0.735, 23.03, 2.94, 15.925, 26.215, 3.43, 1.225, 24.745, 26.46, 9.8, 5.145, 0.98, 4.165, 9.31, 0, 3.185, 12.74, 6.86, 43.365, 2.94]
    ]
  ],
  "V_est": [
    [119.9793, 131.0373, 706.7905, 342.4294, 290.4568, 252.491],
    [470.4336, 127.3014, 448.032, 674.8482, 271.1886, 162.1962],
    [138.952, 106.1088, 593.704, 4109.1896, 7412.4576, 272.8512],
    [120.5234, 57.03, 2172.843, 698.8076, 459.6618, 293.5144],
    [116.178, 373.388, 691.288, 701.981, 550.545, 456.62],
    [104.5402, 193.5656, 444.5729, 438.4778, 318.2381, 347.6054],
    [105.6094, 276.5867, 223.9783, 437.3564, 438.5342, 480.935]
  ],
  "p_est": [
    [0.0651, 0.0711, 0.3835, 0.1858, 0.1576, 0.137],
    [0.2184, 0.0591, 0.208, 0.3133, 0.1259, 0.0753],
    [0.011, 0.0084, 0.047, 0.3253, 0.5868, 0.0216],
    [0.0317, 0.015, 0.5715, 0.1838, 0.1209, 0.0772],
    [0.0402, 0.1292, 0.2392, 0.2429, 0.1905, 0.158],
    [0.0566, 0.1048, 0.2407, 0.2374, 0.1723, 0.1882],
    [0.0538, 0.1409, 0.1141, 0.2228, 0.2234, 0.245]
  ],
  "EI_Z": {},
  "EI_V": 13.7813,
  "MAE_Z": {},
  "MAE_V": 178.0475,
  "MAE_p": 0.0605,
  "runtime": 222.725
}
