{
  "X": [
    [13, 16, 13, 22, 15, 70, 108, 33],
    [24, 14, 20, 21, 22, 103, 139, 53],
    [12, 19, 16, 9, 21, 94, 104, 57],
    [19, 5, 17, 34, 16, 77, 79, 29],
    [12, 5, 18, 14, 11, 61, 100, 35],
    [13, 6, 15, 17, 5, 64, 81, 33],
    [24, 7, 8, 13, 20, 77, 135, 59],
    [8, 11, 3, 4, 12, 56, 114, 37],
    [8, 5, 12, 5, 23, 62, 149, 38],
    [8, 3, 4, 9, 22, 85, 151, 48],
    [9, 9, 6, 7, 8, 72, 131, 44],
    [13, 10, 3, 9, 12, 54, 130, 51],
    [21, 20, 7, 5, 10, 70, 177, 109],
    [8, 12, 1, 5, 15, 87, 180, 60],
    [14, 10, 13, 11, 27, 82, 136, 43],
    [13, 15, 10, 10, 19, 47, 120, 59],
    [7, 5, 5, 5, 19, 64, 103, 34],
    [8, 17, 2, 1, 10, 52, 105, 34],
    [6, 18, 6, 11, 25, 111, 162, 49],
    [12, 8, 6, 6, 5, 54, 126, 48],
    [9, 29, 3, 14, 8, 75, 130, 39],
    [5, 6, 8, 4, 12, 67, 68, 38],
    [7, 10, 11, 14, 13, 73, 84, 23],
    [16, 25, 16, 30, 20, 108, 227, 79],
    [19, 12, 8, 10, 10, 89, 217, 72],
    [25, 6, 5, 16, 26, 94, 151, 66],
    [22, 32, 14, 26, 18, 117, 239, 85],
    [10, 13, 8, 12, 11, 66, 118, 44],
    [6, 9, 8, 19, 11, 73, 169, 38],
    [13, 25, 10, 7, 15, 93, 154, 71],
    [7, 10, 10, 10, 10, 64, 59, 33],
    [3, 24, 10, 4, 16, 55, 116, 54],
    [7, 31, 9, 14, 16, 77, 179, 43],
    [11, 11, 16, 20, 17, 89, 115, 44],
    [25, 7, 31, 37, 22, 132, 159, 46],
    [12, 2, 12, 17, 10, 76, 73, 29],
    [9, 14, 15, 16, 16, 89, 99, 42],
    [7, 3, 16, 14, 19, 97, 92, 52],
    [5, 5, 22, 10, 6, 90, 66, 45],
    [7, 4, 14, 14, 14, 53, 80, 37],
    [4, 7, 6, 2, 7, 45, 105, 28],
    [10, 19, 23, 10, 31, 94, 131, 58],
    [16, 20, 10, 12, 16, 101, 165, 65],
    [7, 25, 7, 14, 11, 116, 123, 65],
    [3, 17, 41, 20, 13, 92, 54, 36],
    [4, 8, 44, 26, 19, 107, 48, 43],
    [13, 14, 46, 27, 21, 113, 74, 52],
    [77, 55, 62, 79, 78, 574, 638, 274]
  ],
  "W": [
    [17, 34, 32, 74, 130, 3],
    [26, 35, 56, 115, 155, 9],
    [13, 22, 63, 96, 129, 9],
    [21, 52, 25, 87, 85, 6],
    [23, 21, 36, 69, 102, 5],
    [22, 31, 13, 76, 87, 5],
    [37, 19, 32, 82, 163, 10],
    [10, 10, 29, 59, 128, 9],
    [13, 9, 27, 64, 178, 11],
    [19, 12, 34, 92, 170, 3],
    [21, 12, 27, 72, 145, 9],
    [24, 10, 23, 54, 163, 8],
    [32, 12, 77, 68, 217, 13],
    [12, 11, 31, 93, 209, 12],
    [22, 19, 38, 86, 159, 12],
    [20, 13, 50, 57, 144, 9],
    [14, 8, 21, 77, 116, 6],
    [8, 2, 52, 49, 115, 3],
    [11, 11, 45, 127, 190, 4],
    [19, 13, 23, 61, 140, 9],
    [16, 17, 46, 72, 148, 8],
    [9, 7, 19, 74, 92, 7],
    [11, 23, 30, 70, 97, 4],
    [35, 31, 67, 120, 258, 10],
    [25, 20, 76, 78, 225, 13],
    [30, 20, 27, 105, 185, 22],
    [38, 29, 83, 111, 275, 17],
    [19, 14, 44, 66, 136, 3],
    [13, 15, 39, 75, 179, 12],
    [26, 12, 55, 92, 185, 18],
    [5, 16, 18, 68, 84, 12],
    [5, 9, 37, 57, 167, 7],
    [10, 25, 46, 72, 220, 3],
    [15, 24, 50, 90, 137, 7],
    [28, 65, 20, 130, 205, 11],
    [14, 20, 9, 91, 92, 5],
    [17, 23, 48, 95, 110, 7],
    [11, 33, 30, 112, 105, 9],
    [12, 26, 36, 103, 66, 6],
    [11, 25, 27, 53, 100, 7],
    [5, 6, 32, 47, 110, 4],
    [20, 26, 69, 100, 149, 12],
    [22, 28, 47, 112, 182, 14],
    [14, 21, 64, 108, 149, 12],
    [7, 43, 33, 117, 67, 9],
    [11, 51, 30, 125, 74, 8],
    [23, 56, 26, 138, 105, 12],
    [110, 141, 146, 654, 747, 39]
  ],
  "method": "mvn_pdf",
  "cond_prob": [
    [
      [0.56409024322, 0, 0.00011604845301, 0.092634629192, 0.0089490442124, 0.014793628932, 0.13267489286, 0.18674151313],
      [0.07748041053, 0, 0.26878572379, 0.53276131401, 0.0032131970023, 0.10609368237, 0.003012933645, 0.0086527386518],
      [0.0012489225833, 0.29216664667, 0.0037507483459, 0.010114997928, 0.064453803635, 0.12726539658, 0.24439831553, 0.25660116873],
      [0.0012451585688, 0, 0.04932926184, 0.018656924338, 0.070597552705, 0.75931691838, 0.024982156057, 0.075872028115],
      [0.0040548456402, 0.05110368647, 0.00026551532514, 0.0041609329818, 0.054179679236, 0.04289679511, 0.73702478155, 0.10631376368],
      [0.038964905764, 0.0023960218512, 0.018135417368, 0.022037668311, 0.13617287769, 0.10093169766, 0.053146610075, 0.62821480127]
    ],
    [
      [0.69865363223, 3.4472747148e-05, 0.00027581292443, 0.059642957071, 0.0061063051117, 0.0096292847843, 0.092576021407, 0.13308151372],
      [0.12659161667, 0.00014244724034, 0.32523973875, 0.44309591292, 0.0026218700701, 0.091683276529, 0.0025370129099, 0.0080881249048],
      [0.0016429899586, 0.17058973749, 0.0062204648225, 0.011662113276, 0.074050553435, 0.14113080314, 0.28674143486, 0.30796190302],
      [0.0017409773853, 0.00048743623264, 0.068391414697, 0.019081923285, 0.07092450932, 0.73441893923, 0.025108186887, 0.079846612966],
      [0.0032762153625, 0.028220710269, 0.0011967411399, 0.0059086855924, 0.053477036716, 0.040981486882, 0.75547238101, 0.11146674302],
      [0.067140640022, 0.0012030552384, 0.023398267857, 0.019731152879, 0.12859781773, 0.091898940367, 0.05122745448, 0.61680267143]
    ],
    [
      [0.64774322213, 0.00016265504584, 0.00022061763485, 0.043037719018, 0.0081837864243, 0.014409191661, 0.091617281426, 0.19462552666],
      [0.1110718575, 0.00042501119668, 0.42197583755, 0.31529300562, 0.0032098244554, 0.1337311552, 0.0023810282798, 0.011912280202],
      [0.0014123935622, 0.20985896427, 0.0062022514286, 0.0055358360426, 0.075488199206, 0.15599092154, 0.21043848736, 0.33507294659],
      [0.0017211511484, 0.0015295577654, 0.062148500754, 0.0083624679475, 0.067073286089, 0.76045381173, 0.016625043732, 0.082086180833],
      [0.0038040277686, 0.043463270603, 0.0012127016246, 0.002015405222, 0.065619263503, 0.05537290739, 0.67884525086, 0.14966717303],
      [0.043425151174, 0.0015356706653, 0.022247458073, 0.010280184652, 0.12925751467, 0.099610673045, 0.036880717309, 0.65676263041]
    ],
    [
      [0.62249473412, 0, 0, 0.091111486188, 0.0084555823718, 0.012022059343, 0.11838872322, 0.14752741475],
      [0.094339561959, 0, 0.23966638535, 0.56117140185, 0.0024212562209, 0.091750121507, 0.0036106752721, 0.0070405978421],
      [0.0019809884385, 0.13658721941, 0.0042728583786, 0.014437943317, 0.09152914821, 0.14529764576, 0.31377623396, 0.29211796253],
      [0.0031950794064, 0, 0.049125642358, 0.022572418181, 0.084421303081, 0.73905687527, 0.028412243108, 0.073216438596],
      [0.0045178862439, 0.018588422373, 0.0005730114245, 0.0050115288916, 0.059940893219, 0.040892685576, 0.77261563556, 0.09785993671],
      [0.051739401913, 0.00088393551712, 0.017981607694, 0.025836162235, 0.1614449083, 0.095043811482, 0.056246945995, 0.59082322687]
    ],
    [
      [0.46702331382, 0, 0, 0.11880580668, 0.0085072025926, 0.017583559647, 0.17408874633, 0.21399137093],
      [0.037912478028, 0, 0.48304595372, 0.39874762294, 0.0020467048334, 0.069353639201, 0.0025596898594, 0.0063339114164],
      [0.0008232037075, 0.11585459538, 0.0086291874603, 0.014622629144, 0.06171101469, 0.15038478642, 0.33786009765, 0.31011448555],
      [0.0019307305756, 0.0084163538979, 0.10588480965, 0.02180428681, 0.054218532125, 0.70534444905, 0.02816852528, 0.074232312619],
      [0.0015110184297, 0.0024098063505, 0, 0.0072389135038, 0.041773168385, 0.044755678393, 0.79931227555, 0.10299913939],
      [0.02906442411, 0.00054117993543, 0.047866471537, 0.024897349661, 0.10756302362, 0.098290642655, 0.06115229639, 0.63062461209]
    ],
    [
      [0.46083366214, 0.00064288708061, 0.00038159354886, 0.067004387437, 0.0035231115057, 0.013339401467, 0.18915677984, 0.26511817698],
      [0.075736464871, 0.0010901230751, 0.33748618147, 0.45229073509, 0, 0.11361858594, 0.0048464656081, 0.01493144394],
      [0.00090246401022, 0.20923140579, 0.0037211279657, 0.006748606582, 0.03123950183, 0.10490574609, 0.31495706919, 0.32829407855],
      [0.0020367463933, 0.0027439995891, 0.056566589361, 0.014689589247, 0.036282228513, 0.73585708784, 0.037145357798, 0.11467840126],
      [0.0024383270654, 0.0346536195, 0.0011686900213, 0.0026924368572, 0.016649695099, 0.028885836089, 0.79836467737, 0.115146718],
      [0.027033961827, 0.001729105669, 0.016084365883, 0.013301602698, 0.062081036492, 0.076475177871, 0.062618877295, 0.74067587227]
    ],
    [
      [0.56639236756, 0, 0, 0.057246056756, 0.0090863130974, 0.013950272688, 0.1232488722, 0.2300761177],
      [0.11241131723, 0, 0.26315814925, 0.46277808223, 0.0039583649034, 0.13840522423, 0.0039606681101, 0.015328194044],
      [0.0011555799291, 0.1273900011, 0.0028656672976, 0.0077351442502, 0.078602789285, 0.13999972381, 0.26805631386, 0.37419478046],
      [0.0017779444857, 0.00035112446088, 0.034096212113, 0.012952619582, 0.076882440183, 0.74853042648, 0.025089437528, 0.10031979517],
      [0.0022399473532, 0.017720306622, 0, 0.0040298332092, 0.058363955443, 0.043935011334, 0.73183936649, 0.14187157955],
      [0.035978594881, 0.00063177794587, 0.011240441756, 0.012261010286, 0.12556233929, 0.08332476695, 0.043958637612, 0.68704243128]
    ],
    [
      [0.56779706774, 0.00019738113551, 0, 0.026025774251, 0.0076650064471, 0.01326146031, 0.16728699869, 0.21776631143],
      [0.16556032562, 0.00055329830002, 0.23996374439, 0.34946843156, 0.0052925157466, 0.20848835717, 0.0080238768957, 0.022649450319],
      [0.00093350928915, 0.21577347402, 0.0003488011624, 0.0023962092429, 0.055873928739, 0.11389108141, 0.30975867034, 0.30102432579],
      [0.0055322640963, 0.011429658646, 0.0090212734683, 0.0020891709723, 0.068903707324, 0.7671611804, 0.034717467571, 0.10114527752],
      [0, 0.031592896724, 0, 0, 0.040534137995, 0.034813337824, 0.78630042928, 0.10675919818],
      [0.034772301708, 0.0018690909239, 0.0064435764155, 0.0058118651643, 0.11071027212, 0.084560397669, 0.063233807726, 0.69259868827]
    ],
    [
      [0.51746577788, 0, 0, 0.068042561342, 0.014969456539, 0.020161860907, 0.16873786903, 0.2106224743],
      [0.046185731197, 0, 0.5828454787, 0.26290159721, 0.0028620661651, 0.095650116993, 0.0029160237811, 0.0066389859501],
      [0.001006181018, 0.1133896555, 0.010436806252, 0.0075759202735, 0.11079126, 0.1683628926, 0.30463118773, 0.28380609662],
      [0.0012909573317, 0.0093812971478, 0.093589083482, 0.010221663574, 0.084219363888, 0.71587215276, 0.025119413981, 0.060306067837],
      [0.0024876593717, 0.0074921350911, 0, 0.0042058169069, 0.069003013666, 0.052415170033, 0.76602990302, 0.098366301909],
      [0.027698343808, 0.0004069306991, 0.043899598183, 0.012905509282, 0.19233624803, 0.10777532843, 0.054014198812, 0.56096384276]
    ],
    [
      [0.36116984671, 0, 0, 0.068280666799, 0.01556711549, 0.021359882056, 0.22242406777, 0.31119842118],
      [0.062418302586, 0, 0.23207856233, 0.49197988286, 0.0058598202594, 0.18306017009, 0.0064053109524, 0.018197950924],
      [0.00057868843539, 0.088195808828, 0.0010633988451, 0.010959119173, 0.091567155221, 0.1431991437, 0.32478458792, 0.33965209788],
      [0.003481612251, 0, 0.012550419323, 0.011251130719, 0.088593550739, 0.75898840771, 0.032600606184, 0.092534273069],
      [0, 0, 0, 0.0021181142894, 0.058243941826, 0.043713881168, 0.77932753084, 0.11659653188],
      [0.016256515885, 0.00044749994927, 0.0080877045204, 0.010371743088, 0.15618230221, 0.090125335319, 0.056488993523, 0.6620399055]
    ],
    [
      [0.37076685644, 0.00018778079919, 0, 0.05639826636, 0.0067597381372, 0.023181666025, 0.23205111486, 0.31065457738],
      [0.062830566352, 0.00032430406674, 0.31250427105, 0.39835770098, 0.0024066277039, 0.19973954374, 0.0061276548087, 0.017709331297],
      [0.00059585872098, 0.1762338023, 0.0023813778462, 0.0046528564071, 0.039038464478, 0.14675810694, 0.31532372999, 0.31501580331],
      [0.0032242854359, 0.00097768988327, 0.028896107047, 0.0078775702168, 0.037747918847, 0.80534675453, 0.029180489829, 0.086749184209],
      [0.00034640207365, 0.028623523417, 0, 0.0017900445614, 0.023157086089, 0.042784490098, 0.79219877497, 0.11109967879],
      [0.017940464555, 0.0014497472308, 0.011681315347, 0.0092194838482, 0.077722198434, 0.10723602339, 0.063315153524, 0.71143561367]
    ],
    [
      [0.47718614862, 0.00027788813388, 0, 0.07136699213, 0.0076098958693, 0.01591974279, 0.14444323044, 0.28319610202],
      [0.085435399543, 0.00030545010815, 0.20167453953, 0.54451540363, 0.0030106970165, 0.14424214451, 0.0039349173512, 0.016881448313],
      [0.0008994535464, 0.18468343621, 0.0015999755659, 0.0077350102405, 0.051708643854, 0.1290417984, 0.25354218903, 0.37078949315],
      [0.0086154812738, 0.0035225539411, 0.016345811284, 0.014270593856, 0.056118329121, 0.76774043924, 0.024809950701, 0.10857684058],
      [0, 0.033997035781, 0, 0.004836034666, 0.042078583414, 0.043485576078, 0.72984938129, 0.14575338877],
      [0.025906877168, 0.001352800722, 0.0079726696628, 0.013155899784, 0.088594731424, 0.082676343133, 0.044669557446, 0.73567112066]
    ],
    [
      [0.54310997006, 0.00049703491169, 0.00017027081263, 0.027384833571, 0.0028795687051, 0.011747660881, 0.10826793702, 0.30594272404],
      [0.15486302583, 0.00041210876635, 0.324872493, 0.32617083217, 0.0020366616287, 0.15752556486, 0.0056728729795, 0.028446440776],
      [0.0039893119719, 0.16010367902, 0.0027515755638, 0, 0.029152510174, 0.10716140244, 0.22507610656, 0.47176541426],
      [0.0068239563548, 0.0014899560168, 0.038134432375, 0.0021105358285, 0.03753466453, 0.7239542651, 0.031112639972, 0.15883954982],
      [0.0027435960553, 0.03472303105, 0.00083400041654, 0, 0.020678228177, 0.043749642556, 0.70770983371, 0.18956166803],
      [0.03042755771, 0.001150118915, 0.0084685082895, 0.0050860694917, 0.046087528921, 0.058444432601, 0.034445992378, 0.81588979169]
    ],
    [
      [0.46105397453, 7.917801942e-05, 0, 0.02907758921, 0.0074809661808, 0.015613872878, 0.19526329744, 0.29143112174],
      [0.13790988445, 0.10504100949, 0.090909090909, 0.38259587863, 0.0050541531102, 0.23905001261, 0.0094518609139, 0.029988109881],
      [0.00084655425127, 0.18206548607, 0, 0.0020601602228, 0.047203046913, 0.11389457809, 0.3091327485, 0.34479742595],
      [0.0063604118986, 0.0094272146896, 0, 0.0033885486091, 0.058621078982, 0.76846524428, 0.036160924531, 0.11757657701],
      [0, 0.020601800788, 0, 0, 0.032941554658, 0.039416806314, 0.78419621473, 0.12284362351],
      [0.027715174027, 0.0014217800241, 0, 0.0052928564121, 0.087899416536, 0.078914269029, 0.059148324767, 0.7396081792]
    ],
    [
      [0.53176967758, 4.7629314534e-05, 0.00030535394625, 0.070059045316, 0.014871720157, 0.019267161921, 0.15902186428, 0.20465754749],
      [0.071489384479, 0.00015397707575, 0.38977047686, 0.39036747057, 0.0033889480225, 0.13126501717, 0.0042298210696, 0.0093349047483],
      [0.0010877882045, 0.15472337559, 0.0056310805585, 0.0077349282453, 0.11667108209, 0.1578948188, 0.28364785682, 0.27260906969],
      [0.0014169217051, 0.00044122786349, 0.056918602757, 0.011457662566, 0.095931102727, 0.74297646337, 0.026582243982, 0.064275775034],
      [0.0026078528536, 0.025566232367, 0.0013426671983, 0.003757932528, 0.071402721035, 0.049838437126, 0.74672386211, 0.098760294784],
      [0.030410747172, 0.0011301479651, 0.022098180836, 0.013743461349, 0.2143186288, 0.10514972038, 0.052280564057, 0.56086854944]
    ],
    [
      [0.55160389576, 0.00033672797918, 0.00023806543188, 0.073115228973, 0.0088775913976, 0.0091515500137, 0.11690579491, 0.23977114554],
      [0.08124110739, 0.0003526680503, 0.36736125788, 0.46041255853, 0.0028949666133, 0.073020305647, 0.0028508158875, 0.011866319994],
      [0.0012268097196, 0.19151626425, 0.0055616841254, 0.0096926318214, 0.075670003279, 0.092973007929, 0.24627091531, 0.37708868356],
      [0.0020774768652, 0.0014634280864, 0.081059512618, 0.020180555698, 0.094655842326, 0.64330003609, 0.029185068501, 0.12807807982],
      [0.002994909343, 0.036923136753, 0.00099598493432, 0.0054136253894, 0.058964808477, 0.028048532193, 0.71720372903, 0.14945527388],
      [0.033418230674, 0.0013911610958, 0.019738231428, 0.0153163153, 0.12388866764, 0.056884881903, 0.041154649507, 0.70820786245]
    ],
    [
      [0.42000235896, 0, 0, 0.050800368536, 0.016515668513, 0.017373923418, 0.21612762211, 0.27918005847],
      [0.078709650496, 6.7488809473e-05, 0.30805698218, 0.41501128856, 0.0068397693347, 0.16658070968, 0.0066596623891, 0.018074448559],
      [0.00077362115876, 0.1369656351, 0.0023051879729, 0.0045423707677, 0.10345191481, 0.11857994718, 0.32258420308, 0.31079711993],
      [0.0015285040968, 0.0004938507055, 0.031514707374, 0.0084469225868, 0.11032787171, 0.71765890907, 0.034671188807, 0.09535804565],
      [0.0020606858428, 0.017929504406, 0, 0.0014963152509, 0.059687801406, 0.036236054883, 0.77693391975, 0.10565571846],
      [0.019551558839, 0.00088878949212, 0.010083787895, 0.0082215229365, 0.18709019843, 0.078470356486, 0.058775249613, 0.63691853631]
    ],
    [
      [0.80548346802, 8.95295382e-05, 0, 0.014741036605, 0.0032904781142, 0.0075249786413, 0.071630590719, 0.097239918359],
      [0.28486708397, 0.00029025424916, 0.24660319776, 0.27959945349, 0.0030718583715, 0.16650105363, 0.0048978497731, 0.014169248755],
      [0.0045579624367, 0.23565964007, 0.0010383432672, 0.00081340278208, 0.050838273098, 0.1383492404, 0.28229495397, 0.28644818398],
      [0.0029865092537, 0.0010535255634, 0.029029584981, 0.0053055132888, 0.053217002262, 0.79890628222, 0.027447357299, 0.082054225128],
      [0.0029745433136, 0.040758423868, 0, 0, 0.038471696758, 0.04319186753, 0.7671681434, 0.10743532513],
      [0.086990868886, 0.0018534914437, 0.010116696836, 0.006868568122, 0.097354673067, 0.099721656026, 0.056188323362, 0.64090572226]
    ],
    [
      [0.43004700525, 8.0008075842e-05, 0, 0.099808917248, 0.012557188946, 0.018064687444, 0.18667452825, 0.25276766479],
      [0.057430493113, 0.00027963529188, 0.21465142792, 0.58096161373, 0.0038064102142, 0.12714436765, 0.004012276309, 0.011713775773],
      [0.00073793376174, 0.22855862714, 0.0018619664447, 0.0091221812084, 0.074857465543, 0.12580710266, 0.27783188013, 0.28122284312],
      [0.0040605998494, 0.0022433938059, 0.027635931065, 0.017181565148, 0.082198886055, 0.75400423699, 0.028033765219, 0.084641621867],
      [0, 0.039045319753, 0, 0.004455700226, 0.05480131996, 0.040045144642, 0.75585207881, 0.1058004366],
      [0.022211079464, 0.0018459838614, 0.01132063939, 0.018096047056, 0.1499762846, 0.093566298687, 0.056956846582, 0.64602682036]
    ],
    [
      [0.49896386256, 0.00025756659787, 2.1999093084e-05, 0.032969749017, 0.0028763213952, 0.011690774502, 0.17614953428, 0.27707019256],
      [0.13322484082, 0.00043102019361, 0.29457905545, 0.3774161509, 0.0015962649738, 0.15961875342, 0.0080192384084, 0.025114675838],
      [0.0010491396181, 0.1715164266, 0.0020025030164, 0.0032943964065, 0.028718232666, 0.097904728294, 0.31969196493, 0.37582260847],
      [0.004499612165, 0.001308775042, 0.033580989354, 0.0054571769271, 0.037121310123, 0.73474315088, 0.043230563057, 0.14005842246],
      [0.0016397641, 0.028233928352, 0, 0, 0.010838993096, 0.028880543232, 0.80020848964, 0.13019828158],
      [0.02884335038, 0.0013377681706, 0.0083951529414, 0.0065006552375, 0.05358001628, 0.065379387042, 0.058860073304, 0.77710359665]
    ],
    [
      [0.44232034533, 0, 0, 0.093347494101, 0.0058797322662, 0.020969871662, 0.19717246804, 0.24031008859],
      [0.066591993014, 0, 0.16518187553, 0.59162829833, 0.0016379212867, 0.15510689049, 0.0072326749584, 0.012620346389],
      [0.00083982042642, 0.43667181717, 0, 0.0069080759635, 0.026671153028, 0.10647841169, 0.22281185485, 0.19961886688],
      [0.0023651759325, 0.0040222007675, 0.0017195114017, 0.01616867899, 0.037959275863, 0.81814875971, 0.039928406653, 0.079687990685],
      [0.002521175763, 0.058066503184, 0, 0.0055184749582, 0.022006556331, 0.049332446308, 0.76394247983, 0.09861236363],
      [0.026094021716, 0.0037069354874, 0.0085129118769, 0.018763543415, 0.082646047926, 0.1152181531, 0.066825927614, 0.67823245887]
    ],
    [
      [0.45519237071, 0.00019872318283, 0.0003033292975, 0.060082492007, 0.010442315636, 0.021397988652, 0.12596584228, 0.32641693823],
      [0.055124652296, 0.00026924432726, 0.44986417116, 0.32935977278, 0.0031083390201, 0.14584748794, 0.0025704000108, 0.013855932462],
      [0.00088360104893, 0.15170342147, 0.005994856313, 0.005976694247, 0.067308177929, 0.16579373522, 0.20536818883, 0.39697132494],
      [0.0015027179403, 0.0018125523982, 0.059951253059, 0.008832335952, 0.057826186474, 0.76665801864, 0.01602488136, 0.087392054177],
      [0.0027592356057, 0.032307172773, 0.0016774584267, 0.0034965292529, 0.060811754897, 0.056823602323, 0.66881510604, 0.17330914068],
      [0.01936526776, 0.0010818572326, 0.020514238092, 0.0092726314405, 0.10451230798, 0.096562846337, 0.0327840079, 0.71590684326]
    ],
    [
      [0.49130886202, 0.00033489299371, 0.00028607926091, 0.10854230239, 0.011950568166, 0.025968590522, 0.16400756406, 0.19760114059],
      [0.050264851336, 0.00080118109707, 0.31810069627, 0.47732316476, 0.0032462109577, 0.14192786104, 0.0030469899976, 0.0052890445424],
      [0.00092365174587, 0.20413596376, 0.0054347159233, 0.010610374704, 0.076763694539, 0.197985406, 0.26634696859, 0.23779922473],
      [0.0011346017459, 0.0023605132171, 0.046935889249, 0.013623161758, 0.058270713953, 0.8146660382, 0.019468739785, 0.043540342096],
      [0.0022732496185, 0.037954112488, 0.0014168593301, 0.0048347403469, 0.05968708018, 0.060629269892, 0.7479476805, 0.085257007643],
      [0.027968512369, 0.0017563156368, 0.023637008433, 0.02167487662, 0.15559332696, 0.15069516675, 0.05542254351, 0.56325224972]
    ],
    [
      [0.3976224689, 0.00015618596629, 0.00033349363496, 0.1561542181, 0.007248908647, 0.015204699762, 0.17135414222, 0.25192588277],
      [0.039527817876, 0.0002597372894, 0.24553542646, 0.62591708595, 0.0015523546489, 0.076036733947, 0.0026833385995, 0.0084875052286],
      [0.00072632928752, 0.22184489422, 0.0048385750901, 0.014513710012, 0.047786437174, 0.11753845819, 0.28229060714, 0.31046098888],
      [0.0011414750451, 0.0010427779788, 0.061867403011, 0.02806465396, 0.054187949612, 0.72630867713, 0.030207631138, 0.09717943212],
      [0.0016939036702, 0.038682446664, 0.0016679559508, 0.0018781496281, 0.035143444767, 0.035766392101, 0.76674043305, 0.11842727416],
      [0.023518301978, 0.0017669125273, 0.019812397476, 0.030643305222, 0.092691120915, 0.085084963869, 0.05620033826, 0.69028265975]
    ],
    [
      [0.59344173678, 0, 0, 0.037919771163, 0.0033350302021, 0.014570451997, 0.1537894071, 0.19694360276],
      [0.14457731206, 0, 0.27208666803, 0.38096836555, 0.0015872685186, 0.17759587264, 0.0065449185511, 0.016639594642],
      [0.0011665181191, 0.12479248286, 0.0023267206415, 0.0049999759402, 0.034993890236, 0.15097484128, 0.34764731576, 0.33309825517],
      [0.0018909435943, 0.00033197973491, 0.028673447526, 0.0084310736874, 0.03411030554, 0.80179304131, 0.034156640216, 0.090612568389],
      [0.0020590115876, 0.011033967078, 0, 0.0011982917798, 0.016342138734, 0.043274111676, 0.81372788628, 0.11236459286],
      [0.044075673448, 0.00055648390505, 0.011146689501, 0.0096462184879, 0.06828908996, 0.10255392003, 0.06539831568, 0.69833360898]
    ],
    [
      [0.66501155806, 0, 0, 0.053715543607, 0.0071479084217, 0.010557254982, 0.095373402748, 0.16819433218],
      [0.15932965597, 0, 0.17165701763, 0.52769546232, 0.0037564437939, 0.11981900522, 0.0038853663169, 0.013857048753],
      [0.001680701985, 0.12012741521, 0.0013367150361, 0.0099540087509, 0.086723793019, 0.13381932821, 0.27861344162, 0.36774459617],
      [0.0019859406466, 0.0088529759269, 0.013027934913, 0.018131200041, 0.08719582659, 0.73956737697, 0.027885447701, 0.10335329721],
      [0.0021796251112, 0.0098400989659, 0, 0.0071527825264, 0.060621683988, 0.044826873126, 0.73848166613, 0.13689727016],
      [0.054814853264, 0.00029904583168, 0.0074015988955, 0.015401156245, 0.13628718774, 0.078465194274, 0.045065792076, 0.66226517168]
    ],
    [
      [0.49227348333, 2.6180578769e-05, 0.00018421053627, 0.11902588304, 0.0055602043699, 0.017288234244, 0.14763359403, 0.21800820987],
      [0.058482970548, 0.00017172976749, 0.25692473865, 0.56884164243, 0.0012597140495, 0.10280594052, 0.0028335666097, 0.0086796974247],
      [0.0011166474999, 0.24101036658, 0.0043766892616, 0.012517206241, 0.041456091451, 0.14409599189, 0.26393664811, 0.29149035898],
      [0.0015237861092, 0.00056770994448, 0.051060087209, 0.021262898485, 0.040982458972, 0.77977423641, 0.025041902936, 0.079786919937],
      [0.0028376072178, 0.043250663889, 0.0006555755622, 0.0041241006573, 0.030261048863, 0.047314264539, 0.75525257904, 0.11630416023],
      [0.032672794245, 0.0019538926738, 0.019468494719, 0.026315957839, 0.084734326639, 0.10796144162, 0.054523396514, 0.67236969575]
    ],
    [
      [0.46239359867, 0.00020269636026, 0.00032541859037, 0.10968985291, 0.0072249142994, 0.018047570189, 0.1528326094, 0.24928333959],
      [0.052879722416, 0.00026801186868, 0.28811072645, 0.53621557717, 0.0018911258258, 0.10840097457, 0.0025070200849, 0.0097268416159],
      [0.00087501408731, 0.18849560229, 0.0049905703243, 0.011461044885, 0.050250161122, 0.14961133543, 0.2677565947, 0.32655967716],
      [0.0011399170955, 0.0010512263347, 0.05253107094, 0.01830343369, 0.047260560381, 0.77362758494, 0.022225367522, 0.083860839093],
      [0.002068523512, 0.034007267551, 0.0015932267739, 0.0046502267832, 0.038465797051, 0.045515908944, 0.74751444895, 0.12618460043],
      [0.026383721903, 0.001406925692, 0.01898408632, 0.021377091107, 0.091566131102, 0.10233318025, 0.050317553221, 0.6876313104]
    ],
    [
      [0.35767443174, 0, 0.0002867058544, 0.26296954335, 0.0057600664363, 0.016629741609, 0.18378797068, 0.17289154034],
      [0.02331695744, 0, 0.16795461622, 0.7464436864, 0.00073960499178, 0.055211664811, 0.0027469886504, 0.0035864814851],
      [0.0010719298567, 0.14528031761, 0.0057914623703, 0.02804488582, 0.046172565186, 0.151804359, 0.36573842649, 0.25609605367],
      [0.0015839168754, 0.0082675476896, 0.060130475483, 0.033756484967, 0.041838695795, 0.75625685384, 0.035285760346, 0.062880265007],
      [0.0029708806171, 0.015090326685, 0.0024722472401, 0, 0.027055776367, 0.044370259168, 0.83096650533, 0.077074004589],
      [0.025674280439, 0.0010694216667, 0.02489738591, 0.063271143414, 0.094367405408, 0.11447732976, 0.076359703147, 0.59988333025]
    ],
    [
      [0.43472222032, 0, 0.00025789718433, 0.055956957038, 0.0079800882588, 0.021661907698, 0.17198188901, 0.3074390405],
      [0.065503820251, 0.00010922070629, 0.4002417842, 0.34489867207, 0.0026385774117, 0.16685545529, 0.0041558795783, 0.015596590487],
      [0.00072837128995, 0.28053283456, 0.0039858081957, 0.004328042471, 0.042496322952, 0.13485134633, 0.22822062085, 0.30485665335],
      [5.9435046244e-05, 0, 0.048523013469, 0.0078345091665, 0.045195805219, 0.78547093469, 0.023395580981, 0.089520721429],
      [0.0025923115054, 0.051536035215, 0.0010473314961, 0.0015182427025, 0.036236584166, 0.048163770291, 0.72386322282, 0.13504250181],
      [0.021448353061, 0.0019564964302, 0.017405569228, 0.0092579429433, 0.086765270176, 0.10244874404, 0.047743139595, 0.71297448452]
    ],
    [
      [0.74743076192, 0, 0.00018864678804, 0.059874113187, 0.0040721053619, 0.010145103048, 0.052180431017, 0.12610883868],
      [0.1170762652, 0, 0.31468217662, 0.45997279345, 0.0020597644732, 0.096913318762, 0.0012265300333, 0.0080691514596],
      [0.0018547232992, 0.27653502306, 0.0062058691357, 0.011866871354, 0.052995221318, 0.1599515883, 0.17506225879, 0.31552844474],
      [0.00078755133918, 0, 0.064629501591, 0.018324841604, 0.048147718436, 0.77828139091, 0.013132937557, 0.076696058564],
      [0.0059905508176, 0.05954980687, 0.0019695657295, 0.0074384751385, 0.054579950037, 0.063241865378, 0.6463378763, 0.16089190973],
      [0.066623430677, 0.0016821506592, 0.024348888854, 0.021378326144, 0.094500716763, 0.10700679346, 0.031910945252, 0.65254874819]
    ],
    [
      [0.40725633018, 0, 0, 0.058952246354, 0.011007643577, 0.019589803939, 0.13866064436, 0.3645333316],
      [0.041939772884, 0, 0.548899373, 0.27691726732, 0.0028840957296, 0.11270588977, 0.0029421870597, 0.013711414238],
      [0.00064133542732, 0.34943336958, 0.0053855285873, 0.0042233145863, 0.051663683526, 0.10730128354, 0.16343040852, 0.31792107623],
      [0.0010534536619, 0, 0.079376469773, 0.0087578349354, 0.063421604024, 0.71926056226, 0.021672634501, 0.10645744085],
      [0.0023564006962, 0.06620734958, 0.00092952655653, 0.0029887626349, 0.057951726815, 0.050067287516, 0.64528811081, 0.17421083539],
      [0.015566458194, 0.0020482779261, 0.025850196186, 0.0083429673354, 0.10206840322, 0.079780202484, 0.033548186732, 0.73279530792]
    ],
    [
      [0.45511840787, 0, 0, 0.070665445465, 0.0096130996445, 0.020828919148, 0.19135968689, 0.25241444099],
      [0.070908848043, 0, 0.27346510411, 0.46350310483, 0.0035981169678, 0.16879998073, 0.0061309593636, 0.013593885949],
      [0.0006825396767, 0.38750341369, 0.0017896668799, 0.0050638792073, 0.04490403204, 0.11388808612, 0.22554272237, 0.22062566001],
      [0.0011733070866, 0, 0.027644983924, 0.010946092072, 0.057458397227, 0.7946905252, 0.030616027925, 0.077470666564],
      [0.0022162713591, 0.059833806682, 0.00023903264153, 0.0029335177877, 0.042109002959, 0.044474645758, 0.74624766948, 0.10194605333],
      [0.024213361958, 0.0038018333754, 0.012673899011, 0.013112312837, 0.11578178474, 0.11023981588, 0.059774207092, 0.66040278511]
    ],
    [
      [0.56922564443, 0, 0.00019928344919, 0.15353046469, 0.0070083418799, 0.015843496749, 0.096712922985, 0.15747984582],
      [0.048540634673, 0, 0.31329740687, 0.55867567193, 0.0016398075866, 0.071414419082, 0.0016659142453, 0.0047661456182],
      [0.0019871243652, 0.14769418007, 0.009753306246, 0.021729032982, 0.071193130299, 0.19219475302, 0.25055775608, 0.30489071695],
      [0.002397732517, 3.5809989726e-05, 0.085166760277, 0.025378771955, 0.051895838949, 0.75674319261, 0.018059577615, 0.060322316082],
      [0.0049453542459, 0.026314871825, 0.00045077585214, 0.0046261976122, 0.056846613804, 0.061912690231, 0.72300570014, 0.12189779629],
      [0.04342491785, 0.00099009390801, 0.037634707785, 0.04064238648, 0.11960733974, 0.12139113472, 0.043470500723, 0.5928389188]
    ],
    [
      [0.64116746671, 0, 0.00023868205574, 0.095230811944, 0.0071657923204, 0.017606271657, 0.094213554377, 0.14437742093],
      [0.077984756894, 0, 0.33769769274, 0.46403113853, 0.0021408039556, 0.11028356821, 0.0028194458556, 0.0050425938125],
      [0.0018774939272, 0.1294230606, 0.0080754733916, 0.015576713148, 0.076124897641, 0.22461967011, 0.25301975046, 0.29128294072],
      [0.0016121217802, 0, 0.064272384815, 0.017115856115, 0.050093299763, 0.79908684007, 0.017502076404, 0.050317421052],
      [0.0055741278314, 0.02147548839, 0.0008741317692, 0.0065336234674, 0.059506438612, 0.070213185458, 0.72368401872, 0.11213898575],
      [0.053498165322, 0.00082396982675, 0.03153185165, 0.026865899294, 0.12970533823, 0.1428369845, 0.044351610676, 0.57038618051]
    ],
    [
      [0.65622058127, 0, 0.00031791674016, 0.11286670026, 0.0046048381478, 0.010256245766, 0.07554431404, 0.14018940378],
      [0.077754880121, 0, 0.25031774964, 0.59598188011, 0.0016321382872, 0.066429446315, 0.0016060896295, 0.0062778158987],
      [0.0023485579465, 0.10124197366, 0.0074150884019, 0.023338659366, 0.060785059192, 0.16962218045, 0.26642667372, 0.36882180726],
      [0.0011406366684, 0, 0.073100893972, 0.028302094692, 0.050436837198, 0.74488800485, 0.020311847987, 0.081819684635],
      [0.0090726770702, 0.011809712015, 0.0015405800626, 0.0057889816112, 0.046786219251, 0.051463057208, 0.73322533252, 0.14031344026],
      [0.0596386022, 0.00046574633796, 0.025708732025, 0.036420746919, 0.092347922266, 0.096362860914, 0.041461797694, 0.64759359165]
    ],
    [
      [0.44542477305, 0.00022427996293, 0.00035225148962, 0.11766226811, 0.010653654658, 0.020643523396, 0.16191799671, 0.24312125263],
      [0.043822040152, 0.00041039736923, 0.35270970124, 0.48377432824, 0.0026293926618, 0.10648690497, 0.0021805703406, 0.007986665026],
      [0.00061106110503, 0.20323321407, 0.0065128563642, 0.011420300343, 0.067820831217, 0.15716702045, 0.2607242282, 0.29251048826],
      [0.00065208810039, 0.0015607982227, 0.065699290121, 0.017181809285, 0.06082487694, 0.76370385356, 0.020137285935, 0.070239997838],
      [0.0014453196058, 0.037017837938, 0.0013191832357, 0.0049025618632, 0.053037960968, 0.04840705661, 0.74014276456, 0.11372731522],
      [0.024229639352, 0.0016165459273, 0.026075539038, 0.021886255588, 0.1272104179, 0.1113145702, 0.050533102712, 0.63713392928]
    ],
    [
      [0.37410184988, 0, 0, 0.050162997365, 0.013121819178, 0.018655706162, 0.18198131505, 0.36197631236],
      [0.06867745319, 0, 0.34924391433, 0.37478958171, 0.0054219973298, 0.17334320786, 0.0065973831347, 0.021926462448],
      [0.00085995348916, 0.093700292423, 0.0029795578375, 0.0043650892471, 0.079516117389, 0.13150047047, 0.27673344446, 0.41034507469],
      [0.001856872587, 0, 0.031400965262, 0.0070318804589, 0.081705954029, 0.73325956786, 0.030994231743, 0.11375052806],
      [0.0023212909143, 0.0017963023453, 0.0073429017454, 0.00093054339036, 0.05754635753, 0.041221099371, 0.73918298241, 0.1496585223],
      [0.015668868399, 4.2164561819e-05, 0.010850144384, 0.0071022764169, 0.12197957374, 0.075128913853, 0.043657938829, 0.72557011982]
    ],
    [
      [0.32892010055, 0, 0, 0.065198751565, 0.0056127523613, 0.022334538603, 0.19572084834, 0.38221300858],
      [0.035700122557, 0, 0.52412050575, 0.29636269597, 4.6535141727e-05, 0.12493705054, 0.0046159059472, 0.014217184091],
      [0.00019432351788, 0.11675384402, 0.0061736072734, 0.0060230367812, 0.033966344995, 0.1469929686, 0.28116106769, 0.40873480712],
      [0, 0, 0.075045580093, 0.010116660772, 0.028020352401, 0.75265573053, 0.029300729377, 0.10486094682],
      [0.00054903329614, 0.012023041631, 0.0040242285742, 0.0029967345235, 0.022376514875, 0.047641356229, 0.75930452724, 0.15108456363],
      [0.013587293796, 0.00055681124763, 0.025887192198, 0.0092591706382, 0.057617059856, 0.087334266161, 0.046243984137, 0.75951422197]
    ],
    [
      [0.47913423875, 0, 0.00020873448605, 0.10121945719, 0.011474785653, 0.019084303613, 0.12779169032, 0.26108678999],
      [0.047491560901, 0, 0.39281505437, 0.44136764025, 0.0025369914975, 0.1031192575, 0.0030111760628, 0.0096583194236],
      [0.00097640568724, 0.10559960088, 0.0073530775996, 0.011675579663, 0.087947834305, 0.17090348513, 0.24370040209, 0.37184361465],
      [0, 0, 0.068935076845, 0.01587188583, 0.069163956003, 0.74535627677, 0.019826318, 0.080846486552],
      [0.0034506060126, 0.011470483557, 0.0014477182596, 0.0057018285624, 0.068189193458, 0.054066539996, 0.7061859902, 0.14948763995],
      [0.02440154235, 0.00025177437171, 0.025780509637, 0.017965929802, 0.13587886145, 0.098165779419, 0.038529610651, 0.65902599232]
    ],
    [
      [0.56324797744, 0, 0.00017983211427, 0.030549346296, 0.0056737361333, 0.014049128685, 0.18267138732, 0.20362859201],
      [0.097192049838, 9.0593256541e-05, 0.4676955082, 0.26487589528, 0.0025028134021, 0.14792201631, 0.0058731341082, 0.013847989614],
      [0.0013192349076, 0.15044377195, 0.0049481692081, 0.0029329872106, 0.045079114655, 0.13076282777, 0.36270879798, 0.30180509632],
      [0.0019194674097, 0.0024227503911, 0.058228305878, 0.0028882092275, 0.047291709923, 0.76444801364, 0.03598812918, 0.086813414351],
      [0.0030767001626, 0.018789520895, 0.001982878408, 0, 0.026688052129, 0.032236538972, 0.82238961631, 0.094836693125],
      [0.03243507764, 0.0011347928376, 0.019934843608, 0.0070991181086, 0.088921667358, 0.095683960562, 0.072605714467, 0.68218482542]
    ],
    [
      [0.41644778994, 0.00032246628037, 0, 0.065758795326, 0.019472770806, 0.023602385804, 0.18597735309, 0.28841843876],
      [0.042475771476, 0.00054639079132, 0.54842234085, 0.27196418684, 0.0022484283769, 0.12007885182, 0.0038730666246, 0.010390963218],
      [0.00063533075121, 0.19292069595, 0.0065565713839, 0.00527094223, 0.10836930413, 0.14596423013, 0.25058461724, 0.28969830818],
      [0.0030558699791, 0.0026777613145, 0.079185213944, 0.0081446395932, 0.094814230195, 0.71373575816, 0.024597270229, 0.073789256585],
      [0, 0.036116182571, 0, 0.0021432013337, 0.074687800759, 0.052411581045, 0.71730331556, 0.11733791873],
      [0.018104110262, 0.0015607631997, 0.030841193168, 0.0096882719687, 0.20539151071, 0.095955738805, 0.045957797972, 0.59250061391]
    ],
    [
      [0.50789218456, 0.00010049796967, 0, 0.033127435945, 0.0067953865096, 0.01350148023, 0.18152790776, 0.25705510702],
      [0.1378057628, 0.00054912348988, 0.26886685143, 0.37224448134, 0.0040589835198, 0.18488719587, 0.0079621063015, 0.023625495251],
      [0.00082602020938, 0.25463264504, 0.00081892425723, 0.0027872691066, 0.043420592292, 0.099993481245, 0.29034680852, 0.30717425933],
      [0.0045278060757, 0.0046686884081, 0.020755642026, 0.0055682757133, 0.059827703556, 0.74978907782, 0.038247639275, 0.11661516712],
      [0, 0.040999030213, 0, 0, 0.031562438471, 0.031746537008, 0.78019568391, 0.1154963104],
      [0.030133810778, 0.0021401906823, 0.0077576295009, 0.0066930288503, 0.08935825147, 0.076584705748, 0.061271213029, 0.72606116994]
    ],
    [
      [0.38056742936, 0, 0, 0.08479841789, 0.006892671348, 0.027834195218, 0.16548090407, 0.33442638212],
      [0.05285647177, 3.1091934808e-05, 0.24142931504, 0.48705593467, 0.0016969699286, 0.19695807412, 0.0039496549209, 0.016022487615],
      [0.00056751315229, 0.26650975408, 0.00031471114813, 0.0071768984628, 0.034926393563, 0.164460616, 0.20956408281, 0.31648003078],
      [0.00082489736462, 0.0055745115613, 0.016539630543, 0.011407308785, 0.031311388576, 0.8320879887, 0.019853016578, 0.082401257892],
      [0.001547891526, 0.049107770019, 0, 0.004936275306, 0.029416497232, 0.064625596962, 0.70155221037, 0.14881375859],
      [0.017168707278, 0.001968152237, 0.010296897673, 0.013152637538, 0.072324082563, 0.12116712997, 0.042734846175, 0.72118754657]
    ],
    [
      [0.39210906747, 0, 0, 0.14733924375, 0.010388260649, 0.021857527228, 0.14127163119, 0.28703426971],
      [0.0021927412984, 0, 0.5944460785, 0.32294797378, 0.0032391261881, 0.065403623946, 0.0030493085123, 0.0087211477693],
      [0, 0.39169881997, 0.0029776325573, 0.013604025901, 0.048988391088, 0.11920751465, 0.16818530412, 0.25533831171],
      [0, 0, 0.12419015049, 0.030429759801, 0.056584595446, 0.68329167125, 0.021748966002, 0.083754857011],
      [0, 0.060493501956, 0.0030428838492, 0.012741493612, 0.053671317569, 0.064188572939, 0.66329444647, 0.1425677836],
      [0.017883183542, 0.0023193677746, 0.06738176945, 0.024329733058, 0.10611187769, 0.095003730301, 0.038278482656, 0.64869185553]
    ],
    [
      [0.35198720278, 0.032066556573, 0, 0.18595643912, 0.014454424482, 0.027771064188, 0.086497916918, 0.30126639594],
      [0, 0.016592446299, 0.54662745269, 0.3580387117, 0.00068831691932, 0.071185156685, 0.00072376951168, 0.0061441461917],
      [0, 0.1508464857, 0.012808710744, 0.020650483813, 0.09607406627, 0.20565050606, 0.14248796701, 0.3714817804],
      [0, 0.0057985835957, 0.12165564652, 0.029059754819, 0.058670693308, 0.70937316388, 0.008571382186, 0.066870775689],
      [0, 0.020836936359, 0, 0.016513116171, 0.10094462572, 0.099238221641, 0.5607602986, 0.20170680151],
      [0.016017596176, 0.0011127881799, 0.066347846928, 0.027568801156, 0.13999202664, 0.10991077933, 0.021160848592, 0.617889313]
    ],
    [
      [0.46620878442, 0, 0, 0.12145866331, 0.01189496032, 0.021293288903, 0.10389093002, 0.27525337303],
      [0.032756645744, 0, 0.53659370924, 0.34450047849, 0.0021616275078, 0.074713816131, 0.0013902802909, 0.0078834426012],
      [0.0004923342452, 0.28452415474, 0.009121859701, 0.012409286555, 0.072881056225, 0.14212627106, 0.16063674854, 0.31780828894],
