{
  "X": [
    [3, 2, 3, 4, 16, 3],
    [1, 1, 3, 8, 21, 0],
    [0, 1, 1, 6, 12, 4],
    [4, 2, 1, 11, 17, 2],
    [4, 4, 16, 30, 42, 3],
    [0, 1, 4, 5, 14, 0],
    [3, 2, 16, 20, 64, 2],
    [64, 47, 283, 596, 664, 75],
    [97, 65, 546, 795, 1040, 124],
    [68, 87, 613, 795, 953, 171],
    [63, 49, 410, 526, 853, 90],
    [79, 45, 963, 756, 1238, 132],
    [6, 14, 67, 94, 107, 20],
    [2, 1, 20, 47, 19, 11],
    [7, 4, 60, 89, 109, 17],
    [39, 25, 112, 333, 474, 67],
    [2, 1, 5, 15, 18, 3],
    [78, 86, 523, 772, 747, 121],
    [8, 2, 35, 63, 71, 15],
    [116, 125, 624, 1233, 1332, 208],
    [37, 39, 209, 300, 447, 66],
    [6, 3, 21, 63, 75, 7],
    [7, 1, 29, 12, 39, 6],
    [8, 13, 85, 93, 113, 27],
    [1, 1, 8, 10, 38, 3],
    [10, 6, 115, 61, 135, 22],
    [10, 17, 73, 107, 213, 20],
    [1, 0, 2, 4, 11, 1],
    [19, 12, 98, 81, 190, 24],
    [2, 1, 29, 15, 49, 6],
    [2, 7, 43, 31, 90, 4],
    [0, 0, 0, 3, 6, 4],
    [0, 2, 11, 10, 43, 2],
    [1, 0, 3, 4, 17, 1],
    [7, 7, 73, 37, 78, 10],
    [6, 3, 19, 16, 30, 4],
    [5, 6, 95, 39, 103, 7],
    [2, 2, 29, 17, 49, 3],
    [1, 0, 7, 28, 25, 11],
    [6, 1, 9, 10, 33, 2],
    [6, 5, 116, 75, 122, 25],
    [5, 2, 51, 33, 59, 6],
    [7, 6, 26, 36, 63, 9],
    [2, 1, 3, 2, 5, 0],
    [16, 12, 134, 86, 299, 13],
    [20, 6, 71, 131, 246, 15],
    [5, 7, 34, 46, 46, 5],
    [11, 9, 129, 81, 159, 12],
    [5, 13, 42, 50, 98, 21],
    [16, 7, 44, 35, 125, 19],
    [10, 13, 201, 105, 223, 16],
    [27, 28, 242, 233, 337, 54],
    [4, 8, 34, 125, 38, 25],
    [7, 5, 52, 25, 122, 19],
    [0, 4, 58, 86, 113, 19],
    [30, 16, 128, 106, 267, 26],
    [9, 6, 46, 26, 48, 6],
    [5, 5, 116, 71, 96, 15],
    [0, 1, 10, 3, 6, 1],
    [0, 0, 1, 9, 13, 5],
    [16, 18, 64, 112, 186, 27],
    [1, 2, 30, 11, 25, 13],
    [7, 7, 41, 36, 40, 7],
    [19, 6, 111, 140, 166, 42],
    [0, 0, 8, 7, 23, 3],
    [13, 19, 95, 116, 307, 17],
    [2, 1, 18, 9, 31, 2],
    [8, 7, 39, 39, 71, 12],
    [13, 9, 60, 77, 165, 25],
    [3, 4, 19, 29, 46, 9],
    [7, 10, 41, 45, 79, 16],
    [14, 22, 103, 102, 175, 24],
    [20, 14, 85, 104, 172, 23],
    [13, 57, 53, 181, 147, 27],
    [123, 181, 496, 1096, 1131, 201],
    [120, 143, 396, 711, 788, 198],
    [1, 3, 2, 4, 3, 0]
  ],
  "W": [
    [5, 2, 10, 12, 2],
    [2, 1, 10, 20, 1],
    [1, 2, 5, 10, 6],
    [6, 2, 13, 13, 3],
    [14, 11, 28, 39, 7],
    [4, 1, 7, 11, 1],
    [19, 3, 31, 43, 11],
    [200, 45, 756, 588, 140],
    [293, 76, 1133, 952, 213],
    [265, 114, 1131, 899, 278],
    [203, 51, 763, 824, 150],
    [363, 89, 1194, 1291, 276],
    [16, 13, 143, 109, 27],
    [6, 3, 62, 10, 19],
    [32, 9, 127, 97, 21],
    [103, 28, 373, 434, 112],
    [3, 1, 20, 19, 1],
    [257, 79, 1054, 730, 207],
    [12, 8, 75, 65, 34],
    [381, 145, 1654, 1116, 342],
    [123, 46, 425, 407, 97],
    [16, 7, 84, 60, 8],
    [10, 2, 22, 46, 14],
    [32, 17, 132, 120, 38],
    [8, 0, 16, 33, 4],
    [50, 4, 108, 148, 39],
    [41, 16, 172, 171, 40],
    [0, 0, 7, 12, 0],
    [65, 13, 117, 178, 51],
    [15, 2, 15, 57, 13],
    [29, 6, 43, 80, 19],
    [2, 0, 5, 4, 2],
    [6, 4, 16, 36, 6],
    [7, 0, 5, 13, 1],
    [37, 2, 52, 100, 21],
    [14, 1, 24, 35, 4],
    [29, 5, 83, 115, 23],
    [6, 0, 30, 51, 15],
    [7, 1, 29, 19, 16],
    [14, 0, 16, 26, 5],
    [54, 8, 119, 108, 60],
    [32, 8, 44, 63, 9],
    [21, 6, 56, 46, 18],
    [2, 0, 4, 7, 0],
    [71, 7, 180, 264, 38],
    [44, 6, 180, 211, 48],
    [18, 9, 69, 34, 13],
    [36, 7, 114, 201, 43],
    [19, 6, 88, 88, 28],
    [33, 6, 58, 124, 25],
    [54, 10, 187, 261, 56],
    [95, 25, 373, 347, 81],
    [4, 3, 171, 23, 33],
    [25, 5, 66, 111, 23],
    [18, 8, 123, 101, 30],
    [77, 10, 176, 264, 46],
    [25, 9, 38, 53, 16],
    [44, 5, 123, 115, 21],
    [3, 0, 8, 8, 2],
    [5, 0, 10, 9, 4],
    [53, 5, 157, 153, 55],
    [6, 1, 25, 30, 20],
    [12, 6, 59, 43, 18],
    [58, 13, 195, 147, 71],
    [7, 1, 10, 20, 3],
    [85, 11, 183, 258, 30],
    [9, 2, 21, 28, 3],
    [25, 7, 58, 64, 22],
    [35, 14, 113, 142, 45],
    [13, 5, 43, 35, 14],
    [25, 5, 74, 66, 28],
    [47, 12, 165, 170, 46],
    [40, 11, 176, 155, 36],
    [38, 61, 230, 112, 37],
    [281, 150, 1439, 1031, 327],
    [211, 93, 972, 785, 295],
    [1, 2, 7, 3, 0]
  ],
  "method": "mvn_cdf",
  "mvncdf_method": "genz",
  "mvncdf_samples": 5000,
  "mvncdf_error": 0.001,
  "cond_prob": [
    [
      [0.26942546883, 0.0035630573743, 0.12582202141, 0.011134815932, 0.57782649172, 0.012228144722],
      [0.0099064514127, 0.64566155504, 0.021550762889, 0.18170012017, 0.09816036345, 0.043020747034],
      [0.052652219375, 0.056799203226, 0.1004714608, 0.34668078456, 0.31999751063, 0.12339882141],
      [0.080735987843, 0.0071834758888, 0.099457273879, 0.0049908049107, 0.78993896148, 0.017693495997],
      [0.068852852567, 0.018333930061, 0.06479323629, 0.02711408775, 0.11765208519, 0.70325380815]
    ],
    [
      [0.05814571089, 0.0025331791895, 0.15963503257, 0.039832142902, 0.73985393445, 0],
      [0.0093728001675, 0.35995599643, 0.022786834626, 0.50807086526, 0.099813503514, 0],
      [0.020829810395, 0.029619933934, 0.061673287392, 0.67394966472, 0.21392730356, 0],
      [0.020442437369, 0.015404773843, 0.092991857593, 0.023411447689, 0.84774948351, 0],
      [0.25718892672, 0.030682828987, 0.18137307446, 0.20453924793, 0.32621592191, 0]
    ],
    [
      [0, 0.021290577142, 0.13201979079, 0.048980018377, 0.78665218456, 0.011057429133],
      [0, 0.29823563136, 0.0065688802183, 0.57474792949, 0.092819662482, 0.027627896456],
      [0, 0.023865519503, 0.023242344989, 0.71482580036, 0.18434206446, 0.05372427069],
      [0, 0.010274715074, 0.041012258607, 0.033098319034, 0.88701215678, 0.028602550506],
      [0, 0.02669390198, 0.054751356293, 0.14940198842, 0.2059794334, 0.56317331991]
    ],
    [
      [0.34492967589, 0.0068627056943, 0.07082711844, 0.045264652169, 0.52357613148, 0.008539716328],
      [0.0059840750031, 0.49525448318, 0.0040640271719, 0.41056655576, 0.069660687627, 0.014470171258],
      [0.0009678206727, 0.051456296182, 0, 0.68543164796, 0.22159630822, 0.040547926958],
      [0.11283997455, 0.013778168499, 0.026786203769, 0.041513440028, 0.79055392074, 0.014528292414],
      [0.14631748557, 0.040088919539, 0.072896195339, 0.15233094386, 0.1870896198, 0.40127683589]
    ],
    [
      [0.10034677322, 0.0019185436022, 0.25488306084, 0.058232995605, 0.58139027199, 0.0032283547474],
      [0.0060091933305, 0.27413903552, 0.033050471704, 0.60301148645, 0.072097077227, 0.011692735767],
      [0.017502515087, 0.023109428708, 0.093232298559, 0.71034620846, 0.13573217392, 0.020077375274],
      [0.044402499853, 0.0031706111825, 0.20468779927, 0.029898826736, 0.71540580195, 0.0024344610133],
      [0.043896590232, 0.026699022692, 0.21067906121, 0.21369480445, 0.19516302814, 0.30986749327]
    ],
    [
      [0, 0.0074820838001, 0.23311731663, 0.028813437552, 0.73058716202, 0],
      [0, 0.46521311254, 0.039933854775, 0.39463318818, 0.1002198445, 0],
      [0, 0.035025763854, 0.12984249837, 0.59465966618, 0.2404720716, 0],
      [0, 0, 0.16854745734, 0.015949501295, 0.81550304136, 0],
      [0, 0.25967820528, 0.26467735932, 0.15205088414, 0.32359355126, 0]
    ],
    [
      [0.053433080928, 0.0020746991578, 0.18310161238, 0.028369538636, 0.7330210689, 0],
      [0.0050165951188, 0.28753633014, 0.050549812721, 0.45882585144, 0.18867263641, 0.009398774171],
      [0.025584996775, 0.022514928226, 0.12847950955, 0.50257912554, 0.3208414399, 0],
      [0.015388149734, 0.0039360065116, 0.13384946257, 0.025599507341, 0.82122687384, 0],
      [0.04680875804, 0.020978242779, 0.23918438545, 0.12761540946, 0.38615832449, 0.17925487977]
    ],
    [
      [0.10652204959, 0.0022175422851, 0.26319420984, 0.057421785383, 0.56599693186, 0.0046474810463],
      [0.004452787555, 0.34492805695, 0.034034678414, 0.53193775257, 0.069595991404, 0.015050733105],
      [0.015200663135, 0.032276756957, 0.099126935057, 0.68096531069, 0.14411289037, 0.02831744379],
      [0.04229948655, 0.0031362719843, 0.21365308284, 0.033137565451, 0.70351162557, 0.0042619676058],
      [0.043795823003, 0.034209805673, 0.2018687278, 0.18774129063, 0.17896152187, 0.35342283103]
    ],
    [
      [0.1015014183, 0.0013693142751, 0.30313021166, 0.042371597015, 0.54696399622, 0.0046634625281],
      [0.0054216471503, 0.33442637886, 0.050466985826, 0.50414736944, 0.086187587575, 0.019350031151],
      [0.017124807729, 0.028410224201, 0.1448551306, 0.60946522405, 0.16573406896, 0.03441054446],
      [0.040165578128, 0.0013842552157, 0.24993321674, 0.024288432225, 0.67993089944, 0.0042976182436],
      [0.04323005502, 0.026646906754, 0.24079845895, 0.14377105949, 0.17895951195, 0.36659400784]
    ],
    [
      [0.075490739101, 0.0017196349037, 0.35052266582, 0.042125418584, 0.52432087436, 0.0058206672325],
      [0.0037880757695, 0.35947455707, 0.055763116936, 0.47882227294, 0.079047328528, 0.02310464875],
      [0.011724660472, 0.031964073882, 0.16374433214, 0.59396295668, 0.15645875115, 0.042145225667],
      [0.029256790063, 0.0021209486163, 0.28810593898, 0.024224628555, 0.65093922335, 0.0053524704337],
      [0.028779382157, 0.027000348482, 0.2501885591, 0.12842079094, 0.15429627156, 0.41131464776]
    ],
    [
      [0.087040001606, 0.0016710824842, 0.2990024273, 0.040394854822, 0.56705996757, 0.0048316662211],
      [0.0046279075461, 0.35805753626, 0.049499551613, 0.47910460073, 0.08884079027, 0.01986961358],
      [0.015098090135, 0.032009091758, 0.14593625005, 0.59525869124, 0.17530641134, 0.036391465472],
      [0.034030809326, 0.0020452898407, 0.24269265584, 0.022688739965, 0.6940738559, 0.0044686491275],
      [0.036890844877, 0.028610533776, 0.23633281952, 0.13658404455, 0.18453531442, 0.37704644285]
    ],
    [
      [0.064534026396, 0, 0.41609415021, 0.032789107392, 0.48271758316, 0.0038651328343],
      [0.0047116934551, 0.26952820386, 0.095237231645, 0.5052198802, 0.10473632341, 0.020566667432],
      [0.015074566824, 0.013839811188, 0.22584604359, 0.53209351301, 0.18085112895, 0.032294936436],
      [0.022394426638, 0, 0.3366469913, 0.024812644916, 0.61182611671, 0.004319820436],
      [0.029871630882, 0.016258171372, 0.35945749294, 0.1151456723, 0.17263847783, 0.30662855468]
    ],
    [
      [0.06657618827, 0.0026719838757, 0.35098200103, 0.040766569546, 0.53238312777, 0.0066201295086],
      [0.0028592250724, 0.45350296022, 0.047853147212, 0.40459578004, 0.068537167792, 0.022651719664],
      [0.010309362187, 0.046420900576, 0.16275910792, 0.57708978128, 0.15551167308, 0.047909174956],
      [0.025579685285, 0.0042019640407, 0.28627992018, 0.022228473895, 0.65543729642, 0.0062726601829],
      [0.023525428627, 0.03575951527, 0.23270864214, 0.11634249514, 0.14481674868, 0.44684717013]
    ],
    [
      [0.069937929609, 0, 0.38162173384, 0.054750648283, 0.48698549663, 0.0067041916429],
      [0.0036404117054, 0.20244676622, 0.059939538275, 0.63723460599, 0.071791419333, 0.024947258476],
      [0.013079591349, 0.0032484347382, 0.15422503508, 0.66920778081, 0.1167939106, 0.043445247419],
      [0.027568426295, 0, 0.31784984241, 0.031457337981, 0.61656183123, 0.0065625620897],
      [0.025412224244, 0.010066144609, 0.25210528331, 0.15549139486, 0.12925642067, 0.42766853231]
    ],
    [
      [0.070452869253, 0, 0.32164660126, 0.043133676772, 0.55789226808, 0.0068745846368],
      [0.0041127736778, 0.24832651196, 0.058382493661, 0.56364955076, 0.095584511666, 0.029944158277],
      [0.013889495102, 0.011518170515, 0.15148419286, 0.61000120446, 0.16429247295, 0.048814464116],
      [0.024770632994, 0, 0.26121995491, 0.025182648122, 0.68189932006, 0.0069274439142],
      [0.025798854399, 0.014393035092, 0.2192875332, 0.12542888346, 0.15608612887, 0.45900556499]
    ],
    [
      [0.10498727628, 0.0023361160062, 0.19503059194, 0.068940987879, 0.62160589218, 0.007099135712],
      [0.0040479509801, 0.31540330778, 0.021896065092, 0.57038726249, 0.069456455866, 0.018808957794],
      [0.014527398263, 0.029305785656, 0.047803375011, 0.72162131699, 0.14960879082, 0.037133333261],
      [0.04230682838, 0.0036322797936, 0.13593030643, 0.043002818418, 0.76624642474, 0.0088813422318],
      [0.038331114703, 0.030541249584, 0.12923524407, 0.19732375419, 0.17566772344, 0.428900914]
    ],
    [
      [0.13071088706, 0.0021888049249, 0.21432538582, 0.05677924053, 0.58156029379, 0.014435387879],
      [0.0050469821317, 0.32397503989, 0.024787241512, 0.54296344221, 0.063156251036, 0.04007104322],
      [0.024547247636, 0.027160035339, 0.059572288588, 0.68214144256, 0.11993260782, 0.086646378057],
      [0.057204237178, 0.0059271379606, 0.16121907522, 0.028935868928, 0.72154184208, 0.02517183863],
      [0.024994897587, 0.013642217297, 0.077628400025, 0.094088475331, 0.08421571171, 0.70543029805]
    ],
    [
      [0.098104304474, 0.0026301438665, 0.35572148543, 0.050509401795, 0.48763715591, 0.0053975085183],
      [0.0040904691541, 0.40631891553, 0.045977558294, 0.46676444429, 0.059590787419, 0.01725782531],
      [0.014750650835, 0.040480121158, 0.14820415358, 0.63452284534, 0.12736068264, 0.034681546436],
      [0.039963948557, 0.0038088830905, 0.30057308139, 0.029609480261, 0.62086831211, 0.0051762945954],
      [0.037406658266, 0.037576455762, 0.25276243405, 0.15334634327, 0.14250024821, 0.37640786045]
    ],
    [
      [0.11910720896, 0, 0.27138109391, 0.048321752165, 0.5566666893, 0.0045232556702],
      [0.0069882972024, 0.19942043633, 0.04869377448, 0.63142187903, 0.094082075919, 0.019393537041],
      [0.026269143679, 0.00042425402407, 0.12186707582, 0.66219032978, 0.15797517426, 0.031274022436],
      [0.042242530353, 0, 0.22520537888, 0.029422302669, 0.69772394058, 0.0054058475191],
      [0.052907554881, 0.010965219341, 0.22280871659, 0.17035410395, 0.1872690857, 0.35569531953]
    ],
    [
      [0.095320506936, 0.0021102223295, 0.27682302833, 0.049282761634, 0.57091117017, 0.0055523106046],
      [0.0043280171061, 0.36602761532, 0.038815895397, 0.49540241874, 0.076165358208, 0.019260695227],
      [0.014758920833, 0.034417753565, 0.11672593528, 0.6398088677, 0.15743839734, 0.03685012529],
      [0.037431854853, 0.0028516065458, 0.22422025492, 0.02796078152, 0.70233965945, 0.0051958427196],
      [0.03763192779, 0.032200712775, 0.20353105247, 0.15480063669, 0.17317163184, 0.39866403844]
    ],
    [
      [0.093524519208, 0.002194301625, 0.28688058469, 0.041480876422, 0.56975650994, 0.00616320812],
      [0.0045813836759, 0.39665648427, 0.043321439052, 0.45039396001, 0.081510516326, 0.023536216666],
      [0.016080431878, 0.038122767655, 0.13507494325, 0.59418806349, 0.17106160516, 0.045472188575],
      [0.036880240167, 0.0031330785346, 0.23254542562, 0.023273152232, 0.69874884045, 0.0054192630038],
      [0.035477311262, 0.030995499039, 0.20276353382, 0.12554257834, 0.16575778632, 0.43946329121]
    ],
    [
      [0.098161414505, 0.00029271842115, 0.20602045306, 0.047002405157, 0.64311311593, 0.005409892932],
      [0.0057214723289, 0.24295583555, 0.035139615835, 0.58973063599, 0.10538816649, 0.021064273797],
      [0.020988942143, 0.013719428947, 0.081349502443, 0.65625371605, 0.19021566298, 0.03747274743],
      [0.038171566397, 0, 0.15485090462, 0.028499553278, 0.77169409455, 0.0067838811574],
      [0.042000242219, 0.017774203104, 0.16666036976, 0.16057021505, 0.211588952, 0.40140601787]
    ],
    [
      [0.18609730669, 0.00017720566249, 0.35780425996, 0.018075458738, 0.43314459224, 0.0047011767063],
      [0.018115807754, 0.26924227556, 0.11421199352, 0.44102737048, 0.13040426894, 0.026998283746],
      [0.043090582228, 0.013947317397, 0.2662539017, 0.42654335451, 0.20879846769, 0.041366376474],
      [0.063396917265, 0, 0.31831633879, 0.011468982764, 0.59686017882, 0.0099575823568],
      [0.088467451024, 0.01092160068, 0.33524257083, 0.073261690379, 0.16847221604, 0.32363447104]
    ],
    [
      [0.070289218801, 0.0022810417067, 0.39286318134, 0.04217657835, 0.48478064425, 0.0076093355519],
      [0.0033247755426, 0.39122293731, 0.057960680277, 0.45062958534, 0.067947907119, 0.028914114412],
      [0.011136600963, 0.03660764082, 0.17636977896, 0.58180081752, 0.13978092713, 0.05430423461],
      [0.027973357868, 0.0036870533159, 0.32588926364, 0.025196960314, 0.6106627496, 0.0065906152543],
      [0.022826040602, 0.026356888029, 0.23830326769, 0.10969219453, 0.12108664814, 0.48173496101]
    ],
    [
      [0.043162553392, 0.0033570121573, 0.19026400969, 0.029367530778, 0.72739733012, 0.0064515638601],
      [0.0023499994027, 0.44109587642, 0.03278265464, 0.38877677178, 0.11376082594, 0.021233871818],
      [0.0078303729189, 0.033844820294, 0.10227083247, 0.55233938729, 0.25732560913, 0.046388977899],
      [0.0137813546, 0.010127979672, 0.12787605254, 0.015372493185, 0.82161386427, 0.011228255736],
      [0.018657226094, 0.024350862214, 0.15541121731, 0.10508432051, 0.23758852301, 0.45890785086]
    ],
    [
      [0.066411078774, 0.0015983180111, 0.4407470943, 0.027533663058, 0.45756324131, 0.0061466045508],
      [0.004558159476, 0.36589099029, 0.095207529526, 0.41474784772, 0.092239894383, 0.027355578602],
      [0.014295079303, 0.030054482045, 0.24883100162, 0.48047248872, 0.17771870991, 0.048628238408],
      [0.027472938599, 0.0026809179808, 0.35632507429, 0.018088010357, 0.58747939241, 0.0079536663648],
      [0.026957690921, 0.020868210672, 0.33261425634, 0.087083875431, 0.14390532335, 0.38857064328]
    ],
    [
      [0.063083119771, 0.0022812271745, 0.23469429546, 0.030542231497, 0.66569796449, 0.0037011616051],
      [0.0035777690571, 0.44160340148, 0.04180811648, 0.38509926114, 0.11204589452, 0.015865557327],
      [0.012599713847, 0.044440395899, 0.1353038298, 0.53215327431, 0.24283012321, 0.032672662934],
      [0.022943263919, 0.0039261235721, 0.17910897347, 0.018872949443, 0.77138015617, 0.0037685334197],
      [0.031647471817, 0.03814250092, 0.22021777082, 0.12071356985, 0.25602153116, 0.33325715544]
    ],
    [
      [0.095344317448, 0.0002427313385, 0.16497414713, 0.0238450539, 0.7100900067, 0.0055037434847],
      [0.0093595643763, 0.045327074541, 0.043329245927, 0.70593240422, 0.15081071656, 0.045240994368],
      [0.041084065574, 0, 0.088592184028, 0.56217665889, 0.24039046376, 0.067756627747],
      [0.059367628415, 0, 0.11498789265, 0.0053969489824, 0.77643889614, 0.043808633814],
      [0.048422269808, 0.0056749715322, 0.13280768976, 0.091289773364, 0.16541119449, 0.55639410104]
    ],
    [
      [0.10387320654, 0.0021522333424, 0.30628254245, 0.032665258416, 0.55059794431, 0.0044288149381],
      [0.0059348068679, 0.40443309543, 0.054285381256, 0.42395381946, 0.092234780736, 0.019158116251],
      [0.020457991674, 0.037612050677, 0.16733204148, 0.5486553572, 0.18929039819, 0.036652160778],
      [0.041629089923, 0.0034530799536, 0.25160684265, 0.017784117466, 0.68124371917, 0.0042831508414],
      [0.046422079484, 0.031121890807, 0.25533446942, 0.11778644801, 0.18830829156, 0.36102682072]
    ],
    [
      [0.04969811574, 0.00091775681358, 0.3732001593, 0.046208793649, 0.52439534941, 0.0055798250881],
      [0.002558770489, 0.23700085746, 0.061674357399, 0.59629357041, 0.081890533994, 0.020581910251],
      [0.0065693654609, 0.016607393976, 0.15908610736, 0.64347037801, 0.14112437194, 0.033142383248],
      [0.015813958228, 0.0010596866316, 0.30358280852, 0.026639656908, 0.64550597951, 0.0073979102057],
      [0.01919035554, 0.015593760402, 0.27601055381, 0.14952037235, 0.15842940614, 0.38125555175]
    ],
    [
      [0.036278636737, 0.003421806013, 0.31467762969, 0.033844797624, 0.61177712993, 0],
      [0.0011646653985, 0.51461094152, 0.045902701475, 0.34737407491, 0.083926000969, 0.0070216157213],
      [0.011128787318, 0.058060104635, 0.17351886671, 0.54623201402, 0.21106022731, 0],
      [0, 0.0036310182699, 0.25129355569, 0.021877705946, 0.72319772009, 0],
      [0.024336509871, 0.054001895557, 0.31758614769, 0.14189807057, 0.25386841286, 0.20830896346]
    ],
    [
      [0, 0, 0, 0.13835434974, 0.80231500717, 0.059330643094],
      [0.0013550036669, 0.052567044542, 0.023600855728, 0.55641103931, 0.12015706533, 0.24590899142],
      [0, 0, 0, 0.50090785982, 0.17691787376, 0.32217426642],
      [0, 0, 0, 0.054688000356, 0.87242089948, 0.072891100162],
      [0, 0, 0, 0, 0.01054850946, 0.98945149054]
    ],
    [
      [0, 0.0233637977, 0.20459476362, 0.019093356943, 0.75103906841, 0.0019090133295],
      [0, 0.31804515684, 0.0595399694, 0.40577486068, 0.20233442456, 0.01430558852],
      [0, 0.024040585683, 0.15724278887, 0.44090502239, 0.3549859849, 0.022825618153],
      [0, 0, 0.15335668495, 0.017524687378, 0.82734458519, 0.001774042479],
      [0, 0.033831202585, 0.24959104342, 0.096161885292, 0.37004117766, 0.25037469104]
    ],
    [
      [0.062846349767, 0, 0.1620148836, 0.036445924012, 0.72566361511, 0.013029227506],
      [0.0037950323652, 0.010485552539, 0.038413799637, 0.77626874091, 0.14516514557, 0.025871728979],
      [0.018582604754, 0, 0.071972267583, 0.6680518592, 0.20345994064, 0.037933327823],
      [0.033709974442, 0, 0.10487235504, 0.021010740387, 0.82028814227, 0.020118787855],
      [0.028932860114, 0, 0.1426938613, 0.1314796109, 0.23930914146, 0.45758452623]
    ],
    [
      [0.07102067315, 0.0035215515471, 0.46378914778, 0.04311378735, 0.41285301124, 0.0057018289282],
      [0.0021871909865, 0.61938853049, 0.044312641569, 0.28530728466, 0.037074157864, 0.011730194436],
      [0.012360330187, 0.074809723908, 0.19842556309, 0.5612974506, 0.11852193237, 0.034584999853],
      [0.031688342598, 0.0038783007566, 0.3867849841, 0.030619159881, 0.54005810764, 0.0069711050245],
      [0.026489965806, 0.064428086329, 0.32164516943, 0.1230853276, 0.11815900103, 0.34619244981]
    ],
    [
      [0.19434292128, 0.0044595311703, 0.32008892361, 0.040285578271, 0.43148946729, 0.0093335783816],
      [0.004729384829, 0.66614869042, 0.026344602336, 0.25262829726, 0.03356362433, 0.016585400832],
      [0.022051735466, 0.075796073772, 0.14638619799, 0.57830022529, 0.12018619298, 0.057279574505],
      [0.071892648453, 0.0070309013788, 0.29320942589, 0.025963838149, 0.58985235436, 0.012050831773],
      [0.057246342546, 0.051557638604, 0.1792029523, 0.098858466215, 0.09907069992, 0.51406390041]
    ],
    [
      [0.047572310404, 0.0021854048311, 0.48327126087, 0.020017331631, 0.44498414468, 0.0019695475878],
      [0.0040384039898, 0.39347377081, 0.12933003759, 0.34770439606, 0.11139668304, 0.014056708507],
      [0.011204281198, 0.033180651313, 0.31994412926, 0.39427772737, 0.21861356601, 0.022779644844],
      [0.018186234119, 0.0058199567727, 0.37161903279, 0.018867772142, 0.58404274014, 0.0014642640309],
      [0.025166900664, 0.02373762252, 0.4803013803, 0.077657836266, 0.18385370843, 0.20928255182]
    ],
    [
      [0.048625802407, 0.0020998217237, 0.35482108674, 0.023787954552, 0.57000100563, 0.00066432894766],
      [0.0033392182985, 0.41895053589, 0.075873277387, 0.37668115786, 0.11480400831, 0.010351802263],
      [0.02421311554, 0.03582878384, 0.22903048332, 0.47895805632, 0.23196956098, 0],
      [0.010060028312, 0.0089220273062, 0.28031756679, 0.016590274997, 0.6841101026, 0],
      [0.031252685031, 0.030500944122, 0.38026420491, 0.10949510388, 0.24875279364, 0.19973426842]
    ],
    [
      [0.049058815789, 0, 0.21068129906, 0.085546629535, 0.6415752096, 0.013138046021],
      [0.13905294903, 0, 0.024386036574, 0.7378660883, 0.069419019704, 0.029275906386],
      [0.0014136741765, 0, 0.036124169303, 0.77820146545, 0.12596977193, 0.058290919142],
      [0.011248566255, 0, 0.15213106138, 0.052770923688, 0.76603367744, 0.017815771239],
      [0.016426001905, 0, 0.097672112125, 0.19330109106, 0.13948695348, 0.55311384143]
    ],
    [
      [0.21874170863, 0.0058846384584, 0.1732770839, 0.025635018441, 0.57388041043, 0.0025811401462],
      [0.01515792677, 0.41416920562, 0.038293645398, 0.40573405797, 0.11268109607, 0.013964068177],
      [0.036459960846, 0.032425656593, 0.11541194079, 0.53865499694, 0.25062650299, 0.026420941848],
      [0.066552265867, 0.010506526563, 0.14513212858, 0.017240325321, 0.75796079491, 0.002607958759],
      [0.12477955862, 0.02512697309, 0.19081888594, 0.11487626649, 0.24973390773, 0.29466440813]
    ],
    [
      [0.0455569915, 0, 0.44955366385, 0.032055982928, 0.4671535001, 0.0056798616175],
      [0.0033554815754, 0.27810216558, 0.1071174995, 0.48470205202, 0.10403563529, 0.022687166038],
      [0.0071231139331, 0.015957816915, 0.24566618964, 0.50814608022, 0.18488245672, 0.038224342568],
      [0.0138884412, 0, 0.36270808463, 0.023880984821, 0.5922239502, 0.0072985391461],
      [0.019424606646, 0.014603374374, 0.37434020749, 0.10571384331, 0.16633711566, 0.31958085252]
    ],
    [
      [0.066281943525, 0, 0.44443832873, 0.037656361533, 0.44493300038, 0.0066903658289],
      [0.0050625887366, 0.22109760004, 0.096896814743, 0.55888329504, 0.092427015027, 0.025632686417],
      [0.022710008258, 0.0029167635177, 0.2238448625, 0.55920214599, 0.15152256742, 0.039803652319],
      [0.025237772676, 0, 0.36614440948, 0.026968270351, 0.57309150384, 0.0085580436508],
      [0.027695228377, 0.011431289436, 0.34294746836, 0.11333717946, 0.13899668436, 0.36559215001]
    ],
    [
      [0.11523619332, 0.0029567168992, 0.24327975378, 0.029896668495, 0.60421143909, 0.0044192284159],
      [0.0066549639133, 0.44063006087, 0.042736806985, 0.39259653344, 0.099650867571, 0.017730767224],
      [0.025793945312, 0.043588437208, 0.13919610906, 0.53942146304, 0.21517030933, 0.036829736052],
      [0.045961227318, 0.0049204000377, 0.19481033361, 0.016008224864, 0.73373417278, 0.0045656413864],
      [0.054524042369, 0.034824316363, 0.21546927086, 0.11514502705, 0.21735251684, 0.36268482651]
    ],
    [
      [0.46285936481, 0.010865693827, 0.21163172536, 0.016485587428, 0.29815762857, 0],
      [0.0045049882374, 0.40809239417, 0.047331495968, 0.44464799394, 0.076174727469, 0.019248400221],
      [0.061920916366, 0.18961804701, 0.15568549987, 0.46542537044, 0.12735016632, 0],
      [0.11808537213, 0.031399489189, 0.27914207854, 0.015046763341, 0.5563262968, 0],
      [0.03809269949, 0.034863386803, 0.23935978153, 0.13449505878, 0.16764893426, 0.38554013913]
    ],
    [
      [0.066605385246, 0.0019435124795, 0.29253107424, 0.019126905471, 0.61826981904, 0.0015233035322],
      [0.0053983850809, 0.41458735498, 0.07386145, 0.34478170485, 0.14813558323, 0.013235521857],
      [0.017662452908, 0.037384199157, 0.21683416165, 0.42143234699, 0.28471351057, 0.021973328726],
      [0.024794511431, 0.0041416576181, 0.23234011583, 0.011163299126, 0.72756041599, 0],
      [0.039690431864, 0.029930149202, 0.32487694482, 0.090094324986, 0.28267136951, 0.23273677962]
    ],
    [
      [0.10483396602, 0.00060934567011, 0.20622785246, 0.039735920175, 0.64692828866, 0.0016646270157],
      [0.0067304087566, 0.26489037541, 0.041426603955, 0.55253889964, 0.12231006299, 0.012103649243],
      [0.023632841856, 0.018414941385, 0.10252202327, 0.62024330332, 0.22016808488, 0.015018805297],
      [0.039215130854, 0, 0.15588358545, 0.028490761916, 0.77641052178, 0],
      [0.058721227043, 0.022274106015, 0.21525029479, 0.17252168234, 0.27809207392, 0.25314061588]
    ],
    [
      [0.090785212296, 0.002680025316, 0.35699046557, 0.034671441746, 0.51310647606, 0.0017663790121],
      [0.0054476163206, 0.40473258695, 0.060252973994, 0.43575411311, 0.081938905797, 0.011873803836],
      [0.021220901664, 0.039420941827, 0.18532175979, 0.56545177761, 0.16914897895, 0.019435640156],
      [0.037597154435, 0.0041482849684, 0.2947408723, 0.019537059966, 0.64344347965, 0.0005331486846],
      [0.044176320474, 0.034467660524, 0.32488490541, 0.13643802589, 0.190636571, 0.26939651671]
    ],
    [
      [0.067612821979, 0.0020883489068, 0.43769872396, 0.037620466861, 0.45312897857, 0.0018506597237],
      [0.0037274766676, 0.38324013141, 0.074652840038, 0.45382690458, 0.073313784184, 0.011238863121],
      [0.016102690748, 0.034626900526, 0.21414787503, 0.56925711245, 0.15099257733, 0.014872843925],
      [0.026414518043, 0.0044317433721, 0.35600490324, 0.027351631018, 0.58579720433, 0],
      [0.032437702331, 0.03264863818, 0.38954494775, 0.14129967924, 0.16780856737, 0.23626046513]
    ],
    [
      [0.065282199131, 0.0030336663414, 0.27750922925, 0.03266884043, 0.61341152968, 0.0080945351626],
      [0.0020717031924, 0.65973961148, 0.027730301469, 0.23194493294, 0.057688986237, 0.020824464688],
      [0.013411899985, 0.083529906519, 0.1422389113, 0.49793370386, 0.19838956449, 0.064496013845],
      [0.022497066234, 0, 0.21995368948, 0.020702097707, 0.73050970707, 0.0063374395091],
      [0.020972106075, 0.05833181775, 0.16742835596, 0.083845424867, 0.15199682576, 0.51742546959]
    ],
    [
      [0.16613726696, 0.0025747206085, 0.23402660515, 0.026365154271, 0.56342164754, 0.0074746054614],
      [0.0089636991191, 0.47942885765, 0.041155579048, 0.34123598297, 0.093534876679, 0.035681004529],
      [0.031118894789, 0.047176966069, 0.13992960952, 0.48942301462, 0.21788747073, 0.074464044274],
      [0.058539705331, 0.004966073287, 0.19471309137, 0.015000814672, 0.72136726804, 0.0054130472983],
      [0.055994745468, 0.027456158176, 0.15079391496, 0.073435925759, 0.15035447325, 0.54196478239]
    ],
    [
      [0.048150387965, 0.0018608802397, 0.47530587904, 0.0265062305, 0.44641249841, 0.0017641238404],
      [0.0034039320492, 0.3882295645, 0.10689632058, 0.39408849947, 0.094676437023, 0.012705246385],
      [0.0091458388696, 0.033957629352, 0.27749415999, 0.4677926365, 0.19184783445, 0.019761900841],
      [0.016450103738, 0.0043253994158, 0.37175529531, 0.024763875123, 0.58270532641, 0],
      [0.024323049735, 0.027468051531, 0.45258891665, 0.10155685937, 0.17830938358, 0.21575373913]
    ],
    [
      [0.080124819457, 0.0020707526628, 0.3835529262, 0.035174562029, 0.49320170779, 0.0058752318562],
      [0.0043399474753, 0.40563501274, 0.064357964346, 0.4227360283, 0.078527373967, 0.024403673181],
      [0.014901405717, 0.038141156701, 0.19302282575, 0.54471677764, 0.16275651168, 0.046461322506],
      [0.032369987824, 0.0031893584653, 0.31633651409, 0.020821368863, 0.6216078429, 0.005674927861],
      [0.03072880688, 0.028753633847, 0.27391652478, 0.10723015857, 0.14538954405, 0.41398133187]
    ],
    [
      [0.086406573795, 0.0024847660516, 0.33596814391, 0.064293758495, 0.5020507046, 0.0087960531444],
      [0.0031190587935, 0.35484423249, 0.037904816622, 0.52582896124, 0.053336530494, 0.024966400352],
      [0.011729691778, 0.034504666027, 0.11673058984, 0.68573526456, 0.10250338327, 0.048796404526],
      [0.034529112775, 0.0036592697405, 0.28105403652, 0.03733773618, 0.6351438671, 0.0082759776869],
      [0.025608170928, 0.028517186169, 0.18537088703, 0.15290423971, 0.11198182144, 0.49561769472]
    ],
    [
      [0.071562422132, 0.0016730275862, 0.28381343767, 0.012401405988, 0.62357604081, 0.0069736658179],
      [0.0064038650156, 0.39728438466, 0.078640174845, 0.3029698317, 0.16335023896, 0.051351504817],
      [0.025654339917, 0.032514257737, 0.21983943524, 0.33628370025, 0.29956379683, 0.086144470016],
      [0.025795216443, 0.0041123130687, 0.22903356415, 0, 0.73615131503, 0.0049075913076],
      [0.027063680956, 0.016058461989, 0.19910151465, 0.042625716304, 0.17868874896, 0.53646187714]
    ],
    [
      [0, 0.023628989326, 0.32444403708, 0.041454639981, 0.60458464928, 0.0058876843341],
      [0, 0.25253863886, 0.059318625193, 0.55537318501, 0.10675167289, 0.02601787805],
      [0, 0.0064949118049, 0.15712735353, 0.60383737267, 0.18873158211, 0.043808779897],
      [0, 0, 0.24997095174, 0.025516601058, 0.71749086355, 0.0070215836436],
      [0, 0.02518316431, 0.23705759071, 0.13205524852, 0.18609670372, 0.41960729274]
    ],
    [
      [0.12934217876, 0.0023791324036, 0.29077530785, 0.029088323025, 0.54377051668, 0.0046445412758],
      [0.0070464119982, 0.47066392105, 0.049980816288, 0.3648070847, 0.088419057249, 0.019082708709],
      [0.024701397373, 0.047707377316, 0.16940106314, 0.51760960653, 0.2002871027, 0.040293452949],
      [0.049144081364, 0.0037930028402, 0.24295793749, 0.015852634193, 0.6833750648, 0.0048772793082],
      [0.0575805369, 0.037224270368, 0.24250022875, 0.10495091531, 0.18660722741, 0.37113682127]
    ],
    [
      [0.14313597384, 0.00319443386, 0.42054893712, 0.028474472909, 0.40133970652, 0.0033064757486],
      [0.0089943026672, 0.41489125807, 0.083820410887, 0.39877401945, 0.077690373347, 0.015829635575],
      [0.02924108888, 0.037325806742, 0.24677727477, 0.49897794874, 0.15843716935, 0.029240711517],
      [0.059517485809, 0.0058252174275, 0.36513304518, 0.020829854333, 0.54512565048, 0.0035687467644],
      [0.067191487794, 0.028687540689, 0.37514406487, 0.1021267294, 0.14718887912, 0.27966129812]
    ],
    [
      [0.044394020137, 0.0010606865657, 0.53767167923, 0.033922720919, 0.37626897724, 0.0066819159025],
      [0.0031086739809, 0.31346147708, 0.12013561629, 0.45808413028, 0.077930647676, 0.02727945468],
      [0.0063671274079, 0.023300567809, 0.26771279778, 0.50159957844, 0.15356099787, 0.047458930691],
      [0.016392684315, 0.0014805698049, 0.43915160815, 0.031234702722, 0.50230828574, 0.0094321492614],
      [0.017276398887, 0.0166565256, 0.39574566515, 0.091820984124, 0.11433600782, 0.36416441842]
    ],
    [
      [0, 0.024461630844, 0.64977036211, 0.017576327209, 0.30194623067, 0.0062454491709],
      [0.00029834418712, 0.88601979948, 0.036335784204, 0.057776569871, 0.014935811492, 0.0046336907642],
      [0, 0.074777527992, 0.3728852955, 0.33586665317, 0.17512936976, 0.041341153581],
      [0, 0.030432288769, 0.50229459344, 0.019899289232, 0.4352405784, 0.01213325016],
      [0, 0.042468286688, 0.52462490107, 0.050571739572, 0.10560086139, 0.27673421128]
    ],
    [
      [0, 0, 0.12278226554, 0.10454998651, 0.73695760743, 0.035710140523],
      [0.001046335764, 0.11866267701, 0.017692220288, 0.72943961567, 0.073991296441, 0.059167854825],
      [0, 0, 0, 0.7403094429, 0.13979534923, 0.11989520787],
      [0, 0, 0.035923159229, 0.075019047978, 0.84310667902, 0.045951113776],
      [0, 0, 0.015695059812, 0.099746051663, 0.082324589861, 0.80223429866]
    ],
    [
      [0.097303681733, 0.0026539398064, 0.23013099625, 0.046384566328, 0.61818925979, 0.0053375561012],
      [0.0031384496067, 0.58213780209, 0.022947606514, 0.32159202863, 0.058157118568, 0.012026994593],
      [0.01700240973, 0.070129733581, 0.094571674252, 0.6065559156, 0.17724104218, 0.034499224655],
      [0.038833969949, 0.0006821412428, 0.1776538511, 0.029592407805, 0.74740174524, 0.0058358846623],
      [0.040295216187, 0.069707570864, 0.17562776527, 0.14866801268, 0.19574314538, 0.36995828963]
    ],
    [
      [0.038865394839, 0.002343678341, 0.53157298896, 0.018235854, 0.39932528115, 0.0096568027178],
      [0.0026570458517, 0.44761166302, 0.11439631429, 0.30962004837, 0.081334917526, 0.044380010946],
      [0.0063767990971, 0.03705177178, 0.31637625234, 0.37702190422, 0.17646652251, 0.086706750055],
      [0.013061474684, 0.0070157834498, 0.42597207448, 0.007476704263, 0.53020419106, 0.016269772063],
      [0.010644318359, 0.020077923447, 0.30037986045, 0.046555804706, 0.11024623006, 0.51209586297]
    ],
    [
      [0.13857338889, 0.0029432003555, 0.42264407822, 0.030337549485, 0.40236166022, 0.0031401228342],
      [0.0072033606027, 0.4935016307, 0.067975701005, 0.35525860931, 0.062719748197, 0.013340950186],
      [0.027797355163, 0.051221111505, 0.22484341063, 0.51852193014, 0.14953735384, 0.028078838722],
      [0.058604374658, 0.0059930891878, 0.36660544139, 0.021659584913, 0.54422153037, 0.0029159794754],
      [0.062992616936, 0.040217966535, 0.36059009156, 0.11001342894, 0.14283955031, 0.28334634571]
    ],
    [
      [0.10448398612, 0, 0.33844529895, 0.041978936351, 0.50865866441, 0.0064331141774],
      [0.006420684186, 0.24713430818, 0.063994591271, 0.56196144948, 0.09095453113, 0.029534435756],
      [0.02168399636, 0.0096207248119, 0.1635057582, 0.60307281518, 0.15505301743, 0.047063688019],
      [0.039477416773, 0, 0.28431889021, 0.025901620179, 0.64397412224, 0.006327950602],
      [0.039787328944, 0.012833981062, 0.23746117276, 0.12468993974, 0.14670217171, 0.43852540578]
    ],
    [
      [0, 0, 0.28303246249, 0.029941433365, 0.6735025625, 0.013523541644],
      [0, 0, 0.20004026971, 0.60587583472, 0.15098791924, 0.04309597633],
      [0, 0, 0.14803760812, 0.55847415562, 0.22566056974, 0.067827666518],
      [0, 0, 0.18955412283, 0.01715853614, 0.76762702553, 0.025660315498],
      [0, 0, 0.18242465168, 0.085540617561, 0.17511597842, 0.55691875234]
    ],
    [
      [0.059712399629, 0.0026839383403, 0.2340494702, 0.034225967459, 0.66553779798, 0.0037904264005],
      [0.0026677801159, 0.52040808005, 0.03338100937, 0.3408230024, 0.089644503002, 0.013075625065],
      [0.0099766587381, 0.058111792605, 0.12429450952, 0.54687696107, 0.22978672564, 0.030953352435],
      [0.020164956094, 0.003170206345, 0.17692035693, 0.020988910478, 0.77519983327, 0.0035557368875],
      [0.028893774301, 0.053166835894, 0.21157522005, 0.12827056536, 0.24635566214, 0.33173794226]
    ],
    [
      [0.063459505492, 0.00086754553423, 0.35109453105, 0.013916689149, 0.56628438027, 0.0043773484996],
      [0.0071781059469, 0.27552104141, 0.12024571245, 0.39038920991, 0.18253916174, 0.02412676854],
      [0.022275395472, 0.017034875744, 0.27706255127, 0.36828085764, 0.27796624803, 0.037380071843],
      [0.030205235872, 0.0017713023338, 0.27546837837, 0.0060133378815, 0.67872966462, 0.007812080931],
      [0.033659443117, 0.011273717132, 0.35607654158, 0.063899968892, 0.23221347873, 0.30287685055]
    ],
    [
      [0.11056785903, 0.0029056435665, 0.30860187814, 0.033007042688, 0.53949369871, 0.0054238778606],
      [0.0056767300501, 0.45763645495, 0.048059082123, 0.38935814398, 0.079047442481, 0.02022214641],
      [0.022233270445, 0.045457036262, 0.1626361839, 0.55037506864, 0.17660862657, 0.042689814172],
      [0.045437204126, 0.0048819289974, 0.2550800824, 0.016927340117, 0.67216073273, 0.0055127116316],
      [0.045388893817, 0.035225098507, 0.23593252418, 0.11110059891, 0.16807900903, 0.40427387556]
    ],
    [
      [0.094527549892, 0.0011785138476, 0.240348918, 0.031608006377, 0.62704998181, 0.0052870300812],
      [0.0063634839725, 0.33423219731, 0.049086329035, 0.46377393114, 0.12115210052, 0.025391958023],
      [0.020614628418, 0.027525860627, 0.13541981092, 0.54602028818, 0.22556158711, 0.044857824741],
      [0.037797967538, 0.0012888254154, 0.18763110261, 0.018879130485, 0.74849992152, 0.0059030524284],
      [0.0423485017, 0.021912573182, 0.19898942352, 0.11155012549, 0.21292606735, 0.41227330876]
    ],
    [
      [0.069932712682, 0.0024264596572, 0.25757083209, 0.033949628356, 0.62962652382, 0.0064938434007],
      [0.0041282712817, 0.38562171765, 0.043922412183, 0.44045967305, 0.10041154134, 0.025456384504],
      [0.0159021085, 0.035474921743, 0.13373401987, 0.56327729258, 0.20174217824, 0.049869479073],
      [0.028328297705, 0.0042860804435, 0.20042622675, 0.017011985423, 0.74298813866, 0.0069592710251],
      [0.028210878112, 0.026065213268, 0.1904633094, 0.11000095681, 0.18809278332, 0.45716685909]
    ],
    [
      [0.089065074995, 0.0025186406096, 0.29761819467, 0.032842462069, 0.57189568441, 0.0060599432477],
      [0.0034427698881, 0.60271670733, 0.034580346269, 0.27989602398, 0.062515102407, 0.016849050122],
      [0.01864674982, 0.070999836357, 0.15495330434, 0.52338431811, 0.18495531042, 0.047060480954],
      [0.036347830668, 0.0017820032523, 0.24102105708, 0.017984187245, 0.69682885985, 0.0060360619029],
      [0.034905105891, 0.055423226536, 0.21473961121, 0.10221651535, 0.16830838059, 0.42440716043]
    ],
    [
      [0.084283617604, 0.0025322402739, 0.33590309295, 0.035132755528, 0.53725891083, 0.0048893828157],
