{
  "Z_true": {},
  "V_true": [
    [630, 23, 36, 1418, 24],
    [778, 272, 160, 12957, 199],
    [243, 460, 11073, 2191, 186],
    [67, 1269, 342, 992, 50],
    [242, 131, 335, 780, 154]
  ],
  "p_true": [
    [0.2956, 0.0108, 0.0169, 0.6654, 0.0113],
    [0.0542, 0.0189, 0.0111, 0.9019, 0.0139],
    [0.0172, 0.0325, 0.7824, 0.1548, 0.0131],
    [0.0246, 0.4665, 0.1257, 0.3647, 0.0184],
    [0.1474, 0.0798, 0.204, 0.475, 0.0938]
  ],
  "Z_est": [
    [
      [4.5927, 18.1622, 39.2471, 5.6366, 90.8112, 18.1622, 0, 0, 1.2526, 0.3082, 0, 1.6701, 8.3505, 8.768, 5.0103, 8.3505, 11.6906, 6.8891, 4.5927, 0.2088, 5.8453, 4.5927, 3.7577, 2.8213, 5.219, 10.8556, 0.835, 4.1752, 0.4175, 6.4326, 0, 9.8118, 1.8789, 12.5257, 1.8789, 2.9282, 9.1855, 5.219, 2.2964, 0.4175, 5.219, 4.384, 8.9767, 4.8015, 7.9329, 0.4175, 19.9285, 38.6209, 19.8323, 0],
      [0.1245, 0.4923, 1.0637, 0.1528, 2.4613, 0.4923, 0, 0.2149, 0, 0, 0.2149, 0.0453, 0.2263, 0.2376, 0, 0.2263, 0.3169, 0.1867, 0.1245, 0.0062, 0.1584, 0.1245, 0.1018, 0.0792, 0.1415, 0.2942, 0.0226, 0.1132, 0.0113, 0, 0.0622, 0.2659, 0.0509, 0.3395, 0.0509, 0.198, 0.249, 0.1415, 0.0622, 0.0113, 0.1415, 0.1188, 0.2433, 0.1301, 0.215, 0.0123, 0.6054, 1.0467, 0.5375, 0],
      [0.1898, 0.7506, 1.6219, 0.2329, 3.7528, 0.7506, 0, 0.0086, 0.0887, 0, 0.0086, 0.069, 0.3451, 0.3623, 0.3428, 0.3451, 0.4831, 0.2847, 0.1898, 0.0086, 0.2416, 0.1898, 0.1553, 0.1208, 0.2157, 0.4486, 0.0345, 0.1725, 0.0173, 0.2588, 0.0949, 0.4055, 0.0776, 0.5176, 0.0776, 0.3019, 0.3796, 0.2157, 0.0949, 0.0173, 0.2157, 0.1812, 0.371, 0.1984, 0.3278, 0.0173, 3.3321, 1.596, 0.8196, 0],
      [17.082, 67.5516, 145.9735, 20.9643, 337.7579, 67.5516, 0, 0.7765, 4.6587, 2.6918, 0.7765, 6.2116, 31.0582, 32.6111, 18.6349, 31.0582, 43.4815, 25.623, 17.082, 0.7765, 21.7407, 17.082, 13.9762, 10.9717, 19.4114, 40.3757, 3.1058, 15.5291, 1.5539, 23.2936, 10.8374, 36.4934, 6.9881, 46.5873, 6.9881, 31.5544, 34.164, 19.4114, 8.541, 1.5539, 19.4114, 16.3056, 33.3876, 17.8585, 29.5053, 1.5529, 83.0807, 143.6442, 73.7632, 1],
      [0.011, 0.0434, 0.0937, 0.0135, 0.2169, 0.0434, 0, 0, 0, 0, 0, 0.004, 0.0199, 0.0209, 0.012, 0.0199, 0.0279, 0.0165, 0.011, 0, 0.014, 0.011, 0.009, 0.007, 0.0125, 0.0259, 0.002, 0.01, 0, 0.015, 0.0055, 0.0234, 0.0045, 0.0299, 0.0045, 0.0175, 0.0219, 0.0125, 0.0055, 0, 0.0125, 0.0105, 0.0214, 0.0115, 0.0189, 0, 0.0533, 0.0922, 0.0474, 0]
    ],
    [
      [4.501, 14.5, 38.6968, 2.4922, 42.0537, 0, 0, 0, 0.9414, 0, 0, 4.0517, 4.5313, 4.8522, 3.7721, 3.5306, 4.5501, 0, 5.9714, 0.0755, 7.1367, 0, 0, 0, 9.044, 0.7855, 0.397, 1.3519, 0, 2.0013, 0, 5.5319, 3.2344, 10.3677, 0, 0, 10.0048, 4.4334, 0, 0.3747, 0.2477, 6.8475, 2.5309, 6.6106, 14.689, 0, 0, 59.4244, 33.7196, 0],
      [10.836, 31.1728, 0, 5.3578, 102.6216, 29.3249, 0, 0.1624, 0, 0, 1.6407, 16.0022, 9.7415, 10.4315, 0, 7.5903, 8.9956, 10.9529, 6.9242, 0.1624, 15.3429, 9.3356, 13.4679, 5.642, 10.9998, 28.4603, 1.2238, 13.3558, 0.6494, 0, 4.7133, 11.8928, 4.939, 12.3743, 6.2484, 5.2267, 2.8792, 16.8346, 6.4294, 0.7489, 9.9956, 9.5373, 15.9773, 3.4092, 1.3388, 1.2487, 3.3881, 59.4528, 46.9958, 0],
      [10.6163, 20.289, 0, 3.3455, 83.6338, 17.4119, 0, 0.1014, 3.0692, 0, 2.1175, 0.7195, 6.0828, 6.5136, 4.7094, 4.7395, 6.1081, 12.343, 7.8115, 0.1646, 9.5804, 5.8293, 0, 0, 0, 0, 0, 18.9616, 0, 6.9891, 0, 7.4261, 0, 0, 6.9256, 5.4998, 8.085, 0.9929, 0, 0.2732, 0, 0, 9.4536, 6.0828, 2.1995, 1.6693, 20.5002, 51.5607, 22.7971, 0],
      [275.2099, 690.723, 438.3032, 118.718, 2210.259, 627.0165, 5, 3.7363, 15.9894, 3, 6.2418, 249.935, 215.8509, 231.1404, 89.9379, 168.1839, 217.5368, 456.0065, 216.8668, 3.5975, 339.9652, 211.1996, 90.2596, 131.161, 243.7317, 421.7688, 149.3792, 263.3306, 15.3506, 95.3342, 73.7491, 268.1493, 206.6084, 249.6154, 107.1564, 202.8435, 297.4936, 177.579, 107.2422, 19.6033, 223.227, 238.0901, 339.1423, 83.5889, 309.7728, 26.082, 230.1191, 863.0772, 642.7596, 3],
      [4.8367, 11.3151, 0, 2.0864, 15.4319, 13.2467, 0, 0, 0, 0, 0, 4.2916, 3.7935, 4.0622, 1.5806, 2.9558, 3.8093, 7.6977, 2.4261, 0, 5.9748, 3.6355, 0.2726, 2.1971, 7.2245, 13.9854, 0, 0, 0, 1.6755, 3.5376, 0, 7.2181, 4.6426, 0.6696, 3.43, 0.5374, 8.1601, 2.3284, 0, 2.5297, 9.5251, 5.8958, 2.3085, 0, 0, 1.9926, 43.485, 21.7278, 0]
    ],
    [
      [0, 11.8422, 6.2657, 4.9122, 17.9656, 0, 0, 0, 0.0971, 0, 0, 1.0234, 3.329, 2.7393, 1.6733, 9.8641, 2.8397, 0, 1.4417, 0.0157, 1.6789, 0, 0, 0, 1.6509, 2.988, 0.6051, 1.7704, 0, 2.3525, 0, 2.8088, 1.0682, 4.4158, 0, 0, 2.8386, 1.1579, 0, 0.1345, 1.3521, 0.9562, 0, 0.5976, 3.529, 0, 0, 5.3486, 4.6165, 0],
      [0, 1.2042, 0.7343, 0.5847, 13.4733, 3.042, 0, 0.0168, 0, 0, 0.1444, 0.7675, 1.4036, 5.5075, 0, 2.9984, 0, 0, 1.0812, 1.4858, 1.8885, 5.0595, 1.7154, 0.5322, 3.1034, 2.2409, 0.4538, 3.8866, 0.084, 0, 1.7759, 9.6939, 0.8011, 1.3221, 1.5556, 0, 0, 0.8683, 4.6444, 0.1008, 1.014, 0.7171, 2.112, 0.4482, 1.5238, 0.3529, 1.3053, 4.0112, 3.4622, 0],
      [279.1411, 744.938, 277.9586, 208.3958, 1953.6295, 441.0897, 1.977, 2.437, 10.7759, 0, 4.8739, 111.2878, 289.3836, 335.1227, 195.3836, 269.9918, 274.1365, 652.0405, 156.7778, 6.4986, 375.3185, 258.8775, 75.0461, 76.2089, 163.3721, 305.3689, 64.2331, 192.5198, 11.7091, 149.4206, 44.6517, 282.7989, 116.0379, 189.0547, 96.6661, 172.0124, 312.9759, 125.9096, 75.4186, 14.6218, 145.4836, 97.9688, 294.5706, 64.9856, 220.951, 55.1898, 191.0111, 581.6211, 502.0137, 0],
      [20.5303, 141.0155, 56.4479, 10.8093, 393.4988, 92.9003, 3.023, 0.5462, 2.127, 0, 0.9817, 22.4155, 58.7538, 49.1762, 25.3995, 47.3201, 60.0671, 152.908, 31.5781, 0, 50.8685, 65.5755, 15.2164, 16.8531, 48.2691, 85.0058, 15.1919, 38.7772, 3.2069, 27.1282, 11.924, 80.6985, 23.5211, 38.6136, 19.4704, 67.4097, 64.1855, 25.3606, 15.8708, 3.1429, 31.161, 26.9511, 67.1508, 13.0894, 44.5038, 7.4573, 38.1228, 117.1497, 101.1153, 0],
      [28.3285, 0, 3.5935, 7.2979, 26.4327, 5.968, 0, 0, 0, 0, 0, 1.5057, 0.13, 3.4543, 1.5435, 1.8256, 8.9567, 6.0515, 2.1212, 0, 0.2456, 0.4875, 1.0221, 1.4058, 4.6045, 4.3963, 0.5161, 0.046, 0, 0.0986, 0.6485, 0, 1.5717, 2.5938, 1.3079, 2.5779, 0, 1.7036, 1.0661, 0, 1.9893, 1.4068, 13.1666, 0.8793, 1.4924, 0, 2.5608, 7.8694, 6.7923, 0]
    ],
    [
      [0.1114, 0.2826, 0.0928, 0.0949, 0.9077, 0, 0, 0, 0.2138, 0.0021, 0, 0.0805, 0.097, 0.0866, 3.5084, 0.0805, 0.0887, 0, 0.13, 0.0103, 0.1981, 0, 0, 0, 0.1527, 0.1939, 0.0578, 0.1485, 0.0103, 0.0392, 0.0144, 1.7757, 0.0928, 0.1011, 0, 0, 0.1403, 0.0846, 0, 0.0041, 0.1093, 0.0866, 0.1795, 0.0928, 0.1568, 0, 0.033, 0.2496, 0.3033, 0],
      [28.4781, 72.2499, 23.7317, 24.2591, 232.0436, 68.5583, 1, 0, 0.9439, 0, 0, 20.5675, 24.7865, 22.1496, 6.5509, 20.5675, 22.677, 56.4288, 33.2244, 3.3176, 50.6277, 25.9423, 15.883, 16.8759, 39.0255, 49.5729, 14.7664, 37.9708, 2.8838, 8, 3.6916, 32.2492, 23.7317, 25.8412, 17.4713, 22.677, 35.8613, 21.6222, 8.471, 1.0547, 27.9507, 22.1496, 45.8813, 23.7317, 40.0803, 5.2737, 8.4379, 63.812, 77.5237, 0],
      [0.6204, 1.5739, 0.517, 0.5284, 5.0547, 1.4934, 0.023, 0, 0.023, 0, 0, 0.448, 0.5399, 0.4825, 0.2183, 0.448, 0.494, 1.2292, 0.7237, 1.2487, 1.1028, 0.5629, 0.3446, 0.3676, 0.8501, 1.0799, 0.3217, 0.8271, 0.0574, 2.2383, 0.0804, 0.6778, 0.517, 0.5629, 0.3791, 0.494, 0.7812, 0.471, 0.1838, 0.023, 0.6089, 0.4825, 0.9995, 0.517, 0.8731, 0.6294, 0.1838, 1.39, 1.6887, 0],
      [22.1233, 56.1277, 18.4361, 18.8458, 180.2642, 53.5281, 0.977, 0, 0.8194, 0.9979, 0, 15.978, 19.2555, 17.207, 7.7841, 15.978, 17.6167, 44.0577, 25.8106, 0.4233, 39.3304, 20.0749, 12.2907, 13.1761, 30.3172, 38.511, 11.4714, 29.4978, 2.0485, 7.7841, 2.8678, 24.1718, 18.4361, 20.0749, 13.5198, 17.7054, 27.859, 16.7973, 6.5551, 0.9182, 21.7136, 17.207, 35.6431, 18.4361, 31.1365, 4.0969, 6.5551, 49.5727, 60.2246, 0],
      [2.6668, 6.7659, 2.2224, 2.2717, 21.7298, 6.4202, 0, 0, 0, 0, 0, 1.926, 2.3211, 2.0742, 0.9383, 1.926, 2.1236, 5.2843, 3.1113, 0, 4.741, 2.4199, 1.4816, 1.5803, 3.6546, 4.6423, 1.3828, 3.5558, 0, 0.9383, 0.3457, 0.1255, 2.2224, 2.4199, 1.6297, 2.1236, 3.3582, 2.0248, 0.7902, 0, 2.6174, 2.0742, 4.2966, 2.2224, 3.7533, 0, 0.7902, 5.9757, 7.2597, 0]
    ],
    [
      [13.7949, 46.2129, 60.6975, 15.8641, 157.2617, 51.8378, 0, 0, 1.4952, 0.6897, 0, 15.1744, 20.6923, 16.5539, 11.0359, 15.1744, 24.8308, 29.1109, 15.8641, 0.6897, 24.1411, 16.4073, 12.2423, 8.1787, 17.9334, 35.177, 13.1051, 16.5539, 1.5722, 15.1744, 4.9856, 22.0718, 11.7257, 27.5898, 16.1211, 22.0718, 24.8308, 13.1051, 5.7036, 2.0692, 22.0718, 11.7257, 19.3128, 6.8974, 20.6923, 2.5825, 31.0385, 90.3565, 85.5283, 0],
      [0.5614, 1.8808, 2.4703, 0.6456, 6.4002, 2.5825, 0, 0.6059, 0.0561, 0, 0, 0.6176, 0.8421, 0.6737, 0.4491, 0.6176, 1.0106, 1.4316, 0.6456, 0.0281, 0.9825, 1.5381, 2.8318, 1.8707, 0.7298, 1.4316, 0.5334, 0.6737, 0.3714, 0, 0.757, 0.8983, 0.4772, 1.1228, 0.6737, 0.8983, 1.0106, 0.5334, 0.393, 0.0842, 0.8983, 0.4772, 0.786, 0.2807, 0.8421, 0.1123, 1.2632, 3.6773, 3.4808, 0],
      [0.4324, 1.4485, 1.9025, 0.4973, 4.9293, 8.2543, 0, 0.453, 0.0432, 0, 0, 0.4756, 0.6486, 0.5189, 0.3459, 0.4756, 0.7783, 1.1026, 0.4973, 0.0795, 0.7567, 0.5405, 0.454, 0.3027, 0.5621, 1.1026, 0.4108, 0.5189, 0.2162, 1.0932, 0.173, 0.6918, 0.3675, 0.8648, 0.9516, 0.6918, 0.7783, 0.4108, 0.3027, 0.0649, 0.6918, 0.3675, 0.6054, 0.2162, 0.6486, 0.4944, 0.9729, 2.8322, 2.6808, 0],
      [4.0544, 13.5822, 17.8393, 4.6626, 46.2201, 24.0036, 0, 0.941, 0.4054, 0.3103, 0, 4.4598, 6.0816, 4.8653, 3.2435, 4.4598, 7.2979, 16.4048, 4.6626, 0.2027, 7.0952, 5.068, 4.2571, 2.8381, 5.2707, 10.3387, 3.8517, 4.8653, 7.8402, 4.4598, 1.6218, 6.487, 3.4462, 8.1088, 4.8653, 6.487, 7.2979, 3.8517, 6.7909, 0.7817, 6.487, 3.4462, 5.6762, 2.0272, 6.0816, 0.8109, 9.1224, 26.5563, 25.1372, 1],
      [1.1569, 3.8756, 5.0904, 1.3304, 13.1887, 5.3217, 0, 0, 0, 0, 0, 1.2726, 1.7354, 1.3883, 0.9255, 1.2726, 2.0824, 2.9501, 1.3304, 0, 2.0246, 1.4461, 1.2147, 0.8098, 1.504, 2.9501, 1.0991, 1.3883, 0, 1.2726, 0.4628, 1.851, 0.9834, 2.3138, 1.3883, 1.851, 2.0824, 1.0991, 0.8098, 0, 1.851, 0.9834, 1.6197, 0.5785, 1.7354, 0, 2.603, 7.5777, 7.1728, 0]
    ]
  ],
  "V_est": [
    [434.9107, 12.1153, 20.9314, 1661.9897, 1.053],
    [313.2529, 574.0246, 374.6026, 12873.6324, 230.4875],
    [103.8787, 87.1168, 11471.8568, 2332.4893, 157.6583],
    [10.0119, 1430.595, 34.9617, 1114.2237, 130.2078],
    [1097.9458, 51.1484, 43.6474, 355.665, 93.5934]
  ],
  "p_est": [
    [0.2041, 0.0057, 0.0098, 0.7799, 0.0005],
    [0.0218, 0.04, 0.0261, 0.8961, 0.016],
    [0.0073, 0.0062, 0.8106, 0.1648, 0.0111],
    [0.0037, 0.526, 0.0129, 0.4096, 0.0479],
    [0.6687, 0.0312, 0.0266, 0.2166, 0.057]
  ],
  "EI_Z": {},
  "EI_V": 7.2901,
  "MAE_Z": {},
  "MAE_V": 204.1938,
  "MAE_p": 0.0677,
  "runtime": 2.2262
}
