{
  "X": [
    [2, 2, 16, 0],
    [69, 520, 988, 157],
    [70, 449, 1345, 111],
    [42, 183, 235, 46],
    [44, 245, 517, 74],
    [55, 356, 397, 60],
    [29, 221, 170, 62],
    [22, 167, 135, 35],
    [31, 159, 204, 42],
    [28, 238, 230, 55],
    [40, 400, 355, 87],
    [43, 256, 185, 54],
    [31, 228, 520, 51],
    [58, 334, 1309, 142],
    [2, 7, 10, 0],
    [16, 75, 80, 9],
    [58, 326, 405, 55],
    [35, 176, 214, 44],
    [37, 224, 263, 58],
    [99, 414, 415, 74],
    [43, 307, 399, 70],
    [1, 9, 17, 3],
    [5, 23, 47, 4],
    [76, 425, 707, 81],
    [90, 477, 501, 98],
    [2, 6, 10, 0],
    [2, 23, 50, 6],
    [30, 309, 1109, 108],
    [70, 480, 1655, 124],
    [24, 220, 784, 50],
    [62, 396, 439, 94],
    [1, 1, 16, 1],
    [4, 7, 48, 4],
    [2, 12, 26, 2],
    [176, 1214, 2634, 434],
    [34, 242, 398, 62],
    [41, 148, 232, 41],
    [203, 838, 1314, 196],
    [20, 113, 126, 12]
  ],
  "W": [
    [0, 1, 2, 17, 0, 0],
    [85, 178, 433, 878, 96, 64],
    [57, 172, 331, 1246, 85, 84],
    [21, 84, 152, 206, 21, 22],
    [27, 102, 189, 471, 46, 45],
    [30, 132, 265, 347, 51, 43],
    [27, 43, 200, 153, 37, 22],
    [17, 35, 130, 128, 34, 15],
    [22, 60, 133, 184, 19, 18],
    [26, 50, 213, 203, 46, 13],
    [23, 79, 353, 322, 69, 36],
    [20, 76, 207, 160, 46, 29],
    [29, 91, 162, 493, 28, 27],
    [71, 144, 251, 1239, 79, 59],
    [0, 3, 8, 8, 0, 0],
    [4, 39, 51, 76, 6, 4],
    [33, 129, 250, 350, 39, 43],
    [29, 103, 102, 196, 27, 12],
    [8, 92, 189, 243, 27, 23],
    [26, 208, 289, 391, 57, 31],
    [35, 118, 247, 334, 47, 38],
    [0, 7, 3, 18, 2, 0],
    [1, 9, 17, 41, 5, 6],
    [51, 235, 299, 592, 69, 43],
    [34, 228, 365, 426, 60, 53],
    [0, 1, 3, 11, 1, 2],
    [2, 7, 21, 43, 6, 2],
    [94, 72, 262, 997, 74, 57],
    [62, 144, 375, 1583, 95, 70],
    [24, 64, 182, 741, 31, 36],
    [35, 165, 322, 358, 67, 44],
    [0, 1, 1, 16, 0, 1],
    [1, 7, 7, 45, 2, 1],
    [0, 4, 9, 24, 3, 2],
    [135, 393, 971, 2439, 321, 199],
    [32, 90, 167, 379, 36, 32],
    [11, 78, 119, 207, 32, 15],
    [59, 352, 685, 1236, 100, 119],
    [6, 69, 67, 117, 4, 8]
  ],
  "method": "mult",
  "cond_prob": [
    [
      [0.0011015894934, 0.21496454838, 0.78393386212, 0],
      [0.89634971965, 0.098409868411, 0.005240411937, 0],
      [0.20271049822, 0.77280112993, 0.024488371855, 0],
      [0.041072310818, 0.020940463043, 0.93798722614, 0],
      [0.030754960934, 0.6991309718, 0.27011406726, -0],
      [0.21700132159, 0.31280804184, 0.47019063657, 0]
    ],
    [
      [0, 0.16165560835, 0.55989864531, 0.27844574634],
      [0.28930107644, 0.6226512075, 0.065965124054, 0.022082592005],
      [0.035062876448, 0.80337564429, 0.058473072689, 0.10308840657],
      [0, 0, 0.98218973668, 0.017810263316],
      [0.0019175480906, 0.2936529581, 0.11895276652, 0.58547672729],
      [0.033407785535, 0.30273469374, 0.4619676281, 0.20188989262]
    ],
    [
      [9.7660066127e-05, 0.17646565663, 0.59371762414, 0.22971905916],
      [0.30538965003, 0.61580472044, 0.062953657495, 0.01585197204],
      [0.042437945728, 0.83175603761, 0.047126658194, 0.078679358468],
      [0, 0.0012629036908, 0.98961454358, 0.009122552734],
      [0.0027362270311, 0.3432057651, 0.13492464539, 0.51913336248],
      [0.037950883784, 0.32102058542, 0.47860507523, 0.16242345556]
    ],
    [
      [0.00035209111151, 0.15769031305, 0.54679236072, 0.29516523512],
      [0.37155845534, 0.55077322624, 0.05609600584, 0.021572312576],
      [0.060938295454, 0.78726541697, 0.042334545948, 0.10946174163],
      [0.0020252304601, 0.0072334320192, 0.97166362525, 0.019077712269],
      [0.0032540346888, 0.27799843614, 0.1117165583, 0.60703097087],
      [0.046979214791, 0.29232522216, 0.44825865563, 0.21243690741]
    ],
    [
      [7.0152055977e-05, 0.16205203303, 0.55604086758, 0.28183694733],
      [0.32678617123, 0.59086474725, 0.0611482637, 0.021200817815],
      [0.046420404151, 0.80474076238, 0.045561785805, 0.10327704766],
      [0, 0.0028474166113, 0.97923875099, 0.017913832396],
      [0.0025129069032, 0.29122125938, 0.11659210323, 0.58967373049],
      [0.039485918366, 0.30051279206, 0.45675350433, 0.20324778525]
    ],
    [
      [0.00032026232745, 0.1935681942, 0.58954669778, 0.21656484569],
      [0.30211411021, 0.63117648064, 0.05392130639, 0.012788102762],
      [0.047178877347, 0.85118036602, 0.034842136746, 0.066798619891],
      [0.0021312159541, 0.021126683129, 0.96894734674, 0.0077947541724],
      [0.0032394150203, 0.37543203668, 0.13194323807, 0.48938531022],
      [0.03963220893, 0.34504346089, 0.46532525404, 0.14999907615]
    ],
    [
      [0.00080062143665, 0.18335589304, 0.5061384091, 0.30970507642],
      [0.35410396095, 0.58438169943, 0.039767354815, 0.021746984807],
      [0.05482112147, 0.83586881727, 0, 0.10931006126],
      [0.010449484071, 0.034433340296, 0.93019076861, 0.024926407021],
      [0.0038335588456, 0.30420550413, 0.091257554457, 0.60070338257],
      [0.047594357558, 0.3283322564, 0.40584316293, 0.21823022311]
    ],
    [
      [0.0012501444616, 0.21822371416, 0.53557172402, 0.24495441736],
      [0.34278525805, 0.61265358942, 0.031056522646, 0.013504629889],
      [0.042609997531, 0.8880422858, 0, 0.069347716666],
      [0.027321620569, 0.059183162163, 0.90092894656, 0.012566270706],
      [0.0055760241006, 0.38880069122, 0.097917149122, 0.50770613556],
      [0.050347438749, 0.3738103878, 0.4106809446, 0.16516122884]
    ],
    [
      [0.00053113751774, 0.16597019539, 0.53138879112, 0.30210987597],
      [0.3606650606, 0.56839988973, 0.048780479014, 0.022154570657],
      [0.058980269952, 0.80255796466, 0.028959606428, 0.10950215896],
      [0.0033199162052, 0.019627354279, 0.95512615731, 0.021926572204],
      [0.0032741147196, 0.28473631524, 0.10484011685, 0.60714945319],
      [0.046164592982, 0.3046127689, 0.43310083524, 0.21612180287]
    ],
    [
      [0.00035683627947, 0.184166426, 0.5627031455, 0.25277359223],
      [0.32205529805, 0.60876142206, 0.052422717801, 0.016760562097],
      [0.050825726185, 0.83787231995, 0.028308823557, 0.082993130304],
      [0.0018240469334, 0.021940828595, 0.96281976609, 0.013415358381],
      [0.0032600796585, 0.3381129697, 0.11770781958, 0.54091913106],
      [0.041679421939, 0.33073945076, 0.45014082248, 0.17744030481]
    ],
    [
      [0.00020959291976, 0.18829126376, 0.55192884961, 0.25957029371],
      [0.28858569269, 0.6418049872, 0.051440185907, 0.018169134205],
      [0.043418904246, 0.85089115309, 0.019724626995, 0.085965315666],
      [0.0011466060777, 0.02747194782, 0.95550369337, 0.015877752735],
      [0.0026941343626, 0.34077176101, 0.11212675967, 0.54440734495],
      [0.036525944828, 0.34008086651, 0.44083702115, 0.18255616751]
    ],
    [
      [0.00090597578508, 0.19359044226, 0.55232220436, 0.2531813776],
      [0.35654210034, 0.59009067568, 0.038636560441, 0.014730663544],
      [0.063889475271, 0.85077760783, 0.0072967843004, 0.078036132594],
      [0.0060562397156, 0.031608124648, 0.94951001438, 0.012825621252],
      [0.0050836109792, 0.35144739203, 0.10981893471, 0.53365006227],
      [0.050231552339, 0.34298120705, 0.43218860934, 0.17459863127]
    ],
    [
      [8.6244266799e-05, 0.18334279585, 0.55982167859, 0.25674928128],
      [0.26568415034, 0.65738949022, 0.058115885244, 0.018810474195],
      [0.03636442265, 0.83926527567, 0.037957581016, 0.086412720669],
      [0, 0.017307093253, 0.96716993109, 0.015522975654],
      [0.0021904798049, 0.33391399487, 0.11826120435, 0.54563432098],
      [0.032143382635, 0.33398710454, 0.45190399587, 0.18196551695]
    ],
    [
      [7.2729674642e-06, 0.15249904562, 0.54477022934, 0.30272345206],
      [0.3210042433, 0.59155865681, 0.063233406915, 0.024203692971],
      [0.037473965658, 0.79620052561, 0.050265672212, 0.11605983652],
      [0, 0, 0.97901466248, 0.020985337521],
      [0.0022585799524, 0.2681700446, 0.11164666436, 0.61792471108],
      [0.037126769279, 0.28739585979, 0.45389434067, 0.22158303026]
    ],
    [
      [0.00028128898005, 0.16680115166, 0.83291755936, 0],
      [0.49830143392, 0.41283757545, 0.088860990624, 0],
      [0.063136962279, 0.7201859092, 0.21667712852, 0],
      [0, 0, 1, 0],
      [0.0097335693463, 0.64312247321, 0.34714395744, 0],
      [0.066403444416, 0.29687872556, 0.63671783002, 0]
    ],
    [
      [0.00046333106401, 0.19889648574, 0.58108537237, 0.21955481083],
      [0.32479997595, 0.62247981299, 0.040537361826, 0.012182849235],
      [0.053007112863, 0.85838389402, 0.022617925757, 0.065991067362],
      [0.0056617707906, 0.032703665671, 0.95224064811, 0.0093939154314],
      [0.0036481158854, 0.37640055857, 0.12553293084, 0.49441839471],
      [0.043850395526, 0.35156020333, 0.45442508613, 0.150164315]
    ],
    [
      [0.0003555459707, 0.1854557007, 0.59568673954, 0.21850201379],
      [0.32659263357, 0.60329226091, 0.057165831457, 0.012949274066],
      [0.052347236574, 0.83601763309, 0.041978675049, 0.069656455286],
      [0.0022401448181, 0.01319068379, 0.97676560819, 0.0078035632019],
      [0.0034586198386, 0.36277319738, 0.13539832233, 0.49836986045],
      [0.043071424396, 0.3322315796, 0.47266928227, 0.15202771374]
    ],
    [
      [0.00037688659596, 0.18438105105, 0.52268238261, 0.29255967974],
      [0.28884399774, 0.64765593658, 0.039756870753, 0.023743194926],
      [0.042800749183, 0.83425854883, 0.022774560011, 0.10016614198],
      [0.001910083213, 0.032684803572, 0.94190861947, 0.023496493741],
      [0.002536491228, 0.31307624538, 0.10069974318, 0.58368752021],
      [0.035800044303, 0.33256132887, 0.42427213439, 0.20736649243]
    ],
    [
      [7.3771759036e-05, 0.15743621898, 0.51873164645, 0.32375836281],
      [0.30752501982, 0.60764102794, 0.056856415902, 0.027977536341],
      [0.041456267709, 0.7967333079, 0.036451923823, 0.12535850057],
      [0, 0.0095434980022, 0.96337567125, 0.02708083075],
      [0.0019773153052, 0.26395974783, 0.10032137413, 0.63374156273],
      [0.035586343155, 0.29604162082, 0.43134685861, 0.23702517742]
    ],
    [
      [0.00081594985502, 0.1897876174, 0.55663323142, 0.25276320133],
      [0.36013589348, 0.59028822206, 0.034574297678, 0.015001586777],
      [0.063999780244, 0.83974152997, 0.01590975719, 0.080348932592],
      [0.0095946423094, 0.034348537681, 0.9429064949, 0.013150325113],
      [0.0048260546157, 0.34600994573, 0.11371685132, 0.53544714834],
      [0.04993524881, 0.33701369214, 0.43806007124, 0.1749909878]
    ],
    [
      [0, 0.16765692153, 0.58107457653, 0.25126850194],
      [0.28161676785, 0.62925019042, 0.070497567808, 0.018635473924],
      [0.034147545229, 0.81031071731, 0.06645894424, 0.089082793221],
      [0, 0, 0.98734620562, 0.012653794384],
      [0.0018365985905, 0.31725620801, 0.12937249717, 0.55153469623],
      [0.032854147072, 0.31112358749, 0.47563625133, 0.18038601411]
    ],
    [
      [5.5032414434e-05, 0.16730027957, 0.4274156377, 0.40522905031],
      [0.13636690826, 0.78672636998, 0.036967695357, 0.039939026402],
      [0.0150707474, 0.83590825347, 0.022715718709, 0.12630528042],
      [0, 0.030821627213, 0.92007464826, 0.049103724524],
      [0.00010970000174, 0.21520067993, 0.055867653823, 0.72882196624],
      [0.014190249853, 0.33026561045, 0.36438631864, 0.29115782106]
    ],
    [
      [0.0002541359668, 0.18239313567, 0.63845159645, 0.17890113192],
      [0.3906039759, 0.54226463614, 0.059482383206, 0.0076490047448],
      [0.067381707337, 0.82796711144, 0.06037905213, 0.044272129088],
      [0, 0, 1, 0],
      [0.0044348833512, 0.38356018512, 0.15656161673, 0.4554433148],
      [0.052774439901, 0.32399721982, 0.5028258308, 0.12040250948]
    ],
    [
      [0, 0.16758064006, 0.61840495772, 0.21401440222],
      [0.28213175453, 0.62048428141, 0.083583503542, 0.013800460515],
      [0.02723111712, 0.78136807555, 0.11712588802, 0.074274919311],
      [0, 0, 0.99464838708, 0.0053516129185],
      [0.0018492984436, 0.34262890276, 0.14980454594, 0.50571725286],
      [0.033240280789, 0.31091005453, 0.50302847639, 0.15282118829]
    ],
    [
      [3.521379035e-05, 0.1685317106, 0.56746252008, 0.26397055553],
      [0.31303041568, 0.60412447393, 0.063559428836, 0.019285681561],
      [0.045080850948, 0.81262492331, 0.04835617285, 0.093938052897],
      [0, 0.004389734637, 0.98054535222, 0.015064913144],
      [0.0024549684884, 0.31023169692, 0.12214633454, 0.56516700005],
      [0.038227533056, 0.31014181144, 0.4627098365, 0.188920819]
    ],
    [
      [0.00079366214319, 0.34518454181, 0.65402179604, 0],
      [0.7204612001, 0.2795387999, 0, 0],
      [0.10816769331, 0.89183230669, 0, 0],
      [0.056367877397, 0.11264582229, 0.83098630031, 0],
      [0.021079989554, 0.8252323924, 0.15368761805, 0],
      [0.15695453953, 0.49031392122, 0.35273153925, 0]
    ],
    [
      [0, 0.15635757073, 0.61350616781, 0.23013626146],
      [0.24013316607, 0.65916628912, 0.083455429951, 0.017245114859],
      [0.012728426985, 0.74464686595, 0.16189364442, 0.080731062646],
      [0, 0, 0.99744913316, 0.0025508668383],
      [0.00068574470721, 0.30647201478, 0.14609631761, 0.5467459229],
      [0.023828201299, 0.29835228057, 0.51107124511, 0.16674827302]
    ],
    [
      [0, 0.16365582041, 0.59172023691, 0.24462394268],
      [0.27658237211, 0.63570477675, 0.06878094389, 0.01893190725],
      [0.031028250279, 0.78991329315, 0.09011535292, 0.088943103654],
      [0, 0, 0.99021270921, 0.0097872907915],
      [0.002097923088, 0.31687980134, 0.13355395025, 0.54746832532],
      [0.031603882925, 0.30595124301, 0.48580322642, 0.17664164764]
    ],
    [
      [0.00019042605862, 0.18029087345, 0.58571113441, 0.23380756609],
      [0.32392926288, 0.60229760938, 0.058074169781, 0.01569895796],
      [0.050489320404, 0.82798841278, 0.042831450897, 0.078690815922],
      [0.00074997521577, 0.010097495513, 0.97855971194, 0.010592817335],
      [0.0031065141647, 0.34552051587, 0.13063800314, 0.52073496682],
      [0.041807928078, 0.32552386999, 0.46844001199, 0.16422818995]
    ],
    [
      [6.6244067445e-05, 0.17685316953, 0.59514805491, 0.22793253149],
      [0.26739046025, 0.65002101731, 0.065812840542, 0.016775681899],
      [0.031198321089, 0.83410828019, 0.056051255747, 0.078642142975],
      [0, 0, 0.99019800151, 0.0098019984902],
      [0.0022604694769, 0.34487252814, 0.13528327881, 0.51758372357],
      [0.03159032484, 0.32376176269, 0.48257209943, 0.16207581304]
    ],
    [
      [0, 0.16169928096, 0.57881633305, 0.25948438599],
      [0.29492731744, 0.61147879894, 0.073900706769, 0.019693176849],
      [0.036387816361, 0.7945638812, 0.07421881947, 0.094829482971],
      [0, 0, 0.98604500355, 0.013954996446],
      [0.0016759196099, 0.30337810305, 0.12937465042, 0.56557132693],
      [0.034268844088, 0.30160501571, 0.47675315925, 0.18737298095]
    ],
    [
      [0.00024732850884, 0.061118272298, 0.35640609445, 0.58222830474],
      [0.79986457548, 0.17566423199, 0.015369823141, 0.0091013693874],
      [0.11848536355, 0.66267163047, 0.037383563135, 0.18145944284],
      [0, 0.0005923849867, 0.974265902, 0.025141713011],
      [0, 0, 0, 1],
      [0.081650060961, 0.15218597775, 0.35899218168, 0.4071717796]
    ],
    [
      [0, 0.097100234979, 0.55278983759, 0.35010992743],
      [0.46632340712, 0.23262295713, 0.27735861097, 0.023695024784],
      [0.095585138909, 0.68040456039, 0.063515094645, 0.16049520606],
      [0, 0, 0.98599089131, 0.014009108687],
      [0.0029177373577, 0.1584716032, 0.10451404693, 0.73409661252],
      [0.060804703056, 0.19476393603, 0.48247602017, 0.26195534074]
    ],
    [
      [0.00019381428566, 0.19104398476, 0.62737318652, 0.18138901444],
      [0.36833152611, 0.56901106515, 0.054978403403, 0.00767900533],
      [0.047251789634, 0.8686300597, 0.04700040086, 0.037117749803],
      [0, 0.002571429941, 0.99742857006, 0],
      [0.0032913278296, 0.38674847917, 0.14548853931, 0.46447165369],
      [0.045766902679, 0.34216272298, 0.49116573965, 0.12090463469]
    ],
    [
      [9.1039636979e-05, 0.1638176329, 0.54790650395, 0.28818482351],
      [0.31491214892, 0.60322417401, 0.059592916578, 0.022270760496],
      [0.045239992449, 0.80656496959, 0.042069016869, 0.10612602109],
      [0, 0.0073240913001, 0.97167131768, 0.021004591017],
      [0.0023739740264, 0.29072074704, 0.11304736115, 0.59385791778],
      [0.037875159767, 0.30380962422, 0.45009569654, 0.20821951947]
    ],
    [
      [0.00029312231664, 0.18825139403, 0.52893623467, 0.28251924898],
      [0.27914678249, 0.65285280493, 0.046920608077, 0.021079804505],
      [0.041110137622, 0.84117459634, 0.023013922419, 0.094701343617],
      [0.0021051823913, 0.037388698152, 0.93844239223, 0.022063727227],
      [0.0024634407713, 0.32445306962, 0.10379399798, 0.56928949163],
      [0.0348583964, 0.3403880704, 0.42505031679, 0.19970321641]
    ],
    [
      [0.00034008625785, 0.15443714625, 0.57097130847, 0.27425145901],
      [0.4012608001, 0.51993115298, 0.060806460946, 0.018001585973],
      [0.071518908762, 0.77644968356, 0.051250888744, 0.10078051893],
      [0.0013441556846, 0, 0.98519047252, 0.013465371795],
      [0.0039664837358, 0.28349974381, 0.12337472682, 0.58915904563],
      [0.05213325297, 0.28513715421, 0.46634245483, 0.196387138]
    ],
    [
      [0.00055825407894, 0.16774091208, 0.54825830733, 0.28344252651],
      [0.39480834964, 0.53927261348, 0.047115196841, 0.018803840038],
      [0.069826576102, 0.79909692031, 0.031237830841, 0.09983867275],
      [0.0075460371857, 0.020049095135, 0.95472688078, 0.017677986897],
      [0.0041914421052, 0.29822844393, 0.11211235739, 0.58546775658],
      [0.05392666498, 0.30499504078, 0.44047593334, 0.2006023609]
    ],
    [
      [8.9270266258e-05, 0.19740145489, 0.57455618838, 0.22795308647],
      [0.25159648676, 0.68191239826, 0.050950595103, 0.015540519883],
      [0.035497616638, 0.86059784396, 0.032150368582, 0.07175417082],
      [0, 0.023887206431, 0.9635801178, 0.012532675767],
      [0.0022553983129, 0.36873698383, 0.12423724706, 0.5047703708],
      [0.031493110518, 0.35422864474, 0.45589679269, 0.15838145206]
    ]
  ],
  "expected_outcome": [
    [
      [0, 0, 0.0055666237693, 0.0073939133418, 0.0018941055114, 0.0096078698236, 0.02161677879, 0.021252455848, 0.01168502539, 0.0092777432663, 0.0048206371545, 0.018119515702, 0.0025010837372, 0.00051638068996, 0, 0.001853324256, 0.011733017033, 0.010929711283, 0.00059017407229, 0.02121469623, 0, 0, 0.0002541359668, 0, 0.0011972688719, 0, 0, 0, 0.011806415635, 0.0015898576187, 0, 0, 0, 0, 0.012290350992, 0.0093799141326, 0.0037409488363, 0.032936990658, 0.00053562159755],
      [0, 13.7407267095, 10.0585424281, 3.311496574, 4.3754048918, 5.8070458261, 4.9506091121, 3.7098031407, 3.6513442986, 4.788327076, 4.3306990665, 3.8718088451, 5.3169410798, 10.8274322393, 0, 0.79558594294, 6.1200381231, 5.3470504804, 1.2594897518, 4.9344780524, 5.8679922536, 0, 0.18239313567, 8.5466126431, 5.7300781603, 0, 0.31271514146, 15.3836471182, 11.1780341537, 4.2444760688, 5.6594748338, 0, 0.097100234979, 0, 22.1153804413, 6.024044609, 1.6988086088, 9.8967138128, 1.1844087293],
      [0, 47.5913848514, 33.841904576, 11.4826395752, 15.0131034247, 17.6864009333, 13.6657370458, 9.1047193083, 11.6905534045, 14.6302817829, 12.694363541, 11.0464440872, 16.2348286792, 38.6786862834, 0, 2.3243414895, 19.6576624047, 15.1577890958, 4.1498531716, 14.4724640169, 20.3376101784, 0, 0.63845159645, 31.5386528437, 19.2937256827, 0, 1.2270123356, 55.6217022696, 36.3140903331, 14.2835533179, 20.2585716567, 0, 0.55278983759, 0, 73.9673780336, 16.9259595095, 6.2806843932, 32.3472401327, 3.4473371303],
      [0, 23.6678884391, 13.0939863721, 6.1984699375, 7.609597578, 6.4969453708, 8.3620370633, 4.1642250952, 6.6464172714, 6.5721133979, 5.9701167553, 5.063627552, 7.4457291572, 21.4933650966, 0, 0.87821924333, 7.2105664552, 8.4842307126, 2.5900669025, 6.5718432345, 8.794397568, 0, 0.17890113192, 10.9147345132, 8.9749988881, 0, 0.46027252292, 22.9946506122, 14.4960690976, 5.4703807557, 9.0819535096, 0, 0.35010992743, 0, 38.9049511741, 9.0406159673, 3.0167660492, 16.7231090638, 1.3677185188]
    ],
    [
      [0.89634971965, 51.4955916072, 52.5270198049, 31.210910249, 33.3321894659, 39.8790625471, 15.2264703209, 11.9974840316, 21.6399036359, 16.1027649023, 22.7982697222, 27.0971996258, 24.1772576813, 46.2246110355, 1.4949043018, 12.6671990622, 42.1304497304, 29.7509317676, 28.2923018232, 74.908265844, 33.2307786059, 0.9545683578, 3.5154357831, 66.3009623146, 71.370934774, 0.7204612001, 1.6809321625, 19.9139307917, 46.645813855, 17.1129894561, 48.663007378, 0.79986457548, 3.2642638499, 1.4733261044, 123.7604745252, 25.1232104242, 31.2983424077, 138.9725390745, 17.3601575863],
      [0.098409868411, 110.8319149343, 105.9184119151, 46.2649510041, 60.2682042196, 83.3152954448, 25.1284130753, 21.4428756297, 34.1039933838, 30.4380711028, 50.702593989, 44.8468913513, 59.8224436098, 85.1844465809, 1.2385127264, 24.2767127064, 77.8247016571, 66.7085614675, 55.9029745705, 122.7799501893, 74.2515224698, 5.5070845899, 4.8803817253, 145.8138061321, 137.7403800557, 0.2795387999, 4.6141640239, 45.7707439262, 86.7308557502, 41.6013451077, 100.8940018251, 0.17566423199, 1.6283606999, 2.2760442606, 237.0671003846, 58.7567524434, 40.5546299327, 189.8239599439, 47.0519554797],
      [0.005240411937, 11.7417920817, 10.8280290891, 4.7120644906, 6.2371228974, 7.1176124435, 1.709996257, 1.0869782926, 2.9268287409, 2.62113589, 4.0637746866, 2.9363785935, 5.2885455572, 9.1056105958, 0.26658297187, 1.5809571112, 7.3743922579, 4.0949576875, 5.230790263, 7.1914539171, 8.3187130013, 0.2587738675, 0.53534144886, 19.6421233324, 14.4915497745, 0, 0.58418800965, 4.9522279601, 8.3626804485, 4.2120217947, 12.1936166169, 0.015369823141, 1.9415102768, 0.21991361361, 23.4200162153, 4.2228547269, 4.7429039538, 16.5845492881, 3.5155910621],
      [0, 3.9307013768, 2.7265391909, 1.8120742564, 2.1624834171, 1.6880295645, 0.93512034668, 0.4726620461, 1.3292742394, 0.83802810486, 1.4353616022, 1.1195304294, 1.7117531517, 3.4853317878, 0, 0.47513112015, 1.6704563545, 2.4455490774, 2.5739333434, 3.1203300496, 2.198985923, 0.27957318481, 0.068841042703, 3.2431082209, 4.3971353958, 0, 0.12071580402, 1.363097322, 2.2606499462, 1.0736436415, 3.24937418, 0.0091013693874, 0.16586517348, 0.03071602132, 8.7524088748, 1.8971824055, 1.4041237059, 6.6189516935, 1.0722958719]
    ],
    [
      [0.40542099644, 15.1822255019, 14.0469600358, 9.2626209091, 8.7734563845, 12.5024024969, 10.9642242939, 5.5392996791, 7.8443759036, 10.8258796775, 15.3268731988, 13.2251213811, 5.8910364693, 9.4059653801, 0.50509569824, 2.703362756, 13.0868091435, 4.3656764166, 7.835234597, 18.4959364906, 8.4344436716, 0.0452122422, 1.1454890247, 8.1421040189, 16.4545105959, 0.32450307992, 0.26729696668, 8.1294015731, 18.9334951516, 5.6780944383, 11.7168768683, 0.11848536355, 0.66909597236, 0.42526610671, 43.9280326678, 6.8653929828, 8.5107501427, 47.8312046301, 2.3783403147],
      [1.5456022599, 347.8616539793, 275.311248449, 119.6643433794, 152.0960040905, 225.5627969942, 167.1737634536, 115.4454971544, 106.7402093003, 178.4668041502, 300.3645770419, 176.1109648218, 135.9609746578, 199.8463319286, 5.7614872736, 43.7775785949, 209.0044082726, 85.0943719804, 150.5825951929, 242.6853021623, 200.1467471754, 2.5077247604, 14.0754408946, 233.6290545897, 296.6080970067, 2.6754969201, 15.6375841849, 206.9572828047, 310.4956547915, 151.8077069943, 255.8495697458, 0.66267163047, 4.7628319227, 7.8176705373, 783.174585475, 140.4761575891, 92.3975123437, 547.3813904102, 57.6600555453],
      [0.048976743709, 25.3188404743, 15.5989238622, 6.4348509842, 8.6111775171, 9.2331662377, 0, 0, 3.851627655, 6.0297794177, 6.9627933293, 1.5104343502, 6.1491281245, 12.6166837253, 1.7334170281, 1.1535142136, 10.4946687624, 2.3230051211, 6.8894136025, 4.5979198278, 16.4153592273, 0.068147156126, 1.0264438862, 35.0206405173, 17.6500030901, 0, 3.3997665329, 23.6102224649, 16.0617940862, 10.201328546, 23.8984598692, 0.037383563135, 0.44460566251, 0.42300360774, 40.84901538, 3.843325044, 6.0988557605, 21.3979141262, 2.154074695],
      [0, 44.6372800444, 26.042867653, 16.6381847273, 19.5193620079, 17.7016342712, 21.8620122525, 9.0152031665, 14.5637871411, 17.6775367547, 30.34575643, 16.1534794469, 13.9988607484, 29.131018966, 0, 3.3655444354, 17.4141138215, 10.2169464818, 23.6927566076, 23.2208415192, 22.0034499257, 0.37891584126, 0.7526261945, 22.208200874, 34.2873893073, 0, 1.6953523156, 23.3030931573, 29.5090559706, 14.3128700214, 30.5350935167, 0.18145944284, 1.1234664424, 0.33405974823, 103.0483664773, 15.8151243841, 11.9928817532, 68.3894908335, 4.8075294449]
    ],
    [
      [0.69822928391, 0, 0, 0.41719747477, 0, 0.73953193608, 1.5987710628, 3.4971674328, 0.61086458176, 0.37028152749, 0.36920715703, 0.9689983545, 0, 0, 0, 0.43029458009, 0.78405068634, 0.37437630974, 0, 3.751505143, 0, 0, 0, 0, 0, 0.62004665136, 0, 0, 1.1872107666, 0, 0, 0, 0, 0, 0, 0.79786412629, 0.27824022671, 9.3269019616, 0],
      [0.35598787174, 0, 1.5735779988, 1.490086996, 1.3411332239, 7.3309590459, 5.2683010652, 7.5754447569, 3.6114331874, 4.4539882048, 8.8459671982, 5.0572999437, 8.5323969737, 0, 0, 2.485478591, 4.6167393264, 6.4062215, 2.3190700145, 13.4302782332, 0, 0.55478928983, 0, 0, 1.8700269554, 1.2391040452, 0, 0, 15.9843353974, 0, 0, 0.0094781597871, 0, 0.061714318585, 17.8634586809, 14.1703165994, 0, 24.7806815873, 2.7948031524],
      [15.9457828444, 862.3625888082, 1233.0597212946, 200.1627068019, 461.2214517176, 336.2247293202, 142.3191875978, 115.3189051599, 175.7432129452, 195.4524125163, 307.6721892642, 151.9216023014, 476.8147760289, 1212.9991668114, 8, 72.3702892562, 341.8679628666, 184.6140894169, 234.1002881132, 368.6764395046, 329.7736326758, 16.5613436687, 41, 588.8318451522, 417.7123200455, 9.1408493035, 42.890312726, 987.2420710809, 1549.0600239946, 733.7367191188, 353.0041112724, 15.588254432, 44.3695901091, 23.9382856814, 2369.9063438285, 355.6696666552, 203.9344278117, 1180.0424246468, 112.7388737828],
      [0, 15.6374111918, 11.3667007066, 3.9300087274, 8.4374150584, 2.7047796978, 3.8137402741, 1.6084826504, 4.0344892856, 2.7233177513, 5.1126363806, 2.0520994003, 7.6528269975, 26.0008331886, 0, 0.71393757279, 2.7312471207, 4.6053127733, 6.5806418723, 5.1417771192, 4.2263673242, 0.88386704144, 0, 3.1681548478, 6.4176529992, 0, 0.10968727405, 9.7579289191, 16.7684298414, 7.2632808812, 4.9958887276, 0.40226740817, 0.6304098909, 0, 51.2301974906, 8.3621526191, 2.7873319616, 21.8499918044, 1.4663230647]
    ],
    [
      [0, 0.1840846167, 0.23257929765, 0.068334728464, 0.11559371755, 0.16521016604, 0.14184167729, 0.18958481942, 0.062208179672, 0.14996366429, 0.18589527102, 0.23384610504, 0.061333434539, 0.17842781624, 0, 0.021888695312, 0.1348861737, 0.068485263157, 0.053387513239, 0.2750851131, 0.086320133756, 0.00021940000349, 0.022174416756, 0.12760159261, 0.1472981093, 0.021079989554, 0.0041144682433, 0.15524630851, 0.29511884565, 0.070074553785, 0.11228661386, 0, 0.0058354747153, 0.0098739834887, 0.76204566247, 0.088683867765, 0.12692747955, 0.41914421052, 0.0090215932514],
      [0, 28.1906839773, 29.1724900334, 5.8379671589, 13.3961779314, 19.1470338709, 11.2556036528, 13.2192235013, 5.4099899896, 15.5531966063, 23.5132515099, 16.1665800335, 9.3495918564, 21.1854335237, 0, 2.2584033514, 14.1481546979, 8.4530586252, 7.1269131914, 19.7225669064, 14.9110417767, 0.43040135986, 1.9178009256, 23.6413942901, 18.6139018153, 0.8252323924, 1.8388320887, 23.4491052994, 32.8244490081, 10.6910483722, 20.326332904, 0, 0.31694320639, 1.1602454375, 93.3213597983, 11.6803105063, 9.0719918018, 29.8228443926, 1.4749479353],
      [0, 11.4194655861, 11.4685948585, 2.3460477243, 5.3632367486, 6.7291051417, 3.3765295149, 3.3291830701, 1.9919622201, 5.4145597008, 7.7367464174, 5.0516709968, 3.3113137217, 8.8200864845, 0, 0.75319758501, 5.2805345709, 2.718893066, 2.7086771016, 6.481860525, 6.0805073668, 0.11173530765, 0.78280808366, 10.3365136696, 7.3287800726, 0.15368761805, 0.87657790567, 9.8829923183, 12.4106102985, 4.1937816432, 8.6681015779, 0, 0.20902809385, 0.43646561794, 36.2882029303, 3.7365839271, 3.9479912584, 11.2112357393, 0.49694898824],
      [0, 56.2057658198, 44.1263358104, 12.7476503883, 27.1249916025, 24.9586508214, 22.226025155, 17.2620086091, 11.5358396107, 24.8822800286, 37.5641068016, 24.5479028646, 15.2777609874, 48.8160521756, 0, 2.9665103683, 19.4364245574, 15.7595630457, 17.1110221937, 30.5204874555, 25.9221307228, 1.4576439325, 2.277216574, 34.8944904476, 33.9100200027, 0, 3.2804755374, 40.5126560738, 49.4698218477, 16.0450954308, 37.8932789042, 0, 1.468193225, 1.3934149611, 190.6283916089, 20.4944216988, 18.8530894603, 58.5467756576, 2.0190814832]
    ],
    [
      [0, 2.1380982742, 3.1878742379, 1.0335427254, 1.7768663265, 1.704184984, 1.0470758663, 0.75521158124, 0.83096267368, 0.54183248521, 1.3149340138, 1.4567150178, 0.86787133115, 2.1904793875, 0, 0.1754015821, 1.852071249, 0.42960053163, 0.81848589256, 1.5479927131, 1.2484575888, 0, 0.31664663941, 1.4293320739, 2.026059252, 0.31390907906, 0.047656402597, 1.8014213267, 2.9265549655, 1.1372516942, 1.5078291399, 0.081650060961, 0.060804703056, 0.091533805358, 7.5371567936, 1.1154686848, 0.78199879456, 6.4172731327, 0.25194488415],
      [0, 19.3750203995, 26.9657291757, 6.4311548876, 13.5230756428, 14.8368688181, 7.2233096409, 5.607155817, 5.4830298402, 4.2996128599, 12.2429111944, 9.9464550046, 9.0176518226, 16.9563557275, 0, 1.4062408133, 14.2859579229, 3.9907359465, 6.8089572788, 10.4474244564, 11.8226963245, 0, 1.9439833189, 13.369132345, 16.4375160065, 0.98062784244, 0.59670456113, 17.4392208515, 22.786670899, 11.6554234569, 13.2706206913, 0.15218597775, 0.19476393603, 0.68432544597, 60.4581152198, 10.8924182527, 4.2770573131, 36.2944098533, 2.8338291579],
      [0, 29.5659281983, 40.2028263195, 9.8616904239, 20.5539076946, 20.0089859236, 8.9285495844, 6.1602141691, 7.7958150344, 5.8518306923, 15.8701327614, 12.5334696708, 12.2014078885, 26.7797660996, 0, 1.8177003445, 20.3247791375, 5.0912656127, 9.920977748, 13.5798622085, 18.0741775504, 0, 3.0169549848, 21.6302244847, 24.5236213347, 0.7054630785, 1.0221424902, 27.6907839062, 32.790800839, 17.3725955795, 20.977139007, 0.35899218168, 0.48247602017, 0.9823314793, 89.5690436123, 13.6016101372, 6.9951368224, 52.4166360669, 3.6471743415],
      [0, 12.920953128, 13.6435702669, 4.6736119631, 9.1461503361, 6.4499602743, 4.8010649084, 2.4774184327, 3.8901924517, 2.3067239626, 6.5720220303, 5.0633603068, 4.9130689578, 13.0733987854, 0, 0.60065726002, 6.5371916906, 2.4883979092, 5.4515790806, 5.4247206219, 6.8546685363, 0, 0.72241505687, 6.5713110964, 10.0128034069, 0, 0.33349654604, 10.0685739156, 11.4959732965, 5.8347292694, 8.2444111619, 0.4071717796, 0.26195534074, 0.24180926937, 41.4356843743, 6.3905029253, 2.9458070699, 23.8716809472, 1.2670516164]
    ]
  ],
  "prob": [
    [0.00020607261232, 0.17178425997, 0.56478268859, 0.26322697883],
    [0.31979589395, 0.60349718531, 0.0580424811, 0.018664439647],
    [0.046835903041, 0.81720365419, 0.043844455203, 0.092115987566],
    [0.0015853374668, 0.0096951810094, 0.97363687189, 0.015082609639],
    [0.0028199677354, 0.31641657451, 0.11960080173, 0.56116265603],
    [0.040031980193, 0.31482348156, 0.45744037438, 0.18770416387]
  ],
  "iterations": 155,
  "time": 0.000344,
  "message": "Converged",
  "status": 0,
  "miniter": 0,
  "maxiter": 1000,
  "maxtime": 3600,
  "param_threshold": 0.001,
  "ll_threshold": "-Inf",
  "initial_prob": "group_proportional",
  "adjust_prob_cond_method": "project_lp",
  "adjust_prob_cond_every": false,
  "candidates_id": ["MARRYATT, Nicholas John.c", "SCHOENBERGER-ORGAD, Sehai.c", "BENNETT, David Allister.c", "Other candidates votes.c"],
  "group_id": ["Conservative Party.p", "Green Party.p", "Labour Party.p", "National Party.p", "New Zealand First Party.p", "Other parties votes.p"]
}
