{
  "Z_true": {},
  "V_true": [
    [614, 69, 2153, 571],
    [73, 510, 780, 786],
    [237, 5627, 5800, 616],
    [3122, 72, 4719, 270],
    [260, 189, 998, 198],
    [46, 41, 4247, 46],
    [88, 313, 658, 505]
  ],
  "p_true": [
    [0.1802, 0.0203, 0.6319, 0.1676],
    [0.034, 0.2373, 0.363, 0.3658],
    [0.0193, 0.4582, 0.4723, 0.0502],
    [0.3815, 0.0088, 0.5767, 0.033],
    [0.1581, 0.1149, 0.6067, 0.1204],
    [0.0105, 0.0094, 0.9696, 0.0105],
    [0.0563, 0.2001, 0.4207, 0.3229]
  ],
  "Z_est": [
    [
      [6.8054, 9.5377, 22.2984, 22.53, 77.3743, 4.5567, 0.4002, 26.7854, 0.3929, 6.8227, 46.2054, 9.258, 68.5214, 35.0318, 31.5314, 27.1671, 48.4638, 135.7056, 26.7751, 34.6328, 2.5172, 13.7521, 63.2798, 19.7782, 14.6268, 38.433, 8.0934, 121.2107, 28.1652, 9.0903, 20.5735, 3.0664, 1.2455, 0, 5.5434, 15.5685, 6.2601, 11.4668, 20.8179, 29.8093, 21.2664, 1.48, 86.6995, 11.3872, 97.7927, 25.0521],
      [1.1167, 0.8412, 0.7539, 1.8957, 3.7161, 0.3842, 0.1315, 1.3604, 0.0284, 0.5461, 3.6276, 0.6579, 4.9189, 3.3301, 2.2825, 1.9115, 3.2316, 9.1046, 1.3787, 2.7414, 0.0998, 0.9542, 4.5677, 1.1946, 0.8867, 2.6491, 0.6006, 10.3663, 2.4832, 0.3958, 1.3666, 0.5038, 0.1032, 0, 0.4206, 1.0433, 0.6082, 1.1498, 1.5261, 1.9442, 1.7335, 0.0629, 6.9159, 1.005, 7.639, 2.597],
      [12.9284, 14.7109, 26.9901, 32.9986, 146.5293, 8.4045, 1.338, 33.1541, 0.4418, 8.9939, 58.7252, 12.6048, 86.4005, 58.6947, 57.3688, 41.2655, 61.6243, 180.1237, 39.556, 37.0349, 2.2152, 14.4171, 61.6309, 30.676, 21.3886, 50.7501, 12.4151, 136.1034, 34.1628, 8.2724, 39.662, 6.4015, 1.5228, 0, 7.9708, 33.2992, 12.2683, 15.551, 28.2257, 43.9632, 27.9213, 1.0929, 130.603, 19.3189, 120.6171, 39.4887],
      [2.1495, 1.9102, 2.9575, 3.5757, 6.3803, 0.6546, 0.1303, 5.7001, 0.1369, 1.6373, 7.4418, 1.4793, 7.1592, 3.9434, 4.8174, 3.6558, 5.6803, 17.0661, 2.2902, 5.591, 0.1678, 1.8765, 8.5216, 2.3511, 1.0979, 4.1678, 0.8909, 14.3197, 4.1888, 0.2415, 2.3978, 1.0284, 0.1285, 0, 1.0653, 1.089, 0.8634, 1.8324, 2.4303, 3.2833, 2.0788, 0.3642, 9.7817, 1.2889, 17.9511, 4.8622]
    ],
    [
      [0.3186, 2.5996, 4.7159, 2.4924, 6.1415, 1.3627, 0, 1.2637, 0.0229, 0.6183, 7.1798, 1.36, 8.9243, 6.0383, 2.5844, 3.6348, 3.5133, 12.0306, 2.8119, 4.7713, 0.5159, 0.9781, 5.8586, 3.0843, 3.8074, 6.7248, 2.2327, 20.557, 3.8538, 1.6574, 2.4961, 0.4496, 0.3908, 0.1322, 0.6209, 1.7327, 0.72, 1.4262, 3.5965, 3.0945, 4.2058, 0.059, 8.2107, 2.3268, 16.3237, 2.9368],
      [2.5396, 13.5006, 12.443, 12.0106, 23.3874, 7.2433, 0, 4.1898, 0.1282, 2.8533, 32.1565, 5.7567, 38.0584, 33.6651, 11.7515, 15.6292, 14.3719, 49.2355, 10.5801, 20.592, 1.3632, 3.9208, 23.7372, 11.7108, 14.5328, 27.8422, 10.1285, 96.6447, 18.8303, 5.7876, 10.8306, 4.5559, 2.0265, 0.4502, 2.7953, 8.4225, 4.1898, 8.0811, 15.6755, 12.8277, 20.0355, 0.1533, 38.843, 12.3938, 72.0002, 16.7113],
      [0.2348, 1.4085, 2.2736, 1.5221, 4.9928, 1.2262, 0, 0.6369, 0.0083, 0.2916, 3.5954, 0.7676, 4.7592, 4.3911, 2.0229, 2.3675, 1.8827, 6.7264, 1.8056, 1.7255, 0.1966, 0.4179, 2.235, 2.0621, 2.4242, 3.7853, 1.5202, 9.0609, 1.8355, 0.6587, 2.0853, 0.248, 0.2126, 0.0484, 0.3741, 1.611, 0.6183, 0.7928, 2.0735, 1.9661, 2.3514, 0.0182, 5.2911, 1.7797, 7.067, 1.8615],
      [4.907, 26.4914, 30.5675, 19.975, 29.4782, 11.1677, 0, 12.9095, 0.8406, 7.2368, 57.0683, 11.1157, 48.2581, 35.9054, 20.6412, 25.3685, 21.2322, 77.0075, 13.8024, 35.9111, 1.9243, 6.6832, 38.1692, 19.1428, 15.2356, 37.6477, 13.1186, 120.7374, 28.4805, 2.8963, 15.5879, 8.7465, 2.3701, 1.3692, 6.2097, 7.2338, 5.4719, 11.6998, 21.6544, 18.1117, 21.4074, 0.7694, 48.6552, 14.4997, 142.6091, 28.4904]
    ],
    [
      [0, 1.0697, 3.6392, 2.9865, 12.621, 0.6011, 0, 3.6785, 0.0374, 0.6531, 11.0405, 2.1913, 12.8808, 6.6488, 5.4494, 4.3331, 4.7175, 15.3488, 3.7488, 4.7408, 2.3669, 3.1356, 14.0573, 9.7309, 9.1409, 13.7548, 2.8507, 17.288, 4.9061, 1.8149, 5.6783, 0, 0.3636, 0.1474, 2.0203, 1.6374, 0.6709, 2.0482, 7.4969, 5.4281, 6.7184, 2.8795, 13.4128, 1.6538, 16.1793, 1.8319],
      [18.5146, 36.5884, 31.6726, 81.2083, 166.7846, 19.7242, 47.4827, 48.2136, 2.6293, 20.0244, 244.3079, 42.7185, 228.7582, 250.0335, 127.0678, 83.0923, 79.6731, 262.2227, 51.6184, 99.6602, 16.7446, 50.9866, 237.7309, 140.8095, 126.2587, 233.6173, 58.1148, 414.2084, 138.6319, 15.4492, 118.3831, 17.2322, 12.771, 2.5058, 46.2573, 43.8636, 33.3278, 101.9609, 145.2355, 91.0674, 156.3797, 26.8434, 313.1433, 53.128, 375.7707, 98.9052],
      [17.9135, 45.0928, 57.227, 99.9365, 361.6177, 29.738, 28.2813, 73.2542, 2.3746, 22.9739, 272.6738, 55.8188, 275.9226, 310.8321, 213.6052, 120.922, 101.097, 346.8131, 85.2186, 96.3662, 24.4436, 52.8656, 222.2316, 247.4274, 212.0072, 307.7682, 83.326, 393.3678, 134.5313, 17.3217, 228.8604, 15.944, 12.8455, 2.884, 59.7136, 84.4584, 47.0831, 94.6405, 185.6403, 135.2998, 175.8371, 30.3607, 410.5282, 71.3528, 411.7071, 110.1485],
      [3.5719, 7.2491, 6.4611, 11.8687, 12.9767, 1.9366, 3.236, 13.8537, 0.9587, 5.3485, 41.9777, 7.2714, 22.4385, 17.4856, 16.8775, 10.6525, 9.5124, 33.6154, 4.4143, 18.2329, 1.4449, 8.0123, 36.9802, 16.0322, 6.5931, 23.8596, 4.7084, 46.1358, 19.9307, 0.4142, 10.0783, 3.8239, 1.0199, 0.4628, 9.0087, 2.0407, 2.9182, 13.3504, 15.6272, 9.2048, 12.0648, 12.9164, 28.9156, 3.8653, 79.3428, 16.1144]
    ],
    [
      [9.4004, 18.9194, 29.6519, 36.2479, 151.0934, 5.197, 1.4283, 53.5639, 2.5469, 8.4845, 98.3802, 22.923, 121.4906, 65.023, 65.4816, 76.0978, 82.6191, 252.8326, 52.4806, 47.5007, 8.1895, 18.7516, 119.3459, 48.5102, 45.6906, 75.9616, 22.6843, 238.0718, 60.1227, 21.8512, 44.8943, 3.3118, 3.7381, 1.7183, 24.3187, 37.0393, 12.1059, 28.0126, 52.6934, 65.6606, 62.7247, 33.894, 146.514, 21.3013, 176.136, 29.495],
      [1.6898, 1.2063, 0.0033, 1.9459, 0, 0.237, 0.481, 0.8469, 0.1728, 0.4408, 5.082, 0.9206, 4.6683, 3.6683, 1.8476, 2.2949, 2.6262, 7.9818, 0, 2.5576, 0.0537, 0.7795, 5.6395, 1.0031, 0.731, 2.6556, 0.7651, 14.997, 3.9872, 0, 0.7394, 0.7007, 0.214, 0.032, 1.1337, 0, 0.6952, 2.122, 2.0828, 1.4625, 3.1431, 0.0218, 6.4111, 1.0394, 9.2724, 2.0967],
      [27.0334, 42.433, 51.4605, 77.3006, 424.2271, 14.0562, 7.7078, 94.6044, 4.2755, 16.3129, 180.4226, 45.2327, 221.962, 159.3568, 174.8022, 168.5487, 151.8021, 485.0704, 112.5494, 73.3482, 10.4275, 28.4624, 166.6647, 109.634, 97.6688, 145.5912, 51.0071, 386.3472, 105.4204, 29.1133, 127.1587, 10.9499, 6.7739, 2.0848, 50.7501, 119.9099, 35.0877, 55.2953, 103.8358, 141.2885, 119.9738, 33.8993, 321.8238, 53.1684, 312.7861, 67.838],
      [2.8764, 3.4413, 2.8843, 4.5056, 3.6795, 0.5098, 0.3829, 9.9847, 1.0048, 1.7618, 13.1152, 2.9237, 8.8791, 4.9519, 6.8686, 7.0586, 6.9525, 23.1152, 1.97, 6.5935, 0.3293, 2.0065, 13.3499, 3.8527, 1.9096, 5.7917, 1.5435, 22.584, 7.4697, 0.0355, 3.2076, 1.0375, 0.2739, 0.1649, 3.7976, 0.0507, 1.1112, 3.57, 4.388, 4.5884, 4.1583, 8.1849, 11.2511, 1.4909, 28.8055, 4.5703]
    ],
    [
      [0.3967, 0.6645, 1.1653, 1.2151, 2.5938, 0.1579, 0.1334, 1.3127, 0, 0.3482, 3.251, 0.9881, 3.4796, 2.1291, 1.0658, 1.0862, 0.8963, 3.9519, 0.6263, 1.4931, 0.8928, 0.9099, 4.3059, 1.5782, 1.7748, 3.2509, 0.5754, 3.3034, 2.0295, 0.5065, 1.7227, 0.1339, 0.1656, 0, 0.3464, 0.745, 0.1501, 0.6919, 2.1571, 2.2737, 1.9649, 0.4419, 5.1283, 1.0792, 4.5422, 0.3484],
      [4.2704, 3.5621, 3.2693, 6.1926, 10.2512, 0.8683, 3.0942, 4.5126, 0, 1.6918, 15.3231, 4.3929, 15.5505, 12.5627, 5.097, 4.9014, 3.85, 16.9687, 2.4655, 6.7441, 2.2399, 3.811, 18.2956, 6.2475, 7.0219, 14.0817, 2.7398, 16.1934, 10.4941, 1.8023, 7.8222, 1.3135, 0.9071, 0, 1.6383, 3.8182, 0.9158, 4.144, 9.8638, 9.7989, 9.8626, 1.185, 25.6061, 6.1411, 20.9329, 2.0255],
      [12.3069, 13.0782, 16.6788, 22.1464, 59.1571, 3.6647, 6.1456, 19.8328, 0, 5.9347, 50.8907, 16.6091, 53.3244, 44.1766, 23.729, 20.1397, 13.913, 63.7907, 11.1612, 19.92, 9.1625, 11.7415, 51.3159, 29.778, 31.5088, 52.1881, 10.8613, 45.6754, 30.6697, 5.4934, 40.8444, 3.9425, 2.6921, 0, 6.1666, 19.6977, 3.6588, 11.7464, 35.7749, 40.7056, 31.7079, 3.9869, 94.7547, 23.1529, 69.4962, 6.8061],
      [2.0259, 1.6952, 1.8866, 2.4459, 2.9979, 0.3091, 0.6267, 3.3418, 0, 1.0252, 6.5351, 2.0098, 4.6455, 3.1316, 2.1081, 1.8726, 1.3408, 6.2887, 0.747, 2.8428, 0.7048, 1.5377, 7.0826, 2.3962, 1.6946, 4.4793, 0.8235, 4.8279, 3.8068, 0.1977, 2.6107, 0.61, 0.2353, 0, 0.8486, 0.7391, 0.2753, 1.4177, 3.2041, 3.2217, 2.4646, 1.3863, 7.5109, 1.6268, 10.0287, 0.8201]
    ],
    [
      [0, 0, 0.1384, 0.0294, 0, 0, 0, 0.0915, 0, 0, 0.3022, 0.096, 0.4851, 0, 0, 0.1422, 0.2214, 0.5727, 0.131, 0.1262, 0.1055, 0.1238, 0.4421, 0.1138, 0, 0.4497, 0, 0.3627, 0.0569, 0.043, 0, 0, 0.0017, 0.002, 0.038, 0, 0, 0, 0.2936, 0.0761, 0.1214, 0.0665, 0.2076, 0, 0.2915, 0],
      [0.3142, 0.4161, 0.1934, 1.0083, 0, 0.1423, 0.6873, 0.3462, 0.0412, 0.2209, 4.114, 0.7845, 2.6507, 2.849, 1.3757, 0.9338, 1.0384, 2.9145, 0.3303, 1.3717, 0.1013, 0.6446, 2.6837, 1.0255, 0.7, 2.318, 0.5225, 4.6484, 2.1304, 0.0978, 0, 0.2222, 0.1343, 0.012, 0.9459, 0, 0.3019, 1.0986, 1.9967, 1.2502, 1.8066, 0.1821, 3.1058, 0.4622, 4.7916, 0.7003],
      [15.5247, 26.4035, 26.6249, 63.7656, 290, 13.8577, 19.2801, 32.3968, 2.8998, 13.6352, 227.0522, 56.8493, 179.8218, 208.151, 188.6243, 80.886, 76.6647, 223.2491, 49.5387, 67.9378, 14.7932, 36.0605, 134.1963, 161.8607, 124.3, 180.2323, 49.4775, 224.3843, 98.292, 7.8592, 185, 10.6425, 6.8633, 0.9829, 63.6484, 97, 26.6981, 49.7226, 144.682, 137.6736, 106.072, 13.6163, 224.6866, 38.5378, 271.4871, 40.1495],
      [0.1611, 0.1805, 0.0432, 0.1967, 0, 0, 0.0326, 0.1654, 0.0589, 0.1439, 1.5316, 0.2703, 0.0424, 0, 0, 0.038, 0.0756, 0.2637, 0, 0.5643, 0, 0.171, 0.6778, 0, 0, 0, 0, 0.6046, 0.5207, 0, 0, 0.1353, 0.0008, 0.0031, 0.3677, 0, 0, 0.1788, 0.0278, 0, 0, 0.135, 0, 0, 2.4297, 0.1502]
    ],
    [
      [0.0789, 0.2091, 0.3908, 0.4988, 1.176, 0.1245, 0.0381, 0.3042, 0, 0.0732, 1.6409, 0.1836, 1.2183, 1.1289, 0.8874, 0.5388, 0.5686, 1.5579, 0.4263, 0.7351, 0.4123, 0.349, 1.7104, 1.2043, 0.9594, 1.4253, 0.5635, 2.2065, 0.8659, 0.0367, 0.635, 0.0383, 0.0948, 0, 0.1124, 0.2771, 0.093, 0.3543, 0.9445, 0.6576, 0.9986, 0.1791, 1.8272, 0.2517, 2.7346, 0.3359],
      [3.5547, 3.8854, 3.6645, 8.7385, 15.8607, 2.4007, 3.1233, 3.5305, 0, 1.2225, 26.3888, 2.7689, 18.395, 22.8914, 14.5779, 8.2368, 8.2088, 22.5721, 5.627, 11.3331, 3.3976, 4.9033, 24.3454, 16.009, 12.8689, 20.8361, 9.1287, 36.942, 15.443, 0.4673, 9.8581, 1.4717, 1.8439, 0, 1.8089, 4.8525, 1.9613, 7.4435, 14.6195, 9.649, 17.039, 1.5514, 30.9747, 4.8304, 43.5931, 6.964],
      [2.0583, 2.8731, 3.7449, 6.3302, 18.476, 2.0526, 1.2472, 3.1206, 0, 0.8577, 17.6401, 2.1178, 12.8094, 16.3976, 13.8476, 6.8704, 6.0162, 17.2265, 5.1705, 6.6674, 2.7613, 3.035, 13.7255, 15.5617, 11.7024, 15.6847, 7.3928, 21.0609, 9.0883, 0.2813, 10.3892, 0.8716, 1.0899, 0, 1.3764, 5.0238, 1.5856, 4.2513, 10.7678, 8.1032, 11.1364, 1.0257, 23.3127, 3.6896, 28.8393, 4.7077],
      [6.3081, 7.0324, 8.1997, 13.4325, 18.4873, 3.4222, 2.5914, 10.0447, 0, 2.8465, 43.3302, 4.9297, 21.5773, 22.5821, 23.6872, 12.3539, 11.2063, 32.6434, 6.7761, 18.2644, 4.4289, 7.7127, 36.2186, 24.225, 12.4693, 26.0539, 10.9151, 42.7907, 21.6028, 0.2147, 13.1177, 2.6184, 1.9714, 0, 3.7023, 3.8467, 2.36, 9.9509, 18.6681, 12.5902, 16.8261, 7.2438, 35.8854, 5.2284, 79.833, 10.9924]
    ]
  ],
  "V_est": [
    [1317.7719, 96.7761, 1819.826, 172.6261],
    [170.3766, 754.5831, 95.2343, 1128.806],
    [243.5992, 5011.3221, 6390.2738, 634.805],
    [2604.1002, 100.4497, 5225.4673, 252.9827],
    [67.9736, 314.4709, 1150.1282, 112.4273],
    [5.1319, 53.6153, 4312.0821, 9.1708],
    [31.0466, 489.7829, 361.9884, 681.182]
  ],
  "p_est": [
    [0.3868, 0.0284, 0.5341, 0.0507],
    [0.0793, 0.3511, 0.0443, 0.5253],
    [0.0198, 0.4081, 0.5204, 0.0517],
    [0.3182, 0.0123, 0.6386, 0.0309],
    [0.0413, 0.1912, 0.6992, 0.0683],
    [0.0012, 0.0122, 0.9845, 0.0021],
    [0.0199, 0.3132, 0.2315, 0.4355]
  ],
  "EI_Z": {},
  "EI_V": 9.7452,
  "MAE_Z": {},
  "MAE_V": 233.9407,
  "MAE_p": 0.0758,
  "runtime": 0.004
}
