{
  "X": [
    [4, 9, 71, 166, 19],
    [34, 39, 164, 520, 69],
    [35, 94, 420, 846, 114],
    [18, 32, 82, 206, 24],
    [3, 40, 46, 208, 14],
    [23, 44, 60, 352, 47],
    [31, 47, 139, 508, 67],
    [30, 46, 113, 422, 70],
    [7, 20, 86, 228, 31],
    [10, 11, 38, 187, 22],
    [30, 25, 109, 423, 45],
    [19, 24, 103, 259, 52],
    [2, 10, 22, 52, 9],
    [1, 14, 35, 83, 14],
    [1, 9, 11, 29, 3],
    [2, 7, 19, 50, 11],
    [1, 13, 14, 22, 5],
    [0, 2, 3, 6, 0],
    [0, 8, 8, 21, 4],
    [0, 7, 14, 35, 6],
    [1, 15, 10, 26, 5],
    [11, 20, 236, 169, 45],
    [44, 41, 468, 712, 102],
    [12, 41, 199, 283, 54],
    [46, 54, 215, 631, 82],
    [28, 33, 115, 365, 53],
    [0, 9, 25, 29, 4],
    [19, 84, 199, 403, 56],
    [2, 4, 17, 34, 4],
    [12, 17, 218, 76, 18],
    [11, 1, 174, 136, 23],
    [29, 30, 259, 422, 62],
    [29, 29, 310, 528, 93],
    [17, 22, 117, 193, 27],
    [61, 64, 381, 773, 109],
    [15, 23, 182, 322, 38],
    [12, 15, 51, 126, 11],
    [34, 29, 340, 558, 95],
    [21, 72, 275, 649, 91],
    [18, 32, 103, 360, 39],
    [25, 42, 129, 351, 46],
    [8, 36, 29, 101, 21],
    [18, 29, 92, 263, 23],
    [8, 12, 12, 48, 3],
    [0, 5, 23, 23, 1],
    [21, 65, 86, 265, 24],
    [39, 41, 148, 576, 74],
    [5, 22, 62, 117, 14],
    [29, 59, 186, 619, 67],
    [13, 19, 49, 225, 29],
    [30, 50, 113, 412, 47],
    [14, 16, 49, 155, 31],
    [33, 80, 348, 689, 107],
    [15, 16, 85, 257, 32],
    [8, 23, 57, 205, 16],
    [10, 36, 136, 378, 37],
    [14, 16, 66, 216, 17],
    [21, 38, 475, 525, 78],
    [12, 24, 155, 247, 21],
    [11, 12, 121, 85, 22],
    [38, 20, 211, 399, 87],
    [47, 135, 746, 1192, 132],
    [11, 24, 65, 203, 21],
    [34, 203, 437, 898, 160],
    [8, 41, 62, 166, 26]
  ],
  "W": [
    [12, 159, 82, 4, 12],
    [24, 545, 175, 43, 39],
    [92, 793, 469, 52, 103],
    [19, 215, 86, 21, 21],
    [81, 159, 40, 11, 20],
    [18, 383, 66, 24, 35],
    [48, 493, 139, 40, 72],
    [34, 448, 118, 29, 52],
    [10, 238, 92, 13, 19],
    [12, 187, 45, 8, 16],
    [20, 434, 113, 27, 38],
    [20, 258, 117, 18, 44],
    [11, 48, 31, 0, 5],
    [15, 85, 31, 4, 12],
    [7, 30, 11, 2, 3],
    [8, 54, 16, 3, 8],
    [8, 28, 15, 2, 2],
    [2, 6, 3, 0, 0],
    [6, 22, 8, 1, 4],
    [6, 35, 17, 1, 3],
    [12, 29, 11, 0, 5],
    [24, 159, 241, 18, 39],
    [23, 729, 486, 69, 60],
    [35, 285, 204, 25, 40],
    [28, 654, 214, 63, 69],
    [19, 391, 115, 36, 33],
    [9, 28, 26, 0, 4],
    [90, 388, 212, 24, 47],
    [8, 28, 18, 5, 2],
    [11, 90, 210, 14, 16],
    [6, 128, 169, 22, 20],
    [27, 421, 249, 53, 52],
    [15, 540, 298, 49, 87],
    [12, 209, 108, 28, 19],
    [40, 803, 372, 73, 100],
    [8, 333, 180, 25, 34],
    [10, 130, 53, 10, 12],
    [23, 576, 339, 49, 69],
    [59, 651, 297, 39, 62],
    [25, 346, 117, 30, 34],
    [31, 352, 137, 38, 35],
    [14, 126, 29, 7, 19],
    [31, 262, 90, 22, 20],
    [10, 52, 12, 8, 1],
    [2, 24, 21, 4, 1],
    [90, 244, 84, 23, 20],
    [37, 614, 137, 38, 52],
    [18, 115, 69, 3, 15],
    [46, 630, 189, 37, 58],
    [13, 239, 49, 16, 18],
    [31, 437, 122, 29, 33],
    [10, 174, 46, 14, 21],
    [89, 675, 375, 37, 81],
    [23, 250, 85, 18, 29],
    [14, 209, 56, 11, 19],
    [31, 375, 137, 24, 30],
    [11, 214, 70, 22, 12],
    [50, 497, 492, 34, 64],
    [30, 225, 154, 19, 31],
    [11, 94, 122, 10, 14],
    [12, 428, 224, 40, 51],
    [165, 1114, 763, 91, 119],
    [13, 210, 66, 13, 22],
    [136, 965, 472, 52, 107],
    [50, 158, 63, 13, 19]
  ],
  "method": "mult",
  "cond_prob": [
    [
      [9.1454056099e-08, 0.45677667004, 0.0030407885734, 0.54009213387, 9.0316053994e-05],
      [0.014028432251, 0.021724357726, 0, 0.90382422626, 0.060422983763],
      [3.7014007032e-05, 6.9048565638e-05, 0.85919387533, 0.10790652953, 0.032793532563],
      [0.40956272352, 0.00040344514372, 0.027161533358, 0.52534513949, 0.037527158494],
      [0.010682677666, 0.004769276509, 0.033413885552, 0.40509386986, 0.54604029041]
    ],
    [
      [1.0658132045e-07, 0.58672067474, 0.0026867093387, 0.41050817881, 8.4330527655e-05],
      [0.021717279855, 0.045116665703, 0, 0.86263779364, 0.070528260803],
      [0.003083061774, 0.0001040766445, 0.92252689109, 0.039308496134, 0.034977474355],
      [0.48972880171, 0.00059156890507, 0.026692940289, 0.44405792834, 0.038928760749],
      [0.01451809325, 0.007345387747, 0.0345004257, 0.35991611368, 0.58371997962]
    ],
    [
      [7.9233665307e-08, 0.58449700045, 0.0025001886648, 0.41293543511, 6.7296538857e-05],
      [0.015042632917, 0.04677220486, 0, 0.88336419545, 0.054820966768],
      [3.9600222348e-05, 0.0047610676477, 0.88380417678, 0.081260602937, 0.030134552418],
      [0.4189191407, 0.0006861731604, 0.028684400913, 0.51584367257, 0.035866612657],
      [0.012318611518, 0.0084203473169, 0.036643057163, 0.41327222547, 0.52934575854]
    ],
    [
      [9.3779347475e-08, 0.69643615755, 0.0020938515116, 0.30142095463, 4.8942527537e-05],
      [0.028814746559, 0.085861328844, 0.00014754724471, 0.83783895747, 0.047337419883],
      [5.6022800737e-05, 0.00015741922341, 0.93635200076, 0.037217569585, 0.026216987626],
      [0.54239325738, 0.00085683329327, 0.025716701377, 0.40308825637, 0.02794495158],
      [0.019511968676, 0.013142654888, 0.041055779476, 0.40343150658, 0.52285809038]
    ],
    [
      [3.7843528059e-08, 0.48486330472, 0.0035161626078, 0.51156885952, 5.1635311336e-05],
      [0.0023251511945, 0.003624249792, 0.039952653738, 0.92491485471, 0.029183090563],
      [1.3437477737e-05, 6.6237925534e-05, 0.94594150411, 0.037534020955, 0.016444799531],
      [0.22825986593, 0.00061799519748, 0.04401514733, 0.69705852235, 0.030048469191],
      [0.0059450935202, 0.0070184568385, 0.052044604967, 0.51662279478, 0.4183690499]
    ],
    [
      [8.8845764274e-08, 0.6979619237, 0.0018726955131, 0.30010665915, 5.8632798105e-05],
      [0.023125380844, 0.075989858537, 0, 0.83832323482, 0.062561525796],
      [0.013935816036, 0.028573427897, 0.88210160357, 0.04082467821, 0.034564474291],
      [0.52628011993, 0.00089341371604, 0.023760390576, 0.41450202516, 0.034564050615],
      [0.016928308595, 0.012150896669, 0.033638179189, 0.36793725235, 0.5693453632]
    ],
    [
      [1.0670857254e-07, 0.56295552885, 0.0028973491802, 0.43407830444, 6.8710818182e-05],
      [0.02155876565, 0.039322416353, 0.0099946722746, 0.87910951388, 0.050014631841],
      [4.6173373212e-05, 9.3667707724e-05, 0.93435900179, 0.038859200155, 0.02664195697],
      [0.48050733778, 0.00055751021036, 0.028182607032, 0.45970326082, 0.031049284162],
      [0.015900163922, 0.0077342101808, 0.040699281628, 0.41630127486, 0.51936506941]
    ],
    [
      [1.1937917491e-07, 0.6269149444, 0.0025196444678, 0.37048421235, 8.1079401967e-05],
      [0.029785212608, 0.054061798372, 0.0024884033776, 0.83835360598, 0.075310979666],
      [5.8814429995e-05, 0.00011842917565, 0.92626629371, 0.037758649239, 0.03579781345],
      [0.54317370673, 0.00062276901203, 0.02465481201, 0.39468867837, 0.036860033881],
      [0.017254674899, 0.0083302168365, 0.034329137874, 0.34460825038, 0.59547772001]
    ],
    [
      [5.5261497247e-08, 0.63038474158, 0.0023942846877, 0.36714790285, 7.301562155e-05],
      [0.008801991815, 0.055163007806, 0, 0.86786134189, 0.068173658489],
      [2.859248791e-05, 0.0042246838197, 0.92260481215, 0.03926680237, 0.033875109169],
      [0.36458548934, 0.00086979966807, 0.033197643052, 0.55428185629, 0.047065211648],
      [0.0085728171114, 0.0088093904844, 0.034991846068, 0.36627956063, 0.58134638571]
    ],
    [
      [1.4967464778e-07, 0.49380955109, 0.0027614747242, 0.50334105941, 8.7765097631e-05],
      [0.024462379358, 0.026638381675, 0, 0.88805051752, 0.060848721444],
      [0.017953146183, 8.1523186044e-05, 0.82879865116, 0.11849303408, 0.034673645395],
      [0.54077617555, 0.00036469654436, 0.020558413339, 0.40792280077, 0.030377913789],
      [0.018214517581, 0.0053951186235, 0.031653480897, 0.39368072317, 0.55105615973]
    ],
    [
      [1.5306897291e-07, 0.52369830951, 0.0030671153381, 0.47316096546, 7.345662304e-05],
      [0.032978588922, 0.032846061268, 0.0030966632383, 0.88102633625, 0.050052350322],
      [6.2386795532e-05, 8.1528466446e-05, 0.93313151926, 0.039891913179, 0.026832652297],
      [0.55113038362, 0.00040953934412, 0.02371723138, 0.39834991363, 0.026392932022],
      [0.021045244229, 0.0065940247464, 0.039749445369, 0.4186346553, 0.51397663036]
    ],
    [
      [1.3014892988e-07, 0.59462952864, 0.0025019961821, 0.40278148536, 8.6859671829e-05],
      [0.025701907435, 0.04559969112, 0, 0.84858028717, 0.080118114277],
      [0.014730445583, 0.00011124828595, 0.86455087394, 0.082234982328, 0.038372449863],
      [0.54864126166, 0.00053461494448, 0.022382270424, 0.39233312694, 0.036108726034],
      [0.017497737176, 0.0072738636294, 0.031696067222, 0.34834470424, 0.59518762773]
    ],
    [
      [1.6619036019e-07, 0.62391297425, 0.0017785953083, 0.3742215027, 8.6761553165e-05],
      [0.035126558313, 0.049262457077, 0, 0.83287255337, 0.082738431243],
      [0.0065348940147, 0.023756556483, 0.70546947206, 0.20369976713, 0.060539310304],
      [0.75324532372, 0.00031694442938, 0.0094066992047, 0.2156207876, 0.021410245044],
      [0.022268331685, 0.0071812185117, 0.022176363523, 0.31819762551, 0.63017646077]
    ],
    [
      [2.4587368011e-08, 0.63168053984, 0.0030008839119, 0.36524294091, 7.5610751375e-05],
      [0.0010433270327, 0.051961470992, 0.059658365135, 0.81953007464, 0.067806762199],
      [1.0098989974e-05, 9.6345581201e-05, 0.9410806892, 0.030930579023, 0.027882287209],
      [0.21669324649, 0.0010489797859, 0.050717394123, 0.67207532573, 0.059465053875],
      [0.0036858982299, 0.0084070196591, 0.042304563604, 0.35117919077, 0.59442332774]
    ],
    [
      [4.2391298686e-08, 0.73629658321, 0.001943388739, 0.2617208113, 3.9174359162e-05],
      [0.0016594117172, 0.12662585956, 0.012753644685, 0.82265954138, 0.036301542656],
      [2.5491552941e-05, 0.00015409300297, 0.94635081235, 0.032206161277, 0.02126344182],
      [0.45995809372, 0.0011306795002, 0.032457290976, 0.47585564444, 0.030598291366],
      [0.010006919075, 0.014397249546, 0.043004473503, 0.39406300552, 0.53852835235]
    ],
    [
      [7.5983903899e-08, 0.6209914981, 0.0033412949007, 0.37556810003, 9.9030985695e-05],
      [0.0098821359515, 0.036608358722, 0.065000418079, 0.79355174139, 0.094957345856],
      [2.7210526596e-05, 7.9600166155e-05, 0.94035116854, 0.02766190464, 0.031880116125],
      [0.46382453066, 0.00064454555909, 0.036644541679, 0.44830739008, 0.050578992024],
      [0.0093068862918, 0.0065011756116, 0.038461842851, 0.29451856502, 0.65121153023]
    ],
    [
      [0, 0.82128271822, 0.0015645263346, 0.17708823583, 6.4519615042e-05],
      [0, 0.22521381572, 0, 0.67675126013, 0.098034924155],
      [0, 0.0045830417907, 0.92447182097, 0.027180570673, 0.04376456657],
      [0.4929179522, 0.014417980821, 0.03227502312, 0.39800356878, 0.06238547508],
      [0.0070820477996, 0.0130849128, 0.027928214294, 0.21527156609, 0.73663325901]
    ],
    [
      [0, 0.75953159086, 0.0016263076219, 0.23884210152, 0],
      [0, 0.080107644039, 0.012243303198, 0.90764905276, 0],
      [8.6736173799e-17, 9.6984682556e-05, 0.97442918852, 0.025473826795, 0],
      [1.1102230246e-16, 0.0016733748769, 0.058574339591, 0.93975228553, 0],
      [0, 0.024635488378, 0.08960242402, 0.8857620876, -0]
    ],
    [
      [1.3095544582e-16, 0.76268045654, 0.0018125315405, 0.23545719745, 4.981446856e-05],
      [0, 0.15305537318, 0.011099411617, 0.78164030836, 0.054204906849],
      [0, 0.00016052283247, 0.94219788321, 0.02976155465, 0.027880039304],
      [0, 0.0022905131241, 0.060746549785, 0.85894425268, 0.07801868441],
      [0, 0.013281088776, 0.036652034923, 0.32353333538, 0.62653354092]
    ],
    [
      [1.2197556314e-33, 0.68416106383, 0.0018111005784, 0.31394964577, 7.8189821455e-05],
      [0, 0.062230295318, 0, 0.84822355543, 0.089546149255],
      [0, 0.040602193012, 0.81574538618, 0.09833405418, 0.045318366631],
      [0, 0.0015725620057, 0.045587129019, 0.86080823305, 0.09203207593],
      [0, 0.0083878125601, 0.025291567501, 0.29866351044, 0.6676571095]
    ],
    [
      [1.0399470005e-07, 0.77380937712, 0, 0.22613865921, 5.1859680034e-05],
      [0.030589627661, 0.1774510911, 0, 0.73846564073, 0.05349364051],
      [6.8753652451e-05, 0.045226684993, 0.89320245261, 0.030603822167, 0.030898286576],
      [0.86365850761, 0.00034874157853, 0.0082797943237, 0.11627850365, 0.011434452838],
      [0.022428651941, 0.014142459541, 0.034954604255, 0.30683809292, 0.62163619134]
    ],
    [
      [9.3557479511e-08, 0.58950597157, 0.0030657968078, 0.40733756223, 9.057584466e-05],
      [0.013925645589, 0.035026082417, 0.021419178908, 0.84960572497, 0.080023368113],
      [0, 0, 0.95634636473, 0.010440995078, 0.033212640188],
      [0.46170316682, 0.00061527859469, 0.031921690169, 0.4619240608, 0.043835803618],
      [0.012183669313, 0.006964988804, 0.037607874526, 0.34117116225, 0.60207230511]
    ],
    [
      [9.867797784e-08, 0.55099735708, 0.0030770769569, 0.4458376647, 8.7802587652e-05],
      [0.016799821526, 0.038208767012, 0.015778019558, 0.86168060309, 0.067532788811],
      [4.0213401933e-05, 8.6277959966e-05, 0.93021556509, 0.037597302364, 0.032060641186],
      [0.44884345507, 0.00055418582204, 0.030416612461, 0.47986374043, 0.040322006216],
      [0.01271976208, 0.0065449954213, 0.037392334671, 0.3699614503, 0.57338145753]
    ],
    [
      [5.8605179054e-08, 0.6462064911, 0.0025516485485, 0.35116432397, 7.7477775029e-05],
      [0.0073681622021, 0.063068419779, 0.023829998008, 0.82941165066, 0.076321769347],
      [2.8721969918e-05, 0.00012106918547, 0.93022821797, 0.035588171611, 0.034033819263],
      [0.38148542302, 0.0009100590573, 0.035500410536, 0.53200948713, 0.05009462026],
      [0.0089269215971, 0.0090205896063, 0.036626903478, 0.34416760087, 0.60125798445]
    ],
    [
      [9.593113288e-08, 0.62414837405, 0.0026344857703, 0.373151695, 6.5349242716e-05],
      [0.021661039024, 0.054749909936, 0.01558627504, 0.85213624604, 0.055866529963],
      [4.5788849813e-05, 0.00011445037011, 0.93503622444, 0.036854457817, 0.027949078523],
      [0.48796266213, 0.00070122619539, 0.029096000777, 0.44871072681, 0.033529384087],
      [0.01568451107, 0.0094019536054, 0.040608847006, 0.39273938942, 0.5415652989]
    ],
    [
      [1.0289895968e-07, 0.62653397609, 0.0026564757102, 0.37072988443, 7.9560871054e-05],
      [0.023811166717, 0.053153170837, 0.014670856623, 0.83620633058, 0.07215847524],
      [4.8284586347e-05, 0.0001121159132, 0.93039522666, 0.035982439061, 0.03346193378],
      [0.50523893378, 0.00066905669325, 0.028095662779, 0.4268951733, 0.039101173448],
      [0.015020530754, 0.0083631904826, 0.03655536655, 0.34828030931, 0.59178060291]
    ],
    [
      [0, 0.69010695312, 0.0022028402511, 0.30764090035, 4.9306285822e-05],
      [9.205033688e-18, 0.097824231495, 0.013168384745, 0.84853539651, 0.040471987254],
      [0, 0.0001358249747, 0.94027527243, 0.034923712365, 0.02466519023],
      [2.0816681712e-17, 0.0016989428847, 0.05779676402, 0.88001683136, 0.060487461731],
      [2.5697232853e-17, 0.011606872686, 0.041075645424, 0.3910560683, 0.55626141359]
    ],
    [
      [8.5389738887e-08, 0.6349512629, 0.0024473796552, 0.3625352723, 6.5999763527e-05],
      [0.018202235816, 0.06505050055, 0, 0.85823975488, 0.058507508752],
      [4.3686795668e-05, 0.0053839114755, 0.92594366643, 0.03836715508, 0.030261580222],
      [0.46942973238, 0.00076363618771, 0.028821248178, 0.46486970814, 0.036115675108],
      [0.014084034907, 0.0096824601012, 0.038041884945, 0.3847678878, 0.55342373225]
    ],
    [
      [7.4726772e-08, 0.49111291724, 0.0030805516473, 0.50571178083, 9.4675558832e-05],
      [0.00072255752098, 0.0021000670838, 0.0026626194526, 0.92388330985, 0.070631446091],
      [2.8755685412e-05, 6.6387685334e-05, 0.92717097278, 0.039822730133, 0.032911153719],
      [0.39262811859, 0.00044215153899, 0.029856292757, 0.53407873556, 0.042994701553],
      [0.0080547981538, 0.00444452387, 0.031221634193, 0.34918512865, 0.60709391513]
    ],
    [
      [1.0589213959e-07, 0.76251926204, 0.002400910279, 0.23503047481, 4.9246980017e-05],
      [0.031580554832, 0.092852505132, 0.10531476918, 0.706488451, 0.063763719853],
      [0, 5.5064048183e-06, 0.9870014104, 0, 0.012993083196],
      [0.62695208951, 0.00091288216548, 0.02949061133, 0.31450596765, 0.028138449347],
      [0.023776227949, 0.01510162252, 0.050756001147, 0.33922628998, 0.57113985841]
    ],
    [
      [1.7278420583e-07, 0.13614047246, 0.0064391876187, 0.85727352619, 0.00014664094657],
      [0.0094661971979, 0.0012841726164, 0.054952883371, 0.8748912576, 0.059405489212],
      [0, 0, 0.97810215002, 0, 0.021897849984],
      [0.43358631214, 7.0048966713e-05, 0.034199672763, 0.49592503197, 0.036218934157],
      [0.012471342745, 0.00086209965408, 0.043786982461, 0.39799635832, 0.54488321682]
    ],
    [
      [9.2375195391e-08, 0.55158945935, 0.0033382945958, 0.44499201248, 8.0141194454e-05],
      [0.012636025704, 0.034919384494, 0.050712170343, 0.84331484989, 0.05841756957],
      [3.4921884461e-05, 7.9790859694e-05, 0.93793485015, 0.034799900393, 0.027150536714],
      [0.43437378182, 0.00056885265605, 0.033978301633, 0.49317788037, 0.037901183516],
      [0.012494705744, 0.0068462809734, 0.042565666502, 0.38742425004, 0.55066909674]
    ],
    [
      [9.0515408811e-08, 0.5517941444, 0.0033502264091, 0.44477140032, 8.4138355057e-05],
      [0.012875864405, 0.037204876811, 0.04714950363, 0.84042395399, 0.062345801167],
      [3.4079681271e-05, 7.9460584494e-05, 0.93685443061, 0.034647257764, 0.02838477136],
      [0.42853780021, 0.00057291471147, 0.034345128411, 0.49647251744, 0.040071639229],
      [0.011937056422, 0.00667473886, 0.041649230227, 0.37755698476, 0.56218198973]
    ],
    [
      [8.1088658572e-08, 0.67502621447, 0.0026827061303, 0.32222827434, 6.272397447e-05],
      [0.015419394683, 0.065358267249, 0.06422793526, 0.79592118438, 0.059073218432],
      [3.812307992e-05, 0.00011923457576, 0.94208900663, 0.031310686639, 0.026442949074],
      [0.48223142923, 0.00085310363199, 0.03408348412, 0.44578176035, 0.037050222667],
      [0.014249906691, 0.01068649134, 0.044432567654, 0.36433103824, 0.56629999608]
    ],
    [
      [1.14320591e-07, 0.60546818314, 0.0029105055273, 0.39155321636, 6.7980653285e-05],
      [0.026559951366, 0.048350871648, 0.031743905708, 0.83957606027, 0.053769211011],
      [4.9649222758e-05, 0.00010130286446, 0.93820595329, 0.035190976659, 0.02645211796],
      [0.5187552421, 0.00060958044635, 0.0287236981, 0.42074562539, 0.031165853956],
      [0.01784752296, 0.0087333870328, 0.042837789085, 0.3935282098, 0.53705309112]
    ],
    [
      [7.2129964387e-08, 0.6203504807, 0.0027109236047, 0.37688089319, 5.763038e-05],
      [0.012191040822, 0.053049337223, 0.031558286168, 0.85678717891, 0.046414156877],
      [3.358531805e-05, 0.00010920446823, 0.93951430038, 0.036291107541, 0.024051802289],
      [0.42030118242, 0.00077438435792, 0.033804049896, 0.51172354098, 0.033396842349],
      [0.012553173871, 0.0097867778202, 0.044462588259, 0.42203924693, 0.51115821312]
    ],
    [
      [1.3418890414e-07, 0.65424902385, 0.0023454781793, 0.3433631776, 4.2186185993e-05],
      [0.04279952717, 0.063846482598, 0.0022125452461, 0.85824423697, 0.032897208013],
      [7.1482157698e-05, 0.00012904719451, 0.94187210382, 0.037761695812, 0.020165671016],
      [0.60978315076, 0.00059919448932, 0.021917068645, 0.34936144817, 0.018339137944],
      [0.027870005336, 0.012052964798, 0.04587684561, 0.45830275483, 0.45589742943]
    ],
    [
      [1.1420610806e-07, 0.51006652439, 0.0035399571729, 0.4862924937, 0.00010091053058],
      [0.018074646594, 0.029257678564, 0.03431953177, 0.84590236879, 0.072445774282],
      [4.0504914167e-05, 6.9363281186e-05, 0.93213589738, 0.035685325446, 0.03206890898],
      [0.46272753913, 0.00045442812943, 0.031061901491, 0.46461874166, 0.041137389587],
      [0.013066961624, 0.0053661732685, 0.038180120307, 0.35814296455, 0.58524378025]
    ],
    [
      [5.9940963521e-08, 0.6102766132, 0.0024958247657, 0.38715233564, 7.5166454295e-05],
      [0.0095156530809, 0.051274825428, 0, 0.87207694249, 0.067132579001],
      [2.994847891e-05, 0.006923289253, 0.91373224043, 0.045662891591, 0.033651630244],
      [0.36507389958, 0.00082041138727, 0.032873861934, 0.55523496002, 0.045996867085],
      [0.0090085407426, 0.008476701858, 0.035357908302, 0.3745141999, 0.5726426492]
    ],
    [
      [7.8263446411e-08, 0.58653723957, 0.0023764070939, 0.4110241099, 6.2165172677e-05],
      [0.014234691879, 0.046808281308, 0, 0.88945454452, 0.049502482294],
      [4.0877109023e-05, 0.0070478082105, 0.86224256104, 0.10156582261, 0.029102931032],
      [0.4212917727, 0.00068497088231, 0.027463152478, 0.51717502696, 0.033385076982],
      [0.01268408384, 0.0086988526784, 0.036303400209, 0.4286668469, 0.51364681637]
    ],
    [
      [8.5505309018e-08, 0.63791103053, 0.0023785526109, 0.35964478292, 6.5548435518e-05],
      [0.018788914289, 0.059602361471, 0, 0.86196931308, 0.059639411159],
      [4.4846614629e-05, 0.0063920127918, 0.92373507326, 0.039013504229, 0.030814563108],
      [0.47061323486, 0.00076590225358, 0.028202471652, 0.46430130375, 0.036117087484],
      [0.014195788818, 0.0097119079366, 0.03722474029, 0.3842718258, 0.55459573716]
    ],
    [
      [6.8759268007e-08, 0.82467468205, 0.0014570145077, 0.17382528961, 4.2945079138e-05],
      [0.027171366999, 0.1908740267, 0.0071691247683, 0.71015910398, 0.064626377557],
      [5.7859738591e-05, 0.00025891540733, 0.93706711088, 0.03019674108, 0.032419372893],
      [0.6019553419, 0.0014431611086, 0.025827893356, 0.33538320635, 0.03539039728],
      [0.019002182619, 0.020358758551, 0.037923716159, 0.30857952152, 0.61413582115]
    ],
    [
      [1.1297045467e-07, 0.57840870263, 0.0029473746846, 0.41858690045, 5.6909264132e-05],
      [0.024544736546, 0.041502997922, 0.021626578692, 0.87094433855, 0.041381348286],
      [4.8215528374e-05, 9.4181437526e-05, 0.94114389307, 0.03693627429, 0.021777435674],
      [0.50871531146, 0.00056029521987, 0.028266939735, 0.43708659256, 0.025370861022],
      [0.018659963653, 0.0087370969239, 0.045882235854, 0.44481098313, 0.48190972044]
    ],
    [
      [1.2585200769e-07, 0.71261474909, 0.0021428619586, 0.28520264711, 3.9615984505e-05],
      [0.054229148435, 0.093325133153, 0.0074439781754, 0.80449998076, 0.040501759477],
      [6.943509423e-05, 0.00014220807744, 0.94771810807, 0.032357577788, 0.019712670968],
      [0.64391078462, 0.00069122440159, 0.021746456862, 0.31486362695, 0.018787907166],
      [0.027963524789, 0.013709292942, 0.044895563525, 0.40677458036, 0.50665703839]
    ],
    [
      [8.0120111867e-17, 0.81312953036, 0.0015387789738, 0.18531891903, 1.2771636009e-05],
      [1.2363998759e-17, 0.13885697941, 0.10389312942, 0.74340816165, 0.013841729522],
      [0, 0.00019068282535, 0.96013129746, 0.030383886084, 0.0092941336311],
      [0, 0.0028001629838, 0.068657021561, 0.9017613845, 0.026781430959],
      [0, 0.025968442235, 0.066102003119, 0.54245913654, 0.3654704181]
    ],
    [
      [1.2732631639e-07, 0.59908705788, 0.0028639170011, 0.39798865695, 6.0240844045e-05],
      [0.032565849305, 0.044587934189, 0.021661580609, 0.85493009944, 0.046254536456],
      [5.5823193967e-05, 0.00010120990854, 0.94008451943, 0.036077059237, 0.023681388228],
      [0.54921872656, 0.00056158578532, 0.026316781246, 0.39817021821, 0.025732688194],
      [0.020860072549, 0.0090645371743, 0.044221810016, 0.41948443081, 0.50636914945]
    ],
    [
      [1.4100947253e-07, 0.54327278686, 0.0033918208461, 0.45324799946, 8.7251822391e-05],
      [0.028914311915, 0.033452103741, 0.026783021138, 0.84658430251, 0.064266260698],
      [5.2219441144e-05, 7.7348908872e-05, 0.93618609589, 0.034729803975, 0.028954531788],
      [0.53437119095, 0.00045297822135, 0.027782142723, 0.40419168609, 0.03320200202],
      [0.017948998989, 0.0063751003085, 0.040702136339, 0.37134221277, 0.56363155159]
    ],
    [
      [1.0041048724e-07, 0.67016429175, 0.0020824408611, 0.32770569597, 4.7471002334e-05],
      [0.024580169282, 0.064041345682, 0, 0.87078650952, 0.040591975518],
      [0.0024806611577, 0.034594068199, 0.88837476614, 0.049108145098, 0.025442359407],
      [0.56531231806, 0.000721820779, 0.022604379521, 0.38738962647, 0.023971855179],
      [0.020411743408, 0.012208788461, 0.03978960416, 0.42734786579, 0.50024199818]
    ],
    [
      [8.9677697605e-08, 0.59612966318, 0.0026898705112, 0.40111803967, 6.2336951717e-05],
      [0.017840286024, 0.049227649039, 0.0090072456201, 0.87467508822, 0.049249731097],
      [4.1895888839e-05, 0.00010720176142, 0.93497979469, 0.038774923499, 0.026096184161],
      [0.45691398096, 0.00066905342126, 0.029619753778, 0.48090696534, 0.031890246496],
      [0.014601380365, 0.0089586291335, 0.041286019475, 0.42036631615, 0.51478765487]
    ],
    [
      [1.0058735434e-07, 0.59901374356, 0.0027172125206, 0.3981886358, 8.0307532607e-05],
      [0.020615776268, 0.046279166669, 0.0096520641611, 0.85516657006, 0.06828642284],
      [4.5629731654e-05, 0.00010246467444, 0.92984549247, 0.037338184681, 0.032668228443],
      [0.48847262165, 0.00061342476639, 0.02787936369, 0.44473454208, 0.038300047813],
      [0.014168353397, 0.0076258296919, 0.036074108481, 0.36074520928, 0.58138649915]
    ],
    [
      [1.1048269556e-07, 0.65604349049, 0.0022294675885, 0.34166655931, 6.0372128197e-05],
      [0.025660677785, 0.066477558858, 0, 0.8518072719, 0.05605449146],
      [0.018308376363, 0.001964222284, 0.90995244747, 0.03951933542, 0.030255618465],
      [0.54854412908, 0.00071020660757, 0.023794337597, 0.39701125752, 0.029940069193],
      [0.019541779495, 0.010658407991, 0.037171276468, 0.38890525614, 0.5437232799]
    ],
    [
      [1.2470664679e-07, 0.64854614928, 0.0027844630136, 0.34857934375, 8.9919252082e-05],
      [0.032561019135, 0.053647025551, 0.028536523626, 0.79614250964, 0.089112922048],
      [5.5262801098e-05, 0.00010723059155, 0.9321877546, 0.031913429112, 0.035736322899],
      [0.56956600727, 0.00061294294065, 0.026648167084, 0.36316875091, 0.040004131792],
      [0.017043582517, 0.0079258215734, 0.035861390877, 0.30633474443, 0.63283446061]
    ],
    [
      [1.0354017442e-07, 0.57593226603, 0.0027483898523, 0.42123668226, 8.2558324628e-05],
      [0.019848530346, 0.041616803192, 0, 0.8694395126, 0.069095153858],
      [0.0021522642828, 0.00010103438055, 0.91698963983, 0.047154993475, 0.033602068028],
      [0.47696074074, 0.00058668035689, 0.027376793856, 0.4568713683, 0.038204416748],
      [0.014167731951, 0.0072974210282, 0.035448604851, 0.3709987789, 0.57208746327]
    ],
    [
      [1.319128174e-07, 0.47110097547, 0.0035161688994, 0.52529696696, 8.5756757589e-05],
      [0.022851111893, 0.020008438262, 0.015451822103, 0.88674810345, 0.054940524294],
      [4.6810899922e-05, 6.3532855011e-05, 0.93407012645, 0.038537239585, 0.02728229021],
      [0.49004239665, 0.00037334446665, 0.027695956408, 0.45049360076, 0.031394701713],
      [0.015947480228, 0.0051878450159, 0.04005809055, 0.40850323171, 0.53030335249]
    ],
    [
      [6.887112381e-08, 0.64683939622, 0.002400497342, 0.35072048216, 3.9555408651e-05],
      [0.013911302073, 0.065497189761, 0.013666810883, 0.87645203398, 0.0304726633],
      [3.5955947718e-05, 0.00012715427912, 0.94347662922, 0.037840829083, 0.018519431471],
      [0.43715228326, 0.00085409046777, 0.031801595705, 0.50583120609, 0.024360824469],
      [0.014834118605, 0.012569482006, 0.048711619666, 0.48569518168, 0.43818959805]
    ],
    [
      [4.9961302103e-08, 0.58410268927, 0.0027667540238, 0.4130699909, 6.0515852421e-05],
      [0.0058071795581, 0.046924053864, 0.014508178929, 0.88594146049, 0.046819127164],
      [2.2683586518e-05, 0.00010147129727, 0.93645859095, 0.038790001695, 0.024627252468],
      [0.31557413198, 0.00080020343339, 0.037413810342, 0.60818231918, 0.038029535073],
      [0.0081806432712, 0.0087729994556, 0.042696837274, 0.43520589026, 0.50514362974]
    ],
    [
      [9.1388074526e-08, 0.57738908494, 0.0026354570009, 0.41992011928, 5.5247391337e-05],
      [0.01750716566, 0.044500956257, 0, 0.89592642272, 0.042065455365],
      [4.3222816303e-05, 0.00010251269686, 0.92646578626, 0.049952283818, 0.023436194405],
      [0.45754269135, 0.00061053411292, 0.028042231219, 0.48646924141, 0.027335301904],
      [0.015375061379, 0.0087423156211, 0.041789653972, 0.45447008733, 0.4796228817]
    ],
    [
      [9.0414326948e-08, 0.50139649922, 0.0033427712329, 0.49517705999, 8.3579139729e-05],
      [0.012924867403, 0.025154691963, 0.02426020843, 0.88048195614, 0.057178276066],
      [3.4024704122e-05, 7.2574247659e-05, 0.93315716335, 0.038553009945, 0.02818322775],
      [0.4066141271, 0.000495186226, 0.032412769863, 0.52282518716, 0.037652729645],
      [0.011479936005, 0.0058710979915, 0.040002801614, 0.40464808662, 0.53799807777]
    ],
    [
      [8.9738322035e-08, 0.53940375469, 0.0030989072376, 0.45745157811, 4.567022296e-05],
      [0.014451521482, 0.033452703879, 0.032320391165, 0.89609732494, 0.023678058529],
      [3.6710334297e-05, 8.4056104421e-05, 0.9444467017, 0.038683938145, 0.016748593717],
      [0.43449315285, 0.00055848004718, 0.031810706035, 0.51134662529, 0.021791035775],
      [0.015721989636, 0.0086281685622, 0.051153203046, 0.51553684482, 0.40895979394]
    ],
    [
      [1.5410810993e-07, 0.66084925551, 0.0028416960336, 0.33621816038, 9.07339709e-05],
      [0.034810922999, 0.049087211476, 0.039326603966, 0.78846213542, 0.088313126141],
      [0.0090499595251, 0, 0.95511728983, 0, 0.035832750648],
      [0.63301792883, 0.00054064496328, 0.023834714616, 0.30719637908, 0.035410332512],
      [0.020964085183, 0.0079324186453, 0.036384576128, 0.29387112255, 0.64084779749]
    ],
    [
      [1.6134445014e-07, 0.52696644598, 0.0033077773816, 0.46959958639, 0.00012602890564],
      [0.035105891912, 0.031301659382, 0.0047637523414, 0.82845786434, 0.10037083202],
      [6.043269709e-05, 7.5158039457e-05, 0.92117624069, 0.036385017888, 0.042303150687],
      [0.55334655677, 0.00039324575254, 0.024481278892, 0.37843900256, 0.043339916023],
      [0.016221120212, 0.0048377882702, 0.031346894103, 0.30386342973, 0.64373076769]
    ],
    [
      [7.1848206775e-08, 0.55599790966, 0.0029655089849, 0.44097263308, 6.3876422736e-05],
      [0.01001802044, 0.037864261379, 0.020317823668, 0.88610354907, 0.045696345446],
      [3.0612204223e-05, 9.176084261e-05, 0.93660829211, 0.038886861826, 0.024382473018],
      [0.37906839043, 0.00065574326463, 0.034096905788, 0.55206287646, 0.034116084059],
      [0.01110363642, 0.0079821140316, 0.04320748022, 0.43875432395, 0.49895244538]
    ],
    [
      [8.2399985488e-08, 0.66842480708, 0.0022513247703, 0.32927766462, 4.6121131525e-05],
      [0.020029309011, 0.071507237716, 0.0079136548621, 0.8606968398, 0.039852958607],
      [4.5765976414e-05, 0.00013965797402, 0.93904755494, 0.037796827528, 0.022970193584],
      [0.4935630612, 0.00083624530703, 0.028283444769, 0.45038238579, 0.02693486293],
      [0.017022894836, 0.01244858965, 0.043820084049, 0.43743147132, 0.48927696014]
    ],
    [
      [5.5245371876e-08, 0.71632574706, 0.0019970135054, 0.28161080694, 6.6377248485e-05],
      [0.011720845697, 0.10190563342, 0, 0.80940269376, 0.076970827117],
      [3.4538083019e-05, 0.012457952233, 0.91389194944, 0.036436742339, 0.037178817907],
      [0.41527547662, 0.0011986589745, 0.032602619661, 0.5005844054, 0.050338839341],
      [0.010081772237, 0.012133443222, 0.034355792581, 0.33082990011, 0.61259909185]
    ],
    [
      [7.7024514684e-08, 0.62889396019, 0.0026233797706, 0.36840212871, 8.0454299143e-05],
      [0.012880775589, 0.059363670541, 0.013890426204, 0.83891022094, 0.074954906728],
      [3.6326938077e-05, 0.00011351463944, 0.92992004879, 0.035897030491, 0.034033079146],
      [0.44234200487, 0.00076343719895, 0.03143473069, 0.48063329727, 0.044826529969],
      [0.011163102384, 0.0083561020543, 0.035817320988, 0.3432806774, 0.60138279717]
    ]
  ],
  "expected_outcome": [
    [
      [1.0974486732e-06, 2.5579516908e-06, 7.2894972082e-06, 1.781807602e-06, 3.0653257728e-06, 1.5992237569e-06, 5.122011482e-06, 4.0588919471e-06, 5.5261497247e-07, 1.7960957734e-06, 3.0613794583e-06, 2.6029785976e-06, 1.8280939621e-06, 3.6881052016e-07, 2.967390908e-07, 6.078712312e-07, 0, 0, 7.8573267494e-16, 7.3185337887e-33, 1.2479364005e-06, 2.2453795083e-06, 2.2695934903e-06, 2.0511812669e-06, 2.6860717206e-06, 1.9550802339e-06, 0, 7.6850764998e-06, 5.97814176e-07, 1.1648135355e-06, 1.036705235e-06, 2.4941302756e-06, 1.3577311322e-06, 9.7306390287e-07, 4.57282364e-06, 5.7703971509e-07, 1.3418890414e-06, 2.6267404855e-06, 3.5365168478e-06, 1.9565861603e-06, 2.6506645795e-06, 9.626297521e-07, 3.5020840949e-06, 1.2585200769e-06, 1.6024022373e-16, 1.1459368475e-05, 5.2173504837e-06, 1.8073887703e-06, 4.1251740898e-06, 1.3076356065e-06, 3.4249635625e-06, 1.2470664679e-06, 9.2150755237e-06, 3.0339948003e-06, 9.6419573334e-07, 1.5488003652e-06, 1.0052688198e-06, 4.5207163474e-06, 2.692149661e-06, 1.6951892092e-06, 1.9361334017e-06, 1.1854954118e-05, 1.0711998113e-06, 7.5133705751e-06, 3.8512257342e-06],
      [5.4813200405, 14.0812961938, 53.7737240413, 13.2322869935, 39.2739276821, 12.5633146265, 27.021865385, 21.3151081097, 6.3038474158, 5.9257146131, 10.4739661903, 11.8925905728, 6.8630427168, 9.4752080976, 5.1540760825, 4.9679319848, 6.5702617458, 1.5190631817, 4.5760827392, 4.104966383, 9.2857125254, 14.1481433176, 12.6729392129, 22.6172271886, 17.4761544735, 11.9041455456, 6.2109625781, 57.1456136606, 3.9289033379, 8.3877118824, 0.81684283475, 14.8929154026, 8.2769121659, 8.1003145736, 24.2187273255, 4.9628038456, 6.5424902385, 11.731530061, 36.0063201787, 14.6634309892, 19.7752419465, 11.5454455487, 17.9306697817, 7.1261474909, 1.6262590607, 53.9178352091, 20.1010931138, 12.0629572515, 27.4219645065, 7.7871786663, 20.3373482053, 6.4854614928, 51.2579716763, 10.8353224359, 9.0557515471, 18.1071833673, 6.3512799343, 25.0698249612, 16.1821126407, 7.2693418106, 6.3235973518, 91.7396550939, 8.689522492, 97.4203016007, 31.4446980096],
      [0.036489462881, 0.06448102413, 0.23001735717, 0.039783178721, 0.28480917123, 0.033708519235, 0.13907276065, 0.085667911906, 0.023942846877, 0.03313769669, 0.061342306762, 0.050039923642, 0.019564548392, 0.045013258679, 0.013603721173, 0.026730359205, 0.012516210677, 0.0032526152438, 0.010875189243, 0.010866603471, 0, 0.073579123386, 0.070772770008, 0.089307699196, 0.073765601569, 0.050473038494, 0.01982556226, 0.22026416897, 0.024644413178, 0.026410013069, 0.038635125712, 0.090133954086, 0.050253396136, 0.032192473563, 0.11642022109, 0.021687388838, 0.023454781793, 0.081419014976, 0.14725366118, 0.059410177347, 0.073735130937, 0.020398203108, 0.091368615221, 0.021428619586, 0.0030775579476, 0.2577525301, 0.1254973713, 0.0374839355, 0.12373404352, 0.035323762767, 0.069113495244, 0.027844630136, 0.24460669686, 0.080871884685, 0.033606962788, 0.085769374737, 0.02899002701, 0.16713856165, 0.092967217129, 0.031258656369, 0.039693328579, 0.48930898251, 0.029267222014, 0.27159383674, 0.13116898853],
      [6.4811056065, 9.8521962914, 37.9900600304, 5.726998138, 41.4370776211, 5.4019198646, 20.8357586131, 12.5964632198, 3.6714790285, 6.0400927129, 9.4632193091, 8.0556297071, 4.1164365297, 5.4786441136, 1.8320456791, 3.0045448003, 1.4167058866, 0.47768420304, 1.4127431847, 1.8836978746, 2.7136639105, 9.7761014934, 10.254266288, 12.2907513389, 10.44824746, 7.0438678042, 2.7687681031, 32.6281745066, 4.0456942467, 2.5853352229, 5.1436411572, 12.014784337, 6.6715710049, 3.8667392921, 15.6621286545, 3.0150471455, 3.433631776, 11.1847273551, 22.8419878028, 10.2756027476, 11.1489882704, 2.4335540545, 12.9761939139, 2.8520264711, 0.37063783806, 35.8189791255, 16.7701759801, 5.8987025275, 18.451429825, 5.1764522654, 10.5916633385, 3.4857934375, 37.4900647209, 12.08183024, 4.9100867502, 12.8051697178, 4.6191213121, 24.7588529994, 13.7235473433, 3.6983997642, 5.6351950367, 72.7604844589, 4.28060964, 38.2990697434, 18.4201064357],
      [0.0010837926479, 0.0020239326637, 0.0061912815748, 0.00092990802321, 0.0041824602182, 0.0010553903659, 0.0032981192727, 0.0027566996669, 0.0007301562155, 0.0010531811716, 0.0014691324608, 0.0017371934366, 0.00095437708481, 0.0011341612706, 0.00027422051413, 0.00079224788556, 0.00051615692034, 0, 0.00029888681136, 0.00046913892873, 0.0006223161604, 0.0021738202718, 0.002019459516, 0.002711722126, 0.001829778796, 0.00151165655, 0.0004437565724, 0.0059399787175, 0.00075740447066, 0.00054171678019, 0.00087984567944, 0.0021638122502, 0.0012620753259, 0.00075268769364, 0.0027192261314, 0.00046104304, 0.00042186185993, 0.0023209422033, 0.0044348208034, 0.0015541293169, 0.0020320015011, 0.00060123110793, 0.0017641871881, 0.00039615984505, 2.5543272018e-05, 0.005421675964, 0.0032283174285, 0.00085447804202, 0.002867499779, 0.0010439979239, 0.0018715359741, 0.00089919252082, 0.0073476908919, 0.0019724054246, 0.00055377572112, 0.0018759914251, 0.0006077213047, 0.0041789569864, 0.0013701066888, 0.00099807367989, 0.0015123468677, 0.010539609751, 0.00059957470982, 0.009027305794, 0.0040227149571]
    ],
    [
      [2.2305207279, 11.8359175212, 11.9288079034, 6.1951705102, 0.36969903992, 8.8570208631, 10.6284714655, 13.3437752485, 2.094874052, 4.57446494, 14.3127075922, 6.6310921182, 1.686074799, 0.088682797779, 0.049782351516, 0.53363534138, 0, 0, 0, 0, 0.88709920218, 2.2141776486, 12.2470698926, 2.0999262276, 14.1663195219, 9.3101661864, 2.5774094326e-16, 7.0624674965, 0.020231610587, 2.8422499349, 1.2116732413, 5.3197668214, 6.9529667784, 3.2226534888, 21.3276409467, 4.0596165936, 5.5639385322, 10.4109964379, 6.1946901557, 4.9252033901, 6.6136978298, 3.4235922419, 6.4307209752, 2.8199157186, 2.9673597021e-16, 7.9460672304, 17.7533875158, 2.8267194674, 11.2393801952, 4.9271705279, 11.213716192, 5.6656173294, 13.3977579836, 5.7127779732, 2.9074621333, 2.1776923343, 3.7465334513, 6.4236590991, 3.2515923335, 3.2722267619, 15.0253217382, 11.1600747703, 4.2061548923, 11.3106160978, 2.035162543],
      [3.4541728784, 24.5885828083, 37.0903584539, 18.4601857015, 0.57625571693, 29.1041158197, 19.3859512622, 24.2196856707, 13.1287958579, 4.9813773732, 14.2551905904, 11.764720309, 2.3645979397, 4.4167250343, 3.7987757869, 1.976851371, 6.3059868401, 0.48064586423, 3.3672182099, 2.1780603361, 5.146081642, 5.5691471044, 27.8541911516, 17.9744996369, 35.8064410982, 20.7828897974, 2.7390784819, 25.2395942133, 0.058801878346, 8.3567254619, 0.1643740949, 14.701060872, 20.0906334782, 13.659877855, 38.8257499331, 17.6654292953, 8.3000427378, 16.8524228528, 33.3799113538, 16.1956653326, 20.9800312376, 24.0501273643, 10.8737854557, 4.852906924, 3.3325675058, 10.879455942, 20.5395916972, 7.3647547535, 31.0134188943, 11.060720834, 29.0506932208, 9.3345824458, 28.0913421545, 5.0021095656, 13.6889126601, 17.5965201989, 9.5232046389, 12.5018819058, 7.5268583729, 4.6141978788, 13.3971102155, 42.1807871763, 15.0165199204, 98.338936254, 9.3794599455],
      [0, 0, 0, 0.031722657612, 6.3524719444, 0, 4.9273734314, 1.1148047132, 0, 0, 1.3439518454, 0, 0, 5.0709610365, 0.38260934054, 3.5100225763, 0, 0.073459819187, 0.24418705557, 0, 0, 3.4056494464, 11.5021762574, 6.7915494323, 10.193423876, 5.7363049394, 0.36871477285, 0, 0.074553344672, 9.478329226, 7.0339690715, 21.3498237142, 25.4607319602, 13.4236384694, 25.4903562839, 10.5089092939, 0.28763088199, 19.7680502994, 0, 0, 0, 0.90330972081, 5.6661636172, 0.38708686512, 2.493435106, 5.2854256686, 16.444774979, 0, 5.6745647406, 2.3068433345, 0, 4.9653551109, 0, 3.8629555258, 2.8563634746, 5.4405670982, 0, 12.0573235897, 7.272088012, 3.6967007728, 2.0388860021, 22.6340555656, 1.661867521, 0, 2.1946873402],
