{
  "X": [
    [46, 257, 577, 47],
    [46, 359, 673, 60],
    [19, 197, 382, 34],
    [37, 87, 262, 12],
    [14, 106, 267, 10],
    [18, 50, 284, 17],
    [3, 11, 37, 7],
    [4, 7, 19, 2],
    [5, 47, 306, 22],
    [24, 142, 521, 24],
    [1, 9, 42, 5],
    [22, 139, 276, 35],
    [28, 120, 178, 29],
    [20, 98, 289, 32],
    [46, 294, 445, 36],
    [35, 142, 157, 18],
    [70, 332, 727, 58],
    [21, 155, 281, 22],
    [24, 122, 351, 23],
    [32, 150, 332, 21],
    [30, 126, 301, 16],
    [16, 150, 71, 24],
    [29, 197, 596, 27],
    [31, 272, 513, 39],
    [22, 124, 140, 19],
    [31, 241, 178, 32],
    [41, 265, 341, 40],
    [28, 257, 475, 41],
    [36, 288, 323, 29],
    [24, 228, 270, 27],
    [31, 164, 267, 23],
    [26, 131, 190, 22],
    [29, 206, 345, 25],
    [12, 89, 91, 8],
    [11, 88, 73, 7],
    [60, 372, 555, 57],
    [33, 268, 403, 28],
    [78, 557, 797, 106],
    [33, 219, 359, 25],
    [9, 93, 297, 15],
    [87, 208, 601, 50],
    [54, 141, 276, 36],
    [12, 55, 224, 24],
    [24, 88, 266, 35],
    [13, 27, 59, 5],
    [8, 31, 122, 8],
    [13, 195, 149, 27],
    [0, 28, 17, 9],
    [36, 325, 348, 68],
    [31, 235, 303, 35],
    [10, 16, 99, 4],
    [320, 2270, 4511, 339],
    [80, 310, 484, 58],
    [164, 543, 795, 129],
    [48, 157, 321, 17]
  ],
  "W": [
    [36, 54, 163, 559, 90, 25],
    [45, 45, 237, 663, 121, 27],
    [21, 22, 136, 377, 52, 24],
    [16, 46, 40, 242, 44, 10],
    [10, 26, 58, 261, 31, 11],
    [11, 20, 33, 281, 15, 9],
    [0, 2, 8, 39, 6, 3],
    [0, 4, 4, 19, 4, 1],
    [29, 14, 20, 291, 22, 4],
    [23, 34, 82, 505, 55, 12],
    [1, 0, 3, 43, 9, 1],
    [23, 39, 99, 265, 35, 11],
    [14, 29, 92, 178, 28, 14],
    [11, 32, 66, 283, 33, 14],
    [35, 87, 182, 425, 61, 31],
    [5, 34, 93, 168, 40, 12],
    [22, 103, 223, 709, 97, 33],
    [20, 36, 88, 291, 33, 11],
    [21, 28, 68, 348, 47, 8],
    [17, 44, 101, 321, 35, 17],
    [12, 39, 87, 288, 40, 7],
    [8, 18, 120, 70, 30, 15],
    [30, 38, 125, 572, 63, 21],
    [34, 44, 203, 481, 69, 24],
    [7, 27, 85, 135, 39, 12],
    [17, 43, 179, 173, 56, 14],
    [16, 54, 178, 343, 65, 31],
    [27, 44, 178, 461, 68, 23],
    [21, 49, 187, 323, 75, 21],
    [11, 32, 163, 272, 59, 12],
    [10, 43, 112, 263, 41, 16],
    [3, 35, 90, 195, 33, 13],
    [26, 50, 141, 332, 40, 16],
    [3, 16, 65, 93, 21, 2],
    [2, 15, 53, 78, 24, 7],
    [27, 100, 251, 539, 87, 40],
    [16, 58, 178, 392, 64, 24],
    [78, 106, 396, 774, 137, 47],
    [21, 64, 144, 344, 43, 20],
    [14, 20, 55, 287, 30, 8],
    [20, 143, 110, 591, 48, 34],
    [17, 84, 63, 265, 58, 20],
    [6, 24, 29, 211, 28, 17],
    [19, 24, 69, 231, 51, 19],
    [2, 12, 14, 54, 19, 3],
    [3, 8, 20, 122, 10, 6],
    [8, 13, 153, 136, 64, 10],
    [0, 5, 22, 15, 8, 4],
    [28, 34, 253, 316, 119, 27],
    [17, 30, 164, 283, 84, 26],
    [4, 9, 6, 95, 10, 5],
    [250, 528, 1484, 4320, 669, 189],
    [15, 121, 207, 469, 86, 34],
    [48, 231, 375, 773, 130, 74],
    [16, 113, 75, 295, 27, 17]
  ],
  "method": "mvn_cdf",
  "mvncdf_method": "genz",
  "mvncdf_samples": 5000,
  "mvncdf_error": 0.001,
  "cond_prob": [
    [
      [0.00092996912947, 0.15680789582, 0.67849589901, 0.16376623604],
      [0.53217584108, 0.30749307643, 0.12651576103, 0.033815321463],
      [0.0063588994161, 0.9381115709, 0.0056524360449, 0.04987709364],
      [0.0049975679463, 0.045814286478, 0.93918919837, 0.0099989472092],
      [0.11080726647, 0.54053827612, 0.1960041739, 0.15265028352],
      [0.13704922498, 0.30317890301, 0.086952477073, 0.47281939494]
    ],
    [
      [0.0010028987464, 0.17886809589, 0.64006574032, 0.18006326504],
      [0.53033268642, 0.324626078, 0.1106433058, 0.034397929774],
      [0.0060314390903, 0.94095377124, 0.0047092536669, 0.048305536005],
      [0.0056602496897, 0.054754618732, 0.92835842749, 0.011226704085],
      [0.10964030952, 0.56615905049, 0.17003449095, 0.15416614904],
      [0.13486017063, 0.31589485418, 0.075044036008, 0.47420093918]
    ],
    [
      [0.0007256441971, 0.17000713788, 0.66421284087, 0.16505437705],
      [0.45284970734, 0.37171891769, 0.13752173368, 0.037909641284],
      [0.0045912139395, 0.94385278522, 0.004887008688, 0.046668992153],
      [0.0042356849675, 0.050182659265, 0.93509556371, 0.010486092057],
      [0.082635000661, 0.57770441663, 0.18821634645, 0.15144423625],
      [0.10432456448, 0.33035678823, 0.085130895204, 0.48018775209]
    ],
    [
      [0.0010392067081, 0.13705009789, 0.76429953527, 0.097611160126],
      [0.5936835163, 0.25402497324, 0.13393042554, 0.018361084923],
      [0.0084531361058, 0.95000338043, 0.0079760627962, 0.033567420664],
      [0.0045428363712, 0.037295631155, 0.95663732471, 0.0015242077635],
      [0.14194929965, 0.51843038372, 0.24048817863, 0.099132137996],
      [0.1990669912, 0.32854348244, 0.12036529092, 0.35202423544]
    ],
    [
      [0.00053732135824, 0.17405552447, 0.73149737485, 0.093909779328],
      [0.381659678, 0.426192247, 0.16839532313, 0.023752751872],
      [0.0033758241362, 0.96530489584, 0.0059368744267, 0.025382405592],
      [0.0028338034926, 0.049970099936, 0.94599992012, 0.0011961764565],
      [0.065644463135, 0.62600571925, 0.21778192321, 0.090567894398],
      [0.10009784452, 0.43112627222, 0.11865366942, 0.35012221384]
    ],
    [
      [0.0010514628179, 0.10474867382, 0.70387292524, 0.19032693813],
      [0.62470564213, 0.20592994035, 0.13035073263, 0.039013684893],
      [0.010126787735, 0.89978041688, 0.0088492946652, 0.081243500724],
      [0.0057491091151, 0.024740097802, 0.95753907393, 0.011971719156],
      [0.14423317388, 0.41841966554, 0.23284121687, 0.20450594372],
      [0.15345997797, 0.20090550653, 0.088584268824, 0.55705024668]
    ],
    [
      [0.00096572299436, 0.094484849083, 0.44127099148, 0.46327843644],
      [0.7001688702, 0.15902269062, 0.06518993465, 0.075618504533],
      [0.010165730562, 0.81507590374, 0.004960747345, 0.16979761835],
      [0.013946109003, 0.048443226449, 0.92406997462, 0.01354068993],
      [0.12351578717, 0.3323682006, 0.11868879499, 0.42542721723],
      [0.077781147, 0.092617451216, 0.026357457292, 0.80324394449]
    ],
    [
      [0.001409338147, 0.12857641858, 0.7149973945, 0.15501684878],
      [0.74856842097, 0.15918066454, 0.067877473325, 0.024373441164],
      [0.0092164753345, 0.93457272944, 0.0033181911915, 0.052892604032],
      [0.0010385172114, 0.02532891621, 0.94353630379, 0.030096262788],
      [0.18572657974, 0.47919307406, 0.18001774816, 0.15506259803],
      [0.20622226878, 0.22696471986, 0.067956577254, 0.49885643411]
    ],
    [
      [0, 0.10785437409, 0.65755627363, 0.23458935229],
      [0.30417613611, 0.38668722923, 0.22213828269, 0.086998351964],
      [0.0024857261104, 0.89332536243, 0.0079544904695, 0.096234420988],
      [0, 0.032019159578, 0.95610283641, 0.011878004011],
      [0.024029458129, 0.47565155834, 0.23227220851, 0.26804677502],
      [0.04079287334, 0.20254624327, 0.081482078732, 0.67517880466]
    ],
    [
      [0.00064476765696, 0.13210934711, 0.74202154279, 0.12522434244],
      [0.45996632443, 0.3308536001, 0.17626526246, 0.032914813015],
      [0.0051569836723, 0.94207776747, 0.0076416833002, 0.045123565553],
      [0.0035295767811, 0.034742506381, 0.95491475606, 0.0068131607753],
      [0.086662898244, 0.52931886199, 0.24853597365, 0.13548226611],
      [0.1145455812, 0.31704854568, 0.11770309992, 0.45070277319]
    ],
    [
      [0.00060593480543, 0.12430905296, 0.55659903051, 0.31848598173],
      [0.48871636891, 0.31035845379, 0.12233554314, 0.078589634153],
      [0.0039365720929, 0.89214920445, 0.004355145024, 0.099559078431],
      [0.0087987092124, 0.042646553607, 0.92931118987, 0.019243547307],
      [0.062293289771, 0.46690707015, 0.15834378609, 0.31245585399],
      [0.04860024484, 0.16327789726, 0.044860295, 0.7432615629]
    ],
    [
      [0.00061766431699, 0.13702458638, 0.60830890315, 0.25404884616],
      [0.43912522681, 0.34795057856, 0.14625985605, 0.066664338577],
      [0.0045619078249, 0.9066194957, 0.0062391252283, 0.082579471248],
      [0.0038454244551, 0.047933923884, 0.93786819892, 0.010352452742],
      [0.073575090816, 0.49531273524, 0.18352247509, 0.24758969885],
      [0.074010485563, 0.22587239206, 0.066248009288, 0.63386911309]
    ],
    [
      [0.0013830344998, 0.16348902344, 0.55713870213, 0.27798923993],
      [0.65764608459, 0.2287827079, 0.073428248467, 0.040142959042],
      [0.0086891901736, 0.91033281784, 0.0047581688074, 0.076219823176],
      [0.0076058245662, 0.060201249297, 0.91639681513, 0.015796111011],
      [0.16014118556, 0.48270580407, 0.13647935308, 0.22067365728],
      [0.16226468567, 0.22101792945, 0.049488032544, 0.56722935233]
    ],
    [
      [0.00061889740465, 0.11400228275, 0.63485921306, 0.25051960679],
      [0.46074141748, 0.30749691027, 0.16189785135, 0.069863820895],
      [0.005378491366, 0.89020741994, 0.0076268380679, 0.096787250628],
      [0.0043431605265, 0.037508286852, 0.94862512638, 0.0095234262365],
      [0.078757047649, 0.44808343215, 0.20792305533, 0.26523646488],
      [0.076170666972, 0.19648468608, 0.072148179133, 0.65519646782]
    ],
    [
      [0.0006908344169, 0.19900814448, 0.66456300564, 0.13573801546],
      [0.41322821456, 0.42242939674, 0.13421871053, 0.030123678173],
      [0.0037930710993, 0.95832863924, 0.0050809749834, 0.032797314679],
      [0.0038814369099, 0.058461442197, 0.93081061183, 0.0068465090611],
      [0.073708354456, 0.63281372808, 0.17699260843, 0.11648530903],
      [0.10286473808, 0.40063853997, 0.088628077299, 0.40786864465]
    ],
    [
      [0.0021552741015, 0.26284254091, 0.52800560189, 0.2069965831],
      [0.67405435946, 0.25583987545, 0.048492738213, 0.02161302687],
      [0.0063524167733, 0.95124180705, 0.0032256251529, 0.039180151024],
      [0.0091844461613, 0.093660784929, 0.88050341635, 0.01665135256],
      [0.18053411623, 0.59427397813, 0.098928690197, 0.12626321544],
      [0.22635408694, 0.33464770678, 0.044126183109, 0.39487202316]
    ],
    [
      [0.00079210827089, 0.14129300626, 0.69731957575, 0.16059530972],
      [0.50288734132, 0.31265446926, 0.1469849411, 0.037473248317],
      [0.0059974958214, 0.93334473957, 0.0065967286786, 0.054061035932],
      [0.0043588160784, 0.039901748719, 0.94627484543, 0.0094645897766],
      [0.10015844865, 0.52255913763, 0.21653313295, 0.16074928078],
      [0.12248381136, 0.2901118307, 0.095026381879, 0.49237797606]
    ],
    [
      [0.00092181865927, 0.25789206845, 0.54763253451, 0.19355357839],
      [0.42225289418, 0.45095976545, 0.091248537429, 0.035538802941],
      [0.0039021506501, 0.95473209093, 0.004820517871, 0.036545240546],
      [0.0066466291926, 0.079171886968, 0.8996252264, 0.014556257443],
      [0.073879716557, 0.67159107696, 0.11913650773, 0.13539269875],
      [0.096806403421, 0.39905985686, 0.055977341205, 0.44815639851]
    ],
    [
      [0.00099838151969, 0.16800953168, 0.65690695016, 0.17408513664],
      [0.54261527976, 0.3093875914, 0.11437180661, 0.033625322239],
      [0.006340138911, 0.9395179927, 0.0049495182087, 0.049192350177],
      [0.0055594763933, 0.050279875937, 0.93269403285, 0.011466614817],
      [0.1130395935, 0.55265961935, 0.17993104057, 0.15436974658],
      [0.13838975372, 0.30616560451, 0.078961735501, 0.47648290627]
    ],
    [
      [0.00090683512458, 0.15156680206, 0.7202121841, 0.12731417872],
      [0.53077773151, 0.30530225487, 0.13702418743, 0.026895826198],
      [0.0064369223114, 0.94713870059, 0.0062995278742, 0.040124849223],
      [0.0047611456833, 0.042188500669, 0.94627335145, 0.0067770022027],
      [0.11185637645, 0.54754578501, 0.216545904, 0.12405193454],
      [0.14923138371, 0.33073207065, 0.1034249326, 0.41661161303]
    ],
    [
      [0.00092867768752, 0.13046871862, 0.74956271118, 0.11903989252],
      [0.56050240244, 0.26827459797, 0.1455186737, 0.025704325888],
      [0.0076084436762, 0.94106774406, 0.0079774736194, 0.043346338646],
      [0.0046972092272, 0.033495504164, 0.95529848695, 0.0065087996591],
      [0.12414742828, 0.50808859223, 0.24267729091, 0.12508668858],
      [0.16409059772, 0.30407477634, 0.11470330122, 0.41713132471]
    ],
    [
      [0.0013074444295, 0.23676746395, 0.5010545792, 0.26087051242],
      [0.53055714962, 0.35781586841, 0.070182717968, 0.041444263993],
      [0.0070588215778, 0.93850049225, 0, 0.054440686175],
      [0.0095957392402, 0.086023144748, 0.88478016066, 0.019600955351],
      [0.10442395371, 0.60976255826, 0.10498055376, 0.18083293427],
      [0.11920218693, 0.31537458048, 0.042949772258, 0.52247346033]
    ],
    [
      [0.00068712363643, 0.13536072062, 0.75672889997, 0.10722325578],
      [0.4676651494, 0.32979190557, 0.17516650862, 0.027376436415],
      [0.0053803587522, 0.94899256493, 0.007880692667, 0.037746383654],
      [0.0038027495267, 0.035910912584, 0.95638776105, 0.0038985768353],
      [0.090583373201, 0.5406671893, 0.2531105086, 0.1156389289],
      [0.12636383471, 0.34190192524, 0.12652179645, 0.4052124436]
    ],
    [
      [0.00063561858067, 0.13347125482, 0.73778577446, 0.12810735214],
      [0.45101992869, 0.33768090465, 0.17721752665, 0.034081640003],
      [0.0050674420115, 0.94146278587, 0.0075503610801, 0.045919411043],
      [0.0034133282547, 0.03568749505, 0.9538895575, 0.0070096191954],
      [0.084127449767, 0.53185212639, 0.24604189457, 0.13797852927],
      [0.11075901888, 0.31764959003, 0.11613422139, 0.4554571697]
    ],
    [
      [0.0010498909232, 0.1842061882, 0.64042107169, 0.17432284919],
      [0.54072442759, 0.3222642361, 0.10467877944, 0.032332556878],
      [0.0061557602791, 0.94391090273, 0.0036225590982, 0.046310777892],
      [0.0060013355798, 0.054999414848, 0.92652033821, 0.012478911362],
      [0.11231585747, 0.57583007564, 0.16464893519, 0.1472051317],
      [0.13994607086, 0.32455846844, 0.073437816609, 0.46205764408]
    ],
    [
      [0.001124444087, 0.22440373845, 0.56061035116, 0.2138614663],
      [0.50049872703, 0.37372511236, 0.088110449403, 0.037665711201],
      [0.0059602558236, 0.94417918631, 0.0028060444387, 0.047054513427],
      [0.007411780152, 0.074199832252, 0.90309822757, 0.015290160023],
      [0.097374087716, 0.61613018399, 0.12785378364, 0.15864194465],
      [0.11838332267, 0.34050149869, 0.055913392671, 0.48520178597]
    ],
    [
      [0.0010395094706, 0.21172644589, 0.60281698117, 0.18441706347],
      [0.50501921571, 0.36337453167, 0.098207939892, 0.033398312724],
      [0.0054907288061, 0.94817957588, 0.0039610609968, 0.042368634313],
      [0.0065915807058, 0.066071433976, 0.91503519787, 0.012301787446],
      [0.10047838829, 0.61051366048, 0.14528839417, 0.14371955706],
      [0.12719267908, 0.35059025364, 0.065993941898, 0.45622312538]
    ],
    [
      [0.00059644322288, 0.16089897235, 0.67778790609, 0.16071667834],
      [0.42334925782, 0.38317034165, 0.15320869111, 0.040271709427],
      [0.0039874952807, 0.9425287215, 0.0054234817454, 0.04806030147],
      [0.0030481101276, 0.047123105484, 0.93976767592, 0.01006110847],
      [0.074604751212, 0.57040864826, 0.20097574459, 0.15401085595],
      [0.094280551211, 0.32672089463, 0.091039788964, 0.48795876519]
    ],
    [
      [0.0010857873966, 0.24718844497, 0.59869970836, 0.15302605928],
      [0.4717184536, 0.40786873892, 0.094080748661, 0.026332058816],
      [0.0052857822239, 0.96050122645, 0.0048283833863, 0.02938460794],
      [0.0073848725286, 0.076300374182, 0.90833624118, 0.0079785121053],
      [0.091099120083, 0.66350533256, 0.1348053687, 0.11059017866],
      [0.12651452997, 0.41913449046, 0.067211104376, 0.38713987519]
    ],
    [
      [0.00089833565378, 0.21032465002, 0.61018798297, 0.17858903135],
      [0.4699344875, 0.38867419161, 0.10666247086, 0.034728850026],
      [0.0049277026746, 0.9495955866, 0.0039690897665, 0.041507620963],
      [0.0058391137578, 0.064604909622, 0.91751764403, 0.012038332589],
      [0.08822138153, 0.61981745824, 0.14978003565, 0.14218112458],
      [0.11297489328, 0.36025072081, 0.068829183992, 0.45794520192]
    ],
    [
      [0.00094356728535, 0.17346073515, 0.67131866897, 0.15427702859],
      [0.52071266413, 0.32861181428, 0.11986979024, 0.030805731345],
      [0.0058882300859, 0.94645337877, 0.0047409667176, 0.042917424427],
      [0.0052385625495, 0.050719685857, 0.93423941518, 0.0098023364128],
      [0.10656438519, 0.57217775168, 0.18391658505, 0.13734127808],
      [0.13709726603, 0.33335881331, 0.084742367384, 0.44480155328]
    ],
    [
      [0.001069196486, 0.19081761129, 0.59482557893, 0.2132876133],
      [0.5391369726, 0.32677940021, 0.095621808082, 0.038461819111],
      [0.0060454133926, 0.93702373287, 0.003538418588, 0.053392435148],
      [0.006589771133, 0.061008125871, 0.91741590628, 0.014986196721],
      [0.10996511709, 0.57090703037, 0.14710979369, 0.17201805884],
      [0.12838899456, 0.30166274255, 0.061505953222, 0.50844230966]
    ],
    [
      [0.00072419424889, 0.18016162398, 0.67971625271, 0.13939792906],
      [0.44076887586, 0.38886402995, 0.13879171785, 0.031575376336],
      [0.004351198973, 0.95336674788, 0.0049435553163, 0.037338497834],
      [0.0040544250657, 0.052374061824, 0.9356224177, 0.0079490954076],
      [0.080828799468, 0.6034675555, 0.18977784413, 0.1259258009],
      [0.10937418754, 0.3700621302, 0.092062112164, 0.4285015701]
    ],
    [
      [0.0011353132051, 0.22833643055, 0.60238194896, 0.16814630728],
      [0.5252466922, 0.35950387185, 0.087353559927, 0.027895876018],
      [0.0060937535043, 0.95473018716, 0.002399378782, 0.036776680549],
      [0.0076969582779, 0.069127164793, 0.91043476868, 0.012741108244],
      [0.10497656558, 0.63440136453, 0.13529537534, 0.12532669456],
      [0.13811400519, 0.37710580611, 0.063800601869, 0.42097958683]
    ],
    [
      [0.0012155651132, 0.33061857943, 0.51464567883, 0.15352017663],
      [0.4518167486, 0.4591714075, 0.067094244957, 0.021917598945],
      [0.0073352544051, 0.96577735809, 0.0055006177422, 0.021386769764],
      [0.012482546034, 0.10608379378, 0.87275275267, 0.008680907508],
      [0.083581171038, 0.73224748814, 0.093879972331, 0.090291368491],
      [0.1217089231, 0.48807373135, 0.049275454746, 0.34094189081]
    ],
    [
      [0.00073056867706, 0.17535319217, 0.6587033291, 0.16521291005],
      [0.45150339726, 0.37650767104, 0.13455580435, 0.037433127361],
      [0.0045076283913, 0.94500466275, 0.0049535243328, 0.045534184529],
      [0.004072749199, 0.052237401469, 0.93351075963, 0.010179089707],
      [0.083458509723, 0.58383294194, 0.18390132509, 0.14880722324],
      [0.10606045074, 0.33672752544, 0.08385950878, 0.47335251504]
    ],
    [
      [0.00063430639055, 0.18426617187, 0.69208842271, 0.12301109902],
      [0.4105353749, 0.4134100508, 0.14727938302, 0.028775191282],
      [0.0037807976544, 0.9590821836, 0.0054094194824, 0.031727599262],
      [0.0034042648822, 0.053752606647, 0.93770616193, 0.0051369665363],
      [0.073139395064, 0.62045675572, 0.19475086952, 0.1116529797],
      [0.10376767722, 0.39904481044, 0.099026384429, 0.39816112791]
    ],
    [
      [0.00093667238052, 0.18145628402, 0.59396130953, 0.22364573407],
      [0.49908681584, 0.34740459909, 0.10857424315, 0.04493434192],
      [0.0054777616173, 0.93194980858, 0.0046622907474, 0.057910139057],
      [0.0057967634556, 0.059844756921, 0.92136166974, 0.012996809887],
      [0.096334448076, 0.56172608811, 0.15473811727, 0.18720134655],
      [0.11000062073, 0.29134217486, 0.063464393726, 0.53519281069]
    ],
    [
      [0.00060683150335, 0.17664743331, 0.69650724503, 0.12623849016],
      [0.4096934987, 0.40765340933, 0.15218520524, 0.030467886736],
      [0.0037407195571, 0.95651957851, 0.0054199931909, 0.034319708746],
      [0.0031254028926, 0.050998779933, 0.93961230806, 0.0062635091186],
      [0.072647891093, 0.60940487053, 0.20046055381, 0.11748668457],
      [0.10146055467, 0.38568883346, 0.10032889574, 0.41252171614]
    ],
    [
      [0.00027997985408, 0.13858202316, 0.73684430485, 0.12429369213],
      [0.3368584554, 0.41596501376, 0.2081169069, 0.039059623938],
      [0.0016622078707, 0.94837193999, 0.0071006008373, 0.0428652513],
      [0, 0.038154017903, 0.95376675334, 0.0080792287614],
      [0.053087985263, 0.56280870321, 0.24808603891, 0.13601727262],
      [0.07185627291, 0.34320380831, 0.11970864667, 0.46523127211]
    ],
    [
      [0.00085923054379, 0.14536841281, 0.66331365276, 0.19045870389],
      [0.51982186326, 0.30544751047, 0.1326127826, 0.04211784367],
      [0.0062490171386, 0.92620383367, 0.0060386654608, 0.061508483729],
      [0.0048102072644, 0.04335748072, 0.94054603287, 0.011286279142],
      [0.10460571758, 0.51552258238, 0.19729606452, 0.18257563551],
      [0.12049970944, 0.26946649948, 0.081556744325, 0.52847704675]
    ],
    [
      [0.00095376773449, 0.17160020738, 0.61212647447, 0.21531955041],
      [0.52053084258, 0.32641960507, 0.11002003306, 0.043029519282],
      [0.0058695085543, 0.93065192728, 0.0045112587985, 0.058967305362],
      [0.0057139913596, 0.05509363141, 0.92560261133, 0.013589765898],
      [0.10369103401, 0.54786125804, 0.16295870616, 0.1854890018],
      [0.11805642249, 0.282835647, 0.066583044594, 0.53252488592]
    ],
    [
      [0.00033803418793, 0.0931965971, 0.72987231213, 0.17659305658],
      [0.37404245345, 0.32379982011, 0.23807682835, 0.064080898097],
      [0.0038665905312, 0.90055057029, 0.010285095993, 0.085297743188],
      [0.00086779150752, 0.02245662197, 0.96608220806, 0.010593378458],
      [0.058790726865, 0.43572909767, 0.28254889575, 0.22293127972],
      [0.063504554495, 0.21264095448, 0.10905526356, 0.61479922747]
    ],
    [
      [0.0010049891193, 0.069102397373, 0.77249693968, 0.15739567382],
      [0.553100739, 0.19567765994, 0.20487534334, 0.046346257711],
      [0.010651131287, 0.87362663429, 0.016578832789, 0.099143401639],
      [0.0073916411327, 0.0030275276054, 0.98017953468, 0.0094012965864],
      [0.11573429811, 0.3483666777, 0.32298322872, 0.21291579547],
      [0.12429690035, 0.17076281083, 0.12463122466, 0.58030906415]
    ],
    [
      [0.0012408045174, 0.12708758225, 0.75605254308, 0.11561907015],
      [0.70220307605, 0.18138963471, 0.098033013274, 0.018374275962],
      [0.010523459183, 0.93824946949, 0.008212938591, 0.043014132733],
      [0, 0.031588292201, 0.95698056387, 0.011431143928],
      [0.19291208226, 0.46947356035, 0.222029842, 0.1155845154],
      [0.25280782896, 0.26929707351, 0.10033338912, 0.37756170841]
    ],
    [
      [0.0010040463329, 0.12476319617, 0.71654486802, 0.15768788947],
      [0.60921463468, 0.23551373855, 0.12419537647, 0.031076250303],
      [0.0082801750397, 0.92721990448, 0.0068589565491, 0.057640963936],
      [0.0055847930618, 0.031727869084, 0.95028236271, 0.01240497514],
      [0.13344661547, 0.48089583581, 0.2228452768, 0.16281227193],
      [0.15697606243, 0.25290733788, 0.092787039007, 0.49732956069]
    ],
    [
      [0.00066461351583, 0.15960543325, 0.66836367641, 0.17136627683],
      [0.44287148703, 0.36998246273, 0.14542065059, 0.041725399646],
      [0.0046756540208, 0.937951783, 0.0048157582611, 0.052556804716],
      [0.00383709018, 0.045996600534, 0.9389981768, 0.011168132482],
      [0.078678999563, 0.56280403017, 0.19477977815, 0.16373719211],
      [0.096467845874, 0.31317661156, 0.085615326995, 0.50474021558]
    ],
    [
      [0.00014605721254, 0.11935903251, 0.55554747263, 0.32494743765],
      [0, 0.67073390571, 0.19757392172, 0.13169217256],
      [0, 0.88153855202, 0.013087897446, 0.10537355053],
      [0, 0.037866389206, 0.94706267303, 0.015070937765],
      [0, 0.4936979301, 0.16632385003, 0.33997821988],
      [0, 0.18372576203, 0.046916437978, 0.76935779999]
    ],
    [
      [0.0008656606784, 0.13669164308, 0.65261828549, 0.20982441076],
      [0.51696765568, 0.29918683267, 0.13576026426, 0.048085247397],
      [0.0067050454764, 0.91681224149, 0.0067409719305, 0.069741741104],
      [0.0051792766667, 0.042572826916, 0.94214273247, 0.010105163946],
      [0.1014359762, 0.49535888537, 0.19820955726, 0.20499558117],
      [0.11092415214, 0.24615051562, 0.077827124021, 0.56509820822]
    ],
    [
      [0.0009160029119, 0.15851987782, 0.69983910337, 0.1407250159],
      [0.52419486954, 0.31484968827, 0.13155394557, 0.029401496619],
      [0.0062697554587, 0.94535740797, 0.0057030075114, 0.042669829056],
      [0.0049708570379, 0.045023505437, 0.94205889386, 0.0079467436626],
      [0.10874410105, 0.55424139827, 0.20402514976, 0.13298935091],
      [0.14188788227, 0.32781257799, 0.095386311554, 0.43491322819]
    ],
    [
      [0.0012635007603, 0.11307864062, 0.79296483902, 0.0926930196],
      [0.70206537591, 0.17268021634, 0.11035667412, 0.014897733633],
      [0.012501125662, 0.94112560582, 0.0089463355892, 0.037426932924],
      [0.003751706264, 0.025810217098, 0.96462635911, 0.0058117175263],
      [0.19359468591, 0.45331940317, 0.25386474496, 0.099221165957],
      [0.26179838112, 0.2723290399, 0.12062019962, 0.34525237936]
    ],
    [
      [0.00061245075117, 0.15501196399, 0.69949575778, 0.14487982748],
      [0.43229082892, 0.37089977849, 0.16026204437, 0.036547348229],
      [0.0042972300105, 0.94448474148, 0.0062218820375, 0.044996146471],
      [0.0030173544386, 0.044834182095, 0.9443567492, 0.0077917142627],
      [0.078872342209, 0.56364944625, 0.21475046529, 0.14272774624],
      [0.10274958833, 0.33349959475, 0.10045084839, 0.46329996853]
    ],
    [
      [0.00089552805304, 0.15522640612, 0.65281931638, 0.19105874945],
      [0.52162159311, 0.31275533981, 0.12505276568, 0.040570301401],
      [0.0061278291487, 0.93014201422, 0.0054716823394, 0.058258474295],
      [0.0049937976416, 0.047090854373, 0.93643744165, 0.011477906331],
      [0.10549087009, 0.53071658447, 0.187091446, 0.17670109944],
      [0.12316434582, 0.28122276126, 0.078372437385, 0.51724045553]
    ],
    [
      [0.0010979365452, 0.1582530154, 0.59260769018, 0.24804135788],
      [0.56674204029, 0.28517771417, 0.10198546676, 0.046094778783],
      [0.0072758618641, 0.91590045617, 0.0052759932614, 0.071547688704],
      [0.0067257415044, 0.054732882553, 0.92598978782, 0.012551588122],
      [0.12047332006, 0.5057856166, 0.15951548111, 0.21422558224],
      [0.12757986147, 0.24330383586, 0.06068340605, 0.56843289662]
    ],
    [
      [0.00050072227676, 0.15898378474, 0.7399267933, 0.10058869968],
      [0.3855568354, 0.40849749562, 0.1795991488, 0.026346520179],
      [0.0034896308267, 0.95989784047, 0.0064129827685, 0.030199545937],
      [0.0022228161269, 0.045296494844, 0.94927613455, 0.0032045544786],
      [0.067405970388, 0.59835568424, 0.23213213011, 0.10210621526],
      [0.099214810214, 0.39915499707, 0.12243921057, 0.37919098214]
    ]
  ],
  "expected_outcome": [
    [
      [0.033478888661, 0.045130443587, 0.015238528139, 0.01662730733, 0.0053732135824, 0.011566090997, 0, 0, 0, 0.01482965611, 0.00060593480543, 0.014206279291, 0.019362482998, 0.0068078714512, 0.024179204592, 0.010776370507, 0.017426381959, 0.018436373185, 0.020966011914, 0.015416197118, 0.01114413225, 0.010459555436, 0.020613709093, 0.021611031743, 0.0073492364626, 0.019115549479, 0.016632151529, 0.016103967018, 0.022801535329, 0.0098816921916, 0.0094356728535, 0.003207589458, 0.018829050471, 0.0034059396152, 0.0024311302265, 0.019725354281, 0.010148902249, 0.07306044568, 0.01274346157, 0.0039197179571, 0.017184610876, 0.016214051486, 0.0020282051276, 0.019094793267, 0.0024816090348, 0.0030121389988, 0.0053169081267, 0, 0.024238498995, 0.015572049502, 0.0050540030413, 0.15311268779, 0.013432920796, 0.052700954168, 0.0080115564281],
      [5.6450842495, 8.0490643153, 3.5701498955, 2.1928015663, 1.7405552447, 1.152235412, 0, 0, 3.1277768485, 3.0385149836, 0.12430905296, 3.1515654867, 2.2888463282, 1.2540251103, 6.9652850567, 1.3142127046, 3.1084461377, 5.1578413689, 3.5282001653, 2.576635635, 1.5656246234, 1.8941397116, 4.0608216186, 4.5380226637, 1.2894433174, 3.8148635536, 3.3876231342, 4.3442722535, 5.1909573443, 2.3135711502, 1.7346073515, 0.57245283387, 4.6842022235, 0.68500929166, 0.66123715885, 4.7345361885, 2.94825875, 14.1535901537, 3.7095960994, 1.9401483243, 2.9073682561, 2.9172035255, 0.5591795826, 1.3129455501, 0.25417516451, 0.37428958851, 1.276843466, 0, 3.8273660061, 2.6948379229, 0.45231456247, 38.7529909979, 2.3283960918, 7.596144739, 2.5437405558],
      [24.4258523643, 28.8029583144, 13.9484696583, 12.2287925643, 7.3149737485, 7.7426021776, 0, 0, 19.0691319351, 17.0664954841, 0.55659903051, 13.9911047724, 7.7999418298, 6.9834513436, 23.2597051976, 2.6400280094, 15.3410306665, 10.9526506902, 13.7950459534, 12.2436071297, 8.9947525341, 4.0084366336, 22.701866999, 25.0847163318, 4.4829475018, 9.5303759697, 9.6450716987, 18.3002734643, 12.5726938755, 6.7120678127, 6.7131866897, 1.7844767368, 17.6726225704, 1.8071458469, 1.0292913577, 17.7849898858, 11.0734147634, 46.3289821434, 14.6266521455, 10.315820268, 13.2662730552, 10.4061500661, 4.3792338728, 14.677441854, 1.5121050862, 2.1496346041, 5.3469094113, 0, 18.2733119937, 11.8972647573, 3.1718593561, 174.873939444, 9.7922897457, 28.4451691288, 11.8388286929],
      [5.8955844976, 8.1028469268, 3.466141918, 1.561778562, 0.93909779328, 2.0935963194, 0, 0, 6.8030912163, 2.8801598761, 0.31848598173, 5.8431234616, 3.891849359, 2.7557156747, 4.7508305411, 1.0349829155, 3.5330968139, 3.8710715677, 3.6557878694, 2.1643410382, 1.4284787102, 2.0869640994, 3.2166976734, 4.3556499728, 1.2202599443, 3.6356449272, 2.9506730156, 4.3393503151, 3.2135472449, 1.9644793449, 1.5427702859, 0.63986283989, 3.6243461556, 0.50443892185, 0.30704035327, 4.4607485715, 1.9681775843, 17.4443672573, 2.6510082935, 1.7401116898, 3.8091740778, 3.660432357, 1.0595583395, 2.9905178027, 0.23123814031, 0.47306366842, 1.3709302146, 0, 5.8750835012, 2.3923252703, 0.3707720784, 36.2199568703, 2.8658812417, 11.905985178, 1.6094191949]
    ],
    [
      [28.7374954182, 23.864970889, 9.9626935616, 27.3094417498, 9.923151628, 12.4941128425, 1.4003377404, 2.9942736839, 4.2584659056, 15.6388550305, 0, 17.1258838457, 19.0717364531, 14.7437253594, 35.9508546663, 22.9178482218, 51.7973961564, 15.2011041905, 15.1932278332, 23.3542201863, 21.8595936952, 9.5500286932, 17.771275677, 19.8448768623, 14.5995595449, 21.5214452624, 27.2710376484, 18.6273673439, 23.1142042265, 15.0379036001, 22.3906445578, 18.8697940408, 22.0384437931, 8.4039470753, 6.777251229, 45.1503397258, 23.8110517441, 52.9032024786, 26.2203839168, 6.737169108, 74.3345264457, 43.724590777, 8.9770188828, 13.2744177361, 8.4264369126, 4.8737170774, 5.7573293314, 0, 17.5769002931, 15.7258460861, 6.3185883831, 228.249557669, 63.1162127661, 130.9174113079, 43.5679224],
      [16.6046261271, 14.6081735099, 8.1778161893, 11.6851487688, 11.0809984219, 4.118598807, 0.31804538124, 0.63672265815, 5.4136212092, 11.2490224033, 0, 13.5700725638, 6.6346985291, 9.8399011287, 36.7513575165, 8.6985557654, 32.203410334, 16.2345515561, 8.6628525591, 13.4332992141, 10.4627093209, 6.4406856315, 12.5320924117, 14.8579598048, 8.7011343746, 16.0701798317, 19.6222247103, 16.8594950326, 19.9855682071, 12.4375741315, 14.1303080139, 11.4372790074, 19.4432014974, 5.7520619496, 6.8875711124, 37.6507671035, 23.9777829463, 36.8248875036, 26.089818197, 8.3193002753, 43.6789939975, 27.419246826, 7.7711956825, 4.6962638386, 2.1766756165, 1.8841099084, 4.8097720155, 3.3536695286, 10.1723523107, 9.4454906482, 1.5541219471, 195.8350830409, 37.8433961171, 65.8760519724, 46.1602170054],
      [6.8318510957, 4.9789487612, 3.0254781409, 6.1607995749, 4.3782784015, 2.6070146527, 0.1303798693, 0.2715098933, 3.1099359577, 5.9930189237, 0, 5.704134386, 2.1294192056, 5.1807312433, 11.6770278162, 1.6487530992, 15.1394489331, 3.2849473474, 3.2024105851, 6.0290642469, 5.6752282743, 1.2632889234, 6.6563273274, 7.7975711727, 2.8263270448, 3.7887493243, 5.3032287542, 6.7411824087, 4.6099566844, 3.4131990676, 5.1544009804, 3.3467632829, 6.9395858927, 1.3976569588, 1.0064136743, 13.4555804347, 8.5422042152, 11.5088697743, 9.7398531351, 4.162338138, 18.9636279119, 9.2416827773, 5.7138438804, 4.9170082402, 1.1763961593, 0.99356301175, 1.8904684577, 0.98786960862, 4.6158489847, 3.9466183672, 0.99321006706, 84.6183594253, 15.1313846473, 23.5586428208, 20.2947038143],
      [1.826027359, 1.5479068398, 0.83401210825, 0.84460990647, 0.61757154866, 0.78027369785, 0.15123700907, 0.097493764654, 1.2179769275, 1.1191036425, 0, 2.5999092045, 1.1641458122, 2.2356422687, 2.620760001, 0.7348429136, 3.8597445766, 1.2793969059, 0.9415090227, 1.1834163527, 1.0024687096, 0.74599675188, 1.0403045838, 1.4995921602, 0.87297903571, 1.6196255816, 1.8035088871, 1.7719552148, 1.290270882, 1.1113232008, 1.3246464478, 1.3461636689, 1.5787688168, 0.44633401629, 0.32876398418, 3.7433127361, 1.6689610944, 4.7630402435, 1.9499447511, 0.78119247875, 6.0228516448, 3.6144796197, 1.5379415543, 1.1123101851, 0.22049131154, 0.24861000242, 0.54243019539, 0.65846086281, 1.6348984115, 0.88204489857, 0.1340796027, 19.2969998648, 4.9090064695, 10.647893899, 2.9771567802]
    ],
    [
      [1.0365006048, 1.4294510644, 0.62440509577, 0.33812544423, 0.1957977999, 0.33418399524, 0.081325844499, 0.036865901338, 0.049714522208, 0.42287266113, 0.011809716279, 0.45162887466, 0.79940549597, 0.35498043016, 0.69033894008, 0.59077475991, 1.3374415682, 0.34338925721, 0.43112944595, 0.65012915345, 0.66193459983, 0.84705858934, 0.67254484402, 1.0286907283, 0.52323962372, 1.0668857924, 0.97734972748, 0.70977415997, 0.98844127586, 0.80321553596, 0.65948176962, 0.54408720534, 0.6135190552, 0.39609397778, 0.38876848347, 1.1314147262, 0.67298198248, 2.1691936005, 0.53866361623, 0.09142143289, 0.68739188525, 0.36977903892, 0.11213112541, 0.7349280588, 0.14732842856, 0.16560350079, 0.71537506518, 0, 1.6963765055, 1.0282398952, 0.075006753975, 6.3770893356, 1.2684606338, 2.728448199, 0.261722312],
      [152.9121860565, 223.0060437832, 128.3639787899, 38.0001352174, 55.987683959, 29.6927537569, 6.52060723, 3.7382909178, 17.8665072486, 77.2503769329, 2.6764476134, 89.7553300742, 83.7506192415, 58.7536897159, 174.4158123413, 88.4654880556, 208.1358769237, 84.0164240021, 63.8872235038, 95.6610087597, 81.8728937331, 112.6200590696, 118.6240706158, 191.1169455306, 80.2324267321, 169.0080743497, 168.7759645074, 167.7701124277, 179.6137293462, 154.7840806152, 106.0027784222, 84.3321359584, 134.4247114507, 62.0574621657, 51.1861999787, 237.1961703495, 170.716628681, 369.0521241971, 137.7388193048, 52.1604566995, 101.8824217039, 58.6310714189, 26.1159665383, 60.2802377657, 13.1354925729, 18.5443980895, 143.5066227992, 19.3938481445, 231.9534970968, 155.0386149077, 5.6467536349, 1401.6153563582, 192.5393969429, 343.4626710637, 71.9923380351],
      [0.92134707531, 1.1160931191, 0.66463318157, 0.31904251185, 0.34433871675, 0.29202672395, 0.03968597876, 0.013272764766, 0.15908980939, 0.62661803061, 0.013065435072, 0.6176733976, 0.43775153028, 0.50337131248, 0.92473744697, 0.29998313922, 1.4710704953, 0.42420557265, 0.33656723819, 0.6362523153, 0.69404020488, 0, 0.98508658338, 1.5327232993, 0.30791752335, 0.50228195453, 0.70506885744, 0.96537975067, 0.90290769323, 0.64696163194, 0.53098827237, 0.31845767292, 0.6970412996, 0.15595962083, 0.29153274033, 1.2433346075, 0.96287666787, 1.846267136, 0.78047901949, 0.39053304605, 0.66425320068, 0.28420930431, 0.2982677838, 1.1439394624, 0.11498114027, 0.13717913098, 0.73681101395, 0.28793374382, 1.7054658984, 0.93529323188, 0.053678013535, 9.2332729437, 1.1326382443, 1.978497473, 0.48097370764],
      [8.1299662634, 11.4484120333, 6.3469829327, 1.3426968266, 1.4721795243, 2.6810355239, 1.3583809468, 0.21157041613, 1.9246884198, 3.7001323753, 0.29867723529, 8.1753676536, 7.0122237322, 6.3879585415, 5.9691112716, 3.6437540453, 12.0556110128, 3.215981168, 3.3450798121, 4.0526097716, 3.7711314622, 6.532882341, 4.7182979568, 9.3216404418, 3.9364161208, 8.4227579034, 7.5416169077, 8.5547336617, 5.4949216847, 6.7657422169, 4.8067515359, 4.8053191633, 5.2647281945, 2.3904842357, 1.1334987975, 11.4290803167, 5.6475126687, 22.9324150664, 4.9420380594, 2.3575888215, 6.7659332102, 3.7149402378, 2.4736345524, 6.8408947131, 0.60219785826, 1.1528192787, 8.0411911216, 2.3182181117, 17.6446604992, 6.9978519652, 0.22456159754, 66.7742813625, 12.059504179, 26.8303832642, 2.2649659453]
    ],
    [
      [2.793640482, 3.7527455443, 1.5968532327, 1.0993664018, 0.73962271157, 1.6154996614, 0.54389825111, 0.019731827017, 0, 1.7824362745, 0.37834449613, 1.0190374806, 1.3538367728, 1.229114429, 1.6496106867, 1.5429869551, 3.0904005996, 1.9341690951, 1.9346977849, 1.5283277643, 1.3527962574, 0.67170174682, 2.1751727292, 1.6418108905, 0.81018030327, 1.2822379663, 2.2609121821, 1.4051787688, 2.3853138267, 1.5882389421, 1.3777419505, 1.2850053709, 1.3460691218, 0.71581711984, 0.97363859066, 2.1952118182, 1.3344718338, 4.4866949147, 1.0751385951, 0, 2.8428324933, 1.5142077103, 0.18310400809, 1.7074691017, 0, 0.68134475354, 0.52184426448, 0, 1.6366514267, 1.4067525417, 0.35641209508, 13.0349711749, 2.3420910939, 5.1989981829, 0.65573075744],
      [25.610186141, 36.3023122195, 18.9188625428, 9.0255427395, 13.0421960832, 6.9519674824, 1.8892858315, 0.48124940799, 9.3175754371, 17.5449657224, 1.8338018051, 12.7024898293, 10.7158223748, 10.6148451792, 24.8461129338, 15.735011868, 28.2903398417, 23.0390191077, 17.4973968262, 13.5425087147, 9.6467051991, 6.0216201324, 20.5410419982, 17.1656851191, 7.4249210045, 12.8365709797, 22.6625018538, 21.7237516282, 24.6450208609, 17.5725354171, 13.3392773805, 11.8965845448, 17.3881885254, 6.4288263257, 8.2745359152, 28.1559593916, 21.0710218058, 46.3198418568, 17.5435802969, 10.9502031381, 25.6242711057, 14.5998123236, 4.7383472356, 0.69935887685, 1.7057677789, 3.8708000282, 6.2555376727, 0.56799583809, 13.4530133053, 12.7416520387, 2.4519706243, 193.6836666515, 22.0856107011, 42.3085182133, 13.3624659789],
      [525.0067618871, 615.5016374279, 352.5310275188, 231.5062325799, 246.9059791501, 269.0684797733, 36.0387290101, 17.927189772, 278.2259253956, 482.2319518117, 39.9603811646, 248.5350727134, 163.1186330924, 268.4609107669, 395.5945100285, 147.9245739469, 670.9088654071, 261.7909408812, 324.5775234327, 303.7537458139, 275.1259642416, 61.9346112462, 547.0537993228, 458.8208771574, 125.0802456584, 156.2359933701, 313.8570728701, 433.2328985983, 293.3926059023, 249.5647991767, 245.7049661925, 178.8961017236, 310.6266426774, 84.6704334877, 68.0747147085, 503.1622994381, 367.5808154782, 713.1339323757, 323.2266339713, 273.7310582074, 555.862705428, 245.2846920031, 203.8433459017, 226.42147251, 51.676950449, 115.9344482512, 127.7037520454, 14.2059400954, 297.7171034611, 266.602666963, 91.6395041156, 4079.6211565589, 439.1891601355, 715.7901059859, 280.0364596925],
      [5.5894114899, 7.4433048083, 3.9532567056, 0.36885827876, 0.31220205514, 3.364053083, 0.52808690727, 0.57182899297, 3.4564991673, 3.4406461915, 0.8274725342, 2.7433999766, 2.81170776, 2.6951296249, 2.909766351, 2.79742723, 6.7103941516, 4.235870916, 3.9903819562, 2.1754177071, 1.8745343018, 1.3720668746, 2.2299859498, 3.371626833, 1.6846530339, 2.645197684, 4.219513094, 4.6381710047, 2.57705941, 3.2744264641, 2.5780144766, 2.9223083606, 2.6390996753, 1.1849230667, 0.67711078562, 5.486529352, 2.0136908822, 10.0595308529, 2.1546471368, 2.3187386545, 6.6701909731, 3.601287963, 2.2352028546, 2.1716995114, 0.61728177213, 1.513406967, 1.5188660175, 0.22606406648, 3.1932318069, 2.2489284565, 0.552113165, 33.6602056146, 5.3831380695, 9.7023776179, 0.94534357118]
    ],
    [
