{
  "Z_true": {},
  "V_true": [
    [149, 123, 637, 309, 27],
    [3120, 124, 1142, 143, 164],
    [44, 4017, 498, 101, 96],
    [92, 158, 4781, 108, 70],
    [167, 326, 1032, 8488, 232],
    [576, 823, 1039, 795, 311]
  ],
  "p_true": [
    [0.1197, 0.0988, 0.5116, 0.2482, 0.0217],
    [0.6648, 0.0264, 0.2433, 0.0305, 0.0349],
    [0.0093, 0.8446, 0.1047, 0.0212, 0.0202],
    [0.0177, 0.0303, 0.9178, 0.0207, 0.0134],
    [0.0163, 0.0318, 0.1007, 0.8285, 0.0226],
    [0.1625, 0.2322, 0.2932, 0.2243, 0.0878]
  ],
  "Z_est": {},
  "V_est": [
    [49.9082, 419.5617, 775.5301, 0, 0],
    [3150.5347, 0, 979.9451, 315.1829, 247.3373],
    [0, 4756, 0, 0, 0],
    [0, 0, 5209, 0, 0],
    [0, 0, 713.2666, 9379.2635, 152.4699],
    [947.5571, 395.4383, 1451.2582, 249.5536, 500.1928]
  ],
  "p_est": [
    [0.0401, 0.337, 0.6229, 0, 0],
    [0.6713, 0, 0.2088, 0.0672, 0.0527],
    [0, 1, 0, 0, 0],
    [0, 0, 1, 0, 0],
    [0, 0, 0.0696, 0.9155, 0.0149],
    [0.2674, 0.1116, 0.4095, 0.0704, 0.1411]
  ],
  "EI_Z": {},
  "EI_V": 12.6378,
  "MAE_Z": {},
  "MAE_V": 250.1612,
  "MAE_p": 0.0673,
  "runtime": 0.0327
}
