{
  "X": [
    [41, 245, 345, 428, 11],
    [20, 240, 290, 228, 14],
    [8, 87, 91, 117, 2],
    [36, 174, 284, 372, 6],
    [15, 23, 76, 94, 6],
    [3, 18, 27, 34, 3],
    [1, 16, 16, 16, 0],
    [2, 76, 76, 42, 3],
    [2, 43, 97, 63, 1],
    [32, 329, 451, 476, 9],
    [17, 289, 359, 462, 9],
    [11, 79, 102, 240, 1],
    [12, 78, 101, 76, 0],
    [1, 13, 28, 13, 0],
    [9, 24, 61, 59, 1],
    [6, 15, 17, 131, 1],
    [7, 17, 18, 150, 1],
    [19, 102, 133, 286, 4],
    [21, 93, 91, 415, 3],
    [7, 6, 98, 21, 3],
    [10, 85, 128, 121, 2],
    [1, 7, 4, 9, 0],
    [5, 17, 57, 10, 3],
    [21, 85, 124, 207, 4],
    [42, 157, 196, 397, 4],
    [22, 94, 97, 276, 6],
    [8, 17, 45, 43, 0],
    [8, 41, 37, 114, 1],
    [13, 60, 62, 195, 4],
    [34, 158, 213, 378, 4],
    [13, 56, 56, 157, 5],
    [4, 32, 74, 20, 2],
    [26, 163, 143, 326, 11],
    [14, 87, 94, 86, 1],
    [16, 115, 180, 91, 3],
    [1, 4, 64, 7, 0],
    [0, 4, 28, 8, 1],
    [17, 51, 84, 159, 6],
    [27, 136, 147, 318, 4],
    [27, 224, 274, 456, 6],
    [31, 163, 215, 265, 4],
    [22, 131, 180, 235, 3],
    [34, 394, 598, 553, 7],
    [28, 130, 204, 269, 13],
    [14, 103, 131, 225, 3],
    [4, 52, 30, 11, 1],
    [7, 2, 20, 8, 5],
    [4, 2, 6, 12, 0],
    [4, 47, 66, 21, 1],
    [3, 8, 55, 12, 3],
    [7, 25, 44, 92, 3],
    [32, 79, 182, 283, 16],
    [15, 135, 211, 162, 6],
    [297, 2310, 3492, 4786, 119],
    [92, 162, 395, 471, 15],
    [150, 265, 614, 654, 23],
    [40, 35, 182, 183, 6]
  ],
  "W": [
    [61, 112, 219, 590, 62, 26],
    [42, 48, 144, 495, 38, 25],
    [25, 26, 55, 160, 32, 7],
    [39, 135, 174, 471, 34, 19],
    [6, 35, 46, 112, 9, 6],
    [5, 11, 22, 35, 9, 3],
    [3, 4, 8, 32, 2, 0],
    [20, 11, 27, 132, 9, 0],
    [18, 10, 28, 127, 20, 3],
    [87, 71, 263, 760, 98, 18],
    [82, 72, 272, 610, 76, 24],
    [17, 30, 142, 176, 49, 19],
    [16, 17, 47, 165, 18, 4],
    [2, 3, 6, 35, 8, 1],
    [8, 12, 37, 75, 17, 5],
    [6, 14, 97, 25, 15, 13],
    [10, 12, 122, 26, 16, 7],
    [32, 68, 152, 230, 45, 17],
    [31, 59, 296, 168, 52, 17],
    [4, 3, 17, 94, 14, 3],
    [25, 18, 74, 195, 27, 7],
    [3, 0, 4, 8, 5, 1],
    [7, 7, 6, 67, 4, 1],
    [20, 55, 114, 201, 34, 17],
    [45, 79, 236, 354, 60, 22],
    [32, 78, 150, 188, 41, 6],
    [3, 14, 18, 54, 15, 9],
    [18, 15, 75, 59, 25, 9],
    [16, 29, 135, 116, 25, 13],
    [49, 58, 204, 390, 66, 20],
    [24, 21, 111, 90, 29, 12],
    [5, 10, 10, 101, 5, 1],
    [63, 43, 205, 276, 53, 29],
    [23, 43, 34, 171, 10, 1],
    [23, 30, 45, 267, 27, 13],
    [1, 1, 3, 65, 6, 0],
    [2, 1, 6, 27, 4, 1],
    [17, 14, 100, 147, 32, 7],
    [37, 55, 209, 263, 53, 15],
    [56, 71, 291, 471, 88, 10],
    [38, 58, 167, 367, 35, 13],
    [45, 52, 152, 275, 35, 12],
    [81, 137, 280, 990, 79, 19],
    [38, 64, 152, 336, 49, 5],
    [26, 37, 137, 220, 42, 14],
    [9, 3, 7, 61, 13, 5],
    [0, 10, 2, 27, 3, 0],
    [1, 5, 9, 8, 1, 0],
    [13, 5, 8, 99, 8, 6],
    [1, 2, 6, 63, 7, 2],
    [9, 23, 51, 56, 25, 7],
    [32, 41, 183, 231, 75, 30],
    [37, 36, 97, 321, 32, 6],
    [811, 828, 3019, 5244, 847, 255],
    [52, 140, 308, 499, 82, 54],
    [64, 224, 418, 850, 94, 56],
    [18, 93, 75, 226, 15, 19]
  ],
  "method": "mvn_pdf",
  "cond_prob": [
    [
      [0.00082315349919, 0.556484936, 0.076897983123, 0.28722303331, 0.078570894065],
      [0.25877473998, 0.0066206205006, 0.03637733358, 0.69593800184, 0.0022893040952],
      [0.00014772424651, 0.021383437766, 0.0053333388568, 0.97180769032, 0.0013278088094],
      [0.001334644955, 0.32787745119, 0.54795173148, 0.121302201, 0.0015339713763],
      [0.050004715848, 0.16819185755, 0.17650043888, 0.59856308904, 0.006739898678],
      [0.30949739395, 0.067474814141, 0.032015833633, 0.42420171043, 0.16681024785]
    ],
    [
      [0.00044736149803, 0.65748529256, 0.074604952424, 0.1514906095, 0.11597178402],
      [0.25474955425, 0.014045298851, 0.063444785231, 0.66170858285, 0.006051778816],
      [0.00014706584557, 0.046164737785, 0.012907115676, 0.94065699504, 0.00012408565267],
      [0.0014064740432, 0.38784719326, 0.54935173511, 0.061394597585, 0],
      [0.037599557792, 0.2747458728, 0.23696123905, 0.43700827021, 0.013685060158],
      [0.22428267536, 0.10556069185, 0.041159267446, 0.29696540263, 0.33203196272]
    ],
    [
      [0.00048612329806, 0.65150956803, 0.070361584624, 0.23979531455, 0.037847409506],
      [0.19877317466, 0.0097943802996, 0.042321947393, 0.74770065942, 0.0014098382272],
      [0, 0.029186719287, 0.0057216705657, 0.96423488158, 0.0008567285693],
      [0, 0.38175803928, 0.5107763684, 0.10701076266, 0.0004548296689],
      [0.032237223893, 0.21944667625, 0.18195743595, 0.56271684182, 0.00364182208],
      [0.25545045883, 0.10696534663, 0.039862996748, 0.48618864871, 0.11153254908]
    ],
    [
      [0.00072273245123, 0.538038473, 0.083538954414, 0.31753655492, 0.060163285215],
      [0.21662404766, 0.0061191548947, 0.037799792207, 0.73710203517, 0.0023549700628],
      [0, 0.018720582821, 0.0052491384068, 0.97499109313, 0.0010391856453],
      [0, 0.30248245181, 0.56884494301, 0.12765128503, 0.0010213201448],
      [0.041220848219, 0.15252070738, 0.17993969231, 0.62147694141, 0.0048418106763],
      [0.28031885057, 0.067268072455, 0.035881107835, 0.484467271, 0.13206469814]
    ],
    [
      [0.00078491725194, 0.15798747834, 0.040947830225, 0.51433778913, 0.28594198505],
      [0.34667638702, 0.0025389973671, 0.030215553232, 0.62056906238, 0],
      [0.00022117635247, 0.0094294307591, 0.018194487125, 0.97215490576, 0],
      [0.0056453401912, 0.18553764441, 0.64675002842, 0.16206698699, 0],
      [0.15141385495, 0.077285272704, 0.15288218406, 0.61841868829, 0],
      [0.14274000708, 0.0089454632253, 0.0079799014447, 0.12627661331, 0.71405801495]
    ],
    [
      [0.00025821765629, 0.57838729046, 0.12213338426, 0.1124454746, 0.18677563302],
      [0.20571257011, 0.029900449867, 0.092371843088, 0.67201513693, 0],
      [0.00011059331535, 0.053999018657, 0.013301592007, 0.93258879602, 0],
      [0.00033708595518, 0.31814865652, 0.63389158327, 0.047622674258, 0],
      [0.051587866064, 0.25536843802, 0.31184137508, 0.38120232084, 0],
      [0.085782928169, 0.052553756107, 0.029276663516, 0.14367937391, 0.6887072783]
    ],
    [
      [0.00033902948576, 0.70407679386, 0.063139796091, 0.23244438056, 0],
      [0.170077704, 0.0098487296991, 0.036925332471, 0.78314823383, 0],
      [7.3949355806e-05, 0.027917099736, 0.0047354054204, 0.96727354549, 0],
      [0.0083602593365, 0.41132190912, 0.47802192176, 0.10229590978, 0],
      [0.02527610096, 0.23136840499, 0.16414727105, 0.579208223, 0],
      [0.26299246745, 0.1239101003, 0.03986880454, 0.57121322995, 0.0020153977581]
    ],
    [
      [0, 0.71507974465, 0.06892270128, 0.10797330244, 0.10802425164],
      [0.16670379862, 0.02235371393, 0.086676857042, 0.71561633209, 0.0086492983136],
      [0, 0.066192947646, 0.011633129738, 0.91789127168, 0.0042826509348],
      [0, 0.42844095281, 0.53829469435, 0.029464086616, 0.0038002662278],
      [0.018473135016, 0.34567765521, 0.25545626554, 0.36627005884, 0.014122885389],
      [0.1179130783, 0.14070973757, 0.046877847406, 0.26423247321, 0.43026686351]
    ],
    [
      [0.00036641765017, 0.55839646201, 0.136348049, 0.27213714135, 0.032751929998],
      [0.13768194932, 0.0076480236061, 0.074765628804, 0.7787903223, 0.001114075965],
      [0, 0.021927905281, 0.0097208132073, 0.96770956906, 0.00064171244961],
      [0, 0.22735743253, 0.68838402442, 0.083937101834, 0.00032144121811],
      [0.0018974266655, 0.15568378949, 0.29366545666, 0.54614337752, 0.0026099496601],
      [0.19287881858, 0.090110792816, 0.075938608733, 0.5449602719, 0.096111507966]
    ],
    [
      [0.00085532280876, 0.58623432133, 0.080684770182, 0.27322644731, 0.058999138365],
      [0.27567492609, 0.0071369134349, 0.039039871012, 0.67638664598, 0.001761643479],
      [0.00016095188137, 0.023654721452, 0.0058737601214, 0.96926189469, 0.0010486718562],
      [0.0014199104895, 0.33205062809, 0.553516175, 0.11220835594, 0.0008049304888],
      [0.052569757593, 0.17930112573, 0.18733258378, 0.57566517323, 0.0051313596612],
      [0.33774270013, 0.074428543335, 0.035161612864, 0.42202396818, 0.13064317549]
    ],
    [
      [0, 0.61431903804, 0.078502869339, 0.25502129252, 0.052156800107],
      [0.16572564667, 0.0091855879501, 0.046673229107, 0.7765151925, 0.0019003437724],
      [0, 0.026443544891, 0.0060989348879, 0.96639014516, 0.0010673750606],
      [0, 0.34946183181, 0.54273622429, 0.10710730476, 0.00069463913945],
      [0.00036133691449, 0.20026988419, 0.2030291977, 0.59153716163, 0.0048024195624],
      [0.21001215976, 0.099150155726, 0.043502753544, 0.50119835341, 0.14613657756]
    ],
    [
      [0.00057272774901, 0.5433101757, 0.070906556932, 0.35743905376, 0.027771485856],
      [0.16588780363, 0.005883510959, 0.03140082149, 0.79682786392, 0],
      [0, 0.016707926373, 0.0044150220273, 0.9788770516, 0],
      [0, 0.32773151353, 0.51948556251, 0.15278292396, 0],
      [0.028982906062, 0.15179837579, 0.1464368484, 0.67278186976, 0],
      [0.24176142749, 0.11030680764, 0.032671904506, 0.58747645297, 0.027783407392]
    ],
    [
      [0.0013914612191, 0.70369338671, 0.10914138274, 0.18577376933, 0],
      [0.48465746825, 0.0084143226886, 0.043285725214, 0.46364248384, 0],
      [0, 0.039764993481, 0.010038712873, 0.95019629365, 0],
      [0, 0.36449264081, 0.56553585796, 0.069971501231, 0],
      [0.081646027895, 0.23646466562, 0.24564043873, 0.43624886776, 0],
      [0.56723278952, 0.0828144798, 0.077779145343, 0.27217358534, 0]
    ],
    [
      [0.0040562309763, 0.68404317407, 0.1445876078, 0.16731298715, 0],
      [0.15761714523, 0.012591720668, 0.11045353292, 0.71933760118, 0],
      [0.00022300741211, 0.037819323625, 0.014986094518, 0.94697157445, 0],
      [0.003670728421, 0.2703820619, 0.69260402264, 0.033343187034, 0],
      [0.018384545124, 0.21930822996, 0.36701770304, 0.39528952187, 0],
      [0.24214620214, 0.14938454174, 0.11226520179, 0.49620405432, 0]
    ],
    [
      [0.0015177368193, 0.55503256127, 0.14751583756, 0.25445757176, 0.041476292591],
      [0.42651746485, 0.0052636248271, 0.056298287072, 0.51092957601, 0.00099104723898],
      [0, 0.022845208562, 0.011075231397, 0.96501532777, 0.0010642322673],
      [0, 0.21211039701, 0.71081762983, 0.074396427207, 0.0026755459539],
      [0.075919694298, 0.14562562782, 0.30450656433, 0.4708426114, 0.0031055021498],
      [0.51580274484, 0.053477569244, 0.049315292478, 0.30871219035, 0.072692203086]
    ],
    [
      [0.00060389425036, 0.51050003084, 0.071264041871, 0.3861095353, 0.031522497731],
      [0.16379612227, 0.0049546247314, 0.028902193074, 0.80234705993, 0],
      [8.071842518e-05, 0.015265975723, 0.0040395556302, 0.98061375022, 0],
      [0.00079212303844, 0.30221227384, 0.53132971929, 0.16566588383, 0],
      [0.031692688726, 0.13135070063, 0.13993626048, 0.69702035016, 0],
      [0.24616983297, 0.06625138984, 0.030281635395, 0.59492290997, 0.062374231816]
    ],
    [
      [0.0010585504056, 0.50850141609, 0.07372526342, 0.37793253773, 0.038782232356],
      [0.26569987528, 0.0044528563016, 0.026146211769, 0.70284154643, 0.00085951021543],
      [0.0025564532863, 0.014345919783, 0.0032921401784, 0.97940818619, 0.00039730055835],
      [0.0013693152224, 0.29674187921, 0.54148143451, 0.1599893647, 0.00041800636198],
      [0.055118738019, 0.12718947739, 0.1428785418, 0.67201050073, 0.0028027420697],
      [0.36737524108, 0.051575550339, 0.026111108117, 0.48384083658, 0.071097263886]
    ],
    [
      [0.0006770576084, 0.52662632527, 0.070989382747, 0.35219968603, 0.049507548349],
      [0.18879673973, 0.0056189208063, 0.032352558152, 0.77065426097, 0.002577520346],
      [0, 0.016500073341, 0.0041234765778, 0.97869105305, 0.00068539702825],
      [0, 0.32465460459, 0.52495669186, 0.14983256067, 0.00055614287953],
      [0.037367345843, 0.14396775858, 0.14771714902, 0.66709405461, 0.0038536919556],
      [0.262272076, 0.065220684554, 0.030252148445, 0.53431522507, 0.10793986592]
    ],
    [
      [0.00078735822375, 0.54979514201, 0.060405399694, 0.34691817448, 0.042093925589],
      [0.22063479931, 0.0068623344862, 0.025296719374, 0.74720614683, 0],
      [0.00086079988181, 0.02174862828, 0.00099259438733, 0.97639797745, 0],
      [0.0016395475121, 0.35717481224, 0.47761793348, 0.16356770676, 0],
      [0.044534919759, 0.15330435111, 0.12829209949, 0.6706714264, 0.0031972032444],
      [0.30071071538, 0.066863775159, 0.02530095466, 0.51719315844, 0.089931396355]
    ],
    [
      [0.0036341366151, 0.2492997948, 0.1826956671, 0.10703760401, 0.45733279747],
      [0.8190175404, 0.001463958001, 0.04291428852, 0.13110869219, 0.0054955208869],
      [0, 0.023518265777, 0.04768043333, 0.92880130089, 0],
      [0, 0.037300811269, 0.95141431725, 0.011284871479, 0],
      [0.20177359596, 0.076153801228, 0.48791586774, 0.22778720198, 0.0063695330934],
      [0.56786016297, 0.0087229840359, 0.022046376442, 0.046367548507, 0.35500292805]
    ],
    [
      [0.00083687687483, 0.62661242897, 0.098860791954, 0.23260207319, 0.04108782901],
      [0.30551419024, 0.0082473496069, 0.051973942104, 0.63292555389, 0.0013389641616],
      [0.00018279877781, 0.028931398378, 0.0082720231268, 0.96177349066, 0.00084028906012],
      [0.0020176076751, 0.31345963947, 0.60128727957, 0.082798488786, 0.00043698449888],
      [0.053572294391, 0.19706195721, 0.2371681164, 0.50851518692, 0.0036824450796],
      [0.37520144273, 0.08571585166, 0.0466086961, 0.39220493308, 0.10026907642]
    ],
    [
      [0.00056673177, 0.70978385377, 0.04562098943, 0.24402842503, 0],
      [0.36301452926, 0.0070546181315, 0.020245390397, 0.60942474668, 0.00026071553254],
      [0.0001111931179, 0.023890584766, 0.0031176574295, 0.97288056469, 0],
      [0.022754818636, 0.45189518169, 0.40554428252, 0.11980571715, 0],
      [0.045074222789, 0.21902875723, 0.11804406876, 0.61785295122, 0],
      [0.59044536919, 0.064780859926, 0.016091798, 0.32868197289, 0]
    ],
    [
      [0.0008609453364, 0.28137982794, 0.39914487082, 0.072122361149, 0.24649199475],
      [0.60555608411, 0.0053273502972, 0.071529891236, 0.29854389714, 0.019042777218],
      [0.0005648157821, 0.037315415205, 0.0226789145, 0.91606237062, 0.023378483898],
      [0.0025666396099, 0.21096558252, 0.77551501275, 0.010952765128, 0],
      [0.10151659046, 0.15499065458, 0.39826192045, 0.28210299262, 0.063127841893],
      [0.17366068346, 0.014500614251, 0.016649642756, 0.046714734258, 0.74847432527]
    ],
    [
      [0.00079415310568, 0.56723646456, 0.082324875771, 0.29308255768, 0.056561948879],
      [0.2488977642, 0.0066201944401, 0.038348558302, 0.70450676329, 0.0016267197692],
      [0.00013945383254, 0.021115762738, 0.005550587152, 0.97226391303, 0.00093028324366],
      [0.0016194246503, 0.31846265714, 0.56091164382, 0.11718119917, 0.0018250752151],
      [0.047186488859, 0.16654084623, 0.18420894852, 0.59734231912, 0.0047213972657],
      [0.31464689377, 0.071210600312, 0.035601187349, 0.4523135821, 0.12622773647]
    ],
    [
      [0.0014498602493, 0.53608061135, 0.068456033641, 0.34665245927, 0.047361035487],
      [0.34249817693, 0.0053398136298, 0.024608834191, 0.62755317524, 0],
      [0.00021688687099, 0.017800195684, 0.0039522130437, 0.9780307044, 0],
      [0.0014753190104, 0.33463112287, 0.51196446635, 0.15192909176, 0],
      [0.07781722764, 0.14428800222, 0.13846994561, 0.63745728892, 0.0019675356166],
      [0.43795083733, 0.051681063648, 0.022683658256, 0.40810711048, 0.079577330278]
    ],
    [
      [0.00079488459693, 0.50492738586, 0.054780888723, 0.33227986894, 0.10721697189],
      [0.22979505043, 0.0054597072295, 0.023633737359, 0.7383107555, 0.0028007494843],
      [0.00012401745356, 0.016730028012, 0.0032868340677, 0.97831803434, 0.0015410861267],
      [0.0025228741253, 0.36447445897, 0.46693551432, 0.16337143516, 0.0026957174195],
      [0.047043612656, 0.1476918171, 0.12203098478, 0.67445308232, 0.0087805031535],
      [0.27147644786, 0.055066583129, 0.020567978025, 0.44411565487, 0.20877333612]
    ],
    [
      [0.00077816806738, 0.57240950911, 0.1487183824, 0.27809394042, 0],
      [0.2635766349, 0.0066970680842, 0.070564767114, 0.6591615299, 0],
      [0.00015168269468, 0.022580054983, 0.010777303217, 0.96649095911, 0],
      [0.00066003560549, 0.21802076575, 0.70605460066, 0.075264597986, 0],
      [0.043250582454, 0.15351539604, 0.30772237003, 0.49551165147, 0],
      [0.40227351769, 0.07852435985, 0.069906963252, 0.44929515921, 0]
    ],
    [
      [0.0077231514015, 0.63410161231, 0.070732253096, 0.27043410291, 0.017008880278],
      [0.24257748592, 0.0079575642614, 0.035967819318, 0.71255461597, 0.00094251453375],
      [0.0010074918621, 0.024975489694, 0.004769856171, 0.96924716227, 0],
      [0.001221300741, 0.37084580323, 0.51326394727, 0.11466894875, 0],
      [0.046635241973, 0.19629832263, 0.1693162049, 0.5877502305, 0],
      [0.32320236703, 0.089587259, 0.034898325562, 0.47678955541, 0.075522492999]
    ],
    [
      [0.00081957886502, 0.5626014722, 0.060656871026, 0.30393740785, 0.071984670063],
      [0.25230713268, 0.0063497451064, 0.027409482583, 0.71193491659, 0.0019987230393],
      [0.0017599838124, 0.022191730113, 0.0010696413391, 0.9709597304, 0.0040189143378],
      [0.0011852489222, 0.36841756429, 0.4852960017, 0.14424007627, 0.00086110881569],
      [0.050033610241, 0.16869501061, 0.1389581205, 0.63620174822, 0.0061115104201],
      [0.31108099576, 0.06650288831, 0.024763405996, 0.44418713362, 0.15346557632]
    ],
    [
      [0.0015664763167, 0.48284393843, 0.065772070965, 0.40142642342, 0.048391090868],
      [0.32936958536, 0.0038065703947, 0.020626192467, 0.64525956857, 0.00093808321032],
      [0.00020325719128, 0.013401331577, 0.0038889690718, 0.98250644216, 0],
      [0.002272828388, 0.31470646606, 0.51106740747, 0.17195329808, 0],
      [0.079295489074, 0.11819870902, 0.12232881829, 0.67874949538, 0.0014274882419],
      [0.43292184462, 0.042467886707, 0.019875437446, 0.43072415636, 0.074010674865]
    ],
    [
      [0.00092926573125, 0.59641307994, 0.071373017866, 0.24850161122, 0.082783025241],
      [0.31701227553, 0.0073593096163, 0.035311204174, 0.63780273942, 0.0025144712583],
      [0.0011961962182, 0.024033417024, 0.0044362788469, 0.96554623218, 0.0047878757273],
      [0.0012418539916, 0.36022918104, 0.52863098204, 0.10898366251, 0.00091432041521],
      [0.061335086856, 0.19291919902, 0.17673338399, 0.56143592815, 0.0075764019789],
      [0.35809813984, 0.070712352014, 0.029252401051, 0.36469170732, 0.17724539978]
    ],
    [
      [0.000480703613, 0.50867994634, 0.12353682588, 0.12035126792, 0.24695125625],
      [0.32194451626, 0.011017378341, 0.10564712796, 0.56139097744, 0],
      [0.0001944258691, 0.042129270469, 0.023873920473, 0.93380238319, 0],
      [0.0041440089334, 0.27521793958, 0.6958421979, 0.024795853588, 0],
      [0.042308941591, 0.21654386051, 0.35471886286, 0.3614994558, 0.024928879235],
      [0.14611745046, 0.045402580345, 0.033449083943, 0.13443156267, 0.64059932258]
    ],
    [
      [0.00089572966856, 0.59011876561, 0.058023977003, 0.27404729008, 0.07691423764],
      [0.28804653438, 0.0071046640353, 0.027824099735, 0.67474772304, 0.0022769788086],
      [0.00016801357628, 0.023628774731, 0.0042001792641, 0.97064487238, 0.0013581600451],
      [0.0023244565778, 0.39353491416, 0.46780938616, 0.13384212765, 0.0024891154577],
      [0.057742967439, 0.18859749054, 0.14102892963, 0.60563892628, 0.0069916861123],
      [0.3386619993, 0.07109707196, 0.024037674487, 0.40342687838, 0.16277637588]
    ],
    [
      [0.00071656900522, 0.68614916114, 0.072211870838, 0.2081290925, 0.032793306522],
      [0.29611150421, 0.010251329092, 0.043217508693, 0.64920720901, 0.0012124489871],
      [0.00017452931287, 0.03493972281, 0.0066816346659, 0.9574619463, 0.00074216690801],
      [0.0021599242189, 0.39224554773, 0.51624358156, 0.089093124448, 0.00025782204344],
      [0.051412066492, 0.2409159488, 0.19371699469, 0.51066523944, 0.003289750568],
      [0.36132252867, 0.10666341834, 0.038776123737, 0.40183803569, 0.091399893563]
    ],
    [
      [0.00065661225795, 0.68951247926, 0.10633971311, 0.16287779555, 0.040613399823],
      [0.31688295435, 0.012184460528, 0.075017734802, 0.59413443123, 0.0017804190955],
      [0.00020070819162, 0.044597363413, 0.012458110884, 0.94157802501, 0.0011657924982],
      [0.0019809103424, 0.33160496716, 0.62190151632, 0.043610927708, 0.00090167846525],
      [0.047947763632, 0.24852978008, 0.29214348371, 0.4072036592, 0.004175313375],
      [0.35737574919, 0.1169205779, 0.062112357463, 0.34001154949, 0.12357976596]
    ],
    [
      [0.00096477138548, 0.46735098432, 0.31465450999, 0.2170297343, 0],
      [0.40032054268, 0.0046606700429, 0.12684707729, 0.46817170999, 0],
      [0.0001985162944, 0.021194439371, 0.02613306304, 0.95247398129, 0],
      [0.0059742388149, 0.043958324888, 0.92778450391, 0.022282932388, 0],
      [0.034965602348, 0.10118565164, 0.52901774491, 0.33483100111, 0],
      [0.56388898995, 0.045972486192, 0.10844831306, 0.28169021079, 4.5890398299e-13]
    ],
    [
      [0, 0.47471579732, 0.28220141437, 0.1408160641, 0.10226672421],
      [0, 0.0097971209757, 0.24035000091, 0.69591610018, 0.053936777931],
      [0, 0.029730473504, 0.032831988237, 0.93512281384, 0.0023147244238],
      [0, 0.085453014855, 0.90609779471, 0.0046175094557, 0.0038316809775],
      [0, 0.12530759749, 0.59937530897, 0.26943549117, 0.0058816023662],
      [0, 0.053926652308, 0.13611354784, 0.2093001686, 0.60065963125]
    ],
    [
      [0.004003176288, 0.35261683157, 0.055817077005, 0.34114845345, 0.24641446169],
      [0.61151753335, 0.0018693127916, 0.011801688605, 0.37173695285, 0.0030745124013],
      [0, 0.011372000158, 0.003259512467, 0.98536848738, 0],
      [0, 0.27282257344, 0.5273149224, 0.19986250416, 0],
      [0.13075706503, 0.11340593249, 0.15580134493, 0.58733523251, 0.012700425038],
      [0.59806777934, 0.015462190421, 0.0084283103811, 0.18354209464, 0.19449962521]
    ],
    [
      [0.0010192426807, 0.60638416437, 0.068255203138, 0.2751771018, 0.04916428801],
      [0.31362882755, 0.0069557482355, 0.031206162906, 0.64682008919, 0.0013891721183],
      [0.00019033434821, 0.024113373006, 0.004909805117, 0.96992273898, 0.00086374854589],
      [0.0018923632297, 0.36942093942, 0.50508895617, 0.12309707145, 0.00050066972982],
      [0.063362250702, 0.18653934246, 0.15978679213, 0.58600454951, 0.0043070651979],
      [0.38780212069, 0.073148839287, 0.028331586586, 0.406447931, 0.10426952244]
    ],
    [
      [0.00078456582848, 0.59770956228, 0.074195709709, 0.26939837294, 0.057911789242],
      [0.2622366611, 0.0075234357266, 0.037153833606, 0.69130046323, 0.0017856063288],
      [0.00014964828202, 0.024388391693, 0.0054667780577, 0.96895552788, 0.0010396540836],
      [0.0015370080949, 0.3516874542, 0.53025910582, 0.11537315836, 0.0011432735258],
      [0.049430339736, 0.18710972879, 0.17646376661, 0.58184889201, 0.00514727286],
      [0.32199130157, 0.078663152994, 0.033543535387, 0.4321839528, 0.13361805724]
    ],
    [
      [0.0012726682388, 0.61768978534, 0.080541186753, 0.24876445218, 0.051731907488],
      [0.38375068452, 0.0069288153447, 0.03598093509, 0.57128854483, 0.0020510202175],
      [0, 0.027064037448, 0.0063787067429, 0.96529611023, 0.0012611455759],
      [0, 0.34602967755, 0.54967064344, 0.10371741957, 0.00058225943127],
      [0.079813229171, 0.19167778106, 0.19007365673, 0.53387148649, 0.0045638465448],
      [0.453895068, 0.069585277969, 0.031199424125, 0.34292075365, 0.10239947626]
    ],
    [
      [0.00079413881626, 0.63656443262, 0.097741803598, 0.22750941298, 0.037390211985],
      [0.29422088123, 0.0087659974535, 0.053965577257, 0.64304754406, 0],
      [0.00017762388091, 0.030909593604, 0.0084269650142, 0.9604858175, 0],
      [0.001825209944, 0.3234396816, 0.59177787028, 0.082957238185, 0],
      [0.05155156665, 0.20447784594, 0.23447486514, 0.5058973728, 0.0035983494723],
      [0.36096179434, 0.091489449159, 0.047414627749, 0.40084260966, 0.099291519095]
    ],
    [
      [0.00054917806907, 0.60005264854, 0.087354017995, 0.26539398408, 0.046650171316],
      [0.19264752142, 0.0082686959786, 0.047830337701, 0.74967543079, 0.0015780141109],
      [0, 0.024902967225, 0.0065391756176, 0.96770385096, 0.00085400619968],
      [0, 0.32406243419, 0.57109658567, 0.10473036982, 0.00011061031726],
      [0.034286507095, 0.18671398219, 0.20628797776, 0.56857880635, 0.0041327266078],
      [0.25548274115, 0.090414676638, 0.04516994973, 0.48629911468, 0.1226335178]
    ],
    [
      [0.0009282256422, 0.36872608009, 0.056542595559, 0.30012397015, 0.27367912856],
      [0.34743349545, 0.0051444757801, 0.038658383293, 0.60876364548, 0],
      [0.00022467371094, 0.021920803228, 0.010317587336, 0.96753693573, 0],
      [0.0016855323684, 0.3082192028, 0.56389245781, 0.12620280702, 0],
      [0.08114425587, 0.17590442691, 0.16865458365, 0.57429673357, 0],
      [0.23048517985, 0.029246271233, 0.015406228089, 0.20482369787, 0.52003862295]
    ],
    [
      [0.00064521810943, 0.59659098579, 0.077503615487, 0.28208994304, 0.043170237577],
      [0.21898890968, 0.007537969838, 0.039068699963, 0.73305691803, 0.0013475024879],
      [0.00011751118808, 0.023070283228, 0.0054261448068, 0.97064650228, 0.00073955849284],
      [0.00087189698197, 0.34206090265, 0.53966716091, 0.11709507236, 0.00030496709903],
      [0.039705938483, 0.18153782675, 0.17965081326, 0.59535890018, 0.0037465213318],
      [0.286076349, 0.083650955448, 0.037419478805, 0.48557106962, 0.10728214712]
    ],
    [
      [0.00027757240897, 0.88999695206, 0.041097032972, 0.052093098912, 0.016535343644],
      [0.39203307396, 0.038091223657, 0.07227110705, 0.49568570826, 0.0019188870746],
      [0.00023117602427, 0.14760432285, 0.012677039412, 0.8381895743, 0.0012978874168],
      [0.00043411533213, 0.56384256085, 0.43151698575, 0, 0.0042063380679],
      [0.083327230122, 0.5399905947, 0.21305002202, 0.16064153546, 0.0029906176955],
      [0.34200987348, 0.28564991147, 0.046477537882, 0.21768760079, 0.10817507638]
    ],
    [
      [0.0040645796285, 0.31311359485, 0.10950445465, 0.24355407116, 0.32976329971],
      [0.2, 0, 0, 0.8, 0],
      [1.0279842821e-17, 0, 1.6653345369e-16, 2.0242864696e-27, 1],
      [0.18518518519, 0.074074074074, 0.74074074074, 7.1484550919e-28, 0],
      [3.776092362e-31, 6.1520853281e-32, 1.9988214648e-31, 5.8732674582e-31, 1],
      [0.61705011471, 0.011620006734, 0.014333024055, 0.11879479517, 0.23820205934]
    ],
    [
      [0.0087483517164, 0.46637111824, 0.12585101635, 0.39902951369, 0],
      [0.7306613354, 0.00057907258766, 0.0068423506182, 0.26191724139, 0],
      [0, 0.0076082556448, 6.5000144689e-05, 0.99232674421, 0],
      [0, 0.17538653797, 0.71276755088, 0.11184591115, 0],
      [0.33794497127, 0.059166914251, 0.13721182223, 0.46567629226, 0],
      [0.67299358408, 0.022959135142, 0.019823156089, 0.18261641845, 0.10160770624]
    ],
    [
      [0.00047512120771, 0.72103037629, 0.10499740744, 0.14686940715, 0.026627687905],
      [0.28186058155, 0.014209596116, 0.083437556913, 0.619137925, 0.0013543404259],
      [0.00015845049139, 0.049402398216, 0.01314889357, 0.93645781968, 0.00083243804711],
      [0.0030905950545, 0.34505841875, 0.61887233627, 0.032655857679, 0.0003227922412],
      [0.036810732021, 0.26986767355, 0.30241407684, 0.38801218215, 0.0028953354338],
      [0.33046635768, 0.14010218284, 0.070830144056, 0.3610530262, 0.09754828923]
    ],
    [
      [0.00010922691539, 0.015190363564, 0.0068426831324, 0.0080289010502, 0.96982882534],
      [0.59831805568, 0.0020972022343, 0.03775338712, 0.33741828677, 0.024413068196],
      [0.00051279061551, 0.01645127479, 0.013435412766, 0.96960052183, 0],
      [0.0018861163957, 0.11825004491, 0.81777890845, 0.062084930249, 0],
      [0.23813816971, 0.061668635408, 0.47374741489, 0.22644577999, 0],
      [0.0071926985503, 0.00023715316278, 0.00036746474432, 0.0015301644078, 0.99067251913]
    ],
    [
      [0.000575688502, 0.52863365998, 0.10246191726, 0.27820133201, 0.090127402254],
      [0.20019595206, 0.0066452813134, 0.051924886034, 0.73848268012, 0.0027512004701],
      [0, 0.020156974631, 0.0071375086808, 0.97110620624, 0.0015993104475],
      [0, 0.26304467226, 0.63274880559, 0.099935903842, 0.0042706183102],
      [0.029718770164, 0.15458813327, 0.23088006181, 0.57272715559, 0.012085879162],
      [0.23533466458, 0.066606415045, 0.04480325217, 0.43858290654, 0.21467276166]
    ],
    [
      [0.0012573790897, 0.42856959353, 0.10408824743, 0.26580500316, 0.20027977678],
      [0.36834470528, 0.0046938819211, 0.045387962846, 0.58157344995, 0],
      [0.00025053518528, 0.01825382302, 0.0080103093122, 0.97348533248, 0],
      [0.0014709631401, 0.22049286089, 0.67378917444, 0.10424700154, 0],
      [0.083214940776, 0.12945048567, 0.25027067558, 0.53706389797, 0],
      [0.341028999, 0.037007898174, 0.030892767935, 0.27136876345, 0.31970157143]
    ],
    [
      [0.00072682890318, 0.61079230986, 0.097105850606, 0.19826112325, 0.093113887381],
      [0.30284365029, 0.0093771242775, 0.059413033448, 0.62489728812, 0.0034689038682],
      [0.00018532331122, 0.033116196576, 0.0095213913432, 0.95497972692, 0.002197361847],
      [0.0016911268808, 0.31651418607, 0.61028996372, 0.069744700422, 0.0017600229085],
      [0.05076631617, 0.21098109825, 0.25528351348, 0.47394031658, 0.0090287555235],
      [0.31423095214, 0.083064686778, 0.045414763046, 0.33014393169, 0.22714566635]
    ],
    [
      [0.00064871009941, 0.5780796751, 0.094992013917, 0.25384267382, 0.072436927071],
      [0.23248706867, 0.0079392418326, 0.051773986434, 0.70535670641, 0.002442996658],
      [0, 0.025156870576, 0.0074480131079, 0.96587240047, 0.0015227158417],
      [0, 0.3021047579, 0.6001169344, 0.09703190701, 0.00074640068709],
      [0.039954207005, 0.18181006068, 0.22560497373, 0.54616006286, 0.0064706957232],
      [0.27503290165, 0.080096577121, 0.045123323965, 0.42626105096, 0.1734861463]
    ],
    [
      [0.0016093209171, 0.53415279846, 0.13603021515, 0.24071856732, 0.087489098154],
      [0.41929931923, 0.0054650313643, 0.055339026142, 0.51197641091, 0.007920212349],
      [0, 0.024254580939, 0.0111475294, 0.96284660771, 0.0017512819524],
      [0, 0.22239993, 0.70265981747, 0.074254186649, 0.0006860658821],
      [0.090467077903, 0.14942390943, 0.2891001651, 0.46405078814, 0.0069580594288],
      [0.47770574503, 0.051078028107, 0.044667845199, 0.28044774134, 0.14610064032]
    ],
    [
      [0.002245432132, 0.50356049568, 0.11269782663, 0.24354790734, 0.13794833822],
      [0.48385137099, 0.0044184303298, 0.04158496125, 0.46689798353, 0.0032472539008],
      [0, 0.022717328435, 0.009641586635, 0.96490694984, 0.0027341350919],
      [0, 0.2432020627, 0.66940153967, 0.086152739004, 0.0012436586241],
      [0.12784345249, 0.1428527318, 0.24265770557, 0.47554716167, 0.01109894847],
      [0.5260053698, 0.038154401957, 0.029303420011, 0.22438248636, 0.18215432188]
    ],
    [
      [0.0015812416807, 0.36625854089, 0.14086790406, 0.3816326428, 0.10965967057],
      [0.33338464436, 0.0028886370638, 0.044236262592, 0.61739038833, 0.0021000676605],
      [0.00021513989006, 0.010596265098, 0.0073644281568, 0.98044256672, 0.0013816001353],
      [0.0012337043402, 0.11303083947, 0.75410747141, 0.12869630696, 0.0029316778167],
      [0.07206067922, 0.082630702601, 0.24198881995, 0.59637744971, 0.0069423485189],
      [0.39952120335, 0.029450151305, 0.038944860796, 0.37626772072, 0.15581606383]
    ]
  ],
  "expected_outcome": [
    [
      [0.05021236345, 0.018789182917, 0.012153082451, 0.028186565598, 0.0047095035117, 0.0012910882814, 0.0010170884573, 0, 0.0065955177031, 0.074413084362, 0, 0.0097363717332, 0.022263379505, 0.0081124619527, 0.012141894554, 0.0036233655022, 0.010585504056, 0.021665843469, 0.024408104936, 0.01453654646, 0.020921921871, 0.00170019531, 0.0060266173548, 0.015883062114, 0.065243711221, 0.025436307102, 0.0023345042022, 0.13901672523, 0.01311326184, 0.076757339517, 0.02230237755, 0.002403518065, 0.05643096912, 0.01648108712, 0.015102081933, 0.00096477138548, 0, 0.068053996897, 0.037711979187, 0.043935686395, 0.048361393074, 0.035736246732, 0.044483423595, 0.035272574404, 0.016775670845, 0.0024981516807, 0, 0.0087483517164, 0.0061765757003, 0.00010922691539, 0.005181196518, 0.040236130871, 0.026892669418, 0.52610389062, 0.083684687687, 0.14370765645, 0.028462350253],
      [33.945581096, 27.6143822875, 16.2877392006, 20.9835004469, 0.94792487004, 2.8919364523, 2.1122303816, 14.3015948929, 10.0511363162, 51.0023859557, 50.3741611191, 9.236272987, 11.2590941874, 1.3680863481, 4.4402604901, 3.0630001851, 5.0850141609, 16.8520424085, 17.0436494024, 0.99719917921, 15.6653107243, 2.1293515613, 1.9696587956, 11.3447292913, 24.1236275109, 16.1576763475, 1.7172285273, 11.4138290217, 9.0016235552, 23.659352983, 14.3139139185, 2.5433997317, 37.1774822336, 15.7814307061, 15.8587870229, 0.46735098432, 0.94943159463, 5.9944861368, 22.4362140817, 33.4717354876, 23.4722118428, 28.6453994681, 48.6042645315, 14.0115910435, 15.5113656305, 8.0099725686, 0, 0.46637111824, 9.3733948918, 0.015190363564, 4.7577029398, 13.7142269931, 22.5993154649, 468.8226165022, 27.7759455198, 32.2278717235, 6.5926537359],
      [4.6907769705, 3.1334080018, 1.7590396156, 3.2580192221, 0.24568698135, 0.61066692131, 0.18941938827, 1.3784540256, 2.4542648819, 7.0195750058, 6.4372352858, 1.2054114678, 1.7462621238, 0.2891752156, 1.1801267005, 0.42758425122, 0.7372526342, 2.2716602479, 1.8725673905, 0.7307826684, 2.4715197988, 0.13686296829, 2.7940140958, 1.6464975154, 3.0805215138, 1.7529884391, 0.44615514721, 1.2731805557, 0.97050993642, 3.2228314773, 1.7129524288, 0.6176841294, 3.6555105512, 1.6608730293, 2.4458134016, 0.31465450999, 0.56440282874, 0.94889030909, 2.5254425161, 4.1549597437, 3.0605650966, 4.3983811619, 7.0756754576, 2.1486186312, 2.0150940027, 0.36987329675, 0, 0.12585101635, 1.3649662967, 0.0068426831324, 0.92215725532, 3.3308239178, 3.5929164724, 77.0385232869, 7.073571188, 7.2126609044, 2.5356222731],
      [17.5206050321, 6.362605599, 5.9948828637, 12.383925642, 3.0860267348, 0.56222737302, 0.69733314168, 2.1594660487, 4.8984685443, 23.7707009164, 20.9117459863, 6.0764639139, 2.9723803093, 0.33462597431, 2.0356605741, 2.3166572118, 3.7793253773, 11.270389953, 10.7544634089, 0.42815041605, 5.8150518297, 0.73208527509, 0.50485652804, 5.8616511536, 15.5993606671, 10.6329558059, 0.83428182126, 4.8678138524, 4.8629985256, 19.6698947477, 5.9640386694, 0.6017563396, 17.2649792748, 4.7869691274, 3.7461892976, 0.2170297343, 0.28163212821, 5.7995237086, 10.1815527666, 15.0863088848, 9.453049183, 10.2379235839, 21.4969127107, 11.4047108657, 7.334338519, 0.46883789021, 0, 0.39902951369, 1.909302293, 0.0080289010502, 2.503811988, 8.5057601013, 7.3356615601, 205.8664084659, 12.5173655005, 15.5870660696, 6.8693875704],
      [4.792824538, 4.8708149288, 0.94618523765, 2.3463681234, 1.7156519103, 0.93387816509, 0, 2.1604850327, 0.58953473996, 5.1329250378, 4.2768576088, 0.47211525955, 0, 0, 0.33181034073, 0.18913498639, 0.38782232356, 1.5842415472, 1.3049116933, 1.8293311899, 1.0271957252, 0, 1.7254439632, 1.1312389776, 2.1312465969, 3.4309431004, 0, 0.30615984501, 1.151754721, 2.3711634525, 1.9867926058, 1.2347562812, 4.8455969713, 0.75424605001, 0.93410819592, 0, 0.20453344842, 4.1890458487, 1.8190786564, 3.2430601975, 1.9658124845, 1.6825595393, 3.7786638766, 10.3998068852, 1.122426177, 0.1488180928, 0, 0, 0.34615994276, 0.96982882534, 0.81114662028, 6.408952857, 3.4452138331, 58.7463478544, 4.549433104, 8.828693646, 1.9738740703]
    ],
    [
      [28.9827708779, 12.2279786039, 5.1681025411, 29.2442464342, 12.1336735458, 2.2628382713, 0.68031081601, 1.8337417849, 1.3768194932, 19.5729197524, 11.9322465602, 4.9766341089, 8.2391769603, 0.4728514357, 5.1182095782, 2.2931457117, 3.1883985034, 12.8381783015, 13.0174531591, 2.4570526212, 5.4992554242, 0, 4.2388925888, 13.689377031, 27.0573559778, 17.9240139333, 3.6900728886, 3.6386622888, 7.3169068477, 19.1034359508, 6.6572577861, 3.2194451626, 12.3860009784, 12.7327946812, 9.5064886305, 0.40032054268, 0, 8.5612454669, 17.249585515, 18.6188029384, 22.2575397019, 15.299485824, 26.3927104341, 22.2357437089, 8.102589658, 1.1760992219, 2, 3.653306677, 1.4093029077, 1.1966361114, 4.6045068973, 15.1021329165, 10.9023714104, 192.499292855, 58.7019046927, 108.3827071007, 31.0047719252],
      [0.74150949606, 0.67417434487, 0.25465388779, 0.82608591078, 0.088864907849, 0.32890494853, 0.039394918796, 0.24589085323, 0.076480236061, 0.50672085388, 0.66136233241, 0.17650532877, 0.14304348571, 0.037775162004, 0.063163497925, 0.06936474624, 0.053434275619, 0.38208661483, 0.40487773469, 0.0043918740029, 0.14845229292, 0, 0.037291452081, 0.3641106942, 0.42184527675, 0.4258571639, 0.093758953178, 0.11936346392, 0.18414260809, 0.22078108289, 0.15454550194, 0.11017378341, 0.30550055352, 0.44080715096, 0.36553381583, 0.0046606700429, 0.0097971209757, 0.026170379083, 0.38256615296, 0.53416393659, 0.40187128999, 0.45583186758, 1.1328113491, 0.32924644993, 0.27890488401, 0.11427367097, 0, 0.0028953629383, 0.071047980578, 0.0041944044687, 0.15284147021, 0.19244915876, 0.33757647399, 6.5736922374, 0.765104391, 0.98972839388, 0.26864324694],
      [4.074261361, 3.0453496911, 1.1003706322, 5.102971948, 1.0575443631, 1.016090274, 0.14770132989, 0.95344542747, 0.74765628804, 2.7718308418, 3.3604724957, 0.94202464469, 0.73585732864, 0.33136059875, 0.67557944486, 0.40463070304, 0.31375454123, 2.1999739544, 1.4925064431, 0.12874286556, 0.93553095787, 0, 0.50070923865, 2.1091707066, 1.9440979011, 1.843431514, 0.98790673959, 0.53951728977, 0.7948749949, 1.1963191631, 0.74153528765, 1.0564712796, 1.1964362886, 1.8583528738, 2.2505320441, 0.12684707729, 0.24035000091, 0.16522364047, 1.7163389598, 2.637922186, 2.0868942352, 2.8062100173, 6.552756265, 2.4741365308, 1.4455418986, 0.21681332115, 0, 0.034211753091, 0.41718778456, 0.075506774241, 1.1942723788, 1.8609064767, 2.1388692041, 42.8688607677, 7.7474636599, 9.31503132, 4.1139724211],
      [77.9450562064, 31.7620119769, 19.4402171449, 99.5087747486, 21.7199171832, 7.3921665062, 3.1325929353, 7.871779653, 7.787903223, 48.0234518649, 55.9090938601, 23.9048359176, 7.8819222253, 2.1580128035, 6.1311549122, 11.232858839, 8.4340985572, 52.4044897458, 44.0851626632, 0.39332607657, 11.3926599701, 0, 2.08980728, 38.7478719809, 49.5767008443, 57.5882389291, 9.2282614186, 10.6883192395, 20.6461125812, 37.425054977, 13.3938575279, 5.6139097744, 29.0141520907, 27.9159099876, 17.8240329368, 0.46817170999, 0.69591610018, 5.2043173399, 35.5751049057, 49.0823328897, 33.1347356003, 33.4384722911, 102.7055340187, 38.9608733104, 27.1231059673, 1.4870571248, 8, 1.309586207, 3.095689625, 0.67483657353, 16.9851016429, 23.844511448, 22.4963023722, 584.0353529071, 71.6766975275, 104.5851483116, 57.4173061143],
      [0.25640205867, 0.29048538317, 0.036655793908, 0.31792095848, 0, 0, 0, 0.09514228145, 0.01114075965, 0.12507668701, 0.13682475161, 0, 0, 0, 0.011892566868, 0, 0.010314122585, 0.17527138353, 0, 0.016486562661, 0.024101354908, 0, 0.13329944053, 0.089469587307, 0, 0.21845845977, 0, 0.014137718006, 0.057962968139, 0.054408826198, 0.052803896425, 0, 0.09791008877, 0.052135306444, 0.053412572866, 0, 0.053936777931, 0.043043173618, 0.076404466507, 0.12677804934, 0.11895917262, 0, 0.21618793319, 0, 0.049857592051, 0.0057566612239, 0, 0, 0.0067717021294, 0.048826136393, 0.063277610813, 0, 0.12488053925, 2.0228012329, 1.1088297289, 0.72738487377, 0.19530629242]
    ],
    [
