{
  "X": [
    [26, 17, 32, 25],
    [16, 7, 50, 27],
    [19, 18, 40, 23],
    [20, 11, 42, 27],
    [24, 16, 41, 19],
    [20, 12, 42, 26],
    [18, 15, 49, 18],
    [19, 13, 49, 19],
    [26, 16, 40, 18],
    [31, 33, 22, 14],
    [32, 39, 13, 16],
    [26, 35, 29, 10],
    [27, 24, 34, 15],
    [29, 34, 24, 13],
    [24, 36, 29, 11],
    [26, 34, 27, 13],
    [29, 29, 25, 17],
    [18, 26, 28, 28],
    [20, 21, 37, 22],
    [23, 27, 17, 33],
    [23, 22, 27, 28],
    [21, 26, 31, 22],
    [21, 17, 42, 20],
    [21, 31, 27, 21],
    [25, 19, 33, 23],
    [20, 34, 32, 14],
    [17, 36, 35, 12],
    [14, 36, 43, 7],
    [18, 38, 28, 16],
    [9, 35, 39, 17],
    [18, 38, 36, 8],
    [16, 37, 39, 8],
    [12, 29, 47, 12],
    [9, 38, 34, 19],
    [13, 23, 38, 26],
    [13, 19, 35, 33],
    [10, 33, 30, 27],
    [13, 24, 29, 34],
    [13, 25, 43, 19],
    [7, 28, 33, 32],
    [11, 23, 38, 28],
    [14, 22, 34, 30],
    [22, 21, 22, 35],
    [20, 16, 35, 29],
    [24, 12, 33, 31],
    [19, 14, 39, 28],
    [20, 15, 31, 34],
    [23, 11, 35, 31],
    [25, 10, 29, 36],
    [23, 13, 27, 37]
  ],
  "W": [
    [56, 8, 7, 12, 9, 8],
    [67, 3, 7, 9, 11, 3],
    [53, 7, 8, 8, 13, 11],
    [60, 7, 7, 7, 13, 6],
    [58, 9, 6, 13, 6, 8],
    [57, 10, 9, 9, 7, 8],
    [60, 8, 9, 9, 7, 7],
    [55, 8, 10, 10, 7, 10],
    [24, 34, 4, 15, 11, 12],
    [12, 55, 7, 5, 9, 12],
    [8, 57, 9, 5, 17, 4],
    [10, 60, 9, 7, 6, 8],
    [5, 53, 10, 11, 10, 11],
    [6, 57, 8, 7, 11, 11],
    [12, 62, 8, 3, 8, 7],
    [8, 62, 9, 8, 7, 6],
    [14, 38, 25, 9, 8, 6],
    [9, 7, 64, 2, 6, 12],
    [10, 9, 58, 9, 8, 6],
    [9, 6, 60, 7, 6, 12],
    [8, 9, 63, 11, 3, 6],
    [3, 11, 59, 15, 5, 7],
    [10, 12, 54, 7, 5, 12],
    [9, 9, 56, 9, 9, 8],
    [8, 6, 55, 5, 10, 16],
    [8, 5, 14, 59, 2, 12],
    [10, 9, 5, 54, 13, 9],
    [9, 6, 10, 54, 12, 9],
    [5, 10, 4, 52, 7, 22],
    [10, 8, 6, 50, 17, 9],
    [7, 13, 7, 60, 5, 8],
    [7, 12, 8, 60, 4, 9],
    [7, 8, 6, 65, 3, 11],
    [7, 6, 4, 32, 42, 9],
    [8, 7, 11, 8, 58, 8],
    [6, 12, 5, 4, 63, 10],
    [6, 7, 14, 10, 58, 5],
    [11, 12, 6, 7, 58, 6],
    [7, 11, 8, 8, 58, 8],
    [13, 6, 9, 5, 58, 9],
    [8, 5, 8, 8, 62, 9],
    [5, 11, 12, 8, 45, 19],
    [5, 13, 8, 10, 9, 55],
    [9, 5, 15, 13, 9, 49],
    [7, 9, 7, 9, 7, 61],
    [12, 6, 9, 13, 5, 55],
    [6, 10, 10, 12, 10, 52],
    [11, 13, 8, 10, 3, 55],
    [7, 10, 9, 4, 6, 64],
    [12, 13, 9, 6, 7, 53]
  ],
  "method": "mult",
  "cond_prob": [
    [
      [0.29200118682, 0.038339758602, 0.39527840633, 0.27438064825],
      [0.43457792704, 0.41928511473, 0.1132540279, 0.032882930336],
      [0.2763605611, 0.2597314053, 0.18442944455, 0.27947858905],
      [0.12566685282, 0.55078843253, 0.30814111664, 0.015403598004],
      [0.041940654032, 0.31268338452, 0.26497642672, 0.38039953472],
      [0.29391475925, 0.032120139047, 0.19811120876, 0.47585389294]
    ],
    [
      [0.17318109911, 0.002873920589, 0.5504330534, 0.2735119269],
      [0.40364173311, 0.30586327812, 0.24050641902, 0.049988569752],
      [0.20466207497, 0.14961849033, 0.31146962116, 0.33424981355],
      [0.097281452777, 0.33578782094, 0.54606018991, 0.020870536381],
      [0.027612175367, 0.16129104129, 0.40206943487, 0.40902734847],
      [0.19134654391, 0.015412070417, 0.29395777469, 0.49928361098]
    ],
    [
      [0.2133448736, 0.051837084905, 0.50824824219, 0.22656979931],
      [0.33204792501, 0.49095826307, 0.14912687694, 0.027866934984],
      [0.21126044769, 0.30516864767, 0.24272318141, 0.24084772323],
      [0.082246452315, 0.55680287544, 0.35002482611, 0.010925846134],
      [0.029011643464, 0.34276013727, 0.32384642214, 0.30438179713],
      [0.2402890599, 0.042206608111, 0.27881522524, 0.43868910675]
    ],
    [
      [0.21550501171, 0.01430062998, 0.49691005164, 0.27328430666],
      [0.4113668514, 0.36826712196, 0.17880146928, 0.041564557357],
      [0.23263117632, 0.20206193543, 0.25786385757, 0.30744303068],
      [0.10698515275, 0.43736435619, 0.43732277141, 0.018327719652],
      [0.032802441359, 0.22737358714, 0.34730336565, 0.39252060585],
      [0.23106421604, 0.022041945559, 0.2587560767, 0.4881377617]
    ],
    [
      [0.25602095598, 0.035800305026, 0.49906909758, 0.20910964142],
      [0.40668743125, 0.41541117267, 0.15132427162, 0.026577124471],
      [0.26091078037, 0.25944330029, 0.24811269081, 0.23153322852],
      [0.10821676149, 0.50260752631, 0.37817363948, 0.011002072717],
      [0.038446567034, 0.30507712235, 0.34832108352, 0.3081552271],
      [0.28595446101, 0.032982672077, 0.27465174209, 0.40641112482]
    ],
    [
      [0.19879954399, 0.012047854587, 0.51081594172, 0.27833665971],
      [0.3899809255, 0.37850144826, 0.18791497212, 0.043602654126],
      [0.21682179932, 0.2040891293, 0.26616211379, 0.31292695759],
      [0.098486889419, 0.43671441691, 0.44585704724, 0.018941646431],
      [0.029901040166, 0.22678832181, 0.35163520462, 0.3916754334],
      [0.21519140724, 0.021688454672, 0.26684033991, 0.49627979818]
    ],
    [
      [0.18581710992, 0.03497649123, 0.59317004916, 0.18603634969],
      [0.32356868692, 0.45686063402, 0.19382480008, 0.025745878982],
      [0.20089434785, 0.27618258157, 0.30702195743, 0.21590111316],
      [0.075606653493, 0.48795991966, 0.42683703944, 0.0095963874021],
      [0.027367694607, 0.30281428016, 0.40171577067, 0.26810225456],
      [0.22604871928, 0.035648997406, 0.34892246905, 0.38937981426]
    ],
    [
      [0.19166196964, 0.02028338676, 0.59811313262, 0.18994151098],
      [0.36224792179, 0.39787717872, 0.21129175622, 0.028583143263],
      [0.21700478728, 0.23153151432, 0.32271453279, 0.22874916561],
      [0.085991979836, 0.43126973626, 0.47169110336, 0.011047180546],
      [0.029923413903, 0.25704108415, 0.42607676887, 0.28695873308],
      [0.23211767269, 0.02740962035, 0.34868499126, 0.3917877157]
    ],
    [
      [0.20286288519, 0.0023741720401, 0.5647021618, 0.23006078096],
      [0.44811325699, 0.25851250381, 0.24116663337, 0.052207605825],
      [0.24910952033, 0.14607606882, 0.32322512331, 0.28158928754],
      [0.11240204287, 0.31081930482, 0.55448201522, 0.022296637094],
      [0.033074573997, 0.16242016221, 0.4401260937, 0.3643791701],
      [0.23742924827, 0.010031592469, 0.31633040249, 0.43620875676]
    ],
    [
      [0.25331493951, 0.035512311488, 0.47177557624, 0.23939717276],
      [0.40093722285, 0.44933856529, 0.13165298108, 0.018071230778],
      [0.25050123202, 0.27269307909, 0.22448422572, 0.25232146317],
      [0.10592362662, 0.53154995491, 0.35025038132, 0.012276037153],
      [0.037581658106, 0.3173326235, 0.31233405821, 0.33275166018],
      [0.27394264907, 0.036469685955, 0.24701092626, 0.44257673871]
    ],
    [
      [0.30586309289, 0.040957343204, 0.31882080665, 0.33435875726],
      [0.43194418581, 0.47239044523, 0.074870784525, 0.020794584437],
      [0.26865573514, 0.28818325799, 0.13342065112, 0.30974035575],
      [0.1262668698, 0.62409872148, 0.23276386062, 0.016870548099],
      [0.043672860167, 0.34640553033, 0.19051887585, 0.41940273365],
      [0.28515051942, 0.035762232841, 0.14459319407, 0.53449405367]
    ],
    [
      [0.18603472805, 0.030240508963, 0.59381821357, 0.18990654941],
      [0.33010971179, 0.44912163959, 0.19940976782, 0.0213588808],
      [0.20275116035, 0.26728031792, 0.31073031733, 0.2192382044],
      [0.077601501289, 0.47355250435, 0.43900934834, 0.0098366460301],
      [0.027774153018, 0.2923562829, 0.4069164126, 0.27295315149],
      [0.2248067677, 0.034471055767, 0.34826187814, 0.39246029839]
    ],
    [
      [0.17811133557, 0.01601472944, 0.58767623292, 0.21819770207],
      [0.38496411886, 0.30991724876, 0.25447951964, 0.050639112739],
      [0.21305693336, 0.16868765272, 0.34021122386, 0.27804419006],
      [0.091617977933, 0.34345638174, 0.54732038356, 0.017605256768],
      [0.027335691694, 0.18453605785, 0.44407946935, 0.34404878111],
      [0.20860191043, 0.016732260312, 0.33734301305, 0.43732281621]
    ],
    [
      [0.22696531819, 0.030548205001, 0.51635549789, 0.22613097892],
      [0.38397687218, 0.43260640368, 0.16055758362, 0.022859140513],
      [0.23575416214, 0.25899389259, 0.25708976304, 0.24816218223],
      [0.097927424156, 0.49659894321, 0.39350260107, 0.011971031561],
      [0.034288198541, 0.29511546931, 0.35018838858, 0.32040794356],
      [0.25480281148, 0.033066532212, 0.28061601456, 0.43151464176]
    ],
    [
      [0.16948493225, 0.031608664649, 0.5969501564, 0.2019562467],
      [0.30126582097, 0.47250990605, 0.2011046816, 0.025119591377],
      [0.18265227826, 0.27802630318, 0.30876890699, 0.23055251158],
      [0.069245077981, 0.48806883134, 0.43195088866, 0.010735202026],
      [0.024468438373, 0.29834022114, 0.39633319927, 0.28085814122],
      [0.20328556369, 0.035706165805, 0.34734833539, 0.41365993511]
    ],
    [
      [0.177421442, 0.025457665374, 0.53949488021, 0.25762601242],
      [0.33625832233, 0.42031026606, 0.19960686112, 0.04382455049],
      [0.19157886524, 0.23390954154, 0.28005767862, 0.2944539146],
      [0.081298491165, 0.46260602505, 0.43993084797, 0.01616463582],
      [0.025449849499, 0.2527077362, 0.36123339744, 0.36060901686],
      [0.19664430275, 0.027018992257, 0.28996931595, 0.48636738905]
    ],
    [
      [0.25308490067, 0.029952614986, 0.46750127722, 0.24946120712],
      [0.42135292136, 0.4077892779, 0.14212430338, 0.028733497362],
      [0.25957155465, 0.24556628807, 0.22702795404, 0.26783420324],
      [0.11415459811, 0.49884766141, 0.37310226477, 0.013895475708],
      [0.038486174201, 0.2846373039, 0.31980478907, 0.35707173282],
      [0.27013845603, 0.029797707379, 0.243700174, 0.45636366259]
    ],
    [
      [0.18091192223, 0.035206513437, 0.52361218191, 0.26026938243],
      [0.30313143064, 0.49701647602, 0.16511035888, 0.034741734461],
      [0.18076592426, 0.29370342186, 0.25117969554, 0.27435095835],
      [0.072540441777, 0.54086053657, 0.37274382177, 0.013855199882],
      [0.024387293845, 0.31356180309, 0.32539772526, 0.33665317781],
      [0.19912074053, 0.036992929704, 0.2798619451, 0.48402438467]
    ],
    [
      [0.18630050591, 0.021078094371, 0.58730394823, 0.20531745149],
      [0.37459067549, 0.36976971183, 0.22264050467, 0.032999108009],
      [0.21376107143, 0.20491706999, 0.33042637323, 0.25089548535],
      [0.088818683426, 0.40001050618, 0.49808148759, 0.013089322806],
      [0.029389201264, 0.22886411288, 0.42941417156, 0.3123325143],
      [0.22217582628, 0.024182355323, 0.34006992788, 0.41357189052]
    ],
    [
      [0.26603006118, 0.038396571839, 0.34160105013, 0.35397231685],
      [0.38859803194, 0.47614029553, 0.093755251495, 0.041506421033],
      [0.23828565566, 0.28497648402, 0.14204255066, 0.33469530966],
      [0.11077593393, 0.61702566314, 0.25240764753, 0.019790755394],
      [0.034321347014, 0.32794903416, 0.2020906415, 0.43563897732],
      [0.24963685823, 0.034343849343, 0.15509238486, 0.56092690757]
    ],
    [
      [0.22125685446, 0.022663640587, 0.46657010958, 0.28950939537],
      [0.41578641558, 0.37483514558, 0.1650200759, 0.044358362944],
      [0.23467122059, 0.20022400964, 0.23557116487, 0.3295336049],
      [0.11085828527, 0.45407467259, 0.41461697792, 0.020450064221],
      [0.033054702028, 0.23338056655, 0.32054946032, 0.41301527111],
      [0.23082921383, 0.02268314326, 0.23647331926, 0.51001432365]
    ],
    [
      [0.20330246151, 0.025037358648, 0.53844118684, 0.23321899301],
      [0.37876080368, 0.39738649258, 0.18907652318, 0.034776180563],
      [0.22117275114, 0.226491991, 0.28322634442, 0.26910891344],
      [0.093963908166, 0.44890805726, 0.44267624601, 0.014451788563],
      [0.030823312296, 0.25376353261, 0.37617330362, 0.33923985148],
      [0.23013661057, 0.026881502107, 0.29621002218, 0.44677186514]
    ],
    [
      [0.17180254176, 0.016259134358, 0.64173237423, 0.17020594965],
      [0.37851651037, 0.32425310858, 0.26719479708, 0.030035583967],
      [0.21070382937, 0.17383382356, 0.39147531112, 0.22398703595],
      [0.085561837209, 0.33507539728, 0.56800409152, 0.01135867399],
      [0.028875890824, 0.19562431197, 0.49959244888, 0.27590734833],
      [0.21820477977, 0.019641295027, 0.39689008392, 0.36526384127]
    ],
    [
      [0.23182073913, 0.039530108362, 0.50419663082, 0.2244525217],
      [0.34764457573, 0.4844945303, 0.14202039009, 0.025840503884],
      [0.22550225976, 0.31708455212, 0.23285489389, 0.22455829424],
      [0.088351995555, 0.56023404418, 0.3411703709, 0.010243589361],
      [0.032013104555, 0.35013093426, 0.32044098023, 0.29741498096],
      [0.25917496487, 0.041719815931, 0.27370882426, 0.42539639494]
    ],
    [
      [0.24172488556, 0.022787775307, 0.54558710972, 0.18990022941],
      [0.43489449183, 0.35288112946, 0.1850202098, 0.027204168915],
      [0.27149418445, 0.21249662804, 0.29345849622, 0.22255069129],
      [0.11362154795, 0.41935529523, 0.45527241175, 0.01175074506],
      [0.039903926836, 0.25107110925, 0.41125000486, 0.29777495905],
      [0.28484417572, 0.025350556877, 0.31225640399, 0.37754886341]
    ],
    [
      [0.27514674383, 0.025126035905, 0.43773146711, 0.26199575315],
      [0.45617204536, 0.372212268, 0.13669040344, 0.034925283201],
      [0.28089360628, 0.22220679052, 0.21397564197, 0.28292396123],
      [0.13639430893, 0.47456030834, 0.3651089887, 0.023936394025],
      [0.041833494626, 0.26868657026, 0.30724651136, 0.38223342376],
      [0.28787700986, 0.024216997721, 0.22192615854, 0.46597983388]
    ],
    [
      [0.25776742351, 0.029752035346, 0.49144725021, 0.22103329093],
      [0.42032080967, 0.40123321433, 0.15077034405, 0.02767563194],
      [0.26542150886, 0.24911061969, 0.2438748122, 0.24159305926],
      [0.11532010879, 0.49516955847, 0.38256018899, 0.0069501437531],
      [0.039548997927, 0.29427161391, 0.34357572361, 0.32260366455],
      [0.28565645398, 0.031237831231, 0.26494285866, 0.41816285613]
    ],
    [
      [0.22037298755, 0.033412931213, 0.62195087795, 0.12426320329],
      [0.36660115072, 0.42437187484, 0.19405316849, 0.014973805956],
      [0.24346760678, 0.28021223369, 0.3310029378, 0.14531722173],
      [0.073207947823, 0.48367934277, 0.4431127094, 0],
      [0.070301136582, 0.32226301173, 0.45452093169, 0.15291492],
      [0.28727970206, 0.040565486957, 0.3939729135, 0.27818189748]
    ],
    [
      [0.25719407082, 0.035288286655, 0.44116423855, 0.26635340398],
      [0.39238554506, 0.45005632778, 0.12648417778, 0.031073949376],
      [0.24711223238, 0.27813155593, 0.20400468952, 0.27075152217],
      [0.10822844064, 0.5603151767, 0.3232739261, 0.0081824565664],
      [0.036046743961, 0.32370666805, 0.28348199771, 0.35676459028],
      [0.26915996113, 0.036733327296, 0.22357727865, 0.47052943292]
    ],
    [
      [0.13927273966, 0.028806289344, 0.55016183079, 0.28175914021],
      [0.27348527008, 0.47995911001, 0.20264602012, 0.043909599784],
      [0.14801619626, 0.25565515633, 0.28078845767, 0.31554018974],
      [0.05714275329, 0.49154731956, 0.43284469712, 0.018465230033],
      [0.017630809803, 0.26416552114, 0.34767256172, 0.37053110733],
      [0.15271464823, 0.030017050136, 0.29331270886, 0.52395559277]
    ],
    [
      [0.25045153364, 0.029470451069, 0.52419694377, 0.19588107153],
      [0.41242747912, 0.40118706115, 0.16243901142, 0.023946448312],
      [0.26377071793, 0.25202514092, 0.2657610527, 0.21844308845],
      [0.10900973224, 0.48461551813, 0.40243672976, 0.0039380198632],
      [0.038654121203, 0.29581762461, 0.37319825624, 0.29232999794],
      [0.28812905874, 0.032259981258, 0.29329897618, 0.38631198382]
    ],
    [
      [0.21973680663, 0.02902567863, 0.56354098809, 0.18769652665],
      [0.38006683536, 0.41200585832, 0.18390555127, 0.024021755055],
      [0.23780651148, 0.25339572699, 0.29381057509, 0.21498718643],
      [0.091988351595, 0.47297427737, 0.43287911853, 0.0021582525036],
      [0.0335946648, 0.28783675487, 0.39945953915, 0.27910904118],
      [0.26054538694, 0.032864496888, 0.32525295545, 0.38133716071]
    ],
    [
      [0.15450214919, 0.018226733294, 0.57765583693, 0.24961528059],
      [0.34701633648, 0.36382996223, 0.24420508791, 0.044948613373],
      [0.18059561856, 0.18592304639, 0.32510513125, 0.3083762038],
      [0.077771162032, 0.36991762475, 0.52774105338, 0.02457015984],
      [0.023678576313, 0.19679859692, 0.40996985802, 0.36955296874],
      [0.17569266286, 0.019199408303, 0.31991450971, 0.48519341912]
    ],
    [
      [0.19104455367, 0.040377684682, 0.5375588676, 0.23101889404],
      [0.30321013577, 0.50946526098, 0.15965850583, 0.027666097422],
      [0.18905610183, 0.31324166453, 0.2556454531, 0.24205678054],
      [0.069336284268, 0.56582386753, 0.3616114248, 0.0032284234002],
      [0.02193268962, 0.35489599949, 0.33381910795, 0.28935220294],
      [0.21636320464, 0.043955804867, 0.29606521687, 0.44361577363]
    ],
    [
      [0.23246889606, 0.023023880089, 0.53935127505, 0.2051559488],
      [0.4254967294, 0.35971467381, 0.18511091158, 0.029677685207],
      [0.25786829589, 0.21416167685, 0.28777915191, 0.24019087536],
      [0.10947462472, 0.42510573849, 0.45274448673, 0.012675150053],
      [0.039549263977, 0.24720999801, 0.3995027375, 0.31373800051],
      [0.26944577031, 0.025375250576, 0.30384100985, 0.40133796926]
    ],
    [
      [0.22219141822, 0.018401455547, 0.50679800117, 0.25260912507],
      [0.44685754996, 0.32066951123, 0.19113497275, 0.04133796606],
      [0.24979637966, 0.17649865002, 0.27400892514, 0.29969604519],
      [0.1171508415, 0.38776636993, 0.47694331983, 0.01813946874],
      [0.034128313703, 0.197133966, 0.37595923383, 0.39277848647],
      [0.24368918636, 0.018855854416, 0.27023426837, 0.46722069085]
    ],
    [
      [0.21145094266, 0.037031536142, 0.49611749378, 0.25540002742],
      [0.33457588572, 0.48682411211, 0.14685449184, 0.031745510336],
      [0.20635570475, 0.29735460159, 0.23308696853, 0.26320272513],
      [0.082696696922, 0.55671646833, 0.34768937289, 0.012897461859],
      [0.026243909167, 0.33532957689, 0.30937153231, 0.32905498163],
      [0.23023391533, 0.038159486598, 0.26233068638, 0.4692759117]
    ],
    [
      [0.23142348982, 0.024868308266, 0.43977215266, 0.30393604925],
      [0.41727132823, 0.389497715, 0.14849636811, 0.04473458866],
      [0.2372662465, 0.21785188808, 0.21671174482, 0.3281701206],
      [0.11266745386, 0.48456681575, 0.38224676524, 0.02051896515],
      [0.031338923179, 0.24494785953, 0.29477679913, 0.42893641817],
      [0.23619307881, 0.024403522942, 0.21791628807, 0.52148711018]
    ],
    [
      [0.21573815468, 0.024162436187, 0.60885885156, 0.15124055758],
      [0.39666985502, 0.3721708392, 0.21000973709, 0.021149568702],
      [0.24866095095, 0.22955045251, 0.33762418662, 0.18416440992],
      [0.096018236642, 0.4131444195, 0.48258374361, 0.0082536002525],
      [0.037675410513, 0.264882149, 0.46329020853, 0.23415223195],
      [0.2729821502, 0.029032512159, 0.3744231743, 0.32356216334]
    ],
    [
      [0.14250288236, 0.037726677671, 0.53372569866, 0.28604474131],
      [0.25051780342, 0.53526529581, 0.17443110609, 0.039785794679],
      [0.14238012092, 0.30121947143, 0.25566592095, 0.3007344867],
      [0.055971560977, 0.55456045868, 0.37431161667, 0.015156363669],
      [0.01177861366, 0.31841699528, 0.31559818762, 0.35420620344],
      [0.15554635816, 0.038444239207, 0.28197033635, 0.52403906629]
    ],
    [
      [0.22043729192, 0.023799701531, 0.53852350544, 0.21723950111],
      [0.40746928529, 0.37441079495, 0.1862702748, 0.031849644967],
      [0.24264760422, 0.21960819443, 0.28523030837, 0.25251389298],
      [0.10270480889, 0.43541996874, 0.44835862645, 0.013516595919],
      [0.034813414554, 0.24941671649, 0.39012097637, 0.32564889258],
      [0.25310047011, 0.025942965023, 0.3004720632, 0.42048450167]
    ],
    [
      [0.19941623172, 0.023942006846, 0.53256826075, 0.24407350069],
      [0.37915293981, 0.39226549395, 0.19063987943, 0.03794168681],
      [0.21738683115, 0.22044683112, 0.28008442248, 0.28208191526],
      [0.093449387199, 0.44442098056, 0.44610237729, 0.01602725495],
      [0.027659183649, 0.24225822843, 0.37305535312, 0.3570272348],
      [0.22270190358, 0.024369443957, 0.29067352863, 0.46225512383]
    ],
    [
      [0.23706159032, 0.04057892016, 0.42812501524, 0.29423447427],
      [0.34776647359, 0.50192681982, 0.11789717509, 0.03240953149],
      [0.21828532245, 0.30683185726, 0.18926601389, 0.2856168064],
      [0.091759410182, 0.6012618745, 0.29351344721, 0.013465268115],
      [0.030998467096, 0.34739697128, 0.25601087986, 0.36559368176],
      [0.24274300012, 0.048694734489, 0.21042456629, 0.49813769911]
    ],
    [
      [0.20378456411, 0.027174237907, 0.55592872822, 0.21311246977],
      [0.36693734711, 0.41408693646, 0.188607749, 0.030367967433],
      [0.22113168837, 0.24391070763, 0.29094997857, 0.24400762543],
      [0.089685606617, 0.46296577829, 0.43593837795, 0.011410237139],
      [0.030699809055, 0.27238572499, 0.38775973976, 0.30915472619],
      [0.23616460601, 0.031761426925, 0.31698605003, 0.41508791704]
    ],
    [
      [0.22338152177, 0.02301551882, 0.54219118819, 0.21141177122],
      [0.41034955169, 0.37059655914, 0.18788207095, 0.031171818222],
      [0.24724894243, 0.21686566144, 0.28865603607, 0.24722936006],
      [0.10478547294, 0.43080116952, 0.45115606347, 0.013257294065],
      [0.035521382513, 0.24886758425, 0.39531038139, 0.32030065184],
      [0.25935609592, 0.022396378532, 0.30599268116, 0.41225484439]
    ],
    [
      [0.17978782939, 0.02668101286, 0.59681394203, 0.19671721571],
      [0.33902006296, 0.41999541078, 0.21189338061, 0.029091145649],
      [0.20148648899, 0.2433911266, 0.32172006495, 0.23340231945],
      [0.078498016026, 0.44649823837, 0.46514388952, 0.0098598560796],
      [0.027282819896, 0.26542572766, 0.41862971013, 0.28866174232],
      [0.21523925383, 0.033413263718, 0.35511586751, 0.39623161494]
    ],
    [
      [0.19956420441, 0.023421941005, 0.51961198466, 0.25740186992],
      [0.37790960018, 0.3961363, 0.18549687166, 0.040457228159],
      [0.21573919706, 0.2195720098, 0.27021030081, 0.29447849233],
      [0.09442330967, 0.45080059608, 0.43671622554, 0.018059868712],
      [0.029863631574, 0.24369357028, 0.35783759752, 0.36860520062],
      [0.21989251479, 0.016458507697, 0.27896703242, 0.48468194509]
    ],
    [
      [0.1989452141, 0.016930247991, 0.55735377126, 0.22677076665],
      [0.4077856077, 0.33726996879, 0.21578259457, 0.039161828944],
      [0.22985756066, 0.18470503475, 0.30965005601, 0.27578734858],
      [0.10073802977, 0.3808677639, 0.50147742801, 0.016916778314],
      [0.032045116862, 0.20780309982, 0.41299461048, 0.34715717283],
      [0.22850933839, 0.0094460083889, 0.31514502231, 0.44689963091]
    ],
    [
      [0.22913417008, 0.022195730876, 0.50589182681, 0.24277827223],
      [0.42244287914, 0.36517008671, 0.17581040405, 0.036576630104],
      [0.24890570843, 0.20825074492, 0.2641779622, 0.27866558446],
      [0.11099718545, 0.43808206347, 0.43496498171, 0.015955769372],
      [0.035811483472, 0.24002300285, 0.36271756431, 0.36144794936],
      [0.25425973437, 0.017596969398, 0.27198259687, 0.45616069937]
    ],
    [
      [0.22042201215, 0.023649972136, 0.46893102796, 0.28699698775],
      [0.39711044655, 0.40012439692, 0.15910243577, 0.043662720758],
      [0.22866448258, 0.22362590768, 0.23390521988, 0.31380438986],
      [0.10452847158, 0.48140526104, 0.39489066186, 0.019175605525],
      [0.032280799411, 0.25305841905, 0.31538885897, 0.39927192256],
      [0.23172421284, 0.015888858599, 0.23815628371, 0.51423064485]
    ]
  ],
  "expected_outcome": [
    [
      [16.3520664618, 11.6031336401, 11.307278301, 12.9303007028, 14.8492154468, 11.3315740073, 11.1490265953, 10.5414083303, 4.8687092446, 3.0397792741, 2.4469047431, 1.8603472805, 0.89055667787, 1.3617919092, 2.033819187, 1.419371536, 3.5431886094, 1.6282073, 1.8630050591, 2.3942705506, 1.7700548357, 0.60990738452, 1.7180254176, 2.0863866521, 1.9337990845, 2.2011739507, 2.5776742351, 1.9833568879, 1.2859703541, 1.3927273966, 1.7531607354, 1.5381576464, 1.0815150443, 1.3373118757, 1.8597511685, 1.3331485093, 1.268705656, 2.545658388, 1.5101670827, 1.8525374706, 1.7634983353, 0.99708115858, 1.1853079516, 1.834061077, 1.5636706524, 2.1574539527, 1.1973852265, 2.1883973551, 1.6039391906, 2.6450641458],
      [2.1470264817, 0.19255267946, 2.7473655, 0.85803779879, 2.0764176915, 0.68672771144, 2.0985894738, 1.1155862718, 0.056980128962, 0.42614773786, 0.32765874563, 0.30240508963, 0.080073647198, 0.18328923001, 0.37930397578, 0.20366132299, 0.4193366098, 0.31685862093, 0.21078094371, 0.34556914655, 0.1813091247, 0.075112075944, 0.16259134358, 0.35577097526, 0.18230220246, 0.20100828724, 0.29752035346, 0.30071638091, 0.17644143328, 0.28806289344, 0.20629315748, 0.20317975041, 0.12758713306, 0.28264379277, 0.18419104071, 0.11040873328, 0.22218921685, 0.27355139092, 0.16913705331, 0.49044680973, 0.19039761225, 0.11971003423, 0.2028946008, 0.24456814116, 0.16110863174, 0.32017215432, 0.14053164603, 0.1862327279, 0.15537011613, 0.28379966563],
      [22.1355907546, 36.879014578, 26.9371568358, 29.8146030985, 28.9460076595, 29.1165086779, 35.5902029495, 32.896222294, 13.5528518833, 5.6613069149, 2.5505664532, 5.9381821357, 2.9383811646, 3.0981329873, 7.1634018768, 4.3159590416, 6.5450178811, 4.7125096372, 5.8730394823, 3.0744094512, 3.7325608766, 1.6153235605, 6.4173237423, 4.5377696774, 4.3646968778, 3.5018517369, 4.9144725021, 5.5975579015, 2.2058211928, 5.5016183079, 3.6693786064, 3.9447869167, 4.0435908585, 3.7629120732, 4.3148102004, 3.040788007, 2.9767049627, 4.8374936793, 4.2620119609, 6.9384340826, 4.3081880435, 2.6628413037, 2.1406250762, 5.003358554, 3.7953383173, 7.1617673044, 3.1176719079, 6.1308914838, 3.5412427877, 5.6271723356],
      [15.3653163019, 18.3252991024, 12.0081993632, 16.3970583999, 12.1283592022, 15.8651896033, 11.1621809814, 10.4467831039, 5.5214587431, 2.8727660731, 2.674870058, 1.8990654941, 1.0909885104, 1.3567858735, 2.4234749604, 2.0610080994, 3.4924568997, 2.3424244419, 2.0531745149, 3.1857508517, 2.316075163, 0.69965697903, 1.7020594965, 2.0200726953, 1.5192018353, 2.0959660252, 2.2103329093, 1.1183688296, 1.3317670199, 2.8175914021, 1.3711675007, 1.3138756865, 1.7473069641, 1.6171322583, 1.6412475904, 1.5156547504, 1.5324001645, 3.3432965417, 1.058683903, 3.7185816371, 1.7379160089, 1.2203675035, 1.4711723714, 1.9180122279, 1.4798823986, 2.3606065886, 1.5444112195, 2.4944784332, 1.6994479056, 3.443963853]
    ],
    [
      [3.4766234163, 1.2109251993, 2.324335475, 2.8795679598, 3.6601868812, 3.899809255, 2.5885494954, 2.8979833744, 15.2358507378, 22.0515472568, 24.6208185911, 19.8065827076, 20.4030982996, 21.8866817145, 18.6784809001, 20.8480159845, 16.0114110116, 2.1219200145, 3.3713160794, 2.3315881916, 3.7420777402, 4.1663688405, 4.5421981245, 3.1288011816, 2.609366951, 2.2808602268, 3.7828872871, 2.1996069043, 3.9238554506, 2.1878821606, 5.3615572286, 4.5608020244, 2.7761306919, 1.8192608146, 2.9784771058, 5.3622905995, 2.3420312, 5.0072559387, 4.3633684052, 1.5031068205, 2.0373464264, 4.1706823379, 4.5209641567, 1.8346867355, 3.6931459652, 2.0341203778, 3.7790960018, 5.3012129, 4.2244287914, 5.1624358051],
      [3.3542809178, 0.91758983435, 3.4367078415, 2.5778698537, 3.738700554, 3.7850144826, 3.6548850721, 3.1830174298, 8.7894251296, 24.713621091, 26.926255378, 26.9472983751, 16.4256141845, 24.65856501, 29.295614175, 26.0592364958, 15.4959925602, 3.4791153321, 3.3279274065, 2.8568417732, 3.3735163102, 4.3712514184, 3.8910373029, 4.3604507727, 2.1172867767, 1.86106134, 3.611098929, 2.546231249, 4.5005632778, 3.8396728801, 5.2154317949, 4.9440702998, 2.9106396979, 3.0567915659, 2.5180027167, 3.8480341348, 3.4077687847, 4.67397258, 4.0938792312, 3.2115917748, 1.8720539747, 4.3149204335, 6.5250486577, 2.0704346823, 3.3353690323, 2.5199724647, 3.961363, 4.3845095943, 3.6517008671, 5.20161716],
      [0.90603222319, 0.72151925705, 1.0438881386, 1.2516102849, 1.3619184445, 1.8791497212, 1.5505984006, 1.6903340498, 8.1996655346, 7.2409139594, 4.2676347179, 11.9645860693, 13.4874145407, 9.1517822663, 12.4684902595, 12.3756253892, 5.4007235284, 1.1557725122, 2.003764542, 0.56253150897, 1.4851806831, 2.079841755, 3.206337565, 1.2781835108, 1.1101212588, 0.68345201718, 1.3569330965, 1.1643190109, 1.2648417778, 1.621168161, 2.1117071485, 2.2068666152, 1.9536407033, 0.95795103501, 1.2957763811, 2.293619673, 1.0279814429, 1.7819564173, 2.3101071079, 1.0465866366, 0.93135137398, 2.0970386737, 1.5326632762, 0.94303874499, 1.6909386385, 1.2713602837, 1.8549687166, 2.8051737294, 1.7581040405, 2.0683316651],
      [0.26306344268, 0.14996570926, 0.19506854489, 0.2909519015, 0.23919412023, 0.43602654126, 0.20596703186, 0.22866514611, 1.775058598, 0.99391769278, 1.1852913129, 1.281532848, 2.6838729751, 1.3029710092, 1.5574146654, 2.7171221304, 1.0918728997, 0.24319214122, 0.29699197208, 0.2490385262, 0.3992252665, 0.3825379862, 0.3604270076, 0.23256453495, 0.16322501349, 0.17462641601, 0.24908068746, 0.089842835738, 0.31073949376, 0.35127679827, 0.31130382806, 0.28826106067, 0.35958890698, 0.16599658453, 0.20774379645, 0.49605559272, 0.22221857235, 0.53681506392, 0.23264525572, 0.23871476808, 0.15924822484, 0.41735855491, 0.42132390938, 0.15183983717, 0.280546364, 0.1745468739, 0.40457228159, 0.50910377628, 0.36576630104, 0.56761536986]
    ],
    [
      [1.9345239277, 1.4326345248, 1.6900835815, 1.6284182342, 1.5654646822, 1.9513961939, 1.8080491307, 2.1700478728, 0.9964380813, 1.7535086242, 2.4179016162, 1.8247604432, 2.1305693336, 1.8860332971, 1.461218226, 1.7242097872, 6.4892888662, 11.5690191525, 12.3981421429, 14.2971393394, 14.7842868971, 13.0491923171, 11.378006786, 12.6281265463, 14.9321801448, 3.9325104879, 1.3271075443, 2.4346760678, 0.98844892951, 0.88809717759, 1.8463950255, 1.9024520919, 1.0835737113, 0.75622440734, 2.8365512548, 1.2489818983, 2.8889798665, 1.423597479, 1.9892876076, 1.2814210883, 1.9411808337, 2.6086419737, 1.7462825796, 3.3169753255, 1.730742597, 1.8133784009, 2.1573919706, 1.8388604853, 2.2401513758, 2.0579803432],
      [1.8181198371, 1.0473294323, 2.4413491813, 1.414433548, 1.5566598018, 1.8368021637, 2.4856432341, 2.3153151432, 0.58430427529, 1.9088515536, 2.5936493219, 2.4055228613, 1.6868765272, 2.0719511407, 2.2242104255, 2.1051858738, 6.1391572018, 18.7970189988, 11.8851900593, 17.0985890412, 12.6141126073, 13.3630274689, 9.3870264724, 17.7567349186, 11.6873145421, 3.1108950673, 1.2455530984, 2.8021223369, 1.1125262237, 1.533930938, 1.7641759864, 2.0271658159, 1.1155382783, 1.2529666581, 2.3557784454, 0.8824932501, 4.1629644223, 1.3071113285, 1.8364036201, 2.7109752429, 1.7568655555, 2.6453619734, 2.4546548581, 3.6586606145, 1.5180596301, 2.1905201394, 2.195720098, 1.477640278, 1.8742567043, 2.0126331691],
      [1.2910061118, 2.1802873481, 1.9417854513, 1.805047003, 1.4886761449, 2.3954590241, 2.7631976168, 3.2271453279, 1.2929004933, 1.57138958, 1.20078586, 2.7965728559, 3.4021122386, 2.0567181043, 2.4701512559, 2.5205191076, 5.6756988509, 16.0755005144, 19.1647296476, 8.5225530398, 14.8409833868, 16.710354321, 21.1396668006, 13.0398740576, 16.1402172923, 2.9956589876, 1.219374061, 3.310029378, 0.81601875809, 1.684730746, 1.8603273689, 2.3504846007, 1.9506307875, 1.0225818124, 3.165570671, 1.3700446257, 3.2632175595, 1.3002704689, 2.700993493, 2.3009932885, 2.281842467, 3.3610130698, 1.5141281111, 4.3642496785, 2.0205922525, 2.8954805846, 2.7021030081, 2.4772004481, 2.3776016598, 2.1051469789],
      [1.9563501234, 2.3397486948, 1.9267817858, 2.1521012148, 1.3891993711, 2.8163426183, 1.9431100184, 2.2874916561, 1.1263571502, 1.7662502422, 2.7876632018, 1.9731438396, 2.7804419006, 1.9852974578, 1.8444200926, 2.6500852314, 6.6958550811, 17.5584613342, 14.5519381503, 20.0817185796, 20.7606171089, 15.877425893, 12.095299941, 12.5752644775, 12.2402880208, 3.9609354573, 1.2079652963, 1.4531722173, 1.0830060887, 1.8932411384, 1.5291016191, 1.7198974915, 1.8502572228, 0.96822712216, 2.6420996289, 1.4984802259, 3.6848381518, 1.9690207236, 1.4733152793, 2.7066103803, 2.0201111438, 3.3849829831, 2.2849344512, 3.6601143815, 1.7306055204, 2.1006208751, 2.9447849233, 2.2062987887, 2.5079902601, 2.8242395087]
    ],
    [
      [1.5080022339, 0.87553307499, 0.65797161852, 0.74889606925, 1.4068178994, 0.88638200477, 0.68045988144, 0.85991979836, 1.686030643, 0.52961813309, 0.63133434901, 0.54321050902, 1.0077977573, 0.68549196909, 0.20773523394, 0.65038792932, 1.027391383, 0.14508088355, 0.79936815084, 0.77543153753, 1.219441138, 1.4094586225, 0.59893286047, 0.79516796, 0.56810773977, 8.0472642271, 6.2272858747, 3.9532291824, 5.6278789132, 2.8571376645, 6.5405839346, 5.5193010957, 5.055125532, 2.2187610966, 0.8757969978, 0.46860336601, 0.82696696922, 0.78867217701, 0.76814589313, 0.27985780488, 0.82163847112, 0.74759509759, 0.91759410182, 1.165912886, 0.94306925646, 1.0204742083, 1.133079716, 1.0073802977, 0.44398874179, 0.62717082947],
      [6.6094611903, 3.0220903884, 4.4544230035, 3.0615504933, 6.533897842, 3.9304297522, 4.391639277, 4.3126973626, 4.6622895723, 2.6577497745, 3.1204936074, 3.3148675304, 3.7780201992, 3.4761926025, 1.464206494, 3.7008482004, 4.4896289527, 1.0817210731, 3.6000945556, 4.319179642, 4.9948213985, 6.7336208589, 2.345527781, 5.0421063976, 2.0967764762, 27.9990581923, 26.7391561572, 26.1186845097, 29.1363891883, 24.5773659778, 29.0769310881, 28.3784566424, 24.0446456086, 18.1063637609, 3.4008459079, 1.5510654797, 5.5671646833, 3.3919677102, 3.305155356, 2.7728022934, 3.4833597499, 3.5553678445, 6.012618745, 6.0185551178, 3.8772105257, 5.8044770988, 5.4096071529, 3.808677639, 1.7523282539, 2.8884315662],
      [3.6976933997, 4.9145417091, 2.8001986089, 3.0612593999, 4.9162573133, 4.0127134252, 3.841533355, 4.7169110336, 8.3172302283, 1.7512519066, 1.1638193031, 3.0730654384, 6.0205242191, 2.7545182075, 1.295852666, 3.5194467837, 3.3579203829, 0.74548764353, 4.4827333883, 1.7668535327, 4.5607867571, 6.6401436901, 3.9760286406, 3.0705333381, 2.2763620588, 21.5414303331, 20.6582502055, 23.9280863078, 16.810244157, 21.642234856, 24.1462037855, 25.9727471117, 34.3031684697, 11.5715655937, 3.6219558938, 1.9077732793, 3.4768937289, 2.6757273567, 3.8606699488, 1.8715580834, 3.5868690116, 3.5688190183, 2.9351344721, 5.6671989134, 4.0604045713, 6.0468705638, 5.2405947065, 5.0147742801, 1.7398599268, 2.3693439711],
      [0.18484317605, 0.18783482743, 0.087406769072, 0.12829403756, 0.14302694532, 0.17047481788, 0.086367486619, 0.11047180546, 0.33444955642, 0.061380185763, 0.084352740495, 0.068856522211, 0.19365782445, 0.083797220926, 0.032205606079, 0.12931708656, 0.12505928137, 0.027710399765, 0.11780390525, 0.13853528776, 0.22495070643, 0.21677682845, 0.079510717933, 0.09219230425, 0.058753725299, 1.4122472475, 0.37530776267, 0, 0.42548774145, 0.92326150167, 0.23628119179, 0.12949515022, 1.5970603896, 0.10330954881, 0.10140120043, 0.072557874959, 0.12897461859, 0.14363275605, 0.06602880202, 0.075781818343, 0.10813276735, 0.1282180396, 0.13465268115, 0.1483330828, 0.11931564658, 0.12817812904, 0.21671842454, 0.16916778314, 0.063823077489, 0.11505363315]
    ],
    [
      [0.37746588629, 0.30373392904, 0.37715136503, 0.42643173766, 0.2306794022, 0.20930728116, 0.19157386225, 0.20946389732, 0.36382031397, 0.33823492295, 0.74243862283, 0.16664491811, 0.27335691694, 0.37717018395, 0.19574750699, 0.17814894649, 0.30788939361, 0.14632376307, 0.23511361011, 0.20592808209, 0.099164106083, 0.15411656148, 0.14437945412, 0.28811794099, 0.39903926836, 0.083666989252, 0.51413697305, 0.84361363898, 0.25232720773, 0.29972376665, 0.19327060601, 0.1343786592, 0.07103572894, 0.92117296404, 2.2938573107, 2.1500837633, 1.5221467317, 1.8176575444, 2.1851738098, 0.68315959227, 2.1584317023, 1.2446632642, 0.27898620387, 0.27629828149, 0.24864967759, 0.13641409948, 0.29863631574, 0.096135350586, 0.21486890083, 0.22596559588],
      [2.8141504607, 1.7742014542, 4.4558817845, 2.9558566328, 1.8304627341, 1.5875182527, 2.1196999611, 1.7992875891, 1.7866217843, 2.8559936115, 5.8888940156, 1.7541376974, 1.8453605785, 3.2462701625, 2.3867217691, 1.7689541534, 2.2770984312, 1.8813708185, 1.830912903, 1.967694205, 0.70014169964, 1.2688176631, 0.97812155984, 3.1511784084, 2.5107110925, 0.53737314051, 3.8255309808, 3.8671561408, 2.2659466764, 4.4908138595, 1.479088123, 1.1513470195, 0.59039579076, 14.9056319785, 14.3381798847, 12.419439858, 19.4491154598, 14.2069758527, 15.3631646422, 18.4681857263, 15.4638364224, 10.9016202792, 3.1265727415, 2.451471525, 1.7420730898, 1.3271286383, 2.4369357028, 0.62340929947, 1.4401380171, 1.7714089333],
      [2.3847878405, 4.4227637836, 4.2100034878, 4.5149437534, 2.0899265011, 2.4614464324, 2.8120103947, 2.9825373821, 4.8413870307, 2.8110065239, 3.2388208895, 2.4414984756, 4.4407946935, 3.8520722744, 3.1706655942, 2.5286337821, 2.5584383126, 1.9523863515, 3.4353133725, 1.212543849, 0.96164838095, 1.8808665181, 2.4979622444, 2.8839688221, 4.1125000486, 0.61449302273, 4.466484407, 5.4542511803, 1.984373984, 5.9104335493, 1.8659912812, 1.5978381566, 1.2299095741, 14.0204025339, 23.1711587749, 23.6854317313, 17.9435488742, 17.0970543493, 26.8708320949, 18.3046948818, 24.1875005352, 16.7874908904, 2.3040979187, 3.4898376578, 2.7671726697, 2.0931485506, 3.5783759752, 1.2389838315, 2.1763053859, 2.2077220128],
      [3.4235958125, 4.4993008331, 3.9569633627, 5.1027678761, 1.8489313626, 2.7417280338, 1.8767157819, 2.0087111315, 4.0081708711, 2.9947649416, 7.1298464721, 1.6377189089, 3.4404878111, 3.5244873792, 2.2468651297, 2.524263118, 2.8565738626, 2.0199190668, 2.4986601144, 2.6138338639, 1.2390458133, 1.6961992574, 1.3795367416, 2.6767348286, 2.9777495905, 0.76446684751, 4.1938476392, 1.83497904, 2.4973521319, 6.2990288246, 1.4616499897, 1.1164361647, 1.1086589062, 12.1527925235, 18.1968040297, 24.7450446475, 19.0851889343, 24.8783122537, 13.5808294531, 20.5439597996, 20.1902313401, 16.0662255661, 3.2903431359, 2.7823925357, 2.2421045629, 1.4433087116, 3.6860520062, 1.0414715185, 2.1686876962, 2.794903458]
    ],
    [
      [2.351318074, 0.57403963173, 2.6431796589, 1.3863852962, 2.2876356881, 1.7215312579, 1.5823410349, 2.3211767269, 2.8491509793, 3.2873117888, 1.1406020777, 1.7984541416, 2.2946210147, 2.8028309262, 1.4229989459, 1.1798658165, 1.6208307362, 2.3894488863, 1.3330549577, 2.9956422987, 1.384975283, 1.610956274, 2.6184573573, 2.073399719, 4.5575068116, 3.4545241183, 2.5709080858, 2.5855173186, 5.9215191449, 1.3744318341, 2.3050324699, 2.3449084825, 1.9326192915, 1.9472688417, 2.1555661625, 2.4368918636, 1.1511695766, 1.4171584729, 2.1838572016, 1.3999172234, 2.277904231, 4.231336168, 13.3508650063, 11.5720656945, 15.8207218514, 11.8381589607, 11.4344107693, 12.5680136113, 16.2726229996, 12.2813832805],
      [0.25696111237, 0.046236211252, 0.46427268922, 0.13225167335, 0.26386137662, 0.17350763738, 0.24954298184, 0.2740962035, 0.12037910962, 0.43763623146, 0.14304893136, 0.27576844613, 0.18405486343, 0.36373185433, 0.24994316064, 0.16211395354, 0.17878624427, 0.44391515645, 0.14509413194, 0.41212619211, 0.13609885956, 0.18817051475, 0.23569554032, 0.33375852745, 0.40560891003, 0.29060397265, 0.28114048108, 0.36508938261, 0.80813320052, 0.27015345123, 0.25807985006, 0.29578047199, 0.21119349133, 0.39560224381, 0.20300200461, 0.18855854416, 0.19079743299, 0.14642113765, 0.23226009727, 0.34599815286, 0.23348668521, 0.46301943519, 2.6782103969, 1.5563099193, 1.3661790904, 1.8377295045, 0.85584240024, 0.51953046139, 1.1262060415, 0.84210950573],
