{
  "Z_true": {},
  "V_true": [
    [532, 17, 1974, 88, 39],
    [10, 1084, 397, 1871, 20],
    [220, 1230, 3395, 13325, 560],
    [347, 59, 8836, 155, 224],
    [116, 276, 995, 793, 694]
  ],
  "p_true": [
    [0.2008, 0.0064, 0.7449, 0.0332, 0.0147],
    [0.003, 0.3205, 0.1174, 0.5532, 0.0059],
    [0.0117, 0.0657, 0.1813, 0.7114, 0.0299],
    [0.0361, 0.0061, 0.9184, 0.0161, 0.0233],
    [0.0404, 0.096, 0.3462, 0.2759, 0.2415]
  ],
  "Z_est": {},
  "V_est": [
    [0, 0, 2650, 0, 0],
    [0, 1399.5525, 208.47, 1773.9775, 0],
    [27.9323, 660.7161, 3301.7309, 14458.0225, 281.5981],
    [782.5548, 0, 8838.4452, 0, 0],
    [414.5129, 605.7313, 598.3539, 0, 1255.4019]
  ],
  "p_est": [
    [0, 0, 1, 0, 0],
    [0, 0.4138, 0.0616, 0.5245, 0],
    [0.0015, 0.0353, 0.1763, 0.7719, 0.015],
    [0.0813, 0, 0.9187, 0, 0],
    [0.1442, 0.2108, 0.2082, 0, 0.4368]
  ],
  "EI_Z": {},
  "EI_V": 10.0712,
  "MAE_Z": {},
  "MAE_V": 300.1777,
  "MAE_p": 0.0695,
  "runtime": 0.0544
}
