{
  "Z_true": {},
  "V_true": [
    [693, 1983, 416, 131],
    [167, 7934, 220, 344],
    [219, 1580, 15667, 534],
    [106, 1379, 404, 234],
    [92, 498, 937, 365]
  ],
  "p_true": [
    [0.215, 0.6153, 0.1291, 0.0406],
    [0.0193, 0.9156, 0.0254, 0.0397],
    [0.0122, 0.0878, 0.8704, 0.0297],
    [0.0499, 0.6496, 0.1903, 0.1102],
    [0.0486, 0.2632, 0.4952, 0.1929]
  ],
  "Z_est": [
    [
      [11.6375, 17.5982, 9.6506, 11.0932, 4.3893, 7.9476, 1.1354, 7.096, 21.8558, 18.1838, 6.0206, 12.7729, 33.7771, 11.6375, 33.2606, 7.521, 13.5807, 15.8951, 19.0174, 6.5284, 16.179, 16.4628, 10.2183, 11.0698, 17.5982, 21.8558, 16.7466, 10.2183, 18.7335, 15.8951, 18.1616, 3.7791, 2.6592, 33.4933, 10.3037, 39.1701, 28.4474, 10.2675, 49.9561, 26.3827, 9.3668, 7.9476, 1.703, 16.179, 10.5021, 88.5585, 11.0698, 68.1219, 21.2734],
      [26.4485, 39.9952, 21.9329, 21.2878, 24.4074, 18.0624, 2.5803, 16.1271, 49.6715, 47.7363, 22.7761, 31.3831, 76.7651, 26.4485, 83.861, 29.636, 41.22, 36.1247, 43.2207, 14.8369, 39.7519, 37.4149, 23.223, 25.1583, 39.9952, 49.6715, 38.06, 23.223, 42.5756, 36.1247, 60.7971, 14.6857, 14.1919, 76.12, 56.579, 89.0217, 75.5924, 25.8158, 113.5349, 36.4157, 21.2878, 18.0624, 3.8705, 36.7698, 23.8681, 201.2664, 25.1583, 154.8203, 26.1018],
      [0.769, 1.1629, 0.6377, 0.619, 0.5815, 1.9901, 0.075, 0.4689, 1.4443, 2.6005, 0.5815, 0.8441, 2.2321, 0.769, 6.0771, 0.7503, 1.1126, 1.0504, 1.2567, 0.4314, 1.0691, 1.0879, 0.6752, 0.7315, 1.1629, 1.4443, 1.1067, 0.6752, 1.238, 1.0504, 1.5943, 0.3751, 2.6407, 2.2133, 1.3505, 2.5884, 2.1008, 0.7503, 3.3012, 6.3248, 0.619, 0.5252, 0.1125, 1.0691, 0.694, 5.8521, 0.7315, 4.5017, 0.9566],
      [2.145, 3.2437, 1.7788, 0, 1.6218, 0, 0.2093, 1.3079, 4.0284, 5.4794, 1.6218, 0, 6.2257, 2.145, 6.8012, 2.0927, 3.0867, 2.9298, 3.5052, 1.2033, 0, 3.0344, 1.8834, 2.0404, 3.2437, 4.0284, 3.0867, 1.8834, 3.4529, 2.9298, 4.447, 1.1601, 2.5082, 6.1734, 3.7668, 7.2198, 5.8595, 3.1665, 9.2078, 1.8767, 1.7265, 1.4649, 0.3139, 2.9821, 1.9357, 16.3229, 2.0404, 12.5561, 2.6682]
    ],
    [
      [1.3581, 1.4048, 0.8925, 0.3195, 0, 0.1873, 0.0331, 0.2314, 0.6666, 0, 0, 0.4738, 1.1459, 0.0607, 0, 0, 0, 0.8649, 0.6336, 2.433, 2.0606, 1.6913, 0.6005, 1.4919, 1.0853, 1.3883, 0.7704, 0.3438, 0.8043, 0.6005, 0, 0, 0, 1.807, 0, 3.4714, 0, 0, 0.6997, 0.3912, 0.3085, 0, 0, 1.774, 0.601, 4.7269, 0.7327, 19.1287, 0.2314],
      [199.7003, 240.2055, 158.0788, 52.0341, 67.5961, 31.4473, 5.6519, 39.5633, 104.8994, 130.9355, 93.7331, 83.9184, 195.9323, 111.7433, 272.2329, 109.6193, 92.3143, 147.8912, 108.328, 137.9952, 149.0603, 289.1886, 104.4371, 199.0464, 185.5705, 237.3796, 247.4996, 215.714, 138.1914, 102.6761, 162.3887, 78.1845, 65.9388, 308.9702, 199.9207, 469.1072, 186.6558, 73.4746, 119.6318, 66.8807, 51.7329, 171.1022, 23.5496, 286.2413, 220.9346, 808.2209, 125.2837, 415.77, 39.5633],
      [3.9634, 4.7673, 3.0287, 5.6463, 1.3087, 2.3654, 0.1122, 0.7852, 14.7839, 2.5987, 1.8509, 1.6078, 3.8887, 2.2061, 6.9952, 2.1126, 3.5479, 2.9352, 3.91, 0, 2.8791, 5.7395, 2.0378, 0, 3.683, 4.7113, 4.73, 5.1991, 2.7295, 2.0378, 3.1408, 1.5517, 1.6943, 6.1321, 3.9447, 9.3103, 3.683, 1.4582, 2.3743, 1.3274, 2.0651, 0, 1.4504, 6.0199, 23.8759, 16.0407, 2.4865, 8.5812, 0.7852],
      [6.9782, 8.6223, 0, 0, 1.0952, 0, 0.2029, 1.4201, 0.6501, 5.4658, 3.416, 0, 7.0331, 3.9899, 9.7719, 1.2681, 2.1379, 5.3086, 2.1285, 11.5718, 0, 10.3806, 1.9246, 8.4617, 6.6612, 8.5209, 0, 7.7432, 4.2747, 3.6856, 2.4705, 3.2637, 2.3669, 11.0907, 7.1345, 16.1111, 6.6612, 3.0671, 4.2942, 2.4007, 1.8935, 14.8978, 0, 27.9648, 8.5885, 29.0115, 4.4971, 15.5202, 1.4201]
    ],
    [
      [6.3033, 6.8655, 1.0866, 4.502, 0, 1.1919, 0.5378, 2.8492, 0.1479, 0, 0, 1.6269, 5.7911, 0, 0, 0, 0, 1.2104, 4.3076, 0.5749, 3.0468, 13.2984, 6.383, 1.0693, 7.4255, 2.6678, 0, 0, 0.5815, 3.0712, 0, 0, 0, 8.1945, 0, 8.3954, 0, 0, 10.5938, 1.3165, 0.1177, 0, 0, 7.7588, 0, 2.2875, 1.2269, 15.0733, 2.818],
      [12.5508, 21.4871, 14.7401, 0, 15.0171, 0, 0, 0, 0, 5.6419, 4.6958, 13.409, 27.9107, 9.0133, 29.6855, 20.7027, 15.864, 2.9016, 4.8104, 3.2291, 25.0057, 22.052, 13.8275, 8.4961, 12.2046, 15.2001, 15.8883, 2.9874, 15.1134, 5.1167, 25.4594, 7.6697, 2.0303, 32.3301, 25.193, 50.1196, 33.9403, 9.429, 15.3788, 0, 0, 5.3926, 0.6135, 0, 0, 53.9739, 5.6159, 0, 0],
      [493.1459, 541.1376, 332.1733, 226.498, 181.9829, 247.8081, 49.2397, 257.0744, 470.8521, 307.9734, 134.1167, 267.9641, 439.7254, 178.0004, 681.3558, 241.2973, 325.136, 317.3807, 320.8819, 89.5715, 501.9475, 467.2209, 134.7895, 174.8569, 271.8475, 430.6402, 332.1117, 305.5643, 259.3051, 159.6141, 304.5406, 87.516, 95.1384, 483.7061, 434.8468, 786.485, 398.963, 277.9186, 556.1216, 227.6835, 203.8529, 159.0987, 18.3865, 358.3078, 311.1594, 2198.8109, 178.7568, 741.4965, 120.4548],
      [0, 17.5097, 0, 0, 0, 0, 0.2226, 1.0764, 0, 9.3848, 1.1875, 0, 4.5729, 1.9863, 0.9587, 0, 0, 2.5073, 0, 6.6245, 0, 2.4286, 0, 1.5777, 15.5224, 5.4919, 0, 3.4482, 0, 1.1979, 0, 0.8143, 0.8313, 10.7693, 2.9603, 0, 2.0967, 4.6524, 6.9058, 0, 0.0294, 2.5087, 0, 17.9334, 13.8406, 6.9277, 1.4004, 30.4302, 0.7272]
    ],
    [
      [3.3996, 4.2913, 2.1178, 1.6162, 1.3376, 1.449, 0, 0.6688, 1.7834, 2.5637, 0, 1.9023, 2.2293, 1.6162, 4.4585, 1.0589, 2.1178, 1.5605, 2.0621, 1.3376, 2.9018, 3.3439, 1.6719, 2.3407, 1.2261, 2.7866, 3.7897, 2.6751, 2.1178, 2.0621, 2.1735, 0.7802, 0.5573, 3.3996, 2.7866, 6.4091, 2.0063, 0.5573, 1.449, 1.7834, 0.836, 0.8772, 0, 5.3502, 5.183, 9.8087, 2.285, 4.6814, 0.3344],
      [36.3314, 45.861, 22.6327, 17.2723, 14.2943, 15.4855, 0, 7.1472, 19.0591, 27.3975, 20.1912, 18.2847, 23.8239, 17.2723, 47.6478, 11.3163, 22.6327, 16.6767, 22.0371, 14.2943, 25.0151, 35.7358, 17.8679, 25.0151, 13.1031, 29.7799, 45.1415, 28.5887, 22.6327, 22.0371, 23.2283, 8.3384, 5.956, 36.3314, 29.7799, 68.4937, 21.4415, 5.956, 15.4855, 19.0591, 8.934, 38.1182, 12.1592, 57.1773, 55.3905, 104.8251, 24.4195, 50.0302, 3.5736],
      [5.087, 6.4213, 3.1689, 2.4184, 2.0014, 4.7542, 0, 1.0007, 2.6686, 3.8361, 2.5852, 2.5018, 3.3357, 2.4184, 6.6714, 1.5845, 3.1689, 2.335, 3.0855, 2.0014, 3.5025, 5.0036, 2.5018, 3.5025, 1.8346, 4.1697, 5.6707, 4.0029, 3.1689, 3.0855, 3.2523, 1.1675, 0.8339, 5.087, 4.1697, 9.5902, 3.0022, 0.8339, 2.1682, 2.6686, 1.2509, 5.3372, 1.7475, 8.0057, 7.7556, 14.6772, 3.4191, 7.005, 0.5004],
      [16.182, 20.4264, 10.0806, 7.6931, 6.3667, 4.3112, 0, 3.1833, 8.4889, 12.2028, 8.2236, 7.3112, 10.6111, 7.6931, 21.2223, 5.0403, 10.0806, 7.4278, 9.8153, 6.3667, 10.5806, 15.9167, 7.9583, 11.1417, 5.8361, 13.2639, 13.398, 12.7334, 10.0806, 9.8153, 10.3459, 3.7139, 2.6528, 16.182, 13.2639, 30.507, 9.55, 2.6528, 6.8972, 8.4889, 3.9792, 19.6674, 3.0932, 25.4667, 24.6709, 46.689, 10.8764, 22.2834, 1.5917]
    ],
    [
      [2.3015, 2.8401, 2.2525, 1.469, 1.2732, 1.2242, 0.2938, 2.1546, 2.5463, 2.2525, 0.9794, 1.2242, 2.0566, 0.6855, 3.2808, 1.4201, 2.3015, 1.469, 0.9794, 1.1263, 1.8118, 2.2035, 1.1263, 1.0283, 1.6649, 2.3015, 2.6932, 1.7628, 1.7628, 1.3711, 1.6649, 0.4407, 0.7835, 2.1056, 1.9097, 4.554, 2.5463, 1.1752, 2.3015, 1.1263, 1.3711, 1.1752, 0.297, 2.9381, 1.7139, 8.6183, 0.6855, 4.9947, 0.3428],
      [31.969, 39.4511, 33.6155, 20.4058, 17.685, 17.0048, 1.7678, 9.1625, 35.37, 31.2888, 13.6038, 17.0048, 28.5681, 9.5227, 45.5729, 19.7256, 31.969, 20.4058, 13.6038, 15.6444, 25.1671, 30.6086, 15.6444, 14.284, 23.1265, 31.969, 37.4106, 24.4869, 24.4869, 19.0454, 23.1265, 6.1217, 10.8831, 29.2483, 26.5275, 63.2578, 35.37, 16.3246, 31.969, 15.6444, 19.0454, 16.3246, 4.8072, 40.8115, 23.8067, 119.7138, 9.5227, 69.3796, 4.7613],
      [2.0346, 2.5108, 1.9914, 3.8183, 1.1255, 1.0823, 2.5731, 22.6708, 2.2511, 1.9914, 0.8658, 1.0823, 1.8182, 0.6061, 2.9004, 1.2554, 2.0346, 1.2987, 0.8658, 0.9957, 1.6017, 1.9481, 0.9957, 0.9091, 1.4719, 2.0346, 2.381, 1.5584, 1.5584, 1.2121, 1.4719, 0.3896, 0.6926, 1.8615, 1.6883, 4.026, 2.2511, 1.039, 2.0346, 0.9957, 1.2121, 1.039, 0.303, 2.5974, 1.5152, 7.6191, 0.6061, 4.4156, 0.303],
      [10.6949, 13.1979, 8.1406, 4.3069, 5.9163, 5.6888, 1.3653, 10.0122, 11.8326, 10.4673, 4.551, 5.6888, 9.5571, 3.1857, 15.2459, 6.599, 10.6949, 6.8265, 4.551, 5.2337, 8.4194, 10.2398, 5.2337, 4.7786, 7.7367, 10.6949, 12.5153, 8.1918, 8.1918, 6.3714, 7.7367, 2.048, 3.6408, 9.7847, 8.8745, 21.1622, 11.8326, 5.4612, 10.6949, 5.2337, 6.3714, 5.4612, 1.5929, 13.653, 7.9643, 40.0488, 3.1857, 23.2101, 1.5929]
    ]
  ],
  "V_est": [
    [882.9188, 2103.6793, 73.9966, 162.4053],
    [55.4147, 8126.1353, 198.0831, 285.3669],
    [132.321, 604.6971, 17084.4567, 178.5253],
    [113.7447, 1273.2721, 179.9594, 556.0238],
    [92.6009, 1266.2162, 107.5041, 425.6788]
  ],
  "p_est": [
    [0.2739, 0.6527, 0.023, 0.0504],
    [0.0064, 0.9378, 0.0229, 0.0329],
    [0.0074, 0.0336, 0.9491, 0.0099],
    [0.0536, 0.5998, 0.0848, 0.2619],
    [0.0489, 0.6692, 0.0568, 0.225]
  ],
  "EI_Z": {},
  "EI_V": 9.1758,
  "MAE_Z": {},
  "MAE_V": 311.086,
  "MAE_p": 0.0801,
  "runtime": 2.2618
}
