{
  "Z_true": {},
  "V_true": [
    [693, 1983, 416, 131],
    [167, 7934, 220, 344],
    [219, 1580, 15667, 534],
    [106, 1379, 404, 234],
    [92, 498, 937, 365]
  ],
  "p_true": [
    [0.215, 0.6153, 0.1291, 0.0406],
    [0.0193, 0.9156, 0.0254, 0.0397],
    [0.0122, 0.0878, 0.8704, 0.0297],
    [0.0499, 0.6496, 0.1903, 0.1102],
    [0.0486, 0.2632, 0.4952, 0.1929]
  ],
  "Z_est": [
    [
      [11.6185, 17.5695, 9.6349, 9.3515, 4.3798, 7.9346, 1.1335, 7.0845, 21.8201, 18.1658, 6.0204, 12.752, 33.722, 11.6185, 33.2294, 7.5135, 13.5657, 15.8692, 18.9864, 6.5177, 16.1526, 16.4359, 10.2016, 11.0518, 17.5695, 21.8201, 16.7193, 10.2016, 18.703, 15.8692, 18.1463, 3.7736, 2.6552, 33.4387, 10.2842, 39.1062, 28.433, 10.2634, 49.8746, 26.3634, 9.3515, 7.9346, 1.7003, 16.1526, 10.485, 88.4141, 11.0518, 68.0108, 21.2923],
      [26.4613, 40.0146, 21.9435, 21.2981, 24.4122, 18.0711, 2.5816, 16.1349, 49.6956, 47.7594, 22.7716, 31.4573, 76.8023, 26.4613, 83.9016, 29.6376, 41.2321, 36.1422, 43.2416, 14.8441, 39.8459, 37.433, 23.2343, 25.1705, 40.0146, 49.6956, 38.0784, 23.2343, 42.5962, 36.1422, 60.7996, 14.6672, 14.1987, 76.1569, 56.5876, 89.0648, 75.5898, 25.8159, 113.5899, 36.3708, 21.2981, 18.0711, 3.8724, 36.7876, 23.8797, 201.3639, 25.1705, 154.8953, 26.0752],
      [0.7204, 1.0893, 0.5974, 2.3504, 0.5447, 1.9943, 0.0703, 0.4393, 1.3529, 2.5507, 0.5447, 0.7907, 2.0908, 0.7204, 5.8939, 0.7028, 1.0366, 0.9839, 1.1772, 0.4041, 1.0015, 1.0191, 0.6325, 0.6852, 1.0893, 1.3529, 1.0366, 0.6325, 1.1596, 0.9839, 1.4935, 0.3514, 3.9657, 2.0733, 1.265, 2.4247, 1.9679, 0.7028, 3.0923, 6.3496, 0.5798, 0.492, 0.1054, 1.0015, 0.6501, 5.4819, 0.6852, 4.2168, 0.8961],
      [2.1998, 3.3266, 1.8242, 0, 1.6633, 0, 0.2146, 1.3414, 4.1314, 5.5241, 1.6633, 0, 6.3849, 2.1998, 6.9751, 2.1462, 3.1656, 3.0046, 3.5948, 1.234, 0, 3.1119, 1.9316, 2.0925, 3.3266, 4.1314, 3.1656, 1.9316, 3.5412, 3.0046, 4.5606, 1.2078, 1.1804, 6.3312, 3.8631, 7.4043, 6.0093, 3.2179, 9.4431, 1.9162, 1.7706, 1.5023, 0.3219, 3.0583, 1.9852, 16.7401, 2.0925, 12.877, 2.7364]
    ],
    [
      [1.2895, 1.415, 0.899, 0.3219, 0, 0.1887, 0.0333, 0.2331, 0.6715, 0, 0, 0.7083, 1.1542, 0.0685, 0, 0, 0, 0.8712, 0.6382, 2.4325, 2.0396, 1.7036, 0.6049, 1.4904, 1.0932, 1.3984, 0.7712, 0.3417, 0.8102, 0.6049, 0, 0, 0, 1.8201, 0, 3.3544, 0, 0, 0.7047, 0.394, 0.3108, 0, 0, 1.7868, 0.5823, 4.7612, 0.738, 19.5258, 0.2331],
      [199.8179, 240.3469, 158.046, 52.0112, 67.6407, 31.4288, 3.3323, 39.5866, 104.8457, 131.0126, 93.8605, 83.6699, 196.0477, 111.8057, 272.3932, 109.6696, 94.1184, 147.9783, 108.3918, 138.0151, 149.0562, 289.3589, 104.4772, 199.1267, 185.6798, 237.5193, 247.4577, 215.841, 138.2708, 102.7365, 162.495, 78.2306, 65.9776, 309.1521, 200.0462, 469.3834, 186.773, 73.5179, 119.7022, 66.9201, 51.7057, 171.1607, 23.5634, 286.2142, 220.9332, 808.6968, 125.3574, 415.6458, 39.5866],
      [3.998, 4.8089, 3.055, 5.667, 1.3201, 2.3825, 2.4361, 0.792, 14.9626, 2.6213, 1.867, 1.6218, 3.9225, 2.2253, 7.0538, 2.131, 1.8481, 2.9608, 3.9449, 0, 2.9042, 5.7895, 2.0556, 0, 3.7151, 4.7523, 4.7711, 5.2476, 2.7533, 2.0556, 3.1682, 1.5652, 1.7085, 6.1855, 3.9791, 9.3914, 3.7151, 1.4709, 2.395, 1.3389, 2.1325, 0, 1.4366, 6.0724, 24.0884, 16.1804, 2.5082, 8.656, 0.792],
      [6.8947, 8.4291, 0, 0, 1.0392, 0, 0.1983, 1.3883, 0.5202, 5.366, 3.2725, 0, 6.8755, 3.9005, 9.553, 1.1994, 2.0335, 5.1897, 2.0252, 11.5524, 0, 10.148, 1.8624, 8.3829, 6.5119, 8.33, 0, 7.5697, 4.1657, 3.603, 2.3368, 3.2042, 2.3139, 10.8422, 6.9747, 15.8707, 6.5119, 3.0112, 4.198, 2.3469, 1.8511, 14.8393, 0, 27.9266, 8.3961, 28.3616, 4.3964, 15.1725, 1.3883]
    ],
    [
      [6.3672, 6.8541, 1.0809, 6.23, 0, 1.1933, 0.5393, 1.505, 0.1659, 0, 0, 1.6319, 5.8221, 0, 0, 0, 0, 1.2191, 4.3198, 0.5766, 3.0561, 13.2897, 6.3836, 1.0725, 7.4376, 2.6738, 0, 0, 0.5913, 3.0784, 0, 0, 0, 8.2123, 0, 8.5314, 0, 0, 10.6597, 1.3205, 0.1247, 0, 0, 7.7351, 0, 2.3286, 1.2239, 14.7541, 2.7951],
      [12.4071, 21.3107, 14.6697, 0, 14.9563, 0, 0, 0, 0, 5.5229, 4.5575, 13.33, 27.7401, 8.9387, 29.4627, 20.6349, 14.0249, 2.7839, 4.7247, 3.1931, 24.9027, 21.8516, 13.7698, 8.404, 12.057, 15.0183, 15.783, 2.8395, 14.9995, 5.0311, 25.3388, 7.6405, 1.9756, 32.1013, 25.0475, 49.7716, 33.7978, 9.37, 15.2253, 0, 0, 5.3324, 0.6067, 0, 0, 53.3287, 5.5356, 0, 0],
      [493.2257, 541.2509, 332.2495, 224.77, 182.0437, 247.8067, 49.2415, 258.4409, 470.8341, 308.0635, 134.1658, 268.0382, 439.89, 178.0505, 681.5734, 241.3651, 326.9751, 317.4625, 320.9556, 89.6303, 502.0412, 467.3028, 134.8466, 174.9339, 271.9344, 430.7551, 332.217, 305.609, 259.4091, 159.702, 304.6612, 87.539, 93.8206, 483.8533, 434.9523, 786.6971, 399.1335, 277.9849, 556.3721, 227.6795, 203.8618, 159.1686, 18.3933, 358.4085, 311.0442, 2199.2823, 178.8032, 741.8445, 120.518],
      [0, 17.5844, 0, 0, 0, 0, 0.2191, 1.0541, 0, 9.4136, 1.2767, 0, 4.5478, 2.0109, 0.9639, 0, 0, 2.5346, 0, 6.6, 0, 2.556, 0, 1.5896, 15.571, 5.5527, 0, 3.5515, 0, 1.1885, 0, 0.8204, 2.2038, 10.8331, 3.0002, 0, 2.0688, 4.6452, 6.7428, 0, 0.0136, 2.499, 0, 17.8564, 13.9558, 7.0604, 1.4374, 30.4015, 0.6869]
    ],
    [
      [3.4229, 4.3207, 2.1323, 1.6273, 1.3467, 1.4589, 0, 0.6733, 1.7956, 2.5812, 0, 1.6834, 2.2445, 1.6273, 4.489, 1.0661, 2.1323, 1.5711, 2.0762, 1.3467, 2.9395, 3.3667, 1.6834, 2.3567, 1.2345, 2.8056, 3.8156, 2.6934, 2.1323, 2.0762, 2.1884, 0.7856, 0.5611, 3.4229, 2.8056, 6.4529, 2.02, 0.5611, 1.4589, 1.7956, 0.8417, 0.8899, 0, 5.3868, 5.2184, 9.8758, 2.3006, 4.7134, 0.3367],
      [36.3058, 45.8286, 22.6167, 17.2601, 14.2842, 15.4746, 0, 7.1421, 19.0456, 27.3781, 20.1899, 18.5173, 23.8071, 17.2601, 47.6141, 11.3083, 22.6167, 16.6649, 22.0215, 14.2842, 24.9974, 35.7106, 17.8553, 24.9974, 13.0939, 29.7588, 45.2248, 28.5685, 22.6167, 22.0215, 23.2119, 8.3325, 5.9518, 36.3058, 29.7588, 68.4453, 21.4263, 5.9518, 15.4746, 19.0456, 8.9276, 38.0913, 12.1472, 57.1369, 55.3514, 104.751, 24.4022, 49.9948, 3.5711],
      [5.0812, 6.4139, 3.1653, 2.4156, 1.9992, 4.7661, 0, 0.9996, 2.6655, 3.8317, 2.5822, 2.4989, 3.3319, 2.4156, 6.6638, 1.5827, 3.1653, 2.3323, 3.082, 1.9992, 3.4985, 4.9979, 2.4989, 3.4985, 1.8326, 4.1649, 5.6643, 3.9983, 3.1653, 3.082, 3.2486, 1.1662, 0.833, 5.0812, 4.1649, 9.5793, 2.9987, 0.833, 2.1657, 2.6655, 1.2495, 5.3311, 1.7706, 7.9966, 7.7467, 14.6604, 3.4152, 6.997, 0.4998],
      [16.1902, 20.4368, 10.0857, 7.697, 6.3699, 4.3004, 0, 3.185, 8.4932, 12.209, 8.2278, 7.3004, 10.6165, 7.697, 21.2331, 5.0429, 10.0857, 7.4316, 9.8203, 6.3699, 10.5646, 15.9248, 7.9624, 11.1474, 5.8391, 13.2707, 13.2953, 12.7398, 10.0857, 9.8203, 10.3511, 3.7158, 2.6541, 16.1902, 13.2707, 30.5225, 9.5549, 2.6541, 6.9007, 8.4932, 3.9812, 19.6877, 3.0822, 25.4797, 24.6834, 46.7128, 10.8819, 22.2947, 1.5925]
    ],
    [
      [2.302, 2.8408, 2.253, 1.4694, 1.2735, 1.2245, 0.2939, 3.5041, 2.5469, 2.253, 0.9796, 1.2245, 2.0571, 0.6857, 3.2816, 1.4204, 2.302, 1.4694, 0.9796, 1.1265, 1.8122, 2.2041, 1.1265, 1.0286, 1.6653, 2.302, 2.6939, 1.7632, 1.7632, 1.3714, 1.6653, 0.4408, 0.7837, 2.1061, 1.9102, 4.5551, 2.5469, 1.1755, 2.302, 1.1265, 1.3714, 1.1755, 0.2997, 2.9387, 1.7143, 8.6203, 0.6857, 4.9959, 0.3429],
      [32.008, 39.4992, 33.7241, 20.4306, 17.7065, 17.0255, 4.0861, 9.1364, 35.4131, 31.3269, 13.6204, 17.0255, 28.6029, 9.5343, 45.6284, 19.7496, 32.008, 20.4306, 13.6204, 15.6635, 25.1978, 30.6459, 15.6635, 14.3014, 23.1547, 32.008, 37.4561, 24.5167, 24.5167, 19.0686, 23.1547, 6.1292, 10.8963, 29.2839, 26.5598, 63.3349, 35.4131, 16.3445, 32.008, 15.6635, 19.0686, 16.3445, 4.8103, 40.8612, 23.8357, 119.8596, 9.5343, 69.4641, 4.7671],
      [1.9748, 2.437, 1.9328, 3.797, 1.0924, 1.0504, 0.2521, 21.3282, 2.1849, 1.9328, 0.8403, 1.0504, 1.7647, 0.5882, 2.8151, 1.2185, 1.9748, 1.2605, 0.8403, 0.9664, 1.5546, 1.8908, 0.9664, 0.8824, 1.4286, 1.9748, 2.3109, 1.5126, 1.5126, 1.1765, 1.4286, 0.3782, 0.6723, 1.8067, 1.6387, 3.9076, 2.1849, 1.0084, 1.9748, 0.9664, 1.1765, 1.0084, 0.2941, 2.521, 1.4706, 7.395, 0.5882, 4.2857, 0.2941],
      [10.7152, 13.2231, 8.09, 4.303, 5.9276, 5.6996, 1.3679, 10.0313, 11.8552, 10.4872, 4.5597, 5.6996, 9.5753, 3.1918, 15.2749, 6.6115, 10.7152, 6.8395, 4.5597, 5.2436, 8.4354, 10.2593, 5.2436, 4.7877, 7.7514, 10.7152, 12.5391, 8.2074, 8.2074, 6.3835, 7.7514, 2.0519, 3.6477, 9.8033, 8.8914, 21.2025, 11.8552, 5.4716, 10.7152, 5.2436, 6.3835, 5.4716, 1.5959, 13.679, 7.9794, 40.1251, 3.1918, 23.2543, 1.5959]
    ]
  ],
  "V_est": [
    [879.9436, 2104.5646, 73.4429, 165.0488],
    [55.994, 8128.6047, 200.4472, 279.9541],
    [132.7734, 597.9855, 17088.8017, 180.4395],
    [114.3146, 1272.7428, 179.7965, 556.1461],
    [93.9744, 1270.1025, 101.5117, 426.4114]
  ],
  "p_est": [
    [0.273, 0.653, 0.0228, 0.0512],
    [0.0065, 0.9381, 0.0231, 0.0323],
    [0.0074, 0.0332, 0.9494, 0.01],
    [0.0538, 0.5995, 0.0847, 0.262],
    [0.0497, 0.6713, 0.0537, 0.2254]
  ],
  "EI_Z": {},
  "EI_V": 9.2172,
  "MAE_Z": {},
  "MAE_V": 312.4913,
  "MAE_p": 0.0805,
  "runtime": 1.3531
}
