{
  "X": [
    [5, 18, 24, 1],
    [11, 49, 132, 10],
    [31, 175, 231, 55],
    [29, 220, 303, 47],
    [28, 207, 365, 60],
    [12, 61, 170, 25],
    [12, 43, 109, 12],
    [66, 896, 596, 129],
    [21, 207, 155, 30],
    [52, 393, 615, 99],
    [105, 1365, 734, 162],
    [9, 69, 160, 34],
    [39, 288, 516, 81],
    [6, 50, 52, 10],
    [18, 108, 309, 37],
    [26, 100, 334, 30],
    [48, 287, 524, 65],
    [6, 20, 34, 5],
    [6, 45, 67, 12],
    [67, 329, 315, 49],
    [32, 284, 313, 42],
    [53, 318, 424, 39],
    [56, 323, 498, 34],
    [22, 224, 320, 48],
    [51, 673, 777, 88],
    [70, 446, 608, 98],
    [50, 382, 536, 91],
    [54, 459, 474, 73],
    [25, 190, 263, 33],
    [44, 545, 519, 66],
    [3, 22, 33, 8],
    [268, 2786, 3304, 502],
    [69, 295, 485, 90],
    [195, 837, 1253, 243],
    [29, 149, 124, 17]
  ],
  "W": [
    [0, 9, 21, 17, 1, 0],
    [11, 11, 118, 47, 12, 3],
    [16, 47, 180, 163, 50, 36],
    [19, 49, 221, 234, 35, 41],
    [24, 30, 258, 241, 66, 41],
    [14, 15, 141, 59, 29, 10],
    [1, 12, 94, 43, 14, 12],
    [74, 97, 461, 904, 100, 51],
    [14, 23, 126, 209, 32, 9],
    [48, 62, 479, 420, 87, 63],
    [80, 110, 563, 1365, 150, 98],
    [8, 17, 126, 72, 26, 23],
    [37, 53, 428, 292, 67, 47],
    [6, 12, 45, 47, 7, 1],
    [25, 31, 245, 103, 45, 23],
    [10, 33, 298, 98, 36, 15],
    [31, 71, 419, 274, 102, 27],
    [4, 10, 25, 21, 2, 3],
    [3, 11, 53, 45, 18, 0],
    [28, 94, 199, 329, 83, 27],
    [34, 77, 177, 307, 50, 26],
    [33, 143, 217, 354, 55, 32],
    [36, 144, 272, 353, 77, 29],
    [25, 68, 179, 252, 50, 40],
    [58, 139, 462, 739, 143, 48],
    [41, 87, 443, 509, 73, 69],
    [49, 104, 362, 421, 90, 33],
    [38, 105, 295, 493, 90, 39],
    [27, 45, 174, 209, 35, 21],
    [36, 87, 315, 572, 107, 57],
    [1, 2, 30, 24, 2, 7],
    [291, 449, 2353, 2848, 694, 225],
    [29, 100, 363, 321, 82, 44],
    [64, 226, 1021, 890, 189, 138],
    [11, 56, 76, 149, 16, 11]
  ],
  "method": "mvn_cdf",
  "mvncdf_method": "genz",
  "mvncdf_samples": 5000,
  "mvncdf_error": 1e-06,
  "cond_prob": [
    [
      [0.22175766056, 0.10228824928, 0.57284807714, 0.10310601302],
      [0.53392280199, 0.13187398425, 0.33420321377, 0],
      [0, 0.051451791776, 0.90110464247, 0.047443565753],
      [0, 0.90815761732, 0.091842382678, 0],
      [0.19469478213, 0.29396702, 0.50765307868, 0.0036851191905],
      [0.74207201164, 0.0077080579822, 0.16633847547, 0.0838814549]
    ],
    [
      [0.18543721183, 0.072354611567, 0.59796624873, 0.14424192787],
      [0.50449735748, 0.08133111561, 0.41134209104, 0.0028294358725],
      [0, 0.031208819158, 0.90209130404, 0.066699876805],
      [0, 0.85694206804, 0.14305793196, 0],
      [0.12623468311, 0.27754074275, 0.59100427809, 0.0052202960628],
      [0.63196784677, 0.0066834098226, 0.21168674904, 0.14966199436]
    ],
    [
      [0.075036367364, 0.083151991071, 0.51489593825, 0.32691570331],
      [0.2965861691, 0.14409381995, 0.54654788493, 0.012772126018],
      [0.0015289933239, 0.039234279544, 0.7804358331, 0.17880089403],
      [0.0012875125336, 0.88657215132, 0.11079685404, 0.001343482102],
      [0.086334901186, 0.29921221822, 0.59836369391, 0.016089186686],
      [0.30716777149, 0.010086575296, 0.23937201485, 0.44337363836]
    ],
    [
      [0.067819766548, 0.070285533656, 0.62533293143, 0.23656176837],
      [0.25196680046, 0.1144954497, 0.62427858885, 0.0092591609971],
      [0.0003020342535, 0.029520824065, 0.85163253972, 0.11854460196],
      [0.00024836827775, 0.8456264165, 0.1507217406, 0.0034034746221],
      [0.072828587242, 0.23620939328, 0.6794898063, 0.011472213181],
      [0.30954104665, 0.0094215971129, 0.32359028414, 0.3574470721]
    ],
    [
      [0.069104984413, 0.04430807063, 0.61834500833, 0.26824193663],
      [0.26847121674, 0.075344380889, 0.64518438437, 0.011000018006],
      [0.0010387400354, 0.020405945177, 0.84304403343, 0.13551128135],
      [0.0010815328624, 0.77744071145, 0.2155118404, 0.0059659152853],
      [0.081893072778, 0.16370741437, 0.73990843585, 0.014491077006],
      [0.3013111395, 0.0059424442443, 0.3055248132, 0.38722160305]
    ],
    [
      [0.080736576906, 0.060411218031, 0.61652575771, 0.24232644735],
      [0.29615639172, 0.095899262426, 0.59867898917, 0.0092653566916],
      [0.0018794361335, 0.025496444723, 0.84893028994, 0.12369382921],
      [0.0010063546343, 0.82992813716, 0.16496528039, 0.0041002278102],
      [0.089388784477, 0.20963194006, 0.68873075224, 0.012248523219],
      [0.35106918795, 0.0075668950678, 0.29831403153, 0.34304988546]
    ],
    [
      [0.11629258541, 0.065121750267, 0.63070174887, 0.18788391545],
      [0.3748793914, 0.089476771725, 0.52990870464, 0.0057351322336],
      [0.00023256887527, 0.028010046676, 0.87949503666, 0.092262347785],
      [0.00035069029687, 0.84111590576, 0.15741315991, 0.0011202440351],
      [0.12004302918, 0.21220181866, 0.65953385974, 0.0082212924149],
      [0.47230092934, 0.0074502660421, 0.27796836973, 0.24228043488]
    ],
    [
      [0.08628541538, 0.096757026001, 0.50632449952, 0.3106330591],
      [0.32153050476, 0.15827189023, 0.50816962941, 0.012027975609],
      [0.00089728479405, 0.047858220128, 0.77640906178, 0.1748354333],
      [0.0010732253885, 0.90468667683, 0.092369333997, 0.0018707637879],
      [0.094461484744, 0.32995022897, 0.56040848072, 0.015179805566],
      [0.34502799578, 0.011631146999, 0.23082802937, 0.41251282785]
    ],
    [
      [0.13827940988, 0.085937647874, 0.4861995355, 0.28958340674],
      [0.45194180525, 0.12065307106, 0.41773441394, 0.0096707097369],
      [0, 0.044381896691, 0.78434049613, 0.17127760718],
      [0, 0.89672180584, 0.099629076206, 0.0036491179566],
      [0.13605506314, 0.31051668004, 0.53919467992, 0.014233576904],
      [0.47951830227, 0.0087046811959, 0.1868561984, 0.32492081814]
    ],
    [
      [0.080358469844, 0.0636853949, 0.60612307086, 0.24983306439],
      [0.29315150146, 0.10199952703, 0.59523516127, 0.0096138102451],
      [0.00069843881245, 0.027405608767, 0.84369774681, 0.12819820561],
      [0.00062956058131, 0.8353230072, 0.16018775505, 0.0038596771642],
      [0.088958359193, 0.22011712078, 0.67840999558, 0.012514524445],
      [0.34331834082, 0.0080316069232, 0.29475817684, 0.35389187541]
    ],
    [
      [0.10402659343, 0.10697704499, 0.49577445591, 0.29322190568],
      [0.36158917964, 0.16336252456, 0.46433298736, 0.010715308442],
      [0.00079200514997, 0.054846632221, 0.7752137711, 0.16914759153],
      [0.00075003880855, 0.91854972674, 0.07812665419, 0.0025735802644],
      [0.10933755429, 0.35023757246, 0.52654726457, 0.013877608682],
      [0.3982931403, 0.012625427496, 0.21623560341, 0.3728458288]
    ],
    [
      [0.043814765713, 0.052586077751, 0.59713480724, 0.3064643493],
      [0.19091428582, 0.10003033043, 0.69512377435, 0.013931609402],
      [0, 0.019161351401, 0.82542406978, 0.15541457882],
      [0, 0.811618019, 0.18274687684, 0.005635104157],
      [0.026737103621, 0.22536828642, 0.73113681282, 0.016757797136],
      [0.20472931831, 0.0073214203934, 0.31456749216, 0.47338176913]
    ],
    [
      [0.075782000683, 0.072727681826, 0.60845383381, 0.24303648368],
      [0.27672041873, 0.11649742317, 0.59744485104, 0.0093373070609],
      [0.0006319831377, 0.031103590876, 0.84409640468, 0.12416802131],
      [0.00048638005339, 0.85272058434, 0.14352221476, 0.0032708208392],
      [0.081552774867, 0.24456311285, 0.66206965884, 0.011814453441],
      [0.33304970441, 0.009409282142, 0.30387693589, 0.35366407755]
    ],
    [
      [0.09198359585, 0.10191832385, 0.51343880621, 0.29265927409],
      [0.34361013663, 0.1589409391, 0.48635758473, 0.011091339538],
      [0.002932974496, 0.049289109124, 0.78341325988, 0.1643646565],
      [0.0027982721425, 0.91189867988, 0.080253127699, 0.0050499202785],
      [0.097240078233, 0.34175734077, 0.54722335855, 0.013779222454],
      [0.38059359467, 0.011649537415, 0.22701893964, 0.38073792828]
    ],
    [
      [0.060549673848, 0.067560278267, 0.66684134203, 0.20504870586],
      [0.22349912384, 0.10909641674, 0.65985245154, 0.0075520078874],
      [0, 0.027891741504, 0.87619521773, 0.095913040765],
      [0, 0.83343108089, 0.16502365785, 0.001545261254],
      [0.061800755742, 0.22287108442, 0.70618758006, 0.0091405797805],
      [0.29464136115, 0.0096924924034, 0.36651453243, 0.32915161402]
    ],
    [
      [0.12553957172, 0.062410905137, 0.63676424789, 0.17528527526],
      [0.38805171229, 0.083672569177, 0.52346756428, 0.0048081542561],
      [0, 0.026693956103, 0.89119399677, 0.082112047123],
      [0, 0.82902951889, 0.1708493374, 0.00012114370755],
      [0.1269382697, 0.20301931485, 0.66280170536, 0.0072407100851],
      [0.49127467119, 0.0070872707457, 0.27853469353, 0.22310336453]
    ],
    [
      [0.097376400531, 0.077733182385, 0.60375360364, 0.22113681344],
      [0.32905088838, 0.11511527396, 0.54811124259, 0.0077225950774],
      [0.00061337861897, 0.033895287648, 0.85152622392, 0.11396510981],
      [0.00045891219698, 0.86194027168, 0.13532766165, 0.0022731544714],
      [0.10139365929, 0.25281624998, 0.63557728024, 0.010212810483],
      [0.4034747288, 0.009484052988, 0.28405890242, 0.3029823158]
    ],
    [
      [0.11363317774, 0.060876545977, 0.60134968179, 0.22414059449],
      [0.38998460423, 0.085676274268, 0.51486357133, 0.0094755501658],
      [0.00029397906682, 0.025245931519, 0.85480954977, 0.11965053964],
      [0.00024567461545, 0.84893005651, 0.14322890517, 0.0075953637027],
      [0.12246115601, 0.21080252726, 0.65587223566, 0.010864081068],
      [0.46273009703, 0.0064821813911, 0.25205844508, 0.2787292765]
    ],
    [
      [0.078622657231, 0.056921651514, 0.50692395958, 0.35753173168],
      [0.33525391719, 0.10113651755, 0.549668866, 0.013940699264],
      [0.0027818099743, 0.026198478704, 0.77664579037, 0.19437392096],
      [0.0023886085857, 0.84926632901, 0.14533766711, 0.0030073952908],
      [0.1011897569, 0.22840162086, 0.65169159367, 0.01871702857],
      [0.31522106932, 0.0064213714301, 0.22025437933, 0.45810317992]
    ],
    [
      [0.13292924577, 0.075576176172, 0.5276737053, 0.26382087276],
      [0.41004126083, 0.12459430316, 0.45618843272, 0.0091760032839],
      [0, 0.035128746885, 0.81485577197, 0.15001548114],
      [0, 0.87091890485, 0.12462873117, 0.0044523639777],
      [0.14468130453, 0.25822752659, 0.58385940868, 0.013231760194],
      [0.47131682682, 0.0080065754713, 0.21199783245, 0.30867876526]
    ],
    [
      [0.06428644764, 0.066007337206, 0.62643574347, 0.24327047168],
      [0.24204419307, 0.11078180716, 0.63738626801, 0.0097877317577],
      [0, 0.027853805403, 0.85057322197, 0.12157297262],
      [0, 0.83646517775, 0.15950845696, 0.0040263652926],
      [0.07022123666, 0.22536466974, 0.69236825079, 0.012045842814],
      [0.29483831079, 0.0089378758767, 0.32628742189, 0.36993639144]
    ],
    [
      [0.069871644078, 0.058206474241, 0.67228363934, 0.19963824234],
      [0.25076547446, 0.092334593236, 0.65011884154, 0.0067810907674],
      [0.00050447683566, 0.024686902869, 0.87985653291, 0.09495208739],
      [0.0006161954028, 0.80971226543, 0.18845697863, 0.0012145605337],
      [0.074352345105, 0.19306713374, 0.72329845766, 0.0092820634958],
      [0.32555591471, 0.0081702273598, 0.35698725986, 0.30928659806]
    ],
    [
      [0.07383886506, 0.060078968373, 0.69728072541, 0.16880144116],
      [0.25492597568, 0.091650924561, 0.64979530078, 0.0036277989794],
      [0.0023954656785, 0.028567666548, 0.89848528973, 0.070551578043],
      [0, 0.80678564604, 0.19321435396, 0],
      [0.075968433631, 0.19254726367, 0.72498492636, 0.0064993763393],
      [0.34935601055, 0.0085360809381, 0.37623674094, 0.26587116757]
    ],
    [
      [0.043403060992, 0.053257320006, 0.6504929385, 0.2528466805],
      [0.14515240255, 0.12842797996, 0.7150367197, 0.011382897781],
      [0, 0.019936457783, 0.85651014769, 0.12355339453],
      [0, 0.79600406361, 0.19765259105, 0.0063433453372],
      [0.048858922921, 0.18888602822, 0.74890847732, 0.013346571535],
      [0.21504034889, 0.0082378244324, 0.36364965877, 0.41307216791]
    ],
    [
      [0.05430784392, 0.063648728411, 0.65216718293, 0.22987624474],
      [0.20846313147, 0.10745952601, 0.67479603664, 0.0092813058767],
      [0, 0.025739945464, 0.86250647416, 0.11175358038],
      [0, 0.82428820069, 0.17241471964, 0.0032970796641],
      [0.043800034762, 0.23000115754, 0.71496585393, 0.011232953773],
      [0.26271593347, 0.0091770623444, 0.35927225645, 0.36883474773]
    ],
    [
      [0.098834364198, 0.05223046317, 0.59142751074, 0.25750766189],
      [0.34849776533, 0.080838912323, 0.56104637846, 0.0096169438795],
      [0.0004127898862, 0.023515398841, 0.84094182885, 0.13512998242],
      [0.00042816709645, 0.81008340517, 0.18459369604, 0.0048947316987],
      [0.11339711579, 0.1869817486, 0.68623623505, 0.013384900567],
      [0.39057526173, 0.0061756967014, 0.26593870306, 0.33731033851]
    ],
    [
      [0.069422078647, 0.052637273035, 0.57378250449, 0.30415814383],
      [0.27743931419, 0.092418345021, 0.61757213006, 0.012570210727],
      [0.00065878199862, 0.023565814269, 0.81720743375, 0.15856796998],
      [0.00072755975969, 0.81519613597, 0.17963855262, 0.0044377516416],
      [0.083931242609, 0.19848373345, 0.70120128952, 0.016383734419],
      [0.29230411798, 0.0065858096344, 0.27551872801, 0.42559134438]
    ],
    [
      [0.076168897218, 0.065045645735, 0.5813429305, 0.27744252655],
      [0.28830396843, 0.10811726689, 0.59251858815, 0.011060176522],
      [0.00056737759364, 0.028481319183, 0.82598915387, 0.14496214935],
      [0.00062737126252, 0.84315823727, 0.15204512616, 0.0041692653052],
      [0.086608651702, 0.23089273545, 0.66827120831, 0.014227404536],
      [0.32210810627, 0.0081181055335, 0.28012975758, 0.38964403062]
    ],
    [
      [0.076752828018, 0.061180710145, 0.64185205521, 0.22021440662],
      [0.2762150017, 0.096333086874, 0.6192647484, 0.008187163025],
      [0.00098722264923, 0.025788009117, 0.86463170139, 0.10859306685],
      [0.0010939324076, 0.82362071847, 0.17243422347, 0.0028511256518],
      [0.082810601776, 0.20629333748, 0.7002849768, 0.010611083952],
      [0.34281994718, 0.0080486360876, 0.32421132846, 0.32492008828]
    ],
    [
      [0.060407024807, 0.080397095942, 0.63648413731, 0.22271174194],
      [0.2240214904, 0.13104959165, 0.63628812546, 0.0086407924904],
      [0, 0.033016973596, 0.85699882769, 0.10998419871],
      [0, 0.85843320271, 0.13922983238, 0.0023369649114],
      [0.054926455521, 0.26759817303, 0.66713232197, 0.010343049481],
      [0.28874292459, 0.011355209251, 0.34653071658, 0.35337114958]
    ],
    [
      [0.063514246359, 0.061230962438, 0.58097933663, 0.29427545457],
      [0.26710654807, 0.10656226477, 0.61438306807, 0.011948119093],
      [0.0038484395885, 0.023922372322, 0.82072913175, 0.15150005634],
      [0.0030851119408, 0.85420542067, 0.13668965914, 0.006019808256],
      [0.072826965712, 0.22946050044, 0.68282451787, 0.014888015979],
      [0.29530326455, 0.0068746059257, 0.27459710281, 0.42322502671]
    ],
    [
      [0.07217729258, 0.075882639007, 0.59139470321, 0.26054536521],
      [0.26913550886, 0.12464707927, 0.59593159106, 0.010285820804],
      [0.00019769423738, 0.032979920952, 0.8318028726, 0.13501951221],
      [7.709979559e-05, 0.86002695225, 0.13649447716, 0.0034014707882],
      [0.078548520344, 0.25760612243, 0.65100578967, 0.012839567563],
      [0.31536505113, 0.0098420021182, 0.29584181667, 0.37895113009]
    ],
    [
      [0.10574761136, 0.049682369251, 0.53904424058, 0.30552577881],
      [0.38116780007, 0.081409465925, 0.52612684218, 0.011295891819],
      [0, 0.022263672478, 0.81051660914, 0.16721971838],
      [0, 0.81488302474, 0.18060054078, 0.0045164344787],
      [0.12888810684, 0.18928919489, 0.66530495379, 0.016517744481],
      [0.39199351141, 0.0053951515436, 0.22749372467, 0.37511761238]
    ],
    [
      [0.13190660067, 0.056668115441, 0.52001731718, 0.29140796671],
      [0.41777722594, 0.10442504687, 0.46768701309, 0.010110714095],
      [0, 0.024730376699, 0.80952678782, 0.16574283548],
      [0, 0.83629331146, 0.15937260554, 0.0043340829948],
      [0.15524354796, 0.2085613174, 0.62077478231, 0.01542035232],
      [0.45506734731, 0.0058284726049, 0.20526611295, 0.33383806713]
    ],
    [
      [0.11479303322, 0.090941703273, 0.55763892122, 0.23662634228],
      [0.37419199604, 0.131473524, 0.4857813873, 0.0085530926609],
      [0, 0.042675845791, 0.82808836544, 0.12923578877],
      [0, 0.8899243593, 0.10602429667, 0.0040513440303],
      [0.11775634776, 0.2925519977, 0.57870971218, 0.010981942352],
      [0.4453112084, 0.010381649123, 0.24277480052, 0.30153234196]
    ]
  ],
  "expected_outcome": [
    [
      [0, 2.0398093301, 1.2005818778, 1.2885755644, 1.6585196259, 1.1303120767, 0.11629258541, 6.3851207382, 1.9359117383, 3.8572065525, 8.322127474, 0.3505181257, 2.8039340253, 0.5519015751, 1.5137418462, 1.2553957172, 3.0186684165, 0.45453271098, 0.23586797169, 3.7220188815, 2.1857392198, 2.3057642546, 2.6581991422, 1.0850765248, 3.1498549474, 4.0522089321, 3.4016818537, 2.8944180943, 2.0723263565, 2.1746528931, 0.063514246359, 21.0035921407, 3.0666807296, 8.4420224426, 1.2627233654],
      [0, 0.79590072724, 1.3304318571, 1.3354251395, 1.0633936951, 0.84575705244, 0.065121750267, 7.1600199241, 1.2031270702, 3.0568989552, 8.5581635988, 0.42068862201, 2.6909242275, 0.6115099431, 1.6890069567, 0.62410905137, 2.4097286539, 0.24350618391, 0.17076495454, 2.1161329328, 2.244249465, 1.9208136499, 2.1628428614, 1.3314330001, 3.6916262478, 2.14144899, 2.5792263787, 2.4717345379, 1.6518791739, 2.8942954539, 0.061230962438, 22.081847951, 1.4407887083, 3.6267593883, 1.000358736],
      [0, 6.577628736, 8.238335012, 11.8813256971, 14.8402801999, 8.631360608, 0.63070174887, 37.4680129641, 6.806793497, 29.0939074013, 39.6619564726, 4.7770784579, 22.5127918509, 3.0806328373, 16.6710335507, 6.3676424789, 18.716361713, 2.4053987272, 1.5207718787, 14.7748637485, 21.298815278, 22.1853600981, 25.1021061148, 16.2623234625, 37.8256966098, 24.2485279405, 28.11534272, 22.091031359, 17.3300054908, 22.9134289432, 0.58097933663, 172.0958586329, 15.6322829768, 33.2811082995, 6.1340281335],
      [0, 1.5866612066, 5.230651253, 4.494673599, 6.4378064791, 3.3925702629, 0.18788391545, 22.9868463737, 4.0541676944, 11.9919870909, 23.4577524545, 2.4517147944, 8.9923498963, 1.7559556445, 5.1262176464, 1.7528527526, 6.8552412166, 0.89656237796, 1.072595195, 7.3869844372, 8.2711960372, 6.5880619974, 6.0768518816, 6.3211670126, 13.332822195, 10.5578141374, 14.9037490476, 10.5428160088, 5.9457889788, 8.0176227098, 0.29427545457, 75.8187012754, 8.8602475854, 18.6501098697, 2.6028897651]
    ],
    [
      [4.8053052179, 5.5494709323, 13.9395499479, 12.3463732224, 8.0541365022, 4.4423458757, 4.4985526969, 31.1884589613, 10.3946615209, 18.1753930906, 39.7748097602, 3.245542859, 14.6661821927, 4.1233216396, 6.9284728389, 12.8057065056, 23.3626130747, 3.8998460423, 3.6877930891, 38.5438785184, 18.6374028666, 35.8594628479, 36.7093404978, 9.8703633736, 28.9763752748, 30.3193055841, 28.853688676, 30.2719166854, 12.4296750764, 19.4898696647, 0.53421309613, 120.8418434791, 38.1167800073, 94.4176530628, 20.954751778],
      [1.1868658582, 0.89464227171, 6.7724095377, 5.6102770353, 2.2603314267, 1.4384889364, 1.0737212607, 15.3523733521, 2.7750206345, 6.3239706757, 17.9698777014, 1.7005156173, 6.1743634279, 1.9072912692, 3.381988919, 2.7611947828, 8.1731844512, 0.85676274268, 1.1125016931, 11.7118644969, 8.5301991512, 13.2038468327, 13.1977331368, 8.7331026376, 14.9368741152, 7.0329853721, 9.6115078822, 11.3523130238, 4.3349889093, 11.401314474, 0.21312452955, 55.9665385941, 8.1409465925, 23.6000605926, 7.362517344],
      [3.0078289239, 4.5247630014, 25.6877505916, 30.5896508534, 19.355531531, 8.9801848375, 6.3589044556, 49.2924540526, 9.6078915207, 36.9045799986, 51.0766286098, 11.8171041639, 31.6645771051, 5.8362910168, 20.4554259976, 17.2744296211, 38.9158982236, 5.1486357133, 6.046357526, 42.8817126761, 49.0787426368, 92.9669943396, 93.5705233124, 48.6224969397, 93.7966490932, 48.8110349263, 64.2275015263, 62.214451756, 27.8669136782, 55.3570669147, 1.2287661361, 267.573284386, 52.6126842183, 105.697264959, 27.203757689],
      [0, 0.031123794598, 0.60028992285, 0.45369888886, 0.33000054017, 0.13898035037, 0.068821586803, 1.1667136341, 0.22242632395, 0.59605623519, 1.1786839286, 0.23683735984, 0.49487727423, 0.13309607446, 0.23411224451, 0.15866909045, 0.5483042505, 0.094755501658, 0.15334769191, 0.86254430869, 0.75365534534, 0.96969597974, 0.52240305303, 0.77403704911, 1.2901015169, 0.83667411751, 1.3073019156, 1.1613185349, 0.36842233613, 0.75174894666, 0.023896238185, 4.6183335408, 1.1295891819, 2.2850213856, 0.47897318901]
    ],
    [
      [0, 0, 0.2752187983, 0.066749570024, 0.26799492915, 0.26500049482, 0.021861474276, 0.41364829006, 0, 0.33455219116, 0.44589889943, 0, 0.27048878293, 0.13198385232, 0, 0, 0.25700564135, 0.0073494766705, 0.14743592864, 0, 0, 0.10947147334, 0.65156666454, 0, 0, 0.18286591959, 0.2384790835, 0.16737639012, 0.17177674097, 0, 0.11545318765, 0.46517454055, 0, 0, 0],
      [1.0804876273, 3.6826406606, 7.062170318, 6.5241021183, 5.2647338556, 3.5949987059, 2.6329443876, 22.0626394788, 5.5921189831, 13.1272865992, 30.8786539403, 2.4143302766, 13.3123368948, 2.2180099106, 6.8334766684, 7.9547989188, 14.2021255246, 0.63114828797, 1.3885193713, 6.9906206301, 4.9301235563, 5.3570579225, 7.770405301, 3.5686259432, 11.8918548046, 10.4173216867, 8.5308247654, 8.401989159, 4.4871135863, 10.4003466829, 0.71767116967, 77.6017540003, 8.0817131094, 25.2497146097, 3.2433642801],
      [18.9231974919, 106.4467738764, 140.4784499576, 188.2107912784, 217.5053606257, 119.6991708812, 82.6725334463, 357.9245774801, 98.8269025124, 404.1312207222, 436.4453531288, 104.0034327925, 361.2732612032, 35.2535966946, 214.6678283442, 265.5758110387, 356.7894878221, 21.3702387444, 41.1622268893, 162.1562986225, 150.5514602893, 190.9288676405, 244.3879988069, 153.3153164365, 398.4779910596, 372.5372301815, 295.8290910178, 243.6668003921, 150.4459160411, 269.9546307236, 24.6218739525, 1957.2321592389, 294.2175291175, 826.5268503638, 62.9347157737],
      [0.99631488081, 7.870585463, 32.1841609261, 26.1983570332, 34.9619105895, 17.440829918, 8.6726606918, 80.599134751, 21.5809785046, 61.4069404874, 95.2300940315, 19.582236931, 53.143913119, 7.3964095424, 23.4986949874, 24.4693900425, 47.751381012, 2.991263491, 10.3018178107, 29.8530807473, 21.5184161544, 20.6046029636, 19.1900292276, 22.1160576203, 51.6301541358, 59.8625822122, 57.4016051334, 42.7638340587, 18.8951936317, 34.6450225935, 4.5450016902, 317.7009122202, 60.7007577731, 169.2234350265, 9.8219199462]
    ],
    [
      [0, 0, 0.20986454298, 0.058118176994, 0.26064941985, 0.059374923422, 0.015079682766, 0.9701957512, 0, 0.26441544415, 1.0238029737, 0, 0.14202297559, 0.1315187907, 0, 0, 0.12574194197, 0.0051591669245, 0.10748738636, 0, 0, 0.21813317259, 0, 0, 0, 0.21793705209, 0.30630265883, 0.30929403242, 0.22863187319, 0, 0.07404268658, 0.21958021784, 0, 0, 0],
      [15.4386794945, 40.276277198, 144.5112606654, 197.8765814604, 187.3632114602, 48.9657600927, 36.1679839476, 817.8367558513, 187.41485742, 350.8356630256, 1253.8203769955, 58.436497368, 248.9944106281, 42.8592379544, 85.8434013318, 81.2448928514, 236.1716344415, 17.8275311867, 38.2169848057, 286.5323196952, 256.7948095677, 286.6381419638, 284.7953330511, 200.5930240307, 609.1489803118, 412.3324532313, 343.1975732452, 415.6770109731, 172.136730161, 491.0237919476, 20.500930096, 2449.3567600133, 261.5774509408, 744.3010472012, 132.5987295364],
      [1.5613205055, 6.723722802, 18.059887209, 35.2688873011, 51.9383535362, 9.7329515431, 6.7687658761, 83.5018779333, 20.822476927, 67.2788571213, 106.6428829699, 13.1577751326, 41.9084867112, 3.7718970018, 16.997436759, 16.7432350653, 37.0797792914, 3.0078070086, 6.5401950199, 41.0028525562, 48.9690962874, 66.7137704347, 68.2046669489, 49.8084529444, 127.4144778164, 93.9581912819, 75.6278306549, 74.958247199, 36.0387527046, 79.6394641231, 3.2805518193, 388.7362709642, 57.9727735916, 141.8416189334, 15.7976202031],
      [0, 0, 0.21898758263, 0.79641306156, 1.4377855838, 0.2419134408, 0.04817049351, 1.6911704643, 0.76266565294, 1.621064409, 3.512937061, 0.40572749931, 0.95507968504, 0.23734625309, 0.15916190917, 0.01187208334, 0.62284432515, 0.15950263776, 0.13533278808, 1.4648277487, 1.2360941448, 0.42995442895, 0, 1.598523025, 2.4365418718, 2.4914184346, 1.8682934411, 2.0554477954, 0.59588526123, 1.3367439293, 0.14447539814, 9.6873888047, 1.4497754676, 3.8573338654, 0.60365026052]
    ],
    [
      [0.19469478213, 1.5148161973, 4.3167450593, 2.5490005535, 5.4049428033, 2.5922747498, 1.6806024086, 9.4461484744, 4.3537620204, 7.7393772498, 16.4006331432, 0.69516469415, 5.4640359161, 0.68068054763, 2.7810340084, 4.5697777093, 10.342153248, 0.24492231203, 1.8214156243, 12.0085482761, 3.511061833, 4.0893789808, 5.8495693896, 2.4429461461, 6.263404971, 8.2779894525, 7.5538118348, 7.7947786532, 2.8983710622, 5.8771307407, 0.14565393142, 54.5126731186, 10.5688247609, 29.3410305654, 1.8841015642],
      [0.29396702, 3.330488913, 14.9606109111, 8.2673287648, 10.8046893484, 6.0793262619, 2.9708254613, 32.9950228968, 9.9365337614, 19.1501895081, 52.5356358693, 5.859575447, 16.3857285609, 2.3923013854, 10.0291987988, 7.3086953345, 25.7872574981, 0.42160505453, 4.1112291754, 21.4328847073, 11.268233487, 10.6186923555, 14.8261393025, 9.4443014111, 32.8901655281, 13.6496676474, 17.8635360106, 20.7803461903, 7.2202668117, 28.6330045144, 0.45892100088, 178.7786489646, 15.5217139811, 39.4180889887, 4.6808319632],
      [0.50765307868, 7.092051337, 29.9181846953, 23.7821432204, 48.8339567659, 19.9731918149, 9.2334740363, 56.0408480721, 17.2542297573, 59.0216696154, 78.9820896852, 19.0095571333, 44.3586671424, 3.8305635098, 31.7784411027, 23.8608613931, 64.8288825847, 1.3117444713, 11.7304486861, 48.4603309205, 34.6184125393, 39.7814151714, 55.8238393298, 37.445423866, 102.2401171114, 50.0952451587, 63.1081160569, 60.1444087483, 24.5099741878, 71.3831584505, 1.3656490357, 451.7980180284, 54.5550062106, 117.3264338574, 9.259355395],
      [0.0036851191905, 0.062643552753, 0.80445933431, 0.40152746133, 0.95641108238, 0.35520717335, 0.11509809381, 1.5179805566, 0.45547446091, 1.0887636267, 2.0816413023, 0.43570272553, 0.79156838054, 0.096454557176, 0.41132609012, 0.26066556306, 1.0417066692, 0.021728162136, 0.33690651427, 1.0982360961, 0.60229214068, 0.51051349227, 0.50045197813, 0.66732857677, 1.6063123895, 0.97709774137, 1.4745360977, 1.2804664082, 0.3713879383, 1.1067062944, 0.029776031957, 8.9106598884, 1.3544550474, 2.9144465885, 0.17571107763]
    ],
    [
      [0, 1.8959035403, 11.0580397737, 12.6911829128, 12.3537567196, 3.5106918795, 5.6676111521, 17.5964277849, 4.3156647204, 21.6290554718, 39.0327277494, 4.7087743212, 15.6533361074, 0.38059359467, 6.7767513065, 7.3691200679, 10.8938176775, 1.3881902911, 0, 12.725554324, 7.6657960806, 10.4177892708, 10.131324306, 8.6016139556, 12.6103648068, 26.9496930596, 9.6460358932, 12.5622161447, 7.1992188908, 16.4583467015, 2.0671228518, 70.9571365032, 17.2477145022, 62.7992939293, 4.8984232923],
      [0, 0.020050229468, 0.36311671066, 0.38628548163, 0.24364021402, 0.075668950678, 0.089403192505, 0.59318849695, 0.078342130763, 0.50599123616, 1.2372918946, 0.16839266905, 0.44223626067, 0.011649537415, 0.22292732528, 0.10630906119, 0.25606943068, 0.019446544173, 0, 0.21617753773, 0.23238477279, 0.26144727551, 0.24754634721, 0.3295129773, 0.44049899253, 0.42612307239, 0.21733171793, 0.31660611581, 0.16902135784, 0.64724692733, 0.04812224148, 2.2144504766, 0.23738666792, 0.80432921947, 0.11419814035],
      [0, 0.63506024713, 8.6173925345, 13.2672016496, 12.5265173413, 2.9831403153, 3.3356204368, 11.7722294978, 1.6817057856, 18.5697651412, 21.1910891337, 7.2350523198, 14.282215987, 0.22701893964, 8.4298342458, 4.1780204029, 7.6695903653, 0.75617533524, 0, 5.7239414762, 8.4834729691, 11.4235923156, 10.9108654872, 14.5459863509, 17.2450683096, 18.3497705111, 9.0921180243, 10.9250605455, 6.8084378976, 19.7522508449, 1.9221797197, 66.5644087497, 10.0097238853, 28.3267235869, 2.6705228057],
      [0, 0.44898598308, 15.9614509811, 14.655329956, 15.8760857251, 3.4304988546, 2.9073652186, 21.0381542203, 2.9242873632, 22.2951881508, 36.5388912222, 10.88778069, 16.6222116449, 0.38073792828, 7.5704871224, 3.346550468, 8.1805225266, 0.8361878295, 0, 8.334326662, 9.6183461775, 9.8971711381, 7.7102638597, 16.5228867162, 17.7040678911, 23.2744133569, 14.0445143646, 15.196117194, 6.8233218538, 20.1421555263, 2.962575187, 85.2640042705, 16.5051749446, 46.0696532643, 3.3168557616]
    ]
  ],
  "prob": [
    [0.082950554196, 0.071320111709, 0.58773177644, 0.25799755766],
    [0.30042478571, 0.11388903083, 0.57579191273, 0.0098942707288],
    [0.00044691407282, 0.03125626616, 0.83349883728, 0.13479798248],
    [0.00036975804224, 0.85297978254, 0.14318549069, 0.0034649687324],
    [0.091036449489, 0.24400087098, 0.65216057272, 0.012802106819],
    [0.34791356511, 0.0088918755608, 0.2826185985, 0.36057596082]
  ],
  "iterations": 104,
  "time": 0.065846,
  "message": "Converged",
  "status": 0,
  "miniter": 0,
  "maxiter": 1000,
  "maxtime": 3600,
  "param_threshold": 0.001,
  "ll_threshold": "-Inf",
  "initial_prob": "random",
  "adjust_prob_cond_method": "project_lp",
  "adjust_prob_cond_every": true,
  "candidates_id": ["STEWART, Gary Todd.c", "NGARO, Alfred.c", "TWYFORD, Philip Stoner.c", "Other candidates votes.c"],
  "group_id": ["Conservative.p", "Green Party.p", "Labour Party.p", "National Party.p", "New Zealand First Party.p", "Other parties votes.p"]
}
