{
  "X": [
    [41, 28, 13, 18],
    [38, 36, 13, 13],
    [44, 26, 12, 18],
    [46, 34, 5, 15],
    [48, 27, 3, 22],
    [45, 34, 12, 9],
    [55, 23, 4, 18],
    [36, 40, 8, 16],
    [41, 37, 7, 15],
    [35, 44, 12, 9],
    [41, 33, 7, 19],
    [40, 41, 4, 15],
    [50, 35, 5, 10],
    [47, 29, 14, 10],
    [58, 24, 12, 6],
    [51, 32, 9, 8],
    [49, 35, 7, 9],
    [58, 31, 6, 5],
    [48, 33, 9, 10],
    [49, 33, 7, 11],
    [46, 27, 16, 11],
    [47, 32, 7, 14],
    [56, 30, 6, 8],
    [54, 31, 9, 6],
    [43, 28, 14, 15],
    [53, 14, 24, 9],
    [60, 15, 14, 11],
    [54, 11, 24, 11],
    [60, 16, 19, 5],
    [65, 14, 16, 5],
    [56, 16, 20, 8],
    [51, 17, 21, 11],
    [61, 16, 14, 9],
    [61, 16, 18, 5],
    [60, 14, 14, 12],
    [56, 19, 14, 11],
    [61, 15, 20, 4],
    [66, 17, 10, 7],
    [70, 18, 10, 2],
    [57, 23, 14, 6],
    [75, 12, 10, 3],
    [66, 20, 10, 4],
    [49, 28, 16, 7],
    [59, 25, 10, 6],
    [59, 23, 10, 8],
    [74, 12, 11, 3],
    [66, 26, 7, 1],
    [70, 12, 13, 5],
    [63, 20, 15, 2],
    [56, 21, 15, 8]
  ],
  "W": [
    [56, 9, 21, 14],
    [58, 22, 16, 4],
    [54, 16, 20, 10],
    [57, 13, 11, 19],
    [61, 14, 12, 13],
    [64, 11, 16, 9],
    [68, 12, 9, 11],
    [63, 14, 13, 10],
    [63, 13, 15, 9],
    [59, 15, 12, 14],
    [66, 6, 12, 16],
    [63, 14, 10, 13],
    [43, 32, 15, 10],
    [11, 61, 16, 12],
    [9, 63, 12, 16],
    [12, 63, 15, 10],
    [13, 62, 15, 10],
    [16, 59, 13, 12],
    [12, 63, 13, 12],
    [14, 61, 16, 9],
    [16, 59, 14, 11],
    [14, 64, 10, 12],
    [9, 61, 14, 16],
    [12, 62, 11, 15],
    [14, 62, 18, 6],
    [10, 15, 62, 13],
    [14, 13, 61, 12],
    [12, 16, 64, 8],
    [13, 16, 57, 14],
    [15, 9, 63, 13],
    [17, 14, 59, 10],
    [11, 10, 69, 10],
    [14, 13, 60, 13],
    [13, 18, 54, 15],
    [10, 13, 67, 10],
    [14, 14, 56, 16],
    [11, 10, 65, 14],
    [17, 9, 34, 40],
    [13, 12, 14, 61],
    [12, 11, 10, 67],
    [7, 14, 16, 63],
    [9, 8, 12, 71],
    [13, 11, 10, 66],
    [18, 15, 7, 60],
    [14, 10, 10, 66],
    [8, 9, 11, 72],
    [16, 17, 11, 56],
    [12, 14, 13, 61],
    [13, 12, 9, 66],
    [17, 16, 7, 60]
  ],
  "method": "mvn_pdf",
  "cond_prob": [
    [
      [0.28391482794, 0.39586214401, 0.050887536607, 0.26933549144],
      [0.44543640671, 0.33817040384, 0.1044857879, 0.11190740154],
      [0.54262282582, 0.041995438672, 0.33065765813, 0.084724077379],
      [0.69262590233, 0.13616300633, 0.16186535986, 0.0093457314695]
    ],
    [
      [0.30146606688, 0.45923348446, 0.056935503207, 0.18236494545],
      [0.43841332312, 0.36748325885, 0.12306310393, 0.071040314106],
      [0.51452646857, 0.044160104966, 0.38908766756, 0.052225758902],
      [0.65936287876, 0.14331613178, 0.19123746165, 0.0060835278149]
    ],
    [
      [0.32044508378, 0.3578769143, 0.052132441567, 0.26954556035],
      [0.48983639304, 0.3012280642, 0.099827508745, 0.10910803401],
      [0.57903628213, 0.034906228272, 0.30557493228, 0.080482557317],
      [0.72778575444, 0.11568730348, 0.14761093699, 0.0089160050851]
    ],
    [
      [0.30867432262, 0.44727937945, 0.020551546491, 0.22349475144],
      [0.48238935381, 0.38068055449, 0.045622910377, 0.091307181322],
      [0.69324711112, 0.05474150735, 0.17021223761, 0.081799143919],
      [0.7636201994, 0.1554774517, 0.071743652704, 0.0091586961957]
    ],
    [
      [0.34666709287, 0.34102522083, 0.0058818224209, 0.30642586388],
      [0.53668918472, 0.29746170804, 0.033733337283, 0.13211576996],
      [0.72380469001, 0.04119367324, 0.12354147367, 0.11146016308],
      [0.81953865143, 0.11835950293, 0.052803417406, 0.0092984282296]
    ],
    [
      [0.36928587765, 0.4465469133, 0.060399653016, 0.12376755604],
      [0.50610057932, 0.33309851284, 0.11282354325, 0.047977364587],
      [0.58495642298, 0.040790181241, 0.34109487287, 0.033158522911],
      [0.71547718783, 0.12269677866, 0.15953836281, 0.0022876706961]
    ],
    [
      [0.45354726592, 0.28307396609, 0.023838558117, 0.23954020988],
      [0.64622700352, 0.22352377149, 0.043966760472, 0.086282464513],
      [0.77439965224, 0.025947842652, 0.13503198645, 0.06462051866],
      [0.85767863684, 0.075923133125, 0.05782627676, 0.0085719532715]
    ],
    [
      [0.2497627, 0.49551402924, 0.039118773479, 0.21560449728],
      [0.40599594318, 0.4342633747, 0.06978578288, 0.08995489924],
      [0.5938963074, 0.062718120148, 0.26134306401, 0.082042508437],
      [0.68603546993, 0.18875933501, 0.11610564783, 0.009099547226]
    ],
    [
      [0.29512434202, 0.46869840679, 0.033519043052, 0.20265820813],
      [0.46060492623, 0.39733206577, 0.059845325668, 0.082217682333],
      [0.65376509974, 0.055773760563, 0.21748485385, 0.072976285844],
      [0.73475843505, 0.16334190098, 0.094226471804, 0.0076731921674]
    ],
    [
      [0.25120377956, 0.5659645749, 0.053712895329, 0.12911875021],
      [0.3701698544, 0.46857054789, 0.10852396707, 0.052735630639],
      [0.50222983076, 0.063673170283, 0.38924497316, 0.044852025794],
      [0.61426223006, 0.20110384421, 0.18086714225, 0.0037667834808]
    ],
    [
      [0.28554932108, 0.42071728886, 0.035107358679, 0.25862603138],
      [0.46062034869, 0.36654858915, 0.063248439903, 0.10958262226],
      [0.63207979547, 0.050498116254, 0.22376699296, 0.093655095312],
      [0.73781657318, 0.15171187532, 0.10113873577, 0.0093328157336]
    ],
    [
      [0.27747018842, 0.50324864573, 0.014983990293, 0.20429717556],
      [0.43700268778, 0.43871617995, 0.039538887108, 0.084742245155],
      [0.68556880853, 0.068452000208, 0.16334088466, 0.082638306597],
      [0.734280955, 0.1899068306, 0.066850411185, 0.0089618032151]
    ],
    [
      [0.34522381361, 0.47366578273, 0.017755239677, 0.16335516398],
      [0.51244995989, 0.38395589005, 0.039217799895, 0.064376350171],
      [0.73093249843, 0.055633339668, 0.15607579027, 0.057358371634],
      [0.77929898218, 0.1511282766, 0.064041824326, 0.0055309168856]
    ],
    [
      [0.2861979349, 0.42476358767, 0.052998032618, 0.23604044481],
      [0.44052182001, 0.35879572318, 0.10074195823, 0.099940498576],
      [0.54652093899, 0.044734545781, 0.3338946422, 0.074849873036],
      [0.68630472262, 0.14377572411, 0.16078732615, 0.0091322271129]
    ],
    [
      [0.39392276056, 0.38654950373, 0.053431853996, 0.16609588172],
      [0.54910175299, 0.29255888088, 0.096557906983, 0.061781459148],
      [0.64041096311, 0.034131829069, 0.28091262285, 0.044544584964],
      [0.76102207246, 0.10501643888, 0.12906335624, 0.0048981324174]
    ],
    [
      [0.3165724859, 0.46599515487, 0.034090608833, 0.1833417504],
      [0.47472565325, 0.38230670388, 0.06704418277, 0.0759234601],
      [0.65852491256, 0.052582298982, 0.22563057063, 0.063262217823],
      [0.74155403259, 0.15340013126, 0.098267061997, 0.0067787741528]
    ],
    [
      [0.28739119927, 0.49309872893, 0.025069453185, 0.19444061861],
      [0.44916781594, 0.41752403963, 0.048498771557, 0.084809372871],
      [0.67156454637, 0.06215627887, 0.19072256022, 0.075556614546],
      [0.73420416256, 0.17708818837, 0.080633486884, 0.0080741621848]
    ],
    [
      [0.38702362579, 0.45912374261, 0.025821808732, 0.12803082287],
      [0.55185106742, 0.36257134631, 0.044772257479, 0.040805328793],
      [0.74600505733, 0.050101844616, 0.16417235296, 0.039720745091],
      [0.7958619387, 0.13424889216, 0.067587273379, 0.0023018957597]
    ],
    [
      [0.28206572089, 0.45969951914, 0.033179597202, 0.22505516276],
      [0.44123965852, 0.39337537027, 0.068306258109, 0.097078713102],
      [0.62766931395, 0.0553800062, 0.23436191147, 0.082588768377],
      [0.72145098178, 0.1650847802, 0.10432047697, 0.0091437610457]
    ],
    [
      [0.28502079941, 0.45636476818, 0.024511327586, 0.23410310482],
      [0.45388370092, 0.39634657506, 0.048224910075, 0.10154481395],
      [0.66499796279, 0.057975559944, 0.18680506564, 0.090221411625],
      [0.74253729417, 0.1673492453, 0.080693427662, 0.0094200328677]
    ],
    [
      [0.29971556501, 0.38714353432, 0.068465688175, 0.24467521249],
      [0.45737246668, 0.32121497505, 0.11906775469, 0.10234480359],
      [0.49446874099, 0.036280412595, 0.40163657627, 0.067614270146],
      [0.66336482293, 0.12237219514, 0.2051490359, 0.0091139460379]
    ],
    [
      [0.26028216933, 0.40071660786, 0.0258011725, 0.31320005031],
      [0.44132355823, 0.3737703673, 0.05586728403, 0.12903879045],
      [0.62605665124, 0.053605323934, 0.19790810298, 0.12242992184],
      [0.73756461585, 0.16105089531, 0.090349698107, 0.011034790729]
    ],
    [
      [0.33061992766, 0.44935614233, 0.0229645781, 0.19705935191],
      [0.50251310503, 0.37425422033, 0.039490828497, 0.083741846139],
      [0.71225609654, 0.053274678876, 0.16386355127, 0.070605673318],
      [0.77497099328, 0.14877761091, 0.068143033816, 0.0081083619946]
    ],
    [
      [0.34694700923, 0.46202395847, 0.037760487171, 0.15326854513],
      [0.50260851515, 0.36766845337, 0.072331443773, 0.057391587701],
      [0.67090485631, 0.048988098875, 0.23148465165, 0.04862239316],
      [0.75299696869, 0.1414266201, 0.10106623146, 0.004510179742]
    ],
    [
      [0.25036476952, 0.36815797163, 0.048854783177, 0.33262247567],
      [0.42145632965, 0.34204080539, 0.10262871029, 0.13387415467],
      [0.51615324014, 0.043862141685, 0.33047792314, 0.10950669504],
      [0.67897374437, 0.14162331875, 0.16740839687, 0.011994540018]
    ],
    [
      [0.29118548913, 0.41485752194, 0.052211362114, 0.24174562681],
      [0.45022328011, 0.34892705268, 0.10211308315, 0.098736584054],
      [0.55331725093, 0.045479386718, 0.32090485601, 0.080298506337],
      [0.69454818071, 0.13829207799, 0.15769915837, 0.0094605829332]
    ],
    [
      [0.30399879322, 0.40516958247, 0.02764573387, 0.26318589045],
      [0.48407270541, 0.35055266042, 0.055727623111, 0.10964701106],
      [0.66088252687, 0.050348351378, 0.19413258473, 0.09463653703],
      [0.76143646548, 0.14159931883, 0.087201079755, 0.0097631359302]
    ],
    [
      [0.32296295226, 0.32826587496, 0.056096151362, 0.29267502141],
      [0.49756232097, 0.27480869825, 0.10940535495, 0.11822362583],
      [0.56799304739, 0.028709464551, 0.31709098328, 0.086206504787],
      [0.72648655057, 0.10330807465, 0.16031719686, 0.0098881779202]
    ],
    [
      [0.35767987386, 0.45116304599, 0.046580037675, 0.14457704248],
      [0.51220675077, 0.35066365588, 0.083444013636, 0.053685579713],
      [0.64422776734, 0.047110193779, 0.26981336416, 0.038848674721],
      [0.74527649208, 0.1313557759, 0.11999953821, 0.003368193808]
    ],
    [
      [0.38745477071, 0.43388685999, 0.037481803111, 0.14117656619],
      [0.54920983775, 0.33260734845, 0.065754878275, 0.052427935526],
      [0.69970426871, 0.04622827355, 0.21647125403, 0.037596203714],
      [0.78184007468, 0.1219884408, 0.092945388098, 0.0032260964215]
    ],
    [
      [0.33224120424, 0.42825397836, 0.047391871278, 0.19211294612],
      [0.49268234371, 0.34408508496, 0.088100473053, 0.075132098277],
      [0.61240560404, 0.043904824694, 0.28241250853, 0.061277062737],
      [0.73224160779, 0.13121065215, 0.12985935621, 0.0066883838612]
    ],
    [
      [0.2163479373, 0.50722774868, 0.032841876863, 0.24358243716],
      [0.36276334142, 0.46202031, 0.068304107105, 0.10691224147],
      [0.55709895739, 0.067827441459, 0.27154090365, 0.1035326975],
      [0.65527112155, 0.21201982039, 0.12193759315, 0.010771464915]
    ],
    [
      [0.31700167846, 0.4402566257, 0.028534772401, 0.21420692344],
      [0.48888603442, 0.36830319653, 0.055682518204, 0.087128250839],
      [0.67233880029, 0.052373321665, 0.19598924579, 0.079298632256],
      [0.75893307973, 0.14662049118, 0.08594505404, 0.0085013750463]
    ],
    [
      [0.37125707732, 0.436067283, 0.046345819115, 0.14632982057],
      [0.52738930203, 0.33649871985, 0.082406648686, 0.053705329427],
      [0.65444972117, 0.044609330364, 0.26236900713, 0.038571941342],
      [0.75602437435, 0.12434963494, 0.11641721936, 0.0032087713599]
    ],
    [
      [0.27623134146, 0.40255869791, 0.024220827277, 0.29698913336],
      [0.4578668125, 0.36354636669, 0.050842221673, 0.12774459914],
      [0.6531552346, 0.055461070988, 0.18301138038, 0.10837231403],
      [0.75240173044, 0.15324184977, 0.083508036003, 0.010848383784]
    ],
    [
      [0.25195454501, 0.47003781149, 0.025553558663, 0.25245408484],
      [0.41592491699, 0.42208912544, 0.052948384459, 0.10903757311],
      [0.62902378461, 0.063284755102, 0.20460855033, 0.10308290995],
      [0.71402222461, 0.18539228733, 0.090180873596, 0.010404614468]
    ],
    [
      [0.33645276915, 0.49580490678, 0.042559222951, 0.12518310112],
      [0.48719031772, 0.38876672226, 0.076866298615, 0.047176661405],
      [0.64872913265, 0.054753526404, 0.26394015593, 0.032577185014],
      [0.73283733855, 0.14996425618, 0.11479110186, 0.002407303412]
    ],
    [
      [0.35204122588, 0.41722504808, 0.026835514445, 0.2038982116],
      [0.52842399035, 0.33916695345, 0.052381778242, 0.08002727795],
      [0.70473295277, 0.046914929142, 0.1785934266, 0.069758691491],
      [0.78246407132, 0.13148910027, 0.075004593647, 0.011042234765]
    ],
    [
      [0.40867789791, 0.44495385456, 0.038313832102, 0.10805441543],
      [0.56313230281, 0.33295880408, 0.065696804507, 0.038212088604],
      [0.73480319697, 0.043305076607, 0.21212404527, 0.009767681158],
      [0.78102221206, 0.12481677327, 0.094161014669, 0]
    ],
    [
      [0.2389735817, 0.46942796761, 0.040804622832, 0.25079382786],
      [0.3918044778, 0.418424635, 0.083793257572, 0.10597762963],
      [0.54815463625, 0.058131000617, 0.30148688039, 0.092227482741],
      [0.66180479703, 0.18183408056, 0.14289178939, 0.013469333021]
    ],
    [
      [0.44702653492, 0.35609865675, 0.038017233034, 0.15885757529],
      [0.6131051328, 0.26428418156, 0.065671799243, 0.056938886396],
      [0.72919202621, 0.029909749529, 0.19844722675, 0.042450997511],
      [0.81936936471, 0.08458372807, 0.089512992879, 0.0065339143373]
    ],
    [
      [0.29700328892, 0.47969199257, 0.030200083229, 0.19310463528],
      [0.4601881875, 0.40384759049, 0.058575967019, 0.077388254995],
      [0.65862418315, 0.057513351968, 0.21450938804, 0.069353076841],
      [0.72876020707, 0.16565959323, 0.09416167406, 0.01141852564]
    ],
    [
      [0.17643563516, 0.51573798421, 0.040175402963, 0.26765097767],
      [0.30498446727, 0.48751910708, 0.087794247433, 0.11970217822],
      [0.46585520094, 0.072776105813, 0.34752801227, 0.11384068097],
      [0.58625690293, 0.23037780257, 0.16722277147, 0.016142523033]
    ],
    [
      [0.28654510829, 0.47851887754, 0.035436065226, 0.19949994895],
      [0.44652455961, 0.40438717493, 0.067818962362, 0.081269303091],
      [0.63027019535, 0.05666346212, 0.24225584564, 0.070810496883],
      [0.71220713815, 0.16540347243, 0.11081792452, 0.011571464906]
    ],
    [
      [0.22296076749, 0.42398144489, 0.026438253062, 0.32661953455],
      [0.39150466157, 0.40519702234, 0.056952012768, 0.14634630332],
      [0.58621977973, 0.060656220967, 0.21694085613, 0.13618314318],
      [0.69850461882, 0.18796556573, 0.1044081177, 0.0091216977467]
    ],
    [
      [0.42602103828, 0.35984525992, 0.042789743439, 0.17134395836],
      [0.5923273714, 0.2715007112, 0.074491952898, 0.061679964504],
      [0.69899953476, 0.031145509821, 0.22432100738, 0.045533948041],
      [0.79960958985, 0.087987929331, 0.10444060271, 0.0079618781129]
    ],
    [
      [0.38952089558, 0.53896686364, 0.025799593577, 0.045712647203],
      [0.5349609668, 0.41817769975, 0.046861333452, 0],
      [0.73684391306, 0.061937918206, 0.17680020103, 0.024417967705],
      [0.76014368199, 0.17118200332, 0.068674314693, 0]
    ],
    [
      [0.4170179117, 0.3214966442, 0.051941416631, 0.20954402747],
      [0.58675999848, 0.24478316873, 0.091313481729, 0.077143351066],
      [0.65940813362, 0.024993436158, 0.26126927078, 0.054329159445],
      [0.7903088417, 0.07196985635, 0.12625924158, 0.011462060372]
    ],
    [
      [0.36891176115, 0.47411203251, 0.060416741322, 0.09655946501],
      [0.494624065, 0.35905451628, 0.10659184155, 0.039729577181],
      [0.59412556195, 0.043753347017, 0.33234642118, 0.029774669857],
      [0.71093224648, 0.13839559483, 0.15067215869, 0]
    ],
    [
      [0.27067833816, 0.39295712452, 0.052729654133, 0.28363488318],
      [0.43215001787, 0.34195606393, 0.10870788525, 0.11718603295],
      [0.52295095442, 0.041854548004, 0.34697203819, 0.088222459391],
      [0.68039018807, 0.14259083374, 0.16559109081, 0.011427887383]
    ]
  ],
  "expected_outcome": [
    [
      [15.8992303648, 17.4850318792, 17.3040345243, 17.5944363895, 21.1466926652, 23.6342961693, 30.8412140823, 15.7350501, 18.5928335475, 14.821022994, 18.8462551913, 17.4806218706, 14.8446239852, 3.1481772839, 3.545304845, 3.7988698308, 3.7360855905, 6.1923780126, 3.3847886507, 3.9902911918, 4.7954490401, 3.6439503707, 2.9755793489, 4.1633641107, 3.5051067733, 2.9118548913, 4.255983105, 3.8755554271, 4.6498383602, 5.8118215606, 5.6481004721, 2.3798273103, 4.4380234984, 4.8263420051, 2.7623134146, 3.5273636302, 3.7009804607, 5.9847008399, 5.3128126729, 2.8676829804, 3.1291857444, 2.6730296003, 2.2936632571, 5.1578119492, 3.1214507449, 3.4081683063, 6.2323343293, 5.0042149404, 4.795852895, 4.6015317488],
      [22.1682800646, 26.6355420988, 19.3253533725, 25.4949246285, 20.8025384705, 28.579002451, 19.2490296938, 31.2173838421, 29.5279996277, 33.3919099194, 27.7673410649, 31.7046646809, 20.3676286575, 4.6723994644, 3.4789455336, 5.5919418584, 6.4102834761, 7.3459798817, 5.5163942297, 6.3891067545, 6.1942965492, 5.61003251, 4.044205281, 5.5442875016, 5.1542116028, 4.1485752194, 5.6723741545, 3.9391904995, 5.8651195978, 6.5083028999, 7.2803176322, 5.5795052354, 6.1635927598, 5.6688746789, 4.0255869791, 6.5805293608, 5.4538539746, 7.0928258173, 5.7844001092, 5.6331356113, 2.4926905973, 4.3172279332, 6.7045937947, 8.6133397956, 5.9357402285, 2.8787620793, 8.6234698182, 3.8579597304, 6.1634564227, 6.6802711168],
      [2.84970205, 3.302259186, 2.8151518446, 1.17143815, 0.35879116767, 3.865577793, 1.621021952, 2.4644827292, 2.1116997123, 3.1690608244, 2.3170856728, 0.94399138846, 0.76347530611, 0.58297835879, 0.48088668596, 0.409087306, 0.32590289141, 0.41314893971, 0.39815516642, 0.3431585862, 1.0954510108, 0.361216415, 0.2066812029, 0.45312584605, 0.68396696447, 0.52211362114, 0.38704027418, 0.67315381634, 0.60554048977, 0.56222704666, 0.80566181172, 0.36126064549, 0.39948681361, 0.60249564849, 0.24220827277, 0.35774982128, 0.46815145246, 0.45620374556, 0.49807981733, 0.48965547398, 0.26612063124, 0.27180074906, 0.52228023853, 0.63784917408, 0.37013554287, 0.34231794751, 0.41279349723, 0.62329699958, 0.78541763719, 0.89640412027],
      [15.0827875206, 10.577166836, 14.5554602587, 12.739200832, 18.6919776966, 7.9211235867, 16.2887342719, 13.5830833287, 12.7674671125, 7.6180062622, 17.069318071, 12.8707220601, 7.0242720511, 2.5964448929, 1.4948629354, 2.2001010048, 2.527728042, 2.0484931659, 2.7006619531, 3.2774434675, 3.9148033999, 4.3848007043, 1.7735341672, 1.8392225416, 4.6567146594, 2.4174562681, 3.6846024663, 3.512100257, 1.8795015522, 2.1176484928, 3.265920084, 2.6794068088, 2.9988969282, 1.9022876674, 2.9698913336, 3.5343571877, 1.3770141123, 3.4662695972, 1.4047074005, 3.0095259343, 1.112003027, 1.7379417175, 3.4794627097, 3.5909990811, 4.5726734837, 1.3707516669, 0.73140235525, 2.5145283296, 1.2552730451, 4.8217930141]
    ],
    [
      [4.0089276604, 9.6450931086, 7.8373822887, 6.2710615995, 7.5136485861, 5.5671063725, 7.7547240423, 5.6839432045, 5.987864041, 5.552547816, 2.7637220921, 6.118037629, 16.3983987164, 26.8718310209, 34.5934104382, 29.9077161549, 27.8484045883, 32.5592129777, 27.7980984865, 27.686905756, 26.9849755339, 28.2447077266, 30.6532994071, 31.1617279394, 26.130292438, 6.7533492017, 6.2929451704, 7.9609971356, 8.1953080123, 4.9428885398, 6.897552812, 3.6276334142, 6.3555184475, 9.4930074366, 5.9522685625, 5.8229488379, 4.8719031772, 4.7558159132, 6.7575876337, 4.3098492558, 8.5834718592, 3.6815055, 3.3548291399, 6.6978683942, 3.9150466157, 5.3309463426, 9.0943364356, 8.2146399787, 5.9354887799, 6.914400286],
      [3.0435336346, 8.0846316946, 4.8196490273, 4.9488472084, 4.1644639125, 3.6640836413, 2.6822852579, 6.0796872459, 5.165316855, 7.0285582183, 2.1992915349, 6.1420265193, 12.2865884814, 21.8865391137, 18.4312094956, 24.0853223442, 25.8864904572, 21.3917094323, 24.7826483273, 24.1771410787, 18.951683528, 23.9213035069, 22.8295074401, 22.7954441092, 21.2065299344, 5.2339057902, 4.5571845854, 4.396939172, 5.6106184941, 2.993466136, 4.8171911894, 4.6202031, 4.7879415549, 6.0569769573, 4.726102767, 5.9092477562, 3.8876672226, 3.0525025811, 3.995505649, 4.602670985, 3.6999785418, 3.2307807239, 5.3627101779, 6.065807624, 4.0519702234, 2.4435064008, 7.1090208957, 3.4269643622, 4.3086541953, 5.4712970229],
      [0.94037209114, 2.7073882864, 1.5972401399, 0.5930978349, 0.47226672197, 1.2410589757, 0.52760112567, 0.97700096032, 0.77798923368, 1.6278595061, 0.37949063942, 0.55354441952, 1.2549695966, 6.1452594522, 6.08314814, 4.2237835145, 3.0069238365, 2.6415631912, 4.3032942609, 2.9417195146, 7.0249975265, 3.5755061779, 2.4089405383, 4.4845495139, 6.3629800378, 1.5316962473, 0.72445910045, 1.7504856792, 1.3351042182, 0.59179390447, 1.2334066227, 0.68304107105, 0.72387273665, 1.4833196763, 0.66094888175, 0.74127738243, 0.76866298615, 0.47143600418, 0.78836165408, 0.92172583329, 0.9194051894, 0.46860773615, 0.96573672176, 1.0172844354, 0.56952012768, 0.67042757608, 0.79664266869, 1.2783887442, 1.2791020986, 1.739326164],
      [1.0071666139, 1.5628869103, 1.7457285441, 1.1869933572, 1.8496207794, 0.52775101045, 1.0353895742, 1.2593685894, 1.0688298703, 0.79103445959, 0.65749573353, 1.1863914322, 2.0600432055, 6.0963704132, 3.8922319263, 4.7831779863, 5.258181118, 2.4075143988, 6.1159589254, 6.1942336507, 6.0383434116, 8.2584825886, 5.1082526145, 3.5582784375, 8.3001975898, 1.4810487608, 1.4254111437, 1.8915780133, 0.8589692754, 0.47185141973, 1.0518493759, 1.0691224147, 1.1326672609, 0.96669592969, 1.6606797888, 1.5265260235, 0.47176661405, 0.72024550155, 0.45854506325, 1.1657539259, 0.79714440954, 0.61910603996, 1.3167239604, 1.2190395464, 1.4634630332, 0.55511968054, 0, 1.0800069149, 0.47675492617, 1.8749765271]
    ],
    [
      [11.3950793421, 8.2324234972, 11.5807256427, 7.6257182223, 8.6856562801, 9.3593027676, 6.9695968702, 7.7206519962, 9.8064764961, 6.0267579691, 7.5849575457, 6.8556880853, 10.9639874765, 8.7443350238, 7.6849315574, 9.8778736884, 10.0734681955, 9.6980657453, 8.1597010814, 10.6399674046, 6.9225623738, 6.2605665124, 9.9715853515, 7.3799534194, 9.2907583225, 34.3056695578, 40.3138341388, 36.3515550327, 36.7209827384, 44.0813689288, 36.1319306381, 38.43982806, 40.3403280175, 35.3402849431, 43.7614007185, 35.2253319382, 42.1673936224, 23.9609203941, 10.2872447575, 5.4815463625, 11.6670724193, 7.9034901978, 4.6585520094, 4.4118913675, 5.8621977973, 7.6889948823, 8.1052830437, 8.5723057371, 5.3471300575, 3.6606566809],
      [0.88190421211, 0.70656167946, 0.69812456544, 0.60215658085, 0.49432407888, 0.65264289986, 0.23353058387, 0.81533556193, 0.83660640845, 0.7640780434, 0.60597739505, 0.68452000208, 0.83450009501, 0.71575273249, 0.40958194883, 0.78873448473, 0.93234418305, 0.65132398, 0.7199400806, 0.92760895911, 0.50792577634, 0.53605323934, 0.74584550426, 0.53886908763, 0.78951855032, 2.8197219765, 3.071249434, 1.8374057313, 2.6852810454, 2.9123812337, 2.5903846569, 4.6800934607, 3.1423992999, 2.4089038396, 3.7158917562, 3.5439462857, 3.5589792163, 1.5951075908, 0.6062710725, 0.58131000617, 0.47855599247, 0.69016022361, 0.72776105813, 0.39664423484, 0.60656220967, 0.34260060803, 0.68131710027, 0.32491467005, 0.39378012316, 0.29298183603],
      [6.9438108208, 6.2254026809, 6.1114986456, 1.8723346137, 1.4824976841, 5.457517966, 1.215287878, 3.3974598322, 3.2622728078, 4.6709396779, 2.6852039155, 1.6334088466, 2.341136854, 5.3423142752, 3.3709514742, 3.3844585595, 2.8608384032, 2.1342405885, 3.0467048491, 2.9888810503, 5.6229120678, 1.9790810298, 2.2940897177, 2.5463311682, 5.9486026165, 19.8961010728, 11.8420876683, 20.2938229296, 15.3793617571, 13.6376890036, 16.6623380035, 18.736322352, 11.7593547472, 14.1679263848, 12.2617624855, 11.4580788187, 17.1561101354, 6.0721765044, 2.9697366338, 3.0148688039, 3.175155628, 2.5741126565, 3.4752801227, 1.6957909195, 2.1694085613, 2.4675310812, 1.9448022113, 3.3965005201, 2.9911177906, 2.4288042673],
      [1.779205625, 0.83561214243, 1.6096511463, 0.89979058311, 1.3375219569, 0.53053636658, 0.58158466794, 1.0665526097, 1.0946442877, 0.53822430953, 1.1238611437, 0.82638306597, 0.86037557452, 1.1975979686, 0.53453501957, 0.94893326735, 1.1333492182, 0.51636968618, 1.0736539889, 1.443542586, 0.94659978205, 1.2242992184, 0.98847942646, 0.53484632476, 1.9711205106, 4.9785073929, 5.7728287588, 5.5172163064, 2.2143744591, 2.368560834, 3.6153467015, 7.1437561274, 4.7579179353, 2.0828848325, 7.2609450398, 5.7726429573, 2.1175170259, 2.3717955107, 0.13674753621, 0.92227482741, 0.67921596018, 0.83223692209, 1.1384068097, 0.49567347818, 1.3618314318, 0.50087342845, 0.26859764475, 0.70627907278, 0.26797202871, 0.61755721573]
    ],
    [
      [9.6967626327, 2.637451515, 7.2778575444, 14.5087837887, 10.6540024686, 6.4392946905, 9.4344650053, 6.8603546993, 6.6128259155, 8.5996712208, 11.8050651708, 9.5456524151, 7.7929898218, 8.2356566715, 12.1763531594, 7.4155403259, 7.3420416256, 9.5503432644, 8.6574117814, 6.6828356476, 7.2970130522, 8.8507753903, 12.3995358924, 11.2949545304, 4.0738424662, 9.0291263492, 9.1372375858, 5.8118924046, 10.4338708891, 10.1639209709, 7.3224160779, 6.5527112155, 9.8661300365, 11.3403656152, 7.5240173044, 11.4243555937, 10.2597227397, 31.2985628528, 47.6423549359, 44.3409214012, 51.620269977, 51.741974702, 38.6929555936, 42.7324282892, 46.1013048421, 57.5718904688, 42.5680461914, 48.2088393439, 46.9215282675, 40.8234112843],
      [1.9062820887, 0.57326452711, 1.1568730348, 2.9540715822, 1.5386735381, 1.1042710079, 0.83515446438, 1.8875933501, 1.4700771088, 2.8154538189, 2.4273900052, 2.4687887977, 1.511282766, 1.7253086894, 1.680263022, 1.5340013126, 1.7708818837, 1.610986706, 1.9810173624, 1.5061432077, 1.3460941465, 1.9326107437, 2.3804417746, 2.1213993016, 0.84973991248, 1.7977970139, 1.699191826, 0.8264645972, 1.8389808626, 1.5858497304, 1.3121065215, 2.1201982039, 1.9060663854, 1.8652445241, 1.5324184977, 2.9662765973, 2.0994995866, 5.2595640108, 7.6138231693, 12.1828833976, 5.3287748684, 11.7618311193, 15.2049349693, 9.9242083455, 12.4057273384, 6.3351309118, 9.5861921858, 4.3901612373, 9.1341092588, 8.5554500242],
      [2.2661150381, 0.7649498466, 1.4761093699, 1.3631294014, 0.68644442627, 1.4358452653, 0.63608904436, 1.1610564783, 0.84803824623, 2.5321399916, 1.6182197723, 0.86905534541, 0.64041824326, 1.9294479138, 2.0650136998, 0.98267061997, 0.80633486884, 0.81104728055, 1.2518457236, 0.72624084896, 2.2566393949, 1.0841963773, 1.0902885411, 1.5159934719, 1.0044503812, 2.0500890588, 1.0464129571, 1.2825375749, 1.679993535, 1.2082900453, 1.2985935621, 1.2193759315, 1.1172857025, 1.7462582904, 0.83508036003, 1.4428939775, 1.607075426, 3.0001837459, 5.7438218948, 9.5737498888, 5.6393185513, 6.6854788583, 11.036702917, 6.649075471, 6.8909357682, 7.5197233952, 3.8457616228, 7.7018137361, 9.9443624737, 9.9354654484],
      [0.13084024057, 0.02433411126, 0.089160050851, 0.17401522772, 0.12087956699, 0.020589036265, 0.094291485987, 0.09099547226, 0.069058729507, 0.052734968731, 0.14932505174, 0.1165034418, 0.055309168856, 0.10958672535, 0.078370118678, 0.067787741528, 0.080741621848, 0.027622749116, 0.10972513255, 0.08478029581, 0.10025340642, 0.13241748875, 0.12973379191, 0.06765269613, 0.071967240106, 0.12298757813, 0.11715763116, 0.079105423362, 0.047154713311, 0.04193925348, 0.066883838612, 0.10771464915, 0.1105178756, 0.048131570399, 0.10848383784, 0.16647383149, 0.033702247768, 0.44168939059, 0, 0.90244531239, 0.41163660325, 0.81071532047, 1.0654065202, 0.69428789434, 0.60203205129, 0.57325522413, 0, 0.69918568268, 0, 0.68567324298]
    ]
  ],
  "prob": [
    [0.31558010637, 0.43507790341, 0.036853553951, 0.21248843627],
    [0.47700411721, 0.36405864489, 0.072773262957, 0.086163974952],
    [0.63063838793, 0.049406692236, 0.24835553527, 0.071599384571],
    [0.7319773885, 0.14585675947, 0.11401764783, 0.0081482042026]
  ],
  "iterations": 19,
  "logLik": 732.5655799955,
  "time": 0.00197,
  "message": "Converged",
  "status": 0,
  "miniter": 0,
  "maxiter": 1000,
  "maxtime": 3600,
  "param_threshold": 0.001,
  "ll_threshold": "-Inf",
  "initial_prob": "group_proportional",
  "adjust_prob_cond_method": "project_lp",
  "adjust_prob_cond_every": false
}
