{
  "X": [
    [18, 12, 18, 44, 8],
    [22, 12, 14, 37, 15],
    [18, 14, 17, 41, 10],
    [18, 15, 12, 38, 17],
    [21, 16, 18, 34, 11],
    [15, 17, 17, 40, 11],
    [16, 14, 12, 40, 18],
    [24, 5, 15, 44, 12],
    [13, 8, 19, 47, 13],
    [12, 10, 15, 49, 14],
    [13, 5, 14, 53, 15],
    [6, 12, 23, 45, 14],
    [11, 11, 13, 55, 10],
    [11, 13, 17, 46, 13],
    [8, 9, 19, 52, 12],
    [14, 11, 21, 39, 15],
    [10, 14, 16, 42, 18],
    [28, 16, 12, 24, 20],
    [26, 21, 13, 20, 20],
    [17, 19, 12, 29, 23],
    [25, 10, 14, 23, 28],
    [24, 15, 9, 29, 23],
    [23, 10, 12, 35, 20],
    [29, 13, 13, 31, 14],
    [19, 13, 17, 31, 20],
    [13, 20, 17, 32, 18],
    [11, 31, 12, 29, 17],
    [11, 29, 16, 34, 10],
    [12, 29, 14, 34, 11],
    [10, 25, 19, 36, 10],
    [17, 25, 12, 32, 14],
    [15, 24, 12, 30, 19],
    [10, 24, 14, 41, 11],
    [12, 31, 4, 35, 18],
    [13, 15, 14, 46, 12],
    [17, 20, 17, 30, 16],
    [15, 23, 8, 45, 9],
    [15, 20, 7, 42, 16],
    [12, 20, 9, 48, 11],
    [17, 23, 13, 40, 7],
    [13, 19, 18, 36, 14],
    [23, 15, 18, 28, 16],
    [21, 23, 18, 29, 9],
    [28, 22, 17, 26, 7],
    [17, 21, 22, 32, 8],
    [17, 27, 19, 29, 8],
    [24, 22, 21, 26, 7],
    [21, 24, 13, 32, 10],
    [29, 24, 17, 24, 6],
    [29, 21, 24, 20, 6]
  ],
  "W": [
    [58, 6, 10, 9, 11, 6],
    [55, 9, 10, 9, 7, 10],
    [60, 8, 11, 9, 7, 5],
    [56, 9, 10, 10, 6, 9],
    [58, 8, 5, 10, 7, 12],
    [50, 12, 12, 11, 11, 4],
    [65, 9, 7, 7, 5, 7],
    [52, 7, 12, 6, 11, 12],
    [29, 41, 7, 10, 4, 9],
    [4, 56, 9, 10, 12, 9],
    [14, 48, 10, 14, 10, 4],
    [11, 58, 7, 10, 9, 5],
    [10, 56, 5, 11, 9, 9],
    [9, 59, 7, 6, 8, 11],
    [8, 59, 6, 8, 12, 7],
    [7, 57, 13, 6, 4, 13],
    [11, 42, 22, 12, 6, 7],
    [8, 7, 67, 10, 4, 4],
    [6, 12, 59, 4, 8, 11],
    [12, 8, 54, 7, 11, 8],
    [5, 9, 64, 9, 6, 7],
    [11, 7, 53, 8, 9, 12],
    [12, 7, 62, 12, 2, 5],
    [6, 10, 66, 6, 6, 6],
    [12, 14, 44, 7, 12, 11],
    [3, 11, 9, 60, 7, 10],
    [10, 7, 6, 64, 7, 6],
    [9, 6, 14, 56, 6, 9],
    [9, 6, 9, 52, 13, 11],
    [5, 8, 9, 61, 11, 6],
    [11, 10, 11, 54, 6, 8],
    [8, 11, 11, 52, 7, 11],
    [6, 12, 4, 60, 11, 7],
    [10, 5, 6, 35, 37, 7],
    [7, 18, 5, 9, 55, 6],
    [12, 5, 11, 7, 59, 6],
    [7, 9, 9, 6, 64, 5],
    [5, 8, 8, 7, 60, 12],
    [8, 6, 8, 9, 64, 5],
    [10, 9, 6, 6, 62, 7],
    [10, 13, 9, 6, 53, 9],
    [5, 9, 8, 8, 45, 25],
    [9, 8, 6, 7, 8, 62],
    [11, 12, 6, 7, 6, 58],
    [7, 7, 9, 6, 11, 60],
    [10, 9, 9, 4, 12, 56],
    [8, 11, 3, 9, 11, 58],
    [9, 7, 6, 8, 13, 57],
    [8, 5, 11, 10, 5, 61],
    [8, 4, 8, 9, 3, 68]
  ],
  "method": "mult",
  "cond_prob": [
    [
      [0.18706858331, 0.070269840365, 0.18872672788, 0.48590897189, 0.068025876561],
      [0.030587048612, 0.023378321109, 0.23895302907, 0.63214467882, 0.074936922392],
      [0.32773544093, 0.11629871326, 0.13789862157, 0.23038163484, 0.18768558939],
      [0.069547801649, 0.32206598937, 0.16026415253, 0.35759879571, 0.090523260734],
      [0.12321743493, 0.20740135707, 0.10751251504, 0.48843091014, 0.07343778283],
      [0.28463724471, 0.24018056124, 0.26935505907, 0.1882443394, 0.017582795578]
    ],
    [
      [0.23465995048, 0.072400465494, 0.14063782387, 0.41438906091, 0.13791269925],
      [0.040843394006, 0.025393873715, 0.19227010556, 0.58453216888, 0.15696045784],
      [0.33873414423, 0.099191412269, 0.087049765889, 0.16655906062, 0.30846561699],
      [0.084528357588, 0.32053714633, 0.11819760766, 0.30271997405, 0.17401691437],
      [0.150604896, 0.20868093525, 0.079983608988, 0.4179385663, 0.14279199347],
      [0.35237812452, 0.2451914548, 0.20403273464, 0.16321717933, 0.035180506712]
    ],
    [
      [0.1910412245, 0.093010833006, 0.17739159661, 0.45282135263, 0.085734993259],
      [0.032028958328, 0.030854905582, 0.23166421523, 0.60946463568, 0.095987285185],
      [0.31450623873, 0.13940461942, 0.12251367751, 0.20324801035, 0.22032745399],
      [0.06570679699, 0.3789490011, 0.14007318714, 0.31064370711, 0.10462730766],
      [0.12084668441, 0.2533428848, 0.097384681612, 0.44020100407, 0.088224745115],
      [0.27688765475, 0.29102375157, 0.24263771466, 0.16841465014, 0.021036228882]
    ],
    [
      [0.19427838828, 0.095875113946, 0.12201152704, 0.42994867449, 0.15788629625],
      [0.033154873056, 0.032309786834, 0.16414855496, 0.59487022296, 0.17551656219],
      [0.28021866857, 0.12579850757, 0.074944987646, 0.17102275777, 0.34801507844],
      [0.064261953325, 0.37380373192, 0.093906841699, 0.28676702318, 0.18126044988],
      [0.11882043882, 0.25179222817, 0.065767114455, 0.40982550189, 0.15379471666],
      [0.29603194965, 0.31482553039, 0.1785440568, 0.170243489, 0.04035497416]
    ],
    [
      [0.23117718575, 0.10017814954, 0.1808536095, 0.37897058402, 0.10882047119],
      [0.040757380399, 0.034464658375, 0.24968822909, 0.54702765351, 0.12806207862],
      [0.34136901689, 0.13303437696, 0.11404357038, 0.1571967533, 0.25435628247],
      [0.077742233792, 0.39060635573, 0.14117822752, 0.25997381581, 0.13049936715],
      [0.14497945318, 0.26644030935, 0.10005506126, 0.3763671895, 0.11215798671],
      [0.31387838239, 0.28980270434, 0.23588327169, 0.13526605399, 0.025169587586]
    ],
    [
      [0.17097108309, 0.1117113027, 0.18218140658, 0.44230570604, 0.09283050159],
      [0.028262869436, 0.036658611761, 0.23763371211, 0.59402946887, 0.10341533782],
      [0.28074659787, 0.16128055964, 0.12487101726, 0.19681935479, 0.23628247043],
      [0.055429641842, 0.41539689724, 0.13594089993, 0.28649186008, 0.1067407009],
      [0.10537013938, 0.2864438871, 0.097329294654, 0.41821578803, 0.092640890843],
      [0.24363366106, 0.32972904516, 0.24372519455, 0.16068617117, 0.02222592807]
    ],
    [
      [0.17258728412, 0.099938636947, 0.12067368846, 0.43477353854, 0.17202685193],
      [0.028973885381, 0.033093461617, 0.15951368627, 0.59004198111, 0.18837698562],
      [0.24785124348, 0.1301829759, 0.073536400216, 0.1714691444, 0.376960236],
      [0.055650559686, 0.38020287573, 0.090296192849, 0.28157053879, 0.19227983294],
      [0.1043068788, 0.25913245293, 0.06403430993, 0.40722213326, 0.16530422508],
      [0.2678592211, 0.33396917397, 0.17908391035, 0.17456481659, 0.044522877991]
    ],
    [
      [0.23067544724, 0.02431975571, 0.14680968349, 0.4940303928, 0.10416472075],
      [0.038119216427, 0.008854880935, 0.19031157186, 0.64931672259, 0.11339760819],
      [0.37611017839, 0.042028112856, 0.10114255805, 0.2188259149, 0.2618932358],
      [0.10249145386, 0.15164726666, 0.15064784463, 0.43331608728, 0.16189734757],
      [0.16430339142, 0.087992569608, 0.091416137149, 0.53705657713, 0.11923132469],
      [0.40020283824, 0.10760410972, 0.24254501518, 0.21931438877, 0.030333648093]
    ],
    [
      [0.19313361448, 0.055352327598, 0.17112953384, 0.46283224041, 0.11755228367],
      [0.028373969408, 0.01402502294, 0.21955205477, 0.61096758124, 0.12708137164],
      [0.31041098417, 0.085513176721, 0.11460311552, 0.20085376822, 0.28861895536],
      [0.073311717038, 0.26845247132, 0.15007445783, 0.35114839405, 0.15701295975],
      [0.12976004105, 0.17134497854, 0.09949801094, 0.47310734541, 0.12628962406],
      [0.31230646784, 0.20569552163, 0.25940564913, 0.19092272196, 0.031669639434]
    ],
    [
      [0.22728157363, 0.069921077145, 0.13159413993, 0.45173636604, 0.11946684325],
      [0.038879022513, 0.021502785168, 0.17731734034, 0.62576066498, 0.136540187],
      [0.34709024435, 0.097908346643, 0.084807216834, 0.18894949476, 0.28124469741],
      [0.083772011767, 0.31140387708, 0.11290263894, 0.33618340918, 0.15573806303],
      [0.14707918107, 0.19820956343, 0.074942725419, 0.45440856454, 0.12535996554],
      [0.35412955057, 0.2380478967, 0.19469425948, 0.18168610861, 0.031442184643]
    ],
    [
      [0.22891349928, 0.031494173191, 0.12717796546, 0.49177674678, 0.12063761529],
      [0.033802691752, 0.0035301516319, 0.1664049784, 0.66423409139, 0.13202808683],
      [0.3618053372, 0.047231495318, 0.084602081292, 0.21312054145, 0.29324054475],
      [0.096968721592, 0.17122739091, 0.12619951853, 0.42373698196, 0.181867387],
      [0.15851218219, 0.10065931214, 0.077470574835, 0.52806035526, 0.13529757558],
      [0.40298612746, 0.1283856874, 0.2111374249, 0.22194061102, 0.035550149209]
    ],
    [
      [0.13034474155, 0.1019870957, 0.21417649934, 0.42642481454, 0.12706684887],
      [0.017844132938, 0.031952564487, 0.26815664168, 0.54906862726, 0.13297803363],
      [0.20833645863, 0.14932756133, 0.14391901392, 0.18610128819, 0.31231567794],
      [0.040703405678, 0.38929799016, 0.15707918137, 0.27137741763, 0.14154200516],
      [0.079569573033, 0.27393934682, 0.11528367646, 0.40531068791, 0.12589671578],
      [0.18994654162, 0.32423325097, 0.29503905808, 0.15981345478, 0.030967694549]
    ],
    [
      [0.21677602094, 0.079381031629, 0.11234891345, 0.50139251219, 0.090101521796],
      [0.034665449939, 0.024514136715, 0.14998744355, 0.68967355636, 0.10115941343],
      [0.35362686724, 0.11919513008, 0.077180635412, 0.22362389853, 0.22637346873],
      [0.077904263113, 0.34738461689, 0.094353698743, 0.36544119413, 0.11491622712],
      [0.13622141881, 0.21969098503, 0.062186949005, 0.49011372347, 0.09178692368],
      [0.3377667327, 0.27099696957, 0.16597084693, 0.20170662026, 0.023558830536]
    ],
    [
      [0.20707820972, 0.10764974718, 0.14525710097, 0.42194923158, 0.11806571055],
      [0.039505314376, 0.04367595782, 0.19711502612, 0.58450694917, 0.13519675252],
      [0.31140753362, 0.14835427575, 0.092283681063, 0.17350742538, 0.27444708419],
      [0.066829278236, 0.41611094993, 0.10876141872, 0.27399508901, 0.13430326411],
      [0.12555386683, 0.28427888223, 0.077294711692, 0.39710133848, 0.11577120077],
      [0.29274756591, 0.33135400694, 0.19508977973, 0.15283760866, 0.027971038757]
    ],
    [
      [0.1694791223, 0.072160544798, 0.171110388, 0.47833992377, 0.10891002113],
      [0.022222579017, 0.017611118115, 0.21735707248, 0.62737965573, 0.11542957466],
      [0.27958261277, 0.1096198326, 0.11872989834, 0.21576921338, 0.27629844291],
      [0.060058259891, 0.31463945619, 0.14232982739, 0.34539835766, 0.13757409886],
      [0.10811535023, 0.2042116563, 0.096831308815, 0.47767483823, 0.11316684642],
      [0.26824127158, 0.25118359315, 0.25629370067, 0.19542581737, 0.028855617222]
    ],
    [
      [0.23020782793, 0.089266754942, 0.17853855105, 0.37395362178, 0.1280332443],
      [0.048294050862, 0.036088578396, 0.24517422596, 0.52111193524, 0.14933120954],
      [0.33558304709, 0.11991705323, 0.10961254514, 0.14711088326, 0.28777647128],
      [0.079238095924, 0.36699388899, 0.14184158404, 0.25744388742, 0.15448254362],
      [0.1470366184, 0.24874154693, 0.10024798637, 0.37163288451, 0.13234096379],
      [0.32381766493, 0.27401788716, 0.23833036358, 0.13348523028, 0.030348854046]
    ],
    [
      [0.14506130382, 0.098842758211, 0.15835972031, 0.45881796369, 0.13891825397],
      [0.01967234809, 0.032003619948, 0.20078918885, 0.60002848792, 0.1475063552],
      [0.22468922799, 0.14130129083, 0.10414340469, 0.19699649724, 0.33286957926],
      [0.045843209166, 0.38169685561, 0.11809787558, 0.2970814071, 0.15728065254],
      [0.087880425353, 0.26144306543, 0.084135954434, 0.43049420207, 0.13604635272],
      [0.22250328006, 0.33013265195, 0.2302502869, 0.18142012427, 0.035693656808]
    ],
    [
      [0.22726730755, 0.094421659517, 0.15726288549, 0.41619293018, 0.10485521726],
      [0.040067172574, 0.033041909592, 0.21616810346, 0.58946990994, 0.12125290443],
      [0.34727126447, 0.13365655232, 0.10132692822, 0.17109621937, 0.24664903561],
      [0.078117219068, 0.3860337947, 0.12451183858, 0.2852369801, 0.12610016756],
      [0.143022768, 0.25842813648, 0.086545323505, 0.40558575206, 0.10641801996],
      [0.32023833731, 0.29107346451, 0.21212908027, 0.15150192047, 0.025057197439]
    ],
    [
      [0.2301246624, 0.13485876909, 0.16669992235, 0.34583328099, 0.12248336518],
      [0.043902919878, 0.051007263656, 0.24108899953, 0.5148380393, 0.14916277764],
      [0.3309667395, 0.18318067515, 0.097435591674, 0.12163253201, 0.26678446167],
      [0.069197122601, 0.47966706516, 0.11531759378, 0.20713349211, 0.12868472635],
      [0.13640568963, 0.34561257058, 0.085887159552, 0.3154752902, 0.11661929004],
      [0.29066775903, 0.37159377843, 0.20087862829, 0.11075346943, 0.026106364817]
    ],
    [
      [0.14567444781, 0.1097439876, 0.15042407647, 0.45833036863, 0.13582711948],
      [0.023446832, 0.03586497399, 0.19210847829, 0.60236984317, 0.14620987255],
      [0.22317610116, 0.15879745611, 0.098468190415, 0.19648598317, 0.32307226914],
      [0.045504680254, 0.40824074847, 0.10895116717, 0.28759890523, 0.14970449887],
      [0.08644099904, 0.28292983121, 0.078259373826, 0.42201991443, 0.1303498815],
      [0.21792984457, 0.35639704302, 0.21465621141, 0.17692779306, 0.03408910793]
    ],
    [
      [0.20903024128, 0.05790347693, 0.18051471195, 0.39824954455, 0.15430202529],
      [0.035676025796, 0.018880185991, 0.23674094344, 0.53802008465, 0.17068276012],
      [0.30908410984, 0.074656757633, 0.1097456241, 0.15400543487, 0.35250807356],
      [0.079222571883, 0.26074144518, 0.15675576396, 0.2993603974, 0.20391982157],
      [0.14095749465, 0.17020064283, 0.10620853192, 0.41499706198, 0.16763626863],
      [0.32766191667, 0.19923594133, 0.27071213426, 0.16085681935, 0.041533188387]
    ],
    [
      [0.20063429511, 0.080610804709, 0.10813310925, 0.47122293888, 0.13939885205],
      [0.033958729019, 0.026924625414, 0.14304682325, 0.64147185567, 0.15459796664],
      [0.30231521445, 0.11024230935, 0.067835776235, 0.19336089497, 0.326245805],
      [0.070539333446, 0.33920299688, 0.087756104647, 0.33117235414, 0.17132921088],
      [0.12531829343, 0.21993422972, 0.058996964318, 0.45551118612, 0.1402393264],
      [0.32003549804, 0.28241119434, 0.16507419825, 0.19409481176, 0.038384297611]
    ],
    [
      [0.17250363746, 0.052082314274, 0.13844833697, 0.53858305911, 0.098382652184],
      [0.026811364185, 0.016180009751, 0.17081309812, 0.68367204107, 0.10252348687],
      [0.29360017859, 0.080641527428, 0.10203646894, 0.26380372656, 0.25991809848],
      [0.067270867399, 0.24668757116, 0.12580018235, 0.42425196983, 0.13598940926],
      [0.11443260053, 0.15138560413, 0.079886310412, 0.54890795962, 0.10538752531],
      [0.30059002373, 0.19979107954, 0.2294584772, 0.24132567992, 0.02883473961]
    ],
    [
      [0.21764293794, 0.073914812727, 0.15388410391, 0.48563401601, 0.068924129415],
      [0.036064322221, 0.024732075481, 0.20299497634, 0.65985660203, 0.076352023929],
      [0.36407995067, 0.11521364859, 0.11200839419, 0.23080972458, 0.17788828197],
      [0.081292626967, 0.33083633711, 0.13315957297, 0.36406995865, 0.090641504298],
      [0.14146958755, 0.20950626964, 0.087629741273, 0.48905344395, 0.072340957586],
      [0.32794151985, 0.2438389869, 0.22157595182, 0.18924127429, 0.017402267138]
    ],
    [
      [0.17225346205, 0.07186169331, 0.19297554759, 0.43627007383, 0.12663922322],
      [0.027396836609, 0.022668223571, 0.244838163, 0.56981641053, 0.13528036629],
      [0.26940765074, 0.10280789265, 0.12952014572, 0.19109386064, 0.30717045025],
      [0.061405385758, 0.30854688482, 0.15920883896, 0.31197681513, 0.15886207532],
      [0.11199368255, 0.20486337606, 0.11015116801, 0.43991592173, 0.13307585164],
      [0.26560947447, 0.24350623338, 0.28376334965, 0.17421552109, 0.032905421407]
    ],
    [
      [0.21016702666, 0.059244370843, 0.17941789132, 0.40856107582, 0.14260963535],
      [0.035455343807, 0.018989802329, 0.23560876659, 0.55211172214, 0.15783436514],
      [0.31292243996, 0.080525449904, 0.1127782821, 0.16632764498, 0.32744618306],
      [0.081385150122, 0.26117131603, 0.15736744477, 0.30961927498, 0.19045681409],
      [0.14114710121, 0.17283757803, 0.10569478403, 0.42548066897, 0.15483986776],
      [0.32920494627, 0.20085080048, 0.26731351801, 0.16486178424, 0.037768951001]
    ],
    [
      [0.20616404637, 0.10093025116, 0.14393058136, 0.39946819277, 0.14950692835],
      [0.035582202573, 0.035313445826, 0.19638782961, 0.56108000818, 0.17163651381],
      [0.29519329709, 0.13200429123, 0.08689284163, 0.1561851503, 0.32972441975],
      [0.066187502524, 0.39353498807, 0.10825983205, 0.25908471966, 0.17293295769],
      [0.12634375506, 0.2675012622, 0.077433394705, 0.38044391591, 0.14827767213],
      [0.29961964814, 0.31545492473, 0.19899321921, 0.14935294058, 0.036579267351]
    ],
    [
      [0.16164768486, 0.09552458552, 0.18437803652, 0.47903729439, 0.079412398707],
      [0.025597255048, 0.031094752284, 0.23361046143, 0.62475351965, 0.084944011584],
      [0.27796103855, 0.1508856729, 0.13402953622, 0.22590088524, 0.21122286709],
      [0.049199775802, 0.3853033807, 0.1452836904, 0.3279907645, 0.092222388594],
      [0.10052633477, 0.25658482953, 0.1006196614, 0.46223572232, 0.080033451978],
      [0.23797636808, 0.3027569444, 0.25810186273, 0.18184818814, 0.019316636639]
    ],
    [
      [0.18266738977, 0.095403017241, 0.16204310291, 0.46462964814, 0.095256841944],
      [0.029988023883, 0.031827203178, 0.21097496223, 0.62266038892, 0.10454942178],
      [0.29809691615, 0.14263397345, 0.11162111909, 0.20742807724, 0.24021991407],
      [0.058948857775, 0.38453728552, 0.12738424721, 0.31653090723, 0.11259870226],
      [0.11286091382, 0.25632068966, 0.088197466391, 0.44718556299, 0.095435367141],
      [0.2691509654, 0.30350873201, 0.22732948277, 0.17659078575, 0.023420034063]
    ],
    [
      [0.16901376227, 0.074884623796, 0.21548087538, 0.46206357098, 0.078557167575],
      [0.026604368309, 0.023752050554, 0.27030307961, 0.59645290677, 0.082887594751],
      [0.29315889404, 0.11917879187, 0.1578643397, 0.21956945631, 0.21022851807],
      [0.058593959917, 0.32071539981, 0.18255784775, 0.33942702824, 0.098705764279],
      [0.1102368774, 0.21301391377, 0.12398582631, 0.46974970695, 0.083013675556],
      [0.25280483157, 0.24269315162, 0.30658652114, 0.17827304745, 0.019642448225]
    ],
    [
      [0.26173796875, 0.082602188245, 0.13113855822, 0.41247082208, 0.11205046271],
      [0.048012499821, 0.029671717758, 0.18598279367, 0.60255554905, 0.1337774397],
      [0.38546034777, 0.11202292254, 0.081680312301, 0.16594440652, 0.25489201087],
      [0.099421800422, 0.35363867632, 0.1094387895, 0.29473157205, 0.14276916171],
      [0.16782288635, 0.23098364269, 0.073827342597, 0.41116376952, 0.11620235884],
      [0.37812237241, 0.26000202831, 0.18081322489, 0.15367368585, 0.027388688539]
    ],
    [
      [0.22940313267, 0.08061421976, 0.13144372258, 0.39969027583, 0.15884864916],
      [0.04072417314, 0.028078865355, 0.18086179969, 0.56613773348, 0.18419742833],
      [0.32178170939, 0.10390197747, 0.077783780888, 0.15282990604, 0.34370262622],
      [0.083250574007, 0.33503599534, 0.10580687221, 0.27731100439, 0.19859555405],
      [0.1459782511, 0.22305106055, 0.07327886068, 0.39444141032, 0.16325041735],
      [0.34784842043, 0.26546070811, 0.18985813212, 0.15568833253, 0.041144406808]
    ],
    [
      [0.18454400023, 0.072733993082, 0.15194714945, 0.498896651, 0.091878206238],
      [0.029527558053, 0.022964320566, 0.19383251037, 0.65503681549, 0.098638795519],
      [0.31100269116, 0.11267150006, 0.10789084028, 0.22976880344, 0.23866616506],
      [0.065789912491, 0.3141657387, 0.12976946882, 0.37210208885, 0.11817279113],
      [0.11813471093, 0.20325284927, 0.085696074797, 0.49754848801, 0.095367876989],
      [0.2925025668, 0.25023036149, 0.22884838079, 0.20399205645, 0.024426634462]
    ],
    [
      [0.19629144485, 0.11749106023, 0.054469345927, 0.45763446549, 0.17411368351],
      [0.034058751943, 0.041343039962, 0.075143576565, 0.64812369583, 0.2013309357],
      [0.27292059281, 0.14883961518, 0.03190453625, 0.17375058712, 0.37258466864],
      [0.058007645829, 0.43119455579, 0.03831798225, 0.28188274057, 0.19059707556],
      [0.11016150029, 0.29483624094, 0.026635186662, 0.40544659435, 0.16292047777],
      [0.3032893029, 0.38922659134, 0.080218593597, 0.18187334751, 0.045392164647]
    ],
    [
      [0.19502965078, 0.063224584566, 0.16922176902, 0.46455546795, 0.10796852769],
      [0.031317051138, 0.019609013561, 0.21778918346, 0.61443995525, 0.11684479659],
      [0.31509108602, 0.094198601116, 0.11537080639, 0.20579572074, 0.26954378573],
      [0.073041413627, 0.28489597986, 0.14752890436, 0.35152501415, 0.143008688],
      [0.12705651149, 0.17925720601, 0.099319791905, 0.47920318677, 0.11516330381],
      [0.30835820652, 0.2183770848, 0.25467326476, 0.18988558769, 0.028705856229]
    ],
    [
      [0.21453920262, 0.081906557026, 0.23136521358, 0.33359494298, 0.13859408379],
      [0.037122269806, 0.028143309463, 0.31253656326, 0.46466063249, 0.15753722498],
      [0.30916691938, 0.10892321251, 0.14122961116, 0.13156211465, 0.3091181423],
      [0.07449812313, 0.3388802684, 0.18548811482, 0.23229618743, 0.16883730622],
      [0.14476804737, 0.23428390101, 0.135216591, 0.3370409237, 0.14869053692],
      [0.29604674162, 0.2472228987, 0.3052022042, 0.11914774173, 0.032380413757]
    ],
    [
      [0.21043657824, 0.09770900702, 0.11265360753, 0.49799919351, 0.081201613694],
      [0.035711374438, 0.0336297097, 0.15136639192, 0.68750301434, 0.091789509611],
      [0.34487271916, 0.14722522101, 0.077923479564, 0.22402459121, 0.20595398906],
      [0.071943957791, 0.39775511976, 0.089373124339, 0.34293144693, 0.097996351178],
      [0.1266340248, 0.26133728787, 0.059563166722, 0.47336366186, 0.079101858742],
      [0.31308915517, 0.3152450864, 0.15990689754, 0.19147883098, 0.020280029908]
    ],
    [
      [0.19536059152, 0.079508121049, 0.091380915084, 0.48176338424, 0.1519869881],
      [0.032420288491, 0.026472699425, 0.12029483025, 0.65222657919, 0.16858560264],
      [0.28950960444, 0.10841800496, 0.057119298504, 0.1962628771, 0.348690215],
      [0.068134759049, 0.33149001807, 0.07399612211, 0.33902350749, 0.18735559328],
      [0.11841854749, 0.21297743086, 0.048011589354, 0.4659627564, 0.1546296759],
      [0.32214181135, 0.28535481515, 0.14375951488, 0.20602812433, 0.042715734294]
    ],
    [
      [0.16516302059, 0.079534360211, 0.12658071522, 0.53031769868, 0.098404205297],
      [0.026187165309, 0.0254105626, 0.15924762038, 0.6849638878, 0.10419076391],
      [0.28018995906, 0.12403384329, 0.090593069593, 0.2469467871, 0.25823634095],
      [0.058288614639, 0.33613618075, 0.10401353561, 0.37856643725, 0.12299523176],
      [0.10009592904, 0.21535530571, 0.068518345272, 0.51790827131, 0.098122148679],
      [0.26986323615, 0.2822051609, 0.19716561625, 0.22377469764, 0.026991289054]
    ],
    [
      [0.23419024258, 0.096066264578, 0.17316546589, 0.43133331539, 0.065244711566],
      [0.041174836846, 0.033837267494, 0.23849760742, 0.61080443646, 0.075685851781],
      [0.38065854091, 0.1434301941, 0.11897769604, 0.19240155572, 0.16453201324],
      [0.081527894634, 0.39700377029, 0.13958932666, 0.30180713825, 0.080071870166],
      [0.14950643753, 0.2660380163, 0.096555385941, 0.42186941561, 0.066030744622],
      [0.32071518607, 0.28540587855, 0.22629011568, 0.15261014094, 0.014978678757]
    ],
    [
      [0.172364956, 0.083061291696, 0.22423432042, 0.39335011693, 0.12698931496],
      [0.028220555462, 0.0269373987, 0.28806173179, 0.51945552943, 0.13732478461],
      [0.26588322735, 0.11803598152, 0.14634302112, 0.16644078491, 0.3032969851],
      [0.059000875437, 0.3395432516, 0.17772085605, 0.27062869305, 0.15310632387],
      [0.11160366469, 0.23317877243, 0.12909472268, 0.39370791298, 0.13241492723],
      [0.24972607686, 0.26234917978, 0.30971351712, 0.14725759309, 0.030953633157]
    ],
    [
      [0.25370476802, 0.055716266016, 0.19431712896, 0.33602530604, 0.16023653096],
      [0.046323965272, 0.019279038605, 0.26916474126, 0.47834820555, 0.18688404931],
      [0.348869358, 0.070444694094, 0.11337034647, 0.12553203103, 0.34178357041],
      [0.098457054412, 0.25471208296, 0.17273572471, 0.2578315408, 0.21626359711],
      [0.18312129398, 0.16578425726, 0.12021352662, 0.35198762422, 0.17889329792],
      [0.37981963776, 0.17945446117, 0.27629897666, 0.12433551821, 0.040091406205]
    ],
    [
      [0.16795886347, 0.080509251046, 0.14151429961, 0.4747329374, 0.13528464847],
      [0.02690166926, 0.025816389875, 0.18000994281, 0.62223207241, 0.14503992564],
      [0.26105241253, 0.11557342342, 0.09318773758, 0.20218846759, 0.32799795888],
      [0.058105419224, 0.33312307262, 0.11365290145, 0.33001513746, 0.16510346924],
      [0.10514758025, 0.21977802664, 0.07766049376, 0.46061615358, 0.13679774576],
      [0.26546651327, 0.2787961187, 0.2146824367, 0.20228033851, 0.038774592815]
    ],
    [
      [0.24797008213, 0.087312995507, 0.14106490986, 0.41893189682, 0.10472011568],
      [0.045382749603, 0.031561203392, 0.19667977221, 0.60312153331, 0.12325474149],
      [0.37093956185, 0.12026341018, 0.089835567165, 0.17226713419, 0.24669432662],
      [0.088556963996, 0.36584394739, 0.11596431692, 0.29835628975, 0.13127848195],
      [0.15815286071, 0.24019847442, 0.078902105605, 0.41466004814, 0.10808651113],
      [0.36091866928, 0.27477833913, 0.19420607707, 0.14731437264, 0.022782541889]
    ],
    [
      [0.13115494601, 0.071647778719, 0.17329308642, 0.51602244096, 0.10788174789],
      [0.019656404744, 0.021621624668, 0.20867278051, 0.64050464556, 0.10954454452],
      [0.22572417949, 0.11377874301, 0.12629575353, 0.24437365473, 0.28982766924],
      [0.046576129843, 0.30539389897, 0.14320802094, 0.36925991328, 0.13556203697],
      [0.083069151153, 0.19886825022, 0.096585361172, 0.51039394971, 0.11108328775],
      [0.21199309146, 0.25505318905, 0.27113150085, 0.23125090959, 0.030571309047]
    ],
    [
      [0.14519636006, 0.1061742972, 0.16343191654, 0.47362056907, 0.11157685713],
      [0.023206608594, 0.034322812949, 0.2065131541, 0.61698696858, 0.11897045578],
      [0.23548117505, 0.15854157755, 0.11238316098, 0.21071146555, 0.28288262086],
      [0.046512716527, 0.40283159604, 0.12107334913, 0.30364866907, 0.12593366923],
      [0.08717387967, 0.27694215371, 0.086204558777, 0.44139987004, 0.1082795378],
      [0.21406623079, 0.3440686658, 0.23172974816, 0.18398420152, 0.026151153721]
    ],
    [
      [0.21842210069, 0.081864047808, 0.17611673753, 0.41318588433, 0.11041122965],
      [0.038174942575, 0.028265964102, 0.23648488047, 0.57207592099, 0.12499829186],
      [0.33299762906, 0.11506469334, 0.114085184, 0.17318151184, 0.26467098175],
      [0.078144401647, 0.34464082848, 0.14498494864, 0.29400013746, 0.13822968377],
      [0.14171485641, 0.22941500617, 0.1000879333, 0.41360505878, 0.11517714534],
      [0.32019901558, 0.25971785187, 0.24554560446, 0.14976683405, 0.024770694043]
    ],
    [
      [0.17186465922, 0.08259542796, 0.10518464542, 0.49981156774, 0.14054369966],
      [0.027496560203, 0.026620411739, 0.13495618078, 0.65931227335, 0.15161457393],
      [0.26536129489, 0.11777107791, 0.068675062917, 0.21132005863, 0.33687250566],
      [0.058804815484, 0.34073740011, 0.083986217536, 0.34594443165, 0.17052713522],
      [0.10493202911, 0.22152108564, 0.056330519253, 0.47724210907, 0.13997425693],
      [0.27778981533, 0.29399997341, 0.16302470277, 0.22187520621, 0.043310302277]
    ],
    [
      [0.23870136776, 0.087651317941, 0.14444401711, 0.44505662844, 0.084146668739],
      [0.042181756835, 0.030756053015, 0.19816562667, 0.63122206393, 0.097674499552],
      [0.37622173427, 0.12747587597, 0.096855705415, 0.19172649143, 0.20772019292],
      [0.085859213981, 0.37070012033, 0.11955396915, 0.31806994562, 0.10581675092],
      [0.15208778191, 0.24150323782, 0.080650586163, 0.43910717914, 0.086651214965],
      [0.34626246143, 0.27587306825, 0.19982646472, 0.16062639172, 0.017411613872]
    ],
    [
      [0.23392969173, 0.075165284135, 0.19838090375, 0.39391131004, 0.098612810344],
      [0.04077392699, 0.025980554735, 0.26857331256, 0.55166921025, 0.11300299546],
      [0.35958344629, 0.10665149132, 0.12971405948, 0.16570411182, 0.23834689109],
      [0.086541517971, 0.32731558107, 0.16885529008, 0.28959625994, 0.12769135093],
      [0.15554868679, 0.21656421683, 0.11562772212, 0.406113407, 0.10614596725],
      [0.33593058038, 0.23302956908, 0.27109362157, 0.13958372388, 0.020362505095]
    ]
  ],
  "expected_outcome": [
    [
      [10.8499778317, 12.9062972761, 11.4624734698, 10.8795897438, 13.4082767735, 8.5485541546, 11.2181734677, 11.9951232567, 5.6008748199, 0.90912629454, 3.2047889899, 1.433792157, 2.1677602094, 1.8637038875, 1.3558329784, 1.6114547955, 1.595674342, 1.8181384604, 1.3807479744, 1.7480933737, 1.0451512064, 2.2069772462, 2.0700436495, 1.3058576277, 2.0670415446, 0.63050107999, 2.0616404637, 1.4548291637, 1.644006508, 0.84506881137, 2.8791176562, 1.8352250614, 1.1072640014, 1.9629144485, 1.3652075554, 2.5744704314, 1.4730560477, 0.97680295761, 1.3213041647, 2.3419024258, 1.72364956, 1.2685238401, 1.5116297713, 2.7276709035, 0.91808462204, 1.4519636006, 1.7473768055, 1.5467819329, 1.9096109421, 1.8714375338],
      [4.0756507412, 3.9820256022, 5.5806499804, 5.369006381, 5.8103326734, 5.5855651348, 6.4960114015, 1.2646272969, 1.6052175003, 0.27968430858, 0.44091842468, 1.1218580527, 0.79381031629, 0.96884772464, 0.57728435839, 0.6248672846, 1.0872703403, 0.75537327614, 0.80915261452, 1.3169278512, 0.28951738465, 0.8867188518, 0.62498777129, 0.44348887636, 0.86234031972, 0.17773311253, 1.0093025116, 0.85972126968, 0.85862715517, 0.37442311898, 0.9086240707, 0.64491375808, 0.43640395849, 1.1749106023, 0.44257209196, 0.98287868431, 0.68396304914, 0.39754060525, 0.63627488169, 0.96066264578, 0.83061291696, 0.27858133008, 0.72458325941, 0.96044295057, 0.50153445104, 1.061742972, 0.65491238247, 0.74335885164, 0.70121054353, 0.60132227308],
      [10.9461502172, 7.7350803129, 10.6434957967, 6.832645514, 10.4895093511, 9.1090703289, 7.84378975, 7.6341035417, 4.9627564813, 0.52637655974, 1.7804915164, 2.3559414927, 1.1234891345, 1.3073139087, 1.368883104, 1.2497698573, 1.7419569234, 1.2581030839, 1.0001995341, 1.8050889177, 0.90257355975, 1.1894642018, 1.6613800437, 0.92330462344, 2.3157065711, 0.53825367396, 1.4393058136, 1.6594023287, 1.4583879262, 1.0774043769, 1.4425241404, 1.0515497806, 0.9116828967, 0.54469345927, 1.1845523831, 2.776382563, 0.78857525272, 0.45690457542, 1.0126457218, 1.7316546589, 2.2423432042, 0.97158564482, 1.2736286965, 1.5517140085, 1.2130516049, 1.6343191654, 1.4089339002, 0.94666180876, 1.1555521369, 1.58704723],
      [28.1827203694, 22.79139835, 27.1692811576, 24.0771257715, 21.9802938729, 22.1152853022, 28.2602800052, 25.6895804258, 13.4221349719, 1.8069454642, 6.8848744549, 4.6906729599, 5.0139251219, 3.7975430842, 3.8267193902, 2.6176753525, 5.0469976006, 3.3295434415, 2.0749996859, 5.4999644236, 1.9912477228, 5.1834523277, 6.4629967093, 2.913804096, 5.2352408859, 1.2256832275, 3.9946819277, 4.3113356496, 4.1816668332, 2.3103178549, 4.5371790429, 3.1975222067, 2.993379906, 4.5763446549, 3.2518882757, 4.0031393158, 3.4859943546, 2.4088169212, 4.2425415894, 4.3133331539, 3.9335011693, 1.6801265302, 4.2725964366, 4.608250865, 3.6121570867, 4.7362056907, 3.3054870746, 4.4983041097, 3.5604530275, 3.1512904803],
      [3.9455008405, 7.5851984588, 5.1440995955, 8.8416325898, 6.3115873291, 4.6415250795, 11.1817453755, 5.4165654789, 3.4090162266, 0.47786737299, 1.6889266141, 1.3977353376, 0.90101521796, 1.062591395, 0.87128016902, 0.89623271012, 1.5281007937, 0.83884173805, 0.73490019107, 1.6299254338, 0.77151012646, 1.5333873725, 1.1805918262, 0.41354477649, 1.5196706787, 0.42782890605, 1.4950692835, 0.71471158837, 0.85731157749, 0.39278583788, 1.2325550898, 1.2707891933, 0.55126923743, 1.7411368351, 0.7557796938, 1.6631290055, 0.56841129586, 0.75993494051, 0.78723364237, 0.65244711566, 1.2698931496, 0.80118265482, 1.2175618362, 1.1519212725, 0.75517223525, 1.1157685713, 0.88328983717, 1.264893297, 0.67317334991, 0.78890248275]
    ],
    [
      [0.18352229167, 0.36759054605, 0.25623166662, 0.2983938575, 0.32605904319, 0.33915443323, 0.26076496843, 0.26683451499, 1.1633327457, 2.1772252608, 1.6225292041, 1.0349597104, 1.9412651966, 2.3308135482, 1.311132162, 2.7527608991, 0.8262386198, 0.28047020802, 0.52683503854, 0.187574656, 0.32108423217, 0.23771110313, 0.1876795493, 0.36064322221, 0.38355571252, 0.39000878188, 0.24907541801, 0.15358353029, 0.1799281433, 0.21283494647, 0.48012499821, 0.44796590453, 0.35433069663, 0.17029375971, 0.56370692049, 0.18561134903, 0.32140236994, 0.25936230793, 0.15712299185, 0.37057353162, 0.36686722101, 0.41691568744, 0.21521335408, 0.54459299523, 0.13759483321, 0.20885947735, 0.41992436832, 0.19247592142, 0.21090878417, 0.16309570796],
      [0.14026992665, 0.22854486344, 0.24683924465, 0.2907880815, 0.275717267, 0.43990334114, 0.29784115455, 0.061984166545, 0.57502594055, 1.2041559694, 0.16944727833, 1.8532487402, 1.3727916561, 2.5768815114, 1.0390559688, 2.0570489686, 1.3441520378, 0.23129336715, 0.61208716387, 0.28691979192, 0.16992167391, 0.1884723779, 0.11326006825, 0.24732075481, 0.31735513, 0.20888782561, 0.24719412078, 0.1865685137, 0.19096321907, 0.19001640443, 0.29671717758, 0.30886751891, 0.27557184679, 0.20671519981, 0.3529622441, 0.14071654732, 0.3026673873, 0.2117815954, 0.1524633756, 0.30453540745, 0.3501861831, 0.17351134745, 0.206531119, 0.3787344407, 0.15135137267, 0.30890531654, 0.31092560512, 0.18634288218, 0.15378026508, 0.10392221894],
      [1.4337181744, 1.73043095, 1.8533137218, 1.4773369946, 1.9975058327, 2.8516045453, 1.4356231765, 1.332181003, 9.0016342458, 9.929771059, 7.9874389632, 15.5530852176, 8.3992968388, 11.629786541, 12.8240672764, 13.9749308797, 8.4331459316, 1.5131767242, 2.8930679943, 1.5368678263, 2.130668491, 1.0013277628, 1.1956916868, 2.0299497634, 3.427734282, 2.5916964325, 1.3747148073, 1.4016627686, 1.2658497734, 2.1624246369, 1.8598279367, 1.9894797966, 2.3259901245, 0.37571788283, 3.9202053024, 1.5626828163, 1.3622975272, 0.962358642, 0.95548572226, 2.1464784668, 3.7448025133, 2.4224826714, 1.4400795425, 2.3601572665, 1.4607094636, 1.8586183869, 2.6013336852, 0.94469326549, 0.99082813336, 1.0742932503],
      [3.7928680729, 5.2607895199, 4.8757170854, 5.3538320067, 4.3762212281, 7.1283536265, 5.31037783, 4.5452170581, 25.0496708308, 35.0425972391, 31.8832363865, 31.8459803813, 38.6217191564, 34.485910001, 37.0153996878, 29.7033803089, 25.2011964926, 4.1262893696, 6.1780564715, 4.8189587453, 4.8421807619, 4.4903029897, 4.7857042875, 6.5985660203, 7.9774297474, 6.0732289435, 3.9275600573, 3.7485211179, 3.7359623335, 4.7716232542, 6.0255554905, 6.2275150683, 7.8604417859, 3.2406184791, 11.0599191945, 2.3233031625, 6.187527129, 5.2178126336, 4.1097833268, 5.4972399281, 6.7529218826, 4.30513385, 4.9778565793, 7.2374583997, 4.4835325189, 5.5528827173, 6.2928351309, 4.6151859134, 3.1561103196, 2.206676841],
      [0.44962153435, 1.4126441206, 0.76789828148, 1.5796490597, 1.024496629, 1.2409840538, 1.6953928706, 0.79378325732, 5.2103362372, 7.6462504717, 6.3373481678, 7.7127259504, 5.6649271521, 7.9766083985, 6.810344905, 8.5118789437, 6.1952669182, 0.84877033103, 1.7899533317, 1.1696789804, 1.5361448411, 1.0821857665, 0.71766440812, 0.76352023929, 1.8939251281, 1.7361780165, 1.2014555967, 0.50966406951, 0.6272965307, 0.66310075801, 1.337774397, 2.0261717116, 1.1836655462, 1.0066546785, 2.1032063385, 0.78768612489, 0.8261055865, 1.3486848211, 0.62514458349, 0.68117266603, 1.7852222, 1.6819564438, 1.1603194051, 1.4790568978, 0.76681181164, 1.070734102, 1.3749812104, 1.0613020175, 0.48837249776, 0.45201198183]
    ],
    [
      [3.2773544093, 3.3873414423, 3.459568626, 2.8021866857, 1.7068450844, 3.3689591745, 1.7349587044, 4.5133221407, 2.1728768892, 3.1238121991, 3.618053372, 1.4583552104, 1.7681343362, 2.1798527353, 1.6774956766, 4.3625796121, 4.9431630157, 23.2671747197, 19.5270376303, 12.0515094625, 19.7813830299, 16.0227063657, 18.2032110727, 24.0292767439, 11.8539366328, 2.8163019596, 1.7711597825, 3.8914545397, 2.6828722454, 2.6384300464, 4.2400638254, 3.5395988033, 1.2440107646, 1.6375235569, 1.5754554301, 3.4008361132, 3.1038544725, 2.3160768355, 2.2415196725, 2.2839512455, 2.3929490462, 2.790954864, 1.5663144752, 2.2256373711, 2.0315176154, 2.1193305755, 0.99899288719, 1.5921677693, 4.1384390769, 2.8766675703],
      [1.1629871326, 0.99191412269, 1.5334508136, 1.2579850757, 0.66517188481, 1.9353667157, 0.91128083131, 0.50433735427, 0.59859223704, 0.88117511978, 0.47231495318, 1.0452929293, 0.59597565041, 1.0384799302, 0.65771899562, 1.558921692, 3.1086283982, 8.9549890058, 10.8076598336, 8.5750626301, 4.7780324885, 5.8428423956, 4.9997747005, 7.604100807, 4.5235472766, 0.72472904914, 0.7920257474, 2.1123994206, 1.283705761, 1.0726091268, 1.2322521479, 1.1429217522, 0.45068600024, 0.89303769108, 0.47099300558, 1.1981553376, 1.3250269891, 0.86734403969, 0.99227074635, 0.86058116458, 1.0623238337, 0.56355755275, 0.69344054053, 0.72158046111, 1.0240086871, 1.426874198, 0.34519408003, 0.70662646748, 1.4022346356, 0.85321193054],
      [1.3789862157, 0.87049765889, 1.3476504526, 0.74944987646, 0.57021785188, 1.4984522071, 0.51475480151, 1.2137106967, 0.80222180867, 0.76326495151, 0.84602081292, 1.0074330974, 0.38590317706, 0.64598576744, 0.71237939002, 1.4249630868, 2.2911549032, 6.788904191, 5.7486999088, 5.3172822824, 7.0237199423, 3.5952961404, 6.3262610744, 7.3925540168, 5.6988864119, 1.0150045389, 0.52135704978, 1.8764135071, 1.0045900718, 1.4207790573, 0.89848343532, 0.85562158977, 0.43156336112, 0.1914272175, 0.57685403193, 1.5535257227, 0.70131131608, 0.45695438803, 0.72474455674, 0.71386617625, 1.3170871901, 0.90696277178, 0.55912642548, 0.53901340299, 1.1366617818, 1.0114484488, 0.34225555201, 0.4120503775, 1.0654127596, 1.0377124758],
      [2.3038163484, 1.6655906062, 2.2357281139, 1.7102275777, 0.7859837665, 2.3618322575, 1.2002840108, 2.6259109788, 1.4059763776, 1.7005454529, 2.1312054145, 1.3027090173, 1.1181194927, 1.2145519777, 1.2946152803, 1.9124414824, 4.3339229393, 11.4634466979, 7.1763193888, 10.6102430913, 9.8563478314, 10.2481274332, 16.3558310465, 15.2334418223, 8.408129868, 1.4969488048, 0.93711090181, 3.1626123933, 1.8668526952, 1.9761251068, 1.8253884717, 1.6811289664, 0.91907521375, 1.0425035227, 1.0289786037, 1.4471832611, 2.0162213209, 1.5701030168, 1.9755742968, 1.1544093343, 1.4979670642, 1.0042562482, 1.2131308056, 1.0336028051, 2.1993628926, 1.89640319, 0.51954453551, 1.2679203518, 2.1089914057, 1.3256328946],
      [1.8768558939, 3.0846561699, 2.4236019939, 3.4801507844, 1.2717814124, 2.8353896452, 2.638721652, 3.1427188296, 2.0203326875, 2.5312022767, 2.9324054475, 2.1862097456, 1.1318673437, 1.9211295893, 1.6577906574, 3.7410941266, 7.3231307436, 16.5254853857, 15.7402832386, 17.4459025337, 22.5605167078, 17.291027665, 16.1149221059, 11.7406266101, 13.5154998108, 2.9470156475, 1.9783465185, 2.9571201392, 2.1619792266, 1.8920566626, 2.8038121196, 3.7807288884, 0.95466466025, 2.2355080118, 1.3477189287, 3.4002995653, 1.8535859015, 2.78952172, 2.0658907276, 0.98719207942, 2.7296728659, 2.7342685633, 1.9679877533, 1.4801659597, 2.6084490232, 2.5459435878, 0.79401294526, 2.0212350339, 2.2849221221, 1.9067751288]
    ],
    [
