{
  "X": [
    [1, 28, 1],
    [8, 109, 2],
    [309, 173, 29],
    [158, 168, 26],
    [240, 139, 27],
    [10, 165, 9],
    [62, 123, 13],
    [5, 103, 13],
    [109, 55, 14],
    [344, 132, 43],
    [161, 78, 27],
    [53, 12, 11],
    [170, 296, 37],
    [75, 134, 20],
    [15, 75, 2],
    [75, 131, 11],
    [408, 161, 59],
    [291, 202, 54],
    [58, 209, 16],
    [101, 223, 17],
    [43, 111, 8],
    [107, 310, 30],
    [197, 495, 36],
    [53, 189, 14],
    [77, 235, 10],
    [104, 521, 31],
    [35, 109, 10],
    [73, 92, 4],
    [18, 67, 6],
    [53, 290, 24],
    [112, 248, 27],
    [16, 164, 6],
    [37, 67, 2],
    [2, 23, 0],
    [11, 94, 3],
    [131, 180, 22],
    [21, 112, 7],
    [72, 238, 16],
    [43, 54, 14],
    [13, 40, 3],
    [111, 99, 21],
    [7, 100, 1],
    [10, 78, 3],
    [98, 72, 20],
    [35, 47, 7],
    [366, 382, 48],
    [271, 204, 31],
    [129, 207, 36],
    [82, 191, 27],
    [255, 578, 64],
    [115, 282, 28],
    [367, 201, 65],
    [12, 83, 4],
    [5, 6, 2],
    [54, 90, 10],
    [32, 118, 9],
    [130, 304, 29],
    [142, 273, 17],
    [410, 255, 42],
    [272, 264, 32],
    [396, 218, 60],
    [183, 133, 24],
    [361, 519, 31],
    [267, 287, 47],
    [229, 183, 23],
    [397, 322, 55],
    [166, 118, 16],
    [310, 215, 45],
    [5, 71, 5],
    [3, 1, 0],
    [3995, 5121, 577],
    [349, 408, 66],
    [603, 735, 126],
    [106, 129, 17]
  ],
  "W": [
    [2, 1, 1, 24, 2, 0],
    [3, 3, 3, 102, 7, 1],
    [26, 48, 196, 154, 70, 17],
    [15, 45, 86, 144, 51, 11],
    [22, 33, 149, 140, 51, 11],
    [7, 1, 6, 155, 12, 3],
    [11, 20, 28, 109, 22, 8],
    [4, 3, 5, 96, 8, 5],
    [4, 21, 55, 44, 43, 11],
    [19, 41, 232, 119, 83, 25],
    [13, 19, 107, 68, 43, 16],
    [2, 4, 38, 10, 17, 5],
    [27, 30, 132, 232, 66, 16],
    [13, 9, 52, 113, 35, 7],
    [4, 3, 8, 67, 5, 5],
    [10, 16, 33, 123, 28, 7],
    [51, 49, 272, 137, 93, 26],
    [57, 45, 179, 159, 85, 22],
    [10, 10, 50, 181, 26, 6],
    [14, 29, 70, 187, 33, 8],
    [6, 7, 34, 94, 18, 3],
    [15, 30, 81, 257, 49, 15],
    [36, 35, 155, 382, 102, 18],
    [9, 15, 48, 144, 32, 8],
    [9, 18, 63, 200, 27, 5],
    [29, 15, 70, 462, 66, 14],
    [4, 5, 24, 100, 19, 2],
    [11, 16, 32, 91, 16, 3],
    [2, 6, 10, 61, 12, 0],
    [27, 12, 35, 252, 29, 12],
    [5, 19, 85, 216, 56, 6],
    [5, 4, 9, 147, 15, 6],
    [8, 5, 14, 58, 18, 3],
    [0, 1, 0, 20, 3, 1],
    [8, 2, 10, 76, 12, 0],
    [16, 25, 71, 174, 36, 11],
    [18, 2, 13, 90, 13, 4],
    [20, 16, 63, 183, 40, 4],
    [9, 5, 19, 55, 19, 4],
    [0, 4, 9, 38, 5, 0],
    [8, 15, 83, 82, 33, 10],
    [0, 1, 4, 98, 5, 0],
    [1, 0, 13, 73, 2, 2],
    [7, 22, 44, 77, 34, 6],
    [0, 9, 12, 60, 7, 1],
    [57, 45, 205, 371, 100, 18],
    [28, 35, 177, 195, 44, 27],
    [20, 24, 85, 174, 56, 13],
    [11, 13, 64, 174, 30, 8],
    [26, 39, 188, 484, 123, 37],
    [18, 24, 82, 245, 47, 9],
    [39, 46, 237, 193, 93, 25],
    [2, 0, 6, 81, 5, 5],
    [1, 3, 3, 5, 0, 1],
    [7, 12, 27, 80, 20, 8],
    [7, 5, 20, 106, 15, 6],
    [26, 20, 84, 254, 68, 11],
    [22, 29, 65, 270, 33, 13],
    [32, 66, 259, 238, 84, 28],
    [39, 59, 136, 250, 64, 20],
    [36, 46, 266, 208, 90, 28],
    [20, 23, 121, 120, 42, 14],
    [49, 93, 177, 502, 75, 15],
    [30, 46, 160, 257, 90, 18],
    [17, 67, 116, 182, 40, 13],
    [51, 74, 241, 295, 96, 17],
    [12, 31, 94, 124, 38, 1],
    [28, 49, 192, 201, 73, 27],
    [3, 0, 8, 60, 9, 1],
    [0, 0, 1, 0, 3, 0],
    [497, 634, 2491, 4631, 1159, 281],
    [31, 91, 222, 355, 79, 45],
    [72, 162, 407, 593, 157, 73],
    [11, 61, 38, 107, 9, 26]
  ],
  "method": "mcmc",
  "mcmc_stepsize": 3000,
  "mcmc_samples": 1000,
  "burn_in": 10000,
  "cond_prob": [
    [
      [0.043731754969, 0.92578329849, 0.030484946544],
      [0.044105862241, 0.91864269641, 0.03725144135],
      [0.050225869195, 0.91057481351, 0.039199317294],
      [0.031183407342, 0.93658855801, 0.032228034651],
      [0.034901491203, 0.92054525047, 0.044553258328],
      [0, 0, 0]
    ],
    [
      [0.054528675717, 0.94242857783, 0.0030427464548],
      [0.054985827014, 0.94042059045, 0.0045935825371],
      [0.027801263482, 0.96589699205, 0.006301744473],
      [0.070354242887, 0.91106854069, 0.018577216422],
      [0.054395462791, 0.93724497185, 0.0083595653616],
      [0.031151687364, 0.96405556558, 0.0047927470524]
    ],
    [
      [0.6538460755, 0.30769228474, 0.038461639758],
      [0.6041666807, 0.35416666453, 0.041666654775],
      [0.60204091228, 0.34183664783, 0.056122439894],
      [0.60389600948, 0.3441559396, 0.05194805092],
      [0.59999998966, 0.32857143922, 0.071428571121],
      [0.58823516597, 0.29411778122, 0.11764705281]
    ],
    [
      [0.46682169929, 0.46644636377, 0.066731936945],
      [0.46658551304, 0.4667275112, 0.066686975768],
      [0.45351184179, 0.47672029291, 0.069767865304],
      [0.45137495391, 0.47918550035, 0.069439545739],
      [0.43141649592, 0.49017815919, 0.07840534489],
      [0.36355212504, 0.45462028911, 0.18182758585]
    ],
    [
      [0.63634777716, 0.31818246839, 0.045469754442],
      [0.60614007335, 0.33327341527, 0.060586511388],
      [0.59060252763, 0.34900374158, 0.06039373079],
      [0.5857095172, 0.34999555873, 0.064294924074],
      [0.58820256307, 0.33335946916, 0.078437967767],
      [0.54548061277, 0.27269948611, 0.18181990113]
    ],
    [
      [0.12653399895, 0.81391702305, 0.059548977999],
      [0.40275366033, 0.50721066423, 0.090035675443],
      [0.040956141998, 0.92458074722, 0.034463110786],
      [0.044616901082, 0.91124681036, 0.044136288553],
      [0.11717971438, 0.8031024879, 0.079717797727],
      [0.047998418238, 0.78913340996, 0.1628681718]
    ],
    [
      [0.44766123375, 0.54553944166, 0.0067993245877],
      [0.3530914942, 0.59633253553, 0.050575970272],
      [0.28833092585, 0.67561146985, 0.036057604298],
      [0.31143018168, 0.62466210549, 0.063907712832],
      [0.27289649373, 0.63845259751, 0.088650908761],
      [0.24887724444, 0.50264595402, 0.24847680154]
    ],
    [
      [0.10058072598, 0.75590930974, 0.14350996429],
      [0.14131546361, 0.68921553558, 0.16946900081],
      [0.069987268363, 0.82814860367, 0.10186412797],
      [0.034210437498, 0.86784965458, 0.097939907919],
      [0.0442211219, 0.81632838884, 0.13945048926],
      [0.037164677688, 0.78475583706, 0.17807948525]
    ],
    [
      [0.74932985821, 0.24957342003, 0.0010967217594],
      [0.66691370442, 0.28505241785, 0.048033877723],
      [0.61854062611, 0.30893324818, 0.072526125711],
      [0.59065068425, 0.34090552999, 0.068443785757],
      [0.60434598389, 0.30271999783, 0.092934018286],
      [0.54565917491, 0.27340669718, 0.18093412792]
    ],
    [
      [0.73682614815, 0.21054084328, 0.052633008566],
      [0.68291295219, 0.24391510529, 0.073171942517],
      [0.65948287043, 0.25862219962, 0.081894929944],
      [0.65546383173, 0.26049915532, 0.084037012954],
      [0.66265497687, 0.25300926646, 0.084335756667],
      [0.64001148592, 0.23998742999, 0.12000108409]
    ],
    [
      [0.69219207152, 0.23077907657, 0.077028851908],
      [0.63187556933, 0.31556563261, 0.052558798059],
      [0.5981699096, 0.30838309615, 0.093446994254],
      [0.60277571846, 0.29415991802, 0.10306436352],
      [0.60468957989, 0.27909988072, 0.11621053938],
      [0.56258038347, 0.25018527502, 0.18723434152]
    ],
    [
      [0.8628776483, 0.066824166911, 0.070298184789],
      [0.81780355469, 0.094362704563, 0.087833740747],
      [0.7077018052, 0.1628860843, 0.1294121105],
      [0.64242995773, 0.21888341064, 0.13868663163],
      [0.67881434365, 0.15256943089, 0.16861622546],
      [0.6292436935, 0.1033430426, 0.2674132639]
    ],
    [
      [0.40737222733, 0.5555875642, 0.037040208469],
      [0.33333478393, 0.59999462359, 0.066670592482],
      [0.33333640141, 0.59847801754, 0.068185581048],
      [0.33620575983, 0.5905204694, 0.073273770772],
      [0.33334127741, 0.57575168532, 0.090907037271],
      [0.31251504809, 0.56248991319, 0.12499503872]
    ],
    [
      [0.39995084181, 0.5148900124, 0.085159145784],
      [0.33366402787, 0.6472913094, 0.019044662726],
      [0.32913758216, 0.59178291801, 0.079079499833],
      [0.32528048143, 0.58935182361, 0.085367694962],
      [0.31696590851, 0.57452835427, 0.10850573722],
      [0.26171533349, 0.57183540715, 0.16644925937]
    ],
    [
      [0.25142580557, 0.72882945973, 0.019744734696],
      [0.21912542464, 0.76437859619, 0.016495979179],
      [0.18495695111, 0.79035166071, 0.024691388184],
      [0.15153216355, 0.83033474112, 0.018133095328],
      [0.1469124306, 0.82225105176, 0.030836517638],
      [0.19400955677, 0.74501003462, 0.060980408612]
    ],
    [
      [0.39764716122, 0.60013377884, 0.0022190599482],
      [0.43743093342, 0.5603410092, 0.0022280573812],
      [0.3375103155, 0.63044591086, 0.032043773642],
      [0.34065294869, 0.61116121451, 0.048185836802],
      [0.32130538371, 0.57220591761, 0.10648869868],
      [0.28427565846, 0.57627084689, 0.13945349465]
    ],
    [
      [0.66667806794, 0.25489340982, 0.078428522239],
      [0.67349015712, 0.24488608353, 0.081623759347],
      [0.64705936129, 0.26103048033, 0.091910158373],
      [0.64962760172, 0.26278327194, 0.087589126345],
      [0.64516129349, 0.24729932754, 0.10753937897],
      [0.61535664746, 0.2307916015, 0.15385175104]
    ],
    [
      [0.54385732731, 0.36842386088, 0.087718811815],
      [0.55555432669, 0.35555615298, 0.088889520327],
      [0.53072725003, 0.37430066149, 0.094972088475],
      [0.52830138431, 0.37106994365, 0.10062867204],
      [0.52941268917, 0.36470420607, 0.10588310475],
      [0.50000050913, 0.36363709467, 0.1363623962]
    ],
    [
      [0.29864934522, 0.70121545022, 0.00013520456219],
      [0.20231551048, 0.79672235973, 0.00096212978969],
      [0.20080370389, 0.75914772928, 0.040048566828],
      [0.2042174298, 0.73511126188, 0.06067130832],
      [0.19149689032, 0.73177387565, 0.076729234026],
      [0.167982051, 0.66366271157, 0.16835523743]
    ],
    [
      [0.34896893482, 0.65096713672, 6.3928457272e-05],
      [0.34269209361, 0.62476179783, 0.032546108561],
      [0.28902314124, 0.66979371632, 0.041183142445],
      [0.29288849752, 0.65776683798, 0.049344664504],
      [0.279755962, 0.63097701932, 0.089267018678],
      [0.24283106615, 0.6322709334, 0.12489800045]
    ],
    [
      [0.34629473577, 0.63399712653, 0.019708137699],
      [0.39333298755, 0.58547054161, 0.02119647084],
      [0.29329753662, 0.6700477268, 0.036654736576],
      [0.25152269446, 0.7048098497, 0.043667455835],
      [0.23341243859, 0.67502959934, 0.091557962071],
      [0.11740908441, 0.63781402606, 0.24477688953]
    ],
    [
      [0.266631201, 0.66675072708, 0.066618071924],
      [0.26651140496, 0.66678472703, 0.066703868007],
      [0.24708962592, 0.69120523605, 0.061705138026],
      [0.23732217328, 0.69653239565, 0.066145431068],
      [0.22453761197, 0.71421673988, 0.061245648144],
      [0.19978590772, 0.66680848179, 0.13340561049]
    ],
    [
      [0.30555556559, 0.66666664234, 0.027777792062],
      [0.31428569462, 0.65714283673, 0.028571468644],
      [0.26451614219, 0.69032256431, 0.0451612935],
      [0.26963349764, 0.68062828735, 0.049738215006],
      [0.26470589532, 0.67647058032, 0.058823524355],
      [0.22222227023, 0.66666662008, 0.11111110968]
    ],
    [
      [0.3195890178, 0.67292034796, 0.0074906342477],
      [0.26880919522, 0.7246403013, 0.0065505034876],
      [0.2199763342, 0.73797125107, 0.042052414732],
      [0.19771416513, 0.75307379023, 0.049212044643],
      [0.18782071082, 0.71998718346, 0.092192105718],
      [0.13144929319, 0.64615957922, 0.22239112759]
    ],
    [
      [0.32412674512, 0.66536625735, 0.010506997526],
      [0.26985718238, 0.72361260944, 0.0065302081797],
      [0.24278752053, 0.73872249717, 0.018489982302],
      [0.2358964521, 0.73523138837, 0.028872159528],
      [0.2140508345, 0.71480496586, 0.071144199636],
      [0.19423065327, 0.62022952788, 0.18553981884]
    ],
    [
      [0.17246944224, 0.79304190301, 0.034488654748],
      [0.19997634139, 0.79994733428, 7.6324333518e-05],
      [0.15722853148, 0.79992499705, 0.042846471467],
      [0.15799654479, 0.79438638424, 0.047617070971],
      [0.15149191885, 0.78790851683, 0.060599564321],
      [0.14284810818, 0.7856680982, 0.071483793613]
    ],
    [
      [0.35989251368, 0.58249330509, 0.057614181233],
      [0.33476921156, 0.62883479101, 0.036395997431],
      [0.227213082, 0.7003682923, 0.072418625701],
      [0.21781047817, 0.72757590439, 0.054613617441],
      [0.22957985423, 0.6709036197, 0.099516526069],
      [0.14520243619, 0.60612729797, 0.24867026584]
    ],
    [
      [0.54628736093, 0.44805476905, 0.0056578700219],
      [0.48664838201, 0.50473623512, 0.0086153828695],
      [0.45336883141, 0.53641300353, 0.010218165057],
      [0.40183783457, 0.56851613711, 0.029646028322],
      [0.41553561211, 0.55092653722, 0.033537850678],
      [0.49361652431, 0.42686953107, 0.079513944616]
    ],
    [
      [0.18757915336, 0.75899843171, 0.053422414933],
      [0.22153999613, 0.69407122506, 0.084388778809],
      [0.24382176433, 0.69396354726, 0.062214688409],
      [0.18926458164, 0.74972106141, 0.061014356956],
      [0.19268704945, 0.72041296398, 0.086899986572],
      [0, 0, 0]
    ],
    [
      [0.18517706886, 0.77776575356, 0.037057177576],
      [0.16667499496, 0.83329937332, 2.5631717579e-05],
      [0.1428575587, 0.79999037848, 0.057152062824],
      [0.14285541524, 0.79365818494, 0.063486399826],
      [0.13795502877, 0.75859915936, 0.10344581188],
      [0.083320347686, 0.74998589185, 0.16669376046]
    ],
    [
      [0.39863006333, 0.59863402142, 0.0027359152509],
      [0.28938230076, 0.65800539437, 0.052612304868],
      [0.32252871876, 0.61628137091, 0.061189910328],
      [0.28042061932, 0.65219772109, 0.067381659587],
      [0.27690191502, 0.63759149318, 0.085506591799],
      [0.16938064332, 0.5901632497, 0.24045610698]
    ],
    [
      [0.17760531233, 0.82032278548, 0.0020719021878],
      [0.19701122709, 0.76202159429, 0.040967178625],
      [0.12260296237, 0.85059488486, 0.026802152775],
      [0.081071585762, 0.8926523994, 0.026276014839],
      [0.071798892521, 0.87313443792, 0.055066669558],
      [0.03766589565, 0.81300440852, 0.14932969583]
    ],
    [
      [0.41074414234, 0.55630200294, 0.032953854725],
      [0.37001793132, 0.59957067765, 0.030411391032],
      [0.39055159314, 0.59625152211, 0.013196884755],
      [0.32507608257, 0.65851784453, 0.016406072901],
      [0.35058037897, 0.63646131624, 0.012958304793],
      [0.41045843012, 0.5179568679, 0.071584701981]
    ],
    [
      [0, 0, 0],
      [0.095123871658, 0.90487612834, 0],
      [0, 0, 0],
      [0.077243043573, 0.92275695643, 0],
      [0.088614474117, 0.91138552588, 0],
      [0.094171834522, 0.90582816548, 0]
    ],
    [
      [0.14356777815, 0.83981261928, 0.016619602567],
      [0.12778535455, 0.85852891777, 0.013685727687],
      [0.1327862145, 0.83952019949, 0.027693586013],
      [0.088439850085, 0.88386864087, 0.027691509042],
      [0.12888302619, 0.83293520908, 0.038181764731],
      [0, 0, 0]
    ],
    [
      [0.43788718294, 0.4997671808, 0.062345636253],
      [0.44030052183, 0.51953792091, 0.040161557252],
      [0.38066592473, 0.56280071839, 0.056533356878],
      [0.39056986401, 0.54630224113, 0.063127894866],
      [0.38909140684, 0.52733887925, 0.083569713909],
      [0.36296039891, 0.45596695173, 0.18107264935]
    ],
    [
      [0.16187542483, 0.82667316028, 0.011451414891],
      [0.074056684014, 0.91861775145, 0.0073255645335],
      [0.12904812916, 0.82122351278, 0.049728358059],
      [0.1578575394, 0.78966979812, 0.052472662478],
      [0.12444667085, 0.79920985979, 0.076343469356],
      [0.10887950969, 0.78668298445, 0.10443750586]
    ],
    [
      [0.29756764178, 0.68761134836, 0.014821009863],
      [0.32983550956, 0.64647684208, 0.023687648356],
      [0.20963363834, 0.74487956332, 0.045486798344],
      [0.21229290334, 0.74526196502, 0.042445131638],
      [0.21097376305, 0.71039729076, 0.078628946191],
      [0.068951990516, 0.54447496049, 0.386573049]
    ],
    [
      [0.41816975172, 0.45328391019, 0.12854633808],
      [0.51231719414, 0.45146527719, 0.036217528667],
      [0.3848808101, 0.50077988703, 0.11433930287],
      [0.37638525428, 0.50681673236, 0.11679801337],
      [0.39167428685, 0.47172201829, 0.13660369486],
      [0.30478760914, 0.32766548539, 0.36754690547]
    ],
    [
      [0, 0, 0],
      [0.28972936815, 0.65578070793, 0.05448992392],
      [0.26553519492, 0.66923875923, 0.065226045845],
      [0.21669268794, 0.73427990048, 0.049027411582],
      [0.24338872628, 0.6902184234, 0.066392850324],
      [0, 0, 0]
    ],
    [
      [0.62487861001, 0.37491154416, 0.00020984582211],
      [0.53350023934, 0.39971998127, 0.066779779389],
      [0.48193492307, 0.43376604531, 0.084299031614],
      [0.47552319607, 0.43912229696, 0.08535450698],
      [0.45442383946, 0.42427686213, 0.12129929841],
      [0.40089801351, 0.3993161366, 0.19978584989]
    ],
    [
      [0, 0, 0],
      [0.08742864844, 0.90324069377, 0.00933065779],
      [0.10209803107, 0.8856136929, 0.012288276025],
      [0.062592781227, 0.92829905846, 0.0091081603137],
      [0.074017333404, 0.91619936112, 0.0097833054731],
      [0, 0, 0]
    ],
    [
      [0.1298923506, 0.841544325, 0.028563324395],
      [0, 0, 0],
      [0.14301893708, 0.82692036876, 0.030060694157],
      [0.10030308314, 0.86770599595, 0.031990920909],
      [0.15722950051, 0.80556420976, 0.037206289728],
      [0.18713869838, 0.72741237873, 0.085448922893]
    ],
    [
      [0.71057830863, 0.2883458553, 0.0010758360703],
      [0.54441508254, 0.36466219187, 0.090922725588],
      [0.50048108397, 0.40825998166, 0.091258934363],
      [0.50691273842, 0.38937569673, 0.10371156486],
      [0.49963408149, 0.35365928984, 0.14670662867],
      [0.5013021167, 0.33153784934, 0.16716003396]
    ],
    [
      [0, 0, 0],
      [0.46065653074, 0.46321282127, 0.076130647985],
      [0.42222144174, 0.49855081844, 0.07922773982],
      [0.37162209594, 0.55054697086, 0.077830933197],
      [0.4248123661, 0.49288509259, 0.082302541312],
      [0.51642160346, 0.36546088724, 0.1181175093]
    ],
    [
      [0.47368494005, 0.47368348584, 0.052631574105],
      [0.4888892914, 0.46666653155, 0.044444177047],
      [0.45853674518, 0.48292654488, 0.058536709936],
      [0.45822091291, 0.48247988027, 0.059299206813],
      [0.450000014, 0.48000012665, 0.069999859343],
      [0.44444152502, 0.44444763553, 0.11111083945]
    ],
    [
      [0.57142840607, 0.39285726186, 0.035714332065],
      [0.54285737901, 0.39999973296, 0.057142888033],
      [0.53672331994, 0.40677954141, 0.056497138655],
      [0.53333315168, 0.41025659965, 0.056410248661],
      [0.52272737387, 0.3863634942, 0.090909131932],
      [0.51851850766, 0.37037024104, 0.1111112513]
    ],
    [
      [0.39999900956, 0.54999804189, 0.050002948545],
      [0.37500227628, 0.54166448855, 0.083333235168],
      [0.34117855224, 0.56470348288, 0.094117964874],
      [0.34482649095, 0.5574730675, 0.097700441542],
      [0.33928627441, 0.55357050413, 0.10714322146],
      [0.30768826494, 0.53846410886, 0.1538476262]
    ],
    [
      [0.36426580794, 0.63566696418, 6.7227882069e-05],
      [0.30769903239, 0.61534974293, 0.07695122468],
      [0.26548944692, 0.65626533043, 0.078245222642],
      [0.26997259417, 0.63241731105, 0.09761009478],
      [0.26742626565, 0.63251438684, 0.1000593475],
      [0.25045559168, 0.62388648249, 0.12565792583]
    ],
    [
      [0.34615384614, 0.61539827099, 0.038447882869],
      [0.30773782636, 0.64098012235, 0.05128205129],
      [0.28191489362, 0.64893428167, 0.069150824711],
      [0.2830417128, 0.64670888619, 0.070249401012],
      [0.27644008353, 0.64226487655, 0.081295039915],
      [0.27037582441, 0.62151606748, 0.10810810811]
    ],
    [
      [0.33333731392, 0.61107950405, 0.055583182032],
      [0.29168918207, 0.6666428985, 0.041667919438],
      [0.26830849629, 0.67070851441, 0.060982989302],
      [0.26937607381, 0.66532282535, 0.065301100845],
      [0.25534646423, 0.68082032539, 0.063833210381],
      [0.22218548693, 0.55559929759, 0.22221521548]
    ],
    [
      [0.58974358994, 0.3076923075, 0.10256410256],
      [0.60869565199, 0.30434782613, 0.086956521874],
      [0.58227848104, 0.31645569612, 0.10126582284],
      [0.57512953368, 0.32642487056, 0.098445595761],
      [0.56989247313, 0.32258064516, 0.1075268817],
      [0.55999999972, 0.28000000024, 0.16000000005]
    ],
    [
      [0.21366597651, 0.70948128006, 0.076852743423],
      [0, 0, 0],
      [0.10642328741, 0.86772002486, 0.025856687729],
      [0.11104442306, 0.85069688225, 0.038258694689],
      [0.17005396612, 0.79681870124, 0.03312733264],
      [0.21785204479, 0.69683526446, 0.085312690754]
    ],
    [
      [0.4195883342, 0.4518631806, 0.12854848519],
      [0.4366671251, 0.4397564909, 0.123576384],
      [0.39738663233, 0.44508606582, 0.15752730184],
      [0.34404560536, 0.50924084911, 0.14671354554],
      [0, 0, 0],
      [0.35802236674, 0.34740490368, 0.29457272958]
    ],
    [
      [0.39661355262, 0.59297298628, 0.010413461108],
      [0.40833143173, 0.57433405337, 0.017334514894],
      [0.34679185818, 0.6111841402, 0.042024001613],
      [0.34691548756, 0.59339408034, 0.0596904321],
      [0.34796052098, 0.55363457482, 0.098404904202],
      [0.28098729446, 0.4888738433, 0.23013886224]
    ],
    [
      [0.2775396396, 0.70258437319, 0.019875987207],
      [0.20564867965, 0.78826923805, 0.0060820823032],
      [0.20048866562, 0.7491412448, 0.050370089583],
      [0.19889534533, 0.74436231472, 0.056742339956],
      [0.19503153736, 0.74375990545, 0.061208557197],
      [0.16847102451, 0.68315572664, 0.14837324885]
    ],
    [
      [0.30896359305, 0.65130538606, 0.039731020899],
      [0.30161564044, 0.65001156849, 0.048372791072],
      [0.27815536814, 0.66271333173, 0.059131300126],
      [0.27783499869, 0.65956457828, 0.062600423026],
      [0.27891972501, 0.64560969985, 0.07547057514],
      [0.27572289807, 0.63336784135, 0.09090926058]
    ],
    [
      [0.40868343025, 0.59120608907, 0.00011048068615],
      [0.34475720149, 0.62077932082, 0.034463477688],
      [0.3231819185, 0.64607135242, 0.030746729077],
      [0.32592612673, 0.63702734385, 0.037046529423],
      [0.30329444081, 0.60587476466, 0.090830794533],
      [0.30733924815, 0.61576751968, 0.076893232166]
    ],
    [
      [0.62499993966, 0.34375000221, 0.031250058134],
      [0.5757576414, 0.37878780531, 0.045454553288],
      [0.5791505919, 0.3629343663, 0.0579150418],
      [0.57983191695, 0.35714287387, 0.063025209182],
      [0.57142854543, 0.35714289047, 0.071428564102],
      [0.57142858022, 0.35714275454, 0.071428665243]
    ],
    [
      [0.48680584854, 0.46209923712, 0.05109491434],
      [0.49226774886, 0.45688422018, 0.050848030963],
      [0.4852940663, 0.46296739177, 0.05173854193],
      [0.47605762783, 0.46802975509, 0.055912617073],
      [0.46818148429, 0.46920512748, 0.062613388236],
      [0.44963798776, 0.45109142744, 0.099270584803]
    ],
    [
      [0.61111110676, 0.30555554674, 0.083333346497],
      [0.608695635, 0.30434785355, 0.086956511445],
      [0.58646616598, 0.32706766386, 0.086466170166],
      [0.58653846915, 0.32692307995, 0.086538450898],
      [0.57777776903, 0.32222222395, 0.10000000702],
      [0.57142857145, 0.32142856008, 0.10714286846]
    ],
    [
      [0.60030410976, 0.34969171336, 0.050004176881],
      [0.56498484388, 0.39153634733, 0.043478808792],
      [0.53723462611, 0.39670806343, 0.066057310463],
      [0.53319861444, 0.40013687534, 0.066664510221],
      [0.52394505755, 0.38064972284, 0.095405219607],
      [0.50031074898, 0.35681719073, 0.14287206029]
    ],
    [
      [0.42857223572, 0.55101944875, 0.020408315536],
      [0.40860326362, 0.55913885365, 0.032257882733],
      [0.39547930267, 0.57062210733, 0.033898589999],
      [0.39442186302, 0.57171362291, 0.033864514064],
      [0.3866692793, 0.58666414286, 0.026666577836],
      [0.33333661167, 0.53333141388, 0.13333197445]
    ],
    [
      [0.46666311702, 0.46667080759, 0.066666075396],
      [0.4782611919, 0.45651990201, 0.065218906089],
      [0.44375254483, 0.48124789727, 0.074999557898],
      [0.44357827313, 0.47860037205, 0.077821354822],
      [0.43333388926, 0.48888890978, 0.077777200953],
      [0.38888990341, 0.44444440107, 0.16666569551]
    ],
    [
      [0.5882022754, 0.41178724843, 1.0476171465e-05],
      [0.53734674835, 0.4178750167, 0.044778234943],
      [0.52588638967, 0.42239248275, 0.05172112758],
      [0.5219475479, 0.42859892397, 0.049453528125],
      [0.52504267942, 0.3999687305, 0.074988590076],
      [0.46148823711, 0.38466994421, 0.15384181868]
    ],
    [
      [0.52941176487, 0.41176470574, 0.05882352938],
      [0.52702702694, 0.40540540546, 0.067567567604],
      [0.51037344401, 0.41908713693, 0.070539419069],
      [0.51186440673, 0.42033898308, 0.067796610182],
      [0.51041666671, 0.40624999996, 0.083333333334],
      [0.47058823542, 0.41176470579, 0.1176470588]
    ],
    [
      [0.66144826965, 0.33530109856, 0.0032506317864],
      [0.54799493681, 0.41898192003, 0.033023143164],
      [0.55460300329, 0.39214211198, 0.05325488473],
      [0.54780083374, 0.40370901476, 0.048490151503],
      [0.55250879957, 0.37015537044, 0.077335829992],
      [0.019457646125, 0.00076686413057, 0.97977548974]
    ],
    [
      [0.57137903748, 0.35716762397, 0.071453338544],
      [0.5714498003, 0.36733278609, 0.061217413617],
      [0.54168833786, 0.38019388594, 0.078117776202],
      [0.54225405587, 0.38311217821, 0.074633765926],
      [0.53425132509, 0.369853514, 0.095895160905],
      [0.51862125579, 0.37029331734, 0.11108542688]
    ],
    [
      [0.057855635497, 0.89295332796, 0.049191036538],
      [0, 0, 0],
      [0.077264003449, 0.85338948392, 0.069346512626],
      [0.058929630572, 0.88105283931, 0.060017530118],
      [0.069820272481, 0.8601751874, 0.070004540124],
      [0.044160779287, 0.88927709951, 0.066562121204]
    ],
    [
      [0, 0, 0],
      [0, 0, 0],
      [0.76163565081, 0.23836434919, 0],
      [0, 0, 0],
      [0.74612144973, 0.25387855027, 0],
      [0, 0, 0]
    ],
    [
      [0.41448692153, 0.52716297787, 0.058350100604],
      [0.41482649842, 0.52681388013, 0.058359621451],
      [0.411882778, 0.528703332, 0.059413890004],
      [0.41200604621, 0.52861153099, 0.059382422803],
      [0.41156169111, 0.52804141501, 0.060396893874],
      [0.40925266904, 0.52669039146, 0.064056939502]
    ],
    [
      [0.45161290323, 0.48387096774, 0.064516129032],
      [0.42857142857, 0.49450549451, 0.076923076923],
      [0.42342342342, 0.5, 0.076576576577],
      [0.42253521127, 0.49577464789, 0.081690140845],
      [0.41772151899, 0.49367088608, 0.088607594937],
      [0.42222222222, 0.48888888889, 0.088888888889]
    ],
    [
      [0.41666666667, 0.5, 0.083333333333],
      [0.41975308642, 0.5, 0.08024691358],
      [0.41031941032, 0.50368550369, 0.085995085995],
      [0.41146711636, 0.50252951096, 0.086003372681],
      [0.4076433121, 0.50318471338, 0.089171974522],
      [0.41095890411, 0.49315068493, 0.095890410959]
    ],
    [
      [0.54134539458, 0.45474359017, 0.0039110152448],
      [0.42769216805, 0.50721930722, 0.065088524727],
      [0.42049802403, 0.52712179449, 0.052380181481],
      [0.4200277617, 0.5144861113, 0.065486127004],
      [0.3345346442, 0.55437602533, 0.11108933048],
      [0.38551043062, 0.49951601692, 0.11497355246]
    ]
  ],
  "expected_outcome": [
    [
      [0.087463509938, 0.16358602715, 16.9999979629, 7.0023254893, 13.9996510976, 0.88573799267, 4.9242735713, 0.40232290391, 2.9973194328, 13.9996968149, 8.9984969298, 1.7257552966, 10.9990501379, 5.1993609436, 1.0057032223, 3.9764716122, 34.0005814648, 30.9998676566, 2.9864934522, 4.8855650875, 2.0777684146, 3.999468015, 11.0000003614, 2.8763011602, 2.9171407061, 5.0016138249, 1.4395700547, 6.0091609702, 0.37515830672, 4.9997808592, 1.9931503167, 0.88802656165, 3.2859531387, 0, 1.1485422252, 7.0061949271, 2.913757647, 5.9513528356, 3.7635277655, 0, 4.9990288801, 0, 0.1298923506, 4.9740481604, 0, 27.0000415829, 15.99999537, 7.9999801913, 4.0069238873, 8.9999999997, 6.0000716506, 23.0000000078, 0.42733195303, 0.4195883342, 2.7762948683, 1.9427774772, 8.0330534192, 8.9910354654, 19.999998069, 18.9854280931, 21.9999998434, 12.0060821953, 21.0000395502, 13.9998935106, 9.9994386818, 27.0000000086, 7.9373792358, 15.9986130495, 0.17356690649, 0, 206, 14, 30, 5.9547993404],
      [1.851566597, 2.8272857335, 7.9999994034, 6.9966954565, 7.0000143047, 5.6974191613, 6.0009338583, 3.0236372389, 0.99829368012, 4.0002760223, 3.0001279954, 0.13364833382, 15.0008642335, 6.6935701612, 2.9153178389, 6.0013377884, 12.999563901, 21.00016007, 7.0121545022, 9.1135399141, 3.8039827592, 10.0012609062, 23.9999991244, 6.0562831316, 5.9882963162, 22.9982151874, 2.3299732203, 4.9286024595, 1.5179968634, 20.9996753462, 2.9931701071, 4.1016139274, 4.4504160235, 0, 6.7185009543, 7.9962748929, 14.880116885, 13.7522269671, 4.0795551917, 0, 2.9992923533, 0, 0.841544325, 2.0184209871, 0, 26.9999586932, 11.0000033322, 10.9999608378, 6.992336606, 16.0003550457, 10.9994310728, 11.9999999925, 1.4189625601, 0.4518631806, 4.1508109039, 4.9180906124, 16.9339400375, 13.0065339595, 11.0000000707, 18.0218702477, 10.9999996827, 6.9938342671, 26.9999529885, 14.0001242276, 7.0003832233, 20.999999993, 4.0236131827, 10.0006934713, 2.6788599839, 0, 262, 15, 36, 5.0021794919],
      [0.060969893087, 0.0091282393644, 1.0000026337, 1.0009790542, 1.0003345977, 0.41684284599, 0.074792570465, 0.57403985714, 0.0043868870375, 1.0000271627, 1.0013750748, 0.14059636958, 1.0000856287, 1.1070688952, 0.078978938785, 0.022190599482, 3.9998546342, 4.9999722735, 0.0013520456219, 0.00089499840181, 0.11824882619, 0.99927107886, 1.0000005142, 0.067415708229, 0.094562977733, 1.0001709877, 0.23045672493, 0.062236570241, 0.10684482987, 1.0005437946, 0.013679576254, 0.010359510939, 0.2636308378, 0, 0.13295682054, 0.99753018004, 0.20612546804, 0.29642019725, 1.1569170427, 0, 0.0016787665769, 0, 0.028563324395, 0.007530852492, 0, 2.999999724, 1.0000012978, 1.0000589709, 0.00073950670276, 0.99964495459, 1.0004972766, 3.9999999997, 0.15370548685, 0.12854848519, 0.072894227754, 0.13913191045, 1.0330065434, 0.0024305750952, 1.0000018603, 1.9927016593, 3.0000004739, 1.0000835376, 1.0000074613, 1.9999822619, 0.0001780949149, 2.9999999984, 0.039007581436, 2.0006934792, 0.14757310961, 0, 29, 2, 6, 0.043021167692]
    ],
    [
      [0.044105862241, 0.16495748104, 29.0000006735, 20.9963480866, 20.0026224204, 0.40275366033, 7.061829884, 0.42394639084, 14.0051877929, 27.99943104, 12.0056358172, 3.2712142188, 10.000043518, 3.0029762508, 0.65737627391, 6.9988949347, 33.0010176991, 24.999944701, 2.0231551048, 9.9380707147, 2.7533309129, 7.9953421488, 10.9999993118, 4.0321379282, 4.8574292829, 2.9996451209, 1.6738460578, 7.7863741122, 1.3292399768, 2.0000999395, 5.4982637145, 0.78804490836, 1.8500896566, 0.095123871658, 0.25557070909, 11.0075130458, 0.14811336803, 5.277368153, 2.5615859707, 1.1589174726, 8.0025035901, 0.08742864844, 0, 11.977131816, 4.1459087767, 22.000018113, 19.0000082653, 9.0000546307, 4.000087421, 12.0017752279, 7.0005403696, 27.9999999917, 0, 1.3100013753, 4.8999771808, 1.0282433982, 6.0323128089, 9.9979588432, 38.0000043322, 29.0437971828, 27.9999992102, 12.9946514093, 38.0001035164, 22.0000148273, 36.0022321396, 38.9999999933, 16.9878430411, 28.0010402145, 0, 0, 263, 39, 68, 26.089222251],
      [0.91864269641, 2.8212617713, 16.9999998973, 21.0027380038, 10.9980227038, 0.50721066423, 11.9266507106, 2.0676466067, 5.9861007749, 10.0005193168, 5.9957470197, 0.37745081825, 17.9998387076, 5.8256217846, 2.2931357886, 8.9654561472, 11.9994180929, 16.0000268843, 7.9672235973, 18.118092137, 4.0982937912, 20.003541811, 22.9999992857, 10.8696045195, 13.0250269699, 11.9992100141, 3.1441739551, 8.0757797619, 4.1644273504, 9.9995924799, 12.502102493, 3.0480863771, 2.9978533882, 0.90487612834, 1.7170578355, 12.9884480229, 1.8372355029, 10.3436294733, 2.257326386, 2.6231228317, 5.9957997191, 0.90324069377, 0, 8.0225682211, 4.1689153915, 20.9999939199, 13.9999906536, 12.9999477253, 7.9995466581, 24.9982247717, 15.9994295639, 14.0000000021, 0, 1.3192694727, 6.8920086405, 3.9413461903, 13.0002313697, 18.0026003038, 24.9999951508, 26.9561689904, 14.0000012633, 9.0053359885, 51.9999133894, 20.9999154926, 27.9976261192, 30.0000000041, 12.9884395208, 17.9993065183, 0, 0, 334, 45, 81, 30.9403777407],
      [0.03725144135, 0.013780747611, 1.9999994292, 3.0009139096, 1.9993548758, 0.090035675443, 1.0115194054, 0.50840700243, 1.0087114322, 3.0000496432, 0.99861716313, 0.35133496299, 2.0001177745, 0.17140196454, 0.049487937538, 0.0356489181, 3.999564208, 4.0000284147, 0.0096212978969, 0.94383714828, 0.14837529588, 2.0011160402, 1.0000014025, 0.098257552314, 0.11754374723, 0.0011448650028, 0.18197998716, 0.13784612591, 0.50633267285, 0.00030758061094, 0.9996337925, 0.1638687145, 0.15205695516, 0, 0.027371455375, 1.0040389313, 0.014651129067, 0.3790023737, 0.18108764333, 0.21795969568, 1.0016966908, 0.00933065779, 0, 2.0002999629, 0.68517583187, 1.9999879671, 2.0000010812, 1.999997644, 1.0003659208, 2.0000000003, 1.0000300665, 4.0000000062, 0, 0.370729152, 0.20801417873, 0.030410411516, 0.96745582144, 0.99944085296, 3.000000517, 3.0000338268, 3.9999995265, 1.0000126022, 2.9999830941, 3.0000696801, 3.0001417412, 5.0000000027, 1.0237174381, 2.9996532672, 0, 0, 37, 7, 13, 3.9704000084]
    ],
    [
      [0.050225869195, 0.083403790446, 118.0000188068, 39.0020183937, 87.9997766175, 0.24573685199, 8.0732659239, 0.34993634181, 34.019734436, 153.0000259406, 64.0041803269, 26.8926685977, 44.0004049861, 17.1151542723, 1.4796556089, 11.1378404116, 176.0001462722, 95.0001777562, 10.0401851946, 20.2316198866, 9.9721162451, 20.0142596998, 41.0000020399, 10.5588640416, 15.2956137934, 11.0059972036, 5.4531139679, 14.5078026052, 2.4382176433, 5.0000145545, 27.4149410946, 1.1034266613, 5.4677223039, 0, 1.327862145, 27.0272806556, 1.6776256791, 13.2069192153, 7.3127353919, 2.3898167543, 40.0005986151, 0.40839212429, 1.859246182, 22.0211676948, 5.0666573009, 94.0000327624, 95.0000276291, 29.0001769407, 16.9913246031, 53.000000001, 22.0012966956, 138.0000000072, 0.63853972449, 1.192159897, 9.3633801709, 4.0097733123, 23.3650509241, 21.0068247027, 150.0000033028, 65.9999930162, 156.0000001501, 65.0053897592, 69.9998365734, 71.0004071734, 61.0028212013, 123.0000000053, 52.1326823096, 104.0041608688, 0.61811202759, 0.76163565081, 1026, 94, 167, 15.9789249131],
      [0.91057481351, 2.8976909761, 66.9999829739, 40.9979451901, 52.0015574948, 5.5474844833, 18.9171211557, 4.1407430184, 16.9913286499, 60.0003503123, 32.996991288, 6.1896712034, 78.9990983155, 30.7727117364, 6.3228132857, 20.8047150582, 71.0002906503, 66.9998184068, 37.9573864641, 46.8855601422, 22.7816227113, 55.98762412, 106.9999974675, 35.4226200513, 46.5395173216, 55.9947497937, 16.8088390153, 17.165216113, 6.9396354726, 27.9996632467, 52.3839165275, 7.6553539637, 8.3475213095, 0, 8.3952019949, 39.958851006, 10.6759056661, 46.9274124891, 9.5148178536, 6.0231488331, 36.0025817609, 3.5424547716, 10.7499647939, 17.9634391932, 5.9826098213, 98.9999417006, 71.9999788289, 47.999796045, 42.0009811478, 121.9996449535, 54.9980981817, 74.9999999804, 5.2063201491, 1.3352581975, 16.5019717855, 14.982824896, 55.6679198653, 41.9946379073, 94.0000008711, 62.9635652814, 86.9999985859, 48.0016756747, 101.0001129967, 76.9996635629, 48.9975279995, 100.999999999, 36.8613585258, 72.9972261005, 6.8271158714, 0.23836434919, 1317, 111, 205, 20.0306281906],
      [0.039199317294, 0.018905233419, 10.9999982193, 6.0000364161, 8.9986658877, 0.20677866472, 1.0096129203, 0.50932063983, 3.9889369141, 18.9996237471, 9.9988283852, 4.9176601989, 9.0004966984, 4.1121339913, 0.19753110547, 1.0574445302, 24.9995630774, 17.000003837, 2.0024283414, 2.8828199711, 1.2462610436, 4.9981161801, 7.0000004926, 2.0185159071, 1.164868885, 2.9992530027, 1.7380470168, 0.32698128183, 0.62214688409, 2.0003221989, 5.2011423779, 0.24121937498, 0.18475638657, 0, 0.27693586013, 4.0138683384, 0.64646865477, 2.8656682956, 2.1724467545, 0.5870344126, 6.996819624, 0.049153104099, 0.39078902404, 4.015393112, 0.95073287785, 12.000025537, 9.999993542, 8.0000270143, 5.0076942491, 13.0003550456, 5.0006051227, 24.0000000125, 0.15514012638, 0.47258190553, 1.1346480436, 1.0074017917, 4.9670292106, 1.99853739, 14.9999958261, 7.0364417024, 23.0000012641, 7.9929345661, 6.0000504299, 11.9999292637, 5.9996507993, 16.9999999956, 5.0059591646, 14.9986130307, 0.55477210101, 0, 148, 17, 35, 1.9904468963]
    ],
    [
      [0.74840177622, 7.1761327745, 92.9999854593, 64.997993363, 81.9993324073, 6.9156196678, 33.9458898033, 3.2842019998, 25.9886301072, 78.0001959759, 40.9887488553, 6.4242995773, 77.9997362797, 36.7566944011, 10.1526549581, 41.9003126885, 88.9989814355, 83.9999201056, 36.9633547941, 54.7701490359, 23.6431332795, 60.9917985339, 102.9999960997, 28.4708397782, 47.1792904196, 72.9944036923, 21.7810478169, 36.5672429457, 11.5451394798, 35.9995646403, 60.5708537732, 11.917523107, 18.854412789, 1.5448608715, 6.7214286064, 67.9591563372, 14.2071785461, 38.849601312, 20.7011889851, 8.2343221417, 38.9929020773, 6.1340925603, 7.3221250696, 39.0322808581, 22.2973257563, 169.999958691, 103.9999645784, 59.999809426, 46.9752313855, 136.992188994, 65.9971380829, 110.9999999993, 8.9945982679, 1.7202280268, 27.7532390047, 21.0829066048, 70.5700896682, 88.0000542161, 137.9999962335, 119.0144069586, 122.0000015832, 63.9838337332, 197.9997752372, 113.9996161937, 94.994453718, 150.9999999866, 67.9273033836, 108.9930652291, 3.5357778343, 0, 1908, 150, 244, 44.9429705017],
      [22.4781253922, 92.9289911505, 53.000014699, 69.0027120506, 48.9993782223, 141.2432556065, 68.0881694979, 83.31356684, 14.9998433195, 30.9993994826, 20.0028744256, 2.1888341064, 137.0007489012, 66.5967560683, 55.632427655, 75.1728293848, 36.0013082552, 59.0001210401, 133.0551384001, 123.0023987019, 66.252125872, 179.0088256816, 260.0000057681, 108.4426257932, 147.0462776748, 367.0065095189, 72.757590439, 51.7349684769, 45.7329847459, 200.0018626036, 140.8747077561, 131.2199027117, 38.1940349828, 18.4551391285, 67.1740167064, 95.0565899561, 71.0702818309, 136.3829395983, 27.8749202797, 27.9026362182, 36.0080283503, 90.973307729, 63.3425377041, 29.981928648, 33.0328182519, 179.0000355814, 80.0000369326, 97.0003137456, 110.0406121228, 313.0071009161, 163.0040922101, 63.0000000188, 68.9064474622, 2.5462042455, 47.4715264273, 78.9024053598, 167.5294028831, 171.9973828397, 85.0000039812, 117.0074387731, 68.0000006301, 48.0164250402, 287.0002387025, 123.0002956171, 78.0050041632, 124.0000000097, 50.05991783, 77.0055478199, 52.8631703586, 0, 2448, 176, 298, 55.0500139089],
