{
  "Z_true": {},
  "V_true": [
    [502, 29, 71, 2231, 75],
    [22, 1035, 1202, 253, 49],
    [65, 722, 6829, 421, 239],
    [892, 439, 392, 20210, 528],
    [47, 164, 756, 709, 905]
  ],
  "p_true": [
    [0.1726, 0.01, 0.0244, 0.7672, 0.0258],
    [0.0086, 0.4041, 0.4693, 0.0988, 0.0191],
    [0.0079, 0.0872, 0.8252, 0.0509, 0.0289],
    [0.0397, 0.0195, 0.0175, 0.8998, 0.0235],
    [0.0182, 0.0635, 0.2929, 0.2747, 0.3506]
  ],
  "Z_est": [
    [
      [20.979, 11.529, 0.567, 21.546, 15.687, 24.759, 13.23, 14.364, 13.797, 25.704, 0, 0.567, 0.945, 31.374, 9.45, 27.216, 22.302, 7.371, 11.907, 27.783, 24.948, 0.945, 1.134, 5.103, 13.23, 0.567, 13.986, 12.663, 27.783, 22.68, 6.237, 22.68, 8.694, 1.89, 51.219, 3.969, 24.381, 6.426],
      [13.5198, 7.4298, 0.3654, 13.8852, 10.1094, 15.9558, 8.526, 9.2568, 8.8914, 16.5648, 0, 0.3654, 0.609, 20.2188, 6.09, 17.5392, 14.3724, 4.7502, 7.6734, 17.9046, 16.0776, 0.609, 0.7308, 3.2886, 8.526, 0.3654, 9.0132, 8.1606, 17.9046, 14.616, 4.0194, 14.616, 5.6028, 1.218, 33.0078, 2.5578, 15.7122, 4.1412],
      [24.0093, 13.1943, 0.6489, 24.6582, 17.9529, 28.3353, 15.141, 16.4388, 15.7899, 29.4168, 0, 0.6489, 1.0815, 35.9058, 10.815, 31.1472, 25.5234, 8.4357, 13.6269, 31.7961, 28.5516, 1.0815, 1.2978, 5.8401, 15.141, 0.6489, 16.0062, 14.4921, 31.7961, 25.956, 7.1379, 25.956, 9.9498, 2.163, 58.6173, 4.5423, 27.9027, 7.3542],
      [39.3828, 21.6428, 1.0644, 40.4472, 29.4484, 46.4788, 24.836, 26.9648, 25.9004, 48.2528, 0, 1.0644, 1.774, 58.8968, 17.74, 51.0912, 41.8664, 13.8372, 22.3524, 52.1556, 46.8336, 1.774, 2.1288, 9.5796, 24.836, 1.0644, 26.2552, 23.7716, 52.1556, 42.576, 11.7084, 42.576, 16.3208, 3.548, 96.1508, 7.4508, 45.7692, 12.0632],
      [13.1091, 7.2041, 0.3543, 13.4634, 9.8023, 15.4711, 8.267, 8.9756, 8.6213, 16.0616, 0, 0.3543, 0.5905, 19.6046, 5.905, 17.0064, 13.9358, 4.6059, 7.4403, 17.3607, 15.5892, 0.5905, 0.7086, 3.1887, 8.267, 0.3543, 8.7394, 7.9127, 17.3607, 14.172, 3.8973, 14.172, 5.4326, 1.181, 32.0051, 2.4801, 15.2349, 4.0154]
    ],
    [
      [8.8466, 4.1741, 0.0623, 2.8035, 2.9904, 3.3019, 9.7188, 9.4696, 10.2172, 4.1741, 0.0623, 0.1246, 0.1869, 7.2891, 3.2396, 3.8626, 4.1118, 1.3706, 1.7444, 3.738, 6.5415, 0.0623, 0.1869, 0.8099, 7.4137, 0.1869, 6.1054, 2.7412, 6.853, 4.1118, 1.3083, 4.8594, 1.3706, 0.4984, 13.2076, 1.4329, 13.9552, 6.4169],
      [69.6084, 32.8434, 0.4902, 22.059, 23.5296, 25.9806, 76.4712, 74.5104, 80.3928, 32.8434, 0.4902, 0.9804, 1.4706, 57.3534, 25.4904, 30.3924, 32.3532, 10.7844, 13.7256, 29.412, 51.471, 0.4902, 1.4706, 6.3726, 58.3338, 1.4706, 48.0396, 21.5688, 53.922, 32.3532, 10.2942, 38.2356, 10.7844, 3.9216, 103.9224, 11.2746, 109.8048, 50.4906],
      [34.932, 16.482, 0.246, 11.07, 11.808, 13.038, 38.376, 37.392, 40.344, 16.482, 0.246, 0.492, 0.738, 28.782, 12.792, 15.252, 16.236, 5.412, 6.888, 14.76, 25.83, 0.246, 0.738, 3.198, 29.274, 0.738, 24.108, 10.824, 27.06, 16.236, 5.166, 19.188, 5.412, 1.968, 52.152, 5.658, 55.104, 25.338],
      [19.4256, 9.1656, 0.1368, 6.156, 6.5664, 7.2504, 21.3408, 20.7936, 22.4352, 9.1656, 0.1368, 0.2736, 0.4104, 16.0056, 7.1136, 8.4816, 9.0288, 3.0096, 3.8304, 8.208, 14.364, 0.1368, 0.4104, 1.7784, 16.2792, 0.4104, 13.4064, 6.0192, 15.048, 9.0288, 2.8728, 10.6704, 3.0096, 1.0944, 29.0016, 3.1464, 30.6432, 14.0904],
      [9.1874, 4.3349, 0.0647, 2.9115, 3.1056, 3.4291, 10.0932, 9.8344, 10.6108, 4.3349, 0.0647, 0.1294, 0.1941, 7.5699, 3.3644, 4.0114, 4.2702, 1.4234, 1.8116, 3.882, 6.7935, 0.0647, 0.1941, 0.8411, 7.6993, 0.1941, 6.3406, 2.8468, 7.117, 4.2702, 1.3587, 5.0466, 1.4234, 0.5176, 13.7164, 1.4881, 14.4928, 6.6641]
    ],
    [
      [12.1105, 5.3, 0.212, 3.869, 4.5315, 5.194, 9.1425, 7.7645, 8.8775, 12.4815, 0.318, 0.265, 0.636, 10.759, 3.4185, 5.6975, 5.1675, 1.8815, 4.6375, 7.3405, 11.395, 1.0335, 0.212, 1.113, 6.7575, 0.1855, 3.392, 8.7715, 11.8455, 6.784, 3.7895, 7.261, 3.7895, 2.756, 17.1455, 2.703, 15.0255, 5.7505],
      [14.624, 6.4, 0.256, 4.672, 5.472, 6.272, 11.04, 9.376, 10.72, 15.072, 0.384, 0.32, 0.768, 12.992, 4.128, 6.88, 6.24, 2.272, 5.6, 8.864, 13.76, 1.248, 0.256, 1.344, 8.16, 0.224, 4.096, 10.592, 14.304, 8.192, 4.576, 8.768, 4.576, 3.328, 20.704, 3.264, 18.144, 6.944],
      [381.6407, 167.02, 6.6808, 121.9246, 142.8021, 163.6796, 288.1095, 244.6843, 279.7585, 393.3321, 10.0212, 8.351, 20.0424, 339.0506, 107.7279, 179.5465, 162.8445, 59.2921, 146.1425, 231.3227, 359.093, 32.5689, 6.6808, 35.0742, 212.9505, 5.8457, 106.8928, 276.4181, 373.2897, 213.7856, 119.4193, 228.8174, 119.4193, 86.8504, 540.3097, 85.1802, 473.5017, 181.2167],
      [28.7453, 12.58, 0.5032, 9.1834, 10.7559, 12.3284, 21.7005, 18.4297, 21.0715, 29.6259, 0.7548, 0.629, 1.5096, 25.5374, 8.1141, 13.5235, 12.2655, 4.4659, 11.0075, 17.4233, 27.047, 2.4531, 0.5032, 2.6418, 16.0395, 0.4403, 8.0512, 20.8199, 28.1163, 16.1024, 8.9947, 17.2346, 8.9947, 6.5416, 40.6963, 6.4158, 35.6643, 13.6493],
      [19.8338, 8.68, 0.3472, 6.3364, 7.4214, 8.5064, 14.973, 12.7162, 14.539, 20.4414, 0.5208, 0.434, 1.0416, 17.6204, 5.5986, 9.331, 8.463, 3.0814, 7.595, 12.0218, 18.662, 1.6926, 0.3472, 1.8228, 11.067, 0.3038, 5.5552, 14.3654, 19.3998, 11.1104, 6.2062, 11.8916, 6.2062, 4.5136, 28.0798, 4.4268, 24.6078, 9.4178]
    ],
    [
      [7.0928, 3.916, 0.2288, 6.4856, 6.1688, 7.5592, 4.8224, 5.3592, 4.3208, 10.2432, 0.2992, 0.1672, 0.3344, 9.4512, 2.9744, 8.624, 6.8728, 2.42, 4.18, 8.8792, 10.648, 0.5368, 0.4664, 1.0296, 3.7664, 0.264, 3.2208, 5.2712, 9.3456, 6.8904, 2.2528, 9.0112, 3.608, 1.1792, 19.4216, 1.936, 12.6192, 5.7904],
      [7.4958, 4.1385, 0.2418, 6.8541, 6.5193, 7.9887, 5.0964, 5.6637, 4.5663, 10.8252, 0.3162, 0.1767, 0.3534, 9.9882, 3.1434, 9.114, 7.2633, 2.5575, 4.4175, 9.3837, 11.253, 0.5673, 0.4929, 1.0881, 3.9804, 0.279, 3.4038, 5.5707, 9.8766, 7.2819, 2.3808, 9.5232, 3.813, 1.2462, 20.5251, 2.046, 13.3362, 6.1194],
      [16.6842, 9.2115, 0.5382, 15.2559, 14.5107, 17.7813, 11.3436, 12.6063, 10.1637, 24.0948, 0.7038, 0.3933, 0.7866, 22.2318, 6.9966, 20.286, 16.1667, 5.6925, 9.8325, 20.8863, 25.047, 1.2627, 1.0971, 2.4219, 8.8596, 0.621, 7.5762, 12.3993, 21.9834, 16.2081, 5.2992, 21.1968, 8.487, 2.7738, 45.6849, 4.554, 29.6838, 13.6206],
      [765.7, 422.75, 24.7, 700.15, 665.95, 816.05, 520.6, 578.55, 466.45, 1105.8, 32.3, 18.05, 36.1, 1020.3, 321.1, 931, 741.95, 261.25, 451.25, 958.55, 1149.5, 57.95, 50.35, 111.15, 406.6, 28.5, 347.7, 569.05, 1008.9, 743.85, 243.2, 972.8, 389.5, 127.3, 2096.65, 209, 1362.3, 625.1],
      [9.0272, 4.984, 0.2912, 8.2544, 7.8512, 9.6208, 6.1376, 6.8208, 5.4992, 13.0368, 0.3808, 0.2128, 0.4256, 12.0288, 3.7856, 10.976, 8.7472, 3.08, 5.32, 11.3008, 13.552, 0.6832, 0.5936, 1.3104, 4.7936, 0.336, 4.0992, 6.7088, 11.8944, 8.7696, 2.8672, 11.4688, 4.592, 1.5008, 24.7184, 2.464, 16.0608, 7.3696]
    ],
    [
      [23.3376, 8.4864, 0.9792, 9.6288, 6.6912, 10.7712, 12.8928, 11.0976, 11.5872, 24.6432, 0.9792, 0.4896, 1.9584, 25.1328, 5.2224, 12.24, 12.0768, 5.3856, 11.5872, 17.6256, 21.0528, 0.6528, 0.816, 1.1424, 13.056, 0.1632, 5.712, 13.2192, 21.5424, 14.1984, 7.1808, 20.0736, 5.5488, 4.896, 38.5152, 6.528, 27.9072, 6.2016],
      [17.5747, 6.3908, 0.7374, 7.2511, 5.0389, 8.1114, 9.7091, 8.3572, 8.7259, 18.5579, 0.7374, 0.3687, 1.4748, 18.9266, 3.9328, 9.2175, 9.0946, 4.0557, 8.7259, 13.2732, 15.8541, 0.4916, 0.6145, 0.8603, 9.832, 0.1229, 4.3015, 9.9549, 16.2228, 10.6923, 5.4076, 15.1167, 4.1786, 3.687, 29.0044, 4.916, 21.0159, 4.6702],
      [33.1474, 12.0536, 1.3908, 13.6762, 9.5038, 15.2988, 18.3122, 15.7624, 16.4578, 35.0018, 1.3908, 0.6954, 2.7816, 35.6972, 7.4176, 17.385, 17.1532, 7.6494, 16.4578, 25.0344, 29.9022, 0.9272, 1.159, 1.6226, 18.544, 0.2318, 8.113, 18.7758, 30.5976, 20.1666, 10.1992, 28.5114, 7.8812, 6.954, 54.7048, 9.272, 39.6378, 8.8084],
      [30.7736, 11.1904, 1.2912, 12.6968, 8.8232, 14.2032, 17.0008, 14.6336, 15.2792, 32.4952, 1.2912, 0.6456, 2.5824, 33.1408, 6.8864, 16.14, 15.9248, 7.1016, 15.2792, 23.2416, 27.7608, 0.8608, 1.076, 1.5064, 17.216, 0.2152, 7.532, 17.4312, 28.4064, 18.7224, 9.4688, 26.4696, 7.3168, 6.456, 50.7872, 8.608, 36.7992, 8.1776],
      [38.181, 13.884, 1.602, 15.753, 10.947, 17.622, 21.093, 18.156, 18.957, 40.317, 1.602, 0.801, 3.204, 41.118, 8.544, 20.025, 19.758, 8.811, 18.957, 28.836, 34.443, 1.068, 1.335, 1.869, 21.36, 0.267, 9.345, 21.627, 35.244, 23.229, 11.748, 32.841, 9.078, 8.01, 63.012, 10.68, 45.657, 10.146]
    ]
  ],
  "V_est": [
    [549.612, 354.1944, 629.0004, 1031.7584, 343.4348],
    [159.5503, 1255.4022, 630.006, 350.3448, 165.6967],
    [219.314, 264.832, 6911.2876, 520.5604, 359.1784],
    [197.6568, 208.8873, 464.9427, 21337.95, 251.5632],
    [421.2192, 317.2049, 598.2758, 555.4312, 689.127]
  ],
  "p_est": [
    [0.189, 0.1218, 0.2163, 0.3548, 0.1181],
    [0.0623, 0.4902, 0.246, 0.1368, 0.0647],
    [0.0265, 0.032, 0.8351, 0.0629, 0.0434],
    [0.0088, 0.0093, 0.0207, 0.95, 0.0112],
    [0.1632, 0.1229, 0.2318, 0.2152, 0.267]
  ],
  "EI_Z": {},
  "EI_V": 10.1998,
  "MAE_Z": {},
  "MAE_V": 316.4942,
  "MAE_p": 0.0759,
  "runtime": 99.658
}
