{
  "Z_true": {},
  "V_true": [
    [125, 228, 705, 96, 140],
    [1958, 1096, 606, 45, 49],
    [669, 5429, 328, 231, 47],
    [583, 425, 17105, 399, 293],
    [270, 1135, 524, 153, 143],
    [179, 203, 693, 121, 199]
  ],
  "p_true": [
    [0.0966, 0.1762, 0.5448, 0.0742, 0.1082],
    [0.5216, 0.292, 0.1614, 0.012, 0.0131],
    [0.0998, 0.8098, 0.0489, 0.0345, 0.007],
    [0.031, 0.0226, 0.9096, 0.0212, 0.0156],
    [0.1213, 0.5101, 0.2355, 0.0688, 0.0643],
    [0.1283, 0.1455, 0.4968, 0.0867, 0.1427]
  ],
  "Z_est": {},
  "V_est": [
    [87.7106, 544.0871, 411.1931, 0, 251.0092],
    [3038.8879, 0, 481.4609, 0, 233.6512],
    [0, 6704, 0, 0, 0],
    [0, 0, 18802.8399, 2.1601, 0],
    [178.5044, 1267.9129, 265.5061, 488.1506, 24.926],
    [478.8971, 0, 0, 554.6893, 361.4136]
  ],
  "p_est": [
    [0.0678, 0.4205, 0.3178, 0, 0.194],
    [0.8095, 0, 0.1283, 0, 0.0622],
    [0, 1, 0, 0, 0],
    [0, 0, 0.9999, 0.0001, 0],
    [0.0802, 0.5698, 0.1193, 0.2194, 0.0112],
    [0.3433, 0, 0, 0.3976, 0.2591]
  ],
  "EI_Z": {},
  "EI_V": 17.6421,
  "MAE_Z": {},
  "MAE_V": 401.9692,
  "MAE_p": 0.12,
  "runtime": 0.0401
}
