{
  "Z_true": {},
  "V_true": [
    [11, 391, 31, 286, 60],
    [138, 257, 239, 15901, 773],
    [32, 26, 1404, 235, 124],
    [98, 85, 521, 508, 352],
    [429, 5, 131, 233, 77],
    [46, 110, 294, 832, 970]
  ],
  "p_true": [
    [0.0141, 0.5019, 0.0398, 0.3671, 0.077],
    [0.008, 0.0148, 0.0138, 0.9187, 0.0447],
    [0.0176, 0.0143, 0.771, 0.129, 0.0681],
    [0.0627, 0.0543, 0.3331, 0.3248, 0.2251],
    [0.4903, 0.0057, 0.1497, 0.2663, 0.088],
    [0.0204, 0.0488, 0.1306, 0.3694, 0.4307]
  ],
  "Z_est": [
    [
      [2.8865, 1.004, 8.1575, 7.6555, 6.777, 2.259, 2.3845, 2.761, 2.259, 1.8825, 2.259, 0.6275, 1.6315, 0.753, 1.3805, 2.761, 3.1375, 0.8785, 3.012, 4.1415, 1.8825, 2.51, 3.263, 3.263, 1.004, 3.765, 4.6435, 1.757, 0.502, 1.1295, 14.809, 0.6275],
      [5.865, 2.04, 16.575, 15.555, 13.77, 4.59, 4.845, 5.61, 4.59, 3.825, 4.59, 1.275, 3.315, 1.53, 2.805, 5.61, 6.375, 1.785, 6.12, 8.415, 3.825, 5.1, 6.63, 6.63, 2.04, 7.65, 9.435, 3.57, 1.02, 2.295, 30.09, 1.275],
      [4.6759, 1.6264, 13.2145, 12.4013, 10.9782, 3.6594, 3.8627, 4.4726, 3.6594, 3.0495, 3.6594, 1.0165, 2.6429, 1.2198, 2.2363, 4.4726, 5.0825, 1.4231, 4.8792, 6.7089, 3.0495, 4.066, 5.2858, 5.2858, 1.6264, 6.099, 7.5221, 2.8462, 0.8132, 1.8297, 23.9894, 1.0165],
      [4.4045, 1.532, 12.4475, 11.6815, 10.341, 3.447, 3.6385, 4.213, 3.447, 2.8725, 3.447, 0.9575, 2.4895, 1.149, 2.1065, 4.213, 4.7875, 1.3405, 4.596, 6.3195, 2.8725, 3.83, 4.979, 4.979, 1.532, 5.745, 7.0855, 2.681, 0.766, 1.7235, 22.597, 0.9575],
      [5.1704, 1.7984, 14.612, 13.7128, 12.1392, 4.0464, 4.2712, 4.9456, 4.0464, 3.372, 4.0464, 1.124, 2.9224, 1.3488, 2.4728, 4.9456, 5.62, 1.5736, 5.3952, 7.4184, 3.372, 4.496, 5.8448, 5.8448, 1.7984, 6.744, 8.3176, 3.1472, 0.8992, 2.0232, 26.5264, 1.124]
    ],
    [
      [3.7027, 0.4636, 3.111, 4.0382, 3.0012, 3.9711, 5.0081, 3.5258, 5.4473, 4.2822, 3.111, 1.5433, 4.8434, 1.7568, 4.2761, 2.7694, 3.355, 4.6238, 4.4408, 4.3249, 3.7637, 2.5925, 2.2997, 1.9398, 0.976, 2.5986, 3.6356, 2.1228, 0.6771, 1.2993, 11.6022, 0.4758],
      [3.8241, 0.4788, 3.213, 4.1706, 3.0996, 4.1013, 5.1723, 3.6414, 5.6259, 4.4226, 3.213, 1.5939, 5.0022, 1.8144, 4.4163, 2.8602, 3.465, 4.7754, 4.5864, 4.4667, 3.8871, 2.6775, 2.3751, 2.0034, 1.008, 2.6838, 3.7548, 2.1924, 0.6993, 1.3419, 11.9826, 0.4914],
      [12.5649, 1.5732, 10.557, 13.7034, 10.1844, 13.4757, 16.9947, 11.9646, 18.4851, 14.5314, 10.557, 5.2371, 16.4358, 5.9616, 14.5107, 9.3978, 11.385, 15.6906, 15.0696, 14.6763, 12.7719, 8.7975, 7.8039, 6.5826, 3.312, 8.8182, 12.3372, 7.2036, 2.2977, 4.4091, 39.3714, 1.6146],
      [578.1068, 72.3824, 485.724, 630.4888, 468.5808, 620.0124, 781.9204, 550.4872, 850.4932, 668.5848, 485.724, 240.9572, 756.2056, 274.2912, 667.6324, 432.3896, 523.82, 721.9192, 693.3472, 675.2516, 587.6308, 404.77, 359.0548, 302.8632, 152.384, 405.7224, 567.6304, 331.4352, 105.7164, 202.8612, 1811.4648, 74.2872],
      [8.8015, 1.102, 7.395, 9.599, 7.134, 9.4395, 11.9045, 8.381, 12.9485, 10.179, 7.395, 3.6685, 11.513, 4.176, 10.1645, 6.583, 7.975, 10.991, 10.556, 10.2805, 8.9465, 6.1625, 5.4665, 4.611, 2.32, 6.177, 8.642, 5.046, 1.6095, 3.0885, 27.579, 1.131]
    ],
    [
      [2.366, 0.5408, 10.5456, 11.2216, 10.9512, 3.38, 3.2448, 1.9604, 1.4196, 3.1096, 3.5828, 0.5408, 1.7576, 1.2168, 1.0816, 3.1772, 5.3404, 2.7716, 1.8252, 5.2052, 1.2168, 3.5152, 5.408, 4.1912, 1.0816, 6.5572, 6.9628, 4.1236, 0.338, 1.014, 13.0468, 0.4056],
      [3.213, 0.7344, 14.3208, 15.2388, 14.8716, 4.59, 4.4064, 2.6622, 1.9278, 4.2228, 4.8654, 0.7344, 2.3868, 1.6524, 1.4688, 4.3146, 7.2522, 3.7638, 2.4786, 7.0686, 1.6524, 4.7736, 7.344, 5.6916, 1.4688, 8.9046, 9.4554, 5.5998, 0.459, 1.377, 17.7174, 0.5508],
      [19.8345, 4.5336, 88.4052, 94.0722, 91.8054, 28.335, 27.2016, 16.4343, 11.9007, 26.0682, 30.0351, 4.5336, 14.7342, 10.2006, 9.0672, 26.6349, 44.7693, 23.2347, 15.3009, 43.6359, 10.2006, 29.4684, 45.336, 35.1354, 9.0672, 54.9699, 58.3701, 34.5687, 2.8335, 8.5005, 109.3731, 3.4002],
      [5.047, 1.1536, 22.4952, 23.9372, 23.3604, 7.21, 6.9216, 4.1818, 3.0282, 6.6332, 7.6426, 1.1536, 3.7492, 2.5956, 2.3072, 6.7774, 11.3918, 5.9122, 3.8934, 11.1034, 2.5956, 7.4984, 11.536, 8.9404, 2.3072, 13.9874, 14.8526, 8.7962, 0.721, 2.163, 27.8306, 0.8652],
      [4.5395, 1.0376, 20.2332, 21.5302, 21.0114, 6.485, 6.2256, 3.7613, 2.7237, 5.9662, 6.8741, 1.0376, 3.3722, 2.3346, 2.0752, 6.0959, 10.2463, 5.3177, 3.5019, 9.9869, 2.3346, 6.7444, 10.376, 8.0414, 2.0752, 12.5809, 13.3591, 7.9117, 0.6485, 1.9455, 25.0321, 0.7782]
    ],
    [
      [3.2112, 0.9812, 12.042, 9.9012, 13.2016, 4.3708, 3.6572, 2.1408, 1.5164, 2.9436, 4.9952, 1.0704, 1.5164, 0.892, 2.4084, 4.014, 6.7792, 2.5868, 3.2112, 5.6196, 1.8732, 2.9436, 6.0656, 6.4224, 2.4976, 6.5116, 6.1548, 3.7464, 2.5868, 2.9436, 10.704, 0],
      [3.6252, 1.1077, 13.5945, 11.1777, 14.9036, 4.9343, 4.1287, 2.4168, 1.7119, 3.3231, 5.6392, 1.2084, 1.7119, 1.007, 2.7189, 4.5315, 7.6532, 2.9203, 3.6252, 6.3441, 2.1147, 3.3231, 6.8476, 7.2504, 2.8196, 7.3511, 6.9483, 4.2294, 2.9203, 3.3231, 12.084, 0],
      [11.8656, 3.6256, 44.496, 36.5856, 48.7808, 16.1504, 13.5136, 7.9104, 5.6032, 10.8768, 18.4576, 3.9552, 5.6032, 3.296, 8.8992, 14.832, 25.0496, 9.5584, 11.8656, 20.7648, 6.9216, 10.8768, 22.4128, 23.7312, 9.2288, 24.0608, 22.7424, 13.8432, 9.5584, 10.8768, 39.552, 0],
      [8.6472, 2.6422, 32.427, 26.6622, 35.5496, 11.7698, 9.8482, 5.7648, 4.0834, 7.9266, 13.4512, 2.8824, 4.0834, 2.402, 6.4854, 10.809, 18.2552, 6.9658, 8.6472, 15.1326, 5.0442, 7.9266, 16.3336, 17.2944, 6.7256, 17.5346, 16.5738, 10.0884, 6.9658, 7.9266, 28.824, 0],
      [8.6508, 2.6433, 32.4405, 26.6733, 35.5644, 11.7747, 9.8523, 5.7672, 4.0851, 7.9299, 13.4568, 2.8836, 4.0851, 2.403, 6.4881, 10.8135, 18.2628, 6.9687, 8.6508, 15.1389, 5.0463, 7.9299, 16.3404, 17.3016, 6.7284, 17.5419, 16.5807, 10.0926, 6.9687, 7.9299, 28.836, 0]
    ],
    [
      [12.9195, 0.9396, 17.6175, 18.5571, 24.4296, 7.047, 8.2215, 1.8792, 2.8188, 3.0537, 4.4631, 0.9396, 0.9396, 0.9396, 1.8792, 8.4564, 6.8121, 1.4094, 2.1141, 8.2215, 1.1745, 4.698, 8.2215, 8.2215, 1.4094, 6.1074, 9.8658, 3.7584, 1.6443, 3.0537, 22.5504, 1.1745],
      [8.1565, 0.5932, 11.1225, 11.7157, 15.4232, 4.449, 5.1905, 1.1864, 1.7796, 1.9279, 2.8177, 0.5932, 0.5932, 0.5932, 1.1864, 5.3388, 4.3007, 0.8898, 1.3347, 5.1905, 0.7415, 2.966, 5.1905, 5.1905, 0.8898, 3.8558, 6.2286, 2.3728, 1.0381, 1.9279, 14.2368, 0.7415],
      [14.7455, 1.0724, 20.1075, 21.1799, 27.8824, 8.043, 9.3835, 2.1448, 3.2172, 3.4853, 5.0939, 1.0724, 1.0724, 1.0724, 2.1448, 9.6516, 7.7749, 1.6086, 2.4129, 9.3835, 1.3405, 5.362, 9.3835, 9.3835, 1.6086, 6.9706, 11.2602, 4.2896, 1.8767, 3.4853, 25.7376, 1.3405],
      [9.207, 0.6696, 12.555, 13.2246, 17.4096, 5.022, 5.859, 1.3392, 2.0088, 2.1762, 3.1806, 0.6696, 0.6696, 0.6696, 1.3392, 6.0264, 4.8546, 1.0044, 1.5066, 5.859, 0.837, 3.348, 5.859, 5.859, 1.0044, 4.3524, 7.0308, 2.6784, 1.1718, 2.1762, 16.0704, 0.837],
      [9.977, 0.7256, 13.605, 14.3306, 18.8656, 5.442, 6.349, 1.4512, 2.1768, 2.3582, 3.4466, 0.7256, 0.7256, 0.7256, 1.4512, 6.5304, 5.2606, 1.0884, 1.6326, 6.349, 0.907, 3.628, 6.349, 6.349, 1.0884, 4.7164, 7.6188, 2.9024, 1.2698, 2.3582, 17.4144, 0.907]
    ],
    [
      [2.3608, 0.4086, 5.902, 7.5364, 8.0358, 3.0872, 3.178, 2.951, 3.3596, 3.3142, 2.3608, 0.908, 3.178, 1.3166, 2.27, 3.0418, 2.9056, 2.5878, 2.7694, 4.8578, 2.4516, 2.8602, 3.3142, 2.951, 1.2712, 2.951, 4.3584, 2.497, 0.5902, 1.5436, 10.6236, 0.4994],
      [2.912, 0.504, 7.28, 9.296, 9.912, 3.808, 3.92, 3.64, 4.144, 4.088, 2.912, 1.12, 3.92, 1.624, 2.8, 3.752, 3.584, 3.192, 3.416, 5.992, 3.024, 3.528, 4.088, 3.64, 1.568, 3.64, 5.376, 3.08, 0.728, 1.904, 13.104, 0.616],
      [7.202, 1.2465, 18.005, 22.991, 24.5145, 9.418, 9.695, 9.0025, 10.249, 10.1105, 7.202, 2.77, 9.695, 4.0165, 6.925, 9.2795, 8.864, 7.8945, 8.4485, 14.8195, 7.479, 8.7255, 10.1105, 9.0025, 3.878, 9.0025, 13.296, 7.6175, 1.8005, 4.709, 32.409, 1.5235],
      [12.5684, 2.1753, 31.421, 40.1222, 42.7809, 16.4356, 16.919, 15.7105, 17.8858, 17.6441, 12.5684, 4.834, 16.919, 7.0093, 12.085, 16.1939, 15.4688, 13.7769, 14.7437, 25.8619, 13.0518, 15.2271, 17.6441, 15.7105, 6.7676, 15.7105, 23.2032, 13.2935, 3.1421, 8.2178, 56.5578, 2.6587],
      [26.9568, 4.6656, 67.392, 86.0544, 91.7568, 35.2512, 36.288, 33.696, 38.3616, 37.8432, 26.9568, 10.368, 36.288, 15.0336, 25.92, 34.7328, 33.1776, 29.5488, 31.6224, 55.4688, 27.9936, 32.6592, 37.8432, 33.696, 14.5152, 33.696, 49.7664, 28.512, 6.7392, 17.6256, 121.3056, 5.7024]
    ]
  ],
  "V_est": [
    [97.7645, 198.645, 158.3707, 149.1785, 175.1192],
    [105.5788, 109.0404, 358.2756, 16484.1392, 250.966],
    [123.0996, 167.1678, 1031.9607, 262.5882, 236.1837],
    [139.5088, 157.4948, 515.4944, 375.6728, 375.8292],
    [205.5375, 129.7625, 234.5875, 146.475, 158.725],
    [102.2408, 126.112, 311.902, 544.3084, 1167.4368]
  ],
  "p_est": [
    [0.1255, 0.255, 0.2033, 0.1915, 0.2248],
    [0.0061, 0.0063, 0.0207, 0.9524, 0.0145],
    [0.0676, 0.0918, 0.5667, 0.1442, 0.1297],
    [0.0892, 0.1007, 0.3296, 0.2402, 0.2403],
    [0.2349, 0.1483, 0.2681, 0.1674, 0.1814],
    [0.0454, 0.056, 0.1385, 0.2417, 0.5184]
  ],
  "EI_Z": {},
  "EI_V": 8.6964,
  "MAE_Z": {},
  "MAE_V": 142.615,
  "MAE_p": 0.0825,
  "runtime": 110.041
}
