{
  "X": [
    [3, 3, 83, 75, 13],
    [20, 13, 158, 60, 18],
    [9, 6, 43, 28, 4],
    [45, 31, 306, 187, 44],
    [2, 2, 5, 4, 1],
    [10, 10, 37, 17, 10],
    [10, 6, 28, 12, 6],
    [8, 5, 84, 50, 9],
    [12, 21, 80, 33, 10],
    [6, 8, 28, 16, 4],
    [2, 1, 3, 2, 1],
    [46, 17, 129, 78, 10],
    [20, 3, 37, 38, 8],
    [2, 1, 14, 6, 4],
    [14, 40, 89, 34, 9],
    [65, 28, 449, 209, 63],
    [29, 18, 204, 57, 27],
    [319, 184, 2782, 1004, 309],
    [21, 13, 174, 81, 18],
    [1, 4, 12, 10, 6],
    [28, 15, 120, 57, 17],
    [326, 137, 1709, 1177, 216],
    [172, 95, 729, 438, 175],
    [25, 17, 151, 68, 23],
    [11, 6, 48, 36, 9],
    [25, 14, 224, 117, 23],
    [73, 37, 510, 259, 58],
    [2, 0, 6, 3, 1],
    [53, 30, 301, 154, 25],
    [29, 8, 128, 79, 23],
    [508, 219, 3019, 1699, 562],
    [29, 14, 193, 92, 27],
    [15, 3, 42, 32, 8],
    [422, 220, 2381, 1393, 421],
    [7, 0, 26, 13, 1],
    [4, 0, 19, 10, 0],
    [13, 6, 93, 44, 13],
    [19, 11, 126, 43, 14],
    [41, 18, 138, 85, 24],
    [6, 3, 40, 37, 8],
    [98, 47, 637, 298, 105],
    [4, 1, 6, 2, 2],
    [4, 1, 64, 42, 8],
    [3, 2, 1, 2, 1],
    [2, 1, 5, 8, 4],
    [20, 10, 126, 48, 25],
    [34, 8, 139, 87, 18],
    [1, 4, 8, 7, 3],
    [18, 13, 54, 77, 13],
    [5, 5, 15, 20, 1],
    [0, 2, 3, 3, 0],
    [1, 2, 9, 6, 0],
    [2, 0, 5, 1, 2],
    [43, 9, 89, 124, 22],
    [50, 13, 131, 162, 28],
    [33, 7, 76, 99, 14],
    [46, 10, 100, 163, 31],
    [2, 2, 9, 20, 1],
    [2, 0, 3, 1, 1],
    [64, 17, 236, 99, 59],
    [56, 18, 268, 119, 57],
    [65, 29, 330, 171, 60],
    [3, 0, 5, 3, 3],
    [0, 0, 2, 2, 2],
    [6, 0, 4, 5, 0],
    [2, 1, 1, 3, 0],
    [1, 2, 2, 1, 0],
    [1, 1, 12, 6, 1],
    [65, 21, 252, 212, 34],
    [72, 23, 131, 176, 32],
    [0, 0, 8, 2, 3],
    [52, 20, 165, 185, 71],
    [43, 22, 208, 129, 47],
    [2, 2, 15, 7, 0],
    [3, 2, 14, 10, 0],
    [5, 1, 30, 20, 11],
    [1, 1, 5, 3, 0],
    [0, 0, 3, 7, 0],
    [2, 1, 12, 10, 0],
    [45, 40, 230, 159, 37],
    [52, 14, 244, 159, 37],
    [58, 22, 276, 189, 74],
    [65, 22, 310, 193, 53],
    [27, 9, 90, 82, 17],
    [19, 9, 98, 79, 13],
    [29, 10, 125, 99, 30],
    [2, 1, 20, 16, 9],
    [9, 0, 12, 11, 5],
    [1, 0, 8, 9, 1],
    [2, 5, 11, 4, 0],
    [89, 16, 217, 202, 39],
    [7, 4, 52, 38, 16],
    [14, 5, 20, 28, 9],
    [22, 28, 129, 55, 30],
    [63, 8, 109, 127, 31],
    [53, 23, 240, 142, 63],
    [23, 81, 312, 114, 36],
    [273, 181, 1661, 786, 335],
    [195, 110, 862, 517, 246],
    [3, 0, 8, 10, 3]
  ],
  "W": [
    [3, 69, 80, 25],
    [6, 148, 95, 20],
    [2, 44, 37, 7],
    [18, 307, 248, 40],
    [3, 5, 6, 0],
    [2, 40, 30, 12],
    [3, 27, 29, 3],
    [5, 80, 64, 7],
    [5, 89, 52, 10],
    [2, 31, 28, 1],
    [0, 0, 9, 0],
    [7, 110, 140, 23],
    [2, 32, 68, 4],
    [0, 12, 7, 8],
    [3, 93, 82, 8],
    [26, 376, 349, 63],
    [5, 171, 139, 20],
    [126, 2434, 1753, 285],
    [7, 142, 141, 17],
    [2, 13, 16, 2],
    [8, 115, 93, 21],
    [89, 1546, 1719, 211],
    [111, 658, 704, 136],
    [9, 148, 113, 14],
    [4, 52, 48, 6],
    [7, 195, 179, 22],
    [29, 476, 366, 66],
    [0, 7, 4, 1],
    [13, 253, 272, 25],
    [20, 94, 143, 10],
    [353, 2508, 2792, 354],
    [31, 153, 162, 9],
    [4, 31, 55, 10],
    [284, 2008, 2302, 243],
    [2, 23, 17, 5],
    [0, 18, 13, 2],
    [3, 76, 75, 15],
    [5, 114, 80, 14],
    [12, 123, 152, 19],
    [7, 28, 55, 4],
    [54, 517, 543, 71],
    [0, 7, 7, 1],
    [1, 54, 49, 15],
    [0, 3, 5, 1],
    [6, 5, 8, 1],
    [11, 112, 94, 12],
    [9, 116, 139, 22],
    [1, 12, 9, 1],
    [5, 56, 105, 9],
    [2, 12, 26, 6],
    [0, 5, 3, 0],
    [0, 8, 9, 1],
    [0, 5, 3, 2],
    [8, 67, 193, 19],
    [20, 100, 228, 36],
    [6, 55, 156, 12],
    [16, 74, 244, 16],
    [0, 6, 28, 0],
    [0, 1, 3, 3],
    [28, 193, 207, 47],
    [17, 228, 236, 37],
    [34, 277, 310, 34],
    [1, 4, 7, 2],
    [0, 3, 2, 1],
    [0, 2, 13, 0],
    [0, 1, 5, 1],
    [0, 3, 3, 0],
    [0, 7, 13, 1],
    [13, 210, 325, 36],
    [21, 120, 274, 19],
    [1, 5, 4, 3],
    [56, 141, 253, 43],
    [28, 203, 187, 31],
    [1, 1, 23, 1],
    [0, 12, 14, 3],
    [6, 20, 36, 5],
    [0, 5, 5, 0],
    [0, 5, 5, 0],
    [0, 7, 17, 1],
    [14, 187, 289, 21],
    [20, 150, 306, 30],
    [35, 217, 325, 42],
    [45, 233, 331, 34],
    [20, 65, 120, 20],
    [10, 85, 108, 15],
    [17, 103, 160, 13],
    [5, 16, 22, 5],
    [2, 9, 20, 6],
    [0, 7, 10, 2],
    [0, 14, 6, 2],
    [22, 159, 347, 35],
    [5, 51, 57, 4],
    [7, 21, 39, 9],
    [9, 116, 117, 22],
    [15, 91, 210, 22],
    [28, 181, 272, 40],
    [14, 320, 181, 51],
    [146, 1600, 1139, 351],
    [79, 769, 832, 250],
    [1, 4, 17, 2]
  ],
  "method": "mult",
  "cond_prob": [
    [
      [0.010339455809, 0.0012642578989, 0.10252289866, 0.24031284782, 0.64556053981],
      [0.0012132624527, 0.02719008813, 0.8815977915, 0.087086001274, 0.0029128566394],
      [0.027241455219, 0.0047760184981, 0.2076137175, 0.7483940729, 0.011974735874],
      [0.028238004231, 0.02952038662, 0.2101234516, 0.33594406145, 0.3961740961]
    ],
    [
      [0.053743265146, 0.0029639445155, 0.094317652423, 0.13986839153, 0.70910674639],
      [0.0030537328358, 0.068299135575, 0.87609463316, 0.038019583113, 0.01453291532],
      [0.17281516856, 0.016635733908, 0.25271103335, 0.52477735886, 0.03306070532],
      [0.1404073468, 0.064677477327, 0.18822701049, 0.18400211293, 0.42268605244]
    ],
    [
      [0.078690411212, 0.005157248281, 0.099574098765, 0.21434673286, 0.60223150888],
      [0.012727448088, 0.10455197982, 0.79919161505, 0.079178321346, 0.004350635697],
      [0.18982560659, 0.018338492719, 0.17414216985, 0.60416076503, 0.013532965811],
      [0.17986628829, 0.10155345154, 0.17045149367, 0.24764458414, 0.30048418236]
    ],
    [
      [0.046889867826, 0.003067819888, 0.080667481714, 0.16856594007, 0.7008088905],
      [0.0090520297213, 0.079439550717, 0.81828032719, 0.073530360304, 0.019697732069],
      [0.14708512887, 0.01517228565, 0.1891231809, 0.61470072932, 0.033918675266],
      [0.1224974324, 0.069852758263, 0.16083440051, 0.22365528983, 0.423160119]
    ],
    [
      [0.24596090985, 0.088406430378, 0.11945137073, 0.21284795572, 0.33333333333],
      [0, 0.26018314935, 0.69196846997, 0.047848380689, 0],
      [0.21035287841, 0.072310827023, 0.19696725633, 0.52036903823, 0],
      [0.22228689677, 0.28381075352, 0.13352979181, 0.17632194979, 0.18405060812]
    ],
    [
      [0.062749191078, 0.0060419877083, 0.062665023919, 0.099310561494, 0.7692332358],
      [0.0091372069876, 0.17899556442, 0.74035382085, 0.035564768972, 0.035948638764],
      [0.25102537502, 0.041031071478, 0.19346028061, 0.46064288084, 0.053840392049],
      [0.16485434064, 0.13309677528, 0.12139239163, 0.12995847442, 0.45069801803]
    ],
    [
      [0.073322160475, 0.0055045458816, 0.063913493468, 0.075245629043, 0.78201417113],
      [0.0048282877948, 0.16466468562, 0.77793423944, 0.023700261655, 0.028872525493],
      [0.31237199387, 0.040362472022, 0.22123670129, 0.37350731308, 0.052521519739],
      [0.19696064196, 0.1223427207, 0.12939023909, 0.10088132297, 0.45042507528]
    ],
    [
      [0.035171645401, 0.0020853423345, 0.090732858348, 0.18628426152, 0.6857258924],
      [0.0054024803583, 0.050060809848, 0.86030954435, 0.071984521513, 0.012242643933],
      [0.10512227049, 0.010062066572, 0.20956380945, 0.64900495673, 0.026246896762],
      [0.094874004756, 0.0486766057, 0.18706976512, 0.25335710577, 0.41602251865]
    ],
    [
      [0.061325627986, 0.0085228883564, 0.083748229919, 0.14439600709, 0.70200724665],
      [0.0043051043367, 0.19012448572, 0.7529521996, 0.039148493043, 0.013469717301],
      [0.18983361837, 0.045639341049, 0.21298602186, 0.52099866049, 0.03054235824],
      [0.1438869419, 0.16630605942, 0.14932399498, 0.17018737384, 0.37029562985]
    ],
    [
      [0.046702775292, 0.0065752966605, 0.056571470613, 0.10277238139, 0.78737807605],
      [0.0053532568943, 0.20961054503, 0.72040770024, 0.040861020869, 0.023767476962],
      [0.20038567785, 0.047639386871, 0.1941183038, 0.51375624214, 0.044100389341],
      [0.12984450601, 0.15501967829, 0.11890584481, 0.14258881037, 0.45364116051]
    ],
    [
      [0, 0, 0, 0, 1],
      [0.002017646948, 0.30179112999, 0.67000578463, 0.0061775041942, 0.020007934238],
      [0.22222222222, 0.11111111111, 0.33333333333, 0.22222222222, 0.11111111111],
      [0, 0, 0, 0, 1]
    ],
    [
      [0.13528385132, 0.0067134954958, 0.13620722156, 0.20295798345, 0.51883744817],
      [0.0094051523854, 0.10313736841, 0.83980006532, 0.046298261736, 0.0013591521535],
      [0.27142176642, 0.021993282025, 0.22176558959, 0.47793213015, 0.0068872318106],
      [0.26171299909, 0.10994937058, 0.20092868356, 0.19895596102, 0.22845298576]
    ],
    [
      [0.064137428097, 0.0017343514318, 0.054711123831, 0.10475841616, 0.77465868048],
      [0.015024152878, 0.067430139809, 0.8264228758, 0.060229240728, 0.030893590782],
      [0.27422479481, 0.0097011320272, 0.14647329852, 0.51837471881, 0.051226055825],
      [0.18591655113, 0.044772461348, 0.1212153568, 0.15341664624, 0.49467898448]
    ],
    [
      [0.038844676408, 0.0016992709055, 0.080055862954, 0.12797485293, 0.7514253368],
      [0.0033125261258, 0.047457327104, 0.90029680963, 0.040914281913, 0.0080190552304],
      [0.14578885803, 0.011127742418, 0.24320718612, 0.57053880337, 0.029337410068],
      [0.11746596003, 0.044077234729, 0.18674849771, 0.18940712419, 0.46230118335]
    ],
    [
      [0.051543619102, 0.016047718725, 0.08843339474, 0.10574673048, 0.73822853695],
      [0, 0.29295103823, 0.69577084081, 0, 0.011278120955],
      [0.15813906561, 0.12769197837, 0.27889880905, 0.39984136391, 0.03542878306],
      [0.10974572037, 0.27958350769, 0.14478865979, 0.11197099597, 0.35391111617]
    ],
    [
      [0.049044766425, 0.002378889399, 0.099519309055, 0.13840964075, 0.71064739437],
      [0.0013481285407, 0.052914008788, 0.89853448558, 0.032735118334, 0.014468258753],
      [0.1577748809, 0.013682533179, 0.27478848811, 0.52005719725, 0.033696900558],
      [0.12943660805, 0.051861547491, 0.20098966722, 0.18401560326, 0.43369657398]
    ],
    [
      [0.044859175567, 0.0028650081426, 0.082025460013, 0.075538308362, 0.79471204792],
      [0, 0.0697349521, 0.90180198679, 0.0022483592686, 0.026214701844],
      [0.18867130926, 0.033995570612, 0.32936348138, 0.38920629355, 0.058763345201],
      [0.12751960677, 0.066780691762, 0.18001045239, 0.10690821097, 0.51878103811]
    ],
    [
      [0.048877009344, 0.0026517163299, 0.10246570124, 0.13214464634, 0.71386092674],
      [0, 0.056714944535, 0.90524828084, 0.02414269775, 0.01389407687],
      [0.15762602414, 0.016740954567, 0.28928858344, 0.50134324264, 0.035001195216],
      [0.12815114561, 0.057104615397, 0.20558638351, 0.17449734701, 0.43466050847]
    ],
    [
      [0.042886654406, 0.0031243066769, 0.10596493588, 0.14217596969, 0.70584813334],
      [0, 0.064291536139, 0.90017612481, 0.024231516136, 0.011300822918],
      [0.13328041403, 0.0191797132, 0.29667496496, 0.52047758267, 0.030387325127],
      [0.11219147296, 0.067317185901, 0.21188621568, 0.18685610375, 0.42174902172]
    ],
    [
      [0.0080876539167, 0.0042213336284, 0.032396783198, 0.06911108039, 0.88618314887],
      [0, 0.22215062381, 0.68104278401, 0.021457760379, 0.075348831802],
      [0.057878768926, 0.052312273351, 0.18157660549, 0.58369335506, 0.12453899717],
      [0.028882194675, 0.13330142482, 0.088212276773, 0.12186663666, 0.62773746706]
    ],
    [
      [0.081854596811, 0.0043362456372, 0.093321381753, 0.14766196721, 0.67282580859],
      [0.0099314460565, 0.096998888673, 0.83169849735, 0.049031307079, 0.012339860846],
      [0.23751509517, 0.021071140761, 0.215498539, 0.49919455559, 0.026720669479],
      [0.19591157515, 0.088134368893, 0.16984464877, 0.17881001326, 0.36729939393]
    ],
    [
      [0.05551223149, 0.002825234085, 0.092138925092, 0.17349038934, 0.67603322],
      [0.0079483901454, 0.06559316325, 0.84780706775, 0.063698150881, 0.014953227976],
      [0.16238350572, 0.013041634313, 0.20507881757, 0.59107874023, 0.028417302165],
      [0.14044527911, 0.061246229375, 0.17800673712, 0.22283251009, 0.3974692443]
    ],
    [
      [0.061529686837, 0.0041079669378, 0.084471910773, 0.13936293958, 0.71052749587],
      [0.0069245809231, 0.10111358373, 0.8253909813, 0.046492075747, 0.020078778298],
      [0.19826475108, 0.022685757261, 0.21917398981, 0.52243904893, 0.037436452915],
      [0.15467239523, 0.088533121069, 0.16336664251, 0.17751351041, 0.41591433078]
    ],
    [
      [0.050649747326, 0.0032381166632, 0.073639811086, 0.11694523068, 0.75552709425],
      [0.0061418397333, 0.091643625823, 0.83065198842, 0.043311113701, 0.028251432318],
      [0.19202199616, 0.020868888164, 0.22344461887, 0.51576059075, 0.047903906053],
      [0.13833388767, 0.074958283264, 0.15367896295, 0.1611786672, 0.47185019891]
    ],
    [
      [0.053161939567, 0.0027543845481, 0.060904224519, 0.14943657063, 0.73374288074],
      [0.016264494293, 0.094076460289, 0.77309433926, 0.088952295063, 0.027612411093],
      [0.1889860851, 0.013901505893, 0.14129999178, 0.61538007963, 0.040432337597],
      [0.14504440894, 0.071622373988, 0.12884630918, 0.20641509197, 0.44807181593]
    ],
    [
      [0.038904322153, 0.0023628448548, 0.096855157566, 0.15600492748, 0.70587274794],
      [0.0023088084183, 0.053713098779, 0.88689493044, 0.042761332898, 0.014321829462],
      [0.12282120121, 0.01309177551, 0.25706538389, 0.57503576884, 0.031985870549],
      [0.10420259489, 0.052999000354, 0.19830903381, 0.21082286226, 0.43366650868]
    ],
    [
      [0.057808509498, 0.0027742539135, 0.10114875918, 0.17832325722, 0.65994522019],
      [0.0065666213036, 0.059545826436, 0.86554941964, 0.058224878761, 0.010113253863],
      [0.16038301376, 0.012832270477, 0.22505763445, 0.57722530809, 0.024501773221],
      [0.1439039159, 0.058774579672, 0.19233436405, 0.22498667406, 0.38000046632]
    ],
    [
      [0, 0, 0, 0, 1],
      [0.05884333159, 0, 0.80419746003, 0.10982910728, 0.027130101102],
      [0.35448077106, 4.1633363423e-17, 0.079730066533, 0.5314692404, 0.034319922013],
      [0.17017359464, 0, 0.051697513693, 0.10531928743, 0.67280960423]
    ],
    [
      [0.066491688087, 0.004629969467, 0.11680975207, 0.16481539925, 0.64725319112],
      [0.0015478661893, 0.085426385192, 0.87253976554, 0.032708156569, 0.007777826513],
      [0.17589866716, 0.022321083299, 0.2702036949, 0.50995112168, 0.021625432962],
      [0.15598241764, 0.090224011444, 0.20934030117, 0.19502124406, 0.34943202568]
    ],
    [
      [0.058922025336, 0.0027087576915, 0.10493317023, 0.13800083225, 0.6954352145],
      [0.0027056581056, 0.056116277841, 0.89559652289, 0.033886237038, 0.011695304125],
      [0.18213998889, 0.014761941867, 0.27754528472, 0.49831628195, 0.027236502576],
      [0.15212092197, 0.055993704219, 0.20262877295, 0.17954487546, 0.4097117254]
    ],
    [
      [0.047630172749, 0.0026510342664, 0.093071197821, 0.13837102309, 0.71827657207],
      [0.0029325113753, 0.061752044476, 0.87817851051, 0.038642808565, 0.018494125073],
      [0.15727135699, 0.015276053312, 0.25687093243, 0.53280187099, 0.037779786278],
      [0.12635644566, 0.058020668115, 0.18782632617, 0.18546904286, 0.44232751719]
    ],
    [
      [0.057034325935, 0.0038281946958, 0.12264367636, 0.15288347024, 0.66361033278],
      [0, 0.06634562891, 0.90543582659, 0.026449644787, 0.0017688997091],
      [0.16024142055, 0.019053631061, 0.30045647293, 0.5030540869, 0.017194388559],
      [0.14142508525, 0.071528501038, 0.22137954996, 0.19100607688, 0.37466078687]
    ],
    [
      [0.07686427365, 0.0025091693877, 0.096732236892, 0.1476971691, 0.67619715097],
      [0.007928580678, 0.057194129199, 0.87739760785, 0.046712631457, 0.010767050818],
      [0.22750507143, 0.012285937786, 0.22842807758, 0.51064241921, 0.021138493996],
      [0.19339779759, 0.054121873906, 0.18502009424, 0.18757866917, 0.3798815651]
    ],
    [
      [0.049977054529, 0.0034322462636, 0.093511226344, 0.14229183721, 0.71078763566],
      [0.0032327144633, 0.078118142545, 0.86215444157, 0.039540869434, 0.016953831989],
      [0.16067849612, 0.01926598869, 0.25130199811, 0.53343063964, 0.03532287744],
      [0.12935525842, 0.073307431547, 0.18411314157, 0.18614699574, 0.42707717272]
    ],
    [
      [0.18286094459, 7.1473166265e-18, 0.17353163583, 0.30764815902, 0.33595926056],
      [0.0034805817045, 0, 0.92049943921, 0.076019979088, 0],
      [0.26632994016, 0, 0.19272479512, 0.54094526472, 0],
      [0.40532314977, 0, 0.24102562191, 0.28803493254, 0.065616295776]
    ],
    [
      [0.23713826989, 0, 0.25805270858, 0.50480902153, 0],
      [0.013739471074, 0, 0.90056141709, 0.085699111835, 0],
      [0.23468107241, 0, 0.17166313954, 0.59365578804, 0],
      [0.35091778965, 0, 0.27913683916, 0.3699453712, 0]
    ],
    [
      [0.042509848435, 0.002276621703, 0.093394618121, 0.12737754965, 0.73444136209],
      [0.00037189496884, 0.05423088502, 0.90129363855, 0.028422405114, 0.015681176351],
      [0.14786777631, 0.014519665219, 0.28338478886, 0.51768586905, 0.036541900561],
      [0.11694154757, 0.052176532128, 0.1978426968, 0.17542162558, 0.45761759793]
    ],
    [
      [0.061394037261, 0.0032481294004, 0.095722935954, 0.11961793959, 0.7200169578],
      [0.00036133210104, 0.074108919648, 0.88566010388, 0.025229838084, 0.014639806282],
      [0.20522249999, 0.019478242299, 0.27368722485, 0.46676825259, 0.03484378027],
      [0.15957413967, 0.069791652083, 0.19008253495, 0.15601775378, 0.42453391952]
    ],
    [
      [0.072252310028, 0.0041945045926, 0.083547247269, 0.13034474495, 0.70966119317],
      [0.0085536977225, 0.10391654785, 0.82392266433, 0.044694313682, 0.018912776413],
      [0.23457632116, 0.022851116063, 0.21463961236, 0.49219764883, 0.035735301581],
      [0.18027719175, 0.089187416724, 0.15945917057, 0.16444315028, 0.40663307068]
    ],
    [
      [0.031791198695, 0.0029986153282, 0.099094066503, 0.1700414751, 0.69607464438],
      [0.0023610670569, 0.065455967099, 0.87431518346, 0.047680274829, 0.010187507556],
      [0.097630174575, 0.0159591566, 0.2549664935, 0.61013039914, 0.021313776182],
      [0.085423032477, 0.06712225023, 0.20058981374, 0.2293725066, 0.41749239694]
    ],
    [
      [0.045759146185, 0.0027943415286, 0.094959290097, 0.12051078112, 0.73597644106],
      [0, 0.063550349964, 0.89266904176, 0.024466438082, 0.019314170191],
      [0.15978062307, 0.017860810159, 0.28839745956, 0.4921192646, 0.041841842606],
      [0.12349475744, 0.060495136756, 0.19383779157, 0.16369730496, 0.45847500927]
    ],
    [
      [0.010541260798, 0.00029007423423, 0.0045600440986, 0.0045404197523, 0.98006820112],
      [0.03743813436, 0.12080415299, 0.73941741977, 0.028121588005, 0.074218704877],
      [0.51253866347, 0.017149940784, 0.11215952668, 0.25314757202, 0.10500429705],
      [0.1501624152, 0.034321343595, 0.038961374824, 0.031115879854, 0.74543898652]
    ],
    [
      [0.021434748046, 0.0005712740298, 0.10286811256, 0.20607158672, 0.66905427865],
      [0.0020949245419, 0.012466188235, 0.91084922217, 0.070453537643, 0.0041361274064],
      [0.060523349674, 0.0025322024378, 0.23350646215, 0.68572258988, 0.017715395859],
      [0.059986346177, 0.013478442787, 0.21796381631, 0.29260203177, 0.41596936295]
    ],
    [
      [0, 0, 0, 0, 1],
      [0.047894339893, 0.55908938259, 0.30869756811, 0.046661794385, 0.037656915023],
      [0.53667161972, 0.03599091198, 0.01304066173, 0.36213126603, 0.05216554054],
      [0.17295888172, 0.14277729232, 0.0087039870293, 0.049358286693, 0.62620155223]
    ],
    [
      [0.089745933038, 0.00058219248011, 0.046459733418, 0.25321222439, 0.60999991668],
      [0.0078507517095, 0.14828527982, 0.74214986867, 0.1017140998, 0],
      [0.15879706901, 0.016914499294, 0.11120733957, 0.71308109212, 0],
      [0.15189409114, 0.11976445168, 0.12083353954, 0.2675074177, 0.34000049994]
    ],
    [
      [0.043886689794, 0.0023596172284, 0.074047399814, 0.089928552242, 0.78977774092],
      [0, 0.067783543165, 0.87421798131, 0.02127723777, 0.036721237752],
      [0.19130054984, 0.018241914368, 0.26935108651, 0.45795219134, 0.063154257934],
      [0.12791622724, 0.055628952116, 0.16283854692, 0.13168577574, 0.52193049799]
    ],
    [
      [0.074035472417, 0.0022356196325, 0.10362315382, 0.16691007535, 0.65319567879],
      [0.0080611234389, 0.047795146367, 0.88160113621, 0.053119108248, 0.0094234857373],
      [0.20422310066, 0.010084362589, 0.22677195042, 0.53781212468, 0.021108461658],
      [0.1823445199, 0.046996183856, 0.19456175943, 0.2081867016, 0.36791083522]
    ],
    [
      [0.01260719682, 0.0034569283983, 0.020420645634, 0.07390363951, 0.88961158964],
      [0.0055615988706, 0.28531488924, 0.57499079714, 0.069326886796, 0.064805827951],
      [0.096881619046, 0.046971240162, 0.11287949688, 0.66161726916, 0.081650374751],
      [0.048719045315, 0.15002323924, 0.063774316773, 0.13961829648, 0.59786510219]
    ],
    [
      [0.044464395192, 0.0051774998336, 0.057147216254, 0.16503911826, 0.72817177046],
      [0.0097003003094, 0.1689957613, 0.71358263432, 0.083044457704, 0.024676846366],
      [0.15422342395, 0.022933559295, 0.12121180026, 0.66250918743, 0.039122029072],
      [0.11566685471, 0.12248068244, 0.11404415218, 0.21787223304, 0.42993607763]
    ],
    [
      [0.10352039056, 0.018250380044, 0.1611345598, 0.38234570848, 0.33474896111],
      [0.00020607338772, 0.20788136649, 0.7297095661, 0.062202994017, 0],
      [0.13524887815, 0.038080937073, 0.18429664131, 0.64237354347, 0],
      [0.21233591771, 0.24646974635, 0.18825056886, 0.29786008745, 0.055083679629]
    ],
    [
      [0, 0.046078680039, 0.17016397374, 0.78375734622, -0],
      [0, 0.36906005445, 0.54306442874, 0.087875516816, 0],
      [0, 0.051566575922, 0.094892618772, 0.85354080531, 0],
      [0, 0.45878532126, 0.13293441545, 0.40828026329, -0]
    ],
    [
      [0.10898236898, 0.02626720138, 0.3050342016, 0.55971622805, 0],
      [0, 0.16681795357, 0.80833509515, 0.024846951275, 0],
      [0.096609612909, 0.043543001213, 0.25127461825, 0.60857276763, 0],
      [0.13051348382, 0.27356936051, 0.27184767451, 0.32406948117, 0]
    ],
    [
      [0.03147910325, 0, 0.019277782667, 0.015591074535, 0.93365203955],
      [0.03261443462, 0, 0.87587469081, 0.016936175695, 0.074574698874],
      [0.47325341989, 0, 0.16608093911, 0.27553990678, 0.085125734221],
      [0.20858378361, 0, 0.061191864309, 0.044349700599, 0.68587465148]
    ],
    [
      [0.061138265195, 0.0027066114374, 0.07105224671, 0.15524848135, 0.70985439531],
      [0.0093105060029, 0.080359547074, 0.82385361851, 0.065019003758, 0.021457324659],
      [0.20121925682, 0.012479683119, 0.15819455782, 0.59309406568, 0.035012436556],
      [0.16061965317, 0.062404137508, 0.14220210141, 0.20708338001, 0.4276907279]
    ],
    [
      [0.071809605645, 0.00331614874, 0.095145841094, 0.20954221899, 0.62018618553],
      [0.0090435953319, 0.076149010671, 0.83513821778, 0.070799855128, 0.0088693210929],
      [0.18230306905, 0.012186748414, 0.17280568401, 0.62134976608, 0.01135473245],
      [0.1692874614, 0.070561036655, 0.17176570685, 0.25170620672, 0.33667958837]
    ],
    [
      [0.064125414508, 0.0029400088321, 0.082160846467, 0.16787055521, 0.68290317498],
      [0.008298957655, 0.076045616199, 0.8373605894, 0.061573058729, 0.016721778018],
      [0.19359826384, 0.012956985477, 0.1765142942, 0.58981284073, 0.027117615744],
      [0.16312297355, 0.064880110136, 0.15966438406, 0.21628794033, 0.39604459192]
    ],
    [
      [0.050088589759, 0.0024286134867, 0.063612301195, 0.15469167365, 0.72917882191],
      [0.0078550849367, 0.081807958776, 0.81637468334, 0.068819433129, 0.025142839817],
      [0.17396408224, 0.012051352728, 0.14924472076, 0.62309606141, 0.041643782869],
      [0.13562938821, 0.060426448077, 0.13467279683, 0.2123035117, 0.45696785518]
    ],
    [
      [0.010944803548, 0.0033142171352, 0.034007815738, 0.092705321735, 0.85902784184],
      [0.0022932611981, 0.18083081946, 0.73629872484, 0.063146708773, 0.017430485737],
      [0.070937158315, 0.032679110117, 0.16365027325, 0.70075427669, 0.031979181628],
      [0.048051341974, 0.12893332355, 0.11304350528, 0.20287145565, 0.50710037354]
    ],
    [
      [0.090162858547, 0, 0.09991541174, 0.051360134704, 0.75856159501],
      [0, 0, 0.99365883624, 0.0063411637602, 0],
      [0.36308005383, 0, 0.37593244769, 0.26098749847, 0],
      [0.30358661283, 0, 0.29284794023, 0.07023211361, 0.33333333333]
    ],
    [
      [0.068476568105, 0.0023353475532, 0.085193296457, 0.095026443347, 0.74896834454],
      [0.0029196854417, 0.059057800511, 0.88476017982, 0.024886513552, 0.028375820673],
      [0.25551332827, 0.015199023126, 0.26418502472, 0.41314553628, 0.051957087597],
      [0.18357229469, 0.050856531546, 0.17382069949, 0.12797949916, 0.46377097512]
    ],
    [
      [0.048406060247, 0.0018850446204, 0.072167788224, 0.089706266901, 0.78783484001],
      [0.0023133662942, 0.056592585576, 0.87694317062, 0.026559879406, 0.037590998099],
      [0.20964581325, 0.014400179412, 0.25824366249, 0.45169022251, 0.066020122337],
      [0.13981723063, 0.045037902401, 0.15904325267, 0.13028239046, 0.52581922383]
    ],
    [
      [0.052933023652, 0.003077873057, 0.087809900292, 0.11999369955, 0.73618550345],
      [0.0025336075365, 0.074771728162, 0.8684405372, 0.032262871147, 0.021991255957],
      [0.18612812892, 0.019030474138, 0.25940509068, 0.49191932229, 0.043516983965],
      [0.14113964536, 0.067180489187, 0.17767224927, 0.16142379402, 0.45258382216]
    ],
    [
      [0.051937919222, 0, 0.032858732415, 0.046931422629, 0.86827192573],
      [0.012832595453, 0, 0.90434034831, 0.027888291527, 0.054938764708],
      [0.35624381942, 0, 0.16420371713, 0.3806359307, 0.098916532749],
      [0.20151248152, 0, 0.10017692721, 0.088531948174, 0.6097786431]
    ],
    [
      [0, 0, 0, 0, 1],
      [0, 0, 0.66666666667, 0.11644753367, 0.21688579966],
      [0, 0, 0, 0.81856246781, 0.18143753219],
      [0, 0, 0, 0.013532463372, 0.98646753663]
    ],
    [
      [0.44852658766, 0, 0.23446714735, 0.31700626498, -0],
      [0.015697908334, 0, 0.94827751159, 0.036024580075, 0],
      [0.45912339872, 0, 0.16180345976, 0.37907314153, 0],
      [0.57546405087, 0, 0.22543872099, 0.19909722814, 0]
    ],
    [
      [0.34785629441, 0.042888753417, 0.13056726346, 0.47868768871, -0],
      [0.011054373432, 0.40790692223, 0.53615113988, 0.044887564453, 0],
      [0.33542447163, 0.037838322006, 0.076576695301, 0.55016051107, 0],
      [0.31182326844, 0.40290146774, 0.080965383614, 0.20430988021, 0]
    ],
    [
      [0.39846206209, 0.082239109259, 0.20116317952, 0.31813564913, 0],
      [0, 0.49272627899, 0.50727372101, 0, 0],
      [0.33333333333, 0.17394038768, 0.15939294565, 0.33333333333, 0],
      [0.28241796049, 0.5288497583, 0.092256175545, 0.096476105662, 0]
    ],
    [
      [0.0089090384833, 0.0015209983688, 0.046340818609, 0.045974942559, 0.89725420198],
      [0, 0.070374063065, 0.92225216472, 0, 0.0073737722194],
      [0.073260512772, 0.033414811108, 0.41170428899, 0.4524417749, 0.029178612225],
      [0.047613333966, 0.072989014139, 0.19207909006, 0.1182569263, 0.56906163554]
    ],
    [
      [0.060922305861, 0.0029818260582, 0.093425119259, 0.17323183304, 0.66943891578],
      [0.0078313997919, 0.068276392335, 0.84954431894, 0.060287828738, 0.014060060195],
      [0.17562317128, 0.013321435777, 0.2029923252, 0.58207523183, 0.025987835913],
      [0.15238570556, 0.063714645651, 0.17801835506, 0.21980810533, 0.38607318839]
    ],
    [
      [0.078430292848, 0.0044566629789, 0.06773281359, 0.1663583329, 0.68302189769],
      [0.013726799034, 0.13357059281, 0.7617496256, 0.071591283568, 0.019361698991],
      [0.23770585274, 0.018122638303, 0.13043041269, 0.58418593324, 0.029555163022],
      [0.18812338507, 0.10064926552, 0.12788014553, 0.20255659327, 0.38079061061]
    ],
    [
      [1.0928757899e-16, 0, 0.091608297009, 0.048258431635, 0.86013327136],
      [0, 0, 0.99696228255, 0, 0.0030377174485],
      [0, 0, 0.52535116203, 0.42542773067, 0.0492211073],
      [1.6653345369e-16, 0, 0.27405854737, 0.083343548561, 0.64259790407]
    ],
    [
      [0.052354984553, 0.00264536936, 0.068211829853, 0.16785749198, 0.70893032425],
      [0.008822503827, 0.091340839333, 0.80697281937, 0.07016309531, 0.022700742158],
      [0.16624646688, 0.014974890615, 0.16282826671, 0.61777561634, 0.038174759462],
      [0.13404166756, 0.074050084754, 0.14421903534, 0.2188314669, 0.42885774544]
    ],
    [
      [0.055501796563, 0.0028405664837, 0.073963022602, 0.14559916259, 0.72209545176],
      [0.010479758581, 0.082781742761, 0.81712661355, 0.063490321785, 0.026121563322],
      [0.18615075337, 0.015930902225, 0.18902201232, 0.56700835376, 0.041887978323],
      [0.14543122016, 0.068925536833, 0.1517811778, 0.19368148295, 0.44018058226]
    ],
    [
      [0.080080158736, 0.035635249112, 0.63959964464, 0.24468494751, 0],
      [0.00066948995541, 0.1222643458, 0.86824712653, 0.0088190377084, 0],
      [0.080030233673, 0.065929558529, 0.56589054646, 0.28814966133, 0],
      [0.078554976821, 0.32572055891, 0.47667066014, 0.11905380413, 0]
    ],
    [
      [0.17696839128, 0.014682266965, 0.28071753561, 0.52763180615, 0],
      [0.00043816310714, 0.10478330396, 0.84298176113, 0.051796771808, 0],
      [0.16503688838, 0.018432901225, 0.2190776102, 0.59745260019, 0],
      [0.2280752018, 0.16151324511, 0.27237744122, 0.33803411187, 0]
    ],
    [
      [0.026794931703, 0.0010222064826, 0.076329895525, 0.094305954973, 0.80154701132],
      [0, 0.028951977789, 0.91193338396, 0.023584918228, 0.035529720022],
      [0.12246603323, 0.0079678182202, 0.28900153251, 0.50574180488, 0.074822811161],
      [0.086090642692, 0.025597149879, 0.17985955548, 0.15115218598, 0.55730046597]
    ],
    [
      [0.20714383523, 0.022233938154, 0.27012629558, 0.50049593104, -0],
      [0.00067211420044, 0.16582918632, 0.79975285032, 0.033745849152, 0],
      [0.1993278858, 0.034170813677, 0.20024714968, 0.56625415085, 0],
      [0.25188542107, 0.23770834466, 0.22941579407, 0.28099044021, -0]
    ],
    [
      [0, 0, 0.12187068508, 0.87812931492, -0],
      [0, 0, 0.6, 0.4, 0],
      [0, 0, 0, 1, 0],
      [0, 0, 0.17351638199, 0.82648361801, -0]
    ],
    [
      [0.11842507446, 0.012028262719, 0.36050662942, 0.5090400334, 0],
      [0, 0.07357088013, 0.89949406591, 0.026935053956, 0],
      [0.10833855263, 0.020180204933, 0.31407826762, 0.55740297482, 0],
      [0.15824460523, 0.14194035523, 0.36421098911, 0.33560405043, 0]
    ],
    [
      [0.040350455847, 0.0057665678979, 0.081749472375, 0.12222420512, 0.74990929876],
      [0.0011192781808, 0.1401419945, 0.80767871598, 0.029837634042, 0.021222377303],
      [0.14539435285, 0.038489877275, 0.25749602054, 0.51329035057, 0.04532939877],
      [0.1050866964, 0.12329240695, 0.1620589316, 0.16039582137, 0.44916614368]
    ],
    [
      [0.050190696584, 0.0026231455523, 0.11455188628, 0.13415974886, 0.69847452272],
      [0.00046054350949, 0.050830454367, 0.91101319859, 0.025750068604, 0.011945734925],
      [0.15368978547, 0.015278616265, 0.32127101421, 0.48109342852, 0.028667155531],
      [0.12993433955, 0.054923745231, 0.22493507128, 0.17465685346, 0.41554999047]
    ],
    [
      [0.040205462683, 0.0023573109994, 0.076191098012, 0.11483988218, 0.76640624612],
      [0.0030414113229, 0.066200823046, 0.86241301255, 0.037024245839, 0.031320507245],
      [0.15739030611, 0.016025748892, 0.24390013482, 0.52324469031, 0.059439119868],
      [0.11383269199, 0.055798741053, 0.16481295313, 0.16409091487, 0.50146469896]
    ],
    [
      [0.05910482803, 0.0031331212529, 0.11010304597, 0.15265087311, 0.67500813163],
      [0.0027850821425, 0.061792093359, 0.89006511228, 0.036686267456, 0.0086714447578],
      [0.1711962547, 0.016044272842, 0.2737462463, 0.51672447748, 0.022288748679],
      [0.14780583217, 0.063258749419, 0.20735836013, 0.19255906901, 0.38901798927]
    ],
    [
      [0.10317598855, 0.0044327951086, 0.12193046435, 0.2149354348, 0.55552531719],
      [0.0046987491071, 0.079455836304, 0.85930423549, 0.0565411791, 0],
      [0.17632632272, 0.017100489371, 0.22982930549, 0.57674388242, 0],
      [0.17359514056, 0.08473280068, 0.20635493734, 0.24084243861, 0.29447468281]
    ],
    [
      [0.058188243513, 0.0036181873069, 0.10562315414, 0.21250771379, 0.62006270125],
      [0.006947744384, 0.073884909568, 0.84636085615, 0.068267865693, 0.0045386242087],
      [0.14581389069, 0.014389733427, 0.20475914365, 0.62246884812, 0.01256838411],
      [0.13864393982, 0.075300640236, 0.19260721145, 0.25636791209, 0.3370802964]
    ],
    [
      [0.043892252565, 0.0022895089047, 0.073652080947, 0.12923549139, 0.7509306662],
      [0.0056059635138, 0.067501900878, 0.84934748346, 0.049795392879, 0.027749259267],
      [0.16305352962, 0.014244668905, 0.21374891673, 0.55819220627, 0.050760678473],
      [0.12214251731, 0.056095041037, 0.15886901151, 0.18179370595, 0.48109972419]
    ],
    [
      [0.016766450649, 0.0011131049635, 0.063815009248, 0.12111784701, 0.79718758813],
      [0.0016316587801, 0.039816081975, 0.87309335344, 0.044563222652, 0.040895683149],
      [0.073662022679, 0.0086470982634, 0.22345379071, 0.62316759556, 0.071069492795],
      [0.053899341465, 0.033428200357, 0.15908958063, 0.19434242005, 0.5592404575]
    ],
    [
      [0.0961670036, 0, 0.063478519551, 0.11069437615, 0.7296601007],
      [0.020076857798, 0, 0.90313832467, 0.054499129827, 0.022285687708],
      [0.35002704255, 0, 0.14793065922, 0.46679998645, 0.035242311783],
      [0.27107223695, 0, 0.1310308091, 0.15868655836, 0.43921039559]
    ],
    [
      [0.018570316577, 0, 0.05742036975, 0.14973982799, 0.77426948568],
      [0.005972266631, 0, 0.88784171804, 0.10398224377, 0.0022037715588],
      [0.080932642288, 0, 0.14644183425, 0.76744631909, 0.0051792043748],
      [0.074433855353, 0, 0.1603448156, 0.29883055137, 0.46639077767]
    ],
    [
      [0.26392043655, 0.040149208814, 0.23689095661, 0.45903939802, 0],
      [0, 0.28112846593, 0.68487815711, 0.03399337696, 0],
      [0.24454425847, 0.065146162853, 0.1769793684, 0.51333021028, 0],
      [0.2663672246, 0.33666224995, 0.17491479502, 0.22205573043, 0]
    ],
    [
      [0.078653143066, 0.0026336492312, 0.09352664027, 0.15666169937, 0.66852486807],
      [0.0091131079277, 0.061594292562, 0.86279988695, 0.052184321297, 0.014308391261],
      [0.22783515647, 0.01208148799, 0.20632139752, 0.52861094555, 0.025151012464],
      [0.19319563993, 0.055894024768, 0.17610591279, 0.19508964059, 0.37971478192]
    ],
    [
      [0.019505575082, 0.0011868587392, 0.042073537635, 0.089439539079, 0.84779448946],
      [0.004534474847, 0.062589166063, 0.81002658664, 0.055511423476, 0.067338348971],
      [0.11247265539, 0.011321805444, 0.17593151251, 0.59859343079, 0.10168059587],
      [0.065068137476, 0.039168831693, 0.11254504504, 0.15047353808, 0.63274444771]
    ],
    [
      [0.096595758046, 0.0037474219956, 0.054623562551, 0.17773867395, 0.66729458346],
      [0.021842241841, 0.15934091465, 0.71721353702, 0.085511530629, 0.016091775864],
      [0.27830570108, 0.016083678352, 0.093197365396, 0.59127248302, 0.021140772151],
      [0.22346891922, 0.11114948697, 0.10238372603, 0.2111622557, 0.35183561209]
    ],
    [
      [0.038425165233, 0.0061905331638, 0.071987811616, 0.084494164049, 0.79890232594],
      [0, 0.16049059816, 0.79729975799, 0.0076796315893, 0.03453001226],
      [0.1654162907, 0.054637244452, 0.27841285563, 0.43455418851, 0.066979420704],
      [0.10456670458, 0.13340082789, 0.14959243911, 0.11390341833, 0.49853661009]
    ],
    [
      [0.078477923348, 0.0017316026077, 0.065457914145, 0.13918893308, 0.71514362682],
      [0.01516393928, 0.059134312095, 0.83403182187, 0.066457682309, 0.025212244449],
      [0.26631493903, 0.0078521358798, 0.13899403355, 0.54661027182, 0.040228619719],
      [0.20530797628, 0.042902501157, 0.13329492965, 0.18528908329, 0.43320550963]
    ],
    [
      [0.043454257211, 0.0030590975401, 0.081006124796, 0.10263199869, 0.76984852176],
      [0.00081002893233, 0.078986296656, 0.86525146382, 0.025287359856, 0.029664850733],
      [0.17198984843, 0.021624471914, 0.27304991927, 0.47349610185, 0.059839658537],
      [0.12138566973, 0.068399230341, 0.17129338779, 0.14395880499, 0.49496290715]
    ],
    [
      [0.035693166515, 0.010163711246, 0.10284492107, 0.15597834933, 0.69531985184],
      [0, 0.18834538214, 0.78963254487, 0.014782754003, 0.0072393189929],
      [0.10133943268, 0.059907355455, 0.26838709853, 0.54145320642, 0.028912906912],
      [0.081526634385, 0.19105792982, 0.18234690027, 0.17809395032, 0.36697458521]
    ],
    [
      [0.054749308166, 0.0033253491184, 0.084069159551, 0.14267070544, 0.71518547773],
      [0.0070119418921, 0.08348347716, 0.83694299408, 0.050541284645, 0.022020302225],
      [0.17912930404, 0.018546937783, 0.22062855581, 0.54304741459, 0.038647787781],
      [0.14176415009, 0.073549781875, 0.16615722826, 0.18738751097, 0.4311413288]
    ],
    [
      [0.04979337547, 0.003411027772, 0.074896046806, 0.12149846067, 0.75040108928],
      [0.005808303848, 0.094159148726, 0.82603449492, 0.042343979178, 0.031654073332],
      [0.18407013774, 0.021561236772, 0.21954688254, 0.52115895632, 0.053662786631],
      [0.13381353232, 0.077532777766, 0.15279871775, 0.16493939986, 0.47091557231]
    ],
    [
      [0.029809978395, 0, 0.054629846955, 0.088303107855, 0.82725706679],
      [0.0043344941308, 0, 0.92791221337, 0.042769583375, 0.02498370912],
      [0.16087092139, 0, 0.23127857474, 0.55415611963, 0.053694384244],
      [0.1090231907, 0, 0.15099276452, 0.15998226249, 0.58000178229]
    ]
  ],
  "expected_outcome": [
    [
      [0.031018367426, 0.32245959087, 0.15738082242, 0.84401762087, 0.73788272954, 0.12549838216, 0.21996648143, 0.175858227, 0.30662813993, 0.093405550584, 0, 0.94698695926, 0.12827485619, 0, 0.15463085731, 1.2751639271, 0.22429587784, 6.1585031774, 0.30020658084, 0.016175307833, 0.65483677448, 4.9405886026, 6.8297952389, 0.45584772593, 0.21264775827, 0.27233025507, 1.6764467754, 0, 0.86439194513, 1.1784405067, 16.8134509804, 1.768064104, 0.3074570946, 14.1934834862, 0.36572188918, 0, 0.12752954531, 0.3069701863, 0.86702772033, 0.22253839086, 2.470993894, 0, 0.021434748046, 0, 0.53847559823, 0.48275358773, 0.66631925176, 0.01260719682, 0.22232197596, 0.20704078111, 0, 0, 0, 0.48910612156, 1.4361921129, 0.38475248705, 0.80141743615, 0, 0, 1.9173439069, 0.82290302419, 1.7997228042, 0.051937919222, 0, 0, 0, 0, 0, 0.7919899762, 1.6470361498, 1.0928757899e-16, 2.931879135, 1.5540503038, 0.080080158736, 0, 0.16076959022, 0, 0, 0, 0.56490638186, 1.0038139317, 1.4071911939, 2.6597172614, 2.0635197709, 0.58188243513, 0.74616829361, 0.083832253244, 0.1923340072, 0, 0, 1.7303691475, 0.097527875412, 0.67617030633, 0.3458264871, 1.1771688502, 1.2167192019, 0.4997043312, 7.9933989922, 3.9336766621, 0.029809978395],
