{
  "Z_true": {},
  "V_true": [
    [632, 198, 2095, 314, 68],
    [17, 3179, 224, 1303, 139],
    [102, 2047, 755, 10156, 618],
    [261, 211, 3797, 226, 160],
    [145, 177, 640, 447, 363],
    [29, 78, 451, 286, 400],
    [37, 322, 131, 566, 475]
  ],
  "p_true": [
    [0.1911, 0.0599, 0.6335, 0.095, 0.0206],
    [0.0035, 0.6538, 0.0461, 0.268, 0.0286],
    [0.0075, 0.1497, 0.0552, 0.7425, 0.0452],
    [0.0561, 0.0453, 0.8157, 0.0485, 0.0344],
    [0.0818, 0.0999, 0.3612, 0.2523, 0.2049],
    [0.0233, 0.0627, 0.3625, 0.2299, 0.3215],
    [0.0242, 0.2103, 0.0856, 0.3697, 0.3103]
  ],
  "Z_est": [
    [
      [22.157, 10.5902, 25.7947, 9.8367, 5.3283, 30.0133, 17.361, 4.5032, 0, 0, 0.8745, 12.1871, 12.281, 1.539, 11.426, 26.0333, 6.7803, 50.7692, 3.7469, 26.623, 4.2993, 0, 2.5913, 5.964, 9.8192, 28.9486, 2.1789, 28.9147, 31.755, 18.334, 15.9456, 5.3227, 3.7778, 3.099, 9.8074, 5.4981, 2.2967, 7.0486, 5.0905, 0.9467, 2.3929, 7.1216, 18.8053, 11.0431, 0.1034, 39.9482, 4.2982, 134.3107, 27.1238],
      [2.8547, 1.0379, 3.0785, 2.4967, 1.0476, 7.5028, 4.1506, 0.1204, 0.0967, 0.1193, 0.3289, 5.449, 4.9953, 0.5635, 2.2904, 6.1841, 1.3254, 6.1584, 0.8791, 2.8245, 1.7036, 0.8162, 0.3862, 1.7941, 1.3998, 3.4737, 0.3186, 3.5885, 7.5823, 3.0651, 1.614, 0.5258, 0.6371, 0.7087, 1.9158, 1.6618, 0, 2.4865, 1.6107, 0.2961, 0.546, 0.835, 5.3455, 1.5064, 0.0235, 4.7514, 0.6895, 28.7118, 3.5912],
      [96.1634, 52.9321, 56.4807, 30.186, 16.3966, 121.4387, 65.4107, 3.3071, 0.886, 0.8667, 4.7487, 52.1231, 35.2018, 7.7207, 31.6962, 82.3494, 17.4004, 223.9656, 17.0348, 95.5322, 7.7047, 4.0147, 6.9502, 28.9157, 30.4646, 80.1585, 8.3265, 91.6022, 127.7032, 83.6698, 64.7172, 27.5671, 28.287, 18.9149, 36.7154, 22.4632, 10.4003, 30.8199, 13.014, 9.6259, 11.8499, 12.7566, 70.5484, 42.0058, 0.8596, 155.2019, 23.5843, 303.7034, 55.2366],
      [0.7318, 0.3462, 0.6149, 0.4769, 0.173, 2.0283, 1.0131, 0.0605, 0.017, 0.0129, 0.0479, 1.2173, 1.4436, 0.1768, 0.557, 1.3645, 0.494, 2.0922, 0.3176, 0.9363, 0.2924, 0.1125, 0.0507, 0.3251, 0.2662, 1.3529, 0.166, 1.7766, 1.9596, 0.8527, 0.7232, 0.5844, 0.2981, 0.2595, 0.5523, 0.3554, 0, 0.612, 0.2849, 0.1203, 0.1997, 0.2682, 1.2309, 0.4396, 0.0127, 1.9909, 0.3987, 5.0749, 1.0484],
      [0.0931, 0.0936, 0.0312, 0.0036, 0.0546, 0.0169, 0.0646, 0.0088, 0.0002, 0.0011, 0, 0.0235, 0.0784, 0, 0.0304, 0.0686, 0, 0.0145, 0.0216, 0.084, 0, 0.0565, 0.0216, 0.001, 0.0503, 0.0664, 0.0099, 0.118, 0, 0.0785, 0, 0, 0, 0.018, 0.0092, 0.0215, 0.3031, 0.0329, 0, 0.011, 0.0115, 0.0185, 0.0699, 0.0052, 0.0009, 0.1076, 0.0293, 0.1992, 0]
    ],
    [
      [1.0519, 0.3424, 1.1392, 0.3147, 0.1292, 0.6834, 0.56, 0, 0, 0, 0.2294, 0.3933, 0.1012, 0.1075, 0.8666, 1.0716, 0.3507, 1.3738, 0.1768, 0.75, 0.1346, 0, 0.1418, 0.2371, 0.0627, 1.1621, 0.086, 1.0222, 0.8989, 0.6712, 0.4107, 0.3926, 0.0895, 0.2195, 1.0794, 0.29, 0.3148, 0.4216, 0.17, 0, 0.2813, 0.3945, 0.5875, 0.5791, 0.0142, 1.5923, 0.2353, 3.7319, 0.9351],
      [96.5873, 25.879, 124.0517, 52.0511, 15.9988, 124.0524, 92.3622, 26.096, 3.9292, 4.3957, 33.5276, 222.5103, 120.9159, 36.903, 119.4009, 174.0953, 46.525, 121.7953, 32.3117, 58.1272, 20.5409, 5.0637, 15.1734, 49.7012, 6.5433, 99.6034, 9.3578, 92.3327, 153.1695, 81.3793, 30.1094, 31.1478, 13.7982, 48.2696, 138.0954, 61.5164, 3, 199.8666, 32.8202, 32.1873, 53.2108, 36.8524, 120.3446, 54.9578, 2.5695, 137.9425, 33.7864, 651.8746, 105.3684],
      [1.1776, 0.4641, 1.0572, 0.2358, 0.0382, 0.8245, 0.5349, 0.8668, 0, 0, 0.061, 0.8089, 0, 0.1815, 0.6049, 0.8893, 0.1755, 1.6932, 0.2257, 0.7346, 0.0401, 0, 0.042, 0.2863, 0.0505, 0.9236, 0.0911, 0.9121, 1.0542, 0.8662, 0.4524, 0.6712, 0.2496, 0.5359, 1.0535, 0.2879, 0.2611, 0.7933, 0.1378, 0.499, 0.4569, 0.2006, 0.6117, 0.5782, 0.0368, 1.7468, 0.4703, 3.85, 0.7687],
      [20.4247, 5.8169, 21.6851, 8.5902, 2.6206, 30.9155, 21.1912, 6.5338, 1.0501, 0.5445, 4.1045, 45.3956, 31.8777, 10.5551, 27.1099, 35.6607, 15.5561, 29.2873, 10.5488, 15.3266, 2.2414, 0.8124, 1.4681, 6.4458, 1.2612, 33.8035, 4.1843, 37.414, 36.1463, 20.5505, 6.7674, 13.9743, 3.7492, 15.8132, 37.0255, 12.1193, 0.3368, 45.485, 3.8585, 11.3809, 17.8533, 10.8568, 25.6384, 14.1101, 1.2468, 45.9346, 15.6505, 97.9346, 27.7764],
      [1.7585, 0.4976, 2.0668, 0.8083, 0.2132, 1.5241, 1.3517, 0.5033, 0.0207, 0.0598, 0.0774, 1.892, 2.1052, 0.2529, 2.0177, 2.283, 0.3927, 1.8505, 0.737, 1.0617, 0.043, 0.1239, 0.1747, 0.3296, 0.0823, 2.5074, 0.2807, 2.319, 1.7311, 1.5327, 0.2602, 1.8141, 0.1134, 1.1618, 1.7463, 0.7863, 0.0873, 3.4334, 0.0135, 0.9328, 1.1977, 0.6957, 1.8178, 0.7748, 0.1327, 2.7839, 0.8575, 8.609, 1.1514]
    ],
    [
      [7.1031, 3.4533, 7.322, 2.5945, 0.9003, 5.16, 3.1283, 0.3644, 0, 0, 0.5862, 2.6402, 2.1446, 0.6695, 6.3039, 8.0662, 2.0919, 11.2548, 1.2347, 5.7172, 0.6239, 0, 1.2179, 2.2924, 1.2718, 12.6538, 1.6773, 7.8541, 5.0727, 4.0695, 3.4985, 2.0897, 0.7059, 0.964, 3.7751, 1.6134, 1.0167, 1.984, 2.1521, 0, 1.2816, 2.47, 4.9686, 5.8321, 0, 8.3236, 0.9352, 26.4045, 4.7429],
      [48.7089, 18.931, 56.9344, 31.5841, 8.2905, 71.7724, 38.5935, 8.3908, 0.5027, 0.933, 9.5502, 99.1621, 72.1705, 20.8939, 64.4594, 97.4333, 19.9795, 74.2401, 17.3723, 32.1529, 9.8022, 1.7814, 9.836, 34.9648, 9.1251, 77.2463, 9.968, 46.8237, 64.7579, 36.7477, 16.9664, 8.7626, 8.0086, 17.7337, 36.8574, 25.479, 0, 51.4603, 28.8434, 7.6223, 18.5901, 17.6689, 76.6626, 40.0529, 5.5937, 51.3462, 9.7434, 325.2048, 40.4903],
      [23.5027, 13.1987, 16.2589, 5.5486, 1.465, 17.5367, 8.8064, 5.1023, 0.065, 0.0773, 1.7862, 14.0014, 0.5088, 3.8653, 12.7582, 19.1026, 3.2389, 39.1695, 4.7475, 15.5893, 0.6219, 0, 2.0074, 8.0573, 2.6996, 27.938, 4.2746, 18.8666, 16.4009, 14.7966, 9.6898, 8.0405, 5.3775, 7.33, 10.5068, 4.9053, 1.9792, 9.1132, 3.9356, 4.148, 6.0916, 3.7676, 14.8525, 16.0014, 5.4508, 24.8735, 5.547, 57.2515, 9.8443],
      [239.8261, 102.2159, 229.6353, 123.1681, 33.4512, 413.4806, 206.3065, 43.6919, 4.3286, 3.5165, 27.5934, 467.6596, 437.8681, 137.4145, 339.9915, 464.8019, 154.7651, 419.3061, 136.5078, 201.2893, 25.923, 9.272, 24.3009, 108.8365, 42.6463, 639.8303, 126.882, 485.1401, 353.3337, 217.5794, 90.7488, 111.5732, 53.0927, 140.0737, 229.5679, 118.295, 1.6294, 269.7188, 83.767, 68.8853, 149.5114, 123.0078, 380.1432, 240.6804, 100.5598, 412.3145, 120.1397, 1142.5585, 246.4261],
      [23.8591, 10.2011, 25.8494, 14.1047, 2.893, 24.0503, 15.1652, 3.4506, 0.1036, 0.4732, 1.4841, 24.5367, 33.308, 4.1567, 29.487, 34.596, 4.9247, 31.0295, 11.1377, 16.2512, 1.029, 0.9466, 2.6377, 6.849, 3.2572, 55.3315, 10.1982, 35.3155, 20.4348, 18.8068, 4.0965, 16.534, 1.8153, 11.8985, 13.2927, 8.7072, 0.3747, 23.7237, 2.3018, 6.3444, 11.5253, 9.0857, 31.3732, 15.4332, 11.3956, 29.1422, 7.6348, 120.5806, 12.4963]
    ],
    [
      [6.3981, 3.6753, 3.8429, 3.1733, 1.3765, 6.3717, 5.1806, 3.0416, 0, 0, 0.2834, 4.7486, 2.2681, 0.4032, 3.6297, 5.885, 2.2395, 12.0549, 1.1576, 7.4798, 0.5597, 0, 0.6511, 0.8874, 2.988, 10.2416, 2.7867, 8.8503, 6.3555, 5.0551, 4.3815, 1.6557, 1.1078, 0.5923, 3.0531, 1.9882, 0.1876, 2.7519, 1.1703, 0, 1.6647, 2.1258, 6.2384, 4.183, 0.6077, 8.8149, 1.5154, 43.3282, 6.1132],
      [2.1376, 0.785, 1.2116, 2.0619, 0.6923, 4.1796, 3.228, 0.3134, 0.2235, 0.1396, 0.2729, 5.6049, 2.4238, 0.3948, 1.9026, 3.6278, 1.1591, 3.6236, 0.7061, 1.9105, 0.602, 0.3322, 0.242, 0.684, 1.1411, 3.0493, 0.6747, 2.5369, 3.9701, 2.1718, 1.0407, 0.2456, 0.5128, 0.3542, 1.5549, 1.5647, 0, 2.5742, 0.9329, 0.4376, 0.9754, 0.6652, 4.6185, 1.4728, 0.2977, 2.5128, 0.5085, 23.5733, 2.1492],
      [163.7965, 108.3782, 50.2853, 57.245, 24.5872, 152.4077, 114.825, 16.7673, 7.2864, 3.5555, 9.1041, 121.7681, 38.669, 12.2249, 59.6334, 109.632, 34.2766, 313.7547, 31.5284, 157.1964, 6.2225, 5.8704, 10.7379, 25.4637, 53.5946, 167.1286, 62.8115, 164.6053, 150.6613, 136.396, 101.05, 48.347, 55.9883, 21.721, 67.3503, 48.1477, 5.7387, 72.0917, 17.8329, 15.664, 49.6796, 23.1313, 138.2867, 93.4483, 59.6222, 200.5156, 50.5999, 581.4745, 74.478],
      [3.1655, 1.7374, 1.3932, 2.3618, 0.7507, 6.8112, 4.8404, 0.601, 0.4124, 0.1518, 0.2365, 7.6004, 4.1728, 0.7458, 2.8356, 4.8994, 2.5696, 6.864, 1.5782, 3.9067, 0.4576, 0.4249, 0.1927, 0.6457, 1.3376, 7.4465, 3.5556, 8.2836, 6.1371, 3.7294, 2.2636, 2.1187, 1.3705, 0.7927, 2.7371, 2.0602, 0, 3.8514, 0.8285, 0.5186, 2.2716, 1.3074, 6.5069, 2.5876, 3.2971, 6.5159, 2.2513, 24.9462, 3.7105],
      [2.5024, 1.4241, 1.2669, 2.1581, 0.5933, 3.2298, 2.926, 0.2767, 0.0777, 0.1531, 0.1031, 3.278, 2.4663, 0.2313, 1.9987, 2.9559, 0.7552, 3.7028, 1.0297, 2.5066, 0.1581, 0.3725, 0.1763, 0.3193, 0.9387, 5.134, 2.1715, 4.7239, 2.876, 2.6477, 0.2642, 1.6331, 0.0206, 0.5398, 1.3046, 1.2393, 0.0737, 2.7308, 0.2354, 0.3798, 1.4088, 0.7703, 4.3495, 1.3082, 2.1754, 3.6408, 1.1249, 20.6778, 1.5491]
    ],
    [
      [1.3177, 1.4195, 2.0074, 0.7674, 0.1864, 2.1126, 0.9531, 4.289, 0, 0, 0.9003, 0.579, 0.8472, 0.1694, 1.3098, 1.165, 0.3227, 4.0313, 0.4751, 2.7001, 0.2628, 0, 0.2808, 0.3231, 0.7251, 7.1485, 0.9431, 3.9362, 1.2059, 1.3779, 1.3159, 0.312, 0.201, 0.9119, 2.4582, 1.3205, 0.1843, 2.3323, 1.1065, 0.0011, 1.0059, 1.5383, 1.7453, 2.6535, 0.2207, 3.357, 0.8106, 8.8993, 0.8752],
      [0.0456, 0.0258, 0.0678, 0.0497, 0.0106, 0.1468, 0.0623, 0.1278, 0.0315, 0.0308, 0.0644, 0.0697, 0.0972, 0.0182, 0.0718, 0.0742, 0.018, 0.1163, 0.0264, 0.0598, 0.0184, 0.0065, 0.0095, 0.0246, 0.0319, 0.0799, 0, 0, 0.0788, 0.0596, 0.0323, 0, 0.0087, 0.0333, 0.1332, 0.1041, 0, 0.2374, 0.0353, 0.2115, 0.0434, 0.0491, 0.1326, 0.0953, 0, 0.0667, 0, 0.4476, 0.0321],
      [11.8245, 14.6765, 9.1345, 4.8706, 1.2037, 17.6683, 7.4256, 8.238, 0.7626, 0.9045, 9.5965, 5.1211, 5.0332, 1.7531, 7.5181, 7.6144, 1.7206, 36.7271, 4.4837, 20.0194, 1.0007, 0.1149, 1.6021, 3.2393, 4.6818, 40.9264, 7.846, 25.7279, 10.0072, 12.9941, 10.858, 3.1958, 2.9855, 11.7755, 18.9788, 11.1482, 1.6207, 21.5436, 5.8538, 4.6084, 10.4296, 5.8106, 13.5374, 20.8232, 6.3227, 26.9075, 9.6551, 41.6218, 3.6888],
      [6.51, 6.1374, 7.5805, 5.9713, 1.2325, 23.7087, 9.5337, 5.9095, 1.597, 1.2931, 7.5478, 9.449, 16.4444, 3.3298, 10.8767, 10.2752, 3.9265, 21.8872, 6.8761, 14.3165, 2.3079, 0.3782, 0.9029, 2.3757, 3.7748, 53.5595, 12.5178, 37.6565, 12.2155, 10.6833, 5.6443, 2.855, 1.7369, 13.0748, 23.3465, 14.5975, 0.0338, 34.5011, 7.5504, 4.6823, 14.4353, 10.1526, 19.1727, 16.9287, 7.8049, 25.438, 12.5446, 51.5734, 5.5467],
      [8.3022, 7.7408, 11.2097, 9.3411, 1.3668, 18.3636, 9.0252, 5.4357, 0.6089, 2.7716, 5.8909, 6.7812, 15.578, 1.7294, 12.2236, 9.8713, 2.0123, 21.2381, 7.1386, 14.9041, 1.4102, 0.5004, 1.2047, 2.0373, 3.7864, 60.2857, 12.6931, 34.6794, 9.4926, 11.8852, 4.1495, 7.6373, 1.068, 14.2045, 18.0833, 13.8297, 0.1613, 39.3856, 4.454, 5.4967, 14.0858, 9.4494, 20.412, 14.4993, 12.6517, 23.2309, 9.9897, 71.4579, 3.8572]
    ],
    [
      [0.76, 0.4321, 0.6782, 0.2737, 0.0587, 0.5245, 0.7164, 0.7182, 0, 0, 0.0985, 0.3629, 0.2742, 0.0901, 0.2853, 0.5452, 0.174, 1.3051, 0.1844, 0.5851, 0.1101, 0, 0.0829, 0.2651, 0.113, 1.5789, 0.2844, 1.2237, 0.5266, 0.41, 0.3611, 0.1749, 0.0968, 0.1725, 0.6968, 0.2431, 0, 0.3653, 0.23, 0.0522, 0.32, 0.2525, 0.5306, 0.5598, 0.054, 0.7511, 0.1805, 3.6054, 0.133],
      [0.9646, 0.4359, 0.8041, 0.6907, 0.12, 1.2859, 1.6839, 0.2263, 0, 0.0783, 0.3634, 1.6146, 1.1162, 0.3376, 0.566, 1.2751, 0.3425, 1.5943, 0.4366, 0.6305, 0.4849, 0, 0.1379, 0.8067, 0.158, 1.8593, 0.3858, 1.5016, 1.2314, 0.6799, 0.3667, 0.1721, 0.1656, 0.4023, 1.3359, 0.7306, 0, 1.2941, 0.744, 0.1942, 0.7336, 0.3031, 1.4862, 0.7514, 0.1224, 0.9183, 0.2983, 7.6538, 0.1737],
      [23.0612, 15.1242, 10.4999, 5.8522, 1.2823, 14.8291, 18.8043, 4.5108, 0, 0.5959, 3.644, 10.9454, 5.5491, 3.1924, 5.5395, 12.033, 3.1376, 40.1985, 5.9203, 14.6578, 1.4018, 0, 1.6185, 8.9601, 2.4769, 30.532, 7.5683, 26.9577, 14.7737, 13.0785, 10.0518, 6.0197, 5.0171, 7.5511, 18.1461, 6.9501, 0, 11.3656, 4.1188, 4.3651, 11.3332, 3.2376, 13.9165, 14.8551, 3.5263, 20.3206, 7.0619, 57.1342, 1.8959],
      [7.9864, 3.9671, 5.477, 4.5041, 0.8159, 12.5198, 15.1811, 2.014, 0, 0.4901, 1.7695, 12.7088, 11.3602, 3.7929, 5.0365, 10.2147, 4.4902, 15.075, 5.6923, 6.5853, 2.0178, 0, 0.5622, 4.1247, 1.2473, 25.1284, 7.5627, 24.8226, 11.3442, 6.7583, 3.2763, 3.3876, 1.8226, 5.2596, 14.034, 5.7103, 0, 11.4227, 3.3188, 2.77, 9.8496, 3.5453, 12.3982, 7.5816, 2.7081, 12.0841, 5.7559, 44.6119, 1.7913],
      [8.2278, 4.0406, 6.5408, 5.6792, 0.7231, 7.8407, 11.6144, 1.5307, 0, 0.8357, 1.1246, 7.3683, 8.7003, 1.587, 4.5728, 7.932, 1.8557, 11.8271, 4.7663, 5.5412, 0.9853, 0, 0.5985, 2.8434, 1.0049, 22.9015, 6.1988, 18.4945, 7.1242, 6.0733, 1.9441, 7.2458, 0.898, 4.6146, 8.7872, 4.3659, 0, 10.5522, 1.5884, 2.6185, 7.7636, 2.6614, 10.6685, 5.252, 3.5891, 8.926, 3.7033, 49.9947, 1.0061]
    ],
    [
      [0.2123, 0.0871, 0.2156, 0.0397, 0.0205, 0.1345, 0.1005, 0.0836, 0, 0, 0.0277, 0.0889, 0.0837, 0.0212, 0.1787, 0.2337, 0.0409, 0.211, 0.0244, 0.1449, 0.0095, 0, 0.0342, 0.0309, 0.0203, 0.2665, 0.0436, 0.1987, 0.1855, 0.0822, 0.0868, 0.0524, 0.0212, 0.0408, 0.1301, 0.0467, 0, 0.0962, 0.0805, 0, 0.0536, 0.0972, 0.1244, 0.1494, 0, 0.213, 0.0248, 0.72, 0.0768],
      [5.7013, 1.9054, 5.8519, 2.0659, 0.8401, 7.06, 4.9194, 1.7253, 0.2164, 0.3033, 1.8926, 9.5894, 9.2812, 1.8891, 7.309, 11.3102, 1.6506, 5.4721, 1.2678, 3.2944, 0.8479, 0, 1.2149, 2.0246, 0.6008, 6.6882, 1.295, 5.2167, 9.2099, 2.8965, 1.8705, 1.1461, 0.8691, 2.4982, 5.1075, 2.9434, 0, 9.0807, 5.0136, 1.051, 2.9006, 2.6262, 7.4099, 4.1635, 1.3933, 5.4622, 0.9739, 33.5341, 2.1951],
      [0.4742, 0.2261, 0.2834, 0.0619, 0.0272, 0.2951, 0.1931, 0.2077, 0, 0, 0.0594, 0.2321, 0.0382, 0.062, 0.2497, 0.3793, 0.0504, 0.4913, 0.0595, 0.2702, 0.0083, 0, 0.042, 0.0776, 0.0321, 0.393, 0.0819, 0.3281, 0.3995, 0.1989, 0.1807, 0.1588, 0.095, 0.1716, 0.2492, 0.0975, 0, 0.2727, 0.107, 0.0895, 0.1592, 0.0957, 0.2468, 0.2879, 0.1816, 0.4341, 0.0816, 0.9647, 0.0877],
      [24.3555, 8.7792, 20.614, 6.9275, 2.9562, 35.5359, 22.934, 8.1893, 1.5947, 0.9911, 4.7003, 38.9692, 48.8331, 10.9851, 33.5928, 46.7836, 11.1986, 26.4882, 8.4792, 17.6393, 1.7599, 0, 2.5223, 5.2465, 2.4666, 45.8788, 12.1317, 42.9066, 43.8638, 14.8464, 8.5765, 10.507, 4.93, 16.7265, 27.7367, 11.8622, 0, 41.409, 11.3919, 7.6426, 19.8791, 15.8619, 31.9099, 21.6719, 15.3706, 36.7221, 9.2593, 100.3004, 11.7006],
      [11.2568, 4.0022, 11.0351, 3.905, 1.1559, 9.9745, 7.8529, 2.7942, 0.1889, 0.7056, 1.32, 10.1204, 16.7638, 2.0426, 13.6698, 16.2932, 2.0595, 9.3375, 3.1691, 6.6512, 0.3744, 0, 1.1866, 1.6205, 0.8803, 18.7735, 4.4477, 14.3498, 12.3413, 5.9759, 2.2855, 10.1357, 1.0847, 6.5628, 7.7766, 4.0502, 0, 17.1414, 2.407, 3.2168, 7.0075, 5.319, 12.3091, 6.7272, 9.0546, 12.1686, 2.6604, 50.4807, 2.9398]
    ]
  ],
  "V_est": [
    [714.63, 135.0888, 2419.6221, 35.7304, 1.9287],
    [25.7973, 3852.0985, 28.5018, 896.6344, 58.968],
    [180.2266, 1880.1954, 510.6986, 10303.2553, 803.624],
    [203.0653, 97.9938, 4095.581, 159.7807, 98.5793],
    [73.0056, 3.1865, 515.8013, 582.3946, 597.612],
    [21.4409, 39.6581, 513.6119, 364.5771, 304.7121],
    [4.8344, 203.7789, 9.1833, 955.6274, 357.576]
  ],
  "p_est": [
    [0.2161, 0.0408, 0.7317, 0.0108, 0.0006],
    [0.0053, 0.7923, 0.0059, 0.1844, 0.0121],
    [0.0132, 0.1375, 0.0373, 0.7533, 0.0588],
    [0.0436, 0.0211, 0.8798, 0.0343, 0.0212],
    [0.0412, 0.0018, 0.2911, 0.3287, 0.3373],
    [0.0172, 0.0319, 0.4129, 0.2931, 0.2449],
    [0.0032, 0.1331, 0.006, 0.6242, 0.2336]
  ],
  "EI_Z": {},
  "EI_V": 8.6948,
  "MAE_Z": {},
  "MAE_V": 154.2662,
  "MAE_p": 0.0534,
  "runtime": 0.096
}
