{
  "Z_true": {},
  "V_true": [
    [1425, 236, 523],
    [13147, 561, 633],
    [978, 16154, 316],
    [1154, 430, 557],
    [827, 1504, 543]
  ],
  "p_true": [
    [0.6525, 0.1081, 0.2395],
    [0.9167, 0.0391, 0.0441],
    [0.0561, 0.9258, 0.0181],
    [0.539, 0.2008, 0.2602],
    [0.2878, 0.5233, 0.1889]
  ],
  "Z_est": [
    [
      [15.4861, 15.135, 6.7709, 16.4682, 27.0314, 53.8423, 10.6928, 16.7329, 15.135, 11.2268, 31.0814, 5.576, 23.9869, 23.4444, 4.5668, 25.2729, 40.5698, 40.9395, 27.204, 41.222, 31.8135, 2.788, 35.147, 44.1627, 36.3013, 38.2508, 0, 5.5899, 4.8834, 0.675, 10.7538, 51.0187, 14.2581, 27.347, 37.4544, 37.5622, 68.8775, 64.3773, 22.7425, 5.1778, 136.6769, 6.251, 109.7061, 26.0772],
      [1.6331, 0.691, 1.1318, 2.1984, 0, 4.655, 1.4935, 2.1984, 0, 1.1725, 0, 0.3016, 4.5609, 5.581, 1.9548, 1.7378, 2.1635, 2.6869, 1.1515, 0, 4.3826, 0, 0, 1.7844, 6.6811, 4.3161, 0, 1.3835, 0.7451, 0, 1.8894, 5.8743, 6.4336, 0.5775, 8.6539, 7.4452, 10.9451, 12.9685, 1.319, 0, 13.4603, 0.5095, 6.4626, 1.5982],
      [11.8808, 22.174, 9.0973, 7.3334, 18.9686, 27.5027, 12.8137, 15.0688, 22.865, 10.6007, 20.9186, 8.1224, 8.4522, 13.9746, 2.4784, 14.9893, 17.2667, 16.3736, 14.6445, 28.778, 11.8038, 4.212, 25.853, 31.0529, 22.0176, 28.4331, 0, 3.0266, 3.3715, 0.325, 14.3568, 21.107, 8.3084, 18.0755, 18.8916, 22.9925, 28.1774, 26.6541, 8.9385, 7.8222, 83.8628, 5.2396, 68.8313, 13.3247]
    ],
    [
      [296.0055, 374.9116, 296.5886, 99.8388, 455.5647, 621.5362, 209.7132, 285.3522, 580.4397, 193.9711, 477.9319, 213.545, 93.8575, 197.7092, 26.82, 335.9882, 321.6124, 229.6169, 190.2155, 494.6132, 197.7268, 60.6778, 464.011, 450.3391, 351.8044, 349.3234, 3.6786, 56.8299, 46.0998, 10.7031, 241.9833, 153.9897, 92.2744, 287.5395, 359.8552, 342.0357, 386.7816, 353.3298, 99.4944, 372.5972, 1483.9368, 86.3167, 754.7639, 98.1167],
      [2.9488, 3.0279, 2.1096, 3.198, 21.5227, 21.9857, 9.481, 15.5254, 26.0727, 8.4888, 28.6032, 0.7203, 5.25, 4.1015, 3.5, 2.06, 5.9913, 4.734, 1.365, 25.2229, 4.3358, 2.8152, 17.3019, 9.3531, 9.1051, 12.9463, 0.0767, 2.6118, 2.8909, 0.2108, 19.21, 4.3405, 12.2571, 5.9607, 11.9751, 7.0915, 11.6138, 8.1536, 2.0699, 14.2589, 57.2988, 0.6039, 23.7987, 2.0699],
      [14.0456, 30.0604, 10.3017, 4.9632, 21.9126, 22.4781, 15.8058, 19.1223, 38.4876, 13.5401, 23.4649, 12.7347, 3.8925, 12.1893, 1.68, 13.9518, 13.3964, 12.6491, 15.4195, 30.1639, 6.9374, 5.5071, 27.6871, 28.3079, 21.0905, 25.7303, 0.2447, 2.5583, 3.0094, 0.0861, 18.8067, 16.6698, 6.4685, 17.4998, 14.1697, 20.8729, 19.6046, 20.5166, 6.4357, 44.144, 87.7645, 7.0793, 63.4374, 7.8134]
    ],
    [
      [9.2053, 22.647, 14.2069, 6.7549, 16.8899, 9.1429, 1.6655, 5.7088, 5.2124, 1.3287, 18.6071, 3.6255, 2.7609, 21.6154, 0.7218, 14.0702, 4.904, 25.4471, 4.5183, 14.3465, 8.5301, 1.8826, 15.6789, 16.3697, 11.0971, 11.2386, 0.5314, 2.4885, 1.0646, 0.7315, 2.2935, 4.5112, 2.2195, 26.1162, 15.0309, 14.4573, 14.4844, 16.0343, 10.1335, 26.9045, 47.7667, 9.0731, 15.4749, 6.2735],
      [211.5892, 323.5444, 231.5476, 285.866, 669.9547, 586.3427, 179.2867, 278.4433, 494.6951, 143.0321, 605.1291, 58.4139, 207.86, 368.2858, 117.1518, 219.4933, 273.324, 342.7225, 146.3028, 610.3547, 384.9103, 88.202, 802.7324, 724.4816, 425.3977, 604.1099, 5.0848, 97.349, 69.811, 15.2504, 247.0914, 418.5832, 156.2512, 530.2772, 667.9761, 585.7694, 659.1255, 520.6659, 171.539, 350.6283, 1824.7836, 65.8203, 812.5932, 217.618],
      [2.2056, 3.8086, 2.2455, 0.3791, 1.1554, 5.5144, 2.0478, 2.8479, 5.0925, 1.6392, 1.2637, 0.9607, 0.3791, 2.0988, 0.1264, 2.4365, 2.7719, 0.8305, 3.1789, 6.2988, 0.5597, 2.9155, 1.5887, 10.1487, 2.5052, 13.6515, 0.3838, 0.1625, 1.1244, 0.0181, 2.6151, 3.9056, 1.5293, 3.6066, 0.9929, 1.7734, 1.3901, 1.2998, 1.3275, 10.4672, 13.4497, 1.1065, 30.9318, 10.1085]
    ],
    [
      [39.6058, 68.3526, 41.4472, 14.2707, 66.9556, 76.9945, 31.0373, 59.206, 108.2964, 34.2672, 77.7154, 25.328, 24.3292, 30.08, 5.3636, 49.0688, 36.1838, 42.1263, 23.6507, 62.7589, 21.89, 8.8294, 65.5771, 71.4649, 51.5394, 32.0168, 0, 3.7818, 3.7679, 0.9542, 48.9541, 27.1822, 3.6774, 49.559, 53.2626, 50.3162, 48.4813, 47.555, 28.4544, 54.7322, 230.4176, 5.1909, 89.7994, 7.4036],
      [1.4441, 4.122, 1.5737, 0, 6.6054, 4.1163, 1.3207, 1.944, 3.4868, 1.0368, 6.3762, 0.4135, 1.4749, 0.3766, 1.3155, 1.5367, 1.9131, 2.7263, 1.0183, 0, 0, 0.6496, 2.0501, 8.5455, 2.7643, 0, 0, 0, 0, 0, 10.2736, 1.2408, 0, 7.6908, 3.0609, 1.0832, 0, 0, 1.1664, 2.3574, 28.1743, 0.4505, 5.7147, 0],
      [1.9501, 3.5254, 1.9792, 0.7293, 3.439, 3.8892, 1.642, 2.8501, 5.2168, 1.696, 3.9084, 1.2585, 1.1958, 1.5434, 0.3209, 2.3946, 1.9031, 2.1474, 1.331, 3.2411, 1.11, 0.521, 3.3728, 3.9896, 2.6963, 1.9832, 0, 0.2182, 0.2321, 0.0458, 2.7723, 1.577, 0.3226, 2.7503, 2.6766, 2.6006, 2.5187, 2.445, 1.3792, 2.9104, 12.4081, 0.3586, 5.4859, 0.5964]
    ],
    [
      [5.6974, 28.9538, 9.9864, 8.6674, 22.5585, 29.4842, 22.8911, 5.0002, 16.9165, 9.2062, 24.6642, 4.9255, 8.0656, 14.151, 2.5277, 22.5999, 20.73, 15.8702, 10.4115, 30.0593, 14.0396, 4.8223, 34.5861, 30.6636, 22.2578, 22.1704, 0.79, 4.3098, 3.1843, 1.9363, 11.0154, 13.2982, 10.5706, 19.4384, 22.3968, 31.6287, 28.3753, 24.7037, 7.1752, 5.5884, 76.202, 2.1682, 44.2556, 6.1291],
      [16.3848, 34.6147, 18.6373, 23.7376, 35.9172, 49.9003, 22.4182, 16.8889, 40.7454, 14.2699, 40.8915, 7.1508, 19.8541, 31.6551, 7.0779, 24.1723, 26.6081, 32.1303, 15.1624, 62.4224, 28.3713, 8.3332, 80.9156, 67.8355, 47.0518, 44.6277, 0.8385, 7.6557, 7.5531, 2.5387, 22.5356, 28.9612, 15.0582, 41.4938, 48.334, 59.6107, 68.3155, 43.212, 12.9056, 14.7554, 114.2831, 5.6158, 77.4309, 7.7138],
      [9.9178, 22.4315, 9.3763, 7.595, 18.5243, 24.6155, 13.6907, 12.1109, 24.3381, 9.524, 20.4443, 6.9237, 7.0803, 13.1939, 2.3944, 14.2278, 14.6619, 13.9995, 11.4261, 28.5182, 10.5891, 5.8445, 29.4983, 30.5009, 20.6905, 25.2019, 0.3715, 3.0344, 3.2627, 0.525, 13.4491, 15.7405, 7.3712, 18.0678, 18.2692, 23.7607, 25.3092, 21.0843, 6.9192, 17.6561, 71.5149, 4.216, 55.3135, 9.157]
    ]
  ],
  "V_est": [
    [1270.277, 132.7417, 780.9813],
    [13100.04, 438.2588, 802.7012],
    [483.7654, 16799.3909, 164.8437],
    [1921.8451, 118.0228, 101.1321],
    [755.0726, 1396.5858, 722.3416]
  ],
  "p_est": [
    [0.5816, 0.0608, 0.3576],
    [0.9135, 0.0306, 0.056],
    [0.0277, 0.9628, 0.0094],
    [0.8976, 0.0551, 0.0472],
    [0.2627, 0.4859, 0.2513]
  ],
  "EI_Z": {},
  "EI_V": 5.1817,
  "MAE_Z": {},
  "MAE_V": 269.368,
  "MAE_p": 0.0784,
  "runtime": 0.914
}
