{
  "Z_true": {},
  "V_true": [
    [3, 10, 30, 126, 1087, 192],
    [691, 33, 307, 221, 354, 61],
    [234, 229, 5452, 1402, 1724, 312],
    [29, 46, 29, 455, 6430, 91],
    [56, 72, 250, 4564, 1805, 104],
    [8, 789, 154, 334, 1097, 109],
    [77, 52, 272, 276, 478, 381]
  ],
  "p_true": [
    [0.0021, 0.0069, 0.0207, 0.087, 0.7507, 0.1326],
    [0.4145, 0.0198, 0.1842, 0.1326, 0.2124, 0.0366],
    [0.025, 0.0245, 0.5829, 0.1499, 0.1843, 0.0334],
    [0.0041, 0.0065, 0.0041, 0.0643, 0.9082, 0.0129],
    [0.0082, 0.0105, 0.0365, 0.6662, 0.2635, 0.0152],
    [0.0032, 0.3167, 0.0618, 0.1341, 0.4404, 0.0438],
    [0.0501, 0.0339, 0.1771, 0.1797, 0.3112, 0.248]
  ],
  "Z_est": [
    [
      [0, 0.0014, 0.046, 0, 0.0256, 0.0038, 0.0372, 0, 0.0188, 0.0683, 0.1754, 0.0637, 0, 0.0184, 0.0495, 0.0849, 0.0086, 0, 0.064, 0.1346, 0.1873, 0.1476, 0, 0, 0.0692, 0.1708, 0, 0.0123, 0.3109, 0.0531, 0.1469, 0, 0.0268, 0, 0.0103, 0.0756, 0.0509, 0, 0.0404, 0, 0, 0.0008, 0.0077, 0.0574, 0.0286, 0.5586, 0],
      [0, 0, 0, 0.0246, 0.0096, 0.0042, 0.01, 0.0095, 0.01, 0.072, 0.0562, 0.0257, 0, 0.0019, 0.0271, 0.019, 0, 0, 0.0006, 0.0428, 0.0683, 0.0089, 0, 0, 0.0027, 0.1084, 0, 0.0025, 0.0792, 0, 0.0416, 0, 0.0056, 0, 0, 0.0592, 0.0734, 0.0409, 7.1175e-47, 0, 0.0192, 0.0014, 0.0014, 0.0051, 0.0039, 0.1176, 0],
      [0, 0, 0.0289, 0.0459, 0.0306, 0, 0.03, 0.1546, 0, 0.0304, 0.1374, 0.0687, 0, 0.0399, 0, 0.0148, 0, 0, 0.0211, 0.0069, 0.1199, 0.0557, 0, 0, 0.0741, 0.0104, 0.073, 0.009, 0.0202, 0, 0.2149, 0, 0.0141, 0, 0, 0, 0, 0, 0, 0, 0, 0.0031, 0.0082, 0.0076, 0.0034, 0.198, 0],
      [0, 0, 0, 0.2476, 0.0363, 0, 0.1256, 0.1867, 0.2502, 0.3481, 0.5392, 0.1676, 0, 0.0546, 0.1311, 0.1332, 0.0153, 0, 0.0954, 0.2821, 0.4519, 0.1355, 0.0476, 0, 0.0568, 0.7442, 0.2012, 0.1027, 0.4271, 0.1371, 0.5037, 0, 0.0126, 0, 0, 0.3765, 0.4516, 0.1775, 0, 0, 0, 0.0044, 0.0296, 0.3616, 0.0472, 0.6633, 0],
      [46.8401, 23.8371, 31.6709, 14.673, 7.8596, 2.9696, 10.7764, 20.5753, 29.633, 43.3924, 60.874, 17.5944, 11.9131, 6.8703, 25.7051, 20.694, 11.9434, 8.9943, 39.7204, 65.3482, 106.8472, 41.5518, 28.8412, 14.9469, 19.636, 57.6985, 10.7258, 12.8503, 41.0586, 58.5657, 97.7348, 12.9251, 4.9212, 13.9737, 4.9718, 59.3338, 66.302, 38.6977, 7.9596, 8, 12.9553, 0.9874, 3.9402, 78.3055, 5.8686, 112.8914, 5.9486],
      [0.1599, 0.1615, 0.2542, 0.0089, 0.0382, 0.0224, 0.0208, 0.0738, 0.088, 0.0888, 0.2178, 0.0799, 0.0869, 0.0148, 0.0873, 0.054, 0.0327, 0.0057, 0.0984, 0.1854, 0.3254, 0.1006, 0.1112, 0.0531, 0.1611, 0.2677, 0, 0.0233, 0.104, 0.2442, 0.3581, 0.0749, 0.0196, 0.0263, 0.0179, 0.1548, 0.1222, 0.0839, 0, 0, 0.0255, 0.0028, 0.013, 0.2628, 0.0483, 0.5712, 0.0514]
    ],
    [
      [10.9716, 6.6663, 20.2882, 13.9289, 11.8116, 2.53, 2.7822, 15.9163, 15.232, 20.5664, 37.3288, 15.3805, 4.4887, 4.5692, 22.8921, 19.6445, 6.526, 3.4889, 20.2239, 72.9955, 61.7623, 30.8458, 14.8729, 1.9963, 9.5804, 31.9972, 2.995, 10.8918, 36.3932, 31.5555, 53.4648, 2.0349, 4.4493, 7.9624, 2.0377, 46.1742, 43.2703, 20.3307, 2.8962, 3.6286, 6.8728, 2.995, 2.2899, 28.2326, 9.9307, 127.8841, 7.9308],
      [0.2483, 0.1039, 0.2459, 1.2426, 0.2216, 0.0474, 0.032, 1.3643, 0.2017, 0.4925, 0.5901, 0.2714, 0.0616, 0.0354, 0.3434, 0.2664, 0.1293, 0.0507, 0.2826, 1.2005, 1.1119, 0.2877, 0.1549, 0.3052, 0.11, 0.5886, 0.6884, 0.1366, 0.5419, 0.3428, 0.9027, 0.0049, 0.0482, 0, 0.0063, 0.8559, 0.903, 0.4758, 0, 0.0252, 0.1902, 0.5586, 0.0199, 0.4475, 0.0923, 1.9282, 0],
      [0.0041, 0.0329, 0.1287, 0.1742, 0.1723, 0, 0.0133, 0.7474, 0.0295, 0.1123, 0.2587, 0.1541, 0, 0.0534, 0, 0.067, 0.017, 0, 0.106, 0.1719, 0.4055, 0.1555, 0.1365, 0.1046, 0.0832, 0.1057, 0.6229, 0.0533, 0.0869, 0.0583, 0.4958, 0, 0.0249, 0, 0.005, 0.0667, 0.1661, 0, 0.0068, 0, 0.0087, 0.289, 0.0181, 0.1667, 0.0113, 0.7837, 0],
      [0, 0.0192, 0, 0.5932, 0.0482, 0, 0.0273, 0.3443, 0.2525, 0.3009, 0.4511, 0.1905, 0, 0.0459, 0.1559, 0.1747, 0.021, 0, 0.1012, 0.4995, 0.5045, 0.118, 0.071, 0.0856, 0.0348, 0.6223, 0.1682, 0.185, 0.4965, 0.1447, 0.5475, 0.0008, 0.004, 0, 0.0012, 0.5704, 0.6318, 0.1868, 0, 0, 0.0016, 0.0392, 0.0281, 0.3274, 0.0856, 0.9065, 0],
      [16.3057, 4.8409, 13.6658, 8.9245, 5.1208, 1.07, 0.9834, 11.4669, 11.1358, 14.2303, 18.0165, 6.0583, 1.8528, 1.9237, 12.1347, 9.1729, 5.4398, 1.4022, 14.0443, 49.4679, 43.8697, 15.2223, 11.4042, 2.923, 4.4459, 16.8123, 3.9932, 7.6163, 13.537, 22.1495, 38.816, 0.7975, 1.1752, 4.5859, 0.7949, 31.8596, 33.2473, 14.7755, 0.987, 2.2426, 5.272, 2.5974, 1.348, 24.8472, 3.2739, 56.4935, 5.8638],
      [2.4704, 1.3368, 4.6714, 1.1366, 1.6255, 0.3526, 0.1618, 3.1608, 2.1484, 2.2975, 4.3547, 1.9452, 0.5969, 0.3724, 2.4738, 1.6746, 0.8669, 0.0582, 2.2421, 8.6646, 8.3461, 2.3708, 2.3605, 0.5853, 1.7457, 4.8738, 0.5324, 1.1169, 2.9445, 4.7492, 8.7733, 0.1619, 0.2983, 0.4517, 0.1549, 5.4731, 4.7815, 2.2312, 0.11, 0.1036, 0.6547, 0.5208, 0.2961, 4.9786, 1.6061, 17.004, 2.2054]
    ],
    [
      [0, 1.0643, 2.0711, 0, 1.393, 0.3653, 0.7425, 0, 1.3579, 1.1515, 8.1764, 1.9042, 2.207, 0.2755, 3.3602, 1.645, 0.3249, 1.2558, 1.0385, 6.0467, 6.6004, 8.9913, 0, 0, 1.5048, 1.4825, 0, 0, 3.8998, 4.729, 3.223, 0.386, 2.5396, 1.7733, 0.4334, 4.0979, 0.1677, 1.5242, 1.4766, 0.2905, 0.8228, 0, 0.5454, 0.2401, 1.7906, 16.5894, 0.9085],
      [1.1914, 2.2139, 2.8723, 1.5738, 3.3808, 0.8317, 2.9227, 1.5303, 4.2748, 12.1416, 27.6592, 5.5094, 2.2005, 0.3875, 4.9874, 2.445, 2.0775, 1.2804, 2.455, 15.2936, 22.2883, 6.838, 0.6314, 0.4657, 1.8063, 3.7689, 0, 1.2909, 4.7086, 4.2999, 12.8089, 0.0533, 2.7893, 0.5069, 0, 14.3285, 10.4524, 7.0805, 0, 0.7127, 4.7184, 0.5949, 0.8141, 6.422, 1.5788, 20.1688, 0.0182],
      [62.1315, 74.8816, 122.5356, 30.0467, 71.9741, 10.7702, 66.2614, 62.7193, 101.9597, 170.554, 607.6477, 101.6211, 26.7352, 18.0692, 72.4058, 48.8017, 45.4717, 10.9401, 69.7804, 320.9939, 518.357, 253.1182, 39.755, 7.9239, 64.1608, 62.0657, 30.1562, 38.0927, 72.6166, 190.3369, 374.8937, 7.2627, 58.4223, 20.0535, 18.2268, 232.8374, 182.5097, 88.3246, 29.4844, 14.5516, 58.595, 14.4313, 54.7527, 196.1099, 34.6707, 403.2154, 19.1684],
      [16.1591, 20.375, 25.8721, 21.6705, 18.6472, 2.46, 39.4241, 22.9906, 82.4963, 97.4665, 319.7516, 45.7349, 9.8644, 7.0031, 46.8317, 24.1569, 15.0127, 3.8016, 26.3212, 145.1674, 202.1039, 84.718, 15.4514, 3.5661, 19.4058, 38.9753, 18.9927, 22.7924, 43.7917, 82.6573, 146.3194, 5.6934, 10.2631, 5.7856, 3.0401, 143.5194, 100.204, 48.0551, 4.8725, 2.3573, 13.954, 3.6181, 25.7963, 91.9728, 21.4723, 170.612, 4.6974],
      [32.0619, 24.5043, 32.9628, 6.709, 10.4525, 3.2357, 9.6492, 9.7597, 42.5748, 49.6863, 102.7651, 13.2305, 13.1988, 3.2646, 30.8829, 13.8933, 17.8406, 6.7097, 22.2151, 114.1161, 156.7286, 73.8987, 12.9077, 3.003, 12.7163, 17.3332, 3.8511, 12.6637, 17.9832, 75.384, 97.0527, 5.4706, 9.8122, 15.7728, 6.1506, 89.799, 63.1982, 35.8949, 9.1666, 5.8626, 23.7511, 2.3558, 10.0916, 67.165, 8.6263, 89.9198, 8.5125],
      [0.4561, 1.9608, 3.686, 0, 0.1524, 0.3371, 0, 0, 0.3365, 0, 0, 0, 0.7941, 0, 0.532, 0.0582, 0.2726, 0.0125, 0.1898, 1.3822, 1.9217, 0.4358, 0.2544, 0.0413, 1.4061, 0.3743, 0, 0.1602, 0, 2.5929, 1.7023, 0.134, 0.1734, 0.1078, 0.149, 0.4178, 0.468, 0.1206, 0, 0.2253, 0.1588, 0, 0, 1.0902, 0.8613, 3.4947, 0.695]
    ],
    [
      [0, 0, 0, 0, 0.2242, 0, 1.2228, 0, 0, 0.6228, 3.5325, 0.5793, 0, 0.0461, 1.2597, 1.0881, 0, 0, 0, 0.7799, 0.667, 1.1999, 0, 0, 0.2248, 0.5434, 0, 0, 2.974, 0, 0, 0, 0.7785, 0, 0, 0.382, 0, 0.0535, 0.2521, 0, 0.0666, 0, 0.0482, 0, 1.0056, 5.8178, 0],
      [0, 0, 0, 0.1311, 0.0783, 0.0124, 0.2251, 0, 0, 1.0988, 0.6613, 0.27, 0.0012, 0.024, 0.6198, 0.1744, 0, 0, 0, 0.1912, 0.2112, 0, 0, 0, 0, 0.4379, 0.3832, 0, 0.6817, 0, 0, 0, 0.1018, 0, 0, 0.6666, 0.5284, 0.4801, 0, 0, 0.1945, 0, 0.1354, 0, 0, 0.7429, 0],
      [0, 1.0768, 2.6251, 2.2524, 2.0027, 0, 1.99, 3.2131, 0.803, 3.4618, 16.6392, 3.8573, 0, 0.5079, 0, 1.95, 0.1745, 0, 2.8401, 4.418, 11.3371, 4.4238, 0.6465, 0, 1.6799, 2.2575, 1.0346, 1.1024, 2.6302, 1.4566, 15.0769, 0, 2.3632, 0, 0, 2.7123, 3.4441, 0.7524, 0.3823, 0, 0.4049, 1.0222, 3.6044, 3.6909, 0.8637, 12.133, 0],
      [0, 0.2139, 0, 6.1834, 0.9492, 0, 3.5171, 2.7974, 6.9753, 7.5479, 24.1003, 4.351, 0, 0.4775, 4.3804, 3.4065, 0.0016, 0, 2.1715, 6.6443, 11.0848, 3.1485, 1.2155, 0.143, 0.9144, 6.3696, 1.5508, 2.7269, 6.8088, 2.7486, 13.614, 0, 0.2472, 0, 0, 9.2441, 7.7341, 2.3733, 0, 0, 0.1293, 0.4646, 4.2611, 7.2691, 2.6633, 13.391, 0],
      [180.816, 69.8682, 123.2062, 65.458, 40.5321, 18.6988, 53.4277, 62.5119, 152.5868, 180.7454, 453.188, 81.5158, 32.4193, 13.1596, 178.5847, 99.4937, 83.4226, 47.3706, 167.283, 298.6052, 512.4515, 186.6621, 126.3158, 27.0133, 45.9941, 119.8899, 21.7403, 63.5233, 131.9001, 344.188, 508.0246, 43.7008, 48.4342, 87.022, 45.8911, 278.3514, 227.207, 94.6666, 20.6292, 22.9383, 45.3618, 17.4876, 76.7745, 300.0734, 56.7954, 431.5434, 30.7326],
      [10.184, 6.8412, 15.1687, 1.9751, 4.2134, 2.2889, 1.6173, 5.4776, 9.635, 8.5232, 33.8786, 8.4268, 3.5795, 0.785, 12.1554, 5.8874, 4.4013, 0.6294, 8.7054, 17.3614, 32.2483, 9.5657, 8.8223, 1.8438, 6.1868, 11.5017, 0.2911, 2.6474, 9.0051, 25.6068, 38.2844, 3.2992, 4.075, 2.978, 3.1089, 15.6437, 10.0864, 4.6741, 0.7364, 0.0617, 1.8429, 1.0256, 5.1765, 19.9666, 9.6719, 43.3719, 4.2674]
    ],
    [
      [0, 0.0935, 0.2399, 0, 0.3456, 0.0393, 0, 0, 0, 0, 2.2903, 0.7903, 0.2027, 0.0724, 0.8521, 0.9462, 0, 0.1883, 0.243, 0.8539, 0.5182, 1.6617, 0, 0, 0.4202, 0.4063, 0, 0, 2.2293, 0.6498, 0, 0.4183, 0.785, 0.1978, 0.1119, 0.1602, 0, 0, 0.0832, 0.0369, 0.0853, 0, 0.0228, 0, 1.0088, 3.4467, 0.0888],
      [0.8551, 1.0302, 1.4264, 0.4284, 1.7035, 0.3038, 1.3538, 0.3805, 1.2986, 5.8564, 10.5573, 2.6753, 0.5243, 0.2234, 2.4617, 1.711, 0.9978, 0.6275, 1.3523, 6.2227, 7.9353, 2.5293, 0.4739, 0.2278, 0.9465, 2.3377, 0, 0.3561, 2.7036, 2.3779, 6.4422, 0, 1.4874, 0.3335, 0, 6.5863, 4.1073, 2.7686, 0, 0.3371, 1.6294, 0.2143, 0.4141, 2.4125, 0.7746, 6.7052, 0.0942],
      [15.7453, 15.613, 23.5445, 6.6601, 18.6898, 1.987, 17.6329, 22.2444, 15.9667, 38.6475, 118.2678, 25.0981, 3.1834, 5.2051, 15.7923, 16.1947, 10.4525, 2.9677, 26.3584, 63.3084, 91.4229, 43.7444, 10.4394, 3.8643, 16.9379, 17.4971, 3.1185, 6.9063, 18.7956, 42.7205, 100.2673, 0.6455, 15.8066, 4.7452, 3.4314, 48.075, 36.906, 16.0299, 2.4379, 3.2057, 10.1911, 2.1857, 11.8119, 49.1747, 8.9817, 66.9297, 3.71],
      [43.5434, 40.0975, 47.6043, 36.8588, 40.2809, 4.8254, 77.4103, 60.5772, 111.3763, 180.6823, 473.1364, 85.2165, 11.5197, 16.0876, 91.7392, 67.5685, 32.0354, 11.2438, 84.4926, 247.685, 302.126, 127.6219, 36.0177, 16.1882, 43.7898, 91.2584, 14.2091, 34.1558, 93.9032, 167.7695, 320.8698, 12.6344, 25.6423, 16.3313, 6.7426, 257.3458, 169.4117, 76.8197, 4.2713, 6.1126, 23.8061, 4.7217, 43.0655, 197.8482, 48.237, 235.2647, 10.3377],
      [29.2564, 21.9232, 27.3749, 7.0527, 13.5489, 2.6727, 12.6029, 15.5953, 31.8096, 52.8137, 102.7482, 17.2198, 6.2803, 4.4115, 32.3682, 21.3148, 18.1665, 6.9458, 37.9881, 101.0452, 122.5613, 56.6099, 15.6655, 7.5588, 15.5994, 22.7335, 2.6725, 10.5286, 22.2085, 76.7757, 116.4387, 9.0666, 12.9242, 11.2593, 4.5994, 87.6572, 58.575, 30.0217, 3.1744, 5.2991, 17.0778, 1.8548, 10.6042, 76.7938, 10.8061, 72.8212, 6.3355],
      [0.5997, 1.2426, 1.8099, 0, 0.4313, 0.1718, 0, 0.2025, 0.5488, 0, 0, 0, 0.2896, 0, 0.7864, 0.2648, 0.3477, 0.0269, 0.5657, 1.8847, 2.4364, 0.8327, 0.4035, 0.1609, 1.3062, 0.767, 0, 0.0532, 0.1598, 2.7067, 2.9821, 0.2352, 0.3545, 0.1329, 0.1146, 1.1755, 0, 0.36, 0.0332, 0.0087, 0.2103, 0.0235, 0.0816, 1.7708, 1.1919, 2.8326, 0.4337]
    ],
    [
      [0, 0.1151, 0.2674, 0.0256, 0.1174, 0.0279, 0.1004, 0.0533, 0.2615, 0.3562, 1.028, 0.1815, 0.0839, 0.0069, 0.439, 0.4749, 0.0806, 0.0474, 0.2918, 0.6918, 0.9052, 0.7406, 0.0675, 0, 0.1033, 0.2879, 0, 0.0438, 0.8077, 0.6873, 0.6689, 0.0831, 0.2145, 0.0327, 0.3698, 0.745, 0.3103, 0, 0.1313, 0.0202, 0.0827, 0.0017, 0.0363, 0.3104, 0.1316, 1.8121, 0.0586],
      [14.7052, 8.6519, 18.4553, 5.5807, 8.5927, 2.787, 5.4447, 6.7111, 18.2075, 44.2375, 65.4184, 12.2313, 4.2108, 0.3271, 32.5401, 18.3728, 8.7903, 3.039, 19.9086, 45.9918, 71.3418, 25.3345, 3.7398, 0, 5.1345, 18.7369, 5.9278, 8.2128, 24.2302, 32.9794, 53.7827, 1.9418, 8.5492, 1.1588, 1.9937, 68.4185, 43.8818, 39.121, 9.2799e-32, 1.9234, 10.2148, 0.6297, 1.6133, 26.7088, 4.5486, 74.2493, 1.8875],
      [0.0083, 0.1069, 0.31, 0.0936, 0.2082, 0, 0.108, 0.2344, 0.0234, 0.401, 1.4228, 0.2572, 0, 0.0073, 0, 0.2057, 0.0373, 0, 0.2979, 0.43, 1.1014, 0.535, 0.0743, 0, 0.1192, 0.1821, 0.5124, 0.1452, 0.2208, 0.1882, 1.2155, 0, 0.1896, 0.012, 0.0548, 0, 0.3508, 0, 0.0688, 0.0074, 0.0118, 0.0062, 0.0578, 0.4042, 0.0456, 1.1694, 0.01],
      [9.2574, 5.2945, 9.5235, 5.1569, 3.9548, 0.7146, 5.2192, 5.7918, 25.177, 31.8914, 57.9471, 8.1461, 1.6064, 0.3119, 25.5548, 14.3984, 4.8635, 0.9413, 15.6172, 34.9292, 51.0781, 20.9124, 4.0801, 0, 3.7234, 15.7589, 9.7277, 9.8405, 19.0803, 33.1955, 44.9415, 2.6713, 2.8088, 0.8627, 2.2147, 58.0326, 35.9287, 26.1917, 1.8563, 0.5237, 3.0835, 0.1453, 2.6549, 27.7646, 4.3712, 51.2117, 1.9623],
      [20.9071, 9.7043, 19.0839, 4.1431, 5.0879, 1.4373, 4.1232, 6.1763, 25.2189, 34.114, 50.9881, 7.1438, 3.0584, 0.3452, 31.2547, 16.5022, 9.1813, 1.9702, 23.7918, 48.7247, 72.2097, 32.3548, 6.0019, 0, 4.8502, 14.9167, 6.8321, 10.7503, 17.6388, 50.4907, 58.0297, 4.2655, 5.2036, 1.9284, 5.3293, 68.5841, 43.4702, 35.6122, 4.9311, 1.5245, 7.5829, 0.2162, 2.6246, 36.6024, 3.8348, 57.993, 4.0132],
      [0.122, 0.1274, 0.36, 0, 0.0391, 0.0332, 0.0045, 0.033, 0.1117, 0, 0.1956, 0.0401, 0.0405, 0.0016, 0.2114, 0.0461, 0.047, 0.002, 0.0927, 0.2324, 0.3639, 0.1227, 0.0365, 0, 0.0694, 0.1174, 0, 0.0075, 0.0223, 0.4588, 0.3617, 0.0383, 0.0344, 0.0054, 0.0377, 0.2198, 0.0583, 0.075, 0.0126, 0.0008, 0.0243, 0.0009, 0.013, 0.2095, 0.0682, 0.5645, 0.0683]
    ],
    [
      [0.0284, 0.0593, 0.0875, 0.0455, 0.0827, 0.0337, 0.1148, 0.0304, 0.1298, 0.2348, 0.4686, 0.1005, 0.0176, 0.0115, 0.1475, 0.1165, 0.0599, 0.0196, 0.1387, 0.4977, 0.3596, 0.4131, 0.0597, 0.0037, 0.0973, 0.1118, 0.005, 0.0521, 0.3851, 0.3254, 0.4964, 0.0777, 0.2062, 0.0338, 0.0369, 0.3651, 0.2008, 0.0916, 0.1203, 0.0238, 0.0699, 0.0025, 0.0497, 0.1595, 0.1041, 0.8913, 0.0133],
      [0, 0, 0, 0.0187, 0.0135, 0.0136, 0.0116, 0.0042, 0.0073, 0.1012, 0.0574, 0.0168, 0.0017, 0.0006, 0.0205, 0.0114, 0.0051, 0.0023, 0.001, 0.0573, 0.0432, 0.0017, 0, 0.0013, 0, 0.0216, 0.0006, 0.0011, 0.0548, 0, 0.022, 0, 0.0184, 0.0008, 0, 0.085, 0.0539, 0.033, 0, 0.0016, 0.0336, 0.0011, 0.0019, 0.0041, 0.0018, 0.0881, 0],
      [1.1109, 1.289, 1.8272, 0.7271, 0.9223, 0.2428, 0.9643, 1.6866, 1.2177, 2.793, 4.6264, 0.9437, 0.0814, 0.1172, 0.8018, 0.7662, 0.847, 0.0923, 1.5961, 4.6707, 4.2562, 2.9673, 0.9482, 0.1072, 0.9449, 0.8815, 0.4825, 0.6912, 1.6297, 3.2395, 7.836, 0.0918, 1.1792, 0.1893, 0.282, 3.3086, 2.6232, 0.893, 0.6199, 0.2353, 0.7884, 0.0625, 0.7471, 2.4458, 0.4236, 5.5709, 0.1115],
      [0.04, 0, 0, 0.2897, 0.0834, 0, 0.2765, 0.312, 0.4724, 0.7629, 1.0743, 0.1935, 0.0094, 0.0195, 0.2068, 0.1618, 0.0505, 0.0133, 0.2009, 0.7925, 0.6508, 0.3457, 0.1168, 0.0171, 0.075, 0.2712, 0.1504, 0.1967, 0.4924, 0.3473, 1.2041, 0, 0.022, 0.0204, 0.0014, 0.9113, 0.6382, 0.1959, 0, 0.0064, 0.0255, 0.0067, 0.1645, 0.4563, 0.1233, 0.9508, 0.0026],
      [16.8127, 15.322, 18.0355, 8.0396, 6.3981, 3.9159, 8.4371, 11.9145, 20.0411, 34.0178, 41.4199, 7.2375, 1.2774, 1.0251, 13.0696, 8.929, 12.0059, 1.6072, 18.9575, 61.6926, 48.332, 32.7004, 11.8637, 1.5551, 7.7582, 10.6159, 4.1849, 9.0675, 18.6738, 47.4465, 78.9034, 6.774, 8.5294, 3.4579, 3.2627, 49.4149, 35.0003, 13.3313, 7.152, 3.1329, 10.9992, 0.5009, 6.6169, 31.2127, 4.7949, 54.3378, 1.5938],
      [10.0079, 15.3297, 22.0498, 3.8794, 7.5, 4.7941, 5.1957, 12.0522, 14.1316, 20.0904, 36.3533, 8.508, 1.6124, 0.8262, 9.7538, 6.015, 7.0316, 0.2653, 11.1058, 39.2892, 33.3582, 18.5718, 9.0116, 1.3156, 11.1247, 11.0981, 2.1765, 4.9915, 14.7643, 36.6413, 64.5381, 5.0565, 8.0447, 1.2979, 2.4169, 30.9153, 18.4837, 7.4551, 3.1078, 0.6, 5.0835, 0.4264, 5.4199, 22.7215, 8.5523, 58.1612, 2.2787]
    ]
  ],
  "V_est": [
    [2.7556, 0.9524, 1.4208, 7.5452, 1430.3234, 5.0027],
    [933.5068, 18.1584, 6.0981, 8.9869, 578.2078, 122.0419],
    [98.3967, 226.3749, 5180.3938, 2325.8942, 1494.7851, 27.1553],
    [23.3689, 8.051, 120.8312, 171.819, 6318.2055, 437.7243],
    [19.4885, 96.1849, 1103.5419, 4150.4834, 1451.3614, 29.9399],
    [13.303, 880.4646, 10.8343, 700.9193, 880.7475, 4.7312],
    [7.1804, 0.8139, 70.8799, 12.352, 821.3693, 623.4046]
  ],
  "p_est": [
    [0.0019, 0.0007, 0.001, 0.0052, 0.9878, 0.0035],
    [0.56, 0.0109, 0.0037, 0.0054, 0.3469, 0.0732],
    [0.0105, 0.0242, 0.5539, 0.2487, 0.1598, 0.0029],
    [0.0033, 0.0011, 0.0171, 0.0243, 0.8924, 0.0618],
    [0.0028, 0.014, 0.1611, 0.6058, 0.2118, 0.0044],
    [0.0053, 0.3535, 0.0043, 0.2814, 0.3536, 0.0019],
    [0.0047, 0.0005, 0.0461, 0.008, 0.5347, 0.4059]
  ],
  "EI_Z": {},
  "EI_V": 13.6749,
  "MAE_Z": {},
  "MAE_V": 198.1294,
  "MAE_p": 0.0671,
  "runtime": 0.006
}
