{
  "X": [
    [0, 2, 0, 3, 4, 0],
    [2, 1, 2, 5, 18, 7],
    [30, 70, 87, 164, 733, 75],
    [33, 55, 39, 69, 399, 56],
    [28, 74, 72, 123, 653, 81],
    [4, 21, 17, 21, 228, 28],
    [27, 60, 60, 120, 557, 82],
    [40, 76, 104, 162, 787, 82],
    [0, 6, 12, 29, 68, 11],
    [35, 27, 41, 96, 543, 84],
    [37, 91, 96, 185, 770, 86],
    [11, 18, 20, 37, 235, 27],
    [14, 35, 46, 83, 548, 80],
    [21, 27, 34, 75, 381, 55],
    [45, 49, 57, 146, 523, 78],
    [49, 78, 92, 198, 797, 116],
    [4, 4, 2, 9, 27, 2],
    [1, 1, 6, 9, 22, 6],
    [6, 2, 1, 5, 26, 5],
    [16, 39, 33, 58, 277, 47],
    [29, 47, 53, 79, 434, 48],
    [13, 41, 44, 128, 565, 58],
    [35, 42, 39, 124, 478, 52],
    [18, 41, 27, 106, 426, 43],
    [49, 102, 130, 373, 1268, 133],
    [53, 72, 107, 248, 1070, 103],
    [48, 73, 89, 181, 691, 92],
    [65, 116, 122, 275, 841, 106],
    [47, 59, 97, 267, 969, 101],
    [1, 16, 34, 33, 179, 43],
    [15, 54, 59, 129, 443, 49],
    [8, 5, 21, 36, 194, 30],
    [86, 135, 166, 294, 1574, 293],
    [5, 1, 2, 19, 93, 19]
  ],
  "W": [
    [0, 1, 3, 2, 0, 2, 1],
    [4, 2, 15, 4, 2, 3, 5],
    [50, 29, 637, 161, 101, 94, 87],
    [37, 22, 323, 74, 68, 71, 56],
    [50, 43, 582, 92, 102, 96, 66],
    [10, 17, 187, 23, 30, 18, 34],
    [39, 26, 442, 116, 121, 81, 81],
    [55, 49, 675, 173, 144, 80, 75],
    [6, 4, 49, 27, 22, 15, 3],
    [24, 32, 496, 111, 60, 35, 68],
    [44, 33, 619, 203, 168, 109, 89],
    [15, 19, 205, 34, 31, 24, 20],
    [21, 35, 478, 80, 85, 42, 65],
    [29, 42, 314, 67, 54, 43, 44],
    [65, 41, 454, 135, 82, 68, 53],
    [73, 60, 672, 188, 152, 94, 91],
    [1, 2, 22, 14, 5, 2, 2],
    [2, 8, 17, 6, 4, 1, 7],
    [5, 1, 22, 6, 3, 0, 8],
    [36, 38, 233, 46, 41, 43, 33],
    [32, 21, 353, 74, 90, 57, 63],
    [41, 49, 417, 96, 114, 67, 65],
    [35, 61, 390, 93, 73, 51, 67],
    [33, 33, 352, 87, 61, 59, 36],
    [101, 81, 1024, 279, 222, 176, 172],
    [105, 89, 799, 230, 191, 117, 122],
    [81, 48, 540, 176, 154, 101, 74],
    [99, 46, 672, 234, 200, 161, 113],
    [92, 61, 762, 251, 179, 94, 101],
    [3, 1, 180, 46, 44, 9, 23],
    [46, 28, 339, 100, 87, 83, 66],
    [12, 9, 167, 38, 37, 11, 20],
    [103, 172, 1422, 260, 196, 173, 222],
    [11, 11, 67, 28, 5, 2, 15]
  ],
  "method": "mvn_pdf",
  "cond_prob": [
    [
      ["NaN", "NaN", "NaN", "NaN", "NaN", "NaN"],
      [0, 0.023870615441, 0, 0.44186463381, 0.53426475074, 0],
      [0, 0.068498879722, 0, 0.094299536566, 0.83720158371, 0],
      [0, 0.0069863860019, 0, 0.87884451603, 0.11416909796, 0],
      ["NaN", "NaN", "NaN", "NaN", "NaN", "NaN"],
      [0, 0.82521006425, 0, 0.14838090541, 0.026409030338, 0],
      [0, 0.10623984489, 0, 0.22078591359, 0.67297424152, 0]
    ],
    [
      [0.31351834073, 0.0034796685316, 0.030278990745, 0.37089689104, 0.27435858795, 0.0074675210097],
      [0.020276803881, 0.00074965529591, 0.014412326809, 0.065909850711, 0.42499794953, 0.47365341377],
      [0.020251249522, 0.0045460488533, 0.046150495831, 0.020919992513, 0.66534310997, 0.24278910331],
      [0.051566368123, 0.003429880008, 0.074113728933, 0.40587168376, 0.41242782361, 0.052590515564],
      [0.0034749462502, 0.015636494513, 0.25328011961, 0.14068496409, 0.56324625383, 0.023677221701],
      [0.0026260500477, 0.2836143371, 0.068311264317, 0.33346305152, 0.30365464312, 0.0083306539031],
      [0.036102154274, 0.0041111524273, 0.029970599604, 0.033109405791, 0.47705107361, 0.41965561429]
    ],
    [
      [0.2090779692, 0.01335354432, 0.033984044148, 0.40996400103, 0.32617329772, 0.0074471435832],
      [0.032366693036, 0.0037739961712, 0.027201501602, 0.14198488602, 0.59887651174, 0.19579641143],
      [0.011874530805, 0.022514559793, 0.05371206862, 0.030242175239, 0.79720654626, 0.084450119283],
      [0.04262651691, 0.012240222182, 0.086630305367, 0.46098282558, 0.38282084106, 0.014699288909],
      [0.001776236075, 0.051448853862, 0.26775025158, 0.1601015141, 0.51233996607, 0.0065831783157],
      [0.0025092970286, 0.48611539612, 0.054939468743, 0.260218627, 0.1946647992, 0.0015524119126],
      [0.04327871647, 0.023209713336, 0.047618412636, 0.060585446518, 0.68763635861, 0.13767135243]
    ],
    [
      [0.3747754705, 0.013725993957, 0.023513582624, 0.26931395387, 0.30876239262, 0.0099086064223],
      [0.054614105441, 0.0039922868465, 0.017996191228, 0.089627325021, 0.58803382827, 0.2457362632],
      [0.019600473046, 0.024045477376, 0.039396549772, 0.018381604768, 0.78244039842, 0.11613549662],
      [0.09112919332, 0.015094414339, 0.071935514031, 0.36384968917, 0.43451086877, 0.023480320372],
      [0.003292442769, 0.062206178742, 0.21775505484, 0.12370768223, 0.58241876286, 0.010619878551],
      [0.0044056008519, 0.56281252965, 0.042712918209, 0.1913229525, 0.19633885296, 0.0024071458222],
      [0.077153578631, 0.023766469637, 0.032960833912, 0.039382057101, 0.64665106855, 0.18008599217]
    ],
    [
      [0.22672035436, 0.014884267874, 0.031755854122, 0.38378965261, 0.33374745715, 0.0091024138839],
      [0.031184092208, 0.0043432114983, 0.022474816936, 0.11994122323, 0.61090791911, 0.21114873702],
      [0.012781087696, 0.02415083997, 0.049198670602, 0.027225237609, 0.78672003653, 0.099924127588],
      [0.048080448453, 0.013901357433, 0.083968181198, 0.44896296556, 0.38667508894, 0.018411958408],
      [0.001995230994, 0.057393743136, 0.24988857411, 0.15026384187, 0.53220799703, 0.0082506128658],
      [0.0026598771965, 0.52326712584, 0.049543734725, 0.23509120432, 0.18750236554, 0.0019356923736],
      [0.045488034059, 0.024947104319, 0.043064516857, 0.054662063101, 0.67140870281, 0.16042957885]
    ],
    [
      [0.14870780469, 0.023956114295, 0.031049173877, 0.30810332951, 0.47628617205, 0.011897405575],
      [0.015458785756, 0.0054634630433, 0.01758001572, 0.074054249322, 0.67393749392, 0.21350599224],
      [0.0040684645602, 0.028711579426, 0.036488804235, 0.012585612249, 0.82193929176, 0.096206247772],
      [0.029294489789, 0.021163235965, 0.07710846373, 0.33804081932, 0.51208969154, 0.022303299656],
      [0.00074150808273, 0.07598321301, 0.20145961417, 0.097864645466, 0.61504583968, 0.00890517959],
      [0.0010249781697, 0.63757311835, 0.03552983071, 0.1370735382, 0.18695227503, 0.0018462595438],
      [0.02278975317, 0.031056696617, 0.032659457598, 0.033186267059, 0.72008747876, 0.1602203468]
    ],
    [
      [0.24682663356, 0.013123078018, 0.026252878637, 0.36563518978, 0.33666537468, 0.011496845334],
      [0.03393050882, 0.0032924788214, 0.018483405178, 0.11255790151, 0.56468999352, 0.26704571214],
      [0.013668129157, 0.020962570829, 0.039622945322, 0.025073813145, 0.77741890011, 0.12325364143],
      [0.052436181482, 0.012560534744, 0.069889495169, 0.42880829091, 0.41255954489, 0.023745952798],
      [0.002324599665, 0.053544433827, 0.21918551812, 0.15134321259, 0.56281574867, 0.01078648713],
      [0.0031780833651, 0.49991739666, 0.044358118065, 0.24253334433, 0.20743806986, 0.0025749877227],
      [0.047271069264, 0.02108557467, 0.034081366309, 0.049772906036, 0.65196123768, 0.19582784604]
    ],
    [
      [0.25501338175, 0.015692554097, 0.034836377389, 0.36828185557, 0.3186851954, 0.0074906357942],
      [0.037381115965, 0.0048080140003, 0.026218316819, 0.12232436748, 0.62187107215, 0.18739711359],
      [0.015061199327, 0.026378414632, 0.055322085654, 0.027196119054, 0.78996239055, 0.086079790778],
      [0.054308177822, 0.014925183153, 0.092706895376, 0.43217671629, 0.39041093844, 0.015472088912],
      [0.0022697923657, 0.060555367126, 0.27376461027, 0.14387321901, 0.5128248018, 0.0067122094346],
      [0.0029652579325, 0.54651655466, 0.053636632188, 0.22254322142, 0.17290329455, 0.0014350392558],
      [0.053558590363, 0.027633773836, 0.049407553991, 0.054739338762, 0.67407854292, 0.14058220012]
    ],
    [
      [0, 0.031549253627, 0.051329123399, 0.51524474342, 0.3851731332, 0.016703746349],
      [0, 0.0050500283879, 0.020735323538, 0.12770243864, 0.5329849204, 0.31352728903],
      [0, 0.0047062571125, 0.049112905742, 0.035502597851, 0.75375361367, 0.15692462562],
      [0, 0.0090722750664, 0.082486807524, 0.51538570091, 0.36566709451, 0.027388121987],
      [0, 0.021752522483, 0.26507548375, 0.18174610197, 0.51896826958, 0.01245762222],
      [0, 0.31870387378, 0.067441618544, 0.3740049119, 0.23644863723, 0.003400958547],
      [0, 0.018610912707, 0.044040953448, 0.044730881239, 0.59535046937, 0.29726678323]
    ],
    [
      [0.36619543327, 0.008546230428, 0.021123202914, 0.34334982769, 0.25171527387, 0.0090700318413],
      [0.051499705985, 0.0025609546138, 0.015650556842, 0.11102312775, 0.57304228478, 0.24622337003],
      [0.020121473208, 0.014961343921, 0.03517279124, 0.026850936241, 0.78189540905, 0.12099804634],
      [0.081774930231, 0.0087196628663, 0.060118604832, 0.42782274843, 0.39913809267, 0.022425960972],
      [0.0035568602742, 0.040594079059, 0.20393320974, 0.16274834014, 0.57826484782, 0.010902662968],
      [0.0056879577389, 0.42487256812, 0.046097460394, 0.29115461796, 0.2294223806, 0.0027650151913],
      [0.074905307443, 0.014971266641, 0.029764000322, 0.050664155284, 0.64369639631, 0.185998874]
    ],
    [
      [0.25128781159, 0.015525408075, 0.029729347101, 0.38620223596, 0.30880115108, 0.00845404619],
      [0.037368300642, 0.0042043534343, 0.022892870485, 0.12830011973, 0.59003602125, 0.21719833446],
      [0.014333955445, 0.02570327601, 0.047009851378, 0.027869541675, 0.78870803655, 0.096375338943],
      [0.052504367873, 0.01466586167, 0.078389223556, 0.44666495378, 0.3902190697, 0.017556523426],
      [0.0022677159371, 0.062027873394, 0.24020752813, 0.15421564555, 0.53331047934, 0.0079707576535],
      [0.002876495335, 0.53668389178, 0.045273812231, 0.22924882552, 0.18409529258, 0.0018216825491],
      [0.050388348332, 0.026645097501, 0.040838464695, 0.055647363131, 0.67251985909, 0.15396086725]
    ],
    [
      [0.2656502225, 0.011655332298, 0.025872451172, 0.33952436865, 0.34876015947, 0.0085374659064],
      [0.036316249581, 0.0034399134222, 0.018556331591, 0.1060641295, 0.63629564748, 0.19932772843],
      [0.015299239806, 0.019253131466, 0.040356165764, 0.02337249962, 0.80840613416, 0.093312829181],
      [0.057851525503, 0.011511128547, 0.071360580492, 0.41331507153, 0.42786420907, 0.018097484866],
      [0.0025215311649, 0.047733855806, 0.217453549, 0.14055279345, 0.5835508278, 0.0081874427855],
      [0.0035996304133, 0.48119396379, 0.046402942788, 0.23863846103, 0.22801283646, 0.0021521655181],
      [0.052869164857, 0.019656833924, 0.035266928404, 0.048169074696, 0.69229779787, 0.15174020025]
    ],
    [
      [0.19174950093, 0.012854264579, 0.028102890849, 0.39566983126, 0.35970224146, 0.011921270927],
      [0.02190327617, 0.0031725632083, 0.016889724914, 0.103728298, 0.60881641629, 0.24548972142],
      [0.008216284286, 0.018154918993, 0.037079677993, 0.023782530669, 0.7954985821, 0.11726800596],
      [0.037045769865, 0.011307423451, 0.068587959653, 0.42363714827, 0.43588375689, 0.023537941877],
      [0.0014031932822, 0.046656311331, 0.2069556887, 0.14386007355, 0.59049928011, 0.010625453033],
      [0.0021957135772, 0.47308176035, 0.045415682568, 0.24932980357, 0.22730289668, 0.0026741432558],
      [0.03237090673, 0.018479310445, 0.032444367078, 0.047714824478, 0.68122300144, 0.18776758983]
    ],
    [
      [0.26910791154, 0.009366169054, 0.024972663734, 0.35742192797, 0.32922404852, 0.0099072791731],
      [0.038585826004, 0.0026333101127, 0.018606742703, 0.11559397979, 0.58582775969, 0.2387523817],
      [0.015710552897, 0.015424477439, 0.039841654686, 0.025990058898, 0.7918318193, 0.11120143678],
      [0.05890169071, 0.009175224289, 0.06858620693, 0.4327541744, 0.40960788042, 0.020974823255],
      [0.0026348951966, 0.039991825615, 0.21749067209, 0.15433724112, 0.57568308868, 0.0098622773043],
      [0.0040514868488, 0.4256718655, 0.049824039644, 0.27978361725, 0.23792297483, 0.0027460159271],
      [0.054073652519, 0.015825166585, 0.034132366475, 0.051352322656, 0.66934642569, 0.17527006607]
    ],
    [
      [0.31274197994, 0.010772383578, 0.024651199781, 0.3786092977, 0.26421392889, 0.009011210116],
      [0.04763142564, 0.0035352720785, 0.019506032102, 0.1320148297, 0.5594500149, 0.23786242558],
      [0.019450374682, 0.021035301329, 0.045478466329, 0.032212402018, 0.7626011861, 0.11922226954],
      [0.070757254389, 0.011053984186, 0.070088007284, 0.47436785769, 0.35357517246, 0.020157723991],
      [0.0030621328938, 0.050394508714, 0.23465997104, 0.17885918208, 0.52306774265, 0.0099564626329],
      [0.0042838305115, 0.46882280391, 0.047420333141, 0.28543943665, 0.19160381068, 0.0024297851134],
      [0.071580906276, 0.020759129497, 0.038153202314, 0.061082296312, 0.62291402293, 0.18551044267]
    ],
    [
      [0.26432240636, 0.013313196029, 0.0273485289, 0.38744955015, 0.29777903199, 0.0097872865714],
      [0.037998674181, 0.0040304361481, 0.020207048428, 0.12634294883, 0.57272328302, 0.23869760939],
      [0.016106453584, 0.023526564235, 0.045992248646, 0.029820850316, 0.76746183294, 0.11709205028],
      [0.057469383691, 0.012952117511, 0.074238641433, 0.46381680405, 0.37088368628, 0.020639367035],
      [0.0025562309804, 0.056665845807, 0.23693411575, 0.16708394969, 0.52699488494, 0.009764972832],
      [0.0033596159608, 0.50827344321, 0.046319426134, 0.25745823665, 0.18238333655, 0.0022059415035],
      [0.055960570692, 0.023632407024, 0.039115023678, 0.05824835975, 0.63946145914, 0.18358217971]
    ],
    [
      [0.64207842025, 0.019290962303, 0.010768390116, 0.25229835649, 0.072325852162, 0.0032380186861],
      [0.1057082753, 0.010580338587, 0.010745904084, 0.1427214306, 0.61224529285, 0.11799875858],
      [0.025694076252, 0.050135885057, 0.028123881827, 0.042313019682, 0.79020248695, 0.063530650227],
      [0.15925936396, 0.023804242389, 0.042181355301, 0.45876015329, 0.30496319328, 0.011031691791],
      [0.003646378265, 0.13931585634, 0.13762771833, 0.16298969557, 0.5509255088, 0.0054948426931],
      [0.0017611941762, 0.85958295888, 0.013894959129, 0.090651182566, 0.033776067055, 0.00033363819715],
      [0.16492498828, 0.053777148195, 0.021273458705, 0.056239680136, 0.61353223258, 0.09025249211]
    ],
    [
      [0.098169634675, 0.0064992625568, 0.06589846326, 0.49378474012, 0.3177074699, 0.017940429487],
      [0.032093431848, 0.0060717873797, 0.059113863877, 0.26523400811, 0.31370469048, 0.32378221831],
      [0.012119973193, 0.019130268925, 0.10617782412, 0.063278067633, 0.68494776296, 0.11434610316],
      [0.019456559265, 0.0070703053547, 0.14340385287, 0.50838404358, 0.29885403124, 0.022831207685],
      [0.0017854426013, 0.021591269836, 0.45723598451, 0.17088268283, 0.33496717868, 0.013537441541],
      [0.0017626433307, 0.36264308546, 0.12531174879, 0.38650705291, 0.12230087346, 0.0014745960458],
      [0.030747137467, 0.017397515312, 0.1107986212, 0.099212751342, 0.56507739862, 0.17676657606]
    ],
    [
      [0.59962557265, 0.064681310455, 0.0065087452057, 0.19688139669, 0.1257362022, 0.0065667728038],
      [0.12338455734, 0.0061928739511, 0.0075513596327, 0.10117763821, 0.51569582506, 0.24599774581],
      [0.02287606487, 0.032021544819, 0.015907313618, 0.036834710967, 0.75972688197, 0.13263348376],
      [0.1882329536, 0.020191058064, 0.02710817983, 0.37624254926, 0.36460056375, 0.023624695484],
      [0.0074540083547, 0.10599714639, 0.11018820031, 0.15474397078, 0.6070166589, 0.014600015263],
      ["NaN", "NaN", "NaN", "NaN", "NaN", "NaN"],
      [0.1529318007, 0.065848600027, 0.014591291855, 0.047795566145, 0.51662230018, 0.20221044109]
    ],
    [
      [0.2337288959, 0.020760858079, 0.036893059339, 0.38381588319, 0.3135901262, 0.011211177283],
      [0.030308473848, 0.0045998927522, 0.025496620885, 0.11296929642, 0.55232672841, 0.27429898768],
      [0.012059423147, 0.030513294967, 0.052189045984, 0.024520709445, 0.75942902187, 0.12128850459],
      [0.045650106817, 0.018987832423, 0.091914754952, 0.41650999842, 0.40343063597, 0.023506671418],
      [0.0019169605155, 0.07550356646, 0.26551252567, 0.13525850804, 0.51177035799, 0.010038081322],
      [0.0021783492156, 0.60323367811, 0.045381531176, 0.18292072127, 0.16405609301, 0.0022296272159],
      [0.040970389004, 0.03212366007, 0.044770679853, 0.048661208134, 0.64183550759, 0.19163855535]
    ],
    [
      [0.32908972573, 0.01337260395, 0.028594847615, 0.3164523251, 0.30493006323, 0.0075604343763],
      [0.05139926265, 0.0041424725929, 0.023155808698, 0.11243643458, 0.60757446281, 0.20129155867],
      [0.019137828801, 0.024027957903, 0.048839010372, 0.024142820678, 0.79241342519, 0.091438957055],
      [0.07615339117, 0.013924880728, 0.08311428425, 0.40620693515, 0.40355394982, 0.017046558889],
      [0.0029407792988, 0.057700542364, 0.25221780078, 0.13839206776, 0.54113424854, 0.0076145612519],
      [0.0041315811927, 0.53056863682, 0.050083498067, 0.21756414542, 0.19583854538, 0.0018135931216],
      [0.071405864806, 0.024401798797, 0.04212228155, 0.048796653696, 0.66719624482, 0.14607715633]
    ],
    [
      [0.13869881689, 0.010287589521, 0.021914245418, 0.44415563416, 0.37640116862, 0.0085425453841],
      [0.017757171429, 0.0027806196577, 0.014607542228, 0.13237907073, 0.64304211904, 0.18943347692],
      [0.0047487516734, 0.015508185644, 0.030615707366, 0.030762829792, 0.83086378535, 0.087500740174],
      [0.026934760192, 0.0089608340573, 0.053647528572, 0.47783171873, 0.41654147343, 0.016083685018],
      [0.00055192555159, 0.040298850826, 0.17582981413, 0.17633508072, 0.59926062688, 0.0077237019003],
      [0.0013822575696, 0.40975348798, 0.038532323144, 0.30699007808, 0.24130106904, 0.0020407841794],
      [0.026488460169, 0.016419266069, 0.028347218354, 0.060501001211, 0.72488346498, 0.14336058922]
    ],
    [
      [0.30697004028, 0.011324581534, 0.018253094889, 0.40800304125, 0.25010484281, 0.0053443992357],
      [0.059027654475, 0.0041192344011, 0.018415874232, 0.17597949759, 0.56390294784, 0.17855479147],
      [0.02130554731, 0.024974144182, 0.037432078907, 0.038370108886, 0.79876336811, 0.07915475261],
      [0.070486589894, 0.011781295861, 0.052625172258, 0.5180153454, 0.33510655639, 0.011985040203],
      [0.0032698169833, 0.057546453684, 0.18948600877, 0.2104032946, 0.5329544897, 0.006339936273],
      [0.004100485109, 0.48352191902, 0.034476873246, 0.30238117886, 0.17424939134, 0.0012701524233],
      [0.079748119044, 0.024720606162, 0.032154065394, 0.075589462517, 0.66228702496, 0.12550072193]
    ],
    [
      [0.20741694837, 0.012112664974, 0.017510847055, 0.43436707013, 0.3214362269, 0.0071562425667],
      [0.030413357204, 0.0037991232396, 0.012902587663, 0.14498067314, 0.62842928264, 0.17947497611],
      [0.012663898419, 0.021644950222, 0.027200676618, 0.03336319135, 0.81994531617, 0.085181967221],
      [0.043322315307, 0.011416594315, 0.046038254078, 0.50094754536, 0.3837746621, 0.014500628839],
      [0.0020835784255, 0.053199512997, 0.15896241313, 0.19379180533, 0.58460372969, 0.0073589604287],
      [0.0027006073275, 0.47150350034, 0.030089107702, 0.29364411932, 0.20046305712, 0.0015996081968],
      [0.045512003461, 0.022187999797, 0.026234050693, 0.066915041809, 0.69880953916, 0.14034136508]
    ],
    [
      [0.17829572323, 0.0093094996736, 0.025007432827, 0.48425310843, 0.29627748057, 0.0068567552711],
      [0.02729669467, 0.0029687762156, 0.019762798799, 0.16801626498, 0.60234241305, 0.17961305228],
      [0.010715553343, 0.017166450824, 0.04429315064, 0.037393967345, 0.80430994599, 0.086120931854],
      [0.035886991282, 0.0083762059577, 0.062868008666, 0.53655526967, 0.34297328162, 0.013340242801],
      [0.00158273606, 0.039727979312, 0.21661367512, 0.20901210018, 0.52629029145, 0.0067732178775],
      [0.0023885158722, 0.3921473941, 0.046891932488, 0.35590919605, 0.20104601575, 0.0016169457361],
      [0.040838117999, 0.017827382465, 0.03858073206, 0.078198087448, 0.68466723988, 0.13988844014]
    ],
    [
      [0.22377682698, 0.0094575020647, 0.027290631543, 0.39206786257, 0.34006250422, 0.0073446726196],
      [0.031191909065, 0.0027178633338, 0.019793589946, 0.12419248321, 0.6433333149, 0.17877083954],
      [0.012359993256, 0.014870640326, 0.041962633073, 0.027875378638, 0.82152406624, 0.08140728847],
      [0.046194930499, 0.0086872404197, 0.07045592631, 0.44535933617, 0.41444171856, 0.014860848048],
      [0.0020063006146, 0.0377558991, 0.22014162941, 0.15742317102, 0.5759073361, 0.0067656637594],
      [0.0031752643332, 0.40791036887, 0.051916702318, 0.29208893582, 0.24311063032, 0.0017980983355],
      [0.044853895816, 0.015971111835, 0.037037228841, 0.056003585391, 0.71209182702, 0.1340423511]
    ],
    [
      [0.27453507056, 0.012225486417, 0.029231863967, 0.36930293287, 0.304914534, 0.009790112184],
      [0.038202748393, 0.003626590957, 0.021049572632, 0.11703046794, 0.58532069297, 0.23476992711],
      [0.015924108203, 0.020921520768, 0.047159431733, 0.027170732521, 0.77531895433, 0.11350525244],
      [0.059253234782, 0.011935687756, 0.079204661139, 0.43970222375, 0.38909008236, 0.020814110212],
      [0.0025536054808, 0.050799079299, 0.24692137449, 0.15443722251, 0.53571028559, 0.0095784326266],
      [0.0035980820957, 0.48569571482, 0.051414333925, 0.25409938133, 0.20278012005, 0.0024123677859],
      [0.056009163164, 0.021067994135, 0.040499819435, 0.05353842236, 0.64965221002, 0.17923239089]
    ],
    [
      [0.27868350653, 0.012798529899, 0.028323837739, 0.40646267797, 0.2658017561, 0.0079296917675],
      [0.045954857317, 0.0039129144952, 0.023755286545, 0.14992097799, 0.5559167551, 0.22053920855],
      [0.018524793553, 0.025136955536, 0.052731735511, 0.034907982194, 0.76352481279, 0.10517372042],
      [0.061396911949, 0.01264727606, 0.07797991735, 0.49320695604, 0.33776849626, 0.017000442345],
      [0.0027204317405, 0.056983656383, 0.25718223048, 0.18350051677, 0.49129605993, 0.0083171046995],
      [0.0035671176618, 0.49980399398, 0.049211973645, 0.27722620407, 0.16826627963, 0.0019244310104],
      [0.065154676655, 0.025099826972, 0.04478403634, 0.067802795914, 0.63395460252, 0.1632040616]
    ],
    [
      [0.21095596641, 0.0087495949664, 0.024811373992, 0.43040411114, 0.31744575434, 0.0076331991491],
      [0.030770278712, 0.0026375126291, 0.018700881404, 0.14227026993, 0.61577364455, 0.18984741278],
      [0.012479053078, 0.014737513406, 0.040977230734, 0.032489824235, 0.80926140744, 0.090054971107],
      [0.043791001944, 0.0079964310853, 0.064279662138, 0.49164060919, 0.37695085759, 0.015341438049],
      [0.0019808494185, 0.0370025956, 0.21235889796, 0.1834217116, 0.55772950274, 0.0075064426831],
      [0.0030847282405, 0.38915922561, 0.048695566196, 0.33104071598, 0.22603629411, 0.0019834698607],
      [0.045247006485, 0.015768591631, 0.035922067866, 0.065494877789, 0.69188067249, 0.14568678374]
    ],
    [
      [0.093001288584, 0.028966347543, 0.06638721156, 0.53541376112, 0.18558837711, 0.090643014086],
      [0.018012491518, 0.0021933876977, 0.062565001136, 0.27562216228, 0.2640931627, 0.37751379467],
      [0.00085166423274, 0.027492346127, 0.064593382121, 0.024524917664, 0.6978164012, 0.18472128865],
      [0.0060423786414, 0.026792461383, 0.12529215935, 0.40582048803, 0.39857352164, 0.037478990948],
      [0.00010918248839, 0.067865211314, 0.3332458255, 0.12057664647, 0.46522216221, 0.012980972019],
      [0.00040233917641, 0.67701261837, 0.047489444873, 0.19516096337, 0.078939072036, 0.00099556217006],
      [0.011448242663, 0.028289094787, 0.054687127236, 0.042351643928, 0.56772090037, 0.29550299102]
    ],
    [
      [0.15336050486, 0.013159885934, 0.034609011347, 0.46436414879, 0.32626067393, 0.0082457751376],
      [0.020750019561, 0.0038546090287, 0.024588662847, 0.1449379808, 0.61208562919, 0.19378309857],
      [0.0065841942026, 0.021779020815, 0.053534487321, 0.033367178338, 0.79325776873, 0.091477350595],
      [0.029084259142, 0.011479173851, 0.083240746985, 0.49091306052, 0.36980227898, 0.01548048052],
      [0.0007789887355, 0.048601476117, 0.25954601647, 0.17270507353, 0.51119341703, 0.0071750281183],
      [0.0012851847043, 0.47038710025, 0.054524285657, 0.286223192, 0.1858694513, 0.0017107860919],
      [0.031053123171, 0.022503833487, 0.04759421023, 0.066611209878, 0.68269709311, 0.14954053012]
    ],
    [
      [0.2321814042, 0.0049793285906, 0.02899462225, 0.36790568847, 0.35337606584, 0.01256289065],
      [0.029931390033, 0.0011784021739, 0.01958529822, 0.10754571878, 0.56538885181, 0.27637033899],
      [0.012840986649, 0.004479263787, 0.043533042603, 0.025003443707, 0.78364723629, 0.13049602696],
      [0.047998983556, 0.0041093749484, 0.076083515901, 0.42609867428, 0.42033354413, 0.025375907183],
      [0.0022216612615, 0.02028188557, 0.23852603213, 0.14891761825, 0.57840777097, 0.011645031809],
      [0.0041725690236, 0.2838106697, 0.069085477516, 0.34291289354, 0.29608271384, 0.0039356763819],
      [0.042396738388, 0.0076551002039, 0.036460084421, 0.048395092168, 0.65856135139, 0.20653163343]
    ],
    [
      [0.27389400483, 0.012539413147, 0.03038753478, 0.36488256678, 0.30658449855, 0.011711981911],
      [0.037987491875, 0.003512257097, 0.021567669821, 0.11404134462, 0.54546433187, 0.27742690471],
      [0.015809378301, 0.02112122637, 0.048304523251, 0.026787602447, 0.75529348393, 0.1326837857],
      [0.059754596253, 0.012232657791, 0.082653041864, 0.43742611077, 0.38320004459, 0.024733548738],
      [0.0025442327167, 0.052352772676, 0.25881858543, 0.15435618595, 0.5210199311, 0.010908292129],
      [0.0035943374885, 0.49122017286, 0.053042916122, 0.25000455847, 0.1994486366, 0.0026893784601],
      [0.054583098794, 0.020933441224, 0.040886281654, 0.051687494622, 0.62305434776, 0.20885533595]
    ],
    [
      [0.214938767, 0.0036741384131, 0.0098209710011, 0.33655887745, 0.41764749007, 0.017359756061],
      [0.020759543453, 0.00037870062179, 0.0035429782161, 0.07519658473, 0.57723657464, 0.32288561834],
      [0.010301232375, 0.0023968682781, 0.0056811004166, 0.02066844884, 0.80536460037, 0.15558774972],
      [0.044062133192, 0.0027350850558, 0.026866606661, 0.39398903495, 0.49696233307, 0.03538480707],
      [0.0018779317713, 0.018331441746, 0.10151990386, 0.14986407702, 0.71265583571, 0.015750809899],
      [0.0044642541469, 0.27927601438, 0.030861360947, 0.37909227362, 0.30382933081, 0.0024767660945],
      [0.031005207955, 0.0045357984622, 0.010051706867, 0.036447062187, 0.66739759315, 0.25056263138]
    ]
  ],
  "expected_outcome": [
    [
      [0, 1.2274990225, 10.3671870431, 13.8149549036, 11.2566069015, 1.4914016701, 9.5392288771, 13.9042807112, 0, 8.6834875372, 10.9245644278, 3.9528063465, 3.9878819103, 7.7485044147, 20.2089933335, 19.1441438197, 0.63849639957, 0.19791582257, 3.0375268489, 8.3335318179, 10.469420685, 5.7032893266, 10.6905419072, 6.7891833209, 17.8779447049, 23.3018031535, 22.0587668097, 27.3887961775, 19.2497441617, 0.28663088298, 7.0377159203, 2.7581815538, 27.9961207713, 2.3345963478],
      [0, 0.014255030734, 0.6710037922, 0.51123533299, 0.74835626393, 0.24025600967, 0.51494314914, 0.8683303607, 0.20912384307, 0.20552478278, 0.68622675132, 0.17586866766, 0.27004976962, 0.27352539017, 0.70346010637, 0.97726172847, 0.019070858123, 0.013113695647, 0.28898026568, 0.74869212622, 0.43021655526, 0.42336827461, 0.39760944115, 0.40195481709, 0.94497652985, 0.99778950654, 0.99510329595, 1.2742350298, 0.80951950817, 0.085106933579, 0.60809181692, 0.061022696317, 1.2984302037, 0.041781434504],
      [0, 0.12088049613, 1.698293278, 0.86943958963, 1.5884942616, 0.30932099607, 1.0252873933, 1.9170488512, 0.31842529048, 0.5040650612, 1.3058009118, 0.38859642123, 0.5871101684, 0.72511115064, 1.600218096, 1.9968215602, 0.01038106426, 0.13274928237, 0.031319980555, 1.3215572922, 0.915852112, 0.89911792654, 0.63865342912, 0.57997231754, 2.5209177129, 2.8613052181, 2.3668332549, 2.805238942, 2.2801267222, 0.19461930434, 1.5871966162, 0.34818793402, 3.1322664605, 0.11030798945],
      [0, 1.477691995, 20.5566210007, 10.0149450634, 19.263742723, 3.1032363568, 14.3176710059, 20.3346182388, 3.0945676293, 8.2164029199, 17.0247623072, 5.1205506499, 8.292151769, 10.4188595037, 24.6666302698, 28.3883685157, 0.24685834686, 1.0180217024, 0.96340168372, 13.8056604536, 10.169460769, 18.2332321806, 14.3411943888, 14.3829085907, 49.0404863808, 41.2473354262, 29.9895315593, 40.3752007171, 39.7175380451, 1.5583512511, 21.3651130087, 4.4368788662, 37.7416316883, 3.7258223571],
      [0, 1.1332483961, 16.3427603832, 11.4309632499, 16.6978983445, 4.7399621522, 13.1640749871, 17.5725906739, 2.2806980745, 6.1760874909, 13.6945972142, 5.236770883, 7.6178924117, 9.5526182582, 17.2472518351, 21.7942078474, 0.082099541051, 0.60476720675, 0.64459995735, 11.3937560177, 9.7782667339, 15.3991441058, 8.7491738259, 10.6150142211, 29.9397957617, 35.8385832493, 24.8134735516, 26.3877512174, 29.256760957, 0.63200308588, 15.0315679117, 4.2481804513, 31.6512033261, 4.6013971475],
      [0, 0.026425059541, 0.36413450287, 0.35846186046, 0.44490150544, 0.11582281519, 0.43879458742, 0.40313116404, 0.097185162658, 0.21443220808, 0.36404838768, 0.12540703161, 0.24491397095, 0.28138128264, 0.57344635931, 0.69919652855, 0.003093790136, 0.03343229031, 0.034171263812, 0.39680229233, 0.23678314491, 0.34184818587, 0.18282700783, 0.23096673274, 0.67587890979, 0.75318344623, 0.77629152864, 0.7687779162, 0.68631060582, 0.24328854216, 0.3703147263, 0.14754849838, 1.1803475501, 0.18609472358]
    ],
    [
      [0, 0.040109238628, 0.91053118704, 1.1778405528, 1.3142472184, 0.26001565638, 0.85665157837, 1.7905333915, 0, 1.6164797965, 1.1966638215, 0.67388164762, 0.75302972194, 1.5787699771, 1.9204791614, 2.2330356951, 0.21480105219, 0.23951842309, 0.1236816744, 1.1262748508, 1.0534828913, 0.8590493673, 3.503633085, 0.98195833963, 2.1685669506, 2.7162807404, 1.7981229536, 2.0649301939, 1.8369829599, 0.016893548831, 0.57363264849, 0.26141909232, 6.3838067139, 0.22377886016],
      [0.021765555121, 0.0014220422904, 0.10887508531, 0.087368452313, 0.18418456937, 0.091370392399, 0.085469422505, 0.23244843875, 0.021945375387, 0.080999165945, 0.13845945341, 0.064452528485, 0.10954302506, 0.10938065519, 0.14316612856, 0.23876379099, 0.020602070685, 0.049781600698, 0.0061778371797, 0.17507714416, 0.086167450847, 0.13437128297, 0.24974400826, 0.12376700252, 0.23773745845, 0.23812283375, 0.17184759066, 0.18005259339, 0.15865794175, 0.0024897891687, 0.10669859931, 0.010423805555, 0.59820299967, 0.0037546554322],
      [0, 0.026708655749, 0.71808842626, 0.36164518609, 0.88420379521, 0.27303280921, 0.43844415525, 1.1743069886, 0.076007128045, 0.45770632535, 0.68858774413, 0.32239432964, 0.54029884143, 0.71335443311, 0.73199001641, 1.1093361456, 0.019853111778, 0.409004521, 0.0069037989628, 0.88334613906, 0.44399831784, 0.65362651877, 1.0223111819, 0.38900396843, 1.4639219183, 1.609367529, 0.92444161746, 0.99883828426, 1.04252249, 0.055488515401, 0.62957378471, 0.16081544887, 3.3908610402, 0.033901256877],
      [0.4308390456, 0.12694632103, 3.9726987438, 1.9157793195, 5.0150460003, 1.2278408345, 2.8305129539, 5.8238740493, 0.49734142954, 3.4527918263, 4.0964577327, 1.9572613522, 3.5272583737, 4.7035979033, 5.2673668238, 7.3719183658, 0.27653350765, 2.028872103, 0.097513528304, 4.1580728955, 2.2871633279, 6.2907106447, 10.3802006571, 4.6463529635, 13.2355451249, 10.725156373, 5.4626723499, 6.6954756236, 8.4315126809, 0.24796740847, 3.9443752523, 0.93649909841, 19.0459613837, 0.8076304072],
      [0.54739539928, 0.84295169644, 17.7170545385, 13.1278336947, 26.6237441319, 11.5707943837, 14.9601308916, 30.8931480104, 2.1588022158, 18.6099379098, 19.8442813307, 12.2391853063, 21.5833959357, 25.0160157367, 23.2758621687, 34.8692674367, 1.2324982179, 2.7633235061, 0.52295377379, 21.4106671234, 12.9645080195, 31.9032680333, 35.137469913, 20.9989212566, 49.4984915283, 57.9825806089, 28.4956219492, 26.0564720876, 38.0829994864, 0.29978115437, 17.3790256466, 5.1812105385, 95.3997201021, 6.4172795234],
      [0, 0.96186204587, 5.5727520191, 5.3295327945, 8.9785742848, 3.5769459238, 6.8287909983, 9.0856891215, 1.2459038513, 7.7820849762, 7.0355499175, 3.7428248357, 8.4864741022, 9.8788812946, 9.6611357012, 14.1776785658, 0.23571203981, 2.5094998461, 0.24276938736, 10.2465618471, 4.1646799927, 9.1589741529, 10.7066411548, 5.8599964693, 14.3957370195, 15.7284919149, 11.1472935392, 10.0042312172, 11.4473244411, 0.37737958376, 5.3666940686, 2.4496320164, 47.1814477605, 3.5136552969]
    ],
    [
      [0, 0.32358692097, 7.5568799536, 6.2569430802, 7.463875033, 0.72807738597, 6.0529704448, 10.1898477389, 0, 9.9118030787, 8.8885279576, 3.1564769402, 3.8991256364, 4.9561665792, 8.8006070307, 10.8404255861, 0.52627190991, 0.21686654294, 0.43526402586, 2.8496063049, 6.7271317213, 1.883792946, 8.2818634032, 4.4733642183, 10.9246854363, 9.9084222771, 8.6264303251, 12.4434892895, 9.5176488156, 0.13258356367, 2.172221977, 2.1561685142, 22.5304781166, 0.7059283755],
      [0.20238729205, 0.06853050559, 14.370414886, 7.8094032133, 14.0848710923, 5.381841003, 9.2917589532, 17.821427882, 0.19944378353, 7.4345599675, 15.9091257843, 3.9623139585, 8.7047202864, 4.8501218376, 9.5740220774, 15.8328483919, 1.0999675853, 0.33442672862, 0.69977025712, 7.0891489828, 8.4989842647, 6.4801623256, 9.7743710474, 7.6553999315, 17.6190183023, 11.8704272321, 11.3242646535, 16.9211089351, 11.2135424585, 4.9377870925, 7.4168222079, 0.69599068644, 30.1105057331, 0.15110773684],
      [0, 0.70214433225, 34.2501987896, 12.7809269696, 28.7299110387, 6.8619222512, 17.57424132, 37.3835080189, 2.4182735045, 17.4714887187, 29.1839488306, 8.3073347129, 17.7702859532, 12.5624478918, 20.7065201412, 30.9909486804, 0.6246503178, 1.789210147, 0.34718002677, 12.223348235, 17.3044017517, 12.790408079, 14.6531488467, 9.5424176574, 45.5068449203, 33.6472422012, 25.552748144, 35.5260735228, 31.3050570061, 11.5742020766, 18.1912298338, 7.3033054948, 68.9426658384, 0.34695172248],
      [0.29664139354, 0.31978679286, 19.4785881821, 5.9377000772, 16.0247212825, 2.3186907514, 11.1830276129, 18.5657847129, 1.7639616603, 13.5058567572, 17.4401908913, 4.8365629714, 11.5014776914, 8.2591124111, 14.8075503385, 20.2662806837, 0.9755111965, 1.0728382048, 0.84776932999, 5.7811896284, 8.5940116125, 13.0450154853, 15.1223948991, 11.8851945349, 38.5318741957, 22.5738895918, 14.8320783892, 23.7067534005, 25.0320419033, 4.5100614421, 11.4563252613, 4.2295290337, 38.5533555012, 1.4194718104],
      [2.5009713144, 9.9702657802, 507.4772554313, 252.6315228134, 457.4434182606, 153.6649339876, 343.3273008989, 532.8439874047, 36.8955775966, 387.5882358309, 487.8119222601, 165.5646400465, 379.9878409577, 248.3334062763, 345.8844404932, 515.25440846, 17.3744795903, 11.5795569156, 16.7231890873, 176.6503367084, 279.5394466148, 346.2143100613, 311.1548037207, 288.3971844914, 823.1037818676, 655.8180517072, 418.2500838959, 512.602651348, 616.1911002887, 125.6139910377, 268.6969500544, 130.7914668302, 1072.8048428829, 53.9322068367],
      [0, 3.6156856681, 53.8666627575, 37.5835038462, 58.2532032931, 18.0445346208, 54.5707007702, 58.1954442426, 7.7227434551, 60.088055647, 59.7662842762, 19.1726713705, 56.1365494749, 35.0387450039, 54.2268599191, 78.8150881978, 1.3991194001, 2.0071014611, 2.946827273, 28.4063701404, 32.336024035, 36.5863111028, 31.0134180829, 30.0464391665, 88.3137952778, 65.1819669905, 61.4143945922, 70.7999235041, 68.7406095277, 33.2313747874, 31.0664506657, 21.8235394407, 189.0581519278, 10.4443335181]
    ],
    [
      [0, 0.21159605682, 6.9433827621, 6.8392763591, 4.4683117796, 0.68757454046, 6.1464865042, 9.4937990373, 0, 9.2065949252, 10.7607887501, 1.9855675802, 3.0092380912, 3.9922288017, 9.688770276, 10.9278209408, 2.2593664318, 0.11959113916, 1.1684006914, 2.1378194532, 5.7015458673, 2.6450624216, 6.652657624, 3.815803703, 10.148142593, 10.7698945324, 10.5620203891, 14.5403575754, 11.1248129223, 0.27389626677, 2.9645576929, 1.8403443829, 15.7108665247, 1.2447115336],
      [0.012084574044, 0.013980766383, 1.9818563817, 1.12398851, 1.2858283094, 0.48792232947, 1.4659303509, 2.5950921196, 0.25893663902, 0.97441083504, 2.9887965994, 0.39325659054, 0.90930112185, 0.61835774307, 1.500252874, 2.4477871178, 0.32657115821, 0.043543481857, 0.1238071477, 0.87569062969, 1.0350083989, 0.86565662522, 1.1006225848, 1.0005410014, 2.3519164115, 2.0081774395, 2.1115368417, 2.975501566, 2.0157189288, 1.2887789, 1.1563840235, 0.15679126055, 3.1956940593, 0.076799655021],
      [0, 0.29871975241, 14.1453232091, 5.3907239273, 7.8217514062, 1.7892711019, 8.2321243291, 16.2657069903, 2.2587182575, 6.7682911161, 16.1239148324, 2.4586285075, 5.5629040752, 4.6622086655, 9.5891935597, 14.1525549899, 0.59015903722, 0.88496715604, 0.16591739042, 4.2886557076, 6.2349082348, 5.2408288162, 4.9673473169, 4.0798521822, 17.7852374112, 16.4392110396, 14.1386180127, 18.5122226846, 16.3562565065, 5.8414513885, 8.4450699808, 2.931928131, 21.7952007112, 0.7772663872],
      [1.7612800871, 1.6235890101, 74.0308975705, 26.880498074, 41.1221729155, 7.769883447, 49.6390813, 74.5762278245, 13.8824539683, 47.4039124846, 90.4501940094, 14.0132423228, 33.8123659745, 28.9464538581, 63.8740943749, 86.9778668119, 6.3776516421, 3.0994315603, 2.2405120745, 19.1610019247, 29.9641827209, 45.7831870231, 48.1495912148, 43.5058945163, 149.4704642382, 102.2512390589, 77.2030334778, 115.1140875024, 123.1422765555, 18.6345799827, 48.9973004087, 16.1562577622, 113.4668145869, 11.007904087],
      [0.22663533883, 1.6442989685, 61.5266852661, 32.0257322653, 35.6051135671, 11.752658333, 47.754373761, 67.3874115811, 9.8610634176, 44.1540324062, 79.1047838538, 14.5321515859, 34.8190201164, 27.3698485076, 47.6193292239, 69.6031321391, 4.2918860996, 1.7173786052, 2.158516887, 18.4521918186, 29.8003041977, 39.9159029864, 31.0123551754, 33.3321809477, 95.5163361687, 95.1064885358, 68.3123816817, 78.8667943313, 94.5017568166, 18.2401377927, 36.8841383445, 15.9473659221, 99.3860610139, 13.9059786201],
      [0, 0.20781544578, 2.3718548105, 1.7397808643, 1.6968220221, 0.51269024822, 2.7620037549, 2.6817624472, 0.73882771752, 2.4927582328, 3.5715219548, 0.61715341316, 1.8871706208, 1.410902424, 2.7283596915, 3.8908380004, 0.15436563109, 0.1350880574, 0.14284580892, 1.0846404663, 1.2640505804, 1.5493621276, 1.1174260841, 1.2657276493, 3.7279031774, 3.4249893939, 3.672409597, 3.9910363402, 3.8591782703, 1.7211556694, 1.5525495496, 0.96731254116, 6.445363104, 0.9873397171]
    ],
    [
      [0, 0.0073816435954, 0.18309192754, 0.22552845258, 0.20841279137, 0.022075576905, 0.28805733786, 0.33466406011, 0, 0.21737496486, 0.3899540862, 0.080180560684, 0.12110206319, 0.14581439813, 0.25573761461, 0.39751363893, 0.015768141112, 0.0075772978426, 0.020244340515, 0.081161739012, 0.26853767705, 0.057108903462, 0.24229785631, 0.13003366495, 0.35654448214, 0.39253347832, 0.40311067233, 0.55507190276, 0.36223204094, 0.0041548412912, 0.065339107145, 0.084499461884, 0.51030885053, 0.0097125784598],
      [0, 0.032257543375, 5.2332646633, 4.2748888833, 5.9079584675, 2.3009130667, 6.5269641844, 8.7995338775, 0.47674391072, 2.4560967089, 10.5012323412, 1.4908720259, 3.9998484368, 2.1802906976, 4.1651516796, 8.6851290225, 0.71490496903, 0.085672510245, 0.32650721617, 3.1237086085, 5.2320125305, 4.629339955, 4.2330692633, 3.2697114571, 8.9061263211, 7.2830357108, 7.8844468778, 11.4914757709, 6.6903367006, 3.02476023, 4.2723329994, 0.76813780815, 10.3282867757, 0.094523120388],
      [0, 0.49905788193, 26.8610198589, 14.7245447337, 25.3736711537, 6.0065416752, 26.3609202691, 39.2457241267, 5.7961785393, 12.1455972736, 40.1132624006, 6.7030550018, 17.505083113, 11.6870769651, 19.1271679141, 35.8210434019, 0.68537207174, 1.8682259412, 0.33217416838, 10.8431397037, 22.5730703078, 19.9721453967, 13.781442107, 9.6825998465, 47.8192658846, 41.8362037641, 37.8239346786, 51.1631703535, 37.8031907417, 14.6196191076, 22.4784118141, 8.7679140794, 50.4049645649, 0.51353866403],
