{
  "Z_true": {},
  "V_true": [
    [27, 25, 544, 120, 160, 397],
    [24, 944, 92, 310, 596, 164],
    [191, 407, 281, 6535, 6192, 794],
    [96, 74, 4243, 130, 616, 263],
    [126, 75, 667, 339, 722, 328],
    [9, 8, 18, 126, 1872, 136],
    [852, 20, 518, 212, 587, 198],
    [51, 128, 197, 258, 461, 769]
  ],
  "p_true": [
    [0.0212, 0.0196, 0.4273, 0.0943, 0.1257, 0.3119],
    [0.0113, 0.4432, 0.0432, 0.1455, 0.2798, 0.077],
    [0.0133, 0.0283, 0.0195, 0.4538, 0.43, 0.0551],
    [0.0177, 0.0136, 0.7826, 0.024, 0.1136, 0.0485],
    [0.0558, 0.0332, 0.2955, 0.1502, 0.3199, 0.1453],
    [0.0041, 0.0037, 0.0083, 0.0581, 0.8631, 0.0627],
    [0.3569, 0.0084, 0.217, 0.0888, 0.2459, 0.0829],
    [0.0274, 0.0687, 0.1057, 0.1384, 0.2473, 0.4126]
  ],
  "Z_est": {},
  "V_est": [
    [212.8255, 0, 664.1731, 35.8626, 0, 360.1388],
    [224.3102, 1641.3021, 0, 0, 74.9041, 189.4837],
    [246.613, 39.6979, 0, 6684.743, 7124.5979, 304.3482],
    [0, 0, 4570.732, 35.807, 0, 815.461],
    [0, 0, 1054.4895, 729.0582, 473.4524, 0],
    [0, 0, 0, 0, 2108.9025, 60.0975],
    [692.2514, 0, 270.6055, 0, 1424.1432, 0],
    [0, 0, 0, 544.5292, 0, 1319.4708]
  ],
  "p_est": [
    [0.1672, 0, 0.5217, 0.0282, 0, 0.2829],
    [0.1053, 0.7706, 0, 0, 0.0352, 0.089],
    [0.0171, 0.0028, 0, 0.4642, 0.4948, 0.0211],
    [0, 0, 0.843, 0.0066, 0, 0.1504],
    [0, 0, 0.4672, 0.323, 0.2098, 0],
    [0, 0, 0, 0, 0.9723, 0.0277],
    [0.29, 0, 0.1134, 0, 0.5966, 0],
    [0, 0, 0, 0.2921, 0, 0.7079]
  ],
  "EI_Z": {},
  "EI_V": 18.6065,
  "MAE_Z": {},
  "MAE_V": 247.3264,
  "MAE_p": 0.0904,
  "runtime": 0.0505
}
