{
  "Z_true": {},
  "V_true": [
    [29, 25, 454, 265, 431],
    [22, 890, 61, 897, 171],
    [162, 353, 87, 14715, 692],
    [88, 78, 3303, 573, 301],
    [209, 100, 539, 1067, 606],
    [13, 13, 17, 719, 406],
    [951, 30, 305, 924, 179],
    [58, 68, 154, 624, 761]
  ],
  "p_true": [
    [0.0241, 0.0208, 0.3771, 0.2201, 0.358],
    [0.0108, 0.4361, 0.0299, 0.4395, 0.0838],
    [0.0101, 0.0221, 0.0054, 0.9192, 0.0432],
    [0.0203, 0.018, 0.7605, 0.1319, 0.0693],
    [0.0829, 0.0397, 0.2138, 0.4232, 0.2404],
    [0.0111, 0.0111, 0.0146, 0.6156, 0.3476],
    [0.3981, 0.0126, 0.1277, 0.3868, 0.0749],
    [0.0348, 0.0408, 0.0925, 0.3748, 0.4571]
  ],
  "Z_est": [
    [
      [0.1112, 0.2001, 0.0667, 0.3669, 0.4447, 0.2112, 0.2779, 0.1779, 0.4336, 0.3002, 0.1112, 1.0451, 0.1668, 0.8894, 0.0445, 0, 0.0334, 0.1779, 0.2891, 0.2112, 0.0556, 0.0111, 0.0111, 0.0667, 0.0334, 0.1223, 0.0889, 0.2229, 0.4892, 0.2001, 0.2452, 0.3891, 0.2557, 0.3002, 0.1112, 0.8338, 0.5337, 0.1223, 0.1334, 0.189, 0.9784, 0.1556, 0.1001, 0.1001, 0.0889, 0.1112, 0.0111, 0, 0.0111, 0.7004, 0.0445, 1.0451, 0.0556],
      [0.0003, 0.0005, 0.0002, 0.0009, 0, 0.0005, 0.0007, 0.0005, 0.0011, 0.0008, 0.0003, 0.0027, 0.0004, 0.0023, 0.0001, 0.0111, 0.0001, 0.0005, 0.0007, 0.0005, 0.0001, 0, 0, 0.0002, 0.0001, 0.0003, 0.0002, 0, 0.0013, 0.0005, 0, 0.001, 0.0007, 0.0008, 0.0003, 0.0021, 0.0014, 0.0003, 0.0003, 0.0005, 0.0025, 0.0004, 0.0003, 0.0003, 0.0002, 0.0003, 0, 0, 0, 0.0018, 0.0001, 0.0027, 0.0001],
      [4.0122, 7.222, 2.4073, 13.2403, 16.05, 7.6232, 10.0306, 6.4196, 15.6477, 10.833, 4.0122, 37.7149, 6.0183, 32.0978, 1.6049, 0.4012, 1.2037, 6.4196, 10.4318, 7.6232, 2.0061, 0.4012, 0.4012, 2.4073, 1.2037, 4.4134, 3.2098, 8.0245, 17.6538, 7.222, 8.8269, 14.0428, 9.2281, 10.833, 4.0122, 30.0917, 19.2587, 4.4134, 4.8147, 6.8208, 35.3076, 5.6171, 3.611, 3.611, 3.2098, 4.0122, 0.4012, 0, 0.4012, 25.277, 1.6049, 37.7149, 2.0061],
      [5.8763, 10.5774, 3.5258, 19.3918, 23.5052, 11.165, 14.6908, 9.4021, 22.9176, 15.866, 5.8763, 55.2373, 8.8145, 47.0105, 2.3505, 0.5876, 1.7629, 9.4021, 15.2784, 11.165, 2.9382, 0.5876, 0.5876, 3.5258, 1.7629, 6.4639, 4.701, 11.7526, 25.8558, 10.5774, 12.9279, 20.5671, 13.5155, 15.866, 5.8763, 44.0723, 28.2063, 6.4639, 7.0516, 9.9897, 51.7115, 8.2268, 5.2887, 5.2887, 4.701, 5.8763, 0.5876, 0, 0.5876, 37.0208, 2.3505, 55.2373, 2.9382],
      [0, 0, 0, 0, 0, 0, 0, 0, 0, 0, 0, 0, 0, 0, 0, 0, 0, 0, 0, 0, 0, 0, 0, 0, 0, 0, 0, 0, 0, 0, 0, 0, 0, 0, 0, 0, 0, 0, 0, 0, 0, 0, 0, 0, 0, 0, 0, 0, 0, 0, 0, 0, 0]
    ],
    [
      [0.462, 1.2179, 0.6299, 0.915, 0.6299, 0.5879, 0.6299, 0.7139, 0.7349, 0.5249, 0.336, 1.0499, 0.252, 0.9659, 1.9475, 0, 0.084, 0.462, 0.4829, 0.7559, 0.462, 0.2287, 0.084, 0.21, 0.315, 0.315, 0.189, 0.3691, 0, 0.9239, 1.5946, 9.9393, 1.1759, 1.6798, 0.126, 1.7008, 1.3229, 0.168, 0.252, 0.252, 0.8575, 5.9627, 0.231, 0.294, 0.336, 1.5752, 0.126, 0, 0, 0, 0.1894, 5.1025, 0],
      [13.7594, 36.2749, 18.7629, 23.6492, 17.6952, 17.512, 18.7629, 21.2646, 21.89, 15.6357, 10.0069, 31.2714, 7.5051, 28.7697, 3.8703, 1.2929, 2.5017, 13.7594, 14.3849, 22.5154, 13.7594, 3.1271, 2.6007, 6.2543, 9.3814, 9.3814, 5.6289, 10.6201, 122.5921, 27.5189, 7.4601, 27.1232, 35.024, 50.0343, 3.7526, 50.6597, 36.1089, 5.0034, 7.5051, 7.5051, 154.9312, 43.4746, 6.8797, 8.756, 10.0069, 11.9997, 2.7964, 0, 2.5017, 48.7834, 16.2611, 151.9791, 13.7776],
      [0.5445, 1.4356, 0.7426, 0.9406, 1.8102, 0.6931, 0.7426, 0.8416, 0.8663, 0.6188, 0.396, 1.2376, 0.297, 1.1386, 0.2228, 0.0495, 0.099, 0.5445, 0.5693, 0.8911, 0.5445, 0, 0, 0.2475, 0.3713, 0.3713, 0.2228, 0.4208, 4.6286, 1.0891, 0.495, 7.2352, 1.3861, 1.9802, 0.1485, 2.0049, 4.8525, 0.198, 0.297, 0.297, 5.9653, 2.8805, 0.2723, 0.3465, 0.396, 0.5198, 0.1485, 0, 0.183, 3.5685, 0.6436, 6.0148, 1.0789],
      [3.4928, 9.2083, 4.7629, 6.033, 4.7629, 4.4454, 4.7629, 5.398, 5.5568, 3.9691, 2.5402, 7.9382, 1.9052, 7.3032, 1.4289, 0.3175, 0.6351, 3.4928, 3.6516, 5.7155, 3.4928, 0.7938, 0.6351, 1.5876, 2.3815, 2.3815, 1.4289, 2.699, 29.6889, 6.9856, 3.1753, 10.4784, 8.8908, 12.7011, 0.9526, 12.8599, 10.0022, 1.2701, 1.9052, 1.9052, 38.2622, 10.9547, 1.7464, 2.2227, 2.5402, 3.3341, 1.1465, 0, 0.6351, 12.3836, 4.1279, 38.5797, 11.33],
      [3.7413, 9.8633, 5.1017, 6.4622, 5.1017, 4.7616, 5.1017, 5.7819, 5.952, 4.2514, 2.7209, 8.5029, 2.0407, 7.8226, 1.5305, 0.3401, 0.6802, 3.7413, 3.9113, 6.1221, 3.7413, 0.8503, 0.6802, 1.7006, 2.5509, 2.5509, 1.5305, 2.891, 30.0904, 7.4825, 7.275, 11.2238, 9.5232, 13.6046, 1.0203, 13.7746, 10.7136, 1.3605, 2.0407, 2.0407, 40.9838, 5.7275, 1.8706, 2.3808, 2.7209, 3.5712, 1.7827, 0, 0.6802, 13.2645, 4.778, 41.3239, 3.8135]
    ],
    [
      [2.119, 0, 0, 7.7919, 2.3818, 7.8608, 0, 0, 5.8557, 0, 0.6345, 3.7837, 3.8835, 2.47, 0.6296, 0, 1.1654, 0, 0, 0, 1.5193, 0.4563, 0.6155, 1.0394, 3.8759, 3.4655, 0, 1.1857, 0, 2.6152, 0.8248, 2.9773, 0.2637, 0, 0.8083, 17.8122, 0, 3.9393, 0, 2.5519, 0, 1.3747, 0, 13.0296, 1.1495, 3.072, 1.1463, 0, 0, 0, 0, 16.4998, 0],
      [2.7592, 7.5178, 3.2211, 0, 0, 4.4519, 3.8975, 5.5343, 0, 3.3637, 0, 9.3361, 0, 0, 0, 0.2342, 3.4474, 10.8978, 2.9515, 0.6549, 5.2407, 1.7806, 1.1677, 1.0338, 0, 2.1925, 1.4242, 0, 23.4063, 5.6905, 0, 0, 2.7242, 1.9446, 1.8468, 0.5468, 0, 1.4983, 1.2268, 4.2446, 8.5077, 1.9208, 0.6276, 11.5525, 4.6827, 0, 0, 0, 0.6119, 0, 2.6909, 25.4, 0],
      [0, 0, 0, 7.9973, 10.2921, 0.8835, 0, 5.8102, 13.525, 0, 9.6459, 21.3317, 10.0236, 16.9041, 0.2962, 0, 0, 3.6246, 2.9859, 0.5229, 3.4792, 0, 0, 0, 0, 0, 2.57, 17.115, 9.9018, 0, 0, 7.507, 0, 16.6458, 6.1534, 44.9409, 14.9006, 0, 5.0119, 0.5264, 0, 7.7237, 6.0263, 3.2357, 5.5007, 0, 0, 0, 2.2825, 39.0659, 0.979, 9.1673, 1.0821],
      [292.9598, 635.4482, 340.7789, 457.2107, 397.3261, 267.1079, 561.0145, 189.3482, 376.7584, 355.6363, 125.6916, 615.2432, 211.0929, 552.6259, 20.7328, 24.7658, 6.9908, 238.4776, 306.0082, 296.8222, 122.2784, 21.8616, 9.6778, 142.4099, 95.3285, 213.2665, 145.4391, 55.0169, 891.6919, 381.6943, 107.4622, 433.5157, 378.8235, 299.396, 27.864, 890.7002, 556.3913, 46.7641, 197.7614, 159.5328, 885.5631, 193.9808, 77.5435, 179.5172, 248.7996, 223.0645, 36.0127, 0, 109.4314, 707.9341, 157.749, 742.0459, 62.9179],
      [18.162, 24.034, 0, 0, 0, 0.6959, 21.088, 4.3073, 15.8609, 0, 3.028, 9.3053, 0, 0, 1.3414, 0, 0.3965, 0, 3.0545, 0, 6.4824, 1.9015, 0.539, 10.5169, 8.7956, 15.0754, 2.5667, 5.6824, 0, 0, 14.713, 0, 1.1886, 22.0136, 1.3275, 0, 19.7081, 5.7984, 0, 4.1444, 13.9292, 0, 4.8027, 4.665, 5.8674, 4.8635, 0.841, 0, 22.6741, 0, 8.5811, 50.8869, 0]
    ],
    [
      [1.3902, 0.4165, 0, 1.0657, 1.3746, 0.3321, 0, 0, 1.4448, 0, 0.417, 2.5021, 2.2235, 1.8997, 0.1086, 0, 0.0927, 0, 0, 0, 0.1853, 0.0386, 0.0232, 4.4309, 0.6974, 0.2548, 0, 0.5406, 1.1154, 6.6256, 0.3707, 0.7105, 0.4865, 0.5736, 0.2626, 5.8614, 0, 1.6506, 0, 0.4479, 0, 0.3012, 0, 0.3166, 0.3707, 0.3012, 0.0541, 0, 0, 0, 0.1931, 2.1855, 0],
      [0.1225, 0.2293, 0.1413, 0, 0, 0.1351, 0.2356, 0.1822, 0, 0.3424, 0, 1.0177, 0, 0, 0, 0.1651, 0.0377, 1.821, 0.2607, 0.2858, 0.0754, 0.0157, 0.1526, 0.0785, 0.0481, 0.2465, 0.0911, 0, 0.7639, 2.5175, 0, 0, 0.1979, 0.3141, 0.1068, 0.8418, 0, 0.0974, 0.1288, 0.1822, 5.1832, 0.1225, 0.0817, 0.1288, 0.1508, 0, 0, 0, 0.1382, 0, 0.0785, 0.8889, 0],
      [27.6462, 58.6784, 33.4439, 111.3536, 143.0789, 34.564, 58.2561, 47.0691, 106.9073, 80.7714, 43.5756, 260.4358, 69.128, 197.7383, 8.0381, 3.0678, 6.5865, 82.7928, 66.7166, 73.1471, 19.2915, 2.8821, 2.2683, 13.3757, 22.0654, 17.5498, 23.3106, 56.4868, 139.0598, 67.3347, 36.4936, 74.5226, 50.6403, 80.58, 27.3297, 215.4222, 169.4529, 23.507, 33.8877, 46.6212, 195.2776, 31.3487, 21.0999, 32.9564, 38.5831, 28.7959, 4.3492, 0, 35.7076, 142.6755, 20.0954, 227.4794, 27.3297],
      [6.6429, 12.5814, 11.4148, 25.5807, 33.5465, 7.3242, 15.384, 9.8792, 22.654, 27.8863, 9.1979, 55.1872, 14.6484, 46.362, 1.7033, 0.7671, 2.044, 17.5441, 14.7784, 17.5671, 4.0879, 0.8517, 0.511, 4.2583, 4.7693, 5.6209, 5.1635, 11.9232, 29.4672, 15.8408, 8.1759, 16.5787, 10.7308, 17.0331, 5.7912, 45.6487, 35.4288, 5.2803, 6.9836, 9.8792, 45.7913, 6.6429, 4.4286, 6.9836, 8.1759, 6.6429, 1.1923, 0, 7.4946, 32.8162, 4.2583, 48.2036, 6.6703],
      [3.1982, 1.0944, 0, 0, 0, 0.6446, 1.1244, 0.8695, 1.9939, 0, 0.8096, 4.8573, 0, 0, 0.1499, 0, 3.2392, 0.8421, 1.2443, 0, 0.3598, 1.2119, 0.045, 2.8565, 0.4198, 9.3279, 0.4348, 1.0494, 2.5936, 0.6814, 2.9598, 0.1883, 0.9445, 1.4992, 0.5097, 0.226, 3.1183, 0.4647, 0, 0.8695, 3.7479, 0.5847, 0.3898, 0.6147, 0.7196, 3.26, 1.4044, 0, 0.6596, 1.5083, 0.3748, 4.2427, 0]
    ],
    [
      [0.3294, 0, 0, 0.5091, 0.5316, 0.3145, 0, 0.2845, 0.7395, 0, 0.2171, 0.9659, 2.8086, 0.7263, 0.0075, 0, 0, 0, 0.3444, 0.322, 0.1273, 0.015, 0.015, 0.1872, 0.0674, 0.2471, 0.1273, 0.1423, 1.1231, 0.3744, 0.4834, 0.4867, 0.4792, 0.5017, 0.0674, 1.1606, 0.584, 0.1198, 0.0672, 0.292, 1.1007, 0.277, 0.0898, 0.307, 0.3294, 0.7909, 0.0299, 0, 0, 0, 0.1647, 1.0857, 0.0225],
      [0.6373, 1.1876, 0.5214, 0, 0, 0.6083, 0.8256, 0.5504, 0.7545, 2.4626, 0.42, 1.8684, 0.4784, 0.4286, 0.0145, 0.0435, 0, 0.8569, 0.6662, 0.6228, 0.2462, 0.029, 0.029, 0.3621, 0.1304, 0.478, 0.2462, 0, 2.1725, 0.7242, 0, 0.9414, 0.9269, 0.9704, 0.1304, 2.2449, 0, 0.2317, 0.42, 0.5649, 2.1291, 0.5359, 0.1738, 0.5938, 0.6373, 0, 0.0579, 0, 0.2607, 0.7609, 0.3186, 2.1001, 0.0435],
      [0, 0.2273, 5.4354, 11.2517, 11.7481, 6.3413, 8.606, 5.7374, 10.2668, 10.7198, 4.3785, 19.4768, 6.9452, 15.6216, 0.151, 0.4529, 0, 5.8883, 6.9452, 6.4923, 2.5667, 0.302, 0.302, 3.7746, 1.3588, 4.9824, 2.5667, 2.8687, 22.6475, 7.5492, 3.3216, 9.8139, 9.0898, 10.1159, 1.3588, 23.4024, 12.9064, 2.4157, 4.921, 5.8883, 22.1945, 5.5864, 1.8118, 6.1903, 6.6433, 5.4354, 0.6039, 0, 2.7849, 20.2317, 3.3216, 21.8925, 0.4529],
      [19.2335, 48.6115, 17.0779, 29.7246, 31.0359, 18.3593, 25.343, 16.6108, 29.7246, 31.1698, 12.6767, 56.3892, 20.1078, 42.4012, 0.4371, 2.3238, 0, 17.0479, 20.1078, 18.7964, 7.4311, 0.8743, 0.8743, 10.9281, 3.9341, 14.4252, 7.4311, 8.3054, 65.5689, 21.8563, 9.6168, 28.4132, 28.5492, 29.2874, 3.9341, 67.7545, 34.0958, 6.994, 12.6767, 17.0479, 64.2575, 16.1737, 5.2455, 17.9222, 19.2335, 15.7365, 1.7485, 0, 7.8683, 60.7581, 9.6168, 63.3833, 1.3114],
      [23.7997, 31.9735, 12.9653, 26.5146, 27.6843, 16.3767, 22.2255, 14.817, 26.5146, 26.6477, 11.3077, 50.2997, 15.66, 37.8223, 0.3899, 0.1798, 0, 15.2069, 17.9363, 16.7666, 6.6286, 0.7798, 0.7798, 9.748, 3.5093, 12.8674, 6.6286, 7.6837, 58.4881, 19.496, 8.5782, 25.3448, 24.9549, 26.1247, 3.5093, 60.4377, 30.4138, 6.2387, 10.9151, 15.2069, 57.3183, 14.4271, 4.679, 15.9867, 17.1565, 14.0371, 1.5597, 0, 7.0862, 52.2493, 8.5782, 56.5385, 1.1698]
    ],
    [
      [0.0927, 0.2004, 0.0658, 0.0897, 0.0868, 0.0568, 0.1107, 0.012, 0.0718, 0.0419, 0.0209, 0.0808, 0.0329, 0.1017, 0.003, 0, 0, 0.0449, 0.0688, 0.0808, 0.0359, 0, 0.003, 0.0748, 0.0209, 0.0927, 0, 0.0209, 0.3081, 0.1256, 0.0359, 0.1107, 0.1047, 0.0778, 0.003, 0.1376, 0.1256, 0, 0.0329, 0.012, 0.1885, 0.0419, 0.003, 0.0389, 0.0748, 1.1517, 0.006, 0, 0, 0.1675, 0.0329, 0.1885, 0.006],
      [1.3948, 3.0146, 0.9899, 1.3498, 1.3048, 0.8549, 1.6648, 0.18, 1.0799, 0.6299, 0.315, 1.2148, 0.4949, 1.5298, 0.045, 0, 0, 0.6749, 1.0349, 1.2148, 0.5399, 0, 0.045, 1.1248, 0.315, 1.3948, 0.9449, 0.315, 4.6344, 1.8897, 0.5399, 1.6648, 1.5748, 1.1698, 0.045, 2.0697, 1.8897, 0, 0.4949, 0.18, 2.8346, 0.6299, 0.045, 0.5849, 1.1248, 0, 0.09, 0, 0.4049, 2.5197, 0.4949, 2.8346, 0.09],
      [0.0015, 0.0033, 0.0011, 0.0015, 0.0014, 0.0009, 0.0018, 0.0002, 0.0012, 0.0007, 0.0003, 0.0013, 0.0005, 0.0017, 0, 0, 0, 0.0007, 0.0011, 0.0013, 0.0006, 0, 0, 0.0012, 0.0003, 0.0015, 0.001, 0.0003, 0.005, 0.002, 0.0006, 0.0018, 0.0017, 0.0013, 0, 0.0022, 0.002, 0, 0.0005, 0.0002, 0.0031, 0.0007, 0, 0.0006, 0.0012, 0.0012, 0.0001, 0, 0.0274, 0.0027, 0.0005, 0.0031, 0.0001],
      [14.7595, 31.8996, 10.4745, 14.2834, 13.8073, 9.0462, 17.6162, 1.9045, 11.4267, 6.6656, 3.3328, 12.8551, 5.2373, 16.1879, 0.4761, 0, 0, 7.1417, 10.9506, 12.8551, 5.7134, 0, 0.4761, 11.9028, 3.3328, 14.7595, 10.0612, 3.3328, 49.0397, 19.9968, 5.7134, 17.6162, 16.664, 12.379, 0.4761, 21.9012, 19.9968, 0, 5.2373, 1.9045, 29.9952, 6.6656, 0.4761, 6.1895, 11.9028, 11.4267, 0.9522, 0, 4.285, 26.6624, 5.2373, 29.9952, 0.9522],
      [14.7514, 31.8821, 10.4687, 14.2756, 13.7997, 9.0412, 17.6065, 1.9034, 11.4204, 6.6619, 3.331, 12.848, 5.2344, 16.179, 0.4759, 0, 0, 7.1378, 10.9446, 12.848, 5.7102, 0, 0.4759, 11.8963, 3.331, 14.7514, 9.9929, 3.331, 49.0127, 19.9858, 5.7102, 17.6065, 16.6548, 12.3721, 0.4759, 21.8892, 19.9858, 0, 5.2344, 1.9034, 29.9787, 6.6619, 0.4759, 6.1861, 11.8963, 11.4204, 0.9517, 0, 4.2827, 26.6477, 5.2344, 29.9787, 0.9517]
    ],
    [
      [9.7858, 21.077, 9.4094, 26.3463, 35.3793, 14.6786, 18.5479, 12.8677, 43.0658, 15.9617, 11.2913, 46.6705, 16.9369, 45.5414, 3.011, 0, 0.3764, 12.3573, 20.3602, 22.4448, 3.3874, 1.5055, 0, 3.7638, 3.011, 9.7858, 4.1401, 11.2913, 41.4013, 21.4534, 15.3806, 28.9809, 15.8078, 16.9369, 3.3874, 50.4343, 48.3045, 5.2693, 8.2803, 10.5385, 44.0359, 10.9149, 5.1006, 15.4314, 14.6786, 11.92, 1.8819, 0, 0.9889, 26.3463, 4.8929, 57.5854, 2.2583],
      [0.2117, 0.4559, 0.2035, 0, 0, 0.3175, 0.4233, 2.1285, 0, 6.3402, 0.178, 1.0094, 0.3663, 0, 0.0651, 0, 0.0081, 1.8698, 0.5714, 0.521, 0.0733, 0.0326, 0, 0.0814, 0.0651, 0.2117, 0.0895, 0, 0.8955, 0.464, 0, 0, 0.3419, 0.3663, 0.0733, 1.0909, 0, 0.114, 0.1791, 0.2279, 0.9525, 0.2361, 0.1221, 0.3338, 0.3175, 0, 0.0407, 0, 0.0326, 0.5698, 0.1058, 1.2455, 0.0488],
      [2.1399, 4.609, 2.0576, 5.7612, 7.7365, 3.2098, 4.2798, 3.2098, 9.2179, 4.7736, 2.5353, 10.2056, 3.7036, 9.9587, 0.6584, 0, 0.0823, 3.0452, 4.609, 5.2674, 0.7407, 0.3292, 0, 0.823, 0.6584, 2.1399, 0.9053, 2.7133, 9.0533, 4.6913, 3.2921, 6.3373, 3.4567, 3.7036, 0.7407, 11.0286, 13.3156, 1.1522, 1.8107, 2.3045, 9.6294, 2.3868, 1.7796, 3.3744, 3.2098, 2.5514, 0.4115, 0, 0.8458, 5.7612, 1.0699, 12.5924, 0.4938],
      [8.5576, 18.4318, 8.2285, 29.6299, 44.0745, 12.8364, 18.1388, 12.8364, 36.8635, 19.0901, 9.8742, 40.8132, 14.8112, 49.2492, 2.6331, 0, 0.3291, 12.1781, 19.0331, 25.2671, 2.9622, 1.3166, 0, 3.2914, 2.6331, 8.5576, 3.6205, 9.8742, 36.2053, 18.7609, 13.1656, 25.9705, 13.8238, 14.8112, 2.9622, 44.1046, 43.4463, 4.6079, 7.2411, 9.2159, 38.5092, 9.545, 4.9371, 13.4947, 12.8364, 10.2033, 1.6457, 0.4801, 1.3166, 23.0397, 4.2788, 50.3582, 1.9748],
      [5.3051, 11.4264, 5.1011, 8.2626, 6.8098, 7.9577, 10.6102, 7.9577, 22.8527, 11.8345, 6.1213, 25.3013, 9.1819, 16.2508, 1.6323, 0, 0.204, 7.5496, 11.4264, 10.4997, 1.8364, 0.8162, 0, 2.0404, 1.6323, 5.3051, 2.2445, 6.1213, 22.4447, 11.6304, 8.1617, 15.7113, 8.5698, 9.1819, 1.8364, 27.3417, 26.9336, 2.8566, 4.4889, 5.7132, 23.873, 5.9172, 3.0606, 8.3657, 7.9577, 6.3253, 1.0202, 0.5199, 0.8162, 14.283, 2.6526, 31.2185, 1.2243]
    ],
    [
      [5.7098, 15.8881, 7.8282, 12.9154, 11.1713, 5.958, 9.4335, 7.944, 13.6538, 11.1713, 3.972, 13.9021, 7.6958, 13.4056, 0.2483, 0, 0.2483, 5.958, 6.4545, 9.1853, 3.2273, 0.7448, 0.2483, 3.2273, 2.979, 4.7168, 1.4547, 3.2273, 26.5629, 9.6818, 5.0649, 13.4056, 10.4265, 9.93, 2.2343, 27.0594, 17.1293, 2.7308, 2.2343, 4.7168, 22.8391, 3.972, 3.4755, 2.4825, 3.972, 6.0778, 0.7448, 0, 0, 12.7858, 2.4825, 27.3076, 0.6577],
      [0.1148, 0.3195, 0.1597, 0, 0, 0.1198, 0.1897, 0.1597, 0.2746, 0.2246, 0.0799, 0.2796, 0.1548, 0.2696, 0.005, 0.2532, 0.005, 0.1198, 0.1298, 0.1847, 0.0649, 0.015, 0.005, 0.0649, 0.0599, 0.0948, 1.575, 0.0649, 0.5341, 0.1947, 0, 0.2696, 0.2097, 0.1997, 0.0449, 0.5441, 0, 0.0549, 0.0449, 0.0948, 0.4593, 0.0799, 0.0699, 0.0499, 0.0799, 0, 0.015, 0, 0.0499, 0.3644, 0.0499, 0.5491, 0.0399],
      [0.6556, 1.8244, 0.9122, 1.4538, 1.2828, 0.6841, 1.0832, 0.9122, 1.5678, 1.2828, 0.4561, 1.5963, 0.8837, 1.5393, 0.0285, 0.0285, 0.0285, 0.6841, 0.7411, 1.0547, 0.3706, 0.0855, 0.0285, 0.3706, 0.3421, 0.5416, 2.2138, 0.3706, 3.0501, 1.1117, 0.5701, 1.5393, 1.1972, 1.1402, 0.2566, 3.1071, 2.3113, 0.3136, 0.2566, 0.5416, 2.6225, 0.4561, 0.3991, 0.2851, 0.4561, 0.6841, 0.0855, 0, 2.7676, 7.4175, 0.2851, 3.1356, 1.5563],
      [5.4775, 15.2417, 7.7367, 12.1457, 10.9415, 5.7156, 9.0498, 7.6209, 13.0984, 10.7168, 3.8104, 13.3365, 7.3827, 12.8602, 0.2382, 0.2382, 0.2382, 5.7156, 6.192, 8.8116, 3.096, 0.7145, 0.2382, 3.096, 2.8578, 4.5249, 5.1546, 3.096, 25.4823, 9.2879, 4.763, 12.8602, 10.0024, 9.5261, 2.1434, 25.9586, 16.4325, 2.6197, 2.1434, 4.5249, 21.91, 3.8104, 3.3341, 2.3815, 3.8104, 5.7156, 0.7145, 0.5199, 2.3815, 17.3851, 2.3815, 26.1967, 1.9052],
      [11.0423, 30.7263, 15.3632, 24.4851, 21.6045, 11.5224, 18.2438, 15.3632, 26.4055, 21.6045, 7.6816, 26.8856, 14.8831, 25.9254, 0.4801, 0.4801, 0.4801, 11.5224, 12.4826, 17.7637, 6.2413, 1.4403, 0.4801, 6.2413, 5.7612, 9.1219, 9.602, 6.2413, 51.3706, 18.7239, 9.602, 25.9254, 20.1642, 19.204, 4.3209, 52.3308, 33.1268, 5.2811, 4.3209, 9.1219, 44.1691, 7.6816, 6.7214, 4.801, 7.6816, 11.5224, 1.4403, 0.4801, 4.801, 35.0472, 4.801, 52.8109, 3.8408]
    ]
  ],
  "V_est": [
    [13.3759, 0.0431, 483.0731, 707.5079, 0],
    [49.3643, 1254.2727, 63.4894, 330.7989, 343.0747],
    [118.798, 170.2297, 307.6584, 15073.4757, 338.8381],
    [41.2654, 17.6069, 3440.7758, 776.0178, 67.3341],
    [18.966, 31.4064, 365.9874, 1120.4324, 984.2079],
    [4.4843, 51.4731, 0.0838, 556.1639, 555.7949],
    [885.2036, 22.9814, 200.3632, 822.0666, 458.3852],
    [400.5423, 8.9868, 58.5689, 397.5368, 799.3652]
  ],
  "p_est": [
    [0.0111, 0, 0.4012, 0.5876, 0],
    [0.0242, 0.6145, 0.0311, 0.1621, 0.1681],
    [0.0074, 0.0106, 0.0192, 0.9416, 0.0212],
    [0.0095, 0.0041, 0.7923, 0.1787, 0.0155],
    [0.0075, 0.0125, 0.1452, 0.4444, 0.3904],
    [0.0038, 0.0441, 0.0001, 0.4762, 0.4759],
    [0.3705, 0.0096, 0.0839, 0.3441, 0.1919],
    [0.2406, 0.0054, 0.0352, 0.2388, 0.4801]
  ],
  "EI_Z": {},
  "EI_V": 10.3316,
  "MAE_Z": {},
  "MAE_V": 161.8955,
  "MAE_p": 0.0731,
  "runtime": 2.4893
}
