{
  "X": [
    [20, 26, 35, 154, 12],
    [1, 2, 6, 14, 1],
    [2, 7, 11, 34, 1],
    [94, 133, 328, 621, 45],
    [9, 14, 46, 89, 16],
    [30, 38, 164, 218, 54],
    [35, 59, 212, 339, 29],
    [89, 116, 310, 670, 56],
    [117, 100, 240, 601, 73],
    [104, 139, 370, 803, 95],
    [74, 42, 116, 481, 19],
    [62, 116, 124, 1337, 37],
    [44, 69, 91, 662, 23],
    [19, 25, 46, 309, 18],
    [2, 2, 10, 11, 3],
    [1, 5, 27, 20, 4],
    [6, 31, 44, 233, 12],
    [21, 27, 74, 566, 31],
    [30, 32, 72, 444, 12],
    [56, 75, 298, 384, 25],
    [27, 60, 327, 247, 38],
    [58, 73, 474, 415, 42],
    [50, 74, 382, 415, 39],
    [62, 129, 620, 633, 77],
    [7, 0, 12, 14, 5],
    [5, 10, 8, 34, 6],
    [32, 28, 105, 201, 18],
    [2, 13, 12, 32, 0],
    [65, 64, 186, 1111, 45],
    [41, 41, 150, 349, 25],
    [20, 45, 206, 187, 16],
    [53, 57, 155, 377, 16],
    [28, 58, 211, 371, 30],
    [1, 2, 10, 35, 3],
    [0, 0, 1, 1, 0],
    [370, 393, 1883, 3673, 187],
    [54, 123, 402, 580, 60],
    [139, 330, 765, 1361, 154],
    [9, 61, 90, 289, 10]
  ],
  "W": [
    [16, 15, 43, 154, 13, 6],
    [1, 2, 4, 15, 0, 2],
    [7, 3, 10, 30, 3, 2],
    [69, 105, 297, 617, 94, 39],
    [10, 12, 43, 94, 7, 8],
    [22, 47, 149, 217, 36, 33],
    [26, 51, 198, 342, 29, 28],
    [69, 121, 262, 661, 83, 45],
    [78, 83, 226, 606, 90, 48],
    [69, 110, 335, 809, 117, 71],
    [65, 26, 117, 463, 41, 20],
    [55, 101, 120, 1305, 66, 29],
    [35, 60, 71, 642, 57, 24],
    [25, 14, 43, 300, 20, 15],
    [3, 1, 9, 11, 3, 1],
    [1, 5, 23, 20, 3, 5],
    [5, 36, 33, 230, 9, 13],
    [30, 31, 66, 537, 34, 21],
    [28, 30, 60, 425, 41, 6],
    [48, 59, 256, 382, 70, 23],
    [22, 47, 290, 253, 62, 25],
    [48, 82, 386, 414, 96, 36],
    [41, 63, 331, 397, 94, 34],
    [61, 103, 534, 614, 143, 66],
    [3, 1, 9, 20, 3, 2],
    [4, 4, 15, 32, 7, 1],
    [30, 26, 90, 185, 37, 16],
    [2, 5, 16, 33, 2, 1],
    [51, 61, 163, 1072, 68, 56],
    [33, 36, 132, 342, 48, 15],
    [15, 40, 178, 195, 33, 13],
    [55, 36, 126, 367, 50, 24],
    [37, 29, 178, 358, 65, 31],
    [1, 0, 9, 33, 5, 3],
    [0, 0, 2, 0, 0, 0],
    [357, 376, 1628, 3487, 443, 215],
    [56, 102, 350, 577, 78, 56],
    [104, 286, 705, 1338, 191, 125],
    [17, 67, 56, 283, 22, 14]
  ],
  "method": "mvn_pdf",
  "cond_prob": [
    [
      [0.64391503097, 0.059515766777, 0.021491738145, 0.26728097975, 0.0077964843628],
      [0.00094754900187, 0.79005604173, 0.056891143534, 0.071318308327, 0.080786957409],
      [0.036402282014, 0.16960555926, 0.69861151992, 0.01631496342, 0.079065675389],
      [0.028863006273, 0.024471469196, 0.00022706449502, 0.93197955957, 0.01445890047],
      [0.25272904502, 0.18169056472, 0.21449314556, 0.22721228051, 0.1238749642],
      [0.038818307241, 0.15407006559, 0.092034356167, 0.16214931112, 0.55292795988]
    ],
    [
      [0.55127541126, 0.051436332968, 0.20258906959, 0.18946219102, 0.0052369951648],
      [0.00019051198168, 0.56457537985, 0.38295324586, 0.021170158734, 0.031110703576],
      [0.00096793249543, 0.012131456351, 0.98194571905, 0.00064426279362, 0.0043106293069],
      [0.015934885271, 0.023320031587, 0.0020894570672, 0.94787845579, 0.010777170288],
      [0.015465096962, 0.042127741994, 0.89678099222, 0.02449387949, 0.021132289336],
      [0.0070223768632, 0.076872156226, 0.63970952825, 0.043571190001, 0.23282474866]
    ],
    [
      [0.27401139722, 0.15693670146, 0.065237297381, 0.49943182305, 0.0043827808854],
      [0.00012856269957, 0.88461682973, 0.059358625133, 0.041016304353, 0.01487967809],
      [0.0047893450659, 0.14997931169, 0.82135132853, 0.0089768942493, 0.014903120471],
      [0.0063920019304, 0.03268104522, 0.00034899536891, 0.95636826895, 0.0042096885332],
      [0.056324336872, 0.28059474434, 0.40231881061, 0.22107158183, 0.039690526349],
      [0.011661097465, 0.31460691671, 0.21931203763, 0.21001871257, 0.24440123562]
    ],
    [
      [0.65640340619, 0.051516439919, 0.052838037462, 0.23376901956, 0.0054730968689],
      [0.0011288519006, 0.71401563524, 0.15301529758, 0.070079882024, 0.061760333257],
      [0.020722494556, 0.07652520831, 0.86610200626, 0.0077335833865, 0.028916707487],
      [0.035376346396, 0.024495287147, 0.00064689875032, 0.92779086389, 0.011690603812],
      [0.21647300918, 0.12658252846, 0.42443921212, 0.16292960403, 0.069575646208],
      [0.046125801066, 0.14602745254, 0.24848164708, 0.15889984293, 0.40046525638]
    ],
    [
      [0.54109803264, 0.068849732016, 0.1064694207, 0.24883802327, 0.034744791383],
      [0.00047736759279, 0.55956475887, 0.17504548587, 0.040298481964, 0.2246139057],
      [0.0072804782345, 0.04783693445, 0.8548290138, 0.0036656581421, 0.086387915369],
      [0.023970315108, 0.028267959647, 0.0011152820934, 0.88213914923, 0.064507293926],
      [0.089895779871, 0.092678546058, 0.47976069385, 0.091156277135, 0.24650870309],
      [0.0093197742938, 0.0523925951, 0.13586480016, 0.043661203251, 0.75876162719]
    ],
    [
      [0.62925275613, 0.03482408234, 0.06793880847, 0.24736521711, 0.020619135945],
      [0.0010673591984, 0.48970480074, 0.19890472704, 0.074315423063, 0.23600768996],
      [0.014830515601, 0.039523210907, 0.85613986294, 0.0061917913766, 0.083314619175],
      [0.030769180427, 0.015273922445, 0.0007658075765, 0.91254152405, 0.040649565501],
      [0.16034781787, 0.067303961453, 0.43054528231, 0.13476855828, 0.20703438008],
      [0.019943144968, 0.045518405884, 0.14751127158, 0.077004203934, 0.71002297364]
    ],
    [
      [0.61345128645, 0.049525407709, 0.073122333379, 0.25672974158, 0.007171230891],
      [0.0009768219278, 0.65070049523, 0.19993436845, 0.0720529093, 0.076335405093],
      [0.014140575325, 0.054704759766, 0.89672602601, 0.0062588668364, 0.028169772062],
      [0.029815265306, 0.021470074668, 0.00081498758531, 0.93392573833, 0.013973934113],
      [0.16913923143, 0.10317658357, 0.49956577371, 0.15078243545, 0.077335975843],
      [0.034491090292, 0.1142345393, 0.28026515597, 0.14112920626, 0.42988000818]
    ],
    [
      [0.6445673619, 0.038822881264, 0.058599491313, 0.25130104459, 0.0067092209324],
      [0.0012897871529, 0.6253619353, 0.19754236294, 0.087661263827, 0.088144650774],
      [0.018787554371, 0.053253478907, 0.88754784454, 0.0076759069108, 0.032735215268],
      [0.032609762162, 0.017331420969, 0.00067347570798, 0.93593177796, 0.013453563205],
      [0.20449710506, 0.091772652047, 0.45313857102, 0.16850487628, 0.082086795589],
      [0.041434252259, 0.10065980385, 0.25217915051, 0.15625938326, 0.44946741012]
    ],
    [
      [0.7377422074, 0.033136140454, 0.033982083649, 0.18725332897, 0.0078862395251],
      [0.00179814269, 0.65232063893, 0.13970040932, 0.079698302518, 0.12648250655],
      [0.034306386484, 0.072626240515, 0.82242809374, 0.0091391880341, 0.061500091227],
      [0.048663553603, 0.01931503956, 0.00050998686543, 0.91086110267, 0.020650317306],
      [0.29354828368, 0.098279807462, 0.32941710244, 0.15761049365, 0.12114431277],
      [0.051133065314, 0.092774543591, 0.15782700454, 0.12574479645, 0.57252059011]
    ],
    [
      [0.64801332017, 0.048504494337, 0.05388016775, 0.23986586927, 0.009736148472],
      [0.0011062221384, 0.66440029766, 0.15442758364, 0.071268923718, 0.10879697284],
      [0.019835811577, 0.069661239198, 0.85307334523, 0.0076847201102, 0.049744883885],
      [0.033943547405, 0.022382538254, 0.00064030435792, 0.92285278612, 0.020180823864],
      [0.20253774418, 0.11273862115, 0.40928973225, 0.15829442493, 0.11713947749],
      [0.034786784854, 0.10474860222, 0.19303621562, 0.12436631208, 0.54306208523]
    ],
    [
      [0.66383825874, 0.030020455295, 0.025857909464, 0.2767379292, 0.0035454472987],
      [0.0018287962981, 0.67890491865, 0.12113993607, 0.13346517711, 0.064661171865],
      [0.039819501834, 0.085551075183, 0.82124900805, 0.017435856171, 0.035944558762],
      [0.030762130027, 0.012331988064, 0.00027337647854, 0.95008675629, 0.006545749136],
      [0.29565971048, 0.10005437423, 0.28213735035, 0.2609946795, 0.061153885445],
      [0.065931686224, 0.12120570064, 0.17338576596, 0.26704564576, 0.37243120142]
    ],
    [
      [0.48698531161, 0.045377104363, 0.028137851121, 0.43416600889, 0.005333724025],
      [0.00093185519508, 0.69756389102, 0.090390604498, 0.14439431053, 0.066719338751],
      [0.026176909943, 0.11446085424, 0.78715827887, 0.02437643556, 0.047827521388],
      [0.014801071431, 0.012135069326, 0.00019383321306, 0.9664625391, 0.0064074869307],
      [0.18532863503, 0.12825017059, 0.26009945835, 0.34832277886, 0.077998957165],
      [0.035001367392, 0.13106706556, 0.13487606033, 0.30099455541, 0.39806095131]
    ],
    [
      [0.53114413016, 0.045360200107, 0.037897465704, 0.38066008391, 0.0049381201204],
      [0.00099621879471, 0.69281588078, 0.12038275568, 0.12473796902, 0.061067175729],
      [0.022254189843, 0.089894658826, 0.83633875401, 0.016722542391, 0.034789854926],
      [0.018163093789, 0.013722537457, 0.00029504849571, 0.96110647215, 0.0067128481117],
      [0.19012145547, 0.1213047572, 0.33203747104, 0.28821513019, 0.068321186104],
      [0.038506689026, 0.13322204525, 0.18480980666, 0.26753974882, 0.37592171025]
    ],
    [
      [0.45751796518, 0.059757303038, 0.043092504645, 0.42968685884, 0.0099453682975],
      [0.00063389204897, 0.69918742503, 0.10291325749, 0.1046895563, 0.092575869137],
      [0.015738289841, 0.098893858991, 0.81116148632, 0.015546642396, 0.058659722451],
      [0.013641836486, 0.015867032466, 0.00029410866123, 0.95830502891, 0.011891993476],
      [0.13905940792, 0.1375572544, 0.32689091718, 0.27758962857, 0.11890279193],
      [0.02184102953, 0.11735188355, 0.14084021278, 0.20032261034, 0.5196442638]
    ],
    [
      [0.52350926429, 0.064524662637, 0.10987767982, 0.26072061414, 0.04136777911],
      [0.00028603227925, 0.56974063078, 0.15421611413, 0.029318454053, 0.24643876876],
      [0.0043299566589, 0.036967039725, 0.86684338419, 0.0026167589406, 0.089242860485],
      [0.016025321999, 0.020909126107, 0.00089044728599, 0.89947071183, 0.062704392779],
      [0.057640940259, 0.078948182634, 0.48891741973, 0.071528217394, 0.30296523999],
      [0.002909229236, 0.021072849759, 0.064408698811, 0.016516845158, 0.89509237704]
    ],
    [
      [0.45867172037, 0.064674045526, 0.16037581413, 0.30453941345, 0.011739006526],
      [0.00034176930318, 0.59392708185, 0.27933258963, 0.047572485348, 0.078826073865],
      [0.003470878902, 0.031311492147, 0.94226170424, 0.0028314557474, 0.020124468962],
      [0.013566714982, 0.020746467234, 0.0012888685813, 0.9472809953, 0.017116953902],
      [0.056513980059, 0.080928368102, 0.69139089428, 0.094900443519, 0.076266314037],
      [0.011150186199, 0.086365541363, 0.36216201862, 0.086419559955, 0.45390269386]
    ],
    [
      [0.43252154683, 0.0543222189, 0.073409716629, 0.43204278696, 0.0077037306803],
      [0.00059064753942, 0.6415371355, 0.17923179445, 0.10585851854, 0.072781903969],
      [0.0092410501675, 0.05773016192, 0.89409350196, 0.009897936273, 0.029037349677],
      [0.012603573258, 0.014371319049, 0.0004976006801, 0.96335623217, 0.0091712748454],
      [0.1082096718, 0.10567211293, 0.47498939778, 0.23356019723, 0.077568620264],
      [0.020765661707, 0.11040938106, 0.24950697253, 0.20640854728, 0.41290943741]
    ],
    [
      [0.39664418388, 0.030575067119, 0.03799043808, 0.5242205679, 0.010569743017],
      [0.00083291375175, 0.52448800547, 0.13559232947, 0.19205215866, 0.14703459265],
      [0.016254917604, 0.05940297177, 0.82877148783, 0.022467926842, 0.073102695957],
      [0.0099643420336, 0.0067929163454, 0.00021712788923, 0.97247091266, 0.010554701076],
      [0.12888046501, 0.074307161541, 0.30339207264, 0.36004469041, 0.13337561039],
      [0.019313477379, 0.060322211056, 0.12466704482, 0.24728956452, 0.54840770222]
    ],
    [
      [0.5057088647, 0.03450289733, 0.038459401798, 0.41630552143, 0.0050233147387],
      [0.0011049542339, 0.62275846019, 0.14366776914, 0.15945482755, 0.073013988882],
      [0.021032939089, 0.068427441964, 0.85695529337, 0.018176919068, 0.035407406508],
      [0.015818473351, 0.0095887051449, 0.00027475876277, 0.96804196292, 0.0062760998254],
      [0.18116825981, 0.092815475985, 0.33995637583, 0.3160692306, 0.069990657786],
      [0.036276898016, 0.10094445685, 0.18709997529, 0.29057242362, 0.38510624623]
    ],
    [
      [0.60588652819, 0.055307289987, 0.08846749311, 0.24437008878, 0.0059685999343],
      [0.0008885140623, 0.65900806494, 0.21974536998, 0.062619569238, 0.057738481783],
      [0.011937682404, 0.051532901812, 0.91169164784, 0.0050550484216, 0.019782719518],
      [0.031141020335, 0.025143564786, 0.0010349391694, 0.93048640827, 0.012194067438],
      [0.15385399146, 0.10516123893, 0.55085565104, 0.1314099792, 0.058719139371],
      [0.034749615746, 0.12860831041, 0.34157714695, 0.13590681093, 0.35915811596]
    ],
    [
      [0.53980015026, 0.069877358584, 0.1305943244, 0.24663290545, 0.013095261304],
      [0.00058434015998, 0.617980284, 0.24057892593, 0.046784642519, 0.094071807387],
      [0.0072063862787, 0.044307067053, 0.91547091741, 0.0034660813106, 0.029549547946],
      [0.026820005525, 0.030819373697, 0.001481842004, 0.91491331028, 0.025965468492],
      [0.10143894991, 0.098875438727, 0.60523979088, 0.098446558106, 0.095999262377],
      [0.018936843488, 0.099877286265, 0.3099655037, 0.084131344312, 0.48708902224]
    ],
    [
      [0.58845643703, 0.042921497764, 0.12464785577, 0.2360026911, 0.0079715183369],
      [0.0009050455881, 0.53192600648, 0.32329869104, 0.063293469486, 0.080576787404],
      [0.0085344353523, 0.029311930776, 0.93919760459, 0.0035881196127, 0.019367909667],
      [0.031395683711, 0.020217675804, 0.0015112236349, 0.93000715359, 0.016868263259],
      [0.12355573411, 0.067292603202, 0.63965212023, 0.1048086104, 0.06469093206],
      [0.027652879596, 0.08144215786, 0.39271505428, 0.10730696056, 0.3908829477]
    ],
    [
      [0.5548090118, 0.047804643105, 0.087977147857, 0.30198843221, 0.0074207650348],
      [0.0008717884463, 0.60659638552, 0.23318392717, 0.082700305544, 0.076647593311],
      [0.011069733738, 0.044934831141, 0.91287165643, 0.0063099330809, 0.024813845608],
      [0.023510340786, 0.017885216674, 0.00084735194795, 0.94528337479, 0.012473715803],
      [0.13920493248, 0.089539044728, 0.5391326664, 0.1601844541, 0.071938902283],
      [0.029115996072, 0.10132319498, 0.30952043676, 0.15330457582, 0.40673579638]
    ],
    [
      [0.50179779153, 0.063666311004, 0.11080336726, 0.31321545362, 0.010517076583],
      [0.00061338002016, 0.62223183436, 0.22680973398, 0.066443060705, 0.08390199094],
      [0.0080087069137, 0.047543633213, 0.91128847003, 0.0052181473138, 0.027941042527],
      [0.020503958427, 0.02286545742, 0.0010250383416, 0.93863807159, 0.01696747422],
      [0.10606899243, 0.099993407338, 0.56886935582, 0.13958542745, 0.085482816959],
      [0.020619659605, 0.10499101598, 0.30321010618, 0.12398104244, 0.44719817579]
    ],
    [
      [0.93948110195, 0.0030290622291, 0.034579655839, 0.011588905978, 0.011321274003],
      [0.0024921604219, 0.15200309165, 0.34689092937, 0.010318830588, 0.48829498796],
      [0.018486439926, 0.0057004614773, 0.89526557269, 0.00044908932275, 0.080098436588],
      [0.25382253358, 0.012946691925, 0.0034208158157, 0.5116039774, 0.21820598128],
      [0.25616304833, 0.0108328509, 0.47843024057, 0.010638044787, 0.24393581542],
      [0.01592506904, 0.0040950867587, 0.086979807052, 0.0034762176365, 0.88952381951]
    ],
    [
      [0.52103554651, 0.10174550513, 0.011235250029, 0.34366503673, 0.022318661607],
      [0.00033547612001, 0.81917002086, 0.014856924131, 0.043213226787, 0.1224243521],
      [0.026592844347, 0.30793598404, 0.40191929198, 0.01987050959, 0.24368137004],
      [0.015473734769, 0.030242916027, 8.6432638655e-05, 0.92382195923, 0.030374957337],
      [0.14658032264, 0.24823665219, 0.08558071229, 0.22178786529, 0.29781444759],
      [0.0097404539822, 0.09527162842, 0.016773243823, 0.070288781471, 0.8079258923]
    ],
    [
      [0.59495239387, 0.033612852741, 0.05117957741, 0.31394317033, 0.0063120056511],
      [0.0012714243409, 0.60067493483, 0.18886162721, 0.11835036033, 0.090841653293],
      [0.019086337818, 0.05194113102, 0.88362198816, 0.010638898012, 0.034711644992],
      [0.023984217879, 0.012118619359, 0.00047424157155, 0.95319056048, 0.01023236071],
      [0.19584791502, 0.08375429027, 0.41872544369, 0.22012344385, 0.081548907173],
      [0.038642390879, 0.089964783811, 0.2276666854, 0.19966281402, 0.4440633259]
    ],
    [
      [0.35674548279, 0.34560563509, 0.028809336386, 0.26687806011, 0.0019614856197],
      [6.5863688579e-05, 0.97450024336, 0.012326088055, 0.010078013905, 0.003029790995],
      [0.0074452028664, 0.4768746511, 0.49968890059, 0.0066101685982, 0.0093810768501],
      [0.011917426168, 0.11835483072, 0.00025274484083, 0.86637444783, 0.0031005504398],
      [0.065630871551, 0.62839759011, 0.17045402856, 0.11814822116, 0.017369288616],
      [0.012559133026, 0.68814970056, 0.092722663987, 0.10753172865, 0.099036773777]
    ],
    [
      [0.52674264291, 0.029074461151, 0.03724589212, 0.40187426796, 0.005062735863],
      [0.0013165955683, 0.58448025734, 0.1565892194, 0.17475693828, 0.082856989411],
      [0.023354892859, 0.060554261506, 0.85995749304, 0.018627138644, 0.037506213954],
      [0.017282769123, 0.0084046550224, 0.00027721744347, 0.96746250062, 0.0065728577927],
      [0.19569011937, 0.080288737614, 0.33670421449, 0.31496774339, 0.072349185138],
      [0.039531563998, 0.087781715827, 0.18678601329, 0.29118259971, 0.39471810718]
    ],
    [
      [0.60577217288, 0.038247191269, 0.057628919774, 0.2907676767, 0.0075840393787],
      [0.0011749634503, 0.61065477776, 0.191092015, 0.099040031994, 0.0980382118],
      [0.017500384517, 0.052707655794, 0.88375674846, 0.0088472622372, 0.037187948988],
      [0.026399748914, 0.014824888878, 0.00057428367676, 0.94498689951, 0.01321417902],
      [0.18759966005, 0.089113407202, 0.44045771805, 0.19123426947, 0.091594945225],
      [0.035598702394, 0.091791573552, 0.22984490516, 0.16651095439, 0.4762538645]
    ],
    [
      [0.57122408892, 0.066973688674, 0.13498097209, 0.21868772867, 0.0081335216467],
      [0.00064282375555, 0.63042275205, 0.26347022674, 0.043649000748, 0.061815196711],
      [0.0073256543075, 0.041518246149, 0.93023616166, 0.0029838129084, 0.017936124974],
      [0.031484077841, 0.033135305006, 0.001714871482, 0.91556677842, 0.018098967246],
      [0.10854784649, 0.097248471473, 0.6440166638, 0.089042121745, 0.061144896492],
      [0.024205140559, 0.11764270657, 0.39417312282, 0.091151949402, 0.37282708065]
    ],
    [
      [0.58301878664, 0.061355286979, 0.07038242584, 0.28059264525, 0.0046508552989],
      [0.000829875051, 0.71549244531, 0.17013579443, 0.069811947423, 0.043729937783],
      [0.013988822041, 0.069780646448, 0.89034745019, 0.0070662115133, 0.018816869808],
      [0.026352562876, 0.024534136529, 0.00072403584815, 0.94002724543, 0.0083620193143],
      [0.16427344242, 0.12963658188, 0.48785853222, 0.16741874823, 0.050812695243],
      [0.037745750104, 0.16143226814, 0.30770035093, 0.17624168992, 0.3168799409]
    ],
    [
      [0.44045522651, 0.08618511923, 0.099975199835, 0.3639461564, 0.0094382980291],
      [0.00044182701582, 0.70417575154, 0.16951460069, 0.063551611658, 0.062316209097],
      [0.0074914791303, 0.069169688344, 0.88990882054, 0.0064720944085, 0.026957917575],
      [0.015454242815, 0.0266696064, 0.00079636236441, 0.94394448358, 0.013135304844],
      [0.094221884699, 0.13805426057, 0.52490632615, 0.16455799944, 0.078259529145],
      [0.018287319262, 0.14483970755, 0.27906780068, 0.14606891191, 0.4117362606]
    ],
    [
      [0.34941091529, 0.044701630424, 0.047755437269, 0.54913183339, 0.009000183627],
      [0.00040755779611, 0.67544987186, 0.11741313019, 0.12121594343, 0.085513496714],
      [0.0082177540774, 0.0609772764, 0.87270102939, 0.01390832952, 0.044195610608],
      [0.0067928751292, 0.0086336568487, 0.00023361573075, 0.97640232843, 0.0079375238589],
      [0.08993077147, 0.10264590153, 0.37794286147, 0.32038100981, 0.10909945572],
      [0.013067103077, 0.081831470316, 0.14900831825, 0.21852071767, 0.53757239069]
    ],
    [
      [0.33849924597, 0.020873200653, 0.018401962082, 0.61603309406, 0.0061924972316],
      [0.00061388858995, 0.66300796456, 0.071112602586, 0.17568644674, 0.089579097524],
      [8.1859469105e-41, 2.3379657954e-29, 3.5538865002e-24, 1, 1.6450520429e-32],
      [0.0032533184534, 0.0022165638978, 5.2641712368e-05, 0.99148697757, 0.0029904983655],
      [0.12577100939, 0.068885528416, 0.2074203555, 0.49928722985, 0.098635876838],
      [0.019903147567, 0.0630873465, 0.089951809367, 0.37459803426, 0.45245966231]
    ],
    [
      [0.54437474304, 0.036242603301, 0.068959279501, 0.34512502493, 0.0052983492225],
      [0.0010986315071, 0.5781050715, 0.23119717589, 0.12038142452, 0.069217696586],
      [0.014086380139, 0.043557169449, 0.91041291644, 0.0092925928015, 0.022650941174],
      [0.020791692826, 0.012111462713, 0.00059392858822, 0.95855304559, 0.0079498702789],
      [0.16003950992, 0.078652329478, 0.48860442468, 0.21322833234, 0.05947540358],
      [0.035645177485, 0.094533908791, 0.29836260991, 0.21679177572, 0.3546665281]
    ],
    [
      [0.51591027471, 0.072451179955, 0.10400098699, 0.29747923606, 0.010158322291],
      [0.00058865535606, 0.66479922555, 0.1995985237, 0.059052394174, 0.075961201216],
      [0.0086192554608, 0.056872323335, 0.90094143445, 0.0051991876232, 0.028367799128],
      [0.021989917159, 0.027200471775, 0.0010053433855, 0.93266902977, 0.017135237909],
      [0.11183548859, 0.11708539508, 0.54991425157, 0.13620371102, 0.084961153733],
      [0.021646214799, 0.12248326224, 0.29185317136, 0.12052380389, 0.44349354772]
    ],
    [
      [0.57149800536, 0.062124449201, 0.062734843947, 0.29445268646, 0.009190015037],
      [0.00080482675259, 0.69572445933, 0.14742053558, 0.071879597437, 0.0841705809],
      [0.015246703707, 0.077310732941, 0.85856731132, 0.0081941061971, 0.040681145836],
      [0.024850027478, 0.023704458131, 0.00061677691141, 0.93508173335, 0.015747004127],
      [0.16230398369, 0.1306683953, 0.43092033407, 0.17610168344, 0.10000560349],
      [0.029295174536, 0.12739845893, 0.21337989029, 0.14521113019, 0.48471534606]
    ],
    [
      [0.36261035381, 0.086455660314, 0.14353752652, 0.40061555504, 0.0067809043145],
      [0.00033612535451, 0.66344972207, 0.22908666357, 0.065142963891, 0.041984525117],
      [0.0043471553572, 0.049710952038, 0.92704277805, 0.0050535455045, 0.013845569051],
      [0.011569551724, 0.024494723535, 0.00104389981, 0.95424870433, 0.0086431206021],
      [0.063053996437, 0.1143684902, 0.62786313256, 0.14836081323, 0.046353567575],
      [0.014575625041, 0.14274667057, 0.39522336788, 0.15681983471, 0.29063450179]
    ]
  ],
  "expected_outcome": [
    [
      [10.3026404955, 0.55127541126, 1.9180797806, 45.2918350273, 5.4109803264, 13.8435606349, 15.9497334476, 44.4751479708, 57.5438921774, 44.7129190916, 43.1494868183, 26.7841921383, 18.5900445556, 11.4379491295, 1.5705277929, 0.45867172037, 2.1626077341, 11.8993255164, 14.1598482116, 29.0825533532, 11.8756033057, 28.2459089772, 22.7471694837, 30.6096652832, 2.8184433059, 2.084142186, 17.8485718161, 0.71349096558, 26.8638747884, 19.990481705, 8.5683613338, 32.0660332649, 16.2968433809, 0.34941091529, 0, 194.3417832664, 28.8909753836, 59.4357925571, 6.1643760147],
      [0.95225226844, 0.051436332968, 1.0985569102, 3.5546343544, 0.68849732016, 0.76612981148, 1.2876606004, 2.6787788072, 2.5846189554, 3.3468101093, 1.9513295942, 2.49574074, 1.5876070037, 1.493932576, 0.19357398791, 0.064674045526, 0.2716110945, 0.91725201356, 0.96608112525, 2.6547499194, 1.5373018888, 2.0602318927, 1.9599903673, 3.8836449713, 0.0090871866873, 0.40698202051, 1.0083855822, 0.69121127019, 1.4827975187, 1.2621573119, 1.0046053301, 3.3745407839, 3.1888494115, 0.044701630424, 0, 12.9386093784, 4.0572660775, 6.4609427169, 1.4697462253],
      [0.34386781031, 0.20258906959, 0.45666108167, 3.6458245848, 1.064694207, 1.4946537863, 1.9011806679, 4.0433649006, 2.6506025246, 3.7177315748, 1.6807641151, 1.5475818116, 1.3264112997, 1.0773126161, 0.32963303946, 0.16037581413, 0.36704858314, 1.1397131424, 1.0768632503, 4.2464396693, 2.8730751368, 5.983097077, 3.6070630621, 6.7590054028, 0.10373896752, 0.044941000116, 1.5353873223, 0.057618672773, 1.8995404981, 1.9017543526, 2.0247145813, 3.8710334212, 3.6990823939, 0.047755437269, 0, 24.6184627818, 5.8240552716, 6.5244237705, 2.4401379509],
      [4.276495676, 0.18946219102, 3.4960227613, 16.1300623495, 2.4883802327, 5.4420347764, 6.674973281, 17.339772077, 14.6057596596, 16.5507449798, 17.987965398, 23.8791304887, 13.3231029368, 10.742171471, 0.78216184242, 0.30453941345, 2.1602139348, 15.7266170371, 11.6565546001, 11.7297642612, 5.42592392, 11.3281291729, 12.3815257204, 19.1061426711, 0.034766717935, 1.3746601469, 9.4182951098, 0.53375612022, 20.4955876658, 9.5953333311, 3.2803159301, 15.4325954885, 13.4660077866, 0.54913183339, 0, 123.2096339009, 16.6588372191, 30.6230793916, 6.8104644357],
      [0.1247437498, 0.0052369951648, 0.030679466198, 0.37764368396, 0.34744791383, 0.45362099078, 0.18645200317, 0.46293624434, 0.61512668295, 0.67179424457, 0.23045407442, 0.29335482138, 0.17283420421, 0.24863420744, 0.12410333733, 0.011739006526, 0.038518653401, 0.3170922905, 0.14065281268, 0.28649279685, 0.28809574868, 0.38263288017, 0.30425136643, 0.64154167157, 0.03396382201, 0.089274646428, 0.18936016953, 0.0039229712393, 0.25819952901, 0.2502732995, 0.1220028247, 0.25579704144, 0.34921702708, 0.009000183627, 0, 1.8915106724, 0.56886604829, 0.95576156385, 0.11527537335]
    ],
    [
      [0.014213235028, 0.00038102396337, 0.00038568809871, 0.11852944957, 0.0057284111135, 0.050165882324, 0.049817918318, 0.1560642455, 0.14924584327, 0.12168443523, 0.047548703749, 0.094117374704, 0.059773127683, 0.0088744886856, 0.00028603227925, 0.0017088465159, 0.021263311419, 0.025820326304, 0.033148627018, 0.052422329676, 0.027463987519, 0.074213738224, 0.054922672117, 0.063178142076, 0.0024921604219, 0.00134190448, 0.033057032864, 0.00032931844289, 0.080312329669, 0.042298684211, 0.025712950222, 0.029875501836, 0.012812983459, 0, 0, 0.41308544669, 0.060042846318, 0.23018045124, 0.022520398752],
      [11.8508406259, 1.1291507597, 2.6538504892, 74.9716417005, 6.7147771065, 23.0161256348, 33.1857252566, 75.6687941715, 54.1426130312, 73.0840327421, 17.651527885, 70.4539529934, 41.5689528465, 9.7886239504, 0.56974063078, 2.9696354093, 23.0953368781, 16.2591281695, 18.6827538058, 38.8814758315, 29.045073348, 43.6179325317, 38.215572288, 64.0898789386, 0.15200309165, 3.2766800834, 15.6175483056, 4.8725012168, 35.6532956978, 21.9835719994, 25.2169100819, 25.7577280312, 20.4210967945, 0, 0, 217.3675068826, 67.8095210062, 198.9771953676, 44.4511313784],
      [0.85336715301, 0.76590649172, 0.1780758754, 16.0666062454, 2.1005458304, 9.3485221708, 10.1966527911, 23.9026259162, 11.5951339733, 16.9870342009, 3.1496383378, 9.1294510543, 7.2229653407, 1.4407856048, 0.15421611413, 1.3966629482, 6.4523446003, 4.2033622136, 4.3100330743, 12.9649768286, 11.3072095189, 26.5104926651, 14.690587412, 23.3614025999, 0.34689092937, 0.059427696523, 4.9104023074, 0.061630440274, 9.5519423836, 6.8793125398, 10.5388090695, 6.1248885995, 4.9159234201, 0, 0, 86.9301381365, 20.3590494177, 42.1622731767, 15.3488064593],
      [1.0697746249, 0.042340317469, 0.12304891306, 7.3583876126, 0.48358178357, 3.492824884, 3.6746983743, 10.607012923, 6.614959109, 7.839581609, 3.470094605, 14.5838253638, 7.4842781414, 1.4656537882, 0.029318454053, 0.23786242674, 3.8109066673, 5.9536169184, 4.7836448265, 3.694554585, 2.1988781984, 5.1900644978, 5.2101192493, 6.8436352526, 0.010318830588, 0.17285290715, 3.0771093685, 0.050390069527, 10.6601732349, 3.5654411518, 1.7459600299, 2.5132301072, 1.8429967381, 0, 0, 45.2634156177, 6.0233442057, 20.557564867, 4.3645785807],
      [1.2118043611, 0.062221407152, 0.044639034269, 6.484834992, 2.6953668684, 11.0923614282, 3.8931056597, 10.6655027437, 10.4980480433, 11.9676670128, 1.6811904685, 6.7386532139, 3.6640305437, 1.2960621679, 0.24643876876, 0.39413036932, 2.6201485429, 4.5580723721, 2.1904196665, 3.4065704252, 4.4213749472, 6.6072965671, 4.8287983786, 8.6419050669, 0.48829498796, 0.4896974084, 2.3618829856, 0.015148954975, 5.0542763541, 3.5293756248, 2.4726078685, 1.5742777602, 1.8071700638, 0, 0, 26.0258539165, 7.748042524, 24.0727861375, 2.8129631829]
    ],
    [
      [1.5652981266, 0.0038717299817, 0.047893450659, 6.1545808831, 0.31306056408, 2.2097468245, 2.7998339144, 4.9223392452, 7.7532433453, 6.6449968782, 4.6588817146, 3.1412291931, 1.5800474788, 0.67674646317, 0.03896960993, 0.079830214746, 0.30495465553, 1.0728245619, 1.2619763453, 3.0560466955, 2.0898520208, 3.294292046, 3.6640818671, 4.2766494919, 0.16637795933, 0.3988926652, 1.7177704037, 0.11912324586, 3.8068475361, 2.3100507562, 1.3039664667, 1.7625915771, 1.3334832852, 0.073959786697, 1.6371893821e-40, 22.9326268665, 3.0167394113, 10.7489261135, 0.2434407],
      [7.2930390482, 0.048525825403, 1.4997931169, 22.727986868, 2.0569881813, 5.8889584251, 10.8315424336, 13.9524114737, 16.4135303563, 23.3365151314, 10.0094757964, 13.735302509, 6.3825207767, 4.2524359366, 0.33270335753, 0.72016431939, 1.9050953434, 3.9205961368, 4.1056465178, 13.1924228637, 12.8490494455, 11.3144052794, 14.8734291076, 25.388300136, 0.051304153296, 4.6190397607, 4.6747017918, 7.6299944176, 9.8703446254, 6.9574105648, 7.3902478145, 8.7923614525, 12.3122045252, 0.5487954876, 4.6759315907e-29, 70.9110718628, 19.9053131674, 54.5040667233, 2.7838133141],
      [30.0402953564, 3.9277828762, 8.2135132853, 257.2322958595, 36.7576475936, 127.5648395783, 177.5517531502, 232.5375352702, 185.8687491854, 285.7795706521, 96.0861339419, 94.4589934642, 59.380051535, 34.8799439118, 7.8015904577, 21.6720191976, 29.5050855648, 54.6989181966, 51.4173176023, 233.3930618481, 265.4865660492, 362.5302753724, 302.1605182794, 486.6280429972, 8.0573901542, 6.0287893796, 79.5259789342, 7.9950224094, 140.1730713652, 116.6558907972, 165.5820367757, 112.1837787239, 158.4037700565, 7.8543092645, 7.1077730005e-24, 1482.1522279583, 315.3295020584, 605.2899544796, 51.9143955708],
      [0.70154342705, 0.0025770511745, 0.089768942493, 2.2968742658, 0.15762330011, 0.92257691511, 1.2392556336, 2.0110876106, 2.0654564957, 2.5743812369, 2.039995172, 2.9251722672, 1.1873005098, 0.66850562303, 0.023550830465, 0.065123482191, 0.32663189701, 1.4828831716, 1.0906151441, 1.2940923959, 1.0051635801, 1.3850141705, 2.0885878498, 2.7864906656, 0.0040418039048, 0.29805764385, 0.95750082112, 0.10576269757, 3.036223599, 1.1678386153, 0.53111869769, 0.89034265068, 1.1520328047, 0.12517496568, 2, 15.1283410809, 1.8197156681, 5.776844869, 0.28299854825],
      [3.3998240417, 0.017242517227, 0.14903120471, 8.5882621237, 3.7146803609, 12.4138782571, 5.5776148682, 8.5766264002, 13.8990206172, 16.6645361015, 4.2055133752, 5.7393025666, 2.4700796998, 2.5223680654, 0.80318574437, 0.46286278612, 0.95823253933, 4.8247779331, 2.1244443905, 5.0643761966, 8.5693689043, 7.4760131317, 8.2133828961, 14.9205167094, 0.7208859293, 3.6552205507, 3.1240480492, 0.1500972296, 6.1135128744, 4.9088092664, 3.1926302454, 2.3709255959, 4.7985093283, 0.39776049548, 3.2901040858e-32, 36.8757322315, 9.9287296947, 28.6802078146, 0.77535186684]
    ],
    [
      [4.444902966, 0.23902327906, 0.19176005791, 21.8272057263, 2.2532096202, 6.6769121527, 10.1968207347, 21.5550527894, 29.4901134831, 27.4603298509, 14.2428662026, 19.3153982171, 11.6607062124, 4.0925509457, 0.17627854198, 0.27133429963, 2.8988218494, 5.350851672, 6.7228511743, 11.8958697681, 6.7854613979, 12.9978130564, 9.3336052919, 12.5894304741, 5.0764506716, 0.49515951261, 4.4370803076, 0.39327506355, 18.5271284995, 9.0287141287, 6.139395179, 9.6713905755, 5.5326189279, 0.22416487926, 0, 72.5006328845, 12.6881822008, 33.2493367655, 3.2741831379],
      [3.7686062562, 0.3498004738, 0.9804313566, 15.1135921698, 2.6571882068, 3.3144411706, 7.3427655366, 11.4560692605, 11.7049139735, 18.1074734472, 5.7097104735, 15.8362654704, 8.8098690476, 4.7601097398, 0.23000038718, 0.41492934468, 3.3054033813, 3.6477960775, 4.0751996866, 9.6048417481, 7.7973015454, 8.3701177829, 7.1004310196, 14.0393908562, 0.25893383849, 0.96777331287, 2.2419445815, 3.9057094137, 9.009790184, 5.0701119963, 6.4613844762, 9.0040281063, 9.5477190914, 0.28491067601, 0, 42.2326704792, 15.6946722143, 31.7165649792, 6.9320067603],
      [0.034967932233, 0.031341856008, 0.010469861067, 0.39913652894, 0.10483651678, 0.1661802441, 0.27872575418, 0.44516744297, 0.30905204045, 0.51800622556, 0.12657330957, 0.25295234304, 0.18942113425, 0.088232598369, 0.0097949201459, 0.025777371626, 0.11444815642, 0.11659767652, 0.11677247418, 0.3953467627, 0.374906027, 0.62564658483, 0.33639872334, 0.62937354173, 0.068416316314, 0.002765844437, 0.087734690737, 0.0083405797474, 0.2971770994, 0.19640501745, 0.33439993898, 0.26572115627, 0.28509772646, 0.0077093191148, 0, 2.0710289871, 0.58008313344, 0.82524750747, 0.29542364622],
      [143.5248521732, 14.2181768368, 28.6910480684, 572.4469630229, 82.9210800272, 198.0215107188, 319.4026025078, 618.6509052283, 551.9818282157, 746.5879039702, 439.8901681643, 1261.2336135249, 617.0303551181, 287.4915086732, 9.8941778301, 18.945619906, 221.5719333985, 522.216880096, 411.4178342391, 355.44580796, 231.4730675012, 385.0229615865, 375.2774997915, 576.3237759566, 10.2320795481, 29.5623026953, 176.3402536889, 28.5903567785, 1037.1198006633, 323.1855196328, 178.5355217927, 344.9899990737, 337.93212512, 32.2212768383, 0, 3342.4744699866, 538.1500301781, 1251.1393592258, 270.0523833252],
      [2.2266706724, 0.16165755432, 0.126290656, 7.213102552, 6.0636856291, 8.8209557138, 4.7790854667, 8.8928052788, 12.5140922872, 16.3262865061, 3.0306818499, 8.3617704446, 4.3096484877, 3.5675980429, 0.68974832057, 0.34233907804, 2.1093932144, 5.667874478, 2.6673424258, 4.6581337611, 6.5692635285, 6.9834609894, 4.9520651737, 10.4180291714, 4.3641196255, 0.9719986348, 1.8929867314, 0.10231816451, 7.0461035538, 4.5192492247, 3.529298613, 3.0688610883, 4.7024391343, 0.26193828734, 0, 27.7211976626, 9.8870322734, 21.069491522, 2.4460031304]
    ],
    [
      [3.2854775852, 0, 0.16897301062, 20.3484628633, 0.6292704591, 5.7725214435, 4.9050377113, 16.9732597203, 26.4193455311, 23.6969160685, 12.1220481298, 12.2316899123, 10.8369229617, 2.7811881583, 0.17292282078, 0.16954194018, 0.97388704619, 4.3819358105, 7.4278986521, 10.7697794025, 6.2892148945, 11.8613504746, 13.0852636536, 15.1678659175, 0.76848914499, 1.0260622585, 7.2463728557, 0.1312617431, 13.3069281173, 9.0047836826, 3.5820789342, 8.2136721209, 6.1244225055, 0.44965385735, 0, 70.8975028951, 8.7231681103, 31.0000608856, 1.3871879216],
      [2.3619773413, 0, 0.84178423303, 11.8987576748, 0.64874982241, 2.4229426123, 2.9921209236, 7.6171301199, 8.8451826716, 13.1904186747, 4.1022293433, 8.4645112587, 6.9143711605, 2.7511450881, 0.2368445479, 0.24278510431, 0.95104901637, 2.5264434924, 3.8054345154, 7.3612867248, 6.130277201, 6.4600899074, 8.4166702044, 14.2990572493, 0.032498552699, 1.7376565653, 3.09890874, 1.2567951802, 5.4596341578, 4.2774435457, 3.2091995586, 6.4818290941, 8.9735269369, 0.51322950766, 0, 34.8429819588, 9.1326608162, 24.9576635026, 2.5161067845],
      [2.7884108923, 0, 1.2069564318, 39.8972859391, 3.358324857, 15.4996301632, 14.4874074377, 37.6105013945, 29.6475392197, 47.8868986729, 11.5676313643, 17.1665642513, 18.9261358493, 6.5378183436, 1.4667522592, 2.0741726828, 4.27490458, 10.3153304698, 13.9382114089, 38.5598955731, 37.5248670345, 61.4066035418, 50.678470642, 81.3483178825, 1.4352907217, 0.59906498603, 15.4928414166, 0.34090805712, 22.8958865852, 21.1419704662, 21.2525499053, 24.3929266112, 34.1189111996, 1.8897143074, 0, 216.4517601322, 42.8933116227, 82.3057838075, 13.8129889163],
      [2.9537596466, 0, 0.66321474549, 15.3153827792, 0.63809393994, 4.851668098, 4.3726906279, 13.9859047313, 14.1849444287, 18.5204477173, 10.7007818594, 22.9893034048, 16.4282624206, 5.5517925714, 0.21458465218, 0.28470133056, 2.1020417751, 12.2415194741, 12.9588384544, 9.1986985437, 6.1036866026, 10.0616265984, 15.0573386854, 19.9607161255, 0.03191413436, 1.552515057, 8.1445674224, 0.23629644232, 21.4178065504, 9.1792449347, 2.9383900176, 8.3709374116, 10.6962699636, 1.601905049, 0, 94.4601512278, 10.6238894595, 33.6354215376, 3.263937891],
      [1.6103745346, 0, 0.11907157905, 6.5401107436, 1.7255609216, 7.453237683, 2.2427432994, 6.8132040339, 10.9029881489, 13.7053188666, 2.5073093033, 5.1479311729, 3.8943076079, 2.3780558386, 0.90889571996, 0.22879894211, 0.69811758238, 4.5347707532, 2.8696169692, 4.110339756, 5.9519542674, 6.2103294777, 6.7622568146, 12.2240428251, 0.73180744625, 2.0847011331, 3.0173095654, 0.034738577233, 4.9197445894, 4.3965573708, 2.0177815842, 2.5406347621, 5.0868693944, 0.54549727858, 0, 26.3476037861, 6.6269699912, 19.1010702668, 1.0197784866]
    ],
    [
      [0.23290984345, 0.014044753726, 0.02332219493, 1.7989062416, 0.07455819435, 0.65812378394, 0.96575052816, 1.8645413517, 2.4543871351, 2.4698617246, 1.3186337245, 1.0150396544, 0.92416053661, 0.32761544295, 0.002909229236, 0.055750930996, 0.2699536022, 0.40558302495, 0.21766138809, 0.79924116216, 0.47342108719, 0.99550366547, 0.98994386643, 1.3608975339, 0.03185013808, 0.0097404539822, 0.61827825407, 0.012559133026, 2.2137675839, 0.53398053591, 0.31466682727, 0.90589800249, 0.56690689714, 0.03920130923, 0, 7.6637131592, 1.2121880287, 3.661896817, 0.20405875058],
      [0.92442039357, 0.15374431245, 0.62921383342, 5.6950706492, 0.4191407608, 1.5021073942, 3.1985671004, 4.5296911731, 4.4531780924, 7.4371507578, 2.4241140127, 3.8009449013, 3.1973290859, 1.7602782532, 0.021072849759, 0.43182770682, 1.4353219538, 1.2667664322, 0.60566674113, 2.9579911395, 2.4969321566, 2.931917683, 3.4449886292, 6.9294070548, 0.0081901735174, 0.09527162842, 1.439436541, 0.68814970056, 4.9157760863, 1.3768736033, 1.5293551853, 3.8743744353, 4.4900309341, 0.24549441095, 0, 20.32479039, 6.8590626852, 15.9248073658, 1.998453388],
      [0.552206137, 1.2794190565, 0.43862407526, 9.6907842361, 1.0869184013, 4.8678719621, 7.8474243672, 11.348061773, 7.5756962179, 13.7055713088, 3.4677153193, 3.9114057495, 4.4354353599, 2.1126031917, 0.064408698811, 1.8108100931, 3.2435906429, 2.6180079412, 1.1225998517, 7.8562743799, 7.7491375924, 14.1377419541, 10.5236948497, 20.0118670077, 0.1739596141, 0.016773243823, 3.6426669664, 0.092722663987, 10.460016744, 3.4476735774, 5.1242505967, 7.3848084224, 8.651101821, 0.44702495475, 0, 64.1479611309, 16.3437775959, 26.6724862858, 5.5331271504],
      [0.97289586671, 0.087142380002, 0.42003742515, 6.1970938743, 0.34928962601, 2.5411387298, 3.9516177753, 7.0316722469, 6.0357502294, 8.8300081576, 5.3409129152, 8.728842107, 6.4209539717, 3.0048391551, 0.016516845158, 0.43209779977, 2.6833111147, 5.193080855, 1.7434345417, 3.1258566513, 2.1032836078, 3.8630505802, 5.2123555778, 8.1827488012, 0.006952435273, 0.070288781471, 3.1946050242, 0.10753172865, 16.306225584, 2.4976643159, 1.1849753422, 4.2298005581, 4.5281362691, 0.65556215301, 0, 46.6102317794, 6.7493330181, 18.1513912737, 2.195477686],
      [3.3175677593, 0.46564949732, 0.48880247124, 15.6181449988, 6.0700930175, 23.43075813, 12.0366402289, 20.2260334553, 27.4809883253, 38.5574080512, 7.4486240283, 11.5437675879, 9.0221210459, 7.794663957, 0.89509237704, 2.2695134693, 5.3678226864, 11.5165617467, 2.3106374774, 8.2606366671, 12.177225556, 14.0717861173, 13.8290170769, 29.5150796025, 1.779047639, 0.8079258923, 7.1050132144, 0.099036773777, 22.1042140018, 7.1438079676, 4.8467520484, 7.6051185817, 12.7638240787, 1.6127171721, 0, 76.2533035405, 24.8356386721, 60.5894182576, 4.068883025]
    ]
  ],
