{
  "Z_true": {},
  "V_true": [
    [778, 16, 48, 21, 593, 34],
    [53, 1341, 191, 563, 915, 102],
    [113, 528, 542, 3366, 602, 237],
    [298, 285, 311, 80, 18379, 325],
    [225, 201, 3399, 576, 808, 197],
    [45, 87, 120, 101, 674, 331]
  ],
  "p_true": [
    [0.5221, 0.0107, 0.0322, 0.0141, 0.398, 0.0228],
    [0.0167, 0.4237, 0.0603, 0.1779, 0.2891, 0.0322],
    [0.021, 0.098, 0.1006, 0.6247, 0.1117, 0.044],
    [0.0151, 0.0145, 0.0158, 0.0041, 0.934, 0.0165],
    [0.0416, 0.0372, 0.6287, 0.1065, 0.1495, 0.0364],
    [0.0331, 0.0641, 0.0884, 0.0744, 0.4963, 0.2437]
  ],
  "Z_est": [
    [
      [55.3558, 67.2414, 3.6522, 5.4783, 5.3291, 7.7958, 30.3395, 20.0711, 18.8727, 15.9988, 9.0715, 0.9059, 1.6406, 0.8203, 46.3731, 59.0616, 61.9182, 87.3243, 58.6544, 23.5857, 29.5192, 27.213, 82.4605, 39.234, 55.3964, 11.8609, 38.1469, 28.6989, 57.421, 6.3499, 14.514, 0.9072, 1.8237, 1.8245, 162.0239, 12.2987, 66.8342, 4.5621],
      [0.0726, 0.0871, 0.0045, 0.0067, 0.0067, 0.0112, 0.0391, 0.0246, 0.0268, 0.0223, 0.7994, 0.0011, 0.0022, 0.0011, 0.0681, 0.0804, 0.0815, 0.1117, 0.0804, 0.0391, 0.038, 0.0436, 0.1162, 0.048, 0.0804, 0.0145, 0.0525, 0.0369, 0.0782, 0.0101, 1.1027, 0.3283, 0.0022, 0.0022, 0.2234, 0.0156, 0.0871, 0.0056],
      [0.3803, 0.2189, 0, 0, 0.0903, 0.1231, 0.2517, 0, 0.1942, 0.2599, 0.0793, 0.0082, 0.0055, 0.0055, 0.3912, 0.8481, 0.4596, 1.2119, 0.6976, 3.8029, 0.2599, 0.3228, 0.7797, 0, 0.5827, 0, 0.5991, 0.3146, 0.5335, 0.0684, 0.1368, 0.0191, 0, 0, 1.8493, 0.1912, 0.4979, 0],
      [0.587, 0.2997, 0, 0, 0.0446, 0.1929, 0.3694, 0, 0.3612, 0.3161, 0.0821, 0, 0.0287, 0.0164, 0.4187, 1.0468, 0.9236, 1.6092, 0.9318, 0.2052, 0.4721, 1.7497, 1.2028, 0, 4.5483, 0, 0.977, 0.6116, 0.862, 0.0616, 0.2709, 0.0328, 0, 0, 2.3111, 0.2791, 1.6338, 0],
      [8.5112, 10.0508, 0.3391, 0.5086, 0.5086, 1.8568, 3.9438, 1.8649, 4.4954, 3.3648, 3.9432, 0.0848, 0.316, 0.154, 13.6528, 10.8321, 9.505, 9.5509, 11.5167, 5.8486, 3.6458, 9.6062, 19.2758, 3.645, 11.2812, 1.102, 7.1281, 3.2821, 10.9964, 2.49, 5.9386, 0.7087, 0.1695, 0.1695, 33.2266, 1.1868, 8.8048, 0.4238],
      [0.0931, 0.1022, 0.0043, 0.0064, 0.0208, 0.0202, 0.0564, 0.0394, 0.0496, 0.0381, 0.0245, 0, 0.0069, 0.0027, 0.0961, 0.131, 0.1121, 0.1921, 0.119, 1.5184, 0.065, 0.0647, 0.1651, 0.073, 0.111, 0.0226, 0.0965, 0.0559, 0.1089, 0.02, 0.037, 0.0037, 0.0045, 0.0037, 0.3657, 0.0285, 0.1422, 0.0085]
    ],
    [
      [0.6136, 0.7106, 0.3633, 0.7696, 0.0791, 0.1029, 0.3747, 0.2803, 0.1706, 0.2075, 0.0776, 0.0263, 0.0215, 0.0093, 0.4544, 0.6832, 0.6771, 0.9651, 0.6875, 0.2016, 0.3301, 0.2327, 0.8974, 4.7202, 0.545, 0.1544, 0.4169, 0.3584, 0.6527, 0.0543, 0.1241, 0.0078, 0.0008, 0.2587, 1.8102, 0.167, 0.8826, 0.4368],
      [60.0896, 33.0333, 4.8139, 27.0573, 24.1101, 33.9164, 55.2767, 56.3544, 94.9009, 45.649, 21.725, 3.1225, 3.3405, 1.5618, 44.2371, 98.0203, 58.1812, 89.8833, 116.3614, 29.7547, 30.6672, 57.1851, 117.4827, 69.486, 44.1963, 19.5042, 56.022, 56.2309, 86.4006, 7.3093, 23.7369, 3.9045, 0.7905, 8.962, 222.5187, 31.0831, 182.2408, 22.3367],
      [0.8033, 0.4623, 0.0809, 0.6998, 0.1907, 0.2601, 0.8154, 0.6184, 0.4103, 6.7571, 0.1676, 0.0173, 0.0116, 0.0116, 0.8264, 1.7916, 0.9709, 0, 1.4737, 1.9101, 0.549, 0.682, 1.6471, 1.405, 1.231, 0.237, 1.2657, 0.6646, 1.127, 0.2216, 0.289, 0.0405, 0, 0.0993, 3.9068, 0.6555, 1.0518, 0.1022],
      [7.7287, 4.5946, 0.713, 3.8805, 2.5737, 3.3897, 12.6038, 6.7831, 7.837, 6.0665, 2.1086, 0.2593, 2.061, 0.1296, 5.5744, 13.6768, 8.796, 10.1726, 14.3938, 3.8778, 4.3618, 7.9366, 15.8615, 11.8389, 6.3026, 2.5393, 7.9074, 7.8621, 11.8657, 1.3443, 3.0884, 0.3241, 0.0648, 1.3725, 32.1084, 7.2152, 25.3934, 1.534],
      [24.7432, 19.1858, 2.0271, 13.5735, 6.0387, 6.3208, 26.9074, 19.9445, 34.6495, 21.3016, 4.9146, 0.5746, 1.92, 0.2873, 16.8918, 51.7898, 27.3526, 16.9513, 49.0418, 15.2056, 11.081, 27.942, 57.0668, 51.5181, 22.7077, 7.5582, 14.3693, 29.8621, 45.9205, 5.6876, 8.7533, 0.722, 0.1437, 5.3039, 135.5645, 17.8662, 87.3632, 13.5902],
      [0.0216, 0.0134, 0.0019, 0.0194, 0.0076, 0.0101, 0.022, 0.0193, 0.0316, 0.0184, 0.0067, 0, 0.6454, 0.0005, 0.0158, 0.0383, 0.0222, 0.0277, 0.0418, 0.0502, 0.011, 0.0216, 0.0444, 0.0319, 0.0174, 0.0069, 0.0186, 0.0218, 0.0336, 0.3829, 0.0083, 0.0012, 0.0002, 0.0037, 0.0916, 0.0131, 0.0682, 0]
    ],
    [
      [4.0606, 2.5801, 0.4419, 1.3662, 0.943, 0.2532, 2.2241, 3.7643, 1.0267, 1.3446, 0.0892, 1.3806, 0.1443, 0.0913, 1.2108, 6.7714, 8.5429, 10.9371, 5.9036, 0.2319, 4.8525, 0.2676, 6.2544, 5.8812, 2.2608, 2.2768, 3.2334, 4.5641, 5.4941, 0.0624, 0.1427, 0.0089, 0.1743, 0.41, 14.8307, 1.4497, 10.2418, 0.5684],
      [12.9634, 4.8778, 0.985, 5.0033, 5.276, 11.2616, 8.4362, 17.3602, 8.62, 6.9416, 7.4642, 2.4571, 0.542, 0.4589, 11.9733, 18.8169, 12.3169, 31.8595, 21.7732, 5.1439, 8.9465, 12.5642, 25.0792, 4.5138, 8.3362, 4.4367, 19.0528, 10.6422, 16.7985, 0.4751, 6.0616, 2.471, 0.474, 0.913, 29.6052, 3.0023, 38.3348, 3.517],
      [3.3572, 1.7918, 0.1726, 8.6809, 0.1018, 1.1988, 1.599, 0.7746, 0.2189, 2.4534, 0.6464, 0.0093, 0.0062, 0.096, 3.1441, 11.9686, 0.5181, 12.3886, 5.278, 2.6718, 0.2929, 1.5701, 8.024, 7.5989, 2.3357, 0.4188, 5.7599, 4.9632, 4.7516, 0.2875, 1.3092, 3.6899, 0.1381, 0.181, 13.103, 3.3366, 9.5931, 0.037],
      [126.8091, 65.7659, 14.4398, 40.5338, 33.5527, 40.969, 69.4367, 103.9881, 75.7051, 64.7018, 17.4301, 7.3591, 4.0338, 3.706, 94.0732, 235.4424, 197.8408, 358.5102, 198.0651, 43.5173, 103.7962, 136.666, 255.0288, 161.2262, 105.1777, 45.2724, 215.3819, 134.3494, 183.1295, 11.3778, 59.8322, 7.2943, 5.3801, 14.041, 494.5472, 49.0801, 357.4963, 18.6456],
      [6.1998, 4.6582, 0.1792, 1.4144, 3.7077, 2.253, 0.8858, 5.0391, 0.9356, 0.8161, 2.5751, 1.7939, 0.0597, 0.1871, 15.4336, 29.6435, 2.4329, 26.4143, 3.167, 2.6727, 7.221, 9.9828, 6.3177, 13.128, 1.2939, 1.3483, 18.8355, 18.7418, 7.1329, 0.7917, 8.716, 3.1713, 0.1577, 0.8037, 17.7866, 0.6171, 24.6688, 0.6173],
      [9.6099, 6.3261, 1.7816, 4.0014, 8.4187, 3.0644, 6.4182, 3.0738, 7.4936, 5.7424, 2.795, 0, 1.2139, 0.4607, 10.165, 20.3572, 12.3485, 30.8902, 15.813, 9.7624, 10.8907, 6.9494, 20.2959, 6.6519, 10.5957, 3.2469, 20.7364, 6.7393, 13.6934, 3.0055, 5.9382, 0.3645, 0.6758, 0.6513, 51.1273, 4.5142, 25.6652, 0.6148]
    ],
    [
      [2.6641, 3.7278, 1.9833, 0.6332, 0.0206, 0.0265, 2.9134, 1.4712, 0.0648, 0.056, 0.0295, 0.0201, 0.0334, 0.0029, 0.1532, 0.2121, 0.5552, 4.1312, 0.2092, 0.0766, 0.1931, 0.0884, 0.2858, 2.0258, 0.1856, 1.3263, 0.1355, 0.3211, 0.6395, 0.0206, 0.0471, 0.0029, 0.7704, 0.2545, 0.5746, 0.6925, 0.2504, 0.4514],
      [1.6265, 0.2399, 0.0369, 0.203, 4.344, 5.2034, 0.6911, 0.9777, 7.0147, 0.3322, 1.1976, 0.1198, 0.0246, 0.653, 1.1487, 0.7381, 0.449, 8.2797, 6.1168, 0.2214, 0.2522, 0.4429, 1.6203, 0.4675, 0.3322, 1.4117, 1.6915, 0.4244, 0.652, 0.0492, 0.326, 0.141, 0.6842, 0.0615, 1.5931, 0.2153, 5.4128, 0.3165],
      [0.3951, 0.2274, 0.1072, 2.2405, 0.0938, 0.1279, 1.4182, 0.3041, 0.2018, 7.7443, 0.0824, 0.0085, 0.0057, 0.98, 1.3057, 1.7985, 0.4775, 12.6248, 1.6791, 2.9257, 0.27, 0.3354, 3.648, 1.5148, 0.6054, 0.2287, 1.979, 1.8909, 0.5543, 0.0711, 0.1421, 0.0611, 0.6605, 0.0284, 5.5811, 0.5553, 0.5173, 0.0341],
      [2.1746, 0.6971, 0.9668, 0.4393, 0.3629, 0.4488, 3.919, 1.1636, 0.8403, 1.3679, 0.191, 0.0764, 0.0964, 0.0999, 0.974, 2.435, 5.4634, 4.8487, 3.5022, 0.4775, 2.1733, 3.0229, 9.5982, 2.3659, 1.8704, 2.3792, 4.7637, 1.4228, 2.7104, 1.4609, 0.6302, 0.0764, 0.2998, 0.2059, 7.6203, 5.7621, 5.8841, 0.2005],
      [1070.1392, 844.1074, 34.2435, 103.4191, 79.1276, 234.1932, 518.2915, 472.0831, 617.8743, 409.4993, 285.3256, 22.7752, 32.709, 22.4878, 737.9687, 750.97, 659.0542, 731.509, 1086.4919, 329.0968, 159.2946, 373.1099, 1209.8465, 856.6254, 678.0057, 187.6539, 475.7337, 429.9404, 964.4431, 149.7759, 120.7803, 33.7185, 16.0869, 72.4497, 3061.7718, 279.7745, 1183.8223, 140.9975],
      [0.0005, 0.0004, 1.6623, 0.0649, 0.0511, 0.0002, 0.7669, 0.0003, 1.0041, 0.0003, 0.1739, 0, 1.131, 0.7763, 0.4497, 0.8461, 0.0007, 3.6066, 0.0009, 0.202, 3.8167, 0.0005, 0.0011, 0.0006, 0.0007, 0.0002, 0.6965, 0.0004, 0.0007, 0.6223, 0.0741, 0, 0.4983, 0, 6.8591, 0.0003, 0.1131, 0.0001]
    ],
    [
      [2.1802, 5.4461, 0.0466, 0.0932, 0.1151, 0.1617, 0.2933, 0.3618, 0.2522, 0, 0, 0.2927, 0.0137, 0.0027, 0, 0, 0.5976, 1.3678, 0.3453, 0, 0.3235, 0, 0, 0.9646, 0, 0.1371, 0.699, 0.3481, 0.6661, 0, 0, 0, 0.011, 0.0329, 1.4778, 0.2193, 0.5647, 0.4683],
      [2.74, 0.0175, 0.0452, 0.0998, 0.5951, 2.5768, 0.2972, 0.8134, 0.2807, 0.0242, 0.203, 0.185, 0.0143, 0.0025, 0.4466, 0.0537, 0.578, 1.3081, 5.7478, 0.1537, 0.3135, 0.3899, 0.8767, 0.034, 0.0242, 0.1367, 0.6732, 0.3486, 0.0475, 0.0036, 0.1619, 0.021, 0.0109, 0.0345, 0.116, 0.0157, 0.5153, 0.3089],
      [133.8677, 77.1865, 13.6195, 28.3223, 32.4768, 43.2265, 87.7857, 105.1517, 69.8743, 77.651, 27.9833, 2.9524, 1.9683, 0.9042, 137.1304, 293.1551, 165.3365, 416.1486, 245.5112, 43.6117, 93.4938, 114.923, 270.4984, 154.2481, 207.9442, 40.0576, 209.0868, 107.0041, 187.7581, 24.3162, 48.0523, 3.1795, 2.9601, 9.6913, 650.6044, 68.1583, 170.0826, 11.8097],
      [4.9263, 1.2475, 0.4487, 0.8974, 1.2604, 1.745, 3.1837, 3.9514, 2.7798, 2.6831, 0.0799, 0.2618, 0.7671, 0.0264, 0.4073, 1.0183, 10.7579, 14.7367, 8.8779, 1.6514, 3.5739, 4.7855, 9.7222, 5.5835, 7.4187, 1.5274, 7.6812, 3.9472, 10.2952, 0.6742, 1.8209, 0.1056, 0.1056, 0.3806, 23.3645, 2.5495, 5.4374, 0.5062],
      [13.9579, 8.2515, 0.3897, 0.7794, 1.8847, 6.2315, 5.7774, 12.3497, 6.7762, 2.0632, 6.6513, 0.308, 0.3053, 0.0229, 14.4374, 30.2964, 22.3322, 21.4525, 21.9079, 1.2609, 7.3658, 10.6598, 15.3483, 8.1425, 26.6113, 3.6729, 13.6561, 4.4264, 30.7509, 2.7712, 2.8137, 0.0917, 0.0917, 0.9282, 46.9498, 2.4887, 4.7225, 1.5869],
      [7.328, 7.851, 2.4503, 3.8078, 5.6679, 5.0584, 9.6627, 9.3719, 12.0368, 7.5785, 6.0826, 0, 1.9313, 0.0413, 15.5782, 29.4764, 18.3978, 43.9862, 19.6099, 8.3223, 12.9295, 12.2417, 27.5545, 15.0272, 20.0016, 4.4683, 23.2037, 10.9255, 13.4822, 6.2349, 6.1512, 0.6022, 0.8208, 0.9325, 77.4875, 6.5685, 24.6775, 1.3199]
    ],
    [
      [5.1258, 6.294, 0.5127, 0.6594, 0.513, 0.6599, 2.855, 2.0513, 1.613, 1.3931, 0.7323, 0.3744, 0.1465, 0.0735, 3.8084, 5.2716, 5.709, 8.2744, 5.2001, 1.9041, 2.7816, 2.1983, 7.1019, 4.1742, 4.6122, 1.2446, 3.3683, 2.7094, 5.1266, 0.5127, 1.172, 0.0731, 0.2198, 0.2195, 14.2829, 1.1728, 6.2263, 0.513],
      [1.5079, 0.7444, 0.1145, 0.6299, 0.6681, 1.0307, 1.2598, 1.4697, 2.1569, 1.0307, 0.6108, 0.1145, 0.0764, 0.3227, 1.1262, 2.2905, 1.3934, 2.5577, 2.9204, 0.6872, 0.7826, 1.3743, 2.825, 1.4507, 1.0307, 0.4963, 1.5079, 1.317, 2.0233, 0.1527, 0.6108, 0.1342, 0.0382, 0.0267, 4.9437, 0.6681, 4.4092, 0.5154],
      [0.1964, 0.1131, 0.0198, 0.0565, 0.0466, 0.0636, 0.13, 0.1512, 0.1003, 0.1343, 0.041, 0.0042, 0.0028, 0.0028, 0.2021, 0.4381, 0.2374, 0.6261, 0.3604, 0.0777, 0.1343, 0.1668, 0.4028, 0.2332, 0.301, 0.0579, 0.3095, 0.1625, 0.2756, 0.0353, 0.0707, 0.0099, 0.2414, 0, 0.9554, 0.1032, 0.2572, 0.017],
      [0.7743, 0.3953, 0.4318, 0.2491, 0.2058, 0.2545, 0.4873, 1.1138, 0.4765, 1.8647, 0.1083, 0.0433, 0.0129, 0.0217, 0.5523, 1.3807, 1.2183, 2.1226, 1.2291, 0.2707, 0.6227, 0.8393, 1.5865, 0.9855, 0.6822, 0.2816, 1.2887, 0.8068, 1.1371, 0.0812, 0.3574, 0.1667, 0.1497, 0, 3.0485, 3.1139, 2.155, 0.1137],
      [38.4487, 25.7463, 3.8215, 6.3049, 4.7327, 9.1447, 14.1941, 19.7186, 22.269, 19.9549, 4.5903, 0.4635, 0.69, 1.8608, 31.6158, 28.4682, 22.3231, 53.122, 41.8747, 13.9155, 11.3916, 24.6993, 41.1449, 31.941, 25.1002, 6.6646, 18.2773, 18.7472, 41.7562, 3.4836, 9.998, 3.5877, 2.3505, 0.345, 120.7007, 13.0667, 53.6184, 6.7842],
      [12.9469, 9.7069, 2.0998, 3.1001, 3.8338, 3.8467, 7.0737, 7.4954, 9.3843, 7.6223, 2.9173, 0, 1.0714, 0.7186, 12.6953, 17.1509, 12.1187, 28.2972, 17.4154, 7.1448, 8.2872, 9.7221, 19.939, 12.2155, 12.2736, 3.255, 13.2483, 8.257, 15.6813, 2.7344, 4.7911, 1.0283, 1.0004, 0.4088, 55.0689, 5.8754, 23.3338, 2.0567]
    ]
  ],
  "V_est": [
    [1220.5793, 3.8522, 15.183, 22.4464, 223.929, 4.0099],
    [19.5259, 1941.4466, 33.4539, 266.1416, 902.6418, 1.7902],
    [116.2818, 389.7551, 124.4667, 4153.603, 251.801, 352.0923],
    [27.25, 55.7124, 53.4259, 82.9919, 19435.197, 23.4228],
    [17.4823, 20.2147, 4377.7324, 151.1877, 360.5146, 478.8684],
    [110.8807, 47.019, 6.7381, 30.6294, 796.9165, 365.8163]
  ],
  "p_est": [
    [0.8192, 0.0026, 0.0102, 0.0151, 0.1503, 0.0027],
    [0.0062, 0.6134, 0.0106, 0.0841, 0.2852, 0.0006],
    [0.0216, 0.0723, 0.0231, 0.7709, 0.0467, 0.0653],
    [0.0014, 0.0028, 0.0027, 0.0042, 0.9877, 0.0012],
    [0.0032, 0.0037, 0.8098, 0.028, 0.0667, 0.0886],
    [0.0817, 0.0346, 0.005, 0.0226, 0.5868, 0.2694]
  ],
  "EI_Z": {},
  "EI_V": 12.317,
  "MAE_Z": {},
  "MAE_V": 249.6585,
  "MAE_p": 0.0615,
  "runtime": 1.76
}
