{
  "Z_true": {},
  "V_true": [
    [56, 39, 751, 839, 559, 56],
    [47, 62, 44, 76, 1002, 218],
    [94, 89, 187, 78, 13844, 323],
    [107, 135, 395, 3243, 995, 158],
    [49, 914, 53, 365, 789, 122],
    [862, 21, 32, 307, 759, 159],
    [38, 41, 32, 79, 754, 623]
  ],
  "p_true": [
    [0.0243, 0.017, 0.3265, 0.3648, 0.243, 0.0243],
    [0.0324, 0.0428, 0.0304, 0.0524, 0.6915, 0.1504],
    [0.0064, 0.0061, 0.0128, 0.0053, 0.9472, 0.0221],
    [0.0213, 0.0268, 0.0785, 0.6443, 0.1977, 0.0314],
    [0.0214, 0.3988, 0.0231, 0.1592, 0.3442, 0.0532],
    [0.4028, 0.0098, 0.015, 0.1435, 0.3547, 0.0743],
    [0.0243, 0.0262, 0.0204, 0.0504, 0.4812, 0.3976]
  ],
  "Z_est": [
    [
      [1.7273, 15.3955, 3.0791, 0.1502, 9.3124, 7.2847, 9.3875, 3.6799, 1.2016, 1.3518, 2.1779, 1.6522, 6.3084, 2.9289, 5.1068, 6.9092, 5.257, 4.8064, 0.3004, 0.3755, 6.9843, 3.004, 2.6285, 2.8538, 2.7787, 10.5891, 6.1582, 1.0514, 12.6919, 1.2016, 3.2293, 0.4506, 0.751, 0.3004, 6.759, 1.2016, 18.4746, 3.2293],
      [1.6031, 14.2885, 2.8577, 0.1394, 8.6428, 6.7609, 8.7125, 3.4153, 1.1152, 1.2546, 2.0213, 1.5334, 5.8548, 2.7183, 4.7396, 6.4124, 4.879, 4.4608, 0.2788, 0.3485, 6.4821, 2.788, 2.4395, 2.6486, 2.5789, 9.8277, 5.7154, 0.9758, 11.7793, 1.1152, 2.9971, 0.4182, 0.697, 0.2788, 6.273, 1.1152, 17.1462, 2.9971],
      [4.1975, 37.4125, 7.4825, 0.365, 22.63, 17.7025, 22.8125, 8.9425, 2.92, 3.285, 5.2925, 4.015, 15.33, 7.1175, 12.41, 16.79, 12.775, 11.68, 0.73, 0.9125, 16.9725, 7.3, 6.3875, 6.935, 6.7525, 25.7325, 14.965, 2.555, 30.8425, 2.92, 7.8475, 1.095, 1.825, 0.73, 16.425, 2.92, 44.895, 7.8475],
      [8.3283, 74.2305, 14.8461, 0.7242, 44.9004, 35.1237, 45.2625, 17.7429, 5.7936, 6.5178, 10.5009, 7.9662, 30.4164, 14.1219, 24.6228, 33.3132, 25.347, 23.1744, 1.4484, 1.8105, 33.6753, 14.484, 12.6735, 13.7598, 13.3977, 51.0561, 29.6922, 5.0694, 61.1949, 5.7936, 15.5703, 2.1726, 3.621, 1.4484, 32.589, 5.7936, 89.0766, 15.5703],
      [5.4855, 48.8925, 9.7785, 0.477, 29.574, 23.1345, 29.8125, 11.6865, 3.816, 4.293, 6.9165, 5.247, 20.034, 9.3015, 16.218, 21.942, 16.695, 15.264, 0.954, 1.1925, 22.1805, 9.54, 8.3475, 9.063, 8.8245, 33.6285, 19.557, 3.339, 40.3065, 3.816, 10.2555, 1.431, 2.385, 0.954, 21.465, 3.816, 58.671, 10.2555],
      [1.6583, 14.7805, 2.9561, 0.1442, 8.9404, 6.9937, 9.0125, 3.5329, 1.1536, 1.2978, 2.0909, 1.5862, 6.0564, 2.8119, 4.9028, 6.6332, 5.047, 4.6144, 0.2884, 0.3605, 6.7053, 2.884, 2.5235, 2.7398, 2.6677, 10.1661, 5.9122, 1.0094, 12.1849, 1.1536, 3.1003, 0.4326, 0.721, 0.2884, 6.489, 1.1536, 17.7366, 3.1003]
    ],
    [
      [1.837, 11.7735, 3.0895, 0.0835, 3.34, 2.004, 2.2545, 1.5865, 1.336, 1.002, 2.4215, 1.2525, 2.839, 1.5865, 4.5925, 3.006, 2.004, 2.9225, 0.0835, 0.167, 6.4295, 2.505, 3.006, 3.34, 1.0855, 7.2645, 2.338, 1.67, 11.022, 2.338, 1.7535, 0.668, 0.835, 0.334, 5.4275, 1.2525, 17.368, 3.173],
      [1.7204, 11.0262, 2.8934, 0.0782, 3.128, 1.8768, 2.1114, 1.4858, 1.2512, 0.9384, 2.2678, 1.173, 2.6588, 1.4858, 4.301, 2.8152, 1.8768, 2.737, 0.0782, 0.1564, 6.0214, 2.346, 2.8152, 3.128, 1.0166, 6.8034, 2.1896, 1.564, 10.3224, 2.1896, 1.6422, 0.6256, 0.782, 0.3128, 5.083, 1.173, 16.2656, 2.9716],
      [3.5772, 22.9266, 6.0162, 0.1626, 6.504, 3.9024, 4.3902, 3.0894, 2.6016, 1.9512, 4.7154, 2.439, 5.5284, 3.0894, 8.943, 5.8536, 3.9024, 5.691, 0.1626, 0.3252, 12.5202, 4.878, 5.8536, 6.504, 2.1138, 14.1462, 4.5528, 3.252, 21.4632, 4.5528, 3.4146, 1.3008, 1.626, 0.6504, 10.569, 2.439, 33.8208, 6.1788],
      [4.7916, 30.7098, 8.0586, 0.2178, 8.712, 5.2272, 5.8806, 4.1382, 3.4848, 2.6136, 6.3162, 3.267, 7.4052, 4.1382, 11.979, 7.8408, 5.2272, 7.623, 0.2178, 0.4356, 16.7706, 6.534, 7.8408, 8.712, 2.8314, 18.9486, 6.0984, 4.356, 28.7496, 6.0984, 4.5738, 1.7424, 2.178, 0.8712, 14.157, 3.267, 45.3024, 8.2764],
      [6.5648, 42.0744, 11.0408, 0.2984, 11.936, 7.1616, 8.0568, 5.6696, 4.7744, 3.5808, 8.6536, 4.476, 10.1456, 5.6696, 16.412, 10.7424, 7.1616, 10.444, 0.2984, 0.5968, 22.9768, 8.952, 10.7424, 11.936, 3.8792, 25.9608, 8.3552, 5.968, 39.3888, 8.3552, 6.2664, 2.3872, 2.984, 1.1936, 19.396, 4.476, 62.0672, 11.3392],
      [3.509, 22.4895, 5.9015, 0.1595, 6.38, 3.828, 4.3065, 3.0305, 2.552, 1.914, 4.6255, 2.3925, 5.423, 3.0305, 8.7725, 5.742, 3.828, 5.5825, 0.1595, 0.319, 12.2815, 4.785, 5.742, 6.38, 2.0735, 13.8765, 4.466, 3.19, 21.054, 4.466, 3.3495, 1.276, 1.595, 0.638, 10.3675, 2.3925, 33.176, 6.061]
    ],
    [
      [0.882, 4.761, 1.737, 0.216, 2.457, 2.7, 3.087, 2.034, 1.233, 1.071, 3.312, 3.564, 7.731, 3.735, 9.936, 5.13, 4.86, 3.708, 0.324, 0.27, 5.148, 1.521, 2.448, 3.645, 1.791, 6.084, 2.322, 1.665, 7.587, 2.142, 2.034, 2.115, 5.166, 1.44, 4.302, 1.827, 16.443, 1.107],
      [0.931, 5.0255, 1.8335, 0.228, 2.5935, 2.85, 3.2585, 2.147, 1.3015, 1.1305, 3.496, 3.762, 8.1605, 3.9425, 10.488, 5.415, 5.13, 3.914, 0.342, 0.285, 5.434, 1.6055, 2.584, 3.8475, 1.8905, 6.422, 2.451, 1.7575, 8.0085, 2.261, 2.147, 2.2325, 5.453, 1.52, 4.541, 1.9285, 17.3565, 1.1685],
      [0.8232, 4.4436, 1.6212, 0.2016, 2.2932, 2.52, 2.8812, 1.8984, 1.1508, 0.9996, 3.0912, 3.3264, 7.2156, 3.486, 9.2736, 4.788, 4.536, 3.4608, 0.3024, 0.252, 4.8048, 1.4196, 2.2848, 3.402, 1.6716, 5.6784, 2.1672, 1.554, 7.0812, 1.9992, 1.8984, 1.974, 4.8216, 1.344, 4.0152, 1.7052, 15.3468, 1.0332],
      [1.7542, 9.4691, 3.4547, 0.4296, 4.8867, 5.37, 6.1397, 4.0454, 2.4523, 2.1301, 6.5872, 7.0884, 15.3761, 7.4285, 19.7616, 10.203, 9.666, 7.3748, 0.6444, 0.537, 10.2388, 3.0251, 4.8688, 7.2495, 3.5621, 12.1004, 4.6182, 3.3115, 15.0897, 4.2602, 4.0454, 4.2065, 10.2746, 2.864, 8.5562, 3.6337, 32.7033, 2.2017],
      [92.61, 499.905, 182.385, 22.68, 257.985, 283.5, 324.135, 213.57, 129.465, 112.455, 347.76, 374.22, 811.755, 392.175, 1043.28, 538.65, 510.3, 389.34, 34.02, 28.35, 540.54, 159.705, 257.04, 382.725, 188.055, 638.82, 243.81, 174.825, 796.635, 224.91, 213.57, 222.075, 542.43, 151.2, 451.71, 191.835, 1726.515, 116.235],
      [0.9898, 5.3429, 1.9493, 0.2424, 2.7573, 3.03, 3.4643, 2.2826, 1.3837, 1.2019, 3.7168, 3.9996, 8.6759, 4.1915, 11.1504, 5.757, 5.454, 4.1612, 0.3636, 0.303, 5.7772, 1.7069, 2.7472, 4.0905, 2.0099, 6.8276, 2.6058, 1.8685, 8.5143, 2.4038, 2.2826, 2.3735, 5.7974, 1.616, 4.8278, 2.0503, 18.4527, 1.2423]
    ],
    [
      [1.5781, 10.0925, 4.404, 0.1101, 8.6612, 7.0464, 7.9272, 4.2939, 1.468, 1.6148, 3.3764, 2.7525, 7.8905, 5.0646, 9.3952, 8.0373, 5.5784, 5.6518, 0.1468, 0.2569, 5.3215, 2.7892, 2.7892, 3.303, 2.0919, 10.5329, 6.4225, 1.101, 15.2672, 1.0643, 4.4774, 0.734, 0.8441, 2.3488, 7.34, 2.4589, 18.4234, 2.0552],
      [1.6512, 10.56, 4.608, 0.1152, 9.0624, 7.3728, 8.2944, 4.4928, 1.536, 1.6896, 3.5328, 2.88, 8.256, 5.2992, 9.8304, 8.4096, 5.8368, 5.9136, 0.1536, 0.2688, 5.568, 2.9184, 2.9184, 3.456, 2.1888, 11.0208, 6.72, 1.152, 15.9744, 1.1136, 4.6848, 0.768, 0.8832, 2.4576, 7.68, 2.5728, 19.2768, 2.1504],
      [2.3564, 15.07, 6.576, 0.1644, 12.9328, 10.5216, 11.8368, 6.4116, 2.192, 2.4112, 5.0416, 4.11, 11.782, 7.5624, 14.0288, 12.0012, 8.3296, 8.4392, 0.2192, 0.3836, 7.946, 4.1648, 4.1648, 4.932, 3.1236, 15.7276, 9.59, 1.644, 22.7968, 1.5892, 6.6856, 1.096, 1.2604, 3.5072, 10.96, 3.6716, 27.5096, 3.0688],
      [21.0227, 134.4475, 58.668, 1.4667, 115.3804, 93.8688, 105.6024, 57.2013, 19.556, 21.5116, 44.9788, 36.6675, 105.1135, 67.4682, 125.1584, 107.0691, 74.3128, 75.2906, 1.9556, 3.4223, 70.8905, 37.1564, 37.1564, 44.001, 27.8673, 140.3143, 85.5575, 14.667, 203.3824, 14.1781, 59.6458, 9.778, 11.2447, 31.2896, 97.78, 32.7563, 245.4278, 27.3784],
      [14.2588, 91.19, 39.792, 0.9948, 78.2576, 63.6672, 71.6256, 38.7972, 13.264, 14.5904, 30.5072, 24.87, 71.294, 45.7608, 84.8896, 72.6204, 50.4032, 51.0664, 1.3264, 2.3212, 48.082, 25.2016, 25.2016, 29.844, 18.9012, 95.1692, 58.03, 9.948, 137.9456, 9.6164, 40.4552, 6.632, 7.6268, 21.2224, 66.32, 22.2172, 166.4632, 18.5696],
      [2.1328, 13.64, 5.952, 0.1488, 11.7056, 9.5232, 10.7136, 5.8032, 1.984, 2.1824, 4.5632, 3.72, 10.664, 6.8448, 12.6976, 10.8624, 7.5392, 7.6384, 0.1984, 0.3472, 7.192, 3.7696, 3.7696, 4.464, 2.8272, 14.2352, 8.68, 1.488, 20.6336, 1.4384, 6.0512, 0.992, 1.1408, 3.1744, 9.92, 3.3232, 24.8992, 2.7776]
    ],
    [
      [1.5162, 6.3536, 4.2598, 0.1444, 5.415, 6.2814, 8.1586, 4.4042, 1.805, 1.805, 2.0216, 3.7544, 6.7146, 6.137, 8.5196, 9.386, 4.8374, 3.6822, 0.5776, 0.0722, 6.137, 3.1046, 3.1046, 4.1876, 2.0216, 10.9022, 4.9818, 1.083, 9.2416, 2.2382, 3.4656, 1.0108, 2.4548, 2.527, 7.22, 2.2382, 13.1404, 0.5776],
      [3.2361, 13.5608, 9.0919, 0.3082, 11.5575, 13.4067, 17.4133, 9.4001, 3.8525, 3.8525, 4.3148, 8.0132, 14.3313, 13.0985, 18.1838, 20.033, 10.3247, 7.8591, 1.2328, 0.1541, 13.0985, 6.6263, 6.6263, 8.9378, 4.3148, 23.2691, 10.6329, 2.3115, 19.7248, 4.7771, 7.3968, 2.1574, 5.2394, 5.3935, 15.41, 4.7771, 28.0462, 1.2328],
      [1.2621, 5.2888, 3.5459, 0.1202, 4.5075, 5.2287, 6.7913, 3.6661, 1.5025, 1.5025, 1.6828, 3.1252, 5.5893, 5.1085, 7.0918, 7.813, 4.0267, 3.0651, 0.4808, 0.0601, 5.1085, 2.5843, 2.5843, 3.4858, 1.6828, 9.0751, 4.1469, 0.9015, 7.6928, 1.8631, 2.8848, 0.8414, 2.0434, 2.1035, 6.01, 1.8631, 10.9382, 0.4808],
      [3.9249, 16.4472, 11.0271, 0.3738, 14.0175, 16.2603, 21.1197, 11.4009, 4.6725, 4.6725, 5.2332, 9.7188, 17.3817, 15.8865, 22.0542, 24.297, 12.5223, 9.5319, 1.4952, 0.1869, 15.8865, 8.0367, 8.0367, 10.8402, 5.2332, 28.2219, 12.8961, 2.8035, 23.9232, 5.7939, 8.9712, 2.6166, 6.3546, 6.5415, 18.69, 5.7939, 34.0158, 1.4952],
      [8.7171, 36.5288, 24.4909, 0.8302, 31.1325, 36.1137, 46.9063, 25.3211, 10.3775, 10.3775, 11.6228, 21.5852, 38.6043, 35.2835, 48.9818, 53.963, 27.8117, 21.1701, 3.3208, 0.4151, 35.2835, 17.8493, 17.8493, 24.0758, 11.6228, 62.6801, 28.6419, 6.2265, 53.1328, 12.8681, 19.9248, 5.8114, 14.1134, 14.5285, 41.51, 12.8681, 75.5482, 3.3208],
      [2.3436, 9.8208, 6.5844, 0.2232, 8.37, 9.7092, 12.6108, 6.8076, 2.79, 2.79, 3.1248, 5.8032, 10.3788, 9.486, 13.1688, 14.508, 7.4772, 5.6916, 0.8928, 0.1116, 9.486, 4.7988, 4.7988, 6.4728, 3.1248, 16.8516, 7.7004, 1.674, 14.2848, 3.4596, 5.3568, 1.5624, 3.7944, 3.906, 11.16, 3.4596, 20.3112, 0.8928]
    ],
    [
      [2.5365, 16.5718, 7.4404, 0.3382, 9.8078, 22.8285, 17.7555, 9.8078, 3.2129, 3.7202, 8.9623, 3.7202, 13.0207, 12.3443, 16.0645, 11.6679, 9.8078, 8.9623, 3.382, 0, 12.6825, 6.0876, 5.4112, 6.9331, 5.073, 25.1959, 9.3005, 4.9039, 27.9015, 5.5803, 6.9331, 1.0146, 1.691, 0.6764, 15.8954, 6.0876, 36.8638, 1.691],
      [1.281, 8.3692, 3.7576, 0.1708, 4.9532, 11.529, 8.967, 4.9532, 1.6226, 1.8788, 4.5262, 1.8788, 6.5758, 6.2342, 8.113, 5.8926, 4.9532, 4.5262, 1.708, 0, 6.405, 3.0744, 2.7328, 3.5014, 2.562, 12.7246, 4.697, 2.4766, 14.091, 2.8182, 3.5014, 0.5124, 0.854, 0.3416, 8.0276, 3.0744, 18.6172, 0.854],
      [1.2285, 8.0262, 3.6036, 0.1638, 4.7502, 11.0565, 8.5995, 4.7502, 1.5561, 1.8018, 4.3407, 1.8018, 6.3063, 5.9787, 7.7805, 5.6511, 4.7502, 4.3407, 1.638, 0, 6.1425, 2.9484, 2.6208, 3.3579, 2.457, 12.2031, 4.5045, 2.3751, 13.5135, 2.7027, 3.3579, 0.4914, 0.819, 0.3276, 7.6986, 2.9484, 17.8542, 0.819],
      [3.237, 21.1484, 9.4952, 0.4316, 12.5164, 29.133, 22.659, 12.5164, 4.1002, 4.7476, 11.4374, 4.7476, 16.6166, 15.7534, 20.501, 14.8902, 12.5164, 11.4374, 4.316, 0, 16.185, 7.7688, 6.9056, 8.8478, 6.474, 32.1542, 11.869, 6.2582, 35.607, 7.1214, 8.8478, 1.2948, 2.158, 0.8632, 20.2852, 7.7688, 47.0444, 2.158],
      [5.043, 32.9476, 14.7928, 0.6724, 19.4996, 45.387, 35.301, 19.4996, 6.3878, 7.3964, 17.8186, 7.3964, 25.8874, 24.5426, 31.939, 23.1978, 19.4996, 17.8186, 6.724, 0, 25.215, 12.1032, 10.7584, 13.7842, 10.086, 50.0938, 18.491, 9.7498, 55.473, 11.0946, 13.7842, 2.0172, 3.362, 1.3448, 31.6028, 12.1032, 73.2916, 3.362],
      [1.6725, 10.927, 4.906, 0.223, 6.467, 15.0525, 11.7075, 6.467, 2.1185, 2.453, 5.9095, 2.453, 8.5855, 8.1395, 10.5925, 7.6935, 6.467, 5.9095, 2.23, 0, 8.3625, 4.014, 3.568, 4.5715, 3.345, 16.6135, 6.1325, 3.2335, 18.3975, 3.6795, 4.5715, 0.669, 1.115, 0.446, 10.481, 4.014, 24.307, 1.115]
    ],
    [
      [1.3005, 5.5488, 2.601, 0.1734, 2.5143, 3.9015, 3.2946, 1.9074, 1.3005, 1.0404, 4.0749, 2.4276, 5.202, 3.9882, 9.4503, 6.6759, 6.3291, 5.6355, 0.4335, 0.0867, 4.335, 1.4739, 2.8611, 4.6818, 1.9074, 8.0631, 2.9478, 1.9074, 8.5833, 1.9074, 1.9074, 1.3005, 2.1675, 1.3872, 5.4621, 1.3005, 14.9124, 0.867],
      [1.7475, 7.456, 3.495, 0.233, 3.3785, 5.2425, 4.427, 2.563, 1.7475, 1.398, 5.4755, 3.262, 6.99, 5.359, 12.6985, 8.9705, 8.5045, 7.5725, 0.5825, 0.1165, 5.825, 1.9805, 3.8445, 6.291, 2.563, 10.8345, 3.961, 2.563, 11.5335, 2.563, 2.563, 1.7475, 2.9125, 1.864, 7.3395, 1.7475, 20.038, 1.165],
      [1.419, 6.0544, 2.838, 0.1892, 2.7434, 4.257, 3.5948, 2.0812, 1.419, 1.1352, 4.4462, 2.6488, 5.676, 4.3516, 10.3114, 7.2842, 6.9058, 6.149, 0.473, 0.0946, 4.73, 1.6082, 3.1218, 5.1084, 2.0812, 8.7978, 3.2164, 2.0812, 9.3654, 2.0812, 2.0812, 1.419, 2.365, 1.5136, 5.9598, 1.419, 16.2712, 0.946],
      [2.1435, 9.1456, 4.287, 0.2858, 4.1441, 6.4305, 5.4302, 3.1438, 2.1435, 1.7148, 6.7163, 4.0012, 8.574, 6.5734, 15.5761, 11.0033, 10.4317, 9.2885, 0.7145, 0.1429, 7.145, 2.4293, 4.7157, 7.7166, 3.1438, 13.2897, 4.8586, 3.1438, 14.1471, 3.1438, 3.1438, 2.1435, 3.5725, 2.2864, 9.0027, 2.1435, 24.5788, 1.429],
      [4.6845, 19.9872, 9.369, 0.6246, 9.0567, 14.0535, 11.8674, 6.8706, 4.6845, 3.7476, 14.6781, 8.7444, 18.738, 14.3658, 34.0407, 24.0471, 22.7979, 20.2995, 1.5615, 0.3123, 15.615, 5.3091, 10.3059, 16.8642, 6.8706, 29.0439, 10.6182, 6.8706, 30.9177, 6.8706, 6.8706, 4.6845, 7.8075, 4.9968, 19.6749, 4.6845, 53.7156, 3.123],
      [3.7065, 15.8144, 7.413, 0.4942, 7.1659, 11.1195, 9.3898, 5.4362, 3.7065, 2.9652, 11.6137, 6.9188, 14.826, 11.3666, 26.9339, 19.0267, 18.0383, 16.0615, 1.2355, 0.2471, 12.355, 4.2007, 8.1543, 13.3434, 5.4362, 22.9803, 8.4014, 5.4362, 24.4629, 5.4362, 5.4362, 3.7065, 6.1775, 3.9536, 15.5673, 3.7065, 42.5012, 2.471]
    ]
  ],
  "V_est": [
    [172.73, 160.31, 419.75, 832.83, 548.55, 165.83],
    [120.9915, 113.3118, 235.6074, 315.5922, 432.3816, 231.1155],
    [131.535, 138.8425, 122.766, 261.6085, 13811.175, 147.6115],
    [184.7111, 193.2672, 275.8084, 2460.6337, 1668.9428, 249.6368],
    [165.4824, 353.1972, 137.7492, 428.3748, 951.4092, 255.7872],
    [361.874, 182.756, 175.266, 461.812, 719.468, 238.61],
    [135.8589, 182.5555, 148.2382, 223.9243, 489.3741, 387.2057]
  ],
  "p_est": [
    [0.0751, 0.0697, 0.1825, 0.3621, 0.2385, 0.0721],
    [0.0835, 0.0782, 0.1626, 0.2178, 0.2984, 0.1595],
    [0.009, 0.0095, 0.0084, 0.0179, 0.945, 0.0101],
    [0.0367, 0.0384, 0.0548, 0.4889, 0.3316, 0.0496],
    [0.0722, 0.1541, 0.0601, 0.1869, 0.4151, 0.1116],
    [0.1691, 0.0854, 0.0819, 0.2158, 0.3362, 0.1115],
    [0.0867, 0.1165, 0.0946, 0.1429, 0.3123, 0.2471]
  ],
  "EI_Z": {},
  "EI_V": 12.5582,
  "MAE_Z": {},
  "MAE_V": 175.7912,
  "MAE_p": 0.0742,
  "runtime": 183.838
}
