{
  "X": [
    [33, 44, 63, 337, 345, 20],
    [1, 1, 6, 12, 47, 6],
    [0, 2, 3, 12, 13, 2],
    [0, 9, 3, 29, 18, 0],
    [1, 4, 2, 12, 25, 1],
    [8, 14, 8, 142, 113, 15],
    [4, 7, 4, 25, 24, 4],
    [6, 12, 11, 110, 86, 5],
    [6, 7, 7, 46, 270, 22],
    [2, 6, 3, 53, 47, 6],
    [1, 1, 0, 8, 5, 0],
    [3, 17, 14, 32, 42, 6],
    [4, 11, 1, 18, 22, 1],
    [1, 2, 1, 12, 10, 3],
    [7, 12, 23, 86, 114, 12],
    [12, 11, 34, 69, 130, 14],
    [6, 9, 5, 71, 45, 8],
    [4, 6, 8, 36, 36, 3],
    [11, 3, 7, 22, 11, 1],
    [5, 24, 10, 70, 73, 8],
    [4, 6, 4, 95, 43, 5],
    [21, 16, 23, 129, 290, 16],
    [16, 11, 12, 90, 236, 38],
    [20, 18, 14, 191, 340, 28],
    [10, 4, 2, 50, 120, 10],
    [16, 22, 22, 125, 145, 37],
    [0, 5, 7, 18, 23, 1],
    [1, 4, 1, 37, 31, 2],
    [13, 21, 4, 56, 91, 3],
    [4, 3, 7, 41, 116, 5],
    [10, 20, 9, 65, 147, 11],
    [4, 14, 10, 53, 144, 14],
    [10, 34, 9, 66, 124, 10],
    [18, 40, 13, 132, 265, 35],
    [64, 38, 77, 368, 732, 61],
    [28, 33, 30, 270, 323, 17],
    [14, 28, 37, 410, 381, 28],
    [4, 2, 12, 47, 141, 9],
    [7, 10, 35, 61, 245, 16],
    [55, 32, 97, 408, 645, 52],
    [6, 37, 37, 182, 377, 20],
    [32, 26, 59, 263, 501, 40],
    [23, 21, 21, 230, 408, 34],
    [23, 37, 47, 229, 371, 12],
    [13, 7, 2, 68, 83, 8],
    [3, 7, 2, 22, 20, 1],
    [0, 1, 3, 15, 10, 0],
    [13, 30, 16, 305, 238, 28],
    [2, 1, 0, 57, 28, 2],
    [0, 2, 5, 20, 46, 3],
    [5, 8, 8, 65, 152, 14],
    [19, 5, 15, 49, 324, 29],
    [1, 1, 13, 16, 192, 8],
    [15, 5, 11, 40, 267, 23],
    [31, 32, 38, 185, 733, 47],
    [6, 2, 8, 35, 128, 3],
    [5, 1, 4, 17, 85, 3],
    [4, 14, 14, 38, 235, 6],
    [19, 12, 19, 154, 439, 42],
    [5, 4, 10, 24, 322, 17],
    [15, 6, 27, 51, 334, 26],
    [4, 5, 12, 30, 320, 14],
    [25, 15, 26, 129, 386, 25],
    [4, 2, 6, 7, 71, 4],
    [8, 12, 13, 72, 145, 8],
    [3, 3, 0, 20, 23, 1],
    [6, 16, 22, 108, 121, 10],
    [4, 3, 2, 24, 54, 1],
    [3, 6, 4, 68, 39, 4],
    [5, 8, 0, 39, 80, 8],
    [2, 2, 11, 11, 40, 0],
    [8, 4, 5, 89, 135, 31],
    [56, 67, 66, 576, 1088, 77],
    [4, 10, 20, 84, 138, 20],
    [64, 80, 163, 443, 801, 99],
    [1, 7, 12, 44, 59, 3]
  ],
  "W": [
    [79, 56, 208, 275, 123, 28, 59, 14],
    [4, 7, 37, 6, 11, 4, 1, 3],
    [4, 1, 8, 10, 3, 0, 4, 2],
    [15, 5, 11, 18, 5, 3, 1, 1],
    [2, 3, 19, 6, 8, 2, 3, 2],
    [22, 10, 81, 109, 44, 11, 16, 7],
    [8, 2, 18, 19, 5, 5, 10, 1],
    [22, 16, 49, 85, 27, 12, 9, 10],
    [8, 15, 208, 38, 54, 5, 4, 26],
    [12, 1, 27, 47, 8, 8, 7, 7],
    [3, 0, 2, 5, 5, 0, 0, 0],
    [14, 16, 28, 15, 13, 17, 6, 5],
    [9, 1, 15, 13, 9, 1, 8, 1],
    [3, 1, 12, 5, 2, 0, 2, 4],
    [14, 26, 77, 63, 36, 6, 16, 16],
    [14, 47, 77, 58, 37, 12, 11, 14],
    [11, 7, 32, 57, 14, 10, 9, 4],
    [12, 6, 16, 25, 20, 6, 8, 0],
    [9, 7, 6, 16, 7, 2, 7, 1],
    [19, 7, 52, 50, 35, 9, 7, 11],
    [22, 6, 26, 62, 14, 6, 17, 4],
    [29, 17, 224, 99, 63, 13, 32, 18],
    [28, 20, 157, 90, 60, 12, 22, 14],
    [25, 12, 246, 148, 102, 13, 38, 27],
    [7, 2, 84, 43, 29, 7, 12, 12],
    [15, 23, 110, 91, 74, 11, 22, 21],
    [4, 6, 19, 17, 2, 5, 1, 0],
    [7, 3, 21, 27, 9, 2, 5, 2],
    [18, 8, 67, 48, 22, 0, 21, 4],
    [4, 4, 87, 28, 28, 0, 16, 9],
    [13, 11, 117, 44, 36, 11, 19, 11],
    [19, 6, 121, 38, 24, 5, 8, 18],
    [18, 6, 99, 60, 34, 4, 19, 13],
    [32, 12, 213, 84, 80, 13, 28, 41],
    [51, 65, 484, 305, 207, 47, 134, 47],
    [58, 37, 219, 194, 101, 28, 50, 14],
    [89, 43, 230, 334, 118, 31, 32, 21],
    [11, 14, 101, 32, 23, 8, 17, 9],
    [20, 18, 184, 57, 50, 19, 13, 13],
    [99, 77, 441, 294, 213, 65, 75, 25],
    [39, 30, 267, 144, 89, 40, 26, 24],
    [61, 57, 332, 182, 130, 71, 49, 39],
    [56, 21, 271, 178, 106, 34, 39, 32],
    [72, 37, 254, 182, 101, 30, 24, 19],
    [9, 6, 54, 48, 16, 17, 23, 8],
    [4, 4, 15, 18, 8, 2, 3, 1],
    [2, 4, 5, 11, 4, 1, 0, 2],
    [78, 15, 164, 209, 85, 10, 40, 29],
    [4, 0, 15, 45, 15, 4, 5, 2],
    [5, 8, 26, 19, 10, 2, 4, 2],
    [10, 6, 112, 59, 31, 11, 10, 13],
    [4, 29, 242, 49, 42, 5, 35, 35],
    [4, 22, 158, 12, 15, 3, 4, 13],
    [6, 19, 192, 35, 46, 11, 24, 28],
    [32, 36, 590, 129, 153, 39, 35, 52],
    [8, 3, 96, 25, 19, 9, 13, 9],
    [3, 4, 62, 6, 11, 2, 17, 10],
    [14, 24, 175, 27, 24, 27, 6, 14],
    [38, 38, 305, 119, 83, 19, 49, 34],
    [4, 13, 289, 23, 21, 5, 7, 20],
    [8, 26, 266, 37, 64, 10, 18, 30],
    [6, 14, 272, 26, 28, 11, 10, 18],
    [28, 27, 267, 88, 89, 31, 39, 37],
    [2, 9, 55, 6, 7, 6, 4, 5],
    [10, 17, 92, 42, 56, 17, 12, 12],
    [3, 1, 17, 19, 8, 0, 2, 0],
    [26, 15, 88, 70, 45, 23, 10, 6],
    [7, 8, 36, 16, 11, 2, 4, 4],
    [18, 5, 24, 52, 11, 4, 6, 4],
    [21, 4, 46, 25, 24, 5, 6, 9],
    [3, 15, 25, 10, 2, 3, 4, 4],
    [6, 1, 123, 95, 30, 0, 6, 11],
    [117, 100, 771, 426, 267, 88, 100, 61],
    [20, 18, 100, 64, 35, 14, 14, 11],
    [104, 151, 590, 381, 162, 69, 101, 92],
    [10, 17, 44, 42, 8, 0, 1, 4]
  ],
  "method": "mvn_pdf",
  "cond_prob": [
    [
      [0.022467140325, 0.18148996793, 0.059388948893, 0.68566072029, 0.050014122672, 0.00097909988603],
      [0.02760367633, 0.022309872648, 0.61085523242, 0.0097779504936, 0.32540851327, 0.0040447548394],
      [0.001339109225, 0.011603217391, 0.0057472721029, 0.0012951398242, 0.95920046317, 0.020814798291],
      [0.012545879632, 0.034438302419, 0.034134630569, 0.83156373254, 0.056345705893, 0.030971748951],
      [0.056358212276, 0.066750808625, 0.041034395678, 0.26654921673, 0.52822600619, 0.041081360507],
      [0.010307908312, 0.075223555855, 0.24261705077, 0.21468951728, 0.45625961644, 0.00090235135407],
      [0.30996007359, 0.075924691655, 0.038845963135, 0.22796868248, 0.33443148597, 0.012869103162],
      [0.0040009135936, 0.087875492254, 0.0044939820691, 0.011075949961, 0.67632902235, 0.21622463978]
    ],
    [
      [0.012969093945, 0.088933359001, 0.051323655968, 0.78740176695, 0.055484098802, 0.0038880253311],
      [0.015259989916, 0.01019205438, 0.59101557275, 0.0095491079955, 0.35836203912, 0.01562123584],
      [0.00062020765199, 0.0044895290414, 0.0040626791281, 0.0010673274126, 0.91943190526, 0.070328351503],
      [0.0060152273525, 0.013893855183, 0.024435026399, 0.79788417644, 0.052241839607, 0.10552987502],
      [0.028017327837, 0.027549462255, 0.030719584509, 0.24193428512, 0.52340479315, 0.14837454713],
      [0.0058192508236, 0.03549077944, 0.21769622902, 0.2215768848, 0.51584195943, 0.0035748964871],
      [0.21431509718, 0.038530324442, 0.035724618427, 0.2545014424, 0.40174526777, 0.055183249773],
      [0.0012073980647, 0.022066818107, 0.0020552382964, 0.0059833802747, 0.41586476212, 0.55282240314]
    ],
    [
      [0.0044605300806, 0.15302384024, 0.18580215987, 0.60902346898, 0.04632831188, 0.0013616889423],
      [0.00083692626162, 0.0026770137589, 0.94800621579, 0.0012750005916, 0.046339858633, 0.00086498496975],
      [0.00024151466281, 0.0077606349993, 0.014410511643, 0.00089696830621, 0.94929265389, 0.027397716494],
      [0.0025490300806, 0.027683881156, 0.10357585857, 0.76769390352, 0.053258884083, 0.045238442593],
      [0.010969656307, 0.051530130985, 0.12227180916, 0.21530972935, 0.53939314916, 0.060525525041],
      [0.0011529792816, 0.032298283494, 0.61795952524, 0.096932402552, 0.25095134691, 0.00070546253003],
      [0.075267328704, 0.077392807716, 0.15060696421, 0.24070852342, 0.43226593083, 0.023758445119],
      [0.00068144059265, 0.057364247991, 0.010639892867, 0.0074234081241, 0.60160111845, 0.32228989198]
    ],
    [
      [0.0033906590071, 0.39832302043, 0.013732395204, 0.56222575625, 0.022079933817, 0.00024823530046],
      [0.011270148936, 0.11957087021, 0.43502144482, 0.020176875975, 0.41121370694, 0.0027469531153],
      [0.00040269461528, 0.045119444086, 0.0026969970749, 0.0019536614261, 0.9393039153, 0.010523287496],
      [0.0023751707417, 0.088290155169, 0.0098295936323, 0.85894779193, 0.030915391098, 0.0096418974309],
      [0.013609182703, 0.22093426525, 0.015474247933, 0.33936644904, 0.39395234596, 0.016663509115],
      [0.0026293383693, 0.26156783685, 0.097039229233, 0.28441747055, 0.35396168327, 0.00038444173112],
      [0.084341958473, 0.28661762789, 0.016524269803, 0.32843979839, 0.27815564051, 0.0059207049402],
      [0.0010661177126, 0.31675394563, 0.0018541866923, 0.014956537659, 0.5676426159, 0.097726596404]
    ],
    [
      [0.0059314235609, 0.29007631467, 0.012444737351, 0.6710202636, 0.020176474061, 0.00035078675678],
      [0.020752817474, 0.088921746498, 0.47284035269, 0.023650580397, 0.38971201558, 0.0041224873657],
      [0.00077860237161, 0.035529447852, 0.0027412144451, 0.002425733935, 0.94147249528, 0.017052506115],
      [0.0035347080936, 0.052373334712, 0.0076278961705, 0.90077317536, 0.024056564767, 0.011634320899],
      [0.024882438103, 0.16330015033, 0.014547580769, 0.40646071155, 0.36609910786, 0.024710011392],
      [0.0049142234142, 0.2026791334, 0.096435027593, 0.35210513842, 0.34327940801, 0.00058706916343],
      [0.15827111519, 0.20165574582, 0.014763894851, 0.37122964182, 0.24583641862, 0.0082431837014],
      [0.0020271141799, 0.25316133855, 0.0018516853721, 0.018262433526, 0.56166297741, 0.16303445096]
    ],
    [
      [0.013519605168, 0.14493057357, 0.01963161371, 0.79139747958, 0.029160159952, 0.0013605680248],
      [0.037011181068, 0.039355775311, 0.46155107849, 0.024823065719, 0.42476567723, 0.012493222191],
      [0.0013227037645, 0.015097487377, 0.0031221400963, 0.002426007136, 0.93035803501, 0.047673626619],
      [0.0069707541669, 0.025273023249, 0.010424401001, 0.88713859196, 0.030344765715, 0.039848463911],
      [0.0439539849, 0.068652425292, 0.017549139145, 0.39553514604, 0.40014199593, 0.074167308683],
      [0.0093737176958, 0.090544206833, 0.12179897022, 0.37223450693, 0.40415371695, 0.0018948813751],
      [0.25738756114, 0.081844423175, 0.017400146309, 0.35415899929, 0.26496809129, 0.024240778793],
      [0.003039685688, 0.088310981897, 0.0018767215241, 0.015991290061, 0.50190935172, 0.38887196911]
    ],
    [
      [0.016006930266, 0.32832967136, 0.036956692233, 0.58830744296, 0.028438721366, 0.0019605418146],
      [0.026927919113, 0.05133791954, 0.63996999032, 0.010964718131, 0.25973326167, 0.011066191231],
      [0.0014561058423, 0.029481027967, 0.005429520604, 0.0016059874822, 0.89635087198, 0.065676486124],
      [0.0098375713958, 0.064804630395, 0.023323069392, 0.79611156884, 0.035376186748, 0.070546973228],
      [0.050791188208, 0.14343465003, 0.03194308334, 0.2784049836, 0.38774224672, 0.1076838481],
      [0.0098409958385, 0.1743599522, 0.21566530671, 0.23966968612, 0.35803843047, 0.0024256286636],
      [0.29729189033, 0.16295582035, 0.029973486746, 0.23604430115, 0.2413215248, 0.032412976626],
      [0.002592271928, 0.13725209606, 0.0025187398472, 0.0083124771791, 0.36329705149, 0.4860273635]
    ],
    [
      [0.015833832938, 0.1548249568, 0.023463642097, 0.76871902068, 0.036460666306, 0.00069788117569],
      [0.036132819614, 0.034872027273, 0.45942491779, 0.01998533581, 0.44424835662, 0.0053365428945],
      [0.0012693921481, 0.013176488667, 0.0030716934866, 0.001924477464, 0.96050415998, 0.020053788253],
      [0.0084260736093, 0.027819240734, 0.012860568216, 0.89066743816, 0.039167962466, 0.021058716819],
      [0.048241315149, 0.06840360433, 0.019653432291, 0.35829277926, 0.46991080291, 0.035498066066],
      [0.0097804061544, 0.085957931035, 0.12997701545, 0.32122042609, 0.45219733222, 0.00086688904628],
      [0.27788367718, 0.079127392109, 0.018903163519, 0.31134393362, 0.30146443235, 0.011277401226],
      [0.0037636494153, 0.099608735818, 0.0023802606593, 0.016357349226, 0.6687712867, 0.20911871818]
    ],
    [
      [0.028769829103, 0.16194988614, 0.031162381461, 0.68447299506, 0.091004803012, 0.0026401052237],
      [0.035407676693, 0.019766801526, 0.32721606368, 0.0095630957294, 0.59707625671, 0.010970105655],
      [0.00092931895036, 0.0055981860855, 0.0016443474622, 0.00068939601408, 0.96030256651, 0.030836184976],
      [0.014810426834, 0.02816195974, 0.016528854366, 0.76842561303, 0.094713379065, 0.077359766963],
      [0.048371221338, 0.039569355421, 0.014408523513, 0.17500590736, 0.64793667194, 0.074708320426],
      [0.010461986821, 0.053066593305, 0.10155838374, 0.16762090897, 0.66534741372, 0.0019447134333],
      [0.30137913706, 0.049054244571, 0.014874024273, 0.16329520994, 0.44598538491, 0.025411999243],
      [0.0026398710924, 0.040318986055, 0.001221669071, 0.0056064222024, 0.6429681491, 0.30724490248]
    ],
    [
      [0.012176087713, 0.17041237294, 0.029781018262, 0.7245673772, 0.061466384395, 0.0015967594976],
      [0.018820935779, 0.025689910781, 0.41795695976, 0.012638547481, 0.51656956319, 0.0083240830175],
      [0.00056274761919, 0.0082126047322, 0.0022207894633, 0.0010279401513, 0.9612638817, 0.026712036338],
      [0.0064248986187, 0.030016480974, 0.016154351806, 0.8336968739, 0.065533071736, 0.048174322969],
      [0.027179680577, 0.054557842595, 0.018210847059, 0.2449562716, 0.59461933565, 0.060476022519],
      [0.0055874999475, 0.06941514717, 0.12360060016, 0.22221875839, 0.57769750648, 0.0014804878456],
      [0.18541156892, 0.074434498495, 0.020617661221, 0.25077334484, 0.44632301788, 0.022439908631],
      [0.0016274430889, 0.060695744753, 0.0016807295425, 0.0085470821053, 0.64815662561, 0.2792923749]
    ],
    [
      [0.030242518973, 0.12091332282, 0.0044845228363, 0.80179949312, 0.042301681192, 0.00025846105406],
      [0.099805740789, 0.034919218531, 0.058741743248, 0.025812674955, 0.7779422284, 0.0027783940772],
      [0.001469786303, 0.0055545353287, 0.00039448388031, 0.0010316396582, 0.98704201535, 0.0045075394826],
      [0.014909798681, 0.0194063489, 0.00252587674, 0.9130776431, 0.043174547814, 0.0069057847624],
      [0.091470794612, 0.041967579466, 0.003316255577, 0.28567433056, 0.56702101356, 0.010550026221],
      [0.018083310514, 0.060319135738, 0.013462344858, 0.28842589836, 0.61939047727, 0.00031883326866],
      [0.81386744028, 0.014017170354, 0.00092260318109, 0.074546222493, 0.095570956112, 0.0010756075746],
      [0.0059707636243, 0.059506490424, 0.00042323938978, 0.012095319085, 0.87447342256, 0.04753076492]
    ],
    [
      [0.0081607409218, 0.48518158982, 0.020824061084, 0.46827267319, 0.016563615068, 0.00099731992411],
      [0.024432042948, 0.13702790469, 0.54761064857, 0.01562792095, 0.26527476647, 0.010026716379],
      [0.0012715182318, 0.07649393615, 0.0053245354317, 0.0022321042318, 0.85788195874, 0.056795947211],
      [0.0062502168211, 0.12082656304, 0.016393874095, 0.78722969397, 0.025578219532, 0.043721432539],
      [0.034027598527, 0.28410266599, 0.023830001133, 0.29591461049, 0.29146754575, 0.070657578114],
      [0.0064264352611, 0.33464754669, 0.14831548559, 0.24722674068, 0.26180312038, 0.0015806713934],
      [0.19603823582, 0.32380518354, 0.02251693452, 0.25232534285, 0.18356483881, 0.021749464467],
      [0.0020426728359, 0.31960267033, 0.002225997838, 0.010321215604, 0.32042578273, 0.34538166066]
    ],
    [
      [0.010634809707, 0.69864258404, 0.0082228934697, 0.26564996306, 0.016574276706, 0.00027547301175],
      [0.042665908207, 0.24280346891, 0.33631842619, 0.011777761895, 0.36272768342, 0.0037067513793],
      [0.0016102641724, 0.097185801545, 0.0020256396177, 0.0012110492036, 0.88271950038, 0.015247745082],
      [0.012170220227, 0.24297513587, 0.0097960866308, 0.67865401346, 0.038387368002, 0.018017175807],
      [0.048413621254, 0.41536342738, 0.010197969087, 0.18006175028, 0.32504458719, 0.020918644802],
      [0.0089785903849, 0.48898819402, 0.06358642057, 0.1494361234, 0.28853968962, 0.00047098200776],
      [0.25524466086, 0.41794594362, 0.0084517004305, 0.13487707868, 0.17778381733, 0.0056967990754],
      [0.0030661741038, 0.50016775091, 0.0010103784341, 0.0066739847482, 0.3842597473, 0.1048219645]
    ],
    [
      [0.0026309238356, 0.047547998667, 0.0037535795018, 0.94416391637, 0.0017336631623, 0.00016991846495],
      [0.016879921779, 0.028742991838, 0.84329366827, 0.050370450592, 0.057242005326, 0.0034709621983],
      [0.0030055195304, 0.056476301764, 0.0075614418401, 0.023048954616, 0.82808077359, 0.081827008658],
      [0.0012422250876, 0.0076218187495, 0.0018604986207, 0.98339528948, 0.001604527731, 0.0042756403278],
      [0.018141242243, 0.047846556981, 0.007235552096, 0.86260589619, 0.045735329259, 0.018435423228],
      [0.0038473494068, 0.065986039294, 0.063649203718, 0.81794420732, 0.048095358059, 0.00047784219767],
      [0.14775668808, 0.057262097405, 0.0072461392473, 0.75100356218, 0.030758544503, 0.0059729685838],
      [0.0039111357231, 0.20849766998, 0.0025303157886, 0.089516892317, 0.23131478772, 0.46422919848]
    ],
    [
      [0.013390041108, 0.15448520888, 0.04469194697, 0.75368214536, 0.032712091915, 0.0010385657717],
      [0.022210296765, 0.025353786419, 0.64337539334, 0.014223578794, 0.28904782388, 0.0057891207981],
      [0.0011818402078, 0.014487910415, 0.006430560578, 0.0020697745343, 0.94290340534, 0.032926508922],
      [0.0071310669555, 0.027758867561, 0.024476760795, 0.87409737253, 0.035150537833, 0.031385394329],
      [0.041943425017, 0.070400656186, 0.03855658634, 0.3614925717, 0.43303342409, 0.054573336663],
      [0.0077835571919, 0.080716321086, 0.23433763571, 0.29560752945, 0.3803406804, 0.0012142761671],
      [0.24669099951, 0.0842747537, 0.038374604588, 0.32495143738, 0.28779190455, 0.017916300281],
      [0.0030798804308, 0.096268109876, 0.0043789059484, 0.015467612459, 0.57764254253, 0.30316294876]
    ],
    [
      [0.038405038577, 0.176388813, 0.05603786016, 0.67247158209, 0.054868675452, 0.0018280307294],
      [0.045850347129, 0.020789033748, 0.5682254153, 0.0091384771375, 0.34866662761, 0.0073300990717],
      [0.0020301409912, 0.0099210604783, 0.0048503516686, 0.0011113980243, 0.94730511633, 0.034781932503],
      [0.020899277086, 0.032397296759, 0.031413256686, 0.7982614897, 0.060344371165, 0.056684308599],
      [0.086519530369, 0.057494269544, 0.034710464146, 0.23103094505, 0.52125091474, 0.068993876143],
      [0.017005308136, 0.070128998949, 0.22300514329, 0.2010422098, 0.48718744785, 0.0016308919719],
      [0.43301120394, 0.057348024306, 0.028820834997, 0.17320711462, 0.28874575318, 0.018867068962],
      [0.0053733007006, 0.066784604201, 0.0033537022581, 0.0084327599853, 0.58979733091, 0.32625830195]
    ],
    [
      [0.019331584507, 0.18255291935, 0.016708728783, 0.75606263974, 0.023871212381, 0.0014729152398],
      [0.059354004128, 0.054480795358, 0.45228337905, 0.026079604852, 0.39272447673, 0.015077739883],
      [0.0022049157152, 0.021820555129, 0.0031230722539, 0.0026655282981, 0.909543134, 0.060642794607],
      [0.010280994678, 0.032462076933, 0.0091678601857, 0.87763198192, 0.025662925512, 0.044794160771],
      [0.066671670702, 0.090104064599, 0.015765755336, 0.39494625171, 0.34730711185, 0.085205145802],
      [0.01456270877, 0.12305689024, 0.11366918429, 0.38364716683, 0.36283480348, 0.0022292463919],
      [0.35797532221, 0.094096346041, 0.013678620372, 0.3093038181, 0.20074005596, 0.024205837315],
      [0.0043936823905, 0.11166865021, 0.0016234174346, 0.015297855156, 0.42096202698, 0.44605436783]
    ],
    [
      [0.018853647908, 0.18620857795, 0.060489234127, 0.67891002201, 0.054253531006, 0.0012849870006],
      [0.020816459638, 0.019898499494, 0.62294575785, 0.0084234349479, 0.32316459178, 0.0047512562905],
      [0.00099098144836, 0.01013359892, 0.0051581176091, 0.0010937174869, 0.95835076243, 0.024272822103],
      [0.010407847375, 0.034199956336, 0.034265322454, 0.81981668282, 0.060542328184, 0.040767862831],
      [0.045082848371, 0.06325609208, 0.039605283743, 0.24452759333, 0.55575523154, 0.051772950934],
      [0.0081899519721, 0.071418493361, 0.2430658653, 0.1966375624, 0.47956752049, 0.0011206064805],
      [0.27575664323, 0.076395810209, 0.039650972327, 0.22139633603, 0.36981025044, 0.016989987769],
      [0.0028740754713, 0.075294717424, 0.0039029807325, 0.0091233887311, 0.64710265784, 0.26170217981]
    ],
    [
      [0.27701597675, 0.11768850723, 0.046899712016, 0.53277090021, 0.025095846467, 0.00052905732216],
      [0.30983561798, 0.012359054885, 0.51812980903, 0.0064150450087, 0.15131981219, 0.0019406609032],
      [0.028604823346, 0.012622279983, 0.0081556304258, 0.0016701684823, 0.92883344083, 0.02011365693],
      [0.16940980795, 0.024141372521, 0.029734370072, 0.72663500974, 0.031372142776, 0.018707296943],
      [0.56142697248, 0.032221612025, 0.025109342414, 0.15358536142, 0.21048164323, 0.017175068435],
      [0.1616363293, 0.060914119938, 0.26512948009, 0.20620043984, 0.30549386256, 0.00062576827671],
      [0.92704590777, 0.0081402268998, 0.0052967068308, 0.029147529099, 0.029184665635, 0.001184963768],
      [0.079845812375, 0.091357459323, 0.0058928126542, 0.013470121506, 0.59347470999, 0.21595908415]
    ],
    [
      [0.010812248271, 0.44336956836, 0.027140385147, 0.49875599275, 0.019294113417, 0.00062769205462],
      [0.026545873235, 0.10539931345, 0.59704128798, 0.013971749999, 0.25187165442, 0.0051701209098],
      [0.0015227228693, 0.064839404383, 0.0062066430456, 0.002190867872, 0.89338700404, 0.031853357788],
      [0.0080114639127, 0.10880067852, 0.020688305285, 0.80728225702, 0.028832190339, 0.02638510492],
      [0.043308515575, 0.25365978692, 0.029784406658, 0.30569395144, 0.32551187995, 0.04204145946],
      [0.0078562613209, 0.2860967999, 0.17926894907, 0.24549908758, 0.28036153557, 0.00091736655534],
      [0.23632725312, 0.27691025886, 0.027001755039, 0.25027958601, 0.19691538719, 0.012565759785],
      [0.0030551410005, 0.3351457698, 0.0032541561335, 0.012614103914, 0.41952912511, 0.22640170404]
    ],
    [
      [0.0080132756301, 0.093860751614, 0.01497575293, 0.85890177802, 0.023402848716, 0.00084559308931],
      [0.027837061279, 0.032217275022, 0.45986142311, 0.033691106677, 0.43657775042, 0.0098153834887],
      [0.00097421950492, 0.012065077828, 0.002956680341, 0.0032151498129, 0.9440424447, 0.036746427814],
      [0.0039724879532, 0.015753542354, 0.0076436832571, 0.92543493746, 0.023402001477, 0.023793347497],
      [0.029615057082, 0.050506296417, 0.015233609528, 0.48442842425, 0.36771807164, 0.052498541074],
      [0.0062749561526, 0.066125990239, 0.10537100463, 0.45216811443, 0.36873359265, 0.0013263418959],
      [0.18380279183, 0.063940257936, 0.016026165592, 0.46006401345, 0.258007791, 0.018158980188],
      [0.002462068732, 0.077893951795, 0.0019544843353, 0.023374351441, 0.55675828933, 0.33755685437]
    ],
    [
      [0.032054563491, 0.14666521776, 0.059367849962, 0.70748567711, 0.053272199031, 0.0011544926522],
      [0.037717229124, 0.017212904677, 0.59817991892, 0.0095958798479, 0.33272073752, 0.0045733299125],
      [0.0017820610207, 0.0087343901561, 0.0053566011955, 0.0012388454355, 0.95986935321, 0.023018748986],
      [0.017281148432, 0.026825309618, 0.032929775057, 0.82967895786, 0.057978943757, 0.035305865279],
      [0.075837268369, 0.050682358484, 0.038593357525, 0.25769099768, 0.53145672409, 0.045739293851],
      [0.014285086049, 0.058979481721, 0.23756390156, 0.21425743291, 0.47387790077, 0.0010361969989],
      [0.3886848459, 0.052997860624, 0.033583918729, 0.20260770729, 0.30897205757, 0.013153609878],
      [0.0053108430243, 0.066041111505, 0.004176746994, 0.01057004013, 0.67447190696, 0.23942935138]
    ],
    [
      [0.042949131678, 0.16720047912, 0.040123943845, 0.6257850298, 0.11552574742, 0.0084156681372],
      [0.040976945478, 0.015861953538, 0.32225716158, 0.0068757781793, 0.58695876406, 0.027069397166],
      [0.001051228, 0.0043734568088, 0.0015980369113, 0.00048289959944, 0.91839607192, 0.074098306761],
      [0.019383094112, 0.025555280371, 0.018649188976, 0.61413800254, 0.10538712162, 0.21688731239],
      [0.053317062282, 0.030214295517, 0.013700342484, 0.1193801185, 0.60715882735, 0.17622935387],
      [0.012978371668, 0.045466350488, 0.10819742869, 0.12835556348, 0.69987274917, 0.0051295365025],
      [0.3367284135, 0.038780208489, 0.014630173515, 0.11524487131, 0.43269699109, 0.061919342088],
      [0.0021316260311, 0.02243628711, 0.00084761273647, 0.0028054925146, 0.43853077092, 0.53324821068]
    ],
    [
      [0.020700285144, 0.13074081036, 0.030806677846, 0.76686426562, 0.049515241121, 0.0013727199035],
      [0.036275487034, 0.022909764371, 0.45709650463, 0.015526908809, 0.46009652888, 0.0080948062703],
      [0.0012388837136, 0.0083963442163, 0.0029911270478, 0.0014484431569, 0.95653763433, 0.02938756754],
      [0.010666653879, 0.022882154535, 0.016340324022, 0.85852574298, 0.051488713361, 0.040096411226],
      [0.051948410522, 0.048079579538, 0.021270873111, 0.29726440694, 0.52372704753, 0.057709682359],
      [0.010754747651, 0.061390986852, 0.14276799847, 0.27121863785, 0.5124330758, 0.0014345533758],
      [0.29729751517, 0.056636756087, 0.020855193558, 0.26327513608, 0.3432324345, 0.018702964604],
      [0.0034842031582, 0.059864742557, 0.0022018239537, 0.011661788637, 0.63457244441, 0.28821499729]
    ],
    [
      [0.049914709326, 0.12409843703, 0.023419393281, 0.72765440603, 0.073128354173, 0.0017847001623],
      [0.074266677956, 0.018250420427, 0.30338832271, 0.012227492546, 0.58291534374, 0.0089517426241],
      [0.001987493089, 0.0052819027057, 0.0015186409837, 0.00090001360869, 0.9645119017, 0.025800047915],
      [0.025534250064, 0.021457477805, 0.012360068832, 0.81277778459, 0.075744955352, 0.052125463354],
      [0.095230386368, 0.034168645053, 0.012179650738, 0.20954820174, 0.59172966095, 0.057143455156],
      [0.02127352552, 0.047638968041, 0.089484735344, 0.20853453873, 0.63152543308, 0.0015427992832],
      [0.47316765969, 0.033010420247, 0.0097927729453, 0.15229513369, 0.31661732141, 0.015116692024],
      [0.0059073403166, 0.039841144465, 0.0011807749209, 0.0076645254358, 0.67378043578, 0.27162577908]
    ],
    [
      [0.020374417069, 0.19721489075, 0.032594657689, 0.72207057194, 0.024958971354, 0.0027864912044],
      [0.043400815316, 0.041696374987, 0.59544782005, 0.017667294926, 0.281845389, 0.019942305725],
      [0.002168524749, 0.022383923286, 0.0056437553003, 0.0024157577838, 0.86090989752, 0.10647814136],
      [0.010722986976, 0.035063105255, 0.01765928781, 0.82664970043, 0.026517135335, 0.083387784199],
      [0.063473464006, 0.089522958589, 0.0279175225, 0.34634928989, 0.32699696355, 0.14573980146],
      [0.013727272807, 0.11975909054, 0.19711028551, 0.33061720597, 0.3350117578, 0.0037743873748],
      [0.34389320871, 0.098760538344, 0.025627063041, 0.28702791784, 0.20061919412, 0.04407207794],
      [0.0033471771907, 0.087909895294, 0.0022772922505, 0.010689081925, 0.312454003, 0.58332255034]
    ],
    [
      [0.0032663674219, 0.43342439287, 0.048551560528, 0.48735306605, 0.026902087316, 0.00050252580928],
      [0.0046383109264, 0.052827082918, 0.71836288578, 0.0074165358625, 0.21437592991, 0.002379254599],
      [0.00031916849566, 0.037587368978, 0.0077634030294, 0.0013546557397, 0.9355192512, 0.017456152557],
      [0.002442562019, 0.09589420478, 0.036544945429, 0.80394329109, 0.039911227898, 0.021263768783],
      [0.011756540867, 0.20775395729, 0.049549550867, 0.26320843907, 0.43659913591, 0.031132376],
      [0.0019486108735, 0.20759282477, 0.27485551352, 0.18474599099, 0.33026540208, 0.00059165776205],
      [0.07233607118, 0.28035421243, 0.054607083879, 0.26346025353, 0.31798265747, 0.011259721511],
      [0.00082642804648, 0.26456216281, 0.0051934828246, 0.010240231976, 0.54887073456, 0.17030695978]
    ],
    [
      [0.0066310234544, 0.14381556763, 0.010787693943, 0.80701725542, 0.031059731365, 0.00068872818861],
      [0.021921747342, 0.045231988081, 0.33119830927, 0.028852781993, 0.56520782358, 0.0075873497309],
      [0.00059234012521, 0.013057023407, 0.0015790310646, 0.0021278229394, 0.96052617074, 0.022117611728],
      [0.0034386170574, 0.024599308925, 0.0057728753766, 0.91347932154, 0.032451542032, 0.020258335068],
      [0.022314103852, 0.068807196975, 0.010048861959, 0.40488162784, 0.45484139276, 0.039106816614],
      [0.0047400319974, 0.09055237767, 0.068989685813, 0.37792859386, 0.45680181116, 0.00098749950001],
      [0.14778987311, 0.091664365357, 0.011078486346, 0.40307711079, 0.33225672991, 0.014133434482],
      [0.0017195242473, 0.098335746064, 0.0011973503138, 0.017837259618, 0.64428342996, 0.2366266898]
    ],
    [
      [0.02672874821, 0.49355147377, 0.015234591068, 0.42922583476, 0.034725946748, 0.00053340543557],
      [0.066865272966, 0.11850675333, 0.33244268464, 0.012219976814, 0.46547966018, 0.0044856520761],
      [0.0021804705841, 0.041469981154, 0.0020285202627, 0.0010920119757, 0.93755479846, 0.015674217565],
      [0.021452211655, 0.13062313359, 0.012624107793, 0.75463444473, 0.056315083237, 0.024351018989],
      [0.082885517067, 0.21684456202, 0.012961817287, 0.20295842916, 0.45671885826, 0.027630816196],
      [0.016800338719, 0.27381235285, 0.085936409141, 0.18245447864, 0.44031987048, 0.00067655016321],
      [0.39314625771, 0.20567536643, 0.01020396657, 0.14440525163, 0.23938877002, 0.0071803876378],
      [0.0056294343499, 0.27599710493, 0.0013693260416, 0.0080893051786, 0.56709404679, 0.1418207827]
    ],
    [
      [0.011727576118, 0.091258799044, 0.071225541101, 0.77441519766, 0.050507650031, 0.00086523604796],
      [0.011668106596, 0.0090339199206, 0.69878857535, 0.0086526344311, 0.26895022218, 0.0029065415268],
      [0.00067954715538, 0.0056566347826, 0.0066177100215, 0.0013698310322, 0.96754549973, 0.018130777276],
      [0.0060001695073, 0.015798140023, 0.037233020155, 0.86371571889, 0.052141177546, 0.025111773876],
      [0.029916433595, 0.03402839617, 0.049795401392, 0.2987641506, 0.55026309805, 0.037232520188],
      [0.005104694041, 0.035749482938, 0.29135912157, 0.22417399702, 0.44285194187, 0.0007607625653],
      [0.19277028591, 0.044696053962, 0.054362358561, 0.29470904977, 0.4000666246, 0.013395627205],
      [0.0021759643051, 0.046090466834, 0.0055420672768, 0.012572847471, 0.7287671055, 0.20485154861]
    ],
    [
      [0.017629397346, 0.31781663017, 0.022268697438, 0.61031648037, 0.031010392577, 0.00095840210463],
      [0.042222717116, 0.07453491221, 0.46323916788, 0.01665627875, 0.39561977558, 0.0077271484616],
      [0.0016183611708, 0.030678022767, 0.0033327901766, 0.001747473328, 0.93090300971, 0.031720342851],
      [0.011042820711, 0.066477044094, 0.014367097789, 0.8348204187, 0.039200954166, 0.034091664541],
      [0.056872930852, 0.14778350435, 0.019752339327, 0.3014263665, 0.42228960734, 0.051875251641],
      [0.011464794375, 0.18477328568, 0.13022487183, 0.26854061374, 0.40373997702, 0.0012564573497],
      [0.30564827122, 0.16061342399, 0.017838542482, 0.24587533615, 0.25457715403, 0.015447272125],
      [0.0038837931038, 0.18848612811, 0.0020906532346, 0.012021103166, 0.52486845588, 0.26864986651]
    ],
    [
      [0.014617973066, 0.23942967681, 0.058412064723, 0.64442405334, 0.041683514052, 0.0014327180131],
      [0.018078621349, 0.029075763239, 0.66238457914, 0.0090619944496, 0.27541212559, 0.0059869162276],
      [0.00099686275718, 0.017220745303, 0.0064446611352, 0.0013616433174, 0.93846180932, 0.035514278163],
      [0.0084639443102, 0.046440283693, 0.03471885802, 0.81451493124, 0.048711199342, 0.047150783397],
      [0.040117011854, 0.094779394241, 0.043921464634, 0.26918040406, 0.48569294695, 0.066308778262],
      [0.0071661954559, 0.10489749092, 0.26299018329, 0.21257437294, 0.41095079404, 0.0014209633587],
      [0.24431760866, 0.11539449609, 0.044448558113, 0.24625489032, 0.3275020233, 0.022082423514],
      [0.0025148579489, 0.11095746932, 0.0042501558424, 0.0098510968963, 0.55582788869, 0.3165985313]
    ],
    [
      [0.011592964226, 0.65631890215, 0.022123201963, 0.2899086608, 0.019524358811, 0.00053191204512],
      [0.030389584056, 0.16598704647, 0.51809411767, 0.0087396305895, 0.27209961012, 0.0046900110975],
      [0.0015837444799, 0.092676893714, 0.0048980418172, 0.0012434009094, 0.87342465165, 0.026173267425],
      [0.012142988919, 0.22654496685, 0.023863367042, 0.6645440353, 0.041261591032, 0.031643050861],
      [0.046923899965, 0.37843541469, 0.024563188228, 0.18035386369, 0.33365397508, 0.036069658352],
      [0.0083907555104, 0.42010768401, 0.14540149515, 0.14261853565, 0.28270595123, 0.00077557844741],
      [0.24129533065, 0.39395640621, 0.021228724623, 0.14083971881, 0.19239530823, 0.010284511482],
      [0.0029226237172, 0.44065376711, 0.0023640009166, 0.0065813344143, 0.37798402594, 0.1694942479]
    ],
    [
      [0.018927619495, 0.29116788054, 0.023249885439, 0.63824674189, 0.027151544866, 0.0012563277636],
      [0.047091028675, 0.071935691889, 0.49415930409, 0.018298562028, 0.35799726769, 0.010518145629],
      [0.0019672172593, 0.032269430042, 0.0039262308904, 0.0020898124543, 0.91289065241, 0.046856656945],
      [0.011429402388, 0.059383220577, 0.014458406356, 0.83864164581, 0.033081303592, 0.043006021272],
      [0.062779904692, 0.14077255802, 0.021207922035, 0.32653800902, 0.37889915913, 0.069802447108],
      [0.012902871157, 0.17883531386, 0.14180415961, 0.29616049142, 0.36857348427, 0.0017236796845],
      [0.32630424456, 0.14965007234, 0.018759206627, 0.26086487039, 0.22402693372, 0.020394672368],
      [0.004185733713, 0.17468701889, 0.0021857700235, 0.012733700559, 0.45762698284, 0.34858079397]
    ],
    [
      [0.026750327509, 0.14145288301, 0.064280270026, 0.70229382476, 0.063455865978, 0.0017668287204],
      [0.028868433356, 0.015313500201, 0.57830400631, 0.0088092740114, 0.36228833822, 0.0064164479034],
      [0.0012562073287, 0.0071443171918, 0.004898985375, 0.0010464630117, 0.95605261414, 0.029601412955],
      [0.014125608579, 0.025415603053, 0.034937121998, 0.80507978318, 0.067597441398, 0.052844441797],
      [0.056819014622, 0.044154226246, 0.037622133214, 0.2314612096, 0.56711047557, 0.062832940744],
      [0.010832522, 0.051825732947, 0.23139500399, 0.19421481929, 0.51029422656, 0.0014376952163],
      [0.3196194476, 0.051555295052, 0.036569122607, 0.20325165371, 0.36879557303, 0.020208907991],
      [0.0035665182381, 0.051352050955, 0.0036408072639, 0.008501866652, 0.64108108001, 0.29185767689]
    ],
    [
      [0.02088297228, 0.15832564212, 0.02869453245, 0.75056400894, 0.040649148667, 0.00088369554556],
      [0.041419776333, 0.031391321182, 0.4768012948, 0.017233438473, 0.42726136285, 0.0058928063665],
      [0.0015268419036, 0.012411696017, 0.0034091482043, 0.0017355510279, 0.95784815468, 0.023068608172],
      [0.011187049909, 0.028812158811, 0.015827268555, 0.87342225617, 0.043935283941, 0.02681598262],
      [0.058979707381, 0.065526756964, 0.022319900625, 0.32803458351, 0.48338717174, 0.041751879779],
      [0.011990755723, 0.082142494677, 0.14661303777, 0.29382458801, 0.46440947957, 0.0010196442502],
      [0.31867038221, 0.073040644471, 0.020706096659, 0.27490388321, 0.29986609519, 0.012812898253],
      [0.0044235528058, 0.091196195496, 0.0025847669874, 0.014394296385, 0.65466176412, 0.23273942421]
    ],
    [
      [0.013860911923, 0.12240576105, 0.034037310349, 0.77159836581, 0.056887644346, 0.0012100065209],
      [0.022188848866, 0.019632530787, 0.45469559807, 0.014333564829, 0.48263521466, 0.0065142427822],
      [0.0007307781435, 0.0069322144893, 0.0029139191819, 0.0012889245542, 0.96537936137, 0.022754802266],
      [0.0071124667475, 0.021369040045, 0.017979303537, 0.85948194652, 0.058888546211, 0.03516869694],
      [0.032933504937, 0.042708018696, 0.022288785826, 0.28422746004, 0.56971229659, 0.048129933907],
      [0.0066393099917, 0.053015849465, 0.1448765135, 0.25219839864, 0.54210555441, 0.0011643739923],
      [0.20803009791, 0.055874721761, 0.024270990096, 0.27962040197, 0.41486379566, 0.017339992608],
      [0.0022165078732, 0.053253127923, 0.0023133083999, 0.011189753852, 0.69104218466, 0.23998511729]
    ],
    [
      [0.013516585987, 0.088993653272, 0.051862459565, 0.76929169846, 0.074553872714, 0.0017817300006],
      [0.015131799806, 0.0099282348252, 0.51008721769, 0.0097087173269, 0.44839299687, 0.0067510334793],
      [0.00053243066161, 0.0037478255316, 0.003326472844, 0.00093192967025, 0.96608960909, 0.025371732199],
      [0.0066834173946, 0.014925329152, 0.026343441372, 0.82742149851, 0.074442874231, 0.050183439342],
      [0.026690073156, 0.025668543538, 0.028281872569, 0.2303915568, 0.62933474858, 0.059633205366],
      [0.0052295204342, 0.030982067168, 0.18172652897, 0.19858234089, 0.58208515041, 0.0013943921216],
      [0.18190307485, 0.035762991085, 0.032733016948, 0.24133702263, 0.48554812742, 0.022715767075],
      [0.0016073367365, 0.028651703064, 0.0026257829374, 0.0080637746803, 0.6866374114, 0.27241399118]
    ],
    [
      [0.021544028832, 0.15489011415, 0.21574379783, 0.51963103024, 0.086142348305, 0.0020486806387],
      [0.0089939047291, 0.0064347026619, 0.78766371635, 0.0025022925736, 0.19151653665, 0.0028888470312],
      [0.00073507670783, 0.0056389004675, 0.011918340022, 0.00055734872098, 0.95599629385, 0.025154040231],
      [0.012541108018, 0.030478921771, 0.12894264711, 0.65888756603, 0.1012757139, 0.067874043171],
      [0.036971152482, 0.038687495152, 0.10175019304, 0.13687624475, 0.62651664917, 0.059198265405],
      [0.0051273947056, 0.033100080493, 0.46640167518, 0.083689639538, 0.41069714241, 0.00098406767804],
      [0.23554710442, 0.050105191035, 0.10958581751, 0.13333595642, 0.45039310925, 0.021032821358],
      [0.0022046813414, 0.042875560676, 0.0093495751992, 0.0047861543857, 0.6759415774, 0.264842451]
    ],
    [
      [0.030367524795, 0.11422264938, 0.068279491312, 0.73333072608, 0.052203443916, 0.001596164516],
      [0.033709551686, 0.012722461558, 0.63160290064, 0.0094594070054, 0.30654467282, 0.0059610062905],
      [0.0017240372833, 0.0069782100987, 0.0062939489096, 0.0013211331932, 0.95134429014, 0.032338380371],
      [0.01575660898, 0.020179850581, 0.036469606758, 0.82602979153, 0.054648384117, 0.046915758032],
      [0.071289995601, 0.039402649379, 0.044155143005, 0.26702429663, 0.51541312195, 0.062714793436],
      [0.013309126911, 0.045310672513, 0.26606613563, 0.21950954942, 0.45439882605, 0.001405689475],
      [0.37201005974, 0.042564227157, 0.039710893047, 0.21694032366, 0.31011330033, 0.018661196064],
      [0.0047640881575, 0.048813404944, 0.0045521979599, 0.010447085672, 0.62078308736, 0.3106401359]
    ],
    [
      [0.010330915259, 0.23665526198, 0.050236315673, 0.64766789922, 0.054023523599, 0.0010860842638],
      [0.013686670425, 0.03127866273, 0.56062250363, 0.0099341239203, 0.37963322468, 0.0048448146151],
      [0.00056868314803, 0.013922408219, 0.0044879882349, 0.001126065815, 0.95853112431, 0.021363730272],
      [0.0060063853802, 0.04659359679, 0.030048136904, 0.81823227571, 0.063347316818, 0.035772288401],
      [0.025492914047, 0.085485201913, 0.034173201665, 0.24738569328, 0.56252504095, 0.044937948142],
      [0.0047170831661, 0.097393415132, 0.20452176562, 0.20136500658, 0.4910056446, 0.00099708489826],
      [0.16445649296, 0.11426109675, 0.037997192957, 0.24855992398, 0.41819972448, 0.01652556888],
      [0.0016686389012, 0.10368163695, 0.0034462518896, 0.0094585952576, 0.66360197352, 0.21814290348]
    ],
    [
      [0.025916735438, 0.12383050758, 0.047288912607, 0.74656806224, 0.0548273363, 0.0015684458353],
      [0.035157986128, 0.01683738196, 0.53527673224, 0.011741445667, 0.39382595169, 0.0071605023206],
      [0.0014045436745, 0.0072165314082, 0.0041642509941, 0.0012814380045, 0.95556124697, 0.030371988948],
      [0.013376229366, 0.021746560455, 0.025127761097, 0.83677518128, 0.057099627173, 0.045874640627],
      [0.060309996074, 0.04230157198, 0.030312772579, 0.26900881097, 0.53694725206, 0.06111959634],
      [0.011992341557, 0.051841422495, 0.19463186783, 0.23563467781, 0.50444041712, 0.0014592731812],
      [0.33286006906, 0.048188799867, 0.028745993852, 0.23046410085, 0.34057134285, 0.019169693512],
