{
  "X": [
    [81, 198, 364, 59],
    [138, 275, 608, 114],
    [123, 295, 770, 83],
    [54, 161, 388, 62],
    [31, 79, 217, 26],
    [21, 146, 178, 32],
    [106, 342, 569, 90],
    [82, 311, 375, 72],
    [79, 358, 591, 114],
    [62, 275, 334, 78],
    [28, 110, 156, 20],
    [83, 139, 191, 30],
    [102, 119, 422, 54],
    [89, 200, 298, 55],
    [180, 359, 551, 95],
    [73, 224, 335, 72],
    [77, 148, 320, 44],
    [98, 331, 511, 110],
    [72, 180, 461, 49],
    [16, 17, 34, 10],
    [19, 16, 30, 3],
    [4, 8, 15, 4],
    [122, 113, 573, 48],
    [42, 38, 516, 24],
    [149, 194, 864, 71],
    [94, 124, 547, 55],
    [102, 97, 711, 40],
    [32, 53, 196, 23],
    [91, 160, 373, 70],
    [321, 487, 916, 141],
    [162, 347, 917, 90],
    [88, 115, 538, 42],
    [204, 197, 829, 67],
    [80, 216, 312, 73],
    [34, 83, 133, 35],
    [145, 227, 519, 91],
    [44, 68, 158, 33],
    [79, 81, 260, 38],
    [13, 17, 52, 3],
    [1, 10, 20, 2],
    [2, 5, 16, 2],
    [5, 4, 13, 4],
    [2, 8, 5, 3],
    [2, 12, 14, 3],
    [59, 112, 214, 48],
    [4, 4, 13, 3],
    [32, 210, 309, 92],
    [318, 651, 1971, 209],
    [56, 97, 283, 36],
    [404, 584, 1244, 211],
    [139, 150, 414, 39]
  ],
  "W": [
    [27, 60, 213, 334, 68],
    [51, 82, 346, 562, 94],
    [57, 97, 327, 695, 95],
    [23, 35, 169, 372, 66],
    [5, 20, 84, 210, 34],
    [10, 14, 157, 161, 35],
    [26, 48, 396, 512, 125],
    [14, 39, 369, 336, 82],
    [35, 50, 395, 555, 107],
    [20, 46, 291, 303, 89],
    [10, 20, 114, 147, 23],
    [17, 43, 165, 166, 52],
    [37, 58, 155, 392, 55],
    [14, 68, 211, 296, 53],
    [34, 117, 400, 534, 100],
    [25, 47, 226, 322, 84],
    [20, 55, 168, 308, 38],
    [31, 76, 366, 473, 104],
    [23, 52, 202, 430, 55],
    [3, 11, 25, 33, 5],
    [4, 16, 17, 30, 1],
    [0, 5, 8, 16, 2],
    [68, 78, 139, 529, 42],
    [36, 28, 52, 485, 19],
    [58, 87, 243, 806, 84],
    [45, 68, 128, 530, 49],
    [60, 61, 125, 666, 38],
    [18, 20, 67, 177, 22],
    [25, 61, 177, 362, 69],
    [70, 213, 555, 878, 149],
    [57, 95, 386, 887, 91],
    [38, 70, 138, 496, 41],
    [52, 145, 240, 794, 66],
    [21, 47, 242, 299, 72],
    [8, 20, 104, 114, 39],
    [36, 105, 265, 500, 76],
    [21, 35, 81, 146, 20],
    [25, 51, 102, 241, 39],
    [1, 9, 18, 51, 6],
    [0, 2, 10, 16, 5],
    [1, 2, 5, 16, 1],
    [0, 3, 5, 13, 5],
    [1, 3, 5, 5, 4],
    [3, 2, 12, 12, 2],
    [15, 31, 135, 202, 50],
    [2, 2, 5, 11, 4],
    [12, 25, 242, 275, 89],
    [119, 249, 730, 1817, 234],
    [16, 47, 113, 260, 36],
    [91, 249, 708, 1214, 181],
    [23, 122, 186, 393, 18]
  ],
  "method": "mvn_cdf",
  "mvncdf_method": "genz",
  "mvncdf_samples": 5000,
  "mvncdf_error": 0.001,
  "cond_prob": [
    [
      [0.1751022889, 0.00077087858929, 0.80637587299, 0.017750959523],
      [0.82726778907, 0.038441789949, 0.10117744434, 0.033112976646],
      [0.059721407178, 0.77735750618, 0.053064362611, 0.10985672403],
      [0.035143839638, 0.0072334612571, 0.94141807554, 0.016204623567],
      [0.032021598348, 0.40705226478, 0.15324791622, 0.40767822065]
    ],
    [
      [0.20309634156, 0.000630570525, 0.77574332312, 0.020529764797],
      [0.85334953342, 0.02514338605, 0.087324374851, 0.034182705683],
      [0.086052636126, 0.69455894772, 0.063473899187, 0.15591451697],
      [0.043094651957, 0.0062192473505, 0.93372276621, 0.016963334486],
      [0.0390853015, 0.30950500345, 0.15491838358, 0.49649131147]
    ],
    [
      [0.13521318654, 0.00069124505817, 0.85042747704, 0.013668091359],
      [0.79612840037, 0.037740204442, 0.1342805159, 0.031850879288],
      [0.057319951685, 0.76425613332, 0.072104253672, 0.10631966132],
      [0.023701006616, 0.0065282014334, 0.95834275241, 0.011428039545],
      [0.03002704981, 0.38790466955, 0.19867494625, 0.38339333439]
    ],
    [
      [0.16598253183, 0.00094547968034, 0.80971914414, 0.023352844351],
      [0.80708209562, 0.043864712982, 0.1043746934, 0.044678498005],
      [0.050069996441, 0.77270401006, 0.047742296288, 0.12948369721],
      [0.031677087644, 0.0093461425596, 0.93820491313, 0.020771856664],
      [0.025588218473, 0.38453403456, 0.13094954028, 0.45892820669]
    ],
    [
      [0.16216830245, 0.00061546785093, 0.82271355352, 0.014502676172],
      [0.82882153915, 0.033234972264, 0.10907900028, 0.028864488297],
      [0.065976764594, 0.76262322641, 0.063635160558, 0.10776484844],
      [0.032827703742, 0.0048333065054, 0.94862908022, 0.013709909528],
      [0.034613579206, 0.3899081715, 0.1808056439, 0.3946726054]
    ],
    [
      [0.12765892172, 0.0010860366763, 0.85419377269, 0.017061268913],
      [0.77109859602, 0.054960403105, 0.13395436639, 0.039986634483],
      [0.033706978701, 0.81445696216, 0.053271993725, 0.098564065417],
      [0.017994078451, 0.01118437542, 0.95518917962, 0.015632366514],
      [0.021113947197, 0.44426475681, 0.15524400602, 0.37937728997]
    ],
    [
      [0.17996386089, 0.00060377717852, 0.80833765472, 0.01109470721],
      [0.85167651291, 0.025378290125, 0.10217259873, 0.020772598228],
      [0.089954864966, 0.73384515124, 0.077236100579, 0.098963883214],
      [0.037051740007, 0.0066281742657, 0.94777452124, 0.0085455644914],
      [0.046782796695, 0.37415871002, 0.21786308429, 0.361195409]
    ],
    [
      [0.18119396324, 0.00059936495544, 0.80569717459, 0.012509497219],
      [0.84831902897, 0.028267882296, 0.10031709438, 0.023095994355],
      [0.081880269896, 0.74835287349, 0.06941574038, 0.10035111624],
      [0.037598058694, 0.0058963696521, 0.94630313659, 0.010202435065],
      [0.043074086243, 0.38738745076, 0.19799525343, 0.37154320957]
    ],
    [
      [0.15241771809, 0.0010661926175, 0.82307898846, 0.023437100828],
      [0.78980515903, 0.04818657222, 0.11401242247, 0.047995846283],
      [0.043460150763, 0.77918782202, 0.048899291171, 0.12845273604],
      [0.02622776729, 0.010998904357, 0.94225184046, 0.020521487891],
      [0.022915434747, 0.38943713113, 0.1329590917, 0.45468834243]
    ],
    [
      [0.1529295789, 0.0010699617759, 0.82534474851, 0.020655710809],
      [0.79405425514, 0.049852949238, 0.11378893585, 0.042303859767],
      [0.042179062007, 0.79728547753, 0.04794569416, 0.11258976631],
      [0.026527803212, 0.010747829927, 0.94384341537, 0.018880951488],
      [0.023627879415, 0.42043481653, 0.13845013621, 0.41748716785]
    ],
    [
      [0.16857276047, 0.0013211395834, 0.81324938138, 0.016856718571],
      [0.81303844882, 0.054014197133, 0.10132597297, 0.031621381075],
      [0.04227322844, 0.83754510954, 0.039680473225, 0.080501188797],
      [0.031456043001, 0.01358129296, 0.94052416113, 0.014438502908],
      [0.02653552416, 0.49695270039, 0.13305917795, 0.3434525975]
    ],
    [
      [0.30145296864, 0.0017577380488, 0.68896691581, 0.0078223775082],
      [0.91775571168, 0.017147755998, 0.05626965902, 0.0088268733003],
      [0.14891270433, 0.69938358304, 0.075733711472, 0.07597000116],
      [0.056026155864, 0.017610057877, 0.92199889424, 0.0043648920153],
      [0.087324343127, 0.38290777186, 0.21769400492, 0.31207388009]
    ],
    [
      [0.23309948191, 0.00054806869755, 0.7524536996, 0.013898749791],
      [0.88731300336, 0.015714816385, 0.076119705366, 0.02085247489],
      [0.13094854938, 0.64530115751, 0.082417986983, 0.14133230612],
      [0.046722015207, 0.0055896439819, 0.93322084344, 0.014467497366],
      [0.059983815612, 0.28828076823, 0.20267111983, 0.44906429633]
    ],
    [
      [0.23204316905, 0.0012388140821, 0.74210565737, 0.024612359494],
      [0.84884766317, 0.043972947602, 0.071393319835, 0.035786069395],
      [0.05569018155, 0.80370887313, 0.032443418466, 0.10815752685],
      [0.049358265896, 0.013276011976, 0.91348185798, 0.023883864143],
      [0.031492066518, 0.44302310169, 0.10414309035, 0.42134174144]
    ],
    [
      [0.26313869529, 0.00090389672299, 0.71745834357, 0.018499064418],
      [0.88100463382, 0.030032261544, 0.064350518661, 0.024612585971],
      [0.081700594505, 0.77066840381, 0.043397050897, 0.10423395079],
      [0.057528469059, 0.0095565981728, 0.91516998153, 0.017744951234],
      [0.045753019233, 0.42084907962, 0.13017815137, 0.40321974978]
    ],
    [
      [0.21367537004, 0.0012995828036, 0.75972074853, 0.025304298629],
      [0.83626223928, 0.046029866436, 0.078599821017, 0.039108073264],
      [0.051876183838, 0.80131762855, 0.033919227523, 0.11288696009],
      [0.044126919531, 0.01326389292, 0.91834283205, 0.024266355501],
      [0.02882029603, 0.43375415636, 0.10643633761, 0.43098921001]
    ],
    [
      [0.20610985283, 0.00076882968536, 0.77336425772, 0.019757059766],
      [0.8492989209, 0.034316323949, 0.084216587128, 0.032168168025],
      [0.067716122786, 0.76683522782, 0.048131554644, 0.11731709475],
      [0.043619838195, 0.0072445179943, 0.93038450979, 0.018751134026],
      [0.035661671102, 0.39572620457, 0.13832295684, 0.43028916749]
    ],
    [
      [0.15643257506, 0.0010187505988, 0.81904169808, 0.023506976261],
      [0.79532954729, 0.046062113603, 0.11130863919, 0.047299699915],
      [0.046192471781, 0.77283148598, 0.049492303712, 0.13148373853],
      [0.028154522936, 0.010360492772, 0.94113630602, 0.020348678274],
      [0.02386548614, 0.38183520334, 0.13344802765, 0.46085128287]
    ],
    [
      [0.14704971461, 0.00063086896911, 0.83876188016, 0.013557536252],
      [0.81198329347, 0.035296443824, 0.12319562867, 0.02952463403],
      [0.062441206097, 0.76308330959, 0.069682261968, 0.10479322234],
      [0.027852840362, 0.005905733111, 0.95464625698, 0.011595169547],
      [0.032816005745, 0.39032329382, 0.19506539357, 0.38179530687]
    ],
    [
      [0.29239320356, 0.00067851978538, 0.67756405731, 0.029364219344],
      [0.90360227067, 0.015565569805, 0.048287421422, 0.032544738101],
      [0.11220226256, 0.61864918334, 0.047354318846, 0.22179423525],
      [0.065654830381, 0.0072205355908, 0.90189535993, 0.025229274095],
      [0.042305889097, 0.22444718294, 0.097948268695, 0.63529865927]
    ],
    [
      [0.32661616229, 0.0012898391186, 0.6512402488, 0.020853749789],
      [0.90231049996, 0.035974055295, 0.03636094822, 0.02535449652],
      [0.058019887009, 0.85081177072, 0.015224451903, 0.075943890364],
      [0.074383954605, 0.014061038353, 0.88261662137, 0.028938385674],
      [0.038710634094, 0.5336245059, 0.075949509894, 0.35171535011]
    ],
    [
      [0.12922439756, 0.0015602081083, 0.81728497586, 0.051930418467],
      [0.74224421438, 0.078062561865, 0.076210164857, 0.1034830589],
      [0.0096962472053, 0.82561419126, 0.0074996785286, 0.157189883],
      [0.012422162858, 0.018338228247, 0.90511415724, 0.064125451658],
      [0.0062271723652, 0.3556810043, 0.038562615847, 0.59952920749]
    ],
    [
      [0.21044911241, 0.00046752618272, 0.77389437403, 0.015188987373],
      [0.8693700647, 0.020570643517, 0.085317722529, 0.024741569257],
      [0.10393236917, 0.68755321542, 0.073770912551, 0.13474350285],
      [0.044168405613, 0.0046235510529, 0.93679077821, 0.014417265124],
      [0.049212129186, 0.31780815653, 0.18818861168, 0.4447911026]
    ],
    [
      [0.12268423541, 0.00021911454926, 0.86485239714, 0.012244252906],
      [0.80069174356, 0.018776825225, 0.14935219856, 0.031179232647],
      [0.091346604676, 0.61813719356, 0.12480774961, 0.16570845215],
      [0.020052840976, 0.0017004263107, 0.96730676075, 0.010939971966],
      [0.036228809943, 0.23676420757, 0.26577211585, 0.46123486664]
    ],
    [
      [0.18560960956, 0.00050389046469, 0.80347329466, 0.010413205321],
      [0.86287251816, 0.017978335567, 0.099985913119, 0.019163233152],
      [0.11691140788, 0.66732209103, 0.097775050342, 0.11799145075],
      [0.037366068882, 0.0054024506039, 0.94793044838, 0.0093010321335],
      [0.055216784891, 0.30825018872, 0.24891066477, 0.38762236162]
    ],
    [
      [0.18866263941, 0.00091300427732, 0.78614335326, 0.024281003043],
      [0.82628020961, 0.039875955594, 0.091817920695, 0.042025914103],
      [0.056714302011, 0.76562500953, 0.045577107812, 0.13208358065],
      [0.038971260052, 0.0088362954465, 0.93103401502, 0.021158429484],
      [0.028753642617, 0.378859429, 0.12444964768, 0.4679372807]
    ],
    [
      [0.17425303901, 0.00038444229481, 0.81431404528, 0.011048473419],
      [0.85405614257, 0.017969559301, 0.10660566161, 0.021368636519],
      [0.11213417323, 0.65839990037, 0.10128958903, 0.12817633737],
      [0.03526769218, 0.0036903966473, 0.95125460457, 0.0097873066073],
      [0.051114166252, 0.2927104903, 0.24845912251, 0.40771622093]
    ],
    [
      [0.15772476778, 0.00030380274185, 0.82771484053, 0.014256588951],
      [0.83537012316, 0.022126334505, 0.11342535674, 0.029078185601],
      [0.088154453489, 0.68002761037, 0.087426771585, 0.14439116455],
      [0.032091491557, 0.0027713947377, 0.95080741362, 0.014329700083],
      [0.039409514888, 0.29543718623, 0.21282362856, 0.45232967032]
    ],
    [
      [0.22671014385, 0.00085180456207, 0.74764724609, 0.0247908055],
      [0.85674301899, 0.031293477856, 0.075047462021, 0.036916041134],
      [0.072809540776, 0.73775854674, 0.045991191872, 0.14344072061],
      [0.048979845658, 0.0087230106389, 0.92048371031, 0.021813433394],
      [0.035549701447, 0.3525914509, 0.12138231263, 0.49047653503]
    ],
    [
      [0.27317068894, 0.0008189270468, 0.70901493329, 0.016995450717],
      [0.89016530813, 0.025264784448, 0.062520017164, 0.022049890254],
      [0.095232832865, 0.74707672321, 0.049619173389, 0.10807127054],
      [0.058815876595, 0.0087282897319, 0.91605562975, 0.016400203924],
      [0.052203216446, 0.39778695472, 0.1423940058, 0.40761582303]
    ],
    [
      [0.20383927631, 0.00077810694734, 0.77937096027, 0.01601165648],
      [0.85238342571, 0.03355644058, 0.087495778162, 0.026564355547],
      [0.071654720908, 0.77468029829, 0.052809487121, 0.10085549368],
      [0.04302339894, 0.0075868345864, 0.93532882107, 0.014060945407],
      [0.039387457993, 0.4177106443, 0.15651241786, 0.38638947985]
    ],
    [
      [0.14189607425, 0.00045431385204, 0.84509149272, 0.012558119179],
      [0.8157271355, 0.026440672972, 0.129373842, 0.028458349525],
      [0.077791992798, 0.70785621418, 0.089844696649, 0.12450709637],
      [0.026742369896, 0.0042023717182, 0.95784675235, 0.01120850604],
      [0.036769249245, 0.32593548868, 0.22779992769, 0.40949533438]
    ],
    [
      [0.21587455686, 0.00051918940594, 0.77101100739, 0.01259524634],
      [0.87570225573, 0.020124604041, 0.083899594818, 0.020273545412],
      [0.11026885986, 0.69749277874, 0.076385190537, 0.11585317086],
      [0.044973536232, 0.0053482554257, 0.93819793792, 0.011480270421],
      [0.054911845879, 0.33954777058, 0.20424815044, 0.4012922331]
    ],
    [
      [0.23378523863, 0.00091935366895, 0.74156482169, 0.023730586013],
      [0.85969625105, 0.033639175675, 0.072211852092, 0.034452721178],
      [0.070070145011, 0.7599829539, 0.041640712558, 0.12830618853],
      [0.050581228598, 0.0093582784437, 0.91779689535, 0.02226359761],
      [0.03616699647, 0.38452294746, 0.11853968817, 0.4607703679]
    ],
    [
      [0.17298772273, 0.00036104119769, 0.81211444878, 0.014536787295],
      [0.84889789682, 0.021184113802, 0.10221570028, 0.027702289102],
      [0.094979566953, 0.67830946319, 0.08228071518, 0.14443025467],
      [0.035869877617, 0.0030710639202, 0.94659459263, 0.014464465828],
      [0.04284869924, 0.29946522912, 0.20486647346, 0.45281959818]
    ],
    [
      [0.22419205747, 0.00080988812378, 0.75096393896, 0.024034115445],
      [0.85687021221, 0.030100552452, 0.076753549341, 0.036275685998],
      [0.075607387852, 0.73001280945, 0.048830573039, 0.14554922966],
      [0.048300057438, 0.00826333585, 0.92266157155, 0.020775035164],
      [0.036470094071, 0.34506873144, 0.12678010378, 0.4916810707]
    ],
    [
      [0.19851360037, 0.0017250128096, 0.76316970854, 0.036591678281],
      [0.81945144048, 0.039204559397, 0.08232886947, 0.059015130655],
      [0.054677055055, 0.72090871492, 0.040125429679, 0.18428880034],
      [0.042805028583, 0.014473194498, 0.91770262406, 0.02501915286],
      [0.02360191714, 0.30424614234, 0.092859138638, 0.57929280189]
    ],
    [
      [0.24813399879, 0.00051619577996, 0.73585166506, 0.015498140375],
      [0.89169052962, 0.016511718936, 0.069821124839, 0.021976626605],
      [0.12539096692, 0.65921884633, 0.072616918972, 0.14277326777],
      [0.050855697864, 0.0052231063959, 0.92770377758, 0.016217418158],
      [0.058316184839, 0.29861298647, 0.18100756088, 0.46206326781]
    ],
    [
      [0.21392264759, 0.00050302752883, 0.77850098137, 0.0070733435116],
      [0.89582661321, 0.020038023204, 0.074086344851, 0.010049018734],
      [0.10014020222, 0.77299849451, 0.064467265894, 0.062394037374],
      [0.050184342602, 0.0046821164883, 0.94288414746, 0.0022493934482],
      [0.060285453482, 0.44439898691, 0.21786993472, 0.27744562488]
    ],
    [
      [0.023887539799, 0.00021924638132, 0.97267301549, 0.0032201983283],
      [0.5, 0.12222579675, 0.35492669315, 0.022847510103],
      [0, 0.79288257629, 0.14011841631, 0.066999007408],
      [0, 0.0010333364914, 0.9900512561, 0.0089154074072],
      [0, 0.36203785196, 0.4096284706, 0.22833367744]
    ],
    [
      [0.11042591707, 0.00062194059053, 0.86416951992, 0.024782622419],
      [0.79908755194, 0.057147584122, 0.091707076415, 0.052057787519],
      [0.013803624781, 0.87826489792, 0.01072133959, 0.09721013771],
      [0.013262449597, 0.0023782591597, 0.92705007869, 0.057309212558],
      [0.010181661589, 0.45570625502, 0.066008370337, 0.46810371306]
    ],
    [
      [0.31408947022, 0.00027930856906, 0.67224582912, 0.01338539209],
      [0.95326409577, 0.0031171097865, 0.029311160982, 0.014307633463],
      [0.1982153628, 0.57270934213, 0.059885538298, 0.16918975677],
      [0.060035817435, 0, 0.91346468527, 0.026499497292],
      [0.073733054404, 0.225420392, 0.1475195834, 0.5533269702]
    ],
    [
      [0.11502780764, 0.0060801137292, 0.81864160837, 0.060250470263],
      [0.62832406412, 0.22117949351, 0.038020317219, 0.11247612515],
      [0, 0.88646719949, 0, 0.11353280051],
      [0, 0.092034240333, 0.813459488, 0.094506271671],
      [0, 0.60946855166, 0, 0.39053144834]
    ],
    [
      [0.1154372454, 0.0022436639423, 0.84854435253, 0.033774738127],
      [0.75962262379, 0.085596334426, 0.094629715618, 0.060151326168],
      [0.0022816183179, 0.88367617253, 0.0018123558866, 0.11222985326],
      [0.0075334663854, 0.016269472046, 0.92641623472, 0.049780826853],
      [0.0083309998903, 0.5113643022, 0.063182211975, 0.41712248594]
    ],
    [
      [0.25713509434, 0.00059796302154, 0.72313810783, 0.019128834806],
      [0.88774549522, 0.020675990618, 0.065682088886, 0.025896425278],
      [0.10435055822, 0.695059238, 0.057777463418, 0.14281274036],
      [0.054610656335, 0.0061866044776, 0.92046744779, 0.018735291395],
      [0.050083705872, 0.32534767223, 0.14764803223, 0.47692058967]
    ],
    [
      [0.22590922017, 0, 0.76136497944, 0.012725800394],
      [0.93519756279, 0.0042803753066, 0.04642014681, 0.014101915095],
      [0.18268335877, 0.6002940461, 0.072879364325, 0.14414323081],
      [0.04422358482, 0, 0.92912426439, 0.026652150788],
      [0.06947755181, 0.24749225472, 0.19991650439, 0.48311368908]
    ],
    [
      [0.10566497833, 0.00091819410991, 0.8698603372, 0.023556490361],
      [0.73041656383, 0.046755247578, 0.15891491591, 0.063913272673],
      [0.033285639868, 0.73286791255, 0.069337300812, 0.16450914677],
      [0.011102405228, 0.011879629366, 0.95954931366, 0.017468651746],
      [0.015318200883, 0.31684457942, 0.15655185396, 0.51128536573]
    ],
    [
      [0.14166837028, 0.0006238598406, 0.84351617323, 0.01419159665],
      [0.80430221833, 0.034370569253, 0.12929554112, 0.032031671294],
      [0.063336707753, 0.74719885228, 0.07454645728, 0.11491798269],
      [0.025954555805, 0.0059784912269, 0.95613135171, 0.011935601257],
      [0.031944388944, 0.36773251373, 0.19964703323, 0.4006760641]
    ],
    [
      [0.14268016796, 0.00050095461667, 0.84144742073, 0.015371456698],
      [0.80919100508, 0.031025185207, 0.12552091309, 0.034262896619],
      [0.066388007023, 0.72742423048, 0.075617851753, 0.13056991074],
      [0.027071109677, 0.0043497646459, 0.95417287337, 0.014406252305],
      [0.0318001879, 0.33899789359, 0.19465538967, 0.43454652884]
    ],
    [
      [0.28500588391, 0.00079771558526, 0.69390930684, 0.020287093664],
      [0.89309242145, 0.022453316238, 0.059157428073, 0.025296834239],
      [0.10250206362, 0.71249101446, 0.051150013209, 0.13385690871],
      [0.060723472027, 0.008784900652, 0.91082819399, 0.019663433328],
      [0.051904395249, 0.34932610226, 0.13350506424, 0.46526443824]
    ],
    [
      [0.19072813329, 0.00058100572161, 0.7929029134, 0.015787947593],
      [0.84957856216, 0.028489108631, 0.093889536368, 0.028042792844],
      [0.07876819085, 0.74084633478, 0.062732041179, 0.1176534332],
      [0.039672870748, 0.0052517621276, 0.94027616482, 0.0147992023],
      [0.040130369406, 0.36942249061, 0.17288983997, 0.41755730001]
    ]
  ],
  "expected_outcome": [
    [
      [4.7277618003, 10.3579134196, 7.7071516327, 3.8175982321, 0.81084151227, 1.2765892172, 4.6790603831, 2.5367154853, 5.3346201332, 3.058591578, 1.6857276047, 5.1247004668, 8.6246808308, 3.2486043668, 8.9467156399, 5.341884251, 4.1221970567, 4.8494098269, 3.3821434361, 0.87717961068, 1.3064646492, 0, 14.3105396441, 4.4166324747, 10.7653573543, 8.4898187737, 10.4551823404, 2.83904582, 5.6677535962, 19.121948226, 11.6188387495, 5.3920508215, 11.2254769569, 4.9094900112, 1.3839017818, 8.070914069, 4.1687856078, 6.2033499697, 0.21392264759, 0, 0.11042591707, 0, 0.11502780764, 0.3463117362, 3.8570264151, 0.45181844034, 1.2679797399, 16.8585360635, 2.2828826873, 25.935535436, 4.3867470657],
      [0.020813721911, 0.032159096775, 0.039400968316, 0.021746032648, 0.0030773392547, 0.010860366763, 0.015698206642, 0.0083911093762, 0.037316741611, 0.021399235518, 0.013211395834, 0.02988154683, 0.020278541809, 0.017343397149, 0.030732488582, 0.032489570089, 0.015376593707, 0.031581268562, 0.014509986289, 0.0020355593561, 0.0051593564743, 0, 0.031791780425, 0.0078881237732, 0.029225646952, 0.041085192479, 0.023066537689, 0.0054684493534, 0.021295114052, 0.057324893276, 0.044352095998, 0.017263926377, 0.026997849109, 0.019306427048, 0.0028883295815, 0.029155972456, 0.036225269001, 0.012904894499, 0.00050302752883, 0, 0.00062194059053, 0, 0.0060801137292, 0.0067309918269, 0.008969445323, 0, 0.011018329319, 0.074239321032, 0.0080152738667, 0.072592118259, 0.013363131597],
      [21.7721485707, 39.562909479, 48.4743661915, 18.6235403152, 4.1135677676, 8.5419377269, 21.0167790228, 11.2797604442, 28.8077645962, 16.5068949703, 8.1324938138, 11.7124375687, 27.8407868852, 10.3894792032, 24.3935836813, 18.9930187132, 15.4672851543, 25.3902926405, 19.2915232438, 2.0326921719, 2.6049609952, 0, 52.6248174341, 31.1346862969, 46.6014510901, 35.3764508969, 48.8588427167, 14.8988671295, 18.6911811523, 49.6310453305, 44.4241447352, 32.1134767234, 40.0925723843, 15.5728612555, 6.4969155902, 27.0347018025, 16.0265638793, 18.3962916265, 0.77850098137, 0, 0.86416951992, 0, 0.81864160837, 2.5456330576, 10.8470716175, 1.5227299589, 10.4383240464, 100.3784246141, 13.4631587316, 63.1457469223, 18.2367670081],
      [0.47927590711, 1.0470180047, 0.77908120746, 0.53711542008, 0.072513380862, 0.17061268913, 0.28846238746, 0.17513296107, 0.82029852898, 0.41311421618, 0.16856718571, 0.13298041764, 0.51425374226, 0.34457303291, 0.62896819021, 0.63260746572, 0.39514119532, 0.7287162641, 0.3118233338, 0.088092658033, 0.083414999156, 0, 1.0328511414, 0.44079310463, 0.60396590862, 1.092645137, 0.66290840517, 0.25661860111, 0.6197701375, 1.1896815502, 0.91266441934, 0.4772085288, 0.65495280967, 0.49834230627, 0.11629429836, 0.86522815601, 0.7684252439, 0.38745350937, 0.0070733435116, 0, 0.024782622419, 0, 0.060250470263, 0.10132421438, 0.28693252209, 0.025451600788, 0.28267788433, 1.6888000013, 0.24594330718, 1.8461255234, 0.36312279463]
    ],
    [
      [49.636067344, 69.9746617402, 77.224454836, 28.2478733466, 16.5764307831, 10.7953803443, 40.8804726198, 33.0844421299, 39.4902579514, 36.5264957367, 16.2607689764, 39.4634956023, 51.4641541948, 57.7216410955, 103.0775421574, 39.3043252463, 46.7114406494, 60.4450455942, 42.2231312605, 9.9396249774, 14.4369679994, 3.7112210719, 67.8108650463, 22.4193688198, 75.0699090801, 56.1870542533, 52.0974246968, 16.7074024631, 52.2613241583, 189.6052106327, 80.9764254426, 57.100899485, 126.9768270807, 40.4057237995, 16.9779579363, 89.9713722819, 28.6808004167, 45.4762170106, 8.0624395189, 1, 1.5981751039, 2.8597922873, 1.8849721924, 1.5192452476, 27.5201103517, 1.8703951256, 18.2604140958, 200.2712523653, 38.0319772387, 222.3800129413, 103.6485845832],
      [2.3065073969, 2.0617576561, 3.6607998309, 1.5352649544, 0.66469944528, 0.76944564347, 1.218157926, 1.1024474095, 2.409328611, 2.2932356649, 1.0802839427, 0.73735350793, 0.91145935034, 2.990160437, 3.5137746006, 2.1634037225, 1.8873978172, 3.5007206339, 1.8354150789, 0.17122126785, 0.57558488472, 0.39031280933, 1.6045101943, 0.5257511063, 1.5641151943, 2.7115649804, 1.0961431173, 0.4425266901, 1.9089021492, 5.3813990874, 3.1878618551, 1.850847108, 2.918067586, 1.5810412567, 0.42368227604, 3.1605580075, 1.3721595789, 0.84209766571, 0.18034220884, 0.2444515935, 0.11429516824, 0.0093513293596, 0.66353848052, 0.17119266885, 0.64095570915, 0.0085607506133, 1.1688811894, 8.5582717441, 1.4581837047, 5.5908757432, 3.4756712529],
      [6.0706466604, 7.1605987378, 13.0252100422, 3.6531142689, 2.1815800057, 1.8753611295, 4.9042847393, 3.9123666807, 5.7006211234, 5.2342910491, 2.0265194595, 2.4195953378, 4.4149429113, 4.8547457488, 7.5290106833, 3.6941915878, 4.631912292, 8.4594565784, 6.4061726911, 0.53116163565, 0.58177517152, 0.38105082429, 6.6547823573, 4.1818615598, 8.6987744414, 6.2436186073, 6.5029453582, 2.2685071348, 4.5778951833, 13.3167636558, 8.3120989254, 9.0561689402, 12.1654412486, 3.3939570483, 2.0443140056, 8.0591226809, 2.8815104314, 3.5608773668, 0.66677710366, 0.7098533863, 0.18341415283, 0.087933482946, 0.11406095166, 0.18925943124, 2.0361447555, 0.09284029362, 3.9728728979, 32.1945897383, 5.8994829155, 14.7301995901, 11.4545234369],
      [1.9867785987, 2.802981866, 3.0895352909, 1.5637474302, 0.57728976595, 0.55981288276, 0.99708471497, 0.90074377983, 2.3997923142, 1.9459775493, 0.63242762151, 0.37955555191, 1.2094435436, 2.4334527188, 2.8796725586, 1.8380794434, 1.7692492414, 3.5947771935, 1.5352809696, 0.35799211911, 0.40567194433, 0.51741529449, 1.929842402, 0.87301851412, 1.6672012842, 2.857762159, 1.3034868277, 0.58156371202, 2.2518785092, 4.696626624, 2.523613777, 1.9920844668, 2.9396640847, 1.6192778954, 0.55404578204, 3.8089470298, 2.0655295729, 1.1208079569, 0.090441168607, 0.045695020205, 0.10411557504, 0.042922900389, 0.33742837546, 0.12030265234, 0.80278918362, 0.02820383019, 1.5978318168, 7.9758861523, 1.6103561411, 6.2989117254, 3.421220727]
    ],
    [
      [12.720659729, 29.7742120996, 18.7436242011, 8.4618293985, 5.5420482259, 5.2919956561, 35.6221265266, 30.2138195917, 17.1667595515, 12.274107044, 4.8191480422, 24.5705962148, 20.2970251545, 11.750628307, 32.680237802, 11.7240175473, 11.3763086281, 16.9064446717, 12.6131236315, 2.8050565639, 0.98633807915, 0.077569977643, 14.4465993147, 4.7500234431, 28.4094721157, 7.2594306574, 14.0167716534, 5.9063483837, 12.8872887173, 52.8542222402, 27.6587222704, 10.7352950062, 26.464526366, 16.9569750927, 9.8778749632, 20.0359577808, 4.4288414595, 12.7898786259, 1.8025236399, 0, 0.069018123903, 0.99107681401, 0, 0.027379419815, 14.0873253599, 0.91341679383, 8.0551248479, 46.2357966599, 7.5018447936, 72.5714610421, 14.6508834981],
      [165.5771488163, 240.3173959115, 249.911755597, 130.5869776997, 64.0603510185, 127.8697430587, 290.6026798912, 276.142210316, 307.7791896987, 232.0100739607, 95.4801424874, 115.3982912008, 100.0216794144, 169.5825722313, 308.2673615247, 181.0977840533, 128.828318273, 282.8563238693, 154.1428285373, 15.4662295836, 14.4638001023, 6.6049135301, 95.5698969439, 32.1431340654, 162.1592681197, 98.0000012194, 82.2999875463, 45.5618498949, 130.5832627735, 414.6275813807, 299.0265951396, 97.6841575575, 167.3982668986, 183.9158748441, 70.5441841719, 193.4533945054, 58.3936059087, 67.240322326, 13.9139729013, 7.9288257629, 4.3913244896, 2.8635467107, 4.4323359975, 10.6041140704, 93.8329971297, 3.0014702305, 177.354034837, 545.4551621632, 82.1989380442, 504.4436382374, 137.7974182683],
      [11.3027092362, 21.9619691188, 23.5780909509, 8.0684480727, 5.3453534869, 8.3637030148, 30.5854958294, 25.6144082001, 19.3152200126, 13.9521970005, 4.5235739476, 12.4960623929, 12.7747879824, 6.8455612963, 17.3588203588, 7.6657454202, 8.0861011801, 18.1141831586, 14.0758169175, 1.1838579712, 0.25881568236, 0.059997428229, 10.2541568446, 6.4900029798, 23.759337233, 5.8338698, 12.6611986291, 5.8575936962, 8.1404409614, 27.5386412309, 20.3844620288, 12.3985681375, 18.3324457289, 10.077052439, 8.5571943788, 12.9401018552, 3.250159804, 7.4069257351, 1.1604107861, 1.4011841631, 0.053606697952, 0.29942769149, 0, 0.021748270639, 7.7999575614, 0.36439682163, 16.7796267965, 54.4189138146, 8.5448172481, 36.2142093521, 11.6681596594],
      [23.3994822185, 53.9464228701, 34.766529251, 21.8827448291, 9.0522472687, 15.4745582704, 39.1896977528, 37.0295618922, 50.7388307372, 32.7636219948, 9.1771355228, 12.5350501914, 21.9065074488, 22.8212381655, 41.6935803145, 25.5124529792, 19.7092719188, 48.1230483004, 21.1682309137, 5.5448558813, 1.2910461362, 1.257519064, 18.7293468968, 8.6168395116, 28.6719225315, 16.9066983232, 16.0220421712, 9.6742080252, 25.3890075477, 59.9795551482, 38.9302205611, 17.1819792988, 27.8047610065, 31.0500976242, 15.0207464862, 38.5705458586, 14.9273928279, 14.562873313, 1.1230926727, 0.66999007408, 0.48605068855, 0.84594878383, 0.56766400255, 1.3467582392, 19.279719949, 0.72071615403, 39.8112135186, 83.8901273622, 14.754399914, 94.7706913684, 21.8835385743]
    ],
    [
      [11.7380424391, 24.2191943996, 16.4721995982, 11.7838766035, 6.8938177857, 2.8970466305, 18.9704908836, 12.6329477211, 14.5564108459, 8.0379243734, 4.6240383211, 9.3003418735, 18.3150299612, 14.6100467054, 30.7202024774, 14.2088680889, 13.4349101641, 13.3170893486, 11.9767213559, 2.1666094026, 2.2315186382, 0.19875460573, 23.3650865691, 9.7256278735, 30.117051519, 20.6547678273, 23.4882829919, 5.6801940056, 17.7307041283, 51.6403396505, 38.1617548601, 13.2642154683, 35.7089877684, 15.1237873507, 4.0891660483, 24.1500287189, 6.2495341732, 12.2562231851, 2.5594014727, 0, 0.21219919355, 0.78046562666, 0, 0.090401596624, 11.0313525796, 0.48645943302, 3.0531614377, 47.1594278983, 7.038488516, 73.7182950406, 15.5914382038],
      [2.4159760599, 3.495217011, 4.5370999962, 3.4767650322, 1.0149943661, 1.8006844426, 3.393625224, 1.9811802031, 6.1043919183, 3.256592468, 1.9964500651, 2.9232696075, 2.1911404409, 3.929699545, 5.1032234243, 4.2709735202, 2.2313115422, 4.9005130813, 2.5394652377, 0.2382776745, 0.4218311506, 0.29341165195, 2.445858507, 0.82470676071, 4.3543751867, 4.6832365866, 2.4578041671, 0.49053686857, 3.1577298513, 7.6634383846, 6.7295222781, 2.0843763722, 4.246514808, 2.7981252547, 0.3501012869, 4.131667925, 2.1130863967, 1.2587686414, 0.2387879409, 0.016533383862, 0.038052146555, 0, 0.46017120167, 0.19523366455, 1.2496941045, 0, 3.2668980756, 10.8629185593, 1.1309388079, 10.6648693915, 2.0639425161],
      [314.4336372295, 524.7521946082, 666.0482129217, 349.0122276851, 199.2121068472, 153.7854579181, 485.2605548728, 317.9578538939, 522.9497714562, 285.9845548578, 138.2570516863, 153.0518164445, 365.8225706304, 270.3906299632, 488.7007701394, 295.7063919198, 286.5584290138, 445.1574727467, 410.4978905012, 29.7625468778, 26.478498641, 14.4818265158, 495.5623216734, 469.1437789623, 764.0319413947, 493.4480279597, 633.5355666405, 168.2929122111, 333.2151031317, 804.2968429192, 829.6366642856, 475.0919891636, 744.9291627093, 274.4212717093, 107.9117835604, 461.3307857741, 133.9845831126, 223.5766103974, 48.0870915205, 15.8408200976, 14.832801259, 11.8750409085, 4.06729744, 11.1169948166, 185.9344244541, 10.2203669083, 263.8760612566, 1737.2906660582, 248.0849470768, 1105.7454275073, 369.5285327761],
      [5.4123442715, 9.5333939812, 7.9424874838, 7.7271306792, 2.879081001, 2.5168110088, 4.3753290196, 3.4280181819, 11.3894257796, 5.7209283009, 2.1224599274, 0.72457207453, 5.6712589675, 7.0696237865, 9.4758039589, 7.8137664712, 5.7753492799, 9.6249248234, 4.9859229052, 0.83256604515, 0.86815157022, 1.0260072265, 7.6267332506, 5.3058864035, 7.4966318996, 11.2139676264, 6.5183462005, 2.5363569147, 7.8964628887, 14.3993790457, 12.4720585762, 5.5594189959, 9.1153347143, 6.6568156854, 1.6489491044, 10.387517582, 3.6527963176, 3.9083977761, 0.11471906586, 0.14264651852, 0.91694740093, 0.34449346479, 0.47253135836, 0.59736992224, 3.7845288618, 0.29317365867, 4.8038792302, 21.6869874842, 3.7456255993, 23.8714080605, 5.8160865039]
    ],
    [
      [2.1774686877, 3.674018341, 2.852569732, 1.6888224192, 1.176861693, 0.73898815188, 5.8478495869, 3.5320750719, 2.451951518, 2.1028812679, 0.61031705568, 4.5408658426, 3.2991098587, 1.6690795255, 4.5753019233, 2.4209048665, 1.3551435019, 2.4820105586, 1.804880316, 0.21152944549, 0.038710634094, 0.01245434473, 2.0669094258, 0.68834738892, 4.6382099308, 1.4089284882, 1.9423383176, 0.86700932753, 2.4529293998, 7.7782792505, 3.5842586774, 1.507539219, 3.624181828, 2.6040237458, 1.6710992704, 2.7717271494, 0.47203834281, 2.2743312087, 0.36171272089, 0, 0.010181661589, 0.36866527202, 0, 0.016661999781, 2.5041852936, 0.27791020724, 1.3633198786, 7.4749870129, 1.1448067644, 9.39469554, 0.72234664931],
      [27.6795540049, 29.0934703247, 36.8509436075, 25.3792462811, 13.2568778309, 15.5492664885, 46.7698387521, 31.765770962, 41.6697730304, 37.4186986708, 11.429912109, 19.9112041369, 15.8554422526, 23.4802243897, 42.0849079618, 36.435349134, 15.0375957738, 39.7108611469, 21.4677811598, 1.1222359147, 0.5336245059, 0.7113620086, 13.3479425743, 4.4985199439, 25.8930158523, 18.5641120211, 11.1229986315, 6.4996180971, 24.3288101119, 59.270256254, 38.0116686312, 13.3633550359, 22.4101528583, 27.6856522175, 11.6791439355, 26.2252235897, 6.0849228467, 11.6459064724, 2.6663939215, 1.8101892598, 0.45570625502, 1.12710196, 2.4378742066, 1.0227286044, 16.2673836114, 0.98996901887, 28.1991675686, 86.0494082124, 12.2039241692, 63.2280245096, 6.6496048311],
      [10.4208583032, 14.5623280563, 18.8741198937, 8.6426696582, 6.1473918927, 5.4335402107, 27.2328855358, 16.2356107811, 14.2266228116, 12.3220621224, 3.0603610928, 11.320088256, 11.1469115908, 5.5195837886, 13.0178151372, 8.9406523591, 5.2562723597, 13.8785948759, 10.7285966465, 0.48974134348, 0.075949509894, 0.077125231694, 7.9039216906, 5.0496702012, 20.9084958408, 6.0980327362, 9.4414466554, 4.6821198284, 8.3753795714, 21.2167068636, 14.2426300251, 9.3397970353, 13.4803779289, 8.534857548, 7.9897924651, 9.6352878873, 1.8571827728, 7.0592948742, 1.3072196083, 2.048142353, 0.066008370337, 0.73759791702, 0, 0.12636442395, 7.3824016115, 0.79966601757, 13.9331150027, 46.7174057748, 7.007594028, 24.1644166281, 3.1120171195],
      [27.7221190042, 46.670183278, 36.4223667668, 30.2892616415, 13.4188685835, 13.2782051489, 45.1494261252, 30.466543185, 48.65165264, 37.1563579389, 7.8994097425, 16.2278417645, 24.6985362979, 22.3311122963, 40.3219749777, 36.2030936404, 16.3509883646, 47.9285334186, 20.9987418777, 3.1764932964, 0.35171535011, 1.199058415, 18.6812263092, 8.7634624661, 32.5602783761, 22.9289267545, 15.4932163955, 9.951252747, 33.8428809168, 60.7347576319, 35.1614426663, 16.7893087098, 26.4852873848, 33.1754664887, 17.659964329, 37.3677613736, 11.5858560377, 18.0204674447, 1.6646737493, 1.1416683872, 0.46810371306, 2.766634851, 1.5621257934, 0.83424497188, 23.8460294835, 1.9324547563, 45.5043975501, 93.7581989999, 15.6436750384, 84.2128633223, 7.5160314002]
    ]
  ],
  "prob": [
    [0.19650699665, 0.00073283857858, 0.78548456056, 0.017275604211],
    [0.84805220787, 0.030322693874, 0.091635731161, 0.029989367099],
    [0.076112727572, 0.7427546331, 0.060281333966, 0.12085130536],
    [0.03902759908, 0.0073518719807, 0.93814736792, 0.015473161018],
    [0.038812686194, 0.36907221235, 0.16477954909, 0.42733555237]
  ],
  "iterations": 139,
  "logLik": -604.4058269981,
  "time": 0.071359,
  "message": "Converged",
  "status": 0,
  "miniter": 0,
  "maxiter": 1000,
  "maxtime": 3600,
  "param_threshold": 0.001,
  "ll_threshold": "-Inf",
  "initial_prob": "group_proportional",
  "adjust_prob_cond_method": "project_lp",
  "adjust_prob_cond_every": false,
  "candidates_id": ["GRAHAM, Kennedy Gollan Montrose.c", "YAU, Seam Kheon (Sam).c", "BROWNLEE, Gerard Anthony.c", "Other candidates votes.c"],
  "group_id": ["ACT New Zealand.p", "Green Party.p", "Labour Party.p", "National Party.p", "Other parties votes.p"]
}
