{
  "Z_true": {},
  "V_true": [
    [21, 88, 31, 1567, 380],
    [1663, 111, 265, 349, 223],
    [545, 713, 4699, 1752, 643],
    [39, 200, 27, 6032, 187],
    [76, 2997, 170, 1960, 179],
    [38, 106, 83, 899, 524],
    [121, 166, 227, 501, 791]
  ],
  "p_true": [
    [0.0101, 0.0422, 0.0149, 0.7508, 0.1821],
    [0.6369, 0.0425, 0.1015, 0.1337, 0.0854],
    [0.0653, 0.0854, 0.5626, 0.2098, 0.077],
    [0.006, 0.0308, 0.0042, 0.9301, 0.0288],
    [0.0141, 0.5569, 0.0316, 0.3642, 0.0333],
    [0.023, 0.0642, 0.0503, 0.5448, 0.3176],
    [0.067, 0.0919, 0.1257, 0.2774, 0.438]
  ],
  "Z_est": {},
  "V_est": [
    [0, 0, 0, 2003.7862, 83.2138],
    [2186.2972, 4.949, 123.9294, 0, 295.8244],
    [316.7028, 176.6613, 5086.5391, 1975.4205, 796.6763],
    [0, 0, 0, 6485, 0],
    [0, 3920.1097, 0, 1429.5641, 32.3261],
    [0, 0, 0, 1166.2292, 483.7708],
    [0, 279.28, 291.5316, 0, 1235.1885]
  ],
  "p_est": [
    [0, 0, 0, 0.9601, 0.0399],
    [0.8373, 0.0019, 0.0475, 0, 0.1133],
    [0.0379, 0.0212, 0.609, 0.2365, 0.0954],
    [0, 0, 0, 1, 0],
    [0, 0.7284, 0, 0.2656, 0.006],
    [0, 0, 0, 0.7068, 0.2932],
    [0, 0.1546, 0.1614, 0, 0.6839]
  ],
  "EI_Z": {},
  "EI_V": 14.3195,
  "MAE_Z": {},
  "MAE_V": 232.1647,
  "MAE_p": 0.073,
  "runtime": 0.0547
}
