{
  "X": [
    [6, 9, 15, 2, 1],
    [12, 13, 14, 3, 0],
    [2, 4, 1, 1, 0],
    [11, 18, 13, 2, 4],
    [3, 3, 1, 1, 0],
    [17, 29, 52, 3, 8],
    [3, 2, 7, 1, 3],
    [8, 22, 18, 3, 4],
    [463, 413, 584, 42, 59],
    [156, 201, 268, 29, 24],
    [77, 79, 64, 10, 15],
    [121, 129, 187, 7, 19],
    [159, 271, 209, 32, 47],
    [16, 12, 51, 2, 6],
    [5, 7, 16, 0, 1],
    [140, 127, 182, 20, 36],
    [291, 289, 380, 43, 44],
    [101, 156, 204, 13, 31],
    [163, 292, 356, 36, 66],
    [101, 196, 356, 20, 32],
    [115, 195, 325, 34, 58],
    [73, 83, 159, 12, 22],
    [93, 127, 218, 17, 30],
    [104, 257, 392, 29, 67],
    [163, 268, 331, 45, 63],
    [159, 509, 388, 46, 85],
    [145, 253, 377, 52, 49],
    [119, 251, 270, 30, 80],
    [41, 61, 108, 14, 16],
    [93, 135, 254, 18, 30],
    [6, 6, 12, 1, 1],
    [62, 107, 150, 21, 15],
    [7, 2, 5, 0, 0],
    [38, 35, 72, 2, 5],
    [27, 48, 69, 8, 13],
    [10, 7, 16, 1, 1],
    [1, 5, 4, 1, 3],
    [10, 30, 16, 2, 5],
    [2, 7, 4, 1, 3],
    [2, 8, 3, 2, 0],
    [60, 67, 66, 9, 9],
    [16, 15, 18, 3, 4],
    [83, 136, 133, 29, 30],
    [258, 259, 700, 56, 69],
    [25, 80, 160, 22, 20],
    [157, 262, 377, 57, 53],
    [39, 44, 57, 5, 4],
    [22, 14, 13, 2, 1],
    [6, 13, 9, 0, 0],
    [37, 43, 100, 4, 8],
    [28, 77, 68, 10, 21],
    [208, 469, 501, 47, 57],
    [1, 7, 3, 0, 1],
    [165, 178, 300, 27, 40],
    [82, 89, 196, 13, 9],
    [217, 241, 446, 25, 34],
    [1677, 2343, 2784, 363, 465],
    [335, 327, 375, 53, 103],
    [744, 883, 1206, 125, 204],
    [522, 332, 408, 17, 78]
  ],
  "W": [
    [5, 10, 17, 1],
    [7, 10, 24, 1],
    [1, 1, 6, 0],
    [3, 8, 31, 6],
    [1, 0, 6, 1],
    [10, 40, 50, 9],
    [1, 5, 10, 0],
    [6, 11, 32, 6],
    [183, 437, 907, 34],
    [62, 214, 381, 21],
    [19, 50, 165, 11],
    [37, 140, 270, 16],
    [58, 165, 454, 41],
    [6, 46, 34, 1],
    [1, 10, 18, 0],
    [45, 148, 291, 21],
    [126, 269, 618, 34],
    [48, 126, 304, 27],
    [58, 227, 581, 47],
    [40, 229, 418, 18],
    [52, 235, 398, 42],
    [21, 102, 205, 21],
    [41, 132, 285, 27],
    [43, 265, 479, 62],
    [65, 238, 519, 48],
    [56, 268, 792, 71],
    [61, 216, 553, 46],
    [49, 208, 441, 52],
    [14, 72, 143, 11],
    [27, 185, 280, 38],
    [1, 12, 13, 0],
    [29, 117, 191, 18],
    [1, 5, 8, 0],
    [17, 47, 82, 6],
    [9, 51, 97, 8],
    [3, 12, 20, 0],
    [2, 3, 7, 2],
    [6, 11, 45, 1],
    [2, 4, 9, 2],
    [1, 3, 11, 0],
    [22, 52, 132, 5],
    [7, 13, 34, 2],
    [41, 77, 277, 16],
    [87, 479, 742, 34],
    [8, 131, 150, 18],
    [71, 252, 550, 33],
    [12, 44, 89, 4],
    [5, 14, 31, 2],
    [1, 6, 21, 0],
    [22, 80, 86, 4],
    [14, 48, 130, 12],
    [83, 320, 825, 54],
    [2, 2, 8, 0],
    [55, 210, 416, 29],
    [45, 131, 206, 7],
    [74, 351, 518, 20],
    [585, 2214, 4482, 351],
    [161, 307, 654, 71],
    [427, 913, 1665, 157],
    [213, 338, 759, 47]
  ],
  "method": "mvn_pdf",
  "cond_prob": [
    [
      [0.75934413726, 0.08231611918, 0.12045616605, 0.018517472949, 0.019366104561],
      [0.059362040812, 0.067753331152, 0.82372483446, 0.036884372607, 0.012275420964],
      [0.094525340973, 0.44047172323, 0.35612031412, 0.084872815905, 0.024009805772],
      [0.0027281090339, 0.42286679764, 0.10642548509, 0.095731038797, 0.37224856944]
    ],
    [
      [0.86203579461, 0.061120258466, 0.061804125191, 0.015039821732, 0],
      [0.14266626254, 0.089721650662, 0.72132238649, 0.046289700302, 0],
      [0.18010796493, 0.4639977735, 0.26092239593, 0.094971865639, 0],
      [0.21649565387, 0.53899512022, 0.092009756403, 0.15249946951, 0]
    ],
    [
      [0.89530205726, 0.065379549271, 0.018980721545, 0.020337671923, 0],
      [0.1642982767, 0.17453522976, 0.58002659844, 0.081139895101, 0],
      [0.15673327767, 0.62668087016, 0.066832113335, 0.14975373883, 0],
      [0.0053058153161, 0.79281404817, 0.044065187853, 0.15745769067, 0.00035725798338]
    ],
    [
      [0.88082598064, 0.051950816089, 0.045636155654, 0.0055856213905, 0.016001426224],
      [0.18068246961, 0.095373554294, 0.6807638197, 0.023099728219, 0.02008042818],
      [0.22169667448, 0.47000371153, 0.22731101462, 0.048414499661, 0.032574099699],
      [0.0065775653718, 0.4185073433, 0.061723253689, 0.049599303432, 0.4635925342]
    ],
    [
      [0.96248221839, 0.014327075323, 0.011719997296, 0.011470708989, 0],
      [0.29855389311, 0.07983963598, 0.57704267316, 0.041679683464, 0.0028841142813],
      [0.32532764487, 0.39144516763, 0.15305710962, 0.13017007788, 0],
      [0.085551912373, 0.63700191889, 0.069937344995, 0.20750882374, 0]
    ],
    [
      [0.76975248861, 0.077973012351, 0.11176121675, 0.0072513255494, 0.033261956742],
      [0.078569839069, 0.074021709116, 0.80826771979, 0.016850660849, 0.02229007118],
      [0.12277680783, 0.4422765085, 0.3553106306, 0.037804760868, 0.041831292201],
      [0.0023156844217, 0.34950845408, 0.087349723448, 0.040358029685, 0.52046810837]
    ],
    [
      [0.48321798943, 0.023502856712, 0.06611672474, 0.0093585693858, 0.41780385973],
      [0.12185347864, 0.056564585434, 0.61530652798, 0.040745060295, 0.16553034765],
      [0.19075146174, 0.16936742161, 0.38573506354, 0.078691612914, 0.1754544402],
      [5.4629950627e-06, 0.00017192213717, 0.0001010607573, 4.5856946124e-05, 0.99967569716]
    ],
    [
      [0.74056965027, 0.11412617796, 0.099989453374, 0.014789274771, 0.030525443632],
      [0.076166802129, 0.10828654375, 0.76166220734, 0.03328520275, 0.02059924403],
      [0.084951281457, 0.54426821563, 0.26934711866, 0.067252053677, 0.034181330576],
      [5.1044727798e-05, 0.45125134183, 0.067111866958, 0.065510233913, 0.41607551257]
    ],
    [
      [0.87998042666, 0.043372184766, 0.0552576394, 0.0039965398463, 0.017393209331],
      [0.17996337918, 0.074493994127, 0.70911961073, 0.016947290545, 0.019475725419],
      [0.24592774445, 0.397027206, 0.28800258291, 0.035514524393, 0.03352794224],
      [0.0077388530017, 0.36486290912, 0.08188939411, 0.048558635755, 0.49695020801]
    ],
    [
      [0.84399219911, 0.061211974167, 0.067839099254, 0.008207756656, 0.018748970817],
      [0.14377306007, 0.085753316324, 0.72659236545, 0.027523684805, 0.016357573351],
      [0.1910190034, 0.44667308541, 0.27982337905, 0.055415372042, 0.027069160093],
      [0.0060385002511, 0.4129143984, 0.080500105744, 0.070847323376, 0.42969967223]
    ],
    [
      [0.90723405278, 0.038484277229, 0.031963486195, 0.0047901582059, 0.017528025589],
      [0.25675584552, 0.093514299843, 0.59484768048, 0.02628857927, 0.02859359488],
      [0.28391710026, 0.42322569103, 0.20045387462, 0.048573145291, 0.0438301888],
      [0.0071308343512, 0.34189497466, 0.052310947776, 0.052726277958, 0.54593696526]
    ],
    [
      [0.87653005942, 0.045709491564, 0.059116540044, 0.0021664784734, 0.016477430504],
      [0.17042609838, 0.075753361693, 0.72789964949, 0.0085196002164, 0.017401290218],
      [0.23920388724, 0.40922911622, 0.30180649004, 0.019087156394, 0.030673350102],
      [0.0077302795127, 0.3882135497, 0.088686548709, 0.035847752492, 0.47952186958]
    ],
    [
      [0.83642482616, 0.073126454476, 0.053673187689, 0.0081817312992, 0.028593800379],
      [0.16274312649, 0.11603294356, 0.65969521862, 0.030966103026, 0.030562608308],
      [0.18376739336, 0.51026057694, 0.20919850451, 0.053203642581, 0.043569882607],
      [0.0049840884323, 0.38914458594, 0.050271292532, 0.055160947648, 0.50043908545]
    ],
    [
      [0.80408609744, 0.038773827728, 0.093929977866, 0.0052768348356, 0.057933262134],
      [0.10829316416, 0.0359569052, 0.80137669443, 0.015564270453, 0.038808965765],
      [0.18209567577, 0.29366075369, 0.39763804153, 0.036220933413, 0.090384595593],
      [0.0027448880098, 0.12887376897, 0.053398777051, 0.020870814107, 0.79411175186]
    ],
    [
      [0.83404442805, 0.04671059107, 0.10059148176, 0, 0.018653499122],
      [0.092943679985, 0.048781667876, 0.83800029187, 0, 0.020274360271],
      [0.17980659845, 0.35919292945, 0.41774475553, 0, 0.043255716565],
      [0.0044890778754, 0.28419749049, 0.106961921, 0.014980242737, 0.5893712679]
    ],
    [
      [0.87702392676, 0.039454135509, 0.049549923162, 0.0058998089894, 0.028072205576],
      [0.18825004578, 0.071922493356, 0.68070101438, 0.025295521735, 0.033830924752],
      [0.24933716747, 0.37493263264, 0.26741490503, 0.051429219425, 0.056886075424],
      [0.0055143231251, 0.26069708506, 0.057560284036, 0.048803263141, 0.62742504463]
    ],
    [
      [0.86570752102, 0.048301869677, 0.060306272712, 0.0069149350593, 0.018769401533],
      [0.16329755727, 0.075482744875, 0.7164876701, 0.025569078742, 0.019162949008],
      [0.22291516088, 0.4047938976, 0.28629328394, 0.053356204432, 0.032641453147],
      [0.0068305888463, 0.36607286275, 0.080499320732, 0.066955931232, 0.47964129644]
    ],
    [
      [0.80608379985, 0.068261639896, 0.090187186576, 0.0054521200839, 0.030015253596],
      [0.1093434847, 0.077074289171, 0.77624951064, 0.014674171427, 0.022658544056],
      [0.15925305931, 0.43899348713, 0.32774143219, 0.032298728927, 0.04171329244],
      [0.004361796424, 0.35400225048, 0.082599308021, 0.03964959416, 0.51938705091]
    ],
    [
      [0.80011281234, 0.068906186656, 0.084428881497, 0.0081632888781, 0.038388830633],
      [0.11290672748, 0.080566768035, 0.75394710546, 0.02285466821, 0.029724730813],
      [0.15626699261, 0.43919122249, 0.30433009755, 0.048374650543, 0.05183703681],
      [0.003670362543, 0.30946137368, 0.066837133171, 0.04750739566, 0.57252373494]
    ],
    [
      [0.76505837318, 0.072637697489, 0.1219655014, 0.0072423249688, 0.033096102962],
      [0.077753138982, 0.067139509911, 0.82040118168, 0.014857674279, 0.019848495149],
      [0.12566902783, 0.41065077193, 0.38622001301, 0.037090962201, 0.040369225031],
      [0.0034745896226, 0.33708453699, 0.10053021667, 0.044659855084, 0.51425080163]
    ],
    [
      [0.77034853801, 0.070010585029, 0.10135711304, 0.011340542172, 0.046943221754],
      [0.091003965162, 0.071613424106, 0.77893070781, 0.027518112354, 0.030933790568],
      [0.13428897591, 0.41016471987, 0.33615789637, 0.061745383456, 0.057643024395],
      [0.0025936142507, 0.26868420015, 0.068806453109, 0.056401733059, 0.60351399943]
    ],
    [
      [0.84375960141, 0.043809994657, 0.08301098234, 0.0059770638121, 0.02344235778],
      [0.12627289958, 0.05265403531, 0.78375706784, 0.017746485466, 0.01956951181],
      [0.20618530864, 0.34324513293, 0.36689132368, 0.043708978739, 0.039969256016],
      [0.0063440163221, 0.30209648862, 0.10003938556, 0.052571404802, 0.5389487047]
    ],
    [
      [0.80520088411, 0.057816402286, 0.1004699439, 0.0074042776816, 0.029108492027],
      [0.10099659303, 0.060252754344, 0.7999547565, 0.018419467929, 0.020376428201],
      [0.16325971333, 0.37947915882, 0.37076449756, 0.045122491293, 0.041374138995],
      [0.0046738953043, 0.31572606183, 0.096993430997, 0.052042401104, 0.53056421076]
    ],
    [
      [0.74530838373, 0.084024283376, 0.11805959636, 0.0089015003549, 0.043706236182],
      [0.073898151453, 0.077730847726, 0.80298188423, 0.019051907786, 0.026337208809],
      [0.10914102198, 0.44451235686, 0.35319331635, 0.043476578258, 0.049676726551],
      [0.0014545134998, 0.32043326178, 0.07989741138, 0.044245144123, 0.55396966922]
    ],
    [
      [0.80417199631, 0.068758878052, 0.078675977367, 0.010930251952, 0.037462896323],
      [0.11888836612, 0.084123935764, 0.73470232718, 0.031893799412, 0.030391571522],
      [0.15848569596, 0.44056928713, 0.28522369265, 0.064747472259, 0.050973852009],
      [0.0037356854259, 0.30945242076, 0.062412731638, 0.064476484598, 0.55992267758]
    ],
    [
      [0.75620646294, 0.11044378971, 0.081381784912, 0.0093316574887, 0.042636304951],
      [0.10336387629, 0.12559258753, 0.71210535448, 0.025839064083, 0.033099117622],
      [0.1121074364, 0.55671383353, 0.23853083172, 0.044798728615, 0.047849169738],
      [0.0022792901931, 0.39773208686, 0.051858680538, 0.043267111877, 0.50486283053]
    ],
    [
      [0.78388913283, 0.067032343205, 0.10592790069, 0.013535055098, 0.029615568175],
      [0.091652130254, 0.066713549572, 0.79102291615, 0.031275843687, 0.019335560333],
      [0.13962112394, 0.39661902689, 0.35339622808, 0.072928614724, 0.037435006363],
      [0.0038135048562, 0.32979518445, 0.092376826977, 0.088896857836, 0.48511762589]
    ],
    [
      [0.76133766999, 0.083624433722, 0.07910842523, 0.0093074879421, 0.066621983119],
      [0.10885718681, 0.10086387848, 0.71530619301, 0.026662794035, 0.048309947666],
      [0.13364809597, 0.48302947957, 0.26113751229, 0.050215473348, 0.071969438826],
      [0.0021797883086, 0.24820606797, 0.04189146342, 0.035635542022, 0.67208713828]
    ],
    [
      [0.7988780968, 0.057283328484, 0.095354644047, 0.012521285234, 0.035962645435],
      [0.10156591126, 0.060580215489, 0.7799175735, 0.031686588441, 0.026249711311],
      [0.15706699576, 0.36984954696, 0.34720469951, 0.074817687233, 0.051061070527],
      [0.0038527854643, 0.26797933367, 0.078245241888, 0.076758033156, 0.57316460583]
    ],
    [
      [0.82349945185, 0.055591495616, 0.09237437235, 0.0067863817667, 0.021748298418],
      [0.11232700486, 0.062805487726, 0.7912504023, 0.018300666709, 0.015316438397],
      [0.17772952992, 0.38645295817, 0.36115949906, 0.043805096979, 0.030852915863],
      [0.0058092242444, 0.35982068687, 0.10526073113, 0.056992557818, 0.47211679993]
    ],
    [
      [0.89517605812, 0.037514283966, 0.047219823875, 0.004736092573, 0.015353741468],
      [0.16645967791, 0.062772039157, 0.70980565885, 0.029357421124, 0.031605202953],
      [0.23902367746, 0.40070932663, 0.26423940538, 0.049459604149, 0.046567986392],
      [0.0055314051805, 0.27739312723, 0.061142092051, 0.033808954702, 0.62212442084]
    ],
    [
      [0.79447478113, 0.078065455826, 0.090315521714, 0.014145335787, 0.022998905548],
      [0.10362467419, 0.086951777703, 0.75720460092, 0.036415113335, 0.01580383385],
      [0.14011511686, 0.45681315664, 0.29999101848, 0.076099278125, 0.026981429901],
      [0.0041198414896, 0.40619060401, 0.082757057406, 0.099680826669, 0.40725167043]
    ],
    [
      [0.96362014669, 0.011445034554, 0.02493481876, 0, 0],
      [0.3969310822, 0.062507336051, 0.54056158175, 0, 0],
      [0.50646555529, 0.20950228565, 0.28403215906, 0, 0],
      [0.054506105485, 0.44595025199, 0.13383711045, 0.018835739008, 0.34687079307]
    ],
    [
      [0.85386838289, 0.044751914128, 0.085843256002, 0.0019123406019, 0.013624106373],
      [0.12599357256, 0.05522588141, 0.80366025853, 0.0056992448949, 0.0094210426069],
      [0.2135831644, 0.35765681285, 0.38998909389, 0.017964371789, 0.020806557075],
      [0.0081200165796, 0.38595706337, 0.13158779973, 0.03775786883, 0.43657725149]
    ],
    [
      [0.79130948824, 0.067586089533, 0.085351192483, 0.010343109686, 0.045410120054],
      [0.10647840275, 0.076948504301, 0.75313336122, 0.029174040214, 0.034265691512],
      [0.14869800805, 0.42633784155, 0.30263100254, 0.061934623774, 0.060398524088],
      [0.0030136605753, 0.2640726056, 0.058353824861, 0.051422181985, 0.62313772698]
    ],
    [
      [0.90082490794, 0.028024458441, 0.05400850088, 0.0042814885518, 0.012860644183],
      [0.16245727701, 0.045110140452, 0.75602381268, 0.017414895748, 0.018993874104],
      [0.2674018976, 0.31873024696, 0.33828443726, 0.038908839269, 0.03667457891],
      [0.0082413951069, 0.29739956424, 0.096554311221, 0.038294898859, 0.55950983057]
    ],
    [
      [0.5, 0.17531670712, 0.11129164274, 0.030687901076, 0.18270374906],
      [0, 0.14205501962, 0.72901251611, 0.05255954477, 0.076372919496],
      [0, 0.58152273968, 0.22185726729, 0.1041534728, 0.092466520235],
      [0, 0.076271174566, 0.018689147586, 0.025935626978, 0.87910405087]
    ],
    [
      [0.72993224545, 0.12462320544, 0.067530756011, 0.0077904390618, 0.070123354038],
      [0.10417035295, 0.15460996516, 0.66092842682, 0.022264555649, 0.058026699429],
      [0.099398273144, 0.60577079006, 0.18438791032, 0.03750472926, 0.07293829721],
      [0.0016103534219, 0.29186559784, 0.027146804358, 0.020634436795, 0.65874280759]
    ],
    [
      [0.64877947244, 0.14586886088, 0.065148565776, 0.019518769722, 0.12068433118],
      [0.06601052657, 0.16493938945, 0.63770540526, 0.047513161359, 0.083831517354],
      [0.048710994315, 0.64076498509, 0.14414041525, 0.080767359484, 0.085616245858],
      [0, 0.14080992729, 0.010808755072, 0.022001789882, 0.82637952776]
    ],
    [
      [0.76832893292, 0.14482313588, 0.049732537183, 0.03711539402, 0],
      [0.10311259866, 0.19692317269, 0.57140988505, 0.12855434361, 0],
      [0.083848479192, 0.66040066782, 0.11236707342, 0.14338377956, 0],
      [0.0024613407783, 0.64567802201, 0.035449379174, 0.25618612171, 0.060225136329]
    ],
    [
      [0.87769991896, 0.050553133964, 0.045969366217, 0.0066583094663, 0.019119271391],
      [0.19281899235, 0.093818195485, 0.66109599502, 0.028452641068, 0.023814176071],
      [0.23205014666, 0.44779466709, 0.2295750424, 0.053569176365, 0.037010967478],
      [0.0066789642839, 0.38007776624, 0.061555320951, 0.060569715213, 0.49111823332]
    ],
    [
      [0.87153955751, 0.041645769546, 0.048738887304, 0.0090438607467, 0.029031924893],
      [0.17063766278, 0.072405882158, 0.68907567053, 0.033410999062, 0.034469785463],
      [0.22564457235, 0.39059938405, 0.25301694859, 0.07044980642, 0.06028928859],
      [0.0045090106042, 0.24341204379, 0.049133909919, 0.053528284348, 0.64941675134]
    ],
    [
      [0.79184204698, 0.071655557888, 0.076647412251, 0.015186058451, 0.044668924428],
      [0.11691685397, 0.08796645939, 0.71297591529, 0.046012215092, 0.036128556264],
      [0.1497469869, 0.44001089308, 0.26759249546, 0.084795452079, 0.057854172486],
      [0.0032476842531, 0.27535546057, 0.052199336226, 0.084130675978, 0.58506684298]
    ],
    [
      [0.81542794116, 0.043321924095, 0.10146616943, 0.0086624056833, 0.031121559626],
      [0.10602130295, 0.041667144666, 0.80765529896, 0.022186981751, 0.022469271679],
      [0.18342370184, 0.30563399991, 0.40546209713, 0.057268833977, 0.048211367145],
      [0.0050934777381, 0.24976477575, 0.101549382, 0.062509754004, 0.5810826105]
    ],
    [
      [0.7130698123, 0.0887838018, 0.12874391947, 0.024831309234, 0.044571157192],
      [0.052535034121, 0.081079943705, 0.80136050196, 0.038695728398, 0.026328791815],
      [0.082722355079, 0.42170567298, 0.35058007678, 0.098177214254, 0.046814680905],
      [0.00027770944004, 0.30068922296, 0.078045076109, 0.11142372044, 0.50956427106]
    ],
    [
      [0.78229729888, 0.070294673349, 0.095239832528, 0.014932404993, 0.037235790252],
      [0.098372122538, 0.075250020151, 0.76328795607, 0.036696167614, 0.026393733621],
      [0.13919213064, 0.41467168035, 0.31908406241, 0.079584142701, 0.047467983907],
      [0.0033771227066, 0.30232269465, 0.072520382889, 0.088517773359, 0.53326202639]
    ],
    [
      [0.8798753529, 0.047963856605, 0.054972709888, 0.0051922327987, 0.011995847811],
      [0.17398109363, 0.081240068583, 0.71209482217, 0.020798394388, 0.011885621234],
      [0.23318791415, 0.42789547499, 0.27701004672, 0.04256447361, 0.019342090536],
      [0.0081508216552, 0.44179335735, 0.088565286909, 0.058581425513, 0.40290910857]
    ],
    [
      [0.94555567811, 0.026688226079, 0.020835271503, 0.0045198537775, 0.0024009705285],
      [0.37746029884, 0.094763552677, 0.4961270905, 0.025533200447, 0.0061158575402],
      [0.38558257566, 0.37328229603, 0.18717750333, 0.047804943531, 0.0061526814525],
      [0.017358790128, 0.4840589776, 0.073770886187, 0.068991337698, 0.35582000838]
    ],
    [
      [0.87603338386, 0.073760035683, 0.050206580459, 0, 0],
      [0.17059227592, 0.12513191568, 0.70427580841, 0, 0],
      [0.19525776003, 0.57978326049, 0.22495897948, 0, 0],
      [0.0067973115378, 0.68895802113, 0.077057002976, 0.02007479328, 0.20711287108]
    ],
    [
      [0.78956306863, 0.066179101261, 0.10835914973, 0.0054980562341, 0.03040062414],
      [0.089184212878, 0.066049673153, 0.81129722646, 0.012303962833, 0.021164924677],
      [0.14510181151, 0.40615183072, 0.37587739434, 0.031872568608, 0.040996394822],
      [0.0040299174408, 0.33275711953, 0.096716169044, 0.038421208982, 0.528075585]
    ],
    [
      [0.72581182887, 0.10133084077, 0.084710321277, 0.012301729233, 0.07584527985],
      [0.09209135311, 0.11228721793, 0.71080140644, 0.032681588788, 0.052138433736],
      [0.10311691758, 0.51654387296, 0.24802517208, 0.05992545838, 0.072388578998],
      [0.0010875134053, 0.25340652362, 0.037692968593, 0.03906249496, 0.66875049942]
    ],
    [
      [0.785347864, 0.087601290934, 0.092062362946, 0.0084019194089, 0.026586562712],
      [0.1021344284, 0.095084091514, 0.76212439717, 0.021876637324, 0.01878044559],
      [0.13324599005, 0.49463024709, 0.29719169167, 0.044140303065, 0.030791768124],
      [0.0037994149927, 0.43022647633, 0.079553169418, 0.053451235486, 0.43296970377]
    ],
    [
      [0.47018922201, 0.34714082313, 0.10203554736, 0, 0.080634407498],
      [0.029810777988, 0.21656548956, 0.70455541179, 0, 0.049068320661],
      [0, 0.73407342183, 0.17335226021, 0, 0.09257431796],
      [0.00032235980479, 0.16794717434, 0.010175485982, 0.001184489294, 0.82037049058]
    ],
    [
      [0.85118971337, 0.045768507404, 0.071603733531, 0.0065811732576, 0.024856872435],
      [0.14163670111, 0.062146308764, 0.75165915795, 0.021656785272, 0.0229010469],
      [0.21218258706, 0.36914352412, 0.32640144297, 0.049191095979, 0.043081349876],
      [0.0059621487249, 0.30580349035, 0.083805903861, 0.056090159874, 0.54833829719]
    ],
    [
      [0.80631808378, 0.057762446723, 0.11053709508, 0.0080071329754, 0.017375241443],
      [0.094972211211, 0.057294153527, 0.82035183256, 0.018689386569, 0.0086924161366],
      [0.16133137303, 0.37001020215, 0.40117927929, 0.047207070164, 0.020272075366],
      [0.0057233881732, 0.38186487753, 0.13097273181, 0.06667327453, 0.41476572796]
    ],
    [
      [0.84819531966, 0.051302260828, 0.075315454032, 0.0049264376838, 0.020260527793],
      [0.13716163533, 0.068438598744, 0.76208980049, 0.015157695255, 0.017152270179],
      [0.20455782169, 0.3974230798, 0.33019011761, 0.035419033264, 0.032409947635],
      [0.006443035455, 0.36582646015, 0.094732775289, 0.048401667315, 0.48459606179]
    ],
    [
      [0.83836410615, 0.060856727376, 0.06316278809, 0.0088158282456, 0.028800550139],
      [0.14916769454, 0.088783666522, 0.70339392826, 0.030722369862, 0.027932340815],
      [0.19066215888, 0.44434722773, 0.26057097998, 0.059619025397, 0.044800608014],
      [0.0049912424253, 0.3397934534, 0.062269172393, 0.064418637525, 0.52852749426]
    ],
    [
      [0.85432897741, 0.050761612535, 0.051502930799, 0.0077390988522, 0.035667380402],
      [0.17552282096, 0.086133670921, 0.6677750623, 0.030977451947, 0.039590993878],
      [0.21902128822, 0.41852333047, 0.24206515972, 0.058971973251, 0.061418248338],
      [0.0046141705147, 0.26295894766, 0.047753092347, 0.051778265229, 0.63289552425]
    ],
    [
      [0.81533328579, 0.065453102397, 0.077291458549, 0.0086373262382, 0.033284827025],
      [0.124401149, 0.082018327743, 0.74000149676, 0.025861378317, 0.027717648184],
      [0.1691314226, 0.43781186039, 0.29232197016, 0.053429318808, 0.047305428047],
      [0.0042714604838, 0.32619136626, 0.06789235894, 0.055672659091, 0.54597215523]
    ],
    [
      [0.90962919916, 0.03425066281, 0.038026210771, 0, 0.018093927261],
      [0.25903730846, 0.079206728536, 0.62330490194, 0.0091404929183, 0.02931056814],
      [0.31661213026, 0.37363905997, 0.24548122931, 0.016511611082, 0.047755969366],
      [0.0082077329551, 0.30512102248, 0.061768238271, 0.029323416649, 0.59557958965]
    ]
  ],
  "expected_outcome": [
    [
      [3.7967206863, 6.0342505623, 0.89530205726, 2.6424779419, 0.96248221839, 7.6975248861, 0.48321798943, 4.4434179016, 161.0364180781, 52.3275163446, 17.2374470028, 32.4316121984, 48.5126399171, 4.8245165846, 0.83404442805, 39.4660767044, 109.0791476484, 38.6920223927, 46.4065431155, 30.6023349273, 40.0581239763, 17.7189516296, 33.0132362484, 32.0482605004, 52.2711797599, 42.3475619247, 47.8172371029, 37.3055458294, 11.1842933552, 22.2344851999, 0.89517605812, 23.0397686526, 0.96362014669, 14.5157625092, 7.1217853942, 2.7024747238, 1, 4.3795934727, 1.2975589449, 0.76832893292, 19.3093982172, 6.1007769026, 32.4655239263, 70.9422308812, 5.7045584984, 55.5431082204, 10.5585042348, 4.7277783906, 0.87603338386, 17.3703875099, 10.1613656042, 65.183872712, 0.94037844402, 46.8154342355, 36.28431377, 62.7664536551, 490.4430020974, 137.5469653632, 348.1473130326, 193.7510194206],
      [0.4115805959, 0.42784180926, 0.065379549271, 0.15585244827, 0.014327075323, 0.77973012351, 0.023502856712, 0.68475706774, 7.9371098122, 3.7951423984, 0.73120126735, 1.6912511879, 4.2413343596, 0.23264296637, 0.04671059107, 1.7754360979, 6.0860355793, 3.276558715, 3.996558826, 2.9055078996, 3.6405504215, 0.9200098878, 2.3704724937, 3.6130441852, 4.4693270734, 6.1848522235, 4.0889729355, 4.0975972524, 0.80196659878, 1.5009703816, 0.037514283966, 2.263898219, 0.011445034554, 0.76078254018, 0.6082748058, 0.084073375322, 0.35063341423, 0.74773923262, 0.29173772176, 0.14482313588, 1.1121689472, 0.29152038682, 2.9378778734, 3.7690073963, 0.7102704144, 4.9909218078, 0.57556627926, 0.13344113039, 0.073760035683, 1.4559402277, 1.4186317708, 7.2709071475, 0.69428164626, 2.5172679072, 2.5993101026, 3.7963673013, 35.6011855149, 8.1726196182, 27.9484747236, 7.2953911784],
      [0.60228083025, 0.43262887633, 0.018980721545, 0.13690846696, 0.011719997296, 1.1176121675, 0.06611672474, 0.59993672024, 10.1121480101, 4.2060241537, 0.60730623771, 2.1873119816, 3.113044886, 0.5635798672, 0.10059148176, 2.2297465423, 7.5985903617, 4.3289849556, 4.8968751268, 4.8786200559, 5.270569878, 1.7432306291, 4.1192676999, 5.0765626433, 5.1139385288, 4.5573799551, 6.4616019419, 3.8763128363, 1.3349650167, 2.4941080535, 0.047219823875, 2.6191501297, 0.02493481876, 1.459335352, 0.76816073234, 0.16202550264, 0.22258328549, 0.40518453607, 0.13029713155, 0.049732537183, 1.0113260568, 0.34117221113, 3.1425439023, 8.8275567406, 1.0299513558, 6.7620281095, 0.65967251866, 0.10417635751, 0.050206580459, 2.3839012941, 1.1859444979, 7.6411761245, 0.20407109473, 3.9382053442, 4.9741692786, 5.5733435983, 36.9502310324, 8.2919718587, 33.0034528005, 8.0995828943],
      [0.092587364746, 0.10527875212, 0.020337671923, 0.016756864172, 0.011470708989, 0.072513255494, 0.0093585693858, 0.088735648629, 0.73136679187, 0.50888091267, 0.091013005912, 0.080159703517, 0.47454041535, 0.031661009014, 0, 0.26549140452, 0.87128181747, 0.26170176402, 0.47347075493, 0.28969299875, 0.58970819292, 0.12551834005, 0.30357538495, 0.38276451526, 0.71046637689, 0.52257281937, 0.82563836097, 0.45606690916, 0.17529799328, 0.1832323077, 0.004736092573, 0.41021473781, 0, 0.032509790232, 0.093087987172, 0.012844465655, 0.061375802152, 0.046742634371, 0.039037539444, 0.03711539402, 0.14648280826, 0.063307025227, 0.62262839647, 0.75362929445, 0.19865047387, 1.0602007545, 0.062306793585, 0.022599268888, 0, 0.12095723715, 0.17222420926, 0.69735931094, 0, 0.36196452917, 0.36032098389, 0.3645563886, 5.1572595237, 1.2459949152, 3.6881383037, 0],
      [0.096830522803, 0, 0, 0.048004278673, 0, 0.33261956742, 0.41780385973, 0.18315266179, 3.1829573076, 1.1624361906, 0.33303248619, 0.60966492864, 1.658440422, 0.3475995728, 0.018653499122, 1.2632492509, 2.3649445932, 1.4407321726, 2.2265521767, 1.3238441185, 2.4410475312, 0.49228951338, 1.1934481731, 1.8793681558, 2.435088261, 2.3876330773, 1.8065496587, 3.2644771728, 0.50347703609, 0.58720405729, 0.015353741468, 0.66696826089, 0, 0.23160980834, 0.40869108049, 0.038581932548, 0.36540749813, 0.42074012423, 0.24136866235, 0, 0.42062397061, 0.20322347425, 1.8314259015, 2.7075756875, 0.35656925754, 2.6437411079, 0.14395017373, 0.012004852643, 0, 0.66881373109, 1.0618339179, 2.2066847051, 0.161268815, 1.3671279839, 0.78188586496, 1.4992790567, 16.8483218316, 5.7424482448, 14.2126211395, 3.8540065066]
    ],
    [
      [0.59362040812, 1.4266626254, 0.1642982767, 1.4454597569, 0, 3.1427935627, 0.60926739319, 0.83783482342, 78.6439967031, 30.7674348546, 12.8377922762, 23.8596537734, 26.852615871, 4.9814855512, 0.92943679985, 27.8610067752, 43.9270429059, 13.7772790725, 25.6298271378, 17.8054688268, 21.3859318131, 12.8798357568, 13.33155028, 19.583010135, 28.2954311364, 27.7015188451, 19.7968601348, 22.642294856, 7.3127456105, 20.7804959, 1.997516135, 12.1240868803, 1.984655411, 5.9216979104, 5.4303985402, 1.9494873242, 0, 1.1458738824, 0.26404210628, 0.30933779597, 10.0265876023, 2.2182896162, 9.0025977557, 50.784204111, 6.8820894699, 24.7897748797, 7.6551681196, 5.2844441837, 1.0235536555, 7.1347370303, 4.4203849493, 32.6830170872, 0.059621555977, 29.7437072333, 12.4413596686, 48.1437340006, 330.257275717, 53.8855060345, 113.578249038, 87.55461026],
      [0.67753331152, 0.89721650662, 0.17453522976, 0.76298843435, 0, 2.9608683646, 0.28282292717, 1.1911519812, 32.5538754334, 18.3512096933, 4.6757149921, 10.605470637, 19.1454356872, 1.6540176392, 0.48781667876, 10.6445290167, 20.3048583713, 9.7113604355, 18.288656344, 15.3749477695, 16.8291546649, 5.3707116016, 7.9533635734, 20.5986746473, 20.0214967118, 33.6588134573, 14.4101267075, 20.9796867245, 4.3617755152, 11.6190152293, 0.75326446989, 10.1733579912, 0.31253668025, 2.5956164263, 3.9243737193, 0.54132168542, 0.42616505887, 1.7007096167, 0.65975755782, 0.59076951807, 4.8785461652, 0.94127646806, 6.773417373, 19.958562295, 10.6214726254, 18.9630050781, 3.5745630176, 1.3266897375, 0.75079149405, 5.2839738523, 5.3897864604, 30.4269092844, 0.43313097912, 13.0507248404, 7.5055341121, 24.0219481591, 196.5670376786, 26.4430369728, 74.8827332292, 26.7718742452],
      [8.2372483446, 7.2132238649, 0.58002659844, 5.4461105576, 0, 32.3307087915, 3.0765326399, 8.3782842808, 309.8852698871, 155.4907662066, 29.7423840242, 101.9059509287, 108.8497110717, 36.8633279436, 8.3800029187, 100.7437501281, 192.735183258, 97.8074383411, 171.1459929399, 187.8718706047, 183.0487163353, 79.9432209194, 105.5940278574, 212.7901993198, 174.8591538696, 190.8442350007, 170.8609498894, 148.7836881458, 56.1540652921, 146.3813244261, 8.5176679062, 88.5929383078, 2.7028079088, 37.7720321507, 38.4098014225, 9.0722857522, 2.1870375483, 7.270212695, 2.5508216211, 1.7142296551, 34.3769917413, 8.9579837169, 54.899145477, 386.8668882012, 104.9782257569, 192.3485649309, 31.3321721754, 6.945779267, 4.2256548504, 64.9037781166, 34.1184675092, 243.8798070957, 1.4091108236, 157.8484231702, 107.4660900649, 267.4935199731, 1557.3141571662, 205.0069441247, 675.6213665374, 210.6770568573],
      [0.36884372607, 0.46289700302, 0.081139895101, 0.18479782575, 0, 0.67402643396, 0.20372530148, 0.36613723025, 7.4059659683, 5.8900685483, 1.3144289635, 1.1927440303, 5.1094069993, 0.71595644084, 0, 3.7437372167, 6.8780821817, 1.8489455998, 5.1880096837, 3.4024074098, 6.4667564032, 1.8101415175, 2.4313697667, 5.0487555634, 7.5907242602, 6.9248691742, 6.7555822363, 5.5458611592, 2.2814343677, 3.3856233412, 0.35228905349, 4.2605682602, 0, 0.26786451006, 1.4878760509, 0.20897874897, 0.15767863431, 0.24491011214, 0.19005264544, 0.38566303082, 1.4795373355, 0.4343429878, 3.5429405621, 10.6275642586, 5.0691404202, 9.2474342388, 0.91512935305, 0.35746480626, 0, 0.98431702667, 1.5687162618, 7.0005239438, 0, 4.5479249071, 2.4483096405, 5.3203510345, 68.0193268739, 9.5100777476, 23.6114384034, 3.0894866064],
      [0.12275420964, 0, 0, 0.16064342544, 0, 0.8916028472, 0.82765173827, 0.22659168433, 8.5108920082, 3.5005206972, 1.429679744, 2.4361806306, 5.0428303708, 1.7852124252, 0.20274360271, 5.0069768634, 5.1548332831, 2.8549765511, 6.7475138946, 4.5453053892, 7.2694407835, 1.9960902047, 2.6896885226, 6.9793603345, 7.2331940221, 8.8705635227, 4.1764810319, 10.0484691145, 1.8899792144, 2.8335411035, 0.37926243543, 1.8490485604, 0, 0.44278900253, 1.7475502671, 0.22792648925, 0.22911875849, 0.63829369372, 0.33532606942, 0, 1.2383371557, 0.44810721102, 2.7818988323, 10.7627811342, 3.4490717278, 6.6512208726, 0.52296733429, 0.085622005562, 0, 1.6931939742, 2.5026448193, 6.0097425889, 0.098136641323, 4.809219849, 1.1387065139, 6.0204468327, 61.8422025644, 12.1544351205, 25.3062127921, 9.9069720312]
    ],
    [
      [1.6069307965, 4.3225911584, 0.94039966604, 6.872596909, 1.9519658692, 6.1388403914, 1.9075146174, 2.7184410066, 223.0564642167, 72.7782402955, 46.8463215431, 64.585049556, 83.4303965861, 6.1912529762, 3.2365187721, 72.5571157348, 137.7615694249, 48.4129300313, 90.7911227072, 52.5296536327, 53.447012412, 42.2679882708, 46.5290182985, 52.2785495276, 82.2540762033, 88.7890896264, 77.2104815389, 58.9388103226, 22.4605803942, 49.7642683788, 3.1073078069, 26.7619873202, 4.0517244423, 17.5138194809, 14.423706781, 5.348037952, 0, 4.4729222915, 0.43839894883, 0.92233327111, 30.6306193591, 7.67191546, 41.47991537, 136.1003867648, 12.4083532618, 76.5556718507, 20.753724359, 11.9530598454, 4.1004129606, 12.47875579, 13.4051992857, 109.9279417912, 0, 88.2679562182, 33.2342628442, 105.9609516352, 854.5477960943, 143.2399224958, 281.6038186335, 240.3086068705],
      [7.4880192949, 11.1359465639, 3.760085221, 14.5701150576, 2.3486710058, 22.1138254252, 1.6936742161, 17.4165829001, 360.1036758443, 170.1824455419, 69.8322390193, 110.4918613799, 231.6583019298, 9.9844656255, 6.4654727302, 109.1053960991, 250.1626287158, 133.4540200864, 255.1701002668, 171.6520226651, 163.2455585073, 70.3652522497, 108.1515602635, 212.9214189373, 228.6554600186, 440.9173561519, 219.3303218725, 213.0160004886, 52.8884852157, 108.2068282879, 5.2092212461, 87.2513129176, 1.6760182852, 29.3278586533, 41.3547706301, 6.3746049393, 4.0706591778, 27.2596855528, 5.7668848658, 7.2644073461, 59.1088960564, 13.2803790575, 121.8830173845, 226.7804279332, 63.255850947, 228.0694241906, 38.0826972737, 11.5717511769, 12.1754484703, 34.9290574419, 67.1507034854, 408.0699538461, 5.8725873746, 153.5637060323, 76.2221016426, 205.8651553366, 1991.5642746638, 273.7142581254, 728.9567475447, 283.5920465199],
      [6.05404534, 6.2621375023, 0.40099268001, 7.0466414533, 0.91834265771, 17.76553153, 3.8573506354, 8.6191077972, 261.2183427031, 106.6127074191, 33.0748893126, 81.4877523103, 94.9761210485, 13.5196934122, 7.5194055996, 77.8177373649, 176.9292494754, 99.6333953867, 176.8157866743, 161.4399654393, 133.7908427561, 75.2127213547, 105.6678818058, 169.1795985312, 148.031096483, 188.916418726, 195.4281141277, 115.1616429201, 49.6502720304, 101.1246597375, 3.4351122699, 57.2982845292, 2.2722572725, 31.9791056989, 29.3552072463, 6.7656887452, 1.553000871, 8.2974559646, 1.2972637373, 1.2360378077, 30.3039055972, 8.6025762521, 74.1231212412, 300.85287607, 52.5870115174, 175.4962343243, 24.6538941583, 5.8025026031, 4.7241385691, 32.3254559131, 32.2432723698, 245.1831456312, 1.3868180817, 135.7830002737, 82.6429315338, 171.0384809228, 1167.8791322914, 158.31061446, 486.7160803086, 186.3202530497],
      [1.4428378704, 2.2793247753, 0.89852243298, 1.5008494895, 0.78102046727, 1.8902380434, 0.78691612914, 2.1520657177, 32.2116736242, 21.1132567481, 8.0145689731, 5.1535322263, 24.1544537318, 1.231511736, 0, 14.9659028528, 32.974134339, 9.8188135938, 28.1056719654, 15.5040221999, 24.5746626154, 8.9603406416, 12.8599100186, 20.8252809858, 33.6039381022, 35.4805930632, 40.3295239422, 22.1450237465, 10.6989292743, 12.2654271541, 0.64297485393, 14.5349621219, 0, 1.4730784867, 6.007658506, 0.77817678537, 0.72907430958, 1.6877128167, 0.72690623536, 1.5772215752, 7.0711312801, 2.3952934183, 23.4883402258, 42.4934748108, 14.7265821381, 43.7712784858, 3.7882381513, 1.4819532495, 0, 2.7410409002, 7.7903095894, 36.415750029, 0, 20.4634959274, 9.7246564539, 18.3470592306, 267.2124718311, 38.5676705059, 88.9598158156, 12.5323128111],
      [0.40816669812, 0, 0, 1.0097970907, 0, 2.0915646101, 1.754544402, 1.0938025784, 30.4098436117, 10.3133499954, 7.231981152, 8.2818045274, 19.7807267037, 3.0730762502, 0.77860289817, 16.5538479484, 20.1724180449, 12.6808409018, 30.1173183864, 16.874336063, 22.9419237091, 8.1936974832, 11.7916296137, 23.7951520181, 26.4554291929, 37.8965424324, 20.7015585187, 31.7385225223, 7.3017330854, 8.6388164417, 0.6053838231, 5.153453111, 0, 1.7061376802, 5.8586568365, 0.7334915782, 0.64726564165, 3.2822233745, 0.77054621272, 0, 4.8854477071, 2.0498358121, 16.0256057786, 35.7728344213, 7.0222021357, 26.1073911486, 1.7214460577, 0.19073312503, 0, 3.5256899547, 9.4105152697, 25.4032087024, 0.74059454368, 17.9218415484, 4.1760475255, 16.7883528748, 200.7963251194, 40.1675344129, 78.7635376976, 36.2467807487]
    ],
    [
      [0.0027281090339, 0.21649565387, 0, 0.039465392231, 0.085551912373, 0.020841159795, 0, 0.00030626836679, 0.26312100206, 0.12680850527, 0.078439177863, 0.1236844722, 0.20434762572, 0.0027448880098, 0, 0.11580078563, 0.23224002077, 0.11776850345, 0.17250703952, 0.062542613207, 0.10893179853, 0.13322434276, 0.12619517322, 0.090179836989, 0.17931290044, 0.16182960371, 0.17542122339, 0.11334899205, 0.042380640108, 0.22075052129, 0, 0.074157146813, 0, 0.048720099478, 0.024109284602, 0, 0, 0.0016103534219, 0, 0, 0.033394821419, 0.0090180212083, 0.05196294805, 0.17317824309, 0.0049987699206, 0.11144504932, 0.032603286621, 0.034717580255, 0, 0.016119669763, 0.013050160864, 0.2051684096, 0, 0.17290231302, 0.040063717212, 0.1288607091, 1.7519260913, 0.32760610655, 0.67061929595, 0.38576344889],
      [0.42286679764, 0.53899512022, 0, 2.5110440598, 0.63700191889, 3.1455760867, 0, 2.707508051, 12.4053389101, 8.6712023665, 3.7608447212, 6.2114167953, 15.9549280234, 0.12887376897, 0, 5.4746387864, 12.4464773336, 9.5580607631, 14.5446845632, 6.0675216658, 11.2847364062, 6.3440262609, 8.5246036694, 19.8668622302, 14.8537161963, 28.2389781672, 15.1705784845, 12.9067155346, 2.9477726703, 13.6731861012, 0, 7.3114308722, 0, 2.3157423802, 2.1125808448, 0, 0.15254234913, 0.29186559784, 0.28161985458, 0, 1.9003888312, 0.48682408758, 4.4056873691, 8.4920023755, 5.4124060133, 9.9766489235, 1.7671734294, 0.96811795521, 0, 1.3310284781, 3.0408782834, 23.232229722, 0, 8.86830122, 2.6730541427, 7.316529203, 119.2675021427, 18.6700852837, 51.2120445025, 14.3406880564],
      [0.10642548509, 0.092009756403, 0, 0.37033952214, 0.069937344995, 0.78614751103, 0, 0.40267120175, 2.7842393997, 1.6905022206, 0.57542042554, 1.4189847793, 2.0611229938, 0.053398777051, 0, 1.2087659648, 2.7369769049, 2.2301813166, 3.1413452591, 1.8095439001, 2.8898710306, 2.1008270967, 2.6188226369, 4.9536395056, 2.9958111186, 3.6819663182, 4.2493340409, 2.1783560978, 0.86069766076, 3.999907783, 0, 1.4896270333, 0, 0.78952679836, 0.46683059889, 0, 0.037378295172, 0.027146804358, 0.021617510145, 0, 0.30777660475, 0.098267819838, 0.83518937962, 3.4526789882, 1.40481137, 2.3931726353, 0.35426114764, 0.14754177237, 0, 0.38686467618, 0.45231562311, 4.2958711486, 0, 2.430371212, 0.91680912267, 1.8946555058, 21.85647951, 3.3904695567, 10.6591003535, 2.9031071987],
      [0.095731038797, 0.15249946951, 0, 0.29759582059, 0.20750882374, 0.36322226716, 0, 0.39306140348, 1.6509936157, 1.4877937909, 0.57998905754, 0.57356403987, 2.2615988536, 0.020870814107, 0, 1.024868526, 2.2765016619, 1.0705390423, 2.232847596, 0.80387739151, 2.3688727885, 1.1039995008, 1.4051448298, 2.7431989356, 3.0948712607, 3.0719649432, 4.0892554605, 1.8530481852, 0.84433836471, 2.1657171971, 0, 1.79425488, 0, 0.22654721298, 0.41137745588, 0, 0.051871253957, 0.020634436795, 0.044003579764, 0, 0.30284857607, 0.1070565687, 1.3460908156, 2.1253316362, 2.0056269678, 2.9210865209, 0.23432570205, 0.1379826754, 0, 0.15368483593, 0.46874993952, 2.8863667162, 0, 1.6266146364, 0.46671292171, 0.96803334629, 22.6109417714, 3.6762568313, 8.7406074773, 1.3782005825],
