{
  "X": [
    [20, 19, 35, 357, 80],
    [39, 49, 74, 782, 141],
    [18, 24, 45, 404, 49],
    [50, 25, 152, 594, 80],
    [52, 19, 192, 559, 75],
    [30, 24, 54, 336, 51],
    [29, 26, 83, 666, 96],
    [22, 30, 70, 253, 51],
    [66, 24, 158, 519, 111],
    [28, 29, 109, 471, 71],
    [17, 11, 65, 173, 35],
    [70, 46, 352, 857, 138],
    [34, 9, 97, 284, 47],
    [66, 31, 275, 774, 104],
    [6, 4, 11, 30, 6],
    [0, 2, 4, 29, 1],
    [2, 6, 8, 12, 5],
    [19, 30, 103, 311, 46],
    [28, 20, 93, 396, 61],
    [33, 26, 95, 397, 64],
    [9, 20, 29, 152, 31],
    [3, 5, 4, 27, 7],
    [1, 4, 3, 13, 3],
    [13, 9, 21, 181, 45],
    [11, 10, 26, 117, 26],
    [19, 14, 30, 270, 69],
    [6, 10, 35, 183, 33],
    [17, 11, 88, 106, 33],
    [71, 155, 206, 1153, 214],
    [42, 39, 89, 485, 78],
    [24, 8, 53, 165, 57],
    [57, 30, 121, 566, 96],
    [29, 41, 75, 481, 82],
    [30, 55, 125, 411, 104],
    [7, 6, 40, 50, 13],
    [105, 58, 330, 1153, 176],
    [68, 38, 237, 744, 144],
    [14, 7, 32, 74, 22],
    [11, 10, 51, 241, 27],
    [19, 13, 63, 214, 39],
    [70, 175, 271, 1176, 214],
    [23, 47, 56, 256, 41],
    [9, 8, 35, 103, 22],
    [32, 22, 50, 234, 43],
    [21, 17, 58, 312, 54],
    [25, 12, 42, 282, 55],
    [4, 3, 6, 44, 9],
    [0, 0, 0, 1, 1],
    [1, 4, 45, 134, 41],
    [40, 53, 244, 918, 143],
    [8, 20, 28, 190, 35],
    [111, 185, 318, 1054, 267],
    [3, 14, 34, 90, 11]
  ],
  "W": [
    [10, 22, 316, 39, 44, 31, 26, 23],
    [18, 58, 667, 73, 82, 67, 56, 64],
    [6, 30, 344, 45, 36, 22, 25, 32],
    [33, 38, 473, 138, 68, 30, 70, 51],
    [40, 30, 410, 178, 71, 29, 94, 45],
    [19, 28, 281, 43, 42, 19, 39, 24],
    [25, 30, 586, 75, 57, 37, 52, 38],
    [16, 34, 205, 58, 38, 4, 39, 32],
    [39, 35, 412, 133, 68, 24, 112, 55],
    [27, 25, 359, 109, 71, 14, 58, 45],
    [10, 16, 139, 54, 29, 7, 30, 16],
    [94, 50, 659, 324, 129, 27, 124, 56],
    [15, 12, 225, 86, 46, 11, 45, 31],
    [80, 46, 572, 246, 97, 34, 121, 54],
    [4, 9, 23, 10, 1, 1, 8, 1],
    [1, 2, 25, 4, 3, 0, 0, 1],
    [3, 4, 12, 12, 0, 0, 1, 1],
    [16, 22, 253, 103, 39, 15, 37, 24],
    [26, 23, 315, 83, 46, 23, 56, 26],
    [19, 36, 298, 91, 43, 27, 64, 37],
    [5, 22, 139, 24, 17, 12, 9, 13],
    [1, 5, 26, 5, 2, 0, 4, 3],
    [1, 4, 12, 3, 2, 1, 0, 1],
    [6, 10, 155, 25, 25, 25, 10, 13],
    [3, 15, 108, 28, 9, 7, 8, 12],
    [11, 15, 234, 33, 33, 31, 26, 19],
    [8, 9, 152, 29, 17, 21, 11, 20],
    [20, 17, 79, 70, 19, 7, 30, 13],
    [44, 187, 925, 173, 150, 103, 110, 107],
    [18, 44, 390, 93, 50, 42, 57, 39],
    [22, 20, 123, 48, 22, 12, 40, 20],
    [35, 66, 444, 92, 65, 37, 77, 54],
    [23, 56, 383, 63, 64, 35, 42, 42],
    [27, 80, 340, 100, 67, 26, 45, 40],
    [10, 6, 38, 34, 9, 1, 9, 9],
    [75, 81, 954, 268, 155, 46, 134, 109],
    [48, 63, 591, 208, 78, 42, 132, 69],
    [11, 8, 58, 31, 16, 0, 14, 11],
    [12, 12, 204, 41, 29, 11, 22, 9],
    [17, 12, 171, 58, 39, 4, 28, 19],
    [88, 241, 908, 250, 147, 63, 117, 92],
    [14, 69, 205, 39, 37, 14, 29, 16],
    [9, 11, 89, 26, 12, 1, 15, 14],
    [9, 14, 212, 41, 41, 13, 41, 10],
    [8, 16, 266, 48, 44, 25, 39, 16],
    [10, 21, 231, 39, 36, 24, 31, 24],
    [1, 6, 38, 7, 4, 2, 5, 3],
    [0, 0, 0, 0, 0, 0, 1, 1],
    [1, 4, 135, 44, 18, 9, 4, 10],
    [63, 78, 747, 177, 134, 56, 70, 73],
    [4, 26, 170, 25, 22, 11, 13, 10],
    [94, 243, 844, 283, 145, 63, 153, 110],
    [5, 30, 64, 34, 3, 2, 6, 8]
  ],
  "method": "mult",
  "cond_prob": [
    [
      [0.017070018396, 0.00084451869882, 0.66186200051, 0.20385587158, 0.11636759082],
      [0.0025894739587, 0.63427224579, 0.0062574597119, 0.1368947381, 0.21998608244],
      [0, 0.0086088616046, 0, 0.89071171887, 0.10067941953],
      [0.053862836423, 0.024307182318, 0.64282143658, 0.17909380627, 0.099914738408],
      [0.061303756336, 0.021665583969, 0, 0.66860321941, 0.24842744029],
      [0.0030210293024, 0.008321786072, 0, 0.44626673632, 0.5423904483],
      [0.52857551054, 0.00069556183942, 0.10354078968, 0.35455081616, 0.012637321776],
      [0.049465230749, 0.0060799720648, 0.020939970552, 0.47952451042, 0.44399031622]
    ],
    [
      [0.014674006798, 0.00081377146564, 0.69410070461, 0.20167898512, 0.088732532],
      [0.0023238418421, 0.66116926695, 0.0075167213544, 0.14720444809, 0.18178572176],
      [0.0011090772912, 0.011339361268, 0, 0.91294413569, 0.074607425754],
      [0.024144683048, 0.0014972950212, 0.72268135462, 0.17637131642, 0.075305350883],
      [0.066497237749, 0.022702770978, 0, 0.70838905565, 0.20241093562],
      [0.0034279250432, 0.009398477196, 0, 0.51033288209, 0.47684071567],
      [0.4882110547, 0.00071556488626, 0.11944351074, 0.38155821859, 0.010071651086],
      [0.048070392167, 0.0067731453435, 0.02540065608, 0.53711890269, 0.38263690372]
    ],
    [
      [0.013551617888, 0.00063804361895, 0.73018456643, 0.19366535946, 0.061960412607],
      [0.002501632515, 0.68099050858, 0.0096222407533, 0.16184295745, 0.1450426607],
      [0.007131117401, 0.00672518787, 0, 0.93543266818, 0.050711026554],
      [0.023154808038, 0.00085880890525, 0.75530448505, 0.16895676689, 0.051725131117],
      [0.0181051331, 0.021728771924, 0.056910054902, 0.74809652104, 0.15515951903],
      [0.0048050612812, 0.0096393324334, 0, 0.58590221807, 0.39965338822],
      [0.47762905315, 0.00035594869478, 0.13130894193, 0.38369606372, 0.0070099925118],
      [0.051573378159, 0.0065983010235, 0.03156368834, 0.5992844253, 0.31098020718]
    ],
    [
      [0.014932400408, 4.5289353232e-06, 0.74510470011, 0.17979605817, 0.060162312375],
      [0.0037561032643, 0.62434648392, 0.013184289223, 0.18432927134, 0.17438385225],
      [0.014083861427, 0, 0.0087468872142, 0.9251008664, 0.052068384955],
      [0.017153811724, 0, 0.77693160528, 0.15649153872, 0.049423044283],
      [0.025844046443, 0.012109399946, 0.063481822166, 0.73785392796, 0.16071080349],
      [0.00625771201, 0.0072846344354, 0.00019268339868, 0.57463630593, 0.41162866423],
      [0.50539919948, 0, 0.13492255446, 0.35331899387, 0.0063592521932],
      [0.059069331514, 0.0045628613093, 0.035089794198, 0.58329783859, 0.31798017439]
    ],
    [
      [0.011764092259, 0, 0.74573433728, 0.18340603169, 0.059095538773],
      [0.0028547535717, 0.60814478806, 0.013744049354, 0.19601873378, 0.17923767523],
      [0.0063026614404, 0, 0.0081323623753, 0.93439036158, 0.051174614604],
      [0.011332340917, 0, 0.77810776611, 0.16227371042, 0.048286182554],
      [0.026681902339, 0.0052315186603, 0.063250434575, 0.74756047273, 0.1572756717],
      [0.0048485572205, 0.006688360711, 0.00016508445666, 0.58387315067, 0.40442484694],
      [0.45337843945, 0, 0.14719336168, 0.39276875556, 0.0066594433099],
      [0.048665539898, 0.0042279127271, 0.035313550775, 0.59709000133, 0.31470299527]
    ],
    [
      [0.017411071689, 0.00086816559666, 0.72472952419, 0.18476294089, 0.072228297642],
      [0.0036063281354, 0.68595316906, 0.0087933647698, 0.14342360908, 0.15822352896],
      [0.016527364159, 0.011771634819, 0, 0.90841562691, 0.063285374114],
      [0.027260341324, 0.001528077722, 0.75080369272, 0.15981845866, 0.060589429579],
      [0.023742468298, 0.023944947869, 0.056380093339, 0.7144522985, 0.181480192],
      [0.0062846261512, 0.010215444471, 0, 0.53593042623, 0.44756950314],
      [0.54169014784, 0.0007850208623, 0.11807534665, 0.33198469782, 0.0074647868181],
      [0.062888379721, 0.0072034301997, 0.030269316673, 0.54998251396, 0.34965635944]
    ],
    [
      [0.011531129341, 0.0006407668709, 0.71366851542, 0.19400883395, 0.080150754419],
      [0.0019793326338, 0.65002191777, 0.0092705153727, 0.15661468418, 0.18211355004],
      [0, 0.0076028816998, 0, 0.92291843817, 0.069478680132],
      [0.045274820655, 0.0035907039595, 0.71371301188, 0.16967323612, 0.067748227389],
      [0.014710470846, 0.020728498781, 0.053509480877, 0.71814570234, 0.19290584716],
      [0.0032349825397, 0.0086089295683, 0, 0.52561176084, 0.46254432705],
      [0.43742441875, 0.00048296889319, 0.13870434907, 0.41324152302, 0.010146740271],
      [0.04085445451, 0.0061463846073, 0.028658663178, 0.55329320445, 0.37104729325]
    ],
    [
      [0.011227812255, 0.0016632994597, 0.74738887605, 0.1613613032, 0.078358709033],
      [0.0013400107484, 0.69153830874, 0.010797765983, 0.1240127949, 0.17231111963],
      [0.0045234260697, 0.022821991557, 0.013197904941, 0.8780982667, 0.081358410734],
      [0.012430981878, 0.0045986925261, 0.78082416814, 0.1357123423, 0.066433815163],
      [0.016016555798, 0.027917450304, 0.065211506024, 0.67785715749, 0.21299733039],
      [0.0043477980771, 0.010663182127, 0.00019856775355, 0.48596165593, 0.49882879612],
      [0.46370567509, 0.0029011742378, 0.15625198444, 0.36608693249, 0.011054233741],
      [0.044248553252, 0.0093497075165, 0.034644461941, 0.51064108187, 0.40111619542]
    ],
    [
      [0.013252184065, 0.00019998876721, 0.73279802653, 0.16575644752, 0.087993353113],
      [0.0028879233651, 0.5938874291, 0.012212503667, 0.15683181993, 0.23418032394],
      [0.010226564268, 0.003950123988, 0.011635932798, 0.88534440074, 0.088842978201],
      [0.015492187886, 0, 0.76728255226, 0.1423942002, 0.07483105966],
      [0.018646132258, 0.017137379786, 0.061929188462, 0.6714158463, 0.23087145319],
      [0.0047615694476, 0.0067656739728, 0.00032777134172, 0.46521952547, 0.52292545977],
      [0.49164819708, 0, 0.14442076603, 0.35204698068, 0.011884056215],
      [0.048390350967, 0.0045631151938, 0.031939608192, 0.4926410022, 0.42246592345]
    ],
    [
      [0.010191161682, 0.0016003798898, 0.71655820512, 0.19695843563, 0.074691817679],
      [0.0011100271062, 0.72671258048, 0.0065783327573, 0.1285654609, 0.13703359875],
      [0, 0.0066640480654, 0, 0.92845983049, 0.064876121443],
      [0.010323278546, 0.050441992253, 0.70102924329, 0.1748164466, 0.063389039316],
      [0.012384878183, 0.030313704217, 0.050805933996, 0.72707621656, 0.17941926704],
      [0.0028315033648, 0.012509021442, 0, 0.54381066522, 0.44084880998],
      [0.41314052345, 0.002230542512, 0.14183232772, 0.43287436315, 0.0099222431663],
      [0.03757184083, 0.0098140901026, 0.027617473402, 0.57229866973, 0.35269792594]
    ],
    [
      [0.010900250951, 0.000137546232, 0.76800425109, 0.14773774606, 0.073220205663],
      [0.0022429857766, 0.62509824983, 0.016518665249, 0.14780096199, 0.20833913715],
      [0.0070507865219, 0.0024845621986, 0.038450828483, 0.87247476905, 0.079539053742],
      [0.010856487506, 0, 0.80805610752, 0.11993008065, 0.061157324319],
      [0.016881342893, 0.01796660616, 0.07729069322, 0.67222425003, 0.2156371077],
      [0.0044419539547, 0.0074336389803, 0.0016026812966, 0.48043496934, 0.50608675642],
      [0.46772934176, 0, 0.17246895595, 0.34961261383, 0.010189088458],
      [0.046016699488, 0.0049144589566, 0.040577895542, 0.50385396517, 0.40463698085]
    ],
    [
      [0.011474494703, 0.00095525558646, 0.73859720707, 0.17673151058, 0.072241532058],
      [0.0020091897172, 0.67694035603, 0.010274421331, 0.14441637437, 0.16635965855],
      [0.005556487145, 0.01145836842, 0.0060729812303, 0.90879384737, 0.068118315831],
      [0.012594444701, 0.0020641201724, 0.77104089527, 0.15341510313, 0.060885436724],
      [0.016072219292, 0.023730945706, 0.061368521402, 0.71021333805, 0.18861497555],
      [0.0044396227362, 0.0099354861945, 4.3644842209e-05, 0.5272666392, 0.45831460702],
      [0.45437584623, 0.00091722460913, 0.14887871092, 0.38642051738, 0.0094077008589],
      [0.045407533312, 0.0071439727483, 0.033216409712, 0.54990922197, 0.36432286226]
    ],
    [
      [0.015761300096, 0.00017260669375, 0.76020163439, 0.15885372288, 0.065010735942],
      [0.004081919986, 0.6243255204, 0.01445667178, 0.16560701715, 0.19152887068],
      [0.020779307673, 0.0022683182485, 0.026607934535, 0.88710838117, 0.063236058376],
      [0.020105358211, 0, 0.79613503777, 0.13069752139, 0.053062082624],
      [0.024929156562, 0.016785055321, 0.072482683055, 0.70016898861, 0.18563411646],
      [0.0068215480388, 0.0073124365613, 0.0010063712658, 0.52622759567, 0.45863204846],
      [0.53558623377, 0, 0.14238079735, 0.31516622082, 0.0068667480575],
      [0.064097860517, 0.0045994742556, 0.039247984488, 0.53586388333, 0.35619079741]
    ],
    [
      [0.01138177011, 0, 0.73806325225, 0.1886506791, 0.061904298544],
      [0.0025447147469, 0.62356479023, 0.012210647815, 0.18702878571, 0.1746510615],
      [0.0065674633207, 0.00036291529682, 0.0018268252693, 0.93760266466, 0.053640131457],
      [0.011494990308, 0, 0.76932219267, 0.16794147043, 0.051241346583],
      [0.01624963179, 0.016526503477, 0.06017136847, 0.74624187491, 0.16081062135],
      [0.0046231899122, 0.0071694729519, 0, 0.57838494434, 0.4098223928],
      [0.44731016719, 0, 0.14420979668, 0.40116594053, 0.0073140955964],
      [0.046853924209, 0.0048444292915, 0.033500711638, 0.59427160817, 0.3205293267]
    ],
    [
      [0.021355759297, 0, 0.70522961461, 0.188590499, 0.0848241271],
      [0.095407161023, 0.44253118094, 0.0061270706099, 0.21002553828, 0.24590904916],
      [0, 0, 0, 0.93128213436, 0.068717865639],
      [0.022662175323, 0, 0.73482869752, 0.17323999542, 0.069269131732],
      [0.024659379422, 0.011745047098, 0.051827064091, 0.69784358453, 0.21392492486],
      [0.0068339858274, 0.0032017606406, 0, 0.47949820631, 0.51046604722],
      [0.59187807082, 0, 0.08722536548, 0.31499621487, 0.0059003488264],
      [0.062772828542, 0.0022725638393, 0.026020942924, 0.50620760519, 0.4027260595]
    ],
    [
      [0, 0.00063912349817, 0.79418276473, 0.18404405408, 0.02113405769],
      [0, 0.85337052184, 0.0049539896548, 0.10647859014, 0.035196898359],
      [0, 0, 0, 0.98053996073, 0.019460039269],
      [0, 0.049189327049, 0.74377102827, 0.1896343263, 0.017405318377],
      [0, 0.028529863142, 0.060258709492, 0.84693224799, 0.064279179372],
      [0, 0.015000848374, 0.00011514551701, 0.77313492904, 0.21174907707],
      [8.1532003371e-17, 0.0011228654049, 0.25242368145, 0.74152903116, 0.0049244219924],
      [0, 0.010272935198, 0.040049014404, 0.79016569814, 0.15951235225]
    ],
    [
      [0.037468964088, 0.025540228269, 0.61546079792, 0.16361464065, 0.15791536908],
      [0, 0.81202591094, 0, 0.042669848341, 0.14530424071],
      [0, 0.069436744178, 0, 0.79035548576, 0.14020777006],
      [0.078959706741, 0.15127372356, 0.50959477277, 0.11741525045, 0.14275654649],
      [0.039207975553, 0.04352350995, 0.038607994505, 0.55275887529, 0.3259016447],
      [0.0080551757111, 0.013932757822, 4.4024321092e-05, 0.30874652244, 0.66922151971],
      [0.84982469133, 0.008353100768, 0.028388503079, 0.1068322458, 0.0066014590244],
      [0.090251935523, 0.018396957817, 0.010091829934, 0.33839560438, 0.54286367235]
    ],
    [
      [0.01003856379, 0.0024551874515, 0.75013580511, 0.17315113384, 0.06421930981],
      [0.0009147564204, 0.78074250797, 0.0074109715267, 0.10272670332, 0.10820506076],
      [0.00172545008, 0.037066586243, 0.0047254409044, 0.8956748667, 0.060807656072],
      [0.0098880282295, 0.010739292164, 0.78099330001, 0.14464239516, 0.053736984433],
      [0.013936716316, 0.040132970142, 0.063018392173, 0.71177494533, 0.17113697604],
      [0.0037884850461, 0.017329247624, 0, 0.54719879861, 0.43168346872],
      [0.42622039447, 0.0041483560309, 0.15937137158, 0.40152057912, 0.0087392987959],
      [0.041405781366, 0.013407278746, 0.03510338547, 0.56842583893, 0.34165771549]
    ],
    [
      [0.010745182376, 0.00072786093407, 0.72823630276, 0.18643496388, 0.073855690043],
      [0.0016666418398, 0.66933674013, 0.0093826319179, 0.15102841155, 0.16858557457],
      [0, 0.0089062452014, 0, 0.92406629903, 0.067027455764],
      [0.019302543226, 0.0040324048813, 0.75029161858, 0.16399841501, 0.062375018299],
      [0.014287273225, 0.022165903607, 0.05688506481, 0.72068211655, 0.18597964181],
      [0.0031143210502, 0.0093576364753, 0, 0.53461505803, 0.45291298444],
      [0.4335821627, 0.00067310889681, 0.14565578998, 0.4103351019, 0.0097538365244],
      [0.041182167089, 0.0066777863913, 0.030862078153, 0.55999982419, 0.36127814417]
    ],
    [
      [0.011464925827, 0.00039541207709, 0.72823882795, 0.18967928558, 0.070221548563],
      [0.0017675639331, 0.64863770096, 0.009682239795, 0.16688944796, 0.17302304735],
      [0.0030786652074, 0.0015808294901, 0, 0.93382982536, 0.061510679943],
      [0.01269341871, 0.0098891814568, 0.74960175398, 0.16886300441, 0.058952641445],
      [0.015135543982, 0.019510744873, 0.056724901104, 0.73214505706, 0.17648375298],
      [0.0031571467172, 0.0082633017222, 0, 0.55179073738, 0.43678881418],
      [0.44226294919, 0, 0.1410749982, 0.40791877213, 0.00874328048],
      [0.043380828988, 0.0056339475449, 0.030626253827, 0.57440171109, 0.34595725855]
    ],
    [
      [0.015171397982, 0.001224181856, 0.76390407065, 0.14827057057, 0.071429778936],
      [0.0031844532342, 0.70739188335, 0.012186704664, 0.11504503794, 0.16219192081],
      [0.015157137531, 0.025730826763, 0.020716999335, 0.85956384781, 0.078831188567],
      [0.018187117086, 0.0036365642284, 0.7953905685, 0.12293305889, 0.059852691297],
      [0.023857363134, 0.028709896329, 0.070772604737, 0.66795158735, 0.20870854845],
      [0.0064860530113, 0.012306401517, 0.0011598305659, 0.48265469516, 0.49739301975],
      [0.55676350377, 0.0014543079166, 0.13791102786, 0.29540470973, 0.0084664507209],
      [0.062805597594, 0.009120105263, 0.037314161118, 0.49940094922, 0.3913591868]
    ],
    [
      [0.017979650399, 0.0022850812414, 0.67361444566, 0.17849009407, 0.12763072864],
      [0.0004603868111, 0.72685276202, 0, 0.086577601368, 0.1861092498],
      [0, 0.02889642651, 0, 0.84659850339, 0.1245050701],
      [0.065298566666, 0.098503631468, 0.57326427985, 0.15272590186, 0.11020762016],
      [0.02121650377, 0.0312953793, 0.039507588563, 0.61884845139, 0.28913207698],
      [0.0048003668675, 0.0099018178339, 5.1118110091e-05, 0.37523331841, 0.61001337877],
      [0.61401954259, 0.0057589230758, 0.083202478289, 0.28288198044, 0.014137075604],
      [0.051571468106, 0.01133313704, 0.016079688269, 0.41473549237, 0.50628021422]
    ],
    [
      [0.043880246986, 0.004437525722, 0.74817531688, 0.13665588643, 0.066851023986],
      [0.0051251989185, 0.79418282115, 0, 0.076178004465, 0.12451397547],
      [0.021146703494, 0.05660166411, 0, 0.83938203532, 0.082869597072],
      [0.11333936409, 0.012207081983, 0.7083191595, 0.10930780054, 0.056826593889],
      [0.069543702058, 0.037770107984, 0.051569537505, 0.64035027427, 0.20076637818],
      [0.015711414327, 0.015986216429, 0, 0.45350452186, 0.51479784738],
      [1, 0, 0, 0, 0],
      [0.1870416047, 0.011463542019, 0.023728129612, 0.4239191998, 0.35384752387]
    ],
    [
      [0.02568203661, 0.00081344394506, 0.66336735955, 0.19998417331, 0.11015298658],
      [0.0043824538576, 0.65108197318, 0.0059787731825, 0.13256754501, 0.20598925477],
      [0.0076681104772, 0.01036008839, 0, 0.88525547106, 0.096716330069],
      [0.13485719228, 0.0014775252773, 0.59427884841, 0.17485344624, 0.094532987785],
      [0.030683222693, 0.02181022391, 0.041321141909, 0.66696237539, 0.2392230361],
      [0.0052298018086, 0.0085285305647, 0, 0.45296484125, 0.53327682637],
      [0.63707774769, 0.0004690229631, 0.080438601955, 0.27263909323, 0.0093755341545],
      [0.074884093945, 0.0060298985122, 0.020432487171, 0.47414723006, 0.42450629032]
    ],
    [
      [0.023582376029, 0.0004365654416, 0.72532042982, 0.16280632764, 0.087854301073],
      [0.0065954177481, 0.62201007166, 0.010680409388, 0.14181914908, 0.21889495212],
      [0.031344111355, 0.0036286009913, 0.0073244013042, 0.86906380339, 0.088639082963],
      [0.0307604089, 0, 0.75729898765, 0.13763036443, 0.074310239022],
      [0.033651091239, 0.018758009284, 0.05908859698, 0.6578597983, 0.2306425042],
      [0.0091757241991, 0.0072339636711, 8.6043187715e-05, 0.45512918506, 0.52837508388],
      [0.65115479053, 0, 0.097864137138, 0.24306693375, 0.0079141385818],
      [0.083961492942, 0.0047658743658, 0.029426066881, 0.46838123842, 0.41346532739]
    ],
    [
      [0.01771859617, 0.00099599527258, 0.65170460063, 0.20492703636, 0.12465377157],
      [0.0025111977807, 0.64362483881, 0.0054355873121, 0.12848185784, 0.21994651825],
      [0, 0.0056171631593, 0, 0.88416418791, 0.11021864893],
      [0.094951833607, 0.055992826803, 0.56115662845, 0.18027272358, 0.10762598756],
      [0.019699509877, 0.022845402433, 0.039517268061, 0.65755792938, 0.26037989024],
      [0.0017105369485, 0.0087976489412, 0, 0.43111884713, 0.55837296698],
      [0.53800053641, 0.00093323645886, 0.098506454664, 0.34864104812, 0.013918724352],
      [0.049625923602, 0.0064001295094, 0.019279430385, 0.46559956322, 0.45909495328]
    ],
    [
      [0.0083161912105, 0.0010184170691, 0.75985094827, 0.16533146114, 0.065482982307],
      [0.0012115587756, 0.7263775681, 0.0099037377935, 0.12379842036, 0.13870871497],
      [0.0021686329628, 0.016247000431, 0.013407825855, 0.90406048858, 0.064116052169],
      [0.0092456850979, 0.0022134434084, 0.79230891443, 0.14159693678, 0.054635020282],
      [0.012254971056, 0.027777101965, 0.066810317358, 0.71049158549, 0.18266602413],
      [0.0029107699903, 0.012290392883, 0.00087561587989, 0.53245096646, 0.45147225479],
      [0.39589211955, 0.0010800136737, 0.17464222794, 0.41870751172, 0.0096781271207],
      [0.035026768518, 0.0089265745938, 0.037094144465, 0.55870236094, 0.36025015149]
    ],
    [
      [0.0095260575069, 0, 0.78460373613, 0.12377534033, 0.08209486603],
      [0.0016512898827, 0.61790421634, 0.023801410769, 0.12488100012, 0.23176208289],
      [0.0096193463127, 0.00037829290957, 0.059212913831, 0.83394934017, 0.09684010678],
      [0.0060873079429, 0, 0.84612582382, 0.079590473754, 0.068196394487],
      [0.017551283017, 0.018660758793, 0.086893738114, 0.6242432454, 0.25265097468],
      [0.0042246116246, 0.0071466331255, 0.0045047799667, 0.42253418304, 0.56158979224],
      [0.48755589876, 0, 0.19065455809, 0.3102472104, 0.011542332759],
      [0.046587952755, 0.0047047948842, 0.045732477526, 0.44787753074, 0.4550972441]
    ],
    [
      [0.012497950009, 0.0011787471436, 0.74508684586, 0.17287461079, 0.068361846195],
      [0.0020536219164, 0.69375536113, 0.010411075212, 0.13831996521, 0.15545997653],
      [0.0078886912199, 0.019889828141, 0.0079674859164, 0.89979183744, 0.064462157281],
      [0.01459520874, 0.0029993636941, 0.77717490466, 0.14799336249, 0.057237160419],
      [0.017727268463, 0.026510332893, 0.063420359655, 0.71013685182, 0.18220518717],
      [0.0048255519129, 0.011743987438, 0.00015260402099, 0.53453265629, 0.44874520034],
      [0.47102156395, 0.0017291065131, 0.14750893112, 0.37117421708, 0.0085661813266],
      [0.049304282799, 0.0086216755929, 0.034517478061, 0.55337221531, 0.35418434824]
    ],
    [
      [0.016982832378, 0.0010298883893, 0.7142207585, 0.19497328717, 0.072793233559],
      [0.0032481687009, 0.69725330235, 0.0071161988948, 0.14278502524, 0.14959730481],
      [0.0054538976261, 0.015219692865, 0, 0.91875800566, 0.060568403852],
      [0.06108733509, 0.0025529083946, 0.70480292305, 0.17053836799, 0.06101846547],
      [0.022203309551, 0.025473228683, 0.052743393679, 0.72400165379, 0.1755784143],
      [0.0048514899219, 0.01122801789, 0, 0.54803622385, 0.43588426834],
      [0.52780790617, 0.0012881867569, 0.11490029464, 0.34855875004, 0.0074448623939],
      [0.06010945258, 0.0079628506886, 0.028147571107, 0.56273837046, 0.34104175516]
    ],
    [
      [0.014414223679, 0, 0.67127831514, 0.18094912294, 0.13335833824],
      [0.0031072691788, 0.39853298364, 0.0079490560319, 0.2218766087, 0.36853408245],
      [0, 0, 0, 0.86862346814, 0.13137653186],
      [0.034763457079, 0, 0.67126033279, 0.17674023476, 0.11723597537],
      [0.02639711896, 0, 0.044911501159, 0.6280585464, 0.30063283348],
      [0.0039324947838, 0.00068240105773, 0, 0.38770310485, 0.60768199931],
      [0.51168204891, 0, 0.11178645303, 0.35612894702, 0.020402551038],
      [0.042844362244, 0.0010575757274, 0.019644441292, 0.42712430559, 0.50932931515]
    ],
    [
      [0.015002953002, 0, 0.74303289362, 0.17459323917, 0.067370914208],
      [0.10310050281, 0.440752235, 0.016241142297, 0.21059328202, 0.22931283788],
      [0.0063907213423, 0, 0.013997332173, 0.92177306257, 0.057838883915],
      [0.016732879171, 0, 0.77565725607, 0.15208934027, 0.055520524486],
      [0.023428419374, 0.010363928858, 0.064374705143, 0.72038805034, 0.18144489629],
      [0.0068346937568, 0.0040323994356, 0.00064453125692, 0.54039360119, 0.44809477436],
      [0.52212354411, 0, 0.13323558219, 0.33811351825, 0.0065273554495],
      [0.061372490278, 0.0016203395409, 0.034801980903, 0.5532609909, 0.34894419838]
    ],
    [
      [0.01389422025, 0.00050574964547, 0.7251504885, 0.18770341141, 0.072746130192],
      [0.0026504304578, 0.65510635293, 0.0093373634097, 0.1596350186, 0.1732708346],
      [0.0083098367426, 0.0062001945106, 0, 0.92195791191, 0.063532056836],
      [0.016444673089, 0.00069111716839, 0.7580523882, 0.16370065858, 0.061111162968],
      [0.024058586788, 0.020580120984, 0.050813502382, 0.7225540934, 0.18199369645],
      [0.0045040767079, 0.0087025816575, 0, 0.5401787398, 0.44661460184],
      [0.48733945073, 0.00022708449478, 0.13132600623, 0.37269319565, 0.0084142628848],
      [0.051135185274, 0.0060224158413, 0.030323560543, 0.55993825372, 0.35258058462]
    ],
    [
      [0.011879632337, 0.00051888139846, 0.75776972504, 0.14832840641, 0.081503354821],
      [0.0024087120897, 0.62760844624, 0.017134295486, 0.13616353657, 0.21668500962],
      [0.0091493668571, 0.0084167844151, 0.029568412104, 0.86266898794, 0.090196448682],
      [0.013872013157, 0.00078412771768, 0.79374655459, 0.1226561208, 0.068941183733],
      [0.018113784131, 0.020532810919, 0.072768655175, 0.65590221081, 0.23268253897],
      [0.0046176510414, 0.0081053283624, 0.001708200451, 0.45691290742, 0.52865591272],
      [0.48350987921, 0.00041799092404, 0.16252731404, 0.34214348876, 0.011401327069],
      [0.047423497105, 0.0057987142392, 0.037697899268, 0.48268353525, 0.42639635414]
    ],
    [
      [0.014501788314, 0.0028940747516, 0.77842338736, 0.13131488468, 0.072865864893],
      [0.0024300983666, 0.74527313025, 0.013997728817, 0.092932996111, 0.14536604646],
      [0.013247430157, 0.020940757063, 0.040030793482, 0.84459258058, 0.081188438715],
      [0.017545343366, 0.0084944422176, 0.82735872755, 0.086573473496, 0.060028013369],
      [0.02302107879, 0.03181281866, 0.079396788453, 0.64607932621, 0.21968998789],
      [0.0059608695191, 0.012197767869, 0.00092150058474, 0.46102211728, 0.51989774475],
      [0.5539819941, 0.0025064769442, 0.15157282323, 0.283340549, 0.0085981567354],
      [0.060163220082, 0.010421026544, 0.044529428747, 0.47393733571, 0.41094898891]
    ],
    [
      [0.015411242201, 0.00012483499114, 0.76117885612, 0.16116284779, 0.062122218899],
      [0.0040303415682, 0.63742217246, 0.014760498574, 0.16448759374, 0.17929939366],
      [0.018120247141, 0.0026745461087, 0.025241100913, 0.89419388409, 0.059770221747],
      [0.018759330323, 0, 0.79459481063, 0.13554538487, 0.051100474179],
      [0.023765395393, 0.018498085306, 0.071797359132, 0.70892241862, 0.17701674155],
      [0.0066939341666, 0.0081232496649, 0.00093099680915, 0.54144412613, 0.44280769323],
      [0.52488938882, 0, 0.14350230744, 0.32474692422, 0.006861379521],
      [0.063089426698, 0.0052023092792, 0.039301285975, 0.54951073598, 0.34289624207]
    ],
    [
      [0.010580464639, 0, 0.74329096857, 0.16759247942, 0.078536087374],
      [0.0021320709126, 0.58195118177, 0.014118029915, 0.17319645444, 0.22860226296],
      [0.0038582315839, 0, 0.016700196346, 0.90154114094, 0.077900431132],
      [0.0098493416594, 0, 0.77872277818, 0.14514852724, 0.066279352918],
      [0.020518434241, 0.01027945323, 0.064830733979, 0.69339791503, 0.21097346352],
      [0.003858774061, 0.0061877256317, 0.00073656366049, 0.4956831342, 0.49353380244],
      [0.44227916705, 0, 0.15996804373, 0.38684421652, 0.010908572703],
      [0.041820041543, 0.0039912133341, 0.034564188774, 0.52283059144, 0.39679396491]
    ],
    [
      [0.026159857382, 0.0019259058314, 0.69922059306, 0.16138558024, 0.11130806349],
      [0.0063841624401, 0.66823260106, 0.0054763095591, 0.10853412213, 0.21137280482],
      [0.026438445049, 0.016773736947, 0, 0.84647061212, 0.11031720588],
      [0.058764045715, 0.0045655564771, 0.70645724545, 0.13424868142, 0.095964470935],
      [0.034867896363, 0.02556053385, 0.048899601287, 0.61781506911, 0.27285689939],
      [0.0068873196265, 0.0087413151151, 7.0443569404e-05, 0.40120043316, 0.58310048853],
      [0.63761673264, 0.0019378399356, 0.095391247667, 0.25354675996, 0.011507419805],
      [0.074684767323, 0.0074951757284, 0.022428845718, 0.42407138801, 0.47131982322]
    ],
    [
      [0.0092910452623, 0.00039438282939, 0.76402884015, 0.17090031172, 0.055385420036],
      [0.0018025002165, 0.67776640443, 0.012558366572, 0.16060639187, 0.14726633691],
      [0.0027751002533, 0.0053518645901, 0.01470235636, 0.9247969365, 0.052373742297],
      [0.010364625963, 0.00034076947838, 0.79589753654, 0.14739751606, 0.045999551962],
      [0.013761465985, 0.020479753452, 0.068672086565, 0.74090566584, 0.15618102816],
      [0.0039258734959, 0.009162430702, 0.00048126964561, 0.58163390776, 0.4047965184],
      [0.4120278572, 0.00019225565516, 0.1685000218, 0.41163530798, 0.0076445573665],
      [0.040991928639, 0.0063766017378, 0.038454318614, 0.59775914247, 0.31641800853]
    ],
    [
      [0.014260736412, 0.001419509938, 0.72716055177, 0.17441576388, 0.082743438006],
      [0.0022921981836, 0.70597342122, 0.0081254363976, 0.1213159538, 0.1622929904],
      [0.010436395399, 0.017336409832, 0.00015117945566, 0.89275714958, 0.079318865731],
      [0.016945172102, 0.003439428917, 0.75902422772, 0.15037335138, 0.070217819887],
      [0.019452869213, 0.027994494209, 0.05701821022, 0.68464784963, 0.21088657673],
      [0.0050388185569, 0.01092549604, 0, 0.48917950613, 0.49485617928],
      [0.50722470787, 0.0016185218014, 0.13209344244, 0.34894658445, 0.010116743433],
      [0.051658342817, 0.0083878131151, 0.029956942202, 0.51408026765, 0.39591663421]
    ],
    [
      [0.012281906561, 0.00091980625691, 0.71784704496, 0.19309282005, 0.075858422167],
      [0.001583574107, 0.66239306135, 0.0060154246213, 0.1580453168, 0.17196262313],
      [0, 0.0086946274832, 0, 0.92497606263, 0.06632930989],
      [0.034788324475, 0.011135896545, 0.71979644494, 0.17017771601, 0.064101618027],
      [0.015968967727, 0.022331557392, 0.053653132888, 0.72295688771, 0.18508945428],
      [0.0033720200299, 0.0094424148977, 0, 0.53706384964, 0.45012171544],
      [0.45433853295, 0.00084185541042, 0.13576832433, 0.39967943024, 0.0093718570681],
      [0.044815063822, 0.006820926246, 0.028899206437, 0.56113085067, 0.35833395283]
    ],
    [
      [0.015486756049, 0, 0.77126019366, 0.15835189723, 0.054901153069],
      [0.0076459855071, 0.66726656521, 0.018459408475, 0.15404371154, 0.15258432926],
      [0.019183074567, 0, 0.024826424116, 0.90323049532, 0.052760005995],
      [0.018279871254, 0, 0.8020688701, 0.13451643035, 0.045134828298],
      [0.025015296538, 0.019966097685, 0.074374612077, 0.71896068544, 0.16168330826],
      [0.007344761957, 0.0090039031848, 0.0012390211427, 0.56408065741, 0.41833165631],
      [0.53499809029, 0, 0.14277271346, 0.31642438153, 0.0058048147201],
      [0.06667686828, 0.00586292133, 0.040558724583, 0.56691771176, 0.31998377405]
    ],
    [
      [0.010781247049, 0.00031440510426, 0.76642461526, 0.14399648781, 0.078483244773],
      [0.0019796288247, 0.6432234545, 0.015178678011, 0.13320252418, 0.20641571448],
      [0.0062317206285, 0.0065898365237, 0.034940105267, 0.86382685237, 0.08841148521],
      [0.012155948373, 0.00024243654239, 0.80246187851, 0.11902001715, 0.066119719418],
      [0.016981705351, 0.020222040572, 0.073429084224, 0.65891348337, 0.23045368649],
      [0.0044096304671, 0.0080487280689, 0.00039366732236, 0.45807935373, 0.52906862041],
      [0.47819658657, 0.00010404659596, 0.16797132846, 0.34243876446, 0.011289273914],
      [0.044955440905, 0.0054742600003, 0.040030156392, 0.4830050654, 0.4265350773]
    ],
    [
      [0.017731633764, 0.0020755544728, 0.74733203604, 0.15265793226, 0.080202843467],
      [0.0029914252938, 0.77955888627, 0.0074438839085, 0.083530667721, 0.12647513681],
      [0.025555820756, 0.039838071356, 0.013734759108, 0.83776914449, 0.083102204285],
      [0.02260562196, 0.0062287846775, 0.7789381504, 0.12507682152, 0.067150621439],
      [0.027524793857, 0.044007499095, 0.065531122312, 0.64315730689, 0.21977927785],
      [0.0073414399327, 0.017394017169, 0.00044349353811, 0.4604052095, 0.51441583986],
      [0.57469579832, 0.0051748524732, 0.1291055526, 0.28213579251, 0.0088880041032],
      [0.066738784293, 0.012384566515, 0.033569511639, 0.47991561478, 0.40739152277]
    ],
    [
      [0.010761603928, 0.00084978698272, 0.7550773166, 0.16036640412, 0.072944888371],
      [0.001744506012, 0.69898068286, 0.010548038067, 0.12623043576, 0.1624963373],
      [0.0047093968476, 0.01538153188, 0.015289363837, 0.88866450969, 0.075955197746],
      [0.012148212508, 0.0020060261435, 0.78782852437, 0.13663225725, 0.061384979731],
      [0.015571811422, 0.02655048452, 0.067500728719, 0.68711110419, 0.20326587115],
      [0.0039793040424, 0.011075855546, 0.00078469026823, 0.49947423344, 0.4846859167],
      [0.4504689418, 0.0012989605511, 0.16271425244, 0.37519092135, 0.010326923864],
      [0.043578142297, 0.0078723046455, 0.035772983892, 0.5251302198, 0.38764634936]
    ],
    [
      [0.017862109787, 9.6627578125e-05, 0.71075896436, 0.18568540059, 0.085596897679],
      [0.0045380436534, 0.56775669337, 0.010964491509, 0.18139561355, 0.23534515791],
      [0.014231531973, 0, 0, 0.91014447295, 0.075623995079],
      [0.032263835398, 0, 0.73324594473, 0.16233344973, 0.072156770138],
      [0.037738032382, 0, 0.053452036049, 0.69939625882, 0.20941367275],
      [0.011129427709, 0, 0, 0.49839709479, 0.4904734775],
      [0.55098151653, 0, 0.11229179146, 0.32784208409, 0.0088846079219],
      [0.061425169834, 0.0031726318062, 0.027510223217, 0.51902333832, 0.38886863683]
    ],
    [
      [0.018089942774, 1.4546172913e-05, 0.69240547883, 0.18857692895, 0.10091310327],
      [0.016252704416, 0.48948208878, 0.0064580982943, 0.23266625937, 0.25514084913],
      [0, 0, 0, 0.91084415071, 0.089155849287],
      [0.092850901217, 0, 0.65329350401, 0.16829713674, 0.085558458032],
      [0.022758158149, 0.01218686845, 0.044749272199, 0.68213874551, 0.2381669557],
      [0.0056501614568, 0.0034295922592, 0, 0.45205896679, 0.53886127949],
      [0.59200912974, 0, 0.090349993369, 0.30769626739, 0.0099446095016],
      [0.057352972665, 0.0024954209398, 0.021681449221, 0.484704526, 0.43376563117]
    ],
    [
      [0, 0, -0, 0.49597125783, 0.50402874217],
      [0, -0, 0, 0.17975389132, 0.82024610868],
      [1.1573858191e-17, -0, 0, 0.99986746398, 0.00013253601957],
      [5.5511151231e-17, 0, -0, 0.50434904374, 0.49565095626],
      [0, -0, 0, 0.76981133988, 0.23018866012],
      [0, 0, 0, 0, 1],
      [7.6327832943e-17, 0, 0, 0.96475252144, 0.035247478564],
      [0, 0, 0, 0.035247478564, 0.96475252144]
    ],
    [
      [0.0023207813967, 0.00048441826959, 0.76192461247, 0.1291784848, 0.10609170306],
      [0.00041949772647, 0.60606211813, 0.012432638735, 0.11392038708, 0.26716535834],
      [0.00020355617529, 0.0081337714995, 0.043271536277, 0.80930135192, 0.13908978412],
      [0.0021274228314, 0.00062107897074, 0.80666931627, 0.097594279571, 0.092987902361],
      [0.0034451473386, 0.018832616544, 0.075296524296, 0.58591487051, 0.31651084131],
      [0.00069864584031, 0.0064811209699, 0.0023451185749, 0.35673462127, 0.63374049334],
      [0.17930219579, 0.00071477255449, 0.27784428477, 0.51681568814, 0.025323058751],
      [0.0089405291626, 0.0049704205344, 0.036541687598, 0.40409671429, 0.54545064841]
    ],
    [
      [0.0089897912208, 0, 0.77526618585, 0.15715308611, 0.058590936814],
      [0.0020162736813, 0.63239379403, 0.016832359563, 0.16970067198, 0.17905690075],
      [0.004923044918, 0.00069088011173, 0.03261086643, 0.90357861677, 0.058196591771],
      [0.0094889937812, 0, 0.80889019831, 0.13331049564, 0.048310312274],
      [0.014237214831, 0.017586444924, 0.077187988072, 0.71753803004, 0.17345032214],
      [0.0039496229017, 0.007674829144, 0.0019167120452, 0.55023799686, 0.43622083905],
      [0.41139000242, 0, 0.18215492384, 0.39804254978, 0.0084125239574],
      [0.041000568678, 0.0050797612407, 0.042603465435, 0.56804269004, 0.34327351461]
    ],
    [
      [0.010774692378, 0.00070872865109, 0.74513052705, 0.16462079214, 0.078765259779],
      [0.001649310385, 0.65953815898, 0.010816822434, 0.13895517845, 0.18904052975],
      [0.0052527340128, 0.012554947061, 0.009129959152, 0.89214901695, 0.080913342822],
      [0.012380311544, 0.0015232214501, 0.7782192171, 0.14140948385, 0.066467766058],
      [0.015301604147, 0.022669827122, 0.062936471945, 0.68566171541, 0.21343038138],
      [0.0039121938984, 0.0091956314786, 0.00019220578645, 0.48731383435, 0.49938613449],
      [0.45495034141, 0.00079220103974, 0.15487531624, 0.37849277416, 0.010889367149],
      [0.041752272727, 0.0066564658897, 0.033057126754, 0.51626962327, 0.40226451136]
    ],
    [
      [0.015908226548, 0.0019316233376, 0.72468902888, 0.16806889097, 0.089402230266],
      [0.0037840345125, 0.65918851806, 0.0084136086171, 0.1297650739, 0.19884876491],
      [0.014820588314, 0.020976382896, 0.0023734582922, 0.87264193766, 0.08918763284],
      [0.01954955364, 0.0048729694987, 0.75712252563, 0.14212427968, 0.076330671549],
      [0.02188473659, 0.025171265983, 0.0584237666, 0.6662340032, 0.22828622762],
      [0.0054488769173, 0.010047588568, 0, 0.4652303131, 0.51927322141],
      [0.52871074034, 0.0025177235415, 0.12955121811, 0.3281873853, 0.011032932711],
      [0.055769970704, 0.0080405148819, 0.029755166462, 0.48919576926, 0.4172385787]
    ],
    [
      [0.0046319369804, 0, 0.75651044959, 0.19404236161, 0.044815251813],
      [0.015296516491, 0.46509913473, 0.076357575522, 0.29337718319, 0.14986959007],
      [0, 0, 0, 0.96863869167, 0.031361308327],
      [0, 0, 0.77753097134, 0.18930332962, 0.03316569904],
      [0.011412017347, 0.012142820683, 0.063753449671, 0.79060717939, 0.1220845329],
      [0.0034195933306, 0.0052987480299, 0.00044541263103, 0.65376592127, 0.33707032474],
      [0.36851856466, 0, 0.16500614198, 0.46094010048, 0.0055351928774],
      [0.03321977421, 0, 0.038559929315, 0.66928615483, 0.25893414164]
    ]
  ],
  "expected_outcome": [
    [
      [0.17070018396, 0.26413212237, 0.081309707329, 0.49276921347, 0.47056369037, 0.33081036209, 0.28827823353, 0.17964499608, 0.51683517854, 0.2751613654, 0.10900250951, 1.0786025021, 0.23641950144, 0.9105416088, 0.085423037188, 0, 0.11240689226, 0.16061702064, 0.27937474176, 0.21783359072, 0.07585698991, 0.017979650399, 0.043880246986, 0.15409221966, 0.070747128088, 0.19490455787, 0.066529529684, 0.19052115014, 0.54990980039, 0.30569098281, 0.31711292094, 0.52510335506, 0.31956706575, 0.32075007309, 0.14501788314, 1.1558431651, 0.5078623027, 0.2877584312, 0.11149254315, 0.242432519, 1.0808077773, 0.21681458469, 0.097031223445, 0.15958470388, 0.086092831428, 0.17862109787, 0.018089942774, 0, 0.0023207813967, 0.56635684691, 0.043098769513, 1.4953732955, 0.023159684902],
