{
  "Z_true": {},
  "V_true": [
    [394, 817, 111, 36],
    [533, 11828, 368, 442],
    [109, 793, 15049, 483],
    [59, 622, 861, 295],
    [76, 777, 850, 789]
  ],
  "p_true": [
    [0.2901, 0.6016, 0.0817, 0.0265],
    [0.0405, 0.898, 0.0279, 0.0336],
    [0.0066, 0.0483, 0.9157, 0.0294],
    [0.0321, 0.3386, 0.4687, 0.1606],
    [0.0305, 0.3118, 0.3411, 0.3166]
  ],
  "Z_est": [
    [
      [3, 3, 0.285, 1.5703, 2.0025, 1.9841, 0.9973, 1.6204, 0.372, 2, 0.9999, 1.9907, 0.9764, 0.9999, 0, 2, 2, 2, 2, 1.9999, 2, 2, 2, 2, 3, 1.9997, 0.3151, 3, 5, 1.9995, 3, 3, 0.9894, 1.9961, 4.0001, 0.2653, 2.0002, 2, 2, 1.291, 0, 1.9865, 0.9433, 1.8658, 1.3069, 1, 2, 0.1815, 0.6944, 1.0004, 0, 0.8976, 0.7086, 3.1813, 1.8251, 2, 2, 2.0001, 1.7046, 2, 0, 2, 5, 2, 8, 3.0839],
      [23, 7.9997, 0.1464, 1.6322, 3.0021, 4.0076, 0.9982, 0.4738, 1.5142, 6, 1.9999, 6.0112, 1.9859, 7.0002, 0, 14, 13, 16, 14, 3.0001, 7, 22, 14, 12, 18, 4.0004, 0.0991, 18, 45, 4.0004, 11, 20, 1.0093, 1.0102, 10.9996, 1.307, 6.9981, 6, 10, 2.4651, 0.2327, 1.9998, 0.9504, 3.9161, 0.5943, 10.0001, 12, 0.2206, 0.2779, 3.9993, 3.2193, 1.0547, 1.5833, 6.5599, 2.0404, 10, 9.0001, 3.9999, 4.6063, 11, 0, 3, 41, 7, 45, 9.8559],
      [13, 7.0003, 1.5394, 4.7603, 8.9972, 0.0004, 1.0041, 0.8579, 2.9189, 1, 1.0001, 1.9981, 0.0086, 2, 0, 17, 8, 13, 7, 8.9998, 17, 53, 15, 22, 43, 9.9999, 1.545, 15, 42, 10.9998, 10, 14, 3.9886, 4.9924, 13.0002, 1.2646, 6.0012, 4, 14, 1.0636, 1.7499, 6.9938, 6.047, 5.174, 1.9988, 4.9998, 11, 1.5642, 2.9305, 6, 2.6179, 3.0203, 5.7081, 16.6497, 3.1173, 14, 7.9999, 4, 4.6888, 14, 0, 4, 60, 7, 43, 11.0682],
      [2, 7.9191e-07, 0.0292, 0.0372, 0.9982, 0.008, 0.0004, 0.0479, 0.1949, 2.7005e-08, 0.0001, 0, 0.0291, 0.9999, 0, 2, 1, 1, 1, 0.0002, 6.7969e-10, 2, 2, 1, 2, 4.8032e-06, 0.0408, 2, 6, 0.0003, 1, 2, 0.0127, 0.0013, 2.0001, 0.1632, 0.0005, 1.4078e-07, 1, 0.1803, 0.0175, 0.0199, 0.0593, 0.0441, 0.1, 1.0001, 1, 0.0338, 0.0972, 0.0004, 0.1629, 0.0274, 0, 0.6091, 0.0172, 8.1623e-06, 1, 2.4282e-07, 0.0003, 1, 0, 1, 5, 5.162e-06, 7, 0.992]
    ],
    [
      [23, 9.9999, 0.5621, 1.2724, 2.9997, 7.0062, 5.0047, 3.1624, 0.5602, 7, 7, 5.9735, 6.8533, 6.9628, 0, 10, 13, 13, 7.9999, 0.0002, 7, 7, 15, 7, 9, 3.9996, 0.6702, 16, 27, 2.0002, 11, 19, 1.9006, 2.0049, 9.0002, 0.6509, 4.9993, 9, 11, 1.23, 0, 0.0157, 0.9971, 1.99, 0.5156, 5.9999, 11, 0.1196, 0.3912, 4.0007, 0, 2.0926, 1.2919, 2.7994, 1.2879, 6, 10.0001, 10, 3.7087, 7, 0, 2.9999, 23, 7, 47, 6.839],
      [262, 108.0006, 1.9734, 5.6595, 15.0174, 151.9938, 49.0111, 13.6411, 4.7322, 254, 123.0008, 121.0175, 66.205, 241.0508, 2.9329, 193, 153, 198, 146, 23.0011, 61, 98, 162, 76, 71, 32.0003, 1.4088, 180, 368, 17.0013, 123, 347, 12.4789, 12.0178, 51.0002, 17.0488, 77.0061, 117.9999, 111, 66.2837, 4.3885, 10.9678, 5.82, 16.1894, 5.1066, 185.0006, 277, 3.617, 1.1771, 46.0031, 6.6597, 19.3026, 10.8716, 13.6659, 22.5892, 81, 86, 108.0001, 74.786, 172, 2.5781, 82.0002, 287, 70, 344, 38.3744],
      [151, 88.9997, 8.1248, 11.6833, 39.9726, 19.0078, 35.9876, 17.1166, 10.8318, 74, 70.9994, 51.0166, 6.9902, 81.9996, 8.3551, 229, 100, 160, 75, 57.9988, 152, 240, 178, 139, 168, 64.9997, 6.1417, 143, 339, 48.9983, 108, 244, 31.7196, 30.9663, 58.9995, 29.1785, 63.9939, 85.0002, 152, 36.9659, 12.2846, 30.9872, 22.0504, 18.7598, 17.7173, 100.9998, 239, 10.2209, 7.5676, 66.9975, 3.9721, 34.7451, 34.2528, 27.0056, 28.8595, 112, 78.9999, 89.0001, 78.7945, 222, 7.6461, 94.9998, 416, 69, 328, 43.9033],
      [31, 10.9997, 0.3397, 0.3848, 4.0103, 20.9922, 7.9966, 2.0799, 0.8758, 39, 17.9999, 15.9924, 11.9515, 34.9868, 0.712, 28, 16, 14, 18, 1.9999, 4, 10, 23, 8, 7, 4.0004, 0.7793, 21, 52, 2.0003, 16, 34, 2.9009, 2.011, 12.0001, 5.1218, 7.0006, 11, 19, 9.5203, 0.3269, 2.0293, 1.1325, 1.0608, 2.6605, 21.9997, 31, 1.0425, 0.8642, 6.9987, 0.3682, 0.8597, 0.5837, 1.5291, 3.2634, 6, 10, 11.9998, 8.7108, 22, 0.7758, 22.0001, 41, 8, 59, 3.8833]
    ],
    [
      [15, 8.9999, 1.9364, 2.8526, 8.9969, 0.0007, 2.9973, 3.7802, 1.0141, 2, 3, 2.0227, 0.0395, 2.0123, 0, 12, 8, 11, 4, 2.9998, 17, 22, 16, 13, 21, 6, 2.9116, 13, 26, 7.9996, 10, 13, 3.0175, 5.9898, 10.9994, 1.9619, 3.9992, 6, 14, 0.1387, 0, 1.9913, 5.0457, 3.0047, 1.8971, 3.0001, 9, 1.6399, 1.6509, 5.9989, 0, 3.7831, 4.9995, 7.9993, 1.8409, 9, 7.9999, 9, 4.0003, 9, 0, 3, 37, 6, 50, 9.0379],
      [168, 99.9994, 8.1498, 21.1452, 42.977, 22.0145, 38.9839, 15.7468, 13.8578, 69, 61.0001, 47.975, 5.8514, 87.963, 10.5138, 260, 102, 178, 90, 75.9998, 171, 297, 198, 161, 179, 68.9995, 7.5459, 149, 347, 50.9972, 109, 247, 38.5755, 34.9725, 61.0005, 21.5172, 68.9969, 83.0001, 154, 35.1994, 17.1475, 38.9979, 21.1689, 28.8005, 14.6912, 121.9995, 239, 13.3451, 4.0025, 82.999, 7.0813, 38.3032, 48.5457, 32.7221, 27.36, 125, 84.9999, 101.9999, 82.1957, 233, 9.233, 106.9995, 461, 73, 371, 60.7798],
      [98, 84.0001, 45.6587, 62.1949, 116.0336, 2.9915, 31.0126, 27.4464, 45.4302, 22, 36, 21.006, 1.0004, 31.0246, 40.4037, 307, 67, 144, 45, 215.0008, 431, 741, 217, 296, 429, 139.0008, 47.6888, 118, 320, 150.0037, 98, 173, 105.129, 99.043, 75.0002, 54.8963, 59.0041, 60.9999, 208, 26.254, 72.5185, 142.032, 109.9636, 38.1865, 65.949, 66.0001, 206, 69.4051, 44.3466, 120.0026, 6.5492, 80.6909, 201.7467, 85.9382, 40.3931, 177, 80.0002, 87, 94.2337, 308, 39.4827, 127.0007, 675, 75, 358, 67.0735],
      [20, 10.0005, 2.2551, 2.8073, 11.9925, 2.9932, 7.0062, 3.0267, 2.6979, 10, 8.9999, 5.9963, 0.1087, 13.0001, 3.0825, 38, 10, 13, 10, 7.9996, 12, 31, 28, 18, 20, 7.9997, 2.8536, 17, 49, 7.9994, 14, 24, 9.278, 6.9947, 14, 8.6247, 5.9998, 7, 26, 5.4079, 1.334, 12.9789, 8.8219, 2.0083, 7.4627, 15.0003, 26, 2.61, 4, 11.9995, 0.3695, 2.2228, 4.708, 5.3404, 4.406, 10, 10, 12.0001, 10.5704, 31, 2.2844, 28.9998, 66, 8, 64, 6.1087]
    ],
    [
      [3, 1.0001, 0.0243, 0.0761, 0.0026, 0.0007, 0.0007, 0.2879, 0.0158, 4.0092e-08, 0.0001, 0.0056, 0.0538, 0.025, 0, 1, 1, 1, 0, 3.6458e-06, 2.0009e-10, 1, 1, 4.8796e-09, 1, 0.0001, 0.0263, 2, 3, 0.0002, 1, 1, 0.0888, 0.0072, 1, 0.0425, 0.0005, 1, 1, 0.1094, 0, 0.0019, 0.0017, 0.0395, 0.0278, 9.0729e-07, 1, 0.0207, 0.0277, 9.704e-06, 0, 0.1429, 0, 0.0045, 0.0287, 4.0789e-06, 1, 1, 0.0011, 1, 0, 0.0001, 4, 1, 5, 0.0002],
      [33, 14.0001, 0.1395, 2.0592, 2.0016, 4.9762, 6.0019, 1.8978, 0.3935, 20, 10.9996, 11.0132, 4.0082, 28.0617, 0.3352, 33, 17, 26, 16, 4.9997, 8, 15, 18, 11, 10, 6.9999, 0.1779, 26, 43, 0.9999, 16, 33, 1.9164, 2.9939, 7, 1.9832, 13.9996, 14, 19, 10.1484, 1.713, 1.0149, 1.0607, 2.0646, 0.1792, 14.9996, 34, 0.2242, 0.3709, 7.0001, 0.458, 3.0779, 2.2911, 0.7507, 3.3694, 13, 15, 14, 9.9852, 29, 1.0867, 14, 53, 13, 40, 2.0295],
      [20, 12.9998, 0.8181, 8.4743, 9.9948, 1.0078, 5.9972, 4.5304, 1.5145, 6, 8.0002, 6.9811, 0.9871, 10.9507, 1.5471, 41, 12, 22, 10, 16.0003, 22, 40, 21, 22, 25, 17.0001, 1.7333, 23, 41, 3.9998, 15, 26, 9.0802, 9.9996, 10, 6.4176, 11.0006, 11, 28, 7.0469, 6.052, 7.9842, 7.0002, 2.9995, 3.6384, 10.0002, 31, 1.6999, 2.1181, 12.9992, 0.5013, 4.6988, 9.7084, 4.6134, 4.0048, 18, 15.0001, 12.9999, 12.0049, 39, 4.5016, 17.9999, 79, 13, 39, 2.9546],
      [4, 2, 0.0182, 0.3904, 0.0009, 1.0154, 1.0001, 0.2839, 0.0763, 4, 1.0001, 1, 0.9509, 4.9627, 0.1177, 4, 2, 2, 1, 1, 1, 2, 2, 2, 1, 0.9999, 0.0625, 3, 6, 0.0001, 3, 3, 0.9146, 0.9993, 3, 0.5567, 2.9993, 2, 3, 1.6953, 0.235, 0.999, 1.9374, 0.8964, 0.1547, 1.0002, 4, 0.0552, 0.4833, 1.0007, 0.0407, 0.0803, 0.0004, 0.6313, 0.5971, 3, 2, 2.0001, 2.0088, 4, 0.4117, 4, 8, 2, 7, 0.0157]
    ],
    [
      [4, 1.0001, 0.1922, 0.2286, 0.9983, 0.0084, 1.0001, 0.1491, 0.0379, 6.4802e-09, 0.9999, 0.0076, 0.0769, 1.0001, 0, 2, 1, 1, 2, 0, 1, 2, 2, 1, 1, 0.0006, 0.0767, 2, 5, 0.0005, 2, 2, 0.0036, 0.0021, 1.0004, 0.0794, 0.0008, 1, 2, 0.2309, 0, 0.0046, 0.0123, 0.1, 0.2527, 4.6262e-06, 1, 0.0384, 0.2358, 0, 0, 0.0837, 0, 0.0155, 0.0174, 1, 1, 1, 0.5853, 1, 0, 0, 5, 7.2655e-06, 9, 0.039],
      [47, 15.0001, 0.5911, 1.5038, 4.0019, 16.0079, 12.0048, 2.2406, 0.5024, 33, 28.9996, 16.9831, 9.9496, 37.9244, 0.2181, 43, 16, 24, 59, 6.9993, 13, 27, 30, 17, 8, 5.9999, 0.7683, 24, 69, 3.0012, 21, 53, 3.0199, 2.0056, 7.9997, 3.1439, 11.9992, 13.0001, 27, 8.9033, 0.5184, 3.0197, 1, 3.0293, 1.4286, 23.0002, 44, 1.5932, 0.1716, 7.9986, 0.5818, 2.2616, 2.7083, 1.3014, 4.6411, 14, 14.0001, 19.0001, 12.4268, 29, 1.1022, 15.0002, 67, 8, 70, 4.9604],
      [28, 13, 2.859, 4.8873, 13.0017, 1.9925, 8.9985, 4.0488, 3.3047, 9, 16.0003, 6.9981, 1.0137, 13.0251, 0.6941, 52, 10, 19, 30, 20.0003, 32, 68, 34, 31, 20, 12.9996, 2.8912, 19, 65, 8.9985, 18, 37, 9.0826, 5.9986, 10.0001, 5.243, 10.0001, 8.9999, 36, 6.6696, 1.395, 14.0029, 4.9388, 3.8802, 6.6966, 12, 38, 6.11, 3.0373, 13.0007, 0.3596, 5.8449, 14.5839, 2.793, 4.6252, 20, 12.9999, 15.9999, 14.2781, 38, 3.3696, 18.9996, 97, 8, 67, 7.0004],
      [7, 2.9998, 0.3577, 1.3802, 2.9981, 2.9912, 3.9967, 1.5615, 0.155, 7, 6.0001, 5.0112, 2.9598, 6.0505, 0.0879, 8, 3, 3, 10, 2.0003, 2, 4, 6, 3, 2, 2, 0.2638, 4, 11, 1.9998, 4, 7, 1.8939, 1.9937, 2.9998, 2.5337, 1.9998, 2, 6, 3.1962, 0.0866, 2.9728, 1.0489, 0.9905, 1.6221, 4.9998, 6, 1.2585, 0.5552, 3.0007, 0.0586, 0.8098, 1.7078, 0.8901, 1.7162, 2, 3, 4, 2.7097, 5, 0.5282, 6.0002, 11, 2, 14, 1.0003]
    ]
  ],
  "V_est": [
    [123.0346, 533.7714, 651.2684, 49.9256],
    [451.8626, 6108.5808, 5813.8112, 796.7454],
    [502.5593, 6347.3543, 8727.7363, 856.3501],
    [35.0644, 771.7821, 913.5611, 116.5924],
    [58.4791, 1075.5113, 1132.623, 225.3866]
  ],
  "p_est": [
    [0.0906, 0.3931, 0.4796, 0.0368],
    [0.0343, 0.4638, 0.4414, 0.0605],
    [0.0306, 0.3862, 0.5311, 0.0521],
    [0.0191, 0.4201, 0.4973, 0.0635],
    [0.0235, 0.4316, 0.4545, 0.0904]
  ],
  "EI_Z": {},
  "EI_V": 38.1375,
  "MAE_Z": {},
  "MAE_V": 1345.9492,
  "MAE_p": 0.1576,
  "runtime": 0.46
}
