{
  "X": [
    [1307, 1076, 1254, 1478, 78],
    [42, 66, 154, 199, 9],
    [18, 63, 103, 177, 15],
    [24, 54, 170, 152, 11],
    [31, 66, 128, 110, 12],
    [34, 74, 108, 166, 18],
    [8, 45, 114, 213, 43],
    [28, 32, 125, 201, 21],
    [14, 43, 107, 216, 18],
    [21, 20, 124, 241, 12],
    [16, 47, 118, 244, 17],
    [32, 53, 147, 291, 12],
    [18, 52, 147, 284, 34],
    [22, 39, 134, 318, 22],
    [74, 59, 128, 229, 29],
    [70, 78, 174, 195, 22],
    [70, 69, 201, 200, 24],
    [60, 64, 208, 229, 10],
    [117, 109, 132, 108, 10],
    [134, 111, 107, 125, 13],
    [136, 72, 99, 105, 9],
    [46, 50, 141, 155, 13],
    [29, 53, 106, 166, 10],
    [28, 41, 113, 200, 19],
    [28, 54, 124, 223, 21],
    [25, 59, 161, 216, 15],
    [19, 47, 120, 262, 11],
    [26, 46, 142, 245, 26],
    [25, 49, 135, 203, 5],
    [10, 33, 82, 131, 10],
    [36, 47, 106, 237, 16],
    [29, 52, 109, 226, 15],
    [87, 134, 127, 133, 12],
    [53, 96, 111, 147, 21],
    [68, 70, 179, 274, 10],
    [181, 131, 164, 138, 11],
    [185, 113, 111, 133, 13],
    [171, 109, 132, 139, 14],
    [136, 87, 102, 91, 14],
    [126, 99, 128, 137, 17],
    [132, 85, 105, 100, 14],
    [132, 89, 109, 103, 18],
    [104, 77, 140, 116, 8],
    [141, 108, 139, 110, 7],
    [184, 97, 112, 109, 24],
    [121, 97, 72, 66, 8],
    [68, 61, 66, 58, 7],
    [96, 102, 118, 148, 7],
    [72, 111, 134, 142, 19],
    [77, 128, 171, 154, 17],
    [63, 94, 142, 162, 14],
    [83, 125, 146, 138, 18],
    [57, 79, 129, 149, 20],
    [117, 147, 138, 139, 7],
    [65, 70, 87, 46, 8],
    [66, 62, 48, 32, 5],
    [165, 143, 111, 83, 22],
    [112, 62, 93, 59, 2],
    [130, 113, 112, 106, 12],
    [103, 80, 114, 103, 30],
    [38, 46, 106, 103, 10],
    [78, 105, 144, 149, 3],
    [81, 93, 140, 154, 11],
    [69, 76, 135, 158, 10],
    [69, 97, 146, 162, 12],
    [58, 79, 151, 154, 21],
    [56, 68, 159, 190, 11],
    [111, 93, 129, 89, 12]
  ],
  "W": [
    [189, 729, 1171, 1297, 1356, 451],
    [18, 46, 36, 146, 187, 37],
    [9, 34, 11, 107, 176, 39],
    [18, 32, 18, 155, 148, 40],
    [10, 38, 31, 126, 107, 35],
    [15, 50, 24, 111, 161, 39],
    [8, 22, 8, 122, 207, 56],
    [11, 17, 25, 120, 194, 40],
    [5, 32, 12, 103, 204, 42],
    [8, 13, 14, 114, 221, 48],
    [12, 23, 16, 114, 226, 51],
    [5, 39, 29, 131, 276, 55],
    [17, 30, 18, 150, 252, 68],
    [14, 29, 17, 126, 286, 63],
    [17, 46, 64, 136, 210, 46],
    [23, 49, 68, 173, 182, 44],
    [17, 42, 58, 201, 191, 55],
    [10, 37, 56, 208, 206, 54],
    [24, 74, 112, 141, 98, 27],
    [22, 84, 127, 122, 108, 27],
    [18, 45, 126, 109, 91, 32],
    [12, 40, 44, 137, 141, 31],
    [6, 36, 25, 114, 155, 28],
    [16, 28, 26, 103, 192, 36],
    [10, 35, 26, 132, 206, 41],
    [10, 39, 16, 159, 200, 52],
    [11, 31, 14, 121, 251, 31],
    [3, 34, 18, 132, 241, 57],
    [14, 32, 20, 130, 188, 33],
    [7, 23, 8, 83, 121, 24],
    [21, 33, 29, 102, 222, 35],
    [10, 36, 30, 98, 204, 53],
    [35, 79, 82, 133, 119, 45],
    [29, 55, 50, 122, 124, 48],
    [14, 48, 55, 177, 253, 54],
    [46, 88, 161, 172, 114, 44],
    [32, 80, 166, 124, 119, 34],
    [33, 74, 157, 144, 123, 34],
    [22, 62, 110, 110, 88, 38],
    [23, 60, 123, 140, 128, 33],
    [32, 52, 120, 110, 97, 25],
    [38, 59, 124, 115, 83, 32],
    [24, 50, 95, 142, 104, 30],
    [31, 79, 134, 147, 90, 24],
    [34, 69, 163, 122, 95, 43],
    [35, 64, 115, 71, 53, 26],
    [14, 34, 70, 73, 52, 17],
    [25, 66, 92, 114, 133, 41],
    [20, 73, 65, 145, 131, 44],
    [32, 77, 72, 179, 148, 39],
    [23, 67, 54, 145, 156, 30],
    [33, 76, 87, 151, 129, 34],
    [23, 48, 52, 139, 146, 26],
    [41, 85, 101, 151, 127, 43],
    [17, 44, 71, 80, 47, 17],
    [15, 37, 62, 57, 23, 19],
    [39, 76, 167, 122, 80, 40],
    [31, 38, 88, 99, 54, 18],
    [24, 89, 112, 132, 92, 24],
    [26, 51, 96, 103, 100, 54],
    [19, 24, 34, 107, 96, 23],
    [27, 73, 71, 138, 136, 34],
    [39, 56, 79, 135, 141, 29],
    [32, 53, 62, 135, 127, 39],
    [25, 59, 69, 144, 142, 47],
    [18, 54, 54, 144, 152, 41],
    [18, 59, 43, 146, 185, 33],
    [45, 56, 109, 127, 76, 21]
  ],
  "method": "mult",
  "cond_prob": [
    [
      [0.16989800001, 0.71206921395, 0.10514496164, 0, 0.012887824404],
      [0.030489733937, 0.96795576622, 0.0015544998416, 0, 0],
      [0.96155980257, 0.038440197432, 0, 0, 0],
      [0.049380585532, 0.1037766355, 0.75851329852, 0.076998389171, 0.011331091275],
      [0.042438683922, 0.0125472913, 0.045349455725, 0.88630146964, 0.013363099415],
      [0.011268865452, 0.086814347124, 0.41620568008, 0.39092748651, 0.094783620836]
    ],
    [
      [0.16956101471, 0.6759688971, 0.13517249798, 0.00058351368084, 0.018714076525],
      [0.02046646284, 0.95177128981, 0.027185109937, 0.00057713741455, 0],
      [0.97382319558, 0.023071032977, 0.002820331197, 0.00028544024649, 0],
      [0.019298223111, 0.047073187626, 0.81124466734, 0.090146524896, 0.032237397026],
      [0, 0, 0.081550880384, 0.9171589889, 0.0012901307206],
      [0.0035478062027, 0.063455079469, 0.44657059439, 0.38601483853, 0.1004116814]
    ],
    [
      [0.15554854157, 0.72916175324, 0.089760386278, 0, 0.025529318913],
      [0.014529452715, 0.97297503364, 0.012495513643, 0, 0],
      [0.96920505249, 0.030794947509, 0, 0, 0],
      [0.036426411762, 0.12591826873, 0.73728014589, 0.076080711598, 0.024294462021],
      [0.0074321754638, 0.033226318152, 0.048120607658, 0.88122929162, 0.029991607109],
      [0.0061312106663, 0.094783638604, 0.36946426928, 0.35289765473, 0.17672322673]
    ],
    [
      [0.16237685795, 0.66903360725, 0.14524260872, 0, 0.023346926077],
      [0.019808401538, 0.94801722442, 0.032174374046, 0, 0],
      [0.973577858, 0.022384377289, 0.0040377647144, 0, 0],
      [0.018021111746, 0.056285750949, 0.84751701218, 0.055151904775, 0.023024220349],
      [0, 0, 0.1089002724, 0.87706821736, 0.014031510239],
      [0.0031418485765, 0.062340842498, 0.47002490263, 0.34113396477, 0.12335844153]
    ],
    [
      [0.12412509823, 0.73464585504, 0.11405801571, 0, 0.027171031012],
      [0.0012245241007, 0.97440156706, 0.02437390884, 0, 0],
      [0.95252234412, 0.042687463873, 0.0047901920031, 0, 0],
      [0.0014605113811, 0.11730012367, 0.80475713173, 0.048863389676, 0.027618843537],
      [0, 0.02301021921, 0.088688763298, 0.8650198395, 0.023281177991],
      [0, 0.087458899521, 0.42558911667, 0.3224597164, 0.16449226741]
    ],
    [
      [0.17593324416, 0.6857342922, 0.10233552572, 0, 0.03599693792],
      [0.022255222677, 0.96275356958, 0.014991207744, 0, 0],
      [0.97379303871, 0.026206961289, 0, 0, 0],
      [0.04058454181, 0.095039079651, 0.7498348071, 0.084256548586, 0.030285022851],
      [0.012944534919, 0.0095673741224, 0.051387920748, 0.88881631441, 0.037283855797],
      [0.0073911028702, 0.073273204927, 0.36436635637, 0.34738708939, 0.20758224645]
    ],
    [
      [0.046605101802, 0.73919504532, 0.14526290996, 0.00069626903641, 0.068240673885],
      [0, 0.97335555511, 0.024650962188, 0.0010403164718, 0.00095316622613],
      [0.9533948982, 0.045944891356, 0, 0.0003164233983, 0.00034378704771],
      [0, 0.11138014421, 0.72335867724, 0.10125812986, 0.064003048691],
      [0, 0, 0.037420681088, 0.88612972038, 0.076449598527],
      [0, 0.066369298216, 0.29106671329, 0.30690477742, 0.33565921108]
    ],
    [
      [0.16700432388, 0.65691053964, 0.12989517732, 0.00089166108095, 0.045298298085],
      [0.020906380332, 0.95390280748, 0.024103771234, 0.0009100691337, 0.00017697181657],
      [0.9743944977, 0.023419836954, 0.00091973273234, 0.001014432571, 0.00025150004144],
      [0.011293832126, 0.048380577837, 0.81215596385, 0.095579448491, 0.032590177697],
      [0, 0, 0.053634710572, 0.90521960947, 0.041145679962],
      [0.0023105418511, 0.054161776811, 0.38186365268, 0.34668054208, 0.21498348657]
    ],
    [
      [0.15046532239, 0.69217246825, 0.11902293069, 0.00092167375503, 0.03741760492],
      [0.017424991378, 0.95926864438, 0.019882255788, 0.0032603636503, 0.00016374480678],
      [0.97136033553, 0.027436263499, 0, 0.0011437210401, 5.9679933947e-05],
      [0.0091391445426, 0.057520129903, 0.79807284487, 0.10693861038, 0.028329270299],
      [0, 0, 0.038668512977, 0.92747853604, 0.033852950987],
      [0.0022004226133, 0.061636488017, 0.37330413077, 0.37278659813, 0.19007236048]
    ],
    [
      [0.23941630868, 0.58078293871, 0.15130257104, 0.0014249528491, 0.027073228716],
      [0.034057131183, 0.93422754129, 0.029997920909, 0.0017174066221, 0],
      [0.98503912844, 0.01343830505, 0, 0.0015225665102, 0],
      [0.033861994929, 0.0085006229037, 0.83050100188, 0.11105027609, 0.016086104198],
      [0.0032622881586, 0, 0.034439581611, 0.94362311735, 0.018675012885],
      [0.0056280400424, 0.04274106608, 0.41898634811, 0.41134411985, 0.12130042592]
    ],
    [
      [0.12064243151, 0.7415018485, 0.10817698324, 0.0014805285529, 0.028198208204],
      [0, 0.96833714464, 0.029435053349, 0.0022188504976, 8.9515084634e-06],
      [0.90951817637, 0.037758784547, 0.051305733435, 0.0014133693245, 3.9363232442e-06],
      [0, 0.099538362275, 0.76789857744, 0.10974775785, 0.022815302441],
      [0, 0, 0.037633318564, 0.93586384968, 0.02650283176],
      [0, 0.076053130177, 0.3756551062, 0.39004140716, 0.15825035646]
    ],
    [
      [0.16371228507, 0.69012698159, 0.12673846542, 0.00061002361123, 0.018812244307],
      [0.019552220472, 0.95659309613, 0.022344262739, 0.001510420661, 0],
      [0.9728107804, 0.025916795904, 0.0003053810498, 0.00096704264605, 0],
      [0.015465846561, 0.059565878425, 0.79162100558, 0.097734691533, 0.035612577904],
      [0, 0, 0.065827871309, 0.92840593886, 0.0057661898327],
      [0.0032975171837, 0.067045767057, 0.42936693025, 0.39757664589, 0.10271313962]
    ],
    [
      [0.12960794818, 0.69810665597, 0.11763903839, 0.0032884966327, 0.051357860827],
      [0, 0.96159758757, 0.032829208828, 0.0051724788425, 0.00040072475698],
      [0.87759249339, 0.032338873282, 0.08686602685, 0.0029659577226, 0.00023664875756],
      [0, 0.047265247372, 0.78347907169, 0.12971582004, 0.039539860893],
      [0, 0, 0.0088525780152, 0.94690295953, 0.044244462454],
      [0, 0.053123123475, 0.33380825273, 0.37733257565, 0.23573604814]
    ],
    [
      [0.19176358865, 0.63442948012, 0.13378384582, 0.0028330296239, 0.037190055776],
      [0.024823135617, 0.94655029794, 0.023572635079, 0.0050169695697, 3.6961795647e-05],
      [0.97879041149, 0.018412705337, 0, 0.0027781521519, 1.8731023102e-05],
      [0.014112086058, 0, 0.83436586403, 0.12670607684, 0.024815973072],
      [0, 0, 0.0081044766399, 0.96460199656, 0.027293526804],
      [0.0028234759904, 0.037381153132, 0.3808800088, 0.41153143149, 0.16738393058]
    ],
    [
      [0.19291802393, 0.63048158244, 0.1173615188, 0.0028720308624, 0.056366843962],
      [0.027307800235, 0.94579315895, 0.019492629296, 0.0067338063182, 0.00067260520229],
      [0.98087508291, 0.0091697082768, 0, 0.0090301113671, 0.00092509744361],
      [0.047272532324, 0.01504685035, 0.77363759147, 0.12094435311, 0.043098672747],
      [0, 0, 0.022069005134, 0.92898495651, 0.048946038353],
      [0.0056340234758, 0.046567278469, 0.33171716772, 0.3593091384, 0.25677239194]
    ],
    [
      [0.15370892669, 0.67874564118, 0.12684780478, 0.00082018154363, 0.039877445809],
      [0.016049996549, 0.95655268569, 0.02590298944, 0.0010607953122, 0.00043353301134],
      [0.9655120402, 0.025922212552, 0.006777776464, 0.0011933959912, 0.00059457479442],
      [0, 0.064023297407, 0.8147832726, 0.091084476806, 0.030108953192],
      [0, 0, 0.060770121529, 0.90083765531, 0.038392223165],
      [0.00053241185498, 0.060886994301, 0.39397038479, 0.34404404941, 0.20056615965]
    ],
    [
      [0.17801699928, 0.65960734852, 0.12498283514, 0, 0.037392817064],
      [0.024442053532, 0.95051394732, 0.024958174621, 0, 8.582453257e-05],
      [0.97822132687, 0.018187472668, 0.0034794660429, 0, 0.0001117344193],
      [0.039314765835, 0.066834993168, 0.79695261262, 0.069243516624, 0.027654111753],
      [0.0049865123765, 0, 0.079522966422, 0.87856684362, 0.03692367758],
      [0.0064657456127, 0.061388768117, 0.40452504936, 0.33228701867, 0.19533341824]
    ],
    [
      [0.15891229701, 0.70004231104, 0.12532173239, 0.00035966791758, 0.015363991646],
      [0.018438845229, 0.95865134995, 0.022909804824, 0, 0],
      [0.97034298925, 0.027416201792, 0.0022408089562, 0, 0],
      [0.0155606406, 0.077369613648, 0.8010944809, 0.089423351643, 0.01655191321],
      [0, 0, 0.073801020077, 0.91808254431, 0.0081164356102],
      [0.0028299835834, 0.072246111155, 0.44338837839, 0.39391374168, 0.08762178519]
    ],
    [
      [0.15606101843, 0.70493293278, 0.11435223728, 0, 0.024653811512],
      [0.012785690254, 0.96674340074, 0.020470909005, 0, 0],
      [0.96112340158, 0.037484586104, 0.0013920123124, 0, 0],
      [0.032360356379, 0.096043555003, 0.78028672995, 0.071375769119, 0.019933589551],
      [0, 0.0076224478455, 0.066521123527, 0.90002518116, 0.025831247463],
      [0.0036949352644, 0.076117895205, 0.40908498635, 0.36050180742, 0.15060037576]
    ],
    [
      [0.16603142677, 0.69132497034, 0.10511058702, 0.002064740397, 0.035468275475],
      [0.022672918325, 0.95936091114, 0.011443860313, 0.0064494195851, 7.2890636966e-05],
      [0.9664926322, 0.023961362495, 0, 0.0094425794529, 0.00010342585529],
      [0.043132041551, 0.084738096568, 0.73244307702, 0.11090933377, 0.02877745109],
      [0.00283032618, 0, 0.044254692749, 0.92047452983, 0.032440451245],
      [0.0048309217113, 0.067533085137, 0.35513780023, 0.38042329385, 0.19207489907]
    ],
    [
      [0.17122888241, 0.70022445222, 0.10470623592, 0, 0.023840429457],
      [0.027343309442, 0.96162574175, 0.011030948808, 0, 0],
      [0.97086068165, 0.029139318354, 0, 0, 0],
      [0.071696105389, 0.090581241578, 0.73360325002, 0.086576045678, 0.017543357333],
      [0.013670043941, 0.0018795006288, 0.047637671716, 0.91397948144, 0.022833302272],
      [0.0093792443227, 0.075214296231, 0.38503477121, 0.38722119406, 0.14315049418]
    ],
    [
      [0.17230576929, 0.64484847388, 0.1460308664, 0.0015896204813, 0.035225269947],
      [0.019444960489, 0.94383124403, 0.032419599573, 0.0039524233869, 0.00035177252291],
      [0.97252669382, 0.016520394622, 0.0064859606129, 0.0040851527442, 0.00038179819743],
      [0.0023642869287, 0.016426530596, 0.85588238448, 0.10172758809, 0.023599209908],
      [0, 0, 0.052311147322, 0.91774548849, 0.029943364193],
      [0.0012725971455, 0.049394725721, 0.42044209377, 0.364654434, 0.16423614937]
    ],
    [
      [0.1576257624, 0.70910767459, 0.10798489288, 0.00068883104434, 0.024592839089],
      [0.018584623547, 0.96348916759, 0.016057711397, 0.0018684974685, 0],
      [0.96982750416, 0.029006454636, 0, 0.0011660412003, 0],
      [0.026553787891, 0.09188033486, 0.75809024284, 0.10272895795, 0.020746676456],
      [0, 0.0048495301752, 0.048311415711, 0.92442573215, 0.022413321962],
      [0.00401355551, 0.075305257222, 0.38798056832, 0.38937001376, 0.14333060519]
    ],
    [
      [0.16390329947, 0.65067343562, 0.1378749848, 0.0021688325436, 0.045379447554],
      [0.0025975868598, 0.9502341146, 0.043601777887, 0.0032071150867, 0.00035940556424],
      [0.97326210678, 0.022115163413, 0.0015341365822, 0.002760405326, 0.00032818789703],
      [0, 0.015682998753, 0.85099891859, 0.10213870522, 0.031179377436],
      [0, 0, 0.040866630176, 0.91952424105, 0.039609128778],
      [0, 0.049786852802, 0.38983281396, 0.35374411111, 0.20663622213]
    ],
    [
      [0.14845752316, 0.69968460794, 0.10990973214, 0.0016338334058, 0.040314303353],
      [0.016522202371, 0.96181742991, 0.017026893845, 0.004399314681, 0.00023415919605],
      [0.96912385506, 0.027589604158, 0, 0.0031162977127, 0.00017024307271],
      [0.0050931994643, 0.075518942575, 0.77038640614, 0.1164194976, 0.032581954221],
      [0, 0, 0.030040508128, 0.93246923488, 0.037490256993],
      [0.0016493932846, 0.064724725509, 0.35184417341, 0.37299087421, 0.20879083359]
    ],
    [
      [0.18283489205, 0.6727825505, 0.11924455491, 0.00031775598769, 0.024820246547],
      [0.023802890215, 0.95458289631, 0.02161421347, 0, 0],
      [0.97713726123, 0.022633117447, 0.00022962131847, 0, 0],
      [0.03877498745, 0.070403482631, 0.78238780925, 0.090036197707, 0.018397522966],
      [0.00070431737816, 0, 0.065663374045, 0.91050017543, 0.023132133148],
      [0.0058279942538, 0.067060729255, 0.41208826356, 0.37655830613, 0.1384647068]
    ],
    [
      [0.16766740281, 0.69047251183, 0.11807339344, 0.0013172587429, 0.022469433178],
      [0.020304518561, 0.95760345764, 0.019434588662, 0.002657435135, 0],
      [0.97423227476, 0.024663733304, 0, 0.0011039919343, 0],
      [0.022842997611, 0.060189431666, 0.79129070825, 0.10888947613, 0.016787386348],
      [0, 0, 0.039568490286, 0.94089980966, 0.019531700057],
      [0.0039665785849, 0.067447796296, 0.40067269882, 0.40471596589, 0.12319696041]
    ],
    [
      [0.19123842769, 0.64918398433, 0.11858339147, 0.00031497712471, 0.040679219375],
      [0.025861473574, 0.95145826916, 0.022498905429, 0, 0.00018135183878],
      [0.97917448072, 0.02030045359, 0.00043190100592, 0, 9.3164682403e-05],
      [0.04721849643, 0.06019958899, 0.7764085341, 0.084933877065, 0.031239503419],
      [0.0013603088415, 0, 0.068819247528, 0.88958936551, 0.04023107812],
      [0.0063364561917, 0.059493210251, 0.38245873102, 0.34029379312, 0.21141780942]
    ],
    [
      [0.16944566925, 0.68466183791, 0.13324166966, 0.0012702257495, 0.011380597428],
      [0.020313190067, 0.95353942164, 0.024079649841, 0.002067738456, 0],
      [0.97412683138, 0.02409792931, 0.0006201665457, 0.0011550727662, 0],
      [0.01827036386, 0.048011477626, 0.82484782188, 0.10122245987, 0.007647876764],
      [0, 0, 0.054254530668, 0.93627540805, 0.0094700612814],
      [0.0036380187579, 0.066000669674, 0.45216957238, 0.41558337144, 0.062608367751]
    ],
    [
      [0.14889752649, 0.69290862249, 0.12294933962, 0.0016097881728, 0.033634723226],
      [0.016803091052, 0.9582293162, 0.020826621536, 0.0040146132607, 0.00012635795627],
      [0.97164830764, 0.026986972885, 0, 0.0013221956587, 4.2523819407e-05],
      [0.0090154630161, 0.053368850892, 0.80270809302, 0.11010265335, 0.024804939723],
      [0, 0, 0.039394996354, 0.93095554455, 0.029649459098],
      [0.0020740137049, 0.061035623455, 0.386199002, 0.37923652892, 0.17145483192]
    ],
    [
      [0.19025735062, 0.64266220271, 0.1268974885, 0.0039160021922, 0.036266955979],
      [0.024700759798, 0.94725726344, 0.022318365721, 0.0056263575069, 9.7253535507e-05],
      [0.97817434764, 0.01701852819, 0, 0.0047259113972, 8.1212768733e-05],
      [0.026294858551, 0, 0.83055103809, 0.11761892821, 0.025535175153],
      [0, 0, 0.020682291376, 0.94984709824, 0.02947061038],
      [0.0040096831372, 0.050030478059, 0.37974206007, 0.39233874966, 0.17387902907]
    ],
    [
      [0.14435765752, 0.70660006581, 0.11940635631, 0.0019231636846, 0.027712756671],
      [0, 0.96047788772, 0.033978480985, 0.0054930025563, 5.0628735188e-05],
      [0.91854744749, 0.029530109133, 0.047482080948, 0.0044010040779, 3.9358347762e-05],
      [0, 0.061758227264, 0.80354292707, 0.11395301138, 0.020745834286],
      [0, 0, 0.028358318875, 0.94738777639, 0.024253904733],
      [0, 0.064501619584, 0.38916876961, 0.4003111066, 0.1460185042]
    ],
    [
      [0.14167564759, 0.74187180188, 0.098029553508, 0, 0.018422997017],
      [0.011118435256, 0.98665109355, 0.0022304711902, 0, 0],
      [0.94597150393, 0.054028496074, 0, 0, 0],
      [0.026406742797, 0.13270942325, 0.75007461536, 0.072886088068, 0.017923130523],
      [0, 0.031043381709, 0.05069335199, 0.89561539248, 0.02264787382],
      [0.0018052407816, 0.095871069988, 0.39111834829, 0.37173152404, 0.13947381689]
    ],
    [
      [0.13857500844, 0.72500777724, 0.093218163635, 0.0034639670437, 0.039735083643],
      [0.011304346316, 0.97348778669, 0.008741436903, 0.0059899000097, 0.000476530084],
      [0.95547675835, 0.038816900115, 0, 0.0052774803021, 0.00042886123672],
      [0.0048012113977, 0.12296019941, 0.72069592037, 0.1160434693, 0.035499199529],
      [0, 0.0055769552618, 0.033527260141, 0.92159497546, 0.039300809142],
      [0, 0.079154466789, 0.32778357672, 0.37231554645, 0.22074641004]
    ],
    [
      [0.18865008278, 0.67278174047, 0.12277040239, 0.00062818486113, 0.015169589491],
      [0.025898670782, 0.95227566134, 0.02097191792, 0.00085374995738, 0],
      [0.97938412355, 0.019882743462, 0, 0.00073313298375, 0],
      [0.039001967721, 0.057313378363, 0.78270208712, 0.097674611536, 0.023307955261],
      [0.011646775135, 0, 0.057312339689, 0.92699451326, 0.0040463719142],
      [0.0074009898566, 0.067292685712, 0.43030131379, 0.40910898153, 0.085896029103]
    ],
    [
      [0.18367480403, 0.67686217025, 0.11790207938, 0.00021860942487, 0.02134233692],
      [0.031672103264, 0.95064186848, 0.017686028256, 0, 0],
      [0.99041564449, 0.0095843555068, 0, 0, 0],
      [0.049624020258, 0.068266377788, 0.77322399759, 0.093375499981, 0.015510104386],
      [0.01197511907, 0, 0.051984419518, 0.91791911603, 0.018121345385],
      [0.0092363660402, 0.066430852868, 0.41134960118, 0.39287678961, 0.1201063903]
    ],
    [
      [0.1837398872, 0.68238490058, 0.10325058225, 0, 0.030624629966],
      [0.036276279257, 0.9552797852, 0.0084439355395, 0, 0],
      [0.98558306144, 0.014416938556, 0, 0, 0],
      [0.078799450015, 0.080865947181, 0.72343089366, 0.092612276328, 0.024291432811],
      [0.02084979067, 0, 0.040732809803, 0.91209193013, 0.026325469396],
      [0.010564005226, 0.068256209247, 0.36670092187, 0.38168053088, 0.17279833278]
    ],
    [
      [0.17608218651, 0.68074794285, 0.11092524355, 0.00057783292042, 0.031666794167],
      [0.02841548224, 0.95533245269, 0.015695856506, 0.00055620856461, 0],
      [0.9833011232, 0.015947166183, 0, 0.00075171061613, 0],
      [0.049135424433, 0.076942601544, 0.75242391913, 0.097006701089, 0.024491353809],
      [0.011212686679, 0, 0.048433067016, 0.91161278711, 0.028741459199],
      [0.0074589481491, 0.066390490406, 0.37857829366, 0.37424752183, 0.17332474596]
    ],
    [
      [0.20178743731, 0.66631090218, 0.10328095017, 0, 0.02862071034],
      [0.050909368901, 0.9490906311, 0, 0, 0],
      [0.9816712737, 0.018328726297, 0, 0, 0],
      [0.14235542423, 0.080516787438, 0.73758882474, 0.016088237014, 0.023450726579],
      [0.043737969502, 0, 0.047666922005, 0.87303843791, 0.035556670584],
      [0.024010984688, 0.069066697713, 0.3789041905, 0.32639240506, 0.20162572204]
    ],
    [
      [0.14901025126, 0.71124573608, 0.1030367713, 0, 0.036707241361],
      [0.016202108482, 0.97006803155, 0.013659570395, 0, 7.0289576274e-05],
      [0.95661291726, 0.043252309301, 0, 0, 0.00013477343504],
      [0.02744506949, 0.10612307947, 0.75447530786, 0.081117393579, 0.030839149606],
      [0, 0.013477977411, 0.055319464391, 0.89285891759, 0.03834364061],
      [0.0028769442439, 0.076812724227, 0.36676198467, 0.3441704075, 0.20937793936]
    ],
    [
      [0.17307380613, 0.67555070535, 0.11244023496, 0, 0.038935253553],
      [0.024663953622, 0.95795561348, 0.017380432894, 0, 0],
      [0.97480599667, 0.02519400333, 0, 0, 0],
      [0.061652706186, 0.080809251777, 0.77065064087, 0.055937140697, 0.030950260471],
      [0.012715732382, 0, 0.064172534765, 0.88259018519, 0.040521547664],
      [0.007486771738, 0.066255497305, 0.38007294411, 0.3294266624, 0.21675812444]
    ],
    [
      [0.17189477172, 0.65446096598, 0.11780763729, 0.0055918075329, 0.050244817469],
      [0.021989265893, 0.94736774689, 0.021309415589, 0.0082045532819, 0.0011290183441],
      [0.97438705319, 0, 0.0064809307451, 0.016772920919, 0.0023590951481],
      [0.028076682322, 0.05697751058, 0.76215986563, 0.11387206479, 0.038913876673],
      [0, 0, 0.044101441042, 0.91201685451, 0.043881704451],
      [0.0036818413933, 0.052605390915, 0.34855045927, 0.35721606565, 0.23794624277]
    ],
    [
      [0.17362683769, 0.6784273959, 0.12824576631, 0, 0.019700000102],
      [0.024011393023, 0.9503076426, 0.025680964376, 0, 0],
      [0.97765635176, 0.015985953422, 0.0063576948195, 0, 0],
      [0.035584459273, 0.068102968712, 0.80369496159, 0.078127366052, 0.014490244373],
      [0.0050520633209, 0, 0.074644115401, 0.90109108292, 0.019212738363],
      [0.0058875008328, 0.067102441207, 0.43821332782, 0.37308137991, 0.11571535023]
    ],
    [
      [0.17034798576, 0.67987982416, 0.12706480029, 0.0024354550974, 0.0202719347],
      [0.020436002791, 0.94919507449, 0.025087626413, 0.0052706633431, 1.0632962418e-05],
      [0.97246736078, 0.013939776453, 0.00500699566, 0.0085722211802, 1.3645924308e-05],
      [0.025159539659, 0.057910262136, 0.79753729783, 0.1048103818, 0.014582518578],
      [0, 0, 0.056275436278, 0.92604031581, 0.017684247908],
      [0.0039870644282, 0.064857332822, 0.42105663503, 0.40036192923, 0.10973703849]
    ],
    [
      [0.19182072993, 0.6460175945, 0.10713277269, 0, 0.055028902878],
      [0.039176077685, 0.94576585048, 0.01465679207, 0, 0.00040127976875],
      [0.99906943819, 0, 0, 0, 0.00093056181451],
      [0.076847195123, 0.061339360266, 0.73227958308, 0.085732025666, 0.043801835869],
      [0.020709143242, 0, 0.038990421028, 0.8884454444, 0.051854991331],
      [0.013579092672, 0.053352468643, 0.33265041728, 0.32879943374, 0.27161858767]
    ],
    [
      [0.16301299627, 0.69592722799, 0.11143496197, 0.0014414119716, 0.028183401809],
      [0.020202764255, 0.96073490668, 0.016994689187, 0.0020676398748, 0],
      [0.96808384465, 0.028556313501, 0, 0.0033598418457, 0],
      [0.035965011533, 0.084640867211, 0.75971033832, 0.098209153816, 0.021474629121],
      [0.00015348042384, 0.00062939585192, 0.0570682268, 0.91596131315, 0.026187583774],
      [0.0042413769942, 0.070333745696, 0.38646408393, 0.38123231919, 0.15772847419]
    ],
    [
      [0.13129112778, 0.74257160733, 0.09690197554, 0, 0.029235289342],
      [0.0064542135102, 0.98342545163, 0.01012033486, 0, 0],
      [0.93309689575, 0.066903104248, 0, 0, 0],
      [0.0085712088908, 0.1328556646, 0.75381197802, 0.079424359775, 0.025336788717],
      [0, 0.024234523235, 0.055032687966, 0.88923189896, 0.031500889834],
      [0, 0.089744477671, 0.37701804634, 0.35070370531, 0.18253377068]
    ],
    [
      [0.15355066461, 0.71981328821, 0.112195498, 0, 0.014440549179],
      [0.014673542831, 0.96875146793, 0.016574989243, 0, 0],
      [0.96105688573, 0.038943114272, 0, 0, 0],
      [0.02329978933, 0.099035004897, 0.77780888955, 0.08893931713, 0.010916999089],
      [0, 0.013267576384, 0.059593398597, 0.91397903394, 0.013159991076],
      [0.0029114655415, 0.083651858082, 0.42695189847, 0.39760259348, 0.088882184422]
    ],
    [
      [0.15162575659, 0.71355417088, 0.10072452723, 0, 0.034095545297],
      [0.015738246875, 0.97508043928, 0.0091813138446, 0, 0],
      [0.96012014605, 0.039879853952, 0, 0, 0],
      [0.035450427883, 0.1154686189, 0.74706686593, 0.072171243552, 0.029842843743],
      [0.00062688572752, 0.019918336139, 0.052872137944, 0.88918520164, 0.037397438553],
      [0.0042806654484, 0.081900050776, 0.3650983617, 0.34208882433, 0.20663209775]
    ],
    [
      [0.13908275036, 0.72083209568, 0.11072590393, 0, 0.029359250028],
      [0.0045789483299, 0.97476099378, 0.020660057885, 0, 0],
      [0.95585589825, 0.04212762239, 0.0020164793588, 0, 0],
      [0.018433076373, 0.11488145361, 0.77954186686, 0.063013797767, 0.024129805381],
      [0, 0.020783203678, 0.071267608562, 0.87543181838, 0.032517369379],
      [0.0019391698022, 0.082151109319, 0.40090153506, 0.33734925844, 0.17765892738]
    ],
    [
      [0.16726149426, 0.68083894678, 0.12061543014, 0, 0.031284128821],
      [0.022101378174, 0.95399028669, 0.02388695064, 0, 2.1384493558e-05],
      [0.97463497782, 0.023048775709, 0.0023022163287, 0, 1.403013735e-05],
      [0.030652981191, 0.077007726163, 0.7872568431, 0.081545810772, 0.023536638775],
      [0.0029154582933, 1.5421120795e-05, 0.071961764705, 0.89464660233, 0.03046075355],
      [0.004747024178, 0.067006504631, 0.40409407296, 0.35369958248, 0.17045281575]
    ],
    [
      [0.12558973276, 0.72484444795, 0.11252246018, 0, 0.037043359113],
      [0, 0.97640208861, 0.023069934164, 0, 0.00052797722611],
      [0.90638550367, 0.080996967032, 0.0095825825573, 0.0024356768214, 0.00059926992411],
      [0, 0.11362090506, 0.779401003, 0.076414435674, 0.030563656273],
      [0, 0, 0.069500779233, 0.89118838499, 0.039310835779],
      [0, 0.078531814359, 0.38366491652, 0.33194749018, 0.20585577894]
    ],
    [
      [0.15035545905, 0.69154205777, 0.1110428008, 0, 0.047059682383],
      [0.015499765752, 0.96368293367, 0.020340999123, 0, 0.00047630145637],
      [0.96703153749, 0.031291779199, 0.001167094165, 0, 0.00050958914256],
      [0.01756293235, 0.094603157207, 0.76586890223, 0.083423440055, 0.038541568159],
      [0, 0.0022089284504, 0.065793158604, 0.88336981287, 0.048628100074],
      [0.0027287745965, 0.066855266586, 0.35951462158, 0.32431342897, 0.24658790827]
    ],
    [
      [0.16223028465, 0.73872257584, 0.091238330699, 0, 0.0078088088173],
      [0.016813073814, 0.98318692619, 0, 0, 0],
      [0.94823177566, 0.051768224337, 0, 0, 0],
      [0.073691192131, 0.13296737655, 0.73534844462, 0.048431549538, 0.0095614371595],
      [0.01276368485, 0.027853798648, 0.043319856199, 0.90355095696, 0.01251170334],
      [0.0092948773394, 0.099939272533, 0.41209282714, 0.39385731361, 0.084815709377]
    ],
    [
      [0.11724149944, 0.71428300569, 0.1340505035, 0, 0.034424991362],
      [0, 0.95664645805, 0.042998464958, 0, 0.000355076995],
      [0.88742104943, 0.077096434539, 0.034916360082, 0, 0.00056615594976],
      [0, 0.10742231058, 0.84549384327, 0.021257086628, 0.025826759523],
      [0, 0.0077545015424, 0.10804804241, 0.84264809681, 0.041549359231],
      [0, 0.078391263414, 0.4489636448, 0.27617485409, 0.1964702377]
    ],
    [
      [0.15229885948, 0.74217146677, 0.084181394786, 0, 0.021348278967],
      [0.010927165753, 0.98907283425, 0, 0, 0],
      [0.93220337039, 0.067796629612, 0, 0, 0],
      [0.093364822004, 0.13871060528, 0.68302699953, 0.066880889604, 0.018016683584],
      [0.0027847015144, 0.013867929896, 0.044468709047, 0.91322392589, 0.025654733652],
      [0.0067768432574, 0.096993431934, 0.35694525247, 0.37808626301, 0.16119820933]
    ],
    [
      [0.12978687424, 0.74238793664, 0.083527477564, 0, 0.044297711553],
      [0.0065035490775, 0.99349645092, 0, 0, 0],
      [0.91040597124, 0.089594028761, 0, 0, 0],
      [0.060706926046, 0.14510011008, 0.73573125424, 0.017351887827, 0.0411098218],
      [0, 0.026388135737, 0.052908242951, 0.86568612288, 0.055017498434],
      [0, 0.094141827718, 0.34376389803, 0.29070449637, 0.27138977788]
    ],
    [
      [0.22681182464, 0.6520384876, 0.1131502664, 0, 0.0079994213562],
      [0.051054264896, 0.94224009223, 0.0067056428748, 0, 0],
      [1, 0, 0, 0, 0],
      [0.129630434, 0.047895882719, 0.7816498657, 0.036563040608, 0.0042607769638],
      [0.034845312956, 0, 0.062262366692, 0.8951902289, 0.0077020914557],
      [0.017428416896, 0.068888388353, 0.47177904479, 0.39111036774, 0.050793782219]
    ],
    [
      [0.18673072886, 0.6726172921, 0.1049963296, 0.00049015302129, 0.035165496417],
      [0.041502847867, 0.95037156298, 0.0076627584893, 0.00046283066717, 0],
      [0.99046112274, 0.0092135144105, 0, 0.00032536284586, 0],
      [0.067440848627, 0.073393843904, 0.73176615113, 0.099644295275, 0.027754861067],
      [0.019148269167, 0, 0.038751366734, 0.91083698668, 0.031263377418],
      [0.0095512715785, 0.064758953141, 0.35999353732, 0.37335641702, 0.19233982095]
    ],
    [
      [0.15801295139, 0.66315450652, 0.11879270602, 0, 0.060039836064],
      [0.013404278269, 0.95800745627, 0.026525607253, 0, 0.0020626582124],
      [0.95922078485, 0.026528397711, 0.010382792718, 0, 0.0038680247208],
      [0.0531191013, 0.078349435238, 0.78314982385, 0.036097785641, 0.04928385397],
      [0.0034855117685, 0.00023345301989, 0.081555451293, 0.8467409195, 0.067984664415],
      [0.0056116873268, 0.060361837945, 0.36558997383, 0.27051548386, 0.29792101703]
    ],
    [
      [0.15750025609, 0.68418331516, 0.12646001344, 0, 0.031856415303],
      [0.018216943804, 0.95680904009, 0.024879546361, 0, 9.4469743972e-05],
      [0.97051194472, 0.024807688776, 0.0045522437893, 0, 0.00012812271974],
      [0.014162007743, 0.071920642163, 0.80842365802, 0.081900186981, 0.023593505089],
      [0, 0, 0.071716287537, 0.8975402584, 0.030743454066],
      [0.0025020666977, 0.065136083475, 0.41127301439, 0.35099196465, 0.17009687079]
    ],
    [
      [0.16239268065, 0.70370041761, 0.12816222003, 0, 0.0057446817118],
      [0.014636234074, 0.95908240488, 0.02628136105, 0, 0],
      [0.96691060818, 0.028507291918, 0.0045820998979, 0, 0],
      [0.02723140961, 0.080613723864, 0.80962847627, 0.077951539327, 0.0045748509334],
      [0, 0.0015257902043, 0.07704112718, 0.91528939497, 0.0061436876479],
      [0.004069553764, 0.077378061218, 0.4732184879, 0.40480381933, 0.04053007779]
    ],
    [
      [0.14947087083, 0.68949190308, 0.13237463902, 0.0026021813845, 0.026060405677],
      [0.012073782827, 0.95602076711, 0.028382571871, 0.0033241205931, 0.00019875759414],
      [0.94290873878, 0.025496235749, 0.026916900401, 0.0044023476471, 0.0002757774233],
      [0, 0.064161218139, 0.82000485987, 0.096939189541, 0.018894732449],
      [0, 0, 0.057701236444, 0.91815834309, 0.024140420462],
      [0.00016254605219, 0.065402956842, 0.42362067243, 0.37301592222, 0.13779790245]
    ],
    [
      [0.1769051816, 0.65856876861, 0.13224375615, 0.0084969292027, 0.023785364427],
      [0.020012056803, 0.9420830564, 0.024300055602, 0.013480729463, 0.00012410173237],
      [0.97264461454, 0.011011302714, 0.00072379673828, 0.015478724786, 0.00014156122007],
      [0.014028086378, 0.016958156293, 0.81685208343, 0.13563290541, 0.016528768485],
      [0, 0, 0.02619465183, 0.95499714217, 0.018808205997],
      [0.0020676260381, 0.051880655065, 0.4059915234, 0.4220220354, 0.1180381601]
    ],
    [
      [0.14015191212, 0.72117929233, 0.11585360263, 0.00080069114889, 0.022014501763],
      [0.010047667146, 0.967806495, 0.021024352854, 0.0011214850051, 0],
      [0.94062883819, 0.043302942127, 0.013947302425, 0.0010951949901, 0.0010257222645],
      [0, 0.10530118036, 0.78315501269, 0.094548323168, 0.016995483776],
      [0, 0, 0.061320725816, 0.91737509082, 0.021304183367],
      [0, 0.079120457615, 0.41317009266, 0.38204308977, 0.12566635995]
    ],
    [
      [0.15306492825, 0.6781542798, 0.1267141604, 0, 0.042066631545],
      [0.012067616861, 0.95786524749, 0.029522249933, 0, 0.00054488571184],
      [0.96401600613, 0.027883436879, 0.0075610361673, 0, 0.0005395208218],
      [0.017037831917, 0.076069931281, 0.80944223239, 0.065461809275, 0.031988195142],
      [0, 0, 0.089636110728, 0.86646050657, 0.043903382699],
      [0.0020211671631, 0.063627412269, 0.4032262773, 0.31393908452, 0.21718605875]
    ],
    [
      [0.20531094429, 0.62065765521, 0.14883130899, 0, 0.025200091512],
      [0.031421950396, 0.92682423292, 0.035798342568, 0.0059289273731, 2.6546745177e-05],
      [0.98308280962, 0.011026862201, 0.0058735011814, 0, 1.6826998607e-05],
      [0.054457216581, 0, 0.829486384, 0.099961263788, 0.016095135634],
      [0, 0, 0.096539911982, 0.88150273129, 0.021957356726],
      [0.0068846513598, 0.05064779968, 0.45428720896, 0.36296495403, 0.12521538597]
    ],
    [
      [0.15180216249, 0.66602910715, 0.14070086921, 0.0032053763156, 0.038262484823],
      [0.010967446031, 0.95017106772, 0.034498495904, 0.0036658364273, 0.00069715391892],
      [0.95001155493, 0.01606381083, 0.025847275088, 0.006729933218, 0.0013474259326],
      [0, 0.053918954914, 0.82426003609, 0.094254099146, 0.027566909848],
      [0, 0, 0.061530022481, 0.90356120441, 0.03490877311],
      [0.00016505821701, 0.058116558631, 0.40770884943, 0.34647554183, 0.18753399189]
    ]
  ],
  "expected_outcome": [
    [
      [32.1107220013, 3.0520982648, 1.3999368741, 2.9227834431, 1.2412509823, 2.6389986624, 0.37284081442, 1.8370475626, 0.75232661193, 1.9153304694, 1.4477091781, 0.81856142537, 2.203335119, 2.6846902412, 3.2796064069, 3.535305314, 3.0262889878, 1.5891229701, 3.7454644422, 3.6526913888, 3.0821198833, 2.0676692315, 0.94575457442, 2.6224527916, 1.4845752316, 1.8283489205, 1.8443414309, 0.57371528308, 2.3722393695, 1.0422826855, 3.995404363, 1.4435765752, 4.9586476657, 4.0186752448, 2.641101159, 8.4490409853, 5.8796763903, 5.8107121548, 4.4393236207, 3.427235779, 5.5383617963, 6.5320013254, 4.1670441046, 5.2807875585, 6.5219048177, 5.7054548694, 1.838075789, 3.8387666153, 3.0325151319, 4.4506480115, 3.8470143679, 4.1444611811, 3.4581755581, 6.6514416705, 1.9931054905, 2.2844828921, 5.0616880955, 7.0311665638, 4.4815374926, 4.1083367362, 2.9925048658, 4.3846023774, 5.8293639626, 5.6609658114, 3.5037978031, 2.7551687086, 3.6955969973, 6.8310973122],
      [134.5810814357, 12.1674401478, 6.5624557792, 12.0426049305, 7.3464585504, 10.286014383, 5.9135603626, 7.226015936, 3.4608623412, 4.6462635097, 8.898022182, 3.4506349079, 11.8678131516, 8.8820127217, 10.7181869015, 15.611149747, 11.2133249248, 7.0004231104, 16.9183903867, 15.2091493474, 12.60404014, 7.7381816866, 4.2546460475, 10.41077497, 6.9968460794, 6.727825505, 7.5951976301, 1.947551953, 9.5852657308, 4.8503603574, 13.4959062569, 7.0660006581, 25.9655130659, 21.0252255399, 9.4189443666, 31.1356598313, 21.8363168187, 22.4646821141, 14.6588398479, 16.3586519298, 21.6176225712, 24.8695167074, 16.2822575015, 21.0762745489, 21.964598213, 24.3574529795, 10.3960025027, 17.9953322052, 14.2710834175, 23.0666270619, 15.6592957759, 23.9198667823, 15.9054673288, 30.2876256093, 12.1428110968, 11.1325720016, 28.9531295289, 20.2131931157, 16.1428150104, 17.2420171696, 12.9994829881, 18.9999112755, 26.8901842202, 21.0742005956, 18.0294823083, 12.2067770364, 11.1718377938, 29.9713098219],
      [19.8723977506, 2.4331049637, 0.8078434765, 2.614366957, 1.1405801571, 1.5350328858, 1.1621032797, 1.4288469505, 0.59511465345, 1.2104205683, 1.2981237988, 0.6336923271, 1.9998636526, 1.8729738415, 1.9951458197, 2.9174995099, 2.1247081974, 1.2532173239, 2.7444536948, 2.3124329145, 1.8847122465, 1.7523703968, 0.64790935727, 2.2059997569, 1.0990973214, 1.1924455491, 1.2988073279, 0.35575017441, 1.8653833753, 0.86064537731, 2.6648472585, 1.1940635631, 3.4310343728, 2.7033267454, 1.7187856335, 5.4234956515, 3.3040186321, 3.6605330372, 2.2721809038, 2.3698457399, 3.5980875188, 4.4766902172, 3.0778983914, 3.9390088089, 3.6425142714, 3.9002236688, 1.3566276576, 2.80488745, 2.0144905446, 3.5432289258, 2.7741548933, 3.7132411859, 2.5539844183, 3.7407715587, 2.2788585595, 1.2627209218, 3.257571625, 3.5076582585, 2.5199119105, 3.0886103565, 2.4027402553, 3.4603799409, 5.1626109219, 4.2318001969, 2.8963400658, 2.2808548872, 2.6789635618, 6.3315391146],
      [0, 0.010503246255, 0, 0, 0, 0, 0.0055701522913, 0.0098082718904, 0.0046083687751, 0.011399622793, 0.017766342635, 0.0030501180562, 0.055904442755, 0.039662414735, 0.048824524661, 0.018864175504, 0, 0.0035966791758, 0, 0.045424288735, 0, 0.019075445775, 0.004132986266, 0.034701320698, 0.016338334058, 0.0031775598769, 0.014489846171, 0.00094493137414, 0.017783160493, 0.01126851721, 0.082236046036, 0.019231636846, 0, 0.10045504427, 0.0087945880558, 0.010056033544, 0, 0.019068486374, 0, 0, 0, 0.21248868625, 0, 0.075499108018, 0, 0.050449419008, 0, 0, 0, 0, 0, 0, 0, 0, 0, 0, 0, 0, 0.011763672511, 0, 0, 0, 0.10148507399, 0.27190173449, 0.020017278722, 0, 0, 0.1442419342],
