{
  "X": [
    [0, 2, 0, 3, 4, 0],
    [2, 1, 2, 5, 18, 7],
    [30, 70, 87, 164, 733, 75],
    [33, 55, 39, 69, 399, 56],
    [28, 74, 72, 123, 653, 81],
    [4, 21, 17, 21, 228, 28],
    [27, 60, 60, 120, 557, 82],
    [40, 76, 104, 162, 787, 82],
    [0, 6, 12, 29, 68, 11],
    [35, 27, 41, 96, 543, 84],
    [37, 91, 96, 185, 770, 86],
    [11, 18, 20, 37, 235, 27],
    [14, 35, 46, 83, 548, 80],
    [21, 27, 34, 75, 381, 55],
    [45, 49, 57, 146, 523, 78],
    [49, 78, 92, 198, 797, 116],
    [4, 4, 2, 9, 27, 2],
    [1, 1, 6, 9, 22, 6],
    [6, 2, 1, 5, 26, 5],
    [16, 39, 33, 58, 277, 47],
    [29, 47, 53, 79, 434, 48],
    [13, 41, 44, 128, 565, 58],
    [35, 42, 39, 124, 478, 52],
    [18, 41, 27, 106, 426, 43],
    [49, 102, 130, 373, 1268, 133],
    [53, 72, 107, 248, 1070, 103],
    [48, 73, 89, 181, 691, 92],
    [65, 116, 122, 275, 841, 106],
    [47, 59, 97, 267, 969, 101],
    [1, 16, 34, 33, 179, 43],
    [15, 54, 59, 129, 443, 49],
    [8, 5, 21, 36, 194, 30],
    [86, 135, 166, 294, 1574, 293],
    [5, 1, 2, 19, 93, 19]
  ],
  "W": [
    [0, 1, 3, 2, 0, 2, 1],
    [4, 2, 15, 4, 2, 3, 5],
    [50, 29, 637, 161, 101, 94, 87],
    [37, 22, 323, 74, 68, 71, 56],
    [50, 43, 582, 92, 102, 96, 66],
    [10, 17, 187, 23, 30, 18, 34],
    [39, 26, 442, 116, 121, 81, 81],
    [55, 49, 675, 173, 144, 80, 75],
    [6, 4, 49, 27, 22, 15, 3],
    [24, 32, 496, 111, 60, 35, 68],
    [44, 33, 619, 203, 168, 109, 89],
    [15, 19, 205, 34, 31, 24, 20],
    [21, 35, 478, 80, 85, 42, 65],
    [29, 42, 314, 67, 54, 43, 44],
    [65, 41, 454, 135, 82, 68, 53],
    [73, 60, 672, 188, 152, 94, 91],
    [1, 2, 22, 14, 5, 2, 2],
    [2, 8, 17, 6, 4, 1, 7],
    [5, 1, 22, 6, 3, 0, 8],
    [36, 38, 233, 46, 41, 43, 33],
    [32, 21, 353, 74, 90, 57, 63],
    [41, 49, 417, 96, 114, 67, 65],
    [35, 61, 390, 93, 73, 51, 67],
    [33, 33, 352, 87, 61, 59, 36],
    [101, 81, 1024, 279, 222, 176, 172],
    [105, 89, 799, 230, 191, 117, 122],
    [81, 48, 540, 176, 154, 101, 74],
    [99, 46, 672, 234, 200, 161, 113],
    [92, 61, 762, 251, 179, 94, 101],
    [3, 1, 180, 46, 44, 9, 23],
    [46, 28, 339, 100, 87, 83, 66],
    [12, 9, 167, 38, 37, 11, 20],
    [103, 172, 1422, 260, 196, 173, 222],
    [11, 11, 67, 28, 5, 2, 15]
  ],
  "method": "mult",
  "cond_prob": [
    [
      [1.6653345369e-16, 0.0078481227682, 0, 0.61550998837, 0.37664188886, 0],
      [1.7055587253e-16, 0.0029711529579, 0, 0.092184813251, 0.90484403379, 0],
      [0, 0.20041589027, 0, 0.27528811278, 0.52429599694, 0],
      [0, 0.0086554290546, 0, 0.68730459653, 0.30403997441, 0],
      [0, 0.075230796082, 0, 0.29282391427, 0.63194528964, 0],
      [0, 0.67743022832, 0, 0.3012610606, 0.021308711077, 0],
      [0, 0.02360986148, 0, 0.10481953412, 0.8715706044, 0]
    ],
    [
      [0.31875277254, 0, 0.0104784193, 0.30635363582, 0.35995162384, 0.004463548494],
      [0.031414701546, 0.00050427472622, 0.0056278639933, 0.032248956434, 0.50982650953, 0.42037769377],
      [0.019158750895, 0, 0.028802354554, 0.020591399918, 0.68783306243, 0.24361443221],
      [0.036444144063, 0, 0.081138351972, 0.42917635113, 0.3866262664, 0.066614886439],
      [0.0035103320468, 0.018327870418, 0.28896417418, 0.14332565969, 0.53236459792, 0.013507365751],
      [0.013834130312, 0.3207785699, 0.12628193365, 0.41036415745, 0.10909826712, 0.019642941573],
      [0.036095722407, 0, 0.046693543865, 0.033353469768, 0.45690309728, 0.42695416668]
    ],
    [
      [0.20873991094, 0.0047354912072, 0.012838414239, 0.32458694986, 0.44819311406, 0.00090611969318],
      [0.027626770336, 0.0013223269314, 0.0081597917152, 0.042518528209, 0.73987895359, 0.18049362922],
      [0.01720388305, 0.029888526178, 0.04462445744, 0.049522498607, 0.78204195999, 0.076718674731],
      [0.025177533605, 0.0063920011313, 0.089109513955, 0.41309505662, 0.44239694471, 0.023828949983],
      [0.0022584800229, 0.034020588866, 0.26650966777, 0.13345779168, 0.55929075801, 0.0044627136577],
      [0.0079934741904, 0.48286910631, 0.11330128606, 0.33145914885, 0.058528442194, 0.0058485423911],
      [0.031837685558, 0.0095517141616, 0.066450998372, 0.044219339187, 0.66387560809, 0.18406465463]
    ],
    [
      [0.35154112496, 0.0050371363979, 0.008915715056, 0.21833888989, 0.41503900739, 0.0011281263007],
      [0.046699542058, 0.0014171589769, 0.0057092516828, 0.028781969557, 0.69055239238, 0.22683968534],
      [0.033367584369, 0.029847875517, 0.028110862593, 0.027051929129, 0.77567942389, 0.1059423245],
      [0.050993890885, 0.0082085732582, 0.07475452297, 0.33562420705, 0.4945933427, 0.035825463135],
      [0.0045152472631, 0.043155365285, 0.22113096243, 0.10695252927, 0.61762109386, 0.0066248018893],
      [0.015029678661, 0.57776525208, 0.088289544359, 0.25001020637, 0.06074097132, 0.0081643472058],
      [0.05428869242, 0.010325937601, 0.046918010609, 0.030192797686, 0.62493213342, 0.23334242826]
    ],
    [
      [0.22093019642, 0.0051943943484, 0.012129528779, 0.30577399204, 0.4548670926, 0.0011047958126],
      [0.027843775664, 0.0013820925358, 0.0073457760619, 0.038151362902, 0.7155307194, 0.20974627343],
      [0.017366645755, 0.032408139297, 0.039994065876, 0.042744716591, 0.77499403832, 0.092492394158],
      [0.027033682405, 0.007117574117, 0.085472705651, 0.39509941716, 0.45578214691, 0.029494473751],
      [0.0024118710636, 0.037681013642, 0.25433824701, 0.1269155857, 0.57315907063, 0.0054942119453],
      [0.0082558883984, 0.51729656968, 0.10454844069, 0.3049326318, 0.058002835628, 0.0069636337943],
      [0.032168864847, 0.010008520193, 0.05997679437, 0.039777241868, 0.64363392715, 0.21443465157]
    ],
    [
      [0.13742637545, 0.0078071696236, 0.011790446425, 0.24875700323, 0.59293072297, 0.0012882823],
      [0.013779051745, 0.0016798938721, 0.0057745713101, 0.024954700431, 0.75507959406, 0.19873218858],
      [0.0073323694153, 0.03835900685, 0.029077363872, 0.021069965312, 0.81562940954, 0.088531885006],
      [0.015583925759, 0.010081503425, 0.07847684051, 0.30355861387, 0.5598705026, 0.03242861384],
      [0.0012646235124, 0.048719679596, 0.21411566432, 0.088348626625, 0.64204789736, 0.0055035085901],
      [0.0040815574136, 0.64478324229, 0.082522549045, 0.20091150799, 0.061127532341, 0.0065736109171],
      [0.016191242762, 0.012372720563, 0.048018165744, 0.02645301428, 0.6903790007, 0.20658585595]
    ],
    [
      [0.24556962818, 0.0048318289941, 0.0097794689393, 0.29643066504, 0.44209863028, 0.0012897785688],
      [0.030438040413, 0.0012658864304, 0.0058316825944, 0.036416527706, 0.68482504644, 0.24122281642],
      [0.020396482612, 0.027034011682, 0.030108543213, 0.037963329883, 0.77165266469, 0.11284496792],
      [0.031068934988, 0.006853813599, 0.071337506082, 0.39651309757, 0.45857967013, 0.035646977631],
      [0.002880825277, 0.037719423861, 0.22065066812, 0.13239032331, 0.59945677852, 0.0069019809064],
      [0.0097977701363, 0.51509128168, 0.090115562705, 0.31604028443, 0.060263709698, 0.0086913913493],
      [0.035431536269, 0.0092361231853, 0.047972330077, 0.038253963668, 0.62063397527, 0.24847207153]
    ],
    [
      [0.25409283822, 0.00535516885, 0.013130329081, 0.2957394921, 0.43077001418, 0.00091215757474],
      [0.03450520886, 0.0015337156834, 0.0085594395077, 0.039737172247, 0.72933306952, 0.18633139418],
      [0.021714078532, 0.037987932762, 0.047491944836, 0.046310721469, 0.76768977181, 0.078805550593],
      [0.032119078569, 0.0075724928456, 0.095462574711, 0.39428122219, 0.44543567324, 0.025128958446],
      [0.0028142091763, 0.039366221934, 0.27878610076, 0.12442562279, 0.55001117515, 0.0045966701819],
      [0.0093957758175, 0.52729977635, 0.11182991618, 0.29149307941, 0.054298760949, 0.0056826912921],
      [0.03951502501, 0.011009329357, 0.069263191607, 0.041067760396, 0.650318017, 0.18882667663]
    ],
    [
      [0, 0.0034435746503, 0.014420497634, 0.47238072652, 0.50774769726, 0.0020075039393],
      [0, 0.00072622662108, 0.0069219838145, 0.046290463309, 0.63550713527, 0.31055419099],
      [0, 0.0037914423091, 0.040827562495, 0.049907496868, 0.75672881694, 0.14874468139],
      [0, 0.003681144484, 0.079669126084, 0.47778914032, 0.39690609141, 0.041954497699],
      [0, 0.021249812824, 0.26113399408, 0.16533381453, 0.54380801728, 0.0084743612896],
      [3.081487911e-33, 0.34719761902, 0.12125915682, 0.45683404883, 0.062439615442, 0.012269559885],
      [0, 0.0052673013017, 0.056778963446, 0.048308333456, 0.57164605515, 0.31799934665]
    ],
    [
      [0.32593773, 0.0032388228081, 0.0082111318564, 0.27088155599, 0.39059683818, 0.0011339211712],
      [0.045014869827, 0.00094650679075, 0.0054618776292, 0.037099685436, 0.67493601981, 0.23654104051],
      [0.032807961854, 0.017433022642, 0.028361971659, 0.040307093634, 0.76978460913, 0.11130534108],
      [0.045533055984, 0.0050786946029, 0.066237292191, 0.40062995522, 0.44787773425, 0.034643267749],
      [0.0043830682075, 0.029030588899, 0.21291898956, 0.13880665354, 0.60789603372, 0.0069646660826],
      [0.016532304027, 0.44198004796, 0.096359311171, 0.36763029888, 0.067771818786, 0.0097262191743],
      [0.052477729686, 0.0069165983988, 0.045008236923, 0.03902867025, 0.61256401378, 0.24400475096]
    ],
    [
      [0.25042883336, 0.0052697683503, 0.010846124831, 0.30190243304, 0.43055669386, 0.00099614655953],
      [0.033471069471, 0.0014860369408, 0.0069615973116, 0.039947082679, 0.71775745043, 0.20037676316],
      [0.021713872372, 0.038203851687, 0.037561642598, 0.046630477989, 0.76881959366, 0.087070561698],
      [0.031864048271, 0.0075036418646, 0.079399112712, 0.40527987244, 0.44831887327, 0.027634451442],
      [0.0029075171133, 0.040623168004, 0.24144678873, 0.13322256684, 0.57653536473, 0.0052645945796],
      [0.0094656191741, 0.52994233355, 0.094454811254, 0.30429243879, 0.055498493816, 0.0063463034154],
      [0.038731257046, 0.010778212347, 0.056918272069, 0.041715642468, 0.64667609841, 0.20518051766]
    ],
    [
      [0.2554353687, 0.0043417193904, 0.01013624598, 0.27625696171, 0.45282836967, 0.0010013345413],
      [0.032508257976, 0.0011819211038, 0.0062805161184, 0.03511697804, 0.72947084165, 0.19544148511],
      [0.021149599025, 0.021617661836, 0.032439654912, 0.035542986598, 0.80175608352, 0.087494014109],
      [0.032588618646, 0.0062865071524, 0.075631289802, 0.37778250201, 0.4794473602, 0.02826372219],
      [0.002926754313, 0.033596471066, 0.22812900625, 0.12183255341, 0.60820900187, 0.0053062130897],
      [0.010725033718, 0.50219173334, 0.099893951889, 0.31422887524, 0.065763526782, 0.0071968790311],
      [0.037950077044, 0.0086481792723, 0.051878967747, 0.036985175452, 0.66268086971, 0.20185673077]
    ],
    [
      [0.17389488705, 0.004666282832, 0.010538744148, 0.31408289881, 0.49544798114, 0.0013692060202],
      [0.019716345543, 0.0011203804859, 0.0057594924933, 0.035332931485, 0.7033829138, 0.23468793619],
      [0.012727714085, 0.021640415105, 0.029896405768, 0.035171817229, 0.79135326097, 0.10921038684],
      [0.020379392719, 0.0061430599595, 0.071367446679, 0.39003173079, 0.47695779934, 0.035120570511],
      [0.0018575908437, 0.033251092095, 0.2172033489, 0.1279403201, 0.61306129455, 0.0066863535151],
      [0.0068189840731, 0.49206531125, 0.095682464748, 0.3298313924, 0.066514507866, 0.009087339669],
      [0.023071445767, 0.0082176250154, 0.047635050275, 0.037309134392, 0.64076751315, 0.2429992314]
    ],
    [
      [0.26027683368, 0.0036832965424, 0.0096720354076, 0.29836207413, 0.42686966853, 0.0011360917007],
      [0.033864024498, 0.0010161515275, 0.0060734203772, 0.03854428158, 0.69649349533, 0.22400862668],
      [0.023499159543, 0.016641175676, 0.031469899979, 0.040500729432, 0.78425138039, 0.10363765498],
      [0.033419356577, 0.0053196955638, 0.071893826657, 0.40656145994, 0.45083108612, 0.031974575145],
      [0.0031403553158, 0.029693357174, 0.22590257704, 0.137427865, 0.5975599766, 0.0062758688717],
      [0.011775556709, 0.44973989679, 0.10153439695, 0.3620416304, 0.066196090935, 0.0087124282286],
      [0.03945276549, 0.0074204641304, 0.050028957028, 0.040520417029, 0.63165377157, 0.23092362475]
    ],
    [
      [0.29941356588, 0.0040736651203, 0.0098181792806, 0.31029914898, 0.37526560541, 0.0011298353261],
      [0.042482492093, 0.0012199424103, 0.0066923650942, 0.043578384673, 0.66446845795, 0.24155835778],
      [0.032205503233, 0.027827006031, 0.036181102998, 0.057185121308, 0.73772058203, 0.1088806844],
      [0.039895664983, 0.0060769176507, 0.075332602822, 0.43649084938, 0.40936406079, 0.032839904377],
      [0.0038642537642, 0.03493139073, 0.24345630405, 0.15222394306, 0.55888334992, 0.0066407584712],
      [0.012909305634, 0.46911731118, 0.097635085295, 0.35693317279, 0.055190627198, 0.0082144979083],
      [0.048951343581, 0.0088112888278, 0.054503896301, 0.045315334415, 0.59611017129, 0.24630796558]
    ],
    [
      [0.26203741508, 0.004789968096, 0.010582773654, 0.31646463492, 0.40494822466, 0.0011769835963],
      [0.035172965967, 0.0013550334352, 0.0068141848359, 0.042007064358, 0.67719987887, 0.23745087253],
      [0.024294340193, 0.033494849991, 0.037191616629, 0.052238203681, 0.74601804999, 0.10676293952],
      [0.033485221056, 0.0068423262382, 0.077721893055, 0.42619085543, 0.42300495744, 0.032754746785],
      [0.0031609088497, 0.038317214667, 0.2444871595, 0.14491032045, 0.56266972402, 0.0064546725192],
      [0.010300732932, 0.50062317513, 0.095736223838, 0.3313291387, 0.054221854905, 0.0077888744928],
      [0.04056203881, 0.0097949308192, 0.055526053624, 0.04371864119, 0.60807772383, 0.24232061173]
    ],
    [
      [0.54423639645, 0.005843805242, 0.0037983597639, 0.20316667017, 0.2425737256, 0.00038104277501],
      [0.10538922305, 0.0028308691931, 0.0041905907743, 0.044871795393, 0.70238885464, 0.14032866696],
      [0.074373714898, 0.085996940139, 0.01904370972, 0.061452314145, 0.70580442043, 0.05332890067],
      [0.091825230967, 0.013134461565, 0.044687991159, 0.43508862933, 0.39846005732, 0.016803629658],
      [0.0093319903831, 0.082069455694, 0.16212098883, 0.15761353607, 0.58524920107, 0.0036148279547],
      [0.01584624012, 0.73054770905, 0.031566750727, 0.19104433861, 0.028732778521, 0.0022621829755],
      [0.12242888201, 0.020618307418, 0.034744261507, 0.046870829807, 0.63139947544, 0.14393824382]
    ],
    [
      [0.16688673054, 0.0034075909863, 0.022701570578, 0.50393126378, 0.30190305726, 0.0011697868617],
      [0.022772897241, 0.0011256627671, 0.017089164911, 0.074491155622, 0.59671061707, 0.28781050239],
      [0.012601231898, 0.023266698745, 0.12275431896, 0.14325011464, 0.60349892821, 0.094628707543],
      [0.014984917808, 0.0039491341161, 0.13850110057, 0.56047467684, 0.25557671099, 0.026513459684],
      [0.0013677976721, 0.022272533809, 0.45720236333, 0.17805213439, 0.33598865387, 0.005116516933],
      [0.0040732837314, 0.42290700209, 0.15403970341, 0.38440901882, 0.028951476658, 0.0056195152845],
      [0.024338348209, 0.0075648136003, 0.13102919387, 0.071641523015, 0.49380868733, 0.27161743397]
    ],
    [
      [0.52024762127, 0.0074519639877, 0.003034205705, 0.19694517705, 0.27143223316, 0.00088879881995],
      [0.085803153775, 0.0028420772754, 0.0026398376442, 0.033787764564, 0.62004893122, 0.25487823552],
      [0.088557351188, 0.063483792366, 0.010279054916, 0.03921082904, 0.68954314177, 0.10892583072],
      [0.089711498331, 0.01586595374, 0.034028238467, 0.4015005784, 0.4218691391, 0.037024591958],
      [0.0091333290963, 0.10033750052, 0.12506246224, 0.14214516318, 0.61540014054, 0.0079214044194],
      [0.0089241507812, 0.85647913732, 0.013802985103, 0.10051201036, 0.017423298285, 0.0028584181433],
      [0.099878504555, 0.020880805841, 0.02208663852, 0.035426143921, 0.55942819098, 0.26229971619]
    ],
    [
      [0.23318280141, 0.0064184948098, 0.013273037744, 0.30372412151, 0.44202135855, 0.0013801859873],
      [0.028240400872, 0.0016495178032, 0.0077638827099, 0.036525729899, 0.67199732686, 0.25382314186],
      [0.016030695026, 0.049896829149, 0.044075407097, 0.042474833309, 0.73365679613, 0.11386543929],
      [0.028288832913, 0.0087655555301, 0.093338972009, 0.39144299931, 0.44142748494, 0.036736155298],
      [0.0024844489071, 0.045737051833, 0.27449093935, 0.12359157544, 0.54695720125, 0.0067387832203],
      [0.0076242134881, 0.56770980914, 0.10085360206, 0.26659121234, 0.049565159537, 0.0076560034359],
      [0.032307335637, 0.011828328676, 0.062822640307, 0.037704940501, 0.59839659868, 0.2569401562]
    ],
    [
      [0.3153684933, 0.0048392272582, 0.010845600562, 0.25451421359, 0.41353762491, 0.00089484038164],
      [0.044015740396, 0.0014306708157, 0.0072981561172, 0.035254420034, 0.72298418891, 0.18901682373],
      [0.029731081121, 0.032531978275, 0.038629200416, 0.039020200854, 0.77779635502, 0.082291184308],
      [0.04327170352, 0.0074608044194, 0.086018065685, 0.37013949076, 0.46622649339, 0.026883442225],
      [0.0038218186732, 0.039128969376, 0.25371419144, 0.11765100881, 0.58072500881, 0.0049590028861],
      [0.013023831439, 0.53694027562, 0.10374059041, 0.28156273277, 0.058475949518, 0.006256620254],
      [0.050799649161, 0.010349362359, 0.059535619262, 0.03671559628, 0.6495694331, 0.19303033984]
    ],
    [
      [0.12634343083, 0.0039920639927, 0.0082356251777, 0.37014632456, 0.49030847751, 0.00097407792751],
      [0.015520632093, 0.001036755124, 0.0048682409137, 0.045064694349, 0.75290492297, 0.18060475455],
      [0.0095371596044, 0.017132802894, 0.024612888191, 0.047368593725, 0.82113114188, 0.080217413709],
      [0.014366736446, 0.0050904903114, 0.05401099474, 0.4451317976, 0.45719834096, 0.024201639943],
      [0.0014060921257, 0.029573552201, 0.17638174071, 0.15683775294, 0.63085469956, 0.0049461624589],
      [0.0051683558508, 0.43701569971, 0.077836048534, 0.40471023294, 0.068538196761, 0.0067314662075],
      [0.018409719463, 0.0077080256444, 0.040809723065, 0.048236693468, 0.6952736826, 0.18956215576]
    ],
    [
      [0.29528512307, 0.0041180298519, 0.0073903271216, 0.3315025185, 0.36100098153, 0.00070301992542],
      [0.047279996829, 0.0013947830381, 0.0056974123324, 0.052619205728, 0.72300855348, 0.17000004859],
      [0.034420129244, 0.034630019228, 0.029974628717, 0.074639288651, 0.75626759492, 0.070068339245],
      [0.039944079642, 0.0062507148792, 0.057709203828, 0.47460499132, 0.40069917393, 0.020791836404],
      [0.0041012612403, 0.038104934193, 0.19786144384, 0.17538235401, 0.58009179623, 0.0044582104841],
      [0.012684434224, 0.47487574325, 0.073423649137, 0.38088715456, 0.053023874001, 0.0051051448303],
      [0.05516407251, 0.010200598589, 0.046988712486, 0.055401444947, 0.65673343272, 0.17551173875]
    ],
    [
      [0.20256025279, 0.0043778824863, 0.0066609281475, 0.34629299672, 0.43922975259, 0.00087818727506],
      [0.027301460923, 0.0012499230259, 0.0043285679568, 0.046325736547, 0.7416090814, 0.17918523015],
      [0.018276772386, 0.026532250042, 0.021938925849, 0.055320731173, 0.79962512264, 0.078306197909],
      [0.02498051628, 0.006066652855, 0.047494538456, 0.45265197395, 0.44509172989, 0.023714588569],
      [0.0025161522844, 0.036285635181, 0.15984936931, 0.16409203923, 0.63226813452, 0.0049886694728],
      [0.0082884631557, 0.48134418354, 0.063150306433, 0.3795939457, 0.061538965389, 0.0060841357865],
      [0.03237027877, 0.0092889175101, 0.036281674342, 0.049564041858, 0.68450387901, 0.18799120851]
    ],
    [
      [0.17610953784, 0.0036083571717, 0.0097022182461, 0.38645473951, 0.42326395286, 0.00086119437557],
      [0.024569372931, 0.0010593187285, 0.006483109915, 0.053260378499, 0.73446216673, 0.1801656532],
      [0.016339707059, 0.021539139967, 0.03515782344, 0.070269679841, 0.78047625156, 0.076217398131],
      [0.020766808704, 0.0047489034956, 0.065632746365, 0.47941800257, 0.40735454149, 0.022078997377],
      [0.0020767327283, 0.028162623537, 0.21853542329, 0.17273962229, 0.57387689455, 0.0046087036138],
      [0.0073955338961, 0.40104034632, 0.093569410463, 0.43146811563, 0.060448994401, 0.006077599284],
      [0.02868819292, 0.0077530484269, 0.053480909332, 0.056125705104, 0.66778844754, 0.18616369668]
    ],
    [
      [0.21807994913, 0.0036419942976, 0.01008752218, 0.32039226505, 0.44695418598, 0.00084408336761],
      [0.029394460248, 0.0010334030496, 0.0065149616531, 0.042669121149, 0.74965568059, 0.17073237331],
      [0.019312677859, 0.016993989775, 0.034066373234, 0.046376105978, 0.80900992276, 0.074240930396],
      [0.027114169908, 0.0050559210462, 0.071987869676, 0.41928221442, 0.45373239979, 0.022827425165],
      [0.002539901355, 0.028090175491, 0.22460458802, 0.14148964165, 0.59881221027, 0.0044634832151],
      [0.0097445974226, 0.43158372051, 0.1035798952, 0.38080336604, 0.067947090138, 0.0063413306868],
      [0.034370251095, 0.0075740921185, 0.053823051591, 0.045027270594, 0.68254207342, 0.17666326118]
    ],
    [
      [0.27047718604, 0.0045141739298, 0.010904136105, 0.30108011467, 0.41187950046, 0.001144888793],
      [0.036135185161, 0.001271328708, 0.0069898325795, 0.039784774905, 0.68576473845, 0.2300541402],
      [0.025005943884, 0.028774624461, 0.037812348438, 0.046652891917, 0.75794380472, 0.10381038658],
      [0.034950682151, 0.0065221969138, 0.081002775253, 0.4101233988, 0.43517258656, 0.03222836032],
      [0.0032365972243, 0.035832208557, 0.2500064469, 0.13679597374, 0.56789854032, 0.0062302332555],
      [0.011083504883, 0.49196783417, 0.10286246703, 0.32868534473, 0.057500705108, 0.0079001440779],
      [0.041681882729, 0.0091920661982, 0.056972897544, 0.041415701586, 0.61590644337, 0.23483100857]
    ],
    [
      [0.27834051473, 0.0046194447374, 0.010750237659, 0.32572782312, 0.3795669938, 0.00099498595905],
      [0.040451621918, 0.0014137997333, 0.0074887715922, 0.046791445927, 0.68670333523, 0.2171510256],
      [0.028862188592, 0.039687299404, 0.041615920233, 0.066251245707, 0.73101075814, 0.09257258792],
      [0.036177987574, 0.0067064582233, 0.080229446293, 0.4457769805, 0.40296730091, 0.028141826502],
      [0.0034624526041, 0.03806826279, 0.25575549609, 0.15370577838, 0.54338599545, 0.0056220146832],
      [0.011080010869, 0.48742572133, 0.09837671259, 0.34503210858, 0.051423460569, 0.0066619860666],
      [0.046425684401, 0.010170531573, 0.060724815965, 0.048465161853, 0.61366867315, 0.22054513306]
    ],
    [
      [0.20882612056, 0.0034245378445, 0.0095301324113, 0.35173194578, 0.42557797988, 0.00090928352538],
      [0.028715138522, 0.00099165016565, 0.0062813659291, 0.047802869873, 0.72847547528, 0.18773350023],
      [0.019568403988, 0.018083563953, 0.033353888981, 0.059151603031, 0.78814338547, 0.081699154581],
      [0.025554597487, 0.0046808178671, 0.066964766527, 0.45321080976, 0.4253765314, 0.024212476954],
      [0.0025027867581, 0.027192788607, 0.21847296729, 0.1599021736, 0.58697932881, 0.0049499549285],
      [0.009300022648, 0.40498728548, 0.097573094159, 0.41682317196, 0.064505339267, 0.006811086484],
      [0.033552917744, 0.0072631370831, 0.051858541575, 0.050409741858, 0.66279456437, 0.19412109737]
    ],
    [
      [0.049640739631, 0.008905492412, 0.022442932927, 0.37869031581, 0.53760564585, 0.002714873366],
      [0.0042606969514, 0.0016516950773, 0.0094753855304, 0.032779683063, 0.59019350478, 0.36163903459],
      [0.0027565848992, 0.044277149179, 0.057522927923, 0.034987527875, 0.68696225515, 0.17349355498],
      [0.0046414290275, 0.0095490814387, 0.12397709299, 0.38357057813, 0.42150471353, 0.056757104883],
      [0.00038042821256, 0.046682113075, 0.34155946809, 0.11296892605, 0.48867326115, 0.0097358034252],
      [0.0011452989956, 0.58233314894, 0.12288793116, 0.23940534218, 0.043383383721, 0.010844895003],
      [0.004786066727, 0.011629387547, 0.075283240668, 0.033211605757, 0.51576055933, 0.35932913997]
    ],
    [
      [0.15097108185, 0.0048078771973, 0.012579530322, 0.37213891009, 0.45851161787, 0.00099098267713],
      [0.019302528808, 0.0012999279294, 0.0077414239666, 0.047168839636, 0.73307799926, 0.1914092804],
      [0.011041393834, 0.032207543056, 0.044086953317, 0.058816873215, 0.77330715193, 0.080540084652],
      [0.017068384212, 0.0060971852156, 0.082059903678, 0.44507648435, 0.42520915337, 0.024488889177],
      [0.0015852541214, 0.033613854477, 0.25440828644, 0.1488214919, 0.55682182297, 0.0047492900914],
      [0.0054694579908, 0.46588127844, 0.10534686736, 0.360462647, 0.056772737609, 0.006067011594],
      [0.022319793571, 0.0094214030169, 0.06326974667, 0.049218858714, 0.6599182718, 0.19585192622]
    ],
    [
      [0.22916919492, 0.0019678726495, 0.011368574691, 0.31035092312, 0.44574016723, 0.0014032673952],
      [0.02717923109, 0.00050124989156, 0.0065916759034, 0.036885534897, 0.67208689994, 0.25675540828],
      [0.018519086829, 0.005887092061, 0.034514169306, 0.035310362354, 0.78271979241, 0.12304949704],
      [0.0276520054, 0.0027063098449, 0.080576314518, 0.40320892298, 0.44822947141, 0.037626975849],
      [0.0025700993043, 0.014989891049, 0.25176435309, 0.13452585342, 0.58883663394, 0.0073131692006],
      [0.012268004614, 0.29620135732, 0.14353478408, 0.45218632912, 0.082890682555, 0.012918842313],
      [0.031592557524, 0.0036524615771, 0.054216105279, 0.038677166275, 0.60783288418, 0.26402882517]
    ],
    [
      [0.26557930019, 0.0045840551739, 0.011923127124, 0.3005565887, 0.41597366428, 0.0013832645313],
      [0.033735873014, 0.0012246910479, 0.0072504024846, 0.03769706824, 0.65684140353, 0.26325056168],
      [0.023200909512, 0.02745250244, 0.039922982218, 0.04323375964, 0.7429809142, 0.12320893199],
      [0.033813101898, 0.0065103975929, 0.087036307975, 0.4023555181, 0.43201668012, 0.038267994322],
      [0.0030929276023, 0.035312169154, 0.26504058318, 0.13260155132, 0.55664646945, 0.0073062992895],
      [0.010727652161, 0.48965017923, 0.11053675034, 0.32258679076, 0.057114301318, 0.0093843261973],
      [0.038727767875, 0.0088124660043, 0.058802323335, 0.039056377717, 0.58716807298, 0.26743299209]
    ],
    [
      [0.22232601388, 0.001384569805, 0.0031717533994, 0.30364088372, 0.46782632163, 0.0016504575696],
      [0.024225256838, 0.0003278526861, 0.0017101506164, 0.033371217838, 0.65730377622, 0.2830617458],
      [0.015455163683, 0.0039452089485, 0.0081288146908, 0.020691428145, 0.80305218851, 0.14872719603],
      [0.027562240385, 0.0019818150444, 0.023534278818, 0.411352729, 0.48947977141, 0.04608916534],
      [0.0029156487345, 0.012589522954, 0.085143830023, 0.15550465902, 0.73364330691, 0.010203032353],
      [0.014151330211, 0.2806007835, 0.04867829064, 0.5336099862, 0.10463918625, 0.018320423196],
      [0.029187761366, 0.0024796233362, 0.014642195549, 0.036261434513, 0.61574291914, 0.3016860661]
    ]
  ],
  "expected_outcome": [
    [
      [0, 1.2750110902, 10.4369955469, 13.0070216236, 11.0465098209, 1.3742637545, 9.5772154989, 13.9751061019, 0, 7.8225055199, 11.0188686679, 3.8315305306, 3.6517926281, 7.5480281769, 19.4618817822, 19.128731301, 0.54423639645, 0.33377346108, 2.6012381064, 8.3945808506, 10.0917917856, 5.1800806642, 10.3349793076, 6.6844883419, 17.7870633218, 22.8983946584, 21.908652069, 27.5557109579, 19.2120030915, 0.14892221889, 6.944669765, 2.750030339, 27.35466792, 2.4455861527],
      [0, 0, 0.23677456036, 0.18637404672, 0.25971971742, 0.078071696236, 0.18844133077, 0.29453428675, 0.020661447902, 0.077731747395, 0.23186980741, 0.065125790856, 0.097991939473, 0.10681559973, 0.26478823282, 0.34966767101, 0.005843805242, 0.0068151819726, 0.037259819938, 0.23106581315, 0.15485527226, 0.1636746237, 0.14413104482, 0.14447012205, 0.36444407434, 0.38240940125, 0.36564808832, 0.45732502901, 0.31505748169, 0.026716477236, 0.22116235108, 0.023614471794, 0.47215768291, 0.015230267855],
      [0, 0.041913677199, 0.64192071194, 0.32988145707, 0.60647643895, 0.11790446425, 0.38139928863, 0.72216809944, 0.086522985803, 0.19706716455, 0.47722949255, 0.1520436897, 0.22131362711, 0.28048902682, 0.63818165324, 0.77254247674, 0.0037983597639, 0.045403141156, 0.015171028525, 0.47782935879, 0.34705921798, 0.33766063228, 0.25866144925, 0.21981062887, 0.97992404286, 1.0591898289, 0.88323502453, 1.0642735283, 0.87677218184, 0.067328798781, 0.57865839482, 0.13642289629, 1.2280820937, 0.034889287394],
      [0, 1.2254145433, 16.2293474931, 8.0785389259, 15.2886996021, 2.4875700323, 11.5607959365, 16.2656720653, 2.8342843591, 6.5011573437, 13.2837070539, 4.1438544256, 6.595740875, 8.6525001498, 20.1694446839, 23.1019183489, 0.20316667017, 1.0078625276, 0.98472588525, 10.9340683742, 8.1444548349, 15.1759993069, 11.6025881475, 11.4276688917, 39.0319286904, 33.6411878302, 24.3874892884, 32.2470544891, 32.3593390117, 1.1360709474, 17.118389864, 3.7242110774, 30.9573286357, 3.3400497209],
      [0, 1.4398064954, 22.409655703, 15.3564432735, 22.7433546299, 5.9293072297, 17.2418465811, 23.69235078, 3.0464861835, 9.3743241164, 18.9444945296, 6.7924255451, 10.404407604, 12.3792203875, 24.3922643516, 29.5612203998, 0.2425737256, 0.60380611451, 1.3571611658, 15.9127689077, 13.2332039971, 20.102647578, 12.6350343535, 14.4945818354, 42.7496592387, 46.9301895277, 33.3622395375, 37.5771323857, 39.1531741489, 1.6128169376, 21.0915344219, 5.3488820068, 42.8452874209, 5.1460895379],
      [0, 0.017854193976, 0.045305984659, 0.041740673124, 0.055239790629, 0.012882823, 0.050301364185, 0.050168666611, 0.012045023636, 0.02721410811, 0.043830448619, 0.01502001812, 0.028753326423, 0.032946659321, 0.073439296196, 0.085919802528, 0.00038104277501, 0.0023395737235, 0.0044439940997, 0.049686695543, 0.028634892213, 0.039937195028, 0.02460569739, 0.028980180077, 0.086980631933, 0.088628753599, 0.092735992234, 0.098503609946, 0.083654084335, 0.0081446200981, 0.045585203148, 0.016839208743, 0.14247624672, 0.018155033266]
    ],
    [
      [1.7055587253e-16, 0.062829403093, 0.80117633974, 1.0273899253, 1.1972823535, 0.23424387967, 0.79138905075, 1.6907552341, 0, 1.4404758345, 1.1045452925, 0.61765690154, 0.69007209401, 1.4222890289, 1.7417821758, 2.110377958, 0.21077844609, 0.18218317793, 0.085803153775, 1.0731352331, 0.92433054831, 0.76051097255, 2.8840798065, 0.90094821047, 1.9901192074, 2.6161069621, 1.7344888877, 1.8607746082, 1.7516234499, 0.0042606969514, 0.54047080662, 0.24461307981, 5.8025701583, 0.26647782522],
      [0.0029711529579, 0.0010085494524, 0.03834748101, 0.031177497493, 0.05942997904, 0.028558195825, 0.03291304719, 0.075152068485, 0.0029049064843, 0.030288217304, 0.049039219046, 0.022456500972, 0.039213317007, 0.042678364155, 0.050017638821, 0.081302006113, 0.0056617383861, 0.0090053021371, 0.0028420772754, 0.062681676522, 0.030044087129, 0.050801001077, 0.085081765325, 0.041247459854, 0.08580481701, 0.09197287141, 0.061023777983, 0.065034787731, 0.060490660105, 0.0016516950773, 0.036397982024, 0.0045112490241, 0.21064686024, 0.0036063795471],
      [0, 0.011255727987, 0.23663395974, 0.12560353702, 0.31586837066, 0.098167712271, 0.15162374746, 0.41941253588, 0.027687935258, 0.17478008414, 0.22973271128, 0.11932980625, 0.20158223726, 0.25508365584, 0.27438696886, 0.40885109015, 0.0083811815487, 0.13671331929, 0.0026398376442, 0.29502754297, 0.15326127846, 0.23854380477, 0.34754215228, 0.14284274258, 0.52513190312, 0.57983158712, 0.33551196381, 0.34448349324, 0.38316332167, 0.0094753855304, 0.21675987106, 0.059325083131, 1.2470692273, 0.01881165678],
      [0.092184813251, 0.064497912867, 1.2330373181, 0.63320333026, 1.6405086048, 0.42422990732, 0.94682972036, 1.9471214401, 0.18516185324, 1.1871899339, 1.3182537284, 0.66722258276, 1.236652602, 1.6188598264, 1.7867137716, 2.5204238615, 0.089743590786, 0.59592924498, 0.033787764564, 1.3879777362, 0.74034282072, 2.2081700231, 3.2097715494, 1.5287493061, 4.3140906584, 3.7975517823, 1.9096691955, 2.1524065126, 2.9159750622, 0.032779683063, 1.3207275098, 0.33196981408, 6.4838957373, 0.36708339621],
      [0.90484403379, 1.0196530191, 21.4564896542, 15.1921526324, 30.7678209344, 12.8363530991, 17.8054512074, 35.7373204067, 2.5420285411, 21.5979526338, 23.6859958643, 13.8599459914, 24.618401983, 29.252726804, 27.2432067761, 40.6319927324, 1.4047777093, 4.7736849366, 0.62004893122, 25.5358984206, 15.1826679671, 36.8923412255, 44.1035217625, 24.4730996861, 59.4914355052, 66.7193555726, 32.9167074455, 31.5883534206, 44.4370039924, 0.59019350478, 20.5261839794, 6.0487820994, 112.9767214074, 7.2303415384],
      [0, 0.84075538754, 5.2343152473, 4.9904730775, 9.0190897576, 3.3784472058, 6.2717932268, 9.1302383147, 1.2422167639, 7.5693132964, 6.6124331844, 3.7133882171, 8.2140777668, 9.4083623207, 9.9038926688, 14.2470523518, 0.28065733391, 2.3024840191, 0.25487823552, 9.6452793907, 3.9693532983, 8.849632973, 10.370002964, 5.913112595, 14.5934179088, 15.1951812245, 11.0425987296, 9.9889471776, 11.4517435137, 0.36163903459, 5.3594598511, 2.3107986745, 45.2790966094, 3.1136792038]
    ],
    [
      [0, 0.28738126342, 10.9588735032, 10.7777297513, 10.1073878297, 1.3711530807, 9.0152453144, 14.6570030089, 0, 16.2727490794, 13.4408869983, 4.3356678001, 6.0838473328, 7.3787360965, 14.6212984678, 16.3257966099, 1.6362217278, 0.21422094226, 1.9482617261, 3.7351519411, 10.4950716359, 3.976995555, 13.4238504051, 6.43342388, 16.7318600287, 15.4308296097, 13.5032096971, 19.3953907335, 14.9111238385, 0.49618528185, 3.7430325097, 3.0926875005, 32.9916933262, 1.0354959668],
      [0.60124767082, 0, 19.0389911753, 9.640863792, 18.8615370709, 7.1731342809, 11.9490331633, 25.6418546141, 0.18578067315, 8.6467792306, 23.6481841944, 4.4316206763, 10.3441184203, 5.2253291624, 12.6334607379, 22.5085391942, 1.8919326831, 0.39553387866, 1.3966434321, 11.6259611916, 11.4837883311, 7.1443788069, 13.5057074988, 9.3393520147, 22.0560793261, 13.57819783, 15.5382972091, 26.6698651996, 13.7796757323, 7.9698868522, 10.9183570959, 0.98314437419, 39.0374584693, 0.26432899955],
      [0, 0.43203531831, 28.4257793893, 9.0798086174, 23.2765463401, 5.4374670441, 13.3079761001, 32.0570627645, 2.0005505623, 14.0675379428, 23.250656768, 6.6501292569, 14.2904819573, 9.8815485934, 16.426220761, 24.9927663747, 0.41896161385, 2.0868234224, 0.22613920816, 10.2695698535, 13.6361077469, 10.2635743756, 11.6901051995, 7.7225018989, 36.0016112023, 27.219032214, 20.4186681563, 27.9658983964, 25.4156634037, 10.3541270262, 14.9454771744, 5.7638662741, 56.7704807145, 0.54463058428],
      [0.82586433835, 0.30887099878, 31.5458316126, 8.7377731088, 24.877425056, 3.9400835133, 16.7797918085, 31.2597369914, 2.4454673466, 19.9923184426, 28.8642658752, 7.2863122526, 16.8121286356, 12.7172290417, 25.9620450738, 35.1040728736, 1.3519509112, 2.435251949, 0.86263823887, 9.8966361609, 13.7741309016, 19.7527035835, 29.109322574, 19.4728973727, 71.9561521568, 37.0545086765, 25.192561635, 44.5208371154, 45.0735215093, 6.2977550174, 19.9389200198, 5.8968305132, 61.4784062076, 1.3863256857],
      [1.5728879908, 10.3174959364, 498.1607285162, 250.5444539157, 451.0465303033, 152.5226995849, 341.0704777931, 518.1905959705, 37.0797120301, 381.8131661309, 475.899328473, 164.3599971217, 378.266858744, 246.2549334425, 334.9251442437, 501.32412959, 15.5276972494, 10.2594817795, 15.1699491189, 170.9420334973, 274.5621133238, 342.4116861624, 294.9443620173, 281.4680431697, 799.2076815996, 646.3989282836, 409.2896545483, 491.2392294731, 600.5652597258, 123.6532059268, 262.1511245032, 130.7142053327, 1056.5188599989, 53.8044966299],
      [0, 3.6542164831, 48.8697958035, 34.2193708148, 53.8305734, 16.5554624962, 49.8774758207, 53.1937466505, 7.288489388, 55.2074491737, 53.896677691, 17.9362728924, 52.2025649099, 32.5422236635, 49.4318307158, 71.7446953576, 1.1732358147, 1.6086880282, 2.3963682759, 26.5306473556, 29.0487880608, 33.4506615166, 27.3266523054, 27.563781664, 78.0466156865, 59.318503386, 56.0576087542, 62.2087790819, 62.2547557904, 31.2288398956, 27.303088697, 20.5492660053, 175.2031012835, 9.9647221338]
    ],
    [
      [0, 0.14577657625, 4.0535829104, 3.7735479255, 2.4870987812, 0.35843029246, 3.6039964586, 5.5566005925, 0, 5.0541692142, 6.4684017991, 1.1080130339, 1.6303514175, 2.2390968906, 5.3859147727, 6.2952215586, 1.2855532335, 0.089909506847, 0.53826898999, 1.301286314, 3.2021060605, 1.3792066988, 3.7147994067, 2.1733049164, 5.7939396284, 6.2362590789, 6.1513200585, 8.4656490922, 6.4142039693, 0.21350573527, 1.7068384212, 1.0507762052, 8.7914064935, 0.77174273077],
      [0.017310858109, 0, 1.0291121821, 0.6074344211, 0.65481681877, 0.23187457877, 0.79504237749, 1.3100412623, 0.099390901068, 0.56373510092, 1.5232392985, 0.21374124318, 0.49144479676, 0.35641960277, 0.82038388284, 1.2863573328, 0.18388246191, 0.023694804696, 0.095195722442, 0.40321555439, 0.55209952703, 0.4886870699, 0.58131648377, 0.52779879838, 1.3249440753, 1.1628618406, 1.1479066568, 1.5693112242, 1.1748852846, 0.43925774618, 0.60971852156, 0.10283977411, 1.6927033742, 0.055490821244],
      [0, 0.32455340789, 14.3466317468, 5.5318346997, 7.8634889199, 1.8049673317, 8.2751507055, 16.5150254249, 2.1510664043, 7.3523394332, 16.1180198805, 2.5714638533, 5.7093957343, 4.816886386, 10.169901381, 14.6117158944, 0.62563187623, 0.83100660339, 0.2041694308, 4.2935927124, 6.3653368607, 5.185055495, 5.366955956, 4.1320248457, 18.3115362357, 16.5572100255, 14.2564884445, 18.7736904327, 16.8081563982, 5.7029462777, 8.2059903678, 3.0618999517, 22.6294400734, 0.65895980691],
      [1.3746091931, 1.7167054045, 66.5083041158, 24.8361913217, 36.349146379, 6.9818481189, 45.9955193183, 68.2106514388, 12.9003067887, 44.4699250299, 82.2718141053, 12.8446050684, 31.2025384631, 27.2396178159, 58.9262646658, 80.123880821, 6.0912408107, 3.362848061, 2.4090034704, 18.0063779684, 27.3903223161, 42.7326525695, 44.1382641926, 39.3807217333, 133.7576227173, 96.4349093163, 72.1817181893, 104.3118134367, 113.7559132499, 17.6442465939, 44.5076484349, 15.3219390731, 104.6124347051, 11.5178764119],
      [0.60807994882, 1.5465050656, 71.2259080977, 36.59990736, 41.931957516, 12.8770215598, 53.1952417349, 77.0603714703, 10.7164644681, 49.7144285016, 91.0087312739, 16.3012102467, 38.1566239474, 30.2056827699, 55.2641482068, 79.5249319978, 5.5784408025, 1.5334602659, 2.5312148346, 20.305664307, 34.5007605111, 43.8910407323, 37.2650231754, 38.7229805008, 113.651917075, 104.3584519507, 76.5903752346, 94.2943484127, 106.7695093826, 19.3892168224, 42.5209153369, 17.0327199136, 112.3243368301, 13.7054335996],
      [0, 0.26645954575, 3.8364609472, 2.651084272, 2.7134915851, 0.74585811832, 4.1350494052, 4.3473098112, 1.1327714379, 3.8454027202, 5.6097936427, 0.96096655446, 2.8096456409, 2.1422965347, 4.4333870909, 6.1578923955, 0.23525081521, 0.1590807581, 0.22214755175, 1.6898631437, 1.9893747247, 2.3233574345, 1.9336407855, 2.0631692055, 6.1600402683, 5.2503077879, 5.6721914163, 6.5851874015, 6.0773317154, 2.6108268246, 2.4488889177, 1.4298250822, 9.9496785237, 1.2904966295]
    ],
    [
      [0, 0.0070206640936, 0.22810648231, 0.30703681389, 0.24601084849, 0.037938705372, 0.34857985851, 0.40524612139, 0, 0.26298409245, 0.48846287504, 0.090729383702, 0.15789522171, 0.16957918705, 0.31686880866, 0.48045814515, 0.046659951915, 0.0054711906883, 0.027399987289, 0.10186240519, 0.34396368059, 0.16029450233, 0.29939207054, 0.15348528935, 0.46103466568, 0.48512115881, 0.49843597254, 0.69249052082, 0.4479988297, 0.016738841352, 0.13791710856, 0.095093674258, 0.60621381004, 0.014578243673],
      [0, 0.036655740836, 3.4360794755, 2.9345648394, 3.8434633915, 1.4615903879, 4.5640502872, 5.6687359585, 0.46749588213, 1.7418353339, 6.8246922247, 1.041490603, 2.8263428281, 1.6034412874, 2.8643740399, 5.8242166294, 0.41034727847, 0.089090135236, 0.30101250157, 1.8752191252, 3.5216072438, 3.371384951, 2.7816601961, 2.213423746, 6.2521024252, 5.3652235189, 5.5181601178, 7.6136525581, 4.8675091607, 2.0540129753, 2.9244053395, 0.55462596882, 6.9211851542, 0.062947614769],
