{
  "Z_true": {},
  "V_true": [
    [4, 267, 421, 439],
    [786, 1831, 602, 71],
    [220, 8865, 413, 299],
    [164, 1056, 14896, 347],
    [81, 1220, 341, 236],
    [79, 397, 664, 247]
  ],
  "p_true": [
    [0.0035, 0.2361, 0.3722, 0.3882],
    [0.2389, 0.5565, 0.183, 0.0216],
    [0.0225, 0.9049, 0.0422, 0.0305],
    [0.01, 0.0641, 0.9048, 0.0211],
    [0.0431, 0.6496, 0.1816, 0.1257],
    [0.057, 0.2862, 0.4787, 0.1781]
  ],
  "Z_est": [
    [
      [0.1744, 0.1933, 0.0843, 0.0367, 0.0065, 0.0173, 0.0263, 0.0755, 0.2566, 0.0417, 0.2634, 0.2518, 0.002, 0.0063, 0.0188, 0.0092, 0.1007, 0.1891, 0.0856, 0.1614, 0.1258, 0.0945, 0.0554, 0.0224, 0.0284, 0.0458, 0.0768, 0.0807, 0.0016, 0.2094, 0.1115, 0.1384, 0, 0, 0.0779, 0.1088, 0.3052, 0.2379, 0.2473, 0.3519, 0.0831, 0.0869, 0.0405, 0, 0.0213, 0.0759, 0.1615, 0.077, 0.324, 0.0069, 0.0266, 0.4004, 0.0021],
      [8.5571, 6.7591, 5.4876, 1.3034, 0.179, 0.2886, 0.63, 2.7737, 12.8544, 1.0602, 10.738, 8.3734, 0.0829, 0.3242, 1.4473, 0.1025, 5.354, 10.3929, 4.4019, 6.8002, 4.0025, 6.4886, 5.4889, 0.552, 2.9068, 2.3424, 3.1976, 5.2648, 0.0455, 7.9623, 1.9097, 2.6614, 0, 0, 3.396, 4.2347, 12.0644, 8.1408, 8.8359, 18.6208, 4.9568, 3.0351, 0.4393, 0, 0.79, 3.7518, 5.3648, 4.0279, 16.9715, 0.5895, 0.5675, 8.7148, 0.1786],
      [12.7904, 17.435, 7.2752, 2.8331, 0.1925, 2.4606, 1.6863, 11.1616, 29.1665, 3.5849, 20.6938, 12.0475, 0.2259, 1.3614, 0.9191, 0.1396, 5.6526, 10.5441, 8.7591, 10.674, 5.5672, 8.9051, 5.5724, 3.1805, 3.3287, 3.0806, 4.6878, 5.5112, 0.1496, 16.1589, 6.7354, 10.8926, 0, 0, 6.2995, 9.2415, 21.2153, 11.6677, 17.104, 44.2214, 10.7567, 4.6979, 2.611, 0, 4.6768, 7.2101, 8.5401, 7.3083, 47.448, 0.9449, 2.3334, 21.1978, 0.5139],
      [11.4781, 12.6127, 8.1529, 1.8267, 0.622, 1.2335, 1.6575, 6.9893, 29.7224, 2.3132, 19.3048, 11.3273, 0.6892, 2.308, 2.6147, 0.7487, 5.8927, 16.8739, 8.7534, 10.3643, 6.3045, 9.5118, 10.8833, 1.2451, 5.7362, 4.5312, 5.0378, 10.1433, 0.8032, 9.6694, 5.2434, 6.3077, 0, 0, 5.2265, 8.415, 17.4151, 13.9537, 13.8128, 42.8059, 9.2034, 7.1801, 0.9092, 0, 1.5119, 4.9622, 12.9336, 4.5867, 34.2565, 0.4588, 1.0725, 18.687, 0.3054]
    ],
    [
      [33.6968, 30.5379, 30.1212, 19.0852, 2.3509, 3.7016, 5.9716, 3.3994, 26.3078, 7.628, 31.6498, 15.7661, 0.4228, 1.7981, 2.5256, 3.5615, 15.1329, 22.1838, 6.4423, 23.0473, 20.0303, 28.2873, 10.2001, 2.3795, 3.2471, 10.4426, 18.0226, 7.0415, 4.4441, 18.0543, 23.0205, 14, 0, 0.4486, 11.2881, 19.4157, 24.6317, 21.6506, 23.6391, 46.0319, 12.2457, 15.8029, 1.5048, 3.9, 1.4997, 8.6595, 14.1591, 13.6183, 59.7736, 0.3638, 14.9233, 88.264, 13.1109],
      [90.2245, 58.0797, 108.1561, 34.9267, 4.9802, 3.307, 7.7349, 8.033, 70.8324, 10.1868, 70.0637, 30.9328, 1.0711, 5.6689, 9.4504, 9.6065, 43.9358, 66.3632, 18.1323, 53.0784, 33.7737, 103.1831, 48.2831, 3.1001, 15.0713, 32.4139, 50.7122, 26.8203, 3.7173, 37.9159, 19.4163, 14.1462, 0, 0.5632, 26.307, 40.9229, 53.0584, 40.4177, 46.8504, 130.9636, 38.1303, 30.9621, 0.3214, 0.7375, 2.9972, 22.6994, 24.1787, 38.8543, 170.6239, 1.4595, 21.9254, 100.1075, 11.3471],
      [19.353, 21.7267, 18.8001, 9.6918, 0.599, 2.9024, 3.1765, 5.4576, 22.8748, 5.0466, 19.5197, 6.0739, 0.4681, 3.3441, 0.9211, 2.1806, 6.6407, 9.7868, 5.2132, 11.3931, 6.8603, 19.6141, 6.9466, 2.4763, 2.4978, 5.8035, 9.879, 3.846, 1.6876, 10.7702, 9.2275, 8.6488, 0, 0.9625, 7.1504, 13.1583, 12.8586, 8.5175, 13.0774, 45.1965, 12.1823, 6.8179, 0.1659, 0.2196, 2.4706, 6.4537, 5.3246, 10.2712, 69.5403, 0.1699, 10.9944, 35.3142, 8.4047],
      [0.7257, 0.6557, 0.9226, 0.2963, 0.0699, 0.089, 0.117, 0.11, 0.9849, 0.1386, 0.7668, 0.2272, 0.038, 0.189, 0.103, 0.6513, 0.2906, 0.6662, 0.2123, 0.4812, 0.3357, 0.9155, 0.5702, 0.0441, 0.1837, 0.3399, 0.3862, 0.2923, 0.151, 0.2596, 0.3357, 0.2049, 0, 0.0257, 0.2544, 0.5031, 0.4513, 0.4142, 0.4331, 1.808, 0.4417, 0.4171, 0.0079, 0.1429, 0.0325, 0.1874, 0.3376, 0.2562, 2.0622, 0.0068, 0.1568, 1.3143, 0.1373]
    ],
    [
      [5.2901, 6.4691, 3.662, 2.6233, 0.6287, 0.8098, 1.2526, 0.8135, 8.259, 2.3299, 8.7736, 5.2896, 0.1474, 0.6328, 1.243, 3.1248, 5.0495, 7.9681, 1.4995, 3.8717, 6.3701, 4.8987, 1.5684, 0.9348, 1.2545, 3.3931, 5.919, 1.7242, 0.7902, 6.8614, 2.8689, 2.4343, 0.8585, 0.0849, 3.5463, 5.5969, 10.2594, 5.526, 7.1287, 9.3368, 3.4682, 5.028, 1.3968, 1.8725, 0.5173, 2.8964, 5.8063, 2.9985, 16.2792, 0.1448, 3.7726, 21.0563, 2.0751],
      [259.3995, 226.3215, 247.3312, 90.9201, 25.528, 14.1494, 31.3551, 36.1206, 411.474, 59.0678, 356.6228, 193.1159, 8.1428, 40.5657, 113.364, 211.2366, 266.4869, 434.1467, 78.6449, 164.4464, 203.9183, 349.3629, 163.982, 23.7787, 131.1293, 192.7203, 306.714, 122.7418, 12.9781, 266.3175, 50.9725, 46.2022, 1.7811, 2.7058, 151.0247, 216.2307, 411.9583, 191.3245, 260.3596, 490.0598, 202.2385, 182.2311, 11.482, 17.2406, 20.5271, 138.8229, 188.724, 157.4694, 862.9773, 11.5646, 102.7752, 461.8354, 35.229],
      [2.4708, 2.2946, 4.1714, 1.7625, 0.0298, 0.4562, 0.3288, 0.977, 3.9383, 0.7863, 2.5435, 1.2882, 0.0601, 0.698, 0.268, 0.9845, 1.3633, 1.6644, 0.7277, 1.2755, 1.0285, 2.6388, 0.9396, 0.5381, 0.794, 1.1578, 1.9298, 0.4279, 0.2843, 2.5907, 1.2373, 0.8548, 1.1007, 0.1352, 1.0474, 2.0174, 3.6254, 1.6158, 1.9243, 5.8464, 1.8719, 1.0272, 0.6998, 0.37, 0.4565, 1.6208, 2.1225, 1.0959, 9.5209, 0.1609, 1.6675, 5.1837, 1.8074],
      [4.8397, 5.9147, 4.8354, 1.6941, 0.8135, 0.5846, 1.0636, 1.089, 13.3287, 1.816, 9.0602, 3.3063, 0.6496, 3.1034, 3.1251, 6.654, 4.1003, 10.2208, 2.128, 3.4064, 4.6832, 7.0997, 4.5101, 0.7484, 3.8222, 4.7288, 5.4372, 3.1061, 0.9474, 4.2304, 1.9212, 1.5088, 0.2597, 0.0741, 3.3816, 6.155, 8.1569, 4.5337, 5.5874, 15.7569, 5.4213, 5.7137, 0.4214, 0.5168, 0.4991, 2.6598, 6.3472, 2.4362, 24.2226, 0.1298, 1.7847, 13.9247, 0.8884]
    ],
    [
      [3.8782, 3.556, 2.3231, 0.843, 0.4032, 0.0953, 0.792, 0.3584, 3.2963, 0.7351, 3.9153, 2.0131, 0.1251, 0.0769, 0.5762, 0.2171, 2.0818, 1.8089, 1.03, 1.5934, 1.6665, 1.4396, 0.4084, 0.4327, 0.2423, 1.1085, 2.5281, 0.6103, 0.5824, 2.0359, 0.6979, 1.4526, 0.0638, 0.0133, 1.0143, 1.6364, 2.9473, 2.9821, 2.6567, 4.2144, 0.9264, 1.8917, 0.1797, 0.1753, 0.3111, 0.8387, 1.8178, 1.4809, 4.3159, 0.1961, 0.957, 3.26, 0.3502],
      [46.2194, 29.7349, 45.5405, 7.5708, 2.8118, 0.2247, 4.6825, 2.9444, 44.3651, 4.0118, 39.111, 18.6243, 0.8596, 2.3274, 4.1966, 1.4931, 26.3636, 23.9901, 13.0508, 16.3434, 14.16, 31.2633, 15.03, 0.8362, 8.4188, 15.8411, 32.3305, 11.1926, 2.6591, 19.3917, 5.8826, 6.8829, 0.2524, 0.0695, 9.9661, 14.9631, 29.6536, 26.8224, 24.0677, 65.1025, 16.1458, 16.9135, 0.313, 0.6552, 1.1605, 9.8813, 16.2486, 19.2606, 74.9041, 1.8668, 5.8127, 36.3314, 1.4312],
      [628.6223, 698.1795, 554.5561, 139.1123, 23.7892, 19.4061, 126.4658, 133.2768, 894.3426, 134.5946, 677.3101, 229.0143, 32.1693, 88.9951, 24.1224, 35.0703, 254.2124, 227.1396, 238.9233, 226.4246, 180.6896, 375.622, 136.2523, 74.0339, 90.7535, 173.0054, 396.0773, 100.2252, 96.5394, 343.5883, 193.653, 295.5225, 14.0912, 18.6966, 172.5449, 299.7199, 457.2913, 344.3941, 415.7644, 1371.9045, 314.2409, 232.6289, 60.0499, 11.9613, 99.9509, 167.3365, 222.6185, 313.2607, 1872.2926, 28.6214, 182.3393, 753.1839, 88.6719],
      [9.2801, 8.5296, 9.5803, 1.4739, 0.9958, 0.2738, 2.0597, 1.4204, 14.9959, 1.6585, 10.6636, 3.3482, 0.8459, 1.6006, 1.1048, 1.2196, 4.3422, 6.0615, 3.9959, 3.6386, 3.4839, 6.675, 4.3093, 0.6972, 2.5854, 4.045, 6.0641, 2.9719, 2.2191, 2.9841, 2.7665, 3.142, 0.5925, 0.2206, 2.4747, 4.6805, 6.1078, 6.8015, 5.5112, 21.7786, 4.6869, 5.5659, 0.4573, 0.2083, 0.5776, 1.9436, 5.3151, 2.9978, 22.4874, 0.3157, 0.891, 11.2247, 0.5468]
    ],
    [
      [1.3297, 1.1271, 0.4874, 0.276, 0.1588, 0.0465, 0.1732, 0.2285, 1.2261, 0.1762, 1.4001, 0.7331, 0.0289, 0.0829, 0.2134, 0.1722, 0.6887, 1.0326, 0.2819, 0.62, 0.7505, 0.6618, 0.2127, 0.1828, 0.2607, 0.3498, 0.7918, 0.3098, 0.0668, 1.2515, 0.3426, 0.598, 0.6769, 0.0256, 0.6221, 0.4606, 1.7396, 0.6049, 0.8879, 1.2161, 0.6598, 0.5833, 0.1577, 0, 0.0445, 0.7339, 1.2956, 0.5906, 2.5678, 0.0624, 0.584, 2.3524, 0.0446],
      [47.3637, 28.6792, 23.4931, 7.1396, 4.3681, 0.6542, 3.0753, 7.2864, 44.2991, 3.0978, 41.2556, 19.4222, 1.0476, 3.6864, 12.1789, 7.9184, 26.6551, 41.0025, 10.6959, 19.5124, 16.9863, 33.2265, 14.0644, 3.3021, 17.3339, 14.2646, 29.7552, 15.8614, 0.5989, 34.8563, 4.0572, 8.3409, 2.9167, 0.5112, 19.0775, 12.3756, 50.353, 14.6458, 23.4092, 45.8412, 27.3777, 15.1353, 0.8436, 0, 1.2015, 24.1428, 29.5078, 22.4827, 98.5574, 3.4156, 11.5953, 36.135, 0.428],
      [13.0501, 13.7264, 5.4588, 2.8132, 0.6364, 0.7755, 1.5169, 5.9233, 18.8357, 1.6907, 14.8209, 5.0722, 0.7548, 2.8553, 1.3955, 1.5462, 5.2845, 7.7579, 4.0239, 5.7078, 4.4323, 8.4187, 2.6618, 3.2942, 3.7787, 3.2669, 7.6681, 2.9326, 0.1366, 12.7391, 2.3434, 6.383, 2.3338, 1.08, 6.5219, 4.6956, 16.1351, 3.4726, 8.3517, 19.3202, 10.7837, 4.2997, 1.3253, 0, 1.1085, 8.0821, 8.4847, 7.5447, 51.0817, 0.6844, 7.4099, 16.0202, 0.1569],
      [18.2564, 15.4673, 9.5607, 2.7712, 2.8367, 0.5239, 2.2346, 4.5619, 29.6391, 2.0352, 21.5234, 6.7725, 2.1687, 6.3754, 6.2122, 5.3632, 8.3717, 19.207, 5.9982, 8.1598, 7.8309, 13.693, 8.0611, 2.2209, 10.6267, 7.1186, 10.7849, 7.8962, 1.1977, 12.1531, 3.2568, 5.6781, 5.0726, 0.3832, 8.7784, 7.4682, 20.7723, 7.2767, 10.3511, 30.6225, 15.1787, 9.9817, 0.6733, 0, 0.6456, 10.0412, 21.7119, 7.3821, 56.7931, 0.8376, 4.4108, 22.4924, 0.3705]
    ],
    [
      [5.6308, 5.1166, 4.3221, 1.1358, 0.4518, 0.3296, 1.7842, 1.1247, 4.6542, 1.0891, 5.9978, 3.9462, 0.2738, 0.4031, 2.4231, 0.9152, 2.9463, 3.8177, 1.6607, 2.7062, 5.0569, 3.6181, 1.555, 1.0478, 0.967, 3.6601, 4.6616, 1.2336, 1.115, 4.5876, 1.9586, 5.3768, 0.4008, 0.4276, 2.4513, 2.7815, 5.1167, 2.9986, 4.4403, 5.8488, 1.6167, 3.6072, 1.7203, 1.0522, 0.6062, 2.7956, 6.7598, 3.2347, 12.7395, 0.226, 2.7366, 14.6668, 1.4171],
      [16.2358, 10.4256, 16.9915, 2.1394, 1.1329, 0.3761, 2.5224, 2.8421, 13.1748, 1.5755, 14.2089, 8.5314, 0.7959, 1.4274, 7.3628, 3.6429, 9.2046, 12.1045, 5.0743, 6.8191, 9.1591, 14.4756, 8.1517, 1.431, 5.1399, 11.4177, 14.2904, 5.1191, 1.0012, 10.5563, 1.7616, 5.7664, 0.0497, 0.1503, 6.2286, 6.273, 11.9123, 5.6489, 9.4771, 17.4121, 5.1509, 7.723, 0.6006, 0.3667, 1.3238, 7.7018, 11.9761, 9.9052, 38.9658, 1.104, 4.3238, 17.8759, 1.3861],
      [19.7133, 21.6378, 18.7383, 3.787, 0.7532, 1.999, 5.8258, 10.2038, 23.8421, 4.2969, 22.1119, 9.5039, 2.3219, 4.746, 5.374, 3.0788, 7.8466, 10.1072, 8.3528, 8.525, 10.4221, 15.8013, 6.6274, 6.477, 4.8473, 11.6857, 15.7581, 4.0571, 3.2024, 17.1527, 4.8034, 17.6983, 0.4743, 3.1256, 9.4357, 11.1673, 16.8744, 6.3323, 14.7782, 32.511, 9.1644, 9.5283, 4.1481, 0.4491, 6.3367, 12.2968, 15.9096, 14.5191, 88.1165, 1.4186, 12.2556, 35.1002, 6.4452],
      [6.42, 5.82, 6.9481, 0.9378, 0.6622, 0.2953, 1.8676, 1.8294, 9.3289, 1.0385, 7.6813, 3.0184, 1.6085, 2.4235, 5.8402, 2.3631, 3.0025, 5.9706, 2.9122, 2.9496, 4.3619, 6.105, 4.666, 1.0442, 3.0458, 6.2365, 5.2899, 2.5902, 1.6814, 3.7035, 1.4764, 4.1585, 0.0752, 0.2965, 2.8844, 3.7782, 5.0966, 3.0202, 4.3044, 12.2281, 3.068, 5.1415, 0.5309, 0.132, 0.7334, 3.2058, 9.3545, 3.341, 23.1782, 0.2514, 1.6841, 11.357, 0.7516]
    ]
  ],
  "V_est": [
    [5.6269, 235.4132, 461.3616, 428.5983],
    [839.4318, 1896.7455, 532.6782, 21.1445],
    [218.4049, 9257.8191, 87.4282, 233.3478],
    [75.1527, 870.1767, 15283.2525, 234.4181],
    [32.1722, 985.4322, 350.5942, 509.8014],
    [163.2115, 390.4133, 621.6852, 211.69]
  ],
  "p_est": [
    [0.005, 0.2081, 0.4079, 0.379],
    [0.2551, 0.5765, 0.1619, 0.0064],
    [0.0223, 0.945, 0.0089, 0.0238],
    [0.0046, 0.0529, 0.9283, 0.0142],
    [0.0171, 0.5247, 0.1867, 0.2715],
    [0.1177, 0.2815, 0.4482, 0.1526]
  ],
  "EI_Z": {},
  "EI_V": 3.8557,
  "MAE_Z": {},
  "MAE_V": 109.0704,
  "MAE_p": 0.029,
  "runtime": 0.213
}
