{
  "Z_true": {},
  "V_true": [
    [215, 748, 143],
    [1785, 210, 219],
    [10287, 248, 281],
    [2319, 14581, 559],
    [950, 273, 170],
    [878, 479, 329]
  ],
  "p_true": [
    [0.1944, 0.6763, 0.1293],
    [0.8062, 0.0949, 0.0989],
    [0.9511, 0.0229, 0.026],
    [0.1328, 0.8352, 0.032],
    [0.682, 0.196, 0.122],
    [0.5208, 0.2841, 0.1951]
  ],
  "Z_est": [
    [
      [0.3813, 0.3659, 0.3048, 0.1113, 0.1442, 0.1893, 0.1349, 0.0519, 0.1631, 0.505, 0.0862, 0.1919, 0.2585, 0.2812, 0.449, 0.5628, 0.3691, 0.3515, 0.1811, 0.1795, 0.0516, 0.5522, 0.1851, 0.1341, 0.2364, 0.3342, 0.4444, 0.1254, 0.4812, 0.3041, 0.301, 0.075, 0.0699, 0.4893, 0.3098, 0.2141, 0.5908, 0.3462, 0.4935, 0.1306, 0.2561, 0.0162, 0.0166, 0.3326, 0.1651, 0.0897, 0.0514, 0.9019, 0.0879, 0.6593, 0.1935],
      [33.1925, 26.9359, 22.8796, 21.0098, 12.1048, 22.3498, 9.0938, 5.3033, 23.1753, 36.8813, 2.7494, 11.6632, 15.808, 19.6476, 32.7075, 38.6344, 27.0071, 19.6613, 14.7765, 17.211, 2.7063, 38.6825, 10.6458, 8.0205, 14.6371, 24.37, 26.2296, 8.9121, 22.7581, 18.5916, 22.7713, 6.5337, 6.1333, 33.3638, 18.7088, 17.9619, 36.4171, 19.565, 33.5159, 12.7797, 19.7643, 1.7585, 0.912, 26.5041, 11.8387, 6.2602, 4.3053, 72.9887, 5.2858, 39.6003, 11.9466],
      [3.4262, 2.6982, 1.8155, 1.8789, 0.751, 1.4608, 0.7714, 0.6447, 2.6617, 3.6137, 0.1644, 1.1449, 1.9335, 2.0712, 3.8435, 3.8028, 1.6238, 1.9873, 1.0424, 1.6095, 0.2421, 2.7653, 1.169, 0.8454, 1.1265, 2.2958, 2.326, 0.9624, 1.7606, 2.1043, 1.9277, 0.3913, 0.7969, 3.1469, 1.9814, 1.824, 2.9922, 2.0888, 2.9907, 1.0896, 2.9796, 0.2253, 0.0713, 3.1633, 0.9962, 0.6501, 0.6433, 6.1094, 0.6263, 4.7404, 0.8598]
    ],
    [
      [27.6498, 14.946, 11.2835, 18.9285, 13.6839, 12.4068, 9.9304, 3.7706, 9.0551, 30.0513, 0.8148, 34.0533, 23.5186, 24.4216, 46.7617, 68.2631, 33.8264, 27.8137, 26.8061, 19.0387, 11.2789, 33.2634, 20.9469, 14.0726, 35.8812, 33.0073, 34.6262, 22.2098, 44.0425, 21.8726, 35.5599, 14.9964, 8.7309, 58.4259, 50.4274, 24.5892, 62.387, 45.894, 88.6077, 49.5067, 23.3306, 1.8152, 3.022, 25.2024, 18.2612, 7.4914, 6.5408, 113.7113, 20.0091, 109.9244, 36.2395],
      [6.0557, 3.0142, 2.2871, 5.1192, 2.91, 2.9875, 1.8909, 0.8363, 2.3473, 6.0386, 0.0985, 5.9367, 4.2864, 4.7923, 9.4302, 13.2489, 6.754, 4.6905, 5.7884, 4.4545, 1.6537, 6.5127, 3.5845, 2.4346, 6.402, 6.6392, 6.0704, 4.407, 6.6092, 3.9864, 7.2612, 3.3546, 1.9259, 11.2847, 8.7941, 5.2931, 11.1851, 7.6828, 16.9981, 12.2964, 4.854, 0.422, 0.4566, 5.3303, 3.6401, 1.4637, 1.4886, 24.3616, 3.4001, 19.2208, 6.4121],
      [8.2946, 4.0398, 2.4295, 5.9523, 2.4061, 2.6056, 2.1787, 1.393, 3.5977, 7.9101, 0.0867, 8.01, 7.195, 6.7861, 14.808, 17.488, 5.4196, 6.4959, 5.4056, 5.5069, 2.0674, 6.2239, 5.4685, 3.4928, 6.7168, 8.3535, 7.3034, 6.3832, 7.3484, 6.141, 8.1789, 2.6489, 3.3432, 14.2895, 12.7786, 7.1177, 12.4278, 11.4232, 20.3942, 13.1969, 9.8155, 0.7628, 0.5214, 8.4673, 4.0987, 2.0449, 2.9705, 26.9271, 5.5907, 31.8548, 6.3485]
    ],
    [
      [232.3687, 258.7931, 224.2238, 58.904, 81.8132, 36.0251, 44.7985, 12.5662, 53.0251, 174.9273, 12.7141, 131.3027, 112.6662, 138.9243, 265.7706, 421.021, 179.5064, 172.5985, 181.7331, 127.2258, 166.9753, 431.8391, 129.0277, 233.8455, 239.4086, 257.0848, 398.1912, 267.7938, 164.7203, 139.2194, 183.8354, 105.507, 66.4184, 339.6469, 300.4062, 162.1005, 580.759, 205.3866, 210.1992, 78.982, 62.3582, 12.3337, 32.7416, 334.2037, 292.0338, 219.5516, 169.6308, 631.0168, 149.4692, 457.6931, 84.2532],
      [8.743, 7.2675, 6.7976, 2.9412, 2.9481, 1.2718, 0.991, 0.4159, 2.2106, 4.5941, 0, 1.6562, 1.4571, 3.2922, 6.9838, 9.3751, 4.983, 1.231, 6.97, 5.4281, 0, 10.7844, 0.3092, 0, 2.4468, 7.1045, 1.7669, 6.6551, 0, 1.8782, 5.5743, 5.3127, 2.7925, 7.4266, 2.2102, 6.223, 5.9597, 0.9242, 4.782, 3.3138, 1.6596, 0.5598, 0, 12.0781, 8.0586, 4.8269, 7.763, 21.9865, 0.019, 3.7926, 1.4043],
      [15.8883, 15.9394, 10.9786, 4.1548, 3.2388, 1.7031, 2.2105, 1.0178, 4.7643, 10.4786, 0.2859, 7.0411, 7.8767, 8.7835, 19.2456, 24.6039, 6.5107, 9.1704, 8.2968, 8.3461, 7.0247, 18.3765, 7.6631, 13.1545, 10.1445, 14.8107, 19.0419, 17.5511, 6.2797, 8.9024, 9.5903, 4.1804, 5.7891, 18.9265, 17.3836, 10.6765, 26.2814, 11.6893, 11.0189, 4.7042, 5.9822, 1.1065, 1.2584, 25.7181, 14.9076, 13.6215, 17.6062, 33.9967, 9.5118, 30.5143, 3.3425]
    ],
    [
      [51.9846, 53.3707, 44.3996, 12.0484, 18.9825, 19.0097, 16.9571, 4.4986, 18.1171, 67.6238, 7.5638, 49.299, 27.3159, 41.4426, 59.3652, 92.2146, 53.8812, 61.6593, 37.5501, 30.2157, 26.9052, 107.252, 25.441, 35.564, 44.8595, 55.569, 74.1899, 36.6258, 49.9907, 37.2862, 36.9711, 12.8999, 8.2249, 74.1355, 73.3328, 25.0223, 122.0931, 57.9381, 77.1053, 20.5191, 24.0828, 2.0665, 5.6426, 47.4531, 46.6957, 25.0636, 25.9582, 153.4631, 28.8548, 110.6744, 29.9453],
      [444.503, 367.3323, 315.0309, 202.4453, 156.2465, 209.3165, 104.2994, 40.0645, 244.2285, 459.5397, 19.0344, 251.5696, 151.614, 265.7933, 400.9001, 577.9847, 371.4857, 290.5695, 317.042, 320.4509, 86.3993, 695.5051, 127.9395, 177.3499, 242.2214, 379.4817, 378.9519, 240.3031, 201.7361, 204.2097, 262.3475, 118.1216, 68.0902, 461.2729, 373.6509, 198.9362, 650.7854, 278.1298, 477.6303, 220.5874, 170.6434, 22.1249, 20.8054, 360.4498, 314.2077, 159.7697, 241.4448, 1233.3246, 142.5463, 576.3676, 163.3568],
      [13.5124, 11.297, 7.5694, 4.5064, 2.771, 3.6738, 2.7435, 1.4369, 7.6544, 13.8365, 0.4018, 8.1314, 6.0701, 8.7642, 14.7347, 17.8007, 6.6331, 9.7712, 6.4079, 8.3334, 2.6956, 15.2428, 4.6195, 6.0861, 5.919, 10.9492, 10.8582, 8.0711, 5.2732, 7.5041, 6.6813, 1.9785, 2.6849, 13.5916, 13.0163, 6.0415, 17.1215, 9.9321, 13.2644, 4.8935, 8.2737, 0.8086, 0.5521, 13.0971, 8.0966, 5.1667, 10.597, 30.2123, 5.5989, 22.958, 3.6978]
    ],
    [
      [35.5611, 32.9948, 22.8405, 11.5098, 16.3844, 11.9771, 9.0408, 0.78, 7.5451, 20.1717, 0.8895, 18.9769, 18.5515, 11.2852, 26.253, 51.9348, 25.7171, 13.254, 13.8219, 21.2106, 11.9485, 33.8464, 19.7286, 33.8742, 17.5083, 22.6493, 63.2605, 25.6974, 11.8929, 14.6148, 21.9394, 13.8387, 6.9757, 36.6462, 33.6699, 11.9347, 57.3663, 14.8314, 15.5377, 11.0689, 12.3619, 0.7684, 5.1427, 59.732, 46.4819, 28.275, 13.621, 71.7494, 14.7258, 25.9555, 1.6716],
      [6.0388, 5.161, 3.5924, 2.3481, 2.7025, 2.2268, 1.3321, 0.1311, 1.5047, 3.1355, 0.0822, 2.5974, 2.6384, 1.716, 4.0946, 7.8147, 3.9703, 1.7572, 2.2914, 3.8391, 1.3543, 5.1317, 2.6285, 4.4475, 2.4449, 3.5229, 8.4797, 3.948, 1.4695, 2.0768, 3.4538, 2.3877, 1.1811, 5.4913, 4.6001, 1.9676, 7.9798, 1.9862, 2.3199, 2.0001, 1.9859, 0.1348, 0.5817, 9.8603, 7.1911, 4.2678, 2.4106, 11.8296, 1.9614, 3.6321, 0.235],
      [3.4001, 2.8442, 1.5671, 1.1421, 0.9131, 0.7961, 0.627, 0.0889, 0.9501, 1.6928, 0.0283, 1.4257, 1.8101, 0.9989, 2.6523, 4.2505, 1.3126, 0.9888, 0.8867, 1.9503, 0.6973, 2.0219, 1.6429, 2.6783, 1.0469, 1.8279, 4.2598, 2.3546, 0.6375, 1.3084, 1.6069, 0.7737, 0.8432, 2.8625, 2.7299, 1.0978, 3.654, 1.1824, 1.1424, 0.931, 1.6522, 0.0969, 0.2757, 6.4076, 3.327, 2.4572, 1.9684, 5.421, 1.3128, 2.4124, 0.0935]
    ],
    [
      [33.0546, 33.5295, 34.9478, 12.498, 14.9918, 10.3919, 6.1383, 3.3326, 17.0946, 26.7209, 0.9317, 27.1763, 19.6894, 26.6452, 42.4005, 45.0038, 26.6998, 19.323, 41.9078, 32.1298, 19.8406, 51.247, 15.6706, 31.5095, 31.106, 42.3554, 43.2878, 26.5478, 28.8724, 20.7028, 37.3931, 16.683, 11.5802, 48.6562, 34.8539, 22.1392, 78.8038, 30.6038, 27.0567, 12.7928, 15.6104, 0, 5.4346, 52.0762, 45.3623, 21.5287, 20.1978, 76.1575, 13.8532, 93.0933, 10.6969],
      [2.467, 2.2891, 2.4124, 1.1365, 1.0882, 0.8476, 0.3928, 0.2488, 1.5336, 1.8107, 0.0355, 1.5769, 1.1962, 1.7586, 2.8837, 2.9422, 1.8, 1.0905, 3.1317, 2.6164, 0.8865, 3.3836, 0.8924, 1.7475, 1.8477, 2.8817, 2.5015, 1.7746, 1.4271, 1.2573, 2.5919, 1.2898, 0.877, 3.1608, 2.0358, 1.6181, 4.673, 1.712, 1.7539, 1.0225, 1.0927, 0, 0.2443, 3.7773, 3.0637, 1.4117, 1.5876, 5.5091, 0.7873, 5.3866, 0.6452],
      [3.4783, 3.1814, 2.6398, 1.3655, 0.92, 0.7605, 0.4688, 0.4187, 2.3718, 2.4683, 0.0328, 2.2468, 2.1145, 2.5962, 4.7158, 4.054, 1.5002, 1.5864, 2.9606, 3.2538, 1.2729, 3.3695, 1.4369, 2.743, 2.0463, 3.7629, 3.2107, 2.6776, 1.7005, 2.0399, 3.0149, 1.0272, 1.5428, 4.183, 3.1103, 2.2427, 5.5232, 2.6842, 2.1894, 1.1847, 2.2968, 0, 0.3211, 6.1465, 3.574, 2.0596, 3.2146, 6.3334, 1.3595, 9.5201, 0.658]
    ]
  ],
  "V_est": [
    [13.9017, 997.2607, 94.8376],
    [1532.898, 298.3927, 382.7093],
    [10027.5403, 217.1698, 571.2899],
    [2269.325, 14758.142, 431.533],
    [1130.0144, 171.9361, 91.0496],
    [1460.3206, 96.0987, 129.5806]
  ],
  "p_est": [
    [0.0126, 0.9017, 0.0857],
    [0.6924, 0.1348, 0.1729],
    [0.9271, 0.0201, 0.0528],
    [0.13, 0.8453, 0.0247],
    [0.8112, 0.1234, 0.0654],
    [0.8661, 0.057, 0.0769]
  ],
  "EI_Z": {},
  "EI_V": 4.9926,
  "MAE_Z": {},
  "MAE_V": 192.3477,
  "MAE_p": 0.0945,
  "runtime": 0.001
}
