{
  "X": [
    [25, 26, 40, 16, 62, 146, 14],
    [4, 3, 2, 5, 21, 7, 0],
    [1, 0, 1, 2, 3, 9, 0],
    [90, 50, 99, 97, 240, 608, 36],
    [18, 14, 22, 14, 50, 109, 5],
    [42, 53, 64, 130, 216, 455, 15],
    [13, 10, 19, 11, 42, 99, 5],
    [1, 1, 2, 4, 12, 8, 2],
    [7, 12, 78, 47, 145, 118, 22],
    [71, 76, 93, 249, 349, 603, 32],
    [53, 86, 82, 173, 321, 471, 42],
    [43, 30, 133, 55, 148, 305, 33],
    [40, 84, 83, 178, 443, 517, 42],
    [55, 95, 128, 330, 608, 643, 93],
    [43, 67, 74, 214, 388, 524, 40],
    [12, 9, 59, 45, 131, 166, 11],
    [10, 7, 32, 51, 53, 139, 17],
    [10, 18, 70, 39, 112, 173, 8],
    [44, 110, 93, 246, 419, 516, 51],
    [53, 84, 118, 186, 337, 596, 48],
    [86, 68, 141, 136, 264, 436, 42],
    [25, 52, 54, 93, 172, 280, 23],
    [33, 72, 89, 110, 376, 476, 35],
    [58, 146, 191, 216, 561, 699, 58],
    [16, 3, 6, 12, 11, 29, 1],
    [9, 22, 35, 33, 40, 168, 6],
    [19, 23, 25, 16, 41, 106, 6],
    [107, 135, 282, 211, 444, 907, 83],
    [20, 40, 81, 40, 90, 236, 25],
    [56, 56, 147, 155, 265, 555, 95],
    [37, 38, 52, 66, 138, 190, 10],
    [58, 121, 157, 260, 457, 621, 55],
    [0, 3, 0, 0, 1, 3, 0],
    [7, 16, 16, 79, 173, 154, 40],
    [71, 75, 159, 208, 453, 750, 46],
    [8, 13, 38, 40, 95, 124, 16],
    [114, 122, 317, 203, 419, 677, 97],
    [14, 4, 37, 11, 62, 105, 3]
  ],
  "W": [
    [61, 30, 73, 98, 29, 22, 16],
    [4, 0, 20, 5, 7, 3, 3],
    [2, 0, 2, 3, 5, 2, 2],
    [189, 59, 294, 345, 146, 111, 76],
    [39, 20, 60, 69, 22, 18, 4],
    [142, 37, 279, 262, 156, 75, 24],
    [31, 13, 55, 49, 26, 14, 11],
    [2, 2, 15, 3, 7, 1, 0],
    [24, 52, 175, 65, 77, 12, 24],
    [152, 58, 467, 379, 234, 124, 59],
    [110, 49, 433, 285, 169, 140, 42],
    [91, 96, 189, 166, 116, 50, 39],
    [99, 57, 526, 313, 194, 129, 69],
    [99, 81, 736, 390, 410, 132, 104],
    [101, 56, 487, 291, 262, 93, 60],
    [31, 35, 157, 85, 82, 23, 20],
    [27, 23, 75, 81, 63, 20, 20],
    [35, 50, 132, 110, 55, 28, 20],
    [111, 60, 517, 277, 256, 192, 66],
    [153, 64, 451, 340, 218, 139, 57],
    [153, 88, 339, 263, 167, 110, 53],
    [36, 26, 233, 156, 118, 99, 31],
    [88, 57, 449, 247, 172, 133, 45],
    [166, 103, 728, 402, 229, 187, 114],
    [11, 5, 18, 17, 18, 2, 7],
    [44, 31, 53, 88, 48, 36, 13],
    [33, 17, 59, 70, 23, 29, 5],
    [182, 194, 620, 514, 340, 213, 106],
    [44, 45, 134, 117, 70, 83, 39],
    [116, 96, 330, 349, 227, 125, 86],
    [52, 38, 174, 117, 64, 61, 25],
    [147, 86, 621, 356, 270, 170, 79],
    [0, 0, 2, 3, 0, 2, 0],
    [13, 14, 205, 118, 83, 20, 32],
    [158, 109, 540, 412, 315, 168, 60],
    [27, 24, 114, 69, 59, 26, 15],
    [173, 232, 595, 425, 220, 192, 112],
    [31, 30, 72, 67, 16, 7, 13]
  ],
  "method": "mvn_pdf",
  "cond_prob": [
    [
      [0.26940498038, 0.066804003345, 0.039411414117, 0.0030973589896, 0.008837880211, 0.61230444921, 0.00013991374936],
      [0.036650478815, 0.00018538740859, 0.93747940389, 1.4644974736e-05, 0.0002066240614, 0.016665804672, 0.0087976561765],
      [0.0024821823168, 0.098455475418, 0.020406811795, 0.06273756814, 0.65650165864, 0.1289599474, 0.03045635629],
      [0.049488406673, 0.013469703889, 0.029891548142, 0.015622288853, 0.06061825778, 0.78408968196, 0.046820112699],
      [0.02570857986, 0.00038812336566, 0.047525570443, 0.29587589574, 0.19166552746, 0.40535568325, 0.033480619884],
      [0.0086183065205, 0.59798316264, 0.036844430563, 0.036551128395, 0.01959670701, 0.29169654501, 0.0087097198608],
      [0.093785444387, 0.01532677072, 0.17897710174, 0.019704323099, 0.10000327445, 0.2326219163, 0.3595811693]
    ],
    [
      [0.66895247884, 0.026692036584, 0.025121603972, 0.0032686757914, 0.012610597883, 0.26335460693, 0],
      [0.062864156832, 7.2534793335e-05, 0.92849131968, 1.5381234399e-05, 0.00029439512392, 0.0068598976783, 0.0014023146568],
      [0, 0.032556743897, 0.01037632549, 0.07557861425, 0.86024570954, 0.02124260682, 0],
      [0.07792775996, 0.028418177829, 0.086980738995, 0.085934711978, 0.12019337387, 0.60054523736, 0],
      [0, 0.014669806863, 0.075180220401, 0.389092309, 0.32677174171, 0.19428592202, 0],
      [0.027175110278, 0.57041270225, 0.043872880248, 0.073993784221, 0.053712255876, 0.23083326712, 0],
      [0.28434198467, 0.095359777258, 0.1997343986, 0.033350645428, 0.23171252954, 0.15550066451, 0]
    ],
    [
      [0.16517588353, 0, 0.020003008446, 0.002795754268, 0.010723384819, 0.80130196894, 0],
      [0.013366012584, 7.7565212622e-06, 0.97188595396, 9.4613099661e-06, 0.0001196073021, 0.013770302716, 0.00084090560423],
      [0.0011485836414, 0, 0.0096744513833, 0.056789546905, 0.79079001401, 0.14159740406, 0],
      [0.020622060068, 0, 0.011196504095, 0.02806673916, 0.039093935497, 0.90102076118, 0],
      [0.035990225169, 0, 0.090572193112, 0.31848062555, 0.18448062943, 0.37047632674, 0],
      [0.063730618286, 0, 0.040221764131, 0.071326050595, 0.033188568831, 0.79153299816, 0],
      [0.14903626152, 0, 0.18687553712, 0.030786975617, 0.14545555552, 0.48784567023, 0]
    ],
    [
      [0.2880232842, 0.019458769642, 0.031456601715, 0.003465515706, 0.0069542228861, 0.65056554645, 7.6059402969e-05],
      [0.050848956005, 6.9908773125e-05, 0.91978803203, 2.1125320399e-05, 0.00020949232554, 0.022926360592, 0.0061361249497],
      [0.0034503856755, 0.036711267456, 0.020961558901, 0.089675918365, 0.65131206968, 0.17670913901, 0.021179660908],
      [0.046092337441, 0.0082994463834, 0.022256288171, 0.034291177575, 0.042393132589, 0.82502444657, 0.02164317127],
      [0.027962338629, 0.00011424158847, 0.038218198134, 0.3299817096, 0.15083010894, 0.43462683739, 0.018266565716],
      [0.016100382668, 0.29019328192, 0.050917821962, 0.070628973397, 0.026595112694, 0.53737998593, 0.0081844414239],
      [0.12865259421, 0.0057054305294, 0.18045204585, 0.028045384551, 0.099850778728, 0.3157873528, 0.24150641333]
    ],
    [
      [0.3000490063, 0.03295518462, 0.022524747774, 0.0031493037021, 0.0082315467871, 0.63301048297, 7.9727841137e-05],
      [0.065487024789, 0.00014792588456, 0.89819036846, 2.405389149e-05, 0.00031096368078, 0.027746764874, 0.008092898424],
      [0.0030539368496, 0.05436207639, 0.013040974025, 0.071594903026, 0.68979244607, 0.14870460956, 0.019451054079],
      [0.048994696484, 0.024484867646, 0.0098873452158, 0.024267444742, 0.047586614312, 0.81526173129, 0.029517300306],
      [0.029064204072, 0.00019667975493, 0.027852609643, 0.31033382803, 0.18367571445, 0.42928232671, 0.019594637347],
      [0.013828826222, 0.4287327019, 0.030655660989, 0.054199800644, 0.026593274965, 0.43876007761, 0.0072296576695],
      [0.1340366571, 0.0097733105572, 0.13212072409, 0.025901895183, 0.12054564575, 0.31010681228, 0.26751495505]
    ],
    [
      [0.19903404042, 0.034095838484, 0.03617250105, 0.0061911445777, 0.0086131731707, 0.71582142412, 7.1878182523e-05],
      [0.031023962931, 0.00010809897201, 0.94123016443, 3.3320552982e-05, 0.0002290800264, 0.022257527123, 0.0051178459666],
      [0, 0.05160652445, 0.019310738015, 0.1271501092, 0.63676506178, 0.15845146986, 0.0067160966949],
      [0.029352258977, 0.018703283483, 0.021055363373, 0.062942772696, 0.040586811296, 0.80719968247, 0.020159827709],
      [0.014461268855, 0.00014976226871, 0.03289100114, 0.44192004849, 0.13987288437, 0.35778123559, 0.012923799284],
      [0.0083162957932, 0.38140717561, 0.043762496122, 0.094344109184, 0.024627451292, 0.44176044708, 0.0057820249182],
      [0.084137818921, 0.0094587331188, 0.19669184459, 0.047433414296, 0.11708449353, 0.32873525378, 0.21645844177]
    ],
    [
      [0.24957420144, 0.025302576619, 0.028851659839, 0.002332788446, 0.0058419497383, 0.68803506058, 6.1763341855e-05],
      [0.043597715067, 9.099822611e-05, 0.92696698372, 1.4281325282e-05, 0.00017694901809, 0.024109339306, 0.0050437333351],
      [0.0097361751127, 0.0615956998, 0.027650553558, 0.040168367661, 0.64165886457, 0.19962750055, 0.019562838747],
      [0.040304475925, 0.014813565171, 0.018366670011, 0.026002466855, 0.030199661155, 0.85131265663, 0.019000504249],
      [0.026849253384, 0.0001676028041, 0.039649309565, 0.25423216922, 0.14441841399, 0.51786680442, 0.016816446615],
      [0.012477446724, 0.35773029954, 0.042635953562, 0.043480874649, 0.020457525468, 0.5171512552, 0.0060666448607],
      [0.11938687871, 0.0080206453727, 0.1824086438, 0.020486196262, 0.091299468424, 0.35990950164, 0.2184886658]
    ],
    [
      [0.21287341277, 0.020612756334, 0.015057853602, 0.0048628730809, 0.011666568422, 0.73445552216, 0.00047101362613],
      [0.025989124064, 6.2066597937e-05, 0.92043323613, 2.5081238869e-05, 0.00029985115726, 0.019928909508, 0.033261731304],
      [0.024594765366, 0.039529704303, 0, 0.082019365712, 0.69727954055, 0.098592916743, 0.057983707328],
      [0.022014736595, 0.0097545296678, 0.0075702923008, 0.044355738741, 0.049488498385, 0.73462650513, 0.13218969918],
      [0.011423645041, 8.6527162138e-05, 0.012441527672, 0.36349837432, 0.19010542881, 0.33346253436, 0.08898196263],
      [0.0073437207611, 0.33583551046, 0.019216249929, 0.082377769186, 0.037670555762, 0.47422012963, 0.043336064273],
      [0.01032858676, 0.00099235480706, 0.010765791467, 0.0065661021277, 0.029018411608, 0.053011761807, 0.88931699142]
    ],
    [
      [0.17342844831, 0.029955616422, 0.10532642837, 0.0052884689724, 0.012451013469, 0.67333695177, 0.00021307269336],
      [0.0093562902598, 3.2938121928e-05, 0.97795095667, 9.8860040849e-06, 0.00011505691995, 0.0072435222277, 0.0052913497976],
      [0, 0.033713703603, 0.027347306977, 0.081606435295, 0.70326561637, 0.11745466813, 0.036612269622],
      [0.020191463271, 0.015469870214, 0.059107669856, 0.051992085167, 0.061462055168, 0.73387580314, 0.057901053183],
      [0, 0.0035441615907, 0.089893575861, 0.36019188374, 0.19467325654, 0.31562906788, 0.036068054389],
      [0.0070197215516, 0.33268280418, 0.12448107704, 0.078835804948, 0.034841734076, 0.40537748186, 0.016761376344],
      [0.03977118233, 0.0045341098506, 0.31564001854, 0.022131093857, 0.092530612653, 0.16828282772, 0.35711015504]
    ],
    [
      [0.26048432133, 0.029858856596, 0.031714689154, 0.0083875803609, 0.0086243596367, 0.66085100899, 7.9183933982e-05],
      [0.045889560331, 0.00010702880024, 0.92407937087, 5.101766918e-05, 0.00025922127814, 0.023242810085, 0.0063709909702],
      [0.0036235497505, 0.045373716569, 0.013579679917, 0.15007171145, 0.62683768569, 0.14918336216, 0.011330294457],
      [0.04037199903, 0.016515445289, 0.019099010847, 0.088191953601, 0.042030385632, 0.77082401552, 0.022967190079],
      [0.016743071711, 0.00011605632834, 0.025508372775, 0.52894895888, 0.12379295993, 0.29230095705, 0.012589623322],
      [0.011469629449, 0.35078063785, 0.040431644174, 0.1346705613, 0.025980190322, 0.42995541115, 0.0067119257556],
      [0.10866932985, 0.0081764483115, 0.16983127117, 0.063401408829, 0.11563137124, 0.29963960513, 0.23465056547]
    ],
    [
      [0.26438959254, 0.034212941067, 0.036001070513, 0.0067156405091, 0.0089039604872, 0.64965035296, 0.00012644192868],
      [0.041075348054, 0.00010828941347, 0.92938964826, 3.6070601243e-05, 0.00023633387727, 0.020169285311, 0.0089850244852],
      [0.0031403604605, 0.049957867246, 0.017494623222, 0.12996664586, 0.63658044163, 0.13499424034, 0.027865821241],
      [0.041335290712, 0.01911455754, 0.021896470408, 0.071328226459, 0.043834423165, 0.76542549921, 0.037065532504],
      [0.018749835635, 0.00014693492474, 0.031996249466, 0.4681434581, 0.14126538757, 0.31747393202, 0.022224202276],
      [0.011310164595, 0.391327497, 0.044662018413, 0.10493019518, 0.026102314008, 0.41123705852, 0.010430752285],
      [0.095523180194, 0.0081234119646, 0.16723987667, 0.044022336734, 0.10353970707, 0.25535976541, 0.32619172196]
    ],
    [
      [0.27369669213, 0.023883669509, 0.062329396467, 0.0030418050891, 0.0067544132358, 0.63015168269, 0.00014234088077],
      [0.025069535681, 4.4572408976e-05, 0.95726598512, 9.6377803528e-06, 0.00010576963265, 0.011528002308, 0.005976497073],
      [0.0048684017437, 0.04729248453, 0.027173638875, 0.061759842314, 0.63744066522, 0.18228156212, 0.039183405195],
      [0.045259171032, 0.014135355387, 0.040129467695, 0.034225805483, 0.035234739713, 0.78678008461, 0.044235376078],
      [0.026640753923, 0.00014100946402, 0.076153391968, 0.29176233351, 0.14752924311, 0.42334659481, 0.034426673214],
      [0.013884958149, 0.32644202491, 0.091864603465, 0.056469735694, 0.023536167484, 0.47384874383, 0.013953766462],
      [0.088953843784, 0.0051051335759, 0.26169634165, 0.01795536233, 0.070762600438, 0.22287582504, 0.33265089318]
    ],
    [
      [0.20068987248, 0.037034403337, 0.030102407512, 0.0067311848454, 0.012630147081, 0.71270661316, 0.00010537159315],
      [0.037338177343, 0.00014011778226, 0.92667210123, 4.3218870043e-05, 0.00040073032011, 0.026453739022, 0.008951915431],
      [9.3579624243e-05, 0.043057504511, 0.0048354473603, 0.10693384359, 0.70828598098, 0.12027294099, 0.016520702946],
      [0.02923804756, 0.019253399988, 0.017039330638, 0.066520504781, 0.057857572292, 0.78135966674, 0.028731478005],
      [0.013233801166, 0.00014764978832, 0.024836316059, 0.43527553258, 0.18599445625, 0.32332500049, 0.017187243669],
      [0.0080255204115, 0.39529136419, 0.034848071668, 0.098135558496, 0.034552570681, 0.42103575439, 0.0081111601651],
      [0.075362973745, 0.0091277644604, 0.14506013803, 0.045798393248, 0.15244523994, 0.29081705964, 0.28138843094]
    ],
    [
      [0.2308284349, 0.036313407326, 0.036162118604, 0.0075509904769, 0.011755645082, 0.6772184934, 0.00017091021149],
      [0.036066497478, 0.00011537973136, 0.93015637136, 4.0712461646e-05, 0.00031318468473, 0.021119527668, 0.012188326613],
      [0.0016536480662, 0.04306260972, 0.011628643452, 0.12055796563, 0.6805249528, 0.1137102918, 0.028861888529],
      [0.033961179038, 0.019060176603, 0.020666922481, 0.075323995372, 0.054360997476, 0.74957589976, 0.047050829267],
      [0.014627140437, 0.00013906314733, 0.028658368925, 0.468432372, 0.16618162241, 0.29518654715, 0.026774885927],
      [0.00929138383, 0.38963948482, 0.042120964949, 0.11073093588, 0.032353136359, 0.40262667896, 0.013237415206],
      [0.072510226949, 0.0074870134719, 0.14565965573, 0.042965166155, 0.11864028567, 0.23121255564, 0.38152509639]
    ],
    [
      [0.20904526351, 0.033721576894, 0.025028930928, 0.0067949647708, 0.0099620346631, 0.71534814174, 9.9087488372e-05],
      [0.046005340591, 0.00015092381439, 0.91204940461, 5.1614164913e-05, 0.00037392728545, 0.031410108988, 0.0099586805496],
      [0.001422991616, 0.046640014058, 0, 0.1255012637, 0.66349122329, 0.14396798878, 0.01897651856],
      [0.030874518284, 0.017816049932, 0.014325439172, 0.068086503411, 0.046270828231, 0.79523108103, 0.027395579942],
      [0.01433713008, 0.00013984760191, 0.021483138249, 0.45703110542, 0.15258976544, 0.33760543777, 0.016813575439],
      [0.0087594937895, 0.37758008486, 0.030367107386, 0.1038205877, 0.028564016658, 0.44291439246, 0.007994317146],
      [0.08436144285, 0.0089320610003, 0.12959808852, 0.049684432943, 0.12921476201, 0.31370922116, 0.28449999152]
    ],
    [
      [0.19270788169, 0.016704334435, 0.072123127295, 0.0040670942315, 0.0094580314459, 0.70485273093, 8.6799975504e-05],
      [0.015023182653, 2.6641335571e-05, 0.97071058777, 1.1010769629e-05, 0.00012658342508, 0.010984341118, 0.0031176529266],
      [0.0013074862004, 0.01478824354, 0.0269399408, 0.078236303159, 0.69963434444, 0.16087388207, 0.018219799786],
      [0.029095967564, 0.0090690262281, 0.042547575402, 0.041994050481, 0.045270512728, 0.80728866464, 0.024734202953],
      [0.015564648112, 8.2315855768e-05, 0.073494498313, 0.32634601444, 0.1725678269, 0.39443274013, 0.017511956257],
      [0.0098103936307, 0.23071164029, 0.10728795724, 0.076214518463, 0.033254479523, 0.5341389402, 0.0085820706559],
      [0.065993574987, 0.0037747046885, 0.32245129944, 0.025381685319, 0.10481850559, 0.26298485533, 0.21459537464]
    ],
    [
      [0.18529479326, 0.01656750817, 0.035558037447, 0.0069899406186, 0.0066127445537, 0.74881240558, 0.00016457037397],
      [0.027916723343, 5.1017699597e-05, 0.93786892455, 3.6548644611e-05, 0.00017100314812, 0.022504956688, 0.011450825925],
      [0.0019689729265, 0.026836307781, 0.021241356817, 0.16321566115, 0.56253560681, 0.18293940549, 0.041262689026],
      [0.024819644401, 0, 0.023123044383, 0.064590225406, 0.029130949877, 0.8144839386, 0.043852197328],
      [0.012565053376, 6.8625031216e-05, 0.030467837722, 0.47534779135, 0.1016047406, 0.35199072052, 0.027955231394],
      [0.0091455681393, 0.2231146684, 0.051340486626, 0.12742103506, 0.022584259131, 0.55059024424, 0.015803738404],
      [0.061119102683, 0.0036082021856, 0.15282979294, 0.042105829206, 0.070748076669, 0.26917881646, 0.40041017986]
    ],
    [
      [0.16201694466, 0.029979453892, 0.063865539765, 0.0048338364618, 0.010896093569, 0.72833308775, 7.5043893622e-05],
      [0.014322155607, 5.3892223798e-05, 0.9695915314, 1.4764926912e-05, 0.00016453895497, 0.012810278642, 0.0030428382468],
      [0, 0.038422159043, 0.028801728259, 0.084489667574, 0.6984711087, 0.14403268496, 0.0057826514635],
      [0.014488577709, 0.018799465798, 0.036595880226, 0.048195635123, 0.054018570132, 0.80726773878, 0.020634132235],
      [0.012058544194, 0.00013553711446, 0.059752074323, 0.35715550216, 0.18278230595, 0.37421490328, 0.01390113297],
      [0.0068519400138, 0.34497369255, 0.078597145254, 0.075029570695, 0.031731421283, 0.4566750762, 0.0061411540051],
      [0.058224067865, 0.0070820169247, 0.29853352142, 0.031577044795, 0.12643370456, 0.28436702509, 0.19378261935]
    ],
    [
      [0.21192243478, 0.038371029789, 0.03392691692, 0.0085405254268, 0.011744269028, 0.69536275342, 0.00013207062792],
      [0.035199907976, 0.00012964267781, 0.9312210834, 4.896424072e-05, 0.00033271470205, 0.023050121612, 0.010017565391],
      [0.00045275834653, 0.045848249655, 0.0084944018531, 0.12992486317, 0.67356218556, 0.11812202135, 0.023595520066],
      [0.030672213777, 0.019818404291, 0.019078746552, 0.083850709406, 0.053447341259, 0.75735001763, 0.035782567083],
      [0.012654500812, 0.00013852796727, 0.025347131462, 0.50008125149, 0.1565922602, 0.28567697174, 0.019509356333],
      [0.0081922371963, 0.39547510768, 0.037967135977, 0.12036004625, 0.031054764842, 0.39712273494, 0.0098279731136],
      [0.073058700446, 0.008683488463, 0.15008898338, 0.053353542346, 0.13014736871, 0.26054268602, 0.32412523064]
    ],
    [
      [0.20826891653, 0.03223529116, 0.046753430242, 0.006019490552, 0.0085351206786, 0.69806621603, 0.00012153480366],
      [0.025594003556, 8.0552683202e-05, 0.9501890189, 2.5525520499e-05, 0.00017884746689, 0.017114199219, 0.0068178526529],
      [0.00028293954978, 0.048434458688, 0.025244343193, 0.12237925865, 0.62685372657, 0.14933926216, 0.027466011179],
      [0.031280482047, 0.017265774418, 0.027262827134, 0.061284402937, 0.040279723886, 0.78847831613, 0.034148473444],
      [0.015204991987, 0.00014218363887, 0.042679037596, 0.43059417369, 0.13903637288, 0.35040734962, 0.021935890592],
      [0.0088739427078, 0.36613268389, 0.057635080408, 0.093430890755, 0.024858712408, 0.43910698398, 0.009961705859],
      [0.07343339685, 0.0074579266157, 0.21166248395, 0.038442420728, 0.096688652283, 0.2673903945, 0.30492472507]
    ],
    [
      [0.35565912755, 0.028642962468, 0.053129112108, 0.0049242958414, 0.0077905527739, 0.54973748748, 0.00011646178083],
      [0.038057225488, 6.2459902041e-05, 0.94425489817, 1.8224040326e-05, 0.00014247682969, 0.01176092813, 0.005703787444],
      [0, 0.047728540477, 0.027679707717, 0.11256185319, 0.64417410736, 0.1374415053, 0.030414285962],
      [0.055355609346, 0.020611183146, 0.036859139405, 0.062570292862, 0.045261227466, 0.74038996419, 0.03895258358],
      [0.030426425784, 0.00014845011078, 0.056976345097, 0.41429980403, 0.14920430103, 0.32424040685, 0.024704267099],
      [0.017551950823, 0.3784891849, 0.076063966559, 0.088798859412, 0.026360317054, 0.40164800251, 0.011087718744],
      [0.12574839035, 0.0066568372537, 0.24183687315, 0.031595886015, 0.088679794336, 0.21151969131, 0.29396252759]
    ],
    [
      [0.2654010766, 0.029383549188, 0.04279484175, 0.004964992212, 0.0073719902589, 0.64998276173, 0.00010078826394],
      [0.034531506043, 7.8300982783e-05, 0.94219856117, 2.2454414394e-05, 0.00016478606749, 0.016968549893, 0.0060358414271],
      [0.0040618494098, 0.050597530827, 0.026657920215, 0.11631431504, 0.62050395989, 0.15566195315, 0.026202471463],
      [0.042608807979, 0.016953567349, 0.026867506798, 0.054469147558, 0.037486683937, 0.79109898368, 0.030515302698],
      [0.021855598155, 0.00014742807183, 0.044442610038, 0.40506238529, 0.13678561252, 0.37100322755, 0.020703138371],
      [0.012255872731, 0.36624131174, 0.057700095141, 0.084317518442, 0.023487940471, 0.4469642613, 0.0090330001713],
      [0.10200210147, 0.0074480270834, 0.21300191072, 0.034756717803, 0.091579683202, 0.27261029105, 0.27860126868]
    ],
    [
      [0.19299625613, 0.029706035442, 0.035538898039, 0.0042553141005, 0.010825450074, 0.72657166999, 0.00010637623035],
      [0.030679439405, 9.608356942e-05, 0.93813680896, 2.3355934963e-05, 0.0002936159447, 0.023044979327, 0.0077257168561],
      [0.00022521608205, 0.04014051491, 0.016297294556, 0.069178702549, 0.71028272344, 0.14273748164, 0.021138066823],
      [0.028650687986, 0.015744514863, 0.020505272511, 0.042865968532, 0.050555618487, 0.81210202787, 0.029575909754],
      [0.015444222286, 0.00014379523078, 0.035603803835, 0.33396929418, 0.19358279239, 0.40018348735, 0.021072604723],
      [0.008619554251, 0.35422163184, 0.045979830779, 0.069314127003, 0.033092205667, 0.47962166019, 0.009150990262],
      [0.073043389179, 0.0073821319347, 0.17282932317, 0.029190486858, 0.13175422327, 0.29885685446, 0.28694359113]
    ],
    [
      [0.1953201004, 0.046848914581, 0.055910645364, 0.0059081963461, 0.010367350216, 0.68554498502, 9.9808074384e-05],
      [0.020395532651, 9.9394742616e-05, 0.96027101407, 2.1271040953e-05, 0.00018443333135, 0.014275314178, 0.0047530399827],
      [0, 0.057497226905, 0.025226963456, 0.10466541052, 0.6640231248, 0.1315500322, 0.017037242118],
      [0.027566612342, 0.025131370418, 0.032654259245, 0.062070347966, 0.048996615031, 0.77550586272, 0.028074932284],
      [0.014008652206, 0.00020282669918, 0.050094265437, 0.41449083362, 0.16570564278, 0.33782221564, 0.017675563609],
      [0.0071167943683, 0.45438548646, 0.05888374769, 0.078339856255, 0.025797558798, 0.36848757347, 0.0069889829573],
      [0.068908100061, 0.010837869688, 0.25294587021, 0.03772276953, 0.11740187232, 0.26262220396, 0.24956131423]
    ],
    [
      [0.76655061684, 0.0062581595823, 0.0042784967818, 0.00093717094403, 0.00082316933286, 0.21214190023, 0.0090104862927],
      [0.45105851963, 7.721787944e-05, 0.531066637, 1.9824957387e-05, 8.6349820112e-05, 0.015395205152, 0.0022962455649],
      [0, 0.07324166565, 0.016968585053, 0.1493620606, 0.4905616221, 0.25643268929, 0.013433377309],
      [0, 0.012071834512, 0.0089012128338, 0.058371326606, 0.045479197418, 0.86710076976, 0.0080756588695],
      [0, 0.0328067735, 0.13478625875, 0.44802646642, 0.066193903577, 0.31116610842, 0.0070204893288],
      [0.1374673154, 0.39497803403, 0.02364140037, 0.066487794623, 0.011004568179, 0.36345625851, 0.0029646288872],
      [0.71967371226, 0.0038178565338, 0.052487534718, 0.015901480995, 0.024822633364, 0.12929415857, 0.05400262356]
    ],
    [
      [0.13667248685, 0.036735594196, 0.023249258291, 0.004686261165, 0.0060138267017, 0.79257844523, 6.4127569373e-05],
      [0.031258803902, 0.00017037640608, 0.92563912993, 3.6950673617e-05, 0.00023447051532, 0.0359356434, 0.0067246251758],
      [0.0016073372903, 0.068478088867, 0.015278173551, 0.12033589738, 0.56523491409, 0.21140481069, 0.017660778132],
      [0.0037561334263, 0.023122307231, 0.004977748568, 0.054895062383, 0.029106254302, 0.87152179572, 0.012620698373],
      [0.011320591483, 0.00018429136701, 0.024183763634, 0.38661999565, 0.11225376329, 0.45223072644, 0.013206868138],
      [0.0055040145209, 0.40427344312, 0.027194454173, 0.069187884045, 0.016648268226, 0.47220365987, 0.0049882760449],
      [0.066163548133, 0.011658500194, 0.14573950236, 0.041197490021, 0.093984916903, 0.41598183467, 0.22527420773]
    ],
    [
      [0.36069735077, 0.042554643559, 0.038260686778, 0.0028295127478, 0.005178756678, 0.55039983327, 7.9216204037e-05],
      [0.047938959895, 0.00011726908344, 0.93206379243, 1.3263728769e-05, 0.00012007953906, 0.014816243734, 0.0049303915887],
      [0.00492614398, 0.09469733596, 0.029879085574, 0.086760802059, 0.58289175614, 0.17476178144, 0.026083094847],
      [0.054983480266, 0.014928190313, 0.033942824291, 0.028462358558, 0.036694084377, 0.79691603372, 0.034073028476],
      [0.039976651596, 0.0002920668201, 0.054444630644, 0.32042152098, 0.13262842326, 0.42984560625, 0.022391100452],
      [0.015366925704, 0.51357840979, 0.048482216148, 0.045271422183, 0.015552095944, 0.35506910325, 0.0066798269777],
      [0.15548703218, 0.01221912476, 0.21904766854, 0.022516389901, 0.073279128351, 0.26128179102, 0.25616886525]
    ],
    [
      [0.28038888485, 0.030303317917, 0.04617697165, 0.0035945046273, 0.0060646256457, 0.63336039882, 0.00011129648836],
      [0.034856322771, 7.6575759211e-05, 0.94290230197, 1.5411403669e-05, 0.00012847992322, 0.015710058954, 0.0063108492171],
      [0.0027712238793, 0.06029552985, 0.030432057645, 0.093653200066, 0.59683356046, 0.18243310652, 0.033581321571],
      [0.046948864011, 0.018092470348, 0.03001433472, 0.040778169262, 0.031895533287, 0.79742693948, 0.034843688889],
      [0.027075943124, 0.00017673025133, 0.055729334988, 0.33942081228, 0.13053828195, 0.42050820387, 0.026550693531],
      [0.013372468184, 0.38462807692, 0.063687760468, 0.062403937578, 0.019760888289, 0.44594034167, 0.010206526891],
      [0.10663268913, 0.0075595613727, 0.22513239543, 0.024742758715, 0.074038833584, 0.26166604668, 0.30022771509]
    ],
    [
      [0.21501453688, 0.026829102075, 0.070311414971, 0.0030361566373, 0.00521884726, 0.67946684162, 0.00012310055343],
      [0.017435700931, 4.4423951087e-05, 0.96683449659, 8.5344371175e-06, 7.2520828402e-05, 0.011014195563, 0.0045901276988],
      [0.0050791660687, 0.06417978196, 0.025762085804, 0.078637575154, 0.56070789295, 0.22135666897, 0.044276829093],
      [0.033964976141, 0.015198971143, 0.043319078101, 0.032701611645, 0.026057299872, 0.81214536145, 0.03661270165],
      [0.020910433144, 0.00015856922137, 0.086029588601, 0.29206417193, 0.11416803037, 0.45686102151, 0.029808185229],
      [0.010091938628, 0.33973723858, 0.096141525759, 0.052283036893, 0.016862157205, 0.47369580722, 0.011188295713],
      [0.071766208904, 0.0058938301739, 0.30452502357, 0.018423521233, 0.05621088126, 0.24687168544, 0.29630884942]
    ],
    [
      [0.24264093252, 0.023415344382, 0.047379800557, 0.0050680099149, 0.008291820346, 0.67292094909, 0.00028314318845],
      [0.02909167997, 5.7110635318e-05, 0.93904966006, 2.0974307196e-05, 0.00016957786121, 0.016101743039, 0.015509254132],
      [0.0023310827318, 0.035413867692, 0.025310283561, 0.10511395976, 0.62201392101, 0.14657341844, 0.063243466802],
      [0.038241625504, 0.010411436722, 0.032187610622, 0.056662732553, 0.049331488249, 0.77487493772, 0.038290168632],
      [0.018680816957, 0.00010900442004, 0.045642073854, 0.38255147892, 0.14257160609, 0.35649845675, 0.053946563021],
      [0.011685533099, 0.30080904145, 0.06606836249, 0.08898275314, 0.02731848264, 0.47888079292, 0.026255034263],
      [0.060977079786, 0.003863901067, 0.15290709316, 0.023083338109, 0.067000245601, 0.18383223753, 0.50833610474]
    ],
    [
      [0.39346240133, 0.030189881996, 0.030908707369, 0.00540965629, 0.0082496084168, 0.53171929392, 6.0450678424e-05],
      [0.067575891468, 0.00010651790117, 0.90886549723, 3.2408645956e-05, 0.00024431126116, 0.018375028272, 0.0048003452185],
      [0, 0.049109284814, 0.017721305726, 0.12096835822, 0.66949414784, 0.13568195532, 0.0070249480733],
      [0.052995760537, 0.023542461969, 0.028752138522, 0.072204044972, 0.053408871843, 0.74798638479, 0.021110337365],
      [0.032979723169, 0.00015504838328, 0.032832798713, 0.45383710364, 0.15698822148, 0.31049805901, 0.012709045606],
      [0.019486316023, 0.4080280873, 0.044910242917, 0.099202631522, 0.028368145059, 0.39416319862, 0.0058413785606],
      [0.17888798848, 0.0090783370562, 0.18270107932, 0.044966543821, 0.12172855128, 0.26453790009, 0.19809959996]
    ],
    [
      [0.21850666105, 0.041465151153, 0.052685297694, 0.0073099794673, 0.0093059171281, 0.67061279902, 0.00011419448278],
      [0.024029502916, 9.2715629607e-05, 0.95522874249, 2.7736699566e-05, 0.00017447822318, 0.014715543715, 0.0057312803227],
      [0.0011893516939, 0.055535557453, 0.025599311959, 0.13297773082, 0.62842365186, 0.13317011003, 0.023104286188],
      [0.033029260003, 0.022351838959, 0.03091939565, 0.074896901675, 0.044196403712, 0.76232178382, 0.032284416182],
      [0.014559806578, 0.00016691416767, 0.043889465049, 0.4770220279, 0.13830877385, 0.30724687651, 0.018806135941],
      [0.008336652657, 0.4215514115, 0.058148109727, 0.10158370532, 0.024267199353, 0.37773267232, 0.00838024913],
      [0.07553925169, 0.0094051469458, 0.23374402012, 0.045764587209, 0.10333195824, 0.25187313246, 0.28034190334]
    ],
    [
      [0.17424825307, 0.096598855016, 0.027012803566, 0.0031442972945, 0.0055986312112, 0.6932664959, 0.00013066393781],
      [3.6773754836e-06, 0.00017000953365, 0.99771710588, 6.4530270537e-07, 7.9756846638e-06, 0.0020845063781, 1.6079843322e-05],
      [0, 0.50814416477, 0, 0, 0.27375538422, 0.21810045102, 0],
      [0, 0, 0, 0, 0.15053467001, 0.84946532999, 0],
      [0.00030482267379, 0.003829549936, 0.0040250099737, 0.16337763943, 0.090809941949, 0.736883332, 0.00076970403724],
      [0, 0.99185583523, 0, 0, 0.0004426107696, 0.0077015539964, 0],
      [0.067967264193, 0.024868259134, 0.15677908785, 0.023381746432, 0.075035381417, 0.26319782658, 0.3887704344]
    ],
    [
      [0.17706443394, 0.03385842586, 0.024915901787, 0.0092794204488, 0.0152593284, 0.73924542098, 0.00037706858237],
      [0.037081474734, 0.00014476147571, 0.89485428579, 6.7416601335e-05, 0.00054805405241, 0.030938850587, 0.036365156755],
      [0, 0.030990250757, 0, 0.11659180183, 0.71003923177, 0.11543092287, 0.026947792786],
      [0.017717766952, 0.015535665742, 0, 0.090333016423, 0.069829277792, 0.71553689633, 0.091047376759],
      [0.0091984241693, 0.0024717592016, 0.0051721316413, 0.48895855619, 0.17912701436, 0.26608372419, 0.048988390239],
      [0.0067151997114, 0.35080064242, 0.02760014839, 0.12971741953, 0.0400126845, 0.41735547233, 0.027798433116],
      [0.037204750371, 0.0047010930692, 0.067713855676, 0.035621869846, 0.10400821251, 0.16962231594, 0.5811279026]
    ],
    [
      [0.23400342362, 0.02243852935, 0.036558543316, 0.0047506532422, 0.0092398568384, 0.69291450971, 9.4483918712e-05],
      [0.036319289556, 7.0812842773e-05, 0.93519316199, 2.5435757588e-05, 0.00024445028971, 0.021456321215, 0.0066905283531],
      [0.0030857840287, 0.029421383077, 0.019640245967, 0.09639217551, 0.68201236268, 0.14986142715, 0.019586621584],
      [0.036246063087, 0.012395659761, 0.021986767643, 0.04987079047, 0.044966977559, 0.80716306887, 0.027370672607],
      [0.018870482762, 0.000109326023, 0.036857717671, 0.37491532316, 0.16619501961, 0.38422163338, 0.018830497391],
      [0.011678634103, 0.29802384408, 0.052781001991, 0.08633919125, 0.031514071061, 0.51059352503, 0.0090697324834],
      [0.092712375664, 0.0058331929475, 0.18576708347, 0.03407954858, 0.11757653036, 0.29824811156, 0.26578315743]
    ],
    [
      [0.17508879443, 0.0255939433, 0.057906478494, 0.0055754427094, 0.011270375976, 0.72437031835, 0.00019464673708],
      [0.016571983709, 4.953407154e-05, 0.96097934195, 1.8334376148e-05, 0.00018324974366, 0.013690555145, 0.0085070010094],
      [0, 0.029643221891, 0.024821389696, 0.093465888495, 0.68821910659, 0.12986793804, 0.03398245529],
      [0.018054237369, 0.012966926568, 0.036744823017, 0.05554061656, 0.050395112688, 0.77435152605, 0.051946757752],
      [0.012038256803, 0.0001074315581, 0.050303723562, 0.3831150595, 0.17566922631, 0.34521141811, 0.033554884154],
      [0.0076547628873, 0.30607047112, 0.074064858646, 0.089946496403, 0.034102501153, 0.47159668585, 0.016564223948],
      [0.047990105096, 0.0046372515671, 0.20762557636, 0.027947451588, 0.10039410307, 0.2166160231, 0.39478948921]
    ],
    [
      [0.34208982903, 0.030374260729, 0.055582548618, 0.004705279041, 0.006789001727, 0.56030081739, 0.00015826346957],
      [0.035379143415, 6.3894878064e-05, 0.94537903329, 1.6794383259e-05, 0.0001197364331, 0.011568975087, 0.007472422519],
      [0, 0.054535968361, 0.030389555573, 0.11856094829, 0.60600363625, 0.15292535521, 0.037584536313],
      [0.057765044207, 0.020799768444, 0.037799890632, 0.056172869637, 0.037367762817, 0.73823367371, 0.051860990555],
      [0.029976839224, 0.00016092365591, 0.060922443219, 0.40397278584, 0.13277796326, 0.33788891172, 0.034300133079],
      [0.01643904558, 0.3890040779, 0.077309402349, 0.082415319438, 0.022314416603, 0.39787871112, 0.014639027013],
      [0.10990315301, 0.0064057174813, 0.22913572789, 0.02738484269, 0.070078046254, 0.19567665696, 0.36141585571]
    ],
    [
      [0.24906871909, 0.015503968844, 0.037562673161, 0.0029903703642, 0.0093002446866, 0.68552429743, 4.9726423799e-05],
      [0.034684621044, 4.4288318128e-05, 0.94274122598, 1.451236887e-05, 0.0002233069211, 0.019074893149, 0.0032171522146],
      [0.0030899534607, 0.016136758669, 0.026979103199, 0.048091449423, 0.74093299721, 0.16476973804, 0],
      [0.046155030404, 0.0089254802211, 0.023463067248, 0.032774586082, 0.047255841886, 0.83299490485, 0.0084310893106],
      [0.023044573625, 8.8460103575e-05, 0.044223645674, 0.28063009228, 0.19760969464, 0.44279914706, 0.011604386611],
      [0.013975364145, 0.24238118705, 0.062092409465, 0.062516850738, 0.036465822521, 0.57710188389, 0.0054664821958],
      [0.11207128183, 0.0046239112573, 0.2228134015, 0.024667853079, 0.13651231766, 0.33676312933, 0.16254810534]
    ]
  ],
  "expected_outcome": [
    [
      [16.4337038029, 2.6758099154, 0.33035176706, 54.4364007142, 11.7019112459, 28.2628337396, 7.7368002447, 0.42574682555, 4.1622827593, 39.593616842, 29.0828551793, 24.9063989837, 19.8682973751, 22.8520150553, 21.1135716149, 5.9739443323, 5.0029594181, 5.6705930633, 23.5233902611, 31.8651442295, 54.4158465145, 9.5544387575, 16.983670539, 32.4231366666, 8.4320567852, 6.0135894215, 11.9030125753, 51.0307770426, 9.4606396229, 28.1463481724, 20.4600448691, 32.1204791751, 0, 2.3018376412, 36.972540932, 4.7273974496, 59.1815404217, 7.7211302917],
      [4.075044204, 0.10676814634, 0, 3.6777074623, 1.2852522002, 4.8416090647, 0.78437987518, 0.041225512668, 0.71893479412, 4.5385462026, 3.7634235174, 2.1734139253, 3.6664059304, 3.5950273252, 3.4058792662, 0.51783436749, 0.44732272059, 1.0492808862, 4.2591843065, 4.9319995475, 4.3823732576, 1.0578077708, 2.6141311189, 7.7769198204, 0.068839755405, 1.6163661446, 1.4043032375, 5.515203861, 1.1804804913, 2.7161799483, 1.5698738638, 6.0953772195, 0, 0.44015953618, 3.5452876373, 0.69103646909, 5.2547471061, 0.48062303418],
      [2.4040962611, 0.10048641589, 0.040006016893, 5.9452977241, 0.8784651632, 5.136495149, 0.894401455, 0.030115707203, 2.5278342808, 4.8206327513, 3.9601177564, 5.6719750785, 2.9801383437, 3.5800497418, 2.5279220237, 2.2358169461, 0.96006701107, 2.2352938918, 3.7658877781, 7.153274827, 8.1287541525, 1.540614303, 3.1274230274, 9.2811671303, 0.0470634646, 1.0229673648, 1.2626026637, 8.4042088403, 3.0937022587, 5.4960568646, 1.6072527832, 7.744738761, 0, 0.32390672323, 5.7762498439, 1.5634749193, 9.6157809109, 1.164442868],
      [0.18893889837, 0.013074703165, 0.005591508536, 0.65498246844, 0.12282284438, 0.87914253004, 0.072316441826, 0.0097257461618, 0.12692325534, 1.2749122149, 0.738720456, 0.27680426311, 0.6663872997, 0.74754805721, 0.68629144185, 0.12607992118, 0.1887283967, 0.16918427616, 0.94799832237, 0.92098205445, 0.75341726374, 0.17873971963, 0.37446764085, 0.98076059345, 0.010308880384, 0.20619549126, 0.093373920678, 0.65419984218, 0.13359089204, 0.58788915013, 0.28130212708, 1.0745669817, 0, 0.12063246583, 0.75060321226, 0.15053695315, 0.8140132741, 0.09270148129],
      [0.53911069287, 0.050442391531, 0.021446769638, 1.3143481255, 0.3210303247, 1.2230705902, 0.18110044189, 0.023333136845, 0.29882432325, 1.3109026648, 0.97943565359, 0.61465160445, 1.250384561, 1.1638088632, 1.006165501, 0.29319897482, 0.17854410295, 0.38136327493, 1.3036138621, 1.3058734638, 1.1919545744, 0.26539164932, 0.95263960648, 1.7209801359, 0.0090548626614, 0.26460837488, 0.17089897038, 1.1037618675, 0.22962927944, 0.96185116014, 0.42897963767, 1.3679698178, 0, 0.1983712692, 1.4598973805, 0.30430015134, 1.1744972988, 0.28830758528],
      [37.350571402, 1.0534184277, 1.6026039379, 122.9568882783, 24.6874088358, 101.6466422245, 21.3290868778, 1.4689110443, 16.1600868425, 100.4493533665, 71.4615388251, 57.3438031248, 70.5579547024, 67.0446308463, 72.250162316, 21.8504346588, 20.2179349505, 25.4916580714, 77.1852656301, 106.8041310527, 84.1098355848, 23.3993794222, 63.938306959, 113.800467513, 2.3335609025, 34.8734515899, 18.1631944978, 115.2715925855, 29.8965410312, 78.0588300945, 27.6494032839, 98.580081456, 0, 9.6101904728, 109.480492535, 19.5579985955, 96.9320414082, 21.2512532205],
      [0.008534738711, 0, 0, 0.014375227161, 0.0031093858044, 0.010206701918, 0.0019146635975, 0.00094202725225, 0.0051137446407, 0.012035957965, 0.013908612154, 0.01295302015, 0.010431787722, 0.016920110938, 0.010007836326, 0.0026907992406, 0.0044434000973, 0.0026265362768, 0.0146598397, 0.01859482496, 0.017818652467, 0.0036283775017, 0.0093611082711, 0.016568140348, 0.09911534922, 0.0028216130524, 0.0026141347332, 0.020255960882, 0.0054164243511, 0.032844609861, 0.0031434352781, 0.016786588969, 0, 0.0049018915708, 0.014928459157, 0.0052554619012, 0.027379580236, 0.0015415191378]
    ],
    [
      [1.0995143645, 0, 0, 3.0000884043, 1.3097404958, 1.1478866284, 0.56677029588, 0.051978248127, 0.48652709351, 2.6615944992, 2.0126920546, 2.4066754254, 2.1282761086, 2.9213862957, 2.5762990731, 0.52581139284, 0.64208463689, 0.71610778034, 2.1119944786, 1.6380162276, 3.349035843, 0.89781915711, 1.7487280461, 2.100739863, 2.2552925982, 0.96902292096, 0.81496231822, 6.7621266177, 0.78460654191, 2.7928012771, 2.5678838758, 2.0665372508, 0, 0.51914064628, 3.9588025617, 0.39772760903, 8.2079612722, 1.0405386313],
      [0.0055616222576, 0, 0, 0.0041246176144, 0.0029585176912, 0.0039996619644, 0.0011829769394, 0.00012413319587, 0.0017127823402, 0.0062076704141, 0.0053061812602, 0.0042789512617, 0.007986713589, 0.0093457582398, 0.008451733606, 0.00093244674499, 0.0011734070907, 0.0026946111899, 0.0077785606684, 0.005155371725, 0.0054964713796, 0.0020358255523, 0.0054767634569, 0.010237658489, 0.0003860893972, 0.0052816685884, 0.0019935744186, 0.014855697287, 0.0019990777989, 0.0054826209906, 0.0040476802443, 0.0079735441462, 0, 0.00202666066, 0.0077185998622, 0.001188817717, 0.014823611711, 0.0013286495439],
      [28.1243821168, 0, 0, 54.26749389, 17.9638073691, 34.8255160838, 12.0505707884, 1.8408664723, 50.8534497468, 53.5966035102, 45.5400927646, 91.8975345711, 52.8203097702, 75.3426660805, 51.074766658, 33.974870572, 21.5709852647, 48.47957657, 55.873265004, 60.8120972097, 83.0944310386, 24.4971625905, 53.4737981109, 98.9079144496, 2.655333185, 28.6948130277, 15.8450844713, 182.9230465824, 43.5075523466, 90.1487673653, 34.5368888949, 82.1496718545, 0, 12.5279600011, 101.9360546564, 23.0635042067, 219.3279357222, 28.2822367795],
