{
  "X": [
    [0, 10, 116, 1],
    [0, 0, 17, 0],
    [8, 67, 124, 11],
    [16, 201, 260, 35],
    [1, 9, 103, 1],
    [8, 188, 353, 34],
    [7, 56, 103, 7],
    [15, 174, 305, 27],
    [14, 174, 408, 31],
    [9, 126, 226, 13],
    [11, 265, 435, 25],
    [1, 53, 122, 7],
    [9, 129, 286, 26],
    [6, 85, 170, 13],
    [5, 118, 222, 16],
    [15, 183, 687, 20],
    [4, 53, 119, 7],
    [3, 21, 85, 4],
    [1, 9, 35, 5],
    [15, 67, 270, 14],
    [0, 5, 43, 0],
    [13, 167, 294, 17],
    [0, 13, 32, 2],
    [0, 11, 59, 0],
    [3, 13, 184, 5],
    [7, 26, 95, 2],
    [1, 14, 86, 1],
    [14, 125, 156, 21],
    [10, 119, 352, 19],
    [3, 12, 69, 0],
    [1, 23, 56, 6],
    [10, 30, 85, 14],
    [2, 79, 63, 16],
    [5, 125, 105, 18],
    [0, 16, 100, 1],
    [2, 31, 58, 4],
    [7, 69, 86, 17],
    [2, 41, 123, 10],
    [3, 46, 110, 6],
    [23, 280, 185, 49],
    [15, 171, 181, 33],
    [38, 431, 260, 68],
    [14, 159, 76, 35],
    [35, 477, 170, 51],
    [18, 198, 83, 25],
    [7, 96, 15, 32],
    [72, 624, 341, 107],
    [35, 282, 249, 36],
    [13, 148, 141, 24],
    [53, 491, 434, 58],
    [42, 345, 418, 50],
    [63, 548, 436, 114],
    [66, 875, 555, 107],
    [47, 642, 446, 93],
    [43, 502, 301, 70],
    [24, 424, 200, 75],
    [6, 120, 108, 26],
    [33, 553, 612, 75],
    [34, 605, 372, 81],
    [53, 426, 894, 47],
    [9, 201, 327, 36],
    [18, 150, 311, 17],
    [8, 289, 272, 61],
    [45, 669, 1037, 111],
    [9, 120, 111, 15],
    [104, 575, 618, 105],
    [13, 90, 91, 10]
  ],
  "W": [
    [0, 11, 107, 5, 4],
    [0, 1, 15, 0, 1],
    [12, 55, 111, 13, 19],
    [25, 189, 207, 60, 31],
    [1, 8, 92, 7, 6],
    [15, 167, 296, 52, 53],
    [6, 51, 101, 6, 9],
    [15, 182, 253, 36, 35],
    [18, 186, 335, 40, 48],
    [14, 131, 168, 32, 29],
    [17, 264, 352, 65, 38],
    [5, 61, 96, 15, 6],
    [16, 127, 241, 23, 43],
    [9, 95, 137, 24, 9],
    [11, 115, 186, 22, 27],
    [16, 206, 601, 41, 41],
    [8, 46, 100, 13, 16],
    [6, 22, 75, 9, 1],
    [1, 9, 32, 2, 6],
    [15, 69, 230, 32, 20],
    [0, 5, 40, 1, 2],
    [18, 163, 245, 35, 30],
    [0, 15, 30, 1, 1],
    [0, 12, 52, 2, 4],
    [1, 14, 179, 1, 10],
    [4, 28, 84, 7, 7],
    [0, 14, 76, 3, 9],
    [15, 121, 138, 17, 25],
    [12, 132, 283, 38, 35],
    [4, 13, 62, 2, 3],
    [8, 22, 41, 10, 5],
    [8, 30, 78, 12, 11],
    [10, 75, 47, 12, 16],
    [7, 127, 79, 19, 21],
    [1, 18, 91, 7, 0],
    [5, 30, 50, 4, 6],
    [6, 66, 88, 6, 13],
    [1, 39, 107, 19, 10],
    [7, 43, 101, 7, 7],
    [25, 269, 150, 39, 54],
    [23, 159, 161, 17, 40],
    [53, 407, 214, 48, 75],
    [24, 153, 58, 20, 29],
    [23, 447, 131, 74, 58],
    [21, 181, 58, 30, 34],
    [7, 99, 12, 8, 24],
    [70, 604, 309, 47, 114],
    [50, 275, 206, 29, 42],
    [21, 140, 118, 22, 25],
    [66, 469, 362, 62, 77],
    [47, 314, 362, 59, 73],
    [62, 538, 355, 80, 126],
    [83, 822, 443, 131, 124],
    [53, 604, 393, 82, 96],
    [49, 465, 224, 88, 90],
    [32, 411, 146, 59, 75],
    [17, 112, 79, 23, 29],
    [44, 531, 493, 84, 121],
    [26, 584, 312, 64, 106],
    [75, 413, 784, 50, 98],
    [17, 178, 289, 51, 38],
    [26, 145, 266, 21, 38],
    [7, 285, 252, 36, 50],
    [78, 626, 862, 124, 172],
    [9, 115, 92, 17, 22],
    [99, 550, 548, 94, 111],
    [29, 75, 68, 15, 17]
  ],
  "method": "mvn_cdf",
  "mvncdf_method": "genz",
  "mvncdf_samples": 5000,
  "mvncdf_error": 1e-06,
  "cond_prob": [
    [
      [0.16147789143, 0.13528096422, 0.66202763706, 0.041213507289],
      [0, 0.82635251211, 0.15441691264, 0.019230575249],
      [0, 0, 1, 0],
      [0, 0.08919594292, 0.8730867112, 0.037717345885],
      [0, 0.11603566305, 0.73399510124, 0.14996923571]
    ],
    [
      [0.50017852734, 0.2021611347, 0.22037460547, 0.077285732496],
      [0, 0, 1, 0],
      [0, 0, 1, 0],
      [1.1513091446e-06, 9.4190140536e-05, 0.99978350468, 0.00012115387511],
      [0, 0, 1, 0]
    ],
    [
      [0.47194415252, 0.26224815955, 0.19870738078, 0.067100307152],
      [0.010210000585, 0.93760541727, 0.020179779495, 0.032004802655],
      [0.0030624461461, 0.015998330882, 0.97675817782, 0.0041810451537],
      [0.022375833426, 0.35240634625, 0.499528421, 0.12568939932],
      [0.060226462149, 0.31198036351, 0.29429454461, 0.33349862973]
    ],
    [
      [0.43563095981, 0.21523458308, 0.2557938382, 0.093340618904],
      [0.011145185875, 0.90430600072, 0.031232849555, 0.053315963847],
      [0.0014508757773, 0.011535101, 0.98267356602, 0.0043404572051],
      [0.019115621862, 0.25704870877, 0.56834296195, 0.15549270741],
      [0.050177976669, 0.22240686622, 0.3286496644, 0.39876549272]
    ],
    [
      [0.35809759792, 0.1317083259, 0.47774008309, 0.032453993088],
      [0.02095954595, 0.89586058181, 0.08317987224, 0],
      [0, 0, 1, 0],
      [0.039057111267, 0.11753767257, 0.833841828, 0.0095633881675],
      [0.033471042602, 0.14644055194, 0.66998802384, 0.15010038162]
    ],
    [
      [0.33647031173, 0.25901242304, 0.31758221019, 0.086935055048],
      [0.0026693587094, 0.92222151772, 0.033009783215, 0.042099340351],
      [0, 0.011179997626, 0.98493652761, 0.0038834747628],
      [0.012160611714, 0.26366608125, 0.60086669407, 0.12330661297],
      [0.035373785103, 0.24686612589, 0.37617646766, 0.34158362135]
    ],
    [
      [0.69528761172, 0.16692993721, 0.091566483458, 0.046215967613],
      [0.018986434314, 0.9325588684, 0.013450338258, 0.035004359032],
      [0.0045569749633, 0.022966744118, 0.96479784631, 0.0076784346052],
      [0.050393552504, 0.39240213131, 0.4053689658, 0.15183535038],
      [0.12192782148, 0.30709601608, 0.20975973063, 0.36121643181]
    ],
    [
      [0.5027332434, 0.13670898108, 0.29736584388, 0.063191931642],
      [0.01997246754, 0.87100242699, 0.053809528473, 0.055215576996],
      [0.0025459425447, 0.0057516587986, 0.98801435831, 0.0036880403496],
      [0.022933788858, 0.17116314188, 0.69549479316, 0.1104082761],
      [0.067264925543, 0.16599659393, 0.44973522726, 0.31700325326]
    ],
    [
      [0.40022228871, 0.13108281857, 0.40311512646, 0.065579766267],
      [0.016675310693, 0.85066510333, 0.073875976516, 0.058783609463],
      [0.0024670532432, 0.0044212513636, 0.98864050192, 0.0044711934742],
      [0.015030419416, 0.13244864705, 0.76003579007, 0.092485143458],
      [0.047223154194, 0.13828614495, 0.52931242388, 0.28517827698]
    ],
    [
      [0.34968660714, 0.13915507075, 0.46539738612, 0.045760935988],
      [0.016144668439, 0.86956859097, 0.078356406285, 0.035930334309],
      [0.0024214081422, 0.010451218214, 0.98712737364, 0],
      [0.012169690697, 0.12845159354, 0.80100123058, 0.058377485181],
      [0.041145147048, 0.14731337722, 0.61207962829, 0.19946184745]
    ],
    [
      [0.35072813543, 0.19411976019, 0.39643699262, 0.058715111763],
      [0.0098412604339, 0.90196090107, 0.052771731252, 0.035426107246],
      [0.00024427831724, 0.010353147999, 0.98940257368, 0],
      [0.012534820643, 0.18946752842, 0.71858813932, 0.079409511618],
      [0.040494200888, 0.20059444085, 0.50923418637, 0.2496771719]
    ],
    [
      [0.16823592874, 0.11685596925, 0.65035951688, 0.064548585127],
      [0.00024250772407, 0.81889165321, 0.11868660365, 0.062179235421],
      [0, 0.0070521789719, 0.98648594571, 0.0064618753164],
      [0.003680555458, 0.080793881431, 0.8532262192, 0.062299343908],
      [0.014803175542, 0.095735317568, 0.66787925277, 0.22158225412]
    ],
    [
      [0.35713842465, 0.18456265085, 0.37644783619, 0.081851088317],
      [0.010059585084, 0.8850404277, 0.051024113209, 0.053875874005],
      [0.0002587880022, 0.0073295478701, 0.98764781184, 0.0047638522913],
      [0.012841188101, 0.18183503169, 0.69286726006, 0.11245652014],
      [0.03838378291, 0.17902875587, 0.45436517696, 0.32822228425]
    ],
    [
      [0.37736439147, 0.12331297891, 0.42533910753, 0.073983522091],
      [0.016205532134, 0.83618239901, 0.07887840769, 0.06873366117],
      [0.0028149339831, 0.0037499580164, 0.9886849267, 0.004750181305],
      [0.013125204163, 0.11808472041, 0.76942624574, 0.099363829689],
      [0.04039378539, 0.12278641623, 0.52915938297, 0.30766041541]
    ],
    [
      [0.30846081819, 0.21444103947, 0.40423645186, 0.072861690489],
      [0.0045064967538, 0.90587153401, 0.04780224925, 0.04181971999],
      [0, 0.008668754264, 0.98813211423, 0.003199131505],
      [0.010140396927, 0.19789322151, 0.69822997733, 0.093736404226],
      [0.032059079292, 0.20369936995, 0.4778706525, 0.28637089826]
    ],
    [
      [0.40290627017, 0.10135375562, 0.45454769833, 0.041192275878],
      [0.021150132091, 0.82686487355, 0.10753263434, 0.044452360021],
      [0.0025196122748, 0.0037672743301, 0.9937131134, 0],
      [0.014559030662, 0.099206968208, 0.83012968713, 0.056104314],
      [0.050862566638, 0.11494044855, 0.64191745926, 0.19227952555]
    ],
    [
      [0.35047920554, 0.24161699606, 0.34868969608, 0.059214102316],
      [0.0075768618514, 0.92648226579, 0.036911863762, 0.029029008601],
      [0.00063633567446, 0.012667346746, 0.98669631758, 0],
      [0.012381886126, 0.24306203891, 0.66157849524, 0.082977579724],
      [0.038939538967, 0.25139616406, 0.45264903139, 0.25701526559]
    ],
    [
      [0.39068857231, 0.13901839805, 0.38400791947, 0.086285110169],
      [0.01510210155, 0.85487526687, 0.061949696121, 0.068072935457],
      [0.0022899803114, 0, 0.99052088534, 0.0071891343509],
      [0.012758759063, 0.13612488828, 0.73130456687, 0.11981178578],
      [0.037044977149, 0.13350974596, 0.46225166629, 0.36719361059]
    ],
    [
      [0.46578951296, 0.14127632026, 0.24532519319, 0.1476089736],
      [0.020490609274, 0.85377950551, 0.036397979893, 0.089331905327],
      [0.0046439695029, 0.0042285830901, 0.99112744741, 0],
      [0.0131528309, 0.16531089535, 0.57389287224, 0.24764340151],
      [0.029147052947, 0.11812861343, 0.26053815438, 0.59218617924]
    ],
    [
      [0.61188158655, 0.09144226333, 0.25209484498, 0.044581305141],
      [0.032467412642, 0.84473526826, 0.067602408938, 0.055194910161],
      [0.002279563303, 0.00016409145518, 0.99401696576, 0.003539379477],
      [0.033186297774, 0.14107609827, 0.72964067068, 0.096096933276],
      [0.099763182052, 0.13947281805, 0.47908037604, 0.28168362386]
    ],
    [
      [0.0020956602148, 0.17266514286, 0.80002837078, 0.025210826144],
      [0, 0.91335535075, 0.086644649247, 0],
      [0, 0, 1, 0],
      [0, 0.085628653064, 0.91437134694, 0],
      [0, 0.17379729658, 0.82620270342, 0]
    ],
    [
      [0.43651748843, 0.18285532692, 0.32765536264, 0.052971822008],
      [0.014256178182, 0.90585235445, 0.046304845235, 0.033586622129],
      [0.0020116556218, 0.0098867052291, 0.98810163915, 0],
      [0.018139483743, 0.20683600737, 0.69165183347, 0.083372675417],
      [0.056373020209, 0.21310557668, 0.47539326453, 0.25512813858]
    ],
    [
      [0.016730558938, 0.2118424593, 0.6242131359, 0.14721384587],
      [0, 0.85190073053, 0.072541815693, 0.075557453782],
      [0, 0, 0.98942791157, 0.010572088431],
      [0, 0.10800504488, 0.7787683446, 0.11322661052],
      [0, 0.11348399724, 0.45026707295, 0.43624892981]
    ],
    [
      [0.080481915172, 0.11601145644, 0.78185823466, 0.021648393728],
      [0, 0.85142611886, 0.14857388114, 0],
      [0, 0, 1, 0],
      [0, 0.062882632112, 0.93711736789, 0],
      [0, 0.16428032737, 0.83571967263, 0]
    ],
    [
      [0.73882496943, 0.057102697381, 0.16813402537, 0.035938307824],
      [0.041379481647, 0.82957265097, 0.064469687848, 0.064578179532],
      [0.0027907108531, 0, 0.99327457142, 0.0039347177258],
      [0.038616000931, 0.12842895698, 0.72073713429, 0.1122179078],
      [0.11437090439, 0.1200451232, 0.44124049261, 0.3243434798]
    ],
    [
      [0.8572851127, 0.033926492781, 0.099357140036, 0.0094312544794],
      [0.042958994027, 0.85985329585, 0.077283397976, 0.019904312144],
      [0, 0, 1, 0],
      [0.08217918648, 0.12929462151, 0.73746555087, 0.051060641137],
      [0.25610763015, 0.12619134206, 0.46805392006, 0.14964710773]
    ],
    [
      [0.40043011333, 0.11030502224, 0.46371430624, 0.025550558191],
      [0.029908753657, 0.87804521474, 0.092046031605, 0],
      [0, 0.0028015715656, 0.99719842843, 0],
      [0.0094141095552, 0.10208035436, 0.85624310679, 0.032262429291],
      [0.061448346681, 0.13202294351, 0.70617174179, 0.10035696801]
    ],
    [
      [0.58383899522, 0.17590782027, 0.16716008851, 0.073093095994],
      [0.017737719396, 0.906648445, 0.024449221937, 0.05116461367],
      [0.0030666686853, 0.013823559761, 0.97767420638, 0.0054355651714],
      [0.033869460045, 0.28791673661, 0.51129634682, 0.16691745653],
      [0.083886797014, 0.23418740328, 0.27692657765, 0.40499922205]
    ],
    [
      [0.3770735397, 0.10726799202, 0.46469315888, 0.050965309397],
      [0.018621192776, 0.82620061243, 0.10154169193, 0.053636502858],
      [0.0033747044646, 0.0028937603973, 0.99048069283, 0.0032508423044],
      [0.01322976854, 0.10094076137, 0.81878675319, 0.067042716896],
      [0.044552785976, 0.11427486086, 0.61714988757, 0.22402246559]
    ],
    [
      [0.50768774497, 0.079063420224, 0.41324883481, 0],
      [0.034376470812, 0.85968396955, 0.10593955964, 0],
      [0, 0, 1, 0],
      [0.036906659181, 0.084052686859, 0.87904065396, 0],
      [0.1495138604, 0.11324978042, 0.73723635917, 0]
    ],
    [
      [0.11694495041, 0.23915092597, 0.53099433861, 0.11290978501],
      [0, 0.8650781148, 0.062916954046, 0.072004931151],
      [0, 0, 0.98642562329, 0.013574376707],
      [0, 0.13724758318, 0.74630385824, 0.11644855858],
      [0.012888079344, 0.13651964695, 0.49227663294, 0.35831564077]
    ],
    [
      [0.78170783455, 0.066020759306, 0.078834277969, 0.073437128178],
      [0.047518037347, 0.8097674531, 0.02951137311, 0.11320313645],
      [0.00046051746271, 0.020309655077, 0.97922982746, 0],
      [0.069575979599, 0.19203031578, 0.43210677461, 0.30628693001],
      [0.1318149169, 0.11729940429, 0.17443424961, 0.57645142919]
    ],
    [
      [0.2, 0.33496219641, 0.31670163263, 0.14833617096],
      [0, 0.90731417697, 0.032020826985, 0.060664996047],
      [0, 0.010022130217, 0.98479083666, 0.0051870331257],
      [0, 0.27499311545, 0.53725736891, 0.18774951564],
      [0, 0.23942857861, 0.29369774375, 0.46687367764]
    ],
    [
      [0.37923574541, 0.21205981898, 0.31815568186, 0.090548753748],
      [0.0092164506533, 0.89961626892, 0.037759647475, 0.05340763295],
      [0.00084615983199, 0.00870089006, 0.98620537894, 0.0042475711642],
      [0.014194556577, 0.22321176051, 0.62927574335, 0.13331793956],
      [0.039919873689, 0.20647244522, 0.38623671131, 0.36737096978]
    ],
    [
      [0, 0.14466401539, 0.80739677114, 0.04793921347],
      [0, 0.84572418989, 0.11922206384, 0.035053746273],
      [0, 0, 0.99969346879, 0.00030653120768],
      [0, 0.090328652372, 0.86778577424, 0.041885573387],
      [0.010064430118, 0.11657935723, 0.7050864998, 0.16826971285]
    ],
    [
      [0.31204237085, 0.22596626143, 0.38886756556, 0.073123802163],
      [0.0065614822611, 0.91421544711, 0.039493556408, 0.03972951422],
      [0.00047280366875, 0.0067885815481, 0.98684661156, 0.005892003228],
      [0.0096388131462, 0.20627359873, 0.69067428704, 0.093413301085],
      [0.03012470698, 0.21319696787, 0.46097129234, 0.29570703281]
    ],
    [
      [0.62289117538, 0.18086225666, 0.068304145057, 0.1279424229],
      [0.018829721583, 0.8985434966, 0.0053698470935, 0.077256934726],
      [0.0099570930961, 0.043285942429, 0.93735848274, 0.009398481732],
      [0.03931143558, 0.35449685097, 0.2511932096, 0.35499850385],
      [0.069830655176, 0.20575474193, 0.09546611404, 0.62894848885]
    ],
    [
      [0.44025514949, 0.1768465977, 0.28927515447, 0.093623098344],
      [0.011918076358, 0.88607327624, 0.040123740601, 0.061884906803],
      [0.0033000750603, 0.0056195830988, 0.98596527997, 0.0051150618749],
      [0.016256286481, 0.20315399898, 0.62919695206, 0.15139276248],
      [0.043296239797, 0.18050742569, 0.36928719165, 0.40690914286]
    ],
    [
      [0.34140723153, 0.25601612783, 0.31941743841, 0.083159202238],
      [0.0064780756805, 0.92244740299, 0.031225318223, 0.039849203109],
      [8.6188424597e-05, 0.01008051475, 0.98479000349, 0.0050432933314],
      [0.011870782204, 0.25838967989, 0.61230487408, 0.11743466384],
      [0.034255945533, 0.24511271825, 0.38163782517, 0.33899351105]
    ],
    [
      [0.53684696816, 0.21188884017, 0.1601045443, 0.091159647369],
      [0.015140531294, 0.91361772524, 0.018164824252, 0.053076919218],
      [0.0034273332161, 0.018946552307, 0.97167492948, 0.0059511849932],
      [0.030117059206, 0.32279180887, 0.45350122243, 0.19358990949],
      [0.070691807154, 0.25016199103, 0.2346900291, 0.44445617272]
    ],
    [
      [0.45528060403, 0.25284696953, 0.18582185335, 0.10605057309],
      [0.010490687599, 0.91889055204, 0.018798165185, 0.051820595172],
      [0.0025630778789, 0.01906889229, 0.97241506653, 0.005952963299],
      [0.021832345024, 0.33119484512, 0.45317235706, 0.19380045279],
      [0.05191803438, 0.25951294751, 0.23686083317, 0.45170818495]
    ],
    [
      [0.49537468707, 0.24632988091, 0.16351871544, 0.094776716578],
      [0.012550296346, 0.92342323944, 0.015180116223, 0.04884634799],
      [0.0031581529211, 0.0215218642, 0.96884610057, 0.0064738823095],
      [0.026427298766, 0.35156378956, 0.43364644115, 0.18836247052],
      [0.062570878755, 0.27507356029, 0.22676141443, 0.43559414653]
    ],
    [
      [0.434483166, 0.24821123441, 0.16878616842, 0.14851943116],
      [0.011470305226, 0.9085361151, 0.015925661004, 0.064067918674],
      [0.0028691538298, 0.023462359031, 0.96807111949, 0.0055973676528],
      [0.020384663601, 0.31481274722, 0.39967578762, 0.26512680156],
      [0.042873900765, 0.21999424125, 0.18520224626, 0.55192961172]
    ],
    [
      [0.66343474575, 0.19108834911, 0.093700723963, 0.051776181184],
      [0.017864494192, 0.93822925359, 0.0067579049954, 0.03714834722],
      [0.0053483814627, 0.029657664973, 0.95843362673, 0.0065603268324],
      [0.05226765259, 0.41431946851, 0.37710059464, 0.15631228426],
      [0.12391599449, 0.32192580749, 0.19592846053, 0.3582297375]
    ],
    [
      [0.54756375231, 0.23959780653, 0.1466310623, 0.06620737886],
      [0.014446546734, 0.93586187044, 0.013326953758, 0.036364629071],
      [0.003610131017, 0.022414528351, 0.96879165846, 0.0051836821741],
      [0.031945549815, 0.38330209904, 0.4372492694, 0.14750308175],
      [0.079958298503, 0.31701005584, 0.2412110232, 0.36182062246]
    ],
    [
      [0.49447293286, 0.18948654277, 0.090884731403, 0.22515579296],
      [0.014183539487, 0.89324931939, 0, 0.092567141128],
      [0.0052240810452, 0.032541372709, 0.94362875548, 0.018605790767],
      [0.025106522895, 0.27126115638, 0.24602952512, 0.45760279561],
      [0.077957412709, 0.15338857741, 0.044667733895, 0.72398627598]
    ],
    [
      [0.63565780559, 0.1855807805, 0.09703867374, 0.081722740165],
      [0.019928979506, 0.91872093916, 0.0048701175591, 0.056479963777],
      [0.0057674091934, 0.029698359867, 0.95492198947, 0.0096122414707],
      [0.04701546157, 0.36727062901, 0.36024563818, 0.22546827123],
      [0.10065784081, 0.26020513466, 0.16897633414, 0.47016069039]
    ],
    [
      [0.5282653566, 0.19687373429, 0.20430116478, 0.070559744334],
      [0.01519137339, 0.91244537458, 0.027675429121, 0.044687822908],
      [0.0023374106528, 0.013043984275, 0.98057426131, 0.004044343759],
      [0.028166430498, 0.28350655609, 0.54692867464, 0.14139833878],
      [0.074065985926, 0.24583534259, 0.31702307995, 0.36307559154]
    ],
    [
      [0.45238322929, 0.23944009975, 0.21147920978, 0.096697461181],
      [0.010652551837, 0.91585752016, 0.023257179732, 0.050232748273],
      [0.0020249121818, 0.014999365603, 0.97767953913, 0.0052961830854],
      [0.02097143025, 0.304955434, 0.50225880332, 0.17181433242],
      [0.052331352997, 0.25091041576, 0.27548208566, 0.42127614559]
    ],
    [
      [0.55097424102, 0.20211315476, 0.18449244975, 0.062420154469],
      [0.015645907106, 0.92122666035, 0.024707564033, 0.038419868516],
      [0.0026411278144, 0.015591753546, 0.97832360745, 0.0034435111858],
      [0.031501599993, 0.3100237249, 0.52511157349, 0.13336310161],
      [0.082968599888, 0.26934470593, 0.30552710819, 0.342159586]
    ],
    [
      [0.57724857848, 0.19862694461, 0.16352992449, 0.060594552413],
      [0.016387606597, 0.92319563442, 0.022076690403, 0.038340068581],
      [0.0028733495765, 0.01726685107, 0.97569433821, 0.0041654611465],
      [0.035136442065, 0.32675702937, 0.49931895632, 0.13878757224],
      [0.090553502896, 0.27742245993, 0.28384717683, 0.34817686034]
    ],
    [
      [0.59967727181, 0.16512872243, 0.1496062421, 0.085587763652],
      [0.019687372201, 0.89579991643, 0.023131509638, 0.061381201729],
      [0.0031455589635, 0.017496978237, 0.97441965174, 0.0049378110633],
      [0.038186734079, 0.28253053361, 0.47501814258, 0.20426458973],
      [0.087750720201, 0.21434757305, 0.2409462939, 0.45695541284]
    ],
    [
      [0.50696353173, 0.24271817153, 0.17518369854, 0.07513459821],
      [0.012668882518, 0.92912250354, 0.01862935938, 0.03957925456],
      [0.0028135019869, 0.019595393934, 0.97277418902, 0.0048169150603],
      [0.027575637178, 0.35123537209, 0.46985389519, 0.15133509554],
      [0.069753351506, 0.29373468222, 0.26335962585, 0.37315234042]
    ],
    [
      [0.5272594214, 0.24426455347, 0.13995020683, 0.088525818305],
      [0.013548344016, 0.92769617185, 0.01195032958, 0.046805154558],
      [0.0039598265683, 0.025172457375, 0.96344015468, 0.0074275613738],
      [0.030524334188, 0.37758306634, 0.40138912981, 0.19050346966],
      [0.070967121206, 0.29032191336, 0.20644531809, 0.43226564734]
    ],
    [
      [0.53405687395, 0.22586685397, 0.16884823937, 0.071228032708],
      [0.014192906116, 0.92636128707, 0.019076132053, 0.040369674761],
      [0.0030333192221, 0.018758104719, 0.97338043102, 0.004828145042],
      [0.030296027418, 0.34314654991, 0.47589976108, 0.15065766159],
      [0.07651108793, 0.28639793132, 0.26599599271, 0.37109498804]
    ],
    [
      [0.44856418659, 0.24773470359, 0.1886107668, 0.11509034302],
      [0.010468124304, 0.9146257117, 0.019126154917, 0.055780009083],
      [0.0021392336572, 0.019353582365, 0.97269594799, 0.0058112359835],
      [0.021519656333, 0.31980725953, 0.45174214954, 0.2069309346],
      [0.050154121369, 0.24622760854, 0.23249614082, 0.47112212927]
    ],
    [
      [0.30417890697, 0.26761433385, 0.29975394701, 0.12845281217],
      [0, 0.90975906068, 0.031761584803, 0.05847935452],
      [0, 0.011340670441, 0.98402998449, 0.004629345069],
      [0.0098714713709, 0.2633958186, 0.55028751733, 0.17644519269],
      [0.020755680691, 0.22770774952, 0.3086863355, 0.44285023429]
    ],
    [
      [0.42665233452, 0.22215553405, 0.27889441193, 0.072297719504],
      [0.01074622549, 0.9154625412, 0.033564243605, 0.040226989706],
      [0.0011503673471, 0.011960664343, 0.98430800855, 0.0025809597558],
      [0.018594322985, 0.25952225274, 0.60432675611, 0.11755666817],
      [0.052826424077, 0.24312454855, 0.37916311397, 0.3248859134]
    ],
    [
      [0.54555501577, 0.22342980705, 0.15589133932, 0.075123837865],
      [0.014515757907, 0.92524015714, 0.017066477597, 0.043177607355],
      [0.0033055463879, 0.020300720058, 0.97079052907, 0.0056032044876],
      [0.031788856163, 0.35046422616, 0.45364462074, 0.16410229693],
      [0.078042921744, 0.28383998221, 0.24585001381, 0.39226708223]
    ],
    [
      [0.48429464467, 0.17168488305, 0.29433287133, 0.049687600957],
      [0.017451587211, 0.90393725247, 0.045186403071, 0.033424757246],
      [0.0020224343622, 0.010259259465, 0.98771830617, 0],
      [0.02254462616, 0.21301565387, 0.67834399229, 0.086095727678],
      [0.068954860038, 0.2153419019, 0.45892549519, 0.25677774288]
    ],
    [
      [0.35717196269, 0.29096573252, 0.24363842512, 0.10822387967],
      [0.0045852791837, 0.92552454931, 0.023031827555, 0.046858343947],
      [0, 0.016360516356, 0.97809706353, 0.005542420119],
      [0.01413534486, 0.32065869693, 0.49889576679, 0.16631019142],
      [0.03660511452, 0.2691692105, 0.28012489482, 0.41410078016]
    ],
    [
      [0.46476310615, 0.16992064757, 0.31665571347, 0.048660532806],
      [0.017134092906, 0.90260709563, 0.047920153905, 0.032338657559],
      [0.0022518715586, 0.0097377228731, 0.98801040557, 0],
      [0.020222339156, 0.20065059646, 0.69886261056, 0.080264453827],
      [0.063369705574, 0.20789835492, 0.48241174817, 0.24632019133]
    ],
    [
      [0.399536361, 0.26192805001, 0.17091877407, 0.16761681491],
      [0.0080892320123, 0.90466214096, 0.01667740963, 0.070571217397],
      [0.0017616677527, 0.028053543366, 0.96628876283, 0.0038960260565],
      [0.017587025007, 0.31711511637, 0.38343280784, 0.28186505078],
      [0.036414823511, 0.21704312717, 0.17484315046, 0.57169889886]
    ],
    [
      [0.38524478397, 0.22855189691, 0.30450142381, 0.081701895308],
      [0.0086446630754, 0.9112414378, 0.035529642188, 0.044584256935],
      [0, 0.011676309901, 0.98494299641, 0.0033806936885],
      [0.015548342134, 0.24819674086, 0.61277284465, 0.12348207236],
      [0.044252054304, 0.23194440102, 0.38373626332, 0.34006728136]
    ],
    [
      [0.53835760593, 0.20395473829, 0.19504648859, 0.062641167188],
      [0.015118285265, 0.92140099305, 0.025184956673, 0.03829576501],
      [0.0031367538863, 0.013160948944, 0.98001180652, 0.0036904906549],
      [0.027966661807, 0.3017232353, 0.54095522282, 0.12935488008],
      [0.075098369678, 0.26650867507, 0.31777211809, 0.34062083717]
    ],
    [
      [0.69858557928, 0.13564074142, 0.10540716458, 0.060366514721],
      [0.0248668952, 0.90039040361, 0.01895548634, 0.055787214849],
      [0.0016860870237, 0.022154964944, 0.96859835003, 0.0075605980003],
      [0.058532133489, 0.3068657223, 0.44442082828, 0.19018131593],
      [0.13276791941, 0.22856347683, 0.22136684273, 0.41730176103]
    ],
    [
      [0.39116368074, 0.2844877411, 0.2631055781, 0.061243000059],
      [0.0072878106684, 0.94056868759, 0.026747481974, 0.025396019765],
      [0.00083451974082, 0.015204939778, 0.98319319916, 0.00076734132176],
      [0.016274670204, 0.32472424877, 0.56078281706, 0.09821826397],
      [0.047576474289, 0.31190613544, 0.35852925225, 0.28198813803]
    ]
  ],
  "expected_outcome": [
    [
      [0, 0, 5.6633298302, 10.8907739954, 0.35809759792, 5.0470546759, 4.1717256703, 7.540998651, 7.2040011967, 4.8956125, 5.9623783023, 0.84117964371, 5.7142147943, 3.3962795232, 3.393069, 6.4465003228, 2.8038336443, 2.3441314338, 0.46578951296, 9.1782237982, 0, 7.8573147917, 0, 0, 0.73882496943, 3.4291404508, 0, 8.7575849284, 4.5248824765, 2.0307509799, 0.93555960328, 6.2536626764, 2, 2.6546502179, 0, 1.5602118543, 3.7373470523, 0.44025514949, 2.3898506207, 13.4211742041, 10.4714538927, 26.2548584148, 10.4275959841, 15.2589991522, 11.4988387986, 3.46131053, 44.4960463913, 26.4132678299, 9.500047815, 36.3642999075, 27.1306831886, 37.1799908524, 42.0779731333, 27.9447493339, 26.1687868237, 14.3540539709, 5.1710414184, 18.7727027188, 14.1844304099, 36.32209835, 6.0719233657, 12.0838407599, 2.796754527, 30.0490931499, 4.8452184534, 69.1599723486, 11.3437467415],
      [0, 0, 3.1469779146, 5.3808645771, 0.1317083259, 3.8851863456, 1.0015796232, 2.0506347162, 2.3594907342, 1.9481709905, 3.3000359232, 0.58427984626, 2.9530024136, 1.1098168102, 2.3588514341, 1.6216600898, 1.9329359685, 0.83411038831, 0.14127632026, 1.37163395, 0, 3.2913958846, 0, 0, 0.057102697381, 0.13570597113, 0, 2.6386173041, 1.2872159043, 0.3162536809, 1.9132074077, 0.52816607444, 3.3496219641, 1.4844187329, 0.14466401539, 1.1298313071, 1.08517354, 0.1768465977, 1.7921128948, 5.2972210042, 5.8154802992, 13.0554836881, 5.9570696259, 4.3950320295, 5.0315539371, 1.3264057994, 12.9906546353, 9.8436867143, 5.0282420947, 13.3394682142, 9.3354663969, 10.2379807909, 20.1456082367, 12.9460213338, 11.0674758445, 7.9275105148, 4.5494436754, 9.774843498, 5.8091749833, 12.8763662285, 4.9464174529, 4.4179368368, 1.8334963501, 17.8270479591, 1.8355926446, 13.4284334007, 8.2501444918],
      [0, 0, 2.3844885693, 6.3948459549, 0.47774008309, 4.7637331528, 0.54939890075, 4.4604876581, 7.2560722762, 6.5155634056, 6.7394288746, 3.2517975844, 6.023165379, 3.8280519678, 4.4466009705, 7.2727631733, 2.7895175687, 2.3040475168, 0.24532519319, 3.7814226747, 0, 5.8977965276, 0, 0, 0.16813402537, 0.39742856014, 0, 2.5074013276, 5.5763179065, 1.6529953392, 4.2479547089, 0.63067422376, 3.1670163263, 2.227089773, 0.80739677114, 1.9443378278, 0.40982487034, 0.28927515447, 2.2359220688, 4.0026136075, 4.2739026271, 8.6664919185, 4.0508680422, 2.1551166511, 3.0792523083, 0.63619311982, 6.7927071618, 10.2150582391, 4.4410634055, 12.1765016833, 7.6859064511, 9.2755870102, 14.5402469786, 7.4173609621, 8.2735637291, 6.0355445375, 5.0958170992, 12.271354125, 4.0531748223, 22.0749653498, 4.141853227, 8.2330485503, 1.1964314185, 23.751111057, 1.7554183973, 10.4353092934, 7.630061765],
      [0, 0, 0.80520368582, 2.3335154726, 0.032453993088, 1.3040258257, 0.27729580568, 0.94787897463, 1.1804357928, 0.64065310383, 0.99815689997, 0.32274292563, 1.3096174131, 0.66585169882, 0.80147859537, 0.65907641405, 0.47371281853, 0.51771066101, 0.1476089736, 0.66871957711, 0, 0.95349279614, 0, 0, 0.035938307824, 0.037725017918, 0, 1.0963964399, 0.61158371277, 0, 0.90327828008, 0.58749702542, 1.4833617096, 0.63384127623, 0.04793921347, 0.36561901082, 0.76765453741, 0.093623098344, 0.58211441567, 2.2789911842, 2.4391631811, 5.0231659786, 3.5644663479, 1.1908521672, 1.3903549561, 1.5760905507, 5.7205918115, 3.5279872167, 2.0306466848, 4.119730195, 2.8479439634, 5.3064413464, 6.2361716514, 4.6918683702, 3.4901736027, 3.6828909767, 2.1836978069, 3.1810996582, 1.9532197845, 3.7265700718, 1.8398059544, 1.265173853, 1.1733177044, 6.372747834, 0.5637705047, 5.9762849573, 1.7760470017]
    ],
    [
      [0, 0, 0.56155003215, 2.1064401303, 0.1676763676, 0.44578290447, 0.96830815002, 3.6349890923, 3.1016077889, 2.1149515655, 2.5980927546, 0.014792971168, 1.2775673057, 1.5395255527, 0.51824712669, 4.3569272108, 0.34853564517, 0.3322462341, 0.18441548347, 2.2402514723, 0, 2.3237570437, 0, 0, 0.57931274306, 1.2028518328, 0.4187225512, 2.1462640469, 2.4579974464, 0.44689412056, 0, 1.4255411204, 0, 1.170489233, 0, 0.19684446783, 1.2427616245, 0.46480497795, 0.27855725426, 4.0728029182, 1.6680193282, 5.1079706127, 1.7549566996, 7.985428904, 2.6148249589, 1.4041704092, 12.0371036216, 4.1776276822, 1.4913572571, 7.3379304327, 5.1457084715, 10.5918062439, 10.4138214294, 8.1831997855, 6.5997013441, 4.3023990889, 0, 5.706245735, 8.4772026178, 7.2075055183, 0.8161796947, 2.4844434714, 2.3054311235, 5.4115590852, 1.7386028054, 13.6767923599, 0.54658580013],
      [9.0898776332, 0, 51.5682979496, 170.9138341368, 7.1668846545, 154.0109934601, 47.5605022882, 158.5224417124, 158.2237092191, 113.9134854168, 238.1176778819, 49.9523908456, 112.4001343181, 79.4373279056, 104.1752264108, 170.3341639508, 42.6181842261, 18.8072558712, 7.6840155496, 58.2867335099, 4.5667767538, 147.653933776, 12.7785109579, 10.2171134263, 11.6140171136, 24.0758922839, 12.2926330063, 109.7044618446, 109.058480841, 11.1758916041, 19.0317185257, 24.2930235929, 68.0485632726, 114.2512661531, 15.223035418, 27.4264634133, 59.3038707754, 34.5568577733, 39.6652383285, 245.7631680885, 146.1035977749, 375.8332584525, 139.0060256096, 419.3884763555, 169.3909985489, 88.4316826191, 554.9074472513, 250.9224780098, 128.2200528222, 432.0553037019, 289.8834292076, 481.940355041, 763.7386979121, 560.3284877954, 430.7579984874, 375.9111675072, 101.8930147958, 486.1106093767, 540.3402517698, 373.3260852708, 164.743369778, 130.8780288663, 257.8287101738, 570.4371400641, 105.9611142011, 495.214721986, 70.5426515694],
      [1.698586039, 1, 1.1098878722, 5.9030085658, 0.66543897792, 5.5126337969, 0.68596725114, 9.793334182, 13.7409316319, 10.2646892233, 13.9317370507, 7.2398828226, 6.4800623776, 7.4934487305, 5.4972586638, 22.1517226741, 1.697945733, 1.3628933147, 0.32758181904, 4.6645662167, 0.43322324623, 7.5476897733, 1.0881272354, 1.7828865737, 0.90257562987, 2.1639351433, 1.2886444425, 2.9583558544, 13.4035033354, 1.3772142753, 1.384172989, 0.88534119331, 2.4015620239, 4.7954752293, 2.1459971491, 1.1848066922, 0.35440990817, 1.5648258834, 1.3426886836, 4.8863377237, 2.9889082645, 6.1783073028, 2.4366261336, 3.0207835329, 2.4121786302, 0, 2.9415510057, 7.6107430082, 3.2560051625, 11.5878475314, 6.9320807866, 12.4447521851, 15.3133334101, 7.2179990662, 8.8704014048, 7.8608496709, 3.557297498, 17.8226133542, 9.9668229169, 18.6619844683, 4.0996653047, 6.9484223162, 4.7530617445, 22.2415560094, 2.8962700174, 10.4255174872, 2.0060611481],
      [0.21153632774, 0, 1.760264146, 10.0767171671, 0, 7.0305898386, 1.7852223106, 10.0492350133, 10.9337513601, 4.7068737945, 9.3524923129, 3.7929333607, 6.8422359986, 6.5296978112, 4.8092677988, 9.1571861643, 1.3353343956, 1.49760458, 0.80398714794, 3.8084488011, 0, 5.474619407, 1.1333618067, 0, 0.90409451345, 0.55732074005, 0, 6.1909182541, 7.0800183772, 0, 1.5841084853, 3.3960940934, 4.5498747036, 6.7827693846, 0.63096743292, 1.1918854266, 5.0989576919, 2.4135113653, 1.7135157337, 14.2776912696, 8.2394746324, 19.880463632, 9.8023915572, 16.6053112075, 6.5819978619, 9.1641469716, 34.1138981214, 12.2891512997, 7.0325847582, 18.0189183339, 12.0387815343, 33.02308653, 32.5341472484, 28.2703133529, 18.7718987637, 22.925583733, 6.5496877063, 21.3605315341, 25.2157226955, 13.8044247426, 8.3407852225, 4.6891053461, 20.1127969582, 27.9097448412, 4.4040129761, 30.6829681669, 1.9047014824]
    ],
    [
      [0, 0, 0.33993152222, 0.30033128589, 0, 0, 0.4602544713, 0.6441234638, 0.82646283647, 0.40679656789, 0.08598596767, 0, 0.06236790853, 0.38564595568, 0, 1.5142869772, 0.063633567446, 0.17174852336, 0.14860702409, 0.52429955968, 0, 0.49285562735, 0, 0, 0.4995372427, 0, 0, 0.42320027857, 0.95504136348, 0, 0, 0.035920362092, 0, 0.066846626727, 0, 0.023640183437, 0.87622419246, 0.35310803145, 0.0087050308843, 0.51409998241, 0.41265553851, 0.67584472511, 0.16641092213, 0.70063797162, 0.20938759898, 0.062688972543, 1.7821294408, 0.48150659448, 0.23893963745, 0.95608826882, 1.0401525467, 1.116673432, 1.2463813802, 1.5562118413, 0.67946350576, 0.31232811395, 0, 0.56713110211, 1.031330473, 1.58558854, 0, 0.59899783459, 0.44394027368, 0, 0.28858135754, 0.92397568901, 0.056747342376],
      [0, 0, 1.7758147279, 2.3877659069, 0, 3.3092792973, 2.3196411559, 1.455169676, 1.4811192068, 1.75580466, 3.6443080956, 0.6770091813, 1.7664210367, 0.51374424824, 1.6123882931, 2.2641318724, 1.2667346746, 0, 0.13531465888, 0.03774103469, 0, 2.4222427811, 0, 0, 0, 0, 0.21291943899, 1.907651247, 0.81893419244, 0, 0, 1.584153096, 0.47104012019, 0.68737031474, 0, 0.33942907741, 3.8091629337, 0.60129539158, 1.0181319898, 2.8419828461, 3.0700916586, 4.6056789389, 1.3608168238, 3.8851541114, 1.3000426444, 0.39049647251, 9.1767931988, 2.6870607607, 1.7699251411, 5.6442147835, 6.2506000875, 6.2114272743, 8.6807595126, 9.8927757482, 4.2018154571, 2.8256230252, 0.89591296486, 5.8966075212, 6.3338246581, 8.0432594208, 4.7281892268, 2.5902342842, 7.0694929282, 10.0649791345, 1.2108073028, 12.1409207891, 1.0339359049],
      [107, 15, 108.4201577379, 203.4134281657, 92, 291.5412121729, 97.4445824776, 249.9676326517, 331.1945681429, 165.8373987721, 348.2697059368, 94.7026507883, 238.0231226526, 135.4498349573, 183.792573247, 597.2215811504, 98.669631758, 74.2890664003, 31.716078317, 228.6239021259, 40, 242.0849015915, 29.6828373471, 52, 177.7961482844, 84, 75.787080561, 134.9190404808, 280.3060360719, 62, 40.443450555, 76.3799265419, 46.2851693229, 77.9102249366, 90.9721056601, 49.3423305778, 82.4875464814, 105.4982849564, 99.4637903528, 145.7512394225, 156.5588257117, 207.3330655218, 56.1481249302, 125.5548051019, 56.1899161906, 11.3235450657, 295.070894746, 201.9982978305, 115.3661856174, 354.1531458984, 353.2013504308, 345.9189763662, 430.9389657355, 378.6319807906, 218.0372165477, 142.0136084072, 77.7383687747, 485.263848217, 302.8866450688, 774.3711520392, 282.6700513588, 262.8107678812, 243.5047682319, 849.020862906, 90.1610861994, 530.7918958178, 66.8571375428],
      [0, 0, 0.46409601206, 0.89847464145, 0, 1.1495085298, 0.77552189513, 0.93307420846, 1.4978498139, 0, 0, 0.62034003037, 1.1480884022, 0.65077483878, 0.59503845993, 0, 0, 0.53918507631, 0, 0.8140572797, 0, 0, 0.31716265294, 0, 0.70431447291, 0, 0, 0.75010799365, 0.91998837213, 0, 0.55654944497, 0, 0.24379055691, 0.33555812198, 0.027894339899, 0.2946001614, 0.82706639242, 0.54731162061, 0.50937262647, 0.89267774897, 0.95842709113, 1.3854108142, 0.32464732386, 0.85940281505, 0.3006535661, 0.2232694892, 2.9701826144, 0.83313481435, 0.62494960408, 1.2465510492, 1.507896935, 1.7529229275, 2.1338933717, 2.9190316199, 1.0815044894, 0.84844045359, 0.36571826045, 1.2724131596, 1.7481998001, 0, 1.6017594144, 0, 0.98179856624, 2.9141579595, 0.33952514025, 4.1432077042, 0.05217920988]
    ],
    [
      [0, 0, 0.29088583454, 1.1469373117, 0.27339977887, 0.63235180914, 0.30236131502, 0.8256163989, 0.60121677662, 0.38943010229, 0.81476334177, 0.055208331871, 0.29534732631, 0.31500489991, 0.2230887324, 0.59692025712, 0.16096451964, 0.11482883157, 0.026305661799, 1.0619615288, 0, 0.634881931, 0, 0, 0.038616000931, 0.57525430536, 0.028242328666, 0.57578082077, 0.50273120454, 0.073813318361, 0, 0.83491175519, 0, 0.26969657495, 0, 0.038555252585, 0.23586861348, 0.30886944314, 0.083095475427, 1.174565309, 0.37114986541, 1.2685103408, 0.40769327202, 3.8678062917, 0.95836649444, 0.20085218316, 2.2097266938, 0.81682648444, 0.4613714655, 1.9530991995, 2.0730500818, 3.0549387263, 3.6124084703, 2.5029954034, 2.6660504127, 1.2696597236, 0.22704384153, 1.5619231307, 2.0344867944, 1.127231308, 0.72090258784, 0.42466912228, 0.63313290025, 1.9279944246, 0.47543325072, 5.5020205479, 0.24412005306],
      [0.4459797146, 0, 4.5812825013, 15.4229225265, 0.82276370799, 13.710636225, 2.3544127879, 6.1618731076, 5.2979458821, 4.1104509934, 12.315389347, 1.2119082215, 4.1822057289, 2.8340332899, 4.3536508733, 4.0674856965, 3.1598065058, 1.2251239945, 0.3306217907, 4.5144351445, 0.085628653064, 7.2392602579, 0.10800504488, 0.12576526422, 0.12842895698, 0.90506235057, 0.30624106309, 4.8945845223, 3.835748932, 0.16810537372, 1.3724758318, 2.3043637894, 3.2999173854, 4.2410234497, 0.6323005666, 0.82509439492, 2.1269811058, 3.8599259805, 1.8087277592, 12.5888805458, 5.6303123671, 16.8750618991, 6.2962549443, 30.6596406694, 11.4990629711, 2.170089251, 17.2617195636, 8.2216901266, 6.709019548, 19.2214709441, 19.278664733, 22.602442689, 46.0118337437, 30.9618114397, 30.1968963922, 18.8686283125, 6.0581038279, 21.79986923, 22.4297104745, 10.6507826936, 16.3535935432, 4.2136625256, 11.4161441894, 30.7763958664, 5.129295, 28.845377896, 4.8708637315],
      [4.365433556, 0, 6.493869473, 34.1005777171, 5.836892796, 31.2450680916, 2.4322137948, 25.0378125539, 30.401431603, 25.6320393786, 46.7082290561, 12.798393288, 15.9359469815, 18.4662298977, 15.3610595014, 34.0353171723, 8.6005204381, 6.5817411019, 1.1477857445, 23.3485014619, 0.91437134694, 24.2078141716, 0.7787683446, 1.8742347358, 0.72073713429, 5.1622588561, 2.5687293204, 8.6920378959, 31.1138966214, 1.7580813079, 7.4630385824, 5.1852812953, 6.4470884269, 11.9562391236, 6.0745004197, 2.7626971482, 1.5071592576, 11.9547420892, 4.2861341185, 17.6865476749, 7.70393007, 20.815029175, 7.9935157525, 27.9054440035, 13.1174780821, 1.968236201, 16.9315449947, 15.8609315645, 11.0496936731, 32.5569175563, 29.4598184227, 38.0014514067, 61.5508602699, 32.9139086446, 41.8791789748, 26.6527868226, 12.6566128986, 50.7634475129, 29.0332557277, 33.9171996145, 25.4436841064, 14.6761148218, 13.8035810822, 75.983832737, 9.1962387879, 41.7755578586, 8.4117422559],
