{
  "Z_true": {},
  "V_true": [
    [45, 714, 37, 42, 97, 1831, 323, 46],
    [26, 16, 722, 35, 176, 148, 793, 34],
    [185, 141, 313, 198, 1026, 473, 9379, 209],
    [96, 228, 54, 105, 246, 5534, 290, 79],
    [61, 77, 47, 1073, 287, 893, 547, 62],
    [685, 37, 16, 38, 145, 765, 520, 50],
    [41, 42, 105, 37, 553, 187, 603, 316]
  ],
  "p_true": [
    [0.0144, 0.2278, 0.0118, 0.0134, 0.0309, 0.5841, 0.103, 0.0147],
    [0.0133, 0.0082, 0.3703, 0.0179, 0.0903, 0.0759, 0.4067, 0.0174],
    [0.0155, 0.0118, 0.0262, 0.0166, 0.086, 0.0397, 0.7866, 0.0175],
    [0.0145, 0.0344, 0.0081, 0.0158, 0.0371, 0.8344, 0.0437, 0.0119],
    [0.02, 0.0253, 0.0154, 0.3521, 0.0942, 0.2931, 0.1795, 0.0203],
    [0.3036, 0.0164, 0.0071, 0.0168, 0.0643, 0.3391, 0.2305, 0.0222],
    [0.0218, 0.0223, 0.0557, 0.0196, 0.2935, 0.0993, 0.3201, 0.1677]
  ],
  "Z_est": [
    [
      [0.0598, 0.1329, 0.7289, 1.1211, 0.1877, 0.1977, 1.6695, 1.6406, 0.6921, 1.5389, 0.2829, 0.5038, 0.1463, 0.1787, 0.0743, 0.5406, 0.8545, 0.9742, 0.375, 0.5367, 0.8493, 1.7098, 0.871, 2.3905, 0, 0.0498, 0.0076, 1.2583, 0.0229, 1.2379, 0.0055],
      [0.6271, 6.4035, 21.1156, 23.2195, 11.5101, 8.2372, 17.1616, 27.6719, 14.5445, 28.3866, 8.3734, 14.3071, 4.2933, 1.0093, 2.3212, 12.2238, 17.4593, 31.9075, 4.6579, 8.5848, 17.589, 28.136, 13.9898, 36.2221, 0, 1.3223, 0.4181, 23.8473, 1.4861, 40.765, 4.6985],
      [0.2848, 2.1312, 9.4977, 8.0258, 4.4232, 3.1526, 7.7159, 6.8145, 6.8825, 10.5013, 2.413, 4.0525, 1.2999, 0.4655, 0.7545, 4.4953, 4.3895, 5.9441, 1.2484, 2.663, 5.2094, 6.2531, 5.6578, 9.8552, 0, 0.0807, 0.1401, 8.1951, 0.5836, 19.7499, 2.7602],
      [0.0522, 0.071, 0.4009, 0.3651, 0.1414, 0.0557, 1.6302, 1.9592, 0.8734, 1.7848, 0.0492, 0.209, 0.0567, 0.1335, 0.0874, 0.195, 0.3304, 0.568, 0.1155, 0.5989, 1.2946, 1.7117, 0.8625, 3.3103, 0, 0.1418, 0.0072, 1.8553, 0.0091, 0.3511, 0.0099],
      [0, 0.9908, 3.9874, 3.7752, 2.1105, 1.4339, 5.1848, 4.4955, 2.885, 6.4362, 1.1211, 1.7621, 0.4792, 0.3501, 0.1605, 1.1802, 3.9179, 8.4037, 0.5935, 1.7992, 3.273, 5.2775, 3.7938, 9.973, 0, 0.141, 0.0307, 5.4065, 0.2472, 3.6405, 0.3438],
      [4.8024, 24.1024, 120.3285, 100.4851, 55.933, 35.5602, 176.1887, 174.0923, 91.7423, 171.0788, 35.9372, 51.8627, 27.3433, 4.6282, 3.3547, 55.0336, 80.3438, 137.7917, 34.1488, 67.4988, 104.8572, 134.1224, 108.1651, 194.7376, 0, 5.2187, 4.3542, 154.9552, 9.5635, 162.7083, 26.4211],
      [0.1738, 1.1082, 4.4654, 3.6553, 2.5204, 2.1422, 3.592, 2.4697, 1.7524, 4.1897, 0.6559, 1.0395, 0.2871, 0.1364, 0.2094, 0.9927, 1.9741, 5.5597, 0.4368, 1.0032, 3.1568, 3.0072, 1.6522, 3.3642, 0, 0.0232, 0.036, 5.6279, 0.0693, 5.0738, 0.6485],
      [0, 0.0601, 0.4756, 0.353, 0.1738, 0.2205, 0.8573, 0.8564, 0.6278, 2.0838, 0.1673, 0.2649, 0.0943, 0.0985, 0.0379, 0.3389, 0.7305, 0.8509, 0.424, 0.3155, 0.7705, 0.7822, 1.0078, 1.1519, 0, 0.0226, 0.0061, 0.8619, 0.0184, 1.4737, 0.1125]
    ],
    [
      [0, 0.2211, 1.0446, 1.3968, 0.1872, 0.3891, 1.0984, 1.0698, 0.5159, 1.2101, 0.2542, 0.6299, 0.1937, 0.1586, 0.063, 0.4805, 0.7852, 1.1045, 0.2066, 0.413, 0.5874, 1.1375, 0.5881, 1.7095, 0.004, 0.0432, 0.0066, 0.8464, 0.034, 2.0928, 0.005],
      [0, 6.234, 18.1181, 16.6146, 8.6038, 4.9879, 10.5887, 13.421, 8.6846, 18.1206, 4.1698, 10.9808, 2.6518, 0.8719, 1.414, 6.6655, 9.4131, 14.8805, 2.0174, 6.0771, 9.7627, 10.8469, 8.1175, 17.3222, 0.2847, 1.121, 0.3574, 12.0269, 1.6223, 35.5605, 4.023],
      [0, 13.1758, 52.8875, 38.9646, 21.954, 13.1613, 33.6893, 22.6489, 25.3576, 47.3683, 10.7667, 21.8908, 8.0976, 2.2428, 2.8086, 19.8159, 19.7506, 23.7676, 6.0062, 13.9741, 20.1967, 20.1301, 22.1253, 33.2111, 0, 0.4355, 1.6179, 29.2611, 5.3259, 99.9655, 11.9764],
      [0, 0.1309, 0.4371, 1.2371, 0.0664, 0.3416, 1.5703, 1.9603, 0.8959, 1.8819, 0.0682, 0.2877, 0.1107, 0.1385, 0.0449, 0.2269, 0.7337, 1.5016, 0.1387, 0.6122, 1.2747, 0.8108, 0.8672, 3.1425, 0, 0.1178, 0.0018, 1.8184, 0.0044, 1.7703, 0.003],
      [0, 1.1103, 4.3139, 3.2176, 1.889, 1.1469, 3.0184, 2.1076, 1.8384, 4.3916, 0.7043, 1.6899, 0.4261, 0.3156, 0.1417, 0.8735, 2.0512, 3.5102, 0.2936, 1.3124, 1.9256, 1.6473, 2.0318, 3.7202, 0.0252, 0.1047, 0.0355, 2.8455, 0.4247, 4.6826, 0.4139],
      [0, 2.7584, 24.583, 11.793, 10.3363, 3.1894, 30.1279, 22.218, 12.9729, 26.3443, 3.2197, 6.3203, 3.0355, 0.8103, 0.7109, 5.6363, 7.1834, 10.587, 2.7627, 16.9114, 14.1389, 9.693, 14.8571, 20.9426, 0.1348, 1.4637, 1.235, 16.8471, 3.7379, 28.5528, 7.2013],
      [0, 16.2999, 58.7326, 38.6271, 25.9348, 14.1395, 28.9442, 18.1417, 14.7584, 37.9753, 6.6738, 15.6989, 5.5809, 2.0628, 1.6276, 10.738, 19.9311, 38.3213, 4.5619, 13.3952, 20.7383, 14.8877, 13.6183, 25.7284, 0.5514, 0.6455, 2.5342, 33.6288, 5.2932, 62.2085, 7.3964],
      [0, 1.0697, 4.8833, 3.1492, 2.0286, 1.6444, 2.9626, 2.4328, 1.976, 6.7078, 1.1432, 2.503, 0.9036, 0.3995, 0.1894, 1.5636, 3.1517, 4.3273, 1.0127, 1.3046, 2.3756, 1.8465, 2.7946, 3.2255, 0, 0.0688, 0.2116, 2.6746, 0.5577, 11.1672, 0.981]
    ],
    [
      [0.5424, 6.6889, 15.9106, 16.4381, 7.4651, 5.9886, 8.0286, 8.8918, 4.292, 10.8454, 7.8728, 14.0912, 6.2854, 0.8147, 0.242, 10.6847, 12.8992, 15.2701, 7.563, 3.0517, 5.3765, 10.6189, 5.1585, 14.9133, 0.4419, 0.5386, 2.1387, 7.3485, 2.5312, 19.5083, 0.3151],
      [0.1739, 3.5333, 7.781, 7.3665, 5.6181, 3.6453, 3.1773, 5.8004, 3.6416, 7.9156, 3.9878, 7.9719, 2.0251, 0.1579, 0.2501, 4.8788, 4.8211, 7.3628, 1.3632, 1.8601, 4.1269, 6.2919, 3.3111, 8.9579, 0.3646, 0.8111, 0.293, 4.7858, 0.8898, 14.8839, 2.214],
      [0.623, 8.6754, 24.978, 16.8507, 15.4112, 8.934, 9.8042, 9.7385, 11.1067, 19.0504, 9.1683, 15.5874, 6.0251, 0.605, 0.6368, 14.4564, 9.321, 10.0359, 3.7569, 3.9326, 8.0067, 10.9554, 8.7299, 17.0847, 0, 0.2772, 1.6236, 11.4334, 3.8771, 41.6229, 7.0075],
      [1.3256, 16.2931, 37.5989, 25.7428, 22.6476, 9.9347, 14.0525, 16.8961, 8.8984, 19.8393, 9.2114, 26.4191, 11.8012, 0.8067, 0.6961, 16.8417, 21.0633, 37.0701, 10.0208, 5.4811, 13.5992, 31.2764, 8.5325, 31.4039, 0, 2.221, 8.8791, 17.4159, 6.0247, 31.2724, 2.4639],
      [0, 32.1264, 72.9603, 56.1429, 50.4166, 30.1825, 34.7657, 36.3485, 24.8583, 64.2548, 28.5445, 46.2193, 18.9515, 2.3088, 0.8008, 25.6667, 54.4647, 97.221, 11.833, 14.8042, 27.7035, 46.3215, 30.0149, 84.3942, 1.5752, 2.0966, 7.0028, 41.6587, 16.3081, 62.1067, 8.2677],
      [0.3939, 0.2647, 1.772, 0.9679, 1.2951, 0.4856, 3.1546, 4.7821, 1.6393, 3.5043, 1.218, 1.2678, 1.2706, 0.005, 0.0014, 1.326, 0.9431, 1.7597, 1.4761, 1.6836, 1.9885, 2.5454, 2.7773, 4.0261, 0.0117, 0.2552, 1.3186, 2.2095, 0.8708, 1.7925, 1.3176],
      [7.9412, 295.0029, 681.2603, 510.6288, 440.4905, 277.2304, 332.8585, 376.202, 226.3093, 550.8013, 221.3863, 349.9066, 196.6531, 13.9404, 9.9303, 289.5042, 398.1798, 684.7748, 178.3606, 140.5263, 288.169, 437.4525, 223.3503, 598.9752, 12.6066, 13.2287, 117.9475, 431.3353, 110.1107, 726.7679, 103.918],
      [0, 9.4152, 28.7388, 18.8623, 16.6559, 14.5989, 13.1587, 15.3407, 11.2546, 37.789, 13.6111, 21.5474, 11.9881, 1.3619, 0.4425, 14.6416, 27.3078, 35.5059, 13.6266, 5.6604, 13.0299, 15.5384, 16.1254, 23.2589, 0, 0.5712, 4.7967, 14.8322, 5.3877, 51.0465, 5.4963]
    ],
    [
      [0.0947, 2.8398, 6.1285, 8.3584, 2.719, 1.9666, 4.5885, 6.5108, 1.9964, 4.67, 3.8786, 5.5791, 3.6348, 0.664, 0.2843, 5.6514, 7.8837, 10.3696, 5.564, 1.7894, 2.6252, 6.363, 2.5309, 9.074, 0.2996, 0.1594, 1.4324, 3.7678, 1.711, 9.2376, 0.1214],
      [0.1743, 4.4679, 10.8873, 13.4149, 6.2344, 4.0387, 8.832, 18.5453, 8.533, 17.6521, 6.8013, 9.8159, 4.3311, 0.5348, 1.5335, 9.4048, 10.6692, 20.19, 4.0077, 5.117, 10.1361, 17.5801, 7.4983, 24.3735, 0.6766, 0.9728, 0.8308, 12.7603, 2.4306, 28.3461, 4.2894],
      [0.0311, 1.5092, 3.1275, 2.2999, 2.2124, 1.3621, 1.8625, 2.71, 2.214, 3.165, 1.7305, 2.3388, 1.1038, 0.1287, 0.3574, 2.1945, 1.5269, 2.1079, 0.5171, 0.8118, 1.5586, 1.9607, 1.6762, 3.3835, 0, 0.0337, 0.3938, 2.119, 1.0502, 9.1551, 2.4269],
      [0.1659, 6.6881, 13.0479, 11.3919, 7.2977, 3.0888, 5.8784, 9.4324, 3.2114, 6.6304, 3.9948, 9.4528, 6.3953, 0.4546, 0.6334, 8.4147, 12.24, 22.1921, 7.0519, 2.3815, 5.0987, 17.9911, 3.1287, 15.6997, 0, 0.5699, 5.2469, 7.2579, 3.4469, 11.4144, 0.7722],
      [0, 7.2439, 14.0965, 14.0246, 9.8437, 5.5367, 9.6879, 12.916, 5.582, 15.7526, 7.4407, 9.7314, 5.1691, 1.0242, 0.374, 5.9715, 18.1994, 40.2546, 3.4763, 4.2835, 6.597, 15.7855, 8.1975, 31.6491, 0.5877, 0.3667, 2.1281, 11.0531, 5.7631, 12.5875, 1.8786],
      [4.4931, 68.4742, 227.1087, 219.8223, 111.9399, 64.0738, 297.0247, 431.6275, 178.0598, 351.7533, 106.9574, 132.5436, 112.1816, 10.847, 9.4607, 158.2829, 205.487, 371.2472, 132.1392, 138.2743, 201.1136, 336.8608, 198.181, 518.0908, 4.5881, 13.7855, 59.4728, 289.0474, 67.9522, 360.1381, 64.8733],
      [0.0409, 6.5537, 7.658, 9.606, 5.887, 4.2754, 3.722, 7.1162, 2.305, 6.4925, 4.4401, 5.1485, 4.4246, 0.1497, 0.271, 4.5113, 7.2688, 29.7073, 4.2018, 1.7278, 4.495, 7.6698, 2.0158, 10.0086, 0.848, 0.0726, 7.652, 7.5085, 4.6393, 13.722, 2.8454],
      [0, 1.2232, 2.9457, 2.082, 1.866, 1.6579, 1.4041, 2.1418, 1.0983, 3.8842, 1.7569, 2.3939, 1.7598, 0.1972, 0.0858, 1.5689, 3.725, 5.9311, 2.0419, 0.6147, 1.3758, 1.789, 1.7717, 2.7321, 0, 0.0396, 0.8431, 1.4983, 1.0066, 6.3996, 0.7929]
    ],
    [
      [0.1945, 6.4321, 18.2995, 18.5993, 7.375, 5.0757, 11.5088, 13.5693, 5.5525, 13.4025, 7.1217, 12.2794, 6.7033, 1.8694, 0.5567, 12.179, 18.1482, 17.6032, 10.1872, 4.7416, 6.7452, 17.1131, 6.9623, 20.6393, 0.3, 0.3194, 2.3643, 10.1947, 2.4513, 18.2075, 0.1771],
      [0.0019, 0.1628, 0.6102, 1.8916, 0.251, 0.118, 1.1292, 2.0048, 0.9166, 1.1141, 0.2127, 0.5018, 0.1048, 0.1014, 0.1187, 0.4826, 0.7151, 2.0786, 0.166, 0.6606, 0.7685, 1.5614, 0.9829, 2.6724, 0.0567, 0.0515, 0.0077, 1.5359, 0.026, 3.3085, 0.1355],
      [0.0018, 0.1043, 0.832, 2.1043, 0.2099, 0.0872, 0.5697, 1.2858, 1.0812, 1.5464, 0.1302, 0.3392, 0.0546, 0.1297, 0.1025, 0.6815, 0.5307, 1.2565, 0.1756, 0.2131, 0.9019, 0.9277, 0.6282, 1.8764, 0, 0.0262, 0.0058, 1.546, 0.0186, 4.1458, 0.1604],
      [0.342, 13.854, 38.8232, 27.0797, 19.5262, 8.0291, 20.948, 26.3792, 10.4498, 22.6256, 8.4139, 19.7006, 12.0395, 2.5908, 1.9796, 18.1587, 28.8434, 36.868, 13.5759, 8.8215, 15.3649, 53.8385, 11.5664, 39.9021, 0, 0.8767, 7.987, 29.9232, 5.0769, 30.1954, 1.158],
      [0, 8.991, 24.6797, 18.8945, 13.7366, 6.8807, 13.842, 15.6843, 8.3185, 21.241, 7.3981, 11.6047, 6.3441, 2.2492, 0.6132, 9.2612, 24.5192, 30.0866, 5.5592, 6.3369, 9.2324, 23.7697, 10.9196, 33.7437, 0.3296, 0.2734, 2.3396, 15.7887, 4.2075, 14.9212, 0.5688],
      [0.3054, 16.9394, 72.9768, 38.9182, 32.9059, 13.4704, 58.1294, 78.2684, 33.458, 72.2972, 19.025, 24.4161, 25.2824, 2.5788, 1.0174, 35.9231, 57.2614, 47.6325, 32.4258, 33.5814, 34.8477, 79.9669, 44.7399, 92.258, 0.4905, 1.1286, 13.4223, 47.1704, 11.5148, 34.7175, 2.1477],
      [0.1544, 26.2159, 72.3909, 44.5458, 39.4347, 19.9078, 23.1649, 26.9406, 16.6744, 46.733, 14.2146, 20.333, 14.9715, 2.2853, 1.5744, 24.5058, 46.9708, 50.6621, 15.8558, 13.3153, 22.4848, 43.6825, 17.2809, 43.6368, 0.8232, 0.3068, 12.6867, 41.0623, 7.5626, 42.3125, 1.554],
      [0, 0.3005, 1.3877, 0.9666, 0.5608, 0.4311, 0.708, 0.8676, 0.5491, 2.0402, 0.4839, 0.8272, 0.4998, 0.1951, 0.0372, 0.8082, 2.0113, 1.8125, 1.0545, 0.3296, 0.6547, 1.1402, 0.9199, 1.2756, 0, 0.0175, 0.1868, 0.7842, 0.1424, 2.1913, 0.0985]
    ],
    [
      [0, 10.4132, 22.5377, 28.6509, 9.7583, 8.3786, 17.4774, 18.4711, 9.3082, 19.988, 11.438, 16.9183, 10.5931, 1.934, 0.6639, 17.9321, 22.3004, 23.6919, 14.1569, 5.5632, 8.8485, 19.9708, 9.3373, 33.5423, 0.7928, 0.5796, 1.6568, 14.2198, 2.2891, 30.7025, 0.2729],
      [0, 2.354, 4.4458, 6.5226, 2.5456, 2.0603, 3.3084, 5.1801, 3.593, 6.0319, 2.6647, 3.8115, 1.8983, 0.2501, 0.266, 4.0561, 4.2166, 4.6565, 1.491, 1.3, 2.4341, 5.2181, 2.3783, 10.3043, 0.3606, 0.2916, 0.0636, 3.8657, 0.26, 8.7949, 0.1849],
      [0, 1.2111, 2.9953, 3.1682, 1.3301, 1.0351, 1.9001, 1.504, 2.2266, 2.938, 1.1098, 1.5893, 0.8192, 0.1804, 0.1362, 2.1396, 1.462, 1.1775, 0.5842, 0.5219, 0.912, 1.5045, 1.2247, 3.5517, 0, 0.0193, 0.0336, 1.6965, 0.14, 5.8127, 0.1099],
      [0, 6.1285, 11.1347, 11.223, 5.6866, 3.1946, 6.8193, 7.6546, 4.3504, 8.0028, 3.4194, 7.0348, 5.2205, 0.572, 0.3562, 7.1716, 9.4577, 11.7398, 5.1145, 1.9923, 4.1396, 12.7357, 3.2598, 17.6294, 0, 0.3718, 0.9932, 6.9356, 0.8981, 9.7902, 0.1531],
      [0, 12.1685, 21.4874, 24.4286, 12.6856, 9.3957, 16.8509, 16.3187, 11.8875, 24.474, 9.9637, 12.6891, 8.3246, 1.6058, 0.4878, 11.1275, 22.1369, 29.1182, 6.129, 5.1008, 8.5781, 19.4554, 10.5152, 45.5457, 0.8632, 0.4081, 0.9537, 16.4616, 2.3387, 20.7959, 0.5292],
      [0, 10.1193, 20.3266, 23.9176, 11.1739, 8.0274, 37.7687, 40.2007, 25.9613, 38.0258, 11.1217, 10.9346, 15.0477, 0.9405, 0.3652, 17.3498, 19.4986, 20.6235, 14.8954, 11.1023, 13.5264, 26.8576, 19.5883, 69.2607, 0.75, 0.9414, 1.6577, 25.7397, 2.3545, 24.7791, 0.8417],
      [0, 29.8582, 41.4421, 46.48, 26.0193, 21.9353, 23.7868, 20.561, 19.7174, 39.7558, 15.2792, 16.7553, 17.0804, 1.3319, 0.6879, 22.0236, 27.6319, 37.8326, 13.2304, 6.1169, 13.8747, 25.1196, 10.6649, 52.7731, 2.2333, 0.3678, 2.5616, 31.0947, 2.601, 44.0575, 0.8604],
      [0, 0.7472, 1.6305, 1.609, 0.8007, 0.9731, 1.0885, 1.1097, 0.9555, 2.7838, 1.0035, 1.2689, 1.0162, 0.185, 0.0366, 1.1996, 2.2959, 2.1599, 1.3986, 0.3025, 0.6865, 1.1382, 1.0315, 2.3809, 0, 0.0204, 0.0799, 0.99, 0.1186, 3.2662, 0.0478]
    ],
    [
      [0.1085, 2.272, 5.3503, 5.4355, 2.3077, 2.0038, 2.6287, 2.8465, 1.6428, 3.3451, 2.1519, 3.9983, 2.4434, 0.3807, 0.1157, 3.5318, 5.1289, 4.9865, 1.9474, 0.9043, 1.9679, 3.0869, 1.5519, 4.7311, 0.1616, 0.31, 0.3936, 2.3646, 0.9605, 6.0135, 0.103],
      [0.0228, 0.8446, 2.0421, 1.9703, 1.237, 0.9126, 0.8028, 1.3766, 1.0867, 1.7792, 0.7902, 1.611, 0.6957, 0.0746, 0.0964, 1.2885, 1.7056, 1.9241, 0.2967, 0.4005, 1.1828, 1.3656, 0.7221, 2.1475, 0.2567, 0.4297, 0.0295, 1.1781, 0.2853, 3.3411, 0.4547],
      [0.0595, 2.193, 6.6819, 4.5865, 3.4592, 2.2678, 2.4584, 2.2984, 3.1313, 4.4307, 1.6815, 3.202, 1.5999, 0.248, 0.2039, 3.2167, 3.0194, 2.7104, 0.7115, 0.8836, 2.2147, 2.2685, 1.958, 4.0375, 0, 0.1275, 0.1853, 2.7489, 1.0045, 9.548, 1.5588],
      [0.1143, 3.8343, 8.5573, 5.9603, 4.6343, 2.3553, 3.1013, 3.7181, 2.3207, 4.2352, 1.8432, 4.896, 3.3759, 0.3038, 0.2024, 3.9914, 6.3315, 8.0604, 1.9826, 1.1125, 3.2283, 5.6358, 1.7828, 6.912, 0, 0.701, 0.8849, 3.7937, 1.54, 6.2062, 0.4399],
      [0, 11.3691, 25.4748, 19.5165, 15.3181, 10.4236, 11.6503, 12.1294, 9.6303, 19.4499, 7.8278, 13.3035, 8.3055, 1.1463, 0.422, 9.9195, 21.7107, 29.4057, 4.1153, 4.3631, 10.6905, 13.7431, 8.5271, 24.9741, 0.6191, 1.6095, 1.5096, 13.7858, 5.7107, 21.2656, 3.9981],
      [0.0052, 2.3416, 5.9045, 4.096, 5.416, 2.1933, 2.6059, 2.8111, 2.1663, 3.9962, 1.521, 2.655, 2.8391, 0.1902, 0.0897, 2.4482, 4.2826, 5.3585, 1.1521, 0.9481, 2.5276, 2.9538, 1.6913, 4.6842, 0.025, 0.2068, 0.5394, 3.0307, 2.0063, 5.3117, 0.1974],
      [0.6897, 35.9612, 81.0507, 60.457, 43.7132, 33.3695, 38.9315, 42.5688, 31.4832, 57.0523, 20.3502, 34.1182, 28.0023, 2.0934, 1.6993, 34.7244, 59.0435, 78.1421, 16.3527, 13.9152, 39.0813, 43.1807, 22.4177, 66.5138, 1.9375, 3.3554, 5.5819, 47.7425, 14.7239, 74.8578, 10.7773],
      [0, 3.184, 8.9383, 5.9777, 4.9143, 4.4741, 3.821, 4.2511, 3.5387, 9.7112, 3.8341, 6.1947, 4.7382, 0.5629, 0.1706, 4.8792, 10.7777, 10.4124, 3.4416, 1.4728, 4.1069, 4.7655, 4.3492, 6.9751, 0, 0.2599, 0.8758, 4.3587, 1.7687, 13.4554, 1.4709]
    ]
  ],
  "V_est": [
    [20.8387, 432.4894, 145.6401, 19.2312, 83.1936, 2357.3598, 61.023, 15.2386],
    [18.4765, 265.56, 642.5736, 22.1954, 52.2091, 320.305, 559.3758, 69.256],
    [232.7558, 130.2619, 309.3158, 465.7297, 1030.3204, 48.324, 9245.7493, 461.5902],
    [122.4939, 275.0798, 57.0686, 210.6704, 287.2025, 5445.9017, 176.9846, 56.6272],
    [276.8733, 24.4493, 21.673, 534.9379, 352.3346, 1059.2171, 754.244, 23.282],
    [392.3874, 94.8085, 43.0334, 173.1798, 382.8253, 523.6976, 613.7349, 32.325],
    [75.1743, 32.3511, 74.6954, 102.0557, 341.9145, 76.195, 1043.8884, 137.681]
  ],
  "p_est": [
    [0.0066, 0.138, 0.0465, 0.0061, 0.0265, 0.7519, 0.0195, 0.0049],
    [0.0095, 0.1362, 0.3295, 0.0114, 0.0268, 0.1643, 0.2869, 0.0355],
    [0.0195, 0.0109, 0.0259, 0.0391, 0.0864, 0.0041, 0.7754, 0.0387],
    [0.0185, 0.0415, 0.0086, 0.0318, 0.0433, 0.8212, 0.0267, 0.0085],
    [0.0909, 0.008, 0.0071, 0.1756, 0.1156, 0.3476, 0.2475, 0.0076],
    [0.1739, 0.042, 0.0191, 0.0768, 0.1697, 0.2321, 0.272, 0.0143],
    [0.0399, 0.0172, 0.0396, 0.0542, 0.1815, 0.0404, 0.5541, 0.0731]
  ],
  "EI_Z": {},
  "EI_V": 11.7893,
  "MAE_Z": {},
  "MAE_V": 129.8,
  "MAE_p": 0.0452,
  "runtime": 459.119
}
