{
  "X": [
    [11, 47, 47, 144, 6],
    [25, 72, 83, 161, 16],
    [43, 74, 96, 172, 13],
    [28, 75, 113, 170, 15],
    [4, 51, 24, 167, 13],
    [9, 62, 36, 176, 14],
    [12, 53, 42, 173, 10],
    [10, 55, 16, 180, 3],
    [14, 63, 18, 183, 5],
    [16, 52, 41, 141, 7],
    [10, 43, 67, 150, 5],
    [14, 64, 32, 180, 10],
    [11, 63, 82, 125, 15],
    [14, 51, 83, 141, 8],
    [27, 92, 156, 219, 18],
    [9, 87, 17, 344, 16],
    [18, 82, 131, 92, 7],
    [30, 53, 139, 82, 13],
    [48, 146, 213, 224, 17],
    [38, 149, 104, 255, 23],
    [12, 86, 52, 236, 7],
    [21, 86, 69, 213, 14],
    [24, 37, 102, 38, 7],
    [18, 58, 90, 63, 3],
    [16, 62, 123, 104, 5],
    [27, 73, 121, 122, 19],
    [24, 83, 90, 224, 9],
    [15, 79, 100, 192, 26],
    [20, 74, 99, 143, 10],
    [22, 87, 32, 103, 12],
    [16, 61, 46, 175, 10],
    [15, 68, 39, 140, 6],
    [30, 65, 92, 182, 3],
    [37, 95, 92, 199, 9],
    [27, 76, 101, 177, 7],
    [30, 61, 95, 202, 11],
    [28, 75, 73, 183, 8],
    [39, 75, 139, 204, 7],
    [26, 86, 103, 116, 6],
    [22, 94, 65, 117, 6],
    [15, 43, 82, 69, 10],
    [26, 42, 95, 47, 9],
    [28, 61, 132, 90, 7],
    [28, 66, 133, 73, 7],
    [40, 61, 93, 140, 4],
    [35, 70, 71, 165, 15],
    [34, 51, 60, 168, 23],
    [48, 52, 103, 149, 11],
    [27, 49, 88, 135, 27],
    [15, 60, 94, 129, 13],
    [41, 97, 104, 264, 6],
    [30, 90, 80, 180, 10],
    [43, 68, 55, 222, 21],
    [31, 34, 133, 178, 7],
    [16, 57, 92, 47, 6],
    [34, 42, 88, 49, 1],
    [28, 78, 125, 108, 21],
    [20, 65, 88, 70, 23],
    [32, 84, 119, 115, 10],
    [29, 85, 161, 92, 13],
    [33, 50, 83, 110, 15],
    [27, 57, 82, 104, 6],
    [39, 68, 141, 74, 13],
    [25, 58, 129, 49, 14],
    [21, 50, 100, 81, 10],
    [30, 70, 112, 99, 23],
    [48, 89, 165, 127, 23],
    [32, 66, 143, 92, 18],
    [21, 41, 161, 77, 14],
    [28, 60, 101, 103, 10],
    [16, 30, 120, 42, 5],
    [49, 62, 127, 69, 10],
    [17, 55, 122, 64, 6],
    [28, 48, 118, 52, 7],
    [28, 48, 137, 65, 13],
    [17, 27, 130, 32, 6],
    [18, 25, 155, 80, 3],
    [31, 44, 106, 81, 15],
    [26, 35, 93, 135, 16],
    [23, 39, 82, 114, 27],
    [17, 28, 109, 53, 3],
    [23, 43, 127, 92, 4],
    [481, 1043, 2966, 2810, 82]
  ],
  "W": [
    [10, 48, 44, 119, 34],
    [15, 86, 68, 138, 50],
    [34, 83, 78, 143, 60],
    [32, 87, 93, 131, 58],
    [4, 62, 19, 139, 35],
    [5, 57, 34, 153, 48],
    [12, 58, 32, 134, 54],
    [9, 58, 16, 155, 26],
    [11, 67, 15, 162, 28],
    [10, 48, 37, 118, 44],
    [13, 59, 59, 110, 34],
    [11, 71, 28, 151, 39],
    [5, 70, 67, 99, 55],
    [12, 62, 74, 113, 36],
    [29, 102, 130, 181, 70],
    [9, 97, 16, 293, 58],
    [18, 93, 112, 74, 33],
    [24, 66, 126, 64, 37],
    [50, 170, 167, 157, 104],
    [28, 165, 94, 183, 99],
    [12, 91, 40, 208, 42],
    [17, 95, 56, 170, 65],
    [27, 39, 95, 29, 18],
    [22, 61, 69, 44, 36],
    [15, 71, 116, 78, 30],
    [21, 81, 105, 104, 51],
    [23, 97, 78, 177, 55],
    [12, 97, 90, 157, 56],
    [19, 76, 86, 123, 42],
    [11, 82, 22, 72, 69],
    [16, 65, 37, 140, 50],
    [12, 72, 34, 119, 31],
    [27, 68, 88, 156, 33],
    [33, 104, 84, 162, 49],
    [24, 84, 92, 157, 31],
    [30, 68, 81, 170, 50],
    [27, 83, 66, 152, 39],
    [29, 88, 117, 182, 48],
    [23, 77, 85, 81, 71],
    [10, 101, 59, 87, 47],
    [14, 45, 76, 52, 32],
    [18, 53, 91, 32, 25],
    [33, 66, 107, 66, 46],
    [22, 78, 116, 59, 32],
    [35, 72, 77, 124, 30],
    [35, 77, 63, 141, 40],
    [29, 61, 52, 135, 59],
    [38, 65, 89, 126, 45],
    [32, 60, 84, 112, 38],
    [18, 63, 86, 111, 33],
    [31, 97, 94, 237, 53],
    [30, 88, 76, 157, 39],
    [43, 78, 52, 190, 46],
    [27, 47, 116, 151, 42],
    [11, 65, 87, 32, 23],
    [28, 36, 81, 36, 33],
    [27, 89, 113, 91, 40],
    [26, 73, 68, 67, 32],
    [24, 86, 114, 94, 42],
    [31, 85, 148, 79, 37],
    [33, 60, 73, 86, 39],
    [28, 64, 69, 78, 37],
    [33, 80, 129, 50, 43],
    [25, 61, 115, 34, 40],
    [12, 66, 86, 60, 38],
    [24, 85, 97, 71, 57],
    [38, 89, 143, 103, 79],
    [29, 65, 132, 67, 58],
    [20, 47, 141, 61, 45],
    [15, 74, 98, 89, 26],
    [12, 46, 102, 26, 27],
    [17, 62, 104, 40, 94],
    [14, 63, 96, 46, 45],
    [22, 59, 100, 42, 30],
    [21, 63, 113, 50, 44],
    [13, 28, 115, 28, 28],
    [17, 29, 136, 63, 36],
    [28, 53, 96, 65, 35],
    [21, 47, 90, 104, 43],
    [29, 44, 81, 91, 40],
    [15, 35, 97, 37, 26],
    [22, 38, 112, 70, 47],
    [434, 1109, 2629, 2312, 898]
  ],
  "method": "mult",
  "cond_prob": [
    [
      [0.76840002948, 0.019285823756, 0.13470502613, 0.020511517687, 0.057097602941],
      [0.0042555395304, 0.77083958212, 0.031329228148, 0.13060737835, 0.06296827185],
      [0.0099860518392, 0.0006423719188, 0.98885255632, 0.00051767619453, 1.3437231864e-06],
      [0.00039410643333, 0.011437225236, 5.8485422044e-05, 0.9877835835, 0.00032659941],
      [0.12223452393, 0.22668590186, 0.1589670927, 0.42053109454, 0.071581386972]
    ],
    [
      [0.80204682973, 0.012030581817, 0.10781928853, 0.013178753907, 0.064924546018],
      [0.0068383388808, 0.7207019156, 0.037871164566, 0.12663406525, 0.10795451571],
      [0.013317850982, 0.00050208080058, 0.9857614512, 0.00041669668058, 1.9203359655e-06],
      [0.00065385165304, 0.011116673942, 7.3001167544e-05, 0.98757599664, 0.00058047659757],
      [0.17306408435, 0.18835226914, 0.16974062951, 0.36037221884, 0.10847079815]
    ],
    [
      [0.80824811174, 0.013282628827, 0.11451948641, 0.014409516519, 0.049540256504],
      [0.0065929698935, 0.74800517711, 0.037820695867, 0.1301590128, 0.077422144333],
      [0.0128832852, 0.00052293985625, 0.98616258053, 0.00042981120373, 1.3832062413e-06],
      [0.00061360808601, 0.011229738275, 7.0959970293e-05, 0.98768017644, 0.00040551722785],
      [0.16982411957, 0.19959079577, 0.17302568679, 0.37814042561, 0.079418972258]
    ],
    [
      [0.73160212323, 0.017301320963, 0.15517150635, 0.020276945287, 0.075648104165],
      [0.0044735613559, 0.73090524818, 0.038459821512, 0.1374473221, 0.088714046846],
      [0.0086449863802, 0.0005054754854, 0.99039914443, 0.00044882630526, 1.567401563e-06],
      [0.00039453626516, 0.010401125403, 6.8381611707e-05, 0.98869563831, 0.00044031840777],
      [0.11801429476, 0.19974416482, 0.1801314008, 0.40892760311, 0.093182536515]
    ],
    [
      [0.61344351744, 0.023325175537, 0.1812391789, 0.028417471687, 0.15357465643],
      [0.0024814392463, 0.70139250754, 0.03176409485, 0.13656214555, 0.12779981281],
      [0.0056738668226, 0.00057129944327, 0.99322480531, 0.00052736866113, 2.6597635625e-06],
      [0.00022022192982, 0.010007426147, 5.6799793076e-05, 0.98907950213, 0.00063604999649],
      [0.069938674247, 0.20174664406, 0.15763640178, 0.42893069694, 0.14174758298]
    ],
    [
      [0.73184869798, 0.020609699406, 0.12017908721, 0.019228526524, 0.10813398889],
      [0.0036656741957, 0.75012484314, 0.025522218356, 0.11181390239, 0.10887336192],
      [0.010518381885, 0.00076671438294, 0.9881700509, 0.00054200647986, 2.8463518936e-06],
      [0.00039630422743, 0.013033596414, 5.561674918e-05, 0.98585393269, 0.00066054992424],
      [0.11223465681, 0.2352698843, 0.13786942762, 0.38294127441, 0.13168475685]
    ],
    [
      [0.71415857258, 0.019670086384, 0.16194779816, 0.024027597855, 0.08019594502],
      [0.0037635986932, 0.73461513302, 0.035306539888, 0.14344260582, 0.082872122578],
      [0.0078285870689, 0.0005446571569, 0.99112108475, 0.00050409875784, 1.5722680625e-06],
      [0.00031815535677, 0.0099835951188, 6.0150456265e-05, 0.98924465989, 0.00039343917358],
      [0.10176575652, 0.20441696835, 0.16915388397, 0.43576922673, 0.088894164432]
    ],
    [
      [0.83144283724, 0.019551812294, 0.10079856623, 0.02030951714, 0.027897267092],
      [0.0047021013054, 0.80575494617, 0.024167682778, 0.13358979722, 0.031785472524],
      [0.013920338575, 0.00084881027947, 0.98456191716, 0.00066807823909, 8.5574592356e-07],
      [0.00042617942316, 0.011725215651, 4.4120215563e-05, 0.98764310861, 0.00016137610284],
      [0.14071310056, 0.24674306497, 0.1279119174, 0.44706268305, 0.037569234011]
    ],
    [
      [0.8360066084, 0.016580966167, 0.096192366385, 0.01661062831, 0.034609430738],
      [0.005563880307, 0.79441031589, 0.026861588869, 0.12725065584, 0.045913559086],
      [0.014806718056, 0.00075373558533, 0.98386631652, 0.00057211714985, 1.1126880737e-06],
      [0.00052924063927, 0.01215376572, 5.1461303517e-05, 0.9870205932, 0.00024493913525],
      [0.1610437554, 0.23603210191, 0.13775593257, 0.41259032875, 0.05257788138]
    ],
    [
      [0.81422002934, 0.016454085241, 0.10528936462, 0.015872239595, 0.048164281208],
      [0.0053959299973, 0.78201470622, 0.029134176534, 0.12026498835, 0.063190198895],
      [0.013538386633, 0.00069734194613, 0.98525312551, 0.00050970244417, 1.4434654533e-06],
      [0.00054204807568, 0.01259489788, 5.8988264442e-05, 0.98644816505, 0.0003559007255],
      [0.15611264044, 0.23198833529, 0.14908604517, 0.39039498954, 0.072417989565]
    ],
    [
      [0.71945616692, 0.018427689639, 0.18279125991, 0.027919565251, 0.051405318277],
      [0.0039607757165, 0.7233176789, 0.041875283611, 0.17504731403, 0.055798947747],
      [0.0070050436597, 0.00045553303783, 0.99201559473, 0.00052292984886, 8.9872751812e-07],
      [0.00027460296077, 0.0080548531747, 5.8528261962e-05, 0.99139507012, 0.00021694548353],
      [0.097396243235, 0.18275280342, 0.18209525765, 0.48336712499, 0.054388570703]
    ],
    [
      [0.78790944538, 0.016636346831, 0.11244994801, 0.018187704685, 0.064816555098],
      [0.004991164038, 0.75239574948, 0.029719132557, 0.13166464717, 0.081229306758],
      [0.012234683431, 0.00065828896141, 0.9865599373, 0.00054527475765, 1.8155528309e-06],
      [0.00045920921733, 0.011145098951, 5.5100945543e-05, 0.98792095459, 0.00041963629459],
      [0.13873471043, 0.21511524321, 0.14621612429, 0.41050012602, 0.089433796044]
    ],
    [
      [0.7321152879, 0.016244765287, 0.14322323647, 0.017467583124, 0.090949127218],
      [0.004522045318, 0.72189024245, 0.037252814283, 0.12432074791, 0.11201415004],
      [0.0089908552427, 0.00051244358623, 0.99007719793, 0.00041747124489, 2.0319968344e-06],
      [0.000439674704, 0.011304973292, 7.3029994549e-05, 0.98757033257, 0.00061198943812],
      [0.12263327233, 0.20113737925, 0.17824165386, 0.37783695473, 0.12015073983]
    ],
    [
      [0.76801510215, 0.015545938114, 0.1384046832, 0.019015332152, 0.059018944386],
      [0.0050953556987, 0.73556894823, 0.038256731627, 0.14380830801, 0.077270656432],
      [0.0098611587753, 0.00050726723037, 0.98916009549, 0.00047011611813, 1.3623905533e-06],
      [0.00042912880971, 0.0099572873852, 6.4960393882e-05, 0.98918353826, 0.00036508515213],
      [0.1319187399, 0.19573789531, 0.17506007713, 0.41799984801, 0.079283439657]
    ],
    [
      [0.72025008576, 0.018326688985, 0.16106089643, 0.019842050314, 0.080520278514],
      [0.0042089188915, 0.73888140267, 0.038160157081, 0.12852003785, 0.09022948351],
      [0.0082199635848, 0.00051716891724, 0.99083703804, 0.00042421714812, 1.6123103365e-06],
      [0.00039714730835, 0.011265822049, 7.259849958e-05, 0.98778492747, 0.00047950467759],
      [0.11460716334, 0.20864118998, 0.18441947929, 0.39451267102, 0.097819496371]
    ],
    [
      [0.71469124616, 0.024933958721, 0.1157559483, 0.028622047295, 0.11599679953],
      [0.0030081949758, 0.74359509286, 0.020227519141, 0.13704397263, 0.096125220394],
      [0.010772228231, 0.00095367493638, 0.98744152433, 0.00082942670051, 3.1458068022e-06],
      [0.00026669938195, 0.010649286528, 3.6128979032e-05, 0.98856830066, 0.00047958445132],
      [0.089932050499, 0.22939019421, 0.10721405601, 0.45956744142, 0.11389625786]
    ],
    [
      [0.77010214215, 0.018362141868, 0.1530689743, 0.01738727153, 0.041079470146],
      [0.004707715698, 0.78804514455, 0.038537535161, 0.11976385114, 0.048945753455],
      [0.0090847256093, 0.00054405804341, 0.98998007, 0.00039028398989, 8.6235287972e-07],
      [0.00047365743801, 0.012792316117, 7.8179779424e-05, 0.98637902696, 0.00027681970675],
      [0.1341373306, 0.23192212104, 0.19437881488, 0.3841840007, 0.055377732781]
    ],
    [
      [0.79211137196, 0.012344204921, 0.11346411513, 0.013731184992, 0.068349122989],
      [0.0065868532373, 0.71725488992, 0.038556473994, 0.12766626224, 0.10993552061],
      [0.012668826373, 0.00049197689595, 0.98642266203, 0.00041460611995, 1.9285836038e-06],
      [0.00062190514139, 0.010890761823, 7.3399354569e-05, 0.98783110331, 0.00058283037373],
      [0.1663670048, 0.18694040683, 0.17260973703, 0.36366405986, 0.11041879147]
    ],
    [
      [0.75510235207, 0.017431995848, 0.16157734437, 0.019826493972, 0.046061813738],
      [0.0048203616106, 0.75878141263, 0.041462625777, 0.13906580406, 0.055869795923],
      [0.0086736480293, 0.00049086543419, 0.99041161691, 0.00042294801491, 9.2161110575e-07],
      [0.00042066790254, 0.010731925973, 7.2954995853e-05, 0.98849935042, 0.00027510070729],
      [0.12679452453, 0.20776229371, 0.19382728422, 0.41302131878, 0.05859457876]
    ],
    [
      [0.79147077398, 0.016243124809, 0.11406791323, 0.018070496812, 0.060147691166],
      [0.0053325167339, 0.75138006166, 0.031092603405, 0.1346709608, 0.077523857398],
      [0.012700899647, 0.00064326875128, 0.98611198471, 0.00054215474016, 1.6921516439e-06],
      [0.00048051188254, 0.010971870653, 5.6485204937e-05, 0.9880970781, 0.00039405416164],
      [0.14436349915, 0.21146491067, 0.14948176902, 0.41110941521, 0.083580405956]
    ],
    [
      [0.74517890147, 0.021666280425, 0.16550019352, 0.021594239434, 0.046060385156],
      [0.0038253109541, 0.78830271584, 0.03529481055, 0.12604291106, 0.046534251602],
      [0.0079823615732, 0.00058859269747, 0.99098369535, 0.00044446372566, 8.8665447229e-07],
      [0.00036780986299, 0.012232438912, 6.8402793284e-05, 0.98707977684, 0.00025157158709],
      [0.11188176132, 0.23777411772, 0.18270541399, 0.41368771984, 0.053950987129]
    ],
    [
      [0.76358253312, 0.01707073966, 0.13526122254, 0.019076183916, 0.065009320762],
      [0.0047919634854, 0.74730526828, 0.034753271703, 0.13408616111, 0.07906333542],
      [0.010185668184, 0.00056889510264, 0.98876225424, 0.0004816458918, 1.536579581e-06],
      [0.00043342446821, 0.010916155602, 6.3364866224e-05, 0.98818451988, 0.0004025351818],
      [0.12980072798, 0.20943529219, 0.16692944847, 0.40872275011, 0.085111781253]
    ],
    [
      [0.76899806543, 0.017382691047, 0.13017924053, 0.01562508132, 0.067814921673],
      [0.0048214382966, 0.76954391056, 0.033384686793, 0.10981997652, 0.082429987827],
      [0.010704602917, 0.00060355336715, 0.98827916622, 0.0004110160185, 1.6614745194e-06],
      [0.00052216464888, 0.013278355284, 7.289386675e-05, 0.98562762819, 0.00049895801332],
      [0.1404542725, 0.2296981405, 0.17240175678, 0.36194489716, 0.095500933063]
    ],
    [
      [0.75383245359, 0.02091754304, 0.18115184121, 0.019945158084, 0.024153004076],
      [0.0041417877506, 0.80636706084, 0.040779694782, 0.12295951105, 0.025751945575],
      [0.0075331366865, 0.00052249348881, 0.99156651282, 0.00037743003794, 4.2696962153e-07],
      [0.00040427071327, 0.012645258212, 8.0242206773e-05, 0.98672916077, 0.00014106809514],
      [0.11978110985, 0.24033299135, 0.20907165678, 0.4012135231, 0.029600718923]
    ],
    [
      [0.78798328427, 0.017551724975, 0.13916158258, 0.019404933268, 0.035898474902],
      [0.0049270812687, 0.77739542947, 0.036061950143, 0.13757328228, 0.044042256838],
      [0.010150525046, 0.00057137625307, 0.988798679, 0.00047859274592, 8.2695514318e-07],
      [0.00043237775661, 0.010977457394, 6.3811388114e-05, 0.98830945512, 0.00021689834657],
      [0.13488795486, 0.21914867508, 0.1745712603, 0.42356136123, 0.047830748536]
    ],
    [
      [0.76538224935, 0.01435881994, 0.12027344861, 0.013993426994, 0.085992055099],
      [0.0055424766765, 0.72507908966, 0.035605801354, 0.11330596709, 0.12046666522],
      [0.011543879451, 0.00053996987636, 0.98751517617, 0.00039868257338, 2.2919311628e-06],
      [0.00059068793504, 0.012459150631, 7.6508098194e-05, 0.98615167619, 0.00072197714241],
      [0.15019063202, 0.2031133864, 0.17102736722, 0.34587965004, 0.12978896432]
    ],
    [
      [0.77851008248, 0.016981675585, 0.14037982116, 0.02024877302, 0.043879647764],
      [0.0050058387973, 0.75851861737, 0.036810941948, 0.14521447404, 0.054450127848],
      [0.010076486363, 0.00054682972368, 0.98888168099, 0.00049400087313, 1.0020539582e-06],
      [0.00041846594024, 0.010239820467, 6.2036972682e-05, 0.98902349814, 0.00025617848043],
      [0.13205231505, 0.2071739654, 0.17225023994, 0.4313957036, 0.057127775998]
    ],
    [
      [0.69653199698, 0.01597074228, 0.13805861091, 0.018874639972, 0.13056400985],
      [0.0042061704516, 0.67850242211, 0.034436042774, 0.12874975229, 0.15410561237],
      [0.0090707274929, 0.0005239770995, 0.98993309927, 0.0004691588737, 3.0372631837e-06],
      [0.0003961340387, 0.010319896635, 6.5389826087e-05, 0.98840188949, 0.00081669001095],
      [0.11099964907, 0.18497357697, 0.16081491437, 0.38182439761, 0.16138746198]
    ],
    [
      [0.76376814267, 0.018531760309, 0.14064565654, 0.017421238648, 0.059633201833],
      [0.004557403334, 0.77510593021, 0.03445279591, 0.11673277778, 0.069151092764],
      [0.0098095695743, 0.00059600788678, 0.98916856229, 0.00042450173142, 1.3585180137e-06],
      [0.00047172250025, 0.012925038797, 7.1896760559e-05, 0.98612913945, 0.00040220249139],
      [0.13191659002, 0.23161138288, 0.17667911811, 0.38026822904, 0.079524679948]
    ],
    [
      [0.82160176946, 0.016097745013, 0.09816731288, 0.014367246701, 0.049765925945],
      [0.0057002311075, 0.78618133516, 0.02807398964, 0.11259070257, 0.067453741523],
      [0.014748961831, 0.00072765913725, 0.98402977632, 0.00049200775916, 1.5949536478e-06],
      [0.00060993070284, 0.013571066293, 6.0529993753e-05, 0.98535236719, 0.00040610582364],
      [0.16696645928, 0.23772811595, 0.1458631773, 0.37102714132, 0.078415106148]
    ],
    [
      [0.74648416596, 0.018940339733, 0.14405005467, 0.021264263754, 0.069261175881],
      [0.0042066490587, 0.75133929911, 0.033396891559, 0.13496704794, 0.076090112327],
      [0.0092567943601, 0.00058992244806, 0.98964994639, 0.00050180901452, 1.5277866359e-06],
      [0.00037766609816, 0.010854525651, 6.0429093434e-05, 0.98832360889, 0.00038377026734],
      [0.11661369811, 0.21471295328, 0.16415323396, 0.42076061133, 0.083759503321]
    ],
    [
      [0.81284698253, 0.016965913028, 0.11477488101, 0.016609841849, 0.038802381592],
      [0.005291711271, 0.78970365722, 0.031220102734, 0.12374293324, 0.050041595537],
      [0.01238104509, 0.00065931649937, 0.98646952171, 0.00048904966949, 1.0670291258e-06],
      [0.00051676325995, 0.012413272779, 6.1445770529e-05, 0.98673425658, 0.00027426161449],
      [0.1520703496, 0.23333739439, 0.15870729199, 0.39893314597, 0.056951818041]
    ],
    [
      [0.83414009532, 0.016333261708, 0.11542337067, 0.016649517061, 0.017453755246],
      [0.0058993550368, 0.80559928239, 0.033297628332, 0.13136482326, 0.023838910979],
      [0.013094422594, 0.00063794321856, 0.98577443654, 0.00049271499853, 4.8264680221e-07],
      [0.00054379577196, 0.011946640815, 6.187923679e-05, 0.98732429256, 0.00012339161477],
      [0.16447533645, 0.23189646094, 0.16465506273, 0.41253581111, 0.026437328758]
    ],
    [
      [0.816069693, 0.015959392196, 0.11524061155, 0.01673455722, 0.035995746039],
      [0.0057827717402, 0.7806885332, 0.033108905098, 0.13148714994, 0.048932640018],
      [0.0129119034, 0.00062455453454, 0.98596638555, 0.00049615733857, 9.9917891505e-07],
      [0.00053291294424, 0.011622207593, 6.1510671748e-05, 0.98752952027, 0.00025384852517],
      [0.15831151028, 0.22157907211, 0.16093421404, 0.40584153594, 0.053333667625]
    ],
    [
      [0.8124856327, 0.015708662058, 0.11961858646, 0.015676137551, 0.036510981234],
      [0.0058045645781, 0.78341049039, 0.03496229921, 0.12530817849, 0.050514467335],
      [0.01228643653, 0.00059278579561, 0.98667160851, 0.00044819322923, 9.759390311e-07],
      [0.00056070148801, 0.012198947507, 6.8088888808e-05, 0.98689807262, 0.00027418949824],
      [0.16028822841, 0.22356833481, 0.17113894737, 0.3895500953, 0.055454394099]
    ],
    [
      [0.77147397112, 0.015728704959, 0.13487566335, 0.018049237897, 0.059872422667],
      [0.0052500246018, 0.74271767134, 0.037276769888, 0.1364294832, 0.078326050968],
      [0.010434665527, 0.00052705805586, 0.98857859988, 0.00045825487657, 1.4216555081e-06],
      [0.0004667554756, 0.010630500174, 6.6811161168e-05, 0.98844447617, 0.00039145702174],
      [0.13801436809, 0.20185140217, 0.17394915826, 0.40422484718, 0.081960224309]
    ],
    [
      [0.80204283794, 0.016516687002, 0.12178406978, 0.017674505874, 0.0419818994],
      [0.005403643172, 0.77384498079, 0.033435389152, 0.1327478057, 0.054568181191],
      [0.011929120312, 0.00061079647295, 0.98696377596, 0.00049520714178, 1.1001171509e-06],
      [0.00049314639985, 0.011385718398, 6.1511022415e-05, 0.98777965766, 0.00027996651916],
      [0.14818659861, 0.21947730084, 0.16270677972, 0.41010171091, 0.059527609923]
    ],
    [
      [0.82932553974, 0.01276989599, 0.11639673905, 0.013846312408, 0.027661512812],
      [0.0072291446727, 0.77105530569, 0.041235710117, 0.13411498353, 0.046364855993],
      [0.012992196252, 0.00049586042902, 0.98610382805, 0.00040735376489, 7.6150495568e-07],
      [0.00065355193841, 0.011246826592, 7.5161572303e-05, 0.98778865655, 0.00023580334504],
      [0.18307439358, 0.20217773194, 0.18528098339, 0.38273553483, 0.046731356252]
    ],
    [
      [0.78292948862, 0.020766783117, 0.14755358096, 0.018703295314, 0.030046851984],
      [0.0044096258045, 0.81190366654, 0.033819812563, 0.11727892013, 0.032587974961],
      [0.0096736338956, 0.00063694313645, 0.98925416542, 0.00043460401925, 6.5352440837e-07],
      [0.00045351255474, 0.013464371766, 7.0122609929e-05, 0.98582338972, 0.00018860334549],
      [0.13229140926, 0.25201853448, 0.18002324976, 0.39676769835, 0.038899108158]
    ],
    [
      [0.86141513229, 0.013162598303, 0.090601943958, 0.01289721374, 0.021923111707],
      [0.0073589458694, 0.79790433263, 0.032233104981, 0.12557860117, 0.03692501535],
      [0.016750963066, 0.000650377096, 0.98211511111, 0.0004827808277, 7.678977814e-07],
      [0.00070727880785, 0.0123859251, 6.2455819526e-05, 0.98664468572, 0.00019965455129],
      [0.19967531222, 0.22332522904, 0.1546304508, 0.3826680529, 0.039700955031]
    ],
    [
      [0.74872290771, 0.016972221014, 0.13018081191, 0.017150960296, 0.086973099072],
      [0.0045632593944, 0.73916290465, 0.032968078776, 0.11892862385, 0.10437713333],
      [0.010244576061, 0.0005885384053, 0.98871414765, 0.00045060739232, 2.1304878055e-06],
      [0.00046092438672, 0.011944530946, 6.7138367382e-05, 0.98693715515, 0.00059025115356],
      [0.12858206638, 0.21344319213, 0.16426367066, 0.37708104611, 0.1166300247]
    ],
    [
      [0.8278360022, 0.010941431204, 0.093943522109, 0.012280508026, 0.054998536464],
      [0.0077390549549, 0.72538740073, 0.036285302076, 0.12994747207, 0.10064077017],
      [0.015725206344, 0.00052369611399, 0.98330395616, 0.00044528128583, 1.8600985529e-06],
      [0.00071228579688, 0.010699195971, 6.7333560457e-05, 0.98800240698, 0.00051877769449],
      [0.1921912011, 0.18503470397, 0.15946331166, 0.36410152591, 0.099209257353]
    ],
    [
      [0.75386689586, 0.018516639233, 0.16473322125, 0.019087322563, 0.043795921099],
      [0.0045574740804, 0.77615110993, 0.040396186454, 0.12806756403, 0.050827665504],
      [0.0083943485145, 0.00051007682098, 0.99069636906, 0.00039835084637, 8.5475408589e-07],
      [0.00042907573067, 0.011756084102, 7.6676752178e-05, 0.98746922118, 0.0002689422328],
      [0.12578119663, 0.22140148104, 0.19789419287, 0.39907049499, 0.055852634466]
    ],
    [
      [0.8194334122, 0.013622114794, 0.11831662968, 0.01310187578, 0.035525967544],
      [0.0066844540599, 0.77765955794, 0.039559251915, 0.11987473533, 0.056222000751],
      [0.012525449494, 0.00052046054758, 0.98657389782, 0.0003792309555, 9.611819156e-07],
      [0.00067068564697, 0.012567460041, 8.0029193138e-05, 0.98636496737, 0.00031685774996],
      [0.17838641986, 0.21427612686, 0.18703561253, 0.36067065564, 0.059631185109]
    ],
    [
      [0.83372641439, 0.013474945943, 0.11845343621, 0.014254759741, 0.020090443716],
      [0.0070184238422, 0.78679926309, 0.040466238581, 0.13322099963, 0.032495074857],
      [0.012810147882, 0.00051258050077, 0.98626589571, 0.00041083466664, 5.4123866791e-07],
      [0.00063745124594, 0.011501040276, 7.4091536613e-05, 0.98762162705, 0.0001657898873],
      [0.18156898373, 0.21041010722, 0.18587316625, 0.38867979394, 0.033467948854]
    ],
    [
      [0.77744864434, 0.015648184515, 0.11604190566, 0.01624338185, 0.074617883643],
      [0.0053199029077, 0.74122983359, 0.032188208098, 0.12326919873, 0.097992856671],
      [0.012192001363, 0.00060698401275, 0.98672158947, 0.00047737407783, 2.0510787536e-06],
      [0.00052234698559, 0.011725498465, 6.3707458805e-05, 0.98714752412, 0.00054092296745],
      [0.14571378338, 0.21006814794, 0.15660031827, 0.3807494277, 0.10686832271]
    ],
    [
      [0.75947515911, 0.012202449395, 0.10464813875, 0.015645831051, 0.1080284217],
      [0.0059392611527, 0.66255831345, 0.033219161382, 0.13590148501, 0.16238177901],
      [0.013154962435, 0.00052356944554, 0.98580954615, 0.000508637238, 3.2847314971e-06],
      [0.00052997591257, 0.009511065293, 5.9748543648e-05, 0.98908461035, 0.00081459990379],
      [0.14675474009, 0.16916205732, 0.14579167369, 0.37857948496, 0.15971204394]
    ],
    [
      [0.82173135489, 0.011152299874, 0.10576479597, 0.013591532274, 0.047760016996],
      [0.0077193104192, 0.72481268187, 0.040207073173, 0.14132403547, 0.08593689906],
      [0.014182144061, 0.00047512138565, 0.98490257369, 0.00043871917314, 1.4416944464e-06],
      [0.00066193199608, 0.0099986978203, 6.9506097327e-05, 0.9888556715, 0.00041419258268],
      [0.18501561278, 0.17962070879, 0.17115422763, 0.3821687031, 0.082040747704]
    ],
    [
      [0.68188763585, 0.014372277721, 0.12069664583, 0.01729242234, 0.16575101826],
      [0.0043538295093, 0.63811119871, 0.031304078853, 0.12269283678, 0.20353805615],
      [0.01030627473, 0.00053824911966, 0.98866040302, 0.00049067796065, 4.3951701887e-06],
      [0.00042945013371, 0.010113283117, 6.2248212896e-05, 0.98826764174, 0.0011273767986],
      [0.11327385968, 0.17138131067, 0.14456419044, 0.35998776353, 0.21079287569]
    ],
    [
      [0.70511401929, 0.020155826, 0.15122359677, 0.019668985406, 0.10383757253],
      [0.0036813822199, 0.74220584471, 0.032537018018, 0.11577326892, 0.10580248613],
      [0.0084005947145, 0.00060358595728, 0.99054734662, 0.00044627258598, 2.2001192905e-06],
      [0.00038404288215, 0.012444837914, 6.8433528896e-05, 0.98648340928, 0.00061927639715],
      [0.10729631777, 0.2227793256, 0.16789952211, 0.37957966571, 0.12244516881]
    ],
    [
      [0.84074302718, 0.015368312243, 0.10717335993, 0.014504065099, 0.022211235543],
      [0.0063822705991, 0.80610615141, 0.033008296068, 0.12213707928, 0.03236620265],
      [0.014286875999, 0.00064631214684, 0.98460401262, 0.0004621367296, 6.6250721815e-07],
      [0.0006331227687, 0.012913704782, 6.6014202296e-05, 0.98620643651, 0.00018072173887],
      [0.17903511976, 0.23435643263, 0.16436633686, 0.38609787664, 0.036144234111]
    ],
    [
      [0.79476406641, 0.01899105945, 0.11882732882, 0.017000058034, 0.050417487292],
      [0.0047897307304, 0.79366481964, 0.029118855934, 0.11394690979, 0.058479683906],
      [0.012154562741, 0.00072047986897, 0.98663496542, 0.00048863627717, 1.3556920523e-06],
      [0.00050815144771, 0.013581736705, 6.2277486794e-05, 0.9854989349, 0.00034889945966],
      [0.14365897179, 0.24638564106, 0.15501087416, 0.38514509395, 0.069799419044]
    ],
    [
      [0.77575307188, 0.014363142745, 0.099696605608, 0.016406926292, 0.093780253479],
      [0.0055471590776, 0.70790756513, 0.028781274934, 0.12958439975, 0.12817960111],
      [0.014164030299, 0.00064616101684, 0.98462758295, 0.00055923472479, 2.9910132141e-06],
      [0.00051925244792, 0.010680134775, 5.430237896e-05, 0.98807138677, 0.00067492362403],
      [0.14705815143, 0.19437501756, 0.13565341717, 0.38752520508, 0.13538820877]
    ],
    [
      [0.80137999113, 0.010918225956, 0.12723101026, 0.016385655035, 0.044085117621],
      [0.0073487896239, 0.699776991, 0.047528383028, 0.16737682781, 0.077969008539],
      [0.011474785278, 0.00038835325751, 0.98769412431, 0.00044162756242, 1.1095895735e-06],
      [0.00053354361156, 0.0081429421375, 6.9572742295e-05, 0.99093633648, 0.00031760502904],
      [0.16350009942, 0.16034905326, 0.18754431574, 0.41958236149, 0.069024170086]
    ],
    [
      [0.82715378173, 0.013949878527, 0.10647513312, 0.013494126955, 0.038927079667],
      [0.0064048229685, 0.77833153242, 0.034697364125, 0.12047268745, 0.060093593033],
      [0.013632972527, 0.00059009528795, 0.98534336551, 0.00043240275026, 1.1639246964e-06],
      [0.00063500044381, 0.012399639405, 6.9364698935e-05, 0.98656210773, 0.00033388771736],
      [0.17578681012, 0.21912979287, 0.16799363364, 0.37183275298, 0.06525701039]
    ],
    [
      [0.85237069583, 0.016736799079, 0.11018512125, 0.013520309331, 0.0071870745087],
      [0.0061077847441, 0.84357008185, 0.032187250283, 0.10818729413, 0.0099475889932],
      [0.014000239711, 0.00068351768784, 0.98489768826, 0.00041834693763, 2.0740694568e-07],
      [0.00067392022022, 0.014838557285, 7.1596809495e-05, 0.98435446371, 6.1461980602e-05],
      [0.18455420415, 0.26144286253, 0.17253611957, 0.36950731113, 0.011959502615]
    ],
    [
      [0.74505274441, 0.015492209913, 0.124276424, 0.014920334283, 0.1002582874],
      [0.0049880347498, 0.72039991841, 0.033897092866, 0.1113166608, 0.12939829318],
      [0.010923948855, 0.00056439726443, 0.98809726094, 0.00041180419093, 2.5887537745e-06],
      [0.00054055170886, 0.012593069323, 7.4062908521e-05, 0.98600374029, 0.00078857576589],
      [0.13796969263, 0.20618876504, 0.16628863687, 0.34716205477, 0.14239085068]
    ],
    [
      [0.6614737744, 0.01783430322, 0.15728998971, 0.014487856279, 0.14891407639],
      [0.0037466479421, 0.70505207466, 0.036378731437, 0.091725018972, 0.16309752699],
      [0.0076375296984, 0.00051300984517, 0.9915306988, 0.00031572854429, 3.0331150253e-06],
      [0.00049023597628, 0.014848985333, 9.5956278406e-05, 0.98336627523, 0.0011985471803],
      [0.10919760061, 0.21219099296, 0.1880766295, 0.3014977436, 0.18903703333]
    ],
    [
      [0.82213140663, 0.015293172369, 0.10514206748, 0.013824066025, 0.043609287493],
      [0.0060694928558, 0.78606420113, 0.031691960114, 0.11397320638, 0.062201139527],
      [0.014169650243, 0.00065631673641, 0.98472324136, 0.00044946533824, 1.3263263461e-06],
      [0.00064221495488, 0.01341336999, 6.7610515081e-05, 0.98550673819, 0.00037006635265],
      [0.17274330408, 0.23136786284, 0.15991016677, 0.3655765129, 0.070402153415]
    ],
    [
      [0.7585476614, 0.019335611558, 0.13686797799, 0.01564931163, 0.069599437421],
      [0.0044331669147, 0.78318512642, 0.032507259874, 0.10166346188, 0.07821098491],
      [0.010147757622, 0.00064102287699, 0.98881653413, 0.00039305019741, 1.6351698345e-06],
      [0.00052444539021, 0.014937583629, 7.7538427842e-05, 0.9839402294, 0.00052020315086],
      [0.134791147, 0.24643230068, 0.17533823072, 0.34878735118, 0.094650970411]
    ],
    [
      [0.76414614764, 0.013808039707, 0.12029637934, 0.016332364148, 0.085417069169],
      [0.0056118605172, 0.70472775646, 0.035860422773, 0.13323168753, 0.12056827272],
      [0.011567743492, 0.00051762237489, 0.98744849205, 0.00046387470914, 2.2673723245e-06],
      [0.00050912653374, 0.010272697858, 6.5583854666e-05, 0.9885382946, 0.00061429715714],
      [0.14356983169, 0.1861344726, 0.16289077965, 0.38460874736, 0.12279616869]
    ],
    [
      [0.78924016438, 0.01651257889, 0.1379309393, 0.018302185947, 0.038014131488],
      [0.0052879755894, 0.7712176389, 0.037645855853, 0.13671614465, 0.049132385007],
      [0.010388715682, 0.00054018383379, 0.98861660266, 0.00045361734284, 8.8048565389e-07],
      [0.00046707114422, 0.01095152845, 6.7030463302e-05, 0.98827067665, 0.00024369328781],
      [0.14175594716, 0.21339398056, 0.17908367082, 0.41336540725, 0.052400994202]
    ],
    [
      [0.80141381967, 0.013527089311, 0.1133325038, 0.014278206674, 0.057448380549],
      [0.0063645332915, 0.74364969209, 0.036515931951, 0.12588919175, 0.087580650913],
      [0.012924042092, 0.00053973238581, 0.98610301782, 0.00043158312965, 1.6245688919e-06],
      [0.00060840153817, 0.011456190006, 7.0378492942e-05, 0.98739426918, 0.00047076077842],
      [0.16639745565, 0.20120025349, 0.1694266726, 0.37181258251, 0.091163035753]
    ],
    [
      [0.74660870893, 0.016918406715, 0.13433523075, 0.014554379399, 0.087583274215],
      [0.0047378562308, 0.74988288829, 0.034792061067, 0.10321031911, 0.10737687531],
      [0.010118291664, 0.00057066443443, 0.98893705231, 0.0003719001406, 2.0914504912e-06],
      [0.00054878726662, 0.013957303453, 8.1252795003e-05, 0.98471433801, 0.00069831847696],
      [0.13703900127, 0.22373401619, 0.17842242666, 0.33727142941, 0.12353312647]
    ],
    [
      [0.8191853942, 0.010603505991, 0.10611904857, 0.012902621751, 0.051189429485],
      [0.0077654121882, 0.71544218373, 0.041861350096, 0.13930982138, 0.095621232605],
      [0.013703060464, 0.00045017144215, 0.98543022943, 0.00041500070141, 1.5379623793e-06],
      [0.00067219565641, 0.0099606762684, 7.3062243806e-05, 0.98882949924, 0.00046456659224],
      [0.18499594481, 0.1753071808, 0.17626525268, 0.3731342547, 0.090297367008]
    ],
    [
      [0.75765713213, 0.013115475307, 0.11807277744, 0.014655653348, 0.096498961775],
      [0.005757053121, 0.69221808922, 0.036550911551, 0.12412393021, 0.14135001589],
      [0.011673690356, 0.00050214293032, 0.9873964573, 0.00042508990128, 2.6195101108e-06],
      [0.00055995341751, 0.01086076343, 7.1674641473e-05, 0.98773411226, 0.0007734962553],
      [0.14752112373, 0.18354400557, 0.16613063468, 0.35871547705, 0.14408875897]
    ],
    [
      [0.77835357493, 0.014771673037, 0.11697208873, 0.013219273464, 0.076683389842],
      [0.0057112713516, 0.74514066181, 0.034649701865, 0.10707265402, 0.10742571096],
      [0.012240937196, 0.00057192475179, 0.9867972736, 0.00038775758078, 2.1068696254e-06],
      [0.00064375910689, 0.013560499387, 7.8745269916e-05, 0.98503499855, 0.0006819976911],
      [0.15881513784, 0.21491408208, 0.17112588257, 0.3361195058, 0.11902539171]
    ],
    [
      [0.75414828707, 0.016490456839, 0.12404953309, 0.015591588649, 0.089720134351],
      [0.0048740122108, 0.73927040101, 0.032549929317, 0.11191533396, 0.1113903235],
      [0.011125164513, 0.00060228023105, 0.98783880832, 0.00043142459687, 2.322339576e-06],
      [0.00052455859321, 0.012804678046, 7.0631191573e-05, 0.98592608898, 0.00067404318569],
      [0.1378473485, 0.21612636734, 0.16334853727, 0.35726570612, 0.12541204077]
    ],
    [
      [0.72576325414, 0.014758979635, 0.14334620531, 0.0160468065, 0.10008475442],
      [0.0049125348886, 0.7022107695, 0.03974886845, 0.12174258911, 0.13138523805],
      [0.0092043358522, 0.00046751662197, 0.98994077673, 0.00038512775424, 2.2430367425e-06],
      [0.00048611861667, 0.011135487319, 7.9310025743e-05, 0.98756976337, 0.00072932066664],
      [0.12884746827, 0.1894791792, 0.18469057692, 0.35999682354, 0.13698595207]
    ],
    [
      [0.85709284015, 0.0098359769794, 0.079606588163, 0.010385410303, 0.043079184408],
      [0.0090961716364, 0.74072037695, 0.035080567031, 0.12521198719, 0.089890897187],
      [0.019065779881, 0.00055406193778, 0.97993522057, 0.00044322058366, 1.7170313942e-06],
      [0.00087663291491, 0.011490424851, 6.8168628399e-05, 0.98707864313, 0.00048613048026],
      [0.22425334439, 0.18801351796, 0.15290251857, 0.3469490446, 0.087881574476]
    ],
    [
      [0.80366016066, 0.010574011912, 0.12961432069, 0.015143100586, 0.041008406149],
      [0.0074549129548, 0.705768352, 0.050305118192, 0.16105291611, 0.07541870074],
      [0.010992048206, 0.00036895404695, 0.98823771423, 0.00040027333523, 1.01018671e-06],
      [0.00055361620916, 0.0083830262525, 7.5328782411e-05, 0.99067470467, 0.00031332408899],
      [0.16680465397, 0.16161224021, 0.19872748435, 0.40601112895, 0.066844492524]
    ],
    [
      [0.86949072159, 0.0093346117049, 0.084895979407, 0.0087726681799, 0.027506019118],
      [0.010308007585, 0.76985470934, 0.041011139873, 0.11596343778, 0.062862705426],
      [0.018515907362, 0.00049399278366, 0.98063735684, 0.00035171061617, 1.032394708e-06],
      [0.0010688183526, 0.012858153626, 8.5735395171e-05, 0.98562043388, 0.0003668587415],
      [0.25064672391, 0.19349593316, 0.176859416, 0.31819276105, 0.060805165867]
    ],
    [
      [0.77025688654, 0.01613404941, 0.15771974121, 0.016106645763, 0.039782677072],
      [0.0052274131193, 0.77405502946, 0.044235156054, 0.12365728478, 0.052825116581],
      [0.0087823354875, 0.00046363729725, 0.99040257071, 0.00035064720889, 8.0929542135e-07],
      [0.00050801123109, 0.012095817722, 8.6676498269e-05, 0.98702125532, 0.00028823922899],
      [0.14109807235, 0.21513115255, 0.21126428971, 0.37591914884, 0.056587336554]
    ],
    [
      [0.81655868258, 0.012401687778, 0.11769250851, 0.012026405574, 0.041320715553],
      [0.0071424355198, 0.76228296876, 0.042226232815, 0.1181431063, 0.070205256611],
      [0.012524579579, 0.00047584246073, 0.98664887735, 0.00034957913072, 1.121475053e-06],
      [0.00072459721884, 0.012415277781, 8.6370004749e-05, 0.9863743029, 0.00039945209611],
      [0.18505612096, 0.20340204403, 0.19383248177, 0.34541950825, 0.07228984499]
    ],
    [
      [0.78603390335, 0.011377756239, 0.12280658597, 0.012560277409, 0.06722147703],
      [0.0069819523447, 0.7076541603, 0.044656965848, 0.1250005952, 0.1157063263],
      [0.011600624105, 0.0004192127938, 0.98762780895, 0.00035060044673, 1.7537059415e-06],
      [0.0006721073279, 0.010952920805, 8.667493065e-05, 0.98766277776, 0.00062551917322],
      [0.17073570142, 0.17848185262, 0.19351464881, 0.3447886057, 0.11247919147]
    ],
    [
      [0.78964364877, 0.013958834411, 0.12459472825, 0.011399917932, 0.060402870645],
      [0.0059848313104, 0.76540279822, 0.039377752271, 0.098720433353, 0.090514184843],
      [0.011279378372, 0.00050683109771, 0.98789862451, 0.00031362075868, 1.5452630835e-06],
      [0.00072020294532, 0.014600505502, 9.5552557309e-05, 0.98397613457, 0.00060760442389],
      [0.16885141539, 0.21967889486, 0.19624020197, 0.3139931936, 0.10123629418]
    ],
    [
      [0.78331414271, 0.014289560491, 0.15295551913, 0.018414576875, 0.031026200795],
      [0.0057664680922, 0.75029368108, 0.046417528096, 0.1529101995, 0.044612123224],
      [0.0092491642702, 0.00042399810135, 0.98991213826, 0.00041404959915, 6.4976968935e-07],
      [0.00045511831095, 0.0094110320498, 7.387109274e-05, 0.98986311839, 0.00019686015674],
      [0.141896036, 0.18856644684, 0.20213034424, 0.42380663436, 0.043600538562]
    ],
    [
      [0.76884898201, 0.012759742773, 0.11417027731, 0.014199052881, 0.090021945036],
      [0.0060165960907, 0.69773125982, 0.036407075637, 0.1239125758, 0.13593249266],
      [0.012235828836, 0.00050467340088, 0.98683148142, 0.00042549706404, 2.5192747208e-06],
      [0.00058511720213, 0.010882967138, 7.1381723685e-05, 0.98771890341, 0.00074163052354],
      [0.15405788531, 0.18408097314, 0.1653567945, 0.3580201841, 0.13848416296]
    ],
    [
      [0.76850830585, 0.010731385038, 0.10611713593, 0.016057094464, 0.098586078712],
      [0.0065313271353, 0.6411183313, 0.036937623614, 0.15290087482, 0.16251184314],
