{
  "Z_true": {},
  "V_true": [
    [55, 94, 137, 2297, 163, 2461, 91],
    [697, 39, 41, 71, 480, 154, 67],
    [404, 239, 238, 420, 8586, 705, 544],
    [81, 283, 294, 1266, 147, 6691, 231],
    [36, 68, 1359, 217, 275, 675, 91],
    [38, 819, 54, 256, 256, 633, 79],
    [69, 28, 38, 50, 357, 152, 393]
  ],
  "p_true": [
    [0.0104, 0.0177, 0.0259, 0.4336, 0.0308, 0.4645, 0.0172],
    [0.45, 0.0252, 0.0265, 0.0458, 0.3099, 0.0994, 0.0433],
    [0.0363, 0.0215, 0.0214, 0.0377, 0.771, 0.0633, 0.0489],
    [0.009, 0.0315, 0.0327, 0.1408, 0.0163, 0.744, 0.0257],
    [0.0132, 0.025, 0.4994, 0.0798, 0.1011, 0.2481, 0.0334],
    [0.0178, 0.3836, 0.0253, 0.1199, 0.1199, 0.2965, 0.037],
    [0.0635, 0.0258, 0.035, 0.046, 0.3284, 0.1398, 0.3615]
  ],
  "Z_est": [
    [
      [0.0264, 0, 0.0924, 0.2838, 0.3763, 0.9968, 0.6601, 1.1024, 1.1618, 5.2325, 3.5947, 0.6865, 1.0271, 1.8153, 0, 1.5578, 0.099, 1.6965, 0.8911, 0, 0.2574, 0.0066, 0, 0.0858, 0.1188, 0.132, 0.9109, 0.0924, 0, 1.2608, 0, 2.4424, 1.7163, 0.0924, 0, 0.5048, 3.7867, 0.5941],
      [0.0064, 0.9766, 0.0225, 0.0691, 0.0915, 3.0171, 0.1606, 0.2682, 2.792, 0.5027, 0, 0, 0.2393, 0.4417, 0, 4.1457, 1.6022, 0.4584, 0, 0.0445, 0, 0.0016, 0.1313, 0.0209, 0.0289, 0.0321, 0.2216, 0, 0.0177, 0.3068, 0.2441, 0.5942, 0.4176, 0.0225, 0, 0.2424, 0.7324, 0],
      [0.0068, 0.2027, 0.0238, 1.2626, 0.0971, 0, 0.1703, 0.2844, 0.2997, 0.5331, 0.7459, 0.3441, 0, 0.4683, 0.5313, 0, 0.0255, 0, 0.2299, 0.0545, 0.7732, 0.0017, 0.0272, 0.0221, 0.0307, 0.0341, 0.235, 0.0463, 0.0187, 0.3253, 0, 0.6301, 0.4428, 0.0238, 0.6131, 0, 0, 0],
      [1.777, 85.4619, 10.0543, 28.2338, 40.9356, 108.4433, 71.8168, 119.934, 126.3975, 224.7865, 314.5574, 74.6894, 107.007, 197.4961, 224.0683, 169.4876, 9.1331, 184.5691, 97.1695, 10.4735, 25.9324, 0.7182, 11.4907, 9.3362, 12.927, 13, 95.8936, 10.0543, 7.8998, 137.17, 110.4237, 265.722, 188.3474, 7.027, 255.2964, 26.6759, 327.4844, 61.5429],
      [1.1527, 1.6966, 0.1996, 2.0711, 0.8127, 0.3522, 1.4257, 2.381, 0, 0, 6.2447, 1.4828, 2.1243, 3.9208, 7.0089, 0, 3.3754, 3.6641, 1.9247, 13.1822, 0.556, 0.0143, 0.2281, 0.1853, 0.2566, 1.6485, 1.9675, 0.1996, 0.2294, 2.7231, 2.1671, 5.2752, 0, 3.2269, 5.5703, 0.7857, 6.5013, 4.826],
      [0.9348, 27.8109, 3.2719, 10.0493, 13.3212, 35.2895, 23.3705, 39.0288, 41.1321, 74.4459, 102.3629, 24.3053, 35.0323, 64.2689, 72.916, 55.1544, 0.4053, 60.4543, 31.5502, 7.4786, 9.1145, 0.2337, 3.7393, 3.0382, 4.2067, 4.6741, 32.2513, 3.2719, 2.5708, 44.6377, 35.5232, 86.4709, 62.8464, 3.2719, 89.8947, 8.8808, 106.5696, 21.0335],
      [0.0958, 2.8512, 0.3354, 1.0303, 1.3657, 2.9011, 2.396, 4.0013, 4.2169, 7.4994, 10.4944, 2.4918, 3.57, 6.5889, 7.4754, 5.6545, 0.3594, 6.1576, 3.2346, 0.7667, 2.3664, 0.024, 0.3834, 0.3115, 0.4313, 0.4792, 6.52, 0.3354, 0.2636, 4.5763, 3.6419, 8.8651, 6.2295, 0.3354, 8.6255, 0.9105, 10.9256, 2.0035]
    ],
    [
      [6.2007, 20.0002, 6.3672, 17.9438, 19.6803, 19.1015, 19.6803, 30.0993, 16.7861, 28.3628, 63.0928, 23.1533, 18.5226, 37.0453, 52.6738, 28.9416, 2.8942, 40.5183, 21.4168, 17.365, 8.1037, 4.0518, 7.3832, 6.946, 6.946, 13.3132, 21.9956, 0, 0.8311, 23.7321, 15.3872, 63.0928, 32.4146, 3.473, 33.3228, 6.946, 122.7125, 21.9956],
      [0.229, 4.9977, 0.1799, 0.507, 0.5561, 0.5398, 0.5561, 0.8505, 0.4743, 0.8015, 1.7828, 0.6543, 0.5234, 1.0468, 1.4884, 0.8178, 0.0818, 1.1449, 0.6052, 0.4907, 0.229, 0.1145, 1.5446, 0.1963, 0.1963, 0.3762, 0.6215, 0, 0.7293, 0.6706, 2.4685, 1.7828, 0.916, 0.0981, 1.0468, 0.1963, 3.4675, 0],
      [6.4781, 0.003, 0.0008, 0.0022, 0.0024, 0.0024, 0.0024, 0.0037, 0.0021, 0.0035, 0.0078, 0.0029, 0.0023, 0.0046, 0.0065, 0.0036, 0.0004, 0.005, 0.0027, 0.0021, 0.001, 0.0005, 0.0011, 0.0009, 0.0009, 0.0016, 0.0027, 0, 0.0002, 0.0029, 0.0021, 0.0078, 0.004, 0.0004, 0.0046, 0.0009, 0, 0],
      [0, 0.5655, 0.1481, 0.4174, 0.4578, 0.4443, 0.4578, 0.7001, 0.3904, 0.6597, 1.4675, 0.5385, 0.4308, 0.8617, 1.2252, 0.6732, 0.0673, 0.9424, 0.4981, 0.4039, 0.1885, 0.0942, 0.202, 0.1616, 0.1616, 0, 0.5116, 0, 0.0404, 0.552, 0.4039, 1.4675, 0.754, 0.0808, 0.8617, 0.1616, 2.8542, 0.5116],
      [1.0922, 1.0366, 0.2715, 0.7651, 0.8392, 0.8145, 0.8392, 1.2834, 0.7158, 1.2094, 2.6903, 0.9873, 0.7898, 1.5796, 2.246, 1.2341, 0.1234, 1.7277, 0.9132, 0.7404, 0.3455, 0.1728, 0.3702, 0.2962, 0.2962, 0.8773, 0.9379, 0, 0.2992, 1.0119, 0.7404, 2.6903, 1.3822, 0.1481, 5.3021, 0.2962, 5.2325, 1.5622],
      [0, 13.6079, 3.564, 10.0439, 11.0159, 10.6919, 11.0159, 16.8479, 9.3959, 15.8759, 35.3158, 12.9599, 10.3679, 20.7359, 29.4838, 16.1999, 1.62, 22.6799, 11.9879, 9.7199, 4.536, 2.268, 4.86, 3.888, 3.888, 7.452, 12.3119, 0, 0.972, 13.2839, 9.7199, 35.3158, 18.1439, 1.944, 20.7359, 3.888, 68.6876, 12.3119],
      [0, 1.7891, 0.4686, 1.3205, 1.4483, 1.4057, 1.4483, 2.215, 1.2353, 2.0872, 4.643, 1.7039, 1.3631, 2.7262, 3.8763, 2.1298, 0.213, 2.9818, 1.5761, 1.2779, 0.5964, 0.2982, 0.6389, 0.5112, 0.5112, 0.9797, 1.6187, 0, 0.1278, 1.7465, 1.2779, 4.643, 2.3854, 0.2556, 2.7262, 0.5112, 9.0456, 1.6187]
    ],
    [
      [0, 0, 4.1717, 5.3492, 7.2383, 1.3387, 4.5781, 0.1339, 1.7699, 3.3015, 15.1585, 2.0596, 1.9968, 4.107, 0, 10.7884, 2.4754, 3.127, 1.9741, 0, 2.8186, 3.4684, 0, 0.8776, 1.1732, 0.3398, 0.5359, 6.6472, 0, 2.496, 0, 4.7702, 13.2312, 0, 0, 0.987, 40.2195, 1.5316],
      [0.0794, 3.433, 3.6867, 0.5979, 3.9809, 1.812, 2.3401, 2.0358, 7.4257, 1.9681, 0, 0, 1.1903, 2.4483, 0, 8.2707, 0.1894, 3.1179, 0, 0, 0, 0.4215, 1.1768, 0, 0.4484, 0.8696, 1.6714, 0, 0.0676, 1.4879, 2.8963, 3.6184, 1.515, 0.9942, 0, 0.5884, 8.949, 0],
      [1.9072, 0, 8.6591, 5.3298, 5.5562, 0.0137, 3.6483, 6.629, 15.589, 2.5343, 4.7812, 1.6982, 0, 3.1526, 4.9727, 0, 0.228, 0, 2.923, 0, 2.4298, 0.5193, 0, 1.0713, 0, 0, 0.8664, 0.5185, 0.2005, 1.9159, 0, 9.9711, 1.9508, 5.6538, 3.2307, 0, 0, 0],
      [0, 9.5707, 0.3872, 0, 2.9394, 1.7772, 0, 5.3926, 2.3495, 13.5322, 48.3806, 12.0058, 6.2888, 5.452, 8.5996, 13.3765, 0, 0, 8.8926, 0, 0, 1.5854, 2.6206, 0, 0.4782, 0, 0, 1.6138, 0.1506, 3.3133, 1.6266, 8.0574, 15.624, 0, 0, 0, 22.1231, 0],
      [217.0134, 227.4905, 211.2723, 570.9564, 563.6861, 104.2554, 311.1021, 264.3537, 116.6325, 236.687, 437.9052, 179.2364, 145.5167, 319.8344, 506.6638, 176.7025, 25.0341, 400.6053, 152.5245, 246.3934, 245.8138, 203.2203, 165.3342, 196.1415, 327.6566, 461.8439, 153.7741, 18.2199, 8.8352, 186.6771, 95.4202, 437.3942, 174.9684, 131.37, 341.0389, 77.5456, 986.0808, 123.206],
      [0, 11.7855, 0, 10.9815, 0, 3.1454, 14.1617, 8.0235, 4.754, 19.0248, 16.4526, 0, 18.9375, 9.6495, 26.9638, 12.6906, 0, 23.2258, 4.6382, 0, 0, 0, 0, 0, 0, 0, 4.7448, 6.6893, 0.2666, 9.8016, 2.8789, 45.5379, 5.971, 3.9185, 23.2236, 4.0989, 24.2044, 10.2624],
      [0, 2.7202, 8.8232, 18.7852, 54.5991, 5.6575, 10.1696, 14.4315, 7.4795, 13.9521, 26.3219, 0, 2.0699, 17.3562, 23.8, 11.1712, 0.0731, 30.9241, 3.0476, 24.6066, 27.9378, 7.7851, 4.8684, 23.9095, 8.2436, 30.9467, 16.4074, 4.3112, 0.4795, 14.308, 5.1781, 25.6507, 10.7397, 5.0635, 18.5069, 3.78, 69.4232, 0]
    ],
    [
      [0.0266, 0, 0.0977, 0.2102, 1.768, 1.4279, 0.4974, 0, 1.7205, 1.4092, 2.1049, 0.5655, 0.7549, 1.0087, 0, 6.4395, 0.0355, 1.2138, 5.367, 0, 0.1984, 0.0266, 0, 0.0859, 0.1155, 0.1214, 0, 0.1303, 0, 2.4223, 0, 0, 1.3115, 0, 0, 0.1806, 6.2263, 0.4263],
      [0.0534, 1.5048, 0.1958, 0.4212, 0.5695, 3.9175, 2.677, 10.1453, 3.2332, 2.5636, 0, 0, 7.9432, 11.9764, 0, 2.3254, 0.0712, 2.4322, 0, 0, 0, 0.0534, 0.3824, 0, 0.2314, 0.2432, 8.4934, 0, 0.1483, 3.1929, 2.4176, 2.8172, 3.0053, 0.1695, 0, 0.3619, 4.2712, 0],
      [1.1087, 0.7696, 0.1877, 0.4038, 3.2225, 0, 0.9554, 15.599, 1.5071, 0.8296, 3.9205, 1.0862, 0, 5.2757, 3.184, 0, 0.0682, 0, 1.2455, 0.2067, 0.381, 0.0512, 0.2445, 0.1649, 0, 0.2332, 0, 0.2502, 1.0213, 1.7225, 0, 11.1051, 2.1226, 0.9441, 0, 0, 0, 0],
      [0, 5.8532, 1.2382, 0, 3.602, 18.8742, 0.9745, 11.6314, 12.9823, 17.8599, 26.6772, 7.1665, 9.5678, 19.9827, 17.0281, 14.7081, 0.4502, 9.7876, 17.9195, 0, 0, 0.3377, 1.6134, 0, 1.4633, 0, 0, 1.6509, 0.3456, 11.4611, 42.2034, 39.2649, 16.6217, 0, 0, 0, 27.0149, 0],
      [0.108, 1.8725, 10.1762, 3.5162, 5.3861, 0, 5.6651, 0, 0, 0, 0, 7.7235, 0, 10.4946, 24.6722, 0, 0.144, 4.9213, 0, 7.3377, 0.8042, 2.3162, 0.5161, 0.9666, 1.6822, 4.9629, 0, 0, 1.2903, 0, 2.03, 0, 0, 9.6332, 5.0173, 3.3679, 8.6423, 1.7285],
      [7.5849, 143.9484, 20.6705, 65.515, 75.8903, 201.7804, 155.0214, 271.2588, 244.5278, 447.4803, 677.171, 172.9939, 236.7341, 467.1789, 536.1157, 361.7166, 11.073, 386.2536, 194.4681, 54.6271, 57.8213, 6.0965, 39.6781, 25.0259, 34.9949, 34.9002, 223.4164, 40.6008, 21.6666, 305.8749, 203.4788, 699.4418, 412.5499, 155.2533, 409.2764, 56.2875, 664.3774, 141.8452],
      [0.1183, 2.0514, 0.4339, 0.9336, 5.5617, 0, 2.2092, 1.3655, 1.0291, 5.8575, 1.1264, 1.4645, 0, 9.083, 0, 6.8103, 0.1578, 5.3915, 0, 0.8284, 7.7951, 0.1183, 0.5654, 2.7567, 0.5128, 0.5391, 3.0902, 1.3678, 0.5279, 4.3263, 2.8702, 5.3711, 7.3891, 0, 3.7063, 0.8021, 9.4679, 0]
    ],
    [
      [0.0306, 0, 0.0688, 0.1529, 0.214, 0.1299, 0.3554, 0.3936, 0.3783, 0.4395, 0.6611, 0.1338, 0.172, 0.4892, 0, 0.3554, 0.0191, 0.4395, 0.4543, 0, 0.1223, 0.0535, 0, 0.0917, 0.0955, 0.1376, 0.1681, 0.0153, 0.0076, 0.3287, 0, 0.8369, 0.5121, 0, 0, 0.0611, 3.0072, 0.0688],
      [0.0772, 1.3472, 0.1737, 0.386, 0.5404, 0.3281, 0.8975, 0.994, 0.9554, 1.1098, 0, 0.3378, 1.4035, 1.2352, 0, 2.4363, 0.0483, 1.1098, 0.3405, 0, 0, 0.1351, 0.9114, 0.2316, 0.2413, 0.3474, 0.4246, 0.0386, 0.0193, 0.8299, 4.3752, 2.1134, 1.2931, 0.7431, 0, 0.1544, 1.8046, 0],
      [5.6496, 70.6194, 12.7115, 28.2478, 39.5469, 24.0106, 65.6761, 72.738, 69.9132, 81.2124, 122.1716, 24.7168, 30.8095, 90.3929, 134.1769, 64.1373, 3.531, 79.9631, 41.6655, 39.5469, 22.907, 9.8867, 31.2764, 16.9487, 16.8888, 25.423, 31.0726, 2.8248, 1.4124, 60.7327, 48.1604, 154.6566, 94.6301, 54.8992, 84.7433, 8.6203, 129.7658, 11.3649],
      [0, 0.2961, 0.0533, 0.1184, 0.1658, 0.1007, 0.2753, 0.3049, 0.2931, 0.3405, 2.1817, 0.1036, 0.1332, 0.379, 0.5625, 0.2753, 0.0148, 0.3405, 0.1747, 0, 0.0947, 0.0414, 1.7099, 0, 0.074, 0, 0.1303, 0.0118, 0.0059, 0.2546, 0.2161, 0.6484, 0.3967, 0, 0.3553, 0.0474, 0.5536, 0.0533],
      [0.1595, 1.6981, 0.3057, 0.6792, 0.9509, 0.5774, 1.5792, 1.749, 1.6811, 1.9528, 2.9377, 0.5943, 0.7641, 2.1736, 5.786, 1.5792, 0.0849, 1.9528, 1.0019, 1.8711, 0.5434, 3.875, 0.7641, 0.4786, 1.1905, 0.7179, 0.7472, 0.0679, 0.034, 1.4604, 1.2396, 3.7188, 2.2754, 1.3075, 3.6543, 0.2717, 3.1754, 1.826],
      [2.0785, 25.9808, 4.6765, 10.3923, 14.5492, 8.8335, 24.1621, 26.7602, 25.721, 29.8779, 44.9468, 9.0933, 11.6914, 33.2554, 49.3635, 24.1621, 1.299, 31.1271, 15.3287, 14.5492, 8.3139, 0, 10.3119, 6.2354, 6.4952, 9.3531, 11.4316, 1.0392, 0.5196, 22.3435, 18.966, 56.898, 34.8143, 20.0052, 31.177, 6.8358, 48.5841, 4.6765],
      [0.0047, 0.0584, 0.0105, 0.0234, 0.0327, 0.0199, 0.0543, 0.0602, 0.0578, 0.0672, 0.1011, 0.0204, 0.0263, 0.0748, 0.111, 0.0543, 0.0029, 0.0672, 0.0345, 0.0327, 0.0187, 0.0082, 0.0263, 0.014, 0.0146, 0.021, 0.0257, 0.0023, 0.0012, 0.0502, 0.0426, 0.1279, 0.0783, 0.045, 0.0701, 0.0093, 0.1092, 0.0105]
    ],
    [
      [0.1028, 0, 0.9766, 1.028, 1.3364, 3.3923, 3.9063, 4.6259, 3.9577, 5.4483, 11.6787, 2.7241, 2.1074, 6.3735, 7.0042, 4.3689, 0.1542, 3.3923, 1.542, 1.4392, 0.8224, 0.1028, 0.6168, 0.7196, 0.8738, 1.1822, 2.5186, 0.3084, 0, 3.3409, 0, 7.7612, 4.2661, 0.4112, 0, 0.514, 11.0486, 0.932],
      [1.151, 46.3893, 10.9342, 11.5097, 14.9626, 37.9819, 43.7367, 51.7935, 44.3122, 61.0012, 93.6375, 26.9374, 23.5948, 71.3599, 85.1769, 48.916, 1.7264, 37.9819, 17.2645, 16.1135, 9.2077, 1.151, 6.9058, 8.0568, 9.7832, 13.2361, 28.1987, 1.2596, 2.8774, 37.4064, 23.1946, 86.8979, 47.7651, 4.6039, 51.8826, 5.7548, 113.3701, 3],
      [0.0094, 0.3467, 0.089, 0.0937, 0.1218, 0.3092, 0.3561, 0.4217, 0.3608, 0.4966, 0.7871, 3.226, 0.1921, 0.581, 0.8199, 0.3982, 0.0141, 0.3092, 0.1406, 0.1312, 0.075, 0.0094, 0.0562, 0.0656, 0.0796, 0.1078, 0.2296, 0.0281, 0.2804, 0.3045, 0.1734, 0.7075, 0.3889, 0.0375, 0.4826, 0.0469, 0, 0.0375],
      [0.223, 8.2526, 2.1189, 2.2304, 2.8996, 7.3604, 8.4756, 10.0369, 8.5871, 11.8213, 18.7356, 6.4962, 4.5724, 13.8286, 19.5162, 9.4793, 0.3346, 7.3604, 3.3456, 3.1226, 1.7843, 0.223, 1.3383, 1.5023, 1.8959, 0, 5.4645, 0.6691, 0.5576, 7.2489, 4.1263, 16.8397, 9.2563, 0.8922, 11.4867, 1.1152, 21.9697, 0.8922],
      [0.1102, 4.0774, 1.0469, 1.102, 1.4326, 3.6366, 4.1876, 4.959, 4.2427, 5.8406, 9.2568, 2.9203, 2.2591, 6.8324, 27.1657, 4.6835, 0.1653, 3.6366, 1.653, 1.5428, 0.8816, 0.1102, 0.6612, 0.8304, 0.9367, 3.8323, 2.6999, 0.3306, 0.2755, 3.5815, 2.0387, 8.3201, 4.5733, 0.4408, 18.3615, 0.551, 10.8547, 1.5239],
      [0.4018, 14.8665, 3.8171, 4.018, 5.2234, 13.2593, 15.2683, 18.0808, 15.4692, 21.2952, 33.7509, 10.6476, 8.2368, 24.9114, 35.1572, 17.0763, 0.6027, 13.2593, 6.0269, 5.6251, 3.2144, 0.4018, 2.4108, 2.8126, 3.4153, 4.6207, 9.844, 3.3987, 1.0045, 13.0584, 7.4332, 30.3356, 16.6745, 1.6072, 20.6925, 2.009, 39.5769, 1.6072],
      [0.0018, 0.0676, 0.0174, 0.0183, 0.0237, 0.0603, 0.0694, 0.0822, 0.0703, 0.0968, 0.1535, 0.0484, 0.0374, 0.1133, 0.1598, 0.0776, 0.0027, 0.0603, 0.0274, 0.0256, 0.0146, 0.0018, 0.011, 0.0128, 0.0155, 0.021, 0.0448, 0.0055, 0.0046, 0.0594, 0.0338, 0.1379, 0.0758, 0.0073, 0.0941, 0.0091, 0.1799, 0.0073]
    ],
    [
      [1.6128, 4.9998, 3.2257, 4.0321, 8.3868, 1.6128, 5.3224, 5.6449, 3.2257, 5.8062, 8.7093, 4.6772, 2.4193, 5.1611, 15.322, 3.5483, 0.3226, 6.6127, 4.3547, 3.1958, 4.6772, 1.2903, 0, 4.1934, 4.6772, 6.7739, 3.8708, 0.8064, 0.1613, 2.4193, 1.6128, 7.0965, 3.5483, 2.0234, 4.6772, 0.8064, 19.9992, 1.4516],
      [1.4036, 4.3513, 2.8073, 3.5091, 7.299, 1.4036, 4.632, 4.9128, 2.8073, 5.0531, 7.5797, 4.0706, 2.1055, 4.4917, 13.3346, 3.088, 0.2807, 5.7549, 3.7898, 4.3513, 3.5633, 1.1229, 2.9477, 0.4945, 4.0706, 5.8953, 3.3687, 0.7018, 0.1404, 2.1055, 1.4036, 6.176, 3.088, 3.3687, 4.0706, 0.7018, 17.4052, 0],
      [0.8403, 2.0586, 1.3281, 1.6601, 3.4531, 0.6641, 2.1914, 2.3242, 1.3281, 2.3906, 3.5859, 1.9257, 0.9961, 2.125, 6.3085, 1.4609, 0.1328, 2.7226, 1.7929, 2.0586, 2.433, 0.5312, 1.3945, 1.7265, 0, 2.2004, 1.5937, 0.332, 0.0664, 0.9961, 0.6641, 2.9218, 1.4609, 3.4411, 1.9257, 0.332, 8.2342, 0.5976],
      [0, 0, 0, 0, 0, 0, 0, 0, 0, 0, 0, 0, 0, 0, 0, 0, 0, 0, 0, 0, 0, 0, 2.0253, 0, 0, 0, 0, 0, 0, 0, 0, 0, 0, 0, 0, 0, 0, 0],
      [0.3639, 1.1282, 0.7279, 0.9099, 1.8925, 0.3639, 1.201, 1.2738, 0.7279, 1.3102, 1.9653, 1.0554, 0.5459, 1.1646, 3.4575, 0.8007, 0.0728, 1.4922, 0.9827, 2.9322, 1.0554, 0.2912, 2.126, 4.1013, 2.9812, 2.1172, 0.8735, 0.182, 0.0364, 0.5459, 0.3639, 1.6014, 0.8007, 0.8735, 1.0554, 0.182, 4.5129, 0.3276],
      [0, 0, 0, 0, 0, 0, 0, 0, 0, 0, 0, 0, 0, 0, 0, 0, 0, 0, 0, 0, 0, 0, 0, 0, 0, 0, 0, 0, 0, 0, 0, 0, 0, 0, 0, 0, 0, 1.2633],
      [5.7793, 18.4621, 11.911, 14.8888, 30.9687, 5.9555, 19.6532, 20.8443, 11.911, 21.4399, 32.1598, 17.271, 8.9333, 19.0576, 56.5774, 13.1021, 1.1911, 24.4176, 16.0799, 18.4621, 17.271, 4.7644, 12.5066, 15.4843, 17.271, 25.0132, 14.2932, 2.9778, 0.5956, 8.9333, 5.9555, 26.2043, 13.1021, 14.2932, 17.271, 2.9778, 73.8484, 5.36]
    ]
  ],
  "V_est": [
    [33.302, 17.8526, 8.5044, 3773.4336, 89.3806, 1244.8123, 130.7145],
    [882.493, 32.9824, 6.5701, 20.3567, 43.8599, 497.337, 65.4008],
    [148.6642, 67.2809, 95.9505, 196.1376, 9748.4067, 326.0324, 553.5279],
    [35.8921, 75.8174, 57.8108, 338.2804, 124.9752, 8264.5954, 95.6287],
    [10.3938, 27.3835, 1907.6507, 10.707, 57.4266, 705.8489, 1.5896],
    [100.9773, 1201.0325, 12.3146, 236.0595, 151.5551, 431.1108, 1.9501],
    [168.2776, 147.6507, 72.1989, 2.0253, 48.3959, 1.2633, 647.1883]
  ],
  "p_est": [
    [0.0063, 0.0034, 0.0016, 0.7122, 0.0169, 0.235, 0.0247],
    [0.5697, 0.0213, 0.0042, 0.0131, 0.0283, 0.3211, 0.0422],
    [0.0133, 0.006, 0.0086, 0.0176, 0.8754, 0.0293, 0.0497],
    [0.004, 0.0084, 0.0064, 0.0376, 0.0139, 0.919, 0.0106],
    [0.0038, 0.0101, 0.7011, 0.0039, 0.0211, 0.2594, 0.0006],
    [0.0473, 0.5625, 0.0058, 0.1106, 0.071, 0.2019, 0.0009],
    [0.1548, 0.1358, 0.0664, 0.0019, 0.0445, 0.0012, 0.5954]
  ],
  "EI_Z": {},
  "EI_V": 19.2057,
  "MAE_Z": {},
  "MAE_V": 258.0544,
  "MAE_p": 0.0733,
  "runtime": 1.6179
}
