{
  "Z_true": {},
  "V_true": [
    [672, 58, 74, 112, 91, 1942, 28],
    [32, 20, 1499, 35, 246, 176, 29],
    [165, 369, 1011, 544, 6897, 1065, 378],
    [290, 128, 120, 271, 39, 6456, 102],
    [107, 110, 161, 2652, 340, 1530, 73],
    [51, 1099, 75, 234, 212, 1219, 101],
    [56, 60, 179, 133, 337, 340, 446]
  ],
  "p_true": [
    [0.2257, 0.0195, 0.0249, 0.0376, 0.0306, 0.6523, 0.0094],
    [0.0157, 0.0098, 0.7359, 0.0172, 0.1208, 0.0864, 0.0142],
    [0.0158, 0.0354, 0.0969, 0.0522, 0.6613, 0.1021, 0.0362],
    [0.0392, 0.0173, 0.0162, 0.0366, 0.0053, 0.8717, 0.0138],
    [0.0215, 0.0221, 0.0324, 0.5333, 0.0684, 0.3077, 0.0147],
    [0.0171, 0.3674, 0.0251, 0.0782, 0.0709, 0.4076, 0.0338],
    [0.0361, 0.0387, 0.1154, 0.0858, 0.2173, 0.2192, 0.2876]
  ],
  "Z_est": [
    [
      [18.0464, 2.6239, 0.656, 62.2221, 11.9477, 28.2042, 9.3786, 0.656, 4.5918, 46.5739, 34.7665, 28.2067, 26.2388, 29.951, 28.2067, 7.8717, 6.5597, 6.5597, 28.869, 34.824, 57.1521, 11.6231, 21.647, 38.0463, 6.5785, 5.9691, 12.4634, 59.55, 13.1194, 35.0941, 24.2709, 38.0463, 0, 3.933, 46.5739, 5.2478, 72.9952, 9.3786],
      [1.4655, 0.059, 0, 0.984, 0.4754, 4.1952, 0.3779, 0.0197, 0.2926, 1.4957, 1.573, 0.5904, 1.6532, 1.4316, 1.3186, 0.1771, 0.1378, 0.4267, 2.1649, 1.6532, 1.8652, 0, 1.0728, 5.2314, 0.1341, 0.5364, 0.4527, 2.2187, 0.5364, 1.1021, 0.7479, 2.3814, 0, 0.1585, 1.4761, 0.2559, 2.109, 0.0787],
      [2.8414, 0.2011, 0.0827, 7.2169, 1.0556, 7.4998, 0.9117, 0.0543, 3.7426, 4.4623, 3.9345, 5.544, 3.9825, 4.9768, 3.5507, 2.831, 1.3573, 3.3588, 5.5801, 14.581, 19.2826, 1.8098, 4.2704, 14.2616, 0, 1.6794, 1.6589, 9.1493, 2.9949, 6.1199, 1.2273, 9.9086, 0, 0.6535, 7.6292, 1.919, 8.6969, 1.5584],
      [0.1977, 0.0618, 0.0247, 1.1986, 0.2264, 9.0288, 0.1359, 0.033, 0.3966, 5.4721, 1.8177, 0.6796, 2.1996, 1.6359, 2.6444, 0.5123, 0.6302, 0.5784, 3.0399, 3.0873, 2.5283, 0.5949, 1.3593, 2.7431, 0.1483, 1.2793, 0.1977, 0, 0.4943, 1.9169, 0.8593, 5.5882, 0, 0.2148, 2.5703, 0.4943, 2.5085, 0.1359],
      [1.2183, 0.0552, 0.0163, 1.5381, 0.8555, 1.8846, 0.1247, 0.0163, 0.3223, 1.237, 0.8952, 0.4393, 1.3149, 0.8056, 1.1517, 0.3888, 0.1573, 0.3324, 3.5946, 1.2451, 1.2451, 0, 1.116, 1.6652, 0, 0.3581, 0.1217, 0, 0, 0.944, 0.4232, 1.3565, 0, 0.1058, 1.3446, 1.4103, 0, 0.2523],
      [37.2196, 0.999, 1.2203, 115.8233, 24.3869, 91.1803, 20.0689, 1.2203, 14.6438, 92.7439, 66.9931, 55.5243, 63.5911, 60.1808, 64.1093, 19.214, 18.1497, 23.7403, 67.7274, 97.5814, 70.8987, 21.9657, 58.5183, 104.025, 4.1386, 34.1749, 18.0995, 111.0486, 26.8469, 70.7782, 24.4667, 89.6931, 0, 7.932, 98.3842, 17.5695, 86.6587, 19.5947],
      [0.0112, 0, 0, 0.017, 0.0525, 0.0071, 0.0024, 0.0004, 0.0104, 0.0151, 0.02, 0.0156, 0.0198, 0.0182, 0.0185, 0.0052, 0.008, 0.0038, 0.0241, 0.0281, 0.0281, 0.0066, 0.0161, 0.0274, 0.0005, 0.0028, 0.0061, 0.0334, 0.0081, 0.0448, 0.0047, 0.026, 0, 0.0024, 0.0217, 0.1032, 0.0317, 0.0014]
    ],
    [
      [0.0444, 0, 0, 0.118, 0.1722, 0.0443, 0.0231, 0.0024, 0.0135, 0.0717, 0.0587, 0.1149, 0.071, 0.097, 0.0764, 0.0213, 0.0225, 0.0178, 0.0718, 0.0766, 0.1527, 0.0444, 0.0586, 0.103, 0.4864, 0.0371, 0.0337, 0.2322, 0.0355, 0.1149, 0.0657, 0.1029, 0, 0.0168, 0.1305, 0.0142, 0.2777, 0.0359],
      [0.0299, 0, 0, 0.0551, 0.7538, 0.0516, 0.013, 0.002, 0.0518, 0.0578, 0.0489, 0.033, 0.0925, 0.0808, 0.0738, 0.0099, 0.0077, 0.0498, 0.0598, 0.0638, 0.0749, 0.0259, 0.0568, 0.1242, 0.005, 0.0309, 0.0253, 0.1934, 0.0441, 0.0617, 0.0418, 0.0857, 0, 0.0176, 0.0826, 0.0143, 0.2313, 0.0044],
      [29.363, 0, 0, 57.7472, 17.8817, 36.2144, 12.724, 1.5522, 50.8959, 56.7684, 47.9596, 93.9616, 55.4058, 79.2801, 52.2378, 34.3798, 22.5091, 48.9383, 58.726, 62.641, 86.3651, 25.4479, 55.7897, 100.8129, 4.4107, 28.7646, 16.639, 189.8807, 44.3164, 93.9663, 37.1931, 84.1739, 0, 10.5785, 106.6283, 23.5665, 227.0738, 29.1257],
      [0.0381, 0, 0, 0.2311, 0.0931, 0.1723, 0.0262, 0.0095, 0.2421, 0.27, 0.2281, 0.4469, 0.424, 0.3771, 0.6766, 0.1072, 0.1215, 0.0929, 0.2793, 0.298, 0.4097, 0.121, 0.262, 0.4795, 0.0259, 0.1443, 0.0574, 0.9032, 0.0953, 0.4469, 0.1769, 0.4004, 0, 1.0394, 0.5075, 0.0953, 1.0801, 0.0262],
      [0.1845, 0, 0, 0.1799, 0.061, 0.1128, 0.0396, 0.2092, 0.1829, 0.1768, 0.1494, 0.2927, 0.337, 0.2469, 0.2952, 0.1067, 0.0689, 0.3841, 0.1829, 0.1667, 0.2009, 0.066, 0.1867, 0.314, 0.0152, 0.0945, 0.0518, 0.5914, 0, 0.2927, 0.1199, 0.2622, 0, 1.5043, 0.3447, 0.0732, 0.7073, 0.0915],
      [0.2985, 0, 0, 0.5871, 0.294, 0.3682, 0.162, 0.2198, 0.5174, 0.5772, 0.4531, 1.018, 0.5672, 0.806, 2.5427, 0.3483, 0.2289, 0.4975, 0.5971, 0.6369, 0.6944, 0.2587, 0.5672, 1.0249, 0.0498, 1.9135, 0.1692, 1.9305, 0.4478, 0.886, 0.3781, 0.8558, 0, 0.2453, 1.1944, 0.1975, 2.3086, 0.709],
      [0.0415, 0, 0, 0.0817, 0.7442, 0.0366, 0.0122, 0.0049, 0.0964, 0.078, 0.1024, 0.1329, 0.1024, 0.1122, 0.0975, 0.0268, 0.0414, 0.0195, 0.0831, 0.117, 0.1024, 0.036, 0.0789, 0.1414, 0.0069, 0.0151, 0.0235, 0.2686, 0.0609, 0.2316, 0.0244, 0.1191, 0, 0.5982, 0.1121, 0.039, 0.3212, 0.0073]
    ],
    [
      [0.4109, 0.171, 0.0428, 3.8479, 0.7696, 1.5704, 0.5558, 0.1126, 0.2993, 3.0356, 2.5921, 1.8385, 1.7102, 2.3515, 1.8385, 0.5131, 0.4222, 0.4275, 1.8812, 2.266, 3.6769, 2.9157, 1.4109, 2.4798, 0.6841, 0.2983, 1.0878, 15.1714, 0.8551, 1.9789, 1.5819, 2.4798, 0, 0.2993, 3.0356, 0.342, 6.5842, 0.5986],
      [7.6368, 0.8838, 0, 14.6862, 4.1121, 15.5674, 2.9372, 0.5405, 6.2659, 22.323, 25.2603, 8.8117, 24.6728, 27.9038, 21.2187, 2.6435, 2.0561, 5.287, 26.8502, 24.6728, 19.452, 15.2736, 21.1481, 43.831, 1.1916, 6.2233, 6.775, 39.6527, 11.749, 16.4485, 11.1615, 35.5881, 0.9818, 7.0294, 22.0293, 3.8184, 36.0168, 1.1749],
      [3.4307, 0.9399, 0.1571, 13.8169, 2.1145, 10.0571, 2.7568, 0.3143, 12.2571, 14.6142, 14.2865, 16.5936, 6.7635, 20.1142, 10.2721, 9.2714, 3.5247, 8.7561, 14.2185, 21.4213, 16.5893, 13.6056, 13.9856, 38.4577, 0.8459, 0, 4.1904, 44.8608, 12.7285, 19.6995, 5.8226, 37.3397, 0, 2.5143, 22.7676, 5.9714, 49.814, 3.3837],
      [6.4023, 1.9481, 0.3055, 37.1594, 5.602, 46.8544, 4.4016, 1.6006, 18.8068, 99.6359, 82.4854, 22.0079, 74.2076, 132.0475, 85.6308, 18.0065, 20.2483, 15.2018, 96.1527, 74.9858, 53.4151, 37.2134, 44.0158, 101.8905, 4.7283, 9.1594, 6.4023, 84.4304, 16.0058, 50.4057, 26.5776, 110.0839, 0, 31.8208, 82.4821, 16.0058, 92.3895, 4.4016],
      [55.0618, 16.0572, 1.4712, 218.5258, 46.6723, 201.6241, 39.2047, 11.2499, 135.3495, 325.7723, 303.1114, 137.4011, 413.5162, 553.2014, 362.1767, 122.2813, 47.8013, 101.582, 377.688, 320.9488, 245.6943, 160.5526, 352.6407, 531.8315, 10.2679, 36.6746, 38.7576, 415.0186, 84.0101, 241.0775, 128.8154, 428.0156, 0.9894, 161.486, 403.1773, 87.7967, 402.8345, 57.8736],
      [0, 0, 0.0234, 5.83, 0.7022, 3.265, 5.1233, 0.4776, 1.9312, 1.4877, 5.0672, 2.2118, 4.9574, 0, 5.6991, 4.2391, 0.8777, 0.7127, 0, 6.4999, 0, 3.3447, 15.6552, 9.2714, 0.2781, 0.6202, 1.0164, 20.5255, 8.5491, 0, 0, 7.2673, 0.0288, 1.4767, 6.3194, 0, 6.963, 4.5553],
      [0.0574, 0, 0, 0.1338, 0.0273, 0.0616, 0.0205, 0.7045, 0.0903, 0.1313, 0.1971, 0.1354, 0.1723, 0.3816, 0.1641, 0.0451, 0.0698, 0.0328, 0.2093, 0.2053, 0.1723, 0.0944, 0.1436, 0.238, 0.0041, 0.0241, 0.7705, 0.3406, 0.1026, 0.3898, 0.041, 0.2257, 0, 0.3736, 0.1888, 0.0657, 0.398, 0.0123]
    ],
    [
      [5.8588, 0.941, 0.1722, 17.9488, 4.2183, 9.8428, 2.2005, 0.1405, 1.6405, 16.6661, 12.4206, 8.2427, 9.3741, 15.6686, 10.0771, 2.8122, 2.3435, 2.3435, 10.3115, 12.4206, 20.1542, 6.7777, 7.7336, 13.5924, 2.0765, 2.1092, 4.4527, 25.0756, 4.687, 15.1628, 8.671, 13.5924, 0, 2.295, 16.639, 1.8748, 26.7161, 3.2809],
      [7.7069, 0.0506, 0, 0.7976, 0.2362, 1.1004, 0.1687, 0.0126, 0.273, 1.282, 1.4507, 0.506, 1.4169, 1.638, 1.1302, 0.1518, 0.1181, 0.462, 1.8464, 1.4169, 1.147, 0.6552, 1.0374, 2.4628, 0.0506, 0.3711, 0.388, 2.2772, 0.4914, 0.9446, 0.641, 2.0411, 0.3824, 0.4956, 1.2651, 0.2193, 2.0579, 0.0675],
      [0.0241, 0.0013, 0.0006, 0, 0, 0.0665, 0.0115, 0, 0.047, 0.0561, 0.0494, 0.0421, 0.05, 0.0881, 0, 0.0356, 0.0193, 0.0422, 0.0561, 0.0863, 0.085, 0.0396, 0.0536, 0.1151, 0, 0.0211, 0.0178, 0.1305, 0.0488, 0.0886, 0.0297, 0.0946, 0, 0.0096, 0.0958, 0.0229, 0.1079, 0.017],
      [0.0936, 0.0157, 0, 0, 0.0819, 0.824, 0.0644, 0, 0.2044, 2.6362, 1.0122, 0, 3.0134, 1.9307, 1.252, 0.2633, 0.4473, 0.2282, 1.4393, 1.0882, 0.8271, 0.5441, 0.6436, 1.2637, 0, 0.2768, 0.0936, 0.3847, 0.234, 1.0976, 0.3861, 1.5212, 0, 1.347, 1.2169, 0.234, 1.3366, 0.0644],
      [1.4516, 0.1652, 0.009, 0.7184, 0.1887, 0.8643, 0, 0.0099, 0.434, 1.0447, 0.9402, 0, 3.4313, 1.82, 1.0875, 0.3921, 0.1587, 3.2695, 1.2542, 1.0088, 0.7903, 0.5146, 1.1255, 1.3262, 0, 0.1197, 0.1227, 0, 0, 1.1514, 0.4131, 1.368, 0.003, 1.4026, 1.3592, 0.2844, 1.2542, 0.221],
      [82.2524, 3.8263, 2.8182, 324.0948, 64.0749, 248.7019, 46.355, 2.8182, 61.5208, 356.0346, 267.3455, 155.9413, 294.0338, 365.1337, 275.8528, 80.9049, 77.233, 103.3346, 260.2152, 322.0586, 238.3159, 146.5486, 235.0059, 380.9192, 14.8328, 84.8621, 64.4877, 482.8543, 110.8074, 326.754, 106.459, 335.1822, 2.6146, 110.8498, 389.5835, 65.7244, 389.6463, 63.2292],
      [0.6126, 0, 0, 1.4404, 0.2001, 0.6002, 0.2001, 0.0188, 0.8802, 1.2803, 1.7814, 1.2679, 1.6804, 3.721, 1.6004, 0.4401, 0.6802, 0.3201, 1.8773, 1.9205, 1.6804, 0.9202, 1.4004, 2.3206, 0.04, 0.2401, 0.4375, 3.2778, 0.7313, 3.801, 0.4001, 2.2006, 0, 1.6004, 1.8405, 0.6402, 3.881, 0.12]
    ],
    [
      [0.3644, 0.1856, 0.0949, 4.0956, 0.8191, 1.9113, 0.5916, 0.0879, 0.3186, 3.231, 2.4119, 3.7527, 1.8203, 5.1513, 1.9568, 0.5472, 0.4563, 0.4551, 2.0023, 2.4119, 3.9136, 2.7883, 1.5017, 2.6394, 2.955, 0.4096, 0.8646, 4.8693, 0.8795, 2.5484, 1.6838, 2.6394, 0, 0.3186, 3.5601, 0.3641, 5.1878, 0.435],
      [0.1796, 0.0207, 0, 0.3454, 0.0967, 0.3995, 0.0691, 0.0179, 0.1972, 0.5249, 0.594, 0.2072, 0.5802, 1.0501, 0.671, 0.0622, 0.0483, 0.1409, 0.7598, 0.5583, 0.4697, 0.3592, 0.4973, 1.0084, 0.7947, 0.152, 0.1589, 1.3259, 0.1793, 0.3868, 0.2625, 0.8358, 0, 0.1105, 0.518, 0.0898, 0.8427, 0.0276],
      [0.2691, 0.1503, 0.1672, 1.3547, 0.2041, 1.4475, 0.2412, 0.0296, 4.734, 1.3758, 1.2131, 5.8458, 0, 3.8042, 1.0948, 4.2074, 0.5845, 1.0356, 1.3758, 1.7457, 2.0859, 2.4006, 1.3167, 2.1248, 0.0888, 0.4454, 0.3698, 4.7187, 1.1983, 2.1747, 0.5938, 2.3226, 0, 0, 2.3522, 1.9153, 0.9131, 0.1485],
      [8.7243, 2.7263, 1.5044, 52.8911, 7.6338, 70.885, 5.998, 2.3519, 25.867, 129.9573, 83.5012, 29.9957, 90.9781, 183.3602, 116.8543, 24.6341, 27.8087, 21.2655, 136.6902, 101.42, 74.1566, 51.5758, 59.9796, 99.9585, 6.5432, 20.952, 8.801, 118.1084, 21.8108, 91.7372, 32.507, 133.5671, 0, 41.9909, 115.7302, 21.8562, 96.03, 5.998],
      [1.4123, 2.8793, 1.1851, 6.2141, 1.2966, 6.6397, 1.1066, 0.494, 5.1376, 9.0505, 7.193, 4.9372, 8.2571, 33.1897, 11.1513, 3.8393, 1.6413, 2.9045, 13.0055, 4.9884, 6.8462, 4.5268, 11.416, 9.5626, 0.2853, 1.0373, 0.9789, 14.4712, 0.0163, 6.954, 2.724, 11.4918, 0, 3.5327, 27.6291, 2.5112, 0, 1.5115],
      [11.0033, 1.0377, 2.0485, 64.0011, 9.3732, 67.1666, 15.4767, 2.7581, 29.2156, 73.7529, 52.9457, 54.6505, 71.2233, 135.4295, 110.1374, 43.1125, 23.9037, 25.1717, 76.4949, 82.7144, 58.3869, 44.772, 79.5346, 86.8881, 6.8296, 21.9836, 8.8066, 154.7277, 34.9861, 75.3797, 21.1954, 91.4585, 0, 16.913, 142.0558, 22.386, 68.2711, 6.3694],
      [7.047, 0, 0, 17.098, 2.5764, 7.5504, 2.5168, 1.2604, 11.53, 16.1075, 21.1411, 16.6109, 21.1411, 48.015, 20.1344, 5.5974, 8.5571, 4.0269, 25.6714, 24.1613, 21.1411, 11.5773, 17.7541, 26.8182, 0.5034, 3.0202, 3.0202, 41.7789, 10.9298, 47.8192, 5.0336, 27.6848, 0, 20.1344, 23.1546, 9.8775, 48.7552, 1.5101]
    ],
    [
      [0.0075, 0.003, 0.0007, 0.0668, 0.0061, 0.0255, 0.0048, 0.0005, 0.0041, 0.0798, 0.0477, 0.0319, 0.0297, 0.0408, 0.0317, 0.0078, 0.0068, 0.0074, 0.0326, 0.0473, 0.0638, 0.3322, 0.0245, 0.043, 0.0007, 0.0067, 0.0141, 0.0794, 0.0148, 0.0426, 0.0274, 0.043, 0, 0.0052, 0.0572, 0.0059, 0.0846, 0.0064],
      [8.9597, 1.9818, 0, 33.0292, 8.3204, 31.6258, 6.4193, 0.4073, 4.8871, 50.2303, 57.0165, 19.8175, 55.4891, 62.7555, 42.5068, 5.9453, 4.6241, 11.6066, 78.1941, 55.5581, 44.9197, 35.6443, 48.1269, 91.7658, 0.8145, 14.6614, 15.1934, 89.1789, 26.9473, 36.9927, 25.1022, 79.9307, 1.6358, 8.1452, 49.548, 8.5876, 80.5913, 2.6423],
      [1.0956, 0.1494, 0.2204, 4.728, 0, 3.0565, 0.3088, 0.0496, 0.5976, 4.7489, 6.9723, 2.6709, 3.9639, 6.113, 0, 2.8177, 0.996, 1.3945, 4.4415, 6.9225, 6.7339, 4.9304, 5.3519, 9.1218, 0.0996, 1.6715, 1.1939, 10.6078, 12.221, 8.9547, 2.4834, 8.4663, 0, 0.7641, 8.3667, 1.8148, 9.5619, 0.3486],
      [0.0592, 0.0148, 0.0098, 0.3586, 0.0518, 0.3691, 0.0407, 0.0049, 0.0591, 2.728, 0.689, 0.2034, 0.6581, 0.6496, 0.4577, 0.1132, 0.1886, 0.0779, 0.9449, 0.6877, 0.5413, 0.4872, 0.4067, 0.7986, 0.0098, 0.1772, 0.0592, 0.7801, 0.1479, 2.7074, 0.9794, 0.9613, 0, 0.0984, 0.8268, 0.1479, 0.9449, 0.0344],
      [0.4542, 0.0619, 0.0413, 2.2918, 0.3716, 1.5485, 0, 0.0206, 0.2478, 2.5602, 2.8906, 1.0323, 3.3518, 2.7254, 1.9202, 0.9912, 0.401, 0.5781, 12.2408, 2.8699, 2.2712, 2.044, 2.8449, 0.5025, 0.0413, 0.3026, 0.2743, 2.2267, 0.681, 2.6627, 1.2595, 3.4577, 0.0076, 0.4129, 10.8304, 0.8455, 3.1702, 0.2487],
      [11.0214, 0.7892, 1.7278, 69.491, 9.1064, 37.9435, 7.0828, 0.5059, 6.071, 62.7332, 70.8278, 25.2956, 64.3005, 58.1055, 47.0499, 12.8692, 13.295, 14.1056, 94.2646, 71.3694, 54.2474, 54.8766, 74.7667, 83.1015, 1.0118, 19.0082, 12.0926, 107.7594, 42.0654, 63.2391, 30.8607, 75.5604, 0.3567, 10.1183, 96.5264, 14.1385, 94.8597, 3.6418],
      [0.4023, 0, 0, 1.0345, 0.1437, 0.431, 0.1437, 0.0111, 0.1334, 0.9196, 1.5562, 0.9483, 1.2069, 1.6102, 1.0338, 0.2557, 0.4885, 0.2299, 1.8815, 1.5451, 1.2228, 0.6853, 1.4784, 1.6667, 0.0222, 0.1724, 0.1724, 2.3677, 0.9226, 10.4008, 0.2874, 1.5805, 0, 0.4558, 1.8445, 0.4598, 2.7874, 0.0778]
    ],
    [
      [0.2677, 0.0756, 0.0335, 1.7008, 0.0669, 0.4015, 0.2457, 0, 0.1323, 1.3418, 0.7026, 0.8126, 0.7559, 1.7398, 0.8128, 0.2268, 0.189, 0.189, 0.8315, 0.9536, 0.8866, 0.5186, 0.6236, 1.0961, 3.2188, 0.1701, 0.0836, 2.0221, 0.4086, 1.0583, 0.6992, 1.0961, 0, 0.1323, 1.0037, 0.1512, 2.1544, 0.2646],
      [0.0216, 0.004, 0, 0.1025, 0.0054, 0.0601, 0.0148, 0, 0.0324, 0.0862, 0.0566, 0.034, 0.0953, 0.1403, 0.0809, 0.0102, 0.0079, 0.027, 0.1248, 0.0769, 0.0715, 0.0418, 0.0607, 1.5763, 0.0094, 0.025, 0.0067, 0.1531, 0.0526, 0.0635, 0.0431, 0.1373, 0, 0.0432, 0.0809, 0.0147, 0.1511, 0.0045],
      [2.9761, 0.558, 0.372, 14.1363, 0.744, 5.6583, 2.046, 0, 5.7258, 10.9742, 7.5846, 8.3419, 12.8343, 13.6236, 6.8446, 5.4572, 3.009, 6.4746, 8.602, 10.6022, 9.8582, 5.7661, 8.232, 26.1061, 0.555, 2.418, 0.93, 22.6523, 7.4921, 15.9963, 4.6501, 14.6943, 0, 1.4799, 11.1602, 2.7901, 20.8324, 2.418],
      [0.4848, 0.2333, 0.1555, 5.1612, 0.3111, 1.8665, 0.3333, 0, 1.4241, 8.3005, 3.2664, 1.6665, 6.5192, 9.9989, 6.4841, 1.3635, 1.5554, 1.5554, 7.4537, 4.433, 4.1219, 2.4636, 3.333, 8.8659, 0.5444, 1.011, 0.3889, 6.3932, 1.212, 6.6883, 4.5137, 7.8779, 0, 2.4887, 4.6663, 1.1666, 8.7104, 0.3395],
      [2.2173, 1.7812, 0.2772, 10.532, 0.5543, 3.3259, 1.5244, 0, 3.3259, 9.1585, 5.8203, 3.8974, 12.7917, 16.0109, 10.2175, 3.0006, 2.7716, 2.9494, 11.0338, 5.7722, 6.9521, 4.2959, 6.6701, 15.798, 0.3903, 1.4131, 0.6929, 11.6922, 5.2927, 11.9178, 4.245, 11.0482, 0, 4.5557, 8.3147, 2.0787, 11.0338, 1.8015],
      [4.2047, 0.3479, 1.1618, 28.1727, 1.0624, 6.3745, 4.7314, 0, 4.1002, 15.6707, 7.3677, 10.3586, 18.3267, 23.3446, 18.6088, 5.3121, 5.3121, 5.4376, 16.7008, 15.1394, 13.4568, 8.2337, 11.9522, 33.7698, 1.8592, 5.4375, 1.328, 28.1541, 12.2974, 17.963, 6.6401, 20.9827, 0, 6.465, 15.9363, 3.9841, 28.2926, 6.9008],
      [5.8279, 0, 0, 16.1945, 1.2559, 6.3132, 2.1044, 0, 9.2594, 13.4682, 17.2017, 13.889, 17.677, 39.1418, 16.9512, 4.6297, 7.155, 3.367, 21.2533, 20.0227, 17.6529, 9.6802, 14.1284, 26.7877, 0.4229, 2.5253, 1.5698, 34.933, 12.2446, 32.3127, 4.2088, 23.1634, 0, 16.8352, 18.8378, 4.8147, 40.8254, 1.271]
    ]
  ],
  "V_est": [
    [878.6432, 40.8487, 170.5848, 57.2344, 27.9358, 1801.111, 0.6421],
    [3.06, 2.655, 1983.919, 10.4051, 8.2933, 24.5502, 4.1174],
    [72.1368, 543.8751, 478.2572, 1615.1188, 7578.211, 134.9762, 6.4249],
    [320.5349, 38.7601, 1.6537, 26.0661, 29.7042, 6943.2271, 46.0539],
    [70.2239, 14.542, 56.0498, 2126.3495, 232.018, 1892.5613, 581.2556],
    [1.334, 1199.8025, 143.9396, 18.4745, 70.6829, 1516.1863, 40.5802],
    [27.0672, 3.5166, 284.596, 127.3517, 215.1549, 415.3878, 477.9258]
  ],
  "p_est": [
    [0.2951, 0.0137, 0.0573, 0.0192, 0.0094, 0.605, 0.0002],
    [0.0015, 0.0013, 0.9739, 0.0051, 0.0041, 0.0121, 0.002],
    [0.0069, 0.0522, 0.0459, 0.1549, 0.7266, 0.0129, 0.0006],
    [0.0433, 0.0052, 0.0002, 0.0035, 0.004, 0.9375, 0.0062],
    [0.0141, 0.0029, 0.0113, 0.4276, 0.0467, 0.3806, 0.1169],
    [0.0004, 0.4011, 0.0481, 0.0062, 0.0236, 0.5069, 0.0136],
    [0.0175, 0.0023, 0.1835, 0.0821, 0.1387, 0.2678, 0.3081]
  ],
  "EI_Z": {},
  "EI_V": 14.7811,
  "MAE_Z": {},
  "MAE_V": 195.2559,
  "MAE_p": 0.0434,
  "runtime": 11.342
}
