{
  "Z_true": {},
  "V_true": [
    [6, 31, 714, 290],
    [143, 136, 14563, 1043],
    [208, 6557, 1453, 1162],
    [629, 425, 569, 190],
    [13, 248, 165, 526],
    [17, 243, 623, 879]
  ],
  "p_true": [
    [0.0058, 0.0298, 0.6859, 0.2786],
    [0.009, 0.0086, 0.9168, 0.0657],
    [0.0222, 0.699, 0.1549, 0.1239],
    [0.3469, 0.2344, 0.3138, 0.1048],
    [0.0137, 0.2605, 0.1733, 0.5525],
    [0.0096, 0.1379, 0.3536, 0.4989]
  ],
  "Z_est": [
    [
      [1.9896, 0, 3, 2, 2, 2, 1, 3, 0.3636, 1, 2, 3, 2, 4, 4, 1.9682, 0, 0, 0.3696, 0.2948, 2, 3, 4, 5, 2, 4, 3, 2, 3, 3, 2, 3, 2, 5, 2.0004],
      [0.0077, 0.1181, 8, 6, 10, 6, 2, 7, 0.0616, 4, 2, 4, 4, 11, 8, 0.9841, 0.4942, 0.4532, 0.1689, 0.1572, 4, 9, 14, 19, 8, 23, 18, 8, 12, 14, 1, 13, 2, 18, 8.0004],
      [1.0025, 1.1433, 21, 13, 22, 16, 9, 20, 3.021, 13, 10, 13, 10, 30, 17, 2.0041, 1.2422, 2.1047, 0.3233, 1.2576, 11, 22, 33, 37, 19, 46, 40, 15, 24, 32, 4, 23, 7, 60, 11],
      [0.0003, 0.7386, 3, 3, 5, 3, 2, 4, 1.5539, 2, 2, 2, 2, 6, 4, 0.0436, 0.2636, 0.4422, 0.1381, 0.2904, 3, 4, 7, 9, 4, 10, 8, 3, 5, 5, 0, 6, 1, 16, 3.9992]
    ],
    [
      [3.9942, 0, 31, 12, 20, 14, 7, 22, 0.4013, 15, 7, 19, 12, 24, 29, 2.9945, 0, 0, 1.0834, 1.2026, 12, 30, 20, 17, 7, 33, 25, 21, 26, 22, 13, 26, 12, 45, 2.9994],
      [27.9925, 0.4917, 206, 99, 144, 137, 44, 165, 1.1576, 125, 44, 107, 85, 155, 151, 24.9603, 4.8335, 13.5025, 4.7555, 1.8594, 82, 162, 118, 127, 108, 311, 229, 178, 222, 238, 46.0001, 198, 36, 279, 29.9998],
      [63.0206, 4.5138, 485, 208, 315, 400, 175, 415, 22.4197, 383, 182, 337, 228, 404, 306, 50.9912, 12.214, 42.2775, 13.5657, 13.2099, 186, 402, 275, 239, 239, 626, 511, 340, 445, 511, 112, 339, 122, 906, 41],
      [14.9927, 2.9946, 78, 53, 78, 87, 37, 98, 20.0214, 60, 38, 69, 52, 92, 84, 14.054, 2.9525, 10.2201, 5.5953, 4.7281, 56, 81, 60, 62, 60, 137, 101, 72, 98, 84, 9.9999, 89, 20, 245, 15.0008]
    ],
    [
      [2.0042, 0, 17, 6, 10, 6, 2, 12, 0.2173, 5, 2, 7, 5, 12, 17, 2.0171, 0, 0, 1.0379, 0.2627, 6, 16, 12, 12, 3, 23, 16, 15, 17, 17, 6, 21, 4, 17, 2],
      [11.999, 0.051, 115, 69, 86, 63, 18, 91, 1.4569, 53, 16, 41, 49, 80, 93, 13.9962, 2.184, 5.9952, 4.0133, 0.4348, 47, 90, 75, 96, 69, 226, 160, 136, 155, 187, 26, 165, 17, 110, 26.9996],
      [30.0057, 0.6074, 269, 139, 183, 183, 64, 226, 25.7347, 158, 63, 131, 126, 211, 187, 28.0167, 5.4533, 18.7947, 10.9448, 2.4345, 106, 224, 175, 177, 153, 452, 354, 259, 309, 399, 60, 283, 50, 360, 37.9994],
      [6.9911, 0.3416, 43, 36, 45, 39, 13, 53, 23.5911, 25, 13, 27, 29, 48, 51, 7.97, 1.3628, 4.2101, 5.0041, 0.868, 32, 45, 38, 46, 38, 99, 70, 55, 68, 65, 5, 74, 8, 97, 13.001]
    ],
    [
      [0.0085, 0, 3, 1.8316e-14, 2, 1, 8.6346e-09, 1, 0.0072, 1, 5.7682e-11, 1, 7.3866e-16, 2, 4, 0.0138, 0, 0, 0.2001, 0.1154, 1, 4, 3, 2, 1.0362e-12, 4, 2, 3, 3, 2, 2, 4, 1, 3, 9.2096e-06],
      [4.0019, 0.1224, 23, 9, 18, 9, 2, 12, 0.059, 9, 2, 10, 8, 14, 21, 3.0011, 0, 0.4721, 0.7344, 0.2614, 11, 24, 18, 17, 9, 42, 27, 26, 28, 23, 10.9999, 32, 6, 22, 5],
      [11.9898, 1.1294, 57, 22, 42, 29, 14, 35, 1.1765, 28, 14, 34, 23, 41, 45, 7.9876, 0, 1.2752, 2.2112, 1.8727, 24, 64, 46, 33, 21, 87, 62, 53, 60, 50, 24, 56, 22, 74, 10.0004],
      [1.9998, 0.7483, 8, 5, 9, 6, 2, 7, 0.7574, 4, 2, 6, 4, 8, 11, 0.9975, 0, 0.2527, 0.8544, 0.7505, 7, 12, 9, 8, 5, 18, 11, 10, 12, 8, 2.0001, 14, 3, 19, 2.9996]
    ],
    [
      [0.0001, 0, 1, 1.3509e-15, 1, 1, 8.6325e-09, 1, 0.0064, 1.1713e-16, 1.7799e-12, 2.1692e-11, 4.1859e-15, 3.6456e-22, 1, 0.005, 0, 0, 0.0178, 0.0216, 2.8166e-12, 1, 1, 1, 1.0283e-12, 1, 1.1346e-21, 1, 1, 1, 0, 2, 5.9277e-07, 2, 2.8027e-06],
      [1.0042, 0, 8, 8, 11, 13, 2, 9, 0.0995, 5, 2, 4, 4, 6, 8, 1.0146, 0.2662, 0.4503, 0.3062, 0.1056, 4, 8, 8, 9, 8, 18, 9, 14, 13, 11, 0, 21, 1.5253e-06, 14, 1.0002],
      [2.9956, 0, 20, 17, 25, 41, 12, 23, 2.4086, 17, 12, 15, 15, 16, 16, 4.0042, 0.5354, 1.1143, 0.4648, 0.6175, 12, 21, 20, 20, 18, 39, 21, 29, 26, 27, 2, 38, 3, 46, 3],
      [1.0002, 0, 4, 5, 7, 10, 4, 7, 2.4855, 3, 3, 4, 3, 5, 6, 1.9762, 0.1984, 0.4355, 0.2111, 0.2553, 3, 5, 6, 5, 5, 9, 5, 6, 7, 4, 2.6914e-06, 11, 1.8562e-06, 14, 0.9998]
    ],
    [
      [0.0035, 0, 3, 1, 1, 1, 8.6496e-09, 3, 0.0043, 1, 1, 2, 7.4657e-15, 3, 2, 0.0014, 0, 0, 0.2912, 0.1028, 1, 2, 2, 1, 4.7054e-15, 4, 2, 2, 3, 2, 0, 3, 3.0082e-06, 4, 0.0002],
      [2.9947, 0.2169, 20, 14, 14, 12, 3, 22, 0.1655, 10, 6, 12, 8, 19, 15, 1.0437, 0.2221, 2.1268, 1.0216, 0.1817, 8, 13, 12, 9, 13, 38, 26, 23, 30, 25, 2, 29, 2, 25, 3],
      [6.9859, 2.6062, 49, 29, 30, 36, 13, 56, 3.2395, 32, 26, 39, 21, 50, 31, 2.9963, 0.5552, 7.4337, 2.4902, 1.6078, 20, 32, 29, 18, 30, 78, 59, 45, 61, 54, 7, 50, 8, 82, 5.0002],
      [3.016, 2.1769, 10, 9, 9, 9, 4, 15, 3.5907, 6, 7, 10, 7, 13, 10, 1.9586, 0.2228, 1.4395, 1.197, 1.1078, 8, 8, 7, 6, 10, 19, 13, 12, 15, 11, 2, 14, 3, 23, 3.9996]
    ]
  ],
  "V_est": [
    [78.9861, 245.4454, 590.0986, 126.4699],
    [533.6753, 3905.5528, 9354.2125, 2091.5594],
    [293.5392, 2400.13, 5460.9911, 1225.3397],
    [49.345, 446.6521, 1097.6427, 219.3601],
    [16.0509, 221.2468, 566.1403, 148.562],
    [44.4034, 420.9729, 1017.9148, 278.7088]
  ],
  "p_est": [
    [0.0759, 0.2358, 0.5669, 0.1215],
    [0.0336, 0.2459, 0.5889, 0.1317],
    [0.0313, 0.2559, 0.5822, 0.1306],
    [0.0272, 0.2464, 0.6054, 0.121],
    [0.0169, 0.2324, 0.5947, 0.1561],
    [0.0252, 0.2389, 0.5777, 0.1582]
  ],
  "EI_Z": {},
  "EI_V": 36.4455,
  "MAE_Z": {},
  "MAE_V": 936.4355,
  "MAE_p": 0.1777,
  "runtime": 0.3034
}
