{
  "X": [
    [19, 24, 83, 435, 30],
    [20, 11, 34, 323, 12],
    [35, 32, 56, 332, 16],
    [81, 72, 155, 970, 73],
    [0, 0, 3, 5, 0],
    [12, 7, 42, 449, 30],
    [29, 27, 48, 503, 14],
    [50, 27, 657, 538, 117],
    [95, 118, 585, 1421, 127],
    [24, 18, 93, 319, 29],
    [2, 0, 18, 2, 0],
    [7, 6, 38, 60, 8],
    [2, 4, 50, 9, 4],
    [2, 3, 10, 34, 2],
    [3, 6, 57, 24, 5],
    [14, 15, 135, 127, 32],
    [2, 1, 4, 2, 0],
    [1, 2, 26, 22, 6],
    [41, 28, 204, 907, 57],
    [4, 6, 88, 9, 11],
    [59, 114, 342, 606, 76],
    [35, 55, 309, 232, 36],
    [25, 36, 127, 156, 23],
    [63, 67, 238, 695, 55],
    [39, 57, 182, 411, 41],
    [74, 88, 312, 937, 72],
    [48, 54, 230, 372, 52],
    [47, 76, 323, 377, 37],
    [62, 64, 373, 658, 59],
    [28, 33, 145, 545, 46],
    [40, 45, 186, 343, 34],
    [31, 59, 259, 328, 33],
    [9, 2, 8, 62, 8],
    [1, 0, 7, 50, 5],
    [61, 80, 281, 1190, 82],
    [22, 49, 180, 204, 28],
    [36, 48, 306, 255, 30],
    [42, 24, 75, 538, 43],
    [3, 3, 7, 48, 2],
    [47, 51, 343, 529, 34],
    [113, 183, 625, 1553, 149],
    [23, 24, 167, 233, 10],
    [158, 98, 767, 1166, 112],
    [10, 1, 28, 117, 5]
  ],
  "W": [
    [15, 20, 81, 417, 40, 18],
    [8, 29, 42, 287, 22, 12],
    [22, 28, 55, 302, 47, 17],
    [37, 86, 158, 906, 106, 58],
    [0, 0, 4, 3, 1, 0],
    [29, 19, 37, 415, 19, 21],
    [15, 31, 42, 476, 34, 23],
    [53, 54, 674, 498, 54, 56],
    [86, 123, 552, 1313, 224, 48],
    [17, 26, 89, 296, 44, 11],
    [0, 0, 17, 4, 0, 1],
    [1, 7, 42, 55, 10, 4],
    [0, 0, 51, 10, 6, 2],
    [2, 4, 11, 31, 2, 1],
    [1, 3, 56, 25, 7, 3],
    [13, 10, 138, 123, 21, 18],
    [0, 1, 4, 3, 0, 1],
    [0, 5, 24, 17, 9, 2],
    [32, 53, 220, 836, 49, 47],
    [2, 4, 88, 7, 8, 9],
    [35, 55, 364, 535, 151, 57],
    [21, 23, 310, 195, 81, 37],
    [8, 20, 144, 131, 50, 14],
    [42, 77, 223, 633, 99, 44],
    [27, 51, 184, 350, 94, 24],
    [56, 103, 305, 838, 129, 52],
    [15, 50, 226, 348, 91, 26],
    [25, 48, 333, 322, 99, 33],
    [36, 63, 392, 612, 91, 22],
    [29, 38, 138, 518, 49, 25],
    [30, 40, 197, 294, 60, 27],
    [23, 44, 259, 260, 86, 38],
    [4, 8, 11, 59, 3, 4],
    [6, 5, 4, 48, 0, 0],
    [68, 94, 297, 1051, 122, 62],
    [13, 20, 184, 175, 73, 18],
    [15, 31, 318, 224, 61, 26],
    [35, 45, 75, 492, 46, 29],
    [1, 4, 6, 46, 2, 4],
    [13, 52, 325, 487, 86, 41],
    [70, 122, 631, 1403, 289, 108],
    [2, 30, 154, 213, 40, 18],
    [48, 144, 761, 1102, 133, 113],
    [5, 19, 24, 103, 6, 4]
  ],
  "method": "mvn_cdf",
  "mvncdf_method": "genz",
  "mvncdf_samples": 5000,
  "mvncdf_error": 1e-06,
  "cond_prob": [
    [
      [0.0038329009016, 0.00023655198616, 0.0030336497487, 0.58211206669, 0.41078483067],
      [0.3201372669, 0.0023410355578, 0.12011470971, 0.54080759306, 0.016599394769],
      [0.012622867714, 0.021299512905, 0.90397837848, 0.0091128128061, 0.05298642809],
      [0.012890887858, 0.00044873958395, 0.0038880835314, 0.95950018897, 0.023272100052],
      [0.040087697499, 0.51949931092, 0.10270953545, 0.24153765985, 0.096165796277],
      [0.25447660779, 0.067417789595, 0.089486460917, 0.28960279734, 0.29901634436]
    ],
    [
      [0.0041348956635, 0.00011927152313, 0.00090509446194, 0.75607229537, 0.23876844298],
      [0.31650199166, 0.0010755251882, 0.032452942202, 0.64115034125, 0.0088191997046],
      [0.039833991091, 0.031595004324, 0.80373539524, 0.034414290191, 0.090421319154],
      [0.010915920037, 0.0001776328433, 0.00091144736099, 0.97735886848, 0.010636131281],
      [0.06101977246, 0.37516264761, 0.043112627065, 0.44158215088, 0.079122801986],
      [0.3115302389, 0.038279235718, 0.029975346104, 0.42362107394, 0.19659410534]
    ],
    [
      [0.0099694458872, 0.00038100161385, 0.0029555886531, 0.70236107919, 0.28433288466],
      [0.51767190156, 0.0023225858129, 0.072020997253, 0.4008834426, 0.0071010727804],
      [0.032885639443, 0.034321778662, 0.88501310107, 0.010987167157, 0.036792313672],
      [0.027706811045, 0.00059750347606, 0.0031337724868, 0.9551996557, 0.013362257291],
      [0.074519694451, 0.59878541347, 0.071407076012, 0.20766918834, 0.047618627726],
      [0.47095947926, 0.076506336153, 0.061392512228, 0.24569673528, 0.14544493708]
    ],
    [
      [0.0055217084344, 0.00029961175696, 0.002270240377, 0.58411396731, 0.40779447212],
      [0.41211531085, 0.0026711713115, 0.080693049199, 0.48953044882, 0.014990019827],
      [0.023859287137, 0.035141697246, 0.85940289081, 0.012085174032, 0.069510950778],
      [0.018453251725, 0.0005657045542, 0.0028987405558, 0.954908818, 0.023173485166],
      [0.051663156574, 0.57614353914, 0.068286270918, 0.21784178812, 0.086065245248],
      [0.32966976886, 0.077004834687, 0.060332392593, 0.26366919053, 0.26932381333]
    ],
    [
      [0.0051799783571, 0.0002924389067, 0.0036923535695, 0.59401431556, 0.39682091361],
      [0.37269365209, 0.0025302391619, 0.12718212411, 0.48334787473, 0.014246109902],
      [0.0010537075461, 0.0044355504571, 0.53224970198, 0.45193026046, 0.010330779558],
      [6.4322876652e-07, 1.0605009224e-07, 3.3302779795e-07, 0.99999708261, 1.8350832306e-06],
      [2.7521979334e-06, 2.7495121439e-08, 1.9832698384e-06, 0.99999020314, 5.0339003214e-06],
      [0.30408172285, 0.074107859001, 0.096806916603, 0.26540127866, 0.25960222289]
    ],
    [
      [0.0026394176393, 0.0001004891918, 0.0025422270363, 0.63312814608, 0.36158972005],
      [0.23754289933, 0.0010766996269, 0.10930260723, 0.63624245986, 0.015835333956],
      [0.01018969716, 0.01065119528, 0.9129910651, 0.011599978119, 0.054568064342],
      [0.0082501558531, 0.00017729658188, 0.0030333125169, 0.96944636135, 0.019092873694],
      [0.040381176863, 0.32489608738, 0.12655889433, 0.38420680402, 0.1239570374],
      [0.20397638489, 0.03335012433, 0.087687949706, 0.36741441402, 0.30757112705]
    ],
    [
      [0.0057725206255, 0.00046763663663, 0.0034901626503, 0.72599460165, 0.26427507844],
      [0.36796261502, 0.0035377371579, 0.10574016715, 0.51455556251, 0.0082039181657],
      [0.016456815521, 0.036505810109, 0.90760127748, 0.0098407835265, 0.029595313367],
      [0.015726100082, 0.00071932389591, 0.0036311590451, 0.9677220623, 0.01220135468],
      [0.03797501623, 0.65913063507, 0.074471988073, 0.18935391833, 0.0390684423],
      [0.32680288106, 0.11404402253, 0.087842489139, 0.30742869763, 0.16388190964]
    ],
    [
      [0.0037677351847, 0.00015116403795, 0.0044554021758, 0.41324406833, 0.57838163027],
      [0.34788774893, 0.001667018581, 0.19573547325, 0.42843724562, 0.026272513614],
      [0.0089762379545, 0.0097764432526, 0.92216782592, 0.0047092083339, 0.054370284541],
      [0.017286305868, 0.00039153853088, 0.0077967705244, 0.9294642442, 0.045061140878],
      [0.047971642331, 0.39416596824, 0.18222599387, 0.20962963522, 0.16600676033],
      [0.23655258132, 0.040843596881, 0.12455312782, 0.1961763669, 0.40187432707]
    ],
    [
      [0.0047622031885, 0.00023645381205, 0.004897454788, 0.56279592764, 0.42730796058],
      [0.34819662395, 0.0020709125098, 0.17096251919, 0.46330061605, 0.015469328305],
      [0.010449876438, 0.014057951279, 0.93248911798, 0.0059222479011, 0.037080806399],
      [0.016464173745, 0.00046199546359, 0.0064698750255, 0.95141956202, 0.02518439375],
      [0.047270682738, 0.47783403834, 0.1561180409, 0.22289132147, 0.095885916553],
      [0.28060447923, 0.060019206334, 0.12867361206, 0.25135214659, 0.27935055579]
    ],
    [
      [0.0052106724093, 0.00014283222598, 0.0033054225032, 0.55377048012, 0.43757059274],
      [0.39738099174, 0.001282175099, 0.11871242324, 0.46663788536, 0.015986524565],
      [0.015931267006, 0.011909741093, 0.91188264495, 0.0080346691936, 0.052241677754],
      [0.018259377318, 0.00028203466584, 0.0044079432436, 0.95132550332, 0.025725141452],
      [0.067507730963, 0.3834061749, 0.13832263988, 0.28429724808, 0.12646620618],
      [0.32231513382, 0.037595817835, 0.09031384028, 0.25522787857, 0.2945473295]
    ],
    [
      [0.026786051789, 0.00016271152253, 0.023972794319, 0.0012265523313, 0.94785189004],
      [0.99606293738, 6.7810362301e-06, 0.0038964661816, 2.0311490415e-07, 3.3612284316e-05],
      [0.012610335137, 0.0017926761209, 0.98141742691, 1.9682981252e-05, 0.0041598788546],
      [0.55109524299, 0.00094713935013, 0.082675619664, 0.30760882185, 0.057673176146],
      [0.0073848324545, 0.94101568727, 0.049704128071, 2.8116561437e-06, 0.0018925405515],
      [0.9585248088, 0.0020630316114, 0.031129641284, 3.5617641882e-05, 0.0082469006597]
    ],
    [
      [0.0048147339295, 0.00016745312379, 0.0019703562074, 0.51631099304, 0.4767364637],
      [0.42708531609, 0.0016329821264, 0.076558652231, 0.4769162552, 0.017806794352],
      [0.021658972893, 0.020981940079, 0.8657327722, 0.010591311054, 0.081035003777],
      [0.017671872676, 0.00034152941222, 0.0026834788249, 0.95203579427, 0.027267324817],
      [0.060778547278, 0.47787483961, 0.080759223223, 0.25270931232, 0.12787807757],
      [0.32445150278, 0.046284152091, 0.056291369908, 0.24502485389, 0.32794812133]
    ],
    [
      [0.0057320949827, 0.00027049055311, 0.0077283247785, 0.23061247751, 0.75565661217],
      [0.54534834989, 0.0022375804995, 0.25681072078, 0.17412507158, 0.021478277243],
      [0.0073765256967, 0.0094385750082, 0.94893291248, 0.0013067851258, 0.032945201688],
      [0.035025507162, 0.00092994348148, 0.016752615871, 0.88426749496, 0.063024438524],
      [0.048817614997, 0.54755135235, 0.20897495194, 0.073354575635, 0.12130150507],
      [0.3329175597, 0.056429690047, 0.16749322326, 0.078059708983, 0.36509981801]
    ],
    [
      [0.0033219852157, 0.00092680983262, 0.002204488197, 0.67408551757, 0.31946119918],
      [0.30054755253, 0.0088885140287, 0.085367174665, 0.59417842239, 0.011018336381],
      [0.0095558344656, 0.087580605724, 0.86157771424, 0.0081549618552, 0.033130883716],
      [0.0095293335871, 0.001455202174, 0.0023145304408, 0.97308215344, 0.013618780356],
      [0.0038564210823, 0.9504255654, 0.010059366902, 0.028107591849, 0.0075510547636],
      [0.2012516828, 0.27886384978, 0.058993874874, 0.27227106033, 0.18861953222]
    ],
    [
      [0.0044041323747, 0.00046875140066, 0.009740594041, 0.31042436695, 0.67496215524],
      [0.36949985533, 0.0041477703976, 0.34716943925, 0.25740499281, 0.021777942208],
      [0.0044757098971, 0.013250104322, 0.95613903248, 0.001423699253, 0.024711454048],
      [0.02404774341, 0.0014080850006, 0.019180516836, 0.9013986015, 0.053965053252],
      [0.024675254344, 0.65187960748, 0.18034295432, 0.066074138567, 0.077028045288],
      [0.22917939409, 0.10110726575, 0.21535922511, 0.11054637295, 0.3438077421]
    ],
    [
      [0.0041560826946, 0.00024856757211, 0.0045616466617, 0.34054540317, 0.6504882999],
      [0.40199191308, 0.0028014318128, 0.20550435417, 0.36025614162, 0.029446159319],
      [0.0092820214952, 0.015186680234, 0.91576259248, 0.0035906421193, 0.056178063676],
      [0.022387100116, 0.00075306938263, 0.0092939364557, 0.90958598213, 0.057979911911],
      [0.041665963623, 0.53184690752, 0.14791683156, 0.13475198222, 0.14381831507],
      [0.24785161003, 0.063229280645, 0.11990665202, 0.15041020825, 0.41860224906]
    ],
    [
      [0.051856327658, 0.021461850651, 0.030286904311, 0.082111546976, 0.8142833704],
      [0.2805909249, 3.0004194152e-05, 0.60608058281, 0.1132984839, 4.197118406e-09],
      [4.4748270175e-26, 0.9872416187, 5.3918010705e-23, 1.9112607301e-26, 0.012758381304],
      [7.94977879e-24, 0.58001755026, 1.1194426669e-23, 4.614872709e-22, 0.41998244974],
      [0.047549022672, 0.54322559152, 0.10865003189, 0.21796796231, 0.082607391597],
      [0.11855121656, 0.86424026237, 0.01495323426, 0.00094407276719, 0.0013112140476]
    ],
    [
      [0.00092632510332, 4.9415598127e-05, 0.0029890432295, 0.26027121456, 0.73576400151],
      [0.1675509425, 0.0010068506142, 0.24510048796, 0.53728874841, 0.049052970518],
      [0.0027440602946, 0.0039965766041, 0.91800939814, 0.0035423292318, 0.071707635734],
      [0.0060984087444, 0.00017666679289, 0.0069400821869, 0.92436059875, 0.062424243526],
      [0.020374859161, 0.2314842614, 0.21346746738, 0.22934168095, 0.30533173111],
      [0.074828168244, 0.017268082217, 0.11091248863, 0.16084526813, 0.63614599277]
    ],
    [
      [0.0033895338431, 0.00014656040957, 0.0018187877326, 0.66897164042, 0.3256734776],
      [0.28362302915, 0.0014659853165, 0.072492078003, 0.62898089215, 0.013438015376],
      [0.018486459917, 0.021762308633, 0.87212903312, 0.017436946591, 0.070185251739],
      [0.010057416043, 0.00024568284014, 0.0020612286352, 0.97119420268, 0.016441469802],
      [0.046122929926, 0.41162794835, 0.079648290436, 0.36255321102, 0.10004762027],
      [0.25120747766, 0.046769420711, 0.060019728688, 0.37467272781, 0.26733064513]
    ],
    [
      [0.0031707027041, 0.00025152163417, 0.0069104734924, 0.2496757519, 0.73999155027],
      [0.34234502583, 0.0030407474217, 0.3338118615, 0.28687908685, 0.033923278396],
      [0.0046817634888, 0.010233417526, 0.94285576812, 0.0017078772933, 0.040521173573],
      [0.021137472319, 0.00093701373822, 0.017011022511, 0.88486740428, 0.076047087153],
      [0.029285124306, 0.52895157034, 0.20772191549, 0.090023792625, 0.14401759724],
      [0.18951722008, 0.063586708813, 0.17998003466, 0.10741460854, 0.45950142791]
    ],
    [
      [0.0048828346111, 0.00038414023404, 0.0027899705642, 0.58050325381, 0.41143980078],
      [0.37637883681, 0.0035351000504, 0.10231271443, 0.50215524933, 0.015618099375],
      [0.017600463705, 0.037541183893, 0.87626849797, 0.010009305973, 0.058580548454],
      [0.016420689957, 0.00072996687229, 0.0035829779619, 0.95573532963, 0.023531035582],
      [0.039104887438, 0.62956020742, 0.071767116122, 0.18521828169, 0.074349507335],
      [0.29215641878, 0.098870277431, 0.074269288431, 0.2623840398, 0.27231997556]
    ],
    [
      [0.0065868356709, 0.00035303700456, 0.0052868600535, 0.59296147728, 0.39481178999],
      [0.41393875766, 0.0026297584885, 0.15714266606, 0.41419759886, 0.012091218928],
      [0.013221021663, 0.019228551761, 0.93064927765, 0.0056590996743, 0.031242049255],
      [0.021491616022, 0.0006506230159, 0.0065779361623, 0.94945436706, 0.021825457744],
      [0.051216074419, 0.5646323043, 0.13221520062, 0.18289863324, 0.069037787417],
      [0.3429479267, 0.07862575389, 0.12189435827, 0.23099171671, 0.22554024443]
    ],
    [
      [0.0069767857433, 0.00031069295829, 0.0019962345685, 0.61235666581, 0.37835962092],
      [0.47040646016, 0.0024446004385, 0.062578649214, 0.45243880291, 0.012131487271],
      [0.033062009766, 0.04006675142, 0.84278830087, 0.013694977135, 0.070387960806],
      [0.022123298181, 0.00055537130402, 0.0024060989007, 0.95480079406, 0.020114437553],
      [0.062983953891, 0.58448457199, 0.057926503273, 0.2183658911, 0.076239079752],
      [0.39248475674, 0.074005311842, 0.04913940655, 0.25426800833, 0.23010251654]
    ],
    [
      [0.0057430958188, 0.00036122204167, 0.0046624022986, 0.60478316298, 0.38445011686],
      [0.38340932094, 0.0028793508988, 0.14831874807, 0.45276425941, 0.012628320681],
      [0.01298588064, 0.022176509079, 0.92400352157, 0.0065405960009, 0.034293492714],
      [0.01851591197, 0.00065787186459, 0.0057405924889, 0.95401855216, 0.02106707152],
      [0.044931687167, 0.58139734741, 0.11741124482, 0.18843498095, 0.067824739656],
      [0.31576523747, 0.085477556185, 0.11416173842, 0.25104573081, 0.23354973711]
    ],
    [
      [0.0048428550407, 0.00026559326746, 0.0029298206765, 0.62198667185, 0.36997505916],
      [0.36148260817, 0.0023581016972, 0.10377753334, 0.51887792652, 0.01350383027],
      [0.016842454004, 0.025083562906, 0.89706424756, 0.010316658125, 0.050693077401],
      [0.015279192231, 0.0004731445006, 0.0035269986323, 0.96094053991, 0.019780124729],
      [0.047504310091, 0.53572762715, 0.092465998587, 0.2426321003, 0.081669963874],
      [0.30196942466, 0.071053915174, 0.081126061058, 0.29174974252, 0.25410085658]
    ],
    [
      [0.0048685339398, 0.00033523379796, 0.0036324544824, 0.6275757217, 0.36358805608],
      [0.35083616066, 0.0028903277912, 0.12487222374, 0.50845821987, 0.012943067945],
      [0.013983621148, 0.026122630088, 0.90999520675, 0.0086318796106, 0.041266662405],
      [0.015233995281, 0.00059274450602, 0.0043426468362, 0.96045679033, 0.019373823049],
      [0.041091290539, 0.57987353424, 0.098566552723, 0.21115245449, 0.069316168002],
      [0.29137170989, 0.086439555531, 0.096889229998, 0.28421690585, 0.24108259873]
    ],
    [
      [0.0058799428238, 0.00026240217332, 0.0041648668128, 0.44874767377, 0.54094511442],
      [0.44710165653, 0.0023671560063, 0.14992595047, 0.38062883808, 0.01997639891],
      [0.014628045775, 0.017714034236, 0.90950257049, 0.0053314120246, 0.052823937478],
      [0.024831885116, 0.00062516060419, 0.0067002322708, 0.9293298449, 0.03851287711],
      [0.056995837675, 0.52256831853, 0.12980753574, 0.17307476228, 0.11755354577],
      [0.3236534141, 0.061900927289, 0.10171308923, 0.18576834256, 0.32696422682]
    ],
    [
      [0.0063149718391, 0.00043397322284, 0.0039885816587, 0.65190370114, 0.33735877214],
      [0.4020719966, 0.0032877230051, 0.12049230159, 0.46361682373, 0.01053115507],
      [0.01646817884, 0.030720009034, 0.90994683971, 0.0081064646009, 0.03475850782],
      [0.018959709962, 0.00073593681028, 0.004569916783, 0.95853278878, 0.017201647666],
      [0.044491232636, 0.62899721047, 0.090371975614, 0.18255261054, 0.053586970745],
      [0.34016838883, 0.10031937377, 0.09536734514, 0.26395167193, 0.20019322032]
    ],
    [
      [0.0067582535263, 0.00032296431766, 0.0035044102913, 0.59443708605, 0.39497728582],
      [0.44165454963, 0.002512952094, 0.10867431086, 0.43449615623, 0.012662031187],
      [0.019885428348, 0.025806895005, 0.90005766586, 0.0083585352589, 0.04589147553],
      [0.022093660386, 0.000596146428, 0.004371257147, 0.95100726107, 0.021931674971],
      [0.057773020168, 0.56757038236, 0.096300376528, 0.20223846303, 0.076117757915],
      [0.36465958606, 0.07482334759, 0.083957637339, 0.24161036642, 0.23494906259]
    ],
    [
      [0.0038544490701, 0.00030291580777, 0.0041964316098, 0.54262090919, 0.44902529433],
      [0.31661286981, 0.0029631129217, 0.16409787214, 0.49832414749, 0.018001997643],
      [0.0095083967911, 0.020368519518, 0.92023487477, 0.0063843069143, 0.043503902002],
      [0.013816660968, 0.00061279999117, 0.005736807167, 0.95261527374, 0.027218458134],
      [0.034315311356, 0.56317510789, 0.12069214736, 0.19205274707, 0.08976468632],
      [0.23993700932, 0.081245234601, 0.11640960611, 0.25442940502, 0.30797874495]
    ],
    [
      [0.0064614035013, 0.00035659471364, 0.0029321573978, 0.6514097493, 0.33884009508],
      [0.42225345509, 0.0027628071414, 0.090610492456, 0.47358187866, 0.01079136665],
      [0.022168539959, 0.033294397228, 0.88807855622, 0.010633870696, 0.045824635901],
      [0.019428222768, 0.00060535452247, 0.0033629866173, 0.95933418833, 0.017269247762],
      [0.052348014383, 0.59995034947, 0.076504265462, 0.20944788193, 0.061749488753],
      [0.36131716713, 0.085424997397, 0.072604593324, 0.27278472355, 0.2078685186]
    ],
    [
      [0.0039794132691, 0.00032013860029, 0.0037489480602, 0.68417402916, 0.30777747091],
      [0.29225250054, 0.0028046451059, 0.13103409199, 0.5627986786, 0.011110083764],
      [0.011135312803, 0.024330809856, 0.9213833825, 0.0091183489592, 0.034032145878],
      [0.011501503042, 0.00052275872035, 0.0041362070626, 0.96873045298, 0.015109078193],
      [0.034272488563, 0.56780722923, 0.10395061653, 0.23417714705, 0.059792518624],
      [0.25550149206, 0.088387678342, 0.10711255192, 0.33068098319, 0.21831729449]
    ],
    [
      [0.0067313787755, 9.9790598635e-05, 0.00066198551126, 0.41801026064, 0.57449658448],
      [0.591277013, 0.00091553168582, 0.023868011713, 0.36455541427, 0.019384029327],
      [0.064059232984, 0.027386393492, 0.69713763626, 0.018039797156, 0.1933769401],
      [0.030015907969, 0.0002456446321, 0.0011001350098, 0.93015532921, 0.038482983183],
      [0.10416323468, 0.43382640989, 0.033301668025, 0.24850016541, 0.180208522],
      [0.42604955152, 0.024783128476, 0.01685142439, 0.18138522915, 0.35093066647]
    ],
    [
      [0.0017651667723, 5.6170583496e-06, 0.015602110281, 0.43542946442, 0.54719764147],
      [0.10980695859, 4.6232921773e-05, 0.59899600095, 0.27804614213, 0.013104665409],
      [0.00053837743319, 3.0775526267e-05, 0.99384803175, 0.00056248428961, 0.0050203310045],
      [0.0076713902954, 1.3427206853e-05, 0.025278224261, 0.93309847064, 0.033938487601],
      [0.047549022672, 0.54322559152, 0.10865003189, 0.21796796231, 0.082607391597],
      [0.088614411263, 5.1950228306e-05, 0.47619661812, 0.15903846654, 0.27609855385]
    ],
    [
      [0.0034634975201, 0.0002401413847, 0.0020435182787, 0.67598522709, 0.31826761572],
      [0.28304343489, 0.0023506307729, 0.079702584138, 0.62202537839, 0.012877971813],
      [0.016975692297, 0.031941022615, 0.87351555462, 0.015868553064, 0.0616991774],
      [0.010175566174, 0.00039876986621, 0.0022946131816, 0.97118809689, 0.015942953888],
      [0.037093060007, 0.5268119217, 0.07033077963, 0.28869676689, 0.077067471771],
      [0.24628848864, 0.073618165088, 0.064783199429, 0.36413810928, 0.25117203756]
    ],
    [
      [0.0051526659411, 0.00034118747899, 0.0038067091331, 0.58539636684, 0.40530307061],
      [0.3771317298, 0.0029456784781, 0.13120395184, 0.47440432727, 0.014314312621],
      [0.013925327592, 0.025040803189, 0.91050109851, 0.0075012897831, 0.043031480929],
      [0.017108583376, 0.00063931810691, 0.0048126621727, 0.95476698458, 0.022672451764],
      [0.04288198064, 0.58660191794, 0.1019681852, 0.19299853101, 0.075549385213],
      [0.30162691756, 0.085238200638, 0.098461938321, 0.25548400913, 0.25918893436]
    ],
    [
      [0.0069450899697, 0.00040548645759, 0.0044516052344, 0.61832729634, 0.369870522],
      [0.43026948202, 0.0029743302404, 0.13022805995, 0.42538163526, 0.011146492521],
      [0.016293891937, 0.025861275633, 0.91671130275, 0.0068916776833, 0.034241851993],
      [0.021805963637, 0.00071857477174, 0.0053258168254, 0.95249816369, 0.019651481072],
      [0.05030495552, 0.6081218854, 0.10377804004, 0.17754145107, 0.060253667973],
      [0.35938762629, 0.089784584531, 0.1019198107, 0.23914099506, 0.20976698342]
    ],
    [
      [0.0053811691861, 0.00017448784516, 0.0021081285552, 0.60232823067, 0.39000798375],
      [0.40432314299, 0.0015568114564, 0.075083728068, 0.50475586814, 0.014280449342],
      [0.024825611627, 0.021932557507, 0.86935261209, 0.013247763786, 0.070641454989],
      [0.017488054356, 0.00032013545269, 0.0026154669008, 0.95811570794, 0.021460635351],
      [0.066307519507, 0.44696243841, 0.083754784346, 0.29502834422, 0.10794691351],
      [0.33899343004, 0.047111377308, 0.058903355823, 0.28503547037, 0.26995636646]
    ],
    [
      [0.0042252736104, 0.00090627992483, 0.0041180601415, 0.67147885251, 0.31927153381],
      [0.32110311099, 0.0076708547346, 0.14656310039, 0.51472463668, 0.0099382972003],
      [0.006668950644, 0.043944425943, 0.92670590631, 0.0046180791066, 0.018062637992],
      [0.012124519015, 0.0014450230145, 0.0044340850146, 0.96791019572, 0.014086177231],
      [0.0068040533796, 0.91906240536, 0.024109014595, 0.039471333794, 0.010553192875],
      [0.23198567993, 0.24115056437, 0.10242837835, 0.25065220463, 0.17378317272]
    ],
    [
      [0.0056188150718, 0.00029230443569, 0.0062541789381, 0.63777611061, 0.35005859095],
      [0.35237632861, 0.0021870269621, 0.18672813423, 0.44791720099, 0.010791309212],
      [0.0097171581573, 0.013729872032, 0.94736733801, 0.0052657371108, 0.023919894694],
      [0.017213259605, 0.00050575809067, 0.0073120403088, 0.9567573426, 0.018211599397],
      [0.047189254486, 0.50432792146, 0.16909458048, 0.21307437578, 0.066313867797],
      [0.30656821122, 0.068549999848, 0.15185037932, 0.26216937638, 0.21086203324]
    ],
    [
      [0.0043755317003, 0.00027941083442, 0.0031444725993, 0.59453664403, 0.39766394084],
      [0.34159033602, 0.0026150291604, 0.1172391359, 0.52315697551, 0.015398523408],
      [0.014444951647, 0.024982991662, 0.89919369317, 0.0094159359617, 0.051962427554],
      [0.014428774935, 0.00052086166309, 0.0039635559886, 0.95871136356, 0.022375443851],
      [0.042059460543, 0.54634373064, 0.097012958298, 0.22810126317, 0.086482587353],
      [0.2750281259, 0.075698549942, 0.088145842401, 0.28348264909, 0.27764483267]
    ],
    [
      [0.0058538140693, 0.00031849615358, 0.0074997435846, 0.6730229152, 0.31330503099],
      [0.34321331732, 0.0022107602272, 0.20839140114, 0.4372870289, 0.0088974924199],
      [0.0083499838648, 0.01240162346, 0.9570855246, 0.0045442423434, 0.01761862573],
      [0.016994430147, 0.00052139709362, 0.008287724133, 0.95888155228, 0.015314896344],
      [0.044870196257, 0.51102442869, 0.18614844354, 0.20403052821, 0.053926403309],
      [0.30837354116, 0.071831125714, 0.17528217919, 0.26407779166, 0.18043536227]
    ],
    [
      [0.0078959780471, 0.00034788625099, 0.0053861497952, 0.55524263089, 0.43112735502],
      [0.46531053484, 0.0024550618631, 0.15143976587, 0.36821714527, 0.012577492152],
      [0.015674038305, 0.018719919534, 0.92645714435, 0.0052852985931, 0.033863599215],
      [0.027312996509, 0.00068005000119, 0.0071184607136, 0.93946649866, 0.025421994116],
      [0.061622080635, 0.55446095299, 0.1349881913, 0.17285353096, 0.07607524411],
      [0.37994060121, 0.072123375385, 0.11549927196, 0.20239787528, 0.23003887616]
    ],
    [
      [0.0048803746503, 6.8087479795e-05, 0.004139818299, 0.705128461, 0.28578325857],
      [0.33460068843, 0.00054165481161, 0.13355244749, 0.52228077322, 0.0090244360475],
      [0.011147116281, 0.0043440398699, 0.95206166994, 0.0074503661509, 0.024996807756],
      [0.013646798701, 0.00010675587207, 0.0043880193561, 0.96876051679, 0.013097909285],
      [0.072522076704, 0.22075996576, 0.20403221462, 0.40929909194, 0.093386650977],
      [0.3226672434, 0.01864719004, 0.12058911608, 0.3377363409, 0.20036010958]
    ]
  ],
  "expected_outcome": [
    [
      [0.057493513524, 0.033079165308, 0.21932780952, 0.20430321207, 0, 0.076543111539, 0.086587809383, 0.19968996479, 0.40954947422, 0.088581430958, 0, 0.0048147339295, 0, 0.0066439704314, 0.0044041323747, 0.054029075029, 0, 0, 0.10846508298, 0.0063414054083, 0.17089921139, 0.13832354909, 0.055814285946, 0.24121002439, 0.1307570861, 0.27263790063, 0.088199142357, 0.15787429598, 0.24329712695, 0.11177902303, 0.19384210504, 0.09152650519, 0.026925515102, 0.010591000634, 0.23551783137, 0.066984657234, 0.10417634955, 0.18834092151, 0.0042252736104, 0.073044595934, 0.30628721902, 0.011707628139, 0.37900694626, 0.024401873252],
      [0.0035482797924, 0.00095417218506, 0.0083820355047, 0.011085635007, 0, 0.0029141865621, 0.0070145495494, 0.0080116940115, 0.020335027836, 0.0024281478417, 0, 0.00016745312379, 0, 0.0018536196652, 0.00046875140066, 0.0032313784375, 0, 0, 0.0046899331061, 0.00050304326834, 0.013444908192, 0.0074137770957, 0.0024855436663, 0.01517132575, 0.0071710182213, 0.018773092686, 0.0039360325998, 0.010849330571, 0.011626715436, 0.0087845584254, 0.010697841409, 0.0073631878067, 0.00039916239454, 3.3702350097e-05, 0.01632961416, 0.0044354372268, 0.0060822968638, 0.0061070745805, 0.00090627992483, 0.003799957664, 0.01955875841, 0.00063699230715, 0.016698540048, 0.00034043739897],
      [0.045504746231, 0.0072407556955, 0.065022950368, 0.08399889395, 0, 0.073724584054, 0.052352439755, 0.23613631532, 0.42118111177, 0.056192182555, 0, 0.0019703562074, 0, 0.004408976394, 0.009740594041, 0.059301406602, 0, 0, 0.058201207443, 0.013820946985, 0.097648969748, 0.11102406112, 0.015969876548, 0.19582089654, 0.079105158265, 0.20341745101, 0.062473002192, 0.099714541468, 0.12615877049, 0.12169651668, 0.087964721933, 0.086225805384, 0.002647942045, 0.093612661688, 0.13895924295, 0.04948721873, 0.066774078516, 0.073784499432, 0.0041180601415, 0.081304326196, 0.22011308195, 0.014999487169, 0.25853519017, 0.020699091495],
      [8.7316810003, 6.048578363, 15.4519437421, 21.6122167904, 0, 18.3607162364, 10.8899190248, 21.9019356216, 48.4004497766, 9.4140981621, 0, 0.51631099304, 0, 1.3481710351, 0.31042436695, 4.4270902413, 0, 0, 21.4070924933, 0.4993515038, 20.3176138835, 12.4521910228, 4.8988533265, 25.4008928452, 16.7936401401, 35.1442404151, 6.7312151066, 16.2975925285, 21.3997350977, 15.7360063664, 19.5422924791, 15.7360026708, 1.6720410425, 2.6125767865, 45.9669954423, 7.6101527689, 9.274909445, 21.0814880734, 0.67147885251, 8.2910894379, 41.6175650818, 1.3460458304, 26.6516462828, 3.525642305],
      [6.1617724601, 1.9101475439, 6.2553234625, 15.0883954685, 0, 10.4861018815, 3.9641261765, 30.6542264042, 36.7484846095, 7.4387000766, 0, 0.4767364637, 0, 0.63892239837, 0.67496215524, 8.4563478987, 0, 0, 10.4215512832, 1.4799831005, 14.4003930272, 8.2910475899, 3.0268769674, 16.1469049081, 9.9893265973, 20.3609311405, 8.1141767163, 8.4339693034, 14.2191822894, 13.0217335355, 10.1652028525, 7.0788818309, 2.2979863379, 3.2831858488, 21.6421978692, 5.2689399179, 5.54805783, 13.6502794311, 0.31927153381, 4.5507616823, 27.8364758588, 0.62661006198, 20.6941130407, 1.4289162929]
    ],
    [
      [6.402745338, 9.178557758, 14.4948132436, 35.4419167327, 0, 4.5133150873, 11.4068410658, 18.7859384423, 42.8281847461, 10.3319057853, 0, 2.9895972127, 0, 1.2021902101, 1.108499566, 4.0199191308, 0.2805909249, 0.8377547125, 15.032020545, 1.3693801033, 20.7008360248, 9.5205914261, 9.4081292033, 29.5225177125, 18.4356130169, 36.1361245478, 22.3550828266, 19.2994558368, 27.8242366265, 12.0312890528, 16.8901382038, 12.8591100239, 4.730216104, 0.54903479294, 26.6060828794, 7.542634596, 13.3383539428, 18.1945414346, 1.284412444, 18.3235690878, 41.6740209947, 10.2963995196, 67.0047170169, 6.3574130802],
      [0.046820711155, 0.031190230458, 0.065032402761, 0.22972073279, 0, 0.020457292912, 0.1096698519, 0.090019003374, 0.25472223871, 0.033336552573, 0, 0.011430874885, 0, 0.035554056115, 0.012443311193, 0.028014318128, 3.0004194152e-05, 0.005034253071, 0.077697221772, 0.012162989687, 0.19443050277, 0.060484445234, 0.048892008771, 0.22171001921, 0.12026318655, 0.2977037625, 0.11835780031, 0.15781070425, 0.15831598192, 0.11259829102, 0.11051228565, 0.12340438466, 0.0073242534866, 0.00023116460886, 0.22095929266, 0.058913569561, 0.092204237451, 0.070056515539, 0.030683418939, 0.11372540203, 0.31903355757, 0.066322806816, 0.35352890828, 0.010291441421],
      [2.4022941942, 0.94113532385, 2.0165879231, 6.9396022311, 0, 2.0767495373, 3.2779451815, 10.5697155554, 21.0283898598, 3.0865230042, 0, 0.53591056562, 0, 0.34146869866, 1.0415083178, 2.0550435417, 0.60608058281, 1.2255024398, 3.8420801342, 1.335247446, 5.6271992936, 3.6142813194, 1.2515729843, 11.4205436012, 5.2926542005, 12.861839045, 7.4962975236, 5.7836304764, 6.8464815842, 6.2357191413, 3.6244196982, 5.7655000475, 0.19094409371, 2.9949800047, 7.492042909, 2.6240790367, 4.0370698585, 3.3787677631, 0.58625240157, 9.7098629799, 14.3031745798, 6.2517420341, 21.8073262855, 2.5374965023],
      [10.8161518612, 18.5933598962, 11.2247363927, 42.0996185982, 0, 12.0886067372, 15.9512224377, 23.1356112637, 56.9859757739, 12.1325850192, 0, 3.3384137864, 0, 2.3767136896, 0.77221497843, 3.6025614162, 0.1132984839, 2.686443742, 33.3359872841, 1.1475163474, 27.6185387132, 9.5265447739, 9.0487760582, 34.8628479747, 26.4627742523, 52.3711966463, 19.0314419039, 22.2536075391, 27.3732578426, 18.9363176045, 18.9432751463, 24.7631418583, 2.9164433142, 1.3902307107, 58.4703855686, 9.4880865453, 13.1868306932, 22.7140140664, 2.0588985467, 23.2916944513, 63.825151012, 13.1186108669, 53.0232689194, 9.9233346912],
      [0.33198789538, 0.25575679143, 0.19883003785, 1.2891417052, 0, 0.30087134516, 0.25432146314, 1.4187157352, 1.9027273815, 0.41564963869, 0, 0.12464756046, 0, 0.044073345525, 0.065333826625, 0.29446159319, 4.197118406e-09, 0.24526485259, 0.71221481493, 0.13569311358, 0.85899546562, 0.27809803533, 0.24262974543, 0.97238069243, 0.68869534377, 1.3331359984, 0.9988199455, 0.50549544337, 0.7977079648, 0.68407591043, 0.431654666, 0.48884368561, 0.15507223461, 0.065523327046, 1.2105293504, 0.28628625241, 0.34554126816, 0.64262022038, 0.039753188801, 0.56114807901, 1.8786198558, 0.2669247726, 1.8111588699, 0.1714642849]
    ],
    [
      [1.0224522849, 1.6730276258, 1.8087101693, 3.7697673677, 0.0042148301842, 0.37701879492, 0.69118625189, 6.0499843813, 5.768331794, 1.4178827636, 0.21437569732, 0.90967686151, 0.37620281053, 0.10511417912, 0.25063975424, 1.2809189663, 1.789930807e-25, 0.06585744707, 4.0670211817, 0.41199518701, 6.4065687886, 4.0985167154, 4.7609294063, 2.8958513828, 3.0990115367, 4.2650044501, 3.3059383452, 5.4839035538, 7.7950879123, 1.3121587572, 4.3672023719, 2.8840460159, 0.70465156282, 0.0021535097328, 5.0417806122, 2.5622602769, 5.181457636, 1.861920872, 0.040013703864, 3.1580764011, 9.1147644894, 1.2858975152, 11.9279431503, 0.26753079075],
      [1.7252605453, 1.3269901816, 1.8876978264, 5.5523881649, 0.017742201828, 0.39409422534, 1.5332440246, 6.5893227523, 7.759989106, 1.0599669572, 0.030475494055, 0.88124148334, 0.48136732542, 0.96338666297, 0.74200584205, 2.0957618722, 3.9489664748, 0.095917838499, 4.7877078993, 0.90054074232, 13.6649909372, 5.9608510458, 5.7696122045, 4.9453615245, 4.6153755747, 7.967402177, 4.0033717373, 10.2297630082, 10.1163028419, 2.8108556934, 6.5589962538, 6.3016797527, 0.30125032841, 0.00012310210507, 9.4864837165, 4.6075077867, 8.2238856513, 1.644941813, 0.26366655566, 4.4622084102, 15.7642677389, 1.9098500129, 14.2458587655, 0.10425695688],
      [73.2222486573, 33.7568866001, 48.6757205586, 135.7856567475, 2.1289988079, 33.7806694087, 38.119253654, 621.5411146686, 514.7339931265, 81.1575554008, 16.6840962574, 36.3607764322, 48.3955785366, 9.4773548566, 53.5437858189, 126.3752377616, 2.1567204282e-22, 22.0322255553, 191.8683872863, 82.9713075944, 318.9617332628, 288.5012760708, 121.3615153257, 206.0527853092, 165.0598215519, 277.5485380582, 205.54758093, 303.0122976219, 352.8226050164, 126.9924127189, 174.9514755745, 238.6382960684, 7.6685139989, 3.975392127, 259.4341197234, 167.5322021254, 291.5141942758, 65.2014459068, 5.5602354379, 307.894384852, 567.3912203933, 147.3911707887, 705.0338868526, 22.8494800786],
      [0.73813783729, 1.445400188, 0.60429419366, 1.909457497, 1.8077210418, 0.42919919041, 0.41331290811, 3.1740064171, 3.2690808414, 0.71508555823, 0.00033461068128, 0.44483506428, 0.066646041415, 0.089704580407, 0.07972715817, 0.49550861246, 7.6450429205e-26, 0.085015901563, 3.8361282501, 0.15029320181, 3.6433873743, 1.754320899, 1.9720767075, 1.4585529082, 1.898265095, 2.6327232812, 1.2048991176, 2.6994527121, 3.2765458215, 0.88103435417, 2.0948725271, 2.3616523804, 0.19843776872, 0.0022499371584, 4.71296026, 1.3802373201, 2.1915535033, 0.99358228393, 0.02770847464, 1.711364561, 5.9414555918, 0.69981332089, 4.0221122294, 0.17880878762],
      [4.2919006753, 3.7976954045, 2.0235772519, 10.9827302229, 0.041323118232, 2.0190183807, 1.2430031614, 36.6455717807, 20.4686051321, 4.6495093201, 0.070717940528, 3.4034701586, 1.6802052861, 0.36443972087, 1.3838414267, 7.7525727873, 0.051033525215, 1.7209832576, 15.4407553826, 3.5658632745, 21.3233196371, 9.685035269, 10.1358663561, 7.6474488753, 9.3275262417, 12.5863320335, 11.93820987, 11.574583104, 17.9894584079, 6.0035384763, 9.0274532726, 8.8143257825, 2.1271463411, 0.020081324018, 18.3246556879, 7.9177924909, 10.8889089337, 5.2981091241, 0.10837582795, 7.7739657756, 32.7882917866, 2.7132683624, 25.7701990023, 0.59992338615]
    ],
    [
      [5.3755002369, 3.1328690506, 8.3674569354, 16.7186460628, 1.9296862996e-06, 3.423814679, 7.4856236392, 8.6085803225, 21.617460127, 5.4047756861, 2.204380972, 0.97195299717, 0.35025507162, 0.2954093412, 0.60119358525, 2.7536133143, 2.384933637e-23, 0.10367294865, 8.4079998122, 0.14796230624, 8.785069127, 4.1908651243, 2.8981520617, 11.7205722769, 5.3477172809, 12.7660880453, 8.6414960205, 6.1050266079, 13.5213201562, 7.1570303812, 5.7118974938, 2.990390791, 1.7709385702, 0.36822673418, 10.6945200493, 2.9940020908, 4.8845358548, 8.6041227429, 0.55772787471, 8.3828574278, 20.2435712345, 3.6198136213, 30.0989221533, 1.4056202662],
      [0.18712440651, 0.050980626028, 0.18044604977, 0.51252832611, 3.1815027671e-07, 0.07357808148, 0.34239817445, 0.19498618838, 0.60660004369, 0.083482261088, 0.0037885574005, 0.018784117672, 0.0092994348148, 0.045111267395, 0.035202125014, 0.092627534063, 1.7400526508, 0.0030033354792, 0.20539085436, 0.0065590961675, 0.39053227667, 0.1268714881, 0.072753640827, 0.41643289028, 0.16560057521, 0.49671989605, 0.21755589026, 0.23697165291, 0.36484161394, 0.31743039543, 0.17797422961, 0.13591726729, 0.014493033294, 0.00064450592894, 0.41910712939, 0.11188066871, 0.16096074887, 0.15750664273, 0.066471058667, 0.24630419016, 0.73076891331, 0.11105758094, 0.74941510131, 0.010995854823],
      [1.6213308326, 0.2615853926, 0.94639929101, 2.6262589436, 9.9908339386e-07, 1.2588246945, 1.7284317055, 3.8827917212, 8.4949459085, 1.3047512001, 0.33070247866, 0.14759133537, 0.16752615871, 0.071750443665, 0.47951292091, 1.1431541841, 3.3583280008e-23, 0.11798139718, 1.723187139, 0.11907715758, 1.9168932096, 1.2826975517, 0.31519895599, 3.6337950455, 1.2344495213, 3.6391380488, 2.3316808302, 1.4715132041, 2.6752093739, 2.9716661125, 0.98871806548, 1.0754138363, 0.064907965579, 1.2133547645, 2.4116384539, 0.84221588022, 1.1929829689, 1.2868097152, 0.20396791067, 3.5609636304, 5.560869052, 1.7652852403, 7.8445437064, 0.45196599368],
      [400.1115788023, 280.5019952532, 288.4702960219, 865.1473891074, 2.9999912478, 402.320239962, 460.635701653, 462.8731936106, 1249.2138849276, 281.5923489829, 1.2304352874, 52.3619686848, 8.8426749496, 30.1655467567, 22.5349650375, 111.8790758025, 1.3844618127e-21, 15.7141301787, 811.9183534401, 6.1940718299, 511.3184013506, 185.1436015758, 125.078904022, 603.8937435152, 336.3291889675, 804.8627902949, 323.4067860248, 308.6475579865, 582.0164437736, 493.4547117972, 282.044251369, 251.8699177753, 54.8791644231, 44.7887265905, 1020.7186898311, 167.0842223016, 213.3595886674, 471.3929283062, 44.5238690033, 465.9408258452, 1345.0720430778, 204.2417706362, 1035.2920815228, 99.782333229],
      [9.7044657217, 3.0525696776, 4.0354017019, 20.9951775602, 5.5052496917e-06, 7.923542583, 5.8078448279, 22.4404481573, 33.0671089931, 7.6146418698, 0.23069270458, 1.4997028649, 0.63024438524, 0.42218219105, 1.3491263313, 7.1315291651, 1.2599473492, 1.0612121399, 13.7450687543, 0.53232961007, 12.5891040361, 4.2559642601, 2.6349913194, 13.3354562722, 6.9230436551, 16.235263715, 13.4024812342, 5.5389305486, 13.4221850823, 14.0991613136, 5.0771588422, 3.9283603301, 2.2704960078, 1.6290474049, 16.7560445364, 3.9676790587, 4.4019317601, 10.5586325929, 0.64796415264, 8.8690489065, 31.3927477224, 3.2620729213, 28.0150375162, 1.3490846564]
    ],
    [
      [1.6035079, 1.3424349941, 3.5024256392, 5.4762945969, 2.7521979334e-06, 0.76724236039, 1.2911505518, 2.5904686859, 10.5886329333, 2.9703401624, 0, 0.60778547278, 0.29290568998, 0.0077128421645, 0.17272678041, 0.87498523609, 0, 0.18337373245, 2.2600235664, 0.23428099445, 5.9048380031, 4.1485020279, 3.1491976946, 4.4482370295, 4.4654051485, 5.3007764796, 5.1866212284, 4.404632031, 5.2573448353, 1.6814502564, 3.140880863, 2.9474340165, 0.31248970405, 0, 4.5253533209, 3.1303845868, 3.0686022867, 3.0501458973, 0.013608106759, 4.0582758858, 12.1551840969, 1.7948078503, 8.1957367244, 0.43513246022],
