{
  "X": [
    [0, 2, 5, 0],
    [290, 100, 740, 92],
    [219, 246, 854, 107],
    [3, 8, 5, 2],
    [13, 14, 18, 0],
    [1, 2, 5, 0],
    [2, 2, 9, 2],
    [9, 9, 25, 4],
    [16, 42, 85, 17],
    [16, 24, 61, 9],
    [1, 1, 4, 0],
    [325, 1063, 2677, 220],
    [31, 97, 254, 22],
    [6, 30, 53, 4],
    [15, 42, 244, 25],
    [14, 16, 46, 6],
    [163, 208, 705, 61],
    [37, 41, 138, 17],
    [610, 190, 1069, 193],
    [6, 6, 17, 2],
    [1, 5, 3, 2],
    [9, 11, 26, 4],
    [13, 29, 84, 7],
    [2, 2, 4, 0],
    [5, 3, 14, 4],
    [27, 37, 103, 9],
    [1, 0, 4, 1],
    [14, 19, 38, 9],
    [5, 7, 34, 1],
    [342, 76, 531, 68],
    [43, 28, 157, 14],
    [35, 10, 92, 15],
    [115, 111, 368, 35],
    [11, 12, 38, 8],
    [6, 6, 57, 1],
    [104, 52, 257, 33],
    [22, 5, 44, 3],
    [2, 2, 6, 0],
    [36, 54, 238, 10],
    [2, 1, 9, 0],
    [8, 19, 20, 6],
    [1, 5, 15, 2],
    [12, 13, 44, 9],
    [0, 2, 8, 0],
    [0, 13, 12, 0],
    [4, 1, 8, 3],
    [10, 25, 66, 7],
    [34, 103, 149, 21],
    [1, 0, 14, 0],
    [313, 460, 1138, 144],
    [69, 75, 207, 25],
    [902, 572, 2312, 311],
    [649, 535, 1907, 263],
    [96, 72, 283, 29],
    [264, 304, 1033, 101],
    [123, 174, 523, 54],
    [12, 17, 61, 7],
    [114, 53, 286, 40],
    [8, 10, 53, 6],
    [52, 94, 341, 29],
    [18, 36, 96, 8],
    [2, 3, 0, 2],
    [2, 4, 5, 1],
    [1, 0, 5, 1],
    [2, 1, 5, 0],
    [0, 5, 8, 4],
    [0, 2, 3, 1],
    [25, 111, 202, 26],
    [43, 82, 253, 32],
    [24, 164, 216, 27],
    [10, 81, 157, 10],
    [25, 93, 247, 29],
    [12, 33, 110, 9],
    [22, 92, 179, 24],
    [40, 44, 100, 11],
    [71, 123, 218, 24],
    [44, 18, 92, 15],
    [1, 6, 11, 1],
    [5, 2, 5, 0],
    [1, 9, 6, 2],
    [6, 36, 41, 8],
    [2, 2, 5, 6],
    [5, 7, 14, 3],
    [20, 20, 59, 13],
    [30, 30, 148, 12],
    [20, 8, 30, 17],
    [33, 23, 72, 15],
    [105, 137, 367, 40],
    [16, 19, 51, 7],
    [4, 1, 9, 0],
    [9, 11, 30, 4],
    [10, 7, 20, 7],
    [16, 11, 31, 7],
    [0, 2, 10, 1],
    [29, 61, 147, 18],
    [40, 57, 198, 12],
    [0, 2, 13, 2],
    [0, 0, 9, 1],
    [2, 1, 3, 1],
    [2, 11, 19, 1],
    [14, 35, 75, 6],
    [29, 52, 105, 23],
    [21, 52, 108, 13],
    [2, 3, 9, 2],
    [0, 2, 7, 0],
    [0, 4, 4, 0],
    [26, 100, 126, 21],
    [9, 10, 25, 6],
    [72, 62, 221, 20],
    [56, 81, 151, 44],
    [41, 41, 98, 17],
    [35, 59, 89, 21],
    [11, 14, 45, 16],
    [16, 26, 76, 6],
    [10, 20, 111, 15],
    [762, 345, 2035, 165],
    [926, 694, 2249, 451],
    [381, 356, 976, 250],
    [29, 17, 61, 10]
  ],
  "W": [
    [0, 0, 5, 2, 0, 0],
    [42, 585, 452, 70, 46, 27],
    [71, 397, 670, 191, 36, 61],
    [1, 3, 5, 6, 2, 1],
    [3, 14, 15, 11, 2, 0],
    [0, 5, 2, 1, 0, 0],
    [1, 7, 4, 2, 1, 0],
    [1, 13, 20, 10, 0, 3],
    [4, 35, 65, 44, 3, 9],
    [3, 17, 54, 27, 4, 5],
    [0, 0, 5, 1, 0, 0],
    [198, 840, 2141, 868, 80, 158],
    [28, 88, 193, 76, 9, 10],
    [3, 14, 46, 26, 0, 4],
    [21, 78, 176, 32, 7, 12],
    [9, 23, 35, 12, 2, 1],
    [54, 412, 473, 155, 25, 18],
    [13, 68, 108, 29, 13, 2],
    [62, 1085, 617, 153, 94, 51],
    [1, 8, 14, 7, 0, 1],
    [0, 1, 5, 5, 0, 0],
    [5, 18, 17, 6, 1, 3],
    [11, 18, 75, 20, 2, 7],
    [2, 3, 2, 0, 1, 0],
    [3, 9, 10, 2, 0, 2],
    [7, 36, 94, 31, 5, 3],
    [0, 2, 2, 0, 1, 1],
    [8, 21, 30, 16, 2, 3],
    [3, 14, 21, 4, 1, 4],
    [17, 478, 384, 71, 44, 23],
    [13, 74, 119, 22, 10, 4],
    [5, 58, 70, 8, 6, 5],
    [32, 200, 268, 89, 21, 19],
    [7, 23, 25, 7, 4, 3],
    [1, 23, 43, 3, 0, 0],
    [12, 146, 214, 48, 9, 17],
    [1, 36, 28, 6, 3, 0],
    [0, 1, 5, 2, 2, 0],
    [19, 113, 148, 42, 10, 6],
    [0, 2, 9, 1, 0, 0],
    [8, 11, 15, 13, 4, 2],
    [0, 5, 10, 5, 1, 2],
    [3, 14, 42, 13, 3, 3],
    [1, 4, 5, 0, 0, 0],
    [2, 2, 12, 9, 0, 0],
    [0, 3, 8, 1, 0, 4],
    [4, 29, 50, 22, 0, 3],
    [30, 56, 120, 81, 9, 11],
    [0, 2, 13, 0, 0, 0],
    [138, 555, 851, 360, 95, 56],
    [20, 111, 156, 63, 19, 7],
    [169, 1480, 1729, 475, 161, 83],
    [155, 1154, 1375, 425, 155, 90],
    [22, 179, 198, 59, 15, 7],
    [93, 576, 674, 246, 72, 41],
    [54, 242, 391, 133, 45, 9],
    [4, 26, 45, 17, 3, 2],
    [21, 238, 154, 43, 20, 17],
    [5, 11, 47, 9, 0, 5],
    [31, 128, 237, 83, 22, 15],
    [11, 44, 60, 29, 7, 7],
    [0, 1, 1, 3, 1, 1],
    [2, 2, 6, 2, 0, 0],
    [0, 2, 3, 0, 2, 0],
    [0, 4, 4, 0, 0, 0],
    [1, 1, 7, 6, 0, 2],
    [1, 1, 1, 2, 0, 1],
    [28, 67, 155, 88, 12, 14],
    [24, 81, 209, 65, 10, 21],
    [34, 62, 176, 135, 13, 11],
    [17, 40, 121, 63, 5, 12],
    [13, 56, 217, 74, 10, 24],
    [8, 25, 93, 28, 4, 6],
    [19, 57, 141, 68, 10, 22],
    [10, 55, 70, 38, 10, 12],
    [42, 110, 165, 93, 12, 14],
    [11, 74, 52, 16, 12, 4],
    [1, 3, 8, 5, 1, 1],
    [0, 5, 4, 2, 1, 0],
    [0, 2, 7, 9, 0, 0],
    [11, 9, 41, 25, 2, 3],
    [1, 3, 5, 2, 1, 3],
    [0, 11, 9, 6, 2, 1],
    [13, 29, 43, 14, 4, 9],
    [6, 58, 115, 30, 6, 5],
    [6, 19, 28, 6, 9, 7],
    [6, 57, 51, 19, 4, 6],
    [44, 189, 259, 115, 25, 17],
    [5, 28, 36, 16, 4, 4],
    [0, 8, 5, 1, 0, 0],
    [1, 13, 22, 11, 4, 3],
    [2, 12, 17, 8, 2, 3],
    [3, 20, 26, 10, 4, 2],
    [0, 2, 9, 1, 1, 0],
    [13, 49, 114, 55, 12, 12],
    [12, 98, 128, 42, 16, 11],
    [0, 6, 7, 1, 1, 2],
    [0, 0, 9, 0, 0, 1],
    [0, 3, 2, 2, 0, 0],
    [2, 5, 17, 5, 1, 3],
    [5, 33, 50, 31, 3, 8],
    [13, 44, 81, 54, 10, 7],
    [10, 34, 86, 43, 14, 7],
    [1, 4, 9, 1, 0, 1],
    [0, 2, 5, 1, 0, 1],
    [0, 0, 4, 4, 0, 0],
    [19, 53, 103, 82, 6, 10],
    [1, 11, 25, 9, 3, 1],
    [18, 135, 141, 55, 13, 13],
    [18, 86, 136, 58, 19, 15],
    [11, 46, 86, 34, 14, 6],
    [9, 46, 76, 44, 14, 15],
    [11, 25, 29, 12, 7, 2],
    [11, 31, 53, 17, 6, 6],
    [5, 41, 77, 20, 6, 7],
    [104, 1130, 1650, 269, 93, 61],
    [213, 1254, 1903, 565, 182, 203],
    [102, 398, 926, 324, 110, 103],
    [6, 40, 43, 19, 3, 6]
  ],
  "method": "mcmc",
  "mcmc_stepsize": 3000,
  "mcmc_samples": 1000,
  "burn_in": 10000,
  "cond_prob": [
    [
      [0, 0, 0, 0],
      [0, 0, 0, 0],
      [0, 0.28120617872, 0.71879382128, 0],
      [0, 0.2969845532, 0.7030154468, 0],
      [0, 0, 0, 0],
      [0, 0, 0, 0]
    ],
    [
      [0.2619047619, 0.071428571429, 0.59523809524, 0.071428571429],
      [0.23931623932, 0.080341880342, 0.60512820513, 0.075213675214],
      [0.23672566372, 0.08407079646, 0.60398230088, 0.075221238938],
      [0.22857142857, 0.1, 0.6, 0.071428571429],
      [0.21739130435, 0.065217391304, 0.65217391304, 0.065217391304],
      [0.22222222222, 0.074074074074, 0.59259259259, 0.11111111111]
    ],
    [
      [0.16901408451, 0.16901408451, 0.59154929577, 0.070422535211],
      [0.15617128463, 0.17380352645, 0.59697732997, 0.073047858942],
      [0.15223880597, 0.17462686567, 0.59850746269, 0.074626865672],
      [0.15183246073, 0.16753926702, 0.60732984293, 0.073298429319],
      [0.13888888889, 0.16666666667, 0.61111111111, 0.083333333333],
      [0.14754098361, 0.16393442623, 0.59016393443, 0.098360655738]
    ],
    [
      [0.23607615942, 0.40837248944, 0.25981830675, 0.095733044399],
      [0.20473521672, 0.41117864924, 0.30058070995, 0.083505424089],
      [0.15847613566, 0.45074449224, 0.28752281643, 0.10325655567],
      [0.15058321209, 0.48922584467, 0.26040081881, 0.099790124431],
      [0.16778259931, 0.40579504766, 0.27835505162, 0.14806730141],
      [0.11827304097, 0.3574239383, 0.28171046515, 0.24259255557]
    ],
    [
      [0.38141152322, 0.24056478871, 0.37802368807, 0],
      [0.31818834267, 0.28390150837, 0.39791014896, 0],
      [0.28469796715, 0.31243657063, 0.40286546222, 0],
      [0.22503884332, 0.36266750118, 0.4122936555, 0],
      [0.32761592457, 0.31389672209, 0.35848735334, 0],
      [0, 0, 0, 0]
    ],
    [
      [0, 0, 0, 0],
      [0.13935054913, 0.23815723144, 0.62249221943, 0],
      [0.10503153415, 0.2617969469, 0.63317151895, 0],
      [0.093184186062, 0.28561994898, 0.62119586496, 0],
      [0, 0, 0, 0],
      [0, 0, 0, 0]
    ],
    [
      [0.15073738301, 0.16697740799, 0.56319473966, 0.11909046933],
      [0.14008098871, 0.12691522219, 0.59977371993, 0.13323006916],
      [0.13082915208, 0.13237843894, 0.616176422, 0.12061598698],
      [0.11161224182, 0.15442434505, 0.58891126432, 0.14505214882],
      [0.12215460401, 0.10625359083, 0.5958610042, 0.17573080096],
      [0, 0, 0, 0]
    ],
    [
      [0.17378519952, 0.27309123608, 0.51686021066, 0.036263353745],
      [0.22474563852, 0.18238888817, 0.5249879364, 0.06787753691],
      [0.19473052106, 0.19950565647, 0.52221636518, 0.083547457292],
      [0.17020376243, 0.19848217378, 0.54980235423, 0.081511709561],
      [0, 0, 0, 0],
      [0.10262448473, 0.12697278351, 0.57198192343, 0.19842080833]
    ],
    [
      [0.24922772036, 0.24939492175, 0.50103901032, 0.00033834756904],
      [0.14300647394, 0.25707516834, 0.51431573153, 0.0856026262],
      [0.092315405545, 0.29229497401, 0.52296353507, 0.092426085376],
      [0.090791649857, 0.25015473996, 0.56797026062, 0.091083349569],
      [6.5104844479e-05, 0.00042390443214, 0.66712827966, 0.33238271107],
      [0.0002592513407, 0.22194842656, 0.4455652522, 0.3322270699]
    ],
    [
      [0.56750779593, 0.071855454965, 0.34584951633, 0.014787232779],
      [0.21166687254, 0.17502473087, 0.54850343146, 0.064804965135],
      [0.13495977021, 0.25080523915, 0.53997396049, 0.074261030149],
      [0.11534091737, 0.22328172377, 0.58358502189, 0.077792336979],
      [0.036339030628, 0.052254922882, 0.87825584214, 0.033150204355],
      [0.030350259276, 0.20558081259, 0.44189605803, 0.3221728701]
    ],
    [
      [0, 0, 0, 0],
      [0, 0, 0, 0],
      [0.17201869039, 0.16453498046, 0.66344632916, 0],
      [0.13990654807, 0.17732509771, 0.68276835422, 0],
      [0, 0, 0, 0],
      [0, 0, 0, 0]
    ],
    [
      [0.080808080808, 0.24747474747, 0.62121212121, 0.050505050505],
      [0.077380952381, 0.24761904762, 0.62380952381, 0.05119047619],
      [0.075665576833, 0.24894908921, 0.62447454461, 0.050910789351],
      [0.074884792627, 0.24769585253, 0.6267281106, 0.05069124424],
      [0.075, 0.2375, 0.6375, 0.05],
      [0.069620253165, 0.24683544304, 0.62025316456, 0.063291139241]
    ],
    [
      [0.14285719903, 0.21418115874, 0.60714290657, 0.035818735666],
      [0.090842632155, 0.23876927129, 0.6247673576, 0.045620738957],
      [0.07256914817, 0.24861373106, 0.62707941235, 0.051737708421],
      [0.065789460324, 0.23691917601, 0.64469827766, 0.052593086004],
      [3.5172069925e-09, 0.22222228433, 0.66666665704, 0.11111105511],
      [2.1845547167e-07, 0.20029236506, 0.59970755494, 0.19999986155]
    ],
    [
      [0.069200421997, 0.23226688912, 0.65377883395, 0.044753854933],
      [0.065610796326, 0.28774050127, 0.59349009192, 0.053158610486],
      [0.059198281813, 0.32918242282, 0.57466835556, 0.036950939802],
      [0.075769656683, 0.34161589125, 0.54062202451, 0.041992427557],
      [0, 0, 0, 0],
      [0.045178887076, 0.31260692314, 0.55972130453, 0.082492885258]
    ],
    [
      [0.14285699676, 0.095238349944, 0.71428560885, 0.047619044445],
      [0.038461592315, 0.15384606517, 0.7435897492, 0.064102593308],
      [0.045454537812, 0.13068178091, 0.75000007231, 0.073863608965],
      [0.031249980374, 0.12500009771, 0.78124976973, 0.062500152184],
      [9.9777713965e-08, 3.6984316489e-07, 0.85714241967, 0.14285711071],
      [1.1832970203e-08, 0.083333534286, 0.66666662339, 0.24999983049]
    ],
    [
      [0.26466620557, 0.18358135869, 0.49419159874, 0.057560836989],
      [0.1696794747, 0.18457679678, 0.56735616551, 0.078387563015],
      [0.1530959862, 0.21801233713, 0.57453713411, 0.054354542556],
      [0.17139025067, 0.18309287022, 0.56647757974, 0.07903929937],
      [0.1251460211, 0.11601105584, 0.49657084912, 0.26227207395],
      [0.050041664575, 0.042933092056, 0.60341145542, 0.30361378795]
    ],
    [
      [0.18518518519, 0.16666666667, 0.61111111111, 0.037037037037],
      [0.1432038835, 0.18446601942, 0.61893203884, 0.053398058252],
      [0.14164904863, 0.18604651163, 0.61945031712, 0.052854122622],
      [0.14193548387, 0.18064516129, 0.62580645161, 0.051612903226],
      [0.12, 0.16, 0.64, 0.08],
      [0.11111111111, 0.16666666667, 0.61111111111, 0.11111111111]
    ],
    [
      [0.30749955388, 0.1538248689, 0.53855980375, 0.00011577347137],
      [0.14708065363, 0.19115987063, 0.60292490638, 0.058834569358],
      [0.15739702586, 0.17594091156, 0.60184154706, 0.064820515519],
      [0.13797574755, 0.17234392506, 0.58630150304, 0.10337882434],
      [0.15390106174, 0.15389432624, 0.53839557227, 0.15380903975],
      [6.6039058705e-05, 0.00059349231169, 0.4995279038, 0.49981256483]
    ],
    [
      [0.32258064516, 0.08064516129, 0.51612903226, 0.08064516129],
      [0.29585253456, 0.093087557604, 0.51797235023, 0.093087557604],
      [0.29497568882, 0.094003241491, 0.51863857374, 0.092382495948],
      [0.29411764706, 0.091503267974, 0.52287581699, 0.091503267974],
      [0.28723404255, 0.085106382979, 0.52127659574, 0.10638297872],
      [0.29411764706, 0.078431372549, 0.50980392157, 0.11764705882]
    ],
    [
      [0.2068941459, 0.17795828692, 0.54785452043, 0.067293046754],
      [0.2130477293, 0.16614164327, 0.5558775841, 0.064933043322],
      [0.19040049974, 0.19997458484, 0.54753572999, 0.062089185437],
      [0.17893255242, 0.20477117874, 0.55900767829, 0.057288590547],
      [0, 0, 0, 0],
      [0.17058915634, 0.25986612803, 0.4265708389, 0.14297387673]
    ],
    [
      [0, 0, 0, 0],
      [0.11630738038, 0.41596394451, 0.29037436672, 0.17735430839],
      [0.091750083317, 0.44264368151, 0.27741944625, 0.18818678892],
      [0.084988440606, 0.47416352959, 0.2645056804, 0.1763423494],
      [0, 0, 0, 0],
      [0, 0, 0, 0]
    ],
    [
      [0.25097889089, 0.18895297655, 0.49289035962, 0.067177772938],
      [0.1887315555, 0.223148903, 0.50843659774, 0.079682943762],
      [0.17838966104, 0.22781383611, 0.5291037652, 0.064692737643],
      [0.15369816878, 0.2548622927, 0.5387042857, 0.052735252815],
      [0.18306784722, 0.13924494371, 0.59914487843, 0.078542330645],
      [0.070018816285, 0.16576698317, 0.51918494717, 0.24502925338]
    ],
    [
      [0.2309044061, 0.17974360084, 0.57768894874, 0.01166304432],
      [0.12026898961, 0.2584400104, 0.59713120574, 0.024159794258],
      [0.093180661622, 0.22630740844, 0.6429551898, 0.037556740135],
      [0.059130308932, 0.22954607976, 0.67148465627, 0.039838955045],
      [0.022100677872, 0.01956660009, 0.61983332551, 0.33849939653],
      [0.011407509123, 0.10968425362, 0.57229440701, 0.30661383025]
    ],
    [
      [0.29293974256, 0.25805020147, 0.44901005597, 0],
      [0.25227487514, 0.23474076851, 0.51298435635, 0],
      [0.2068228817, 0.28644816989, 0.50672894841, 0],
      [0, 0, 0, 0],
      [0.24365012605, 0.20678095175, 0.5495689222, 0],
      [0, 0, 0, 0]
    ],
    [
      [0.22206731937, 0.1176068407, 0.53973928628, 0.12058655366],
      [0.21604876456, 0.10413561399, 0.54281201341, 0.13700360804],
      [0.18023987827, 0.12806713437, 0.54416245782, 0.14753052954],
      [0.1508626803, 0.12008544916, 0.57261716399, 0.15643470654],
      [0, 0, 0, 0],
      [0.14261750876, 0.094558355017, 0.45430755715, 0.30851657907]
    ],
    [
      [0.28485332381, 0.14444990291, 0.57034906165, 0.00034771163337],
      [0.19438755414, 0.19427852034, 0.58334684218, 0.02798708334],
      [0.14883095886, 0.22332683107, 0.58523099636, 0.042611213711],
      [0.12877732778, 0.22550265878, 0.61328030032, 0.032439713115],
      [0.003381834659, 0.20133812535, 0.59594468118, 0.19933535881],
      [0.0029861056312, 0.0016095925995, 0.3346479588, 0.66075634297]
    ],
    [
      [0, 0, 0, 0],
      [0.20237500214, 0, 0.66634086209, 0.13128413577],
      [0.15405691402, 0, 0.71347115191, 0.13247193406],
      [0, 0, 0, 0],
      [0.16865264597, 0, 0.63441345009, 0.19693390394],
      [0.11848352171, 0, 0.60596252189, 0.2755539564]
    ],
    [
      [0.26619877861, 0.20850516387, 0.47265152347, 0.052644534054],
      [0.17772520079, 0.23149212368, 0.49085308919, 0.099929586344],
      [0.18984735637, 0.23330400861, 0.46758652001, 0.10926211501],
      [0.11308610563, 0.29244507305, 0.50461685365, 0.08985196767],
      [0.12550692524, 0.16633156546, 0.39728230963, 0.31087919968],
      [0.12745610764, 0.15323984465, 0.33828102039, 0.38102302733]
    ],
    [
      [0.12598422958, 0.11040291023, 0.7501487906, 0.013464069594],
      [0.12743142051, 0.15906718367, 0.69645127003, 0.017050125782],
      [0.097486710068, 0.14718076649, 0.73637185091, 0.018960672535],
      [0.075865344336, 0.19203776207, 0.7071301718, 0.024966721797],
      [0.097522479514, 0.11840981436, 0.74911543965, 0.034952266479],
      [0.097450663956, 0.11612343474, 0.73944771296, 0.046978188338]
    ],
    [
      [0.41176469978, 0.058823529412, 0.47058822614, 0.058823544671],
      [0.33891213411, 0.075313807423, 0.52092050285, 0.064853555617],
      [0.33593749878, 0.078124999865, 0.52083333482, 0.065104166532],
      [0.32394366197, 0.070422536673, 0.54929577099, 0.056338030361],
      [0.3181818229, 0.068181815824, 0.52272727037, 0.090909090909],
      [0.30434783737, 0.043478265381, 0.52173911239, 0.13043478486]
    ],
    [
      [0.30765107612, 0.076952052646, 0.61537596642, 2.090481564e-05],
      [0.18918856042, 0.10811500366, 0.64863686915, 0.054059566769],
      [0.17647414198, 0.12604548772, 0.64706396327, 0.050416407028],
      [0.13635120192, 0.13633592815, 0.68184639118, 0.045466478753],
      [0.10002005388, 0.10000230935, 0.69993937216, 0.10003826461],
      [5.8165704591e-05, 7.1623200779e-05, 0.50008954072, 0.49978067038]
    ],
    [
      [0.39996218691, 6.0029931529e-05, 0.59724111963, 0.0027366635218],
      [0.24141058898, 0.068798758546, 0.60341024601, 0.086380406461],
      [0.22826392768, 0.085751533414, 0.60036316211, 0.085621376792],
      [0.12617807566, 0.000720792009, 0.74873133917, 0.12436979315],
      [0.16755351573, 6.5226486295e-05, 0.50091077229, 0.33147048549],
      [0.2010308534, 0.00012136414389, 0.59905268765, 0.1997950948]
    ],
    [
      [0.25000000018, 0.15624999992, 0.56249999987, 0.031250000031],
      [0.18499999998, 0.17500000001, 0.58500000002, 0.054999999997],
      [0.17910447763, 0.18656716418, 0.58208955224, 0.052238805951],
      [0.17977528078, 0.16853932589, 0.60674157302, 0.044943820303],
      [0.14285714286, 0.14285714286, 0.57142857151, 0.14285714277],
      [0.15789473701, 0.15789473669, 0.57894736844, 0.10526315787]
    ],
    [
      [0.19554734337, 0.16187470313, 0.53280121928, 0.10977673422],
      [0.1984011479, 0.18233188104, 0.53029244274, 0.088974528327],
      [0.13957562442, 0.17805197326, 0.56562556649, 0.11674683584],
      [0.11730668887, 0.19602334388, 0.55219803683, 0.13447193043],
      [0.1403670203, 0.13409456343, 0.59156817021, 0.13397024605],
      [0.06531222704, 0.10446760732, 0.56712239373, 0.26309777191]
    ],
    [
      [0.13553936032, 0.082817570518, 0.76871858868, 0.012924480487],
      [0.090909710458, 0.081178266141, 0.81505071656, 0.012861306846],
      [0.080296704077, 0.087608670918, 0.81728285071, 0.014811774291],
      [0.10692634129, 0.094303152922, 0.78065078327, 0.01811972252],
      [0, 0, 0, 0],
      [0, 0, 0, 0]
    ],
    [
      [0.41666666575, 0.083333334394, 0.4999999991, 7.541996477e-10],
      [0.23287671256, 0.12328767112, 0.57534246579, 0.06849315053],
      [0.22897196241, 0.12149532706, 0.57943925262, 0.070093457909],
      [0.22916666652, 0.1041666667, 0.60416666643, 0.062500000351],
      [0.2222222238, 0.11111111079, 0.55555555409, 0.11111111132],
      [0.17647058907, 0.058823530206, 0.52941176294, 0.23529411779]
    ],
    [
      [0.51375425503, 0.047755894732, 0.42504775431, 0.013442095927],
      [0.31854334489, 0.056194633747, 0.58965691146, 0.035605109898],
      [0.28556017466, 0.083807878156, 0.58828579426, 0.042346152921],
      [0.21467869042, 0.069517803569, 0.66284433686, 0.05295916915],
      [0.24497609859, 0.055169960197, 0.63274505752, 0.067108883689],
      [0, 0, 0, 0]
    ],
    [
      [0, 0, 0, 0],
      [0.21527715675, 0.17465894329, 0.61006389996, 0],
      [0.19524052687, 0.21278170861, 0.59197776451, 0],
      [0.19297801222, 0.2209067171, 0.58611527068, 0],
      [0.21128209222, 0.15980953972, 0.62890836806, 0],
      [0, 0, 0, 0]
    ],
    [
      [0.15789419446, 0.15789349809, 0.684204467, 7.8404561081e-06],
      [0.11504264213, 0.159289225, 0.69911921235, 0.026548920523],
      [0.10135192479, 0.16891941193, 0.702702352, 0.027026311275],
      [0.095239397343, 0.16667003479, 0.71428089667, 0.023809671188],
      [0.099999949865, 0.10000579507, 0.79999183997, 2.4150949553e-06],
      [8.781392227e-06, 1.1455631942e-05, 0.66666332919, 0.33331643378]
    ],
    [
      [0, 0, 0, 0],
      [0.17537670315, 0.078886189534, 0.74573710732, 0],
      [0.16557343797, 0.080824543091, 0.75360201894, 0],
      [0.15908565198, 0.11480673311, 0.72610761491, 0],
      [0, 0, 0, 0],
      [0, 0, 0, 0]
    ],
    [
      [0.23018011898, 0.26389006989, 0.41918552522, 0.086744285904],
      [0.2050181027, 0.37705541847, 0.33056948593, 0.087356992908],
      [0.13804583861, 0.38519518609, 0.36525625336, 0.11150272194],
      [0.095304791593, 0.40256636856, 0.39036131652, 0.11176752333],
      [0.11426591667, 0.32183328863, 0.42516331525, 0.13873747945],
      [0.068323191009, 0.22132305025, 0.37802863845, 0.33232512029]
    ],
    [
      [0, 0, 0, 0],
      [0.045921101624, 0.19678319151, 0.67425920853, 0.083036498341],
      [0.043609397735, 0.22134631384, 0.65645710219, 0.078587186235],
      [0.042447891927, 0.24063149121, 0.64041726407, 0.076503352799],
      [0.037479513577, 0.182433797, 0.63685161635, 0.14323507307],
      [0.04229077066, 0.20851482553, 0.61259749937, 0.13659690444]
    ],
    [
      [0.34978652542, 0.17504844889, 0.40789951517, 0.067265510521],
      [0.13673524686, 0.1968725929, 0.55513081884, 0.1112613414],
      [0.15216158535, 0.17209989647, 0.57510738081, 0.10063113736],
      [0.13690284478, 0.13916166099, 0.61325833304, 0.11067716119],
      [0.12455167187, 0.15927196215, 0.5051672638, 0.21100910217],
      [0.16405612843, 0.067841740548, 0.45403329183, 0.31406883919]
    ],
    [
      [0, 0.21240053447, 0.78759946553, 0],
      [0, 0.18561709109, 0.81438290891, 0],
      [0, 0.20902622024, 0.79097377976, 0],
      [0, 0, 0, 0],
      [0, 0, 0, 0],
      [0, 0, 0, 0]
    ],
    [
      [0, 0.54376092422, 0.45623907578, 0],
      [0, 0.48810820816, 0.51189179184, 0],
      [0, 0.51275376141, 0.48724623859, 0],
      [0, 0.53146851093, 0.46853148907, 0],
      [0, 0, 0, 0],
      [0, 0, 0, 0]
    ],
    [
      [0, 0, 0, 0],
      [0.29146074815, 0.062094462218, 0.48951518231, 0.15692960732],
      [0.25297262061, 0.063552921083, 0.52725990047, 0.15621455784],
      [0.25463977504, 0.081577377175, 0.51735907088, 0.1464237769],
      [0, 0, 0, 0],
      [0.21179925391, 0.055928966877, 0.4490040446, 0.28326773461]
    ],
    [
      [0.22176953672, 0.19834850278, 0.52575580597, 0.054126154525],
      [0.097525078646, 0.20166075112, 0.64397590634, 0.056838263892],
      [0.096420755387, 0.23102597038, 0.61064805577, 0.06190521846],
      [0.055482403106, 0.29291505379, 0.58161291899, 0.069989624113],
      [0, 0, 0, 0],
      [0.081014644895, 0.12100483467, 0.63126282859, 0.16671769185]
    ],
    [
      [0.13335127495, 0.33329724293, 0.46667567966, 0.066675802458],
      [0.14287130405, 0.32140419132, 0.48215293794, 0.053571566697],
      [0.10832656536, 0.34167786526, 0.48333340204, 0.066662167338],
      [0.098762146229, 0.34569931728, 0.49381352687, 0.061725009618],
      [1.3012254736e-06, 0.33324293741, 0.5556149262, 0.11114083516],
      [0.090885029599, 0.27275209365, 0.45452062082, 0.18184225593]
    ],
    [
      [0, 0, 0, 0],
      [0.074094803671, 0, 0.92590519633, 0],
      [0.065523876358, 0, 0.93447612364, 0],
      [0, 0, 0, 0],
      [0, 0, 0, 0],
      [0, 0, 0, 0]
    ],
    [
      [0.16666666667, 0.21739130435, 0.55072463768, 0.065217391304],
      [0.15315315315, 0.22522522523, 0.55315315315, 0.068468468468],
      [0.15158636898, 0.22561692127, 0.55346650999, 0.069330199765],
      [0.15, 0.22222222222, 0.55833333333, 0.069444444444],
      [0.14736842105, 0.22105263158, 0.54736842105, 0.084210526316],
      [0.14285714286, 0.21428571429, 0.55357142857, 0.089285714286]
    ],
    [
      [0.24999999136, 0.14999915075, 0.55000001479, 0.050000843103],
      [0.18918895502, 0.19819766528, 0.54955031798, 0.063063061721],
      [0.1794871353, 0.21153899378, 0.54487146896, 0.064102401958],
      [0.17460342958, 0.20634909417, 0.55555554161, 0.063491934645],
      [0.15789518746, 0.15789515718, 0.63157630278, 0.052633352583],
      [0.14285834762, 0.14285602727, 0.42857376802, 0.28571185709]
    ],
    [
      [0.23076923077, 0.13609467456, 0.56213017751, 0.07100591716],
      [0.22027027027, 0.13986486486, 0.56418918919, 0.075675675676],
      [0.21978021978, 0.14054366686, 0.56390977444, 0.075766338924],
      [0.21894736842, 0.13894736842, 0.56631578947, 0.075789473684],
      [0.21739130435, 0.13664596273, 0.57142857143, 0.074534161491],
      [0.21686746988, 0.13253012048, 0.55421686747, 0.096385542169]
    ],
    [
      [0.2, 0.15483870968, 0.56774193548, 0.077419354839],
      [0.19410745234, 0.15944540728, 0.56845753899, 0.077989601386],
      [0.19345454545, 0.16072727273, 0.568, 0.077818181818],
      [0.19294117647, 0.16, 0.56941176471, 0.077647058824],
      [0.18709677419, 0.15483870968, 0.57419354839, 0.083870967742],
      [0.18888888889, 0.15555555556, 0.56666666667, 0.088888888889]
    ],
    [
      [0.27272682572, 0.13636397153, 0.54545465715, 0.045454545601],
      [0.20111718112, 0.15642453978, 0.58659232988, 0.05586594922],
      [0.19696987075, 0.15151506461, 0.59595950907, 0.055555555558],
      [0.186440553, 0.13559359533, 0.61016924147, 0.0677966102],
      [0.20000049165, 0.13333300582, 0.53333333311, 0.13333316942],
      [0.14285714316, 0.14285714293, 0.57142892208, 0.14285679182]
    ],
    [
      [0.17204301075, 0.17204301075, 0.60215053763, 0.05376344086],
      [0.15451388889, 0.18055555556, 0.60590277778, 0.059027777778],
      [0.15430267062, 0.18100890208, 0.60682492582, 0.057863501484],
      [0.15447154472, 0.17479674797, 0.61382113821, 0.056910569106],
      [0.15277777778, 0.16666666667, 0.61111111111, 0.069444444444],
      [0.14634146341, 0.17073170732, 0.58536585366, 0.09756097561]
    ],
    [
      [0.16666666667, 0.18518518519, 0.59259259259, 0.055555555556],
      [0.14049586777, 0.20661157025, 0.59504132231, 0.057851239669],
      [0.14066496164, 0.20204603581, 0.59590792839, 0.061381074169],
      [0.13533834586, 0.1954887218, 0.60902255639, 0.06015037594],
      [0.13333333333, 0.17777777778, 0.62222222222, 0.066666666667],
      [0.11111111111, 0.11111111111, 0.55555555556, 0.22222222222]
    ],
    [
      [0.30624549832, 0.06691692267, 0.59258647003, 0.034251108985],
      [0.12117102608, 0.16810526033, 0.65241737708, 0.058306336515],
      [0.12193103976, 0.18757598127, 0.62165111531, 0.068841863656],
      [0.11411268877, 0.18050633492, 0.63082000255, 0.074560973762],
      [0.038473409249, 0.16829290633, 0.67866801435, 0.11456567007],
      [0.041169301236, 0.17359498546, 0.46627902031, 0.31895669299]
    ],
    [
      [0.28571428603, 0.095238095553, 0.57142857064, 0.047619047775],
      [0.23529411766, 0.10504201678, 0.57983193279, 0.079831932772],
      [0.23376623353, 0.11038961035, 0.57792207832, 0.077922077797],
      [0.20930232627, 0.13953488387, 0.58139534808, 0.069767441783],
      [0.19999999983, 0.099999999673, 0.64999999967, 0.050000000819],
      [0.17647058823, 0.058823529799, 0.52941176414, 0.23529411783]
    ],
    [
      [0.24509992422, 0.049521864345, 0.6399133734, 0.065464838031],
      [0.096000054612, 0.16030460967, 0.68114623365, 0.062549102072],
      [0.099689822212, 0.14285399441, 0.68788178942, 0.069574393953],
      [0.058123321532, 0.11613211801, 0.77363684396, 0.052107716503],
      [0, 0, 0, 0],
      [0.10199364808, 0.045942634497, 0.60292977288, 0.24913394454]
    ],
    [
      [0.16129047815, 0.16128985587, 0.64516144589, 0.032258220089],
      [0.10156234929, 0.18749988697, 0.65625041445, 0.05468734929],
      [0.097046474549, 0.18565406949, 0.66244711494, 0.054852341024],
      [0.096385658378, 0.18072300778, 0.67469867897, 0.048192654875],
      [0.090908871696, 0.18181862024, 0.6818179626, 0.045454545457],
      [0.066666345156, 0.13333301182, 0.59999935697, 0.20000128605]
    ],
    [
      [0.2721640164, 0.18222786324, 0.54535665654, 0.00025146382426],
      [0.13649234358, 0.22715465626, 0.59091390706, 0.045439093097],
      [0.099836242886, 0.24989546843, 0.60023508532, 0.050033203361],
      [0.10324972961, 0.24127598899, 0.62117998573, 0.034294295665],
      [0.0018723373357, 0.14265832694, 0.85418148353, 0.0012878521949],
      [0.00042994413374, 0.14447836477, 0.57046711105, 0.28462458005]
    ],
    [
      [0, 0, 0, 0],
      [0.36312184963, 0.40254099755, 0, 0.23433715281],
      [0.30220524095, 0.43647341068, 0, 0.26132134837],
      [0.2748808325, 0.48852422968, 0, 0.23659493783],
      [0.29723224502, 0.36360313035, 0, 0.33916462463],
      [0.2127981669, 0.33180977239, 0, 0.45539206071]
    ],
    [
      [0.18102413119, 0.33936944395, 0.40214020558, 0.077466219289],
      [0.17819820555, 0.30481247444, 0.42526515854, 0.091724161466],
      [0.16140518763, 0.33061985592, 0.42571510398, 0.082259852465],
      [0.15656210037, 0.36395851385, 0.39544932393, 0.084030061851],
      [0, 0, 0, 0],
      [0, 0, 0, 0]
    ],
    [
      [0, 0, 0, 0],
      [0.1695704449, 0, 0.70580007532, 0.12462947979],
      [0.13297525784, 0, 0.73200803893, 0.13501670323],
      [0, 0, 0, 0],
      [0.13096666834, 0, 0.69618786629, 0.17284546537],
      [0, 0, 0, 0]
    ],
    [
      [0, 0, 0, 0],
      [0.27079108999, 0.12114461068, 0.60806429933, 0],
      [0.22920891001, 0.12885538932, 0.64193570067, 0],
      [0, 0, 0, 0],
      [0, 0, 0, 0],
      [0, 0, 0, 0]
    ],
    [
      [0, 0.32136500774, 0.49338274155, 0.18525225071],
      [0, 0.3294285272, 0.45170059069, 0.21887088211],
      [0, 0.29410698211, 0.49244685089, 0.213446167],
      [0, 0.31402734806, 0.47750432694, 0.208468325],
      [0, 0, 0, 0],
      [0, 0.20314675097, 0.37138137493, 0.4254718741]
    ],
    [
      [0, 0.34400778045, 0.53792436861, 0.11806785094],
      [0, 0.29733924817, 0.55183351467, 0.15082723716],
      [0, 0.33368668312, 0.51059383024, 0.15571948664],
      [0, 0.37666147955, 0.47669335368, 0.14664516677],
      [0, 0, 0, 0],
      [0, 0.27164332916, 0.44626157912, 0.28209509172]
    ],
    [
      [0.10714149804, 0.28571055018, 0.53571820592, 0.071429745863],
      [0.089551193046, 0.29850945923, 0.55223875385, 0.059700593869],
      [0.064516484236, 0.30967652847, 0.55484013048, 0.070966856821],
      [0.068181019447, 0.31818468143, 0.54545288939, 0.068181409732],
      [6.6815485135e-06, 0.24999413219, 0.74998769437, 1.1491886913e-05],
      [3.0838820457e-06, 0.28570909727, 0.49999763598, 0.21429018287]
    ],
    [
      [0.20833333296, 0.16666828556, 0.58333131015, 0.041667071335],
      [0.098765551534, 0.22222054287, 0.60493983121, 0.074074074385],
      [0.10047837568, 0.19617248119, 0.62679407291, 0.076555070214],
      [0.09230769372, 0.20000089652, 0.63076863183, 0.076922777934],
      [0.10000194254, 0.19999999982, 0.59999902725, 0.099999030389],
      [0.09523763334, 0.19047573015, 0.57142903087, 0.14285760564]
    ],
    [
      [0.088236087132, 0.3529395837, 0.50000078963, 0.058823539531],
      [0.080644944673, 0.37096818639, 0.49999888588, 0.048387983054],
      [0.05113635967, 0.38636370675, 0.50000055463, 0.062499378952],
      [0.051851553602, 0.39259249379, 0.49629618955, 0.059259763057],
      [1.0598198623e-06, 0.30769335863, 0.61538356374, 0.07692201782],
      [1.2410924533e-06, 0.36363762598, 0.45454297231, 0.18181816061]
    ],
    [
      [0.11760842017, 0.29421576824, 0.58816501591, 1.0795670027e-05],
      [0.049997183354, 0.32493885354, 0.60002502587, 0.025038937234],
      [0.033070227904, 0.33051027655, 0.6033651712, 0.033054324349],
      [0.031722637362, 0.30168912624, 0.63483921825, 0.031749018145],
      [6.659421791e-05, 0.20035506824, 0.59980088559, 0.19977745195],
      [3.4401806495e-05, 0.25007033673, 0.58326106687, 0.1666341946]
    ],
    [
      [0.15384590889, 0.23076949566, 0.61538458949, 5.9708225368e-09],
      [0.071428630112, 0.23214273695, 0.62500011414, 0.0714285188],
      [0.064516144169, 0.23963126957, 0.62672815555, 0.069124430712],
      [0.054053965606, 0.24324341828, 0.63513504798, 0.067567568134],
      [4.7867264287e-07, 0.20000001124, 0.59999936309, 0.200000147],
      [0.041666598835, 0.2083335302, 0.62499987542, 0.12499999555]
    ],
    [
      [0.23404348652, 0.12800914147, 0.63520288701, 0.0027444849908],
      [0.083863734491, 0.24137069288, 0.6316330952, 0.043132477423],
      [0.064318818869, 0.21547797256, 0.66724484251, 0.052958366062],
      [0.071351171659, 0.1748417759, 0.71713356863, 0.036673483804],
      [0.00069944109777, 0.012155530761, 0.75306274668, 0.23408228146],
      [0.0081296699867, 0.15966937503, 0.66363137692, 0.16856957806]
    ],
    [
      [0.15789475048, 0.26315788714, 0.52631536584, 0.052631996535],
      [0.087719171668, 0.28070192618, 0.56140358638, 0.070175315772],
      [0.063829743277, 0.30496433858, 0.56028388141, 0.070922036734],
      [0.058823605207, 0.29411797645, 0.57352914098, 0.073529277368],
      [5.3720833936e-07, 0.20000044529, 0.69999910824, 0.099999909264],
      [0.045454664884, 0.27272689825, 0.5454547126, 0.13636372426]
    ],
    [
      [0.2999972343, 0.20000363808, 0.49999071428, 8.4133328482e-06],
      [0.2181763681, 0.21817517096, 0.50910518957, 0.054543271373],
      [0.20000334433, 0.25714365509, 0.49999516979, 0.04285783079],
      [0.1842108, 0.2105320352, 0.55262403588, 0.052633128919],
      [0.20000850926, 0.19999964856, 0.49998391829, 0.10000792389],
      [0.16666648462, 0.16667162809, 0.50000774995, 0.16665413734]
    ],
    [
      [0.19047631632, 0.26190465183, 0.4999999867, 0.04761904515],
      [0.16363664721, 0.28181820564, 0.49999969216, 0.054545454988],
      [0.16363617521, 0.28484860737, 0.49696977806, 0.054545439359],
      [0.16129018081, 0.29032249523, 0.49462391016, 0.053763413801],
      [0.083333974042, 0.33333270026, 0.58333268495, 6.407386428e-07],
      [0.14285715055, 0.2142855234, 0.50000036974, 0.14285695631]
    ],
    [
      [0.36323746691, 0.18211541935, 0.45456651681, 8.0596934582e-05],
      [0.25680765172, 0.12169516576, 0.54033838634, 0.081158796179],
      [0.2499886108, 0.095949584401, 0.57697011304, 0.077091691759],
      [0.24981576007, 0.062549965696, 0.56310568397, 0.12452859026],
      [0.25037538512, 0.083106313622, 0.50048932565, 0.16602897562],
      [0.24991427318, 0.00095862931027, 0.49917974916, 0.24994734835]
    ],
    [
      [0.086935709447, 0.27614496356, 0.5979843888, 0.03893493819],
      [0.057928776761, 0.29227088177, 0.60179607814, 0.048004263331],
      [0.049254354086, 0.32648274776, 0.57699406947, 0.047268828682],
      [0.05007213624, 0.33438147088, 0.57006149497, 0.04548489791],
      [0.05683301298, 0.28251029195, 0.56134717212, 0.099309522947],
      [0.038049433404, 0.28076276268, 0.56902017405, 0.11216762986]
    ],
    [
      [0, 0, 0, 0],
      [0.45363328317, 0.13920639879, 0.40716031804, 0],
      [0.40492357033, 0.17906435122, 0.41601207845, 0],
      [0.35309631358, 0.21535094826, 0.43155273816, 0],
      [0.40594667567, 0.15700870464, 0.43704461969, 0],
      [0, 0, 0, 0]
    ],
    [
      [0, 0, 0, 0],
      [0.075368741106, 0.46604692916, 0.34618866551, 0.11239566422],
      [0.062899758585, 0.48390050154, 0.33905830157, 0.1141414383],
      [0.045440467522, 0.52006695899, 0.32602383978, 0.10846873371],
      [0, 0, 0, 0],
      [0, 0, 0, 0]
    ],
    [
      [0.063770882863, 0.45184371727, 0.39394678106, 0.090438618805],
      [0.081864240454, 0.49207980406, 0.36407395205, 0.06198200343],
      [0.077198458747, 0.3637582462, 0.4661990875, 0.092844207558],
      [0.04788232029, 0.39082489334, 0.48878842214, 0.072504364226],
      [0.026969072547, 0.39273537391, 0.45256388794, 0.1277316656],
      [0.048536387823, 0.37693989931, 0.38363964103, 0.19088407185]
    ],
    [
      [0.20096999882, 0.11465270788, 0.39140127153, 0.29297602176],
      [0.16237304039, 0.14902348391, 0.34306232887, 0.34554114683],
      [0.13486451402, 0.14218997734, 0.35637976822, 0.36656574042],
      [0.13347337725, 0.16111786085, 0.36727773595, 0.33813102594],
      [0.12934809808, 0.10853989568, 0.33054773929, 0.43156426695],
      [0.080431152444, 0.098850445432, 0.24413656318, 0.57658183894]
    ],
    [
      [0, 0, 0, 0],
      [0.19630696274, 0.21976794867, 0.48207727944, 0.10184780915],
      [0.1620559616, 0.26106906862, 0.48027537267, 0.096599597118],
      [0.15163514399, 0.26101292515, 0.49673323486, 0.090618696008],
      [0.17575910557, 0.24946267575, 0.47148662925, 0.10329158943],
      [0.12079068047, 0.16792804467, 0.4512989045, 0.25998237036]
    ],
    [
      [0.30718927542, 0.15385549168, 0.46156805426, 0.077387178643],
      [0.20688749928, 0.17255511181, 0.51726434143, 0.10329304748],
      [0.16274310282, 0.23219547044, 0.51197460953, 0.093086817211],
      [0.14311503586, 0.14294431019, 0.64218741324, 0.071753240704],
      [0.00090013784847, 0.0012246989969, 0.74802728706, 0.2498478761],
      [0.11129305176, 0.1116951109, 0.44458980552, 0.33242203182]
    ],
    [
      [0.33309238713, 5.5843819088e-05, 0.66666348781, 0.00018828124444],
      [0.1551875871, 0.12065723927, 0.67240090683, 0.051754266801],
      [0.13044434751, 0.14780048403, 0.66960651006, 0.052148658403],
      [0.1332796358, 0.16676380631, 0.66661583249, 0.033340725399],
      [0.00017328119836, 0.16675326843, 0.83291494175, 0.00015850862446],
      [7.3800810055e-06, 0.00021111920619, 0.60001063911, 0.3997708616]
    ],
    [
      [0.47770853914, 0.0061350146486, 0.36528379405, 0.15087265216],
      [0.30842736799, 0.10727498643, 0.36623224486, 0.21806540072],
      [0.25202943633, 0.13740571211, 0.39552174251, 0.21504310905],
      [0.19606376539, 0.30451166706, 0.32511518419, 0.17430938337],
      [0.2250112822, 0.014782796457, 0.53425115823, 0.22595476311],
      [0.14504577485, 0.016784294354, 0.43090346627, 0.40726646453]
    ],
    [
      [0.40796880394, 0.048823229681, 0.4957744239, 0.047433542482],
      [0.25026189009, 0.17947479241, 0.48213012563, 0.08813319188],
      [0.22636361314, 0.17998010895, 0.49596328729, 0.097692990628],
      [0.18155007036, 0.14416226541, 0.59267743585, 0.081610228386],
      [0.070535995331, 0.069282588508, 0.43409187168, 0.42608954448],
      [0.16851997557, 0.046966416928, 0.54209497939, 0.24241862811]
    ],
    [
      [0.20454545454, 0.20454545453, 0.54545454546, 0.045454545467],
      [0.16402116402, 0.21693121694, 0.56084656085, 0.058201058197],
      [0.1583011583, 0.21235521236, 0.57142857143, 0.057915057914],
      [0.15652173914, 0.20869565217, 0.57391304347, 0.060869565219],
      [0.16, 0.20000000001, 0.55999999998, 0.080000000009],
      [0.11764705881, 0.17647058824, 0.52941176471, 0.17647058824]
    ],
    [
      [0.35921595994, 0.18799469797, 0.42969445195, 0.023094890142],
      [0.20363640209, 0.17827632573, 0.54890443343, 0.069182838751],
      [0.16887821862, 0.24671366904, 0.52855387271, 0.055854239627],
      [0.1361771712, 0.24640980149, 0.54753619294, 0.069876834373],
      [0.027372740461, 0.035995956796, 0.92874220792, 0.0078890948205],
      [0.033539842623, 0.025014163309, 0.49467906696, 0.44676692711]
    ],
    [
      [0, 0, 0, 0],
      [0.31343181162, 0.064992357821, 0.62157583055, 0],
      [0.25032371677, 0.079226621267, 0.67044966196, 0],
      [0.24092692314, 0.083928031094, 0.67514504577, 0],
      [0, 0, 0, 0],
      [0, 0, 0, 0]
    ],
