{
  "X": [
    [1, 3, 84, 9, 7],
    [3, 9, 119, 47, 14],
    [16, 39, 136, 224, 34],
    [18, 20, 212, 231, 39],
    [3, 7, 79, 55, 14],
    [2, 0, 52, 20, 4],
    [13, 12, 202, 151, 18],
    [4, 14, 167, 172, 16],
    [11, 5, 349, 297, 44],
    [5, 12, 300, 219, 21],
    [3, 3, 124, 69, 4],
    [5, 7, 193, 210, 17],
    [8, 9, 108, 99, 16],
    [4, 11, 151, 140, 12],
    [16, 7, 555, 279, 38],
    [5, 7, 93, 48, 10],
    [8, 10, 78, 48, 7],
    [1, 4, 66, 31, 7],
    [0, 0, 36, 13, 1],
    [4, 8, 150, 74, 9],
    [7, 0, 89, 24, 8],
    [0, 0, 45, 10, 4],
    [11, 15, 191, 183, 16],
    [0, 1, 28, 7, 2],
    [1, 3, 95, 16, 5],
    [0, 1, 44, 14, 1],
    [2, 2, 92, 17, 4],
    [4, 7, 72, 26, 7],
    [0, 1, 62, 22, 6],
    [11, 16, 119, 146, 30],
    [9, 17, 213, 138, 24],
    [0, 1, 54, 14, 5],
    [1, 5, 22, 38, 4],
    [3, 5, 99, 46, 8],
    [7, 9, 66, 34, 10],
    [7, 5, 60, 97, 7],
    [1, 17, 86, 153, 8],
    [0, 1, 6, 3, 1],
    [2, 7, 56, 31, 6],
    [0, 3, 78, 10, 9],
    [0, 2, 43, 14, 4],
    [3, 2, 77, 72, 10],
    [1, 3, 103, 46, 9],
    [40, 35, 99, 301, 55],
    [16, 13, 136, 163, 30],
    [28, 54, 214, 499, 62],
    [10, 16, 47, 135, 15],
    [22, 32, 115, 492, 58],
    [17, 10, 45, 188, 34],
    [7, 4, 11, 105, 9],
    [43, 72, 269, 650, 81],
    [22, 24, 131, 174, 44],
    [22, 53, 185, 236, 32],
    [34, 50, 372, 504, 77],
    [24, 37, 335, 347, 59],
    [57, 31, 261, 430, 81],
    [9, 20, 41, 147, 26],
    [49, 66, 410, 751, 132],
    [48, 43, 329, 670, 100],
    [39, 44, 198, 419, 84],
    [21, 36, 144, 444, 61],
    [15, 22, 62, 119, 14],
    [90, 21, 431, 561, 82],
    [45, 41, 316, 668, 96],
    [35, 49, 719, 440, 89],
    [11, 25, 248, 235, 30],
    [18, 25, 242, 140, 35],
    [0, 0, 82, 18, 5],
    [20, 9, 228, 282, 43],
    [58, 52, 686, 726, 127],
    [7, 17, 98, 129, 25],
    [46, 140, 507, 517, 108],
    [2, 11, 50, 48, 8]
  ],
  "W": [
    [12, 5, 7, 55, 11, 5, 9],
    [25, 14, 33, 73, 28, 6, 13],
    [11, 31, 190, 95, 54, 23, 45],
    [13, 30, 195, 125, 69, 37, 51],
    [10, 13, 44, 53, 19, 8, 11],
    [5, 1, 18, 32, 15, 1, 6],
    [17, 20, 144, 120, 48, 17, 30],
    [21, 19, 159, 84, 46, 14, 30],
    [12, 11, 267, 213, 101, 42, 60],
    [23, 22, 204, 173, 76, 33, 26],
    [13, 3, 68, 75, 20, 13, 11],
    [14, 12, 168, 120, 56, 23, 39],
    [7, 10, 88, 71, 41, 9, 14],
    [19, 11, 117, 94, 43, 16, 18],
    [39, 20, 259, 314, 149, 46, 68],
    [11, 14, 45, 59, 15, 3, 16],
    [8, 12, 41, 42, 26, 10, 12],
    [4, 7, 32, 48, 9, 7, 2],
    [7, 4, 8, 24, 5, 1, 1],
    [8, 11, 64, 119, 22, 10, 11],
    [6, 1, 16, 61, 26, 10, 8],
    [2, 1, 7, 32, 13, 1, 3],
    [24, 17, 154, 126, 58, 16, 21],
    [4, 2, 6, 15, 5, 2, 4],
    [9, 5, 9, 79, 9, 5, 4],
    [10, 1, 13, 24, 10, 1, 1],
    [17, 2, 14, 58, 21, 1, 4],
    [10, 10, 21, 49, 9, 10, 7],
    [9, 1, 18, 39, 14, 5, 5],
    [6, 19, 132, 72, 41, 22, 30],
    [14, 20, 129, 137, 54, 24, 23],
    [10, 3, 11, 37, 8, 2, 3],
    [5, 10, 30, 8, 8, 5, 4],
    [18, 6, 36, 65, 23, 8, 5],
    [10, 17, 21, 39, 20, 9, 10],
    [2, 12, 96, 20, 26, 7, 13],
    [7, 17, 141, 52, 28, 7, 13],
    [0, 0, 3, 5, 1, 1, 1],
    [4, 10, 22, 39, 14, 6, 7],
    [5, 3, 11, 62, 8, 2, 9],
    [5, 3, 7, 30, 14, 1, 3],
    [12, 8, 58, 42, 18, 11, 15],
    [7, 5, 43, 64, 19, 10, 14],
    [5, 44, 251, 53, 73, 35, 69],
    [8, 17, 144, 74, 42, 26, 47],
    [26, 54, 435, 129, 93, 36, 84],
    [9, 23, 107, 29, 24, 10, 21],
    [8, 30, 421, 69, 100, 25, 66],
    [1, 15, 153, 31, 44, 19, 31],
    [2, 2, 89, 5, 15, 4, 19],
    [14, 110, 579, 159, 89, 62, 102],
    [12, 30, 147, 57, 48, 44, 57],
    [17, 59, 201, 112, 63, 35, 41],
    [40, 84, 438, 217, 110, 73, 75],
    [37, 66, 290, 201, 83, 69, 56],
    [26, 42, 377, 120, 110, 79, 106],
    [2, 18, 136, 26, 30, 10, 21],
    [35, 103, 640, 216, 207, 98, 109],
    [23, 62, 599, 197, 106, 80, 123],
    [15, 54, 381, 84, 85, 65, 100],
    [15, 48, 381, 61, 105, 34, 62],
    [8, 15, 104, 36, 34, 14, 21],
    [23, 44, 464, 227, 162, 124, 141],
    [19, 47, 587, 176, 157, 75, 105],
    [89, 77, 367, 428, 149, 134, 88],
    [20, 21, 198, 178, 72, 27, 33],
    [40, 20, 121, 138, 61, 38, 42],
    [12, 3, 21, 51, 7, 10, 1],
    [6, 10, 264, 192, 54, 7, 49],
    [93, 97, 594, 429, 203, 97, 136],
    [13, 25, 109, 68, 31, 8, 22],
    [75, 164, 449, 323, 118, 63, 126],
    [12, 25, 29, 32, 8, 6, 7]
  ],
  "method": "mvn_pdf",
  "cond_prob": [
    [
      [1.3630440098e-11, 0.0079013480634, 0.9920400821, 3.2823895164e-05, 2.5745930794e-05],
      [1.0333810946e-05, 0.46126590223, 0.15719147542, 0.18150712874, 0.20002515979],
      [0.0011450770128, 0.014059005487, 0.14217620265, 0.79891426785, 0.043705446999],
      [5.3238042258e-08, 0.00082398518424, 0.99779190606, 0.00017922821242, 0.0012048273083],
      [0.0019923783371, 0.010305643687, 0.77200978109, 0.12802260258, 0.087669594306],
      [0.055656917497, 0.001538124867, 0.75469247276, 0.036689645764, 0.15142283911],
      [0.099767913258, 0.028022911443, 0.39784254023, 0.14354592584, 0.33082070923]
    ],
    [
      [4.4489161593e-11, 0.022920096531, 0.97689177943, 0.00012633140069, 6.1792597273e-05],
      [1.3410655827e-05, 0.4741171356, 0.064118307998, 0.27460499115, 0.18714615459],
      [0.001164609805, 0.01253797806, 0.045697399257, 0.90806916815, 0.032530844733],
      [1.7559976651e-07, 0.0023990144374, 0.99398237658, 0.00069683350468, 0.0029215998818],
      [0.0043346496896, 0.019812368286, 0.50523600603, 0.33117484024, 0.13944213575],
      [0.1312655216, 0.003079603005, 0.51651956097, 0.098386887206, 0.25074842722],
      [0.15404042665, 0.037744690844, 0.1892504604, 0.25820746581, 0.36075695629]
    ],
    [
      [1.0423331226e-10, 0.13326195721, 0.86640358222, 0.00024943783593, 8.5022630953e-05],
      [8.8506136333e-06, 0.76081787172, 0.016445411502, 0.15129379099, 0.071434075179],
      [0.0014302584154, 0.038077873225, 0.02184145205, 0.91525881579, 0.023391600525],
      [4.5647324638e-07, 0.015447558213, 0.97856624162, 0.0015263921432, 0.0044593515473],
      [0.0071510223731, 0.081146223782, 0.31972406758, 0.4577789585, 0.13419972776],
      [0.22985664657, 0.013563080153, 0.35174163287, 0.14705921066, 0.25777942975],
      [0.20315616175, 0.12638046537, 0.099019784121, 0.29208123825, 0.27936235051]
    ],
    [
      [6.1930802263e-11, 0.022125962335, 0.97768660704, 0.00013809346677, 4.9337094271e-05],
      [1.9643143552e-05, 0.46256014383, 0.069588318109, 0.31293972172, 0.1548921732],
      [0.0015408232048, 0.01148775134, 0.044835622579, 0.91753093679, 0.024604866088],
      [2.4450828929e-07, 0.0023206395747, 0.99458368666, 0.00076205303793, 0.0023333762145],
      [0.0059761115509, 0.018962140227, 0.50990780738, 0.35578722665, 0.1093667142],
      [0.17671688661, 0.0029455574859, 0.51978662646, 0.10613032618, 0.19442060327],
      [0.20843071865, 0.036363185145, 0.19458106814, 0.28017581371, 0.28044921436]
    ],
    [
      [5.1816060837e-11, 0.021917551731, 0.9778508263, 0.00015238502265, 7.9236890786e-05],
      [1.4228897399e-05, 0.41738393237, 0.057983963416, 0.30415799876, 0.22045987656],
      [0.001123777528, 0.010032465823, 0.037644206905, 0.91646337382, 0.034736175922],
      [2.0412834703e-07, 0.0022888114014, 0.99313303682, 0.00083881553218, 0.003739132117],
      [0.0045567993161, 0.017184383463, 0.45349081568, 0.36253225973, 0.16223574181],
      [0.13784520136, 0.0026553518324, 0.46161637518, 0.1068904751, 0.29099259653],
      [0.15162258158, 0.030677897829, 0.15889389285, 0.26439227954, 0.3944133482]
    ],
    [
      [3.349743783e-11, 0.0034277359526, 0.99649743291, 5.0913732747e-05, 2.3917369776e-05],
      [3.1260861751e-05, 0.23847006705, 0.18952418206, 0.34391433422, 0.2280601558],
      [0.0019972991427, 0.0043254045748, 0.099627446174, 0.86543308806, 0.028616762044],
      [1.3058159865e-07, 0.00036347500302, 0.99824212093, 0.00027742866064, 0.0011168448266],
      [0.0046578359785, 0.0042512124697, 0.7245589133, 0.18948617538, 0.077045862874],
      [0.13898777882, 0.00062051872039, 0.67934584382, 0.052073617548, 0.12897224109],
      [0.23328565188, 0.0098701428427, 0.32199140338, 0.18196445033, 0.25288835156]
    ],
    [
      [5.4116538637e-11, 0.010803344824, 0.98910706146, 6.5530942375e-05, 2.4062723472e-05],
      [3.280126906e-05, 0.43729832652, 0.13356609451, 0.28432152412, 0.14478125358],
      [0.0026843999229, 0.011210831782, 0.089751997732, 0.87240316234, 0.02394960822],
      [2.118322569e-07, 0.0011249048175, 0.99738795572, 0.00035857111641, 0.0011283565175],
      [0.0069451736316, 0.012314434345, 0.68554857014, 0.22428877692, 0.070903044964],
      [0.18868688622, 0.0017387774106, 0.63424963779, 0.060809466172, 0.1145152324],
      [0.2773717434, 0.026549441981, 0.29255161153, 0.1986334956, 0.20489370749]
    ],
    [
      [2.0392425638e-11, 0.014281877032, 0.98561665897, 7.9702503529e-05, 2.1761474765e-05],
      [1.0386507314e-05, 0.48777369035, 0.11174276843, 0.2905929771, 0.10988017762],
      [0.00085162745927, 0.012468404335, 0.075236487543, 0.89320863102, 0.01823484964],
      [8.0064847501e-08, 0.0014905380348, 0.99704849, 0.00043741457409, 0.0010234773272],
      [0.0025176521984, 0.01567299164, 0.65722723863, 0.26288180136, 0.061700316167],
      [0.079136052067, 0.0026024532461, 0.71714901163, 0.08383012637, 0.11728235669],
      [0.11966597176, 0.041045759431, 0.34028992901, 0.28259338991, 0.21640494989]
    ],
    [
      [2.812662455e-11, 0.0084009904327, 0.9914724666, 9.2392610874e-05, 3.4150330761e-05],
      [1.5891228103e-05, 0.31088621353, 0.12607143678, 0.3722972899, 0.19072916857],
      [0.0010295680944, 0.0064144970118, 0.067090318541, 0.90042598566, 0.025039630691],
      [1.098057331e-07, 0.00087286715965, 0.99702562651, 0.00050422074612, 0.0015971757769],
      [0.0032245146593, 0.0085525108836, 0.61602854695, 0.2823375126, 0.089856914909],
      [0.097835193358, 0.0013743298955, 0.64877664236, 0.087116900106, 0.16489693428],
      [0.13698901429, 0.020086981352, 0.28812857527, 0.27260938557, 0.28218604352]
    ],
    [
      [2.0245504132e-11, 0.0091496236105, 0.99076122797, 6.8698583734e-05, 2.044981739e-05],
      [1.3303600007e-05, 0.39769553281, 0.1462294181, 0.32292810851, 0.13313363698],
      [0.00097228048521, 0.0091895892886, 0.087752289109, 0.88238311785, 0.019702723263],
      [7.9146295859e-08, 0.00095179875545, 0.99771498014, 0.00037543086718, 0.00095771109012],
      [0.0026041073458, 0.010461017354, 0.6908072709, 0.23575198822, 0.060375616172],
      [0.079671702756, 0.0016935989629, 0.73364565955, 0.073306934565, 0.11168210417],
      [0.12678007572, 0.028082459244, 0.36824688006, 0.26007715966, 0.21681342531]
    ],
    [
      [1.9092957242e-11, 0.0084469712634, 0.99148931692, 5.1145686356e-05, 1.2566109327e-05],
      [1.4225525858e-05, 0.46788691536, 0.16195427759, 0.2767847535, 0.093359828027],
      [0.0011664282046, 0.010914651812, 0.1088053441, 0.86363161761, 0.015481958272],
      [7.4625240845e-08, 0.00088017177222, 0.99825198444, 0.00027946080871, 0.00058830835132],
      [0.0026891992884, 0.010627373537, 0.75265347783, 0.19339890627, 0.040631043077],
      [0.081392944598, 0.0016825241475, 0.78443143345, 0.058719975466, 0.073773122337],
      [0.1457275956, 0.03116534836, 0.43017287102, 0.23260769682, 0.16032648819]
    ],
    [
      [2.7858126672e-11, 0.01461500415, 0.98518083548, 0.00017451853513, 2.9641810369e-05],
      [1.0183891195e-05, 0.35520440926, 0.080479564636, 0.45709996539, 0.10720587683],
      [0.000562406898, 0.0061596561164, 0.036498179512, 0.9447844661, 0.011995291379],
      [1.0932899945e-07, 0.001524423386, 0.99612454694, 0.00095736600692, 0.0013935543383],
      [0.0025729290344, 0.011998072258, 0.49084633494, 0.43172449332, 0.062858170444],
      [0.092389193597, 0.0022747541508, 0.61194776033, 0.1569332742, 0.13645501773],
      [0.11149928391, 0.02875372493, 0.2336449602, 0.42463933821, 0.20146269275]
    ],
    [
      [1.2147982675e-10, 0.02933220227, 0.97047675155, 0.00013009019361, 6.09558665e-05],
      [3.1935600703e-05, 0.53835721887, 0.056244428809, 0.24537871226, 0.15998770446],
      [0.0031189303395, 0.015746209, 0.045162310482, 0.90451763035, 0.031454919832],
      [4.822876402e-07, 0.0030837104386, 0.99329518007, 0.00072176677433, 0.0028988604303],
      [0.011621412063, 0.024881109325, 0.49597444404, 0.33298121482, 0.13454181975],
      [0.29900674655, 0.0031865796729, 0.41715414522, 0.081826855244, 0.19882567331],
      [0.33673095862, 0.037467324963, 0.14754863432, 0.20517934729, 0.27307373482]
    ],
    [
      [3.531528329e-11, 0.030856675348, 0.96894131691, 0.00016699248031, 3.5015226991e-05],
      [9.0821938773e-06, 0.54648967221, 0.055391036557, 0.30875932139, 0.089350887649],
      [0.0007312239589, 0.013347869025, 0.036613750076, 0.93474358201, 0.014563574926],
      [1.405664364e-07, 0.0032543556762, 0.99414721819, 0.00092891144946, 0.0016693741206],
      [0.0032668643368, 0.025373713523, 0.48182668556, 0.41499118466, 0.074541551923],
      [0.11421690703, 0.0046274835276, 0.5795455767, 0.14519475511, 0.15641527764],
      [0.13233125002, 0.05637631907, 0.21183245704, 0.37754072823, 0.22191924563]
    ],
    [
      [2.2368524126e-11, 0.005333913979, 0.99459935422, 4.8921296072e-05, 1.7810487037e-05],
      [2.0403429827e-05, 0.31703270766, 0.20470838321, 0.31784792289, 0.16039058281],
      [0.0014593088755, 0.0072528916487, 0.12022259655, 0.84780434811, 0.023260854812],
      [8.7171984803e-08, 0.00055350289891, 0.99834840276, 0.00026651512713, 0.000831492038],
      [0.0031143232869, 0.0065932341261, 0.7521789506, 0.18126934646, 0.05684414553],
      [0.090166640273, 0.0010117939199, 0.75590456123, 0.053446837924, 0.099470166649],
      [0.15526276348, 0.018144969823, 0.41240247296, 0.20522402271, 0.20896577103]
    ],
    [
      [3.9876250963e-11, 0.0085044537021, 0.99142087539, 4.9848970867e-05, 2.4821893255e-05],
      [2.8317911554e-05, 0.41662780022, 0.15015278363, 0.25560379328, 0.17758730496],
      [0.0024661123324, 0.011070980455, 0.10724165697, 0.84831484695, 0.030906403292],
      [1.5582639043e-07, 0.00088514956899, 0.99768026483, 0.00027232176522, 0.0011621080061],
      [0.0054636255481, 0.010356534116, 0.72333257889, 0.18242829972, 0.078418961724],
      [0.15201413875, 0.0014673128268, 0.6693081644, 0.049531885208, 0.12767849881],
      [0.24044075359, 0.023719852659, 0.32024631853, 0.17156476701, 0.24402830821]
    ],
    [
      [9.5259550662e-11, 0.023420234606, 0.97647626513, 7.7061806205e-05, 2.6438358904e-05],
      [3.4914188503e-05, 0.62022350323, 0.078170039359, 0.20449191054, 0.097079632685],
      [0.0039553047309, 0.020501341137, 0.072698835305, 0.88073397072, 0.022110548104],
      [3.7677756889e-07, 0.0024543553298, 0.99586705739, 0.00042590619843, 0.0012523043038],
      [0.011620112476, 0.025404697471, 0.63663960467, 0.25211309135, 0.074222494031],
      [0.29775595649, 0.0032145151602, 0.5295217581, 0.061220762073, 0.10828700818],
      [0.39116379945, 0.043813926638, 0.21497146755, 0.17775468082, 0.17229612553]
    ],
    [
      [2.3825634793e-11, 0.01107036684, 0.98883262865, 5.3856310714e-05, 4.3148174374e-05],
      [1.235926715e-05, 0.44508887159, 0.10833170549, 0.20945968549, 0.23710737817],
      [0.0012742334775, 0.01301859016, 0.091850079154, 0.84600643987, 0.047850657335],
      [9.3194560839e-08, 0.0011522014729, 0.99653118038, 0.00029440914997, 0.0020221158037],
      [0.0030455509814, 0.012740728142, 0.66754555967, 0.18628021091, 0.13038795029],
      [0.086002570094, 0.0018560234496, 0.63847808559, 0.051899096982, 0.22176422388],
      [0.12650324479, 0.027986426102, 0.27950659652, 0.16703472476, 0.39896900782]
    ],
    [
      [4.2262343016e-12, 0.0028888501919, 0.9969784302, 0.00011930123983, 1.341836821e-05],
      [2.7610561716e-06, 0.13186223873, 0.11902396156, 0.65358062224, 0.095530416411],
      [9.8240981885e-05, 0.0015275932717, 0.034776765123, 0.95703142425, 0.0065659763741],
      [1.6515308966e-08, 0.00030784456594, 0.99840865123, 0.00065376518513, 0.00062972250415],
      [0.00046811158516, 0.0030480228799, 0.55690404254, 0.40418629167, 0.035393531321],
      [0.0068692765481, 0.00061212389453, 0.76364688434, 0.14608114479, 0.082790570426],
      [0.010790344816, 0.0093011690416, 0.31343495673, 0.50971573214, 0.15675779727]
    ],
    [
      [4.6331419271e-11, 0.021950735252, 0.97788984557, 0.00012341098863, 3.6008138917e-05],
      [1.5357960985e-05, 0.5125949572, 0.070853393352, 0.29688411921, 0.11965217227],
      [0.0012529508522, 0.012496256918, 0.047433817306, 0.91918276656, 0.019634208361],
      [1.8292310022e-07, 0.00229731715, 0.99531890168, 0.00068086663172, 0.0017027316185],
      [0.0048184362928, 0.020333144668, 0.54209745195, 0.34627279797, 0.086478169125],
      [0.15231173309, 0.00327797022, 0.57654792767, 0.10683542154, 0.16102694748],
      [0.18997977256, 0.042756988819, 0.22394492728, 0.29789597156, 0.24542233979]
    ],
    [
      [1.3573117708e-10, 0.0062039347241, 0.99365513948, 9.4166740565e-05, 4.6758915675e-05],
      [7.4505610081e-05, 0.24522554533, 0.11834505037, 0.37643969978, 0.25991519891],
      [0.0046109354889, 0.0044371665651, 0.060175417025, 0.89878734135, 0.031989139568],
      [5.2876559159e-07, 0.0006482528199, 0.99665565982, 0.00051284110412, 0.0021827174856],
      [0.014948298882, 0.0060620193353, 0.58015090173, 0.2795360555, 0.11930272455],
      [0.35144122884, 0.00069275068619, 0.43075322908, 0.060383402387, 0.15672938901],
      [0.43158633298, 0.0085978522592, 0.16316866559, 0.16338859104, 0.23325855813]
    ],
    [
      [7.9018229869e-12, 0.0029793778499, 0.99692540125, 5.8566255471e-05, 3.6654636565e-05],
      [6.4378219275e-06, 0.17583492412, 0.16052412167, 0.34857700163, 0.31505751475],
      [0.00039743577009, 0.0032276146884, 0.082177071336, 0.87697736886, 0.03722050935],
      [3.079530626e-08, 0.00032036655779, 0.99764854736, 0.00031905190679, 0.0017120033755],
      [0.0010297039621, 0.003512615087, 0.67387020451, 0.20771063046, 0.11387684598],
      [0.024868926511, 0.00056482078088, 0.70014063358, 0.0619950569, 0.21243056223],
      [0.040977838081, 0.0087264803208, 0.31816873033, 0.21370896504, 0.41841798623]
    ],
    [
      [9.9740604772e-11, 0.033165372872, 0.96660386035, 0.00018616677731, 4.459990326e-05],
      [2.3619267042e-05, 0.52833037783, 0.051092113141, 0.31584727066, 0.1047066191],
      [0.0018661877823, 0.01293949776, 0.033143309701, 0.93530858547, 0.016742419287],
      [3.9767668135e-07, 0.003506842572, 0.99332534169, 0.0010373894112, 0.0021300286517],
      [0.0085971277887, 0.025365298112, 0.44816299499, 0.42950972076, 0.088364858348],
      [0.25873480656, 0.0039087343972, 0.45399369224, 0.12700742561, 0.15635534119],
      [0.28167875235, 0.044558759846, 0.15642310178, 0.30941015579, 0.20792923024]
    ],
    [
      [4.8100575649e-12, 0.003176007375, 0.99678973715, 2.4498309406e-05, 9.7571584703e-06],
      [6.1273112701e-06, 0.39484061249, 0.23745920727, 0.23736558829, 0.13032846465],
      [0.00049558179859, 0.0073339746168, 0.1560841964, 0.8155291387, 0.020557108488],
      [1.8781161938e-08, 0.00034106879115, 0.99906852265, 0.00013389199108, 0.00045649778546],
      [0.00077319985039, 0.004692568843, 0.8525484594, 0.10569460062, 0.036291171286],
      [0.019471772702, 0.00073946065392, 0.88287490553, 0.031739022354, 0.065174838763],
      [0.050004583966, 0.017934418807, 0.56495010305, 0.16855282733, 0.19855806685]
    ],
    [
      [3.296260248e-11, 0.020342895382, 0.97943230868, 0.00016887845512, 5.5917448988e-05],
      [9.1020971661e-06, 0.42996234244, 0.056049207602, 0.35413582078, 0.15984352709],
      [0.00060366021631, 0.0079318431857, 0.030342539911, 0.94028602642, 0.020835930268],
      [1.2971868189e-07, 0.0021153215241, 0.99432096772, 0.00092813329301, 0.0026354477445],
      [0.0029143217131, 0.016104671019, 0.44333085969, 0.42109377739, 0.11655637019],
      [0.10063389982, 0.0028127562407, 0.51737375628, 0.13752078279, 0.24165880487],
      [0.11086426663, 0.032868784038, 0.17532052787, 0.3486320497, 0.33231437177]
    ],
    [
      [3.657759633e-12, 0.0074853595886, 0.99245698885, 4.5905206039e-05, 1.174635075e-05],
      [2.5553784615e-06, 0.53704684161, 0.14110230792, 0.238801555, 0.083046740098],
      [0.00022582442573, 0.0097916158391, 0.10038484008, 0.87471947342, 0.01487824623],
      [1.4278051859e-08, 0.00078540071557, 0.99841522114, 0.00025049788318, 0.00054886598639],
      [0.00052399918091, 0.0098849181905, 0.76591724818, 0.18404097113, 0.03963286332],
      [0.0076719780921, 0.0016573667952, 0.85476133338, 0.058552611955, 0.077356709782],
      [0.018462451227, 0.034043844691, 0.48835838129, 0.26210770464, 0.19702761815]
    ],
    [
      [5.5117931462e-11, 0.01186079724, 0.98805568938, 5.6050613908e-05, 2.7462712611e-05],
      [3.0080811844e-05, 0.51552782049, 0.11406956168, 0.21925793446, 0.15111460255],
      [0.003002103242, 0.013272467771, 0.092670178449, 0.86111232839, 0.02994292215],
      [2.1584240812e-07, 0.0012348049178, 0.99716976496, 0.00030680905161, 0.0012884052252],
      [0.0073751151414, 0.013933143392, 0.69405535845, 0.19981230189, 0.084824081126],
      [0.22504017704, 0.0018273232381, 0.59332626356, 0.05018610765, 0.12962012851],
      [0.34126221591, 0.026325817989, 0.25369014089, 0.15523665991, 0.2234851653]
    ],
    [
      [6.0963372728e-11, 0.023807843024, 0.97605363487, 9.652361299e-05, 4.1998431398e-05],
      [1.9415504416e-05, 0.56806940268, 0.066195572488, 0.22874537661, 0.13697023272],
      [0.0019623872984, 0.016452379271, 0.05476396291, 0.89929115049, 0.027530120031],
      [2.4090700617e-07, 0.0024888084238, 0.99499123385, 0.00053265205242, 0.0019870647678],
      [0.0067587497594, 0.023647232035, 0.56885066004, 0.2922308873, 0.10851247087],
      [0.19563606131, 0.0033903925792, 0.53964817788, 0.079905766121, 0.1814196021],
      [0.24503854732, 0.044489097067, 0.20761191817, 0.224237827, 0.27862261045]
    ],
    [
      [1.392216871e-11, 0.009667926767, 0.9902051841, 8.4051000644e-05, 4.2838120844e-05],
      [6.7872647846e-06, 0.38421422061, 0.10155177303, 0.3004736944, 0.2137535247],
      [0.00051025116356, 0.0074588316007, 0.062611790749, 0.8975455016, 0.031873624885],
      [5.4383154242e-08, 0.0010074257841, 0.99652847702, 0.0004589022896, 0.0020051405278],
      [0.0016187958958, 0.010012292921, 0.60445866682, 0.26680349617, 0.11710674819],
      [0.047982405024, 0.0016213012936, 0.64638162184, 0.081882721436, 0.22213195041],
      [0.066893052299, 0.023345953011, 0.27170729695, 0.25485500673, 0.383198691]
    ],
    [
      [7.0760698629e-11, 0.033626671138, 0.96616816352, 0.00013445478439, 7.0710489062e-05],
      [1.7016592266e-05, 0.54751816567, 0.051676189933, 0.23164992355, 0.16913870425],
      [0.0017627897397, 0.017523540037, 0.044005282528, 0.90132581132, 0.035382576373],
      [2.819467567e-07, 0.0035523523677, 0.99232383928, 0.00074868700304, 0.003374839404],
      [0.0065578303782, 0.027691713844, 0.48135401482, 0.33335126025, 0.15104518071],
      [0.18465547065, 0.0040557567076, 0.46326458898, 0.093755709332, 0.25426847433],
      [0.20625044514, 0.047540878413, 0.16376635549, 0.23451964344, 0.34792267751]
    ],
    [
      [4.5416168016e-11, 0.022497162823, 0.97738276773, 8.1666347669e-05, 3.8403058055e-05],
      [1.6786272747e-05, 0.5621019791, 0.080695314784, 0.21615562306, 0.14103029678],
      [0.0018144544665, 0.018803496222, 0.071644571209, 0.8769276505, 0.0308098276],
      [1.7948498359e-07, 0.0023603536708, 0.99537042476, 0.00045108092113, 0.0018179611588],
      [0.0052889692529, 0.023273843573, 0.61463033247, 0.25392419153, 0.10288266317],
      [0.15038794108, 0.0034528760058, 0.59873242763, 0.072394611484, 0.1750321438],
      [0.20039155221, 0.048076308918, 0.25149848779, 0.21517496329, 0.2848586878]
    ],
    [
      [1.2349634986e-11, 0.0078625152628, 0.99198405212, 8.9223510554e-05, 6.4209097453e-05],
      [5.7857456203e-06, 0.27109662282, 0.091348524181, 0.31290031666, 0.32464875059],
      [0.00040497515365, 0.0054729868773, 0.052598209662, 0.89831922127, 0.043204607041],
      [4.816162982e-08, 0.00082059622592, 0.99569047675, 0.00048642496306, 0.003002453903],
      [0.0013543293346, 0.0076959032055, 0.54979748834, 0.27070651162, 0.1704457675],
      [0.035386057116, 0.0012038443501, 0.56599011972, 0.079150676356, 0.31826930245],
      [0.044658733667, 0.015476216075, 0.20940086241, 0.2232042121, 0.50725997575]
    ],
    [
      [2.8409075615e-11, 0.018713858438, 0.98108097541, 0.00017045078099, 3.4715342822e-05],
      [8.7395596114e-06, 0.42882417707, 0.062485128099, 0.39780009182, 0.11088186345],
      [0.00053729210983, 0.0077277714606, 0.031538596451, 0.94666378216, 0.013532557818],
      [1.1173189324e-07, 0.0019498985641, 0.99547916599, 0.00093631637956, 0.0016345073357],
      [0.0026225734583, 0.015708482416, 0.46732944874, 0.43909700253, 0.075242492849],
      [0.096118927163, 0.0029193524755, 0.58263112353, 0.15443090865, 0.16389968818],
      [0.11177418264, 0.036028624826, 0.20637627925, 0.40946031177, 0.23636060152]
    ],
    [
      [6.5119448138e-11, 0.02613363763, 0.97365658079, 0.00015434085005, 5.5440664377e-05],
      [1.7090957309e-05, 0.50138363078, 0.055634533733, 0.29573724928, 0.14722749525],
      [0.0013931433044, 0.011735260071, 0.037172654253, 0.9256999871, 0.023998955269],
      [2.5778425886e-07, 0.0027342556345, 0.99378325627, 0.00085358994563, 0.00262864037],
      [0.0059587608156, 0.021235671725, 0.47114772912, 0.38366053372, 0.11799730462],
      [0.18817860654, 0.0032887584284, 0.48216915949, 0.11332213699, 0.21304133855],
      [0.21180783096, 0.038789679294, 0.16931718876, 0.28602531258, 0.29405998841]
    ],
    [
      [1.3953795812e-10, 0.020682535779, 0.97913613438, 0.00012957889302, 5.1750806459e-05],
      [4.4683984318e-05, 0.46101470774, 0.067777427626, 0.30335077932, 0.16781240133],
      [0.0035305488061, 0.011092925201, 0.043946450826, 0.91496857914, 0.026461496028],
      [5.4984202739e-07, 0.0021615852743, 0.99468210163, 0.00071342684375, 0.0024423364078],
      [0.01368571053, 0.018086772975, 0.50692337473, 0.34374562645, 0.11755851532],
      [0.34484391085, 0.0022082097612, 0.40668847179, 0.08006803398, 0.16619137362],
      [0.39414765192, 0.026235280605, 0.14451115693, 0.20377365012, 0.23133226042]
    ],
    [
      [5.7153155652e-11, 0.0057176875364, 0.99421432878, 5.2122878179e-05, 1.5860748391e-05],
      [4.9913030713e-05, 0.34314598948, 0.18951329473, 0.32846186305, 0.1388289397],
      [0.0034721543754, 0.0073499548725, 0.10829029905, 0.86147595052, 0.019411641188],
      [2.2293230793e-07, 0.00059514531074, 0.99837912788, 0.00028426533157, 0.00074123854432],
      [0.007935844371, 0.0070688893727, 0.74126267912, 0.19319328587, 0.050539301259],
      [0.2143881338, 0.00095764594553, 0.65621622215, 0.050143232579, 0.07829476552],
      [0.34152572651, 0.015547330806, 0.3188313999, 0.17436177341, 0.14973376937]
    ],
    [
      [2.2329777123e-11, 0.045892036742, 0.95392047422, 0.00015651935765, 3.096966259e-05],
      [4.6187032678e-06, 0.65986813933, 0.04338402142, 0.23300905578, 0.063734164762],
      [0.00048870398892, 0.021048352869, 0.037727088206, 0.9270906671, 0.013645187839],
      [9.0081767048e-08, 0.0049001175432, 0.99272149277, 0.00088226620971, 0.0014960333973],
      [0.0021348094675, 0.039085248751, 0.48820581731, 0.40232580037, 0.068248324102],
      [0.077663419344, 0.0074642476326, 0.61705021069, 0.14756583565, 0.15025628668],
      [0.089736084533, 0.090959209249, 0.22352318499, 0.38280079491, 0.21298072631]
    ],
    [
      [3.464906181e-12, 0.56105533894, 0.43889129056, 3.5873776123e-05, 1.749671574e-05],
      [5.8071284936e-06, 0.8077766781, 0.020473969138, 0.086813718839, 0.084929826799],
      [0.00011474795794, 0.28656860143, 0.016163772653, 0.68452115794, 0.012631720017],
      [2.3910484993e-08, 0.042623194174, 0.95561121053, 0.00032702058293, 0.0014385508047],
      [0.00043816966193, 0.59783414788, 0.2108100536, 0.13425999586, 0.056657632997],
      [0.010016366624, 0.095242109795, 0.54010808355, 0.080356877792, 0.27427656224],
      [0.00088919090545, 0.89004957384, 0.020506226262, 0.032519570837, 0.056035438155]
    ],
    [
      [3.7893742538e-11, 0.027915705324, 0.9719104991, 0.00013405509817, 3.9740438933e-05],
      [1.0265221216e-05, 0.56629422762, 0.055771871858, 0.26836212931, 0.10956150599],
      [0.00091562876266, 0.014402166916, 0.040853484686, 0.92435158871, 0.019477130922],
      [1.5022613658e-07, 0.0029240405146, 0.99444749941, 0.00074221606007, 0.0018860937917],
      [0.0038000691287, 0.025106203213, 0.51047039973, 0.36791898757, 0.092704340359],
      [0.1266532666, 0.004214782004, 0.56971121425, 0.11766534056, 0.18175539659],
      [0.15172647661, 0.053288917416, 0.20981155599, 0.31751378188, 0.2676592681]
    ],
    [
      [1.0853899415e-11, 0.014221572189, 0.98568837676, 3.1678261074e-05, 5.8372783275e-05],
      [4.8114420861e-06, 0.54389209455, 0.087652287601, 0.099990984543, 0.26845982186],
      [0.00088081381607, 0.024230694862, 0.13142351298, 0.74760893534, 0.095856043008],
      [4.2504174862e-08, 0.0014772806262, 0.99561021664, 0.0001733420992, 0.0027391181307],
      [0.0014428762381, 0.016795441413, 0.6860451979, 0.11127512494, 0.1844413595],
      [0.036522064119, 0.0023421858508, 0.62764357062, 0.030054337415, 0.30343784199],
      [0.053414527337, 0.035181317281, 0.26631909696, 0.09548912959, 0.54959592883]
    ],
    [
      [1.2436736105e-11, 0.017358540032, 0.98244611022, 0.00014407403519, 5.1275703248e-05],
      [3.8721706799e-06, 0.44438938558, 0.061602207832, 0.32960706352, 0.16439747089],
      [0.00027230370959, 0.0079743410095, 0.035733350615, 0.93338454856, 0.022635456108],
      [4.8803011206e-08, 0.001799991187, 0.99499942953, 0.00078998799887, 0.0024105424835],
      [0.0011941666269, 0.014900420226, 0.48198001327, 0.38516930637, 0.11675609351],
      [0.035374946196, 0.0026852741925, 0.58021810518, 0.13031188434, 0.25140979009],
      [0.041275431788, 0.033435481785, 0.2058813775, 0.34844239756, 0.37096531136]
    ],
    [
      [3.1818621246e-11, 0.0083685981596, 0.99145453919, 0.0001410218643, 3.5840757503e-05],
      [1.4640107122e-05, 0.26198876063, 0.099077853483, 0.47313830224, 0.16578044354],
      [0.00076264153817, 0.0042368799536, 0.042366635622, 0.93531169802, 0.017322144868],
      [1.2420795034e-07, 0.0008705006413, 0.99668343747, 0.00076961006494, 0.0016763276128],
      [0.0031746559601, 0.0074547582766, 0.52558883404, 0.38114379502, 0.082637956702],
      [0.10567005194, 0.0012955718034, 0.60159070423, 0.12608937986, 0.16535429216],
      [0.13340513573, 0.017042200543, 0.23630091285, 0.35736656101, 0.25588518987]
    ],
    [
      [1.2721151296e-11, 0.0068095000048, 0.99312417291, 4.6540713343e-05, 1.9786356298e-05],
      [1.0209054324e-05, 0.39690232629, 0.17280037732, 0.27080984531, 0.15947724203],
      [0.00083541685255, 0.0094799909358, 0.11609414854, 0.8473996901, 0.026190753569],
      [4.9651384341e-08, 0.00070975786174, 0.99811101991, 0.00025396380754, 0.00092520877268],
      [0.0017883086505, 0.0085526605588, 0.7501025636, 0.17539517945, 0.064161287738],
      [0.052804710312, 0.0013478249412, 0.77679771641, 0.052953792854, 0.11609595548],
      [0.093784920425, 0.024774445579, 0.42141028078, 0.20841785907, 0.25161249415]
    ],
    [
      [2.6200378088e-10, 0.05929278984, 0.94033589172, 0.00026226371571, 0.0001090544672],
      [3.7144030651e-05, 0.55187239571, 0.02992904426, 0.26524100556, 0.15292041044],
      [0.0034808095013, 0.016410167688, 0.023044814851, 0.92803455818, 0.029029649779],
      [1.0667334175e-06, 0.0064059754655, 0.98678210342, 0.0014923451973, 0.0053185091795],
      [0.017049963502, 0.034245656758, 0.33005141984, 0.45557140636, 0.16308155354],
      [0.39837021088, 0.0041690093688, 0.2635652123, 0.1065166886, 0.22737887885],
      [0.38195930661, 0.041904735892, 0.080543890363, 0.22884512943, 0.2667469377]
    ],
    [
      [6.2445649789e-11, 0.020822839327, 0.97901311462, 0.00011699122307, 4.70547677e-05],
      [2.1396748027e-05, 0.47844980676, 0.074786505195, 0.28688417129, 0.15985812],
      [0.0018033973621, 0.012567315099, 0.051787958669, 0.90658500693, 0.027256321938],
      [2.4627382464e-07, 0.0021805983552, 0.99495121834, 0.00064489247553, 0.0022230445511],
      [0.0064162211725, 0.019007521135, 0.54214176389, 0.32126819136, 0.11116630245],
      [0.18304862346, 0.0028394737192, 0.53164800962, 0.092138736004, 0.19032515721],
      [0.22326012164, 0.036259841557, 0.20511376513, 0.25143592467, 0.28393034701]
    ],
    [
      [1.0502384937e-10, 0.072134910237, 0.92751956424, 0.00026230587415, 8.3219545595e-05],
      [1.380291175e-05, 0.61900973327, 0.027455553761, 0.24555308084, 0.10796782922],
      [0.0014072128935, 0.020110367417, 0.022993507428, 0.9331578949, 0.022331017362],
      [4.3340106728e-07, 0.0079026118642, 0.98647036879, 0.0015129167113, 0.0041136692385],
      [0.0071611635981, 0.043639666041, 0.34201494056, 0.47691152864, 0.13027270117],
      [0.22492230214, 0.0072041980648, 0.37054890143, 0.1513112746, 0.24601332376],
      [0.212415114, 0.071354995952, 0.11156805358, 0.32029832101, 0.28436351546]
    ],
    [
      [1.9179643214e-10, 0.064439667658, 0.9350572816, 0.00040851242919, 9.4538120629e-05],
      [2.2676036662e-05, 0.51580790499, 0.024249276888, 0.34839329343, 0.11152684865],
      [0.0016534544215, 0.011629974324, 0.014530138733, 0.95578960067, 0.016396831854],
      [7.8390062764e-07, 0.006967955967, 0.98607170465, 0.0023325936808, 0.0046269618035],
      [0.010138157859, 0.030315848322, 0.2613416474, 0.58273180264, 0.11547254378],
      [0.32475927109, 0.004869638778, 0.27693492552, 0.17903732788, 0.21439883673],
      [0.28670100091, 0.045452953996, 0.077831424787, 0.35727903641, 0.23273558389]
    ],
    [
      [1.3305256622e-10, 0.074837631493, 0.92468055637, 0.00036475252922, 0.00011705947766],
      [1.4995476057e-05, 0.55344110377, 0.023436126926, 0.29281821902, 0.13028955481],
      [0.0012963723869, 0.015164579346, 0.016650786758, 0.94404473687, 0.022843524644],
      [5.4928229539e-07, 0.0081954628713, 0.98391038402, 0.0021046446891, 0.0057889591344],
      [0.0073074778865, 0.036455722827, 0.27414493651, 0.5343895915, 0.14770227128],
      [0.23461497866, 0.0061252410611, 0.30243933317, 0.17254672445, 0.28427372266],
      [0.20743360662, 0.056891105095, 0.085360354015, 0.34238186299, 0.30793307128]
    ],
    [
      [2.6285227301e-10, 0.05132231302, 0.94808413038, 0.00041325061026, 0.00018030572348],
      [3.1271652131e-05, 0.40909073944, 0.02505184567, 0.35235872715, 0.21346741609],
      [0.0022311483833, 0.0090904630272, 0.014701848075, 0.94324480505, 0.030731735466],
      [1.0576047231e-06, 0.0054655643706, 0.98351939, 0.002323549615, 0.0086904384132],
      [0.012496751099, 0.021669651445, 0.24066324722, 0.52721524334, 0.1979551069],
      [0.33296537125, 0.0029524306095, 0.21554971824, 0.13764894207, 0.31088353783],
      [0.29606436451, 0.027647650137, 0.061204160515, 0.27557878173, 0.33950504311]
    ],
    [
      [1.8755424625e-10, 0.07021334826, 0.92921215417, 0.00047537365004, 9.9123735455e-05],
      [1.8930433001e-05, 0.53417490456, 0.020011453316, 0.34630674385, 0.099487967832],
      [0.0013822015074, 0.010755905121, 0.01206499725, 0.96109488032, 0.014702015801],
      [7.6911694939e-07, 0.0075352462677, 0.98486991802, 0.0027237990512, 0.0048702675443],
      [0.0090059071069, 0.029867680243, 0.23106131216, 0.61968621735, 0.11037888314],
      [0.31240907471, 0.0050793184421, 0.26101092592, 0.20160091074, 0.21989977018],
      [0.26487172986, 0.046149073325, 0.070379667448, 0.38876430107, 0.22983522829]
    ],
    [
      [1.0629297053e-10, 0.037275162573, 0.96245326054, 0.00020471718454, 6.6859594628e-05],
      [2.239576976e-05, 0.50790981194, 0.045773824076, 0.30722819743, 0.13906577078],
      [0.0018233947073, 0.013316623983, 0.030605944149, 0.93128264781, 0.022971389354],
      [4.250573462e-07, 0.0039616652347, 0.99169094714, 0.0011442553297, 0.003202707238],
      [0.0084086649532, 0.026174824487, 0.41253881709, 0.43151675144, 0.12136094204],
      [0.24385009996, 0.0040015019363, 0.41349159546, 0.12677577762, 0.21188102502],
      [0.25389131902, 0.043602713886, 0.13720287322, 0.29551854574, 0.26978454814]
    ],
    [
      [7.3443842212e-11, 0.032770181271, 0.9670345069, 0.00013315760476, 6.2154153683e-05],
      [1.8530858018e-05, 0.54970780602, 0.054656125183, 0.24026699756, 0.15535054037],
      [0.0018624831181, 0.017355622206, 0.045124800982, 0.90405106352, 0.031606030176],
      [2.9258307467e-07, 0.0034649646764, 0.99282738849, 0.00074138087773, 0.0029659733761],
      [0.0069467636183, 0.027536459937, 0.49384084059, 0.33651986845, 0.13515606741],
      [0.19492221917, 0.0040567460104, 0.4776806398, 0.095228049207, 0.22811234582],
      [0.22109913933, 0.048247538981, 0.17201443197, 0.24195770423, 0.31668118549]
    ],
    [
      [1.0799827381e-10, 0.063926239186, 0.93585218764, 0.00016848759938, 5.3085467288e-05],
      [1.7539052584e-05, 0.68491446598, 0.034110915692, 0.19560351163, 0.085353567646],
      [0.0021937309583, 0.027100421693, 0.035038381651, 0.9140404176, 0.021627048102],
      [4.4298109093e-07, 0.006958377311, 0.98946759502, 0.00096576025691, 0.0026078244345],
      [0.009432377024, 0.049592533134, 0.44138144754, 0.39307324233, 0.10652039997],
      [0.26888679927, 0.0073640153217, 0.43046253276, 0.11213687355, 0.1811497791],
      [0.28135762672, 0.08079164106, 0.14314234651, 0.26284774356, 0.23186064215]
    ],
    [
      [8.2018113914e-11, 0.026298267701, 0.9734718964, 0.00016798157785, 6.1854240796e-05],
      [2.1982115324e-05, 0.45646558273, 0.058916067574, 0.32085407914, 0.16374228844],
      [0.0016991332728, 0.011350353247, 0.037396992139, 0.92388448185, 0.02566903949],
      [3.2484648346e-07, 0.0027685800945, 0.99336646934, 0.00092995760651, 0.0029346681114],
      [0.0071388182134, 0.02031936111, 0.45931325016, 0.38967237822, 0.12355619229],
      [0.20682163465, 0.0031043805004, 0.46007501213, 0.11439377938, 0.21560519334],
      [0.22838935768, 0.035864440819, 0.16183652543, 0.2827567405, 0.29115293557]
    ],
    [
      [6.47162251e-11, 0.023345848729, 0.97643688457, 0.00016103654993, 5.6230090255e-05],
      [1.8790734159e-05, 0.44078900941, 0.063921308757, 0.33381692171, 0.16145396939],
      [0.0013957523335, 0.010502772222, 0.038987586797, 0.92480649522, 0.024307393425],
      [2.5570207474e-07, 0.0024516271473, 0.99399737822, 0.00088934674169, 0.0026613921839],
      [0.005804518797, 0.018598353536, 0.47437011667, 0.38541831702, 0.11580869397],
      [0.17490947787, 0.0029543241292, 0.49429227264, 0.11759168408, 0.21025224129],
      [0.19793322712, 0.034989265683, 0.17801296079, 0.29801112647, 0.29105341994]
    ],
    [
      [1.2847942345e-10, 0.026454788669, 0.9733222857, 0.00015553871019, 6.7386788861e-05],
      [3.4584086424e-05, 0.46352347738, 0.059140843917, 0.29823764355, 0.17906345107],
      [0.0028470945019, 0.012207066623, 0.039986845573, 0.91505850023, 0.029900493067],
      [5.0882867785e-07, 0.0027840800481, 0.99315737034, 0.00086102350458, 0.003197017279],
      [0.011340409018, 0.020720349724, 0.46565330879, 0.36580361478, 0.13648231769],
      [0.28741532675, 0.0027676180633, 0.40767464863, 0.093893922375, 0.20824848419],
      [0.31551880033, 0.031784039847, 0.14257425544, 0.23063913071, 0.27948377367]
    ],
    [
      [1.6125684263e-10, 0.11764482688, 0.881941609, 0.0002565172084, 0.0001570467546],
      [1.3716486323e-05, 0.69375409562, 0.01649889192, 0.15634112666, 0.13339216931],
      [0.0021054134513, 0.032073961097, 0.020858946646, 0.90370489636, 0.041256782444],
      [6.9209664762e-07, 0.013321881141, 0.97706817121, 0.0015379272206, 0.0080713283271],
      [0.0098299250993, 0.063671788659, 0.28542316585, 0.41930888253, 0.22176623786],
