{
  "Z_true": {},
  "V_true": [
    [45, 714, 37, 42, 97, 1831, 323, 46],
    [26, 16, 722, 35, 176, 148, 793, 34],
    [185, 141, 313, 198, 1026, 473, 9379, 209],
    [96, 228, 54, 105, 246, 5534, 290, 79],
    [61, 77, 47, 1073, 287, 893, 547, 62],
    [685, 37, 16, 38, 145, 765, 520, 50],
    [41, 42, 105, 37, 553, 187, 603, 316]
  ],
  "p_true": [
    [0.0144, 0.2278, 0.0118, 0.0134, 0.0309, 0.5841, 0.103, 0.0147],
    [0.0133, 0.0082, 0.3703, 0.0179, 0.0903, 0.0759, 0.4067, 0.0174],
    [0.0155, 0.0118, 0.0262, 0.0166, 0.086, 0.0397, 0.7866, 0.0175],
    [0.0145, 0.0344, 0.0081, 0.0158, 0.0371, 0.8344, 0.0437, 0.0119],
    [0.02, 0.0253, 0.0154, 0.3521, 0.0942, 0.2931, 0.1795, 0.0203],
    [0.3036, 0.0164, 0.0071, 0.0168, 0.0643, 0.3391, 0.2305, 0.0222],
    [0.0218, 0.0223, 0.0557, 0.0196, 0.2935, 0.0993, 0.3201, 0.1677]
  ],
  "Z_est": [
    [
      [0.0006, 0.0034, 0.0188, 0.0214, 0.008, 0.0064, 0.0126, 0.0142, 0.0064, 0.0147, 0.0088, 0.0145, 0.0033, 0.0016, 0.0007, 0.0137, 0.0182, 0.0198, 0.0107, 0.0046, 0.0072, 0.0161, 0.0072, 0.0233, 0, 0.0007, 0.0005, 0.0107, 0.0027, 0.0233, 0.0003],
      [0.0073, 0.0428, 0.1983, 0.2166, 0.1098, 0.0732, 0.1373, 0.2258, 0.1466, 0.2761, 0.0824, 0.1495, 0.0415, 0.0092, 1.0278, 0.119, 0.1495, 0.2533, 0.0427, 0.0732, 0.2321, 0.2211, 0.1129, 0.3112, 0, 0.0153, 0.0061, 0.1831, 0.0147, 0.4119, 0.0488],
      [0.1605, 0.0348, 0.16, 0.183, 0.118, 0.0722, 0.1396, 0.1132, 0.1252, 0.2246, 0.065, 0.118, 0.0457, 0.0096, 0.0792, 0.1132, 0.0963, 0.1132, 0.0417, 0.0554, 0.0939, 0.1059, 0.1011, 0.1757, 0, 0.0024, 0.005, 0.1372, 0.0119, 0.4574, 0.0626],
      [0.0021, 0.0123, 0.0566, 0.0598, 0.0432, 0.0195, 0.0752, 0.049, 0.0223, 0.0469, 0.0172, 0.049, 0.0119, 0.0036, 0.2886, 0.0396, 0.0386, 0.0851, 0.0148, 0.0151, 0.0317, 0.0894, 0.0216, 0.0851, 0, 0.0036, 0.0018, 0.0497, 0.0042, 0.0826, 0.0036],
      [0, 0.0044, 0.0259, 0.0217, 0.0164, 0.0101, 0.0147, 0.0155, 0.0101, 0.0283, 0.0061, 0.015, 0.0021, 0.0014, 0.0009, 0.0094, 0.0228, 0.0369, 0.005, 0.0059, 0.0172, 0.0195, 0.017, 0.0345, 0, 0.0009, 0.0006, 0.0166, 0.0015, 0.0294, 0.0044],
      [5.712, 34.2171, 155.8734, 130.4651, 73.8263, 48.1505, 209.4305, 218.9719, 117.3398, 220.9845, 47.861, 72.2051, 33.2395, 6.8376, 5.2532, 73.3224, 107.5208, 186.9331, 41.0628, 81.9094, 133.9355, 177.7142, 134.306, 257.3222, 0, 6.8885, 4.8882, 197.4816, 11.7316, 229.2199, 34.2171],
      [0.1175, 0.6853, 4.6671, 10.0323, 2.8781, 2.6681, 4.19, 0.6105, 2.3495, 4.425, 0.9594, 1.4489, 0.6559, 0.1371, 0.3495, 1.3828, 2.1537, 4.5587, 0.8223, 0.9364, 2.6824, 2.8338, 1.4341, 3.048, 0, 0.0887, 0.0979, 4.1211, 0.2334, 4.7755, 0.6632],
      [0, 0, 0, 0, 0, 0, 0, 0, 0, 0, 0, 0, 0, 0, 0, 0, 0, 0, 0, 0, 0, 0, 0, 0, 0, 0, 0, 0, 0, 0, 0]
    ],
    [
      [0, 0.0091, 0.0367, 0.0305, 0.0114, 0.0087, 0.0179, 0.0202, 0.0091, 0.021, 0.006, 0.0206, 0.0047, 0.0023, 0.0008, 0.0102, 0.0259, 0.0282, 0.0038, 0.012, 0.0103, 0.0136, 0.0145, 0.0243, 0.0002, 0.0009, 0.0022, 0.0152, 0.0038, 0.0332, 0.0004],
      [0, 6.5384, 23.1706, 20.1635, 9.8076, 6.5384, 12.2595, 18.9873, 11.1697, 25.2355, 5.3072, 13.3492, 3.682, 1.0935, 1.6346, 9.7289, 12.5439, 22.0895, 2.9807, 7.2444, 14.1235, 10.6954, 10.6234, 19.1115, 0.4877, 1.4644, 0.5449, 16.8266, 2.012, 36.7784, 4.6759],
      [0, 23.528, 85.2331, 62.9089, 39.1424, 23.5365, 49.4666, 38.7447, 42.8665, 78.7728, 15.343, 40.1462, 15.1187, 3.5945, 4.1218, 25.1635, 32.9742, 38.7447, 9.3324, 19.1185, 32.3427, 33.7792, 34.9217, 59.6267, 0, 0.8244, 3.2822, 47.0038, 9.8923, 156.6275, 21.4332],
      [0, 0.0003, 0.0009, 0.0006, 0.0004, 0.0002, 0.0006, 0.0004, 0.0002, 0.0004, 0.0001, 0.0003, 0.0001, 0, 0, 0.0002, 0.0003, 0.0008, 0, 0.0003, 0.0003, 0.0003, 0.0002, 0.0006, 0, 0.334, 0.0002, 0.0005, 0.0001, 0.0006, 0],
      [0, 0.079, 0.3181, 0.2217, 0.1575, 0.0752, 0.1411, 0.1486, 0.0966, 0.2776, 0.052, 0.1157, 0.0405, 0.3808, 0.0045, 0.0887, 0.1214, 0.3536, 0, 0.1041, 0.1369, 0.1176, 0.1253, 0.2101, 0.0019, 0.2394, 0.0116, 0.1928, 0.1452, 0.208, 0.0238],
      [0, 1.6516, 10.9912, 7.6605, 3.0257, 0.6641, 26.8058, 9.9625, 4.4631, 9.5923, 0.6098, 3.039, 1.3989, 0.4663, 0, 3.0642, 4.0817, 6.5281, 1.1324, 16.2888, 8.9832, 4.0634, 5.7331, 7.2744, 0.0666, 0.3039, 0.9058, 6.6613, 1.388, 5.0938, 1.6779],
      [0, 9.1315, 44.9885, 23.8865, 18.7504, 8.084, 23.2155, 16.0316, 8.3173, 29.8485, 5.5966, 3.1935, 0.7219, 1.451, 1.2345, 7.8714, 13.0587, 30.0188, 3.5238, 11.1932, 15.3128, 12.2341, 13.4733, 22.5937, 0.4435, 0.8291, 1.2437, 29.1991, 3.5238, 46.9137, 4.1539],
      [0, 0.062, 0.261, 0.1279, 0.1046, 0.093, 0.093, 0.1046, 0.0775, 0.2519, 0.0853, 0.1356, 0.0332, 0.0116, 0.0039, 0.0728, 0.1938, 0.2364, 0.0269, 0.0388, 0.0903, 0.0965, 0.1085, 0.1589, 0, 0.0039, 0.0095, 0.1008, 0.0349, 0.3449, 0.0349]
    ],
    [
      [0.6993, 4.752, 11.4704, 13.109, 5.7392, 3.9327, 6.5584, 8.6847, 3.9327, 9.0124, 5.414, 11.0849, 4.9159, 0.9832, 0.2858, 8.3662, 11.1426, 12.1258, 6.5545, 2.7857, 4.4243, 9.8317, 4.4243, 13.1193, 0.2348, 0.3277, 2.2539, 6.5545, 2.2853, 14.256, 0.1639],
      [0.4934, 2.7271, 7.386, 7.8097, 6.6974, 2.7271, 5.0111, 8.4087, 4.3707, 7.7265, 4.6533, 5.7765, 1.8181, 0.2392, 0.1555, 4.5208, 5.5679, 9.4314, 1.5908, 2.7271, 5.227, 13.8107, 4.2044, 11.5904, 0.2033, 0.5682, 0.2273, 6.3506, 0.7954, 15.3402, 2.1628],
      [0.7653, 3.9357, 12.8279, 9.854, 8.2475, 5.1694, 6.1709, 6.3786, 7.0571, 6.814, 10.445, 7.1135, 2.5786, 0.2562, 0.1915, 12.6259, 5.4286, 6.3786, 1.7643, 3.1214, 5.2928, 8.2623, 5.7, 9.9071, 0, 0.1357, 0.5429, 7.7357, 1.7238, 25.7856, 3.8459],
      [1.3115, 5.762, 13.4671, 10.1615, 8.7856, 3.5869, 6.5766, 8.0868, 3.7953, 4.3953, 3.3056, 8.3253, 4.7747, 0.3138, 0.204, 6.7335, 8.2992, 14.4465, 3.577, 2.571, 5.3868, 15.4235, 3.6728, 12.6257, 0, 2.2018, 2.9383, 8.3306, 2.2905, 11.141, 1.1043],
      [0, 22.5578, 51.9176, 42.2354, 39.2391, 22.7023, 27.1005, 30.4835, 16.333, 46.1808, 21.5796, 38.7672, 14.1586, 1.2936, 0.7255, 19.5094, 39.4826, 70.3884, 9.7547, 11.5837, 20.7288, 38.4092, 22.5578, 71.3313, 0.9702, 1.7559, 4.561, 30.4358, 13.966, 42.6769, 8.4729],
      [0.0295, 0, 1.536, 0, 1.4994, 0.4124, 1.9647, 2.4486, 0.7818, 1.9117, 0.5813, 1.2932, 0.6073, 0, 0, 1.0121, 0, 0, 0.7112, 1.0448, 1.2113, 2.0916, 5.2833, 2.9357, 0.0195, 0.0747, 1.9289, 1.4217, 3.7678, 0, 2.1468],
      [7.7011, 317.8088, 728.122, 540.0139, 464.5452, 290.7843, 343.9331, 385.1138, 237.6613, 579.2298, 229.1435, 379.0158, 207.1727, 14.2035, 10.5859, 302.4853, 413.9024, 721.1139, 183.2663, 144.1309, 298.9477, 448.7743, 226.8585, 624.4456, 13.5722, 14.0325, 125.223, 446.6793, 113.0395, 759.386, 104.9716],
      [0, 14.4565, 44.2731, 29.8166, 25.2466, 21.6848, 21.6848, 24.3954, 18.0682, 58.7296, 19.8777, 31.6236, 18.9742, 2.7106, 0.8519, 22.7469, 45.1766, 55.1154, 20.7812, 9.0353, 20.7812, 24.3968, 25.2989, 37.0448, 0, 0.9035, 6.3247, 23.4918, 8.1318, 80.4143, 8.1318]
    ],
    [
      [0.1797, 5.2109, 12.359, 14.375, 4.5673, 2.654, 8.4453, 9.5234, 4.3125, 9.8828, 5.9297, 9.7031, 5.3906, 1.0781, 0.4012, 9.164, 12.2187, 15.4917, 7.1932, 3.0547, 4.8516, 12.4739, 4.8516, 15.6328, 0.3594, 0.3594, 2.4071, 7.1875, 2.7157, 15.6328, 0.1797],
      [0.4975, 11.9402, 26.8315, 33.6187, 15.3036, 11.1778, 22.3879, 39.4022, 20.3979, 38.5997, 13.4327, 24.3779, 7.9601, 1.318, 2.9851, 19.4028, 25.1369, 42.9453, 6.9651, 11.9402, 22.8854, 38.2231, 18.4078, 56.256, 0.995, 2.3363, 0.995, 29.8505, 3.4826, 67.1637, 8.6218],
      [0.0685, 0.166, 0.3184, 0.4351, 0.1653, 0.1718, 0.3321, 0.2691, 0.2977, 0.458, 0.1546, 0.2805, 0.1553, 0.0156, 0.5343, 0.2691, 0.229, 0.2691, 0.534, 0.1317, 0.2233, 0.4535, 0.2405, 0.4179, 0, 0.0057, 0.0428, 0.3263, 0.0983, 1.0878, 0.4662],
      [0.2234, 3.7762, 5.2756, 6.6685, 3.357, 1.8044, 4.3386, 5.4634, 2.4907, 5.2223, 2.1716, 5.4634, 3.1334, 0.2592, 0.3214, 4.4189, 5.9885, 9.4806, 3.0531, 1.6872, 3.5351, 9.9626, 2.4103, 11.3843, 0, 0.4017, 1.9854, 5.5437, 1.629, 7.5272, 1.4439],
      [0, 5.4419, 16.4766, 10.7169, 6.5081, 4.9756, 9.4976, 9.9974, 6.4983, 15.6368, 6.2984, 9.6975, 4.7988, 0.8998, 0.4189, 6.3984, 14.6962, 73.6222, 3.1992, 3.799, 6.826, 15.1405, 8.4976, 23.4552, 0.3999, 0.4999, 2.9748, 10.6972, 8.3007, 13.9964, 2.9748],
      [3.9653, 66.8747, 215.5617, 207.16, 114.5215, 60.4012, 282.6106, 420.4078, 164.9751, 328.9519, 105.1901, 123.0494, 113.7631, 9.9994, 8.025, 152.2048, 200.6241, 340.6279, 131.769, 132.8323, 189.5044, 321.9816, 188.0139, 498.4837, 4.313, 12.3049, 61.8585, 269.9025, 69.7891, 330.6285, 62.458],
      [0.0656, 4.1167, 3.7384, 4.987, 1.9414, 2.6053, 3.178, 3.4504, 2.1862, 5.2629, 1.7971, 1.2052, 1.8649, 0.1537, 0.1705, 1.9758, 3.5023, 13.946, 4.1685, 0.6341, 3.0563, 5.2744, 0, 5.5947, 0.9327, 0, 7.0728, 9.098, 1.1543, 6.7681, 1.0231],
      [0, 1.4734, 4.4388, 3.0388, 1.6358, 2.21, 2.21, 2.4863, 1.8417, 5.9855, 2.0259, 3.223, 1.9338, 0.2763, 0.1437, 2.1663, 4.6042, 5.6172, 2.1179, 0.9208, 2.1179, 2.4904, 2.5784, 3.7755, 0, 0.0921, 0.6636, 2.3942, 0.8304, 8.1955, 0.8325]
    ],
    [
      [0.0844, 2.3039, 7.259, 6.7544, 2.5329, 1.7043, 3.9682, 4.816, 2.0263, 4.6436, 2.7862, 4.5592, 2.336, 0.5066, 0.1689, 4.3059, 5.7412, 6.2478, 3.3829, 1.9713, 2.2796, 5.716, 2.3116, 7.3454, 0.1689, 0.1689, 0.6754, 3.3772, 0.8669, 7.3454, 0.0844],
      [0, 0, 0, 0, 0, 0, 0, 0, 0, 0, 0, 0, 0, 0, 0, 0, 0, 0, 0, 0, 0, 0, 0, 0, 0, 0, 0, 0, 0, 0, 0],
      [0, 0, 0, 0, 0, 0, 0, 0, 0, 0, 0, 0, 0, 0, 0, 0, 0, 0, 0.3564, 0, 0, 0, 0, 0, 0, 0, 0, 0, 0, 0, 0],
      [0.4546, 37.2395, 90.7128, 65.7442, 47.5398, 21.3929, 42.7858, 54.1568, 24.5622, 55.0639, 21.3929, 53.8784, 30.9009, 4.4065, 3.1693, 43.5782, 64.2944, 93.495, 31.2537, 16.6452, 34.8625, 98.2489, 23.7699, 93.495, 0, 1.192, 19.0159, 54.8082, 12.9815, 71.7752, 2.384],
      [0, 8.0386, 25.3272, 16.8481, 14.0578, 5.9464, 12.599, 13.6039, 8.4791, 20.6889, 6.9834, 9.9107, 5.3796, 2.3445, 0.3979, 8.4877, 26.4473, 20.7023, 4.2439, 6.3435, 10.0208, 16.7102, 10.3511, 27.8947, 0.4545, 0.3304, 1.8567, 14.1904, 4.2934, 16.5178, 0.6874],
      [0.2892, 11.2048, 66.5194, 35.8555, 25.3303, 11.3841, 50.1226, 67.5876, 28.7794, 69.3782, 16.0453, 20.6169, 16.7624, 2.6812, 1.2334, 29.3656, 51.7695, 35.2601, 26.1618, 31.3609, 28.2061, 64.2057, 44.7695, 73.607, 0.5784, 0.8676, 10.7534, 42.8038, 8.9657, 28.5876, 1.8135],
      [0.1717, 14.2103, 40.1713, 27.7922, 24.5345, 13.5682, 20.5203, 24.8311, 13.1495, 31.2143, 9.7884, 1.0288, 10.6175, 2.0607, 1.0304, 16.2583, 30.739, 32.2845, 13.5664, 11.6774, 15.6271, 37.1119, 12.7931, 33.651, 0.7982, 0.441, 6.6973, 32.816, 3.8912, 25.7589, 1.0304],
      [0, 0.0027, 0.0102, 0.0056, 0.0046, 0.0041, 0.0041, 0.0046, 0.0034, 0.0111, 0.0038, 0.006, 0.0036, 0.0005, 0.0002, 0.0043, 0.0085, 0.0104, 0.035, 0.0017, 0.0039, 0.0072, 0.0048, 0.007, 0, 0.0001, 0.0012, 0.0044, 0.0014, 0.0152, 0.0003]
    ],
    [
      [0, 15.5249, 35.7194, 42.8272, 16.0602, 14.8292, 26.5599, 28.373, 12.8482, 29.4437, 17.6662, 26.672, 16.2168, 3.212, 1.0707, 27.3023, 36.4031, 37.4203, 21.4136, 8.649, 14.3249, 30.2714, 14.4542, 48.2191, 1.1647, 0.9777, 2.443, 21.4136, 3.5157, 46.5746, 0.5353],
      [0, 2.6776, 7.2519, 9.0614, 4.0164, 3.4135, 5.1247, 6.8892, 4.841, 9.037, 3.4756, 5.2582, 2.4356, 0.3347, 0.1862, 5.1514, 5.4668, 8.1305, 2.3953, 1.9861, 3.2894, 7.9213, 3.5997, 14.5852, 0.3103, 0.1862, 0.2231, 6.6941, 0.6827, 15.0617, 0.4617],
      [0, 1.0945, 1.8892, 2.189, 1.0495, 0.8246, 1.6343, 1.2286, 1.3593, 2.3264, 0.8396, 1.0645, 0.8996, 0.1046, 0.045, 6.7782, 1.0456, 1.2286, 0.8546, 0.4798, 0.7946, 1.1501, 0.8696, 2.4595, 0, 0.0261, 0.1046, 1.49, 0.1649, 4.9665, 0.045],
      [0, 0.0001, 0.0002, 0.0002, 0.0001, 0.0001, 0.0002, 0.0002, 0.0001, 0.0002, 0.0001, 0.0001, 0.0032, 0, 4.9202e-06, 0.0003, 0.0002, 0.0003, 0.0001, 0.0001, 0.0001, 0.0002, 0.0001, 0.0004, 0, 4.9202e-06, 0.0001, 0.0002, 0, 0.0002, 4.9202e-06],
      [0, 29.2858, 52.9781, 55.4031, 34.7955, 23.2523, 36.5004, 35.7728, 25.9607, 58.4109, 22.5369, 28.4835, 17.171, 3.1512, 1.0732, 22.8946, 50.5094, 52.5541, 11.4949, 12.8376, 21.2623, 44.9317, 26.4719, 94.2764, 1.7577, 1.2035, 3.2094, 40.5188, 4.4129, 50.082, 1.2035],
      [0, 10.7989, 21.9309, 18.5462, 10.6177, 5.8884, 33.7964, 34.3141, 29.1348, 35.7572, 8.7125, 9.5109, 20.2837, 0, 0.4767, 16.77, 10.5471, 25.1857, 17.9916, 6.4659, 10.7085, 22.6294, 11.7188, 63.8548, 1.0102, 0.6061, 1.6243, 20.4068, 2.2225, 23.9871, 0.6061],
      [0, 13.6133, 6.2154, 17.9626, 3.453, 6.7844, 5.3768, 4.4138, 3.8476, 7.0046, 2.7624, 0, 2.9597, 0.1966, 0.148, 4.0942, 5.0125, 6.462, 2.8117, 1.5785, 2.6144, 5.0876, 0.8771, 11.5921, 0.757, 0, 0.3946, 10.4686, 0, 7.3006, 0.148],
      [0, 0.0049, 0.015, 0.0101, 0.0076, 0.0074, 0.0074, 0.0083, 0.0084, 0.0199, 0.0067, 0.0107, 0.0305, 0.0009, 0.0003, 0.009, 0.0153, 0.0187, 0.0382, 0.0031, 0.0057, 0.0083, 0.0086, 0.0126, 0, 0.0003, 0.0009, 0.008, 0.0012, 0.0273, 0.0003]
    ],
    [
      [0.036, 1.1957, 3.1368, 2.8825, 1.0809, 0.8648, 1.4377, 1.5684, 0.8648, 1.9817, 1.189, 1.9457, 1.1327, 0.2162, 0.0721, 1.8376, 2.4501, 2.6663, 1.4413, 0.5228, 1.1022, 1.6773, 0.9367, 2.6358, 0.0721, 0.1648, 0.2178, 1.4413, 0.6099, 3.1347, 0.036],
      [0.0018, 0.0739, 0.1616, 0.1301, 0.0651, 0.0699, 0.0795, 0.0868, 0.0742, 0.1253, 0.0488, 0.0886, 0.0627, 0.0054, 0.0109, 0.0771, 0.1349, 0.1501, 0.0253, 0.0289, 0.2426, 0.1284, 0.0518, 0.1458, 0.0036, 0.4297, 0.0036, 0.0952, 0.0127, 0.2442, 0.0289],
      [0.0057, 0.241, 0.5715, 0.43, 0.2773, 0.2254, 0.2565, 0.2659, 0.2942, 0.4042, 0.1528, 0.2773, 0.2021, 0.0194, 0.0283, 2.0501, 0.2263, 0.2659, 0.1166, 0.0933, 0.2526, 0.249, 0.1671, 0.4131, 0, 0.0057, 0.0226, 0.307, 0.1088, 1.0751, 0.1471],
      [0.0083, 0.2096, 0.4868, 0.3651, 0.2738, 0.1961, 0.2231, 0.2434, 0.1292, 0.2709, 0.1125, 0.2834, 0.1758, 0.0169, 0.0167, 0.2293, 0.3786, 0.4918, 0.1014, 0.0811, 0.1834, 0.2751, 0.125, 0.409, 0, 0.8668, 0.0585, 0.2671, 0.0947, 0.4733, 0.0642],
      [0, 8.5924, 19.9565, 14.553, 11.2256, 8.038, 9.1467, 9.9783, 7.6223, 14.7768, 5.5435, 10.0105, 6.4494, 0.9288, 0.3792, 6.6118, 15.7202, 20.3425, 3.3024, 3.3261, 9.0082, 10.6712, 5.9793, 16.7978, 0.4158, 0.9701, 1.3859, 10.9484, 3.8804, 16.4896, 2.6332],
      [0.0041, 0.2529, 0.5874, 0.3127, 0.179, 0.0993, 0.2693, 0.3077, 0.526, 0.4242, 0, 0.2855, 0.9452, 0.0156, 0.0117, 0.2611, 0.4569, 0.4651, 0.1712, 0.0979, 0.4509, 0.3141, 0.1754, 0.5223, 0.0122, 1.9542, 0.0408, 0.3222, 0.1353, 0.4831, 0.0805],
      [0.9441, 51.434, 119.0974, 89.3254, 67.8974, 48.5058, 54.5863, 59.5487, 45.4886, 86.0148, 32.9526, 57.1079, 43.0074, 3.7975, 2.4812, 52.9322, 92.6313, 116.6162, 24.8411, 19.8496, 53.7592, 63.684, 35.5638, 100.0749, 2.4963, 2.6087, 8.2707, 65.618, 23.1578, 118.0972, 16.0097],
      [0, 0.0005, 0.0019, 0.001, 0.0008, 0.0008, 0.0007, 0.0008, 0.0007, 0.002, 0.0007, 0.0011, 0.0247, 0.0001, 0, 0.0008, 0.0016, 0.0019, 0.0007, 0.0003, 0.0009, 0.0008, 0.0009, 0.0013, 0, 0, 0.0001, 0.0008, 0.0004, 0.0028, 0.0003]
    ]
  ],
  "V_est": [
    [0.2944, 4.9391, 3.2215, 1.3238, 0.3944, 3058.8207, 66.0061, 0],
    [0.3976, 330.8679, 1047.5907, 0.343, 4.1891, 153.5772, 410.0378, 2.9967],
    [189.425, 150.3186, 186.0555, 183.5944, 781.8588, 36.7152, 9675.8638, 720.1686],
    [207.7862, 625.8383, 8.6174, 120.4204, 303.3407, 5192.753, 100.9244, 72.3196],
    [98.4388, 0, 0.3564, 1215.2002, 320.1373, 902.8665, 509.8309, 0.1699],
    [602.106, 140.1486, 39.0064, 0.0069, 864.3961, 476.1034, 133.9371, 0.2955],
    [40.5519, 2.8875, 9.1521, 7.1112, 255.6837, 10.164, 1558.4001, 0.0496]
  ],
  "p_est": [
    [0.0001, 0.0016, 0.001, 0.0004, 0.0001, 0.9757, 0.0211, 0],
    [0.0002, 0.1697, 0.5372, 0.0002, 0.0021, 0.0788, 0.2103, 0.0015],
    [0.0159, 0.0126, 0.0156, 0.0154, 0.0656, 0.0031, 0.8115, 0.0604],
    [0.0313, 0.0944, 0.0013, 0.0182, 0.0457, 0.783, 0.0152, 0.0109],
    [0.0323, 0, 0.0001, 0.3988, 0.1051, 0.2963, 0.1673, 0.0001],
    [0.2669, 0.0621, 0.0173, 3.0451e-06, 0.3832, 0.211, 0.0594, 0.0001],
    [0.0215, 0.0015, 0.0049, 0.0038, 0.1357, 0.0054, 0.8272, 0]
  ],
  "EI_Z": {},
  "EI_V": 17.1974,
  "MAE_Z": {},
  "MAE_V": 189.3433,
  "MAE_p": 0.0655,
  "runtime": 12.157
}
