{
  "X": [
    [287, 1375, 1798, 3082, 119],
    [35, 103, 85, 249, 11],
    [26, 111, 120, 71, 21],
    [41, 150, 124, 177, 8],
    [41, 137, 116, 199, 7],
    [54, 132, 113, 262, 7],
    [40, 101, 90, 195, 11],
    [33, 124, 61, 222, 19],
    [14, 101, 79, 191, 17],
    [43, 133, 101, 175, 13],
    [27, 80, 100, 103, 7],
    [24, 86, 112, 101, 22],
    [27, 47, 93, 133, 8],
    [38, 114, 145, 177, 8],
    [34, 131, 82, 143, 16],
    [15, 91, 81, 151, 10],
    [31, 134, 113, 190, 18],
    [22, 99, 85, 165, 6],
    [30, 117, 110, 199, 19],
    [19, 92, 76, 148, 10],
    [27, 111, 96, 191, 10],
    [16, 74, 100, 83, 10],
    [15, 80, 113, 92, 17],
    [20, 93, 112, 91, 3],
    [10, 91, 132, 96, 16],
    [33, 87, 97, 200, 8],
    [28, 118, 109, 194, 13],
    [20, 89, 110, 158, 9],
    [26, 105, 87, 126, 5],
    [24, 121, 94, 109, 2],
    [18, 79, 114, 169, 7],
    [14, 100, 154, 90, 1],
    [13, 91, 134, 105, 4],
    [26, 91, 115, 138, 11],
    [9, 92, 119, 136, 8],
    [7, 96, 163, 31, 21],
    [8, 96, 103, 79, 10],
    [10, 89, 140, 66, 6],
    [14, 68, 79, 59, 5],
    [12, 102, 121, 80, 15],
    [6, 73, 94, 43, 19],
    [9, 91, 107, 75, 9],
    [11, 113, 173, 59, 24],
    [8, 124, 157, 41, 16],
    [18, 97, 138, 95, 17],
    [11, 100, 167, 79, 25],
    [18, 93, 73, 125, 4],
    [11, 64, 95, 103, 8],
    [28, 134, 100, 202, 11],
    [34, 100, 89, 273, 6],
    [30, 128, 97, 246, 7],
    [13, 72, 91, 60, 11],
    [7, 65, 88, 39, 13],
    [18, 102, 71, 139, 13],
    [34, 84, 47, 242, 8],
    [15, 53, 34, 179, 5],
    [23, 78, 41, 173, 10],
    [21, 47, 41, 147, 6],
    [7, 56, 32, 155, 13],
    [27, 115, 71, 296, 10],
    [11, 92, 108, 62, 10],
    [18, 72, 72, 144, 6],
    [24, 95, 65, 112, 3],
    [19, 85, 77, 202, 3],
    [10, 61, 118, 99, 9],
    [47, 109, 69, 264, 5],
    [7, 112, 122, 123, 9],
    [11, 94, 178, 82, 36],
    [14, 112, 122, 134, 19]
  ],
  "W": [
    [278, 1421, 1771, 2450, 741],
    [33, 121, 90, 169, 70],
    [23, 107, 127, 44, 48],
    [34, 171, 136, 112, 47],
    [47, 134, 130, 132, 57],
    [42, 160, 121, 165, 80],
    [34, 116, 82, 151, 54],
    [33, 140, 63, 169, 54],
    [21, 105, 81, 147, 48],
    [41, 140, 107, 122, 55],
    [19, 79, 95, 74, 50],
    [23, 84, 115, 59, 64],
    [21, 57, 95, 99, 36],
    [35, 123, 145, 121, 58],
    [30, 130, 105, 94, 47],
    [15, 100, 92, 97, 44],
    [25, 155, 113, 131, 62],
    [21, 107, 94, 119, 36],
    [25, 147, 107, 126, 70],
    [16, 87, 88, 112, 42],
    [32, 127, 95, 125, 56],
    [15, 80, 89, 63, 36],
    [17, 83, 112, 57, 48],
    [17, 106, 109, 52, 35],
    [9, 97, 125, 65, 49],
    [32, 117, 106, 129, 41],
    [20, 135, 129, 120, 58],
    [15, 101, 124, 108, 38],
    [19, 101, 97, 80, 52],
    [22, 111, 98, 81, 38],
    [16, 97, 117, 111, 46],
    [9, 104, 154, 51, 41],
    [14, 98, 140, 63, 32],
    [19, 100, 119, 91, 52],
    [8, 104, 118, 83, 51],
    [3, 84, 152, 19, 60],
    [8, 104, 104, 46, 34],
    [9, 88, 131, 42, 41],
    [15, 72, 78, 31, 29],
    [12, 104, 118, 42, 54],
    [4, 76, 89, 15, 51],
    [6, 99, 103, 46, 37],
    [10, 110, 182, 27, 51],
    [8, 124, 158, 18, 38],
    [15, 97, 143, 67, 43],
    [7, 111, 165, 56, 43],
    [24, 109, 63, 87, 30],
    [8, 83, 85, 65, 40],
    [16, 141, 107, 139, 72],
    [31, 116, 96, 196, 63],
    [30, 148, 116, 162, 52],
    [13, 77, 83, 32, 42],
    [7, 65, 85, 21, 34],
    [14, 104, 80, 103, 42],
    [33, 98, 66, 165, 53],
    [20, 64, 42, 135, 25],
    [21, 87, 47, 123, 47],
    [22, 64, 43, 96, 37],
    [10, 63, 36, 121, 33],
    [21, 130, 79, 237, 52],
    [12, 99, 105, 50, 17],
    [19, 91, 71, 99, 32],
    [19, 103, 58, 85, 34],
    [23, 101, 90, 149, 23],
    [11, 60, 118, 73, 35],
    [42, 122, 64, 211, 55],
    [8, 105, 124, 94, 42],
    [7, 99, 180, 54, 61],
    [13, 117, 121, 105, 45]
  ],
  "method": "mvn_pdf",
  "cond_prob": [
    [
      [0.71954747869, 0.021719999881, 0.00025462062944, 0.2584779008, 0],
      [0.0084512909257, 0.67801006162, 0.090489812516, 0.21259689097, 0.010451943968],
      [0.0071228762154, 0.11046509421, 0.84170143771, 0.025907515137, 0.014803076728],
      [0.0026294090277, 0.0083495424033, 0.00083004031622, 0.98819100825, 0],
      [0.075438394903, 0.25562683094, 0.23840262743, 0.3253613792, 0.10517076753]
    ],
    [
      [0.7329276087, 0.013480036446, 4.8447805154e-05, 0.25339799011, 0.00014591693764],
      [0.013292362663, 0.60490205947, 0.05523387026, 0.31455900011, 0.0120127075],
      [0.011376882239, 0.144289141, 0.76501013903, 0.052204486271, 0.027119351463],
      [0.0049717175961, 0.0097442664864, 0, 0.98453977624, 0.00074423968067],
      [0.10486961936, 0.21041722679, 0.13520272012, 0.44986573379, 0.099644699941]
    ],
    [
      [0.82576571572, 0.022466576402, 0.0014149205515, 0.15035278733, 0],
      [0.012547489346, 0.74774770099, 0.084069093043, 0.13242404802, 0.023211668598],
      [0.010802683711, 0.13730454109, 0.80018659623, 0.0089330886816, 0.04277309029],
      [0.0050891630688, 0.015656622571, 0.0027847619703, 0.97646945239, 0],
      [0.084769649421, 0.25724367968, 0.19220492967, 0.1931948872, 0.27258685403]
    ],
    [
      [0.83913481443, 0.011619622164, 0.00023780118896, 0.14900776222, 0],
      [0.016163219686, 0.68137055361, 0.061584993128, 0.23320810758, 0.0076731259917],
      [0.012571933935, 0.15017435902, 0.77915692019, 0.038650401853, 0.019446385005],
      [0.005899800026, 0.007898643725, 0.00073060437951, 0.98547095187, 0],
      [0.15606266223, 0.25068526075, 0.15773855528, 0.34948826439, 0.086025257335]
    ],
    [
      [0.71279604219, 0.022192295259, 0.00053286830406, 0.26447879424, 0],
      [0.011290752587, 0.71262861715, 0.05493972662, 0.21842059025, 0.0027203133985],
      [0.0077923910776, 0.17204262493, 0.76364695724, 0.040445006046, 0.016073020704],
      [0.0022145860761, 0.0069875061604, 0.0013392973501, 0.98945861041, 0],
      [0.082110332773, 0.30134798897, 0.16073930054, 0.37604824942, 0.0797541283]
    ],
    [
      [0.82666001649, 0.0099290269666, 0.00080870722963, 0.16260224932, 0],
      [0.020663555052, 0.6005036852, 0.058120133488, 0.32050440899, 0.00020821726592],
      [0.016075391953, 0.14631666026, 0.76695217171, 0.054821892781, 0.015833883297],
      [0, 0.011540127157, 0.0030978478416, 0.985362025, 0],
      [0.17536235091, 0.19867442954, 0.12943069084, 0.43339771173, 0.063134816982]
    ],
    [
      [0.84537497269, 0.011961381814, 0.0001155921756, 0.14225911848, 0.00028893484117],
      [0.016258607599, 0.67310376044, 0.087690644697, 0.20706942652, 0.015877560741],
      [0.0095655387964, 0.1084759607, 0.83296793348, 0.024510192941, 0.02448037408],
      [0.0078377725971, 0.0076713855306, 0.00032333059943, 0.98288692469, 0.0012805865835],
      [0.1370995297, 0.23073831138, 0.21244002991, 0.29106250085, 0.12865962816]
    ],
    [
      [0.76609662465, 0.019155127197, 0, 0.21474824815, 0],
      [0.018024295419, 0.70203715544, 0.054189789926, 0.20999661865, 0.015752140571],
      [0.0088981866129, 0.16107058018, 0.73331634003, 0.036345767452, 0.060369125727],
      [0.00034714903721, 0.010280252204, 0, 0.98937259876, 0],
      [0.084743631186, 0.24440499755, 0.13360185164, 0.29666719742, 0.24058232221]
    ],
    [
      [0.58450620891, 0.035733047193, 0.00061013722592, 0.37915060667, 0],
      [0, 0.71725751319, 0.06823862795, 0.19736526572, 0.017138593141],
      [0.00059961458562, 0.14250312903, 0.77874579174, 0.030116536534, 0.048034928111],
      [0, 0.0058942829849, 0.0029339891532, 0.99117172786, 0],
      [0.034933350655, 0.26100737654, 0.17317553431, 0.29526668551, 0.23561705298]
    ],
    [
      [0.80803775157, 0.016335070506, 0, 0.17528528691, 0.00034189101056],
      [0.012645729829, 0.71452201736, 0.061580396609, 0.19603819687, 0.015213659336],
      [0.0097731213559, 0.15178152215, 0.77684431598, 0.031071715149, 0.030529325368],
      [0.0065895968491, 0.0079067872258, 0, 0.98448833689, 0.0010152790392],
      [0.11364354925, 0.27439870486, 0.16829823028, 0.30792191007, 0.13573760553]
    ],
    [
      [0.87161718776, 0.012491191979, 0.00036589157431, 0.11552572868, 0],
      [0.016699408034, 0.70486186499, 0.094356816959, 0.17411435164, 0.0099675583773],
      [0.0094398605665, 0.1104808976, 0.8472824537, 0.017925731947, 0.014871056186],
      [0.0090148222909, 0.011409707473, 0.0013499872886, 0.97822548295, 0],
      [0.15112273189, 0.25477152786, 0.23894254719, 0.25916694205, 0.09599625101]
    ],
    [
      [0.75542393267, 0.019999787746, 0.00077936039847, 0.22379691918, 0],
      [0.0099335445786, 0.68042895221, 0.083126092916, 0.20294934519, 0.023562065103],
      [0.0093089847904, 0.1175276614, 0.80694758189, 0.027370824582, 0.038844947333],
      [0.00082177697659, 0.0093636124507, 0.0018605303817, 0.98795408019, 0],
      [0.072997089241, 0.22368497969, 0.18891780774, 0.27137484851, 0.24302527481]
    ],
    [
      [0.85785646833, 0.006379954787, 0.00059690873898, 0.13469869917, 0.00046796898193],
      [0.022668864891, 0.57160073414, 0.09539798796, 0.29296871329, 0.017363699722],
      [0.010458878974, 0.084776937571, 0.84510745036, 0.033330989851, 0.026325743246],
      [0.0055241264653, 0.002676288303, 0.0026679628475, 0.98692750056, 0.0022041218256],
      [0.17090019011, 0.16572270812, 0.1944567638, 0.34999566858, 0.11892466939]
    ],
    [
      [0.7971066125, 0.014710910339, 0.00026002326212, 0.1879224539, 0],
      [0.013098601943, 0.66865366213, 0.086394057627, 0.2237559105, 0.0080977677984],
      [0.0096647840591, 0.11166342296, 0.837579329, 0.028538699323, 0.01255376465],
      [0.0044754109423, 0.0075184708691, 0.00071526249598, 0.98729085569, 0],
      [0.11288313984, 0.24378942054, 0.22118759707, 0.33276607209, 0.089373770458]
    ],
    [
      [0.81720842023, 0.015633681372, 0, 0.1671578984, 0],
      [0.013660864134, 0.72913791165, 0.039633078549, 0.20004001009, 0.017528135572],
      [0.013782867981, 0.20796457367, 0.68261032133, 0.044154847548, 0.051487389467],
      [0.0062640170581, 0.0076957351872, 0, 0.98604024775, 0],
      [0.12067694286, 0.280497483, 0.1100769372, 0.31183020116, 0.17691843578]
    ],
    [
      [0.66450796803, 0.019324782442, 0, 0.31593202507, 0.00023522446321],
      [0.0093942522468, 0.64918714947, 0.051988347234, 0.27483885507, 0.014591395982],
      [0.0076829428499, 0.15684424753, 0.75658731704, 0.046447223611, 0.032438268964],
      [0.0030611216954, 0.0072384410712, 0, 0.98818573431, 0.0015147029227],
      [0.07020899337, 0.24226394908, 0.14079845701, 0.42386302993, 0.12286557061]
    ],
    [
      [0.80702414364, 0.014270965573, 7.8688716974e-05, 0.17862620207, 0],
      [0.013594677844, 0.67344245319, 0.073979665338, 0.21890589576, 0.02007730787],
      [0.0091875273647, 0.12395389683, 0.80003002842, 0.030157148913, 0.036671398476],
      [0.0065821597553, 0.007113257783, 8.0322660757e-05, 0.9862242598, 0],
      [0.10994786811, 0.23098416945, 0.17931079314, 0.30646443942, 0.17329272988]
    ],
    [
      [0.75451418521, 0.01723153906, 0, 0.22825427573, 0],
      [0.011604064457, 0.68723805179, 0.05809207473, 0.23517554506, 0.0078902639641],
      [0.0090213184646, 0.15499367106, 0.77608707119, 0.039767172866, 0.020130766421],
      [0.0045092595487, 0.0067030486841, 0, 0.98878769177, 0],
      [0.098026705328, 0.27046106291, 0.16199898089, 0.37886186997, 0.090651380896]
    ],
    [
      [0.76991640509, 0.012704376856, 0.00018656300286, 0.21717792059, 1.4734464335e-05],
      [0.013627913638, 0.61498423245, 0.07729063329, 0.27291870393, 0.021178516691],
      [0.0089964704558, 0.11033597539, 0.80740878562, 0.035785864891, 0.037472903642],
      [0.0054427322928, 0.0053759904978, 0.00058812001006, 0.98852425251, 6.8904692517e-05],
      [0.10143399943, 0.19709120342, 0.17381099498, 0.35811941641, 0.16954438577]
    ],
    [
      [0.77812787256, 0.018912080551, 0, 0.20273165448, 0.00022839241064],
      [0.010593761598, 0.72620172701, 0.050861911718, 0.19798528649, 0.014357313188],
      [0.010289692417, 0.17638178575, 0.74330236346, 0.036795945141, 0.033230213232],
      [0.0055354142911, 0.0059898363106, 0, 0.98688214628, 0.0015926031175],
      [0.097686605875, 0.29346184877, 0.14677156419, 0.32768404877, 0.13439593239]
    ],
    [
      [0.66625933992, 0.02107799863, 0.00016423460404, 0.31239385533, 0.00010457151724],
      [0.0077609771171, 0.65697124464, 0.070230906755, 0.25285261751, 0.012184253987],
      [0.0055816510034, 0.12879105624, 0.80664723789, 0.0358834873, 0.023096567565],
      [0.0034075362841, 0.0067384337925, 0.00023590052607, 0.98921327257, 0.0004048568322],
      [0.066747466928, 0.24665538229, 0.18597221732, 0.38983078289, 0.11079415058]
    ],
    [
      [0.79632168457, 0.02331782404, 9.6239587298e-05, 0.1798379937, 0.00042625810014],
      [0.0091739303369, 0.70343202823, 0.12796584363, 0.13821335834, 0.021214839461],
      [0.0045819726401, 0.085945081741, 0.88059744261, 0.0046292303283, 0.024246272681],
      [0.0064748975255, 0.015081695079, 0, 0.97665907088, 0.0017843365156],
      [0.069598505429, 0.24378920322, 0.3163365701, 0.20288440174, 0.16739131951]
    ],
    [
      [0.69363617835, 0.026042186786, 0.00056847472862, 0.27975316014, 0],
      [0.0051750854554, 0.6811732249, 0.097703798453, 0.1914654185, 0.024482472695],
      [0.00288735463, 0.10264805053, 0.83761837103, 0.0217309262, 0.035115297604],
      [0.00078303072173, 0.0096335118552, 0.0014138667389, 0.98816959068, 0],
      [0.050221591783, 0.22862944422, 0.22889734787, 0.26235491956, 0.22989669656]
    ],
    [
      [0.80109245285, 0.015464936052, 0.00042811745206, 0.18301449365, 0],
      [0.012960742043, 0.67821434399, 0.095362426507, 0.21187594083, 0.0015865466326],
      [0.0092853989959, 0.10603315493, 0.85465797338, 0.026120716458, 0.0039027562308],
      [0.0035607627847, 0.008291754845, 0.0011655304964, 0.98698195187, 0],
      [0.10886632828, 0.25307401385, 0.24759937455, 0.3217052654, 0.068755017937]
    ],
    [
      [0.72024698184, 0.026590190861, 0.00033903199215, 0.25281345617, 1.0339128319e-05],
      [0.0054601308583, 0.68959086402, 0.11289493791, 0.16852831794, 0.023525749261],
      [0.0018098292042, 0.09263563638, 0.86133403035, 0.013835339688, 0.030385164377],
      [0.0033165211582, 0.011129769696, 0.0007827925946, 0.98471292244, 5.7994109989e-05],
      [0.05196616213, 0.23607112029, 0.27201029433, 0.23758519662, 0.20236722664]
    ],
    [
      [0.75740820279, 0.010729018577, 0.00068938199561, 0.23094355771, 0.00022983891751],
      [0.015825936261, 0.55503533676, 0.063805343447, 0.35306916595, 0.012264217578],
      [0.012567268449, 0.12434865881, 0.78737965448, 0.050378844851, 0.025325573406],
      [0.0045038045495, 0.0097968636424, 0.0026120800586, 0.98216255813, 0.00092469362443],
      [0.12190687135, 0.17738496978, 0.13935397293, 0.46979478498, 0.091559400961]
    ],
    [
      [0.79205563999, 0.011057184392, 1.2460992065e-05, 0.19665216026, 0.00022255436212],
      [0.015273432385, 0.62074594527, 0.049583135581, 0.29985941969, 0.014538067078],
      [0.013992825842, 0.15993658596, 0.73910887404, 0.052943245671, 0.034018468481],
      [0.0043634216174, 0.0087400188344, 0, 0.98556448889, 0.0013320706605],
      [0.13393601208, 0.21202641124, 0.12001694354, 0.42221582377, 0.11180480938]
    ],
    [
      [0.79202107903, 0.011542710938, 5.1154317923e-05, 0.19625409916, 0.00013095655596],
      [0.014667421581, 0.62825940691, 0.063918992247, 0.27964847981, 0.013505699453],
      [0.011143844263, 0.13263593017, 0.78736738497, 0.041591882156, 0.027260958434],
      [0.0052362045168, 0.0066291105257, 0, 0.9871959392, 0.00093874575433],
      [0.12344545943, 0.2160489463, 0.1555225982, 0.39571413765, 0.10926885841]
    ],
    [
      [0.82445553343, 0.01406975938, 0.0004036766517, 0.16107103053, 0],
      [0.016140228314, 0.71432291123, 0.054337700753, 0.21472478598, 0.00047437371851],
      [0.012049893104, 0.17482784805, 0.75825409183, 0.041365153465, 0.013503013542],
      [0.0032010198305, 0.0081898010529, 0.0015685929372, 0.98704058618, 0],
      [0.1400050113, 0.2879341383, 0.15054015432, 0.35147654337, 0.070044152709]
    ],
    [
      [0.80363968426, 0.026229997273, 0.0014394641849, 0.16869085429, 0],
      [0.0080693104898, 0.79269827049, 0.068566670949, 0.13066574808, 0],
      [0.013011587562, 0.17275975633, 0.79564647843, 0.018582177683, 0],
      [0.0024970558854, 0.015574495426, 0.0050972094546, 0.97683123923, 0],
      [0.10386411511, 0.37477478386, 0.20976848581, 0.25896103628, 0.052631578947]
    ],
    [
      [0.70778701544, 0.013550426365, 0.00039135173276, 0.27827120646, 0],
      [0.011815569778, 0.5837830064, 0.08081993053, 0.31376603582, 0.009815457474],
      [0.0090373888265, 0.10574933039, 0.83087804808, 0.037415201785, 0.016920030913],
      [0.0039340546494, 0.0063939313651, 0.0020378419418, 0.98763417204, 0],
      [0.087722672298, 0.19725746783, 0.18946245717, 0.43711703296, 0.088440369743]
    ],
    [
      [0.79073868482, 0.017270416485, 0.0004618004289, 0.19152909827, 0],
      [0.0089061584401, 0.68988494189, 0.099231893349, 0.20197700632, 0],
      [0.0034189055486, 0.10848299113, 0.86244631507, 0.025651788251, 0],
      [0.0018056974681, 0.0092883825736, 0.0020223621892, 0.98688355777, 0],
      [0.13020754472, 0.26625473536, 0.2623378999, 0.31680957612, 0.024390243902]
    ],
    [
      [0.67633976753, 0.022899112042, 0.00036452158504, 0.30039659884, 0],
      [0.0069409056525, 0.67217821164, 0.086314056748, 0.22984459417, 0.004722231792],
      [0.0053607859212, 0.11413756618, 0.84274899544, 0.030098949394, 0.0076537030651],
      [0.0010863897379, 0.0075369643492, 0.0010092358185, 0.99036741009, 0],
      [0.063502559943, 0.26099561472, 0.23398993497, 0.36445867614, 0.077053214227]
    ],
    [
      [0.82815213422, 0.011259154531, 4.4451496984e-05, 0.16036031257, 0.00018394717869],
      [0.015584729703, 0.65046527522, 0.078566541768, 0.24023852438, 0.015144928927],
      [0.0095716608666, 0.11484203814, 0.81773760016, 0.031882516405, 0.025966184431],
      [0.0063674993185, 0.0063556972317, 0, 0.98639852839, 0.00087827505825],
      [0.13438781535, 0.22105726069, 0.18907166972, 0.33409646321, 0.12138679103]
    ],
    [
      [0.62958613615, 0.022108413044, 0.00025601100677, 0.3480494398, 0],
      [0.005727390417, 0.63860495461, 0.084963445394, 0.26073651052, 0.0099676990528],
      [0.0036539143161, 0.10911000562, 0.83833008809, 0.032214025297, 0.016691966679],
      [0.0015121897006, 0.0066431533788, 0.0008395435931, 0.99100511333, 0],
      [0.05511742496, 0.23493833378, 0.21900237408, 0.39302603914, 0.097915828047]
    ],
    [
      [0.80278781954, 0.031069444035, 0.00052995661013, 0.16560506367, 7.716146966e-06],
      [0.014029722054, 0.78362662409, 0.12941635745, 0.046354985154, 0.026572311254],
      [0, 0.090529828611, 0.87800683606, 0, 0.031463335333],
      [0.0066753224392, 0.019147685475, 0.0019254005108, 0.97221972971, 3.1861869657e-05],
      [0.054771812709, 0.26596358785, 0.31056357357, 0.13561985319, 0.23308117267]
    ],
    [
      [0.68149223004, 0.028825942615, 0.00019939959219, 0.28934307916, 0.00013934859486],
      [0.0043530186915, 0.70973660461, 0.084596667881, 0.18371507745, 0.017598631362],
      [0.0021398536988, 0.11780642213, 0.83009619525, 0.022172527142, 0.027785001773],
      [0.002660051625, 0.0092503857149, 0.00011071784445, 0.98718701188, 0.00079183293099],
      [0.05148356048, 0.27292352748, 0.23133100049, 0.29006888066, 0.15419303089]
    ],
    [
      [0.74123315091, 0.029813323567, 0.00047954972361, 0.2284739758, 0],
      [0.0057575655132, 0.72441560669, 0.12086157962, 0.14058159087, 0.0083836573034],
      [0.0024915699662, 0.097423366214, 0.88334667766, 0.0069551940676, 0.0097831920963],
      [0.0035083574003, 0.013936460776, 0.0012412570282, 0.9813139248, 0],
      [0.057280224398, 0.28378815542, 0.33144676775, 0.23039607212, 0.097088780309]
    ],
    [
      [0.73034355619, 0.023102931591, 7.6673605607e-05, 0.24647683861, 0],
      [0.0075203820592, 0.70253764955, 0.087091357191, 0.19265233071, 0.010198280488],
      [0.0045546490565, 0.11327037309, 0.84191190885, 0.023797300263, 0.016465768737],
      [0.0040213365755, 0.0085199497922, 5.0619058444e-05, 0.98740809457, 0],
      [0.069774313399, 0.27488061082, 0.24336462404, 0.30917376748, 0.10280668425]
    ],
    [
      [0.695697926, 0.028523977299, 0.00024729111733, 0.27540201789, 0.00012878768519],
      [0.0045433071578, 0.70851951786, 0.090673387274, 0.17666557183, 0.01959821588],
      [0.0017913927127, 0.11263557902, 0.83611273009, 0.019439056356, 0.030021241826],
      [0.0029792409956, 0.0099913440844, 0.00034168914185, 0.98624322592, 0.00044449985449],
      [0.052640897808, 0.2640934748, 0.23872865066, 0.27048022549, 0.17405675124]
    ],
    [
      [0.71522575661, 0.025863406753, 0.00053135171306, 0.25837948492, 0],
      [0.005545465567, 0.6877570278, 0.10403073098, 0.17864729191, 0.024019483741],
      [0.0027251491747, 0.10376939191, 0.83769119954, 0.019546498877, 0.036267760497],
      [0.0015028810811, 0.010089768272, 0.0014164468235, 0.98699090382, 0],
      [0.048089413681, 0.22039587953, 0.22579952112, 0.23225070427, 0.2734644814]
    ],
    [
      [0.76793917008, 0.022092586667, 0.00014566904542, 0.20973040856, 9.2165649795e-05],
      [0.0089981053527, 0.70605579086, 0.097594418029, 0.1713964114, 0.015955274354],
      [0.0053146201289, 0.10429931238, 0.85138003873, 0.016429024146, 0.022577004616],
      [0.0052125475755, 0.010014787312, 0, 0.98407489485, 0.00069777025768],
      [0.07336133751, 0.26390302145, 0.26067931382, 0.26523616674, 0.13682016048]
    ],
    [
      [0.72909569689, 0.029089838887, 0.00065834695287, 0.24115611727, 0],
      [0.0056250937557, 0.7174398151, 0.097330210633, 0.15300126895, 0.02660361156],
      [0.0026573421216, 0.11631680404, 0.82930209951, 0.013052958465, 0.038670795862],
      [0.0025552218196, 0.012037200372, 0.0014876321486, 0.98391994566, 0],
      [0.049757950249, 0.2410992001, 0.22184206239, 0.2120945543, 0.27520623297]
    ],
    [
      [0.7238173592, 0.037187768029, 0.00055143196124, 0.23840202381, 4.141700145e-05],
      [0.0036058831469, 0.75635073894, 0.10303518458, 0.11426699185, 0.022741201474],
      [0, 0.1190614772, 0.84842915497, 0, 0.032509367832],
      [0.0039015211836, 0.015162073399, 0.0010116246675, 0.97983683885, 8.7941899211e-05],
      [0.044529058813, 0.28500988182, 0.26708447175, 0.19175299264, 0.21162359499]
    ],
    [
      [0.80407489339, 0.020594406347, 0.0003791722491, 0.17495152801, 0],
      [0.010674469185, 0.71420820987, 0.094479327793, 0.15660000919, 0.024037983954],
      [0.0073637681653, 0.11194535286, 0.83194593339, 0.013050774357, 0.035694171223],
      [0.0059399302538, 0.01231402163, 0.0012764150321, 0.98046963308, 0],
      [0.080289742175, 0.24603866601, 0.22734951949, 0.22390232647, 0.22241974585]
    ],
    [
      [0.81268998596, 0.020586143356, 0.00087549549617, 0.16584837519, 0],
      [0.010823045564, 0.68195871919, 0.13167866014, 0.13900994521, 0.036529629899],
      [0.0088393173652, 0.092128404153, 0.85888414728, 0.004137372271, 0.036010758935],
      [0.00034776603714, 0.01511853676, 0.0055993278464, 0.97893436936, 0],
      [0.061205808774, 0.1886198703, 0.24065333945, 0.16060386853, 0.34891711295]
    ],
    [
      [0.65477153893, 0.030201827851, 0.00038490572107, 0.3146417275, 0],
      [0.0054226681484, 0.70099183561, 0.097286513784, 0.19064299354, 0.0056559889238],
      [0.0022333437558, 0.10520186678, 0.85907120015, 0.021521140913, 0.011972448396],
      [0.0005212311687, 0.010065391446, 0.00072108942215, 0.98869228796, 0],
      [0.050278815639, 0.27878797958, 0.27341039569, 0.30988171048, 0.087641098611]
    ],
    [
      [0.74791454578, 0.014316730518, 0.00012170957786, 0.23753075133, 0.0001162627969],
      [0.011495300781, 0.59986730107, 0.1173705557, 0.25504241018, 0.016224432265],
      [0.0061306436272, 0.072627230698, 0.87643017303, 0.024884297942, 0.019927654698],
      [0.0049134517974, 0.0033858653803, 0, 0.99076367966, 0.00093700316449],
      [0.080552364845, 0.19257710771, 0.2690176373, 0.33541073603, 0.12244215412]
    ],
    [
      [0.83216372524, 0.012202042555, 2.3445855995e-05, 0.15561078635, 0],
      [0.014540565937, 0.68799167812, 0.055743251079, 0.2316103777, 0.010114127168],
      [0.012464715605, 0.16052791185, 0.76212370072, 0.040949314874, 0.023934356947],
      [0.0051406852643, 0.0081439872521, 0, 0.98671532748, 0],
      [0.1470400108, 0.2567977765, 0.14711931232, 0.35164106877, 0.097401831611]
    ],
    [
      [0.74166479758, 0.012822215138, 0.00036357259783, 0.24514941469, 0],
      [0.019832683663, 0.60135962079, 0.055265057528, 0.32343545281, 0.00010718521325],
      [0.012345746439, 0.1474970237, 0.76755922189, 0.055291148951, 0.017306859019],
      [0.0017149965466, 0.011704593263, 0.0019582844398, 0.98462212575, 0],
      [0.11407093633, 0.21255525022, 0.13505513532, 0.46965029639, 0.068668381737]
    ],
    [
      [0.70166683257, 0.015714234674, 0.00013979186172, 0.2824791409, 0],
      [0.013629786215, 0.62649417225, 0.044499475655, 0.31046763376, 0.0049089321156],
      [0.012015894186, 0.17923093667, 0.72672340127, 0.060936625196, 0.02109314268],
      [0.0033826336029, 0.011603778292, 0.00047416057105, 0.98453942753, 0],
      [0.095979928728, 0.23340066789, 0.11602221706, 0.4810073114, 0.073589874924]
    ],
    [
      [0.73670288479, 0.024404024951, 4.1026315894e-05, 0.23853190492, 0.00032015902326],
      [0.0066760600777, 0.69162288626, 0.10700007359, 0.17400050317, 0.020700476905],
      [0.0030654716288, 0.094281172977, 0.85993538276, 0.015592503186, 0.027125469444],
      [0.0039532352801, 0.0098709769134, 0, 0.98539127614, 0.00078451167083],
      [0.060187338038, 0.24491849559, 0.27109105291, 0.25415114027, 0.16965197318]
    ],
    [
      [0.72463259863, 0.03140290312, 0.0006491536123, 0.24331534464, 0],
      [0.0040375661991, 0.72273033246, 0.10741233345, 0.14038833263, 0.025431435256],
      [0.0010738069385, 0.10644526142, 0.85034921324, 0.0075857775775, 0.034545940824],
      [0.0025563277904, 0.013516340408, 0.0015001047935, 0.98242722701, 0],
      [0.044710986274, 0.24914757939, 0.25595496835, 0.20281729721, 0.24736916878]
    ],
    [
      [0.79653523343, 0.018286735131, 1.7060979414e-05, 0.18516097046, 0],
      [0.011934156671, 0.72701395902, 0.052687566896, 0.18975410384, 0.018610213577],
      [0.0099230194853, 0.17013296701, 0.74289802899, 0.033569792643, 0.043476191874],
      [0.0064277197425, 0.0080582088578, 0, 0.9855140714, 0],
      [0.098844232046, 0.2784262166, 0.14496218737, 0.29713778212, 0.18062958186]
    ],
    [
      [0.72430304048, 0.013456699676, 0, 0.26178223404, 0.00045802579976],
      [0.024947707452, 0.56805882486, 0.016394056216, 0.37989174708, 0.010707664389],
      [0.02031068791, 0.21217617647, 0.63295482418, 0.099554570125, 0.035003741317],
      [0, 0.021509562499, 0, 0.97620236694, 0.0022880705594],
      [0.11910601758, 0.19497091726, 0.068271020661, 0.53750571489, 0.080146329609]
    ],
    [
      [0.59124603867, 0.017959348041, 0, 0.39036188409, 0.00043272919311],
      [0.012591951967, 0.59099118265, 0.033389814496, 0.35103286171, 0.011994189187],
      [0.0089509489032, 0.1812033841, 0.70061502686, 0.076072368638, 0.033158271499],
      [0.0031072199602, 0.013933657078, 0, 0.98004350058, 0.0029156223852],
      [0.062951190084, 0.21303166048, 0.097488829768, 0.52902988434, 0.097498435329]
    ],
    [
      [0.74946144939, 0.014767539195, 0, 0.23534884896, 0.00042216244752],
      [0.019843125814, 0.65302886882, 0.031798209895, 0.27898644761, 0.016343347856],
      [0.012610269784, 0.1827233188, 0.70597209129, 0.057287353866, 0.041406966253],
      [0.0002564445223, 0.0093224921522, 0, 0.98795306561, 0.002467997711],
      [0.10448366512, 0.2370576079, 0.10750781805, 0.41649192611, 0.13445898282]
    ],
    [
      [0.69616530438, 0.012118315954, 0.00051695927847, 0.2905009741, 0.00069844629103],
      [0.014587482443, 0.52607428842, 0.054333217626, 0.391165262, 0.01383974952],
      [0.012494387432, 0.12939458574, 0.76484498478, 0.063632658073, 0.029633383975],
      [0.0060822022994, 0.013277604478, 0.0020482121921, 0.97554664008, 0.0030453409517],
      [0.098097685054, 0.16827095605, 0.11963076356, 0.51853297452, 0.095467620812]
    ],
    [
      [0.55542660445, 0.027096038868, 0.00026960722649, 0.41720774946, 0],
      [0.0026225386799, 0.68133845198, 0.048166737096, 0.26559038396, 0.002281888279],
      [0.0035175992979, 0.16230992657, 0.69949196776, 0.049783168131, 0.084897338235],
      [0, 0, 0.0017534340291, 0.99824656597, 0],
      [0.03496607406, 0.21095635697, 0.10814918587, 0.34896059941, 0.2969677837]
    ],
    [
      [0.78815346246, 0.013402715172, 0, 0.19834930054, 9.4521835028e-05],
      [0.016992691193, 0.66685877516, 0.045313601252, 0.25836261965, 0.012472312746],
      [0.012838849063, 0.16924510458, 0.73924066122, 0.048479126612, 0.030196258522],
      [0.003553766515, 0.0077429603641, 0, 0.98764346426, 0.0010598088645],
      [0.12275414795, 0.24656648734, 0.12902345386, 0.39127254046, 0.11038337039]
    ],
    [
      [0.77256086175, 0.034720808716, 0.00082512876089, 0.19178980778, 0.00010339299352],
      [0.0067783189274, 0.76123576935, 0.11998217496, 0.085766666756, 0.026237070003],
      [0, 0.10087734141, 0.866473366, 0, 0.032649292594],
      [0.0048988048568, 0.022098441439, 0.0026491001943, 0.96993395633, 0.00041969718246],
      [0.04783975543, 0.26611565941, 0.29410027611, 0.15946614597, 0.23247816308]
    ],
    [
      [0.71071236351, 0.015622976217, 0.0001786489301, 0.27336855188, 0.00011745946485],
      [0.01043507856, 0.61917397506, 0.078311796951, 0.279788966, 0.012290183427],
      [0.0069091452479, 0.11051751604, 0.82579562378, 0.035587875701, 0.021189839227],
      [0.0044071678533, 0.0058173808268, 0.00042574291246, 0.98874154231, 0.00060816609635],
      [0.081875437944, 0.21673960564, 0.19364357221, 0.40415780453, 0.10358357968]
    ],
    [
      [0.85868116441, 0.015358682496, 0.00063605436539, 0.12532409873, 0],
      [0.018038163694, 0.73875885355, 0.083863531775, 0.15933945098, 0],
      [0.0096789966918, 0.12853986199, 0.83260184353, 0.019306714866, 0.0098725829221],
      [0.0063028427515, 0.013425773691, 0.0026785412617, 0.9775928423, 0],
      [0.13911775217, 0.29469177522, 0.23033494889, 0.26446169458, 0.071393829133]
    ],
    [
      [0.64893015752, 0.017915181456, 0.00036741184486, 0.33278724917, 0],
      [0.012982132702, 0.62455661204, 0.051675994911, 0.30945350982, 0.0013317505257],
      [0.0085720343846, 0.16114643427, 0.75965993481, 0.055065843933, 0.015555752607],
      [0.0018050447207, 0.010459550701, 0.001882220363, 0.98585318421, 0],
      [0.074912009392, 0.23678612485, 0.13575778586, 0.48882775545, 0.063716324448]
    ],
    [
      [0.68664952313, 0.026042664567, 0.00022815450297, 0.28688898016, 0.00019067763945],
      [0.0052240877081, 0.6783790938, 0.10756081556, 0.19184186363, 0.016994139307],
      [0.0013918040372, 0.092030423639, 0.86369163648, 0.01933192727, 0.023554208572],
      [0.0023089732291, 0.008334693224, 2.5842191525e-05, 0.98807559085, 0.0012549005009],
      [0.0514463446, 0.24407892763, 0.27503833663, 0.28351496716, 0.14592142398]
    ],
    [
      [0.82995189882, 0.012576194788, 0.00037028233397, 0.15710162406, 0],
      [0.021681729345, 0.68410821049, 0.066377006503, 0.22783305366, 0],
      [0.012539284521, 0.1410536143, 0.79649154568, 0.035178036047, 0.014737519453],
      [0.0028051293708, 0.0089090124814, 0.0016527935906, 0.98663306456, 0],
      [0.14731732296, 0.25642482164, 0.17385918141, 0.34863869663, 0.073759977364]
    ],
    [
      [0.64609542401, 0.041598171148, 0.00044468438407, 0.31178615502, 7.5565434046e-05],
      [0.00069881785845, 0.7601926942, 0.082273648348, 0.144740287, 0.012094552599],
      [0, 0.13452959666, 0.82881105806, 0.016206837377, 0.020452507904],
      [0.00048744950996, 0.014106760341, 0.0021045873599, 0.98243232455, 0.00086887823803],
      [0.040762868543, 0.32950657815, 0.24731683422, 0.26070700673, 0.12170671236]
    ],
    [
      [0.78174799375, 0.021649987521, 0.0015321150354, 0.19506990369, 0],
      [0.0099085830971, 0.65945249041, 0.13047714974, 0.15681856599, 0.043343210759],
      [0.0085722180467, 0.10167750757, 0.84513662487, 0.013959493014, 0.030654156495],
      [0, 0.0055665681171, 0.010407498596, 0.98402593329, 0],
      [0.049242869979, 0.16328045075, 0.20303999948, 0.15507153281, 0.42936514698]
    ],
    [
      [0.75039087411, 0.027889618757, 0.00060012663692, 0.2211193805, 0],
      [0.0067282467529, 0.72506830554, 0.095820007314, 0.14704152435, 0.02534191604],
      [0.0072088674796, 0.114806725, 0.82853126293, 0.012728915318, 0.036724229264],
      [0.00067653534848, 0.016099721958, 0.0033393979813, 0.97988434471, 0],
      [0.055875657553, 0.24938574837, 0.22618528655, 0.21096743902, 0.2575858685]
    ]
  ],
  "expected_outcome": [
    [
      [200.0341990758, 24.1866110872, 18.9926114615, 28.5305836906, 33.5014139831, 34.7197206925, 28.7427490714, 25.2811886134, 12.2746303871, 33.1295478145, 16.5607265675, 17.3747504515, 18.0149858348, 27.8987314376, 24.5162526068, 9.9676195204, 20.1756035911, 15.8447978893, 19.2479101272, 12.450045961, 21.3202988773, 11.9448252685, 11.7918150319, 13.6185716985, 6.4822228366, 24.2370624894, 15.8411127998, 11.8803161855, 15.6646551353, 17.6800730536, 11.3245922471, 7.1166481634, 9.4687567454, 15.7348905502, 5.0366890892, 2.4083634586, 5.4519378403, 6.6710983581, 10.9551533429, 8.3483751121, 2.8609030264, 4.6076350205, 7.2909569689, 5.7905388736, 12.0611234009, 5.6888299017, 15.7145169344, 5.9833163662, 13.3146196038, 22.9916087249, 21.050004977, 9.5771375023, 5.0724281904, 11.151493268, 23.9020003359, 11.8249207735, 15.7386904372, 15.3156366963, 5.5542660445, 16.5512227116, 9.270730341, 13.5035349067, 16.3149421238, 14.9253936231, 7.5531447544, 34.8579797505, 5.1687633921, 5.4722359563, 9.7550813634],
      [6.038159967, 0.44484120271, 0.51673125724, 0.39506715359, 1.0430378772, 0.4170191326, 0.40668698168, 0.6321191975, 0.75039399105, 0.66973789074, 0.23733264761, 0.45999511815, 0.13397905053, 0.51488186185, 0.46901044116, 0.28987173663, 0.35677413932, 0.36186232026, 0.31760942139, 0.30259328881, 0.67449595615, 0.3497673606, 0.44271717537, 0.26290391288, 0.23931171775, 0.34332859447, 0.22114368784, 0.17314066407, 0.26732542822, 0.57705994001, 0.21680682184, 0.15543374836, 0.32058756859, 0.21392393609, 0.17686730435, 0.093208332106, 0.23060754092, 0.26831991211, 0.34654397387, 0.34228772759, 0.10345362701, 0.13255552, 0.29089838887, 0.29750214423, 0.30891609521, 0.14410300349, 0.72484386843, 0.11453384414, 0.19523268088, 0.39748866927, 0.47142704022, 0.31725232436, 0.21982032184, 0.25601429184, 0.44407108932, 0.35918696082, 0.31011832309, 0.26660295099, 0.27096038868, 0.28145701861, 0.41664970459, 0.29683654812, 0.29181496742, 0.41204917348, 0.28646931024, 0.52820018108, 0.33278536919, 0.15154991265, 0.36256504384],
      [0.070784534984, 0.0015987775701, 0.032543172684, 0.0080852404248, 0.025044810291, 0.033965703644, 0.0039301339703, 0, 0.012812881744, 0, 0.0069519399119, 0.017925289165, 0.012535083519, 0.0091008141742, 0, 0, 0.0019672179243, 0, 0.0046640750714, 0, 0.0052555073293, 0.0014435938095, 0.0096640703866, 0.007277996685, 0.0030512879294, 0.02206022386, 0.00024921984129, 0.00076731476884, 0.0076698563823, 0.031668212068, 0.0062616277242, 0.0041562038601, 0.0051033021905, 0.0008445784427, 0.0020480880541, 0.0015898698304, 0.0015951967375, 0.0043159475125, 0.0011501040841, 0.002967493408, 0.0021254068522, 0.00087401427255, 0.0065834695287, 0.0044114556899, 0.0056875837365, 0.0061284684732, 0.0092377373056, 0.00097367662284, 0.00037513369593, 0.011270750533, 0.0041937558515, 0.00053334210662, 0.0045440752861, 0.0002388537118, 0, 0, 0, 0.011373104126, 0.0026960722649, 0, 0.0099015451307, 0.0033943296719, 0.012085032942, 0.0084504724317, 0.0025096995326, 0.015551858027, 0.0035574750726, 0.010724805248, 0.00780164628],
      [71.8568564222, 8.3621336736, 3.4581141086, 5.0662639154, 12.4305033294, 6.8292944713, 4.8368100283, 7.0866921891, 7.9621627401, 7.1866967634, 2.194988845, 5.1473291412, 2.8286726825, 6.5772858864, 5.0147369521, 4.738980376, 4.4656550516, 4.7933397904, 5.4294480147, 3.2437064717, 9.9966033707, 2.6975699056, 4.7558037223, 3.111246392, 2.2753211056, 7.3901938469, 3.9330432052, 2.9438114873, 3.0603495801, 3.7111987943, 4.4523393034, 1.7237618844, 4.2055523838, 3.0468459389, 2.7843955184, 0.496815191, 2.3147446332, 2.0562657822, 3.6971525791, 3.3048242147, 1.0335179397, 1.2583824513, 2.4115611727, 1.9072161905, 2.6242729202, 1.1609386263, 7.5514014599, 1.9002460106, 2.4897725816, 7.5996318553, 8.4743742269, 3.100914764, 1.7032074125, 2.5922535865, 8.6388137234, 7.8072376818, 4.9423258283, 6.3910214302, 4.1720774946, 4.1653353113, 2.3014776933, 5.1940024857, 2.3811578759, 7.654106731, 3.1557787818, 6.5982682104, 2.4942892402, 1.3654893258, 2.8745519465],
      [0, 0.0048152589421, 0, 0, 0, 0, 0.0098237845998, 0, 0, 0.014017531433, 0, 0, 0.0098273486205, 0, 0, 0.0035283669481, 0, 0, 0.00036836160838, 0.0036542785702, 0.0033462885517, 0.0063938715022, 0, 0, 9.3052154874e-05, 0.0073548453604, 0.0044510872424, 0.0019643483393, 0, 0, 0, 0, 0, 0.0034949963951, 0, 2.3148440898e-05, 0.0011147887588, 0, 0, 0.0015454522223, 0, 0.00055299389877, 0, 0.0003313360116, 0, 0, 0, 0.00093010237523, 0, 0, 0, 0.0041620673024, 0, 0, 0.015114851392, 0.0086545838622, 0.008865411398, 0.015365818403, 0, 0.0019849585356, 0.0012407159222, 0.0022317298322, 0, 0, 0.0020974540339, 0, 0.00060452347237, 0, 0]
    ],
    [
      [12.0092844055, 1.6083758822, 1.34258136, 2.7639105663, 1.5129608467, 3.3061688083, 1.8859984815, 2.5234013586, 0, 1.7704021761, 1.3192532347, 0.8344177446, 1.2921252988, 1.611128039, 1.7759123374, 0.93942522468, 2.1071750658, 1.2416348969, 2.0033033048, 0.92165725903, 0.98564409387, 0.73391442695, 0.4295320928, 1.3738386565, 0.52963269325, 1.8516345426, 2.0619133719, 1.4814095797, 1.6301630597, 0.89569346437, 1.1461102684, 0.92624047777, 0.68020875394, 1.5584729703, 0.59564860337, 1.1784966525, 0.45271394391, 0.50666576516, 0.54146750827, 0.47250394441, 0.42145538309, 0.89081242992, 0.61876031313, 0.44712951021, 1.0354235109, 1.2013580576, 0.59107082817, 0.9541099648, 2.0502197971, 2.3005913049, 2.0172083599, 0.51405662598, 0.26244180294, 1.2411522938, 2.4448753303, 0.80588492587, 1.7263519458, 0.93359887635, 0.16521993683, 2.2090498551, 0.67105357381, 0.94959214899, 1.8579308604, 1.3111954029, 0.31344526249, 2.6451709802, 0.073375875137, 0.98094972662, 0.78720487009],
      [963.452297565, 73.193149196, 80.0090040063, 116.5143646674, 95.4922346979, 96.0805896322, 78.0800362112, 98.2852017613, 75.3120388851, 100.0330824301, 55.6840873343, 57.156031986, 32.5812418458, 82.2444004419, 94.7879285148, 64.9187149469, 104.3835802438, 73.5344715419, 90.4026821702, 63.17955025, 83.4353480686, 56.2745622586, 56.5373776666, 71.8907204628, 66.8903138104, 64.9391344008, 83.8007026111, 63.4542000981, 72.1466140345, 87.989508024, 56.6269516205, 71.7480339562, 65.8734647406, 65.0465275219, 66.4149152797, 65.8246364236, 73.81260688, 63.7485733892, 50.5827107673, 73.6860298573, 52.2695341126, 69.8995232952, 78.9183796609, 93.7874916287, 69.2781963577, 75.69741783, 76.4081100813, 49.7889859884, 97.0068266148, 69.7577160114, 92.721137493, 53.2549622423, 46.9774716099, 75.609451738, 55.6697648364, 37.8234356893, 56.8135115874, 33.6687544586, 42.9243224748, 86.6916407712, 75.3623411658, 56.3448317308, 76.0921619156, 63.0802178164, 40.7027456278, 83.4612016801, 79.8202328907, 65.2857965509, 84.8329917484],
