{
  "Z_true": {},
  "V_true": [
    [53, 771, 100, 87, 1018, 27],
    [173, 63, 304, 1451, 430, 172],
    [199, 62, 429, 3793, 125, 57],
    [421, 297, 609, 293, 19110, 194],
    [277, 97, 2973, 787, 807, 83],
    [158, 32, 127, 228, 245, 140]
  ],
  "p_true": [
    [0.0258, 0.375, 0.0486, 0.0423, 0.4951, 0.0131],
    [0.0667, 0.0243, 0.1172, 0.5596, 0.1658, 0.0663],
    [0.0427, 0.0133, 0.092, 0.8131, 0.0268, 0.0122],
    [0.0201, 0.0142, 0.0291, 0.014, 0.9133, 0.0093],
    [0.0551, 0.0193, 0.5918, 0.1566, 0.1606, 0.0165],
    [0.1699, 0.0344, 0.1366, 0.2452, 0.2634, 0.1505]
  ],
  "Z_est": [
    [
      [0.0188, 0.0271, 0.0797, 0, 0.0183, 0.0808, 0.1742, 0.199, 0.1423, 0, 0.0566, 0.0507, 0.0047, 0.0794, 0, 0.0997, 0.0401, 0.1733, 0.048, 0.0832, 0.0579, 0.16, 0.2577, 0.2029, 0.0565, 0.0515, 0.0177, 0.2541, 0.0238, 0.0315, 0, 0.0153, 0.0395, 0.0211, 0, 0, 0.0348, 0.1904, 0.1664, 0.0194, 0.0589, 0.271, 0.1256, 0.0983, 1.8901, 0.0574, 0.2766, 0.0253],
      [4.4638, 6.0131, 8.152, 0, 0.9641, 11.5139, 16.0656, 15.13, 16.2109, 0, 3.9246, 7.4513, 0.5257, 0.8298, 0, 21.9047, 3.9533, 22.8429, 4.4576, 9.5741, 10.7898, 13.9363, 29.6931, 19.377, 6.3424, 8.1602, 3.665, 1.6231, 3.6063, 10.2385, 0, 1.6898, 1.7629, 1.9024, 4.9988, 0, 3.6204, 16.6438, 25.4227, 7.3101, 38.3278, 22.9548, 37.9417, 10.3733, 274.7465, 12.1483, 34.3609, 9.9785],
      [0.2582, 0.1892, 0.5324, 0, 0.1729, 1.6808, 2.6301, 1.5625, 1.4108, 0, 0.4875, 0.9604, 0.0277, 0.1413, 0.0877, 1.5573, 0.5736, 1.949, 0.6502, 1.4851, 0.7895, 1.4105, 3.4318, 1.6828, 0.5374, 0.7566, 0.2977, 0.2064, 0.4347, 0.7661, 0, 0.0884, 0.1214, 0.0774, 0.2014, 0, 0.4624, 1.5163, 2.8972, 0.7531, 3.1576, 2.151, 2.6479, 0.975, 27.3358, 1.3314, 3.4205, 0.6819],
      [0.0082, 0.0149, 0.0708, 0, 0.0425, 0.0958, 0.2233, 0.3511, 0.3039, 0, 0.0687, 0.1188, 0.0025, 0.0384, 0.0032, 0.1222, 0.0418, 0.2821, 0.0681, 0.1507, 0.1308, 0.2804, 0.3979, 0.2964, 0.0822, 0.0586, 0.0115, 0.0956, 0.0305, 0.1746, 0, 0.0223, 0.0337, 0.0375, 0, 0, 0.0616, 0.2338, 0.2083, 0.0302, 0, 0.3874, 0.4085, 0.0522, 3.2917, 0.1303, 0.4976, 0.0798],
      [4.1922, 4.7558, 11.0323, 0, 3.7328, 21.2705, 31.4897, 25.4342, 19.5314, 0, 7.3874, 11.9949, 0.43, 4.8822, 1.9091, 26.9397, 10.1256, 43.1966, 12.6378, 27.3401, 15.099, 20.8588, 46.7467, 30.1214, 8.8249, 10.9258, 4.9588, 6.7206, 6.819, 7.7402, 0, 1.1657, 1.0426, 1.9307, 2.7286, 0, 5.6837, 30.1045, 44.61, 10.7289, 40.8351, 38.6535, 44.8975, 13.015, 438.1148, 18.0378, 47.6877, 17.0952],
      [0.0588, 0, 0.1328, 0, 0.0695, 0.3581, 0.4171, 0.3233, 0.4007, 0, 0.0751, 0.4239, 0.0092, 0.0288, 0, 0.3764, 0.2656, 0.5562, 0.1383, 0.3668, 0.1329, 0.3541, 0.4728, 0.3195, 0.1566, 0.0474, 0.0494, 0.1002, 0.0856, 0.049, 0, 0.0186, 0, 0.0309, 0.0712, 0, 0.1372, 0.3112, 0.6955, 0.1583, 0.6205, 0.5823, 0.9788, 0.4862, 6.6212, 0.2948, 0.7567, 0.1393]
    ],
    [
      [2.181, 0.4082, 3.4316, 0.3335, 0.9163, 3.0062, 7.4583, 9.7882, 5.3961, 0.5215, 3.6971, 3.4852, 0.8127, 4.0825, 0, 3.0397, 1.6593, 5.037, 3.4559, 3.6683, 6.2486, 9.5901, 13.5394, 10.4484, 5.2127, 1.0847, 2.0041, 1.0429, 2.0735, 0.9056, 0.8678, 0.7795, 0.9102, 0.5549, 1.1434, 0.1258, 1.1473, 3.0349, 2.5513, 1.0373, 7.2263, 8.0485, 3.935, 5.4327, 56.6841, 7.2293, 22.1606, 2.3958],
      [1.2377, 0.2061, 0.9828, 9.2445e-32, 0.136, 1.1514, 1.9819, 2.4238, 2.0666, 0.3759, 0.7455, 1.546, 0.1553, 0, 0, 1.7841, 0.4336, 1.8715, 0.8453, 1.1268, 3.4279, 2.7161, 4.6764, 3.0491, 1.7543, 0.4646, 1.0064, 0.0642, 0.8134, 1.0815, 0.23, 0.2585, 0.154, 0.1502, 0.9217, 0.1073, 0.3564, 0.771, 1.0628, 0.9714, 5.5906, 2.1122, 3.5938, 1.5867, 24.2627, 4.4178, 8.6437, 2.4527],
      [1.3302, 0.1403, 1.2045, 0.478, 0.4692, 3.0499, 5.9626, 4.5973, 3.2589, 0.4397, 1.7539, 3.7331, 0.2447, 0.3744, 0.5352, 2.3264, 1.1831, 2.9665, 2.3424, 3.2972, 4.5301, 5.0331, 9.811, 4.8124, 2.7174, 0.7982, 1.5375, 0.1653, 1.8639, 1.4097, 0.2348, 0.2933, 0.2198, 0.1324, 0.6699, 0.2459, 0.8647, 1.3359, 2.1952, 1.8369, 7.9808, 3.6848, 4.5234, 2.6921, 43.5347, 8.9258, 15.5905, 3.0874],
      [9.4958, 1.8691, 12.3644, 1.9721, 6.8947, 19.5946, 39.607, 49.1235, 31.9551, 3.0988, 15.81, 28.3263, 1.7136, 6.3705, 3.4828, 20.2526, 8.4455, 34.6174, 23.1828, 31.8603, 52.9672, 48.8194, 77.8526, 52.1984, 26.6755, 5.9023, 10.4937, 2.616, 14.1029, 12.3197, 1.2893, 2.8118, 1.5225, 2.4264, 3.5671, 3.9754, 6.6422, 13.9356, 16.4853, 13.2668, 50.5022, 36.6534, 45.9728, 14.0196, 390.5657, 67.9009, 131.7953, 43.7759],
      [2.6781, 0.3763, 3.0082, 0.2163, 1.2564, 4.7677, 8.6246, 8.7341, 5.2202, 1.038, 3.1749, 5.2529, 0.4531, 1.6181, 0.9819, 4.8562, 2.5589, 7.9082, 5.7456, 7.5219, 10.6799, 8.5044, 16.1066, 10.3986, 5.3469, 1.4047, 3.2027, 0.5855, 3.6348, 1.6741, 0.378, 0.4213, 0.1937, 0.3685, 1.1023, 0.6425, 1.2565, 3.1194, 4.1318, 3.2402, 12.9303, 7.9294, 9.1543, 4.3418, 84.9356, 14.5051, 25.2145, 9.9126],
      [2.0772, 0, 2.0085, 0, 1.3274, 4.4303, 6.3656, 6.333, 6.103, 0.5261, 1.8186, 10.6566, 0.6206, 0.5544, 0, 3.7411, 3.7197, 5.5994, 3.4279, 5.5255, 5.1462, 8.3369, 9.0141, 6.093, 5.2933, 0.3455, 1.7557, 0.5261, 2.5114, 0.6094, 0, 0.4355, 0, 0.3676, 1.5957, 0.9031, 1.7329, 1.8031, 3.5736, 2.6474, 10.7699, 6.5717, 10.8207, 8.9271, 70.0172, 13.0211, 22.5954, 4.3756]
    ],
    [
      [3.9887, 0.8403, 2.82, 0.3461, 3.1442, 8.416, 19.0589, 25.0163, 23.1579, 1.1826, 6.8802, 8.8688, 2.0574, 6.719, 0, 9.8347, 3.3726, 13.5902, 2.2757, 4.8449, 12.3084, 24.2549, 34.8944, 35.0424, 17.339, 2.9538, 3.8386, 7.0525, 2.6591, 2.4118, 0, 1.6318, 1.6938, 1.0779, 3.9948, 0.4989, 2.4267, 7.9928, 5.9234, 2.3893, 15.8372, 13.7195, 10.6457, 4.8953, 176.2219, 11.8271, 38.347, 2.1329],
      [0.4559, 0.0898, 0.152, 0, 0.0612, 0.5735, 0.832, 1.0548, 1.7592, 0.4251, 0.2442, 0.7294, 0.0677, 0, 0, 1.1447, 0.1609, 0.9259, 0.1009, 0.2554, 1.2777, 1.2472, 2.2017, 1.8935, 1.1151, 0.2376, 0.3564, 0, 0.1879, 0.7104, 0, 0.1072, 0.0566, 0.0534, 1.0946, 0.0766, 0.1337, 0.3639, 0.457, 0.4187, 2.5942, 0.6461, 2.0559, 0.2704, 14.1543, 1.3589, 2.8667, 0.3997],
      [1.7474, 0.2013, 0.7191, 0.4109, 1.0126, 6.2875, 11.3793, 8.3248, 10.2913, 1.3768, 2.3578, 7.0192, 0.439, 0.4277, 0.2617, 5.3975, 1.7309, 5.682, 1.123, 3.1431, 6.3613, 9.1976, 18.5631, 11.4079, 6.4652, 1.5671, 2.1173, 0.4304, 1.7189, 3.0674, 0, 0.4405, 0.321, 0.1769, 1.5766, 0.6417, 1.3306, 2.4996, 3.683, 3.0706, 12.767, 4.5123, 8.7544, 1.722, 97.7786, 10.5887, 19.6256, 2.0017],
      [16.9812, 3.7798, 9.9415, 2.2431, 23.162, 53.6254, 98.9202, 122.8095, 135.7308, 5.6154, 28.7744, 70.4809, 4.2495, 10.5042, 4.5344, 64.0718, 16.795, 91.3296, 14.9327, 41.1478, 102.0148, 120.7664, 196.1432, 171.2138, 86.7756, 15.7286, 19.6545, 17.054, 17.6921, 34.7404, 0, 5.7876, 2.9286, 4.6182, 10.7314, 15.4254, 13.7442, 35.8963, 37.4308, 29.8808, 108.1878, 61.0918, 121.6186, 12.3594, 1187.0377, 108.6092, 222.9845, 38.1014],
      [0.6996, 0.0889, 0.31, 0, 0.4757, 1.6617, 2.2344, 1.1991, 0, 0.3662, 0.6244, 0.786, 0.1395, 0.3214, 0.2039, 2.128, 0.6794, 2.9512, 0.4915, 1.3614, 2.6861, 0.7101, 4.3691, 3.721, 1.6524, 0.4808, 0.9254, 0.3756, 0.6351, 0, 0, 0, 0, 0.05, 0.4123, 0.2374, 0.2296, 1.0842, 1.2138, 1.0333, 3.7891, 1.6308, 2.8335, 0.4639, 33.022, 2.8526, 3.6863, 1.2383],
      [0.1273, 0, 0.0575, 0, 0.1444, 0.4359, 0.5752, 0.5955, 1.0608, 0.0339, 0.1189, 1.1157, 0.047, 0.0276, 0, 0.4233, 0.2612, 0.5211, 0.0763, 0.2474, 0.3518, 0.8238, 0.8286, 0.7213, 0.6526, 0.0321, 0.1078, 0.0874, 0.1069, 0.0699, 0, 0.0329, 0, 0.0237, 0.1903, 0.12, 0.1352, 0.1632, 0.292, 0.2074, 0.8248, 0.3995, 1.092, 0.2891, 7.7855, 0.7636, 1.4899, 0.126]
    ],
    [
      [0.7519, 0.5675, 3.3252, 0.0446, 0.9945, 2.5038, 5.558, 8.8661, 9.2374, 0, 3.7375, 2.9136, 0.9272, 3.0153, 0, 3.328, 1.6176, 6.1171, 1.5497, 2.0712, 5.256, 8.4689, 12.4988, 14.6006, 5.8611, 1.9136, 0, 1.4619, 0.9256, 1.4142, 0.4721, 0.9469, 1.2569, 0.9146, 0, 0.1966, 1.3482, 4.2738, 4.2683, 0.5708, 2.658, 5.3638, 3.3515, 3.3933, 72.3098, 3.3716, 12.9089, 0.7478],
      [2.1694, 1.6468, 2.1809, 0, 0.0221, 1.3451, 1.1531, 2.1797, 5.1326, 0, 0.7397, 1.9516, 0.2332, 0, 0, 6.4004, 0.5546, 3.6204, 0.0679, 0.0255, 5.3926, 2.9859, 6.4229, 6.2709, 3.3244, 1.8183, 0.6452, 0, 0.5237, 3.4512, 0.152, 0.5205, 0.2617, 0.3375, 3.3307, 0.2232, 0.4423, 1.2385, 2.7672, 1.4461, 11.0913, 1.7612, 9.0109, 2.769, 56.7296, 4.0702, 8.6173, 1.3959],
      [3.5378, 0.6938, 3.5813, 0.5062, 0.4392, 20.2354, 29.2224, 13.06, 19.6202, 0.4005, 7.5162, 16.8588, 1.3394, 0.1263, 0, 12.7271, 7.1648, 11.2666, 4.6762, 8.553, 12.6484, 16.0574, 47.9226, 21.9292, 11.5016, 7.9699, 4.7555, 0, 5.6667, 9.1048, 0.856, 1.2597, 1.2051, 0.3836, 2.5983, 0.6012, 5.2293, 6.1039, 20.9518, 8.2738, 28.1176, 8.9716, 15.6234, 11.1097, 263.099, 24.3692, 41.2823, 4.3636],
      [0.2484, 1.0275, 5.5239, 0.0471, 4.7262, 4.8296, 12.8339, 27.9841, 34.3097, 0, 8.7188, 12.7579, 0.8532, 3.047, 0, 7.9202, 1.8281, 18.3715, 3.4214, 6.6555, 22.83, 26.9537, 35.4919, 41.8069, 17.0655, 3.9603, 0, 2.9448, 1.379, 10.0454, 0.2035, 2.1225, 1.2345, 2.5706, 0, 3.8613, 4.2248, 9.6573, 10.3174, 1.1973, 1.2094, 13.0272, 19.7521, 3.4129, 232.6865, 13.3568, 42.3815, 3.9343],
      [99.9554, 39.0644, 198.782, 3.402, 67.5108, 310.5383, 405.5571, 376.1993, 385.1954, 48.5986, 173.7238, 244.1464, 33.4379, 67.7573, 18, 418.9942, 231.3807, 688.5574, 203.0339, 316.8769, 549.5664, 360.0035, 876.8357, 774.8552, 321.1245, 180.1387, 145.4809, 45.4866, 143.2205, 107.6744, 15.3164, 23.9804, 12.0418, 28.6153, 53.5055, 49.7373, 78.9267, 278.0006, 509.5933, 168.9175, 495.786, 304.4044, 485.2912, 193.3735, 6954.4156, 455.4118, 811.7219, 259.363],
      [0.3371, 0, 0.6067, 0, 0.3072, 1.5478, 1.6755, 1.7108, 3.5048, 0.001, 0.564, 4.3716, 0.209, 0.0541, 0, 1.6301, 1.4541, 2.0669, 0.2509, 0.818, 1.3066, 2.5304, 2.8281, 2.5372, 2.1229, 0.1991, 0.1184, 0.1067, 0.2846, 0.31, 0, 0.17, 0, 0.1784, 0.5655, 0.3804, 0.8287, 0.7258, 2.1019, 0.5945, 2.1377, 1.4717, 3.9709, 2.9417, 32.7595, 2.4204, 5.0882, 0.1954]
    ],
    [
      [0.6588, 0.1569, 2.6563, 0.1911, 1.4789, 2.2647, 4.1948, 6.7336, 4.623, 0.1716, 2.1121, 2.0849, 0.1979, 1.6385, 0, 3.1004, 1.0425, 4.0815, 1.1587, 1.8047, 3.0682, 5.4488, 8.7735, 8.0763, 3.1769, 0.7496, 1.4935, 1.7571, 0.9268, 0.9412, 0.5497, 0.545, 0.7591, 0.2705, 0.6013, 0.1264, 0.6532, 3.5747, 2.8152, 0.6354, 3.1216, 4.5543, 3.1435, 2.342, 58.6189, 1.8393, 7.7611, 0.2849],
      [0.2064, 0.0443, 0.3874, 0, 0.0522, 0.3722, 0.4253, 0.7115, 0.8794, 0.0586, 0.1864, 0.4359, 0.018, 0.0153, 0, 1.0037, 0.1249, 0.7187, 0.1193, 0.2134, 0.8285, 0.7121, 1.4063, 1.1281, 0.5273, 0.1598, 0.7421, 0, 0.1601, 0.7522, 0.0574, 0.0966, 0.063, 0.0365, 0.4119, 0.051, 0.0892, 0.4007, 0.5437, 0.2973, 1.5172, 0.5353, 1.6959, 0.3708, 12.1835, 0.5514, 1.4985, 0.1419],
      [11.5255, 1.7754, 26.361, 6.3693, 21.3208, 62.968, 88.8523, 84.6716, 73.2992, 4.5206, 27.2859, 57.9181, 1.9492, 4.8124, 1.9858, 65.8703, 20.8789, 66.6781, 22.3428, 45.3494, 61.7594, 75.639, 169.7157, 101.1868, 45.048, 15.4629, 20.0731, 8.0221, 23.4579, 37.5473, 4.8331, 5.8417, 4.933, 2.1303, 10.5775, 7.2531, 13.4019, 43.5305, 66.5926, 31.5666, 95.0763, 57.4938, 99.1905, 31.5052, 1221.386, 60.7925, 144.3789, 10.5255],
      [1.2274, 0.3088, 4.2114, 0.1453, 5.2466, 6.3118, 9.7742, 15.7135, 12.7395, 0.4222, 4.0514, 7.658, 0.1812, 1.1699, 0.274, 8.9884, 2.2991, 12.3757, 3.3869, 6.8391, 11.5698, 12.8561, 22.4555, 18.1661, 7.3229, 1.7837, 0.8886, 2.027, 2.6898, 6.0319, 0.3174, 0.9123, 0.6169, 0.5253, 0.7506, 1.8102, 1.6944, 7.2776, 7.9456, 3.4322, 9.1422, 9.3016, 16.364, 2.6309, 178.7273, 7.599, 20.8187, 2.2916],
      [3.8677, 0.7145, 11.1196, 0.2943, 9.2564, 17.3239, 22.8347, 27.6986, 20.275, 1.6874, 8.5286, 14.656, 0.5395, 3.182, 0.7402, 23.8981, 7.7443, 30.4441, 9.0587, 17.5792, 24.7182, 22.5398, 48.9013, 37.6322, 15.3091, 4.6508, 7.1463, 4.5274, 7.8495, 7.2243, 1.2424, 1.3719, 0.628, 0.8974, 2.9353, 3.0469, 3.3648, 17.4979, 21.8736, 9.7264, 27.2386, 21.099, 34.5031, 8.9641, 415.7914, 17.5047, 42.0909, 5.3319],
      [0.5143, 0, 1.2642, 0, 1.6451, 2.7594, 2.9188, 3.4712, 4.1839, 0.1397, 0.8357, 5.247, 0.1142, 0.1819, 0, 3.1391, 1.9103, 3.7019, 0.9335, 2.2141, 2.0558, 3.8041, 4.7477, 3.8105, 2.6158, 0.1931, 0.6563, 0.6665, 0.9158, 0.5032, 0, 0.2325, 0, 0.1399, 0.7234, 0.7123, 0.7964, 1.7185, 3.2293, 1.3421, 3.9042, 3.016, 7.103, 3.187, 59.293, 2.7133, 6.4518, 0.4242]
    ],
    [
      [0.4009, 0, 0.6873, 0.0847, 0.4478, 0.7286, 1.5558, 2.3968, 1.4432, 0.1243, 0.5165, 0.5968, 0, 0.4653, 0, 0.5976, 0.2679, 1.0009, 0.5119, 0.5276, 1.0608, 2.0773, 2.0362, 2.6294, 1.3537, 0.2468, 0.646, 0.4315, 0.3911, 0.2957, 0.1103, 0.0815, 0.3405, 0.161, 0.2605, 0.0523, 0.3898, 0.9334, 1.2753, 0.3477, 1.0979, 1.0428, 0.7988, 0.8384, 13.2752, 0.6754, 4.5458, 0.4134],
      [2.4668, 0, 2.145, 0, 0.7645, 3.0439, 4.542, 6.5002, 5.9514, 1.1405, 1.1596, 2.8858, 0, 0.1549, 0, 3.7623, 0.7728, 4.0206, 1.4089, 1.8048, 6.2834, 6.4024, 7.5997, 8.2814, 4.9365, 1.1595, 3.5849, 0.3127, 1.7086, 3.7662, 0.5606, 0.3273, 0.702, 0.52, 2.2423, 0.5419, 1.358, 2.582, 5.7465, 3.5563, 8.879, 2.9904, 7.7017, 2.6298, 60.9235, 4.4534, 19.013, 4.6312],
      [0.601, 0, 0.6017, 0.2356, 0.5854, 1.7784, 2.9533, 2.7839, 2.1197, 0.2625, 0.5988, 1.5104, 0, 0.1178, 0.1295, 1.1214, 0.4687, 1.4578, 0.8654, 1.1722, 1.9112, 2.6623, 3.5559, 2.9808, 1.7304, 0.4452, 1.2189, 0.1759, 0.8579, 1.1047, 0.0761, 0.0764, 0.1997, 0.0993, 0.3763, 0.2581, 0.7111, 1.0137, 2.6802, 1.4991, 2.9007, 1.1865, 2.2605, 0.9961, 24.8659, 1.9924, 7.7021, 1.3398],
      [2.039, 0, 2.8879, 0.5924, 3.928, 5.5427, 9.6414, 14.0182, 9.961, 0.8636, 2.5767, 5.658, 0, 0.87, 0.7056, 4.6449, 1.5905, 8.0238, 4.008, 5.3467, 10.4874, 12.324, 13.659, 15.3183, 8.0783, 1.5665, 3.9517, 1.2625, 3.1056, 4.688, 0.1898, 0.3436, 0.6639, 0.8219, 0.9509, 1.9277, 2.6328, 4.9994, 9.6126, 5.1928, 8.9585, 5.5386, 10.8841, 2.525, 106.6911, 7.4039, 31.5225, 8.8171],
      [0.6071, 0, 0.7478, 0.0873, 0.7678, 1.4379, 2.2596, 2.7347, 1.778, 0.3099, 0.5608, 1.1638, 0, 0.2389, 0.1649, 1.1838, 0.5111, 1.9424, 1.0325, 1.3205, 2.2505, 2.3834, 3.0406, 3.2715, 1.7423, 0.3992, 1.2859, 0.3043, 0.8411, 0.687, 0.0631, 0.0607, 0.0939, 0.1382, 0.3161, 0.3358, 0.5386, 1.1934, 2.5775, 1.3537, 2.421, 1.2829, 2.3203, 0.8417, 24.7207, 1.688, 6.5987, 2.059],
      [0.8853, 0, 0.9304, 0, 1.5064, 2.4685, 3.0478, 3.5663, 3.7468, 0.2993, 0.5877, 4.1851, 0, 0.1531, 0, 1.69, 1.389, 2.5545, 1.1732, 1.8282, 2.0067, 4.1506, 3.1086, 3.5185, 3.1588, 0.1828, 1.3125, 0.5131, 1.0957, 0.4585, 0, 0.1105, 0, 0.2596, 0.8539, 0.8842, 1.3696, 1.2781, 4.1079, 2.0503, 3.7429, 1.9587, 5.0346, 3.1691, 37.5237, 2.7869, 10.618, 1.7396]
    ]
  ],
  "V_est": [
    [5.7793, 765.5918, 74.4889, 9.0403, 1183.4289, 17.6708],
    [239.7932, 95.7679, 170.4144, 1501.0927, 321.3075, 264.6242],
    [590.4257, 45.3678, 301.7197, 3617.846, 86.0548, 23.5861],
    [227.88, 166.4233, 743.4807, 682.7314, 19013.5007, 89.9839],
    [166.9593, 32.9311, 3165.6557, 461.2736, 1047.0502, 150.1301],
    [50.1625, 215.9181, 86.2406, 367.016, 83.6578, 127.005]
  ],
  "p_est": [
    [0.0028, 0.3724, 0.0362, 0.0044, 0.5756, 0.0086],
    [0.0925, 0.0369, 0.0657, 0.5789, 0.1239, 0.1021],
    [0.1266, 0.0097, 0.0647, 0.7755, 0.0184, 0.0051],
    [0.0109, 0.008, 0.0355, 0.0326, 0.9087, 0.0043],
    [0.0332, 0.0066, 0.6301, 0.0918, 0.2084, 0.0299],
    [0.0539, 0.2322, 0.0927, 0.3946, 0.09, 0.1366]
  ],
  "EI_Z": {},
  "EI_V": 5.9298,
  "MAE_Z": {},
  "MAE_V": 119.2286,
  "MAE_p": 0.0405,
  "runtime": 0.003
}
