{
  "X": [
    [20, 43, 117, 157, 34],
    [16, 10, 13, 147, 4],
    [38, 25, 103, 169, 30],
    [2, 2, 5, 8, 5],
    [9, 21, 28, 119, 7],
    [15, 6, 15, 58, 7],
    [53, 56, 168, 402, 43],
    [39, 23, 113, 168, 17],
    [113, 56, 251, 653, 39],
    [9, 10, 31, 46, 2],
    [7, 7, 22, 34, 12],
    [13, 8, 37, 89, 6],
    [9, 3, 20, 8, 9],
    [15, 13, 28, 149, 14],
    [40, 48, 130, 212, 22],
    [28, 11, 37, 126, 5],
    [79, 17, 138, 176, 34],
    [78, 28, 167, 234, 36],
    [1, 7, 12, 9, 2],
    [16, 8, 44, 88, 2],
    [62, 54, 152, 337, 56],
    [94, 52, 313, 524, 93],
    [37, 92, 86, 302, 17],
    [4, 6, 6, 26, 3],
    [4, 5, 11, 26, 4],
    [38, 25, 125, 201, 40],
    [122, 221, 454, 1288, 76],
    [44, 93, 214, 729, 41],
    [7, 51, 51, 37, 6],
    [3, 3, 7, 16, 4],
    [78, 117, 313, 550, 40],
    [58, 90, 191, 401, 42],
    [13, 6, 6, 88, 3],
    [16, 1, 6, 62, 5],
    [9, 6, 33, 45, 3],
    [4, 0, 5, 1, 1],
    [55, 41, 196, 347, 33],
    [0, 1, 2, 8, 0],
    [1, 2, 11, 13, 1],
    [21, 10, 99, 58, 29],
    [7, 8, 27, 12, 1],
    [3, 5, 12, 26, 7],
    [16, 11, 39, 41, 8],
    [27, 9, 39, 106, 9],
    [2, 1, 1, 26, 2],
    [24, 18, 78, 244, 17],
    [7, 1, 2, 19, 2],
    [26, 28, 86, 86, 21],
    [30, 41, 81, 174, 20],
    [7, 10, 12, 49, 6],
    [6, 28, 7, 37, 11],
    [0, 1, 5, 1, 2],
    [85, 92, 237, 683, 30],
    [13, 10, 31, 135, 12],
    [11, 4, 10, 41, 1],
    [13, 20, 53, 82, 8],
    [3, 4, 13, 5, 6],
    [33, 30, 92, 353, 31],
    [0, 2, 6, 6, 7],
    [17, 43, 43, 48, 5],
    [4, 2, 5, 15, 3],
    [8, 5, 7, 28, 4],
    [43, 16, 98, 179, 14],
    [6, 6, 9, 28, 8],
    [22, 33, 62, 67, 12],
    [1, 2, 7, 6, 6],
    [3, 8, 5, 81, 6],
    [42, 15, 108, 287, 32],
    [48, 85, 163, 272, 25],
    [0, 4, 2, 13, 1],
    [15, 10, 32, 29, 8],
    [44, 55, 158, 303, 26],
    [3, 2, 5, 57, 3],
    [2, 11, 10, 47, 7],
    [13, 15, 32, 101, 10],
    [13, 6, 13, 100, 6],
    [7, 6, 8, 28, 3],
    [6, 5, 8, 25, 5],
    [0, 0, 3, 2, 5],
    [0, 2, 14, 11, 6],
    [55, 31, 95, 226, 20],
    [3, 12, 16, 40, 5],
    [7, 4, 41, 52, 7],
    [15, 16, 25, 81, 8],
    [37, 19, 59, 136, 15],
    [14, 9, 31, 59, 7],
    [10, 6, 15, 66, 4],
    [10, 3, 22, 41, 5],
    [6, 7, 24, 79, 3],
    [9, 9, 7, 65, 1],
    [4, 0, 1, 1, 2],
    [8, 8, 7, 2, 1],
    [9, 37, 47, 39, 5],
    [5, 13, 26, 77, 7],
    [13, 2, 16, 45, 5],
    [52, 88, 199, 731, 34],
    [11, 8, 33, 54, 6],
    [15, 23, 45, 112, 6],
    [10, 9, 15, 24, 3],
    [21, 15, 41, 92, 3],
    [3, 9, 9, 11, 8],
    [18, 4, 54, 80, 7],
    [152, 188, 515, 1314, 107],
    [25, 35, 76, 170, 24],
    [142, 233, 438, 852, 144],
    [13, 44, 62, 164, 11]
  ],
  "W": [
    [26, 132, 148, 33, 32],
    [7, 20, 133, 20, 10],
    [5, 114, 168, 45, 33],
    [1, 10, 4, 3, 4],
    [15, 39, 107, 14, 9],
    [4, 23, 54, 14, 6],
    [33, 244, 326, 68, 51],
    [9, 152, 139, 45, 15],
    [39, 340, 514, 133, 86],
    [5, 38, 38, 12, 5],
    [3, 31, 24, 14, 10],
    [6, 42, 81, 14, 10],
    [1, 25, 6, 7, 10],
    [14, 29, 141, 23, 12],
    [27, 162, 187, 48, 28],
    [17, 37, 109, 29, 15],
    [16, 171, 150, 67, 40],
    [15, 219, 185, 70, 54],
    [3, 16, 9, 2, 1],
    [7, 46, 78, 23, 4],
    [26, 205, 280, 86, 64],
    [33, 366, 440, 135, 102],
    [67, 117, 275, 44, 31],
    [3, 11, 25, 3, 3],
    [5, 15, 19, 6, 5],
    [21, 150, 158, 48, 52],
    [165, 632, 1053, 169, 142],
    [65, 316, 591, 74, 75],
    [42, 57, 38, 10, 5],
    [4, 6, 16, 3, 4],
    [84, 337, 519, 84, 74],
    [60, 231, 357, 80, 54],
    [2, 17, 82, 14, 1],
    [2, 10, 61, 14, 3],
    [6, 31, 37, 8, 14],
    [1, 4, 1, 4, 1],
    [23, 225, 301, 60, 63],
    [0, 4, 6, 1, 0],
    [0, 11, 14, 2, 1],
    [6, 123, 40, 25, 23],
    [3, 33, 13, 5, 1],
    [6, 13, 23, 5, 6],
    [6, 44, 46, 15, 4],
    [12, 47, 90, 24, 17],
    [1, 3, 24, 2, 2],
    [16, 106, 195, 32, 32],
    [0, 1, 18, 3, 9],
    [30, 95, 78, 28, 16],
    [27, 102, 164, 29, 24],
    [10, 14, 46, 8, 6],
    [21, 21, 29, 9, 9],
    [2, 7, 0, 0, 0],
    [56, 317, 579, 107, 68],
    [6, 50, 113, 14, 18],
    [0, 14, 41, 8, 4],
    [22, 48, 69, 27, 10],
    [0, 15, 4, 3, 9],
    [25, 100, 304, 46, 64],
    [5, 6, 7, 0, 3],
    [36, 51, 30, 22, 17],
    [0, 8, 14, 5, 2],
    [4, 11, 24, 9, 4],
    [12, 109, 171, 41, 17],
    [6, 10, 24, 9, 8],
    [28, 88, 43, 18, 19],
    [2, 12, 4, 0, 4],
    [1, 15, 73, 5, 9],
    [14, 123, 247, 55, 45],
    [63, 185, 249, 56, 40],
    [2, 4, 14, 0, 0],
    [12, 32, 26, 16, 8],
    [34, 191, 257, 68, 36],
    [1, 9, 49, 2, 9],
    [7, 16, 40, 3, 11],
    [12, 39, 87, 20, 13],
    [5, 23, 80, 16, 14],
    [2, 16, 23, 9, 2],
    [0, 15, 22, 4, 8],
    [0, 4, 0, 2, 4],
    [0, 15, 6, 4, 8],
    [18, 129, 182, 68, 30],
    [11, 23, 36, 4, 2],
    [6, 42, 49, 11, 3],
    [10, 35, 71, 15, 14],
    [15, 71, 115, 50, 15],
    [6, 37, 49, 20, 8],
    [6, 23, 56, 13, 3],
    [4, 20, 37, 11, 9],
    [3, 31, 70, 8, 7],
    [4, 11, 59, 12, 5],
    [2, 1, 1, 4, 0],
    [2, 13, 0, 4, 7],
    [29, 52, 33, 13, 10],
    [9, 34, 68, 9, 8],
    [4, 22, 43, 6, 6],
    [71, 266, 595, 82, 90],
    [9, 41, 40, 14, 8],
    [23, 49, 105, 15, 9],
    [11, 15, 23, 9, 3],
    [6, 53, 80, 23, 10],
    [4, 14, 5, 4, 13],
    [5, 62, 70, 17, 9],
    [147, 618, 1103, 218, 190],
    [33, 94, 152, 29, 22],
    [151, 631, 702, 165, 160],
    [36, 84, 128, 24, 22]
  ],
  "method": "mult",
  "cond_prob": [
    [
      [0.0028700516429, 0.79625592953, 0.11995241384, 0.026150394465, 0.054771210516],
      [0.0032975244757, 0.08460288756, 0.69486753481, 0.13076618572, 0.086465867435],
      [0, 0.0641075539, 0.102514286, 0.81988879401, 0.013489366089],
      [0.54557476335, 0.024338532342, 0.073586654299, 0.23270292999, 0.12379712002],
      [0.046441819873, 0.026208597806, 0.14244527267, 0.31363171955, 0.4712725901]
    ],
    [
      [0.005607496448, 0.83486054836, 0.08927245106, 0.042841024214, 0.027418479924],
      [0.036840103695, 0.094306187025, 0.53075386877, 0.31042779594, 0.027672044569],
      [0.0059166978479, 0.012798326218, 0, 0.98128497593, 0],
      [0.67549533328, 0.015065103363, 0.03392387933, 0.23691883279, 0.038596851233],
      [0.09271179716, 0.026637296679, 0.10815378806, 0.52422784565, 0.24826927245]
    ],
    [
      [0.0039117279026, 0.8183943776, 0.10978501857, 0.023108562294, 0.044800313632],
      [0.025045472319, 0.092756719903, 0.69183074432, 0.12559362692, 0.064773436547],
      [0.020923861839, 0.049871354527, 0.095522504418, 0.81002219551, 0.023660083708],
      [0.6498893162, 0.021522050297, 0.059130364916, 0.18054283601, 0.088915432578],
      [0.07166756055, 0.029905521791, 0.14768857248, 0.31389779559, 0.43684054959]
    ],
    [
      [0.0022528416224, 0.86996837578, 0.048053247973, 0.021721901337, 0.058003633287],
      [0.0021651241163, 0.091286394615, 0.45645021022, 0.2419489967, 0.20814927435],
      [0.0061543500426, 0.024136915772, 0.013745882992, 0.94564178688, 0.010321064312],
      [0.59844012711, 0.016710628747, 0.031268306199, 0.21181266043, 0.14176827751],
      [0.039039533926, 0.017622032185, 0.05966404982, 0.28519575071, 0.59847863336]
    ],
    [
      [0.0033050995736, 0.83323358195, 0.094149438576, 0.033304819354, 0.036007060541],
      [0.0058941843236, 0.099426614528, 0.63232681814, 0.20740856116, 0.054943821856],
      [0, 0.037800266283, 0.00088803481087, 0.96001227161, 0.0012994272946],
      [0.58502653043, 0.022440428125, 0.051945620695, 0.26711463095, 0.073472789805],
      [0.058908765754, 0.029451535339, 0.1227504555, 0.438952881, 0.34993636241]
    ],
    [
      [0.0070066403552, 0.79306674262, 0.10025922061, 0.035187140986, 0.064480255427],
      [0.042383486016, 0.078719378488, 0.5908382106, 0.18069076833, 0.10736815657],
      [0.062973255806, 0.013817337432, 0, 0.91513611695, 0.0080732898101],
      [0.71834776321, 0.011361422371, 0.03178112456, 0.16264801675, 0.075861673116],
      [0.089954793641, 0.018665198293, 0.094124755002, 0.33482353576, 0.4624317173]
    ],
    [
      [0.0045751457853, 0.79622427303, 0.11276105191, 0.038239785268, 0.048199744007],
      [0.02644133744, 0.083617705766, 0.63419123937, 0.19284400816, 0.062905709263],
      [0.003970802649, 0.021207163461, 0, 0.96946706244, 0.0053549714528],
      [0.61307697414, 0.017486600602, 0.049333695633, 0.24246839284, 0.077634336787],
      [0.066933685269, 0.023906953996, 0.12120650154, 0.41470658875, 0.37324627044]
    ],
    [
      [0.0054578521236, 0.78862054748, 0.12805257, 0.035716395951, 0.042152634446],
      [0.041330540811, 0.074986401592, 0.68370779034, 0.14750369654, 0.052471570714],
      [0.010066944898, 0.024807294072, 0.025080026279, 0.93489522456, 0.0051505101943],
      [0.66707554558, 0.015390102561, 0.050732241037, 0.20525667639, 0.061545434437],
      [0.083395482379, 0.024247569298, 0.14365788257, 0.4047335941, 0.34396547165]
    ],
    [
      [0.0067314124712, 0.75630358416, 0.1516700858, 0.050319984728, 0.034974932838],
      [0.030617573554, 0.062724897152, 0.66419497502, 0.21012360131, 0.032338952957],
      [0.012834922489, 0.0034250623038, 0, 0.98374001521, 0],
      [0.66190928173, 0.012295095977, 0.048950806299, 0.23530281883, 0.041541997163],
      [0.089493200874, 0.020720527873, 0.14823392916, 0.4960215515, 0.24553079059]
    ],
    [
      [0.0037577884625, 0.84370179956, 0.10992272147, 0.028676845595, 0.01394084491],
      [0.0064823356885, 0.11007780391, 0.7312504159, 0.13638286149, 0.015806583014],
      [0.0084940020457, 0.03046900626, 0.026304787736, 0.93265681781, 0.0020753861477],
      [0.66407844256, 0.021176291104, 0.059694183454, 0.22699730958, 0.028053773303],
      [0.088633782618, 0.037319344455, 0.18939169064, 0.50182804876, 0.18282713354]
    ],
    [
      [0.0024440296934, 0.81926646146, 0.088444023358, 0.027037746494, 0.062807738999],
      [0, 0.093603754545, 0.62585376103, 0.15684233376, 0.12370015066],
      [0, 0.029895419821, 0.022273421821, 0.93215107283, 0.015680085529],
      [0.47261621401, 0.049711725352, 0.057397954102, 0.25624002702, 0.16403407951],
      [0.037604091477, 0.022702999409, 0.099506785675, 0.30977882877, 0.53040729467]
    ],
    [
      [0.0064272320963, 0.74665797706, 0.1637933077, 0.041898472503, 0.041223010645],
      [0.028341880913, 0.056415061109, 0.71745194092, 0.15675808181, 0.041033035248],
      [0.016579490975, 0.0097735660715, 0.043112567982, 0.92734910727, 0.0031852677001],
      [0.68225930913, 0.011670145522, 0.054164581056, 0.20149109902, 0.050414865271],
      [0.08765085123, 0.019557868197, 0.16338364939, 0.42286166536, 0.30654596582]
    ],
    [
      [0.0063244808727, 0.8017196944, 0.1139082112, 0.015946702572, 0.062100910954],
      [0.095282621826, 0.067073016646, 0.71987746477, 0.0077510462412, 0.11001585052],
      [0.023251172793, 0.039753910677, 0.044242542356, 0.87771162128, 0.015040752899],
      [0.77903215599, 0.01132877156, 0.041248992622, 0.084978003074, 0.083412076753],
      [0.10188778448, 0.020363002448, 0.13349569671, 0.19291613922, 0.55133737714]
    ],
    [
      [0.0049170193512, 0.71755459699, 0.15088216959, 0.043595973833, 0.083050240235],
      [0.021969957573, 0.056565455169, 0.67237544454, 0.16528698502, 0.083802157694],
      [0.0025549052777, 0.0059049175589, 0.026176362194, 0.95077715207, 0.014586662897],
      [0.57874794817, 0.01308362334, 0.056409282051, 0.23693717832, 0.11482196812],
      [0.051882375617, 0.01502672747, 0.11670676479, 0.34060002142, 0.4757841107]
    ],
    [
      [0.0043381245877, 0.8182091135, 0.11365810306, 0.029469322519, 0.034325336332],
      [0.026521692274, 0.090426438609, 0.68273345898, 0.15292989361, 0.047388516524],
      [0.010625058547, 0.050489296493, 0.050094358077, 0.88321252546, 0.0055787614243],
      [0.65351394339, 0.019987090397, 0.055600056745, 0.20904401989, 0.061854889575],
      [0.079671473457, 0.030656860631, 0.15328439922, 0.40124393968, 0.33514332701]
    ],
    [
      [0.0096777255741, 0.63306568147, 0.21330349278, 0.11238185281, 0.031571247366],
      [0.042182037158, 0, 0.73091077465, 0.20769374451, 0.019213443681],
      [0.033232243792, 0, 0.019786530703, 0.94698122551, 0],
      [0.72330776923, 0, 0.050445606286, 0.19866180861, 0.027584815878],
      [0.11176689396, 0.015858894332, 0.18069916878, 0.49484626172, 0.19682878121]
    ],
    [
      [0.011527396246, 0.65633899259, 0.20531438002, 0.049075200979, 0.077744030162],
      [0.13150018776, 0.019091851284, 0.71188510493, 0.066921072142, 0.070601783878],
      [0.015458231264, 0.015140407801, 0.029240485484, 0.93324831724, 0.0069125582146],
      [0.7409553909, 0.0068346131933, 0.043032906919, 0.14916514263, 0.060011946359],
      [0.10915709183, 0.01262223237, 0.14283348475, 0.34474953265, 0.3906376584]
    ],
    [
      [0.0082068357937, 0.7459664276, 0.15341443995, 0.041464327371, 0.050947969281],
      [0.088833289754, 0.051296812913, 0.68079756131, 0.12437619754, 0.054696138483],
      [0.013062795996, 0.020483949189, 0.02593812984, 0.93513671772, 0.0053784072593],
      [0.7196666977, 0.010638945069, 0.043916675511, 0.172080722, 0.053696959725],
      [0.1042429798, 0.019300829691, 0.14317400311, 0.3906241576, 0.3426580298]
    ],
    [
      [0, 0.88877677459, 0.066413683924, 0.013790091067, 0.031019450422],
      [0, 0.21644523878, 0.70456547931, 0.01037622887, 0.068613053041],
      [0, 0.059695119393, 0.030007117008, 0.90205740441, 0.0082403591895],
      [0.48184439139, 0.14706396093, 0.064460334494, 0.19815519126, 0.10847612193],
      [0.036311217218, 0.03916185934, 0.12872655723, 0.27778304269, 0.51801732352]
    ],
    [
      [0.0058588687874, 0.7327996272, 0.19715205211, 0.046253243825, 0.017936208074],
      [0.011520581431, 0.049097098511, 0.77118250932, 0.15246627951, 0.01573353123],
      [0, 0.0030906077341, 0.059734871817, 0.93705987732, 0.00011464312916],
      [0.65536948138, 0.012377909578, 0.069975728467, 0.23872032483, 0.023556555739],
      [0.088885775213, 0.021544188639, 0.21919461254, 0.52038513339, 0.14999029021]
    ],
    [
      [0.0039475361457, 0.80954282537, 0.10390096064, 0.031523722257, 0.051084955584],
      [0.02483939895, 0.092336549213, 0.6418505567, 0.16838070058, 0.072592794557],
      [0.0030098277991, 0.037894407125, 0.019875767681, 0.92311771973, 0.016102277664],
      [0.60456947291, 0.020301306403, 0.052044925622, 0.22887757582, 0.094206719249],
      [0.062024387837, 0.026039806343, 0.11997081791, 0.36727978996, 0.42468519796]
    ],
    [
      [0.005227173122, 0.71031693896, 0.16966115611, 0.042663805943, 0.07213092587],
      [0.02092202515, 0.054614701189, 0.70180955788, 0.15279367569, 0.069860040096],
      [0, 0.011570855683, 0.062912074687, 0.90735696856, 0.018160101067],
      [0.59385531331, 0.013335489686, 0.063274961276, 0.23053822938, 0.09899600635],
      [0.058819360641, 0.016461693835, 0.14034755912, 0.35597923499, 0.42839215142]
    ],
    [
      [0.0041186643258, 0.85243144148, 0.088527669634, 0.030076156412, 0.024846068144],
      [0.02987816466, 0.11371971645, 0.63110369516, 0.18516583942, 0.04013258431],
      [0.0057950605769, 0.070789569131, 0, 0.92341537029, 0],
      [0.65834017859, 0.022253431545, 0.045891356501, 0.22606445979, 0.047450573567],
      [0.086054668003, 0.036632390239, 0.13581593918, 0.46562681441, 0.27587018817]
    ],
    [
      [0.0044306595818, 0.88531805173, 0.051272937529, 0.020997318942, 0.037981032222],
      [0.045666006315, 0.16862429671, 0.50441938019, 0.18308012488, 0.098210191904],
      [0.036221211297, 0.054025745082, 0, 0.90228397203, 0.0074690715948],
      [0.76685383482, 0.015824629374, 0.022174287829, 0.13350027241, 0.061646975567],
      [0.092763388305, 0.030353688598, 0.077015047292, 0.32184218387, 0.47802569194]
    ],
    [
      [0.0041390532912, 0.78596536474, 0.11551657088, 0.04020082962, 0.054178181466],
      [0.0042775891639, 0.05926979968, 0.63815969304, 0.22886808821, 0.069424829904],
      [0, 0, 0, 0.99428128025, 0.0057187197459],
      [0.60638993894, 0.014568964443, 0.04823190867, 0.24646955964, 0.084339628312],
      [0.055360252491, 0.018742478892, 0.1121260596, 0.39916256921, 0.41460863981]
    ],
    [
      [0.0057375279854, 0.71685318656, 0.16503717451, 0.043862722234, 0.068509388712],
      [0.024565737517, 0.055316835578, 0.69445931084, 0.15942446948, 0.066233646585],
      [0.0070911517544, 0.0011949262714, 0.047097952168, 0.92585518249, 0.018760787316],
      [0.61853797675, 0.012496522226, 0.057802502852, 0.22279270668, 0.088370291496],
      [0.065085123534, 0.016537044767, 0.13748704095, 0.36896237803, 0.41192841272]
    ],
    [
      [0.0040905137777, 0.81299164977, 0.11329811298, 0.039188136148, 0.030431587326],
      [0.016368879036, 0.087675781696, 0.64257903149, 0.21634647843, 0.037029829346],
      [0, 0.022836339933, 0, 0.97716366007, 0],
      [0.59862617952, 0.019836049704, 0.054519652432, 0.27314213038, 0.05387598796],
      [0.069099361524, 0.028495249346, 0.14071860702, 0.49076499352, 0.27092178859]
    ],
    [
      [0.0033437114751, 0.80903491306, 0.11153346711, 0.042045459838, 0.034042448511],
      [0.00042887743759, 0.086497198482, 0.60939424399, 0.26474984326, 0.038929836827],
      [0, 0.016053841496, 0, 0.9839461585, 0],
      [0.53547511865, 0.021391281007, 0.058420975745, 0.31908493529, 0.065627689309],
      [0.053626329387, 0.02678454416, 0.1314478844, 0.49975506338, 0.28838617867]
    ],
    [
      [0, 0.83645450903, 0.13582174944, 0, 0.027723741532],
      [0, 0.2182717495, 0.7422508521, 0, 0.039477398403],
      [0.0057291472828, 0.078108885254, 0.035405548293, 0.87527954534, 0.0054768738327],
      [0.64272007603, 0.026516550287, 0.070845961925, 0.19488846496, 0.065028946799],
      [0.071018328591, 0.038823551355, 0.18666349992, 0.35809852552, 0.34539609461]
    ],
    [
      [0.0059861482507, 0.71421534317, 0.16365376802, 0.032673538523, 0.083471202035],
      [0.025000874249, 0.011008567682, 0.73589043591, 0.11566081951, 0.11243930265],
      [0.027089853198, 0, 0.08007046555, 0.85723676363, 0.035602917626],
      [0.71147425783, 0.0087184905758, 0.047569795043, 0.14077599016, 0.091461466391],
      [0.064547434216, 0.012732937375, 0.12655136963, 0.25930618509, 0.53686207369]
    ],
    [
      [0.0049086230092, 0.79493802586, 0.13937411218, 0.031705857454, 0.029073381493],
      [0.025892925763, 0.076682561693, 0.72084025901, 0.14195153721, 0.034632716325],
      [0.012022060994, 0.039876073907, 0.076176162211, 0.86910156053, 0.002824142361],
      [0.66780040455, 0.0178907861, 0.062070794002, 0.2045851064, 0.047652908949],
      [0.088203730362, 0.029522623608, 0.18405449196, 0.4222997444, 0.27591940967]
    ],
    [
      [0.0038627852749, 0.81139882636, 0.11488674788, 0.030980557484, 0.038871083009],
      [0.022299259403, 0.088884792963, 0.67722525771, 0.15795730605, 0.053633383883],
      [0, 0.049071365973, 0.041953004944, 0.90328119065, 0.0056944384321],
      [0.61237770967, 0.021192738832, 0.059546912508, 0.23271290653, 0.074169732452],
      [0.067164577548, 0.029070120097, 0.1467923117, 0.39934465313, 0.35762833752]
    ],
    [
      [0.0052029158587, 0.87907959972, 0.043370767365, 0.032150245105, 0.040196471948],
      [0.05227816321, 0.13996831391, 0.32963395214, 0.38675718184, 0.091362388903],
      [0.025813181498, 0.019643497623, 0, 0.95363067275, 0.00091264813134],
      [0.70668053142, 0.016040160273, 0.018158417343, 0.19633721775, 0.062783673218],
      [0.090657071066, 0.027050415188, 0.055263436051, 0.41439120475, 0.41263787294]
    ],
    [
      [0.0184507072, 0.5, 0.18563373335, 0.084022293608, 0.21189326584],
      [0.10754921799, 0, 0.54221379008, 0.21621773295, 0.13401925898],
      [0.06307244011, 0, 0, 0.9278379667, 0.0090895931936],
      [0.76754907768, 0, 0, 0.15178013685, 0.080670785468],
      [0.098166823824, 0, 0.068864877502, 0.31558006628, 0.51738823239]
    ],
    [
      [0.0072684719659, 0.72821847993, 0.20191220452, 0.041685898407, 0.020914945182],
      [0.027839424129, 0.040559273795, 0.78756376361, 0.1354981474, 0.0085393910621],
      [0.020265492129, 0, 0.10127167996, 0.87846282792, 0],
      [0.72394834087, 0.010137246299, 0.060523428592, 0.18219039385, 0.023200590385],
      [0.11085407746, 0.020875261598, 0.22448646527, 0.47062816117, 0.17315603449]
    ],
    [
      [0.025992036361, 0, 0.78722836201, 0, 0.18677960163],
      [0.071366960227, 0, 0.92603697701, 0, 0.002596062763],
      [0.054847080773, 0, 0.073922790309, 0.85974424297, 0.011485885951],
      [0.88409643669, 0, 0.058647431604, 0, 0.057256131709],
      [0.097307295212, 0, 0.20011121323, 0.14025575703, 0.56232573453]
    ],
    [
      [0.005613997562, 0.76568338431, 0.15285854161, 0.037960599945, 0.037883476573],
      [0.026697616365, 0.06598099578, 0.71341768399, 0.15322237483, 0.040681329033],
      [0.012831259267, 0.020524356311, 0.059191170439, 0.9048003233, 0.002652890687],
      [0.66150626702, 0.014726470509, 0.058741179105, 0.21143085074, 0.053595232626],
      [0.084306814496, 0.02352601, 0.16863907296, 0.42255751601, 0.30097058654]
    ],
    [
      [0, 1, 0, 0, 0],
      [0, 0.1922731129, 0.47387751298, 0.33384937412, 0],
      [0, 0.021658366799, 0, 0.9783416332, 0],
      [0, 0.10095734762, 0.10448994808, 0.7945527043, 0],
      [0, 0.077760320356, 0.14666249185, 0.77557718779, -0]
    ],
    [
      [0.00080710862832, 0.92804411788, 0.051019594731, 0.008739694594, 0.011389484164],
      [0, 0.097660394258, 0.76149203223, 0.10456619652, 0.036281376991],
      [0, 0.044404998033, 0.15816110377, 0.79354146309, 0.0038924351023],
      [0.47927229506, 0.13337644587, 0.1119431506, 0.206372975, 0.069035133481],
      [0.041455409885, 0.037312798975, 0.18544589144, 0.32744540499, 0.40834049471]
    ],
    [
      [0.0064440780655, 0.66836880593, 0.18664228044, 0.038414563933, 0.10013027163],
      [0.025748735113, 0.038059999727, 0.74815752828, 0.081155113111, 0.10687862377],
      [0.010865462522, 0.01893481442, 0.033406431138, 0.92561109677, 0.011182195149],
      [0.63706951991, 0.010270043822, 0.059091953924, 0.17671058106, 0.11685790128],
      [0.062299331045, 0.01279406633, 0.13231366285, 0.27587936115, 0.51671357863]
    ],
    [
      [0.0051797995233, 0.87523960924, 0.0943033494, 0.014590199791, 0.010687042048],
      [0.062797253388, 0.13746144983, 0.78042121477, 0, 0.019320082015],
      [0.046809747401, 0.054009188709, 0.040716619111, 0.85561131916, 0.0028531256161],
      [0.82693323396, 0.017145560994, 0.042235826595, 0.095857982911, 0.017827395536],
      [0.16895835358, 0.050206069727, 0.22269468305, 0.35399233696, 0.20414855669]
    ],
    [
      [0, 0.72155786179, 0.14504949324, 0.036738037293, 0.096654607672],
      [0, 0.040033064438, 0.6872911313, 0.14420025351, 0.12847555075],
      [0, 0, 0.052952012635, 0.91611013804, 0.030937849325],
      [0.55592670153, 0.013615762648, 0.06057431572, 0.22516922406, 0.14471399604],
      [0.036727748721, 0.013690696388, 0.11235841074, 0.28476486423, 0.55245827993]
    ],
    [
      [0.0056248895854, 0.79470444665, 0.12311399164, 0.022120130511, 0.054436541612],
      [0.032599877801, 0.078411477601, 0.70886331942, 0.10887043762, 0.071254887557],
      [0.071608105966, 0.053486740173, 0.12512938292, 0.71936831974, 0.030407451202],
      [0.72529500112, 0.014978309852, 0.04943530347, 0.12934063993, 0.080950745622],
      [0.089614536994, 0.024150902488, 0.14346220736, 0.26148191361, 0.48129043955]
    ],
    [
      [0.010715296561, 0.68963964319, 0.19046619475, 0.055786642426, 0.053392223068],
      [0.066973513532, 0.0065598646528, 0.69659739088, 0.1854017693, 0.044467461631],
      [0.047360070548, 0, 0.0056806322919, 0.94523793802, 0.0017213591435],
      [0.73195724906, 0.0072860697055, 0.041442856319, 0.17641238752, 0.042901437392],
      [0.11142829285, 0.014184998238, 0.14520251962, 0.43008031834, 0.29910387095]
    ],
    [
      [0.0056252881206, 0.83812512777, 0.041402524608, 0.038660936557, 0.076186122943],
      [0.049821781396, 0.042898415772, 0.29037227797, 0.46510045284, 0.15180707203],
      [0.0094580664851, 0, 0, 0.98476062574, 0.0057813077721],
      [0.74661578682, 0.0064349859077, 0.011201323152, 0.15635016843, 0.079397735686],
      [0.062342099206, 0.010154826548, 0.032538997596, 0.30954117511, 0.58542290154]
    ],
    [
      [0.0058698798003, 0.73100703852, 0.15929484215, 0.05514659874, 0.048681640787],
      [0.021388373225, 0.050630668687, 0.65462213437, 0.22958021921, 0.043778604515],
      [0, 0, 0, 1, 0],
      [0.60780505674, 0.012075497186, 0.05318011619, 0.26704521876, 0.059894111132],
      [0.068411017055, 0.01720689353, 0.13623664264, 0.47614700576, 0.30199844102]
    ],
    [
      [0.00028431187879, 0.9960115357, 0.0023830314248, 0.00074526599295, 0.00057585500217],
      [0.063368442247, 0.10070170599, 0.66633281132, 0.14075510206, 0.028841938377],
      [0.12579915987, 0.031450601137, 0.0085599584802, 0.83419028051, 0],
      [0.87116113176, 0.0090587735347, 0.018072298151, 0.085046351043, 0.01666144551],
      [0.22875147608, 0.034001239215, 0.12504122684, 0.39874231063, 0.21346374723]
    ],
    [
      [0.0062551431104, 0.72771183012, 0.16228001966, 0.033545653668, 0.070207353442],
      [0.050392562563, 0.038362075627, 0.7858084722, 0.037392160544, 0.088044729065],
      [0.012067057428, 0.024180911095, 0.033224533342, 0.92156041139, 0.0089670867452],
      [0.6737557591, 0.012511056241, 0.056051913925, 0.16825380364, 0.089427467094],
      [0.076166283059, 0.017989204479, 0.14492671004, 0.30303478425, 0.45788301817]
    ],
    [
      [0.0051251194703, 0.8163310627, 0.10787282319, 0.02897835053, 0.041692644112],
      [0.032023432381, 0.091900778049, 0.6635955834, 0.15366327537, 0.058816930801],
      [0.027652704504, 0.051188670572, 0.035356076068, 0.87475185516, 0.0110506937],
      [0.68807505142, 0.017544578722, 0.046564689866, 0.18147565384, 0.066340026151],
      [0.087750485064, 0.02839363289, 0.13549632443, 0.36757634337, 0.38078321425]
    ],
    [
      [0.005197482378, 0.78546489448, 0.11238368229, 0.034577487444, 0.062376453411],
      [0.029452355785, 0.076073102126, 0.64853373182, 0.16618617843, 0.079754631841],
      [0.017551741994, 0.018447753305, 0.017530257879, 0.92975337761, 0.016716869213],
      [0.66443081688, 0.014075889937, 0.04251121141, 0.19117973698, 0.087802344792],
      [0.068810921407, 0.019853975647, 0.10836822967, 0.33825422695, 0.46471264633]
    ],
    [
      [0, 0.90473307401, 0, 0.026897728542, 0.068369197446],
      [0.012396755092, 0.27249178294, 0.30690714358, 0.25683249636, 0.15137182202],
      [0, 0.096103840452, 0, 0.89439600671, 0.0095001528372],
      [0.58819836794, 0.025600485919, 0.020266847191, 0.23410294611, 0.13183135285],
      [0.049542536849, 0.028984695295, 0.041394262233, 0.33302828526, 0.54705022036]
    ],
    [
      [0, 0.5, 0.17850607036, 0.06139805649, 0.26009587315],
      [0, 0, 0.6632839799, 0.125314841, 0.2114011791],
      [0, 0.0040819926846, 0.0084037103874, 0.97968422534, 0.007830071585],
      [0, 0.012866784573, 0.087167058219, 0.34838809197, 0.55157806524],
      [0, 0.0017387662143, 0.021465776186, 0.071707699547, 0.90508775805]
    ],
    [
      [0.0046792752504, 0.81714708518, 0.11674337776, 0.037625231116, 0.023805030695],
      [0.027301357849, 0.087046923688, 0.66795759118, 0.18928239775, 0.028411729534],
      [0.002563563413, 0.025195891453, 0.0044192299699, 0.96782131516, 0],
      [0.64352602758, 0.01858359439, 0.052630905493, 0.24576082399, 0.039498648553],
      [0.084438852661, 0.030426803967, 0.15484666768, 0.50331643123, 0.22697124447]
    ],
    [
      [0.0057507573586, 0.78376086051, 0.11017157556, 0.045042097194, 0.055274709371],
      [0.032106247436, 0.075720511744, 0.55890391181, 0.26362834778, 0.069640981229],
      [0.0088118503469, 0.008651541405, 0, 0.97943461092, 0.0031019973252],
      [0.64600321909, 0.013166652334, 0.038764063212, 0.23024553171, 0.071820533656],
      [0.073355495977, 0.01941399657, 0.10283767062, 0.42493230831, 0.37946052852]
    ],
    [
      [0.0040859305218, 0.92139947038, 0.051715176109, 0.015771571311, 0.0070278516806],
      [0.051960759361, 0.13938762243, 0.63305147146, 0.15980325747, 0.015796889287],
      [0.07784302041, 0.041366469352, 0.0071354679271, 0.87365504231, 0],
      [0.8030134811, 0.018348167744, 0.029917872992, 0.13354052486, 0.0151799533],
      [0.16421942083, 0.051440675166, 0.15134555765, 0.46864336545, 0.1643509809]
    ],
    [
      [0.0034211643079, 0.73722144547, 0.18057483124, 0.038355474287, 0.04042708469],
      [0, 0.055415140155, 0.76884042742, 0.13726718481, 0.038477247613],
      [0, 0.0059896309638, 0.082231170462, 0.91112127594, 0.00065792263115],
      [0.46020184269, 0.018214733422, 0.16728354793, 0.27945674574, 0.07484313022],
      [0.049928463261, 0.021611913323, 0.19324066406, 0.41546545196, 0.31975350739]
    ],
    [
      [0.0011377783285, 0.94697027228, 0.033178448358, 0.0040022218578, 0.014711279179],
      [0.0086605793849, 0.17801787922, 0.74731073397, 0, 0.066010807422],
      [0.015048849716, 0.11099345125, 0.046174918573, 0.81499896216, 0.012783818302],
      [0.71865527417, 0.039815644132, 0.054392351159, 0.097341553375, 0.089795177159],
      [0.072658898649, 0.085145674923, 0.16027358474, 0.16088661014, 0.52103523155]
    ],
    [
      [0.0048010010281, 0.75104195856, 0.15226640482, 0.044735673184, 0.047154962404],
      [0.015119912854, 0.062532524288, 0.69113555227, 0.18210979089, 0.0491022197],
      [0, 0.0098159462313, 0.022386546105, 0.96592543296, 0.0018720747042],
      [0.59360301074, 0.015041830766, 0.061141713914, 0.2604685413, 0.069744903281],
      [0.063472581171, 0.020230105274, 0.14783993432, 0.43824600878, 0.33021137045]
    ],
    [
      [0, 0.39728598284, 0.19113450279, 0.031902540622, 0.37967697375],
      [0, 0, 0.6934839788, 0.091055144898, 0.21546087631],
      [0, 0, 0.09639623832, 0.70409990929, 0.19950385239],
      [-0, 0.013826304115, 0.11654212277, 0.29184324791, 0.57778832521],
      [0, 0.004523361934, 0.069549981675, 0.12181902082, 0.80410763557]
    ],
    [
      [0.0040615199717, 0.8469676839, 0.10453125105, 0.02921128262, 0.015228262456],
      [0.0046621962802, 0.2034875975, 0.67235110183, 0.10916190388, 0.010337200513],
      [0.0090134118746, 0.032373149555, 0.024593990411, 0.93178332651, 0.0022361216477],
      [0.67059980007, 0.022118872146, 0.05480756793, 0.22299820925, 0.029475550608],
      [0.093671488999, 0.039616837251, 0.17666956247, 0.50127507818, 0.1887670331]
    ],
    [
      [0.0010731936878, 0.95426896137, 0.020513097745, 0.0067239659649, 0.017420781228],
      [0.028108045925, 0.14525772538, 0.57370475329, 0.149807531, 0.10312194441],
      [0.0245634854, 0.046733338142, 0.0061557884266, 0.88950647516, 0.033040912869],
      [0.66416553945, 0.024621200735, 0.034304463686, 0.16667789953, 0.1102308966],
      [0.055209569864, 0.030282729627, 0.07632930865, 0.25752980107, 0.58064859079]
    ],
    [
      [0.0051777694658, 0.82995621217, 0.080857678217, 0.031507176692, 0.052501163457],
      [0.055236307349, 0.092354901709, 0.54853155603, 0.20547209565, 0.098405139263],
      [0.03444531493, 0.018747032926, 0, 0.93977299145, 0.0070346606954],
      [0.69262764757, 0.014184562169, 0.032035759311, 0.18338843206, 0.077763598886],
      [0.077838288704, 0.021670345695, 0.088600084262, 0.35218263944, 0.4597086419]
    ],
    [
      [0.0084907572292, 0.71018966801, 0.1893953276, 0.043071642836, 0.048852604327],
      [0.033268789764, 0.049648513021, 0.73060462676, 0.14324914876, 0.043228921698],
      [0.047121538551, 0.0080529174458, 0.064793588113, 0.87268676544, 0.0073451904517],
      [0.71832130189, 0.0095719182907, 0.051829664485, 0.17099072316, 0.04928639218],
      [0.10369743291, 0.017443443026, 0.16980187888, 0.38993685481, 0.31912039038]
    ],
    [
      [0.0040370021074, 0.77668367183, 0.11102424682, 0.032368631107, 0.075886448138],
      [0.017188485725, 0.071916845747, 0.65190370917, 0.15610350422, 0.10288745514],
      [0, 0.014174643973, 0.023524527843, 0.9146074166, 0.04769341158],
      [0.60009235404, 0.015507036768, 0.049102270308, 0.21020831473, 0.12509002415],
      [0.050382742966, 0.017621840665, 0.1010385408, 0.30028754251, 0.53066933307]
    ],
    [
      [0.006480115801, 0.81461290127, 0.10960148913, 0.034067750684, 0.035237743123],
      [0.070327944771, 0.093862303804, 0.62209012714, 0.16769253744, 0.046027086843],
      [0.01242010985, 0.026829098866, 0.022289656108, 0.9339901859, 0.0044709492793],
      [0.72521357375, 0.014339759306, 0.038848567699, 0.17553188952, 0.046066209726],
      [0.10746255614, 0.027325742689, 0.13313145709, 0.41936882534, 0.31271141875]
    ],
    [
      [0.0069149714743, 0.75731736096, 0.092774338047, 0.027439510833, 0.11555381868],
      [0.053466802912, 0.030229943568, 0.53995965454, 0.11985213855, 0.25649146043],
      [0.014672251689, 0.020193066287, 0.020562540234, 0.92867937616, 0.015892765625],
      [0.9790473571, 0.00060318242732, 0.0020140411879, 0.0089232806316, 0.0094121386537],
      [0.071469853838, 0.010458422529, 0.063171327119, 0.19804445276, 0.65685594375]
    ],
    [
      [0.0014733701699, 0.92881228124, 0.023058499533, 0.019257301066, 0.027398547988],
      [0, 0.22850778244, 0.29427864556, 0.38226721418, 0.094946357823],
      [0, 0.041539877615, 0, 0.95846012239, 0],
      [0.53657904584, 0.040203935257, 0.024038184825, 0.29300203034, 0.10617680373],
      [0.035070155623, 0.045571137771, 0.049174543664, 0.42379282227, 0.44639134067]
    ],
    [
      [0.0072682641659, 0.64702049185, 0.21117120362, 0.057453547984, 0.077086492379],
      [0.024825444057, 0.039672817043, 0.70947967269, 0.1665646708, 0.059457395416],
      [0.0065537375824, 9.3998199163e-05, 0.032627806949, 0.95201677264, 0.0087076846266],
      [0.62156378757, 0.0089214567639, 0.058748107958, 0.23176862866, 0.078998019051],
      [0.06755407075, 0.012179087568, 0.14416420344, 0.39583952002, 0.38026311822]
    ],
    [
      [0.004464456087, 0.81422738944, 0.1219549792, 0.029436151077, 0.029917024197],
      [0.02613939109, 0.086875349659, 0.70114232113, 0.14628822632, 0.039554711803],
      [0.0097350126717, 0.061255821801, 0.06232319013, 0.86347511694, 0.0032108584619],
      [0.66205967693, 0.019801530315, 0.058888868142, 0.20605339751, 0.053196527102],
      [0.084589796294, 0.03175373631, 0.16973139859, 0.41344765588, 0.30047741293]
    ],
    [
      [0, 0.89795280535, 0.033148362263, 0.014338863533, 0.054559968856],
      [0, 0.17939789971, 0.48342581887, 0.16309927034, 0.17407701108],
      [0, 0.10617877075, 0, 0.87992322797, 0.013898001285],
      [5.5511151231e-17, 0.060971270862, 0.066168582067, 0.42988638814, 0.44297375893],
      [0, 0.003117074541, 0.006224623418, 0.027771205329, 0.96288709671]
    ],
    [
      [0.0069684333105, 0.71966463549, 0.1779797143, 0.032319517957, 0.063067698939],
      [0.078881560449, 0.013720248466, 0.83289393977, 0, 0.074504251316],
      [0.013680071189, 0.023439136506, 0.038770108117, 0.91594310674, 0.0081675774482],
      [0.70879967151, 0.01096461944, 0.056468975654, 0.14967151286, 0.074095220542],
      [0.086961533862, 0.017515620368, 0.16251386679, 0.30036260044, 0.43264637854]
    ],
    [
      [0.0037217498849, 0.80389723406, 0.1242686712, 0.03365609194, 0.034456252911],
      [0.0060331269789, 0.082557659164, 0.70567920466, 0.16168970083, 0.044040308365],
      [0, 0.036749767673, 0.034614258503, 0.92659096789, 0.0020450059315],
      [0.59412146883, 0.020986299854, 0.064718903017, 0.25409113606, 0.06608219224],
      [0.064468704738, 0.028533957208, 0.15814964579, 0.4322467782, 0.31660091407]
    ],
    [
      [0.0064726490353, 0.82516972076, 0.084200040214, 0.046751711274, 0.037405878712],
      [0.042313374864, 0.074459420516, 0.45270822001, 0.41272663706, 0.017792347547],
      [0.0059725436196, 0.006607085428, 0, 0.98742037095, 0],
      [0.73456129524, 0.0088466585321, 0.023768791324, 0.19341987168, 0.039403383225],
      [0.094547749929, 0.018139443506, 0.088209821895, 0.49647451501, 0.30262846966]
    ],
    [
      [0.0020248903457, 0.86409364804, 0.064834282177, 0.027648042078, 0.041399137361],
      [0, 0.14422791917, 0.52517385149, 0.24945307763, 0.081145151712],
      [0, 0.054343256549, 0, 0.94006125605, 0.0055954874052],
      [0.53077862329, 0.028310069854, 0.045910706991, 0.28613390665, 0.10886669322],
      [0.035771808884, 0.035003389591, 0.091422389084, 0.39585113651, 0.44195127593]
    ],
    [
      [0.0040119104548, 0.79070941967, 0.12079887166, 0.036860487908, 0.047619310308],
      [0.00823431396, 0.077030481621, 0.66712199876, 0.18787736888, 0.059735836782],
      [0, 0.021257327007, 0.019542813793, 0.95360834342, 0.0055915157761],
      [0.59292618392, 0.017897637139, 0.056452540881, 0.25047065794, 0.082252980125],
      [0.059399627062, 0.023073691412, 0.13102922854, 0.40439367093, 0.38210378206]
    ],
    [
      [0.0065086598646, 0.7962938608, 0.1011359988, 0.05324151158, 0.042819968949],
      [0.036932997648, 0.067942483264, 0.46325072374, 0.39679270114, 0.035081094207],
      [0.0048719603818, 0, 0, 0.99512803962, 0],
      [0.66012977994, 0.011703591028, 0.032068027782, 0.24583140332, 0.050267197927],
      [0.083297460365, 0.019185437463, 0.094747493956, 0.5045724781, 0.29819713012]
    ],
    [
      [0.0028567804833, 0.90177524274, 0.044654833697, 0.020482714372, 0.030230428712],
      [0.033242817643, 0.17380220992, 0.46724574293, 0.24618650506, 0.07952272445],
      [0.016309030786, 0.048698564628, 0, 0.93131113493, 0.0036812696596],
      [0.66084546307, 0.02488489322, 0.030631015122, 0.20609903957, 0.077539589017],
      [0.069842240506, 0.035791565183, 0.079539654821, 0.37250151546, 0.44232502403]
    ],
    [
      [0.0023092599972, 0.94679731286, 0.024917269179, 0.0098313233447, 0.01614483462],
      [0.05044932956, 0.21616801199, 0.48282100654, 0.16460913235, 0.085952519551],
      [0.060197046211, 0.054966803709, 0, 0.87819177046, 0.0066443796176],
      [0.76573512688, 0.026838314977, 0.022543465134, 0.13049301449, 0.054390078517],
      [0.10699806655, 0.055107109824, 0.083438880163, 0.33608400082, 0.41837194263]
    ],
    [
      [1.1102230246e-16, -0, 0.43094176831, 0.098171559457, 0.47088667224],
      [0, 0, 0.61691356151, 0.092087155393, 0.29099928309],
      [0, 0, 0.020849757833, 0.96479377782, 0.014356464345],
      [0, 0, 0.11374703845, 0.41203058325, 0.4742223783],
      [0, 0, 0.076212919262, 0.20189755298, 0.72188952776]
    ],
    [
      [0, 0.88351529876, 0.070544073963, 0.014966410984, 0.030974216291],
      [5.1347814889e-17, 0.091438644326, 0.79899397633, 0.051680689154, 0.057886690194],
      [0, 0.032788236209, 0.030287410938, 0.92862593737, 0.0082984154838],
      [0, 0.054006345741, 0.16379803789, 0.51430172276, 0.26789389361],
      [0, 0.026958191861, 0.14727171724, 0.32447839343, 0.50129169747]
    ],
    [
      [0.0052851781612, 0.80397537026, 0.11717720633, 0.037243880519, 0.036318364731],
      [0.030232011969, 0.082687979638, 0.65929801889, 0.18086271198, 0.04691927752],
      [0.019278882994, 0.021822288391, 0.0025169894465, 0.95469830471, 0.0016835344571],
      [0.66114654736, 0.016274088728, 0.047778549383, 0.22024282624, 0.054557988284],
      [0.084607177454, 0.026113314712, 0.13781108038, 0.44222388877, 0.30924453868]
    ],
    [
      [0.0036084637928, 0.79347379211, 0.10032454593, 0.033323085903, 0.069270112265],
      [0.020295240951, 0.084242260937, 0.62244569365, 0.17447441619, 0.098542388268],
      [0, 0.034064119933, 0.0058306908687, 0.9472718626, 0.012833326599],
      [0.59991578986, 0.017133902672, 0.045458520127, 0.22057026563, 0.11692152172],
      [0.046926598487, 0.019686178471, 0.094220044544, 0.31823318326, 0.52093399524]
    ],
    [
      [0.006191822316, 0.57037565541, 0.2635346352, 0.053189299938, 0.10670858714],
      [0.010124240997, 0.011129866368, 0.77099261086, 0.13008543687, 0.077667844905],
      [0, 0, 0.11725650995, 0.87410635331, 0.00863713674],
