{
  "X": [
    [221, 1138, 1581, 103],
    [17, 85, 139, 13],
    [18, 106, 184, 22],
    [2, 8, 14, 3],
    [3, 31, 26, 2],
    [41, 72, 215, 5],
    [12, 58, 108, 6],
    [39, 128, 202, 9],
    [38, 101, 233, 12],
    [129, 1424, 1167, 144],
    [2, 27, 23, 8],
    [43, 65, 186, 11],
    [138, 568, 1865, 166],
    [78, 132, 716, 22],
    [15, 145, 184, 9],
    [5, 19, 34, 6],
    [5, 25, 28, 2],
    [36, 356, 408, 45],
    [5, 23, 43, 3],
    [87, 412, 545, 34],
    [96, 672, 810, 68],
    [135, 632, 1145, 48],
    [2, 25, 29, 3],
    [19, 52, 134, 14],
    [24, 53, 136, 19],
    [2, 7, 14, 5],
    [10, 152, 183, 33],
    [1, 5, 8, 0],
    [3, 4, 12, 2],
    [0, 18, 7, 0],
    [25, 64, 93, 16],
    [8, 60, 155, 7],
    [48, 331, 276, 19],
    [36, 231, 255, 11],
    [7, 52, 41, 2],
    [0, 3, 5, 0],
    [2, 4, 10, 1],
    [1, 8, 4, 2],
    [3, 11, 37, 4],
    [0, 0, 7, 0],
    [16, 201, 144, 26],
    [37, 267, 205, 18],
    [34, 268, 295, 34],
    [30, 306, 208, 25],
    [41, 498, 373, 47],
    [40, 219, 487, 25],
    [24, 349, 224, 24],
    [0, 8, 11, 0],
    [24, 103, 156, 13],
    [0, 4, 10, 1],
    [24, 123, 166, 13],
    [0, 1, 5, 0],
    [13, 65, 144, 26],
    [8, 18, 62, 7],
    [3, 10, 37, 12],
    [24, 91, 306, 30],
    [52, 247, 263, 14],
    [38, 73, 251, 7],
    [19, 26, 106, 8],
    [54, 288, 334, 33],
    [19, 232, 265, 19],
    [1, 2, 8, 2],
    [37, 120, 232, 15],
    [9, 22, 62, 3],
    [0, 36, 58, 2],
    [1, 6, 9, 1],
    [28, 195, 355, 22],
    [4, 16, 14, 4],
    [35, 127, 217, 15],
    [48, 173, 246, 30],
    [51, 181, 331, 19],
    [11, 42, 88, 3],
    [6, 12, 15, 1],
    [2, 10, 7, 2],
    [10, 49, 65, 8],
    [53, 180, 251, 20],
    [68, 173, 406, 13],
    [75, 258, 505, 16],
    [6, 3, 6, 1],
    [4, 14, 23, 2],
    [3, 14, 16, 1],
    [22, 36, 130, 10],
    [8, 37, 104, 13],
    [41, 165, 497, 72],
    [36, 90, 301, 38],
    [18, 52, 133, 3],
    [150, 307, 689, 19],
    [329, 971, 1548, 164],
    [231, 690, 973, 107],
    [0, 2, 0, 0]
  ],
  "W": [
    [409, 1116, 1248, 145, 94, 31],
    [18, 113, 106, 8, 5, 4],
    [39, 122, 136, 23, 8, 2],
    [2, 11, 11, 3, 0, 0],
    [4, 20, 32, 2, 3, 1],
    [69, 144, 87, 7, 18, 8],
    [25, 75, 67, 7, 7, 3],
    [68, 130, 150, 8, 17, 5],
    [54, 182, 119, 9, 13, 7],
    [126, 937, 1548, 152, 56, 45],
    [4, 15, 35, 4, 0, 2],
    [68, 114, 79, 9, 28, 7],
    [166, 1558, 718, 208, 36, 51],
    [219, 494, 154, 45, 29, 7],
    [47, 105, 176, 16, 6, 3],
    [8, 32, 21, 2, 0, 1],
    [10, 20, 27, 3, 0, 0],
    [54, 316, 413, 24, 24, 14],
    [10, 27, 30, 4, 3, 0],
    [123, 410, 446, 45, 41, 13],
    [142, 635, 724, 79, 40, 26],
    [260, 679, 904, 49, 48, 20],
    [7, 17, 34, 0, 0, 1],
    [26, 105, 56, 21, 7, 4],
    [28, 96, 75, 17, 14, 2],
    [2, 13, 9, 3, 0, 1],
    [18, 161, 172, 11, 0, 16],
    [1, 8, 5, 0, 0, 0],
    [0, 9, 7, 4, 1, 0],
    [3, 3, 18, 0, 1, 0],
    [23, 77, 68, 13, 13, 4],
    [4, 139, 62, 15, 5, 5],
    [74, 192, 359, 12, 30, 7],
    [57, 174, 251, 25, 18, 8],
    [13, 26, 57, 3, 2, 1],
    [0, 3, 4, 0, 1, 0],
    [2, 8, 4, 1, 1, 1],
    [0, 4, 8, 0, 1, 2],
    [1, 31, 18, 4, 1, 0],
    [0, 6, 0, 0, 1, 0],
    [13, 101, 227, 26, 14, 6],
    [30, 164, 275, 19, 28, 11],
    [43, 220, 297, 34, 23, 14],
    [19, 175, 323, 31, 17, 4],
    [46, 280, 536, 64, 22, 11],
    [65, 348, 284, 39, 23, 12],
    [34, 174, 350, 31, 19, 13],
    [1, 7, 9, 0, 2, 0],
    [24, 127, 113, 15, 13, 4],
    [1, 7, 5, 0, 1, 1],
    [42, 101, 150, 10, 18, 5],
    [1, 2, 2, 0, 1, 0],
    [14, 120, 78, 24, 6, 6],
    [5, 49, 26, 6, 4, 5],
    [2, 35, 13, 9, 3, 0],
    [21, 271, 115, 31, 5, 8],
    [63, 200, 269, 20, 15, 9],
    [81, 149, 107, 7, 18, 7],
    [36, 71, 29, 7, 12, 4],
    [71, 173, 393, 29, 32, 11],
    [56, 128, 305, 22, 14, 10],
    [0, 4, 5, 1, 2, 1],
    [43, 167, 142, 30, 17, 5],
    [13, 48, 22, 6, 5, 2],
    [3, 39, 47, 5, 1, 1],
    [0, 8, 6, 0, 3, 0],
    [52, 165, 324, 35, 12, 12],
    [7, 13, 13, 0, 4, 1],
    [45, 157, 150, 17, 22, 3],
    [50, 200, 188, 25, 25, 9],
    [74, 249, 193, 30, 25, 11],
    [19, 64, 47, 7, 6, 1],
    [5, 12, 10, 2, 3, 2],
    [1, 7, 11, 1, 1, 0],
    [11, 42, 54, 12, 10, 3],
    [53, 175, 203, 26, 33, 14],
    [100, 269, 233, 20, 29, 9],
    [88, 298, 389, 28, 40, 11],
    [3, 5, 4, 2, 2, 0],
    [5, 13, 20, 2, 2, 1],
    [2, 13, 15, 1, 0, 3],
    [27, 99, 45, 10, 8, 9],
    [13, 82, 45, 16, 4, 2],
    [57, 380, 221, 80, 18, 19],
    [40, 238, 123, 32, 19, 13],
    [38, 85, 62, 8, 9, 4],
    [254, 468, 378, 12, 43, 10],
    [317, 1267, 1120, 120, 134, 54],
    [186, 794, 782, 101, 104, 34],
    [0, 0, 2, 0, 0, 0]
  ],
  "method": "mult",
  "cond_prob": [
    [
      [0.23748224032, 0.011307820755, 0.75120993893, 0],
      [0.047561488303, 0.053238425979, 0.87757949417, 0.021620591547],
      [0.000775077856, 0.8462982713, 0.15017308696, 0.0027535638857],
      [0.0013220813393, 0.064287138748, 0.50960957741, 0.42478120251],
      [0.72736535022, 0.063738886164, 0.20854722174, 0.00034854187253],
      [0.040638738231, 0.079602739221, 0.43430901274, 0.44544950981]
    ],
    [
      [0.27787314446, 0.00070528261179, 0.72070165304, 0.00071991987974],
      [0.062696036195, 0.01132620399, 0.88420649649, 0.041771263326],
      [0.0081211767178, 0.78258860075, 0.19465146435, 0.014638758175],
      [0.0018481141124, 0.040504091849, 0.40463963023, 0.55300816381],
      [0.7770205919, 0.044234172484, 0.17779758363, 0.00094765198622],
      [0.038224676282, 0.051962146264, 0.33821899011, 0.57159418734]
    ],
    [
      [0.19600680271, 0, 0.80124557388, 0.0027476234143],
      [0.037211693235, 0.0063202415865, 0.91115028181, 0.045317783374],
      [0.0014501422859, 0.76355401692, 0.21473787769, 0.020257963105],
      [0.00057304616166, 0.036140690882, 0.42143593791, 0.54185032505],
      [0.69413955856, 0.056570660985, 0.24772545206, 0.0015643283958],
      [0.026196119395, 0.050891523513, 0.35595334221, 0.56695901488]
    ],
    [
      [0.42006857155, 0, 0.57712123671, 0.0028101917392],
      [0.069590836435, 0, 0.87037682061, 0.060032342958],
      [0.035185065873, 0.72303514547, 0.21312215366, 0.028657634996],
      [0.0024426438342, 0.015537799959, 0.3090896032, 0.67292995301],
      [0.93902641059, 0.011670546051, 0.049037339784, 0.00026570357178],
      [0.04433829597, 0.034971544521, 0.24233695933, 0.67835320018]
    ],
    [
      [0.19689705272, 0.012394267559, 0.79070867972, 0],
      [0.0041659169668, 0.099789920189, 0.87388290368, 0.022161259166],
      [0, 0.89098857495, 0.10901142505, 0],
      [1.342165993e-05, 0.062453018045, 0.42777650209, 0.5097570582],
      [0.7012089255, 0.08050952591, 0.21821631448, 6.5234107815e-05],
      [0.02543982995, 0.076555513886, 0.36093965821, 0.53706499795]
    ],
    [
      [0.24716026131, 0, 0.75283973869, 0],
      [0.063793101082, 0.010756920057, 0.91987032181, 0.0055796570541],
      [0.0088834336472, 0.78736866705, 0.20338707243, 0.00036082687241],
      [0.0026849908952, 0.064271063286, 0.66472993627, 0.26831400955],
      [0.750672157, 0.04616647886, 0.20316136414, 0],
      [0.05699786551, 0.083629427023, 0.57350528504, 0.28586742243]
    ],
    [
      [0.19168802905, 0.0049941635687, 0.80331780738, 0],
      [0.030795615607, 0.035217496505, 0.91414294663, 0.019843941257],
      [0, 0.80862486625, 0.18802930842, 0.0033458253235],
      [0.0007380548045, 0.055413500831, 0.52338252831, 0.42046591605],
      [0.68539826792, 0.064795222952, 0.24943652834, 0.00036998079663],
      [0.031724614693, 0.071502189142, 0.44954558579, 0.44722761037]
    ],
    [
      [0.25761532972, 0.0040639205118, 0.73832074977, 0],
      [0.057044747407, 0.031465200348, 0.89001618214, 0.021473870106],
      [0.0068526105173, 0.81280164246, 0.17667565886, 0.0036700881544],
      [0.0020021691686, 0.056794328532, 0.51404233154, 0.42716117076],
      [0.75283108999, 0.05272205764, 0.19417142465, 0.0002754277232],
      [0.044860591109, 0.072460276431, 0.43549672733, 0.44718240513]
    ],
    [
      [0.27419141678, 0.0012583485469, 0.72455023467, 0],
      [0.065007494485, 0.021968356252, 0.89030735005, 0.022716799208],
      [0.0085266114925, 0.80137992422, 0.18462650555, 0.0054669587374],
      [0.0022664931671, 0.053194445597, 0.50209409812, 0.44244496311],
      [0.76892091251, 0.047396100327, 0.18330811172, 0.0003748754434],
      [0.047323204119, 0.067814006199, 0.42370616032, 0.46115662937]
    ],
    [
      [0.2655946682, 0.0074416316126, 0.72696370019, 0],
      [0.054679610628, 0.058626531045, 0.85311564868, 0.033578209646],
      [0.00025067796597, 0.87334840438, 0.11943851729, 0.0069624003699],
      [0.0012806857815, 0.061270727629, 0.42502524534, 0.51242334125],
      [0.74969230122, 0.063307851727, 0.18630385211, 0.00069599494267],
      [0.038550978889, 0.073946101196, 0.35790073764, 0.52960218228]
    ],
    [
      [0.28136807096, 0, 0.71297886587, 0.0056530631708],
      [0.05281700532, 0.010170195461, 0.85029291736, 0.086719881862],
      [0.00099777190261, 0.76248989136, 0.16937514432, 0.067137192413],
      [0.00054197237288, 0.023565151275, 0.25956775431, 0.71632512204],
      [0.82732606471, 0.036773399921, 0.13485459791, 0.0010459374568],
      [0.022591365142, 0.033020132652, 0.21364485383, 0.73074364837]
    ],
    [
      [0.2300777659, 0, 0.7699222341, 0],
      [0.053702478366, 0.0086586562227, 0.91204990091, 0.025588964498],
      [0.0048335874927, 0.78275456562, 0.2052705591, 0.0071412877872],
      [0.0016517778711, 0.04682023735, 0.49268192667, 0.45884605811],
      [0.73456865132, 0.047487792712, 0.21744790417, 0.00049565180509],
      [0.038283962221, 0.06060888209, 0.41893522161, 0.48217193408]
    ],
    [
      [0.21674117868, 0.00064709310576, 0.78250548765, 0.00010624055913],
      [0.045516543002, 0.0012104605142, 0.92604248568, 0.027230510806],
      [0.0046091882029, 0.76918724418, 0.21784929249, 0.0083542751274],
      [0.0015602277613, 0.042695345281, 0.50686235731, 0.44888206965],
      [0.71290403133, 0.051824067655, 0.23457699263, 0.00069490838355],
      [0.035445504124, 0.058508735086, 0.43219533922, 0.47385042157]
    ],
    [
      [0.18209074202, 0, 0.81790925798, 0],
      [0.036163041562, 0.013635489407, 0.94012663428, 0.010074834751],
      [0.0024593654223, 0.78230534608, 0.21211567582, 0.0031196126784],
      [0.0012052274159, 0.056534994053, 0.62759363363, 0.3146661449],
      [0.67457631542, 0.059137983021, 0.26610012514, 0.00018557642087],
      [0.037413472916, 0.075709813899, 0.54726913548, 0.33960757771]
    ],
    [
      [0.16728648821, 0.0034140912224, 0.82929942057, 0],
      [0.029968182557, 0.029106307397, 0.92454766113, 0.016377848919],
      [0, 0.79672835199, 0.20167193981, 0.0015997081976],
      [0.00089419441067, 0.057393633209, 0.57789022383, 0.36382194855],
      [0.64768887113, 0.069090413805, 0.28277417659, 0.00044653847331],
      [0.030145182746, 0.075448290418, 0.50275758915, 0.39164893768]
    ],
    [
      [0.34356412899, 0.0055914295805, 0.64518475284, 0.0056596885943],
      [0.068208760042, 0.04036275533, 0.79645733275, 0.094971151878],
      [0.0019077641071, 0.83652312392, 0.12974457599, 0.031824535987],
      [0.00084843822825, 0.030066912761, 0.22292900195, 0.74615564706],
      [0.83616149415, 0.040039046248, 0.12272356011, 0.0010758994862],
      [0.027046724034, 0.036540964983, 0.18139322971, 0.75501908128]
    ],
    [
      [0.34239373736, 0.014678320061, 0.64292794258, 0],
      [0.07646369294, 0.05723264889, 0.84509837148, 0.021205286694],
      [0.0015309750633, 0.8715229852, 0.12694603973, 0],
      [0.0018174803005, 0.059147740362, 0.41373669063, 0.52529808871],
      [0.83829048633, 0.040281285923, 0.12103660688, 0.0003916208634],
      [0.051186541227, 0.069202563909, 0.34058143981, 0.53902945505]
    ],
    [
      [0.19365782227, 0.0053812469764, 0.80003579181, 0.00092513894723],
      [0.028466433711, 0.043518263474, 0.87960004692, 0.048415255893],
      [0, 0.81936273292, 0.16263624482, 0.018001022263],
      [0.00058736579152, 0.044255658382, 0.38061312837, 0.57454384745],
      [0.67554504721, 0.071442186512, 0.25139385418, 0.001618912091],
      [0.022850473781, 0.056006030969, 0.32196540875, 0.5991780865]
    ],
    [
      [0.19023070901, 0, 0.80973601249, 3.327850373e-05],
      [0.034793704069, 0.0014277104371, 0.93632755718, 0.027451028319],
      [0.0010388301713, 0.75540644292, 0.23529864822, 0.008256078686],
      [0.00055479042141, 0.037317729972, 0.45996814617, 0.50215933344],
      [0.7082929444, 0.049995870188, 0.24098793341, 0.00072325200246],
      [0.027623797566, 0.052462101443, 0.38773978469, 0.5321743163]
    ],
    [
      [0.25954650379, 0.010933716069, 0.72951978014, 0],
      [0.054738803324, 0.057108392881, 0.86766218672, 0.020490617079],
      [0.0028210435434, 0.85356938765, 0.14167211336, 0.0019374554441],
      [0.0017589803162, 0.06631813998, 0.50971482428, 0.42220805543],
      [0.74892999695, 0.060928407463, 0.18995148613, 0.00019010945552],
      [0.045338558611, 0.082029534116, 0.43204845437, 0.4405834529]
    ],
    [
      [0.2442989859, 0.010024938042, 0.74567607606, 0],
      [0.04853911295, 0.060551887705, 0.86528988753, 0.025619111815],
      [0.00012648028021, 0.8597360994, 0.13605597841, 0.0040814419034],
      [0.0012429971906, 0.063815993784, 0.4755133632, 0.45942764583],
      [0.73211551902, 0.06498749073, 0.20239683148, 0.00050015876904],
      [0.038954539149, 0.078311961531, 0.40342158822, 0.4793119111]
    ],
    [
      [0.20667673287, 0, 0.79330096871, 2.2298416001e-05],
      [0.034615560593, 0, 0.94462774823, 0.020756691179],
      [0.024779253186, 0.69327088965, 0.2750092734, 0.0069405837729],
      [0.0019573148941, 0.042012235085, 0.56335276832, 0.3926776817],
      [0.71805337621, 0.043413853257, 0.23799981165, 0.00053295887596],
      [0.03985842213, 0.057032564264, 0.48514236653, 0.41796664707]
    ],
    [
      [0.18190620162, 0, 0.81579773698, 0.0022960614008],
      [0.033665061814, 0.0040243825508, 0.89395362276, 0.068356932871],
      [0.0042070628084, 0.73262004241, 0.23278540504, 0.030387489751],
      [0.00049504137566, 0.019292407595, 0.21732857768, 0.76288397335],
      [0.72187295544, 0.049852352819, 0.2266710679, 0.0016036238428],
      [0.011310402354, 0.022504054863, 0.17750048292, 0.78868505986]
    ],
    [
      [0.26580975214, 0.0053946657959, 0.72879558206, 0],
      [0.059214338843, 0.038054595979, 0.88076609071, 0.021964974473],
      [0.0055589308752, 0.82167617155, 0.16824756181, 0.0045173357582],
      [0.0022025489537, 0.057055162753, 0.4863376317, 0.45440465659],
      [0.76253458094, 0.052472969446, 0.18471483484, 0.00027761477557],
      [0.04403628555, 0.071167825149, 0.41072944278, 0.47406644652]
    ],
    [
      [0.24216532119, 0, 0.7528615208, 0.0049731580147],
      [0.033010621349, 0, 0.9080098011, 0.058979577552],
      [0.04448082158, 0.6935418843, 0.2352316724, 0.026745621725],
      [0.0021647679791, 0.024347217392, 0.38895705225, 0.58453096238],
      [0.75807976937, 0.034945595026, 0.20354727314, 0.0034273624593],
      [0.032185955942, 0.040608825913, 0.323314685, 0.60389053315]
    ],
    [
      [0.41638540999, 0, 0.57518308266, 0.0084315073553],
      [0.070031576465, 0, 0.81202213023, 0.1179462933],
      [0.024487975169, 0.76859574156, 0.15248127518, 0.054435008097],
      [0.0002871238257, 0.017538319558, 0.24178671358, 0.74038784303],
      [0.92545377823, 0.016160931214, 0.057930477998, 0.00045481255997],
      [0.035565537988, 0.030023367303, 0.19565452434, 0.73875657036]
    ],
    [
      [0.20099009649, 0.0056197099755, 0.79178737831, 0.0016028152259],
      [0.036939425122, 0.043757713444, 0.85212388231, 0.067178979125],
      [0.00059203186883, 0.83458718213, 0.13678984857, 0.028030937428],
      [0.00072523499616, 0.041719182203, 0.32923669243, 0.62831889037],
      [0.68697219828, 0.072783710682, 0.23881474758, 0.0014293434549],
      [0.020320234516, 0.052871689079, 0.27540153546, 0.65140654094]
    ],
    [
      [0.42383057797, 0.0074330946761, 0.56873632736, 0],
      [0.072021177754, 0.067921146056, 0.86005767619, 0],
      [0, 0.88983954738, 0.11016045262, 0],
      [0.0046460367325, 0.11732642033, 0.87802754293, 0],
      [1, 0, 0, 0],
      [0.11496093348, 0.1497708282, 0.73526823832, 0]
    ],
    [
      [0.46543664346, 0.0015394250202, 0.53302377519, 1.5633613885e-07],
      [0.09713575274, 0, 0.89580296998, 0.0070612772771],
      [0.15672554653, 0.57142857143, 0.27184588204, 0],
      [0.020429326882, 0, 0.49545854699, 0.48411212613],
      [0.94698209207, 0, 0.053017907934, 0],
      [0.084575015724, 0.037642730059, 0.38252719244, 0.49525506178]
    ],
    [
      [0, 0.023067934233, 0.97693206577, 0],
      [0, 0.059473654167, 0.94052634583, 0],
      [0, 0.97054241855, 0.02945758145, 0],
      [0, 0.13121581158, 0.86878418842, -0],
      [0, 0.2826117009, 0.7173882991, 0],
      [0, 0.18684328336, 0.81315671664, -0]
    ],
    [
      [0.32801214469, 0.009389440985, 0.65984326949, 0.0027551448322],
      [0.078996993818, 0.05370025589, 0.81176691391, 0.055535836377],
      [0.010547424536, 0.8539917, 0.11680882762, 0.018652047845],
      [0.0027712785046, 0.050455016365, 0.33952820967, 0.60724549546],
      [0.80429530133, 0.052479110373, 0.14087255896, 0.0023530293429],
      [0.040965435473, 0.059885976511, 0.28233554002, 0.61681304799]
    ],
    [
      [0.16853062332, 0.0047365859148, 0.82673279077, 0],
      [0.028063758133, 0.048880700721, 0.91696736367, 0.0060881774752],
      [0.00032347656917, 0.82670884391, 0.17296767952, 0],
      [0.00078295231733, 0.072013089611, 0.62581270633, 0.30139125174],
      [0.64617412164, 0.076885824476, 0.27680688923, 0.00013316465832],
      [0.032468937193, 0.093212493475, 0.54787682302, 0.32644174631]
    ],
    [
      [0.2474235364, 0.013134842418, 0.73944162118, 0],
      [0.038570591485, 0.068207007804, 0.8595117537, 0.033710647013],
      [0, 0.8737098864, 0.11921312016, 0.0070769934393],
      [0.001217575081, 0.058159816737, 0.42318459317, 0.51743801501],
      [0.73418722562, 0.068800492459, 0.19629943511, 0.00071284681453],
      [0.03498243881, 0.072642052972, 0.35576500189, 0.53661050632]
    ],
    [
      [0.2395987832, 0.011749958636, 0.74865125816, 0],
      [0.050161304772, 0.061744037348, 0.88371856702, 0.0043760908602],
      [0, 0.85926005459, 0.14073994541, 0],
      [0.0017439004012, 0.078751836308, 0.61369093317, 0.30581333012],
      [0.73180015518, 0.064195577898, 0.20400426692, 0],
      [0.049850252976, 0.098524980765, 0.5274713991, 0.32415336716]
    ],
    [
      [0.28732235598, 0.012922662176, 0.69975498185, 0],
      [0.062792130316, 0.056953397514, 0.86849596598, 0.01175850619],
      [0, 0.87632670524, 0.12367329476, 0],
      [0.0019541666591, 0.069417616223, 0.50952268558, 0.41910553154],
      [0.7879077487, 0.053290150672, 0.15867289905, 0.0001292015829],
      [0.050535986724, 0.085761707952, 0.42699846405, 0.43670384128]
    ],
    [
      [1.1102230246e-16, 0.0025391271417, 0.99746087286, 0],
      [0, 0, 1, 0],
      [0, 0.71786025744, 0.28213974256, 0],
      [1.1102230246e-16, 0.057781022031, 0.94221897797, -0],
      [0, 0.12855897023, 0.87144102977, 0],
      [0, 0.086710160645, 0.91328983935, -0]
    ],
    [
      [0.29526387818, 0.0072577189246, 0.69747840289, 0],
      [0.056176445609, 0.046240949516, 0.89758260487, 0],
      [0, 0.8612995168, 0.1387004832, 0],
      [0.071084454352, 0.070233036062, 0.41500550656, 0.44367700302],
      [0.84940169764, 0.036130892377, 0.11446740999, 0],
      [0.039574526772, 0.063994970393, 0.34010750586, 0.55632299698]
    ],
    [
      [0.34462418805, 0.00509703496, 0.65027824133, 5.3565760949e-07],
      [0.014190838741, 0.11050606901, 0.80986244825, 0.065440643995],
      [0, 0.92615577592, 0.052966808806, 0.020877415269],
      [0.00089687655916, 0.035230624307, 0.19569379836, 0.76817870077],
      [0.91306830202, 0.033934496333, 0.051266855488, 0.0017303461543],
      [0.015084171505, 0.057397510108, 0.14277444053, 0.78474387786]
    ],
    [
      [0.26297033171, 1.7212674347e-05, 0.73671763533, 0.00029482028095],
      [0.0052318799656, 0, 0.95045944309, 0.044308676945],
      [0.097680889843, 0.60565390365, 0.2785220461, 0.018143160405],
      [0.0019139574251, 0.018204312327, 0.40522576555, 0.5746559647],
      [0.80892954247, 0.025395272353, 0.16473973685, 0.00093544832729],
      [0.032891094862, 0.034617775091, 0.33343246427, 0.59905866578]
    ],
    [
      [0, 0, 1, 0],
      [0, 0, 1, 0],
      [0, -0, 1, 0],
      [0, 0, 1, -0],
      [0, 0, 1, 0],
      [0, 0, 1, -0]
    ],
    [
      [0.22271834297, 0.0058433902385, 0.77108402039, 0.00035424640819],
      [0.029505643875, 0.057234218129, 0.87017095723, 0.043089180767],
      [0, 0.84769276509, 0.1366399535, 0.015667281412],
      [0.0001945586919, 0.052217975306, 0.38696053827, 0.56062692773],
      [0.71100919035, 0.069905186983, 0.21770938499, 0.0013762376772],
      [0.027567386535, 0.063463707634, 0.32707770411, 0.58189120172]
    ],
    [
      [0.26614553269, 0.011326277932, 0.72252818938, 0],
      [0.046058798995, 0.082040356196, 0.84774087842, 0.024159966391],
      [0, 0.90484547044, 0.094986516823, 0.00016801273872],
      [0.0012837869137, 0.072632524836, 0.46580631989, 0.46027736836],
      [0.74898925453, 0.07192362844, 0.17908242498, 4.6920524063e-06],
      [0.042354536889, 0.089019027927, 0.39170274133, 0.47692369386]
    ],
    [
      [0.21993057799, 0.0076907304491, 0.77225678305, 0.00012190852049],
      [0.035501458156, 0.055789168225, 0.87608289447, 0.032626479145],
      [0, 0.84474957368, 0.14667007837, 0.0085803479476],
      [0.00055326547197, 0.056969062446, 0.44388629268, 0.4985913794],
      [0.70755819906, 0.068792950834, 0.2227855703, 0.00086327980326],
      [0.031429624854, 0.070419443253, 0.37696472861, 0.52118620328]
    ],
    [
      [0.29442496978, 0.0077233499466, 0.69785168028, 0],
      [0.062454447673, 0.067240622377, 0.83810061914, 0.032204310808],
      [0.00029820307919, 0.89981211691, 0.096137359211, 0.0037523207998],
      [0.0014751694811, 0.066794273884, 0.41490934759, 0.51682120904],
      [0.77423076985, 0.062542081325, 0.16276293445, 0.00046421437262],
      [0.043106073868, 0.078248950059, 0.3479207597, 0.53072421637]
    ],
    [
      [0.24974589489, 0.0084459279969, 0.74180817712, 0],
      [0.045971000042, 0.064474570613, 0.86021648795, 0.029337941399],
      [0, 0.8823524618, 0.11415669146, 0.0034908467413],
      [0.00090611381821, 0.066474401412, 0.44338200403, 0.48923748074],
      [0.73509988913, 0.068151193537, 0.19619619333, 0.00055272400453],
      [0.03723817985, 0.078545460861, 0.37595055388, 0.50826580541]
    ],
    [
      [0.17956520606, 0, 0.82043479394, 0],
      [0.03460163296, 0.00011215605839, 0.94979992698, 0.015486283999],
      [0.0015781152474, 0.75683179944, 0.2381533154, 0.0034367699178],
      [0.0011170430354, 0.048898572302, 0.59115689529, 0.35882748937],
      [0.66918737278, 0.056938686364, 0.27351402326, 0.00035991759531],
      [0.033652862779, 0.067008712055, 0.51332339837, 0.38601502679]
    ],
    [
      [0.21595598486, 0.013395153878, 0.77064886127, 0],
      [0.017759775132, 0.10794183527, 0.85439454734, 0.019903842259],
      [0, 0.92674441926, 0.073255580743, 0],
      [0.00024252842917, 0.079581842417, 0.45970382682, 0.46047180233],
      [0.69174060067, 0.089245980705, 0.21873227319, 0.00028114543062],
      [0.032054295985, 0.095340610958, 0.3913155691, 0.48128952396]
    ],
    [
      [0, 0.0051086694359, 0.99489133056, 0],
      [0, 0.034123328069, 0.96587667193, 0],
      [0, 0.82011224003, 0.17988775997, 0],
      [0, 0.082378969207, 0.91762103079, -0],
      [0, 0.18750893689, 0.81249106311, 0],
      [0, 0.12019055287, 0.87980944713, -0]
    ],
    [
      [0.264363769, 0.0069704402072, 0.72866579079, 0],
      [0.056391961513, 0.048815223178, 0.86856622412, 0.026226591193],
      [0.004016223827, 0.83831079025, 0.15245538688, 0.0052175990374],
      [0.0017323522328, 0.058343519815, 0.46631145847, 0.47361266949],
      [0.75738998922, 0.056941642422, 0.1852707572, 0.00039761116367],
      [0.041900499024, 0.072165661001, 0.39336503003, 0.49256880995]
    ],
    [
      [0, 0, 1, 0],
      [0, 0, 0.9731293093, 0.026870690702],
      [5.4696410421e-33, 0.76315097697, 0.23172872278, 0.0051203002483],
      [1.1102230246e-16, 0.019699399122, 0.24342775028, 0.7368728506],
      [0, 0.16525364176, 0.83259624371, 0.0021501145311],
      [0, 0.018991473399, 0.19685497729, 0.78415354931]
    ],
    [
      [0.19965261145, 0.0017123773449, 0.79775187371, 0.00088313748758],
      [0.029748998768, 0.029720242689, 0.90659151925, 0.033939239292],
      [0, 0.78734160556, 0.20070380791, 0.011954586527],
      [0.00070164547354, 0.045013069229, 0.44838946393, 0.50589582137],
      [0.69231397436, 0.060243972993, 0.24620614861, 0.0012359040382],
      [0.028254690043, 0.058114519908, 0.38150027174, 0.53213051831]
    ],
    [
      [0, 0, 1, 0],
      [0, 0, 1, 0],
      [0, 0.48688703171, 0.51311296829, 0],
      [0, 0.032804454718, 0.96719554528, -0],
      [0, 0.026225936578, 0.97377406342, 0],
      [0, 0.050305635402, 0.9496943646, -0]
    ],
    [
      [0.22767891116, 0.0019193025653, 0.76835027462, 0.0020515116564],
      [0.042794852419, 0.013783501887, 0.88516252475, 0.058259120943],
      [0.0016756586418, 0.791907496, 0.18390401979, 0.022512825561],
      [0.00048175534824, 0.038024924526, 0.39180267744, 0.56969064268],
      [0.72733422532, 0.054875188219, 0.21592703644, 0.0018635500172],
      [0.028474016533, 0.05141258857, 0.330042194, 0.5900712009]
    ],
    [
      [0.25867529817, 0, 0.7411823102, 0.00014239162905],
      [0.032427747272, 0, 0.93936447507, 0.028207777655],
      [0.068107512671, 0.67203449522, 0.250120823, 0.0097371691089],
      [0.002716371543, 0.031293705387, 0.48920940581, 0.47678051726],
      [0.77928480143, 0.031282576392, 0.18876707722, 0.00066554495714],
      [0.042686225678, 0.042842117276, 0.41435260574, 0.50011905131]
    ],
    [
      [0.19104644331, 0.0013538269319, 0.80340319254, 0.0041965372158],
      [0.005100823954, 0, 0.85506412619, 0.13983504986],
      [0.025206293973, 0.7483629943, 0.18026430001, 0.046166411723],
      [0, 0.012255896966, 0.26852983785, 0.71921426519],
      [0.70389881778, 0.052756782532, 0.23524825256, 0.0080961471325],
      [0.015486498917, 0.03291521211, 0.22746370516, 0.72413458382]
    ],
    [
      [0.24247103129, 0.0012718562543, 0.75594883236, 0.00030828009851],
      [0.052411598682, 0.00083608470644, 0.91227286732, 0.034479449296],
      [0.0054862361572, 0.77247672347, 0.21124501199, 0.010792028386],
      [0.0017264914861, 0.040132814812, 0.46521541693, 0.49292527677],
      [0.7446818566, 0.046817079179, 0.20772668237, 0.00077438185537],
      [0.037089677861, 0.054210776154, 0.39320497032, 0.51549457566]
    ],
    [
      [0.32661235032, 0.010367264163, 0.66302038552, 0],
      [0.081160800516, 0.05592330138, 0.84921033046, 0.013705567648],
      [0.0092453055188, 0.86301279229, 0.12774190219, 0],
      [0.0031547244956, 0.073077622165, 0.53889041117, 0.38487724217],
      [0.80376238315, 0.049337679231, 0.14688228634, 1.7651280574e-05],
      [0.064971600559, 0.090015924837, 0.44933726818, 0.39567520642]
    ],
    [
      [0.18740908299, 0, 0.81259091701, 0],
      [0.023821249155, 0, 0.96396490033, 0.01221385052],
      [0.057315558014, 0.6687561447, 0.27045417589, 0.0034741213904],
      [0.0019119899789, 0.044882342797, 0.62240020609, 0.33080546113],
      [0.71263876307, 0.039561804901, 0.24769588563, 0.00010354640138],
      [0.042407397324, 0.059543375577, 0.54220590987, 0.35584331723]
    ],
    [
      [0.2136534325, 0.0002968885283, 0.7853088925, 0.00074078646792],
      [0.036567455281, 0.022007459297, 0.91050851834, 0.030916567077],
      [0.00063316226394, 0.79988239965, 0.19087034814, 0.0086140899385],
      [0.00056639266948, 0.046117428541, 0.46095254559, 0.4923636332],
      [0.71359918797, 0.055769368891, 0.22964503724, 0.00098640589444],
      [0.031667598764, 0.059534596608, 0.39128167628, 0.51751612835]
    ],
    [
      [0.23012762232, 0, 0.76866425039, 0.0012081272864],
      [0.051844558874, 0.0039951664874, 0.90960700075, 0.034553273886],
      [0.011891340816, 0.72353167767, 0.24796065241, 0.0166163291],
      [0.0019328345455, 0.036349063508, 0.45913315193, 0.50258495001],
      [0.73667714668, 0.042541312105, 0.21947994069, 0.001301600518],
      [0.035346572138, 0.049585640289, 0.38873374419, 0.52633404338]
    ],
    [
      [0.13895312113, 0, 0.86085173596, 0.00019514291837],
      [0.019914480295, 0.019099126195, 0.93784571799, 0.023140675522],
      [0, 0.74433550255, 0.24760797362, 0.0080565238247],
      [0.00057320692625, 0.044501743353, 0.54121983242, 0.4137052173],
      [0.60211378323, 0.068028446393, 0.32901375609, 0.00084401428088],
      [0.02273682216, 0.060154696556, 0.47145900302, 0.44564947827]
    ],
    [
      [0.12031522241, 0.0012627959794, 0.87842162436, 3.5725385387e-07],
      [0, 0, 0.93172788085, 0.068272119155],
      [0, 0.4, 0.53782378794, 0.062176212059],
      [0, 0, 0.33273207007, 0.66726792993],
      [0.5, 0, 0.48150434218, 0.018495657819],
      [0, 0, 0.28822878248, 0.71177121752]
    ],
    [
      [0.26552682979, 0.0017050111515, 0.73276815906, 0],
      [0.064626251674, 0.022245259619, 0.90108789551, 0.012040593196],
      [0.010279699924, 0.79779864189, 0.19192165818, 0],
      [0.0032999883524, 0.057950913291, 0.57040945046, 0.3683396479],
      [0.76300447599, 0.047494285364, 0.18950123864, 0],
      [0.051993831543, 0.075677753118, 0.48452211545, 0.38780629989]
    ],
    [
      [0.23067146834, 0.0093696056793, 0.75995892598, 0],
      [0.046041127369, 0.052632589636, 0.89684914288, 0.0044771401113],
      [0.0010941183756, 0.83798409219, 0.16092178943, 0],
      [0.0013887122981, 0.071413317884, 0.58453202058, 0.34266594923],
      [0.73387392984, 0.061576087337, 0.20454998282, 0],
      [0.044762135317, 0.089910225734, 0.50077684932, 0.36455078963]
    ],
    [
      [0, 0.0019868011555, 0.99801319884, 0],
      [6.9500139262e-19, 0.0061844201855, 0.98646463287, 0.0073509469403],
      [0, 0.74996325091, 0.25003674909, 0],
      [0, 0.052306545037, 0.66856726628, 0.27912618869],
      [0, 0.16807203704, 0.83100949038, 0.00091847258591],
      [0, 0.074969654077, 0.60826669261, 0.31676365331]
    ],
    [
      [0.10822504249, 0.0045717535577, 0.88720215335, 1.0505996432e-06],
      [0, 0.017014495641, 0.87949926808, 0.10348623628],
      [0, 0.81300610202, 0.16116272964, 0.025831168342],
      [0, 0, 0, 1],
      [0.33333333333, 0.32861580759, 0.33234315916, 0.0057076999137],
      [0, 0, 0, 1]
    ],
    [
      [0.16603881289, 0, 0.83375481753, 0.00020636957989],
      [0.010498366978, 0, 0.97217967012, 0.017321962906],
      [0.027834371999, 0.59586084673, 0.36829545638, 0.0080093248873],
      [0.0021261353022, 0.026968069759, 0.62667981641, 0.34422597852],
      [0.6769436673, 0.037769140698, 0.28474020622, 0.00054698578579],
      [0.034806325616, 0.045331127341, 0.54639166695, 0.37347088009]
    ],
    [
      [0.15829445206, 0.14244509379, 0.68349877548, 0.015761678669],
      [0, 0.1647130196, 0.66174619037, 0.17354079003],
      [0, 0.94828381781, 0, 0.051716182187],
      [0.00029232091335, 0.017769362271, 0.079778053479, 0.90216026334],
      [0.7222541058, 0.12615755047, 0.13940994309, 0.012178400643],
      [0.0029224123941, 0.029295255176, 0.055168324451, 0.91261400798]
    ],
    [
      [0.23720775963, 0.0027965075792, 0.75999148321, 4.2495756301e-06],
      [0.048505473025, 0.026636103456, 0.89694753484, 0.027910888675],
      [0.0029617622274, 0.80290886091, 0.1866319826, 0.0074973942586],
      [0.0014338561923, 0.050474366546, 0.4775146666, 0.47057711066],
      [0.73316625113, 0.05469184176, 0.211488011, 0.00065389611177],
      [0.037331379183, 0.064891676548, 0.40477910673, 0.49299783753]
    ],
    [
      [0.2890215226, 0.0083458325689, 0.70166616049, 0.00096648433811],
      [0.063779778236, 0.05149354017, 0.84203377025, 0.042692911345],
      [0.0054942381446, 0.84568390566, 0.13597592624, 0.012845929963],
      [0.0018017100861, 0.052704164351, 0.3916043598, 0.55388976576],
      [0.77435071525, 0.055987167441, 0.16841802614, 0.0012440911701],
      [0.039582313143, 0.064238086612, 0.32732268273, 0.56885691752]
    ],
    [
      [0.24693684012, 0.010199574839, 0.74286358504, 0],
      [0.052478310928, 0.054084719132, 0.88019696346, 0.013240006479],
      [0.0031378535221, 0.84062437923, 0.15593765422, 0.00030011302495],
      [0.0018030889064, 0.068855319496, 0.55299073944, 0.37635085216],
      [0.73957584078, 0.06101666151, 0.19940749771, 0],
      [0.046407272141, 0.086050462155, 0.47165217404, 0.39589009166]
    ],
    [
      [0.21249258746, 0.0061231749193, 0.78138423762, 0],
      [0.041112330152, 0.038364213991, 0.91323071909, 0.0072927367696],
      [0, 0.81926961953, 0.18073038047, 0],
      [0.0013259367094, 0.067407508169, 0.61745198854, 0.31381456659],
      [0.71319874389, 0.060656950098, 0.22614430601, 0],
      [0.04297768824, 0.086883605562, 0.53357582555, 0.33656288065]
    ],
    [
      [0.36708523904, 0.039405365189, 0.59350939577, 0],
      [0.091384742549, 0.12948883428, 0.77912642317, 0],
      [0, 0.95410070731, 0.045899292689, 0],
      [0.19735789464, 0.11328742244, 0.53849767428, 0.15085700864],
      [0.83842002042, 0.06992254715, 0.091657432427, 0],
      [0.078990521829, 0.13587880161, 0.4359876852, 0.34914299136]
    ],
    [
      [0.41753882844, 0.0055220490019, 0.57516295143, 0.0017761711291],
      [0.086469550385, 0.047507661572, 0.76667571743, 0.09934707061],
      [0.005877863967, 0.87444505524, 0.082188761284, 0.037488319508],
      [0.00065550070272, 0.016789579091, 0.09461548778, 0.88793943243],
      [0.91186231452, 0.026239133259, 0.059415164634, 0.002483387583],
      [0.013854970759, 0.01747667193, 0.073629344272, 0.89503901304]
    ],
    [
      [0.20134571522, 0.00811409702, 0.79054018776, 0],
      [0.017477246203, 0.060531676476, 0.89889602045, 0.02309505687],
      [0, 0.82879907283, 0.16834665976, 0.0028542674091],
      [0, 0.058346380884, 0.4884749529, 0.45317866622],
      [0.69585189556, 0.069498852685, 0.23462354503, 2.5706718368e-05],
      [0.030877945484, 0.072706496871, 0.41725685447, 0.47915870318]
    ],
    [
      [0.26953327445, 0.006311889054, 0.72415483649, 0],
      [0.062452951172, 0.040301892925, 0.87913000394, 0.018115151964],
      [0.0093301175066, 0.82821989976, 0.16226523757, 0.00018474516476],
      [0.0025962792853, 0.061790510327, 0.52218062545, 0.41343258494],
      [0.76185533557, 0.054187040267, 0.18395762417, 0],
      [0.048766200719, 0.077805240674, 0.44177870651, 0.4316498521]
    ],
    [
      [0.2432152254, 0, 0.7567847746, 0],
      [0.054404746469, 0, 0.93415587341, 0.011439380119],
      [0.028487940338, 0.73040453847, 0.23911843494, 0.0019890862483],
      [0.0029016827934, 0.051854050337, 0.62525392907, 0.3199903378],
      [0.75401074091, 0.03980443154, 0.20618375312, 1.0744350055e-06],
      [0.053507268752, 0.069370334975, 0.53717664764, 0.33994574864]
    ],
    [
      [0.22187742459, 0, 0.77812257541, 0],
      [0.030946008298, 0, 0.95772743185, 0.011326559848],
      [0.041174407438, 0.6550249311, 0.30134798473, 0.0024526767242],
      [0.002952208149, 0.043151502705, 0.66085032676, 0.29304596238],
      [0.7397085654, 0.032971798794, 0.22723210894, 8.7526872146e-05],
      [0.051366111457, 0.060744342977, 0.57317991848, 0.31470962708]
    ],
    [
      [0.5691906143, 0, 0.4308093857, 0],
      [0.25775344731, 0, 0.74224655269, 0],
      [0.17089559844, 0.74242523526, 0.086679166294, 0],
      [0.19444635665, 0.015149529474, 0.29040411387, 0.5],
      [0.96559290675, 0, 0.034407093246, 0],
      [0.078575257266, 0.046125819205, 0.23689450687, 0.63840441666]
    ],
    [
      [0.24662451001, 0, 0.75337548999, 0],
      [0.041944178739, 0, 0.93431665403, 0.023739167231],
      [0.029605375013, 0.69209051866, 0.27247453181, 0.00582957452],
      [0.0025341439137, 0.029676727199, 0.45210036502, 0.51568876387],
      [0.79352400936, 0.028260721461, 0.17797510944, 0.00024015974725],
      [0.037379319536, 0.042314729461, 0.37736446264, 0.54294148837]
    ],
    [
      [0.4759800558, 0.0059417178967, 0.51807822631, 0],
      [0.11565849986, 0.051978529843, 0.83236297029, 0],
      [0, 0.8592424944, 0.1407575056, 0],
      [0.0050434997371, 0.078181995075, 0.60029142055, 0.31648308464],
      [0.93347201615, 0.016042361442, 0.050415046678, 7.0575729414e-05],
      [0.17981196348, 0.11519208841, 0.47715697632, 0.22783897179]
    ],
    [
      [0.27548234336, 0, 0.72451765664, 0],
      [0.072230546943, 0, 0.91122563299, 0.016543820071],
      [0.014815792567, 0.77077656795, 0.21023444529, 0.0041731941923],
      [0.0032911575171, 0.046381347356, 0.52920008347, 0.42112741165],
      [0.78084678712, 0.038732656634, 0.18041494323, 5.6130156597e-06],
      [0.051639560482, 0.060153301731, 0.44786835404, 0.44033878375]
    ],
    [
      [0.19118277452, 0.00072121414081, 0.80700834524, 0.0010876661],
      [0.032677855976, 0.0093710700423, 0.91908087387, 0.038870200113],
      [0.00056945917677, 0.78309669595, 0.20347886388, 0.012854981],
      [8.549591295e-05, 0.039833897795, 0.45108641282, 0.50899419347],
      [0.68878964858, 0.058716820068, 0.25127772413, 0.0012158072177],
      [0.0264437747, 0.055317755071, 0.38260873926, 0.53562973097]
    ],
    [
      [0.20322819726, 0, 0.79497680283, 0.0017949999056],
      [0.027686810463, 0, 0.92747113635, 0.044842053187],
      [0.02540485342, 0.72700567709, 0.23034041766, 0.01724905183],
      [0.00088406033043, 0.031340542223, 0.45717861106, 0.51059678638],
      [0.70274369368, 0.050206418092, 0.24560128902, 0.0014485992118],
      [0.029495834826, 0.048462445205, 0.3866813703, 0.53536034967]
    ],
    [
      [0.22840941122, 0, 0.76950285341, 0.0020877353686],
      [0.032005177874, 0, 0.92010326624, 0.047891555889],
      [0.039082366927, 0.71231013802, 0.23088370641, 0.017723788641],
      [0.0014487393753, 0.031224603037, 0.43398031261, 0.53334634498],
      [0.73518925798, 0.042446959953, 0.22051385819, 0.0018499238778],
      [0.032638809513, 0.044628729775, 0.36611379242, 0.55661866829]
    ],
    [
      [0.20321013882, 0, 0.79678986118, 0],
      [0.043000505355, 0.019038653142, 0.93607623742, 0.0018846040823],
      [0.0013799699611, 0.79018238832, 0.20843764172, 0],
      [0.0017580797984, 0.066851047505, 0.70127815734, 0.23011271535],
      [0.70386020584, 0.055513298491, 0.24062649567, 0],
      [0.047151785259, 0.088994585141, 0.61412689706, 0.24972673254]
    ],
    [
      [0.28985934278, 0, 0.71014065722, 0],
      [0.078581512462, 0.011089161672, 0.89200676995, 0.01832255592],
      [0.014139957006, 0.78983757366, 0.19161999861, 0.0044024707229],
      [0.00267399375, 0.056859518767, 0.55012822644, 0.39033826104],
      [0.78272720289, 0.042901110695, 0.17411461496, 0.00025707145273],
      [0.056531770361, 0.072460750761, 0.46442780974, 0.40657966914]
    ],
    [
      [0.31899338978, 0.0034787953302, 0.67657910179, 0.00094871309796],
      [0.08087725002, 0.031169482695, 0.84613282057, 0.041820446715],
      [0.013905897629, 0.81724389505, 0.15583166793, 0.013018539394],
      [0.0028624127965, 0.04790975882, 0.40141553122, 0.54781229717],
      [0.7983769473, 0.04557274489, 0.15496534815, 0.001084959668],
      [0.046426182312, 0.059933444059, 0.3334713443, 0.56016902933]
    ],
    [
      [0.33195415709, 0.0046923083045, 0.66311764443, 0.00023589017877],
      [0.087526563638, 0.03713040216, 0.83970998269, 0.03563305151],
      [0.0175386529, 0.82782330957, 0.14508952547, 0.0095485120651],
      [0.0037053500366, 0.052674646105, 0.41953140672, 0.52408859714],
      [0.80693972862, 0.045670806984, 0.14666303844, 0.0007264259632],
