{
  "X": [
    [2, 2, 15, 16, 0],
    [1, 0, 3, 16, 1],
    [121, 25, 201, 621, 32],
    [70, 219, 530, 849, 65],
    [3, 1, 14, 28, 0],
    [16, 5, 26, 58, 3],
    [0, 0, 5, 6, 0],
    [65, 18, 89, 284, 15],
    [217, 90, 398, 1441, 54],
    [72, 272, 486, 1411, 81],
    [0, 3, 15, 8, 0],
    [2, 3, 7, 24, 2],
    [8, 5, 16, 73, 2],
    [0, 2, 11, 5, 0],
    [5, 5, 25, 67, 0],
    [2, 6, 13, 23, 2],
    [1, 22, 31, 110, 4],
    [26, 119, 249, 359, 26],
    [4, 3, 13, 18, 1],
    [0, 2, 4, 12, 0],
    [294, 63, 438, 1021, 37],
    [0, 0, 3, 9, 0],
    [76, 72, 178, 645, 53],
    [12, 21, 25, 90, 12],
    [36, 85, 189, 903, 22],
    [2, 2, 15, 16, 0],
    [7, 17, 67, 143, 13],
    [4, 3, 8, 16, 1],
    [59, 22, 96, 280, 11],
    [72, 5, 74, 227, 22],
    [7, 21, 58, 89, 17],
    [15, 54, 91, 208, 13],
    [13, 56, 73, 152, 8],
    [25, 63, 114, 221, 19],
    [2, 15, 10, 226, 4],
    [1, 6, 0, 46, 4],
    [1, 0, 2, 3, 0],
    [4, 5, 13, 127, 2],
    [3, 4, 4, 71, 2],
    [8, 40, 46, 176, 14],
    [1, 12, 5, 71, 3],
    [1, 21, 6, 121, 6],
    [5, 13, 10, 136, 5],
    [5, 0, 10, 19, 0],
    [0, 10, 2, 62, 1],
    [2, 14, 4, 85, 3],
    [2, 2, 6, 54, 0],
    [70, 18, 125, 331, 13],
    [134, 45, 219, 606, 38],
    [7, 4, 9, 69, 4],
    [29, 10, 43, 55, 9],
    [23, 103, 132, 432, 32],
    [36, 66, 130, 266, 23],
    [39, 100, 166, 403, 34],
    [31, 108, 161, 431, 41],
    [4, 36, 7, 178, 4],
    [2, 7, 4, 68, 1],
    [0, 0, 4, 10, 0],
    [3, 13, 9, 77, 4],
    [0, 1, 2, 10, 1],
    [14, 53, 123, 71, 22],
    [0, 6, 2, 58, 2],
    [6, 22, 46, 86, 4],
    [6, 4, 17, 67, 11],
    [11, 139, 56, 199, 10],
    [0, 3, 1, 10, 0],
    [4, 17, 16, 191, 7],
    [2, 4, 2, 55, 1],
    [6, 24, 34, 175, 9],
    [15, 8, 17, 60, 10],
    [1, 8, 2, 77, 4],
    [3, 2, 7, 68, 5],
    [27, 119, 201, 252, 23],
    [18, 65, 98, 180, 10],
    [15, 53, 96, 181, 9],
    [3, 11, 20, 171, 10],
    [9, 34, 65, 129, 13],
    [5, 12, 44, 44, 6],
    [0, 7, 6, 95, 6],
    [2, 11, 3, 89, 3],
    [18, 58, 70, 296, 19],
    [12, 43, 62, 207, 19],
    [1, 22, 9, 56, 5],
    [69, 23, 101, 196, 13],
    [78, 15, 80, 166, 16],
    [5, 24, 21, 254, 13],
    [5, 15, 27, 85, 2],
    [4, 6, 15, 33, 5],
    [12, 11, 57, 63, 12],
    [18, 69, 96, 314, 17],
    [69, 59, 133, 436, 53],
    [5, 25, 30, 132, 7],
    [14, 38, 53, 109, 11],
    [3, 13, 21, 107, 8],
    [2, 29, 13, 146, 6],
    [0, 23, 10, 97, 2],
    [3, 29, 4, 78, 0],
    [1, 6, 5, 71, 2],
    [2, 27, 13, 65, 4],
    [0, 19, 4, 47, 5],
    [5, 16, 11, 65, 4],
    [7, 32, 56, 255, 7],
    [20, 42, 79, 421, 15],
    [78, 22, 152, 327, 14],
    [242, 130, 440, 981, 70],
    [180, 148, 338, 972, 116]
  ],
  "W": [
    [1, 14, 14, 4, 2],
    [0, 4, 15, 1, 1],
    [79, 233, 601, 26, 61],
    [33, 630, 867, 151, 52],
    [6, 12, 28, 0, 0],
    [20, 30, 49, 3, 6],
    [0, 4, 4, 1, 2],
    [34, 100, 288, 21, 28],
    [144, 430, 1420, 103, 103],
    [56, 590, 1393, 211, 72],
    [0, 15, 7, 2, 2],
    [1, 8, 27, 1, 1],
    [5, 21, 70, 6, 2],
    [0, 10, 6, 2, 0],
    [2, 27, 67, 5, 1],
    [3, 14, 22, 5, 2],
    [4, 32, 109, 18, 5],
    [14, 293, 354, 89, 29],
    [3, 15, 20, 1, 0],
    [0, 4, 12, 1, 1],
    [190, 516, 998, 54, 95],
    [0, 3, 9, 0, 0],
    [62, 203, 622, 97, 40],
    [2, 31, 91, 23, 13],
    [30, 204, 907, 68, 26],
    [1, 14, 14, 4, 2],
    [3, 74, 138, 19, 13],
    [2, 8, 20, 2, 0],
    [32, 113, 272, 26, 25],
    [31, 115, 209, 14, 31],
    [6, 67, 89, 18, 12],
    [8, 115, 196, 37, 25],
    [10, 99, 152, 32, 9],
    [15, 135, 217, 53, 22],
    [1, 12, 225, 16, 3],
    [0, 0, 48, 9, 0],
    [0, 3, 3, 0, 0],
    [4, 14, 123, 8, 2],
    [3, 4, 73, 2, 2],
    [4, 47, 185, 38, 10],
    [0, 8, 76, 4, 4],
    [5, 10, 125, 9, 6],
    [3, 12, 137, 11, 6],
    [3, 13, 15, 0, 3],
    [1, 3, 67, 4, 0],
    [1, 5, 85, 13, 4],
    [2, 7, 53, 0, 2],
    [32, 142, 325, 26, 32],
    [74, 264, 591, 36, 77],
    [3, 14, 68, 5, 3],
    [18, 49, 59, 10, 10],
    [19, 162, 441, 76, 24],
    [18, 160, 266, 58, 19],
    [22, 201, 413, 76, 30],
    [12, 210, 433, 89, 28],
    [2, 12, 188, 21, 6],
    [2, 5, 69, 4, 2],
    [1, 3, 10, 0, 0],
    [1, 12, 79, 9, 5],
    [0, 2, 11, 1, 0],
    [5, 142, 75, 46, 15],
    [1, 2, 59, 6, 0],
    [7, 47, 84, 22, 4],
    [3, 24, 60, 11, 7],
    [12, 95, 244, 53, 11],
    [0, 1, 12, 1, 0],
    [1, 20, 194, 18, 2],
    [1, 4, 55, 3, 1],
    [5, 38, 177, 18, 10],
    [11, 21, 57, 13, 8],
    [1, 4, 80, 4, 3],
    [1, 5, 67, 7, 5],
    [15, 229, 256, 93, 29],
    [9, 115, 191, 44, 12],
    [10, 110, 190, 26, 18],
    [2, 25, 172, 6, 10],
    [7, 58, 138, 30, 17],
    [2, 48, 45, 7, 9],
    [0, 6, 96, 8, 4],
    [0, 5, 85, 12, 6],
    [2, 84, 292, 60, 23],
    [8, 85, 208, 31, 11],
    [1, 10, 72, 9, 1],
    [42, 127, 184, 25, 24],
    [37, 103, 168, 19, 28],
    [3, 28, 253, 19, 14],
    [5, 24, 83, 17, 5],
    [7, 13, 36, 7, 0],
    [9, 60, 63, 11, 12],
    [13, 115, 317, 41, 28],
    [47, 157, 427, 73, 46],
    [5, 29, 131, 25, 9],
    [7, 66, 116, 24, 12],
    [1, 24, 109, 11, 7],
    [1, 16, 143, 29, 7],
    [0, 12, 101, 16, 3],
    [1, 8, 83, 19, 3],
    [0, 6, 69, 9, 1],
    [3, 19, 73, 12, 4],
    [0, 9, 52, 9, 5],
    [3, 21, 68, 8, 1],
    [1, 58, 266, 24, 8],
    [6, 93, 418, 44, 16],
    [71, 156, 291, 22, 53],
    [136, 525, 954, 123, 125],
    [99, 437, 973, 126, 119]
  ],
  "method": "mvn_pdf",
  "cond_prob": [
    [
      [0.80315989026, 0.00095358316813, 0.12341309614, 0.072473430438, 0],
      [0.025195936973, 0, 0.94137965371, 0.033424409318, 0],
      [0.0025515421166, 0.0054880671743, 0.030825471729, 0.96113491898, 0],
      [0.0087792811815, 0.47587110281, 0.16726622998, 0.34808338604, 0],
      [0.38662913888, 0.0093645325843, 0.29832511391, 0.30568121462, 0]
    ],
    [
      [0.95922650838, 0.00018399142156, 0.010909703045, 0.02809674537, 0.0015830517881],
      [0.080576282424, 0, 0.72954708969, 0.096379027244, 0.093497600639],
      [0.0042704590013, 0, 0, 0.99394373435, 0.0017858066487],
      [0.22225543015, 0, 0.018725030533, 0.37969351477, 0.37932602456],
      [0.39138255514, 0, 0.063086610697, 0.32563436101, 0.21989647315]
    ],
    [
      [0.87441393934, 0.00095040612764, 0.048767049762, 0.070971764226, 0.0048968405483],
      [0.10077206228, 0.043437646587, 0.77873087797, 0.04579746868, 0.031261944483],
      [0.0053818679652, 0.007724627711, 0.01370549806, 0.96779697409, 0.0053910321719],
      [0.00031959860547, 0.37158713944, 0.037923858355, 0.29147532609, 0.2986940775],
      [0.41309173886, 0.0081996619874, 0.10623088279, 0.25406689371, 0.21841082265]
    ],
    [
      [0.79016131062, 0.0040030670807, 0.09705153004, 0.10068520245, 0.0080988898092],
      [0.046672017667, 0.094620859165, 0.79765174179, 0.033635380849, 0.027420000532],
      [0, 0.075155575739, 0.013365800244, 0.90654961703, 0.0049290069865],
      [0.00011434898355, 0.61428657418, 0.029721987221, 0.16245964503, 0.19341744459],
      [0.27892382544, 0.025761550878, 0.15770256348, 0.26879180805, 0.26882025215]
    ],
    [
      [0.5, 0.0028726882278, 0.31459050216, 0.18253680961, 0],
      [0, 0.021452973549, 0.96187218084, 0.016674845609, 0],
      [0, 0.025904578144, 0.020356814891, 0.95373860696, 0],
      [5.6195222964e-05, 0.55711568479, 0.089713548327, 0.30380750232, 0.049307069346],
      [0.11086342983, 0.015984837519, 0.40717896303, 0.39610881472, 0.069863954902]
    ],
    [
      [0.66145279796, 0.0031341296687, 0.083792994473, 0.24474073291, 0.0068793449876],
      [0.038934054375, 0.079994504808, 0.77181582108, 0.085116238453, 0.024139381282],
      [0.011944453626, 0.021392668273, 0.009599096061, 0.94578375978, 0.01128002226],
      [7.8240072812e-05, 0.46456227406, 0.022646515664, 0.36040254761, 0.15231042259],
      [0.1695682436, 0.015925782472, 0.10522837068, 0.5211810527, 0.18809655055]
    ],
    [
      [0.53835906058, 0.00086679069375, 0.2238046685, 0.23538336682, 0.0015861134046],
      [0, 0, 0.97367989824, 0.026320101764, 0],
      [0, 0, 0.0044658127174, 0.99553418728, 0],
      [0, 0, 0.35761473976, 0.64238526024, 0],
      [0, 0, 0.36490120821, 0.63509879179, 0]
    ],
    [
      [0.93280771756, 0.00053397547063, 0.033687288282, 0.030430072099, 0.002540946592],
      [0.14838584402, 0.034461673438, 0.76661117549, 0.027684758752, 0.022856548302],
      [0.0064222902503, 0.020252714672, 0.025522855493, 0.94089976204, 0.0069023775492],
      [0.00063820472431, 0.40608688524, 0.050284738895, 0.24182372237, 0.30116644877],
      [0.59224754679, 0.0062525383734, 0.09953402681, 0.14783828706, 0.15412760097]
    ],
    [
      [0.86915552388, 0.0010642434231, 0.058949961442, 0.067236203582, 0.0035940676736],
      [0.087387442939, 0.042121374722, 0.81297844757, 0.037624608295, 0.019888126472],
      [0.0067049246793, 0.018311019523, 0.014826932514, 0.95727009951, 0.0028870237716],
      [0.00033550069958, 0.43434951937, 0.048064598643, 0.28880138372, 0.22844899758],
      [0.4340723736, 0.0096593164997, 0.13519975986, 0.25310020668, 0.16796834336]
    ],
    [
      [0.70895546142, 0.0051050384284, 0.10017139438, 0.17581789494, 0.0099502108386],
      [0.030183619334, 0.11189505197, 0.7709106506, 0.0548241656, 0.0321865125],
      [0, 0.05746499189, 0.0081062478199, 0.93096092344, 0.0034678368515],
      [7.7049634268e-05, 0.58648203191, 0.022990967426, 0.21253053251, 0.17791941853],
      [0.20102640667, 0.026383260449, 0.13069473224, 0.37688099265, 0.26501460798]
    ],
    [
      [0.66020335189, 0.004361374189, 0.20975359577, 0.12305969885, 0.0026219792928],
      [0, 0.049622852243, 0.92597216849, 0.024404979267, 0],
      [0, 0.051310527994, 0.013950419153, 0.93473905285, 0],
      [0, 0.73426907326, 0.094991490593, 0.17073943615, 0],
      [0, 0.21397268694, 0.41139077869, 0.37463653437, 0]
    ],
    [
      [0.92098969354, 0.00098944214357, 0.045407032238, 0.023107017843, 0.0095068142367],
      [0.047561600007, 0.043967354094, 0.83669337542, 0.013990694311, 0.05778697617],
      [0.018940738653, 0.087412714094, 0.0060270076649, 0.87902369702, 0.0085958425698],
      [9.0279741566e-05, 0.2798483571, 0.019757435683, 0.063011008032, 0.63729291944],
      [0.18702728304, 0.0072800874776, 0.078559321779, 0.068316600129, 0.65881670758]
    ],
    [
      [0.88647290241, 0.00098462034539, 0.03141116897, 0.0788395121, 0.0022917961763],
      [0.11263129647, 0.062529406995, 0.73528214164, 0.069387885104, 0.020169269792],
      [0.0047350568661, 0.013822256134, 0.0012651834095, 0.97515092793, 0.0050265756606],
      [0.00026254221653, 0.44894232448, 0.025274343486, 0.36527082558, 0.16024996424],
      [0.43467451407, 0.010373737575, 0.080905140582, 0.34823347187, 0.12581313591]
    ],
    [
      [0.83036330373, 0.0010449301399, 0.15539972687, 0.012450865786, 0.00074117347437],
      [0, 0.0022609113314, 0.99773908867, 0, 0],
      [0, 0.080388145174, 0.11235575494, 0.80725609988, 0],
      [0, 0.74753100782, 0.17423729183, 0.078231700353, 0],
      [0.30449203755, 0.015467442229, 0.55854501618, 0.077655928335, 0.043839575706]
    ],
    [
      [0.88901317355, 0.00084773345671, 0.057375062456, 0.052764030538, 0],
      [0.070456376024, 0.03451150501, 0.8601046441, 0.034927474871, 0],
      [0.0052655446337, 0.021444740813, 0.017193284024, 0.95609643053, 0],
      [0.08129333624, 0.52392077874, 0.068212028182, 0.32657385684, 0],
      [0.56039332861, 0.010092369685, 0.169414314, 0.26009998771, 0]
    ],
    [
      [0.58244723014, 0.0058527633339, 0.15594479727, 0.17629627096, 0.079458938291],
      [0, 0.091765738777, 0.84844818361, 0.033108541248, 0.026677536364],
      [0, 0.064845215591, 0.0067090747836, 0.92561736979, 0.0028283398389],
      [0, 0.64228014132, 0.02696340493, 0.17848368982, 0.15227276393],
      [0.12632915479, 0.029862958767, 0.18573718387, 0.37579551263, 0.28227518995]
    ],
    [
      [0.25, 0.0082291463294, 0.40457975252, 0.3193547183, 0.017836382842],
      [0, 0.096973686672, 0.84478663523, 0.042395326656, 0.015844351438],
      [0, 0.060616832378, 0.0076614849442, 0.9295294074, 0.0021922752789],
      [0, 0.64364050175, 0.028636343477, 0.2105656131, 0.11715754168],
      [0, 0.1342323361, 0.19959052418, 0.45140884631, 0.21476829341]
    ],
    [
      [0.74558163276, 0.0053085704656, 0.11300536453, 0.1287410143, 0.0073634179441],
      [0.028910891965, 0.10748982048, 0.80106715602, 0.041710582844, 0.020821548692],
      [0, 0.078001838791, 0.014804019594, 0.90584202162, 0.0013521199946],
      [8.6031447153e-05, 0.66168284709, 0.027895938008, 0.1680585368, 0.14227664666],
      [0.24425203437, 0.032025458306, 0.17178919873, 0.32245308959, 0.229480219]
    ],
    [
      [0.91611264708, 0.0011589123437, 0.054533552803, 0.025321600692, 0.0028732870785],
      [0.057959666955, 0.048908796178, 0.85292924174, 0.014509465006, 0.025692830124],
      [0.01910345531, 0.083770689978, 0, 0.87938752951, 0.017738325203],
      [0.00019794822446, 0.58747752075, 0.042460715538, 0.11864263263, 0.25122118286],
      [0.43850799348, 0.014832886706, 0.16999947829, 0.13234328837, 0.24431635315]
    ],
    [
      [0.69314379267, 0.0045573112815, 0.15016073143, 0.15042650959, 0.0017116550312],
      [0, 0.056201243429, 0.92347110204, 0.020327654527, 0],
      [0, 0.068426738672, 0.0016761969078, 0.92989706442, 0],
      [0, 0.80075736847, 0.020602042883, 0.17864058865, 0],
      [0, 0.15331679375, 0.26539918605, 0.5812840202, 0]
    ],
    [
      [0.90794055641, 0.0007820645044, 0.039335215393, 0.04943063296, 0.0025115307373],
      [0.12937946371, 0.043857387263, 0.76789285912, 0.039181856352, 0.019688433556],
      [0.004262600868, 0.015637642312, 0.021914832345, 0.95677601223, 0.0014089122424],
      [0.00048448353207, 0.44121635816, 0.044325145512, 0.29336808641, 0.22060592639],
      [0.53106582352, 0.0083046899889, 0.10556877084, 0.21774742089, 0.13731329476]
    ],
    [
      [0.94122729731, 0.00017543533425, 0.045639898005, 0.012936551538, 2.081780752e-05],
      [0, 0, 0.9840917099, 0.015908290105, 0],
      [0, 0, 0.0053027633683, 0.99469723663, 0],
      [0.0001158283505, 0.45578461054, 0.035719326755, 0.26806954667, 0.24031068769],
      [0.25465279134, 0.011558417153, 0.15237195982, 0.32473967436, 0.25667715733]
    ],
    [
      [0.80581587147, 0.0019764853331, 0.073025921183, 0.10992005583, 0.0092616661828],
      [0.062554682805, 0.061049781589, 0.78847083514, 0.047933905933, 0.039990794536],
      [0.0035407246621, 0.02955098803, 0.0092704217819, 0.95366998978, 0.0039678757463],
      [0.00015885005661, 0.41858122896, 0.030715687719, 0.24445455888, 0.30608967439],
      [0.27807690411, 0.012531462076, 0.11667973242, 0.2889886945, 0.30372320689]
    ],
    [
      [0.91534613727, 0.0014400847917, 0.035115232047, 0.042987824459, 0.0051107214332],
      [0.11746716151, 0.082380573524, 0.72543237941, 0.034367244747, 0.040352640802],
      [0.0060730570657, 0.06729164802, 0.0083886976162, 0.91053396765, 0.0077126296458],
      [0.00026249605668, 0.52760469116, 0.024113042878, 0.16103603702, 0.28698373289],
      [0.45916462433, 0.014221091132, 0.086414946526, 0.17586306585, 0.26433627216]
    ],
    [
      [0.72929961938, 0.0030895615146, 0.11027708013, 0.15111624084, 0.006217498141],
      [0.038659723345, 0.066456002506, 0.82964925553, 0.046542904117, 0.018692114498],
      [0, 0.038620345237, 0.010511211213, 0.94895621896, 0.0019122245901],
      [0.00011528895944, 0.52699378804, 0.037310125791, 0.27066944262, 0.16491135459],
      [0.23948416181, 0.018694535628, 0.1681723978, 0.37934414002, 0.19430476474]
    ],
    [
      [0.80315989026, 0.00095358316813, 0.12341309614, 0.072473430438, 0],
      [0.025195936973, 0, 0.94137965371, 0.033424409318, 0],
      [0.0025515421166, 0.0054880671743, 0.030825471729, 0.96113491898, 0],
      [0.0087792811815, 0.47587110281, 0.16726622998, 0.34808338604, 0],
      [0.38662913888, 0.0093645325843, 0.29832511391, 0.30568121462, 0]
    ],
    [
      [0.73761534345, 0.0026111099215, 0.11346110119, 0.1351963089, 0.011116136538],
      [0.028148292767, 0.054374465756, 0.83734360592, 0.044624025551, 0.035509610006],
      [0, 0.032415124031, 0.014458446407, 0.94819451778, 0.0049319117852],
      [0.0001064411132, 0.43740347816, 0.036701585001, 0.23522342063, 0.2905650751],
      [0.20785830183, 0.014192538694, 0.15412262609, 0.30554959517, 0.31827693821]
    ],
    [
      [0.98665849986, 8.0305000575e-05, 0.011953370726, 0.0010751363179, 0.00023268809124],
      [0.13674614999, 0.013363586123, 0.84185641595, 0.0025692672563, 0.0054645806865],
      [0.046523593422, 0.090581949487, 0.052305983116, 0.79230847045, 0.018280003526],
      [0.0011209659557, 0.54064585564, 0.09756113433, 0.06556309017, 0.2951089539],
      [0.89813454483, 0.0017194717698, 0.069021606323, 0.0090667250814, 0.022057651991]
    ],
    [
      [0.91270643352, 0.00075249161299, 0.036393274137, 0.047945596109, 0.0022022046246],
      [0.13409553013, 0.044834322515, 0.76253632668, 0.040247869439, 0.018285951234],
      [0.0036464192233, 0.018254701345, 0.018473622229, 0.95812936097, 0.0014958962352],
      [0.00049267000111, 0.45141547613, 0.0428250855, 0.30052129209, 0.20474547628],
      [0.54543855096, 0.0083024271612, 0.10122131373, 0.21971967602, 0.12531803213]
    ],
    [
      [0.94384852507, 0.00033506095821, 0.012965547319, 0.039047463181, 0.0038034034768],
      [0.21974363737, 0.012662008417, 0.56969302297, 0.13069268675, 0.067208644485],
      [0, 0, 0.032090085991, 0.96189356399, 0.006016350017],
      [0.0006233761818, 0.2442214924, 0.018669226227, 0.29892466024, 0.43756124495],
      [0.56327258576, 0.0036897176994, 0.035973330721, 0.17868288861, 0.21838147721]
    ],
    [
      [0.72108516556, 0.0045443019893, 0.12405661385, 0.12460720719, 0.025706711417],
      [0.014660016729, 0.082026625569, 0.81098033375, 0.042646509071, 0.049686514877],
      [0, 0.080534068994, 0.012159437943, 0.90730649306, 0],
      [6.0871010829e-05, 0.45007459487, 0.023540233237, 0.12671954549, 0.39960475539],
      [0.14084768397, 0.017339618898, 0.11783864835, 0.19698424564, 0.52698980314]
    ],
    [
      [0.71438409265, 0.0061405982747, 0.087634415873, 0.1844264888, 0.0074144044014],
      [0.035049700375, 0.14552218461, 0.73365269458, 0.061342911187, 0.02443250925],
      [0, 0.061731397306, 0.011334235075, 0.92516870703, 0.0017656605843],
      [6.8266912793e-05, 0.65593649075, 0.018247539868, 0.20439731227, 0.1213503902],
      [0.2100674336, 0.033872798167, 0.12128782986, 0.42297544681, 0.21179649157]
    ],
    [
      [0.73124289695, 0.0091437406368, 0.083572354636, 0.16802411301, 0.0080168947668],
      [0.038116365928, 0.20994883439, 0.67013333069, 0.056195219766, 0.025606249232],
      [0, 0.071055433655, 0.028665989265, 0.89961275422, 0.00066582285567],
      [5.1689616455e-05, 0.74580981285, 0.013125231799, 0.14123827815, 0.09977498759],
      [0.21248852622, 0.050809784746, 0.11598210331, 0.38840761891, 0.23231196682]
    ],
    [
      [0.7924713521, 0.0040139111969, 0.088289156762, 0.10811698158, 0.0071085983608],
      [0.049494064433, 0.10191564047, 0.78481261183, 0.038619521285, 0.025158161983],
      [0.00098243250135, 0.071042052527, 0.0094536183535, 0.9137881065, 0.0047337901196],
      [0.00011121377101, 0.62599793123, 0.026962239099, 0.17560019198, 0.17132842392],
      [0.2823704017, 0.026689277948, 0.14752391803, 0.29844457353, 0.24497182879]
    ],
    [
      [0.73368617608, 0.0030555927301, 0.06151238059, 0.19559855914, 0.0061472914627],
      [0.046631001448, 0.096821710786, 0.74265203391, 0.08680205103, 0.02709320283],
      [0.00049673526944, 0.025818984321, 0.002013465893, 0.96902932078, 0.0026414937366],
      [8.308954036e-05, 0.49812283985, 0.018589575331, 0.32810750893, 0.15509698636],
      [0.19788231276, 0.018615656008, 0.092066727105, 0.49381983674, 0.19761546738]
    ],
    [
      [0.99999989176, 1.9342848752e-09, 1.6471882012e-09, 9.3867841816e-08, 1.0793939451e-08],
      [0.68443154162, 0.065032589509, 0.15389642981, 0.039985915959, 0.0566535231],
      [0.019993054527, 0.051202807603, 0, 0.92790954083, 0.00089459703662],
      [0.0044814869696, 0.39358502612, 0, 0.16226022666, 0.43967326025],
      [0.57758591418, 0.0088533189221, 0.046351281558, 0.14883953997, 0.21836994538]
    ],
    [
      [0.99999995364, 2.9420770391e-11, 4.6309900207e-08, 1.4251458839e-11, 3.6638181746e-12],
      [0.33047844124, 0, 0.6631167393, 0.0064048194641, 0],
      [0.0028548920975, 0, 0.0035499273666, 0.99359518054, 0],
      [0.00026773596039, 0.50343117687, 0.022638777944, 0.20851769466, 0.26514461456],
      [0.53511645852, 0.0086435432704, 0.068048025982, 0.18046574761, 0.20772622461]
    ],
    [
      [0.72905678758, 0.0020074455754, 0.08073177252, 0.18386370299, 0.0043402913372],
      [0.038515475224, 0.052955966237, 0.82503748353, 0.067571233259, 0.015919841749],
      [0.0010242190863, 0.0065596640616, 0.0050813599928, 0.98472911995, 0.0026056369104],
      [0.00010350662422, 0.42718808407, 0.030634844188, 0.39957510918, 0.14249845594],
      [0.20887459797, 0.013121669104, 0.12823105393, 0.50013264764, 0.14964003135]
    ],
    [
      [0.80310373528, 0.0023603513151, 0.061238832041, 0.1243487901, 0.008948291263],
      [0.037586553759, 0.067639552396, 0.81070794544, 0.049148445677, 0.03491750273],
      [0.00095082360209, 0.037986927505, 0.0047454429623, 0.94906134267, 0.0072554632646],
      [7.9376344985e-05, 0.4590966032, 0.0192212833, 0.23694638536, 0.28465635179],
      [0.18538685175, 0.015560911107, 0.09429590964, 0.33749453081, 0.3672617967]
    ],
    [
      [0.78836156179, 0.0034313782438, 0.11521127618, 0.084541283751, 0.0084545000353],
      [0.037380121877, 0.070188409135, 0.84408786369, 0.024278543006, 0.024065062293],
      [0.0023505217848, 0.076280869494, 0.013725362111, 0.90008787001, 0.0075553765962],
      [0.00011188291117, 0.58813339264, 0.037673755531, 0.1498417235, 0.22423924542],
      [0.26505899438, 0.022638948085, 0.18962306011, 0.23105018983, 0.2916288076]
    ],
    [
      [0.75538112047, 0.0095729738316, 0.046721379119, 0.17564142771, 0.012683098879],
      [0.039476736784, 0.29133419845, 0.54535661501, 0.0726134676, 0.051218982159],
      [0.001264490002, 0.086090950678, 0.0050988647687, 0.90007851431, 0.0074671802455],
      [3.1602034689e-05, 0.73214979659, 0.0058176254664, 0.12812709057, 0.13387388534],
      [0.14698961436, 0.04945374364, 0.056590713909, 0.37515420241, 0.37181172568]
    ],
    [
      [0.2, 0.024383031446, 0.07154607538, 0.53675755428, 0.16731333889],
      [0, 0.38924139205, 0.420551706, 0.11602850316, 0.074178398788],
      [0, 0.081841612198, 0.0075185639517, 0.90658971, 0.0040501138497],
      [0, 0.71377947056, 0.0036938880165, 0.13524554257, 0.14728109886],
      [0, 0.055242360418, 0.077281179491, 0.4358339273, 0.43164253279]
    ],
    [
      [0.80166361139, 0.0029043165844, 0.052942036792, 0.13520504645, 0.0072849887804],
      [0.060277682697, 0.1051001268, 0.73016728497, 0.068154672022, 0.036300233504],
      [0.0026798709849, 0.042242298648, 0.002626568613, 0.94705356133, 0.0053977004269],
      [0.00010345659789, 0.52952983168, 0.017516155994, 0.25031909556, 0.20253146017],
      [0.25056610433, 0.019677077567, 0.087774809006, 0.37944680723, 0.26253520187]
    ],
    [
      [0.81302159928, 0, 0.031126327809, 0.15585207291, 0],
      [0.10690590333, 0, 0.74549605427, 0.1475980424, 0],
      [0.008839551377, 0, 0.0016850664927, 0.98947538213, 0],
      [0.00018761164169, 0.2834154846, 0.021145629243, 0.64233429456, 0.052916979959],
      [0.34618839607, 0, 0.063298771228, 0.5905128327, 0]
    ],
    [
      [0, 0.02260189364, 0.090355261586, 0.54513045952, 0.34191238525],
      [0, 0.31138731286, 0.56553623497, 0.085671524116, 0.03740492805],
      [0, 0.089280232166, 0.0029279026096, 0.90532498346, 0.0024668817621],
      [0, 0.76536515317, 0.0042166396625, 0.13527026903, 0.095147938134],
      [0.0091886920625, 0.06203875097, 0.047167310337, 0.47799540525, 0.40360984138]
    ],
    [
      [0.77565117803, 0.0046176823633, 0.047279158412, 0.16612691598, 0.006325065216],
      [0.047103811773, 0.16136971576, 0.68134598343, 0.08008259355, 0.030097895485],
      [0.0020306448706, 0.056499978908, 0.0011314057644, 0.93690814946, 0.0034298209945],
      [6.0205022029e-05, 0.63548746751, 0.0111039606, 0.22611501584, 0.12723335103],
      [0.20386057095, 0.031174613511, 0.076367486664, 0.4641930515, 0.22440427737]
    ],
    [
      [0.69120797961, 0.0032408427014, 0.07022327808, 0.23532789961, 0],
      [0.030113044166, 0.085744097458, 0.79446888196, 0.089673976415, 0],
      [0.00076334504894, 0.025480195536, 0.0015501613931, 0.97220629802, 0],
      [5.5539070224e-05, 0.57112804667, 0.017852562482, 0.38068595181, 0.030277899967],
      [0.18316772201, 0.02142963448, 0.10805635814, 0.68734628537, 0]
    ],
    [
      [0.92476473084, 0.00053920081122, 0.035444045404, 0.037287970819, 0.0019640521225],
      [0.14271806961, 0.033537667067, 0.77398945289, 0.032719173733, 0.017035636694],
      [0.0039123743616, 0.007022526691, 0.028358976134, 0.95871486297, 0.0019912598413],
      [0.00064420473499, 0.41292612244, 0.053510185589, 0.29915871129, 0.23376077595],
      [0.58916536678, 0.0063123903906, 0.10472988024, 0.18125641575, 0.11853594683]
    ],
    [
      [0.89276488828, 0.001038245481, 0.041919305984, 0.059924557589, 0.0043530026631],
      [0.1163134565, 0.05359455474, 0.75504221938, 0.043674973043, 0.031374796336],
      [0.0038699879113, 0.024781842684, 0.013158913868, 0.95257300016, 0.0056162553813],
      [0.00034402378634, 0.42742465019, 0.034332192773, 0.25900462735, 0.2788945059],
      [0.45362464986, 0.0096214409089, 0.098103226035, 0.23039714517, 0.20825353802]
    ],
    [
      [0.93542433643, 0.00061259387345, 0.014606150035, 0.045289766052, 0.0040671536138],
      [0.19231326395, 0.068045958989, 0.60768230439, 0.069661306545, 0.062297166132],
      [0.0011061406692, 0.018999279445, 0.0037384998448, 0.96967417476, 0.0064819052772],
      [0.00031413396361, 0.34648402944, 0.014522792298, 0.26027586849, 0.37840317581],
      [0.47485102004, 0.0070492143527, 0.04059911252, 0.21654972794, 0.26095092514]
    ],
    [
      [0.9313408538, 0.00077326442064, 0.040625435928, 0.022811214176, 0.0044492316764],
      [0.11799885948, 0.042077562519, 0.78905443827, 0.017309839992, 0.033559299741],
      [0.020295121187, 0.059294993999, 0.035226254038, 0.87164065948, 0.013542971299],
      [0.00042787033919, 0.43427797159, 0.043024559062, 0.1301597443, 0.3921098547],
      [0.52522296637, 0.0083096315139, 0.10964800992, 0.10128196331, 0.25553742889]
    ],
    [
      [0.72284660006, 0.0064304940843, 0.10057952945, 0.15709634283, 0.013047033577],
      [0.028885003411, 0.13564881322, 0.74137221302, 0.05309477392, 0.040999196424],
      [0, 0.074119442023, 0.012563768911, 0.90839417297, 0.0049226160956],
      [6.4197741813e-05, 0.62443632512, 0.019256414667, 0.15951421749, 0.19672884497],
      [0.19090270908, 0.031619926181, 0.12427420111, 0.32037105424, 0.33283210939]
    ],
    [
      [0.85564554244, 0.0025129614312, 0.061645813897, 0.074382601331, 0.0058130809011],
      [0.075268763772, 0.089669573204, 0.76871374441, 0.037398293406, 0.028949625205],
      [0.0058232055517, 0.065574101229, 0.0071878974572, 0.91556972015, 0.0058450756163],
      [0.00017913861442, 0.58246849887, 0.028076811664, 0.18010470885, 0.209170842],
      [0.36821133243, 0.020092164217, 0.12398633914, 0.24682987152, 0.24088029269]
    ],
    [
      [0.81243044053, 0.0038857063344, 0.08011793005, 0.094984798592, 0.0085811244913],
      [0.055591816103, 0.10671723582, 0.76799755949, 0.036789009434, 0.032904379157],
      [0.0030429607553, 0.075899978162, 0.0096766698925, 0.90526949714, 0.0061108940451],
      [0.00011715955275, 0.60986926523, 0.02484544858, 0.1560079352, 0.20916019144],
      [0.28956427846, 0.025586497441, 0.13283924413, 0.25942793796, 0.29258204201]
    ],
    [
      [0.80338883043, 0.0041085907975, 0.068585477865, 0.11348637394, 0.010430726966],
      [0.060446401717, 0.12419829357, 0.72292431053, 0.048391919348, 0.04403907484],
      [0.0030760453866, 0.067788422557, 0.0086345328733, 0.91577710392, 0.0047238952638],
      [0.00010458035443, 0.58228137524, 0.019222394441, 0.16849511996, 0.22989653001],
      [0.26158408465, 0.02477235351, 0.10404725768, 0.28386817057, 0.32572813358]
    ],
    [
      [0.7737934003, 0.0086859964525, 0.039220606689, 0.17107852973, 0.007221466826],
      [0.057106445688, 0.3091641667, 0.51346884211, 0.084813357542, 0.035447187957],
      [0.0023960814052, 0.086112496604, 0.0014659392052, 0.9089299501, 0.0010955326882],
      [4.780465606e-05, 0.75062248885, 0.0062091658844, 0.149934604, 0.093185936607],
      [0.2192781082, 0.053406063216, 0.058990604521, 0.43543755794, 0.23288766612]
    ],
    [
      [0.73469035662, 0.0049128317428, 0.055860607475, 0.19964517393, 0.0048910302303],
      [0.034731021051, 0.14696266374, 0.71725984272, 0.081416137138, 0.019630335352],
      [0.00037473541186, 0.052066299848, 0.0012418677941, 0.9434133257, 0.002903771245],
      [4.6365469422e-05, 0.64952940842, 0.011473204105, 0.25205190486, 0.086899117144],
      [0.16546098811, 0.032334347322, 0.085198938625, 0.5449509368, 0.17205478915]
    ],
    [
      [0, 0, 0.78326571898, 0.21673428102, 0],
      [0, 0, 0.99698597912, 0.0030140208783, 0],
      [0, 0, 0.022577634366, 0.97742236563, 0],
      [7.210610452e-05, 0.45433528734, 0.056239820448, 0.25672214921, 0.2326306369],
      [0.1457975889, 0.012076121256, 0.25528732979, 0.33152513207, 0.25531382798]
    ],
    [
      [0.81262864039, 0.004347092299, 0.050231450181, 0.1249105416, 0.0078822755247],
      [0.056173212697, 0.1566743115, 0.68654789314, 0.061983245162, 0.038621337504],
      [0.0039281707249, 0.066284284419, 0.0022924147192, 0.92057820003, 0.0069169301064],
      [7.4873316535e-05, 0.63663991813, 0.012715070717, 0.1807915119, 0.16977862594],
      [0.24045869203, 0.02986868749, 0.083131486569, 0.3556978214, 0.29084331252]
    ],
    [
      [0.99388638087, 2.4003700059e-05, 0.0053356308765, 0.00053998998388, 0.00021399456967],
      [0, 0.0089917470817, 0.97387023273, 0.0040180729497, 0.013119947239],
      [0, 0.086106770056, 0.0044547778736, 0.90727629978, 0.0021621522852],
      [0, 0.034842035215, 0.0032569779315, 0.011924556469, 0.94997643038],
      [0.31859362804, 0.014846982057, 0.1460255445, 0.2103489064, 0.31018493901]
    ],
    [
      [0.81449003034, 0.0044694849871, 0.1100378767, 0.060437981099, 0.010564626881],
      [0.037711753603, 0.093473483931, 0.824318921, 0.0086657185333, 0.03583012293],
      [0.0052887475817, 0.12892321325, 0.01755915237, 0.83882989785, 0.009398988954],
      [0.00010357613939, 0.64357313061, 0.030810458448, 0.089990725523, 0.23552210928],
      [0.27807068438, 0.028720857009, 0.17748708785, 0.16103082336, 0.35469054741]
    ],
    [
      [0, 0.033501823945, 0.18842622759, 0.44214292711, 0.33592902135],
      [0, 0.1022406323, 0.79948084306, 0.061674871109, 0.036603653537],
      [0, 0.043995039211, 0.0025452561744, 0.95011272879, 0.0033469758201],
      [0, 0.52771826634, 0.010406995333, 0.22964272196, 0.23223201637],
      [0.003991398659, 0.024425676986, 0.064347994541, 0.44372209781, 0.46351283201]
    ],
    [
      [0.69335191757, 0.0041238741541, 0.16243239193, 0.13443247643, 0.0056593399169],
      [0.0065084241193, 0.063475277782, 0.89045506446, 0.031217995511, 0.0083432381264],
      [0, 0.062796808902, 0.012294086756, 0.92490910434, 0],
      [8.2820621478e-05, 0.61875383701, 0.045436946499, 0.20625587063, 0.12947052524],
      [0.20970464744, 0.025069615833, 0.24481727906, 0.34043323933, 0.17997521833]
    ],
    [
      [0.80057858706, 0.0013662516055, 0.039725240251, 0.13775977279, 0.020570148295],
      [0.077287567497, 0.061101014046, 0.64870329039, 0.15668839701, 0.05621973106],
      [0.0092181558024, 0.0013276911979, 0.014566628737, 0.97488752426, 0],
      [9.6929405151e-05, 0.21874708616, 0.011878921941, 0.22809677421, 0.54118028829],
      [0.16988672104, 0.0062282126372, 0.043897063488, 0.26055474019, 0.51943326265]
    ],
    [
      [0.66470180246, 0.060307251432, 0.085876678339, 0.17046393973, 0.018650328043],
      [0.016508956258, 0.62386018572, 0.30811044619, 0.024693429798, 0.026826982037],
      [0.00048050711948, 0.11288730474, 0.10138230547, 0.78054973847, 0.0047001442032],
      [8.9039629712e-06, 0.92704361117, 0.0025392630686, 0.026875040503, 0.043533181293],
      [0.12159198898, 0.21198014462, 0.075193090441, 0.24818577815, 0.3430489978]
    ],
    [
      [0.9099417841, 0.003331788983, 0.042774630215, 0.038528643783, 0.0054231529215],
      [0, 0.018138045857, 0.9798068631, 0.0020550910448, 0],
      [0, 0.16794771187, 0.0015320077244, 0.83052028041, 0],
      [0, 0.96648941174, 0.0018090442096, 0.031701544055, 0],
      [0.33205244145, 0.038875037524, 0.12747374424, 0.1918361351, 0.30976264168]
    ],
    [
      [0.85507721933, 0.0017970202776, 0.043410036154, 0.093538400377, 0.0061773238564],
      [0.0788303423, 0.0829561949, 0.73784714591, 0.060500363716, 0.039865953171],
      [0.0048276813297, 0.035275538658, 0.0033444040866, 0.95113671715, 0.0054156587806],
      [0.00015219397035, 0.4703527433, 0.020973834862, 0.25248044552, 0.25604078235],
      [0.31450313261, 0.014637601425, 0.086651812634, 0.31564158986, 0.26856586347]
    ],
    [
      [0.9079470043, 0.0012984783036, 0.010829849122, 0.077858937752, 0.0020657305217],
      [0.12221128876, 0.15736064538, 0.48368288336, 0.13688366296, 0.099861519553],
      [0.0047213006684, 0.03072831393, 0, 0.96313326355, 0.0014171218547],
      [0.00010909312276, 0.55367619616, 0.0068362153753, 0.31615896259, 0.12321953275],
      [0.34320902455, 0.018173085537, 0.033929971324, 0.45380002759, 0.150887891]
    ],
    [
      [0.70407848716, 0.0047505572374, 0.10977805452, 0.17022888818, 0.011164012898],
      [0.017969403675, 0.095360396454, 0.79692762067, 0.04779472201, 0.041947857192],
      [0, 0.05630577213, 0.0075731117659, 0.93223395733, 0.003887158779],
      [6.8896852372e-05, 0.5636204501, 0.024662461755, 0.20782894075, 0.20381925055],
      [0.17955300812, 0.024126237975, 0.13834950478, 0.35863247427, 0.29933877485]
    ],
    [
      [0.88693506425, 0.0011856551528, 0.038907494961, 0.063301614425, 0.0096701712156],
      [0.099975517525, 0.060202094395, 0.72731577195, 0.068069458104, 0.044437158023],
      [0.0089633982035, 0.03795039423, 0.0079270421188, 0.94515916545, 0],
      [0.00019751156411, 0.34524567557, 0.020853666524, 0.18682144921, 0.44688169713],
      [0.32884338467, 0.0089184446928, 0.071930909853, 0.19643404386, 0.39387321693]
    ],
    [
      [0.71066460424, 0.0066374070567, 0.034947943351, 0.21874590726, 0.029004138101],
      [0.017692987322, 0.22862964089, 0.46803110893, 0.15058980965, 0.13505645321],
      [0, 0.062997825703, 0, 0.93349523269, 0.0035069416041],
      [2.7655620963e-05, 0.49369500497, 0.0043019981334, 0.1583129418, 0.34366239948],
      [0.072817607998, 0.021412651078, 0.025239876136, 0.28867482385, 0.59185504094]
    ],
    [
      [0.84790363335, 0.00067565371715, 0.083714668288, 0.061042884622, 0.006663160018],
      [0.035252927357, 0.015485685588, 0.90869725625, 0.019632060112, 0.020932070691],
      [0.0071306482027, 0.00025022963813, 0.016276853487, 0.9709565106, 0.0053857580722],
      [0.00019880538937, 0.26808072331, 0.058003460635, 0.24612850555, 0.42758850512],
      [0.29933733251, 0.0057130938849, 0.17524512848, 0.21276221315, 0.30694223197]
    ],
    [
      [0.77454725526, 0.005669195382, 0.11800841848, 0.095119653828, 0.0066554770523],
      [0.031998497721, 0.11110373218, 0.80660395551, 0.032091471305, 0.018202343281],
      [0, 0.10102764004, 0.023766395211, 0.87497977862, 0.0002261861334],
      [8.9702154124e-05, 0.71528794782, 0.029376603788, 0.12535609065, 0.12988965558],
      [0.27744113423, 0.037494910444, 0.1965981581, 0.26107994849, 0.22738584874]
    ],
    [
      [0.82431611168, 0.0046395433436, 0.090237978748, 0.075753777773, 0.0050525884541],
      [0.049817649337, 0.11598254859, 0.78998253917, 0.026624781021, 0.01759248189],
      [0.004012736694, 0.10039597417, 0.015814788234, 0.87908378936, 0.00069271154176],
      [0.00011322787316, 0.72754805038, 0.027442890455, 0.12316313345, 0.12173269784],
      [0.34005921551, 0.036042144993, 0.17597953788, 0.24434871186, 0.20357038976]
    ],
    [
      [0.75338883411, 0.0068970287801, 0.12066864899, 0.11236965701, 0.0066758311142],
      [0.026521637458, 0.12884517989, 0.79014673532, 0.037162131687, 0.01732431565],
      [0, 0.098475581716, 0.019929383957, 0.88028210111, 0.0013129332193],
      [7.1405997323e-05, 0.74096532691, 0.025094919707, 0.12457935339, 0.109288994],
      [0.2526041657, 0.043477827717, 0.19100676449, 0.29421147477, 0.21869976732]
    ],
    [
      [0.69165666286, 0.0037637083743, 0.079229046719, 0.19945026156, 0.025900320483],
      [0.01714517159, 0.092641170323, 0.71210301593, 0.089825928716, 0.08828471344],
      [0, 0.036675324906, 0.007320278706, 0.95470675906, 0.0012976373313],
      [5.5345010481e-05, 0.37253799939, 0.014834775178, 0.20353276468, 0.40903911574],
      [0.11877253145, 0.013305944495, 0.069086991979, 0.29246921132, 0.50636532076]
    ],
    [
      [0.70058660527, 0.0039408243502, 0.21074894535, 0.076222350949, 0.0085012740804],
      [0.0072631507644, 0.047292358417, 0.90566653858, 0.013159808759, 0.026618143481],
      [0, 0.09027075858, 0.02760188266, 0.87593584062, 0.0061915181376],
      [9.3318333063e-05, 0.61254857012, 0.062670842129, 0.12184947597, 0.20283779345],
      [0.2159900864, 0.023272685508, 0.3121713573, 0.18638496179, 0.262180909]
    ],
    [
      [0.77710263759, 0.0038521639295, 0.12803856665, 0.08198527598, 0.0090213558434],
      [0.021920253055, 0.076625496791, 0.8537585334, 0.017937719694, 0.029757997056],
      [0.0035015049438, 0.084181628358, 0.015013871677, 0.89137831059, 0.0059246844337],
      [9.739690385e-05, 0.61514511083, 0.037668302131, 0.1304630484, 0.21662614173],
      [0.24837478638, 0.02445364158, 0.20269010255, 0.2166392875, 0.307842182]
    ],
    [
      [0.65573243688, 0.0039107655584, 0.10492110697, 0.20943244829, 0.026003242297],
      [0, 0.069581613527, 0.79438812746, 0.072514663266, 0.063515595749],
      [0, 0.036671412639, 0.0049151477156, 0.95511900871, 0.0032944309394],
      [0, 0.37595226975, 0.017623589765, 0.20281712906, 0.40360701142],
      [0, 0.013609136858, 0.15520708411, 0.31273753804, 0.51844624099]
    ],
    [
      [0.77485398334, 0.0034815059375, 0.029156276736, 0.18733114685, 0.0051770871319],
      [0.071495466144, 0.17413913662, 0.58999531272, 0.12929920867, 0.035070875854],
      [0.0013078998198, 0.036871949767, 0, 0.9586310775, 0.0031890729096],
      [7.6080530931e-05, 0.56972674862, 0, 0.30830894424, 0.12188822661],
      [0.25507303637, 0.026411267207, 0.0083372394009, 0.528359173, 0.18181928402]
    ],
    [
      [0.84681211169, 0.0023986363288, 0.057387402975, 0.088429071411, 0.0049727775965],
      [0.077085534895, 0.090120913107, 0.75997375768, 0.046794533017, 0.0260252613],
      [0.0050951986905, 0.053895376421, 0.0060932541647, 0.93123966014, 0.003676510581],
      [0.00017764111145, 0.57072406207, 0.026662672021, 0.21957056943, 0.18286505537],
      [0.36229279831, 0.019310973346, 0.11601908746, 0.29548635462, 0.20689078626]
    ],
    [
      [0.74333866013, 0.0054788739901, 0.071939647603, 0.16177670634, 0.017466111934],
      [0.047923778051, 0.14732566174, 0.67823996162, 0.061028127394, 0.065482471192],
      [0.0002905647446, 0.06350726607, 0.011785292517, 0.92301513818, 0.0014017384914],
      [6.4562068852e-05, 0.54682475032, 0.013911987783, 0.16754243109, 0.27165626874],
      [0.17430279032, 0.024764468896, 0.081043056037, 0.30340285602, 0.41648682873]
    ],
    [
      [0.75050171477, 0.016243687609, 0.13269503817, 0.065752556936, 0.034807002513],
      [0.014900850909, 0.22135674319, 0.68584422637, 0.012235092831, 0.065663086696],
