{
  "X": [
    [13, 1, 106, 179, 11],
    [17, 12, 211, 302, 16],
    [143, 112, 1473, 3380, 105],
    [1, 0, 4, 4, 3],
    [5, 0, 15, 17, 0],
    [21, 19, 105, 328, 3],
    [55, 33, 468, 577, 13],
    [163, 225, 1250, 1349, 42],
    [175, 238, 2354, 2231, 104],
    [9, 2, 13, 92, 1],
    [0, 3, 12, 4, 1],
    [44, 30, 328, 900, 25],
    [26, 36, 357, 550, 22],
    [23, 23, 281, 368, 28],
    [10, 6, 117, 270, 9],
    [21, 19, 180, 362, 17],
    [26, 20, 302, 695, 22],
    [16, 24, 192, 469, 14],
    [4, 2, 13, 110, 3],
    [4, 8, 25, 74, 2],
    [6, 6, 44, 114, 8],
    [0, 1, 5, 14, 2],
    [3, 11, 47, 182, 6],
    [4, 2, 8, 107, 2],
    [1, 2, 12, 74, 5],
    [8, 5, 40, 253, 8],
    [36, 25, 156, 543, 16],
    [3, 7, 36, 159, 3],
    [12, 10, 46, 86, 4],
    [28, 44, 227, 386, 8],
    [1, 1, 7, 33, 0],
    [5, 6, 56, 109, 10],
    [18, 21, 243, 244, 6],
    [25, 24, 248, 223, 10],
    [20, 17, 189, 113, 7],
    [19, 34, 197, 151, 7],
    [33, 41, 231, 185, 11],
    [12, 44, 176, 335, 9],
    [17, 17, 169, 135, 8],
    [26, 40, 299, 176, 9],
    [37, 48, 287, 214, 11],
    [39, 94, 383, 425, 17],
    [44, 54, 423, 237, 12],
    [21, 48, 236, 343, 6],
    [21, 38, 131, 123, 7],
    [19, 44, 213, 144, 9],
    [35, 60, 310, 278, 14],
    [8, 15, 104, 161, 7],
    [6, 4, 26, 112, 6],
    [4, 3, 42, 173, 2],
    [14, 5, 71, 128, 5],
    [0, 1, 5, 100, 0],
    [53, 39, 128, 186, 0],
    [128, 98, 604, 781, 34],
    [101, 106, 458, 706, 25]
  ],
  "W": [
    [5, 94, 176, 19, 16],
    [17, 211, 296, 16, 18],
    [140, 1287, 3332, 271, 183],
    [0, 5, 4, 2, 1],
    [6, 12, 14, 1, 4],
    [24, 90, 320, 14, 28],
    [38, 414, 567, 96, 31],
    [145, 1214, 1393, 165, 112],
    [141, 2232, 2241, 315, 173],
    [9, 8, 91, 4, 5],
    [1, 12, 4, 1, 2],
    [45, 284, 866, 73, 59],
    [35, 321, 535, 65, 35],
    [15, 245, 358, 58, 47],
    [10, 96, 249, 38, 19],
    [11, 161, 361, 44, 22],
    [16, 260, 668, 83, 38],
    [18, 157, 468, 43, 29],
    [1, 9, 105, 11, 6],
    [2, 25, 77, 6, 3],
    [7, 35, 112, 13, 11],
    [0, 5, 16, 0, 1],
    [3, 36, 182, 14, 14],
    [3, 6, 103, 3, 8],
    [0, 9, 77, 5, 3],
    [7, 35, 240, 22, 10],
    [30, 152, 518, 34, 42],
    [4, 29, 160, 10, 5],
    [6, 42, 85, 20, 5],
    [27, 199, 389, 47, 31],
    [0, 3, 32, 6, 1],
    [10, 48, 107, 12, 9],
    [16, 208, 244, 41, 23],
    [20, 229, 217, 42, 22],
    [13, 172, 125, 19, 17],
    [10, 198, 167, 15, 18],
    [22, 211, 204, 46, 18],
    [12, 167, 349, 26, 22],
    [10, 149, 139, 30, 18],
    [19, 280, 188, 42, 21],
    [23, 282, 227, 36, 29],
    [32, 367, 452, 56, 51],
    [23, 399, 257, 57, 34],
    [24, 213, 359, 34, 24],
    [22, 134, 127, 24, 13],
    [13, 216, 153, 26, 21],
    [29, 290, 300, 42, 36],
    [7, 84, 174, 22, 8],
    [6, 25, 109, 10, 4],
    [4, 28, 177, 8, 7],
    [10, 62, 120, 21, 10],
    [0, 5, 98, 2, 1],
    [62, 122, 179, 10, 33],
    [88, 588, 795, 67, 107],
    [70, 449, 713, 84, 80]
  ],
  "method": "mult",
  "cond_prob": [
    [
      [0.89569149299, 0.015448917058, 0.060219615874, 0.028572081297, 6.7892780327e-05],
      [0.021189521541, 0.0078633819878, 0.95634341657, 0.010087864917, 0.0045158149843],
      [0, 0, 0, 0.97840942603, 0.021590573971],
      [0.078590908123, 0.00020503608433, 0.60678660216, 0.11601994589, 0.19839750774],
      [0.31478126599, 0.011231363891, 0.26710470762, 0.21902764615, 0.18785501635]
    ],
    [
      [0.75953399555, 0.11832723206, 0.081449084682, 0.040602348386, 8.73393202e-05],
      [0, 0.041728286662, 0.92484324185, 0.02856103283, 0.0048674386584],
      [0, 0, 0, 0.97600760296, 0.02399239704],
      [0.049737369964, 0.0011609178977, 0.59802594649, 0.11689363055, 0.2341821351],
      [0.18289578645, 0.064732993497, 0.2725014659, 0.25082408808, 0.22904566607]
    ],
    [
      [0.71181991462, 0.16369505174, 0.084311929106, 0.040173104537, 0],
      [0, 0.054956817442, 0.93610388623, 0.007025000111, 0.0019142962219],
      [0, 0, 0.0021943886595, 0.98570266901, 0.012102942326],
      [0.015757409293, 0.0017707233961, 0.71348528776, 0.13001687571, 0.13896970384],
      [0.21352433899, 0.097668867041, 0.30472356479, 0.24993838113, 0.13414484804]
    ],
    [
      [1, 0, 0, 0, 0],
      [0.071584799157, 0, 0.71990273789, 0.082126882208, 0.12638558074],
      [0, 0, 0, 0.84550823547, 0.15449176453],
      [0.092780496425, 0, 0.17960503064, 0.062555696716, 0.66505877622],
      [0.45651501137, 2.249976828e-17, 0.041276249246, 0.082221253633, 0.41998748575]
    ],
    [
      [0.64283430596, 0, 0.2029559489, 0.15420974515, 0],
      [3.006854025e-17, 0, 0.95117775964, 0.048822240358, 0],
      [0, 9.2994903029e-33, 0, 1, 0],
      [0.057181968461, 0, 0.79454076206, 0.14827726948, 0],
      [0.27145304895, 0, 0.39339760721, 0.33514934384, 0]
    ],
    [
      [0.64328229655, 0.2484120014, 0.0724747933, 0.035830908755, 0],
      [0, 0.090705783468, 0.90431644532, 0.0045176186685, 0.00046015254014],
      [0, 0, 0.0043937267839, 0.99226330297, 0.0033429702439],
      [0.059657393528, 0.0035794533, 0.74376075157, 0.14427240838, 0.048729993222],
      [0.16878647762, 0.17230282529, 0.35905292103, 0.25676435147, 0.04309342458]
    ],
    [
      [0.78613383326, 0.12209319461, 0.062746963457, 0.029026008676, 0],
      [0.016558718932, 0.060900514028, 0.91822402929, 0.0035136680389, 0.00080306971574],
      [0.0016080945013, 1.6641725734e-05, 0.014466132653, 0.97776470161, 0.0061444295059],
      [0.082171857853, 0.0020323455584, 0.70916691269, 0.13241751599, 0.074211367916],
      [0.30552634716, 0.094938863401, 0.29640472362, 0.2366995404, 0.066430525416]
    ],
    [
      [0.65784876599, 0.25774703097, 0.060110532496, 0.024293670544, 0],
      [5.318556078e-05, 0.13157991911, 0.86720815429, 0, 0.0011587410333],
      [0.02002795205, 0.00397916142, 0.031981219047, 0.93461372172, 0.0093979457589],
      [0.072689455209, 0.0049440785688, 0.69167836666, 0.12374702053, 0.10694107904],
      [0.24691664594, 0.19223137397, 0.26621879326, 0.2066271877, 0.088005999126]
    ],
    [
      [0.69460160257, 0.19920240662, 0.073679307494, 0.03250479177, 1.1891544229e-05],
      [0.0069208009863, 0.083653443598, 0.90720140695, 0, 0.0022243484611],
      [0.0016627877861, 0, 0.025610452478, 0.95909014227, 0.013636617469],
      [0.059345213088, 0.0026883724547, 0.67173847317, 0.12161855645, 0.14460938484],
      [0.2265543161, 0.12919732504, 0.28755511138, 0.22419635988, 0.13249688761]
    ],
    [
      [0.78020460764, 0.11555717466, 0.074525988453, 0.029712229246, 0],
      [0.014696519478, 0.059256167903, 0.9240793364, 0.0011737716746, 0.00079420454069],
      [0, 0, 0.0070078561045, 0.9883115246, 0.0046806192945],
      [0.080678972625, 0.0019453938612, 0.71279016404, 0.13742179833, 0.067163671148],
      [0.30757409697, 0.095630901884, 0.28955117021, 0.24743276628, 0.059811064656]
    ],
    [
      [0, 0.82049322999, 0.13025792645, 0.049248843559, 0],
      [0, 0.11210165183, 0.88789834817, 0, 0],
      [0, 0.084024605561, 0.035120658955, 0.87555650107, 0.0052982344151],
      [0, 0.0029198876113, 0.5637643229, 0.089569020621, 0.34374676887],
      [0, 0.24763431908, 0.25535746841, 0.17947806577, 0.31753014674]
    ],
    [
      [0.70837147753, 0.17160188029, 0.078696991533, 0.041329650638, 0],
      [0, 0.055983931976, 0.90693339407, 0.035543805646, 0.0015388683057],
      [0, 0, 0, 0.99030944792, 0.009690552084],
      [0, 0.0018709686079, 0.67687722294, 0.1953511088, 0.12590069965],
      [0.20547938154, 0.10579488131, 0.29622905406, 0.27418834034, 0.11830834275]
    ],
    [
      [0.57605125225, 0.24238320216, 0.13651377664, 0.045051768955, 0],
      [0, 0.071010855758, 0.91583412822, 0.011257611532, 0.0018974044921],
      [0, 0, 0.0015000098685, 0.98584392126, 0.012656068876],
      [0, 0.0020992730803, 0.71857195106, 0.13149129149, 0.14783748437],
      [0.1668058906, 0.13101858503, 0.30655944462, 0.2524589419, 0.14315713786]
    ],
    [
      [0.70139729095, 0.17747088968, 0.082566047811, 0.038513823669, 5.1947891288e-05],
      [0.0014725881823, 0.063290982315, 0.92450215327, 0.0069581466968, 0.0037761295399],
      [0, 0, 0.0087294619518, 0.97170182786, 0.019568710186],
      [0.048742209475, 0.0017155049813, 0.63426300648, 0.12066456557, 0.1946147135],
      [0.19768528471, 0.10068397231, 0.28395914848, 0.23084569205, 0.18682590244]
    ],
    [
      [0.71748084837, 0.13557723444, 0.094816919635, 0.052124997556, 0],
      [0, 0.033414487657, 0.87689238764, 0.088651459248, 0.0010416654585],
      [0, 0, 0, 0.99224787808, 0.00775212192],
      [0, 0.0008192670343, 0.68012593022, 0.19685204589, 0.12220275686],
      [0.14869429033, 0.073963404909, 0.31712506538, 0.33779529216, 0.12242194722]
    ],
    [
      [0.74775366885, 0.16846435903, 0.05631434954, 0.027439524812, 2.8097765902e-05],
      [0.017410326931, 0.088919367866, 0.88751665081, 0.0032561791675, 0.0028974752285],
      [0.0019778835844, 0, 0.0092210502764, 0.97244829107, 0.016352775065],
      [0.075511724813, 0.0026963492571, 0.62844947081, 0.12405638711, 0.16928606801],
      [0.26977796096, 0.12328338441, 0.25044479589, 0.21189119412, 0.14460266463]
    ],
    [
      [0.74263293577, 0.14456290519, 0.074642910584, 0.038161248461, 0],
      [0.00013101599256, 0.053874210745, 0.90004420993, 0.044391156444, 0.0015594068866],
      [0, 0, 0, 0.99011496733, 0.0098850326716],
      [0.060606571431, 0.0016277462833, 0.67084495823, 0.14042589028, 0.12649483377],
      [0.23824903792, 0.093278836364, 0.29247598199, 0.2577782179, 0.11821792583]
    ],
    [
      [0.59577722911, 0.27797326767, 0.086818041186, 0.03943146203, 0],
      [0, 0.090280708768, 0.90656027017, 0.0016665701788, 0.0014924508825],
      [0, 0, 0.016312860899, 0.97316793596, 0.01051920314],
      [0.0068768288058, 0.0030966383823, 0.73500739556, 0.1290638002, 0.12595533705],
      [0.17173469784, 0.16169842948, 0.3057784804, 0.24262912852, 0.11815926376]
    ],
    [
      [0.79403961544, 0.15523376104, 0.029188312554, 0.021538310957, 0],
      [0.022497282395, 0.10406591264, 0.83621638746, 0.035307938621, 0.0019124788825],
      [0, 0, 0, 0.99277840656, 0.0072215934363],
      [0.088755666109, 0, 0.39666113239, 0.36761217231, 0.14697102919],
      [0.33786208597, 0.15136217087, 0.18026529067, 0.22920394281, 0.10130650969]
    ],
    [
      [0.67227344302, 0.28288536305, 0.030045369687, 0.014795824244, 0],
      [0.012308168277, 0.23153717944, 0.75463781325, 0, 0.0015168390339],
      [0.011651842902, 0.0097701691864, 0.023055310838, 0.94436321282, 0.011159464251],
      [0.10038326082, 0.0088011844691, 0.62442884306, 0.12685196858, 0.13953474307],
      [0.28275247956, 0.28022988456, 0.18404397884, 0.1644430509, 0.088530606135]
    ],
    [
      [0.63281226353, 0.24856523527, 0.079045071133, 0.03948052917, 9.6900898377e-05],
      [0, 0.078637343722, 0.91100460494, 0.0064598461675, 0.0038982051716],
      [0, 0, 0, 0.97735816874, 0.022641831256],
      [0, 0.002241160611, 0.64825267164, 0.12046609916, 0.22904006859],
      [0.1427558323, 0.13441829408, 0.28493078163, 0.22430613559, 0.2135889564]
    ],
    [
      [3.1297867401e-19, 0.84297168724, 0.11140179782, 0.045625085146, 1.4297931514e-06],
      [0, 0.13617394128, 0.85233090696, 0, 0.011495151758],
      [0, 0.010319389337, 0.03681797025, 0.86867528791, 0.084187352499],
      [0, 0.0021757008944, 0.33027012727, 0.048744488702, 0.61880968313],
      [0, 0.15402006423, 0.14925794117, 0.10119539338, 0.59552660122]
    ],
    [
      [0.41242767011, 0.47240805481, 0.077571969491, 0.037592305597, 0],
      [0, 0.16003833536, 0.83762148123, 0.00067309864223, 0.001667084761],
      [0, 0, 0.016980031854, 0.97148663975, 0.011533328396],
      [0.015330830751, 0.0058018559747, 0.6970670731, 0.1333562005, 0.14844403967],
      [0.11057752565, 0.2671549842, 0.26882899617, 0.22753116361, 0.12590733036]
    ],
    [
      [0.73990756491, 0.18560705558, 0.042634832522, 0.03185054699, 0],
      [0.015430815536, 0.1126468582, 0.86801910002, 0.0020967273014, 0.00180649894],
      [0, 0, 0, 0.99298705613, 0.007012943866],
      [0.079049188077, 0.0032584270514, 0.61036779463, 0.16961698888, 0.13770760137],
      [0.18131810598, 0.094690300365, 0.1041096898, 0.51316878085, 0.10671312301]
    ],
    [
      [0.75872572482, 0.19575880294, 0.030075103193, 0.01544018944, 1.7961547735e-07],
      [0.011577643816, 0.15615152754, 0.82711410173, 0, 0.0051567269092],
      [0.00045065482271, 0, 0.01748039223, 0.94758988438, 0.034479068572],
      [0.051241163646, 0.0041001869388, 0.52745565974, 0.10546005094, 0.31174293874],
      [0.20163165536, 0.19137843914, 0.19090152801, 0.16942621614, 0.24666216135]
    ],
    [
      [0.72109037692, 0.18810390179, 0.053229512976, 0.037576208313, 0],
      [0, 0.06725574645, 0.69900979833, 0.23133836732, 0.0023960878959],
      [0, 0, 0, 0.98969383128, 0.010306168723],
      [0.026729994401, 0.0024660749133, 0.58727345175, 0.20348907948, 0.18004139946],
      [0.23643074848, 0.12750679136, 0.22420345291, 0.26368444305, 0.1481745642]
    ],
    [
      [0.71803210734, 0.19306910081, 0.054522394447, 0.034376397401, 0],
      [0.0081749593149, 0.08774942989, 0.80834993751, 0.093780037032, 0.0019456362524],
      [0, 0, 0, 0.98917179242, 0.010828207582],
      [0.073684657189, 0.0029157373939, 0.62864164293, 0.14799105216, 0.14676691032],
      [0.25502772903, 0.1374018705, 0.2409838525, 0.24503471912, 0.12155182884]
    ],
    [
      [0.51858847759, 0.37880626587, 0.069088484811, 0.033516771726, 0],
      [0, 0.14521328816, 0.85250342541, 0.001038470349, 0.0012448160766],
      [0, 0, 0.014570733313, 0.97694656294, 0.0084827037448],
      [0.015178977717, 0.0053116269543, 0.72976494469, 0.13667287474, 0.11307157589],
      [0.15477126249, 0.24409466205, 0.27441598935, 0.23152769097, 0.095190395141]
    ],
    [
      [0.74294682775, 0.20834986224, 0.031061401166, 0.017641908838, 0],
      [0.046977116393, 0.17157682148, 0.78022272754, 0, 0.001223334587],
      [0.016822664653, 0.00491024913, 0, 0.96844032707, 0.0098267591471],
      [0.12235727099, 0.006636627907, 0.60459263917, 0.13326504836, 0.13314841357],
      [0.33844164594, 0.19871411802, 0.19048485059, 0.18228395575, 0.090075429704]
    ],
    [
      [0.60136098275, 0.30521815087, 0.065067045257, 0.02835382112, 0],
      [0.0040811444321, 0.13873247388, 0.85656593727, 0, 0.00062044441601],
      [0.0035172698331, 0.0028393222025, 0.031103908638, 0.95664451191, 0.0058949874119],
      [0.062101270469, 0.005383910202, 0.72338674703, 0.13233281603, 0.076795256272],
      [0.21497187247, 0.2191550809, 0.28025711905, 0.22193836586, 0.063677561717]
    ],
    [
      [1, 0, 0, 0, 0],
      [0.015400537834, 0.22266926504, 0.76029243807, 0.0016377590596, 0],
      [0, 0, 0.00096548677779, 0.99903451322, 0],
      [0.098241394146, 0.0038035459308, 0.75256779258, 0.14538726734, 0],
      [0.36435002162, 0.3091709293, 0.17282035343, 0.15365869565, 0]
    ],
    [
      [0.39915637578, 0.26184846177, 0.16934077806, 0.16920396356, 0.00045042082988],
      [0, 0.050393862325, 0.93133342127, 0.011458637299, 0.0068140791054],
      [0, 0, 0, 0.96652050842, 0.033479491579],
      [0, 0.0010160613908, 0.59850023293, 0.11143876615, 0.28904493952],
      [0.11204847136, 0.10560191712, 0.26895391146, 0.22255401991, 0.29084168016]
    ],
    [
      [0.68571640919, 0.19409427275, 0.08537836168, 0.034810956386, 0],
      [0, 0.067837357215, 0.931779541, 0, 0.00038310178114],
      [0, 0.0018716498184, 0.038985791073, 0.95341828033, 0.0057242787779],
      [0.046888913992, 0.009804788649, 0.74598756458, 0.12571375896, 0.071604973818],
      [0.2220039991, 0.12720184543, 0.33590341368, 0.24585652956, 0.069034212226]
    ],
    [
      [0.72585811407, 0.17396242715, 0.068496754455, 0.031682704324, 0],
      [0.0096401314924, 0.077530105588, 0.90768279175, 0.0036742990225, 0.001472672152],
      [0, 0, 0.017025902229, 0.97256978557, 0.010404312202],
      [0.065912125957, 0.0024810420388, 0.68391840994, 0.1280432221, 0.11964519996],
      [0.25031537803, 0.1210069778, 0.28870507273, 0.23179421093, 0.1081783605]
    ],
    [
      [0.76771436237, 0.14552179696, 0.06646846606, 0.020285187155, 1.0187452833e-05],
      [0, 0.046743556207, 0.95120923617, 0, 0.0020472076228],
      [0.030152821168, 0.041224122876, 0.052194693931, 0.86159006865, 0.014838293377],
      [0.07463309851, 0.0027113849262, 0.68493382824, 0.098744051945, 0.13897763638],
      [0.28426951597, 0.10963489992, 0.29352010836, 0.18596452936, 0.1266109464]
    ],
    [
      [0.7021321464, 0.22750674905, 0.051854923581, 0.018497121227, 9.0597320312e-06],
      [0, 0.11742513581, 0.88051147946, 0, 0.0020633847373],
      [0.034234200436, 0.030435760659, 0.046165056356, 0.8747398353, 0.014425147251],
      [0.083106160447, 0.0049352272892, 0.66263431125, 0.10707532391, 0.1422489771],
      [0.27860970314, 0.18433084337, 0.24950548619, 0.17374146857, 0.11381249874]
    ],
    [
      [0.69605949896, 0.23557855561, 0.052975512403, 0.015382956273, 3.4767504334e-06],
      [0, 0.12388645218, 0.87435468421, 0, 0.0017588636172],
      [0.04210607491, 0.029034437488, 0.048155933527, 0.86740456628, 0.013298987796],
      [0.087468679032, 0.0065353569436, 0.67446192473, 0.10019699561, 0.13133704368],
      [0.28186069476, 0.19186548334, 0.24981341014, 0.17233231351, 0.10412809825]
    ],
    [
      [0.48734773659, 0.41969958496, 0.064722674848, 0.028230003602, 0],
      [0, 0.17855386922, 0.82021180166, 0, 0.0012343291216],
      [0.0039855147839, 0.0080341719652, 0.041302946775, 0.93657264615, 0.010104720321],
      [0.047862779748, 0.0071307669527, 0.69700867642, 0.1269217092, 0.12107606768],
      [0.15983864672, 0.27980831199, 0.25959104607, 0.20442827317, 0.096333722041]
    ],
    [
      [0.73938193846, 0.1712551711, 0.064574114257, 0.024776125801, 1.2650383388e-05],
      [0, 0.077497360461, 0.92055207674, 0, 0.0019505628036],
      [0.018863514487, 0.009823151132, 0.039499640983, 0.91915983114, 0.012653862261],
      [0.071871185284, 0.0031331085633, 0.68516839879, 0.11060851553, 0.12921879184],
      [0.26822314129, 0.12671835089, 0.2859165202, 0.20393148601, 0.11521050161]
    ],
    [
      [0.68640896893, 0.2257776361, 0.064835895026, 0.022977499946, 0],
      [0, 0.090945627622, 0.90799351186, 0, 0.0010608605183],
      [0.024976333889, 0.034761332043, 0.042575766045, 0.88712045036, 0.010566117666],
      [0.070268276252, 0.0044144704855, 0.70357464665, 0.11009598305, 0.11164662356],
      [0.25292434365, 0.16785290454, 0.28455026181, 0.19813102599, 0.096541464]
    ],
    [
      [0.70933089358, 0.21840476916, 0.052808217687, 0.01944528149, 1.0838079959e-05],
      [0, 0.12353279117, 0.87461431752, 0, 0.0018528913161],
      [0.041283848762, 0.012637643207, 0.034255964344, 0.89931890744, 0.01250363625],
      [0.085519857895, 0.0049290047727, 0.66841853397, 0.11235204732, 0.12878055604],
      [0.28397382394, 0.17566393175, 0.25189663187, 0.18492044256, 0.10354516988]
    ],
    [
      [0.56517491458, 0.35291015967, 0.059557792128, 0.022357133631, 0],
      [0, 0.15996963208, 0.83877532195, 0, 0.0012550459661],
      [0.015373028918, 0.023281068261, 0.047581636562, 0.90287290566, 0.010891360604],
      [0.062865332079, 0.0073240197719, 0.69150896969, 0.11739323063, 0.12090844783],
      [0.2048104915, 0.25617317558, 0.25553344054, 0.18847053828, 0.095012354106]
    ],
    [
      [0.74040109991, 0.18501719424, 0.055514965878, 0.019066739973, 0],
      [0, 0.090943903218, 0.90779551813, 0, 0.0012605786524],
      [0.044913110648, 0.031174844036, 0.041259870739, 0.87236205855, 0.010290116025],
      [0.088870521058, 0.0043301587961, 0.69627539686, 0.10670343098, 0.1038204923],
      [0.30477898721, 0.15291862294, 0.27121351912, 0.18477412843, 0.086314742292]
    ],
    [
      [0.54930571432, 0.35181607228, 0.071484495572, 0.027393717829, 0],
      [0, 0.13722938907, 0.86225821184, 0, 0.0005123990922],
      [0.0040807375334, 0.011920444458, 0.050967894243, 0.92733306289, 0.0056978608746],
      [0.053595289155, 0.0060169760958, 0.74393870071, 0.12548738652, 0.070961647524],
      [0.18872659377, 0.24343906861, 0.29299929694, 0.21514208553, 0.059692955149]
    ],
    [
      [0.58012357824, 0.34738529467, 0.05190653312, 0.020584593972, 0],
      [0, 0.19128122688, 0.80734596819, 0, 0.0013728049362],
      [0.030210006721, 0.009514727125, 0.024657055268, 0.92263363656, 0.012984574322],
      [0.068468605393, 0.0079456381389, 0.648895152, 0.12178157983, 0.15290902464],
      [0.21210491506, 0.25590565043, 0.22836668209, 0.18845455178, 0.11516820064]
    ],
    [
      [0.62537007755, 0.29667753942, 0.056031770919, 0.021920612108, 0],
      [0, 0.14455660428, 0.85351729772, 0, 0.0019260979985],
      [0.027991855156, 0.027065081686, 0.03599352375, 0.894726435, 0.014223104412],
      [0.068793620829, 0.0060993491865, 0.66188306796, 0.11325984556, 0.14996411647],
      [0.22851433388, 0.21997261364, 0.24742294139, 0.1846253097, 0.11946480139]
    ],
    [
      [0.62715230755, 0.28832222202, 0.063405639642, 0.021119830782, 0],
      [0, 0.12130212425, 0.87703776656, 0, 0.0016601091928],
      [0.019732995253, 0.029048482561, 0.051200117616, 0.88699082359, 0.013027580984],
      [0.065624780552, 0.0057569208465, 0.68597954888, 0.10899181134, 0.13364693838],
      [0.22601232561, 0.20846400236, 0.26803077253, 0.18646171542, 0.11103118408]
    ],
    [
      [0.61743046566, 0.28605790067, 0.071098653487, 0.025399264972, 1.3715206084e-05],
      [0, 0.10951424601, 0.88844139776, 0, 0.0020443562313],
      [0.0052045855666, 0.012375912333, 0.065220626573, 0.90224742152, 0.014951454009],
      [0.053321420102, 0.004841129629, 0.69271353728, 0.10377171303, 0.14535219996],
      [0.19991470119, 0.19231055412, 0.28564314623, 0.1935220143, 0.12860958416]
    ],
    [
      [0.7247753283, 0.19467087972, 0.048222284569, 0.032306049687, 2.5457727787e-05],
      [0.0035354369243, 0.091390581446, 0.78038705808, 0.12037772642, 0.0043091971299],
      [0, 0, 0, 0.97783143316, 0.022168566837],
      [0.064503467348, 0.0025477102153, 0.53775004709, 0.13390776776, 0.26129100759],
      [0.22948185841, 0.13043327084, 0.20587234244, 0.21850416224, 0.21570836607]
    ],
    [
      [0.7022563025, 0.17010238763, 0.091885659208, 0.035755650667, 0],
      [0, 0.054864418869, 0.94438549846, 0, 0.00075008266576],
      [0, 0, 0.033056393598, 0.96132361922, 0.0056199871779],
      [0, 0.0019711797096, 0.81300297029, 0.12016937481, 0.064856475192],
      [0.17013925572, 0.10965961192, 0.40495113958, 0.24876311373, 0.066486879047]
    ],
    [
      [0.81202148857, 0.10141770524, 0.054130100002, 0.032430706193, 0],
      [0.017957838323, 0.051244342825, 0.87431593369, 0.054944304445, 0.0015375807202],
      [0, 0, 0, 0.99029271234, 0.0097072876645],
      [0.082174295277, 0.0013955405671, 0.64803489896, 0.1427610051, 0.12563426009],
      [0.30407389375, 0.077936734058, 0.26423782331, 0.24360394752, 0.11014760136]
    ],
    [
      [0, 0.87025364206, 0.073229412263, 0.056516945676, 0],
      [0, 0.11329512223, 0.64275463675, 0.24395024102, 0],
      [0, 0, 0, 1, 0],
      [0, 0.0083049127775, 0.76755299692, 0.2241420903, 0],
      [5.5511151231e-17, 0.4169145633, 0.25112082242, 0.33196461428, 0]
    ],
    [
      [0.65335524559, 0.26043575632, 0.058324018377, 0.027884979712, 0],
      [0.014644083003, 0.12767286395, 0.85768305304, 0, 0],
      [0.0074334859205, 0.0022142649433, 0.014192241086, 0.97616000805, 0],
      [0.077296980517, 0.0049994329197, 0.76771568259, 0.14998790397, 0],
      [0.26066160188, 0.20698624096, 0.28875789119, 0.24359426597, 0]
    ],
    [
      [0.73895173812, 0.18568444812, 0.052720537545, 0.022578469001, 6.480721643e-05],
      [0.015057960684, 0.10741750501, 0.8751173791, 0, 0.0024071552087],
      [0.021657901266, 0.0034101148487, 0.018287634633, 0.94300227348, 0.013642075774],
      [0.08572869886, 0.0036615521553, 0.65009254761, 0.12033469088, 0.14018251049],
      [0.29118048442, 0.14525149834, 0.24950190245, 0.1987276918, 0.11533842299]
    ],
    [
      [0.68593881237, 0.2460302823, 0.046402871924, 0.021628033402, 0],
      [0.017140097353, 0.15204195806, 0.82927643401, 0, 0.0015415105769],
      [0.021199111558, 0.0055634314101, 0.012373421077, 0.95066801558, 0.010196020373],
      [0.090882439978, 0.0057282936056, 0.65599397394, 0.1294498479, 0.11794544458],
      [0.28174109904, 0.20078922267, 0.23101171318, 0.19732444161, 0.089133523506]
    ]
  ],
  "expected_outcome": [
    [
      [4.4784574649, 12.9120779244, 99.6547880465, 0, 3.8570058357, 15.4387751171, 29.8730856639, 95.3880710689, 97.938825962, 7.0218414688, 0, 31.876716489, 20.1617938289, 10.5209593643, 7.1748084837, 8.2252903573, 11.8821269723, 10.723990124, 0.79403961544, 1.344546886, 4.4296858447, 0, 1.2372830103, 2.2197226947, 0, 5.0476326384, 21.5409632203, 2.0743539104, 4.4576809665, 16.2367465344, 0, 3.9915637578, 10.971462547, 14.5171622814, 9.9802867108, 7.021321464, 15.3133089772, 5.8481728391, 7.3938193846, 13.0417704096, 16.3146105524, 18.0855972664, 17.0292252979, 13.1833371438, 12.7627187212, 8.1298110082, 18.187416919, 4.3220132596, 4.3486519698, 2.80902521, 8.1202148857, 0, 40.5080252265, 65.0277529546, 48.0157168659],
      [0.077244585292, 2.011562945, 22.9173072436, 0, 0, 5.9618880336, 4.639541395, 37.3733194904, 28.0875393341, 1.0400145719, 0.82049322999, 7.7220846133, 8.4834120755, 2.6620633451, 1.3557723444, 1.8531079494, 2.313006483, 5.0035188181, 0.15523376104, 0.5657707261, 1.7399566469, 0, 1.4172241644, 0.55682116674, 0, 1.3167273126, 5.7920730243, 1.5152250635, 1.2500991735, 8.2408900735, 0, 2.6184846177, 3.105508364, 3.479248543, 1.8917833605, 2.2750674905, 5.1827282235, 5.0363950195, 1.712551711, 4.289775086, 5.0233096907, 11.2931251093, 4.2553954675, 8.4435857346, 7.6424764828, 3.8568080125, 8.3613444387, 2.0024053047, 1.1680252783, 0.68040955052, 1.0141770524, 0, 16.147016892, 16.3402314342, 17.2221197613],
      [0.30109807937, 1.3846344396, 11.8036700748, 0, 1.2177356934, 1.7393950392, 2.3843846114, 8.7160272119, 10.3887823566, 0.67073389607, 0.13025792645, 3.541364619, 4.7779821822, 1.2384907172, 0.94816919635, 0.61945784494, 1.1942865693, 1.5627247414, 0.029188312554, 0.060090739374, 0.55331549793, 0, 0.23271590847, 0.12790449757, 0, 0.37260659083, 1.6356718334, 0.27635393925, 0.18636840699, 1.7568102219, 0, 1.6934077806, 1.3660537869, 1.3699350891, 0.86409005878, 0.51854923581, 1.1654612729, 0.77667209817, 0.64574114257, 1.2318820055, 1.2145890068, 1.9058493481, 1.2768442152, 1.7156278937, 1.1419437286, 0.72841302195, 1.8387635496, 0.49769057441, 0.28933370742, 0.36754263683, 0.54130100002, 0, 3.6160891394, 4.6394073039, 3.2482010347],
      [0.14286040649, 0.69023992255, 5.6242346351, 0, 0.92525847087, 0.85994181013, 1.1029883297, 3.5225822288, 4.5831756396, 0.26741006321, 0.049248843559, 1.8598342787, 1.5768119134, 0.57770735504, 0.52124997556, 0.30183477293, 0.61057997537, 0.70976631655, 0.021538310957, 0.029591648487, 0.27636370419, 0, 0.11277691679, 0.09555164097, 0, 0.26303345819, 1.031291922, 0.1340670869, 0.10585145303, 0.76555317023, 0, 1.6920396356, 0.55697530217, 0.63365408649, 0.26370743302, 0.18497121227, 0.33842503801, 0.33876004323, 0.24776125801, 0.43657249897, 0.44724147426, 0.7154282762, 0.43853501938, 0.6574492279, 0.45286106738, 0.2849679574, 0.61247509268, 0.1777948548, 0.19383629812, 0.14302260267, 0.32430706193, 0, 1.7288687421, 1.9869052721, 1.5139623381],
      [0.00033946390163, 0.0014847684434, 0, 0, 0, 0, 0, 0, 0.0016767077363, 0, 0, 0, 0, 0.00077921836931, 0, 0.00030907542492, 0, 0, 0, 0, 0.00067830628864, 0, 0, 0, 0, 0, 0, 0, 0, 0, 0, 0.0045042082988, 0, 0, 0.00013243688682, 9.0597320312e-05, 7.6488509534e-05, 0, 0.00012650383388, 0, 0.00024927583906, 0, 0, 0, 0, 0, 0, 9.6006442588e-05, 0.00015274636672, 0, 0, 0, 0, 0.0057030350459, 0]
    ],
    [
      [1.9918150248, 0, 0, 0.35792399578, 3.60822483e-16, 0, 6.855309638, 0.064567270787, 15.4472278015, 0.11757215583, 0, 0, 0, 0.36078410467, 0, 2.8030626359, 0.034064158066, 0, 0.20247554156, 0.30770420692, 0, 0, 0, 0.092584893218, 0.10419879434, 0, 1.2425938159, 0, 1.9730388885, 0.81214774199, 0.046201613501, 0, 0, 2.2075901118, 0, 0, 0, 0, 0, 0, 0, 0, 0, 0, 0, 0, 0, 0, 0.088385923108, 0, 1.113385976, 0, 1.7865781264, 8.8540808823, 7.6959037116],
      [0.73915790686, 8.8046684857, 70.7294240475, 0, 0, 8.1635205122, 25.2128128074, 159.7380218029, 186.7144861116, 0.47404934323, 1.345219822, 15.8994366811, 22.7944846983, 15.5062906672, 3.207790815, 14.3160182264, 14.0072947936, 14.1740712765, 0.93659321376, 5.788429486, 2.7523070303, 0.68086970639, 5.7613800731, 0.67588114919, 1.4053637479, 2.3539511257, 13.3379133432, 4.2111853567, 7.2062265023, 27.6077623025, 0.66800779512, 2.4189053916, 14.1101703008, 17.7543941796, 8.0398916677, 23.2501768895, 26.1400414095, 29.81849616, 11.5471067087, 25.4647757342, 34.8362471088, 58.7088549749, 36.2866173838, 29.2298598711, 25.6316844014, 31.2242265243, 35.1776160325, 9.1991966647, 2.2847645362, 1.5362037283, 3.1771492551, 0.56647561114, 15.5760894024, 63.1614929441, 68.2668391672],
      [89.8962811576, 195.1419240304, 1204.765701572, 3.5995136895, 11.4141331157, 81.3884800791, 380.1447481241, 1052.7906993118, 2024.8735403218, 7.3926346912, 10.654780178, 257.5690839167, 293.9827551578, 226.5030275501, 84.1816692131, 142.89018078, 234.0114945824, 142.3299624169, 7.5259474871, 18.8659453312, 31.8851611729, 4.2616545348, 30.1543733244, 5.2081146001, 7.4440269156, 24.4653429415, 122.8691905017, 24.7225993369, 32.7693545566, 170.4566215167, 2.2808773142, 44.704004221, 193.8101445287, 207.8593593097, 163.6079886212, 174.3412729325, 184.4888383673, 136.9753708767, 137.1622594336, 254.2381833207, 246.6412375401, 307.8305431556, 362.2104117339, 183.6609991222, 108.1843597372, 184.359736308, 254.3409523016, 74.6290774119, 19.509676452, 26.442793957, 54.2075878886, 3.2137731837, 104.6373324712, 514.569018911, 372.3451188722],
      [0.94825930221, 6.026377927, 9.0411751429, 0.41063441104, 0.5858668843, 0.40658568016, 1.4546585681, 0, 0, 0.009390173397, 0, 10.0944408033, 3.6136933019, 1.7047459407, 8.5105400878, 0.52424484597, 11.5417006754, 0.26165151807, 0.31777144759, 0, 0.22609461586, 0, 0.02423155112, 0.012580363808, 0, 8.0968428564, 14.2545656288, 0.03011564012, 0, 0, 0.0049132771789, 0.55001459036, 0, 0.84141447614, 0, 0, 0, 0, 0, 0, 0, 0, 0, 0, 0, 0, 0, 0, 3.0094431605, 0, 3.4065468756, 1.2197512051, 0, 0, 0],
      [0.42448660852, 1.0270295569, 2.4636992375, 0.63192790371, 0, 0.041413728613, 0.33247086232, 1.4067116145, 4.9647457652, 0.0063536363255, 0, 0.43703859882, 0.60906684196, 0.92515173729, 0.099999884013, 0.46649351179, 0.40544579052, 0.23431478855, 0.017212309943, 0.037920975848, 0.13643718101, 0.057475758791, 0.060015051397, 0.01083899364, 0.046410542182, 0.083863076358, 0.29573671036, 0.03609966622, 0.051380052653, 0.12346843879, 0, 0.32707579706, 0.079685170478, 0.3372419228, 0.35211971112, 0.40855017798, 0.37112022322, 0.2061329633, 0.29063385773, 0.29704094513, 0.52251535113, 0.46060186954, 0.5029708823, 0.10914100664, 0.18395586145, 0.41603716767, 0.48143166592, 0.17172592343, 0.10772992825, 0.021002314641, 0.095330004649, 0, 0, 1.4154072627, 0.69213824905]
    ],
    [
      [0, 0, 0, 0, 0, 0, 0.91178958226, 27.8989372052, 3.7263074286, 0, 0, 0, 0, 0, 0, 0.71401597398, 0, 0, 0, 0.89719190346, 0, 0, 0, 0, 0.034700421349, 0, 0, 0, 1.4299264955, 1.3682179651, 0, 0, 0, 0, 3.769102646, 5.7171114728, 8.5896392816, 1.3909446596, 2.6220285137, 4.6955507711, 9.371433669, 6.9486090708, 11.5426694366, 1.4649847745, 3.8366708536, 4.2827538389, 5.9198985758, 0.90559788859, 0, 0, 0, 0, 1.3305939798, 17.2180315061, 15.1149665411],
      [0, 0, 0, 0, 1.3019286424e-31, 0, 0.0094358584912, 5.5429718581, 0, 0, 0.33609842224, 0, 0, 0, 0, 0, 0, 0, 0, 0.75230302735, 0, 0.16511022938, 0, 0, 0, 0, 0, 0, 0.41737117605, 1.1044963368, 0, 0, 0.45668255568, 0, 5.1530153596, 5.08277203, 5.9230252476, 2.8039260158, 1.3654180074, 6.5351304241, 2.868745008, 10.5230428541, 8.0119349172, 4.2794395604, 1.2083703449, 4.1409574979, 8.7145447683, 2.1534087459, 0, 0, 0, 0, 0.39635342485, 2.7110413047, 3.9667265954],
      [0, 0, 7.3117030133, 0, 0, 1.4059925708, 8.2022972144, 44.5498381326, 57.3930240043, 0.63771490551, 0.14048263582, 0, 0.80250527966, 3.1251473787, 0, 3.3287991498, 0, 7.6344189009, 0, 1.7752589345, 0, 0.58908752401, 3.0903657974, 0, 1.3459902017, 0, 0, 2.3313173301, 0, 12.0994204604, 0.030895576889, 0, 9.5125330219, 3.6946207836, 6.5243367414, 7.7095644115, 9.8238104395, 14.4147284246, 5.4904500966, 8.0042440164, 7.776103906, 21.5068997262, 10.6037867798, 18.2974740334, 3.1314460191, 5.5070091338, 15.3600352849, 11.3483890238, 0, 5.8509816668, 0, 0, 2.5404111544, 14.538669533, 8.8222492279],
      [172.2000589811, 288.8982504762, 3284.3612931571, 3.3820329419, 14, 317.5242569511, 554.392585815, 1301.916914362, 2149.3210088192, 89.9363487387, 3.5022260043, 857.6079818953, 527.4264978715, 347.8692543746, 247.0697216419, 351.0538330777, 661.3967981754, 455.4425940298, 104.2417326892, 72.7159673873, 109.4641148993, 13.8988046066, 176.8105684345, 102.2776667818, 72.9644210969, 237.5265195065, 512.3909884726, 156.3114500707, 82.317427801, 372.1347151346, 31.9691044231, 103.417694401, 232.6340604006, 211.0476434686, 107.698758581, 146.0815524948, 176.9505315208, 326.8638535078, 127.763216528, 166.7786446672, 204.1453919881, 408.0985533561, 224.197049048, 332.9125695778, 117.1744718436, 136.8931445544, 266.0972470758, 156.9910513442, 106.5836262148, 170.1542806027, 118.8351254803, 98, 174.732641441, 749.686807416, 677.8262951096],
      [3.7999410189, 7.1017495238, 40.3270038296, 0.6179670581, 0, 1.0697504781, 3.4838915298, 13.0913384421, 30.5596597479, 0.4259363558, 0.02119293766, 8.3920181047, 6.7709968488, 7.0055982467, 1.9302783581, 5.9033517986, 6.6032018246, 4.9229870693, 0.75826731081, 0.85927874736, 2.5358851007, 1.34699764, 2.0990657681, 0.7223332182, 2.6548882801, 2.4734804935, 5.6090115274, 1.3572325992, 0.83527452751, 2.2931501032, 0, 3.582305599, 1.3967240218, 2.2577357477, 1.8547866721, 2.4089995909, 2.7129935104, 3.5265473921, 1.7588868543, 1.9864301213, 2.8383254289, 4.9228949928, 2.6445598184, 2.045532054, 1.6490409389, 2.176134975, 3.9082742952, 2.6015529976, 2.4163737852, 0.99473773049, 1.1648745197, 0, 0, 10.8454502401, 7.269762526]
    ],
    [
      [1.4932272543, 0.79579791943, 4.2702579183, 0.18556099285, 0.057181968461, 0.83520350939, 7.8884983539, 11.9937601095, 18.6937421226, 0.3227158905, 0, 0, 0, 2.8270481495, 0, 3.3225158918, 5.0303454288, 0.29570363865, 0.9763123272, 0.60229956491, 0, 0, 0.21463163051, 0.23714756423, 0.25620581823, 0.58805987682, 2.5052783444, 0.15178977717, 2.4471454198, 2.9187597121, 0.58944836488, 0, 1.9224454737, 2.7683092902, 1.4180288717, 1.2465924067, 4.0235592355, 1.2444322734, 2.1561355585, 2.9512676026, 3.0787148842, 3.5204585964, 5.0656197003, 1.8222398313, 1.6432465294, 1.7886341415, 2.7562407832, 1.1730712422, 0.64503467348, 0, 1.7256602008, 0, 0.77296980517, 5.7438228237, 7.6341249581],
      [0.0038956856023, 0.018574686363, 0.47986604035, 0, 0, 0.0501123462, 0.19510517361, 0.81577296386, 0.84683732323, 0.0077815754447, 0.0029198876113, 0.13658070838, 0.13645275022, 0.099499288918, 0.031132147303, 0.11863936731, 0.13510294151, 0.13315545044, 0, 0.052807106815, 0.029135087943, 0, 0.081225983646, 0.0097752811542, 0.020500934694, 0.054253648093, 0.099135071392, 0.053116269543, 0.13273255814, 0.25304377949, 0.022821275585, 0.012192736689, 0.40199633461, 0.10420376563, 0.051516313599, 0.074028409339, 0.3006264194, 0.18539994077, 0.093993256899, 0.18540776039, 0.17744417182, 0.41014510723, 0.24681905138, 0.20457718726, 0.19069531533, 0.15858307885, 0.24179067555, 0.10650485184, 0.025477102153, 0.015769437677, 0.02930635191, 0.016609825555, 0.049994329197, 0.2453239944, 0.48117666287],
      [11.5289454411, 9.5684151438, 193.3545129824, 0.35921006129, 0.79454076206, 10.412650522, 68.0800236178, 114.1269304988, 211.5976190488, 2.8511606562, 0.5637643229, 49.4120372745, 46.7071768187, 36.7872543756, 25.8447853483, 27.6517767158, 55.6801315328, 31.6053180092, 4.3632724563, 3.7465730584, 8.4272847313, 0, 9.7589390234, 1.8311033839, 2.6372782987, 12.9200159385, 21.3738158597, 7.2976494469, 12.0918527835, 33.9991771103, 4.5154067555, 7.1820027952, 30.5854901479, 28.7245732175, 13.0137427366, 9.9395146688, 31.0252485378, 18.1222255868, 20.5550519638, 29.5501351595, 24.063067223, 38.7245023026, 39.6876976209, 25.2939158241, 15.573483648, 17.208959767, 28.8111410528, 15.2396978201, 5.3775004709, 6.5040237623, 13.6087328782, 1.5351059938, 7.6771568259, 43.55620069, 55.1034938107],
      [2.2043789719, 1.8702980888, 35.2345733182, 0.12511139343, 0.14827726948, 2.0198137173, 12.7120815347, 20.4182583866, 38.3098452818, 0.54968719331, 0.089569020621, 14.2606309428, 8.5469339468, 6.9985448031, 7.4803777436, 5.4584810328, 11.6553488936, 5.5497434086, 4.0437338954, 0.7611118115, 1.5660592891, 0, 1.866986807, 0.50885096663, 0.52730025469, 4.4767597485, 5.0316957735, 1.3667287474, 2.6653009673, 6.2196423534, 0.87232360406, 1.3372651938, 5.1542641173, 5.3778153282, 1.8761369869, 1.6061298587, 4.6090617981, 3.2999644392, 3.3182554658, 4.6240312879, 4.0446737034, 6.5740209155, 6.082095566, 4.2665711416, 2.9227579159, 2.9447559845, 4.5776560764, 2.2829776866, 1.3390776776, 0.96135499848, 2.9979811071, 0.44828418061, 1.4998790397, 8.0624242892, 10.8737872238],
      [3.7695526471, 3.7469141616, 37.6607897408, 1.3301175524, 0, 0.6822199051, 7.1242913199, 17.6452780412, 45.5519562235, 0.26865468459, 0.34374676887, 9.1907510744, 9.6094364843, 11.2876533829, 4.6437047608, 7.4485869923, 10.4990712033, 5.4160794931, 1.6166813211, 0.83720845839, 2.9775208916, 0, 2.0782165554, 0.4131228041, 1.5587146937, 3.9609107881, 4.990074951, 1.1307157589, 2.6629682713, 3.6093770448, 0, 3.4685392743, 2.9358039265, 5.0250983984, 2.6405750912, 2.1337346565, 6.0415040093, 3.1479777597, 3.8765637551, 4.6891581896, 4.6361000176, 6.7708730782, 5.9177680614, 2.4126960158, 3.6698165914, 3.8990670281, 5.613171412, 3.1977483992, 2.6129100759, 0.51885180154, 2.638319462, 0, 0, 9.3922282027, 9.9074173445]
    ],
    [
      [5.0365002559, 3.2921241562, 39.0749540352, 0.45651501137, 1.0858121958, 4.7260213735, 9.4713167619, 27.6546643457, 39.1938966853, 1.5378704849, 0, 12.123283511, 5.8382061711, 9.2912083815, 2.8251915163, 5.935115141, 9.0534634409, 4.9803062373, 2.0271725158, 0.84825743867, 1.5703141553, 0, 1.5480853592, 1.4505448478, 0.60489496608, 2.3643074848, 10.7111646194, 0.77385631245, 1.6922082297, 6.6641280465, 0.36435002162, 1.0084362422, 5.1060919794, 5.5069383167, 4.8325817715, 5.0149746565, 5.0734925057, 3.5164502279, 4.8280165431, 5.3114112167, 8.2352408943, 10.4453350664, 10.3624855652, 4.5294382505, 2.7573638958, 4.7988010114, 8.136443722, 1.5993176095, 0.91792743364, 1.19097479, 3.0407389375, 5.5511151231e-17, 8.6018328622, 31.1563118333, 22.5392879233],
      [0.17970182225, 1.1651938829, 17.8734026685, 2.249976828e-17, 0, 4.8244791081, 2.9431047654, 21.5299138847, 22.3511372311, 0.47815450942, 0.49526863816, 6.2418979973, 4.585650476, 4.7321466987, 1.4053046933, 2.712234457, 3.5445957818, 4.689254455, 0.90817302519, 0.84068965369, 1.4786012349, 0.15402006423, 3.7401697788, 0.75752240292, 0.57413531742, 1.2750679136, 5.7708785611, 1.2204733103, 0.9935705901, 6.7938075078, 0.3091709293, 0.95041725407, 2.9256424449, 2.6621535117, 1.8637932987, 3.3179551806, 3.4535787001, 6.1557828639, 2.2809303161, 3.5249109954, 5.0942540207, 13.0648319545, 5.1992331801, 5.8425376467, 3.3267734556, 4.6194248864, 7.5047040849, 1.5384844329, 0.52173308337, 0.76761728346, 0.77936734058, 0.4169145633, 6.8305459516, 15.5419103225, 16.0631378133],
