{
  "Z_true": {},
  "V_true": [
    [471, 9, 61, 11, 51, 8],
    [21, 9, 44, 96, 467, 21],
    [36, 223, 56, 164, 170, 21],
    [12, 530, 53, 34, 80, 7],
    [23, 89, 130, 271, 264, 26],
    [36, 78, 380, 3612, 215, 40],
    [27, 68, 718, 111, 5509, 30],
    [320, 176, 546, 394, 818, 300]
  ],
  "p_true": [
    [0.7709, 0.0147, 0.0998, 0.018, 0.0835, 0.0131],
    [0.0319, 0.0137, 0.0669, 0.1459, 0.7097, 0.0319],
    [0.0537, 0.3328, 0.0836, 0.2448, 0.2537, 0.0313],
    [0.0168, 0.7402, 0.074, 0.0475, 0.1117, 0.0098],
    [0.0286, 0.1108, 0.1619, 0.3375, 0.3288, 0.0324],
    [0.0083, 0.0179, 0.0871, 0.8283, 0.0493, 0.0092],
    [0.0042, 0.0105, 0.1111, 0.0172, 0.8524, 0.0046],
    [0.1253, 0.0689, 0.2138, 0.1543, 0.3203, 0.1175]
  ],
  "Z_est": [
    [
      [9.6156, 16.536, 8.268, 13.1851, 10.526, 10.7446, 19.0198, 5.856, 6.4905, 7.1812, 8.0214, 11.1962, 17.461, 6.2647, 11.189, 10.656, 6.2719, 5.5129, 5.1501, 9.8402, 7.6123, 4.2541, 5.5945, 14.187, 14.0883, 18.3101, 18.3568, 8.734, 5.3931, 11.6022, 3.71, 2.4622, 5.3687, 8.2752, 17.4319, 8.4938, 7.8381, 5.5945, 4.5529, 5.5945, 2.9065, 8.9598, 12.0777, 6.2719, 2.7845, 3.5954, 10.9704, 59.0555],
      [1.1029, 1.5727, 0.8615, 2.83, 0.8448, 1.1028, 1.3058, 0.884, 0.4798, 0.5298, 0.571, 0.7024, 1.0654, 0.5131, 0.8938, 0.3868, 0.4219, 0.1521, 0.4307, 0.7113, 0.6544, 0.3228, 0.6721, 1.1764, 1.1165, 2.0603, 1.3902, 0.6456, 0.2472, 0.7358, 0.5553, 0.2738, 0.7055, 0.8536, 2.4199, 0.8281, 0.7545, 0.839, 0.206, 0.7055, 0.2649, 0.558, 1.5945, 0.3378, 0.1236, 0.1648, 1.3904, 5.5249],
      [0.2006, 0.3627, 0.3513, 0.2386, 0.2014, 0.153, 0.3025, 0.1468, 0.1418, 0.0741, 0.0833, 0.1781, 0.5323, 0.1518, 0.225, 0.2484, 0.0687, 0.8915, 0.1685, 0.1818, 0.1987, 0.094, 0.1401, 0.1481, 0.3666, 0.5112, 0.4119, 0.203, 0.0556, 0.1204, 0.11, 0.0974, 0.1802, 0.2273, 0.2816, 0.1337, 0.1125, 0.1401, 0.0463, 0.1326, 0.1173, 0.0926, 0.2661, 0.0648, 0.0278, 0.037, 0.1856, 1.0792],
      [0.6262, 0.6291, 0.8446, 0.489, 0.2839, 0.3715, 0.5552, 0.256, 0.2672, 0.1238, 0.1393, 0.3222, 0.4774, 0.3321, 0.4093, 0.3289, 0.1084, 0.4622, 0.1568, 0.3224, 0.3006, 0.1971, 0.2651, 0.2477, 1.9341, 2.0604, 0.5892, 0.3026, 0.0929, 0.2012, 0.2607, 0.0464, 0.2696, 0.3719, 1.1813, 0.3896, 0.1393, 0.1084, 0.0774, 0.2271, 0.1672, 0.1548, 0.798, 0.1084, 0.0464, 0.0619, 0.2012, 2.6567],
      [1.3869, 4.7235, 1.5206, 2.1344, 0.0485, 0.531, 2.626, 0.7106, 0.4448, 0.0324, 0.0364, 0.4599, 1.2347, 0.5476, 1.0813, 1.224, 0.0283, 0.9225, 0.0243, 0.7903, 0.1002, 0.0202, 0.2566, 0.0647, 1.269, 1.0813, 0.9621, 0.0524, 0.0243, 0.0526, 2.1752, 0.0121, 0.4191, 1.1492, 3.478, 2.0595, 0.0364, 0.1733, 0.0202, 0.2249, 0.4781, 0.0405, 1.029, 0.0283, 0.0121, 0.0162, 0.0526, 7.9704],
      [0.0679, 0.1761, 0.154, 0.1229, 0.0954, 0.0972, 0.1907, 0.1467, 0.176, 0.0587, 0.1485, 0.1412, 0.2292, 0.1907, 0.2017, 0.1559, 0.1008, 0.0587, 0.0697, 0.154, 0.1338, 0.1118, 0.0715, 0.176, 0.2255, 0.9766, 0.2897, 0.0624, 0.187, 0.2878, 0.1888, 0.1082, 0.0568, 0.1229, 0.2072, 0.0954, 0.1192, 0.1448, 0.0972, 0.1155, 0.066, 0.1943, 0.2347, 0.1888, 0.0055, 0.1247, 0.1998, 0.7133]
    ],
    [
      [0.1878, 0.2872, 0.1436, 0.232, 0.2541, 0.243, 0.3377, 0.4663, 0.1436, 0.2099, 0.232, 0.2651, 0.3535, 0.1326, 0.243, 0.2209, 0.1547, 0.0884, 0.1215, 0.2099, 0.1768, 0.0994, 0.1215, 0.3867, 0.2762, 0.2044, 0.4198, 0.2099, 0.1436, 0.3328, 0.0552, 0.0552, 0.1105, 0.1657, 0.3093, 0.1547, 0.1878, 0.1215, 0.1326, 0.1215, 0.0552, 0.2209, 0.243, 0.1547, 0.2065, 0.1215, 0.2541, 1.2152],
      [0.9418, 0.9695, 0.6094, 0.2183, 0.5817, 0.8587, 0.5263, 0.277, 0.2493, 0.3324, 0.3324, 0.4016, 0.3324, 0.3047, 0.5263, 0.3601, 0.2216, 0.0554, 0.3047, 0.3601, 2.0486, 0.1939, 0.6371, 0.8587, 0.554, 0.554, 0.8033, 0.3878, 0.4155, 0.3324, 0.4432, 0.2493, 0.6925, 0.6648, 1.495, 0.1009, 0.6371, 0, 0.7202, 0.6925, 0.1662, 1.1774, 0.7756, 0.5817, 1.9085, 1.3855, 1.6307, 3.9055],
      [8.8303, 9.9235, 12.4476, 3.9364, 3.5522, 3.3898, 5.2756, 6.6201, 3.988, 2.0905, 5.6732, 5.7543, 13.9411, 7.172, 6.9313, 9.8477, 3.6226, 10.7946, 10.6403, 4.9644, 15.4246, 3.8606, 6.3036, 15.1313, 9.6997, 4.4883, 19.1515, 8.587, 6.6148, 14.3277, 5.362, 12.4366, 15.9376, 8.2678, 4.334, 1.4961, 9.3871, 2.5042, 3.534, 2.6928, 5.2756, 12.9184, 12.0175, 15.5591, 9.3865, 5.5137, 7.5696, 33.1789],
      [0.3085, 0.4794, 0.4002, 0, 0, 0.3168, 0, 0.6182, 0, 0, 0.3001, 0.2251, 0.2835, 0.3877, 0.3585, 0.8587, 0.321, 0.2043, 1.4184, 0.2543, 0.8457, 0.3085, 0.452, 0.6385, 0, 0, 0.9142, 0.2751, 0.3126, 0.8536, 0.2835, 0.6288, 1.028, 0.3752, 0, 0, 0.396, 0, 0, 0, 0.1959, 0.4168, 1.0255, 0.4502, 0.4877, 0, 0.5753, 2.7262],
      [5.7281, 2.3298, 5.3886, 0.6061, 0.6061, 1.1858, 0.8486, 3.0078, 0.6061, 0.3637, 2.4516, 3.3443, 5.0742, 3.9889, 1.9267, 3.702, 0.6731, 5.8539, 5.5104, 2.2007, 10.4949, 1.5293, 2.4811, 7.9731, 1.4548, 0.7274, 10.6912, 3.5367, 1.4993, 9.1322, 3.8419, 10.6218, 13.2279, 1.5183, 0.8486, 0.2425, 3.3838, 0.3637, 0.6061, 0.4849, 1.3023, 4.2523, 5.9218, 8.2403, 4.8681, 0.9698, 3.9562, 13.9281],
      [0.0035, 0.0106, 0.0106, 0.0071, 0.0059, 0.0059, 0.0118, 0.0106, 0.013, 0.0035, 0.0106, 0.0094, 0.0153, 0.0142, 0.0142, 0.0106, 0.0071, 0.0035, 0.0047, 0.0106, 0.0094, 0.0083, 0.0047, 0.0118, 0.0153, 0.026, 0.0201, 0.0035, 0.0142, 0.0212, 0.0142, 0.0083, 0.0035, 0.0083, 0.013, 0.0059, 0.0083, 0.0106, 0.0071, 0.0083, 0.0047, 0.0142, 0.0165, 0.0142, 0.1426, 0.0094, 0.0142, 0.046]
    ],
    [
      [0.3543, 0.5435, 0.3569, 0.451, 0.4851, 0.4326, 0.4829, 0.0426, 0.3001, 0.0568, 0.2948, 0.0426, 0.4188, 0.0142, 0.4042, 0.3416, 0.2107, 0.1083, 0.195, 0.2748, 0.2023, 0.2034, 0.266, 0.5765, 0.3631, 0.071, 0.5781, 0.3032, 0.2433, 0.4015, 0.0499, 0.1919, 0.2276, 0.3769, 0.7196, 0.3101, 0.3827, 0.337, 0.8107, 0.3086, 0.1351, 0.5262, 0.3616, 0.2391, 0.0699, 1.4004, 0.8827, 1.9783],
      [8.671, 10.6438, 7.5803, 12.0655, 7.9437, 8.7228, 5.0364, 1.9814, 3.7457, 2.8906, 3.4268, 2.009, 3.6864, 0.7434, 6.3343, 4.6209, 2.5441, 0.8307, 3.271, 3.5826, 1.8493, 2.9199, 6.4382, 8.9823, 5.1922, 3.7169, 8.1516, 4.2575, 4.4133, 4.4651, 5.0882, 3.9977, 6.2307, 7.8919, 18.1725, 6.6836, 7.4765, 9.2939, 10.7944, 7.5285, 2.7746, 10.7026, 6.8272, 4.7322, 17.9231, 20.2439, 20.664, 38.0585],
      [0.2997, 0.5142, 0.5543, 0.2596, 1.597, 0.1579, 0.2811, 0.0112, 0.3621, 0.0149, 0.2344, 0.0112, 0.1771, 0.0037, 0.3468, 0.4299, 0.1835, 0.0074, 0.3757, 0.2029, 0.0112, 0.179, 0.2765, 0.5857, 0.1757, 0.0186, 0.7039, 0.3753, 0.336, 0.4691, 0.1785, 0.3278, 0.3104, 0.4522, 0.2724, 0.1153, 0.4327, 0.2951, 1.9254, 1.2697, 0.2736, 0.8905, 0.0372, 0.026, 0.4116, 0.4745, 0.3753, 1.3772],
      [3.2085, 5.3465, 4.3177, 3.5563, 4.8071, 4.4742, 1.6871, 0.6276, 3.5018, 0.8368, 1.6182, 0.6276, 2.1518, 0.2092, 3.589, 3.0182, 1.7482, 0.9117, 1.8706, 1.5138, 0.6276, 2.6688, 3.0088, 4.5603, 1.6736, 1.046, 3.6833, 2.3408, 2.4318, 3.022, 2.9083, 2.6682, 1.8828, 4.257, 7.7993, 3.673, 4.3111, 4.4794, 5.6436, 3.5605, 1.7303, 5.8225, 2.0919, 1.4644, 19.338, 10.6648, 14.7626, 17.6781],
      [0.1903, 2.4058, 2.7041, 0.2489, 2.7611, 0.8513, 0.1171, 0.0439, 3.6077, 0.0586, 0.0878, 0.0439, 0.1025, 0.0146, 1.8008, 1.192, 0.0732, 0.0293, 0.0878, 0.0878, 0.0439, 1.7164, 0.7363, 0.7808, 0.1171, 0.0732, 0.205, 0.5212, 0.1249, 0.996, 1.2946, 2.4722, 0.1318, 2.5906, 3.2711, 0.9013, 1.9804, 1.1079, 2.3328, 0.9311, 0.8865, 4.3845, 0.1464, 0.1025, 2.3988, 10.3408, 8.2996, 0.9078],
      [0.2763, 0.5462, 0.4867, 0.4187, 0.4059, 0.3613, 0.3954, 0.2934, 0.4825, 0.1424, 0.338, 0.2657, 0.4634, 0.0149, 0.525, 0.3975, 0.2402, 0.1127, 0.1998, 0.338, 0.2657, 0.3125, 0.2742, 0.5144, 0.4783, 0.0744, 0.6781, 0.2019, 0.4507, 0.6463, 0.4804, 0.3422, 0.2168, 0.4315, 0.7651, 0.3167, 0.4166, 0.4867, 0.4931, 0.4017, 0.1998, 0.6738, 0.5357, 0.4358, 0.8586, 0.8756, 1.0159, 2.0001]
    ],
    [
      [1.4534, 1.6795, 0.7753, 1.5364, 1.2891, 1.388, 1.6647, 0.1718, 0.6035, 0.9547, 0.9286, 1.1042, 0.2681, 0.4651, 1.1303, 1.0275, 0.6334, 0.1307, 0.8014, 0.6084, 1.0798, 0.4409, 0.9303, 3.8063, 1.177, 1.5843, 2.253, 1.0836, 1.4135, 1.078, 0.1495, 0.3213, 0.9004, 1.3076, 2.4266, 1.1489, 1.1956, 0.9303, 0.7884, 0.9303, 0.2354, 1.0275, 1.1732, 1.02, 1.0685, 1.4458, 1.8475, 6.6825],
      [15.3041, 15.1045, 7.497, 23.5456, 9.615, 12.7471, 8.8308, 3.4942, 3.7262, 5.8888, 5.0998, 5.5445, 4.3108, 4.1159, 8.0418, 6.4781, 3.5314, 0.7842, 6.017, 4.9002, 8.8355, 2.942, 10.0047, 17.2305, 7.8422, 10.2091, 15.9078, 7.462, 8.5924, 5.0998, 7.0627, 3.3317, 10.3944, 12.4591, 27.2622, 10.6036, 10.7937, 11.9092, 8.4116, 10.3944, 1.5987, 8.1597, 9.8523, 10.039, 16.2689, 20.1947, 21.5635, 58.6404],
      [0.9058, 0.8979, 0.3535, 1.3681, 0.5968, 0.6847, 0.5523, 0.1571, 0.2316, 0.3978, 0.3102, 0.3835, 0.1964, 0.1964, 0.4816, 0.458, 0.2238, 0.0393, 0.4907, 0.2357, 0.6099, 0.1819, 0.589, 1.2657, 0.4919, 0.6637, 1.1295, 0.5287, 2.9712, 0.3467, 0.4163, 0.1743, 0.6099, 0.9582, 1.4794, 0.6795, 0.691, 0.589, 0.3928, 0.5851, 0.0786, 0.3928, 0.4713, 0.6333, 0.8286, 1.0603, 1.0944, 3.2933],
      [0.7854, 0.9548, 0.1813, 6.0569, 0.6011, 1.1228, 0.6411, 0.0806, 0.319, 0.6067, 0.4739, 0.431, 0.1007, 0.1007, 0.6193, 0.4758, 0.4568, 0.0201, 1.2747, 0.1209, 1.9652, 0.3432, 1.396, 1.1593, 0.2684, 0.8688, 1.0371, 0.5469, 0.8976, 0.3024, 0.9455, 0.0806, 0.615, 0.8191, 1.3466, 0.7633, 0.7616, 0.2821, 0.2015, 0.6521, 0.0403, 0.2015, 0.2418, 0.7814, 0.8754, 2.1689, 1.0806, 4.6156],
      [3.477, 2.2795, 0.1461, 1.3755, 1.8442, 0.9944, 1.2499, 0.0649, 0.0811, 1.1179, 0.147, 1.4922, 0.0811, 0.0811, 0.6678, 1.5107, 0.1267, 0.0162, 2.3737, 0.0974, 1.4495, 0.0649, 1.0283, 6.4245, 0.1623, 2.5784, 5.5565, 2.3354, 5.0414, 0.1136, 1.3699, 0.0649, 1.4308, 4.3794, 4.3478, 3.7417, 2.4939, 0.2272, 0.1623, 1.38, 0.0325, 0.1623, 0.1947, 1.4577, 0.8779, 1.0331, 1.3053, 5.4421],
      [0.0743, 0.0838, 0.0468, 0.1176, 0.0538, 0.063, 0.0612, 0.0313, 0.0386, 0.0341, 0.0406, 0.0446, 0.0428, 0.0407, 0.0592, 0.0498, 0.0281, 0.0094, 0.0424, 0.0375, 0.0601, 0.0271, 0.0517, 0.1137, 0.0583, 0.0958, 0.1161, 0.0434, 0.0839, 0.0595, 0.0562, 0.0271, 0.0495, 0.0765, 0.1374, 0.063, 0.0642, 0.0622, 0.0435, 0.058, 0.0146, 0.0562, 0.0665, 0.0685, 0.0807, 0.0971, 0.1087, 0.3261]
    ],
    [
      [0.4383, 0.6634, 0.4047, 0.5229, 0.5251, 0.4619, 0.8615, 0.281, 0.4193, 1.3817, 0.4645, 0.5517, 0.6918, 0.3416, 0.6226, 0.5255, 0.4094, 0.2277, 0.3952, 0.4039, 0.3678, 0.2617, 0.3076, 0.8229, 0.5565, 0.77, 0.8663, 0.4477, 0.3317, 0.6123, 0.0967, 0.2135, 0.3102, 0.4142, 0.7021, 0.3437, 0.4456, 0.3514, 0.2759, 0.3149, 0.1478, 0.6131, 0.5423, 0.351, 0.2303, 0.3514, 0.5981, 2.6967],
      [1.4802, 1.5237, 1.2981, 2.7539, 0.9142, 1.2996, 0.8271, 0.4353, 0.3918, 0.5395, 0.5224, 0.5522, 0.5224, 0.4789, 0.8271, 0.5659, 0.3483, 0.0871, 0.4789, 0.5659, 0.7401, 0.3047, 1.0013, 1.3496, 0.8707, 0.8707, 1.2625, 0.6095, 0.653, 0.5224, 0.6965, 0.3918, 1.0884, 1.0448, 2.8297, 0.8707, 1.0013, 2.1642, 1.1319, 1.0884, 0.2612, 1.1319, 1.219, 0.9142, 1.872, 2.2202, 2.4379, 6.1383],
      [2.5671, 4.1492, 4.365, 2.3513, 2.4135, 0.9546, 2.971, 2.4633, 3.0014, 3.2172, 1.7899, 1.9436, 2.4217, 2.5248, 3.7905, 3.6527, 2.473, 3.0105, 3.9255, 1.3782, 2.5948, 1.7741, 2.3209, 4.4537, 3.9191, 3.2437, 4.9699, 2.7524, 2.5406, 3.5415, 1.5702, 2.8597, 3.241, 3.4912, 2.6241, 1.1889, 3.3257, 3.8401, 1.8516, 2.2745, 1.921, 5.4268, 3.2833, 3.5997, 2.4479, 2.8055, 2.7975, 12.4848],
      [3.032, 4.6096, 4.0536, 3.437, 2.594, 0.3903, 3.6235, 2.6123, 3.4049, 4.1941, 2.1647, 2.2948, 2.4908, 3.5099, 4.2704, 5.3786, 3.6683, 2.0129, 5.1456, 0.6437, 1.2675, 2.9235, 2.9222, 4.5792, 0.7805, 4.6703, 4.1129, 2.5186, 2.745, 3.4847, 2.4908, 2.6825, 3.0597, 3.5905, 5.0256, 3.0693, 3.6382, 4.3, 0.4683, 2.4258, 1.7285, 5.6211, 4.0658, 1.9404, 2.7253, 5.7309, 6.036, 22.5373],
      [6.299, 9.1867, 9.0843, 5.5923, 3.6051, 1.3846, 9.9671, 5.0723, 13.7846, 11.1349, 2.2153, 5.5506, 2.7692, 6.7037, 15.1701, 7.2293, 10.539, 3.8441, 13.1111, 1.3846, 2.2153, 5.6575, 5.3823, 7.0449, 2.7692, 13.9128, 4.9845, 3.781, 3.5812, 5.2259, 4.0703, 8.4814, 7.0442, 7.0149, 8.8937, 3.6524, 6.218, 6.6963, 1.6615, 6.6716, 2.3148, 15.5952, 5.3179, 3.0461, 4.5155, 6.2727, 7.2502, 27.3188],
      [1.1834, 1.8675, 1.7943, 1.3425, 0.9481, 0.5091, 1.7498, 1.1358, 1.9979, 1.5326, 0.8432, 1.1072, 1.1041, 1.4412, 2.3192, 1.648, 1.562, 0.8176, 1.9437, 0.6237, 0.8145, 1.0785, 1.0657, 1.7498, 1.1041, 2.5325, 1.804, 0.8908, 1.1486, 1.6131, 1.0754, 1.3712, 1.2566, 1.4443, 1.9248, 0.8749, 1.3712, 1.648, 0.6109, 1.2248, 0.6267, 2.6119, 1.5717, 1.1486, 1.209, 1.6193, 1.8802, 6.8241]
    ],
    [
      [0.5134, 0.3233, 0.1617, 0.2612, 0.5492, 0.6463, 0.9461, 0.1244, 0.4291, 0.6029, 1.2916, 0.5314, 0.6999, 0.1492, 0.6273, 0.4515, 0.4502, 0.0995, 0.4987, 1.0678, 0.5225, 0.4009, 0.4517, 1.9686, 0.6948, 0.7786, 2.3391, 0.521, 0.4766, 2.2688, 0.0622, 0.0622, 0.1244, 0.1865, 0.3482, 0.1741, 0.5953, 0.1368, 1.0478, 0.3599, 0.0622, 1.2008, 0.7093, 0.6745, 0.0871, 0.1368, 0.7735, 3.844],
      [1.7233, 2.0103, 1.2735, 1.5752, 0.3288, 1.8695, 0.9047, 0.7101, 0.1409, 0.6449, 0.8995, 0.1601, 0.8798, 1.0321, 1.0808, 0.2035, 0.1252, 0.0313, 0.1722, 0.7373, 1.0074, 0.1096, 2.5154, 0.4853, 1.1928, 0.8711, 0.454, 0.2192, 0.2348, 0.1879, 0.7348, 0.1409, 1.8798, 0.3757, 4.9278, 0.3131, 0.9397, 1.4754, 2.7708, 2.7008, 0.2021, 1.3361, 1.4366, 1.7085, 2.5903, 3.4798, 1.9936, 14.3879],
      [4.1022, 6.9205, 8.2487, 3.5006, 4.9827, 1.2896, 4.195, 3.6191, 3.5002, 4.4995, 3.7005, 2.2816, 8.5663, 3.0753, 4.8565, 6.0476, 2.9315, 7.7237, 5.9353, 2.3988, 5.5573, 1.9275, 3.9436, 8.078, 15.4759, 2.6785, 13.3473, 6.62, 4.8364, 6.6887, 1.7856, 3.6705, 5.5839, 7.7107, 1.984, 0.8928, 6.2414, 3.8727, 4.7641, 3.9173, 4.3016, 8.0908, 6.0011, 9.6671, 4.1138, 4.1183, 2.5793, 14.4835],
      [58.8759, 88.8596, 77.4858, 67.1982, 52.9511, 56.8694, 64.9821, 47.0278, 50.696, 73.2622, 59.8557, 44.0864, 56.6896, 73.5491, 68.719, 38.7524, 57.8664, 40.7935, 96.8793, 46.8449, 60.4265, 58.9827, 57.25, 92.961, 63.5923, 82.7299, 90.0161, 53.8799, 60.6079, 75.2949, 53.9543, 45.1178, 58.5999, 72.6954, 103.7719, 67.9424, 75.1896, 88.4224, 79.0587, 41.1575, 37.6406, 78.7443, 86.8547, 93.4229, 82.1313, 97.1651, 103.2031, 502.986],
      [4.7852, 4.1518, 6.1601, 3.9158, 1.7533, 2.8688, 5.423, 4.1194, 6.5783, 5.9905, 5.7394, 6.4045, 2.6653, 8.5739, 6.1045, 1.2099, 2.1703, 3.352, 7.5145, 2.5662, 6.9514, 5.1016, 8.5293, 3.7371, 7.4097, 6.2717, 10.0092, 4.7599, 6.3238, 7.8966, 6.2566, 5.6165, 10.8121, 7.397, 20.0268, 6.5613, 5.3994, 2.3887, 1.8826, 4.4866, 2.4727, 3.9576, 5.278, 9.6999, 1.5242, 1.6835, 2.6583, 34.2058],
      [0, 0.7344, 0.6703, 0.549, 0.435, 0.4564, 0.549, 0.3993, 0.6555, 0, 0.5134, 0.536, 0.4991, 0.6204, 0.6118, 0.3351, 0.4564, 0, 0, 0.385, 0.5348, 0.4777, 0.31, 0.7701, 0.6346, 0.6703, 0.8343, 0, 0.5205, 0.6631, 1.2064, 0.3922, 0, 0.6346, 0.9412, 0.1163, 0.6346, 0.704, 0.476, 0.3779, 0.3209, 0.6703, 0.7202, 0.8271, 1.5533, 0.4166, 1.7923, 4.0929]
    ],
    [
      [0.4424, 0.4148, 0.2074, 0.335, 3.8958, 1.0067, 5.421, 0.1595, 1.0614, 3.0884, 4.706, 4.2572, 2.7595, 0.4197, 2.6022, 1.2905, 2.3138, 0.1276, 0.1755, 1.6966, 1.9691, 0.4244, 0.6792, 3.2479, 1.0543, 0.9291, 2.5411, 2.9581, 1.4457, 2.7942, 0.0798, 0.0798, 0.1595, 0.2393, 0.4467, 0.2234, 2.0092, 0.1755, 0.7257, 0.1755, 0.0798, 2.0042, 0.854, 0.5246, 0.1117, 0.5199, 0.966, 6.321],
      [3.832, 1.8782, 1.0785, 7.9328, 0.3856, 3.4884, 0.3488, 1.3373, 0.1652, 0.2203, 0.2626, 0.1836, 0.2203, 2.6646, 0.3488, 0.2387, 0.1469, 0.0367, 0.202, 1.1777, 1.0083, 0.1285, 1.0804, 0.5692, 1.7786, 0.3672, 0.5324, 0.257, 0.2754, 0.2203, 0.6764, 0.1652, 1.62, 0.4406, 2.2247, 0.3672, 0.4223, 5.4035, 0.9054, 0.9779, 0.1871, 1.6527, 4.8714, 1.3417, 1.1397, 2.0046, 2.1889, 6.7268],
      [4.6834, 15.7874, 16.4537, 4.6874, 11.2905, 1.2329, 3.7745, 5.3916, 5.3356, 10.5361, 3.7914, 2.1812, 15.496, 3.2238, 8.3842, 10.8301, 2.6532, 14.2448, 8.4012, 2.1982, 8.013, 1.8019, 7.9599, 13.7575, 22.1845, 2.5606, 16.3799, 9.5486, 8.697, 9.285, 1.7071, 3.509, 5.8947, 13.0369, 1.8967, 0.8535, 13.4157, 5.5661, 10.4903, 5.8517, 9.9264, 20.884, 6.9384, 13.7914, 4.7267, 4.2648, 2.4658, 13.8462],
      [2.0666, 5.4925, 1.6819, 5.1872, 2.8842, 7.2469, 3.0378, 3.3954, 1.1213, 6.4319, 2.1347, 0.9461, 1.1913, 7.9539, 1.9725, 3.2615, 7.5281, 0.8585, 10.1964, 6.4793, 1.4025, 2.682, 1.2264, 6.6993, 3.2705, 5.8215, 1.9447, 1.1563, 2.6108, 1.6118, 2.3935, 0.9986, 1.2614, 1.5768, 2.2776, 6.3052, 4.0314, 5.3093, 7.4681, 0.9285, 2.0503, 1.752, 7.9676, 1.8921, 6.1025, 0.978, 3.0156, 56.279],
      [96.9498, 114.7997, 83.7968, 60.5573, 81.3812, 67.3604, 120.8831, 101.2811, 139.7034, 130.6973, 117.725, 121.0383, 154.6663, 162.3945, 120.3263, 103.0825, 90.0215, 89.7064, 142.9905, 111.8241, 115.6231, 61.7504, 73.0196, 202.077, 185.2683, 134.2811, 213.318, 104.054, 152.152, 135.309, 53.4385, 110.674, 170.0384, 99.348, 150.7212, 64.4638, 78.6082, 74.5306, 45.6862, 70.9985, 92.3038, 103.2115, 140.7773, 102.5946, 41.2915, 39.6746, 64.5061, 552.4226],
      [0.0259, 0.6274, 0.7818, 0.3003, 0.1628, 0.6647, 1.5348, 2.4351, 1.613, 0.0259, 2.3803, 1.3936, 2.6665, 3.3435, 2.366, 1.2968, 0.3366, 0.0259, 0.0345, 2.6241, 1.984, 1.2128, 0.0345, 0.6492, 3.4438, 7.0405, 4.2839, 0.0259, 3.8192, 4.7796, 0.7047, 0.5734, 0.0259, 0.3583, 1.4331, 0.7869, 0.5132, 1.015, 0.7242, 1.0679, 0.4526, 1.4957, 3.5913, 2.8555, 0.6279, 0.5581, 0.8576, 2.4045]
    ],
    [
      [3.995, 5.5523, 2.6824, 4.4765, 5.4757, 7.0768, 8.2663, 2.8984, 3.5525, 5.5243, 5.0611, 6.0515, 9.3473, 4.213, 5.1815, 5.4864, 3.556, 1.705, 3.6625, 4.8983, 4.0695, 2.9151, 2.6492, 10.0041, 6.7898, 7.3527, 10.6458, 4.7424, 3.5525, 6.9102, 0.7967, 1.614, 2.7988, 4.0345, 5.6155, 3.1514, 4.3458, 3.353, 3.666, 3.1949, 1.378, 5.4474, 6.0389, 4.7642, 2.4416, 3.4287, 6.7077, 28.207],
      [0.9448, 1.2973, 1.8018, 1.0787, 0.3864, 0.9111, 1.2201, 0.8808, 0.101, 0.9538, 0.8855, 0.4466, 0.9826, 1.1473, 0.947, 0.146, 0.6607, 0.0225, 0.1235, 0.965, 0.8563, 0.0786, 0.6507, 0.3481, 1.4531, 1.3507, 0.4981, 0.1615, 0.1684, 0.4363, 0.7427, 0.4496, 2.3888, 0.2695, 5.6682, 0.2329, 0.9749, 1.9149, 1.0598, 0.912, 0.5451, 1.2816, 1.4235, 1.3449, 1.174, 1.3063, 4.131, 7.6177],
      [10.4108, 17.4447, 20.226, 8.658, 11.3658, 5.1376, 14.6481, 10.5909, 10.4393, 13.1699, 11.4171, 10.2665, 35.6692, 14.6522, 12.9841, 18.4857, 8.8438, 15.2881, 15.0629, 11.4399, 13.5904, 9.1811, 8.4665, 23.5801, 23.6866, 12.8354, 26.9062, 15.385, 12.9484, 20.221, 6.8703, 13.9248, 14.2423, 15.8557, 7.1277, 3.6401, 14.3939, 13.1927, 12.9955, 10.2763, 10.1059, 20.3041, 17.985, 20.6586, 11.057, 11.726, 8.9326, 66.2569],
      [5.097, 8.6284, 7.0348, 1.0754, 4.8786, 5.2082, 7.4732, 4.3821, 4.6899, 6.5444, 5.3133, 5.0669, 4.6149, 6.9573, 6.062, 4.9259, 5.3029, 3.7368, 10.0582, 4.8208, 5.1645, 5.8943, 3.4794, 9.1547, 6.4806, 7.8032, 8.7025, 4.9797, 5.3015, 7.2293, 4.7634, 4.7771, 5.2836, 6.3141, 8.5977, 8.8572, 6.5326, 9.0984, 10.0824, 4.0485, 3.4469, 7.287, 8.9546, 7.9402, 5.2933, 8.2304, 9.1257, 44.5211],
      [11.1836, 15.1232, 20.1995, 10.5696, 10.0003, 11.8238, 21.8851, 13.7002, 13.1939, 20.6048, 16.5974, 24.6662, 50.4066, 26.6956, 11.9225, 24.8497, 12.3679, 11.2755, 18.3877, 21.0489, 11.1217, 16.1596, 5.5665, 29.898, 26.5497, 26.074, 29.2735, 16.9592, 10.2532, 26.274, 11.553, 29.0571, 16.8958, 13.6026, 13.4128, 10.3775, 11.88, 19.5124, 13.6482, 14.8224, 10.2094, 17.3961, 23.3347, 23.8307, 11.5118, 14.0094, 16.9717, 104.8045],
      [1.3687, 4.954, 5.0556, 3.1419, 2.8933, 2.8425, 5.5073, 4.5478, 6.0234, 1.2028, 4.7255, 4.5023, 7.9795, 6.3345, 5.9029, 5.1063, 3.2688, 1.9722, 1.7052, 4.8271, 4.1976, 3.7713, 2.1877, 6.0151, 7.0401, 10.584, 8.9739, 1.7722, 5.7759, 9.9292, 8.2738, 4.1775, 1.3908, 3.9236, 5.5781, 2.7409, 3.8729, 4.9286, 3.5481, 3.7459, 2.3146, 6.2837, 7.2633, 6.4615, 4.5224, 4.2992, 6.1314, 22.5929]
    ]
  ],
  "V_est": [
    [483.0619, 44.4839, 10.4839, 20.9625, 43.7667, 8.2411],
    [10.7833, 32.7748, 410.3563, 19.9239, 183.4952, 0.6666],
    [18.3277, 355.8005, 18.6005, 189.4206, 66.3042, 21.5465],
    [58.06, 507.6429, 32.3673, 40.6818, 74.0828, 3.1652],
    [24.9372, 53.0994, 148.5081, 174.6714, 330.218, 71.5659],
    [31.4324, 67.1744, 255.3069, 3686.0435, 291.3445, 29.6983],
    [70.1196, 65.6826, 389.8306, 222.0814, 5643.3272, 71.9585],
    [249.278, 55.3415, 722.5464, 339.215, 941.4613, 246.1578]
  ],
  "p_est": [
    [0.7906, 0.0728, 0.0172, 0.0343, 0.0716, 0.0135],
    [0.0164, 0.0498, 0.6236, 0.0303, 0.2789, 0.001],
    [0.0274, 0.531, 0.0278, 0.2827, 0.099, 0.0322],
    [0.0811, 0.709, 0.0452, 0.0568, 0.1035, 0.0044],
    [0.0311, 0.0661, 0.1849, 0.2175, 0.4112, 0.0891],
    [0.0072, 0.0154, 0.0585, 0.8452, 0.0668, 0.0068],
    [0.0108, 0.0102, 0.0603, 0.0344, 0.8732, 0.0111],
    [0.0976, 0.0217, 0.2829, 0.1328, 0.3686, 0.0964]
  ],
  "EI_Z": {},
  "EI_V": 9.3401,
  "MAE_Z": {},
  "MAE_V": 65.5209,
  "MAE_p": 0.0569,
  "runtime": 2.2809
}
