{
  "Z_true": {},
  "V_true": [
    [672, 58, 74, 112, 91, 1942, 28],
    [32, 20, 1499, 35, 246, 176, 29],
    [165, 369, 1011, 544, 6897, 1065, 378],
    [290, 128, 120, 271, 39, 6456, 102],
    [107, 110, 161, 2652, 340, 1530, 73],
    [51, 1099, 75, 234, 212, 1219, 101],
    [56, 60, 179, 133, 337, 340, 446]
  ],
  "p_true": [
    [0.2257, 0.0195, 0.0249, 0.0376, 0.0306, 0.6523, 0.0094],
    [0.0157, 0.0098, 0.7359, 0.0172, 0.1208, 0.0864, 0.0142],
    [0.0158, 0.0354, 0.0969, 0.0522, 0.6613, 0.1021, 0.0362],
    [0.0392, 0.0173, 0.0162, 0.0366, 0.0053, 0.8717, 0.0138],
    [0.0215, 0.0221, 0.0324, 0.5333, 0.0684, 0.3077, 0.0147],
    [0.0171, 0.3674, 0.0251, 0.0782, 0.0709, 0.4076, 0.0338],
    [0.0361, 0.0387, 0.1154, 0.0858, 0.2173, 0.2192, 0.2876]
  ],
  "Z_est": [
    [
      [18.0225, 2.1274, 0.6631, 61.757, 13.0561, 34.9606, 9.2771, 0.6631, 4.4676, 48.3938, 35.6698, 29.1702, 29.02, 35.0255, 30.4838, 8.8768, 7.3434, 7.3471, 32.1978, 41.3185, 54.5307, 14.7384, 24.7723, 42.827, 7.3023, 6.9318, 11.9421, 66.7481, 13.7875, 37.6591, 21.6512, 42.5321, 0, 4.5103, 49.182, 5.933, 68.3684, 9.7652],
      [1.0675, 0.0548, 0, 0.5914, 0.5339, 1.944, 0.4244, 0.0274, 0.3286, 2.081, 1.506, 1.2458, 1.3554, 1.3554, 1.3827, 0, 0, 0.4792, 1.5196, 2.0946, 2.0946, 0.4929, 1.2048, 4.4736, 0.1506, 0.6024, 0.4518, 2.4917, 0.6024, 1.5881, 0.7119, 2.0125, 0, 0.178, 2.1631, 0.3696, 2.3685, 0.3406],
      [1.7182, 0.1036, 0.0518, 4.9608, 0.7132, 3.9165, 0.8539, 0.0415, 3.0702, 4.1844, 3.2422, 3.6308, 3.0519, 3.707, 1.0773, 1.4362, 0.9686, 2.9296, 3.4209, 7.4195, 4.9018, 1.4565, 2.9344, 10.8018, 0.0873, 0.5095, 1.2403, 7.4946, 1.9986, 4.3002, 1.7254, 8.3714, 0, 0.475, 5.257, 1.056, 7.8365, 1.1159],
      [0.5766, 0.053, 0.0265, 2.5065, 0.5172, 2.392, 0, 0.0265, 0.3183, 2.0158, 1.4588, 1.2068, 1.3129, 1.3129, 3.2202, 0.4111, 0.9349, 0.4642, 1.4721, 2.0291, 2.0291, 0.4774, 1.1671, 2.2015, 0.1459, 0.5835, 0.4376, 2.4137, 0.5835, 1.5384, 0.6896, 1.9495, 0, 0.1724, 2.0954, 0.3581, 2.2943, 0.4111],
      [2.9784, 0.0207, 0.055, 3.4664, 1.6255, 1.9623, 0.3991, 0.0769, 0.2349, 2.7691, 2.3924, 5.6344, 3.0279, 3.9645, 2.7261, 1.3287, 0.4408, 0.884, 2.9539, 3.0612, 4.1714, 1.163, 2.5905, 4.0451, 0.1195, 6.0228, 0.4038, 3.4639, 0.739, 2.1057, 1.0529, 3.3562, 0, 0.0674, 3.3906, 1.4961, 3.2753, 0.5127],
      [36.629, 1.6404, 1.2035, 115.7179, 22.5491, 96.8068, 20.0455, 1.1644, 15.5774, 92.5368, 65.717, 50.1005, 61.2196, 53.6223, 62.0972, 18.9433, 17.3089, 22.8959, 69.4217, 97.058, 85.2531, 17.6673, 55.3199, 101.6301, 3.1944, 29.3499, 18.5202, 99.3652, 26.2835, 68.794, 26.1689, 88.7598, 0, 7.5952, 95.8921, 17.7838, 88.8352, 18.8545],
      [0.0077, 0, 0, 0, 0.0049, 0.0178, 0, 0.0003, 0.003, 0.0191, 0.0138, 0.0114, 0.0124, 0.0124, 0.0127, 0.0039, 0.0034, 0, 0.0139, 0.0192, 0.0192, 0.0045, 0.0111, 0.0208, 0, 0, 0.0041, 0.0229, 0.0055, 0.0146, 0, 0.0185, 0, 0.0016, 0.0198, 0.0034, 0.0217, 0]
    ],
    [
      [0.0127, 0, 0, 0.025, 0.0142, 0.0157, 0.0057, 0.0354, 0, 0.0245, 0.0207, 0.0406, 0.0241, 0.0343, 0.0237, 0.0148, 0.0097, 0, 0.0254, 0.0271, 0.0372, 0.011, 0.0241, 0.0436, 0.0021, 0.0131, 0.0072, 0.0821, 0.019, 0.0406, 0.0161, 0.0364, 0, 0.0059, 0.0461, 0.0102, 0.0982, 0.0131],
      [0.0195, 0, 0, 0.0384, 0.013, 0.0241, 0.0085, 0.0013, 0.0339, 0.0378, 0.0319, 0.0625, 0.0371, 0.0528, 0.0365, 0, 0, 0.0326, 0.0391, 0.0417, 0.0573, 0.0169, 0.0371, 0.0671, 0.0033, 0.0202, 0.0111, 0.1264, 0.0293, 0.0625, 0.0247, 0.056, 0, 0.0091, 0.071, 0.0156, 0.1511, 0.0195],
      [26.5282, 0, 0, 58.4795, 16.2322, 36.9272, 12.0126, 1.6251, 48.6926, 56.1477, 48.4994, 86.4413, 52.575, 77.8301, 49.3126, 34.7982, 20.7519, 45.2695, 57.089, 63.8741, 85.1575, 25.9489, 54.4362, 102.7975, 4.2146, 25.4479, 15.7565, 178.7871, 44.9115, 90.7841, 34.016, 85.8309, 0, 11.5527, 100.6253, 23.0838, 207.5298, 25.5976],
      [0.0089, 0, 0, 0.0175, 0.0059, 0.011, 0.0039, 0.0006, 0.0154, 0.0172, 0.0145, 0.0285, 0.0169, 0.024, 0.0166, 0.0104, 0.0218, 0.0148, 0.0178, 0.019, 0.0261, 0.0077, 0.0169, 0.0306, 0.0015, 0.0092, 0.005, 0.0576, 0.0134, 0.0285, 0.0118, 0.0255, 0, 0.0042, 0.0324, 0.0071, 0.0689, 0.0089],
      [2.4674, 0, 0, 0.4372, 0.1511, 0.0205, 0.1248, 0.2848, 2.4784, 1.0093, 0.4314, 0.4676, 1.2719, 1.7472, 1.1174, 0.1752, 0.1611, 3.5418, 1.2064, 0.0355, 0.7879, 0.0144, 1.0843, 0.0571, 0.0336, 0.1292, 0.1242, 1.3506, 0.0249, 0.7952, 0.4074, 0.0476, 0, 0.4921, 2.7181, 0.2793, 1.3017, 0.1902],
      [0.9628, 0, 0, 0.0017, 3.5833, 0.001, 0.8446, 0.0528, 0.779, 0.7628, 0.0014, 8.9582, 3.0741, 1.3105, 5.4925, 0.001, 2.0551, 1.1413, 1.6215, 0.0018, 1.9328, 0.0007, 1.4006, 0.0029, 0.7449, 5.3804, 1.0958, 13.5937, 0.0013, 4.2879, 3.5239, 0.0024, 0, 1.9358, 5.5058, 0.6037, 22.8473, 4.1706],
      [0.0004, 0, 0, 0.0008, 0.0003, 0.0005, 0, 0, 0.0007, 0.0008, 0.0006, 0.0012, 0.0007, 0.0011, 0.0007, 0.0005, 0.0003, 0, 0.0008, 0.0008, 0.0011, 0.0003, 0.0007, 0.0013, 0.0001, 0, 0.0002, 0.0025, 0.0006, 0.0012, 0, 0.0011, 0, 0.0002, 0.0014, 0.0003, 0.003, 0]
    ],
    [
      [0.6998, 0.446, 0.0194, 8.6926, 1.0549, 0.0265, 0.5236, 0.1412, 0.0044, 4.6186, 5.7248, 1.7981, 0.0252, 2.733, 0.7175, 0.0076, 0.0063, 0.0063, 0.0278, 0.0334, 14.183, 3.7906, 0.0208, 0.0366, 2.591, 0.0057, 3.8616, 15.716, 0.1573, 3.1275, 5.0319, 0.0471, 0, 0.0044, 5.6333, 0.005, 20.5699, 1.1691],
      [10.8636, 1.3098, 0, 10.2381, 4.839, 15.248, 2.9141, 0.415, 4.6053, 21.3108, 26.36, 7.45, 26.1154, 32.4785, 21.3917, 1.8429, 1.4333, 5.1351, 30.6691, 24.0283, 19.5761, 13.5286, 18.7745, 47.9539, 1.2772, 5.3398, 5.6404, 41.615, 8.7528, 11.4666, 11.7916, 42.6032, 0.9793, 5.4874, 15.3571, 2.6619, 37.8724, 0.819],
      [6.5297, 0.6576, 0.1681, 16.3508, 3.0594, 12.9494, 2.9464, 0.2781, 17.0289, 14.3933, 14.8422, 26.8385, 11.5423, 19.7025, 10.2907, 13.4575, 5.0639, 12.5394, 12.9329, 26.8535, 24.5281, 15.927, 15.6822, 44.0336, 0.8344, 4.8672, 5.0192, 56.4599, 19.4074, 26.2627, 7.6693, 36.6955, 0, 2.225, 29.1855, 8.5359, 60.3241, 5.8295],
      [2.3854, 1.3999, 0.4159, 22.719, 2.9709, 40.5055, 1.64, 0.9819, 11.2842, 95.3876, 63.1648, 8.1999, 57.5021, 105.9372, 66.5147, 8.4632, 14.678, 10.0241, 88.0427, 59.2712, 40.868, 27.714, 24.1548, 72.9971, 3.1831, 8.0399, 3.7685, 44.482, 5.9635, 42.0474, 23.6433, 93.3291, 0, 25.3393, 51.1143, 10.4259, 66.3663, 2.0175],
      [49.222, 16.0919, 1.3288, 212.0535, 44.8129, 192.8262, 37.5591, 11.0245, 133.4779, 312.8018, 290.7489, 126.9695, 405.0285, 549.9708, 350.3019, 118.4497, 46.5027, 98.2602, 377.7965, 302.405, 234.7634, 153.9742, 342.7044, 514.001, 9.1532, 29.1187, 37.22, 393.9454, 78.5968, 227.4843, 125.262, 414.3486, 0.953, 158.0356, 401.481, 84.5455, 377.1554, 54.4419],
      [2.4742, 0.0948, 0.0678, 23.9005, 2.4614, 17.4255, 9.4105, 0.7973, 4.4181, 18.4476, 24.8527, 12.7219, 24.7978, 9.5022, 35.8856, 14.7653, 4.6802, 6.0248, 1.7469, 33.3585, 0, 15.9916, 44.0452, 48.9045, 0.9599, 5.6211, 2.8299, 58.0059, 19.3007, 11.1846, 0.5892, 29.8284, 0.0678, 3.4239, 33.8077, 4.4484, 16.2856, 7.7191],
      [0.8253, 0, 0, 0.0455, 0.8014, 0.0189, 0.0063, 1.3621, 4.1812, 0.0404, 7.3066, 5.0221, 0.9888, 15.6758, 1.8978, 0.0139, 2.6356, 0.0101, 5.784, 5.0501, 5.0815, 2.0741, 3.6181, 0.0732, 0.0013, 0.0076, 0.6603, 9.7758, 1.8215, 8.4267, 0.0126, 4.1481, 0, 10.4843, 3.4211, 3.3774, 16.4263, 0.0038]
    ],
    [
      [5.0656, 1.1957, 0.1413, 13.1148, 3.498, 5.2713, 2.2841, 0.1413, 0.8785, 13.2103, 8.1546, 7.2249, 5.6188, 8.9593, 6.9312, 1.5075, 1.2551, 1.2551, 6.4369, 7.0483, 13.0693, 3.9602, 4.5631, 7.2794, 2.2865, 1.1296, 2.7537, 16.1395, 3.1271, 8.6104, 7.146, 9.1566, 0, 0.8785, 11.0834, 1.0041, 16.5488, 2.1104],
      [1.1026, 0.0325, 0, 0.0139, 0.4407, 2.8553, 0.4838, 0.0193, 0.4148, 2.4202, 1.828, 1.0591, 2.0047, 2.4951, 1.8607, 0.0025, 0.0019, 0.7013, 3.0353, 2.1756, 1.6837, 1.0019, 1.5835, 7.1351, 0.1084, 1.5317, 3.6248, 3.2912, 0.7517, 0.0155, 0.7512, 2.2871, 0.6337, 0.7514, 0.0208, 0.3404, 2.7242, 0.0011],
      [0.0146, 0.017, 0.0101, 0.0361, 0.008, 0.9359, 0.1664, 0.0007, 0.5827, 1.2673, 0.9574, 1.201, 0.0303, 1.3159, 0.027, 1.6388, 0.0117, 0.3835, 0.0339, 1.1495, 7.5826, 0.5274, 0.8363, 1.378, 0.0022, 0.0128, 0.2369, 1.7757, 0.8656, 1.1894, 0.3997, 1.2158, 0, 0.0058, 1.3988, 0.2384, 1.4988, 0.2315],
      [1.1819, 0.4165, 0.176, 7.1653, 1.0342, 12.0731, 0.8126, 0.3238, 4.0847, 21.9667, 15.4664, 4.0628, 18.1702, 28.0538, 19.4986, 4.1255, 4.531, 3.918, 20.959, 17.2553, 12.5258, 8.3406, 10.4543, 19.7458, 1.0467, 2.9817, 1.1819, 20.4324, 3.6026, 11.4498, 5.9784, 22.5624, 0, 10.555, 19.2491, 3.6053, 19.0023, 1.4442],
      [3.1192, 0.0567, 0.0914, 5.0984, 1.0296, 4.6438, 0.7633, 0.034, 0.7365, 6.0238, 5.3145, 2.6143, 5.7418, 7.4319, 5.22, 1.6123, 0.2626, 1.8014, 5.215, 5.5224, 4.3517, 2.6199, 5.543, 7.335, 0.2471, 0.1982, 0.8054, 8.0242, 1.7717, 10.4582, 2.0096, 6.2984, 0.0463, 2.1943, 9.5211, 1.7164, 6.8919, 2.0164],
      [85.1745, 3.2817, 2.5811, 318.8989, 62.3545, 235.083, 44.3963, 2.4102, 57.3816, 332.8401, 250.2576, 147.9184, 278.193, 336.9455, 254.4313, 75.5966, 73.9843, 101.7913, 238.1725, 302.1973, 220.938, 137.8958, 221.4272, 357.3181, 13.2903, 82.034, 60.3675, 458.7522, 105.496, 300.0176, 100.5283, 310.658, 2.32, 101.9415, 366.6336, 61.2549, 373.1861, 61.1403],
      [2.3415, 0, 0, 0.6726, 0.635, 1.1376, 0.0934, 0.0707, 0.9212, 1.2716, 3.0215, 1.9194, 3.2413, 4.7984, 3.0313, 0.5169, 0.9533, 0.1495, 3.1474, 4.6516, 2.8489, 1.6541, 2.5925, 1.8085, 0.0187, 0.1121, 1.0298, 5.5848, 1.3854, 17.2591, 0.1868, 3.8217, 0, 1.6734, 4.093, 0.8405, 5.1479, 0.056]
    ],
    [
      [0.0932, 0.0208, 0.0385, 1.1516, 0.0909, 0.0355, 0.0756, 0.0183, 0.0059, 0.642, 0.4651, 2.0727, 0.5163, 1.0662, 0.6879, 0.2141, 0.0084, 0.0084, 0.6739, 0.587, 0.488, 0.3146, 0.4557, 0.049, 1.7792, 0.0076, 0.0733, 0.936, 0.191, 0.6119, 0.5219, 0.7205, 0, 0.0059, 0.8434, 0.0068, 0.6435, 0.0516],
      [0.0659, 0.0159, 0, 0.3318, 0.05, 0.7425, 0.0591, 0.0159, 0.175, 0.5317, 0.384, 0.2636, 0.4408, 0.9316, 0.5953, 0, 0, 0.125, 0.5817, 0.4954, 0.3795, 0.2681, 0.3908, 1.0899, 0.0409, 0.1091, 0.0523, 0.7726, 0.1591, 0, 0.1454, 0.6135, 0, 0.1886, 0, 0.1341, 0.4999, 0.0364],
      [0.1021, 0.6308, 0.3964, 0.3232, 0.041, 0.2676, 0.0601, 0.0037, 0.41, 0.3958, 0.3135, 0.358, 0.1545, 0.6284, 0.1377, 0.3742, 0.1195, 0.6043, 0.2248, 0.4271, 0.4214, 0.2128, 0.3293, 0.5734, 0.0112, 0.0652, 0.0684, 0.8485, 0.2174, 1.0054, 0.1577, 0.5492, 0, 0.0298, 0.5957, 0.1269, 0.7994, 0.0841],
      [10.4949, 2.8426, 1.233, 57.3086, 8.4679, 68.4, 7.6446, 2.5708, 29.094, 117.2824, 82.846, 37.7846, 89.6871, 178.8372, 113.948, 29.6096, 27.5151, 22.2574, 121.32, 96.7628, 72.3621, 50.2883, 66.3521, 107.2504, 7.2793, 19.1429, 9.2236, 129.4097, 25.7075, 90.241, 31.5056, 127.901, 0, 39.3514, 123.297, 23.3768, 101.8088, 6.381],
      [2.5361, 2.7262, 1.0088, 11.4583, 1.9778, 11.5089, 2.0271, 0.565, 6.4111, 17.7172, 14.0475, 8.3289, 17.4784, 30.9795, 19.7871, 6.5775, 4.0263, 4.7084, 20.8892, 16.7212, 12.9154, 8.8619, 15.192, 21.323, 1.0752, 3.0608, 1.863, 24.5975, 5.0386, 16.0987, 5.6182, 21.4289, 0, 4.0368, 24.2607, 4.7411, 18.3072, 1.9867],
      [11.8508, 0.7637, 2.3233, 65.8511, 9.9347, 70.2661, 14.8096, 3.2606, 34.6802, 87.7463, 58.9482, 57.854, 73.5977, 170.8098, 114.896, 41.8874, 26.5032, 25.1783, 97.4811, 89.1685, 68.4484, 51.3534, 79.1222, 82.1714, 7.5495, 24.0259, 10.0117, 159.6988, 31.7046, 92.7139, 23.4035, 102.826, 0, 28.3667, 152.1922, 26.0725, 71.1188, 6.666],
      [3.857, 0, 0, 9.5755, 1.4378, 4.7795, 1.3239, 0.5658, 6.2238, 9.6846, 11.9957, 9.3383, 12.1252, 26.7473, 11.9478, 3.3372, 4.8274, 2.1182, 14.8293, 13.8381, 11.9854, 6.7009, 10.1579, 16.5428, 0.2648, 1.5886, 1.7078, 23.737, 6.9819, 26.3291, 2.6477, 15.9609, 0, 11.0208, 13.8109, 4.5419, 26.8224, 0.7943]
    ],
    [
      [0.0164, 0.0058, 0.0015, 0.0827, 0.0134, 0.0559, 0.0104, 0.0007, 0.0089, 0.0924, 0.1043, 0.0373, 0.0961, 0.0984, 0.0693, 0.0171, 0.0149, 0.0209, 0.1431, 0.1036, 0.082, 0.0738, 0.0991, 0, 0.0015, 0.0268, 0.0216, 0.1588, 0.0619, 0.0932, 0.1171, 0.1267, 0, 0.0149, 0.1252, 0.0194, 0.1431, 0.0052],
      [12.7553, 1.5635, 0, 38.1901, 8.092, 31.9978, 6.0237, 0.5212, 6.2542, 49.1555, 55.5606, 19.6128, 53.5052, 56.8705, 41.2622, 6.9977, 5.5647, 11.37, 73.6372, 54.7171, 43.7929, 36.4483, 49.6561, 84.3856, 1.3647, 14.2502, 13.1804, 85.8713, 29.3986, 42.1923, 24.3789, 72.8076, 1.387, 9.1344, 56.9171, 9.3607, 77.505, 2.6813],
      [1.0699, 0.1031, 0.0646, 4.1256, 0.7426, 2.7518, 0.6009, 0.0509, 1.2788, 4.3911, 4.673, 2.9524, 2.615, 5.0332, 1.7339, 1.8082, 0.9186, 1.5979, 6.168, 5.0924, 4.6192, 3.2552, 4.5767, 7.25, 0.1265, 0.6948, 1.0908, 9.0555, 4.5662, 5.0854, 2.2375, 6.3851, 0, 0.7206, 6.3575, 1.1496, 8.9399, 0.6408],
      [0.8767, 0.1683, 0.0891, 4.7052, 0.7331, 4.2951, 0.5721, 0.0965, 1.1408, 7.691, 6.8115, 2.3152, 7.6044, 9.3113, 6.6795, 1.406, 2.0969, 1.4385, 9.4928, 7.0093, 5.3531, 4.3088, 5.53, 8.8372, 0.0595, 1.5527, 1.0676, 9.4594, 2.9552, 6.0909, 2.8055, 9.1354, 0, 1.9128, 8.1807, 1.4013, 8.7484, 0.3813],
      [0.3734, 0.0702, 0.4227, 1.8278, 0.305, 1.2766, 0.2396, 0.0148, 0.1776, 2.1043, 2.3195, 0.8541, 2.2509, 2.4227, 1.6757, 0.4415, 0.3369, 0.5008, 3.1646, 2.9056, 1.8315, 2.0793, 2.2583, 3.2002, 0.0381, 0.5636, 0.4608, 3.4946, 1.5497, 2.0543, 1.0092, 2.8684, 0.0008, 0.2959, 3.5019, 0.4581, 3.1646, 0.1514],
      [6.8825, 1.089, 1.422, 61.9382, 8.0928, 34.5348, 6.5532, 0.3147, 3.1256, 60.4201, 70.3667, 24.1695, 62.7769, 58.109, 41.4701, 12.3024, 11.0445, 13.072, 99.1688, 69.0088, 54.1921, 52.7183, 70.7235, 83.1073, 0.4073, 18.912, 13.1448, 104.7102, 44.3711, 68.6213, 30.4518, 78.4771, 0.6122, 7.8978, 92.7201, 13.5805, 93.2735, 3.1318],
      [0.0258, 0, 0, 0.1304, 0.0211, 0.0881, 0, 0.0012, 0.0141, 0.1457, 0.1645, 0.0587, 0.1515, 0.1551, 0.1092, 0.027, 0.0235, 0, 0.2255, 0.1633, 0.1292, 0.1163, 0.1562, 0.2197, 0.0023, 0, 0.0341, 0.2502, 0.0975, 0.8626, 0, 0.1997, 0, 0.0235, 0.1973, 0.0305, 0.2255, 0.0082]
    ],
    [
      [1.0897, 0.2043, 0.1362, 5.1763, 0.2724, 1.6346, 0.8234, 0, 1.6346, 4.0184, 2.8606, 2.6562, 4.6995, 7.0833, 4.0865, 1.3622, 1.3622, 1.3622, 4.4952, 3.8822, 3.6098, 2.1114, 3.0649, 7.7644, 2.0374, 0.8854, 0.3405, 7.2195, 2.6562, 5.8573, 2.5159, 5.3806, 0, 1.58, 4.0865, 1.0216, 7.6282, 0.8854],
      [0.1256, 0.0235, 0, 0.5965, 0.0314, 0.1884, 0.0863, 0, 0.1884, 0.463, 0.3296, 0.3061, 0.5415, 0.8162, 0.4709, 0.157, 0, 0.157, 0.518, 0.4473, 0.4159, 0.2433, 0.3532, 0.8947, 0.0549, 0.1468, 0.0392, 0.8319, 0.3061, 0.6749, 0.1962, 0.62, 0, 0.2511, 0.4709, 0.1177, 0.879, 0.102],
      [4.0373, 0.4878, 0.3089, 14.724, 1.2036, 6.2516, 2.3597, 0, 6.9367, 12.2205, 9.4723, 11.578, 13.0311, 19.7828, 11.4207, 5.487, 4.1658, 6.6758, 13.1304, 13.1839, 13.7894, 6.6722, 10.2048, 24.1657, 0.7238, 3.4026, 1.5879, 27.5788, 9.0334, 18.3728, 5.7944, 17.9522, 0, 0.9911, 15.5802, 3.8094, 30.0715, 3.5005],
      [0.4755, 0.1195, 0.0594, 2.5778, 0.2708, 2.3233, 0.3269, 0, 1.0626, 4.6394, 3.238, 1.4022, 3.7063, 6.5236, 4.1223, 0.9741, 1.2222, 0.883, 4.6955, 3.6534, 2.8359, 1.863, 2.3247, 4.9375, 0.284, 0.6901, 0.3157, 4.7453, 1.1743, 3.604, 1.3658, 5.0971, 0, 1.6649, 4.0312, 0.8255, 4.711, 0.356],
      [1.3035, 2.0343, 0.0932, 5.6584, 0.0982, 3.7617, 0.8869, 0, 1.4836, 6.5745, 5.7459, 3.1313, 8.2006, 11.4834, 7.1719, 2.4151, 1.2695, 2.3034, 7.7745, 6.3491, 5.1787, 3.2874, 6.6273, 11.0386, 0.3334, 0.9067, 0.1228, 9.1237, 2.2794, 6.0036, 2.6407, 8.6518, 0, 7.8777, 8.1266, 1.7636, 8.9038, 2.7007],
      [2.0262, 0.1304, 1.4023, 21.6918, 0.0241, 0.8828, 2.9403, 0, 2.038, 10.2464, 0.8564, 3.2775, 13.341, 12.7008, 9.7272, 2.5039, 3.4239, 2.8964, 8.3874, 5.2072, 5.2356, 4.373, 3.9615, 25.8657, 2.8536, 2.6767, 0.0301, 12.8741, 8.8429, 9.3807, 5.3343, 10.4483, 0, 2.839, 3.2484, 0.2562, 11.4535, 3.3178],
      [6.9422, 0, 0, 25.5753, 2.0995, 8.9576, 3.5764, 0, 10.656, 20.8378, 19.4972, 16.6488, 25.48, 45.6099, 23.0005, 7.1007, 8.5565, 5.7222, 26.999, 24.2768, 21.9347, 12.4497, 18.4635, 39.3335, 0.7129, 4.2917, 2.5637, 43.6267, 14.7077, 42.1066, 7.1528, 30.8501, 0, 16.7961, 24.4563, 7.2059, 48.3531, 2.1376]
    ]
  ],
  "V_est": [
    [933.023, 40.2886, 112.0603, 41.8038, 77.9782, 1771.5223, 0.3238],
    [0.8596, 1.2889, 1909.564, 0.6202, 26.9667, 97.6761, 0.0244],
    [103.258, 540.1444, 591.912, 1206.9423, 7314.8168, 550.847, 121.0796],
    [210.0392, 51.1849, 29.1839, 359.4335, 134.3818, 6539.0893, 82.6874],
    [16.1718, 10.6851, 12.0682, 2136.7852, 391.8861, 2075.256, 330.1477],
    [2.1636, 1188.3636, 114.523, 152.3131, 52.6648, 1476.9141, 4.0578],
    [107.4848, 12.0444, 349.6886, 83.1019, 163.3056, 216.6952, 618.6794]
  ],
  "p_est": [
    [0.3134, 0.0135, 0.0376, 0.014, 0.0262, 0.5951, 0.0001],
    [0.0004, 0.0006, 0.9374, 0.0003, 0.0132, 0.048, 0],
    [0.0099, 0.0518, 0.0568, 0.1157, 0.7014, 0.0528, 0.0116],
    [0.0284, 0.0069, 0.0039, 0.0485, 0.0181, 0.8829, 0.0112],
    [0.0033, 0.0021, 0.0024, 0.4297, 0.0788, 0.4173, 0.0664],
    [0.0007, 0.3973, 0.0383, 0.0509, 0.0176, 0.4938, 0.0014],
    [0.0693, 0.0078, 0.2255, 0.0536, 0.1053, 0.1397, 0.3989]
  ],
  "EI_Z": {},
  "EI_V": 11.9404,
  "MAE_Z": {},
  "MAE_V": 157.7306,
  "MAE_p": 0.0414,
  "runtime": 1.5413
}
