{
  "Z_true": {},
  "V_true": [
    [573, 39, 17, 9, 56, 0],
    [16, 111, 88, 299, 267, 0],
    [12, 42, 890, 40, 162, 0],
    [49, 86, 532, 308, 366, 0],
    [33, 316, 103, 4304, 231, 1],
    [33, 736, 62, 118, 5830, 1],
    [312, 523, 244, 567, 1043, 22]
  ],
  "p_true": [
    [0.8256, 0.0562, 0.0245, 0.013, 0.0807, 0],
    [0.0205, 0.1421, 0.1127, 0.3828, 0.3419, 0],
    [0.0105, 0.0366, 0.7766, 0.0349, 0.1414, 0],
    [0.0365, 0.0641, 0.3967, 0.2297, 0.2729, 0],
    [0.0066, 0.0634, 0.0206, 0.8629, 0.0463, 0.0002],
    [0.0049, 0.1086, 0.0091, 0.0174, 0.8599, 0.0001],
    [0.1151, 0.1929, 0.09, 0.2091, 0.3847, 0.0081]
  ],
  "Z_est": [
    [
      [20.1246, 21.0394, 23.7836, 20.1246, 10.9771, 15.5508, 17.4978, 15.5508, 7.318, 10.9771, 21.0394, 21.0394, 10, 5.4885, 3.659, 4.5738, 10.9771, 10.0623, 14.6361, 7.318, 5.4885, 0.9148, 3.659, 16.4656, 6.4033, 6.4033, 10.0623, 10.0623, 2.7443, 1.8295, 3.659, 21.9541, 16.4656, 7.318, 14.6361, 20.1246, 8.2328, 19.2099, 21.0394, 7.318, 20.1246, 10.0623, 12.8066, 7.318, 5.4885, 6.4033, 19.2099, 7.318, 67.6919],
      [0.0518, 0.0542, 0.0612, 0.0518, 0.0283, 0.04, 0.0518, 0.04, 0.0188, 0.0283, 0.0542, 0.0542, 0.0259, 0.0141, 0.0094, 0.0118, 0.0283, 0.0259, 0.0377, 0.0188, 0.0141, 0.0024, 0.0094, 0.0424, 0.0165, 0.0165, 0.0259, 0.0259, 0.0071, 0.0047, 0.0094, 0.0565, 0.0424, 0.0188, 0.0377, 0.0518, 0.0212, 0.0495, 0.0542, 0.0188, 0.0518, 0.0259, 0.033, 0.0188, 0.0141, 0.0165, 0.0495, 0.0188, 0.1743],
      [0, 0, 0, 0, 0, 0, 0, 0, 0, 0, 0, 0, 0, 0, 0, 0, 0, 0, 0, 0, 0, 0, 0, 0, 0, 0, 0, 0, 0, 0, 0, 0, 0, 0, 0, 0, 0, 0, 0, 0, 0, 0, 0, 0, 0, 0, 0, 0, 0],
      [0.1923, 0.201, 0.2272, 0.1923, 0.1049, 0.1486, 2.8191, 0.1486, 0.0699, 0.1049, 0.201, 0.201, 0.0961, 0.0524, 0.035, 0.0437, 0.1049, 0.0961, 0.1398, 0.0699, 0.0524, 0.0087, 0.035, 0.1573, 0.0612, 0.0612, 0.0961, 0.0961, 0.0262, 0.0175, 0.035, 0.2098, 0.1573, 0.0699, 0.1398, 0.1923, 0.0787, 0.1835, 0.201, 0.0699, 0.1923, 0.0961, 0.1224, 0.0699, 0.0524, 0.0612, 0.1835, 0.0699, 0.6468],
      [1.6313, 1.7054, 1.9279, 1.6313, 0.8898, 1.2605, 1.6313, 1.2605, 0.5932, 0.8898, 1.7054, 1.7054, 0.8779, 0.4449, 0.2966, 0.3707, 0.8898, 0.8156, 1.1864, 0.5932, 0.4449, 0.0741, 0.2966, 1.3347, 0.519, 0.519, 0.8156, 0.8156, 0.2224, 0.1483, 0.2966, 1.7796, 1.3347, 0.5932, 1.1864, 1.6313, 0.6673, 1.5571, 1.7054, 0.5932, 1.6313, 0.8156, 1.0381, 0.5932, 0.4449, 0.519, 1.5571, 0.5932, 5.487],
      [0, 0, 0, 0, 0, 0, 0, 0, 0, 0, 0, 0, 0, 0, 0, 0, 0, 0, 0, 0, 0, 0, 0, 0, 0, 0, 0, 0, 0, 0, 0, 0, 0, 0, 0, 0, 0, 0, 0, 0, 0, 0, 0, 0, 0, 0, 0, 0, 0]
    ],
    [
      [0.3173, 0.3701, 0.4495, 0.7401, 0.1586, 0.3701, 0.5022, 0.4758, 0.2115, 0.2643, 0.6079, 0.3701, 0, 2.421, 0.2115, 0.1586, 0.4493, 0.4229, 0.3965, 0.2908, 0.2908, 0.2379, 0.4229, 0.238, 0.3438, 0.2643, 0.793, 0.3173, 0.793, 0.4493, 0.8458, 0.6346, 0.6346, 0.2908, 0.238, 0.2379, 0.3701, 0.5022, 0.0793, 0.3701, 0.2643, 0.7137, 0.2115, 0.3965, 0.2379, 0.2643, 0.2115, 0.2909, 2.1939],
      [0.6402, 0.7469, 0.9069, 1.4938, 0.3202, 0.7469, 1.0138, 0.9603, 0.4269, 0.5335, 1.2273, 0.7469, 0.7469, 0.7469, 0.4268, 0.3201, 0.9069, 0.8536, 0.8002, 0.5868, 0.5868, 0.4801, 0.8536, 0.4801, 0.6935, 2.5385, 1.6005, 0.6402, 1.6005, 0.9069, 6.1693, 1.2804, 1.2804, 0.5868, 0.4801, 0.4801, 0.7469, 1.0136, 0.16, 0.747, 0.5336, 6.8543, 0.4268, 0.8002, 0.4801, 0.5335, 0.4268, 0.5868, 4.4279],
      [2.406, 2.8071, 3.4086, 5.6141, 1.203, 2.8072, 3.8096, 3.6091, 1.604, 2.005, 4.6116, 2.8072, 2.8071, 0.7561, 1.604, 1.203, 3.4088, 3.2082, 3.0076, 2.2055, 2.2055, 1.8045, 0, 1.8045, 2.6065, 0, 6.0151, 2.406, 6.0151, 3.4086, 1.9543, 4.8121, 4.8121, 2.2055, 1.8045, 1.8045, 2.8071, 3.8098, 0.6015, 2.8071, 2.005, 0, 1.604, 3.0076, 1.8045, 2.005, 1.604, 2.2055, 16.6418],
      [3.332, 3.8873, 4.7203, 7.775, 1.666, 3.8873, 5.2757, 4.9982, 2.2213, 2.7767, 6.3863, 3.8873, 3.8873, 3.8873, 2.2213, 1.666, 4.7203, 4.4427, 4.165, 3.0545, 3.0545, 2.499, 7.6507, 2.499, 3.6097, 2.7767, 8.33, 3.332, 8.33, 4.7203, 8.8853, 6.664, 6.664, 3.0545, 2.499, 2.499, 3.8873, 5.2757, 0.833, 3.8873, 2.7767, 7.497, 2.2213, 4.165, 2.499, 2.7767, 2.2213, 3.0543, 23.0463],
      [5.3044, 6.1885, 7.5146, 12.377, 2.6522, 6.1885, 8.3987, 7.9567, 3.5363, 4.4204, 10.1669, 6.1885, 6.5587, 6.1885, 3.5363, 2.6522, 7.5146, 7.0726, 6.6306, 4.8624, 4.8624, 3.9783, 7.0726, 3.9783, 5.7465, 4.4204, 13.2611, 5.3044, 13.2611, 7.5146, 14.1452, 10.6089, 10.6089, 4.8624, 3.9783, 3.9784, 6.1885, 8.3987, 1.3261, 6.1885, 4.4204, 11.935, 3.5363, 6.6306, 3.9783, 4.4204, 3.5363, 4.8624, 36.6891],
      [0, 0.0002, 0, 0, 0, 0, 0, 0, 0, 0.0001, 0, 0, 0, 0.0002, 0.0001, 0.0001, 0, 0, 0.0002, 0, 0, 0.0001, 0.0002, 0, 0, 0.0001, 0.0003, 0, 0.0003, 0.0002, 0, 0, 0, 0, 0, 0, 0.0002, 0, 0, 0, 0, 0, 0, 0.0002, 0.0001, 0.0001, 0.0001, 0, 0.001]
    ],
    [
      [0, 0, 0, 0, 0, 0, 0, 0, 0, 0, 0, 0, 0, 0, 0, 0, 0, 0, 0, 0, 0, 0, 0, 0, 0, 0, 0, 0, 0, 0, 0, 0, 0, 0, 0, 0, 0, 0, 0, 0, 0, 0, 0, 0, 0, 0, 0, 0, 0],
      [0.1927, 0.4737, 0.4897, 0, 0.2007, 0.3773, 0.3533, 0, 0.0562, 0.0723, 0.2649, 0.3854, 0.2248, 0.0803, 0.2971, 0.1686, 0.3131, 0.2649, 0.3613, 0.0161, 0.0401, 0.008, 0.0803, 0.0642, 0.008, 1.7085, 0.1044, 0.0241, 0.0241, 0.0562, 0, 0.1525, 0.1686, 0.1445, 0.1525, 0.1044, 0.1204, 0.1525, 0.1847, 0.1124, 0.0562, 1.4848, 0.0562, 0.1124, 0.0963, 0.1044, 0.3773, 0.2409, 0.7948],
      [14.547, 35.7615, 36.9737, 41.1484, 15.1532, 28.488, 26.6696, 28.2512, 4.2429, 5.4551, 20.0022, 29.0941, 16.9716, 6.0613, 22.4267, 12.7287, 23.639, 20.0022, 27.2757, 1.2123, 3.0306, 0.6061, 0.9087, 4.849, 0.6061, 2.5906, 7.8797, 1.8184, 1.8184, 4.2429, 0, 11.5164, 12.7287, 10.9103, 11.5164, 7.8797, 9.0919, 11.5164, 13.9409, 8.4858, 4.2429, 6.4992, 4.2429, 8.4858, 7.2735, 7.8797, 28.488, 18.1838, 60.0066],
      [1.5979, 3.9283, 4.0614, 4.4609, 1.6645, 3.1293, 2.9296, 3.0627, 0.4661, 0.5992, 2.1972, 3.1959, 1.8643, 0.6658, 2.4635, 1.3982, 2.5967, 2.1972, 2.9961, 0.1332, 0.3329, 0.0666, 5.8184, 0.5326, 0.0666, 0.4661, 0.8656, 0.1997, 0.1997, 0.4661, 0, 1.265, 1.3982, 1.1985, 1.265, 0.8656, 0.9987, 1.265, 1.5314, 0.9321, 0.4661, 0.8656, 0.4661, 0.9321, 0.799, 0.8656, 3.1293, 1.9974, 6.5915],
      [7.6623, 18.8365, 19.4751, 21.3907, 7.9816, 15.0054, 14.0476, 14.6861, 2.2348, 2.8734, 10.5357, 15.3246, 8.9394, 3.1926, 11.8127, 6.7045, 12.4513, 10.5357, 14.3669, 0.6385, 1.5963, 0.3193, 3.1926, 2.5541, 0.3193, 2.2348, 4.1504, 0.9578, 0.9578, 2.2348, 0, 6.066, 6.7045, 5.7467, 6.066, 4.1504, 4.789, 6.066, 7.3431, 4.4697, 2.2348, 4.1504, 2.2348, 4.4697, 3.8312, 4.1504, 15.0054, 9.5779, 31.6071],
      [0, 0, 0, 0, 0, 0, 0, 0, 0, 0, 0, 0, 0, 0, 0, 0, 0, 0, 0, 0, 0, 0, 0, 0, 0, 0, 0, 0, 0, 0, 0, 0, 0, 0, 0, 0, 0, 0, 0, 0, 0, 0, 0, 0, 0, 0, 0, 0, 0]
    ],
    [
      [0.118, 0.6761, 0.5804, 0.5445, 0.1256, 0.3769, 0, 0, 0.0658, 0.0538, 0.2573, 0.359, 0, 0.0718, 0.2573, 0.1675, 0, 0.353, 0.3051, 0.0262, 0.012, 0.0239, 0.0359, 0.0328, 0.0066, 0.0299, 0.012, 0.0197, 0.0179, 0.0538, 0.0179, 0.0656, 0.1915, 0.1077, 0.0852, 0.0538, 0.0419, 0.0359, 0.0838, 0.0718, 0.0598, 0.0658, 0.118, 0.012, 0.0598, 0.1017, 0.3351, 0.2513, 0.5744],
      [0.3184, 0, 1.7159, 0, 0.3835, 1.1144, 1.9043, 0, 0.1946, 0.1592, 1.7203, 1.0614, 0.2123, 0.2123, 0.7606, 3.5199, 0, 1.0437, 0.9022, 0.0708, 0.0354, 0.0708, 0.1061, 0.0884, 0.0177, 0.0884, 0.0354, 0.0531, 0.0531, 0.1592, 0.0548, 0.1769, 0.5661, 0.3184, 0.23, 0.1592, 0.1238, 0.1096, 0.2477, 0.2192, 0.1826, 0.2009, 0.3184, 0.0354, 0.1769, 0.3007, 0.9906, 0.7957, 1.6982],
      [12.274, 81.1935, 66.1432, 63.7138, 14.3197, 42.9951, 35.5208, 49.4294, 1.1531, 6.137, 28.3862, 40.9477, 8.1827, 8.1827, 29.3212, 16.0683, 38.8676, 40.2653, 34.7763, 2.7276, 1.3649, 2.7276, 4.0913, 3.4094, 0.6819, 3.4094, 1.3638, 2.0457, 2.0457, 6.137, 2.0457, 6.8189, 21.8204, 12.274, 8.8646, 6.137, 4.7732, 4.0913, 9.5464, 8.1827, 6.8189, 7.5008, 12.274, 1.3638, 6.8189, 11.5921, 38.1858, 28.6106, 65.4613],
      [3.563, 21.5164, 19.2562, 18.0129, 4.1568, 12.4705, 10.491, 13.8561, 8.5314, 1.7815, 8.5116, 11.8766, 2.3753, 2.3753, 8.5116, 5.5424, 14.6602, 11.6787, 10.0951, 0.7918, 0.3959, 0.7918, 1.1877, 0.9897, 0.1979, 0.9897, 0.3959, 0.5938, 0.5938, 1.7815, 0.5938, 1.9794, 6.3342, 3.5733, 2.5733, 1.7815, 1.3856, 1.1877, 2.7712, 2.3753, 1.9794, 2.1774, 3.563, 0.3959, 1.9794, 3.365, 11.0848, 8.3136, 19.0026],
      [1.7266, 9.0127, 9.3044, 8.7289, 2.0144, 6.0431, 5.0839, 6.7145, 1.0551, 0.8633, 4.1246, 5.7553, 1.2297, 1.1511, 4.1246, 2.6858, 3.4722, 5.6594, 4.892, 0.3837, 0.1918, 0.3837, 0.5755, 0.4796, 0.0959, 0.4796, 0.1918, 0.2878, 0.2878, 0.8633, 0.2878, 0.9592, 3.0879, 1.7266, 1.247, 0.8685, 0.6715, 0.5755, 1.3429, 1.1511, 0.9592, 1.0551, 1.7266, 0.1918, 0.9592, 1.6307, 5.3716, 4.0287, 9.2085],
      [0, 0.6013, 0, 0, 0, 0, 0, 0, 0, 0.0052, 0, 0, 0, 0.0069, 0.0247, 0.0161, 0, 0, 0.0293, 0, 0, 0.0023, 0.0034, 0, 0, 0.0029, 0.0011, 0, 0.0017, 0.0052, 0, 0, 0, 0, 0, 0, 0.004, 0, 0.008, 0, 0, 0, 0, 0.0011, 0.0057, 0.0098, 0.0321, 0, 0.0551]
    ],
    [
      [1.7338, 5.649, 2.3721, 0.9161, 0.1636, 1.4718, 0, 0.7279, 0, 1.2706, 0.0611, 2.4555, 0, 0.8867, 0.5375, 1.0191, 0, 0.2026, 1.0927, 1.0323, 0.5607, 0, 1.4161, 3.7161, 1.2045, 0.8519, 0.9397, 3.0473, 0.5559, 1.3976, 0.675, 2.565, 1.4373, 0.8758, 3.9228, 1.522, 1.5617, 1.4426, 2.11, 1.8661, 0, 1.297, 1.072, 3.3292, 0, 3.7426, 1.6279, 4.353, 6.0219],
      [0, 0, 0, 0, 8.0625, 1.9109, 4.2434, 0, 10.7723, 0, 8.3329, 0, 0, 0, 1.8565, 3.5745, 0, 7.6458, 3.7735, 0, 4.0539, 0, 4.0539, 15.2891, 3.0689, 3.9782, 2.69, 13.8796, 1.5913, 2.5847, 3.6785, 3.031, 0, 0, 7.6098, 4.357, 0.6928, 6.5936, 10.9051, 14.043, 25.7571, 8.9978, 0, 3.142, 0, 4.6601, 0, 11.6847, 8.6205],
      [2.2522, 2.0706, 0.1255, 4.1245, 2.8663, 13.3031, 0, 3.1193, 0, 5.2476, 0, 1.9084, 1.022, 0, 0.8424, 0, 3.5459, 1.4958, 5.0443, 4.4238, 2.662, 2.8473, 0, 0, 1.3926, 0, 1.2207, 0.4227, 0.7221, 0.894, 0, 0, 0, 0.8113, 1.9348, 0, 2.0287, 2.4249, 0.894, 0, 2.1663, 0, 1.3926, 1.3582, 0, 0, 2.1147, 0, 19.8218],
      [110.9796, 95.7305, 128.1393, 123.9243, 65.9459, 102.7244, 98.4744, 46.5945, 130.4646, 76.5506, 101.6607, 101.96, 58.4549, 60.3078, 41.6225, 65.2323, 75.4541, 77.6558, 56.2448, 66.0795, 90.8555, 72.9271, 90.6475, 57.81, 68.621, 77.9477, 60.1493, 67.9428, 35.5813, 41.0254, 42.4197, 67.7738, 60.7317, 61.8436, 72.7422, 83.8262, 100.1569, 89.5053, 33.6962, 113.4052, 98.0766, 79.5833, 62.4495, 70.3459, 86.4116, 104.2023, 104.2023, 91.1092, 382.1616],
      [16.0343, 9.3651, 19.3631, 9.0351, 6.9617, 2.5899, 9.2822, 4.5582, 12.7631, 12.7742, 9.9453, 4.6761, 9.523, 5.6959, 4.061, 6.3815, 0, 0, 0, 6.4644, 8.8679, 6.4014, 10.7075, 10.1847, 6.7131, 22.0506, 5.8843, 7.7076, 3.4808, 4.3096, 4.2267, 6.6302, 9.831, 9.4692, 7.7905, 25.2948, 13.3668, 9.0336, 4.3096, 11.6857, 0, 8.122, 16.0858, 0, 14.9587, 10.1939, 14.3212, 1.8532, 37.7091],
      [0, 0.1848, 0, 0, 0, 0, 0, 0, 0, 0.157, 0, 0, 0, 0.1096, 0.0801, 0.7925, 0, 0, 0.8447, 0, 0, 0.8243, 0.175, 0, 0, 0.1717, 0.1161, 0, 0.0687, 1.7888, 0, 0, 0, 0, 0, 0, 0.1929, 0, 0.085, 0, 0, 0, 0, 0.8247, 0.6297, 0.2011, 0.7339, 0, 0.6651]
    ],
    [
      [2.8179, 3.5659, 1.6335, 1.5889, 0, 1.6038, 0, 0.1811, 0, 3.9321, 0, 1.5444, 0, 1.2771, 0, 1.1626, 0, 1.1137, 3.3078, 6.1214, 0, 0.4157, 2.5261, 1.8265, 4.7487, 0, 7.3224, 2.6135, 0, 1.3513, 1.3945, 9.0596, 1.4256, 0, 2.7917, 0.1217, 2.4373, 0.1399, 2.5717, 0.9749, 0, 1.608, 1.0692, 1.0989, 0, 3.5782, 1.381, 1.485, 15.4537],
      [0, 1.7925, 0.9854, 0, 11.2063, 4.3623, 6.2677, 0, 8.1995, 0, 24.2179, 1.6413, 0, 0, 14.1402, 12.05, 1.4569, 5.2639, 2.1004, 0, 2.0361, 0, 1.7245, 4.9682, 4.1706, 10.6283, 4.6476, 23.1502, 1.8832, 20.9015, 16.2615, 18.1508, 0, 0, 7.5937, 2.6753, 0, 15.0623, 3.3929, 25.6521, 7.4512, 16.7241, 0, 2.989, 0, 14.1265, 0, 4.5009, 0],
      [0.8988, 0.2717, 0.3081, 0.2997, 0.2717, 0.4987, 0, 2.0693, 0, 0.4397, 0, 1.7797, 0, 0, 1.031, 0, 1.5959, 7.0449, 0.1456, 0.9784, 0.5266, 0.2157, 0, 0, 0.9624, 0, 0.7779, 0, 0.2633, 0.3492, 0, 0, 0, 0, 3.1368, 0, 3.1856, 0.5434, 0.3151, 0, 1.3145, 0, 0.2017, 3.8406, 0, 0, 0.2605, 0, 5.4115],
      [1.9281, 1.5714, 1.782, 6.2497, 0, 1.7496, 2.0088, 0.9072, 10.8097, 0, 4.0867, 2.9447, 1.7833, 1.3932, 1.3547, 10.1281, 0.8262, 1.215, 0.8424, 11.3873, 8.5215, 5.0853, 8.3691, 0, 10.927, 0, 0, 0, 0, 0, 0, 5.0966, 0, 1.7172, 0, 0, 6.8551, 0, 0, 0, 2.025, 0, 1.1664, 3.3766, 2.6082, 3.0385, 1.5066, 1.62, 0],
      [143.3552, 89.6223, 105.291, 98.8617, 85.522, 99.7856, 115.7234, 52.8424, 183.9907, 152.343, 122.6954, 96.0899, 98.2167, 82.4879, 34.6114, 59.5085, 47.121, 60.3625, 45.5093, 119.5128, 176.9159, 71.1435, 162.6136, 116.2053, 91.1913, 164.6082, 123.4427, 150.2363, 89.9678, 68.2327, 78.344, 118.6929, 94.5744, 104.2828, 174.4779, 166.203, 160.7658, 178.2544, 76.8428, 214.3731, 114.2093, 127.6679, 69.5628, 62.5605, 158.0993, 110.5499, 89.683, 92.3941, 905.1348],
      [0, 0.1762, 0, 0, 0, 0, 0, 0, 0, 0.2852, 0, 0, 0, 0.8418, 1.8627, 0.1508, 0, 0, 0.0945, 0, 0, 0.1399, 0.7666, 0, 0, 1.7635, 0.8094, 0, 1.8856, 0.1653, 0, 0, 0, 0, 0, 0, 0.7562, 0, 0.8775, 0, 0, 0, 0, 0.1344, 0.2925, 0.7069, 0.1689, 0, 0]
    ],
    [
      [4.8884, 2.6995, 3.1809, 4.0858, 3.5751, 2.6266, 0, 3.0644, 4.4047, 3.5021, 5.0343, 4.2317, 0, 6.8548, 2.3347, 2.9184, 2.5736, 2.8455, 2.2618, 6.2112, 3.648, 2.4077, 3.9399, 3.721, 2.2932, 4.4506, 5.8707, 3.9399, 1.8889, 2.9184, 2.4077, 3.721, 2.8455, 2.4077, 5.3262, 3.9399, 3.3562, 4.6695, 2.1159, 5.3991, 1.5512, 5.2532, 7.7226, 2.8455, 2.2137, 5.9098, 5.2347, 5.3018, 20.0642],
      [24.7969, 17.9328, 20.8408, 23.4544, 23.7985, 17.4481, 28.1657, 7.9997, 35.3317, 20.2068, 35.1825, 28.1109, 18.7901, 14.9464, 15.5094, 20.3551, 22.2948, 18.9021, 15.0248, 27.3075, 24.2335, 9.4387, 26.1722, 25.0675, 15.0248, 31.0415, 34.8962, 26.227, 20.8408, 19.3868, 16.8264, 25.1519, 15.9426, 3.9314, 34.8962, 26.1722, 22.2948, 31.0189, 14.0554, 37.2075, 31.9675, 36.7122, 19.1656, 18.9021, 26.2325, 39.2583, 18.1558, 26.1722, 133.2843],
      [1.6219, 0.8957, 1.0409, 5.0995, 1.1862, 0.908, 0, 4.5218, 0, 2.7155, 0, 1.4628, 1.0167, 0, 0.7746, 0, 1.9428, 0.9836, 0.7504, 1.4524, 1.2104, 0.7988, 0, 0.937, 0.7504, 0, 1.7429, 1.3072, 2.1355, 0.9683, 0, 0.8526, 0.6388, 0.7988, 1.7429, 1.1788, 1.1135, 1.6142, 0.702, 0.5245, 1.4524, 0, 2.2848, 0.9441, 1.1031, 0.5232, 4.3471, 0, 6.657],
      [18.407, 10.1651, 11.8135, 15.385, 13.4618, 9.8903, 19.0014, 20.4327, 19.4369, 13.1871, 18.9565, 15.9344, 11.5387, 13.3181, 8.7914, 10.9893, 12.6377, 10.7145, 8.5167, 16.4839, 13.7873, 15.6215, 15.2916, 14.0113, 8.5167, 16.7586, 19.1632, 14.8355, 11.2689, 10.9893, 9.0661, 14.0113, 10.7145, 13.543, 19.7807, 14.8355, 12.6377, 17.5828, 7.9672, 20.3301, 16.4839, 19.7807, 14.0113, 10.7145, 26.6503, 23.6908, 21.6721, 14.8355, 75.5512],
      [17.2858, 5.2694, 6.1239, 7.9753, 6.9784, 5.127, 7.8329, 5.9815, 9.8267, 6.836, 9.8267, 8.2601, 10.6544, 5.8391, 4.5573, 5.6966, 6.5511, 5.5542, 4.4149, 8.545, 7.1208, 4.6997, 8.5415, 7.2632, 4.4149, 8.6874, 10.254, 7.6905, 6.8222, 5.6966, 4.6997, 7.2632, 8.8586, 12.319, 10.254, 7.8736, 6.5511, 9.1146, 4.1301, 10.5388, 8.545, 10.254, 7.8156, 5.5542, 14.7284, 11.5357, 14.5254, 7.6905, 39.1644],
      [0, 0.0375, 0, 0, 0, 0, 0, 0, 0, 1.5526, 0, 0, 0, 0.0416, 0.0325, 0.0406, 0, 0, 0.0314, 0, 0, 0.0335, 0.0548, 0, 0, 0.0619, 0.073, 0, 0.0436, 0.0406, 0, 0, 0, 0, 0, 0, 0.0467, 0, 0.0294, 0, 0, 0, 0, 0.0396, 0.072, 0.0822, 0.0649, 0, 0.2789]
    ]
  ],
  "V_est": [
    [632.1511, 1.6347, 0, 8.6925, 51.5217, 0],
    [22.3261, 53.5474, 139.4549, 220.0666, 345.6014, 0.0037],
    [0, 11.3264, 687.3434, 81.4543, 365.8759, 0],
    [6.9158, 22.906, 911.0622, 274.3886, 124.9115, 0.8159],
    [74.7044, 215.1348, 96.5007, 4152.3511, 440.6636, 8.6455],
    [97.2452, 302.375, 38.9377, 124.8815, 6204.6828, 11.8778],
    [194.6574, 1246.0758, 62.7012, 783.1654, 421.7431, 2.6571]
  ],
  "p_est": [
    [0.9109, 0.0024, 0, 0.0125, 0.0742, 0],
    [0.0286, 0.0686, 0.1786, 0.2818, 0.4425, 4.7244e-06],
    [0, 0.0099, 0.5998, 0.0711, 0.3193, 0],
    [0.0052, 0.0171, 0.6794, 0.2046, 0.0931, 0.0006],
    [0.015, 0.0431, 0.0193, 0.8325, 0.0883, 0.0017],
    [0.0143, 0.0446, 0.0057, 0.0184, 0.9151, 0.0018],
    [0.0718, 0.4596, 0.0231, 0.2889, 0.1556, 0.001]
  ],
  "EI_Z": {},
  "EI_V": 13.4249,
  "MAE_Z": {},
  "MAE_V": 117.8899,
  "MAE_p": 0.0582,
  "runtime": 1.5148
}
