{
  "Z_true": {},
  "V_true": [
    [10, 2349, 592, 131, 24],
    [191, 5288, 10418, 1031, 260],
    [237, 999, 494, 14203, 354],
    [925, 339, 520, 781, 126],
    [29, 629, 286, 305, 103],
    [37, 142, 142, 284, 292]
  ],
  "p_true": [
    [0.0032, 0.7563, 0.1906, 0.0422, 0.0077],
    [0.0111, 0.3077, 0.6061, 0.06, 0.0151],
    [0.0146, 0.0613, 0.0303, 0.872, 0.0217],
    [0.3437, 0.126, 0.1932, 0.2902, 0.0468],
    [0.0214, 0.4652, 0.2115, 0.2256, 0.0762],
    [0.0412, 0.1583, 0.1583, 0.3166, 0.3255]
  ],
  "Z_est": [
    [
      [0.0103, 0.0019, 0, 0, 0, 0, 0.043, 0.0004, 0.0084, 0, 0, 0, 0, 0, 0, 0, 0, 0, 0, 0, 0, 0, 0, 0, 0, 0, 0.0076, 0, 0, 0, 0, 0, 0, 0, 0, 0, 0, 0, 0, 0.3022, 0],
      [24.8845, 6.9366, 680.2403, 224.7979, 14.8522, 102.7198, 194.9424, 23.9051, 138.5662, 3.9849, 4, 74.6706, 24.9105, 30.9562, 43.9414, 23.9724, 7.9851, 62.9605, 61.8374, 90, 103.726, 67.8022, 21.9068, 81.3761, 28.8975, 21.9192, 22.9081, 30.86, 22.8967, 22.9212, 31.8994, 18.9417, 35.9295, 27.8877, 44.7613, 84.804, 18.9252, 0.9982, 155.7665, 275.4075, 133.4663],
      [0.0038, 0.0189, 0.3437, 0, 0.1478, 0.2105, 0.5619, 0.0579, 0.2672, 0.0006, 0, 0, 0.0667, 0.016, 0, 0.0078, 0.0076, 0.0068, 0.0429, 0, 0.2619, 0, 0.0878, 0.5127, 0.0105, 0.0592, 0.0431, 0.0396, 0.0906, 0.0545, 0.073, 0.0166, 0.0421, 0.068, 0.1643, 0, 0, 0.0009, 0, 0.7984, 0.4254],
      [0.077, 0.0137, 0.2156, 0, 0, 0, 0.2483, 0.0085, 0.0838, 0.0145, 0, 0.2594, 0, 0, 0, 0, 0, 0, 0, 0, 0, 0.1021, 0, 0, 0.0665, 0, 0.0172, 0.0752, 0, 0, 0, 0.0316, 0, 0.0245, 0, 0.1029, 0.0748, 0, 1.0908, 0.8446, 0],
      [0.0244, 0.029, 0.2003, 0.2021, 0, 0.0697, 0.2044, 0.0282, 0.0743, 0, 0, 0.07, 0.0228, 0.0278, 0.0586, 0.0199, 0.0073, 0.0327, 0.1197, 0, 0.0121, 0.0957, 0.0055, 0.1111, 0.0255, 0.0216, 0.024, 0.0252, 0.0126, 0.0243, 0.0276, 0.0101, 0.0284, 0.0199, 0.0745, 0.0931, 0, 0.0009, 0.1427, 0.6473, 0.1083]
    ],
    [
      [10.2888, 3.456, 36.3406, 8.1072, 2.2274, 11.2167, 69.0556, 2.7832, 21.9929, 0.5113, 0.1734, 3.8731, 4.032, 4.7659, 1.5052, 2.2703, 0.7964, 3.9229, 2.797, 4.5262, 12.1282, 3.6588, 3.6173, 7.8263, 3.8018, 2.9027, 5.8164, 4.4961, 3.6073, 2.8194, 4.4139, 2.3112, 4.0051, 2.964, 7.1824, 6.1562, 0.5335, 0.46, 3.3247, 34.3711, 12.7999],
      [50.2901, 12.426, 917.9677, 283.0169, 16.1135, 170.6476, 384.8901, 55.3898, 362.016, 15.0418, 9.1179, 110.1648, 64.656, 108.118, 60.7138, 59.1851, 24.7267, 70.4061, 81.7706, 147.0307, 136.6104, 86.1868, 60.2874, 158.0238, 61.5361, 95.7654, 58.5968, 62.8474, 42.3015, 52.2696, 133.0268, 47.8124, 95.9437, 92.9041, 69.3625, 135.7261, 57.2075, 6.4256, 122.2595, 256.9321, 200.4093],
      [125.9922, 80.1885, 1774.7745, 477.4132, 69.1709, 358.3848, 1400.3285, 144.5226, 823.511, 29.9544, 8.0264, 178.3236, 152.4995, 163.1458, 64.9169, 84.6145, 35.2572, 118.7014, 136.2602, 197.6465, 235.2778, 159.7465, 134.7105, 437.3887, 121.3112, 174.4979, 145.9045, 166.8817, 106.4425, 113.4557, 299.5688, 97.07, 176.9111, 256.4642, 170.317, 243.4241, 87.6995, 7.8781, 227.4762, 729.9928, 473.6769],
      [14.3048, 7.0865, 122.1145, 15.885, 1.4882, 20.1624, 100.1802, 8.7859, 56.6925, 4.4924, 0.5808, 18.8957, 6.5791, 10.5044, 0, 5.2272, 2.3664, 4.2898, 4.0837, 13.1702, 0, 12.8526, 1.6959, 0, 12.1875, 0.437, 10.272, 15.5908, 3.6688, 5.4008, 14.7095, 8.7175, 11.283, 18.2916, 5.4732, 19.7154, 12.5595, 0, 23.7042, 57.8346, 24.7509],
      [2.1241, 3.8429, 18.8026, 8.5777, 0, 4.5885, 17.5455, 2.5184, 7.7876, 0, 0.1015, 3.7429, 2.2335, 3.4659, 1.864, 1.7029, 0.8534, 1.6797, 4.0885, 1.6264, 1.9835, 3.5552, 0.6888, 7.7612, 2.1634, 3.397, 2.4103, 2.184, 0.9799, 2.0544, 4.281, 1.0889, 2.8571, 2.3761, 3.6649, 4.9782, 0, 0.2363, 4.2355, 17.8694, 6.363]
    ],
    [
      [3.0764, 0, 24.1103, 4.0029, 0.327, 11.9052, 11.9741, 3.5747, 16.6968, 0.2689, 0.0087, 3.1849, 5.7578, 3.9814, 2.2336, 2.4762, 1.4624, 2.8491, 2.5201, 3.1998, 6.8443, 2.2833, 1.5565, 2.7804, 2.652, 3.1147, 4.6328, 0, 3.0115, 3.0043, 3.7588, 2.3845, 3.1525, 1.9595, 5.6625, 4.2046, 0.3388, 0.496, 1.905, 7.5024, 8.4108],
      [0, 0, 28.6446, 8.8645, 0.0109, 6.6647, 0, 0.1725, 4.8468, 0.0039, 2.8482, 4.5385, 3.4294, 6.1866, 9.8232, 5.9524, 4.6853, 4.3065, 7.8518, 10.9139, 7.1013, 2.1919, 1.0709, 1.313, 0, 9.8293, 0, 0, 0.8637, 2.3432, 4.7969, 0.6227, 3.8809, 0, 0.8774, 4.0992, 1.0645, 0.5308, 2.0477, 0, 2.5668],
      [4.1556, 2.2693, 82.1653, 15.5118, 0.8665, 29.9893, 123.4432, 15.9021, 48.7838, 0.5901, 0.6391, 5.3601, 19.8386, 8.4878, 3.0456, 5.8692, 5.2776, 6.0732, 8.9538, 6.6261, 10.9851, 5.9794, 5.1106, 8.7108, 7.2439, 19.7201, 10.1512, 11.1628, 8.4778, 10.3628, 22.9783, 6.249, 10.0946, 18.5636, 12.2107, 9.8317, 1.564, 0.4763, 6.6418, 31.9123, 26.7876],
      [320.686, 92.0029, 2146.0096, 383.3651, 12.7956, 633.7081, 2393.2651, 305.9951, 1083.4047, 23.1371, 40.3043, 367.363, 323.9649, 274.6891, 116.2093, 197.505, 158.4495, 153.7366, 216.8348, 302.9185, 211.8714, 194.1572, 82.4789, 122.5925, 385.9547, 279.419, 233.6459, 369.7698, 132.245, 195.7859, 426.2738, 206.8599, 259.164, 371.8546, 204.993, 329.4881, 99.8363, 12.1883, 266.5728, 674.1252, 507.3629],
      [4.082, 3.7278, 22.0703, 6.2557, 0, 7.7328, 30.3175, 5.3556, 10.2679, 0, 0.1997, 5.5535, 5.0092, 4.6551, 2.6883, 3.1971, 3.1252, 2.0346, 5.8395, 2.3418, 2.198, 3.3882, 0.7831, 2.6033, 5.1494, 5.9169, 3.5701, 4.0674, 1.4021, 3.5037, 6.1924, 1.8839, 3.708, 3.6222, 4.2565, 5.3765, 0.1964, 0.3085, 3.8327, 13.46, 6.872]
    ],
    [
      [18.0626, 4.8068, 72.5183, 18.2582, 1.4456, 44.9771, 121.7187, 12.2662, 87.5696, 3.3413, 3.6078, 19.8015, 22.3549, 13.3205, 7.7669, 10.0459, 7.6348, 13.8185, 7.2877, 16.0022, 20.9254, 9.9269, 10.7967, 21.2866, 15.7841, 14.1929, 12.9529, 13.4087, 10.5375, 12.956, 24.5724, 10.3572, 19.8654, 20.0051, 20.2574, 21.2503, 2.7161, 2.0418, 5.8612, 43.7422, 34.8182],
      [0.3443, 0.0444, 3.9527, 1.3002, 0.0234, 1.7313, 2.6714, 0.5261, 3.2899, 0.0918, 0.4138, 1.1868, 0.9008, 0.7205, 0.6255, 0.6243, 0.5682, 0.6866, 0.5004, 1.0893, 0.719, 0.5194, 0.4361, 0.8785, 0.7157, 1.1012, 0.3431, 0.6784, 0.3149, 0.5859, 1.5132, 0.4463, 1.091, 1.0908, 0.5472, 1.083, 0.323, 0.0868, 0.4268, 0.9816, 1.3004],
      [8.8222, 4.4424, 66.1698, 18.4647, 0.8148, 30.7339, 98.1034, 12.5492, 67.1282, 1.762, 2.1131, 16.3199, 17.8338, 8.9647, 4.4814, 6.9969, 6.2049, 8.5219, 6.704, 11.563, 9.3252, 8.3055, 7.7853, 20.5329, 13.1199, 15.0302, 7.9781, 17.187, 6.8811, 10.5793, 28.4492, 8.202, 16.2785, 28.6553, 12.1343, 16.3955, 4.4466, 0.6219, 7.1816, 28.0967, 27.1417],
      [13.3783, 5.2272, 86.8014, 23.3425, 0.7163, 37.8723, 112.3616, 14.6467, 83.6528, 2.8048, 3.9133, 25.8326, 19.9349, 12.8219, 6.4183, 10.1812, 9.0037, 10.9174, 8.4844, 17.5029, 10.5943, 11.4974, 8.1484, 17.8016, 19.7847, 16.2804, 9.8725, 22.7271, 7.4923, 12.4966, 33.3186, 11.3643, 21.456, 33.8994, 13.363, 23.0172, 7.3888, 0.8063, 10.4428, 34.4363, 31.8975],
      [3.3925, 2.4792, 20.5577, 7.6343, 0, 9.6854, 29.145, 5.0119, 18.3594, 0, 0.9519, 7.8592, 5.9755, 4.1724, 2.7079, 3.1517, 3.5884, 3.0556, 4.0235, 3.8426, 2.436, 3.7509, 1.8335, 7.5003, 5.5956, 6.3954, 2.8535, 5.9987, 1.7742, 4.3822, 10.1466, 2.6302, 6.3091, 8.3494, 4.6981, 7.254, 1.1255, 0.4432, 3.0876, 11.7431, 8.8421]
    ],
    [
      [0.0003, 0, 0.0109, 0, 0, 0.0064, 0.0437, 0.0021, 0.0121, 0.0001, 0, 0, 0.0044, 0.0028, 0.0001, 0.0007, 0, 0.0036, 0.001, 0, 0.0398, 0.0019, 0.001, 0.0036, 0.0014, 0.0006, 0.0065, 0.0002, 0.0035, 0.0023, 0.0007, 0.0011, 0.0014, 0, 0.0091, 0.0036, 0, 0.0022, 0, 0.0858, 0.0247],
      [0.955, 0, 245.5391, 73.4582, 0, 24.0231, 115.0883, 13.3333, 56.5613, 1.929, 1.9658, 30.8706, 16.2823, 24.2129, 7.812, 10.6725, 7.7615, 16.4415, 25.1074, 39.8984, 48.5205, 24.0474, 4.8094, 21.0039, 15.3631, 17.3877, 14.3207, 19.0537, 8.6165, 11.5107, 25.8794, 12.4938, 20.2389, 28.5492, 14.3383, 34.6677, 13.5518, 1.9586, 51.8826, 114.8957, 82.3249],
      [0.0222, 0, 5.0013, 1.3628, 0, 0.53, 3.8219, 0.3563, 1.3327, 0.0365, 0.016, 0.4864, 0.4048, 0.3812, 0.0939, 0.1602, 0.1128, 0.3024, 0.455, 0.5379, 0.964, 0.4531, 0.1143, 0.6057, 0.2974, 0.3566, 0.3563, 0.4802, 0.2259, 0.2627, 0.6177, 0.2552, 0.3929, 0.8025, 0.365, 0.6362, 0.1952, 0.0228, 0.9174, 3.0666, 2.0635],
      [0.0165, 0, 3.3575, 0.7632, 0, 0.3223, 2.2417, 0.2077, 0.8378, 0.0325, 0.014, 0.461, 0.2133, 0.2712, 0.0511, 0.1139, 0.0792, 0.175, 0.2322, 0.4336, 0.3108, 0.3412, 0.0566, 0.233, 0.246, 0.1504, 0.2252, 0.3466, 0.1142, 0.1478, 0.3481, 0.1921, 0.258, 0.4877, 0.1865, 0.4811, 0.2238, 0.0054, 0.8819, 1.9955, 1.1255],
      [0.006, 0, 1.0912, 0.4159, 0, 0.1181, 0.8043, 0.1006, 0.2561, 0.0019, 0.0043, 0.182, 0.0953, 0.132, 0.0428, 0.0527, 0.0466, 0.0774, 0.2044, 0.1302, 0.1649, 0.1565, 0.0186, 0.1538, 0.0922, 0.1047, 0.0913, 0.1193, 0.0398, 0.0764, 0.154, 0.0579, 0.1088, 0.1607, 0.1011, 0.2114, 0.0292, 0.011, 0.3181, 0.9564, 0.4614]
    ],
    [
      [2.5615, 0.7352, 10.0199, 2.6318, 0, 2.8946, 9.1649, 0.3735, 5.7201, 0.8784, 0.2101, 1.1406, 1.8509, 0.9294, 0.4943, 1.2069, 0.1064, 1.4058, 0.3941, 2.2719, 3.0623, 1.1291, 1.0283, 2.103, 0.7608, 0.7892, 1.5838, 1.095, 0.8402, 0.2179, 1.2543, 0.946, 0.9757, 1.0714, 1.8886, 1.3854, 0.4116, 0, 0.9091, 5.9963, 3.9464],
      [2.5261, 0.593, 20.6556, 6.5622, 0, 4.2135, 10.4078, 0.6732, 8.7198, 0.9485, 0.6543, 2.5688, 2.821, 1.8058, 1.084, 2.5933, 0.2732, 2.1986, 0.9324, 5.0677, 3.3228, 2.2523, 1.4894, 3.4047, 1.4876, 1.9973, 1.8313, 2.5605, 1.0067, 0.3694, 2.8843, 1.6831, 1.916, 2.5683, 2.1133, 2.62, 1.928, 0, 2.617, 6.7831, 5.9324],
      [2.004, 1.081, 14.5454, 4.2475, 0, 3.1516, 11.741, 0.6119, 6.9771, 0.6563, 0.2055, 1.51, 2.3567, 1.0045, 0.4622, 1.3515, 0.1399, 1.3943, 0.5841, 2.6266, 2.1859, 1.5155, 1.1916, 3.249, 1.0171, 1.336, 1.5668, 2.2487, 0.8821, 0.285, 2.313, 1.2073, 1.2808, 2.4464, 1.8088, 1.7124, 1.0947, 0, 1.7831, 6.1331, 4.9049],
      [1.5374, 0.6697, 9.5013, 2.6442, 0, 1.9349, 6.7031, 0.356, 4.3283, 0.5187, 0.1876, 1.1883, 1.3078, 0.7134, 0.3212, 0.9726, 0.1013, 0.8813, 0.3649, 1.9748, 1.2235, 1.0495, 0.6201, 1.3729, 0.7605, 0.7131, 0.9672, 1.4905, 0.4798, 0.1688, 1.3501, 0.8347, 0.839, 1.4423, 0.9843, 1.1953, 0.9167, 0, 1.3075, 3.7638, 2.8631],
      [12.371, 9.9211, 71.2778, 27.9143, 0, 15.8055, 54.9832, 3.9854, 30.2547, 0.9981, 1.7426, 11.5924, 12.6636, 7.5469, 4.6383, 9.8757, 1.3792, 8.12, 5.7245, 14.0591, 9.2055, 11.0535, 4.6706, 18.8703, 6.974, 9.1644, 9.0509, 12.6054, 3.7913, 1.9589, 13.1983, 6.329, 7.9886, 11.4717, 11.205, 12.0869, 4.649, 0, 12.3834, 40.3237, 25.3531]
    ]
  ],
  "V_est": [
    [0.3738, 3095.0651, 4.5084, 3.351, 2.7016],
    [323.8386, 5036.1239, 10989.7285, 676.0349, 162.2743],
    [173.2653, 154.9439, 639.0625, 15112.9833, 206.7449],
    [854.8601, 36.4741, 693.0222, 863.9001, 242.7434],
    [0.2777, 1297.3265, 28.8655, 18.1811, 7.3491],
    [76.3845, 126.0665, 96.8129, 60.5495, 537.1867]
  ],
  "p_est": [
    [0.0001, 0.9965, 0.0015, 0.0011, 0.0009],
    [0.0188, 0.293, 0.6394, 0.0393, 0.0094],
    [0.0106, 0.0095, 0.0392, 0.9279, 0.0127],
    [0.3177, 0.0136, 0.2575, 0.321, 0.0902],
    [0.0002, 0.9596, 0.0214, 0.0134, 0.0054],
    [0.0852, 0.1405, 0.1079, 0.0675, 0.5989]
  ],
  "EI_Z": {},
  "EI_V": 9.2272,
  "MAE_Z": {},
  "MAE_V": 255.4161,
  "MAE_p": 0.0864,
  "runtime": 0.008
}
