{
  "Z_true": {},
  "V_true": [
    [139, 1220, 538, 458, 14],
    [824, 157, 165, 188, 13],
    [485, 769, 1126, 5882, 95],
    [122, 111, 2982, 285, 39],
    [74, 250, 829, 160, 116],
    [227, 364, 721, 941, 106],
    [69, 133, 174, 175, 159]
  ],
  "p_true": [
    [0.0587, 0.515, 0.2271, 0.1933, 0.0059],
    [0.6117, 0.1166, 0.1225, 0.1396, 0.0097],
    [0.058, 0.092, 0.1347, 0.7038, 0.0114],
    [0.0345, 0.0314, 0.8426, 0.0805, 0.011],
    [0.0518, 0.1749, 0.5801, 0.112, 0.0812],
    [0.0962, 0.1543, 0.3056, 0.3989, 0.0449],
    [0.0972, 0.1873, 0.2451, 0.2465, 0.2239]
  ],
  "Z_est": {},
  "V_est": [
    [257.3745, 1412.2571, 699.3684, 0, 0],
    [907.975, 110.5315, 0, 247.571, 80.9225],
    [413.5161, 665.1763, 463.3767, 6814.9309, 0],
    [0, 0, 3527.2593, 11.7407, 0],
    [84.6671, 298.0702, 966.5823, 0, 79.6804],
    [153.4033, 246.5852, 808.538, 1014.7574, 135.7161],
    [123.0641, 271.3796, 69.8752, 0, 245.681]
  ],
  "p_est": [
    [0.1086, 0.5961, 0.2952, 0, 0],
    [0.6741, 0.0821, 0, 0.1838, 0.0601],
    [0.0495, 0.0796, 0.0554, 0.8155, 0],
    [0, 0, 0.9967, 0.0033, 0],
    [0.0592, 0.2086, 0.6764, 0, 0.0558],
    [0.065, 0.1045, 0.3427, 0.4302, 0.0575],
    [0.1733, 0.3822, 0.0984, 0, 0.346]
  ],
  "EI_Z": {},
  "EI_V": 14.0632,
  "MAE_Z": {},
  "MAE_V": 161.6065,
  "MAE_p": 0.0705,
  "runtime": 0.4525
}
