{
  "X": [
    [0, 4, 1, 1],
    [2, 4, 21, 2],
    [58, 500, 1507, 118],
    [52, 518, 992, 111],
    [37, 227, 305, 48],
    [39, 286, 588, 56],
    [42, 360, 427, 51],
    [31, 263, 207, 59],
    [11, 201, 186, 43],
    [22, 204, 246, 23],
    [16, 233, 256, 40],
    [48, 439, 416, 96],
    [41, 274, 216, 41],
    [22, 254, 487, 41],
    [32, 390, 1281, 74],
    [8, 12, 9, 2],
    [41, 276, 402, 47],
    [37, 187, 245, 25],
    [61, 298, 341, 51],
    [60, 430, 461, 63],
    [44, 351, 501, 49],
    [2, 15, 12, 1],
    [2, 24, 36, 5],
    [85, 453, 833, 71],
    [90, 570, 804, 61],
    [0, 6, 16, 0],
    [0, 3, 6, 1],
    [1, 8, 3, 1],
    [2, 5, 7, 1],
    [1, 9, 2, 1],
    [4, 16, 48, 4],
    [25, 307, 1154, 80],
    [49, 449, 1676, 81],
    [16, 158, 545, 16],
    [83, 430, 554, 66],
    [2, 2, 19, 2],
    [0, 13, 32, 0],
    [7, 19, 32, 0],
    [0, 1, 6, 0],
    [24, 232, 426, 70],
    [110, 1145, 2346, 216],
    [24, 161, 247, 34],
    [175, 723, 1275, 156],
    [27, 161, 267, 21]
  ],
  "W": [
    [0, 0, 4, 1, 1, 0],
    [2, 2, 5, 17, 1, 2],
    [103, 92, 516, 1302, 69, 101],
    [72, 93, 497, 854, 77, 80],
    [25, 61, 225, 252, 20, 34],
    [49, 69, 275, 503, 34, 39],
    [44, 100, 337, 334, 33, 32],
    [21, 35, 239, 178, 35, 52],
    [15, 23, 184, 163, 22, 34],
    [24, 38, 193, 209, 7, 24],
    [18, 20, 239, 211, 25, 32],
    [42, 48, 427, 359, 50, 73],
    [19, 62, 267, 153, 35, 36],
    [43, 58, 225, 422, 25, 31],
    [87, 68, 396, 1106, 37, 83],
    [1, 6, 15, 9, 0, 0],
    [28, 68, 254, 341, 29, 46],
    [18, 69, 146, 203, 20, 38],
    [39, 90, 278, 285, 20, 39],
    [28, 133, 391, 374, 35, 53],
    [28, 93, 326, 407, 28, 63],
    [2, 5, 13, 10, 0, 0],
    [4, 4, 26, 29, 1, 3],
    [64, 158, 419, 671, 51, 79],
    [47, 180, 520, 632, 30, 116],
    [3, 1, 6, 12, 0, 0],
    [0, 0, 4, 5, 0, 1],
    [1, 0, 6, 3, 0, 3],
    [0, 1, 5, 7, 0, 2],
    [0, 0, 8, 3, 0, 2],
    [4, 3, 17, 45, 1, 2],
    [86, 37, 334, 1018, 31, 60],
    [122, 62, 466, 1458, 53, 94],
    [27, 25, 168, 469, 11, 35],
    [45, 131, 404, 416, 62, 75],
    [3, 1, 3, 17, 0, 1],
    [0, 6, 6, 32, 1, 0],
    [3, 3, 20, 27, 1, 4],
    [0, 0, 1, 6, 0, 0],
    [22, 32, 234, 390, 44, 30],
    [138, 227, 1095, 2019, 146, 192],
    [13, 35, 149, 216, 21, 32],
    [73, 196, 728, 1149, 41, 142],
    [13, 67, 123, 256, 4, 13]
  ],
  "method": "mult",
  "cond_prob": [
    [
      [0, 0.042081349658, 0.93465991896, 0.023258731377],
      [-0, 0.96193049348, 0.036322645986, 0.0017468605355],
      [0, 0.89825224064, 0.00030279548779, 0.10144496387],
      [0, 0.028835662093, 0.96347499958, 0.0076893383317],
      [0, 0.37815537534, 0.035313818473, 0.58653080619],
      [0, 0.68272845028, 0.20957845136, 0.10769309836]
    ],
    [
      [0.000602675299, 0.024743128898, 0.9385401941, 0.036114001703],
      [0.68037390669, 0.27595261482, 0.043673478485, 0],
      [0.037452756421, 0.50509662346, 0.26800623396, 0.18944438616],
      [0, 0, 0.99772233489, 0.0022776651092],
      [0.00055716646272, 0.21603703318, 0.1057458836, 0.67765991676],
      [0.22511294372, 0.32854418103, 0.31425795415, 0.1320849211]
    ],
    [
      [0.00079668227899, 0.044788650254, 0.9254097237, 0.029004943768],
      [0.36012652549, 0.58305084521, 0.055466945866, 0.001355683438],
      [0.02649564494, 0.70528712935, 0.15077399106, 0.11744323465],
      [0, 0, 0.98989175241, 0.01010824759],
      [0.00065252184076, 0.41201777661, 0.1310117326, 0.45631796895],
      [0.10959925331, 0.48899708845, 0.30595632538, 0.095447332852]
    ],
    [
      [0.00085648510731, 0.051698204483, 0.91750630804, 0.029939002368],
      [0.32767524289, 0.620097315, 0.050643172795, 0.0015842693125],
      [0.027015993096, 0.73835882866, 0.12263168771, 0.11199349054],
      [0, 0.016766986179, 0.96956764183, 0.013665371994],
      [0.00060850185641, 0.43695053279, 0.12163152928, 0.44080943607],
      [0.099884153401, 0.52100179896, 0.28631735108, 0.092796696563]
    ],
    [
      [0.0013125745452, 0.050817509278, 0.91273101811, 0.035138898067],
      [0.39114067396, 0.56205732269, 0.044743956125, 0.0020580472257],
      [0.037979550744, 0.71682139931, 0.11413594522, 0.13106310472],
      [0.001212392261, 0.021277751887, 0.96093552277, 0.016574333081],
      [0.00092645920501, 0.39965672409, 0.11268980536, 0.48672701134],
      [0.12465157569, 0.49423890533, 0.2753590501, 0.10575046888]
    ],
    [
      [0.0010570734878, 0.050370640971, 0.9197052289, 0.028867056639],
      [0.36486047752, 0.58459704369, 0.049182932174, 0.0013595466228],
      [0.033668535288, 0.73087075077, 0.12615169048, 0.10930902346],
      [0, 0.014912439773, 0.97302522782, 0.012062332402],
      [0.0008082541662, 0.43701212454, 0.1247725311, 0.43740709019],
      [0.11503852832, 0.50886709426, 0.28654233151, 0.089552045911]
    ],
    [
      [0.00065772929099, 0.053045751219, 0.92160637717, 0.024690142316],
      [0.3082551982, 0.6390268757, 0.051524363812, 0.001193562287],
      [0.024062293221, 0.75844973329, 0.12539806907, 0.092089904418],
      [0, 0.015309122394, 0.97447296065, 0.010217916952],
      [0.00053343092956, 0.47890352618, 0.13039528182, 0.39016776107],
      [0.094342001724, 0.53902112545, 0.28939751835, 0.077239354479]
    ],
    [
      [0.0019163702828, 0.067028941584, 0.8903797405, 0.04067494763],
      [0.38307354931, 0.58510066369, 0.028908876867, 0.0029169101304],
      [0.04196663383, 0.78679584454, 0.039083931555, 0.13215359007],
      [0.0043031033462, 0.053334594097, 0.91820282725, 0.024159475304],
      [0.0016532752952, 0.43610843051, 0.086427774007, 0.47581052019],
      [0.1288142208, 0.54446748721, 0.220847688, 0.10587060399]
    ],
    [
      [0.00066414181991, 0.065344732773, 0.89461176428, 0.039379361127],
      [0.23602851883, 0.71943619171, 0.041578865611, 0.0029564238461],
      [0.01766832583, 0.7929669613, 0.057720360319, 0.13164435256],
      [0, 0.051041746629, 0.92435168929, 0.024606564083],
      [0.00036561716247, 0.43699493006, 0.091780708343, 0.47085874444],
      [0.067716659099, 0.57744654585, 0.24457242325, 0.11026437181]
    ],
    [
      [0.0013128292647, 0.061486324875, 0.91345844437, 0.023742401487],
      [0.33255463903, 0.62633562976, 0.039850690061, 0.0012590411523],
      [0.03259516837, 0.79481572528, 0.090414522581, 0.082174583766],
      [0.0021638888694, 0.039617037277, 0.94698102754, 0.011238046316],
      [0.00089798643628, 0.51452819107, 0.12361509725, 0.36095872525],
      [0.10758373501, 0.56010338185, 0.26368032577, 0.068632557372]
    ],
    [
      [0.00093888460198, 0.056602268722, 0.9146981207, 0.027760725977],
      [0.31311537035, 0.63851491879, 0.046960107678, 0.001409603182],
      [0.027570341003, 0.76962179959, 0.10300537528, 0.099802484129],
      [0.00016099660467, 0.028509332097, 0.95840137839, 0.012928292912],
      [0.00069551125845, 0.47110338546, 0.11923663893, 0.40896446434],
      [0.096253847043, 0.54619365552, 0.27419813028, 0.083354367151]
    ],
    [
      [0.00187629398, 0.064001272834, 0.89532622124, 0.038796211943],
      [0.3906407691, 0.57348144455, 0.033570934852, 0.0023068515006],
      [0.042308672797, 0.77380370175, 0.054894244892, 0.12899338056],
      [0.0040379911457, 0.049881816555, 0.92363219489, 0.022447997409],
      [0.0014194805741, 0.4325721772, 0.094183695047, 0.47182464717],
      [0.13128798085, 0.53197911716, 0.23358778833, 0.10314511366]
    ],
    [
      [0.0015256534899, 0.05220105603, 0.92267273577, 0.023600554706],
      [0.39359213615, 0.5611542889, 0.044770961819, 0.00048261313081],
      [0.042822267136, 0.74948756351, 0.12089215571, 0.086798013646],
      [0.0023452370147, 0.017606680148, 0.97155871777, 0.0084893650655],
      [0.0015088166125, 0.48137622613, 0.13273799334, 0.38437696392],
      [0.1311979159, 0.51559568304, 0.28113608965, 0.072070311404]
    ],
    [
      [0.00057241691435, 0.056166258912, 0.91636730958, 0.026894014599],
      [0.26569837908, 0.68193681128, 0.050829016154, 0.0015357934894],
      [0.018328709345, 0.76965327026, 0.11507635253, 0.096941667874],
      [0, 0.023074865211, 0.96425750365, 0.012667631144],
      [0.00046219264349, 0.47545717333, 0.12252479465, 0.40155583938],
      [0.078366634429, 0.55601637268, 0.28310183964, 0.082515153251]
    ],
    [
      [0.00046754778879, 0.045347456682, 0.92922393959, 0.024961055943],
      [0.28476609681, 0.65285305701, 0.061115856131, 0.00126499005],
      [0.014680788663, 0.71316377447, 0.16998118918, 0.10217424769],
      [0, 0, 0.99203088906, 0.0079691109362],
      [0.00048996299955, 0.44446754279, 0.13865278666, 0.41638970755],
      [0.081488046, 0.5156940918, 0.31774423749, 0.085073624707]
    ],
    [
      [0.010289258865, 0.050662635516, 0.90019526787, 0.03885283775],
      [0.71523532877, 0.28476467123, 0, 0],
      [0.20659586063, 0.66880507302, 0, 0.12459906635],
      [0.066595651006, 0.023185915758, 0.89997830357, 0.010240129666],
      [0.0022274743769, 0.33102692113, 0.085767222768, 0.58097838173],
      [0.31963501463, 0.38641371733, 0.19930938063, 0.094641887407]
    ],
    [
      [0.001317910962, 0.053465924335, 0.91735530779, 0.027860856909],
      [0.37280379739, 0.58147326748, 0.044394029165, 0.0013289059615],
      [0.036899510979, 0.74673683865, 0.11406842869, 0.10229522168],
      [0.0019236382146, 0.024012359976, 0.96200758647, 0.012056415342],
      [0.0010377622126, 0.45618829326, 0.12294251737, 0.41983142716],
      [0.12073714667, 0.51899868818, 0.27634688094, 0.083917284222]
    ],
    [
      [0.0015106894928, 0.054281141609, 0.9207570137, 0.023451155198],
      [0.37424257549, 0.5827104516, 0.042408647445, 0.00063832546636],
      [0.038846202675, 0.76046224989, 0.11488931243, 0.085802235004],
      [0.0037676517662, 0.024128576827, 0.96347934572, 0.0086244256824],
      [0.0013090670714, 0.49036480346, 0.13037653901, 0.37794959046],
      [0.12335551684, 0.528500859, 0.27717103953, 0.070972584629]
    ],
    [
      [0.0026530096496, 0.057764122911, 0.9062568998, 0.033325967643],
      [0.42670113596, 0.54035560626, 0.031071575902, 0.0018716818732],
      [0.051467569737, 0.74821603667, 0.084047367586, 0.11626902601],
      [0.0085822574811, 0.037448234696, 0.93832318759, 0.01564632023],
      [0.001631261732, 0.43348525728, 0.10969759348, 0.45518588751],
      [0.14633018932, 0.506889344, 0.25329001421, 0.093490452471]
    ],
    [
      [0.0009017423883, 0.053235441535, 0.91898867517, 0.026874140908],
      [0.32803472814, 0.62191142441, 0.048602670357, 0.0014511770915],
      [0.027937895993, 0.75277333691, 0.11966368814, 0.099625078956],
      [0, 0.018896094978, 0.96944290961, 0.011660995414],
      [0.00065768979311, 0.46371444378, 0.12553727049, 0.41009059594],
      [0.10187539423, 0.53138996988, 0.28396617387, 0.082768462013]
    ],
    [
      [0.00073634485222, 0.049894852518, 0.92606135905, 0.02330744358],
      [0.32128244267, 0.62236322422, 0.055470576551, 0.00088375655917],
      [0.024203661291, 0.74636362728, 0.1395613456, 0.089871365832],
      [0, 0.0047334911231, 0.98682720419, 0.0084393046832],
      [0.00058270156201, 0.47593393549, 0.13749412611, 0.38598923683],
      [0.098308030973, 0.52628477308, 0.30041288926, 0.074994306687]
    ],
    [
      [0.0009226616468, 0.06944358922, 0.91022075532, 0.019412993811],
      [0.33119257246, 0.64679011965, 0.020577562847, 0.0014397450505],
      [0.026322447263, 0.85333623182, 0.054086227573, 0.066255093346],
      [0, 0.053379120971, 0.93735497167, 0.0092659073626],
      [0.00072252468678, 0.52412079821, 0.10976646275, 0.36539021436],
      [0.10159709719, 0.59491703162, 0.24744037296, 0.056045498236]
    ],
    [
      [0.00027026111419, 0.050071377956, 0.91394295564, 0.035715405285],
      [0.32262306109, 0.62488134333, 0.050502517499, 0.0019930780754],
      [0.017094128435, 0.72882312465, 0.11882274075, 0.13526000617],
      [0, 0.014601245434, 0.96892536883, 0.016473385737],
      [0.00039450725988, 0.37884119326, 0.10513503312, 0.51562926636],
      [0.087861621534, 0.5161701877, 0.28295203962, 0.11301615114]
    ],
    [
      [0.00095973302457, 0.045166181423, 0.93086194338, 0.023012142169],
      [0.38474673599, 0.55825020043, 0.05666361037, 0.00033945321502],
      [0.034278550481, 0.71494230135, 0.1577489227, 0.093030225467],
      [0, 0, 0.99373160196, 0.006268398038],
      [0.00083669363365, 0.45687728568, 0.14404008434, 0.39824593634],
      [0.12333175663, 0.49423122639, 0.3067751564, 0.075661860578]
    ],
    [
      [0.00082573210312, 0.047817417743, 0.93245494086, 0.018901909295],
      [0.3464335335, 0.59500356769, 0.058248467852, 0.0003144309513],
      [0.028638104351, 0.74106097331, 0.15531926004, 0.0749816623],
      [0, 0, 0.994344342, 0.0056556580031],
      [0.00079401012198, 0.50465148047, 0.15139181341, 0.343162696],
      [0.10937517237, 0.51862662627, 0.30996982586, 0.062028375498]
    ],
    [
      [0, 0.044423303853, 0.95557669615, 0],
      [0, 0.93204531441, 0.067954685589, 0],
      [0, 0.82244746234, 0.17755253766, 0],
      [0, 0, 1, 0],
      [0, 0.80342013967, 0.19657986033, 0],
      [0, 0.67508772827, 0.32491227173, 0]
    ],
    [
      [0, 0.034798998156, 0.92405336986, 0.041147631984],
      [1.8214596498e-17, 0.91626942203, 0.080205245611, 0.003525332362],
      [0, 0.62565128269, 0.18110282175, 0.19324589556],
      [0, 0, 0.99005516052, 0.0099448394802],
      [0, 0.12016719886, 0.038001443922, 0.84183135721],
      [0, 0.49739486926, 0.32531291039, 0.17729222035]
    ],
    [
      [0.0043394697209, 0.11780739177, 0.83307443119, 0.044778707325],
      [0.68194039534, 0.30785383365, 0.0097178342266, 0.00048793679044],
      [0, 0.89574975102, 0, 0.10425024898],
      [0.12005221095, 0.18676663479, 0.66846113364, 0.024720020615],
      [0.0010139729537, 0.4207250293, 0.046989810446, 0.5312711873],
      [0.21183463248, 0.64913139925, 0.053847389295, 0.085186578975]
    ],
    [
      [0.0029054808075, 0.048143638089, 0.91151891241, 0.037431968693],
      [0.73662650589, 0.25381287016, 0.0086569801892, 0.00090364375729],
      [0.10012956055, 0.71058560001, 0.052541885334, 0.13674295411],
      [0.026596052398, 0.048842336816, 0.90779867691, 0.016762933876],
      [0.0012608975355, 0.25622378488, 0.063435665462, 0.67907965213],
      [0.28827666229, 0.42568138604, 0.18702142738, 0.099020524282]
    ],
    [
      [0.0035740336133, 0.10884648126, 0.84283508732, 0.044744397798],
      [0.74908420321, 0.24408299292, 0.0064686212427, 0.00036418262892],
      [0, 0.90270027515, 0, 0.097299724847],
      [0.17283931702, 0.18586633796, 0.61771599191, 0.023578353114],
      [0.0012389829775, 0.45464574406, 0.042611120584, 0.50150415238],
      [0.24074102447, 0.61039939245, 0.073426012137, 0.075433570939]
    ],
    [
      [0.0033471445675, 0.051900770696, 0.90655690391, 0.038195180825],
      [0.59632382179, 0.37491077307, 0.027521723027, 0.0012436821191],
      [0.071939937935, 0.69455526618, 0.098596702939, 0.13490809294],
      [0.011758516768, 0.035922554405, 0.93434150905, 0.017977419774],
      [0.0017067826019, 0.36253703446, 0.098347445592, 0.53740873735],
      [0.22191048715, 0.4405865451, 0.2356739562, 0.10182901155]
    ],
    [
      [0.00067960002325, 0.045273288986, 0.9217450609, 0.032302050086],
      [0.32403052026, 0.61713980561, 0.057125122439, 0.0017045516951],
      [0.021862361102, 0.71077371528, 0.13796681559, 0.12939710803],
      [0, 0.0009816989923, 0.98664046438, 0.012377836625],
      [0.00057257668948, 0.39392028282, 0.12332159118, 0.48218554931],
      [0.093877444382, 0.49438341825, 0.30520694596, 0.10653219142]
    ],
    [
      [0.00092780319233, 0.045295483005, 0.9318810513, 0.021895662507],
      [0.37386949677, 0.57171727739, 0.053444789974, 0.00096843586014],
      [0.031167124084, 0.72181582246, 0.15693467564, 0.090082377814],
      [0, 0, 0.99383647512, 0.0061635248774],
      [0.0008760331273, 0.46648634754, 0.14653784246, 0.38609977687],
      [0.11847435779, 0.49933542753, 0.30941797379, 0.072772240894]
    ],
    [
      [0.00070634235348, 0.043863843836, 0.94199472912, 0.013435084691],
      [0.34095795293, 0.59963216147, 0.058862157239, 0.00054772836503],
      [0.022345618717, 0.70135633316, 0.21818664674, 0.058111401388],
      [0, 0, 0.99768005754, 0.0023199424566],
      [0.00085361069297, 0.54061244658, 0.17499619727, 0.28353774546],
      [0.10552932203, 0.51572203707, 0.33149504493, 0.047253595968]
    ],
    [
      [0.00145121913, 0.045925456583, 0.93117617721, 0.02144714708],
      [0.41193951673, 0.53454492486, 0.053515558407, 0],
      [0.043847604589, 0.7207697934, 0.15071333007, 0.084669271942],
      [0.0020963720419, 0.0017287420666, 0.99133574254, 0.0048391433514],
      [0.0013698100354, 0.47038945053, 0.14750343804, 0.3807373014],
      [0.13732222936, 0.49111560173, 0.30209955297, 0.069462615946]
    ],
    [
      [0.0075117020125, 0.027815552435, 0.88255356045, 0.082119185102],
      [0.8848826085, 0.10291086894, 0.01125948981, 0.00094703275463],
      [0.11655569983, 0.44798917169, 0.10465432988, 0.33080079859],
      [0.022705447491, 0.013936616784, 0.93102453616, 0.032333399568],
      [0.00078540867137, 0.073882264223, 0.032819217945, 0.89251310916],
      [0.35692257863, 0.23275247336, 0.19969972451, 0.2106252235]
    ],
    [
      [0, 0.073944496983, 0.92605550302, 0],
      [0, 0.95145696588, 0.048543034124, 0],
      [0, 0.90529030098, 0.094709699018, 0],
      [0, 0.031687618412, 0.96831238159, 0],
      [0, 0.84551260965, 0.15448739035, 0],
      [0, 0.73520007615, 0.26479992385, 0]
    ],
    [
      [0.007154270469, 0.050462715332, 0.9423830142, 0],
      [0.68287575319, 0.29611205874, 0.021012188071, 0],
      [0.13560043207, 0.75854942234, 0.10585014559, 0],
      [0.033292278766, 0.0098451151951, 0.95686260604, 0],
      [0.0058523040486, 0.77893897372, 0.21520872223, 0],
      [0.32828936423, 0.43613253673, 0.23557809904, 0]
    ],
    [
      [0, 0.056359827602, 0.9436401724, 0],
      [-0, 0.97995188088, 0.020048119117, 0],
      [0, 0.9812715846, 0.018728415404, 0],
      [0, 0.0031214025673, 0.99687859743, 0],
      [0, 0.89952479269, 0.10047520731, -0],
      [-0, 0.84190995098, 0.15809004902, 0]
    ],
    [
      [0.0012026238156, 0.052954359215, 0.90611379834, 0.039729218626],
      [0.37471962038, 0.57858144943, 0.04432125266, 0.0023776775326],
      [0.034650355352, 0.71849586057, 0.10256874717, 0.1442850369],
      [0.00084736629638, 0.031125714984, 0.94397330234, 0.024053616377],
      [0.00082938939293, 0.3872994261, 0.10239382647, 0.50947735804],
      [0.11691217609, 0.50040542498, 0.26637377449, 0.11630862444]
    ],
    [
      [0.00068158084001, 0.050026009933, 0.92244113375, 0.026851275481],
      [0.30383897903, 0.63981184369, 0.055025357186, 0.0013238200924],
      [0.021422905909, 0.74223760996, 0.13331924503, 0.10302023911],
      [0, 0.0066293621579, 0.982692592, 0.010678045846],
      [0.00049453006948, 0.45107371596, 0.12994845204, 0.41848330193],
      [0.090646928353, 0.52535153375, 0.29791133813, 0.086090199772]
    ],
    [
      [0.0013704464018, 0.052965268814, 0.91355503343, 0.032109251353],
      [0.38992120971, 0.56556619472, 0.042772563814, 0.0017400317497],
      [0.03875664968, 0.73461040625, 0.10909971046, 0.1175332336],
      [0.0022789195973, 0.027057752301, 0.95516250735, 0.015500820748],
      [0.0010900313746, 0.42677612119, 0.11465983715, 0.45747401029],
      [0.12640824258, 0.50790347238, 0.2702478064, 0.095440478643]
    ],
    [
      [0.0024186741024, 0.050738491953, 0.90982456391, 0.037018270035],
      [0.48408024403, 0.47838271678, 0.035890179934, 0.0016468592496],
      [0.05942217646, 0.70158745183, 0.10402534364, 0.13496502807],
      [0.010640416983, 0.028646842515, 0.94397723915, 0.016735501354],
      [0.001574083694, 0.38815663078, 0.11008216283, 0.5001871227],
      [0.17178864755, 0.46442090675, 0.25827228829, 0.10551815741]
    ],
    [
      [0.001184925975, 0.061553720549, 0.90511049513, 0.032150858348],
      [0.31694377622, 0.64629780655, 0.034480974106, 0.0022774431196],
      [0.029507460114, 0.7734016847, 0.089767139321, 0.10732371587],
      [0.0032313509544, 0.04970851485, 0.93019710112, 0.016863033072],
      [0.00073959781345, 0.45895635916, 0.10758851756, 0.43271552547],
      [0.099212394291, 0.5544797029, 0.25547447722, 0.090833425594]
    ]
  ],
  "expected_outcome": [
    [
      [0, 0.001205350598, 0.082058274736, 0.061666927726, 0.032814363629, 0.051796600903, 0.028940088804, 0.040243775939, 0.0099621272986, 0.031507902353, 0.016899922836, 0.078804347159, 0.028987416308, 0.024613927317, 0.040676657625, 0.010289258865, 0.036901506936, 0.02719241087, 0.10346737633, 0.025248786872, 0.020617655862, 0.0018453232936, 0.0010810444568, 0.061422913572, 0.038809408846, 0, 0, 0.0043394697209, 0, 0, 0.01338857827, 0.058445601999, 0.11319198946, 0.019071243544, 0.06530486085, 0.022535106038, 0, 0.021462811407, 0, 0.026457723943, 0.094058155922, 0.017815803223, 0.17656320948, 0.015404037675],
      [0, 0.049486257795, 4.6132309761, 3.7222707228, 1.2704377319, 2.4681614076, 2.3340130536, 1.4076077733, 0.9801709916, 1.475671797, 1.018840837, 2.688053459, 0.99182006457, 2.4151491332, 3.9452287313, 0.050662635516, 1.4970458814, 0.97706054896, 2.2528007935, 1.490592363, 1.3970558705, 0.13888717844, 0.20028551183, 2.8906356111, 2.2474186339, 0.13326991156, 0, 0.11780739177, 0, 0, 0.20760308279, 3.8935028528, 5.5260489266, 1.1843237836, 2.0666455462, 0.083446657306, 0, 0.15138814599, 0, 1.1649959027, 6.9035893707, 0.68854849458, 3.7039099125, 0.80019836714],
      [0, 1.8770803882, 95.3172015411, 66.060454179, 22.8182754527, 45.0655562162, 40.5506805957, 18.6979745506, 13.4191764642, 21.923002665, 16.4645661726, 37.6037012922, 17.5307819797, 39.4037943117, 80.842482744, 0.90019526787, 25.6859486182, 16.5736262466, 35.3440190921, 25.7316829047, 25.9297180534, 1.8204415106, 3.6557718226, 59.5751643766, 43.8253822204, 2.8667300884, 0, 0.83307443119, 0, 0, 3.6262276156, 79.2700752378, 113.6894882581, 25.4338576862, 41.9029279743, 2.6476606813, 0, 2.8271490426, 0, 19.9345035635, 127.296876457, 11.8762154346, 66.4171931654, 11.7664364367],
      [0, 0.072228003406, 2.9875092081, 2.1556081705, 0.87847245169, 1.4144857753, 1.0863662619, 0.85417390022, 0.59069041691, 0.56981763569, 0.49969306759, 1.6294409016, 0.44841053941, 1.1564426277, 2.171611867, 0.03885283775, 0.78010399344, 0.42212079357, 1.2997127381, 0.75247594543, 0.65260842023, 0.038825987622, 0.14286162114, 1.4727770988, 0.88838973687, 0, 0, 0.044778707325, 0, 0, 0.1527807233, 2.7779763074, 2.6712708258, 0.36274728666, 0.9651216186, 0.24635755531, 0, 0, 0, 0.87404280977, 3.7054760164, 0.41742026759, 2.7023337125, 0.41796115852]
    ],
    [
      [0, 1.3607478134, 33.1316403447, 30.4737975888, 23.8595811117, 25.1753729487, 30.8255198198, 13.4075742259, 5.4286559331, 12.6370762832, 6.2623074071, 18.7507569167, 24.4027124412, 15.4105059867, 19.3640945828, 4.2914119726, 25.3506582225, 25.8227377086, 38.4031022368, 43.628618843, 29.8792671681, 1.6559628623, 1.2904922444, 60.7899842858, 62.3580360305, 0, 0, 0, 0.73662650589, 0, 1.7889714654, 11.9891292495, 23.1799087999, 8.5239488232, 53.9640766917, 0.8848826085, 0, 2.0486272596, 0, 11.9910278521, 68.9714482398, 13.64724234, 94.8797278304, 21.235233007],
      [0, 0.55190522964, 53.6406777593, 57.6690502952, 34.2854966839, 40.3371960143, 63.9026875703, 20.4785232292, 16.5470324094, 23.8007539307, 12.7702983757, 27.5271093384, 34.7915659119, 39.552335054, 44.3940078769, 1.7085880274, 39.5401821889, 40.2070211605, 48.6320045634, 82.7142194464, 57.8797798527, 3.2339505982, 2.4995253733, 88.2035316677, 107.1006421848, 0.93204531441, 0, 0, 0.25381287016, 0, 1.1247323192, 22.8341728075, 35.4464711984, 14.9908040367, 70.025385157, 0.10291086894, 5.7087417953, 0.88833617623, 0, 18.5146063818, 145.237288518, 19.7948168153, 93.7630124897, 43.3019530389],
      [0, 0.087346956969, 5.1029590197, 4.7098150699, 2.7293813236, 3.39362232, 5.1524363812, 1.0118106903, 0.95631390906, 1.5143262223, 0.93920215357, 1.6114048729, 2.7757996328, 2.9480829369, 4.1558782169, 0, 3.0187939832, 2.9261966737, 2.7964418312, 6.4641551574, 5.1587636192, 0.10288781424, 0.20201007, 8.9528504385, 10.4847242134, 0.067954685589, 0, 0, 0.0086569801892, 0, 0.082565169082, 2.1136295303, 3.3135769784, 1.471553931, 7.0105381513, 0.01125948981, 0.29125820474, 0.063036564212, 0, 1.4182800851, 12.4907560812, 1.4970397335, 7.0344752671, 2.3102252651],
      [0, 0, 0.12472287629, 0.14733704607, 0.12554088077, 0.093808716973, 0.1193562287, 0.10209185457, 0.06799774846, 0.047843563786, 0.028192063641, 0.11072887203, 0.02992201411, 0.089076022387, 0.086019323402, 0, 0.090365605383, 0.044044457179, 0.16845136859, 0.19300655317, 0.082189360003, 0.0071987252524, 0.0079723123017, 0.053633607973, 0.056597571235, 0, 0, 0, 0.00090364375729, 0, 0.0037310463572, 0.063068412718, 0.060043023328, 0.013693209126, 0, 0.00094703275463, 0, 0, 0, 0.076085681043, 0.30050716097, 0.060901111238, 0.32278441292, 0.15258868902]
    ],
    [
      [0, 0.18726378211, 13.6717527889, 13.4269485685, 8.5453989175, 9.2588472042, 8.1089928156, 10.0300254855, 3.2509719527, 6.2908674954, 6.5893114997, 18.0658032844, 11.4335453253, 4.1239596026, 5.8135923107, 3.0989379094, 9.3724757886, 5.6715455905, 14.3079843868, 10.9237173332, 7.890393581, 0.34219181442, 0.44444733932, 14.3627126517, 14.8918142624, 0, 0, 0, 0.50064780274, 0, 1.2229789449, 7.3020286082, 14.5238798231, 3.7540639445, 17.714432254, 0.34966709949, 0, 2.7120086414, 0, 8.1081831524, 23.4580819704, 5.7747408023, 43.2593444632, 3.629417594],
      [3.5930089626, 2.5254831173, 363.9281587452, 366.9643378431, 161.2848148455, 200.9894564618, 255.5975601179, 188.0442068458, 145.9059208784, 153.3994349796, 183.9396101015, 330.4141806465, 200.1131794571, 173.1719858075, 282.4128546889, 10.0320760953, 189.6711570171, 111.0274884835, 208.0040581931, 294.3343747328, 243.314542492, 11.0933710136, 18.9494012409, 299.5608242667, 385.3517061194, 4.934684774, 2.5026051307, 5.3744985061, 3.552928, 7.2216022012, 11.8074395251, 237.3984209033, 336.3661732675, 117.82786397, 291.1909965347, 1.3439675151, 5.4317418059, 15.1709884469, 0.9812715846, 168.1280313741, 812.7501829049, 109.456950532, 510.7556649287, 95.1284072181],
      [0.0012111819512, 1.3400311698, 77.7993793879, 60.9479487904, 25.6805876747, 34.6917148817, 42.2591492776, 9.3410596417, 10.6205462987, 17.4500028582, 24.6182846919, 23.4398425689, 32.278205574, 25.8921793182, 67.3125509165, 0, 28.9733808866, 16.7738396154, 23.365168189, 46.7885020621, 45.4969986659, 0.70312095845, 3.0893912594, 66.0967986111, 80.766015222, 1.065315226, 0.72441128701, 0, 0.26270942667, 0, 1.67614395, 46.0809164066, 73.1315588479, 36.6553566524, 60.8881853467, 0.31396298965, 0.56825819411, 2.1170029118, 0.018728415404, 24.0010868386, 145.9845733033, 16.2558568587, 75.7304501726, 11.0413581364],
      [0.40577985548, 0.94722193079, 60.600709078, 55.660764798, 29.4891985623, 30.0599814523, 31.0342977889, 31.584708027, 24.2225608702, 15.8596946668, 23.8527937069, 55.0801735002, 23.1750696436, 21.8118752717, 40.461002084, 1.8689859953, 25.9829863077, 12.5271263106, 32.3227892311, 38.9534058718, 29.2980652611, 0.8613162135, 3.5167601604, 38.9796644706, 38.9904643962, 0, 0.77298358225, 0.6255014939, 0.68371477055, 0.77839779878, 2.29343758, 43.2186340819, 41.9783880615, 9.7627154332, 34.2063858647, 0.99240239578, 0, 0, 0, 33.7626986349, 112.8071618213, 17.512451807, 98.2545404355, 13.2008170514]
    ],
    [
      [0, 0, 0, 0, 0.30552284978, 0, 0, 0.76595239563, 0, 0.45225277371, 0.033970283585, 1.4496388213, 0.35882126325, 0, 0, 0.59936085906, 0.65596063119, 0.76483330855, 2.4459433821, 0, 0, 0, 0, 0, 0, 0, 0, 0.36015663284, 0.18617236679, 0.51851795106, 0.52913325458, 0, 0, 0, 0.87209076942, 0.38599260734, 0, 0.89889152669, 0, 0.33047285559, 0, 0.49224663302, 12.2258391131, 0.82722584432],
      [0.028835662093, 0, 0, 14.3190061968, 5.3619934755, 7.5009572057, 5.1132468797, 9.4935577492, 8.3198047006, 8.2799607909, 6.0154690724, 17.9075721431, 2.6938220626, 9.7375931189, 0, 0.20867324182, 8.188214752, 4.898101096, 10.6727468883, 7.0671395218, 1.9265308871, 0.53379120971, 0.42343611758, 0, 0, 0, 0, 0.56029990438, 0.34189635771, 0.55759901388, 1.6165149482, 0.99936957416, 0, 0, 0.71915669972, 0.23692248532, 1.0140037892, 0.26581811027, 0.018728415404, 12.1390288436, 13.3846821968, 5.8444744971, 32.9152220492, 12.7253798015],
      [0.96347499958, 16.9612796931, 1288.839061638, 828.0107661204, 242.1557517381, 489.431689596, 325.4739688584, 163.4401032512, 150.669325354, 197.9190347554, 202.2226908396, 331.5839579657, 148.6484838191, 406.9166665382, 1097.1861633045, 8.0998047321, 328.0445869853, 195.586307182, 267.4221084639, 362.5716481932, 401.6386721068, 9.3735497167, 28.098835696, 666.7939049165, 628.425624142, 12, 4.9502758026, 2.0053834009, 6.3545907384, 1.8531479757, 42.0453679073, 1004.3999927414, 1449.0135807288, 467.9119469879, 412.3956688967, 15.8274171147, 30.9859962108, 25.835290363, 5.9812715846, 368.1495879136, 1984.0563432403, 206.3151015883, 1084.629847782, 238.1304578877],
      [0.0076893383317, 0.038720306857, 13.160938362, 11.6702276828, 4.1767319365, 6.0673531984, 3.4127842619, 4.300386604, 4.0108699455, 2.34875168, 2.7278698044, 8.0588310699, 1.298872855, 5.3457403429, 8.8138366955, 0.092161166991, 4.1112376316, 1.7507584135, 4.4592012656, 4.361212285, 3.4347970061, 0.092659073626, 0.47772818638, 4.2060950835, 3.574375858, 0, 0.049724197401, 0.074160061846, 0.11734053713, 0.070735059343, 0.80898388985, 12.6006376844, 8.9864192712, 1.0880530121, 2.0130836342, 0.54966779265, 0, 0, 0, 9.3809103872, 21.5589745629, 3.3481772815, 19.2290910558, 4.3169364664]
    ],
    [
      [0, 0.00055716646272, 0.045024007012, 0.046854642943, 0.0185291841, 0.027480641651, 0.017603220675, 0.057864635332, 0.0080435775744, 0.006285905054, 0.017387781461, 0.070974028705, 0.052808581436, 0.011554816087, 0.018128630983, 0, 0.030095104165, 0.026181341428, 0.032625234641, 0.023019142759, 0.016315643736, 0, 0.00039450725988, 0.042671375316, 0.023820303659, 0, 0, 0, 0, 0, 0.0017067826019, 0.017749877374, 0.046429755747, 0.0093897176227, 0.084928222197, 0, 0, 0.0058523040486, 0, 0.036493133289, 0.072201390145, 0.022890658866, 0.064537431455, 0.0029583912538],
      [0.37815537534, 0.21603703318, 28.4292265858, 33.6451910251, 7.9931344818, 14.8584122345, 15.803816364, 15.2637950678, 9.6138884613, 3.6016973375, 11.7775846366, 21.6286088602, 16.8481679144, 11.8864293333, 16.4452990833, 0, 13.2294605045, 9.8072960692, 8.6697051455, 16.2300055322, 13.3261501939, 0, 0.37884119326, 23.3007415697, 15.1395444142, 0, 0, 0, 0, 0, 0.36253703446, 12.2115287675, 24.7237764196, 5.9467369123, 29.164145933, 0, 0.84551260965, 0.77893897372, 0, 17.0411747484, 65.8567625304, 8.962298545, 15.9144218618, 1.8358254366],
      [0.035313818473, 0.1057458836, 9.0398095496, 9.3656277543, 2.2537961073, 4.2422660573, 4.3030443001, 3.0249720902, 2.0191755836, 0.86530568073, 2.9809159733, 4.7091847524, 4.6458297669, 3.0631198661, 5.1301531063, 0, 3.5653330036, 2.6075307802, 2.1939518696, 4.3938044671, 3.8498355311, 0, 0.10513503312, 7.3460443015, 4.5417544022, 0, 0, 0, 0, 0, 0.098347445592, 3.8229693266, 7.7665056505, 1.92495817, 9.1452131582, 0, 0.15448739035, 0.21520872223, 0, 4.5053283645, 18.9724739972, 2.4078565801, 4.5133686761, 0.43035407022],
      [0.58653080619, 0.67765991676, 31.4859398576, 33.9423265777, 9.7345402268, 14.8718410666, 12.8755361153, 16.6533682066, 10.3588923776, 2.5267110768, 10.2241116086, 23.5912323587, 13.4531937373, 10.0388959845, 15.4064191795, 0, 12.1751113877, 7.5589918092, 9.1037177502, 14.3531708579, 10.8076986313, 0, 0.51562926636, 20.3105427535, 10.2948808799, 0, 0, 0, 0, 0, 0.53740873735, 14.9477520285, 20.4632881741, 3.1189152001, 23.6057126865, 0, 0, 0, 0, 22.4170037539, 61.0985620822, 9.606954216, 20.5076720306, 1.7308621019]
    ],
    [
      [0, 0.45022588744, 11.0695245846, 7.9907322721, 4.2381535733, 4.4865026045, 3.0189440552, 6.6983394817, 2.3023664094, 2.5820096403, 3.0801231054, 9.5840226017, 4.7231249725, 2.4293656673, 6.763507818, 0, 5.5539087466, 4.68750964, 5.7068773833, 5.3993958941, 6.1934059513, 0, 0.2635848646, 9.7432087736, 12.6875199945, 0, 0, 0.63550389744, 0.57655332458, 0.48148204894, 0.4438209743, 5.6326466629, 11.1365896318, 3.6935262712, 10.2991672019, 0.35692257863, 0, 1.3131574569, 0, 3.5073652827, 17.4042102437, 4.0450637626, 24.3939879524, 1.2897611258],
      [0, 0.65708836207, 49.3887059335, 41.6801439169, 16.8041227813, 19.8458166762, 17.2486760145, 28.3123093347, 19.6331825588, 13.4424811643, 17.4781969768, 38.8344755528, 18.5614445894, 17.2365075531, 42.8026096196, 0, 23.8739396562, 20.083032642, 19.7686844161, 28.1636684038, 33.1559407039, 0, 1.5485105631, 39.0442668848, 60.1606886477, 0, 0.49739486926, 1.9473941978, 0.85136277209, 1.2207987849, 0.8811730902, 29.6630050947, 46.9375301879, 18.0502712973, 36.8336701294, 0.23275247336, 0, 1.7445301469, 0, 15.0121627494, 100.8674944792, 16.2529111161, 65.9477687581, 7.2082361377],
      [0, 0.6285159083, 30.9015888637, 22.905388086, 9.3622077035, 11.1751509288, 9.2607205871, 11.484079776, 8.3154623905, 6.3283278184, 8.774340169, 17.0519085479, 10.1208992275, 8.7761570288, 26.3727717117, 0, 12.711956523, 10.5324995021, 9.8783105542, 15.0502072154, 18.9260120236, 0, 0.84885611887, 24.2352373559, 35.9564998, 0, 0.32531291039, 0.16154216789, 0.37404285477, 0.14685202427, 0.4713479124, 18.3124167573, 29.0852895363, 11.6023265726, 22.6574664728, 0.19969972451, 0, 0.94231239617, 0, 7.9912132347, 57.1989769209, 8.6479298048, 36.6746649368, 3.3211682038],
      [0, 0.26416984219, 9.6401806181, 7.423735725, 3.5955159419, 3.4925297905, 2.4716593433, 5.5052714075, 3.7489886414, 1.6471813769, 2.6673397488, 7.5295932975, 2.5945312106, 2.5579697508, 7.0611108507, 0, 3.8601950742, 2.6969582159, 3.6461276464, 4.3867284867, 4.7246413213, 0, 0.33904845343, 5.9772869857, 7.1952915578, 0, 0.17729222035, 0.25555973692, 0.19804104856, 0.15086714188, 0.20365802311, 6.3919314851, 6.840590644, 1.6538758589, 5.209696196, 0.2106252235, 0, 0, 0, 3.4892587332, 16.5293183563, 3.0540953166, 14.9835783527, 1.1808345327]
    ]
  ],
  "prob": [
    [0.0010938168319, 0.050252809819, 0.92078858629, 0.027864787056],
    [0.36128287496, 0.58904545151, 0.048451294598, 0.0012203789323],
    [0.03260868911, 0.73778179442, 0.12382203106, 0.10578748541],
    [0.00153617306, 0.012793673412, 0.974435451, 0.011234702525],
    [0.00087135071484, 0.44697079763, 0.12565369776, 0.4265041539],
    [0.11522053562, 0.51286442589, 0.28555099003, 0.086364048457]
  ],
  "iterations": 116,
  "time": 0.000459,
  "message": "Converged",
  "status": 0,
  "miniter": 0,
  "maxiter": 1000,
  "maxtime": 3600,
  "param_threshold": 0.001,
  "ll_threshold": "-Inf",
  "initial_prob": "group_proportional",
  "adjust_prob_cond_method": "project_lp",
  "adjust_prob_cond_every": false,
  "candidates_id": ["PERSSON, Linda.c", "MORONEY, Suzanne Mary.c", "BENNETT, David.c", "Other candidates votes.c"],
  "group_id": ["ACT New Zealand.p", "Green Party.p", "Labour Party.p", "National Party.p", "New Zealand First Party.p", "Other parties votes.p"]
}
