{
  "X": [
    [24, 51, 25],
    [37, 47, 16],
    [36, 54, 10],
    [37, 47, 16],
    [28, 48, 24],
    [25, 52, 23],
    [33, 46, 21],
    [24, 57, 19],
    [21, 57, 22],
    [36, 47, 17],
    [22, 52, 26],
    [27, 52, 21],
    [35, 40, 25],
    [23, 51, 26],
    [32, 44, 24],
    [22, 52, 26],
    [20, 56, 24],
    [26, 43, 31],
    [22, 47, 31],
    [20, 36, 44],
    [36, 30, 34],
    [26, 44, 30],
    [25, 48, 27],
    [27, 43, 30],
    [16, 48, 36],
    [27, 37, 36],
    [25, 45, 30],
    [30, 42, 28],
    [25, 45, 30],
    [27, 34, 39],
    [22, 46, 32],
    [32, 37, 31],
    [21, 46, 33],
    [36, 32, 32],
    [40, 29, 31],
    [42, 31, 27],
    [53, 29, 18],
    [41, 37, 22],
    [43, 25, 32],
    [50, 25, 25],
    [49, 21, 30],
    [45, 38, 17],
    [51, 28, 21],
    [54, 21, 25],
    [40, 40, 20],
    [43, 31, 26],
    [48, 28, 24],
    [46, 31, 23],
    [37, 38, 25],
    [50, 30, 20]
  ],
  "W": [
    [63, 16, 21],
    [59, 23, 18],
    [64, 15, 21],
    [59, 16, 25],
    [70, 11, 19],
    [68, 11, 21],
    [65, 21, 14],
    [75, 17, 8],
    [67, 19, 14],
    [63, 20, 17],
    [71, 14, 15],
    [75, 16, 9],
    [63, 13, 24],
    [62, 24, 14],
    [62, 16, 22],
    [78, 12, 10],
    [57, 32, 11],
    [21, 58, 21],
    [16, 67, 17],
    [14, 67, 19],
    [10, 68, 22],
    [21, 61, 18],
    [16, 70, 14],
    [18, 67, 15],
    [15, 69, 16],
    [20, 62, 18],
    [13, 74, 13],
    [17, 67, 16],
    [13, 70, 17],
    [23, 65, 12],
    [13, 73, 14],
    [27, 53, 20],
    [12, 72, 16],
    [16, 35, 49],
    [10, 19, 71],
    [19, 14, 67],
    [14, 14, 72],
    [19, 22, 59],
    [15, 12, 73],
    [16, 14, 70],
    [17, 16, 67],
    [19, 21, 60],
    [15, 20, 65],
    [13, 12, 75],
    [19, 26, 55],
    [9, 23, 68],
    [24, 10, 66],
    [13, 16, 71],
    [20, 19, 61],
    [19, 15, 66]
  ],
  "method": "exact",
  "cond_prob": [
    [
      [0.18018919134, 0.62472646831, 0.19508434036],
      [0.13043232084, 0.44798174271, 0.42158593644],
      [0.50291256249, 0.21307260063, 0.28401483688]
    ],
    [
      [0.31290614513, 0.56952545218, 0.11756840269],
      [0.2545698103, 0.45951356342, 0.28591662628],
      [0.70463510004, 0.15717702014, 0.13818787982]
    ],
    [
      [0.27658820724, 0.64697414775, 0.076437645007],
      [0.24115594092, 0.55943592854, 0.19940813054],
      [0.69909598203, 0.20010074362, 0.10080327435]
    ],
    [
      [0.28125862482, 0.59438694663, 0.12435442855],
      [0.2264157522, 0.47430034691, 0.29928390089],
      [0.67132356401, 0.17369458394, 0.15498185205]
    ],
    [
      [0.22319979646, 0.574007993, 0.20279221054],
      [0.15966736188, 0.40690804407, 0.43342459405],
      [0.55893017196, 0.17597115816, 0.26509866988]
    ],
    [
      [0.1862202079, 0.62586953291, 0.18791025919],
      [0.136175046, 0.45340833666, 0.41041661733],
      [0.51614763603, 0.2120657171, 0.27178664687]
    ],
    [
      [0.29370785633, 0.54348357273, 0.16280857094],
      [0.222622349, 0.40852300528, 0.36885464572],
      [0.65956571496, 0.14961319012, 0.19082109491]
    ],
    [
      [0.2193126513, 0.62906295634, 0.15162439235],
      [0.16913307973, 0.48120050857, 0.34966641169],
      [0.58453609958, 0.20498370357, 0.21048019684]
    ],
    [
      [0.17131742769, 0.66105655813, 0.16762601417],
      [0.1290720909, 0.49369460804, 0.37723330106],
      [0.50495447268, 0.23778664659, 0.25725888073]
    ],
    [
      [0.30707063111, 0.56282578943, 0.13010357946],
      [0.24483191927, 0.4450199778, 0.31014810293],
      [0.6916418738, 0.15538680645, 0.15297131975]
    ],
    [
      [0.1805206834, 0.60610935834, 0.21336995827],
      [0.12726402869, 0.42347300676, 0.44926296455],
      [0.49342233848, 0.20250756423, 0.30407009729]
    ],
    [
      [0.24769036928, 0.58056393731, 0.17174569341],
      [0.18524943892, 0.43067004572, 0.38408051537],
      [0.60658125345, 0.17410933006, 0.21930941648]
    ],
    [
      [0.27949507586, 0.50890829042, 0.21159663372],
      [0.19739666339, 0.35612031381, 0.4464830228],
      [0.61773556652, 0.137883901, 0.24438053248]
    ],
    [
      [0.19665882819, 0.60850936667, 0.19483180513],
      [0.1423375614, 0.43658716511, 0.42107527349],
      [0.52793222703, 0.19959480741, 0.27247296556]
    ],
    [
      [0.25496006745, 0.5510766567, 0.19396327585],
      [0.18469059713, 0.39557423737, 0.4197351655],
      [0.60170119382, 0.15927543122, 0.23902337496]
    ],
    [
      [0.19564942351, 0.58123947726, 0.22311109923],
      [0.13599258123, 0.40058799122, 0.46341942755],
      [0.51074339915, 0.18562648792, 0.30363011294]
    ],
    [
      [0.17641030818, 0.65925391294, 0.16433577889],
      [0.1335746936, 0.49496271564, 0.37146259076],
      [0.51547474896, 0.23488364202, 0.24964160902]
    ],
    [
      [0.21801201947, 0.60854992349, 0.17343805704],
      [0.16294614812, 0.45077917199, 0.38627467989],
      [0.5700414762, 0.19405998245, 0.23589854135]
    ],
    [
      [0.19099896751, 0.64844573176, 0.16055530074],
      [0.14557499533, 0.48993909852, 0.36448590615],
      [0.54061716664, 0.22346757005, 0.23591526331]
    ],
    [
      [0.18525877444, 0.56009199744, 0.25464922812],
      [0.12361292817, 0.37015916319, 0.50622790863],
      [0.48022689318, 0.17673937378, 0.34303373304]
    ],
    [
      [0.34792317553, 0.46421214142, 0.18786468305],
      [0.2543107834, 0.33637351813, 0.40931569847],
      [0.69216522606, 0.11293087968, 0.19490389425]
    ],
    [
      [0.22889643237, 0.60704520498, 0.16405836265],
      [0.17346160604, 0.45605321729, 0.37048517667],
      [0.58955649733, 0.19071135781, 0.21973214485]
    ],
    [
      [0.23023102845, 0.63517172133, 0.13459725022],
      [0.18256485475, 0.49951532771, 0.31791981754],
      [0.60976883659, 0.20508425137, 0.18514691205]
    ],
    [
      [0.25494081488, 0.58690893001, 0.1581502551],
      [0.1948788677, 0.44488791024, 0.36023322206],
      [0.62361207973, 0.1752099516, 0.20117796867]
    ],
    [
      [0.13797185402, 0.67414292819, 0.18788521779],
      [0.1010413708, 0.48923759663, 0.40972103257],
      [0.43491047529, 0.25815386935, 0.30693565536]
    ],
    [
      [0.2544845034, 0.5377105263, 0.2078049703],
      [0.18088408779, 0.37882702285, 0.44028888936],
      [0.5941942494, 0.15325078095, 0.25255496965]
    ],
    [
      [0.24183460085, 0.6089001887, 0.14926521045],
      [0.18741903595, 0.46800381713, 0.34457714692],
      [0.61439550219, 0.18861654457, 0.19698795324]
    ],
    [
      [0.28134258928, 0.57280671516, 0.14585069556],
      [0.21911283075, 0.44241357018, 0.33847359908],
      [0.65853852014, 0.16378604002, 0.17767543984]
    ],
    [
      [0.22331031246, 0.62461094738, 0.15207874016],
      [0.17236394019, 0.47800690766, 0.34962915216],
      [0.59008765441, 0.20115142047, 0.20876092512]
    ],
    [
      [0.28879096956, 0.48179515023, 0.22941388021],
      [0.19906988206, 0.32932479687, 0.47160532107],
      [0.61818878052, 0.12604997902, 0.25576124047]
    ],
    [
      [0.20615985848, 0.63244989055, 0.16139025096],
      [0.15689864626, 0.47726108473, 0.36584026901],
      [0.56188004732, 0.20986373127, 0.22825622142]
    ],
    [
      [0.2908440404, 0.52212242848, 0.18703353112],
      [0.21288739248, 0.37884666634, 0.40826594118],
      [0.64320895539, 0.14119105574, 0.21559998887]
    ],
    [
      [0.18816472721, 0.64456354124, 0.16727173155],
      [0.14197974505, 0.48213952671, 0.37588072824],
      [0.53246760184, 0.22194947389, 0.24558292427]
    ],
    [
      [0.21909010597, 0.57418459736, 0.20672529667],
      [0.1561932989, 0.40474660638, 0.43906009472],
      [0.55158760904, 0.17646765753, 0.27194473343]
    ],
    [
      [0.18315226292, 0.61380126342, 0.20304647366],
      [0.13141861482, 0.43477364613, 0.43380773905],
      [0.50241582661, 0.20565194492, 0.29193222847]
    ],
    [
      [0.20228242536, 0.6089284733, 0.18878910134],
      [0.14805596231, 0.44018089366, 0.41176314402],
      [0.53856493203, 0.19802726113, 0.26340780684]
    ],
    [
      [0.25784335507, 0.61542296561, 0.12673367931],
      [0.20719255022, 0.48893994804, 0.30386750174],
      [0.64568746286, 0.18804054457, 0.16627199257]
    ],
    [
      [0.20327491267, 0.65674543865, 0.13997964868],
      [0.16004517873, 0.51148870823, 0.32846611305],
      [0.56977597843, 0.2248997472, 0.20532427437]
    ],
    [
      [0.20993922025, 0.55244140025, 0.2376193795],
      [0.14354147936, 0.37247121162, 0.48398730902],
      [0.52230704033, 0.16772225283, 0.30997070684]
    ],
    [
      [0.26515977535, 0.5447759409, 0.19006428375],
      [0.19355727704, 0.39262396141, 0.41381876155],
      [0.61496631023, 0.1540978498, 0.23093583998]
    ],
    [
      [0.28954067415, 0.46732191941, 0.24313740644],
      [0.19620090303, 0.31242389432, 0.49137520265],
      [0.6110237924, 0.12024992628, 0.26872628131]
    ],
    [
      [0.22138336208, 0.67117423465, 0.10744240327],
      [0.18355007822, 0.5508146891, 0.26563523268],
      [0.6156527413, 0.22800968451, 0.15633757419]
    ],
    [
      [0.27886979707, 0.57223518134, 0.14889502159],
      [0.21636969165, 0.43896790273, 0.34466240562],
      [0.65368552632, 0.16364791116, 0.18266656252]
    ],
    [
      [0.29184244842, 0.50712493453, 0.20103261705],
      [0.20966430171, 0.35941022011, 0.43092547819],
      [0.63586768733, 0.13459270946, 0.2295396032]
    ],
    [
      [0.20203348159, 0.67628774287, 0.12167877554],
      [0.16371669372, 0.54242387481, 0.29385943148],
      [0.5800859966, 0.23722749346, 0.18268650993]
    ],
    [
      [0.20251706268, 0.63328138986, 0.16420154746],
      [0.15371706149, 0.47502863789, 0.37125430062],
      [0.55355667679, 0.21139424735, 0.23504907586]
    ],
    [
      [0.25574200964, 0.55642819536, 0.18782979501],
      [0.18726316669, 0.40241144702, 0.41032538628],
      [0.60590242579, 0.16093346729, 0.23316410692]
    ],
    [
      [0.21114001635, 0.63625345451, 0.15260652914],
      [0.16307650941, 0.48563234753, 0.35129114306],
      [0.57247824841, 0.21068433142, 0.21683742017]
    ],
    [
      [0.17108888999, 0.67122782174, 0.15768328827],
      [0.13115957061, 0.50875648429, 0.36008394511],
      [0.50960967801, 0.24441098957, 0.24597933242]
    ],
    [
      [0.2597762684, 0.59601556323, 0.14420816837],
      [0.20306032236, 0.46059991828, 0.33633975937],
      [0.63664160705, 0.17828341704, 0.18507497592]
    ]
  ],
  "expected_outcome": [
    [
      [11.3519190542, 18.4614625624, 17.7016452636, 16.5942588645, 15.6239857521, 12.6629741373, 19.0910106615, 16.4484488478, 11.4782676555, 19.34544976, 12.8169685212, 18.5767776963, 17.6081897794, 12.192847348, 15.8075241819, 15.2606550338, 10.0553875662, 4.5782524089, 3.0559834801, 2.5936228421, 3.4792317553, 4.8068250798, 3.6836964552, 4.5889346679, 2.0695778103, 5.0896900679, 3.1438498111, 4.7828240177, 2.9030340619, 6.6421922998, 2.6800781603, 7.8527890908, 2.2579767266, 3.5054416955, 1.8315226292, 3.8433660819, 3.609806971, 3.8622233407, 3.1490883038, 4.2425564056, 4.9221914605, 4.2062838796, 4.1830469561, 3.7939518294, 3.8386361501, 1.8226535641, 6.1378082313, 2.7448202125, 3.4217777998, 4.9357490995],
      [39.3577675033, 33.6020016787, 41.406345456, 35.068829851, 40.1805595101, 42.5591282376, 35.3264322274, 47.1797217256, 44.290789395, 35.4580247343, 43.0337644419, 43.542295298, 32.0612222965, 37.7275807336, 34.1667527152, 45.3366792262, 37.5774730373, 12.7795483933, 10.3751317081, 7.8412879642, 4.6421214142, 12.7479493046, 10.1627475413, 10.5643607402, 10.1121439229, 10.754210526, 7.9157024531, 9.7377141578, 8.119942316, 11.0812884553, 8.2218485772, 14.097305569, 7.7347624949, 9.1869535578, 6.1380126342, 11.5696409927, 8.6159215186, 12.4781633343, 8.2866210038, 8.7164150545, 7.94447263, 12.7523104583, 8.5835277201, 6.5926241489, 12.8494671146, 5.6995325087, 13.3542766886, 8.2712949087, 13.4245564349, 11.3242957014],
      [12.2903134425, 6.9365357588, 4.8920092804, 7.3369112845, 14.1954547378, 12.7778976251, 10.5825571111, 11.3718294265, 11.2309429496, 8.1965255058, 15.149267037, 12.8809270058, 13.3305879241, 12.0795719184, 12.0257231029, 17.40266574, 9.3671393965, 3.6421991978, 2.5688848118, 3.5650891937, 1.8786468305, 3.4452256157, 2.1535560035, 2.8467045919, 2.8182782668, 4.1560994061, 1.9404477359, 2.4794618245, 1.9770236221, 5.2765192449, 2.0980732625, 5.0499053402, 2.0072607786, 3.3076047467, 2.0304647366, 3.5869929254, 1.7742715104, 2.6596133249, 3.5642906925, 3.04102854, 4.1333359096, 2.0414056621, 2.2334253238, 2.6134240217, 2.3118967353, 1.4778139271, 4.5079150801, 1.9838848788, 3.1536657653, 2.7399551991]
    ],
    [
      [2.0869171335, 5.8551056369, 3.6173391138, 3.6226520352, 1.7563409807, 1.497925506, 4.675069329, 2.8752623555, 2.452369727, 4.8966383855, 1.7816964017, 2.9639910227, 2.5661566241, 3.4161014736, 2.955049554, 1.6319109747, 4.2743901953, 9.4508765909, 9.753524687, 8.2820661875, 17.2931332713, 10.5811579682, 12.7795398326, 13.0568841361, 6.9718545851, 11.2148134429, 13.8690086604, 14.6805596601, 12.0654758131, 12.939542334, 11.4536011773, 11.2830318014, 10.2225416439, 5.4667654615, 2.4969536817, 2.0727834724, 2.900695703, 3.520993932, 1.7224977523, 2.7098018785, 3.1392144485, 3.8545516425, 4.3273938329, 2.5159716205, 4.2566340366, 3.5354924142, 1.8726316669, 2.6092241505, 2.4920318415, 3.0459048353],
      [7.1677078834, 10.5688119588, 8.391538928, 7.5888055506, 4.4759884848, 4.9874917033, 8.5789831108, 8.1804086458, 9.3801975528, 8.900399556, 5.9286220947, 6.8907207315, 4.6295640795, 10.4780919626, 6.3291877979, 4.8070558946, 15.8388069004, 26.1451919752, 32.8259196011, 24.800663934, 22.8733992328, 27.8192462548, 34.9660729395, 29.8074899858, 33.7573941676, 23.4872754169, 34.6322824675, 29.6417092018, 33.460483536, 21.4061117965, 34.840059185, 20.0788733162, 34.7140459229, 14.1661312233, 8.2606992764, 6.1625325112, 6.8451592726, 11.252751581, 4.4696545394, 5.4967354598, 4.9987823091, 11.5671084712, 8.7793580547, 4.3129226413, 14.103020745, 10.9256586714, 4.0241144702, 7.7701175605, 9.6663732015, 6.9089987742],
      [6.7453749831, 6.5760824043, 2.9911219581, 4.7885424142, 4.7676705345, 4.5145827907, 7.7459475601, 5.9443289988, 7.1674327202, 6.2029620585, 6.2896815037, 6.1452882459, 5.8042792964, 10.1058065637, 6.7157626481, 5.5610331306, 11.8868029043, 22.4039314339, 24.4205557119, 33.9172698785, 27.8334674959, 22.599595777, 22.2543872279, 24.1356258781, 28.2707512473, 27.2979111402, 25.498708872, 22.6777311381, 24.4740406509, 30.6543458695, 26.7063396377, 21.6380948824, 27.0634124332, 15.3671033152, 8.2423470419, 5.7646840163, 4.2541450244, 7.226254487, 5.8078477083, 5.7934626617, 7.8620032424, 5.5783398863, 6.8932481124, 5.1711057382, 7.6403452184, 8.5388489143, 4.1032538628, 5.620658289, 6.841594957, 5.0450963905]
    ],
    [
      [10.5611638123, 12.6834318007, 14.6810156226, 16.7830891003, 10.6196732673, 10.8391003566, 9.2339200095, 4.6762887967, 7.0693626175, 11.7579118546, 7.4013350772, 5.4592312811, 14.8256535966, 7.3910511784, 13.2374262641, 5.1074339915, 5.6702222385, 11.9708710002, 9.1904918329, 9.1243109704, 15.2276349734, 10.612016952, 8.5367637122, 9.354181196, 6.9585676046, 10.6954964892, 7.9871415285, 10.5366163222, 10.031490125, 7.4182653662, 7.8663206624, 12.8641791077, 8.5194816295, 27.027792843, 35.6715236892, 36.0838504457, 46.4894973259, 33.6167827273, 38.1284139439, 43.0476417159, 40.938594091, 36.9391644779, 42.4895592109, 47.6900765501, 31.9047298133, 37.6418540216, 39.9895601018, 40.645955637, 31.0861903587, 42.0183460651],
      [4.4745246133, 2.8291863625, 4.202115616, 4.3423645984, 3.3434520051, 4.4533800591, 2.0945846617, 1.6398696286, 3.3290130522, 2.6415757097, 3.0376134635, 1.5669839706, 3.309213624, 2.7943273037, 3.5040594868, 1.8562648792, 2.5837200622, 4.0752596314, 3.7989486908, 3.3580481018, 2.484479353, 3.4328044406, 2.8711795191, 2.628149274, 4.1304619095, 2.7585140571, 2.4520150794, 2.6205766404, 3.419574148, 1.5125997482, 2.9380922378, 2.8238211148, 3.5511915822, 8.646915219, 14.6012880893, 13.267826496, 13.5389192088, 13.2690850847, 12.2437244568, 10.7868494858, 8.056745061, 13.6805810705, 10.6371142253, 10.0944532098, 13.0475121405, 14.3748088198, 10.6216088412, 14.9585875308, 14.9090703637, 11.7667055244],
      [5.9643115745, 2.4873818368, 2.1168687614, 3.8745463013, 5.0368747276, 5.7075195843, 2.6714953288, 1.6838415747, 3.6016243303, 2.6005124357, 4.5610514594, 1.9737847483, 5.8651327795, 3.8146215179, 5.2585142491, 3.0363011294, 2.7460576992, 4.9538693684, 4.0105594763, 6.5176409278, 4.2878856736, 3.9551786074, 2.5920567686, 3.01766953, 4.9109704858, 4.5459894537, 2.5608433921, 2.8428070374, 3.548935727, 3.0691348856, 3.1955870998, 4.3119997775, 3.9293267883, 13.325291938, 20.7271882215, 17.6483230582, 11.9715834652, 12.1141321881, 22.6278615993, 16.1655087983, 18.004660848, 9.3802544516, 11.8733265638, 17.2154702401, 10.0477580463, 15.9833371586, 15.388831057, 15.3954568322, 15.0047392777, 12.2149484104]
    ]
  ],
  "prob": [
    [0.23355564249, 0.5942120696, 0.17223228791],
    [0.17478228591, 0.44276467938, 0.38245303471],
    [0.58601480994, 0.18569013172, 0.22829505834]
  ],
  "iterations": 14,
  "time": 1.029041,
  "message": "Converged",
  "status": 0,
  "miniter": 0,
  "maxiter": 1000,
  "maxtime": 3600,
  "param_threshold": 0.001,
  "ll_threshold": "-Inf",
  "initial_prob": "group_proportional",
  "adjust_prob_cond_method": "project_lp",
  "adjust_prob_cond_every": false
}
