{
  "Z_true": {},
  "V_true": [
    [6, 31, 714, 290],
    [143, 136, 14563, 1043],
    [208, 6557, 1453, 1162],
    [629, 425, 569, 190],
    [13, 248, 165, 526],
    [17, 243, 623, 879]
  ],
  "p_true": [
    [0.0058, 0.0298, 0.6859, 0.2786],
    [0.009, 0.0086, 0.9168, 0.0657],
    [0.0222, 0.699, 0.1549, 0.1239],
    [0.3469, 0.2344, 0.3138, 0.1048],
    [0.0137, 0.2605, 0.1733, 0.5525],
    [0.0096, 0.1379, 0.3536, 0.4989]
  ],
  "Z_est": [
    [
      [0.2089, 0, 2.4367, 1.6709, 2.7152, 1.8797, 0.9747, 2.3671, 0.1248, 1.3924, 1.1139, 1.5316, 1.2532, 3.5506, 2.2975, 0.3481, 0, 0, 0.0696, 0.1392, 1.3924, 2.6456, 4.038, 4.8734, 2.2975, 5.7785, 4.8038, 1.9494, 3.0633, 3.7595, 0.4873, 3.1329, 0.8354, 6.8924, 0],
      [0.0172, 0.013, 0.7621, 0.4406, 0.6419, 0.5095, 0.1853, 0.6472, 0.0332, 0.4191, 0.1983, 0.3892, 0.3367, 0.7139, 0.6266, 0.0952, 0.1167, 0.0512, 0.022, 0.0159, 0.3453, 0.6701, 0.6951, 0.8113, 0.5071, 1.4484, 1.089, 0.7293, 0.932, 1.0455, 0.1672, 0.9348, 0.162, 1.26, 3.3598],
      [0.0024, 0.4404, 5.2935, 2.8415, 6.8802, 0.8542, 1.9491, 1.8637, 0.004, 1.7163, 2.7094, 1.3201, 1.0255, 11.3676, 2.8168, 0.2788, 0.5392, 0.3181, 0.0008, 0.2131, 1.0706, 6.1855, 18.5302, 23.7729, 6.4544, 17.2479, 17.2319, 0.8211, 4.9652, 12.1558, 1.8595, 5.2291, 3.1181, 15.7866, 7.2409],
      [2.7715, 1.5466, 26.5077, 19.047, 28.7627, 23.7566, 10.8909, 29.1221, 4.8381, 16.4722, 11.9784, 18.7591, 15.3847, 35.3679, 27.2591, 4.278, 1.344, 2.6307, 0.9076, 1.6317, 17.1918, 28.4988, 34.7368, 40.5424, 23.7411, 58.5252, 45.8753, 24.5003, 35.0395, 37.0392, 4.486, 35.7032, 7.8845, 75.0611, 14.3992]
    ],
    [
      [0.1499, 0, 7.763, 0.9772, 0.8107, 0.9675, 0.2326, 6.3611, 0, 1.2078, 0.7279, 3.6406, 0.915, 5.0187, 9.7668, 0.7643, 0, 0, 0.5776, 0.2408, 0.7654, 3.176, 1.6352, 2.0799, 0, 0, 0, 1.0522, 1.837, 2.1457, 3.445, 4.446, 2.3826, 6.2173, 0],
      [2.4056, 0.001, 15.8543, 6.4543, 11.016, 3.7786, 0.068, 5.7443, 0.0029, 9.1596, 0.0689, 2.7022, 0.1512, 4.7289, 8.7305, 1.6352, 0.9069, 0.5431, 0.0105, 0.0029, 1.243, 0.2929, 0.2345, 11.4659, 3.525, 15.7724, 6.8064, 9.3656, 15.7735, 4.9444, 1.0742, 13.6795, 0.0603, 0.448, 3.5677],
      [96.6725, 6.7062, 740.8178, 334.5601, 501.5131, 592.4605, 243.3895, 634.1602, 35.1891, 544.7017, 255.3475, 490.3468, 345.4292, 617.8845, 493.7877, 80.7234, 17.442, 60.1164, 21.4503, 18.4579, 294.1728, 623.7204, 447.0484, 402.4122, 377.8984, 1017.6889, 806.8749, 561.0466, 718.925, 809.902, 172.0955, 583.3263, 175.3037, 1326.6886, 77.2143],
      [10.772, 1.2928, 35.565, 30.0084, 43.6602, 40.7934, 19.3099, 53.7343, 8.8081, 27.9309, 14.8557, 35.3104, 30.5046, 47.3679, 57.715, 9.8771, 1.6511, 5.3405, 2.9615, 2.2984, 39.8188, 47.8106, 24.0819, 29.0421, 32.5766, 73.5387, 52.3187, 39.5357, 54.4645, 38.0078, 4.3853, 50.5482, 12.2534, 141.6461, 8.218]
    ],
    [
      [0.0255, 0, 0.2219, 0.1249, 0.1619, 0.1454, 0.0485, 0.1909, 0, 0.1204, 0.047, 0.1029, 0.1044, 0.1754, 0.1739, 0.026, 0, 0, 0.0105, 0.002, 0.0954, 1.6563, 0.1499, 0.1654, 0, 0, 0, 0.2324, 0.2743, 0.3338, 0.0485, 0.2713, 0.0395, 0.2918, 0],
      [38.1952, 0.8089, 327.3627, 179.873, 241.7191, 210.0577, 61.8153, 271.2496, 1.4902, 177.5603, 61.2425, 152.7258, 142.0621, 251.1409, 255.6686, 38.5859, 6.738, 20.4778, 9.3296, 1.7879, 137.115, 267.5956, 214.6396, 240.9237, 189.03, 576.987, 420.2701, 336.4018, 399.8792, 455.9027, 72.9997, 397.0128, 52.6236, 412.9532, 60.4056],
      [9.0374, 0.1772, 95.0989, 54.6831, 61.2125, 60.1097, 27.012, 85.4946, 21.4715, 49.3585, 24.271, 37.492, 51.8773, 76.3151, 69.5104, 9.7512, 1.5948, 6.2557, 6.8013, 0.7088, 39.299, 84.0944, 67.542, 70.8915, 57.2524, 181.2719, 149.691, 105.4543, 119.6701, 184.606, 20.7802, 116.2548, 21.5049, 115.3256, 14.1763],
      [3.742, 0.0139, 21.3165, 15.3189, 20.9065, 20.6872, 8.1243, 25.0649, 28.0382, 13.9607, 8.4394, 15.6792, 14.9561, 23.3686, 22.6471, 3.6369, 0.6671, 2.2665, 4.8587, 1.5013, 14.4905, 21.6538, 17.6686, 19.0194, 16.7176, 41.7411, 30.0388, 22.9115, 29.1764, 27.1575, 3.1716, 29.4611, 4.832, 55.4293, 5.4181]
    ],
    [
      [7.3772, 0, 46.0738, 17.2545, 31.3213, 20.9431, 8.3772, 31.3193, 0.8752, 19.3802, 9.3772, 25.5688, 16.0668, 34.6956, 43.6976, 5.7515, 0, 0, 2.2505, 1.5629, 19.0678, 47.5129, 35.2594, 30.2574, 9.7025, 60.6709, 41.3613, 39.2614, 45.8253, 39.0728, 18.8173, 49.3882, 15.504, 60.1396, 6.7798],
      [4.8516, 0.1765, 24.5434, 9.7157, 19.1477, 12.1428, 4.8543, 14.8078, 0.5388, 11.3312, 4.8544, 13.7511, 9.4411, 17.5325, 21.8415, 3.2359, 0, 0.7234, 1.0782, 0.808, 11.5947, 28.035, 20.4895, 16.1855, 12.3119, 42.8893, 27.5151, 24.8132, 27.7833, 22.403, 10.5098, 28.5907, 8.6226, 31.8227, 4.952],
      [4.5029, 1.4075, 13.7738, 4.0496, 13.6378, 5.0113, 1.9896, 2.2992, 0.0836, 6.7891, 0.8562, 6.3688, 5.1352, 5.0425, 7.9767, 1.7969, 0, 0.5186, 0.1672, 0.2696, 7.4367, 21.4258, 14.5064, 7.4339, 7.5179, 34.2634, 23.7452, 20.7819, 20.1449, 13.5486, 8.7764, 18.6372, 6.2754, 7.4847, 4.4668],
      [1.2682, 0.4161, 6.609, 4.9802, 6.8932, 6.9028, 2.7789, 6.5737, 0.5023, 4.4995, 2.9122, 5.3113, 4.3568, 7.7294, 7.4842, 1.2157, 0, 0.758, 0.5041, 0.3595, 4.9007, 7.0263, 5.7447, 6.1231, 5.4676, 13.1765, 9.3785, 7.1435, 9.2466, 7.9757, 0.8964, 9.3839, 1.598, 18.553, 1.8014]
    ],
    [
      [0, 0, 0, 0, 0, 0, 0, 0, 0, 0, 0, 0, 0, 0, 0, 0, 0, 0, 0, 0, 0, 0, 0, 0, 0, 0, 0, 0, 0, 0, 0, 0, 0, 0, 0],
      [0.6498, 0, 4.2884, 3.8985, 5.7179, 8.4468, 2.3391, 5.198, 0.6498, 3.2488, 2.2092, 2.9889, 2.8589, 3.5087, 4.0285, 0.9097, 0.13, 0.2599, 0.13, 0.13, 2.4691, 4.5483, 4.5483, 4.5483, 4.0285, 8.7067, 4.5483, 6.4976, 6.1077, 5.5879, 0.2599, 9.3565, 0.3899, 9.8763, 0.6498],
      [0.3264, 0, 5.1664, 6.3833, 10.123, 20.5453, 4.1871, 5.7165, 0, 4.7372, 3.4542, 2.3399, 3.4701, 0.148, 2.6138, 1.4041, 0.1119, 0, 0, 0, 1.0386, 5.4677, 7.6413, 6.9426, 6.0294, 10.8327, 1.3534, 12.7348, 7.5863, 7.7599, 0, 19.8534, 0, 5.8621, 0],
      [4.0238, 0, 23.5453, 19.7181, 28.1592, 36.0078, 11.4738, 29.0854, 4.3502, 17.014, 11.3366, 17.6712, 15.671, 23.3433, 24.3577, 4.6863, 0.7582, 1.7401, 0.87, 0.87, 15.4923, 24.984, 22.8104, 23.5091, 20.9421, 47.4606, 29.0983, 30.7676, 33.306, 29.6522, 1.7401, 42.7901, 2.6101, 60.2616, 4.3502]
    ],
    [
      [0.2385, 0, 1.5047, 0.9725, 0.9909, 1.0643, 0.367, 1.7616, 0, 0.8991, 0.734, 1.156, 0.6606, 1.5597, 1.0643, 0.1101, 0, 0, 0.0917, 0.055, 0.6789, 1.0092, 0.9175, 0.6239, 0, 2.5506, 1.835, 1.5047, 2.0001, 1.6882, 0.2018, 1.7616, 0.2385, 2.4589, 0.2202],
      [1.8806, 0.0007, 7.1891, 4.6179, 4.7574, 5.0646, 1.7381, 8.3531, 0.2852, 4.281, 3.4267, 5.4428, 3.1499, 7.3751, 5.1042, 0.5382, 0.1084, 0.9446, 0.4298, 0.2553, 3.2329, 4.8581, 4.393, 3.0653, 5.5975, 12.1962, 8.7711, 7.1926, 9.5243, 8.1165, 0.9892, 8.4258, 1.1417, 11.6399, 1.0651],
      [5.4583, 1.2687, 40.8496, 25.4823, 23.6335, 26.019, 8.4727, 45.4658, 1.2518, 23.6971, 20.3617, 31.1324, 16.0626, 41.2422, 25.2946, 2.0457, 0.3121, 5.7913, 1.5804, 1.3505, 15.9823, 24.1061, 22.7318, 12.5469, 24.8475, 66.6952, 48.1035, 40.1613, 53.7085, 45.0276, 5.4885, 45.6991, 5.7978, 56.8524, 4.9016],
      [5.4225, 3.7306, 32.4566, 21.9273, 24.6182, 25.8521, 9.4222, 40.4195, 5.463, 20.1227, 15.4776, 25.2688, 16.1268, 34.8229, 26.5369, 3.306, 0.5795, 4.2641, 2.8981, 1.3391, 17.1058, 25.0266, 21.9577, 17.7639, 22.555, 57.558, 41.2904, 33.1414, 43.7671, 37.1677, 4.3205, 40.1136, 5.822, 63.0489, 5.8131]
    ]
  ],
  "V_est": [
    [70.0232, 20.3916, 184.1043, 766.4809],
    [69.3038, 162.2181, 14525.4745, 1128.0036],
    [5.2402, 6684.6309, 2096.0476, 594.0813],
    [840.5136, 493.8941, 298.1214, 180.471],
    [0, 123.7135, 163.8297, 664.4568],
    [30.9191, 155.1518, 819.4226, 756.5065]
  ],
  "p_est": [
    [0.0673, 0.0196, 0.1769, 0.7363],
    [0.0044, 0.0102, 0.9144, 0.071],
    [0.0006, 0.7126, 0.2235, 0.0633],
    [0.4636, 0.2724, 0.1644, 0.0995],
    [0, 0.13, 0.1721, 0.698],
    [0.0175, 0.0881, 0.4651, 0.4293]
  ],
  "EI_Z": {},
  "EI_V": 6.6539,
  "MAE_Z": {},
  "MAE_V": 170.9675,
  "MAE_p": 0.0857,
  "runtime": 1.149
}
