{
  "X": [
    [24, 24, 102, 179, 19],
    [3, 1, 11, 14, 0],
    [142, 100, 1012, 1092, 264],
    [5, 6, 25, 16, 4],
    [10, 6, 48, 60, 2],
    [171, 108, 800, 1592, 128],
    [57, 71, 374, 629, 75],
    [123, 85, 721, 1314, 118],
    [5, 7, 20, 19, 5],
    [2, 3, 29, 42, 11],
    [26, 17, 191, 105, 34],
    [19, 8, 112, 73, 16],
    [104, 84, 670, 703, 116],
    [78, 127, 506, 539, 66],
    [6, 6, 44, 51, 9],
    [14, 12, 55, 98, 20],
    [73, 188, 827, 770, 119],
    [7, 12, 77, 99, 25],
    [98, 81, 481, 777, 78],
    [49, 95, 362, 359, 66],
    [79, 168, 641, 704, 98],
    [167, 385, 1506, 1389, 244],
    [37, 68, 499, 461, 126],
    [14, 13, 76, 111, 19],
    [5, 7, 24, 78, 9],
    [108, 44, 451, 606, 70],
    [9, 11, 126, 136, 33],
    [4, 3, 10, 12, 3],
    [4, 7, 32, 111, 1],
    [1, 2, 2, 1, 0],
    [30, 24, 173, 301, 86],
    [0, 0, 3, 3, 2],
    [18, 2, 68, 112, 17],
    [1, 1, 10, 11, 3],
    [0, 0, 4, 11, 0],
    [3, 1, 6, 9, 0],
    [16, 15, 83, 206, 36],
    [1, 1, 3, 2, 0],
    [18, 36, 98, 235, 17],
    [32, 21, 107, 303, 29],
    [15, 19, 101, 69, 17],
    [4, 5, 11, 10, 1],
    [1, 0, 1, 6, 1],
    [0, 0, 4, 3, 0],
    [12, 6, 52, 24, 9],
    [6, 0, 16, 26, 6],
    [2, 5, 23, 30, 9],
    [4, 5, 33, 26, 5],
    [8, 10, 86, 63, 26],
    [23, 24, 56, 73, 15],
    [7, 11, 49, 34, 12],
    [40, 11, 112, 83, 10],
    [2, 10, 24, 44, 4],
    [5, 2, 15, 14, 4],
    [15, 6, 76, 119, 38],
    [10, 30, 59, 92, 8],
    [3, 12, 43, 71, 23],
    [15, 32, 121, 167, 12],
    [43, 29, 194, 467, 30],
    [8, 9, 20, 37, 2],
    [13, 31, 99, 159, 27],
    [1, 14, 14, 27, 6],
    [9, 6, 61, 57, 12],
    [0, 4, 18, 17, 4],
    [7, 22, 49, 201, 22],
    [0, 2, 21, 24, 2],
    [29, 37, 133, 378, 45],
    [13, 30, 62, 219, 20],
    [3, 2, 5, 16, 0],
    [15, 12, 61, 186, 18],
    [8, 24, 53, 79, 22],
    [7, 16, 33, 33, 9],
    [10, 14, 33, 68, 8],
    [19, 37, 99, 117, 29],
    [3, 24, 29, 57, 13],
    [4, 3, 13, 23, 4],
    [3, 2, 22, 43, 2],
    [15, 20, 100, 121, 48],
    [2, 0, 8, 4, 1],
    [7, 5, 41, 41, 12],
    [9, 8, 60, 145, 19],
    [12, 10, 86, 183, 21],
    [117, 35, 299, 207, 43],
    [546, 362, 2245, 2274, 438],
    [265, 189, 832, 927, 265],
    [1, 4, 6, 5, 0]
  ],
  "W": [
    [57, 21, 120, 133, 17],
    [1, 5, 12, 9, 2],
    [242, 151, 1257, 756, 204],
    [10, 7, 23, 12, 4],
    [14, 12, 47, 45, 8],
    [341, 158, 1004, 1114, 182],
    [164, 65, 453, 449, 75],
    [309, 130, 870, 919, 133],
    [11, 1, 22, 15, 7],
    [10, 6, 27, 32, 12],
    [32, 24, 190, 78, 49],
    [14, 19, 122, 59, 14],
    [151, 88, 744, 554, 140],
    [182, 107, 519, 423, 85],
    [15, 13, 43, 37, 8],
    [27, 11, 70, 68, 23],
    [191, 118, 874, 654, 140],
    [18, 10, 75, 88, 29],
    [193, 111, 576, 532, 103],
    [119, 57, 382, 298, 75],
    [204, 90, 686, 601, 109],
    [424, 245, 1564, 1133, 325],
    [123, 47, 505, 391, 125],
    [26, 12, 89, 82, 24],
    [20, 3, 44, 45, 11],
    [133, 103, 526, 432, 85],
    [14, 10, 139, 125, 27],
    [3, 3, 11, 10, 5],
    [21, 7, 44, 77, 6],
    [2, 1, 2, 1, 0],
    [60, 31, 246, 214, 63],
    [1, 2, 3, 2, 0],
    [31, 15, 80, 66, 25],
    [0, 0, 11, 13, 2],
    [1, 1, 5, 8, 0],
    [2, 3, 7, 6, 1],
    [56, 14, 116, 144, 26],
    [1, 1, 3, 1, 1],
    [68, 20, 121, 165, 30],
    [47, 20, 157, 217, 51],
    [29, 28, 96, 50, 18],
    [3, 0, 14, 12, 2],
    [1, 1, 1, 5, 1],
    [0, 0, 4, 3, 0],
    [11, 5, 52, 18, 17],
    [3, 1, 26, 20, 4],
    [5, 0, 29, 22, 13],
    [8, 4, 33, 20, 8],
    [18, 10, 98, 47, 20],
    [20, 22, 70, 63, 16],
    [14, 10, 31, 41, 17],
    [18, 35, 138, 51, 14],
    [13, 2, 30, 36, 3],
    [2, 2, 20, 12, 4],
    [25, 11, 103, 84, 31],
    [34, 11, 65, 77, 12],
    [17, 2, 46, 55, 32],
    [53, 22, 127, 119, 26],
    [100, 40, 257, 317, 49],
    [13, 7, 22, 28, 6],
    [28, 21, 106, 138, 36],
    [10, 2, 18, 25, 7],
    [12, 12, 67, 39, 15],
    [7, 1, 12, 16, 7],
    [63, 3, 68, 142, 25],
    [7, 0, 19, 19, 4],
    [86, 25, 180, 277, 54],
    [58, 18, 71, 163, 34],
    [0, 3, 5, 17, 1],
    [44, 11, 79, 138, 20],
    [25, 7, 65, 68, 21],
    [17, 8, 27, 27, 19],
    [10, 8, 42, 62, 11],
    [26, 20, 113, 112, 30],
    [18, 5, 40, 51, 12],
    [5, 5, 14, 16, 7],
    [10, 3, 19, 36, 4],
    [36, 9, 109, 89, 61],
    [1, 1, 7, 5, 1],
    [12, 7, 50, 23, 14],
    [26, 9, 72, 100, 34],
    [37, 18, 95, 133, 29],
    [47, 103, 340, 155, 56],
    [566, 443, 2533, 1804, 519],
    [244, 167, 1043, 712, 312],
    [2, 1, 6, 3, 4]
  ],
  "method": "mult",
  "cond_prob": [
    [
      [0.0016371313445, 0.17465280491, 0.063730990482, 0.7547075924, 0.0052714808635],
      [0.49923242852, 0.055588597465, 0.39652794966, 0.042832247708, 0.0058187766473],
      [0.095223070937, 0.020230546793, 0.7004724484, 0.12866812112, 0.055405812754],
      [0.0059101516636, 0.063914235388, 0.024926962078, 0.88604023984, 0.019208411033],
      [0.071175519463, 0.11465709716, 0.15695687268, 0.10580374109, 0.55140676961]
    ],
    [
      [0, 0.10212923857, 0.046172303458, 0.85169845797, 0],
      [0.45182942255, 0.037979136518, 0.41753498141, 0.092656459516, 0],
      [0.041259676401, 0.027987525201, 0.67944066775, 0.25131213064, 0],
      [0, 0, 0, 1, 0],
      [0.12286838521, 0.18606238821, 0.35643238821, 0.33463683836, 0]
    ],
    [
      [0, 0.11945903921, 0.064093787568, 0.80760020547, 0.0088469677436],
      [0.39845675338, 0.045990224287, 0.48888483132, 0.056076841788, 0.010591349234],
      [0.058307345433, 0.014312629027, 0.69991834669, 0.14348793698, 0.083973741877],
      [0, 0.042210986648, 0.018537517132, 0.90876314044, 0.030488355778],
      [0.041866161919, 0.069823078679, 0.14145082913, 0.10148958927, 0.645370341]
    ],
    [
      [0.0045719039838, 0.2979509019, 0.10807633453, 0.58139778966, 0.0080030699207],
      [0.4144112716, 0.081049493277, 0.48564515741, 0.011497427882, 0.0073966498291],
      [0.076010141001, 0.018704665789, 0.82619957159, 0.022623182823, 0.056462438801],
      [0.0084052117207, 0.11674337973, 0.068279359504, 0.78009794215, 0.026474106896],
      [0.051076568822, 0.15550416454, 0.17444452307, 0.05600789937, 0.5629668442]
    ],
    [
      [0, 0.13288265049, 0.07896474168, 0.78815260783, 0],
      [0.44503947126, 0.041316612663, 0.46927721099, 0.044366705084, 0],
      [0.080223562359, 0.010137215251, 0.7837240302, 0.12458477096, 0.0013304212273],
      [0.00094985685341, 0.043873315593, 0.042267037616, 0.91290978994, 0],
      [0.10578441945, 0.14913690283, 0.31576512155, 0.18712978088, 0.24218377529]
    ],
    [
      [0, 0.10101279321, 0.051339398354, 0.84664547566, 0.0010023327789],
      [0.4823143542, 0.037083179162, 0.41706252557, 0.060134409571, 0.0034055314961],
      [0.080093981927, 0.015980469833, 0.67986491806, 0.19014864022, 0.033911989964],
      [0, 0.032106219609, 0, 0.96380369537, 0.0040900850208],
      [0.079010847152, 0.087278982706, 0.18688466148, 0.16047310257, 0.48635240609]
    ],
    [
      [0, 0.15161861191, 0.056503526669, 0.78744473423, 0.004433127195],
      [0.40295642975, 0.060345918939, 0.4719712091, 0.058101705851, 0.0066247363622],
      [0.059697188585, 0.021449389978, 0.70147701092, 0.16290406797, 0.054472342547],
      [0, 0.054224986811, 0.009220123959, 0.92008634579, 0.016468543441],
      [0.050200075163, 0.10864626904, 0.16195161905, 0.12224187545, 0.5569601613]
    ],
    [
      [0, 0.095152518432, 0.058164978241, 0.84418275359, 0.0024997497373],
      [0.43606586252, 0.036350069875, 0.4623639368, 0.06029676403, 0.00492336678],
      [0.066566124473, 0.013577997172, 0.70281070111, 0.17459940084, 0.042445776408],
      [0, 0.031552222524, 0.0076153598943, 0.95123019842, 0.0096022191569],
      [0.063149696103, 0.075661749486, 0.18402920477, 0.14456329874, 0.5325960509]
    ],
    [
      [0.0088479470971, 0.30950400404, 0.095758959905, 0.57796704267, 0.0079220462888],
      [0.61608835658, 0.061503056238, 0.29984257666, 0.018835708513, 0.0037303020089],
      [0.14840489145, 0.022241855593, 0.74938978446, 0.029610551815, 0.050352916687],
      [0.017484091109, 0.12174238658, 0.063594594278, 0.77283460451, 0.02434432352],
      [0.10848789241, 0.17407089679, 0.17233067031, 0.054225087793, 0.4908854527]
    ],
    [
      [0, 0.090245531077, 0.080051326709, 0.82024326198, 0.0094598802307],
      [0.2225066227, 0.038711920645, 0.66589192989, 0.061136642924, 0.011752883841],
      [0.016651656593, 0.013867150077, 0.78037922485, 0.11824375291, 0.070858215577],
      [0, 0.026746777119, 0.033129105679, 0.90788895476, 0.032235162444],
      [0.017947127984, 0.05291360379, 0.17281372508, 0.098809970157, 0.65751557299]
    ],
    [
      [0.0014509174419, 0.15851213961, 0.1022261614, 0.73367576908, 0.0041350124732],
      [0.39567481926, 0.045131675323, 0.52277126607, 0.031920933266, 0.004501306085],
      [0.068550962605, 0.0082974677051, 0.8367047302, 0.049349190533, 0.037097648953],
      [0.0053460542772, 0.05626816179, 0.061710564415, 0.8600871207, 0.016588098817],
      [0.061544894919, 0.099571751859, 0.23254958544, 0.087614926029, 0.51871884176]
    ],
    [
      [0.0011909168307, 0.13856956283, 0.087621025998, 0.76672645752, 0.0058920368239],
      [0.4380159937, 0.040233369523, 0.48092340066, 0.0345715422, 0.0062556939158],
      [0.077586613127, 0.010588324814, 0.78693173032, 0.071709291749, 0.053184039987],
      [0.0056781249295, 0.048347467759, 0.050612844005, 0.87377320366, 0.021588359649],
      [0.061460507975, 0.082236848176, 0.18885229484, 0.093415548838, 0.57403480017]
    ],
    [
      [0.00094459562554, 0.15417694831, 0.0782012561, 0.7624223992, 0.0042548007686],
      [0.42656905314, 0.050510187808, 0.47442558506, 0.043290061927, 0.0052051120614],
      [0.07389113894, 0.014613657922, 0.76000846339, 0.10706731736, 0.044419422388],
      [0.0044134375657, 0.054910137013, 0.042592532167, 0.88241171855, 0.015672174699],
      [0.063565982864, 0.10701147771, 0.19571142327, 0.11107511486, 0.5226360013]
    ],
    [
      [0.00082151311539, 0.25253551387, 0.078054850333, 0.66522782176, 0.0033603009162],
      [0.36975576434, 0.089543530116, 0.49657125868, 0.039576219707, 0.0045532271648],
      [0.062053343966, 0.026692821875, 0.77514141717, 0.097287665381, 0.038824751613],
      [0.0035328012856, 0.098703416008, 0.045735749004, 0.83785709952, 0.014170934183],
      [0.053959498433, 0.18649716739, 0.20019147322, 0.10338858236, 0.45596327859]
    ],
    [
      [0, 0.14152956527, 0.077235014704, 0.77343771961, 0.007797700421],
      [0.32284574145, 0.054359649842, 0.56170854688, 0.051277946094, 0.0098081157372],
      [0.035862381041, 0.017631149406, 0.76450005011, 0.11644452466, 0.065561894789],
      [0, 0.04693894192, 0.036134055655, 0.89066628152, 0.026260720901],
      [0.032615372054, 0.084437599698, 0.16610018203, 0.09625674124, 0.62059010498]
    ],
    [
      [0, 0.15027223562, 0.050535107849, 0.79254505887, 0.0066475976674],
      [0.51791872567, 0.050710987772, 0.37450264698, 0.049814901829, 0.0070527377452],
      [0.094899585164, 0.020209742057, 0.65836197087, 0.15984778813, 0.066680913779],
      [0.0017277528386, 0.054755571615, 0.0054898951528, 0.91538001616, 0.022646764229],
      [0.067062428831, 0.097685563436, 0.13292922347, 0.11383187924, 0.58849090503]
    ],
    [
      [2.8417554646e-05, 0.27092259271, 0.076008390133, 0.64876131324, 0.004279286361],
      [0.27747887538, 0.10889852297, 0.5625734895, 0.04504976808, 0.0059993440725],
      [0.039889288014, 0.029369939413, 0.7889848098, 0.096921724224, 0.044834238545],
      [0.00085422972167, 0.1078632554, 0.044673688723, 0.82932132575, 0.017287500404],
      [0.034501149925, 0.19422759289, 0.19506721093, 0.097749875171, 0.47845417108]
    ],
    [
      [0.00016380624898, 0.15555449204, 0.085745209119, 0.75092497728, 0.0076115153161],
      [0.29717212943, 0.057551134999, 0.58922533329, 0.047188547643, 0.0088628546327],
      [0.040081011976, 0.014358813551, 0.79151734363, 0.090504345898, 0.063538484947],
      [0.00093472983208, 0.055176420749, 0.053922521499, 0.85989145252, 0.0300748754],
      [0.032310278269, 0.092830060383, 0.18811552548, 0.088041074774, 0.5987030611]
    ],
    [
      [0, 0.13782823284, 0.054562485429, 0.80583757128, 0.0017717104578],
      [0.44699110444, 0.052305872195, 0.43758924471, 0.059219570016, 0.0038942086392],
      [0.071991082773, 0.019195062971, 0.69381377636, 0.17689910297, 0.038100974924],
      [0, 0.048661769934, 0.0068634068774, 0.93641378371, 0.0080610394833],
      [0.067156541069, 0.11309496478, 0.18066957772, 0.14401903137, 0.49505988506]
    ],
    [
      [0.00097059642561, 0.27402045007, 0.07931472822, 0.63970305169, 0.0059911735929],
      [0.36380252527, 0.096249851951, 0.49635798977, 0.037055901311, 0.0065337317017],
      [0.061205464978, 0.02864897824, 0.77505580088, 0.081916021406, 0.053173734492],
      [0.0039993637245, 0.10903533702, 0.049042769308, 0.81553264857, 0.022389881377],
      [0.047672760983, 0.17958513013, 0.18110774311, 0.085900013659, 0.50573435212]
    ],
    [
      [0.00070091553699, 0.26897017709, 0.076995375751, 0.64857773982, 0.0047557917953],
      [0.35313586847, 0.097512583979, 0.50351977706, 0.040059863487, 0.0057719070074],
      [0.058173167677, 0.028993048547, 0.77422777183, 0.091483817001, 0.047122194945],
      [0.0033374630912, 0.10676091818, 0.047356276772, 0.82376966507, 0.018775676887],
      [0.047359419487, 0.18625145124, 0.18710816143, 0.093956754063, 0.48532421378]
    ],
    [
      [0.00022915973762, 0.2800077027, 0.076988692211, 0.63850482484, 0.0042696205092],
      [0.31194728062, 0.10710113615, 0.53380397605, 0.041496640154, 0.0056509670221],
      [0.048051017896, 0.030353837138, 0.78489440586, 0.092645071013, 0.044055668097],
      [0.0018094716766, 0.11253009808, 0.045593973598, 0.82289272661, 0.01717373004],
      [0.040842551141, 0.20020601014, 0.19489845392, 0.094993621899, 0.46905936291]
    ],
    [
      [0.00040766682579, 0.17416288311, 0.094518040598, 0.72159916806, 0.0093122414108],
      [0.27591000133, 0.063384747997, 0.60738282552, 0.0437649094, 0.0095575157508],
      [0.038462499791, 0.013644435733, 0.81365962125, 0.063412545016, 0.070820898213],
      [0.0020581510521, 0.062507140412, 0.062143357463, 0.83987728786, 0.03341406321],
      [0.030030299698, 0.098145202205, 0.18904901367, 0.0781679744, 0.60460751003]
    ],
    [
      [0.00021762286974, 0.14987257699, 0.063552165513, 0.7822378418, 0.0041197928236],
      [0.45641203944, 0.051792674432, 0.43681039795, 0.049413396499, 0.0055714916803],
      [0.077128075265, 0.017573164132, 0.71186668515, 0.14359774043, 0.049834335024],
      [0.0018854461476, 0.053790065115, 0.021127594325, 0.90791146745, 0.015285426959],
      [0.062433002057, 0.10445849824, 0.1673883837, 0.11832983856, 0.54739027744]
    ],
    [
      [0, 0.12570753313, 0.0020572807487, 0.87223518612, 0],
      [0.51721071989, 0.058613715458, 0.34179328509, 0.076098292428, 0.0062839871356],
      [0.064590457523, 0.072430046543, 0.49671918262, 0.31012058785, 0.056139725459],
      [0, 0, 0, 0.99679914576, 0.0032008542414],
      [0.055126155394, 0.10209874029, 0.0979845904, 0.16597581596, 0.57881469796]
    ],
    [
      [0.00094170235452, 0.10097327829, 0.066215476083, 0.82901889694, 0.0028506463336],
      [0.49516088526, 0.032688357015, 0.41854558949, 0.049790968316, 0.0038141999192],
      [0.091451511029, 0.010876613335, 0.70950541082, 0.14873689042, 0.039429574394],
      [0.0042982540185, 0.034638400135, 0.022824295004, 0.9278672828, 0.010371768043],
      [0.081327551382, 0.076691361678, 0.18850828742, 0.1357381934, 0.51773460612]
    ],
    [
      [0.000259689798, 0.12381662558, 0.083030975305, 0.7846776026, 0.0082151067159],
      [0.28728558534, 0.047232059558, 0.60283330611, 0.052075721926, 0.010573327061],
      [0.037701135382, 0.011499783798, 0.78031440099, 0.092519150464, 0.077965529363],
      [0.0010286922626, 0.043032462351, 0.0465780539, 0.8743143639, 0.035046427583],
      [0.027943116241, 0.067285885349, 0.16752869663, 0.086825886734, 0.65041641504]
    ],
    [
      [0.0050700859414, 0.24942693006, 0.062861004462, 0.68059155114, 0.002050428393],
      [0.60174896654, 0.06107643545, 0.31095915206, 0.024498516981, 0.0017169289741],
      [0.13578733609, 0.028981416851, 0.70560069953, 0.093096607071, 0.036533940454],
      [0.018916798388, 0.09357193122, 0.034383590102, 0.84391940206, 0.009208278233],
      [0.099342832338, 0.16279500118, 0.15461918691, 0.084294619457, 0.49894836011]
    ],
    [
      [1.1102230246e-16, 0.10584608764, 0.025562150488, 0.86859176187, 1.3154923346e-32],
      [0.36192092952, 0.054832890608, 0.4959070129, 0.087339166963, 0],
      [0.023367802673, 0.075790440244, 0.59670630496, 0.30413545212, 0],
      [0, 6.4883163777e-18, 0, 1, 0],
      [0.073061695953, 0.17643709243, 0.28946138852, 0.29437315643, 0.16666666667]
    ],
    [
      [0.014616870354, 0.70680414224, 0.071455995327, 0.20712299208, 0],
      [0.75337789944, 0.08047712538, 0.16614497518, 0, 0],
      [0.10503981807, 0.073090970864, 0.82186921107, 0, 0],
      [0.0073087237151, 0.35973264841, 0.047204612032, 0.58575401584, 0],
      [0.12005616656, 0.64384052835, 0.1910548794, 0.045048425693, 0]
    ],
    [
      [0, 0.10975031644, 0.044188644225, 0.83234163428, 0.01371940505],
      [0.43573708386, 0.04601736355, 0.43855337983, 0.064649342646, 0.015042830115],
      [0.057717954021, 0.030291170109, 0.61214586466, 0.17883670762, 0.12100830359],
      [0, 0.022718584551, 0, 0.9290955951, 0.048185820351],
      [0.036405297004, 0.058333933374, 0.097867362946, 0.098969601505, 0.70842380517]
    ],
    [
      [0, 0, 0.040951898771, 0.89899328991, 0.060054811322],
      [0, 0, 0.78763117929, 0.078663524815, 0.13370529589],
      [0, 0, 0.46126191421, 0.089840456188, 0.4488976296],
      [0, 0, 0, 0.83707914595, 0.16292085405],
      [0, 0, 0, 0, 1]
    ],
    [
      [0, 0.023157339711, 0.059433238696, 0.91740942159, 0],
      [0.53458311813, 0.0075843353207, 0.39803525565, 0.057158915909, 0.0026383749997],
      [0.095909839824, 0.0026961660631, 0.68512241858, 0.18180767575, 0.034463899783],
      [0.0020356033214, 0.0075371744292, 0.013375898431, 0.97315057599, 0.003900747832],
      [0.086964648921, 0.018208425671, 0.1797775193, 0.15721488469, 0.55783452142]
    ],
    [
      [0.00064515968813, 0.17122003879, 0.086456629326, 0.73322602228, 0.0084521499081],
      [0.54758777233, 0.034445593967, 0.38380810303, 0.027480922642, 0.0066776080243],
      [0.07312687365, 0.012610492502, 0.79340077208, 0.036304047054, 0.084557814717],
      [0.0088804753552, 0.056778872927, 0.078131831641, 0.80828845156, 0.047920368515],
      [0.040079105118, 0.061579617211, 0.1284388479, 0.046452806053, 0.72344962371]
    ],
    [
      [0, 0, 0.042440272298, 0.9575597277, 0],
      [0, 0, 0.87018760259, 0.12981239741, 0],
      [0, 0, 0.61747442502, 0.38252557498, 0],
      [0, 0, 0, 1, 0],
      [0, 0, 0.53174864999, 0.46825135001, -0]
    ],
    [
      [0.0013367919949, 0.14766300498, 0.042679281873, 0.80832092115, 0],
      [0.6269789752, 0.037068371923, 0.28549271254, 0.050459940341, 0],
      [0.12931525011, 0.013699447956, 0.67862539436, 0.17835990758, 0],
      [0.0019429173054, 0.04444480523, 0, 0.95361227746, 0],
      [0.19952523582, 0.23090390719, 0.30778553814, 0.26178531886, 0]
    ],
    [
      [0, 0.10546038985, 0.041163274814, 0.84109629561, 0.012280039734],
      [0.47682748849, 0.040916455007, 0.41036438747, 0.060164953342, 0.011726715684],
      [0.070296360951, 0.030511363384, 0.62236674874, 0.17610825886, 0.10071726807],
      [0, 0.024197265614, 0, 0.93743704028, 0.038365694105],
      [0.04500143426, 0.057602438369, 0.10596970508, 0.10141562583, 0.69001079646]
    ],
    [
      [0, 0.32709161915, 0.049436636993, 0.62347174386, 0],
      [0.66291756052, 0.059782850827, 0.25454713965, 0.022752449003, 0],
      [0.07210532644, 0.021047123367, 0.80013019735, 0.10671735284, 0],
      [0, 0.091556187983, 0.026039903805, 0.88240390821, 0],
      [0.12076646016, 0.45842797194, 0.2695857275, 0.1512198404, 0]
    ],
    [
      [0, 0.19591305943, 0.038171462273, 0.76591547829, 0],
      [0.42796279514, 0.080226233211, 0.42831083035, 0.060341861014, 0.0031582802893],
      [0.062194097693, 0.046455208291, 0.67380915467, 0.18647347565, 0.031068063695],
      [0, 0.061573609968, 0, 0.93681676313, 0.0016096268993],
      [0.063841942543, 0.17642204821, 0.17690720812, 0.1524284595, 0.43040034162]
    ],
    [
      [0, 0.10600385685, 0.037249428893, 0.85673020073, 1.6513532901e-05],
      [0.56712080399, 0.038256239493, 0.33111295413, 0.060667999505, 0.0028420028839],
      [0.10048599975, 0.063771979304, 0.57939156384, 0.22814370075, 0.028206756359],
      [0, 0.0017293175266, 0, 0.99827068247, 0],
      [0.095711410971, 0.095396691851, 0.1502459262, 0.17798081298, 0.480665158]
    ],
    [
      [0.00026784078971, 0.24720385801, 0.089882775282, 0.65548458955, 0.0071609363758],
      [0.33303446753, 0.084199205729, 0.54339588173, 0.031016779101, 0.0083536659139],
      [0.050338488329, 0.021081981038, 0.80407280896, 0.066859416811, 0.057647304858],
      [0.0021964019003, 0.095142341908, 0.052724406336, 0.82546347088, 0.024473378977],
      [0.040275141761, 0.14958461569, 0.18617249173, 0.079488862805, 0.54447888802]
    ],
    [
      [0.0053138501744, 0.46710291643, 0.069595678071, 0.45627891986, 0.0017086354675],
      [0.76695706122, 0.059687468917, 0.16150325661, 0.010839991528, 0.0010122217306],
      [0.23613303531, 0.037730894193, 0.68690056413, 0.019302516877, 0.019932989484],
      [0.026294416469, 0.20557851377, 0.071994298971, 0.68736045234, 0.008772318446],
      [0.18133147873, 0.30175828335, 0.15533674015, 0.056301288039, 0.30527220973]
    ],
    [
      [0, 0, 0.04582811394, 0.95042870056, 0.0037431854954],
      [0.85383404402, 0, 0.12723485263, 0.018931103349, 0],
      [0.11756886488, 0, 0.70088682144, 0.11940594421, 0.062138369459],
      [0, 0, 0.018640465996, 0.97519235279, 0.0061671812179],
      [0.028597091094, 0, 0.032847882008, 0.035272487942, 0.90328253896]
    ],
    [
      [0, 0, 0.090778851701, 0.9092211483, 0],
      [-0, 0, 0.94075827244, 0.05924172756, 0],
      [0, 0, 0.95241426413, 0.047585735873, 0],
      [0, 0, 0.063447647831, 0.93655235217, 0],
      [0, 0, 0.69329639613, 0.30670360387, -0]
    ],
    [
      [0.0057913039854, 0.20282452535, 0.11452468583, 0.67494580472, 0.0019136801143],
      [0.55188970643, 0.039319616115, 0.38957256089, 0.017212151992, 0.0020059645795],
      [0.13267184296, 0.0038007142689, 0.83317049804, 0.0085407805709, 0.021816164161],
      [0.014160156254, 0.073432274991, 0.069199440469, 0.83023173817, 0.012976390111],
      [0.11900167514, 0.12075964993, 0.24834763677, 0.064779030073, 0.44711200809]
    ],
    [
      [0.0017590483098, 0, 0.055787499271, 0.93307855379, 0.0093748986281],
      [0.7346639674, 0, 0.22629289463, 0.032759296525, 0.0062838414421],
      [0.17989373646, 0, 0.57898469242, 0.1473341735, 0.093787397616],
      [0.0087142488632, 0, 0.0083362633926, 0.94883401004, 0.034115477708],
      [0.10213419061, 0, 0.096504334185, 0.090159082579, 0.71120239262]
    ],
    [
      [0.0001346494657, 0.18855225266, 0.055561083058, 0.75183358572, 0.0039184290984],
      [0.37209364105, 0.077690142275, 0.48817686816, 0.055318209687, 0.0067211388329],
      [0.050957141973, 0.02606812064, 0.70959831199, 0.16232067887, 0.05105574653],
      [0.00091610185181, 0.069803430911, 0.009000603008, 0.90597563866, 0.014304225565],
      [0.038570414978, 0.13581444293, 0.1496792516, 0.12323602567, 0.55269986482]
    ],
    [
      [0.00089319732588, 0.20389366456, 0.091572890595, 0.70173661857, 0.0019036289543],
      [0.38107285455, 0.063902295354, 0.51539391604, 0.036190173447, 0.0034407606075],
      [0.059247095323, 0.015155112122, 0.82406227128, 0.073019281442, 0.028516239835],
      [0.003729867063, 0.073438769053, 0.060511789861, 0.85233203101, 0.0099875430134],
      [0.054851439534, 0.14304342763, 0.22519380771, 0.098133681238, 0.47877764389]
    ],
    [
      [0, 0.17334194206, 0.079698438421, 0.73406152312, 0.012898096397],
      [0.31934876636, 0.063793079664, 0.55812655821, 0.045343865923, 0.013387729841],
      [0.042734144095, 0.016336220563, 0.7585948812, 0.078223496722, 0.10411125742],
      [0.0010090194298, 0.062545574834, 0.037371188174, 0.85647255356, 0.042601663999],
      [0.028557115094, 0.085066130695, 0.14427091625, 0.070667061417, 0.67143877655]
    ],
    [
      [0.0038418267879, 0.32401563844, 0.04916650081, 0.61627940358, 0.0066966303747],
      [0.5417053054, 0.10278149095, 0.31676400475, 0.031254766277, 0.007494432618],
      [0.12698393066, 0.04815460158, 0.64680015535, 0.11044294509, 0.06761836733],
      [0.014250491096, 0.13704853908, 0.01353570382, 0.80907558994, 0.026089676066],
      [0.076186916267, 0.20335089733, 0.11994385403, 0.080252421766, 0.5202659106]
    ],
    [
      [0.0055409544375, 0.27616828169, 0.16531154992, 0.54313970119, 0.0098395127596],
      [0.33146440646, 0.061236253063, 0.59951665907, 0, 0.0077826814049],
      [0.025477245773, 0.0054438489952, 0.92113093765, 0, 0.047947967585],
      [0.046292957754, 0.099111895238, 0.17834131392, 0.63945668, 0.036797153086],
      [0.054116275667, 0.134643206, 0.28373051605, 0.010489429599, 0.51702057269]
    ],
    [
      [0.0028118498405, 0.14880497517, 0.061208384291, 0.78519432152, 0.0019804691798],
      [0.56268306873, 0.043468855734, 0.35123711756, 0.041431168917, 0.0011797890536],
      [0.13162030269, 0.016966299252, 0.68648496164, 0.13910865245, 0.025819783964],
      [0.010000789774, 0.052895580608, 0.022445486626, 0.90662831924, 0.008029823751],
      [0.11298837484, 0.12579118489, 0.19466467452, 0.14152664149, 0.42502912425]
    ],
    [
      [0, 0.28554779141, 0.051563390801, 0.65864110062, 0.0042477171668],
      [0.32595293939, 0.12237188401, 0.49354968393, 0.051255804297, 0.0068696883703],
      [0.041875270453, 0.04306626556, 0.7203435635, 0.13954442498, 0.055170475506],
      [0, 0.1163871665, 0.0085738979701, 0.85752910266, 0.017509832871],
      [0.030612002538, 0.18706966099, 0.14120310657, 0.092591212714, 0.54852401719]
    ],
    [
      [0.0026126000794, 0.18418080866, 0.063871397377, 0.7430869465, 0.006248247381],
      [0.65036061178, 0.039232458835, 0.27943517052, 0.025864943038, 0.0051068158254],
      [0.15634525097, 0.019536290589, 0.67189187761, 0.087852403268, 0.064374177556],
      [0.014867480648, 0.064429090568, 0.030064878041, 0.8663145691, 0.024323981646],
      [0.09718469726, 0.097324641601, 0.12869269386, 0.077318331601, 0.59947963568]
    ],
    [
      [0, 0.068744962039, 0.054841872414, 0.86257312586, 0.013840039685],
      [0.49273248438, 0.024442076809, 0.41500630092, 0.055006260997, 0.012812876903],
      [0.078456995551, 0.0092079991793, 0.64515947113, 0.1541896415, 0.11298589264],
      [0, 0.023151272923, 0.0023476684302, 0.92781560776, 0.046685450886],
      [0.048350713873, 0.036109105263, 0.11016949049, 0.097179317947, 0.70819137243]
    ],
    [
      [0.00052401302725, 0.33562875314, 0.060733177409, 0.60105031413, 0.0020637422968],
      [0.40222505886, 0.12208281861, 0.4330695385, 0.038985805636, 0.0036367783868],
      [0.07108954204, 0.045876483744, 0.73636556942, 0.11215691578, 0.034511489017],
      [0.0030544796983, 0.14445500813, 0.028215970566, 0.81353815772, 0.010736383887],
      [0.058474395015, 0.26172535993, 0.17790960825, 0.10023398229, 0.40165665452]
    ],
    [
      [0, 0.18333305844, 0.064903788747, 0.74500644836, 0.0067567044538],
      [0.2718196461, 0.080872577664, 0.57992928113, 0.058879953754, 0.0084985413603],
      [0.034824640607, 0.022493252055, 0.74834279622, 0.13185498678, 0.062484324333],
      [0.00023893859914, 0.068524341559, 0.02057744633, 0.88614103096, 0.024518242548],
      [0.026290175529, 0.12243951472, 0.16191402671, 0.10668888673, 0.58266739632]
    ],
    [
      [0, 0.21740435445, 0.065882976898, 0.71671266866, 0],
      [0.33829772904, 0.087555414391, 0.51873268286, 0.053412770592, 0.0020014031224],
      [0.048399891168, 0.026573994082, 0.76308059033, 0.14302124851, 0.018924275908],
      [0, 0.082524657051, 0.026135698267, 0.8898425442, 0.0014971004856],
      [0.05425629934, 0.2060007177, 0.23364231291, 0.14554562646, 0.36055504359]
    ],
    [
      [0, 0.094716317464, 0.040436487061, 0.86484719548, 0],
      [0.49161910698, 0.036635623525, 0.4032215848, 0.065761411851, 0.0027622728483],
      [0.075023574629, 0.040407677553, 0.64082904378, 0.21532311931, 0.028416584724],
      [0, 0.01036268852, 0, 0.98963731148, 0],
      [0.082738306963, 0.089657100423, 0.18641680917, 0.18023988932, 0.46094789412]
    ],
    [
      [0.0027744324488, 0.26318687428, 0.054419680434, 0.67961901284, 0],
      [0.56643521229, 0.075131779955, 0.32257737268, 0.035855635077, 0],
      [0.13321947044, 0.032661568725, 0.69490110416, 0.13011209561, 0.0091057610683],
      [0.01218026366, 0.10221177181, 0.01988392365, 0.86572404088, 0],
      [0.12116836001, 0.24536067536, 0.19832139865, 0.13520402323, 0.29994554275]
    ],
    [
      [0, 0.23763618787, 0.061942278929, 0.69577214615, 0.004649387052],
      [0.32866166464, 0.099247327686, 0.51214994275, 0.053194958909, 0.0067461060179],
      [0.044696119693, 0.033122139519, 0.7351375318, 0.13484221875, 0.05220199024],
      [0, 0.091560378872, 0.018848306824, 0.87111557111, 0.018475743193],
      [0.037786565419, 0.16988093847, 0.16624507445, 0.10816838249, 0.51791903917]
    ],
    [
      [0, 0.44817543312, 0.029392951642, 0.51289445416, 0.0095371610763],
      [0.23258189598, 0.22925615616, 0.48072920993, 0.047958638628, 0.0094740992965],
      [0.023490304802, 0.1087260698, 0.66878188509, 0.12262840483, 0.076373335484],
      [0, 0.20364055548, 0, 0.76282372462, 0.033535719904],
      [0.016001531658, 0.28737860188, 0.10093401887, 0.071033396969, 0.52465245062]
    ],
    [
      [0, 0.12575611635, 0.070886089697, 0.79949564069, 0.0038621532673],
      [0.38524952166, 0.04639998339, 0.50892801671, 0.054017709527, 0.005404768718],
      [0.054399405053, 0.013465834928, 0.74806510578, 0.13929042262, 0.044779231621],
      [0, 0.043645067855, 0.029224456015, 0.91300681495, 0.014123661175],
      [0.048816373438, 0.088650547772, 0.18547432343, 0.12120771324, 0.55585104211]
    ],
    [
      [0, 0.22669021546, 0.15819052566, 0.61351116669, 0.0016080921896],
      [0, 0.083710212043, 0.87346485333, 0.037368139681, 0.0054567949467],
      [0, 0.0083870729059, 0.95231152285, 0.012375939089, 0.026925465151],
      [0, 0.078678932501, 0.14932835204, 0.76054290787, 0.01144980758],
      [0, 0.13856435498, 0.31460136573, 0.050122271206, 0.49671200809]
    ],
    [
      [0, 0.15269254042, 0.033312034467, 0.80993236211, 0.0040630629955],
      [0.45065685835, 0.064424045491, 0.41606346248, 0.061093624002, 0.0077620096824],
      [0.065158748155, 0.058398550971, 0.62549930674, 0.18409339019, 0.066850003941],
      [0, 0.03919282876, 0, 0.94471255552, 0.016094615716],
      [0.048689382016, 0.10602458667, 0.12476794332, 0.12493787589, 0.5955802121]
    ],
    [
      [0, 0.1138444858, 0.11465371532, 0.77150179888, 0],
      [1.1275702594e-16, 0.052330976378, 0.88009490524, 0.062836061484, 0.0047380569007],
      [0, 0.0091034693677, 0.90939468483, 0.072901625155, 0.0086002206451],
      [0, 0.03395969082, 0.087567925675, 0.8784723835, 0],
      [0, 0.096222138966, 0.31378359828, 0.13084531082, 0.45914895194]
    ],
    [
      [0, 0.14073492149, 0.039570630598, 0.81623215001, 0.0034622979053],
      [0.48480415071, 0.055235993681, 0.39323749395, 0.060465593464, 0.0062567681981],
      [0.075352282337, 0.04997613938, 0.62479912653, 0.19189692221, 0.057975529547],
      [0, 0.032323357161, 0, 0.95483387349, 0.012842769348],
      [0.061416396512, 0.10308559051, 0.13522491934, 0.13448085757, 0.56579223606]
    ],
    [
      [0, 0.18129763844, 0.037535642584, 0.78116671898, 0],
      [0.42164869085, 0.077363116661, 0.43274020134, 0.064050002416, 0.0041979887343],
      [0.049856334533, 0.069142425801, 0.65759820139, 0.18142655031, 0.041976487967],
      [0, 0.049203640736, 0, 0.94872953545, 0.0020668238088],
      [0.055015406261, 0.15184985878, 0.15718049434, 0.14750679131, 0.4884474493]
    ],
    [
      [0.00086967231001, 0.236764981, 0.054492114369, 0.70787323232, 0],
      [0.63032970793, 0.054980450465, 0.28390466564, 0.030785175966, 0],
      [0.13121901997, 0.025425914102, 0.71714259562, 0.12621247031, 0],
      [0.015382634172, 0.08173639428, 0.016220860627, 0.88666011092, 0],
      [0.19141099543, 0.31841037534, 0.28681839435, 0.20336023489, 0]
    ],
    [
      [0, 0.10021076246, 0.048695290949, 0.84747114522, 0.0036228013695],
      [0.53440755108, 0.033931375664, 0.3726765384, 0.053334328704, 0.0056502061599],
      [0.096480759174, 0.017677133762, 0.6562856601, 0.17376711754, 0.055789329427],
      [0, 0.031969742981, 0, 0.9549790223, 0.013051234718],
      [0.074976848172, 0.070458161055, 0.14556990641, 0.13049423156, 0.57850085281]
    ],
    [
      [1.1057314636e-05, 0.31033077828, 0.054613417661, 0.62157329229, 0.013471454459],
      [0.39898828859, 0.11731745903, 0.4321050799, 0.04111488899, 0.010474283485],
      [0.065741930384, 0.04397987732, 0.69256391627, 0.10475856719, 0.092955708831],
      [0.0014939365231, 0.13046588398, 0.015828700658, 0.80684200437, 0.045369474471],
      [0.039618685164, 0.17572077112, 0.11985346651, 0.07134763359, 0.59345944362]
    ],
    [
      [0.0047223771624, 0.34349964591, 0.095515439701, 0.5542447442, 0.0020177930253],
      [0.41058046626, 0.10298694701, 0.46195820527, 0.021414575472, 0.0030598059888],
      [0.076913246222, 0.032619308691, 0.80146403068, 0.057146010124, 0.031857404283],
      [0.01020147572, 0.14406203785, 0.067711646171, 0.76530081686, 0.012724023397],
      [0.067525177144, 0.2403270572, 0.22172782147, 0.063182021909, 0.40723792228]
    ],
    [
      [0.00089358964461, 0.27036922983, 0.049951721477, 0.67540027988, 0.0033851791735],
      [0.52978718849, 0.088739332044, 0.33606150019, 0.041277701802, 0.004134277477],
      [0.10860303987, 0.038507670483, 0.66358220341, 0.14316732957, 0.046139756672],
      [0.0051828188197, 0.10941579319, 0.0062461103006, 0.86639898754, 0.012756290147],
      [0.079100377672, 0.19866288248, 0.14129812746, 0.10781913793, 0.47311947447]
    ],
    [
      [0.00096916014888, 0.32704736481, 0.06302141959, 0.600689639, 0.0082724164476],
      [0.41661019537, 0.11511780711, 0.42475616899, 0.034505845326, 0.0090099831938],
      [0.076001572273, 0.04242404838, 0.717716396, 0.089334053287, 0.07452393006],
      [0.0050863338199, 0.13835910762, 0.031868352698, 0.78953091493, 0.035155290926],
      [0.049491695797, 0.19680916173, 0.13983704869, 0.072324732848, 0.54153736093]
    ],
    [
      [0, 0.40367867381, 0.028943930767, 0.55587348871, 0.011503906708],
      [0.28374871933, 0.20367795483, 0.44951494792, 0.051397937298, 0.011660440628],
      [0.033277149352, 0.10588028053, 0.62805554781, 0.13794554529, 0.094841477018],
      [0, 0.16770697358, 0, 0.79088916488, 0.041403861536],
      [0.020847535774, 0.2439272686, 0.092434382864, 0.073676524674, 0.56911428809]
    ],
    [
      [0, 0.14953926437, 0.050110654435, 0.8003500812, 0],
      [0.49720885667, 0.052989216333, 0.38904003786, 0.060761889137, 0],
      [0.074859595438, 0.026936856425, 0.68913528749, 0.18002202723, 0.02904623342],
      [0, 0.048885482338, 0.0039458939563, 0.94716862371, 0],
      [0.066560197214, 0.11829626988, 0.15617403006, 0.14563339826, 0.51333610459]
    ],
    [
      [0.00097356059717, 0.075166221079, 0.10233511133, 0.821525107, 0],
      [0.42754668033, 0.020828416192, 0.51078364929, 0.038988027402, 0.0018532267855],
      [0.06544193388, 0.005222124013, 0.81896873654, 0.094386045798, 0.015981159766],
      [0.0041497630278, 0.023173106031, 0.075537606229, 0.89713952471, 0],
      [0.07870903508, 0.063100091814, 0.29113453007, 0.14435677201, 0.42269957102]
    ],
    [
      [0.00082781923273, 0.16703746824, 0.073534179463, 0.74818550135, 0.010415031721],
      [0.42296762256, 0.056204687143, 0.46868955159, 0.043812901503, 0.0083252372009],
      [0.07024803663, 0.017899957009, 0.73575178977, 0.10176563602, 0.07433458057],
      [0.0036273106329, 0.060765169723, 0.033671182492, 0.86885426652, 0.033082070632],
      [0.052190545337, 0.10035432032, 0.16296529915, 0.086074127738, 0.59841570746]
    ],
    [
      [0.0073385747184, 0, 0.16415056704, 0.82276795944, 0.0057428988008],
      [0.66856008493, 0, 0.33034699709, 0, 0.0010929179801],
      [0.037388007174, 0, 0.93598513234, 0, 0.02662686049],
      [0.19580518085, 0, 0.15639930226, 0.63127948779, 0.016516029104],
      [0.083359385903, 0, 0.17160999823, 0.020834601598, 0.72419601427]
    ],
    [
      [0, 0.12882127097, 0.057489352379, 0.80800920606, 0.0056801705953],
      [0.4367685417, 0.048450678142, 0.45117968574, 0.05627236436, 0.0073287300535],
      [0.064711420846, 0.017173656801, 0.69389732271, 0.16243401866, 0.061783580983],
      [0.00014368254906, 0.045495999618, 0.016394768775, 0.91848886637, 0.01947668269],
      [0.050267461941, 0.086421369295, 0.14856601101, 0.11878843694, 0.59595672082]
    ],
    [
      [0, 0.078714169363, 0.045507633751, 0.87577819689, 0],
      [0.40960172701, 0.033862422218, 0.48087192998, 0.071903317669, 0.0037606031268],
      [0.04834166667, 0.045960966176, 0.67343295798, 0.21367698914, 0.018587420034],
      [0, 0, 0, 1, 0],
      [0.05391130755, 0.068808242116, 0.17652297582, 0.18229099423, 0.51846648028]
    ],
    [
      [0, 0.079837005812, 0.059544195037, 0.85891452409, 0.0017042750618],
      [0.36988038848, 0.033737407152, 0.52309333177, 0.068145100334, 0.0051437722673],
      [0.04210163863, 0.017028122808, 0.72137058585, 0.1775998075, 0.041899845206],
      [0, 0.022428873803, 0.0037051845505, 0.9683209172, 0.0055450244477],
      [0.046293011639, 0.063380881849, 0.18476515898, 0.14947886561, 0.55608208192]
    ],
    [
      [0.0046603151538, 0.17581374377, 0.072798719347, 0.74304513448, 0.0036820872418],
      [0.5687884311, 0.045051906445, 0.35860750718, 0.02500337377, 0.002548781502],
      [0.14554912313, 0.016202983477, 0.71460087384, 0.085154342761, 0.038492676793],
      [0.017377904238, 0.063726938709, 0.035546862847, 0.8693088633, 0.014039430902],
      [0.10741928149, 0.11981638923, 0.18156832329, 0.10368180054, 0.48751420546]
    ],
    [
      [0.0026714802362, 0.18603876787, 0.075079558755, 0.73110332854, 0.0051068646002],
      [0.49942758479, 0.054455361417, 0.40616342393, 0.034660612455, 0.005293017415],
      [0.10392263349, 0.01825160107, 0.73292351549, 0.09455260743, 0.050349642513],
      [0.010227176763, 0.068152835961, 0.041063018279, 0.8614567065, 0.019100262494],
      [0.080068717926, 0.122156668, 0.17726709678, 0.098788461618, 0.52171905568]
    ],
    [
      [0.0033023346516, 0.21472045707, 0.061496115228, 0.71292641236, 0.0075546806894],
      [0.55927234617, 0.061185583466, 0.33886279944, 0.033703272957, 0.0069759979649],
      [0.12931481913, 0.025823959032, 0.6701293588, 0.10623207179, 0.068499791249],
      [0.0119244287, 0.081590058621, 0.024570953552, 0.85496304508, 0.026951514051],
      [0.087917304319, 0.13257597765, 0.1409148084, 0.089371057148, 0.54922085248]
    ],
    [
      [0, 0.42747377199, 0.043079155361, 0.52944707265, 0],
      [0.44241267229, 0.15062511163, 0.36967084091, 0.037291375165, 0],
      [0.050105969333, 0.04613756751, 0.76127082487, 0.14248563828, 0],
      [0, 0.17159572529, 0.019372138371, 0.80903213634, 0],
      [0.064237877928, 0.55070369086, 0.229607371, 0.15545106021, 0]
    ]
  ],
  "expected_outcome": [
    [
