{
  "Z_true": {},
  "V_true": [
    [215, 748, 143],
    [1785, 210, 219],
    [10287, 248, 281],
    [2319, 14581, 559],
    [950, 273, 170],
    [878, 479, 329]
  ],
  "p_true": [
    [0.1944, 0.6763, 0.1293],
    [0.8062, 0.0949, 0.0989],
    [0.9511, 0.0229, 0.026],
    [0.1328, 0.8352, 0.032],
    [0.682, 0.196, 0.122],
    [0.5208, 0.2841, 0.1951]
  ],
  "Z_est": [
    [
      [2.6667, 1.9936, 1.7719, 2.1016, 1.4422, 2.6628, 1.0717, 0.601, 1.9016, 3.617, 0.4821, 2.1367, 2.8419, 2.1906, 4.0804, 4.6228, 3.2522, 2.1926, 2.3149, 1.3763, 0.4148, 3.2505, 1.9186, 0.9756, 2.489, 2.5961, 3.1678, 0.6556, 4.6124, 2.2981, 3.7708, 0.896, 0.8192, 5.3691, 3.3143, 2.3857, 4.823, 3.6128, 6.1227, 2.3209, 2.511, 0.1254, 0.1555, 1.5035, 0.6586, 0.1299, 0.0134, 7.1268, 0.9312, 7.3636, 2.2018],
      [30.0262, 24.5761, 20.8705, 18.5795, 10.6664, 19.6772, 8.0188, 4.708, 21.0809, 33.0727, 2.3721, 10.2436, 13.8605, 17.5465, 29.1972, 34.3443, 23.719, 17.5307, 13.1476, 15.4865, 2.4624, 34.6976, 9.3511, 7.5192, 12.8705, 21.8728, 23.4086, 8.3721, 19.2512, 16.537, 20.0382, 5.8791, 5.6713, 29.544, 16.586, 16.0893, 32.4767, 17.1554, 29.023, 10.8887, 17.3922, 1.5879, 0.8053, 25.215, 11.0243, 6.2398, 4.1319, 64.8721, 4.7291, 34.6246, 10.2505],
      [4.3071, 3.4303, 2.3576, 2.3189, 0.8914, 1.66, 0.9095, 0.691, 3.0175, 4.3103, 0.1458, 0.6197, 1.2976, 2.263, 3.7224, 4.033, 2.0288, 2.2768, 0.5375, 2.1372, 0.1227, 4.0519, 0.7302, 0.5052, 0.6406, 2.5311, 2.4235, 0.9723, 1.1364, 2.1648, 1.1911, 0.2249, 0.5095, 2.0869, 1.0997, 1.525, 2.7003, 1.2318, 1.8543, 0.7904, 3.0968, 0.2867, 0.0392, 3.2815, 1.3171, 0.6303, 0.8547, 8.001, 0.3398, 3.0118, 0.5477]
    ],
    [
      [15.613, 8.6095, 6.345, 10.7524, 8.0984, 6.0179, 5.9664, 2.3313, 3.9519, 16.1751, 0.4866, 22.2253, 17.2847, 14.9938, 31.4291, 45.641, 19.6449, 17.389, 15.5319, 9.9441, 9.1648, 18.3135, 15.9269, 10.3341, 25.6203, 20.6231, 24.4063, 15.3429, 32.805, 14.734, 24.1107, 9.6766, 6.2868, 39.4803, 35.1742, 16.6434, 41.8117, 32.7162, 58.9437, 34.3261, 16.2773, 1.0794, 2.4107, 16.6728, 11.4998, 4.8635, 3.2255, 66.351, 14.8222, 82.542, 24.8879],
      [19.8481, 9.8255, 7.4052, 15.2377, 8.8958, 10.2315, 6.3635, 2.7352, 8.6114, 21.9019, 0.4226, 19.361, 11.7789, 15.7364, 27.8169, 39.1558, 21.9373, 16.419, 17.9241, 14.8656, 3.8122, 22.255, 9.3745, 6.2728, 17.5094, 20.519, 16.8864, 12.0757, 18.9337, 12.3085, 20.0235, 8.9998, 4.8854, 32.6252, 26.1667, 14.5306, 33.1475, 22.9684, 51.7232, 31.3479, 14.7363, 1.393, 1.0915, 14.7331, 10.6263, 3.8876, 5.1187, 77.9214, 9.4473, 52.7182, 19.1969],
      [6.539, 3.565, 2.2497, 4.01, 2.0058, 1.7506, 1.6701, 0.9336, 2.4367, 5.923, 0.0908, 6.4137, 5.9364, 5.2698, 11.7541, 14.2032, 4.4178, 5.1921, 4.544, 4.1903, 2.023, 5.4314, 4.6986, 3.3931, 5.8703, 6.8579, 6.7074, 5.5814, 6.2613, 4.9575, 6.8658, 2.3236, 2.8278, 11.8945, 10.6592, 5.826, 11.0408, 9.3154, 15.3332, 9.3259, 6.9864, 0.5275, 0.4979, 7.5941, 3.8739, 2.249, 2.6557, 20.7276, 4.7305, 25.7398, 4.9152]
    ],
    [
      [240.9959, 264.0014, 227.494, 62.8643, 84.3747, 37.9106, 46.0393, 13.3391, 56.7739, 180.6976, 12.648, 133.5081, 114.7989, 142.8931, 273.7977, 429.4863, 183.4347, 173.9901, 186.7203, 133.0888, 166.1714, 434.5596, 129.2707, 232.8946, 240.1445, 263.1983, 398.2102, 271.7263, 164.6709, 141.6574, 189.0027, 109.1747, 68.9701, 346.1215, 302.092, 167.2649, 583.0047, 206.581, 216.2064, 83.2653, 66.1254, 12.709, 32.6464, 345.3791, 297.5549, 221.7988, 174.0399, 649.6225, 148.9912, 463.3558, 85.7258],
      [4.29, 5.3836, 5.8011, 0.7965, 1.1727, 0.313, 0.4178, 0.1032, 0.8857, 2.381, 0.1081, 0.8471, 0.692, 1.6338, 3.0062, 5.2251, 2.7968, 1.8821, 3.5269, 2.1235, 1.1861, 12.2476, 0.8823, 2.1494, 2.658, 3.883, 4.1174, 4.4832, 0.8336, 1.3719, 1.9219, 1.9562, 0.8651, 3.8599, 2.8155, 2.5828, 7.224, 1.5129, 1.5149, 0.4761, 0.2602, 0.4675, 0.1625, 4.6349, 4.5083, 3.8684, 6.5228, 11.9411, 1.4358, 2.8424, 0.5923],
      [11.7141, 12.6151, 8.7049, 2.3392, 2.4526, 0.7763, 1.5429, 0.5577, 2.3403, 6.9214, 0.2439, 5.6448, 6.509, 6.4731, 15.1961, 20.2886, 4.7685, 7.1278, 6.7528, 5.7876, 6.6425, 14.1929, 6.847, 11.956, 9.1975, 11.9187, 16.6724, 15.7905, 5.4955, 6.9707, 8.0754, 3.8691, 5.1648, 16.0185, 15.0925, 9.1523, 22.7713, 9.9061, 8.2788, 3.2587, 3.6144, 0.8235, 1.1911, 21.986, 12.9368, 12.3328, 14.4372, 25.4364, 8.573, 25.8017, 2.6819]
    ],
    [
      [55.7122, 54.9214, 47.0718, 15.1359, 22.2811, 22.9733, 19.3226, 4.6993, 19.5019, 74.8564, 7.6247, 58.3005, 28.562, 46.1582, 63.25, 102.5276, 63.765, 69.4481, 45.0655, 36.0988, 28.7487, 120.6676, 27.902, 38.6121, 52.099, 61.2052, 81.4829, 38.3473, 57.3965, 40.1748, 40.8032, 14.2896, 7.1248, 82.3719, 83.8315, 25.6191, 137.7104, 66.7736, 95.4541, 29.0971, 24.7273, 2.3008, 6.0691, 43.7641, 49.4236, 24.7202, 26.1386, 180.8086, 33.1766, 126.0018, 38.023],
      [434.9788, 362.4943, 310.5295, 195.406, 151.81, 203.2965, 100.7513, 38.889, 238.6241, 446.9617, 18.9316, 239.1025, 147.0553, 257.3352, 389.6057, 560.0865, 359.1575, 279.768, 306.9093, 310.6038, 84.3335, 678.6403, 123.5259, 172.98, 233.1413, 369.78, 368.8851, 236.293, 192.2479, 198.1871, 255.177, 116.095, 67.8512, 446.9032, 358.0778, 195.364, 630.6836, 264.8981, 450.4199, 206.2226, 164.1406, 21.4025, 20.3183, 359.3464, 309.7723, 159.2212, 238.0201, 1192.3395, 136.2676, 549.7527, 153.0388],
      [19.3091, 14.5842, 9.3987, 8.4581, 3.9088, 5.7302, 3.9261, 2.4116, 11.874, 19.1819, 0.4437, 11.597, 9.3826, 12.5066, 22.1443, 25.3858, 9.0775, 12.7839, 9.0252, 12.2974, 2.9178, 18.6921, 6.5721, 7.4078, 7.7596, 15.0149, 13.632, 10.3596, 7.3556, 10.6381, 10.0198, 2.6154, 4.024, 19.7249, 18.0906, 9.0169, 21.606, 14.3282, 22.126, 10.6803, 14.1321, 1.2967, 0.6126, 17.8895, 9.8041, 6.0586, 13.8413, 43.8519, 7.5558, 34.2455, 5.9382]
    ],
    [
      [34.656, 32.5096, 22.5049, 11.3089, 15.737, 10.9858, 8.7277, 0.8239, 7.3349, 19.594, 0.8664, 18.9802, 19.1803, 11.497, 27.2268, 52.689, 24.8072, 13.3666, 13.8362, 20.2539, 12.7632, 33.1245, 20.4365, 35.0644, 18.244, 23.0108, 64.1051, 26.7209, 12.4045, 15.0059, 22.4539, 13.9519, 7.4217, 37.5064, 34.4889, 12.5141, 58.4071, 15.4958, 15.9916, 11.4253, 12.8971, 0.7853, 5.3391, 60.8357, 46.2893, 29.218, 13.5533, 70.6046, 15.3809, 27.8066, 1.7735],
      [8.0678, 6.4711, 4.3817, 3.0478, 3.6342, 3.5948, 1.8585, 0.1297, 2.1793, 4.3511, 0.1105, 3.0223, 2.4777, 1.8645, 3.9717, 8.2695, 5.3207, 1.9551, 2.5783, 5.5127, 0.7142, 6.4547, 2.2883, 3.8353, 1.9861, 3.745, 8.6421, 3.501, 1.1105, 2.0944, 3.3939, 2.476, 0.9579, 5.448, 4.4873, 1.7241, 7.9312, 1.6512, 2.2333, 1.9414, 2.0874, 0.1491, 0.4451, 10.3411, 8.2246, 3.8661, 2.9756, 14.8157, 1.6196, 2.4167, 0.161],
      [2.2762, 2.0193, 1.1134, 0.6433, 0.6287, 0.4193, 0.4138, 0.0464, 0.4857, 1.055, 0.0231, 0.9975, 1.342, 0.6385, 1.8015, 3.0416, 0.8721, 0.6784, 0.5855, 1.2333, 0.5226, 1.4208, 1.2751, 2.1003, 0.7699, 1.2442, 3.2527, 1.7781, 0.485, 0.8997, 1.1522, 0.5721, 0.6205, 2.0457, 2.0238, 0.7619, 2.6616, 0.8529, 0.775, 0.6333, 1.0155, 0.0656, 0.2159, 4.8232, 2.4861, 1.9159, 1.4712, 3.5797, 0.9994, 1.7767, 0.0655]
    ],
    [
      [31.3563, 31.9645, 32.8123, 11.837, 14.0665, 9.4496, 5.8722, 3.2053, 15.5357, 25.0599, 0.8922, 25.8493, 19.3321, 25.2673, 41.216, 44.0333, 25.096, 18.6137, 38.5312, 29.238, 19.7371, 48.0843, 15.5452, 31.1192, 30.4033, 40.3665, 42.6276, 26.207, 28.1107, 20.1298, 35.8588, 16.0112, 11.3774, 47.1508, 34.0992, 21.5728, 76.2431, 29.8204, 26.2816, 12.5652, 15.4618, 0, 5.3793, 50.8449, 43.5738, 21.2697, 19.0292, 72.4864, 13.6978, 90.9302, 10.3879],
      [3.7892, 3.2494, 4.012, 1.9325, 1.8209, 1.8869, 0.5901, 0.4349, 3.6185, 3.3316, 0.0551, 2.4235, 1.1356, 2.8836, 3.4023, 2.9189, 3.0686, 1.4452, 5.9138, 5.4079, 0.4916, 5.7048, 0.5778, 1.2433, 1.8347, 4.2003, 2.0604, 1.275, 1.6231, 1.5011, 3.4455, 1.5938, 0.7691, 3.6198, 1.8667, 1.7093, 5.5369, 1.814, 2.0858, 1.1234, 1.3833, 0, 0.1774, 3.7295, 3.8442, 0.9169, 2.2309, 8.1102, 0.5006, 5.6453, 0.7606],
      [3.8545, 3.7861, 3.1757, 1.2305, 1.1126, 0.6635, 0.5376, 0.3597, 1.8458, 2.6085, 0.0527, 2.7273, 2.5323, 2.849, 5.3817, 5.0478, 1.8354, 1.9411, 3.555, 3.3541, 1.7714, 4.2109, 1.877, 3.6375, 2.762, 4.4332, 4.312, 3.518, 2.2662, 2.3691, 3.6957, 1.395, 1.8535, 5.2294, 4.0342, 2.7179, 7.22, 3.3656, 2.6327, 1.3114, 2.1549, 0, 0.4433, 7.4256, 4.582, 2.8134, 3.7399, 7.4034, 1.8016, 11.4244, 0.8515]
    ]
  ],
  "V_est": [
    [123.8542, 889.291, 92.8548],
    [1009.5041, 893.7088, 310.7871],
    [10210.9932, 139.1639, 465.8429],
    [2542.1416, 14305.6235, 611.2348],
    [1141.9062, 186.517, 64.5768],
    [1405.6008, 124.6957, 155.7035]
  ],
  "p_est": [
    [0.112, 0.8041, 0.084],
    [0.456, 0.4037, 0.1404],
    [0.9441, 0.0129, 0.0431],
    [0.1456, 0.8194, 0.035],
    [0.8197, 0.1339, 0.0464],
    [0.8337, 0.074, 0.0924]
  ],
  "EI_Z": {},
  "EI_V": 6.0464,
  "MAE_Z": {},
  "MAE_V": 232.9459,
  "MAE_p": 0.1068,
  "runtime": 56.764
}
