{
  "Z_true": {},
  "V_true": [
    [50, 669, 719, 355, 64],
    [127, 130, 997, 13039, 639],
    [96, 302, 3144, 645, 142],
    [109, 201, 538, 1003, 317],
    [450, 32, 270, 474, 76],
    [52, 59, 218, 1027, 832]
  ],
  "p_true": [
    [0.0269, 0.3603, 0.3872, 0.1912, 0.0345],
    [0.0085, 0.0087, 0.0668, 0.8732, 0.0428],
    [0.0222, 0.0698, 0.7263, 0.149, 0.0328],
    [0.0503, 0.0927, 0.2482, 0.4626, 0.1462],
    [0.3456, 0.0246, 0.2074, 0.3641, 0.0584],
    [0.0238, 0.027, 0.0996, 0.4694, 0.3803]
  ],
  "Z_est": [
    [
      [2.6195, 0.6014, 2.0769, 0.3364, 1.4168, 0.7033, 0.0204, 1.5697, 1.3964, 0.3742, 0.4587, 0.0713, 0.1285, 0.1315, 0.0102, 0.0856, 0.0428, 0, 0.0102, 0.0306, 0.728, 0.2242, 0.3567, 0.5781, 0.316, 0.4282, 0.4496, 0.2854, 0.5331, 0.1223, 0.1071, 0.2355, 0, 0.9421, 0.0856, 2.1198, 0],
      [188.7954, 37.4529, 148.7479, 25.4852, 87.897, 50.5362, 1.4305, 114.4215, 82.9582, 17.3532, 31.5382, 5.0068, 1.907, 6.4374, 0.7153, 0, 2.8605, 1.4305, 0.7153, 2.1458, 39.2443, 15.6413, 23.8378, 34.3264, 22.803, 16.2097, 23.8378, 24.569, 22.8776, 8.5816, 9.5351, 5.7211, 1.4509, 63.3897, 9.3453, 148.9485, 4.7741],
      [58.9157, 15.2136, 46.5365, 6.6136, 39.4918, 15.8178, 0.4585, 35.3035, 42.1645, 5.2726, 10.316, 1.6047, 0.8286, 2.0632, 0.2292, 1.8238, 1.8701, 0.4789, 0.2292, 0.6877, 17.3096, 5.0434, 8.0235, 13.5254, 6.4767, 6.8773, 8.7113, 1.8772, 3.3209, 2.6037, 3.8971, 2.5217, 0.4585, 25.4461, 2.9802, 44.9318, 3.6883],
      [6.6694, 5.7321, 5.6387, 0.5649, 10.1944, 1.9427, 0.0906, 2.7053, 10.4809, 0, 2.3883, 0.3171, 0.1359, 0.3679, 0.0453, 0.0906, 0.2265, 0.0906, 0.0453, 0.1359, 2.718, 1.0911, 2.7819, 10.5701, 1.4043, 6.4847, 5.0013, 1.2684, 1.2684, 0.6924, 3.3576, 2.5217, 0.0906, 21.2221, 0.5889, 0, 1.5376],
      [0, 0, 0, 0, 0, 0, 0, 0, 0, 0, 0.2989, 0, 0, 0, 0, 0, 0, 0, 0, 0, 0, 0, 0, 0, 0, 0, 0, 0, 0, 0, 0.1031, 0, 0, 0, 0, 0, 0]
    ],
    [
      [0.9329, 0.3662, 0.3515, 0.2616, 0.1975, 0.2969, 3.1771, 0.6801, 0.1998, 0.3139, 0.0674, 0.7469, 2.6655, 0.5141, 0.3151, 0.8681, 0.0262, 0, 0.6129, 0.0366, 0.4447, 0.0915, 0.3128, 0.3531, 0.3008, 0.2377, 0.2199, 0.4708, 0.327, 0.1386, 0.0654, 0.0976, 0, 0.4529, 0.0523, 1.3472, 0],
      [7.9882, 0.3508, 6.2937, 1.3625, 0.7192, 2.1382, 0.5171, 4.8413, 0.6546, 0.9683, 0.3274, 1.9093, 0.0807, 2.4857, 2.2454, 0, 0.121, 1.551, 1.2587, 4.7702, 0.557, 0.2785, 1.0086, 1.4524, 0.9683, 0.6859, 1.0086, 1.049, 1.6711, 0.3631, 0.4034, 0.2421, 0.0807, 2.2018, 0.5637, 39.0372, 0.1995],
      [74.1731, 15.2581, 66.0041, 31.5701, 19.5072, 18.4449, 94.8938, 68.6758, 24.9152, 8.7879, 6.8274, 111.0201, 49.2557, 107.3437, 30.17, 95.8951, 89.1478, 51.6089, 38.3122, 62.4484, 20.3869, 5.1885, 34.7396, 52.7274, 26.3129, 25.8952, 27.426, 34.2406, 24.2536, 4.9526, 17.7832, 7.8492, 3.7543, 46.1785, 11.2694, 180.0373, 5.1593],
      [540.2177, 138.8728, 363.6499, 318.1769, 177.5463, 165.227, 539.4264, 317.412, 226.767, 78.1894, 76.4679, 498.1282, 394.3918, 548.0441, 366.1498, 660.8824, 620.058, 459.8808, 234.4494, 444.1251, 123.6588, 66.9652, 359.8792, 480.5745, 576.1289, 273.9574, 250.6689, 504.9853, 408.8906, 169.9747, 166.999, 115.5087, 35.1577, 524.8715, 155.5072, 1470.4422, 46.5839],
      [12.6881, 3.1521, 17.7008, 10.629, 4.0299, 4.8929, 12.9856, 14.3909, 5.4635, 2.7406, 3.3099, 7.1954, 10.6064, 5.6124, 8.1196, 16.3544, 9.6471, 9.9592, 15.3668, 6.6198, 2.9526, 1.4763, 8.0597, 10.8926, 12.2891, 6.2239, 4.6766, 15.2543, 8.8577, 3.571, 4.749, 2.3025, 1.0074, 11.2953, 5.6074, 49.1361, 1.0573]
    ],
    [
      [38.7386, 10.5309, 36.482, 5.1457, 20.1989, 10.907, 1.7994, 22.6565, 20.3525, 9.0265, 5.4726, 3.3793, 1.2022, 3.0088, 0.8746, 1.8432, 0.7522, 0, 0.3761, 0.7522, 12.4183, 2.6327, 10.5309, 10.1548, 8.6504, 7.5221, 7.8982, 14.0122, 9.4026, 4.1371, 1.8805, 4.1371, 0, 16.5485, 1.5044, 37.2342, 0],
      [0.6597, 0.1266, 0.5198, 0.09, 0.2965, 0.2133, 0.0067, 0.4658, 0.2799, 4.0091, 0.1066, 0.0233, 0.0067, 0.03, 0.0139, 0, 0.01, 0.01, 0.0067, 0.0233, 0.1094, 0.0533, 0.0833, 0.1199, 0.1158, 0.0566, 0.0833, 0.1533, 0.0933, 0.03, 0.0333, 0.02, 0.4563, 0.2199, 0.0418, 0.6297, 0.0167],
      [372.9269, 106.1865, 327.0543, 56.9069, 224.4347, 112.6444, 10.1939, 250.6001, 225.1153, 51.6893, 75.2327, 37.4015, 8.4949, 33.1302, 11.0434, 20.3878, 26.1314, 14.8279, 3.398, 14.9897, 86.6482, 21.4523, 101.2142, 143.3646, 85.5039, 72.4744, 83.4412, 113.8374, 64.2305, 22.492, 55.6906, 41.6251, 14.768, 159.3418, 29.646, 390.7662, 23.848],
      [16.1134, 6.4831, 9.5376, 2.8724, 12.3293, 5.3026, 0, 5.3008, 11.4012, 1.2605, 3.8707, 1.8923, 0, 1.6756, 0.5591, 1.0322, 1.2472, 0.6881, 0.1008, 0.7311, 1.2752, 1.1182, 31.7868, 59.28, 8.2156, 25.7957, 35.7892, 8.4294, 5.9985, 24.3582, 16.1439, 2.2264, 6.4038, 8.2606, 1.6773, 14.641, 3.5777],
      [10.5614, 1.6729, 11.4063, 1.985, 5.7407, 7.9328, 0, 15.9768, 7.8511, 2.0146, 5.3174, 1.3036, 0.2963, 1.1554, 0.5089, 0.7368, 0.8592, 0.474, 0.1185, 0.5037, 1.549, 0.7435, 4.3848, 5.0806, 5.5143, 4.1512, 2.7881, 6.5676, 4.2752, 1.9827, 2.2516, 0.9913, 1.372, 5.6291, 6.1304, 16.7288, 0.5576]
    ],
    [
      [0.033, 0.0071, 0.0201, 0.003, 0.0077, 0.0093, 0.0022, 0.0167, 0.0094, 0.0077, 0.0017, 0.0026, 0.0031, 0.0026, 0.0001, 0.0022, 0.0006, 0, 0.0008, 0.0025, 0.0109, 0.0022, 0.009, 0.0087, 0.0074, 0.0064, 0.0067, 0.0244, 0.0102, 0.0035, 0.0016, 0.0035, 0, 0.0141, 0.0013, 0.0317, 0],
      [0.3098, 0.0402, 0.2441, 0.0231, 0.0593, 0.0829, 0.008, 0.1878, 0.0724, 1.096, 0.0131, 0.0201, 0.0031, 0.0121, 0.001, 0, 0.0047, 0.0047, 0.006, 0.0191, 0.0352, 0.0091, 0.0391, 0.0563, 0.0376, 0.0266, 0.0391, 0.188, 0.0784, 0.0141, 0.0156, 0.0094, 0.0102, 0.1033, 0.0372, 0.1719, 0.004],
      [0, 0, 0, 0, 0, 0, 0, 0, 0, 0, 0, 0, 0, 0, 0, 0, 0, 0, 0, 0, 0, 0, 0, 0, 0, 0, 0, 0, 0, 0, 0, 0, 0, 0, 0, 0, 0],
      [210.6572, 39.9527, 153.7358, 22.9739, 58.933, 39.9078, 8.9898, 118.7956, 71.9182, 25.8963, 12.9852, 19.9773, 23.9937, 11.9854, 0.9989, 16.9978, 14.9947, 10.9953, 5.9932, 18.9784, 34.9539, 9.9886, 111.9519, 121.935, 94.9551, 62.967, 67.9542, 186.7876, 77.9114, 42.9824, 70.9193, 46.9871, 8.9898, 123.8826, 36.958, 170.7963, 3.996],
      [0, 0, 0, 0, 0, 0, 0, 0, 0, 0, 0, 0, 0, 0, 0, 0, 0, 0, 0, 0, 0, 0, 0, 0, 0, 0, 0, 0, 0, 0, 0.0634, 0, 0, 0, 0.0036, 0, 0]
    ],
    [
      [60.6759, 16.4944, 58.0694, 14.2533, 15.1791, 17.0835, 2.0008, 27.077, 28.0419, 14.2778, 3.9996, 2.7999, 2.0008, 4.343, 0.7999, 1.2008, 1.1782, 0, 0, 1.1782, 20.3981, 4.0492, 16.7906, 15.9053, 13.7255, 11.8056, 12.4256, 21.2071, 14.7272, 6.5984, 2.9454, 6.5263, 0, 26.0423, 2.3563, 58.2671, 0],
      [0.0576, 0.0124, 0.1391, 0.0131, 0.0103, 0.0154, 0.0006, 0.0349, 0.0215, 0.5504, 0.0031, 0.002, 0.0006, 0.0026, 0.0006, 0, 0.0009, 0.0009, 0, 0.002, 0.0159, 0.0025, 0.0073, 0.0105, 0.0121, 0.0049, 0.0073, 0.0159, 0.0109, 0.0026, 0.0029, 0.0017, 0, 0.0215, 0.0025, 0.0321, 0.0009],
      [33.4316, 11.2647, 42.1544, 10.801, 8.4865, 10.0295, 1.2858, 19.2003, 17.7444, 7.2006, 2.5717, 1.8002, 1.2858, 2.3145, 0.5143, 0.7715, 6.7102, 1.9714, 0, 2.7644, 18.5424, 1.2774, 17.7444, 13.1155, 8.42, 10.5438, 10.2866, 9.0448, 6.9609, 5.9148, 4.629, 6.9435, 0, 17.7444, 2.0573, 26.4881, 1.9714],
      [19.4395, 8.5267, 30.1945, 7.9261, 6.2276, 5.8717, 0.9436, 6.9956, 13.0214, 1.6635, 1.8872, 1.321, 0.9436, 0.9553, 0.3774, 0.5661, 2.2646, 0.5661, 0, 1.1323, 9.6245, 1.5097, 25.4153, 14.034, 10.8425, 12.1624, 11.1268, 10.475, 7.9165, 6.9457, 7.1263, 11.9803, 0, 14.5766, 1.5097, 2.3669, 0.5661],
      [16.3954, 3.7018, 29.4425, 9.0066, 3.0965, 5.9999, 0.7692, 9.6922, 10.1708, 4.3076, 1.5384, 1.0769, 0.7692, 1.3846, 0.3077, 0.4615, 1.8461, 0.4615, 0, 0.9231, 2.4191, 1.1612, 9.0424, 7.9348, 5.9999, 6.4833, 6.1538, 10.2571, 5.3845, 3.5384, 3.2963, 1.5482, 0, 10.6152, 2.0741, 15.8459, 0.4615]
    ],
    [
      [0, 0, 0, 0, 0, 0, 0, 0, 0, 0, 0, 0, 0, 0, 0, 0, 0, 0, 0, 0, 0, 0, 0, 0, 0, 0, 0, 0, 0, 0, 0, 0, 0, 0, 0, 0, 0],
      [0.1893, 0.017, 0.0554, 0.0262, 0.0177, 0.014, 0.0371, 0.0487, 0.0134, 0.0229, 0.0116, 0.0383, 0.0019, 0.0323, 0.0237, 0, 0.0029, 0.0029, 0.0134, 0.0396, 0.0382, 0.0153, 0.0239, 0.0344, 0.0633, 0.0163, 0.0239, 0.0249, 3.2687, 0.0086, 0.0096, 0.0057, 0.0019, 0.0639, 0.0096, 0.1807, 0.0048],
      [0.5528, 0.0771, 0.2506, 0.1085, 0.0799, 0.0633, 0.168, 0.2203, 0.0606, 0.0496, 0.0523, 0.1735, 0.1349, 0.1484, 0.043, 0.1218, 0.1405, 0.1129, 0.0606, 5.1098, 1.1129, 0.0386, 0.2782, 0.2671, 0.2864, 0.2093, 0.1349, 0, 0.2341, 0.0369, 0, 0.0606, 0.0193, 0.2892, 0.0471, 0.7766, 1.3331],
      [43.9028, 9.4326, 26.2436, 14.4858, 9.7695, 7.7482, 20.5497, 19.7908, 7.4114, 4.9903, 6.4007, 22.3641, 16.535, 21.9718, 15.8695, 19.4309, 17.209, 15.779, 7.4114, 21.8972, 9.7695, 5.3271, 51.1849, 38.6064, 38.4536, 25.6329, 17.4596, 37.0542, 31.0146, 16.0466, 11.4539, 10.7758, 2.3582, 41.1865, 8.7589, 92.7536, 5.7387],
      [91.3551, 18.4732, 64.4504, 28.3795, 19.133, 15.1744, 40.2452, 59.9402, 14.5147, 12.9372, 12.5354, 40.4241, 32.3281, 30.8475, 23.0638, 40.4473, 33.6476, 25.1052, 14.5147, 37.9535, 18.0793, 8.619, 49.5131, 58.092, 65.1967, 50.1416, 31.3815, 73.9209, 50.4826, 22.9079, 22.5365, 11.1579, 4.6207, 63.4604, 17.1845, 188.2891, 6.9235]
    ]
  ],
  "V_est": [
    [19.5963, 1282.9281, 443.6121, 110.4615, 0.402],
    [17.5423, 92.3541, 1592.4138, 12898.8167, 330.8731],
    [342.1634, 9.2137, 3493.1341, 337.3754, 147.1133],
    [0.2743, 3.0827, 0, 2164.5761, 0.067],
    [504.4236, 1.0195, 343.9872, 259.0021, 193.5676],
    [0, 4.4019, 12.8528, 772.7682, 1397.9772]
  ],
  "p_est": [
    [0.0106, 0.6909, 0.2389, 0.0595, 0.0002],
    [0.0012, 0.0062, 0.1066, 0.8638, 0.0222],
    [0.079, 0.0021, 0.8069, 0.0779, 0.034],
    [0.0001, 0.0014, 0, 0.9984, 0],
    [0.3874, 0.0008, 0.2642, 0.1989, 0.1487],
    [0, 0.002, 0.0059, 0.3532, 0.6389]
  ],
  "EI_Z": {},
  "EI_V": 14.1294,
  "MAE_Z": {},
  "MAE_V": 252.2189,
  "MAE_p": 0.0995,
  "runtime": 6.476
}
