{
  "Z_true": {},
  "V_true": [
    [1686, 4909, 901, 78],
    [611, 7476, 289, 213],
    [386, 796, 12976, 246],
    [99, 693, 252, 357],
    [121, 447, 620, 325]
  ],
  "p_true": [
    [0.2226, 0.6481, 0.119, 0.0103],
    [0.0711, 0.8704, 0.0336, 0.0248],
    [0.0268, 0.0553, 0.9009, 0.0171],
    [0.0707, 0.4946, 0.1799, 0.2548],
    [0.08, 0.2954, 0.4098, 0.2148]
  ],
  "Z_est": [
    [
      [85.1084, 38.654, 33.6814, 50.1823, 1.7869, 48.5897, 6.1784, 5.4169, 9.0672, 1.331, 2.939, 13.9083, 91.376, 29.3005, 15.5651, 32.5804, 31.4313, 14.584, 50.8411, 8.4236, 24.7817, 18.002, 13.712, 0.9516, 1.5775, 1.9391, 5.0815, 13.926, 23.2059, 4.2447, 5.3319, 2.4027, 3.0741, 49.5989, 12.6711, 12.8678, 6.2435, 7.8084, 92.2003, 20.2026, 48.4604, 35.4052, 34.4317, 36.0859, 63.424, 1.5861, 28.5364, 44.2436, 209.5199, 12.1041, 62.377, 339.4354, 109.983],
      [220.4797, 87.5198, 81.8019, 151.687, 1.8561, 206.666, 12.8208, 48.5806, 21.7769, 4.6776, 8.0443, 18.769, 375.7311, 113.3359, 68.1686, 234.579, 173.1104, 50.6951, 146.5653, 33.6006, 85.8762, 56.3064, 26.9712, 2.5867, 2.153, 5.418, 8.505, 68.6617, 60.7591, 9.8191, 14.9567, 2.2598, 3.5335, 241.0221, 30.4221, 53.4359, 47.7315, 47.2648, 132.5731, 39.3632, 66.5766, 59.9357, 57.9178, 51.6958, 98.3362, 5.7173, 83.367, 192.5864, 597.1966, 16.674, 106.5674, 645.0419, 187.5465],
      [20.6031, 6.3699, 8.6154, 10.1604, 0.2229, 16.9649, 0.7343, 2.8938, 8.7422, 3.9913, 1.5739, 2.7488, 20.773, 7.6488, 0, 13.3584, 3.8621, 3.399, 16.6581, 2.4336, 8.3187, 3.0915, 0.8564, 0.0035, 0.255, 0.6428, 0.2576, 4.3101, 5.4356, 0.7777, 1.5365, 0.2779, 0.3924, 23.9528, 1.6457, 5.4716, 3.4433, 4.4629, 16.1439, 5.6246, 5.1649, 5.5325, 7.0754, 5.7209, 8.461, 0.6079, 10.3161, 13.3655, 51.7019, 2.066, 8.8305, 42.3166, 11.7881],
      [4.8087, 2.4563, 1.9013, 2.9704, 0.134, 1.7794, 0.2665, 2.1086, 0.4136, 0, 0.4428, 0.5739, 3.1199, 1.7148, 0.2663, 0.4823, 1.5963, 0.3218, 1.9355, 0.5423, 1.0235, 0.6002, 0.4604, 0.4582, 0.0145, 0, 0.1559, 1.1023, 0.5995, 0.1586, 0.1749, 0.0597, 0, 2.4262, 0.261, 0.2247, 0.5817, 0.4639, 2.0827, 0.8095, 1.7981, 1.1266, 1.575, 0.4974, 2.7788, 0.0886, 0.7805, 1.8046, 9.5816, 0.1559, 2.2251, 12.2061, 2.6823]
    ],
    [
      [7.0537, 5.1296, 4.1926, 5.7586, 0.1766, 1.5941, 0.7918, 0.0708, 0.3698, 0, 0.0488, 1.4172, 5.0205, 2.7767, 0.7086, 0, 0.3153, 1.6029, 0.1686, 0.9044, 0.6395, 1.3831, 2.2991, 0, 0.3876, 0.0608, 0.3761, 0.6907, 1.4516, 0.2752, 0.0505, 0.3577, 1.0067, 2.4677, 1.1568, 0.8109, 0, 0, 7.9234, 1.3134, 6.1176, 3.0007, 4.2528, 3.9775, 5.4857, 0, 1.5541, 3.7368, 15.6277, 1.1452, 6.5391, 32.1487, 8.753],
      [333.2667, 179.7183, 190.1898, 305.2836, 4.2707, 327.4928, 24.4986, 55.037, 25.909, 2.4611, 3.8391, 26.4079, 432.3375, 241.576, 89.4738, 306.3727, 346.8002, 110.267, 205.3216, 76.5148, 116.1458, 74.4183, 60.3747, 0, 10.2801, 5.4618, 9.659, 100.8742, 69.8521, 11.3478, 23.0688, 7.2035, 14.5666, 275.0965, 43.5465, 60.1114, 82.4159, 69.7215, 167.5773, 46.4967, 105.4813, 72.305, 92.299, 80.1981, 109.2573, 9.5595, 97.415, 349.5528, 827.8133, 28.0777, 165.8603, 890.858, 217.5252],
      [25.5557, 9.9803, 17.3811, 15.1285, 0.4145, 22.1115, 1.0362, 2.4816, 3.9682, 0.5389, 0.4282, 2.9245, 19.7018, 11.9633, 0, 13.5599, 0, 5.4883, 18.7937, 4.2655, 9.1716, 3.3115, 0.8162, 0, 1.1033, 0.4775, 0.3471, 4.8539, 5.0408, 0.7339, 1.915, 0.7289, 1.4267, 22.6644, 1.9424, 5.0888, 4.797, 5.667, 15.6838, 5.0086, 6.8748, 5.4426, 9.0738, 7.0448, 7.8839, 0.8772, 9.522, 18.8894, 58.5164, 2.746, 11.2629, 49.4139, 12.422],
      [24.124, 16.1719, 15.2364, 19.8292, 1.1382, 10.8016, 1.6734, 7.4106, 1.753, 0, 0.6839, 2.2504, 13.9402, 12.684, 1.8176, 3.0674, 11.8845, 2.6418, 9.716, 4.3154, 5.0431, 2.8871, 3.51, 0, 0.229, 0, 0.6177, 5.5813, 2.6555, 0.643, 0.9657, 0.7099, 0, 10.7715, 1.3543, 0.9889, 3.7871, 2.6115, 8.8154, 3.1813, 8.5263, 4.2517, 7.3744, 2.7796, 8.3732, 0.5633, 3.5089, 11.821, 46.0426, 1.0311, 11.3376, 55.5794, 11.2998]
    ],
    [
      [2.8135, 2.6875, 1.3738, 1.9766, 0.0365, 0, 0.7075, 0, 0, 0, 0, 0.9967, 0.7999, 0.3107, 0.4407, 0, 1.9337, 0.3688, 0, 0.0263, 0, 0.7623, 1.1367, 0.0484, 0.0805, 0.0001, 0.8596, 0, 0.5671, 0.2536, 0, 0.2396, 0.2802, 0, 0.8004, 0, 0, 0, 7.0837, 0.5052, 7.5171, 3.1534, 1.7164, 3.503, 3.1055, 0, 0, 0.0164, 5.6051, 1.0132, 7.4895, 34.0938, 7.5912],
      [35.3596, 17.761, 16.3424, 30.2592, 0.8732, 32.2134, 3.6963, 8.7396, 0, 0, 0, 0.3871, 47.2803, 21.4546, 9.8898, 40.1141, 28.298, 11.1981, 18.4693, 12.9547, 16.606, 11.6812, 6.5956, 0.4133, 0.2161, 0.1202, 3.1871, 7.9725, 8.0225, 2.0324, 3.7914, 0.5367, 0.3102, 30.7822, 6.1916, 8.0021, 10.0857, 8.7901, 8.7776, 1.9019, 9.0549, 6.3606, 2.982, 4.4882, 6.1466, 0.497, 6.2119, 54.5364, 103.4438, 2.0109, 20.8782, 132.1608, 27.3789],
      [629.6395, 238.9709, 466.3987, 349.1015, 28.3626, 438.976, 40.0009, 95.7918, 80.7616, 8, 12.7169, 42.0369, 480.3593, 237.9343, 65.4307, 386.6268, 199.2196, 122.0386, 892.8476, 143.584, 343.7029, 114.782, 57.5562, 3.9965, 34.7034, 2.8797, 26.6028, 88.0956, 124.8107, 29.4455, 115.7914, 28.9932, 11.4096, 696.5534, 64.6626, 307.7806, 119.2259, 234.6605, 316.8877, 88.7779, 195.2498, 138.0578, 97.035, 139.4201, 130.9108, 12.4193, 208.0377, 584.3742, 1564.6237, 89.7796, 354.1905, 1694.4303, 364.109],
      [8.1873, 4.5806, 5.8852, 4.6627, 0.7278, 1.8105, 0.5952, 3.4686, 0.2384, 0, 0.2831, 0.5792, 2.5605, 2.3004, 0.2387, 0.2591, 1.5487, 0.3946, 3.6831, 1.435, 1.6911, 0.7744, 0.7115, 0.5418, 0, 0, 0.3505, 0.932, 0.5997, 0.2685, 0.4172, 0.2304, 0, 2.6643, 0.3454, 0.2173, 0.6885, 0.5494, 2.251, 0.815, 3.1782, 1.4282, 1.2666, 0.5886, 1.8372, 0.0837, 0.7503, 3.073, 14.3274, 0.1963, 4.4417, 20.3151, 2.9209]
    ],
    [
      [24.6661, 9.578, 16.3267, 24.5306, 0, 19.9848, 2.1465, 1.4665, 8.111, 2.669, 0, 11.2446, 21.2178, 10.9792, 6.8434, 13.7481, 15.4337, 2.9266, 20.2254, 5.4876, 11.01, 3.397, 0.5664, 0, 0.7129, 0, 0.5973, 3.1525, 5.2128, 2.101, 3.4589, 0, 1.5674, 19.8401, 2.26, 3.8418, 4.5128, 6.0349, 44.8581, 12.6886, 25.3523, 24.5547, 28.1585, 19.7066, 32.8382, 0.4139, 3.4754, 13.9984, 88.2283, 1.3306, 20.5676, 79.7318, 5.9688],
      [11.2998, 3.8357, 6.9744, 13.0616, 0, 14.7142, 0.762, 2.2453, 3.0741, 0.8612, 0, 2.5414, 15.0124, 7.385, 5.0846, 16.2382, 14.4658, 1.7577, 10.258, 3.7955, 6.6628, 1.838, 0.1912, 0, 0.1453, 0, 0.1641, 2.6451, 2.3888, 0.8143, 1.6542, 0, 0.2914, 15.4033, 0.938, 2.4503, 5.4654, 5.4359, 11.6324, 4.2913, 6.2907, 7.4191, 8.2503, 5.0599, 9.2957, 0.2262, 1.7528, 10.6179, 44.3772, 0.3194, 6.289, 27.1782, 1.8278],
      [4.6552, 1.4607, 3.1777, 4.6057, 0, 5.4426, 0.266, 0.7436, 2.3146, 1.4698, 0, 1.6374, 4.9975, 2.5766, 1.2262, 5.1678, 3.6743, 0.6164, 4.8087, 1.3385, 2.7303, 0.6235, 0.0629, 0, 0.0763, 0, 0.0547, 0.9004, 0.9481, 0.3162, 0.7444, 0, 0.1412, 6.217, 0.3271, 1.0659, 1.885, 2.2242, 5.9303, 2.3425, 2.6616, 3.2724, 4.409, 2.4471, 4.0766, 0.0955, 0.7756, 3.6834, 17.4403, 0.1585, 2.5998, 10.2989, 0.718],
      [12.3788, 5.1257, 8.5213, 12.8021, 0, 7.8584, 0.8255, 4.5447, 3.5003, 0, 0, 3.5766, 7.7724, 6.0592, 1.8459, 2.8459, 8.4262, 0.6993, 7.7079, 3.3784, 4.5969, 1.1415, 0.1796, 0, 0.0655, 0, 0.1839, 2.302, 1.4503, 0.7684, 1.1425, 0, 0, 9.5396, 0.4749, 0.642, 4.1368, 3.305, 9.5792, 4.6776, 7.6954, 6.7537, 10.1821, 2.7864, 10.7894, 0.2644, 0.9962, 5.7004, 37.9542, 0.1915, 6.5435, 25.7912, 1.4854]
    ],
    [
      [2.3583, 0.9508, 1.4256, 1.5519, 0, 0.8314, 0.1758, 0.0458, 0.4521, 0, 0.0123, 0.4332, 1.5858, 0.6329, 0.4423, 0.6715, 0.8859, 0.5177, 1.7648, 0.1582, 0.5688, 0.4556, 0.2858, 0, 0.2415, 0, 0.0854, 0.2308, 0.5627, 0.1254, 0.1588, 0, 0.0715, 1.0934, 0.1117, 0.4795, 0.2437, 0.1568, 1.9345, 0.2902, 0.5526, 0.886, 0.4406, 0.7269, 1.1467, 0, 0.434, 1.0048, 5.0189, 0.4069, 2.0268, 7.5903, 1.704],
      [20.5941, 7.1653, 11.6915, 15.7087, 0, 11.9136, 1.2223, 1.3974, 4.24, 0, 0.1165, 1.8945, 21.6387, 8.2485, 6.3832, 15.696, 16.3256, 6.0821, 17.3857, 2.1344, 6.7093, 4.7561, 1.8673, 0, 1.2055, 0, 0.4848, 3.8466, 4.9775, 0.9864, 1.5289, 0, 0.2983, 16.6958, 0.9017, 6.0003, 6.3016, 2.7876, 9.4396, 1.9468, 2.5965, 4.9795, 2.5508, 3.5579, 5.9642, 0, 4.2533, 14.7066, 48.1692, 1.9179, 11.4051, 47.7611, 9.7215],
      [37.5464, 12.2184, 23.4271, 25.0038, 0, 19.505, 1.9627, 2.0892, 13.2132, 0, 0.281, 4.6524, 32.1684, 12.877, 7.3431, 22.2871, 19.244, 9.4577, 35.892, 3.3784, 12.0766, 7.1915, 2.7083, 0, 2.862, 0, 0.7379, 5.8401, 8.7648, 1.7267, 3.0127, 0, 0.6301, 29.6124, 1.4221, 11.5931, 9.6488, 4.9853, 20.3543, 4.2464, 5.0489, 9.6947, 5.4068, 7.3672, 11.6677, 0, 8.3486, 22.6875, 83.7177, 4.2499, 21.1162, 81.5403, 16.9629],
      [27.5012, 11.6655, 17.4558, 18.7356, 0, 7.75, 1.6393, 3.4676, 6.0947, 0, 0.5902, 3.0199, 13.607, 8.2415, 2.8315, 3.3453, 11.5444, 2.9424, 15.9575, 2.329, 5.6453, 3.5967, 2.1386, 0, 0.691, 0, 0.6919, 4.0824, 3.695, 1.1615, 1.2997, 0, 0, 12.5983, 0.5644, 1.9271, 5.806, 2.0703, 9.2717, 2.5166, 3.802, 5.4397, 3.6018, 2.348, 8.2214, 0, 2.9641, 9.601, 50.0942, 1.4252, 14.4519, 55.1083, 9.6116]
    ]
  ],
  "V_est": [
    [1916.3616, 5169.2441, 411.6015, 76.7927],
    [153.0903, 7581.4593, 466.4697, 387.9807],
    [101.8944, 847.4577, 13342.7541, 111.8939],
    [687.7229, 324.6829, 129.406, 259.1881],
    [43.9308, 398.156, 687.7687, 383.1445]
  ],
  "p_est": [
    [0.253, 0.6825, 0.0543, 0.0101],
    [0.0178, 0.8827, 0.0543, 0.0452],
    [0.0071, 0.0588, 0.9263, 0.0078],
    [0.4909, 0.2318, 0.0924, 0.185],
    [0.029, 0.2632, 0.4546, 0.2532]
  ],
  "EI_Z": {},
  "EI_V": 6.2166,
  "MAE_Z": {},
  "MAE_V": 208.1363,
  "MAE_p": 0.0651,
  "runtime": 0.001
}
