{
  "Z_true": {},
  "V_true": [
    [1023, 33, 386, 867, 41],
    [26, 1189, 1477, 280, 77],
    [61, 371, 7214, 196, 174],
    [528, 264, 1139, 16439, 201],
    [244, 192, 1511, 539, 215],
    [38, 107, 320, 216, 275]
  ],
  "p_true": [
    [0.4353, 0.014, 0.1643, 0.3689, 0.0174],
    [0.0085, 0.39, 0.4844, 0.0918, 0.0253],
    [0.0076, 0.0463, 0.9, 0.0245, 0.0217],
    [0.0284, 0.0142, 0.0613, 0.8852, 0.0108],
    [0.0903, 0.0711, 0.5594, 0.1996, 0.0796],
    [0.0397, 0.1119, 0.3347, 0.2259, 0.2877]
  ],
  "Z_est": {},
  "V_est": [
    [1397.6396, 0, 812.8329, 121.7255, 17.802],
    [0, 1753.0122, 856.5736, 212.0613, 227.3529],
    [0, 0, 7711.659, 0, 304.341],
    [275.4093, 0, 92.3775, 18203.2132, 0],
    [23.8646, 0, 2573.557, 0, 103.5784],
    [223.0864, 402.9878, 0, 0, 329.9258]
  ],
  "p_est": [
    [0.5947, 0, 0.3459, 0.0518, 0.0076],
    [0, 0.5749, 0.2809, 0.0696, 0.0746],
    [0, 0, 0.962, 0, 0.038],
    [0.0148, 0, 0.005, 0.9802, 0],
    [0.0088, 0, 0.9528, 0, 0.0383],
    [0.2334, 0.4215, 0, 0, 0.3451]
  ],
  "EI_Z": {},
  "EI_V": 15.4493,
  "MAE_Z": {},
  "MAE_V": 367.1072,
  "MAE_p": 0.1135,
  "runtime": 0.0342
}
