{
  "Z_true": {},
  "V_true": [
    [43, 2947, 148, 3368, 92],
    [972, 217, 684, 176, 69],
    [540, 1036, 6187, 1010, 438],
    [81, 1809, 113, 7207, 195],
    [79, 506, 275, 884, 229],
    [24, 421, 223, 752, 421],
    [92, 123, 314, 166, 342]
  ],
  "p_true": [
    [0.0065, 0.4467, 0.0224, 0.5105, 0.0139],
    [0.4589, 0.1025, 0.3229, 0.0831, 0.0326],
    [0.0586, 0.1125, 0.6717, 0.1097, 0.0476],
    [0.0086, 0.1923, 0.012, 0.7663, 0.0207],
    [0.04, 0.2565, 0.1394, 0.448, 0.1161],
    [0.013, 0.2287, 0.1211, 0.4085, 0.2287],
    [0.0887, 0.1186, 0.3028, 0.1601, 0.3298]
  ],
  "Z_est": [
    [
      [0.0127, 0.026, 0, 0.0058, 0, 0, 0.0003, 0.004, 0.0116, 0.0022, 0.0237, 0.016, 0, 0.0583, 0.0878, 0.1169, 0, 0.004, 0, 0.0007, 0.0198, 0.0565, 0.004, 0.0235, 0.0213, 0.0542, 0.003, 0.0162, 0, 0, 0.0008, 0.0202, 0.0614],
      [14.6785, 12.1042, 8.5237, 127.9116, 97.2064, 104.721, 98.1216, 150.5365, 96.1434, 13.8955, 90.8325, 67.7007, 40.8452, 36.3349, 102.5299, 70.7307, 5.7535, 144.2723, 313.3677, 73.9035, 136.0824, 91.0669, 260.4359, 181.8921, 88.7069, 115.844, 123.3207, 164.1889, 13.2391, 220.3725, 36.7536, 368.1698, 85.8654],
      [0.2642, 0.0141, 0.0506, 0.674, 0.0496, 0.099, 0.1952, 0.2827, 0.7163, 0.3268, 0.2034, 0.0146, 0.077, 0.742, 0.8953, 0.8784, 0, 0.2082, 0.1526, 0.0148, 0.0433, 0.2734, 0.5113, 0.1468, 0.1557, 0.1556, 0.3654, 0.3485, 0.0787, 0.2872, 0.1208, 1.1995, 0.9268],
      [10.0323, 6.8207, 3.4258, 105.4033, 68.744, 106.1488, 93.6567, 134.1609, 110.0661, 11.7717, 76.9108, 48.2495, 34.0771, 22.8208, 82.4662, 62.2122, 2.2276, 95.5089, 246.3798, 57.0443, 141.8176, 50.5543, 235.0383, 141.8777, 76.0923, 91.9419, 122.305, 161.4399, 19.6822, 213.2298, 41.1231, 295.5768, 61.1394],
      [0.0123, 0.035, 0, 0.0052, 0, 0.0313, 0.0262, 0.0159, 0.0625, 0.0038, 0.0296, 0.0191, 0.0007, 0.044, 0.0209, 0.0618, 0.0189, 0.0066, 0.0999, 0.0367, 0.0369, 0.0489, 0.0105, 0.0599, 0.0239, 0.0042, 0.0059, 0.0064, 0, 0.1105, 0.0017, 0.0337, 0.0071]
    ],
    [
      [22.8206, 6.7137, 8.4771, 42.6357, 30.8015, 31.8619, 26.6441, 34.6806, 33.7339, 13.4299, 24.3393, 33.8603, 31.0207, 53.1599, 96.6519, 84.7056, 1.5558, 61.9048, 73.6952, 12.4142, 17.4484, 20.0183, 36.4706, 33.3783, 15.5877, 15.529, 12.0912, 41.8608, 4.5652, 32.592, 18.1664, 249.892, 44.8778],
      [2.2311, 0.415, 0.8332, 7.6486, 4.8373, 8.0018, 4.5544, 8.8825, 9.6726, 1.5058, 3.8088, 4.5334, 3.7919, 3.673, 11.0912, 7.1486, 0.6061, 7.3686, 16.1824, 2.8991, 3.344, 6.9056, 10.3716, 4.4948, 3.1615, 5.0427, 2.2626, 12.9215, 0.4428, 9.0445, 1.2355, 18.0783, 10.4224],
      [14.7026, 2.7941, 2.6358, 23.6769, 15.816, 21.6908, 16.3461, 25.1845, 24.0873, 8.8176, 10.4927, 15.8858, 18.7203, 19.7364, 54.0576, 37.2033, 1.5817, 26.8854, 45.1849, 8.3864, 9.8474, 11.4014, 18.9484, 12.7099, 7.8564, 7.8226, 5.4133, 25.0658, 2.9019, 30.803, 5.457, 75.3971, 20.9748],
      [0.1423, 0.0452, 0.0128, 0.8072, 0.3302, 1.1506, 0.2842, 0.9817, 1.1788, 0.1507, 0.2095, 0.554, 0.3849, 0.1912, 0.7571, 0.5188, 0.2301, 0.6137, 1.3688, 0.2078, 0.2368, 0.5355, 0.9906, 0.2607, 0.3025, 0.5016, 0.1712, 0.8265, 0.0583, 1.229, 0.0955, 1.6281, 0.6397],
      [0.1033, 0.032, 0.0411, 0.2317, 0.2149, 0.295, 0.1713, 0.2707, 0.3274, 0.096, 0.1498, 0.1664, 0.0822, 0.2395, 0.4422, 0.4237, 0.0263, 0.2275, 0.5687, 0.0925, 0.1233, 0.1392, 0.2188, 0.1563, 0.0919, 0.1042, 0.0617, 0.3253, 0.0318, 0.3314, 0.0456, 1.0044, 0.0853]
    ],
    [
      [6.661, 2.1625, 1.4071, 14.3188, 18.0526, 14.2867, 17.3495, 15.4769, 14.4923, 1.4419, 15.6684, 15.2385, 16.9415, 25.0599, 33.4855, 24.4321, 0.4215, 25.9844, 23.0652, 6.2285, 9.8891, 9.4076, 16.0912, 22.4162, 6.9856, 5.7968, 8.3649, 10.3775, 6.1739, 8.8112, 11.2823, 110.164, 13.443],
      [6.7685, 1.4717, 1.2902, 28.1831, 31.2752, 40.29, 33.026, 44.6666, 46.798, 2.1304, 27.357, 22.2206, 22.1269, 18.4591, 40.8374, 22.0042, 2.3471, 33.4941, 55.4257, 16.3958, 22.5715, 33.8906, 49.6723, 38.5909, 15.6985, 20.5689, 21.4862, 35.5524, 5.0711, 30.3282, 8.8884, 88.7526, 34.0477],
      [103.1535, 23.8388, 12.9243, 193.0337, 227.4112, 244.3651, 264.832, 280.7561, 260.3246, 22.6042, 166.9527, 175.2949, 246.0925, 226.5752, 449.9948, 259.9459, 15.5951, 272.8382, 344.397, 105.3007, 137.3793, 130.0487, 202.4472, 209.5842, 87.1493, 72.0063, 93.0507, 151.2605, 170.0349, 227.2657, 87.507, 817.0649, 153.1433],
      [3.1916, 0.5763, 0.3255, 18.3555, 16.9205, 30.7121, 24.5294, 29.9032, 38.1385, 1.5009, 17.5794, 12.002, 13.8268, 7.9199, 24.3929, 15.1133, 0.7442, 16.9231, 32.9104, 9.4636, 17.7365, 15.1198, 33.6806, 23.0184, 9.92, 11.8689, 16.2498, 26.7865, 14.4977, 21.2775, 7.7295, 53.733, 18.5797],
      [7.2255, 1.9507, 3.0529, 19.1089, 32.3405, 33.3462, 28.2631, 30.1972, 35.2466, 5.3227, 24.4425, 18.244, 14.0123, 26.9858, 38.2894, 29.5045, 1.8921, 23.7601, 43.2017, 11.6114, 17.4235, 15.5333, 24.1087, 26.3903, 10.2466, 9.7591, 10.8484, 20.0231, 38.2224, 24.3174, 7.5928, 116.2855, 9.7863]
    ],
    [
      [0.0591, 0.0235, 0.0003, 0.0479, 0.0487, 0.0065, 0.0122, 0.0056, 0.0207, 0.0051, 0.0469, 0.0409, 0.0919, 0.062, 0.0989, 0.0673, 0, 0.0328, 0.0184, 0.001, 0.03, 0.1157, 0.3783, 0.0253, 0.0669, 0.1998, 0.236, 0.177, 0.0053, 0.0077, 0.0011, 0.0116, 0.2137],
      [6.7303, 3.4533, 0.9442, 50.196, 51.2978, 59.5069, 51.3796, 63.3583, 42.7384, 2.3548, 36.9754, 36.4656, 22.5018, 15.9648, 40.6367, 24.8658, 3.7864, 54.069, 111.7939, 38.1771, 50.0476, 45.5191, 110.4239, 83.6422, 41.5831, 50.5304, 53.3871, 68.7366, 17.7535, 60.3806, 12.2254, 172.8265, 41.1108],
      [0.7946, 0.0765, 0.0091, 0.2736, 0.2934, 0.631, 0.6588, 0.5489, 1.3507, 0.0663, 0.1211, 0.1733, 1.3107, 0.8931, 0.6099, 0.4525, 0, 0.505, 0.7093, 0.0503, 0.2618, 0.7251, 1.0984, 0.2426, 0.0468, 0.3301, 0.3536, 0.7728, 4.9262, 0.7168, 0.1679, 2.8968, 1.2596],
      [26.8176, 12.0879, 2.8519, 244.551, 214.8187, 359.4396, 290.0619, 332.331, 285.0031, 12.0015, 183.9684, 154.6951, 110.9645, 59.1044, 192.4036, 128.789, 9.9353, 211.1008, 517.809, 174.3541, 308.2763, 151.7854, 586.2353, 386.0322, 209.9278, 237.9706, 312.0943, 400.0973, 211.8786, 346.5105, 81.7316, 820.9297, 169.8712],
      [0.5984, 0.3588, 0.1945, 2.9315, 4.5414, 4.416, 3.8874, 3.7563, 2.887, 0.5723, 2.8882, 2.6253, 1.1311, 1.9757, 3.2509, 2.8254, 0.2783, 3.2923, 7.6694, 2.4175, 3.3843, 1.8547, 3.8641, 5.0578, 2.3754, 1.9691, 1.929, 3.2162, 6.4363, 4.3844, 0.874, 19.3353, 0.5448]
    ],
    [
      [0.0268, 0.0138, 0.0114, 0.0259, 0.0463, 0.0243, 0.0511, 0.0249, 0.0055, 0.0225, 0.0445, 0.0446, 0.0387, 0.0579, 0.0715, 0.0795, 0.0008, 0.078, 0.0499, 0.0219, 0.0337, 0.0292, 0.0619, 0.0506, 0.0312, 0.029, 0.0258, 0.0248, 0.0132, 0.0176, 0.0247, 0.2593, 0.0102],
      [3.2546, 0.8387, 0.2454, 6.3947, 8.0936, 8.8875, 12.105, 9.5105, 12.9301, 0.5868, 7.6543, 7.2857, 5.6659, 4.1935, 8.9921, 5.8211, 0.6111, 10.5181, 14.7654, 6.6903, 7.9264, 10.6014, 17.9045, 9.9006, 7.0996, 8.9204, 6.4335, 9.1165, 2.6999, 10.2413, 3.1345, 25.3175, 3.4569],
      [1.3262, 0.651, 0.1452, 2.3499, 3.2661, 2.983, 5.045, 3.2735, 3.5481, 0.4622, 2.5843, 3.0833, 3.2218, 2.7975, 5.3263, 3.7947, 0.232, 4.7112, 4.9841, 2.3339, 2.6442, 2.0833, 4.021, 2.9186, 2.1357, 1.6887, 1.5231, 2.1151, 4.1047, 4.3267, 1.6062, 12.9326, 0.5612],
      [12.2444, 2.6998, 0.534, 29.3611, 31.6704, 50.0264, 64.1036, 46.6601, 80.874, 2.6496, 35.6224, 28.9519, 26.2842, 14.4965, 39.8069, 28.0358, 1.3939, 38.3849, 64.468, 28.5473, 45.6439, 32.7924, 88.6913, 42.9144, 33.5511, 38.9592, 35.2273, 49.541, 27.9353, 54.7228, 19.4453, 111.8148, 13.91],
      [6.148, 1.7967, 1.0639, 7.8684, 14.9237, 13.0788, 18.6953, 11.531, 17.6423, 3.2789, 12.0945, 10.6345, 6.7893, 10.4547, 14.8033, 13.2689, 0.7623, 13.3079, 20.7327, 8.4066, 10.7518, 8.4937, 15.3212, 12.2158, 8.1825, 7.4027, 5.7903, 9.2026, 27.2469, 14.6916, 4.7893, 59.6758, 2.0616]
    ],
    [
      [0.1612, 0.0239, 0.0731, 0.2551, 0.4558, 0.32, 0.4743, 0.4052, 0.2972, 0.0676, 0.4295, 0.3303, 0.3355, 0.5462, 0.5715, 0.6016, 0.0103, 0.3879, 0.583, 0.1597, 0.1977, 0.1579, 0.3145, 0.5017, 0.1695, 0.1555, 0.141, 0.2756, 0.0465, 0.3053, 0.1936, 2.7359, 0.0402],
      [5.238, 0.7111, 1.1473, 15.3847, 23.935, 27.1592, 27.5146, 35.6836, 30.2702, 2.5062, 23.0809, 14.5474, 13.8231, 15.1825, 21.4971, 20.1773, 1.8435, 16.0661, 42.0734, 12.7627, 13.7545, 17.7624, 29.618, 26.1164, 11.6893, 16.805, 11.0417, 28.1923, 1.7623, 29.3786, 4.6575, 65.2105, 5.7417],
      [3.3043, 0.3739, 0.5332, 4.4947, 7.4922, 7.1487, 9.3454, 9.4862, 6.9941, 1.3323, 5.862, 4.9901, 6.2941, 6.3692, 10.08, 8.8762, 0.5113, 5.347, 11.3498, 3.5223, 3.5444, 2.8424, 5.1324, 6.1269, 2.7568, 2.4906, 2.0121, 5.1809, 0.7448, 9.8011, 1.9452, 26.2433, 0.5727],
      [6.4188, 0.7402, 0.8415, 23.0846, 30.9515, 50.5636, 47.6871, 57.2794, 61.6024, 3.8868, 35.125, 19.1318, 21.0182, 17.2563, 31.4664, 31.8844, 1.4135, 19.2087, 60.4901, 18.0448, 25.6832, 17.9154, 47.4839, 37.2385, 18.1069, 24.2375, 18.8251, 50.6979, 4.1375, 52.5221, 9.537, 95.356, 6.2877],
      [0.8778, 0.1509, 0.405, 1.7808, 4.1654, 3.8086, 3.9786, 4.1456, 3.8361, 1.2071, 3.5026, 2.0004, 1.5292, 3.6459, 3.385, 4.4605, 0.2215, 1.9903, 5.5037, 1.5105, 1.8203, 1.3218, 2.4513, 3.0165, 1.2775, 1.3113, 0.9801, 2.6533, 1.309, 3.9928, 0.6668, 14.4543, 0.3578]
    ],
    [
      [0.2587, 0.0366, 0.031, 0.7107, 0.5951, 0.5006, 0.4685, 0.4029, 0.4386, 0.0307, 0.4478, 0.4694, 0.5717, 1.0558, 1.033, 0.997, 0.0116, 0.608, 0.5884, 0.174, 0.3813, 0.2148, 0.6796, 0.6044, 0.1378, 0.2357, 0.1381, 0.2679, 0.1958, 0.2661, 0.3312, 2.917, 0.3537],
      [0.099, 0.006, 0.0161, 0.2813, 0.3547, 0.4337, 0.2988, 0.3618, 0.4473, 0.0205, 0.2911, 0.2467, 0.2452, 0.1922, 0.4156, 0.2522, 0.0524, 0.2118, 0.3913, 0.1715, 0.2735, 0.254, 0.5738, 0.3631, 0.0612, 0.2885, 0.0682, 0.2918, 0.0314, 0.2542, 0.1051, 0.6447, 0.3551],
      [11.4547, 1.2516, 0.7018, 27.4972, 21.6716, 24.0825, 20.5774, 20.4681, 21.9788, 1.3907, 13.7839, 15.558, 24.2836, 27.8867, 40.0361, 30.849, 1.0799, 18.5051, 25.2223, 8.3916, 15.2796, 8.6256, 24.8412, 16.2711, 4.8994, 8.506, 4.2818, 11.2564, 17.2087, 17.7995, 7.1959, 61.2658, 11.5617],
      [0.153, 0.0299, 0.0085, 0.4374, 0.5647, 0.9591, 0.6771, 0.6838, 1.1371, 0.0389, 0.5844, 0.4156, 0.4443, 0.2109, 0.707, 0.4465, 0.0554, 0.2598, 0.5741, 0.3381, 0.6058, 0.2972, 0.8801, 0.6581, 0.0994, 0.5204, 0.1273, 0.6109, 0.8104, 0.5083, 0.338, 0.9616, 0.5723],
      [5.0346, 0.6759, 1.2425, 18.0735, 19.814, 21.0242, 13.9782, 14.0834, 18.9983, 2.5191, 12.8928, 10.3103, 9.4552, 21.6545, 21.8083, 22.4552, 0.8007, 10.4153, 20.2239, 5.9248, 12.4599, 6.6084, 19.0254, 13.1034, 3.8022, 7.4494, 3.3846, 9.5731, 26.7536, 12.1719, 4.0298, 56.211, 5.1572]
    ]
  ],
  "V_est": [
    [0.651, 3556.0517, 10.4718, 3029.9455, 0.88],
    [1267.5846, 197.4134, 628.485, 17.5955, 6.9215],
    [531.3784, 901.6868, 6434.1725, 585.2269, 758.5354],
    [2.158, 1525.363, 23.3267, 7746.4294, 107.723],
    [1.3508, 257.7973, 98.7805, 1221.9641, 393.1074],
    [11.724, 612.3341, 183.1005, 946.1234, 87.7181],
    [16.1532, 8.3538, 565.6631, 15.7152, 431.1147]
  ],
  "p_est": [
    [0.0001, 0.539, 0.0016, 0.4592, 0.0001],
    [0.5985, 0.0932, 0.2967, 0.0083, 0.0033],
    [0.0577, 0.0979, 0.6985, 0.0635, 0.0824],
    [0.0002, 0.1622, 0.0025, 0.8237, 0.0115],
    [0.0007, 0.1307, 0.0501, 0.6193, 0.1992],
    [0.0064, 0.3326, 0.0995, 0.5139, 0.0476],
    [0.0156, 0.0081, 0.5455, 0.0152, 0.4157]
  ],
  "EI_Z": {},
  "EI_V": 10.0677,
  "MAE_Z": {},
  "MAE_V": 185.1474,
  "MAE_p": 0.0653,
  "runtime": 0.259
}
