{
  "Z_true": {},
  "V_true": [
    [545, 33, 23, 47, 301, 323, 50],
    [10, 9, 460, 7, 32, 370, 43],
    [91, 146, 470, 184, 400, 12666, 468],
    [227, 91, 57, 180, 1965, 553, 150],
    [57, 42, 60, 1381, 233, 756, 97],
    [25, 638, 24, 36, 198, 438, 71],
    [37, 35, 99, 46, 144, 715, 715]
  ],
  "p_true": [
    [0.4123, 0.025, 0.0174, 0.0356, 0.2277, 0.2443, 0.0378],
    [0.0107, 0.0097, 0.4941, 0.0075, 0.0344, 0.3974, 0.0462],
    [0.0063, 0.0101, 0.0326, 0.0128, 0.0277, 0.8781, 0.0324],
    [0.0704, 0.0282, 0.0177, 0.0558, 0.6097, 0.1716, 0.0465],
    [0.0217, 0.016, 0.0228, 0.5259, 0.0887, 0.2879, 0.0369],
    [0.0175, 0.4462, 0.0168, 0.0252, 0.1385, 0.3063, 0.0497],
    [0.0207, 0.0195, 0.0553, 0.0257, 0.0804, 0.3992, 0.3992]
  ],
  "Z_est": [
    [
      [11.7746, 17.2816, 0.4828, 118.828, 52.4597, 14.4664, 17.847, 94.0575, 10.8944, 8.6375, 7.2206, 11.2707, 10.255, 9.8748, 61.8433, 10.2668, 23.7791, 4.6142, 20.397, 3.6466, 5.4734, 1.6833, 4.9646, 2.6077, 15.0282, 13.5564, 11.7682, 3.4637, 11.4202, 33.2498, 0.7315, 0, 17.4594, 3.8081, 70.5282, 1.6206],
      [0.6831, 0.9949, 0.062, 6.2699, 2.3251, 1.3068, 1.3863, 6.0677, 1.0222, 0.7416, 0.6827, 0.6934, 1.1077, 0.2338, 4.6569, 0.6288, 0.9309, 0.4636, 1.1069, 0.2427, 0.3864, 0.3559, 1.2302, 0.5205, 1.4224, 0.7525, 1.3958, 1.1581, 0.9252, 2.483, 0.1743, 0, 1.2221, 0.2668, 3.4382, 0.0166],
      [0.0004, 0.0015, 0, 0.033, 0.006, 0.0047, 0.0077, 0, 0.0075, 0.0023, 0.0035, 0, 0.0067, 0, 0.0303, 0.0025, 0.0078, 0.0022, 0.0051, 0.0014, 0.0017, 0.0034, 0.009, 0.002, 0.0042, 0.0044, 0, 0.0064, 0.004, 0.0152, 0.0005, 0, 0.0001, 0.1193, 0.018, 0.0001],
      [1.4474, 0.6911, 0.0351, 6.1786, 3.1989, 0.9761, 1.8293, 10.4536, 2.1542, 0.9856, 0.5678, 1.2669, 1.7425, 0.3897, 6.4451, 0.8005, 1.4688, 0.4553, 1.181, 0.6427, 0.5442, 0.448, 2.824, 1.1074, 1.3592, 1.1336, 1.2362, 1.1214, 0.9251, 3.4923, 0.1204, 0, 1.6704, 0.3749, 4.3297, 0.0104],
      [6.7223, 5.4755, 0.4022, 64.8322, 24.3482, 6.9102, 10.9137, 83.8079, 15.7379, 6.0059, 5.1221, 11.138, 5.9014, 2.3435, 42.7784, 6.6017, 10.6228, 7.3264, 9.7475, 3.3492, 2.451, 4.0194, 6.9117, 4.1826, 11.4945, 5.922, 10.9967, 7.3364, 8.2477, 20.7882, 1.912, 0, 13.8559, 2.3466, 39.4828, 0.3379],
      [0.3327, 0.4776, 0.0122, 3.2811, 1.3134, 0.2271, 0.8444, 1.8931, 1.0547, 0.5638, 0.3606, 0.5785, 0.781, 0.069, 4.3297, 0.6068, 0.9907, 0.0946, 0.4453, 0.0825, 0.1039, 0.4203, 0.8919, 0.5273, 0.561, 0.5196, 0.3664, 0.7925, 0.3853, 1.7864, 0.0393, 0, 0.6842, 0.0054, 1.6707, 0.0112],
      [0.0394, 0.0778, 0.0057, 0.5772, 0.3488, 0.1086, 0.1717, 0.7202, 0.129, 0.0633, 0.0428, 0.0526, 0.2056, 0.0891, 0.9162, 0.093, 0.2, 0.0437, 0.1172, 0.035, 0.0394, 0.0698, 0.1687, 0.0525, 0.1305, 0.1115, 0.2365, 0.1215, 0.0925, 0.1851, 0.022, 0, 0.1079, 0.0788, 0.5325, 0.0032]
    ],
    [
      [0.1167, 0.1004, 0.0367, 0.9862, 0.4586, 0.2623, 0.2678, 0.6423, 0.1033, 0.1289, 0.127, 0.1009, 0.1222, 0.5153, 0.306, 0.1543, 0.3628, 0.1233, 0.3151, 0.1542, 0.2594, 0.0097, 0.045, 0.0217, 0.3176, 0.2805, 0.0207, 0.0173, 0.1608, 0.4303, 0.0282, 0, 0.307, 0.0779, 1.6112, 0.1112],
      [0.3173, 0.2701, 0.2508, 2.198, 0.8744, 1.035, 0.9247, 1.7069, 0.4379, 0.4887, 0.5748, 0.2566, 0.591, 0.5472, 0.9826, 0.4182, 0.6155, 0.5731, 0.7625, 0.4461, 0.8007, 0.0927, 0.5652, 0.2029, 1.2753, 0.6954, 0.0882, 0.5192, 0.5695, 1.423, 0.2895, 0.0428, 0.8858, 0.554, 3.4151, 0.059],
      [1.9532, 1.3797, 1.0184, 19.1907, 7.1253, 8.4287, 12.431, 16.8083, 6.2132, 3.9257, 5.8472, 1.4431, 8.2933, 4.0085, 13.9582, 4.1186, 11.4107, 6.1505, 7.4598, 6.7277, 9.7442, 1.6586, 9.1483, 2.1616, 10.0965, 9.1291, 0.4441, 7.1972, 3.9365, 20.5576, 2.6279, 0, 5.5597, 3.1273, 37.5812, 1.5629],
      [0.8751, 0.2433, 0.1772, 2.7597, 1.5417, 1.5179, 1.522, 3.8622, 1.1387, 0.8406, 0.5842, 0.6162, 1.1915, 1.2205, 1.7133, 0.687, 1.2438, 0.7046, 1.0226, 1.5721, 1.4877, 0.162, 1.6006, 0.5665, 1.5875, 1.3366, 0.1101, 0.6887, 0.739, 2.4492, 0.269, 0.4139, 1.6123, 0.4237, 5.3691, 0.0205],
      [0.2182, 0.1206, 0.6941, 1.9655, 0.7474, 0.4663, 0.6049, 2.2228, 0.5418, 0.3341, 0.3489, 0.3515, 0.2592, 0.4749, 0.7629, 0.3678, 0.5933, 0.7845, 0.5611, 1.0887, 1.2684, 0.0862, 0.2522, 0.1372, 0.8892, 0.4556, 0.9544, 0.2993, 0.4439, 0.9779, 0.7405, 0.5457, 0.8859, 0.1845, 3.2456, 0.3312],
      [3.7315, 3.1221, 3.9432, 30.4097, 13.3193, 11.9689, 17.0867, 33.0385, 9.5492, 8.7189, 7.1835, 4.4091, 12.4422, 10.2491, 21.0721, 8.9939, 17.9432, 7.6635, 10.9228, 11.3465, 16.0047, 2.2481, 12.5576, 5.1377, 20.4675, 14.3216, 0.8876, 10.1074, 6.0566, 27.9877, 4.5001, 0.4531, 14.7738, 0.9973, 49.8875, 3.4351],
      [0.7881, 0.7638, 0.8796, 7.4902, 4.9334, 3.3209, 4.1629, 7.719, 2.0158, 1.5631, 1.3344, 0.8225, 4.1007, 3.9845, 7.205, 2.2601, 4.8308, 2.0005, 2.956, 2.6647, 3.4349, 0.7426, 2.831, 0.7724, 4.3664, 3.7813, 0.495, 2.1708, 2.0937, 4.1744, 1.5448, 0.5445, 2.9756, 0.6354, 19.8902, 1.4801]
    ],
    [
      [0.0526, 0.0246, 0.0007, 0, 0.0201, 0.1744, 0.0847, 0.0697, 0.0038, 0.0627, 0.0736, 0.0067, 0.1164, 0.0087, 0.075, 0.0602, 0.0102, 0.0012, 0.0099, 0.0718, 0.125, 0.0002, 0.0006, 0.0003, 0.042, 0.0545, 0.0224, 0.0005, 0.0714, 0.1754, 0.0006, 0, 0.0943, 0.0016, 0.0322, 0.0045],
      [0.7572, 2.2781, 1.7966, 9.2481, 5.8679, 4.7249, 3.9108, 6.5346, 3.3311, 3.7183, 2.2022, 1.3057, 3.2278, 1.2906, 4.8065, 3.0352, 1.7091, 2.5264, 4.8657, 3.2863, 3.8799, 0.4609, 1.7049, 1.0132, 5.0967, 2.956, 0.3677, 2.2212, 2.6909, 4.9764, 3.4609, 0.2648, 3.1705, 1.7547, 14.5049, 0.0419],
      [2.1843, 3.6261, 0.9237, 36.7021, 17.0648, 19.7278, 23.9648, 28.8464, 19.0222, 9.1918, 10.9629, 1.6032, 16.6424, 4.1644, 31.0206, 10.0766, 19.1881, 12.178, 18.3988, 16.4789, 18.8841, 5.7648, 15.7766, 4.3695, 17.5349, 16.4697, 0.3967, 16.1875, 8.1866, 36.7391, 9.0053, 0, 6.8608, 168.5383, 69.8489, 1.3278],
      [0.3176, 0.587, 0.2715, 2.6122, 2.819, 2.0254, 1.7251, 4.0465, 2.6565, 1.6359, 0.7064, 1.0029, 1.5341, 0.9551, 2.3404, 1.2549, 1.2032, 0.814, 1.7654, 2.8244, 1.8664, 0.4382, 0.6102, 0.7027, 1.6262, 1.4407, 0.1667, 1.1132, 1.032, 2.4999, 0.8519, 0.2277, 1.5855, 2.7518, 6.1919, 0.0067],
      [3.3569, 6.8141, 13.2776, 52.9748, 34.2745, 16.3283, 15.8456, 49.8156, 31.1005, 15.3242, 9.2406, 10.7308, 7.3027, 7.9945, 23.4849, 16.6407, 12.4498, 19.1506, 23.2877, 28.3996, 16.6988, 5.6253, 5.6682, 4.7956, 22.4569, 11.3765, 1.7928, 10.7818, 13.469, 21.5296, 25.298, 5.0785, 18.238, 5.6246, 89.8362, 1.6483],
      [45.5535, 172.8601, 222.1208, 743.7125, 551.4981, 380.8651, 401.4889, 738.5907, 493.3368, 377.5396, 164.7378, 124.1079, 356.3603, 166.1938, 575.135, 385.3633, 343.8532, 184.4088, 402.6242, 481.8569, 448.8665, 126.0056, 263.2518, 170.2062, 472.1271, 333.9221, 43.6574, 316.465, 169.4769, 545.3787, 386.2242, 101.7479, 285.8354, 5.0986, 1234.3177, 36.2021],
      [1.7779, 7.8101, 8.6091, 36.7503, 38.4556, 21.1541, 19.9801, 34.0964, 19.549, 12.5275, 6.0765, 4.2428, 23.8163, 11.3929, 38.1375, 18.5691, 18.5864, 9.921, 22.0482, 22.082, 18.6792, 7.705, 11.9878, 4.9125, 20.1162, 17.7807, 2.5962, 14.2308, 12.0733, 14.7008, 21.1591, 6.6811, 11.2156, 4.2304, 95.2683, 2.7688]
    ],
    [
      [3.7562, 3.1538, 0.3662, 42.5539, 17.8524, 8.123, 8.0481, 21.0485, 2.6767, 2.8162, 2.2921, 5.7175, 2.3066, 3.5974, 22.768, 2.9249, 10.5067, 1.8846, 8.2699, 1.8869, 3.4234, 0.2885, 0.8688, 0.3344, 6.517, 5.5884, 1.0533, 0.486, 3.9705, 11.9457, 0.1775, 0, 7.2437, 1.3193, 27.5927, 2.1712],
      [4.3707, 3.7805, 1.0308, 43.9548, 15.9753, 14.6602, 12.3988, 26.4003, 6.124, 4.9339, 4.5009, 7.0829, 5.1276, 1.7719, 33.3913, 3.6253, 8.1829, 3.9259, 9.0483, 2.5729, 4.808, 2.7175, 7.7996, 2.6245, 12.2086, 6.2717, 2.5352, 6.6184, 6.5151, 17.5288, 2.3853, 1.5402, 10.0087, 2.641, 26.4203, 0.5046],
      [0.2467, 0.1361, 0.0069, 3.6258, 1.028, 1.0964, 1.6598, 2.2977, 0.7095, 0.2972, 0.4603, 0.1107, 0.6152, 0.1049, 4.6289, 0.2771, 1.5209, 0.4167, 0.7808, 0.2979, 0.5161, 0.3912, 1.1916, 0.1932, 0.8539, 0.7695, 0.0295, 0.7999, 0.3926, 2.7781, 0.1405, 0, 0.428, 3.5135, 2.8067, 0.1431],
      [4.726, 1.3312, 0.3202, 21.9983, 11.0813, 7.1349, 8.346, 23.488, 6.1308, 3.3288, 1.8885, 6.6076, 4.0996, 1.5354, 23.4293, 2.3578, 6.5794, 1.973, 4.9114, 3.5117, 3.5886, 1.7686, 8.5115, 2.6167, 5.9735, 4.8351, 1.1675, 3.4273, 3.3051, 12.5188, 0.7827, 2.3771, 7.0056, 1.9377, 16.9234, 0.07],
      [26.6391, 12.6673, 8.8834, 278.4246, 101.4822, 47.6138, 59.9775, 225.1873, 54.0783, 24.4483, 20.5685, 69.6609, 16.6735, 11.1018, 187.9979, 23.3346, 57.3036, 38.2255, 48.7671, 24.928, 24.7799, 19.091, 25.0753, 11.8236, 60.6945, 30.3648, 13.5143, 26.8942, 35.4594, 90.0212, 17.6415, 16.8019, 69.785, 14.3965, 185.853, 10.2842],
      [2.03, 1.6928, 0.8931, 23.6352, 10.0016, 6.8401, 8.8956, 22.4657, 5.1296, 3.3219, 2.0419, 5.2795, 4.0373, 0.689, 27.8977, 2.1784, 9.3548, 1.9465, 5.0455, 2.0544, 3.4293, 2.4571, 6.2286, 2.3349, 7.7907, 5.1346, 3.0782, 4.6362, 2.5667, 14.0055, 1.5712, 2.3611, 6.6053, 0.0573, 15.9005, 1.389],
      [1.2313, 1.2383, 0.4993, 17.8076, 10.5793, 5.5317, 6.6742, 14.1125, 3.1511, 1.8538, 1.2479, 2.5409, 4.1403, 1.1996, 28.887, 2.302, 7.5518, 1.6278, 4.177, 1.7483, 2.4547, 2.2862, 4.3246, 1.0727, 4.9619, 4.0359, 1.622, 3.138, 2.7907, 6.2018, 1.3012, 1.9196, 3.9238, 1.1348, 18.5034, 1.438]
    ],
    [
      [0.02, 0.0092, 0.0023, 0.1272, 0.0501, 0.0583, 0.0425, 0.0893, 0.0076, 0.013, 0.017, 0.2648, 0.008, 0.0217, 0.0644, 0.0302, 0.0465, 0.0098, 0.0367, 0.0104, 0.0242, 0.0013, 0.0022, 0.0013, 0.04, 0.0285, 0.0238, 0.0022, 0.0258, 0.0308, 0.0016, 0, 0.0453, 0.008, 0.1086, 0.0252],
      [0.9085, 1.6908, 0.8055, 12.8659, 5.5382, 8.9238, 6.2231, 12.816, 2.4668, 2.4036, 2.9303, 3.2307, 1.8873, 1.8848, 11.2247, 3.6721, 4.093, 3.6229, 4.3489, 1.4506, 3.2774, 1.087, 2.12, 1.1136, 7.4153, 3.1335, 0.8211, 2.7108, 3.7641, 11.6878, 0.9466, 0.6578, 5.7099, 1.0172, 11.5947, 0.195],
      [0.3002, 0.4553, 0.0074, 6.8024, 2.5907, 4.452, 5.3151, 7.0282, 2.1843, 1.0251, 2.0098, 0.5097, 1.4825, 0.7226, 9.5786, 2.0472, 4.5036, 2.5273, 2.6426, 1.0942, 2.3556, 1.3003, 2.1949, 0.6155, 3.2999, 2.4886, 0.0282, 2.4973, 1.4849, 10.8229, 0.3319, 0, 1.7793, 2.0493, 8.0669, 0.4725],
      [14.4937, 8.5416, 3.0686, 89.6078, 54.1235, 60.6819, 58.1536, 156.7079, 36.6838, 22.7528, 17.4805, 41.2354, 21.2322, 23.0676, 108.6123, 33.3644, 45.8927, 25.8301, 33.1015, 27.7663, 34.0961, 11.6023, 35.2175, 17.3529, 50.3548, 33.8058, 4.7495, 21.4969, 26.9998, 114.9696, 4.59, 10.7253, 55.4158, 10.3869, 102.7442, 0.8696],
      [0.3832, 0.3483, 0.3578, 5.3067, 2.2522, 1.8465, 1.8814, 6.8084, 1.4377, 0.74, 0.8485, 1.8778, 0.3693, 0.7442, 3.9194, 1.4936, 1.7882, 2.1582, 1.4897, 0.8729, 1.0583, 0.5472, 0.4514, 0.3364, 2.3473, 0.9452, 0.2892, 0.7585, 1.2828, 3.6717, 0.4684, 0.3605, 2.4849, 0.3282, 5.15, 0.2253],
      [3.8774, 6.9118, 3.7365, 61.8826, 30.172, 35.7589, 39.1163, 85.0305, 18.1248, 14.0042, 12.6555, 18.8367, 11.9214, 13.4291, 81.9859, 29.1985, 40.3778, 16.7242, 21.2242, 9.7469, 23.0601, 10.3722, 16.9017, 9.5461, 41.3049, 22.4338, 5.0367, 18.4213, 13.3131, 75.6723, 2.6416, 6.1932, 32.4034, 2.1962, 57.783, 4.158],
      [0.017, 0.043, 0.0218, 0.4074, 0.2733, 0.2787, 0.2681, 0.5196, 0.095, 0.0613, 0.0584, 0.0448, 0.0993, 0.1301, 0.6147, 0.194, 0.298, 0.1276, 0.1564, 0.0587, 0.1283, 0.0897, 0.1123, 0.0342, 0.2378, 0.1647, 0.0515, 0.113, 0.1296, 0.1449, 0.0198, 0.0633, 0.1613, 0.0142, 0.5525, 0.0544]
    ],
    [
      [0.2658, 0.4185, 0.0322, 3.4083, 2.1132, 0.8798, 0.6852, 2.043, 0.3014, 0.321, 0.2572, 0.6253, 0.1806, 0.9569, 1.8806, 0.5424, 1.2622, 0.3573, 0.9212, 0.2092, 0.6619, 0.0161, 0.1175, 0.0332, 1.0332, 0.4703, 0.0978, 0.0283, 0.3366, 1.1242, 0.0589, 0, 0.8223, 0, 2.9961, 0.0648],
      [2.9004, 4.8583, 0.9455, 32.6551, 17.0312, 14.8458, 9.8374, 23.9515, 5.3387, 5.402, 4.9151, 7.3179, 3.8634, 6.0723, 26.3496, 6.3933, 9.2653, 6.6991, 9.3511, 2.7537, 8.4584, 2.2281, 5.4658, 4.4327, 18.2181, 4.982, 3.7389, 5.5711, 5.3389, 15.3706, 2.5813, 0.3748, 10.6805, 0, 26.5327, 0.1713],
      [0.0158, 0.0237, 0.0024, 0.3063, 0.1442, 0.132, 0.1518, 0.2215, 0.0883, 0.0417, 0.0585, 0.0027, 0.0543, 0.0233, 0.3968, 0.0632, 0.1782, 0.0857, 0.1035, 0.0354, 0.1124, 0.0496, 0.1075, 0.0428, 0.1381, 0.0691, 0, 0.0919, 0.0362, 0.2636, 0.0208, 0, 0.0415, 0, 0.3359, 0.0031],
      [1.0378, 0.544, 0.0954, 5.291, 3.8664, 2.3096, 2.1271, 6.8022, 1.8221, 1.1676, 0.657, 2.1064, 0.9862, 1.6054, 5.8577, 1.3323, 2.3709, 1.0897, 1.6368, 1.2055, 2.024, 0.5156, 2.0643, 1.514, 2.8575, 1.2277, 0.5359, 0.9916, 0.8584, 3.5401, 0.3011, 0.1673, 2.4005, 0, 5.4784, 0.0191],
      [0.5546, 0.4767, 0.2394, 6.2359, 3.3198, 1.4394, 1.4209, 6.102, 1.469, 0.7901, 0.6592, 1.9106, 0.3642, 1.0652, 4.1468, 1.2228, 1.8938, 1.9368, 1.5103, 0.7876, 1.2939, 0.5096, 0.5574, 0.6201, 2.699, 0.7092, 0.3437, 0.7175, 0.8442, 2.3764, 0.627, 0.0911, 2.2295, 0, 5.6044, 0.0794],
      [5.8919, 10.0432, 1.4877, 73.7727, 44.9258, 28.1563, 29.6585, 75.7644, 18.8074, 15.4646, 9.9116, 19.9541, 11.3047, 18.3943, 89.2217, 23.8104, 42.6196, 14.7087, 21.7412, 8.2421, 28.7156, 9.8462, 20.3813, 17.5793, 47.0927, 16.2587, 10.3269, 17.4626, 8.6756, 50.1551, 5.7635, 1.1745, 29.1446, 0, 63.5995, 1.4922],
      [0.3338, 0.6357, 0.1975, 5.3307, 4.5993, 2.2371, 2.1191, 5.1154, 1.173, 0.8131, 0.5413, 1.0831, 1.2466, 1.8827, 9.1468, 1.6357, 3.41, 1.1226, 1.7359, 0.7665, 1.7338, 0.8348, 1.3063, 0.778, 2.9614, 1.2831, 0.9567, 1.1371, 0.9101, 2.17, 0.6473, 0.1923, 1.6811, 0, 7.4529, 0.1702]
    ],
    [
      [0.0141, 0.0119, 0.079, 0.0965, 0.0458, 0.0358, 0.0247, 0.0496, 0.0128, 0.0208, 0.0125, 0.0141, 0.0112, 0.0253, 0.0627, 0.0213, 0.0325, 0.0097, 0.0502, 0.0209, 0.0327, 0.0009, 0.0013, 0.0014, 0.0221, 0.0216, 0.0137, 0.0021, 0.0148, 0.0439, 0.0016, 0, 0.028, 0.7851, 0.1309, 0.0026],
      [0.0628, 0.1273, 0.1089, 0.8083, 0.388, 0.5036, 0.3188, 0.523, 0.2792, 0.3119, 0.194, 0.1127, 0.1953, 0.1993, 0.5883, 0.2272, 0.2034, 0.189, 0.5165, 0.2477, 0.3892, 0.0579, 0.1143, 0.0926, 0.3636, 0.2088, 0.053, 0.2012, 0.1963, 0.5304, 0.1621, 0.1196, 0.3225, 0.7663, 1.094, 0.0117],
      [0.2995, 0.3776, 0.0412, 5.3397, 2.0411, 3.1584, 3.4699, 3.7978, 2.7749, 1.5163, 1.6578, 0.3305, 1.9056, 0.9763, 6.3865, 1.4149, 3.1906, 1.6395, 3.6094, 2.3646, 3.3859, 0.8322, 1.5721, 0.6154, 2.0724, 2.0696, 0.1015, 2.2197, 0.9591, 6.8236, 0.8729, 0, 1.3306, 7.6524, 9.3424, 0.4905],
      [0.1025, 0.0619, 0.0319, 0.5524, 0.3692, 0.3543, 0.2969, 0.6396, 0.414, 0.2885, 0.1156, 0.1645, 0.2139, 0.2263, 0.6019, 0.203, 0.2412, 0.1333, 0.3813, 0.4773, 0.393, 0.0654, 0.1721, 0.1399, 0.2413, 0.2207, 0.0341, 0.161, 0.1406, 0.53, 0.0849, 0.0887, 0.31, 0.125, 0.9632, 0.0038],
      [0.1257, 0.0976, 0.1455, 1.2603, 0.5757, 0.3955, 0.3559, 1.0559, 0.6348, 0.3574, 0.2123, 0.3305, 0.1297, 0.276, 0.9097, 0.3388, 0.3485, 0.4179, 0.6366, 0.574, 0.4497, 0.1212, 0.0838, 0.1045, 0.4185, 0.2268, 0.1089, 0.2122, 0.2531, 0.635, 0.3126, 0.1223, 0.5208, 0.1197, 1.8281, 0.0937],
      [4.583, 9.8924, 9.8065, 68.3062, 37.7697, 37.1836, 35.9098, 62.2172, 39.9975, 35.3871, 15.1092, 11.8342, 24.1532, 22.9757, 76.3579, 31.8486, 37.8607, 15.4537, 44.9968, 39.6707, 48.8199, 10.6504, 15.7871, 14.6686, 35.6562, 26.4096, 5.6469, 25.115, 12.5259, 64.0142, 19.2602, 9.0702, 32.5533, 3.6451, 99.8412, 8.3125],
      [1.8125, 4.4313, 3.787, 33.6367, 26.8104, 20.3689, 17.624, 28.717, 15.887, 12.1179, 5.6986, 4.2133, 16.3913, 16.3211, 51.0928, 14.9461, 20.123, 8.1569, 24.8092, 17.6449, 20.5297, 6.2719, 7.2694, 4.3777, 15.2258, 13.8429, 3.042, 11.0888, 8.9102, 19.423, 10.3058, 5.5993, 12.9348, 4.9064, 78.8003, 7.0852]
    ]
  ],
  "V_est": [
    [707.2611, 47.3551, 0.3108, 63.6074, 470.3724, 27.1039, 5.9894],
    [9.0829, 25.7494, 272.4246, 43.8706, 25.2062, 436.9374, 117.7289],
    [1.5525, 118.9885, 697.8586, 56.2091, 657.7121, 12250.9905, 641.6886],
    [245.5297, 325.9868, 35.2646, 221.5884, 1990.4434, 224.9764, 179.2107],
    [1.2978, 150.2396, 97.0669, 1417.7751, 57.6293, 896.1528, 5.8385],
    [25.5221, 314.8918, 3.4418, 68.4068, 56.8475, 891.5491, 69.3409],
    [1.7538, 10.7889, 86.6326, 9.5427, 14.7891, 1093.29, 574.2029]
  ],
  "p_est": [
    [0.535, 0.0358, 0.0002, 0.0481, 0.3558, 0.0205, 0.0045],
    [0.0098, 0.0277, 0.2926, 0.0471, 0.0271, 0.4693, 0.1265],
    [0.0001, 0.0082, 0.0484, 0.0039, 0.0456, 0.8493, 0.0445],
    [0.0762, 0.1011, 0.0109, 0.0688, 0.6176, 0.0698, 0.0556],
    [0.0005, 0.0572, 0.037, 0.5399, 0.0219, 0.3413, 0.0022],
    [0.0178, 0.2202, 0.0024, 0.0478, 0.0398, 0.6235, 0.0485],
    [0.001, 0.006, 0.0484, 0.0053, 0.0083, 0.6104, 0.3206]
  ],
  "EI_Z": {},
  "EI_V": 10.6956,
  "MAE_Z": {},
  "MAE_V": 112.4042,
  "MAE_p": 0.0536,
  "runtime": 0.481
}
