{
  "X": [
    [16, 10, 5, 23, 38, 66, 6],
    [21, 14, 6, 12, 26, 205, 15],
    [1, 5, 2, 4, 24, 242, 14],
    [166, 108, 72, 129, 411, 1005, 102],
    [73, 48, 30, 77, 167, 689, 86],
    [24, 46, 37, 75, 75, 501, 53],
    [27, 35, 47, 74, 91, 533, 51],
    [118, 78, 59, 206, 375, 1019, 91],
    [14, 19, 31, 51, 105, 586, 42],
    [12, 18, 16, 31, 48, 455, 29],
    [10, 16, 21, 22, 37, 212, 15],
    [18, 20, 4, 53, 96, 185, 13],
    [13, 16, 29, 31, 31, 421, 50],
    [15, 12, 10, 29, 24, 232, 35],
    [87, 82, 66, 149, 264, 876, 136],
    [14, 18, 18, 40, 50, 482, 40],
    [36, 25, 40, 59, 85, 493, 55],
    [7, 18, 23, 31, 70, 241, 23],
    [30, 30, 33, 44, 86, 507, 56],
    [6, 11, 27, 38, 60, 553, 45],
    [10, 22, 35, 44, 48, 569, 47],
    [2, 7, 10, 15, 30, 162, 18],
    [6, 19, 30, 51, 39, 336, 28],
    [3, 10, 8, 24, 22, 220, 12],
    [23, 46, 34, 64, 101, 625, 48],
    [20, 19, 31, 44, 50, 419, 41],
    [13, 9, 1, 8, 28, 69, 9],
    [4, 19, 29, 29, 47, 393, 32],
    [16, 20, 15, 34, 60, 213, 27],
    [47, 54, 78, 140, 140, 779, 47],
    [1, 10, 13, 7, 47, 420, 35],
    [0, 3, 0, 14, 23, 121, 15],
    [26, 32, 16, 70, 108, 402, 33],
    [6, 7, 185, 16, 23, 12, 11],
    [103, 87, 128, 142, 331, 1523, 221],
    [4, 1, 4, 1, 13, 55, 13]
  ],
  "W": [
    [21, 8, 54, 43, 20, 11, 7],
    [25, 6, 194, 24, 18, 17, 15],
    [1, 7, 247, 12, 8, 3, 14],
    [200, 65, 882, 432, 177, 127, 110],
    [84, 29, 650, 168, 95, 76, 68],
    [24, 27, 445, 91, 112, 50, 62],
    [33, 37, 467, 106, 111, 46, 58],
    [197, 66, 862, 335, 269, 120, 97],
    [31, 20, 569, 78, 61, 29, 60],
    [17, 16, 420, 41, 41, 24, 50],
    [14, 16, 194, 33, 36, 17, 23],
    [25, 8, 143, 97, 66, 33, 17],
    [20, 27, 409, 37, 37, 18, 43],
    [13, 21, 192, 20, 40, 30, 41],
    [121, 46, 675, 329, 216, 137, 136],
    [19, 17, 435, 37, 70, 35, 49],
    [38, 37, 397, 101, 97, 61, 62],
    [13, 18, 229, 50, 51, 26, 26],
    [33, 24, 473, 81, 63, 37, 75],
    [8, 24, 555, 37, 41, 14, 61],
    [9, 33, 509, 43, 64, 43, 74],
    [7, 5, 146, 29, 25, 14, 18],
    [17, 27, 299, 54, 57, 30, 25],
    [9, 9, 186, 21, 29, 25, 20],
    [30, 39, 539, 99, 105, 75, 54],
    [22, 30, 384, 57, 63, 25, 43],
    [26, 3, 49, 23, 11, 16, 9],
    [14, 21, 361, 46, 46, 26, 39],
    [22, 14, 207, 55, 47, 17, 23],
    [62, 58, 626, 155, 217, 75, 92],
    [3, 10, 446, 24, 9, 10, 31],
    [0, 2, 114, 25, 18, 2, 15],
    [35, 27, 327, 105, 98, 47, 48],
    [7, 6, 188, 25, 16, 0, 18],
    [120, 121, 1510, 294, 186, 112, 192],
    [2, 7, 42, 16, 6, 2, 16]
  ],
  "method": "mvn_cdf",
  "mvncdf_method": "genz",
  "mvncdf_samples": 5000,
  "mvncdf_error": 0.001,
  "cond_prob": [
    [
      [0.56069751088, 0.032530437268, 1.898701891e-05, 0.068924447291, 0.32010828699, 0.015842090386, 0.0018782401672],
      [0.014586142904, 0.03965786735, 0.24414566647, 0.10938219524, 0.027278864515, 0.46644053046, 0.098508733069],
      [0.00097329224433, 0.014021782607, 0.040450727369, 0.0058818516285, 0.062164991775, 0.84358322967, 0.032924124703],
      [0.087352794719, 0.1016436512, 0.0057366588233, 0.10990769585, 0.61951471756, 0.047209168848, 0.028635313003],
      [0.0010023136801, 0.045427332108, 0.015007571131, 0.72468253771, 0.01916195027, 0.19387016609, 0.0008481290096],
      [0.024163537048, 0.26367507174, 0.0014324625772, 0.094342734327, 0.050413949312, 0.53562979267, 0.030342452322],
      [0.0020128561423, 0.0089674549953, 0.042787403229, 0.014636757673, 0.017951456923, 0.65471030774, 0.2589337633]
    ],
    [
      [0.69126403122, 0.039796037756, 6.0233499698e-05, 0.027644475989, 0.21901873993, 0.019105509273, 0.0031109723313],
      [0.01673035286, 0.045017583405, 0.22994831754, 0.040549099419, 0.020103017543, 0.52035271688, 0.12729891235],
      [0.00012700907728, 0.011742725268, 0.018690999906, 0.0030255399371, 0.035124165932, 0.89103150816, 0.040258051723],
      [0.13140807164, 0.15752131178, 0.0056699392916, 0.055466272749, 0.52780340928, 0.070534214099, 0.051596781162],
      [0.00051368887757, 0.093932429453, 0.025296805938, 0.47453374853, 0.019347412394, 0.38398649702, 0.0023894177885],
      [0.024615348744, 0.28578241144, 0.0013938318535, 0.031998376051, 0.028040158067, 0.59077591307, 0.037393960773],
      [0.00079175290997, 0.0084872430857, 0.025175605609, 0.0041245562421, 0.0065071515136, 0.65949098516, 0.29542270548]
    ],
    [
      [0.48279147328, 0.061952784574, 4.8234302223e-05, 0.035101603281, 0.40220416095, 0.012208078046, 0.0056936655698],
      [0.0052432591162, 0.0358324893, 0.14549039572, 0.02531820836, 0.099151270941, 0.5633083354, 0.12565604116],
      [3.0093400156e-06, 0.0072735944555, 0.0037395076852, 0.0010991366931, 0.053755552402, 0.89927440648, 0.034854792946],
      [0.030520458368, 0.085897980419, 0.00057349652648, 0.026686786822, 0.74028700349, 0.074428216726, 0.041606057647],
      [0.00029305399917, 0.10068872597, 0.00092054698659, 0.38357765655, 0.044725337815, 0.46706670747, 0.002727971206],
      [0.010722883987, 0.3151526411, 0.00080112739061, 0.031796845771, 0.079806090299, 0.49589637651, 0.065824034947],
      [0.0056431301105, 0.0077784616935, 0.0029436343578, 0.0022807816704, 0.010389320267, 0.70046384172, 0.27050083018]
    ],
    [
      [0.59414011991, 0.031349376056, 0.00016513498777, 0.030893168343, 0.32416090098, 0.016405415801, 0.0028858839215],
      [0.015171809237, 0.033815638318, 0.29524171243, 0.04245709373, 0.030238821207, 0.46784161561, 0.11523330947],
      [0, 0.010485366322, 0.041612358091, 0.0029616579285, 0.060062138202, 0.84321145624, 0.041667023216],
      [0.098504282578, 0.10174716876, 0.0083930252897, 0.050921961651, 0.64450137798, 0.054710996489, 0.041221187246],
      [0.00071876056519, 0.072688508985, 0.038431696238, 0.50625854115, 0.029981495582, 0.34961943357, 0.0023015639099],
      [0.026836883479, 0.25712648352, 0.0024116522081, 0.041661743834, 0.049101721581, 0.58088726958, 0.0419742458],
      [0.00087685020034, 0.0073482618006, 0.048542589716, 0.0050216569315, 0.011456835316, 0.62096576326, 0.30578804277]
    ],
    [
      [0.62452081739, 0.027679368523, 7.0894703619e-05, 0.038081853422, 0.28985947634, 0.01563517669, 0.0041524129353],
      [0.015814334723, 0.030150800427, 0.24569987317, 0.053161123642, 0.02577102725, 0.45928703638, 0.1701158044],
      [3.0898849843e-05, 0.0090274768661, 0.026253580403, 0.004336847099, 0.052730014872, 0.84845866692, 0.059162514986],
      [0.10626416832, 0.095090931345, 0.0061189197887, 0.065960201992, 0.60406080751, 0.059533201569, 0.062971769475],
      [0.00052785167807, 0.058296664975, 0.027270062446, 0.56972147504, 0.023707235897, 0.31760013923, 0.0028765707328],
      [0.027805205759, 0.22409495239, 0.0018975163339, 0.050873834066, 0.043681805816, 0.59112957414, 0.060517111492],
      [0.0006739640564, 0.0057062330674, 0.030015817093, 0.0054299361837, 0.0084663855308, 0.55543748348, 0.39427018059]
    ],
    [
      [0.60276749077, 0.054451986614, 0.00019541475356, 0.040671536403, 0.28792567131, 0.0094608869499, 0.0045270132015],
      [0.0097162860964, 0.038333060685, 0.31217575767, 0.056217133421, 0.017269709147, 0.44329337003, 0.12299468295],
      [0.00039201002332, 0.010617759761, 0.044332204068, 0.0045513833987, 0.036692778744, 0.85587653314, 0.047537330867],
      [0.089263286034, 0.1611006137, 0.012047969335, 0.078405298817, 0.52322910115, 0.075165553316, 0.060788177657],
      [0.00052038149414, 0.079676581323, 0.039749588135, 0.54180243908, 0.016486251763, 0.31927631817, 0.0024884400331],
      [0.017595798509, 0.2969154348, 0.0026406298031, 0.046191791662, 0.028788622116, 0.56312658272, 0.044741140386],
      [0.00057684442879, 0.0081218047468, 0.050941664639, 0.0057146767564, 0.0063786402135, 0.5997357799, 0.32853058932]
    ],
    [
      [0.54081785178, 0.042010206389, 0.00023201035077, 0.055432490844, 0.33071870924, 0.025586759976, 0.0052019714216],
      [0.0072383169976, 0.024992618897, 0.33597415912, 0.041134686848, 0.016348962302, 0.4618015942, 0.11250966163],
      [0.00018138689322, 0.0083742274421, 0.051316483389, 0.0036940906474, 0.033930628145, 0.85971923494, 0.042783948542],
      [0.075925697855, 0.11697000824, 0.015658481878, 0.07873612123, 0.56582529608, 0.083920330492, 0.062964064221],
      [0.00038257153502, 0.056064307417, 0.04788343825, 0.52390610059, 0.016949536297, 0.35239884003, 0.0024152058738],
      [0.014895210826, 0.2138560597, 0.0032996206012, 0.046242319313, 0.030890196679, 0.64474986464, 0.046066728239],
      [0.00042614434999, 0.0054971436395, 0.059825150962, 0.0051181267565, 0.0061368738876, 0.61913405462, 0.30386250578]
    ],
    [
      [0.47744936658, 0.030800384227, 0, 0.053064120067, 0.42542091738, 0.009609439542, 0.0036557721978],
      [0.0097324538774, 0.025861805149, 0.25467121795, 0.058517666399, 0.033679273127, 0.50058269575, 0.11695488775],
      [8.0894236544e-05, 0.0075807736125, 0.033464524626, 0.0046943188842, 0.057790763923, 0.85683375528, 0.039554969441],
      [0.062831433129, 0.07880682242, 0.0068589110457, 0.070113449926, 0.67220075326, 0.067061867186, 0.042126763029],
      [0.00033202663475, 0.047643220524, 0.026127257899, 0.58255732805, 0.025310214407, 0.31609853441, 0.0019314180741],
      [0.01702489556, 0.19959582953, 0.0018456582294, 0.05668502015, 0.05085016221, 0.63136981265, 0.042628621679],
      [0.00051102335639, 0.0053918241112, 0.039152915722, 0.0065935061738, 0.010885456317, 0.64141419237, 0.29605108195]
    ],
    [
      [0.35143271374, 0.032974542447, 0.00024300428476, 0.069489943374, 0.50767438129, 0.034023389841, 0.0041620250223],
      [0.005165834299, 0.021897118264, 0.31066243096, 0.056934163703, 0.027088682242, 0.47745986636, 0.10079190417],
      [6.6724473104e-06, 0.0058543502068, 0.033430934696, 0.0046686395774, 0.054658251333, 0.86702431194, 0.034356839798],
      [0.034317049852, 0.078513157903, 0.0090955371013, 0.078600294394, 0.6933114379, 0.065763933539, 0.040398589311],
      [0.00012463088858, 0.040439726913, 0.035808878336, 0.60137332025, 0.023568618248, 0.29712713868, 0.0015576866835],
      [0.010392734659, 0.18409343891, 0.0030453651801, 0.06283057558, 0.050656601409, 0.64853196775, 0.040449316511],
      [0.00021251479785, 0.0046527027455, 0.046248455726, 0.0068998395307, 0.010579270274, 0.6666245792, 0.26478263772]
    ],
    [
      [0.50808776094, 0.043625104556, 0.00013267751992, 0.057978654393, 0.35328719298, 0.03316220492, 0.0037264046904],
      [0.008054580961, 0.030542636628, 0.24535598396, 0.052540339538, 0.020879501303, 0.54493325065, 0.097693706962],
      [0.00014927956826, 0.0088531558538, 0.02188514165, 0.0038950864452, 0.036486247001, 0.8989038006, 0.029827288877],
      [0.068686632091, 0.1203401754, 0.0072483722393, 0.081189759635, 0.59629878325, 0.081020867624, 0.045215409758],
      [0.00031643439044, 0.05862420137, 0.025003597173, 0.55494748452, 0.018049403835, 0.3415648223, 0.0014940564135],
      [0.013374935666, 0.22508171421, 0.0017362907917, 0.04865104664, 0.032920988686, 0.64435747044, 0.03387755356],
      [0.00041626336532, 0.0062372997813, 0.030325750418, 0.0057705801235, 0.0071488511835, 0.70774243349, 0.24235882164]
    ],
    [
      [0.51575512112, 0.04876309945, 0.00024928516612, 0.040554228557, 0.36586605827, 0.025755503219, 0.0030567042212],
      [0.0079403157772, 0.035923278721, 0.36544870822, 0.036514054364, 0.021805918068, 0.44896628781, 0.083401437042],
      [0.00037931525242, 0.01135172415, 0.056509670472, 0.0036410898947, 0.047631896409, 0.84916416306, 0.031322140763],
      [0.069457290695, 0.13638952863, 0.01394850049, 0.057228772414, 0.62328647956, 0.061874844013, 0.037814584197],
      [0.00047164949933, 0.08139795123, 0.055826879836, 0.48557069426, 0.02356875075, 0.3515405233, 0.0016235511308],
      [0.015131407427, 0.28912635663, 0.0034435017427, 0.038646397567, 0.038775424673, 0.58303292786, 0.031843984108],
      [0.00054313877303, 0.0084339526709, 0.072080299332, 0.0050244021424, 0.009229631297, 0.65692288052, 0.24776569527]
    ],
    [
      [0.45082604824, 0.027734012738, 0, 0.050674611509, 0.44551819207, 0.023141935527, 0.0021051999117],
      [0.012615528867, 0.032080878458, 0.18039088831, 0.077030040836, 0.043936529334, 0.55113249917, 0.10281363503],
      [4.659874151e-05, 0.0091307160922, 0.01121137855, 0.0070133604869, 0.075040686357, 0.86788721107, 0.029670048705],
      [0.058943290678, 0.0730200273, 0.0011409787952, 0.068119599035, 0.71815366784, 0.054427610816, 0.026194825539],
      [0.0040124984476, 0.048950503758, 0.0077232423615, 0.62477889024, 0.028450948168, 0.28540525334, 0.00067866369133],
      [0.018948288796, 0.22175413762, 8.1542091434e-05, 0.06383158596, 0.057895552442, 0.60466823399, 0.0328206591],
      [0.00083195996804, 0.0066322244146, 0.019443878407, 0.0096784492521, 0.01944195438, 0.69613198499, 0.24783954859]
    ],
    [
      [0.51275182882, 0.055384292126, 0.00033632622969, 0.087126656242, 0.29507151163, 0.039050112762, 0.010279272188],
      [0.0045246836664, 0.021888648296, 0.30715815469, 0.044128825136, 0.0096000376239, 0.46082276728, 0.1518768833],
      [0.00028470232428, 0.007891922389, 0.040690424522, 0.0037508924327, 0.017854902983, 0.87129659908, 0.058230556273],
      [0.062340701112, 0.13858361795, 0.016626137167, 0.11080091111, 0.45063479365, 0.10911499747, 0.11189884153],
      [0.00021570799523, 0.051006836626, 0.040067830679, 0.57384344352, 0.0099821007448, 0.32219911967, 0.0026849607677],
      [0.01003350948, 0.21463440827, 0.0030180873043, 0.054787742992, 0.020234954766, 0.62803627122, 0.069255025969],
      [0.00025961410067, 0.0045408890234, 0.044316681106, 0.0049733278196, 0.0030153291377, 0.56170229744, 0.38119186137]
    ],
    [
      [0.75960241196, 0.01798785816, 0, 0.029977306271, 0.18026884312, 0.0053060012558, 0.0068575792352],
      [0.024540277617, 0.026058837881, 0.19088046857, 0.058119088337, 0.022612383535, 0.48805310097, 0.18973584309],
      [4.5156867157e-05, 0.0067217408568, 0.021689666874, 0.0049745802981, 0.041637845339, 0.86559291444, 0.05933809532],
      [0.17986759974, 0.088596788067, 0.0052451202087, 0.07677134966, 0.55509092101, 0.034449670577, 0.059978550735],
      [0.00054139018911, 0.047120237744, 0.018063867043, 0.57668890449, 0.018605280508, 0.33572722759, 0.0032530924413],
      [0.031895203936, 0.20240889889, 0.00077643260332, 0.053512756108, 0.035506413045, 0.61314363583, 0.062756659587],
      [0.0006168042839, 0.0048618479545, 0.023813269665, 0.0055197290303, 0.0067306499541, 0.56038233415, 0.39807536496]
    ],
    [
      [0.51110154694, 0.038487049848, 0.00025071912328, 0.053265171129, 0.35354055973, 0.035782792926, 0.0075721603036],
      [0.0066527112386, 0.021359844776, 0.30343946998, 0.0372447821, 0.016585059916, 0.45808817344, 0.15662995855],
      [0.00011117842071, 0.0071207763679, 0.045956496758, 0.0034672918023, 0.034792424997, 0.85205184272, 0.05649998893],
      [0.069203576161, 0.10149343413, 0.014069474858, 0.071213663935, 0.57142207302, 0.084795456375, 0.087802321524],
      [0.00029793777305, 0.051966204996, 0.044345201845, 0.50283471549, 0.018145493509, 0.37956450645, 0.0028459399373],
      [0.013726866295, 0.19233295905, 0.0028966760448, 0.042757219092, 0.030268396858, 0.65125319388, 0.066764688779],
      [0.00046125640303, 0.0043259894237, 0.046959901551, 0.0044257305537, 0.0066892180425, 0.56145519218, 0.37568271185]
    ],
    [
      [0.54035722142, 0.033095108726, 0.00012920582392, 0.042129492382, 0.34745767768, 0.031934912527, 0.0048963814468],
      [0.0090781114576, 0.024597849085, 0.24226833378, 0.040413311607, 0.021637617743, 0.52905533249, 0.13294944384],
      [0.00013841464989, 0.0069773811478, 0.023164702576, 0.0028849042221, 0.038254499409, 0.88589257892, 0.042687519073],
      [0.079050811634, 0.097979905186, 0.0074896833075, 0.063723160591, 0.63066424537, 0.058876712688, 0.062215481221],
      [0.00043076788617, 0.052458540585, 0.029245424281, 0.47663472173, 0.021336873938, 0.4171221103, 0.0027715612803],
      [0.015496292929, 0.18266609242, 0.0018043920448, 0.038067054001, 0.034935723961, 0.68029705331, 0.046733391325],
      [0.00043409164371, 0.0046367578111, 0.028875226349, 0.0041437889371, 0.0069152813548, 0.64997226984, 0.30502258406]
    ],
    [
      [0.62576668848, 0.024496290962, 0.00020633619772, 0.038652275711, 0.27954615864, 0.026070326923, 0.0052619230882],
      [0.0098052661788, 0.016634628783, 0.30839806889, 0.033615455183, 0.016033841359, 0.48495138885, 0.13056135076],
      [2.5573048469e-05, 0.0043050181904, 0.048332765665, 0.0030308023011, 0.03135967956, 0.86612891687, 0.046817244368],
      [0.10402638767, 0.081018600612, 0.015058318835, 0.065142380545, 0.56736244192, 0.092621901632, 0.074769968778],
      [0.00047987423447, 0.042195797147, 0.046429220625, 0.47312066957, 0.018435506298, 0.41626646094, 0.0030724711852],
      [0.020692065824, 0.15188975056, 0.0029209983431, 0.038867400796, 0.031046362152, 0.69868166783, 0.055901754496],
      [0.00052402448225, 0.0032809949579, 0.051461567815, 0.0038905860603, 0.00562132612, 0.61065654323, 0.32456495734]
    ],
    [
      [0.35494178515, 0.035662323075, 0.00017096983124, 0.03502311949, 0.56356996971, 0.0072740306043, 0.003357802138],
      [0.0068487714367, 0.031836116966, 0.34169625929, 0.039145283761, 0.043583084418, 0.42575232364, 0.11113816049],
      [5.1322846056e-06, 0.011032350658, 0.053179091977, 0.0035544289357, 0.08362715891, 0.80527873757, 0.043323099669],
      [0.037691803717, 0.07851831833, 0.0083339503823, 0.039459985058, 0.76450973868, 0.038930680301, 0.032555523533],
      [0.00019128143966, 0.071038142792, 0.049554243495, 0.50647308938, 0.042317651522, 0.32792454423, 0.0025010471399],
      [0.013740738198, 0.25765789292, 0.0032976013828, 0.041913163997, 0.074494004018, 0.56571781168, 0.0431787878],
      [0.00037303390616, 0.0072678838138, 0.063058888036, 0.0051250399072, 0.016074777614, 0.59437369228, 0.31372668445]
    ],
    [
      [0.61809135485, 0.03354341976, 0.00015316481456, 0.035788335545, 0.29537925315, 0.013492768198, 0.0035517036811],
      [0.013129130229, 0.031770069593, 0.31082576494, 0.042609354991, 0.023381211699, 0.45511575582, 0.12316871273],
      [2.098595232e-05, 0.010286960709, 0.038898156454, 0.0037322754027, 0.049234081162, 0.85121394607, 0.046613594247],
      [0.10209765896, 0.11170716738, 0.0096395995065, 0.060635152472, 0.60206262273, 0.062289735424, 0.05156806353],
      [0.00058231143779, 0.069030879356, 0.041945958175, 0.52542035668, 0.02364576515, 0.33689246454, 0.0024822646624],
      [0.024896127041, 0.25273216671, 0.002798131371, 0.044237321349, 0.040817751713, 0.58760124983, 0.046917251984],
      [0.00066942815806, 0.0068871591596, 0.048124872188, 0.0050837790809, 0.0084880362231, 0.59995765251, 0.33078907268]
    ],
    [
      [0.45582300901, 0.030337012382, 0.00017009819181, 0.080334864171, 0.4186500201, 0.010308896114, 0.0043761000296],
      [0.0064263598014, 0.01858553137, 0.28031971515, 0.065505692559, 0.045363365418, 0.47276899287, 0.11103034283],
      [0.00012943557845, 0.0059212804002, 0.029691766813, 0.0050890441451, 0.051170512696, 0.86821058356, 0.039787376803],
      [0.050997951479, 0.069538394294, 0.0080505061239, 0.094910844253, 0.67372842968, 0.055523786859, 0.047250087307],
      [0.00025325623602, 0.035380025487, 0.026688515531, 0.67722605947, 0.021290897915, 0.237730149, 0.0014310963618],
      [0.014941997966, 0.19669239661, 0.0025265222138, 0.08611016108, 0.056256158323, 0.58872493825, 0.054747825551],
      [0.00034181745392, 0.0040613990085, 0.038763381889, 0.0078238202297, 0.0094095015329, 0.6503398978, 0.28926018208]
    ],
    [
      [0.60815640632, 0.042937836871, 0.00018852134736, 0.060464314918, 0.27232860248, 0.011545303516, 0.0043790145503],
      [0.0078604321729, 0.024263406332, 0.29527795975, 0.045082838228, 0.038437131185, 0.48498995448, 0.10408827784],
      [0.00024567020378, 0.0076225964021, 0.037100450483, 0.0036667536001, 0.032807132735, 0.88185961782, 0.036697778758],
      [0.07961319239, 0.11181290247, 0.012001862429, 0.083456127315, 0.57627778888, 0.079752161298, 0.057085965226],
      [0.00037757933707, 0.051209441472, 0.036806432521, 0.53275123701, 0.016535600793, 0.36031444195, 0.0020052669159],
      [0.015393769974, 0.19670752755, 0.0026141970078, 0.047069942251, 0.030090582384, 0.66780368979, 0.040320291041],
      [0.0004417228174, 0.0052592262944, 0.045755393284, 0.0053109427264, 0.0060765982626, 0.6597277354, 0.27742838122]
    ],
    [
      [0.24046914066, 0.050837015463, 0.00047979292839, 0.063995450948, 0.57420053621, 0.060047978782, 0.0099700850125],
      [0.0019391916297, 0.018538790249, 0.33172289057, 0.032398816795, 0.017249071847, 0.44962550932, 0.14852572959],
      [1.2062629695e-06, 0.0031566921166, 0.039484743223, 0.0030013255087, 0.038529523578, 0.86305229471, 0.052774214597],
      [0.0099477835803, 0.093705681934, 0.013489752261, 0.060985961219, 0.65830920776, 0.084726278113, 0.078835335135],
      [5.2671224525e-05, 0.043481677431, 0.052010445172, 0.46409272419, 0.021889975431, 0.41488610493, 0.0035864016289],
      [0.001150135138, 0.1591520561, 0.0035406467621, 0.03682658867, 0.036400231694, 0.70330296179, 0.059627379846],
      [5.2197027056e-05, 0.0032185774547, 0.046234527029, 0.0036311674268, 0.0067344883568, 0.59169141224, 0.34843763046]
    ],
    [
      [0.29203503949, 0.072365563867, 0.00052894413443, 0.166115525, 0.40656932188, 0.052461847213, 0.0099237584149],
      [0.0016675834036, 0.020932872836, 0.33882612896, 0.059281405833, 0.0093421327397, 0.4650979755, 0.10485190072],
      [2.0252452271e-06, 0.0057019041039, 0.052764539167, 0.0020407203945, 0.018957030734, 0.88044095739, 0.040092822963],
      [0.016088302141, 0.14443713592, 0.022066063296, 0.15761979429, 0.4643582803, 0.11534471983, 0.080085704227],
      [3.9014483202e-05, 0.037193714203, 0.038507893611, 0.61785019642, 0.0079188484759, 0.29652042348, 0.0019699093326],
      [0.0039160880096, 0.18219291795, 0.0035834321043, 0.068809210456, 0.018580388913, 0.67937539145, 0.043542571113],
      [5.1969876841e-05, 0.0045717573136, 0.062883397596, 0.0068822527367, 0.00335194352, 0.63148464984, 0.29077402912]
    ],
    [
      [0.28974404309, 0.057837649432, 0.00022081478274, 0.1230453865, 0.464728912, 0.05858625651, 0.0058369376836],
      [0.002409627513, 0.022543853523, 0.2401777288, 0.062945788251, 0.015248389727, 0.57085075016, 0.085823862022],
      [1.7373620409e-06, 0.0054472345112, 0.023491804601, 0.003778123049, 0.025782904553, 0.91508689137, 0.026411304558],
      [0.015923378958, 0.12497659275, 0.0092018658364, 0.12460341858, 0.56302870608, 0.11118673064, 0.051079307163],
      [4.4610136363e-05, 0.038399632907, 0.02122571133, 0.59837447525, 0.011600694961, 0.32917461673, 0.0011802586913],
      [0.0013279972481, 0.17730629103, 0.0017108929083, 0.060558476737, 0.024804126238, 0.70317349068, 0.031118725161],
      [7.0461597284e-05, 0.004631288832, 0.030769015908, 0.0069927524742, 0.0052228950019, 0.73342913251, 0.21888445367]
    ],
    [
      [0.50093896403, 0.04741416081, 0.00014100054381, 0.045306296928, 0.38315140021, 0.018698947555, 0.0043492299274],
      [0.0081442431747, 0.032699169674, 0.2588844574, 0.04070476351, 0.022800376247, 0.524808752, 0.111958238],
      [7.7863987347e-05, 0.009455754246, 0.032532327254, 0.0030171043696, 0.041664033843, 0.87593150441, 0.037321411886],
      [0.065827852261, 0.12331957196, 0.0086252462201, 0.060338404776, 0.61307527767, 0.078693767247, 0.05011987986],
      [0.00038085369153, 0.070622131179, 0.031427798133, 0.47956930627, 0.022355354671, 0.39337975585, 0.0022648002062],
      [0.013776262827, 0.242907391, 0.0018411251526, 0.038100278727, 0.035987119562, 0.62790211979, 0.039485702941],
      [0.00040870708469, 0.0067340795629, 0.038378688688, 0.0044686282256, 0.0077505626203, 0.6602998715, 0.28195946232]
    ],
    [
      [0.61620035695, 0.034202966565, 0.00020081670303, 0.05152682029, 0.26918294666, 0.023618703009, 0.0050673898258],
      [0.0093492134191, 0.023181442412, 0.30430172145, 0.044552165908, 0.015185618908, 0.47738778844, 0.12604204946],
      [0.00014188202283, 0.0076979444804, 0.042889755816, 0.0037517166154, 0.029626182451, 0.86958874122, 0.046303777391],
      [0.098041488314, 0.11003044128, 0.013499295976, 0.084826150038, 0.53271593119, 0.090081283886, 0.070805409321],
      [0.00045163275277, 0.049738466598, 0.039502199737, 0.5365992222, 0.015002672209, 0.35609132575, 0.0026144807587],
      [0.018810228018, 0.19927920513, 0.0027650299632, 0.049106561241, 0.028366062911, 0.65034785914, 0.051325053603],
      [0.00050138721093, 0.0048567931611, 0.048131161687, 0.005132098007, 0.0052749894351, 0.61417662951, 0.32192694099]
    ],
    [
      [0.45262443512, 0.053684827355, 0, 0.04754759792, 0.42295161699, 0.014094072442, 0.0090974501674],
      [0.0069097841473, 0.029400651639, 0.1480251319, 0.036697808478, 0.31811871497, 0.29586304468, 0.16498486419],
      [0.00045715839789, 0.007504911932, 0.0080954509381, 0.003402620202, 0.036588226589, 0.89096722499, 0.052984406956],
      [0.045797515199, 0.11022785705, 0.001281272611, 0.050758871044, 0.58757890858, 0.13383319717, 0.070522378343],
      [0.0021647587012, 0.074645335911, 0.0025673478779, 0.43177209418, 0.026287194107, 0.45787888555, 0.0046843836749],
      [0.0061131540935, 0.23368401905, 0, 0.033495365221, 0.021483775111, 0.64543026672, 0.059793419801],
      [0.0015187680111, 0.0058853485835, 0.011281934626, 0.003785302806, 0.012096030668, 0.6274283794, 0.3380042359]
    ],
    [
      [0.24740838917, 0.082723543355, 0.00045711680324, 0.080096995386, 0.52402766452, 0.05660623098, 0.0086800597881],
      [0.0008251652613, 0.024723809584, 0.34272543992, 0.032793571151, 0.014254463033, 0.48130414601, 0.10337340504],
      [1.2941673417e-06, 0.0061530418327, 0.04484063707, 0.003083591288, 0.029866588449, 0.87663441538, 0.039420431814],
      [0.010564591221, 0.14387828958, 0.017388987146, 0.074507018832, 0.58465694286, 0.10078593721, 0.068218233154],
      [4.7746387589e-05, 0.058929837479, 0.054290069551, 0.46732401529, 0.016488954425, 0.40046383923, 0.0024555376391],
      [0.0010869331654, 0.21427141766, 0.0035357415703, 0.038137803477, 0.027595368643, 0.67163823431, 0.043734501178],
      [5.2797292985e-05, 0.0051587586278, 0.056916160393, 0.0041279527058, 0.0054420431647, 0.64397481897, 0.28432746885]
    ],
    [
      [0.51909946318, 0.042053394665, 0.00018146896891, 0.042051362011, 0.37489665426, 0.017514737628, 0.0042029192882],
      [0.011486295336, 0.040675781973, 0.28118159055, 0.052788434439, 0.031704434972, 0.4326119965, 0.14955146623],
      [0.00034475506472, 0.012999675277, 0.039548902732, 0.0049855695335, 0.065067413584, 0.81872880016, 0.058324883652],
      [0.072190264831, 0.11845596551, 0.007138736962, 0.060091951294, 0.64471685198, 0.04666640159, 0.050739827829],
      [0.00054853817541, 0.080087020424, 0.031593636224, 0.5744633715, 0.027292585914, 0.28325835533, 0.0027564924331],
      [0.019798039907, 0.31405501646, 0.002129744433, 0.050494351874, 0.049657331438, 0.51032782094, 0.053537694949],
      [0.00064464515369, 0.0085360106307, 0.04170023733, 0.0061121433294, 0.011004516235, 0.54460341065, 0.38739903667]
    ],
    [
      [0.5362866955, 0.040048378948, 0.0002453054927, 0.056328013996, 0.33529341642, 0.028812347486, 0.0029858421499],
      [0.0074182188226, 0.024533996953, 0.35444052438, 0.042227892651, 0.016860778634, 0.48254657325, 0.07197201531],
      [0.0002801419624, 0.0079495985747, 0.058688612208, 0.0039934953026, 0.034392400827, 0.87121203646, 0.023483714661],
      [0.07706913251, 0.11308911736, 0.017923241083, 0.080766721743, 0.58078183744, 0.090358041483, 0.040011908373],
      [0.00014210183169, 0.053860930973, 0.049875036785, 0.52981360351, 0.016920148344, 0.34872041863, 0.00066775991787],
      [0.014988773211, 0.20494088399, 0.0035148340124, 0.047201916693, 0.031685648842, 0.66873509796, 0.028932845291],
      [0.00047706186185, 0.0057649832888, 0.074169255451, 0.0057606490721, 0.0069017331008, 0.69580694305, 0.21111937418]
    ],
    [
      [0.24384248614, 0.05809542111, 0.00017829245368, 0.040134746793, 0.6373208181, 0.01309721376, 0.0073310216393],
      [0.0028189363678, 0.028948197645, 0.2627919301, 0.026902166585, 0.074046301575, 0.45001219298, 0.15448027475],
      [1.4316806186e-06, 0.0077598722737, 0.0201912896, 0.0019099906646, 0.056721962443, 0.86597355394, 0.047441899396],
      [0.0073976945458, 0.099387497672, 0.0058561748028, 0.032613873391, 0.73506260816, 0.06546487756, 0.054217273867],
      [0.00017747616585, 0.10518323106, 0.036882969644, 0.5099976075, 0.052049724628, 0.29351063017, 0.002198360832],
      [0.0058947489419, 0.25813083405, 0.0020833333175, 0.030113268175, 0.06269872921, 0.57634693718, 0.064732149125],
      [5.0167881384e-05, 0.0052281084488, 0.028158142084, 0.0027378757006, 0.010085221644, 0.62129546019, 0.33244502405]
    ],
    [
      ["NaN", "NaN", "NaN", "NaN", "NaN", "NaN", "NaN"],
      [0, 0.021388195428, 0, 0.20695186802, 0.27285717735, 0.22657039304, 0.27223236617],
      [0, 0.0023228322713, 0, 0.0019974218641, 0.044547894537, 0.89252546943, 0.058606381897],
      [0, 0.061609587936, 0, 0.095085209825, 0.67207670281, 0.094444554281, 0.076783945145],
      [0, 0.036542158147, 0, 0.59585251922, 0.020026486933, 0.34406477904, 0.0035140566555],
      [0, 0.18741551232, 0, 0.083630715574, 0.045567490127, 0.58724777865, 0.096138503322],
      [0, 0.0079727440341, 0, 0.0059102099123, 0.0081530901841, 0.60467868411, 0.37328527176]
    ],
    [
      [0.49883918547, 0.034917035863, 2.0249972808e-06, 0.04772510821, 0.39588369771, 0.019549954215, 0.003082993534],
      [0.011371264289, 0.0328058845, 0.20591603463, 0.059713673227, 0.032809516339, 0.54717760251, 0.11020602451],
      [0.00028834077621, 0.0096955931796, 0.020981054628, 0.0048484965893, 0.055773654024, 0.87411426987, 0.034298590936],
      [0.06898784625, 0.095320924687, 0.0040758529, 0.066719730815, 0.66461890694, 0.062907607777, 0.037369130633],
      [0.00046244383692, 0.058264456245, 0.01815657985, 0.56546785146, 0.02535644396, 0.33064644262, 0.0016457820243],
      [0.017494839797, 0.22724548078, 0.00088243366002, 0.051074637105, 0.047436000726, 0.62009889361, 0.035767714323],
      [0.00058366908892, 0.0067194686003, 0.027720990935, 0.0064575943318, 0.010850416717, 0.67819358115, 0.26947427918]
    ],
    [
      [0.54401625069, 0.038118267281, 0.017037028322, 0.053561356465, 0.33523433585, 0.00077712494393, 0.011255636446],
      [0.012977684243, 0.092333133086, 0.52121230406, 0.070612131904, 0.03074231984, 0.16622001627, 0.10590241059],
      [8.6442284133e-06, 0.009333282969, 0.89648042986, 0.014637347908, 0.029917949152, 0.027120324322, 0.022502021562],
      [0.052770358817, 0.10563924783, 0.1405394681, 0.077507823878, 0.57585971868, 0.0022913696072, 0.045392013085],
      [0.00050274531817, 0.063575654197, 0.12808051935, 0.64917933587, 0.020511450344, 0.13726465487, 0.00088564004163],
      ["NaN", "NaN", "NaN", "NaN", "NaN", "NaN", "NaN"],
      [0.043616229403, 0.042573581634, 0.42513173066, 0.0069450742058, 0.0066475064878, 0.20250557428, 0.27258030333]
    ],
    [
      [0.58773510634, 0.028651675201, 0.00014961866863, 0.036080740204, 0.32902292292, 0.01392251314, 0.0044374235284],
      [0.01331546775, 0.028224341308, 0.31058857423, 0.044373063214, 0.026823250908, 0.41229354581, 0.16438175679],
      [2.1304748507e-05, 0.0096058672522, 0.046257561264, 0.0041006267779, 0.059494149373, 0.81742892166, 0.06309156892],
      [0.093852890735, 0.089865011432, 0.0095467591022, 0.057562416422, 0.63215299839, 0.054083213459, 0.062936710463],
      [0.00058402173908, 0.062337238833, 0.04337048545, 0.55238842895, 0.027688290205, 0.31066120596, 0.0029703288636],
      [0.026751125404, 0.23689922331, 0.0029991357493, 0.048914703506, 0.050039354688, 0.56785269775, 0.066543759596],
      [0.00068198701318, 0.0056981319419, 0.048658073414, 0.0050165577463, 0.0095211411844, 0.52000602319, 0.41041808551]
    ],
    [
      [0.81030084447, 0.0082984403311, 7.3406696844e-05, 0.0052091314272, 0.16895091668, 0.0055775866881, 0.00158967371],
      [0.015879829141, 0.0084304430226, 0.22326755988, 0.0029259047444, 0.047313946988, 0.49073317218, 0.21144914405],
      [0.00010730749489, 0.0009966527804, 0.031614122079, 0.00015881611675, 0.039245344363, 0.8619540562, 0.065923700968],
      [0.13569763974, 0.03153802542, 0.0089424870471, 0.0043724562829, 0.64276337566, 0.086809827127, 0.089876188723],
      [0.0041957787502, 0.032499957344, 0.078743673464, 0.14493653076, 0.037552783251, 0.6930035817, 0.0090676947287],
      [0.032403776531, 0.085630635389, 0.0015625758016, 0.0095309965782, 0.03968167184, 0.74607816381, 0.085112180052],
      [0.00016175817877, 0.00072882374019, 0.030657509688, 0.00023685304783, 0.0058563762979, 0.51953170058, 0.44282697847]
    ]
  ],
  "expected_outcome": [
    [
      [11.7746477285, 17.2816007805, 0.48279147328, 118.8280239822, 52.4597486606, 14.4664197785, 17.8469891087, 94.0575252165, 10.8944141258, 8.637491936, 7.2205716957, 11.270651206, 10.2550365765, 9.8748313554, 61.8432871799, 10.2667872069, 23.7791341623, 4.614243207, 20.3970147102, 3.6465840721, 5.4734076569, 1.6832839846, 4.9645956714, 2.6076963878, 15.0281689209, 13.5564078528, 11.7682353132, 3.4637174484, 11.42018819, 33.2497751213, 0.73152745843, 0, 17.4593714914, 3.8081137548, 70.5282127607, 1.6206016889],
      [0.68313918262, 0.9949009439, 0.061952784574, 6.2698752112, 2.3250669559, 1.3068476787, 1.3863368108, 6.0676756927, 1.0222108159, 0.74162677745, 0.6826833923, 0.69335031845, 1.1076858425, 0.23384215608, 4.6569330316, 0.6288070658, 0.93085905655, 0.46361019997, 1.1069328521, 0.24269609906, 0.38644053184, 0.35585910824, 1.2302145857, 0.52053884489, 1.4224248243, 0.75246526442, 1.3958055112, 1.158129607, 0.92517468262, 2.4829994948, 0.17428626333, 0, 1.2220962552, 0.26682787097, 3.4382010241, 0.016596880662],
      [0.0003987273971, 0.0015058374925, 4.8234302223e-05, 0.033026997555, 0.005955155104, 0.0046899540854, 0.0076563415753, 0, 0.0075331328276, 0.0022555178386, 0.0034899923257, 0, 0.0067265245938, 0, 0.030337013917, 0.0024549106546, 0.0078407755134, 0.0022226078061, 0.0050544388804, 0.0013607855344, 0.0016966921262, 0.0033585504987, 0.0089920502853, 0.0019873330446, 0.0042300163144, 0.0044179674667, 0, 0.0063996352453, 0.0039923173161, 0.015208940547, 0.00053487736103, 0, 7.0874904828e-05, 0.11925919825, 0.017954240235, 0.00014681339369],
      [1.4474133931, 0.69111189973, 0.035101603281, 6.1786336686, 3.1988756875, 0.97611687367, 1.8292721978, 10.4536316533, 2.1541882446, 0.98563712469, 0.56775919979, 1.2668652877, 1.7425331248, 0.38970498152, 6.4450857066, 0.80046035525, 1.468786477, 0.45530055337, 1.181015073, 0.64267891337, 0.54417883426, 0.44796815663, 2.8239639249, 1.1074084785, 1.3591889078, 1.1335900464, 1.2362375459, 1.1213579354, 0.92512996423, 3.4923368677, 0.12040424038, 0, 1.6703787874, 0.37492949525, 4.3296888245, 0.010418262854],
      [6.7222740267, 5.4754684983, 0.40220416095, 64.832180196, 24.3481960125, 6.9102161113, 10.9137174049, 83.8079207248, 15.7379058201, 6.0058822807, 5.1221248158, 11.1379548019, 5.9014302326, 2.3434949606, 42.7784077272, 6.6016958759, 10.6227540282, 7.3264096062, 9.7475153539, 3.3492001608, 2.4509574223, 4.0194037535, 6.911678472, 4.182560208, 11.4945420062, 5.9220248265, 10.9967420418, 7.3363873033, 8.2477263937, 20.7881918182, 1.9119624543, 0, 13.8559294199, 2.346640351, 39.4827507502, 0.33790183336],
      [0.33268389812, 0.47763773182, 0.012208078046, 3.2810831602, 1.313354842, 0.2270612868, 0.84436307921, 1.8930595898, 1.0547250851, 0.56375748364, 0.36057704507, 0.57854838818, 0.78100225524, 0.068978016325, 4.329717944, 0.60676333801, 0.99067242307, 0.094562397855, 0.44526135055, 0.08247116891, 0.10390773165, 0.42033585147, 0.89185140262, 0.52727630859, 0.56096842666, 0.5196114662, 0.36644588349, 0.79248723372, 0.38532422782, 1.7863655442, 0.039291641281, 0, 0.68424839753, 0.0054398746075, 1.6707015768, 0.011155173376],
      [0.039443043512, 0.077774308282, 0.0056936655698, 0.57717678431, 0.34880268657, 0.10864831684, 0.17166505691, 0.72018712296, 0.12902277569, 0.063348879737, 0.042793859096, 0.052629997793, 0.20558544377, 0.089148530058, 0.91623139673, 0.093031247488, 0.19995307735, 0.043651427794, 0.11720622148, 0.035008800237, 0.039411130952, 0.069790595088, 0.16870389305, 0.052532439152, 0.13047689782, 0.11148257617, 0.23653370435, 0.12152083703, 0.092464224341, 0.18512221329, 0.021993064918, 0, 0.10790477369, 0.07878945512, 0.53249082341, 0.00317934742]
    ],
    [
      [0.11668914323, 0.10038211716, 0.036702813814, 0.98616760043, 0.45861570698, 0.2623397246, 0.26781772891, 0.64234195591, 0.10331668598, 0.12887329538, 0.12704505243, 0.10092423094, 0.12216645899, 0.51534582996, 0.30602471698, 0.15432789478, 0.36279484862, 0.12327788586, 0.31509912549, 0.15423263523, 0.25939426171, 0.0096959581485, 0.045024751898, 0.021686647617, 0.31762548382, 0.28047640257, 0.020729352442, 0.017328470487, 0.16080813471, 0.43025669171, 0.028189363678, 0, 0.30702413581, 0.07786610546, 1.6111715977, 0.11115880399],
      [0.3172629388, 0.27010550043, 0.2508274251, 2.1980164907, 0.87437321238, 1.0349926385, 0.92472689918, 1.7068791398, 0.43794236529, 0.48868218605, 0.57477245954, 0.25664702766, 0.59099350399, 0.5472355955, 0.9825528597, 0.41816343445, 0.61548126498, 0.57305010538, 0.76248167023, 0.44605275289, 0.80069240894, 0.092693951246, 0.56518756658, 0.20289468171, 1.2752676173, 0.69544327237, 0.088201954917, 0.51920000126, 0.56946094762, 1.4229718233, 0.28948197645, 0.042776390855, 0.88575888149, 0.55399879852, 3.4151452982, 0.059013101158],
      [1.9531653317, 1.3796899053, 1.0184327701, 19.1907113079, 7.1252963221, 8.4287454571, 12.4310438875, 16.8083003846, 6.2132486191, 3.9256957434, 5.8471793315, 1.4431271064, 8.2932701766, 4.0084898399, 13.9582156189, 4.1185616742, 11.4107285489, 6.1505326672, 7.4598183585, 6.7276731635, 9.7441726719, 1.6586144529, 9.148305482, 2.1615995592, 10.0964938386, 9.1290516436, 0.44407539569, 7.1972342383, 3.9365422677, 20.5575504142, 2.627919301, 0, 5.5597329349, 3.1272738244, 37.5812174813, 1.5628729191],
      [0.8750575619, 0.24329459651, 0.17722745852, 2.7597110924, 1.5416725856, 1.5178626024, 1.5219834134, 3.8621659823, 1.1386832741, 0.84064543261, 0.58422486983, 0.61624032668, 1.1914782787, 1.2205008551, 1.7132599766, 0.68702629732, 1.2437718418, 0.7046151077, 1.0226245198, 1.5721366214, 1.4877336615, 0.16199408398, 1.6005979575, 0.56651209426, 1.5874857769, 1.3365649772, 0.11009342544, 0.68866499418, 0.73903808214, 2.4492177737, 0.26902166585, 0.41390373603, 1.6122691771, 0.42367279143, 5.3691406488, 0.020481333211],
      [0.21823091612, 0.12061810526, 0.69405889659, 1.9655233784, 0.74735979025, 0.46628214697, 0.60491160517, 2.2228320264, 0.54177364485, 0.33407202085, 0.34889468908, 0.35149223467, 0.25920101585, 0.47486005423, 0.76291275614, 0.36783950164, 0.59325213027, 0.78449551952, 0.56114908077, 1.08872077, 1.2684253291, 0.086245359235, 0.25223758397, 0.13723550754, 0.88921467365, 0.45556856723, 0.95435614491, 0.29934372368, 0.4438620896, 0.97792516075, 0.74046301575, 0.54571435471, 0.88585694115, 0.18445391904, 3.2456133599, 0.33119762892],
      [3.7315242437, 3.1221163013, 3.9431583478, 30.4097050147, 13.319324055, 11.9689209908, 17.0866589855, 33.0384579192, 9.5491973273, 8.7189320103, 7.1834606049, 4.4090599934, 12.4422147167, 10.2491151204, 21.0720559782, 8.9939406523, 17.9432013874, 7.6635418255, 10.9227781397, 11.346455829, 16.004668498, 2.2481275466, 12.5576453386, 5.1376567514, 20.4675413279, 14.3216336532, 0.88758913403, 10.1073870662, 6.056567951, 27.9877012483, 4.5001219298, 0.45314078607, 14.7737952678, 0.99732009764, 49.8875190429, 3.4351322052],
